   0.0000000e+00  -1.7513126e-01  -3.7891376e-01  -1.3765016e-01  -2.0149794e-01  -2.6982399e-01  -2.1003807e-01   2.2963211e-01  -1.9799702e-01  -3.9023915e-01   6.9789781e-02  -4.7991708e-01  -1.5546434e-01   3.8238314e-01   2.6966796e-01  -5.0238770e-02  -6.2422125e-01  -8.7979146e-02   3.3546179e-01  -2.1839676e-01   3.5066534e-02   8.3626794e-02  -2.3152482e-01   5.2468322e-01   3.3853909e-01   3.4581259e-01  -4.1841012e-01   6.0328237e-01  -1.0247726e-01   1.7082372e-01   2.4148441e-01   3.1429547e-01  -1.1179029e-01  -3.9484504e-03  -1.2825115e-01  -2.7537242e-01   8.2117599e-02   4.1425160e-01  -2.5411837e-01  -5.6091377e-01  -1.0287441e-01  -1.3731409e-01   1.4392195e-01   3.8985361e-01  -1.8104842e-01   4.6334563e-01  -4.8221316e-02   3.3566207e-02  -7.8653628e-02  -4.0936017e-01   8.7121344e-02   3.2122725e-01   5.5913797e-02  -1.6629933e-01   1.0852247e-01   3.2174825e-01   3.7092729e-02   1.8694758e-01   2.4667223e-02  -2.4733828e-01  -6.5509672e-02  -5.5791433e-02  -8.5413543e-02   1.4464371e-01   1.5056578e-01  -5.0631624e-02   8.0608673e-02  -6.7797066e-02   2.5847877e-01   1.1695999e-01  -2.8239582e-01  -4.4886309e-03   6.4230320e-03   4.9619672e-01   1.0417147e-01   1.0873392e-01   4.1329905e-01   2.9078879e-01  -2.7646106e-01   3.2341687e-02   4.8652810e-01  -2.2751632e-01   2.0577980e-01   2.1898094e-01  -1.6182129e-01   2.8609133e-01  -5.6434883e-02   7.7414575e-01   2.1523458e-01   6.2511733e-01  -2.1487910e-01   1.2428991e-01  -1.3057231e-01  -1.1295567e-01   3.8008471e-01  -3.0067783e-01  -1.0419452e-02   2.0574498e-01  -1.0823178e-01  -1.2667899e-01  -2.7949258e-01   1.4363346e-01   5.8287252e-01  -8.4833363e-02   2.1289123e-01   8.5245465e-02  -1.1962840e-01   3.2929434e-01  -1.6197369e-01  -1.6583865e-02  -7.5626793e-02   2.4252013e-01   1.2740950e-01   6.7570547e-01   2.9820451e-01  -5.6946812e-02   2.7345102e-01  -2.1588441e-01   5.2313669e-01   2.0072252e-01   4.9838447e-01  -1.5123601e-01  -6.3673973e-02   1.7914737e-02   5.4503727e-01   3.1224784e-01  -1.2589577e-01  -7.6303157e-02   1.4355685e-01  -2.3505831e-01  -6.4931043e-02  -1.4889375e-01   4.8905201e-01  -4.4046947e-01   6.1412003e-02   1.6992828e-01  -5.4173025e-02   4.1093284e-01   3.0365290e-01   4.4700036e-01   5.9579908e-01  -8.4862624e-02   2.1775690e-01  -4.2942223e-01   1.7799412e-01   3.2678886e-01  -4.9270503e-01  -3.4496069e-01  -4.5375009e-02  -2.9097952e-01   5.1876817e-01   6.1728207e-01   3.5041635e-01   3.7244146e-02  -6.3126600e-01   4.0904879e-01   4.9968411e-01  -1.2248855e-01  -2.9674309e-02   5.2792488e-01  -1.9055699e-01   2.3876713e-01  -3.4034798e-01   1.7713143e-01   2.6993822e-01  -1.1051332e-01   3.2142756e-02   4.5331459e-01   3.5331093e-01  -1.2138274e-01  -2.5783953e-01   3.5899379e-01  -4.9007189e-02  -1.8923596e-01  -4.5675678e-03  -1.6371055e-01   2.3972996e-01
  -1.7513126e-01   0.0000000e+00   7.5250715e-02   2.2595954e-02  -8.6224574e-03   3.2812527e-01   2.9698288e-01  -1.4212779e-01   1.5529664e-01   1.3796929e-01   1.2495011e-01   2.3284274e-01  -2.5679600e-01   2.9768491e-01  -3.0366063e-02  -1.2311078e-02   1.7478002e-01  -4.0361578e-02  -2.8920532e-01  -1.5453004e-01   1.0318933e-01   1.0320770e-01   1.3616953e-01  -1.0465377e-01  -2.9174584e-01  -2.2121803e-01   3.2855886e-01  -1.4498376e-01  -2.6720262e-01   4.0190400e-01  -5.6648725e-02  -1.1285622e-02  -8.1034762e-02  -5.3466435e-02   1.6569217e-01   1.7993612e-01  -1.6708342e-02  -1.3938455e-02   1.0038084e-01   1.4554395e-01  -4.7126098e-02  -1.5787893e-01   2.1454231e-01  -1.0451961e-01   4.5702978e-01  -1.1866709e-01   3.4145782e-01   4.4113941e-01  -4.4497448e-03   2.8191466e-02   4.1621122e-02  -3.2286420e-01  -2.0380240e-01  -2.6496017e-01   3.9314915e-01  -2.0930096e-01   6.7035083e-02  -9.5099372e-02   5.3313493e-02   3.3438415e-01  -3.0247573e-01  -3.9763583e-02  -8.9583499e-02   9.8353523e-03   1.8351509e-01  -1.5995024e-01   1.1846239e-01  -4.1658064e-01  -7.8682927e-02   2.7523684e-03   3.4744918e-01   1.4513921e-01  -2.7169012e-01  -1.8702591e-01  -2.0740873e-01  -1.8706327e-01  -2.4601936e-03  -4.7840985e-03  -1.8353604e-02  -1.7183070e-01  -6.6560718e-02  -6.1124756e-03  -1.3967759e-01  -1.3622191e-01  -9.3582453e-04  -2.7219449e-01   2.4128613e-01  -9.9914350e-02  -5.4148762e-02  -1.5852095e-01  -2.1148872e-01  -2.5974965e-01  -1.2488916e-01   1.4468812e-01   1.2055484e-01  -1.2424810e-01  -3.0256107e-01  -3.1669112e-01  -1.6438310e-01   5.1482093e-02   3.0772226e-01  -2.8576110e-02  -2.8777003e-01   4.5571492e-01  -1.3878630e-01   1.8768441e-01  -1.8414828e-01  -1.6795462e-01   1.0470108e-01  -8.8442903e-03  -3.1241322e-01   1.3618319e-01  -2.7244597e-02  -2.0477793e-01   3.5249577e-03  -1.3855529e-01  -3.0191761e-01  -1.1883635e-01  -8.0357411e-02   5.1950383e-03  -2.3738319e-01  -1.6554525e-01  -7.1242231e-02  -2.2993062e-02  -2.0213274e-01   1.6493261e-01   2.7032575e-01  -3.9922899e-01  -2.0565762e-01   2.1718573e-01  -3.2647148e-01   5.2337877e-01   1.9240470e-01  -7.1816809e-02  -1.0299603e-01  -1.5872573e-01  -1.5642586e-01   4.8579964e-02  -3.3573082e-01  -2.0401058e-01  -2.6740074e-01  -2.4954565e-01  -1.3700467e-01   2.0512480e-01   1.6839083e-01  -9.0235614e-02   8.5830112e-02   1.4804919e-01  -1.1356584e-01   2.1690228e-01  -2.0063940e-01  -2.2297164e-01  -1.9668523e-01   1.2261674e-01   3.5205550e-01  -3.2081761e-02  -1.4718913e-01   1.2119102e-01  -3.8602374e-01  -4.4321483e-02   2.7295564e-02  -1.0741500e-01   3.8930136e-01   2.3010472e-01  -1.1356936e-01  -9.6205215e-02   1.3315943e-01  -1.1279515e-01  -1.9239958e-01  -2.1879953e-02  -7.3433063e-03   8.4886419e-02   2.1192720e-01   2.6091237e-01  -2.2010112e-01  -3.6846749e-01   1.6862725e-01
  -3.7891376e-01   7.5250715e-02   0.0000000e+00   9.2235993e-02   2.9911642e-01   1.2754221e-02   1.4230311e-01   2.3341033e-01  -2.9793825e-02   3.1572818e-01  -2.4799805e-01   6.2072264e-01   4.4687348e-01  -1.8012253e-01   1.0067453e-01  -2.5080428e-01   7.0790543e-01   2.2230174e-01  -1.6597991e-01   9.6558802e-02  -1.8796922e-01  -4.1564070e-01   6.2381211e-02  -2.6028888e-01  -1.2689796e-01  -1.2895249e-01  -4.7607173e-02  -2.9019022e-01   1.8884346e-02  -3.8083497e-01  -3.1593205e-01  -2.3228108e-01  -8.3030118e-02   1.7859117e-01  -1.0831523e-01   3.0024855e-02  -2.6887389e-02  -1.4739600e-01  -4.1059915e-03   3.3666466e-01   3.6088761e-01  -1.3393055e-01  -1.7430984e-01  -9.7969414e-02   3.7754927e-02   1.7183474e-01  -7.4132170e-02  -2.7738886e-01   5.2232666e-01   6.2179398e-01  -2.2804615e-01  -1.8286183e-03   8.4452484e-02   1.2519325e-01   6.6687989e-03  -1.1889162e-01   1.8462129e-01  -1.5732176e-01  -2.6151558e-01   1.3470866e-01   5.9146451e-01  -5.8223778e-02  -1.6746303e-01   4.5792949e-02  -8.7377367e-02  -1.5581610e-01  -2.0089740e-01  -9.2717340e-02  -1.9044836e-01   5.1187544e-01   4.4259000e-01  -1.7025885e-01  -7.7161099e-02   1.4329604e-01   1.2684222e-02   3.7659402e-02   2.5842103e-01  -1.3389846e-02   3.3317827e-01  -1.9340818e-01  -1.4640511e-01  -1.2134800e-02   2.8752935e-02   1.4883361e-01   6.4177687e-01   7.4663376e-02   2.2532245e-01  -2.7854913e-01  -3.4537520e-01  -2.7263859e-01   4.0262219e-01   3.6574812e-01   3.1062967e-01   8.9509912e-02   2.2223746e-01   9.2134171e-02  -6.0505787e-02   1.2557252e-02   2.2245160e-01  -3.0884125e-01   4.0623261e-01   1.1832765e-01  -3.5791588e-01  -2.4813908e-01  -1.2530475e-01  -4.9719586e-02   1.3199020e-01  -1.0183613e-01   4.0085168e-01  -2.8505948e-01   2.1085477e-01  -3.5962797e-01  -2.4665552e-01  -2.7656936e-01   8.1952491e-02   1.2780949e-01  -8.8009155e-02   3.5057496e-01  -5.3406105e-02  -4.4022919e-01  -9.7233406e-02   3.1237392e-01   1.6191301e-01   2.0963987e-01  -1.1773236e-01   8.0480904e-02   2.9550301e-01  -4.7436135e-02  -2.8755675e-01   5.6594248e-01  -2.3465217e-01  -1.0422527e-02  -4.5385405e-01   5.4373813e-02  -2.9362503e-01   2.1574752e-01  -1.4026631e-01  -1.5954153e-01  -2.8500757e-02  -6.4578275e-02  -2.3692212e-01  -1.0157402e-03  -2.1678135e-01   4.4741205e-01   2.9615825e-02  -3.4177265e-01   6.0859350e-01  -2.0312985e-01  -1.4677864e-01   5.5254952e-01   9.8840094e-02  -1.2256137e-01   1.1180332e-01  -3.0566714e-02   7.2780098e-01  -2.0622375e-01   2.2003282e-02   9.0128277e-02   2.1371143e-01  -2.4684814e-01   2.4222224e-01  -1.5060608e-01   5.4781414e-02  -3.8881752e-01   1.3570461e-01   2.7725149e-01   9.8405085e-02  -2.0855763e-01  -7.8515061e-02   1.9310983e-01   3.4226355e-01   1.8054093e-01  -3.7325712e-01   2.9616391e-01  -3.6735245e-01  -2.9541554e-02   4.5880260e-03
  -1.3765016e-01   2.2595954e-02   9.2235993e-02   0.0000000e+00   9.0248317e-02  -1.5972431e-01  -2.9337108e-02   2.4937959e-01   3.3166358e-01  -5.7089019e-02   1.6381061e-01   8.8191427e-02   4.0260864e-01  -3.1361830e-01   2.3896907e-02   1.8469892e-01   1.0678723e-02  -8.3046193e-02   1.9218582e-01   9.0880906e-03  -3.7623556e-03  -1.6591520e-01  -2.7019477e-01   8.1406389e-02   2.6479304e-01   3.2830885e-01   1.4553248e-01   1.6872285e-01  -3.2846060e-01  -1.0099533e-01   2.2921727e-02   3.1133731e-02  -5.5677485e-02   3.0208496e-01  -2.7882479e-01   5.8308840e-02  -6.1654047e-02  -5.5670719e-01   5.8470848e-01  -1.4505187e-01   4.4147126e-01   5.7332638e-02  -8.7915625e-02   4.7973867e-01   3.1136103e-01   2.3877876e-01  -2.6686904e-02  -1.0871391e-01   1.6039416e-01  -1.0510818e-01   1.1212956e-01   2.2778318e-01   3.3270816e-01  -4.5513039e-05  -1.4457169e-01   4.6831190e-01   3.2715150e-01  -1.1401668e-01   3.9703800e-01   1.7432290e-01   1.4721919e-01   1.3522390e-01  -4.7453195e-02   2.9035214e-01   2.4626009e-01   2.4623212e-01   2.5548925e-01   4.2307969e-02   6.1790582e-01  -1.9514024e-02   9.5738764e-02   1.8253777e-01   2.2441511e-01  -1.7229658e-01   3.3698010e-01   3.6699801e-01   1.9287762e-01   5.3070982e-01   3.2958884e-01  -2.4274733e-01   2.9875222e-01  -2.0807650e-01   3.2681538e-01   4.9095374e-01  -1.5324244e-01   4.1601465e-01   2.8559228e-01  -1.3508434e-01   9.5565507e-02  -4.7826464e-03   2.8759326e-01   4.5611151e-02   8.0252157e-03  -1.5006449e-01  -6.7622458e-02  -5.1013602e-03  -1.4294465e-01   4.8673574e-01   1.3027193e-01  -2.1126437e-01  -1.3033232e-01   8.1138744e-02   1.4993786e-01  -8.5561401e-02   2.2872672e-01   3.3354331e-01  -1.5579912e-02   3.8040414e-01  -1.6261076e-01   4.8720526e-02   1.5873699e-01  -3.2935882e-01   5.7276483e-01  -1.4775074e-03  -2.6633659e-01   1.5718406e-02   4.4204017e-01   7.7353098e-02   1.9745117e-02  -1.0932031e-01   1.3569897e-01   2.2547989e-01  -6.5195402e-02   3.5026600e-01  -3.6016949e-02  -1.4026257e-01  -4.5942339e-02   2.6601514e-01   6.4563971e-02  -4.3591265e-01  -1.3664328e-02   1.5584572e-01  -3.3733071e-01   1.9068089e-01   2.2064338e-01   3.0320732e-01  -8.3751735e-02   5.5122298e-02   2.8886243e-01   4.3670094e-02   1.5120436e-02   2.1980091e-01   2.7717134e-01  -2.9579632e-01   1.5955160e-01   6.6686526e-02   2.6050763e-02  -1.4053134e-01   2.3038603e-01   2.2203019e-01   1.3167111e-01   2.4685158e-01   1.0823542e-01   3.6123829e-01   4.2280259e-02  -2.3591297e-01   1.9668181e-01   5.0464319e-01  -1.3848011e-01   3.8263175e-02   2.1008803e-01   4.4499658e-01  -2.1433627e-02  -1.0783893e-01   2.7504955e-01   2.7768172e-01  -6.9247422e-02   2.0098046e-03  -1.4383557e-01   3.2043359e-01   2.0077767e-01  -1.5745748e-01  -5.2847401e-02  -1.5241012e-01   1.0286525e-01  -2.8594233e-02   9.3736406e-02
  -2.0149794e-01  -8.6224574e-03   2.9911642e-01   9.0248317e-02   0.0000000e+00   1.7256002e-01   1.5490941e-01  -2.5150769e-01  -1.3774521e-01   3.4431214e-01   1.5092452e-02   4.3538266e-01   3.4347771e-01  -3.5125306e-02  -1.2829294e-01  -1.0138725e-01   4.5258117e-01   5.0610966e-03  -5.2279261e-01   7.7628576e-01   3.0371942e-01   5.8149338e-02   2.7130378e-01   5.6460464e-02  -1.0154170e-02  -3.9134750e-01   3.9707359e-01  -3.0907684e-01  -1.3260587e-01   5.3993484e-02  -2.1226025e-01  -2.7426451e-01  -8.4721506e-02   2.8081661e-01   3.5539503e-02   6.0697228e-01   3.2494799e-01  -4.4908620e-01  -7.4431590e-02   6.0421604e-01   5.4963416e-01   4.5756497e-02   2.6688123e-01  -2.5078472e-01   3.6706000e-01  -1.9655008e-01   4.4770463e-01   1.2245188e-01   5.0965576e-01   4.1343483e-01   2.5991687e-01  -2.8321642e-01  -1.4979932e-02   2.7279768e-01  -2.3205089e-01  -1.6559829e-01  -1.3832666e-01  -1.8170753e-01  -2.0926100e-01  -4.8086946e-02   8.1795146e-02   2.0522791e-01   5.4331925e-02  -2.5053390e-01   2.4587225e-01   2.5406793e-01  -1.9410079e-01   5.6422735e-02   4.3587485e-02  -2.4220640e-01   3.9688477e-01   5.2730701e-01   1.4717761e-01  -9.7523530e-02  -1.8082836e-02  -3.7072612e-01  -3.5013432e-01  -3.0475868e-01   5.9256982e-01   1.9481870e-01  -1.2766674e-01   3.0215433e-01  -1.8949833e-01  -2.9046207e-01   3.1108648e-01  -2.5906300e-01   5.0859408e-02  -2.7119140e-01  -2.5457839e-01  -3.2816062e-01   6.0429401e-01  -2.6765137e-01   9.1766069e-02  -3.7896899e-01  -4.2266914e-01   6.3031137e-01   4.4312084e-02  -2.9856115e-01   5.5407664e-01  -1.0870823e-01   2.2276385e-01  -1.0925351e-01  -1.4512717e-01  -6.7832369e-02   4.1632518e-01  -1.5620528e-01   2.5093001e-01  -3.5753663e-01   6.1419177e-02   1.4517059e-01  -1.9225271e-01  -5.0907617e-02  -2.7364245e-01  -2.9991028e-01  -2.7020709e-01   2.3324412e-01  -1.3660297e-01   5.1569341e-01  -3.0299262e-01   9.8813361e-02  -3.9404893e-01   5.8514914e-01   3.6634475e-01   1.3552512e-01  -3.8691244e-01  -2.3206104e-01   3.0271671e-01   1.1959211e-01  -5.5326127e-02   1.1867007e-01   1.5019593e-01   3.8969168e-01  -1.8485495e-01   2.4028926e-01   5.8020809e-02  -2.3102674e-01   2.0569888e-02  -5.1837504e-02  -2.7723604e-01  -2.5063987e-01  -1.9542184e-01   8.8168815e-02  -1.2584926e-01   5.9343348e-02   3.6979334e-01  -2.2209841e-01   3.7782801e-01   4.7200501e-01   3.3792173e-01   5.0485998e-01  -2.3569405e-01  -1.9999240e-01  -2.8083089e-01   2.7249543e-01   4.2922532e-01  -2.9552149e-01  -4.0855635e-01   3.8016323e-01  -2.4787954e-01  -9.2787755e-02   3.0055455e-01  -1.6028203e-01   2.4630832e-01  -7.5023057e-02  -3.4341607e-01   4.3559258e-01   2.1014671e-01  -4.0483711e-01  -1.9100358e-01   1.8639167e-01   6.1907580e-01  -3.1596792e-01   2.6543141e-01  -2.1146210e-02  -5.0706137e-01   1.8941414e-01  -8.7394809e-02
  -2.6982399e-01   3.2812527e-01   1.2754221e-02  -1.5972431e-01   1.7256002e-01   0.0000000e+00   6.5191424e-01  -2.0982621e-01  -8.1493923e-02   2.1584877e-01   2.0811148e-01   2.9642775e-01  -2.7257396e-01   2.1898069e-01  -3.5346376e-02  -6.5892126e-02  -1.3607170e-03  -3.1648106e-01  -1.8987554e-01   6.6586423e-02   4.2486348e-01   3.7506044e-01   3.6535079e-01  -4.9701276e-01  -2.8553018e-01  -2.5756528e-01   4.1022256e-01  -3.3618147e-01  -2.2147538e-01   6.2558949e-01   2.7173442e-02  -1.0859569e-01  -2.0052737e-01   1.0457724e-01   4.9700378e-02   3.6413157e-01   2.4492030e-01  -2.0818536e-01   9.7722511e-03   3.8086525e-01  -1.7710281e-01  -3.1993414e-01   2.5439257e-01  -2.7527532e-01   1.9894360e-01  -2.9533067e-01   4.3633397e-01   6.3845287e-01  -1.6737199e-01  -3.0752836e-03   7.5741944e-02  -3.3495824e-01  -8.9883042e-02  -2.1389555e-01  -1.7653716e-02  -2.8674487e-01   1.4909096e-01  -3.3999145e-02  -3.0881755e-01  -4.6228338e-02  -2.8725158e-01  -9.6343037e-02  -9.0715098e-02  -8.6870498e-02   6.3136910e-02   1.2246541e-01   4.4506374e-01  -4.3233176e-01   7.7153468e-02  -1.4922367e-01   3.2919253e-01   2.8533147e-01  -1.2133511e-01   2.7835963e-02  -1.9976363e-01  -1.1685845e-01  -2.4053386e-01  -1.0512115e-01  -1.1315505e-01  -2.6345541e-01  -3.4545108e-02   2.3506970e-01   5.0894192e-02  -1.4304742e-01   2.0089203e-01  -2.3957834e-01   5.6872707e-02  -3.8510466e-01  -2.1703193e-01  -5.2519412e-01  -1.8089128e-01  -3.7092428e-01   5.8148436e-02  -8.7177264e-02  -2.4145996e-01   1.0995398e-01  -2.8955682e-01  -2.6211921e-01  -2.7591895e-01   2.4909141e-01   1.8408129e-01   5.6219903e-02  -2.4506741e-02   2.6206270e-02   1.9110016e-01   1.5935966e-01  -3.7632139e-01  -6.6237759e-02   5.4946936e-02   1.8387635e-01   2.6656638e-02   3.6621169e-01  -2.2098552e-01  -2.8523343e-01   1.3240578e-01  -1.3129951e-01  -3.3668996e-01  -1.2787012e-01  -9.4624991e-02   1.1048678e-01  -4.7387277e-01  -1.5774758e-01  -2.0887610e-01  -1.7602752e-01  -5.2867503e-01  -1.4460743e-01   3.2176612e-02  -3.3442503e-01   2.4225764e-02   1.6637145e-01   8.6454174e-02   2.5573997e-01   3.4242227e-01   1.0530189e-01   8.8460691e-03  -1.2951951e-01  -2.3684264e-01   1.0922735e-01  -2.6572216e-01  -5.1445927e-01  -2.9780916e-01  -1.5797562e-02  -9.4910316e-02   4.5082422e-01   1.0070214e-01   5.7517452e-02   2.9553831e-01   4.3439705e-01   1.7735659e-01   1.4163300e-01  -4.0606076e-01  -2.3993866e-01  -4.6453264e-01  -1.0612380e-01   2.1130315e-01  -3.1084565e-01  -3.5109495e-01  -8.3651215e-02  -4.5702189e-01   2.5596605e-01   1.7258377e-01  -1.4656547e-01   3.1032807e-01   3.7174977e-01  -2.7552063e-01  -1.2006848e-01   3.2903611e-02  -2.9185762e-02  -3.8524947e-01  -7.8662488e-02   5.3552573e-02  -4.3582200e-02   2.9852321e-01   4.1676792e-01  -4.1204622e-01  -3.1270991e-01   8.3684353e-02
  -2.1003807e-01   2.9698288e-01   1.4230311e-01  -2.9337108e-02   1.5490941e-01   6.5191424e-01   0.0000000e+00  -2.1771965e-01   2.0414143e-01   3.4351575e-01  -3.6604799e-02   3.8264292e-01  -5.0337060e-02   3.6220083e-01   1.1101165e-01  -7.5060469e-02   4.8402201e-02  -2.6617967e-01  -2.8855641e-01   1.6375824e-01   4.1249065e-01   1.8730113e-01   5.1716042e-01  -3.7456092e-01  -6.9860689e-02  -3.4994000e-01   4.4482198e-01  -1.5350765e-01  -9.6627522e-02   4.5694370e-01   2.7220658e-01  -2.8916472e-01  -1.8833657e-01   4.8660498e-01  -7.7241614e-02   3.2226613e-01   3.6303599e-01  -3.8787035e-01   9.9874415e-02   4.7130373e-01  -2.9527889e-02  -1.5965649e-01   2.6876663e-01  -2.0391574e-01   5.0283849e-01  -2.0784024e-01   2.1041723e-01   6.6232065e-01  -2.6064997e-02  -7.4927833e-02   1.7053423e-01  -3.7379546e-01   1.5179001e-01   5.2848368e-02  -3.4712012e-02  -3.2531894e-01   4.6586584e-02  -1.2921743e-01  -3.1904959e-01  -6.8118972e-02  -3.2675605e-01   1.5084592e-01  -2.7687573e-02  -9.0084791e-02   1.5228115e-01   3.1827065e-01   1.3132830e-01  -1.7694395e-01   3.0943650e-02  -1.8978825e-01   5.8200706e-01   4.5910947e-01  -3.9801378e-02   7.4791840e-02  -1.4836251e-01  -1.3350397e-01  -1.7454458e-01  -7.4757168e-02   7.2965470e-02  -2.2457630e-01   1.3230987e-01   1.0450395e-01   9.5391707e-02  -5.3174940e-02   1.8965764e-01  -1.3925536e-01   4.8802632e-01  -2.8289277e-01  -2.6960353e-01  -2.4763373e-01  -4.1596850e-02  -3.7529079e-01   1.9547939e-01   2.3298427e-03  -8.3845616e-02   1.8005359e-02  -9.5433475e-02  -2.4094847e-01  -2.5526571e-01   2.2955992e-01   3.5254057e-01  -1.2120500e-01  -5.6538119e-02   6.3299377e-02   3.6788215e-01  -1.2814058e-01  -8.0868860e-02  -1.7769381e-01  -9.0555329e-02  -1.1118561e-01   5.4440894e-02   1.1515848e-01  -2.7600168e-02  -1.6524113e-01   2.3844080e-01  -1.2382899e-01  -3.5347431e-01  -3.9562013e-02  -1.1485946e-01   2.2635846e-01  -3.7740337e-01  -9.6446975e-02  -1.4707837e-01   5.8804400e-02  -5.1069961e-01  -2.4043401e-01   1.8907591e-01  -3.4784151e-02   8.2767666e-02   4.0203679e-02   6.4660528e-03   3.1893076e-01   1.5428834e-01   2.7386604e-02   3.2758759e-01  -2.3669749e-01  -7.0563747e-02   3.7267729e-01  -1.9820348e-01  -2.7480869e-01  -3.3315757e-01   1.2355229e-01  -1.2408318e-01   1.4957919e-01   3.3002692e-01   2.1469730e-01   6.2211725e-01   1.3916906e-01   3.7356184e-01   3.9603052e-01  -2.5660241e-01  -1.0804498e-01  -4.8458028e-01   1.3730603e-01   3.2828643e-01  -5.5117958e-01  -1.9356994e-01   5.0057705e-02  -5.3174638e-01   2.5166690e-01   3.4418741e-01   3.3798467e-02   2.3048312e-01   5.4244382e-02  -2.6476840e-01   2.7796874e-01  -5.3949296e-02  -5.4824150e-02  -1.7042908e-01  -4.7762678e-02   3.1360855e-01  -1.8138734e-01   7.7586437e-02   7.3668795e-02  -3.9396330e-01  -1.1354967e-01  -6.3046774e-02
   2.2963211e-01  -1.4212779e-01   2.3341033e-01   2.4937959e-01  -2.5150769e-01  -2.0982621e-01  -2.1771965e-01   0.0000000e+00   8.3665797e-02  -4.2261747e-01   2.9000847e-01  -2.8895287e-01   2.1238072e-01  -2.8567505e-01   3.8749475e-01   1.5060290e-01  -2.6664473e-01   7.9315264e-02   5.4297499e-01  -4.2059069e-01  -2.5799472e-01  -1.4020988e-01  -4.5055338e-01   1.7873204e-01   8.2406767e-02   7.2259442e-01  -3.9439542e-01   4.4566442e-01  -3.3833323e-01  -3.1597067e-01   8.7381398e-02   2.4318842e-01  -1.0683868e-01   5.0444347e-02  -1.7679800e-01  -3.2273186e-01  -7.4256252e-03   3.8683524e-02   1.9929961e-01  -4.8749103e-01   4.9948327e-02  -1.9715678e-01  -2.6799532e-01   6.8948193e-01  -4.8157351e-01   6.4470346e-01  -1.6718945e-01  -3.0475200e-01   7.4987360e-02   1.5377097e-02  -9.4626169e-02   7.5745105e-01   3.0406367e-01  -3.4119383e-01  -6.7183039e-02   6.0836355e-01   5.7426954e-01   2.0438941e-01  -3.3427424e-03   4.9780737e-02   4.0786158e-01  -5.6080561e-02  -1.8691248e-01   5.4407655e-01   2.1367254e-02  -1.4567657e-01   4.0135135e-01  -1.3688892e-01   4.2649035e-01   4.6907144e-01  -1.5254085e-01  -3.4311141e-01  -1.4990995e-01   2.9085762e-01   2.6749223e-01   7.4680824e-01   6.9558634e-01   7.4646174e-01   2.2014928e-02  -4.0428715e-01   4.5795835e-01  -4.7822627e-01   4.9523620e-01   7.9220635e-01  -8.9816857e-02   6.4414888e-01  -6.1727472e-02   2.7393103e-01   3.0010773e-01   3.4888402e-01  -7.9837872e-02   4.5301545e-01   2.8793407e-01   2.9127587e-01   3.5304850e-01  -3.3155221e-01  -2.7918116e-01   6.8418527e-01   3.3260075e-02  -4.7872532e-01  -1.8701716e-01   6.4969449e-01   3.3306296e-01  -3.0074654e-01   1.1852390e-01   3.6870219e-01  -2.8662717e-01   7.9137542e-01   2.0321072e-02   2.9600051e-02   3.9473255e-01  -5.6069250e-02   1.7042015e-01   3.5524908e-01   2.0396367e-01   3.6034992e-02   6.6037260e-01  -1.3211652e-01   4.9004608e-01  -2.4737909e-01   4.6136662e-01  -2.4157825e-02  -1.5889479e-01   1.3809335e-01   3.8780421e-01   1.9774297e-01  -9.3584833e-02  -4.9563506e-02   2.4325176e-01  -3.6931729e-02  -1.4399554e-01  -1.1894442e-01  -1.9976970e-01  -4.8280131e-02  -3.3736138e-02   8.5204407e-01  -4.3035090e-01   1.6394788e-01   6.6437910e-01   3.8297842e-01   3.3930247e-01  -2.9517010e-01   5.4510175e-01  -1.3120028e-01  -9.4958584e-02   2.1560062e-01  -1.9766507e-01  -4.1583071e-01  -1.6153262e-01  -1.1740656e-01   5.6968722e-01   5.8793795e-01   4.8615935e-01   1.5881338e-01  -1.5127594e-01   1.8899086e-01   5.4888656e-01   2.4403878e-01   1.9202276e-01   2.8468669e-01  -1.6551114e-01   4.1220943e-01  -3.7498059e-01  -3.2245099e-02   6.7526156e-01  -1.6371610e-02   1.4798541e-01   5.0775793e-01   6.4475464e-02   2.7018523e-01  -2.7085501e-01   2.8547634e-01  -4.1000747e-01   9.5083157e-02   4.6169300e-02  -3.4416718e-01   4.4578716e-01
  -1.9799702e-01   1.5529664e-01  -2.9793825e-02   3.3166358e-01  -1.3774521e-01  -8.1493923e-02   2.0414143e-01   8.3665797e-02   0.0000000e+00   3.3560775e-02   1.8309326e-02  -1.1778903e-01  -4.3014949e-02  -1.8185191e-01  -1.5587821e-01   4.1687544e-01  -1.2659452e-02  -1.8496780e-01   1.5466089e-01  -3.8708695e-02   1.5654525e-01  -4.2253132e-02  -5.0202545e-02  -8.6105978e-02   2.6536441e-01   2.2285160e-01   3.3331256e-01   6.7889421e-02  -1.2188593e-01  -2.0144167e-01   1.5634978e-01   6.8743192e-02  -1.0142166e-02   3.0341810e-01  -2.9277724e-01  -7.2381664e-02   9.2200111e-02  -1.6548819e-01   5.2275813e-01   3.5874852e-02   1.0331133e-01   6.2520756e-02   1.0243180e-01   8.6231880e-02   2.9435629e-01  -4.2052277e-02  -2.6053389e-02  -1.1048294e-03  -3.2704603e-01  -1.8178819e-01   2.3272797e-01   3.0181571e-02   2.6914923e-01   5.1588414e-03  -1.6000083e-01   5.8240250e-02  -1.8053305e-03  -2.3969341e-01   1.7563376e-01  -6.5964525e-02  -1.1876021e-01   3.4869256e-01   4.7093182e-02   1.1673234e-01   1.7964842e-01   2.6245466e-01   3.7201114e-02   1.2947879e-01   2.2206502e-01  -8.8864349e-02   1.4856903e-01   1.4572320e-01   1.6435745e-01  -2.9473997e-01   2.3055146e-01   2.3394986e-01   4.7584884e-03   2.1686993e-01   1.2275951e-01  -2.9159756e-01   2.2965008e-02  -1.7622415e-01   5.9346719e-02   2.3614734e-01  -4.4642818e-01   2.7352169e-01   3.6500385e-01  -3.1813122e-01   2.3090521e-01   1.0818532e-01  -1.1363548e-01  -2.0792183e-01   1.8502206e-01   1.8437057e-01   3.6434011e-02   1.6042086e-04  -3.4931710e-02   3.0006112e-01  -1.4060145e-01  -1.1980158e-02  -1.2732396e-02  -9.8311719e-02  -6.1406754e-02   2.6809992e-01   2.3449436e-01   1.3635278e-01  -9.6809998e-02   2.0454434e-01  -3.1013558e-01  -1.3190843e-01   2.3693128e-03  -3.4432930e-01   4.9698916e-01   7.5501432e-02  -9.8621844e-02  -2.2368256e-01   2.2642505e-01  -3.0133894e-01  -2.3400219e-01   1.1894501e-01  -1.2205210e-02  -1.3635442e-01  -2.6430567e-01   2.4117732e-02  -5.8990710e-02  -4.0373427e-01  -3.2401700e-01   5.9948898e-02   3.1333590e-01  -2.7094006e-01   1.8791712e-02   2.0276596e-01  -3.3028868e-01  -1.6237073e-02   6.0224304e-01   1.9292001e-01   4.5281026e-02   1.0704361e-02   1.4565943e-01   1.7779705e-01  -8.8409524e-02   2.3490861e-01   3.3560844e-01  -1.8592061e-01   6.7083953e-02   1.1267157e-01   1.4914799e-01  -9.8808958e-02   3.2855187e-01   1.9513029e-01  -4.9365535e-02   1.2095138e-03  -6.5618319e-02   2.1713376e-01   5.9240618e-02  -1.6415077e-01  -1.1767534e-02   2.7995285e-01  -2.1854309e-01  -8.2284677e-02   6.4434344e-02   3.0373741e-01   3.0343670e-01  -1.2971998e-01   1.5755993e-01   3.4145493e-03  -3.2706954e-01  -1.8732610e-01  -1.4680078e-02   1.3385568e-01   8.0925048e-02  -1.8764641e-01  -4.6889688e-03  -4.2779006e-01   3.1973442e-01  -4.4438433e-02  -5.4271393e-03
  -3.9023915e-01   1.3796929e-01   3.1572818e-01  -5.7089019e-02   3.4431214e-01   2.1584877e-01   3.4351575e-01  -4.2261747e-01   3.3560775e-02   0.0000000e+00  -2.5825602e-01   6.0687277e-01   7.5695588e-02   4.7012161e-02   3.1775099e-02  -7.9987042e-02   5.4393390e-01  -1.3426025e-01  -3.2318691e-01   5.7156978e-01   3.2954365e-01  -7.6533802e-03   4.6590047e-01  -3.1456879e-01  -2.1087909e-03  -5.6605244e-01   1.0716498e-01  -4.1616487e-01   6.7356204e-02  -3.2775723e-02  -1.6232915e-02  -1.9668863e-01   1.0353082e-01   3.4372776e-01   4.8605823e-02   3.3659321e-01  -6.2442058e-02  -2.4922681e-01  -6.0086305e-02   4.8090676e-01   1.7888265e-01   1.4020733e-01   3.3649111e-01  -4.5705169e-01   4.4922845e-01  -5.1338537e-01   8.5156487e-02  -2.1595408e-02   5.5563845e-02   3.7973305e-01   3.0704222e-01  -4.9598692e-01  -3.9605439e-02   4.2697365e-01   6.7512852e-02  -5.6695654e-01  -2.8070802e-01  -3.0572702e-01  -2.4147642e-01   1.7531964e-01   1.0451029e-01   2.7050633e-01   5.6766902e-02  -1.1220407e-01   5.2412808e-02   3.2502829e-01  -2.8721194e-01   2.9661318e-02  -3.1877568e-01  -2.5016999e-01   5.0295580e-01   1.4370130e-01   3.7143281e-01  -2.1126599e-01   1.1465864e-01  -3.8947758e-01  -3.0129651e-01  -3.5086072e-01   3.9201713e-01   2.3645724e-01  -4.8992209e-01   4.3928465e-01  -1.3698717e-01  -4.5158717e-01   4.2581492e-01  -2.2400857e-01  -6.4362619e-02  -4.7132703e-01  -2.9175523e-01  -4.2320629e-01   3.0936419e-01  -9.0604318e-02   2.8699682e-01  -2.8840530e-02  -1.0853025e-01   4.6334055e-01   4.2198592e-01  -3.8279760e-01  -4.2148109e-02   3.2954087e-01   3.2374466e-01  -2.7915714e-01  -3.6343714e-01   2.1468898e-01   1.2410103e-01  -1.5618882e-01   2.2796722e-01  -5.0526936e-01   2.0692066e-01  -7.7982778e-03  -1.7442497e-02  -2.1863779e-01  -2.1652991e-01  -4.7348039e-01  -2.3291925e-01  -2.9227618e-02  -4.4853199e-01   1.6382731e-01  -3.8546009e-01   2.3331558e-01  -4.7020967e-01   3.5178880e-01   2.1974841e-01   1.6638741e-01  -5.5370756e-01  -3.3904216e-02   2.5910122e-01   1.0482283e-01  -1.4602813e-01   3.3763490e-01   1.8819602e-01   2.2212144e-01  -1.6585066e-01   2.9321210e-01   2.0057401e-01  -2.9170183e-01   2.7774924e-01  -3.0221344e-01  -3.7704309e-01  -2.0519089e-01  -3.1542370e-01   3.0376486e-01  -1.7499261e-01   2.8639003e-01   3.9182216e-01  -1.4837687e-01   4.8082984e-01   2.3680349e-01   3.0026603e-01   4.0216243e-01  -3.5781129e-01  -5.1092883e-01  -3.8270368e-01  -7.7086367e-02   4.7681399e-01  -4.1891064e-01  -2.8046190e-01   7.2150009e-02   2.5171905e-02  -2.9856254e-01   1.5399824e-01  -1.6964803e-01   4.8009165e-01   1.6912927e-02  -2.9574331e-01   1.8244473e-01   2.0435035e-02  -5.7075442e-01  -1.4614850e-01   2.0017089e-02   5.9758577e-01  -2.1008281e-01   1.6307091e-01  -4.2608906e-02  -2.4761013e-01   2.1581299e-01  -2.5641341e-02
   6.9789781e-02   1.2495011e-01  -2.4799805e-01   1.6381061e-01   1.5092452e-02   2.0811148e-01  -3.6604799e-02   2.9000847e-01   1.8309326e-02  -2.5825602e-01   0.0000000e+00  -3.0002195e-01  -2.8834649e-01  -1.4466349e-01  -6.2763822e-02   2.7342836e-02  -2.2578146e-01  -2.0780473e-01   1.4304270e-01  -1.7904812e-01   2.2956145e-01   4.6833317e-01  -1.2727025e-01  -9.2657704e-02  -1.2282290e-01   2.5947040e-01   5.0341170e-02   1.1506531e-01  -4.1878723e-01   4.1828845e-01   2.9680194e-01   1.5524292e-01  -1.3689822e-01  -2.0449297e-02  -8.1707177e-02   1.1865751e-01  -1.0301528e-01  -1.0772930e-01   1.5877995e-01  -1.2613961e-01  -8.1757275e-02  -3.4049710e-01   2.0557792e-01   4.7610890e-01  -9.6366263e-02   7.2730651e-02   3.8697380e-01   2.2199786e-01  -3.1790536e-01   1.1612903e-02   3.0567404e-01   1.5971675e-01  -1.2116461e-01  -4.5006285e-01   1.4122827e-01   4.9347951e-01   2.2002656e-01  -1.6407170e-02  -1.3621366e-01  -1.1392762e-01  -2.1913782e-01   3.0064800e-02  -2.2297915e-01   3.4899657e-01   4.3027332e-02  -8.0883838e-02   4.2058605e-01  -3.3006961e-01   4.9291464e-01  -7.6958713e-02  -1.1158437e-01   2.9541631e-01  -1.2432547e-01  -2.0174629e-01   1.7491625e-01   3.3421414e-01   6.4636383e-02   3.0409240e-01   6.3160115e-02  -3.1100195e-01   3.2378487e-01  -5.9685652e-03   2.1473918e-01   2.4774563e-01  -2.3527657e-01   1.1603930e-01  -1.8096904e-01   2.7705288e-03   3.1723862e-01  -1.4150125e-01  -3.4918292e-01  -2.4546989e-01  -2.0381180e-01  -8.3072517e-02  -1.5967563e-01  -1.4507592e-01  -3.4751404e-01   6.0954653e-02   6.9443470e-02  -7.1255460e-02   1.1856116e-01   4.2396392e-01   4.3519524e-01  -5.4338857e-02   2.1116075e-01   5.0632241e-01  -4.0258862e-01   4.1252317e-01  -1.5101561e-01   1.5298232e-01   3.9336660e-02   1.9278906e-01  -6.5895332e-02   5.2833029e-02   8.5036784e-02  -2.8738948e-01   2.7072853e-01  -2.3971620e-01   2.1599492e-01   1.3620898e-01  -1.1438798e-01  -2.6413604e-01  -2.4577088e-01  -4.9367398e-02  -1.5030253e-01  -2.2537809e-01  -1.2724111e-01  -2.3363005e-01   3.9326044e-01  -2.3255861e-02   1.8286315e-01   3.8426534e-01   2.1096539e-01   9.8790724e-02  -2.8529207e-02   3.1210983e-01  -2.7340271e-01   1.7509200e-01   9.9119764e-02  -2.2623434e-01   2.0606247e-01  -2.5010615e-01   4.6396684e-01  -7.5494369e-02   7.9691507e-02   5.0423340e-01  -2.1021167e-01   1.6880790e-01  -5.7937756e-02  -6.7814170e-02  -1.9111598e-01   1.7962140e-01  -1.5324469e-01   3.2037457e-01  -2.4100670e-01   2.7164230e-02   3.9275284e-02   3.4887228e-01  -2.6328075e-01   2.9437307e-01   1.6075537e-01   3.9974401e-01  -2.8524835e-02   7.1188978e-01   9.4972581e-02  -3.5028177e-01   4.9286137e-01   1.9572434e-01  -3.7652850e-01  -1.1809097e-01  -4.1478273e-01   9.0416387e-03   1.7527659e-01   2.9783161e-02   7.4566245e-02  -4.1336800e-01   3.2257743e-01
  -4.7991708e-01   2.3284274e-01   6.2072264e-01   8.8191427e-02   4.3538266e-01   2.9642775e-01   3.8264292e-01  -2.8895287e-01  -1.1778903e-01   6.0687277e-01  -3.0002195e-01   0.0000000e+00   2.0585608e-01  -2.9822508e-02  -2.9008764e-02  -2.9238164e-01   7.2526174e-01  -3.2774893e-02  -4.1098380e-01   3.6715340e-01   3.3422659e-02  -1.2654357e-01   3.4099285e-01  -2.1530014e-01  -1.9379176e-01  -5.1975630e-01   2.0980470e-01  -5.7793453e-01   1.1027004e-01   9.9278890e-04  -2.9610864e-01  -2.5717819e-01   1.0696815e-01   1.6275886e-01   8.5464020e-02   3.0469953e-01  -5.6332974e-02  -3.9396185e-01  -5.9802676e-02   5.7906534e-01   2.0077582e-01   9.1058677e-02   2.2958737e-01  -3.6024476e-01   4.0316687e-01  -3.4495083e-01   1.0504010e-01   2.6639450e-02   3.3546914e-01   5.7663905e-01  -1.5941194e-01  -3.9405712e-01  -7.1398169e-02   3.0015445e-01   1.2247155e-01  -5.0042755e-01  -1.2230765e-01  -1.5197252e-01  -1.8483562e-01   2.9687194e-01   2.0413168e-01  -1.2417970e-01   5.6552113e-02  -1.3636189e-01  -4.7717519e-02   7.9956368e-03  -2.1176381e-01  -1.5465151e-01  -1.7454368e-01  -6.6753742e-03   5.8901136e-01   8.1993075e-02  -1.4395756e-02  -1.3113160e-01   2.0365113e-02  -3.7316559e-01  -2.6890448e-01  -2.2893440e-01   4.0817537e-01   1.2774567e-01  -3.3176360e-01   2.1962061e-01  -2.2289509e-01  -3.3578800e-01   6.7880605e-01  -3.3856760e-01   1.6844502e-01  -3.8824264e-01  -3.8801954e-01  -4.9085525e-01   4.7150030e-01  -6.8798595e-02   8.2440619e-02  -9.9058246e-02  -2.1039390e-01   2.5760162e-01   1.1352331e-01  -3.4210539e-01   7.6153740e-02  -4.4705208e-02   3.5896479e-01  -1.3362996e-01  -3.8418877e-01   7.3446590e-02  -1.2277130e-01  -1.1025317e-01   2.0834643e-01  -4.4697734e-01   3.0494572e-01  -1.0335453e-01  -1.2734251e-01  -2.0984182e-01  -3.2027016e-01  -5.9544566e-01  -2.4097998e-01   1.1123024e-01  -4.4146046e-01   3.7534626e-01  -3.5263645e-01  -1.4597803e-01  -4.9629747e-01   3.1363960e-01   3.0062173e-01   1.2280887e-01  -4.9482456e-01   8.9791106e-02   3.7967341e-01   5.2906437e-02  -3.5548256e-01   4.3474145e-01  -8.4117185e-02   2.3697861e-01  -1.6945173e-01   1.5176263e-01  -7.3043855e-02  -2.7154281e-01   1.1177756e-01  -2.5765774e-01  -3.7683532e-01  -4.0071879e-01  -2.8813213e-01   3.5802031e-02  -4.0182348e-01   3.8565900e-01   1.3529605e-01  -4.0788260e-01   6.4892409e-01   4.1396502e-02   3.7931312e-02   5.2587479e-01  -3.0983028e-01  -3.6649597e-01  -4.1371128e-01  -1.7561794e-01   7.7924031e-01  -5.4999748e-01  -3.2701634e-01   1.0020853e-01  -2.4187767e-02  -3.7525817e-01   3.6252364e-01  -3.4697683e-01   2.9966221e-01  -2.3824791e-01  -2.0284492e-01   3.3736722e-01   2.5879712e-02  -3.9062330e-01  -2.9458713e-01   5.1133797e-02   4.8070903e-01  -1.5823093e-01  -1.4878070e-01   2.8221996e-01  -4.3119524e-01   1.6020046e-01   4.2868873e-02
  -1.5546434e-01  -2.5679600e-01   4.4687348e-01   4.0260864e-01   3.4347771e-01  -2.7257396e-01  -5.0337060e-02   2.1238072e-01  -4.3014949e-02   7.5695588e-02  -2.8834649e-01   2.0585608e-01   0.0000000e+00  -3.1373677e-01   3.0507567e-01   1.4230889e-01   2.4699257e-01   3.9549309e-01  -6.4758133e-02   3.8948825e-01  -3.1141603e-01  -3.0495617e-01   8.5717237e-02   8.2332865e-02   7.6873278e-02   1.2189967e-01   9.0032930e-03  -3.8182651e-02  -7.1009442e-02  -3.8719495e-01  -3.5548902e-01   7.4445609e-02  -5.4521617e-02   1.8904719e-01   2.4637037e-01   3.2885616e-01   3.5550535e-01  -3.2270644e-01   1.4183656e-01   6.5228838e-02   7.1841347e-01   1.4341833e-01  -1.8881059e-01   2.5793170e-03   1.0128356e-01   3.1977258e-01  -5.7391009e-02  -3.4903114e-01   5.7855453e-01   2.1072834e-01   1.4794520e-01   2.1319784e-01   2.9412043e-01   1.6973471e-01  -5.2745393e-01   2.1977511e-01   2.6211258e-01   1.5849285e-01   3.1971985e-01   3.7919548e-01   4.9580961e-01   2.9406565e-01   1.9702892e-01  -1.4801264e-01  -3.0045160e-02   1.6661912e-01  -1.3081920e-01   3.5087325e-01   1.6036322e-01   2.4826424e-01  -3.3499811e-02  -9.7786879e-02   1.7368887e-01   1.4802220e-01   4.4804085e-02   1.9905805e-01   2.5979724e-01   2.2538054e-01   3.6735519e-01   4.3179930e-02   1.5952006e-01  -8.9619979e-02   1.4788083e-02   1.6893720e-01   2.4225938e-01   3.1146642e-01   1.0829216e-01  -1.6528820e-01  -1.8542388e-01   8.2916587e-02   5.7635548e-01   2.9487949e-01   4.2631561e-01   1.8149148e-01  -2.5557479e-02   3.4578199e-01   4.5534378e-02   2.8973228e-01   5.3235047e-01  -4.7580853e-02  -5.1090120e-02   2.3460506e-01  -2.0102462e-01  -8.2168148e-02   2.3839617e-01  -9.1052441e-02   2.1798812e-01   3.3712261e-02   3.1326163e-01  -1.0975696e-02   4.8472237e-01  -1.4472778e-01   2.2107222e-01   4.4124040e-02  -4.3006314e-02   5.4395051e-01   3.3743414e-01   7.1524370e-01  -2.7896125e-02  -2.4192471e-01   1.5237391e-01   7.7611594e-01   4.8824606e-01   4.9932216e-01   1.3192897e-01   1.1239823e-01   3.7794064e-01   2.2615880e-01  -2.8344217e-03  -8.3217071e-02   7.1440865e-02  -1.1260124e-01  -4.8451169e-01   3.2361090e-01  -7.1297258e-02   1.6515247e-01  -2.0098045e-01   1.5431149e-02   3.4576770e-01   1.7220770e-01  -2.6624235e-01   2.6163607e-01  -7.1684048e-03  -2.2480278e-02   2.2777010e-01  -1.0974635e-01   2.3109951e-01  -4.5183689e-02   9.7412290e-02   1.4478578e-01   3.3837863e-01   1.0631622e-01   2.2233163e-01   2.4181366e-01   2.8212100e-01  -1.3721712e-01   1.3034073e-01   2.0236882e-01   2.5087853e-01   2.0500586e-02   6.6859635e-02   3.4600507e-02  -3.2151748e-01  -5.1848290e-01   2.6000228e-01   6.3933240e-01   4.7356402e-02  -3.9499171e-02   1.3235283e-01   6.0658207e-01   5.0459527e-01  -1.4438687e-01  -1.4200170e-01   5.8832426e-02  -1.1759331e-01   1.2167170e-01  -1.7979477e-01
   3.8238314e-01   2.9768491e-01  -1.8012253e-01  -3.1361830e-01  -3.5125306e-02   2.1898069e-01   3.6220083e-01  -2.8567505e-01  -1.8185191e-01   4.7012161e-02  -1.4466349e-01  -2.9822508e-02  -3.1373677e-01   0.0000000e+00   6.8549178e-02  -1.0812936e-01  -2.2393188e-01  -1.0224879e-01  -3.2364625e-01  -8.6264545e-02   1.9412100e-01   7.2848887e-02   3.3311067e-01  -2.6657898e-02  -6.5394031e-02  -4.3221013e-01   1.0795633e-01   1.0354083e-01  -4.0077901e-03   4.1448631e-01   1.3355804e-01  -2.6087345e-01   1.8325680e-02  -1.7150323e-02   7.9624665e-02   7.0990568e-02   2.4036033e-01   1.9759823e-01  -2.3563595e-01   1.3801238e-01  -2.4724037e-01   6.3398233e-03   1.3913158e-01  -6.3598612e-02   2.6841358e-01  -1.3178665e-01   1.9383503e-01   4.6337221e-01   1.0732670e-01  -2.5656506e-01  -1.3992554e-01  -3.5065678e-01  -1.4530752e-01   1.4775681e-01   2.5886007e-01  -2.4164670e-01  -2.5930679e-01  -1.5553025e-01  -1.6631392e-01  -2.2341588e-01  -3.2802310e-01  -1.8715514e-01  -7.3124928e-02  -2.7582508e-01   9.5830476e-02  -1.1229666e-01   3.6946086e-02  -7.1121700e-02  -1.4801544e-01  -2.0303980e-01   8.9779938e-02   1.8543843e-01  -1.4698531e-01   2.7057758e-01  -4.0065544e-01  -4.5763298e-01  -1.2914732e-01  -1.9633311e-01  -2.0430091e-01   1.7260398e-01  -5.8242718e-02   1.4057040e-01  -1.5482132e-01  -2.3147291e-01   1.3586064e-01  -3.6975249e-01   2.8518994e-01   2.5324055e-01  -3.6840694e-01   2.5627124e-02  -1.6370290e-01  -1.4594587e-01  -1.6805573e-01  -1.2173449e-01   1.5463623e-01  -6.2861574e-02   1.2030413e-01  -3.4667431e-01  -2.4365950e-01   2.4450896e-01   9.5588361e-02  -2.3887926e-01   1.7416983e-02   6.9038674e-02  -7.8840575e-02  -2.7307392e-01   1.6106173e-01  -2.1588124e-01  -4.7257455e-02  -2.0612853e-01  -2.7857419e-01   1.5321280e-01  -1.3078079e-01   3.9729294e-02   3.0912976e-01  -1.2662709e-01  -4.3035102e-01  -5.3262739e-02   8.7277095e-03   2.0638299e-01   5.9362984e-03  -2.6838429e-01   5.1977801e-02  -1.3756853e-01  -1.0867439e-01   1.6129315e-01   2.4625665e-01  -2.5855294e-02  -1.3091844e-01  -1.2613180e-01  -9.9273709e-02   6.2998003e-02   5.9194232e-01  -3.6310253e-01  -4.3439393e-02  -4.2606583e-01   1.9519513e-01   2.6227382e-01  -3.7250047e-01  -8.9139070e-02  -7.8209330e-02   1.7030759e-02  -2.5415134e-01  -2.4069501e-01   2.0849062e-01   8.1592368e-02   5.9310673e-02  -9.3254446e-02  -3.8200967e-02  -7.0939130e-02  -3.3128008e-02  -7.5683830e-02  -3.9864195e-02  -1.6820251e-01  -2.0141660e-01  -2.9899788e-02  -5.1245246e-02  -2.7292520e-01  -2.5112748e-01   1.6194890e-01  -1.5105452e-01  -1.1043943e-01  -2.0164206e-01   1.2624590e-02  -3.7836961e-01   2.9258474e-02  -1.8712941e-02   1.2169505e-01   1.4224031e-01  -3.3564096e-01   1.5587664e-02   1.3192216e-01   1.4603206e-01  -8.7779450e-02  -2.9333261e-01   3.0912779e-02  -1.9417331e-02
