   0.0000000e+00   1.0039901e-01   3.2421269e-01   7.2858188e-02  -2.0098343e-01   4.0266128e-01  -4.8863120e-01   4.9939970e-01   3.6604999e-01  -2.4292230e-01  -3.7022709e-01   1.5044467e-01   1.6553034e-01   1.7318725e-02  -1.2354572e-01  -6.6134036e-02   2.4155775e-01   1.0338217e-01   3.0463257e-01  -3.7130000e-01  -6.2872535e-01   1.3684300e-01  -5.4414968e-01   8.7083921e-01   3.6712295e-01   2.6954496e-01  -2.1027933e-01  -2.3108420e-02   4.6775151e-02  -3.5327097e-01  -3.1949509e-01   5.6938216e-01   3.6541814e-01  -5.5940063e-01   2.1903515e-01  -3.9463748e-01  -5.7905140e-02   2.6701191e-01  -1.9725510e-01  -3.2365190e-01  -1.3769097e-01   3.7739195e-01   4.0253998e-01  -3.3048567e-01  -3.5310474e-01   5.5395328e-01  -2.9189912e-01  -6.9612756e-01   1.9492799e-01  -1.4372623e-03  -1.9914423e-02   2.4896914e-01  -6.6208136e-01   4.9185332e-01   4.9328228e-01  -2.3190067e-02   5.5446097e-01   6.0943833e-01  -3.8234074e-01   6.4831646e-01   4.8775557e-01  -2.6491455e-01   3.8297267e-01  -5.5122115e-01  -2.3290627e-01  -4.9502450e-01   3.0297987e-01   1.4930701e-01   2.2713669e-01   3.6892874e-01  -4.9032894e-01  -1.6034912e-01   2.7594957e-01   6.4043062e-01   3.1816452e-01   7.4916258e-01   3.7954131e-01  -2.7888934e-02  -3.2000886e-01   8.6232372e-02  -2.7166398e-01   2.1445772e-01  -5.5176709e-01   4.3875986e-01   4.4063870e-01   4.2625517e-01  -1.7678687e-01   2.2982198e-01   3.7956156e-01   6.7919970e-01  -2.8749600e-01   6.0082488e-01  -2.6670440e-01   3.3587697e-01   2.9146037e-01  -1.7745735e-01   3.4680578e-01   5.6518258e-01   1.3111454e-01  -3.4139985e-01  -4.2024289e-01  -2.3243497e-01   1.8880444e-01   7.2028404e-01   1.7647174e-01   9.5620770e-03   1.7116041e-01   4.9593177e-01   3.6994945e-02  -4.5698971e-01  -2.5385157e-01   1.6188550e-01   2.0141692e-01   6.1037410e-01  -3.4093108e-01  -3.2837398e-01  -1.7681589e-01  -3.3416908e-01  -7.2452147e-02  -1.0471800e-01   5.7163044e-01  -4.1272387e-02   3.9313164e-01  -3.3132442e-01   4.7513030e-01   6.0383823e-01  -4.1316783e-01   2.2092877e-01   5.3803695e-01  -1.3554325e-01   1.2410961e-01  -4.4891428e-01   4.8039522e-01  -4.9299329e-01   3.3089329e-01   2.3194093e-01   4.5248735e-02  -5.9375286e-01   4.5688695e-01   3.0273160e-01   6.3831961e-01   2.0380141e-01  -4.4904544e-01   1.7421134e-01  -3.6211472e-01  -2.8133994e-01  -4.5677654e-01  -6.8807103e-01  -4.8467311e-01  -4.8647463e-01   4.4445282e-01   3.5902011e-02   6.3925576e-01  -2.3968057e-01   9.8307605e-04   4.6565145e-01   5.3847928e-01  -3.5465599e-01   6.1053121e-01   1.6469046e-01   9.1846171e-02  -2.3130218e-01  -5.6311739e-01  -2.2589147e-01   3.9156061e-01  -3.1878131e-01  -1.4933258e-02   2.8217964e-01   4.9373865e-01  -4.2000463e-01  -2.5509403e-01   1.6457794e-01  -3.2770962e-01   5.4826016e-01   1.4339385e-01   6.2929508e-02   4.1448356e-01
   1.0039901e-01   0.0000000e+00   2.3010301e-01   1.5970177e-01   1.6915984e-01   4.2239376e-02  -8.1394034e-02  -1.7821833e-01   1.6551903e-01   1.1124749e-01   3.0607777e-02   5.8853556e-01   2.5708088e-01   1.9158640e-01   7.0463135e-02   9.7013563e-02   3.4788913e-01   7.1254568e-03  -1.4824786e-01   6.3660212e-03  -1.4465878e-01   1.4712718e-01  -1.8125372e-01   1.4941849e-01   1.9219685e-01  -1.5206670e-01   4.8083665e-02  -2.6614389e-01  -2.6320171e-01   2.5540192e-01  -2.5843341e-02  -1.7180062e-01   3.2067519e-01   9.7413883e-02   3.9984538e-01   1.3497979e-02  -9.3014562e-02  -4.8179259e-02   1.4420565e-01   4.3656899e-01   6.3853663e-02   2.6760242e-01   1.2852937e-01  -1.4713173e-01   2.3741213e-01  -1.0276251e-01   9.1137632e-02  -1.2380638e-02  -2.8478532e-02   2.7115901e-01   3.3474835e-02  -3.8221842e-01  -3.0287173e-01   2.4741728e-01   3.9603323e-01  -5.1700457e-01  -4.1943436e-02   1.6532932e-01  -3.7194540e-02   8.3278425e-02   2.8753477e-02  -1.4684182e-01   3.9694120e-01  -3.4661251e-02   2.1834781e-01   1.3535266e-02   2.2464863e-01   1.9805323e-01   2.2597998e-02   6.1317591e-02   2.4633989e-01   3.2445283e-02   2.2666338e-01   3.9596415e-01   3.6817858e-01   6.5112329e-02  -5.6928568e-02  -9.4235366e-02   1.4943098e-01   1.1159155e-01  -4.3429328e-01   2.8908128e-01  -2.4715228e-02  -1.8098282e-01   9.5714441e-02   2.8625660e-02   4.2115403e-01   4.4082889e-01   2.8410909e-01  -1.7521251e-01  -1.1414446e-01   8.2544981e-02   3.8132467e-01   9.8739528e-02  -1.6847826e-01   2.1719567e-01   1.3109678e-01  -2.4043241e-02   8.7493089e-03   2.8254745e-01  -6.9595252e-03  -3.2032028e-01  -3.9829654e-01   2.5786991e-01   2.1665655e-01   2.9392607e-01   2.5071937e-01  -1.6447329e-01   1.2871908e-01   8.8469230e-02   2.7122877e-02  -4.7435540e-01   4.1854649e-01  -1.7830491e-01  -1.9839883e-01  -9.9977451e-02  -2.8854696e-01   3.1720822e-01  -2.0711102e-01  -1.6126821e-02  -1.3365440e-01   2.6817958e-01   2.6023809e-01   8.1843273e-02  -1.8716702e-01   3.7699740e-01   1.6544865e-01   2.6237327e-01   1.2102296e-01   9.1609770e-02  -2.5862209e-01  -1.1288899e-01   4.6984635e-01  -1.2228969e-01   3.1720266e-01  -2.1351679e-01  -9.6133883e-02  -3.3629463e-01  -2.9058701e-01  -2.2002099e-01   2.2156890e-01  -9.1319311e-02  -1.4870768e-01   3.6484936e-01   1.3154625e-01  -2.0013878e-01   2.8117804e-01  -9.1096756e-02  -6.9516371e-02   1.3497942e-02  -1.9144154e-01  -3.0360009e-01   2.1865785e-01   1.2222801e-01   5.1062964e-01  -2.4565043e-01  -5.7353318e-02   7.5186215e-02   1.5880642e-01  -4.3459555e-01   1.0254407e-01  -1.9963692e-01   1.8532663e-01  -2.8433828e-01   1.0707756e-01   7.6764856e-02   1.9172055e-01  -3.0940954e-01   9.5335651e-02   3.9105117e-02   3.2120639e-01  -2.2897589e-01   1.6450694e-01   2.7007832e-02  -3.1354449e-02   1.9213470e-01   5.2234044e-01
   3.2421269e-01   2.3010301e-01   0.0000000e+00   2.5131178e-01  -2.7150641e-03   2.0928043e-01  -5.0155853e-01   3.9198078e-01   4.9899932e-01  -2.1216600e-01  -7.3810895e-02   4.4820239e-01   4.3320397e-01  -1.3047484e-01  -2.5700051e-01   4.7336940e-01   8.7903698e-01   1.5565881e-02   3.3818280e-02  -3.5459614e-01  -5.9739024e-01  -1.9001385e-01  -6.0973659e-01   2.3263557e-01   2.8858458e-01   4.5053701e-01  -2.2185418e-01  -1.1715941e-01   6.1108872e-02  -5.6032930e-01  -1.5255960e-01   4.3306532e-01   4.7244142e-01  -3.8750689e-01   2.4125809e-01  -3.9349802e-01  -1.5006577e-01   4.0789308e-01   1.9992879e-01   1.0029997e-03   1.0657059e-01   2.7848673e-01   4.8050947e-01   5.1467113e-02  -3.4260594e-01   6.7270432e-01  -4.0800502e-01  -5.3218597e-01   1.7372057e-01   2.0430025e-01   8.4989430e-02   3.1626589e-01  -4.3389576e-01   2.7115765e-01   1.3926908e-01  -1.3101072e-01   3.8178898e-01   2.6821522e-01   5.4107736e-02   2.5948569e-01   7.7915581e-01   8.8314355e-03   4.9645100e-01  -4.2044699e-01  -7.9274153e-02  -4.2384501e-01   3.7802618e-01   2.5511359e-01   1.2641761e-01   8.8416919e-01  -1.5979013e-01  -4.5438484e-01   4.7426073e-01   4.0937196e-01  -4.6484527e-02   3.9655927e-01   6.8105929e-01   2.6596640e-01  -3.0363636e-01  -1.2103709e-02  -1.4313525e-01   2.5118858e-01  -8.4203509e-02   2.8713361e-01   1.3143392e-01   4.5585158e-02   1.2802570e-01  -1.1689039e-02   4.0625652e-01   1.5051558e-01  -3.8165359e-01   8.2682533e-01  -9.6229756e-02   4.6131678e-01   5.5422983e-01  -4.2169475e-01   2.2202369e-01   4.4856916e-01   1.2261855e-01  -5.5869643e-01  -2.0068797e-01  -2.3198200e-01   1.4862023e-01   5.0597535e-01  -1.7622578e-01  -1.2164749e-01   4.4785175e-01   4.3793089e-01   1.3237584e-01  -5.7786453e-01  -1.6224143e-02  -5.7361684e-02   9.2762762e-02  -8.4746873e-02  -1.2146695e-01  -2.2549737e-01   3.7677857e-02  -1.2476368e-01   2.0273527e-01   6.9491069e-02   6.5627712e-01   1.3808391e-01   3.9966330e-01  -3.9147598e-02   5.1691505e-01   2.0297913e-01  -5.0625318e-01   1.8592663e-01   2.1458777e-01   6.3294489e-01   4.0532672e-01  -2.8183298e-01  -6.8308968e-02  -4.3797139e-01   1.2501748e-01   3.1775375e-01   6.5660599e-02  -3.3254824e-01   4.1933125e-01   2.6126534e-01   3.7691416e-01   1.6811637e-01  -1.6060464e-01   5.2139792e-01  -4.3632960e-01  -3.7914054e-01  -2.0863867e-01  -5.8596195e-01  -5.3637370e-01  -4.0933495e-01   4.2240781e-01   7.3949911e-03   7.2315594e-01  -9.5612070e-03   5.0065652e-01   2.7816231e-02   6.8338612e-01  -3.8702173e-02   8.3274649e-01   2.2760533e-01  -2.3689188e-01  -3.6034532e-02  -2.7188618e-01  -2.6979654e-01   3.6565452e-01  -1.8197875e-01   8.9966017e-02   6.8863924e-02   6.8249383e-01  -1.0565488e-01  -5.1310692e-02   7.9877031e-02  -2.2653198e-01   3.2706737e-01   1.1433469e-01   1.8490409e-01   4.1889362e-01
   7.2858188e-02   1.5970177e-01   2.5131178e-01   0.0000000e+00   7.1037031e-02   3.6177376e-01  -1.3937976e-01   2.2669849e-02   1.1700009e-01  -3.9200460e-01   4.1312743e-01  -1.9205069e-02   3.9988460e-01  -3.1740870e-01  -3.3569353e-01   3.8795845e-01   3.0062714e-01  -2.3542888e-02   4.0856810e-01   1.0574290e-01  -2.7846416e-01   1.8629043e-01  -2.0308367e-01  -6.1356887e-02  -1.7507814e-01   1.2037636e-01   1.4537590e-02   2.8410704e-02   2.2546064e-01  -7.0954452e-03  -4.5516673e-02   1.5392844e-01   8.0695292e-02  -9.5372213e-02  -1.8124527e-01   2.1725392e-01  -4.0257320e-01  -3.0302437e-01   3.4751079e-01   1.3786549e-01   2.6164885e-01  -1.7353018e-01  -5.1979544e-02   3.2986656e-01  -1.9378847e-01   9.1291013e-02   2.4313950e-01   4.3168319e-02  -3.0896897e-01   3.8115029e-01   2.8647101e-02   7.2841426e-02  -2.1376287e-01  -3.2318274e-01  -3.5977605e-02   1.3897473e-01   3.0056479e-01   3.4926426e-01   3.4593167e-01   1.7392138e-01   4.3028801e-02  -3.0150510e-03  -3.3205284e-02   4.6982096e-02  -1.3923985e-01  -1.3943320e-01   2.8714688e-01   2.0707192e-01   3.5731966e-01   1.6168786e-01  -7.9864043e-03  -7.5432812e-02   1.4502836e-01   3.8555152e-02  -3.5324550e-01   1.9759823e-01  -5.9116178e-02   2.3836081e-01   7.1608440e-02  -3.8664460e-01   3.3546564e-02  -3.1090053e-01   2.9132863e-01   1.6185632e-01  -8.2847297e-02   2.2682974e-01  -2.1928196e-01  -1.3747142e-01  -2.2533557e-01  -4.7151402e-02  -2.7285209e-01   2.3703228e-01   1.8087946e-01   1.7750872e-01   6.9458108e-04  -7.0246445e-02  -2.0411213e-01   3.3910710e-01   8.4576533e-02  -2.0047079e-01   1.6461596e-02  -3.1927872e-02   5.5841857e-02   2.0793142e-01   4.0189561e-02   4.0575919e-01  -3.1403167e-01   2.4341055e-01  -1.7702209e-01  -1.1683525e-01  -5.7282849e-02  -4.4784215e-02   3.2505626e-01  -1.5073117e-01   6.0929139e-02   1.8831588e-01   1.4692866e-01  -1.6554498e-01  -4.8009503e-02   3.4559916e-01   9.1714620e-02  -7.9515980e-02  -2.0324123e-01  -2.8441517e-02  -7.9227526e-03   3.0300463e-02  -1.5785278e-01  -3.5665572e-01   7.0261416e-02   2.0615017e-01   2.0053778e-01   1.4435002e-01   9.2733380e-02  -1.7237623e-01   5.8232060e-02   2.9343024e-01  -4.0689419e-01  -6.8111086e-02   1.9815442e-01   1.2844466e-01  -7.9575927e-02  -2.6442379e-01   3.5206545e-01   9.3442700e-02  -9.5997959e-02  -1.4270314e-01   1.3426651e-03  -1.8230450e-01  -1.4664873e-01  -1.6997011e-01  -2.4183936e-02   5.9883251e-02   6.7316417e-02   4.5507882e-01   2.8404349e-01   3.6288368e-03  -7.8643843e-02   2.9363661e-01   1.4006201e-01   1.0414031e-01  -7.1157954e-02   4.4974195e-01  -6.1576008e-02  -2.0568762e-01  -4.2209824e-02   2.1224733e-01   3.0339780e-01  -1.0759290e-01  -7.0787652e-02   4.0991746e-02   9.2598843e-02  -3.6879679e-01   3.4712260e-02   2.6002148e-01   1.0065792e-01  -3.8860165e-01   3.6603742e-01
  -2.0098343e-01   1.6915984e-01  -2.7150641e-03   7.1037031e-02   0.0000000e+00   2.5578578e-01   2.3890872e-01  -1.3909321e-01  -3.8406144e-01   2.6092098e-01   4.3105376e-01   1.8672174e-01   1.1306107e-01  -8.1722128e-03   2.1150981e-01   5.5905066e-02   2.1833605e-01   4.4429528e-02  -1.7366534e-02   6.8213728e-01   3.0288558e-01  -1.1733914e-01   8.6086484e-02  -1.8109182e-01  -2.6128915e-01  -1.4145807e-01   1.9026256e-01  -1.6157970e-01   8.2043259e-02   2.9809745e-01   2.3554176e-01  -2.5125730e-01  -2.7156897e-01   3.2178043e-01  -1.7101734e-01   6.3602051e-01   8.2679960e-02  -3.7687139e-01  -2.3715301e-01   1.9290010e-01   2.4198145e-01  -3.2752596e-01  -3.5811819e-01   3.1880723e-02   3.5480493e-01  -1.0648728e-01   3.8580721e-01   2.2146229e-01   9.2339531e-03   4.5585410e-01   2.5592495e-01  -3.9281213e-02   1.5214938e-01  -2.1102991e-01  -5.5461618e-02  -1.1843513e-01   2.5271189e-02  -1.9830700e-01   4.2461737e-01  -2.9246860e-01  -2.6424104e-01   4.0620916e-01  -3.9079979e-01   1.5701131e-01   3.9758043e-02   2.3970208e-01   2.6731048e-01   1.6647215e-01   3.6028239e-01  -4.4460679e-02   3.2769597e-01  -8.9266982e-02  -5.2355950e-02   3.9311249e-02  -1.2823759e-01  -1.0129516e-01  -3.6847974e-01   3.6688901e-02   5.7033401e-01  -3.3088836e-01   7.3221663e-02  -3.6207394e-01   1.9442087e-01   2.8930328e-02  -1.3838384e-01  -4.6470465e-03  -5.1034116e-02  -1.7788904e-01  -5.3454748e-01  -2.1046777e-01   5.0824371e-01  -1.9069274e-01   4.5365597e-01  -3.7557289e-01  -2.3047954e-01   7.0575137e-01  -1.7068258e-01   4.2123202e-02  -1.0539690e-01   2.4081470e-01   1.9149849e-01   6.9444470e-02  -2.1757341e-01  -2.3535338e-01  -6.2258978e-02   8.6149917e-02  -1.7486105e-01   2.6596010e-01   2.5259913e-01   3.9313427e-01   1.6829155e-01   1.5742823e-01   1.1588552e-01  -2.5676926e-01   1.0451520e-01   4.9064763e-01   2.3002637e-02   3.5982248e-01  -1.1538301e-02   7.9138219e-02  -7.3181896e-02   6.8896999e-01  -3.9301726e-01   5.0770545e-01  -2.1046562e-01  -3.4912557e-01   3.2079764e-01  -3.5672330e-01  -4.0834719e-01   1.3605285e-01  -1.3261625e-01   5.1615844e-01  -3.2483183e-02   4.1240684e-01  -3.9904644e-01  -8.3121628e-02  -3.9088352e-01   7.9130350e-02  -1.6539654e-01   8.3972641e-02  -9.2162942e-02  -2.1298351e-01   1.5182709e-01  -1.1154024e-01   4.2948727e-01   1.4812199e-01   2.8223730e-01   4.4671980e-01   4.2342338e-01   7.8441662e-02  -6.5264192e-02  -1.2407877e-01  -1.6719480e-01   2.3441542e-01   2.0564211e-01   3.5453809e-02  -1.6106257e-01   1.9518646e-01  -1.1912875e-01  -3.3504426e-02   3.2386744e-01   1.6976279e-01   4.4386973e-01   7.4858056e-02  -5.2380840e-02   3.9608801e-01   1.1201416e-01  -2.1406964e-01  -1.5949053e-01   3.6339092e-01   2.2986641e-01   3.6463809e-03   3.4293961e-01   1.7409780e-01  -2.3435324e-01  -2.6435499e-01  -9.8656066e-02
   4.0266128e-01   4.2239376e-02   2.0928043e-01   3.6177376e-01   2.5578578e-01   0.0000000e+00   1.0643531e-01   3.9854896e-01  -6.5133548e-02  -1.1919827e-01   1.6266881e-01   1.0495576e-01   1.8946352e-01  -1.5493919e-01  -4.2297838e-02   2.3156040e-01   2.8330189e-01   1.3407633e-01   5.4116130e-01   1.6340418e-01  -3.6846497e-01   1.5838013e-01  -2.0107051e-01   3.0444194e-01   1.3844087e-02   1.9447300e-01   2.0870776e-01   1.8011668e-01   2.7841398e-01  -3.9295441e-02  -2.2755294e-02   2.1509544e-01  -1.8754927e-01  -1.7443801e-02  -8.5780492e-02   2.7240118e-01  -4.1136725e-01  -1.9899088e-01   1.1288102e-02   4.6017505e-02  -4.1379468e-02  -1.8995176e-01   3.3088135e-02   4.8032150e-02  -1.0480713e-01   2.9753178e-01   2.9218516e-01  -1.6727878e-01   3.8437179e-02   5.2883402e-01  -2.3220029e-02   3.6238902e-01  -4.8567595e-01  -2.3587288e-02   4.4253574e-02   1.8935634e-01   4.8157046e-01   3.7481673e-01   1.3981875e-01   1.4769190e-01   1.5999685e-01   5.5335710e-02  -2.0036846e-01  -7.3904865e-02  -2.9229137e-01  -2.0660017e-01   7.3694629e-01   6.5371221e-02   6.6893487e-01   3.4847789e-01  -1.2434720e-01  -2.1140435e-01   3.2281795e-02   2.5394536e-01  -2.1894626e-01   4.5531552e-01   9.0378919e-03   2.1545561e-01   8.3231900e-02  -4.0739046e-01   3.0102179e-01  -4.3425627e-01  -1.1356557e-01   3.9417697e-01   2.2203694e-01   3.8042788e-01  -3.6912840e-01  -1.3198676e-01  -2.4268998e-01   2.8331567e-01  -9.4875895e-02   2.9726952e-01   1.5097914e-01   1.3633252e-02   4.3759839e-02   4.5291722e-02  -1.8110640e-01   4.6910541e-01   1.8674858e-01  -1.2773468e-01  -1.7595029e-02   1.8989194e-02   2.2865466e-01   2.5509758e-01  -4.3111003e-02   1.4564244e-01  -2.7039303e-01   5.9736598e-01   1.9364308e-01  -6.1602324e-02  -3.2129062e-01   4.9937985e-01   3.1468441e-01   6.3207179e-02   5.9443270e-02   1.1044816e-01   1.0337173e-01  -3.0169468e-01  -6.5004483e-02   1.7295553e-01   2.9528709e-01   9.0903594e-02  -2.1388703e-01   8.1198858e-02   1.8107704e-01   1.0862461e-01  -1.3513784e-01  -2.5486656e-01   4.9020750e-04   2.8734075e-01   2.5991667e-01   7.8679498e-02   2.6259588e-01   1.0889594e-03  -1.2842968e-01   1.9995538e-01  -4.0047433e-01  -1.8626387e-01   3.2777371e-01   1.5798169e-01   1.6738419e-01  -2.0532329e-01  -1.0142768e-01   4.2993505e-02   3.0509216e-02  -6.6718390e-02   3.7808375e-02  -1.8351267e-01   2.1639965e-02  -4.9866726e-01   2.6702881e-01   3.0868340e-01   2.1683520e-01   9.3888555e-02   2.1787591e-01   1.8688495e-01   1.4364139e-01  -1.7395023e-02   3.0956815e-01   4.0186504e-01  -7.1361973e-03   2.4809988e-01  -7.1171199e-02  -1.5384113e-01   1.0578264e-01   5.4185519e-02   2.3753392e-01   6.9532434e-02  -1.3904956e-02  -1.6683970e-01  -1.2249845e-01   6.1278678e-03  -1.4689579e-01   6.8221279e-01   1.6534166e-01  -4.6807860e-01   2.3259974e-01
  -4.8863120e-01  -8.1394034e-02  -5.0155853e-01  -1.3937976e-01   2.3890872e-01   1.0643531e-01   0.0000000e+00  -4.3568800e-01  -4.1140788e-01   3.0116036e-01   3.3429614e-01  -3.0354307e-02  -1.3695783e-01   3.3141788e-01   2.5919108e-01   1.3923879e-01  -4.2955417e-01  -1.1307616e-01  -5.3588930e-02   3.0722848e-01   3.6335717e-01   1.6070748e-01   4.1443808e-01  -4.5897041e-01  -3.2440744e-01  -3.5779023e-01   2.4218544e-01   2.0163581e-01  -1.2697297e-01   6.4414931e-01   2.2327186e-01  -5.3671317e-01  -5.3273894e-01   6.3081464e-01  -1.2861438e-01   4.6628195e-01  -3.7443780e-02  -4.7062287e-01   9.3479746e-02   3.0572817e-01   6.8819539e-02  -3.8408353e-01  -4.0860686e-01   1.6755669e-01   4.6987280e-01  -5.0236932e-01   3.2553988e-01   6.6097886e-01   6.2210178e-02   2.4184713e-01  -4.3666809e-02  -2.5995825e-01   4.1310719e-01  -3.5601460e-01  -2.6973168e-01   6.3288392e-02  -3.8095409e-01  -3.6721051e-01   3.6954411e-01  -5.1617129e-01  -5.9565209e-01   2.7088601e-01  -4.1331936e-01   4.8305330e-01   1.3995532e-01   2.7019540e-01  -1.2066539e-01  -2.3396516e-01  -2.7913592e-02  -3.4584431e-01   3.3267854e-01   2.3632042e-01  -5.2175657e-01  -3.2647361e-01  -2.0165962e-01  -4.1676643e-01  -5.4072147e-01   2.4460998e-02   3.3080191e-01  -2.4601240e-01   5.5683680e-01  -2.9044162e-01   3.1276235e-01  -2.4698363e-01  -8.4327239e-02  -1.7221261e-01   9.9648135e-02  -1.1286333e-01  -5.4608861e-01  -3.0880033e-01   2.3284628e-01  -6.1484218e-01   3.0593522e-01  -2.7504059e-01  -4.4881244e-01   3.0911736e-01  -4.1040825e-01  -4.9137280e-01  -2.2786475e-01   4.2142839e-01   4.7821327e-01   3.2852393e-01  -7.4030581e-03  -5.2021268e-01  -3.2227435e-02   1.5486776e-01  -3.3371406e-01  -2.9337244e-01   2.2327252e-01   4.1803433e-01   1.8616307e-01   3.0579784e-01  -2.2017146e-02  -3.1688289e-01   3.9751280e-01   3.6742011e-01  -5.5613227e-02   1.0332910e-01   1.0685534e-01   2.7332059e-01  -5.4992766e-01  -5.1177451e-02  -4.3972369e-01   2.8820379e-01  -4.8864482e-01  -3.0525267e-01   5.5836636e-01  -3.4028174e-01  -3.0202576e-01   1.1493805e-01  -5.0885761e-02   5.6775940e-01  -7.2585374e-02   5.0821442e-01  -2.3331063e-01  -2.6731107e-01  -3.3146380e-01   5.2729780e-01  -3.9887133e-01  -3.4495322e-01  -4.3383412e-01  -2.3858011e-01   1.4599681e-01  -1.4173496e-01   5.3947129e-01   5.4051825e-01   7.0217387e-01   5.4110309e-01   4.3906330e-01   2.2658382e-01  -2.2860035e-01   2.5340097e-01  -6.2217800e-01   1.4574860e-01  -1.0234008e-01  -2.2714323e-01  -5.5444077e-01   3.1949071e-01  -5.7435915e-01   2.2641066e-02   6.6299242e-02   9.3854973e-02   4.0654908e-01   2.9888675e-01  -2.2978242e-01   2.8439266e-01  -2.1678487e-02  -1.7470120e-01  -5.7308459e-01   3.0572726e-01   1.9501371e-02  -1.6964641e-01   2.4684616e-01  -2.4026123e-01  -9.7333023e-02  -2.3903471e-01  -3.0603941e-01
   4.9939970e-01  -1.7821833e-01   3.9198078e-01   2.2669849e-02  -1.3909321e-01   3.9854896e-01  -4.3568800e-01   0.0000000e+00   3.1016391e-01  -3.5388732e-01  -9.6560919e-02   1.5558617e-01   4.6486237e-02  -2.3815469e-01   9.8034892e-02  -1.2865872e-03   4.1848080e-01   4.0291426e-02   4.5821017e-01  -2.1996276e-01  -5.4057242e-01  -2.1682398e-01  -4.1640467e-01   3.7398556e-01   1.6711755e-01   7.7926659e-01  -3.7857324e-01   2.2010437e-01   5.4848186e-01  -5.3732030e-01   1.1974347e-01   6.6959884e-01   4.0280234e-04  -4.1846090e-01   4.2569236e-02  -2.5269830e-01  -1.5864733e-01   1.4787737e-01  -1.4065947e-01  -3.5239980e-01  -1.6303773e-01  -5.6623206e-02   5.2206258e-01   2.3232315e-02  -4.9442796e-01   6.7026790e-01  -2.8366742e-01  -5.2181732e-01   2.2924147e-01   6.5497164e-02  -1.0552140e-01   8.6553808e-01  -5.9395226e-01   8.7406447e-02  -9.4267666e-02   2.5630354e-01   6.6647304e-01   4.8438477e-01  -2.5521710e-01   4.1457980e-01   6.4080695e-01  -2.0878105e-01   1.8167945e-01  -3.2186292e-01  -3.9234617e-01  -2.8042927e-01   4.2026360e-01   4.0744878e-01   3.2952753e-01   4.4691004e-01  -1.6414074e-01  -4.5783157e-01   2.3343990e-01   2.7275351e-01   8.3281222e-02   7.2816982e-01   4.8578502e-01   4.0076092e-01  -1.0226012e-01  -2.1046776e-01   1.7887456e-01  -7.5152070e-02  -4.5709416e-01   7.3238667e-01   2.9538193e-01   5.0284938e-01  -1.1830763e-01  -2.1514381e-01   9.7039559e-02   4.9331999e-01  -1.2884014e-01   5.9963293e-01  -1.9966067e-01   2.7491379e-01   4.4954043e-01  -4.1880606e-01   3.0718345e-02   8.0713939e-01   2.0997582e-01  -5.5702354e-01  -3.5651842e-01   1.9879524e-01   5.8997020e-01   4.8084786e-01   9.0353852e-02  -2.8609343e-01   1.8026431e-01   8.1823486e-01  -2.9116102e-02  -5.5628530e-01  -1.3843056e-01   3.8284456e-01  -4.2650968e-02   3.4676624e-01  -1.0493744e-01  -8.6462529e-02   3.2181540e-01  -1.5608885e-01   1.6541513e-02  -6.0812512e-03   5.1996065e-01   1.1829121e-02   6.7881948e-02  -2.1660483e-01   6.2140202e-01   2.0829583e-01  -4.2390822e-01  -2.3245291e-02   2.4284910e-01   1.9072232e-02   3.3233518e-01  -3.6093269e-01  -4.5013951e-02  -4.2466070e-01  -8.6414132e-02   7.2485409e-01  -9.4177232e-02  -3.2471513e-01   8.2340490e-01   3.1598607e-01   3.5534892e-01   7.7109181e-02  -1.1522780e-01   9.6347033e-02  -1.7247823e-01  -1.3645915e-01  -3.8252172e-01  -4.5101176e-01  -3.8578881e-01  -5.0733494e-01   5.6992116e-01   3.6966984e-01   3.6037925e-01  -5.6681654e-02   1.0260509e-01   1.8588239e-01   4.0880489e-01  -2.2242902e-01   5.4622632e-01   6.7831346e-01   7.5992582e-02   1.9725487e-01  -3.8700665e-01  -8.0379271e-02   2.6712382e-01  -1.3692837e-01   5.1933856e-02   3.5310130e-01   2.6036819e-01  -4.0546936e-01  -5.9216076e-02  -5.2560239e-03  -4.4786083e-01   5.7545408e-01   6.9297201e-02  -2.9359927e-01   1.0242909e-01
   3.6604999e-01   1.6551903e-01   4.9899932e-01   1.1700009e-01  -3.8406144e-01  -6.5133548e-02  -4.1140788e-01   3.1016391e-01   0.0000000e+00  -1.9557107e-01  -4.6811154e-01   3.1342888e-01   3.0764309e-01  -1.1250901e-01  -4.4038047e-01   2.0604853e-01   4.1873533e-01  -6.4862866e-02  -9.2856501e-02  -5.8403418e-01  -5.8480635e-01   1.5637316e-01  -5.2760969e-01   3.5372099e-01   5.7334041e-01   2.9274387e-01  -4.8154901e-02  -1.9671091e-01   1.3228937e-02  -4.3790643e-01  -2.6246687e-01   5.0046353e-01   6.4732574e-01  -5.8002076e-01   5.8022630e-01  -6.7166665e-01   2.1100149e-02   4.3086373e-01   1.4465725e-01  -3.7605657e-02  -3.3170783e-02   6.0820038e-01   7.6927786e-01  -1.8465091e-01  -3.4760739e-01   2.6939214e-01  -5.1631734e-01  -4.6967175e-01   2.7081097e-01  -1.1445062e-01  -1.3898262e-01   6.7931445e-02  -4.0842762e-01   4.7788819e-01   3.8674100e-01  -2.6275208e-01   9.4700499e-02   4.7106595e-01  -2.7668196e-01   6.4912733e-01   5.9640654e-01  -2.4335055e-01   8.0572010e-01  -4.3892747e-01   8.4383028e-02  -3.3217951e-01   1.3050390e-01   3.3065172e-01  -1.5541295e-01   4.0587142e-01  -2.9470779e-01  -4.8405884e-02   3.0508186e-01   2.2651527e-01   3.5487031e-01   4.5135507e-01   4.9080344e-01   1.9283164e-02  -4.5233394e-01   4.3446344e-01  -3.6401000e-01   4.4128678e-01  -4.5733259e-01   2.3182706e-01  -1.4203464e-01   3.2018252e-02   2.6765821e-01   2.9925356e-01   6.0353142e-01   1.4686794e-01  -3.8039705e-01   5.6136544e-01  -3.7236763e-01   8.6944649e-01   3.2474092e-01  -5.5126405e-01   5.5418611e-01   2.6126034e-01   1.4222968e-01  -3.0461702e-01  -5.1088425e-01  -3.7015956e-01   9.1585268e-02   7.5837788e-01   9.4958123e-02  -9.5585922e-03   3.6564505e-01   1.4999763e-01   1.6365952e-01  -7.1493167e-01  -1.6923772e-01  -6.3816466e-02   2.4712890e-01  -4.6821601e-02  -4.2426447e-01  -2.3780777e-01  -1.4034671e-01  -1.8493099e-02  -7.6579424e-02   9.8059755e-02   3.4560310e-01  -2.2925538e-02   7.0867991e-01  -2.8665469e-01   1.8458843e-01   4.1541316e-01  -4.7674741e-01   5.0621564e-01   6.3077835e-01   1.6616622e-01   1.6735653e-01  -4.4214031e-01  -9.3396922e-02  -6.4275760e-01   6.0046153e-01   2.4698947e-01   5.1350593e-01  -4.5520349e-01   3.7888690e-01   2.5154005e-01   4.7639852e-01   2.8824660e-01  -2.8718269e-01   3.0052938e-01  -5.0741375e-01  -3.7756268e-01  -3.5000033e-01  -7.0468099e-01  -6.1691933e-01  -2.1214986e-01   1.7395054e-01  -2.0109939e-01   5.0650948e-01  -2.3656265e-01   2.3518269e-01   2.2838505e-01   4.2471313e-01  -1.8468124e-01   6.0832437e-01  -4.9240501e-03   2.1394340e-02  -1.3732405e-01  -5.1734242e-01  -1.8927994e-01   4.7567145e-01  -9.0519217e-02  -1.0064267e-02   5.0092788e-02   4.9250844e-01  -4.2893729e-01   1.1050243e-01   1.3257311e-01  -2.7909641e-01   4.6159165e-02   2.3412957e-01   4.6805682e-01   5.9496537e-01
  -2.4292230e-01   1.1124749e-01  -2.1216600e-01  -3.9200460e-01   2.6092098e-01  -1.1919827e-01   3.0116036e-01  -3.5388732e-01  -1.9557107e-01   0.0000000e+00   5.2677454e-02   1.2691107e-01  -7.3667640e-02   2.3794589e-01   3.5545602e-01  -1.6774553e-01  -8.3726845e-02   2.0466131e-01  -3.5141647e-01   2.4944356e-01   4.7474264e-01  -7.9117145e-02   4.1969852e-01  -2.2619867e-01  -1.2843271e-01  -3.1158085e-01   4.0769353e-01  -1.7623009e-01  -1.2780459e-01   2.0884058e-01   2.6628904e-01  -3.8998806e-01  -1.9503729e-01   5.0057118e-01   9.1986740e-02   1.7021246e-01   5.7194216e-01  -2.8783351e-01  -1.8168236e-01   3.9272043e-01  -7.7154563e-02  -1.1084380e-01  -2.2838438e-01  -2.2566162e-01   2.4983919e-01  -4.4543771e-01   9.3553910e-02   2.2703270e-01   3.1444594e-01  -1.2420939e-02   2.6946715e-01  -3.5171975e-01   3.0552028e-01   3.6815357e-02   3.3434156e-02  -2.6320420e-01  -2.2109693e-01  -4.1805920e-01   2.7778896e-02  -2.1899461e-01  -3.8668230e-01   3.8902415e-01  -1.1411710e-01   2.7655773e-01   1.8370783e-01   5.0015611e-01   1.0892502e-02  -2.9067288e-01  -1.0673601e-01  -1.8735712e-01   2.4120297e-01   2.3185008e-01  -1.0987464e-01  -6.8862316e-02  -8.5770930e-03  -3.4783667e-01  -4.3921520e-01  -1.7001663e-01   3.7505605e-02   1.3089284e-01   1.0526544e-02   8.6591277e-02  -2.7153219e-03  -3.0538248e-01  -2.2759475e-01  -3.0312400e-01   2.0771518e-01  -7.9655794e-02  -1.6744086e-01  -3.3835500e-01   4.5214380e-01  -4.2808733e-01   4.6478551e-01  -2.5096653e-01  -4.3015660e-01   3.7965265e-01   6.9793152e-02  -4.4383740e-01  -1.7785674e-02   4.7243218e-01   2.7736880e-01  -4.2422141e-02  -2.5473987e-01  -1.8196714e-01  -7.4127574e-02  -1.9258183e-01  -5.1612899e-02  -3.4656533e-01   3.9473365e-01   3.7166306e-01   2.8114919e-01   6.2613075e-03  -2.7025356e-01  -2.7253324e-01   1.4934288e-01   8.1607607e-03  -1.5047087e-01   4.0838669e-01   1.1918028e-01  -2.4443966e-01  -4.4887709e-01   3.6878825e-01  -4.8231630e-02   2.7954049e-01  -4.8560895e-01  -2.6927682e-01   2.3216177e-01   5.6621993e-02  -2.2230842e-01   6.7306425e-02  -1.3698395e-01   1.7536304e-01   6.6368798e-02   4.9957903e-01  -9.9487294e-02  -2.4564387e-01   4.3143600e-02   2.7772386e-01  -4.3316156e-01  -4.0244204e-01  -1.4659153e-01  -6.8466338e-02   7.8301486e-02   1.6426260e-01   3.3586331e-01   1.2509870e-01   4.9397290e-01   4.0331381e-01   5.2477884e-01   3.5026866e-01  -2.3943475e-01  -6.9899274e-02  -2.8158865e-01   5.4782464e-02   1.4778067e-01  -2.0921648e-01  -2.8837351e-01   7.8339107e-02  -3.0919685e-01  -2.9872466e-01   7.6568469e-02  -1.1954821e-03   5.3710195e-01  -4.2883135e-02  -2.4840489e-02   9.8456668e-02  -4.4978843e-02  -2.5793988e-01  -1.2047547e-01   3.3286342e-01   1.1910970e-01  -1.5653261e-01   2.3979872e-01  -4.6178073e-02  -1.5899650e-01   1.6599516e-01  -1.6587869e-01
  -3.7022709e-01   3.0607777e-02  -7.3810895e-02   4.1312743e-01   4.3105376e-01   1.6266881e-01   3.3429614e-01  -9.6560919e-02  -4.6811154e-01   5.2677454e-02   0.0000000e+00  -5.9153766e-02   7.4986329e-02  -1.0492257e-01   2.8419725e-01   2.3516862e-01   6.6983350e-02   9.1850214e-02   1.7791481e-01   5.3918870e-01   3.1561967e-01  -2.8184869e-01   3.9908845e-01  -4.6568288e-01  -4.4207706e-01   9.9571613e-02  -7.8107772e-03   2.0347313e-01   2.4533872e-01   2.5379873e-01   5.4010936e-01  -3.7360108e-01  -3.8449340e-01   5.4206075e-01  -4.1298497e-01   6.9802250e-01  -1.4039338e-01  -5.6460752e-01   1.7549199e-01   2.4218591e-01   2.7548082e-01  -5.4752047e-01  -4.0533928e-01   5.0715153e-01   2.7726867e-01  -1.1489790e-01   5.3678992e-01   5.5812406e-01  -2.2383883e-01   4.1758882e-01   4.2425040e-01   1.0534467e-01   2.6184751e-01  -6.6476271e-01  -4.6183985e-01   2.0703668e-01   9.5066900e-02  -3.0310309e-01   4.9673832e-01  -4.7479132e-01  -3.3629107e-01   4.7534751e-01  -4.4243249e-01   5.3410101e-01   8.7195105e-02   3.1099349e-01   8.1434476e-02   9.6045200e-02   3.9168562e-01  -1.1108323e-01   3.6408454e-01   2.1218276e-02  -1.5405291e-01  -2.7014176e-01  -5.7153653e-01  -2.0907945e-01  -3.3848419e-01   3.0707721e-01   3.8464163e-01  -4.8759054e-01   4.1969771e-01  -4.1956942e-01   5.6597593e-01   6.7563354e-03  -8.7807954e-02   9.3678672e-02  -2.4752963e-02  -4.2705714e-01  -6.2778250e-01  -2.4489554e-01   2.6254983e-01  -2.4990408e-01   5.0838207e-01  -3.3621241e-01  -2.3492606e-01   3.2859567e-01  -3.6382656e-01   3.8696052e-02   9.1049002e-02   1.3823934e-01   4.1831285e-01   5.0977561e-01   1.0219891e-01  -4.5365335e-01   3.6697633e-02  -7.7785658e-02  -3.0736332e-01   6.1812462e-02  -2.5336123e-01   4.0509528e-01   3.8692190e-01  -2.9214300e-02  -1.6024302e-01  -2.4072085e-01   5.0995239e-01   4.6220340e-01   2.4809884e-01   5.6683450e-02   8.6363079e-02   3.3669987e-01  -2.4161059e-01   3.2035575e-02  -5.9169297e-01   4.1244236e-01  -1.4567884e-01  -4.3693247e-01   4.5089307e-01  -5.1601359e-01  -5.5286619e-01   1.3929246e-01   1.8209957e-01   5.9498514e-01  -1.2256457e-01   4.7479482e-01  -4.4836791e-01   2.3174272e-01  -5.5938586e-01   4.7394676e-01  -9.4715285e-02  -1.9793478e-01  -3.0865400e-01  -5.9952969e-01   5.9498320e-01  -4.7221649e-02   5.6024123e-01   3.7271545e-01   4.0109594e-01   5.3549652e-01   4.1177403e-01   1.7587487e-01  -1.4098073e-01   2.2605004e-01  -3.7358339e-01   6.6526002e-01   1.4453259e-01  -2.6651774e-01  -3.2404145e-01   5.8968805e-01  -2.8189313e-01   1.9278760e-01   1.5923865e-01   6.1257841e-01   5.1328387e-01  -4.6402173e-02  -4.5886813e-01   2.7643998e-01   1.5852898e-01  -1.2406231e-01  -3.0752266e-01   4.0107444e-01   1.1084589e-01  -4.9558513e-01   3.4311285e-01   9.0105208e-02  -1.1753037e-01  -4.5161028e-01  -2.8776612e-01
   1.5044467e-01   5.8853556e-01   4.4820239e-01  -1.9205069e-02   1.8672174e-01   1.0495576e-01  -3.0354307e-02   1.5558617e-01   3.1342888e-01   1.2691107e-01  -5.9153766e-02   0.0000000e+00   2.3290862e-01   1.3785256e-01   2.7933406e-02   2.9817013e-01   5.3850245e-01  -1.7652698e-01  -1.3077278e-01   8.8556004e-02  -3.6661873e-01   1.4026231e-02  -4.1760257e-01   1.1673635e-01   2.1344524e-01   1.4832778e-01  -1.2029760e-01  -2.7331000e-01   9.4276046e-02  -3.5912927e-03  -1.1008711e-01   1.8122360e-01   2.7285901e-01  -1.0203685e-01   5.5126414e-01  -7.4608937e-02  -1.5267602e-01  -4.8717946e-02   7.0171928e-02   1.6836223e-01   1.1206390e-01   1.2431402e-01   5.4173237e-01  -8.8995799e-02   4.5934497e-02   1.2279742e-01  -5.7579748e-02  -3.5861659e-01   1.3900902e-01   4.1821412e-01   4.4837214e-02   6.8428719e-02  -4.4917186e-01   1.7232932e-01   2.0240743e-01  -2.9611902e-01   1.2982376e-01   2.2021757e-01   1.5524392e-01   2.0572179e-01   2.6116584e-01   5.9798734e-02   4.4703737e-01  -3.1299256e-01  -1.1823651e-01   3.9999847e-02   2.1660015e-01   1.4002568e-01   1.7840804e-02   2.8327700e-01   1.3277657e-01  -1.8212596e-01   1.6168034e-01   4.5718630e-01   2.8180954e-01   2.8235027e-01   9.8187332e-02   4.0470704e-02   2.8524065e-01  -4.8869366e-02  -2.1837420e-01   1.9365194e-01  -1.0743017e-01   1.5336690e-01   1.3055942e-01   6.6054766e-02   2.9285121e-01   2.0436403e-02   2.0145786e-01   9.7306071e-03  -1.2825251e-01   2.6039356e-01   2.4088170e-01   2.5618575e-01  -4.6495613e-02   7.5638332e-02   2.3749009e-01   1.9151297e-01  -1.2285459e-01  -1.0912557e-01  -2.2971681e-01  -1.5245022e-01   5.7221761e-03   4.5099424e-01   1.9695958e-01   2.1931976e-01   4.7055035e-01   1.8611447e-01   3.6989199e-01  -2.9390351e-01   2.1439328e-01   4.6284244e-02   2.6311493e-01  -2.0327403e-01  -3.1445838e-01  -1.4734061e-01  -2.1245697e-01   3.8611500e-01  -6.7274834e-02   1.2093049e-01   7.4285517e-02   4.7675729e-01   3.1900615e-01  -1.2016304e-01  -7.0609937e-02   3.2522602e-01  -1.4917727e-01   1.7980638e-01   2.3710832e-01   2.6163377e-01  -3.3146741e-02  -1.7746746e-01   1.6195046e-01  -2.6293604e-01   1.9652285e-01   1.0314835e-01  -1.0235646e-01  -4.1374663e-01   1.2110713e-01   1.8846818e-02   3.4184315e-01   1.0682627e-01  -2.9627046e-01   4.5735915e-01  -8.8201369e-04  -1.1792917e-01   2.6037502e-01  -3.0714634e-01  -1.3057537e-01  -3.0638814e-01   1.8306079e-01  -1.4774608e-01   2.2182128e-01   6.8991315e-02   5.9693651e-01  -6.0160145e-02   6.7480204e-02  -2.7237415e-02   3.3968251e-01   5.6012439e-02   2.9810209e-01  -1.2830064e-01  -4.3761065e-03  -1.0882402e-01   5.3881607e-01   1.0484395e-01   2.5971918e-01  -1.0111333e-01   2.3979252e-01  -2.0713856e-01   3.8002024e-01  -1.4410705e-01  -2.0967683e-01   2.3423676e-01   2.5286624e-02   1.3727776e-01   4.1444882e-01
   1.6553034e-01   2.5708088e-01   4.3320397e-01   3.9988460e-01   1.1306107e-01   1.8946352e-01  -1.3695783e-01   4.6486237e-02   3.0764309e-01  -7.3667640e-02   7.4986329e-02   2.3290862e-01   0.0000000e+00  -2.7001793e-01  -9.1727059e-02   4.8400521e-01   3.9227116e-01   2.7784262e-01   6.3097356e-03  -1.9798408e-01  -2.5120727e-01   1.5850564e-01  -1.6098208e-01   1.4570344e-01  -1.5171108e-01   3.3442298e-02   2.1101490e-01  -1.1182202e-01   1.7217741e-01  -1.5179693e-01  -5.0328263e-02   3.4545909e-01   1.8373546e-01  -9.2594663e-02   8.3354753e-02  -6.1190741e-02  -1.2557748e-01  -6.6872527e-03   3.5930978e-01   2.7177437e-01   5.1967728e-01   2.7682978e-02   2.0375511e-01  -2.8429733e-02  -1.8906023e-01   1.6682508e-01  -3.6169854e-03  -1.3780458e-01   1.8045462e-01   1.7824924e-01   3.9140278e-02  -1.7971036e-02  -3.7595630e-01   1.8139177e-03   4.3934013e-02  -2.6988861e-01   9.8487411e-02   3.3266784e-01   2.9608498e-01   1.8333328e-01   1.8396649e-01  -3.0052567e-03   2.3732900e-01  -1.0861530e-01  -1.7125259e-01  -2.0439761e-01   2.3328315e-01   2.4633092e-01   3.0192664e-01   4.1306159e-01   5.4527424e-03  -5.7324107e-02   4.7082797e-01   1.2918192e-01  -1.1487165e-01   1.9161099e-01   1.4733202e-01   1.5760600e-01  -2.1129228e-01  -1.2058418e-01  -6.7105261e-02   3.2988926e-01  -1.9527704e-01   1.2069683e-01  -1.0390753e-01   7.2742530e-02   4.7722738e-03  -1.3324240e-01   9.0484100e-02  -1.7473542e-01   3.7842374e-02   3.2124500e-01  -8.1190957e-02   3.1366574e-01   1.3724274e-01  -1.1096169e-01   1.1388502e-01   1.0923411e-01   2.5934452e-01  -1.7655651e-01  -2.5186142e-01  -1.1288267e-01  -5.4861238e-02   2.7177453e-01   1.0866686e-01   2.9815695e-01  -1.3373432e-02   1.9595833e-01   1.0115968e-01  -2.4560438e-01  -1.2149740e-01   2.3387469e-02   2.5900106e-01  -3.0483249e-01  -1.5467291e-01  -1.2228633e-01  -1.3680020e-01   6.6666541e-02   1.4218723e-01   3.6725759e-01   1.5088402e-01   2.9535176e-01   1.1129592e-01  -1.4853024e-01   7.4438712e-02   6.1883794e-02  -2.5088519e-01  -1.2973311e-01   3.4104881e-01   3.9577138e-01   3.1142682e-01  -2.3447767e-02  -5.6230456e-02  -2.6335640e-01   3.0473717e-01   1.6335143e-01  -4.9709594e-02  -1.7345445e-01   1.8671472e-01  -1.7281982e-01  -3.7984537e-02   2.6553359e-01   1.2624861e-01   2.2360256e-01  -2.5094608e-01  -1.5669007e-01  -1.1630119e-01  -2.6129878e-01  -1.8861963e-01  -1.6218689e-01  -4.7854322e-02  -1.6985906e-01   1.6382999e-01   3.4823894e-02   4.5221159e-01  -1.0519789e-01   7.0976267e-02   3.5830820e-01   2.9672443e-01  -7.0739914e-03  -1.9349078e-01  -1.7319439e-01  -2.1578407e-02   1.8771739e-01   1.2464164e-01  -1.7255062e-01   1.8707763e-01  -1.0254087e-01   1.7262298e-01  -8.6905917e-03   8.9648939e-02  -2.3521246e-01   2.3288232e-01   2.1515982e-01  -3.2763673e-02  -2.9712024e-02   4.6814191e-01
   1.7318725e-02   1.9158640e-01  -1.3047484e-01  -3.1740870e-01  -8.1722128e-03  -1.5493919e-01   3.3141788e-01  -2.3815469e-01  -1.1250901e-01   2.3794589e-01  -1.0492257e-01   1.3785256e-01  -2.7001793e-01   0.0000000e+00   2.2301698e-01  -5.3376038e-02  -1.7835645e-01  -3.8455639e-01  -3.5364883e-01  -1.8344443e-01   3.1262080e-03  -1.9035552e-01  -6.4944072e-02   6.2849320e-02   1.7687933e-01  -1.9555817e-01  -2.4075113e-01   3.0275454e-01  -4.9751309e-01   2.3123581e-01  -5.9574087e-02  -3.3896317e-01   2.0189978e-01   3.2282097e-01   2.8499769e-01  -1.8754031e-01   1.8462518e-02   4.3212575e-02  -1.5477836e-01   5.5579121e-03  -3.2716246e-01   2.9295314e-01   6.5335403e-02   2.1856271e-01   3.2199229e-01  -1.6431900e-01  -2.1782921e-01   9.5972751e-02   1.1504356e-01  -1.3195217e-01  -5.8092274e-02  -3.0993155e-01   2.0213213e-01   3.1474735e-01   2.5988383e-01   1.3323091e-01  -3.8292535e-01  -1.4449308e-01  -1.9322004e-01  -2.6820131e-01  -5.0431477e-02  -5.3656546e-02   9.9578791e-02   1.7874266e-01   1.2783454e-01  -1.4014155e-01  -2.4746686e-01   2.5008292e-04  -1.9540595e-01  -8.6537638e-02   2.2765806e-02  -1.7625845e-01  -1.3801860e-01   4.2370102e-01   1.3982898e-01  -2.2666400e-02  -2.9990752e-02  -1.3455861e-01   2.4007921e-02   2.3353985e-01   2.1784170e-01   1.3734871e-01   2.5945858e-01  -3.3678597e-01   4.8121248e-01   1.2252432e-01   5.1656452e-01   5.0560225e-01   7.7167638e-02   2.2265431e-01  -8.4165216e-02  -1.7692823e-01   1.8993757e-01  -6.3678790e-02  -1.6567317e-01   1.1646163e-01   2.6234039e-03  -2.6468137e-01  -4.7953343e-01   1.3472501e-01   4.7963152e-01   9.8502726e-02   3.2126454e-02  -3.3637109e-02   2.5747363e-01  -7.5259968e-02   2.4187496e-01  -2.3457333e-01   3.1517194e-01   1.2196127e-01   2.4320419e-01  -2.7842047e-02   1.0568252e-01   2.2481889e-01   4.2272794e-01   5.4298408e-03  -2.0416884e-02  -1.1064323e-01   3.0829411e-01  -3.0248994e-01  -2.6250543e-01  -8.2362026e-02   2.5840228e-01   3.1543825e-01  -1.7219703e-01   3.5969386e-01   2.3928073e-01   3.7660988e-01  -1.7339873e-01  -6.2370602e-02  -2.0894139e-01   1.0942075e-01   2.9562562e-01  -1.4720898e-02  -6.6030984e-02  -2.1610418e-01  -2.5273937e-02   2.2011480e-01  -1.6905242e-01  -5.2174590e-02   1.5110303e-01   3.9887002e-02  -2.6712782e-01   2.3106232e-01   2.3690769e-01   3.8332572e-01   3.5549053e-01   3.6470969e-02  -7.5009661e-02  -5.4535504e-02   3.2785500e-01   2.7768648e-01   3.6148411e-03  -6.4905956e-02  -1.8993785e-01   9.3829320e-02  -4.2490878e-02  -2.7247775e-01  -1.1859160e-01  -1.3948994e-01   7.0290983e-02  -1.4501110e-01   8.7677822e-02   1.0465735e-01   1.0526874e-01   1.9829934e-02  -2.1384137e-01   3.1992299e-01  -1.2618967e-01   3.1739420e-01   7.9567770e-02   3.2593196e-02   7.1275215e-02  -2.7242023e-01   2.9717385e-01   2.5088958e-01  -1.1051223e-01
