   0.0000000e+00  -2.9282582e-01  -3.0980085e-02   5.3874127e-02  -5.3543955e-01  -1.6878672e-01  -5.3790638e-01   4.8207426e-01   2.7149566e-01  -5.1841736e-01  -2.5170972e-01  -4.2685772e-01  -3.5253062e-01   6.4960989e-01  -3.8208975e-01  -1.5373035e-01   9.5100656e-02  -1.6684384e-01   3.7925817e-01  -4.5895124e-01  -5.4422925e-01   7.2146256e-02  -4.2296797e-01   5.9999826e-01  -2.2415959e-02   5.1714804e-01  -4.5326673e-01   2.1494517e-01  -5.2589017e-02  -4.1390133e-01  -2.7106349e-01   2.5982694e-01   4.8787868e-01  -4.1998706e-01  -4.9586210e-01  -5.7815933e-01  -2.1825701e-01   3.9295559e-01  -3.5859710e-01  -5.1794666e-01  -5.2276907e-01   3.2673457e-01  -1.2428589e-01   6.2649486e-02  -5.0589850e-01   6.3504626e-01  -4.4865737e-01  -5.6413045e-01  -2.5005272e-01  -1.1294827e-01  -2.3431571e-01   5.6308443e-01  -4.6562092e-01  -1.3181899e-02   4.8259436e-01  -1.8774524e-01   2.1102457e-01   1.9626519e-01  -3.9876880e-01   3.5581140e-01   4.0401539e-01  -3.6775484e-01   5.9440885e-02   9.4270647e-02  -3.4767542e-01  -4.0239055e-01  -2.1300430e-01   1.4156635e-01   8.4885569e-02   2.0861601e-01  -5.5012847e-01   6.3672662e-02  -5.4015334e-01   4.3426932e-01  -4.7271140e-02   3.6079463e-01   4.6826385e-01   2.3354658e-01  -5.6559053e-01  -2.5860518e-01  -8.1711301e-02  -3.2982138e-01  -3.6156404e-01   5.8651341e-01   5.5941055e-01   3.5279507e-01  -1.4877015e-01   3.9839557e-01   1.6933425e-01   6.5450836e-01  -4.9109347e-01   4.6676328e-01  -3.8273073e-01   3.6983899e-01   5.3365814e-01  -4.9081315e-01  -1.1758459e-01   2.2440044e-01  -1.6650535e-01  -5.3935919e-01   6.1375055e-02   2.6203122e-01   3.5306843e-02   1.2066415e-01   7.5000166e-02   2.1764973e-01  -8.7911290e-02   1.8012343e-01  -2.3121956e-01  -2.4954637e-01  -4.4645268e-01   1.1352948e-02   1.4701210e-01   8.0860465e-01   4.9737528e-01  -6.1204084e-01   1.1123067e-01  -5.1666143e-01   1.2303849e-01   3.5977183e-02   5.9370996e-01  -5.6006637e-01  -7.5543330e-02  -4.5233244e-01   5.7214356e-01   2.5851398e-01  -6.4357253e-01  -2.2270116e-01   2.7039889e-01  -1.3113860e-01  -5.2387491e-01  -7.0853935e-01   4.7395792e-01  -3.5941899e-01   3.7559918e-01   4.6221680e-01  -3.9218146e-01  -1.6654801e-01   5.0259680e-01   4.6459747e-01   6.8822600e-01  -2.7808956e-01  -1.9720117e-01  -2.7597155e-01  -3.5828297e-01   7.7804118e-02  -4.6244754e-01  -4.9151085e-01  -3.2861674e-01  -4.3362270e-01   3.9320259e-01   2.2541507e-01   3.9512464e-01  -4.0453918e-01  -4.0000316e-01   4.5520330e-01   3.7356681e-01  -3.1851534e-01   4.3788690e-01  -3.2948751e-02  -1.1787087e-02  -2.2893130e-01  -4.9659932e-01  -1.0493471e-01   3.3054177e-01  -5.0159721e-01  -4.6734699e-01   3.5888097e-01   4.1767743e-01  -6.0374830e-01  -5.7874474e-01   4.1666469e-01  -3.6792558e-01  -2.0802388e-01  -2.9608050e-02   3.0088019e-01   1.8213741e-01
  -2.9282582e-01   0.0000000e+00   3.5748170e-01  -2.6832356e-01   2.3228045e-01   4.7382405e-02   2.0822772e-01  -4.4854525e-01   3.5074993e-01  -6.0406054e-02  -3.6092562e-01   7.1745014e-01  -5.9944053e-02  -2.4282361e-01   6.5059287e-02   1.7891527e-01   2.5432004e-01  -4.0123994e-01  -9.6996163e-02   2.7487690e-01  -1.1652073e-01  -2.8909909e-01   1.1100542e-01  -4.6407355e-01   1.9924256e-02  -4.1960094e-01   4.6485053e-01   1.1062347e-01   1.3356708e-01   8.0005282e-02  -1.9692737e-01  -3.6983460e-01   7.5636529e-02   3.9979023e-01   3.0312190e-01   2.8540477e-01  -3.3278553e-01  -2.5907314e-01   1.2147596e-01   5.3241538e-01   3.8568097e-02  -1.9104153e-01   3.3850172e-01  -5.8278229e-01   3.0497919e-01  -1.8406624e-01  -2.3550914e-01   1.8458347e-01  -1.8778089e-02   5.7648520e-01   4.8020882e-02  -5.5870435e-01   4.0268268e-01  -2.3533983e-01  -1.4137373e-01  -3.0545758e-01  -1.7894688e-01  -3.7912370e-01  -2.1812204e-01  -2.9354223e-02  -2.8303933e-01   1.6908890e-01   4.6589959e-01  -2.9751167e-01  -8.3279162e-03   2.9329777e-02  -1.4501480e-01   8.9474330e-02  -5.3504064e-01   3.2316005e-01   6.3719004e-01  -3.1452894e-01  -4.1518286e-03  -2.5975739e-01  -5.1663937e-01  -4.3406467e-01  -2.8553356e-01  -5.3703534e-01   5.2310910e-01  -1.3301908e-01  -2.6174141e-01   1.9106007e-02   1.2048904e-01  -4.3127414e-01  -5.6058725e-02  -4.4794109e-01   2.1566496e-01  -5.1103438e-01   4.2325792e-01  -2.5580427e-01   4.2136091e-01  -1.7649270e-01   1.3196961e-01  -2.5963777e-01  -2.5645174e-01   3.4060928e-01  -2.2545157e-01  -3.4475891e-01   2.9105661e-02   1.5878534e-01  -1.3296867e-01  -2.3574166e-01  -4.2119992e-01   5.1382777e-01  -4.4117283e-01  -3.7766954e-01   1.7417332e-01  -4.4098508e-01  -1.6319970e-01  -2.8383124e-01   4.3206768e-01  -2.0662733e-01  -2.3751554e-01  -2.0504832e-01  -2.8491297e-01   6.0212700e-01  -4.4729652e-01   6.7004750e-02   2.1658394e-01  -5.6949953e-02  -4.1856604e-01   5.9065105e-01   1.6412809e-02   5.7734017e-01   2.5960145e-02   3.3188097e-01   2.8759021e-01  -5.4127614e-02  -5.0280687e-01   3.9909236e-01   1.0977707e-01   4.6177518e-01   7.5966678e-02   1.1533988e-01  -2.8397916e-01  -5.2328454e-01   5.0866576e-02  -1.7620066e-01  -5.3063633e-01  -5.6674218e-01  -4.0455498e-01  -4.9710627e-02  -2.9355564e-01   3.5687070e-01  -2.0556505e-01  -5.8445743e-01   5.6252409e-01   7.0755981e-02   2.9087390e-03  -1.3188461e-02   1.1018504e-01  -4.2680777e-01  -4.2676057e-01   2.3925815e-01   7.8774881e-01  -3.9780508e-01  -3.4671933e-01  -6.7637965e-02  -1.0008511e-01  -2.7297637e-01  -2.3555895e-02  -4.2461358e-01  -5.3698593e-02  -5.3261992e-01  -2.4832409e-01   7.1555643e-01   5.0057026e-01  -1.7612002e-01  -3.0072481e-01   3.3362183e-01   4.9247688e-01  -3.6277999e-01  -1.6043464e-01   3.7217430e-01  -3.8948729e-01  -6.1446834e-02  -1.8893469e-01
  -3.0980085e-02   3.5748170e-01   0.0000000e+00   1.2439197e-01   7.3419272e-02   4.6358535e-01   1.8723330e-02   5.8826795e-02   2.1349455e-01  -1.3967395e-01  -5.8615883e-02   3.0505434e-01   1.1191420e-01  -3.9116602e-03   1.2409351e-01   4.0132723e-01   8.2489869e-01  -2.9595560e-01   2.8297275e-01   2.5321847e-01  -1.4223966e-01  -1.1132450e-01   3.2876222e-01   7.3539864e-02   2.1242708e-01   2.3076953e-02   3.5386323e-01   3.1257137e-01  -2.9580823e-02  -2.5111997e-01  -7.6937369e-02   4.2779947e-02   3.7310527e-01   4.7544917e-02   2.3849767e-01   1.5985513e-01  -4.2146366e-01   2.4020108e-01   1.2433184e-01   3.0588154e-01   3.0773609e-02   1.5655778e-01   3.1680186e-01  -1.3422277e-01   3.7617774e-01   1.7155096e-01  -1.3310108e-02  -1.5087855e-01  -4.9631894e-01   7.8956885e-01   1.5796462e-01  -4.5183725e-02  -1.9028229e-01   1.1476534e-01  -9.7887952e-02   1.0880318e-02   3.4289159e-01   2.2353772e-02   4.2267037e-02   1.9608454e-01   3.2998510e-01   1.0825490e-01   2.1466846e-01  -2.7562330e-02  -2.5800790e-01  -2.9894196e-01   1.0572201e-01   2.7523318e-01  -5.2466488e-02   6.4813189e-01   2.9588324e-01   4.3568739e-02  -7.2647520e-02   6.4721096e-02  -2.8768122e-01  -1.5399518e-02   3.5884570e-01  -2.3444108e-01   6.3806698e-02   6.1242420e-02   3.6481840e-02  -2.0194217e-01   1.1303215e-01   3.4358324e-02   1.3934451e-01   1.0038437e-01   1.4416493e-01   2.7337293e-02   2.9910464e-01   5.6145274e-02   8.0796478e-02   4.6182963e-01   5.5574854e-02  -6.9161755e-02   2.6574910e-01   1.6536057e-01  -6.5690045e-03   6.4343357e-02   3.7663609e-02  -1.5804157e-01   2.1521507e-01   1.7124281e-01  -3.6318884e-02   1.4048413e-01  -1.6960780e-01  -2.5300661e-02   6.1282108e-01   9.0823842e-02  -4.6059856e-01  -2.9361806e-01   1.6942034e-01   7.0946457e-02   1.1538538e-01  -5.7982740e-02   1.9422569e-01   1.0935623e-01  -5.5566556e-02  -3.2864072e-02   4.5473781e-01   1.8905059e-01   1.6160231e-01   2.7337843e-01   3.0110149e-02   1.5931293e-01   5.3910782e-02   2.7616920e-01  -7.1149224e-02  -1.6016516e-01   6.2650793e-02   6.5112711e-01   9.9580087e-02   1.4850012e-01   8.6058476e-02  -7.3528298e-02   6.0431691e-02   4.2467695e-02  -1.1308144e-01   1.7398692e-02  -1.1149782e-01  -7.2816117e-03   2.5339346e-04  -7.7875366e-02  -1.3956688e-01   5.0958510e-01   5.5027192e-02  -1.2372103e-01   3.2627968e-01  -3.1983321e-01  -2.4165267e-01  -2.4376934e-01   2.3139651e-01   7.5068945e-02   1.0422465e-01   6.3263968e-02   5.1274977e-01   1.9916307e-01   2.9972563e-01   2.1761458e-01   4.7351554e-01  -8.0952088e-02   1.5383433e-01  -2.7645987e-01  -3.1891076e-01  -1.5220162e-01   1.0539385e-01   4.7320040e-01   2.6116327e-01  -1.7561719e-01   3.1218025e-01   1.0407914e-01   9.8737897e-02   7.7687744e-02  -1.7549253e-01   4.0880717e-01  -2.0317061e-01   9.6079203e-02   9.9138605e-02
   5.3874127e-02  -2.6832356e-01   1.2439197e-01   0.0000000e+00   3.5730516e-01   4.5527016e-01   8.0358667e-02   3.6929317e-01  -9.3603587e-02  -1.4459953e-01   3.6902623e-01  -2.3373734e-01   4.8046522e-01   4.2904552e-01   9.7935691e-02   5.0314045e-01   2.1724195e-01   5.8244931e-01   4.2564890e-01   4.4079541e-01  -8.8124421e-02   6.9144292e-01  -1.4010541e-01   4.0243670e-01   5.0355157e-01   5.3767483e-01   1.6077147e-01  -1.8201117e-01  -1.7058736e-02  -4.1588607e-02   1.4344605e-01   7.2225725e-01   2.4455781e-01  -4.6789989e-01  -3.6216472e-02   2.2850664e-01   1.3542439e-01  -1.0912893e-03   2.1065222e-01  -2.7370782e-01   3.3527525e-01   2.1679355e-01  -3.6820448e-01   2.7895138e-01   2.1215858e-01   1.1496760e-01   5.7135746e-01  -8.0310986e-02   2.0314609e-01  -1.2124520e-01   4.9378818e-01   3.5046192e-01  -5.1245767e-01   1.9355634e-01   2.8663800e-01   1.1503733e-01   3.9094713e-01   7.2205123e-01   4.0324181e-01   3.5642060e-01   1.9514704e-01   2.8380786e-01  -2.2436931e-01   4.0091081e-01   2.1868991e-01  -5.1075064e-01   4.8734740e-01   3.2187774e-01   7.2004550e-01   1.1016442e-01  -1.9042631e-01   7.7594448e-01  -1.8882845e-01   3.2058943e-01   3.0525191e-01   3.1453673e-01   2.8179755e-01   1.0845514e-01  -1.5911107e-01   7.1898063e-01   1.1713960e-01  -3.0371274e-01  -2.2204020e-03   3.8357933e-01  -6.8500425e-02   3.7139569e-01   2.1713310e-01   3.0163446e-01  -2.0407321e-02   1.3867291e-01   9.2479814e-02   3.3915614e-01  -3.5939925e-01   1.9954877e-01   1.9263809e-01   2.0911528e-01   4.8320125e-01   5.2906440e-01   6.1673645e-01  -3.1972647e-01   5.0739352e-02   3.4257918e-01   5.8383324e-01   8.8598203e-02   6.7214127e-01   7.6433787e-01   2.3527584e-01   6.2326608e-01  -1.1502275e-01  -1.8440691e-01  -3.3484204e-01   6.5136966e-01   7.9624717e-01   4.7780885e-03   8.9335546e-02  -2.2347482e-01   8.3454390e-02   2.0070147e-01   1.3383761e-02   7.8321201e-01   1.5001879e-01  -2.2158323e-01   1.4832502e-01   9.2555699e-02  -5.1789721e-02   3.0483781e-01   7.5275696e-02   2.1706794e-02   6.6792760e-01   1.7754605e-01   3.7399931e-02  -5.5977514e-02   1.6120865e-01  -8.9079538e-02   4.3728014e-01   3.0387848e-01   1.5780468e-01   1.1519609e-01   4.5667690e-01   2.0210348e-01   2.0161806e-01   1.7162711e-01   3.7025936e-01  -8.9825799e-02   2.9655511e-01   3.7429854e-01  -1.8756905e-01  -4.8573831e-01  -5.2617844e-01   3.4182248e-02  -1.4238343e-01   2.7822890e-01   3.9669458e-01  -4.1275693e-01  -2.8050575e-01   2.7649851e-01   1.3569820e-01   4.8866329e-01   1.5800059e-01   1.0346163e-01   3.1414305e-01   9.3294749e-02  -4.0347472e-01   6.0461535e-01   8.0741020e-01  -2.6399524e-01  -1.5222181e-01   2.7445780e-01   2.1541743e-01  -2.9475785e-01  -2.1604434e-01  -9.3918877e-02   4.8764023e-01  -3.2470570e-02   4.1130729e-01  -3.4008288e-02   6.7315872e-01
  -5.3543955e-01   2.3228045e-01   7.3419272e-02   3.5730516e-01   0.0000000e+00   3.8153038e-01   5.5171307e-01  -1.1212527e-01  -3.3788822e-01   2.4335387e-01   1.3977073e-01   3.3978652e-01   5.9970765e-01  -1.9275289e-01   2.7883713e-01   5.4817426e-01   6.0409380e-02   4.2984939e-01  -8.2895684e-02   8.3373821e-01   3.6911264e-01   3.0572926e-01   2.1405052e-01  -2.3674387e-01   6.7094776e-02  -2.4061025e-03   5.9239334e-01  -2.4420836e-01   1.2762616e-01   4.3115802e-01   1.3534127e-01   2.6765605e-02  -1.9015333e-01   6.2309864e-02   4.9306724e-01   7.6314151e-01   1.3838998e-01  -1.7987263e-01   5.3472475e-01   3.6703697e-01   5.9980692e-01  -3.1703803e-01  -9.0707132e-02  -3.0994897e-02   6.9238102e-01  -3.0482771e-01   5.3470309e-01   5.6004529e-01   5.3162501e-01   1.1604251e-01   3.8330970e-01  -2.2545083e-01   5.5646418e-02  -8.3981101e-02   6.0245743e-02   4.3521596e-02   8.0141115e-02   9.8912711e-02   4.2443746e-01  -2.3199550e-01  -3.1735747e-01   6.5247713e-01  -2.5888302e-01  -1.3889722e-02   6.8661579e-01  -1.3084438e-01   5.1192333e-01   1.2638478e-01   2.7335153e-01   7.9536593e-02   4.5755084e-01   4.7388290e-01   2.9543198e-01  -1.1748705e-01   1.0804977e-01  -2.6443967e-01  -2.7608423e-01  -2.6178544e-01   5.4679441e-01   4.9517290e-01   1.7398767e-01   2.8663097e-01   1.7558168e-01  -1.5724010e-01  -6.3442887e-01  -2.5418998e-01   3.1192945e-01  -1.1493931e-01  -1.3319304e-01  -4.4436986e-01   7.6201023e-01  -2.2391593e-01   2.9253575e-02  -3.0587127e-01  -1.6096199e-01   8.8191748e-01   4.8026748e-01   7.7192005e-02   5.1691329e-01   2.6792920e-01  -1.6149509e-01  -1.6640133e-01   3.4761159e-01  -6.3343013e-02   1.6250045e-01   1.3634739e-01   6.8770588e-02   1.0080959e-01   2.8743330e-01   3.3876620e-02   7.7010428e-02   3.5079931e-01   3.5570395e-01  -4.2843991e-01  -2.3818435e-01   5.4212689e-01  -1.3650609e-01   5.3768141e-01   1.0087670e-02   4.9855256e-01  -4.1499590e-01   5.8514273e-01   4.4128680e-02   5.4703509e-01  -3.1236273e-01   6.7415829e-02   7.3040166e-01   9.0400402e-02  -2.2801664e-02   2.9771288e-01   4.9464526e-01   5.8858116e-01  -1.8130256e-01   1.3698493e-01  -1.7781724e-01  -3.0739974e-01   2.8769871e-01   1.2321755e-01  -1.2538044e-01  -1.8181248e-01  -4.9608556e-01   3.3247465e-01   7.2546872e-02   1.9006632e-01   2.5477823e-01  -4.2530959e-02   3.9629024e-01   6.9677133e-02  -2.3701235e-01   2.9514142e-01  -4.3039585e-01   3.8256781e-02  -1.6802389e-01   1.4281344e-02   3.0390026e-01  -2.2291184e-01  -3.3470021e-01   5.9498599e-01  -3.1793678e-01   7.7793288e-02   4.0462094e-01  -1.0423586e-02   2.8735553e-02   2.3707301e-01   1.8516829e-01   3.6695988e-01   3.6003354e-01   1.2006487e-01  -3.5675038e-01   1.8965530e-01   5.1194902e-01  -4.0562533e-01   6.9728034e-01   2.2298875e-01  -8.8938936e-02  -3.2151234e-01   1.2965209e-01
  -1.6878672e-01   4.7382405e-02   4.6358535e-01   4.5527016e-01   3.8153038e-01   0.0000000e+00   5.6550085e-01  -8.3929495e-02  -3.8269218e-01   2.2765576e-02   3.1916414e-01   2.4133789e-01   3.1450306e-01  -1.3893437e-02   2.9109132e-01   6.0352338e-01   3.4954024e-01   2.2621692e-01   1.9011997e-01   4.9179795e-01   2.1522388e-01   3.0367498e-01   4.9862000e-01  -2.1853098e-02   2.5672072e-01   1.4519563e-01   6.8398542e-01   1.3834453e-01  -1.1296826e-01   2.4616634e-01   1.1079521e-03   1.3580077e-01  -1.1142005e-01   8.3528290e-02   2.1922895e-01   5.3949796e-01  -7.4073907e-02   5.5696532e-02   4.6124930e-01   3.8711755e-01   3.1565249e-01  -2.7000065e-01  -2.7875898e-01  -4.5110438e-02   4.8490008e-01  -1.3855336e-01   6.1940516e-01   4.0803659e-01   7.3156870e-02   4.1952466e-01   6.1309174e-01  -7.9809947e-02  -2.3216686e-01  -2.0626893e-01   1.1857442e-01   1.7796343e-01   2.4019130e-01   4.3363210e-01   3.4709501e-01   2.1812983e-02  -8.7417849e-02   3.4231430e-01  -3.7774052e-01   6.7781068e-03   2.0777288e-01  -3.1314593e-01   7.7913940e-01   2.7589180e-01   3.5758140e-01   3.7584577e-01   3.9445712e-01   4.1532309e-01  -1.5909610e-02   1.9010750e-01  -2.2182962e-01  -2.5580141e-01   2.3310567e-03  -1.0886259e-01   7.9881772e-02   3.3429636e-01   5.2724345e-01  -2.9237828e-03   2.5602221e-01   2.2346690e-02  -7.7466738e-02  -9.4485882e-02   4.9198771e-01  -4.4335235e-02  -1.4347731e-01  -1.7021628e-01   8.5379155e-02  -1.5274639e-02   6.3315582e-02  -3.3808745e-01   1.5217962e-01   4.0689839e-01   1.3499119e-01   1.2771523e-01   2.4997430e-01   6.2933826e-02   1.5435856e-01   1.8590068e-01   4.7681368e-01  -2.0498102e-01   3.2008281e-01   7.1925050e-02   2.4762933e-01   3.3099355e-01  -1.5757778e-01   4.2508123e-02   1.4585560e-01   6.0619910e-01   2.9598302e-01  -1.8612116e-01   6.1344716e-02  -1.1403873e-02  -1.0399558e-01   1.4054188e-01   3.8633985e-01   5.9780994e-01  -1.9895860e-01   4.7173888e-02  -1.8607474e-01   2.9624603e-01  -1.0050029e-01   1.3490873e-01   2.1664156e-01  -4.8127035e-02   1.0627247e-01   6.0162954e-01   4.1400507e-01   3.3295661e-01   1.5136152e-01   2.5621491e-02  -9.2524041e-02  -1.4488608e-01  -9.5490510e-02   3.9320998e-01  -8.1770915e-02  -1.8264544e-02  -3.2544472e-01   2.1723811e-02   8.8452172e-02   5.6027843e-01   4.2897452e-01  -6.5950313e-02   4.0712783e-01  -1.9806097e-01  -2.1562670e-01   4.0264973e-02  -1.0133052e-01   1.8695564e-01  -1.7506264e-01  -1.6614204e-01   3.3048898e-01  -3.5537726e-02  -8.8405788e-02   4.5331693e-01  -9.2153713e-02   3.2222981e-01   1.8709644e-01   1.3771727e-01  -1.7581507e-01   2.9107145e-01   2.5514732e-01   1.3763331e-01   2.4652305e-01   8.0143543e-02  -1.9236164e-01   3.9800567e-02   3.4563857e-02  -2.2599055e-01   3.2144038e-01   6.4821421e-01  -4.5322960e-02  -3.6723728e-01   2.3839244e-01
  -5.3790638e-01   2.0822772e-01   1.8723330e-02   8.0358667e-02   5.5171307e-01   5.6550085e-01   0.0000000e+00  -5.0152571e-01  -5.5626052e-01   4.4978620e-01  -3.8706180e-02   5.7250845e-01   3.3409026e-01  -3.1317008e-01   3.1621093e-01   5.6563920e-01  -2.0955170e-01   2.3052824e-01  -3.6463762e-01   5.5268370e-01   4.2346913e-01   9.6874007e-02   4.3829181e-01  -3.5322999e-01  -1.8207409e-01  -3.4779222e-01   7.9948570e-01  -1.0218704e-01  -7.3741155e-02   5.7096446e-01  -2.7636862e-02  -2.7886119e-01  -3.9439668e-01   5.0735650e-01   4.8579057e-01   8.1567099e-01   9.4600283e-02  -3.9782197e-01   6.9366876e-01   7.1297957e-01   4.6117540e-01  -5.4207754e-01  -7.2578978e-02  -3.7689638e-01   6.5334102e-01  -5.0679072e-01   5.2925212e-01   8.7004460e-01   3.1262994e-01   1.3348344e-01   5.8346837e-01  -5.8380218e-01   2.4751669e-01  -4.1589243e-01  -1.0786004e-01  -2.6552466e-04  -2.7125216e-01   1.0757048e-01   3.2095800e-01  -3.9423042e-01  -6.1869386e-01   5.7702081e-01  -4.4637208e-01  -3.0565268e-01   5.1329461e-01   2.4774946e-01   5.1556715e-01  -1.7025684e-01  -1.2023200e-01   1.3562591e-01   6.3177370e-01   1.3311290e-01   3.7082413e-01  -7.2442610e-02  -1.9518792e-01  -6.3917044e-01  -5.5662104e-01  -4.1990597e-01   3.5780589e-01   2.0835895e-01   5.3733842e-01   4.2822423e-01   2.7685013e-01  -4.7548843e-01  -4.8139353e-01  -5.8501390e-01   3.7351296e-01  -3.9032013e-01  -4.3893317e-01  -6.3598460e-01   2.6981614e-01  -6.2908456e-01   4.6546111e-01  -5.4519762e-01  -2.7793278e-01   6.1568362e-01   8.1676059e-02  -4.2807263e-01   2.2122749e-01   5.6307379e-01  -8.1363681e-02  -3.2059485e-01   1.4694349e-01  -2.4892008e-01   2.2613105e-03  -2.6412487e-01  -2.0096894e-01  -2.7169493e-01   1.4872940e-01   1.8270830e-01   4.9333690e-01   4.0836384e-01  -4.3443418e-02  -5.4736070e-01  -2.9015015e-01   4.1804802e-01  -4.0669929e-01   3.6254089e-01   1.3379204e-01   4.1764316e-01  -6.6488462e-01   2.6146305e-01  -2.6392781e-01   4.8031336e-01  -4.2463170e-01  -8.7505704e-02   6.0045305e-01   1.0083916e-01  -3.3256707e-01   5.5167547e-01   6.8414387e-01   7.0074666e-01  -6.8814399e-02   2.1285372e-01  -4.7972077e-01  -5.5009249e-01   8.2626269e-02   5.1442378e-01  -4.8691939e-01  -3.9559976e-01  -5.8928929e-01   1.2589982e-01  -1.6874309e-01   5.1585526e-01   3.7909648e-01  -3.4278357e-01   7.8334167e-01   4.2743590e-01   2.1365579e-01   3.2247637e-01  -4.6419736e-01  -2.0784636e-01  -4.9244899e-01   2.6605959e-03   4.8632240e-01  -3.8526851e-01  -5.1344980e-01   3.9994963e-01  -6.7249950e-01   2.5812713e-01  -1.6940233e-04  -1.0626564e-02   2.8203323e-01   4.3533287e-02  -9.3334816e-02   4.1525158e-01   4.7891126e-01  -2.4214213e-02  -6.2946804e-01   2.3239736e-01   5.2561135e-01  -5.4619443e-01   3.9130127e-01   4.9561084e-01  -2.2735391e-01  -5.9508942e-01   2.8495039e-02
   4.8207426e-01  -4.4854525e-01   5.8826795e-02   3.6929317e-01  -1.1212527e-01  -8.3929495e-02  -5.0152571e-01   0.0000000e+00   2.3382486e-01  -2.6905683e-01   7.0915768e-02  -7.0054690e-01   1.8175621e-01   5.2746897e-01  -3.3992522e-01  -6.5109239e-02   3.7228912e-01   1.4600114e-01   3.6163567e-01  -1.1287670e-01  -2.4757905e-01   2.4106220e-01  -1.7092970e-01   6.8608294e-01   1.4832344e-01   6.4831742e-01  -4.3687197e-01   2.7836749e-02  -2.8104844e-01  -4.0486095e-01   5.4324911e-02   4.6903739e-01   3.3875274e-01  -5.7460633e-01  -4.2337231e-01  -3.1364498e-01   1.0379704e-02   4.0454496e-01  -3.7155862e-01  -5.8632623e-01  -2.0792662e-01   4.9280110e-01   7.0670921e-02   4.7410590e-01  -2.8976070e-01   7.3284876e-01  -7.7307843e-02  -4.2445592e-01  -2.6400411e-01  -2.6966223e-01  -1.3419869e-01   8.6370013e-01  -3.6292264e-01   3.6497908e-01   2.2193040e-01  -2.2421469e-02   5.8096010e-01   4.0959702e-01  -1.1292311e-01   4.2646637e-01   7.4517878e-01  -1.0318375e-01   7.7811950e-02   5.9651621e-01  -2.3448142e-01  -3.9639736e-01  -3.8142768e-02   2.2135990e-01   4.3001594e-01   1.2304739e-01  -4.4498726e-01   3.5551983e-01  -3.1008737e-01   3.1201791e-01   4.0247169e-01   7.4728524e-01   6.6166501e-01   4.0666113e-01  -4.9407480e-01   7.2675307e-02  -5.2504535e-02  -3.5064487e-01   1.5188424e-02   7.6325990e-01   2.7392827e-01   7.7396435e-01  -1.1216511e-01   5.5577930e-01   1.5489858e-01   4.7480322e-01  -1.8301956e-01   6.9972725e-01  -2.5719986e-01   6.1147751e-01   5.7864692e-01  -2.3371003e-01   2.3814206e-01   5.6426279e-01   1.1619380e-01  -4.8374971e-01   1.6972102e-01   4.5088398e-01   2.8866784e-01  -1.6424092e-02   2.9380206e-01   5.1735658e-01   7.6545505e-02   4.7284833e-01  -1.1867825e-01  -3.3310915e-02  -4.9688471e-01  -1.3375625e-02   5.1528672e-01   5.0496615e-01   4.2402934e-01  -5.1280027e-01   2.1658512e-01  -1.3734714e-01   6.3946976e-02   1.5469018e-01   6.9378144e-01  -3.7931299e-01   2.4930906e-01  -2.5933352e-01   3.9040784e-01   1.6849387e-01  -4.0570152e-01  -1.0293863e-01   6.5146924e-01  -8.8372481e-02  -4.3543440e-01  -5.0392984e-01   1.3810066e-01  -8.4258884e-02   7.1182354e-01   8.8631586e-01  -2.1538648e-01  -9.4575365e-03   7.3777086e-01   5.3095914e-01   5.7313465e-01   9.5582939e-03   2.6473092e-01  -4.6679281e-01  -1.5638848e-01   6.0712177e-01  -5.5780267e-01  -3.6234545e-01  -4.0596140e-01  -1.3343772e-01   1.4064939e-01   4.7539039e-01   6.7721961e-01  -3.2793569e-01  -6.0242165e-01   6.6062330e-01   6.4830057e-01  -6.6049398e-04   6.6045863e-01   5.4593131e-02   1.7405116e-01   3.6004569e-02  -2.4378904e-01   1.9903950e-01   5.1399903e-01  -4.7450279e-01  -4.0391504e-01   2.0076173e-01   5.5620000e-01  -1.4174423e-01  -5.5482338e-01   4.4026626e-01  -5.4420124e-02  -4.3115390e-01   2.7031692e-01   3.0882759e-01   2.8923233e-01
   2.7149566e-01   3.5074993e-01   2.1349455e-01  -9.3603587e-02  -3.3788822e-01  -3.8269218e-01  -5.5626052e-01   2.3382486e-01   0.0000000e+00  -3.9534560e-01  -2.3437220e-01   4.4582399e-02  -3.2774385e-01   1.8632013e-01  -1.3160457e-01  -2.4108432e-01   3.6560441e-01  -3.8891031e-01   4.5442168e-01  -1.0437132e-01  -5.5625251e-01  -4.8972652e-02  -3.3911006e-01   7.5279689e-02   2.5893791e-01   1.6644624e-01  -2.8591993e-01   1.4911597e-01   1.0499307e-01  -2.9872405e-01   3.1907080e-02   8.9294511e-02   5.1452650e-01  -2.0164120e-01  -2.5060580e-01  -4.2798829e-01  -4.3364066e-01   8.5735284e-03  -5.6169265e-01  -3.7263405e-01  -4.7135810e-01   5.0810703e-01   3.1470599e-01  -6.3994956e-02  -1.8554878e-01   2.8631470e-01  -4.3724663e-01  -5.7604518e-01  -2.3790899e-01   9.8720756e-02  -3.5448908e-01   1.7122156e-01   7.0404611e-02   2.9581465e-01  -5.1153501e-02  -1.3119402e-01   3.0473880e-01  -1.3874294e-01  -5.2670341e-01   6.6451641e-01   4.1917491e-01  -3.2024999e-01   7.3569291e-01   2.2859668e-01  -4.9264089e-01  -2.5661150e-01  -6.0022857e-01   2.9402890e-01  -1.5127818e-01   8.7245599e-02  -2.1746096e-01  -1.6863393e-01  -4.3897530e-01  -3.6246440e-02  -1.6653873e-01   3.6157481e-01   3.6177769e-01  -3.4476011e-02  -5.5102092e-02  -1.9456742e-01  -4.9004000e-01  -4.5850764e-01  -1.6412095e-01   2.4499761e-01   2.7015320e-01   3.3385101e-01  -5.4331460e-02  -4.6902321e-02   6.6038008e-01   3.1055936e-01  -1.4096452e-02   4.9523868e-01  -3.2965814e-01   4.6320772e-01   8.9348404e-02  -3.1511512e-01  -1.7468799e-01   2.1527359e-01  -8.6867510e-02  -4.2618100e-01  -2.7035398e-02   2.4580084e-01  -3.6978620e-01   7.4441447e-01  -1.0867766e-01   1.6399076e-01   1.5076834e-01   4.1609334e-02  -3.4640064e-01  -5.0073698e-01  -6.7504574e-02  -3.2593786e-01   3.2503118e-02   2.2876243e-01   6.5085621e-02  -8.4415503e-02  -1.2152145e-02  -2.8914034e-01  -4.8351429e-02  -2.7527966e-01   3.0288398e-01   7.5000783e-02   3.5001820e-01  -2.1758905e-02   1.8190705e-01   2.8512519e-01  -3.2072789e-01  -8.6696658e-02   1.4924647e-01  -1.0133138e-01  -6.1993285e-01  -2.7077073e-01  -2.6511465e-02  -8.1362389e-02   3.9319459e-01   2.0231645e-01   2.8518678e-02  -3.9381017e-01   1.2417096e-01  -6.3393806e-02   2.9612079e-01  -3.1432125e-01  -1.3292204e-02  -2.8839629e-01  -2.1368769e-01  -3.5956794e-02  -2.5103848e-01  -3.9072177e-01  -3.2790844e-01  -3.4843796e-01   3.5505003e-01  -8.2682918e-02   2.7440900e-01   6.3804913e-02  -2.3299268e-02   2.7354497e-01   3.2473330e-01  -4.3244031e-01   5.8708404e-01  -3.3153798e-01   3.2073111e-02  -2.6093274e-01  -3.4196980e-01  -3.1275315e-01   1.7150104e-01   8.0092735e-02   5.1713829e-02  -2.8637322e-01   4.1278056e-01  -1.4135682e-01  -1.4497431e-01   1.4115146e-01  -3.9410621e-01  -3.0273801e-01   8.4149971e-02   5.9578689e-01   1.5277727e-01
  -5.1841736e-01  -6.0406054e-02  -1.3967395e-01  -1.4459953e-01   2.4335387e-01   2.2765576e-02   4.4978620e-01  -2.6905683e-01  -3.9534560e-01   0.0000000e+00   1.2550760e-01   1.4611295e-01   2.9958623e-01  -5.2864856e-01   1.3681150e-01  -9.3240782e-02  -2.6392527e-01   5.4654207e-02  -5.3966575e-01   1.1701332e-01   4.0524666e-01  -1.7212736e-01   4.9772368e-01  -2.1359053e-01  -2.2661519e-01  -5.1967764e-01   7.5634994e-02  -2.1152086e-01  -8.2572555e-02   1.3927896e-01   1.5082805e-01  -2.1695628e-01  -3.7234918e-01   5.0302762e-01   1.7233982e-01   2.8407459e-01   3.5520396e-01  -2.6777372e-01   2.2669944e-01   4.2559938e-01   3.7991528e-01  -2.5565430e-01   2.3504917e-01  -2.4614601e-02   1.9616923e-01  -4.2920990e-01   2.6952553e-01   3.7672441e-01   1.5430998e-01  -1.6903183e-01   1.5145951e-01  -2.9271069e-01   1.7622100e-01  -4.6075515e-03  -2.2246486e-01   1.4271352e-02  -1.6421836e-01  -1.2419054e-01   2.2929902e-01  -6.0571119e-01  -3.3127295e-01   5.0502613e-01  -2.3750651e-01  -1.2357739e-01   2.1929026e-01   7.8215235e-01   5.8787258e-02  -3.1722345e-01  -6.5297385e-02  -5.2726346e-02   2.6984031e-01  -4.3900319e-02   5.2078659e-01  -1.5420601e-01   2.1912032e-01  -1.8352501e-01  -4.1975754e-01  -1.2299188e-01   9.3247595e-02   8.4919685e-02   2.3303295e-01   5.3043937e-01   1.8872809e-01  -5.1946625e-01  -4.4471567e-01  -2.5496222e-01  -1.8689860e-01  -7.2889053e-02  -2.0830172e-01  -3.5647275e-01   9.1871587e-02  -4.6033895e-01   6.5943023e-01  -2.8453175e-01  -4.0913003e-01   2.7453508e-01  -6.1139382e-02  -2.3796042e-01  -4.1811042e-02   7.6731904e-01   9.5088599e-02  -4.0310985e-01   3.4319886e-02  -4.3198633e-01  -1.8072239e-01  -2.3756038e-01  -2.9593043e-01  -1.8660308e-01   5.2331052e-01   3.8092027e-01   4.7481140e-01  -1.2349412e-01  -1.0927960e-01  -5.2910459e-01  -1.5280961e-01   2.8966146e-01  -7.8257985e-02   4.0336755e-01   3.9510773e-02  -8.3193064e-02  -2.8029448e-01   1.6897192e-01   6.2554126e-02   1.1532650e-01  -3.5595358e-01  -3.4288457e-01   1.6637097e-01   9.1326146e-02  -2.2671081e-01   9.7441082e-02   3.9169655e-01   3.2309041e-01  -3.7910752e-01   4.0944771e-01  -1.4041224e-01  -2.0942713e-01   1.1146415e-01   1.8754767e-01  -3.0528401e-01  -3.2157416e-01  -3.1706950e-01   3.3718119e-01   7.5399976e-03   2.9560004e-01   2.3781453e-01   1.0543758e-01   4.3243432e-01   5.4390768e-01   6.8734417e-01   5.1019297e-01  -2.5873447e-01  -1.2580554e-01  -1.4985621e-01   2.8706780e-01   1.7513976e-01  -2.4300170e-01  -2.6619115e-01   1.5414698e-01  -4.3181140e-01   1.5964002e-01  -2.4474469e-02   1.9414052e-01   7.1827092e-01  -3.1320014e-02  -2.5531261e-01   1.8533511e-01   1.8562190e-01  -1.7025074e-01  -2.9706017e-01   3.8903992e-01   4.2159544e-01  -1.9924397e-01   6.3926508e-02   1.8699079e-01  -1.2613916e-01  -2.3431651e-01  -3.6281572e-01
  -2.5170972e-01  -3.6092562e-01  -5.8615883e-02   3.6902623e-01   1.3977073e-01   3.1916414e-01  -3.8706180e-02   7.0915768e-02  -2.3437220e-01   1.2550760e-01   0.0000000e+00  -2.9053921e-01   2.6271977e-01  -1.1787837e-01   4.8250071e-01  -1.5262431e-02  -2.0351177e-02   2.2152111e-01   1.4723676e-01   8.0554552e-02   3.6811722e-01   4.0079942e-01   2.2467982e-01  -1.7594760e-01   3.5479725e-01   2.9936001e-01  -2.9470360e-02  -4.8221279e-02   1.6910811e-01   2.4057504e-01   7.1736590e-01   4.0517255e-01  -3.4724520e-01  -1.7707640e-02   1.0500041e-02   6.6146671e-02   2.1971887e-01   7.3893969e-02  -2.1363424e-02  -1.7459567e-01   1.9816990e-01  -1.3927889e-01  -4.3528294e-01   6.1184638e-01  -5.1053877e-02  -2.7191732e-01   5.8173853e-01   9.4927601e-02   2.2396590e-01  -1.7294061e-01   3.7731467e-01   1.8457204e-01  -1.1647159e-02   2.4047334e-01  -6.6582065e-02   5.9100437e-01   1.9481569e-01   4.6169443e-01   4.1464197e-01   1.1036361e-01   1.2744432e-01   1.7794469e-02  -1.8636031e-01   5.6969730e-01   7.9303928e-02  -1.1480360e-01   5.5530110e-01   3.1120390e-01   7.0044271e-01  -3.5252615e-01  -9.5104294e-03   4.1306392e-01  -2.0850323e-03  -1.1008531e-01   1.0907219e-01   2.9713527e-01   8.1092089e-02   4.7796797e-01   7.7769674e-02   3.3691379e-01   2.6500099e-01  -8.5227289e-02   3.0016466e-01   9.8510804e-02  -9.6311908e-02   3.0378120e-01   1.4251220e-01   2.4441266e-01  -1.0175504e-01  -1.6283338e-01   1.0258493e-01   2.4920902e-02  -6.8984342e-02   1.1949906e-02   3.6655784e-02   2.0274683e-03   1.5377278e-01   4.2689789e-01   1.1749075e-01  -1.3331029e-02   3.6316453e-01   4.9677457e-01   5.6133362e-01  -3.2700366e-01   6.8148126e-01   3.7294443e-01   5.3173492e-02   6.4409972e-01   9.7099900e-02   2.2568282e-01   5.1303969e-02   4.5777126e-01   2.9990823e-01  -3.1538091e-01   3.1459021e-02  -3.8264978e-02   5.7272955e-01   1.8154460e-01   8.3675356e-02   1.5645707e-01  -1.3715599e-02  -6.2084193e-02  -5.8254119e-02  -1.4449785e-02  -2.8596509e-01  -2.0300581e-01   7.7786040e-02   1.7957802e-01   4.7651105e-01  -1.7954710e-01   1.4040537e-01   1.4529759e-01  -2.2921147e-01   2.3405998e-01   8.8669278e-02   9.8397495e-02   1.5507452e-01   2.4066423e-01   2.8899703e-01   2.2337313e-01  -1.0833144e-01   2.9260607e-01   7.3228839e-01   5.8311848e-02   5.7374348e-01   5.5061706e-01  -2.3170065e-01  -7.6165337e-02  -1.0573896e-01   1.3436298e-01  -5.8001868e-02   4.2117795e-01   3.8517837e-02   1.8951190e-01  -1.4836172e-01  -6.9580727e-02   1.2663330e-01   1.9462615e-01  -1.0924077e-02   4.0700847e-01   1.1952337e-01   7.3642738e-01   1.1285699e-01   7.1187901e-01   2.3022764e-01  -2.0835270e-01   1.0851282e-01   1.9562179e-02  -5.9109563e-02   1.3186368e-01  -1.2605477e-01   6.5969875e-02   4.5565610e-01   1.3373060e-01   3.6753120e-01  -1.4653892e-02   2.0366914e-01
  -4.2685772e-01   7.1745014e-01   3.0505434e-01  -2.3373734e-01   3.3978652e-01   2.4133789e-01   5.7250845e-01  -7.0054690e-01   4.4582399e-02   1.4611295e-01  -2.9053921e-01   0.0000000e+00  -6.5615192e-02  -3.8928932e-01   2.5544480e-01   2.7701034e-01  -3.5140275e-02  -2.8176822e-01  -1.9723604e-01   4.9321136e-01   2.0656541e-02  -2.1901397e-01   1.6141668e-01  -5.9318364e-01  -1.3126105e-02  -4.9943024e-01   6.7514909e-01   1.8773435e-02   1.8483024e-01   3.4084938e-01  -1.3201869e-01  -4.5995151e-01  -5.2216510e-02   5.5397855e-01   4.8946085e-01   5.3124287e-01  -3.0266641e-01  -3.6238884e-01   3.4410246e-01   6.3141436e-01   6.1788634e-02  -3.2914191e-01   1.8380771e-01  -6.3258469e-01   6.2353104e-01  -5.1725377e-01   7.2517793e-02   3.8438240e-01   1.8771366e-01   5.1350535e-01   3.2477771e-01  -8.0916351e-01   3.5133739e-01  -3.3555920e-01  -2.0023071e-01  -1.8127694e-01  -1.6901486e-01  -3.1473074e-01  -6.7513261e-02  -9.5044608e-02  -5.5540318e-01   4.0914093e-01   1.2405505e-01  -5.0173322e-01   2.3046582e-01   1.4837785e-01   3.0216538e-02   3.1068176e-02  -4.5082927e-01   1.3450500e-01   5.5168591e-01  -1.5402019e-01   1.4503669e-01  -3.0043717e-01  -5.9587344e-01  -7.4218578e-01  -4.9169481e-01  -6.3514106e-01   5.6113043e-01  -2.3961573e-02  -4.1018569e-02   1.4307855e-01  -7.8741104e-03  -6.1007625e-01  -3.3898444e-01  -7.3287594e-01   2.7973669e-01  -6.8113154e-01   1.0217798e-01  -4.4532002e-01   3.5055265e-01  -3.9863376e-01   2.3376388e-01  -4.9599873e-01  -3.4944544e-01   5.2727802e-01  -1.4981916e-01  -4.7127027e-01   4.7984120e-02   3.7226396e-01  -2.8797301e-01  -3.9524286e-01  -3.4422373e-01   3.0778591e-01  -3.6698458e-01  -3.9961311e-01   1.3140491e-01  -3.8985644e-01  -1.5382210e-01  -2.4898665e-01   5.0595515e-01  -7.0501397e-03  -2.3426930e-01  -4.2964262e-01  -4.0452318e-01   6.1732813e-01  -4.2058061e-01   1.0018386e-01  -1.2946768e-02   4.5280573e-02  -6.8314168e-01   6.3492330e-01  -1.5163761e-01   5.1998140e-01  -3.4061787e-01   1.0111165e-01   4.5372287e-01   9.8133021e-02  -5.5101429e-01   3.8309120e-01   3.1373397e-01   5.7047451e-01  -1.3870699e-01   3.8927328e-02  -5.3829589e-01  -7.7369125e-01   1.8700272e-01  -4.9520223e-02  -7.1885880e-01  -5.6748144e-01  -4.9577862e-01  -1.4663979e-01  -3.1223019e-01   4.6493783e-01   6.9055827e-02  -7.1237932e-01   7.5653367e-01   1.4997612e-01   9.0354494e-02   4.5442070e-03  -1.8198728e-01  -5.4314841e-01  -4.9334944e-01   2.0442398e-01   8.0424998e-01  -4.4384787e-01  -5.0956086e-01  -1.7256439e-02  -3.8957345e-01  -1.6404797e-01   4.2522750e-02  -2.8246226e-01   2.9626659e-02  -3.2935500e-01  -2.8795656e-01   7.6245770e-01   6.2375612e-01  -1.6691226e-01  -4.0062634e-01   1.1995566e-01   6.5525287e-01  -5.0250948e-01   8.7747421e-02   4.2369147e-01  -3.6348950e-01  -1.4935597e-01  -4.5181405e-02
  -3.5253062e-01  -5.9944053e-02   1.1191420e-01   4.8046522e-01   5.9970765e-01   3.1450306e-01   3.3409026e-01   1.8175621e-01  -3.2774385e-01   2.9958623e-01   2.6271977e-01  -6.5615192e-02   0.0000000e+00   3.0189303e-02  -1.4954945e-02   4.9344922e-01   2.0258601e-01   3.8853139e-01  -1.1807586e-01   4.6799476e-01   3.3396149e-01   2.6525736e-01   4.1807526e-01   1.0462552e-01   7.5385986e-02   4.5807804e-02   2.4560407e-01  -5.7402676e-02  -1.0818979e-01   1.5036796e-02   1.5180477e-01   1.6802200e-01  -2.1125341e-02  -1.7586562e-01   2.8026842e-01   4.7376153e-01   2.3157633e-01  -9.1128811e-02   4.3926367e-01   1.0337394e-01   7.6807006e-01  -4.6431463e-02  -1.2638857e-02   3.2898869e-01   4.2378134e-01  -7.0597605e-02   4.1663445e-01   3.6013848e-01   2.0659362e-01   5.0356666e-02   2.5472048e-01   1.5569534e-01  -3.9847665e-02   2.2987514e-01   1.2906067e-01   2.8467822e-01   1.1229612e-01   2.5475296e-01   6.4864177e-01  -2.1528051e-01  -7.0307302e-02   6.0386513e-01  -2.3070292e-01   2.9713283e-01   4.1599092e-01  -4.4710438e-02   3.4160824e-01   2.0134582e-01   3.4332669e-01   1.1446152e-01   2.8574452e-01   4.9926327e-01   4.6247733e-01   1.8294268e-01   2.1522025e-01   1.3038991e-01  -6.8708513e-02   3.6088702e-02   2.0174680e-01   5.8969593e-01   4.5074902e-01   2.2179627e-01   4.5821500e-01   6.1246071e-02  -3.0357363e-01   1.4785085e-01   1.4117515e-01   3.0435831e-01  -4.9593691e-02  -1.9385315e-01   3.8784284e-01  -8.9662950e-02   1.1040636e-03   9.5977530e-02  -1.5795650e-02   4.7953636e-01   5.7714730e-01   7.7515782e-02   5.9854495e-01   2.6113265e-01   2.9899764e-01   6.0374749e-02   6.2558901e-01  -2.2518158e-01   2.3921063e-01   2.1428351e-01   1.5751220e-01   1.5389146e-01   2.5553348e-01   6.4476245e-02   1.4942011e-01   3.7056478e-01   4.4831758e-01  -3.7168818e-01   9.4109020e-02   2.1292893e-01   1.4999013e-01   7.5226306e-01   2.5135642e-01   4.3787952e-01  -6.3144417e-02   2.2912309e-01   4.0953847e-02   2.4348012e-01  -2.5328504e-01   2.5963674e-02   2.4893110e-01   2.5233489e-01   2.2652735e-01   2.3564180e-01   5.5815665e-01   3.6705481e-01  -7.2740704e-02   2.3741422e-01   2.0696782e-01   1.6045313e-01   6.9366959e-02   3.4403894e-01   2.5324577e-01  -1.1315377e-02  -1.8652923e-01   7.1690641e-01   1.7316823e-01   1.8983033e-01   1.9101648e-01   4.2548616e-01   2.5508102e-01  -2.0639355e-02  -2.5659190e-01   4.5573613e-01  -1.1257913e-01   4.8082897e-01   6.0629547e-02  -5.2831589e-03   2.9567790e-02   8.6708793e-02  -2.7677740e-02   7.4152865e-01  -1.2414632e-01   3.7339257e-01   2.8784298e-01  -1.0332649e-01   6.9086998e-02   2.9342163e-01   3.1690980e-01   9.1930138e-02   1.8799169e-01   9.3654467e-02  -8.3810884e-02   2.4464414e-01   2.4453615e-01  -1.6289138e-01   3.8228886e-01   3.0485987e-02   1.1625108e-01  -1.6835923e-01   1.7878346e-01
   6.4960989e-01  -2.4282361e-01  -3.9116602e-03   4.2904552e-01  -1.9275289e-01  -1.3893437e-02  -3.1317008e-01   5.2746897e-01   1.8632013e-01  -5.2864856e-01  -1.1787837e-01  -3.8928932e-01   3.0189303e-02   0.0000000e+00  -2.8538274e-01   2.4794192e-01   1.4070711e-01   1.8214291e-01   4.9229553e-01  -1.2018289e-01  -3.0095780e-01   4.8228801e-01  -3.6134264e-01   5.6671550e-01   1.8290535e-01   6.0553253e-01  -2.3948991e-01  -8.7886578e-02   1.4242863e-02  -1.9913337e-01  -1.3578354e-01   4.7408375e-01   3.9124243e-01  -5.4809682e-01  -3.0116777e-01  -2.2342957e-01  -2.6051699e-02   1.5788073e-01   7.8527416e-03  -5.3406554e-01  -2.0390071e-01   2.2882243e-01  -2.1942368e-01   1.4048962e-02  -1.8992546e-01   5.9331061e-01  -7.3719546e-04  -3.1940269e-01  -1.3068236e-01  -1.7845568e-01   1.2236862e-01   5.3892864e-01  -4.3782831e-01   6.8419954e-02   5.8492346e-01  -1.7431208e-01   1.3117926e-01   5.6637619e-01  -5.9115175e-02   4.3771331e-01   3.4556113e-01  -8.2994639e-02  -3.9164045e-02   2.8298927e-01  -9.1497016e-02  -6.3547566e-01  -1.0700561e-02   2.3961861e-01   3.1401878e-01   1.7152283e-01  -4.6221945e-01   4.2896820e-01  -4.5477818e-01   2.2790137e-01   4.0102024e-02   3.1705909e-01   3.9056085e-01  -2.0503467e-02  -4.3269238e-01   1.8062735e-01   2.5708163e-02  -4.2281633e-01  -2.3049676e-01   6.0722294e-01   4.0440765e-01   3.5481121e-01   2.2975509e-01   4.8869426e-01   1.3076773e-01   3.8234058e-01  -3.0527053e-01   4.3925073e-01  -5.4148328e-01   3.3777487e-01   4.5071185e-01  -2.9721476e-01   2.0316462e-01   3.0042230e-01   1.1107682e-01  -5.1843563e-01   1.5240289e-01   3.2388565e-01   2.7269316e-01   2.4403320e-01   4.1934788e-01   5.8929775e-01   6.8690264e-02   2.8379667e-01  -2.3825544e-01  -2.9116562e-01  -4.9889877e-01   3.8112255e-01   5.1098470e-01   5.5978881e-01   2.6595264e-01  -4.7830472e-01  -1.0044240e-01  -3.3472311e-01   1.2472818e-01   3.7289933e-01   4.4792212e-01  -4.9177627e-01  -4.3926573e-02  -1.4869905e-01   4.0364565e-01   5.9028305e-01  -2.3382696e-01   6.5221652e-02   5.7920168e-01  -2.4683485e-03  -2.2168901e-01  -4.6847963e-01   6.5161071e-01  -2.0693499e-02   4.9750129e-01   4.1480323e-01  -1.6592931e-01   5.9655004e-02   6.1095438e-01   3.8228543e-01   5.9885060e-01  -5.8560884e-02  -1.0507183e-01  -3.0036721e-01  -8.6951327e-02   2.0714897e-01  -3.8520702e-01  -5.7299638e-01  -5.7979751e-01  -2.1732290e-01   9.2853000e-02   3.2030725e-01   3.7494617e-01  -6.1985981e-01  -4.1363620e-01   4.8505232e-01   3.2877419e-01  -4.6746353e-02   3.7740667e-01   8.4696322e-02   2.6318350e-01  -2.5653879e-01  -6.0585502e-01   1.6940372e-01   6.6194580e-01  -4.3750411e-01  -3.4311483e-01   2.1011215e-01   3.7884013e-01  -5.8657553e-01  -4.8414311e-01   8.6356691e-02   5.1184162e-02  -2.3904366e-01   2.1329837e-01   1.8698407e-01   6.3056153e-01
