   0.0000000e+00  -5.7275942e-02  -2.9172024e-01  -9.8029982e-02  -1.9684238e-01  -1.0108339e-01  -1.3239680e-01   1.9163843e-02  -7.4088100e-02  -1.5848803e-01   1.7268039e-01  -1.8991119e-01   3.2109286e-02   8.3376542e-02  -3.5990383e-02  -1.2310482e-01  -2.4175773e-01  -3.1894540e-02  -9.9418270e-02  -2.8943659e-01   5.9563938e-03   1.0884484e-01  -7.2356530e-02   5.7007873e-01   3.4271005e-01   3.0916649e-01  -1.7410113e-01   1.2576723e-01   7.6011426e-02   2.2532472e-01  -5.4198417e-02   1.7912816e-01  -3.2772607e-01  -1.9561796e-01  -2.0115117e-01  -1.8442044e-01   5.5092261e-02  -9.8552371e-02  -2.8492414e-01  -9.3487981e-02   1.3208808e-01  -3.4865334e-01  -2.6363110e-01   1.3234242e-01  -1.8852259e-01   4.8490600e-03   6.9730574e-02  -1.3999161e-01  -1.0249748e-02  -4.1177571e-01  -5.7873967e-02   1.7909239e-01  -1.5798963e-01   8.8232009e-02   4.0168001e-01   1.1325003e-01   1.1639198e-01   2.2731260e-01  -4.0903975e-02  -7.0087087e-03  -2.6755718e-02  -3.6909028e-01  -2.2224051e-01  -6.6317386e-04  -1.0384333e-01  -1.5026482e-01  -9.7068999e-02  -5.0518466e-02  -1.2013938e-01  -2.1833165e-01  -1.6826957e-01   6.4796959e-03  -2.5568329e-01   4.5529435e-01   1.0472581e-01   1.8418221e-01  -5.9590641e-03   6.7205432e-02  -4.3284700e-01  -1.5837730e-01  -6.0301086e-03  -3.6734978e-01  -5.5785831e-02   3.5277961e-01   7.4644358e-02   1.1845408e-01  -9.6794762e-02   5.1693301e-01  -3.6126865e-02   5.2813658e-01  -1.0432953e-01  -1.6436570e-01  -2.5781272e-01  -9.3235057e-03  -7.2979841e-02  -1.2973997e-01  -2.3442616e-01   3.7202537e-02  -4.6893532e-03  -1.2002252e-02  -1.0194371e-01  -1.1498516e-02   4.0799452e-02   1.5091558e-02   4.3772318e-02   1.5248560e-01  -1.8508499e-01   5.9062502e-03  -1.0233672e-01   2.6260943e-03  -2.6438810e-01   1.2266739e-01  -1.1869669e-01   7.5728547e-01  -2.0341433e-01  -2.6064979e-01   1.0568476e-01  -1.8526394e-01  -1.4111161e-01   2.7978078e-02   3.3474708e-01  -2.3937990e-01  -2.2749586e-01  -5.1339326e-02   3.1661526e-01   2.4005559e-01  -3.4795033e-01  -3.4157059e-01   1.3994295e-01  -1.9009795e-01  -3.8968649e-01  -1.3642393e-01   3.9394570e-01  -1.0283594e-01  -2.1190570e-01   1.5806110e-01  -1.5386575e-01  -1.2332632e-01   2.0525821e-01   5.7011907e-01   5.4642071e-01   6.1651262e-02   8.5422049e-02  -8.9862701e-02  -8.8298430e-02   1.7583188e-01  -2.7164550e-01   7.6047492e-02   9.1144583e-02   1.3529292e-01   3.3380719e-01   1.1233245e-01   3.5017431e-01   5.5787426e-02  -1.3197587e-02   3.2642627e-01   3.5501797e-01  -1.4284468e-01  -9.6938022e-02   1.2080927e-01  -2.6983268e-01   1.0395587e-01   2.0129943e-01   1.7536907e-01   1.0872225e-01  -4.4177125e-01  -1.2483968e-02  -1.3062462e-01   4.5683978e-01  -3.2783863e-01  -1.7099346e-01   2.8025844e-01   9.4889256e-03  -2.2303798e-01   2.8142690e-01  -1.1290892e-01   8.0456699e-02
  -5.7275942e-02   0.0000000e+00   1.4440025e-01  -5.6766651e-01  -1.2255202e-01  -4.8159209e-01  -2.2096749e-01  -6.7183002e-01   7.8266235e-01   1.4037202e-01  -3.6971954e-01   1.5116585e-01  -4.1450744e-01  -1.7159768e-01  -3.3645285e-01  -3.9914684e-01   1.6775816e-01  -3.0803457e-01  -2.3247227e-01  -1.4966524e-01  -2.6023016e-01  -4.4137234e-01  -6.3538385e-01   1.7987128e-01   3.2585004e-02  -2.4152743e-01  -5.9020239e-03   2.3798570e-02  -3.4930419e-02   8.8792207e-02   2.1532241e-01  -3.6368060e-01  -1.2606286e-01   2.5358657e-01  -2.7926288e-02  -5.3180463e-01  -2.3719687e-01   6.1182602e-02  -1.6507866e-01   1.4618607e-01  -5.1749592e-02  -1.6760223e-01   6.5253223e-01  -1.0430777e-02  -2.4901494e-01   2.6145751e-02  -5.1503031e-01   2.3976630e-01  -2.6442825e-01  -1.0471558e-01  -6.0643026e-01  -3.5243291e-01   5.2021065e-01   4.4150430e-02  -8.6780310e-02  -2.6051404e-01  -4.5201408e-01  -3.7918147e-01  -2.1177385e-01  -9.9916301e-02   6.6090525e-02  -3.0909151e-01   6.0139408e-01   4.0183539e-01   5.0602371e-01   3.1295080e-01  -4.2895969e-01   5.0492732e-01  -1.1880396e-01   2.4864403e-01   6.0782933e-01  -6.1503946e-01  -8.4617261e-03   2.4513683e-01   1.8439624e-02  -3.0155794e-01   2.6605826e-01   4.2249423e-02   2.2944530e-01  -1.9597329e-01  -2.2552550e-01   1.3125366e-01   1.3553859e-01  -3.1827992e-01  -2.2362581e-01  -3.5438752e-01  -1.0100176e-01   2.0949291e-03   6.6809454e-01   5.6825767e-02   3.9080308e-01   9.8299698e-02   2.3158445e-01   3.1603892e-01   1.0875572e-01  -2.6929031e-01  -4.6465344e-01  -3.8019659e-01   2.4294279e-01  -4.5053430e-01   3.6367208e-01  -3.9518455e-01  -5.9372991e-01   7.0048730e-01  -5.4836709e-01  -4.3295589e-01  -1.0298286e-01  -4.4814930e-01  -2.6719725e-01   3.9884447e-02   1.4023273e-02  -4.4838781e-01  -3.7519814e-02  -1.4796297e-02   5.3529505e-02   3.6775042e-01   1.6437422e-01  -2.1398388e-01   1.9479122e-01  -5.4970127e-01   1.7279296e-01  -6.6185693e-02   4.4950252e-01   4.9745913e-01   1.8898269e-01  -1.8223288e-01  -5.2155317e-01  -5.0499520e-03  -4.5926217e-01   2.0052103e-01  -3.2514462e-01  -3.2099495e-01   4.0424131e-02   3.9229806e-01   4.2556985e-01  -2.2667288e-01  -3.7476577e-01   3.1828050e-01  -3.3905393e-01  -4.8015419e-02  -2.3703965e-01  -2.6004955e-01  -2.3731610e-01   4.5775326e-01  -3.9026237e-01   3.8891647e-01   5.2951435e-01  -2.2699967e-01  -1.7436427e-01  -7.6571959e-02  -1.3688028e-01  -1.4292440e-01   2.5069723e-01   3.3430831e-01   6.2520926e-01  -2.5760567e-02  -1.7532328e-01  -4.8441920e-01  -3.4351224e-02  -4.7301131e-01  -6.2024448e-02  -3.6224998e-01  -3.3694482e-02  -2.4179534e-01  -2.7499680e-01   3.1901472e-02  -3.9009091e-01  -1.1971169e-01  -5.9738133e-02   2.2835189e-01   4.7373694e-01   1.9047381e-01   1.3783883e-01   1.4100891e-01  -3.2346639e-03  -1.0191891e-01  -3.3935706e-01
  -2.9172024e-01   1.4440025e-01   0.0000000e+00  -1.3364930e-01   4.9020840e-01   4.1311391e-01   1.0742563e-02   6.3068435e-02  -7.7165138e-02   1.1246222e-01  -4.5384360e-01   3.9636516e-01  -5.5739148e-02   1.2135860e-01  -2.8022875e-01   2.0977827e-02   8.0283351e-01  -2.4525077e-01   3.3573518e-01   5.4765471e-01  -2.2873842e-01  -9.5637899e-02  -1.7506615e-01  -3.5326909e-01  -3.6672014e-01  -2.1015646e-01   3.8293036e-01   1.2345078e-01  -3.4742312e-01  -3.0113686e-01  -7.1330285e-02  -2.5651798e-01   6.8100270e-02  -1.7116829e-02   1.3946393e-01   3.6956511e-02  -1.5114549e-01  -1.8257974e-01   2.6293376e-02   5.9602566e-01  -1.7014932e-01   2.4257774e-01   3.7615677e-01  -3.9016634e-01  -1.9706726e-01   2.7404418e-01  -3.6616839e-01  -4.0749626e-02  -1.3571647e-01   6.4373858e-01  -1.7490381e-01  -6.0341460e-02  -8.0934345e-02   5.0168517e-01   2.0124278e-02  -2.4240702e-01  -6.4305778e-02  -8.5847267e-02  -1.9178341e-01   2.0700268e-02   2.0198037e-01   1.0242969e-01   4.2667271e-01  -4.1296578e-01  -1.5949617e-01   8.8911009e-02   2.8989500e-01  -1.5323092e-01  -5.7885563e-02   5.8624691e-01   1.4693716e-01  -2.9086499e-01  -1.1377849e-01  -9.7652796e-02   2.6595032e-01  -1.9772834e-01   1.2942665e-01  -1.6616720e-01   3.9586902e-01   6.1377609e-02  -5.2085425e-02  -7.1437498e-02   2.1105921e-01  -1.0036757e-01   4.8967053e-01  -2.7182246e-01   3.2581608e-01  -1.5590430e-02   2.6297741e-02  -1.9589883e-01   2.8136130e-01   4.0148325e-01   3.5761766e-01  -2.7046603e-01  -1.5222599e-01   4.5823133e-01   2.1833470e-02   6.2622140e-02  -6.0981828e-02  -2.6214542e-01   3.4555542e-01  -4.2178924e-01  -1.1808983e-01  -2.5326102e-01  -3.5802805e-01  -8.2251970e-02   5.5182072e-01   1.4822319e-02   1.1903396e-01   4.9689133e-02   5.4690065e-01  -1.6542402e-01   1.9679822e-01  -2.1681552e-01   5.1956953e-01   4.6239801e-02   1.2947990e-01  -1.9136522e-01   5.4140489e-01  -1.0250133e-01  -1.1607442e-01   4.3968449e-01   1.0222421e-01  -2.1573827e-01  -3.0661250e-01   3.4883957e-02  -2.5340322e-02   5.0178618e-01  -6.3913729e-02   6.6369299e-01   1.1790928e-01  -3.5180241e-01   7.6753155e-02   4.1920486e-04   3.4996759e-01  -1.2353368e-01   3.7129509e-01   3.9354098e-03  -1.1985548e-01  -2.0244460e-01  -5.5994964e-03  -6.2263135e-02  -3.8516073e-02   4.0209614e-01  -2.4022889e-01  -2.8878587e-01   4.4185984e-01   9.6560806e-02   3.0639973e-01  -2.7587226e-01   3.1751636e-01  -1.4645153e-01  -6.4601133e-02  -4.9478970e-01   4.8572220e-01  -4.2040186e-01   1.2037145e-01  -1.1711200e-01   4.9560064e-01  -2.0732170e-01  -2.2464335e-01  -2.6638338e-01  -8.4423405e-04  -4.8956594e-01  -2.3903129e-03   1.0931072e-01  -2.8050205e-01   2.8854378e-01   1.3921421e-01   4.0951813e-01   2.3421621e-01  -2.6489371e-01  -3.4345966e-01   5.8465841e-01   1.0816371e-01   2.4306369e-01   6.1652011e-02
  -9.8029982e-02  -5.6766651e-01  -1.3364930e-01   0.0000000e+00  -4.6622557e-03   4.0354262e-01   4.4047036e-01   5.2986022e-01  -5.7863846e-01  -1.2145442e-01   5.9910859e-01   1.9259337e-01   5.3178849e-01   8.2288719e-02   4.2313126e-01   5.3082025e-01  -2.5131962e-01   5.7490361e-01   1.7684193e-01   8.1593758e-03   2.6461977e-01   6.6124951e-01   6.5010954e-01  -3.3304391e-01  -3.4925931e-02   3.9820600e-01  -1.6584649e-02   1.4714541e-01   9.2004933e-02   3.6117421e-01  -1.3726042e-01   6.1292955e-01   2.8999743e-01  -2.8432129e-01   1.5218286e-01   3.2437752e-01  -2.0108490e-02  -3.4043317e-01   3.5783066e-01  -2.5084720e-01   4.0007297e-01   1.3860592e-01  -6.3847096e-01   2.3229566e-01   2.4621086e-01  -3.3768833e-01   6.5240972e-01  -1.2124078e-01   2.1636979e-01   1.5124950e-03   7.3578335e-01   4.2632561e-01  -5.5401671e-01  -1.9823363e-01  -2.8650428e-02   3.9958457e-01   6.1246845e-01   5.2290596e-01   7.4880737e-01   4.7530498e-01  -2.7772859e-01   1.8706185e-01  -5.3090241e-01  -1.7101790e-01  -4.1545598e-01  -5.1267345e-01   3.4328883e-01  -3.3036887e-01   4.7038784e-01  -2.5205395e-02  -5.9745834e-01   7.7663388e-01   3.2258565e-01  -1.4064899e-01  -1.4868659e-01   4.4212853e-01  -4.6965900e-01  -6.6804842e-03  -3.0761194e-01   4.0347371e-01   4.4529469e-01   2.4998019e-01  -3.4465443e-01   3.9531132e-01  -2.4698351e-02   5.1299665e-01  -8.4394651e-02  -8.1246926e-02  -4.6569563e-01  -4.3870262e-01  -5.3207815e-01  -1.5892711e-01  -3.7903186e-01  -7.9793214e-02  -2.8510743e-01  -4.8748807e-02   5.1290356e-01   6.9976635e-02  -2.8865259e-01   3.2069696e-01  -4.7551559e-01   6.1630023e-01   7.7238123e-01  -3.0312452e-01   7.3870028e-01   5.8095875e-01   6.0919746e-02   5.0645952e-01   2.8057123e-02  -2.9670898e-01   3.4050751e-02   7.2238831e-01   5.0182742e-01  -3.0280228e-01   7.4863123e-02  -4.5031538e-01  -2.0276447e-01   5.3981366e-01  -3.0839883e-01   8.5544216e-01  -3.0291615e-01  -1.7064594e-01  -2.9563209e-01  -4.5524743e-01  -4.5988801e-01   4.4738278e-01   5.5565924e-01   4.1053744e-02   5.3358582e-01  -1.5670650e-01   4.3510936e-01   3.2181252e-01   2.7064807e-01  -2.3096793e-01  -2.8382869e-01   2.1943873e-01   3.2566483e-01  -1.4607871e-01   5.1618873e-01  -2.8978186e-01  -9.3703789e-02   1.1676792e-01   3.4021622e-01  -2.5174089e-01   6.8224401e-01  -1.0073736e-01  -3.0810919e-01   7.4200259e-02  -1.7173480e-01   1.1957919e-01   6.0607619e-02   3.1223238e-01  -3.0022594e-01  -2.2588939e-01  -6.6708455e-01  -3.6508122e-01  -1.4988617e-01   8.0244402e-01  -1.6206488e-01   6.8368938e-01   3.7927681e-02   5.6610791e-01  -2.3980031e-01   5.5260957e-01   4.9679795e-01  -1.9917678e-01   4.8719504e-01   1.8282974e-01  -6.6948920e-02  -2.7997179e-01  -5.4362695e-01  -5.0137018e-01   8.0485605e-02   1.8694793e-02  -3.0162032e-01  -9.1384960e-02   5.1652574e-01
  -1.9684238e-01  -1.2255202e-01   4.9020840e-01  -4.6622557e-03   0.0000000e+00   6.0641581e-01   1.1301291e-01   2.4763873e-01  -1.9930421e-01   1.6063569e-01  -4.1977590e-01   2.1718006e-01   1.2063301e-01  -2.9773711e-01  -3.5299036e-01  -1.5552070e-01   6.2949574e-01  -2.6538851e-01   6.0939969e-01   8.9918629e-01  -3.4024940e-01  -1.4743892e-01  -1.5629206e-02  -1.9191595e-01  -3.5566859e-01  -7.5050765e-02   5.2558999e-01  -1.2499307e-01   8.9007689e-02  -5.2749127e-01  -3.8701360e-01  -1.9280306e-01  -9.4661240e-02  -1.8596411e-02   1.4483187e-01   5.4648083e-01   1.7710279e-01  -2.5956087e-01  -8.1113591e-02   5.5199435e-01  -4.0224177e-01   3.3478434e-01   4.0195086e-01  -5.7698871e-01   2.2609019e-01   2.2490350e-01  -2.4254001e-01  -3.1884664e-04   2.9355172e-01   7.5581738e-01  -4.5204875e-02   1.4445139e-01  -2.1611368e-01   5.3455635e-01  -2.3069689e-01  -4.5750947e-01   2.8440874e-02  -6.3672329e-02  -1.8189685e-01   1.0319707e-01   1.1695014e-01   4.9524285e-01   2.3663395e-01  -6.8682857e-01  -5.8912222e-02   2.8308363e-01   6.6651948e-01  -6.5772849e-04  -4.1299829e-02   1.7419843e-01   2.3508979e-02  -6.6296249e-02  -3.4480773e-01  -2.9994995e-01   5.0419539e-01  -1.4028044e-01  -7.3017145e-02  -3.2137484e-01   7.0524452e-01   5.3154433e-02  -2.1075635e-01  -3.0530311e-01  -1.9745554e-02  -4.1433141e-02   3.5954155e-01  -1.7866761e-01   2.4985731e-01  -1.0579967e-01   2.3009950e-02   4.8540483e-02   3.8137818e-01   2.8538734e-01   4.6055191e-01  -1.8595351e-01  -3.8408742e-01   8.4490369e-01   3.4118916e-01   5.0038426e-01   3.8871157e-02   3.3381163e-02  -4.2312980e-03  -2.8606720e-01  -1.5250546e-01  -5.1616319e-01  -2.3693046e-01  -1.1687248e-01   6.4893338e-01   2.4883301e-01   4.9121933e-01   1.0968250e-01   3.3216406e-01  -1.0314285e-01   8.4564944e-02  -3.1015302e-02   1.1731786e-01   2.3802483e-01   1.0748759e-01  -1.8881610e-01   1.4009589e-01  -8.9098255e-02  -2.8075985e-02   8.1373452e-01   5.8320997e-02  -2.1405853e-01  -2.4786654e-01  -2.1558932e-01   1.8141820e-01   5.1955924e-01   3.9677512e-02   2.7685974e-01   2.1575374e-01  -3.6829403e-01  -1.8343622e-01  -3.0243767e-01   5.0796268e-01  -1.1946673e-01   6.0571194e-01  -4.2949593e-01  -7.8385543e-02  -2.9213821e-01  -5.3340795e-02   6.1936320e-02   5.5623779e-02  -1.0956484e-02  -1.4746867e-01  -6.6512852e-01   2.1115745e-03   4.1993587e-01   5.0522221e-01  -2.0341677e-01   1.2648461e-01  -4.3197519e-01  -9.9809299e-03  -5.0861327e-01   2.9202165e-01  -2.8783485e-01   2.3080364e-01  -8.8152865e-02   6.1361803e-01  -2.2400448e-01   2.4344719e-01  -7.9859087e-02   1.5196979e-01  -5.3799709e-01   1.7975374e-02   4.7189434e-01  -2.9436627e-01  -2.3309376e-02   8.1495398e-02   4.0267773e-01   3.7676264e-01  -3.3815753e-01  -4.0927783e-01   3.7447223e-01   2.9161209e-01   3.0701768e-01  -6.0274905e-02
  -1.0108339e-01  -4.8159209e-01   4.1311391e-01   4.0354262e-01   6.0641581e-01   0.0000000e+00   5.0689905e-01   3.6641934e-01  -6.3373051e-01  -9.7204974e-02  -3.0647682e-02   4.4158518e-01   2.4451186e-01  -2.0501950e-01  -5.6745002e-02   3.9251037e-01   3.7536475e-01   2.4825059e-02   7.8596257e-01   6.8875620e-01  -3.4601926e-01   3.5304122e-01   4.4425038e-01  -3.7145326e-01  -3.0566561e-01   1.4077315e-01   4.8646269e-01   2.1349183e-02  -1.1572279e-01  -1.7562497e-01  -6.5123967e-01   1.0215973e-01  -5.5340861e-03  -2.1839558e-01   2.2732923e-01   6.2092711e-01  -1.7049653e-01  -3.9533808e-01   1.4210370e-01   3.9895025e-01  -8.1693307e-02   4.3123066e-01  -1.5993845e-01  -4.2802796e-01   1.4628503e-01   1.1727751e-01   1.9680348e-01  -5.4702471e-02  -7.4764494e-02   5.6934692e-01   4.7788402e-01   2.1048111e-01  -6.5766340e-01   3.7009351e-01  -2.2027282e-01  -3.2543947e-02   5.6277721e-01   2.9501680e-01   1.3911757e-01   4.0854211e-01  -3.7085523e-02   3.3393390e-01  -1.0481518e-01  -8.6170818e-01  -6.9623105e-01  -6.7376272e-02   8.3840105e-01  -4.6577210e-01   2.0785096e-01   3.0329763e-01  -3.6997621e-01   4.5580913e-01  -2.1720461e-01  -1.5776150e-01   2.9462653e-01  -1.2273288e-03  -1.5797588e-01  -2.2580260e-01   2.1109398e-01   5.2562475e-02   2.3729360e-01  -1.5342402e-01  -1.2384024e-01   2.3492249e-01   5.4539330e-01   1.5378647e-02   1.4222178e-01   3.6075943e-02  -3.3556166e-01  -1.2715566e-01  -1.6652926e-01   2.3776389e-01   8.3372970e-02  -3.3510212e-01  -4.4438343e-01   6.3185863e-01   5.7955458e-01   6.4280731e-01  -2.3578473e-01   1.0857232e-01  -2.8609358e-01  -8.8456168e-02   3.2826060e-01  -7.6626122e-01   3.1558161e-01   9.5841296e-02   5.2735924e-01   5.3370265e-01   1.6531069e-01  -2.2655695e-01   3.5513198e-01   4.0997179e-01   1.9372614e-01   6.6658354e-02   2.5937299e-01  -4.3222168e-01  -2.0830667e-01  -5.6236641e-02   1.0932862e-01   4.8697105e-01  -8.7802109e-02   4.5136350e-01  -1.7924599e-01  -7.0263525e-01  -2.8279570e-01   2.2113148e-01   3.0251681e-01   3.9690580e-01   2.9868493e-01   2.6133753e-01   2.2656228e-01  -2.6903884e-01   4.9079596e-02  -6.8712109e-01   2.4285759e-01  -2.0095340e-01   6.5036917e-01  -4.9092108e-01   2.5798192e-02  -2.4605078e-01   1.0625296e-01   3.6625697e-02   1.1592788e-01   5.6416131e-02   2.1366883e-01  -7.2895712e-01  -1.3453695e-01   5.2302316e-01   5.9368471e-01  -3.0668117e-01   2.9674842e-01  -2.7700831e-01  -1.0240892e-01  -6.7207456e-01  -7.1404571e-02  -5.3315624e-01   2.9453733e-01   3.2448157e-01   3.7991988e-01   2.0042792e-01   7.3838434e-02   1.6866435e-01   3.6294497e-02  -1.9192105e-01   3.3879122e-01   1.0268054e-01   1.1100815e-01   2.1692489e-01   2.1294737e-01  -7.6364386e-03  -1.8459417e-01  -4.4038870e-01  -6.5625707e-01   4.3640090e-01   2.2605733e-01   1.7526237e-01   3.5282489e-01
  -1.3239680e-01  -2.2096749e-01   1.0742563e-02   4.4047036e-01   1.1301291e-01   5.0689905e-01   0.0000000e+00   5.9115114e-02  -2.6904220e-01   3.6942357e-01   6.5602619e-02   5.8170360e-01   2.2587295e-01  -2.1853216e-01   4.5263166e-01   4.1139496e-01  -1.9006654e-01   2.3382480e-01   3.4928415e-01   1.6903508e-01  -1.5942142e-01   2.0706260e-01   6.4627187e-01  -3.7171635e-01  -2.5203750e-02   1.2244072e-01   1.6987129e-01   4.2959096e-01   1.3877713e-01   4.3323044e-02  -4.2694621e-01   2.9838045e-01  -1.3272703e-01   3.6244047e-01   6.9907221e-01   2.3991091e-01  -3.7700329e-01  -4.4454974e-01   5.5702825e-02  -1.8049804e-02   1.8386234e-01   1.4644218e-01  -2.1081412e-01  -2.4855332e-01   2.8014834e-01  -2.5989580e-01   2.0045973e-01   2.9123444e-01  -1.9846397e-01   6.3478195e-02   5.3234773e-01   7.5664209e-02  -4.3569968e-01  -1.1925776e-01  -2.7824664e-01   4.2542292e-02   4.2624908e-01   8.5854723e-02   1.6748353e-01   5.8280450e-01  -1.5178114e-01   4.0674180e-01  -3.0723925e-01  -3.9876498e-01  -4.2184129e-01   2.2655247e-01   2.3261687e-01  -3.5426950e-01   9.4033300e-02   3.0203054e-01  -3.9503005e-01   5.4330449e-01   4.2891840e-02   7.2223025e-02  -4.8421488e-02   9.8819023e-03  -4.7480105e-01  -1.2322917e-01  -3.4242329e-03  -9.0589384e-03   7.3594960e-01   2.6113817e-01  -4.0025221e-01   2.7530430e-03   1.2054730e-01   8.0297179e-02  -2.5161523e-01   4.2933480e-02  -5.0852534e-02  -5.2400229e-01  -5.8159544e-01   1.0165194e-02   1.4521017e-01   2.9412084e-01  -3.5483821e-01  -7.7818490e-02   3.8808715e-01   2.7171169e-01  -2.2009241e-01   5.1117287e-01  -4.2139636e-01   2.9467589e-01   3.7613055e-01  -2.6764305e-01   4.9136101e-01   2.0693963e-01  -1.0495194e-01   2.4791632e-01   1.7721491e-01  -4.9125633e-01   1.9362091e-01   3.2607682e-01   2.9521789e-01  -1.0698342e-01   4.4306210e-01  -5.1064009e-01  -3.8416923e-01   1.7347205e-01  -6.5294726e-02   4.2622184e-01  -4.5493881e-01  -6.6383850e-02   2.5816700e-01  -4.1010780e-01  -3.6651057e-01   4.6078691e-01   5.1319659e-01   3.9687705e-02   1.8883759e-01   6.7737112e-03   1.3160873e-01   1.2193983e-02   2.8316207e-01  -4.4718060e-01   2.3871639e-01  -8.1785125e-02   3.4683289e-01  -7.6183088e-02   4.4870688e-02  -3.6810914e-01  -2.3106401e-01  -1.4674399e-01   1.3114174e-01   2.9711510e-01   7.3856186e-01  -2.6723867e-01   2.3415045e-01   1.5424053e-01   3.3582243e-01   4.8055470e-02   8.7229550e-02   3.5745524e-03  -3.2617876e-01  -3.4434444e-01  -3.4046147e-01  -6.7501859e-01  -1.7669096e-01   2.9021857e-01  -9.7342293e-02   4.1169306e-01   1.3666828e-01   1.6436921e-01  -1.2056192e-01   3.4886301e-02   2.6645686e-02   2.8572264e-01   3.3064841e-01   1.7439881e-01   3.1025645e-02  -3.9150885e-01  -1.7990291e-01  -6.4041926e-01  -4.6405447e-01   3.4732026e-01  -2.8650113e-02  -2.0023754e-01   1.1082600e-01
   1.9163843e-02  -6.7183002e-01   6.3068435e-02   5.2986022e-01   2.4763873e-01   3.6641934e-01   5.9115114e-02   0.0000000e+00  -6.4978952e-01  -1.2427960e-01   2.8865007e-01  -5.2897277e-04   4.0639961e-01   2.1177805e-01   2.1747424e-01   2.2016218e-01   3.6253960e-02   3.7288161e-01   1.9371672e-01   2.5427381e-01   2.6515567e-01   4.4327483e-01   4.0566996e-01  -1.5284743e-01  -6.2124975e-02   3.4431442e-01  -8.7817651e-02   2.2813404e-01   6.7928202e-02  -7.0682986e-02  -2.1914268e-02   4.5772414e-01   1.1089983e-01  -2.3491544e-01  -1.2371406e-01   4.0240166e-01   3.6948379e-01  -2.7375311e-01   1.9938744e-01  -7.7296574e-02   1.1343700e-01   6.7453822e-02  -4.3450007e-01   5.9964897e-02   2.3317871e-02  -1.2085562e-01   4.9040897e-01  -2.6443430e-01   4.2248372e-01   1.7511863e-01   4.0176284e-01   6.9582288e-01  -3.9646692e-01   1.9740479e-01   1.2546044e-01   1.7552856e-01   4.6754490e-01   3.8648348e-01   2.6060402e-01   8.7274651e-02   4.3566752e-02   3.2573174e-01  -4.4501226e-01  -2.4459108e-01  -2.9462532e-01  -3.9348207e-01   3.7144658e-01  -3.9983842e-01   2.8209525e-01  -1.6166780e-01  -4.2758910e-01   4.3627702e-01   1.0046312e-01  -2.0654488e-01   1.3300062e-01   4.6634579e-01  -2.8345228e-01  -7.1023937e-02  -2.2943483e-02   1.6110379e-01   2.0433407e-01  -1.6863513e-02  -2.2315234e-03   4.5681601e-01   2.9582611e-01   5.0342598e-01   1.3853261e-01   1.0560008e-01  -7.2741689e-01  -1.0694786e-01  -2.4470658e-01  -1.7459553e-01  -1.1522132e-01  -3.7079406e-01  -2.2199491e-01   2.7296817e-01   3.1152144e-01   2.5925845e-01  -3.2202710e-01   1.3962281e-01  -1.5033181e-01   2.8680902e-01   5.6248950e-01  -5.4932735e-01   3.4796385e-01   5.0883260e-01   2.8396281e-01   5.4050694e-01   3.3051029e-01  -1.1291931e-01   2.0691084e-01   2.9550150e-01   9.0841748e-02  -1.3363379e-02   5.4837600e-02  -2.4370477e-01  -4.2619776e-03   2.1767691e-01   1.0377630e-02   4.9484871e-01  -1.0718389e-01   1.0191537e-01  -5.2130323e-01  -4.5356529e-01  -4.0147219e-01   2.0298344e-01   3.8555492e-01   5.6190442e-02   4.9575658e-01  -3.0847336e-02   4.1879400e-01   3.2528829e-01   1.1922858e-01  -1.4910760e-01  -3.5413939e-01   4.7236499e-01   3.0736419e-01  -1.0194701e-01   6.1619829e-01  -1.3079749e-01   1.8811154e-01   2.1801229e-01   3.3456691e-01  -2.4695089e-01   2.0403205e-01  -2.4225252e-01  -2.0826719e-01  -8.9458907e-02  -9.0157305e-03   1.3652553e-01   3.3192816e-01   3.8625218e-01  -8.3243626e-02  -2.7278786e-01  -3.8459273e-01  -1.5407970e-01   2.0188919e-01   4.5012913e-01   1.2056145e-01   4.7754216e-01  -1.3095214e-01   3.2181798e-01  -1.4710087e-01   2.0544906e-01   3.3255829e-01  -1.0074871e-01   1.7861174e-01   2.2266360e-01   1.7179630e-01  -1.2096470e-02  -3.1346876e-01  -3.8358128e-01  -4.2464008e-02   1.0865039e-01   8.1727163e-02   1.0590039e-01   4.0981757e-01
  -7.4088100e-02   7.8266235e-01  -7.7165138e-02  -5.7863846e-01  -1.9930421e-01  -6.3373051e-01  -2.6904220e-01  -6.4978952e-01   0.0000000e+00   1.8109689e-01  -3.3160704e-01  -2.0393443e-01  -4.1406190e-01  -1.7241105e-01  -2.3151613e-01  -3.0477765e-01   1.3014511e-02  -3.5586218e-01  -3.9114647e-01  -2.8653131e-01  -1.8624730e-01  -5.8749094e-01  -6.1185024e-01   3.0623068e-01   2.0533680e-01  -3.6042597e-01   2.9703828e-02  -1.2418356e-01   1.1423914e-02   2.6890290e-02   2.6402697e-01  -4.2176028e-01  -7.3990886e-02   4.0793355e-01   4.4293215e-02  -4.5239025e-01  -1.1000098e-01   1.4107528e-01  -4.5535620e-02   4.2781778e-02  -5.9867222e-02  -2.6953662e-01   6.2453776e-01   4.8213399e-02  -8.0029624e-02   2.9848931e-03  -4.5738002e-01   3.8102766e-01  -1.8987245e-01  -1.4215677e-01  -5.9828490e-01  -4.4497966e-01   6.8175932e-01  -2.0606409e-01  -4.4274800e-02  -2.0388915e-01  -6.6370786e-01  -4.8096559e-01  -2.7108586e-01  -2.8656862e-01   6.0133258e-02  -1.6700287e-01   4.6498388e-01   5.7304370e-01   6.3487730e-01   4.2013786e-01  -5.1551722e-01   5.8939352e-01  -1.8393532e-01   9.1532162e-02   6.7222662e-01  -6.9335341e-01   1.3621692e-01   1.3706339e-01  -1.4728513e-01  -2.6170982e-01   1.1328394e-01  -5.4093856e-02   2.4434772e-01  -1.1833366e-01  -3.4159737e-01   2.9200614e-01   1.6109548e-01  -3.7108886e-01  -4.3932233e-01  -3.6756798e-01  -1.1595913e-01  -1.1924296e-01   7.7148998e-01   3.3291575e-02   4.6471307e-01   8.4238922e-02   2.9267324e-01   4.8208718e-01   1.7195314e-01  -3.8736273e-01  -5.3349713e-01  -4.4643075e-01   3.9175351e-01  -2.9877043e-01   3.2049741e-01  -2.6994392e-01  -6.8866906e-01   7.1307659e-01  -5.4906696e-01  -4.6623717e-01  -2.8388674e-01  -5.3474910e-01  -1.6429432e-01   3.0696808e-01  -1.5593277e-01  -6.6567555e-01  -3.0866333e-02  -6.2180160e-02  -2.5179217e-02   5.7963645e-01   1.8990574e-01  -1.0954041e-01   5.4668927e-02  -6.8816816e-01   1.3784332e-01  -6.1606691e-02   5.3045970e-01   7.1980334e-01   2.3263737e-01  -4.4907401e-01  -4.2991971e-01  -1.0354760e-01  -4.8430078e-01   3.1886636e-02  -3.4961934e-01  -8.2320136e-02  -2.1040929e-01   4.4126500e-01   2.0162709e-01  -1.9612032e-01  -5.0191321e-01   2.4301480e-01  -4.8183812e-01  -1.4497207e-02  -2.1447350e-01  -3.0593112e-01  -2.7616205e-01   2.3109723e-01  -3.4707641e-01   4.6826915e-01   3.9205724e-01  -9.8277432e-02  -2.4682451e-01   9.2717175e-02  -3.5379281e-01  -1.4246608e-01   1.1948119e-01   4.4419743e-01   4.5788010e-01   2.1840486e-01  -2.4158718e-01  -5.2944697e-01  -1.2303307e-01  -6.0541911e-01   7.9514024e-02  -4.2997585e-01   1.3872541e-01  -1.5304660e-01  -4.7877351e-01   1.6377986e-01  -4.1261261e-01  -2.8190387e-01  -1.6294222e-01   2.0542690e-01   5.0857921e-01   2.9096623e-01   3.1922303e-01  -1.9577068e-01  -1.6208472e-01  -8.1115352e-02  -4.6657643e-01
  -1.5848803e-01   1.4037202e-01   1.1246222e-01  -1.2145442e-01   1.6063569e-01  -9.7204974e-02   3.6942357e-01  -1.2427960e-01   1.8109689e-01   0.0000000e+00  -1.6127569e-01   2.0727854e-02   7.0987180e-02  -9.5761861e-02   3.5152494e-01  -2.5232481e-01  -6.5027198e-02   1.4959331e-02  -1.4215060e-01   8.2056960e-02   1.5372516e-01  -1.4647538e-01   2.7436105e-01  -2.4328850e-01  -8.6743419e-02  -3.5816740e-02   6.9659174e-02   2.9504767e-01   1.3398585e-01  -3.1311645e-01   8.2622355e-02   1.1477333e-01  -2.0088812e-01   6.1735397e-01   5.5457695e-01  -5.9945792e-02   3.8511286e-02  -1.3821359e-01  -2.2554201e-01   3.0745583e-02  -9.0854258e-03  -8.6178208e-02   1.7269578e-01  -2.0262434e-01  -1.1184634e-01  -9.6932412e-02  -1.2109303e-01   1.9491756e-01   6.2290368e-02   1.9469018e-01   2.8721868e-02  -1.1034688e-01   1.4423611e-01  -8.5712297e-02  -1.7862770e-01  -1.9453645e-01  -9.8042135e-02  -6.6394143e-02  -1.9607925e-01  -1.3199459e-01  -3.7705123e-02   3.4522072e-01  -1.2519516e-01  -3.3294772e-02   1.5739122e-01   6.1954413e-01  -1.6022668e-01   1.6150995e-02  -3.2137772e-01   3.1026025e-01  -9.4190790e-02  -4.6079078e-02  -1.1435297e-01  -4.1704974e-02  -6.2671404e-02   3.7384115e-02  -4.1582264e-01   3.0046932e-02   2.3887823e-01   6.3091694e-02   4.7883179e-01   1.9289240e-01  -1.8465170e-01  -1.8820389e-01  -1.3115580e-01   9.2073788e-02  -2.7982698e-01  -8.5219065e-02   1.7092402e-01  -3.6023664e-01  -2.1862089e-01  -1.9655884e-02   4.0016164e-01   2.7131749e-01  -1.7032640e-01  -1.0109618e-01  -1.3577985e-01  -8.2703315e-02  -2.2393157e-01   6.0748711e-01   3.6451759e-02  -6.3163516e-02   2.8373984e-03   4.6237014e-03  -5.4569036e-02   1.6262352e-01  -2.4597903e-01  -2.6631450e-01   4.3044426e-01  -1.2903366e-02   1.1206997e-01  -2.1013774e-01   2.2653846e-02  -1.9297505e-01   5.2770047e-01   2.8671618e-02  -3.6559991e-02   9.3541726e-02   1.5942948e-01  -1.9147351e-01  -5.7842534e-01  -9.8644754e-02   3.5110768e-01  -1.2376723e-02  -2.4746987e-01  -2.9914188e-03   2.3978806e-01  -1.5931009e-01   1.4160914e-01   1.6613960e-01   9.2763189e-02   1.9479448e-01   6.9539987e-02   1.8499886e-01   3.5863940e-01   1.4874565e-01   7.2972731e-02   3.1300306e-01  -8.4181219e-02  -1.9085221e-01  -2.7566195e-01  -2.3414213e-02   1.9623839e-01   3.3133135e-01   1.8772294e-01  -6.9772197e-02   4.4764991e-01  -1.1210684e-01   1.4833939e-01   3.8221574e-01   2.3938113e-02   1.1689226e-01  -3.5329198e-01  -8.5729153e-02  -1.1376560e-02  -1.9413484e-01  -4.5484543e-01  -1.2095972e-01  -3.6117927e-02   1.3069365e-01   1.4842854e-01  -3.2721278e-02   2.0820800e-01  -1.5086995e-01  -2.6822557e-01   4.2267691e-01   1.6590647e-02   9.6438701e-02  -9.9684162e-02  -8.2652374e-02   5.1986108e-02  -3.4064237e-01  -2.4114034e-01   2.8234534e-01   5.1915872e-02  -1.6812897e-01  -1.6854669e-01
   1.7268039e-01  -3.6971954e-01  -4.5384360e-01   5.9910859e-01  -4.1977590e-01  -3.0647682e-02   6.5602619e-02   2.8865007e-01  -3.3160704e-01  -1.6127569e-01   0.0000000e+00  -1.3541248e-01   6.0543641e-01   5.1122713e-02   3.5460052e-01   3.6655777e-01  -5.6059334e-01   6.5709542e-01  -7.2021833e-02  -3.6095936e-01   4.0512695e-01   6.5084950e-01   5.2165307e-01   7.5606722e-02   1.8260882e-01   5.4147062e-01  -1.4168321e-01  -1.3774638e-01   8.6649689e-02   5.8385491e-01  -2.4233676e-02   5.9941535e-01   1.5176860e-01  -4.9467129e-01  -1.8789599e-01   1.8743370e-01  -1.1288958e-01  -1.5331423e-01   3.1836414e-01  -3.8723514e-01   6.4591262e-01  -3.0824513e-02  -6.1054106e-01   6.1928018e-01  -6.4225850e-02  -2.1557010e-01   8.6551969e-01  -4.2432126e-01   5.0846628e-02  -3.2878654e-01   6.5196258e-01   3.4142420e-01  -4.7815901e-01  -3.9596802e-01   1.2220996e-01   5.8634493e-01   5.7253172e-01   4.2545884e-01   6.3373779e-01   8.9392088e-02  -4.0280389e-01  -1.9130895e-01  -6.3499236e-01   2.4643270e-01  -3.2770504e-01  -4.9109096e-01  -1.1710075e-02  -2.2981328e-01   4.0283293e-01  -1.0452038e-01  -6.5353471e-01   6.5957078e-01   4.7161525e-01   2.1583154e-02  -4.2753956e-01   6.0000470e-01  -2.7312377e-01   3.5451166e-01  -6.2702718e-01   3.1634793e-01   3.0711539e-01   3.1571606e-01  -3.8725558e-01   5.6377794e-01  -4.1698464e-01   6.2864149e-01  -5.4702727e-01   1.0391826e-01  -3.5673837e-01  -1.0363383e-01  -6.1313315e-01  -2.1134683e-01  -7.4402579e-01   5.1873060e-02  -1.0017865e-01  -3.8034029e-01   1.6046302e-01  -1.0183444e-01  -3.0162767e-01   1.8670403e-01  -5.9448262e-01   4.3030635e-01   7.2721045e-01  -1.1119780e-01   7.9081171e-01   4.6763594e-01  -3.6911415e-01   2.9399012e-01  -2.7736111e-01  -2.5039380e-01  -4.0966669e-01   6.6465323e-01   6.0725599e-02  -1.0562896e-01  -1.4528393e-01  -5.4924655e-01  -6.2085439e-02   6.5708078e-01  -4.4110597e-01   6.1053372e-01   3.7161962e-02  -5.4945852e-01  -2.6390743e-01  -3.0560036e-01  -8.6934500e-02   2.7520208e-01   3.8737165e-02  -4.1775579e-01   4.5222206e-01  -2.0145529e-01   2.8124700e-01   5.9532641e-01   2.9137746e-01  -2.0425784e-01  -4.0872142e-01   2.9812986e-01  -1.3386132e-01  -6.9559754e-02   5.0911113e-01   2.9710480e-01   1.2180682e-01   2.4450960e-01   3.9135969e-01  -1.8078642e-01   3.5237784e-01   2.3958138e-01  -4.6443179e-01  -2.8179583e-02  -3.2900762e-01   1.7766220e-01  -4.6434802e-02   5.0921268e-01  -1.0875179e-01   2.6330460e-01  -6.3229642e-01   8.9629246e-03  -1.5256922e-01   6.3463409e-01  -3.8955075e-01   6.8141580e-01   2.3658125e-01   7.5203023e-01  -5.8979442e-02   8.9148339e-01   3.1629816e-01  -5.6082254e-01   6.5923156e-01   8.1306001e-02  -2.0622265e-02  -5.9201595e-01  -7.2924328e-01  -2.8498282e-02   2.3007354e-01  -2.4339169e-01  -1.7907922e-01  -2.6226067e-01   3.8149345e-01
  -1.8991119e-01   1.5116585e-01   3.9636516e-01   1.9259337e-01   2.1718006e-01   4.4158518e-01   5.8170360e-01  -5.2897277e-04  -2.0393443e-01   2.0727854e-02  -1.3541248e-01   0.0000000e+00   7.0191977e-02  -6.3626900e-02   2.0305473e-01   1.7708373e-01   2.3314193e-01   1.1968107e-01   3.2099554e-01   3.1793257e-01  -1.4941018e-01   4.0387762e-02   1.6407630e-01  -5.0314893e-01  -6.2041321e-02  -8.7220626e-02   1.8641234e-01   4.8486718e-01  -7.3324824e-02   3.0001535e-02  -1.2780595e-01  -1.3046610e-02   3.2099767e-02   1.4318425e-01   4.8467306e-01   1.3433115e-02  -3.8106188e-01  -3.6614334e-01  -1.0218132e-01   3.0520218e-01   1.4557745e-01   1.1493466e-01   1.1943664e-01  -1.6216805e-01   2.2131007e-01  -1.3949660e-01  -1.3559033e-01   2.1011207e-02  -1.9526680e-01   1.4281557e-01   1.2041438e-01  -3.3039474e-02  -2.7962933e-01   2.2087289e-01  -1.9903784e-01  -2.8169330e-02   3.2972634e-01  -1.5805059e-01   1.7315543e-02   7.5649056e-01  -5.3685320e-03   1.1266925e-01   5.4746084e-02  -3.2875634e-01  -3.6291293e-01   7.3879320e-02   1.8118583e-01  -2.7244115e-01   1.8393843e-01   4.2154922e-01  -1.6984441e-01   1.6684939e-01   9.0046594e-02  -1.1635239e-01   2.9121750e-01  -2.4263680e-01  -1.1614985e-01  -5.4798232e-02   7.8639828e-02  -9.0179005e-02   4.2695641e-01   3.8781655e-02  -1.7190747e-01   1.4772922e-02   2.9113109e-01  -1.3828913e-01   9.3120907e-02  -1.1155837e-01  -2.2272514e-02  -4.0743248e-01  -1.3844484e-01  -6.3950850e-02   2.1876716e-01   2.1029519e-01  -2.2334356e-01   1.3202071e-01   2.1245216e-01   8.7662979e-02   1.8697644e-03  -4.1854083e-02   4.4866389e-05   9.8571122e-02   1.3455010e-01  -6.6143885e-02   6.3712510e-02  -1.0606264e-01   2.9537375e-01   1.7904762e-01  -1.5602045e-02  -4.5080417e-01   4.2667264e-01   1.4191884e-01   3.6675243e-01  -1.8148770e-01   3.7695413e-01  -3.2670581e-01  -3.4186296e-01   7.9212860e-02   2.2919334e-01   1.5884505e-01  -2.7373341e-01   2.2494060e-01   2.0149148e-01  -3.0110756e-01  -4.0098306e-01   4.2667551e-01   2.7599625e-01   4.2124167e-01  -2.1615860e-01   3.2287073e-01   6.0577177e-02  -3.3670092e-01   2.6372524e-01  -1.8496686e-01   3.2751862e-01  -1.9701472e-01   2.8458464e-01   3.6742110e-02   4.4255335e-03  -3.2444295e-01  -2.0912431e-01  -2.0345099e-01  -1.0841514e-01   5.7664230e-01   4.2597231e-01  -1.2422172e-01   4.7652595e-01   4.2368524e-02   2.3877011e-01  -3.5369651e-01  -4.9969016e-02  -2.3626200e-02  -3.1165831e-01  -3.3239157e-01   1.1709975e-01  -6.4089117e-01   3.3254989e-02   1.2194513e-01  -6.4936692e-03   8.7100088e-02  -1.2896491e-01  -8.7695633e-02  -3.4190257e-01  -1.6498637e-01   4.2300545e-02   1.0233317e-01   2.1703722e-01   2.5386110e-01  -1.3112025e-01  -1.4210844e-01   1.9615157e-01  -5.3542410e-01  -2.6477213e-01   6.0800409e-01   5.3354092e-02  -4.9503290e-02  -2.2614240e-02
   3.2109286e-02  -4.1450744e-01  -5.5739148e-02   5.3178849e-01   1.2063301e-01   2.4451186e-01   2.2587295e-01   4.0639961e-01  -4.1406190e-01   7.0987180e-02   6.0543641e-01   7.0191977e-02   0.0000000e+00  -1.9701736e-02   2.9976401e-01   2.4306003e-01  -2.5150641e-01   4.7212184e-01   6.4169130e-02   7.9250794e-02   2.8615807e-01   4.7184560e-01   4.7717393e-01  -1.5236035e-01  -5.0543337e-02   5.4520679e-01  -3.8702041e-02  -5.3014608e-02   5.7347175e-02   1.9750579e-01  -7.0297484e-02   5.6282481e-01   7.9470070e-02  -2.5226433e-01   4.2065547e-02   3.6902301e-01  -1.8443065e-01  -1.5804068e-01   1.3880527e-01  -1.9057857e-01   5.1539586e-01   1.6747498e-01  -2.8223249e-01   1.9159280e-01   1.8779168e-01  -2.5058611e-01   6.0108134e-01  -4.4910671e-01   2.0563999e-01   2.4811220e-02   6.5754252e-01   5.4707231e-01  -5.6759859e-01  -6.3710147e-02   2.0419526e-01   1.9599745e-01   5.0909606e-01   3.1557054e-01   4.4963256e-01   1.1042273e-01  -3.3923814e-01   3.0253691e-01  -4.8670674e-01  -1.4768342e-01  -3.3272398e-01  -1.1542422e-01   2.3911308e-01  -2.3175401e-01   2.8961354e-01  -1.3412377e-01  -6.3690114e-01   4.7190585e-01   3.4772932e-01  -1.9486862e-01   2.2626772e-02   3.7923085e-01  -4.1041866e-01   2.2372231e-01  -1.5244961e-01   5.0753879e-01   2.6718544e-01   1.3865768e-01  -4.1783084e-01   4.4880859e-01  -1.5604210e-01   3.4253182e-01  -2.8762249e-01   5.0997759e-02  -2.5444487e-01  -2.6796466e-01  -4.1883559e-01  -1.3241457e-01  -2.1696652e-01  -1.1773439e-03  -1.4737511e-01   1.4793849e-02   4.3729755e-01   1.1677068e-01  -3.4808195e-01   2.3607109e-01  -5.3670660e-01   3.8194175e-01   6.3748527e-01  -3.7757804e-01   5.7827600e-01   4.7736736e-01   1.3258328e-02   3.4620319e-01   2.0704888e-01  -2.7851157e-01  -2.5726929e-02   4.6423336e-01   1.5267184e-01  -1.7460653e-01  -5.0363958e-02  -4.4851440e-01   8.2279453e-02   7.1961087e-01  -3.9658304e-01   4.7090602e-01  -1.9354694e-01  -8.8266551e-02  -8.4388937e-02  -3.9166595e-01  -3.5885415e-01   1.5398428e-01   4.0041880e-01  -7.4427371e-02   3.9773497e-01  -2.5714393e-01   6.2255536e-01   3.6382180e-01   3.0988490e-01  -2.2390453e-01  -1.1284620e-01   3.1127825e-01   4.8879196e-01  -2.3937805e-01   4.3552633e-01  -1.6723483e-02  -8.8912678e-02   3.5897366e-01   5.9992107e-01  -2.1064766e-01   3.9351799e-01  -8.9190467e-02  -2.9857888e-01   9.5906904e-02  -4.2069118e-02  -1.1600855e-01  -6.6215426e-02   2.1426099e-01  -1.9581032e-01  -1.7869681e-01  -4.8094291e-01  -1.8460356e-01  -6.3170499e-02   6.2646149e-01  -1.3338998e-01   5.2024295e-01   2.9634424e-01   6.0695303e-01  -2.6927119e-01   4.3112338e-01   3.1133622e-01   1.8212382e-03   4.5560863e-01  -6.9685235e-02   7.5993013e-02  -3.4700152e-01  -3.1146957e-01  -2.4884601e-01  -4.6236087e-02   1.0382736e-01  -4.1890574e-02  -4.3410360e-02   3.3830215e-01
   8.3376542e-02  -1.7159768e-01   1.2135860e-01   8.2288719e-02  -2.9773711e-01  -2.0501950e-01  -2.1853216e-01   2.1177805e-01  -1.7241105e-01  -9.5761861e-02   5.1122713e-02  -6.3626900e-02  -1.9701736e-02   0.0000000e+00   1.4537359e-01   1.6095896e-01  -1.6723483e-01   2.1814240e-01  -2.4440870e-01  -3.1217026e-01   5.3656917e-01   7.5219450e-02  -6.4612880e-02  -1.7720694e-01   1.3703410e-01  -1.7768256e-01  -5.2106748e-01   2.5582148e-01  -1.2901830e-01   5.3486884e-02   5.8603162e-01   9.3744848e-02   4.1368167e-01  -1.2781899e-01  -5.1620202e-02  -3.2267274e-01   2.9246065e-01   1.9176531e-01   8.6782007e-02  -3.0187467e-01   5.4871214e-02  -9.7104992e-02  -1.7274151e-01   3.7291478e-01  -3.2445331e-01  -1.5086874e-01   4.7997161e-02   6.9197103e-02   6.3487724e-02  -2.1586867e-01  -5.3041531e-02   1.8050742e-02   8.1050856e-02   1.2286392e-01   6.0358422e-01   2.2604258e-01  -1.5113232e-02   9.1350635e-02   2.4977223e-02  -1.3209433e-01   2.9249765e-01  -1.4563786e-01  -1.0684256e-01   2.4221988e-01  -4.0677730e-02  -2.6973111e-01  -2.3110562e-01  -8.2419086e-02  -2.3215612e-02  -2.5212547e-01  -2.8201423e-02  -1.3071137e-01   9.4958250e-02   2.0680483e-02   3.2867164e-02   5.8321491e-02   7.1696940e-02   2.7336849e-01  -2.5459433e-01   2.3133134e-01   9.6704567e-02  -1.7373761e-01   4.3873387e-01  -8.0885689e-02   4.5150444e-01   9.4849612e-02   4.9574304e-01   4.6991293e-02  -3.5364064e-01  -1.4826949e-01  -2.0390444e-01  -1.7502067e-01  -1.9202021e-01  -3.0335719e-01   2.6046358e-01  -1.7471542e-01  -1.1999803e-01  -2.5632227e-01  -1.8013195e-01  -5.2623881e-02   4.3211125e-01   1.2053200e-01   2.4468889e-01   7.9883461e-02  -1.0314869e-01   9.3388782e-02   1.8764164e-01  -4.6061106e-02  -8.8442111e-03   1.7168941e-01   1.6070538e-01   2.5568464e-03   1.7047407e-02  -7.2716244e-02  -1.6940467e-02  -4.3416237e-02   9.6924137e-02  -9.6846004e-02   4.3522147e-01  -1.5369260e-02  -2.8225468e-01  -2.9900629e-01  -2.5128341e-01  -1.2070155e-01  -1.6432684e-01   1.9979805e-01   6.9027056e-02   9.5135481e-02   1.0836136e-01  -2.0400686e-02  -6.5760717e-02   2.0278345e-01   2.3010013e-01   4.4111611e-01  -3.2522617e-01   1.2365709e-01  -8.8455196e-02   5.7264754e-01   2.0391267e-01   1.7145639e-01   2.4981247e-01   1.2218197e-01   1.2789933e-01  -1.3951070e-01  -5.8147515e-02   2.5774802e-01   6.5523229e-02  -3.4905814e-01  -3.1079731e-01   2.2894534e-01   8.0999028e-02   5.0357522e-01  -1.5948063e-01  -1.5722777e-01  -2.1465211e-01   1.1628381e-01  -1.4792360e-01   1.5347907e-01  -4.4489721e-03   1.7478296e-01  -4.3726824e-01   6.1922398e-02  -1.4229918e-01   9.3049323e-02   1.1356294e-01  -2.5031914e-01  -6.2008791e-02   4.8410120e-01   1.6877828e-01   2.5402971e-02  -2.5006834e-01  -3.4075923e-02   2.6615040e-01  -1.0100928e-02  -1.0238868e-01   7.5462251e-02   2.2835689e-01
