   0.0000000e+00  -1.0394326e-01   7.5099928e-01  -1.4069775e-01  -3.5594043e-01  -3.4203092e-02  -4.1587168e-01   4.5269940e-01   1.7623538e-01  -3.7121725e-01  -6.5427563e-02  -8.7261680e-02  -1.0722669e-01   1.2530928e-01  -4.3327583e-01  -3.3632364e-01   1.4682771e-01  -3.2018856e-01   4.8056973e-01  -4.6335521e-01  -6.4688870e-01   7.0363288e-02  -4.5906996e-01   8.5015897e-01   1.9237560e-01   3.7650576e-01  -4.4983535e-01   2.0509103e-01  -1.9453918e-02  -4.5161064e-01  -2.2280187e-01  -9.0314675e-02   2.1055333e-02  -1.3878289e-01  -5.7383964e-02  -4.5764645e-01   2.8516726e-02   4.4733852e-01  -2.6921136e-01  -4.6220639e-01  -9.1935927e-02   2.8767663e-02  -2.3970567e-01  -2.0063435e-01  -9.1496848e-02   8.5263272e-01  -3.9535478e-01  -6.1647047e-01   1.7697552e-01  -2.1085693e-01  -4.3969448e-01   6.0888539e-01  -2.0220368e-03   1.2461898e-01  -1.4628930e-01  -2.0282569e-01   4.6781464e-01   3.4044156e-02  -2.7217255e-01  -1.1114481e-01   7.1793634e-01  -9.3581108e-02   3.1609600e-02   2.1490296e-01   5.6624461e-02  -6.0961491e-01   5.2519288e-01   5.8082281e-02  -1.6700782e-02   8.3483994e-01  -4.7507529e-01  -1.7224556e-01  -1.5580758e-01   8.7098015e-01   4.0917955e-01  -7.8219149e-02   7.7629086e-01  -8.5330470e-02  -2.2940038e-02  -1.8729236e-02  -3.8950876e-01  -3.0078542e-02  -3.1873422e-01   6.9571606e-01  -6.0140129e-03  -1.2687963e-01  -1.4546800e-01   4.8910597e-01   1.6221864e-01   8.6874157e-01  -1.2023028e-01   5.9922351e-01  -2.1297027e-01   2.5851460e-01   6.8952798e-01  -4.4253592e-01  -5.3649751e-02   5.8554006e-01  -3.3309404e-01  -2.5719402e-01   1.5333941e-01   9.4416456e-02  -2.3114958e-01   3.0460444e-01  -3.6015280e-01  -8.5001943e-02  -4.8005025e-02   5.4185814e-01   2.2875295e-01  -5.3197902e-01  -3.1134223e-01  -5.3646870e-01   2.5302615e-01   8.9601535e-01  -1.5262226e-01   6.2980502e-02   2.9870506e-01   2.0573043e-02  -2.1886968e-01  -1.5439697e-01   6.3509611e-01  -1.4384438e-01   2.8949771e-02  -1.5849797e-01   4.9089113e-01   6.6468216e-01  -3.2309470e-02   4.4872890e-01   2.4276000e-01   4.1893971e-01  -2.5296701e-01  -6.1922621e-01   5.1825872e-01  -3.2997398e-01   2.0732414e-02   1.6385664e-01   6.8512051e-02  -3.2346159e-01   1.2283568e-01   8.5838631e-01   8.0876162e-01   2.3428545e-01  -5.5857960e-02  -2.8924445e-01  -1.2708398e-01  -3.0123578e-01  -3.2539149e-01  -4.5977137e-01  -5.4075921e-01  -1.2467219e-01   7.8067575e-01  -1.5583774e-01   7.6029146e-01  -3.6065995e-01  -4.1196057e-01   6.7727180e-01   7.2397257e-01  -1.6573851e-01   3.9491301e-01  -5.3209818e-01   9.2512767e-02  -3.8224631e-02  -3.6120835e-01  -2.4642723e-01   1.8335696e-01  -5.2975635e-02  -2.0680762e-01   2.8469973e-01   7.2262201e-01  -1.6780573e-01  -3.8780250e-01   2.8728601e-01  -1.4114893e-02   2.1693831e-01   2.4304070e-01   1.5701414e-01   2.9700202e-01
  -1.0394326e-01   0.0000000e+00  -3.4929379e-02  -3.7898618e-01  -2.5422177e-01  -4.3049657e-01   5.8461386e-02  -2.0416737e-01   6.0923570e-01  -1.3336831e-01  -1.2666828e-01   6.3291157e-01   1.2076289e-01   1.6513503e-02  -1.9161311e-01   2.9432747e-01  -2.5522703e-01   2.9062384e-01   8.2324755e-02  -1.7088229e-01  -3.0882780e-01  -3.1968626e-01  -2.6309814e-01  -3.1206739e-01  -1.1540365e-01  -1.9008452e-01  -2.7468385e-01  -5.2306296e-02   3.8879577e-01  -4.2751609e-02   4.7177489e-01  -3.1582337e-01  -3.5250732e-01   3.4837090e-01   6.2918496e-02  -3.4878522e-01  -3.2408602e-01   3.6635804e-02   2.5291397e-01  -3.1732447e-01   2.0604353e-01  -3.1959760e-01   3.3468258e-01   2.0079488e-01   3.0774919e-01  -3.1474106e-02  -3.2950359e-01   2.3462961e-01  -2.3746103e-01  -1.4982773e-02  -2.0234995e-01  -1.8579417e-01   7.2616602e-01  -2.2131239e-01   1.8469319e-01   9.0779517e-02  -7.6392335e-02  -3.7111997e-01  -9.5669789e-02   5.5787029e-01  -8.4150536e-03  -2.6333088e-01   7.6759364e-01   6.2392006e-01   6.6093017e-01  -3.3275598e-01  -2.0241176e-01   4.9272828e-01  -3.6452358e-01  -9.0920891e-02   2.8417051e-01  -5.4047359e-01   3.2726729e-01  -1.6212645e-01  -4.3664134e-02  -2.0309078e-01  -2.6252190e-02  -6.8039526e-02   5.5725755e-01  -6.6852699e-02  -8.5699129e-02   1.5536794e-01   2.7948113e-01  -5.5064424e-02   1.4819684e-01  -2.1811021e-01   5.9494650e-01  -1.1090049e-01   7.7838707e-01  -1.1143155e-01   7.6512478e-02  -3.3632827e-01   1.2047239e-01   2.5287973e-01   4.0344441e-02  -1.9994885e-01  -1.1004129e-01  -1.5261354e-02  -6.1989614e-02  -2.9892596e-01  -1.0181419e-01  -5.0578202e-02  -7.9684849e-02   4.9068625e-01  -3.8894044e-01  -3.0564744e-01  -1.2925115e-01  -1.8939410e-01  -2.2032673e-01  -9.5555144e-02   4.6274362e-01  -8.5948708e-03  -4.8940082e-02  -1.7631014e-01  -2.3717486e-02   4.8234072e-01  -3.2646645e-01   1.7747219e-01   2.7137467e-01  -2.7523349e-01  -4.2418572e-01   2.1540103e-01   6.5233061e-01   3.6349998e-01   1.1351538e-01  -2.0665428e-01   3.4602117e-01   4.2600633e-02  -3.0081931e-01  -1.5247318e-01   2.9974841e-01  -1.1897595e-02   5.3213700e-01   6.7248914e-02   5.1531565e-01  -2.8511016e-01  -4.9797673e-02   2.7992602e-01  -1.7324873e-01  -2.8881657e-01  -7.9658802e-02  -9.8463477e-03  -3.0286663e-01   1.6983436e-01  -1.9906809e-01   2.4901644e-01   1.6752497e-01  -1.3620704e-01  -2.3700507e-01  -8.7878778e-02  -2.2546364e-01  -3.8489559e-02  -2.3005755e-01   6.0699609e-02   5.0641068e-01  -4.1170023e-01  -2.6904604e-01  -1.0416823e-01  -4.5158549e-01  -1.9215272e-01   5.0871477e-01  -2.9658360e-01  -3.4060897e-02   3.9460288e-02  -2.8115013e-01   2.7747198e-01   2.2502460e-01  -1.9520464e-01  -2.4543221e-01  -7.3090059e-02  -7.0267392e-02   1.0452116e-02   5.3700751e-01   4.2945272e-03  -2.5155968e-01  -2.8182637e-01  -1.5842986e-01
   7.5099928e-01  -3.4929379e-02   0.0000000e+00  -5.0570240e-01  -2.1259761e-01  -1.8801989e-02  -3.8805688e-01   2.2063875e-01   1.3315106e-01  -2.0948826e-01   9.8579545e-02   2.2229934e-01   4.4038382e-02  -3.6430800e-01  -5.1353295e-01  -1.7308494e-01   4.3474151e-01  -1.4577958e-01   3.7188219e-01  -2.1534761e-01  -7.1926612e-01  -2.7500302e-01  -3.6883686e-01   6.5204337e-01   2.8123125e-01  -6.7826791e-02  -2.8369740e-01   1.8038903e-01  -7.6013717e-03  -6.7749289e-01  -2.4618258e-01  -3.0616796e-01   9.9179500e-03  -1.0417525e-01   1.7562551e-01  -1.5370940e-01   1.2357907e-01   3.5718906e-01  -1.0739600e-01  -1.5187633e-01  -5.8840965e-02   1.4968221e-01  -1.1108365e-01  -4.7042786e-01   9.1974992e-02   7.4924920e-01  -3.1627003e-01  -7.0675146e-01   2.8347400e-01   2.0111376e-02  -3.1835504e-01   2.5788501e-01   7.1812123e-03   1.2916000e-01  -4.5904905e-01  -3.7022359e-01   3.1755868e-01  -1.8664070e-01  -4.0502582e-01   1.4992820e-01   5.6139913e-01   9.1577308e-02   9.8038378e-02   3.8287373e-01  -3.6988891e-02  -4.8448031e-01   5.3988681e-01   1.4104070e-01  -2.5847889e-01   7.3953888e-01  -3.7557634e-01  -2.4272161e-01  -2.2540775e-02   6.5861460e-01   2.5963297e-01  -2.7029676e-01   6.5901155e-01  -2.7849256e-01   5.6101701e-02  -1.3081128e-01  -4.4794300e-01   9.9745297e-02  -2.2940893e-01   4.5618501e-01  -1.7037411e-01  -3.0655552e-01  -3.1174875e-01   1.6388169e-01   2.1367642e-01   5.7094907e-01  -9.2016261e-02   5.5755871e-01  -7.8162177e-02   4.2006569e-01   6.1479259e-01  -2.7196653e-01  -6.4327456e-02   5.3980439e-01  -2.1716253e-01  -3.0046967e-01   2.3861742e-01   6.7196506e-02  -6.4035161e-01   4.0735656e-01  -5.0537694e-01  -3.8173668e-01  -1.9345579e-01   4.5632488e-01   3.6110609e-01  -3.3824893e-01  -4.8088437e-02  -7.2474191e-01   1.2686336e-01   6.8098915e-01  -1.1776977e-01   9.4245717e-02   2.1799180e-02  -2.7842768e-02  -2.9059609e-01  -4.3534668e-01   5.1681014e-01   5.2968875e-02   2.8569285e-01  -1.4977564e-01   4.2960953e-01   2.3725297e-01   2.9623696e-01   3.1243332e-01  -2.6948651e-02   4.7413801e-01  -8.8610449e-02  -5.2495798e-01   4.4280941e-01  -2.0144201e-01   1.5367464e-01  -4.6210096e-03   3.0725683e-02  -4.3844296e-01  -1.4009232e-01   6.6092262e-01   7.6143501e-01   2.6351662e-01  -1.5241188e-01  -4.3259748e-02   5.5446386e-02  -6.3401449e-01   4.4476989e-03  -3.8155173e-01  -4.0252496e-01   1.4024829e-01   6.1164483e-01  -5.2071245e-01   6.9001543e-01  -2.3520508e-01  -3.0980851e-02   4.2974484e-01   6.5508508e-01  -1.6062791e-01   3.3295846e-01  -6.9988552e-01   2.6352541e-01  -6.0710849e-02  -7.5848431e-02  -1.6383365e-01   2.4753112e-02   6.4255491e-02   9.5748789e-02  -1.2372342e-01   7.0027150e-01  -1.0104889e-01  -3.9182322e-02   1.8237935e-01   1.6917666e-01   1.8221511e-01   4.1877240e-01   3.6032624e-02   1.4647658e-01
  -1.4069775e-01  -3.7898618e-01  -5.0570240e-01   0.0000000e+00   7.5311098e-02   3.7506116e-01  -4.9106001e-02   3.7973861e-01  -2.1462051e-01  -1.6916489e-01  -2.0674068e-02  -6.0125913e-01  -4.1151153e-01   4.4730280e-01   4.5186077e-01  -1.1867566e-01  -1.3971323e-03  -8.8300759e-02   9.6231547e-02   1.5976633e-02   3.1144207e-01   8.3748628e-01   1.0717956e-01  -8.5011590e-03   1.3545690e-01   5.9557788e-01   2.6190372e-01   5.4894349e-02  -8.3100534e-02   6.6112113e-01  -7.1448177e-02   7.7867831e-01   2.4705163e-01  -2.3907954e-01  -4.8559988e-01   7.0924469e-02  -8.6778237e-02  -2.2352160e-01  -2.1790975e-01   1.4820332e-02  -2.9369483e-01  -1.1407810e-02  -3.0630431e-01   2.8660856e-01  -3.7002330e-01  -1.7138182e-01   4.3871987e-01   2.2186337e-01  -2.3281217e-02  -9.9871336e-02   1.5415709e-01   4.3665141e-01  -4.1092792e-01   6.3351958e-02   3.4448864e-01   2.3425038e-01   2.0484953e-01   7.6772327e-01   4.3616429e-01  -4.8031180e-01  -3.1342722e-02  -4.1435201e-02  -2.8841841e-01  -4.8059341e-01  -1.6934678e-01   2.2804205e-01   6.8861636e-02  -1.5317070e-01   7.7065518e-01  -1.3182245e-01  -1.2092272e-01   4.6722178e-01  -2.8503748e-01  -3.2337809e-02   5.5596066e-02   5.5507156e-01  -1.8612828e-01   4.5026590e-01  -3.6459764e-01   1.8799893e-01   2.2489789e-01  -3.7134696e-01  -1.6289558e-01   4.9032946e-02   1.7341971e-01   5.7723619e-01  -2.9599519e-02   1.6762469e-01  -3.4363253e-01   5.1300986e-03  -6.5974634e-02   1.0292552e-01  -4.1953291e-01  -3.3614964e-01  -2.4684818e-01   3.7234065e-02   2.6687246e-02  -2.1198080e-02  -9.4856600e-02   1.2895542e-01  -1.8765826e-02   1.7776102e-01   6.3901763e-01  -3.2052593e-01   7.1197350e-01   8.3807425e-01   3.7327344e-01   1.5065705e-01  -1.3035543e-01  -4.1539826e-02  -6.0077721e-01   5.9514643e-01   2.9167160e-01  -2.7355622e-02   3.1715818e-02  -2.6023277e-01   4.0765397e-01  -3.0024958e-01   1.1127962e-01   8.3760049e-01   1.6555950e-01  -2.5198399e-01  -5.4392237e-01   1.5080474e-02  -2.3686248e-01   2.8938797e-01  -6.0169477e-01   1.4865263e-02   6.7687091e-01  -7.1653776e-02  -3.3963525e-01   1.3296541e-01  -2.1651348e-01  -5.1425506e-02  -3.0457311e-01   5.3806474e-01   2.0948081e-01   2.0172403e-01   6.3841284e-01   2.0931965e-03  -2.7842011e-01  -3.0529392e-01   4.8115914e-01  -3.2379696e-01  -2.0634751e-01   4.4876978e-01  -3.8826161e-01   5.2927117e-03   7.0591182e-02  -3.4855673e-01   3.5150712e-02   4.5576452e-01  -7.3718310e-02  -3.6070197e-02  -5.1633487e-01   5.6218482e-03  -5.2191190e-02   9.5481783e-02   2.5539140e-01   5.5751791e-01  -2.8494054e-01   2.7035574e-01  -2.8393463e-01   1.1390711e-01   6.5594789e-01  -3.7775667e-01  -6.0168731e-01   4.1598300e-01  -8.4660871e-02  -5.7591311e-02  -2.8886392e-01  -2.6143546e-01  -3.9893473e-01   1.5292267e-01   1.2695247e-02   1.6479478e-01   4.9827904e-01
  -3.5594043e-01  -2.5422177e-01  -2.1259761e-01   7.5311098e-02   0.0000000e+00   7.5668171e-02  -8.7805281e-02  -1.7288830e-01  -4.1382297e-01  -7.5012205e-02  -4.9351774e-02  -1.1258194e-01   2.0664704e-01  -2.7977492e-01   4.8528103e-02   3.3889055e-01   3.9102561e-01  -6.5020480e-02  -9.8445594e-02   8.3949168e-01   3.6903939e-01   2.5993024e-02  -2.0025387e-01  -3.6802777e-01  -6.7614532e-02  -3.4110150e-01   7.0473785e-01  -4.4702312e-01  -2.2024858e-01  -1.9797671e-03  -2.9751150e-01   1.1196889e-01   3.9351049e-01  -3.5373659e-01  -2.3167991e-01   7.7532236e-01   1.7382876e-01  -2.5975987e-02   4.0933101e-01   4.9571403e-01   8.9669884e-02   3.8992261e-01  -2.2757022e-01  -1.8280457e-01  -2.4077236e-01  -4.1387999e-01   2.3537525e-01  -2.1157218e-02   2.6565285e-01   7.0669582e-01   1.8076406e-01  -4.0476851e-01  -3.9540939e-02   2.9985984e-01  -2.2233702e-01  -2.3242523e-01  -3.1525005e-01   1.0906585e-01   2.0728377e-01  -2.8964759e-01  -2.5513352e-01   4.1398058e-01  -4.7174880e-01  -4.8383452e-01  -3.1211292e-01   1.9626501e-01  -7.7648837e-02   4.8766537e-03  -5.6726435e-02  -4.2645148e-01   4.3733933e-01   1.0071624e-01   2.0718947e-01  -3.8707270e-01   5.4508248e-02   2.9319499e-02  -2.3567277e-01   1.4502817e-01   3.4737238e-01   4.5504061e-01  -3.0944951e-01   3.6815516e-01  -8.1860862e-02  -3.3732033e-01  -3.4697728e-01   2.0466348e-01  -3.1546257e-01  -2.2135374e-01  -3.5013416e-01  -3.9487346e-01   8.0503414e-01  -1.5783015e-01   4.7059263e-02  -5.3243086e-01  -2.0690659e-01   8.5692981e-01   3.6444654e-01  -2.9378578e-01   6.5232060e-01  -2.5507321e-01  -2.2277163e-01  -2.2344133e-01  -8.9350089e-02  -6.2091315e-01   6.0988387e-02   4.4572599e-03   4.9265246e-01  -3.1584273e-01  -1.2639836e-01   6.3585311e-01  -2.8393151e-01  -1.5915182e-02  -3.0482882e-01  -3.7979450e-01  -5.6790026e-01   2.8732819e-01  -2.6193367e-01   1.4533832e-01  -3.9026866e-01   8.7895355e-02  -2.3187453e-01   6.4532309e-01  -3.0850349e-01  -3.0816363e-01  -1.4622452e-01  -2.4987761e-01  -2.2712335e-01   2.2898216e-01  -1.4537032e-01  -5.4815301e-01   4.0485679e-01   4.8172634e-01  -3.6804143e-01  -7.7958261e-02  -4.4194521e-01   1.1193523e-01   4.3862175e-01  -2.9019708e-01  -6.5081166e-02  -3.4118027e-01  -4.3565216e-01   2.0425122e-01  -2.7295479e-02  -2.1573913e-01  -4.0367147e-01  -2.9730217e-01   1.1871554e-02   6.5331040e-01   1.3217870e-01   1.1126521e-01  -4.8994594e-01  -2.6866826e-01  -2.8348262e-01   3.6669157e-01   1.3618644e-01  -3.4677946e-01  -2.5151691e-01   3.5215746e-01   1.5759609e-01  -9.7167714e-02  -2.1093181e-01  -1.1273480e-01   4.3571706e-01   1.8831967e-02   1.6650325e-02   3.1133247e-01  -7.4162215e-02  -2.0916125e-01  -1.2278812e-01   5.7501414e-01   5.1142894e-01   9.6243231e-02   7.7104593e-02  -2.6573687e-01  -1.4605730e-02   6.1003107e-01  -1.3412444e-01
  -3.4203092e-02  -4.3049657e-01  -1.8801989e-02   3.7506116e-01   7.5668171e-02   0.0000000e+00   3.6916460e-01   3.4334243e-01   3.9436137e-02   3.1167505e-01  -1.2097432e-01  -3.4000471e-01  -4.2801141e-01   1.2695246e-02   8.4003357e-02  -3.1154631e-01   2.2621921e-01  -2.1555352e-01   3.2979584e-01   2.5445778e-01   2.3385303e-01   3.6781059e-01   2.9527556e-01   2.5838785e-02   4.4148309e-01   2.2574269e-01   5.3017209e-01   2.1683463e-01  -4.8214169e-02   3.5132022e-01  -4.3963413e-01   2.9295950e-01   8.1603846e-02  -2.5191357e-01  -2.9332336e-02   1.7464190e-01   1.3239077e-01  -4.0135131e-01  -3.2996734e-01   1.6734064e-01  -4.9636965e-01   1.3175315e-01  -7.4552336e-03  -2.5598173e-01  -4.3831315e-01   4.3459045e-02   1.8618577e-01   2.1356066e-01  -4.5811649e-02  -2.2310493e-01   2.0230776e-01   2.1949533e-01  -4.0652856e-01   2.5556483e-01   5.9449915e-02  -3.4008845e-02   4.7626667e-01   4.0561527e-01  -3.1528068e-02  -2.5065484e-01  -6.3084758e-04   1.0478000e-01  -2.8553358e-01  -3.5340011e-01  -3.0548596e-01   3.9133523e-01   5.0990578e-01  -4.1755406e-02   4.0038867e-01   4.4855160e-02   7.4095718e-02   2.1639588e-01  -3.8762950e-01   1.3559451e-01   9.7808478e-02   1.2689787e-01  -1.6180034e-01   4.6540330e-02  -3.7046410e-01  -1.7208328e-01   2.1097993e-01  -4.0127900e-01  -7.6705615e-02   1.6896269e-01   2.2757950e-01   9.8742830e-02  -2.3145408e-01  -1.4834509e-01  -2.9860522e-01   2.4266642e-02  -1.9050106e-01   2.9638214e-01   5.4432926e-02  -9.0680841e-02  -2.3216257e-01   2.9765019e-01  -8.4049213e-02   4.1388906e-01  -1.6703007e-01   3.4658686e-01  -7.8030475e-02  -6.7500012e-02   8.6662094e-02  -1.3661037e-01   3.5317810e-01   2.7481925e-01   2.1570052e-01   3.6645408e-01  -1.3665221e-01   1.6943707e-01  -2.6988991e-01   3.2898505e-01  -9.0179104e-02   1.0084883e-01   2.1180217e-01  -2.8042745e-01   1.6894182e-01  -4.2720057e-01  -4.9532205e-02   3.8550282e-01   1.8437394e-01  -3.2744366e-02  -3.0571331e-01  -2.8764029e-01  -3.5440811e-01  -4.1752269e-02  -2.8199754e-01  -1.2058301e-01   2.4062787e-01   2.8111150e-01  -3.7753069e-01  -4.9250935e-04  -3.3687940e-01  -1.6552902e-01  -1.8116671e-01   2.3701832e-01  -3.9538908e-02  -1.3975920e-01   1.3912641e-01   1.6827667e-01   3.0372173e-02  -1.4693302e-01   1.0732429e-01   2.4640088e-01  -7.9150614e-02  -1.6576680e-02  -1.0544852e-02   1.6091786e-01   4.6809154e-01  -1.0341073e-01   1.7322628e-01   8.6889291e-02   4.4925560e-02  -8.5795489e-02  -1.1692015e-01  -1.4627058e-02   2.2725331e-01  -1.9665847e-01   2.9212245e-01   4.0500840e-01  -1.1671051e-01   1.2105384e-01   1.1752716e-01   7.1848265e-03   4.2168209e-01   8.0262348e-02   3.4973034e-02   9.4643238e-02   4.1819248e-02  -1.8002680e-04   8.3851867e-02  -4.2565538e-01  -4.6507837e-01   4.2047011e-01   5.4893757e-01   9.8087946e-02   4.9554911e-01
  -4.1587168e-01   5.8461386e-02  -3.8805688e-01  -4.9106001e-02  -8.7805281e-02   3.6916460e-01   0.0000000e+00  -3.9671470e-01   2.3896423e-01   7.9306683e-01  -4.6554525e-01   1.4874775e-01  -2.4523004e-01   1.9330077e-01   1.4313912e-01  -2.9290269e-01  -4.3550207e-01  -2.3982628e-01  -1.4857235e-01   2.3635294e-01   5.0511797e-01  -1.7534529e-01   6.3430645e-01  -4.9674096e-01   5.6783521e-02  -2.0967691e-01   2.0648875e-01   3.5459018e-02   1.5333246e-01   2.4503596e-01  -6.9837171e-02  -1.9029205e-01  -4.2460764e-01   3.3758729e-01   4.5113594e-01  -9.4542894e-02   2.7705314e-01  -4.9615788e-01  -2.9158099e-01   7.9200228e-02  -2.5998952e-01  -2.5122728e-01   5.9385823e-01  -8.7612143e-02  -2.0504738e-01  -4.4487687e-01  -2.1913397e-01   6.8961682e-01  -2.8290185e-01  -2.7850006e-01   8.9957128e-02  -3.3618896e-01   9.9026202e-02   1.0890236e-02   1.8568140e-01   2.1374211e-01  -1.3949815e-01  -2.4495851e-01  -1.3828123e-01   4.3616503e-02  -4.9459024e-01  -1.9491146e-01   1.0553548e-01  -3.1580124e-01   4.0627067e-02   4.1514031e-01  -2.2449278e-01  -1.0080993e-01  -2.0714161e-01  -4.1433855e-01   5.6500701e-01  -1.4571803e-01  -3.1176126e-01  -3.2793544e-01  -3.0883949e-01  -1.6532269e-01  -6.1426233e-01  -2.3226735e-01  -8.8430771e-02  -3.2572311e-01   5.5231681e-01  -3.4836209e-01   4.4649324e-01  -3.2766973e-01   3.7061708e-01  -2.4472974e-01   2.9813012e-01  -4.4613190e-01  -1.1818394e-01  -4.5637918e-01  -1.7687100e-01  -3.2207657e-01   6.7700271e-01  -1.9090760e-01  -5.4282664e-01   2.6042182e-01  -2.7547703e-01  -1.2800019e-01  -1.8186667e-01   7.1888470e-01  -1.3539760e-01  -4.9581915e-01   1.9125598e-01  -1.8781519e-01   1.1482919e-01  -1.1816940e-01  -5.1955215e-02  -2.6615750e-01  -3.6382054e-01   3.6090339e-01   5.0128113e-01   3.3372424e-01  -3.5351555e-01  -3.5473234e-01   4.5676597e-01  -1.5826158e-01  -1.5534965e-01  -1.8743414e-01   2.2208868e-01  -1.8409424e-02  -4.8589456e-01   9.6443868e-02  -4.0765149e-03  -2.1173606e-01  -4.2261979e-01  -3.8335592e-01  -1.6147140e-01  -2.3920501e-01  -3.0936048e-01   2.4528586e-02  -1.7997178e-01   1.6604898e-01  -4.3741054e-01   1.2960550e-01   7.3768216e-02  -3.9564090e-01  -5.3915595e-01   1.4698316e-01  -3.2698798e-01  -3.9577682e-01  -3.8578245e-01  -1.9336486e-01  -3.6303698e-01   7.1046623e-01   1.0370352e-01   2.6427696e-01   4.2452362e-01   3.9878582e-01   7.7702681e-01   1.6668310e-01  -2.7944475e-01   3.3322273e-01  -5.7586322e-01  -1.8793859e-01   3.1963884e-01  -1.4212187e-01  -3.5147268e-01  -1.9070709e-01  -3.0206320e-01   6.3024675e-01  -2.3386222e-01  -2.9191936e-01   3.5790903e-01  -2.6703718e-01  -3.8375088e-01   3.5179315e-01   3.3259580e-01  -1.7397257e-01  -5.4139932e-01   1.5229338e-01   8.2490252e-02  -2.3394358e-01  -3.7887397e-01  -2.7830593e-03  -2.0742618e-01  -2.0395789e-01  -2.1530918e-01
   4.5269940e-01  -2.0416737e-01   2.2063875e-01   3.7973861e-01  -1.7288830e-01   3.4334243e-01  -3.9671470e-01   0.0000000e+00   1.5697805e-01  -3.2304665e-01   1.9078472e-01  -3.1541766e-01  -2.3753131e-01  -1.5312645e-02  -6.6807219e-02  -2.1211331e-01   1.5413509e-01   2.5023934e-02   5.3839863e-01  -3.0568897e-01  -3.0575029e-01   5.6613155e-01  -2.5046096e-01   5.0794791e-01   2.2586280e-01   5.9629385e-01  -3.5501022e-02   1.9645896e-01   8.4420371e-02   2.4198704e-01  -3.3709798e-01   3.7586863e-01   1.5257311e-01  -1.9920954e-01  -4.4750735e-01  -1.3530995e-01  -9.5350518e-02   3.5815565e-02  -2.6823464e-01  -4.2503682e-01  -2.5762943e-01   5.4687914e-02  -3.4559393e-01   1.0889029e-01  -2.5690943e-02   5.6148332e-01   1.0301877e-01  -3.0279771e-01   1.6795555e-02  -3.5606722e-01   4.0902968e-02   7.6148030e-01  -3.1432240e-01   4.6131074e-02  -1.4676659e-02   1.7144972e-02   7.1660323e-01   6.1363450e-01   3.7166472e-02  -1.0809918e-01   5.4204737e-01   1.2706724e-02  -7.1416525e-02   8.6024862e-02  -1.6144918e-01  -1.1794050e-01   6.6339336e-01   5.7744848e-02   5.5604181e-01   4.7252061e-01  -4.5889932e-01   2.0466661e-01  -1.5015349e-01   5.2059285e-01   4.0654641e-01   2.8351604e-01   4.8017921e-01   3.3512015e-01  -2.3480269e-01  -5.8921216e-02  -1.8354879e-01  -1.6391127e-01  -4.4307762e-01   7.4826256e-01   8.0874706e-02   2.9257228e-01  -3.5580235e-01   1.9264559e-01   3.6218749e-02   5.9552259e-01  -1.5591054e-01   4.7060090e-01  -4.5606942e-01   1.9850756e-01   3.5340174e-01  -2.5674730e-01  -2.0836522e-02   5.9882892e-01  -2.7593289e-01  -1.7472355e-01  -8.9231051e-02   5.0365458e-01   4.1234557e-02   2.1882630e-01   2.2394712e-01   3.8955161e-01   4.6584536e-02   7.6587842e-01   7.4914496e-02  -3.9330147e-01  -4.4957611e-01   1.3170048e-01   2.5122019e-01   5.3887764e-01  -1.4286596e-01  -8.1969366e-02   3.5066860e-01  -1.2548655e-01  -1.5488146e-01   4.2306124e-01   5.8948057e-01  -2.2988459e-01  -4.4093126e-02  -6.9649956e-02   6.5152361e-02   3.1036771e-01   9.9020635e-03   1.1473893e-01   6.3135636e-01   1.8169692e-01  -2.4566794e-01  -3.0023820e-01   2.7205804e-01  -3.6584508e-01  -4.3959888e-02   5.9087672e-01   2.2872755e-01  -1.6285065e-01   5.1733764e-01   6.0565887e-01   4.5306256e-01  -9.7872143e-03   3.7203232e-01  -4.0187102e-01  -5.6251372e-02  -8.6396872e-02  -4.3646745e-01  -2.6942851e-01  -3.0625260e-01  -3.5410213e-01   5.4331925e-01  -5.0157860e-02   5.4001217e-01  -5.0540798e-02  -5.2298725e-01   1.9349976e-01   5.9292016e-01  -1.2872071e-01   3.4166643e-01  -1.3757363e-01   1.2980669e-01   3.0900123e-01  -2.7324933e-01   2.3147653e-01   7.3079172e-01  -2.6566722e-01  -1.8290422e-01   4.3069794e-01   4.2781748e-01  -3.4733538e-01  -2.0691334e-01  -2.2050885e-01  -4.8984093e-02   4.3028974e-01   3.8735483e-01   8.2390034e-02   8.2595119e-01
   1.7623538e-01   6.0923570e-01   1.3315106e-01  -2.1462051e-01  -4.1382297e-01   3.9436137e-02   2.3896423e-01   1.5697805e-01   0.0000000e+00   1.6658699e-01  -1.6113024e-01   2.8930828e-01  -1.7753544e-01   1.7715388e-02  -1.8259332e-01  -5.7364741e-02  -3.3722474e-01   1.4688937e-01   3.6081279e-01  -3.2381218e-01  -2.7548526e-01  -9.7089255e-02   1.0405237e-02   1.3964640e-02   5.0506413e-02   1.6104828e-01  -1.6389259e-01   2.6563973e-01   5.0294333e-01   1.9692477e-02  -2.6723684e-03  -1.8995993e-01  -3.8940993e-01   3.7009826e-01   3.0139746e-02  -4.7730088e-01  -1.1707273e-01  -1.7143495e-01  -1.5852053e-01  -4.8741575e-01  -1.3764118e-01  -4.1311117e-01   4.3684505e-01  -1.0472194e-01   2.3673925e-01   1.9133733e-01  -4.4368988e-01   1.3018856e-01  -3.7795552e-01  -4.9274940e-01  -1.0027764e-01   1.3589369e-01   4.0272885e-01  -3.7968128e-01  -8.5635027e-03   7.8873413e-03   2.5585655e-01  -9.7280129e-02  -1.4863580e-01   4.1819549e-01   6.0207163e-02  -1.9013471e-01   6.0752912e-01   5.2219888e-01   3.6892645e-01  -9.3313443e-02   1.2398434e-01   5.6717299e-01  -1.9292857e-01   1.3074226e-01   6.9212598e-02  -2.7417610e-01   8.4182766e-02   2.4277787e-01  -3.3218995e-02  -1.8789594e-01   5.6503194e-02  -1.8586180e-02   2.6247023e-01  -2.3638338e-01   1.0938135e-01  -2.6728564e-02  -9.2331171e-02   2.6851205e-01   4.0208547e-02  -2.9057488e-01   4.0557739e-01  -6.6156965e-02   6.7163802e-01   1.4807964e-01  -1.0905085e-01  -1.7599424e-01   8.4329056e-02   4.6691097e-01   1.9177229e-02  -2.7301228e-01  -2.7775950e-01   3.5343209e-01  -2.1447058e-01   8.1150006e-02  -2.2101076e-01   3.9908967e-02  -1.2939478e-01   6.1694654e-01  -2.0904002e-01  -1.5143010e-01  -3.5443199e-01   2.2942479e-01  -3.1842799e-01  -2.5780563e-01   2.7676374e-01   6.3862033e-02   1.6572436e-01   1.4435560e-01  -5.6313000e-03   2.5528410e-01  -5.7762405e-02   5.9619741e-02  -1.1795036e-02  -1.3029455e-01  -1.4069728e-02   5.7819633e-03   3.3970736e-01   8.2002285e-02  -2.2433007e-02   1.3226670e-02   2.0594609e-01   2.2368751e-02   1.9619492e-02  -6.5444738e-03  -4.4520891e-02  -1.8870844e-01   3.7526848e-01  -2.2903238e-01   5.2107405e-01  -1.6654690e-01  -2.0837704e-01   3.0804124e-02  -8.9496332e-02   8.5216769e-02   2.7756628e-01  -1.8572911e-01  -1.5539070e-01   7.3806488e-02  -1.3677099e-01   5.6069954e-02  -2.1107268e-01  -8.2404552e-02  -1.2808081e-02  -1.9259987e-01   8.1824446e-02  -9.0887040e-02   6.4350608e-02  -4.4019525e-02   1.8175607e-01  -9.8502150e-02   1.7790761e-01  -2.4220264e-01  -3.3275798e-01  -3.1723995e-02   5.1386006e-01  -1.0652988e-01  -2.9328145e-02   5.6910175e-02  -4.8051015e-02   2.0928266e-01   2.5426858e-01  -1.0973277e-02   4.8518770e-02  -3.6684512e-01  -2.6280358e-01  -1.3623295e-01   3.3442905e-01   4.9002616e-02  -4.8257940e-02  -3.0007424e-01   2.1098539e-01
  -3.7121725e-01  -1.3336831e-01  -2.0948826e-01  -1.6916489e-01  -7.5012205e-02   3.1167505e-01   7.9306683e-01  -3.2304665e-01   1.6658699e-01   0.0000000e+00  -2.6785009e-01   1.0212099e-01  -1.2691613e-01  -4.6446688e-02   1.9020514e-01  -2.1713965e-01  -2.7315749e-01  -1.0608128e-01  -1.9882958e-01   1.9709541e-01   4.3975571e-01  -2.2187554e-01   7.2790447e-01  -3.0998501e-01  -3.7766072e-02  -2.4285610e-01   2.0453249e-01   1.3614389e-01   2.3070322e-01   5.8754260e-02  -2.0641724e-01  -9.2081337e-02  -3.5323029e-01   4.1862435e-01   4.6258030e-01   5.4284578e-02   3.7337847e-01  -5.1070156e-01  -3.5135342e-01   2.7889424e-01  -1.9429762e-01  -2.0207158e-01   6.4215524e-01  -2.4376986e-01  -3.0915978e-02  -3.9233457e-01  -1.2341144e-01   4.2514773e-01  -2.3673332e-01  -2.5436049e-01   2.0304890e-01  -3.3137019e-01  -8.6581758e-02  -6.6199829e-02  -5.4299772e-02   1.1463822e-01  -1.5678419e-01  -1.5702086e-01  -1.6935044e-01   9.7549987e-02  -4.6728245e-01  -1.1002053e-02   9.8861704e-03  -2.4889957e-01  -2.0965319e-01   5.1880179e-01  -2.2097536e-01  -1.7521136e-01  -2.3435596e-01  -3.4683538e-01   3.3015708e-01   1.9023940e-02  -2.9061184e-01  -2.8140969e-01  -3.0204394e-01  -3.3606857e-02  -5.2088008e-01  -3.0233447e-01  -1.8066034e-01  -3.6729560e-01   5.5655277e-01  -3.3512462e-01   3.2822018e-01  -3.2641346e-01   1.5245843e-01  -1.3763676e-01  -1.2343132e-02  -3.6844967e-01  -2.0165660e-01  -4.2503599e-01  -2.7445054e-01  -2.3704185e-01   6.5249882e-01   2.0903933e-03  -5.1635073e-01   1.8563244e-01  -2.7071334e-01  -9.7776766e-02  -8.7219177e-02   7.9681417e-01   9.2350061e-03  -3.2964012e-01   5.8420488e-02  -8.6355416e-02   1.7004658e-01  -8.1323963e-02  -2.3712444e-01  -1.6463032e-01  -1.5741751e-01   3.2012990e-01   5.1383769e-01   1.7145934e-01  -2.2720237e-01  -3.3007296e-01   4.5956905e-01  -2.6427893e-01  -1.5479855e-01  -1.8185885e-01   8.6335862e-02  -6.5621336e-02  -1.9443265e-01  -3.4805903e-02   6.6407615e-02  -2.3674221e-01  -5.1384695e-01  -3.1242918e-01  -1.9513412e-02  -2.8521413e-01  -1.6879008e-01   1.1481310e-01  -1.3819222e-01   1.6085901e-01  -5.2337094e-01   1.6186201e-01   1.7577903e-01  -2.3603467e-01  -4.3884639e-01   6.8153294e-02  -2.5746513e-01  -2.9016541e-01  -1.7524036e-01  -1.1042770e-01  -2.4579932e-01   6.2604547e-01   2.7368122e-01   1.4516139e-02   4.1085712e-01   3.4684116e-01   7.9136282e-01   3.2255867e-01  -2.3065049e-01   1.5185632e-01  -3.1687869e-01  -2.3579737e-01   2.9117941e-01  -1.0893643e-01  -9.1326472e-02  -1.4881432e-01  -2.1752364e-01   4.7901410e-01  -2.0849322e-01  -1.8098893e-01   4.1268618e-01  -2.3462110e-01  -3.3327572e-01   2.0963868e-01   3.7568493e-01  -2.3441599e-01  -3.8455471e-01  -6.6442972e-03   1.4814916e-01  -2.2770187e-01  -3.8658756e-01  -1.1981999e-01  -1.4804076e-01  -2.5841487e-01  -2.0938028e-01
  -6.5427563e-02  -1.2666828e-01   9.8579545e-02  -2.0674068e-02  -4.9351774e-02  -1.2097432e-01  -4.6554525e-01   1.9078472e-01  -1.6113024e-01  -2.6785009e-01   0.0000000e+00  -1.5185035e-01   2.6998196e-01  -4.7202980e-01   3.3012841e-01   2.9378565e-01   3.1616765e-01   7.2281506e-01  -2.9355431e-01  -2.1056210e-01  -1.1422078e-01   1.0152850e-02   8.1472190e-02   5.4480678e-02  -1.3603763e-01   5.1850398e-02  -1.6122557e-02   9.1369853e-02  -9.1262339e-02  -1.1607168e-01   1.2546740e-01   1.6340220e-01   2.7109972e-01  -1.8304238e-02  -1.6633153e-01   2.9993749e-01  -4.6665619e-01  -1.1975742e-01   2.2035801e-01   1.7421145e-01   8.9947066e-02   1.8960208e-01  -1.6077249e-01   1.4716026e-01   6.1063812e-01   2.7273386e-03   6.2633764e-01  -3.7001123e-01  -1.0456358e-01  -1.3545293e-01   6.2660727e-01   6.3072873e-02  -4.1709537e-01  -2.8661744e-01  -3.5279819e-01   1.8978551e-01  -8.3576673e-02   2.6371751e-02   2.9080937e-01   2.2941810e-01  -5.9206291e-02   3.7480884e-01  -1.7983556e-01   4.0938935e-01  -2.7000797e-01   3.4166643e-01  -1.1732310e-02  -7.6751808e-03   2.7384507e-01  -2.4745249e-02  -5.9009101e-01   5.9623025e-01   2.7870009e-01  -3.9052528e-02  -7.7062825e-02   2.6631979e-01   1.5681883e-02   2.8884348e-01  -3.6244882e-01   1.3150618e-01   1.4623223e-01   2.6804701e-01  -4.8257514e-01  -4.4617629e-03  -5.3114281e-01   2.6093638e-01  -3.1142843e-01   1.3346915e-01   9.5733086e-02  -6.6634032e-02  -2.4107980e-01  -1.2264914e-02  -5.9078397e-01   4.6731518e-01  -8.7223369e-02  -3.4171343e-01   3.9867482e-01  -1.7016392e-01   1.1268302e-01  -2.6889107e-01   7.9903428e-02   7.8636487e-01  -1.6665226e-01   3.0765499e-01   2.5632014e-01   1.7126078e-01  -2.5081867e-01   1.1888983e-01   1.9675249e-01  -2.6562962e-01  -3.1704555e-02   1.2565806e-01   3.9449442e-01  -1.1847612e-01  -1.8846237e-01  -3.1643322e-01   1.5970257e-01   1.3572345e-01  -1.1240501e-01   4.6607313e-02   2.9160660e-01  -4.4016098e-01  -1.3486856e-02   2.7139828e-01  -1.9266312e-01  -5.5075763e-03   4.2870199e-01  -2.3639422e-01   1.2324163e-01  -7.1719805e-02   8.5083800e-03   1.6221265e-01   1.7835968e-01   5.0064240e-02   1.6722599e-01   2.7838893e-01   2.5011703e-01   1.3842162e-01   2.6971633e-01  -4.9175521e-02   1.5410834e-01  -3.0330943e-01   6.4023686e-01  -3.7173536e-01   4.4216990e-01  -2.0530918e-01  -2.9587497e-01  -3.7502568e-01  -1.5634514e-01  -1.6122319e-01  -7.7227230e-02  -3.2482873e-01   2.8344313e-01   6.0232487e-01   5.1974598e-03  -2.8673148e-01   1.4544124e-01   3.0739862e-01  -9.0984899e-02  -1.1534967e-01   3.7530524e-01   7.8756315e-01  -2.8046166e-01   5.9993274e-01   8.0244885e-02  -5.7757727e-01   1.3834423e-01   1.7894003e-01   2.1435149e-01  -4.3281784e-01   1.8098069e-01  -1.8988900e-01   3.5736862e-01   4.3704886e-02   2.1368788e-01  -1.0271826e-01   7.0325336e-02
  -8.7261680e-02   6.3291157e-01   2.2229934e-01  -6.0125913e-01  -1.1258194e-01  -3.4000471e-01   1.4874775e-01  -3.1541766e-01   2.8930828e-01   1.0212099e-01  -1.5185035e-01   0.0000000e+00   2.2329531e-01  -3.4285434e-01  -4.0403831e-01   2.6341977e-01   1.9001246e-02  -2.8810242e-02  -9.1287289e-02   1.0694360e-01  -1.8810619e-01  -5.8193563e-01  -2.7551411e-01  -3.1610221e-01  -2.4871902e-01  -5.7981267e-01  -7.6078049e-02  -3.1076558e-01   4.3863413e-01  -2.7594915e-01   1.4252630e-01  -5.0466579e-01  -2.3205689e-01   2.2886876e-01   4.7757463e-01  -1.8128500e-01  -1.4172390e-01   1.5467139e-01   2.4951187e-01   2.2211925e-02   1.9415641e-01  -1.1959214e-01   4.8800855e-01  -1.8424426e-02   3.3172874e-01  -3.9577758e-02  -3.3936271e-01   8.7335516e-02  -2.2396589e-01   2.2936362e-01  -3.5807924e-01  -4.1608287e-01   5.3091386e-01  -4.1496596e-02  -5.9129123e-02  -4.5302887e-02  -1.9254717e-01  -5.6829336e-01  -2.3050255e-01   7.6768755e-01  -3.3184449e-02  -2.9217107e-01   4.9769044e-01   3.4912554e-01   2.2932023e-01  -2.8805939e-01  -1.1695732e-01   1.2733700e-01  -5.6192355e-01  -1.4816347e-01   2.8521498e-01  -6.0103105e-01   2.7306926e-01  -2.1764290e-01  -1.6276672e-01  -2.9114210e-01  -1.4664668e-02  -2.9108694e-01   5.3213070e-01  -3.0440675e-02  -2.0167423e-01   1.7709334e-01   3.4637155e-01  -1.9331093e-01   5.8151214e-02  -2.9817037e-01   8.4888846e-02  -3.0824016e-01   3.4685158e-01  -2.2514063e-01   5.7082416e-02  -2.4735106e-01   4.2579185e-01   2.7685059e-01   1.0409114e-01   5.3302679e-02  -1.1057524e-01  -5.8705543e-02  -9.4432620e-02  -2.8529454e-01  -4.7249459e-02  -1.1688399e-01  -3.6969383e-01   1.9119836e-01  -5.5888246e-01  -5.4472862e-01  -7.8113634e-02  -2.0697299e-01  -9.0247312e-02   1.7882906e-01   7.0862850e-01  -1.8235943e-01  -3.1101760e-01  -1.6057399e-01  -7.6118185e-02   2.3215013e-01  -4.3184895e-01   1.5961868e-01   1.0439238e-01  -4.7188976e-01  -4.1776498e-01   4.3397990e-01   8.3661146e-01  -9.5182325e-02   1.4080356e-01  -4.6004302e-01   5.8386349e-01  -5.4874918e-02  -5.0625880e-01  -2.0046387e-02   3.1738168e-01  -1.8669929e-01   2.0631196e-01   8.9672690e-02   5.7840517e-01  -3.3978775e-01  -2.2475134e-03  -1.4279970e-04  -4.0808562e-01  -2.5991116e-01  -1.5261761e-01   1.3815674e-01  -4.0095193e-01   5.2022053e-01  -1.3887941e-02  -2.3966399e-01   5.4479547e-01   3.5360160e-02  -7.2715692e-02   1.9770563e-01  -2.9014597e-01  -2.9502559e-01  -2.7576975e-01  -1.7681924e-01   7.3023876e-01  -3.0253540e-01  -2.5170130e-01   3.1598006e-02  -3.6070305e-01  -3.3099057e-01   3.1304260e-01  -3.3883736e-01   2.2598635e-01  -2.8917578e-01  -4.8473681e-01   5.3412438e-01   5.0896411e-01  -5.3955206e-01  -2.0846542e-01   6.3150860e-02   2.6801023e-01   1.3520193e-01   2.0026515e-01  -9.5773213e-02  -2.1281022e-01  -1.6470402e-01  -3.0781738e-01
  -1.0722669e-01   1.2076289e-01   4.4038382e-02  -4.1151153e-01   2.0664704e-01  -4.2801141e-01  -2.4523004e-01  -2.3753131e-01  -1.7753544e-01  -1.2691613e-01   2.6998196e-01   2.2329531e-01   0.0000000e+00  -3.3212994e-01  -1.6317191e-01   4.4504345e-01   1.6886398e-02   3.7691113e-01  -2.3037297e-01   9.4041497e-02  -3.1032003e-02  -4.6492457e-01  -1.3209372e-01  -1.8803641e-01  -1.6595208e-01  -4.0700656e-01   4.2676216e-02  -1.7567747e-01  -3.1717523e-01  -2.9095199e-01   1.2774531e-01  -3.8045858e-01   1.2470643e-01   9.3813405e-02   2.0578260e-01   3.1782494e-01  -1.7190058e-01   1.7121436e-01   6.0000247e-01   1.8040657e-01   8.5474884e-01   9.4631972e-02  -1.1063719e-02   5.5234617e-04   4.0604013e-01  -9.8769588e-02   5.9016238e-02  -1.0841819e-01   2.1256241e-01   2.0790895e-01   1.7930595e-01  -3.4884225e-01   1.4364411e-01  -2.1800786e-01  -2.3438114e-01  -4.3652772e-02  -3.3235837e-01  -4.9155312e-01   1.1997482e-01   2.6217650e-01  -2.0316588e-01   4.4374625e-01  -8.8857272e-02   2.9155679e-01   1.0966576e-01   8.9850944e-03  -3.5975171e-01  -4.5441058e-03  -4.1293334e-01  -2.3155060e-01  -1.0269598e-01  -6.8299304e-02   6.9753540e-01  -1.5168017e-01  -2.9350384e-02  -3.2456788e-01   4.5839473e-02  -7.6268357e-03   3.1686708e-01   4.4195225e-01  -1.5491769e-01   6.8163046e-01  -1.3623722e-01  -1.6376002e-01  -3.7033269e-01  -1.9236658e-01  -8.0940417e-02  -5.0617116e-02   9.1863022e-02  -9.5716302e-02   2.3208711e-01  -3.5362927e-01  -1.1590483e-01   7.3871240e-02   8.9651628e-02   4.6864397e-02   4.1452891e-01  -3.0481446e-01   6.6977139e-01  -2.2697838e-01  -9.1199620e-02   4.5160785e-02  -3.6836190e-01   6.0601104e-02  -3.6484546e-01  -4.5867700e-01  -7.1690793e-02  -3.5993845e-01   1.6196861e-01  -3.8613214e-02   1.8627981e-01  -2.5113504e-01  -1.7723229e-01  -1.7794050e-01  -3.1844766e-01   2.7901756e-01  -3.8178523e-01   8.1929067e-01  -1.7306512e-01  -4.2837099e-01  -2.2843744e-01   1.1533325e-01   1.9517590e-01   1.7575237e-01   3.2324324e-02  -2.1858054e-01   4.9900922e-01  -7.4693841e-03  -4.7992246e-01  -3.8176541e-01   6.8039125e-01   2.5815445e-01   8.5282500e-02   4.9593968e-02   2.6401064e-02  -2.8718294e-01   1.3680240e-01   1.3546072e-02  -3.6218164e-01  -1.9499310e-01  -6.3368930e-02   4.3150753e-01  -1.7205747e-01  -2.0129235e-01   1.1616493e-01  -1.7677029e-01   1.6943851e-02   3.7568267e-02  -2.1284135e-01   1.7627682e-01  -2.5173920e-01  -3.2315008e-01  -1.4986063e-01   4.0742338e-01   2.6855450e-01  -2.7902666e-01  -2.3286831e-01   4.4428741e-01  -4.6755293e-01  -4.2344026e-01   9.6885580e-02   1.5652669e-02   1.4650353e-01   2.6713537e-01  -4.3532806e-01   8.5638757e-02   3.6095656e-01  -2.6834469e-01  -5.1963714e-02  -1.2001342e-02   3.0107164e-01   2.5180272e-01   4.7708952e-01  -3.7490372e-01  -2.7464513e-02  -1.0862503e-01  -4.2154892e-01
   1.2530928e-01   1.6513503e-02  -3.6430800e-01   4.4730280e-01  -2.7977492e-01   1.2695246e-02   1.9330077e-01  -1.5312645e-02   1.7715388e-02  -4.6446688e-02  -4.7202980e-01  -3.4285434e-01  -3.3212994e-01   0.0000000e+00   6.5698881e-02  -3.1627499e-01  -4.5565616e-01  -2.6478732e-01   2.3247439e-03  -2.7945077e-01   1.7116420e-01   2.7329546e-01   4.3898428e-02   8.9884922e-02   7.6154192e-02   4.1931995e-01  -3.0312186e-01   5.3936256e-02  -6.6455236e-02   2.8730317e-01   3.8425115e-01   1.5646890e-01  -2.6323207e-01  -8.1073534e-02  -1.2534894e-01  -3.9802414e-01   5.7057579e-02   2.5419211e-02  -2.9342437e-01  -2.8607855e-01  -1.5483040e-01  -1.9461259e-01  -2.0313423e-02   2.8705016e-01  -3.3324903e-01  -3.2335216e-02  -2.4649619e-01   3.8962554e-01   6.6527577e-03  -2.3023563e-01  -2.8543458e-01   2.8610598e-01   6.2909223e-02   1.3934919e-01   7.6690393e-01   1.4668801e-01   2.1180017e-02   1.6077439e-01  -6.3572858e-02  -3.8063828e-01   4.8571438e-02  -3.7496304e-01   2.1635302e-02  -2.3244508e-01   3.9029022e-01  -1.7371387e-01  -1.7052909e-01  -9.1985557e-02   9.1549015e-02   5.2702152e-02   1.3606884e-01  -5.0799319e-02  -3.5016029e-01   1.1722856e-01   2.5868358e-01   9.1502029e-02  -3.8281277e-02  -2.7845875e-02  -1.2178843e-01  -7.2688218e-02   1.1028976e-01  -4.1512701e-01   2.7888182e-01   1.0728860e-01   5.8182676e-01   2.2810142e-02   6.0844559e-01   4.2130085e-01  -1.2675139e-01   2.0814418e-01  -1.2727649e-01   1.0894496e-03   1.2751341e-02  -2.1494880e-01  -4.0813174e-02  -1.7786631e-01  -2.1317558e-01  -7.3459290e-02  -1.9030482e-01   2.6924065e-01   2.1148733e-01  -2.5853466e-01   6.4761145e-01  -9.6855746e-02   1.0327365e-01   2.8568409e-01   1.7721008e-01  -1.4253438e-01  -2.1434700e-01  -7.3194358e-02  -2.4704227e-01   1.6689703e-01   5.9595317e-03   1.7061422e-01   2.5700416e-01  -1.2078428e-01   2.4107280e-01  -2.0972435e-01   3.5750249e-01   2.2371646e-01   9.8525305e-03  -2.4484573e-01  -3.1457358e-01   3.5068015e-01   6.2093621e-02   4.5102531e-01  -4.6875364e-01   8.5456161e-02   2.1149668e-01   1.0165698e-01  -2.5514704e-01  -4.7757819e-02   3.2526518e-02   1.9982383e-01  -2.0424503e-01  -5.8431974e-02  -7.8683426e-02   3.0273224e-01   1.1241522e-01   1.0280441e-01  -9.4074128e-02  -7.4718039e-02  -1.2606038e-01  -1.9555300e-02  -1.6880340e-01   6.8977769e-01  -1.8033393e-01  -9.5651856e-02   1.0966618e-02  -1.2715326e-01   1.7193687e-01   7.6607908e-01  -4.4613680e-02  -3.5761414e-01  -3.2713674e-01   3.0192157e-01  -1.3910663e-01  -2.9015686e-01   4.6544970e-02   3.5044237e-01  -2.9492179e-01  -3.1207637e-01  -2.0425964e-01  -1.9933007e-01   8.9878157e-02  -1.4350661e-01  -4.0743923e-01   3.3586430e-01  -1.3371937e-01   7.6371410e-02  -4.7850624e-01   1.2253617e-01  -2.7700908e-01  -3.6583968e-02  -2.5288819e-01  -1.3535964e-02  -8.4480571e-03
