   0.0000000e+00  -1.3621984e-01  -3.6648739e-02  -2.4951733e-01  -5.0787844e-01  -1.1337666e-01   4.2630566e-02  -5.0019866e-02  -2.3430794e-01  -3.5049397e-01  -1.3083922e-01  -2.1989519e-01  -4.5982968e-01   3.3791429e-01  -2.0167233e-01  -4.4896490e-01   7.3697778e-02  -1.5253900e-01   1.0706887e-01  -4.8692934e-01   1.9698256e-01   2.3492167e-01  -8.0157102e-03   4.9047281e-01   1.5293782e-01   2.4680945e-01  -3.5639932e-01   2.2050526e-01  -6.0936614e-02  -9.4062188e-03   1.9059680e-02  -4.1581030e-02   6.0691647e-02   3.1725444e-02   3.6476147e-02  -3.5830110e-01  -2.8880744e-02   7.5149539e-02  -2.6863525e-01  -3.3778829e-02  -2.4465842e-01   7.4589591e-02  -1.7306946e-01  -3.4711497e-01  -3.2615060e-01   3.9318388e-01  -3.2459098e-01   8.5158741e-02  -4.9586066e-01   1.5211825e-01   2.5360112e-02  -8.3639886e-02   8.9745746e-02   1.7958699e-02   3.8349585e-01  -7.4871319e-02   2.0413572e-01   9.5640833e-02  -9.5107732e-02  -4.4720232e-03   1.8945064e-01  -4.3703894e-01  -1.6375986e-01  -1.0791517e-01  -1.5856483e-01  -1.3059427e-01  -2.7408849e-01  -1.0003030e-01  -1.2775564e-01   1.0932128e-01  -4.5512616e-02  -3.0696143e-01  -4.8142339e-01   1.9280414e-01   3.0890497e-01  -1.6634297e-01   3.2069846e-01   6.0624848e-02  -2.8719368e-01   1.6672760e-01   2.1835937e-01  -3.1036127e-01  -2.8094443e-01   3.2493512e-01   3.0320197e-02  -1.1471106e-01   1.7981200e-01   2.2841965e-01  -1.2547563e-01   6.2559057e-01  -3.0879634e-01   3.8619387e-02  -2.9544355e-01  -2.5612255e-01   4.5987311e-01  -5.1774308e-01  -1.8322161e-01  -1.2191569e-01  -2.1140988e-01   4.1937641e-03   2.3838922e-01   2.2120111e-02   3.3247179e-01  -2.2962778e-03   2.8239098e-02  -9.6179393e-02   6.0038522e-02  -1.4574714e-01  -3.0279967e-01  -3.4691552e-01  -1.8979646e-01   7.1795110e-02  -3.5299490e-02   8.3497565e-01   3.5989575e-02  -2.4778871e-01   5.9084548e-02  -3.9804992e-01  -4.2119148e-02  -9.0596119e-02   4.6570124e-01  -4.0570310e-01  -1.8015250e-01  -1.9330096e-01   5.0426627e-01   4.5986427e-01  -1.8963310e-01  -1.6575619e-01  -9.1296089e-02   3.2190763e-02  -4.3292428e-02  -1.7816625e-01   2.5475630e-01  -3.1143727e-01  -4.7396949e-02   4.2864017e-02  -9.3804826e-02   4.1062622e-01  -2.3562563e-01   2.4496257e-01   3.7075930e-01  -3.6225041e-01  -5.0487051e-02  -9.9357865e-02  -1.5134207e-01  -1.1199320e-02  -9.6155135e-02  -2.0801228e-01  -2.6541922e-01  -7.4301603e-02   1.1469354e-03   3.9627176e-01   8.4604577e-02  -1.2328191e-01  -1.4305299e-01   5.7557534e-01   3.9725059e-01  -1.1685585e-01  -2.3585197e-01   2.0094791e-02   1.4059321e-01  -6.3969747e-03  -4.4228317e-01   2.2172035e-02   9.0127591e-02  -2.1910115e-01  -7.2996450e-02   4.2660826e-01   2.5271735e-01  -3.7462169e-02  -3.5204515e-01  -8.2415214e-02  -1.5493375e-01  -9.4815583e-02   1.7420888e-01  -9.5857920e-02  -1.3917718e-01
  -1.3621984e-01   0.0000000e+00   1.2517539e-01   1.4808554e-01   5.6184829e-01  -3.2216846e-01  -2.9567041e-01  -4.5510824e-02   5.3853585e-01  -1.0539360e-01  -2.8184668e-01   6.6188802e-01   2.1317716e-01  -3.7252415e-01  -2.0572153e-01   2.1032226e-01   4.3471512e-01   1.6096896e-02  -1.0162108e-01   1.4836025e-01  -3.4616647e-03  -5.2654528e-01  -4.7246405e-01  -1.6841615e-02  -1.2801216e-02   8.4230070e-02   3.0906398e-02  -1.3569550e-02  -4.0603785e-02   5.5861272e-02   1.5210513e-01  -1.3264493e-01   4.2797593e-03  -3.9656286e-01  -4.1745450e-01   2.8992855e-01   7.9949993e-02  -1.9514029e-01  -4.2753869e-02   2.1905806e-01   1.5916796e-01  -2.8558378e-02   2.9157646e-01  -1.9582285e-01  -2.3905810e-01   1.4450305e-02  -1.1649649e-01   3.9583866e-01   3.9520516e-01   3.0674580e-01  -4.2123378e-01  -4.4975678e-02   6.6897169e-01   1.1888931e-02  -3.7874904e-01  -5.9130542e-01  -1.8519133e-01  -3.8638303e-01   4.8964920e-02   1.7285868e-02   9.5160596e-03  -2.0557834e-01   8.4579651e-01   2.4328937e-01   2.9918290e-01  -6.5969552e-02   3.0571063e-01  -2.2105204e-01  -2.6053849e-01  -3.0685674e-01   7.4409040e-01   2.5689062e-02   3.8273925e-01  -1.3675081e-01   8.5006844e-02   9.6076621e-03  -7.4021660e-02  -3.6851220e-01   6.3201138e-01  -1.5739113e-01  -4.7274341e-01  -2.2830682e-01   1.6888611e-01   5.5801362e-03  -5.2952787e-02   2.7016397e-01  -3.2883147e-01  -2.2856553e-01   4.9109776e-01  -1.1282436e-01   7.2762494e-01  -1.4873155e-01  -1.8276255e-02   3.7403321e-01  -2.4869719e-01   5.1110900e-01  -1.7211822e-02   7.5529246e-02  -1.4014738e-02  -4.2045190e-01  -9.7056673e-02  -5.1730701e-01  -4.1061404e-01  -3.7313400e-02  -2.9802885e-01   1.7497472e-01   9.5359902e-02   1.9852422e-02  -1.1392294e-01  -2.9568450e-02  -2.2411023e-01  -4.2138702e-01  -7.9514199e-02  -2.8351168e-01  -2.0460994e-01   7.2452048e-01  -2.1689494e-01   3.6893388e-01  -9.6305367e-02   2.4508087e-02  -1.8401597e-01   5.2599554e-01   4.6617394e-01   1.7893727e-01  -7.6511685e-02  -3.3424532e-01  -4.3304916e-02  -6.4516839e-02  -1.7928001e-02   2.7154833e-01   2.4907501e-01   2.0189472e-01   3.0745485e-03   3.7236700e-01   3.8275464e-01  -1.9942382e-02  -1.3014600e-01  -1.5796817e-01   6.4559814e-02   9.8942051e-03  -1.0290307e-01   2.3367956e-01  -2.2272775e-01  -1.0515842e-01  -3.5445135e-01   9.6505527e-04   3.9408438e-01   4.9588378e-01  -3.7969583e-01   2.3807386e-01  -3.1126643e-01  -2.5163319e-01   5.3187698e-02   2.0825367e-01   6.1887815e-01   4.8029102e-02  -2.6666806e-01   2.6614270e-02   7.8837149e-02  -4.6387785e-01   5.9019219e-02  -2.6768523e-01   1.8685087e-01  -1.8052402e-01  -1.0773940e-01   2.6285995e-01  -4.1275914e-02   1.0488284e-01  -9.2900821e-02   6.8878201e-01   4.6410840e-01  -1.3707037e-02   2.0121432e-01  -2.4181048e-01  -2.2564118e-01   5.4757483e-02   1.2995408e-01
  -3.6648739e-02   1.2517539e-01   0.0000000e+00   2.5866071e-01   3.4853654e-01   1.1210486e-01  -1.7192834e-03   2.8207335e-02  -1.0185929e-01   1.3004973e-01  -1.7574775e-01   3.8895648e-01   2.1257335e-01  -5.6817518e-02   8.1745523e-02   7.5647723e-02   6.6749144e-01   4.4877481e-02   4.4759125e-02   3.5564698e-01  -3.5550772e-01  -1.2383362e-01  -1.1143098e-01   9.5710074e-02   9.2299405e-02   4.1824884e-01   4.0161588e-01   2.9263179e-01  -3.3155917e-02  -2.1782761e-01   6.7912869e-02  -3.2690130e-02   2.7312500e-01   1.2988390e-01  -2.3420001e-01   3.8751155e-01  -3.7870998e-01  -1.5540528e-01   7.1149472e-02   6.2057247e-01   1.2374832e-01   1.7370473e-01   3.2724124e-01  -5.9618199e-02   6.3643416e-02   1.6572458e-01   1.6058525e-01  -4.6776949e-01   7.1054867e-02   4.3701162e-01  -1.0044825e-01   2.2288131e-01  -2.0349349e-01   1.9504235e-01  -3.2804153e-01  -6.3214995e-02   9.1855560e-02  -3.0076197e-02  -1.0157512e-01   3.8448659e-02   3.4841042e-01   2.4760671e-01   2.0790230e-01  -3.0742349e-01  -2.6098977e-01  -2.3716234e-01   3.1273072e-01  -1.6491354e-01   2.8722375e-02   7.5347015e-01  -8.7983187e-02  -3.8326512e-02   2.6099670e-01   1.9930869e-01  -1.3321212e-01   2.7080140e-01   7.3750081e-02  -1.3147583e-01  -4.3839762e-02  -3.0752919e-02   3.5816341e-02   2.7018335e-01  -1.4336266e-01  -1.8224933e-01   1.0777096e-01   3.0272211e-01  -4.7250021e-01   1.4662308e-01   3.3167625e-02   8.4481108e-02  -1.3644030e-01   5.4248203e-01   3.5209318e-01   1.1315242e-01  -1.2776952e-01   2.0181469e-01   5.2451746e-02   7.7077754e-02   2.2361954e-02  -2.7427567e-01   6.1212854e-02  -1.3557166e-01  -3.0088570e-01  -3.9046765e-02  -1.6382446e-01   1.5856467e-01   3.1883493e-01   5.7479941e-02  -1.2960180e-01   2.0572217e-01   2.1725674e-01  -1.9915017e-01   1.3113943e-01  -3.7062149e-02   3.5687154e-01  -1.2068427e-01  -3.7233946e-02   2.9330953e-01   3.0094786e-01   1.0768526e-01   1.9000784e-02  -1.6088687e-03   4.5590013e-01  -1.8725665e-01   2.4932014e-02   2.0723385e-02   9.8194880e-02   6.0099996e-02   3.2214917e-01   6.5818774e-01   5.2398239e-02  -7.0239546e-02   1.3137667e-01  -1.2054740e-01   3.8848266e-01   1.7064136e-01  -3.0973660e-01  -4.1800647e-02   3.6602930e-01   8.4340471e-02   8.6213889e-02   1.8448232e-01  -1.5949039e-01   5.2279186e-01   7.8414979e-02  -9.8575698e-02   2.3920212e-01  -4.0083531e-01   1.1614643e-02  -2.0936095e-01   1.9776962e-01  -2.6201094e-01   2.7914093e-01  -2.7093039e-01   5.1264554e-01  -2.8113800e-03   1.1781951e-02  -2.2955295e-01   5.4889426e-01  -3.2478169e-03  -1.7465232e-01  -2.9310923e-01  -7.4402525e-02  -2.6814563e-01  -5.2238051e-02  -3.0485979e-02  -2.1199053e-01  -1.2497536e-01   1.0923602e-01  -1.4259365e-01  -3.2344409e-03   4.6501430e-02  -3.0854843e-01   3.7953409e-01  -1.1453807e-01   1.8837679e-02   1.3409005e-01
  -2.4951733e-01   1.4808554e-01   2.5866071e-01   0.0000000e+00   4.7669920e-01   6.9172172e-02  -1.5602767e-01   1.8863228e-01   3.1668486e-01   9.2273570e-03   7.4290031e-02   1.9431185e-01   2.8151576e-01   1.2514730e-01   1.8659864e-01   1.7810115e-01   2.2511116e-02   3.7144743e-01   1.2099746e-01   3.5640612e-01   1.0299596e-01   1.6169436e-01  -2.4770446e-01   9.1327340e-02   1.5974487e-01   2.8722055e-01   1.1418213e-01   2.4197656e-01  -2.1083654e-01   2.8067419e-01   3.8579825e-01   1.4505571e-01   7.9244370e-02  -2.2496861e-01  -3.1960729e-02   2.9556802e-01  -1.6497763e-01  -2.1462380e-01   1.0433566e-02   1.3192389e-01   2.4081132e-01   1.0079559e-01   1.3448105e-01   2.1760851e-01   1.8173903e-01  -9.9843267e-02   4.2047866e-01  -1.2294564e-01   4.7795630e-01   1.2039380e-01  -1.4475100e-01   1.2142497e-01   2.3958586e-01  -2.0025428e-01  -8.7245659e-02   3.9941091e-02  -1.4694605e-01   2.3466154e-01   4.4328965e-01   3.9531295e-02  -2.7413589e-01   3.9127936e-02   3.0595923e-01   2.0626966e-01   1.9886592e-01  -2.7838169e-01   4.0599705e-01  -5.2668973e-02   2.0159229e-01   8.3295387e-02   9.4268088e-02   1.5343153e-01   1.1267618e-01   2.0152480e-01  -1.4098448e-01   5.4254580e-01   4.8268049e-02  -9.8218943e-03   2.1868682e-01   1.4299520e-02  -1.2442535e-01   1.5570104e-01   2.1538403e-01  -8.4791945e-02   1.7688918e-01   6.2771791e-01   1.3547905e-02   2.8256910e-01   1.9109734e-02   4.3931289e-02   2.7826865e-01   1.3632404e-01  -1.2812482e-01   3.3454209e-01  -3.4821794e-01   1.6045267e-01   2.4428969e-01   3.7619303e-01   3.9268374e-01  -2.6747458e-01   1.9204173e-01  -2.1912177e-01  -6.9743508e-02   4.2629984e-01   1.5486324e-01   3.7824626e-01  -1.6664154e-01   3.0585763e-01  -2.5298850e-01   1.7020781e-01  -2.3678554e-02   8.3097013e-02   3.7006966e-01  -3.0149513e-01   1.7260831e-01   1.6547011e-01  -1.9335641e-01   1.4080533e-01   1.6298387e-01   4.7571276e-01  -3.7992204e-02   1.1903887e-01   7.3484450e-02   2.3670826e-01  -5.6292288e-02   5.5678841e-02   4.1471739e-01  -7.7775434e-02   6.3790183e-01   8.0999955e-02  -8.1113834e-02   1.7789827e-01   1.1809061e-01   2.2069040e-01   4.1796869e-01   3.4040680e-01  -1.6284259e-01  -9.6228795e-02   5.3345334e-01   5.7271356e-02   1.6667549e-01   1.9370415e-01   2.7523249e-03  -1.8808716e-01   3.2452868e-02   3.5810331e-01   3.4015243e-02   1.3519992e-01  -1.3502456e-01   1.6756846e-01   8.3027584e-02  -1.1426402e-01   1.8028158e-01  -6.8476375e-02  -5.1065412e-02  -1.2201930e-01  -2.4814711e-01  -5.6606589e-03   3.0782599e-01   8.3833565e-03  -1.3980390e-01   2.4013173e-02   2.0479520e-01   1.5821550e-01   2.6778058e-01  -2.6692092e-02   8.9637725e-02  -2.6657790e-01   1.7315967e-01  -5.9336105e-04   1.9250171e-03  -5.6681720e-02   2.2425911e-01  -8.2628594e-02   4.7268805e-03  -2.5236182e-01   5.6951164e-01
  -5.0787844e-01   5.6184829e-01   3.4853654e-01   4.7669920e-01   0.0000000e+00   1.7277944e-01  -7.7876868e-02   1.6215203e-01   4.9015967e-01   3.3881000e-01   1.5576436e-01   5.7090242e-01   6.8890339e-01  -2.5241937e-01   2.9155763e-01   5.8731811e-01   2.9544073e-01   2.7758767e-01   1.1824548e-01   7.7460289e-01   2.5029024e-02  -2.2542411e-01  -1.1023928e-01  -9.1296701e-02  -1.1142346e-01   1.5172662e-01   3.9302842e-01   2.5569555e-01  -3.1338958e-01   2.2147506e-01   2.9260614e-01   2.2873045e-01  -1.3286588e-01  -2.0258345e-02  -1.8021813e-01   7.7828722e-01  -6.6701355e-02  -2.2001993e-01   2.0811445e-01   3.7652282e-01   5.6029959e-01  -2.0529233e-01   4.1439510e-01   2.0249784e-01   3.4863697e-01  -3.2125909e-02   3.6478450e-01   6.9621831e-02   6.8811558e-01   2.3686147e-01  -7.6037230e-02   1.7916164e-01   2.5831499e-01  -2.7311483e-01  -5.6204431e-01  -1.2536202e-01  -8.9915143e-02   1.0117251e-01   2.1821547e-01   3.2705660e-02  -7.4207274e-02   2.7962084e-01   5.6192151e-01   1.8685093e-01   3.1512527e-01   1.2045564e-01   6.1167102e-01  -1.1076429e-01   1.8767882e-01   6.4862086e-02   3.4389360e-01   3.1116366e-01   5.5871119e-01   4.2135547e-02  -2.3432952e-01   3.6297767e-01   3.1490297e-02  -1.7200164e-01   7.0586414e-01  -3.4532045e-01  -1.3865562e-01   1.3371566e-01   1.5703688e-01  -2.4600324e-02  -1.1076785e-01   4.7555539e-01  -4.2880982e-01  -1.1171631e-01   2.2556914e-01  -9.3669443e-02   6.1411242e-01   2.2522959e-02   3.0600037e-01   5.5615320e-01  -3.7756356e-01   7.4053645e-01   3.5366724e-01   2.8870791e-01   2.8033584e-01  -1.8913587e-01  -9.8560160e-02  -1.8758921e-01  -3.5298768e-01  -4.7438381e-02   3.3492049e-02   5.1122959e-01  -8.6453789e-02   3.3329589e-01  -1.6397138e-02   3.0478095e-01   6.0070211e-02  -7.4325660e-02   1.3030321e-02  -5.7632622e-01   1.1425922e-01   5.0663734e-01  -1.0265776e-01   5.9864801e-01   1.0447516e-01   2.3129326e-01  -3.1028567e-01   6.2049385e-01   3.8048587e-01   3.6826609e-01  -9.5309053e-02  -2.3987320e-01   3.8425056e-01  -7.3988851e-02   2.6321950e-01   2.0361818e-01   1.6280219e-01   5.0119650e-01  -1.3628080e-01   4.0430376e-01   2.5794954e-01   1.5015270e-01  -1.7485837e-01  -2.1146005e-01   4.8522638e-01  -1.5232054e-01  -1.6559941e-02   5.1247553e-01   3.1903659e-03  -3.6423590e-03   9.2743719e-02   2.2556278e-01   3.8019788e-01   2.8138593e-01   1.4819615e-01   2.9078052e-01  -3.6309810e-02  -3.0987294e-01  -5.0627269e-02   1.5517255e-01   3.8560435e-01  -3.1162175e-01  -2.7486173e-01   1.6603636e-01   3.9296703e-01  -2.0835701e-02  -2.7385845e-01  -1.4513460e-02   3.9198441e-01  -5.7568240e-02   2.1614192e-01   3.8160440e-01   1.1125581e-01  -2.5556832e-01   2.3952316e-01   2.7757450e-01   5.8830114e-01   5.8193059e-03   2.1861340e-01   6.5251622e-02  -1.9045762e-01  -3.3763779e-01   3.1425923e-01
  -1.1337666e-01  -3.2216846e-01   1.1210486e-01   6.9172172e-02   1.7277944e-01   0.0000000e+00   4.3134995e-01   1.5256508e-01  -2.1152550e-01   4.3360529e-01   5.1884241e-01  -3.4744891e-03   2.9467054e-01   3.5695721e-02   2.3881170e-01   4.1861672e-01  -2.5778936e-01   7.8203233e-02   5.9620802e-01   5.8652865e-01  -1.1318399e-01   3.9090970e-01   4.6311059e-01  -2.8960560e-01  -1.8814433e-01  -4.0862376e-03   4.8485512e-01   3.4704810e-01  -5.7598054e-01   1.0517838e-01   1.2184155e-02   2.7181328e-01  -9.0777523e-02   4.2465703e-01   3.2251813e-01   4.5763579e-01  -2.9649649e-01   2.6474241e-02   1.4732454e-01   6.1246530e-02   1.6536336e-01   2.0930915e-02   1.5662737e-04   3.8149652e-01   3.5410853e-01   2.8362900e-02   3.9508910e-01  -2.0998532e-01  -7.0870800e-02  -2.7251305e-01   1.9049975e-01   1.1837654e-01  -2.7785267e-01  -2.5748519e-01  -1.9439389e-01   4.1392515e-01   5.6613511e-01   5.3331155e-01   1.7063424e-02   3.4984000e-02  -1.1429411e-01   3.3111258e-01  -3.1686151e-01  -7.3903310e-02  -2.7774274e-01   3.0171790e-01   4.4300008e-01  -9.9194590e-02   7.3324343e-01   3.3976933e-01  -3.9736248e-01   3.2378800e-01   7.1069377e-03   3.6000872e-01  -2.6529873e-01   1.6880458e-01   1.2745236e-01   4.7396009e-01  -2.3416351e-02  -4.3695948e-01   4.7898252e-01  -5.1359438e-02  -3.9763140e-01   2.8786472e-01  -1.6669248e-01   1.6061689e-01  -1.8442032e-01   1.9970823e-01  -3.1866267e-01   1.5576414e-01  -2.8231395e-01  -4.9579471e-02   1.5755767e-01   6.5694200e-02   9.9444844e-02   1.0468659e-01   1.3351771e-01   3.6116417e-01   3.5676326e-02   3.0000094e-01  -1.3484013e-01   5.2348406e-01   3.4181062e-01  -2.1724406e-01   3.6989294e-01   4.5311330e-01   7.6022265e-02   5.1298573e-01   3.1518482e-01   1.7530822e-01   9.1342445e-02   4.9728908e-01   4.8680809e-03  -1.1476836e-01   2.9394145e-01  -2.6669220e-01   3.1629056e-01   5.3878356e-02   2.2910142e-01   3.9252654e-01  -2.8005672e-01  -1.1824975e-02  -6.2713551e-02  -7.4751686e-02  -1.0538027e-01   1.1778777e-01   4.4823943e-01  -1.7164074e-01   3.0801298e-01  -1.3581856e-01  -2.5820247e-02   1.5184848e-01  -2.7778842e-01  -1.3906425e-01  -1.2236011e-01   2.6418698e-01   1.0027280e-01   6.9568243e-02   2.4713257e-01   2.0231463e-01  -1.1120406e-03   2.1006073e-01   4.9132265e-01   2.8450105e-01   5.2536743e-01   1.3587689e-01  -8.9574657e-02  -2.7898974e-01   5.4216243e-01  -1.0670108e-01   2.1838000e-01   9.9370516e-02  -8.8101558e-02   3.6597053e-02  -2.3304775e-01  -3.0417103e-01   5.6791644e-02   2.9260335e-01   2.8283794e-01   5.4129602e-01  -3.7379392e-01   3.4137338e-01  -3.0404175e-02   9.4687164e-02   1.8839534e-01   9.9935908e-03   2.0620919e-01  -1.6309694e-01   4.5645973e-01  -5.3798208e-01   8.9797589e-02   2.0768064e-01  -1.6133594e-01   7.1139554e-01  -2.6190149e-02  -3.7551733e-01   7.6725880e-02
   4.2630566e-02  -2.9567041e-01  -1.7192834e-03  -1.5602767e-01  -7.7876868e-02   4.3134995e-01   0.0000000e+00  -3.0782389e-01  -2.8939396e-01   5.2683588e-01   2.6292442e-01   9.5615773e-02   2.4666682e-01   2.7078138e-01   4.8616450e-01   2.3299439e-01  -2.5842271e-01  -9.8888648e-02  -1.0933332e-01   2.2374475e-01   1.8855961e-01   2.0474215e-01   7.6648449e-01  -4.2846086e-02  -2.0573767e-01  -1.1949168e-01   2.3742796e-01   3.0976273e-01  -1.7952866e-01  -8.1389229e-02   6.7024418e-02   6.7929362e-02  -1.0563340e-01   7.3920521e-01   6.5175078e-01   6.6284725e-02   1.3189562e-01   7.2143147e-02   2.0293119e-01   1.0528741e-01   9.2715024e-02  -1.2413434e-01   1.2924256e-01   1.8805705e-02   3.4878646e-01   1.0512867e-01   8.7977171e-03   2.0043368e-01  -2.3531205e-01  -4.3084908e-02   2.5618369e-01  -1.2737429e-01  -2.6144053e-01  -1.8529804e-01   1.2392141e-01   4.6526857e-01  -3.7619678e-02   2.3946967e-01  -1.4936164e-01   2.3773415e-01  -1.7361976e-02   3.9821559e-01  -3.7881757e-01  -2.6872521e-01  -2.2653292e-02   6.6405031e-01   2.1330332e-03  -1.0059026e-01   1.3211051e-01   3.1342722e-01  -6.4471483e-02  -6.0613325e-02  -5.0943690e-02   7.1005304e-02  -6.2904703e-02  -7.3722841e-02   1.8776529e-01   1.2306281e-01  -2.0957271e-01  -4.6053605e-01   7.1668958e-01  -4.5288540e-02  -1.2698032e-01  -8.9246084e-02  -1.9021481e-01  -1.4353395e-01   1.7299795e-01   1.2639533e-01  -2.8465684e-01   1.0244377e-01  -3.4954605e-01  -7.0262853e-02   5.5472338e-01  -2.4193527e-02   2.0810384e-01  -1.2442935e-01   1.3234828e-01  -2.1112501e-01  -2.5831933e-01   6.7517644e-01   1.3053221e-02   5.8168130e-01   3.7262948e-01  -2.4617765e-01   2.7945853e-01  -1.1867444e-01  -3.9510269e-02  -1.3182677e-01   4.1345791e-01  -8.9550686e-02   5.5278370e-01   4.5130612e-01  -1.1020011e-01  -9.0555852e-03   4.9162672e-01  -3.0050561e-01   8.5537553e-02  -1.9599943e-01   1.3895308e-01   6.7364856e-02  -4.1869317e-03   6.5445735e-02  -8.5311621e-02   8.9711142e-02   3.9053455e-02   2.6563813e-01   4.8061117e-01  -1.7120795e-01  -1.4824124e-01  -1.6019456e-01   1.3370205e-01   2.6423991e-01  -2.1154871e-01  -6.6570680e-02  -1.4593016e-01  -1.9512522e-01  -5.0637974e-02   2.4004234e-01  -7.5079433e-02   1.9769734e-02   2.9186519e-01   1.6023478e-01   2.9916121e-01   1.5918149e-01   7.4432308e-01   1.4794815e-01   3.7038328e-01  -4.7549508e-01   4.7528886e-01   8.1559355e-02   4.3155453e-01   3.7443843e-01  -1.7758152e-01  -3.1717210e-02  -1.9498050e-01  -2.0917596e-01   1.9332654e-01   3.5367863e-02  -4.7546157e-02   6.6769087e-01  -1.7898338e-01   1.9362318e-01  -2.3762629e-01  -1.6745231e-01  -1.9374774e-01   3.3157069e-01   2.2775481e-01   1.5325578e-01   5.1003206e-02  -2.4671360e-01   2.8183791e-01   1.8737481e-01  -4.5088527e-01   8.6685350e-02  -7.9847172e-02  -2.2798296e-01  -3.5154527e-01
  -5.0019866e-02  -4.5510824e-02   2.8207335e-02   1.8863228e-01   1.6215203e-01   1.5256508e-01  -3.0782389e-01   0.0000000e+00   1.7264438e-01   3.6573719e-02   1.7335242e-01  -2.8820233e-02   2.1503246e-01  -2.7272151e-02  -5.8870506e-02   2.9651548e-01  -6.8118132e-02  -2.0741941e-02   3.1331090e-01   1.0102093e-01   1.9638092e-02   1.0817652e-01  -1.4109658e-01   1.1858142e-02  -2.9384057e-01   1.3473303e-01   1.6905469e-01   1.0552244e-01  -2.7475614e-01   6.6419304e-02   4.3335604e-02   3.1912335e-02  -9.0894770e-02  -1.8491760e-01  -2.6118617e-01   1.1256148e-01  -1.4579767e-01   1.2173601e-01   2.8133105e-01   1.2769458e-01   1.9562679e-01  -1.8195060e-01  -5.3828348e-02   4.8239510e-01   6.8463106e-02   7.7778810e-02   1.3079909e-01  -1.3276431e-01   1.1193862e-01   3.0578772e-02   2.8628343e-04   6.2003838e-01  -8.0634997e-02  -3.2375931e-01  -2.0657099e-01   1.1307144e-02   1.2198376e-01   1.3022058e-01   2.3368063e-01  -1.9262009e-01  -1.2959886e-01   2.0831791e-02  -6.0303914e-02   2.7767735e-01  -1.2731652e-01  -7.4624967e-02   2.1915169e-01  -5.3777002e-02   3.4643130e-01   2.1026991e-02  -1.3999398e-01  -8.4850029e-02   9.4424197e-02   5.4646971e-02  -2.6757781e-01   7.9103434e-02   2.3836968e-01   9.9087714e-02   2.0776829e-01  -1.5424986e-01  -1.4942292e-01  -8.8424510e-02  -1.4274725e-01   5.9315191e-01  -1.3525891e-01   8.8263863e-02  -2.4048385e-01  -1.1994035e-01  -1.4477216e-01   1.8794382e-01   1.2469267e-01   6.8536858e-02  -1.8592915e-01   1.6635922e-01   1.3102352e-01   5.5648565e-02   8.2961120e-02   4.2773319e-01   1.6186629e-01  -1.2143581e-01  -1.4800429e-01   1.3069004e-01  -3.1298579e-02  -8.0363976e-02   3.6480364e-02   3.0162985e-01  -1.6331287e-01   5.4024871e-01  -1.5433222e-01   1.9967204e-01  -3.1707506e-01  -6.9047523e-02   3.4185288e-02  -2.8736723e-02  -1.4550757e-01   1.2057367e-01   3.2355087e-01   1.1397923e-01   7.7679059e-03  -3.3954980e-03   1.7460696e-02   8.6599303e-05  -1.2577059e-01   3.3621381e-02   7.7592537e-02  -6.6768147e-02  -2.7602366e-03  -2.8044127e-01   1.6163582e-01  -5.9770121e-02  -4.1500239e-02  -1.1811320e-02  -2.4815943e-01   7.6963455e-02  -1.7413752e-01   4.4196270e-01   7.3258751e-02  -1.1554172e-01   2.2726247e-01   2.8205522e-01   1.4648714e-01   7.8632498e-02   7.1912250e-02  -1.8128585e-01  -8.9983331e-02   1.3171868e-02  -2.7992565e-01   3.8326796e-01   8.7044917e-02   2.5845825e-02  -1.2740076e-01  -1.1834586e-01  -1.4698103e-01  -1.6060305e-01  -8.4262875e-02   7.6939454e-02   2.2365435e-01   5.2828269e-02   9.8011641e-02   2.5545301e-02  -2.9300064e-01   2.8532997e-01   2.4831595e-01   1.3667508e-01   1.1920608e-01  -3.4430449e-02  -2.6451245e-02  -1.6178877e-01   3.3420209e-01  -1.0355707e-01   6.8692230e-02   8.6834974e-02   9.1493774e-02   2.2747884e-01  -1.2994027e-01  -2.2399198e-01   1.3478895e-01
  -2.3430794e-01   5.3853585e-01  -1.0185929e-01   3.1668486e-01   4.9015967e-01  -2.1152550e-01  -2.8939396e-01   1.7264438e-01   0.0000000e+00   8.6059219e-02   3.9395161e-02   3.8937035e-01   3.8960822e-01  -3.4316666e-01   1.4252454e-01   3.4460274e-01  -8.7105845e-02   2.8942645e-01   1.3163221e-01   1.3875815e-01   2.8051747e-01  -2.6505284e-01  -2.5156020e-01   8.3812334e-03  -1.8071333e-02  -9.3623543e-02  -1.9544446e-01   1.3774741e-01  -2.3779227e-01   4.0584182e-01   3.1248569e-01   9.5887795e-02  -2.7454680e-01  -1.9349718e-01  -1.2002507e-01   2.6913082e-01   2.2557663e-01  -2.1877503e-01  -1.1932626e-01  -1.2034555e-01   4.1777463e-01  -1.6839742e-01   4.1633576e-01   2.3392100e-01   1.1593092e-01  -1.1516567e-01   8.1058521e-02   4.1735730e-01   5.8330273e-01   1.1498028e-01  -1.3079827e-01   1.2550707e-01   4.9363555e-01  -3.8584921e-01  -3.6668492e-01  -2.2259928e-01  -2.1314581e-01  -6.4502555e-02   4.1836455e-01   2.1887567e-01  -1.1191681e-01   1.4066513e-02   5.4634767e-01   7.6621868e-01   5.5020714e-01   2.1284377e-02   2.8593095e-01  -5.0003221e-02   1.9510914e-02  -4.8208765e-01   4.4942162e-01   1.2292248e-01   8.3602815e-02  -1.1337230e-01  -1.0835883e-01   2.0210453e-01   1.1900979e-01  -2.2321609e-01   4.5354569e-01   1.1338213e-02  -2.7636394e-01  -2.2859843e-01   4.3098937e-01  -6.6655271e-02   2.7216409e-02   4.9254662e-01  -1.0638822e-01  -4.0558301e-01   2.5132766e-01  -6.1402879e-02   7.1281896e-01  -1.9780027e-01  -5.8033356e-02   6.6209917e-01  -1.8610518e-01   3.9003828e-01   3.2233162e-01   2.2140996e-01   2.2850187e-01  -2.1097774e-01   1.2652884e-01  -2.0008991e-01  -3.3682002e-01   3.8622650e-01  -6.8590557e-03   3.3467167e-01  -3.1942813e-01   2.6292577e-01  -1.4391820e-02   1.9812145e-01   8.3826965e-02  -2.5997912e-01   4.5856517e-02  -2.7902440e-01  -1.2980129e-02   3.9714374e-01  -1.1206839e-01   2.9362018e-01   8.4878640e-02   1.7969255e-01  -8.9797779e-02   2.6612252e-01   1.5584869e-01   6.0237877e-01  -2.3872616e-02  -3.1943856e-01   2.8933574e-01  -1.5661388e-01   5.6322196e-02  -1.7755542e-01   7.7792416e-03   2.8267758e-01   6.1737360e-02   5.9939590e-01   2.7867759e-01   3.0931956e-01  -5.8353128e-02  -6.6642446e-02   2.9453862e-01   6.6170380e-02  -4.5508166e-02   3.6387825e-01  -3.5933409e-02  -4.3598921e-01  -1.2359570e-01   2.0070465e-01   3.7757922e-01   6.0202047e-01  -6.8513750e-02   3.6748764e-01  -3.4917900e-02  -2.0035331e-01  -1.4708008e-01   3.8476470e-01   1.0416648e-01  -3.0946294e-02  -2.0629773e-01   4.3273035e-01   1.2041217e-01  -2.9592695e-01  -1.3209832e-01   9.3562228e-02   4.2756935e-01   1.4761280e-01   2.6062534e-01   1.3692734e-02   2.0991005e-01  -2.7878078e-01   1.7763645e-01   3.8928107e-01   3.6024807e-01   7.1616880e-02   4.9852664e-01  -3.5699020e-01   6.5040185e-03  -2.8512736e-01   3.3981141e-01
  -3.5049397e-01  -1.0539360e-01   1.3004973e-01   9.2273570e-03   3.3881000e-01   4.3360529e-01   5.2683588e-01   3.6573719e-02   8.6059219e-02   0.0000000e+00   3.2478607e-01   2.7520877e-01   5.2447121e-01  -1.7892814e-01   5.1790041e-01   4.8920873e-01  -1.7224802e-01  -3.2554828e-02   1.5249763e-01   4.8652194e-01  -1.0931373e-01   9.0150310e-02   7.0218171e-01  -2.2745948e-01  -3.1173926e-01   6.2661539e-02   2.2406825e-01   2.6833031e-01  -2.9595648e-01  -4.1954406e-02  -8.8748297e-02   2.5402394e-01  -3.0651610e-01   6.8969073e-01   2.4937756e-01   4.0952258e-01  -1.3872656e-01   1.7248443e-01   2.3299145e-01   1.5759433e-01   3.2618588e-01  -2.6307429e-01   3.1417897e-01   2.7224932e-01   4.4105671e-01   4.7710302e-02   2.1476586e-01  -1.4006317e-01   1.5953629e-01   9.9368201e-02   2.8656004e-01   2.4833938e-01  -3.4713143e-01  -2.8710638e-01  -3.9199798e-01   3.9860523e-01   7.2252999e-02   2.6523805e-01   1.5817645e-02   1.3771415e-01   9.4110195e-02   7.0052667e-01  -1.2776706e-01  -7.1318740e-02  -1.1455915e-01   6.4096993e-01   1.3300942e-01   6.8739754e-02   1.8744195e-01   2.3757088e-01  -2.4375124e-01   4.9206612e-02   1.8733429e-01  -7.3130671e-02  -3.2963617e-01  -1.9559682e-02   2.9147396e-01  -4.6293394e-02   9.1852957e-02  -5.1968203e-01   4.5990526e-01   1.5731307e-01  -2.4204719e-01  -8.1656626e-02  -4.3290546e-01   1.6069522e-01  -2.4671958e-01  -1.0297373e-01  -2.3921368e-02  -1.1592969e-01  -7.1853079e-02   1.7167521e-01   6.4777230e-01   3.0109597e-01   1.8724511e-01   3.2950890e-01   2.5999131e-01   1.3864787e-01   6.7365543e-03   6.1085611e-01  -2.1530430e-01   5.3415383e-01  -1.3517274e-01  -2.0427572e-01   3.0498383e-01   3.1521680e-01  -2.8163203e-01   2.6769051e-01   4.2206069e-01   1.9917238e-01   6.2992606e-01   2.0442809e-01  -1.9292837e-01  -2.7185111e-01   3.3790133e-01  -1.1704440e-01   2.0660537e-01   1.1964422e-01   1.7462689e-01   5.9320619e-02  -1.2236156e-01   2.2470413e-01   2.7053147e-01   6.2904266e-02  -3.9913184e-02  -1.0122286e-01   4.0970872e-01  -1.0330491e-01   6.1696083e-02  -1.3285396e-01  -4.0720140e-03   2.0581860e-01  -4.2411769e-01  -1.2805822e-03   3.1638094e-02   2.6576006e-02  -6.0765477e-02  -1.1031304e-01   1.6027196e-01   4.6744491e-02   9.8284104e-02   4.0513863e-01   2.2975062e-01   2.6138606e-01   6.0038365e-01  -2.5427227e-02   3.9350839e-01  -1.8086101e-01   6.6184367e-01  -1.2107100e-02   2.8300065e-01  -1.4694520e-01  -3.4439518e-01  -5.7712021e-02  -2.6012858e-02  -3.1766269e-01   2.2984876e-01   1.8757255e-01   2.2529306e-01   4.6624123e-01  -3.5248001e-01   1.7402604e-01   1.6764266e-01  -1.5862560e-01   8.5408494e-02   4.4783150e-01   1.8299810e-01  -1.7341480e-01   2.5849803e-01  -3.1105955e-01   5.4767553e-01   3.6788891e-01  -2.3907062e-01   2.2862021e-01  -5.2448953e-02  -3.7012643e-01  -1.8149153e-02
  -1.3083922e-01  -2.8184668e-01  -1.7574775e-01   7.4290031e-02   1.5576436e-01   5.1884241e-01   2.6292442e-01   1.7335242e-01   3.9395161e-02   3.2478607e-01   0.0000000e+00   8.2238487e-02   3.7838323e-01  -8.9472575e-02   5.4072713e-01   2.9393089e-01  -3.8505667e-01   1.8154207e-01   2.6692840e-01   4.5897242e-01   3.6414501e-02   3.6745247e-01   4.6665150e-01  -2.1811399e-01  -1.8267738e-01  -1.3176200e-01   1.9549012e-01   2.8713604e-01  -3.5283181e-01   3.6177899e-01   2.1691590e-01   5.9086843e-01  -4.6833799e-01   4.5554920e-01   2.8904827e-01   5.3009231e-01  -4.9316197e-02  -2.6837013e-01   9.4747429e-02  -3.6267453e-01   2.4886592e-01  -3.2521378e-01   7.2892177e-02   5.0887893e-01   7.4707835e-01  -1.9770280e-01   6.0486958e-01   1.6916465e-02   2.8764805e-02  -3.8181019e-01   5.3995742e-01   6.1941009e-02  -2.4489865e-01  -4.7921452e-01  -9.7774514e-02   5.6711108e-01   9.2092941e-02   6.2870788e-01   1.6562447e-01   3.4318098e-01  -2.2272604e-01   1.5696895e-01  -2.7071793e-01   2.8348448e-01   6.1024911e-02   4.2960215e-01   2.1857967e-01   2.0742042e-02   5.6810397e-01   9.8525637e-02  -3.9294690e-01   4.6423265e-01  -6.8559415e-02   1.0069826e-01  -3.3365501e-01   3.5265309e-01  -6.3193557e-03   4.3873121e-01   1.2258518e-01  -3.6520794e-01   4.5531664e-01  -2.0193774e-01  -1.0820734e-01   6.8252202e-02  -3.2056047e-01   3.4142301e-01  -1.3941633e-01  -3.0458002e-02  -2.5931369e-01   9.8182192e-02  -1.3880416e-01  -2.8560474e-01   1.6841190e-01   4.4472436e-01   4.9006545e-04  -3.1758119e-02   2.4338902e-01   3.1801736e-01   2.1301367e-01   3.1717368e-01  -4.3410829e-02   6.5176505e-01   1.6887630e-01   8.3541950e-03   6.4307787e-01   5.2631855e-01  -3.6797814e-01   4.8325056e-01   2.1332007e-01   1.9937402e-01   1.2120030e-01   5.2740490e-01   1.6348012e-01  -4.4228677e-02   1.7939619e-01  -2.2718697e-01   1.9843728e-01  -4.3672281e-02   5.9017155e-02   4.6878233e-01  -9.4855533e-02  -1.6584737e-03   5.3386602e-02   2.4614002e-01  -1.7193259e-01   8.8337469e-02   4.4887153e-01  -1.1426546e-01   2.7797598e-01  -3.4400941e-01   6.5578742e-02   4.6327270e-01  -2.7160107e-01   1.9646175e-01  -1.3213434e-01   4.4660915e-01  -6.7895092e-02   2.5961599e-02   2.5335921e-01  -2.4623803e-01   2.4907544e-02   2.7952404e-01   6.9364187e-01  -7.1636736e-02   5.2658077e-01   2.0821221e-01  -1.1087338e-01  -8.7890052e-02   6.1554182e-01  -1.3004787e-01   1.7508939e-01   9.6781606e-03  -3.4728798e-01   2.7710323e-01  -4.2545250e-01  -1.8998167e-01  -2.7030180e-02   4.6240280e-01  -3.9344768e-02   3.8966382e-01  -1.4537023e-01   8.0022830e-01   1.7652442e-01   5.3521789e-01   4.7044971e-01   1.4747329e-01   6.9424559e-01  -2.0300397e-01   4.0738264e-01  -4.4230767e-01   9.6260168e-02  -4.4240837e-02   2.6189469e-01   1.9472737e-01   4.0193838e-02  -3.8035008e-01   2.3360803e-01
  -2.1989519e-01   6.6188802e-01   3.8895648e-01   1.9431185e-01   5.7090242e-01  -3.4744891e-03   9.5615773e-02  -2.8820233e-02   3.8937035e-01   2.7520877e-01   8.2238487e-02   0.0000000e+00   5.3230923e-01  -2.8558182e-01   2.3857413e-01   3.5073685e-01   4.3173191e-01  -3.1120492e-04  -1.2099668e-01   4.4058080e-01  -1.5554386e-01  -1.8886097e-01  -6.1300505e-02  -2.7672844e-02  -3.9674057e-02   3.5692243e-02   2.0909739e-01   2.8499970e-01  -1.9096871e-01   3.1298319e-01   7.5053218e-02   1.6378874e-01  -2.9030441e-01   1.1471328e-01  -9.7849852e-02   5.2452330e-01   4.3288257e-02  -2.6053966e-01   1.3511184e-02   2.1862111e-01   3.8649048e-01  -1.4324554e-01   5.7020926e-01   8.1566374e-02   1.8606107e-01  -3.2268439e-02   1.5733380e-01   1.6336758e-01   3.2096383e-01   3.1539743e-01  -1.1854558e-01   6.8255596e-02   1.8333998e-01  -1.7584523e-01  -4.4207750e-01  -1.7278956e-01  -2.2465421e-01  -1.5696605e-02   7.1435405e-02   5.2747450e-01   8.1977630e-02   2.2530941e-01   5.0428526e-01   1.4111688e-01   1.3285526e-01   1.7568843e-01   2.4959346e-01  -1.0333185e-01   1.0686056e-02   1.0882357e-01   3.7971624e-01   2.5219840e-01   2.6848806e-01   6.1483539e-02   7.9511756e-02   1.7262430e-01   5.7733443e-02  -2.8798222e-01   3.8406484e-01  -4.1759880e-01  -5.2733988e-02  -3.1327243e-01   3.9504511e-02  -1.8326007e-01  -1.6026135e-01   3.5371387e-01  -4.0307839e-01  -1.9059731e-01   3.8217317e-01  -7.6747915e-02   3.3607910e-01  -6.7280402e-02   4.6756126e-01   6.4529223e-01  -1.4010455e-01   3.7002040e-01   1.7459271e-01   1.2898323e-01  -4.8211386e-03  -2.0725918e-01  -7.6549028e-02  -4.8617755e-02  -3.4367583e-01  -8.1375870e-04   4.3719884e-02   3.5781080e-01  -6.5403626e-02   1.8860551e-01  -3.0342580e-02   8.7210386e-02   1.6597198e-01  -5.9960987e-02  -2.6371031e-02  -2.3347291e-01   1.3044861e-01   2.8824414e-01  -3.3207409e-02   1.6890982e-01   5.6410316e-02   2.6456111e-01  -3.9197502e-02   4.2995328e-01   7.2051896e-01   1.4501954e-01  -1.9309884e-01  -1.7954364e-01   2.9298404e-01  -7.7259063e-02   1.1616351e-01   3.4925109e-01   1.4798821e-01   2.3131451e-01  -3.6852235e-02   2.0285180e-01   4.8695695e-01   5.4603521e-02  -2.1504879e-01  -8.1937032e-02   9.0421320e-02  -1.7745929e-01   4.9442064e-02   5.5933381e-01   7.7958524e-02   2.1684002e-01   5.8161538e-02   9.6970272e-02   5.6578910e-01  -1.4767338e-02   1.5642523e-01  -4.4158660e-02   4.6624763e-02  -2.9150257e-01  -1.3382489e-01   1.0791625e-01   5.9079813e-01  -1.1074339e-01  -1.8805199e-01   1.1918475e-01   2.0358627e-01  -7.5745574e-02  -1.1661967e-01  -4.9270491e-02   7.5730367e-02  -5.6261895e-02   3.9608160e-02   3.5746199e-01   2.2665726e-01   6.2611871e-02   1.7997295e-01   2.4684628e-01   5.0775512e-01   8.6083177e-02   3.9717161e-02   3.8186420e-02  -6.7216377e-02  -2.5234156e-01   1.4684858e-01
  -4.5982968e-01   2.1317716e-01   2.1257335e-01   2.8151576e-01   6.8890339e-01   2.9467054e-01   2.4666682e-01   2.1503246e-01   3.8960822e-01   5.2447121e-01   3.7838323e-01   5.3230923e-01   0.0000000e+00  -5.5465986e-02   5.6107269e-01   5.8838814e-01   7.8314976e-02   1.0589710e-01   6.6605822e-02   6.4251691e-01   1.8455866e-01   9.4958048e-03   2.3412984e-01   6.0459848e-02  -2.0881624e-01   5.3482056e-02   3.7360390e-01   3.6981144e-01  -3.2298806e-01   3.1174761e-01   2.0125229e-01   3.7331475e-01  -3.0804686e-01   3.3568696e-01   7.4658194e-02   6.0647423e-01   1.1118460e-01  -1.5883433e-01   1.5547293e-01   2.1820787e-01   7.7460264e-01  -3.8301995e-01   3.9952387e-01   3.7181587e-01   4.9167004e-01   7.3477483e-02   3.5971381e-01   1.2477090e-01   5.3978417e-01   2.1266522e-01   2.1176739e-01   2.2124283e-01  -5.5175308e-02  -3.4981180e-01  -4.9905539e-01   2.1505140e-01  -1.8843571e-01   2.4425668e-01   3.8093756e-01   3.2771389e-01  -1.0828772e-01   5.1170402e-01   2.8156056e-01   2.5086935e-01   2.7115905e-01   4.3312653e-01   3.4656661e-01   1.0293655e-02   2.8430197e-01   1.2318242e-01   1.0349305e-01   2.9995420e-01   5.0371384e-01   1.4023352e-01  -1.6770782e-01   3.2105058e-01   2.4541848e-01  -4.5710677e-02   4.3287862e-01  -4.6440155e-01   1.3764965e-01  -1.1767815e-02   1.4032420e-01   3.7491449e-02  -1.4108902e-01   3.7605093e-01  -2.3314196e-01  -7.4442747e-02   1.2549577e-01   8.4230522e-02   3.3637268e-01  -1.7958472e-02   4.7914700e-01   6.2179398e-01  -1.8254556e-01   4.5089325e-01   5.4895164e-01   2.7355845e-01   2.7652272e-01   1.4424239e-01  -1.8047153e-01   2.4951817e-01  -1.9864304e-01  -6.4365352e-03   2.0210982e-01   4.0579307e-01  -3.5987609e-01   3.5549180e-01   1.9134033e-01   3.1593701e-01   2.1829352e-01   1.5469162e-01  -1.3609000e-02  -4.7657121e-01   2.9802070e-01   1.9866265e-01   1.3219976e-01   3.7390517e-01   2.4016717e-01   2.7319520e-01  -4.9014221e-02   4.8135184e-01   3.5245739e-01   4.5543010e-01   5.8323013e-04   1.7182800e-02   5.0354477e-01  -1.5075185e-01   1.4676293e-01   4.8792890e-02   2.2380986e-01   4.7873229e-01  -2.6802291e-01   3.3003744e-01   1.7964827e-01   1.3374584e-01  -7.2345903e-02  -1.9940428e-01   3.5860974e-01  -9.0380331e-02   2.1217314e-01   5.7328037e-01   3.1934178e-01  -2.0115591e-03   3.0590245e-01   2.3288647e-01   2.4391537e-01   9.6728589e-02   4.9473645e-01   2.4708556e-01   2.1238123e-01  -2.3130894e-01  -1.4599537e-01   1.4320201e-01   1.1996233e-01  -2.6135668e-01  -8.4593562e-02   4.8991750e-01   3.6113855e-01   2.0520003e-01  -3.1085579e-01   3.4411948e-01   4.5521125e-01  -5.0891998e-02   2.7487768e-01   3.6273651e-01   3.8324167e-01  -2.3950643e-01   3.2555970e-01   2.7561923e-02   5.5867999e-01   1.4452864e-01   6.8892024e-02   5.2509608e-02  -1.0059580e-01  -3.9772600e-01   1.9859326e-01
   3.3791429e-01  -3.7252415e-01  -5.6817518e-02   1.2514730e-01  -2.5241937e-01   3.5695721e-02   2.7078138e-01  -2.7272151e-02  -3.4316666e-01  -1.7892814e-01  -8.9472575e-02  -2.8558182e-01  -5.5465986e-02   0.0000000e+00   1.4377668e-01  -1.3191347e-01  -2.1393730e-02   2.0583976e-02  -2.3746163e-01  -2.0735501e-01   5.3512919e-01   6.5418016e-01   1.0589316e-01   4.6624933e-01   1.8110026e-01   9.3143434e-02   2.7811860e-02   2.2729786e-01   1.6226130e-01   1.6492934e-01   2.9459378e-01   4.9046141e-02   8.1923684e-02   1.4785532e-02   3.0038115e-01  -3.4348759e-01   1.6580984e-01   1.9487800e-01  -7.1244597e-02   2.6364210e-01   1.0375939e-01  -2.5647044e-01  -3.2653570e-01   3.7770244e-02  -1.2726799e-01   1.6536069e-01   1.0386261e-01  -1.0074077e-02  -1.1812480e-01   3.2743371e-01   6.0755158e-02  -2.3490576e-01  -4.1969190e-02  -2.2135745e-01   4.8820119e-01   1.4121621e-01  -2.0764116e-01   3.7069719e-01   2.9235307e-01  -3.8959971e-02  -2.0521629e-01  -1.8412005e-02  -2.4213516e-01  -2.5367361e-01   1.0596213e-01   4.1690726e-03  -2.1696433e-01   9.4219721e-02   1.5696540e-01   1.5799339e-01   3.8832620e-02  -1.5876767e-01  -1.7056741e-01   2.6414022e-01   1.3759524e-01   1.5850770e-01   3.3266451e-01   1.5096623e-02  -7.9751842e-02   7.8380483e-02   3.3699297e-01   1.5716463e-01   1.8384750e-01   2.3072454e-01   3.3894911e-01  -1.2311591e-01   7.0326596e-01   5.5829744e-01  -1.6153779e-01   3.9447557e-01  -1.4575319e-01   4.7652338e-02  -1.6237651e-01  -3.1396729e-01   1.2414052e-01  -3.8699451e-01   1.8077882e-01  -3.0910316e-01   6.1174352e-02   2.7161640e-01   3.7033756e-01   4.9546748e-02   7.4914571e-01   3.2674943e-01  -2.7556745e-02  -2.0612688e-01  -2.3283003e-01  -3.3447408e-01  -1.1886423e-01  -1.7273322e-01  -1.6896254e-01   5.0277566e-01   3.9750084e-01   1.5621075e-01   8.5394814e-02   2.5689672e-02  -4.0753916e-02  -3.0796182e-01  -9.7901716e-03   8.2881999e-02   4.0829167e-01  -1.1800853e-01  -4.8491150e-01   1.1246225e-01   4.0029634e-01   6.2499935e-01   9.6342963e-02  -9.0192511e-02   8.8192267e-02   1.1848136e-01  -8.1878611e-02   1.1113545e-01   3.4574727e-01  -2.4218714e-01  -1.7154416e-01  -1.8542553e-01   3.2085064e-02   3.3043540e-01   7.4387353e-02  -2.8088717e-02   4.8371320e-01  -1.0436685e-02  -5.4876054e-03  -1.4369361e-01   8.3787755e-02   5.2922737e-01  -2.8148684e-01  -2.3745167e-01  -1.4903659e-01   2.2183185e-01   7.5189809e-02   6.0508439e-01   1.0406026e-01  -3.4358539e-01  -1.1792408e-01   4.3951007e-03   2.3367409e-01  -3.6475891e-02  -1.1207078e-01   4.7480815e-01  -1.0059145e-01   2.6493589e-02  -1.9547180e-01   1.3057950e-01  -1.3302318e-01   1.1910231e-01  -2.1066388e-01   1.3416467e-01   3.6025065e-02  -4.2875447e-03  -2.4366335e-01   7.7442436e-02  -2.2397247e-01  -1.2466778e-01   3.0273031e-02  -2.0290320e-01  -1.7825679e-01
