   0.0000000e+00   3.7865830e-02   2.6602847e-01  -3.7078315e-01  -4.2103058e-01  -4.0819451e-02  -2.7276860e-01   5.1214915e-01   2.8036526e-01   1.1637354e-01  -5.8756273e-01   3.6656444e-01  -3.3873832e-01   2.3057790e-01  -1.7911505e-01  -2.6815057e-01   1.1549780e-01  -2.4536195e-01   2.4206509e-01  -4.2265177e-01  -4.6892304e-01  -2.7328706e-01  -4.7519812e-01   3.6635064e-01   1.5819787e-01   3.8954205e-01  -4.3120692e-01   1.7555108e-01  -2.4616195e-01  -3.6888116e-01  -2.7341460e-01   8.9110978e-02   2.1880360e-01  -1.3766766e-01  -1.3786648e-01  -6.7318655e-01   7.0704078e-02   2.3239238e-01  -3.6439249e-01   2.2037188e-03  -2.2122823e-01   2.5933373e-01   3.9352267e-01   3.6344697e-02  -5.7709074e-01   5.3392818e-01  -7.0252798e-01  -3.5302264e-01  -9.0114186e-02  -4.4930031e-02  -2.8826059e-01   4.6179892e-01  -3.3518228e-01   4.3748799e-01   4.8940380e-01  -2.5133233e-02   2.0082498e-01  -2.2562513e-01  -3.8339841e-01   1.5967751e-01   3.0881964e-01   3.1631684e-02   3.2200955e-01   1.4802768e-01  -2.9512776e-01  -1.9553067e-01   2.3001621e-01   4.3942160e-02  -4.5639700e-01   4.4105669e-01   4.8594231e-02  -3.8848472e-01  -2.9910723e-01   4.1593366e-01   5.9403334e-02   3.8926134e-01   1.9077111e-01   6.6245200e-02  -2.7315405e-01  -8.9424902e-02  -8.3947888e-02  -2.9808774e-01   1.8581493e-02   5.4216765e-01   3.6703568e-01   2.7103439e-01  -3.0280310e-01   3.8136210e-01   4.3676924e-01   6.9197863e-01  -2.5886900e-01   1.5036049e-01   2.7341806e-01   2.4063834e-01   4.7650138e-01   8.0985731e-02   1.8355899e-01   2.3594273e-01   2.5270905e-04   5.2314177e-02  -1.1399795e-01   8.5601471e-02  -2.4954975e-01   7.9851871e-02  -3.6198120e-01  -1.9116818e-01   3.4651392e-01   2.1431754e-01  -1.0974267e-01  -3.4811097e-01   1.9989415e-01  -5.0298510e-01   1.4009878e-01   7.0688025e-01   1.1634238e-01   2.1232627e-01   4.0196626e-01  -1.8907625e-01   6.2464544e-02  -1.6509485e-01   2.2957585e-01  -4.2218798e-01   4.2731834e-01  -4.3832906e-01   5.6581577e-01   5.9210712e-01  -4.3321516e-01   1.2973906e-01  -9.7697299e-03   2.2855923e-01  -3.1419844e-01  -4.2735925e-01   6.2366247e-01  -1.7444108e-01   4.2669404e-01   4.6174166e-01   1.2542624e-01  -1.2947197e-01   3.1882037e-01   6.6999519e-01   6.9593440e-01  -1.3725741e-01  -3.2303009e-02   3.1199008e-01  -1.8131164e-01  -2.6392696e-01   4.0139471e-01  -5.3185134e-01  -5.1232543e-01   8.4585577e-02   5.2725499e-01   1.4985307e-02   3.7057982e-01  -2.3948160e-01   3.4428777e-01   6.2284798e-01   4.2522120e-01  -2.8981804e-01   2.3167420e-01  -3.5170245e-01   2.7334738e-01   4.8866702e-04  -2.4761048e-01  -5.9725017e-01  -1.7737772e-02   3.6704174e-01  -2.3141887e-01   5.5817578e-01   2.9037873e-01   1.0500013e-01   2.4165235e-01  -1.9608026e-02  -4.1084458e-01   1.2681245e-01   5.0153625e-01   3.5203566e-01   3.0785548e-02
   3.7865830e-02   0.0000000e+00   3.3272443e-01   3.8314691e-01   5.7121782e-01  -1.8097635e-01  -1.6883382e-02  -1.9880136e-01   2.9139274e-01   2.8868002e-02   4.8271565e-02   3.3153131e-01   1.5215417e-01  -6.2205115e-02  -7.0362748e-02  -3.3765435e-01   6.6521528e-01   3.2634317e-01  -4.7042779e-01   5.6009109e-01   7.9116265e-02   2.7543211e-01   1.1656469e-02  -9.3086610e-02  -2.4022294e-01  -2.9968499e-01   9.9352289e-02  -2.9744226e-01  -7.6048407e-02   3.2584747e-01   4.8690831e-04   3.8737734e-01  -3.1902625e-01  -1.8735613e-01   2.6670759e-01   2.9120792e-01   3.6736780e-01  -1.8429031e-01  -3.1921784e-01   3.8918448e-02   2.5037018e-01  -1.0472449e-01   7.2175250e-02  -2.8620587e-01   2.8335711e-01   3.4140288e-02   9.7004952e-02   4.0834386e-01   1.3460336e-01  -1.3456159e-01   1.5760295e-01  -1.5101870e-01   5.8443715e-02   2.1822482e-02  -1.9344650e-01  -2.7960251e-01  -8.4215943e-02   3.1266121e-01   2.8905312e-01   5.2998495e-01   1.2527360e-01   4.3261987e-01   3.0901584e-01  -8.5740451e-02   2.9359782e-01   6.3831547e-02  -1.3310647e-01   3.1182042e-01  -1.4846692e-01   2.2601217e-01   2.1040912e-01   4.9536482e-01   5.7512330e-03   4.2044562e-02  -2.6780604e-01  -1.2992409e-01   1.2547846e-01  -3.3203364e-01   3.2373037e-01  -9.8397998e-02  -9.3317300e-02  -2.1398846e-01  -1.9908348e-01  -3.6150910e-01   2.7842027e-01  -1.6129835e-01   3.7451949e-01  -1.3518396e-01   1.6823961e-01   4.3053514e-03   3.4482737e-01   7.3057219e-02  -3.6082589e-01   1.3602867e-01  -1.3457520e-01   2.3866290e-01   2.2698972e-01  -2.9242883e-01   6.4385070e-02  -1.3769852e-02   3.6802764e-02  -2.5474212e-01   3.1311990e-02   4.4516057e-01   2.3757650e-01   3.5936093e-01   1.2765043e-03  -2.5916964e-01   4.0018237e-01   1.5879392e-01  -1.8268690e-01   2.8516633e-01   2.7769947e-01  -9.9861854e-02  -5.7001688e-02   1.9710406e-04  -3.0967827e-01   1.6140293e-01   2.2055381e-02   5.6368828e-01   2.7472773e-01   3.5304013e-01  -1.4721181e-01   1.1636830e-02   4.0636727e-01   4.1082687e-02   1.1226480e-01  -4.0075292e-01  -8.6179189e-02   3.7350770e-01  -2.7309351e-01  -2.8846483e-01   3.4380873e-01  -1.1378448e-01   1.5311412e-01  -2.2604362e-01  -1.9661322e-01  -1.0532952e-01  -1.9010505e-02  -1.1870258e-01   6.5066102e-03  -2.4128958e-01  -2.7526235e-01   1.5876361e-02   6.8245354e-02   2.8777287e-01  -5.4967800e-03   1.6846282e-01   2.8246795e-02   5.7780095e-02   1.5800083e-01  -1.6165407e-01  -2.7018692e-02  -5.7832931e-02   2.5647916e-01   1.2667259e-01   9.4275117e-02   4.8687647e-01   4.5288876e-02  -1.1325487e-01   7.8445688e-02  -2.2957420e-01   1.9176539e-01   5.5118983e-02   5.7217547e-02  -1.3755603e-01  -9.3044435e-02  -2.6564308e-01  -4.0040933e-02   2.3777451e-01  -9.6867418e-03   2.5351746e-01   2.5263334e-01   1.1400837e-01  -2.5609987e-01  -1.0567019e-01   2.3202711e-01
   2.6602847e-01   3.3272443e-01   0.0000000e+00   1.2943910e-01   2.0898999e-01  -5.3175660e-02  -2.4669769e-01   4.7785811e-01  -2.1545353e-02  -3.3563262e-02  -5.8187733e-02   4.7028528e-01  -5.2301609e-03  -6.7241388e-02   1.9756103e-01  -5.5771245e-01   6.4257549e-01   2.6998327e-01   2.3756630e-01   2.4331640e-01  -2.2566146e-01   1.2464427e-01  -2.1743325e-01  -1.5900546e-01  -1.6551099e-01   1.2761911e-01  -2.3375652e-01  -1.1566151e-01  -2.7097043e-01  -2.5892105e-01   1.4679897e-01   5.3849366e-01  -7.4140912e-02  -1.7201922e-01  -1.8640951e-01  -5.9102430e-02   2.5783146e-02  -7.4223585e-02  -5.9101526e-01  -2.9368346e-02   6.4907749e-03   1.6265606e-01  -4.9837910e-02   8.7148688e-02  -2.1517133e-01   7.2985516e-01  -2.6696924e-01  -1.2265892e-01   4.8700989e-02   2.9454213e-01   7.0086817e-02   4.3499157e-01  -2.9453285e-01   3.7186919e-01   1.8199522e-01   9.4783844e-02   2.0458861e-01   4.0146809e-01   5.5623194e-02   4.3495321e-01   8.2562303e-01   8.9245103e-02   1.9796787e-01   5.3707460e-02  -2.1553988e-01  -1.3161007e-01   3.9691097e-01   3.8256660e-01   3.6256159e-02   8.2055601e-01   5.0321412e-02   3.1144838e-01  -3.7142758e-02   4.8024444e-01  -1.7246066e-01   4.0959309e-01   8.2893815e-01  -3.3102828e-02  -6.6621554e-02  -3.3630838e-01  -8.7838136e-02  -2.9100143e-01  -1.0527698e-01   2.5344798e-01   4.8853864e-01   3.9662004e-01  -3.0518406e-01  -6.1413301e-02   1.5586248e-01   1.0969193e-01   7.9027979e-02   8.1853078e-01   8.8096322e-02  -2.6197899e-02   2.9456938e-01   3.9644397e-01  -3.5366009e-02   5.0581767e-01   4.6735757e-02   1.0378214e-01   1.1522114e-01   3.0154401e-01  -1.4312377e-02   2.6349109e-01   3.1093305e-01   2.9788259e-01   3.5712903e-01   4.7707390e-01  -7.5539629e-02  -2.3021097e-01   1.4434239e-01  -1.3618259e-01   4.0268005e-01   2.1384948e-01   2.0961434e-01   5.5913208e-02   4.5393063e-01   2.1634944e-02  -2.3374968e-01   4.5656927e-01   4.3035958e-01  -9.6006784e-02  -1.6760419e-01  -4.3261856e-01   6.8162262e-01   4.7715252e-01  -8.3586820e-02  -3.6950805e-01   2.4927484e-01   4.2161615e-01  -3.7349925e-01  -4.4889602e-01   6.4787384e-01  -8.6916518e-02   3.0210769e-01   3.9893259e-01  -2.6506501e-01  -1.9576857e-01   5.2841735e-01   2.5992093e-01   2.8847207e-01  -2.3301720e-03   2.4817132e-01   7.6076549e-02   1.5031543e-01   8.3670009e-02   4.6794635e-01  -3.2344717e-01  -4.5263735e-01  -1.8024892e-01   6.5202969e-01   1.0953092e-01   3.9457538e-01  -3.3885252e-01   5.8762492e-02   3.8822147e-01   6.8971959e-01   1.1954170e-01   7.3824449e-01  -2.1406541e-01   1.2702592e-01   2.2072926e-01  -2.5017843e-01   3.2482524e-02   4.5630838e-01  -1.6962358e-02  -7.4565764e-02  -7.5185493e-02   1.9620775e-01   2.4503357e-01   2.9402964e-01   2.3762291e-01   6.1467133e-02  -1.4696223e-01   1.1960159e-01   1.8759897e-01   5.1589080e-01
  -3.7078315e-01   3.8314691e-01   1.2943910e-01   0.0000000e+00   3.7338512e-01   5.7250014e-02   1.9728608e-01  -1.9485167e-01  -1.5749378e-01  -2.9853222e-01   3.9158486e-01   1.0173412e-01   1.8142097e-01  -4.7974737e-02   2.1992153e-01  -1.0739908e-01   2.6001583e-01   4.7600866e-02  -7.1382414e-02   4.7655935e-01  -3.2926709e-03   5.3462727e-01   3.9027357e-02  -4.2991462e-02  -3.9947904e-01  -1.9167168e-01   3.7260169e-01  -1.1203651e-03   4.4074983e-02   4.8898512e-01   8.7134185e-02   3.7200442e-01  -2.3810592e-01  -1.3038563e-01   4.5364537e-01   4.6140633e-01   8.9610289e-03  -3.8918203e-01  -1.4024261e-01  -5.8147716e-02   1.8434356e-01  -2.8433248e-02  -2.1746917e-01  -1.1429595e-01   2.8678395e-01  -2.6864002e-01   5.1334923e-01   3.0123414e-01  -4.9566208e-02  -1.7762421e-01   1.9041951e-02  -1.4247502e-01  -2.3297618e-01   1.6102941e-01  -3.3958351e-01   7.3175202e-02  -6.3598657e-03   5.5638517e-01   5.1014882e-01   4.6444347e-01   7.8467957e-03   2.5678718e-02  -1.0964615e-01  -1.8561466e-01   3.4067975e-01  -1.7294442e-01   3.2161819e-03   1.5176950e-01   5.2419203e-01  -9.8572032e-03  -2.8199838e-01   6.2605519e-01  -3.4376047e-02   1.2848709e-01  -2.1702134e-01  -1.6607044e-01   1.1731956e-02  -3.8567306e-02   1.7908691e-01   2.6215389e-01   6.3786432e-02  -2.1492000e-01  -3.8013028e-02  -2.8366925e-01  -6.7374474e-03  -1.3006620e-01   2.8538872e-01  -8.7533664e-02  -5.2969809e-02  -2.2529408e-01   6.7864830e-02   5.3713316e-02  -3.4331711e-01  -1.0398114e-02  -3.5664132e-01  -1.2953192e-01  -2.5313337e-03  -1.8102708e-01  -2.4835326e-01  -2.3587238e-01  -1.0099193e-01  -6.1794301e-03   3.9701353e-01   3.8577731e-01   4.0248321e-01   6.8917600e-01  -2.2502728e-02  -7.9601246e-02   2.0787696e-01  -7.4899281e-02  -8.2542153e-02   6.5424628e-01   4.6679639e-01  -2.8880633e-01   3.6889698e-02  -2.7315587e-01  -2.3295393e-01  -5.6094765e-02  -2.4110274e-01   6.8268511e-01   9.2292220e-02   3.0494831e-01  -1.0159756e-01  -2.2862122e-02   1.0449453e-01   2.8302411e-02   3.0687828e-01  -8.6992232e-02   2.8720674e-01  -4.3205404e-03  -1.9392834e-01   6.3416557e-02  -1.8593215e-02  -2.0760787e-01  -1.2348554e-02  -2.1527303e-01  -1.7038442e-01  -1.4235003e-02  -5.2873224e-02  -2.7387297e-01  -1.9570928e-01  -2.0911415e-01  -8.3546273e-02  -9.0729175e-02   9.4861825e-02   2.3804267e-01  -1.7989394e-01   1.9771182e-01   3.5876699e-02  -2.8098318e-01  -2.1689238e-02  -5.1177849e-02  -1.7556513e-02  -4.1159819e-02  -1.7058604e-01  -5.7204084e-02  -1.0726635e-01   4.4759026e-01   1.5703358e-02   1.5321966e-01  -1.8265881e-01  -7.7551430e-02  -1.3970868e-01   6.4637914e-01   4.8312257e-01  -3.8921315e-01  -2.7878381e-02  -4.3090231e-01  -1.0697893e-01   8.3590317e-02  -3.5654256e-01  -4.9258755e-02   3.1514475e-01   6.4633789e-02  -2.4914025e-01  -2.6263384e-01   4.1603325e-01
  -4.2103058e-01   5.7121782e-01   2.0898999e-01   3.7338512e-01   0.0000000e+00  -1.9453111e-01   2.6176560e-02  -3.3508636e-01  -7.6798326e-02  -1.6997874e-01   4.3106476e-01   1.8426397e-02   6.3130087e-01  -2.2969767e-01   5.5807332e-02  -3.7675367e-02   5.3729379e-01   3.9687989e-01  -4.1175492e-01   8.6735501e-01   2.9533249e-01   3.2735259e-01   2.1512244e-01  -2.8885901e-01  -8.0240828e-02  -4.0465295e-01   4.0527941e-01  -4.7630606e-01   1.5645418e-02   2.3262365e-01   2.0187086e-02   3.0330357e-01  -2.1404237e-01  -1.5441599e-01   3.2859571e-02   7.8798809e-01   3.2782711e-01  -2.1662564e-01   5.2125537e-02   1.4336497e-01   5.1433374e-01   1.0147561e-01  -2.2169685e-01  -2.0480903e-01   4.9093890e-01  -1.8317573e-01   6.0776958e-01   4.1454208e-01   3.3916129e-01   1.2107301e-01   4.9140876e-01  -3.2455127e-01   1.0322612e-01  -4.0829729e-03  -4.2309205e-01  -2.2092444e-01  -2.0893484e-01   3.4377510e-01   4.4520635e-01   2.3961883e-01   2.5696041e-02   4.7039690e-01   9.2241438e-02  -2.8178146e-01   3.1331311e-01   1.6455574e-01  -1.9820876e-01   4.0991739e-01   2.9919576e-01   7.0517280e-05   9.6532766e-02   5.8721819e-01   2.9558002e-01  -2.4443471e-01  -3.9025343e-02  -2.6930718e-01   6.9576503e-02  -3.3187308e-01   6.2731969e-01   1.4425974e-01  -2.0808147e-01   5.2359575e-02  -3.3783085e-01  -4.8187352e-01   5.7339323e-02  -2.8281947e-01   2.1527168e-01  -3.6309545e-01  -1.3951800e-01  -3.6314533e-01   7.8255318e-01   6.4326515e-02  -4.3862860e-01  -1.0880804e-01  -3.5517994e-01   5.2329990e-01   3.0026084e-01  -2.6885131e-01   3.3022724e-01  -1.0110912e-01  -6.2601506e-02  -2.3731562e-01  -3.6034684e-02   1.7508553e-01   2.9824212e-01   3.4625457e-01  -8.8006871e-02  -1.7770004e-01   4.6965306e-01   1.9797478e-01  -2.9819055e-01   3.2167734e-01   2.2870241e-01  -4.3661866e-01  -2.2321326e-01   1.0158290e-02  -3.2719377e-01   3.7607638e-01  -2.1710016e-02   5.1593639e-01   1.4005199e-01   6.8958303e-01  -3.1295239e-01   1.1488280e-01  -7.9415243e-02  -2.6264559e-01   2.0496193e-01  -1.7006791e-01  -7.3926198e-03   2.9319726e-01   2.7107785e-02  -1.4564490e-02  -9.0235405e-03  -7.1875376e-02  -4.2566769e-02  -4.0703407e-01  -3.4461874e-02  -1.7030472e-01  -2.0857316e-01  -4.8111800e-01  -3.6567120e-01  -1.0749558e-01  -5.1403328e-02  -1.5285176e-01   8.1126612e-02   1.3424012e-01  -2.7598459e-01   4.9873691e-01   1.4752216e-01  -1.6461387e-01  -1.1298286e-01  -2.3930826e-01  -1.0104565e-01   1.4948399e-01   4.1175930e-02  -2.5774091e-01  -8.5617479e-02   6.0927610e-01   4.6113967e-03  -3.2215620e-02   5.2698014e-02   4.3423089e-02   2.5591026e-01   3.7430398e-01   1.8426758e-01  -3.2007386e-01   4.1323848e-02  -4.9259387e-01  -1.8276057e-01   5.2877683e-02   3.8669442e-02   1.5504402e-01   5.1109814e-01   3.1551765e-02  -2.4087523e-01  -7.0439455e-02   1.4056701e-01
  -4.0819451e-02  -1.8097635e-01  -5.3175660e-02   5.7250014e-02  -1.9453111e-01   0.0000000e+00   5.7508574e-01  -1.6796136e-01  -3.8150160e-01   5.0494548e-01   5.2368864e-02   1.5553368e-01  -4.9671113e-02   3.4511990e-02   4.2574303e-02   4.8487865e-01   6.6943757e-02  -1.9498056e-01   2.3481391e-01  -8.1432105e-02  -4.8327878e-02  -6.0258686e-04   1.5051359e-01   6.0029819e-02  -1.9859746e-01  -1.1699469e-01   5.7136886e-01   5.2747238e-01  -1.4076403e-01  -1.2774182e-01  -3.4992327e-01  -4.0097138e-01  -1.1963038e-01   3.9896318e-01   2.3780720e-02   1.4317653e-01  -3.5093533e-01  -6.4763892e-02   2.9080030e-01   6.5915298e-01  -1.3149266e-01  -2.2542682e-01  -2.2357439e-01  -2.0224138e-01  -7.5577407e-02  -2.5189640e-01   1.6872933e-01  -9.1402623e-02  -5.3435382e-01   2.2488325e-01  -1.1038339e-01  -2.2819026e-01  -4.1680472e-01   5.1773874e-02  -2.3418814e-01  -1.8996159e-02   7.4881786e-01  -1.7506767e-01  -9.4202781e-02  -9.6619106e-02  -2.5434010e-01  -2.0161731e-02  -1.7835770e-01  -2.7657709e-01  -2.0216028e-01   4.5851671e-01   5.5689995e-01  -3.2242369e-01   7.1143500e-02   2.0576603e-01  -2.1608635e-01  -1.5192956e-01  -1.9019164e-01   2.2949448e-01  -2.6745435e-02  -3.8212960e-01  -1.6507702e-01   1.1586922e-01  -1.6730547e-01   1.1921164e-02   5.1987245e-01   8.9946414e-02  -6.7468553e-02  -1.0644131e-01   7.0348027e-02  -3.2655270e-01  -2.9289888e-01  -2.3694676e-01  -3.3800643e-01   1.0571080e-01  -3.1296687e-01  -2.6590734e-01   4.2950550e-01  -1.1617786e-01  -1.2828721e-02  -2.9310481e-01  -2.3481262e-02  -4.0371160e-02  -2.8456455e-01  -1.7680914e-02   1.5908251e-01  -1.1256280e-01  -6.1549797e-02  -1.2877853e-01  -1.5909969e-01  -1.1825622e-01  -9.1688832e-02   1.9987561e-02  -3.6962812e-01  -1.0581395e-02   5.2695408e-01   2.1360985e-01  -1.0996164e-01   1.6141625e-01   7.2105103e-01  -4.7907530e-01  -9.5525368e-02   1.1459139e-01   4.4838806e-01  -9.1870761e-03  -2.3518367e-02  -1.2593072e-01  -2.3146639e-01  -3.5520137e-01   2.4063343e-02  -9.7523686e-02   1.0300485e-01   3.7274906e-02  -6.8225220e-02   4.7422718e-01   1.4190675e-01   1.1984765e-01  -1.7167867e-01  -4.5221127e-01  -2.9492987e-01  -2.8373159e-01  -9.8731112e-02   2.4255009e-01  -2.5521648e-01   7.5832398e-02   1.2348938e-01   1.0166726e-01   1.4361639e-01   7.7081790e-01  -1.1010272e-01  -5.1489052e-01   3.6549013e-01  -1.5413961e-01   2.4360819e-01  -4.3830430e-01   9.8028116e-02  -2.1369462e-01  -2.1994132e-01  -1.2380408e-01   3.6270356e-01   7.1139299e-02  -2.2140114e-02  -4.4595824e-02  -3.0857736e-01   2.0628668e-01  -4.4968315e-01  -1.4825717e-01   6.1225094e-02  -2.0865316e-02  -1.6131936e-01   1.4726575e-02   1.5195645e-01   1.2537334e-01  -2.2455501e-01   6.7811065e-02   1.0348820e-01   1.0873946e-01  -3.0271031e-01   6.4081637e-01  -1.4650429e-01  -2.7475491e-01  -2.9324264e-02
  -2.7276860e-01  -1.6883382e-02  -2.4669769e-01   1.9728608e-01   2.6176560e-02   5.7508574e-01   0.0000000e+00  -2.4799360e-01  -2.5756342e-01   4.2597030e-01   2.3665560e-01  -8.1164535e-02   9.8894659e-02  -1.2358066e-01   3.8879452e-01   5.2754922e-01  -1.1434892e-01   4.1754488e-02  -1.6633111e-01   4.5266643e-02   2.5912656e-01   6.2105598e-02   4.6297562e-01  -1.2888321e-01  -1.5113134e-01  -1.2483996e-01   4.9398287e-01   3.2660026e-01  -6.2310327e-02   3.1179813e-01  -1.2421775e-02  -4.5924955e-01  -8.1970113e-02   6.6545464e-01   3.3694719e-01   3.8721984e-01  -1.0041951e-01  -2.6066136e-01   4.4149636e-01   3.1789386e-01   4.6292960e-03  -4.1657257e-01  -2.3308287e-01   2.2124887e-02   3.3946361e-01  -3.4527689e-01   3.1404681e-01   5.7220478e-01  -5.2604032e-01  -2.1335814e-01  -1.4925802e-02  -2.0284034e-01   7.2812169e-02  -3.0760130e-01  -4.7689961e-01   8.9872912e-02   2.1333227e-01  -4.8918292e-02  -3.4025151e-02   4.9896372e-02  -4.0693320e-01   1.6610410e-01  -2.8679387e-01  -1.2540796e-01   9.3492801e-02   6.7027184e-01  -9.3087030e-03  -1.7073187e-01   9.1813858e-02  -8.9500663e-02   3.6805477e-02   3.9798043e-02   1.3728335e-01  -1.8799868e-01  -2.4853761e-01  -4.9053543e-01  -3.1560903e-01   5.0858489e-02   7.9390891e-02  -5.4349319e-02   7.3977760e-01   2.3906815e-01   1.7659269e-01  -2.2992292e-01  -3.6330305e-01  -4.0835828e-01   1.6966391e-01  -4.0206726e-01  -2.9373569e-01  -2.5527226e-01  -2.2048042e-01  -4.0447703e-01   3.2704011e-01  -1.8490037e-01  -3.9864089e-01  -3.5847122e-01  -1.7362371e-02  -3.3825233e-01  -2.2601365e-01   1.5550190e-01  -2.0389763e-02  -1.1685036e-02   2.2026561e-01  -1.5096273e-01   1.0507902e-01  -1.0182654e-01  -4.6605104e-01  -2.0824168e-01  -1.7797168e-01   3.0100277e-01   3.7025948e-01   5.6075871e-01  -8.1128898e-03  -2.3294689e-01   2.9430417e-01  -3.7807668e-01  -2.5616626e-01   1.3744552e-01   4.4704462e-01  -3.2620102e-02  -2.9272576e-01   1.8185777e-02  -2.8729552e-01   1.3848546e-01  -2.5868105e-01  -3.2440605e-01   2.8664949e-01  -1.6120242e-01  -1.5864638e-01   2.2732353e-01   3.8370057e-01   4.5336212e-01  -5.1433375e-01  -2.6270340e-01  -4.6380284e-01  -4.3108337e-01  -2.0342045e-01   4.9115382e-01  -2.4885976e-01  -2.7513678e-01  -2.9606546e-01   5.4148791e-03   9.5347333e-02   4.6729860e-01   1.5968067e-01  -6.0753066e-02   3.1860163e-02   2.8262033e-01   6.3082283e-01  -1.0696349e-01  -4.2353891e-01   9.0509079e-02  -4.5688806e-01   1.9564298e-01   1.7527838e-01  -3.7814695e-01  -4.7226993e-01   5.0280597e-02  -4.5927711e-01   6.2011069e-01  -2.1572501e-01  -5.6345855e-02   1.6648124e-01   2.3467347e-01  -4.8865922e-02   9.7735006e-03   2.7174447e-01  -6.0988043e-02  -4.7850599e-01  -2.6797808e-02   6.5258232e-02  -2.2360323e-01   9.7474321e-02   5.4945953e-01  -2.9218641e-01  -3.8875196e-01  -2.2717327e-01
   5.1214915e-01  -1.9880136e-01   4.7785811e-01  -1.9485167e-01  -3.3508636e-01  -1.6796136e-01  -2.4799360e-01   0.0000000e+00   1.7606002e-01  -2.8912775e-01  -1.1477844e-01   2.3010118e-02  -2.6060823e-01   1.4750030e-02   1.3979861e-01  -3.0689979e-01   1.0413235e-02  -1.4872309e-01   6.1868287e-01  -3.9513559e-01  -2.5538455e-01  -1.3181916e-01  -3.3983893e-01   1.7652098e-01  -1.8646782e-01   7.2478745e-01  -5.5457935e-01   9.7085505e-02  -4.1462340e-01  -3.5258975e-01   1.1321873e-01   4.1246900e-01   4.0615034e-01  -2.6844691e-01  -3.1062198e-01  -4.4881987e-01  -2.3577558e-01  -6.2936925e-02  -3.0606420e-01  -2.9513620e-01  -2.8257102e-01   3.1468057e-01   1.0467749e-01   5.6434485e-01  -6.2248107e-01   7.2830736e-01  -4.9131423e-01  -3.0553276e-01  -1.3776779e-01   1.3541193e-02  -3.3707171e-01   8.8492848e-01  -3.4479649e-01   2.5223561e-01   3.9178793e-01   6.0581402e-01   1.6594526e-01   4.4865367e-02  -3.1102725e-01  -1.8136681e-02   6.1256718e-01  -2.4924454e-01  -3.1285734e-02   4.6318407e-01  -2.0355546e-01  -4.0558019e-01   2.3867461e-01  -1.3992991e-01   9.8500419e-02   5.6410059e-01   4.3526486e-03  -2.5382954e-01  -1.9448228e-01   3.0535131e-01   5.9460513e-02   6.4498630e-01   5.1205688e-01   5.8221084e-01  -3.0638537e-01  -4.0624140e-01   2.6842104e-02  -1.3363796e-01   1.3273817e-01   8.5085103e-01  -9.7203280e-02   6.4416486e-01  -2.8540652e-01   2.4508282e-01   3.7509261e-01   2.7580822e-01  -3.2485188e-01   5.4808237e-01   1.1640441e-01   9.0338270e-02   2.4276852e-01   9.3097033e-02  -1.8567927e-01   7.2904341e-01  -2.3584395e-01  -8.1640392e-02  -1.4454893e-01   7.4265801e-01   6.1236817e-02   1.0992260e-02   8.5894793e-02   2.1567780e-01   2.2841051e-01   7.8264862e-01  -2.7154499e-01  -4.2840426e-01   1.6234878e-01  -3.6813966e-01   3.6137806e-02   3.7669868e-01   1.2740869e-02   2.0355172e-01   8.2785418e-01  -2.6366011e-01  -2.6181774e-01  -8.5580661e-02   9.0926427e-02  -4.6353262e-01   2.0723241e-01  -2.4204265e-01   3.5531548e-01   5.4697290e-01  -3.6485777e-01   1.1357522e-01   3.0678687e-01   2.5094636e-02  -1.2221732e-01  -1.8948484e-01   3.0676354e-01  -7.1350250e-02   2.5883848e-01   8.3513226e-01  -1.2390117e-01  -7.6047086e-02   7.8320430e-01   4.7379534e-01   4.0580970e-01   1.4371268e-01   5.2649515e-01  -6.0624517e-02   1.9051420e-02   1.6707209e-01   3.2354253e-01  -4.9833518e-01  -4.3364999e-01   1.1041188e-01   3.9342528e-01   4.4115622e-01   4.0298796e-01  -1.4469335e-01   1.2451684e-02   4.5997808e-01   5.2677929e-01  -3.0852069e-01   5.8429555e-01   4.2327198e-03   6.6983238e-02   5.5761680e-01  -5.8267650e-01  -1.1085718e-01   4.2381412e-01   2.6720320e-01  -4.4499210e-02   2.9547833e-01   1.4851379e-01   1.0620557e-01   1.9635802e-01  -5.5242370e-02  -3.3679181e-01  -2.3167537e-01   5.3577535e-01   1.0980855e-01   3.0845212e-01
   2.8036526e-01   2.9139274e-01  -2.1545353e-02  -1.5749378e-01  -7.6798326e-02  -3.8150160e-01  -2.5756342e-01   1.7606002e-01   0.0000000e+00  -5.8298938e-02  -2.9412308e-01   1.4135858e-01  -1.1892385e-01  -3.5196973e-02  -2.3950945e-01  -3.9375737e-01  -7.3652218e-02   1.1385161e-02  -2.2041340e-01  -1.5591406e-02  -2.4379337e-01   1.6192465e-01  -6.9066717e-03  -3.2265869e-02   5.1876063e-02   1.7949144e-01  -4.6555870e-01  -2.7989297e-02   7.6881790e-02   7.1992579e-02  -2.6818954e-02   1.5820113e-01   3.4313149e-01  -6.0159192e-02   1.5145822e-01  -3.8445273e-01   4.0337074e-01  -6.2049180e-03  -3.7915275e-01  -2.8218602e-01  -5.4109839e-02   3.6390200e-01   7.1868041e-01  -5.1342577e-02  -7.3185783e-02   2.8153716e-01  -4.4535803e-01  -1.1672130e-01   1.6234784e-01  -1.7699323e-01  -1.5780606e-01   2.9521271e-01   5.9755782e-02   8.2345558e-02  -6.4324888e-03   3.8218787e-02  -2.5106939e-01  -1.9804833e-02  -9.3464578e-02   2.0573976e-01   7.0718281e-02   1.0975884e-01   4.8819151e-01   3.3622012e-01   2.8982137e-01  -2.1612733e-01  -2.8272372e-01   1.2987616e-02  -2.9560130e-01   1.1203981e-01   1.4586360e-01  -1.7306541e-01  -5.9820444e-02  -1.8343735e-01   3.5488716e-01   2.9550891e-01  -2.9198452e-02  -5.2049537e-02   2.4682139e-01  -2.0904820e-01  -1.3559092e-01  -2.6658003e-01   4.4155915e-02   4.9573105e-02  -2.0198922e-01   2.0950289e-01   2.3131458e-01   1.9755884e-01   6.6660361e-01   1.9700449e-01   1.0248191e-01  -2.4011727e-02  -5.5629524e-02   6.7214662e-01   1.2449345e-01   1.4104588e-01   1.8414280e-01  -8.4698718e-02  -4.0806217e-02   2.1243662e-01  -2.2452872e-01   1.3528150e-01  -9.2703743e-02   3.3087912e-01  -2.1840225e-01   7.2645878e-03  -1.3091503e-01  -5.6013657e-02   1.4998204e-01  -6.2142007e-02   7.7469147e-02  -2.9944552e-01  -1.3776036e-01   1.4979300e-01  -2.0163530e-01   3.9383428e-01   1.2232315e-01  -1.1107644e-01  -4.6181186e-02  -2.5749870e-01  -2.3119282e-01  -1.3045651e-01   4.6979693e-01   8.7156994e-02   6.1957956e-02   2.5461839e-02  -9.2898298e-03   2.9486554e-01   1.2289095e-01  -6.0172384e-02  -1.5582250e-01  -9.8792005e-02   1.2179344e-01  -4.4900364e-02   4.4969758e-01   3.4453039e-01   7.7662400e-02  -2.7607569e-01   3.2260212e-01   1.9275591e-01   1.1093461e-01   1.5930908e-01  -2.2303561e-01  -3.1691950e-03   9.3784997e-02   1.8589814e-01  -1.6154541e-02  -3.6601705e-01  -1.9492356e-01   2.9578917e-01   1.1849554e-02  -1.1601819e-02  -8.4495278e-02   2.5321733e-01   2.8979622e-01   4.8143608e-02   1.3619089e-01  -1.4453530e-01  -8.2579229e-03  -1.6730272e-01   2.6173707e-01  -1.3056351e-01  -8.9707353e-02  -2.9287479e-01  -7.8727947e-02   5.2659647e-01   1.1331223e-01   1.8454918e-01  -1.4215592e-02   1.9623559e-01   3.0105142e-01  -5.8208396e-02  -1.4999305e-01   4.1690011e-02   2.3154461e-01  -9.1751103e-02  -5.4159194e-02
   1.1637354e-01   2.8868002e-02  -3.3563262e-02  -2.9853222e-01  -1.6997874e-01   5.0494548e-01   4.2597030e-01  -2.8912775e-01  -5.8298938e-02   0.0000000e+00  -2.3801352e-01   8.1555458e-02  -7.6422917e-02  -1.3324502e-02  -2.2021202e-02   2.4504562e-01   7.5274294e-02   1.0541025e-01  -2.1461404e-01  -8.7085865e-02   8.4408998e-02  -2.5693814e-01   2.7631544e-01  -4.6099430e-02   5.1263059e-02  -2.2862484e-01   3.2790243e-01   3.0902926e-01  -4.5702687e-02  -1.7527347e-01  -1.2810818e-01  -4.5055680e-01  -1.3556526e-01   4.8596454e-01  -9.6424296e-02  -1.5761293e-02   4.3846934e-02   1.8252991e-01   1.4236974e-01   5.1520589e-01  -2.7584793e-02  -3.1823224e-01  -7.0299236e-02  -2.0012737e-01   2.6225857e-02  -3.7296391e-02  -1.6373005e-01   3.6017686e-02  -2.9189089e-01   1.7863193e-01   2.3745035e-02  -2.4655212e-01   4.8776205e-02  -2.2159617e-01  -2.0065399e-01  -2.5873898e-01   2.1630559e-01  -3.9379550e-01  -2.4793320e-01  -1.0860332e-01  -1.6270597e-01   1.4406780e-01   5.4133012e-02  -2.3003416e-01  -2.7910328e-01   7.5014446e-01   1.5832749e-01  -1.3169016e-01  -3.5299394e-01   1.7867439e-01   2.3737990e-01  -2.4471783e-01  -1.3152129e-03  -2.9784393e-02  -6.6386785e-02  -2.3959539e-01  -5.3879733e-02  -2.3307062e-01  -1.9326699e-01  -1.1977484e-01   4.2921122e-01   1.4863407e-01   3.9452473e-02  -2.0589205e-01   1.9274445e-01  -2.0476896e-01  -1.7713987e-01  -1.9890416e-01  -2.4871008e-01   9.2665375e-02  -1.1812211e-01  -1.9556765e-01   4.8980899e-01  -9.7300714e-02   1.0216329e-01  -1.7081679e-01   3.0036132e-02  -2.5780858e-01  -5.5614320e-02   3.6623843e-01   3.8342253e-01  -2.6313934e-01  -1.7371668e-01  -1.5751532e-01  -2.1266283e-01  -4.7836077e-01  -2.6259162e-01  -3.0490689e-01  -4.4470369e-02   2.1353141e-01   2.8974791e-01  -6.4349177e-02  -1.5270523e-01   1.5730066e-01   4.1084575e-01  -3.2950592e-01  -2.7322349e-01   1.4560949e-01   5.6988882e-01  -1.1949289e-01  -5.1450097e-02  -2.3098899e-01  -2.6024736e-01  -1.1874588e-01   9.6761084e-02  -1.3612316e-01   1.7737431e-02  -2.2318234e-01  -3.6030400e-01   5.0190494e-01   1.6835968e-01  -6.9075360e-02  -3.5930824e-02  -9.0800394e-02  -2.7616929e-01  -2.3817350e-01  -1.0126252e-01   3.0246655e-01  -2.2051755e-01   9.7573498e-02   5.7419987e-02   5.2038518e-03  -1.5941778e-01   6.1740940e-01   2.8428769e-02  -3.6353704e-01   4.2763742e-01  -1.7072164e-02   2.0330148e-01   3.6858533e-02  -1.8816632e-02  -9.6128457e-02  -2.6610416e-01  -1.1250876e-01   4.3481523e-01  -1.4327428e-01  -6.7548428e-02  -1.3562768e-01  -2.3439233e-01   6.8290986e-02  -1.0224225e-01  -3.2685651e-01   5.1533237e-01  -3.0916766e-01  -4.2250925e-01  -8.2477070e-03   1.9452157e-02   1.7148556e-01  -9.1548644e-02   2.4735058e-02   1.7758051e-01   5.4749392e-02  -1.7770122e-01   4.1824000e-01  -2.7827746e-01  -8.7602640e-02  -3.7264097e-01
  -5.8756273e-01   4.8271565e-02  -5.8187733e-02   3.9158486e-01   4.3106476e-01   5.2368864e-02   2.3665560e-01  -1.1477844e-01  -2.9412308e-01  -2.3801352e-01   0.0000000e+00  -2.6991622e-01   3.2546311e-01  -2.5463397e-01   4.6950205e-01   8.0741433e-02  -2.7093602e-02   3.6413985e-01  -7.2789314e-03   4.4488305e-01   3.4762070e-01   3.3279010e-01   4.2820469e-01  -3.7093312e-01  -1.9330329e-01  -2.0733300e-01   3.2754885e-01  -1.3521985e-01   1.5891705e-01   3.9810853e-01   4.6894176e-01   1.4972487e-01  -1.6405959e-01   2.0762842e-01  -2.3891435e-02   6.6420834e-01   8.0684302e-02  -3.1435791e-01   1.2003316e-01  -1.1067338e-01   1.3171297e-01  -1.1061167e-01  -2.9758754e-01   3.3397936e-01   4.7254915e-01  -3.0220440e-01   7.3777916e-01   1.7131409e-01   4.7396546e-03  -9.9472685e-03   5.4893121e-01  -1.1808630e-01   2.0313115e-01  -1.9193205e-01  -3.8550302e-01   2.8224782e-01   3.5224546e-02   2.1089979e-01   4.9241854e-01  -6.4980614e-02  -8.5467074e-02   1.0615797e-01  -2.5007447e-01   3.0472891e-01   2.5624860e-01   1.0447464e-01   7.0028555e-02   2.2821222e-02   7.1722069e-01  -1.7957626e-01  -2.4291344e-01   4.0440695e-01   1.5010754e-01  -3.6860842e-01  -7.2446045e-02  -1.6381826e-01  -3.6140677e-02   1.3213646e-01   2.8131093e-01  -1.5720804e-02   6.2665514e-02   8.7240211e-02   1.2996982e-01  -2.5799840e-01  -3.5966680e-01  -4.1266618e-02   1.2244798e-01  -3.3967395e-01  -3.6115083e-01  -5.3915826e-01   2.5004148e-01   3.0519802e-03  -1.0616255e-01  -1.2975911e-01  -5.4277122e-01  -2.1614575e-01  -1.1084460e-01   4.0281718e-02  -9.0779271e-02  -1.7322303e-01   2.2619975e-02   3.3526506e-01   3.2339021e-01   2.7734964e-02   4.8307210e-01   3.0515584e-01  -2.8239730e-01   2.2271023e-01   1.8022902e-01   2.3200529e-01   9.8670515e-02   4.2923318e-01   3.6516417e-02  -5.6726792e-01  -5.9396332e-02  -5.8771030e-02  -1.0564029e-01   8.6845060e-02  -1.2219753e-01   2.3703757e-01  -1.5162533e-01   3.0653527e-01  -4.1502847e-01   3.0106027e-01  -3.8307693e-01  -4.5056415e-01   3.9986353e-01  -1.1898794e-01   2.2866091e-01  -8.9201093e-02   1.3730150e-01   6.4415169e-01  -4.1059437e-01   2.6453140e-01  -2.4327084e-01  -1.5181012e-01  -9.3140736e-02   1.1336629e-01   1.8137461e-03  -5.5595008e-01  -4.6398900e-01   1.7022158e-01   4.9556544e-01  -2.2530373e-01   3.7257183e-01   4.4051452e-01  -2.3075665e-01   4.1986311e-01   3.5763100e-01  -2.0657465e-01  -2.7946389e-01   4.7391438e-02  -1.3655246e-01   4.1770497e-01  -3.3330314e-01  -4.3176393e-01  -3.1318015e-01   4.9945989e-01  -1.0983451e-01   2.9565038e-01  -2.6137071e-01   4.9727524e-01   1.9765700e-01   8.0925215e-01   2.4168360e-01  -1.8865470e-01   5.0625504e-01  -4.1293148e-01  -3.3687739e-01   2.4741670e-01  -9.9617084e-02  -2.2992219e-01   4.7712987e-01  -6.4181084e-02  -3.4591872e-01  -2.7125692e-01   4.3696411e-02
   3.6656444e-01   3.3153131e-01   4.7028528e-01   1.0173412e-01   1.8426397e-02   1.5553368e-01  -8.1164535e-02   2.3010118e-02   1.4135858e-01   8.1555458e-02  -2.6991622e-01   0.0000000e+00  -1.0338601e-01  -1.8954488e-02  -6.1582433e-02  -4.3178698e-01   4.4780888e-01   1.1521269e-01   3.5317293e-02   1.4137506e-01  -3.5349604e-01   1.7801540e-01  -1.0595897e-01  -6.9728869e-02   7.9833099e-02  -5.1333251e-02  -1.3486895e-01   8.5770998e-02   8.2239173e-04  -5.2385889e-02  -1.9275359e-01   1.1697107e-01  -2.5017980e-01   6.2891908e-02   2.2620752e-01  -2.2462966e-01   9.9272472e-02  -1.9824844e-01  -5.4546722e-01   3.2345857e-02  -3.2075523e-02   1.1238210e-02   4.8554833e-01  -4.3898335e-01  -1.8686302e-02   2.7536037e-01  -2.6322822e-01  -1.5690387e-01   7.0997798e-03   3.7145795e-02  -8.2523442e-02   1.0861625e-01  -3.6868613e-01   5.1452200e-01   1.8386275e-01  -1.4925704e-01   2.7112139e-01   2.6141563e-01   7.0897578e-02   5.5523592e-01   3.4118524e-01   4.2546994e-02   6.4016671e-01  -1.3062783e-01  -6.6905907e-03  -1.0008524e-01   3.4458210e-01   3.0989898e-01  -2.6548820e-01   4.0543021e-01  -1.5743699e-01   2.2628226e-01  -1.3476521e-01   6.1047047e-01   4.4580637e-02   4.7286614e-02   1.5056196e-01  -2.4379353e-01   6.2487131e-02   3.2641115e-02  -9.5251399e-02  -4.2868886e-01  -3.3569553e-01  -7.5295296e-03   5.7654901e-01  -1.5730285e-02  -1.8005880e-01   3.7712509e-02   2.8183213e-01   1.6203921e-01   1.0906808e-01   1.6383381e-01   2.3050759e-01   3.2503583e-01   2.8842999e-01   2.4239413e-01   1.7599731e-01   1.1207632e-01   1.8298910e-02   3.5231041e-01  -1.6108751e-01  -1.6222137e-02  -2.2717551e-01   4.5183804e-01  -7.8366078e-02   6.0357045e-02   5.4735845e-01   1.5696715e-02  -1.3560427e-01   7.4405969e-03   4.0890289e-01  -9.1252133e-02   4.1120318e-01   2.9223481e-01   3.5533186e-01   1.5389587e-01   1.1273635e-01   5.9601459e-02  -2.2462045e-01   3.3182272e-01   4.1866533e-01   1.1937472e-01   3.4072582e-01  -4.0798964e-01   5.4035652e-01   3.3301976e-01   2.2420562e-01  -1.1952997e-01   1.8178647e-01   2.9510843e-01  -5.8687294e-01  -2.1903098e-01   6.3900329e-01  -2.7394911e-01   5.8414592e-01   5.3999828e-02   1.0346825e-01  -4.2240477e-01   1.6641443e-01   2.4809685e-01   3.8716611e-01  -3.3057400e-01  -2.9593106e-01   3.0861254e-01   1.9474671e-01  -2.0735851e-01   4.5079790e-01  -3.5559529e-01  -1.7701841e-01  -2.2528585e-01   7.1403557e-01  -3.7683426e-01   4.1636769e-01  -2.3084754e-01   2.4763378e-01   4.1225318e-01   4.8885902e-01   2.6584366e-01   2.7837556e-01  -2.4095160e-01   2.7850993e-01  -2.7846468e-01  -1.2184282e-01  -2.7137689e-01   9.5051159e-02   3.6333838e-01  -1.6646126e-01  -8.6680065e-02   4.0202484e-01   5.2555739e-01   3.2104628e-01   2.9378515e-01  -8.9727019e-02   1.6863176e-01   1.5110548e-01   3.2766677e-01   3.9258086e-01
  -3.3873832e-01   1.5215417e-01  -5.2301609e-03   1.8142097e-01   6.3130087e-01  -4.9671113e-02   9.8894659e-02  -2.6060823e-01  -1.1892385e-01  -7.6422917e-02   3.2546311e-01  -1.0338601e-01   0.0000000e+00  -2.3351648e-01   1.2770885e-01   2.0695280e-01   1.4257381e-01   2.4054687e-01  -1.6696968e-01   5.9590457e-01   2.5460121e-01   1.5010159e-02   2.6453689e-01  -4.3214958e-01   1.8926866e-01  -3.3234504e-01   3.4738571e-01  -2.8503701e-01   1.5592510e-01   1.1981747e-01   6.3575696e-02   7.7528188e-02  -4.7732623e-02   1.0770351e-01   8.8523045e-02   5.8586502e-01   3.5258814e-01  -1.6061748e-01   2.3368501e-01   1.0853916e-01   7.0737344e-01   1.3522104e-01  -1.5487252e-01  -4.9549577e-02   5.4232929e-01  -1.3218323e-01   5.1673017e-01   1.1319072e-01   3.8958757e-01   1.8994332e-01   5.2854830e-01  -3.2570466e-01   1.6246038e-01  -2.8951556e-02  -2.2732088e-01  -2.3353682e-01  -1.9882273e-02  -3.5732300e-02   4.0138458e-01   1.0438121e-01   6.9287655e-02   3.4648630e-01   1.3383080e-01  -1.0630056e-01   7.3600385e-03   2.2779736e-01   7.8724511e-03   3.8893449e-01   3.2561071e-01  -1.1436357e-01  -6.6015360e-02   4.1861149e-01   3.6936245e-01  -2.2655604e-01   9.6673055e-02  -1.0755174e-01   5.3979194e-02  -2.4772894e-01   6.0555135e-01   2.7635336e-01  -1.6824213e-01   3.0113914e-01  -6.8910376e-02  -2.9331969e-01   2.9544093e-02  -1.7296962e-01  -1.2266126e-02  -3.2243790e-01  -1.5076226e-01  -2.9353264e-01   5.7930943e-01   4.3164258e-02  -9.5621640e-02  -7.5523311e-03  -2.9659993e-01   3.4100630e-01   3.4040278e-01  -1.2636328e-01   4.4639842e-01  -3.2061962e-02  -9.8389817e-02  -1.3103852e-01  -2.4989980e-02   1.0279646e-01   1.5446255e-01  -4.9097273e-03  -6.6087962e-02  -8.2322872e-02   3.5867174e-01   3.2571731e-01  -1.9817607e-01   1.9677921e-01   2.1379779e-01  -3.8661218e-01  -2.1443186e-01   1.5295235e-01  -7.5367094e-02   6.2809040e-01   6.4114264e-02   3.4805709e-01  -4.3102661e-03   6.3183365e-01  -3.2451528e-01   1.0405432e-01  -3.0675391e-01  -2.9724329e-01   2.6718665e-01   9.6740619e-03  -2.6710480e-03   1.7789822e-01   3.1240813e-01   2.1905382e-01  -5.2291956e-02   1.6002929e-01  -4.7700034e-02  -2.3686274e-01   6.9632536e-02  -7.1741306e-02  -2.4311764e-01  -4.1449485e-01  -4.9319034e-01   8.1551141e-02  -7.5217414e-03  -1.1916462e-01   4.4964904e-02   3.1187363e-02  -3.4673486e-01   4.7003708e-01   1.9131928e-01  -2.1125321e-01  -1.7065985e-01  -1.7268003e-01  -7.7586052e-02   1.9668456e-01  -5.7248724e-02  -3.4377900e-01  -1.5718364e-01   5.5273388e-01   2.1624155e-02  -6.7766900e-02   3.1552220e-02   1.7456060e-01   2.3476701e-01   3.8162652e-01   2.9923652e-02  -8.2969452e-02   1.3501293e-01  -1.9541487e-01  -1.3258069e-01  -2.6179699e-02   2.4290560e-01  -6.2173576e-03   5.7002816e-01   1.6145423e-01  -1.1766189e-01  -1.9777440e-02  -1.0529180e-01
   2.3057790e-01  -6.2205115e-02  -6.7241388e-02  -4.7974737e-02  -2.2969767e-01   3.4511990e-02  -1.2358066e-01   1.4750030e-02  -3.5196973e-02  -1.3324502e-02  -2.5463397e-01  -1.8954488e-02  -2.3351648e-01   0.0000000e+00   1.6562086e-02  -1.8108563e-01  -1.9152010e-01  -1.8929755e-01   2.2752896e-01  -1.5847611e-01  -3.8494951e-01  -1.0355797e-02  -4.4840539e-01   3.0586235e-01   8.3367431e-02   2.1144211e-01  -1.5161248e-01   1.5730015e-01   1.4264389e-01  -1.4749226e-02  -1.3815353e-01  -9.4438283e-02  -1.3205636e-01  -1.1172316e-01   1.6184502e-01  -2.5556428e-01  -2.8966886e-02   1.0278586e-02  -1.8538925e-01  -1.8581412e-01  -1.2368072e-01  -1.9905369e-01  -1.0825254e-01  -1.0838040e-01  -2.7596981e-01  -8.0462783e-03  -1.3959967e-01  -1.5613189e-01  -1.6685037e-02  -6.2847780e-02  -1.9484745e-01  -1.1708330e-01  -1.5043154e-01   4.0851711e-02   4.1816859e-01  -9.8749389e-02   1.3177640e-01  -8.9895769e-02   2.0320355e-02  -3.2709377e-02  -1.3148011e-01  -2.7876467e-01  -2.6546716e-01  -2.0792591e-01  -1.6409893e-01  -3.8155307e-01   1.5895064e-01  -2.4121975e-01   4.1040453e-02  -2.0998819e-02  -2.2944894e-01  -2.8985333e-01  -3.7599025e-01   4.5669919e-01   2.1997367e-03   8.5490904e-02  -1.8152011e-01   2.6786256e-01  -4.4966059e-02  -5.1962439e-02  -1.2016882e-01  -3.5704011e-01  -3.9745680e-03   1.5345858e-01   2.6875829e-01   5.4639982e-02  -1.2054638e-01   5.6428405e-01  -3.0754027e-02   3.8188918e-01  -1.6267363e-01  -7.7569944e-02   7.6244484e-03  -5.1490012e-02  -1.9556089e-02  -5.9591914e-02  -1.6671921e-01   3.0740359e-02  -9.8002703e-02  -2.6839292e-01   1.9370352e-01  -1.2709908e-01   3.3011505e-01   1.2309039e-02  -3.0985294e-01   6.0616079e-02   8.1607042e-02  -6.1113133e-02  -2.5031343e-01  -1.1680173e-01  -1.5911927e-01  -3.4603218e-02  -1.9329672e-01   3.0056567e-01   3.1118686e-01  -6.9882284e-02  -1.3327577e-02  -3.0141211e-01   1.0050468e-01  -1.2520881e-01  -7.7903898e-02  -2.8675217e-01   1.3736179e-01  -2.6039142e-01   2.4059889e-02   5.5114155e-01  -2.0719334e-01   7.9487858e-02   1.2665728e-02  -2.4537928e-01  -2.8443697e-01  -2.8777000e-01   3.9571905e-02  -6.5740187e-02  -1.3937871e-01   9.9589351e-02  -2.6855054e-01   2.5912609e-02  -1.1836175e-02   1.3150190e-01   2.5025954e-01   1.5022472e-01  -5.8941912e-02   4.0088003e-02  -1.2590137e-01  -2.2214121e-01   1.9599127e-01  -3.9514322e-01  -3.8422713e-01  -1.9307971e-01   3.2160877e-01   1.1285192e-01  -5.3238878e-02  -9.3186511e-02  -5.1502397e-02   2.2430648e-01  -4.6583842e-02  -2.7709068e-01  -1.1087315e-01  -3.6681965e-01  -1.5602805e-01  -2.3934149e-01  -2.0843968e-01  -1.8695254e-01  -1.8338480e-01   4.8457247e-02  -2.2994806e-02   4.4583311e-01   1.8188757e-01  -1.3863204e-01  -9.6778386e-02  -2.4710708e-01  -3.8316998e-01   8.2486245e-02   4.7067505e-02  -1.0074302e-01   8.7677137e-03
