   0.0000000e+00  -1.0022458e-01   5.9774921e-02  -6.4644970e-03  -1.1498050e-01   1.8347103e-01  -2.5786868e-01   5.1916396e-02   3.5456045e-01   3.5993114e-02  -1.6296964e-01  -6.6963242e-02  -1.6024389e-01  -1.9866725e-01  -1.9458006e-02  -2.6311367e-01  -5.7600208e-02   1.7830787e-01   2.3023629e-01  -2.6697167e-01  -5.2682774e-02   1.0944609e-01  -1.9961719e-01   6.2883689e-01   2.7832226e-01   1.1278179e-01  -1.6684493e-01   2.2904377e-01  -1.8037578e-01   5.8526753e-02  -1.7480288e-01   1.9886940e-01  -1.4578364e-01  -2.4509528e-01  -8.8428459e-02  -2.2986565e-01  -2.9225684e-02  -6.0086069e-02  -3.4413761e-01  -7.7086162e-02  -3.2811434e-01  -3.3097746e-01   1.7734978e-01   4.7438015e-02  -1.8157027e-01   7.1028652e-02  -8.7390338e-02  -2.7572177e-01  -2.1696910e-01  -9.4100998e-02  -1.2086029e-01   1.5072738e-01  -1.6139611e-01  -8.2297087e-02  -8.3094482e-02   2.9186043e-01   2.8306497e-01   1.4608188e-01   1.7645358e-01   2.2880783e-01  -1.6965060e-01  -3.2586732e-01   6.3485710e-02  -1.2713889e-01  -1.0586665e-01   3.7065979e-02   1.2818010e-02   1.5334356e-01   6.1281144e-02   1.9425759e-01  -2.4505587e-01   4.7966606e-02  -3.6909837e-02   3.4836293e-01   1.5520552e-01   9.2628126e-02  -1.6674317e-02  -6.9750138e-02   2.2497957e-02  -1.6686809e-01   1.0839482e-01  -2.4815505e-01  -1.5121331e-01   3.2163374e-01  -5.2540366e-02   2.0239343e-01  -1.1313866e-01   4.7955682e-02   5.0753687e-01   7.1736227e-01   2.4479941e-01  -1.2349993e-01  -5.7111005e-02   1.1648372e-01  -1.7788132e-01  -8.9150861e-02  -3.2107955e-01   1.8375406e-01   2.9121375e-01  -2.2592431e-01  -8.0838447e-02   2.4586204e-02   1.0714219e-01   1.3093650e-01   1.9476713e-01   3.7451430e-02  -1.0192850e-01   2.8526988e-01  -3.9104468e-01   1.2785729e-01  -1.8726230e-01   2.4931722e-01  -5.7562656e-02   7.5644845e-01   8.8753828e-02  -1.6134190e-01   4.5283175e-02   9.9604115e-02   3.4180611e-01   2.3610293e-01   3.2778753e-01   1.9290885e-01   2.9248780e-01  -8.7591979e-02   2.8115167e-01   5.0109661e-02  -2.6262777e-02   1.5363561e-01   6.6511742e-02  -1.5557374e-01  -3.1488785e-01  -4.1481530e-01   2.7790183e-01  -1.7963391e-01   2.1184959e-01   1.7002887e-01  -1.7330764e-01   8.1658453e-02   2.3962006e-01   6.4693140e-01   7.6180327e-01   2.3109883e-02   6.4629550e-02   7.7425090e-02   6.1898965e-02  -1.4129890e-01  -2.6620301e-01   1.4267285e-01   6.6772735e-02  -1.9209285e-01   5.6831716e-01   1.3473559e-01   5.1946872e-01  -1.3162518e-01  -6.6228477e-03   3.7640887e-01   2.5826119e-01   1.4377201e-02  -2.6135867e-01   2.3024443e-01   4.6622111e-02   4.8831592e-02  -3.4761578e-02  -7.6656695e-02   1.7134644e-01  -4.2126144e-02  -6.7000607e-02   3.8294682e-01   3.9997815e-01  -3.6748308e-01   1.7312466e-01  -8.1246828e-02   3.6070407e-02   3.1113276e-01   2.8441115e-01  -1.2517508e-01   1.7780265e-01
  -1.0022458e-01   0.0000000e+00   1.7500002e-01  -1.2791335e-01   4.1994734e-01  -1.3323175e-01   4.2890625e-01   3.4051270e-01   2.4152290e-01   8.6300937e-03  -1.5840991e-01   6.3714971e-01  -5.6813862e-02  -2.5633994e-01   5.8804787e-02  -3.3391978e-01   1.6329313e-01   1.6841782e-01   2.9313707e-01   2.0798437e-01   1.3263389e-01   1.4276007e-01   1.2444414e-01  -6.2437770e-02   1.0943558e-01   1.0515659e-01  -3.0602980e-02  -1.5141602e-01   3.4693136e-01  -1.2188658e-01   2.0760623e-01   8.0692249e-02  -4.0602931e-01   3.5468472e-01   5.5118482e-01   1.2640282e-01   3.2591114e-01   1.5173065e-01  -1.8817175e-01   1.2478230e-01   7.0687174e-02  -3.1243925e-01   2.4377330e-01   2.7476255e-02   9.0253732e-02  -7.9921708e-02  -2.4512887e-01   3.1407636e-01   4.6424854e-01   3.8020101e-01  -5.4109224e-02   2.7222330e-01   4.8412465e-01   3.1368132e-02  -4.5031836e-01  -1.1274058e-01   1.3107723e-01   9.7786605e-03   1.7860587e-01   2.8252425e-01  -4.4215353e-03   1.5623608e-02   4.0041271e-01   2.3003380e-01   2.8131046e-01   4.1742914e-02  -7.7685774e-02   3.3634469e-02  -1.6493779e-01   9.0275859e-02   5.3271181e-01  -1.1662994e-01   2.5000060e-01   1.3581997e-01  -1.0083411e-01   3.3498916e-01   4.8224084e-02   2.7968135e-02   4.2341563e-01   2.4714944e-01   3.7781147e-02  -2.2487132e-01   2.8410245e-01   1.6227033e-01   4.8948232e-01   3.5875063e-01   3.3952448e-01   2.6554430e-01   6.7585093e-02  -2.8451305e-01   4.9701740e-01   8.0163559e-02   3.3983286e-01   2.2561865e-01   1.8421129e-02   1.9918876e-01  -2.8229549e-01   2.5790212e-01   2.1343371e-01  -2.8814574e-02   1.3854879e-01   2.5508106e-01   2.3110565e-01   3.5690545e-01  -1.4195424e-01   1.8056485e-01  -1.6850541e-01   1.3394776e-01   5.0526632e-01   3.2049767e-01   1.6997719e-01  -2.2501264e-01  -5.2322861e-01  -1.2775947e-01   2.3275464e-01   6.1826083e-01   4.8681604e-02   3.9048142e-01  -1.2138369e-01  -3.8362980e-01  -2.5055350e-01   3.7963750e-01   2.2637150e-01   1.4799160e-01  -2.5155966e-01   4.5021259e-01  -2.2811553e-01  -2.5384132e-01   3.0262164e-02  -1.8449311e-02  -1.7230041e-01   3.5945478e-01   2.6951347e-01   3.5000863e-01  -1.9516727e-01   3.6608901e-01  -6.4340903e-02  -9.8356446e-02   3.2294640e-01  -3.1200339e-01  -1.1645048e-01  -6.1185748e-02   1.1620116e-01   2.6422703e-02  -3.8209994e-02   8.8487144e-02   4.8265409e-01  -5.2689442e-02  -1.9061960e-01  -2.0573625e-01  -1.4392979e-01   1.9019121e-01  -7.7415343e-02   4.2145633e-01   3.3294370e-01  -2.3953965e-01  -1.7746519e-01   6.0705780e-02   1.5146325e-01  -6.1559269e-02  -1.6314407e-01   1.5190567e-02   4.8084690e-01  -4.1323737e-02  -5.1532373e-02   5.4459980e-01   1.6197808e-01  -5.2892901e-02  -2.9712524e-01   4.7577110e-01   3.7658863e-01  -2.5682429e-01   8.9262776e-02  -2.3284155e-01  -1.4598204e-01  -2.4555485e-01   4.0260047e-02
   5.9774921e-02   1.7500002e-01   0.0000000e+00   1.3232065e-01   4.8140137e-01   4.7681977e-01   2.2346428e-01  -2.7017754e-01   1.1728572e-02   5.8665755e-01   3.5226169e-01   3.8817274e-01   3.2866388e-01  -3.3190593e-01  -1.3492812e-01   1.1189858e-01   8.1744645e-01   1.0386717e-01  -2.0557556e-01   4.6286769e-01   8.0468320e-02   1.1349188e-01   3.6207946e-01  -2.6158037e-01   1.7127932e-01  -3.7352306e-01   5.4986819e-01   8.9251180e-02   5.5911879e-02   4.2844897e-01  -3.5999020e-01   1.9912682e-01  -1.2948336e-01   2.6436190e-01   2.8904517e-01   5.0744642e-01  -1.7825268e-01   3.9942170e-01   7.7296164e-02   6.6773835e-01   3.8605590e-01  -3.0561476e-01  -3.1891576e-01  -2.2594898e-01   1.7437510e-01   6.0843071e-01   4.0440629e-01  -4.1374277e-01  -1.9636666e-01   4.5196400e-01   4.6878394e-01  -3.3654700e-01  -4.2041538e-01  -4.5307068e-01  -3.7014850e-01   8.0796835e-02  -2.1987841e-01   5.0239442e-02   6.0524834e-01   3.1668287e-01   6.6359742e-01   4.2957793e-01   1.6142330e-01  -3.3555190e-01  -4.3014513e-01   5.5553310e-01   5.0486360e-01   4.7956023e-01   2.1401687e-01   7.0065966e-01  -2.5895094e-01   5.1761627e-01   6.3366010e-01  -1.9238714e-01  -3.2478270e-01  -1.1284930e-01   5.9575055e-01  -2.6431280e-01   3.8173598e-01  -1.1812808e-01  -3.4731598e-02   1.3829934e-01  -4.2552198e-01  -2.4757754e-01   2.1778209e-01  -1.1770162e-01  -3.9558339e-01  -2.0660193e-02   1.4992260e-01  -1.1962086e-01   4.2254138e-01   5.0276555e-01   4.7305248e-01   8.2015088e-02   5.6850139e-01   6.0525800e-01   3.2736382e-01  -3.3820284e-01   6.0505552e-01   8.5423692e-02  -2.8218204e-01   1.3509822e-01  -3.0647805e-02  -3.2617590e-01   2.4159271e-01  -1.0898092e-01  -2.6381512e-01  -1.1602633e-01   1.9505735e-01   5.7596877e-01   8.6562926e-02   3.8163387e-01  -9.1546784e-02   1.2706814e-01   2.1329085e-03  -1.7630140e-01  -2.5894278e-01   3.6305813e-01   4.3524368e-01   3.4379880e-01  -3.1520639e-01   4.8880770e-01  -3.7758193e-02  -2.8087905e-01   9.1004768e-02  -5.1513580e-02   3.3709047e-01  -2.6677217e-01   1.1737643e-01   6.6256885e-01   1.2947767e-01  -7.5040324e-02   4.9921951e-01  -2.3925992e-01  -2.2127624e-01  -2.1594120e-01  -3.8973754e-01  -1.1925102e-01  -9.5031366e-02   4.4704010e-02   1.2710277e-01   2.7795964e-01   1.5888171e-01   7.2695709e-01   2.0273081e-01  -1.3900724e-01   2.0127736e-01   5.3170628e-01   3.4614869e-01  -2.0504683e-01   8.9349734e-02   4.9618076e-02  -7.9639202e-02  -2.8144653e-01   7.5285789e-01  -2.1710399e-01   1.3498130e-01   5.8877559e-01   4.4074381e-01   2.4519042e-01   4.7540521e-01   8.7461040e-03   5.1239598e-02   2.3664936e-01  -2.0030479e-02  -7.6569114e-03   2.8567649e-01  -1.4725343e-01   1.6607529e-02  -1.6298395e-01   3.9185295e-01  -1.4429897e-01   4.5169200e-01   4.9030897e-01  -9.2804380e-02  -1.1920280e-01   1.2387500e-03
  -6.4644970e-03  -1.2791335e-01   1.3232065e-01   0.0000000e+00  -1.7123918e-01   4.1904732e-01  -1.5907376e-01   2.5468136e-01   2.0015044e-01  -1.6371906e-01   1.5143321e-01  -1.3127999e-02  -3.1332795e-02   2.7129762e-01   1.0185854e-01  -1.4785720e-02   8.9769002e-02   2.2567191e-01   2.0291685e-01  -1.6590953e-01  -6.3596550e-02   4.7077506e-01  -1.5033904e-01   1.7217420e-01   3.7184242e-02   2.1416375e-01  -5.2808797e-03   4.3976071e-01   1.2275765e-01   3.9233519e-01   1.1339822e-01   5.9574442e-01   5.8815790e-02  -3.0341205e-01  -1.4239324e-01  -1.5491597e-01  -2.7945234e-01   2.2884438e-01  -9.1496512e-02  -1.2092417e-01  -2.2747032e-02  -8.7385143e-02   2.3562935e-01   1.5981386e-01   5.7219262e-02   3.1581768e-01   9.2236702e-02   8.0143791e-02  -9.5047864e-02  -1.9570457e-01   1.6154266e-01   2.3469437e-01  -1.7382055e-01  -1.1576344e-01   2.4138447e-01   3.1827652e-02   2.6844377e-01   4.9327735e-01   3.5875253e-01   4.5127759e-01   2.5977529e-01   1.6122094e-01   1.8035781e-01   1.3023956e-01   2.0421094e-02  -2.1489115e-01   3.1393115e-01   5.1244165e-01   3.5129934e-01   2.2713325e-01  -1.5701066e-01   2.3056874e-01   2.1070263e-01   3.1639929e-01   1.2828284e-01   3.0830089e-01   2.5501528e-01   2.6288077e-01  -1.6480040e-01  -1.2305447e-01   1.9563262e-01  -2.5085042e-01  -1.1365037e-01   2.2654187e-01   2.3298750e-01   2.1930058e-01  -1.8439091e-02   4.2886026e-01   3.7093032e-01   4.8267573e-02  -8.5724645e-02   2.2310271e-01  -2.3741534e-01   2.9803771e-01   1.1617932e-01  -6.7831437e-02   1.5371371e-01   3.1048031e-01   1.8992864e-01  -1.5223181e-01   1.3141511e-01   2.7888406e-01   3.3920029e-01   8.2120110e-02   4.0954678e-01   5.0692980e-01   1.3241731e-01   4.4696039e-01  -1.9746908e-01  -1.9461581e-01  -3.3596835e-01   3.6438882e-01   1.6107020e-01   6.3798369e-02   4.2790880e-02  -1.0429691e-01   6.8031175e-02  -1.2622837e-01   1.9907892e-01   5.8280469e-01  -1.2453923e-01  -8.0548686e-02   6.8613063e-02   1.5065565e-01  -2.2067799e-02   1.3103169e-01   2.9725206e-01   2.0858654e-01   5.1977886e-01   1.1726347e-02  -2.1588941e-01  -3.1568120e-01   2.6584124e-01  -3.4081658e-02   5.7725591e-01   2.4187021e-01  -7.2270887e-02   1.4992089e-01   3.1122015e-01   2.8507666e-02   2.6228852e-01  -4.2140221e-02   3.8038587e-01  -4.4474910e-02   2.8994622e-01   3.2929992e-01  -2.8161314e-02  -6.0456949e-02  -1.6167456e-01  -1.5139552e-01   4.1843527e-01   2.4695747e-01   3.9060987e-01   1.8632413e-02  -1.4769004e-01  -3.0247965e-02  -1.3462580e-03   3.4061414e-02   9.4988933e-02   3.4248623e-01   2.3174452e-01   4.3119246e-01  -3.1293802e-01   4.1276108e-01   5.3958842e-01  -2.6018307e-01  -7.4978067e-02   1.7364902e-01   4.6335030e-02  -2.2242662e-01  -1.2530266e-01  -3.2763926e-01   3.7712055e-01   2.7167211e-01   2.6685565e-01  -1.2457618e-01   5.8496282e-01
  -1.1498050e-01   4.1994734e-01   4.8140137e-01  -1.7123918e-01   0.0000000e+00   4.5239497e-02   4.3026064e-01  -2.2754032e-01  -9.5612753e-02   5.9408738e-01   1.7885555e-01   4.3498661e-01   5.2687011e-01  -4.7499725e-01  -2.6761974e-01   3.2722346e-01   5.1104904e-01  -8.1002319e-02  -1.1001837e-01   8.0255104e-01   9.8715495e-03  -4.6206298e-02   2.3408721e-01  -2.7827819e-01   2.1509534e-01  -4.2705375e-01   4.0930072e-01  -4.1697061e-01   2.1719540e-01   1.4777069e-01  -3.8121216e-01   4.8005934e-02   3.7772020e-02   2.5750434e-01   3.7422746e-01   7.8413433e-01  -8.3730737e-02  -1.0504898e-02   2.9275232e-01   5.3620481e-01   5.7694089e-01   9.6868869e-02  -3.4503821e-01  -4.1380030e-01   1.5490334e-01   3.4510815e-02   3.4253070e-01  -2.0497672e-01  -3.1275792e-02   1.9821677e-01   3.2402770e-01  -3.8352265e-01  -2.7768311e-01  -4.2697168e-02  -3.5904006e-01  -1.8788073e-01  -3.7117019e-01  -1.2611019e-01   4.1694564e-01  -7.0250691e-02   2.2108176e-01   4.1068285e-01   1.1082274e-01  -4.8589959e-01  -4.3934031e-01   5.3371503e-01   3.5020462e-01   1.4744003e-01  -1.3518094e-01   4.6280285e-03  -8.6946865e-02   4.7801054e-01   3.0826315e-01  -2.9764210e-01  -1.7120141e-01  -1.3001276e-01   1.5333610e-01  -2.1358318e-01   7.2616071e-01   2.6373424e-01  -3.6178989e-01   2.8313328e-01  -3.0344771e-01  -4.5059673e-01   8.7240300e-03  -2.3712546e-01  -3.6224240e-01  -1.7669957e-01  -5.5425798e-02  -1.2481102e-01   6.5477775e-01   1.8701439e-01   5.8085625e-01  -7.1274961e-03   1.6582904e-01   7.2360682e-01   3.1585158e-01  -3.8860531e-01   4.6787649e-01   1.3905852e-01  -3.7644522e-01  -1.6622878e-01  -2.5440879e-01  -4.5523880e-01   2.5809277e-02  -1.2037047e-01  -1.5657684e-01  -3.4181212e-01   5.5337864e-01   4.4781349e-01   4.6032602e-02  -7.2364355e-03  -4.0877271e-02  -9.2065482e-02  -3.0936024e-01   9.5299782e-02  -2.8890130e-01   5.2360438e-01  -6.8428204e-02   1.4896000e-02  -2.1350655e-01   7.6888231e-01  -9.8162801e-02  -4.4827077e-01  -1.3442359e-01  -5.4697315e-02  -5.6035902e-02  -2.4326614e-01  -8.3041952e-02   3.6379451e-01   2.3853733e-01   2.6621541e-01  -3.2488180e-02  -3.4329140e-01  -4.0750226e-01  -1.9458647e-01   3.8667501e-02  -3.9684831e-01  -2.3644107e-01  -2.0459161e-01  -4.1535255e-02   1.1588753e-01   7.0132339e-02   3.2491719e-01  -2.2501572e-01  -3.4254554e-01   1.7149305e-01   3.7977789e-01   1.7580801e-01  -2.2975605e-01  -3.3329472e-01  -1.9235257e-01  -2.4883400e-01  -1.5025835e-01   6.8703095e-01  -1.6800695e-01  -1.0680886e-01   4.6470943e-01   3.5142487e-01  -2.0679932e-01   3.5526063e-01  -1.9456803e-01   3.0375732e-01   1.5413503e-02  -7.4976868e-02   4.0283367e-01   4.6491105e-01  -3.0372495e-01  -7.4924545e-02   1.8413454e-01   6.4071458e-01  -1.7111933e-01   2.2758128e-01   7.2557355e-02  -1.4145020e-01   1.4849574e-01   3.6677031e-03
   1.8347103e-01  -1.3323175e-01   4.7681977e-01   4.1904732e-01   4.5239497e-02   0.0000000e+00  -1.3677858e-01   1.3080773e-04   3.0130219e-01   3.0300219e-01   4.6018040e-01  -1.0334833e-01   2.1242012e-01  -1.2569417e-01  -4.6481033e-02   1.4165168e-01   2.7571419e-01   8.9512561e-02   1.3383266e-01   1.3538892e-02   8.6195940e-02   3.3420313e-01   2.3220134e-01   5.2725362e-02  -8.5268696e-02   5.4365846e-02   1.8813308e-01   3.8463692e-01   1.3769838e-01   7.2827157e-01  -3.5025863e-01   3.4506193e-01  -1.1779725e-01  -1.0692757e-01  -1.3501359e-01   1.5526932e-01  -5.2286432e-01   1.4902379e-01  -8.2003459e-02   1.0363985e-01   1.6442904e-01  -3.2662710e-01  -2.5298669e-02  -5.2428308e-02   1.3333237e-01   3.7791338e-01   5.2603870e-01  -2.2253637e-01  -3.0881859e-01  -2.4648509e-02   4.9383497e-01   1.3306138e-02  -4.6998983e-01  -4.7845466e-01  -1.0645034e-02   3.7586663e-01   2.6290233e-01   3.3634509e-01   5.8403628e-01   3.4182145e-01   3.1306543e-01   2.1747770e-01   3.4985199e-01  -2.9507114e-01  -2.6090674e-01   3.6047917e-01   7.5886108e-01   3.3377008e-01   6.9599170e-01   4.9884508e-01  -4.5201671e-01   5.8100447e-01   3.3772164e-01   7.4892726e-02  -2.3569646e-01   6.3176366e-02   2.6371264e-01  -1.0162171e-02  -2.6342267e-02  -1.2144391e-01   1.2980235e-02   1.4415455e-02  -4.2780679e-01   1.3728459e-01  -8.0780319e-02   7.2252355e-02  -3.8706954e-01   7.3667369e-02   3.7880287e-01   1.3767229e-01   1.1706922e-01   1.7696429e-01   1.3863451e-02   2.3118291e-01   2.3628332e-01   1.2118990e-02   3.4655591e-01   1.8935164e-01   3.2400440e-01  -6.5662266e-03  -2.7369169e-01   3.8052716e-01   1.4689635e-01  -1.6700578e-02   5.7459912e-01   2.3572684e-01  -2.7051274e-01   4.7551963e-01  -1.7206667e-01   1.4920905e-01  -2.0854306e-01   6.6270741e-01   6.0626172e-02   2.5748578e-01   9.9631036e-02  -3.7040179e-01   1.1896387e-01   1.6948384e-01   4.9542154e-01   6.0154179e-01  -9.6242600e-02   2.2886903e-03   6.4357847e-02  -1.0176739e-01   1.2027392e-01  -1.2075191e-01   4.9134691e-01  -1.8753166e-01   3.7882418e-01   2.7990976e-01  -3.8934296e-02  -2.3067860e-01   4.8194191e-01  -3.5094668e-01   2.9192626e-01   2.4176469e-02  -2.7782300e-01  -5.5967507e-02   1.4918312e-01   2.4651057e-01   2.6615048e-01   2.0399205e-02   4.3609271e-01   5.2903122e-01   3.0506540e-01   1.1048596e-01  -1.5780120e-01   3.6865879e-01   4.1629656e-01  -1.3247269e-01   3.0426234e-01   9.3932505e-02   1.7943767e-01  -3.0656144e-01   2.3678472e-01  -1.0354459e-02   2.8988801e-01   3.8885553e-01  -4.2073728e-02   3.7449671e-01   4.6543546e-01   4.0324860e-01  -8.4321883e-02   4.8262378e-01   3.6937712e-01  -3.4619916e-01   2.5990956e-01   1.8568955e-01   5.0683094e-02  -3.7809128e-01  -4.3320146e-02  -2.9989670e-01   4.4538992e-01   8.1560546e-01   1.5946634e-01  -3.3835468e-01   3.3641371e-01
  -2.5786868e-01   4.2890625e-01   2.2346428e-01  -1.5907376e-01   4.3026064e-01  -1.3677858e-01   0.0000000e+00   1.9929807e-01  -2.3250582e-02   4.6635267e-01   7.5101959e-02   6.2310983e-01   4.0638211e-01  -3.5109169e-01   3.4725914e-01  -5.3382362e-02   3.5363705e-01  -7.6407438e-02  -1.8766963e-02   5.1616004e-01   2.5240666e-02   1.6765110e-01   5.7638029e-01  -2.4616300e-01   1.2800172e-01  -1.4879941e-02   1.3600977e-01   2.2422586e-02   7.0297106e-02  -1.5957133e-01   1.0845413e-01   2.5183160e-02  -1.9167895e-01   5.9454885e-01   6.3875538e-01   5.3692387e-01   2.0667363e-01  -4.6628447e-02  -2.5088561e-02   2.9880787e-01   3.1106488e-01  -2.5962101e-01   9.8360226e-02   1.8419056e-01   1.6047964e-01  -3.7764017e-02  -1.2876822e-02   3.5993404e-01   1.1264203e-01  -3.2651177e-02   2.7651396e-01   5.5186176e-02   9.9784954e-02  -1.6439881e-01  -5.8790415e-01   1.9143899e-03  -1.2681017e-01  -6.2718439e-02   5.5281516e-02   1.1344394e-01  -1.8770109e-02   2.0939562e-01   2.8575331e-01  -1.8119261e-01  -2.7133774e-01   2.1440199e-01  -1.5523944e-01   2.6657632e-01  -2.2157870e-01  -3.4577794e-02   4.4086786e-01   2.1785517e-01   2.2987019e-01  -8.5091168e-02  -4.6055887e-01   1.9851529e-01  -1.5915435e-01   9.6968348e-02   1.7140380e-01   1.5562133e-02   3.3435846e-01  -6.0132431e-03   7.1516022e-02   4.6673437e-02   1.6910670e-01   1.1882117e-01  -4.7210842e-02   2.3715972e-01   6.4113098e-02  -3.7152735e-01   1.7954408e-01  -1.6710778e-01   6.9774029e-01   2.1913002e-01  -4.2613326e-02   3.8967997e-01  -1.2789347e-02  -4.0141010e-02   3.2002293e-01   1.7511041e-01   1.4679191e-01   1.3874267e-01   1.2301943e-01  -1.2945404e-01  -1.7270116e-02   1.2818323e-01  -2.6815428e-01  -1.2615906e-01   6.3970784e-01   1.5609728e-01   6.3148825e-01  -2.2551950e-01  -1.9883858e-01  -3.0821470e-01   1.6527310e-01   6.7080496e-02   4.3321354e-02   5.4827566e-01  -2.4613904e-01  -2.4472831e-01  -5.2102468e-01   4.2908285e-01  -6.0331226e-02  -3.9972504e-01  -6.3273202e-01   4.0331872e-01  -6.1508026e-04  -3.6083379e-01  -1.7746482e-02   2.6700866e-01  -6.0395014e-02   4.0511812e-01  -6.9768114e-02  -4.8390880e-02  -1.2765035e-01   1.4630887e-01  -2.2248244e-01   1.5386593e-01   1.4566040e-01  -4.2563840e-01  -1.8484472e-01   1.0823708e-01  -3.0676378e-02   3.5498584e-01   8.1930908e-02   4.3943599e-02   7.1521085e-01  -9.8956742e-02  -1.6251830e-02  -2.1140430e-01  -5.2303783e-01   3.5179813e-01  -3.0718425e-01  -5.1333992e-02   4.3111696e-01  -4.0077309e-01  -3.9212265e-01   3.7061099e-02   1.0329825e-01   2.9406471e-01   8.3349523e-02  -8.7246872e-02  -2.3002682e-03  -4.6014337e-02  -1.3627545e-01   2.7770433e-01   4.0617238e-01   1.6687430e-02  -3.9399081e-01   2.3632618e-01   5.1580148e-01  -4.1364628e-01   4.7083688e-02  -1.8252467e-01  -1.5973864e-01   2.8712414e-03   2.6771621e-02
   5.1916396e-02   3.4051270e-01  -2.7017754e-01   2.5468136e-01  -2.2754032e-01   1.3080773e-04   1.9929807e-01   0.0000000e+00   4.5253660e-01  -3.8424938e-01  -1.3197592e-01   3.4433795e-01  -3.8365813e-01   2.1017161e-01   6.2156966e-01  -5.2157414e-01  -2.5591376e-01   3.1231668e-01   6.1784037e-01  -2.5627817e-01   2.5607547e-02   7.6404345e-01   4.7193380e-02   2.4888160e-01   1.1126729e-01   8.4974345e-01  -4.6916663e-01   4.8462960e-01   2.5057274e-01   1.2971734e-02   6.2083747e-01   5.8658415e-01  -4.6355845e-01   6.2103878e-02   1.9357498e-01  -3.6870849e-01   1.3372635e-02   3.6535285e-02  -5.5530022e-01  -3.7889143e-01  -3.1128209e-01  -4.1779499e-01   7.2985018e-01   6.9042992e-01  -2.1825786e-01   1.5202240e-03  -5.3535845e-01   7.6050011e-01   2.5061652e-01  -2.6256579e-01  -8.9516768e-02   9.1031393e-01   4.3552469e-01  -1.0486718e-01  -9.3208657e-02   2.2344061e-01   6.0839813e-01   6.8340124e-01  -8.6214072e-02   6.0138238e-01  -3.0351537e-01  -2.7794093e-01   4.6804092e-01   5.3814704e-01   2.9966573e-01  -5.0602398e-01  -2.3726023e-01   1.5887647e-02  -3.1782284e-02   4.3842295e-02   4.7021810e-01  -2.3515805e-01  -8.8710854e-03   5.9104821e-01  -1.4573667e-01   9.1771642e-01  -2.4375092e-01   6.5826629e-01  -3.1284143e-01  -2.8866631e-01   6.9524673e-01  -6.0051746e-01   3.7206503e-01   7.7008077e-01   3.5233506e-01   8.6178320e-01   3.4226524e-01   7.7480209e-01   2.6806804e-01  -2.5213919e-01  -1.5095237e-01  -2.6921928e-01  -1.3703102e-01   6.2296080e-01  -3.3569547e-01  -2.9930063e-01  -5.2509311e-01   8.4187317e-01  -1.2486766e-01  -2.6665141e-01   4.9195491e-01   6.4958947e-01   8.6985072e-01   5.0875139e-01   3.4849679e-01   7.2690197e-01  -2.9588513e-01   7.0144838e-01   1.5925710e-01  -3.7134731e-01   1.5482971e-01  -7.7606526e-02  -4.9183568e-01  -1.8733053e-01   4.1483099e-01   2.4976596e-01   6.4039090e-01   3.1043387e-02  -2.9025406e-01  -6.3226235e-02  -3.1299523e-01  -1.1611607e-01   4.2021295e-01   3.4613889e-01  -5.6771040e-01   6.9840682e-01   5.7169647e-02  -2.3295400e-01   5.6998549e-01  -5.0755844e-01  -4.0564678e-01   2.0497967e-03   5.0171640e-02   2.8719699e-01   5.3473111e-01   9.0351550e-01  -1.3003547e-01   5.8242153e-01   8.8470951e-01  -3.6143242e-01   9.9456950e-02  -1.7994250e-01   4.9407851e-01  -3.7958449e-01   4.5210518e-01   7.1972288e-01   4.6810194e-01  -5.0946698e-01  -5.1258682e-01  -2.9422430e-01   6.9765621e-02   8.1319963e-01   2.0714316e-01   4.3542474e-01  -4.1938512e-01  -3.1023395e-01  -2.3543374e-01  -4.3910794e-01  -2.4278177e-01   4.8308216e-01  -2.9830871e-01   5.7984107e-01  -3.2507671e-01   3.1166452e-01   5.9660204e-01   6.8837748e-02   1.4028248e-01   5.0305481e-01  -2.4747184e-01   1.8543483e-01  -4.9752176e-02  -6.6124208e-01   9.0121311e-02  -2.3741090e-01   2.0305755e-01  -4.8891711e-01   6.6230242e-01
   3.5456045e-01   2.4152290e-01   1.1728572e-02   2.0015044e-01  -9.5612753e-02   3.0130219e-01  -2.3250582e-02   4.5253660e-01   0.0000000e+00  -1.3816221e-01   7.8114781e-03   9.9205118e-02  -1.7165117e-01   3.7300224e-02   2.9801726e-01  -3.1859766e-01  -5.0523101e-02   1.4632317e-01   4.7744220e-01  -1.5142475e-01   1.6946236e-01   6.2456517e-01   5.7001879e-02   3.3150907e-01   2.4047296e-01   4.2612044e-01  -3.3806925e-01   2.9339571e-01   2.8764476e-01   3.9560518e-01   1.3260618e-01   4.5744654e-01  -5.0080860e-01   6.5197382e-02   2.3611932e-01  -1.5297211e-01  -2.7913662e-01   1.4719872e-01  -4.3443272e-01  -3.3407911e-01  -2.7036481e-01  -5.7005560e-01   5.3256956e-01   2.1940772e-01   1.1623288e-01   3.5110618e-01  -6.8205740e-02   2.1373101e-01  -3.1997111e-03  -4.4904345e-02   1.7745330e-01   4.9239339e-01  -6.3508256e-02  -4.9739335e-01   1.5314938e-02   1.9784646e-01   4.0339772e-01   5.7656396e-01   3.3081965e-01   5.7749934e-01  -7.6994492e-03  -2.9072842e-01   8.1717286e-01   2.1821155e-01  -1.9026326e-02  -1.5225333e-02   1.8663948e-01   1.4048482e-01   3.0713390e-01   3.7276856e-01  -4.3366813e-02   1.6868843e-01   4.7436600e-02   3.4252683e-01  -7.5994404e-02   5.3238639e-01   1.0421062e-01   2.3319627e-01  -5.6825162e-02  -1.6821624e-01   3.0013758e-01  -3.3952028e-01  -8.6546663e-02   4.2883342e-01   9.1221003e-02   5.0746579e-01   3.8835287e-02   3.3806952e-01   5.9720337e-01   1.5794177e-01   7.7762860e-02  -1.6859917e-03  -7.1505417e-02   6.0300968e-01   9.9560976e-02  -1.5614588e-01  -2.3588877e-01   4.4667452e-01   1.4916496e-02   4.5184903e-02   1.4934857e-01   4.7215586e-01   4.8232510e-01   6.2910513e-01   4.6397916e-01   5.6492678e-01  -3.6799243e-01   5.7876895e-01  -8.6404415e-02  -6.7596207e-02  -2.1197362e-01   2.8276330e-01  -8.9005006e-02   4.1272909e-01   2.4910116e-01  -9.4383339e-02   1.8821861e-01   1.4011758e-01   1.0222027e-01   1.1544772e-01   8.2425250e-02   1.0463937e-01   4.7956073e-01   7.9141649e-02   1.5596012e-02   1.9227630e-01   3.2832554e-01  -2.5639194e-01   6.4703157e-01  -2.7263386e-01  -3.8956130e-01  -2.6322305e-01   3.3617283e-01  -5.2753080e-02   6.4131253e-01   5.2049774e-01  -3.2707552e-01   2.5891014e-01   5.8352072e-01   3.0882621e-01   3.9030105e-01  -1.5081627e-01   4.5268805e-01  -1.1421183e-01   4.3125968e-01   3.9495348e-01   2.6138765e-02   5.3603867e-02  -4.6566945e-02  -1.8484217e-01   2.5596518e-01   4.4069670e-01   3.2191674e-01  -6.4462152e-04  -1.8822401e-01   2.8065804e-02   4.5296054e-01   5.2427341e-02  -1.7698832e-01   4.2165837e-01   1.4005083e-01   5.2604084e-01  -5.5330955e-02   4.6130628e-01   5.0775181e-01   1.1585744e-02   1.2387173e-01   3.4841610e-01   1.3070384e-01  -2.5520272e-01   1.5437884e-01  -3.4222821e-01   2.9478524e-01   1.9965391e-01   9.0172274e-02  -5.1499006e-01   5.3201662e-01
   3.5993114e-02   8.6300937e-03   5.8665755e-01  -1.6371906e-01   5.9408738e-01   3.0300219e-01   4.6635267e-01  -3.8424938e-01  -1.3816221e-01   0.0000000e+00   4.2791384e-01   2.4971075e-01   6.7322234e-01  -4.5493787e-01  -1.9055183e-01   4.0803088e-01   4.8915799e-01  -5.1088362e-02  -2.2595368e-01   6.5682107e-01   1.2434694e-01  -7.8288906e-02   6.0988345e-01  -3.5896772e-01  -8.4009336e-03  -4.9119906e-01   5.2095771e-01  -1.1914724e-01   1.2062808e-02   3.0429944e-01  -6.1566514e-01   3.5318453e-03   3.5605134e-02   2.7499753e-01   1.8265366e-01   7.7051643e-01  -4.9158301e-02  -1.7626796e-02   2.5410601e-01   5.1596695e-01   6.5194621e-01  -1.0259015e-01  -4.0587779e-01  -2.8726238e-01   3.3663015e-01   2.2762241e-01   6.0584478e-01  -4.0383491e-01  -2.4585403e-01   9.3952448e-02   5.5936417e-01  -4.3769308e-01  -5.8837220e-01  -2.6515008e-01  -4.2180375e-01   2.3106440e-01  -3.8768213e-01  -1.6428951e-01   4.1204650e-01  -1.0227378e-01   3.1324087e-01   4.7336102e-01   1.6797314e-02  -7.4769211e-01  -6.7016189e-01   7.8527077e-01   4.6575984e-01   2.4813566e-01   9.1237397e-02   3.0273493e-01  -3.0813279e-01   6.5829787e-01   4.5866699e-01  -3.3838046e-01  -3.1890792e-01  -3.3802413e-01   1.9051003e-01  -2.5709592e-01   3.6573961e-01  -1.8569394e-02  -2.2061074e-01   4.2412121e-01  -5.3835562e-01  -4.1370671e-01  -1.8516131e-01  -3.4672321e-01  -6.4477524e-01  -2.8676300e-01   2.3617454e-02  -6.7573215e-02   3.5359732e-01   1.7541963e-01   6.4075144e-01  -1.0684529e-01   2.8335505e-01   6.6625626e-01   4.1542738e-01  -4.3957206e-01   4.7527022e-01   3.3946740e-01  -4.4043865e-01  -3.4275327e-02  -2.4752441e-01  -6.4702584e-01   2.5582025e-01  -2.5257715e-01  -2.0354575e-01  -3.0521134e-01   3.4145491e-01   5.4001303e-01   2.7394997e-01   2.9329456e-01   2.2432589e-01   6.4902265e-02  -1.9274311e-01  -3.6917721e-01  -2.0021414e-01   5.3659951e-01   2.3559072e-01   2.3795304e-01  -2.4286309e-01   5.1893553e-01  -2.0895513e-01  -6.2428725e-01  -4.3997145e-02  -2.0707980e-01   2.6897263e-01  -3.1010941e-01  -4.4734499e-02   6.4066573e-01   3.5448430e-01   1.3013042e-01   1.2697154e-01  -5.4837074e-01  -3.2032028e-01  -3.9585143e-01  -2.0718936e-01  -2.8960166e-01  -2.8707850e-01  -2.4117219e-02   5.3260431e-02   3.5782766e-01  -3.5774886e-02   7.2110764e-01  -1.3340700e-02  -3.9332238e-01   6.1558772e-02   5.1369179e-01   5.5897053e-01  -5.3816880e-02  -2.3613506e-01  -1.3739518e-01  -2.6377669e-01  -4.8541876e-01   6.8738884e-01  -1.7625165e-01   4.7388457e-04   5.6897663e-01   1.9221804e-01   1.2680773e-01   4.0631981e-01  -2.2083003e-01   1.8885584e-01   1.1507240e-01  -1.6751562e-01  -2.6977075e-02   5.7128598e-01  -2.0773096e-01  -9.1298684e-02  -1.7311792e-01   4.4195344e-01  -8.5643192e-02   2.6787945e-01   4.0828996e-01  -1.6576393e-01   7.8852578e-02  -1.3554304e-01
  -1.6296964e-01  -1.5840991e-01   3.5226169e-01   1.5143321e-01   1.7885555e-01   4.6018040e-01   7.5101959e-02  -1.3197592e-01   7.8114781e-03   4.2791384e-01   0.0000000e+00  -1.0677643e-01   5.5909067e-01   4.7619139e-02   2.0820386e-01   3.9226678e-01   1.8196600e-01   2.5567330e-01  -1.0659476e-01   2.4495550e-01   3.5749499e-01   7.2107785e-02   5.8304464e-01  -3.8569442e-01  -6.4420559e-02  -2.6428203e-01   2.7124073e-01   2.0304508e-01   1.3779991e-02   5.4202193e-01  -2.2055849e-01   1.8808937e-01  -8.2670261e-02   2.6842930e-01  -8.4073294e-02   5.2308884e-01  -3.8231605e-01   1.4794363e-01   3.0001503e-01   2.4167563e-01   6.3860497e-01  -2.2192278e-01  -1.4398440e-01   1.2769615e-01   3.1948554e-01   3.1605801e-01   7.3345483e-01  -4.6478027e-02  -4.0409114e-02  -2.1471791e-01   7.2886625e-01  -1.7754819e-01  -2.9412181e-01  -4.6051658e-01   1.2949957e-02   3.4094874e-01  -2.2959805e-01   1.1897967e-01   4.3423532e-01   1.5484241e-01   2.9920806e-01   4.7407292e-01   2.1891698e-01  -1.9143273e-01  -2.5411382e-01   4.0733246e-01   5.5893693e-01  -2.2308849e-02   5.6378189e-01   2.8966117e-01  -2.6133479e-01   6.0010634e-01   5.3252917e-01  -2.6341671e-01  -1.5609544e-01  -1.6023620e-01   2.5175865e-01   2.9331285e-02  -9.6314345e-02   3.1443362e-02  -1.7063106e-02   3.8167473e-01  -1.6034009e-01  -2.3412530e-01  -1.6567218e-01  -1.8321649e-01  -4.1392847e-01  -4.8294983e-02   9.1847102e-02  -9.1337577e-02  -4.8792505e-02   7.2706043e-02   1.9525726e-01  -1.9456033e-02   3.9324208e-01   1.3178246e-01   2.6674580e-01  -1.5978160e-01   1.1308131e-01   3.5681264e-01  -1.2234025e-01   3.2700791e-01   1.2530560e-03  -1.8968769e-01   5.4401209e-01   1.1597928e-01  -2.6497750e-01   9.3135027e-02   2.2057555e-01   3.1930941e-01   1.5521489e-01   5.9472865e-01   9.0328129e-02  -1.3977055e-02   1.6483604e-01  -2.7136957e-01  -9.1009316e-02   4.0411967e-01   2.9961480e-01   5.9772222e-01  -1.4300116e-01  -9.3574157e-02  -1.4264027e-01  -1.0207224e-01  -3.3121386e-02  -1.5805339e-01   7.0598028e-01  -8.0213483e-02   2.3300417e-01   3.0915815e-01   3.0956457e-01   2.4075516e-01   2.7396123e-01  -2.3735486e-01   5.6664865e-02  -2.9937650e-01  -1.0477732e-01  -5.7332251e-03  -1.3437241e-01   5.7381267e-02  -2.4894453e-02   1.0437661e-01   3.4609740e-01   4.4177080e-01   5.3478514e-01   2.0924849e-01   7.2138514e-02   5.6171256e-01   3.8141302e-01   7.3737969e-02  -6.3997009e-02  -3.2370316e-02  -1.9451961e-01  -2.3241715e-01   1.7778101e-01  -2.7156753e-01   2.0790816e-01   5.2456305e-01  -1.0391666e-01   2.8654932e-01   1.3594262e-01   3.9259425e-01  -3.0369357e-02   5.9174304e-01   1.1616827e-01  -3.2587215e-01   4.4122765e-01  -1.0002941e-01  -1.2252352e-02   1.3022381e-02  -1.8706169e-01  -1.6403142e-01   4.6252012e-01   4.4369513e-01  -2.0517294e-01  -1.3453110e-01   1.1622219e-01
  -6.6963242e-02   6.3714971e-01   3.8817274e-01  -1.3127999e-02   4.3498661e-01  -1.0334833e-01   6.2310983e-01   3.4433795e-01   9.9205118e-02   2.4971075e-01  -1.0677643e-01   0.0000000e+00   7.5974269e-03  -3.3457538e-01   1.4106549e-01  -3.2751984e-01   3.9894659e-01  -1.9143516e-02   2.6888063e-01   4.6257343e-01  -1.9492618e-01   3.0503362e-01   2.0816194e-01  -8.6891512e-02   3.2286784e-01   1.5000112e-01  -8.2044890e-05   4.1233946e-02   3.0729714e-01  -2.2305607e-01   9.4260272e-02   2.7743772e-01  -3.6415123e-01   3.7086309e-01   6.9163259e-01   2.8090138e-01   1.8180255e-01   2.5395039e-01  -2.6719426e-01   2.2947273e-01   2.1650571e-01  -2.5992030e-01   2.9646184e-01   1.3598022e-02  -8.2694139e-03   8.6265438e-02  -3.0322199e-01   1.6327412e-01   2.1338150e-01   4.2324630e-01   1.2673893e-02   2.8284243e-01   1.3155614e-01  -4.4061990e-02  -4.4768104e-01  -1.4067760e-01   1.6200394e-01   1.7250396e-01   1.3807320e-01   4.3775975e-01   2.6484751e-01   2.4451413e-01   3.4296970e-01  -2.7088927e-02  -1.1107933e-01  -1.2252848e-02  -1.6746662e-01   2.4362958e-01  -2.8338446e-01   2.8838243e-01   3.0294491e-01  -2.5488449e-02   4.2427695e-01   3.3972896e-01  -2.2640542e-01   4.3557095e-01   1.6915881e-01   2.0614502e-01   4.1972464e-01  -2.1421710e-02   2.7954686e-01  -2.3514161e-01  -6.7702460e-03   1.6383976e-01   6.0220211e-01   3.8546901e-01   1.9390605e-02   4.2440622e-01   1.1494420e-01  -3.9113843e-01   3.6490748e-01   2.4603519e-01   5.8148672e-01   4.7007358e-01   8.1949347e-02   4.7519451e-01  -2.7152021e-01   1.8108437e-01   4.3969251e-01  -1.5413092e-01   7.5804735e-02   1.6977098e-01   3.5388501e-01  -1.6903509e-02   3.3339357e-02   1.4992732e-01  -3.1281435e-01   1.5236224e-02   4.7785090e-01   1.8560794e-01   4.6849807e-01  -2.7156688e-01  -4.2866424e-01  -1.7826857e-01   8.5173912e-02   3.1194043e-01   1.7961017e-01   4.2555254e-01  -1.5309581e-01  -1.4810594e-01  -4.7358868e-01   5.5167825e-01   2.3791700e-01  -1.4513306e-01  -3.9207808e-01   5.4777720e-01  -2.2155573e-01  -4.0481245e-01   2.4378728e-01   2.0317045e-01  -1.1855397e-01   1.1067493e-01   1.8777369e-01   6.7344479e-02  -6.6457981e-02   3.9941945e-01  -2.4227376e-01   3.6816401e-02   3.7395778e-01  -4.2132573e-01   1.4847729e-02   2.2305799e-01   1.3679234e-01   1.2444013e-01   3.9268088e-03  -2.5571079e-02   6.3185621e-01  -1.8792921e-01  -2.6480799e-01  -5.3571477e-01  -8.5227296e-02   4.2676449e-01  -9.3416751e-02   1.6361066e-01   4.4268010e-01  -3.3096641e-01  -3.1169502e-01   5.8668653e-02   4.1672920e-01   1.5804168e-01   3.4276549e-02   7.8847647e-02  -4.8913891e-03  -5.4693027e-02   1.2814885e-01   5.2629788e-01   2.4483719e-01   7.3635587e-02  -1.8489533e-01   2.9206177e-01   4.9761593e-01  -3.4996118e-01   4.9669991e-02  -1.2394537e-01  -6.2862283e-02  -2.0191428e-01   1.3345717e-01
  -1.6024389e-01  -5.6813862e-02   3.2866388e-01  -3.1332795e-02   5.2687011e-01   2.1242012e-01   4.0638211e-01  -3.8365813e-01  -1.7165117e-01   6.7322234e-01   5.5909067e-01   7.5974269e-03   0.0000000e+00  -3.6688422e-01  -1.3637227e-01   6.4805448e-01   4.6265916e-01  -2.0656979e-01  -2.7846087e-01   5.2718920e-01   1.4033416e-01  -1.4699473e-01   5.5877467e-01  -3.9577100e-01  -1.5440100e-01  -5.5335203e-01   3.3039192e-01  -2.9860170e-01  -2.4150830e-01   2.5966774e-01  -4.4807169e-01  -9.8252714e-02   2.7881120e-01   3.7277438e-01   6.3827107e-02   7.6565421e-01  -1.2450095e-01  -9.3255304e-02   6.1520574e-01   4.3040254e-01   7.2160619e-01   8.1377114e-02  -5.0364876e-01  -2.3556158e-01   2.4167114e-01   9.0717113e-02   6.8009736e-01  -2.4005348e-01  -2.1789895e-01  -1.2186236e-01   6.4503277e-01  -5.0108171e-01  -4.2669537e-01  -1.9409715e-01  -1.3743092e-01   8.0236000e-02  -5.5988200e-01  -2.3330332e-01   4.9653269e-01  -2.4669532e-01   2.0751203e-01   4.9542555e-01   8.6446040e-02  -5.6136567e-01  -5.6166850e-01   6.3379437e-01   3.9101254e-01   6.5951746e-02   2.1097359e-01  -3.3267944e-02  -2.0835020e-01   5.9768078e-01   3.6168938e-01  -5.0412145e-01  -2.6847212e-01  -3.8404775e-01   1.1255694e-01  -2.3300352e-01   2.0276496e-01   3.2536031e-01  -3.1675853e-01   6.7777830e-01  -3.4758356e-01  -4.6645666e-01  -2.8316846e-01  -4.9329606e-01  -5.3526382e-01  -4.0640066e-01  -5.9046303e-02   1.8545179e-02   1.4251720e-01  -3.3640456e-02   4.5793956e-01  -2.6976273e-01   2.7000087e-01   4.8188068e-01   4.6863670e-01  -4.7434474e-01   1.8761304e-01   3.8165238e-01  -2.8265436e-01  -5.6481453e-02  -4.0876609e-01  -4.4598539e-01   1.4934393e-01  -1.4003045e-01  -4.4631299e-02  -2.6963091e-01   4.1801925e-01   3.1186360e-01   2.1936053e-01   2.5770955e-01   2.0957348e-01   1.4551857e-02  -1.1987435e-01  -4.0894453e-01  -2.9201900e-01   6.8016261e-01  -8.7129636e-02   2.4634325e-01  -2.9403369e-02   2.0565042e-01  -3.6712491e-01  -6.5074204e-01  -6.7154081e-02  -3.5815339e-01   3.6773734e-01  -3.2986734e-02  -1.3512797e-01   5.1125400e-01   4.5868141e-01   2.0981135e-01  -4.0397883e-02  -4.1614495e-01  -2.3849557e-01  -4.6360587e-01   1.0461992e-01  -3.5454893e-01  -4.2273711e-01   6.9325144e-02  -2.0519881e-02   2.5935694e-01   2.9758270e-02   4.7053016e-01   3.3084420e-02  -2.5112242e-01   6.5793199e-02   5.1201915e-01   5.3226378e-01   1.2557649e-01  -3.6581062e-01  -3.1400541e-01  -3.8040183e-01  -5.3836448e-01   5.3909186e-01  -1.3813041e-01   9.5683984e-02   6.5462997e-01   8.6233618e-02  -1.8175439e-02   1.6543053e-01  -1.0632034e-01   1.3381410e-01   1.1689590e-01  -1.3453379e-01  -2.0792357e-01   2.8226620e-01  -4.0446624e-01  -3.8089749e-02  -1.3341895e-02   1.7293267e-01   2.8100078e-02   9.7540411e-02   1.7015489e-01  -1.8614476e-01   3.8229279e-01  -4.3290138e-02
  -1.9866725e-01  -2.5633994e-01  -3.3190593e-01   2.7129762e-01  -4.7499725e-01  -1.2569417e-01  -3.5109169e-01   2.1017161e-01   3.7300224e-02  -4.5493787e-01   4.7619139e-02  -3.3457538e-01  -3.6688422e-01   0.0000000e+00   2.9424428e-01  -1.6571232e-01  -3.7372765e-01   3.5485676e-01   6.2954744e-02  -2.6024268e-01   3.3418934e-01   6.7079733e-02  -6.8258197e-02   1.5586600e-02   1.5835682e-01   2.6337550e-01  -2.1941308e-03   3.2109826e-01   1.4686224e-01   1.0834237e-02   5.0647119e-01   1.9052305e-01  -1.6400557e-01  -1.6472086e-01  -1.7597504e-01  -4.1208548e-01  -9.2455257e-02   2.0244752e-01  -1.5271498e-01  -1.7937363e-01  -1.8817601e-01  -2.7359211e-02   3.6715272e-01   3.3315201e-01  -6.1679938e-03   2.7684039e-01  -1.1960622e-01   3.4209868e-01   2.8452516e-01  -1.2626109e-01  -1.8257646e-01   2.6362974e-01   2.6088701e-01   6.5838413e-02   5.7939726e-01  -1.8741266e-02   1.7668024e-01   1.6320852e-01  -2.2955178e-01   6.7807540e-02   4.4965372e-02  -9.8835288e-02  -7.5988756e-02   5.1809874e-01   5.5297015e-01  -3.3348502e-01  -1.2480780e-02  -1.1957729e-01   1.2639374e-01   1.1361718e-02   2.4609154e-01  -3.0601049e-01  -7.1979957e-02   1.8700113e-01   3.6368599e-01   1.5535917e-01   1.5248057e-01   1.8071892e-01  -5.2292699e-01  -2.9844200e-01   2.5464013e-01  -2.7011862e-01   2.3933666e-01   7.4208276e-02   1.0422457e-01   2.0766419e-01   4.6146075e-01   2.2674180e-01  -1.0138921e-01  -1.2197644e-03  -4.9104990e-01   9.3941608e-02  -3.9326722e-01   1.4962669e-03   5.9593632e-02  -3.3096459e-01  -1.0667625e-01   2.4726399e-01  -1.8892435e-01   3.0724023e-01   6.1597350e-01   1.7434788e-01   2.2953677e-01   2.2726469e-01   1.5306773e-01   1.2443677e-01   4.2774194e-02   2.5056103e-01  -2.0399356e-01  -2.7467864e-01  -1.6323461e-01   6.8425681e-02   8.5182908e-03  -1.3944788e-01   3.4478172e-01   1.5174779e-01   6.4317299e-02  -4.2495079e-01   7.0055165e-02   1.4093222e-01   3.0923576e-02  -4.9484219e-01   3.0693606e-01   6.5071551e-01   1.1538401e-01   1.7578865e-01   2.8230624e-01   1.0940824e-01   1.9436262e-01  -2.0865064e-01  -8.3696601e-02   3.7751018e-02  -2.2282743e-02   4.6395730e-01   4.1319293e-01   1.1648599e-01  -6.7579501e-02   4.7563287e-01   1.3206431e-01  -1.2140276e-01   5.1815838e-02  -6.0002920e-02   4.2745016e-02  -4.2947970e-01   3.5779813e-01   5.2311888e-01   3.3660173e-02  -1.7856044e-01  -3.4701054e-01   4.2611569e-01   2.0983422e-01   7.8918019e-02   2.4283933e-01   1.7815611e-01  -6.5115946e-01  -7.4126117e-02   3.1062817e-02  -2.4710542e-01  -1.1643157e-01   1.9074535e-02  -9.1217750e-02   2.0014024e-01  -8.5781717e-02   3.0126785e-01   1.6343419e-01  -1.6311741e-01  -3.6393415e-01  -3.3866033e-02   1.2328678e-01  -9.0381916e-03  -4.2939754e-01  -1.9415546e-02   8.6415274e-03  -2.5776248e-01   8.9836421e-02  -2.4331526e-01   1.0404137e-01
