   0.0000000e+00  -1.3662864e-02   2.4599740e-02   2.2467266e-02  -2.1577596e-01   5.2471161e-02  -4.2062517e-01  -9.3133432e-03  -2.8306566e-01  -2.1708269e-01  -9.0037465e-02   4.6939830e-02   1.2273312e-02   7.3691823e-01   2.6587740e-02   1.0007777e-01   2.3642833e-01  -2.4431666e-01  -3.2469770e-02  -7.1150810e-02  -2.7945202e-01   4.6012901e-02  -2.1397277e-01   6.7601392e-01  -3.8374611e-01   4.8486613e-02  -2.2178449e-02   5.5820026e-01   1.5703481e-01  -4.6066864e-01  -2.1520904e-01  -2.3575934e-04   7.8163817e-02  -1.3206858e-01  -3.7174723e-01  -2.4734615e-02   1.0515743e-01  -1.2345802e-01   8.4636679e-02   1.9095105e-01   1.8166646e-01   1.3996753e-01  -3.7785446e-01   9.6479475e-02   7.5598436e-03   6.1680680e-02  -1.3175647e-01  -4.6650332e-01   7.4226241e-02   1.9326234e-01   1.0969191e-01   6.3053447e-02   2.7278634e-03   1.5091123e-01   3.3353374e-01  -1.1159079e-01   7.0444723e-02  -1.6138108e-01  -2.3684165e-01  -4.3316047e-01  -1.1988824e-01   3.5623918e-02  -1.7984917e-01  -1.3720383e-01   4.3601348e-02  -2.1690252e-01   1.6897436e-01  -3.7620126e-01  -1.9086048e-02   1.0159282e-01   2.2954635e-01   5.1863448e-02  -5.3881330e-03   2.9914154e-01   2.7905602e-02  -1.2393403e-01  -6.5812650e-02   2.4718380e-01   1.7748250e-01  -3.6702279e-03   9.7259222e-02  -1.8175715e-02   2.3042424e-02   1.5987161e-01   5.1340709e-01  -1.3266258e-01  -5.6328081e-01   5.9352802e-01   2.1038128e-01   8.2606641e-01   2.4246868e-01   1.4331501e-01  -5.5538264e-02  -3.9510268e-01  -1.1677192e-01   7.0853158e-02   3.4750169e-01   1.9070800e-01  -1.2214429e-01  -5.1722567e-02   7.8297405e-01  -2.9687316e-01  -1.1941822e-01  -4.3296874e-01  -9.3697176e-02  -1.7148565e-01   2.7049328e-01   6.7292863e-02   1.9071412e-01  -2.5238561e-01   3.5910853e-02  -9.1922972e-02  -2.3737196e-01   7.8396088e-01   5.6513807e-01   1.3798912e-01   1.2391184e-01   5.6242647e-02   1.9032466e-01  -4.5531581e-02   1.3142467e-01   1.5935760e-01   1.9290363e-04  -5.8660137e-02   3.1773869e-01   3.1260009e-01   1.8387108e-01  -6.9246115e-02  -5.7800696e-02   2.0377920e-01   6.8835393e-02   3.2046142e-02   1.7475947e-01  -3.5439749e-01  -2.2125284e-01  -2.0770884e-01  -1.4176713e-01   1.4482752e-01  -4.1799285e-03   3.9386772e-01   6.5098513e-01  -6.9606731e-02  -6.5425095e-02   1.2457543e-03   1.2176135e-01  -2.7235760e-01   2.7739446e-01  -1.8660030e-01  -2.0601096e-01   1.3279752e-01   6.2907648e-01  -1.4974790e-01   3.4638053e-01  -8.8585099e-02   8.3685600e-02   3.8877561e-01  -4.0859888e-02   1.2934731e-01   1.6971859e-01  -2.3284353e-01   2.1525468e-01  -2.1602216e-01  -1.1585120e-01  -1.7147677e-01   1.3639643e-01   2.9368290e-01   1.2239922e-01   2.2930022e-02   2.4534823e-01   3.4327710e-01  -1.0170547e-01  -3.1438292e-02  -4.6830025e-01   1.5790636e-01   8.0477789e-02   1.2285154e-01  -6.1654400e-02
  -1.3662864e-02   0.0000000e+00   2.6043392e-01  -6.4551661e-02   4.1088945e-01  -1.3598806e-01  -1.8021255e-01  -1.5083188e-01   3.8042664e-01   1.1948535e-01  -3.5023918e-01   3.4431346e-01   6.2969657e-02  -2.2960171e-01   5.4952807e-03  -1.7165682e-01   5.2321226e-01  -7.5265941e-03   1.8589146e-01   2.4273009e-01   1.0497180e-01  -3.3030129e-01  -2.3726663e-01  -8.8309612e-02   4.5033998e-02   1.4611365e-01  -4.0956176e-02  -1.2570027e-01   4.4821584e-02  -2.9165779e-01   1.8693255e-01   1.1534485e-01   7.7176929e-02  -4.0402013e-01   1.4208732e-02   8.0238907e-02  -1.0052032e-01   3.4089747e-02  -1.2392481e-01   2.0183727e-01  -1.8854097e-01  -1.4163099e-02   3.5598191e-01  -1.8394230e-01  -7.4107667e-02  -1.6345917e-01  -1.7254348e-01   5.3046428e-02   8.4661044e-02   5.3678267e-01  -3.2900625e-01   1.8569493e-01   5.8762127e-01  -1.4378676e-03  -3.1260168e-01   3.3574842e-02   2.0630720e-01   5.2165073e-02  -4.5425679e-02   2.5151519e-01   6.1131254e-02  -1.4456471e-01   4.6639638e-01   3.8042881e-01   3.5485150e-01  -7.5262037e-02  -2.1018683e-01   3.2503907e-01  -2.3285896e-01  -2.1174823e-01   6.6006688e-01   2.1208982e-02  -1.6477529e-01  -1.1546009e-01   4.1891287e-02   1.9043707e-01   3.6656427e-02  -4.7393286e-02   5.0203985e-01  -7.2152594e-02  -2.4291818e-01   1.7221133e-04   3.1171633e-01  -2.1652061e-01   1.7858361e-02   2.6723385e-01   2.3938931e-01  -2.3623913e-01   4.8272824e-01  -1.3347156e-02   4.1448708e-01   1.8653544e-01   7.0740837e-02   1.9010277e-01   1.7977866e-02   4.2483205e-01  -5.1698879e-02  -9.9627957e-02   2.1734562e-01   4.9523254e-02   1.0905685e-01  -3.3089953e-01  -1.2800841e-01   5.6493976e-01  -5.5660916e-02   3.9744678e-02  -2.7117816e-02  -4.3656066e-02  -1.8605237e-02  -1.4086566e-01  -6.0545515e-02  -1.4282632e-01   1.8843523e-01  -2.1057071e-01   7.6054194e-02   6.6881049e-01   3.5514578e-02   8.5444189e-02  -3.7267280e-01   1.2350823e-01   2.7795629e-02   3.7615217e-01   2.9196823e-01   3.4360071e-01  -2.6556464e-02  -5.2756498e-02  -2.3959997e-02  -3.9653403e-02   4.2093075e-02  -1.8075292e-01  -1.0720850e-01   2.0850169e-01  -9.2082382e-02  -2.5528253e-01   3.6804347e-01   1.1984308e-01   2.7087595e-02  -3.0557603e-02   1.2018039e-01   1.0034606e-02   8.6892779e-02  -1.5868589e-01  -2.2241038e-01  -4.6399624e-01   1.3041011e-01   5.0314555e-02   2.1381858e-01  -3.8659474e-02  -2.6482896e-01   6.8649443e-01   6.9518462e-02  -3.6922537e-01   4.6935181e-02  -7.4273226e-02   2.3089571e-02  -1.9353622e-01   4.4854723e-02  -4.8204377e-02   2.5723683e-01  -3.2126051e-01   1.2891939e-01  -2.1042986e-01  -2.7933587e-02  -1.5736065e-01   4.3553375e-02   3.9187205e-01  -6.8450989e-02  -4.2917580e-01   3.4173995e-02   4.2812166e-01   1.9959586e-01   2.1384238e-02   7.7482491e-02  -2.8242180e-01   1.3476910e-01   8.6540650e-02  -3.6391489e-01
   2.4599740e-02   2.6043392e-01   0.0000000e+00  -5.1293011e-03  -2.4760488e-01   4.2115472e-01  -3.0399140e-01   2.3258933e-01  -2.9486936e-01   3.3653149e-02  -4.5382345e-01   5.8504872e-01  -3.4870181e-01  -7.1234038e-02  -6.3385320e-02  -3.0462664e-01   7.8194922e-01  -3.1459675e-01   6.2963428e-02  -1.6467814e-01  -4.3034330e-01  -2.0022793e-01  -3.4838011e-01   4.3453281e-01  -3.1395260e-01   1.3621540e-01   7.3154763e-02   1.3503185e-01   1.8439777e-01  -2.3829762e-01  -4.2981182e-01   1.8380312e-01  -1.1226140e-01  -2.0410629e-01  -2.8051924e-01  -5.0841765e-01  -8.5995704e-02   3.7416364e-01  -4.3544763e-01   1.7694942e-01  -3.2710865e-02   2.2027208e-01  -2.2768772e-01  -1.2131762e-01  -1.0070263e-01   6.5061350e-01  -3.8073221e-01  -4.6109584e-01  -7.8316823e-02   2.9695259e-01  -3.9486017e-01   4.8936385e-02  -1.8555390e-01   4.0736977e-01   1.1795622e-01   2.1211571e-02   5.2703509e-01  -1.3834369e-01  -3.6908719e-01   2.7914496e-01   7.1866433e-01  -2.9543856e-01  -8.2435540e-02  -4.9042086e-01  -5.1092156e-02  -2.9271046e-01   2.9805418e-01  -1.7276366e-01  -1.0125086e-01   7.4006836e-01  -7.5770853e-04  -1.4717579e-01  -2.3125173e-01   5.4357016e-01   1.6906526e-02   5.2924402e-02   6.5893080e-01   6.9751295e-03   1.1922549e-01  -5.9707515e-02  -1.1636738e-01  -1.8843071e-01  -9.7065791e-02   1.7755127e-01   3.8883672e-01   7.5297876e-02  -2.7895716e-01   2.0248944e-01   1.8813589e-01  -4.1341466e-02  -1.2973798e-01   8.5130803e-01   1.5629518e-01  -2.4195812e-01   4.3851002e-01  -1.0315934e-03  -3.2824704e-02   1.1005004e-01  -2.3682863e-01   2.9156621e-01   1.8070742e-01  -4.1175506e-01  -2.6876252e-02  -6.0283877e-02  -4.2711009e-01   5.4634422e-02   2.9187649e-01   3.7640639e-02   1.8581366e-01  -2.2546248e-01   7.5147381e-02  -2.1125158e-01  -5.1287139e-02   1.3418188e-01   4.8021029e-01   5.8354658e-02  -1.2764856e-01  -1.0945398e-01   2.1949475e-01   4.6446958e-02   7.0939057e-01  -2.2408237e-01   3.1769845e-01  -2.2776569e-01   5.6488459e-01   5.0572913e-01   2.7431857e-01  -1.1882240e-01  -2.6284644e-01   6.0345163e-01  -5.5629408e-01  -4.4140972e-01   4.8233734e-01  -2.3878717e-01  -1.5530911e-01   1.3559227e-01  -3.3978166e-01  -2.2234868e-01   1.9197822e-02   2.5080695e-01  -1.5620587e-01  -8.7281125e-02  -3.4573392e-01   3.0803703e-01   3.4458234e-01  -6.6177462e-01   3.7671333e-01  -4.9345396e-01  -3.0478620e-01   1.0400755e-01   5.0537674e-01   1.8233111e-01   6.1952309e-01  -6.1076974e-01   4.9491512e-01   1.4958153e-01   7.3089471e-01  -2.5770665e-01   7.5567167e-01  -1.1661940e-01   1.8775641e-01  -3.9333665e-01  -2.5932795e-01  -6.0797751e-01   1.4848220e-01   1.6416319e-01  -3.6965552e-01  -4.5672630e-02   4.9374837e-01  -4.5851698e-02  -2.4921338e-01   5.6481632e-01  -6.1759752e-01   4.0505801e-01   1.0198061e-02   2.2774328e-01  -2.4846287e-02
   2.2467266e-02  -6.4551661e-02  -5.1293011e-03   0.0000000e+00  -2.1882760e-01  -1.4048654e-01  -8.7404162e-02  -1.9872391e-02   2.9294188e-01  -4.0180059e-03  -1.9340973e-02   2.2765193e-02   1.3007101e-01   9.4396763e-02  -4.9539942e-02  -1.8692531e-01  -9.3925923e-02   1.5465756e-01  -1.4788536e-01   3.3283043e-01   1.2547187e-01   5.6246592e-01  -3.0710110e-02  -1.1538423e-01   3.6142207e-01   8.8090892e-02  -1.1283034e-01  -3.8291048e-02  -2.9252062e-01   2.4443999e-01  -1.8916400e-01   3.8203803e-01   2.9489186e-01  -2.2799837e-01  -9.3191528e-02   4.4394868e-02   1.2487889e-01  -8.7000626e-02  -9.3905657e-02  -1.9904822e-01  -1.3813258e-02   4.8494059e-01  -1.4803735e-02   1.5220542e-02  -1.0165645e-01  -1.9039730e-01   2.3567978e-01  -1.4929705e-01   4.7728995e-03  -3.6896818e-01   2.6462059e-01  -9.4036178e-02  -2.4227314e-01   2.5023673e-01   2.2162221e-01   1.6011945e-01  -1.0336928e-01   3.3069347e-01   3.0661697e-01  -2.7205891e-02  -2.6357769e-02   2.6418879e-01   2.7869900e-01  -1.0797010e-01  -1.2286574e-01  -5.2352229e-03  -1.8929566e-01   4.3128266e-01   1.6464518e-01  -1.9105367e-01  -2.5551712e-03   3.7337361e-01   2.2265773e-01  -2.0993529e-01   2.8399564e-01   2.2721811e-01  -9.8675767e-02   9.7344217e-02  -3.1200117e-01   2.7996661e-01   8.5444809e-02  -1.6265170e-01  -1.6474869e-01  -1.1779861e-01  -2.9714906e-01   1.9025069e-01  -1.0328799e-01   2.1493175e-01   3.0488042e-01   4.5190600e-02  -2.7925469e-01  -7.9538647e-02  -2.7734684e-02   2.3989003e-01  -6.1308501e-02   1.4096050e-01   4.4570189e-01  -1.4525647e-01   3.2510951e-01  -1.9524940e-01  -1.9324413e-01   1.7071544e-01   3.2347402e-01  -3.2600418e-02   3.3192005e-01   6.7858989e-01   2.8596449e-01  -2.6860633e-02   1.7915822e-01  -2.3046331e-01   1.4372486e-01   1.4437880e-01   7.3765613e-01  -7.3203119e-02  -1.6680497e-01  -2.6199304e-01   5.3174447e-02   2.8501802e-01  -2.1951356e-01   6.0841797e-01  -1.0045614e-01   9.9720945e-03   2.1329978e-01  -3.4486411e-02  -7.0294180e-02   1.5002838e-01  -1.7202044e-01   3.2945674e-01   6.1804427e-01  -4.0745486e-01   4.0659335e-03  -1.5618281e-01  -1.4181252e-01  -1.4497760e-01   4.9318360e-01   7.1267759e-02   4.9053725e-01  -1.0700598e-01   2.0364174e-01   1.3396641e-02   7.4548840e-02  -3.6714011e-01   2.9154926e-01  -1.1626880e-01  -1.6024524e-01   7.9930294e-02  -6.0978420e-02  -6.3792160e-02  -4.3496055e-02  -9.8766787e-02  -7.9005357e-02   3.6361596e-02  -1.3812817e-01  -2.2502500e-01  -2.9173372e-01  -1.2059833e-01  -9.0537554e-02   3.9108403e-01  -7.5260333e-02  -3.9220693e-02   2.3941567e-01  -1.0437202e-01  -2.7235851e-01   3.6533077e-01   4.9757084e-01  -9.8733541e-02  -1.2621629e-01  -2.9866936e-01  -1.5640905e-01  -2.9456392e-01  -7.0753593e-02  -1.2546926e-01   2.6670344e-01  -3.1133314e-01   1.9011668e-01   4.3794987e-01   3.6436103e-01
  -2.1577596e-01   4.1088945e-01  -2.4760488e-01  -2.1882760e-01   0.0000000e+00  -2.5604707e-01   1.6626847e-02  -8.3824020e-03   3.3346215e-01  -1.9644775e-01   2.7020923e-01  -2.4256142e-01   1.2712235e-01  -3.1586646e-01   1.6328430e-01   1.6381687e-02  -8.6992612e-02   3.5780548e-01   2.5024092e-01   3.2856326e-01   2.1745387e-01  -1.7050145e-01   1.0912511e-01  -3.1952027e-01   2.5390326e-01   9.9476275e-02   4.9633715e-02  -1.7256374e-01   3.5578964e-02  -3.1779741e-01   6.4373767e-01  -1.5456308e-01   6.5972793e-02  -4.9885217e-02   3.2905692e-01   5.4577789e-01  -3.2472593e-01   2.1295421e-01   1.6886088e-01   1.2023147e-01  -3.4863283e-02  -2.0963284e-01   4.0403286e-01  -1.7353896e-02   2.1146437e-01  -1.3457002e-01   1.3413347e-01   3.1786336e-01   2.6889079e-01   1.7395212e-01  -1.0057166e-01   5.1420744e-02   4.3957985e-01  -2.5077202e-01  -5.1196169e-01   1.6094039e-02  -1.5931663e-02  -1.0074752e-01   1.0577763e-01   3.6827155e-02  -7.1274577e-02   3.1020604e-02   2.8954709e-01   3.8057367e-01   3.6468038e-01  -2.5401681e-02  -3.4098460e-01   4.4190670e-01  -9.3257323e-02  -4.7646489e-01   1.3508507e-01   3.1032373e-02   2.7610965e-02  -4.2874597e-01  -1.3076457e-01  -5.7546899e-02   3.1106102e-02   6.3937553e-02   5.4265039e-01   1.2226075e-01  -2.2183350e-01   8.0022047e-02   1.1700607e-01  -4.4854176e-02  -1.2164079e-01   6.8044412e-03   4.5053783e-01  -5.0285302e-01  -4.7462052e-02   4.4552741e-02   6.2341976e-01  -2.1056754e-01  -9.6744380e-02   3.0940387e-01   1.4321535e-01   4.1864518e-01  -1.4395467e-01  -6.3354128e-02   4.5473539e-01  -1.3380720e-02  -1.3789785e-02   1.8026844e-02  -1.3136481e-01   3.1973526e-01   4.7790814e-02  -2.0767026e-01  -1.5716247e-01   5.3398305e-02  -1.2168944e-01  -1.0299408e-02  -1.2739976e-01  -2.0191602e-01   2.2893185e-03  -6.9435744e-02  -2.0200824e-01   6.2205258e-01   7.8411463e-02   4.9202973e-02  -4.1622312e-01  -1.9833612e-01  -3.1437092e-01   5.5662158e-01   6.2735155e-02   4.3306368e-01  -7.5186157e-02  -4.9484971e-01   5.5240397e-02   1.8762566e-01   3.2423760e-02  -4.8192883e-01   1.8998433e-01   5.7247934e-01  -3.5193795e-01  -1.7421094e-01   2.0961287e-01   9.0912854e-02   1.5401233e-01  -4.6226358e-02  -1.0385279e-01   3.7776994e-02  -1.2749935e-01  -2.2397932e-02   1.5335849e-01  -5.1261349e-01   8.5826001e-02   4.1460730e-01  -2.2767577e-01   2.1150812e-01  -8.0177438e-02   2.0950247e-01  -1.5269593e-01  -2.1140299e-01  -3.4304783e-01   4.1195904e-01  -3.5741186e-01   1.1194347e-01  -1.3867726e-01  -1.0726950e-01  -1.9583980e-01  -5.5036955e-02  -9.6905426e-02   1.3710571e-01   2.6263223e-01   1.8094409e-01  -1.3107875e-01   1.6758044e-01   2.1714694e-01  -7.4031066e-02  -1.3182214e-01   3.4166294e-01   1.7965458e-01   6.3756311e-02   3.3284918e-01  -3.0722204e-01   8.1887058e-02  -6.2480364e-02  -1.4990957e-01
   5.2471161e-02  -1.3598806e-01   4.2115472e-01  -1.4048654e-01  -2.5604707e-01   0.0000000e+00  -5.4870172e-01   4.1547425e-01  -1.9529474e-01  -2.7674903e-02  -2.1241443e-01   7.7368840e-02  -3.0885016e-01   4.4401524e-02  -1.1544565e-01   4.6048225e-02   3.3309512e-01  -1.7941045e-01   5.5028067e-01  -1.6266681e-01  -4.5190794e-01   1.6026996e-02  -4.2510670e-01   3.8956718e-01  -1.7653652e-01   4.9364993e-01   5.6711756e-01   3.1636383e-01   1.5192983e-01   8.2514912e-02  -3.6281928e-01   2.5088920e-01  -2.5097094e-01  -2.7859089e-01  -5.8000239e-01  -3.7775443e-01   2.7608366e-02   1.5620726e-01  -2.2897583e-01  -2.9405607e-01  -4.3271661e-02   1.2708581e-01  -3.8502268e-01   1.7071276e-01  -1.4223238e-01   4.7706296e-01  -2.4160936e-01  -6.2070394e-01  -1.8755095e-01  -1.0833850e-01  -3.6187269e-01   5.0844862e-01  -3.5640586e-01   2.9823718e-01  -7.5355983e-02   2.4329332e-01   7.4387234e-01   1.4863159e-01  -3.3405595e-01   6.3706912e-02   4.9996109e-01  -1.7722211e-01  -9.4588343e-02  -3.3122965e-01  -2.4139610e-01  -4.4322018e-01   9.1326067e-01  -1.8544689e-01   2.9100532e-01   4.0047237e-01  -4.9298311e-01  -1.8242874e-01  -3.9936025e-01   3.7618437e-01   4.0001510e-02   3.2867519e-01   4.0400901e-01   3.5096180e-01   1.0228497e-01  -3.7936658e-02   9.3271132e-02  -8.0757892e-02  -2.6496709e-01   6.0948135e-01   2.7138174e-01   3.7309737e-01  -6.3584777e-01   1.2200776e-01   9.5206099e-03   3.6355790e-03  -2.1146848e-01   5.5366699e-01   1.8457772e-01  -2.3417411e-01   3.3796784e-01  -2.4520613e-01  -2.6312665e-01   7.2961218e-01  -1.7594467e-01  -2.9104092e-01   1.8129469e-01   1.5403523e-01   1.4552690e-01  -3.1714657e-02  -2.6643996e-01  -2.7425362e-02   2.7914206e-01   6.5937660e-01   4.7450247e-02  -1.1360187e-02  -2.5796606e-02   2.7868923e-01  -2.3900860e-01   1.8514938e-01   3.7004812e-01   3.2497459e-02   1.6402122e-01  -3.4214570e-01   5.7080376e-01  -3.8787593e-02   4.0484709e-01  -2.5514873e-01   2.5902321e-01  -1.9752260e-01   4.3067526e-01   3.8840738e-01  -3.0226246e-02  -1.1459020e-01  -2.1073594e-01   4.7218558e-01  -3.5944879e-01  -4.9195585e-01   4.7362601e-01   8.6666416e-02  -1.2466090e-01   4.1254190e-01  -3.8856681e-01  -2.9927532e-01   3.3229405e-01   2.6439426e-01  -9.2509654e-02   3.7047537e-01  -1.4526124e-01   5.0862084e-01  -9.4258033e-02  -2.7264094e-01  -3.8364315e-01  -4.7772831e-01  -3.4427995e-02  -2.1041804e-01   3.3407758e-01   1.6932589e-01   3.2519220e-01  -1.4354498e-01   2.8092932e-01   3.3973273e-01   5.4112434e-01  -2.9644993e-01   5.0370235e-01  -4.8776537e-02   1.0783532e-03   8.5506539e-02  -3.2432944e-01  -5.3603118e-01   2.5719047e-01   1.5140175e-01  -1.9294060e-01   2.3342034e-01   3.6522790e-01  -1.6109628e-01  -3.6179993e-01   4.6118920e-01  -4.1224043e-01   7.5064681e-01   1.7662455e-01   1.7332231e-01  -1.6585091e-01
  -4.2062517e-01  -1.8021255e-01  -3.0399140e-01  -8.7404162e-02   1.6626847e-02  -5.4870172e-01   0.0000000e+00  -4.4639096e-01  -1.2767041e-01   4.6059301e-01   1.5642011e-01   1.0542479e-01   2.5650222e-01  -2.7279851e-01   1.0898290e-01  -1.5108871e-02  -4.5701849e-01   2.7610550e-01  -4.7281822e-01  -6.2952896e-03   3.9572722e-01  -9.7378672e-02   7.6606166e-01  -5.8847238e-01   1.3549029e-01  -5.7011474e-01  -3.1443127e-01  -4.9264176e-01  -2.2834210e-01   2.4739119e-01  -8.6930444e-03  -1.5800895e-01  -2.9202115e-02   6.7819193e-01   5.2291993e-01   1.8097027e-01   2.4454072e-01  -2.7517192e-01   2.0062334e-01   3.0648285e-01   4.6802010e-02  -1.8986868e-01   3.0008515e-01  -3.6099318e-01   7.7750408e-02  -2.4366454e-01   1.5319680e-01   6.9701798e-01  -1.4931909e-01  -4.6523448e-02   3.0878412e-01  -5.2366090e-01   1.6800326e-01  -2.2678636e-01   2.3081781e-01  -1.8689965e-01  -5.1525534e-01  -3.1462979e-02   3.1875438e-01   2.9219762e-01  -3.0270754e-01   2.2199047e-01  -8.9348250e-02   6.4407565e-02  -1.3211435e-01   6.8694317e-01  -4.4279587e-01  -4.7141083e-02  -2.1800082e-01  -4.3543847e-02   3.9834321e-02   1.2056676e-01   2.9676982e-01  -1.0982277e-01   5.8179741e-02  -2.5413106e-01  -3.0149330e-01  -3.9930618e-01  -3.3595281e-01   5.5528850e-02   5.7124858e-02   1.5632957e-01   4.3937773e-03  -5.0932076e-01  -2.7029738e-01  -3.2840888e-01   4.9742641e-01  -1.7640639e-01  -2.8220122e-01  -4.5207141e-01  -3.0225694e-01  -4.6375694e-01   1.5976694e-01   1.1058985e-01  -2.9200773e-01  -2.3098480e-03   1.1197492e-01  -4.5240989e-01  -1.0696512e-01   4.8079774e-01  -5.5005554e-01   1.9065317e-01  -1.9706816e-01  -5.9979171e-02   2.7761435e-01   6.0280954e-02  -1.7085829e-01  -5.1326763e-01  -1.4203174e-01   1.3577034e-01   2.2060999e-01   2.4849588e-02   1.0722731e-01  -4.5257978e-01  -5.5040120e-01  -2.6936765e-01  -2.7371893e-01   2.2770257e-01  -3.7458694e-01   1.5436322e-01  -2.6421150e-01  -8.6285921e-02  -2.8387121e-01   7.9511372e-02  -5.8921618e-01  -2.3779591e-01  -4.3976129e-02  -3.5571568e-03  -2.3246380e-02  -6.8050522e-02   3.2134002e-01   2.5032537e-01  -2.3116552e-01   4.2707807e-01  -4.8563348e-02  -4.2910030e-01   2.3671239e-01   1.0466612e-01  -2.6465460e-01  -5.3282879e-01  -1.6872290e-01  -1.2273705e-01   4.8686381e-02  -4.3410468e-02   6.4419133e-02   2.1065923e-01   2.8705389e-01   3.8941324e-01   3.2372686e-01  -1.7013814e-01  -4.9080919e-01  -1.4105429e-01  -2.4927005e-01  -7.4247893e-02   1.1187841e-01  -5.7017183e-01  -2.7172080e-01   4.0586286e-01  -3.6145755e-01   3.4637918e-01  -2.5275872e-01  -5.6390512e-02   3.7714816e-01   3.9161620e-01  -3.3350867e-01  -1.2816194e-01   2.4485710e-02  -3.5827128e-02  -2.0487024e-01  -3.5678914e-01   4.2770952e-01  -3.5004732e-01   4.2326886e-01  -4.3380992e-01  -2.4839291e-01  -2.3544041e-01  -1.2739211e-02
  -9.3133432e-03  -1.5083188e-01   2.3258933e-01  -1.9872391e-02  -8.3824020e-03   4.1547425e-01  -4.4639096e-01   0.0000000e+00   2.0382146e-01  -5.5585600e-01   8.6019244e-04  -2.0804474e-01  -3.0848217e-01   1.5989722e-02  -2.5356476e-01  -2.0082020e-01   1.0692227e-01  -2.3572207e-01   3.5424622e-01  -3.4019102e-01  -3.9521350e-01   2.4773303e-02  -5.1578338e-01   7.2090023e-02  -7.1910162e-02   6.4913723e-01   2.2250129e-01   2.3215619e-01   2.0929325e-01  -2.4666846e-01   1.3795969e-01   2.5682721e-02   1.4669087e-01  -2.3750069e-01  -1.5475176e-01  -3.1640324e-01  -3.3173698e-01   2.7516131e-01  -2.1219626e-01  -4.3966638e-01  -9.8035036e-02   1.6860089e-01  -2.1504905e-01   5.3345245e-01  -5.8720876e-02   3.1127306e-01  -1.4501973e-01  -3.0462102e-01   1.1288639e-01  -5.0927272e-02  -2.3002449e-01   6.1733600e-01  -2.9460553e-01   9.3486329e-02  -1.0886436e-01   2.4511448e-01   3.6909091e-01  -2.7610046e-02  -2.8592510e-01  -2.7501312e-01   4.0393762e-01  -1.2570720e-01  -5.8686041e-02   3.1071713e-02   9.6133676e-02  -5.8983491e-01   3.8909696e-01  -1.2762390e-01   2.6384551e-01   5.7199305e-02  -2.8224995e-01  -3.9082990e-01  -2.7511234e-01   8.5977541e-03   7.2149999e-02   1.6542234e-01   3.3950189e-01   4.7477784e-01  -9.8412049e-03  -1.3330120e-02   9.6285188e-02  -1.7120465e-01   3.6666212e-02   7.3010595e-01   2.6697815e-01   9.5174451e-02  -1.2883076e-01  -5.0007097e-02   8.3936098e-02  -6.2128417e-02  -8.3397597e-02   4.2020017e-01  -3.4597661e-01  -6.4180676e-02   3.5985103e-01  -3.3872849e-01  -2.9780387e-01   3.5218460e-01  -1.2873692e-01  -4.1280000e-01   2.3848549e-01  -1.6217227e-01   2.6366698e-01   2.0249843e-02  -4.4613591e-01  -7.7219821e-03   1.6154323e-01   4.1582940e-01  -3.5937800e-01  -1.4797483e-01  -1.2505294e-01  -4.5696472e-01  -2.7117872e-01   2.1638475e-01   3.6135373e-01  -1.0032044e-01   4.0207585e-01  -2.6633962e-01   3.6827671e-01  -2.6908065e-01   3.3976359e-01  -2.5357338e-01   1.1979013e-01  -8.9514682e-02   3.7350443e-01   6.0803971e-03   4.4516120e-02   2.4138221e-01  -9.5895068e-02  -1.8585722e-02  -4.7541839e-01  -1.6479164e-01   2.2309925e-01  -2.4728691e-01  -5.5723336e-02   6.2029201e-01  -2.5604619e-01  -4.2412583e-02   1.3221382e-01   4.4970468e-01  -2.1486352e-01   9.5670862e-02  -1.3935139e-01  -1.9849385e-02   3.1487843e-02  -5.3411712e-02  -3.4306095e-01  -3.5236798e-01  -4.9307130e-01  -2.4027061e-01   2.8570132e-01   6.2504597e-01   2.6984466e-01   4.7292508e-02  -1.4527480e-01   3.2456210e-01   3.3510043e-01  -3.5090577e-01   4.0861709e-01   1.3198227e-01   1.1447009e-01   3.8763775e-01  -4.7986973e-01  -3.5215520e-01   1.3828744e-01  -2.5563376e-01  -2.9914906e-01   7.6461946e-02   2.8465068e-01  -4.4487376e-02  -3.9671483e-01   3.6740324e-01  -3.4179216e-01   2.6759640e-01   1.2422669e-01   2.9825615e-01   1.2819655e-01
  -2.8306566e-01   3.8042664e-01  -2.9486936e-01   2.9294188e-01   3.3346215e-01  -1.9529474e-01  -1.2767041e-01   2.0382146e-01   0.0000000e+00  -3.2190733e-01   2.0508104e-01  -2.5788998e-01   1.3619207e-01  -3.3521645e-01  -7.5509273e-02  -2.1734819e-01  -1.9281349e-01   2.8280078e-01   2.2684512e-01   1.9096547e-01   2.9884426e-01   6.4756610e-02  -1.0411874e-01  -4.9308993e-01   4.0472220e-01   3.5044805e-01  -5.5522723e-02  -3.1297117e-01  -4.0948514e-02   5.0832547e-02   5.1234732e-01  -3.4706643e-02   2.4043320e-01  -3.4608249e-01   2.1536529e-01   2.7963971e-01  -2.6498372e-01  -1.0534849e-02  -4.9139577e-02  -3.6989443e-01  -2.0919367e-01   4.1871700e-02   4.6368427e-01   2.6463896e-01   1.1154634e-01  -4.2936096e-01   2.6670397e-01   2.6609323e-01   1.6453187e-01   5.3452477e-02  -1.4301971e-02   3.1989439e-01   2.7347757e-01  -1.5043770e-01  -3.6089704e-01   1.5642925e-01  -7.2693894e-02   2.4164168e-01   2.6020631e-01   9.7288090e-03  -1.7262788e-01   3.6782891e-02   7.3946068e-01   5.9436695e-01   3.6438729e-01  -4.2801565e-02  -2.5332886e-01   4.9837368e-01   1.6600488e-01  -7.0095426e-01   1.7876310e-01   1.0043221e-01  -4.7669919e-02  -6.5979610e-01  -2.0437002e-03   1.5380761e-01  -1.7608819e-01   1.5889426e-01   2.0946092e-02  -3.1476146e-02  -1.8187675e-01  -1.4902977e-01   2.3517250e-01   3.3191314e-02  -3.9713335e-01   1.6994463e-01   3.9562233e-01  -4.5430887e-01   4.9725941e-01  -2.5848589e-01   1.5604362e-01  -2.4251660e-01  -3.3939447e-01   6.4038995e-01  -6.5030025e-02   9.2205260e-02  -1.1975914e-01  -1.1018638e-01   5.0655240e-01  -4.6195725e-01  -1.8741096e-01   1.7257927e-01   1.6868428e-01   7.5968363e-01   1.9354673e-01   1.6249877e-01  -1.8591871e-01   1.6164881e-01  -1.8904097e-01   2.7870845e-02  -2.3691699e-01  -6.8168925e-02   3.8579380e-01  -3.5713559e-01  -3.2580182e-01   1.8990102e-01   2.9639702e-01  -9.8769524e-03  -4.0141437e-01   1.1168132e-01  -3.3255133e-01   2.8225114e-01   1.4771413e-01   2.4086483e-01  -3.2018418e-01  -5.4726588e-01  -1.4210150e-01   1.8415362e-01   5.0661559e-01  -7.4679358e-01  -1.1277011e-01   1.9066991e-01  -4.9794765e-01  -1.6386667e-02   7.2621786e-01   2.5765031e-01   2.8226537e-01   4.5790771e-02   1.0205904e-01   9.3299506e-02  -3.2771370e-02  -2.2971433e-01   2.0093748e-01  -6.2097035e-01  -1.1189294e-01   5.5494752e-01  -3.1578952e-01   3.0034162e-01  -7.3829113e-02   1.7252238e-01  -3.7141368e-01  -3.9060871e-02  -2.5695423e-01   2.8621687e-01  -5.8971364e-01  -1.6794108e-01  -2.8158117e-01   4.3164223e-02  -2.3587829e-01  -2.0091976e-01   1.2736708e-01   3.7622551e-01  -8.6592063e-02   2.9078356e-01   1.0387341e-01  -2.1094144e-01   8.7351391e-02  -3.2486684e-01  -2.4825783e-01   1.5019186e-01   3.1594072e-02  -1.7323337e-01   5.1494660e-01  -4.8155919e-01   6.8803142e-02   5.2467903e-02   1.1528653e-01
  -2.1708269e-01   1.1948535e-01   3.3653149e-02  -4.0180059e-03  -1.9644775e-01  -2.7674903e-02   4.6059301e-01  -5.5585600e-01  -3.2190733e-01   0.0000000e+00  -3.6713125e-01   4.7559833e-01   3.3462393e-01  -2.1331840e-01   1.9371887e-01   2.0270103e-01   9.2070468e-02  -5.2970108e-02  -2.6891127e-01   1.9960636e-01   2.2690052e-01  -1.6221592e-01   3.3300753e-01  -1.2833122e-01   2.0983203e-01  -4.3824211e-01   1.4501036e-01  -2.9270671e-01  -3.7336588e-01   3.5724453e-01  -5.1917065e-01   1.9068083e-01  -3.0063166e-01   1.8642269e-01  -2.3546248e-02  -1.0167447e-01   4.6628688e-01  -2.4167926e-01   1.2970511e-01   3.9532987e-01   1.1820347e-01   2.2271883e-03   1.4337824e-01  -5.9007743e-01  -3.5856605e-01  -1.7810413e-01  -1.7090076e-01   6.8252100e-02  -2.2849870e-01   9.9483392e-02  -6.5578590e-03  -3.4013316e-01   1.6067828e-01   1.3573268e-01   1.6078948e-01  -1.1243767e-02  -7.8470083e-03   1.4936982e-01   3.4581248e-01   5.7222339e-01  -1.1580273e-01   2.2583721e-01  -1.6818634e-01  -1.3046789e-01  -5.1371093e-01   4.6000412e-01  -6.1316768e-03   8.1664193e-02  -3.0353478e-01   1.5617012e-01   1.9348309e-02   6.7468304e-02   2.0393350e-01   2.7759130e-01   2.1224608e-01   2.2054854e-01  -1.8914392e-01  -3.5915914e-01   5.3295104e-02   3.0594827e-01  -2.8441491e-02   1.7850031e-01  -2.3941075e-01  -4.2331391e-01  -1.6626193e-01   2.5506844e-01  -6.6038329e-02  -8.8956279e-03  -1.1811506e-01  -2.3295620e-01  -3.2295710e-01  -1.3926447e-01   6.5017877e-01  -1.6027324e-02  -1.9553889e-01   1.4068023e-01   1.8957054e-01  -2.4996491e-01  -1.2423314e-01   3.5386591e-01  -4.0362228e-01   1.3331619e-01  -2.0083603e-01  -7.2878819e-02   2.1144130e-01   2.2940069e-01  -3.5581669e-02  -2.7176212e-01   2.3007214e-01   1.1362215e-01   3.5078114e-01   4.0851814e-01   3.0994756e-01  -3.0132573e-01  -2.9898571e-01   6.7497261e-02  -4.4938067e-01   2.4224476e-01  -1.6511797e-01   3.5093003e-01  -2.3556469e-02  -1.1648635e-02   8.4030078e-02  -9.6862000e-02  -3.1476242e-01   2.6940955e-01  -3.2684002e-01  -9.0302761e-02  -1.6607164e-01   2.3584340e-01   2.9408991e-01  -8.0819570e-02   1.7511463e-01   3.3687858e-01  -5.1797976e-03  -1.3506209e-01   1.8582354e-01  -2.6215044e-01   1.4233924e-01  -5.5656681e-01  -6.2049076e-02   1.3821181e-01  -5.1080395e-02   3.6891665e-01  -3.5863875e-01  -1.3353858e-01   1.5791995e-01  -1.0464242e-01   3.6577006e-01   2.9274597e-02  -2.9835572e-01  -4.3154328e-01  -1.4197370e-01  -2.5257718e-01   4.8739657e-01  -4.3465979e-01   5.6943616e-02   3.8135683e-01  -4.6775792e-03   5.4483081e-02  -3.2670538e-01  -2.1929108e-01   2.2039805e-01   8.7370125e-02  -1.5617185e-01   3.9425960e-01  -3.2245965e-02  -1.0499543e-01  -4.2044336e-02  -2.0792436e-01   4.7323787e-01  -1.6459171e-01   1.3672855e-01   3.0499656e-02   6.5347012e-02  -5.2422831e-03  -3.0864584e-01
  -9.0037465e-02  -3.5023918e-01  -4.5382345e-01  -1.9340973e-02   2.7020923e-01  -2.1241443e-01   1.5642011e-01   8.6019244e-04   2.0508104e-01  -3.6713125e-01   0.0000000e+00  -5.8425051e-01   2.6490198e-01  -1.0910753e-01   3.4146931e-02   2.3366115e-01  -4.7962993e-01   6.2203441e-01  -2.2932884e-02   1.8488369e-01   2.7966553e-01   2.5826153e-01   4.2480804e-01  -2.8458268e-01   1.9076182e-02  -1.9760235e-01  -6.1950235e-02  -1.4307435e-01   1.8792457e-01   9.7153680e-02   4.5703260e-01  -3.2715290e-01   1.8100288e-01   3.8791366e-01   2.7001367e-01   7.1627357e-01  -1.4935537e-01  -8.7847271e-02   4.2008707e-01  -5.4276983e-02   3.5924070e-01  -3.6486604e-01   1.9916217e-01   6.0686399e-02   7.2575198e-01  -8.5259728e-02   8.4934885e-01   4.1798233e-01   4.1036719e-01  -2.0073933e-01   5.5694006e-01  -2.4204427e-01  -7.7403849e-02  -3.7750775e-01  -1.5201836e-01  -4.0617917e-01  -3.7302275e-01  -2.7813060e-02   7.6734484e-02  -3.1830338e-01  -3.0858932e-01   3.1534863e-01   1.1229113e-01   1.6435978e-01   4.7980482e-01   3.0970516e-01  -1.7667780e-01   2.0164416e-03   5.8821694e-01  -3.2084574e-01  -1.4485196e-01   3.0685505e-01   4.1064543e-01  -6.1275029e-01  -2.8656443e-01  -5.2277275e-01  -1.1097684e-01  -1.2127528e-01  -2.1192820e-01  -7.6744700e-02  -2.3722428e-01   2.6403279e-01   1.2042262e-01   3.9148702e-02  -3.9865966e-01  -4.5690543e-01   2.6708355e-01  -2.7312626e-01  -2.0993385e-01  -4.9372808e-02   5.7442092e-02  -4.8054684e-01  -3.9340898e-01   2.1804869e-01  -2.2251892e-01  -5.4554268e-02  -9.8114122e-02   5.1421816e-02   4.2201512e-01  -9.8252145e-02  -2.1186952e-01   3.8275228e-01  -2.9635107e-01   6.2580823e-02   4.6781788e-01  -3.9894972e-01  -3.6967250e-01   2.4902902e-01  -1.7183658e-01   4.1699208e-01  -2.1120993e-01   7.0927115e-02  -1.3321807e-01  -9.5689804e-02  -4.7801899e-01  -2.3110288e-01   2.0105860e-01   1.4097404e-01  -2.6450832e-01  -2.1925750e-01  -5.4486548e-01   6.8462668e-02  -3.9427585e-01   2.4407707e-01  -3.4589647e-01  -6.8401393e-01   3.9528756e-01   1.3187289e-01   2.6630099e-01  -3.4777108e-01   4.0930615e-01   5.0063174e-01  -6.0173393e-01   1.6658238e-01   2.7294370e-03  -2.8145005e-01   9.4068092e-02   1.4547657e-01  -3.7620668e-01  -7.5374018e-02  -9.6825506e-02  -3.1189897e-02   7.2244008e-01  -2.6942447e-01   2.2316591e-01   3.1904935e-01  -6.4308241e-02   6.6736277e-01   4.7826298e-01  -2.4605111e-01  -3.6264986e-01  -6.8033252e-03  -4.1930621e-01   4.9955088e-01  -4.7439100e-01   3.8801409e-02  -4.9089972e-01   1.4422360e-01  -5.2532986e-01  -1.1598656e-01   7.5607706e-02   5.1337215e-01   3.1562510e-01   6.1504354e-01   9.6830252e-02  -3.9307321e-01   4.0841294e-01   4.5373287e-01  -4.5378582e-01  -1.5466392e-01  -1.9075524e-01  -2.4783502e-01   4.9322494e-01  -4.4239851e-02  -1.5025330e-01  -2.9273437e-01   5.6636743e-01
   4.6939830e-02   3.4431346e-01   5.8504872e-01   2.2765193e-02  -2.4256142e-01   7.7368840e-02   1.0542479e-01  -2.0804474e-01  -2.5788998e-01   4.7559833e-01  -5.8425051e-01   0.0000000e+00  -3.3825193e-02  -2.8367751e-02   2.9639920e-01  -2.2966619e-01   4.4103092e-01  -3.2160020e-01  -1.3942547e-01  -3.3896138e-02  -1.5075820e-01  -3.3479819e-01  -1.2613847e-01   1.7190705e-01  -2.0652414e-01  -1.2673522e-01   9.5620199e-03  -9.8382164e-02  -1.8443094e-01  -5.9842073e-02  -4.7957056e-01   2.2308975e-01  -1.5435937e-01  -3.5633134e-02  -2.0918604e-01  -4.0483389e-01   8.4370854e-02  -1.2323614e-02  -2.2609793e-01   3.0463226e-01  -8.0176920e-02   1.9860962e-01   8.7334561e-02  -2.7160062e-01  -3.1885112e-01  -6.0440559e-02  -4.4231754e-01  -1.3012781e-01  -1.3985734e-01   3.2888312e-01  -3.5843179e-01  -2.0750315e-01   1.3339368e-01   2.7391728e-01   2.4002751e-01  -6.2525753e-02   2.5043135e-01  -2.6300050e-01  -9.4057896e-02   7.0161664e-01   1.0088984e-01  -2.2684094e-01   4.0573435e-02  -2.9411507e-01  -1.8449772e-01   1.4708021e-02   6.3954552e-02  -9.9943849e-02  -4.2564084e-01   3.3921239e-01   1.6283279e-01  -7.6073606e-02  -1.3596637e-01   5.3928228e-01   1.5675199e-01   9.4489199e-02  -1.8110069e-02  -3.3717023e-01   2.4848274e-01   1.3114326e-02  -2.0805348e-01  -1.6950222e-01   4.8530077e-02  -2.4182658e-01   1.4431590e-01   4.0033698e-02  -1.0187634e-01   2.1596907e-01   1.8402575e-01   1.9107620e-02  -1.1435005e-01   2.9286023e-01   5.6818332e-01  -1.5007541e-01   5.5239591e-02   2.2225883e-01   1.1234357e-01  -1.1752605e-01  -2.6252551e-01   3.8330334e-01  -7.9149777e-02  -2.2301808e-01  -1.6172294e-01   6.7575706e-02  -2.9753780e-01   1.5414542e-01   2.6363997e-01  -2.8693172e-01   1.3825446e-01  -3.6161437e-02   2.8588054e-01  -6.3637560e-03   1.5587136e-01   5.3518772e-02   1.4863610e-01   2.2615584e-01  -3.7864202e-01   8.9831938e-02   3.0775529e-02   1.5210194e-01   3.0174105e-01   9.6043499e-02   3.1932704e-01  -2.8946203e-02  -5.3544411e-02   5.2823582e-01   1.0817859e-01  -3.2572682e-01  -1.1712337e-01   3.6100574e-01  -2.8065989e-01  -2.0694833e-01   5.4580290e-01   1.3706475e-01   2.1189000e-02  -8.4974985e-02  -2.1125152e-01  -2.6583946e-01  -9.4444051e-03   7.1516401e-02   1.1235038e-01  -1.0386235e-02  -3.6225032e-01   3.7144231e-01   1.7016789e-01  -3.3151334e-01   4.5624054e-01  -3.1523810e-01  -1.1866927e-01   2.7499357e-01   1.0537456e-01  -2.8421520e-01   2.5041235e-01  -6.7686118e-01   6.9649186e-01  -1.2575777e-02   3.1182525e-01   1.4660218e-01   2.8238502e-01  -2.4395429e-01   8.1676973e-02  -5.3424647e-01   2.0449228e-01  -3.2952605e-01  -1.0995160e-01   3.8018756e-01  -1.5881818e-02  -1.9612724e-01   1.4623566e-01   6.0637922e-02   2.6556694e-01   1.0340407e-01  -3.0853422e-01   1.7236605e-01   2.4899193e-02   8.8853756e-02  -3.1047529e-01
   1.2273312e-02   6.2969657e-02  -3.4870181e-01   1.3007101e-01   1.2712235e-01  -3.0885016e-01   2.5650222e-01  -3.0848217e-01   1.3619207e-01   3.3462393e-01   2.6490198e-01  -3.3825193e-02   0.0000000e+00  -2.0547536e-01   3.1720814e-01   2.9236266e-01  -1.0298461e-01   3.8569968e-01  -1.1817202e-01   3.1113190e-01   5.6919617e-01   6.3254503e-02   4.4116554e-01  -2.9860787e-01   2.4029786e-01  -4.6955031e-01   6.7686035e-02  -4.0000995e-01  -2.8366112e-01   1.2396624e-01   1.1346186e-01  -2.4233919e-01   6.9678269e-02   1.5023845e-01   3.3548218e-01   3.9110041e-01   1.9325971e-01  -1.1977153e-01   4.8215433e-01   3.3840367e-01   5.6751842e-01  -1.9363277e-01   4.8340959e-01  -1.9059167e-01   1.0625907e-01  -3.8810757e-01   3.5017462e-01   3.3166583e-01   1.1535192e-01   1.6712120e-01   2.2382345e-01  -4.2902440e-01   2.7915230e-01  -2.3444370e-01  -5.1124888e-02  -4.1361121e-01  -2.3436162e-01  -4.8010965e-02   5.3330537e-01   6.4668542e-02  -3.0501395e-01   4.3149296e-01   5.8371293e-02   2.6158845e-01  -1.2632849e-02   5.5970028e-01  -1.5326146e-01   2.2790335e-01   3.4033931e-02  -2.8776998e-01   2.1292897e-01   1.6473135e-01   6.9131565e-01  -3.8157093e-01  -1.0277801e-01  -1.3462639e-01  -2.3842469e-01  -1.6537424e-01   8.6796856e-02   3.6591884e-01  -2.5959423e-01   4.9186157e-01   4.2890394e-04  -2.2930623e-01  -3.9946263e-01  -6.7325092e-02   9.5863456e-02  -3.1065720e-01  -7.6211610e-02  -9.3657269e-03   8.9001555e-02  -4.8368230e-01   8.0895719e-02   2.6909857e-01  -2.1673032e-01   1.6046790e-01   1.2003179e-01  -2.1005541e-01   4.3655627e-01   9.5143556e-02  -2.5604002e-01   9.9769038e-02  -2.1356853e-01   4.1703653e-02   3.7150207e-01  -6.0132990e-02  -3.8546223e-01  -2.6241117e-02   1.4870768e-01   2.4236945e-01   1.2309742e-01   1.2129925e-02   1.6323548e-01  -2.2997360e-01  -5.2542575e-01   1.6341222e-01  -2.6662069e-01   7.4575579e-01  -4.6047236e-01  -3.0394983e-02  -4.0162586e-01   3.9201170e-01  -1.7590170e-01   6.7917731e-02  -5.1804881e-01  -4.6306198e-01  -7.7126097e-02   1.5878554e-01   1.0287930e-01  -2.8009103e-01   6.9316109e-01   4.8851483e-01  -4.6596677e-01   2.4855212e-01   1.7301446e-01  -2.0961212e-01   3.7146384e-01   1.1879126e-01  -2.7153126e-01  -3.7072089e-01   2.0062717e-01   6.4095822e-02   3.7125914e-01  -2.0321139e-01  -1.8370462e-01   2.2377133e-01   1.6869625e-01   4.1740339e-01   3.9074345e-01   1.6001694e-01  -4.2473806e-01  -3.6371506e-01  -3.2924664e-01   4.0897764e-02  -1.3912626e-01  -2.7245388e-01  -3.9219759e-01   5.3669221e-01  -3.1208496e-01  -2.4654642e-01  -2.6911802e-01   8.9170765e-02   3.9452141e-01   5.5318791e-01  -1.7975065e-01   2.1401469e-01   2.9676552e-01   8.8848577e-02  -2.8185774e-01   9.9374545e-03   4.2055430e-01  -3.4660493e-01   4.2260456e-01  -2.2602159e-01  -1.3373150e-01  -1.4674597e-01   1.9407871e-01
   7.3691823e-01  -2.2960171e-01  -7.1234038e-02   9.4396763e-02  -3.1586646e-01   4.4401524e-02  -2.7279851e-01   1.5989722e-02  -3.3521645e-01  -2.1331840e-01  -1.0910753e-01  -2.8367751e-02  -2.0547536e-01   0.0000000e+00  -8.8951002e-02  -1.9180571e-02  -8.2777816e-02  -3.3897325e-01  -3.4759729e-02  -2.8870828e-01  -2.6673171e-01   2.6486802e-01  -2.7259606e-01   4.7939645e-01  -2.8770048e-01   6.1754503e-02  -2.1870256e-01   5.2572040e-01  -2.9095915e-02  -9.1490834e-02  -2.1628372e-01  -1.6197110e-02  -1.0886324e-01  -2.1272913e-01  -1.9954458e-01  -2.4660134e-01   1.3990288e-01  -1.8584390e-02  -1.1021868e-01  -2.7599953e-03  -1.4379390e-02   5.0920959e-02  -4.5136878e-01   1.4564294e-01  -2.3592347e-01   6.7745670e-02  -1.6132074e-01  -3.4824683e-01  -1.1722843e-01  -1.3148765e-01   2.4760956e-02   6.7167769e-02  -1.4532674e-01   8.8790662e-02   4.9608368e-01   8.8842122e-02  -4.2937889e-02  -3.8524522e-02  -1.9936360e-01  -3.6566138e-01  -4.8697469e-02  -1.6169046e-01  -2.9285958e-01  -1.4983740e-01  -8.7671293e-02  -3.7911574e-01   1.2220353e-01  -3.9542139e-01   5.6673578e-03   1.3110305e-01   7.0059622e-02  -7.7097451e-02  -1.8276600e-01   3.9368864e-01   4.6297675e-02  -3.2576300e-02  -7.6009287e-02   1.5795525e-01  -1.5670974e-01  -1.3760601e-01   3.4950300e-01  -1.8738187e-01  -7.0914832e-02   2.1167671e-01   4.2087790e-01  -1.2856545e-01  -3.3945214e-01   5.7902723e-01  -4.8661841e-02   5.3759150e-01   6.3861881e-02   1.1363629e-01  -7.9515492e-02  -2.9356218e-01   1.4917929e-02  -1.8575294e-01   1.7541865e-01   2.2315371e-01  -2.8004259e-01  -1.2464058e-01   5.5222746e-01  -2.4587746e-01   2.2611231e-01  -4.0137667e-01  -1.6259223e-01  -5.3474535e-02   1.9739722e-01  -4.1221480e-02  -3.3062340e-02  -2.3276765e-01   3.3698240e-02   4.6967206e-03  -1.9657447e-01   6.1487915e-01   4.8437818e-01  -1.8344721e-01   1.4458034e-01  -1.2345850e-01   4.6322877e-01  -1.1541605e-02   1.2380884e-01  -9.0965063e-02  -8.7846708e-02  -6.1291032e-02   3.3907906e-01   4.4254601e-01  -6.8253154e-02  -1.6254236e-01  -4.6638975e-02   2.1637690e-01  -9.7390467e-02  -1.8131255e-01   3.2035974e-01  -2.4013982e-01  -2.3882685e-01  -1.3460200e-01  -2.2725964e-01   2.6711889e-01   1.2754107e-02   4.1000005e-01   5.4125407e-01  -1.1909869e-01  -2.0171614e-01   1.7730306e-01  -8.0853042e-02  -2.2763101e-01   1.1844545e-01  -2.5431508e-01  -2.8963490e-01  -6.1079221e-02   4.5237524e-01   9.1598877e-02   2.6867605e-01  -1.1388068e-01   2.3524075e-02   3.4752126e-01  -3.1940080e-02   2.0887417e-02   1.1058414e-01   1.2019032e-02   6.0993154e-02  -2.5150275e-01  -1.6837356e-01  -2.1216445e-01   1.8835189e-01  -2.8576574e-02  -5.8617116e-02   8.4552756e-02   2.2643252e-01   8.4408763e-02  -2.9328503e-01   3.0118733e-02  -3.6383688e-01   2.0590290e-01  -2.1820317e-02   9.9564219e-02  -9.6680131e-03
