   0.0000000e+00  -1.5803681e-01  -2.0655201e-01   2.7663024e-01  -2.0864242e-01  -4.3737422e-01  -4.1573523e-01   3.0861207e-01   1.8833683e-01  -3.1972844e-01   7.7397084e-02  -5.4589567e-01  -6.6713812e-02  -3.2200754e-01   1.0683598e-01  -5.8007430e-01  -4.7545670e-01  -7.1631811e-02   5.5792035e-02   4.3868620e-02  -3.2777903e-01   4.9791186e-01  -5.9612055e-01   7.9504590e-01  -4.2157966e-02   2.2650938e-01  -6.1796218e-01  -4.3033325e-01   1.9829484e-01  -1.2733129e-01  -5.3547784e-01   3.5892582e-01  -3.3492523e-01  -3.9140800e-01   1.8447787e-01  -8.2762753e-02   1.2685436e-01   5.8161285e-01  -6.0557402e-01  -7.5483974e-01  -2.5732149e-01   1.0671688e-02   3.8502856e-01  -2.6713527e-02  -2.3490162e-01   6.7289089e-01  -3.7766601e-01  -5.7846871e-01   2.0094456e-01  -5.5592320e-01   3.2442278e-01   2.7697033e-01  -3.0939938e-01  -5.0437255e-02  -5.7048058e-01  -2.3975655e-01   3.2160167e-01   3.7148759e-01   1.6904781e-01   3.2860448e-02   2.5439367e-01  -3.0960747e-01   1.1952071e-01  -3.1083645e-01   2.5645124e-01  -8.9518957e-02  -3.6286079e-01   9.5793714e-02  -4.4520351e-01   4.5054835e-01  -3.6918847e-01   2.2920669e-01  -1.5523174e-01   4.4858600e-01   1.3417915e-01   3.7254395e-01   6.4903865e-01   9.0986979e-02  -4.4725869e-01  -2.9205886e-02  -4.1678887e-01  -1.7551132e-01  -5.9803983e-01   2.0376692e-01  -4.4691227e-01   5.5357575e-01  -1.1399557e-01   7.0769185e-01  -1.3942519e-01   7.5722164e-01  -1.4361792e-01   4.2927849e-01  -4.0371698e-01   3.4457320e-01   8.1191196e-01  -2.9433864e-01  -2.6608949e-01   1.9949913e-01  -2.6582130e-01  -4.4114074e-02  -5.8906061e-01   2.5318302e-01  -6.8815970e-02   5.3252163e-01   5.5925020e-01   3.0953950e-01  -3.2539053e-01   3.6498270e-01   7.8384254e-03  -9.9750677e-02  -6.3165590e-01   2.5420290e-02   2.9004507e-01   7.9942306e-01  -5.5355028e-02  -1.4204907e-01   2.8007201e-01  -2.7752072e-01  -6.4607093e-01   4.2829189e-01   7.2157168e-01   1.4049176e-01  -3.5018934e-01  -1.0134227e-01   6.9607083e-01   8.3180108e-01   2.3667119e-01   1.2301617e-01   6.1412821e-01  -5.9556264e-01  -3.8688657e-01  -4.6974602e-01  -1.6056382e-02  -2.8207290e-01   3.5375623e-01   3.0263425e-01  -1.5469203e-01  -3.3365804e-01   3.7044898e-01   7.9258971e-01   1.3042407e-01   1.9286497e-01   4.8427042e-01  -4.0542206e-01  -4.9461168e-01  -2.0064043e-01  -6.1012095e-01   2.2082786e-01  -5.4813586e-02   9.0856975e-02   6.2544057e-01  -5.6140728e-02   6.4162452e-01  -5.3816718e-01  -5.1929113e-01   6.6220611e-01   7.8599283e-01   1.0235714e-01   3.1179575e-01  -4.0367436e-01  -3.6648228e-02   2.0627788e-01  -3.3659272e-02   4.3592270e-01   4.5025326e-01  -2.9903006e-01   1.7505705e-02   1.3914751e-01   1.0113621e-03  -3.4218975e-01   3.1070059e-01   4.5971385e-01  -1.6048214e-01  -2.0965366e-02  -4.9008994e-01  -1.4653654e-01   4.4168364e-01
  -1.5803681e-01   0.0000000e+00   1.2638756e-01  -2.7841798e-01   1.9096780e-01   1.4552849e-01  -1.2223089e-01  -1.0179058e-01   1.2639377e-01  -1.3635543e-01  -3.4031590e-01   2.1262713e-01  -1.4814964e-01   2.1697509e-01  -1.5161066e-01   9.8744323e-02   2.3941939e-01  -1.9332658e-01   1.1415872e-01  -1.8543101e-01  -1.5215401e-01  -2.5307404e-01  -2.8677348e-01  -6.9600303e-02   2.4465050e-01  -1.6405814e-02   9.9128639e-02  -2.7565033e-02  -1.7165889e-01   7.8503301e-02  -2.1112650e-02   3.0327862e-02   3.5211054e-01  -2.7132914e-01   1.0219654e-01  -2.2750245e-01  -2.8980614e-01   1.1598807e-02   1.6060092e-01   1.5603319e-01  -9.2596982e-02   2.2649706e-01  -9.7803749e-02  -1.5308870e-02  -2.5144130e-01   7.9847268e-02  -6.8927612e-02   1.5744906e-01  -3.0774657e-01   2.9660179e-01  -2.9810725e-01  -1.1436310e-01   4.4538059e-01   1.2055216e-01   8.6298020e-02   1.7501424e-01  -3.7646119e-02  -3.5890370e-01  -2.0610788e-01   3.5603673e-01   1.7790490e-01  -2.3380467e-01   1.3728879e-01   1.6466116e-01   1.2099265e-01  -3.1504551e-01   6.1168680e-03   1.6116079e-01   1.0078925e-01   2.1056221e-03   1.8378103e-01  -1.6698805e-01  -1.2316120e-01   1.9483752e-02  -2.2494327e-01  -9.8343784e-02   1.0601819e-01  -2.2690694e-01   4.1938268e-01   1.7300442e-02  -2.8655167e-01  -1.9362097e-02   1.6657453e-01   4.8342958e-02   2.7743472e-01  -4.4604062e-01   5.2048703e-01  -5.8433484e-02   4.4125592e-01   1.7124365e-02   7.3596680e-01   2.1421097e-01  -1.9197596e-01   6.4894227e-02  -6.9030795e-02  -1.3629978e-01   3.1799712e-03   5.6425490e-02   9.8117585e-02  -2.8983459e-01  -1.0777786e-02  -1.2203153e-01  -5.8437593e-02   2.2664269e-01  -2.8005009e-01  -2.0081336e-01   1.8274765e-01  -1.0255346e-01  -4.9075971e-01  -1.1146960e-01  -1.8838330e-01  -2.0512795e-01  -4.8516566e-01  -7.0396735e-02  -4.2306859e-02   5.9031666e-01   1.7527687e-01   1.6304045e-01   8.1084083e-02  -2.2419240e-01   4.7806455e-02   3.1298056e-01   4.7371090e-01   5.9067584e-01  -3.2889557e-02  -2.7399720e-01   1.0765424e-01   1.1509447e-01  -2.9906400e-01   5.1826084e-02  -3.4297927e-02  -2.6321675e-01   4.1949172e-01   8.3516965e-02   1.4698944e-04  -1.2322433e-01   8.0369355e-02  -2.4446776e-01  -2.0375922e-01  -4.7514291e-02   1.5224026e-01   1.5868967e-01  -2.1750408e-01   4.1620351e-02  -2.6009563e-01   1.7485031e-01  -5.9413434e-02   1.0578046e-01  -3.2008141e-01  -3.5086604e-01   4.8008649e-02  -1.6760344e-01   1.3199601e-01   1.5130219e-01   5.9699094e-01  -1.1035556e-01  -6.0464712e-03  -1.4973000e-01   2.3293472e-01  -1.8741940e-01   3.4943114e-01   6.8844973e-02  -6.4749522e-02   4.6753310e-02  -9.4791771e-02   1.2599279e-01   2.7894562e-01   3.4601852e-02   2.1088375e-01   4.8097661e-01   4.4529108e-01  -2.0874528e-02   1.6415710e-01   1.9202418e-02   3.4763966e-01   1.8073911e-01  -1.4896207e-01
  -2.0655201e-01   1.2638756e-01   0.0000000e+00  -1.2179447e-01   1.0641531e-01   3.4830904e-01   4.7522805e-01   9.9747377e-02  -2.0946370e-01   2.2903510e-01  -1.8514275e-01   7.4333281e-01  -4.7139217e-02  -2.0378856e-02   8.7725604e-02   3.9025396e-01   8.4129016e-01  -1.9098139e-01   2.9026713e-01   1.1415404e-01  -4.0182894e-01  -2.8543234e-01   2.6087231e-01  -1.5785455e-01   3.0782624e-01   8.6512506e-02   2.5225538e-01   9.7735997e-02  -3.5614576e-02  -4.0285124e-01  -7.4115495e-02  -8.9364078e-02   3.4828849e-01   3.0521354e-01   1.2389542e-01   1.2443163e-01  -1.5742358e-01   2.0628077e-02   3.7496747e-01   4.9655191e-01   1.3293135e-01   2.7493002e-01   5.5507356e-03   1.0182135e-01   1.0171904e-01   7.5003329e-02  -1.6448242e-02  -8.8714847e-02  -2.6706512e-01   4.6125964e-01  -2.3503850e-01   1.1915317e-01  -8.2633883e-02   3.5724671e-04   1.5769117e-01   2.7782849e-02   6.2222809e-02  -1.9694446e-01  -1.7519267e-01   3.3067107e-01   4.6956737e-01   3.0046151e-01   1.8493519e-03  -1.1834323e-02  -5.3919978e-01   9.2036367e-02   4.5050720e-01  -4.2253704e-02   1.1671724e-01   4.8145741e-01  -1.5286062e-02  -1.8471861e-01  -1.5524441e-01  -5.4263241e-02  -1.4330214e-01  -1.3642150e-01   1.7547623e-02   2.0748551e-02   1.6484259e-01  -2.0865659e-01   5.3349939e-01  -2.2824102e-01   2.2618139e-01   1.7932079e-01   1.4453789e-01  -2.0853647e-01  -9.9653902e-02  -1.2707632e-01   1.9615309e-01  -2.1493078e-01   3.1625347e-02   2.9044137e-01   2.8506797e-01  -3.4530481e-02  -2.1374353e-01   1.4106731e-02   1.3769807e-01   2.2264123e-01   1.9094833e-01  -1.0738629e-02   3.4768482e-01   4.1784180e-02  -6.6016758e-02  -2.0726949e-01  -3.6929550e-01   5.7173706e-02   2.6870333e-01   1.5133873e-02  -3.3671409e-01   1.2772804e-01   3.2147934e-01  -1.2041554e-03  -2.4133539e-01  -2.0614167e-01   2.5066595e-01  -1.9493599e-01  -8.5855292e-02  -1.9901781e-01   3.0907213e-01  -1.6048572e-01  -4.8194396e-02  -9.8750570e-02   2.9562692e-01  -2.6490711e-01  -3.4568884e-02  -1.4346966e-01  -1.0651715e-01  -3.0394336e-01  -3.3431177e-01   6.8594210e-01   1.1747324e-01   9.7432684e-02  -6.1142686e-02  -1.9696468e-01  -2.6303765e-01  -4.5926367e-02  -2.3056750e-01   3.6514877e-02   1.4931519e-01  -2.4190457e-01   2.4172459e-01   3.5554215e-02  -1.6447995e-01   5.5439939e-01   1.3190981e-01  -4.7060931e-01   5.3479260e-01  -1.4684402e-01   2.5281222e-02  -4.4377028e-01  -1.5316046e-03   1.7495543e-01   2.0319255e-02  -5.4043025e-02   6.6292453e-01  -2.5083693e-01  -1.0739616e-01  -2.0891887e-01   3.5888809e-01   4.4084114e-01   6.7621635e-02  -1.6863104e-01   2.4535938e-01  -3.8571484e-01  -2.8289754e-02   6.6886855e-02   1.7423541e-01   6.0568821e-02   4.3532846e-01  -2.4282851e-01  -2.3269812e-01  -1.2302459e-01  -2.3220831e-01   3.1077461e-01   3.3517167e-01  -1.3888013e-01   7.8407478e-02
   2.7663024e-01  -2.7841798e-01  -1.2179447e-01   0.0000000e+00   3.8621583e-01   5.3877832e-02  -2.5410888e-02   1.9814290e-01   2.4482039e-01   2.5305410e-02   3.5563567e-01  -2.4155537e-01   3.5481464e-01  -9.2031009e-03   6.4909821e-02  -2.2764322e-01  -7.9929156e-02   4.5743643e-01  -1.8495312e-02   4.7491038e-01   2.4212005e-02   5.5472912e-01  -9.9324382e-02   8.3052649e-02  -1.8251178e-01   1.0547921e-01   6.6993239e-02  -3.1453487e-01   8.9793853e-02   2.6977041e-01  -3.6418314e-02   4.0886715e-01  -1.0839852e-01  -2.3035063e-01   8.6277500e-02   4.5306618e-01   2.1248085e-01   2.7108044e-01  -1.5141732e-01  -2.0525931e-01   4.5343832e-01  -2.5622349e-01  -6.4865848e-03  -8.7704615e-03   2.9268337e-01   2.6881470e-02   4.1379952e-01  -1.0861128e-01   2.9979782e-01  -1.9876915e-01   2.7179467e-01   2.9561159e-01  -4.2976826e-01  -1.6888679e-01  -2.1765691e-01   3.4170642e-02   1.2748615e-01   5.7200219e-01   6.4077162e-01   1.5376908e-02  -9.3140917e-02   3.1718911e-01  -4.2055755e-02   3.5361333e-02   1.3865347e-01   1.8190972e-01   2.3421916e-01   3.5838015e-01   2.0176121e-01   1.0313351e-01  -3.2611154e-01   4.3658376e-01  -4.0083203e-02   2.0197408e-01  -1.8867676e-02   3.9718133e-01  -9.2387441e-02  -2.6522449e-02   1.2309036e-01   2.5916377e-01   2.8924053e-02  -2.3833204e-01  -2.8443456e-02   1.7449002e-01  -3.1170828e-01   2.8697770e-01  -4.1273194e-01   3.3332830e-01  -2.5629719e-01   2.4846337e-02  -4.7172870e-02  -1.6699714e-01  -2.4181730e-01   4.5255625e-01   4.5007682e-02   9.6471252e-02   3.7711817e-01   1.9480217e-02   4.6197186e-01  -2.2207206e-02  -2.7892164e-01   3.3827474e-01   5.6257272e-01   3.5608734e-01   4.3510043e-01   6.9184385e-01  -2.5869798e-01   3.5063313e-01   1.3782371e-01   1.2987615e-01  -1.5160458e-01   4.4123005e-01   7.2917533e-01   4.2345267e-02  -1.2188664e-01  -1.5689587e-01   3.1010546e-01   1.6776833e-01  -1.8154226e-01   7.0085083e-01   3.0639895e-03   4.0702089e-01  -2.1766796e-01  -2.1339343e-01   6.9881748e-02   2.6952713e-01   2.4254825e-01  -1.0844520e-02   5.8601208e-01  -1.4846172e-01   1.8325644e-01   1.2899423e-01  -1.9356572e-01  -1.7253660e-01   3.9952516e-01   2.1584483e-01  -4.8314189e-02   1.2804400e-01   3.8742869e-01   1.0764855e-01   4.8224670e-02   7.8711667e-02   3.7510026e-01  -1.3052632e-01  -1.1628544e-01   2.4699614e-01  -3.1343165e-01   3.1686564e-01   2.3005873e-01  -6.4427848e-03  -1.0075156e-01   4.1721737e-01   1.8960895e-01   1.3926217e-01  -3.0593629e-01   8.2148748e-02   5.8562583e-02   5.7760667e-01  -1.9323058e-01   5.4484792e-02  -4.3555778e-02   5.0436749e-01   5.4778931e-02   3.2622421e-01   4.6911416e-01  -3.4785644e-01   1.1768327e-01   1.5908889e-01  -1.4053194e-01  -3.2039926e-01   1.0751112e-01  -2.7314992e-01   3.2865325e-01   5.5645359e-02  -1.2726424e-01  -3.0417810e-01   5.9541942e-01
  -2.0864242e-01   1.9096780e-01   1.0641531e-01   3.8621583e-01   0.0000000e+00   2.9213355e-01   3.1502055e-01  -1.1181851e-01   9.7627952e-02   3.2312125e-01  -1.7758724e-01   1.1700140e-01   4.1882715e-01   1.3269421e-01   1.5641399e-01   2.1118692e-01   2.4406473e-01   1.1269719e-01   1.2000571e-01   7.4314373e-01  -1.4132857e-01  -1.8798364e-01   1.1537892e-01  -3.5325797e-01  -8.4410405e-02  -7.3579415e-02   4.5396377e-01   8.6769669e-02   1.9681626e-01   7.6690560e-02   8.8993133e-02   2.8172164e-01   1.5917003e-01   2.9913106e-02  -1.0867205e-01   5.8739936e-01   2.9490302e-01  -2.9100212e-01   2.4888302e-01   2.5082744e-01   5.7900524e-01  -1.8185840e-01  -3.0974210e-01  -2.0448242e-01   5.4061656e-01  -2.5748439e-01   3.4131761e-01   1.5639599e-01   3.2233528e-01   1.9126509e-01   1.2396759e-01  -7.0724632e-02   7.0748312e-02  -5.8611359e-02  -1.2992730e-02   1.3519204e-01  -2.1723584e-02  -2.2018016e-01   1.9925961e-01   2.8295168e-02  -7.5528027e-02   3.9010659e-01  -9.8263091e-02   7.7686448e-02   1.4990915e-01   7.6554742e-02   2.6210209e-01   4.3055469e-01   2.6367678e-01  -1.5031520e-01   1.5613776e-01   3.4922269e-02   2.2952047e-01  -5.4906280e-02  -1.4363417e-01  -3.5428523e-02  -4.0640991e-01  -1.4387616e-01   6.9432352e-01   1.7553012e-01  -1.7255515e-02  -1.1243391e-01   2.2985363e-01   3.7099223e-02   6.9739843e-02  -1.8609581e-01  -5.2371443e-02  -4.4299424e-02  -6.8091143e-02  -4.1572576e-01   4.6053345e-01  -2.2481730e-01   8.0500792e-02   1.3432932e-01  -3.1688878e-01   5.9748351e-01   3.9236180e-01  -2.7285337e-02   6.6201855e-01   1.6554241e-01  -9.2246902e-03   1.3065624e-02   1.2673918e-01  -3.7631442e-02  -1.5287290e-01   1.4032713e-01   1.7598462e-02  -2.0161493e-02   2.1824131e-01   1.9709455e-01   9.3914881e-02   1.4423708e-01   7.4785082e-03  -2.9897648e-01  -1.2426252e-01   2.9955136e-01   1.9117617e-01   5.2491849e-01   1.1750483e-01   3.1725896e-01  -3.7211840e-01   6.6822180e-01   2.6100271e-01   1.8280682e-02  -3.7214709e-01  -2.2741561e-01   2.2315669e-01   1.0521609e-01  -1.8159097e-01   9.6471249e-02   5.0385561e-01   4.3195957e-01   3.1763411e-02   1.0136120e-01  -5.4231247e-02   1.3755883e-02   6.8617116e-02  -6.9089837e-02   1.1216898e-02  -2.8575109e-01   9.5748293e-02   1.9771608e-01   4.0450505e-02   3.1029595e-03   2.5367984e-02   8.6224297e-02  -1.2310299e-02   2.4786435e-01   1.3392037e-01   5.1839568e-03  -3.0123012e-01   8.8004734e-02  -1.1162005e-01   1.9949415e-01   1.9030216e-01  -4.2621974e-01  -2.8708037e-01   4.1177190e-01  -1.2808500e-01   9.3468322e-02   2.0529193e-01   1.0019950e-01   1.8855089e-01  -1.5847952e-01   6.0739074e-02   1.6311705e-01   3.5755241e-01  -4.1255486e-02  -5.3134294e-02   2.9292198e-01   3.4736962e-01  -5.9071961e-01   2.4543305e-01   5.9437129e-02   2.2142373e-01  -3.1078819e-01   1.3317190e-01
  -4.3737422e-01   1.4552849e-01   3.4830904e-01   5.3877832e-02   2.9213355e-01   0.0000000e+00   4.7163317e-01   9.2274031e-02  -1.4377070e-01   3.6786115e-01  -1.3252524e-02   4.0158756e-01   1.2320555e-01   8.5307872e-02  -2.7618867e-01   3.7460242e-01   3.9735478e-01  -1.1002290e-01   4.1041783e-01   2.1497197e-01  -1.9931167e-01  -7.6342689e-02   1.9349166e-01  -3.6903196e-01   1.3572473e-01   2.8105814e-01   7.2213624e-01   2.4292432e-01  -4.0486529e-01   8.5046835e-02  -7.0864568e-02  -1.9703110e-01   1.1961378e-01  -1.5964840e-02  -7.8275342e-02   3.0726101e-01  -1.2110492e-02  -2.9102919e-01   3.4484627e-01   5.4920625e-01   3.5165986e-01  -2.2322790e-01  -4.8488670e-01  -7.1962934e-03   9.5650586e-02  -1.7028188e-01   3.9613929e-01   1.7813197e-01  -2.0363887e-01   1.8626962e-01  -2.4846441e-01   1.4859576e-01  -3.7724458e-01  -3.0417259e-01   9.2166966e-02   3.1646306e-01   3.8360385e-01   5.7718098e-02  -6.0062208e-02   3.5382768e-01  -3.1996503e-02   2.8011654e-01  -3.4772813e-01  -1.6885451e-01  -3.1204429e-01   4.3093524e-01   7.7805037e-01  -1.3250759e-01   6.1402481e-01   8.4433273e-02   2.2745204e-02  -1.0556423e-01   1.8521870e-03   3.0050922e-04  -3.8354026e-01  -1.5651555e-01  -3.7803254e-01  -2.2954418e-01   2.8377674e-01  -1.7410912e-01   3.2615275e-01  -1.2731676e-01   2.6077056e-01   3.4684835e-01  -1.0795933e-01  -2.2229445e-01  -3.8281459e-01  -2.5267898e-01   1.8180612e-01  -3.6888056e-01   1.1883666e-01  -2.7051406e-01   3.4223711e-01  -9.2327429e-02  -3.5800188e-01   2.1078309e-01   8.8731948e-02   1.5888254e-01   3.2277816e-01   7.7343756e-02   7.5507955e-02   1.7749109e-01   2.9877233e-01  -2.8269050e-01  -2.0515121e-01   8.0541573e-02   1.2735437e-01   1.6544207e-01  -1.3911277e-01   2.9466461e-01   2.6298336e-01   3.5240120e-01  -1.8058310e-01  -3.7673060e-01   1.1229928e-01  -2.2459815e-01   5.6673347e-02   1.7983949e-01   4.1594561e-01  -2.7995795e-01  -3.2058587e-01   3.4885756e-01   9.3943018e-02  -3.5360149e-01  -3.7821028e-01  -3.2082888e-01   3.0703769e-02  -3.5305273e-01  -2.6751674e-01   4.9398266e-01   3.0555917e-01   2.0262693e-01  -3.3053406e-01  -1.2989764e-01  -1.0032971e-01  -6.9092786e-02  -2.5790935e-01   1.9224749e-01   2.6821071e-02  -2.7933815e-01   1.2029934e-01   1.2562623e-02  -9.8706142e-02   6.0129874e-01   1.1399172e-01   1.6504055e-03   2.4503577e-01   1.9167787e-01   4.2866452e-01  -2.9492581e-01  -2.5836440e-01   3.6676170e-01  -2.3753864e-01   1.3957521e-01   4.0659909e-01  -3.2883047e-01  -3.3390594e-01  -9.7400937e-02  -7.3071939e-02   3.3942622e-01  -5.0062479e-02  -3.3191586e-02   3.0980238e-01  -1.7252937e-01  -4.5134800e-02  -1.0014336e-01   3.3615512e-01   2.2377207e-01   1.3435266e-01  -7.7320219e-02   6.1089474e-02  -4.1896607e-01   6.9458268e-02   6.3096514e-01   1.1646930e-01  -3.5110472e-01   1.1338396e-01
  -4.1573523e-01  -1.2223089e-01   4.7522805e-01  -2.5410888e-02   3.1502055e-01   4.7163317e-01   0.0000000e+00  -3.3858928e-01  -3.0751150e-01   5.5286883e-01  -8.1697903e-02   5.4855357e-01   3.1118756e-01  -9.5248772e-02   3.2148653e-01   5.4340630e-01   4.4750682e-01  -5.7756534e-02   1.5133833e-01   4.2372394e-01  -8.0185413e-02  -2.2786001e-01   5.9697195e-01  -5.1238189e-01   1.0745514e-01  -1.5213998e-01   5.3499801e-01   3.5151767e-01  -1.1679147e-01  -1.4600163e-01   2.3775663e-02  -1.6798237e-01  -4.7517578e-03   6.2143833e-01   2.4761253e-01   5.2171204e-01  -2.6187104e-02  -3.6597775e-01   3.3556959e-01   5.9517484e-01   3.3528139e-01  -1.5159416e-02  -4.0005578e-01  -4.0478862e-01   6.3866119e-01  -3.8159037e-01   2.6237640e-01   2.5161900e-01  -1.8875354e-01   1.1821160e-01   8.9882457e-02  -2.6925474e-01  -1.8765047e-01  -3.8599790e-01   1.5863126e-01  -2.1715515e-01  -1.0886964e-01  -1.3094735e-01  -5.6710313e-02   3.2943721e-01  -1.7380320e-01   5.8864695e-01  -4.3112134e-01  -1.6366426e-01  -5.4840937e-01   6.2392175e-01   3.4438814e-01  -1.2826392e-01   1.4572946e-01   8.3812259e-02   3.5998763e-01   4.6181671e-02   2.3983607e-01  -3.0616609e-01  -4.0762793e-02  -3.3703081e-01  -4.0968597e-01  -2.7662318e-01   3.9654007e-01  -2.5244543e-01   6.5516589e-01   2.0330984e-03   9.0237074e-02  -1.1627812e-01  -1.4432093e-01  -1.7942957e-01  -1.6760075e-01  -3.8439759e-01  -2.4780089e-01  -4.8671486e-01  -1.1514902e-01  -3.7328491e-01   6.1295642e-01   8.0866654e-02  -3.8441423e-01   3.0113799e-01   2.0772133e-01  -1.6043151e-01   3.4509822e-01   5.9847629e-01   2.6463783e-01   5.0141951e-02  -8.7531757e-02  -3.5744623e-01  -1.9070623e-01  -1.2221406e-01  -1.7074836e-01  -3.2401367e-01  -5.8906095e-03   1.7631970e-01   5.2412498e-01   3.8872347e-01  -2.2661797e-01  -3.3337382e-01   2.1739280e-01  -2.5075058e-01  -2.4814547e-01   2.9650490e-01   2.9310786e-01  -6.0519851e-04  -3.8213011e-01   2.0288264e-01   3.2315257e-01  -4.5067698e-01  -4.6833864e-01  -3.3210574e-01   2.1874158e-01  -4.5828168e-01  -3.7531959e-01   5.7714133e-01   4.3082179e-01   6.6383957e-01  -3.3840401e-01   7.8528256e-02  -2.4954990e-01  -4.0981866e-01  -3.1205702e-01   1.2324354e-01  -2.5903949e-01  -3.5243290e-01  -2.3479939e-01  -7.8367209e-02  -2.7209058e-01   5.1691794e-01   5.1955717e-01  -3.5279954e-01   5.3714673e-01  -2.3098283e-02   5.1836528e-01  -6.4007961e-02  -2.6004219e-01  -7.7985097e-02  -4.1926207e-01   4.2255913e-02   2.3958971e-01  -4.1397192e-01  -3.7274450e-01  -2.3766365e-02  -1.8438508e-01   6.5331975e-01  -3.4325549e-02  -2.6543846e-01   3.2551044e-01  -3.0941530e-01  -2.5805829e-01   3.6789861e-01   4.4066567e-01  -1.7100217e-01   5.8302360e-02  -1.2399886e-01  -1.0448061e-02  -4.2565422e-01  -1.2901395e-01   3.6318856e-01   7.1413755e-02  -3.6169239e-01  -6.6010106e-02
   3.0861207e-01  -1.0179058e-01   9.9747377e-02   1.9814290e-01  -1.1181851e-01   9.2274031e-02  -3.3858928e-01   0.0000000e+00   2.6578766e-01  -2.7653654e-01   6.3383947e-02  -6.1147783e-02  -9.6764720e-02  -1.7649275e-01  -3.4196255e-01  -1.1109330e-01  -2.6188088e-02   2.2373807e-03   2.7080354e-01  -8.9293699e-02  -3.9795128e-01   3.9674834e-01  -4.3031889e-01   3.7992057e-01   8.3694056e-02   4.3607062e-01  -1.9093065e-01  -4.0096940e-01  -1.2629633e-01  -9.6139847e-02  -2.8698910e-01   2.2762260e-01   2.1999091e-01  -3.8348156e-01  -9.5751312e-02  -6.4410509e-02  -2.7457984e-02   4.0167672e-01  -8.7587905e-02  -3.1967705e-01  -3.0973878e-02   2.6244460e-01   1.4296656e-01   4.2306304e-01  -2.5778430e-01   4.5423684e-01  -1.1800474e-02  -4.1587328e-01  -2.3000212e-02  -1.4650266e-01  -1.6102366e-01   8.4294109e-01  -3.1255190e-01   1.2196194e-01  -2.2310132e-01   2.0191963e-01   3.3949756e-01   4.2006043e-01   4.9416126e-02   1.6767956e-01   4.0347093e-01   5.5513118e-02   1.6139674e-01  -3.5472108e-01  -7.6179905e-03  -2.1666286e-01   2.3417528e-01   1.2232356e-01   1.5295494e-01   4.3869909e-01  -4.5084396e-01   1.4112137e-01  -2.1407305e-01   2.4378916e-01   9.4370696e-02   5.6603622e-01   3.6558905e-01   2.0944722e-01  -1.6443037e-01   8.0983066e-02  -2.2949846e-01  -2.4485133e-01  -1.6515330e-01   8.0261496e-01  -2.1116777e-01   3.5909099e-01  -2.2788094e-01   2.1917767e-01   2.7744536e-01   3.8582096e-01   7.2173783e-03   4.9970196e-01  -4.7309414e-01   2.6945782e-01   2.7104317e-01  -2.4906787e-01   1.6267247e-01   5.5457258e-01   4.7949368e-02  -3.0899774e-01  -3.3905830e-01   4.6477326e-01   1.3838059e-01   9.3716284e-02   1.5696593e-01   5.2833081e-01   1.4366196e-01   7.3980236e-01  -2.1291733e-01   6.3499981e-02  -3.8986731e-01  -5.1360618e-02   2.5305249e-01   2.9561620e-01  -4.4846989e-02  -1.6891525e-01   4.2194854e-01  -2.8128651e-01  -2.0133390e-01   6.0376345e-02   3.8694988e-01  -6.0531652e-02  -1.3911483e-01  -9.6084409e-02   4.4726821e-01   2.1579063e-01   3.5693484e-02   5.2356533e-02   4.4533375e-01  -1.8863137e-01  -2.2829094e-01  -3.6084015e-01  -2.7381129e-01  -3.1856900e-01   2.9292617e-01   6.1289638e-01  -5.9248996e-03  -1.7535324e-01   6.2342462e-01   3.4859487e-01   2.8664869e-01   1.4346347e-02   3.3163297e-01  -1.0772707e-01  -4.0888897e-01  -2.2333126e-01  -2.9260562e-01   9.4316906e-02  -1.7186547e-01  -2.3318988e-01   3.2173293e-01   4.9613917e-01   4.4034664e-01  -9.6125946e-02  -1.4786607e-02   3.6978062e-01   3.9472315e-01   1.8707989e-02   4.5609819e-01  -2.7389044e-01   2.1442351e-01   2.9879101e-01  -1.0059862e-01   6.5505388e-02   6.3184538e-01  -3.9580328e-01  -8.8382054e-02   2.6934682e-01   1.4271260e-01  -2.6885667e-01   2.5091951e-02   1.2967307e-01  -3.0449571e-02   9.2519341e-02   9.3808963e-03  -4.3137038e-03   6.6237453e-01
   1.8833683e-01   1.2639377e-01  -2.0946370e-01   2.4482039e-01   9.7627952e-02  -1.4377070e-01  -3.0751150e-01   2.6578766e-01   0.0000000e+00  -3.7166607e-01   1.4365453e-01  -3.8538694e-01   1.8850668e-01  -2.2889938e-01  -2.7282006e-01  -1.1409799e-01  -1.9444698e-01   4.4460344e-01   4.2742549e-02  -7.6633617e-03  -1.9477298e-01   1.9854432e-01  -3.6680799e-01   2.4072442e-01  -6.6478816e-02   2.0432621e-01   7.6061478e-04  -1.8335083e-01  -2.3671480e-02   1.8864833e-01  -6.5346112e-02  -1.5912101e-01   5.6470702e-02  -4.0897028e-01   9.1941406e-02   1.1244590e-01  -3.5304853e-02   1.9974626e-01   2.9818914e-03  -3.8549729e-01   1.7738585e-01   1.1062656e-02   5.7363507e-02   1.8434114e-01  -2.1614310e-02   1.4909998e-01   1.1354126e-01  -6.2874113e-02  -7.7812585e-02  -2.4962040e-01   1.2381369e-01   3.9860370e-01  -1.9528589e-01   3.0884155e-01  -2.4032457e-01   2.6623175e-01  -1.4221738e-01   1.0190963e-01   3.7113323e-01   1.5731754e-01   2.2586040e-02   6.2098045e-02   5.8558993e-01   5.6438279e-02   1.7985075e-01  -2.4561590e-02  -9.8096410e-03   4.6023525e-01  -2.0703149e-02   8.2211275e-02  -3.4515099e-01   1.8980141e-01   1.8341809e-01   2.6566968e-01  -6.8585404e-02   4.2156209e-01   1.1872404e-01   7.5155618e-02   1.3811169e-01   3.2981643e-01  -2.9290346e-01   1.7866720e-01   1.1628737e-02   2.1205764e-01  -2.9632597e-01   3.3040679e-01  -1.6761832e-01   2.7521538e-01   3.8264988e-01   2.2354874e-01   1.0650330e-01   1.1378720e-01  -5.2907619e-01   4.5121711e-01   7.1594093e-02  -1.9675237e-01  -2.7396151e-02   1.5428984e-01   2.8392209e-01  -4.3261720e-01  -3.1685067e-01   3.2072438e-01   1.5406572e-01   3.4935132e-01   2.7461862e-01   7.4267408e-02   6.8416723e-02   2.6660624e-01  -1.6699321e-02   2.0104691e-01  -3.7570720e-01   4.2340116e-02   3.7706504e-01   4.9508845e-02  -1.6017815e-01   9.4799317e-02   2.9311704e-01   2.0177234e-01  -2.8604232e-01  -1.0207554e-02   1.7372165e-01   1.6767672e-01   5.4600418e-05   2.0683262e-01   3.1490566e-01   2.2014006e-01   2.5222452e-01   2.9622083e-01   3.7071191e-01  -2.4686855e-01   9.6352994e-02   5.8237648e-02  -2.9321139e-01   7.1291051e-02   4.9593563e-01   3.8009555e-01   1.4446826e-01  -2.8766609e-01   3.7755863e-01   1.6556502e-01   8.7746815e-02   2.6937493e-01   1.8199148e-01  -2.7504214e-01  -1.0459504e-01   2.4224801e-01  -4.3123763e-01   4.4038906e-01   1.2217432e-02  -1.5729824e-01   1.8551997e-01   8.5395255e-02   2.2600223e-01   3.1235771e-01  -2.1920723e-01   1.5882485e-01   6.7709959e-02   2.5838350e-01  -7.8604284e-02  -1.5359614e-01   4.7940442e-01   3.8635408e-01   1.9687267e-01   3.7883950e-01   4.1694115e-02  -2.8478629e-01   1.8727758e-01  -2.1834977e-01  -2.0741474e-01   3.1217858e-02   3.1300683e-01   8.4120017e-02   4.9892414e-01  -2.7675842e-01   1.4790037e-02   1.2712346e-01   9.0827484e-02
  -3.1972844e-01  -1.3635543e-01   2.2903510e-01   2.5305410e-02   3.2312125e-01   3.6786115e-01   5.5286883e-01  -2.7653654e-01  -3.7166607e-01   0.0000000e+00  -2.4288458e-01   3.4161101e-01   1.3169341e-01   4.4312107e-01   3.4715198e-01   2.7871701e-01   2.9181366e-01  -1.3428011e-01   1.0122795e-01   4.1683322e-01   2.5844701e-01  -3.9898697e-01   6.7089640e-01  -4.8573104e-01  -1.0159479e-02  -1.3674251e-01   2.8979473e-01   3.7991356e-01   2.7182046e-01   1.6000755e-02   4.8507127e-01  -6.8854793e-02   2.4744570e-02   6.2779306e-01   1.6783056e-01   1.6296836e-01   6.3894836e-01  -4.4863048e-01   1.9064196e-01   5.3547788e-01   2.8781014e-01  -3.6872100e-01  -3.0018263e-01  -1.7583073e-01   6.0208362e-01  -3.7966650e-01  -5.5662922e-02   4.2290977e-01   3.8190964e-01   1.5745047e-01  -1.9624526e-01  -2.6160248e-01   2.0764071e-02  -3.4033331e-01   4.7450457e-01   4.2674534e-03   1.2836687e-01  -3.1118271e-01  -9.8143303e-02  -2.1621975e-01  -1.4635496e-01   3.9952908e-01  -2.7251556e-01   1.5422529e-01  -2.1036708e-02   2.3095539e-01   2.8636355e-01   1.5299739e-01  -3.5962895e-02  -1.8517297e-01   3.8975394e-01  -4.8959423e-01   1.0955883e-02  -2.6184029e-01  -3.0257164e-01  -3.6719324e-01  -4.6548697e-01  -1.1239344e-01   2.7036661e-01  -2.3743252e-01   4.6298413e-01  -2.9620362e-01   3.6243357e-01  -1.2373675e-02   2.6731923e-01  -1.8655338e-01   1.5047291e-02  -3.5371340e-01  -2.3877612e-01  -5.2998278e-01  -1.4033381e-01  -3.4464006e-01   3.3497342e-01  -1.4140114e-01  -3.5388406e-01   4.1898961e-01  -7.4494124e-02  -1.7258990e-01   5.9789314e-02   6.2313933e-01   5.2804540e-01  -1.2840889e-01   9.2633291e-02  -5.7582011e-01  -4.5884459e-01   2.0881390e-02   4.1641255e-02  -2.9806270e-01   3.8256184e-01  -1.5401950e-01   6.3628622e-01   1.4542199e-01  -1.3127051e-01  -3.3918752e-01   1.8107752e-01   1.0953375e-02  -1.8640364e-01   1.8001278e-01   5.4822961e-01  -1.0566957e-01  -4.4058423e-01   2.3882540e-01   2.4651920e-01  -1.2378992e-01  -4.6652111e-01  -3.2684938e-01  -1.7223365e-02  -1.8616002e-01  -4.5847793e-01   5.0718732e-01   2.2756612e-01   4.9915539e-01   2.3864058e-02   3.1366271e-01  -6.1158284e-01  -2.8504878e-01  -3.5340222e-01   5.1688539e-01  -2.2328774e-01  -3.6509386e-01  -6.2778986e-02  -2.9016936e-01  -2.8644902e-01   4.9928193e-01   5.5060991e-01  -3.4249236e-02   6.2861681e-01  -3.0467166e-01   1.5833817e-01   4.5384002e-01  -4.1844249e-01   2.3584112e-01  -3.6616337e-01  -3.2277235e-02   2.1108865e-01  -3.9366386e-01  -3.9618043e-01  -2.3276264e-01  -2.1632922e-01   2.8338864e-01  -1.0017881e-01  -4.3985236e-01   1.6244660e-01  -5.4932130e-01  -3.1188202e-01   2.4681885e-01  -3.4002462e-03   1.5243243e-01   1.3539852e-01  -2.7217714e-02  -2.0562615e-01  -5.1970370e-01  -2.5507592e-01   4.2799661e-01   1.1142148e-02  -3.5001777e-01  -2.3157752e-01
   7.7397084e-02  -3.4031590e-01  -1.8514275e-01   3.5563567e-01  -1.7758724e-01  -1.3252524e-02  -8.1697903e-02   6.3383947e-02   1.4365453e-01  -2.4288458e-01   0.0000000e+00  -2.6313670e-01   2.3496067e-01  -2.6348633e-01  -2.7033257e-01  -1.4115490e-01  -1.4996642e-01   5.2150664e-01  -9.5810476e-02  -2.1335280e-02   2.2342018e-01   5.3048798e-01  -1.3011996e-01   6.5939641e-02  -1.5443061e-01   2.1305550e-01   8.2996194e-02  -2.9316437e-01  -3.1211172e-01   3.2932813e-01  -1.7912988e-01  -2.9922256e-02  -4.5949945e-01  -4.0020290e-01  -1.6722759e-01   2.7529418e-01  -1.4278755e-01   8.3809784e-02  -1.4692831e-01  -9.4288180e-02   2.4692033e-01  -3.8625145e-01   8.9849072e-02   2.6153797e-01  -1.1796371e-01   4.3635096e-03   5.1802858e-01  -5.9100368e-02  -1.1357275e-02  -3.0175170e-01   3.8815801e-01   2.0259683e-01  -5.3211992e-01  -1.6762853e-01  -1.3469595e-01   3.8283317e-01  -1.7142953e-01   5.7416588e-01   3.9727742e-01   2.5147617e-01  -3.2973635e-01   2.5404399e-01   1.2486554e-01   5.2849278e-02  -1.0050001e-01   5.4198352e-01   1.7729578e-01  -4.4555409e-02   3.2180561e-01  -3.2762878e-02  -3.6393190e-01   5.2365765e-01   1.4055905e-01  -4.5070928e-02  -6.6296179e-02   2.4798877e-01  -7.7210741e-02   3.9453737e-01  -2.7219347e-01   2.5751323e-01   1.1642686e-01  -1.9736311e-02   1.9670841e-02  -8.9403369e-02  -4.3794867e-01   3.4180709e-01  -4.9017969e-01   9.3242753e-02  -9.3649413e-02   1.0008607e-01  -4.5278469e-01  -3.7870843e-01  -3.0495008e-02   2.4447618e-02   1.4257817e-02  -6.2823158e-02   1.1862926e-01  -1.4553738e-01   2.4654229e-01  -3.2066907e-01  -2.1558912e-01   4.9779218e-01   4.3130784e-01   1.7792086e-01   7.0087036e-01   2.7672851e-01  -2.7028866e-01   8.0888852e-02   7.0986370e-02   4.5668208e-01  -1.2561783e-01   6.3258505e-01   5.6246851e-01  -4.3184166e-03  -1.6267561e-01  -5.2485796e-01   1.8966555e-01  -2.1057195e-02  -8.0668440e-02   1.4364155e-01   5.9782310e-02  -1.9177527e-01  -4.5386549e-01  -3.2569269e-01   6.5248360e-02   1.4937927e-01   1.1622928e-01  -5.2957183e-02   5.8781082e-01  -2.3851014e-02   4.0086848e-02   2.9758290e-02  -2.9604065e-01  -4.8403384e-02   4.7363027e-01   2.4166147e-01   4.7683926e-02   2.2261564e-01   2.6917691e-01   1.3767367e-01   8.0973194e-04   8.8039985e-04   5.0007003e-01  -1.0899111e-01  -3.8435736e-02   2.2737423e-01  -3.4960312e-01   4.2809540e-01   5.2463977e-01  -2.0165366e-01  -9.2255993e-02   7.6873796e-02  -9.1449327e-02   3.2447613e-01  -3.9931690e-01   5.8005540e-02   4.5044245e-02   3.3101835e-01  -4.1611654e-01   3.2273086e-01  -9.6238300e-03   5.7737726e-01   2.4386333e-01   5.8297663e-01   1.4957689e-01  -4.9967511e-01   1.7790271e-02   2.7447628e-01  -3.6415762e-01  -3.9253143e-01  -1.0437612e-01  -9.1305420e-02   4.8466269e-01  -1.8279650e-01  -3.4516064e-01  -1.1141700e-01   2.3032221e-01
  -5.4589567e-01   2.1262713e-01   7.4333281e-01  -2.4155537e-01   1.1700140e-01   4.0158756e-01   5.4855357e-01  -6.1147783e-02  -3.8538694e-01   3.4161101e-01  -2.6313670e-01   0.0000000e+00  -2.1071581e-01   2.0419510e-01   1.1617737e-01   4.0728482e-01   7.1640574e-01  -2.2116264e-01   1.1584486e-01   1.0813910e-01  -4.0203566e-02  -4.1228778e-01   4.8738728e-01  -4.1852136e-01   3.6320284e-01  -1.2839476e-01   3.0771719e-01   3.0685494e-01  -1.2462826e-01  -2.3842654e-01   2.2625430e-01  -1.6701746e-01   4.6464854e-01   4.7685975e-01   1.0673524e-01   7.0220187e-02  -1.8853616e-01  -2.2595981e-01   3.4944448e-01   6.5932100e-01   3.2328433e-02   3.6060017e-01  -2.9447045e-02  -8.2057254e-02   2.0293900e-01  -2.7170655e-01   9.3184348e-02   2.4720995e-01  -3.2090425e-01   5.6219858e-01  -3.6813955e-01  -1.1312999e-01   1.6743790e-01   7.7883786e-02   4.0543303e-01  -1.5046288e-02  -5.1020195e-02  -3.2432486e-01  -3.2698881e-01   2.6181698e-01   2.0165740e-01   2.4288052e-01  -2.4232209e-01  -4.8206705e-02  -5.0183597e-01   2.0668880e-03   3.7395073e-01  -1.0532513e-01   1.7893987e-01   1.0689188e-01   2.2471934e-01  -2.9648055e-01  -1.6187487e-01  -2.4783497e-01  -2.9361404e-02  -2.4886246e-01  -2.8270276e-01  -1.7665522e-01   3.3548263e-01  -1.8893861e-01   5.2242383e-01  -1.9442575e-01   3.7747075e-01   3.4540568e-02   3.6843835e-01  -3.9977824e-01   1.1170554e-01  -3.2376794e-01   1.1314348e-01  -5.0083378e-01   9.3951785e-02   3.7598667e-02   4.5552981e-01  -1.6393523e-01  -4.6658728e-01   1.4756110e-01   2.2951590e-01   6.3437297e-03   7.2260509e-02   8.9415267e-02   4.9617069e-01  -1.1708563e-01  -1.2175789e-01  -3.7989162e-01  -5.4699746e-01  -3.5243237e-02   3.6743368e-01  -2.1990967e-01  -3.2360243e-01  -1.1672484e-01   5.5484208e-01  -3.0835216e-02  -3.9432738e-01  -4.4206118e-01   3.2470889e-01  -3.4045837e-02  -2.4163740e-01  -1.2262351e-01   5.6367271e-01  -2.6902872e-01  -3.8261928e-01  -9.8628498e-02   5.0933740e-01  -7.8535663e-02  -4.0987174e-01  -4.4563954e-01  -5.6048412e-02  -2.9615638e-01  -5.2010802e-01   6.7451400e-01   4.9037168e-03   1.7585806e-01   2.0919963e-02  -6.7177077e-03  -3.4499663e-01  -1.8790322e-01  -1.6123946e-01   2.0414423e-01  -1.9322081e-01  -4.8819087e-01   8.1366526e-02  -3.0986323e-01  -4.6302250e-01   6.2137338e-01   3.5343174e-01  -2.3506758e-01   7.2866155e-01  -3.5431098e-01  -6.9718797e-02  -2.9757967e-01  -3.3100166e-01   1.2000733e-01  -2.1689248e-01   4.2344155e-02   7.4612362e-01  -3.8773801e-01  -4.1222141e-01  -3.4913280e-01   1.8988218e-01   3.6980429e-01   3.4031902e-02  -3.0395433e-01   4.6320088e-02  -4.5985226e-01  -1.6668214e-01   3.2989287e-01   3.9219202e-02   9.8361685e-03   3.2306190e-01  -5.3980801e-02  -2.1996521e-01  -3.2218163e-01  -1.7117555e-01   2.8700452e-01   5.0251753e-01   6.6065862e-02  -8.9336725e-02
  -6.6713812e-02  -1.4814964e-01  -4.7139217e-02   3.5481464e-01   4.1882715e-01   1.2320555e-01   3.1118756e-01  -9.6764720e-02   1.8850668e-01   1.3169341e-01   2.3496067e-01  -2.1071581e-01   0.0000000e+00  -2.9331134e-01   3.1076201e-02   3.7390416e-01  -4.2389632e-02   3.4236980e-01   1.7222603e-01   5.1626457e-01   2.4077513e-02   7.7141216e-02   5.8257155e-03  -2.9585345e-01  -1.1287365e-01   4.0470093e-02   2.7687214e-01  -1.7987422e-01   1.3795748e-01   1.5318013e-01  -8.1332158e-02  -1.1271276e-04  -5.7347936e-02  -3.3333289e-02  -4.3611420e-03   7.0242952e-01   1.8386075e-01  -1.5017061e-01   4.1047521e-01   4.6552766e-02   7.4893867e-01  -2.0920432e-01  -2.4698992e-01  -7.5504849e-02   3.7186653e-01  -1.8002027e-01   5.1320533e-01   9.9533721e-02   7.8820955e-02  -2.0425965e-01   4.3128706e-01  -3.1378616e-03  -1.9875400e-01  -1.8062712e-01  -3.0535077e-01  -1.1289527e-01  -2.5632198e-01   5.6365249e-02   5.7696637e-01   1.5929913e-01  -1.4788232e-01   5.5728613e-01   1.5745060e-02   2.5388621e-01   3.0352542e-02   4.5066832e-01   2.6626798e-01   2.5678621e-01   2.0423079e-01  -1.5061617e-01  -6.5713994e-02   4.3107458e-01   5.5872141e-01  -1.7679795e-01  -1.2529780e-01   6.2656210e-03  -2.4784470e-01  -5.2513988e-02   1.9960183e-01   5.1690773e-01   7.7652738e-02   3.4878767e-01   9.9343277e-02   1.3820902e-02  -3.8160719e-01   5.9595862e-02  -2.4209867e-01  -1.0930628e-01  -2.6814062e-01  -1.2676093e-01  -2.9764884e-02  -2.9945710e-01   1.5588183e-01   3.1413387e-01  -1.7264877e-01   3.8048588e-01   4.1650196e-01  -5.5542566e-03   7.0449691e-01   2.0859689e-01  -1.7969014e-01   2.2108163e-01   6.6696846e-05   2.7945707e-02   2.7598358e-01   8.1604476e-02  -2.9522182e-01   8.9695668e-02   2.7789493e-01   4.3773490e-01  -3.8321357e-02   3.5199067e-01   3.3008900e-01  -2.1545704e-01  -4.1297686e-01  -5.8145290e-02   1.4912356e-01   7.6332164e-01  -1.4990006e-01   2.8975578e-01  -1.7715634e-01   2.6883289e-01  -1.5726263e-01  -3.9809151e-02  -1.3844135e-01  -1.1696694e-01   3.0536873e-01   6.9572678e-02   1.1973577e-01   1.9883943e-02   7.9749592e-01   4.8602889e-01  -3.2849415e-01   2.9966632e-01   2.4886741e-01  -3.6843450e-02   3.0543821e-01  -1.3609063e-01   5.6088282e-02  -1.4632696e-01  -2.1722954e-01   3.9078492e-01   3.2964555e-01  -1.4021139e-01   1.3758228e-01   3.4948663e-02  -1.3625591e-01   6.0111156e-01   5.0346420e-01   8.8028906e-03  -3.4962950e-03  -8.6080517e-02  -2.9408359e-01   4.2283006e-01  -2.3935149e-01  -3.3599467e-01  -1.2646059e-01   6.4768541e-01  -2.1000469e-01   2.0758016e-01   2.4224909e-01   3.9901890e-01   4.3364839e-01   1.7617865e-01  -9.0505011e-02  -1.6438313e-01   4.5305476e-01  -2.6857723e-01  -4.2014744e-01   5.5331993e-02   1.9710503e-01  -3.7786158e-01   4.3426973e-01  -1.0289734e-01  -5.9921398e-02  -1.8935962e-01   1.4254363e-01
  -3.2200754e-01   2.1697509e-01  -2.0378856e-02  -9.2031009e-03   1.3269421e-01   8.5307872e-02  -9.5248772e-02  -1.7649275e-01  -2.2889938e-01   4.4312107e-01  -2.6348633e-01   2.0419510e-01  -2.9331134e-01   0.0000000e+00   1.9821540e-02  -8.2275013e-02   2.3410308e-01  -1.1324465e-01  -4.4650165e-03  -1.8435145e-01   4.5580172e-01  -2.3300946e-01   4.0977925e-01  -4.4741657e-01   2.7769989e-02  -1.0955727e-01   1.9642956e-01   2.3301409e-01   1.8667832e-01   3.2431247e-01   6.1080496e-01   1.5875598e-01   3.3469870e-01   2.1236121e-01  -2.1965492e-02  -3.0702268e-01   2.6130721e-01  -3.9203698e-01   7.9823717e-02   4.3336128e-01   1.7280767e-02  -2.9267366e-01  -4.7158704e-02   1.1020176e-01  -3.7843202e-02  -3.5890850e-01  -7.3679696e-02   4.8508817e-01   2.0174793e-01   4.1507082e-01  -5.2750054e-01  -2.4176036e-01   4.5273518e-01   1.1043675e-01   7.5931756e-01   2.1652161e-01   4.7302910e-02  -2.1038384e-01  -3.7710145e-02  -4.2504558e-01  -1.8307785e-01  -1.2371996e-01   6.6928569e-02   4.4272179e-01   2.0620245e-01  -4.0510218e-01  -5.9106116e-03   1.2060132e-01   1.9065159e-01  -4.1565449e-01   2.7712249e-01  -5.7141586e-01  -1.3367688e-01  -1.7383020e-01  -1.5256630e-01  -2.1375846e-01  -4.2516858e-01   1.5517705e-02   2.2717874e-01  -7.2656602e-02   1.2202828e-01  -2.4562788e-01   5.7338341e-01  -1.8232592e-01   7.3512200e-01  -3.5891252e-01   2.9096758e-01  -2.5803058e-01   1.7013299e-01  -5.1001142e-01   2.0717790e-01  -2.0144977e-01  -5.1569737e-02  -3.3883190e-01  -4.4658824e-01   1.4688592e-01   1.2244669e-02  -2.0261029e-01  -2.3010624e-01  -2.8907981e-02   6.3193240e-01  -4.2289146e-01   4.4342765e-01  -1.4449278e-01  -4.9224976e-01   1.4923045e-01   4.1222550e-01  -2.5148194e-01   2.8119129e-02  -3.2156938e-01   4.4911716e-01  -1.6621908e-01  -2.0061094e-01  -4.3914469e-01   6.6527900e-02   3.4568815e-01  -1.6336524e-01  -9.9771894e-02   5.7460282e-01  -1.6600307e-01  -4.5270063e-01  -1.1171076e-01   2.9024864e-01   2.7782081e-01  -4.5241388e-01  -3.4300662e-01  -4.6438449e-01   3.1420835e-01  -2.9636880e-01   3.1075123e-01  -1.1751595e-01  -3.9467877e-02   6.0283351e-01   1.1002149e-01  -4.5694355e-01  -1.1011013e-01  -1.8979086e-02   6.0935236e-01  -1.2699052e-01  -5.2906195e-01   2.9115438e-01  -3.0844009e-01  -3.4473371e-01   2.3526283e-01   1.6540207e-01   5.2352188e-01   4.2048842e-01  -5.2037903e-01  -3.6740428e-01   2.4503848e-01  -5.5605781e-01   3.0990316e-01  -1.7826680e-01   2.0269960e-02   3.6424370e-01  -4.2823990e-01  -4.6785710e-01  -2.1999343e-01  -2.8176994e-01   4.6737535e-02  -1.3542947e-01  -2.2689916e-01  -3.5621724e-01  -2.9160777e-01  -1.3466576e-01   1.5659704e-01  -3.7902081e-01   1.1077266e-01   2.4812597e-01   2.0974299e-01  -3.1559609e-01  -4.4531675e-01  -9.7096211e-02   8.4274631e-02   3.8510298e-01   2.6559852e-01  -2.7488841e-01
