   0.0000000e+00  -8.2664296e-02  -1.1374874e-01   5.9773837e-02  -6.0400310e-02   1.4482388e-01  -5.4586110e-03   4.1645468e-01  -1.8890437e-02  -4.5228316e-01   2.7626016e-01  -9.8603114e-02  -1.7450861e-01  -2.5449459e-01  -4.2695190e-01   1.1625292e-01  -1.4157814e-01  -6.2743975e-02   1.7347172e-01   1.2928420e-01  -3.8386612e-01   1.7087043e-01   8.8963479e-02   5.5333026e-01  -1.4772271e-01   3.5051567e-01   1.6762846e-01   9.5840050e-04  -2.9564046e-01  -4.2150867e-02  -3.1086597e-01   1.3540423e-01  -3.2264161e-01  -2.6184213e-01  -1.2144827e-01   1.1874955e-01  -5.3712824e-02   1.0290229e-01  -2.4032835e-02  -2.6751784e-01  -2.2787064e-01   1.6227670e-02  -2.4026112e-02   9.7240322e-02   1.4288644e-03   3.5777458e-01   1.3465123e-01  -7.8675115e-02  -1.2046908e-01  -2.0156308e-01   8.3793655e-02   4.0497827e-01  -4.1077633e-01  -9.3576278e-02   1.0226752e-01   2.8753035e-01  -7.1274312e-02   1.2951861e-01  -1.7165185e-01   1.0077655e-01   3.8068055e-02   1.3727675e-01   1.1573489e-01  -1.0179723e-01  -1.2135254e-01   7.4879877e-02  -6.6836043e-02  -1.9667595e-01   1.7596440e-01   3.7554478e-01  -1.2055199e-01   5.7091358e-02  -2.8401808e-01   1.2226334e-01   1.7097265e-01   1.9974412e-01   1.1194672e-01  -1.2651024e-01   4.5943542e-02  -8.0496084e-02  -3.3204578e-02  -1.0480771e-01  -3.4791157e-01   3.8540939e-01   2.0400804e-01   2.8638432e-01  -3.5423847e-01   1.2481143e-01   3.1334800e-01   6.4767126e-01   2.5963698e-01  -9.2760350e-02  -3.3932360e-01   9.8293533e-02   4.5111425e-02   2.9701556e-01  -1.9124907e-01   1.6185725e-01  -2.6580730e-01  -3.9627217e-01  -4.5147491e-01   1.6944596e-01   1.4595769e-01  -5.6143096e-02   7.0357383e-02   3.0769944e-01  -1.0090000e-01   1.4102490e-01  -5.0021631e-01   3.9391936e-02  -8.3202748e-02   8.4358620e-02   3.6796123e-02   7.8028675e-01  -3.5064556e-01  -1.6348241e-03   2.6750122e-01  -2.1271138e-01  -4.2940628e-01   8.8496409e-02   5.7432771e-01   3.3743350e-01   1.3574394e-01  -3.5444485e-01   7.1063697e-01  -7.0062802e-02  -1.9414719e-01   1.0628386e-01   1.7040431e-01   2.8506293e-02  -1.0333736e-01   2.4403485e-02  -3.9083405e-01  -2.7153648e-01   1.8536827e-01   2.4203037e-01   1.2060492e-01  -3.9581205e-01   2.8631235e-01   4.9602369e-01   6.0874217e-01   1.2190096e-01   3.0337564e-01  -2.0496940e-01  -2.6781742e-01  -1.8279013e-01  -3.7398034e-01  -1.0982882e-01  -4.1744211e-02   1.9546066e-02  -6.4015478e-02  -2.2146624e-01   1.5142196e-01   1.0590459e-01  -1.1076216e-01   6.1774794e-01   7.1056313e-01  -1.1331383e-01  -3.2592283e-02   2.6592437e-01   1.9171308e-01   2.9033195e-01  -4.8515146e-02   1.2472652e-01   7.5254751e-02   9.4980756e-02   2.8106691e-01  -2.1802614e-01   1.9711468e-01  -3.8219434e-01   1.1679576e-01   1.8576487e-01  -1.6926418e-01  -4.0472818e-02  -2.7282845e-01   1.4904738e-01   1.1225046e-01
  -8.2664296e-02   0.0000000e+00   5.9410286e-01  -1.7746171e-01   4.9487910e-01  -1.2494386e-01  -2.4870005e-01  -1.9989732e-01   2.2796226e-01   1.9527505e-02  -4.8134093e-01   4.9948570e-01   1.2204771e-01  -1.7367548e-01  -1.1197223e-01  -4.4087034e-02   6.1657162e-01  -1.3071179e-01   1.2690915e-01   3.6852523e-01  -3.0946748e-01  -4.8446009e-01  -3.9165840e-01  -2.0343524e-01  -9.9298421e-02  -2.3087139e-01   2.3567593e-01  -7.1411832e-03   1.8093562e-01  -3.6512114e-01   2.0364941e-01  -3.0335262e-01   2.7626572e-03   1.5281315e-01   1.4268193e-02  -1.7903690e-01   2.0666167e-01  -2.8305535e-01   8.6732149e-03   5.0095078e-01   1.9446095e-01  -4.3677918e-02   5.1388626e-01  -2.0871815e-01  -7.8212918e-02  -2.4466570e-01  -3.4560954e-01   3.7347442e-01  -1.6698093e-01   5.6945948e-01  -2.1547702e-01  -6.8379789e-02   1.9259249e-01   2.2520026e-01   1.2691844e-01   1.1902489e-02   1.4311183e-01  -3.2384788e-01  -2.1081865e-01   1.9374272e-01   7.2626842e-02  -1.2707061e-01   7.2856497e-01   1.8151131e-02  -5.3266945e-02   1.9236143e-01   1.3707741e-01   1.7140241e-04  -1.6776015e-01   2.6187732e-01   7.1112116e-01  -3.7076428e-01  -1.3111375e-01  -2.4456252e-01   1.1611667e-01  -6.2809077e-02  -1.8947902e-01  -3.5234945e-01   3.4841606e-01   2.6739046e-01  -1.2506907e-01  -8.0906859e-02   1.1636907e-01   4.0077345e-03  -2.2894538e-01  -3.0638141e-01   1.8666812e-01  -1.6972253e-01  -6.6696882e-02  -2.2456451e-01   3.5937382e-01   3.6997244e-01   2.3040717e-01   7.1417427e-02  -3.3873702e-01   4.2277357e-01   5.1250845e-02  -1.3702648e-01   2.1395154e-01  -3.0163509e-01   4.7058423e-01  -4.0213425e-01  -5.1704832e-01   9.0841736e-02  -5.0194370e-01  -2.4400341e-01   3.3647521e-01  -2.5551512e-01  -1.1155249e-01   1.4869325e-01  -1.5252289e-02  -4.2669443e-01   1.2044018e-01  -2.3692754e-01   6.5614724e-02   1.7375870e-01  -1.9388600e-01  -6.7380253e-02   4.3112605e-01  -4.3062969e-01  -2.2250584e-01   3.8008596e-01   2.2922508e-01   1.1159549e-03  -1.7084632e-01  -2.2617932e-02  -1.4752160e-01   1.3465842e-01  -2.6984662e-01   5.5640695e-01  -1.3082320e-01  -3.9871943e-01  -2.5701995e-01  -4.4972516e-02  -1.8369165e-01  -3.0733708e-01   3.0837059e-01   1.3629354e-01  -3.0588927e-01  -1.4160515e-02   3.7093087e-02   2.2743853e-01  -4.1065969e-01   4.8051132e-01   3.8664846e-02   4.5454082e-02   2.0956808e-01  -2.6436485e-02  -3.2632128e-01  -4.5132356e-01  -9.8830363e-02  -2.2846725e-01   1.5968293e-01  -2.7597378e-01   7.0321733e-01  -1.3469246e-01  -1.8486577e-01   2.4490869e-02   3.7351838e-01  -3.9364775e-01  -5.1922672e-02  -2.6252865e-01   2.9082472e-01  -1.9672867e-01  -9.5162800e-02   4.0518846e-02  -5.3541321e-01  -1.6331634e-02   1.0033361e-01   3.1933941e-01  -1.2407126e-02  -3.7209228e-01  -2.7711230e-01   4.7601822e-01   7.2332856e-02   3.6445657e-01  -2.5265128e-01
  -1.1374874e-01   5.9410286e-01   0.0000000e+00  -1.3274370e-01   2.7558966e-01   5.8390721e-02  -2.3234577e-01  -2.1602499e-01  -5.9813743e-03   1.4410536e-01  -4.1225685e-01   5.9459818e-01  -1.1699853e-02  -3.1455631e-02   1.3182093e-01   1.4661721e-01   9.0228892e-01  -3.9596190e-01   2.7811921e-01   3.9781363e-01  -3.4988565e-01  -3.3344922e-01  -1.7309136e-01  -9.6815257e-02   1.0303921e-01  -1.2782645e-01   2.1575341e-01   2.1655838e-01   1.0270876e-01  -4.1089538e-01   1.4812263e-01  -3.1108689e-01   3.3482701e-01   1.6131298e-01  -2.6663011e-01  -2.9673647e-01  -1.9443864e-01   2.2765957e-02   3.0083339e-01   5.8593625e-01  -4.3773788e-02   3.1822636e-01   5.5409371e-01  -5.3880626e-02  -2.0303679e-01  -6.4914703e-02  -4.1167782e-01  -2.4604067e-01  -3.3939675e-01   8.3705316e-01  -1.7948074e-01  -1.5873309e-01  -1.8082409e-01   5.7112859e-01   6.9897638e-02   2.3745106e-01   2.9321099e-01  -2.7048689e-01  -1.9929951e-01  -1.4986696e-01   4.6305926e-01  -2.3729023e-01   3.7991116e-01  -2.2438618e-01  -4.4454108e-01   9.3704634e-02   3.1330327e-01  -1.8821824e-01  -8.8121910e-02   5.2596048e-01   3.6774578e-01  -6.3005195e-01  -1.1908107e-01  -3.8336402e-02   2.6555895e-01   2.8408557e-02   1.1511153e-01  -3.9242368e-01  -6.6045118e-02   1.6386352e-01   9.5400405e-03  -6.7024102e-02   2.0169740e-01   1.3638688e-01  -4.5931766e-02  -7.7626372e-02  -1.4387876e-01   1.1699468e-01  -9.5673977e-02  -1.7974452e-01   2.1017651e-02   7.3005862e-01   4.6254451e-01  -6.1853527e-02   1.0828214e-02   3.4996172e-01   3.1835274e-02   7.7661408e-03  -6.5163271e-02  -2.1364294e-01   2.4748165e-01  -3.0394907e-01  -4.1651001e-01  -3.4813487e-01  -5.6633741e-01  -1.3253119e-01   6.3482929e-01  -2.1589136e-01  -1.0620484e-01   5.4606004e-04   2.8831762e-01  -4.1817655e-01  -1.7497589e-02  -2.0828703e-01   2.1340730e-01  -2.7250367e-01   3.8056883e-03  -6.6322230e-02   2.9706025e-01  -3.0765484e-01  -1.1675215e-01   3.4937095e-01   7.1439961e-02  -2.9078705e-01  -2.0099728e-01   1.7182472e-01  -8.3953454e-02   2.8177111e-01  -2.8639003e-01   6.9027128e-01  -1.2855417e-02  -5.6387517e-01  -1.6650352e-01  -2.0456204e-01  -3.6041558e-01  -2.8563741e-01   2.7069369e-01  -5.2070167e-02  -3.1843009e-01   1.4104412e-01   2.1351083e-01   1.8571041e-01  -4.0896015e-01   6.7202281e-01   1.5082738e-01   1.0214296e-02   3.7117991e-01  -3.1622568e-01  -1.1976239e-01  -5.4852619e-01   1.9174049e-01  -3.3629821e-01   3.8173461e-01  -4.3709120e-01   6.4713497e-01  -8.2589944e-02  -1.3384472e-02  -6.0779047e-02   6.9069713e-01  -2.1163368e-01  -1.7302406e-01  -3.5571335e-01  -1.5868676e-01  -4.6881043e-01  -1.5839200e-01   8.8807561e-02  -2.9850934e-01   2.0226171e-01   4.3433225e-01   2.2710458e-01   3.1980691e-02  -9.2954562e-02  -6.4736331e-01   5.4871442e-01   2.2971187e-01   4.0529807e-01  -7.4300583e-02
   5.9773837e-02  -1.7746171e-01  -1.3274370e-01   0.0000000e+00   8.0638913e-02   2.9132700e-01   1.7037925e-01   2.3472630e-01  -9.9948384e-02  -4.6961962e-01   5.0880873e-01  -1.8352208e-01   6.1430593e-01   2.0915537e-01  -3.0564677e-01   3.1058029e-01  -1.0634846e-01   3.1913170e-01   2.2184062e-01   4.4929754e-02   2.4821006e-01   6.0942295e-01   6.5929677e-02  -2.0000932e-01   1.9384046e-01   1.6302785e-01  -1.6973625e-01  -4.5181461e-01  -5.4054404e-02   5.6361978e-01  -3.4537837e-02   6.4382436e-01  -8.2603594e-02  -5.4725413e-01  -5.1655516e-01   2.9813938e-01  -4.8244593e-01   7.7184128e-02   3.4114289e-01  -5.6192217e-01   4.4879803e-01  -1.0261162e-02   5.4433598e-02   5.6095588e-01   3.3190648e-01   8.0489674e-03   4.6875396e-01  -3.2312360e-01   2.9290719e-01  -2.0838562e-01   4.7664326e-01   3.1902905e-02  -4.2171505e-01   1.4048345e-01   1.8255281e-01   3.8040314e-01   1.3819629e-01   5.8559754e-01   5.5749267e-01   1.3122050e-02   1.1038193e-01   4.5835473e-01  -1.5252852e-01  -7.1475424e-02  -1.0342046e-01  -5.8341442e-01   1.2264552e-01   2.2615668e-01   4.9791605e-01  -3.4274594e-01  -5.1857244e-01   3.2859068e-01   3.5366848e-01   5.5532661e-01  -7.8154449e-02   4.5051945e-01   8.5021026e-02   2.8925288e-01   2.2811771e-03   1.7576579e-01  -6.8101648e-02   3.5380091e-01   2.3730900e-01   5.4052962e-02   2.6687815e-01   5.4814025e-01  -3.8205011e-01   3.7838584e-01  -1.4476840e-01  -6.8212650e-02  -5.8885447e-02  -1.1781808e-01  -1.4890397e-01  -1.6944283e-02   1.0972954e-01  -3.6944195e-02   4.3477026e-01   5.2240214e-02   2.9054963e-01  -3.9476017e-01  -3.4891542e-01   2.9201601e-02   6.5118978e-01  -1.7564033e-02   3.8848198e-01   5.7713340e-01   1.2635309e-01   2.8065230e-01   2.8831364e-02   2.0120993e-01  -1.3630839e-01   5.9503088e-01   4.5635880e-01   1.2048775e-02  -5.7217242e-01  -5.4669199e-02   4.5514677e-01   4.4763950e-01  -4.3863901e-01   7.2722556e-01  -1.0123371e-02   5.3324744e-02  -7.0151379e-02   2.8394366e-03  -4.3859168e-02  -5.3297512e-02  -1.7330395e-01   1.7965354e-01   6.2150553e-01  -4.5952907e-01   3.6351921e-01  -7.5560583e-03   4.3052169e-01  -3.0981875e-01   2.8597714e-01   4.0191583e-01  -1.4423546e-01  -4.9162808e-01   4.1637517e-01  -4.3239141e-02  -4.2283369e-02   4.3264478e-01   3.5517281e-01  -2.9387212e-01  -3.6003695e-01   3.8957516e-01  -5.2187470e-01  -2.7513012e-03  -3.4894815e-01  -7.2987748e-02  -1.5147913e-01   4.5690688e-02   6.1591712e-02   2.3227601e-01  -3.8644074e-01  -1.0939975e-01  -8.8044125e-02   4.3876005e-01  -7.9757627e-02   5.2091318e-01   1.3717516e-01   4.2682548e-01  -2.2765666e-01   4.0358201e-01   5.4109664e-01  -2.9379205e-01   2.6202467e-01  -4.8328748e-02   2.2274803e-01  -2.0261430e-01  -3.9225453e-01  -2.0507207e-01   3.0970069e-01   9.6038229e-02   9.9919283e-02   1.0518890e-01   4.9883173e-01
  -6.0400310e-02   4.9487910e-01   2.7558966e-01   8.0638913e-02   0.0000000e+00  -1.3592442e-01  -3.8816488e-01   7.9360799e-02   4.0311169e-01  -2.0853649e-01  -2.1642705e-01   1.3574071e-01   3.5317804e-01  -2.1375559e-01  -2.9196592e-01   1.8765731e-01   3.1228811e-01  -8.3144054e-02  -4.8275149e-03   7.8288446e-01  -4.1172733e-01  -3.0681242e-01  -4.1234149e-01   3.7596601e-02   2.9762355e-02   9.9757964e-02   1.7931035e-01  -2.0537060e-01   2.3056136e-01  -3.5047752e-01  -7.4859854e-03  -4.9962492e-02   3.3786481e-02  -1.6153797e-01  -1.0342354e-01   5.2062452e-01   1.4751696e-01  -1.9689847e-01   2.6614415e-01   2.5983487e-01   2.7005139e-01  -3.6117202e-02   4.4129646e-01  -7.6484271e-02   4.9451710e-02  -1.4176108e-01   4.1851355e-03   6.0711178e-02   8.6224307e-02   3.4054849e-01  -1.4838601e-01   7.2262924e-02   1.2995476e-01   2.8078996e-01  -4.1677541e-03  -1.3350930e-01   9.9611785e-02  -3.4329338e-02   6.5559382e-02  -1.6408984e-02   1.7772618e-01   2.9580865e-01   6.2084397e-01  -6.8081826e-02   1.6567588e-01  -1.4723855e-01  -5.1970738e-02   3.9206850e-01   3.2323967e-02   1.3583049e-02   2.4993997e-01  -1.8213453e-01   1.4482309e-01  -2.0093694e-01   8.7122056e-02   8.8216524e-02  -6.5182618e-02  -1.5150503e-01   6.2386375e-01   4.6323521e-01  -2.1260210e-01   1.2997540e-01   2.9933887e-02   1.6780493e-01  -1.7673040e-01  -9.0792048e-02   1.4435177e-03  -9.8539211e-02   2.6168498e-01  -3.6474838e-02   5.3222593e-01   2.1367190e-01   1.8542187e-02   2.3046423e-01  -1.8484209e-01   6.6347840e-01   3.5799263e-01  -8.5580036e-02   3.4580637e-01  -3.9745464e-01  -2.5464002e-02  -5.8451104e-01  -2.7682872e-01   5.1067155e-03  -3.9193498e-01  -3.4454833e-02   2.0316882e-01   8.5407248e-02   7.9854410e-02   1.3308167e-01  -3.3152798e-01  -3.4870577e-01   3.0027029e-01  -3.7522221e-02  -1.8891828e-01   4.1932654e-01  -2.9178429e-02   1.3330129e-01  -8.8806824e-02  -2.1828318e-01   7.5593453e-02   7.0042416e-01   4.1220672e-01   1.0114296e-01  -8.2932192e-02  -1.8750405e-01  -8.5957313e-02   3.9895207e-01   5.6589115e-02   1.0018199e-01   1.9383804e-01  -3.3235034e-01  -2.0959554e-01  -2.4419694e-01  -1.2237977e-01  -5.5704018e-02   4.4798226e-01  -1.7023025e-01  -1.0070477e-01  -2.2325130e-01  -3.8127615e-02   3.2217257e-01  -1.6402212e-01   6.1094465e-02  -2.5001906e-01  -7.4892037e-02  -2.9448296e-02   4.1880672e-02  -3.4273515e-01  -2.7512305e-01  -2.8809368e-01  -1.9139629e-01   2.2558107e-01   8.4243128e-02   3.4708214e-01  -7.9329530e-02  -2.4684123e-02   2.0365959e-02   3.9770366e-01  -1.5866779e-01   3.3086975e-01   1.4186922e-02  -1.2668138e-02  -1.4155640e-01   9.3581212e-02   2.7771468e-02  -3.7521223e-01  -4.6465456e-02   1.3571887e-01  -6.8948176e-02   2.0880728e-01  -4.8953381e-01   9.6774921e-02   1.9995798e-01   1.2445430e-01   3.1352692e-01  -1.1517596e-01
   1.4482388e-01  -1.2494386e-01   5.8390721e-02   2.9132700e-01  -1.3592442e-01   0.0000000e+00   4.4084774e-01  -1.0249070e-01  -1.8004210e-01   1.4982890e-04   4.2095469e-01   7.1699397e-02   1.7467531e-01  -2.4630958e-01  -1.7934874e-01   1.4287818e-01   1.0558593e-01   6.8445535e-02   4.9487442e-01   4.6719712e-02   4.6293509e-02   3.1960130e-01   5.5103464e-01  -1.8147014e-01   7.8048403e-02   2.0489086e-02   3.1402583e-01  -5.2866474e-03   6.1814502e-02   4.0065007e-01  -4.3920477e-01   2.3887844e-01  -6.6063056e-02  -3.0186519e-01  -4.4029214e-01   1.1859872e-01  -4.1856736e-01   1.0761829e-01   1.0832594e-01  -1.0272384e-01  -6.6411280e-02   2.2515748e-01   3.7759809e-02   2.1796753e-01   1.2136446e-01   1.1041045e-01   3.1782682e-01  -3.0346722e-01  -7.8272234e-02   9.5516244e-02   5.3445904e-01  -5.8282892e-02  -6.1952031e-01  -7.9194721e-02  -3.3799244e-02   2.0594327e-01   4.7759490e-01   1.9783916e-01  -4.3275396e-02   7.8325932e-02   3.4719065e-02   1.6742926e-01  -1.7238512e-01  -3.9372032e-01  -4.2178288e-01  -1.2313069e-01   6.0991652e-01   8.5922971e-02   4.2574698e-01   2.7365439e-01  -3.3955900e-01   2.1939301e-01  -5.6738642e-02   6.2123220e-01  -3.0524823e-01   8.2355964e-02   7.6817854e-02   1.8773178e-01  -2.5931382e-01  -7.4206258e-02   9.8234086e-02  -1.0804694e-01  -7.7305649e-02  -2.0159148e-01   2.8278365e-02   3.0974982e-01  -6.8229576e-01   3.3457019e-02  -5.2282597e-02  -2.9781782e-02  -1.3069967e-01  -7.1998150e-02  -2.4887010e-01  -1.5636739e-02   1.7499749e-01  -9.2575000e-02   1.3984619e-01   2.2785935e-01   2.1753067e-01  -5.1791919e-02  -3.8025444e-01   2.2081183e-01   3.1714409e-01  -8.0340906e-02   3.5958843e-01   1.4936885e-01  -6.4639102e-02   2.4995145e-01   1.4791931e-02   8.0978293e-02  -5.3760130e-04   4.0218562e-01   1.2122459e-01   1.7505984e-01  -3.0423751e-01  -4.0490349e-01   5.7073498e-01  -8.3952357e-02  -2.0360700e-01   3.5236045e-01  -3.0300465e-02   9.5635860e-02  -1.2156249e-01  -4.7666495e-01   5.3240702e-02   5.4515478e-02  -2.6214392e-01   6.4045928e-02   1.5555171e-01   9.8903343e-02   3.0502011e-02  -7.2689625e-02   1.6379462e-01  -5.1954850e-01   2.6067721e-01   1.6337282e-01  -8.4526851e-02  -2.0055306e-01   3.4550114e-01   3.6287736e-01   1.8569219e-01   1.3592691e-01   3.7259025e-01   2.5168760e-01  -1.1609168e-01   1.4749840e-02  -3.3526282e-01  -2.0023430e-01   6.7562527e-02  -1.7563473e-01  -1.4560750e-01  -2.9172563e-01  -2.1170976e-01  -9.4596306e-02  -6.3198681e-02   1.9227401e-02   1.3635468e-01   1.1999485e-01  -8.8463554e-02   3.3751667e-01  -3.6235968e-02   2.8996814e-01  -1.8296230e-01   1.2583941e-01   1.6111550e-01  -3.7723787e-02   4.3932692e-01  -1.2397853e-02  -6.7816880e-02  -3.9484111e-01  -2.7279897e-01   2.1453329e-01  -6.5514489e-02   5.3902360e-01  -3.9955519e-02  -1.0417732e-01   2.0036484e-01
  -5.4586110e-03  -2.4870005e-01  -2.3234577e-01   1.7037925e-01  -3.8816488e-01   4.4084774e-01   0.0000000e+00  -3.5450952e-01  -4.9120723e-01  -3.6539303e-02   3.4608365e-01   7.7859245e-02   3.6582034e-02   3.2344977e-01   1.5577155e-01  -1.6802197e-02  -1.3015899e-01   1.8788372e-01   7.0385544e-02  -5.0404661e-02   4.5909286e-01   2.6660236e-01   8.0828164e-01  -2.5439543e-01  -3.5071657e-02  -2.8474425e-01   3.0029086e-01   3.2145156e-01  -2.2885757e-01   5.5770880e-01  -2.7628571e-01   1.9210729e-01  -2.3714161e-01  -1.2159721e-01  -1.9489356e-01  -4.6598835e-02  -2.3631959e-01  -2.3104475e-01  -2.3188751e-01  -3.6478876e-01  -1.1140355e-01  -2.0100102e-01  -3.0300535e-01   1.2826904e-01   2.4471568e-01  -2.3871223e-01   2.1958602e-01   5.0001618e-03  -1.1669297e-01  -4.2411798e-01   4.9170379e-01  -3.7254095e-01  -3.8492869e-01  -1.8335799e-01   9.0952107e-02   2.3317712e-01  -2.6513351e-02   4.3393315e-02  -1.3429155e-01   2.2689849e-01  -2.5547262e-01  -5.6951927e-02  -3.6170768e-01  -3.4900597e-01  -2.5022583e-01  -1.7216153e-01   6.2277364e-01  -1.5666271e-01   3.9844904e-01   1.3133926e-01  -4.9313626e-01   3.0610721e-01  -1.0192905e-01   5.1706840e-01  -1.6893354e-01  -3.4847697e-02  -2.4788484e-01   1.6505831e-01  -2.7094520e-01  -3.9968703e-01   5.7702274e-01  -4.9417068e-02   1.4798826e-01  -3.8161247e-01  -6.3912395e-02   2.7750089e-01  -3.8324763e-01   1.3445244e-01  -1.4459534e-01  -2.6256306e-01  -5.5399919e-01  -2.5416664e-01  -1.4623490e-01  -2.8140605e-01  -1.2550259e-01  -3.5859214e-01  -6.1252697e-02  -1.9426542e-01   2.8409188e-02   3.4485616e-01  -3.6944473e-01   3.5984145e-01   5.5113217e-01   1.0868321e-01   6.4565524e-01  -3.9110092e-02  -2.7764261e-01   3.6841398e-02   6.2528024e-02   1.2540629e-01   2.7541525e-01   4.7950300e-01  -3.7859218e-02  -8.2688266e-02   1.1823072e-02  -4.5900596e-01   1.8721444e-01  -3.1850038e-02   6.2504970e-02   2.0207013e-01  -2.2542841e-01  -1.8521349e-01  -2.3402590e-01  -4.1822174e-01  -1.4051011e-01   4.1822941e-01   8.6822167e-02  -3.9457152e-01  -5.6311952e-02   4.8898441e-02  -1.6797686e-01   1.6177032e-01   4.8532349e-01  -3.1581281e-01  -1.1553100e-05  -9.8334936e-02  -5.8097163e-01   2.7321468e-01   4.7107587e-02  -2.3913120e-02  -1.0793897e-01   2.8933065e-03   2.2868315e-01   9.5721741e-02   6.3601232e-02   1.8934799e-01  -2.8687309e-01  -3.4392621e-01   3.0448923e-01   1.3965301e-01  -1.1089919e-02   2.4297110e-01  -2.4871840e-01  -3.1856669e-01  -4.1481386e-01  -2.6413344e-01  -1.5073368e-01   1.3190784e-01  -4.0288266e-01   5.5405276e-01   4.2906785e-02  -2.5316871e-02  -8.4180126e-02   9.8745356e-02  -1.1490371e-01   2.2977838e-02   5.5380153e-01   9.8063965e-02  -1.3398723e-01  -4.2149273e-01  -3.3367481e-01   7.3407146e-02   6.0199739e-02   1.8309639e-01  -2.0622228e-01  -5.9201940e-01  -7.4798936e-03
   4.1645468e-01  -1.9989732e-01  -2.1602499e-01   2.3472630e-01   7.9360799e-02  -1.0249070e-01  -3.5450952e-01   0.0000000e+00   3.0583693e-01  -3.5023106e-01   3.9617226e-01  -2.3446201e-01   3.0728927e-02  -3.3122362e-01  -3.5668716e-01   1.4823200e-01  -2.5589254e-01  -9.3621436e-02   3.3486550e-02   2.2034976e-02  -2.9747217e-01   3.1816471e-01  -2.5510585e-01   5.4474434e-02   3.0212258e-01   5.9554923e-01  -6.8941935e-02  -3.6903179e-01   5.7783914e-02  -5.3868235e-02  -1.0360973e-01   2.7999495e-01  -1.1777183e-01  -2.5390977e-01   9.4565339e-02   2.2655449e-01  -6.1945935e-02   4.1356115e-01   8.4828449e-02  -2.3949676e-01  -3.1263962e-02  -7.8369916e-02  -2.7684121e-04   2.1255686e-01  -8.3138708e-02   5.3146089e-01   2.6012471e-01  -2.2238638e-02   5.0451961e-03  -2.4074551e-01  -2.9340609e-02   7.6328096e-01  -1.2137449e-01  -7.8916300e-02  -1.7766020e-01  -5.2228619e-02  -2.1967162e-01   3.5524500e-01   1.5376489e-02   9.3681264e-02   1.5264298e-01   1.9474691e-01  -1.2715664e-01   2.3546657e-01   5.1971132e-02  -5.4846480e-02  -4.4045552e-01   8.5527306e-02   2.1906161e-01  -1.3307701e-01  -2.9743734e-02   3.2211401e-01  -9.9884687e-02  -1.6420911e-01  -6.5117318e-02   2.4184735e-01   3.6364157e-01   3.0475040e-01  -1.6705977e-02  -1.2530848e-02  -3.7953026e-01  -8.8293337e-02  -3.3137081e-01   5.0091212e-01   1.1434976e-01   1.6814486e-01  -6.6048527e-02  -9.5809761e-02   1.8348871e-02   3.2626250e-01   2.9619462e-01  -3.1798020e-01  -2.2625495e-01   3.8281173e-01   3.4364232e-01   7.2627908e-02  -1.0740559e-02   4.0073932e-01  -1.1319361e-01  -4.5344278e-01  -1.9987809e-01   2.4155598e-01   4.7662702e-02  -2.8296275e-02   9.1632438e-02   5.4349320e-01   3.6251537e-02   4.8251101e-01  -3.4145227e-01   5.6618717e-02  -2.9613440e-01   1.5025350e-01   8.0280632e-03   3.2228541e-01  -3.7688531e-01   2.6102359e-01   2.7612186e-01   1.7626153e-03  -4.1188254e-01   1.9181003e-01   2.6096819e-01   1.6039492e-01   2.0933994e-02   1.2013599e-01   4.2502033e-01  -5.3130609e-01  -5.4225862e-02   2.4233195e-01   5.7041119e-01  -2.9281746e-01   6.7297876e-02  -1.4341241e-02  -3.9346501e-01  -5.6642448e-02   2.4433842e-01   5.9739656e-01   1.5304550e-01  -4.2294097e-01   5.4833925e-01   2.8482442e-01   7.6228740e-02   9.0236777e-02   5.3733851e-01  -4.2323403e-01  -2.4289845e-01  -1.9888384e-01  -2.3231146e-01   3.2241883e-01  -1.4165664e-01   9.2304842e-02  -2.1047766e-01  -5.4335000e-05  -1.3241084e-01   2.4258015e-01  -6.9251353e-02   3.5115275e-01   1.8946860e-01  -1.5812663e-01  -1.0533014e-01   7.1450844e-02   1.5798040e-01   6.2399382e-01   9.7877839e-03   2.9543100e-01   3.5585763e-01  -1.1790148e-01   1.2068430e-02  -3.4240624e-01  -1.6651769e-01  -6.4929721e-02   2.6189135e-02  -4.1721241e-04   1.7660990e-01  -3.5177822e-01   1.6524862e-01   4.3149920e-01   5.7613390e-01
  -1.8890437e-02   2.2796226e-01  -5.9813743e-03  -9.9948384e-02   4.0311169e-01  -1.8004210e-01  -4.9120723e-01   3.0583693e-01   0.0000000e+00  -5.1170607e-02   2.9271485e-02   3.4586343e-02   1.2185644e-02  -3.5394949e-01  -3.7765703e-01  -1.5140981e-01  -1.2683671e-02  -7.4251544e-02  -2.6662039e-01   1.4858347e-01  -3.8895061e-01  -1.9072559e-01  -3.1871837e-01   9.5797850e-02  -7.2441976e-03   1.5028433e-01   8.1176877e-02  -2.7091199e-01   3.8010782e-01  -6.7632707e-02  -1.6203152e-01  -2.0000698e-01  -4.6473035e-02  -1.7108382e-01   3.7286593e-01   3.1493621e-01  -9.2192951e-02  -7.6517257e-02  -1.0267271e-01   1.9102099e-01   2.9838141e-01   6.7507940e-02   4.9254362e-01   1.0460846e-01  -3.5876020e-01   1.2483268e-01   1.4532592e-01   2.6187210e-01  -6.1596492e-03   1.5905129e-01  -4.5473496e-01   3.3258675e-01   2.5868419e-01  -2.8862605e-02  -1.9750530e-01  -2.5622165e-01  -7.7787780e-03  -1.4135605e-01   4.6840574e-02   5.7092121e-02   3.6183727e-02   1.0377472e-01   4.8414015e-01   2.6572028e-01   2.0123717e-01  -1.3101905e-01  -3.3426212e-01   4.1585279e-01  -4.8757252e-02  -2.6372494e-02   1.9088421e-01   6.0678479e-02  -2.6003004e-01  -4.1352371e-01   1.7038706e-01  -1.0776794e-01   4.5300565e-02   1.9088695e-01   1.9541685e-01   2.4985074e-01  -4.7017651e-01  -3.5026253e-01  -6.8858893e-02   2.0969109e-01  -7.8775134e-02  -2.2493049e-01   2.0928716e-01  -3.4871695e-01   5.4377905e-01   1.5862451e-01   5.9176540e-01  -1.9707861e-01  -1.4728937e-01   5.3491272e-01  -3.6140995e-02   3.0741619e-01  -3.0736659e-03   4.9697514e-03   2.6485024e-01  -2.3838070e-01  -3.0811195e-03  -6.8655190e-02  -3.8319709e-01   3.4939731e-01  -3.4008565e-01  -1.4498689e-01  -4.3819096e-02   8.7730315e-02  -1.5407361e-01   6.3670557e-02  -3.3977084e-01  -2.4026063e-01   6.6873677e-02   1.4134599e-01  -2.0463918e-01   4.0488233e-01  -6.0718793e-02  -1.7112699e-01  -2.5394640e-01  -2.5031001e-01   4.0083635e-02   3.1447601e-01   4.2227754e-01   2.1758090e-01   9.4641651e-02  -5.8200635e-01  -2.5895382e-01   2.7792429e-01   1.7554008e-01   1.6713840e-02  -7.3735849e-02  -2.9227460e-01  -3.3503521e-01   1.7185585e-02   3.1469643e-01   1.8602246e-01   3.6069702e-01  -1.2207655e-01   1.6103992e-01   3.4920980e-02  -1.7089047e-01   3.4208950e-02   1.6355664e-01  -1.4089674e-01  -4.5521690e-01  -2.9127679e-01  -8.2757580e-02   4.5108783e-01  -1.6990174e-01   1.5452673e-02  -4.2001384e-01  -3.5148987e-02  -1.4796369e-01   4.5378150e-01   3.8662677e-01   2.0698507e-01   7.4513223e-02  -1.9167060e-01  -4.7266226e-02  -3.2205700e-01   3.8681230e-01   2.6144298e-01  -1.6797935e-02   1.7688082e-01  -6.5582895e-02  -2.1655055e-01  -1.0454553e-01   8.4282597e-03  -2.3494463e-01   7.9265186e-02   2.4835996e-01  -2.3302038e-01   2.8412622e-01   1.3133772e-01   1.0911149e-01   4.0724103e-01   3.9995781e-02
  -4.5228316e-01   1.9527505e-02   1.4410536e-01  -4.6961962e-01  -2.0853649e-01   1.4982890e-04  -3.6539303e-02  -3.5023106e-01  -5.1170607e-02   0.0000000e+00  -3.1273794e-01   2.6690729e-01  -2.1380249e-01  -7.4386646e-02   6.7313549e-01  -1.3630626e-01   1.9417865e-02  -1.2978664e-01  -1.0281910e-01  -1.2722186e-01  -8.7841384e-02  -2.5946596e-01   5.0341495e-02  -3.2973740e-01  -3.0855827e-03  -4.0940829e-01  -5.4687808e-02   3.5258696e-01   3.2887369e-02  -3.3582020e-01   1.3474634e-01  -3.5519489e-01   1.4735234e-01   6.6120440e-01   3.9952785e-01  -3.7875253e-01   2.6991686e-01   4.9095853e-02  -1.1523306e-01   3.9891198e-01  -2.4568296e-01   4.7491888e-03  -8.8943265e-02  -4.5708770e-01  -7.1841590e-02   1.0956203e-02  -4.1079043e-01   7.8092098e-02  -1.5432189e-01   2.1428893e-01   9.9278968e-03  -2.6277863e-01   3.7884881e-01  -4.7567482e-02  -3.3772894e-01  -3.7415296e-01  -1.1393490e-01  -1.3439873e-01  -1.7768317e-01  -1.1285175e-01   2.7539679e-02  -2.4929018e-01  -1.6632626e-01   2.8793379e-02  -6.8089873e-02   4.7543577e-01  -6.4134082e-02  -1.1400897e-01  -4.1473759e-01   9.5764161e-02   3.1611603e-01  -1.1414105e-01   3.3577905e-02  -1.6213535e-01  -2.4911749e-01  -2.7094548e-01   8.2146515e-02  -4.9352301e-02  -1.1546681e-01  -1.9292561e-01   1.2668413e-01   4.9797324e-02  -5.9065562e-02  -4.4853929e-01  -1.7660802e-01  -3.1392417e-01   1.6943340e-01  -1.5678105e-01  -2.5534464e-01  -3.4723949e-01  -3.8010032e-01   1.5318216e-01   3.1073351e-01  -4.9137333e-05   4.8191012e-02  -3.6888641e-01   3.1623676e-02  -1.1324044e-01   5.1150817e-02   7.1393030e-01   4.0959221e-01   1.5632649e-01  -4.3120980e-01  -8.4837996e-02  -1.8106035e-01  -2.8822425e-01   4.2160776e-03  -3.9206761e-01   5.6360706e-01  -3.6161161e-01   2.6773512e-01  -2.3757308e-01  -2.1734275e-01  -2.9792465e-01   6.2429824e-01  -1.6424025e-01  -3.7524961e-01   1.9682128e-02   4.1373043e-01  -2.3120439e-01  -3.2813960e-01  -3.2790427e-01  -2.1917974e-01   8.4346355e-02  -3.8121253e-01   1.8995049e-01   3.4264199e-01  -2.6196980e-01  -2.1463561e-01   1.8794268e-01   2.4359256e-03   1.9678998e-01  -1.7405559e-01   3.0508348e-01  -1.8797378e-01  -1.7110094e-01  -7.7180333e-02   3.3495461e-01  -1.8839547e-01   3.1785032e-02  -1.8993694e-01  -3.9029835e-01  -2.4163300e-01   3.9028045e-01   6.5935340e-01  -2.0613383e-01   6.5736609e-01  -9.6508966e-02   5.2414427e-01  -5.4048702e-02   4.1882233e-01  -1.9352058e-01  -1.0503953e-01  -3.0624280e-01   2.3200469e-01  -2.0681680e-01  -2.1383481e-01  -1.3853288e-01  -1.6882956e-02  -4.2888610e-01  -3.1180459e-01  -3.1082184e-01   2.0586184e-01  -3.2808295e-01  -2.0284403e-01   3.5419057e-01  -2.3989097e-01   1.5352746e-01  -1.9310482e-01   1.9045735e-01   2.2328550e-01   1.2325410e-01  -1.8868805e-01   3.6828869e-02   1.5064287e-02  -8.2197661e-02  -2.1571640e-01
   2.7626016e-01  -4.8134093e-01  -4.1225685e-01   5.0880873e-01  -2.1642705e-01   4.2095469e-01   3.4608365e-01   3.9617226e-01   2.9271485e-02  -3.1273794e-01   0.0000000e+00  -2.9052944e-01   2.6922045e-01  -9.9160186e-02  -3.0462201e-01   1.6161198e-01  -3.6898925e-01   4.5312456e-01   1.0438394e-01  -5.3834546e-02   1.9830090e-01   7.3443615e-01   4.9791757e-01  -5.2241641e-02   6.2282856e-02   2.4740054e-01   1.3539822e-01  -2.8065636e-01   1.1689750e-02   6.3953061e-01  -3.4852578e-01   5.7247031e-01  -9.9181555e-02  -5.8437941e-01  -2.5256215e-01   4.1158408e-01  -4.6200915e-01   1.0117022e-02  -2.5995165e-02  -5.1519610e-01   1.6728215e-01  -5.3610263e-02  -1.3643521e-01   4.7797041e-01   8.3353220e-02   1.5411139e-01   8.0356302e-01  -1.6154142e-01   1.5040172e-01  -3.9265006e-01   3.7513784e-01   2.6134745e-01  -5.2117814e-01  -2.0798517e-01  -6.2559726e-02   2.1651535e-01  -1.7776353e-02   5.2778559e-01   1.9575112e-01   1.4146418e-01  -7.7399318e-02   2.1405271e-01  -3.8100373e-01   4.5809498e-02  -7.8549561e-02  -3.5103220e-01   1.4887422e-01   1.1739579e-01   6.9539268e-01  -6.4386981e-02  -5.8050658e-01   6.7145555e-01   4.4850256e-03   3.9342213e-01  -9.0406002e-02   2.7301127e-01   5.0660881e-02   4.8745357e-01  -3.2547160e-01  -6.4996954e-02  -1.4707882e-02  -7.0130971e-02  -1.1751754e-01   1.4328940e-01   6.0519464e-02   4.8082909e-01  -5.0087550e-01  -3.9277852e-02  -3.1303227e-02   1.5631028e-01  -1.0001782e-01  -5.0713760e-01  -3.9140162e-01   7.3478903e-02   7.9613601e-02  -1.2274404e-01  -3.8192857e-02   2.6293661e-01   2.6745357e-01  -1.7851838e-01  -5.7297331e-01   4.7580960e-01   5.4979803e-01   5.8349245e-02   6.6885569e-01   4.8681308e-01  -1.9371362e-01   5.0651427e-01  -2.1991665e-01  -2.7857122e-02  -1.9792397e-01   7.6621624e-01   1.7639269e-01   2.8394229e-01  -5.6864881e-01  -1.3737699e-01   5.1530589e-01   9.9783269e-02  -5.6170841e-01   5.2198883e-01   1.3680392e-01  -6.6108401e-02  -6.2893514e-02  -1.4194423e-01   2.7196582e-01  -2.2480308e-01  -1.8697070e-01   7.4240403e-02   7.0046713e-01  -2.8154652e-01   2.0295317e-01   2.0622577e-01   2.3277731e-01  -3.2452398e-01   4.5328317e-01   5.0706615e-01  -1.0194718e-01  -2.9962661e-01   6.5395145e-01   2.1420499e-01   1.8304263e-03   2.4329682e-01   8.4340010e-01  -5.2384453e-01  -3.5077028e-01   2.6924576e-01  -6.7641330e-01   1.2450404e-01   4.2947582e-02   1.5709566e-01  -4.5428972e-01   1.3918091e-01  -3.7013429e-01   3.4097514e-01  -4.4068384e-01   1.1328507e-01   2.5456120e-01   7.0035238e-02  -3.1005464e-01   5.6186163e-01   2.8621845e-01   7.1344148e-01  -1.0379194e-01   7.0546741e-01   4.1461068e-01  -3.0158064e-01   5.8780671e-01  -2.2574709e-01  -1.4143086e-01  -5.0792927e-01  -3.9274931e-01   3.1633280e-02   4.0578561e-01  -1.2766252e-01  -1.3431377e-01  -8.0281351e-02   5.5916346e-01
  -9.8603114e-02   4.9948570e-01   5.9459818e-01  -1.8352208e-01   1.3574071e-01   7.1699397e-02   7.7859245e-02  -2.3446201e-01   3.4586343e-02   2.6690729e-01  -2.9052944e-01   0.0000000e+00  -2.5452663e-02  -1.0748744e-01   1.5908534e-01  -1.2054099e-01   5.0854217e-01  -1.7885553e-01   2.8507834e-01   2.7656768e-01  -2.7402492e-01  -2.9642240e-01   5.1064794e-02  -3.6899769e-01   5.1323436e-02  -4.6598193e-01   4.0394264e-01   2.3558304e-01   1.1191363e-01  -2.1249047e-01  -1.5690347e-01  -1.8988686e-01  -1.1506435e-01   2.5151782e-01   3.7011601e-02  -2.0008876e-01  -9.6891294e-02  -3.3514736e-01  -2.2605774e-01   4.9325307e-01  -3.6626686e-02  -1.0074249e-01   5.4873334e-01  -1.0739256e-01  -5.0779092e-02  -3.4492509e-01  -3.1900525e-01   8.0503887e-02  -2.7668401e-01   4.6909908e-01  -1.8714232e-01  -3.6522942e-01  -8.5807779e-03   1.7484613e-01  -2.0079637e-01  -3.4535477e-02   1.1599794e-01  -1.0829489e-01  -3.5866141e-01   2.0013458e-01  -4.7417177e-03  -2.7153490e-01   2.7090731e-01  -1.1992908e-01  -2.5247690e-01   2.8633320e-01   3.3499883e-01  -5.6183256e-02  -2.7488051e-02   4.5794157e-01   2.9830327e-01  -4.7711823e-01  -3.0480380e-01  -4.2534408e-02  -1.0650240e-01  -1.4205461e-02  -2.7322576e-01  -1.6068583e-01   1.6044477e-02   8.1879127e-03  -9.7477450e-03  -2.1705336e-01   1.5079683e-01  -1.2499492e-01  -1.7393654e-01  -1.0850124e-01  -1.1303548e-02  -1.8922176e-01  -6.0959935e-02  -3.8581041e-01  -1.0879060e-01   3.4511033e-01   2.6754642e-01   2.6941497e-01  -3.7895608e-01   2.2563868e-01  -2.6250592e-02  -7.8925871e-02   1.0148665e-01  -1.2899771e-02   8.4215729e-02  -5.0352444e-02  -2.5965075e-01  -1.5544882e-02  -3.1665917e-01  -1.2867909e-01   3.2324840e-01  -2.5154909e-01   1.5166982e-01   1.7084928e-01   3.3245286e-01  -2.9610508e-01  -1.2206719e-01  -2.8226890e-01   2.1769610e-01  -2.1752851e-01  -2.1216775e-01  -1.0247035e-01   2.7110467e-01  -4.5402236e-01  -1.3830516e-01   2.8560974e-01   2.4010616e-01  -2.5154360e-01  -3.0765170e-01   9.7427810e-02  -6.0682060e-02  -1.1009877e-02  -2.2900209e-01   5.5626112e-01  -2.3126278e-01  -3.4543323e-01  -7.8878743e-02  -1.4441256e-01  -1.6019755e-01  -1.2962558e-01   1.5129641e-01   9.7138731e-02  -2.1280512e-01   1.7531026e-01  -3.0077419e-02   1.2821235e-01  -2.5743466e-01   6.6085018e-01   1.9638909e-01  -3.2446892e-01   4.4315851e-01  -1.6724000e-01   1.3740363e-01  -3.8266349e-01   1.2977659e-01  -2.2298885e-01  -5.2242795e-02  -3.9770822e-01   6.0548062e-01  -8.3554692e-02  -1.7420934e-01  -3.1697255e-02   2.1539411e-01  -3.2525147e-01  -8.1770031e-03  -2.3837520e-01  -1.8869170e-03  -4.3379349e-01  -1.2350290e-01   1.5243550e-01  -1.3086351e-01   1.8021787e-01   4.5298841e-02   1.3742810e-01   1.6699395e-01  -1.5368787e-01  -3.1869765e-01   6.0463951e-01  -2.2531667e-01   1.9692618e-01  -7.2388331e-02
  -1.7450861e-01   1.2204771e-01  -1.1699853e-02   6.1430593e-01   3.5317804e-01   1.7467531e-01   3.6582034e-02   3.0728927e-02   1.2185644e-02  -2.1380249e-01   2.6922045e-01  -2.5452663e-02   0.0000000e+00   1.6276965e-02  -2.3949890e-01   4.0352859e-01   6.4240534e-02   3.8436883e-01   1.0973484e-01   2.3752066e-01   3.6426405e-02   2.9016740e-01  -1.0668065e-01  -2.9231746e-01   6.5458609e-02  -4.1280398e-02   9.5007033e-02  -4.5708196e-01   3.4584382e-01   2.7147209e-01  -8.0589875e-02   4.2476795e-01   1.6190219e-01  -4.5898386e-01  -3.5928022e-01   2.8133947e-01  -1.9137357e-01  -1.6721104e-01   4.7206276e-01  -2.3288259e-01   6.8095229e-01   1.2701044e-01   8.2532507e-02   2.5860657e-01   2.8444998e-01  -2.2892847e-01   3.8453411e-01  -2.5082631e-01   2.9490658e-01   1.0005295e-01   2.6873402e-01  -1.2915006e-01  -2.0674989e-01   8.3283074e-02  -1.2496675e-02   1.5758806e-01   3.8247606e-02   2.6151131e-01   5.1181486e-01  -1.5826725e-01   1.1239960e-02   1.6618335e-01   7.1232431e-02  -7.3802264e-02  -1.6722171e-03  -4.7609773e-01   1.7048777e-01   3.1747673e-01   4.7094018e-01  -2.7772676e-01  -2.3588217e-01   1.7211332e-01   5.1101861e-01   3.1887807e-01  -7.4382778e-02   1.9794367e-01  -8.9042764e-02   8.7617077e-02   1.7492854e-01   4.1928318e-01  -1.1931358e-01   5.0503992e-01   1.1266194e-01  -1.0901003e-01  -8.6366069e-03   3.5614769e-01  -2.6867705e-01   1.3227291e-01  -8.9567266e-02  -2.5853359e-01   1.2622596e-01   3.8254987e-02  -2.0765996e-01  -1.1603576e-01  -8.3037408e-02   1.9744158e-01   4.8669214e-01  -3.2886496e-02   5.6308620e-01  -3.0039549e-01  -1.3522190e-01  -2.5144265e-01   2.6083732e-01  -1.3856589e-01   2.3500422e-01   2.7901721e-01   2.3392344e-02   2.5039335e-01   1.9416262e-01   2.6702663e-02  -2.7998316e-01   4.0478674e-01   4.6325934e-01  -1.5295792e-01  -4.4409628e-01   1.0796229e-01   2.3286813e-01   6.9755575e-01  -2.7896034e-01   4.3194073e-01  -2.2337667e-02   1.9435955e-01   2.2666181e-01   9.5219754e-03  -2.6370550e-01  -1.0417578e-01  -2.0443729e-01   1.3018427e-01   4.5769201e-01  -1.7759806e-01   5.6452532e-01  -7.1048601e-02   2.6286204e-01  -3.8137132e-01   9.0810670e-02   1.9773065e-01   1.7558687e-01  -3.2983847e-01   2.2475286e-01  -1.3857190e-01  -1.8999733e-01   6.4756992e-01   2.4953131e-01  -2.0070318e-01  -1.9469367e-01   2.8223425e-01  -3.8639909e-01   2.7987764e-02  -4.6682956e-01  -2.6744177e-01  -2.6736805e-01  -1.6843647e-01  -2.4941256e-03   8.3495878e-02  -8.7219206e-02  -2.6574491e-01  -1.6321450e-01   6.6867042e-01   1.8716090e-01   1.9108809e-01   1.6872660e-01   2.7606314e-01   4.5922874e-02   2.4740540e-01   4.4189073e-01  -4.8878969e-02   8.1782829e-02  -2.4538842e-01   2.0550205e-01  -2.7829894e-01  -3.2250823e-01  -3.9533553e-01   2.4212021e-01   5.1795440e-02   2.2911499e-01  -4.6567401e-02   2.5290081e-01
  -2.5449459e-01  -1.7367548e-01  -3.1455631e-02   2.0915537e-01  -2.1375559e-01  -2.4630958e-01   3.2344977e-01  -3.3122362e-01  -3.5394949e-01  -7.4386646e-02  -9.9160186e-02  -1.0748744e-01   1.6276965e-02   0.0000000e+00   3.5597863e-01   8.9182458e-03  -1.4503315e-02   2.8149349e-02  -2.3604548e-01  -1.5518380e-01   5.0477653e-01  -5.6571677e-02   1.9790229e-01  -1.1756726e-01  -1.4016315e-01  -3.5479760e-01  -3.2745159e-01   3.9756499e-01  -3.0769396e-01   2.0213054e-01   5.0729736e-01  -6.9275495e-02   7.8740180e-02   9.1621922e-02  -1.9376127e-01  -2.0353980e-01  -1.0657738e-01  -6.3437753e-02  -1.6878928e-02  -2.7226129e-01   1.1178383e-01  -1.3490409e-01  -3.3316044e-01   1.7947472e-01   3.2315379e-02  -1.8352948e-01  -1.5176504e-01  -1.0283371e-01   8.8115418e-02  -2.3150830e-01   8.1738916e-02  -4.1217682e-01   6.3543859e-02   2.1355719e-01   2.7532324e-01   3.6777591e-01  -1.5479379e-01  -6.0270588e-02   1.6025588e-01  -1.4425295e-01   6.2470413e-02   2.4343087e-02  -2.2807009e-01   4.7754195e-02  -2.1925722e-02  -1.9234935e-01   1.3765431e-01  -2.4035895e-01  -1.7266021e-01  -3.4073013e-01  -3.0679877e-01  -4.6653963e-03   1.0655813e-01   2.3210272e-01   2.1638727e-01   6.1818398e-02  -1.0972400e-01  -1.5695429e-01  -7.1413492e-02  -3.0181699e-01   6.4530589e-01   2.9806004e-01   5.1126270e-01  -5.9430579e-02   2.9570352e-01   3.8332629e-01   1.9877409e-01   5.3094275e-01  -1.2839355e-01  -3.6684979e-01  -3.4691637e-01   2.1728793e-01   3.0088518e-01  -3.9554432e-01  -8.2400374e-02  -2.6992660e-01   6.9364563e-02  -4.6277414e-01  -2.7139427e-01   2.6080743e-01   1.1387173e-01   7.0261813e-02   4.1842876e-01   8.3940350e-02   1.8708208e-01  -3.4831627e-02   3.8647793e-03  -3.5805199e-01   6.4113899e-02   4.3306093e-02   5.0926825e-01   3.5499198e-02  -2.6020830e-01  -3.2987126e-01   3.3636368e-01  -1.6705020e-01  -1.8354356e-01   2.2312494e-01   3.2069300e-01   1.6910611e-01  -2.7157916e-01  -2.7146909e-01  -3.9083969e-01   9.7743552e-02  -3.5753327e-01   6.2694071e-01   4.1363384e-01  -2.3465697e-01  -3.1275715e-01  -2.0371729e-01   1.1389638e-01   2.4696948e-01   5.1843037e-01   1.7797435e-01  -2.3745649e-01  -1.3024253e-01  -5.2111880e-01   4.1995105e-01  -1.8214003e-01  -5.5003053e-01  -2.8618960e-01  -1.3447229e-01  -1.4226563e-01   4.5981541e-02   1.5224862e-01   3.8907860e-01   1.2228796e-01  -2.6791407e-01   1.7767285e-01   1.3676824e-01   5.1710797e-01   5.6612061e-01   3.5919049e-01  -2.1055933e-01  -3.6778186e-01  -4.4545504e-01  -3.4191067e-01   1.3088552e-01  -2.7734950e-03   4.1869595e-01  -2.6287213e-01  -3.2388226e-01  -1.1076275e-01  -1.4833811e-01  -2.1315601e-01  -4.1383115e-02  -1.1706833e-02   3.5934780e-01   2.6294398e-01   1.7121621e-01  -1.3897178e-01  -1.8509123e-01  -5.0821508e-02  -1.3717159e-01   3.5666437e-03  -2.7313428e-01  -2.4102059e-01
