   0.0000000e+00  -4.0394626e-01  -3.8170213e-01   2.4809803e-01  -3.5086548e-01   1.3472283e-01  -1.8367065e-01   1.4680982e-01   1.5083425e-01   9.9481435e-02  -9.0547281e-02  -8.4655465e-02   8.9200404e-02   2.2700172e-01  -7.2066142e-02  -4.2500796e-01  -3.5269612e-01   1.1048363e-01  -1.2798930e-01  -2.5388841e-01   5.1223439e-02   4.7685650e-02  -3.1396048e-01   7.6624527e-01   3.7106500e-02   1.5467890e-01   9.1063303e-02   4.0275134e-01  -1.8281377e-01   1.6256166e-01  -3.7370753e-01   1.7348145e-01  -1.8346388e-01  -6.7602538e-01   2.1336043e-01  -6.7858448e-02  -2.4051869e-01   3.9303057e-01  -2.5638059e-01  -4.6983792e-01  -2.2044335e-01  -9.3145163e-02  -1.4891993e-01  -3.6299855e-01  -6.7849233e-03   4.8185195e-01   1.4038041e-01  -3.5307532e-01  -1.6617772e-01  -3.1703783e-01   1.4495025e-01  -2.5583081e-01  -6.1821463e-01   2.6376171e-01   2.0184006e-01  -1.2223466e-01   1.2138160e-01  -2.4246954e-02  -6.0533104e-02   3.4108231e-01  -1.0053798e-01   1.8098765e-01  -8.2986205e-02  -2.7251486e-01  -1.6078152e-01  -2.4106676e-01  -3.1614538e-03   2.2865849e-01   1.8329300e-01  -3.0503184e-01  -5.8206684e-01   4.7631414e-01  -9.0754601e-02  -1.7917110e-01   4.0153871e-01  -2.7052129e-01  -1.1096013e-01  -1.6738307e-01  -5.7402893e-01   9.8969839e-02  -2.4261632e-01  -1.0055956e-01  -5.8434052e-01   1.2196731e-01   7.6482662e-02  -1.2664031e-01  -3.8010314e-01  -4.6019744e-02   2.9375868e-02   6.9879593e-01  -4.0538349e-01  -1.9327423e-01  -2.2432777e-01   1.5829330e-01   2.3690583e-01  -3.3256279e-01   3.7112229e-01   3.1583973e-01   1.7352492e-01  -4.3323286e-01  -3.1588408e-01  -2.6162192e-01  -1.9292681e-01  -1.3928926e-02   6.1602387e-01   3.5736601e-01  -3.0247821e-01   2.9710722e-01  -3.0050368e-01   2.7295774e-02  -4.2391270e-01   1.4240143e-01   3.6380389e-01   8.9166811e-01  -2.3184369e-01  -6.7587263e-01  -1.1174938e-01  -2.5882414e-01  -1.8881146e-01   1.3988406e-01   8.3912231e-01  -2.7080583e-01   1.3214661e-01  -3.2843805e-02   7.7890287e-01   3.7955627e-01   6.1435654e-02   1.7142168e-01   3.5444621e-01  -5.4506328e-01  -3.5672800e-01  -5.3490430e-01   2.9260168e-01  -2.5009054e-01   1.5209273e-01   5.5339169e-03   2.2849208e-01  -5.2229505e-01   6.0330060e-02   5.4076236e-01   8.0167301e-01  -1.7159801e-01   9.2897034e-02  -2.8865936e-01   3.0767315e-02  -1.7570158e-01  -4.2129560e-01   3.8699751e-02   2.4873093e-01  -4.1354469e-01  -3.5162786e-01  -6.7433096e-02   6.3322323e-01  -3.1327252e-01  -4.9711506e-01   7.1971302e-01   7.8879814e-01  -4.8152952e-02  -2.3787739e-01  -4.9667162e-02   1.3251818e-01  -2.9153228e-01  -5.2201965e-01   3.4942303e-01   8.0596654e-02  -6.6159993e-01  -5.1471666e-01   2.6635876e-01   2.4268439e-01  -3.5196716e-01  -3.5962026e-01  -5.8070032e-02   3.4383312e-01  -6.1857700e-02   9.2464310e-02   5.3753183e-02   4.2922185e-02
  -4.0394626e-01   0.0000000e+00   6.9267027e-01  -2.1846978e-01   2.3891927e-01  -7.0931421e-02   1.5881437e-02   2.5312765e-02   6.6680416e-02  -1.7388128e-01  -2.5371281e-01   6.8077853e-01  -4.1270246e-01  -4.7401783e-01  -2.9210914e-01   1.2683222e-01   6.1114231e-01  -3.4293076e-01   3.9079772e-01   1.4327277e-01  -6.2570600e-01  -1.8156832e-01  -1.5331832e-01  -4.6251757e-01   1.5494370e-01  -1.5780503e-01   1.8067997e-01  -1.9390502e-01   4.7056171e-01  -9.2592885e-02  -5.2413244e-02  -1.3668583e-01   1.8423705e-01   6.2820901e-01   1.8957681e-01  -1.1108329e-01  -6.2847064e-03  -4.3154140e-01  -4.9311149e-02   3.9735410e-01  -2.3932915e-01   1.6418668e-01   4.3662060e-01  -2.1125720e-01   2.8074864e-01   1.3964883e-01  -3.0501223e-01  -5.9229414e-03  -1.2182869e-01   4.9783674e-01  -1.5860923e-01   8.4764757e-02   5.4933714e-01   2.9624888e-01   1.2627423e-01  -8.1997461e-02   3.7405469e-02   1.3581984e-01  -1.9595713e-01  -1.4215500e-01   2.0347804e-01  -2.9480070e-01   4.1638331e-01  -9.4832285e-03  -1.9293856e-01   2.1661249e-01  -1.3933850e-02   1.3535090e-01  -2.3320183e-01   4.0041517e-01   7.3982317e-01  -2.3119205e-01   1.4289178e-01   6.2332867e-01   1.3722763e-01   1.9285182e-01   8.0026500e-03   1.4722995e-01   4.8171555e-01   2.5799364e-01  -1.3543644e-01  -1.8238429e-01   3.7904482e-01  -4.0896769e-02  -6.4931019e-02  -1.1131718e-02   1.7622156e-01   1.3116315e-01   3.7346438e-01  -2.9219148e-01   1.3270139e-01   4.4403835e-01   3.8944446e-02   1.9201911e-01  -2.6596341e-01   2.7259204e-01  -4.5707766e-03  -1.9907296e-01  -4.4037260e-02   1.0061038e-01  -5.9791862e-02   4.8084049e-02  -2.5433002e-01   2.1819686e-01  -3.4781946e-01  -4.9554651e-03   6.2744758e-01  -2.6077819e-01  -2.7367117e-01  -4.6236082e-01   3.3683171e-01  -7.6719398e-02  -2.2120283e-02  -5.4765042e-01   6.7603886e-02   5.0668776e-01   2.2879006e-02   4.6475996e-02  -2.5465173e-01   9.6087578e-02  -3.3742507e-01   2.2520175e-01   4.4958197e-01  -2.8047618e-01  -2.7933969e-01  -1.6755887e-01   3.4578036e-02   1.6970782e-01  -5.9459053e-02   3.9135666e-01   1.3087889e-02   1.4848285e-01   3.2719524e-01  -3.0224406e-01   4.0333259e-01   8.0690231e-02   2.7628315e-01   9.3907441e-02   5.7383085e-03  -1.8837154e-01  -3.2712057e-01  -3.0943352e-01  -1.1302273e-01   3.4354570e-01   1.4639517e-01  -3.2431587e-01   5.5603019e-01  -6.3746739e-01  -3.5993053e-01   3.1254004e-02   1.4598992e-01  -1.8843953e-01  -1.2938405e-01  -1.7135915e-01   7.3543132e-01  -3.6777701e-01  -4.0120007e-01   7.1508501e-03   3.5993935e-01  -2.3665384e-02   1.5919848e-01  -6.8088282e-02   7.7413215e-03  -3.6809106e-01   1.7007148e-01   4.2328217e-01   5.9018527e-02  -6.9759950e-02   1.7370441e-01   8.9939554e-02   1.0922869e-01  -1.2854567e-01  -3.5884006e-01   2.8883309e-02   1.7385896e-01   2.4282006e-01  -4.6826947e-02
  -3.8170213e-01   6.9267027e-01   0.0000000e+00  -2.2411325e-01   3.0501687e-01   1.9711274e-02  -2.8469841e-01  -7.4788133e-02  -8.2756138e-02   8.1612648e-02  -3.4968801e-01   7.8151417e-01  -3.8706975e-01  -4.4450204e-01  -3.5194343e-01   3.0989795e-01   9.1420647e-01  -2.6224496e-01   2.0778939e-01   2.6474773e-01  -3.8228961e-01  -3.8778603e-01  -2.6805677e-01  -4.0525716e-01   9.0049179e-02  -1.7590580e-01   2.7477429e-01  -1.4089106e-01   4.5633842e-01  -2.3749537e-01  -2.9232008e-02  -3.2794510e-01   2.8499122e-01   4.5538216e-01   2.0727285e-01  -9.2739815e-02  -4.5324038e-02  -3.7820648e-01   3.0952374e-02   7.2102086e-01  -2.1569328e-01   1.6294397e-01   2.4685258e-01  -1.4812763e-01   3.0323068e-02   3.1238401e-01  -3.4213572e-01  -1.4256575e-01  -1.5664099e-01   7.4376513e-01  -4.2289790e-01  -1.3129110e-01   3.8270770e-01   3.0114791e-01   1.8049808e-01  -7.4816869e-02  -1.4162247e-01  -2.1518838e-01  -9.1558095e-02  -8.3150695e-02   3.0334816e-01  -1.7482383e-01   3.5011888e-01  -3.4435535e-02  -3.4264288e-01   3.6889207e-01  -8.3714139e-04   6.5174255e-02  -3.5858664e-01   5.5228723e-01   7.6049663e-01  -3.8984237e-01  -9.1519152e-02   3.1354657e-01   2.3681706e-01   5.9850070e-02   3.5747356e-01   1.4962153e-01   5.0684612e-01   1.2162671e-01  -1.2206518e-01  -1.5622072e-01   2.5225985e-01  -1.7820446e-01  -5.2347664e-02  -1.9391400e-01  -4.0489033e-02   1.6989818e-01   1.7174825e-01  -5.1902070e-01   1.5772231e-01   7.6049434e-01   2.7501025e-01  -2.9733896e-02  -3.4760764e-01   4.6394748e-01   1.8500490e-02  -1.9724034e-01   1.2704455e-01   5.0824059e-02   1.3848621e-01  -7.3905773e-02  -2.4794641e-01  -1.7261929e-01  -4.9381395e-01  -5.5949265e-02   3.1764723e-01  -2.5909358e-01  -3.6747857e-01  -5.1585833e-01   4.5354836e-01  -3.6472071e-01  -1.5356417e-01  -4.0286472e-01   1.8138594e-01   3.0780261e-01   1.8133785e-01  -1.8858924e-01  -1.5550753e-01  -1.5628950e-01  -3.0972531e-01   4.4418454e-01   5.3933746e-01  -3.7611660e-01  -2.2692196e-01  -2.2792354e-01  -3.5677768e-01   2.1260129e-01  -6.1139526e-02   7.1193474e-01   4.2884808e-02   5.4832918e-02   6.1022970e-02  -2.7529471e-01   2.6680528e-01   2.7510452e-03   2.7081355e-01   7.3752993e-02  -1.7608361e-01  -3.0317293e-01  -2.3670553e-01  -2.2116949e-01  -1.2983516e-01   3.7675842e-01   7.5266174e-02  -3.9605819e-01   6.8136828e-01  -4.9118658e-01  -3.7993289e-01  -3.0414975e-02   7.4147895e-02  -1.2105021e-01   1.1236143e-03  -1.0401966e-01   9.1810209e-01  -3.8418575e-01  -3.7289938e-01  -5.2091322e-02   6.9721539e-01  -2.9663953e-01  -3.0496537e-02   3.4523128e-02  -1.9359480e-02  -5.0012659e-01  -5.9342565e-02   4.9992602e-01  -4.2112545e-02   4.3964716e-02   4.5700832e-02   2.1509666e-01   1.5635082e-01   5.1488659e-02  -5.3553935e-01   1.0903411e-01   1.4388992e-01   1.3160639e-01  -3.6477375e-01
   2.4809803e-01  -2.1846978e-01  -2.2411325e-01   0.0000000e+00   5.6965010e-02   3.2357397e-01   3.0539133e-01  -2.3977059e-02   8.7163175e-02   2.3875977e-01  -1.0304414e-02   9.2590350e-02   3.0317743e-01   3.2288691e-01   4.5390903e-01  -9.2141632e-02  -2.4303571e-01   8.8773382e-02  -1.0862125e-01   2.1779057e-01   2.6977615e-01   6.0543583e-01   2.8098535e-01   2.3900006e-01   1.3043586e-01  -2.7199344e-01   2.4495073e-01   1.9872314e-02  -5.3358108e-02   4.7758876e-01  -1.5329202e-01   5.0263345e-01   1.5229060e-02  -1.0286361e-01   1.7591394e-01   1.9245192e-01  -1.6741732e-02  -1.9615271e-01  -1.6936651e-01  -1.3220072e-01   1.4505826e-01  -2.0442140e-01  -4.5540554e-02  -2.7245169e-01   3.9677365e-01   3.5942245e-02   3.3896538e-01  -1.0858519e-02   3.2451263e-01  -2.7158827e-01   3.9205329e-01  -1.2439845e-01  -1.5587988e-01  -4.1304179e-02  -8.2462082e-02   4.3418000e-03   9.7723709e-02   2.2417765e-01   3.5173628e-01   4.0055426e-01  -8.6613868e-02   4.3460299e-01  -1.4500764e-01  -3.0011079e-01   3.8877890e-02   8.8649590e-03   1.6297794e-01   1.1913601e-01   4.4016924e-01  -2.3188348e-01  -4.2967365e-01   4.3696360e-01  -6.4052508e-02  -1.5568099e-01  -1.0461061e-01   9.5931807e-02  -1.6930255e-01  -1.1887431e-01  -2.7055060e-01  -1.7844283e-01   2.6588529e-01   9.0656084e-02  -4.3500327e-01   1.9476752e-01   7.3343854e-02   1.9895335e-01   6.6892624e-02  -6.8172734e-02  -6.5866459e-03   2.2496579e-01  -3.3088106e-01  -2.6193246e-01   1.8026805e-01   1.6815487e-01  -1.6856291e-01  -4.2601264e-03   3.0781200e-01   1.2200853e-01   1.8566671e-01   2.1855380e-01  -3.0306520e-01   2.5792777e-01   4.2485636e-01  -1.5183738e-02   5.3691631e-01   3.6709651e-01   2.4680074e-02   1.1734190e-01   3.7384809e-01   1.9752702e-01  -1.3019785e-01   4.8513070e-01   5.2203627e-01   2.4133066e-01   1.0282980e-01  -2.8553683e-01  -2.9916778e-01   6.6463828e-02   8.8154726e-02   5.8491965e-01   1.7701202e-01   8.2493693e-02   1.3891155e-01   2.3188923e-02   1.7233844e-01   5.7543849e-01   3.7425856e-01  -9.3209580e-02   5.3203498e-01  -1.9227560e-01  -8.9702927e-02  -1.9853957e-01   8.4617199e-02  -6.7286488e-03   2.4351102e-01  -1.1631435e-01  -1.7457813e-01  -1.2744708e-01   1.5501443e-01   6.5204893e-02   2.3759146e-01   3.9417960e-02   1.2717133e-01  -2.1703463e-03   3.7531014e-01   2.7995595e-01  -2.2738332e-01   2.7165132e-01   4.4114941e-01  -9.2377370e-02   3.0437539e-02   4.6156958e-02   1.5621310e-01  -3.1981395e-01  -3.0885886e-01   5.7912740e-02   2.3055567e-01   2.7984631e-01  -3.4708415e-01   2.1204203e-01   2.4053650e-01  -3.7133652e-01   9.9249468e-03   4.2404971e-01   2.9702188e-01  -1.5198619e-01  -1.1133128e-01  -4.5477594e-02  -3.7800658e-02  -8.2917404e-02  -9.0874111e-02  -3.1820643e-01   2.5922154e-01   3.4760953e-02  -3.7178587e-02  -1.2780592e-01   4.3770916e-01
  -3.5086548e-01   2.3891927e-01   3.0501687e-01   5.6965010e-02   0.0000000e+00  -1.7526578e-02   2.4334069e-02   3.1350288e-02   3.0384146e-01   3.1519160e-01   1.3601580e-01   2.9437199e-01   2.9114560e-01  -3.2584257e-01   8.6942843e-02   2.2780629e-01   3.5490384e-01   1.6641564e-01   1.8580019e-01   8.1828372e-01  -1.3296224e-01   2.5912034e-02  -1.6216792e-01  -3.0329206e-01   1.8006938e-01  -1.8675034e-01   3.4642656e-01  -8.5553712e-02   3.3645676e-01  -2.2198485e-01  -7.4790631e-02   2.6206966e-01   2.0711906e-01   1.9523675e-01  -2.3432444e-01   5.4944417e-01   3.6107628e-01  -2.7441175e-01   1.2214822e-01   2.6950522e-01   3.5130433e-01  -2.0417753e-01   3.5520862e-01  -1.0144572e-01   2.7341082e-01  -4.4827780e-02   3.2432366e-01  -1.0211801e-01   2.3263929e-01   4.5487743e-02   4.1101949e-02   2.4537830e-01   1.3578283e-01  -8.9520105e-02  -2.7420582e-02  -1.0665810e-01  -1.4856805e-01   1.7722346e-01   2.3969838e-01  -6.4562957e-02   2.0899500e-01   4.2231757e-01   1.7297978e-01  -2.6403939e-05  -5.7509932e-02   3.0460574e-01   9.1831532e-02   9.1406902e-02   1.1277861e-01  -1.2463651e-01   3.7650103e-01  -1.0463265e-01   3.4966913e-01   9.7885665e-02  -1.2523994e-01   3.2687442e-01   9.8892576e-02   1.5976972e-01   6.8815496e-01   1.3079096e-01  -1.8400547e-01   6.8374635e-02   1.7755572e-02  -4.7097486e-02  -4.1840651e-01   3.4686758e-01  -5.7619029e-02  -4.0753615e-01   2.2384023e-01  -1.7705090e-01   5.6348692e-01   2.4600614e-01   3.6524815e-01   1.7995079e-01  -2.7331012e-01   8.0569791e-01   2.5982140e-01  -1.1181441e-01   1.2275240e-01   8.1765447e-02  -2.3365334e-01   8.1001958e-02   1.2531400e-02   7.9334082e-02  -1.1919986e-01   4.1454095e-02   7.0289822e-02   3.2365497e-02   2.9135066e-01  -8.2904171e-02   4.3886314e-02   7.5871586e-03   1.1140509e-01  -3.2246546e-01  -4.1714510e-01   5.3071468e-01   1.4059487e-01   2.8506628e-01  -2.3692583e-01   1.4856144e-01  -3.1455226e-01   7.4273726e-01   2.3336602e-01   3.2255282e-02  -2.5306107e-01  -2.6744153e-01   4.2084590e-02   1.7576441e-02  -5.9567305e-02   1.3495014e-02   4.7358805e-01   4.6510508e-02   8.3454724e-02  -2.4989098e-01   1.4744037e-01   2.1329707e-01   1.3417055e-01  -2.8478014e-01   2.7833515e-01  -2.6891369e-01  -1.6423260e-01   2.0392509e-01  -3.9586666e-02  -5.1620742e-03   1.6045678e-01  -6.9612874e-04   2.7423908e-01   3.5109981e-03  -6.3873101e-02  -4.0797119e-02  -1.4078302e-01  -1.2953432e-01  -2.5567265e-01   2.3513658e-01   3.7798559e-01  -3.1533561e-01  -2.8310704e-01   3.6279070e-01   3.1734379e-01   1.3629215e-01   2.1963575e-01   1.2525866e-01   4.7680893e-01  -6.5394014e-02   2.6202231e-01   6.2330203e-01   3.6855614e-01  -1.6985751e-01  -1.1849692e-01   5.2375610e-01   3.6201904e-01  -1.2330042e-01   1.3403480e-01  -4.8772554e-02  -8.9916465e-02  -5.6181583e-02   1.8082005e-01
   1.3472283e-01  -7.0931421e-02   1.9711274e-02   3.2357397e-01  -1.7526578e-02   0.0000000e+00   4.0739099e-01   2.4010680e-01  -5.1100079e-01   3.6460259e-01  -3.1293025e-01   2.7862988e-01  -8.6453706e-02   2.0895161e-01   2.7084425e-01   3.5945134e-01  -1.4966259e-01  -1.6747587e-01   1.3661690e-01   8.2334632e-02   2.9460982e-01   3.7108408e-01   2.8786144e-01   6.9044656e-02   2.1717564e-02   1.3518560e-01   5.8335704e-01   2.0492336e-01   4.0422402e-02   7.2129972e-01  -4.9039428e-01   5.2041771e-02  -5.2796740e-03   1.7332179e-01   3.7606994e-01   7.3381812e-02  -5.9898982e-02  -4.9858477e-01   2.8254749e-02   3.3080187e-01   1.2046724e-01   2.2062754e-01  -4.9696443e-02  -2.4565757e-01  -1.2546616e-01   6.2228635e-02   3.0317947e-01   7.6768040e-02  -2.5533751e-01   2.5167563e-01   3.8092162e-02  -3.8022094e-01   9.4035960e-02  -2.0609435e-01  -5.3238257e-01   3.0819595e-01   4.2714624e-01  -4.5350476e-01   4.3128542e-01   2.2180384e-01  -5.5735692e-01   1.6033111e-01  -7.4033206e-01  -4.3478171e-01  -4.8249047e-01   4.5242140e-01   7.6166218e-01  -4.6941100e-01   2.9459274e-01   4.5922757e-01  -3.1196339e-01  -8.3649237e-02  -4.0785888e-01  -7.1779194e-02   3.9479361e-02  -2.3184574e-01   4.6026895e-02   1.2117442e-01  -1.1549922e-01  -4.7138187e-01   5.7452964e-01   2.0637357e-02  -4.2908754e-01   4.0448390e-01  -1.3091559e-02  -3.1989632e-01  -8.1144456e-02   3.7663010e-01  -5.4897316e-01  -1.9092267e-01  -3.3331553e-01  -2.0883280e-01   5.0749926e-01  -3.5394745e-01  -6.8828228e-01  -2.8516944e-02  -1.3253460e-01   3.3086703e-01  -3.4973978e-02  -1.3185869e-01  -4.4483573e-01   1.4810877e-01   2.7912433e-01  -3.8593124e-01   3.2336882e-01  -9.6661482e-02  -3.0536944e-01   2.9986378e-01  -1.1806000e-01   3.7396017e-01   3.5997861e-01   4.0899059e-01  -1.9252155e-01   1.7358775e-01   4.2945937e-01  -2.9894240e-01   3.0926967e-02  -4.4755424e-01   4.5145668e-01   4.3129370e-02  -4.0104148e-02   1.4242036e-01  -8.2676745e-02  -3.0941503e-01   1.0805583e-01   4.6008394e-01   4.2739172e-01  -5.0013166e-01  -7.3479251e-02   2.1538079e-01   3.6619262e-02  -2.7687169e-01   1.1333531e-01  -3.9947089e-01   4.9108340e-02  -9.9617916e-02  -4.4000989e-01   4.3399752e-02  -4.7265513e-02  -3.1965536e-01   2.5755393e-02   1.0440646e-01   1.3583363e-01   6.3717976e-01   3.5571051e-01   3.1617551e-02   1.1608062e-01   2.1482265e-01   6.6480088e-01  -4.6020307e-01  -2.8328529e-01   1.1603063e-01   1.2997440e-02  -1.4930848e-01   9.0741033e-02  -1.3975541e-01   1.6556428e-02  -6.6440970e-02  -2.1728539e-01  -4.9157556e-02  -3.8056503e-01  -1.4161462e-01  -2.1645373e-01  -7.9042193e-02  -3.1946661e-01   8.2758868e-02   5.2352730e-02   4.8467992e-01  -1.5879881e-01  -1.6956169e-01   1.9762947e-01  -3.2175815e-01  -1.7309460e-01   8.3131301e-01  -1.8005974e-01  -5.6786838e-01   6.3971912e-02
  -1.8367065e-01   1.5881437e-02  -2.8469841e-01   3.0539133e-01   2.4334069e-02   4.0739099e-01   0.0000000e+00  -1.1635688e-01   6.4421182e-02   3.1885225e-01   6.7743266e-02  -7.8846112e-03   1.2625076e-01   3.6474221e-01   5.5989266e-01   9.6958656e-03  -4.9343343e-01  -1.5385474e-01   1.2757614e-02   2.0150571e-01   2.0525100e-01   5.4308543e-01   6.7392558e-01  -2.0305501e-01  -9.0365298e-02  -1.2114686e-01   2.7129582e-01  -2.6028283e-01  -2.2442238e-01   5.9818059e-01  -1.8577190e-01   2.3000319e-01  -2.9372260e-02   2.4394172e-01   2.2933282e-01   4.1040807e-01   3.9365898e-01  -4.4988621e-01  -1.1262885e-02  -2.3016601e-03   2.3619573e-01  -4.8392646e-02   4.1811195e-01  -1.0930039e-01   2.9892118e-01  -3.7177753e-01   3.3065337e-01   4.5689300e-01   3.5890699e-02  -2.9257645e-01   3.9344380e-01   1.1578864e-01   1.8594171e-01  -2.4915411e-01  -4.6225936e-01   2.4606952e-01   1.6483106e-01   1.6252260e-01   2.5213336e-01   2.1445306e-01  -3.5514882e-01   1.9757004e-01  -5.1426747e-01  -2.9266393e-01   2.9608925e-02   2.4814292e-01   4.8576758e-01  -1.4445523e-01   1.9512722e-01   1.8554989e-01  -2.9603509e-01   2.3717315e-01  -3.6891035e-02   1.4942190e-01  -2.5485371e-01   9.3148669e-02  -4.1803859e-01  -1.0558253e-01  -3.0326133e-02  -3.0627158e-01   4.1034360e-01   2.7375636e-02  -2.1397480e-01   1.6282382e-01   9.8635466e-02   2.3031857e-01   4.3170926e-01  -7.2475088e-02  -1.8003147e-01  -1.3357313e-01  -2.7792698e-01  -4.5878497e-01   3.8528616e-01   5.4902508e-02  -1.8786089e-01  -1.5089584e-01  -7.6475689e-03  -2.0877853e-01  -1.0480840e-02   2.3101344e-01  -3.8925013e-01   5.8958914e-01   4.4225535e-01   5.8319827e-02   2.1604801e-01  -1.6990238e-02   5.6627005e-02  -5.5025195e-02   3.6679517e-01   5.8068986e-01   1.8524269e-01   5.0881250e-01   5.0945537e-02  -2.3480015e-01   3.0353407e-01  -1.1081639e-01  -2.2284007e-01   1.5947988e-01   4.4814018e-01   2.6865450e-01  -3.0827105e-01   7.1544763e-02  -2.8254786e-01   9.3458271e-03  -2.6892614e-01   3.3079559e-01   6.9944365e-01  -3.4124250e-01  -1.2554632e-01  -7.7899636e-02   1.4295360e-01   4.7203762e-02  -1.6912563e-02  -8.5069829e-02   2.9843665e-01  -1.6471168e-01  -4.3284374e-01   1.3576966e-01   1.6129563e-01  -3.1120894e-01  -3.4285913e-01  -9.2774153e-02   4.1667719e-02   4.1648893e-01   2.4204831e-01   3.0636498e-01   1.1265753e-01   3.6083285e-01   5.0974872e-01  -1.3322552e-01   4.6068599e-02   2.5188476e-03  -4.3452959e-01  -1.8142299e-01  -1.6844486e-01  -3.6592805e-01  -2.7903251e-01   9.1236268e-02  -5.0166966e-01   3.3898869e-01   1.3554064e-01  -2.0338574e-01   5.2805881e-02   9.3020941e-02   4.1404903e-02   5.2769293e-02   3.6145022e-01  -8.9404731e-02  -1.9566219e-01  -9.8384693e-02   1.8158295e-01  -4.6463694e-01   1.6085678e-01   3.3666601e-01  -2.1439297e-01  -1.5458583e-01   4.0541565e-01
   1.4680982e-01   2.5312765e-02  -7.4788133e-02  -2.3977059e-02   3.1350288e-02   2.4010680e-01  -1.1635688e-01   0.0000000e+00  -2.4422558e-01  -1.7719997e-01   1.9055498e-01  -1.9880784e-03  -4.0307489e-02  -3.5382781e-01  -7.0337540e-02   5.2947222e-01  -6.4344419e-02  -7.3728834e-02   3.8244760e-01  -1.8067839e-01  -1.6298881e-01  -4.5959090e-02  -1.1795562e-01   2.9534712e-01  -2.4584763e-01   6.6630849e-01  -1.5015031e-01   3.8527266e-01   1.8643229e-01  -6.0240677e-02   2.0135338e-02   1.1372721e-01  -2.9105756e-02   2.0836542e-01  -2.2704777e-01  -2.7908706e-01  -2.2161464e-01  -2.3090765e-01   4.9416528e-01  -1.0539302e-01   1.8852817e-01   6.1421020e-01  -3.1735474e-01   7.7673848e-02  -5.0190619e-01   2.2391468e-02  -7.1575053e-02  -1.4449339e-01  -1.1023169e-01   1.2476300e-01  -4.6958746e-02   2.3146234e-01   1.7107032e-01  -2.5770766e-01  -1.7182099e-01   1.5986122e-01   3.7328930e-01  -3.6768431e-02   2.7687487e-01  -1.3107118e-01  -1.6174203e-01  -3.9952189e-01  -1.1464239e-01   2.8262616e-01   3.3721553e-03  -1.4440112e-01   5.1529154e-02  -4.5685443e-01   3.9571900e-01  -1.2301182e-01  -2.6868100e-02  -3.5300443e-01  -6.7589270e-02  -1.0942654e-01  -8.0237638e-02   2.7034892e-01   2.9233207e-01   2.5004525e-01   3.2556599e-02   9.2553299e-02   1.8819224e-01   2.1484224e-02   1.5252865e-01   5.5968550e-01  -9.2460924e-02   5.3556895e-02  -6.3596221e-02   2.9335836e-01  -2.6931547e-01   1.8520846e-01   1.7334624e-01   4.0948100e-02  -6.4771807e-03  -1.0589060e-01  -3.7988121e-01  -6.8241067e-02  -2.4710363e-01   6.2033649e-01  -3.5766332e-01  -1.3113068e-01   1.4231062e-03   2.3373212e-01  -1.1007585e-01   2.9063415e-01   9.0475264e-02   1.3652784e-01  -4.4400116e-02   4.8714440e-01  -2.2372604e-01   1.1171399e-01   6.8991822e-02   7.7320660e-02  -4.2826517e-01   1.1305920e-01  -1.0340200e-01   1.9416370e-01   3.7066169e-01  -2.0988044e-02  -1.2556389e-01  -4.1839861e-02   3.3672043e-01  -1.0568828e-01  -2.8993012e-01   5.1900419e-02   1.8851355e-01  -1.0146915e-01  -4.3850159e-02  -3.4659117e-01   8.2679716e-02  -1.5368831e-01   3.0969364e-01   1.1012196e-01   3.7364468e-01  -5.3218614e-02  -2.1731741e-01   6.2262396e-01   2.9048540e-02   7.7538400e-02   3.6047288e-01   6.6297641e-02   2.1749200e-01   6.8417198e-02   2.2349786e-01   1.4675017e-02   5.1810528e-02  -2.1516094e-01  -8.7100285e-02   1.0147829e-02   1.8825433e-01  -6.9848800e-02   3.6721149e-02   1.4454003e-01   1.4704449e-01   2.2527311e-01  -5.0640958e-02   3.6696357e-01   4.1655103e-01   6.4246341e-02   1.0070298e-01   6.1891921e-02  -4.3250763e-01   3.2003194e-01  -5.3146196e-02  -5.8203670e-02   5.1677086e-02   1.4088929e-01   3.8202989e-02   4.3156078e-01   3.9909582e-01   2.8730091e-01  -1.1894657e-02  -8.7770403e-03  -1.0653766e-01   2.5569656e-01  -3.2088552e-02  -4.2883367e-01   2.0251135e-01
   1.5083425e-01   6.6680416e-02  -8.2756138e-02   8.7163175e-02   3.0384146e-01  -5.1100079e-01   6.4421182e-02  -2.4422558e-01   0.0000000e+00   4.1925014e-02   3.0339148e-01   3.4291545e-03   3.6188659e-01   5.1842249e-02   7.3915179e-03  -5.2984483e-01  -5.3876074e-02   1.3224301e-01   8.0954863e-02   4.0327755e-01  -2.3919605e-01  -5.0606868e-02  -1.8332804e-01   2.1866241e-01   1.1791939e-01  -2.5706845e-01   4.2299807e-02  -1.4409437e-01   8.7568002e-02  -3.3076732e-01  -1.6759395e-02   3.3643277e-01   8.9012130e-02  -2.3255893e-01  -1.2518814e-01   4.1584759e-01   3.6493981e-01   1.7431531e-01  -2.9443563e-01  -3.4973115e-01   1.2775043e-02  -5.4840538e-01   5.4344580e-01  -2.0828047e-01   4.4936845e-01   2.0255274e-01   1.8089080e-01  -1.6959776e-01   1.2584845e-01  -5.0193358e-01   2.6240494e-01   3.0774681e-01  -2.2894953e-01   1.3703296e-01   2.0948749e-01  -2.7667556e-01  -1.6898088e-01   5.7767994e-01  -8.9156342e-02   3.9820031e-01   4.1690878e-01   2.9860651e-01   4.8083963e-01   4.9525510e-03   2.7996398e-01  -2.7478045e-01  -4.3888835e-01   5.2538877e-01   3.1971135e-02  -3.3732252e-01   2.9165643e-02   4.9363157e-01   3.6744961e-01   1.6221139e-01   1.3322023e-01   3.1478833e-01  -1.7812637e-01  -1.3937318e-01   3.8748483e-02   2.7857566e-01  -5.2036754e-01  -6.2588388e-02  -1.6287046e-01  -1.8027508e-01  -9.5597553e-02   5.4965178e-01   5.6346276e-02  -7.3155447e-01   5.6280936e-01   3.8080921e-01   1.9961256e-01   4.1091146e-02  -1.6666305e-01   7.2477342e-01   3.8471036e-01   1.4317470e-01   4.1492781e-01  -1.7827590e-01   2.6863581e-01   3.7355251e-02  -9.2277155e-02   1.3051791e-01  -2.6691045e-01   4.6782723e-01   1.2156938e-01   4.1698736e-01   2.0279092e-01  -8.6088460e-02   1.0775835e-01  -8.8570959e-02  -4.3197599e-01   9.9503490e-04   5.3112921e-01   5.9541009e-02  -4.2934787e-01   7.6268630e-02  -1.6515050e-01   3.6245262e-01  -4.4638834e-01   2.4720206e-01   1.7747445e-01   2.2697343e-01   2.6283785e-01   3.3333875e-01   1.8760275e-01  -7.9300227e-02  -4.1970155e-02   3.8379943e-01   2.0157385e-01  -4.0235579e-01   2.3533804e-03  -3.0745252e-02   2.7832310e-01   4.8129824e-02   1.6642191e-01   4.4420998e-02   2.8794121e-01  -4.1288742e-01   2.3685360e-01   1.5047017e-01   7.5965531e-02  -1.0465914e-01  -4.9642451e-02  -3.7740390e-01   2.3540525e-02   5.5860391e-02  -1.0241255e-01  -3.1459835e-02  -2.2141982e-01   6.2830140e-02  -8.1013325e-02  -4.1996805e-01  -3.6927837e-02  -1.9099041e-01  -1.8458008e-01   1.6885344e-01   8.7531191e-02   3.4958184e-01   1.1860886e-02   1.8121571e-02   6.3149921e-01  -6.7723665e-02   9.7252263e-02   4.2588422e-01   6.2943638e-01  -1.2318027e-01   9.2561696e-02  -2.9520729e-01   4.2297412e-02   1.7250670e-01  -1.1463395e-01  -4.4684428e-02   5.0871131e-01  -4.7644474e-01  -8.2328819e-02   5.0456759e-01   4.5945499e-01
   9.9481435e-02  -1.7388128e-01   8.1612648e-02   2.3875977e-01   3.1519160e-01   3.6460259e-01   3.1885225e-01  -1.7719997e-01   4.1925014e-02   0.0000000e+00  -2.8458640e-01   2.0265137e-01   1.9136885e-01   2.1830275e-01   1.2533702e-02   5.0926120e-02   2.3330091e-02   5.8401729e-02  -9.8581697e-02   5.4439697e-01   3.4329902e-01   1.5861960e-01   2.7551660e-01   7.3304255e-02  -2.8080071e-02  -1.1892865e-01   4.2819318e-01  -1.9961609e-02  -2.8794889e-02   3.2836882e-01  -4.8578800e-01  -8.8671585e-02  -1.3226217e-01  -2.1933816e-01   2.9279813e-01   3.9923780e-01   2.5763688e-01  -1.2059988e-01   1.2838941e-02   3.3804654e-01   3.6988102e-02  -2.2216176e-01   1.5820471e-01  -3.4402262e-01   8.9527383e-02   2.0613130e-01   2.6327657e-01  -2.3927800e-02   1.1553672e-01  -3.9462935e-02  -6.1093788e-02  -1.1900661e-01  -2.3580105e-01   6.1444805e-02  -1.1826987e-01   8.6551281e-02  -6.8595611e-02  -3.2999199e-01   1.0341052e-01   3.0472981e-01  -7.3777567e-02   5.5111826e-01  -3.0853017e-01  -5.0157972e-01  -3.7773557e-01   6.7531353e-01   5.4152443e-01   1.1229552e-01  -1.1478762e-01   1.8414868e-01  -1.6625996e-01   1.7521830e-01  -1.8810073e-01  -2.1872023e-01   4.6009259e-02  -4.5575556e-01  -2.2873477e-01  -1.1888317e-01   7.8966742e-02  -2.4339213e-01   1.0640080e-01  -2.7572756e-02  -4.1745743e-01  -2.7962831e-02  -5.3480419e-02  -1.4917448e-01   6.9506359e-02  -7.1589138e-02  -1.1897646e-02   1.7725590e-02  -8.1697478e-02   4.8287047e-02   5.4954114e-01  -1.0628947e-01  -1.4539142e-01   3.9430983e-01   3.0979893e-01  -9.1526680e-02   3.9056766e-01   1.6729357e-01  -4.2378006e-01   1.7383305e-01   8.9870881e-02  -4.4023735e-01   1.9029378e-01  -1.4913781e-01  -2.4897073e-01  -6.0145192e-02   3.3240428e-01   2.3289401e-01   2.2754410e-01   5.8679568e-02   2.2631363e-01   2.5662002e-01   4.8112422e-02  -2.9117414e-01   2.2559691e-02  -2.4755761e-01   2.3003248e-01  -2.3679978e-01  -1.2221959e-02   4.7229236e-01   7.0140501e-02  -1.7781524e-01   1.5133019e-01   1.3544644e-01   2.4219568e-01  -1.2330767e-01   5.6142088e-02   4.9869068e-02   8.0691057e-02  -4.1095426e-01   1.2316698e-02  -3.6134107e-01   1.7770532e-01  -4.0573433e-01  -2.0698357e-01  -3.2488924e-01  -4.9550660e-02  -4.4471190e-02   1.2677896e-01   2.0914216e-01  -1.8297688e-01   2.6648411e-01   7.7795090e-02  -1.2212884e-01   2.6557392e-01   3.2325814e-01   4.7012188e-01  -3.6745383e-01  -1.5732238e-01  -8.2554199e-02  -1.4286483e-02  -1.1261595e-01   1.3517926e-01  -2.2705869e-01  -1.8263364e-02  -1.0281358e-01  -9.2020344e-03  -9.5955835e-02   2.6355615e-02  -3.4266556e-01   1.0108663e-01  -1.5588043e-01  -1.5701998e-01   1.7586326e-01   4.1356881e-02  -1.6412278e-02  -1.1227148e-01  -7.9918781e-02   2.9420347e-01  -3.0472954e-01   2.5549904e-02   2.2385488e-01  -1.2796853e-01  -2.3272889e-01  -1.2274965e-01
  -9.0547281e-02  -2.5371281e-01  -3.4968801e-01  -1.0304414e-02   1.3601580e-01  -3.1293025e-01   6.7743266e-02   1.9055498e-01   3.0339148e-01  -2.8458640e-01   0.0000000e+00  -4.1112534e-01   5.0239481e-01   2.6775928e-03   3.4441931e-01   7.5733871e-02  -3.4772409e-01   2.8638251e-01  -2.8821906e-02   2.8003936e-02   8.4028586e-03  -9.1080814e-02   1.3963000e-02   1.1395132e-01  -4.2203485e-01   2.6695755e-01  -4.3152918e-01  -1.0071719e-01  -6.0185340e-02  -4.4761221e-01   4.8435084e-01   4.4461073e-01  -1.3428875e-01  -3.1043997e-02  -5.4604690e-01   1.6249090e-01   2.0102665e-01   1.0570650e-01   2.6182931e-01  -4.8416793e-01   6.5732798e-01  -1.2706929e-01  -9.7552930e-02   4.3558951e-01  -2.4207267e-01  -4.7860336e-01   3.2288840e-01   6.0222459e-02   8.8159247e-02  -4.7123999e-01   1.8101508e-01   4.9964169e-01   5.8670163e-02  -4.1104653e-01  -5.0943749e-03  -4.3139941e-02   2.9164730e-02   3.6222511e-01   3.9606368e-01  -4.9010606e-02   2.8886093e-01  -1.6446943e-01   3.6431180e-02   6.5470083e-01   5.3108108e-01  -4.6105380e-01  -4.2938118e-01  -1.7474923e-01   4.2166397e-01  -3.9664455e-01  -7.3394847e-02  -1.3936677e-01   4.0164385e-01  -1.6553923e-01  -4.2048001e-01   5.6960685e-01   1.5560224e-01   2.4039395e-03   5.1743212e-02   1.8923620e-01  -2.4513577e-02   2.0815296e-01   1.9696570e-01  -1.7837297e-02  -7.5734305e-02   5.3829224e-01   5.3784795e-03  -3.8953545e-01  -1.6532043e-01   1.0181074e-01   4.2164419e-01  -1.7090724e-01  -1.3809974e-01   2.8564285e-01   1.2533421e-01   2.4597744e-02  -1.7877426e-01   1.8876709e-01  -1.8216663e-02   7.1589040e-02   3.3008507e-01   2.2185133e-01   5.1558457e-02   4.1308946e-01   6.5090659e-02   1.3877809e-01  -1.3607488e-01   3.4803294e-01   2.1865901e-01   3.4774303e-01  -2.2921123e-01  -5.9642718e-02  -1.8824344e-01  -1.4514545e-01  -2.3049675e-01   2.4516402e-01   1.4932637e-01   6.0629332e-01  -1.0475455e-01   2.0962720e-01  -2.5945858e-02   4.4602939e-02  -3.9835409e-01   6.3888770e-01  -2.1258911e-01  -4.0353430e-01  -1.1921346e-01  -2.7078061e-01   1.2690487e-01  -3.8164203e-01   3.8896131e-01   5.2732265e-01  -1.5482308e-01   5.2931068e-01  -2.0562133e-01   5.4484724e-01  -1.4421307e-01   5.8366572e-02   4.5242314e-01  -4.9847654e-03  -8.4431281e-02   1.2268862e-01   4.5314033e-01  -2.8190132e-01   1.3568622e-02   3.8141490e-01  -2.1557943e-01   3.6601291e-01  -2.2031248e-02   2.2390009e-01   2.5918501e-01   1.6393103e-02  -2.7368554e-01   5.0240791e-01  -3.6270622e-01   1.9403264e-01   1.5171801e-01   4.8696096e-01   5.1930618e-03   1.9970614e-01  -3.0445164e-02   6.1197955e-01   2.7850168e-01   5.0230883e-01   2.7017501e-01   1.1096337e-01   4.4498264e-01  -1.3979841e-01   1.0413946e-01   3.3655390e-01  -1.8738194e-02   2.0610347e-01   2.7859036e-01  -2.2095853e-01  -1.9914100e-01  -8.3425797e-02   3.7684085e-01
  -8.4655465e-02   6.8077853e-01   7.8151417e-01   9.2590350e-02   2.9437199e-01   2.7862988e-01  -7.8846112e-03  -1.9880784e-03   3.4291545e-03   2.0265137e-01  -4.1112534e-01   0.0000000e+00  -3.1774312e-01  -3.1891826e-01  -1.9484444e-01   1.9460834e-01   6.8510758e-01  -2.1974611e-01   2.4449087e-01   3.2796454e-01  -4.9940143e-01  -1.1370597e-01  -2.6368352e-01  -2.8586051e-01   1.6527406e-01  -1.9268145e-01   4.8434101e-01  -4.2564379e-02   5.2323609e-01   6.0272464e-02  -2.7338723e-01  -1.1534381e-01   3.0409785e-01   3.5731144e-01   5.3823799e-01  -4.5933101e-02  -4.8600279e-02  -4.3543723e-01  -8.3724251e-02   5.3579445e-01  -2.3624396e-01   1.6123269e-01   3.7233667e-01  -3.7911998e-01   2.7244416e-01   3.8462392e-01  -1.5240125e-01  -1.3286236e-01  -2.8000140e-01   6.0212653e-01  -2.1545422e-01  -3.1519764e-01   2.7618210e-01   4.6928486e-01   2.0309741e-01  -1.0674608e-01   3.1251915e-02  -1.9665199e-01  -4.8282351e-03   2.0771284e-01   1.5690934e-01   4.7158192e-02   2.3341715e-01  -2.7916636e-01  -4.4320893e-01   3.5243091e-01   1.6141049e-01   1.9807254e-01  -2.3056037e-01   4.1446393e-01   4.7762860e-01  -1.0226341e-01  -1.7601718e-01   3.7034674e-01   4.2304549e-01   2.3754842e-02   2.2008882e-01   2.1376073e-01   3.9611364e-01   1.9059312e-01  -1.1029645e-01  -2.1195773e-01  -4.2165417e-02  -3.2367420e-02  -1.1553066e-01  -2.2848616e-01  -2.7186162e-02   1.6193035e-01   2.2660853e-01  -3.1560043e-01  -9.1225805e-02   5.8125428e-01   2.7097834e-01   5.6418947e-02  -4.0918500e-01   3.4273459e-01   3.2894647e-01  -8.2298805e-02   2.8721200e-01  -1.1504106e-01  -2.6595771e-01  -1.0130696e-02  -1.6595241e-01  -1.8180723e-01  -1.4201974e-01   1.7723167e-01   2.8358996e-01  -1.3545705e-01  -3.5677589e-01  -4.6871259e-01   4.7049070e-01  -1.3687525e-01   1.5119294e-01  -1.8143159e-01   1.5593919e-01   8.0627606e-02   2.7457832e-02  -2.9283440e-01  -1.7684259e-01   7.6947654e-02  -1.1317144e-01   4.2414512e-01   7.0475832e-01  -5.1221603e-01  -1.5304391e-02   5.9956480e-02  -3.9400313e-02   2.2851779e-01   1.7919475e-01   4.1604912e-01   3.4463740e-02  -1.7053369e-01   3.2352827e-01  -5.5416171e-01   4.3768303e-01   7.1186763e-02   3.3484589e-01  -1.2783499e-01  -1.2674172e-01  -1.2867444e-01  -3.4540341e-02  -2.9913022e-01  -3.0774926e-02   3.6316271e-01   3.4731849e-01  -3.9417021e-01   6.7381518e-01  -5.1504059e-01  -1.6860059e-01  -3.0551762e-01  -1.3472482e-01  -1.3665397e-01   1.7890468e-01  -2.9913007e-01   7.1784065e-01  -3.1336357e-01  -2.1069155e-01   3.2111488e-02   4.2143081e-01  -3.2439425e-01   1.3995450e-01  -2.0730896e-01  -3.6202481e-01  -2.8231445e-01   4.6156212e-02   3.4247701e-01  -1.2519149e-01   6.4896712e-02   8.5131545e-02  -1.9320082e-02   8.6991713e-02  -1.5491342e-01  -3.2267103e-01   1.5966150e-01   1.8122877e-01   2.1596325e-02  -1.5546486e-01
   8.9200404e-02  -4.1270246e-01  -3.8706975e-01   3.0317743e-01   2.9114560e-01  -8.6453706e-02   1.2625076e-01  -4.0307489e-02   3.6188659e-01   1.9136885e-01   5.0239481e-01  -3.1774312e-01   0.0000000e+00   7.2657605e-02   2.6614926e-01  -2.0168668e-01  -3.6194029e-01   5.1387905e-01  -1.6689575e-01   3.6275415e-01   3.7820243e-01   2.2883254e-01   9.8008735e-02   2.2950201e-01   1.1801645e-02   4.9097832e-02   7.8373840e-02  -2.7091979e-02  -6.1219303e-02  -5.2022666e-02   5.6864906e-03   5.4715766e-01   4.5407586e-02  -3.3922766e-01  -4.2945899e-01   4.4515051e-01   1.0950482e-01   9.2385097e-02  -1.1276558e-01  -4.2823569e-01   6.1966346e-01  -4.5253815e-01   3.3518858e-02  -6.0833294e-02   1.4345271e-01  -7.7358164e-02   6.6658484e-01  -2.1880315e-01   4.5868390e-01  -6.3329206e-01   5.2486100e-01   3.2372541e-01  -4.3217369e-01  -2.8947278e-01  -7.1506772e-02  -3.6289626e-01  -6.1614456e-02   3.6297122e-01   4.1154770e-01   2.7838995e-01  -1.8685603e-02   4.8013785e-01   3.5651652e-02   6.1694853e-02   3.1640911e-01  -2.6248033e-01  -1.8937300e-01   4.2837039e-02   5.6498246e-01  -4.6461094e-01  -4.2035740e-01   3.7284113e-01   3.7667683e-01  -3.7733702e-01  -2.1773416e-01   1.4039011e-01  -1.7946801e-01  -1.4071332e-01  -1.9661250e-01   8.4709410e-02  -1.2952950e-01   1.6353890e-01  -3.8332786e-01   1.2120461e-01  -2.9528475e-01   4.5353694e-01  -2.1976244e-01  -6.1503551e-01   8.0114629e-02   2.1601089e-01   1.2981884e-01  -4.3168941e-01  -3.8356935e-02   4.0672638e-01   9.1936133e-02   2.0338696e-01   3.4791689e-01   2.0512977e-01   1.4785137e-02   1.8445492e-01  -7.7956098e-05   1.5488900e-01   1.6183773e-02   2.7923697e-01   4.6121679e-01   1.0823427e-01  -2.9674314e-01   3.5851338e-01   5.3840637e-01   4.0059683e-01  -5.8216989e-01   3.0950463e-01   3.2815227e-01   1.6189494e-01  -3.3482578e-01  -1.1250822e-01  -6.5726303e-02   5.5673662e-01  -1.7739523e-01   3.1483710e-01   8.1682841e-02   1.4879062e-01  -1.5893277e-01   6.7698616e-01   1.3838980e-01  -8.8576922e-02   1.1866133e-01  -1.3961235e-01   3.0655978e-01  -4.2742705e-01   1.7822080e-01  -2.8338852e-02  -1.0498147e-01   3.1867390e-01  -1.2520730e-01   1.9883562e-01  -1.0051487e-01  -2.1729186e-01   4.7134799e-01   4.5323388e-02   1.8094715e-01   5.2199243e-01   2.1479414e-01  -3.3819662e-01   1.4983959e-01   4.1203773e-01  -4.3721889e-01   4.8888306e-01   3.0130329e-01   6.9913380e-02  -1.3593146e-01  -1.9646259e-01  -1.6231099e-01   1.1206868e-01  -4.6209549e-01   2.1736061e-01   1.4606243e-01   4.4930654e-01  -3.1986811e-01   2.7032789e-01   2.1767360e-01   1.0623076e-01   2.6257053e-01   6.8334505e-01   3.9893502e-01  -1.7259613e-01   1.3411911e-01  -8.3136806e-02  -1.8935483e-01   1.1295897e-01  -2.2225525e-01  -1.7035311e-01   6.1599770e-01  -9.4688127e-02  -1.7187093e-01  -6.7505503e-02   4.7126727e-01
   2.2700172e-01  -4.7401783e-01  -4.4450204e-01   3.2288691e-01  -3.2584257e-01   2.0895161e-01   3.6474221e-01  -3.5382781e-01   5.1842249e-02   2.1830275e-01   2.6775928e-03  -3.1891826e-01   7.2657605e-02   0.0000000e+00   4.2664745e-01  -2.4022153e-01  -4.7723921e-01  -8.3111265e-02  -3.5507710e-01  -1.6835469e-01   4.3895396e-01   2.5324145e-01   3.2624728e-01   1.8549953e-01  -3.7797091e-02  -1.5487595e-01   7.6634139e-02   3.2451266e-02  -1.9206309e-01   3.9405225e-01   7.4052918e-03   1.7621089e-01  -8.4245574e-02  -3.2431201e-01   1.1701715e-01   1.4874861e-01   2.6466486e-01   1.2060216e-01  -1.9124558e-01  -7.3924831e-02  -6.2405191e-02  -3.5721006e-01  -5.3712763e-03   2.0815364e-01  -2.5325842e-03  -9.2327788e-02   1.0838866e-01   2.1729266e-01   7.2613389e-02  -3.4813358e-01   1.0917073e-01  -2.4194681e-01  -2.2562641e-01  -1.9870573e-01  -1.1548757e-01   2.6345643e-01   1.3258392e-01  -8.7119840e-02  -1.6986820e-02   2.8251511e-01  -1.5746883e-01   1.8534258e-01  -4.2011256e-01  -5.2700288e-02   2.3048578e-01   4.7978316e-02   2.2384455e-01   3.3450673e-02   1.3434450e-02   7.7747469e-02  -5.6043444e-01   2.9143653e-01  -2.5940915e-01  -8.5848308e-02  -2.4684258e-02  -2.3873861e-01  -1.3589043e-01  -1.0073398e-01  -3.8747993e-01  -3.1722679e-01   2.5265065e-01  -3.6919236e-02  -3.2277636e-01  -1.5306150e-02   3.8112612e-01   2.6218335e-02   3.2919635e-01  -2.4800872e-02  -2.3392212e-01   1.5167324e-01  -3.2240669e-01  -3.0274633e-01   2.0316784e-01  -1.3553306e-01   1.9609148e-01  -3.8073021e-01   4.2755812e-02  -4.9020383e-02   1.6006373e-01  -2.9792538e-02  -5.6420601e-02  -1.0323217e-01   3.5436713e-01  -2.6714236e-01   2.0945028e-01  -1.4198260e-02  -2.9619804e-01  -3.4258188e-02   1.4870090e-01   3.9885029e-01  -4.5522588e-02   2.5719490e-01   1.8275207e-01   2.3720268e-01   2.7576968e-01  -4.6649653e-01  -2.5823109e-01  -2.7842181e-01   4.6516262e-01   2.4560305e-02   1.1617420e-01  -2.4529006e-01  -2.2744070e-01  -1.9603171e-02   3.6556919e-02   5.1465666e-01   2.0574269e-01  -2.3551238e-01  -1.1484526e-01   2.5777975e-03  -1.8706088e-01  -5.4731116e-02  -7.8293659e-03   1.3275035e-01  -1.8758226e-01  -3.6928761e-01  -3.5385737e-01   7.0054327e-02  -3.2661952e-01   3.2851478e-02   2.2850913e-02  -9.1844429e-02   1.6238335e-01   1.3201345e-01  -1.2632956e-02   1.7472097e-01  -2.6924431e-01   3.4996020e-01   3.3812654e-01  -8.1411365e-02  -8.9939339e-02   1.1444315e-01   8.9772487e-02  -1.4704706e-01  -3.5333214e-01  -3.3671369e-02   1.2809717e-01  -1.0925572e-01  -3.3087651e-01  -8.5325563e-02   2.8433134e-02  -1.0622209e-01  -1.0282087e-01   1.3837179e-01  -1.3739540e-01  -3.2557769e-01   5.0738189e-02  -2.8288872e-04  -2.1741755e-01  -6.8257317e-02   4.7713105e-02  -7.3358005e-02   2.3550935e-01   1.7733846e-01  -2.2997447e-01  -1.6279271e-01   1.5521762e-01
