   0.0000000e+00  -2.8739872e-01   5.3569466e-03   1.4227457e-01  -1.6332037e-01  -2.5411871e-01  -1.4515870e-01   5.5072759e-01   1.2971579e-01  -4.2411580e-02  -1.6219195e-01   7.4366573e-02  -1.0136246e-01  -2.3784007e-01  -2.5512109e-01  -5.8152449e-01  -5.3744119e-02  -2.0873275e-01   3.3887547e-01  -1.2203059e-01  -3.4557310e-01  -3.6306541e-02  -2.4994513e-01   7.2424855e-01   1.2242563e-01   4.3255619e-01  -1.0512820e-01   1.5370450e-02   3.6345401e-02  -3.4022156e-01  -4.5478170e-01  -2.1384735e-02  -2.9457343e-01  -1.9906135e-01  -1.9607933e-01  -5.4505670e-01  -2.1913661e-01   1.5789452e-01  -6.0341274e-01   1.0655543e-01  -4.3968850e-01  -9.2426431e-02   1.5159394e-01   8.6171524e-03   4.7469475e-02   6.9408308e-01  -2.4139646e-01  -4.0989299e-01  -8.9483681e-02  -2.0182072e-01  -8.2810869e-02   4.9615100e-01  -5.3394632e-01   2.7648924e-01  -1.2847248e-01  -6.0171131e-03   1.6635876e-01   1.1496427e-01  -1.7539801e-01   1.1819626e-01  -1.8894253e-02   9.0273528e-02   2.3483951e-01  -4.2121055e-01  -9.4542154e-02  -2.3207066e-01   3.2974467e-02   1.2792286e-01  -1.8641242e-01   1.9736237e-02  -7.8228382e-02  -1.6848863e-02  -1.0784624e-01   7.9054230e-01   4.8458861e-01   2.8297662e-01   4.0731723e-01   4.4193270e-01  -4.1853201e-01  -1.1238133e-01   1.8039798e-01  -1.4476745e-01  -4.7361214e-01   4.9270069e-01   2.7901556e-01   3.6827665e-01  -2.0058139e-01   3.0231499e-01   1.0210121e-01   9.2723043e-01  -2.5673542e-01   1.8599701e-01   4.4079869e-02  -2.0936110e-03   6.1926121e-02   3.2189042e-02   1.2930748e-01   4.7709945e-01   2.0642069e-01   4.9228404e-02  -4.1563932e-02  -1.5030171e-01   1.5714536e-01  -1.3006637e-02   1.4211192e-01   1.4567190e-01  -1.1204991e-01   3.8855569e-01   3.2225925e-01  -5.2409881e-01  -2.0923649e-01  -4.1116719e-02   1.0871341e-01   9.2761020e-01   1.3838357e-02  -2.7917713e-01   3.4269732e-01  -2.4374013e-01  -2.8829913e-01  -6.3007347e-02   7.7324854e-01  -2.8508830e-02   2.9383730e-02  -2.9537918e-01   7.8030332e-01   1.1917606e-01  -1.5301868e-01   3.0908756e-02   1.7794430e-01  -2.0205739e-01  -3.8068993e-01  -5.6685526e-01   6.0246204e-01  -2.6752274e-01   1.6618952e-01   3.5256965e-01   4.0226736e-01  -1.5224088e-01   3.3677535e-01   7.4367103e-01   4.5372827e-01   1.1773262e-01   5.0107853e-02  -3.3533240e-01  -9.9879042e-02  -4.3221237e-01   6.6766513e-02  -3.5259507e-01  -3.7663512e-01  -1.8484169e-01   7.4785843e-01   5.4618681e-01   4.2751120e-01  -2.8655216e-01  -2.2241368e-01   5.7620462e-01   6.1730525e-01  -6.0522799e-02   1.3414863e-01  -2.0309398e-01  -3.5374454e-02   1.5592497e-01  -4.3204294e-01  -1.9482082e-01   1.4747318e-01  -3.7920166e-03  -4.0764348e-01   2.9337448e-02   2.6240770e-01   7.4277131e-02   2.3376893e-01   2.9884903e-01  -2.2493536e-01  -5.8492081e-01  -2.6636553e-01  -1.9412825e-01   3.7871627e-01
  -2.8739872e-01   0.0000000e+00   2.6811394e-01  -4.0365481e-01   8.1365621e-02  -4.3428813e-01   1.4887100e-01   4.2301511e-02  -1.6807438e-01   2.9999664e-01  -4.5319552e-01   3.7940185e-01   3.4214613e-01   8.4519551e-02   2.6968739e-01   1.2120845e-01   1.3731410e-01  -3.3479876e-01   2.9498735e-02  -1.9620540e-01  -3.9699571e-01  -4.0469960e-01  -4.5400026e-01  -3.4176613e-01   2.8244308e-01  -5.0016861e-02  -8.2096013e-02  -3.0579256e-01   7.9055845e-02  -2.1425160e-01   4.9982555e-01  -3.7436657e-01   1.3781937e-01   9.7338445e-02   2.3232573e-01  -1.7507039e-01   4.0458016e-02  -2.8544958e-02   3.3457811e-01   2.7886645e-01   7.8933819e-02   8.2586520e-02   2.0507243e-01  -1.9455332e-01   2.1603062e-01  -1.9410570e-01  -6.0297083e-01   1.9749899e-01  -1.0522149e-01   1.5376764e-01  -4.9795695e-01  -1.6929041e-02   5.4521679e-01   2.1453104e-01   3.2376052e-01  -4.4575513e-02  -4.2621227e-01  -4.4882314e-01  -6.3089881e-02  -1.6647374e-01   9.6670413e-03   6.7847104e-02  -2.4011992e-01   3.0757500e-01   4.9485162e-01  -2.8671945e-01  -5.7812831e-01   1.5508880e-01  -4.8431345e-01   1.5579824e-01   6.7063926e-01  -4.4445451e-01   3.5674807e-01  -1.9478859e-01   1.9071869e-01   2.2048160e-01  -1.2211033e-01  -2.9287286e-01   4.4576363e-01   2.2350783e-02  -2.0520739e-01   4.1284100e-01   3.9102231e-02  -5.8561631e-02  -1.5576391e-01  -2.0227407e-01   7.2640262e-01  -2.1646558e-02   5.9857919e-01  -3.0665665e-01   7.2947770e-01  -1.4648853e-01   3.6474492e-01   1.6803379e-01  -3.8067426e-02  -1.8461633e-02  -3.0461851e-01   3.4323975e-02   3.2202558e-01   2.7319008e-01   2.2886664e-02  -2.8915404e-01  -1.7801271e-01   6.7042728e-02  -5.8106503e-01  -1.8217137e-01   1.4982463e-01  -2.8668483e-01  -1.1024968e-01   1.2669912e-01   1.0704783e-01  -5.8649179e-01  -4.9583594e-01  -2.7835625e-01  -1.3743210e-02   4.1967536e-01  -1.0037467e-01   2.4867649e-01   7.8844266e-03  -4.4898850e-01  -2.4568287e-01   4.7857392e-01   4.3164472e-01   6.2138466e-01  -2.7468825e-01  -4.0816890e-01  -1.9332995e-02   1.4130129e-01  -1.4073801e-01   2.3180547e-01   3.6032553e-01  -3.0916015e-02  -1.6394513e-01  -3.7400228e-01  -2.5966981e-01   1.0034443e-01   2.6402652e-01  -9.8383621e-02   4.2395596e-03  -1.9389399e-01  -4.0133386e-01   4.0189707e-02  -3.2984126e-01   2.7226746e-01   9.0111273e-02   2.4179081e-01   4.1317442e-01   3.8763289e-01  -3.6063531e-01  -1.9695751e-01  -1.4301642e-01  -1.7416239e-01  -5.8827419e-02   2.4137113e-01   5.5421536e-01  -2.0864482e-01  -2.9732466e-01  -2.5899100e-01  -1.7230861e-01  -3.0301047e-01   4.0844142e-02   1.1710816e-02   5.0947374e-01  -2.7182013e-01  -3.6036199e-01   9.9925662e-02   5.5992103e-02  -3.6686592e-01  -2.5426794e-01   3.7013061e-01   2.3520596e-01  -2.8476604e-01  -3.0989387e-01   2.6883860e-01   2.9389589e-01   1.5028035e-01  -4.8480352e-01
   5.3569466e-03   2.6811394e-01   0.0000000e+00  -3.8242201e-01  -3.2163143e-02   1.3112465e-01   2.3943528e-01   1.8310088e-01  -3.7230432e-01   5.9110838e-01  -4.5805327e-01   2.1584845e-01   4.6354907e-02  -1.3912524e-01  -3.2002886e-01  -1.9404848e-02   8.8355261e-01  -5.0850825e-01   5.9158249e-02   1.2761360e-01  -5.4240333e-01  -2.8298869e-01  -3.4623158e-01  -1.9961531e-01  -2.2571347e-01   3.1283598e-02   2.2911024e-01   1.6081195e-01   3.0334810e-01  -4.9253114e-01  -1.6946419e-01  -3.0807339e-01   1.9626700e-01   4.0698030e-01  -1.3974723e-01  -2.2666395e-01  -1.0077552e-01   1.4154355e-01  -1.3124801e-01   7.3543527e-01  -1.3232097e-01   9.9083777e-02   2.3571212e-01  -1.5059947e-01  -2.4016275e-01   3.0027673e-01  -4.3412713e-01  -1.7735987e-01  -3.3913400e-01   8.4871544e-01  -4.8299329e-01   1.3058598e-01   4.8285547e-02   4.4417818e-01   9.5262656e-02   5.6365693e-02  -1.8827116e-01  -3.6648830e-01  -3.8527348e-01  -6.5795242e-01   5.5793214e-01  -1.0895977e-01  -1.2022020e-01  -2.1411410e-01  -4.5736176e-01   5.5229583e-02  -3.3514131e-02   1.0712978e-01  -3.1066627e-01   8.0124307e-01   4.1218786e-01  -4.3241811e-01   1.5653961e-02  -1.1737018e-02   9.5966231e-02  -5.1589572e-02   3.9164649e-01  -1.2640728e-01  -1.7355981e-02  -3.0908428e-01   2.5139832e-01  -7.8905147e-02   1.1458020e-01   2.7302048e-02   3.7117928e-01  -2.8962536e-01  -7.2442327e-02  -2.9662620e-02  -9.5902599e-02  -9.3964186e-02   8.7881264e-03   4.5964111e-01   6.8424061e-01  -3.6325063e-01   8.6792293e-02   1.1075719e-01  -1.3557112e-01  -6.3841297e-02  -7.0401157e-02   1.0471392e-02   5.1336121e-01  -5.1411634e-01   2.6098994e-02  -3.2962883e-01  -5.8026773e-01  -3.5367795e-02   4.2471266e-01  -2.1406035e-01  -1.8890241e-01  -5.0217436e-02   6.1674567e-01  -4.9168297e-01  -3.0619532e-01  -4.0095871e-02   3.6484408e-01  -2.1367283e-01   1.2240398e-02  -2.4999577e-01   3.3141762e-01  -3.0278839e-01  -6.0663078e-02   2.7773373e-01   7.3874670e-02  -3.1041677e-01  -5.1892881e-02  -3.1231386e-01  -4.8007509e-01   4.7591893e-02  -2.1393418e-01   7.9645290e-01   4.0560814e-02  -3.2736035e-01  -1.1622149e-01  -2.2850252e-01  -2.7353161e-01  -6.5151126e-02  -6.6644144e-02  -7.3611614e-02  -2.2257482e-01  -1.4839540e-01  -1.1081211e-01   9.4219606e-02  -3.1023562e-01   6.0907529e-01  -2.0377928e-02  -3.9554649e-01   6.9860368e-01  -1.5118278e-01  -9.6012175e-02  -1.1774217e-01   1.7667509e-01   1.8370928e-01   1.8418854e-01  -3.0205359e-01   8.5860019e-01  -1.9066704e-01  -6.6705541e-02  -6.0105916e-01   4.5951396e-01  -7.7974519e-02  -2.2818459e-01  -2.7479827e-01   5.6195278e-02  -5.3752643e-01  -2.2574735e-01   2.4676697e-01  -1.5735841e-01  -2.2603417e-01   2.9640461e-01   5.5216411e-02   9.5776925e-02  -1.6248693e-01  -6.7272671e-01   2.3656902e-01  -2.9316653e-01   2.3691418e-01  -2.5616101e-01
   1.4227457e-01  -4.0365481e-01  -3.8242201e-01   0.0000000e+00   2.4140829e-01  -1.5137374e-02  -4.4870579e-01   5.9829012e-02   6.8267215e-01  -4.6340307e-01   3.9913748e-01  -1.4872362e-01   9.1339359e-02   1.6809495e-02  -1.9712093e-01   3.3943862e-02  -2.2495363e-01   6.8151050e-01  -8.3795870e-02   3.1220687e-01   3.3087220e-01   5.7860011e-01   2.3766041e-02   1.7684179e-01   4.4223495e-02   2.9078073e-01   5.8686745e-02  -2.6019709e-01  -1.4635868e-01   4.3750631e-01   5.2007746e-02   3.8969211e-01   2.7867663e-02  -5.0715493e-01  -3.8552939e-02   3.7396466e-01  -4.0628137e-02  -6.1992133e-03  -1.6968921e-01  -2.4371550e-01   1.9139525e-01   1.3213157e-01  -5.7996172e-02   2.2326559e-01   2.3374407e-01   7.1818638e-03   4.8245027e-01  -3.4928134e-01   3.8383299e-01  -2.6340152e-01   3.6793666e-01   1.5629482e-01  -3.4033835e-02   2.4344149e-02  -1.5848566e-01  -9.6807737e-02   3.8940758e-01   7.2305240e-01   5.1450049e-01   4.1098860e-01   1.1305813e-01   3.3077178e-01   6.0166859e-01  -1.8604828e-01   1.4885354e-01  -3.5510927e-01   3.7734281e-01  -1.4306414e-02   5.6268605e-01  -4.0964071e-01  -4.8620598e-01   5.3846442e-01  -1.3077059e-01   1.9988651e-01   3.0425959e-01   3.4877205e-01   1.5290727e-01   3.2777078e-01  -1.4735972e-02   3.3041456e-01  -4.5752759e-01  -4.4097071e-01  -9.1708347e-02   2.3061281e-01  -9.1104961e-04   5.5232514e-01  -1.4448465e-01   1.0511325e-02  -8.2473652e-02   1.1998336e-01  -5.4176482e-02   1.7009222e-01  -5.3218939e-01   3.6136415e-01   3.7749120e-02   1.5215837e-01   4.5008876e-01   1.3523789e-01   2.5690519e-02  -3.8781113e-01  -1.9273563e-01   3.3714472e-02   3.8928222e-01   4.9218318e-01   7.6561856e-01   6.6749141e-01  -1.3940752e-01   3.4879150e-01   1.0532826e-01  -1.8343191e-01  -3.9034778e-01   5.9352887e-01   7.3293059e-01   2.9877095e-02  -4.5963605e-01  -9.7910601e-02   1.1557202e-01   1.2688028e-01  -2.0778484e-01   5.2106944e-01   1.8256081e-01  -5.6269475e-02   1.8819484e-01   1.2309624e-02   8.7032447e-02   2.5705554e-01   3.3871299e-01  -1.0849615e-01   6.2489773e-01  -3.6013702e-01  -1.0400009e-01   1.6418765e-01   3.0439621e-01   2.3338943e-01   6.0634199e-01   2.4165850e-01   4.5706043e-02  -1.7117563e-01   4.9223695e-01   2.0129368e-01   2.2723106e-01  -6.3662725e-02   3.9525309e-01  -4.0769367e-01  -1.6849949e-01   1.8034441e-01  -4.6960047e-01  -2.8152969e-01  -9.4837554e-02   1.7352300e-02  -2.5910663e-02   1.7547727e-02   2.3198593e-01   1.3126620e-01  -5.4431884e-01   2.0816964e-01   2.8689643e-01   3.7546640e-01   1.6071967e-01  -1.3134854e-01   2.7820832e-01   3.4178676e-01  -2.7676662e-01   6.3607318e-01   7.7164527e-01  -2.3331189e-01   3.7141465e-02   3.5847598e-01   1.5624915e-01  -1.4739270e-01  -6.7601035e-02   2.2423329e-02   5.6921576e-01  -3.6132832e-01   6.1882348e-02  -1.6182949e-01   7.2793861e-01
  -1.6332037e-01   8.1365621e-02  -3.2163143e-02   2.4140829e-01   0.0000000e+00   2.1859271e-01  -8.0576773e-02   6.6573544e-02  -6.8193909e-03   1.5052201e-02   2.2551749e-01  -1.5636939e-02   4.8991710e-01  -2.3209083e-01  -2.9734978e-01   2.8929980e-01   1.3334090e-01   3.4315752e-01  -6.9040246e-02   8.1891941e-01   2.8661404e-01   1.1621981e-01   1.4078557e-02  -2.5836803e-01  -1.8340242e-01   9.9769877e-02   4.7330817e-01  -2.1375330e-02  -2.4458605e-01   2.9358614e-01   3.3417265e-03  -4.0872958e-01   4.0099141e-02   1.0937282e-02  -2.0401326e-01   6.1808292e-01   1.9280680e-01  -4.2232049e-01   2.2110459e-01   7.9473509e-02   3.1041281e-01  -1.0758494e-01  -5.9301591e-02   3.2727169e-01  -3.2400193e-02  -2.9202797e-01   2.9454534e-01  -1.5427961e-01   3.7657734e-01   8.4739221e-02  -7.6301069e-02   1.1945818e-01   2.3676359e-01  -1.8006445e-01  -2.5507024e-01   1.9271690e-01   3.3903352e-01   8.9239627e-02   2.8869367e-01  -9.5173628e-02  -1.1728869e-01   4.5313171e-01   3.6485603e-02  -4.5034928e-02   1.1568186e-01   5.1539162e-02   2.4332462e-01  -5.2491095e-02   2.4854098e-01   1.5614776e-02  -9.9645139e-02  -2.2558379e-01   2.8498099e-01  -7.9685490e-02  -1.5738632e-02   6.3057406e-02  -1.9317717e-01   8.4863087e-02   6.0012543e-01   3.7341719e-02  -3.1569100e-01  -2.0244195e-03   4.5539836e-01   1.2796679e-01  -2.0731040e-01   1.6107767e-01  -8.3057701e-02  -2.0108970e-01   2.4689159e-01  -1.3586046e-01   5.0523187e-01  -4.1733369e-02   6.5634111e-02   1.7971443e-01  -3.9671353e-01   8.6765866e-01  -1.8206102e-01   2.5218261e-02   4.8070935e-01  -3.4865829e-01  -2.0982231e-01  -2.2464233e-01   8.6818486e-02   5.6481334e-02   1.1428195e-01   2.3528096e-01  -1.5101258e-01   2.2028702e-01   3.4824713e-01   5.3303129e-01  -1.4438321e-01   1.3134031e-01   5.3581522e-02  -2.1470911e-01  -2.6263149e-01   3.1585777e-01   3.5275047e-02   4.4934397e-01   1.5905932e-01  -2.4118789e-01  -2.7047914e-01   5.7039582e-01   1.7443732e-01   2.7380911e-01  -3.1247399e-01  -4.2517664e-02   2.7947072e-01  -3.7979944e-01  -2.1261904e-02   6.9873047e-02   5.1749216e-01   5.0684314e-01   1.1288654e-01   4.0686982e-01   7.0921306e-02  -2.0085593e-02  -1.0168332e-01  -1.8203867e-01   4.2539212e-02  -3.4229028e-01  -1.8321843e-01   3.3670445e-01   1.5562798e-01   9.6528036e-02  -2.4182685e-01   8.3011009e-02  -1.1002994e-01   2.7092774e-01   2.5039703e-01  -5.0536473e-02  -3.5339295e-01   3.0398166e-02  -1.0659884e-01   2.4718012e-01   1.3374600e-01  -1.9270748e-01  -2.6385511e-01   7.3436329e-03  -1.1688710e-02  -1.8781209e-02   5.1120866e-02  -3.6844818e-02  -4.4625073e-02   2.2308790e-01   1.8059623e-01   6.4752747e-02   4.9646149e-01   2.6542219e-01  -1.2694465e-01   4.0644207e-01   2.2946308e-01  -5.2917650e-01   2.9460127e-01   2.4090985e-01  -1.8262863e-01  -2.0316507e-01   1.3167625e-01
  -2.5411871e-01  -4.3428813e-01   1.3112465e-01  -1.5137374e-02   2.1859271e-01   0.0000000e+00   4.8432366e-01  -1.9813180e-01  -3.7052659e-01   6.9041550e-02   1.8434320e-01   5.8417940e-03   1.0692913e-03  -9.5152055e-02  -8.8140057e-02   2.3128920e-01   1.0752796e-01   7.9597034e-02  -1.2371358e-01   3.8039565e-01   2.7764098e-01   1.9201047e-01   4.1277569e-01  -2.1594039e-01  -2.3122491e-01  -2.0010997e-01   3.7337578e-01   4.3504351e-01   5.2002608e-02   2.7061253e-01  -4.5348790e-01  -1.5309796e-01   1.7023214e-01   3.0904653e-01   8.6459212e-02   5.0593363e-01   6.3272318e-02  -1.1977001e-01   8.1307448e-02  -1.6366937e-01   1.0818439e-01  -3.6030307e-04  -7.7635469e-02   2.1436371e-01  -2.9167140e-01  -2.4446119e-01   4.9384252e-01  -5.5864529e-02  -1.6273368e-01   1.2329754e-01   2.5667242e-01  -1.8164968e-01  -2.4694347e-01  -1.2474253e-01  -3.7692677e-01   1.8554228e-01   4.1197023e-01  -1.3951916e-01  -4.2889700e-02  -2.0890712e-01  -5.4356501e-02   3.2592959e-02  -2.5643563e-01  -2.4055501e-01  -5.8067996e-01   5.8799433e-01   6.5339861e-01  -7.2143112e-02   2.3456712e-01   2.6330681e-01  -5.3570511e-01   5.4514301e-02  -1.1302243e-01  -2.6026563e-01  -4.0873071e-01  -3.6480428e-01  -3.1582915e-01  -1.5321091e-01   1.5872959e-01  -7.3202807e-02   3.5438365e-01  -1.2052412e-01   4.1797852e-01  -2.5707819e-01   1.3291490e-01  -3.1878441e-01  -4.3214502e-01  -1.9418016e-01  -5.3410326e-01  -2.8825408e-01  -3.3924448e-01  -8.9045429e-02   1.0831539e-01  -2.5319849e-01  -2.0670828e-01   2.8222197e-01   1.4668889e-01  -2.8197435e-01  -2.1604638e-01  -3.0690400e-01  -7.1691536e-04   2.4659228e-01   2.8350377e-02  -4.4473289e-01   6.9147919e-02  -1.6724919e-01   8.7784374e-02  -1.0907925e-02  -1.0480440e-01   3.4744827e-01   3.7263191e-01   2.8377461e-01   8.8249394e-02  -2.3327451e-01   1.9531888e-01  -2.2132785e-01  -1.5116284e-01  -5.4413893e-02   4.3459642e-01   1.3926676e-02  -3.3885376e-01   6.8394371e-02  -1.0207760e-01  -4.2751465e-01  -3.2092228e-01   2.1518359e-01   2.0453688e-01  -3.5541159e-01  -2.8630290e-01   2.2285816e-01   6.6291424e-02   3.6577124e-01  -2.5246641e-01   4.4585194e-01  -1.9442463e-01  -3.8846872e-01  -5.7248335e-01   3.9022635e-02  -3.4877524e-01  -3.8320700e-01   9.3389951e-02   1.5586411e-01  -7.7574364e-03   3.8048695e-01  -1.8672313e-02  -3.0262967e-01  -1.0515627e-01  -3.0968874e-02   7.5089551e-01  -7.9366840e-02  -1.5440456e-01  -1.6058761e-01  -1.2956015e-01  -2.2046277e-01   5.3223028e-02  -2.4502306e-01  -2.2890664e-01  -7.0479507e-03   2.4713196e-02   4.0865910e-01   4.5105541e-02  -3.9974251e-01  -2.2629720e-01   8.6058337e-02  -1.7209835e-01   5.9616575e-02   4.7425766e-01   2.2165905e-01   2.0635159e-01  -4.1664907e-01  -1.6538161e-01  -7.9648305e-02   1.0192841e-01   4.8784005e-01  -1.9745091e-01  -1.0533052e-01  -1.3815221e-01
  -1.4515870e-01   1.4887100e-01   2.3943528e-01  -4.4870579e-01  -8.0576773e-02   4.8432366e-01   0.0000000e+00  -1.5187627e-01  -4.7943976e-01   4.8649796e-01  -3.1857342e-01   2.9793600e-01  -5.5806384e-02  -7.6661113e-02   2.8915020e-01   7.9473690e-02   6.1435206e-02  -4.5999322e-01  -2.0046336e-01   3.3211532e-03  -1.9208404e-01  -1.5566895e-01   1.4469066e-01  -2.5524678e-01   1.1800099e-02  -3.0238974e-01   2.6897619e-01   2.7060954e-01   3.9215397e-01  -1.2764180e-01  -2.3689287e-01  -2.5832013e-01   1.6275492e-01   5.9911666e-01   5.5304683e-01  -4.1519681e-02   1.5012878e-01  -8.6227931e-02   5.2557725e-02   1.4396246e-01  -1.8637064e-01  -6.1195402e-02   2.8843558e-01  -1.1805720e-01  -4.3578128e-02  -2.1276885e-01  -1.2819519e-02   2.3855899e-01  -4.6043596e-01   7.6865226e-02  -1.0249167e-01  -2.8153027e-01  -5.4164691e-02   2.7597324e-02  -1.9802261e-01   2.3240371e-02  -9.8719086e-02  -4.4276599e-01  -3.2113966e-01  -1.7909279e-01  -1.9599137e-01  -3.4219624e-02  -3.0671109e-01  -1.4679877e-01  -3.4596644e-01   6.6099214e-01   1.8175916e-01   2.1933589e-01  -3.9758161e-01   3.1027968e-01   8.7437135e-02  -6.8922623e-02   7.3997028e-02  -2.4073074e-01  -2.1837553e-01  -2.9130407e-01  -4.3155140e-01  -2.5694094e-01   3.4883291e-01  -1.1595259e-01   5.7594368e-01   2.5689172e-01   1.4815258e-01  -4.5358897e-01   7.3140046e-02  -4.5074798e-01  -5.6206574e-03  -8.6480044e-02  -1.7474494e-01  -2.1596129e-01  -7.1844984e-02  -2.6657054e-01   5.6200619e-01  -1.3203098e-02  -3.1872940e-01   5.3494098e-02   7.4011761e-02  -2.5750867e-01   8.0192589e-02   4.3560921e-01   2.8216788e-03   1.7983284e-01  -2.6659161e-01  -4.7297868e-01  -2.7906764e-01  -4.5089215e-01   1.3556517e-01  -3.7606089e-01  -4.1497181e-02   2.5407649e-01   2.6996450e-01  -2.7213634e-01  -2.6551372e-01  -7.8845278e-02   3.0708847e-01   1.7401350e-01  -3.1183671e-01  -1.3540427e-01   2.4727422e-01  -1.3652231e-01  -3.3338399e-01   3.6699791e-01   1.3783372e-01  -2.7606011e-01  -3.8548865e-01  -1.3645901e-02   1.1760041e-01  -1.4515995e-01  -3.4116831e-01   2.7442067e-01   3.5735448e-02   1.4632015e-02  -3.0372154e-01   6.4300356e-02  -2.4308806e-01  -3.0705270e-01  -2.4165796e-01  -6.0218032e-02  -3.4602206e-01  -2.6601371e-01  -7.0086074e-02   7.8659075e-02  -2.6042419e-01   3.3637980e-01   4.0614789e-01  -3.4158740e-01   4.8436195e-01   1.9762212e-01   3.7730989e-01  -9.2213683e-02   1.0023201e-02  -2.8285622e-01  -1.6549650e-01  -2.8907521e-01   3.6864469e-01  -2.3748242e-01  -2.4156120e-01  -3.1086155e-01  -1.0551064e-01   2.1859477e-01  -7.8597431e-03  -4.2652820e-01   9.7425251e-02  -2.6925416e-01  -6.4300568e-01   3.8758765e-01   3.0495150e-01  -2.7853091e-01   5.9792613e-02  -1.9615642e-01   2.8017500e-01  -2.2291087e-01  -2.5176786e-01   3.5871058e-01  -1.6868249e-02  -1.4400815e-01  -4.9575460e-01
   5.5072759e-01   4.2301511e-02   1.8310088e-01   5.9829012e-02   6.6573544e-02  -1.9813180e-01  -1.5187627e-01   0.0000000e+00  -7.2114861e-02   1.2019503e-01  -3.2543868e-01   1.6888749e-01   2.7487615e-01  -4.9805201e-01  -2.7575965e-01  -1.4499571e-01   9.7062079e-02  -1.9632387e-01   7.8754772e-01   3.8569564e-02  -4.3320148e-01  -2.2232620e-01  -4.4041152e-01   2.3605577e-01   9.1094106e-02   7.7420135e-01   8.7425257e-02  -4.1384196e-02  -1.4705074e-01  -4.7283190e-01  -2.3029383e-01  -8.3640851e-02   2.5167543e-02   3.2210515e-02  -2.2221127e-01  -3.3488740e-01  -2.3628421e-01  -1.3590096e-01  -2.2370671e-01   2.8217671e-01  -2.0615889e-01   9.7201430e-02  -5.8372574e-02   1.2288019e-01   1.8231193e-03   3.5371428e-01  -3.2867503e-01  -2.1466252e-01   1.0729124e-01  -2.0515419e-02  -2.5723001e-01   8.6506106e-01  -1.1909100e-01   3.1485448e-01  -1.7863756e-01   8.9529959e-02   3.6000911e-01  -3.3221557e-02  -2.7498797e-01  -1.0156917e-01  -3.5854905e-02   2.1906068e-01  -8.3320104e-02  -4.3757674e-01   4.8119516e-02  -3.8732573e-01   4.1879578e-02  -7.5028036e-02  -7.3254763e-02   2.4956731e-01   8.1480984e-02  -3.3374680e-01  -1.4617707e-01   4.0596880e-01   5.8255143e-01   6.5386887e-01   2.3988107e-01   3.8649064e-01  -1.4477298e-01  -1.0269135e-01   1.8007381e-01   1.6925059e-01  -1.6924649e-01   8.1016570e-01   9.5976170e-02   4.8626027e-01  -5.3561944e-02   5.1498140e-02   2.3430966e-01   4.8553620e-01  -2.9668644e-02   6.6651094e-02   2.7300543e-01  -1.4310798e-02  -1.1390785e-01   2.1140269e-01  -2.3344234e-01   8.0569193e-01   5.8907812e-02  -3.1294641e-02  -5.4846723e-02  -2.2385891e-01   5.5206436e-01  -5.3894696e-02   2.5187698e-02   1.7482153e-01  -1.5049047e-01   6.4106752e-01   3.5752606e-01  -4.5432263e-01   4.7151193e-02  -2.5494087e-01  -2.2013198e-01   5.2962873e-01   1.7128247e-02   3.2485908e-02   4.6079182e-01  -1.2226043e-01  -1.2396584e-01  -3.8088937e-01   4.2808269e-01   2.4721738e-01   3.6328154e-02   1.0304536e-02   5.0236284e-01  -1.5140565e-01  -1.9418504e-01  -6.5914754e-02   3.8557503e-01   2.6305633e-03   8.6200229e-02  -4.5967516e-01   2.8650824e-01  -2.2981245e-01  -1.2664818e-01   6.0320516e-01   4.1526808e-01  -1.8795200e-01   6.0386411e-01   2.4908872e-01   4.0256966e-02   2.7835931e-01   1.1340663e-01  -1.2167609e-02  -1.3109832e-01  -3.5676937e-01   1.6916547e-01  -3.8373722e-01  -4.7310836e-01  -2.2887758e-01   4.9912483e-01   8.4075612e-01   4.8377837e-01  -1.7308633e-01   6.2525058e-02   4.1250191e-02   2.5812852e-01  -1.9729072e-01   8.9989490e-02  -1.0228898e-01  -1.6761889e-02   2.1790576e-01  -3.8893405e-01  -3.8943718e-01   1.2785050e-01   3.2193372e-01  -1.8537124e-01   4.0912177e-02   6.5641273e-02   3.4144256e-01   4.5447019e-01  -4.2047420e-02  -3.6794761e-01  -3.2560971e-01  -2.4328755e-01   7.4154019e-02   1.0261485e-01
   1.2971579e-01  -1.6807438e-01  -3.7230432e-01   6.8267215e-01  -6.8193909e-03  -3.7052659e-01  -4.7943976e-01  -7.2114861e-02   0.0000000e+00  -3.7825525e-01   4.5736122e-01  -1.3753173e-01  -3.6858034e-02   9.1355170e-02   1.1682907e-01  -4.4422721e-02  -1.8069441e-01   4.7339618e-01  -1.5509800e-01  -2.4063584e-02   2.0184952e-01   3.8649608e-01  -3.6070020e-02   2.3532821e-01  -2.1842140e-02   8.0293513e-02  -2.4235562e-01  -3.3519571e-01  -1.2621056e-01   2.9892934e-01   3.2436100e-01   4.7083592e-01  -2.0157795e-01  -5.8153023e-01   1.0995636e-03   1.6296821e-01  -2.6326056e-02   9.5695836e-02  -1.4860332e-01  -2.0735056e-01   9.3080273e-02  -3.8506394e-02   5.8860960e-02  -9.5808921e-02   3.4239909e-01   1.3272314e-01   2.4549700e-01  -1.1973046e-01   2.5685385e-01  -2.8013993e-01   3.3088009e-01   5.9768983e-02   9.6214960e-03  -1.0551555e-01   5.7508089e-02  -9.4228034e-02   4.6803366e-02   7.5470601e-01   3.6705617e-01   5.5683569e-01   1.4244743e-01   1.1906510e-01   7.1653154e-01   8.7665687e-02   3.9913663e-01  -4.3010257e-01  -9.2816587e-02   1.7285275e-02   3.1303918e-01  -4.3968305e-01  -2.2848612e-01   5.1904830e-01   1.4846809e-01   1.2627664e-01   2.2878491e-01   1.8421865e-01   2.3888138e-01   1.6314407e-01  -1.5218796e-01   3.1945084e-01  -4.6370913e-01  -2.2377422e-01  -3.7596821e-01   9.5456818e-02  -1.7629978e-01   4.1929961e-01   9.8916912e-02  -4.3706291e-04  -5.4331790e-02   1.3062885e-01   4.5611639e-02   1.7213354e-01  -5.6735059e-01   5.4163062e-01   2.1902234e-01  -1.0807483e-01   2.9087762e-01   3.8294662e-02   1.3510208e-01  -1.6517452e-01  -2.6361106e-01   1.2362145e-01   9.8659614e-02   6.7988905e-01   5.7507647e-01   5.3773815e-01  -2.6739109e-01   7.3934577e-02   6.3996807e-02  -2.7048988e-01  -4.8556581e-01   4.3085759e-01   5.2107398e-01   7.6486448e-02  -3.9553528e-01   1.3640215e-02   2.4383915e-02   3.3069024e-02  -5.0592982e-01   5.2674222e-01   2.6774940e-01  -2.2618500e-01   7.5355016e-02   2.4340838e-01   1.8209811e-01   9.9929011e-02   2.4084768e-01   3.4811869e-02   5.4106910e-01  -3.7922151e-01  -2.2087413e-01   1.6183153e-01   1.7771145e-01  -6.7037389e-02   6.7863710e-01   2.3451820e-01   8.8095955e-02  -1.4627227e-01   3.4486262e-01   2.6835416e-01   5.4736392e-02  -1.0496459e-01   1.9880192e-01  -5.7422050e-01   1.1601524e-02   2.5304605e-01  -3.6011081e-01  -4.5318343e-02  -2.4345368e-01   1.6824588e-01  -3.5726626e-02  -8.6490781e-02   9.9246245e-02   3.8081916e-01  -4.5117656e-01   1.6339438e-01   2.4651037e-01   2.7183786e-01   1.4623589e-01  -2.3082469e-01   1.4463694e-01   4.2084032e-01   8.0560464e-02   4.9423874e-01   6.0003882e-01  -2.9782389e-01  -1.3428837e-01   5.3917109e-02  -3.2404891e-03  -4.1705224e-02  -1.6289948e-01   7.7919496e-02   5.0221669e-01  -4.6479888e-01  -7.7902039e-04  -2.1849631e-01   6.6617851e-01
  -4.2411580e-02   2.9999664e-01   5.9110838e-01  -4.6340307e-01   1.5052201e-02   6.9041550e-02   4.8649796e-01   1.2019503e-01  -3.7825525e-01   0.0000000e+00  -3.1900119e-01   2.7282607e-01   2.1180670e-01  -9.2809430e-02   1.2070469e-01   1.0781092e-01   4.8317634e-01  -3.3578771e-01   5.5089043e-03   1.4393526e-01  -3.1854120e-01  -2.6771500e-01  -1.3775090e-01  -2.6258767e-01  -1.4136867e-01  -1.8940786e-01   7.4974732e-02   2.6767700e-01   5.0442553e-02  -3.8567610e-01   9.1842404e-03  -4.4282570e-01   1.1791352e-01   6.8000761e-01   1.2461083e-01  -1.1289937e-01   9.0484073e-02  -1.3630129e-01  -6.7526385e-03   5.2906093e-01  -2.7377474e-02  -1.7946953e-01   2.9343142e-01  -9.6955817e-02   3.5447470e-02  -3.4161736e-02  -3.0415008e-01   4.5314983e-02  -1.4072210e-01   4.5168728e-01  -2.9599245e-01  -1.0636229e-01   1.7008467e-01   2.8202549e-01   6.0941342e-02   2.0835073e-01  -3.3487819e-01  -3.0530716e-01  -1.9114793e-01  -3.2198364e-01   2.5484101e-01   1.8046054e-01  -1.1540138e-01  -3.4622624e-02  -2.0757377e-01   3.2894691e-01  -1.2574972e-01   2.2955411e-01  -3.0491594e-01   5.2056238e-01   4.2525086e-01  -3.4029096e-01   1.6729099e-01  -6.2335312e-02   6.4795113e-02  -8.8759991e-02  -2.3476378e-02  -2.9060626e-01   5.1594953e-02  -2.1569315e-01   3.3799126e-01   7.0368841e-02   1.8833703e-01  -1.6972372e-01   3.1981955e-01  -9.5592783e-02  -5.9408154e-02   1.3847241e-01   1.7703622e-01  -1.2139628e-01   1.0503574e-02   7.2753245e-02   7.1837067e-01  -3.7999349e-02  -1.2247942e-01   2.1623549e-01  -2.2271770e-01   3.2910887e-02   7.7546120e-02   3.9014755e-01   4.6329711e-01  -3.8689442e-01  -8.3972492e-02  -1.9225635e-01  -4.6592322e-01  -2.1017040e-01   2.9218601e-01  -2.7774977e-01   1.8614894e-01   6.4263252e-02   4.6680049e-01  -4.1650458e-01  -3.4114487e-01  -3.7578111e-02   4.6403210e-01  -1.5937170e-02   1.0030821e-01   3.4371139e-02   2.3776764e-01  -4.1609605e-01  -2.2517517e-01   3.5914948e-01   2.2905980e-01  -6.3538722e-02  -2.3429509e-01  -7.0065922e-02  -2.1560556e-01  -4.1563965e-02  -2.7459513e-01   5.0578045e-01   1.8367203e-01  -1.1951265e-01  -8.4818420e-02  -1.4821818e-02  -1.2831215e-01  -1.3127475e-01  -1.4743864e-01   4.9173366e-02  -1.6620311e-01  -1.6127443e-01   1.2138972e-01   2.0784256e-01  -3.0801796e-01   4.0117504e-01   4.1804508e-01  -1.3031389e-01   7.2719140e-01  -7.2150519e-02  -1.2054879e-02  -1.1639663e-01  -1.6632207e-02   1.3423519e-01   1.3057905e-01  -1.0470842e-01   6.1811703e-01  -2.6108726e-01  -6.5894872e-02  -4.3107998e-01   2.5175065e-01   1.7491050e-01  -2.4949749e-02  -2.7920804e-01   2.4088081e-01  -5.5764651e-01  -3.5995631e-01   5.5775692e-01   1.6943778e-02  -3.0193280e-01   2.9829276e-01   2.5653400e-01   3.2148991e-01  -4.6875500e-01  -5.1639274e-01   1.6628293e-01  -9.4617059e-02  -2.2493937e-02  -4.3195340e-01
  -1.6219195e-01  -4.5319552e-01  -4.5805327e-01   3.9913748e-01   2.2551749e-01   1.8434320e-01  -3.1857342e-01  -3.2543868e-01   4.5736122e-01  -3.1900119e-01   0.0000000e+00  -2.7601082e-01   2.0502682e-02   7.8403406e-02   1.4620786e-01   1.7062646e-01  -2.6366541e-01   5.9760771e-01  -1.3236266e-01   1.5360208e-01   6.2185318e-01   2.9312535e-01   3.6336367e-01   1.0740124e-01  -3.4640045e-01  -2.6663471e-01  -1.4902587e-01   5.6619571e-02  -3.4083570e-01   5.0641393e-01   1.5481743e-01   1.8664144e-01  -1.4100441e-01  -3.4411367e-01  -2.3257465e-01   6.1365199e-01  -1.1981116e-01  -2.4303632e-01   1.5099638e-01  -4.9468413e-01   3.1581186e-01  -9.8474064e-02  -2.9349099e-01   1.8243297e-01   3.4729163e-02  -2.2283946e-01   6.3680338e-01   4.5952336e-03   3.3207460e-01  -2.8636395e-01   6.4341681e-01  -2.1195066e-01  -1.3198274e-01  -3.7074520e-01  -9.1184477e-02   3.1479805e-01   2.0848407e-01   5.7645188e-01   4.3773652e-01   4.7251972e-01  -4.9319020e-02   1.1827401e-01   1.9163824e-01   3.1077030e-01   9.8667486e-02   3.8988687e-02   1.3911523e-01  -3.2058530e-01   5.1815893e-01  -3.8947904e-01  -4.7676333e-01   3.7677235e-01   1.7369433e-01  -2.0503232e-01  -3.4012501e-01  -3.3840660e-01  -9.8126122e-02   1.5648250e-02  -1.0210098e-01   2.4900670e-01  -2.7177131e-01  -2.8582672e-02   9.2831787e-02  -1.1390106e-01  -2.0138386e-01   2.5808828e-01  -3.5023412e-01  -1.2870276e-01  -3.2851838e-01  -1.0669825e-01  -1.3669481e-01   3.8080942e-04  -5.6214503e-01   1.8336789e-01  -2.9055757e-02   1.5604711e-01   7.8022987e-03  -1.5965639e-01  -3.6314114e-02  -3.9335407e-01  -1.6657073e-01   4.3607631e-01  -3.2471023e-02   2.2564059e-01   5.7124216e-01   1.1616347e-01  -4.2303547e-01   7.4914088e-02   2.0638226e-01   2.0106423e-01  -1.7878789e-01   5.5231066e-01   2.1620375e-01  -1.5574530e-01  -1.8184556e-01  -3.8950965e-02   9.0782843e-03   2.2486002e-01  -1.0459158e-01   2.7120148e-01  -1.5097635e-01  -3.6659096e-01  -2.4316881e-01   6.4550177e-02  -6.3306313e-02   2.0359248e-01   2.9635390e-01  -2.0783421e-01   1.1413373e-01  -3.3327421e-01   9.5597452e-02   6.1200769e-01  -3.9765201e-03   4.1361020e-01   2.8406150e-01   3.0343602e-02  -3.3131120e-01   2.0038759e-01  -5.1994427e-02  -1.0807683e-01   9.4281416e-02   1.3188082e-01   4.3295361e-01  -2.8029067e-01  -6.0176097e-02   3.1639412e-01  -6.1914216e-01   1.2531750e-01   3.7799632e-01   2.2767169e-01  -3.2648977e-01  -1.6941222e-01  -2.2771333e-01   3.9967252e-01  -4.9228029e-01  -2.6314899e-02  -9.1336115e-02   5.3340660e-01   5.7870623e-03   1.1956688e-01   3.8798817e-02   4.0506247e-01  -1.9156097e-02   5.9284965e-01   2.7231767e-01  -2.0629277e-01   2.8528142e-01   2.4880353e-01  -6.9669875e-02  -5.6950045e-02  -3.4866640e-01   4.0272843e-02   6.3336681e-01   5.7836963e-02  -7.8029688e-02  -2.0756078e-01   2.5516422e-01
   7.4366573e-02   3.7940185e-01   2.1584845e-01  -1.4872362e-01  -1.5636939e-02   5.8417940e-03   2.9793600e-01   1.6888749e-01  -1.3753173e-01   2.7282607e-01  -2.7601082e-01   0.0000000e+00   1.0138315e-01  -1.4364492e-01   3.0889976e-01   9.8375699e-02  -4.5146764e-02  -1.1085670e-01   1.3533686e-01  -4.2608791e-02  -2.3934692e-01  -2.6173188e-01  -2.3354848e-01  -2.8832561e-01   3.7838848e-01  -1.3439074e-02  -5.2881500e-02  -2.0929929e-01   7.6569633e-02  -1.1414136e-01  -6.1168901e-02  -3.6567700e-01   2.3121424e-01  -5.0091613e-02   4.2467678e-01  -1.3113521e-01  -1.5997704e-01   1.9025336e-02  -7.0628973e-03   1.3152928e-01   7.4582128e-03   2.6327123e-01   4.3521303e-01   1.0659829e-01   3.3229068e-01  -1.1069751e-01  -2.3624178e-01  -3.3565825e-01  -3.1264469e-01   2.9295635e-02  -2.9175757e-01  -9.2957707e-02  -5.2087497e-02   5.0562730e-01   4.2087506e-02   2.4875254e-02   3.4638470e-02  -3.4615882e-01   1.5219680e-01   1.6405814e-01  -6.2340789e-03   1.1319638e-01  -1.0079967e-01  -1.2340729e-01   1.6700193e-01  -1.9229972e-01  -2.1979819e-01   2.4953713e-01  -2.4989412e-01   3.9304745e-02   5.6029598e-02  -1.8697812e-01   9.0249718e-02   9.2462113e-02   2.1444910e-01   3.5642767e-02  -5.9299949e-02  -2.8340643e-02   6.1557985e-02   1.5850624e-01  -1.3882400e-01   5.2238120e-02  -1.2119941e-01   6.8740188e-02   1.1503993e-01  -2.1781480e-01   7.5324955e-02   3.3797926e-01   2.1445075e-01  -1.3677693e-01   2.0867459e-01  -7.2208745e-02   3.5550426e-01   2.2790560e-01   1.2301266e-01   1.4497147e-01   2.0864930e-01   4.2063455e-02   2.0079835e-01   6.4306077e-02  -9.4949582e-02   5.2649150e-02  -1.3207344e-01  -1.2054357e-01  -2.3358103e-01  -1.1438803e-01   2.7616811e-01  -1.2160604e-01   5.2917819e-04   4.2319757e-02   1.2716311e-01  -2.7529849e-01  -1.2822527e-01   1.5818939e-02  -4.5000456e-02  -1.8025452e-01   2.5951578e-02   6.5784451e-02   8.6764195e-02  -2.1871074e-01  -7.1219079e-02   3.5089567e-01   5.0472985e-01   3.8613931e-02  -1.7907643e-01   5.6633553e-05   3.3184956e-01   1.0090907e-01  -5.9563408e-02  -9.5360808e-02   5.9337170e-02  -1.9259388e-01   1.9586004e-01  -2.5557868e-01  -4.0641062e-02  -1.5800579e-02   3.2514155e-01  -2.2576495e-01  -1.0508648e-01  -6.3810875e-02  -1.0641056e-01  -2.9639993e-02  -5.5786048e-02   2.4815467e-01   1.5863966e-01  -1.2315044e-01   2.9389386e-01  -1.5438319e-01  -6.2963156e-02  -2.8811159e-01   7.0691246e-02   7.9670033e-02   1.2942286e-01  -5.8335662e-02   3.1050399e-01  -3.2141729e-01   6.2065209e-02   2.3487338e-02  -1.6951972e-01  -2.3580200e-01   2.0386204e-01  -1.5697980e-01   7.1454880e-02  -2.0029504e-01  -1.4602921e-01  -1.6129795e-03   1.1463873e-01  -1.6167437e-01   2.1562793e-01   1.1361891e-01   1.8680378e-01  -1.2664537e-01  -2.2061875e-01   2.2572151e-01   2.2590600e-01   1.2626275e-01  -1.7475931e-01
  -1.0136246e-01   3.4214613e-01   4.6354907e-02   9.1339359e-02   4.8991710e-01   1.0692913e-03  -5.5806384e-02   2.7487615e-01  -3.6858034e-02   2.1180670e-01   2.0502682e-02   1.0138315e-01   0.0000000e+00  -1.7061525e-01   8.3316365e-02   2.6196702e-01   9.7847281e-02   1.2102468e-01   1.7229886e-01   3.2470884e-01   9.1791884e-02   1.1573776e-02   2.6279306e-02  -1.8330128e-01   9.5949234e-03   1.0218023e-01  -2.1126069e-02   7.7496301e-02  -3.3198094e-01   3.4140649e-02   2.4115682e-01  -4.4736375e-01   5.1237749e-02   1.1515910e-01  -1.1694343e-01   3.5390720e-01   8.1036401e-02  -2.5644593e-01   2.4938547e-01   4.8152655e-02   4.7617822e-01  -8.4605055e-02  -1.3135902e-01   1.1683127e-01   1.9640202e-01  -2.5599479e-01  -2.5240201e-02  -1.4250212e-01   4.1431922e-01   4.2120780e-02   6.4455535e-02   1.1572801e-01   2.5942533e-01  -2.5067517e-03  -7.2163391e-02   3.0714258e-01   1.4460609e-01  -2.7342873e-02   3.1595683e-01   3.0630289e-02   5.0754184e-02   5.9234921e-01   4.2756550e-02  -2.8856729e-02   2.3052855e-01  -1.3248091e-01  -1.4306360e-01  -5.6603482e-03   8.1431916e-02   7.4361564e-02   9.2736151e-03  -2.4981989e-01   4.5613256e-01  -1.6178695e-02   1.9957522e-01   2.8541033e-01  -7.0782755e-02  -1.7795393e-01   2.5642923e-01   1.6560805e-01  -1.5986543e-01   3.4398752e-01   3.1924872e-01   1.0814230e-01  -4.0943451e-02   2.7601121e-01   7.2260912e-02   2.8000513e-02   3.6170297e-01  -1.2720174e-01   3.5684744e-01  -1.0061621e-01   1.2716949e-01   1.9855302e-01  -1.7715650e-01   4.8025637e-01  -2.5619174e-01   1.5778922e-01   3.0934412e-01  -7.1185152e-02  -3.9915298e-02  -1.5882939e-01   2.0303126e-01   1.3094641e-01   1.9845385e-02   3.7536943e-02  -1.0994100e-01   9.2559795e-02   4.6605716e-01   2.3824974e-01   9.4421831e-02  -6.6178831e-03  -1.2500540e-01  -8.4735728e-02   1.1138411e-01   2.1435595e-01   2.0900863e-01   6.5485016e-01   6.8810714e-02  -3.8014520e-01  -1.8310103e-01   3.9777752e-01   2.5721632e-01   4.8946178e-01  -1.9768868e-01   7.9627482e-02   2.2865787e-01  -1.6397555e-01   3.7113684e-02   3.9296047e-02   6.0087648e-01   2.4480456e-01   5.6075816e-02   1.3192666e-01  -2.2119731e-02   2.0050539e-01   7.4955674e-02  -1.5518600e-01   2.3960382e-01  -1.3015349e-01  -6.2722573e-02   4.4269096e-01  -7.5608307e-02   1.6673995e-01   1.1559814e-01   1.7973430e-01   2.0222941e-02   1.1989385e-01   1.1109326e-01  -1.4954246e-01  -1.9591512e-01   8.9336629e-02   1.2932793e-01   2.7209894e-01   1.3202366e-01  -1.1945002e-01  -1.4629535e-01   1.4453296e-01   6.9680524e-02   1.6620357e-01  -1.4212700e-02   9.3581366e-02   1.3117693e-01  -2.7453406e-02  -3.5978313e-02   2.3349897e-01   2.4223845e-01   6.8122942e-02  -4.5077688e-02   3.7276117e-01   2.0665915e-01  -4.8017798e-01   7.5522823e-02   1.2559240e-01  -1.3068848e-01  -1.8862880e-01  -2.4885643e-01
  -2.3784007e-01   8.4519551e-02  -1.3912524e-01   1.6809495e-02  -2.3209083e-01  -9.5152055e-02  -7.6661113e-02  -4.9805201e-01   9.1355170e-02  -9.2809430e-02   7.8403406e-02  -1.4364492e-01  -1.7061525e-01   0.0000000e+00   3.0462330e-01  -5.7341573e-02  -6.6932962e-02   1.7842066e-01  -3.6741467e-01  -2.1857672e-01   3.1717326e-01   4.5004161e-01   3.0871005e-01  -1.6970359e-01  -3.0284449e-02  -3.8907003e-01  -2.6523088e-01   1.9042898e-01   1.8909227e-02   4.9436146e-01   3.4438568e-01   6.9826622e-02   3.7675744e-02   1.9780027e-03  -1.8921683e-02   7.7047567e-04   1.0674736e-01   2.0537674e-02   5.2417780e-02  -1.7430119e-01   1.8372092e-01  -4.7186037e-02  -2.1712327e-01   7.7620832e-02  -2.4840867e-02  -1.9925864e-01   8.1632235e-02   2.0692359e-01   9.8791724e-02  -7.5878252e-02   2.0814218e-01  -4.6918079e-01   1.3691115e-01   9.4583959e-02   3.9076456e-01  -1.2660479e-02  -3.5930118e-01   5.6700234e-02   6.9303139e-02   7.9540982e-02   1.0813904e-01  -1.2272528e-01   9.4226184e-02   4.8852850e-01   7.0798564e-02   8.1401655e-02  -9.0203250e-02  -9.8817191e-02  -4.0662113e-02  -7.6046518e-02   4.6010145e-02   2.9341321e-01  -1.3416108e-01  -7.3174397e-02  -1.8992134e-01  -2.1498752e-02  -5.4663926e-02  -3.9673450e-01  -8.3997057e-02  -1.0268550e-02  -9.2348595e-02  -2.0291182e-01   1.0909691e-01  -4.5830122e-01   2.8689334e-01   1.9314456e-02   5.5225528e-02   1.5828073e-01  -6.4187798e-02  -3.3887316e-01  -8.9487159e-02   1.2243248e-02  -2.9771184e-01  -6.4414263e-02   7.0341921e-02  -3.6548565e-01  -1.1550146e-02  -5.1784993e-01  -2.5909721e-01   9.5583470e-02   4.6928544e-01  -5.7514154e-02   1.2095508e-01   2.4187119e-01   1.1369070e-02  -1.1959930e-02   6.0601786e-02  -5.7912112e-01  -1.6667764e-01   1.0309262e-01   1.3939443e-01   3.0306546e-01   9.5624142e-02  -3.3073194e-01   2.8673172e-01  -9.3341245e-02  -2.6596982e-01   1.1849631e-01   3.3504096e-01   2.2614417e-01  -2.6781558e-01  -2.3887823e-01  -6.0101374e-02   4.0820450e-02  -1.8675853e-01   2.9054248e-01  -3.0114237e-02  -6.5567937e-02  -1.2072199e-01   5.3477031e-02  -1.9457127e-01   1.2823201e-01   5.8997143e-02   3.5992617e-01   1.0510887e-01  -2.3821484e-01  -7.4471841e-02   6.6123419e-01  -4.9860357e-02  -7.0180626e-02   3.4497661e-01  -9.8424084e-02  -2.6449998e-01   4.1560712e-02   2.7727653e-01   5.6827597e-01  -8.6391017e-02   6.2928439e-02   6.0798801e-03   8.6931969e-02  -1.8768865e-01  -3.0783036e-01  -1.8223377e-01   9.5359853e-02  -1.1376717e-01  -5.0899970e-02  -2.1996444e-01   1.7878804e-02   7.1544402e-03   1.6754598e-01  -3.7538729e-02  -1.8675463e-01   3.3135897e-01   6.9706761e-02  -7.7827948e-02  -2.4264532e-01  -2.9321547e-01   4.4081321e-02   5.9275060e-02  -2.9235744e-01  -3.8983220e-01  -9.8268245e-02   1.0234998e-01   1.4388744e-01   4.5650908e-01   7.1287574e-02  -2.9184108e-02
