   0.0000000e+00  -2.8519345e-01  -3.6593771e-01  -1.1195052e-01  -7.3947267e-02  -2.6791214e-01  -4.0900300e-01  -3.0565375e-02  -1.3806977e-01  -3.6992561e-01  -6.7136711e-02  -3.8343415e-01   1.1148346e-01   3.4042870e-01  -1.8102962e-01   2.3173915e-02  -4.7088592e-01  -1.1327336e-01   4.4636146e-02  -1.4441142e-01  -3.0349894e-01   8.4408642e-03  -1.3979892e-01   7.4354709e-01  -3.2451467e-02   2.6864103e-01  -3.5544165e-01  -2.0871507e-01  -1.0871327e-01   5.4305854e-02   5.9117146e-05  -1.2115762e-01   1.6445977e-01  -2.7040975e-01  -1.2406070e-02  -8.2148989e-02   1.0223655e-01   4.8394028e-01   1.1010252e-01  -4.8660412e-01   2.2314887e-01  -7.0743718e-02  -2.3241185e-01  -4.6073920e-01  -8.9350629e-02   2.8529874e-01   1.7685215e-02  -2.3014967e-01   1.5732088e-01  -1.6257693e-01   9.8056595e-02  -1.9331179e-01  -2.0222503e-01  -2.5412431e-01  -1.2961234e-01  -4.3570864e-01   5.3901061e-02   1.4769001e-01   1.9073666e-01   1.1048168e-01   7.0275186e-02  -1.9060951e-02  -6.8670481e-02   1.4031090e-01   2.1860629e-01   8.7451915e-02  -4.0517786e-01  -2.6206378e-01  -2.3729746e-01  -1.1192333e-01  -4.4002146e-01  -9.9178988e-02  -1.8349253e-02   6.0223742e-01  -1.2110701e-01  -3.6194613e-01   1.3466910e-01  -4.4514052e-01  -1.7880146e-01   1.8962292e-01  -3.6645997e-01  -3.6496869e-01  -3.9287702e-01   1.3042401e-01   6.0707050e-01  -3.6713512e-01   1.6025076e-01   4.0488533e-01  -2.1515373e-01   8.1342292e-01  -1.5625399e-02   1.8624627e-01  -4.0272816e-01  -3.3535125e-01   4.9613884e-01  -1.7660150e-01  -3.4672078e-01  -4.2271250e-01   5.4590118e-02   4.0400843e-02   1.6612926e-01  -7.2268145e-02  -4.4256394e-01   1.2238195e-02  -7.2382355e-04  -1.6517834e-01  -4.1552728e-01  -2.8511641e-01  -1.7706287e-02  -4.1963944e-01  -3.8935830e-01   1.1765969e-01  -5.7247299e-02   9.0310398e-01  -3.5385879e-01  -1.6127047e-01  -3.7564169e-01  -2.7365702e-01  -1.4856270e-01  -8.6658970e-02   5.6853184e-01  -7.2689630e-02   9.6957463e-02   3.9598561e-02   6.5430144e-01   2.0668796e-01   1.7107349e-01  -1.1302428e-01  -3.0391466e-01   1.0718002e-01   9.4270308e-02  -2.0510275e-01   4.2478854e-01  -3.9258374e-01  -2.2181550e-01  -2.5436262e-01   8.3860027e-02  -4.7656259e-01  -3.7095783e-01   8.8614151e-01   6.8742638e-01   2.8004849e-01  -2.1883161e-01  -2.6233576e-01  -1.8467826e-01  -3.6026663e-02  -4.0024336e-01   5.8054863e-02  -1.7602454e-01  -7.8825875e-02   6.1283711e-01  -4.8273747e-01   1.6723149e-01  -4.5042071e-02  -5.3387528e-01   7.8671644e-01   4.8119930e-01  -1.5566836e-01   1.7941364e-01  -4.7517430e-01  -3.5176537e-01  -1.4553120e-01  -2.0164816e-01   1.4128164e-01  -2.0799730e-02  -3.7621685e-01  -2.7181615e-01   6.0168378e-03   6.8268237e-02  -1.0547100e-01  -3.2289160e-01   7.2740514e-01   1.3977112e-01  -1.2163593e-02  -3.2038446e-01  -3.9748622e-02   6.3268725e-02
  -2.8519345e-01   0.0000000e+00   1.6590697e-01  -4.0047288e-01   4.1330856e-01  -2.3913852e-01  -1.6635397e-02   1.3657248e-02   4.9289690e-01  -2.1975806e-01  -9.4722235e-02   6.7567316e-01   2.1662404e-01  -2.1810939e-01  -3.2690889e-01  -3.7088879e-01   3.8745682e-01   2.2214761e-01  -1.9991535e-03   5.9481463e-02  -1.1084546e-01  -3.2261396e-01  -2.8278883e-01  -6.1060562e-02   1.4968157e-01  -1.0604861e-01   7.1744235e-02  -1.9227203e-01   2.8661884e-01   1.5977855e-01  -1.7449741e-01  -1.1186174e-01  -2.7890630e-01   2.2912337e-01   6.4518444e-02  -1.1000480e-01   3.1088027e-01  -1.7512549e-01  -3.7463669e-01   2.4931622e-01   8.4359149e-02  -1.9268999e-01   5.5306670e-01   1.5354094e-01   4.3102111e-01  -1.2413862e-01  -2.7160267e-01   4.0679711e-01   3.0670072e-01   1.8780613e-01  -3.9490791e-01   2.7334235e-01   5.5243406e-01   4.2663629e-01   3.2117298e-01  -1.3545003e-01  -3.5103304e-01  -2.1314039e-01  -1.2176735e-01  -1.2666014e-01  -3.8642481e-02  -1.2340286e-02   6.8626204e-01  -3.6486527e-01   4.3502763e-01  -1.4811687e-01   2.6486089e-01   3.1834084e-01   1.5184437e-01  -1.1492118e-01   6.4753451e-01  -2.5736846e-01   1.9330674e-01  -3.1696958e-01   3.9754502e-01   2.3433905e-01  -9.7440104e-02   2.0786461e-01   2.2497756e-01  -2.3497907e-02  -2.1370415e-01   1.6686010e-01   1.0320051e-01  -1.3809853e-01  -2.5441635e-01   2.5998712e-01  -8.6999255e-02  -7.2468253e-02   7.4401963e-01  -2.1466271e-01   6.2855613e-01  -2.6459882e-02   4.5128628e-01   3.9531589e-01  -1.0889514e-01   4.3082237e-01   2.8523863e-01   1.6580984e-01   4.3060037e-01  -1.3043497e-01  -1.6441289e-01   5.2192404e-02  -3.4994308e-02   1.8447999e-01  -4.0023779e-01  -2.1325920e-01   3.9207219e-01   1.5481369e-01  -5.9808305e-02   4.9901777e-01  -1.2707590e-01  -5.2994627e-01   8.1737369e-02  -2.1118543e-01  -2.6837729e-01   6.9210128e-01   2.1305624e-01   2.4308642e-01  -1.5618419e-01  -3.6027726e-01  -2.1422872e-01   4.8639701e-01   5.3009452e-01   6.4816832e-01  -7.3552797e-02   1.8029268e-01   6.6807357e-02   2.4403836e-01  -6.6952199e-03   1.3069164e-01  -1.1500730e-01   1.8177127e-01  -5.4776390e-02   6.4144820e-01   3.2785873e-01   8.3748167e-02  -1.0148017e-01  -6.2833051e-02   1.6995016e-01  -1.5898272e-01  -8.3988879e-02   3.4142779e-02   1.4422679e-02  -3.8557532e-02  -8.5181434e-02  -3.4433677e-01   3.6678444e-02   3.4711718e-02  -6.8632887e-02   4.4977069e-01  -2.0961721e-01   1.4498521e-02   2.3750815e-02   3.8365437e-01   5.0893327e-01  -2.1958706e-01  -1.0865685e-01   3.1647153e-01   9.7210625e-02  -1.0287125e-01   3.7413982e-01  -7.5145881e-02   2.9993606e-02  -3.0788790e-01   1.5289098e-02   6.2585369e-01  -2.7738107e-02  -2.4442712e-01   8.5762590e-02   3.1494875e-01   8.1205356e-01  -3.8515302e-01   1.7155526e-01   8.4291883e-02   4.5614859e-01  -5.5419859e-02  -3.1726631e-01
  -3.6593771e-01   1.6590697e-01   0.0000000e+00  -4.7217602e-02   2.4715408e-01   8.8583903e-02   2.6695111e-01   2.6862542e-01  -1.2213411e-01   1.5139826e-01  -1.2482334e-01   2.9925852e-01  -1.4674702e-02  -1.4448927e-01   5.2599027e-01  -1.3618549e-01   8.4420416e-01  -2.4102985e-01   3.6291452e-01   4.1596396e-01  -6.7321858e-02  -2.0129898e-01   3.0074930e-01  -4.1672735e-01   2.3832494e-01   1.0509316e-01   1.7154715e-03   6.2589569e-02  -1.2716993e-01  -4.2261562e-01   1.1027399e-01   1.7916937e-01  -9.5409908e-02   4.7707961e-01   1.6557371e-01   1.6506943e-02  -1.4768008e-01   4.5901336e-02  -1.8743941e-01   1.9349848e-01  -3.6377604e-01   5.5146844e-01   3.1576489e-01   3.0055246e-01  -1.8625859e-01   1.9398216e-01  -2.7538394e-02  -1.5537999e-01   1.2444996e-01   4.0576456e-01  -2.1537234e-01   4.0492537e-01  -7.0584605e-02   5.9062098e-01   3.1865057e-01   3.8198840e-01   3.5044618e-01  -8.2185528e-02  -4.3027742e-01   2.9866304e-01   5.5522146e-01   1.0586778e-01   2.0672187e-01   1.3826325e-01  -2.2330693e-01  -2.1375853e-01   3.1612727e-01   2.6227024e-01   1.4545251e-01   6.4150910e-01   3.9161290e-01   2.8078527e-01  -2.1393187e-01  -2.1179411e-01   2.4496739e-01   4.5615995e-01   5.1773423e-01   1.9539061e-01   1.9760367e-01  -1.0886128e-01   3.8662574e-01   6.4630963e-02   2.5759840e-01   1.3896317e-01  -6.2740948e-02   4.7618608e-01  -2.2961410e-01  -2.6819968e-01   3.3887280e-01  -4.3373758e-01   2.6225036e-01   6.0194394e-01   5.4632422e-01   2.2963845e-01   9.9452468e-02   3.5016586e-01   2.1984948e-01   4.2332649e-01   5.5161889e-02  -2.4617441e-01   4.4724297e-01   2.7154834e-01   1.4156909e-01   1.7913743e-01   2.8634437e-02   1.7613724e-01   5.9064194e-01   3.0186909e-01   1.1677788e-01  -1.8018567e-02   5.7078049e-01  -1.6117887e-01   1.4279372e-01  -3.4359437e-01   1.4725503e-01  -5.2927099e-02   2.8880262e-01   1.5840928e-01  -8.6340958e-02   6.3770857e-02  -4.0083431e-03   2.8976862e-01   3.9034595e-01  -2.8295047e-01  -1.4577239e-01   5.6316440e-02  -2.7849110e-01   5.0035131e-01   2.9293460e-01   1.7867122e-01  -4.2924190e-02  -7.2180303e-02   5.2612326e-02   1.9723830e-01   3.8846678e-01   4.5701585e-01   2.5898896e-01   1.3825348e-01   3.9515724e-01  -3.4067382e-01  -3.6630925e-01   1.0055384e-01   1.4226130e-02   1.2635119e-01   4.5339840e-01  -1.6044818e-02   5.6708623e-01  -3.4290791e-01   2.5509246e-01  -2.4141191e-01  -8.1144043e-02   2.8459687e-01   3.1106705e-01  -3.3538676e-01   2.6488172e-01  -5.2250687e-01   4.5490880e-02  -1.8041372e-01   5.1785283e-01   5.1008988e-01   3.4740799e-01   1.1628332e-01  -1.4718250e-01  -2.1414369e-01   1.0940464e-01   2.2492047e-01   2.9146187e-01  -3.6541180e-02   1.0932275e-01   6.6491178e-02   1.9142433e-01  -5.8539164e-01  -2.3672826e-01  -1.7669109e-01   3.3012639e-01   2.1533821e-01  -5.3796769e-02
  -1.1195052e-01  -4.0047288e-01  -4.7217602e-02   0.0000000e+00   4.3749584e-02   3.0921673e-02  -7.9163768e-02   1.7184095e-01   2.1744434e-02   4.5620919e-02   1.2073060e-01  -1.5904303e-01  -4.5362472e-02   9.8793355e-04   4.2030282e-01   3.7340719e-01  -1.2537384e-01   1.4178262e-01  -1.0556741e-01   1.8128639e-01   4.1583753e-01   6.9223172e-01   2.8592585e-01  -1.7466433e-01   5.7617952e-02  -1.0928276e-01  -4.3817097e-02  -3.0375138e-01   1.0000810e-01   1.6605444e-01   4.0957089e-01   5.7388220e-01   3.2702739e-01  -1.1366746e-01   2.6238835e-01   3.3861087e-01   9.4025152e-02  -9.3570922e-02   3.8854335e-01  -2.0623388e-01  -2.5297272e-02   2.1470655e-01  -2.7946898e-01  -1.0034779e-01   1.7221218e-01  -6.6308798e-02   4.4600008e-01  -4.4681171e-01  -3.7880487e-02  -2.6200793e-01   4.9464081e-01  -1.4689711e-01  -2.6748567e-01  -1.6320716e-01  -6.0621777e-02  -8.9715089e-02   8.8836622e-02   5.5063668e-01   1.6145070e-01   2.3721344e-01  -6.5608497e-02   3.6806488e-01  -1.3418731e-01   1.1020385e-01  -6.9077498e-02   5.9965251e-02   6.7577833e-03   7.2425228e-02   2.3860197e-01  -1.5550117e-02  -3.1896957e-01   5.7399930e-01   4.7695277e-02  -1.4249534e-01  -6.0519805e-02   2.6784009e-02  -1.2270862e-01  -1.1697973e-02   2.3126478e-01   3.1401461e-01   1.1934870e-01   8.4713138e-02  -1.3571343e-01  -1.4929528e-01  -1.0955321e-01  -4.1500749e-02   3.7338310e-01  -9.2901080e-02  -2.6359766e-01  -6.1659150e-02  -1.5551973e-01  -1.8418497e-01  -3.8397662e-01   1.6107954e-01  -1.7812325e-01  -1.3634364e-01   6.1720564e-02   3.5577476e-02  -1.0630081e-01   3.6567692e-01  -1.4568597e-01  -7.1998407e-02   2.8461078e-01   2.3083443e-01   6.4756949e-01   6.4141728e-01  -1.5401359e-02   2.2320105e-01   2.2881045e-02  -2.5915532e-01  -1.4877140e-01   6.4155823e-01   5.3702314e-01  -2.5758191e-02  -1.5768255e-02  -3.9294395e-01  -1.5799238e-01   8.7357176e-02  -1.9573443e-01   8.0933260e-01  -1.3510732e-01  -3.2448691e-02  -3.1025188e-01  -3.2720572e-01  -2.3993872e-01  -2.5684509e-01   3.2320577e-01  -1.5846164e-02   4.9335388e-01  -2.6833418e-01   1.7818150e-01   5.8177882e-02  -1.4799453e-01  -3.0719444e-01   2.3090754e-01   8.4504812e-02   3.3330380e-01  -7.9326423e-03   1.0390321e-01  -2.0090978e-01  -2.6786863e-01   1.0562641e-01   5.9416120e-02  -9.3018711e-02   3.0839658e-01   4.5649730e-01  -1.0046645e-01   1.8180056e-01  -2.4483955e-01   9.8140888e-02  -2.0008275e-01   9.2401826e-02  -1.9254103e-01  -1.8465138e-01  -2.9315276e-01  -2.3016706e-02  -3.2050494e-01  -1.4739742e-01  -2.6981135e-01   1.4488351e-01   4.6926384e-02   9.8074364e-02   5.7126997e-02   6.3694255e-01   4.1599180e-01  -3.8253350e-01  -1.2807707e-01   1.0127576e-01  -2.0576532e-01  -5.7807052e-02  -3.3506036e-01  -1.7638611e-01   2.9590564e-01  -3.3889178e-01  -2.3675282e-01   4.2912790e-02   6.9731756e-01
  -7.3947267e-02   4.1330856e-01   2.4715408e-01   4.3749584e-02   0.0000000e+00   1.5017011e-01   1.3082680e-01  -2.7174377e-01   3.0789173e-01   1.9827578e-02  -6.5078215e-02   2.8236810e-01   4.9209236e-01  -3.8132760e-01  -1.6051008e-01  -4.7091058e-02   3.4179710e-01   3.3306224e-01  -5.7022428e-02   8.0813095e-01  -3.2943840e-01  -4.5273886e-02  -1.6956988e-01  -8.2819326e-02   4.2543479e-01  -2.8680149e-01   3.8329512e-01  -4.5998681e-01   3.8556126e-01   2.9562093e-01  -3.6568868e-01  -3.2720314e-03   5.8793624e-02   8.9982556e-02  -2.0154191e-01   6.0354193e-01   5.3778863e-02  -6.7818702e-02  -1.1414938e-03   2.3640730e-01   4.0151088e-01   1.3847102e-01   4.4468709e-01  -2.9753793e-01   2.8084108e-01  -2.4140554e-01   4.4904243e-01   1.6152582e-01   1.0382238e-01   1.3768184e-01   3.5263699e-03  -1.3833971e-01   9.2038376e-02   3.2016936e-01   3.8486206e-02  -2.3906917e-01  -2.4519909e-01  -1.0825926e-01  -1.9679219e-03   1.0977156e-01  -1.4620233e-01   2.0856800e-01   4.9299093e-01  -5.6948504e-01   2.2924390e-01   1.3950928e-01   4.1482895e-01   2.4442779e-01   3.8222300e-01  -2.9504450e-02   2.6837530e-01   2.3603106e-01   3.7968002e-01  -2.5784895e-01   1.7501350e-01  -1.4039622e-01  -2.6130944e-01   1.4286803e-02   6.5315562e-01   4.1882096e-01  -2.7429653e-01   2.4413474e-01  -2.1369941e-01  -4.0969949e-01  -2.8115479e-01   2.3996948e-03  -2.2774338e-01  -1.5746394e-01   5.6057785e-01  -6.8206630e-03   6.7269264e-01  -7.0824552e-02   2.9500981e-01   2.8013930e-01  -6.6588921e-02   8.5579817e-01   4.4872920e-01  -1.3829173e-01   4.1391269e-01  -1.1188490e-02  -3.1131833e-01  -2.7780895e-01  -3.7115822e-01   1.4082751e-01  -2.5156387e-02   2.0267582e-02   3.1495038e-01   2.5697350e-01   6.1001785e-02   2.4846453e-01  -1.8475976e-01  -1.8029345e-01   2.9708971e-01   2.0490141e-02  -1.2129979e-01   1.8845023e-01  -5.8066966e-02   5.4312637e-01  -3.6276621e-01   7.8034172e-03  -1.5632466e-01   7.2415939e-01   5.6249042e-01   1.4211841e-01  -2.0658062e-01  -9.3465976e-02  -4.4725397e-02   4.1573424e-01   2.8388788e-02   2.2523449e-01   3.6033017e-01   4.5955028e-02  -1.9856468e-01  -1.1877008e-01   2.6894430e-01  -1.9302556e-01   3.1617700e-01  -4.2761957e-01  -9.9498269e-02  -5.3713633e-02  -1.4716986e-01   4.0318192e-01  -1.7749826e-02   1.2291363e-01  -1.5136789e-01  -2.6140176e-01   6.8767977e-02   1.9596927e-01   9.6357241e-02  -1.5286096e-02  -8.5084273e-02  -3.0833690e-01  -6.4299956e-02  -6.7688720e-02   3.6223171e-01  -1.2524245e-01  -3.1397487e-01   2.3948909e-01   3.2226192e-02  -2.1064934e-01   4.4849137e-01  -1.4045156e-01   1.6064362e-01   1.1329529e-01   7.3059792e-02   3.0792394e-01   4.0438768e-04  -2.1027545e-01  -1.3578501e-01   5.6833149e-02   3.3527178e-01  -2.4153176e-01   2.4805384e-01   4.4323522e-02   3.7255674e-01   1.5673731e-01   5.8507090e-02
  -2.6791214e-01  -2.3913852e-01   8.8583903e-02   3.0921673e-02   1.5017011e-01   0.0000000e+00   4.6679202e-01  -5.4898216e-01  -4.3260855e-01   5.7062707e-01   9.9894480e-02  -8.0232621e-02   8.4240149e-02  -4.2501796e-01  -1.5568873e-01   3.2890407e-01   6.8250265e-02   2.2784395e-01  -1.5520022e-01   2.8715347e-01   9.2315651e-02  -7.2667047e-02   1.0349379e-01  -4.5404666e-01  -3.0614048e-01  -3.4918837e-01   7.2211116e-01   1.3600182e-01  -3.0525953e-01   1.5052281e-01  -2.5994292e-01  -2.3582235e-01   3.8123416e-02  -3.0390036e-01  -3.7500789e-01   6.5881724e-01  -4.8476148e-01  -5.5365207e-02   3.1107391e-01   5.1699754e-01   1.6246411e-01   1.7223923e-02  -1.6046657e-01   6.7607091e-02  -4.1499770e-01  -1.2378324e-01   5.8049787e-01   3.7852795e-01  -4.5413684e-01   3.1494272e-01   2.6999685e-01  -4.8201451e-01  -1.4013559e-01  -9.8936875e-02  -3.0845121e-01   7.7838758e-02   7.4930901e-02  -4.9136938e-01   2.8035617e-01  -3.7388304e-01  -1.4257611e-01  -2.9108620e-01  -3.5968018e-01  -2.6964880e-01  -5.5472834e-01   2.7599057e-01   4.7775393e-01  -3.1004541e-01   1.2946773e-01   1.9947496e-01   1.4930359e-01   4.0103793e-02   1.7649254e-01  -3.5957274e-01  -5.0616866e-01  -4.2802465e-01  -2.8040277e-01  -9.1059314e-02   1.0418700e-01  -9.3932433e-02   1.0296996e-01   3.9135443e-01   2.8230053e-01  -3.1513300e-01  -3.1158265e-01  -4.1606546e-01  -1.1654137e-01  -3.9223319e-01  -2.8158287e-01  -2.6472976e-01  -3.5588557e-01  -3.2304237e-01   3.0265674e-01  -4.2988862e-01   2.7318475e-02   2.4250963e-01  -1.1855769e-01  -5.6595586e-02  -3.2148322e-01  -1.9714533e-01  -3.3910719e-01  -5.7519305e-01   1.4819488e-03  -4.6426500e-01   2.9098760e-02  -3.3709554e-01  -3.0177864e-02   1.9042446e-02  -1.2406509e-01   2.4400210e-01   2.6462449e-01   1.0730293e-01  -1.7997208e-01  -1.5316400e-01   6.2154423e-01  -3.3037475e-01  -1.7280769e-01   7.2788597e-02   5.6883399e-01   1.6137170e-02  -4.8473944e-01  -2.7171684e-01  -2.0196320e-01  -4.0913267e-01  -4.3684989e-01  -6.5023275e-01  -4.2927163e-01  -2.0390788e-01  -2.3654480e-01   3.7069200e-01   2.5439650e-01   1.5432824e-01  -4.9440087e-01  -3.3304845e-01  -3.3813205e-01  -4.4664328e-01  -2.7961005e-01   3.2453064e-01  -3.9238540e-01  -2.9144036e-01  -2.7132563e-01  -1.4149585e-01  -2.6776644e-01   7.3613843e-01  -2.6923735e-01   1.6686818e-01   4.5460844e-01   1.6433056e-01   7.0989584e-01  -4.7378053e-01  -4.2035500e-01   6.1411599e-02  -3.6397172e-01  -2.7112625e-01   4.4160107e-01  -3.4097741e-01  -4.5910029e-01   2.7847755e-01  -3.2649441e-01   6.1147167e-02  -8.6431772e-02  -1.5913733e-01   4.6375272e-01   1.1057753e-02  -3.5894288e-01  -5.2227754e-02   1.4593237e-01   3.7040551e-01  -3.2389219e-01  -1.8822620e-01  -2.8252201e-01  -1.0318840e-01  -5.7092463e-02   6.6517122e-01  -9.6786671e-02   8.3860994e-02  -2.5414939e-01
  -4.0900300e-01  -1.6635397e-02   2.6695111e-01  -7.9163768e-02   1.3082680e-01   4.6679202e-01   0.0000000e+00  -2.3204108e-01  -1.3178436e-01   5.9329871e-01  -2.0462916e-01  -4.4404321e-02   1.0172835e-01  -3.7759480e-01   1.8331664e-01   2.3563076e-01   2.9076392e-01  -1.6475906e-01  -3.6767454e-02   4.4018336e-01  -1.2761521e-01  -2.4358386e-01   3.8304128e-01  -5.4540490e-01  -8.2145630e-02  -4.1991280e-01   5.0159341e-01   3.1609126e-01  -3.7180228e-02  -1.0813588e-01  -2.4681710e-01  -2.0924282e-01  -1.8576383e-01   4.5278356e-01  -2.0656252e-01   1.5929843e-01  -1.9778847e-01  -1.7058425e-01   3.7005658e-02   6.1438057e-01   5.8133695e-02   2.1981255e-01   3.0444288e-01   6.1899517e-02  -1.8106178e-01  -2.8374226e-01   7.0259563e-02   3.3087304e-01  -1.7053350e-01   4.6795538e-01  -7.1928605e-02  -1.0888317e-01   1.3835536e-01   8.1900526e-02   4.5414953e-03   1.9142396e-01  -8.7783449e-02  -4.1436460e-01  -1.0394518e-01  -1.8219335e-01  -2.4014116e-01  -4.9784879e-02  -2.1520626e-01  -1.9109753e-01  -4.1018390e-01  -2.2051319e-02   4.2228220e-01  -5.1613793e-02  -3.0083072e-02   1.8917851e-01   3.3797685e-01   2.2514142e-02  -1.2619349e-01  -3.7144564e-01  -2.7253968e-01  -2.0374856e-02  -2.0552687e-01   1.1311668e-01   2.1552444e-01  -2.2846067e-01   5.1424754e-01   1.9214465e-01   6.8309853e-02  -5.9246211e-02  -3.5768309e-01  -1.1665391e-02  -2.3606026e-01  -5.3233564e-01   6.3328511e-02  -4.6926325e-01  -1.5653370e-01  -1.0147159e-01   2.4652292e-01  -5.0315071e-02  -1.9942479e-01   2.5519575e-01   8.6081084e-02  -1.1373782e-01  -1.4339106e-01   2.6755786e-01  -7.7684349e-02   3.1259865e-02  -6.1565546e-03  -2.1515212e-01  -1.8299280e-01  -1.3662062e-01   1.1167539e-01  -4.4883156e-02   2.5206999e-01   1.1760985e-01   3.5228438e-01  -1.9809679e-01  -1.3574755e-01  -4.2705761e-01   5.1471456e-01   3.6633322e-02   8.6096416e-03   1.5216231e-01   1.8098245e-01  -4.4085058e-02  -4.3377504e-01  -4.4637110e-02  -1.8109608e-01  -3.5412076e-01  -3.6200118e-01  -3.2213987e-01  -2.9716499e-01  -4.0654322e-02  -4.3800709e-02   2.8820635e-02   9.8723952e-02   6.4252775e-02  -4.5916585e-01  -3.1952686e-03  -1.5332634e-01  -1.1120253e-02  -7.2708488e-02   3.1412855e-01  -4.7742386e-02  -4.0393365e-01  -5.5812719e-01  -1.5971706e-01  -1.0281897e-01   4.3424389e-01   2.1366566e-01  -9.9191519e-02   5.4774545e-01  -4.8782950e-01   4.1039728e-01  -2.6255409e-01  -3.6867392e-01   1.4163678e-01  -1.5045017e-01  -2.9089087e-01   5.5387825e-01  -5.4273421e-01  -3.3112983e-01   1.8889105e-02  -1.6115518e-01   3.2571834e-01   2.2638559e-01  -3.8248479e-03  -2.4320724e-01  -4.6353554e-01  -2.7395234e-01   2.7891428e-01   8.9253868e-02  -3.2162474e-01  -2.1049759e-01  -2.0839477e-01   6.8630797e-02  -2.3489431e-01  -4.1365503e-01   1.7438872e-01   1.4309777e-01   5.4759528e-02  -2.2268681e-01
  -3.0565375e-02   1.3657248e-02   2.6862542e-01   1.7184095e-01  -2.7174377e-01  -5.4898216e-01  -2.3204108e-01   0.0000000e+00   1.4887057e-01  -3.4791710e-01   1.2302282e-01   2.0451985e-01  -3.3325275e-01   3.2581652e-01   4.3184659e-01  -1.6395922e-01   2.3742180e-01   1.0864596e-02   4.4527305e-01  -1.7359274e-01   1.9009452e-01   2.0357503e-01   3.0756095e-01   1.2320506e-01  -3.0892011e-02   5.4319152e-01  -6.1207931e-01  -8.9009463e-02   5.3514335e-02  -3.6961722e-01   3.4648199e-01   6.2369654e-01  -8.1954430e-02   3.2699719e-01   5.3988417e-01  -5.0031912e-01   1.6258140e-01   1.2553115e-01  -2.8312738e-01  -4.6218336e-01  -5.1577073e-01   1.8798750e-01   2.1024763e-01   3.4921782e-01   2.7362810e-01   3.8444287e-01  -2.8864154e-01  -4.2391064e-01   2.9569703e-01  -3.3050412e-01  -7.7190708e-03   7.0987179e-01  -5.3708048e-02   2.5126962e-01   4.2828461e-01   3.6208465e-01   3.7470610e-01   6.5021222e-01  -3.8516909e-01   4.0796994e-01   3.0373033e-01   1.5599815e-01   2.1008420e-01   3.9220689e-01   1.0857590e-01  -2.0607245e-01  -1.4826392e-01   5.2098835e-01   2.9374581e-01   2.3677146e-01  -3.1049012e-02   2.4187386e-01  -3.6998592e-01  -1.0113933e-02   5.4697376e-01   6.4696017e-01   4.3019601e-01   4.2469055e-01  -1.4313057e-01  -2.7694080e-01   3.2325536e-01  -3.6395164e-01   6.7521897e-02   5.0210745e-01   1.9765015e-02   7.2521435e-01   1.3368754e-01   2.3698341e-01   1.0330426e-01  -3.8011089e-02   4.4806536e-02   3.6108336e-01  -7.0761257e-02   5.2205218e-01   9.8294979e-02  -1.7604196e-01   2.4246562e-01   6.4385876e-01   3.0979976e-01  -9.4177093e-04   3.1630928e-01   5.9560521e-01   3.0251771e-01   4.4331124e-01   3.6842020e-01   5.7074058e-01   3.4207792e-01   5.3764951e-01  -5.1525789e-02  -1.9911687e-01   9.8789614e-02   1.8225580e-01   3.7910221e-01  -4.5241720e-03  -4.2981817e-01  -7.2523321e-02   4.7426765e-01  -1.6821252e-01  -3.7342061e-01   3.5300558e-01   2.1928231e-01   6.4349769e-02   1.5962284e-01   1.1406874e-01   3.1089577e-01   5.0291024e-01   4.0262215e-01   3.8558274e-01   6.1284026e-01  -3.2184615e-01  -5.0687232e-01  -3.7080248e-02   3.0098086e-01   3.2980277e-01   6.2346114e-01   7.7928338e-01   1.2563066e-01   2.4807384e-02   7.4749401e-01   5.5721952e-02  -5.1562892e-02  -1.2687380e-01   4.8538803e-01  -4.8231802e-01   5.2244218e-01   1.7316281e-01  -3.1883987e-02  -2.4435725e-01  -2.5382459e-01   1.6807560e-01   1.3249373e-01   3.3538199e-01   1.7067395e-01  -5.2683715e-02  -3.4213646e-01   1.2038622e-01   2.2794452e-01  -2.7051792e-01   2.9752739e-01   4.5550888e-01   1.1535264e-01   5.2991332e-01  -3.7568060e-01   1.8481786e-01   6.5156166e-01   5.6997846e-04   1.2792533e-01  -7.0929005e-02   1.3711738e-02   7.0827796e-03   1.4204471e-01  -3.3032715e-01   1.0615543e-01  -5.9810281e-01   2.5218907e-01  -1.5590678e-01   4.6257738e-01
  -1.3806977e-01   4.9289690e-01  -1.2213411e-01   2.1744434e-02   3.0789173e-01  -4.3260855e-01  -1.3178436e-01   1.4887057e-01   0.0000000e+00  -3.3423057e-01   4.1103115e-02   3.4368396e-01   2.0921623e-01   1.3490910e-01  -1.3202450e-01  -1.8142077e-01  -4.0368189e-02   1.8030742e-01  -1.9501971e-01   1.5544144e-01  -1.1610315e-01   1.3313975e-01  -2.5855492e-01   1.6336487e-01   2.6512175e-01  -2.8379039e-01  -3.0929447e-02  -3.8126982e-01   5.8775834e-01   2.7935257e-01   5.6194870e-02   1.0110125e-01  -1.7628459e-02   8.9275463e-02   2.7540194e-01  -7.9129800e-02   4.4244943e-01  -3.9619029e-01  -2.5202362e-01   2.4208704e-02   1.5542516e-01  -1.8670123e-01   4.9101264e-01  -2.4289444e-01   5.2870620e-01  -1.7708596e-01  -1.3055958e-01  -3.4699701e-02   3.5456442e-01  -9.8173698e-02  -1.0241044e-01   1.4625927e-01   2.6932668e-01  -2.5198409e-02   3.1854129e-01  -3.1054763e-01  -4.5096527e-01   2.1257281e-01  -2.9350014e-02   2.3804366e-01  -1.4926894e-01   2.6173309e-01   6.2758273e-01  -1.8131647e-01   5.0883704e-01  -6.2130089e-02  -2.0735287e-01   4.5746304e-01   1.5249024e-01  -1.5443290e-01   2.2250900e-02  -7.5500114e-03   1.1362789e-01  -1.3264573e-01   2.8105812e-01   2.8557319e-01  -1.6858224e-01   2.2885576e-01   1.9660926e-01   2.9338739e-01  -3.2811920e-01  -7.0950413e-02  -4.0426710e-01  -9.1172076e-02  -2.9182910e-01   2.3474975e-01   3.1234352e-01   2.4477913e-01   5.9244155e-01  -8.6285326e-02   5.0709748e-01  -1.1096488e-01  -1.0098061e-01   7.3000417e-01  -3.1738945e-01   2.4836634e-01   3.4364571e-01   1.0960872e-02   4.0264635e-01   1.0110023e-01  -2.0349639e-01   1.8915065e-01  -8.6438524e-02   6.5262770e-01  -6.9117767e-02   1.9496358e-01   3.1972698e-02   4.1132144e-02   1.5305554e-01   5.6152301e-02  -4.2429014e-01  -1.8396548e-01   3.8017559e-01  -1.8182015e-01  -4.5250045e-01   3.6584431e-01   7.2385031e-03   2.9667569e-01  -5.2561875e-01  -1.3380678e-01  -5.4208883e-02   4.3201216e-01   3.5489588e-01   5.4335483e-01  -1.4278921e-01   3.2185109e-01   4.7562900e-01   2.8318595e-01   3.2637596e-01  -2.5431894e-02  -5.1129818e-03   2.6206876e-02   4.2180196e-02   3.6784312e-01   4.4173313e-01   1.7912137e-01   1.1296222e-01  -3.0792277e-01   1.8121694e-01  -1.3796114e-01  -6.5918298e-03   1.8668949e-01   3.0706916e-01  -2.6199544e-01   1.7629022e-02  -2.7222335e-01  -2.9277655e-01   1.5295289e-01  -4.2675449e-01   4.5821499e-01  -6.9840980e-02  -1.9770012e-01  -1.5979640e-01   2.8828299e-01   1.4542997e-01  -5.5294430e-02  -1.2411142e-01   1.2869617e-01  -9.4107965e-02  -2.1384916e-01   3.9148075e-01   1.1579832e-01  -5.4849646e-03   1.7548009e-01   2.1143501e-01   2.5052628e-01  -1.5250842e-01  -3.6239936e-01  -1.2361840e-01   1.4456665e-01   5.1902434e-01  -1.9303626e-01   4.4600991e-01  -2.3756886e-01   3.2635378e-01  -2.1929099e-01   1.5425851e-01
  -3.6992561e-01  -2.1975806e-01   1.5139826e-01   4.5620919e-02   1.9827578e-02   5.7062707e-01   5.9329871e-01  -3.4791710e-01  -3.3423057e-01   0.0000000e+00   8.4651011e-02  -1.4476831e-01   7.9399389e-02  -2.2971714e-01   5.4099817e-02   3.0156611e-01   9.5449777e-02   1.7821881e-01  -2.9576511e-01   1.5669240e-01   2.0478219e-01  -1.6410217e-01   2.7535792e-01  -4.5227243e-01  -2.0553108e-01  -2.5097546e-01   3.8008568e-01   2.9462810e-01  -3.0829384e-01   6.3631090e-02  -2.5818360e-01  -1.7072172e-01  -1.4486205e-01   1.2760859e-01  -2.6603570e-01   3.9084956e-01  -4.5196183e-01  -5.4188601e-02   2.5548621e-01   3.4605143e-01   1.6226507e-01   1.0937613e-01  -1.3047741e-01   3.0153905e-01  -2.2820606e-01  -5.8810387e-02   1.9622447e-01   3.4274514e-01  -5.2789447e-01   1.2313351e-01   3.1516405e-01  -2.9014318e-01   6.7704344e-02  -1.1246784e-01  -2.6403288e-02   3.1468367e-01   8.3610835e-03  -3.6331698e-01   3.8685698e-02  -2.0982934e-01  -1.1615492e-01  -3.1756719e-01  -4.4856873e-01  -1.3615481e-01  -6.5264566e-01   2.4810687e-01   3.1300618e-01  -1.9947816e-01  -7.1440563e-02   9.6354990e-02   1.8022860e-01  -2.0871796e-01   1.3456768e-01  -3.9392120e-01  -2.5716698e-01  -2.2196935e-01  -1.2690907e-01   7.5367673e-02   5.4649042e-02  -1.7296965e-01   3.6988257e-01   3.5193803e-01   4.3935279e-01  -6.8713489e-02  -3.0385810e-01  -2.1737259e-01  -1.9878331e-01  -3.6209685e-01  -1.3502559e-01  -4.1327452e-01  -4.6790373e-01  -2.3135374e-01   3.8142714e-01  -2.7068459e-01   1.0966768e-01   5.5366276e-02  -1.1422951e-01  -5.4614070e-02  -3.2625777e-01   9.2228876e-02  -2.1711340e-01  -2.5233868e-01   5.1279092e-02  -3.5511792e-01  -1.4041978e-01  -1.3539079e-01   2.6176712e-02  -1.2463835e-01  -2.1022993e-01   2.1429714e-01   4.8609908e-01   9.2016610e-02  -2.1644087e-01  -2.5812347e-01   4.3663960e-01  -3.1439137e-01   7.4291882e-02   3.0027770e-01   3.6033816e-01   2.7816799e-02  -4.1789949e-01  -2.5945280e-01  -3.4593359e-01  -4.2885227e-01  -3.9880379e-01  -5.0437460e-01  -2.6116569e-01  -1.3020896e-01  -1.1201255e-01  -4.5122321e-02   2.2719871e-01   3.0551307e-01  -3.6686463e-01  -1.5677564e-01  -3.5039304e-01  -2.2263687e-01  -8.4415011e-02   4.0556097e-01  -1.8123927e-01  -3.1844548e-01  -3.6617274e-01  -2.5164151e-01  -5.9511927e-02   4.3295411e-01  -9.1366910e-03   4.6846400e-02   4.2906172e-01  -2.0839645e-02   4.8875420e-01  -4.6381147e-01  -4.0990837e-01   1.2257809e-01  -3.6003370e-01  -1.3414036e-01   2.8939636e-01  -3.4183086e-01  -3.6144929e-01  -2.3274778e-02  -2.7092999e-01   2.3347185e-01   1.7513551e-02   2.3589990e-03   3.3108067e-01  -2.0679482e-01  -2.5652508e-01  -1.8654405e-02   3.5288127e-01   6.6290951e-02  -2.0518945e-01   4.3963919e-02  -2.4303539e-01  -2.4670213e-01  -3.6546355e-01   3.2942604e-01  -1.7300319e-01   1.3849893e-01  -1.8914947e-01
  -6.7136711e-02  -9.4722235e-02  -1.2482334e-01   1.2073060e-01  -6.5078215e-02   9.9894480e-02  -2.0462916e-01   1.2302282e-01   4.1103115e-02   8.4651011e-02   0.0000000e+00  -1.1805719e-01  -4.1696293e-01  -1.5812196e-01   6.8434868e-02  -2.9153894e-01  -1.7649230e-01   4.8852091e-01  -2.2323378e-01  -2.0482519e-01   2.9808766e-01   1.9828637e-01   1.5739533e-01  -8.8954395e-02  -3.0859116e-01   2.9044522e-02  -7.8526560e-02  -4.4803591e-03   2.4951755e-02   1.5172659e-01   2.0705161e-01   4.6403944e-01  -1.7241680e-01  -3.8160680e-01  -1.5003994e-01   2.8895344e-01  -3.2766977e-01   1.9291707e-01  -1.5110039e-01  -2.0133260e-01  -4.9805028e-02  -3.3964487e-01  -1.8412575e-01   1.6270073e-01   1.6789963e-01   2.2145811e-01   3.9711070e-01   1.6043978e-01  -4.6091703e-01  -2.8326473e-01   6.0494948e-01  -1.6873180e-01   2.5313596e-01  -4.2844843e-01  -1.1351110e-01   2.7934773e-01   8.8378316e-02   2.9090456e-01   2.5172933e-01  -2.1498518e-01   1.3915054e-01  -6.0344896e-02  -7.0381866e-03   3.2192068e-01   8.4263731e-02   2.0603980e-01   8.7790479e-02   6.0580013e-02   5.5344571e-01  -1.3895548e-03  -2.7852326e-02   1.8314971e-01   2.5084017e-01  -2.0936352e-01  -2.0190211e-01   7.4894229e-02   9.1088380e-02   1.0544668e-01   2.6887656e-02  -7.3946145e-02  -4.1755145e-02  -5.6668451e-02   2.1393600e-01   4.4450594e-02  -3.7970021e-01   1.1046703e-01  -2.5677974e-02   5.2996826e-02   1.3235308e-02  -1.2579121e-01  -2.2760790e-01  -1.6407174e-01  -7.5497983e-02   3.4070139e-02   1.7601797e-01  -1.5228230e-01  -1.2562921e-01   2.2325092e-01  -1.7158395e-01  -3.2107266e-01  -1.1950937e-01   1.2141572e-01   1.5251664e-01  -9.6288085e-03   4.7816778e-01   2.1351276e-01  -2.1722168e-01   3.8115067e-01  -4.3257490e-01   1.0007089e-01  -5.5647941e-02   3.1598057e-01   7.1995714e-02  -5.2758016e-02  -1.5704565e-01  -1.2819414e-01   1.8983760e-01  -9.3774699e-02   1.4518236e-02   3.5172689e-01  -3.0066357e-01  -3.2611331e-01  -1.3828785e-01   3.0675254e-01  -6.4623359e-02  -2.9451428e-01   2.8815223e-01   8.7178895e-03   6.4684073e-02  -9.7261111e-02  -2.2903136e-01   5.0667363e-01  -1.2263885e-01   2.2405829e-01   6.8811841e-02   8.9969356e-02  -2.0992631e-01   7.1571961e-02   2.2003575e-01  -1.3464657e-01  -2.0851043e-01  -3.1663182e-01   5.9480936e-01  -1.2278656e-01  -9.9550020e-02   4.0321172e-01  -2.8934065e-01   4.2326620e-01   7.7412526e-02  -1.1861857e-02  -2.1900734e-01   3.4607656e-03  -3.3523933e-01   4.6175808e-01  -1.2985470e-01  -3.5356738e-02  -3.0114055e-01   1.4015276e-01  -5.9630375e-02  -4.7062545e-02  -1.5679300e-01   5.2750612e-01   3.9204394e-01   5.0093385e-01   3.6835607e-01  -1.6153733e-01   5.6808840e-01   4.0543673e-01  -2.8626103e-01   1.9778744e-01  -2.0414433e-01  -1.3608106e-01   3.9630131e-01  -7.0050633e-02  -1.2041984e-01  -1.8377982e-01   2.6927952e-01
  -3.8343415e-01   6.7567316e-01   2.9925852e-01  -1.5904303e-01   2.8236810e-01  -8.0232621e-02  -4.4404321e-02   2.0451985e-01   3.4368396e-01  -1.4476831e-01  -1.1805719e-01   0.0000000e+00  -8.4786576e-02   3.9275013e-02  -7.2596686e-03  -2.9728433e-01   3.5560775e-01   2.1096997e-01   2.6431860e-01   6.2702014e-02   4.8840922e-02  -1.4572298e-01  -1.4936779e-01  -1.8024188e-01  -6.5673934e-02  -8.9365056e-03   1.4930783e-02  -1.9125418e-01   3.2062622e-01  -8.6850412e-03  -1.8577392e-01   1.8177452e-01  -3.7484890e-01   2.1310014e-01   2.5550629e-01  -5.7640677e-02   1.3497823e-01  -2.5170505e-01  -4.5894318e-01   1.2757090e-01  -2.2642340e-01  -6.0157536e-02   6.7373968e-01   4.0002568e-01   2.8188381e-01   9.1384843e-02  -1.4765086e-01   1.6444177e-01   1.7765315e-01   1.1478871e-01  -2.5981166e-01   3.4760149e-01   1.5100501e-01   5.7969907e-01   4.8104682e-01   1.5643503e-01   3.0035439e-02  -1.3676276e-02  -2.3641660e-01   2.2023881e-01  -1.1882143e-02  -1.2677791e-01   5.7408081e-01  -3.2392124e-01   8.7296940e-02  -1.7248040e-01   1.9261168e-01   2.9826035e-01   2.1722735e-01   1.3179086e-01   5.4336299e-01  -9.4584980e-03  -9.6363335e-02  -4.1660048e-01   4.3182131e-01   4.2939676e-01  -5.4971849e-02   2.5902296e-01   1.4040373e-01  -2.0397564e-01  -3.0095738e-02   9.9738014e-02   2.2686452e-01   8.2564186e-02  -3.1543599e-01   4.0010353e-01   8.0504778e-02  -3.2685043e-02   4.6953073e-01  -3.8949665e-01   4.9872744e-01  -2.5499791e-02   5.5933676e-01   4.8661634e-01  -8.1319066e-02   3.5562473e-01   2.5263451e-01   4.0659416e-01   3.4189213e-01  -2.8577212e-01  -1.3595258e-01   6.0612621e-02   2.5593853e-01   2.2650941e-01  -1.1928232e-01  -1.0798162e-01   4.3394193e-01   3.6102950e-01  -2.7284601e-01   4.4076689e-01   1.8496583e-01  -1.0834719e-01   1.6207812e-01  -2.7496113e-01  -1.9922367e-01   3.4099535e-01   4.2503182e-01   1.3493139e-02  -5.3810803e-02  -2.2107797e-01  -2.9942999e-01   5.0278372e-01   5.5839798e-01   2.2043775e-01  -2.1176676e-01   1.4831156e-01   1.1773864e-01   1.9514618e-01   2.9029608e-01   1.7691163e-01  -2.3504182e-01  -8.4479350e-02  -1.8065847e-02   3.5908072e-01   5.5304666e-01   3.1197425e-01  -4.2537150e-02   1.5726381e-01   3.8159345e-01  -2.3207567e-01  -1.9224201e-01  -1.1060760e-01   3.4480044e-02   2.4675170e-02   4.5315853e-02  -1.1599396e-01   3.4176103e-01  -2.7485443e-02   8.2697665e-02   1.0562616e-01  -3.6286364e-01   3.6375821e-01  -3.3512928e-02  -1.1856262e-01   3.2229759e-01  -2.3400302e-01  -1.9605436e-01   1.0543639e-01  -4.8848230e-02   1.3021995e-01   3.2497235e-01   1.1702400e-02   2.0873337e-02  -9.2055731e-02   1.4099580e-01   5.9460574e-01   4.2132877e-02   1.5709081e-01  -6.6775816e-02   1.8091652e-01   7.4734226e-01  -4.3371839e-01   1.5286600e-01  -3.0076867e-02   4.3426544e-01  -1.2084743e-01  -1.8838206e-01
   1.1148346e-01   2.1662404e-01  -1.4674702e-02  -4.5362472e-02   4.9209236e-01   8.4240149e-02   1.0172835e-01  -3.3325275e-01   2.0921623e-01   7.9399389e-02  -4.1696293e-01  -8.4786576e-02   0.0000000e+00  -2.9047697e-02  -3.8255829e-01   3.2760346e-01   3.4785641e-02   1.0697648e-01  -2.4405740e-01   4.8971409e-01  -3.9887124e-01  -1.4627319e-02  -2.8554475e-01   1.9706703e-01   4.9838941e-01  -1.7551654e-01   2.7388069e-01  -3.1457189e-01  -7.1371925e-02   3.1753469e-01  -3.9548659e-01  -3.3189846e-01   4.0762220e-01   1.1947042e-01  -8.5995252e-02   2.7948043e-01   1.7099713e-01   9.1040666e-02   4.1170860e-01   2.0117074e-01   6.5216894e-01   3.0629980e-01   1.1040229e-01  -4.0940113e-01   8.8515040e-02  -1.7059965e-01   5.3188200e-02   5.5445465e-02   2.3331670e-01   4.6154873e-02  -9.5219628e-02  -1.0150442e-01   3.5044979e-02   2.2015470e-01  -9.6108820e-03  -5.5156392e-01  -3.9591142e-01  -1.5021255e-01   3.4833314e-02   3.9865191e-02  -2.3661078e-01   1.7249398e-01   1.3423501e-01  -5.5925727e-01  -3.1664496e-02   1.3195850e-02   1.3550021e-02  -1.0491679e-02  -1.4680579e-01  -1.0577526e-01  -1.3280329e-01  -2.4134922e-01   3.2441019e-01   9.6920014e-02   1.8319813e-01  -2.4354260e-01  -2.4660837e-01  -1.2511713e-01   8.2536253e-02   5.4448916e-01  -3.0207129e-01   2.6578283e-01  -3.7045381e-01  -2.5352510e-01   1.2592395e-01  -2.0703763e-01  -1.2867354e-02   3.9517314e-02   3.1863453e-01   2.5714786e-01   2.1849461e-01  -8.2450791e-02   4.5349694e-02  -2.4225253e-02   6.5513449e-02   4.1150482e-01   3.7602497e-01  -4.0768402e-01   1.9127183e-01   1.7951873e-01  -3.4206680e-01  -3.8692342e-01  -4.1547120e-01   2.1957758e-01  -3.9306305e-01  -2.0065294e-02   2.0251131e-01  -2.2432010e-01   2.7790596e-01   1.6703426e-02  -3.4136745e-01  -2.4919328e-01   2.5877458e-01   1.8917645e-01   1.6346672e-03   2.9920328e-02  -3.5016224e-01   5.6936861e-01  -2.6355132e-01  -1.7714134e-01   1.2326693e-01   3.2522791e-01   2.5947288e-01   6.8055254e-03   7.4217596e-02   1.0821184e-01  -1.8516078e-01   2.3775549e-01  -2.1930710e-02   1.8428281e-01   6.7699382e-01  -1.1607552e-01   8.6476830e-02  -2.5371351e-01  -5.0868766e-02  -2.8827023e-01   4.2723034e-01  -3.3088060e-01  -3.8580167e-01   1.5847203e-01   1.6742838e-01   6.2581337e-01  -1.8857449e-01   1.4246924e-01  -9.2876063e-02  -4.7285805e-01  -5.7038256e-02   7.8799674e-03  -1.2679188e-02  -4.2586827e-02   1.2282140e-01  -4.5707293e-01   2.2091945e-02  -7.1756401e-02   2.3430814e-01   1.0433006e-01  -9.8184245e-02   2.1744206e-01  -6.8277252e-02  -2.5689429e-01   4.0050809e-01  -2.4244695e-01   4.8969178e-02  -1.5187372e-01  -7.4822558e-02   1.0782086e-01  -3.4893320e-01  -3.6844717e-01   4.0737206e-02   6.7599834e-03   1.0233003e-01   7.5158189e-02  -1.0003700e-01   1.4582289e-01   1.5982664e-01   2.1828327e-01   4.7480183e-02
   3.4042870e-01  -2.1810939e-01  -1.4448927e-01   9.8793355e-04  -3.8132760e-01  -4.2501796e-01  -3.7759480e-01   3.2581652e-01   1.3490910e-01  -2.2971714e-01  -1.5812196e-01   3.9275013e-02  -2.9047697e-02   0.0000000e+00   4.5491686e-02   8.8018635e-02  -3.1772703e-01  -1.2536916e-01   2.8495101e-01  -3.2083257e-01   4.2845218e-02   1.9408597e-01  -1.0470061e-01   6.1361287e-01   1.1896644e-02   3.3713985e-01  -5.4650733e-01   1.4425158e-01  -8.1716259e-02  -1.1273068e-01  -2.2164889e-02   1.8739440e-01   1.2785211e-01  -3.0670499e-02   4.8473519e-01  -4.7615047e-01   9.5296416e-02  -3.1412323e-02  -6.7042408e-02  -4.7447235e-01  -1.5797033e-01   3.2621613e-02  -3.7697691e-02  -2.4258593e-02   8.9702148e-02   2.6598478e-01  -3.6709256e-01  -4.7388936e-01   1.3366061e-01  -3.0097802e-01   6.8819120e-02   2.6633312e-01  -3.1826759e-01   2.6959751e-02   4.9401206e-01   3.3445268e-02   2.0831270e-01   3.8324126e-01  -1.4293341e-01   3.8830733e-01   7.9822147e-03  -1.1492641e-01  -8.5415598e-02   6.9427671e-02  -1.4364465e-01  -1.3102076e-01  -6.4695437e-01   1.5774209e-01  -1.8622446e-01   8.1675530e-03  -4.0878471e-01  -1.9021021e-01  -3.8841183e-01   4.4358252e-01   3.7314556e-01   2.0583035e-01   9.3215388e-02  -4.7415458e-02  -4.2743514e-01   1.5669118e-02   6.3846851e-02  -2.7925493e-01  -1.9970188e-01   4.2381308e-01   4.8799849e-01   9.1736253e-02   4.3725575e-01   7.8514004e-01  -2.6640601e-01   3.2732612e-01  -1.9289232e-01   1.7510655e-01  -2.4851478e-01   6.4573479e-02   1.0889810e-01  -4.7126496e-01  -3.5033731e-02   2.7721162e-02   9.0736151e-02  -8.1479211e-02   2.4061335e-01   9.1677379e-02   1.6373049e-01   3.6699780e-01   1.3660866e-02   8.4846841e-02  -4.0282087e-03  -1.5401050e-01  -2.0679236e-01  -4.4444949e-01  -4.4147569e-02   2.9652502e-01   1.0599453e-01   3.0925780e-01  -2.4705389e-01  -3.3232235e-01   1.2625396e-01  -1.3072225e-01  -1.5379795e-01  -9.3797679e-02   4.1772855e-01  -9.2046626e-02  -3.9768484e-02  -1.5462114e-01   3.1542869e-01   6.4345409e-01   2.8435564e-01   1.5189961e-01   2.4827099e-01  -1.6500920e-01  -1.1961846e-01  -3.7017029e-01   6.8848525e-01  -1.7457196e-01   7.9561949e-02   2.8743118e-01   2.1051287e-01   3.8501710e-02   1.0852760e-01   3.7875768e-01   4.8926265e-01  -1.3072582e-02   1.0570355e-01  -3.8330417e-01   1.4126399e-01  -3.6310849e-02  -1.1691850e-01  -1.5856214e-01  -3.6576752e-01  -9.4349186e-02   3.5247428e-01   5.9288707e-02   2.4932000e-01  -1.4877585e-01  -5.3094136e-01   5.3195282e-01   3.5500302e-01  -3.0912094e-01   3.7058066e-02   2.1262557e-02  -2.9511390e-02   1.9230122e-01  -2.2107767e-01   1.3398237e-01   2.5930094e-01  -2.4583557e-01  -2.2135183e-01   1.3047641e-01   2.1291686e-01  -9.3836570e-02  -9.5730131e-02   2.3620523e-01  -2.5293395e-02  -2.6666911e-01  -1.9310461e-01  -2.8176027e-02   1.7580237e-01
