   0.0000000e+00  -3.4443086e-01  -2.6959304e-01   1.4319419e-01  -4.9963978e-01  -1.5350282e-02  -9.3907261e-02   3.1049775e-01   1.8812060e-01  -1.5614133e-01   2.7087200e-01  -3.2523779e-01   9.5018933e-02   2.4040471e-01  -6.4637239e-02  -2.9942245e-01  -7.2804357e-02   1.5609798e-01   3.6703856e-01  -4.0442617e-01  -5.6670988e-02   3.4543055e-01  -9.7920088e-02   6.8146517e-01  -1.2585160e-01   3.3412624e-01  -4.5759311e-01   3.5897379e-01   6.7028901e-02   3.0309424e-02  -3.0046148e-01   2.8118414e-01  -3.0790676e-02  -1.3704550e-01  -3.7139374e-02  -4.0080944e-01   6.1821872e-03   2.2256338e-01  -4.0802303e-01  -4.5833512e-01   6.5001659e-02  -1.9069288e-01   1.1022609e-02   1.8839036e-01  -2.8961306e-01   2.8239268e-01  -3.6984656e-02  -4.6105799e-01  -5.5545210e-02  -5.1674468e-01  -2.2179427e-02   3.9622746e-01  -3.4900176e-01  -1.7957115e-02   2.6045175e-01   3.5690223e-01   3.2093940e-01   1.7563327e-01   2.4847179e-01   1.5264687e-01   3.2927240e-01  -1.2200112e-01  -2.0995364e-02  -4.7426814e-02  -2.9317489e-01  -1.0383854e-01  -2.1756194e-01  -2.8137412e-01   2.8779928e-01   5.7814254e-02  -3.3829577e-01  -1.5626522e-01  -1.6873284e-01   3.8868601e-01  -2.8852619e-01   2.9766468e-01   4.0061930e-01   2.4352850e-01  -4.8558161e-01  -3.2531458e-01   2.1788276e-01  -1.3809302e-01  -1.3271566e-01   4.3478228e-01   1.6054609e-01   2.8870564e-01  -2.6518868e-01   4.2567525e-01   2.0060375e-02   5.8168975e-01  -3.4499616e-01   3.7845610e-01  -2.8040168e-01   2.2360849e-01   1.8242940e-01  -3.4727608e-01   1.1679768e-02   5.3266599e-01  -2.0346716e-01  -2.2692002e-01  -1.9983929e-01   4.5830459e-02   3.5741277e-01   7.2933334e-02   1.2965677e-01   2.9019471e-01  -6.9130493e-02   4.7596287e-01  -1.2914600e-02  -1.3121831e-01  -2.8055817e-01   2.5956980e-01   1.4807677e-01   5.8540775e-01  -1.1527303e-01  -4.3914161e-01   3.6936425e-01  -4.4663818e-02  -1.6450574e-01   2.7801572e-01   4.6893598e-01  -3.7175583e-01  -1.8179457e-01  -3.0733652e-01   4.9047156e-01   1.9209978e-01  -4.8878749e-01  -1.8777856e-02   3.1419130e-01  -3.4245237e-01  -3.4094624e-01  -2.7524974e-01   2.6233472e-01  -1.8443569e-01   3.8691315e-01   3.2675210e-01  -1.0852607e-01  -2.6697395e-01   3.5276321e-01   4.5992899e-01   6.3938567e-01  -8.1387377e-02   4.5531163e-01  -1.7119188e-01  -3.6461404e-01  -8.6240484e-02  -3.1086960e-01   7.2095441e-02   4.4264195e-02  -9.5742946e-02   2.0384001e-02   2.9557921e-01   4.3440696e-01   2.3038692e-01  -4.1669476e-01   5.6783212e-01   4.7836828e-01   2.9861701e-02   1.9413572e-01   3.6442912e-01  -7.6912062e-02   3.1256242e-01  -1.5802060e-02   1.0443189e-01   3.5620388e-01  -4.5224712e-01  -2.9707227e-01   8.8580788e-02   3.1557995e-01  -2.2970792e-01  -4.5962877e-01   5.3070384e-01   1.0084690e-01  -1.3939119e-01   3.7849051e-01  -1.6097461e-01   3.3383688e-01
  -3.4443086e-01   0.0000000e+00   4.7523598e-01  -2.4711609e-01   4.8528735e-01  -1.4589615e-01  -4.9192845e-02  -6.5997656e-03   1.0640573e-01   8.7344036e-02  -2.6156769e-01   3.6310012e-01   4.4220574e-01  -4.3197661e-01   1.1692193e-01   1.2869729e-01   3.7574589e-01  -3.9830987e-01  -3.9802687e-01   2.9800194e-01  -2.2463945e-01  -2.9837125e-01  -1.0597091e-01  -3.0078712e-01   5.3712762e-02   1.1350273e-01   3.6035863e-01  -2.6582745e-02  -2.4448578e-01  -2.6878205e-01   2.7381941e-01  -4.5199871e-02  -2.9096185e-02   6.3841815e-02   1.4283194e-01   1.9807706e-01   3.0383201e-01  -3.3249948e-01   1.6935462e-01   5.3480894e-01   2.8754225e-01  -4.0336928e-01   2.3011760e-01  -3.3537496e-01  -9.1576991e-02  -3.0228199e-02  -2.7941103e-01   5.1143975e-01  -9.6823548e-02   3.6885816e-01  -2.1883370e-01   2.6613142e-02   5.1361412e-01  -7.9281986e-03  -8.3551081e-02  -4.5940448e-01  -2.0066446e-01  -2.3848329e-01  -2.3593554e-01  -2.4604585e-01  -1.7216071e-01  -1.8751337e-01   4.5459402e-02   3.0367728e-01   4.2790033e-01  -8.2478866e-02   8.0867391e-02   1.6758978e-01  -3.5674921e-02   3.8171292e-01   6.3670900e-01  -2.0026459e-01   2.7729317e-01  -4.0518938e-01  -7.9617723e-02  -2.1815172e-01  -2.4539084e-01  -3.0657581e-01   5.3623860e-01  -8.7343615e-02  -2.3041954e-01   1.5542392e-01   9.7798429e-02   3.8485530e-02   6.0249958e-02  -1.8254762e-01   2.0401401e-01  -2.1501349e-01   4.9281944e-02  -2.9849211e-01   5.5051653e-01  -2.5023472e-01   3.1026654e-01  -1.3740432e-02  -2.1967411e-01   3.3744306e-01   6.7845981e-02  -1.7994769e-01   9.3792901e-02   1.8473977e-01   4.1511264e-01  -1.2579617e-02  -4.5545706e-01  -6.5991907e-03  -4.0005838e-01  -1.3244938e-02   7.6494119e-02  -1.5314124e-01  -6.5135008e-02  -2.1930325e-01   3.3837830e-01  -4.0300927e-01  -3.5031830e-01  -3.4573874e-01   2.4281041e-01   6.1103515e-01  -1.3172838e-01   4.3453245e-01  -1.8535738e-02  -1.4558380e-01  -2.9588432e-01   4.4593091e-01  -1.8274497e-01   4.9122685e-01  -1.5024738e-01  -1.1422154e-01   3.3277502e-01   2.4557521e-02  -1.5673118e-01   6.5588963e-01   4.4119904e-01  -6.7578317e-03   9.6669213e-02   2.4038770e-01  -1.3391665e-01  -9.2160742e-02  -1.6982010e-01   5.3901720e-01  -1.7847065e-01  -3.8745452e-01  -3.7647640e-01   3.9515088e-01  -3.6393882e-01   2.1779338e-02   2.5773652e-01  -2.1769163e-01   5.9199002e-01  -3.6616057e-01  -3.4430143e-01   5.4570342e-01   2.6371974e-01  -4.0581377e-01  -4.2363480e-01  -1.2400714e-01   6.0975099e-01  -4.6505727e-01  -3.8599580e-01   1.2225455e-02  -1.2908507e-01  -1.9255841e-02  -1.6321028e-01  -1.3721230e-01  -3.2588401e-01  -3.3741975e-01  -1.0617789e-01   4.9726706e-01   2.0859232e-01   1.3814750e-01  -3.3204287e-01   2.8620023e-01   4.6355587e-01  -2.2950278e-01  -4.1891457e-01   4.8304310e-02   7.6331556e-02  -4.8906140e-02   1.2614650e-01
  -2.6959304e-01   4.7523598e-01   0.0000000e+00  -1.8629675e-01   3.2282715e-01   6.1870641e-02  -3.9523087e-02  -2.8396253e-02  -7.0593123e-02   1.6679816e-01  -3.8242518e-01   9.0443771e-02   1.8980014e-01  -4.2793651e-01  -2.5400676e-01  -4.0592226e-03   7.3457162e-01  -5.1554639e-01  -2.0459886e-01   4.2929032e-01  -1.7161358e-01  -2.9160218e-01  -3.3768574e-02  -1.5323449e-01   1.0007071e-01   8.3637734e-03   2.6201707e-01   3.7636539e-03  -1.3816096e-01  -2.0764547e-01   3.6536079e-02  -1.1189761e-01  -6.3145904e-02   1.4521724e-01   9.7183100e-02   1.9561669e-01   2.0651436e-02  -5.6198540e-02   1.9577134e-01   4.1822293e-01   1.0252433e-01  -1.5222655e-01   3.5364847e-01  -5.7012121e-02  -3.2059645e-01   1.1645444e-01  -2.2132810e-01   3.8182473e-01  -1.2390982e-01   4.8885752e-01  -2.3251308e-01   3.6964452e-03   2.6617174e-01   2.1559126e-01   1.0162584e-01  -2.2978953e-01  -3.0851258e-01   4.1351050e-03  -4.5046579e-01  -3.3065093e-01  -3.1670597e-03  -1.1194824e-01   1.9655498e-01   3.7246992e-02  -1.4062235e-01  -7.1229570e-02   3.3270335e-01   1.0330762e-01  -1.5560595e-01   5.5209637e-01   5.9727967e-01  -2.1645012e-01   1.6933901e-01  -2.1704415e-01   1.0724851e-01  -8.2742264e-02  -7.8754899e-02  -2.3236046e-01   4.9683262e-01  -2.5366061e-02  -2.4832259e-01   1.3235631e-01   2.1128782e-02   1.4027114e-01   1.1207708e-01   5.9694464e-02  -7.9349066e-02  -6.9707129e-02   1.3283543e-01  -3.1507868e-01   2.8327324e-01  -7.1798539e-02   3.2508469e-01   1.8099495e-01   1.2268912e-01   4.9756303e-01  -1.0995611e-01  -7.0661472e-03  -8.7388149e-02   2.4740070e-01   4.2486809e-01  -1.9933866e-01  -3.2467264e-01  -3.7168589e-01  -3.5686864e-01   7.9367540e-02   9.4850665e-02  -2.1485797e-01  -1.4276651e-02   6.7730507e-02   2.4523954e-01  -4.4519577e-01  -4.4952244e-01  -3.1653870e-01   3.2519351e-01   4.0969208e-01   4.5561177e-05   2.9029233e-01   2.4138783e-01  -1.4099538e-01  -3.1313533e-01   4.0720306e-01   1.4350627e-01   2.2475805e-01  -8.5020610e-02  -9.4351546e-02   1.7454153e-01   6.1801578e-02   2.6150182e-02   6.8913423e-01   3.4374849e-01  -6.3402835e-02  -1.5014890e-01   7.9877912e-02  -9.3335661e-02  -4.2658346e-02   7.3509022e-03   3.0465398e-01  -1.3665429e-01  -6.9917605e-03  -2.2566559e-01   2.0261886e-01  -4.1768036e-01   2.0541229e-01   1.6904829e-01  -4.4275087e-01   5.3986114e-01  -2.0202819e-01  -3.5686914e-02   7.8462846e-02   3.8696033e-01  -2.7052745e-01  -6.7480766e-02  -1.4388270e-01   6.4930263e-01  -2.6842671e-01  -2.5294752e-01  -8.7159540e-02   7.8520082e-02  -1.5755090e-02  -1.2448386e-01  -2.5870143e-01   5.9155297e-03  -4.5753196e-01  -5.3223076e-02   2.6164474e-01  -1.7561619e-01  -4.6950534e-02  -5.9363823e-02   3.2118956e-01   2.4983563e-01  -3.6161659e-02  -5.1033877e-01   4.5813246e-01  -9.1632431e-02   9.3267968e-03   1.9599486e-01
   1.4319419e-01  -2.4711609e-01  -1.8629675e-01   0.0000000e+00  -1.6737533e-01   2.1585274e-01   2.4911382e-02   9.0083351e-02   2.2565161e-01  -5.5269655e-02   3.4455979e-01   1.0307523e-01   1.2789142e-01   2.4809257e-01   2.2351040e-01  -5.6301637e-03  -6.5996110e-02   3.7170171e-01   2.5431852e-01  -1.5048451e-01   9.1588615e-02   6.7042241e-01   1.0719442e-01   1.5500014e-01  -8.9671312e-02   1.8177577e-01  -1.4351463e-01  -2.3127188e-02   5.5654991e-01   4.7040476e-01  -5.1469766e-01   4.8797907e-01   3.1731139e-01  -2.4663955e-01   1.6875623e-01   5.8212257e-02  -1.8967355e-01  -1.5523302e-01  -7.8178515e-02  -2.4765164e-01   2.3459648e-01   5.7173698e-02  -1.1326315e-01   3.0479642e-01  -6.0633521e-03   1.2631057e-01   2.9207860e-01  -4.0078362e-01  -1.2381419e-01  -3.2621001e-01   4.8721948e-01   9.2282275e-02  -4.8736129e-01  -1.0293673e-01   1.5210601e-01   2.0734467e-01   4.8006333e-01   3.5002719e-01   3.0579543e-01   5.6765457e-01   1.3889703e-01   2.2241267e-02   3.4602880e-01  -2.5799211e-01  -1.2908444e-01   2.5992729e-03  -2.0085113e-01   2.5356009e-01   1.2343758e-01  -1.6784765e-03  -4.0839329e-01   2.3648171e-01  -2.4487626e-02   2.6393384e-01  -1.4168357e-01   4.8770657e-02   1.2916882e-01   3.1734986e-01  -4.2663116e-01   1.6299687e-01   1.6683730e-01  -1.3915462e-01  -4.5975519e-02   1.3101701e-01   6.5306829e-02   3.6532613e-02   7.6783357e-02   1.3165006e-01   2.4283737e-01   8.6259098e-02  -2.7031011e-01   2.0307141e-01  -2.5987614e-01   4.1978085e-01  -9.0459660e-02  -2.3627655e-01   1.3194164e-01   2.4463372e-01   4.8346426e-02  -1.4732856e-01  -2.5440224e-01   9.8816019e-03   4.0833838e-01   5.0332824e-01   5.2670713e-01   3.1166746e-01   1.2309398e-01   2.7736662e-01  -4.9529289e-02   1.7532271e-02  -4.4604516e-01   5.9584624e-01   4.6523629e-01   1.5799267e-01  -3.1941686e-01  -3.1185854e-01   1.0837079e-01   1.3403186e-03  -4.6388551e-02   6.3877097e-01   2.2695527e-01  -2.6754738e-01   3.3328216e-02  -1.4089609e-01   5.8497873e-02   6.5109717e-01   9.7648986e-02   5.6864319e-02   3.7676248e-01  -2.2153781e-01  -1.0280159e-01  -8.6575081e-02   2.6380684e-01  -3.8996895e-01   4.4791326e-01   1.7721150e-01   1.3136331e-03  -3.5844799e-01   1.4327853e-01  -2.9998467e-02   2.9023477e-02  -7.9498448e-03   3.6394915e-01  -5.7391498e-02  -9.9792985e-02   8.0539932e-02  -3.7738247e-01   1.8628076e-01   1.2152550e-01  -1.3602837e-01  -2.2176809e-01   2.2247406e-01   1.2692107e-01   9.9850452e-02  -3.5108280e-01   7.9169407e-02   2.0131988e-01   3.2632701e-01   1.4543215e-01   2.0264058e-01   7.3191442e-02   2.1465494e-01   1.4443360e-01   5.6828994e-01   4.5830917e-01  -3.4224285e-01  -7.2260893e-02   3.1074202e-01  -4.6028311e-02  -3.5646541e-01  -2.4786069e-01   2.6242290e-02   4.7984574e-01  -1.3532418e-01   1.1692360e-01  -2.8151557e-01   4.4995845e-01
  -4.9963978e-01   4.8528735e-01   3.2282715e-01  -1.6737533e-01   0.0000000e+00   3.5727032e-01   1.9269119e-01  -4.6215508e-01   4.2512954e-02   3.9136422e-01  -2.3370353e-01   6.2314286e-01   1.9909149e-01  -4.8518098e-01  -6.0867502e-02   3.9860192e-01   9.9794292e-02  -1.3917690e-01  -1.1762826e-01   7.8677222e-01   1.6944135e-01  -4.3687165e-01   2.1269412e-01  -6.4088538e-01   2.3905220e-01  -3.0737906e-01   7.3785860e-01  -4.8606630e-01  -1.9085824e-01  -3.0292122e-02   2.5248469e-01  -4.1420113e-01   1.3940135e-01   3.4539438e-01   1.0189954e-01   6.7139070e-01  -1.9634749e-01  -2.6662479e-01   4.5547629e-01   5.2227030e-01   2.6489742e-01   1.2896964e-01   1.9574588e-01  -4.2023454e-01   2.2677516e-01  -4.9516917e-01   2.0072961e-01   5.2168543e-01   3.0399426e-02   3.4480807e-01   1.0172875e-01  -5.3282510e-01   6.3462113e-01   2.1381253e-01  -8.6065379e-02  -5.1604300e-01  -1.4140911e-01  -3.9573165e-01  -3.4868469e-01  -3.3312905e-01  -5.6332460e-01   1.9739364e-01   6.4979828e-02  -1.1253204e-01   3.4145429e-01   3.4738184e-01   5.3475712e-01   2.0657411e-01  -1.1017382e-01   1.1384168e-01   4.9036913e-01   1.6262212e-01   3.3097335e-01  -3.4249666e-01   1.6519265e-01  -5.6506161e-01  -6.8852206e-01  -3.3006820e-01   8.0653349e-01   1.9378588e-01  -3.8817231e-01   2.0865063e-01   5.9659607e-04  -4.0121028e-01  -1.4841648e-01  -4.9558039e-01   2.5687055e-01  -4.5625352e-01   9.6769199e-02  -4.6654919e-01   6.2511992e-01  -5.8088494e-01   4.7824043e-01  -9.1958719e-02  -2.8490711e-01   6.3417243e-01   9.4888039e-02  -4.6174870e-01   2.0336768e-01   2.4390935e-01   1.3276812e-01  -2.0447848e-01  -4.8912252e-01  -2.6056608e-01  -2.4045663e-01  -2.6466667e-01   2.7777481e-01  -4.5614364e-01   1.4297628e-01   4.1235457e-01   4.5598896e-01  -3.3265758e-01  -1.7632849e-01  -6.1117629e-01   4.0141830e-02   8.0479347e-01  -4.3112958e-01   3.4950810e-01   1.8553761e-01  -1.7526543e-01  -5.5269843e-01   6.2460413e-01   1.3799067e-01   3.7726056e-01  -6.1884491e-01  -1.8626271e-01   5.4825206e-01  -1.3899721e-01  -3.6953365e-01   5.6850561e-01   3.4132844e-01   4.8391690e-01  -4.1203000e-01   3.0606712e-01  -4.6830642e-01  -5.0286420e-01   4.8599823e-02   3.1259206e-01  -5.0525268e-01  -3.6123388e-01  -2.5134891e-01   8.1018253e-02  -5.0412496e-01   3.5089770e-01   2.3270179e-01  -1.0467944e-01   4.4363955e-01   2.6713047e-02   1.5618078e-01   1.5333980e-01  -1.7910902e-01  -5.3146280e-01  -3.8802189e-01  -2.4339066e-01   5.9560860e-01  -5.6636115e-01  -6.6809782e-01   6.4133883e-02  -3.9911308e-01  -5.1168296e-01   2.7559738e-01  -4.6324620e-01   1.4516953e-01  -2.2586638e-01  -2.5538867e-01   6.0547673e-01   4.1888706e-01  -7.3262422e-02  -2.4489429e-01   5.4615745e-01   7.6378108e-01  -6.1592674e-01  -1.7570249e-01   4.7393617e-01  -3.6549240e-01   2.5778003e-01  -2.9681960e-01
  -1.5350282e-02  -1.4589615e-01   6.1870641e-02   2.1585274e-01   3.5727032e-01   0.0000000e+00   5.0367185e-01  -5.6318783e-01  -1.5651361e-01   4.2758504e-01  -2.2470127e-02   4.4497774e-01  -2.3556347e-02  -1.0530202e-01   1.6440451e-02   3.3944435e-01  -2.3564278e-01   3.1476557e-01   4.4348585e-01   4.0379294e-01   5.7261675e-01   1.2759442e-01   4.6661545e-01  -3.8955842e-01   4.4534397e-01  -3.9042767e-01   3.8373321e-01  -5.0669261e-01   8.5153835e-02   5.9297593e-01  -1.6999046e-01  -2.2550257e-01   6.2182092e-02   4.2404982e-01  -9.7426232e-03   5.4118591e-01  -2.7495850e-01  -1.9409533e-01   3.1129121e-01   1.2746171e-01   1.5234025e-01   2.7758797e-01  -2.9673586e-01  -2.4394509e-01   1.4785750e-01  -5.3397753e-01   5.9720267e-01   1.1003653e-01   1.8609035e-01   6.1266608e-02   4.3494441e-01  -5.0691456e-01  -3.8669386e-02   1.6505939e-01   2.0004921e-01  -2.9237917e-01   3.9725638e-01  -5.9837256e-02  -7.6603212e-02   7.1068191e-02  -5.1739298e-01   2.9488728e-01  -6.3482928e-02  -6.3405968e-01  -2.9301425e-01   5.2557618e-01   6.1362781e-01   1.3323854e-02  -1.4081009e-01   9.8341471e-02  -2.0855941e-01   3.6235192e-01   2.4440274e-01  -5.9756426e-02   2.8842555e-01  -4.7807934e-01  -4.8183309e-01  -1.2787450e-01   2.5882034e-01   3.7906133e-01  -1.3053554e-02   5.6338389e-02  -4.0287640e-01  -5.0539920e-01   5.1601036e-02  -3.6389404e-01   3.9441310e-02  -1.8932972e-01  -1.8889910e-01  -3.2193352e-01  -6.2018680e-02  -4.4832666e-01   1.9364954e-01  -3.7916378e-02  -3.5265678e-01   2.2805124e-01  -8.5046149e-02  -2.4636440e-01   8.2679666e-02   1.9297034e-01  -2.3023167e-01  -2.7605522e-01   1.8382586e-02  -2.2614243e-02   2.1232115e-01  -2.4810926e-01   9.3529028e-02  -2.8367336e-01   1.3814461e-01   5.3217015e-01   9.4194379e-02   2.9958009e-01   3.7203612e-02  -4.5786792e-01  -1.1513906e-01   8.0062652e-02  -3.9590175e-01   7.7695781e-02   2.1006540e-01   1.7173504e-01  -4.0245110e-01   1.2501644e-01   1.7530625e-01  -1.3214331e-01  -5.6145522e-01   3.0812344e-01   4.3867344e-01   2.7566655e-03   3.5152154e-02   8.3865271e-02   2.1789539e-01   3.8938483e-01  -3.3812769e-01   3.1818505e-02  -2.8918700e-01  -4.4987540e-01   4.4721528e-02  -1.1912028e-01  -3.6890941e-01  -9.0280268e-02   2.8596786e-02  -1.2625994e-01  -2.4155909e-01   4.5702892e-01   1.1677155e-01   1.0790354e-01   1.3588116e-01   5.2540830e-01   5.4329224e-01  -3.4041450e-01  -9.5453686e-02  -1.9308355e-01  -1.4172115e-01  -1.6967401e-01   3.3143985e-02  -3.2628532e-01  -5.4146209e-01   2.6431691e-01  -4.6967724e-01  -3.2811434e-01   3.0983428e-02  -4.9375234e-01   4.0388213e-01   1.6473723e-01  -1.1172480e-01  -2.6530771e-02   1.3373250e-01   1.1281385e-01  -1.5791109e-01  -8.2293987e-03   2.6175261e-01  -4.7358734e-01   2.3297838e-01   5.2025390e-01  -4.7932181e-01   9.2293625e-02  -1.1079337e-01
  -9.3907261e-02  -4.9192845e-02  -3.9523087e-02   2.4911382e-02   1.9269119e-01   5.0367185e-01   0.0000000e+00  -4.9040536e-01  -3.9654096e-01   5.6474154e-01   3.1989241e-01   4.7573072e-01  -1.3773214e-02   1.4459435e-01   2.9673386e-01   4.9943076e-01  -4.2648410e-01   1.4905021e-01  -5.4992092e-03   1.5190813e-01   4.7615410e-01   2.6369364e-01   7.5805864e-01  -4.8490732e-01   2.7578702e-01  -4.2354463e-01   2.8248133e-01  -3.0943990e-01  -6.2367634e-02   6.3501492e-01   1.8246678e-01  -2.1976240e-01  -2.5170612e-01   6.7973584e-01  -3.8958211e-01   4.6172441e-01  -4.0770164e-02  -2.5166878e-01   4.4147388e-01   8.3186320e-02   3.4807092e-02   4.2705991e-02  -4.8959305e-01  -2.6412566e-02   2.6537865e-01  -4.1170719e-01   4.3072930e-01   3.5661473e-01   4.2719888e-02  -1.3901920e-01   3.1967013e-01  -4.8584699e-01  -9.8065149e-02   1.5648520e-02  -5.7732995e-02   1.7643800e-02   7.4412307e-02  -8.1208449e-02  -6.7036637e-02   1.1717706e-01  -5.0246168e-01   1.4811662e-01  -4.1764313e-01  -3.3714568e-01  -2.4806010e-01   7.4427318e-01   9.9221028e-02  -1.6318377e-01  -1.7523360e-01   2.6001512e-01  -3.4779392e-01   3.7430310e-01   2.2437008e-01  -3.4752476e-01   1.0854746e-01  -2.3756347e-01  -4.2586817e-01   5.1377011e-02   1.4007939e-01   9.9516650e-02   5.8595645e-01   2.0904056e-01  -1.5034320e-01  -3.6521814e-01  -4.5116058e-01  -2.6329182e-01   1.6262413e-01  -5.3021097e-01  -2.2117930e-01  -3.6207695e-01  -3.2878502e-01  -5.4500495e-01   2.0901978e-01  -3.8184567e-01  -3.9428201e-01  -3.0072036e-01  -1.9585472e-01  -4.5686675e-01  -3.9478600e-02   4.6588952e-01  -6.9663716e-02   2.2587482e-01   2.8171734e-01   1.7391635e-01   3.0031066e-01  -1.4152366e-01  -1.8627896e-01  -2.5931511e-01   2.1581852e-01   3.9929675e-01   3.2729249e-01   4.8055205e-01  -6.1983179e-02  -4.6159099e-01   2.3550330e-01  -1.2690240e-01  -1.9561117e-01   2.4654432e-01   4.3291856e-01   3.5219073e-04  -4.9756814e-01  -3.2412965e-01  -1.7157368e-01  -2.2169442e-01  -4.2475121e-01  -6.2411834e-02   4.6966701e-01  -2.2223712e-01  -3.1127338e-02   1.1947633e-01   2.9164211e-01   6.1620507e-01  -3.2510308e-01   2.1546704e-01  -3.9105932e-01  -3.3003507e-01   1.1567608e-01   2.7269975e-01  -2.9722839e-01  -3.4082913e-01  -4.2120004e-02  -1.8604175e-01   7.8970574e-02   5.5975694e-01   4.6533069e-01   4.1710682e-01   3.6242720e-01   6.3899112e-01   7.1834091e-01  -1.8001629e-01  -6.8805206e-02   1.9632855e-01  -3.5040861e-01   1.1893280e-01  -9.7600581e-02  -4.7720862e-01  -4.5473640e-01   1.6411519e-01  -6.3030716e-01   7.3984913e-02  -8.5326039e-02  -1.7415603e-01   5.0825070e-01   3.8586580e-01  -1.3095288e-01   1.5766951e-01   3.9827684e-01   9.0338143e-02  -4.1300133e-01  -2.4517361e-01   1.9902373e-01  -5.8989889e-01   1.8345337e-01   1.3348466e-01  -3.0477423e-01   6.4376230e-02  -1.8278272e-01
   3.1049775e-01  -6.5997656e-03  -2.8396253e-02   9.0083351e-02  -4.6215508e-01  -5.6318783e-01  -4.9040536e-01   0.0000000e+00   3.4568490e-01  -6.0267296e-01   1.8357127e-01  -5.2596858e-01   3.2260597e-02   1.8713863e-02  -1.7218251e-01  -5.7496738e-01   2.6864014e-01  -1.8104714e-01   8.9362984e-02  -4.9714686e-01  -6.6138802e-01   3.6085529e-01  -6.5639309e-01   6.5957414e-01  -2.9845613e-01   7.6063339e-01  -5.5402236e-01   4.3461353e-01   2.7792062e-01  -4.7522462e-01  -3.6656782e-01   5.6633707e-01  -2.4382363e-02  -5.4204603e-01   3.4883801e-01  -5.5444487e-01  -3.8333239e-02   2.4726094e-01  -6.2854043e-01  -4.1549572e-01  -1.3588474e-02  -2.7929569e-01   3.5587402e-01   3.0325262e-01  -4.1450520e-01   7.7443318e-01  -2.1827899e-01  -5.1804062e-01  -3.5039570e-01  -3.4773468e-01  -2.3442681e-01   9.2945006e-01  -3.6302754e-01  -2.0026125e-01   6.8679827e-02   1.8722744e-01   1.7946570e-01   5.1599158e-01   1.5174123e-01   2.4736310e-01   6.9105130e-01  -3.4267604e-01   3.8748564e-01   1.5506796e-01  -1.3821817e-01  -6.3497053e-01  -4.4653227e-01   5.9329093e-02   4.3748084e-01   6.1569223e-02  -1.4813753e-01  -2.5540480e-01  -3.5868072e-01   3.8242629e-01  -3.5933289e-01   8.5850467e-01   6.6779270e-01   2.9858330e-01  -5.3179573e-01  -4.2330024e-01  -2.3198135e-02  -4.1278770e-01  -1.3689413e-01   7.9800913e-01   3.7316428e-02   8.0628545e-01  -1.7251469e-01   3.4195165e-01   2.6845080e-01   4.8201864e-01  -2.4540785e-01   7.6018751e-01  -3.8827045e-01   4.5212037e-01   3.0908441e-01  -2.7341842e-01   1.3749034e-01   7.9019319e-01  -1.8507268e-01  -4.7795524e-01  -1.9720761e-01   8.6443187e-02   2.4282248e-01   2.4702303e-01   1.3976175e-01   6.8836137e-01  -6.7879409e-02   7.4565852e-01  -3.2169994e-01  -7.5727746e-01  -5.5811142e-01  -5.7207304e-02   2.7255721e-01   5.4839782e-01  -2.7965709e-01  -2.8631773e-01   4.8687409e-01  -1.5863443e-01  -5.6219083e-01   6.6032643e-02   7.6096106e-01  -2.7581239e-01   6.3046881e-02  -2.6894990e-01   7.7480671e-01   1.0162374e-01  -6.1500899e-01   1.6476853e-01   5.5072296e-01  -2.9377717e-01  -4.0759947e-01  -7.1682262e-01   6.6209479e-01  -5.6699191e-01   7.2085411e-01   9.3196301e-01  -1.6463707e-01  -3.5772803e-01   8.5081515e-01   2.2429466e-01   8.8297415e-02   3.4067124e-02   3.5392177e-01  -5.7225440e-01  -4.8329743e-01  -1.9708430e-01  -2.8157356e-01  -5.4037898e-01  -5.4314988e-01   2.2647475e-01  -4.1860944e-02   3.3703366e-01   3.2155126e-01  -3.0380731e-02  -2.7207085e-01   4.7930394e-01   7.1892472e-01  -1.9720589e-01   6.1542784e-01   5.6856443e-01   1.0681556e-02   5.3934599e-01  -5.0880929e-01  -6.8144498e-02   5.6394104e-01  -3.6101575e-01  -4.1272107e-01  -7.3888827e-02   4.7246739e-01  -3.3306647e-01  -5.6606722e-01   6.2680145e-01  -3.3266351e-02  -5.2376190e-01   6.5333090e-01  -1.5990427e-01   6.5352459e-01
   1.8812060e-01   1.0640573e-01  -7.0593123e-02   2.2565161e-01   4.2512954e-02  -1.5651361e-01  -3.9654096e-01   3.4568490e-01   0.0000000e+00  -1.7417688e-01  -3.8889766e-03  -1.6001133e-01   1.7548831e-01  -2.1508128e-01   1.6958384e-02  -1.9195857e-01   1.5117745e-01  -5.4628162e-02  -1.0051293e-02  -5.6501017e-03  -2.0035664e-01   1.2715031e-01  -2.1291768e-01   2.9238608e-01  -1.5985442e-01   3.6539385e-01  -6.0427862e-03   4.5627299e-02   3.1514738e-01  -3.3960091e-01  -5.0353809e-02   1.7085261e-01   3.2556875e-01  -3.0153890e-01   5.6118943e-01  -3.7845899e-02  -9.2329813e-02  -4.9289524e-02  -1.4561512e-01  -9.1451499e-02   1.3222712e-01  -1.0662855e-01   4.4815059e-01   2.3082577e-01  -2.1996826e-01   2.2828821e-01  -4.0352328e-02  -1.9817407e-01  -6.7168126e-02  -2.2553164e-01   1.1554674e-01   2.9554190e-01  -5.3401912e-02  -1.2114368e-01  -1.6113897e-03  -1.9244674e-02   1.3070143e-01   7.9090903e-02  -1.2161388e-02   1.1436543e-01   1.7699995e-01   1.5098907e-01   5.9382346e-01   1.9793093e-01   4.1266192e-02  -3.2429772e-01  -1.3768342e-01   2.0041920e-01   5.1572141e-01  -1.6561196e-02   1.1207760e-01  -7.4307823e-02  -7.5589708e-02   2.0808095e-01  -1.2635364e-01   1.0671671e-01   9.9051685e-02  -1.8869521e-01  -1.5993588e-01  -1.5571896e-01  -2.0161366e-01   9.5249225e-03   1.9895933e-02   2.0875313e-01   2.3110745e-01   1.2499555e-01   8.6290130e-02   6.1450564e-02   2.9690087e-01   2.3754696e-01   1.3389810e-01   1.6755420e-01  -1.8929362e-01   6.3433502e-01   9.1362379e-02   1.4805008e-01   2.1572323e-01   2.8238593e-01   1.2139485e-01  -4.9020561e-02   7.3400895e-02   3.3576309e-02  -1.0932882e-01   1.2790441e-01   2.5600411e-02   4.1855675e-01   1.4095548e-01   3.2936694e-01  -1.4206212e-02  -3.6257638e-01  -2.4243651e-01  -5.9471199e-02   1.2177100e-01   2.0725588e-01  -1.0673325e-01   7.2148029e-02   5.4615470e-02  -2.3858274e-02  -2.2154241e-01   3.3864505e-01   3.1074462e-01   3.9388942e-03   7.2231927e-02   9.0744587e-03   1.7093151e-01   1.2289431e-01  -1.4995209e-01   6.3464789e-02   2.3337230e-01  -3.9365708e-02  -1.5136217e-01  -1.9896991e-01   2.5348127e-01  -1.0650858e-01   5.0600787e-01   2.4524096e-01  -1.9414338e-01  -9.3821963e-03   1.3103324e-01   1.5168794e-01   4.4013236e-02   2.1902088e-01  -9.8506448e-02  -2.3875103e-01  -6.8386176e-02  -2.3721262e-01  -1.5927930e-01  -4.6637529e-01  -4.4012698e-01   3.4447714e-01  -1.7846044e-01  -8.0292857e-02   1.2673482e-01  -2.3886045e-01  -4.6517681e-02   1.3220564e-01   2.4899781e-01  -3.7803438e-02   1.6754504e-01   1.7502086e-01   2.3794023e-01  -5.2837101e-02  -2.3118333e-01  -1.1210088e-01   3.7122504e-01  -5.9548654e-02  -2.9162704e-01   1.3851939e-01   1.6837991e-01  -2.1119190e-02  -1.8379103e-01   2.1910869e-01  -7.7347662e-02  -1.3177841e-01   3.0159455e-01  -1.1916568e-01   3.3110257e-01
  -1.5614133e-01   8.7344036e-02   1.6679816e-01  -5.5269655e-02   3.9136422e-01   4.2758504e-01   5.6474154e-01  -6.0267296e-01  -1.7417688e-01   0.0000000e+00   1.2918964e-01   4.0270606e-01   1.3555778e-01  -1.0972773e-01   2.4502936e-01   3.7743455e-01  -2.7935690e-01   2.0191625e-01  -2.4052635e-01   3.1569853e-01   5.6639202e-01  -1.2006771e-01   5.5209552e-01  -4.4714836e-01   1.8917961e-01  -4.6756148e-01   4.4601411e-01  -6.0551767e-02  -3.6398982e-01   3.2886564e-01   2.2422087e-01  -3.7693552e-01  -2.4161344e-01   7.5383279e-01  -2.9541088e-01   4.8886251e-01   2.9506024e-01  -4.1639787e-01   4.8122989e-01   3.0776301e-01   7.2335524e-02  -4.7116159e-02  -4.1444174e-01  -1.2766320e-01   3.3074338e-01  -5.8243838e-01   2.6694681e-01   3.6438506e-01   4.0409928e-01   1.7760013e-01   3.0257945e-01  -4.6900434e-01   1.8118531e-01  -7.4803724e-02   9.5859227e-02   3.4110030e-02  -9.5259226e-02  -2.7353163e-01  -1.8429509e-01  -1.6563212e-01  -6.2441505e-01   6.3829239e-01  -2.9946295e-01  -2.0995913e-01  -1.0028598e-01   6.7630846e-01   3.1617042e-01   3.1064772e-02  -1.8449383e-01   2.4463708e-01   1.3113291e-02   2.1344478e-01   4.3292483e-01  -3.7084079e-01   2.3411444e-01  -4.7612479e-01  -5.6604937e-01  -6.2983447e-02   3.4449480e-01   2.1596555e-01   1.2524181e-01   5.6025627e-01   7.6296124e-02  -4.4579180e-01  -1.1896804e-01  -2.8750465e-01   5.6396751e-02  -3.6794581e-01  -1.3400185e-01  -2.6227703e-01   1.9898889e-02  -5.5902459e-01   4.2021853e-01  -2.7847266e-01  -4.3584870e-01  -8.4036762e-03  -1.5479220e-01  -5.1949467e-01   3.8133567e-01   6.9415300e-01   2.1395320e-01   1.6195639e-01  -9.2914943e-02  -1.8772909e-01  -2.6891336e-02  -1.5241932e-01  -9.4994719e-02  -4.2592379e-01   6.6645397e-01   3.8842931e-01   5.5304436e-01   6.6083063e-02  -2.3767469e-01  -4.0414895e-01   3.3154244e-01   2.7182505e-01  -2.6054418e-01   3.9881709e-01   4.8999659e-01  -5.1697408e-03  -5.3642746e-01  -4.7895378e-02  -2.1829513e-01   1.7116842e-01  -4.4511538e-01  -1.2760800e-01   5.0299228e-01  -1.4097339e-01  -4.0109761e-02   3.5693338e-01   5.5649619e-01   6.4895411e-01  -5.3088187e-01   4.8069545e-01  -3.5714875e-01  -4.5881869e-01  -2.4296664e-03   4.9392351e-01  -4.3951506e-01  -4.4023962e-01   1.2589427e-01   1.3623605e-01  -1.7388214e-01   5.6114864e-01   5.6996742e-01  -7.0531948e-02   4.1654606e-01   4.8776416e-01   5.1792962e-01  -1.3705859e-01   1.8958138e-01  -1.9562652e-01  -2.3589812e-01  -1.1329201e-02   1.8660401e-01  -5.1620741e-01  -4.8909662e-01   1.9045874e-01  -5.6114750e-01  -2.0058138e-01  -1.6561912e-01  -4.2210065e-01   5.3851898e-01   1.0340578e-01  -2.7481737e-01   1.7840696e-01   3.1236878e-01   3.1012455e-01  -3.1600268e-01  -6.7852686e-02   3.8927336e-01  -4.7606356e-01  -5.6175126e-04   2.9441960e-01  -2.8768819e-01  -1.6560608e-01  -3.4648370e-01
   2.7087200e-01  -2.6156769e-01  -3.8242518e-01   3.4455979e-01  -2.3370353e-01  -2.2470127e-02   3.1989241e-01   1.8357127e-01  -3.8889766e-03   1.2918964e-01   0.0000000e+00   5.4467137e-02   6.6567609e-02   1.8739612e-01   3.7368053e-01   6.7781375e-02  -4.8688237e-01   4.8334929e-01   6.9922399e-02  -3.1002263e-01  -3.9283278e-02   6.8215540e-01   1.9213517e-01   2.4679220e-03  -2.3852139e-01   1.0358781e-01  -4.5539278e-02   1.4809008e-01   2.0598806e-01   2.1586880e-01  -2.1319594e-01   2.3408847e-01  -2.5417517e-01   1.2723367e-01  -3.3024443e-01   1.1702110e-01   2.1507820e-02  -2.8126391e-03  -2.2825428e-02  -2.6336802e-01   7.8366173e-02  -4.8685525e-02  -4.4524319e-01   4.3885278e-01   1.7539598e-01   1.8405154e-01   5.1606029e-01  -3.6197080e-01  -1.0364581e-01  -5.6776702e-01   3.4088975e-01   1.9206266e-01  -3.8826524e-01  -2.1089312e-01   3.9883401e-02   4.3273832e-01   1.7307075e-01   4.5650553e-01   4.1429488e-01   5.3697066e-01   8.7308407e-02   8.3611919e-02  -2.2188466e-01  -1.4089599e-01  -2.4628066e-01   2.9330751e-01  -3.4787049e-01  -3.6366544e-02   4.1196036e-01   3.9456514e-02  -5.2143806e-01   3.0222458e-01   4.1083443e-02  -3.7243763e-02  -3.6705357e-01   2.7748176e-01   1.2301258e-01   4.0133979e-01  -4.2283468e-01  -1.4961618e-01   4.7965175e-01   1.0888815e-01  -2.1124423e-01   1.0572788e-01  -4.8447817e-01   3.2552566e-01   1.2037407e-02  -1.0936435e-01  -3.5450911e-02   2.5583703e-01  -4.1408656e-01  -8.6535995e-03  -3.1761354e-01  -1.5943128e-02  -1.6410649e-02  -5.8187641e-01   3.4420070e-02   8.2127377e-02  -7.9076276e-02   1.6530048e-03  -4.2738641e-01   5.4074021e-01   4.5846885e-01   4.9839770e-01   6.5618035e-01   4.2777674e-01  -6.8483781e-02   4.2699530e-01   1.4436062e-01  -1.4138851e-01  -3.1121698e-01   5.6666875e-01   2.6422495e-01   2.5581670e-01  -1.9980482e-01  -4.2862410e-01   2.3152522e-01   9.4149826e-02  -2.3789444e-01   2.0990268e-01   2.6271123e-01  -5.6945589e-01  -3.4616370e-01  -3.7464211e-01   2.6919853e-01   1.7949048e-01   2.7833298e-02  -1.3465426e-01   4.2285562e-01  -2.5492166e-01  -7.4048598e-06   1.0653531e-01   1.2491697e-01  -2.0333822e-01   2.6846154e-01   3.4562094e-01  -6.8841226e-02  -1.2110795e-01   4.1211516e-01  -1.3679306e-01   2.0904708e-01  -6.1403198e-02   4.9564893e-01  -1.8260091e-01  -4.3155162e-02   1.9329746e-01  -1.5287793e-01   3.9504967e-01   3.5039677e-01  -2.0354993e-01  -3.0645103e-01   3.1671041e-01   6.1597710e-02   3.2014814e-01  -4.7232942e-01  -4.1757882e-02   3.1085144e-01   2.3946191e-01  -7.6935364e-02   3.8235828e-01   5.8262414e-02   4.1410966e-01   3.2819869e-01   6.5788989e-01   3.3971472e-01  -2.2347297e-01   2.3549514e-01   3.0523293e-01   1.2407672e-02  -5.8968408e-01  -2.7320291e-01   8.3728230e-02   5.3993214e-01  -4.4580842e-01   2.0098470e-01  -2.1222570e-01   2.8363978e-01
  -3.2523779e-01   3.6310012e-01   9.0443771e-02   1.0307523e-01   6.2314286e-01   4.4497774e-01   4.7573072e-01  -5.2596858e-01  -1.6001133e-01   4.0270606e-01   5.4467137e-02   0.0000000e+00   1.1037453e-01  -1.6295254e-01   4.6311746e-01   4.0875195e-01  -1.8933732e-01   1.7555610e-01  -1.8969276e-01   4.5808673e-01   3.6796258e-01  -6.8943042e-02   2.9041165e-01  -5.8653486e-01   2.6194849e-01  -3.2993072e-01   6.0717556e-01  -4.3878558e-01  -6.3320660e-02   4.4904701e-01   1.5746367e-01  -2.0668705e-01  -1.3116543e-01   3.4401943e-01  -9.4321138e-02   6.1865055e-01   3.6363318e-02  -2.8836989e-01   3.7568530e-01   4.9593043e-01   1.2558906e-01  -1.2711549e-01  -1.8639982e-01  -3.2175722e-01   3.0433088e-01  -5.4900251e-01   2.2640972e-01   5.0512785e-01   1.8226516e-01   1.1937075e-01   1.9564050e-01  -5.0421241e-01   4.3333526e-01  -4.4537870e-02  -1.0956260e-01  -4.0855205e-01  -1.2619500e-01  -3.1891319e-01  -6.0224970e-02   1.1388361e-02  -6.1393921e-01   1.4612768e-01  -2.0463938e-01  -2.8856347e-01   3.0689568e-01   4.8256430e-01   4.1804211e-01   1.0949899e-01  -2.0614285e-01   1.7887051e-01   2.3374219e-01   7.1134503e-02   1.4364556e-01  -3.1725161e-01   3.0037625e-02  -5.5626631e-01  -5.3647468e-01  -2.4646217e-01   5.5559686e-01   1.6317837e-01   2.9898244e-02   7.4291468e-02  -6.1498304e-02  -3.2436289e-01  -1.9285990e-01  -4.7733263e-01   3.8941082e-01  -4.2866341e-01  -8.9018650e-02  -4.5115245e-01   3.9678237e-01  -5.8627775e-01   5.8173975e-01  -3.0416546e-01  -3.6597019e-01   2.2345852e-01  -1.6854114e-01  -5.4721095e-01   1.7703554e-01   1.4769031e-01   4.9806587e-03  -1.0191771e-01  -1.8952410e-01   1.0799281e-01  -1.1722707e-01  -2.8721777e-01   1.8030165e-01  -3.9013021e-01   2.2828529e-01   4.4002865e-01   4.8268638e-01   1.0697796e-01  -1.0382268e-01  -5.0683832e-01   6.5610033e-02   5.0046983e-01  -4.5111926e-01   2.3344487e-01   2.2664175e-01  -1.0937669e-01  -4.6155606e-01   3.5781027e-01  -1.1397060e-01   3.1212175e-01  -5.8275793e-01   7.4654577e-02   6.2122709e-01  -2.6798956e-01  -3.7172273e-01   3.9716879e-01   2.8331086e-01   4.4469835e-01  -2.9558218e-01   2.7292587e-01  -4.4213340e-01  -4.6684749e-01  -1.4290871e-01   2.9185312e-01  -3.8539516e-01  -2.9045977e-01  -1.2408717e-01  -3.6167065e-02  -2.8632599e-01   3.8060281e-01   1.8764721e-01   2.3709484e-01   4.4628585e-01   4.0174876e-01   4.2701233e-01   2.0735987e-02  -5.1934985e-03  -2.7086491e-01  -4.4911494e-01  -9.7954449e-03   4.2812735e-01  -5.6056911e-01  -5.9154604e-01   8.1960883e-02  -5.4601567e-01  -3.5044664e-01  -4.9920519e-02  -3.1662725e-01   2.5234257e-01   3.0022526e-01  -2.0516592e-01   5.1389631e-01   4.1150944e-01   1.8659716e-02  -4.7860124e-01   2.0619930e-01   6.6148592e-01  -5.5478197e-01   1.2090937e-01   2.6413721e-01  -3.5771014e-01   4.4348590e-02  -1.9090743e-01
   9.5018933e-02   4.4220574e-01   1.8980014e-01   1.2789142e-01   1.9909149e-01  -2.3556347e-02  -1.3773214e-02   3.2260597e-02   1.7548831e-01   1.3555778e-01   6.6567609e-02   1.1037453e-01   0.0000000e+00  -3.7861564e-01   7.9173611e-02   2.2662032e-01   1.8217526e-01  -1.1486518e-02  -1.6294001e-01   2.1720144e-01  -2.0438106e-01  -2.8882917e-02  -3.6093745e-03  -1.1686178e-01  -2.4158269e-01  -2.2594596e-02   2.8729333e-01   9.8887945e-02  -1.3641249e-01  -1.1423864e-01  -2.4187215e-01   1.3874610e-01   1.9043907e-01  -6.6171298e-02   1.0848368e-01   2.4426715e-01   1.5707775e-03  -5.9207643e-01   2.3965649e-01   3.6845260e-01   8.7475919e-01  -3.7789869e-02   1.3288727e-01  -8.4284772e-02  -1.4263134e-01   7.9020355e-03   7.2115577e-02   5.4018429e-02  -2.2529504e-01   1.5799811e-01   4.6045552e-02  -1.4550513e-02   1.2679607e-01   2.2944721e-01   9.6065804e-02  -1.7980264e-01  -3.9486735e-02  -1.3028768e-01   2.8684792e-01  -9.0731703e-02  -2.2153441e-01  -2.2095063e-01   1.6559041e-01  -6.2595040e-02   5.1069959e-02   1.8454626e-01   8.5757365e-03   8.0760164e-02   2.0860300e-01   4.1815295e-01   1.8415979e-01   3.7122709e-02   6.5980502e-01  -1.3203419e-01  -2.7846091e-01  -2.0551585e-01  -3.2120644e-01   2.5302720e-01   1.3381428e-01   2.2597703e-01  -2.2434623e-01   4.3121090e-01  -1.0440724e-01  -2.4254705e-03  -1.0073448e-03  -1.3757200e-01   4.4846388e-02  -4.2669558e-02   2.0060571e-01  -8.1817779e-02   1.6054758e-01  -1.8756788e-01   6.6497332e-02   1.4594121e-01  -4.2311042e-01   1.5107677e-01   5.0779817e-01   8.0720479e-04   9.6272372e-02   1.8020268e-02   1.1421435e-01  -1.3750166e-02  -3.1223598e-01   1.6330044e-03  -1.5177055e-01   1.8293450e-01   1.6650336e-01   4.6900855e-02  -3.1153148e-02   7.4428889e-02   5.2830022e-02  -2.4863059e-01  -1.2685862e-02  -5.1299560e-02  -9.6521609e-02   1.2617321e-01  -3.3039267e-02   8.4626056e-01  -1.1954146e-02   2.2619239e-01  -1.9044381e-01   1.4290683e-01  -5.1703691e-02  -3.8782977e-02  -1.5218471e-02   7.5609561e-02   3.1533713e-02   2.6370828e-01   1.9170235e-01   4.2650423e-01   5.6942175e-01  -1.0049131e-01   7.5230547e-02  -4.6063210e-02   1.7749363e-01  -5.1024340e-03   2.0124570e-01   1.4622161e-01  -1.5781981e-01  -4.1783479e-01  -3.6017188e-02   7.8489266e-01   8.1965919e-02   6.4825393e-02  -1.0915975e-01  -2.5436575e-01   2.4418258e-01   7.3581391e-03  -4.4707028e-02   2.2846878e-01  -5.7186754e-02  -4.4553020e-01  -1.1560012e-01   4.8275551e-02   3.4504834e-01  -2.7351697e-01  -1.4616855e-01   5.6656607e-01  -8.5646493e-02  -1.5149640e-01  -1.0970774e-01   1.8000461e-01   1.2329563e-01  -4.5271163e-02   2.5278011e-01  -8.8066981e-02   6.3037864e-02   2.0552347e-01  -1.5582634e-01   2.5721973e-02   2.0362944e-01  -2.4677077e-01  -6.6156706e-02  -2.3752797e-02   3.8064848e-01  -1.0886469e-01   3.1790773e-01
   2.4040471e-01  -4.3197661e-01  -4.2793651e-01   2.4809257e-01  -4.8518098e-01  -1.0530202e-01   1.4459435e-01   1.8713863e-02  -2.1508128e-01  -1.0972773e-01   1.8739612e-01  -1.6295254e-01  -3.7861564e-01   0.0000000e+00   2.1993739e-01   2.9868000e-02  -3.4640997e-01   1.9488694e-02   2.4062849e-01  -5.7057315e-01   1.2923671e-01   3.3848500e-01   1.4897344e-01   3.6547621e-01   1.4750476e-01   4.1354621e-02  -5.4812673e-01   1.6973849e-01   7.0920571e-02   3.6995846e-01  -4.2313452e-02   7.0830686e-02   1.8072121e-01  -1.1411647e-01  -2.6597448e-01  -4.7661895e-01   5.2136368e-02   2.8411935e-01  -8.4772984e-02  -5.1233482e-01  -4.4714627e-01   1.2609116e-01  -2.3438307e-01   1.8797173e-01   2.6994387e-01   4.9104119e-02  -2.3675516e-01  -1.8285379e-01   9.0845491e-02  -1.6866666e-01   9.1392868e-02   2.6495461e-02  -3.9737101e-01  -1.4597091e-01   1.5736627e-01   5.4177776e-01   1.6676249e-01   1.1330699e-01   1.6847024e-02   3.6924021e-01   2.7189355e-01   7.7029141e-02  -2.2622074e-01  -1.1060957e-01   3.4184104e-02  -1.5997611e-01  -3.5202612e-01  -4.1060154e-02  -1.3720652e-01  -2.7729643e-01  -4.8674143e-01   8.2099033e-02  -4.0130810e-01   3.0868907e-01   1.4491940e-01   1.1172436e-01   3.9512583e-01   3.3230755e-01  -5.3674617e-01   1.6742332e-02   6.1682807e-01  -2.9914298e-01   1.2005539e-01   1.4988491e-01   1.1285256e-01   7.0257877e-03   2.5726700e-01   3.8680614e-01   3.7718930e-02   3.0411292e-01  -5.3603825e-01   3.2184375e-01  -2.3428561e-01  -1.7735587e-01   1.2945987e-01  -5.9844513e-01   2.0000498e-02   2.1958627e-01  -6.3128064e-02  -4.4873863e-02  -1.0167646e-01   1.4353817e-01   6.3869299e-01   3.4365224e-01   3.0738990e-01  -3.0554032e-02  -7.2196529e-02   1.5820789e-01  -2.3822158e-01  -9.8349765e-02  -2.0832702e-01   5.9135397e-01   2.3862419e-01   3.4364962e-01  -3.3015589e-02  -5.0698869e-01   1.4892902e-01  -2.6825276e-01   2.0215040e-01   1.3826442e-01   2.3652601e-01  -5.4116361e-01   9.0784854e-03  -3.4183963e-03   1.3365335e-01   2.5208929e-01  -4.3003842e-02  -1.6258682e-01  -5.9685830e-02  -4.8389539e-01  -4.1615920e-01   6.7079465e-02   2.9956592e-01  -8.1693077e-02   4.6478362e-02   9.5038320e-03   8.7365916e-02  -2.0449390e-02   3.1942572e-02   2.9210069e-01   1.3881065e-01  -4.8007813e-01   3.8028868e-01  -8.6471246e-02   1.5955863e-01   4.0893614e-01  -5.1017298e-01   1.0087085e-01   4.9000973e-02  -3.0590441e-02   6.6489772e-02   6.5336690e-01   1.8623446e-01   6.6986371e-02  -6.4073676e-01   2.9165112e-01   3.8650198e-01  -9.8592624e-02   1.6518703e-01   4.6928901e-01  -6.8444398e-02   2.9828032e-01  -9.5359084e-02   3.4919800e-01  -4.0160015e-02  -1.9762989e-01  -1.4334243e-01  -1.9242359e-02   1.7935228e-01  -3.6917243e-01  -3.7574844e-01   2.1745415e-01   1.6409260e-01  -3.1904789e-01   3.2109767e-02   9.8950333e-02  -1.3397389e-01
