   0.0000000e+00   4.7664143e-01   3.1424155e-01  -2.6461213e-01   3.0247972e-01   3.9489344e-02  -2.9253440e-01  -7.9810919e-02   2.0595968e-01   1.2256993e-01  -3.3294140e-01  -2.5407227e-02  -7.2075210e-02  -8.4865855e-03  -4.5153314e-01  -2.0974117e-01   5.6288544e-01  -5.3613804e-01   2.0591371e-01   4.3666258e-01   1.5279069e-02  -3.9056420e-01  -3.6919533e-01   2.2717758e-01   1.7532837e-02  -1.0732500e-01  -1.2669540e-01   4.1305273e-01  -2.7927576e-01  -4.2213151e-01  -1.5945239e-01  -2.6482381e-01   2.3316742e-01  -6.7243265e-02  -2.6322684e-01   3.3635281e-02  -2.1860249e-01  -9.6297272e-02   1.8405970e-02   7.2618882e-02  -2.4332262e-01  -1.6230834e-01   3.0688001e-01  -4.1603202e-01  -3.0095429e-01   5.4989239e-01  -2.5548646e-01  -1.5452491e-01  -4.5819107e-01   2.7676647e-01  -7.2027166e-02   2.1355736e-01   2.3570882e-01   2.8161659e-02  -1.7429390e-01   2.8676053e-01  -4.5366117e-02  -2.6876378e-01  -2.1526848e-01   2.8543687e-02   2.2265900e-01  -2.1810332e-01   3.4302409e-01  -9.3761096e-02   1.4598579e-01  -3.2974613e-01  -6.5560125e-02   3.3228788e-02  -3.5260876e-01  -1.8877213e-01  -6.6543380e-02  -3.7034250e-01   2.0134392e-01   2.4233106e-01  -3.8860681e-01  -2.2347411e-01   1.2293517e-01  -3.5048572e-01   4.9912764e-01   2.7595594e-01  -6.6696912e-02  -1.3796246e-01   4.4787656e-02   1.3280979e-01  -4.3802061e-02  -3.5519686e-01   1.8848500e-01  -1.0984809e-01  -1.6331256e-01   4.7093070e-01   3.3560262e-01   2.0789781e-01   1.2083155e-01   7.6373242e-02  -1.2896922e-01   4.4431143e-01  -1.3573234e-01   4.3868757e-01  -3.9811070e-01  -1.8540161e-01   2.8680302e-02  -3.3184395e-01  -2.4395210e-01   3.4709286e-02  -3.0342975e-01  -3.6503092e-01  -5.3849855e-02   6.8715124e-02  -9.6915504e-02   2.8933216e-01  -1.2511584e-01  -3.5554407e-01  -2.6093249e-01   2.1045598e-01  -4.0455220e-02   4.3928963e-01   1.9390289e-01   1.2909078e-01   3.1896135e-01  -2.7263675e-01   3.9763300e-01   3.0662693e-01  -6.0578780e-02  -4.4719433e-01   5.8700115e-01   4.1131746e-02   8.7766597e-02   3.2726991e-01  -3.5304935e-01   4.9962149e-01  -2.4814868e-01  -1.5800712e-01   6.3763619e-01   1.4108364e-02   1.4456951e-01  -1.1118498e-01  -2.0924342e-01  -3.4651226e-01  -2.7202065e-01   6.5955906e-02  -1.7745250e-01  -1.8639767e-01  -2.4029014e-01  -1.5691206e-01  -8.6351176e-02  -2.1282352e-01  -9.3934809e-02   1.3101167e-01  -2.1955777e-01  -2.3380504e-01   6.0476380e-02   3.1007058e-02   2.4160120e-01   1.9599545e-02   3.7919959e-01  -1.0009166e-01   1.5694214e-01   3.4353444e-01   4.2851339e-01  -4.0791805e-02  -2.8419106e-01  -1.9918711e-01   1.5875588e-01  -6.0163834e-01  -3.2090282e-01  -1.6322636e-02  -8.4503533e-02   2.4363456e-01   1.6941279e-01   2.9753155e-01   3.5569559e-01   1.0208981e-01  -3.9979301e-01  -4.0305764e-03  -2.5635027e-01  -2.2828194e-01   4.2303969e-02
   4.7664143e-01   0.0000000e+00   5.3693932e-01  -2.2381716e-01   7.2699430e-01  -1.0841012e-01  -5.2034076e-01  -1.6235208e-02   3.9116173e-01   2.8957650e-01  -6.5176043e-03   2.9336906e-01   2.0896949e-01  -3.7177140e-01  -4.7760912e-01  -4.1194387e-01   7.9046031e-01  -4.4314361e-01   2.4514207e-01   6.6269141e-01  -1.8787592e-01  -2.7472541e-01  -4.7440170e-01   2.9963252e-01  -5.0884110e-02  -1.4704272e-01   2.0362997e-01   1.2409433e-01  -3.7831565e-01  -3.5296233e-01   8.4367361e-02  -1.5700440e-01  -3.9956991e-02  -1.6098792e-01  -2.1682050e-01   4.3435675e-01   3.3127117e-02  -7.6642701e-02  -5.8389734e-02   2.3341029e-01   4.2409505e-02  -4.3156436e-01   3.1342299e-01  -3.8736234e-01  -3.5375428e-01   5.6170264e-01   1.0942276e-01  -8.6900086e-02   5.1162217e-02   3.2827278e-01  -2.2144295e-01   1.0975970e-01   5.4022276e-01   5.3331702e-02  -1.1682108e-01   7.7447264e-02   5.6012644e-02  -2.0049742e-01  -1.8867518e-01  -1.4478448e-01   4.6135519e-01  -9.1609119e-02   4.9175091e-01   1.1533510e-01   5.3169339e-01  -1.0949968e-01  -2.0195387e-02   1.0233219e-01  -6.1681112e-02  -3.5370678e-01   2.6461795e-01  -2.6356160e-01   3.7745072e-02   1.8545636e-01  -1.1063310e-01  -8.4038157e-02   2.5397679e-01  -1.5968276e-01   6.8366072e-01   5.0395919e-01  -3.8179987e-01   6.8108228e-02   3.4044857e-01   3.0347708e-02   4.9359172e-02  -1.7097717e-01   2.1738015e-01  -7.5850207e-03   3.8376807e-02   3.0489814e-01   7.1987668e-01   3.5279496e-02   2.2780757e-01   1.8578302e-01   2.8562963e-02   7.1063886e-01  -3.4088953e-01   5.0129327e-01  -7.0576911e-03  -2.7840977e-01   2.3743164e-01  -2.8325369e-01  -1.6678899e-01   1.2028439e-01  -2.7030413e-01  -4.4755957e-01  -1.2843869e-01   2.2274585e-02  -1.3161041e-01   3.8330421e-01  -8.1565845e-02  -2.6095929e-01  -1.2554731e-01  -6.1650384e-03  -1.7498501e-01   7.6109554e-01  -6.4645066e-02   1.5997240e-01   1.2707814e-01  -7.1678083e-02   1.1771669e-02   6.0254468e-01   3.5452669e-01   2.1109436e-03   3.6880312e-01   2.4363676e-02  -1.1993917e-01   7.9144496e-02  -1.8158552e-01   4.6306018e-01  -6.7623669e-02   4.8248149e-02   6.3211740e-01   1.0432277e-01   3.2098066e-01  -1.2023402e-01  -1.7795379e-01  -3.5223941e-01  -8.8890699e-02   1.0868254e-01  -1.2399330e-01  -7.8607299e-02  -2.0431380e-01  -2.1098009e-01  -2.5607055e-01   1.8263788e-01  -5.2227842e-02   4.3799598e-01  -2.0512383e-01   2.4316041e-02   6.1725075e-02   1.6765032e-02   1.5631445e-01   2.9156650e-01   7.6528131e-01  -9.7901849e-02  -1.3394115e-01   2.9878784e-01   3.4826170e-01  -3.0297268e-01  -3.6127104e-01  -3.0275243e-02   5.8811209e-01  -4.0565315e-01   1.2020293e-01   3.1987018e-01   1.8756588e-01   1.8612195e-03   3.5395692e-02   5.3404962e-01   3.8589941e-01  -1.2382684e-01  -2.1047463e-01  -6.1805385e-02   5.0459860e-02  -3.6914699e-01   2.4081010e-01
   3.1424155e-01   5.3693932e-01   0.0000000e+00   6.7191587e-02   2.6712434e-01   6.1904021e-02  -4.2126319e-01  -1.7820091e-01   1.5523072e-01   2.7102254e-02  -2.3801604e-02   2.9924745e-01   4.5596522e-02   1.2184572e-01  -4.5703577e-01  -1.3312894e-01   6.6091654e-01  -1.5244605e-01   3.6633685e-01   2.9654961e-01  -1.2500456e-01  -5.0482551e-02  -3.4878349e-01   1.6607264e-01   2.3157848e-01   3.9569559e-02  -3.1764281e-02   3.6719113e-01  -4.0002676e-02  -2.1258290e-01  -3.0023553e-02  -2.2975829e-01  -5.6222865e-02  -3.4425681e-01  -1.0451370e-01   2.1467062e-02   4.2524545e-02   2.7030730e-01  -6.7069593e-02   4.7594889e-01  -1.1005952e-01  -1.6805934e-01   3.8709460e-01  -4.0806001e-01  -2.3733469e-01   5.2433380e-01   4.5200562e-02  -3.3190237e-01  -2.2403255e-01   6.5992282e-01  -2.2329769e-01  -1.0637735e-01   1.6251006e-01   1.7107242e-02   1.9444324e-01   1.4141535e-01   2.0881708e-01  -1.0131250e-01   1.6559874e-01  -2.2961158e-01   5.5990353e-01  -3.0129614e-01   3.2053200e-01  -1.1850249e-01   9.3381798e-02  -3.6195003e-01  -1.9191869e-02   1.7799863e-01  -7.6937853e-02   6.4123139e-02   1.2929844e-01  -1.5064145e-01   1.0890981e-01   3.4694532e-01   9.6059686e-02   7.4983434e-02   5.2045351e-01  -2.1939442e-01   1.1552486e-01   3.2961710e-01  -2.2986435e-01  -2.5583511e-01   1.7804860e-03  -8.8118374e-02   2.3889213e-01   1.0489087e-01  -1.0077758e-01   2.2592468e-01   3.3914335e-01  -1.2397095e-01   3.2952904e-01   2.8509011e-01  -1.5736272e-01   2.1195414e-01   3.3466071e-01   4.8941835e-01  -1.6736066e-01   5.5485920e-01   9.2248761e-02  -2.7662576e-01   2.8507284e-01  -2.8721537e-01   1.3127863e-02   1.3229317e-01  -3.0881314e-01   8.1695179e-03   2.0411410e-01   2.8513283e-01  -8.5502922e-02   4.7852441e-02  -1.3671588e-01  -4.7648432e-02   2.6350943e-01   5.6449255e-02   2.0382147e-01   2.8846887e-01  -1.8054947e-01  -1.0156814e-01   3.0744286e-01   4.1533252e-03   2.6561066e-01   2.5361929e-01   4.7188115e-01  -8.1821536e-02   8.1841643e-02   1.5719167e-02  -3.1667563e-01  -1.8907753e-01   1.3870978e-01   3.6971139e-01  -1.4154193e-01  -2.0079993e-01   4.0857574e-01  -2.9872219e-01   2.3814735e-02   4.2372751e-03  -8.5942064e-03  -1.3432703e-01  -1.4353266e-01   2.1784797e-01   1.7210163e-01  -1.9805199e-01  -1.0534997e-01   1.7558576e-01  -3.5322614e-01   1.2686231e-01   2.6699648e-01   2.7557088e-02  -3.5161342e-01  -7.2861237e-02   3.2348557e-01  -1.7852481e-01   4.0437200e-01  -2.3176097e-02   6.6110961e-01   2.0920574e-01   2.3096599e-01  -1.4547266e-01   3.6707846e-01  -3.3350837e-01  -5.7757276e-02  -2.5587446e-01   3.2817546e-01   4.5036834e-02   1.2907768e-01  -1.2345364e-01  -1.0318839e-01   4.7285200e-02   2.8711614e-01   1.5757544e-01  -1.0525964e-01   3.4929824e-01   4.4914410e-02   2.3338038e-01   2.9851801e-01  -8.1048380e-02   3.7614141e-01
  -2.6461213e-01  -2.2381716e-01   6.7191587e-02   0.0000000e+00  -4.4237212e-02   2.5661959e-01   1.0699947e-01   1.4142589e-01  -5.7460248e-02   1.2379545e-01   2.6564937e-01  -5.8099018e-02   4.5044987e-03   5.4663752e-01   1.4581822e-01   9.6374337e-02  -2.0982044e-01   2.7362182e-01  -9.3803929e-02  -8.3173554e-02   1.2473710e-01   2.5612699e-01   2.9909992e-01  -1.9732183e-01   1.8666488e-01   2.6346462e-01   8.8418779e-02   2.4856344e-02   3.5218883e-01   3.8948633e-01   2.3164924e-01   5.9717215e-03  -4.8585898e-01   1.6955765e-01   1.4342409e-01  -4.7236876e-02  -2.5974114e-02   1.4252496e-01  -2.9158004e-01   9.9005809e-02   4.1786840e-01  -4.0425774e-01  -1.8116958e-01   2.4822711e-01   3.2907538e-01  -1.2292478e-01   1.1257054e-01   1.1565026e-01   5.0990214e-02  -1.3594758e-01   2.9527227e-01  -2.8681128e-02   8.5566256e-02  -4.1397778e-01   3.5530224e-01   2.6368223e-01   2.3508883e-01   2.8991271e-01   4.6125661e-01  -7.4883077e-02  -1.5721847e-03   1.3554194e-02   3.8773662e-02   1.3159903e-01  -6.5951883e-02  -1.1723845e-02   9.9075851e-02   2.9558095e-01   3.4721856e-01   1.5315525e-01  -2.2006917e-03   3.5664633e-01   2.5899887e-01   2.2801536e-01   3.6420792e-01   3.4295840e-01   2.7515524e-02   1.3558528e-01  -1.1340586e-01   1.6801384e-01   2.3051073e-01   7.3218025e-03  -2.1398812e-01   1.3703746e-02   8.5444805e-02   2.7261345e-01   1.1229149e-01   3.7209143e-01  -9.0138739e-03  -1.4476313e-01  -2.0413366e-01  -7.7078871e-02  -6.4296428e-02   1.2800985e-01   1.4949748e-01  -1.3723218e-01   5.0483517e-01  -7.3733504e-02   5.2045985e-01   3.4070776e-01   1.5797180e-01   2.5291915e-02   3.9242312e-01   1.8862803e-01   1.5812392e-01   6.4022955e-01  -8.9555690e-02   2.0158878e-01   3.0110407e-01  -5.5069584e-02   1.6183058e-01   4.9994025e-01   5.0035564e-01  -2.2785789e-02   1.6945275e-01  -2.1591211e-01  -2.0405723e-01  -5.9793250e-02  -5.2803026e-02   5.1585162e-01   5.5178892e-02   7.1552829e-03  -3.3701243e-02   2.3316979e-01  -4.3936386e-02  -1.6886698e-01   1.6691957e-02  -3.7653181e-01   2.3480945e-01  -2.4432602e-01   5.3736442e-02   1.7519027e-01  -3.7644527e-01   1.2212086e-01   9.4451320e-03   1.3481843e-01  -7.0896167e-02   3.9902339e-01   2.5697497e-01  -1.1896528e-01   1.2339675e-01  -3.5277217e-01   2.3685695e-01   2.1766676e-01  -7.3746165e-02   4.7680418e-01   1.9328482e-01  -9.4564752e-02   1.2667799e-01   1.6685628e-01   2.5849996e-01   1.0805789e-01   3.2232906e-02  -6.4031148e-02  -1.6863177e-01   2.4709354e-01   1.7619268e-01   6.3214337e-02  -4.1134046e-01   2.6579928e-01   6.4628797e-01   1.5894674e-01  -5.6460905e-02   5.1716852e-01   3.2523957e-01   7.0412753e-02   4.1765267e-02  -2.5450082e-03  -5.5881482e-02   9.2229776e-02  -1.3117563e-01   5.3860904e-03   5.0669936e-01   2.8137511e-01   2.7679884e-01   2.3429551e-01   1.7428901e-01
   3.0247972e-01   7.2699430e-01   2.6712434e-01  -4.4237212e-02   0.0000000e+00   5.2915969e-02  -3.7047111e-01   1.3543442e-01   2.5189342e-01   5.9093885e-01   9.8897209e-02   1.4288984e-01   2.2909546e-01  -3.8614220e-01  -3.3785468e-01  -3.5301692e-01   5.6511385e-01  -3.1690911e-01   8.5351413e-02   8.5954371e-01  -7.1161878e-02  -1.7141940e-01  -3.5380449e-01   1.0741958e-01   8.0420343e-02   5.2301196e-02   2.9848094e-01   3.5503994e-02  -1.6570066e-01  -2.2949026e-01   2.0512988e-01   2.1200025e-02  -1.6714275e-01   2.4965804e-01  -2.4293875e-01   7.1249789e-01   1.3970233e-02  -1.7452651e-01  -5.4273321e-02   3.3025005e-01   2.9417182e-01  -4.4527977e-01   1.6522593e-01  -1.5372506e-01  -1.6846589e-01   3.9111249e-01   2.7545442e-01   1.6070329e-02   2.1555642e-01   1.0142080e-01   3.0453268e-02   3.1957726e-01   6.3005708e-01  -1.3717294e-01  -1.0469862e-01   2.4022922e-01   8.1460487e-02  -5.0960881e-02   7.4240249e-02  -2.6962353e-01   2.6211362e-01   6.4342668e-03   4.9402122e-01   3.0908324e-01   4.0559112e-01  -4.8905685e-02   1.0428265e-01  -1.4105316e-02   7.8598399e-02  -3.7513126e-01   2.3134759e-01  -2.6617645e-01   6.9696889e-02   7.8119577e-02   1.1207847e-01   8.5174935e-02   3.0252654e-02  -1.1606434e-01   7.3410675e-01   4.5578811e-01  -1.8027082e-01  -7.5161398e-02   4.0339203e-01   2.2943496e-01   3.9141635e-02  -1.8212641e-02   2.6606971e-01  -1.4602383e-01  -1.6179003e-01   2.4017457e-01   6.6761975e-01  -1.5555272e-01   5.1042315e-01   3.6977633e-02  -2.9027882e-01   7.9015420e-01  -1.2564826e-01   3.3882571e-01   1.2173192e-01  -2.3193216e-01   1.6218483e-01  -4.8247547e-02   2.2675889e-02   7.4459103e-02  -1.3637914e-01  -2.3287869e-01  -3.2939911e-01   1.4060349e-01   6.9432252e-02   4.2842341e-01   1.7600814e-01  -1.9720895e-01  -1.3738545e-01  -7.8371048e-02  -1.5291434e-01   7.6670351e-01   5.1768091e-02   1.0264332e-01   7.7270705e-02   1.8939368e-01  -2.4174498e-01   6.8186636e-01   2.2431369e-01   1.0447453e-02   3.4681235e-01  -1.6758080e-01   1.2586745e-01  -5.3853231e-02  -1.2258387e-01   3.1899400e-01  -1.1471824e-01   2.6590969e-01   3.9054866e-01   3.6079461e-01   1.8665191e-01   6.4042716e-02  -1.3502013e-01  -1.9949704e-01   1.8130863e-01  -1.8590485e-01  -6.0749059e-02  -1.3485359e-01  -6.8392800e-02  -2.2691775e-01  -1.7570456e-01   2.3349629e-01   7.1188950e-02   4.1314295e-01  -3.7650446e-02   5.8514764e-02   4.1007507e-02   1.1141464e-01  -9.2671935e-02   2.4248366e-01   5.8208807e-01  -1.0087264e-01  -2.8897950e-01   3.7634992e-01   3.4158989e-02  -1.1625872e-01  -1.1707917e-01   1.7127138e-01   6.6008606e-01  -2.3496661e-01   1.4044540e-01   4.4437300e-01   2.9524290e-01   2.1704790e-01  -2.0450439e-01   6.5218067e-01   5.0985294e-01  -2.8222421e-01  -6.5174532e-02  -1.0291553e-01   2.6266811e-02  -2.8460439e-01   6.5236030e-02
   3.9489344e-02  -1.0841012e-01   6.1904021e-02   2.5661959e-01   5.2915969e-02   0.0000000e+00   2.9515877e-01   2.7379318e-01   3.7608486e-03   2.3354059e-01   3.1489641e-01   2.5758848e-01   2.0208519e-01   2.5018617e-01   2.6189685e-01   2.0282727e-01  -7.0735331e-02   1.8269633e-01  -1.1606905e-01   1.5305805e-01   1.1881508e-01   1.8007084e-01   1.9403145e-01  -1.8531756e-01   3.9861048e-01   5.3967044e-01   2.7574164e-02   3.1043326e-01   1.3260387e-01   3.3589357e-01   2.6311318e-01  -3.5626605e-02   6.7154418e-02   1.3636348e-01   3.7473991e-01  -3.1763004e-02  -4.5086517e-02   3.0799849e-01  -2.4521532e-01   4.3346746e-01   1.4062164e-01  -1.0919613e-01   2.5270803e-01   1.0156708e-01   2.0412759e-01   1.2082111e-01  -1.0617557e-04   7.7851568e-02   8.2532936e-02  -1.4310382e-01   1.5114363e-01   2.0520562e-01  -6.7012935e-02  -8.6865605e-02  -1.1534298e-01   2.4237515e-01   3.2449257e-01   2.1110030e-01   3.0913797e-01   3.6655281e-01   1.4409003e-01   1.6411601e-01   9.7562211e-02  -1.3396880e-01   1.9578548e-01   3.8296682e-02   5.3893998e-01   1.6921043e-01   3.8568025e-01   1.7817573e-01   1.9474094e-01   2.3825570e-01  -6.9348414e-02   3.0387676e-01   5.8770644e-02   1.3740235e-02   6.9496728e-02  -7.5771161e-02  -9.2877917e-02   7.5841557e-02   4.1688051e-01  -3.8899338e-01  -1.5724909e-04   4.5886959e-01   1.7202388e-01   1.7229563e-01  -9.4206005e-02   1.9605603e-01  -1.0881625e-02  -2.1428061e-01  -3.3959247e-01  -1.2746001e-01  -1.4305158e-01   4.7762020e-01   3.1301855e-02   4.5773128e-02   3.1815576e-01   1.3143792e-01   3.8121437e-02   1.2627241e-02   1.2440712e-01   2.1210715e-01   2.7582883e-01   3.4035133e-01   3.0050601e-01   1.4540956e-01  -1.3042723e-01   6.0728107e-01   1.8368945e-01   6.9286360e-02   1.1365715e-01   2.6826851e-01   1.7220413e-01  -2.4489428e-01   3.7107908e-01  -1.7609766e-01  -2.9004882e-02  -1.5705495e-01   2.2549100e-01   2.7628736e-01   2.2968296e-01  -1.1064907e-01   4.6639830e-03   1.5509847e-01   1.7289605e-01   1.9944885e-01   2.3757437e-01  -8.1159337e-02   1.9322212e-01   9.7053178e-02  -1.0979711e-01   1.9783702e-01  -1.4066526e-02   1.9130036e-01   2.7968801e-01  -2.8653232e-02  -2.4413719e-01   2.9931246e-01   2.8746859e-01  -2.4257712e-01   2.2727537e-01  -1.5655189e-01   3.8608082e-01   3.4115977e-01   3.1952672e-01   7.6889530e-02   1.5623027e-01  -1.5940912e-01   1.6210726e-01   1.7956097e-01   1.6460458e-01   2.2572491e-01  -4.2876238e-02  -3.2739442e-01   1.6658553e-01   2.8405125e-03   2.3568440e-01  -1.8059932e-02   3.6800060e-02   1.6812610e-01   2.8135785e-01   3.7637263e-03   5.4217213e-02   1.7647521e-01   1.7091014e-01   4.8834332e-02   7.6009707e-02   3.9809956e-01  -1.0634658e-01   4.0823363e-02  -1.1543192e-01   1.7865468e-01   2.7769021e-01   4.3427448e-01  -1.2345956e-01  -1.9813242e-01   3.9949123e-02
  -2.9253440e-01  -5.2034076e-01  -4.2126319e-01   1.0699947e-01  -3.7047111e-01   2.9515877e-01   0.0000000e+00   3.3535469e-01  -2.4166062e-01   8.7287705e-02   1.9026852e-01   1.4377551e-01  -1.0943807e-01   1.5018820e-01   6.0165388e-01   1.4498820e-01  -3.9628577e-01   2.2957273e-01  -1.0927403e-01  -1.8523763e-01   3.7193552e-01   4.8614555e-02   5.7004779e-01  -2.3015745e-01  -7.8887612e-02   2.5500418e-01  -7.7017168e-02   1.5733771e-01   1.4023226e-01   2.9006439e-01   3.4520090e-01  -6.1652306e-02   8.1766282e-02   3.0642480e-01   4.0993165e-01  -4.9381854e-02   7.3996796e-02   1.2486712e-01  -2.3396540e-01   8.5415669e-02   1.8390720e-01   1.2795737e-01  -5.1758611e-02   3.3066759e-01   3.2472915e-01  -1.4914837e-01   4.7418028e-02   4.3223047e-01   6.1470030e-02  -3.7770102e-01   1.8478861e-01  -9.5553212e-02  -3.4497248e-01  -1.1696496e-01  -1.7389967e-01   1.5066233e-01   7.8390981e-02   4.7790772e-02  -1.0064585e-03   3.5788854e-01  -1.7913302e-01   2.5902931e-01  -2.6396973e-01   2.4309371e-01  -1.9475015e-01   3.7281424e-01   2.6422399e-01   2.4788234e-03   2.2344040e-01   5.6752699e-01   3.2186342e-01   2.7950946e-01  -7.6135639e-02  -8.7530577e-02  -3.2549417e-02   1.0417457e-01  -1.0363580e-01   1.6846366e-01  -2.3192351e-01  -2.3936588e-01   5.7092564e-01  -1.4249401e-01  -8.0641825e-02  -5.8163672e-02   2.8887123e-02   4.5445099e-02   1.2844375e-01   1.2849088e-01   1.5114121e-02  -9.3389198e-02  -5.0284474e-01  -1.8876193e-01   5.5766254e-02   7.0729310e-02  -5.7708608e-02  -2.9689554e-01   3.5544233e-01  -2.4326468e-01   1.5400136e-01   2.7719067e-01   2.3215291e-02   2.1091638e-01   1.7290012e-01   1.3357004e-01   2.3238859e-01   1.2169192e-01  -1.6512575e-01  -1.1809880e-01   1.5053688e-01  -2.4631029e-02   5.7463988e-01   1.8835453e-01   8.1378045e-02  -2.3407164e-01   2.2814107e-01  -3.8805037e-01   3.0330487e-02  -1.2168916e-01   2.1343994e-02   1.1463869e-01   1.6040606e-02  -2.6580907e-01  -1.9369693e-01   2.1892558e-01  -1.3765921e-01   1.0187039e-01   4.8408594e-01  -1.1879880e-01  -3.1050271e-02   9.0094156e-02  -5.5651675e-02   3.1598322e-01  -2.7022026e-01   2.9438184e-01   2.5447186e-02   1.5216744e-01  -6.6023225e-02   4.0221620e-01   2.5899680e-01  -1.2724499e-01   1.1599416e-01  -5.9524394e-02   1.5296234e-01   4.0022157e-01   5.6241587e-01   1.5149565e-02   4.3632098e-01  -1.6430876e-01   3.0410201e-01   1.0091230e-01   8.1302207e-02   2.7487733e-01  -1.5422049e-01  -3.3729027e-01  -3.3670405e-01   2.0930445e-01   1.9450524e-01  -7.5831276e-02  -1.4368260e-01   4.0453164e-01   2.1971444e-01   1.4813053e-01  -1.8562617e-01   1.5089610e-01   1.9025901e-02   5.0138002e-02   1.3185372e-01   1.9637343e-01  -2.2300160e-01  -2.7238838e-01  -6.5935066e-02   2.5229318e-01   2.9136614e-01   9.5776051e-02  -2.0620988e-01   1.0514144e-01  -2.2839564e-01
  -7.9810919e-02  -1.6235208e-02  -1.7820091e-01   1.4142589e-01   1.3543442e-01   2.7379318e-01   3.3535469e-01   0.0000000e+00  -2.8787984e-01   2.9066071e-01   3.6701872e-01  -1.5677619e-01   2.5663187e-01  -4.8499815e-02   4.5638017e-01  -2.3244436e-01  -9.4161404e-02   2.2153316e-01  -8.8826911e-02   7.6650287e-02  -2.2252616e-01   2.5080052e-01   4.9833289e-01  -1.7448593e-01   6.6398425e-03   2.2211374e-01   1.5014078e-02   2.7134520e-01   6.6987093e-02   2.8208204e-01   4.7897702e-01   2.3489450e-01   1.0155168e-01   2.9293799e-01   3.6205324e-01   2.5620312e-01  -2.8418004e-01  -8.9011534e-02  -5.3626059e-01   1.7517095e-01   4.4380937e-01  -3.5499181e-01  -4.0001055e-02   2.7632802e-01   4.0802790e-01  -8.3747421e-02   2.7251643e-01   2.9154580e-01   4.4403270e-01  -2.9871028e-01   1.5795918e-01  -2.5124976e-02   2.1921766e-01  -1.2989212e-01  -2.4664769e-01   3.1936875e-01  -6.5412368e-03   3.4517146e-01   2.6226348e-01   2.0960671e-01  -3.5486944e-02   3.4965916e-01  -1.9015053e-01   4.9039075e-01   1.6618957e-01   3.9226956e-01   3.2962911e-01   2.2633793e-01   3.3070210e-01   1.4662916e-01   2.4749004e-01   2.8693396e-01  -1.3265407e-01  -3.6917163e-02   1.0959323e-01   2.9824700e-01   2.2282165e-02   2.6885933e-01   1.6567504e-01   5.1633707e-02   2.2286333e-01   8.3929044e-02   3.7483516e-01   2.6751380e-01  -1.3975329e-01   1.9254651e-01   2.1539641e-01  -9.3212607e-02  -1.1828327e-01  -3.3234545e-02   8.3084303e-03  -4.2795905e-02   1.3543263e-01   1.7206034e-01  -1.0100761e-01  -4.8048039e-03   5.4469271e-01   1.9666860e-01   3.3604847e-01   2.6759732e-01   1.1527116e-01   2.9858886e-01   4.3260372e-02   1.6190061e-01   1.1984313e-01   1.6501494e-01  -2.8628349e-01   1.4283848e-01   7.7609506e-02   1.7346015e-01   4.1322935e-01   2.8058287e-01   1.4706038e-02  -4.6383261e-01   1.2355035e-01   1.2628591e-01  -3.1733702e-03   2.0341951e-01   9.3581938e-02   5.1302172e-01  -2.3878313e-03   2.2714310e-02  -9.9018705e-02   3.8838694e-01   1.3076364e-01  -1.5829441e-02   2.6878475e-01  -1.0495843e-01   1.0868188e-01  -1.0355166e-01  -2.1724477e-01   5.7643633e-01  -2.2038243e-01   4.6950491e-01   2.8833627e-01   2.9904643e-01  -1.7194291e-01   3.0500115e-01   5.3735114e-01  -2.1519253e-01   7.4016872e-02  -2.3212516e-01   3.1043271e-01   1.9845152e-01   5.6094409e-02   3.4611682e-01   2.6550401e-01   1.4502198e-01   3.8808996e-01  -1.0274778e-01   2.0021587e-01   6.6328448e-01  -1.4706407e-01   4.1210550e-02  -7.6602160e-02  -6.1002127e-02  -9.5898077e-03   3.9224554e-01  -7.2954666e-02   1.3854476e-01   9.2211009e-02   2.5538438e-01   1.6430938e-01   1.6918303e-01   2.0294198e-01   3.1311327e-01   3.1523775e-01   2.3745328e-01  -2.0360572e-01   2.7609844e-01   2.2084111e-01  -8.1221540e-02   3.4155722e-01  -4.8335931e-03  -2.1330063e-01  -2.1863709e-01  -2.7713483e-02
   2.0595968e-01   3.9116173e-01   1.5523072e-01  -5.7460248e-02   2.5189342e-01   3.7608486e-03  -2.4166062e-01  -2.8787984e-01   0.0000000e+00  -5.8747582e-02   7.3985112e-02   3.1920867e-01  -8.9693730e-02  -1.6200571e-02  -2.0281294e-01  -2.6714203e-01   2.3021103e-01  -3.2939470e-01   3.2405959e-01   2.5055374e-01  -1.3898620e-02  -1.6655871e-01  -2.1711574e-01   2.0529102e-01  -1.0557310e-02   1.2959372e-01   2.2058009e-01   9.0784486e-02  -2.5655783e-01  -4.2375258e-02   1.3946234e-01   8.3010713e-02   3.7436031e-02  -6.7744989e-02   5.1541940e-02   9.3151233e-03   1.4642282e-01   4.9650561e-03  -6.6674310e-02  -7.5032776e-02  -1.4683879e-02  -7.0468070e-02   2.2562691e-01  -1.8657211e-01  -4.6672839e-02   3.2407062e-01  -5.3541136e-02   3.4394290e-02  -9.4541761e-02   2.9143425e-02   2.0447768e-01   5.9308537e-02   3.2563770e-01  -2.0081503e-01   5.8475171e-02  -1.5951902e-02   1.0065658e-01   4.8010648e-02  -1.5632939e-01   2.6557099e-01   4.9248598e-01   2.3449545e-01   6.5749567e-01  -6.2112842e-02   1.8055700e-01  -3.6074702e-02  -2.1249766e-01   1.2357509e-01  -8.3264494e-02  -1.3325430e-01   1.7046684e-01   4.4565116e-02  -9.8195047e-02   9.4442848e-02  -1.6843394e-01  -2.0905223e-01   2.7452188e-01   2.7586253e-02   9.8587398e-02   2.3689538e-01  -1.4361908e-01   8.6964385e-02  -2.6312387e-01   1.0733191e-01   6.9669836e-02  -4.7627577e-02   1.3996199e-01  -2.8848211e-02  -2.6628659e-01   3.4254737e-01   6.7684072e-02  -1.7233650e-01  -1.3393548e-01   2.7888314e-01   1.7360247e-02   1.9985668e-01  -3.4705366e-02   1.1915074e-01   1.5767795e-02  -6.2307191e-02   2.1037718e-01  -2.2283569e-02  -1.0507647e-01   2.9211368e-01   2.1059879e-03  -1.2674407e-01   2.1022474e-01   1.0462277e-01  -2.1994516e-01   1.8571005e-02  -2.0524548e-01  -6.6333846e-02   1.6092831e-01   2.6382576e-01  -2.0774932e-01   1.4232161e-01  -1.1413821e-01  -1.7413915e-01  -1.1822017e-02   2.1667002e-02   8.0276650e-02   2.4118796e-01   1.0626487e-01  -3.5403648e-02   4.2235823e-01   1.6588231e-01   4.5782787e-02   1.6151437e-01  -1.0394447e-01   2.9725450e-01  -1.6459489e-01   9.3709478e-03   2.0811803e-01   7.6137256e-02   2.4935930e-01  -4.2436899e-02   2.3995897e-02  -1.6060677e-01  -1.8034147e-01   2.6950769e-01  -2.1226208e-01  -2.1969501e-01   8.0398001e-02  -1.5560624e-01   2.7566380e-02   2.1895314e-01  -3.4330186e-01   1.0817114e-01  -2.2900244e-01  -3.0961119e-02  -2.5102431e-01  -2.8580636e-01  -1.3203439e-02   8.4675096e-02   2.5221596e-01   1.3185555e-01   6.5080586e-02   2.8985246e-01   3.6753994e-02  -6.8273395e-02   3.7957475e-02  -3.6832263e-02   2.7001663e-01  -1.1801761e-01   1.1087889e-01  -3.2336110e-02   1.3809216e-01  -1.2281958e-01   1.6117826e-01   5.2528194e-02  -1.3727048e-01   2.7112570e-02   1.0802169e-01  -1.8102797e-01   7.6937112e-02   1.9404348e-03   2.0762262e-01
   1.2256993e-01   2.8957650e-01   2.7102254e-02   1.2379545e-01   5.9093885e-01   2.3354059e-01   8.7287705e-02   2.9066071e-01  -5.8747582e-02   0.0000000e+00   1.7598577e-01   7.4684987e-02   1.0977971e-01  -2.2933970e-01  -1.7521900e-02  -3.0196883e-01   1.3374722e-01  -1.7827513e-01   1.0918412e-01   4.7633720e-01   9.7020500e-02  -9.7898306e-02  -2.6415102e-02   2.6499378e-02   1.6356730e-02   8.6294671e-02   2.2382795e-01   1.0662933e-01  -2.3460664e-01   4.1712027e-02   2.3141499e-01   1.0391743e-01  -4.8617024e-02   5.2860017e-01   4.6170004e-02   3.2750776e-01   6.2688433e-02  -1.4929941e-01  -2.6041425e-01   2.4820771e-01   3.3757647e-01  -3.8658155e-01   1.0465631e-01   7.4702267e-02   1.7088076e-02   1.9447350e-01   1.4409049e-01   3.7559161e-02   1.1908047e-01  -1.9009259e-01   2.4778461e-01   2.5285668e-01   3.9766416e-01  -1.0115748e-01   5.6845327e-02   2.9076929e-01   1.3532509e-01  -8.4703597e-02  -1.7969477e-02  -4.3326019e-02   2.8403549e-02   1.4108561e-01   3.0700056e-01   3.0153985e-01   3.2698255e-01   1.7887335e-01   2.7385835e-01  -5.8559678e-02   1.7479090e-01  -8.4263587e-02   6.2439170e-02  -4.7472561e-03   3.4511157e-02   2.1240940e-01   6.1863410e-02   1.7970844e-02   1.4259928e-03  -5.7407744e-02   5.0759385e-01   2.9698222e-01   7.0322458e-02  -2.4910813e-01   4.2016813e-01   2.1453915e-01   4.0415520e-02   5.0318212e-02   7.5802453e-02   1.2603630e-02  -9.2288099e-02   1.8815977e-01   2.4255797e-01  -1.5298864e-01   4.1402282e-01   1.8175565e-01  -2.0042492e-01   3.4419926e-01   1.2251272e-01   1.5811087e-01   9.9640602e-02  -4.9233990e-02   8.4578843e-02   1.1638230e-01   3.3346226e-02   1.2618589e-01   2.7172716e-02  -1.8399958e-01  -4.8910075e-01   1.1036103e-01   3.9989060e-01   1.0456744e-01   4.0342321e-01  -3.0760059e-02  -1.9528240e-02  -1.9935570e-01  -4.2641557e-02   4.3843201e-01   5.1705741e-02   2.2593858e-01   1.2619815e-01   3.2793200e-01  -2.0643515e-01   4.2305868e-01   5.3383041e-02  -4.5655553e-02   2.9802552e-01  -8.9470375e-02   3.6088074e-01  -3.8949768e-02  -1.6532943e-01   8.4885214e-02  -1.4042613e-02   3.5060661e-01   1.6561656e-01   2.2650403e-01   1.2277191e-01  -1.2980340e-01  -1.3267234e-01  -5.2748574e-02   2.7005719e-01  -1.7878735e-01  -6.3744417e-02  -8.1394182e-02   8.2784449e-02  -1.9520849e-02   1.5439546e-01   2.5994435e-01   2.3941340e-01   2.9487786e-01   1.2741736e-01   6.3459507e-02   1.1626357e-01   3.3389419e-01   2.7234071e-02   1.7065077e-01   1.5046230e-01  -1.8560466e-01  -2.2825694e-01   4.2024676e-01  -1.6692986e-01   8.8767007e-02   4.5837651e-02   2.8240346e-01   3.4689407e-01  -1.7093212e-01   6.7733519e-02   4.6538226e-01   4.9285617e-01   3.1626881e-01  -3.4848431e-01   3.2369068e-01   5.8009800e-01  -1.4015540e-01   1.6913800e-01   5.2945070e-02  -1.4995245e-01  -2.1863747e-02  -1.5004496e-01
  -3.3294140e-01  -6.5176043e-03  -2.3801604e-02   2.6564937e-01   9.8897209e-02   3.1489641e-01   1.9026852e-01   3.6701872e-01   7.3985112e-02   1.7598577e-01   0.0000000e+00   3.5415372e-01   4.0787231e-01   4.2902657e-03   2.0681290e-01  -2.2655382e-01  -2.2772879e-01   2.6991039e-01   5.5337156e-02   1.4741193e-02  -2.1691923e-02   3.6573738e-01   3.2389768e-01   2.4141708e-01   5.0231957e-02   4.9204179e-01   2.7692963e-01   4.6136179e-02   7.7246476e-02   4.0713309e-01   4.2426958e-01   8.5064735e-02  -2.3454703e-01   8.5478388e-02   3.2997278e-01   3.3070574e-01   3.7567879e-01   2.3468004e-01  -1.6736407e-01   3.3617645e-01   5.0553382e-01  -3.5408335e-01  -7.5598410e-03   1.6921763e-02   3.8408311e-01  -1.7686243e-01   6.6058873e-01  -4.5502095e-02   5.2383361e-01  -3.8121377e-01   3.7932599e-01   1.0261672e-01   1.5569884e-01  -1.6223289e-01   1.4233066e-01   2.6516246e-01   2.2736838e-01   5.0597473e-01   5.1415270e-01   3.3880565e-01   1.8780188e-01   4.4582350e-01  -5.9260785e-02   3.1417627e-01   2.7814182e-01   4.9115015e-01   8.7381913e-02   1.9181520e-01   7.4782024e-01   2.2626824e-01   6.7487361e-02   5.4887656e-01   1.8630770e-01   3.4241475e-01   4.9517452e-01   5.3066723e-01   1.3693247e-01   5.2858936e-01  -2.6750233e-02   3.5758035e-01   1.6560411e-02   9.5891748e-02  -4.4525490e-02   3.5252530e-02   1.8109369e-01   5.4712510e-01  -3.0065522e-01   3.3902384e-01   1.5956021e-01  -5.5652358e-02   1.9016300e-01  -3.4951527e-01   3.8833420e-02   4.9807770e-01   3.9809287e-01   6.7805595e-02   4.1675919e-01  -3.8169730e-02   6.2717573e-01   4.0407125e-02   3.9950149e-01   4.9903406e-01   1.2619670e-01   5.1823480e-01   3.2871487e-01   3.4883476e-01  -1.8863174e-01   4.0440322e-01   4.7861942e-02  -5.9042302e-02   1.9683036e-01   4.8861518e-01   4.4722632e-01  -3.7734121e-02   2.4836495e-01  -2.3117669e-02  -9.3240620e-03   5.7480090e-02   8.5353596e-02   3.9297828e-01   1.9866769e-01   1.7485408e-01   3.6166668e-01   3.4486505e-01   2.2581153e-02   2.7580579e-01   3.4155984e-02  -2.4726274e-01   6.5197706e-01  -7.1295665e-02   2.9820193e-01   2.0308291e-01  -4.4396053e-01   2.7766025e-02   3.3900366e-01   4.1077213e-01   7.8316579e-02   2.6692204e-01   6.5905162e-01   1.4424523e-01   4.8578237e-01   1.1299629e-01   6.4405867e-01   6.0166421e-02  -7.6636451e-02   5.9920541e-01   1.8736183e-02   2.6528539e-01   3.5746029e-01   1.4246658e-01   2.3840123e-01   1.8576495e-01   4.6518457e-02   2.5526615e-01   6.0944015e-02   3.6280377e-01   3.3868611e-01   2.2798055e-01  -3.3143086e-01  -1.0156030e-01   1.8951825e-01   6.2232890e-01   4.8515378e-01   5.2658521e-01   5.3548024e-01   2.3166951e-01   5.3667282e-01   1.9094196e-05   1.5316340e-01  -4.5924253e-02  -1.1322195e-01   5.9181048e-02   5.6946919e-01   7.6440645e-02   3.3778209e-01  -1.2747026e-01   4.8892814e-01
  -2.5407227e-02   2.9336906e-01   2.9924745e-01  -5.8099018e-02   1.4288984e-01   2.5758848e-01   1.4377551e-01  -1.5677619e-01   3.1920867e-01   7.4684987e-02   3.5415372e-01   0.0000000e+00   1.9645097e-01   5.5880676e-02  -7.8406207e-02  -1.4300755e-01   2.3641774e-01   6.2778128e-02   8.4972819e-02   2.1687963e-01  -2.0019102e-02   1.7198586e-01  -1.5678086e-02   3.4258175e-01   1.9949889e-01   2.2249399e-01   1.1052436e-01   2.3437265e-01  -1.3715399e-01   1.7820972e-01   1.6975271e-01  -1.4516053e-01  -1.9910662e-01  -8.9841950e-02   3.3617989e-01   1.4020392e-01   3.4782920e-01   7.1576160e-02  -7.2380285e-02   2.7466754e-01   5.3681217e-02  -1.2315795e-01   4.6083546e-01  -1.4273096e-01   5.4331048e-02   9.9493759e-02   3.8327360e-01  -9.7088859e-02   1.6338587e-01   4.3712681e-02   2.4050863e-02   1.5383827e-01  -4.0204231e-02   1.3066879e-01  -1.3113238e-01   1.2520451e-01   1.2182537e-01   1.6596680e-01   8.8565150e-03   3.6085946e-01   3.4396209e-01   2.3654476e-01   2.0198821e-01  -1.1823709e-01   1.2278196e-01   3.1029733e-01   1.0364378e-01   1.0162687e-03   3.5928778e-01   2.0095398e-01   2.7093652e-01   2.1660204e-01  -8.5618334e-02   4.1011138e-01   2.2356530e-01   1.8680418e-01   1.2359564e-01   1.7949593e-01   2.7937762e-04   2.3630893e-01   5.7592267e-02  -3.1507780e-03  -1.7869956e-01  -8.3746270e-02   1.9831733e-01   2.8938587e-01  -1.5679845e-01   3.0811365e-01   1.9031857e-01  -7.5654286e-02   2.0471261e-01  -2.0422114e-01   1.0345403e-02   5.6823700e-01   1.5101832e-01   1.9443676e-01   1.4113995e-02   3.6495850e-04   2.7216089e-01  -1.2780114e-01   2.4414836e-01   2.9604472e-01   1.4638408e-01   4.6419340e-01   1.1792782e-01  -1.2176098e-01  -3.2788999e-02   2.4146344e-01   2.6387146e-01  -1.2347568e-01   4.3917582e-02   1.7801819e-01   3.6635911e-01  -3.5983211e-02   1.9033437e-01   4.4114269e-02   2.8515753e-02  -1.6254122e-02   9.6984990e-02  -3.6237406e-02   2.7493461e-01   2.8903725e-01   5.0625014e-01   1.8554511e-01   4.0967496e-02   4.2901120e-01  -3.8829278e-02  -2.5293843e-01   3.1504588e-01   4.4516285e-01   9.0754694e-02  -2.2481941e-02   1.8596579e-01  -1.0333358e-01   3.7060369e-01   1.3093004e-01   1.0900873e-02  -2.0121082e-03   3.0091219e-01   7.3630657e-02   3.8041548e-01   1.2159485e-01   9.5461866e-02   2.7772989e-01   8.5793400e-02   1.8579593e-01   1.8267075e-01   2.5860606e-02  -1.4870299e-02   8.3261606e-04   1.9722819e-01  -1.8023109e-01   9.9057850e-02  -1.3619426e-02   4.6206944e-01   4.0065841e-01   3.2521200e-01  -1.5258000e-01   6.4325203e-02  -1.3173240e-01   3.2158647e-02   1.9541956e-01   4.3282539e-01   1.0390845e-01   4.1413926e-01   1.5954136e-01   3.5511943e-01   1.0227635e-01   2.2032971e-01  -2.4409991e-01  -2.4656721e-02   2.8706934e-01   2.1680336e-01   2.9657293e-01   2.4581267e-01  -2.0538939e-01   2.9814359e-01
  -7.2075210e-02   2.0896949e-01   4.5596522e-02   4.5044987e-03   2.2909546e-01   2.0208519e-01  -1.0943807e-01   2.5663187e-01  -8.9693730e-02   1.0977971e-01   4.0787231e-01   1.9645097e-01   0.0000000e+00  -2.0563670e-01   1.0756965e-01  -3.5934670e-02   4.6664934e-02   2.1216764e-01  -1.1873275e-01   2.2538528e-01  -2.5248020e-01   2.1887527e-01   2.1550283e-01   3.6957413e-02   2.6357565e-01   1.0859131e-01   3.6506621e-01  -1.2225006e-01   3.1599021e-02   3.1535415e-01   3.0090702e-01   2.0528391e-01  -4.8026627e-02  -1.3056969e-01   7.6777080e-02   3.5407087e-01   2.0529395e-01  -5.4202209e-02  -1.1334061e-01   3.6435555e-01   3.7120039e-01  -1.7718645e-01  -4.4611596e-03   1.6273813e-01   3.5147282e-01  -1.6183352e-01   4.4429443e-01   8.1852845e-02   4.4878368e-01  -2.9619033e-01  -3.8919606e-03   1.0964258e-01   2.1089303e-01   2.2245696e-01  -1.2169396e-01   2.2372830e-01   2.2228145e-01   2.8750776e-01   3.3871811e-02   8.0418358e-02   9.5281349e-02   4.1160687e-01  -3.9904087e-02   1.4553057e-01   2.7897895e-01   4.5039337e-01   2.8483892e-01  -1.0149666e-02   5.8924402e-01  -6.5697503e-03  -5.9057218e-02   1.1225164e-01  -1.2509810e-01   1.7765213e-01   2.8054257e-01   1.5688357e-01   1.5512261e-01   2.3612515e-01   1.5761981e-01   3.1160557e-01   1.3017428e-01   4.9685882e-02   1.5097469e-01   8.4364216e-02   2.7834246e-01   2.8611495e-01  -2.4800439e-01  -1.7040634e-01   1.7786463e-01  -2.7337644e-01   2.0034094e-01  -1.6060115e-01   2.3793613e-01   3.9145644e-01   8.1097296e-02   1.9426827e-01   2.1361997e-01   1.9630497e-01   3.1837153e-01   1.4167958e-01   2.0477839e-01   3.9280409e-01   2.0112953e-01   9.1110471e-02   2.1348860e-01  -4.7554015e-02  -1.1864721e-01   4.1866685e-01   1.2666624e-01   1.7271665e-01   7.7108818e-02   3.5558038e-01   7.5332712e-02  -3.3702310e-01   2.0691331e-01   9.5742383e-02  -8.7437416e-02   4.4132022e-01   2.0354563e-01   2.7006839e-01   1.1560728e-01   1.5619161e-01   2.7660710e-01   3.4223388e-01   1.3271751e-01   1.2402872e-01  -8.3293322e-03  -2.8573074e-01   3.4488332e-01  -5.7067698e-02   1.5228743e-04   1.3538867e-01  -1.0152715e-01   6.0263349e-02   4.7044303e-01   5.0527360e-03   2.3653634e-01   2.9988923e-01   2.6436698e-01  -4.3227392e-02   2.0062380e-01   1.4929424e-01   3.5428470e-01   4.6161304e-02  -2.9662794e-01   3.9123291e-01  -4.0868174e-02   8.3700209e-02   3.8016469e-01  -2.6765516e-02   1.4676763e-01   2.9784547e-01   7.3882687e-03   3.3556093e-01   2.6355949e-01  -3.2846564e-02   1.0330779e-01   1.3466182e-01  -9.3057160e-02   5.6481485e-02  -1.5834224e-01   3.2586069e-01   3.6339378e-01   3.9089516e-02   4.8845303e-01   3.1679340e-01   1.8317510e-01   1.6596962e-01  -4.7938553e-03   9.2336044e-02  -6.5124303e-03  -1.6325123e-01   2.5853946e-01   1.0762403e-01   1.1237470e-02  -3.9078673e-01   3.2217999e-01
  -8.4865855e-03  -3.7177140e-01   1.2184572e-01   5.4663752e-01  -3.8614220e-01   2.5018617e-01   1.5018820e-01  -4.8499815e-02  -1.6200571e-02  -2.2933970e-01   4.2902657e-03   5.5880676e-02  -2.0563670e-01   0.0000000e+00   1.1065592e-01   1.6383381e-01  -1.7569691e-01   2.1917937e-01   5.6246167e-02  -2.8024234e-01   3.1011525e-01   3.0251233e-01   1.8780107e-01   2.9742251e-02   2.6318173e-01   1.8046008e-01  -3.2685304e-01   2.5511071e-01   1.9992126e-01   1.9104168e-01  -3.6116543e-02  -1.0012586e-01  -2.6617654e-01   8.4654193e-02   2.2421097e-01  -3.7815415e-01   8.4521480e-04   2.2522531e-01  -1.4463260e-01  -9.9848906e-02  -8.1999663e-02   8.3819847e-02  -1.3824622e-02   8.3311230e-02   1.7378900e-01  -5.1243323e-02  -6.4624665e-02  -5.5117968e-02  -3.5188610e-01   1.3679846e-02   1.9438795e-01  -2.7542722e-02  -2.5028214e-01  -4.0946669e-02   2.1358179e-01   1.8193297e-01   2.7377432e-01   1.5842794e-01   2.2511032e-01   1.2738339e-01   1.1908963e-01  -1.5541745e-01  -1.5513189e-01  -2.8061539e-01  -2.3394385e-01  -1.5615618e-01  -7.1083653e-02   2.1770912e-01   1.2783037e-01   4.5255508e-01  -7.0528081e-02   4.2486534e-01   1.6570221e-01   2.6967270e-01   2.1861078e-01   1.2920252e-01   5.6573551e-02   4.0775333e-02  -4.0365254e-01  -7.4797321e-02   2.6743619e-01  -2.1815177e-01  -3.9594858e-01   7.8972060e-02   1.9758766e-01   1.1913491e-01   5.7865912e-02   4.7499401e-01  -1.0545240e-01  -1.3026501e-01  -3.6963780e-01   1.3875524e-02  -2.0805471e-01   9.4579801e-02   2.4813984e-01  -3.5545893e-01   2.9737267e-01   2.7131888e-02   1.5928933e-01   1.7828188e-01   2.1723226e-01  -3.0273582e-02   3.0137899e-01   1.4328478e-01   8.4358384e-02   4.6447783e-01   3.8033767e-01   1.0133240e-01   1.6607842e-01  -2.4712614e-01   7.6366489e-03   3.6035453e-01   3.9845530e-01   2.0784461e-01   3.5391916e-01  -4.7273958e-01   2.8627656e-02  -1.4040875e-01   1.1325566e-02   1.4228862e-01   3.8673311e-01  -1.9349200e-01  -2.5497647e-02  -7.8604925e-02   2.6189998e-02   2.1718097e-01  -1.2451194e-02   2.8281157e-03   2.5797786e-01   6.6413750e-02  -1.9093726e-02  -1.6861735e-01  -1.8646668e-01  -1.8136479e-01  -3.6371872e-02  -4.5288397e-02  -3.2067786e-03   3.6933068e-01  -4.9209273e-02   9.3198213e-02   2.3373790e-01  -2.1144436e-01   3.2429549e-02   3.5822785e-01   1.3445862e-01   3.9852566e-02   2.0581594e-01  -3.8650228e-01   3.2495943e-02   7.3124623e-02   3.5279174e-01   1.4080699e-02   2.8552405e-01  -3.6908643e-01  -2.2350056e-01   3.8491385e-01   5.2834367e-01  -1.7763819e-01  -1.5521679e-01   1.9914031e-01   5.3806723e-01  -1.9227204e-01  -2.9987971e-01   3.0176610e-01   2.1691574e-02  -2.8224776e-01  -1.9891717e-01   5.0886071e-02   3.7106881e-01  -2.9121864e-01  -3.5729218e-01   3.2684843e-01   1.9579608e-01   3.0638387e-01   1.7518467e-01   1.4405952e-01   7.0761067e-02
