   0.0000000e+00  -1.7739027e-01   7.2441125e-02  -2.4187647e-01  -1.3023464e-02  -2.8564080e-02  -3.6031916e-01   5.7903033e-01   4.1213399e-01  -8.7567505e-02  -3.7848127e-01  -1.0727344e-01  -6.1913582e-02   7.9661369e-02  -2.2698461e-01  -8.4120669e-02  -6.0578431e-03  -2.0417093e-01   2.2565068e-01  -6.5911821e-02  -4.3631581e-01  -4.3526488e-01  -1.5080605e-01   7.0736674e-01   1.4298553e-01   3.2713856e-01  -4.5267351e-02   6.3124580e-02   1.7264420e-01  -3.4483124e-01  -1.2441918e-01   2.6156289e-01   3.3700321e-02  -1.6263138e-01   1.2746910e-01   2.2983873e-02  -3.0081133e-01   4.1841749e-01  -2.6318011e-01  -2.6230604e-01  -1.3712956e-01   1.2648811e-01   1.4353877e-01  -1.4478762e-01  -2.2122776e-01   7.0410965e-01  -1.1610361e-01  -3.3160580e-01  -3.0850854e-01  -2.1831792e-01  -1.3750152e-01   3.1151264e-01  -2.2641110e-01   2.3634885e-01   1.0537536e-01  -2.7854899e-01   1.0130056e-01  -2.2738261e-01  -3.0844222e-02   2.6449818e-01   3.1933273e-01  -1.7269310e-01   2.2350032e-01  -2.2336732e-01  -1.6343578e-01  -2.3027358e-01  -1.1603909e-01   1.4064334e-01  -6.0158970e-02   7.2604905e-01  -2.4480721e-01   3.2095292e-03  -7.6692925e-02   5.6346830e-01   5.9114050e-01   3.6427309e-01   1.4903608e-01  -5.3283270e-02   5.0449091e-02  -1.7812405e-01  -3.7480818e-01  -1.6253016e-01  -5.6129699e-01   2.1400647e-01   1.6774763e-01   4.5199510e-01  -1.1532054e-01   6.1138641e-01   1.6053937e-01   7.4518573e-01   1.3198512e-01   2.8882730e-01  -5.7967618e-02   1.3318661e-02   4.7102672e-01   1.5709736e-01   7.1623366e-02   3.2106864e-01  -2.3950834e-01  -1.8745979e-01  -2.2015118e-01  -1.3786374e-01  -4.2554742e-01   3.8993638e-01  -2.8653245e-01  -3.6859027e-02   3.8771965e-01   3.3100889e-01  -3.8723237e-01  -4.6694850e-01  -3.0337066e-01  -3.7954765e-01  -5.5210285e-02   8.4253685e-01  -2.0673282e-01  -1.3018547e-01  -5.2343607e-02   2.4124407e-02  -4.4131377e-01   1.2282317e-02   6.5784761e-01   1.3309792e-01  -8.8581383e-02  -2.2515219e-01   6.4043728e-01   6.3420915e-01  -4.7839279e-01   1.8108853e-01  -9.4519181e-02   8.9718899e-02   5.6580658e-02  -2.5008735e-01   8.4904787e-03  -4.3148153e-01   7.0964987e-02   4.9735720e-01   2.7144329e-01  -4.4258708e-01  -1.6841110e-03   5.6634531e-01   6.1183735e-01   3.3903847e-01  -1.4364755e-01  -4.0064848e-01  -3.7824823e-01  -1.9328460e-01  -2.3867208e-01  -2.3748624e-01  -3.2599621e-01  -3.5314110e-01   4.7975993e-01  -2.3508997e-01   4.1266814e-01  -5.4665233e-02  -1.1408851e-01   7.5638016e-01   5.4394380e-01  -1.9943119e-01   2.1571243e-01  -1.5928781e-01   8.3757542e-02   2.7025714e-02  -4.7070173e-02  -4.6574151e-01  -1.5693531e-01  -1.2913236e-01  -2.5209115e-01   1.1444767e-01   1.1309178e-01  -1.2174024e-01  -1.5274578e-01   3.7773118e-01  -1.4809211e-01  -3.2901194e-01   2.6339874e-02   3.0534582e-01  -1.0372713e-01
  -1.7739027e-01   0.0000000e+00   2.7261104e-01  -1.7626809e-03   4.1854243e-01  -5.1276286e-02   1.9848564e-01  -1.3510535e-01  -4.2664464e-02   2.4715997e-01  -2.3836344e-01   6.0695262e-01   1.0437363e-01  -2.1588541e-01   7.9797256e-02  -2.0956697e-01   2.0545414e-01  -4.0760874e-01  -3.9923913e-01   3.6043527e-01  -6.1784337e-02  -2.5906350e-01  -2.0809720e-01  -1.1141980e-01  -1.0746126e-02  -1.7392130e-01   3.9709442e-02  -5.2467742e-02   1.5203113e-01  -2.6903822e-02   2.1644823e-01  -1.7715460e-04  -3.2928783e-02   4.9284653e-01  -4.3077729e-02   1.1566195e-01   4.1996635e-01  -2.2513797e-01  -2.2719203e-01   4.1481991e-01   1.5645475e-02  -1.2056499e-01   4.9364072e-01  -2.6891646e-01   1.7422094e-01  -1.1345218e-01  -4.0962899e-01   4.0610964e-01   3.7553578e-01   4.3920633e-01  -1.0420133e-01  -5.2692531e-02   9.3761802e-02   1.1365828e-01  -3.6111822e-01  -1.3940142e-01  -2.3383321e-01  -1.6812573e-01  -6.7636069e-02  -5.5089112e-02  -1.9290539e-01  -5.9157484e-02   1.6947117e-01   1.3678395e-01   1.9773861e-01  -2.2359819e-01  -9.3121133e-02  -7.8278332e-02  -3.2837652e-01  -1.1457741e-01   6.3053872e-01  -1.9505617e-01   2.7816177e-02   8.3418711e-02   6.9352237e-02  -5.7426913e-02   8.1732072e-02  -2.3363655e-01   5.7584707e-01   6.2448824e-03  -2.1084447e-01   2.7055333e-01   4.7721655e-02  -1.0954064e-01   2.0029637e-01   1.4088007e-01   1.1331285e-01  -7.1347108e-02  -8.6842984e-02  -2.2572495e-01   5.4927011e-01   9.6750669e-02   4.5626711e-01  -1.0747315e-01  -1.4520654e-01   4.4086239e-01   1.2478865e-01  -3.2617509e-01  -1.1532510e-01   6.3763883e-03  -7.6472883e-02   1.0468418e-01  -8.2019013e-02   2.5420436e-01  -2.1062368e-01  -1.7084467e-01   5.2830853e-02  -3.1590730e-01   2.6198834e-01  -1.2046650e-01   1.1248057e-01  -3.0739754e-01  -1.5403163e-01  -1.6875094e-01  -2.3374336e-01   5.9956784e-01  -2.9690480e-01  -1.2896893e-01  -2.4324837e-01  -2.4935804e-01  -8.8792134e-02   4.4162902e-01   2.1085112e-01   1.2802297e-01  -8.3420601e-02  -1.0319761e-01  -1.8673843e-01  -4.9578910e-02  -2.9181071e-01  -3.2678128e-01  -2.4623411e-01   3.5257543e-01   2.6175083e-01  -3.5306554e-02   8.7722628e-04  -1.5522412e-02   4.3552026e-02   5.8611140e-02  -4.1284761e-01  -1.6020101e-01  -1.8270457e-02   3.0550465e-03  -3.6682227e-01  -2.4158926e-01  -1.4771231e-01  -1.2996100e-01   5.5794871e-01  -2.3777984e-01  -1.6545262e-01  -5.7512719e-03   8.2435745e-02   1.4190652e-01   7.7798489e-02   7.5287012e-02   5.9698140e-01  -2.4405020e-01  -5.1009059e-02  -6.1888237e-03  -6.8876446e-03  -2.8798866e-01  -1.1797059e-01  -4.2459823e-01  -3.0220731e-01  -2.4838463e-01  -8.9267095e-02   5.5791385e-01  -5.1760129e-02  -9.6109428e-02   1.2623334e-02   5.0177423e-01   5.6282875e-01  -1.3313619e-01  -2.2813957e-01  -1.2871524e-01   1.4929992e-01  -2.1582606e-01  -1.7680490e-01
   7.2441125e-02   2.7261104e-01   0.0000000e+00  -2.7599138e-01   4.7180845e-02   3.7004783e-01   8.4991784e-02   1.4082736e-01   1.0239787e-01   3.5151549e-01  -4.1537036e-01   7.4290581e-01  -8.4785274e-02  -1.3527936e-01   3.6361969e-01   2.5744440e-03   7.4116932e-01  -5.0052402e-01  -1.8626633e-01   2.0655475e-01  -4.0600459e-01  -2.5388315e-01  -2.0082617e-01   1.3250149e-02   7.2897925e-02   9.2329260e-02  -4.6278722e-02   5.3812354e-01  -4.1911088e-02  -3.5133834e-01  -1.0479856e-01   1.9357590e-02   2.7746226e-02   3.8553754e-01   2.8469188e-01  -2.1479002e-01   8.5940734e-02   1.3813584e-02  -2.4399712e-01   4.5109798e-01  -2.7870425e-01   1.7791348e-01   2.8651272e-01  -1.7645324e-01  -1.9156114e-01  -4.9003452e-02  -2.7921036e-01  -8.4469895e-02   1.0994640e-01   4.8410580e-01  -1.4740681e-01   1.5709992e-01  -4.0458186e-01   2.2672048e-01  -2.2214186e-01   4.1396724e-02   1.5509700e-01  -5.0598482e-02  -3.1085412e-01   3.5034409e-01  -7.4913249e-02   8.3538179e-03   1.3837547e-01   1.3204674e-02  -4.5280510e-01  -1.8594314e-01   5.7660092e-02  -6.3075952e-02  -3.7897832e-01   3.4503295e-01   4.6431170e-01  -5.6932247e-01  -1.6192810e-02   3.6061438e-01   2.2639105e-02   1.2823648e-01  -6.3948098e-02  -1.5558565e-01  -4.4753147e-03  -1.0181564e-01   2.4276736e-02   3.2199424e-01  -1.5377735e-01   1.9802574e-01   4.2992929e-01   1.2952644e-01  -1.2590964e-01   1.6332350e-01   2.0782146e-02  -1.6492263e-01   9.4294489e-02   2.5778864e-01   6.5284224e-01  -7.3779502e-02  -7.6630333e-02   2.8849653e-01  -1.8467433e-02  -2.0261532e-02  -1.2973291e-01  -1.0758656e-02   1.2609668e-02   9.2202965e-02  -2.8135042e-01   1.7783689e-01  -1.7936559e-01  -4.4765508e-02   2.5122968e-01  -1.6052224e-01   4.2346225e-01  -3.1057569e-01   1.5433590e-01  -2.2356517e-01  -2.3423196e-01  -6.8080825e-02   1.5950956e-01  -9.7861770e-02   1.8278181e-01  -7.6627979e-03  -2.5445128e-01  -2.5540357e-01   4.7746317e-02   5.2457416e-01   3.3559787e-01  -2.8666448e-01  -1.3601213e-01   2.8501498e-02   5.0463833e-03   2.2751150e-01  -3.8478885e-01   2.8763826e-02  -2.2120562e-01  -2.9048571e-01   1.8102092e-01  -3.2985125e-01  -1.4040007e-01   9.0816530e-02  -2.5098112e-02  -1.4940750e-01  -2.7938005e-01  -9.1819103e-02  -3.8492928e-02  -1.6213066e-01  -1.8123436e-01   1.5199280e-01   3.9915399e-02  -2.9321162e-01   6.1742366e-01  -3.7963126e-01   9.5285857e-02  -2.7186628e-01   2.8418663e-01  -1.7350482e-01   1.5433973e-01  -4.0332720e-01   6.7110456e-01  -1.2344015e-01  -3.3042972e-02   1.6161238e-02   1.8353515e-01  -1.8041935e-01  -5.0503312e-01  -1.4633276e-01  -3.0329690e-01  -3.6430567e-01   8.1226218e-02   2.2138708e-01  -6.6766605e-02   8.4056799e-02   1.4840202e-01   3.8219280e-01   2.2305376e-01  -7.1813031e-02  -4.7328269e-01   5.6854668e-02   4.5594913e-02  -1.2341405e-01  -1.1766739e-01
  -2.4187647e-01  -1.7626809e-03  -2.7599138e-01   0.0000000e+00   4.9850129e-02  -3.9809708e-01   1.8245664e-01  -1.8939002e-01   1.4592242e-01  -4.3024718e-01   2.6745089e-01  -1.4658368e-01  -1.9648251e-01  -2.9013235e-01  -2.2317580e-02  -1.5741599e-01  -1.0450658e-02   3.8724475e-02  -6.5842868e-02   8.6284955e-02   2.4388018e-01   9.8437260e-02  -7.2595396e-02   1.4718508e-01   4.1069250e-02   1.5274056e-01   7.1725260e-02  -1.8339097e-01   6.5681086e-03   2.5862222e-02   3.4606990e-02   2.0665966e-01   2.7505281e-01  -5.9414440e-02  -1.2511877e-01   7.8428207e-02   8.2526685e-02  -2.3870469e-02   9.1494860e-02   6.5946355e-02  -1.3994986e-01   2.2223031e-01   8.0999881e-02  -1.2482233e-01  -2.2102178e-01  -5.9273636e-02   2.6789111e-01   2.8169960e-01  -1.9392501e-01  -2.8993676e-01  -5.3103031e-02  -2.3968514e-01   2.1629600e-01   1.0149678e-02  -2.1692732e-01   1.0357327e-01  -3.7909362e-01   2.9739920e-01   1.6428797e-01  -1.6202284e-01   9.5544083e-02  -3.0429118e-01  -4.6298610e-02   1.3728068e-02   8.8977699e-02  -1.0481578e-01  -1.0411651e-01  -1.9470954e-01   1.2867469e-01  -2.0600106e-01   3.2344806e-02   3.5188442e-01  -3.1911751e-01   2.8871314e-02  -4.4015336e-01  -9.0484927e-02  -1.7266883e-02   2.9116423e-02  -1.9855521e-01   8.7797653e-02  -8.8799527e-02  -1.1902665e-01   2.2669419e-01   3.5925347e-02  -4.4486400e-01   9.2781977e-03   3.7077717e-02  -2.3888142e-01   1.4829288e-01   9.8889629e-02  -2.5665078e-01  -1.1553700e-02  -1.4468132e-01   4.2695853e-01  -9.4823450e-03   4.5098419e-03  -2.8454047e-01   2.2089498e-01  -6.6762034e-02  -2.1405113e-01  -2.6109234e-01   1.3782486e-01   1.2784573e-01   4.3407321e-02   1.7833281e-01   4.0296813e-01  -3.4320686e-01   1.4188288e-01  -7.3873700e-02   5.6147938e-02   3.8478861e-02  -2.0460780e-02   5.8193567e-01  -8.5677725e-02  -2.9854990e-01   3.3516936e-02  -7.5565804e-02  -3.0285915e-01  -4.3619360e-02   2.1477465e-01   1.2155931e-01  -3.1663352e-01   1.2934945e-01  -7.8621479e-02   3.4294510e-02  -1.4898263e-01  -1.1567520e-01   1.3364166e-01   3.7752534e-01   1.6326227e-04  -1.3104181e-01   1.3120280e-01  -1.9670843e-01   1.5115055e-01   4.2262192e-01  -3.6056997e-02  -6.2804050e-02   1.6704426e-01   2.4581869e-01   1.0167150e-01  -2.2359526e-01  -2.6827247e-01   3.7889264e-01   3.4179257e-03  -7.4945775e-02   7.2613554e-03  -2.0015174e-02  -1.6943185e-01  -4.4251712e-02   1.4856610e-02  -3.3595433e-01   1.4683046e-01   1.7368983e-02  -4.5991324e-02  -1.1564614e-01   1.1081516e-01   5.9072391e-02   3.7709239e-02   6.5594248e-02  -4.2269537e-02   1.9371435e-01   5.6139567e-02  -1.2925780e-01   3.7237561e-01   1.3119543e-01  -1.9315755e-01  -1.6905039e-01  -1.4549145e-01  -2.7139729e-01   6.6167269e-02  -2.8941567e-01   1.1489618e-01   1.3250560e-01  -1.3605134e-01  -7.3718214e-02   1.0291122e-01   1.0901655e-01
  -1.3023464e-02   4.1854243e-01   4.7180845e-02   4.9850129e-02   0.0000000e+00   1.3765221e-02  -1.1869343e-01   1.8705635e-01   1.0957859e-01   5.6260884e-02  -1.8451956e-01   3.1576499e-01   7.9629595e-02  -1.4343604e-01   6.5953660e-02  -1.9446153e-01   1.5804797e-01  -2.4924608e-01  -6.2386589e-02   7.4710468e-01  -1.5847029e-01  -6.8688902e-02  -2.0637011e-01  -2.2685092e-02   5.0813342e-02   1.6904819e-01   2.2558505e-01   1.4700430e-01   1.8270184e-01  -1.3868313e-01  -1.2258659e-01   6.1669897e-02   9.1898324e-02   8.9695952e-02  -3.7056432e-01   5.0748499e-01  -2.0294597e-01  -1.8046913e-01  -1.6176334e-01   2.4631354e-01   8.1410726e-02  -9.5285011e-02   3.6222577e-01  -5.5395801e-02  -9.0709521e-02  -3.6362821e-02  -5.9534797e-02   7.4439229e-02   3.7538388e-01   3.3543777e-01   4.1760654e-02   2.1630009e-01  -5.1011814e-02   2.5037168e-01  -2.3547536e-01  -9.9694108e-02  -1.2425034e-01  -4.2728303e-02  -1.3588344e-01  -2.0129846e-01  -2.8179579e-02   8.3263798e-02   1.4644168e-01   1.6917258e-02  -1.5039687e-01  -1.4379617e-01   1.9456667e-01   2.0574927e-01   2.1525767e-02   2.9787148e-02   2.9598692e-01  -5.8734957e-02  -9.1288222e-02   2.0726677e-01   2.3979627e-02   3.6567669e-01  -1.3820436e-01  -2.0495859e-01   5.3378088e-01  -1.2359415e-01  -2.3611052e-01   1.4837514e-01  -2.1739035e-02   5.7630409e-02   3.6583197e-01   3.4567335e-01  -2.5772728e-01   4.8682436e-03  -7.8158606e-02   1.0805215e-02   4.9063356e-01   2.0474480e-01   3.7427516e-01  -1.1065715e-01   1.6531886e-02   6.8831484e-01  -1.0436225e-03  -1.1180554e-01  -1.7389200e-01  -3.6608208e-01   2.4271522e-02   1.4104352e-01  -1.3927043e-04   1.0318208e-01  -8.2288597e-02  -1.3651280e-01   6.6872640e-02  -1.3146860e-01  -5.3571045e-02   3.4592198e-03   1.6786705e-01  -2.6349383e-01  -7.9847976e-02  -4.1964375e-02  -1.4745422e-01   4.4315712e-01  -3.0190811e-01   2.1193148e-02  -3.2782980e-01  -7.5778907e-02  -5.6151605e-02   5.4885260e-01   1.5359025e-01  -1.5382511e-01  -7.9804225e-02  -7.0953952e-02  -1.7157130e-01   1.9931766e-01  -1.8492712e-01  -4.1506418e-01  -1.8072706e-01   2.2971962e-01   2.2934354e-01  -3.2781001e-01   3.5905893e-02   3.4370144e-01   1.6860768e-01  -2.0056990e-01   2.2477529e-02   7.2299869e-02  -1.5090822e-01   1.9917986e-01  -2.4788833e-01  -3.3810895e-01  -3.9412074e-01  -1.6303617e-01   2.2723595e-01  -1.3185966e-01  -8.0968783e-02  -4.2732554e-01   2.5459083e-01   1.3736022e-01   2.6169222e-01   1.6882813e-02   1.2177334e-01  -1.3384593e-01  -9.8067836e-02  -2.6005480e-01   2.2586670e-01  -1.5144926e-01   2.2794265e-01  -2.1179266e-01  -1.3525589e-01  -2.1409368e-01  -2.2605308e-01   2.1427986e-01  -1.7779074e-01   2.2922983e-02   6.7853558e-02   4.5797222e-01   3.3420341e-01  -1.5871821e-01  -1.1761974e-01  -5.4503460e-02   3.0970893e-02   4.4804446e-02  -1.3931049e-01
  -2.8564080e-02  -5.1276286e-02   3.7004783e-01  -3.9809708e-01   1.3765221e-02   0.0000000e+00   4.2995383e-02   1.2144531e-01   1.1194572e-01   5.5634957e-01   8.2337709e-02   3.1163861e-01  -6.4320329e-03  -1.1932881e-01   4.9063983e-01   5.1367303e-01   1.7431565e-01  -5.4956388e-02   9.9892292e-02   1.4685216e-01  -3.4816617e-01  -1.7722673e-01  -7.6745953e-02  -3.1738990e-01  -1.9529221e-01   6.1918432e-02   4.7538478e-01   1.0186463e-01  -2.1630546e-01   8.4309064e-02   2.5506359e-02   2.5105785e-02  -1.1710571e-01   1.4600587e-01   1.7834383e-01   3.2118599e-01  -1.5479848e-01  -1.6940182e-02   2.5492413e-01   2.6909009e-01  -8.2847124e-02  -1.3245399e-01  -4.8891079e-02   1.6382223e-01  -9.6490822e-03  -3.1258829e-01   2.8909997e-01  -1.5499453e-01   1.5267606e-01   1.1641645e-01   2.4506385e-01  -6.0267809e-02  -4.6706555e-01   4.7274222e-02   2.1923507e-02  -5.8397229e-02   6.7124876e-01  -1.3108612e-01  -2.9076365e-01   3.1674824e-01  -6.8297739e-02   2.6864689e-01   3.4972530e-01  -1.2576831e-01  -2.9184857e-01   2.4592415e-01   5.3430560e-01   2.9991504e-01   4.5124934e-02  -1.2294608e-02   1.9382787e-02  -6.3745624e-02   2.1799267e-01  -2.4711560e-01   1.3147574e-01  -3.9563940e-03  -3.4537863e-01   3.5566092e-02   1.7208192e-01  -2.2795717e-01   6.1549771e-02   1.9036104e-01   8.9385588e-02  -1.2418596e-01   4.4211647e-01  -5.1776228e-02  -3.2663023e-01  -4.0728830e-02   2.6174689e-01  -2.0903776e-01   4.2281331e-02   2.4039852e-01   3.4710678e-01  -1.4728977e-01  -2.5009690e-01  -4.9337027e-02   1.1010916e-01   2.0786139e-01   1.9717523e-01   8.2712641e-02  -3.7798462e-02  -4.7058831e-02  -1.8919034e-01  -3.2947183e-02  -6.4605181e-02  -2.3284901e-01   3.9185154e-01   2.6764988e-01   1.0404628e-01   1.6391075e-01   1.9321182e-01   5.9660772e-02  -1.7422707e-01  -1.1602412e-01   2.3323847e-01  -3.2890048e-01   4.6776065e-01  -2.0188891e-02  -2.5319442e-02  -3.0187334e-02  -2.7371940e-01   1.1754403e-01   9.7074431e-02  -1.5091703e-01  -2.8516921e-01  -1.4299229e-01   8.1582648e-02  -2.5371158e-02  -1.9180789e-01   1.7156961e-01   2.1687212e-01  -1.5580822e-01   2.8409044e-01  -1.0329564e-01  -1.1472634e-01  -8.3218859e-02   6.0801994e-02  -1.6581392e-01  -1.3979454e-01  -4.0087132e-01  -2.3635334e-01   1.3157347e-01  -8.8144639e-02   4.5111366e-01   1.5042131e-01  -1.3739158e-03   2.9732867e-01   2.1190049e-01   2.6807345e-01  -5.4678089e-02   1.5116060e-01  -2.8907670e-01   2.4210705e-02   6.4604496e-02   3.5562273e-01  -2.3570148e-01  -3.4450149e-01  -5.6394056e-02   1.6913397e-01  -5.1991425e-02   7.9861150e-02   3.3948710e-01   2.0157436e-01  -5.5286895e-02   2.1670987e-02   2.3794302e-01   1.6877938e-01  -1.5028126e-01   3.1258280e-01  -8.2139037e-03   2.4462477e-01  -1.9435690e-01   3.7063690e-02   3.8855455e-01  -1.9959297e-03   3.2152525e-02  -1.0909334e-01
  -3.6031916e-01   1.9848564e-01   8.4991784e-02   1.8245664e-01  -1.1869343e-01   4.2995383e-02   0.0000000e+00  -1.1512513e-01  -5.2345939e-03   2.7847742e-01   1.6254709e-01   2.9324561e-01  -4.1545658e-02  -3.8131996e-01   3.2061621e-01   1.4970196e-01   9.6060841e-02  -1.0224709e-01  -2.7070826e-01  -1.8304263e-02   3.2426116e-01  -8.4847142e-03   5.1220959e-01  -4.8218598e-01  -3.8435880e-01  -3.1682711e-01   2.8405704e-02  -3.3736851e-02  -3.5618797e-01   1.9272190e-01   2.1692722e-01  -1.0159346e-01  -1.7063802e-01   6.7797776e-01   3.5567412e-01   4.5923413e-02   3.6691126e-01  -6.7076259e-02   6.6377938e-02   3.9738847e-01  -1.3550352e-02  -2.5196465e-01   4.1436283e-02  -1.0456404e-02   1.1885460e-01  -3.4879889e-01   1.8365063e-02   6.3337612e-01   1.0149303e-02   1.7018866e-02  -1.2982718e-01  -1.4504369e-01   2.2664464e-01  -1.4963220e-01  -3.6561881e-02  -1.7677237e-01  -2.2369125e-01  -1.9916787e-01  -6.0478595e-02  -8.3708169e-02  -1.6822772e-01   8.0699050e-02  -2.2518281e-02   1.1653312e-01   2.0334563e-01   2.7924016e-01  -1.4793495e-01  -1.3158136e-01  -2.1525613e-01  -4.1938686e-01   3.0250589e-01  -1.7698994e-01   1.2396315e-01  -2.7092215e-01  -4.8914199e-01  -1.1057962e-01  -2.6301725e-01   4.0050136e-02   1.7934023e-01   1.5624395e-01   3.9414811e-01   1.6909871e-01   4.1804835e-01  -2.2464816e-01  -2.3011234e-01  -2.3437694e-01   8.6163406e-02  -4.4722951e-01  -2.2684848e-01  -3.2274992e-01  -2.0715642e-01  -1.4202875e-01   3.4003351e-01   1.3802758e-01  -2.3317982e-01  -1.7424178e-01  -9.0573388e-02  -4.7297713e-02   2.3201323e-01   5.6625608e-01  -1.1456589e-01   1.5021946e-01   1.9127976e-01  -1.3847155e-01  -1.5096656e-01  -1.0705034e-01  -1.0585187e-01  -3.1494134e-01   3.4927708e-01   1.6478583e-01   3.9744793e-01  -5.5010699e-02  -1.4506366e-01  -3.9573322e-01   1.7534878e-01  -3.4462093e-03   2.0028584e-01  -2.6854184e-02   2.3635945e-01  -1.6020347e-01  -4.2275609e-01  -1.9118010e-01   1.0333223e-01   3.5832890e-02  -2.6571874e-01  -4.1548098e-01   6.3340122e-03  -1.6043336e-01  -1.1095281e-01   2.2145656e-02  -1.7105518e-01   3.5350766e-01  -1.2231536e-01   3.7986304e-01  -1.3602443e-01  -1.8217586e-01  -3.8890272e-01   5.2999503e-01  -2.1335993e-01  -4.2551746e-01  -4.2006634e-01  -3.2458850e-01  -8.3328717e-02   4.1801314e-01   6.4525172e-01   6.8573972e-02   5.2153474e-01  -5.8398085e-02   4.4842181e-01   4.3282279e-01  -4.3079421e-01   3.8982168e-01  -3.0803399e-01   7.5371708e-03   2.5766262e-01  -4.2300224e-01  -4.3423264e-01   5.0360422e-03  -2.5709140e-01   3.7381083e-01  -1.8289016e-01   1.1782143e-01  -1.5630142e-01   8.1702482e-02  -1.4329731e-01   4.3280220e-01   1.2932449e-01  -3.3305657e-01  -1.8245626e-01   1.6128919e-01   3.1358859e-01  -3.2593134e-01  -1.0393238e-01   1.4540628e-02  -3.6300380e-01  -1.5574915e-01  -1.3216741e-01
   5.7903033e-01  -1.3510535e-01   1.4082736e-01  -1.8939002e-01   1.8705635e-01   1.2144531e-01  -1.1512513e-01   0.0000000e+00   1.7449836e-01   2.7169127e-02  -1.0586497e-01   5.9280746e-02  -1.9047769e-01  -1.0558382e-01   2.5658285e-02   7.6919737e-02   2.1759553e-01  -1.2286678e-01   3.2460328e-01   1.2401240e-01  -4.1504852e-01  -3.2393731e-01  -1.3614801e-01   2.9465039e-01  -4.1946425e-02   3.7176272e-01   2.9193967e-01   1.4514516e-01  -6.6261429e-02  -2.9419323e-01   3.7817155e-02   1.3312267e-01   1.5786246e-01   2.2375951e-02  -1.0719701e-02   2.1899558e-01  -3.9968327e-01   3.7706084e-01  -7.5095191e-02   1.4425724e-01  -3.0986403e-01   1.7304393e-01   3.1160423e-01   1.8992251e-01  -1.7154173e-01   4.4107676e-01   6.8886222e-02  -1.7776577e-01  -3.0973820e-01   5.0297229e-02  -2.5888546e-01   4.2927747e-01  -2.5726972e-01   3.9685225e-01  -7.2057025e-02  -2.6511732e-01   2.0678018e-01  -1.5102068e-01  -3.8501434e-01   2.3433439e-01   3.3038601e-01  -2.0940127e-02   3.4668992e-01   1.0872366e-01  -1.7303638e-01  -2.7361287e-01   1.8731457e-02   1.2496576e-01   2.3935633e-01   5.0353881e-01  -5.3789624e-02  -1.3523053e-01  -2.3737731e-01   4.1907484e-01   3.7209137e-01   6.2134223e-01   1.3933341e-01   6.7968964e-02   1.1005470e-01  -1.8209894e-01  -1.0608285e-01  -1.5167503e-01  -3.0877069e-01   2.8571567e-01   2.1773082e-01   3.8063060e-01  -2.3167682e-01   4.1385710e-01   1.2279900e-01   4.7502946e-01   1.6414051e-01   3.0236932e-01   1.5376091e-01  -7.0876650e-02   3.7502419e-01   1.4821084e-01  -7.1046578e-02   3.1292113e-01  -2.9906681e-02  -1.0347087e-01  -1.2602677e-01  -1.5227515e-02  -3.5975843e-01   3.3660555e-01  -2.2825365e-01  -7.0420102e-03   9.0608851e-02   2.8033073e-01  -2.9459267e-01  -3.9557790e-01  -1.5442810e-02  -3.4317574e-01  -4.8445310e-02   4.6431490e-01  -8.3111419e-02  -1.9789506e-01  -4.9316382e-02  -6.9793799e-02  -2.2312190e-01  -3.5193610e-02   3.6357618e-01   1.2363595e-01  -4.0668578e-02   4.3964235e-02   3.2189576e-01   3.8218037e-01  -2.6022126e-01   2.1484990e-01  -7.5318845e-02   2.5302830e-01   4.4671436e-02  -7.2560655e-02  -9.3063688e-02  -1.9703550e-01   2.3338992e-02   5.9825061e-01   1.3215763e-01  -1.3960965e-01   2.5283122e-02   3.2459034e-01   3.1170861e-01   6.8286278e-02   2.1036677e-02  -1.5649165e-01  -1.6252432e-01  -2.4128876e-02   3.2748220e-02  -1.4845603e-01  -1.9584251e-01  -2.3135128e-01   2.3445991e-01   2.4550133e-02   2.7743658e-01  -2.6449759e-02   8.8783814e-02   3.7916302e-01   3.4763909e-01  -3.0857416e-01   3.5607370e-01  -2.5662897e-02  -3.0273978e-02   5.9734938e-02   1.1680332e-01  -3.4503935e-01  -2.2501431e-01   1.6748177e-01  -1.7808963e-01   2.2610414e-01   2.3430918e-01   3.5194059e-02  -3.4728625e-02   2.1852946e-01  -1.6054937e-01  -1.5040447e-01  -1.0117313e-01   2.4478417e-01  -4.2081591e-02
   4.1213399e-01  -4.2664464e-02   1.0239787e-01   1.4592242e-01   1.0957859e-01   1.1194572e-01  -5.2345939e-03   1.7449836e-01   0.0000000e+00   2.6674346e-01  -1.7513997e-01   3.5578929e-02  -1.4536419e-01  -1.7282268e-01   5.4130378e-02  -9.1069539e-02  -7.6207208e-02  -1.9216444e-01   7.1935162e-02   8.3141815e-02  -3.7067086e-01  -2.6284650e-01  -1.3990659e-02   2.6089105e-01  -1.0457974e-02   2.6106079e-01   3.8022091e-02   1.4516077e-01   5.7928347e-02  -2.9204975e-01  -1.7799082e-01   3.3621351e-01  -3.4188418e-02   6.1703809e-02   1.4723242e-01   8.9242102e-02  -1.4310159e-01   3.0938344e-01  -3.8575468e-01   7.7028079e-02  -1.3808083e-01  -1.5230035e-02   1.9312163e-01  -1.1853612e-02  -2.0006833e-01   3.2410145e-01   6.3418165e-02  -2.3215806e-01  -2.6069510e-01  -1.1211441e-01   6.9912802e-02   1.6266915e-01  -3.2331355e-01   3.4386303e-02  -2.5890155e-01   7.1344053e-02   5.5246541e-02  -4.0020374e-02   1.0559081e-01   3.0817701e-02   4.2646037e-02  -1.2850577e-01   1.9292794e-01  -4.2866227e-01  -2.1256405e-01   7.0302650e-02   1.6229408e-02   6.4513728e-02   1.0619331e-01   2.7796481e-01  -5.3627175e-02   2.7414586e-01  -4.3145972e-02   1.4368057e-01   2.3098194e-01   1.9725361e-01  -1.3102241e-01   4.2976670e-02   5.9747295e-02  -7.9234296e-02  -2.0115101e-01  -1.6575795e-02  -2.5357997e-01   1.2485785e-01   5.1369737e-02   1.3534649e-01  -2.5467279e-01   1.2218768e-01   1.7148620e-01   2.6999937e-01   5.5193312e-02   2.4266838e-01   1.7295287e-01   3.3990826e-01   2.2493957e-01   2.4661496e-01   1.6697541e-02   1.9666416e-01  -5.1347611e-02   3.9103082e-03  -2.9157591e-01   1.2773305e-01  -2.9256392e-01   1.6143516e-01  -1.5152929e-01  -2.2223317e-01   3.2901131e-01   1.4183907e-01  -1.6328069e-01  -1.7732711e-01  -1.7238200e-01  -2.7286090e-01   1.0415445e-01   4.8713049e-01  -3.2980769e-02  -1.2885672e-01   2.0269219e-01  -1.1461888e-01  -3.3786904e-01   3.1020648e-01   1.9695243e-01   1.4711123e-01   7.6920139e-02  -5.2418454e-01   2.8944818e-01   1.6256763e-01  -3.1200550e-01   6.5932041e-03   1.7807312e-01  -8.1854191e-02  -1.0592501e-01  -2.9511999e-01  -6.1835927e-02  -2.5948034e-01   3.5322210e-01   2.9767950e-01   1.7296002e-01  -3.3526630e-01  -4.8746740e-03   1.6081874e-01   8.9982782e-03   1.1903371e-01  -1.8892332e-01   4.6380656e-03  -2.2932224e-01  -2.2898385e-01   9.2917920e-02  -5.5847791e-02   2.2216251e-01  -2.7565616e-01   1.0579616e-01  -1.3977926e-01   1.7038519e-01  -1.7695177e-01   7.0517548e-02   2.5424703e-01   1.2930099e-01  -1.7129916e-01   8.0194085e-02  -1.4198370e-01   1.1642367e-01   3.1733698e-01  -2.2781437e-02  -1.5962386e-01   2.5655675e-02  -9.9269514e-02  -9.6663280e-02  -1.0345685e-01  -2.5546840e-01   3.8410729e-02   9.0683363e-02   1.1839787e-01  -1.1177799e-01  -5.5851686e-02  -1.2488656e-01   1.4639228e-01  -1.3965894e-02
  -8.7567505e-02   2.4715997e-01   3.5151549e-01  -4.3024718e-01   5.6260884e-02   5.5634957e-01   2.7847742e-01   2.7169127e-02   2.6674346e-01   0.0000000e+00   1.4057905e-02   4.6151706e-01   5.7140931e-02  -1.6341060e-01   4.5084265e-01   3.8274155e-01   3.3007817e-02  -1.8813767e-01  -1.3274174e-01   8.2375580e-02  -3.4516423e-01  -1.0107612e-01   1.5149914e-01  -3.5975792e-01  -1.6143890e-01  -6.8061065e-02   2.4877683e-01   1.8474903e-01  -9.6208019e-02   8.7741013e-02   2.3885655e-01  -2.1163900e-02  -2.7793295e-01   4.7025529e-01   2.8615645e-01   2.0164355e-02  -3.9508695e-02   6.2819881e-02   1.2203491e-02   2.7212331e-01   7.7268566e-02  -2.5247993e-01   1.1869585e-01   1.1197864e-01   2.6897620e-01  -3.3992600e-01  -9.6984776e-02  -9.3312799e-02  -2.7571201e-02   3.6295606e-01   3.4550158e-01   1.5250216e-01  -3.4352284e-01  -1.6079258e-01  -1.2197687e-01   1.2251538e-01   2.8767180e-01  -1.3067884e-01  -1.2173277e-01   1.9090708e-01  -3.8389962e-01   4.3800865e-01   2.8782940e-01  -1.7109641e-01  -1.0897689e-01   2.7671242e-01   1.2675448e-01   1.1922000e-01  -6.6887238e-02  -1.6847391e-01   1.4240752e-01  -2.1403035e-01   2.4987332e-01  -2.2186470e-01   1.2637845e-01   4.7093729e-03  -2.0989076e-01  -7.4848964e-02   4.7112438e-01   5.3623268e-02   2.0985302e-01   3.1805322e-01   4.7086558e-03  -1.1077853e-01   2.9458513e-01  -1.9291291e-01  -1.6755613e-01  -1.3381147e-01  -1.2174397e-01  -4.4731438e-01   2.1187111e-01   1.0044387e-02   4.6236136e-01  -3.9104940e-02  -1.8407804e-01   3.3422495e-02   1.9740991e-01  -1.3407834e-01   1.9462407e-01   5.7963997e-01  -1.3912218e-01   1.1251389e-01  -2.5273582e-01   5.7290799e-02   2.3478356e-02  -4.7458897e-01   2.8645431e-01  -9.5091957e-02   2.1535795e-01  -8.5781527e-02   1.9096524e-01  -7.6245063e-04  -4.7299438e-01  -1.8599057e-01   2.7076717e-01  -1.5258976e-01   4.0738112e-01   1.0063054e-01  -1.0024843e-01  -2.2021080e-02  -3.7733883e-01   4.1753499e-01   1.4996128e-01  -7.4527990e-02  -4.5029824e-01   2.8166798e-02  -3.6023150e-02  -2.6109942e-01  -1.1352723e-01  -2.1142302e-01   5.3235298e-02   8.6238978e-04   2.5723457e-01  -1.1923288e-01  -5.1087049e-02  -2.7394524e-02  -3.9261666e-02  -9.8624741e-02  -2.2813830e-01  -5.0143893e-01  -2.9844667e-01   4.1391317e-02  -2.6970050e-01   2.8906326e-01   3.3221170e-01   6.1263284e-02   4.1171042e-01   1.0875387e-01   4.2963767e-01   1.2601183e-01   5.0152453e-03  -8.5160562e-02  -1.4953661e-01   1.4483852e-01   4.9916251e-01  -4.7593670e-01  -4.3754516e-01   5.2886734e-02  -2.1380067e-01   1.8391137e-01  -2.6044967e-02   9.7158573e-02   6.4391312e-02  -7.2382733e-02   4.7208151e-02   4.9188621e-01   2.5758352e-01  -2.5372344e-01  -1.0934886e-01   5.7310724e-02   5.8134213e-01  -1.8456093e-01  -7.1104602e-02   1.3630555e-01  -8.4830249e-02  -2.2481264e-01  -8.7521793e-02
  -3.7848127e-01  -2.3836344e-01  -4.1537036e-01   2.6745089e-01  -1.8451956e-01   8.2337709e-02   1.6254709e-01  -1.0586497e-01  -1.7513997e-01   1.4057905e-02   0.0000000e+00  -2.4537087e-01   1.8799795e-01  -1.2849330e-02   2.0273836e-01   3.3503187e-01  -4.2243990e-01   5.2984202e-01   1.2799030e-01  -1.9540406e-01   2.4688235e-01   2.7287489e-01   2.7554818e-01  -4.0496603e-01  -2.9629623e-01   1.8385840e-01   2.9856389e-01  -1.6253476e-01  -1.5633401e-01   5.4183212e-01   5.2123900e-01   4.2615840e-03  -2.8763077e-01  -1.5505566e-01  -3.3414213e-02   1.9069078e-01  -1.3119662e-01   8.4778689e-02   4.4096102e-01  -2.1544949e-01   1.2124861e-01  -2.7534840e-01  -3.8557287e-01   2.9868132e-01   3.1076040e-01  -3.8785431e-01   6.4413507e-01   5.6188205e-02  -1.6567619e-01  -3.0394601e-01   3.1910504e-01   1.4926755e-02   1.3935995e-01  -1.8402078e-01  -2.1011367e-01   4.3798401e-01   1.1981170e-01   3.1873281e-01   1.1643583e-02  -1.6377477e-01  -1.3013906e-01   2.3163771e-01  -1.1538477e-01   2.0970977e-01   3.2158175e-01   3.0235359e-01   1.0756847e-01   4.6902162e-03   5.1208282e-01  -4.2523123e-01  -2.7633553e-01   3.3807829e-01  -8.2361298e-02  -4.2601380e-01  -3.0226685e-01  -1.6867741e-01  -9.0889305e-02   5.2729362e-02  -2.0122193e-02   2.3382326e-01   4.4196131e-01  -1.2624925e-01   5.7173633e-01  -1.6413770e-01  -3.9240013e-01  -3.5120259e-01  -2.2496029e-02  -3.3504755e-01   8.8717242e-02  -2.6156323e-01  -1.8725013e-01  -1.2127436e-01  -3.5127058e-01   2.6141992e-01  -1.5208256e-01  -3.7405980e-01   2.3361033e-02   2.3408580e-02   3.9114365e-01   2.7666948e-01  -2.4153246e-02   3.1537176e-01   3.0665569e-01  -2.1176002e-01   5.2599118e-01  -1.4147978e-01  -2.3861821e-01   2.6225037e-01  -4.8182490e-02   3.0245146e-01   1.9191456e-01   5.2013762e-01   1.3104245e-01  -3.6707096e-01   1.3426689e-01  -3.0871875e-01   8.0170066e-02  -7.1923851e-02   4.8207095e-01   2.1978253e-01  -4.1241391e-01  -3.9869941e-01  -1.3697540e-01   3.3216156e-01  -3.3343650e-01  -3.0943854e-02   2.9465492e-01  -3.8984554e-01   2.7829631e-01   2.3112206e-01   2.9587650e-01   3.0922805e-01   9.8734836e-03   3.9445484e-01   1.9790638e-01  -2.3232610e-01  -8.5207453e-02   3.4113101e-01   4.5099653e-01  -3.7190600e-01  -3.8204042e-01  -2.4245690e-01   6.2837291e-01   4.3418280e-01   4.8765321e-01   6.5266628e-01  -2.1826891e-01   3.3640871e-01   1.9075806e-01   3.5967580e-01  -5.0280524e-01   2.0955014e-01  -4.3365940e-01   5.3804825e-01  -2.2012949e-01  -2.5689083e-01  -3.0057305e-01   9.8205892e-02  -1.3425811e-01   4.4288904e-01   1.9915771e-01   4.3215532e-01   3.4669425e-01   6.6503622e-01   1.6678957e-01   8.8008774e-02   4.0390505e-01  -1.2192653e-01  -2.6265997e-01  -2.2073076e-01  -1.0150622e-01  -1.5259755e-01   5.2408942e-01   3.0803796e-01  -9.9406801e-02   1.3969049e-02   2.3026144e-02
  -1.0727344e-01   6.0695262e-01   7.4290581e-01  -1.4658368e-01   3.1576499e-01   3.1163861e-01   2.9324561e-01   5.9280746e-02   3.5578929e-02   4.6151706e-01  -2.4537087e-01   0.0000000e+00   1.0902456e-01  -1.7555634e-01   5.0556120e-01   1.2861353e-01   4.2813073e-01  -5.1245750e-01  -3.6430112e-01   5.1562067e-01  -3.4825686e-01  -2.9705278e-01  -2.0893922e-01  -2.0480916e-01  -5.4767296e-03   3.6358684e-02   6.8320743e-02   2.6266894e-01   1.1406526e-02  -1.2789608e-01   1.5513402e-01   1.0362082e-01  -1.1340178e-01   5.5160675e-01   2.6263438e-01   1.1962833e-02   1.6623935e-01  -1.3939047e-01  -2.5167714e-01   5.3865786e-01  -1.0751243e-01  -4.9356736e-02   3.8195412e-01  -2.0001390e-01   5.6051270e-02  -2.8954018e-01  -2.2970676e-01   1.3670609e-01   2.1949827e-01   4.8217673e-01  -1.0330484e-01   9.2230072e-02  -3.0727447e-01   1.5837538e-01  -2.4657144e-01  -1.9114536e-02  -3.6988391e-02  -9.5397818e-02  -2.0584519e-01   2.7747671e-01  -3.0400446e-01   1.3526459e-01   2.9237707e-01  -1.4457344e-02  -2.3718495e-01  -2.0387139e-01  -6.4674890e-02  -5.0090894e-02  -3.2242507e-01  -1.7524474e-02   5.8161667e-01  -4.3018576e-01   4.2409035e-02   1.5728474e-01   4.5085518e-02   1.2672417e-01  -2.7368094e-01  -1.8150328e-01   3.8562761e-01  -4.9305300e-03   3.9169164e-02   3.2448018e-01  -2.9948207e-02  -3.0345547e-02   3.1160071e-01   1.1637001e-01  -8.5757317e-02  -7.3690810e-02  -1.0509666e-01  -3.4530887e-01   2.1885205e-01   9.8720862e-02   7.4965518e-01   2.6536605e-03  -2.3972200e-01   4.9629864e-01   5.5968975e-02  -1.1654749e-01   2.1128047e-02   8.1590416e-02  -1.3669634e-01   2.4129908e-01  -2.6544008e-01   2.7773306e-01  -8.6838947e-02  -1.7622616e-01   1.8997578e-01  -1.5631445e-01   4.4749742e-01  -2.2061931e-01   3.1645053e-01  -1.6692385e-01  -2.9644440e-01  -2.4785382e-01  -2.6869151e-02   8.8202542e-02   2.8078436e-02  -4.8258668e-02  -2.4226912e-01  -1.9869333e-01  -2.0061766e-01   6.0933268e-01   4.8193634e-01  -1.2410785e-01  -3.4195412e-01  -3.0721671e-02  -4.6187625e-02   6.2071659e-02  -3.5785927e-01  -2.6421050e-01  -2.4906993e-01   7.2362460e-02   3.4648331e-01  -2.8476919e-01  -1.5939810e-02   3.1246712e-02   5.6207294e-02  -6.5295887e-02  -2.1507485e-01  -3.8034817e-01  -1.5011535e-01  -1.5890269e-01  -2.6587045e-01   5.1891641e-02   1.8144955e-01  -1.2836013e-01   7.3929962e-01  -3.8543642e-01   3.2762488e-02  -2.5601658e-01   6.1296436e-02   9.2509050e-03  -5.8132721e-02  -6.5963071e-02   7.8717706e-01  -3.3368931e-01  -2.9511464e-01   2.2169790e-03  -1.3188983e-03  -8.6436780e-02  -2.2921097e-01  -2.5113520e-01  -4.3816213e-01  -2.7715166e-01   1.6065172e-02   5.7431011e-01   6.3600236e-02  -1.0942818e-01   2.4793528e-02   4.6444763e-01   6.0568136e-01  -3.0472193e-01  -4.6737643e-01   2.6060148e-03   5.5696109e-02  -1.3393623e-01  -1.2087272e-01
  -6.1913582e-02   1.0437363e-01  -8.4785274e-02  -1.9648251e-01   7.9629595e-02  -6.4320329e-03  -4.1545658e-02  -1.9047769e-01  -1.4536419e-01   5.7140931e-02   1.8799795e-01   1.0902456e-01   0.0000000e+00   2.9448282e-01   1.6413604e-01   1.1635089e-01  -2.6385641e-01   2.2489083e-01  -8.6133919e-02   2.5632054e-01   6.7797190e-02   2.1817191e-01   1.0212589e-01  -2.0878609e-01   1.0521903e-01   1.2238054e-01  -6.0883831e-02  -3.6192139e-01   1.4909864e-01   4.1956349e-01   1.7065551e-01   1.1241594e-01  -3.2467538e-01  -9.5341177e-02   8.9136490e-02   2.0145849e-01   2.3374611e-01  -2.1457700e-01   2.7601311e-02  -1.6580225e-01   7.5758592e-01  -4.7375432e-01  -4.4121322e-03  -7.7821472e-02   4.6549950e-01  -6.0266288e-02   1.4384359e-01  -1.4482077e-01   2.5538054e-01   1.5628139e-01   3.8670397e-01  -5.1296458e-02   9.7483896e-02  -9.6448364e-02   1.7574663e-01   1.9860550e-01   1.1254045e-01   2.7423919e-01   3.6190922e-01   3.1457627e-01   4.4296465e-02   5.6605474e-01   1.4269149e-01   7.5937777e-02   1.9347581e-01   2.6757963e-01  -1.1978450e-01   2.9061492e-02   1.8766169e-01  -9.2837370e-02  -8.3436385e-02  -2.5487772e-02   5.8897613e-01  -1.0617072e-01   3.1641078e-02  -9.5676076e-02   1.3962757e-01  -1.2389069e-02   4.1868977e-01   5.0843727e-01  -1.2401717e-01   3.7840739e-01   3.5500121e-02  -1.2582358e-01  -7.0198650e-02   7.0032776e-03   2.3834419e-01  -2.2173896e-01   2.1520255e-02  -8.8829034e-02   2.2540604e-01   4.3462947e-02  -4.8395680e-02   3.1851627e-03  -1.9905400e-02   2.6194454e-01   6.0818995e-01  -3.6182927e-03   5.0158597e-01   2.1967443e-01  -1.6766893e-01   1.1303542e-01   1.5687664e-01   2.6658519e-01   3.7386608e-01  -1.5135216e-01   1.0769636e-01   4.8986596e-02   2.8577938e-01  -9.5935660e-02  -2.3178680e-01   4.8150194e-01  -2.0005484e-02  -1.5307090e-01  -2.0264994e-01   1.1811896e-02  -2.4498408e-01   7.2539013e-01  -1.3669279e-01   9.9202325e-02  -1.8253700e-01   2.0511779e-01   3.2460826e-01   1.6735623e-01  -1.9311707e-01   2.5461005e-01   4.1670616e-01  -9.8982530e-02   1.3339913e-01  -3.2562100e-01  -1.0620888e-03   2.3608065e-01   1.0050202e-01  -2.3666671e-01   8.6657172e-02   1.0389841e-01   4.7716261e-01  -6.7904410e-02   5.9796815e-02  -2.5766118e-01   4.0475211e-02   2.0549246e-01   2.1663407e-01  -3.1141795e-01   2.0494531e-01   3.5350727e-01  -1.7986989e-01  -1.1625151e-01  -7.0359960e-02  -1.5328933e-02  -9.5627578e-02  -8.8244950e-02  -1.8027472e-01   2.1661483e-01  -1.1744443e-01  -2.1702619e-01  -1.7041252e-01   5.4490309e-01  -1.2454949e-01   1.1559774e-01   2.2637728e-01   1.3742930e-01  -3.0487916e-01   3.2325363e-01   3.3536369e-01   2.4099964e-01   1.7883668e-01  -4.4661563e-01  -7.9675472e-02  -1.8776742e-01   3.1118231e-01  -1.9450645e-01   2.9012356e-01  -3.1984702e-01   3.1910017e-01  -2.2441548e-01   2.6715052e-01
   7.9661369e-02  -2.1588541e-01  -1.3527936e-01  -2.9013235e-01  -1.4343604e-01  -1.1932881e-01  -3.8131996e-01  -1.0558382e-01  -1.7282268e-01  -1.6341060e-01  -1.2849330e-02  -1.7555634e-01   2.9448282e-01   0.0000000e+00  -1.9754966e-01  -1.2065346e-02  -2.8586377e-01   2.7338234e-01  -1.2422114e-01  -1.5464106e-01   1.2804903e-01   4.4516442e-01  -5.0699803e-02  -3.1780220e-02   1.3954416e-01   2.0330823e-01  -4.0990091e-01  -4.4279321e-02   1.7044459e-01   6.7093583e-02  -1.7337176e-01   1.4398362e-01  -1.9735374e-01  -3.9782903e-01  -2.2679806e-01  -2.5770061e-01  -9.8708723e-02  -1.8325016e-01   2.7903988e-02  -4.1227297e-01   1.9127144e-01  -2.2171831e-01  -2.6672041e-01   2.2123986e-01   1.5857809e-01   6.2051051e-02  -1.0366023e-01  -3.1278543e-01   1.0610745e-01   2.3422737e-02   2.6026261e-02   3.7729052e-01   3.3569983e-02  -3.9379004e-02   3.4483990e-01   4.1044665e-01   1.2765625e-02   3.2660579e-01   4.3387336e-01  -2.2866584e-02  -2.3444898e-01  -6.2920527e-02  -2.1166577e-01  -1.4929817e-01   7.1756849e-03   6.7349929e-02  -6.2793797e-02   2.5539022e-01   1.2939387e-01  -3.2605549e-02  -2.8810293e-01   1.1522921e-01   1.2322656e-01  -2.3480759e-01   3.1514457e-01  -3.6141810e-02   6.8826109e-02  -2.7097464e-02  -1.3334061e-01   3.8457098e-02   1.8317442e-01   1.0639732e-01   5.7722096e-02  -6.5001440e-02  -5.8267269e-02  -2.9985505e-02   3.2884527e-01   1.8552296e-01  -4.8473301e-02  -1.3537121e-01   2.2031939e-02  -3.9248895e-01  -2.7468538e-01  -3.7502121e-02  -3.1125615e-02  -9.4432691e-03   2.8489204e-01  -1.7217074e-01   5.9900280e-02  -1.9956585e-01   4.3363108e-01   1.6158048e-01   3.4191801e-01  -1.1409880e-01   3.9865178e-01  -3.8052545e-02   1.1354737e-01  -1.3361582e-02  -2.9403270e-02   1.5697747e-01   1.8748251e-02   4.9994046e-01  -1.1029639e-01  -3.5350362e-02   2.3676343e-01  -1.6324796e-01  -1.9962962e-01   2.0981146e-01   3.1570007e-01   3.8302642e-01  -1.4990182e-01   4.5632504e-02  -1.7495401e-01  -6.1360862e-02  -4.0207975e-02   2.3935862e-01   3.1246654e-01  -2.3152243e-01   1.8828502e-01   6.5552862e-02   1.1715866e-01  -2.0515519e-01   4.7468373e-01  -1.1585613e-01   1.4794497e-02  -2.1377540e-02   2.9394134e-01   6.5439958e-02   4.0196912e-01  -8.9193549e-02   2.9267408e-01   3.8745003e-02   3.7207561e-02  -5.0820172e-02   8.3037424e-02   2.7461266e-01  -4.1527048e-01   1.1388830e-01  -1.2812708e-01  -6.7925153e-02   2.6066668e-02   3.9356786e-02  -6.1972193e-02   2.0775476e-02  -2.6626633e-01  -5.2442689e-02  -4.3963780e-02   3.2013825e-01  -1.9180781e-01   2.2376930e-01   4.7824313e-02  -1.2167709e-01  -4.0482169e-02  -1.2486628e-01   1.8571804e-01  -2.5725706e-01  -2.1367872e-01   3.4622844e-01  -3.9930262e-02  -2.8405365e-01  -9.4455742e-02  -1.2819132e-01   8.4960722e-02   1.7372804e-01   4.0825581e-01  -1.2300137e-01   3.8822085e-01
