   0.0000000e+00  -4.4966911e-01   2.3397796e-01   5.0801375e-01  -4.9410683e-01   5.0367861e-01  -4.2775895e-01   4.8610872e-01   3.6114272e-01  -4.3852589e-01  -4.9426700e-01  -3.8790530e-01  -3.4865264e-01   8.1634249e-01  -5.0801458e-01  -2.2163396e-01  -2.3320181e-01   1.9680994e-01   5.5693115e-01  -5.0655368e-01   1.6191817e-03   2.3342157e-01  -2.4312319e-01   9.0253644e-01   8.9343386e-03   3.7455377e-01  -7.4851074e-01   5.9913520e-01   2.4137290e-01  -1.7276733e-01  -1.5680908e-01   4.0246968e-01  -1.0276411e-02  -5.9957443e-01  -8.0723990e-03  -4.0670792e-01  -2.9999161e-01   4.4115236e-01  -3.9938855e-01  -6.2918005e-01  -2.0729935e-01   5.2322879e-02  -2.9592455e-01   1.7747680e-01  -1.5024679e-01   6.1918046e-01  -6.1153224e-01  -5.4634293e-01  -2.9918107e-01  -4.5192503e-01  -1.1420218e-01   5.6291539e-01  -4.8844999e-01  -2.1933052e-01   2.5067667e-01   1.9739635e-01   6.4253063e-01   5.5574115e-01   1.3812282e-01  -1.9206496e-01   7.0215677e-01  -5.0702836e-01  -2.4386579e-01  -3.0141815e-01  -3.8665195e-01  -4.6035433e-01   3.5499397e-01  -4.7435084e-01  -2.3069701e-01  -1.5453406e-01  -4.7967469e-01   1.9307747e-01  -3.1831777e-01   9.0572856e-01   1.2238859e-02   5.3699211e-01   6.1488796e-01   4.1483718e-01  -4.0894533e-01  -5.8227918e-01   5.2407126e-01  -3.9074357e-01  -5.0907101e-01   4.0116077e-01   3.6950628e-01   5.4430467e-01   1.7582081e-01   2.9335362e-01  -3.8912800e-01   9.3837703e-01  -1.0562101e-01   7.4440369e-01  -4.3832145e-01   1.4384153e-01   5.8500029e-01  -3.0760389e-01  -2.2176052e-01   3.7063071e-02  -2.4953644e-01  -2.9172964e-01   1.6831814e-01  -8.3878177e-02   4.0713611e-01   3.1439158e-01   3.1497635e-01   3.9309853e-01  -3.2087583e-01   2.6676912e-01  -3.7813607e-01  -1.4875934e-01  -3.4000643e-01   2.6987252e-01   8.3319362e-02   8.1781995e-01   4.8321596e-01  -5.3923866e-01   2.1586503e-01  -2.4976744e-01   4.8564407e-01   3.4263225e-01   7.5288278e-01  -4.4271694e-01   1.5712615e-01   1.2399866e-01   5.6732026e-01   8.1591453e-01   1.9174198e-01  -2.0151118e-01   5.2275671e-01  -4.4204660e-01  -4.6401401e-01  -4.5865161e-01   3.5867167e-01  -1.6456606e-01   4.1339469e-01   3.3621252e-01  -3.5445834e-01   5.4274669e-01   2.7802604e-01   8.4174249e-01   7.8525736e-01  -3.3279148e-01   4.4924815e-02  -2.3005835e-01   2.4925138e-02   1.9164198e-01  -1.0968163e-02  -3.5892896e-01  -3.7521116e-01  -4.1362904e-01   8.0017448e-01   5.0850084e-01   8.2674441e-01  -5.8193454e-01  -3.9732426e-01   7.5676128e-01   8.4404344e-01   9.4815973e-02   5.6220716e-01   3.5895428e-01   2.2295492e-01  -1.1553864e-01  -4.7159553e-01   1.8721037e-01   4.1447592e-01  -5.6094656e-01  -6.5198850e-01   3.7835613e-01   8.1524629e-01  -5.0293101e-01  -5.8290700e-01   5.5038504e-01  -3.2063838e-02  -1.3555510e-01  -4.4737437e-02  -3.2059644e-01   3.8782017e-01
  -4.4966911e-01   0.0000000e+00   4.8435912e-01  -1.5552457e-01   6.8085505e-01  -4.2831860e-01  -1.8991625e-01  -4.5784383e-01  -3.8522093e-02   2.7777747e-01  -1.2227616e-01   7.5694525e-01   1.6270559e-01  -5.1820948e-01   9.0675355e-02   1.9225057e-01   6.1641819e-01  -4.1101755e-01  -2.6930453e-01   3.9401466e-01  -2.3702674e-01  -6.6330801e-01  -2.6891666e-01  -4.6680399e-01  -2.3987734e-02  -5.2707971e-01   1.6198005e-01  -6.8976516e-01   2.0466519e-01  -3.8469776e-01   2.2961525e-01  -6.5662034e-01   1.3991514e-01   2.6682413e-01  -6.2190501e-02   6.3921753e-01   2.3034292e-02  -1.2165945e-01   2.5939503e-01   7.5119784e-01  -4.1844900e-04  -7.6832256e-02   7.8046771e-02  -1.9155461e-01  -4.7316285e-02  -2.9809607e-01   4.3129771e-02   1.2126254e-01   3.2071038e-02   8.6389570e-01  -3.7065646e-01  -4.6363518e-01   5.7560878e-01  -4.2007768e-02   1.2940065e-02  -5.5046009e-01  -3.9765761e-01  -5.6765962e-01  -3.3223773e-01   7.0697696e-01  -3.5401747e-02   4.0556515e-01   2.2779740e-01   3.5072840e-01   4.6619843e-01   3.8772383e-01  -3.4473080e-01   1.6803529e-01  -5.1627265e-01   1.9300600e-01   8.5001213e-01  -2.8249203e-01   2.7980397e-01  -4.7356069e-01   7.7074889e-02  -3.5059548e-01  -1.5253892e-01  -5.6398000e-01   7.0934469e-01   1.0845207e-01  -7.4087725e-01   3.8886947e-01   7.3216260e-01  -4.8752576e-01   2.5974996e-01  -4.3852085e-01  -3.6505173e-01  -3.2080976e-01   4.0928273e-01  -5.3598281e-01   7.9330749e-01  -4.0148337e-02   7.2223097e-01  -3.6233761e-02  -1.1638060e-01   7.8543053e-01  -3.7922431e-02  -4.4372497e-01   9.3002292e-02  -3.0520791e-01  -1.3279388e-01  -3.6505626e-01  -2.7658708e-01  -3.6518047e-01  -7.2086789e-01  -3.4544957e-01   2.8040499e-01  -5.4386665e-01   3.5684431e-01  -3.8008572e-01   7.5305391e-01  -7.7184528e-01  -1.3818465e-01  -5.0076592e-01  -5.5674119e-01   7.5029598e-01  -6.7924995e-01   1.6232096e-02  -4.4761065e-01  -2.7882831e-01  -4.9860352e-01   8.4883698e-01   2.3721926e-01   1.2849603e-01  -4.0634936e-01  -3.0412997e-01  -3.7527224e-01   2.1071694e-01  -3.9074119e-01   5.7307485e-01   2.2095336e-01   1.0074888e-01   4.8182396e-01   3.9785098e-01  -1.7211827e-01  -3.3889833e-01   9.0362329e-02  -6.0799168e-01  -4.2169126e-01  -4.6144903e-01  -5.8381779e-01   1.4989088e-01  -5.7190539e-01  -3.1675588e-02   2.1647544e-01  -8.0318418e-02   2.1966066e-01   6.2674274e-01  -7.7640129e-02   4.2211256e-01  -5.2109768e-01  -3.8898298e-01  -4.4664946e-01   3.5385335e-01   6.3930863e-01  -4.5378092e-01  -4.5001109e-01  -1.8351063e-01   1.6993454e-01  -6.7452743e-01   5.3217970e-02  -1.6305940e-02   3.5054300e-01  -4.3635253e-01  -3.6421247e-01   6.7273840e-01   8.0434315e-02  -4.7246604e-01  -3.6478986e-01   7.3497838e-01   7.9133436e-01  -4.2863598e-01  -2.1950279e-01  -1.9544152e-01   7.4764836e-02  -3.0488137e-02  -4.5518793e-01
   2.3397796e-01   4.8435912e-01   0.0000000e+00   2.3323779e-01   2.4807931e-01  -8.9181625e-02  -3.6817464e-01  -8.6299835e-02  -9.4486149e-02   8.4809300e-02  -2.7646784e-01   5.7341449e-01  -2.7501696e-01  -7.8876928e-02  -2.2353503e-01   1.3869784e-02   7.2891441e-01  -3.7290398e-01   1.2510730e-01   8.3747605e-02  -4.8233821e-01  -5.9563866e-01  -2.9071415e-01   1.4199584e-01   9.0580965e-02  -1.1776796e-01  -3.3358606e-01  -2.7856561e-01   3.8092461e-01  -5.3181693e-01   1.3166195e-02  -3.3306684e-01   2.1036183e-01  -2.8696185e-01  -1.7845162e-01   3.0966406e-01  -2.5393472e-01   4.7512328e-01   2.7799174e-02   3.4523331e-01  -2.3503367e-01  -1.0562181e-02   1.6082656e-02  -1.0452111e-01  -3.8475564e-01   2.9272202e-01  -3.3687006e-01  -3.2481866e-01  -4.3836948e-01   6.1454403e-01  -2.3852269e-01  -5.9615779e-02  -6.9832485e-02   6.6031695e-02   8.3847585e-02  -3.3590482e-01   6.4573324e-02  -1.9097705e-01  -2.2743396e-01   4.7046377e-01   6.7293944e-01   7.9217515e-02   4.7845881e-02   4.1330365e-02  -1.4683096e-01   3.3771061e-02  -7.9514940e-02  -1.1114475e-01  -5.8610115e-01   4.5525044e-01   3.8743122e-01  -2.2733955e-01   6.7339839e-03   2.0339703e-01   9.6896338e-02  -1.1917657e-02   4.8460590e-01  -2.0606926e-01   3.8850147e-01  -1.7378978e-01  -3.8679541e-01  -2.1207491e-02   2.7146899e-01  -7.1085759e-02   5.6435693e-01  -1.5456102e-01  -3.6613845e-01  -1.7492499e-01   1.8464787e-01   1.4253790e-01   5.9286722e-01   6.1027321e-01   3.8303158e-01  -6.1465592e-02   5.6865187e-01   4.7104085e-01  -6.8548441e-02  -4.1920397e-01  -9.0932735e-02  -5.3070225e-01   6.5328761e-03  -2.6129504e-01  -1.7446590e-01  -2.6204320e-01  -5.9155530e-01  -1.2749009e-01   2.8445161e-01  -4.0423058e-01  -1.9687829e-02  -4.9874695e-01   4.7459773e-01  -5.0485950e-01  -4.6872372e-02   1.5202093e-01  -1.4938548e-01   1.8361239e-01  -5.0834029e-01  -2.1852049e-01  -1.2585702e-01   4.2772382e-02   1.0888543e-01   4.5385263e-01   4.3614202e-01  -1.6782730e-01   7.8997890e-02   4.7830707e-02  -2.4597958e-01   2.7434709e-01  -1.7245017e-01   4.2228977e-01  -1.8091252e-01  -7.3415172e-02   6.3959724e-01   9.4905975e-02   1.1339758e-01  -3.8961565e-02  -1.5622765e-01  -3.1971182e-01  -1.0440292e-01   2.6153562e-01   1.0209972e-01  -1.2193436e-01  -4.9517734e-01   9.4841414e-02   2.1873023e-01  -3.1426264e-01   4.1140594e-01   2.3316296e-01  -4.1129339e-01  -2.3023559e-01   2.3534296e-01  -1.8520931e-01   2.5457842e-01   8.4620823e-02   6.0257073e-01   2.4225981e-01   2.4491610e-01  -1.2266790e-01   7.5519995e-01  -3.1224179e-01   3.2128022e-01  -1.0953285e-01  -1.2072991e-01  -5.7612445e-01   8.2353457e-02   2.7265092e-01  -2.1830722e-01  -9.0061090e-03   3.7052641e-01   2.6695586e-01   2.6998691e-01   1.6795499e-01  -4.5844902e-01  -1.5597830e-01   1.1266326e-01  -1.1392705e-01  -1.8834389e-01
   5.0801375e-01  -1.5552457e-01   2.3323779e-01   0.0000000e+00  -1.6874409e-01   3.7076051e-01  -1.7947461e-01   2.8564928e-01   2.6669041e-01   2.5842656e-02  -3.8148594e-01  -2.8511011e-02  -2.2665287e-01   3.3497671e-01  -1.8882077e-01   4.7038489e-02   7.3196925e-02   2.1669568e-01   5.3726192e-01  -2.3515995e-01  -6.8052081e-02   1.6109446e-01  -5.2962701e-02   3.9344085e-01   1.7041084e-01   1.3992101e-01  -4.0253053e-01   2.8568994e-01   3.2539668e-01  -1.2313881e-03   2.5675302e-02   3.6390009e-01   1.1253520e-01  -3.9321609e-01   4.4355518e-02  -2.4640829e-02   4.5278892e-02   2.7934227e-01  -3.7182068e-02  -1.6182954e-01  -1.0107379e-01   6.6882822e-03  -4.8227303e-04  -1.4295315e-02  -1.8045773e-01   1.1807482e-01  -2.6815991e-01  -2.5534022e-01  -2.6971409e-01  -9.2358296e-02   1.9888296e-01   3.8245190e-01  -2.9154582e-01  -1.8313723e-01  -1.5682733e-02   1.3628857e-01   4.1358412e-01   4.5446179e-01   2.6276160e-01   9.5808549e-02   3.8718809e-01  -6.8997175e-02  -2.4357616e-02  -4.0509456e-03  -2.9332034e-01  -9.3241691e-02   5.2944985e-01  -2.3930614e-01  -1.0589827e-01  -1.6936739e-01  -2.1016991e-01   1.9258143e-01   1.3880918e-01   4.6469310e-01   8.4487385e-02   5.0594065e-01   2.1698706e-01   1.0938074e-01  -1.5881082e-01  -3.0847846e-01   2.7800520e-01   6.9565492e-02  -2.4736982e-01   2.6193968e-01   4.9035491e-02   4.5290325e-01  -5.2061519e-02  -1.6409161e-01  -4.9407078e-02   4.5171229e-01   3.8068649e-02   3.8528662e-01  -2.5239655e-01   3.7329799e-01   2.9054284e-01   2.2821306e-02   3.1736302e-02   5.4495672e-03   1.0809893e-01  -2.0880581e-01  -6.1573032e-02   1.3200496e-01   2.8874538e-01   3.6393524e-01   2.8686931e-01   6.7344617e-01  -2.2871470e-01   3.1178173e-01   9.2434741e-02  -1.6614749e-01  -1.1853811e-01   2.3240398e-01   2.2043566e-01   3.2551657e-01   1.0009975e-01  -3.2843469e-01   4.6802550e-02   8.8724353e-02   6.8825043e-03   5.7921057e-01   1.9105376e-01  -1.0981289e-01   2.4325324e-01   1.5338013e-01   8.3017952e-02   4.4033453e-01   3.8848691e-01   7.3836871e-02   3.8515486e-01  -3.8811787e-01   1.0581050e-01  -3.7046886e-01   2.4405728e-01  -1.1280295e-01   4.3238941e-01   4.1661292e-01  -1.9362010e-01   2.6866799e-01   3.7216794e-01   3.5435409e-01   3.3126841e-01  -3.7580767e-01   1.1294370e-01  -1.9822007e-01   7.3492038e-03   1.8270367e-01  -3.7936887e-02  -1.9454351e-01  -2.4076144e-01  -3.6569714e-01   3.8287320e-01   2.6387399e-01   3.5940047e-01  -4.3212960e-01  -1.7267955e-01   3.1061018e-01   3.4184086e-01   2.6703784e-01   3.7224883e-01   2.6695746e-01   4.0584687e-01  -5.2156295e-02  -3.5450977e-01   2.8320003e-01   5.6494493e-01  -2.6052553e-01  -4.7658667e-01   3.2999908e-01   2.9138040e-01  -1.9334141e-01  -2.9526281e-01   1.1039707e-01  -9.0847392e-02  -2.2221790e-01   2.7720817e-02  -3.8639040e-01   4.6510150e-01
  -4.9410683e-01   6.8085505e-01   2.4807931e-01  -1.6874409e-01   0.0000000e+00  -2.3718774e-01  -3.8662282e-02  -2.6361056e-01  -1.1494045e-01   3.9215116e-01   8.5374505e-02   5.0604577e-01   4.9446412e-01  -4.4181044e-01   9.8547701e-02   4.2618056e-01   4.5677128e-01  -1.6457620e-01  -2.0906923e-01   7.7060810e-01  -1.2837441e-01  -4.1621185e-01  -3.0199908e-02  -5.5699934e-01  -1.5975948e-01  -5.0943792e-01   3.2267462e-01  -7.3665926e-01   2.9106851e-01  -2.3461070e-01  -1.3238936e-01  -3.0291409e-01   3.8554034e-01   2.8295600e-01  -1.6480228e-01   8.5614678e-01   2.4980015e-01  -8.7124674e-02   5.2898933e-01   7.1101559e-01   4.7160761e-01   2.8904860e-01   2.7919573e-01  -1.3858820e-01  -2.7747679e-02  -4.1747850e-01   3.2700193e-01   2.0264425e-01   1.2734785e-04   6.1644324e-01   1.0292194e-01  -4.3612126e-01   4.7376087e-01   1.7842529e-01  -1.0042739e-01  -4.7448720e-01  -3.3258207e-01  -4.3777613e-01  -1.9727409e-02   3.8556302e-01  -1.4272894e-01   4.1098339e-01   2.1471594e-01   2.4197289e-01   1.4629454e-01   6.1980944e-01  -2.6052119e-01   1.6303699e-02  -1.2245724e-01  -1.8787745e-02   5.1966579e-01   1.9076151e-01   5.6016341e-01  -5.6497006e-01  -3.7995690e-02  -4.1406380e-01  -2.5531511e-01  -2.9994446e-01   7.5743630e-01   2.4545476e-01  -6.6672136e-01   5.4978620e-01   5.5643836e-01  -3.3379878e-01  -1.1029211e-01  -4.1075714e-01  -2.7505351e-01  -4.7768298e-01   1.2131827e-01  -5.5262566e-01   6.8177676e-01  -1.7741855e-01   6.3566928e-01  -8.9946662e-02  -2.6725940e-01   7.3055246e-01   2.0750278e-01  -3.3315736e-01   2.8806948e-02  -4.3479288e-02  -2.5622002e-01  -2.7230495e-01  -3.0393491e-01  -2.3603951e-01  -4.3180691e-01  -2.5864804e-01   5.0592368e-01  -2.8314080e-01   4.0004637e-01   1.1125380e-02   5.3934343e-01  -5.2788803e-01   4.3588490e-02  -5.9806084e-01  -7.3710461e-01   6.8549865e-01  -5.8821059e-01   4.3979022e-01  -5.2767387e-01   5.1649611e-02  -5.3627932e-01   8.0086446e-01   2.2516896e-01  -1.1927808e-01  -4.8280042e-01  -3.6078692e-01  -2.6413744e-01   3.2712878e-01  -4.4550096e-01   3.5589888e-01   5.3030257e-01   6.0883926e-02   2.3975996e-01   7.1881949e-02  -9.4527133e-02  -4.0701378e-01   3.5992243e-01  -5.6654627e-01  -4.2172590e-01  -5.5607261e-01  -4.2382082e-01   2.7494017e-01  -2.6973392e-01   2.2130926e-02  -1.5904151e-01  -2.9469081e-01  -1.9172226e-01   7.5292211e-01   2.4903828e-01   2.6014035e-01  -5.3649859e-01  -3.7346875e-01  -3.5825103e-01   4.1666518e-01   4.9488526e-01  -5.7692098e-01  -4.8459811e-01   1.3523707e-01   1.5158212e-01  -4.9662677e-01  -2.3649270e-02  -5.7486918e-02   5.7924030e-01  -1.7528712e-01  -2.2110605e-01   7.0665963e-01   2.3266578e-01  -5.0125730e-01  -3.0160907e-01   6.5671712e-01   5.9594475e-01  -4.7827542e-01  -7.9140067e-02  -9.4660276e-02   1.3455278e-01   3.2598012e-01  -2.8754762e-01
   5.0367861e-01  -4.2831860e-01  -8.9181625e-02   3.7076051e-01  -2.3718774e-01   0.0000000e+00  -1.4529745e-01   7.4021082e-01   2.7259334e-01  -3.3467002e-01  -2.8692108e-01  -5.3993106e-01  -6.0917408e-03   5.2747864e-01  -4.1626209e-01  -6.4017971e-02  -3.6269188e-01   1.4214428e-01   7.1601528e-01  -2.0725014e-01  -2.2161146e-02   5.6006006e-01  -2.8171373e-01   3.9670821e-01  -7.9363197e-02   6.0823894e-01  -2.5045142e-01   4.8427893e-01   3.5647722e-02   1.1304818e-01  -2.5319531e-01   5.5856034e-01   1.6372266e-01  -4.6949884e-01  -2.0765465e-02  -3.2827609e-01  -1.0606765e-02   6.9326908e-03  -1.3103025e-01  -4.1698400e-01   1.1921794e-01   1.9954219e-01  -1.5849268e-01   1.7595270e-01  -3.1311473e-01   1.2371858e-01  -2.0789563e-01  -3.0867971e-01  -4.8208157e-01  -4.1873275e-01   1.3882806e-02   6.1761564e-01  -3.9990369e-01  -1.2805403e-01  -2.6423654e-02   9.6646431e-02   7.7178966e-01   6.3193827e-01   1.2528128e-01  -2.9434858e-01   3.7105271e-01  -3.7551057e-01  -2.9789186e-01  -3.4479184e-01  -5.2524580e-01  -3.2889113e-01   7.0247773e-01  -4.2868597e-01   1.2822735e-01  -4.6276274e-01  -4.6735423e-01   2.6171487e-01  -1.2239391e-01   4.5355557e-01  -1.8772497e-01   5.8129507e-01   3.1693049e-01   4.5005602e-01  -1.5994900e-01  -3.0913529e-01   6.6248540e-01  -3.0098338e-01  -4.6617073e-01   6.2646163e-01  -8.3730782e-02   5.5870839e-01   1.9478523e-01   4.8099127e-02  -3.7829838e-01   4.4679453e-01  -1.4771858e-01   4.0176664e-01  -4.4112558e-01   1.2407660e-01   5.8575723e-02  -1.5718850e-01  -1.3806876e-01   6.7614508e-01  -3.5393850e-01  -2.5014938e-01  -3.0253867e-02  -1.1669048e-01   6.0152199e-01   4.5824312e-01   4.1617463e-01   4.8727425e-01  -2.1559129e-01   6.8356253e-01  -4.5957021e-01   8.7150243e-03  -4.8693351e-01   4.6523954e-01   2.3896614e-02   2.2192219e-01   2.2088233e-01  -4.1664041e-01   4.3054761e-01  -5.8116579e-02   2.0616539e-01   3.9422877e-01   3.2980779e-01  -2.6682806e-01  -2.2405556e-01  -1.4474900e-01   8.5566481e-02   4.8668636e-01  -9.5907483e-03  -1.5818559e-01   5.2956500e-01  -5.4692778e-01  -1.4974608e-02  -4.2522214e-01  -8.8094515e-03  -3.7896407e-01   3.9561981e-01   5.5163479e-01  -1.2009333e-01   5.8204039e-01   4.4474450e-01   2.0957300e-01   3.9991910e-01  -4.3554848e-02   3.1350921e-01  -1.1049843e-01  -3.4498435e-01   3.2081676e-02  -3.3367103e-01  -2.6250814e-01  -1.6515452e-01  -4.0205294e-01   3.4933431e-01   7.0894372e-01   4.4427630e-01  -2.1379321e-01  -2.7466043e-01   1.5746848e-01   4.1906539e-01   1.8547927e-01   2.2366538e-01   5.4362838e-01  -4.5817037e-02   6.4733214e-03  -2.4424943e-01   2.2337140e-01   6.2138325e-01  -4.1828710e-01  -2.7962705e-01   2.6187237e-01   4.2440056e-01  -4.7611111e-01  -4.6838630e-01   2.3941670e-01  -2.8987341e-02   2.2853192e-02   8.3045121e-02  -8.2841734e-02   5.9716923e-01
  -4.2775895e-01  -1.8991625e-01  -3.6817464e-01  -1.7947461e-01  -3.8662282e-02  -1.4529745e-01   0.0000000e+00  -1.8875386e-01  -1.6307126e-01   4.4261846e-01   5.7004535e-01   1.2276202e-01   3.2846354e-02  -2.2857990e-01   5.5667557e-01   2.8387478e-01   7.4577247e-03   3.7341495e-01  -2.4751800e-01   2.6747743e-01   4.6123256e-01   1.4478654e-01   7.4727483e-01  -4.7096276e-01  -2.2766547e-01  -2.2497247e-01   3.1082152e-01  -1.0053761e-01  -2.8246401e-01   5.6007092e-01  -9.3959461e-02   1.7764249e-01   2.0580233e-01   4.6474782e-01   5.3102801e-01   5.5359582e-02   3.5423419e-01  -3.3942636e-01   3.2737385e-01   2.3950331e-01   1.7304633e-01   2.3519737e-01   5.8373753e-01   1.1693867e-02   1.1216375e-01  -4.4859677e-01   4.2905916e-01   7.4311285e-01  -3.3606687e-02  -1.6634083e-01   6.0661181e-01  -3.0564332e-01   1.9840285e-02   1.3595309e-02  -8.8136050e-02   2.5704827e-01  -2.8476074e-01  -1.9951184e-01   4.5109026e-01   2.4162505e-02  -4.1397548e-01   4.8712722e-03   1.7467883e-01   6.6439969e-03   3.8056664e-02   3.5029734e-01   3.0813029e-02  -8.0667498e-02   3.7208443e-01   1.2338360e-01   1.2099716e-01   1.8618314e-01   2.4794870e-01  -3.4124111e-01  -1.2155579e-01  -2.7989442e-01  -4.7356887e-01   1.6769445e-01  -3.4396624e-01   5.8517246e-02   2.5695548e-02   2.0107247e-01  -1.2562248e-01  -1.1139346e-01  -3.7818955e-01  -2.6325849e-01   1.6510455e-01  -1.9172016e-01  -2.5912017e-01  -4.4791258e-01  -5.0928495e-01  -4.9200671e-01  -2.4191557e-01   1.9614511e-01  -4.1647637e-01  -3.2586830e-01  -3.7848341e-02   9.2348507e-02  -1.4881787e-01   7.4701920e-01   1.6854772e-01   5.1071404e-01  -1.8946424e-01   1.8586106e-01   3.9746576e-01  -1.0432361e-01   1.3079491e-01   1.1384458e-01   1.6178982e-01   2.9397146e-01  -7.8339771e-02   3.1578366e-01  -1.5757943e-02  -4.1862392e-01   1.1484424e-02  -2.8703894e-01   2.7583325e-01   2.6258708e-01  -2.3303242e-01   1.0945785e-01  -4.4112882e-01  -3.0009947e-01  -2.5332230e-01  -4.5262099e-02  -4.3614126e-01  -3.8576974e-01   3.1721533e-01  -1.7411061e-01  -2.3325515e-01  -6.0224500e-02   1.3556791e-01   5.9253153e-02  -3.0366997e-01  -1.6895166e-02  -2.5003693e-01  -1.9173686e-01   1.8519158e-01   1.1990916e-01  -1.1554903e-01  -3.4141882e-01  -1.5912247e-01  -2.3397136e-02   4.5500826e-01   3.6023412e-01   2.6296629e-02   1.3506538e-01   2.0988798e-01  -1.2219885e-01   4.4306736e-01   2.0468002e-01  -2.5591445e-01  -1.5591856e-01  -3.0715135e-01   2.0332915e-01  -1.3497836e-01  -4.1096231e-01  -3.6956055e-01   2.8709049e-01  -4.2574210e-01  -2.1069299e-03  -2.5156109e-01   1.4584546e-01   2.5331848e-01   3.6363470e-01  -2.5842504e-01   4.5514024e-03   3.0721590e-01  -7.4167939e-02  -3.4469622e-01  -2.2037415e-01  -1.9240452e-01  -4.2104551e-01   1.3193612e-01   1.4695965e-02   5.7016809e-03   3.3632389e-01  -1.9817525e-01
   4.8610872e-01  -4.5784383e-01  -8.6299835e-02   2.8564928e-01  -2.6361056e-01   7.4021082e-01  -1.8875386e-01   0.0000000e+00   2.7974754e-01  -3.7633842e-01  -1.7009479e-01  -4.9333774e-01  -1.4056944e-01   5.5425202e-01  -3.3086137e-01  -2.1295785e-01  -4.3786669e-01   1.6154090e-01   6.1311789e-01  -2.4050678e-01  -1.9499692e-01   3.9386975e-01  -2.8686776e-01   3.5555956e-01  -1.0100673e-01   6.3461720e-01  -3.4237418e-01   5.2197653e-01   2.0335749e-01  -1.6563897e-02  -5.5788950e-02   5.4362725e-01   9.3250101e-02  -5.1024539e-01   3.5562908e-02  -4.0842975e-01  -3.4686623e-02  -6.8414700e-02  -3.1533387e-01  -4.5867656e-01   4.7705809e-02   2.1039353e-01  -2.2018373e-01   4.5318333e-01  -2.2960172e-01   9.0094485e-02  -4.1568075e-01  -2.8968275e-01  -3.3438515e-01  -4.7422864e-01   3.4046280e-02   8.3177856e-01  -4.5588272e-01   3.7861954e-02  -3.3466974e-03   3.8552495e-01   6.1223392e-01   5.4307930e-01   1.3991178e-01  -4.0785335e-01   2.8994636e-01  -3.9905511e-01  -2.9889562e-01  -5.4878577e-03  -3.5794549e-01  -5.1174330e-01   6.9515529e-01  -3.6246093e-01   1.0199110e-01  -4.4418447e-01  -3.7595554e-01   3.5475162e-01  -2.6237463e-01   4.6037899e-01  -1.0702647e-01   6.7029371e-01   2.0379207e-01   5.8439138e-01  -2.9300812e-01  -1.8929194e-01   6.8340365e-01  -3.3254337e-01  -2.3219859e-01   8.6080140e-01   7.1005183e-02   6.9719961e-01   2.9646720e-01  -2.7398349e-03  -3.6046392e-01   4.7891304e-01  -1.8562504e-01   3.4357774e-01  -3.8369619e-01   3.4265882e-02   2.2441339e-02  -3.0719419e-01  -1.4082241e-01   4.0995406e-01  -2.8976621e-01  -3.4386657e-01   2.1840785e-02   1.4235194e-01   6.3440038e-01   3.3841573e-01   4.2797647e-01   3.7756139e-01  -1.3747183e-01   6.7244030e-01  -3.7987724e-01  -4.8897145e-02  -3.9348248e-01   4.3556356e-01   1.6727399e-01   2.6146731e-01   2.6690594e-01  -3.7424155e-01   4.5525410e-01  -7.9155464e-02   2.5722898e-01   4.1349091e-01   2.9430619e-01  -3.6568660e-01  -1.9360181e-02  -5.3355517e-03   9.6956234e-02   4.3762826e-01   7.5447832e-02  -9.7787894e-03   4.1769892e-01  -5.6096328e-01  -9.4409591e-02  -4.0798558e-01   4.3722985e-02  -2.7712363e-01   3.9208996e-01   6.7936128e-01  -7.0213108e-02   6.5940621e-01   5.8154237e-01   2.1215384e-01   3.6569449e-01  -1.0262750e-01   3.0726532e-01  -1.8264468e-01  -3.1351423e-01   1.6568127e-01  -1.9506418e-01  -3.7909401e-01  -3.4335839e-01  -4.0604771e-01   3.2041341e-01   8.2874017e-01   4.6244423e-01  -3.7217830e-01  -4.0571920e-01   2.0870637e-01   3.2031901e-01   1.4569433e-01   1.5533270e-01   5.8505131e-01  -8.0340626e-02   7.4369319e-02  -4.0967487e-01   2.7515348e-01   4.8462852e-01  -4.3598731e-01  -2.3723688e-01   5.1925326e-01   3.7840081e-01  -3.3711310e-01  -5.3128635e-01   1.5208666e-01  -3.6304522e-02  -1.3835723e-01  -1.1389965e-01  -3.4498545e-02   3.9784000e-01
   3.6114272e-01  -3.8522093e-02  -9.4486149e-02   2.6669041e-01  -1.1494045e-01   2.7259334e-01  -1.6307126e-01   2.7974754e-01   0.0000000e+00  -6.4187761e-02  -2.3739114e-01  -1.7634420e-01  -8.2063867e-02   4.8159861e-01  -2.2276789e-01  -4.2854168e-01  -2.7899710e-01   5.2320479e-01   4.5134500e-01  -5.3591172e-02   1.9518272e-01   2.2258183e-01  -1.7905824e-01   3.8749140e-01  -4.2020355e-01   1.7798881e-01  -4.4395751e-01   3.3270518e-01   3.0823750e-02   4.1417702e-03   1.3335361e-01   1.3801751e-01  -1.4063684e-01  -3.1694621e-01   2.6843546e-01  -1.7581671e-01  -1.0558248e-01   8.4242266e-02  -5.1945381e-01  -3.4134083e-01   3.1277417e-02   1.3274292e-01   2.0210406e-02   1.8016158e-01   3.8817231e-01   2.0561420e-01  -5.1156027e-01  -1.8804577e-01  -8.6180814e-02  -2.3452234e-01   1.3659664e-02   2.7658679e-01  -2.7190026e-01  -1.5050465e-01   3.9286072e-01   1.8373582e-01   4.8031275e-01   3.4864143e-01  -3.3209676e-02  -7.0621302e-02   1.6362617e-01  -4.3122755e-02   1.4118619e-01   1.0021262e-01   2.4607794e-01  -1.5096590e-01   2.0187133e-01  -4.0891360e-01  -3.3920206e-01  -2.1110742e-01   2.4786255e-02   3.8091742e-01  -1.8320590e-01   3.0930162e-01  -3.4447975e-01   2.3519330e-01   1.9072147e-01   1.7203107e-01  -1.7478719e-01  -3.6181771e-01   3.5398776e-01  -2.0107456e-01  -1.6094198e-01   3.0922406e-01   1.5597959e-01   3.4902934e-01   5.9719537e-01   3.9661321e-01  -2.6317497e-01   3.7899011e-01   6.6789114e-02   2.4703564e-01  -2.3866544e-01   4.9162412e-01   2.3928793e-02  -3.8047677e-02  -7.7348630e-02   2.4486013e-01   9.3654384e-02  -7.9880813e-02   1.2775056e-01  -1.2279566e-01   2.8211540e-01   4.1971618e-01   2.7464954e-01   1.2715361e-01  -1.3975286e-01   1.9801711e-01  -6.3805700e-03  -3.8733580e-01  -1.3244618e-01  -6.1138660e-02   1.9053375e-01   2.3180418e-01   3.7173675e-01  -1.2357092e-01   7.8053698e-02  -1.1981410e-02   3.1631192e-01   2.3652560e-01   2.8685146e-01  -1.1419317e-01   1.4694260e-02   4.2457844e-01   2.3630804e-01   5.4050998e-01   2.6899115e-01  -1.6536964e-01   6.1387150e-01  -1.5811467e-01  -1.8997367e-01  -4.6752033e-01   1.5373917e-01   1.7448330e-01   5.6518485e-01   2.9904497e-01  -2.0947190e-01   3.6861003e-01   1.8747841e-01   2.2167806e-01   1.4975170e-01   3.6788825e-02   8.8400261e-03  -4.6368032e-02   1.2984612e-02   4.5102260e-01   1.4876841e-02  -2.2175198e-01  -3.8436911e-01   1.2115573e-01   1.3525063e-01   3.7966016e-01   2.4571948e-01  -3.9358452e-01  -3.8347973e-01   2.8402508e-01   2.6651666e-01   3.0010131e-02   9.3325069e-02   7.5377272e-03   8.7310608e-02   8.8752981e-02  -8.1692997e-02   4.1559857e-01   7.0418055e-02  -2.7165446e-01  -3.0403864e-01   5.3543216e-02   1.4426108e-01  -2.0550234e-01  -2.8653658e-01   2.0936041e-01   5.4486291e-01   7.9401756e-02  -1.2432656e-01  -2.1672752e-01   1.7970589e-01
  -4.3852589e-01   2.7777747e-01   8.4809300e-02   2.5842656e-02   3.9215116e-01  -3.3467002e-01   4.4261846e-01  -3.7633842e-01  -6.4187761e-02   0.0000000e+00   2.4808358e-01   4.5822288e-01   1.6907024e-01  -5.1966966e-01   5.0142395e-01   3.3020131e-01   5.8866831e-01   1.0078402e-01  -3.6116715e-01   4.5068909e-01   1.0021357e-01  -3.1349775e-01   5.9363942e-01  -3.6258490e-01   8.7293962e-02  -4.5986788e-01   3.6136749e-01  -4.3584380e-01   3.3242707e-02   2.1660940e-01   2.4980578e-02  -1.8163826e-01   2.6793423e-01   3.4216927e-01  -1.5868809e-02   4.8139168e-01   2.9991621e-01  -5.7976006e-02   3.7479584e-01   5.3585832e-01   5.9973565e-02   2.0210306e-01   5.5417059e-01  -1.4010740e-01  -8.6558309e-02  -4.8451082e-01   3.5504355e-01   3.8224112e-01  -1.7003075e-01   4.2635437e-01   3.9748448e-01  -5.3368955e-01   5.7789097e-02   1.6534575e-01  -4.6263828e-01  -7.4234179e-02  -3.5677098e-01  -3.9910220e-01   2.1479928e-01   3.5030734e-01  -2.7143147e-01   2.1139199e-01   4.2287093e-01   3.3147994e-01  -3.7867461e-03   7.6771564e-01  -3.4006293e-01   7.9999027e-02   4.3173936e-02   2.3546191e-01   3.4783639e-01   1.7764382e-01   3.0907889e-01  -3.8818467e-01   1.5162949e-01  -4.2409952e-01  -3.7095963e-01  -1.5470462e-01   1.9141811e-01   1.3929703e-01  -4.2026113e-01   3.8581800e-01  -2.2090981e-02  -2.8969705e-01  -3.5537220e-01  -4.3736913e-01  -2.9231806e-01  -2.9209509e-01   6.0861012e-02  -4.5868479e-01   1.7491131e-01  -3.4644420e-01   2.9467117e-01   3.4907049e-01  -2.7113130e-01   2.7783157e-01   3.0573028e-01  -1.0669652e-01   1.0952538e-01   4.2543006e-01  -1.5784055e-01   2.4879899e-01  -6.3120386e-01   3.9135028e-02  -1.3828180e-01  -1.4940760e-01   2.1906204e-01  -1.8872746e-01   3.4452112e-01   6.7858380e-02   2.6287970e-01  -2.1364621e-01   2.0108141e-01  -4.9844604e-01  -3.3028421e-01   1.5974167e-01  -2.0310177e-01   3.2752831e-01  -4.1502207e-01   1.0387829e-01  -4.4617338e-01   3.7741191e-01   1.9098491e-01  -2.2937576e-01  -4.7811084e-01  -2.9690385e-01   5.8720881e-02   2.0566835e-01  -3.2487956e-01   2.0194455e-01   2.9938852e-01   7.6735685e-02  -9.2471058e-02  -2.4787872e-02  -1.6104700e-01  -2.8177165e-01   3.1472936e-01  -2.3993349e-01  -2.5758779e-01  -3.7691583e-01  -2.4651220e-01  -9.0816668e-02   7.0834106e-02   2.8924704e-01   6.9440951e-02  -1.4183602e-01   7.6135943e-02   2.7862145e-01   3.7097715e-01   1.7750627e-01  -2.8448271e-01  -5.5063296e-01  -3.9884620e-01   1.4823084e-01   3.1830078e-01  -3.2606467e-01  -4.5578075e-01   2.2795648e-01  -9.6955425e-02  -5.4608462e-01   8.5141298e-02   9.8205165e-03   3.6220398e-01   8.7697900e-02  -3.4096300e-01   3.4491089e-01   2.0109117e-01  -2.6881694e-01  -3.4931367e-01   1.0472877e-01   2.0657563e-01  -2.7188157e-01   1.0966511e-01   4.2283431e-02   1.6957999e-01   1.4100999e-01  -2.8463033e-01
  -4.9426700e-01  -1.2227616e-01  -2.7646784e-01  -3.8148594e-01   8.5374505e-02  -2.8692108e-01   5.7004535e-01  -1.7009479e-01  -2.3739114e-01   2.4808358e-01   0.0000000e+00   6.1716056e-02   1.3098421e-01  -4.2067042e-01   5.0107218e-01  -4.3470726e-02  -6.5456988e-02   1.9738050e-01  -2.7160776e-01   2.2367326e-01   2.5708690e-01  -1.5707087e-01   5.1539974e-01  -5.6200699e-01  -2.6920177e-01  -1.0722996e-01   4.9854299e-01  -3.0701848e-01  -3.1583311e-01   1.5703659e-01   5.2051260e-02  -3.0404278e-02  -6.0898647e-02   5.1192021e-01   1.4795400e-01   7.0467292e-02   1.4003142e-01  -2.8635377e-01   1.2455423e-01   2.6566878e-01   2.7792382e-01   8.8970511e-02   1.5654684e-01   2.4388082e-01   2.1073244e-01  -4.0026214e-01   4.8246353e-01   4.9414047e-01   7.0983158e-02  -6.1508539e-02   4.2579734e-01  -2.4113494e-01   1.5068952e-01   2.3576095e-01  -3.0250879e-03   4.2920113e-01  -3.8298192e-01  -3.0854895e-01   1.8596712e-01  -1.9067536e-01  -3.9058249e-01  -6.4636342e-03   2.1084738e-01   2.6381951e-01   1.4396665e-01   1.3688073e-01  -5.8357606e-02   2.1799296e-01   5.1590481e-01   2.6828295e-02   1.8685492e-01   6.1034943e-02   1.4847098e-01  -4.4367876e-01  -9.6189370e-02  -2.8233217e-01  -3.9835451e-01   1.2934067e-01  -1.5361107e-01   4.9616084e-01  -1.8837309e-01   6.3452163e-02   2.0841694e-01  -2.6105782e-02  -1.9828868e-01  -2.4044299e-01   5.3193461e-02  -2.0871733e-01   4.3283371e-03  -4.2912574e-01  -2.8520652e-01  -5.1022764e-01   9.4436608e-02  -1.2145442e-01  -3.3522204e-01  -3.2829497e-01   6.2890099e-02   2.1318617e-02   1.0615509e-02   4.4966817e-01   1.3070359e-01   5.2991796e-01  -1.8056747e-01  -3.2831596e-01   1.0579904e-01  -4.3700038e-01   3.2478484e-01   4.7812146e-02   1.2578704e-01   3.0656881e-01   1.4031966e-01  -5.2868627e-02   4.4833123e-02  -3.9849931e-01  -1.1872946e-01   1.4263485e-01   1.3177447e-01   3.4490564e-01  -1.3098748e-01  -7.8229346e-02  -3.9212731e-01  -1.5537474e-01  -7.9699928e-02   4.6380310e-02  -4.0665623e-01  -5.1107613e-01   2.5285230e-01   1.4216234e-01  -3.8181705e-01   1.2965575e-01   1.8531966e-01   4.5251156e-01  -4.5470741e-01   2.2633931e-01  -3.6002699e-01  -1.0377791e-01   2.1366489e-01  -1.6710604e-01   1.2941896e-02  -4.2715523e-01  -3.4246616e-01   2.4881383e-01   3.4143086e-01   3.1343723e-01  -5.6586606e-03   5.4702949e-03   1.1515701e-01   1.7298176e-06   2.6282214e-01   1.6719707e-01  -3.6680694e-01  -2.2204166e-01  -2.4679146e-01   4.8200047e-01   9.7892676e-02  -3.5622050e-01  -3.9945637e-01   4.8007262e-02  -4.6983663e-01   3.0785512e-02  -1.9932876e-01   3.6800657e-01   2.3920162e-01   9.9530154e-02  -3.0088410e-01   2.0831280e-01   6.7940113e-01   9.9585468e-03  -3.4100536e-01   1.3855525e-01   4.2156128e-02  -3.2368545e-01   2.5059218e-01   1.2112942e-01  -3.1804277e-01   4.1675831e-01  -3.9513107e-01
  -3.8790530e-01   7.5694525e-01   5.7341449e-01  -2.8511011e-02   5.0604577e-01  -5.3993106e-01   1.2276202e-01  -4.9333774e-01  -1.7634420e-01   4.5822288e-01   6.1716056e-02   0.0000000e+00  -1.4587384e-01  -5.3246809e-01   3.4847255e-01   1.7989619e-01   7.0766039e-01  -2.7747263e-01  -3.1529570e-01   3.6147016e-01  -2.2712348e-01  -6.6597904e-01   3.7454082e-02  -4.4144223e-01   6.4856001e-02  -5.3562268e-01   1.3301012e-01  -6.4836251e-01   2.7991043e-01  -2.7956117e-01   2.4393016e-01  -5.0124563e-01   2.0499500e-01   3.2220082e-01   1.6477919e-01   5.3366534e-01   2.0926841e-02   1.0026576e-02   2.9144437e-01   7.3021001e-01  -2.0607605e-01  -2.1300533e-02   3.3265379e-01  -1.8845884e-01   1.8120945e-02  -2.8295663e-01   7.4250694e-02   2.5903357e-01  -3.6176647e-02   7.6006534e-01  -3.1923208e-02  -5.0569699e-01   3.7785290e-01   8.0059531e-02  -3.7743738e-02  -3.4662019e-01  -5.0959358e-01  -5.5954457e-01  -1.0100451e-01   8.3045205e-01  -1.7794867e-02   2.9898984e-01   3.3358725e-01   3.3008824e-01   4.1542212e-01   5.0888302e-01  -2.8601488e-01   2.0944428e-01  -4.3530515e-01   4.0605075e-01   7.6394107e-01  -2.3016227e-01   2.6031358e-01  -3.4759109e-01   2.1282788e-01  -3.3832405e-01  -2.0618907e-01  -4.2832943e-01   3.9991489e-01   1.1058539e-01  -7.3340145e-01   2.8800508e-01   5.4651904e-01  -4.2134572e-01   2.5860079e-01  -4.2629417e-01  -4.4574851e-01  -3.9770547e-01   3.9676649e-01  -5.0357440e-01   5.4514939e-01  -7.4912872e-02   6.4365855e-01   1.3214014e-01   2.5873102e-03   5.1760672e-01  -7.0728527e-03  -6.0920076e-01   1.1627059e-01  -1.9334917e-02  -6.6504342e-02  -6.0536476e-02  -3.9907321e-01  -3.3834732e-01  -5.0107634e-01  -3.4085234e-01   3.3283956e-01  -6.0274447e-01   5.0651044e-01  -3.7526744e-01   8.3328504e-01  -5.7399232e-01   8.5468509e-03  -4.3406689e-01  -4.1273379e-01   4.6192874e-01  -5.9592116e-01   4.9796443e-02  -4.6503055e-01  -1.1963803e-01  -5.0082478e-01   6.1489608e-01   4.3106679e-01   1.4384578e-01  -4.3035886e-01  -3.7243400e-01  -3.3557589e-02   2.4408921e-01  -4.9952936e-01   4.9986386e-01   4.2190587e-02   2.0900379e-01   4.6261391e-01   2.1987381e-01  -1.8597159e-01  -2.9179362e-01   7.6954725e-02  -5.8771456e-01  -3.1716935e-01  -2.7837832e-01  -3.8224970e-01  -1.6574551e-01  -4.0283838e-01   1.3395567e-01   3.1322916e-01  -5.2647322e-02   5.6730821e-01   3.8668769e-01  -1.1523209e-01   2.8458422e-01  -3.7781721e-01  -4.8677446e-01  -3.4069057e-01   3.2192876e-01   5.8769366e-01  -3.3610460e-01  -3.9180083e-01  -4.5299476e-02   1.8729708e-01  -6.4861335e-01   1.6444566e-01  -1.9945039e-02   1.8903082e-01  -3.1921443e-01  -3.4709379e-01   6.4948896e-01   1.6802801e-01  -2.6242235e-01  -2.8297521e-01   5.7750667e-01   6.2724332e-01  -4.4062978e-01  -2.5834824e-01  -2.0122420e-01   4.5442574e-02   4.0879630e-02  -4.9754993e-01
  -3.4865264e-01   1.6270559e-01  -2.7501696e-01  -2.2665287e-01   4.9446412e-01  -6.0917408e-03   3.2846354e-02  -1.4056944e-01  -8.2063867e-02   1.6907024e-01   1.3098421e-01  -1.4587384e-01   0.0000000e+00  -1.4535463e-01  -5.8313427e-02   4.9556966e-01  -3.5975139e-02   1.1565112e-01  -7.4420888e-02   5.5356370e-01   1.8376001e-01  -6.2066966e-02   1.3029247e-01  -3.3361355e-01  -1.8146466e-01  -2.9694524e-01   3.0696836e-01  -2.6186767e-01   4.5955301e-03   6.5313508e-03  -3.6937625e-01  -4.8739187e-02   3.4007112e-01   2.0484386e-01  -1.4200901e-01   4.7315115e-01   1.8927301e-01  -1.2634642e-01   4.3987056e-01   2.6864849e-01   7.8550489e-01   3.7306375e-01   2.1063243e-02   1.0767062e-01   6.5726625e-02  -3.6138515e-01   4.1443431e-01   9.6664962e-02  -1.9023788e-03   1.6923326e-01   1.6853983e-01  -2.9047452e-01   2.2831035e-01   2.2626706e-01   2.3320520e-02  -1.1255259e-01  -8.5415261e-02  -3.5303434e-01   1.9416614e-01  -6.1802097e-02  -3.7605296e-01   2.3899391e-01  -7.5396547e-02  -1.0418469e-01  -1.2515812e-01   4.0329020e-01  -2.2235461e-01  -1.3572077e-01   2.5517596e-01  -1.8902351e-01   9.1410760e-03   1.9147453e-01   4.5754344e-01  -4.5102008e-01  -9.8501360e-02  -3.6789279e-01  -3.3804307e-01   2.7957811e-02   4.3335142e-01   2.1097543e-01  -2.7759574e-01   4.9870856e-01   1.8250092e-01  -2.1480317e-01  -3.3486656e-01  -3.4287119e-01   7.0055127e-02  -1.1849613e-01  -1.5089561e-01  -3.6219882e-01   2.8515412e-01  -3.7020090e-01   2.3455541e-01  -1.3530747e-01  -4.1742573e-01   3.4047426e-01   4.5457510e-01   4.4664604e-02   8.6934115e-03   1.0050272e-01  -3.3112891e-02  -5.3778561e-02  -3.0173415e-01  -7.1752222e-02  -1.1507943e-01  -1.1649066e-01   3.7619406e-01   3.8871831e-02  -3.4374401e-02   2.5001497e-01   5.4399337e-02  -2.0839790e-01   1.0316443e-01  -3.6887431e-01  -3.3589468e-01   3.4431604e-01  -6.1649202e-02   5.1973885e-01  -9.0049736e-02  -2.6186084e-03  -3.7293576e-01   3.4786475e-01  -1.2395377e-01  -1.7111702e-01  -2.5552256e-01  -1.5848404e-01  -1.8845125e-01   1.9615237e-01  -2.6908123e-01   1.1777699e-01   5.9803618e-01  -1.4372363e-01  -1.8640050e-01  -7.3286944e-02  -2.5628837e-01  -4.3970125e-01   4.9224954e-01  -1.6702275e-01  -3.6768222e-01  -4.5261334e-01  -2.8731205e-01   6.0243398e-01   1.9662370e-02   1.1606784e-01  -1.7409287e-01  -2.0281169e-01  -3.6348648e-01   5.2377592e-01   4.1885347e-01   6.3968870e-02  -4.0957194e-01  -2.2003998e-01  -4.0974053e-01   1.1911257e-01   1.5726668e-01  -4.3673414e-01  -4.1999987e-01   2.2793457e-01  -1.9507553e-01  -1.8625555e-01   1.0777137e-02  -1.1502282e-01   3.7849561e-01   1.0357579e-01  -3.0286259e-01   2.5473315e-01   9.6578800e-02  -2.8385054e-01  -3.1847441e-01   1.9288691e-01   2.3237200e-01  -2.6204874e-01   1.1917784e-01   1.4997129e-01   1.8530924e-01   4.0120631e-01  -1.6951061e-01
   8.1634249e-01  -5.1820948e-01  -7.8876928e-02   3.3497671e-01  -4.4181044e-01   5.2747864e-01  -2.2857990e-01   5.5425202e-01   4.8159861e-01  -5.1966966e-01  -4.2067042e-01  -5.3246809e-01  -1.4535463e-01   0.0000000e+00  -5.3098541e-01  -1.9622494e-01  -4.9431479e-01   3.4356813e-01   5.4880802e-01  -3.5791435e-01   1.6845094e-01   4.7213430e-01  -1.8954421e-01   7.5891272e-01  -1.5580588e-01   3.6902367e-01  -6.7997376e-01   6.9444736e-01   5.3446793e-02  -7.9351526e-02  -3.0197115e-01   4.3032948e-01   3.5275111e-02  -5.0653890e-01   2.8065385e-01  -4.3807889e-01  -2.1774791e-01   1.3632391e-01  -4.3387675e-01  -6.7985519e-01  -2.6569356e-02   1.9091199e-01  -2.4364249e-01   1.9998136e-01   7.4874117e-02   4.4067489e-01  -5.7682213e-01  -4.4759675e-01  -1.5371154e-01  -6.1229979e-01  -5.1444218e-02   5.8256597e-01  -4.7014800e-01  -1.2991698e-01   4.5317038e-01   2.6089730e-01   6.0725232e-01   5.9181407e-01   1.4263117e-01  -3.2919078e-01   4.3447784e-01  -3.8977430e-01  -3.1333894e-01  -4.1651647e-01  -2.2366088e-01  -4.5365062e-01   4.1559606e-01  -5.1922891e-01  -1.5878392e-01  -2.8910837e-01  -5.1096765e-01   3.2596864e-01  -2.7126263e-01   7.3643941e-01  -8.4471571e-02   4.2753945e-01   3.7808648e-01   4.5170087e-01  -4.4173222e-01  -5.4631171e-01   6.8042079e-01  -3.7610276e-01  -4.8454405e-01   4.2215569e-01   2.5714121e-01   5.0214705e-01   5.6652684e-01   4.8400867e-01  -4.9626712e-01   7.6890938e-01  -2.3150137e-01   5.2389221e-01  -5.5085431e-01   1.9605919e-01   2.1220685e-01  -3.5089305e-01  -2.2527694e-01   1.9659698e-01  -2.4835023e-01  -8.6477287e-02   2.7660377e-01  -3.8738383e-02   5.1761476e-01   4.6018315e-01   5.0451248e-01   3.2965530e-01  -2.2668523e-01   4.0161323e-01  -3.7487484e-01  -1.3917231e-01  -4.4832059e-01   3.5460194e-01   9.1965131e-02   6.1831405e-01   5.4258106e-01  -5.8695658e-01   3.5298178e-01  -1.4562405e-01   5.4797689e-01   3.0781571e-01   5.9708690e-01  -5.3282386e-01  -9.1484245e-02   1.8398507e-01   4.6515078e-01   7.8163460e-01   2.5851771e-01  -2.8241304e-01   6.1787707e-01  -4.9143050e-01  -3.6004644e-01  -5.8101509e-01   2.3555873e-01  -2.3737209e-01   4.3732149e-01   2.5332358e-01  -3.0714404e-01   6.5032141e-01   2.4322114e-01   6.7659126e-01   6.8843369e-01  -1.4677898e-01   1.7876884e-01  -1.9886413e-01  -8.2670468e-02   2.9463138e-01  -7.7562510e-02  -3.9614458e-01  -3.2527797e-01  -2.3354773e-01   5.8595943e-01   6.3032010e-01   6.7761622e-01  -6.3344175e-01  -6.2460175e-01   5.8477002e-01   6.8447684e-01   8.4427123e-02   3.7209985e-01   5.0163735e-01  -1.6462365e-02  -8.7085033e-02  -3.4340689e-01   3.4112057e-01   2.9124942e-01  -6.2156290e-01  -6.1649450e-01   2.4218353e-01   6.6219930e-01  -5.5729163e-01  -6.4506236e-01   3.4631921e-01   1.9026309e-01  -8.0208423e-02  -6.1689456e-02  -1.5169725e-01   4.2922571e-01
