   0.0000000e+00  -1.1982179e-01   1.1468845e-01  -2.8585581e-01  -1.9930310e-01  -1.6851031e-01  -4.3825765e-01   2.1800799e-01   7.4653852e-02  -4.6023400e-01  -2.9712960e-01  -3.1866850e-01  -6.7497380e-02   7.4975515e-01  -8.3218596e-02  -5.9474065e-01   1.6235599e-01  -2.1036682e-01   3.2372149e-01  -4.2243076e-01  -1.9552532e-01   1.1239347e-02  -8.5919514e-02   5.7025569e-01  -2.8302382e-01   1.3342802e-01  -5.2669279e-01   5.4546892e-01   9.1100173e-02  -2.8885286e-01   1.6626376e-01  -3.0399321e-01  -3.2602058e-01  -2.8289078e-01   1.2359934e-01  -3.2604023e-01  -1.3185739e-01   2.4283138e-01  -5.6148307e-01  -5.1387253e-01  -3.2640232e-01  -2.0230681e-01  -8.4111413e-02   3.8523437e-01  -2.3040031e-01   5.8586809e-01  -2.9117463e-01  -3.6062502e-01  -1.7793797e-02   4.3188834e-02  -2.7921353e-01   3.5111226e-01  -3.7365982e-01   3.2497757e-02   4.8411238e-01   2.7835599e-01   3.2047002e-01  -9.7691876e-04  -4.2859403e-01   1.5301598e-01   7.5384025e-01  -6.2568262e-02   1.1010346e-01  -2.2732118e-01  -2.7077384e-01  -2.6050538e-01  -2.4792720e-01   1.2728457e-01  -1.5871012e-01   4.5936293e-01  -1.8913809e-01  -3.7199507e-01  -3.7719533e-01   7.0289188e-01  -3.7526216e-01  -1.6837640e-02   6.4340309e-01   3.8091822e-01  -2.6925326e-01  -1.5736491e-01   4.2203539e-01  -4.2341024e-01  -3.0149707e-01   2.4673186e-01   7.9547411e-01  -7.7140906e-03   1.3317028e-01   6.0346128e-01  -8.0102307e-03   8.0618221e-01  -4.6537507e-01   4.2641259e-01  -2.9264592e-01  -1.5736169e-01   6.0633203e-01  -3.7907293e-01  -2.9056189e-01   1.1944621e-01  -4.9082008e-02  -4.3037613e-01   6.1782252e-01  -2.3616761e-01  -2.2220794e-02  -3.5770319e-02  -1.9372817e-01  -2.5118290e-01   1.4938124e-01   5.5226388e-02  -1.5632706e-01  -2.7753509e-02  -4.2348057e-01   3.2516735e-02  -2.1149255e-01   8.9431348e-01   2.6438681e-02  -1.9251533e-01   3.3999183e-01  -4.0881725e-01   2.6399562e-01  -4.4380206e-01   2.8079818e-01  -2.9352333e-01  -1.8978763e-01  -2.6802154e-01   7.6388321e-01   6.5895700e-01  -3.1333525e-01  -1.1758394e-01   2.7414251e-02   3.3559370e-01  -4.4347935e-01  -4.1231137e-01   7.2186888e-01  -1.0070851e-01  -6.8875696e-02   4.1870157e-01  -1.1361924e-01   5.8104576e-01   1.7646287e-01   7.2484487e-01   8.5835927e-01   8.0046973e-02  -1.8299390e-01   3.4027445e-01  -1.0002696e-01  -3.6175875e-02  -3.2820286e-01  -2.0076519e-01   8.3130829e-02  -2.1307464e-01   6.4199740e-01   5.4636845e-01   5.2503285e-01  -4.4366039e-02  -3.0195030e-01   8.0459603e-01   7.6764115e-01  -6.2283007e-01   4.1443034e-01   4.1928189e-01  -2.7732011e-01   2.1282071e-02  -1.8292482e-01  -5.7071648e-02  -2.4337698e-01  -3.5829783e-01  -1.8860536e-01   2.0679232e-01   5.8851406e-01  -3.2951341e-01  -2.4278945e-01   7.8415714e-02  -9.3590308e-02   1.5297882e-01  -1.0697496e-01  -5.1354477e-02  -2.3755756e-01
  -1.1982179e-01   0.0000000e+00   4.8348255e-01  -2.2102270e-01   4.2555680e-01   8.2409332e-02  -1.2802576e-01  -1.2517057e-01   2.2144673e-01  -5.2723361e-02  -3.0157491e-01   5.2156290e-01  -3.4983425e-01  -1.5242195e-01  -2.8508545e-01   6.2080008e-02   4.2228753e-01   9.9590820e-04  -6.0185404e-02   3.5695065e-01  -4.1336286e-02  -1.0843375e-01  -5.1349611e-01  -2.9350976e-01  -1.7502051e-02  -2.4800619e-01   5.0182505e-02  -3.5151308e-01   1.3829658e-01   3.4752548e-01   2.2311504e-01   3.8921794e-02   5.1916399e-02  -2.5764870e-01  -4.9996970e-01   2.5037140e-01   5.1261653e-02  -1.8692058e-01   1.0206079e-01   3.0939993e-01  -8.4283826e-02  -1.8358240e-02   3.8295021e-02  -3.2229135e-01   1.0963805e-01   1.4634518e-01  -2.8365717e-01   5.2407446e-01   1.8400162e-01   1.4337764e-01  -3.6914817e-01  -1.6374541e-01   2.2711078e-01  -3.1871438e-02  -1.7764272e-02  -4.3555469e-01  -4.7477258e-02  -1.0352123e-01   2.4115957e-02  -3.4995108e-01   2.8136995e-02  -1.9297311e-02   1.9891076e-01  -2.2705809e-01   3.9723662e-01  -1.8997861e-01   2.7961474e-01   1.6602882e-02  -2.9962624e-01  -1.0839238e-01   7.7176955e-01  -1.7754864e-01  -1.1247885e-01   5.5460355e-02  -1.3750155e-01  -1.4505489e-01   3.0479866e-03   1.9943533e-02   5.7450271e-01  -4.1749687e-02  -4.8820074e-01   5.1560279e-02   3.5478223e-01   1.1853388e-01   1.7420583e-02  -1.3545209e-01   2.0751145e-01  -1.0747203e-01   1.4552688e-01  -1.6437109e-01   3.7436840e-01   5.9714221e-02   3.9542740e-02  -3.1183652e-01  -2.1847744e-01   5.0652364e-01  -1.6748110e-01   7.9518400e-02   1.1967057e-01   1.8542889e-01  -1.3754540e-01  -3.9043954e-01  -3.5124187e-01   3.6483878e-01  -2.7325430e-01  -3.1521335e-02   3.2773939e-01  -1.2406897e-01  -2.1020352e-01  -5.1837497e-01   9.4700255e-02  -2.6826476e-01  -1.8420105e-01  -3.2179940e-02  -3.6643817e-01   4.4064210e-01  -4.7812937e-02  -2.2353526e-01   6.6623838e-02  -1.8829690e-01   1.2980508e-01   4.9627048e-01   2.0750802e-01   3.7943577e-01  -6.2340941e-02  -2.9264064e-01  -1.6808374e-01  -1.0728910e-01   9.9680752e-02   1.8520953e-01  -2.3331803e-02   3.3801341e-01   1.6860921e-01   2.0727954e-01   3.9854770e-01  -1.6449280e-01  -1.9314269e-01  -6.4065185e-03  -3.9508157e-01  -2.3555851e-01  -2.8059593e-01  -4.3436994e-01  -1.6185687e-01  -3.0308576e-01  -3.7886142e-01  -7.1030726e-02   2.3048287e-01  -4.8410418e-01  -6.1425860e-01   2.5893845e-01  -1.0230995e-01  -2.0701507e-01   1.2117127e-03   2.5807082e-01   5.9333094e-01  -2.2638472e-01  -2.0190715e-01   1.1056720e-01   2.5828457e-01  -6.0751134e-01   3.1893139e-02  -2.3608958e-02   1.0479363e-01  -2.2911459e-01   1.9044944e-01   4.6910664e-01   1.4644276e-02  -2.0386577e-01  -1.0256085e-01   2.6950352e-01   5.4975602e-02  -2.2176349e-01  -1.1390668e-01  -1.7284612e-01  -1.0593637e-02   2.1431172e-01  -6.0299049e-02
   1.1468845e-01   4.8348255e-01   0.0000000e+00  -1.6997471e-01   2.3801519e-01   1.8769094e-01  -2.7311925e-01  -1.0500391e-01  -6.1688800e-02  -2.5816383e-01  -2.7342635e-01   4.7805939e-01  -3.4931315e-01  -3.5111209e-02  -3.3255740e-01   2.0488177e-02   7.5988529e-01   7.5774445e-02   1.3750933e-01   3.3982444e-01  -1.7740645e-01  -9.0005722e-02  -6.0889378e-01  -1.6449888e-01  -1.2110855e-01  -1.0059063e-01  -8.5714500e-02  -1.5794997e-01   1.4054664e-01   4.2699429e-02   3.5292965e-02   1.9528624e-02  -2.9600510e-01  -3.9948519e-01  -3.2500114e-01  -1.6990303e-02  -2.2391018e-01  -1.5291872e-01   1.6900230e-01   9.5047409e-02  -2.7814907e-01  -2.5273455e-01  -7.2368294e-02  -7.4101913e-02  -9.0994604e-02   5.3870802e-01  -3.1093860e-01   7.7065603e-02  -1.0662936e-02   2.3736622e-01  -1.9358108e-01  -1.0312927e-01  -1.5862048e-01  -2.2275061e-02   1.7865256e-01  -1.6301897e-02   1.5332709e-01  -1.1524754e-01  -1.9517028e-01  -1.8736187e-01   2.8652242e-01  -3.7030302e-02   1.3600964e-01  -4.2408195e-01  -2.8496929e-02  -4.1663567e-01   2.5682788e-01  -2.1091752e-01  -1.5434129e-01   2.9783182e-01   2.8817365e-01  -1.9497788e-01  -3.4568592e-03   3.1081116e-01  -2.5903403e-01  -1.4740601e-01   3.7309756e-01   2.3495577e-01   2.1956570e-01  -1.5147879e-01  -3.2218754e-01   4.4304969e-03   1.0433229e-01  -3.0354847e-04   3.3513036e-01  -3.1591100e-01   6.8253245e-02   5.3227440e-02  -2.2744755e-02   1.4994971e-01  -4.8684199e-02   4.6485165e-01   1.5493198e-01  -3.1883419e-01  -5.8301994e-03   2.4543161e-01  -3.4138289e-01   3.4080215e-01  -1.4876486e-01  -2.2150320e-01   1.3060187e-01  -5.4392415e-01  -3.4056916e-01   5.5215044e-02  -1.7072321e-01   1.6186925e-01   1.4094997e-01   1.1310621e-02  -6.7521147e-02  -3.1158050e-01   8.7152865e-02  -1.3950952e-01  -3.4734789e-01   1.7824492e-01  -3.0636864e-01   2.7418728e-02   4.1621196e-01  -3.1593575e-01   6.0633601e-02  -2.2660942e-01   1.5764943e-01   2.4968266e-01   3.3209456e-02   1.6254626e-01   4.2949767e-01  -1.5573419e-01  -1.2177510e-01  -7.5230929e-02  -3.6955924e-02   3.7058505e-01   1.5305662e-01  -1.8147063e-01   1.4927854e-01  -1.9960519e-03   4.0720981e-01  -1.2836332e-01  -2.8194825e-01  -1.7294467e-03  -4.8676996e-01  -2.9023194e-03   5.1055689e-02  -3.2088038e-01  -1.2379681e-01   8.2313244e-02  -3.5258555e-01  -8.7409761e-02  -4.7158774e-02  -6.2101937e-01  -4.9795031e-01  -8.2591556e-02   2.7159077e-01  -1.4885958e-01   1.0782822e-01   8.8679560e-02   3.4397982e-01   5.1315244e-03  -1.0354625e-03  -1.7469531e-01   2.6975430e-01  -3.3724236e-01  -2.2435518e-01   2.3657343e-01  -1.0637243e-01  -1.0598111e-01   1.4207897e-01   1.6128125e-01  -5.0502743e-02  -2.5728781e-01  -1.2182675e-01   1.2329546e-03  -1.6652669e-01  -2.4835816e-01  -2.5281692e-01  -9.3424068e-03  -2.1754849e-01  -1.8458178e-02   1.3207685e-01
  -2.8585581e-01  -2.2102270e-01  -1.6997471e-01   0.0000000e+00  -9.9199340e-02   5.0761703e-01   1.3135256e-01  -1.4038108e-01  -6.6775109e-02  -7.0954015e-02   2.0521249e-01  -5.1718587e-02   2.4740576e-01  -2.7733475e-01   3.3293929e-02   4.0962695e-01  -1.5738757e-01   2.5544853e-01   1.9747398e-01   1.1103684e-01  -3.1243165e-02   1.8174915e-01   7.3103327e-02  -1.1129372e-01   1.7353916e-01   2.6287965e-01   2.0781477e-01  -1.1004781e-01  -2.5103873e-01   1.6754936e-01  -3.1270438e-01   2.1390014e-01   4.1912350e-01  -1.1235285e-01   5.0444610e-02   8.8979430e-03  -2.8808832e-01  -1.2971255e-01   3.5203128e-01   8.5504473e-02   4.8335529e-01   3.2769339e-01   4.4732562e-02   8.8683294e-02   1.6068363e-01  -3.6104127e-01   4.9359045e-01  -2.3756897e-01  -2.9880063e-01  -6.8360355e-02   3.8981252e-01  -1.0848940e-01  -1.8193736e-01  -7.6081688e-02  -3.3729483e-01   1.4381174e-03   4.4527537e-03   2.2400303e-02   5.8079549e-01   1.6664300e-01  -3.0281640e-01  -5.2666927e-02  -6.8817066e-02  -6.0303002e-02  -1.0221245e-01  -1.3481902e-01   3.1179706e-01  -2.1850608e-02   5.5189070e-01  -3.1142642e-01  -3.1809062e-01   4.9483421e-01   2.0940573e-01  -3.9252423e-01   4.4687653e-01  -5.7403023e-02  -9.5933199e-02   1.4517733e-01  -1.2469950e-01   3.5170326e-01  -1.8888048e-01   4.5264496e-02   7.3121921e-02  -1.0253659e-01  -4.2136219e-01  -2.2551568e-01  -4.3906480e-01  -2.3425691e-01   1.0079074e-01  -3.7596865e-01  -1.7972973e-02  -1.7338109e-01   2.4676800e-01   3.0274560e-01  -2.8691036e-01  -3.4045579e-02   3.5118510e-01   2.4460964e-01   3.3999420e-01  -6.6163443e-02  -4.3307566e-01   1.6057417e-01   2.9564001e-01   5.1121807e-02   3.6972771e-01   3.2681539e-01   2.9398094e-02   3.8076153e-01   4.9249431e-01   2.9491143e-01   2.1718151e-01   1.9015578e-01   5.3174571e-01  -3.3673193e-01  -7.6984318e-02  -2.2120030e-01  -1.9480942e-01   1.7784216e-01  -1.5775795e-01   5.7500461e-01   4.1914502e-02  -2.1542884e-01  -1.3436600e-01   3.4600050e-02  -2.5250889e-01  -1.4031283e-01   4.0723435e-01   1.2358989e-01   1.8214081e-01  -3.5546609e-01   1.2280430e-01  -1.8533999e-01  -1.6496921e-01  -3.0961471e-01  -1.6620367e-01  -2.2071245e-01   1.7791781e-01  -3.4804213e-01  -1.0908386e-01  -3.4047381e-01  -2.9081883e-01   1.4560813e-01   2.2121258e-02  -4.8854664e-02   1.4757331e-01   1.0058982e-01  -2.0767068e-01   3.3442682e-02   2.0195482e-01  -3.9145333e-01  -4.4075653e-01  -1.8634251e-01  -5.3716088e-02  -1.7489377e-01   1.0350538e-01  -3.9701377e-01  -2.3508211e-01   4.5833879e-01  -1.0936262e-01  -6.8203904e-02   1.7134134e-01   4.9753346e-02  -3.5475970e-01   4.4084053e-01   3.8949511e-01  -1.6091701e-01   3.9205063e-01   2.4790695e-01  -1.6556130e-01  -1.1495945e-02  -9.7961792e-02  -3.0751229e-02   3.0846775e-01   2.8614783e-01   1.8988732e-01  -5.1827575e-02   3.8041440e-01
  -1.9930310e-01   4.2555680e-01   2.3801519e-01  -9.9199340e-02   0.0000000e+00  -6.4855183e-02  -6.1146583e-02  -3.5481383e-01   3.6593152e-01   8.6365568e-02  -4.5983769e-01   3.6682090e-01   6.7807012e-03  -1.5963853e-01  -4.8363915e-01   6.4608097e-02  -2.8930627e-02   6.4211614e-02  -3.2061781e-01   7.0338495e-01  -4.7126800e-01   1.7838271e-02  -3.8649152e-01  -2.9546819e-01   1.9674591e-02  -3.3448513e-01   1.1238011e-01  -3.1985261e-01   2.5557457e-01   2.8630424e-01  -2.8404043e-01   2.6622880e-01   4.2152534e-02  -3.8153289e-01  -1.4300817e-01   4.0652774e-01   8.4167242e-02  -1.3193668e-02   1.1417827e-01   2.7438750e-01  -7.3735997e-02   6.0817427e-02   3.8630755e-01  -5.1089526e-01   3.1933904e-01  -2.4308261e-01  -1.4175290e-01   1.9189052e-01   2.1763955e-01   5.1738034e-02  -3.6392309e-02  -2.0382083e-01  -8.8093003e-03   2.5060970e-02  -1.5042721e-01  -4.9906720e-01  -1.9428084e-01  -7.6840712e-02  -2.7859467e-02  -1.2454268e-01  -8.3373017e-02   4.5962774e-01   1.9198243e-01  -1.5295602e-01   3.8315236e-01  -1.8143283e-01   9.5850946e-02  -6.7048726e-02  -2.6379769e-01  -1.9552722e-01   1.8126437e-01   8.7725055e-02  -1.3378702e-01  -1.4083416e-01  -1.0378870e-01  -1.4112300e-01  -2.6559255e-01   8.7107256e-03   6.8352750e-01  -2.1396252e-01  -4.9025692e-01   3.9741159e-02   3.1408584e-02  -2.3514974e-01  -1.8562527e-01  -2.8605768e-02   3.1679893e-02  -1.5237985e-01   3.3786025e-01  -1.1803860e-01   6.1462584e-01  -5.7854398e-02  -4.9507572e-02   6.1315876e-02  -1.9255977e-01   5.8582840e-01   1.5345156e-01  -2.4205861e-02   1.0334680e-01   9.3049872e-02  -3.6870838e-01  -2.9050999e-01  -1.6207686e-01   1.0353942e-01   7.1180821e-03   4.5174469e-02  -5.8098297e-02  -9.6740266e-02  -2.0734346e-01  -4.0697870e-01  -3.6497488e-02  -2.6683690e-02   5.4495868e-02  -9.0740745e-02  -3.3099067e-01   6.6115591e-01   8.6597624e-02  -4.6242852e-02  -3.9769954e-01   5.9700623e-03  -3.5587218e-01   6.3893845e-01   6.1523972e-01   2.0876344e-01  -1.2243440e-01  -1.5484572e-01   2.0952765e-01  -3.7743133e-02   4.3346633e-02  -1.1883193e-01   3.3675220e-01   3.2334255e-01  -9.4817374e-02  -3.9759881e-01   5.5840652e-01  -1.6580508e-01  -6.4239988e-02  -4.3925027e-01  -3.0542339e-01  -3.0444701e-01  -3.2593611e-01   7.3093565e-02  -2.7871099e-02  -2.8804051e-01  -4.0178473e-01  -2.5503404e-01   4.7720640e-02  -4.3643541e-01  -5.1176157e-01  -4.1312564e-02  -2.0846387e-01  -4.5878858e-01  -2.3776140e-01   9.5239378e-02   5.0926601e-01  -2.7162206e-01  -3.8030315e-01   3.2348242e-02   7.2629685e-03  -2.8077200e-01   2.4963930e-01   1.1388541e-01  -1.0895226e-01  -1.2399477e-01   2.0241166e-01   4.7713254e-01   1.7990271e-01  -7.4500982e-02  -3.8795783e-01   5.6265428e-01   3.2251222e-01  -3.1459523e-01   1.0692188e-01  -1.0898354e-01  -6.9289316e-02  -1.4687845e-01   1.9360512e-01
  -1.6851031e-01   8.2409332e-02   1.8769094e-01   5.0761703e-01  -6.4855183e-02   0.0000000e+00  -3.6601237e-02  -2.8731730e-02  -1.6104780e-01  -1.0383311e-01   4.9222863e-02   2.5439523e-01  -6.4054366e-02  -3.1990256e-01  -2.2218206e-01   4.1614277e-01   1.5614293e-01   4.4785719e-02   3.0629634e-01   3.2053074e-01  -2.0567195e-01  -1.9579606e-01  -3.3388565e-01  -2.5206275e-01   8.6813902e-03   3.2321035e-01   1.8702866e-01  -8.9784603e-02  -3.2448092e-01  -4.7669262e-02  -4.3918400e-01   2.5796352e-01   2.8119717e-01  -1.3811791e-01  -2.5112210e-01   7.5474092e-02  -4.0793776e-01  -8.9475028e-02   3.3286273e-01   3.2940504e-01   1.7871766e-01   1.8831427e-01  -2.8235978e-01   2.2446702e-01  -2.1754464e-01  -2.0483658e-01   4.2869187e-01  -8.8174952e-02  -3.3487603e-01  -2.3895305e-02   1.1851340e-01   3.8923282e-02  -2.3445606e-01  -8.9832719e-02  -2.2470316e-01  -3.0936948e-02   3.6989506e-01   6.6560788e-02   4.9238092e-01  -1.8663408e-01  -2.6839998e-01  -6.4195303e-02  -2.1750130e-01  -3.0294844e-01  -3.3202561e-01  -4.5368384e-01   7.1672426e-01  -6.5438757e-03   7.2335665e-01  -1.9750382e-01  -3.1930601e-02   1.8876541e-01   6.5498716e-02  -2.9113556e-01   3.4183375e-01   1.4963208e-01   4.4850967e-03   2.9427321e-01  -1.1866376e-01   2.5411303e-01  -2.4493129e-01  -1.3289927e-01   1.9672276e-01   8.7306699e-02  -3.1426399e-01  -1.1861658e-01  -4.4797467e-01  -3.9638707e-01  -1.3580287e-01  -3.8606019e-01  -4.7180037e-02  -2.2454842e-01   5.3915623e-01  -7.0171029e-02  -2.5984368e-01   2.4794368e-01   2.5856083e-01   5.3072403e-01   2.7303036e-01  -2.8658085e-01  -1.9324938e-01  -2.2515219e-01   6.4885884e-02  -3.3591404e-01   2.0353857e-01   2.5519992e-01   2.9502456e-01   7.1195596e-01   3.6600001e-01   3.4088862e-01   2.5339019e-01   5.0473366e-02   8.7098870e-02  -2.7246230e-01  -7.4698985e-02  -2.5489851e-01   1.5852081e-02  -2.5556934e-01   1.0689597e-01   3.5299818e-01   3.3002555e-02   1.2778232e-01  -1.3461795e-01  -2.9792862e-01  -2.3006829e-01  -2.5194276e-01  -5.1029409e-02  -1.0950471e-01   6.3176960e-02  -1.1520101e-02   4.5695706e-02  -3.3655716e-01  -1.0018390e-01  -4.2176776e-01  -1.8502078e-01  -1.1961749e-01   1.1588402e-01  -2.6592963e-01   1.8779834e-02  -1.9473052e-01  -2.2021535e-01  -1.0124669e-01  -9.9902826e-02   1.1975717e-01  -2.0795799e-01  -1.9752365e-01  -6.3565948e-02  -1.9831160e-01   1.0315078e-01  -5.1789516e-01  -4.0669613e-01  -1.4327916e-01   1.4352779e-02  -1.4707876e-01   4.0802660e-01  -3.5971603e-01  -1.4250965e-01   3.4519607e-01   6.2976633e-02  -2.5844327e-01   1.1551014e-01   9.2549480e-02  -3.6307883e-01   1.2468109e-01   4.5890385e-01  -2.8213313e-02   9.9032186e-02   1.7462111e-01  -4.5140093e-03   1.8981567e-01  -1.7273802e-01  -1.0361256e-01   1.7038526e-02   3.3501761e-01   2.3827078e-01   1.9042738e-01   2.3967759e-01
  -4.3825765e-01  -1.2802576e-01  -2.7311925e-01   1.3135256e-01  -6.1146583e-02  -3.6601237e-02   0.0000000e+00  -1.9359607e-01  -7.0155425e-02   6.8735485e-01   3.0065493e-01   2.8485898e-01   9.7083327e-02  -4.5082025e-01   3.7900137e-01   9.8409687e-02  -4.7866759e-01   7.3549115e-02  -3.2838580e-01  -2.0690893e-02   5.5400733e-02  -4.0590131e-02   4.9720915e-01  -2.3304612e-01   9.9226823e-02  -2.2969003e-01   4.9206328e-01  -1.1419555e-01  -1.9819354e-01   2.9133062e-01  -2.3986663e-01  -2.8565057e-01   2.4392683e-01   6.7808694e-01   1.4794007e-01   3.3675264e-01  -1.5827268e-02  -6.3841598e-02   9.3269407e-02   4.1704690e-01   2.6190233e-01   2.8945424e-01   3.8922370e-01  -2.7702318e-01   8.9630777e-02  -4.7063448e-01   4.2185948e-01   3.0879040e-01  -3.0189173e-01   1.5363556e-01   1.0183735e-01  -3.4382578e-01   3.3106621e-01   1.2458240e-01  -2.4686433e-01  -6.4299314e-02  -4.3910855e-01  -1.5557123e-01   1.1585813e-01   1.5032377e-01  -4.2218877e-01  -4.1896007e-02  -3.8978396e-01   3.0669335e-01   4.0745569e-02   5.0591205e-01  -3.6386793e-02   1.3301485e-01   5.7173737e-02  -4.1924324e-02   4.3705927e-02   1.3403556e-01   2.0345151e-01  -4.7151115e-01   1.6158695e-01  -2.7358062e-01  -4.1638718e-01  -4.4827740e-01  -1.4636671e-01   4.7877910e-02   1.4865570e-01   1.6097096e-01   6.0285758e-02  -3.5415250e-01  -5.1159993e-01  -2.2031594e-01  -1.2235436e-01  -2.9522414e-01   9.8058610e-02  -3.7398179e-01   5.7723691e-03  -3.2162368e-01   3.9990657e-01   8.4118510e-02  -2.2426450e-01  -1.4496613e-02   2.4344123e-01  -4.3563482e-01   5.6373692e-02   3.7123183e-01  -1.3678006e-01   3.5978996e-01  -3.1613499e-02   6.8905313e-02  -1.0596570e-01  -2.8333684e-01  -3.4175656e-01  -3.8194853e-01   3.9553260e-02   2.3007130e-01   4.4389592e-01  -1.2086718e-01   2.0122921e-01  -4.3660099e-01   5.8033474e-01   1.0353688e-02  -4.1814098e-01   3.6707593e-01   1.1862352e-01   1.2525965e-01  -3.4255262e-01  -5.8770274e-02   1.7433167e-01  -1.1858942e-02  -4.9210540e-01  -2.9413164e-01   1.5971944e-01  -5.9111471e-02  -1.6098467e-01  -1.2780476e-02   3.5330395e-02   2.8543028e-01  -5.1201155e-01   1.8659021e-02  -2.7443008e-02  -2.7639038e-01   2.1647659e-01  -1.4580541e-01  -1.4098695e-01  -2.1514224e-01  -3.3033000e-01   1.3159590e-01  -4.9736578e-02   1.8416787e-01   2.9359000e-01  -2.4385907e-01   6.8179040e-01   2.7717717e-01   2.7794525e-01   9.2311358e-02  -3.7650980e-01  -2.2587580e-01  -3.3996439e-01  -3.7768728e-02   1.5294450e-01  -3.2995302e-01  -3.0173225e-01   1.0391668e-01  -2.5517145e-01   2.1597569e-02   2.8499725e-01  -2.7902373e-01   2.0988626e-01  -1.5870330e-01  -2.7878031e-01   1.6907330e-01   2.8755753e-01   1.5786451e-01  -2.8646248e-01   1.9703464e-01   5.1701926e-01   1.3033460e-01   1.3042175e-01  -1.0034239e-01  -7.8874956e-02   1.0698164e-01  -1.1344607e-01
   2.1800799e-01  -1.2517057e-01  -1.0500391e-01  -1.4038108e-01  -3.5481383e-01  -2.8731730e-02  -1.9359607e-01   0.0000000e+00  -8.8152212e-02  -3.3900421e-01   3.0184455e-01  -3.7538168e-01  -3.4965666e-03   3.4471943e-01   2.6094386e-01  -1.3182249e-01   6.1474102e-02  -1.2561853e-01   6.7570984e-02  -4.4657320e-01   1.2812288e-01  -9.9838400e-02  -1.6616571e-02   1.5742026e-01  -2.1136026e-01   5.7883144e-01  -2.8951354e-01   3.7703109e-01   1.0597827e-01  -2.4752182e-01   3.1299135e-01  -3.6328876e-01   9.7606600e-02   1.5104593e-01  -1.3561517e-01  -3.0372968e-01  -4.5895867e-02   1.9396694e-01  -2.3399414e-01  -2.6415170e-01   9.9862960e-04   8.1916438e-02  -2.2271871e-01   5.0013223e-01   1.4298740e-02   1.9488772e-01  -9.7026205e-03  -9.8537130e-02  -1.7679752e-01  -1.7931042e-03  -2.7686139e-01   6.9448210e-01   1.4549903e-01   1.0653779e-01   1.6109193e-01   4.1857824e-01   2.8711722e-01   2.3720247e-01  -2.2906543e-01  -2.3366022e-01   2.6776049e-01  -2.0595222e-01  -2.6342983e-02   2.3073175e-01   2.2787016e-02  -4.3068798e-02  -3.7873035e-02   2.6674958e-01  -5.3339846e-02   1.7132393e-01   8.9736321e-02  -1.2103139e-01   2.4131358e-03   2.3426329e-01  -1.7979259e-02   2.9530259e-01   2.9446282e-01   3.7579388e-01  -2.5000473e-01   1.7308852e-01   2.9554087e-01  -2.2774917e-01   2.3342228e-01   4.0541669e-01   3.3634457e-01   2.9358367e-01   2.5068720e-01   1.4722508e-01  -3.1051298e-01   2.6528450e-01  -2.3849867e-01   1.8516126e-01  -1.3738561e-01  -2.5801920e-01   3.1193013e-01  -2.7759652e-01  -1.4380475e-01   9.9913357e-02   2.9483238e-02  -1.0224779e-01   2.9649639e-01   2.6214140e-01  -1.3547462e-01   3.5016887e-02  -2.7501734e-01  -1.8004874e-01   9.1130409e-02   1.0035320e-01  -3.8458574e-03   8.6952587e-02   3.6701816e-02  -3.3691911e-01  -6.1794168e-02   2.7781102e-01   2.7217489e-02  -4.0133653e-02  -1.0450103e-02  -1.7272343e-01   2.7105086e-01  -1.4453685e-01   1.5590570e-01  -2.6309068e-01  -2.0076263e-01  -1.4121612e-01   2.8023750e-01   1.1365798e-01  -2.8520722e-01  -3.8422281e-02   7.9368112e-02  -8.3595397e-03  -3.5421510e-01   1.3177670e-01   2.6637548e-01   3.0277106e-01  -1.5326078e-01   5.5682766e-01   2.2643009e-01   5.5796637e-01   4.5498528e-01   2.9184743e-01   2.9191628e-01   9.5282266e-03  -1.0267822e-01   1.7545106e-01  -4.8291361e-02  -6.8345558e-03  -4.1063772e-02   1.8824923e-01  -5.5054898e-02   4.1341132e-02   2.3173844e-01   5.6187844e-01   1.6257676e-01   2.7130816e-01  -1.7081611e-01   3.1143774e-01   3.8446113e-01  -2.2867085e-01   3.4884858e-01   4.7401980e-02   4.9729841e-02  -7.4156253e-02   1.1778808e-01  -1.3580706e-01  -9.3705750e-02  -2.7038598e-01  -1.2112978e-01   1.9768500e-01   5.0736787e-01  -9.1008522e-02  -2.2204922e-01   1.7941735e-01   7.4871667e-02   2.5665210e-01  -4.2924792e-02   1.6942867e-01   1.3520047e-02
   7.4653852e-02   2.2144673e-01  -6.1688800e-02  -6.6775109e-02   3.6593152e-01  -1.6104780e-01  -7.0155425e-02  -8.8152212e-02   0.0000000e+00   8.1440884e-02  -2.9187141e-01  -6.0074812e-02   9.2806225e-02   1.7357806e-01  -3.4214268e-01  -1.7101374e-01   9.9974141e-02   1.0703741e-01  -5.8492978e-02   1.6312312e-01  -2.5657923e-01  -4.7747271e-02  -3.9940808e-02   1.0302185e-02  -1.0258273e-01  -3.3137470e-01  -2.7687991e-01   3.5872452e-02  -1.3976956e-02   2.9600729e-01  -1.3395171e-01  -3.4348197e-02   1.9464598e-01  -1.5725784e-01   6.4364261e-02   3.3963882e-02   3.1123924e-01   2.3314223e-01  -8.4384068e-02  -4.0026685e-02   8.0853223e-02   1.9266571e-01   3.2306760e-01  -1.5623364e-01   2.7004999e-01   5.6114380e-02  -3.0409897e-01   9.2183116e-02   9.5758125e-02   1.4387456e-01  -2.4417846e-01  -9.4872966e-02  -9.9981674e-02  -8.2711402e-02  -9.3673434e-02  -2.0262436e-01  -1.2026368e-01  -1.9140115e-01   2.1812039e-02  -9.6854648e-02   6.8924243e-02   1.2784691e-01   1.2420735e-01   8.4457019e-02   3.8806361e-01  -4.3909472e-02  -2.8986924e-01   1.4911872e-01  -2.9239053e-01  -9.2824968e-03  -1.1519059e-01   2.7417800e-02  -1.6688221e-01  -1.1902635e-01  -2.2308460e-01  -3.7000328e-02   1.2066113e-01   8.2578238e-02   2.2852453e-01  -2.0597306e-02  -2.0290441e-01  -8.7679742e-02  -2.8517836e-01   5.5715813e-03  -4.3530438e-02  -6.1674442e-02   8.1011035e-02   6.4277118e-03   2.7509331e-01   3.0964167e-02   4.1926115e-01   1.0684431e-01  -3.8861196e-01   2.0763105e-01   4.9297681e-02   1.4161467e-01   1.0849946e-01  -1.2582023e-02   3.6195171e-02   2.0746638e-01  -1.8060923e-01  -4.7119644e-02  -6.0824037e-02   4.0152735e-01  -2.7533272e-01  -2.6305553e-01   1.8434201e-02  -2.4101751e-01  -1.4966885e-01  -4.1907931e-01  -3.4488465e-01  -5.2644769e-02   2.1512818e-01   5.7870348e-02  -1.3234499e-01   4.8291528e-01   1.6443718e-01   3.0218172e-02  -3.3829938e-01  -2.3811984e-03   9.3270818e-02   3.2218549e-01   1.8937062e-01   3.2865606e-01   1.0657753e-01   2.4799748e-01   9.0565981e-02   2.6216612e-01  -1.2571149e-01  -1.1276506e-01   1.4978688e-02   2.8733721e-02   1.8544173e-01  -1.6321893e-01   3.0129768e-01   1.2502492e-01   6.2134650e-02  -1.5323768e-01  -8.0410968e-02   7.2959306e-05  -2.2047557e-02   1.6915757e-01  -1.1443500e-03  -2.8683152e-01  -2.3870595e-01   7.1496393e-03  -1.5476443e-01  -1.0634252e-02  -1.9481220e-01   7.6858393e-02  -1.2824034e-01  -1.4348528e-01  -8.5182211e-02   7.2783980e-02   7.2300522e-02   3.5335588e-02   7.4068302e-02  -3.7767444e-03   1.8072305e-01  -1.4330497e-01   2.4105769e-01   8.5294882e-03  -5.5224463e-02  -1.8418085e-02  -8.5075394e-02   1.1907090e-01   1.8349872e-01  -7.6539859e-02  -1.7495172e-02   1.5079185e-01   2.6233324e-01   1.8101381e-01   2.8282076e-01   1.5146859e-01  -1.4936867e-01  -1.4299483e-02  -2.9325969e-02
  -4.6023400e-01  -5.2723361e-02  -2.5816383e-01  -7.0954015e-02   8.6365568e-02  -1.0383311e-01   6.8735485e-01  -3.3900421e-01   8.1440884e-02   0.0000000e+00   3.1073074e-01   2.4045408e-01  -4.4827505e-02  -4.1565836e-01   1.2804274e-01   1.2079474e-01  -3.7820108e-01   1.9985202e-01  -1.9284170e-01   1.4327441e-01   1.2146464e-02  -1.4133694e-01   4.3049998e-01  -2.8286126e-01   9.9021975e-02  -2.8765173e-01   5.1189239e-01  -1.8450659e-01  -1.6535495e-01   2.6573537e-01  -1.8505013e-01  -7.0104540e-02   1.0619015e-01   5.8844788e-01   1.5992105e-01   3.6222744e-01   1.2034684e-01  -8.5207820e-02   2.2283079e-01   5.4394629e-01   1.2152145e-01   5.7472698e-02   3.1894777e-01  -3.2507994e-01   7.9603208e-02  -3.4765126e-01   3.3369118e-01   4.2486459e-01  -2.3298067e-01   9.4065440e-03   2.5950209e-01  -2.7728001e-01   3.8081009e-01  -1.3974195e-01  -3.8849797e-01  -1.5164440e-01  -2.5316585e-01  -2.0622317e-01   2.1914561e-01  -1.6729367e-02  -4.1847844e-01   5.8752041e-02  -5.3551624e-01   3.8718654e-01   9.4878651e-02   6.6348276e-01  -1.4707086e-01  -4.8892248e-02  -3.7646939e-02  -4.4458175e-02   1.0302111e-02   1.1002523e-01   1.0038649e-01  -5.3156979e-01   9.7901366e-02  -2.2680006e-01  -3.8262903e-01  -3.9257094e-01   1.3589655e-01  -1.6920188e-01  -1.3192009e-01   2.0312984e-01  -9.6415962e-02  -1.8660715e-01  -4.9659826e-01  -1.1402415e-01  -4.5389056e-02  -3.8769631e-01   1.8746297e-01  -4.5336547e-01   1.7275114e-01  -3.9170263e-01   6.4433209e-02   3.3115983e-01  -3.0889111e-01   8.6919212e-02   1.5904629e-01  -3.2105226e-01  -1.3569809e-01   4.7999776e-01  -1.7764032e-01   3.6275542e-01  -1.2243145e-01   9.5790897e-03  -1.2186663e-01  -2.1680895e-01  -5.1238192e-01  -3.5150235e-01  -1.6020827e-01  -8.5464290e-02   2.8877276e-01  -6.1349707e-02   2.0090278e-02  -4.9252413e-01   4.1936273e-01   2.4274853e-01  -1.4526209e-01   3.6469785e-01  -7.7739426e-02   9.1742221e-02  -2.4385005e-01   2.1623758e-01   1.4752614e-01   5.7229102e-02  -4.5770160e-01  -2.8508435e-01   1.6151801e-01  -1.4597056e-01  -2.8608556e-01   6.9467492e-02   2.2107897e-01   3.5077560e-01  -6.0572271e-01   3.1234169e-02  -1.2745058e-01  -2.5799707e-01  -2.2784077e-02  -2.5130813e-01  -1.9201235e-01  -3.0681302e-01  -4.4384116e-01  -7.4288652e-02   2.2786107e-01  -1.0335370e-01   1.8883982e-01  -9.0787327e-03   4.4845399e-01   3.5172893e-01   2.4359049e-01   1.7356909e-01  -4.7155366e-01  -3.0310813e-01  -4.5119153e-01   1.4001566e-01   1.2890262e-01  -3.4788761e-01  -3.5481175e-01   2.3901900e-01  -3.8722538e-01  -9.9141722e-02   1.5141059e-01  -1.1284028e-01   3.5876514e-01  -3.5807119e-02  -1.9175829e-01   4.5046203e-01   2.1717463e-01  -1.4634672e-01  -3.9334508e-01   7.5547751e-02   6.7361942e-01   1.7770088e-01  -6.8907590e-02  -1.9897676e-01  -3.1305942e-02  -3.8875504e-02  -2.0643048e-02
  -2.9712960e-01  -3.0157491e-01  -2.7342635e-01   2.0521249e-01  -4.5983769e-01   4.9222863e-02   3.0065493e-01   3.0184455e-01  -2.9187141e-01   3.1073074e-01   0.0000000e+00  -3.3133702e-01  -1.9798973e-01  -2.1161873e-01   5.3031204e-01   2.5251133e-01  -1.3394213e-01   2.8873370e-01   6.3308149e-02  -3.3325569e-01   4.8420402e-01  -6.0446699e-02   3.8840349e-01  -2.8693007e-01   3.8341946e-02   2.7902329e-01   1.4135369e-01  -2.4649015e-02  -5.6950159e-02   5.3959502e-02   1.8804334e-01  -1.1974548e-01   2.2507412e-01   5.6227989e-01   1.2182755e-01  -1.9848341e-01   7.1710522e-02  -9.3549507e-02   1.6708763e-01   8.7475728e-02   9.1092089e-02   1.4322628e-02  -1.7888924e-01   3.3781145e-01   1.9030344e-01  -1.1806165e-01   3.9951427e-01   8.5214613e-02  -1.6756332e-01  -4.7960020e-02   3.8188767e-01   1.9182482e-01   3.7704947e-01  -1.3691635e-01  -3.4761532e-01   3.8267554e-01   1.9370021e-02   1.4032113e-01   1.0832050e-01   5.2259414e-02  -2.8252790e-01  -1.7638834e-01  -4.5054341e-01   5.0597806e-01   1.3360865e-01   4.7828111e-01  -1.5635109e-01  -1.6978799e-01   1.6525945e-01  -9.4693507e-03  -7.2434204e-02   2.9747883e-01   2.5338017e-01  -3.0547611e-01   1.5538483e-01   1.1023314e-01  -8.2517742e-02   9.0807028e-02  -3.7014883e-01  -5.8376382e-02   2.3561373e-01   9.5377688e-02   1.6875159e-01   1.0046468e-02  -2.0122422e-01   1.0184472e-01  -8.7244177e-03  -3.7277758e-01  -2.1204911e-01  -3.0536710e-01  -2.2638231e-01  -1.2208256e-01  -9.9552375e-04   1.5761908e-01  -1.1875303e-01  -5.0502704e-01   2.5300137e-02  -2.6421948e-02  -1.7569031e-01   1.6291409e-01   4.8151425e-02   5.9350068e-01   8.1405557e-02   6.7529327e-02   1.1222131e-01   7.7361487e-02  -2.8594118e-01   4.4275336e-02   2.8862214e-01   3.2654832e-01   1.6619325e-01  -4.8534716e-02   5.5005846e-02  -3.5559046e-01   3.6853255e-01  -3.4120364e-01  -7.6206225e-02   1.7048931e-01   2.4349059e-01   2.4075286e-01  -4.6998955e-02  -4.4385550e-01  -2.9470354e-01   1.3091579e-01  -2.4396090e-01  -2.1503194e-01   2.3179884e-01   6.1361262e-02  -1.5248366e-01  -1.2802022e-01   2.6298454e-03   1.5100215e-01  -3.6005645e-01   4.2089824e-01  -2.6502000e-01   1.0601550e-01  -7.7229816e-02   1.8268255e-01   1.2867791e-01  -1.8196152e-01  -2.3366556e-01  -9.9257936e-02   4.6873655e-01   1.1019954e-01   4.4436209e-01   2.5103267e-01   7.1229294e-02   5.6689740e-01   4.9282817e-01   1.0793856e-01  -2.2759419e-01   1.2562456e-01  -2.8124028e-01   3.2763930e-01  -2.9336866e-01  -2.3982401e-01  -2.1649355e-01   1.2676691e-01  -2.3063586e-01   1.0282000e-01   1.9132147e-02   2.5305020e-01   3.7214004e-01   2.6549562e-01  -1.2814310e-02  -8.5417408e-02   2.0292748e-01   4.6658597e-02  -1.5117612e-01  -2.6834880e-01   1.6936315e-02   2.4893158e-01   2.1341072e-02   1.5657470e-01  -2.1738911e-01  -1.6759608e-01   9.1395384e-02
  -3.1866850e-01   5.2156290e-01   4.7805939e-01  -5.1718587e-02   3.6682090e-01   2.5439523e-01   2.8485898e-01  -3.7538168e-01  -6.0074812e-02   2.4045408e-01  -3.3133702e-01   0.0000000e+00  -1.1163092e-01  -3.6671536e-01  -2.6692820e-01   1.9765448e-01   1.5590158e-01   1.7513235e-02  -2.0365780e-01   4.9840672e-01  -1.9166421e-01  -3.0549504e-03  -2.4424564e-01  -2.5636092e-01  -6.7281952e-02  -3.8449532e-01   4.0987619e-01  -5.4125606e-01  -4.9428020e-02   2.0018774e-01  -2.3549627e-01   7.7675801e-02   5.7033264e-02  -2.9353649e-02  -2.1773138e-01   4.0276207e-01  -2.7105269e-01  -2.0623875e-01   2.9311752e-01   4.4181631e-01   4.7697966e-03   4.4592222e-02   1.1669091e-01  -5.1651121e-01  -1.5624581e-01  -5.6578988e-02   7.8395299e-02   2.9879704e-01  -7.6780171e-02   2.8415141e-02  -3.9746008e-02  -5.2193804e-01   8.6207950e-03   1.2602471e-01   5.9276777e-02  -3.7102199e-01  -1.0866864e-01  -1.2215410e-01   2.6519309e-01  -7.1959218e-02  -1.9610826e-01   9.1383540e-02  -5.3850957e-02  -3.9691008e-01  -1.6930502e-02  -2.9922879e-02   3.5520536e-01  -3.3430769e-02   1.4728729e-02  -3.1355813e-02   3.8044173e-01  -7.5334563e-02   9.4178831e-02  -1.1059633e-01   1.0800613e-01  -2.1713025e-01  -2.0732683e-01  -1.5597535e-01   3.5715896e-01   1.2687722e-01  -5.3899711e-01   8.7242228e-02   2.5137496e-02  -1.1680108e-01  -2.7574167e-01  -3.7992382e-01  -4.2430204e-02  -1.6685662e-01   1.5938581e-01  -2.9626406e-01   1.9782785e-01  -6.1696982e-03   4.3836206e-01  -4.1751111e-02  -2.9693204e-01   5.0768199e-01   9.4606075e-02   3.8265312e-03   5.6350066e-02   9.4517618e-02  -2.1087768e-01  -3.7620527e-01  -2.4443510e-01  -4.4187060e-02  -8.3867762e-02   7.0946714e-02   9.6760217e-02  -1.1741775e-01  -5.1393004e-02  -2.2579202e-01   2.8872079e-01  -7.6445779e-02  -1.8471750e-01  -2.5024690e-01  -7.4046048e-02   1.6448148e-01   3.1226656e-02   9.5715490e-03   1.1839722e-02  -7.7161579e-03   4.5820735e-02   4.2734775e-01   2.0762998e-01   1.3364949e-02  -1.7493145e-01  -2.8257803e-01  -1.6352961e-01  -1.4727733e-01  -2.4001170e-03   2.3271029e-01   1.7500764e-01   5.4203039e-02  -1.8182001e-01  -1.7601679e-01   3.2700813e-01  -4.2045499e-01   4.0634528e-02  -3.6014256e-01  -5.3994925e-01  -2.6484383e-01  -3.4522062e-01  -2.5633934e-01  -1.5512953e-01   2.6345461e-02  -2.7870004e-01  -2.9669348e-01   4.7784385e-01  -4.3183490e-01  -3.5804945e-01  -3.8325320e-02  -1.9604415e-01  -4.8551719e-01  -7.6317919e-03  -2.2336852e-02   6.0963815e-01  -3.1703434e-01  -3.3284353e-01   2.5763462e-01  -3.7435051e-02  -4.0720736e-01   9.1601221e-02   7.2647369e-03  -9.3168817e-02  -2.5908125e-01   1.5499266e-01   4.4231119e-01   4.3730219e-02  -1.3956746e-01  -2.3679112e-01   2.4135638e-01   3.0356238e-01  -2.8358702e-01  -1.8562055e-01  -3.0171197e-01   8.8834191e-02   2.2488066e-01   5.2773978e-02
  -6.7497380e-02  -3.4983425e-01  -3.4931315e-01   2.4740576e-01   6.7807012e-03  -6.4054366e-02   9.7083327e-02  -3.4965666e-03   9.2806225e-02  -4.4827505e-02  -1.9798973e-01  -1.1163092e-01   0.0000000e+00   3.2814685e-03  -1.0854076e-01  -6.4221605e-02  -2.7551909e-01  -2.1026332e-01  -2.2732748e-01   9.1184892e-02  -2.9480296e-01  -2.1562500e-01   7.5378199e-02   3.6635992e-01  -3.9139120e-02   6.0861736e-02  -1.0230723e-01   2.0848696e-01  -8.7444659e-02  -1.4325980e-01  -4.4344584e-01  -2.0461369e-01   3.1096917e-01   2.5896749e-02   4.4146808e-01  -9.8968816e-02  -1.9450032e-01   2.8824774e-01  -9.4480786e-02  -8.5714929e-02   3.6807385e-01   3.4754321e-01   2.7770091e-01   3.8671297e-02  -2.0275404e-02  -2.7242889e-01   6.4067112e-02  -3.6444937e-01  -4.3147989e-02  -1.9843106e-01   2.6768069e-02   1.1959622e-01  -2.6759453e-01   2.2573095e-01   3.4412441e-03   1.0394683e-01  -1.9128408e-01  -2.4431565e-01   3.1471964e-02  -3.6956358e-02  -2.7525579e-01   3.0314402e-01   1.4131440e-01   3.1375666e-02  -2.4550841e-01  -5.4861095e-02  -2.0783944e-01   4.3954799e-01   8.5948372e-02  -3.3215947e-03  -4.1077217e-01   1.3572685e-01  -2.7348858e-03  -1.9959495e-01  -3.0940448e-02  -2.0501333e-01  -1.6515271e-01  -1.5272455e-01  -1.2959281e-01   7.6948600e-02  -2.2903198e-03  -2.6313542e-01  -2.4552440e-01  -4.4102267e-02  -2.2271628e-01  -3.0836501e-01  -9.9244720e-02   7.1794772e-02   3.9045813e-02  -3.3767393e-02  -1.4206857e-01  -4.4894830e-02   1.1306098e-01   9.8363885e-02   1.3731414e-01   2.0938007e-01   4.8047189e-01  -2.0568274e-01   3.4252909e-01  -1.3804009e-01  -1.4274529e-01   2.5407260e-01  -1.0862073e-01  -1.4171200e-01  -2.0405297e-01  -1.3666092e-01  -1.8795263e-01  -2.0591123e-02   2.4717348e-01   2.5732387e-01   9.8876386e-02  -1.2234718e-01   5.3433743e-01  -1.1800731e-01   1.1738162e-01  -1.2499333e-01  -1.7810601e-01   2.9043257e-01   6.1742351e-03   1.7650673e-02  -1.3368295e-01   2.9663156e-02  -1.6300759e-02  -1.3688289e-01  -7.4593659e-02   1.1594106e-01  -6.4611353e-02   2.8480377e-02   1.5427671e-01  -1.8633259e-01  -1.6512616e-01  -6.9349240e-02   4.6462444e-03  -3.1328798e-01  -1.0064899e-01  -1.3870466e-01   3.5185689e-01  -9.1059135e-02   6.6491694e-02   2.4866939e-01   1.9683301e-01   6.9717228e-01  -6.0760570e-02   1.4196575e-01  -1.6263287e-01  -2.9853338e-01   8.4506121e-03   1.4338251e-01   1.0195034e-01  -1.9903903e-01  -1.1339026e-01  -1.5227173e-01  -5.9905526e-02  -2.5602435e-01   3.4822646e-02   2.3583429e-01   1.6216626e-02   4.1087912e-02  -1.0612068e-01   1.7087822e-01   2.8890907e-01  -2.8507781e-01  -2.0783669e-01   6.2078641e-03  -2.8267042e-01  -3.9911467e-01  -6.0932155e-04   2.5659081e-01   8.3528068e-02   1.1779819e-01   1.2403593e-01   3.2843338e-01   2.7702037e-01   1.7679734e-01   1.1661084e-01  -1.7643103e-02  -1.6663358e-02
   7.4975515e-01  -1.5242195e-01  -3.5111209e-02  -2.7733475e-01  -1.5963853e-01  -3.1990256e-01  -4.5082025e-01   3.4471943e-01   1.7357806e-01  -4.1565836e-01  -2.1161873e-01  -3.6671536e-01   3.2814685e-03   0.0000000e+00  -1.3650558e-02  -5.4493546e-01   6.5094340e-02  -3.7541181e-01   1.6876580e-01  -4.8362619e-01  -1.8938086e-01   1.9498545e-01  -1.4449052e-02   7.1461286e-01  -2.5054334e-01   1.9979972e-02  -4.4720655e-01   4.4794578e-01   1.4799305e-01  -6.1861724e-02   3.7462622e-01  -4.0362573e-01  -3.3408555e-01  -2.6279285e-01   2.2330144e-01  -2.8776508e-01  -9.4159050e-02   1.3533497e-01  -5.2618483e-01  -5.9052705e-01  -2.7902656e-01  -1.9200874e-01  -1.0250843e-01   2.6407939e-01  -2.7590799e-01   5.1212886e-01  -2.1362184e-01  -2.8363712e-01  -5.0632713e-02  -1.4475713e-01  -3.4337850e-01   3.7654549e-01  -2.3064944e-01   1.3473658e-01   4.5756504e-01   3.1714429e-01   3.1913412e-01   1.7647505e-01  -4.4640593e-01   2.4453683e-01   6.6101071e-01  -1.8100295e-01   1.5020017e-01  -8.8844239e-02  -1.9875535e-01  -2.0693693e-01  -3.1227304e-01   3.3988355e-02  -2.2882385e-01   4.7705056e-01  -1.3544327e-01  -3.6879804e-01  -1.5781578e-01   7.2860864e-01  -3.9935924e-01   5.0410798e-02   5.2175884e-01   2.1599972e-01  -1.1959241e-01  -7.3842143e-02   2.5579688e-01  -1.9945715e-01  -3.6520165e-01   2.3784011e-01   7.6768487e-01   1.1561328e-01   3.8554719e-01   6.9390374e-01  -1.5536500e-01   6.6415697e-01  -2.4806926e-01   4.4494809e-01  -5.1547465e-01  -2.6169436e-02   4.1363690e-01  -3.5666212e-01  -2.9364138e-01  -9.0287885e-03  -3.2465168e-02  -3.7723887e-01   5.9234349e-01  -3.0009787e-02   1.7921270e-01   2.7666091e-01  -2.4438676e-01  -1.4363924e-01   3.9510426e-02  -7.3237596e-02  -2.1333416e-01  -4.6290709e-02  -5.1347997e-01   1.5776080e-01  -3.3660381e-03   7.2081647e-01  -6.8222648e-02  -2.0150903e-02   3.0591097e-01  -1.7528886e-01   1.3889193e-01  -3.6198326e-01   3.3375714e-01  -2.6273050e-01  -1.9619580e-01  -1.7813495e-01   6.9051400e-01   6.7684167e-01  -2.9775864e-01  -7.4455847e-02   7.4162785e-02   2.4845061e-01  -3.5722947e-01  -2.4785345e-01   7.7214820e-01  -1.3988501e-02  -1.2652673e-01   5.6262730e-01  -9.3041430e-02   5.8206741e-01   3.1794874e-01   5.2360253e-01   7.1740633e-01   6.1232606e-02  -2.0128836e-01   3.4011096e-01  -7.3183330e-02   3.7526537e-02  -2.8924804e-01  -2.6380233e-02  -3.4651681e-02  -1.5552860e-01   6.9925972e-01   5.0691453e-01   4.3179218e-01  -1.0672767e-01  -3.3205369e-01   7.1779890e-01   6.5658643e-01  -5.8620250e-01   3.0041414e-01   4.8162982e-01  -1.8252195e-01  -3.3657098e-02  -2.4794865e-01  -1.5199446e-01  -1.6193276e-01  -2.6489185e-01  -1.8072774e-01   9.2223470e-02   4.9593020e-01  -2.1888303e-01  -1.4481101e-01   9.2273556e-02  -1.9577920e-01   2.7970793e-01  -2.5868196e-01  -3.8180481e-02  -1.3775914e-01
