   0.0000000e+00  -4.1238413e-01  -8.8386099e-02  -7.2866691e-02   3.8555444e-02   2.1090125e-01  -5.0713500e-02   1.2255120e-01   2.4849165e-01  -3.2050197e-01   1.4649136e-02   1.5847522e-01   2.6540770e-02   6.0728244e-01   7.7029142e-02   4.9885513e-02  -3.5901967e-01  -3.4047668e-01   1.1943110e-01   2.8715242e-01  -1.0009822e-01   1.3583719e-01  -4.1005105e-02   6.5879835e-01   1.6990480e-01  -8.9383362e-02  -2.0353665e-01  -4.1547090e-02   3.4181866e-01  -2.6969481e-01  -2.0985774e-01  -1.2477303e-01   7.0671561e-02  -1.9584893e-01  -2.7301082e-01  -4.0488407e-01  -1.9576970e-01   4.2611874e-01  -2.5978113e-01  -3.0462449e-01   2.8031890e-02   1.5566012e-01  -1.2469374e-01   2.5775124e-01  -2.7477813e-01  -7.3434466e-02  -3.2079873e-01  -4.6599270e-01  -4.7027140e-01  -4.1366452e-01  -9.4417256e-02   1.8233918e-01  -1.7556745e-01   6.5816370e-02   1.8654262e-01  -2.1154939e-02   1.7203205e-01  -1.8602723e-01   4.8746989e-02   3.0989316e-01   1.4530097e-02  -2.1571739e-01   3.6040968e-02  -1.0855865e-01  -2.9598319e-01   3.8629871e-01   3.7382487e-02   1.3585001e-01   1.0778251e-01   3.0074643e-01  -4.8334513e-01   4.2543746e-02  -4.0797011e-01   6.1765771e-01   1.6239637e-01  -2.6093828e-01   1.0057136e-01   2.3588855e-01  -9.8831806e-02   2.2539299e-01   1.6668063e-03  -2.2210187e-01  -2.9014715e-01   6.3260522e-02   3.5639004e-01  -7.8678850e-02  -3.6589775e-01   5.4271480e-01   2.3666434e-01   7.7109479e-01   7.9175578e-02  -9.3911743e-02  -2.1925468e-01   3.9249421e-01   4.3550089e-01   3.6091618e-01   3.0325856e-01   1.9565192e-01  -5.6329978e-02  -2.8859856e-01   2.8133782e-01   2.5249915e-01  -2.2652085e-01   2.0701712e-01   5.5203541e-02  -3.2580914e-01  -3.1013247e-01   1.4884544e-01  -3.7480782e-01  -2.3678238e-01  -5.3008281e-01   1.3430963e-01   2.0249094e-01   6.1148651e-01   9.5128153e-03   2.5281786e-02   2.2963231e-01  -3.1350695e-01   4.0761808e-01   1.8304338e-01   3.5774934e-01  -1.3051279e-04  -8.7156324e-02  -1.1413011e-01   5.6421523e-01   5.8806505e-01  -8.1670695e-03   1.1885505e-02   1.5691378e-01  -1.9763784e-01  -3.3147124e-01  -2.9058286e-01   4.3880311e-01  -2.4711189e-01   1.7387008e-01  -5.8209939e-02   1.6098183e-01  -3.7566028e-01  -5.9605976e-02   7.7614691e-01   3.6505359e-01   2.5642079e-01   2.5783441e-01   7.2029462e-02   1.1716910e-02  -3.3115064e-01  -3.7940694e-01   9.6518892e-03   1.2204202e-01   2.3767003e-02   5.3991562e-01  -2.1257685e-01   3.9249666e-01  -1.4974494e-01  -2.4133778e-01   4.7580624e-01   1.3949055e-01   1.2192035e-02  -3.8036319e-02   1.2975093e-01   3.2031702e-01  -6.0455413e-02   4.5203779e-01  -1.0000805e-01  -1.4424717e-01   5.3756322e-02  -1.8917760e-01   1.5667303e-01   2.7155744e-01  -3.3518693e-01   1.3878543e-01   1.8658638e-01   1.6263936e-02   1.0519688e-01   4.5177191e-01   5.1356202e-02   1.8251840e-01
  -4.1238413e-01   0.0000000e+00   2.3214980e-02   1.6950305e-01  -5.9503779e-02  -4.4222391e-01   2.8955584e-01  -5.2402179e-02   1.2640208e-01   2.2176891e-01  -1.9483365e-01   3.2210309e-01  -1.6091509e-01  -2.7387666e-01  -1.8957833e-02   3.9628979e-02   2.1384201e-01   1.0644691e-01  -8.7999982e-02  -2.0093522e-01  -3.3483563e-02  -6.4966550e-02  -6.5216068e-02  -2.2610900e-01  -2.8413435e-01   5.9932351e-02  -1.2210281e-01  -1.0863197e-01  -2.1284571e-01   2.6376631e-01   1.7163891e-01   8.9828649e-02   4.2560410e-02   2.8272354e-01   3.7913137e-01   3.0278521e-01   6.3597806e-02  -4.5995385e-01   1.9130436e-01   3.7008400e-01  -3.1063917e-01  -1.6098179e-01   2.7431492e-01  -1.8305054e-01   2.0659466e-01  -4.7491022e-01  -9.7129935e-02   6.2022241e-01   2.0534313e-01   2.9409837e-01   1.4842896e-01  -2.1923969e-01   3.7950843e-01  -2.4879417e-01  -1.7827283e-01  -3.0031143e-01  -1.0445716e-01  -3.5807053e-02  -6.4544025e-02   1.4676420e-01  -2.9283398e-01   4.9494899e-02   4.8901078e-02   7.7082810e-04   1.5659829e-01  -2.1238472e-01  -3.7801244e-01  -1.9747492e-01  -2.2224756e-01  -2.8067394e-01   6.4320436e-01   1.9307664e-02   1.9717241e-01  -1.2459033e-01  -1.3909044e-01   9.5440870e-02  -4.1886921e-01  -3.2939793e-01   1.8401831e-01  -3.2703248e-01   7.1645115e-02   1.3335882e-01   2.6191497e-01  -8.9244118e-03  -3.4989905e-01  -5.0809712e-02   4.2094098e-01  -2.5533882e-01   8.8001009e-02  -3.9489829e-01  -3.6060275e-02  -9.1598151e-02   3.2472013e-01  -7.5363705e-02  -4.2916380e-01  -2.6513835e-01  -4.1852899e-01  -2.3363595e-01   1.8113467e-01   1.9020745e-01   1.5196940e-02  -2.7399365e-01  -9.8341492e-02   2.7003037e-01   4.9450732e-02   1.3158491e-01  -8.3243012e-02  -2.3951236e-01   1.9951892e-01   2.5047028e-01   4.6740818e-01  -2.3926180e-01  -2.3582012e-02  -4.4280033e-01   1.1776085e-01   9.6069878e-02  -4.9729361e-01   7.1313122e-02  -2.3760259e-01  -2.2757137e-02  -4.1298348e-01   1.4522939e-01   7.6069545e-02   1.6591473e-02  -5.0681994e-01  -2.2688509e-01   4.0300754e-02  -2.4279741e-01  -2.4991229e-01   6.8145569e-02   4.1898046e-03   1.6438988e-01  -8.2138846e-02   2.5069005e-01  -1.1125507e-01  -3.0087051e-02  -8.2527761e-02   3.0499451e-01  -2.0626677e-01  -3.6658152e-01  -1.8653189e-01  -7.1614558e-02  -2.5693345e-01  -1.6049388e-01   8.9155636e-02   8.7943458e-02   5.4856636e-01  -7.5906546e-02   1.1517126e-02   5.0304599e-02  -2.8298371e-01   1.1638818e-01  -4.2995605e-01   1.3132899e-01   5.1420622e-01  -1.6908853e-01  -3.8045563e-01   4.2436152e-02  -7.4057124e-02  -2.9051074e-01  -2.1641308e-01  -1.4341897e-01  -2.6552272e-01   1.3948945e-01   7.8390641e-02   2.5186473e-01   3.1584575e-01  -1.0637064e-01  -3.0695638e-01   3.9900937e-01   5.8411985e-02  -2.8840492e-01  -6.5402569e-02  -3.0789460e-02  -3.5164282e-01  -3.2876888e-01   6.2311793e-03
  -8.8386099e-02   2.3214980e-02   0.0000000e+00  -1.8689813e-01   1.0531815e-01  -5.4812099e-02  -6.4286925e-02   6.7963771e-02  -3.6113070e-01  -4.5919876e-01  -2.4436685e-01   4.3071441e-01   3.1919173e-01   4.2948392e-02  -2.1873800e-02  -2.5003629e-02   7.8384832e-01  -4.3375039e-01  -3.6703435e-01  -3.7822314e-02  -8.2319486e-02  -1.7055594e-02   7.3301575e-02   2.2804682e-01   2.1087371e-01   2.1187856e-01   7.5663210e-02  -7.8999406e-03   2.3527514e-01  -2.4076159e-01   2.1344609e-02  -9.4647060e-02  -2.3620855e-01  -7.2310619e-02   4.2998610e-02   4.5078610e-02  -5.0177046e-01   3.3945500e-01   1.7892454e-01   3.3264349e-01   5.9187739e-02  -2.7927530e-01   1.8215148e-01  -2.1301521e-01  -4.8464409e-01   4.2289605e-01   5.8341629e-02  -9.2697458e-02  -4.3617818e-01   3.3097558e-01  -3.9452302e-01   4.7641180e-02   3.6017765e-02   1.1470304e-01  -8.8263800e-02  -1.3071963e-01  -3.0508057e-01   4.5325443e-01  -2.2407910e-01   4.3357239e-02   5.7542655e-01  -4.3858878e-01  -3.0574960e-02  -3.4025917e-01  -5.2819778e-01   2.4633467e-01   2.3033530e-01   2.7265018e-01   5.9112734e-02   2.0677378e-01   1.1171721e-01  -3.3724119e-01   1.8306301e-01   1.8264249e-01   2.3648883e-01   5.6747069e-02   6.2327567e-01  -2.1437988e-01   3.9361514e-01   8.7960681e-02   6.9462743e-02   1.1923243e-01   8.0457738e-02   5.1962080e-02   5.8645408e-01  -2.5353027e-01  -1.1996834e-01   1.0007940e-01  -1.3597465e-01  -4.2114832e-02   2.5776878e-01   4.9130115e-01   4.4457542e-01  -7.1652237e-02   4.5402877e-01   4.4402907e-01  -8.4926026e-02  -4.0155538e-01  -1.0673722e-01  -3.0708409e-01   4.3701207e-01  -1.3707413e-01   2.9403810e-01  -2.1999052e-01  -1.7930230e-01   2.8193436e-01   1.4460038e-01  -3.1957363e-01  -4.6868999e-01   3.2642619e-01   2.1562602e-01   2.6916125e-01  -4.2198034e-01   2.4908153e-01   5.3025612e-01   3.9427292e-01  -2.1334801e-01   8.2662544e-02   1.0725255e-01  -8.8732507e-02   3.2638500e-01  -1.9029125e-02   5.0887837e-01  -3.9318275e-01   2.0829078e-01   4.7358032e-02  -4.2561277e-01   1.0340159e-01  -3.1148332e-01   6.7421021e-01  -2.0513754e-01   8.5914368e-02   4.0923514e-01   7.9350706e-02   1.9572048e-01   6.8163223e-02  -1.3280583e-01   2.8868599e-01  -3.0702763e-01   1.0534352e-01  -1.8944822e-01  -2.9772541e-01  -4.7732402e-01   4.1332905e-02  -3.0040604e-01  -5.7976497e-02   3.5152740e-01   1.3679542e-01   3.7060725e-01  -3.5975813e-01   4.7498670e-01   6.0688044e-02   1.3757098e-01  -4.6575992e-01   2.0381896e-01   1.1153031e-01   5.1428464e-01  -3.9992632e-01   2.3611362e-01  -9.7672051e-02  -1.3454254e-01  -5.3364353e-01   2.1449927e-01  -2.2694248e-01   3.8585306e-01   3.0017119e-01  -2.7809231e-01   2.7242562e-02   3.1341289e-01   1.6565152e-01   2.7192064e-01   2.1034671e-01  -5.1068566e-01  -1.2690968e-01   3.6276178e-01  -1.6453415e-01   1.0221785e-01
  -7.2866691e-02   1.6950305e-01  -1.8689813e-01   0.0000000e+00   1.7959282e-02   1.0185251e-02   7.7059939e-02  -1.5675661e-01   2.4131134e-01   8.0328123e-02   3.3819496e-02  -7.2275820e-03  -2.8255781e-01  -1.8744257e-01  -1.2452619e-01   3.9335522e-01  -8.3921416e-02   5.0947630e-01   2.5999230e-01   1.1232408e-01   1.8246482e-01   3.4416981e-01   2.6061786e-01  -2.0608873e-01  -3.1382625e-01   2.3573972e-02  -2.2159678e-01   1.1649527e-02  -1.2597073e-02   2.4911091e-01  -3.1110960e-01   4.6928424e-01   4.6311942e-01  -1.1467579e-01  -1.5203737e-02   5.9775824e-02   7.6803255e-02  -2.9071136e-01   4.8353024e-01  -1.3699476e-01  -7.1813846e-02   1.8034554e-01  -3.7950739e-02  -8.3042226e-02   2.3061268e-01  -1.4626655e-01  -6.1056047e-02   7.1104315e-03   1.5355184e-01  -9.9753358e-02   5.3565350e-01  -1.8944110e-01  -1.2832409e-01  -1.2447782e-01  -2.4357575e-01  -5.2542129e-02   3.8378902e-01   7.5513622e-03   4.8711401e-01   1.9789702e-01  -1.5649166e-02  -6.8866972e-03  -1.5744924e-01  -8.7173362e-02   1.9206031e-01   1.8026703e-02  -2.1629217e-01  -2.6008788e-01   8.2770067e-02  -1.8824833e-01   2.5248782e-02   4.1736461e-01  -7.7532230e-03  -6.8402064e-02  -1.3945841e-01  -5.8187430e-02  -5.5237767e-02  -3.6330800e-02  -1.0435135e-01  -2.2324365e-01  -1.3331483e-01   4.2708004e-02  -1.6921364e-01  -1.2254436e-01  -2.6260979e-01   2.2962934e-01  -9.3567000e-03  -2.0406196e-01   2.1268464e-01  -2.3525340e-01  -1.3685832e-01   3.0001118e-01  -3.5112758e-02   1.2535683e-01  -2.1144318e-01  -1.1521805e-01  -2.3793673e-01   9.9650477e-02   3.7619010e-01   1.2272946e-01  -2.7766537e-01   3.0602940e-02  -2.1844890e-01   1.4810420e-01   5.9895819e-01   1.3195437e-01  -1.7752077e-01   2.8049191e-02   8.0406709e-02  -2.7284342e-02  -1.7996216e-01   1.0839778e-01   2.9378456e-01  -3.3543508e-01  -6.3676636e-02  -8.7803787e-02  -4.6942419e-03  -1.0580849e-01  -5.1148296e-02   5.2631045e-01  -2.0204430e-03  -6.7858846e-02  -3.0366591e-01   1.7041030e-01  -2.2585674e-01   1.3546339e-01   4.8637228e-01  -3.3163518e-01   1.9250350e-01  -2.4775776e-01   4.2552214e-02  -2.2155363e-01  -1.3009382e-01  -6.7082557e-02   1.0269204e-02  -8.0219217e-02  -1.1915048e-01  -9.2925403e-02   3.7199031e-02  -2.6862396e-01  -3.1324685e-01   2.1108701e-01   1.4785269e-01   1.0632232e-01   2.8441660e-01   2.1850011e-01  -3.3240586e-03   9.0739414e-02   1.3235123e-01   1.0933460e-01  -2.5075881e-01  -1.9436887e-01   6.9304070e-03   1.7362656e-02  -1.1273184e-01  -4.8290370e-01  -2.8856088e-01   3.0142800e-01   2.1433303e-01  -7.6475157e-02   1.6089407e-02   1.6999493e-01  -1.2618545e-01   6.1952616e-01  -4.6329992e-02  -1.5538437e-01  -1.1380118e-02   3.3739569e-02  -2.8878221e-01  -2.6584943e-02  -2.7828365e-02  -4.1214964e-01   3.7320613e-01   1.6414626e-01  -2.7021522e-01  -2.5241286e-01   2.8343649e-01
   3.8555444e-02  -5.9503779e-02   1.0531815e-01   1.7959282e-02   0.0000000e+00  -1.1726166e-01   5.8419552e-02   1.9276458e-02  -2.2742029e-02  -2.4608690e-01  -2.7632770e-01  -1.5494908e-01   2.1218573e-01  -3.1097556e-01  -4.5916202e-01  -8.3184124e-02   2.3011240e-01  -3.0406191e-01  -1.7321481e-01   7.4069745e-01  -3.4164424e-01  -6.6216968e-02  -1.8771895e-01  -4.6614857e-03  -1.6765681e-01   3.9183599e-01   4.3947137e-02   3.7739258e-02   8.3413856e-02  -2.4965666e-01  -3.3746037e-01  -1.1383862e-01   2.4440031e-02   4.3616305e-02  -2.4816793e-01   2.3953209e-01  -7.7540451e-02   1.6333134e-01   8.3197969e-02   2.0789258e-01   2.5629475e-02   1.3676865e-01   2.2194958e-01  -2.1562063e-01  -1.8612355e-01   2.0852601e-01  -3.4373660e-01  -8.6020313e-02  -2.4791450e-01   2.4636618e-01  -1.8989837e-01  -5.2167795e-02   1.0476689e-01   1.5789414e-01  -1.9410805e-01  -3.5163365e-01  -1.5751759e-03  -4.7900763e-02  -2.7227420e-01  -2.9101054e-01   2.7454007e-01   7.5253653e-02  -8.5512222e-02  -1.9804059e-01  -2.3641238e-01   1.8917815e-01  -5.8470059e-03  -1.9387420e-01  -4.2781070e-01   2.2093261e-01   2.9455069e-01   6.9415972e-02  -3.2185086e-02  -1.8897999e-01  -5.1199506e-02  -2.2902909e-01   2.3698181e-01  -1.4053884e-01   4.1871768e-01  -4.8722683e-02   3.5143589e-02  -1.7357820e-01  -2.7091700e-02   1.9830940e-01   2.6095936e-01  -2.1704077e-01  -2.7920484e-01  -1.3628946e-01   5.1335417e-02  -3.6138079e-02   6.3158384e-01   3.5141630e-01   4.6443822e-01  -1.9099494e-01   3.1351259e-01   5.8162653e-01  -6.2044504e-02  -2.5175411e-01  -4.1326484e-02  -2.2700459e-01   1.2361103e-01  -3.3008892e-01  -2.2341154e-01  -3.1431438e-01  -1.0749534e-01  -7.8806865e-02   1.0585447e-01  -4.1364287e-01  -2.9150163e-01  -5.9961585e-02   1.5013099e-01  -8.4484235e-02   1.0123660e-01   1.0044967e-01   1.9797584e-01   3.7859387e-01  -1.4160604e-01   3.9016580e-02   8.3824638e-03   1.1051485e-01   1.2497198e-01   7.5568636e-01   3.3997448e-02  -9.5865847e-02   2.1247149e-01  -1.3326363e-01  -1.6256680e-01  -1.2180909e-01  -1.8494167e-01   3.5741024e-02  -9.7052092e-02  -8.2849836e-02  -8.4919167e-02  -3.6982589e-01  -7.5397063e-02  -2.4578478e-01  -1.5865824e-01  -9.8079779e-03  -3.2607411e-01  -6.0380007e-03  -3.2611718e-01   2.4304137e-01  -2.8009327e-01  -5.8945749e-02  -3.4642246e-01  -4.5605685e-01   2.3693675e-01   1.1093708e-01   1.1880537e-01  -1.6363947e-01   5.7262486e-02  -1.4969915e-01   2.5666362e-01   5.1075720e-02  -4.6404729e-02  -4.4327441e-02   2.1865051e-01  -1.6265463e-02   3.1397463e-01  -9.1149661e-02   1.7197959e-01  -2.2465553e-01   2.7879780e-01  -3.0860080e-01  -1.0164947e-01   2.7418819e-01   8.8562672e-02  -9.3209123e-02   1.0967693e-01   3.9729656e-01   3.9199737e-01   1.8778001e-01  -4.4190899e-02  -5.0675070e-02   5.1637956e-02  -6.4860143e-02  -3.6728158e-02
   2.1090125e-01  -4.4222391e-01  -5.4812099e-02   1.0185251e-02  -1.1726166e-01   0.0000000e+00  -2.0169676e-01   2.4139595e-01   8.5093929e-02  -3.2807710e-02   4.0200154e-01  -7.9401791e-02  -2.2480727e-01   2.5571902e-01   2.1565387e-01   2.0328179e-01  -4.2213823e-02   2.1474938e-01   4.1899074e-01   7.7099128e-02   2.9496895e-01   4.3498818e-01   2.6246426e-01   8.2130189e-02  -1.2551669e-01   2.3531803e-01  -1.9202631e-01   3.1695115e-01   2.9802983e-01  -3.4496238e-01  -1.7450752e-01   4.2305427e-02   2.5907595e-01  -3.0462298e-01   1.0391714e-01  -1.2503554e-01  -6.5707299e-03   1.3887944e-01  -1.9335780e-01  -3.9489231e-02   1.4626636e-01   3.8056195e-01  -2.7832712e-01   5.8571596e-01  -5.1634758e-02   2.1498853e-01   4.0037344e-01  -4.0336814e-01  -5.5223431e-02  -1.3360437e-01   2.2709409e-01   4.4680865e-01  -4.3375814e-01   1.3588478e-01   2.7439994e-01   4.7603126e-01   3.7293734e-01  -1.5022348e-01   2.1645845e-01   2.3651998e-01   3.0777201e-01   8.1280486e-02  -2.7424015e-01   5.6336331e-02  -1.4439810e-01   2.4705239e-01   5.7203833e-01  -7.1184059e-02   3.4644765e-01   3.7854830e-01  -5.3311156e-01   2.3968227e-01  -3.5399158e-01   2.2129515e-01  -1.7006345e-01  -2.7761103e-02   1.6110133e-01   3.7502205e-01  -1.6242842e-01  -6.9341040e-02   4.5688946e-01  -4.3738177e-01   2.0520451e-01   8.1888004e-03   3.0718473e-01  -1.2796555e-01   9.7630720e-02   8.7811098e-02   1.1544806e-01   1.4821348e-01  -1.3421245e-01   1.4425296e-01  -2.4685071e-01   2.1690147e-01   2.2877318e-01  -8.6738591e-02   2.0808592e-01   3.7416951e-01  -8.4184621e-02  -1.2439607e-01  -9.8219647e-02   1.9917813e-01   4.4450386e-02  -1.0024855e-01   2.0075995e-02  -3.0813005e-01   1.8693871e-01   5.1356086e-01  -1.4751663e-02  -1.0227442e-01  -2.7491812e-01   3.2098217e-01   2.5291671e-01   1.4950760e-01  -1.9021716e-01  -3.5782458e-01   5.0617534e-01   5.1628592e-02   2.8417468e-01   2.2722303e-01   1.6761968e-01  -2.2111317e-01  -9.3573518e-02  -1.6255511e-01   2.6797040e-01   4.6212942e-01   2.4383290e-02  -1.7449538e-01   3.3624103e-01   1.5292641e-01  -4.8317166e-02  -6.8936706e-02   1.5958714e-01   2.3845304e-02  -1.5651275e-01   1.8120588e-01   1.1877023e-01  -2.3229673e-01   1.6057803e-01   6.6781689e-02   1.0031916e-01   3.2895169e-01   4.3918860e-01   5.6302471e-01   1.4974271e-01   2.0391664e-03  -3.0442338e-01   5.4256723e-02   1.8940469e-01   1.6944978e-01   1.1013031e-01   3.6928994e-02   2.4136243e-01   6.0391464e-02   1.9703410e-01  -5.9927297e-02   8.0427095e-02   8.5068621e-02   2.1644088e-01   3.4739411e-01   2.4383724e-01   2.6819857e-01   1.9511519e-01   1.7393958e-01  -3.3840087e-01  -4.6430938e-01   2.3272407e-02   4.3662001e-01   2.4035558e-01  -1.9803135e-01  -1.4731879e-01   9.1561245e-02   2.2162756e-01   5.9624255e-01   6.0914387e-02   1.8261642e-01   2.6799731e-01
  -5.0713500e-02   2.8955584e-01  -6.4286925e-02   7.7059939e-02   5.8419552e-02  -2.0169676e-01   0.0000000e+00  -3.7413051e-01   2.3782839e-02   8.1408560e-02  -2.6854297e-01   3.5034940e-01   2.2386378e-02  -4.1375908e-01  -7.6905618e-02   1.8860004e-01  -2.0965381e-01  -2.7219362e-02  -1.4376583e-01   1.4152821e-01  -2.9404681e-02   9.8557408e-02   1.7184616e-01  -8.8947473e-03  -2.4111292e-01  -7.1149143e-02  -2.0483234e-01   1.1186065e-01   1.8116623e-01   3.6448232e-01  -1.9167853e-01   1.5216598e-01   3.1721979e-02   6.6917487e-01   3.1559313e-01   6.3782978e-01   7.3004814e-02  -2.1770493e-01   1.1176090e-02   4.4820016e-02  -1.5412047e-01  -1.9657583e-01   1.5570013e-01  -2.6717139e-01   8.3139197e-02  -1.1983324e-01  -1.8054418e-01   3.6323454e-01  -9.7918176e-02  -3.6991933e-01   3.2098691e-01  -3.3875916e-01   3.9111833e-01  -4.9078899e-01  -4.3122122e-01  -3.8605212e-01  -3.3538303e-02   8.7205851e-02   2.7904373e-02   3.7912735e-01  -1.2766360e-01   1.5858287e-01  -1.0633209e-01  -2.8960491e-01  -7.7884073e-02   3.3761181e-01  -3.3371320e-01  -1.0995620e-01  -3.4783192e-01  -9.1662697e-02   1.6508031e-01   1.1202054e-01   1.1077759e-02  -8.2287937e-02  -1.2221171e-01  -2.4853478e-01  -2.7305860e-01  -3.2596650e-01   4.7869904e-01  -2.3719381e-01   3.4127014e-01   5.6947054e-02  -1.5901864e-01  -2.9830082e-01  -8.1833121e-02  -3.1101687e-01  -1.1509207e-01  -3.9653154e-01  -9.1938974e-02   1.4881446e-01   3.2127136e-01  -6.9744671e-02   2.9008906e-01   3.4291898e-01  -3.2583041e-02  -9.6617822e-02  -1.6059946e-01  -2.5667614e-01   3.8952612e-01   1.4453750e-01  -1.3183566e-02   1.7698406e-01  -1.1625954e-01   1.5933285e-01   3.4443470e-01  -2.0084960e-02  -3.2233088e-01  -4.8568310e-01   4.5002580e-02   2.7149528e-01   3.0249757e-01   2.2595822e-01  -1.3778492e-02   9.7144820e-02   1.2665191e-01   2.4218136e-01  -3.7571013e-01  -4.3796067e-02  -1.2197720e-01   1.5780102e-01  -1.8856013e-01   1.5589550e-01  -2.8941808e-01  -9.5971371e-03   1.5307529e-01  -1.4818124e-01   1.3481705e-01  -4.7826900e-01  -2.7071039e-01  -3.0148707e-01  -1.0537979e-01   5.0361829e-01  -1.5653365e-01   1.9465334e-02   1.8299683e-02  -7.8789006e-02  -2.8213632e-01  -1.9337847e-02  -4.6554033e-01  -1.0170794e-01  -4.6756199e-01   8.8839587e-03  -2.4965312e-01  -3.8047211e-01   1.8032237e-01  -2.6013235e-02   3.1225929e-01   9.8457198e-02   3.9666904e-01  -2.4842854e-01  -9.3892392e-02  -1.8299215e-01  -2.7648206e-01  -1.3503317e-03  -6.1226404e-02  -2.0414571e-01  -2.3999698e-01   2.0673357e-01  -2.1405721e-01  -4.3457851e-02  -1.9950679e-01  -2.8711150e-01  -4.0625251e-02   7.9064342e-02  -3.1565935e-02   5.1269361e-01   2.5455219e-01   2.1711847e-02  -4.0786163e-01  -1.0270360e-01   4.3634805e-01  -3.2301201e-01  -8.8275919e-02  -1.9537324e-01  -1.4315078e-01  -4.7623752e-01   1.8824634e-01
   1.2255120e-01  -5.2402179e-02   6.7963771e-02  -1.5675661e-01   1.9276458e-02   2.4139595e-01  -3.7413051e-01   0.0000000e+00  -6.4638553e-02  -2.8289273e-01   2.6513649e-01  -1.0879712e-01  -7.5332707e-02   2.3665340e-01   1.2254713e-01   3.0168230e-02   1.5430276e-01  -9.0306757e-02   7.0619291e-02  -1.6903563e-01   1.3737696e-01  -1.9794012e-02  -7.7689618e-02   1.2605100e-01   1.0405400e-01   5.3664807e-01   2.0029599e-01   9.8106955e-03   1.1939123e-01  -1.8497263e-01   2.3906780e-01  -4.2140088e-02  -4.7532597e-02  -2.4136770e-01  -1.8000901e-01  -1.6520439e-01  -2.1221007e-01   1.1289953e-01   2.4018578e-02   1.5357783e-01   8.9724204e-02   3.0019364e-02  -2.0333659e-02   3.4941878e-01  -1.9442853e-01   1.5216736e-01   3.7730606e-01  -1.8890212e-01  -1.5828532e-01   1.8638902e-01  -2.1270319e-01   6.9219650e-01   2.2390865e-02   1.4308522e-01   3.2301152e-01   1.7602329e-01  -8.7826565e-02   1.7720273e-02  -1.0755574e-01  -9.5339537e-02   9.9856665e-02  -3.0295357e-01   8.8165544e-02   2.9659974e-01  -4.4507777e-02   6.2626808e-03   2.5329962e-01   1.6130181e-01   3.3801986e-01   1.7882758e-02  -1.5775720e-01  -1.5052056e-01  -4.0121635e-02   7.1630564e-02   4.5187389e-02   2.6163557e-01   1.7133056e-01   2.3004406e-01  -6.0550775e-02   1.1802670e-01   2.2867022e-01  -2.5013741e-02   3.2452464e-01   6.2268639e-01   1.3195485e-01   9.8686121e-02  -8.5698923e-02   8.7675174e-02   6.0454763e-02   6.8410862e-02   6.7988300e-04  -9.5622101e-02   5.2566997e-02  -8.8503510e-02   1.3624446e-01   1.2429444e-01   1.3738067e-01   1.4273695e-01  -1.8343561e-01  -1.2710563e-01   5.9069648e-02  -1.2851904e-01   2.0470886e-01  -8.9780875e-02  -2.7670879e-01   1.9474409e-01   3.3275401e-01   3.4411696e-01  -1.6670419e-01   6.2774069e-02  -6.5661642e-02   2.7825197e-02  -3.7968451e-02   1.2021410e-01  -5.0326546e-02   7.2534377e-02   1.5094634e-01   5.2165188e-02   1.2815892e-01  -1.4573256e-01   2.3739053e-01  -1.8634821e-01   1.8552181e-01   2.7425084e-02   5.3205626e-02   1.5281401e-01  -1.8888182e-01   6.4468574e-02   1.6921595e-01   2.2405136e-01   4.6247787e-02   7.1851776e-02   3.5253349e-02   1.9462524e-01  -1.8256585e-01   3.5672419e-01   1.0761446e-01  -2.9454621e-02   1.5541673e-01   2.8592347e-02   2.7513029e-01  -1.5045564e-01   1.3252323e-01  -4.1693857e-02  -8.8221394e-02   1.8276493e-01  -1.8028816e-01   2.5637184e-01   1.2218649e-02   1.2526571e-01   9.5491231e-02   3.9311432e-01   2.0097483e-01   2.6679479e-01   2.7446272e-01   1.8465076e-01   1.6706403e-01  -3.2706600e-02   5.1613862e-02   6.4912082e-02   6.1073280e-02   1.3765816e-01   2.2728642e-01  -6.0905873e-02   6.2933447e-02  -1.3166097e-01   1.2378080e-01   2.1991508e-01   4.2418298e-01   2.4287222e-01  -5.4658128e-03   1.7246753e-01  -4.0273325e-03   8.2031256e-02   1.2965117e-01   2.7129073e-01   2.0056813e-01
   2.4849165e-01   1.2640208e-01  -3.6113070e-01   2.4131134e-01  -2.2742029e-02   8.5093929e-02   2.3782839e-02  -6.4638553e-02   0.0000000e+00   3.5193670e-01   2.8141009e-01  -1.4087695e-01  -6.7918782e-01   2.1425337e-01  -2.6480957e-02   4.8203109e-01  -2.7851675e-01   4.1786003e-01   3.3883084e-01   1.1514588e-01   1.3571309e-01   4.3542912e-01   1.8813650e-01  -1.0973788e-01  -5.3102202e-01  -8.4133211e-02  -6.3027172e-01   3.5984845e-02   4.6458021e-02   1.3975029e-01  -2.1641730e-01   9.3514220e-02   7.0089460e-01  -2.2829937e-01   2.2383135e-01  -1.4664985e-01   3.8311292e-01  -4.3157089e-01   1.3229316e-01  -2.2437018e-01  -1.5236161e-01   7.5172422e-01  -1.4043097e-01   4.2911074e-01   5.4926346e-01  -5.4707334e-01  -2.8338051e-01   5.0023680e-02   3.2016013e-01  -1.8662264e-01   6.1644667e-01   1.2960901e-01  -2.5499722e-01   2.8133768e-01   5.4174079e-02   1.1565373e-01   4.7690025e-01  -6.3500520e-01   5.1701433e-01   4.7292218e-01  -5.7765873e-02   4.4854868e-01   9.9755136e-02   1.6030420e-01   4.2839847e-01  -7.5624903e-02  -2.6900416e-01  -3.9979222e-01  -2.4194224e-01   2.9511443e-01  -8.0361156e-02   8.1843025e-01  -2.8037826e-01   1.5391938e-01  -3.5438491e-01  -3.3423630e-01  -2.5172111e-01   1.4498078e-01  -3.8675829e-01  -1.7896536e-01   2.1795202e-02  -5.6201615e-01   2.0243709e-01  -2.3399163e-01  -2.3650188e-01   7.8708182e-02   3.9569516e-01  -6.5321068e-03   4.5852834e-01   1.9264720e-02  -1.5338707e-01   1.7710152e-01  -2.9438316e-01   4.3600026e-01  -1.9226766e-01  -3.7048867e-01   1.2177322e-01   2.8085914e-01   4.3423265e-02   3.2782817e-01  -2.4199506e-01   7.4270400e-02  -5.1898502e-01   5.4584797e-01   3.8315631e-01  -6.7317425e-01   1.6809836e-01   3.1724070e-01   3.6966235e-01  -4.2222853e-01  -1.7859657e-01  -2.8729803e-01   8.3170889e-01  -2.9166748e-01  -2.3510391e-01  -4.8711837e-01   1.2356490e-01  -3.6201662e-01   4.1758089e-02   5.8573023e-01  -7.0728552e-02  -8.3481405e-02  -2.6501776e-01   2.0573122e-01  -1.4904468e-01   2.8215988e-01   5.8284272e-01  -3.1205215e-01   4.9798191e-01  -2.8288417e-01  -1.9969554e-01  -3.8275990e-01  -4.8553431e-03  -6.2491775e-02   1.2291862e-01  -2.7187982e-01   3.8307190e-01  -2.0036141e-01  -5.4000392e-02   5.5962182e-02   1.9396187e-01   7.3341227e-01   5.3238904e-01   2.5130863e-01   3.7646188e-01  -8.6021192e-02  -1.6341675e-01  -1.3079853e-01  -1.2388375e-01   4.7386828e-01  -2.0875195e-01  -1.7668133e-01   3.1545890e-01   3.6590588e-01   8.6445081e-02  -3.7094618e-01  -5.6018611e-01   5.1669262e-01   4.2862549e-01  -1.3814830e-01   5.4549717e-01   4.2034975e-01  -2.0713860e-01   2.3947620e-01  -7.2803609e-01  -4.8414906e-01   2.2248819e-01   1.7445955e-01  -9.0115296e-02  -2.1734731e-01  -2.4241311e-01  -4.1857529e-01   6.8808201e-01   2.8213971e-01  -2.4021236e-01   2.7403406e-01   4.7760827e-01
  -3.2050197e-01   2.2176891e-01  -4.5919876e-01   8.0328123e-02  -2.4608690e-01  -3.2807710e-02   8.1408560e-02  -2.8289273e-01   3.5193670e-01   0.0000000e+00   6.8591904e-02  -3.1253611e-01  -3.8708660e-01  -1.7062851e-01   6.1968043e-02  -8.4924706e-03  -2.4323407e-01   5.4386380e-01   2.0163481e-01  -2.0890990e-01  -5.1658250e-02   3.8481980e-02  -3.8469135e-03  -5.7050413e-01  -4.0170963e-01  -1.1735384e-01  -2.6255928e-01   1.7008498e-01  -4.3372366e-01   1.3635001e-01  -2.9336076e-02   2.0218267e-02   2.0738928e-01   5.6687667e-02   3.0216955e-01   1.1525746e-01   7.9563408e-01  -4.9431477e-01  -1.7209124e-01  -7.1944188e-02  -1.4875793e-01   2.7967754e-01  -2.0331253e-01   1.2592581e-01   7.7281805e-01  -3.6586961e-01  -3.5875269e-02   2.9295714e-01   8.2564568e-01   2.7024480e-02   4.7076935e-01  -1.7891073e-01  -5.2297034e-02  -7.4149588e-02  -4.9348033e-02   1.7966585e-01   2.5710612e-01  -3.1779536e-01   2.2323514e-01  -6.5187421e-02  -3.3461337e-01   7.0952688e-01  -6.8047310e-02   1.0539620e-01   6.4389661e-01  -4.0714540e-01  -2.8139902e-01  -4.2447187e-01  -3.3405759e-01   8.2034875e-03   1.8777182e-01   3.9088024e-01   2.7463341e-02  -2.2486958e-01  -5.5060021e-01  -6.5312982e-02  -4.3620472e-01  -4.4906224e-02  -1.8189407e-01  -3.4636333e-01   6.9982143e-03  -2.1096694e-01   1.7992817e-01  -1.8792321e-01  -3.9529199e-01   1.3779142e-01   4.8246102e-01  -3.2606050e-01  -6.8275014e-02  -4.2535507e-01  -2.2416903e-01  -1.7509790e-01  -2.7139171e-01  -3.0882554e-02  -4.7711207e-01  -7.9085268e-01  -1.6037921e-01   1.5200097e-01  -5.8780171e-03   6.2214157e-01  -3.0090144e-01  -6.2822365e-02  -1.5402466e-01   1.7236839e-01   1.5779089e-01  -2.9110418e-01   7.8945796e-02   1.1514324e-01   9.1341638e-01  -1.4473394e-01   7.9820730e-02  -2.5067343e-01   3.0849797e-01  -5.1107652e-01  -2.9922109e-01  -4.0698913e-01   5.9724017e-02   5.8355639e-02  -1.9160322e-01  -1.0966934e-02  -5.4599396e-01   1.4094074e-02  -3.6767485e-01   1.4218065e-01  -4.7319242e-01  -2.3238780e-01   4.6432344e-01  -2.3310109e-01   2.5320176e-01  -2.0854527e-01   1.9983138e-01  -8.1344544e-02  -1.8624887e-01   4.8815356e-02  -5.2890730e-02  -1.1900915e-01   6.5987074e-02   2.1617024e-02   1.6193679e-01  -4.8708609e-01  -6.8479958e-02   2.9497909e-01   2.6755799e-01   2.9645193e-01   2.8598092e-01   3.5276082e-02   7.6595335e-02  -3.1149996e-01  -2.6744039e-01   2.7264711e-01  -4.7147166e-01   7.6514240e-04  -2.9972189e-01   2.8417564e-01   1.0104903e-01  -5.0665499e-01  -5.2319947e-01   3.6929472e-01   4.8592851e-02  -1.2017185e-01   4.7400976e-03   3.3716098e-01  -7.6397875e-01   1.9017599e-01  -3.4023663e-01  -2.9082922e-01   2.0329963e-01   6.7090393e-02  -5.3717634e-01  -5.9990723e-02  -2.5188235e-01  -2.8656826e-01   4.6114381e-01   2.2195802e-01  -6.0049718e-01   1.1383346e-01  -8.4023806e-02
   1.4649136e-02  -1.9483365e-01  -2.4436685e-01   3.3819496e-02  -2.7632770e-01   4.0200154e-01  -2.6854297e-01   2.6513649e-01   2.8141009e-01   6.8591904e-02   0.0000000e+00  -3.4539110e-01  -4.9370868e-01   5.0818290e-02   3.6531257e-01   1.4547938e-01  -1.9915841e-01   5.3877615e-01   6.1504656e-01  -3.7813883e-01   3.6485197e-01  -7.4762980e-02   7.2793324e-02  -4.4384826e-02  -1.3032442e-01  -1.6977884e-01   1.8406555e-02  -1.8010039e-01  -7.6151386e-03   1.8230604e-01   5.0641563e-01  -4.6746319e-02   1.7927184e-01  -2.6466828e-01  -1.5144059e-01  -3.5629929e-01   2.1627036e-01  -1.6637430e-01  -4.9807692e-02  -1.1704702e-01   8.6349508e-02   2.5034703e-01  -1.8867050e-02   4.2118925e-01   3.5085663e-01  -1.6275888e-01   3.2270186e-01  -2.3308235e-01   2.4847015e-01  -1.0312159e-01   2.9016138e-01   4.2303643e-01  -1.2745363e-01   9.4183006e-04   1.0001048e-01   5.5344970e-01   5.6506666e-01  -4.4731767e-01   2.5660110e-01   9.1983981e-02   9.0470360e-02   1.3244119e-01   3.1401379e-01   7.1886944e-01   5.6159998e-01  -3.5418291e-01   2.8249535e-01   1.5994602e-03   4.0232817e-01  -1.8987558e-01  -4.7488083e-01   3.0843786e-01  -6.1540492e-02  -7.7957646e-02  -1.9251282e-01   5.8144935e-02   2.8512423e-02   6.3734670e-01  -6.1922495e-01  -7.9547629e-02  -6.2915484e-02  -1.7323621e-01   3.1689307e-01  -3.1364911e-01  -3.4810650e-01   5.2809830e-01   1.9365786e-01  -7.6288518e-02   3.6080846e-01   8.1121666e-02  -6.1018674e-01  -2.0141048e-02  -5.1638851e-01   2.4782271e-01  -1.6395831e-01  -3.6947230e-01   4.7456849e-02   6.7691424e-01   1.8795166e-01   2.3261838e-01  -6.3749394e-01   5.4801582e-01  -2.4259008e-01   2.6362559e-01   1.3119302e-01  -1.6034119e-01   6.4096205e-02   7.6687726e-01   2.4131075e-01  -4.4090683e-01  -2.6479573e-01  -1.7272303e-01   2.9592044e-01  -1.5740470e-01  -7.3130040e-01  -4.4377075e-01   6.4199537e-02   3.2944895e-02  -2.1096588e-01  -3.1834267e-02   9.4176288e-02  -4.8261874e-01  -1.5674705e-01   6.2503490e-01   3.7843511e-02   4.1604188e-02   5.0969382e-01  -1.0073555e-01   1.1534835e-01  -3.6958390e-01  -6.1415213e-02  -3.6197299e-02  -3.4248976e-01   5.1236430e-01   1.4741704e-01   2.5277371e-01   1.0630922e-01  -5.1844487e-01   5.7064040e-01  -1.4647651e-01   2.8396241e-01   6.3121151e-02   7.3688480e-01   1.5678314e-01   5.8803887e-01   4.8554408e-01  -6.3383279e-01   9.0039066e-02  -3.8848286e-01   5.5125211e-01  -3.8745949e-01  -2.5625983e-01   1.8345104e-01   6.9650354e-01   9.1541148e-02  -1.2879527e-01  -1.7841719e-01   8.2526453e-02   1.2176709e-01   2.7317169e-01   2.6498636e-01   7.8005897e-01  -9.3924682e-02   2.4386100e-01  -3.3577944e-01  -6.1596912e-01   5.3804779e-01   9.8227473e-02   1.5622459e-01  -3.1265232e-02  -4.7877821e-01  -1.2560856e-01   5.9657499e-01   4.2817266e-01  -1.6885605e-01   1.7317295e-01   2.3386166e-01
   1.5847522e-01   3.2210309e-01   4.3071441e-01  -7.2275820e-03  -1.5494908e-01  -7.9401791e-02   3.5034940e-01  -1.0879712e-01  -1.4087695e-01  -3.1253611e-01  -3.4539110e-01   0.0000000e+00   2.4072251e-01   2.9874376e-01   2.8460313e-01   2.0867204e-01   2.2153766e-01  -3.5896237e-01  -2.2120895e-01  -6.1203777e-02  -1.1572320e-01   1.7955455e-01   1.2791230e-01   3.1398127e-01   2.0991773e-01  -8.2443510e-02  -2.0857877e-02  -5.1843521e-02   3.8125851e-01  -7.9222373e-02  -8.4095658e-02   1.7744308e-01  -2.3651770e-01   1.5838761e-02   3.0849211e-01   1.7335194e-01  -4.4125523e-01   4.2259995e-02   8.4375701e-02   1.7325858e-02   1.3727253e-02  -3.8696604e-01   2.7817464e-01  -1.9744941e-01  -3.3664921e-01  -6.8986927e-02  -9.7382568e-02  -7.1785450e-02  -3.7670611e-01  -8.7471173e-02  -6.4081228e-02  -9.7954566e-02  -8.3894271e-02  -3.1525527e-01  -1.2356854e-02  -2.9921655e-01  -2.3803793e-01   3.9540273e-01  -9.0395389e-02   5.8501505e-01  -6.2256196e-02  -3.3363722e-01   1.1400328e-03  -5.0079151e-01  -4.7059553e-01   4.8181578e-01  -5.7618917e-02   2.4869022e-01   2.2294223e-01  -3.5143295e-02  -7.3872942e-02  -2.8332613e-01   8.8223711e-02   6.0386308e-01   3.3726484e-01  -8.4208785e-02  -1.1127880e-01  -3.0090245e-01   4.2615546e-01   1.2562917e-01   2.4206851e-01   3.1088903e-01  -2.6518769e-01  -1.1193409e-01   1.8055107e-01  -3.2634837e-01  -1.0757867e-01   3.0539982e-01  -7.3154679e-02   8.5325632e-02   1.8330120e-01  -1.1847116e-01   1.9621612e-01   4.6587929e-01   1.2468781e-02   1.9696834e-01   3.0618780e-02  -2.0325390e-01   2.1889128e-01  -1.9936184e-01   3.3526476e-01   7.4569413e-02   2.9711799e-03   2.7164559e-01   1.1434037e-01   2.1739038e-01  -3.1714116e-01  -2.3429660e-01  -3.4092321e-01   2.8620211e-01  -4.7417459e-02   4.1709036e-01  -3.1583882e-01   1.2919405e-01   3.7363855e-01   2.4137719e-01  -1.8472400e-01  -8.4830478e-02   8.1163265e-02   5.9294923e-02  -7.0539079e-03  -7.2986679e-02   2.7167070e-01  -4.2988947e-01   5.5410800e-02   4.4529984e-01  -2.3736778e-01  -4.1667241e-02  -2.6064602e-01   2.2324203e-01  -1.6801011e-01   1.3514263e-01   5.2554269e-01  -3.1806362e-02   2.7976471e-01  -1.2200485e-01  -1.0612192e-01   8.6966022e-02  -4.1562464e-01   2.2910536e-01  -1.0820680e-01  -3.0496138e-01  -3.5970906e-01   2.4600839e-02  -4.2322510e-02  -6.2277933e-02   2.4229283e-01   8.2935804e-02   5.1597621e-01  -4.0356899e-01   4.3634536e-01  -3.5672685e-02  -3.5351459e-01  -5.2767923e-01   2.2230288e-01   1.3675422e-01  -9.6583135e-02  -2.6801423e-01  -3.4165779e-01  -1.6598029e-02  -1.4836568e-01  -5.9421021e-01   3.1583062e-01   6.7839490e-02   3.7050405e-01   4.6797483e-01  -1.7344743e-01   1.3322285e-01  -1.1144560e-01  -1.7663483e-01   3.5528586e-01  -2.4026907e-01  -4.4061225e-01  -1.7354936e-02   2.8197189e-01  -4.1237832e-01   1.7746482e-01
   2.6540770e-02  -1.6091509e-01   3.1919173e-01  -2.8255781e-01   2.1218573e-01  -2.2480727e-01   2.2386378e-02  -7.5332707e-02  -6.7918782e-01  -3.8708660e-01  -4.9370868e-01   2.4072251e-01   0.0000000e+00   3.1922390e-02  -1.2208631e-01  -3.8850587e-01   9.9821673e-02  -5.2698555e-01  -5.2591930e-01   2.4061350e-01  -3.4057619e-01  -1.2053093e-01  -3.2871932e-01   2.8164986e-01   5.1046560e-01  -9.8880222e-03   5.4093429e-01  -9.8740159e-02  -2.8192412e-02  -9.7770662e-02  -8.0056108e-02   1.8857580e-02  -6.8366975e-01   1.7060224e-01  -2.0542601e-01   2.4279658e-01  -5.2004101e-01   4.8603676e-01  -1.4665982e-01  -6.9476919e-02   3.1766438e-01  -6.8377504e-01   5.9149898e-02  -5.9810939e-01  -6.5776752e-01   5.9662721e-01   1.9811072e-01  -1.3259628e-01  -4.9844559e-01  -9.6302469e-02  -5.9645026e-01  -3.5955963e-01   1.0521705e-01  -1.9981874e-01   5.0459212e-02  -4.4121820e-01  -5.5668451e-01   7.0009453e-01  -6.2038351e-01  -2.3699229e-01   9.0155246e-02  -4.4414459e-01  -1.3988371e-01  -4.6957374e-01  -5.8804765e-01   3.3513605e-01   6.5826266e-02   4.6143664e-01   2.1584211e-01  -1.8613518e-01   6.7249847e-02  -7.0772484e-01   2.7984952e-01   6.8805732e-02   3.1309804e-01   1.8900877e-01   2.5509518e-01  -3.9160485e-01   5.0496185e-01   2.8416459e-01  -1.4324517e-01   5.1493364e-01  -5.2467844e-01   2.8212437e-01   3.9837766e-01  -2.8140668e-01  -3.8765295e-01   2.1626858e-01  -6.1278122e-01   1.4159064e-01   4.5206521e-01  -1.1355940e-01   2.0954332e-01  -2.0772974e-01   2.4788642e-01   6.0635069e-01   5.6280868e-02  -5.0877990e-01  -1.4121061e-01  -6.0898971e-01   4.3747516e-01  -1.7797668e-01   3.7580309e-01  -3.3878290e-01  -3.4343084e-01   5.4780829e-01  -3.1652860e-01  -4.9456170e-01  -5.4223133e-01   4.0310256e-01   3.6069657e-03   4.6621952e-01  -7.2028969e-01   4.2826777e-01   3.4094160e-01   5.9962370e-01  -1.9076750e-01   4.0479191e-01  -4.0923420e-02  -3.6790658e-01   1.7562747e-01   3.5993869e-01   1.3692487e-01  -3.3168091e-01   3.6764858e-01  -9.2939808e-02  -6.3406431e-01   1.9962963e-01  -2.1302083e-01   2.3633909e-01   1.8880250e-01   1.9976800e-01   2.7822220e-01  -3.5164978e-01   5.2784403e-02   7.7448991e-02  -3.9591075e-01   1.8654610e-01  -2.1933126e-01   1.7367590e-01  -2.0079286e-01  -4.5203407e-01  -6.0290382e-01  -3.2917172e-01  -5.8310350e-01  -1.8789751e-01   1.8686499e-01   1.5827053e-01   2.5729510e-01  -7.8350368e-01   3.9382797e-01   8.4197713e-02  -2.2545956e-01  -5.5949258e-01  -4.2264420e-01   3.8993612e-01   5.5415788e-01  -5.6775820e-01  -4.8134016e-01  -7.7625191e-02  -4.8380370e-01  -5.8613967e-01   3.2911766e-01  -2.5232633e-01   7.0772698e-01   5.4021532e-01  -4.1627282e-01  -2.8314099e-01   8.3471935e-02  -8.1204052e-02   3.9315702e-01   3.0984259e-01  -6.9872479e-01  -4.7620037e-01   3.7855480e-01  -2.8146246e-01  -2.9910268e-01
   6.0728244e-01  -2.7387666e-01   4.2948392e-02  -1.8744257e-01  -3.1097556e-01   2.5571902e-01  -4.1375908e-01   2.3665340e-01   2.1425337e-01  -1.7062851e-01   5.0818290e-02   2.9874376e-01   3.1922390e-02   0.0000000e+00   4.7240464e-01   6.0707738e-02  -1.2334413e-01  -2.4305660e-01   2.4793950e-02  -6.4418248e-02   1.9918285e-01   2.0244648e-01   1.6688912e-01   4.6246794e-01   2.9114676e-01  -1.3471828e-01  -5.1246225e-02   1.3754819e-01   2.1469420e-01  -4.0417070e-01   4.0768541e-02  -1.2836892e-01  -2.7621958e-02  -4.7119062e-01   1.1658955e-01  -5.9532290e-01  -2.5408729e-01   2.2344536e-01  -1.7780948e-01  -1.4396567e-01   1.7122739e-01   1.6311034e-01  -1.3970973e-01   4.7024982e-01  -1.2610799e-01  -1.5796203e-01  -1.8176931e-02  -3.3109740e-01  -1.3232505e-01  -1.0648805e-01  -1.0265230e-01   2.5122787e-01  -4.7872936e-01   2.8000690e-01   6.8134073e-01   3.3444544e-01  -2.8037586e-02  -2.6263846e-03   8.4948532e-02   3.6776841e-01  -9.9381772e-02  -1.2078067e-01   1.7183013e-02  -1.5631977e-01  -2.0389899e-01   8.3562874e-02   2.0647601e-01   2.8298797e-01   3.8898924e-01   2.6044788e-01  -4.0819113e-01  -7.8624791e-02  -1.9966245e-01   8.1888910e-01   2.4460844e-01  -1.3127700e-01   3.2403374e-02   2.5449131e-01  -3.4114353e-01   3.1604052e-01   7.1387649e-02  -7.8303457e-02  -7.3298605e-02   1.2637590e-01   2.2124275e-01   7.5466307e-03   1.3906619e-01   8.2775909e-01   6.7233328e-02   2.7273018e-01  -2.0925059e-01  -2.1320006e-01  -4.3090891e-01   3.0279633e-01   3.7641743e-02   8.1665539e-02   4.6887279e-01   1.9528802e-01  -1.3087722e-01  -1.4346370e-01   3.2639778e-01   6.5721581e-02   1.4697565e-01   2.2304052e-01  -2.0679644e-01  -1.8152027e-01  -8.1518505e-03   3.9986783e-01  -1.6937074e-01  -2.5448391e-01  -4.3045287e-01   2.1396718e-01   2.7272654e-02   1.5605785e-01   1.1213912e-01  -3.3226770e-01   4.0595213e-01  -1.9858493e-01   3.0963565e-01   1.9968391e-02   1.7865421e-01  -3.2629469e-01   1.9415304e-01  -3.0480088e-01   6.7062339e-02   7.6508092e-01  -1.0522959e-01   2.8584236e-01   3.4147588e-01   1.8593644e-01  -1.5292775e-01  -2.9425536e-01   7.2362176e-01  -3.7849640e-02   1.7116042e-01  -1.5652263e-01   3.5207064e-01   3.8995955e-02   8.9437430e-02   5.9541337e-01   6.0363367e-01   2.7762652e-02   1.9874226e-01   3.4764989e-01   9.0187237e-02  -1.1139832e-01  -3.0913432e-01  -2.8200357e-01  -1.0030053e-01   3.9951577e-02   5.5145367e-01   2.2910202e-01   2.1787489e-01  -3.5483902e-01   5.7347320e-02   3.6516312e-01  -3.3370616e-02  -1.5658892e-01  -5.7727891e-02   2.7663586e-01   2.6968822e-01  -1.3998513e-01   1.8685014e-01  -1.1479132e-01  -1.3004899e-02  -2.7329410e-01  -4.2820983e-01   2.0307090e-01   2.6803330e-01  -3.7308263e-01  -2.7674617e-01  -1.3923052e-02  -7.9631999e-02   1.2617948e-01   4.0006954e-01   2.8002043e-01   1.0232492e-01
