   0.0000000e+00  -6.3221710e-01  -1.8615942e-01   1.2622923e-01  -3.3494592e-01   3.0203047e-01  -6.2859663e-01   5.3671462e-01  -2.0292163e-01  -4.8238993e-01  -6.4580213e-01  -4.0511650e-01   1.3467898e-01   5.1526802e-01   9.3217940e-02  -1.0905230e-01   1.1541093e-01  -2.3820573e-01   4.8459382e-01  -3.1415151e-01  -2.7235713e-01   2.9639561e-01  -1.6941459e-01   7.8395921e-01   5.9751910e-02   3.4770099e-01  -4.5816991e-01   1.3250977e-01  -2.6096582e-02  -6.6228325e-01  -5.0419022e-01   5.1479852e-01  -3.8139073e-02  -6.0700170e-01  -1.0793048e-01  -6.6037491e-01  -1.7509730e-01   4.1798646e-01  -2.1512180e-01  -5.5375016e-01  -7.6304152e-02  -7.6400333e-02  -2.8600393e-01  -1.0638835e-01  -5.0489226e-01   7.6194559e-01  -3.8315082e-01  -6.7369786e-01  -3.6530588e-02  -2.7280015e-01  -2.2750679e-01   5.6390245e-01  -5.9342815e-01  -7.4096931e-02   4.1263753e-02   2.3338498e-02   5.7513066e-01   4.7330011e-01  -6.0069036e-02   2.3671938e-01   4.3347199e-01  -2.1979881e-01  -3.3522725e-01  -2.9498291e-01  -6.0733213e-01  -2.7174602e-01   1.0130992e-01   6.6354253e-02   1.2195268e-01   4.5403331e-01  -5.3276174e-01   5.7498797e-02  -2.0870209e-01   7.0407127e-01  -2.1495649e-01   5.4055516e-01   5.2502660e-01  -2.4393760e-02  -4.7314175e-01  -6.0325100e-02  -1.5103924e-01  -3.5177325e-01  -5.0276148e-01   3.9146574e-01   7.7686380e-01   6.4144183e-01  -2.2886696e-01   5.6721108e-01  -1.8703663e-01   8.6756381e-01  -4.3173775e-01   4.1836339e-01  -4.8471846e-01  -1.0427019e-01   6.3304178e-01  -4.7483891e-01  -1.3377963e-01   4.2114550e-01  -1.3745750e-02  -4.9898483e-01   4.7456723e-01  -9.6501406e-02  -5.0092781e-01   2.3219693e-01   2.5260046e-01   4.5083879e-01  -5.0321935e-02   2.2214562e-01  -2.6417448e-01   2.8735950e-02  -6.4154491e-01   2.1928085e-01  -1.3268259e-02   9.0778328e-01   1.7367162e-01  -3.8885759e-01   2.9765541e-01  -2.6224110e-01   1.5094454e-01   1.0019415e-01   8.0607302e-01  -5.3213706e-01  -4.3415212e-01  -4.5009705e-01   8.0021920e-01   7.8283838e-01  -4.6513295e-01  -9.5586663e-02   5.1365200e-01  -4.5659781e-01  -1.9752196e-01  -6.1082333e-01   6.7446801e-01  -2.4682926e-01   2.6239618e-01   5.3765058e-01  -4.7676549e-02  -4.0517648e-01   4.5190624e-01   6.2207773e-01   5.1066958e-01   3.6063624e-01  -1.4540533e-01  -2.3511380e-01  -2.2125379e-01  -2.9139271e-01  -5.3800540e-01  -3.5328288e-01  -1.6996380e-02  -4.6871523e-01   7.8472066e-01  -1.0987330e-01   7.5118669e-01  -5.3502840e-01  -5.4093469e-01   6.0817152e-01   6.8956248e-01  -3.1738916e-02   4.0805524e-01   2.7059660e-01   4.4411810e-02  -4.3514943e-01  -6.5681204e-01  -4.8682917e-02   3.0021003e-01  -3.7074050e-01  -5.7703944e-01   3.8825127e-01   2.9861117e-01  -5.1087033e-01  -6.1698779e-01   4.7232509e-01  -3.3589765e-01   8.4521261e-02  -3.4757030e-01  -3.7512567e-02   4.1427676e-01
  -6.3221710e-01   0.0000000e+00   3.7611031e-01  -2.2753523e-01   3.9069878e-01  -3.4241534e-01   5.6407742e-01  -5.0557142e-01   3.2920308e-01   3.7142794e-01   5.4823203e-01   6.7381193e-01  -3.6139307e-01  -3.9978506e-01   1.6661040e-01   2.9128882e-02   1.1295381e-01  -4.9835740e-02  -4.3638264e-01   3.4756119e-01  -2.1012140e-03  -3.2674437e-01  -1.4163901e-01  -6.4131551e-01  -5.7309274e-02  -4.1880391e-01   7.0920513e-01  -4.4055837e-01  -2.4598237e-01   6.5483138e-01   5.3982579e-01  -4.5428594e-01  -8.2123103e-02   5.4057717e-01   8.2645154e-02   5.3302126e-01   6.2103717e-02  -5.4115196e-02   1.9582721e-01   5.7959173e-01  -1.2262186e-01  -2.9692495e-02   3.5687173e-01  -2.2189873e-02   4.2547485e-01  -4.8115447e-01   2.6884680e-01   5.8460665e-01  -1.5197232e-01   3.5333124e-01  -1.2843499e-01  -6.0506296e-01   7.4703023e-01   2.3877604e-01   1.0551708e-01  -1.6651772e-01  -5.1597116e-01  -4.6038581e-01  -5.3519871e-02  -1.9581022e-01  -1.7386498e-01   3.9396505e-02   4.1596360e-01   4.1311680e-01   5.7418699e-01  -2.3351149e-02  -7.0400304e-02  -5.9937993e-02  -2.6073850e-01  -4.7021097e-01   7.3646682e-01  -1.5763290e-01   3.0831131e-02  -4.8750422e-01   2.9762574e-01  -4.5699839e-01  -2.5382762e-01   1.6098906e-01   6.7886670e-01   1.2156169e-01  -1.1970519e-01   3.3794388e-01   3.0637351e-01  -4.0358906e-01  -4.1012358e-01  -4.1878198e-01   3.2197459e-01  -2.0483473e-01   2.9176723e-01  -5.7641669e-01   6.7669003e-01  -1.9118994e-01   4.6161067e-01   8.1268595e-02  -2.1602355e-01   6.3281572e-01  -1.4580700e-02  -3.8409129e-01   1.2430943e-02   2.7213548e-01  -3.9891978e-01  -6.2034831e-02   2.0729640e-01  -6.9888549e-03  -4.6712371e-01  -3.9415886e-01   3.8253784e-02  -3.3498935e-01  -1.5243157e-02  -1.9097251e-01   4.7478901e-01  -2.2756709e-01  -2.7033383e-01  -5.5504634e-01  -3.4942716e-01   6.3455871e-01  -2.9704233e-01  -3.2304405e-02  -4.0800454e-01  -1.4579438e-02  -5.4896531e-01   6.4734784e-01   3.1136518e-01   4.1895017e-01  -5.5561230e-01  -5.7278325e-01   3.9537238e-01   2.5104713e-01  -5.2868003e-01   4.1545020e-01   1.2951796e-01   6.5943895e-01  -3.2911944e-01   3.9002296e-02  -2.6944200e-01  -4.1413941e-01   2.0495942e-02   2.3833821e-01  -4.1044278e-01  -3.2808028e-01  -4.8406675e-01  -4.1156357e-01   7.6126363e-02  -2.4001975e-02   3.5435453e-02   4.8492035e-02   6.5547044e-01   2.2475182e-01  -5.6092139e-02   3.0851111e-01  -5.8409404e-01  -1.6384977e-01  -5.5457095e-01   6.2870383e-01   6.8419295e-01  -3.6884376e-01  -4.6613531e-01  -1.3419159e-01  -2.7686148e-01  -4.3692504e-01   1.1251591e-01   4.6601067e-01   5.5874927e-01  -2.8409458e-01  -4.3714878e-01   6.0075488e-01   3.7737367e-01  -5.0636197e-01  -5.5611931e-02   5.6821019e-01   6.7076448e-01  -4.2567975e-01   3.0330866e-01  -1.0177494e-01   3.1947470e-01   1.1678393e-01  -4.2487778e-01
  -1.8615942e-01   3.7611031e-01   0.0000000e+00  -4.3955406e-01   3.5186170e-01  -2.6431038e-01   5.7743151e-02  -2.1950292e-01   3.6555019e-02   2.6806172e-01  -9.7767040e-02   3.2575998e-01  -3.6037053e-01  -2.6723932e-01  -1.6789502e-01   1.8640671e-01   7.5438363e-01  -1.8041510e-01   1.3635155e-02   2.6425265e-01  -4.1178964e-01  -4.2782733e-01  -2.9446812e-01  -1.9180589e-01   1.4557388e-01  -1.6100032e-01   2.9763921e-01  -5.6685363e-01  -9.8112987e-02  -9.6471461e-02   3.0650538e-01  -2.1617248e-01   9.6395719e-02   1.2369695e-02  -1.8003127e-01   1.6828954e-01  -6.1538254e-02   4.4320947e-01   1.6486514e-01   5.7153870e-01  -1.2514250e-01   2.7037329e-01   3.4610011e-01  -3.1934080e-01   2.3300435e-01   1.0939071e-01  -1.4301850e-01  -1.6752679e-01  -1.4743189e-01   8.3393014e-01  -3.0612720e-01  -2.3854150e-01  -5.2675885e-02   2.3237172e-01   2.6114651e-01  -4.0189324e-01  -2.1367382e-01  -4.8088846e-01   5.0578024e-02  -5.0385935e-01   3.8080457e-01  -4.4507757e-02   1.1642302e-01  -4.3552563e-02  -7.6119920e-02  -4.4073284e-01  -1.2976628e-01   1.2320286e-01  -4.5869906e-01   2.6216314e-01   6.0577798e-01  -3.2028308e-01   1.3272128e-01  -1.1521695e-01   1.9781298e-01  -5.4163893e-02   4.1219467e-01   9.0928603e-02   3.8192695e-01   2.7538267e-01  -3.1190017e-01   8.7292484e-02  -7.3696596e-02  -1.8858040e-01   1.3893662e-01  -1.4147075e-01  -4.7546393e-02   5.4329229e-02   1.9851347e-02  -1.5699758e-01   5.8755636e-01   4.9531514e-01   2.0491038e-02  -2.0453635e-01   2.7975772e-01   5.5300351e-01   1.5922512e-01  -1.9282079e-01  -2.8381344e-01  -9.2249198e-02   1.9388305e-01  -5.2273077e-01  -4.1845127e-03  -2.4749195e-01  -6.6995321e-01  -2.4467563e-01   4.0753412e-01  -3.0152466e-01   5.9254949e-02  -4.9906546e-01   3.0485766e-01  -5.9596680e-01  -3.6434003e-01   3.6756293e-02  -3.6094790e-03   1.9481087e-01  -2.6936897e-01  -2.6237130e-01  -1.3462614e-01  -1.9394208e-01  -6.2227635e-03   5.0320872e-01   1.9088084e-01   8.9050622e-02   9.3087393e-02  -2.9912250e-01  -9.5552986e-02   3.1080715e-01  -2.1764961e-01   6.5543111e-01   1.3245087e-01   3.6865899e-01  -3.2854592e-01  -1.7182259e-01  -3.2043381e-01  -4.4571028e-02   5.5410512e-02   2.3960360e-01  -4.7461563e-02   2.2851360e-01  -4.0531958e-01  -3.0094562e-01  -2.1646516e-01  -1.7671593e-05  -5.9728463e-02  -9.4304984e-02   7.2451826e-01  -8.6589512e-02  -5.8169760e-01  -1.8943805e-01  -4.4001843e-02  -2.5619683e-01   1.4265086e-01   4.2461672e-02   7.7991007e-01   1.2561696e-01   7.3927935e-02  -9.6238285e-02   3.8471865e-01  -4.4004304e-01   4.0823663e-01  -4.1863955e-03   2.1901331e-01  -4.8895845e-01  -3.0937436e-01   5.6467395e-01  -4.3598704e-02  -1.2181361e-01   4.8194361e-01   4.2244440e-01   2.8962035e-01  -1.5686844e-01   1.4966341e-02  -6.6274045e-02  -1.8755808e-02   3.4073560e-01  -2.8824447e-01
   1.2622923e-01  -2.2753523e-01  -4.3955406e-01   0.0000000e+00   1.7143002e-02   3.5218809e-01  -1.6475373e-01   2.4591327e-01   2.1998375e-01  -3.1151811e-01  -2.2248061e-01  -2.1894899e-01  -6.3910904e-02   7.7677309e-02   1.2083118e-01   1.4116151e-01  -2.8034275e-01   4.6136778e-02   1.4553966e-01  -1.9237882e-02   1.4598139e-01   5.8647514e-01   1.8424806e-01   6.3106582e-02  -4.4213765e-01   3.8058047e-01  -1.9453304e-01   1.9039695e-01   1.0876019e-01  -1.6498837e-01  -3.1165421e-01   5.6937522e-01   3.3416346e-01  -2.0396846e-01   2.9814940e-01  -3.0319606e-02  -4.5731264e-03  -2.2985481e-01  -9.1467813e-02  -4.3168756e-01  -2.7911540e-01   2.6831365e-01  -1.0105864e-01   1.4392161e-01  -2.2523016e-01  -1.3395600e-01   1.8597569e-01  -1.8861768e-01  -2.4143876e-02  -3.3210665e-01   3.0170483e-01   2.8617527e-01  -1.7644975e-01  -6.3021354e-02  -3.8096970e-01   3.0714712e-01   2.1676142e-01   5.9967777e-01   2.5472917e-01   5.3064611e-01  -1.8940640e-01  -3.5644406e-01   2.4691291e-01  -2.7673638e-01   8.5616670e-02   1.7620470e-01   3.0425344e-01  -4.8479919e-01   4.1021193e-01  -2.4694373e-01  -4.4175490e-01   2.5582723e-01  -3.0098872e-01  -2.5898181e-03  -3.5002815e-02   3.1814878e-01  -2.7040495e-01   3.9748837e-02  -2.5327316e-01  -4.4156194e-01   2.2655777e-01  -3.9255446e-01  -2.5357890e-01   3.4350219e-01  -5.2710727e-02   3.7246723e-01  -3.0432700e-01  -1.5386861e-01  -2.3038700e-02   5.2225511e-02  -3.9848776e-01  -1.2183271e-01  -1.3411384e-01   2.9454829e-01  -2.4258750e-01  -4.0543411e-01  -4.5051540e-01   3.0842990e-01   1.2819173e-01  -1.2203117e-01  -1.2301950e-01   1.4755315e-01  -1.8517078e-01   3.7118942e-01   5.8815092e-01   6.4254265e-01  -1.3388960e-01   3.9252602e-01  -8.7617162e-02   3.1502807e-01  -2.9086253e-01   4.3161680e-01   6.4680118e-01  -3.7391097e-02  -2.4006250e-02  -1.8706933e-01   2.8490078e-01  -8.4113585e-02   1.9794465e-01   6.6279448e-01  -6.1853941e-02  -3.2508764e-01  -6.0588997e-02  -5.8003156e-02  -1.9104707e-01   3.1726731e-01   1.0501462e-01  -1.0478744e-01   6.1874274e-01  -3.9062385e-01  -1.0038062e-01  -3.8515913e-01   3.4182222e-01  -4.9428859e-02   6.1697430e-01   1.8272622e-01  -9.9670388e-02  -9.1221433e-02   1.7446299e-01  -1.2844040e-01   1.8816055e-01  -5.1070854e-02   2.5049903e-01   1.4569707e-01  -7.4174488e-02   1.7169456e-01  -5.1223727e-01  -2.3591437e-02   2.1005202e-01  -1.4870286e-01  -5.3355423e-03   2.7766967e-01   6.4413515e-02  -1.1638200e-01  -3.6966926e-01  -1.2147384e-01  -8.6028815e-04   6.3700452e-02   5.7697186e-02   2.8230930e-01  -4.8453072e-01  -6.3835737e-02  -2.3940547e-01   7.4320425e-01   5.8470547e-01  -4.7925706e-01  -1.1641603e-01   2.4496568e-01  -1.4404908e-02  -4.2823832e-01  -1.9615110e-01   1.4653270e-01   8.9715019e-02   2.8942988e-01  -4.6401095e-02  -5.9764906e-01   5.6759185e-01
  -3.3494592e-01   3.9069878e-01   3.5186170e-01   1.7143002e-02   0.0000000e+00  -9.2484865e-02   2.2525822e-01  -3.3078651e-01   3.5511281e-01   3.2137969e-01   1.4093657e-01   4.3691670e-01   2.7968562e-02  -2.2517188e-01   8.3060390e-02   4.6657797e-01   7.1322218e-02   1.3800028e-01  -1.9149925e-01   7.6066330e-01  -3.7369014e-02  -1.4292267e-01  -1.7580761e-01  -2.1983267e-01   3.4631068e-03  -2.5783713e-01   3.7112975e-01  -4.6133221e-01   1.6710039e-01   1.1827325e-01   1.0315137e-01  -6.9688389e-02   2.1675344e-01   4.8531349e-02   6.4481912e-02   5.6754666e-01   1.9146798e-01   3.6068205e-02   4.6599358e-01   2.9810314e-01   1.3836741e-01   2.6612958e-01   3.3612626e-01  -1.3542370e-01   4.4541280e-01  -3.9201776e-01   4.2634563e-01  -1.7188364e-02   3.1009763e-02   2.8413948e-01   1.0658065e-01  -2.8472571e-01   1.2971822e-01   3.3737888e-01   2.3112315e-02  -1.7191068e-01  -3.6893143e-01  -1.9197811e-01   2.4715352e-01  -7.9993834e-02  -2.2037033e-01   7.7146902e-02   2.6609699e-01   1.3328804e-02   3.0807906e-01   1.0951401e-01  -7.1513192e-02   5.5445184e-02   3.2163239e-02  -3.6715203e-01   2.8119305e-01   1.3718495e-01   3.4879627e-01  -3.1260987e-01   3.9115729e-01  -3.0571666e-01  -1.6243016e-01  -2.4538085e-02   4.5717562e-01   2.6810142e-01  -2.7834283e-01   1.6205993e-01   1.0402196e-02  -2.8222200e-01  -2.7847734e-01  -2.9521703e-01  -1.2733003e-01  -1.2815134e-01   3.2131174e-01  -3.6606791e-01   4.1412488e-01  -1.5875725e-01   2.5862973e-01   2.5706529e-01  -2.4204800e-01   5.3686407e-01   1.3435050e-01  -3.0443325e-01   4.3069422e-02   2.5305816e-02  -3.6860831e-01  -7.8631447e-02  -1.9413296e-01  -1.1629159e-01  -2.1424796e-01  -1.4106937e-01   4.1994465e-01  -2.0697485e-01   1.1258977e-01  -9.7216556e-02   2.6483117e-01  -1.5171914e-01   1.6429752e-01  -3.2836792e-01  -2.0485764e-01   2.2510745e-01  -1.2537122e-01   1.9310039e-01  -3.9073291e-01   2.7138131e-01  -3.0267370e-01   5.3296433e-01   3.8660945e-01   1.0956192e-01  -3.4937172e-01  -2.3963317e-01   2.6888591e-01   2.6174369e-01  -2.6227741e-01   1.9288243e-01   3.8954409e-01   3.0356164e-01  -1.5056738e-01  -3.7182723e-01   2.6759029e-02  -3.4347422e-01   3.1268639e-01  -1.6242995e-01  -3.5610766e-01  -1.4662884e-01  -2.0791310e-01  -2.8517719e-01   3.1041997e-02  -9.3795952e-02  -3.1850421e-01  -8.9499244e-02   3.9982731e-01   2.5423977e-01   1.0222343e-01  -1.4568575e-01  -2.8331801e-01  -1.9861401e-01  -2.1296759e-01   1.3934552e-01   4.2773436e-01  -1.4212477e-01  -2.1219508e-01   2.9080655e-01  -1.4713506e-01  -3.1151990e-01   1.8915808e-01   1.5725224e-01   2.5052540e-01  -1.2221487e-02  -8.8281064e-02   3.0088025e-01   2.4365092e-01  -2.9993443e-01   9.4270653e-02   2.6803802e-01   4.7590084e-01  -3.3460757e-01   4.2628178e-01   8.6902360e-02   1.8567689e-01   2.5472969e-01  -1.9196932e-01
   3.0203047e-01  -3.4241534e-01  -2.6431038e-01   3.5218809e-01  -9.2484865e-02   0.0000000e+00  -3.5272782e-01   4.7126908e-01  -6.5495334e-02  -3.6263070e-01  -3.1748104e-01  -3.6741570e-02   4.1413771e-02   1.7612689e-01   1.2226963e-01   1.2638687e-01  -1.5547906e-02  -7.3801164e-02   4.9716831e-01  -7.0194732e-02  -6.1953669e-02   6.1585765e-01   9.9906697e-02   1.5296669e-01  -1.0370290e-01   6.5311652e-01  -1.4124190e-01   3.0423302e-01   2.0368950e-01  -3.4302475e-01  -5.9745142e-01   5.3885265e-01  -2.0043615e-02  -4.1564388e-01   3.1511491e-01  -4.8383869e-01   4.7644477e-02  -3.4192380e-01   3.0020479e-02  -3.5100006e-01  -2.6102482e-01  -2.9193519e-02  -2.4734254e-01   5.4379593e-02  -2.7971162e-01   1.1822833e-01   2.4563273e-02  -3.5608993e-01   3.2980042e-02  -2.9765961e-01   1.3741976e-01   5.1383063e-01  -4.9749096e-01   1.8700862e-01  -2.5479525e-01   5.1661175e-01   4.8566730e-01   7.2956845e-01   7.4729888e-02   3.2980996e-01  -1.5149201e-02  -1.2475419e-01  -1.5421589e-01  -5.8460898e-01  -3.8111700e-01   1.3637620e-02   7.2444429e-01   1.1166573e-01   5.9364706e-01   2.0381831e-01  -6.0031585e-01   1.7524553e-01  -2.5271822e-01   4.7573605e-01  -1.4776468e-01   4.3071421e-01  -2.2614975e-01   2.2604886e-01  -6.2585809e-01  -1.4506293e-01   3.7291838e-01  -2.1856548e-01  -3.2254553e-01   4.1206805e-01   3.9175356e-01   4.8721306e-01  -4.4806796e-01   2.0054649e-01  -7.5086690e-02   2.6086511e-01  -6.9086299e-01  -1.0525161e-01  -2.3124514e-01  -6.3478699e-02  -1.9729049e-01  -5.5802207e-01   6.3355501e-02   6.6634808e-01  -1.3279470e-01  -1.5823955e-01   1.8963837e-01   7.4299173e-02  -5.0184052e-02   2.5267457e-01   5.8797419e-01   4.9513384e-01  -1.7699748e-01   6.5257366e-01  -1.8592672e-01   2.8661665e-01  -2.3041594e-01   6.8162261e-01   4.4459032e-01   1.3801212e-01   3.3942335e-01  -5.6053193e-01   6.6395676e-01  -1.2100419e-01   6.5748117e-02   3.9984780e-01   3.3297291e-02  -5.5351130e-01  -2.4858006e-01  -5.2453155e-01   6.0447601e-02   5.6653881e-01  -6.7805544e-02  -4.6788879e-02   4.0148057e-01  -3.1114064e-01  -1.0157164e-01  -4.3850398e-01   5.8777142e-01  -2.3013615e-01   3.4291517e-01   4.2525628e-01  -4.1550900e-03  -3.3300916e-01   4.3471594e-01  -8.8826826e-02  -9.4976952e-03  -8.4699056e-02   8.1759095e-02   3.2439143e-01  -2.8037713e-01   7.3756832e-02  -3.5182435e-01  -3.4730976e-01   3.2344801e-01  -4.6130981e-01   4.8436644e-01   2.6337797e-01   2.4810627e-01  -5.6230513e-01  -3.2964263e-01  -1.7587226e-01   9.7533009e-02   5.2305781e-02   1.8276360e-02   6.1866759e-01  -1.3256496e-01  -3.4776486e-01  -6.0805064e-01   2.8102607e-01   5.9381023e-01  -4.1037978e-01  -1.4253997e-01   3.1172236e-01   1.4531116e-01  -5.9621700e-01  -3.4847563e-01  -7.6565946e-02  -4.2297966e-01   6.8296224e-01   5.3973385e-02  -1.4485206e-02   6.2426801e-01
  -6.2859663e-01   5.6407742e-01   5.7743151e-02  -1.6475373e-01   2.2525822e-01  -3.5272782e-01   0.0000000e+00  -6.3344950e-01   3.4753476e-01   6.4217495e-01   6.9841424e-01   6.7622402e-01   6.1215572e-02  -5.0137335e-01   3.9866174e-02   1.0914605e-01  -3.7652754e-01   1.9241488e-01  -6.1851045e-01   5.2061574e-01   2.7918668e-01  -3.6781464e-01   4.0708735e-01  -5.7820114e-01  -1.8957994e-01  -4.6785508e-01   5.5194299e-01  -1.2126633e-01  -2.3645652e-01   6.9411359e-01   3.9104895e-01  -5.2372407e-01   2.6842322e-02   8.8646962e-01   2.5332707e-01   6.9997164e-01   1.9844841e-01  -1.7997440e-01   2.8647536e-01   6.7057797e-01   2.1993135e-01  -3.1467011e-03   2.8668197e-01  -1.2138665e-01   4.9622302e-01  -6.5954706e-01   4.2764990e-01   7.9726613e-01  -2.6531040e-01   1.2493893e-01   2.1332044e-01  -6.2241655e-01   6.4841082e-01  -4.4201337e-02  -3.9062835e-02  -9.2333896e-02  -6.7733639e-01  -5.1766243e-01   7.1045708e-02  -1.9754131e-01  -4.6807640e-01   1.3827601e-01   3.1945056e-01   3.3230897e-01   5.2290111e-01   5.0737124e-01  -1.3788342e-01  -1.1337703e-01  -2.5600228e-01  -3.0318786e-01   4.6594243e-01   1.0652299e-01   2.6545133e-01  -5.9097438e-01  -8.5320570e-03  -6.4407151e-01  -4.5324329e-01  -1.7521900e-01   4.4035708e-01  -5.5318943e-02   2.2148021e-01   3.8871801e-01   1.5195639e-01  -4.3759642e-01  -7.1947703e-01  -6.7917097e-01   3.0017565e-01  -4.3647060e-01   2.6715612e-02  -5.6865186e-01   3.4443070e-01  -4.7523605e-01   6.8736962e-01   1.4300794e-01  -4.5639910e-01   4.2087190e-01  -1.2874295e-02  -5.1438869e-01  -2.5298592e-02   7.9807846e-01  -6.1359588e-01   2.2883570e-01   1.4342641e-01  -9.0576698e-02  -1.8210681e-01  -4.4759557e-01   4.0084567e-02  -3.5908681e-01   3.1872733e-01   4.8032003e-02   6.8246599e-01  -1.4445305e-01  -1.0863983e-01  -6.1779254e-01  -2.1382421e-01   2.6098936e-01  -3.8131016e-01   3.7404054e-01  -3.9510654e-01  -2.4580257e-01  -6.3556944e-01   5.9657442e-01   3.3059760e-01   4.5690592e-01  -5.7565452e-01  -6.1561510e-01   5.6116178e-01  -2.3048933e-01  -5.2617273e-01   3.6617386e-01   3.1521081e-01   5.6801908e-01  -4.8137227e-01   2.3467430e-01  -1.5016479e-01  -5.8961232e-01   2.4270554e-02   1.4294963e-01  -5.7817672e-01  -5.2509340e-01  -4.2451157e-01  -2.5019345e-01   2.6071398e-01   1.6938584e-01   2.5345979e-01   3.5560050e-02   5.5826807e-01   4.4968881e-01   2.8701483e-01   5.8274671e-01  -7.6305378e-01  -2.0092216e-01  -6.9653753e-01   5.5407846e-01   3.3783869e-01  -3.8156859e-01  -6.4550523e-01   2.5529102e-01  -4.4497477e-01  -1.6192843e-01  -7.2966876e-02   4.6773059e-01   7.3729605e-01   2.8001789e-02  -3.7521879e-01   4.2267414e-01   6.0842515e-01  -4.0482263e-01  -2.1539282e-01   2.2207313e-01   7.0957671e-01  -3.4721041e-01   4.6013728e-01  -2.4635282e-01   4.3744844e-01  -2.0303622e-02  -4.4799208e-01
   5.3671462e-01  -5.0557142e-01  -2.1950292e-01   2.4591327e-01  -3.3078651e-01   4.7126908e-01  -6.3344950e-01   0.0000000e+00   1.2649502e-02  -6.2832467e-01  -5.5069010e-01  -5.0559061e-01   4.1234425e-02   3.2379622e-01  -1.3256852e-01  -2.3176417e-01   2.5255478e-01  -3.0007051e-01   7.4047515e-01  -4.4047954e-01  -4.7291952e-01   2.7049864e-01  -3.0358298e-01   4.1073113e-01  -4.3118617e-02   7.5973331e-01  -3.3795879e-01   2.6036513e-01   1.1758241e-01  -4.5550873e-01  -4.4750074e-01   4.6768607e-01  -2.3680840e-02  -6.7538815e-01  -3.7645431e-02  -6.5715771e-01  -2.5562146e-01  -6.5139328e-02  -4.5003482e-01  -4.9256761e-01  -2.3479027e-01  -6.0096258e-02  -1.8975917e-01   1.5273485e-01  -4.1896873e-01   5.6958035e-01  -5.7346532e-01  -4.4329310e-01   5.6011432e-02  -2.4576424e-01  -2.4241298e-01   8.9651337e-01  -5.4155517e-01  -4.1626410e-02  -1.7949455e-01   7.0942741e-02   8.1360816e-01   5.3085607e-01  -1.8681025e-01   1.9335644e-01   4.7489026e-01  -6.0793222e-02  -7.7764585e-02  -3.6208556e-01  -3.8735038e-01  -4.7640464e-01   2.4568410e-01   1.1691212e-01   2.6328979e-01   4.0733968e-01  -4.4701415e-01  -1.2902525e-02  -4.4146451e-01   5.6435288e-01  -2.0025117e-01   7.7599079e-01   3.9187598e-01   2.2506118e-01  -4.5183062e-01  -7.5955982e-02   8.6676063e-02  -4.9596430e-01  -3.2303683e-01   7.0946805e-01   5.9897265e-01   7.3250952e-01  -2.5457579e-01   2.4484877e-01  -1.3704693e-01   4.8334430e-01  -4.5464013e-01   4.4806198e-01  -6.9207531e-01  -7.4392242e-03   1.9722104e-01  -4.9464626e-01  -7.8853089e-02   7.2561329e-01   5.4608216e-02  -5.0959896e-01   5.2029968e-01  -2.3868466e-01  -1.5941790e-01   3.0189181e-01   2.0949699e-01   5.7199915e-01  -3.4233071e-01   5.1581547e-01  -2.1978913e-01  -1.4947146e-01  -7.4980233e-01   1.8767793e-01   1.6114053e-01   4.1382656e-01   1.9440408e-01  -2.8091578e-01   2.7197871e-01  -2.8356815e-01   2.5798183e-01   3.9016184e-02   4.5857590e-01  -5.8441803e-01  -2.0514345e-01  -2.9467312e-01   5.5140029e-01   5.4632581e-01  -5.0676128e-01  -8.2620597e-02   6.2863176e-01  -3.8678187e-01  -4.3429134e-01  -5.0446625e-01   5.4463234e-01  -2.9368697e-01   2.9136514e-01   8.5072639e-01  -1.6535658e-01  -7.2329995e-02   8.6384180e-01   1.7275221e-01   2.0771791e-01   2.6991098e-01  -1.2677154e-01  -1.3936943e-01  -2.5799429e-01  -6.2547723e-02  -5.8738336e-01  -5.1336393e-01  -2.7040367e-01  -4.1550398e-01   6.6557219e-01   3.2638975e-01   5.3020047e-01  -5.0885686e-01  -4.3908559e-01   1.5346894e-01   6.4377085e-01  -2.3497561e-01   4.4402745e-01   4.7179763e-01  -1.0740289e-02  -3.9205720e-01  -6.7987880e-01   3.0886032e-02   5.9538096e-01  -3.4047374e-01  -4.7356104e-01   5.9458174e-01   1.5038797e-01  -4.6989907e-01  -5.7497100e-01   3.8344824e-01  -3.5797679e-01   1.2868152e-01  -3.5954538e-01  -6.7878703e-02   5.8894062e-01
  -2.0292163e-01   3.2920308e-01   3.6555019e-02   2.1998375e-01   3.5511281e-01  -6.5495334e-02   3.4753476e-01   1.2649502e-02   0.0000000e+00   8.8841654e-02   1.3260537e-01   3.9509685e-01  -1.4417532e-02  -1.1356390e-01   2.1607696e-01   1.2651878e-01  -5.4384001e-02   1.8212496e-01  -1.7113649e-02   3.5329451e-01  -9.6100454e-02  -1.1048554e-01  -1.9702748e-01  -2.4479829e-01   6.0033377e-02   5.0672483e-02   3.6110815e-01  -2.4487664e-01  -2.9706567e-02   4.4971620e-01   1.7886901e-01  -1.2578002e-04   1.0099350e-01   1.9304990e-01   4.0142112e-01   3.0632224e-01   4.5598085e-03  -8.6444719e-02   4.2015626e-02   1.8392636e-01   7.2422607e-02   5.3542588e-03   4.4962317e-01  -1.2297967e-01   3.1699179e-01  -1.6690970e-01   1.4037826e-02   3.1474045e-01   1.1037287e-01   6.0114763e-02   2.4347648e-01  -2.0442917e-03   1.9173802e-01   1.1226807e-01  -6.6123646e-02  -2.3075431e-01  -1.1971636e-01  -9.9107446e-02   5.2868574e-02   4.2499083e-01  -8.6823801e-02   4.1916921e-02   5.6417136e-01   2.1109415e-01   5.6123251e-01  -7.3789936e-02   8.8332350e-02  -7.2582162e-02   9.9886261e-02  -2.8433480e-01   2.0857760e-01   1.9292850e-01  -1.3274192e-01  -9.9629324e-02   1.7852290e-01  -1.5958012e-01  -1.9973037e-01  -4.9094460e-02   2.6449656e-01   1.8491795e-01  -1.6706147e-01  -1.0742556e-01  -1.8616262e-01  -1.2469107e-01  -2.4647916e-01  -8.2177580e-02   3.0453468e-01  -3.3048530e-01   2.6268860e-01  -1.0999449e-01   1.5908258e-01  -1.1785882e-01  -6.4294111e-02   6.2883830e-01  -2.7967577e-01   2.6227330e-01   7.2319413e-02  -7.4214267e-02   2.6697283e-01   1.9269901e-01  -2.7825275e-01   2.0346407e-01  -1.6474360e-01   4.9455351e-01  -2.5994954e-02   8.2588107e-02  -3.9036250e-02   1.0288733e-01   1.7056476e-01  -1.0474831e-01  -2.9139318e-02  -1.1464725e-02   3.1312247e-01  -2.3091624e-01  -3.2488367e-01   1.1059536e-01  -2.2546133e-01  -3.1839287e-02  -3.5942686e-01   8.6490215e-02  -1.7014656e-01   1.7945990e-01   3.3629585e-01   4.3467172e-01  -1.6506091e-01  -2.9841213e-01   4.2441179e-01  -6.7664154e-02  -4.6889467e-02  -7.2763446e-02  -8.2593074e-02   1.9928637e-01  -1.7072718e-01  -1.5504475e-01   3.5082938e-01  -1.4705598e-01   8.1193682e-02   3.8500253e-02  -1.0733737e-01  -3.0253945e-01  -8.6360176e-02   3.4164372e-02   3.5879833e-01  -4.0717395e-01  -5.7454108e-02  -1.8307390e-02   1.6920248e-01  -1.1990641e-03   6.9709115e-02   3.2748991e-01  -2.8949251e-01  -1.4468282e-01  -1.9533174e-01   1.4345621e-01   1.2379609e-01  -1.2600042e-01  -1.0480895e-01   2.6178563e-02  -9.2332810e-02  -2.0833459e-01   1.8429390e-01   2.7459156e-01   1.5454585e-01   1.7441075e-01   2.2467452e-01   1.4984965e-01   7.9840995e-02  -1.4809580e-01  -2.5476237e-02  -1.0886197e-01   3.7305013e-01  -1.4913917e-01   4.3293739e-01  -2.9683208e-01   1.9383411e-01  -6.7133002e-02   1.1958042e-01
  -4.8238993e-01   3.7142794e-01   2.6806172e-01  -3.1151811e-01   3.2137969e-01  -3.6263070e-01   6.4217495e-01  -6.2832467e-01   8.8841654e-02   0.0000000e+00   3.7123862e-01   4.5004648e-01   1.4557024e-01  -2.7298161e-01  -1.9777385e-01   2.6582561e-01  -1.6040765e-01   2.5741217e-01  -5.5090823e-01   4.4081459e-01   3.6607887e-01  -3.3611157e-01   2.7970020e-01  -2.7140574e-01  -1.1613748e-01  -5.7882738e-01   3.5902177e-01  -4.2128364e-01  -1.2395631e-01   1.8692623e-01   4.0691290e-01  -4.3007151e-01   9.4332758e-03   6.4949128e-01  -9.1922754e-02   6.3750640e-01   3.5779326e-01   2.9498942e-02   5.1410101e-01   5.8912620e-01   1.9574659e-01  -6.2887983e-02   2.0181907e-01  -2.7048327e-01   3.7394018e-01  -4.2749119e-01   5.1336343e-01   3.8251807e-01  -3.8541250e-01   1.7158658e-01   2.1824556e-01  -5.9286931e-01   4.4483435e-01   4.2799515e-02   2.7879063e-01  -2.0377212e-01  -6.2948216e-01  -5.1741162e-01   1.2028037e-01  -4.5306858e-01  -2.9808663e-01   5.1238399e-02   1.9867049e-01   4.1135269e-01   2.8963210e-01   5.3775595e-01  -2.9282543e-01   1.1745793e-01  -3.3629710e-01  -3.4963071e-01   4.7762805e-01  -5.6516230e-02   6.3202372e-01  -5.2613141e-01  -1.2425522e-02  -4.7873021e-01  -1.8822488e-01  -3.6437045e-02   4.1436721e-01   1.1205212e-01  -1.8834349e-01   5.4445834e-01   7.6895393e-02  -4.6298843e-01  -6.0462434e-01  -5.7396672e-01   2.6674406e-01  -3.0526766e-01   1.6948471e-01  -3.8356545e-01   4.3782613e-01  -2.2177347e-01   6.1508348e-01  -1.0414246e-01  -2.4795032e-01   4.6885785e-01   9.4868948e-03  -5.2535650e-01  -2.9830880e-01   6.9725806e-01  -5.2382609e-01   3.9800359e-02  -1.0707189e-01  -2.9881243e-01  -3.0771060e-01  -4.8840403e-01   3.1322974e-01  -4.0235711e-01   3.4156337e-01   9.8867993e-02   6.1500662e-01  -3.5246426e-01  -1.1251930e-01  -4.0755831e-01  -3.4618071e-01   3.2735748e-01  -3.1323934e-01   3.9367951e-01  -4.8062583e-01  -1.7233754e-01  -4.6699120e-01   6.3327081e-01   2.1000539e-01   2.0841923e-01  -3.5345864e-01  -4.6405364e-01   1.8850371e-01   6.2287416e-02  -5.1584593e-01   3.8323502e-01   5.0745129e-01   5.1078127e-01  -4.9669291e-01   1.4597508e-01  -3.0888120e-01  -4.6687526e-01   8.2080093e-02  -1.0901439e-02  -5.7336333e-01  -3.5513847e-01  -2.5771305e-01  -2.3670994e-01   9.9043566e-02  -5.3393351e-02   1.1751470e-01  -5.9375107e-02   5.5344592e-01   5.6625694e-01   2.0498481e-01   3.3522976e-01  -6.1067325e-01  -3.1612688e-01  -5.0189641e-01   2.3356980e-01   3.9655777e-01  -1.0184225e-01  -4.9042058e-01   2.3993551e-01  -3.7665390e-01  -3.9557945e-01  -3.8184049e-02   4.3744208e-01   6.7646176e-01  -1.3715151e-01  -4.7531057e-01   5.6275290e-01   2.4573807e-01  -3.7967155e-01  -1.9408810e-01   4.1766281e-01   5.5730103e-01  -4.4899014e-01   3.7501929e-01  -2.1972240e-01   4.3128274e-01   2.2377693e-01  -5.1992812e-01
  -6.4580213e-01   5.4823203e-01  -9.7767040e-02  -2.2248061e-01   1.4093657e-01  -3.1748104e-01   6.9841424e-01  -5.5069010e-01   1.3260537e-01   3.7123862e-01   0.0000000e+00   3.7531381e-01  -1.3203120e-02  -3.8233249e-01   3.8810030e-02   2.9518339e-02  -3.1926933e-01   3.0963405e-01  -5.6547249e-01   2.8302724e-01   3.2342553e-01  -1.8031728e-01   2.5723296e-01  -6.5605641e-01  -3.4586829e-02  -3.7870526e-01   5.0563827e-01   1.4340443e-02  -1.7346462e-01   7.4744063e-01   4.5145646e-01  -4.0464016e-01  -6.3461566e-03   6.6652900e-01  -8.9706061e-03   5.9814461e-01   3.2593282e-02  -2.3389924e-01   1.8453911e-01   3.7962637e-01   1.5649383e-01  -2.5400751e-02   9.2148240e-02   1.6751205e-01   4.5864792e-01  -5.7799924e-01   4.4380542e-01   6.8230048e-01  -2.3462594e-02   1.1589282e-02   2.0035491e-01  -5.2189235e-01   6.0004460e-01  -1.1343945e-01  -6.6959150e-02   1.7678691e-01  -5.7492521e-01  -3.9414847e-01  -5.8064874e-03  -5.6600856e-02  -2.9742775e-01   2.0748566e-01   1.6358679e-01   3.0001788e-01   5.2203810e-01   3.8326926e-01  -1.6209916e-01  -2.1173479e-03  -3.9890229e-03  -3.5050035e-01   3.0517192e-01   1.7102119e-01   1.6367481e-01  -5.5395182e-01   2.5762713e-02  -5.5765331e-01  -3.8782036e-01  -1.9688501e-01   3.9915912e-01   1.7792272e-01   3.3562845e-01   5.1583285e-01   4.4940634e-01  -4.2873010e-01  -6.7705461e-01  -5.2878053e-01   3.1910236e-01  -4.6656999e-01   1.0605129e-01  -6.6340152e-01   2.7178475e-01  -4.3207869e-01   4.4940506e-01   2.4494051e-01  -3.6884065e-01   3.5055293e-01   1.6168643e-01  -4.1531586e-01   1.2150473e-01   5.4156709e-01  -5.1669361e-01   3.6013136e-01   4.1816674e-01  -5.5151315e-02  -8.3509255e-02  -4.0230000e-01  -4.9284268e-02  -2.8049686e-01   1.1213361e-01   5.8933615e-02   5.4443229e-01   4.3425257e-02  -1.0654019e-01  -6.9468114e-01  -7.5447410e-02   2.9440885e-01  -2.2298765e-01   3.0432628e-01  -2.8299272e-01  -1.9169419e-01  -5.6050925e-01   4.1048362e-01   3.1586227e-01   5.7038739e-01  -5.6591761e-01  -6.0016868e-01   5.0165925e-01  -1.2763351e-01  -4.8029787e-01   1.8969100e-01   1.4786976e-01   5.9054917e-01  -4.0446262e-01   3.2259929e-01  -2.0009725e-01  -5.4814628e-01   1.9478498e-02   1.6915024e-01  -4.0184386e-01  -4.4274841e-01  -3.4886021e-01  -1.7385014e-01   2.9192030e-01   1.8310941e-01   4.2993981e-01   2.6773400e-01   3.7208209e-01   4.0454986e-01   2.1201315e-01   5.0163740e-01  -6.3600009e-01   2.8074009e-03  -6.7744778e-01   7.5287808e-01   2.6195292e-01  -4.9979611e-01  -5.5706574e-01   6.7286200e-02  -4.6513207e-01  -4.9163830e-02   3.1622941e-02   4.7152907e-01   5.4548163e-01   6.7000870e-02  -3.0497035e-01   2.6181492e-01   7.2601440e-01  -4.3245702e-01  -2.9233977e-01   2.4107828e-01   5.0493333e-01  -3.1279671e-01   4.4064275e-01  -1.7156932e-01   3.2369307e-01   3.0125593e-02  -3.2127655e-01
  -4.0511650e-01   6.7381193e-01   3.2575998e-01  -2.1894899e-01   4.3691670e-01  -3.6741570e-02   6.7622402e-01  -5.0559061e-01   3.9509685e-01   4.5004648e-01   3.7531381e-01   0.0000000e+00  -2.0804413e-01  -3.7277361e-01   3.1954981e-01   1.8035147e-01  -1.0236543e-01  -1.6538060e-01  -4.1277736e-01   6.1512581e-01  -1.9275925e-02  -3.3151965e-01   1.6021488e-02  -4.7469060e-01  -1.5115598e-02  -3.9888342e-01   7.0263859e-01  -3.7280920e-01  -1.7013361e-01   4.7970374e-01   1.7124951e-01  -4.0320910e-01  -2.4298177e-02   5.1155564e-01   2.9003678e-01   4.0933281e-01   4.6122687e-02  -1.1343512e-01   3.0595268e-01   6.6985303e-01   3.9890955e-02  -4.4589863e-02   5.8056347e-01  -3.5602286e-01   6.3339422e-01  -5.0581577e-01   2.6723496e-01   5.0347427e-01  -1.5072127e-01   3.3149287e-01  -4.3857895e-02  -5.8738618e-01   4.1749256e-01   3.2478935e-01  -5.7021822e-02  -1.5775162e-01  -5.7306751e-01  -3.6041983e-01  -3.0359047e-02  -1.3638311e-01  -3.1429121e-01   2.0915970e-01   3.4202079e-01   1.4287294e-01   4.1294707e-01   1.5141153e-01   1.4576396e-01   6.0606361e-02  -1.4549317e-01  -2.6382818e-01   4.6670935e-01  -1.6203146e-02   3.0071178e-02  -2.2333475e-01   2.4648704e-01  -5.1821613e-01  -3.8430060e-01  -7.0499978e-02   4.4673761e-01   1.3962480e-01  -6.1910860e-02   1.5966320e-01  -7.3167877e-02  -4.1493619e-01  -3.5068821e-01  -4.3044109e-01   1.4180064e-01  -1.3030483e-01   2.8544894e-01  -3.9396669e-01   4.1312953e-01  -3.4873707e-01   5.1719380e-01   1.3276147e-01  -3.2602241e-01   5.5994337e-01   1.7081615e-01  -3.2859354e-01  -8.2971556e-02   4.4479711e-01  -4.3714025e-01   1.0429167e-01  -9.2990093e-02  -5.0726701e-02  -2.6153130e-01  -3.7037888e-01   2.4737332e-01  -1.9027061e-01   1.9544053e-01  -9.2766284e-02   5.1126136e-01  -1.3754570e-02  -1.0522839e-01  -4.0023785e-01  -2.8483700e-01   2.1939413e-01  -2.4218565e-01   5.1927156e-02  -5.4853690e-01   5.1607635e-02  -4.9549888e-01   6.0679323e-01   3.9561995e-01   1.7839634e-01  -4.8954649e-01  -3.9800811e-01   5.2333777e-01   1.1737534e-01  -4.6612688e-01   3.4763215e-01   2.5091302e-01   4.6632798e-01  -2.3121819e-01  -1.8521738e-01  -1.0015795e-03  -4.9302930e-01   1.9611307e-01  -1.2423481e-01  -4.8843478e-01  -3.5885712e-01  -4.3490981e-01  -3.1538649e-01   7.9249886e-02  -3.4816501e-02  -1.6872298e-01  -2.0096241e-01   6.7083356e-01   9.4556629e-02   2.5276164e-01   1.6281199e-01  -4.5240022e-01  -3.5995751e-01  -4.4769198e-01   2.6912285e-01   5.0498111e-01  -3.4682885e-01  -5.3156046e-01   7.4485230e-02  -3.1153294e-01  -2.7581915e-01   1.9728564e-01   1.9139563e-01   3.6378657e-01  -2.6411911e-01  -2.5201194e-01   5.3810290e-01   3.3080772e-01  -3.6748095e-01  -3.5846575e-02   1.6888659e-01   7.6435511e-01  -4.6042636e-01   2.2282678e-01  -4.0417553e-02   4.1481593e-01   2.3878989e-01  -3.3088895e-01
   1.3467898e-01  -3.6139307e-01  -3.6037053e-01  -6.3910904e-02   2.7968562e-02   4.1413771e-02   6.1215572e-02   4.1234425e-02  -1.4417532e-02   1.4557024e-01  -1.3203120e-02  -2.0804413e-01   0.0000000e+00   2.5099958e-01  -8.3802600e-02  -3.8267646e-02  -3.4647978e-01   1.9253322e-01   1.0728888e-03   1.2279027e-01   1.0689502e-01   2.8720777e-02   2.2920337e-01   2.8071910e-01   1.3423531e-01   6.1491183e-02  -2.7266644e-01   1.8964045e-01  -4.1235971e-02  -6.0719647e-02  -1.3790434e-01  -1.0095041e-01  -1.9140055e-01  -3.1394118e-02   1.2444173e-01   4.3162892e-02   2.0773397e-01  -1.0146672e-01   1.1492133e-02  -2.0098477e-01   6.6469540e-01  -1.9848250e-01  -2.9793970e-01   3.3999536e-02  -1.4713411e-01  -1.5966773e-02   1.2929682e-01   2.3209683e-02   2.3858879e-01  -4.4488153e-01   2.6538092e-01   2.1397947e-01  -8.1215651e-02  -2.1452558e-01   3.1585554e-01   4.5426872e-02   5.1005638e-02   2.2190732e-02   4.5499098e-02   1.5770838e-01  -1.8209741e-01   3.3945551e-01  -7.8493403e-02   1.8190806e-01  -6.0976435e-03   3.7660708e-01  -6.6937594e-02   2.0257501e-01   7.6309259e-02  -1.5429073e-02  -2.5231094e-01   1.5781533e-01   4.2447492e-01   1.0522384e-01   1.9069225e-02  -3.3554732e-02  -1.5180293e-01   5.9395985e-02  -1.3447567e-01   2.2765348e-01   9.0138895e-02   8.5914055e-02  -1.1920149e-01   1.0125223e-01  -7.1239818e-02  -2.5249166e-02   1.0013217e-01   6.7413924e-02  -1.2640090e-01   1.8887642e-01  -2.2500415e-01  -2.6248112e-01  -4.1792975e-02   3.1718410e-03  -1.0366016e-01  -3.5939337e-02   1.5316117e-01  -3.4710585e-02   2.8178391e-01   1.6984777e-01  -1.0542555e-01   1.8825752e-01  -2.0119158e-01   4.6306578e-03   1.3945563e-01  -1.7197368e-01  -9.2260408e-02   2.7244568e-02   2.3768404e-01   1.6506186e-01  -1.1330248e-01   7.6678429e-02   1.7675095e-01   5.5554373e-02  -7.7609787e-02  -1.5864387e-01   4.5557435e-02   5.4597915e-01  -1.4443110e-01  -1.2136050e-01  -3.9469731e-02  -5.7054850e-02  -6.3742473e-02  -1.3236556e-01   1.0922789e-01   1.8483339e-01  -1.1721550e-01  -2.0380176e-01  -1.4232228e-01  -2.9997137e-01   2.5424078e-01  -1.6734558e-01   9.9183833e-02  -1.1121862e-01  -4.0957038e-03  -1.9756081e-02   2.7894678e-01  -1.7214165e-01   3.7793321e-02  -5.9547839e-02   1.3008765e-01   4.2738309e-01   7.4610945e-02  -5.2716367e-02  -7.5888488e-02  -2.1217788e-01  -2.5119598e-01   2.1223017e-01   3.4044243e-01   1.3085162e-01   1.1571414e-01   6.9883435e-02  -6.0924068e-02  -1.2531364e-01  -3.0702187e-01   2.3551294e-01  -3.9181885e-02   3.7477106e-01  -2.7015672e-01   2.8280702e-01  -9.2078735e-02   1.8920702e-01   5.3052728e-02   8.5043269e-02  -6.0108590e-02  -2.3726383e-01  -5.2114639e-02   1.4347380e-01  -1.5415551e-01  -2.3666946e-01  -1.2093326e-01   5.6263484e-02   8.8772949e-02  -2.0460524e-02   2.6413158e-01   5.3304916e-02  -8.5726205e-02
   5.1526802e-01  -3.9978506e-01  -2.6723932e-01   7.7677309e-02  -2.2517188e-01   1.7612689e-01  -5.0137335e-01   3.2379622e-01  -1.1356390e-01  -2.7298161e-01  -3.8233249e-01  -3.7277361e-01   2.5099958e-01   0.0000000e+00   1.7336176e-01  -6.1474722e-02  -4.7561115e-02  -1.1079430e-01   2.5485924e-01  -3.0512693e-01   1.2342646e-01   2.8026325e-01   4.3000880e-02   6.3005689e-01   2.5468491e-01   1.6852845e-01  -5.4422076e-01   2.5263735e-01  -5.1139922e-02  -3.4507713e-01  -1.4603376e-01   2.6514104e-01  -1.9001022e-01  -3.8865728e-01   7.3918591e-02  -4.8346424e-01   8.9092092e-02   1.1783802e-01  -1.2087935e-01  -5.7464369e-01   2.4751951e-01  -1.9388536e-01  -2.6727434e-01   1.1357297e-01  -4.8001522e-01   3.1274531e-01  -1.4964140e-01  -2.8353936e-01   3.2652092e-01  -3.3264396e-01  -1.0621002e-03   3.3036650e-01  -3.2221348e-01   5.2312898e-03   3.1737046e-01   8.4306917e-02   3.0637627e-01   2.6665623e-01   2.4916693e-02   3.0488535e-01  -7.2669037e-03  -9.6686573e-02  -2.2368573e-01   2.9947677e-02  -2.7462688e-01  -1.6830712e-01  -2.2560359e-02   6.3990634e-02   2.1075580e-01   1.0771978e-01  -3.3074471e-01  -6.2715958e-02   9.1660679e-02   5.2017830e-01  -4.8610274e-02   2.5825273e-01   7.7383233e-02   4.9384258e-02  -3.9748983e-01   1.2872347e-01  -1.8925202e-01  -1.3633221e-01  -1.9000803e-01   1.8215513e-01   4.3598802e-01   2.8335134e-01   2.4733597e-01   5.2763918e-01  -2.0499066e-01   6.2103548e-01  -3.2659504e-01   2.1190222e-02  -3.3905822e-01  -5.4410181e-02   1.8881095e-01  -3.1096088e-01  -6.7351803e-02   1.9039279e-01   1.3250002e-01  -3.0053108e-01   3.6912522e-01   2.4605014e-01  -1.8603018e-03   1.4797792e-01   1.9077766e-01   1.6017427e-01  -6.2576543e-02   1.3542136e-01  -5.3482459e-02   7.7684485e-02  -4.6389497e-01   1.9922119e-01  -3.0773071e-02   4.2789348e-01   6.8235969e-02  -3.0903507e-01   2.1198889e-01   3.1829602e-02   2.9657669e-01   1.0619367e-01   3.0129516e-01  -3.7409591e-01  -4.2180536e-01  -3.2852295e-01   3.9719347e-01   5.6923662e-01  -1.7319599e-01   2.0583220e-01   2.0613822e-01  -5.1602843e-01  -3.9657172e-02  -3.8286851e-01   3.6507953e-01  -6.5824330e-02   1.5443711e-01   2.6216478e-01   1.9895732e-01  -1.6145996e-01   1.7294682e-01   2.6649096e-01   6.0421063e-01   4.6831382e-01  -1.4243190e-01  -2.5158250e-01  -4.9074998e-02  -6.6356963e-02  -4.8391795e-01  -2.7321290e-01   4.5405643e-02  -1.6127067e-01   4.7675796e-01   8.5953861e-02   3.3890119e-01  -4.6293082e-01  -3.8826293e-01   5.0150875e-01   1.6140652e-01   7.8585060e-02  -5.5336122e-02   1.7608763e-01  -1.3778278e-02  -2.3241187e-01  -4.1255952e-01  -5.7975910e-02   7.6341154e-02  -3.4945146e-01  -4.4189460e-01   1.8946372e-01  -1.4910167e-01  -2.2015141e-01  -4.7006464e-01   1.5146859e-01  -3.0991816e-01  -8.7563570e-02  -7.9962323e-02  -3.5396679e-02   2.3694643e-01
