   0.0000000e+00  -1.5319647e-01   5.3564315e-02   7.8193180e-02   2.3894584e-02   2.0210698e-01  -3.9170046e-01  -1.1032423e-01  -4.2685965e-01   1.8364030e-02  -3.2101563e-01  -4.9417909e-01   2.7991936e-01   7.1873041e-01  -3.6649462e-01  -2.2575948e-01   4.2335686e-01  -2.9191712e-01   1.4754872e-01  -7.6002661e-03   6.2312485e-02   2.3152720e-01  -9.1621109e-02   6.0989436e-01  -1.5225611e-01  -2.7048541e-01   6.8464174e-02  -5.7273658e-02   3.2483811e-01  -1.2478943e-01  -3.1420243e-01   2.0471163e-01  -1.8166956e-01  -3.6020792e-01  -1.5672873e-01  -2.0672052e-01  -1.1986713e-02   3.1026057e-01  -8.4798687e-02  -8.4825711e-02  -1.2080593e-01  -2.1122620e-01  -4.3426935e-01  -3.9117564e-01  -1.9840279e-01   5.1074307e-01  -1.7198381e-01  -3.1623347e-01   1.3848615e-01   1.5287663e-01  -3.3651744e-01  -3.1914933e-01  -1.9725095e-01  -3.4338664e-02   1.4786375e-01  -4.3217785e-01   7.7099568e-02   3.0769619e-01   3.6667872e-02  -4.3265494e-01   4.7826837e-01   1.6102517e-01  -1.7271647e-01  -3.1783704e-01   3.1879095e-02  -2.1171383e-01  -1.5517210e-02  -1.9757255e-01  -1.7136330e-01   3.2089800e-01  -4.2405363e-01  -3.7998312e-01  -3.0986780e-01   4.4020443e-01   6.5968433e-02   1.6757628e-01   4.7380140e-01  -2.3704779e-01   9.1795303e-02   4.0444242e-02  -2.7847054e-01  -1.3405233e-01  -3.6477281e-01  -1.6240961e-01   5.3892477e-01  -1.6211586e-02  -2.8184749e-01   4.9114315e-01  -1.1471944e-01   7.8255232e-01   6.6669332e-02   4.6193858e-01  -2.7615371e-01  -4.3788971e-01   3.6089227e-01   3.9374665e-01   5.9807132e-02   9.3559241e-02  -2.0276521e-01  -2.9722409e-01   3.6556899e-01  -4.8040861e-01   1.3109514e-01  -1.6771739e-01   1.2664783e-02   2.4074984e-01   2.2899624e-01  -2.2844621e-01  -4.1938927e-01  -3.1437585e-01  -2.9923910e-01  -8.2855675e-02  -5.3380458e-02   4.6988608e-01   1.3605322e-01   3.1652138e-02  -3.2119737e-01   8.2883202e-03  -8.3034478e-02  -9.3943695e-03   6.6485211e-01   1.8428390e-01  -1.9473228e-01  -4.6167428e-02   5.1311510e-01   4.4916962e-01  -4.8186644e-02   1.9908504e-03   2.4009765e-01   1.9733051e-01  -2.6015786e-01  -2.6809108e-01   6.0589168e-01  -1.8405951e-01  -2.9639273e-01   6.8037132e-02   1.3195740e-02  -1.7924113e-01   4.2354984e-02   4.7058335e-01   7.2169614e-01   3.7023825e-01  -4.0590137e-01  -1.1377208e-02  -2.5968410e-01  -1.7851788e-01  -3.4468865e-01  -1.7025574e-01  -1.4632940e-01  -1.4767110e-01   6.7122906e-01  -1.9224291e-01   5.0616172e-01  -2.1467179e-01  -3.5464733e-01   7.4766724e-01   5.7513960e-01  -6.8576688e-02   5.1172116e-01  -1.5661696e-01  -3.0104071e-01  -4.9961557e-01  -3.8026814e-02   2.3969945e-01   3.3317171e-01  -6.6814176e-02  -1.6572659e-01  -2.4909118e-01   5.7417414e-01  -1.8581457e-01  -5.3460849e-02   5.5071762e-01   5.2561371e-02  -1.7518623e-01   8.4631162e-02  -1.2240588e-01   3.5622823e-01
  -1.5319647e-01   0.0000000e+00   2.0588220e-01  -1.4371513e-01   6.9083177e-01  -2.2627994e-01  -3.0959432e-01  -2.6780660e-01   2.8584703e-01   1.5466102e-01  -2.8846182e-01   3.0231289e-01   1.0169636e-01  -1.1855256e-01   1.2822740e-03   2.4986461e-01   3.7215089e-01  -1.5550644e-01  -1.9885910e-01   6.8607955e-01  -2.1929459e-03  -3.1503991e-01  -8.9671153e-02  -1.8159107e-01   3.3647497e-01  -1.9994720e-01   2.9373408e-01  -2.6367242e-01  -4.9700473e-02   5.6754489e-01  -2.7660222e-02  -6.8288328e-02  -3.7569579e-01  -9.4574530e-02  -3.0944810e-01   5.9132834e-01   1.2152565e-01  -2.1486239e-01   3.1631718e-01   7.1472419e-01   3.5019741e-01  -4.3508585e-01   2.9511882e-01  -3.1834196e-01   1.2538852e-01  -1.8755446e-01   2.1274558e-02   8.9125302e-02   5.0633063e-01   7.3683544e-01  -3.3785727e-01  -3.4486437e-01   4.4845299e-01  -7.3069881e-02  -3.9662515e-03  -2.4122660e-01  -1.5262761e-01  -6.7490913e-02  -1.4073897e-01   6.8090876e-03  -3.7182061e-01  -1.9015498e-01   6.2431044e-01   1.1298825e-01   5.5843302e-01  -1.0147223e-01   5.5575175e-02   1.0410562e-01  -4.3217608e-01  -4.3435951e-01   1.5686837e-01  -3.9485587e-01   4.6025573e-01  -1.5316922e-01   4.6014736e-01  -1.6059222e-01  -4.1321264e-01  -1.7519936e-01   7.1160685e-01   5.1390991e-01  -3.3682032e-01   3.7766136e-01   2.8660569e-01  -1.7605983e-01   8.2803524e-03  -7.4586652e-02   1.9527102e-01  -5.0560157e-01   5.0774077e-01  -1.2348378e-02   4.6413692e-01  -2.0023532e-01  -7.2256159e-02  -4.9511030e-02  -2.3080405e-01   5.7178845e-01   7.6649073e-02  -2.1365012e-01   2.2935202e-01  -6.4766114e-02  -3.0583879e-01  -6.6733511e-02  -2.7236667e-01   6.9928560e-01  -4.1563032e-01  -1.0739837e-01   5.1810150e-02  -2.7272066e-01  -7.8492957e-02  -1.6252289e-01   2.7532220e-01  -2.6288851e-01  -5.5653049e-02   7.0877650e-02  -3.7602662e-01   4.2981915e-01  -1.4577959e-01   3.9812153e-01  -3.5911349e-01  -2.7799130e-01  -2.3139221e-01   6.2231506e-01   7.0675407e-01   2.2366797e-01  -2.9486000e-01  -2.8954579e-01  -1.1788276e-01   5.4397507e-01  -2.4275861e-01  -1.0023800e-01   3.1158232e-01   1.3676510e-01  -5.0466422e-02   1.5209532e-01   4.8006292e-01  -7.4828280e-02   1.6319317e-01  -4.5211010e-01  -2.4055287e-01  -1.1214929e-01  -6.0561411e-02   2.0442845e-01  -1.7898722e-01  -9.3122798e-02   9.5051918e-02  -3.1402727e-02  -3.2439206e-01  -2.1774996e-01  -4.4905393e-01   5.4252150e-02  -2.0073893e-01  -4.5209963e-01  -4.1373991e-01   3.0163319e-01   6.2667138e-01  -7.3297442e-02  -2.4356352e-01   1.5176157e-01  -2.8891632e-01  -2.9518236e-01   6.2249508e-02  -1.4634525e-01   1.3153278e-01  -2.0448285e-01   2.1536559e-01   4.9135331e-01   2.2308239e-01  -1.5089411e-01  -2.9745096e-01   4.0779372e-01   3.3178885e-01  -1.1786075e-01   6.0113751e-02  -4.6210766e-02  -5.8176565e-02  -2.9826424e-01   1.1751113e-01
   5.3564315e-02   2.0588220e-01   0.0000000e+00  -8.5062575e-02   4.7712996e-02   5.1837972e-02  -1.2500634e-01  -4.9815273e-01  -1.6503345e-01   1.7807837e-01  -3.5547853e-01   2.0880042e-01  -1.2749918e-01   4.7093192e-02  -9.3640626e-02  -1.3921475e-02   6.8173470e-01  -2.7655138e-01  -4.1423689e-01   1.8346503e-01  -3.8859718e-01  -5.3679752e-02  -1.6004480e-02   9.6700956e-02  -3.6797264e-02  -3.1263468e-01   2.9018621e-01  -1.9905683e-01  -1.8565734e-02   9.7610587e-02  -3.8054344e-01   3.2721664e-02  -3.3692328e-01  -7.0248824e-02  -7.9463191e-02   1.3876075e-01  -3.3671528e-01   3.1386131e-01   4.8603110e-02   3.9690704e-01   1.6150259e-01  -2.1152256e-02   6.9837546e-03  -4.3900664e-01  -2.0134119e-01   1.9589347e-01   2.7361150e-01  -3.4844657e-01   5.3498140e-02   4.0856100e-01  -2.2502156e-01  -4.3199249e-01  -1.7644880e-01   1.6389244e-02   1.1997347e-01  -2.4170047e-01  -1.8637897e-01  -1.0861840e-01  -1.4835121e-01   8.4230374e-02   2.0661430e-01   6.1422004e-02   5.6592055e-02  -3.6344680e-01  -1.8344487e-01   1.4828853e-01   1.0507483e-01   2.0522876e-01  -5.8981066e-02   5.5317248e-01  -1.3984704e-01  -9.3979785e-02  -1.3039381e-01   1.5206059e-01   3.0719023e-02  -2.0737366e-01   1.7046794e-01  -3.6702237e-01   1.0141972e-01   6.0827015e-02  -4.5445761e-01  -1.9725955e-01  -3.5436045e-01  -3.7782004e-01  -2.2780020e-02  -4.9890238e-02  -1.0664474e-01  -5.5758749e-02   3.7659407e-03   1.3870805e-01   2.9351441e-01   2.6951222e-01   1.6094692e-01   2.0307826e-02   1.9604674e-01   8.7360676e-02   5.0655016e-02  -1.7649243e-01  -1.9558924e-01  -2.3397981e-01   2.6851417e-02  -3.6300181e-01  -4.4291084e-02   1.9789859e-01  -1.3449501e-01  -2.1677523e-01   1.1333275e-01  -3.5328560e-01  -5.3382009e-02  -5.0417761e-02  -4.1379778e-02   2.1740833e-01  -4.9106413e-02   2.5717024e-01  -1.2436393e-01   1.2416566e-01  -2.2610359e-01   6.7508005e-03  -1.6937616e-02  -1.1915296e-02   4.6651773e-02   1.1752591e-01  -8.3964424e-02  -2.9651227e-01   1.6837080e-01   6.5097395e-02  -1.4373614e-01   2.0923516e-01  -1.6471242e-01   4.9652308e-01  -7.4860069e-02  -2.6392092e-01   1.8538868e-01  -2.0294486e-01   1.1176805e-01  -3.1368184e-01   4.7003876e-02  -3.7561383e-01  -2.7015136e-01   2.0584533e-01   1.4878608e-01  -1.1307588e-01  -3.8071278e-01   2.3692206e-01  -1.3887800e-02  -4.1807614e-01  -9.0999850e-02   1.8574420e-01  -4.1123538e-02  -5.0666644e-01   9.8433189e-02  -5.5996046e-01  -3.2073199e-02  -3.2642784e-01   4.0995810e-01   2.0845784e-01   2.0480783e-01  -1.1102405e-01   1.2647657e-01  -1.9469907e-01   6.4873968e-02  -2.9551171e-01   1.4220714e-01  -1.6291152e-01   1.4122100e-01   3.3340465e-02  -1.2991150e-01  -1.4866762e-01   1.3123105e-01   1.9334649e-01   1.5680429e-01   2.6461430e-01  -1.7708625e-01  -2.0608213e-01  -2.0629540e-01  -2.9644877e-02   2.1147147e-01
   7.8193180e-02  -1.4371513e-01  -8.5062575e-02   0.0000000e+00   1.7781804e-01   4.7756685e-01  -3.5834915e-02   1.3102020e-01  -2.1553227e-01   1.2514130e-02  -1.8741893e-01  -2.7533284e-01   1.9116785e-01   2.1220471e-01  -4.1053731e-01   3.8302223e-01  -4.9314789e-03   9.3984412e-02   2.4269962e-01   4.4674385e-02   5.1941621e-02   4.4994022e-01   1.9039425e-01   3.1204252e-02   6.5759261e-02   1.1339607e-01   2.4477812e-01  -4.9649047e-02   2.6495007e-01   1.4202148e-01  -3.4697702e-01   4.7936056e-01   3.8132143e-01  -3.7760860e-01   2.0303040e-02  -2.4088274e-01  -2.0555307e-01  -1.3186061e-01   2.9718690e-01  -1.1373891e-03   2.1107933e-02   2.1181982e-01  -5.1558085e-02  -5.3482052e-02  -1.4020452e-01   1.9352000e-01  -2.7013482e-01  -1.4359089e-02  -3.2699780e-02   7.2392729e-02  -4.3116357e-02  -8.9451640e-03  -3.9836579e-01   1.0688563e-01   7.2735877e-02  -1.3252280e-01   3.1196740e-01   3.1724295e-01   4.4518123e-01  -2.8637149e-01  -1.3632109e-01  -2.0025604e-01   2.8289893e-02  -3.8868459e-01   5.4131110e-02  -2.1098278e-01   4.1619013e-01  -1.0535101e-02   9.4403265e-02   1.4342361e-01  -3.5762547e-01   2.3793514e-01  -1.7830941e-01   3.9999282e-02   1.4981595e-01   1.1890754e-01  -1.0621031e-01  -1.5742323e-02   4.1158449e-02   3.8108601e-01   6.9903347e-02   1.1503625e-01  -1.0653852e-01   9.5228714e-02  -3.6778765e-02   9.2199749e-02  -1.2861992e-02   1.7050049e-01  -6.4234821e-02  -8.0301813e-02   2.0379355e-01   1.8532164e-02  -2.4634676e-01  -1.8415105e-01  -1.3089800e-01   1.2385422e-01   7.8236457e-02   1.8817493e-01   6.0968790e-02  -3.7710703e-01  -1.8297786e-05  -3.1060537e-01   4.2888980e-01  -1.4194100e-01   2.7957321e-01   4.5555821e-01   3.2319309e-01   2.7842827e-01  -1.2693753e-01  -2.2039562e-01  -5.2363195e-02   1.6435570e-01   2.1918473e-01  -6.4494440e-02   4.0651199e-02   1.7145443e-03   6.3061717e-02  -1.9275074e-02   3.3113179e-02   6.6638198e-01   1.0270794e-01   1.8419369e-01  -1.3595601e-01   9.5050581e-02   1.1433276e-01   1.4869602e-01   3.1549828e-01   2.3964495e-01   5.2891279e-01  -2.6622965e-02   2.9040113e-01  -2.3226610e-01   5.2828324e-02  -4.5690677e-01  -2.8303450e-02   6.9413339e-02   2.8420547e-01  -1.2708537e-01   1.1062152e-01  -6.4565932e-02  -1.0830492e-02   2.0875727e-01  -2.2615210e-01   2.5840444e-01  -3.4802676e-01   2.0976303e-01  -2.1059988e-01  -1.3582877e-01  -8.0084127e-03  -3.1638296e-01  -2.4998578e-02   2.4815459e-01   1.8458220e-01  -2.4597323e-01  -7.7888560e-02  -1.0820625e-01  -4.3872988e-02   2.9512569e-01   2.7991669e-02   3.7277069e-01  -1.4350348e-01  -2.6926195e-01  -3.4769790e-01   6.6392446e-01   2.1838338e-01  -1.7357271e-01  -2.1830694e-01   8.9944597e-03   1.4930706e-01  -1.6326618e-01  -1.4656152e-02  -9.6840695e-02   3.6575426e-01   9.9505912e-02   7.7458256e-02  -1.6930407e-01   3.0793715e-01
   2.3894584e-02   6.9083177e-01   4.7712996e-02   1.7781804e-01   0.0000000e+00  -1.5440646e-01  -5.3524366e-01  -2.6118344e-01   2.1398469e-01   3.9731523e-02  -5.3537415e-01   2.9541266e-02   2.1023301e-01  -1.2098421e-03  -3.2820433e-01   3.0124199e-01   2.5108319e-01  -2.3331281e-01  -2.0708788e-01   8.7976432e-01   9.1682410e-02  -1.6917782e-01  -1.2301770e-01  -9.0593205e-02   2.5484817e-01  -2.4145837e-01   2.9287467e-01  -2.9886130e-01   4.2649186e-02   4.6501075e-01  -4.1882346e-01  -3.8596052e-02  -2.8193925e-01  -3.5172986e-01  -2.0133423e-01   5.2217926e-01   6.9090376e-02  -6.2905469e-02   2.2573685e-01   5.6636142e-01   4.2171078e-01  -2.9648724e-01   2.7372183e-01  -3.6663295e-01   3.6076023e-01  -1.3121667e-01  -2.0298049e-01  -1.7060545e-01   6.4749355e-01   6.5557213e-01  -3.6434477e-01  -3.7987062e-01   2.4706306e-01   6.8951036e-02   4.3245769e-02  -3.6193436e-01  -1.6808007e-01  -1.5747759e-01   2.7627919e-02   5.2411302e-02  -3.1802295e-01   8.0343682e-02   6.9641030e-01  -1.6965593e-01   8.0317010e-01   1.4272428e-02   1.1849127e-01   3.8779160e-02  -5.6684836e-01  -3.7083641e-01  -2.8431986e-01  -2.7485104e-01   3.0969015e-01   1.5780598e-02   3.4727061e-01  -3.2962230e-01  -3.4066725e-01  -2.4300754e-01   8.5525783e-01   6.0588040e-01  -3.7524751e-01   3.5101522e-01  -2.7059021e-02  -2.1177102e-01   3.4396254e-02  -2.6457778e-01   9.3091783e-02  -3.0512214e-01   4.7265096e-01   5.8752756e-02   6.4296255e-01  -2.7275398e-01  -2.5441396e-01  -4.0540532e-02  -9.9787856e-02   6.5790375e-01   2.1634814e-01  -1.7959353e-01   4.0971283e-01  -2.3460083e-01  -3.1645384e-01  -2.2466933e-01  -9.7135544e-02   7.1656230e-01  -2.7982775e-01  -8.6748985e-02   2.1583795e-01  -3.1728552e-01  -3.4918336e-01  -3.5870159e-01   2.6531445e-02  -1.5111942e-01   1.0551277e-01   2.1952371e-01  -3.3222230e-01   5.6586358e-01  -9.6574745e-02   3.5137162e-01  -2.0777108e-01  -1.3447114e-01  -2.1237102e-01   7.4167583e-01   5.4716772e-01   4.5982486e-01  -2.5758978e-01  -5.2331933e-02   1.9282875e-01   4.3709772e-01  -2.0997319e-01  -2.0653446e-01   3.6528692e-01  -1.5360020e-02   2.1820282e-03  -1.3627384e-01   4.4261030e-01  -2.3984004e-01   8.7047781e-02  -6.1622664e-01  -4.6345573e-01   1.7172839e-02   4.4779987e-02   3.6830923e-01  -2.0674475e-01   6.6225143e-02  -1.1873062e-01  -7.9416695e-02  -6.8661049e-01  -8.5645968e-02  -3.5032604e-01  -8.2719898e-02  -1.9243082e-01  -3.5346037e-01  -3.1940490e-01   9.9166025e-02   4.5397301e-01   2.3780168e-02  -1.6105450e-01   3.4088578e-01  -2.6906479e-01  -2.7525291e-01   4.7821561e-02  -2.7142928e-01   7.1124380e-02  -1.0920111e-02   7.8802851e-02   3.7756583e-01   1.2432842e-01  -2.5763864e-01  -1.9875148e-01   3.0056509e-01   5.9951684e-01  -5.5079466e-02   4.1528144e-01  -2.9318158e-02  -1.2343179e-01  -2.3158085e-01   3.6623220e-02
   2.0210698e-01  -2.2627994e-01   5.1837972e-02   4.7756685e-01  -1.5440646e-01   0.0000000e+00  -5.0979490e-02   3.9383587e-01  -3.7944247e-01  -8.0780702e-02  -1.8482985e-01  -4.9931600e-01   9.8357822e-02   4.2977153e-01  -1.5997836e-01  -8.7501215e-02   5.3070736e-02  -1.7438953e-01   2.4842914e-01  -1.3987941e-01  -5.6236292e-02   3.8858281e-01   4.1574177e-02   2.1643096e-01  -1.1279935e-01   2.3886054e-01   4.2728214e-01   1.0267076e-01   1.5729354e-01   1.4772912e-01  -3.0874630e-01   3.7904088e-01   1.3965029e-01  -3.5809924e-01  -4.0538117e-03  -4.3068942e-01  -2.9496691e-01  -7.4643328e-02  -4.7303918e-02   8.3573354e-02  -1.2753543e-01  -6.8472208e-02  -2.3705289e-01   1.6331716e-01  -2.0268924e-01   2.8066446e-01  -1.2055098e-01  -2.0030296e-02  -1.2643982e-03   2.8321757e-03  -2.0102163e-01   3.1385121e-01  -4.4413632e-01  -3.2868182e-02   9.5349851e-02   1.2039172e-01   4.1524882e-01   2.8157209e-01   9.4327907e-02  -2.7936430e-01   2.6781595e-02  -2.6124813e-02  -2.1285694e-02  -2.3381209e-01  -1.0131451e-01  -3.7350548e-01   7.3373919e-01  -2.0341325e-01   2.8806326e-01   3.4106390e-01  -2.6635953e-01   1.0905428e-01  -3.5806498e-01   2.3052454e-01   7.6801537e-02   1.6126518e-01   1.1976936e-01   7.9449669e-02  -2.6254215e-01   1.5942771e-01   2.7064419e-01  -1.5230898e-01  -2.1606074e-02   2.5746420e-01   2.3508579e-01   2.5965802e-01   1.5588153e-01   3.4065162e-01  -1.2637881e-01   2.0701840e-01  -1.6437516e-01   1.7326116e-01  -1.6377998e-01  -3.2906790e-01  -1.6999843e-02   2.5179162e-02   1.9209995e-01   5.6632003e-01   1.4207588e-01  -4.2132340e-01   2.8815827e-01  -1.7305581e-01   4.5086090e-01  -5.8124992e-02   2.5884655e-01   3.0650134e-01  -3.6356816e-02   5.5360695e-01   2.6181929e-02  -3.4637660e-01  -2.8782192e-02   2.4276005e-01   1.0621888e-01  -1.0245308e-01   1.0614745e-01  -3.1679533e-01   1.5167959e-01  -1.9124362e-01   1.0245633e-01   4.6320323e-01   2.4489001e-01  -4.3973418e-02  -1.6576779e-01  -1.2791161e-01   2.7013434e-01   2.5896514e-01   1.4062126e-01   5.7150362e-02   4.4887975e-01   5.6909518e-02  -1.2823590e-01  -2.8042912e-01   1.4906550e-01  -5.4049050e-01  -4.5686000e-02   3.2502380e-01   3.5268880e-02   1.2678150e-01   4.0373738e-01   7.5317602e-02   2.0781206e-01   1.5102119e-01  -1.7436161e-01   4.1827940e-01  -3.1158250e-01  -8.0929749e-02  -1.5044218e-01  -5.0488188e-01  -2.6898129e-01  -3.2524751e-01   2.8626345e-01   2.5088870e-01   2.8326777e-01  -3.0409249e-01   6.0285653e-02   1.8246507e-01   5.6451088e-02  -7.4016085e-02   1.1109047e-01   4.9803790e-01  -2.2517625e-01  -1.7606720e-01  -4.3245546e-01   4.6665037e-01   3.3132377e-01  -3.2331166e-01  -3.3009340e-01   1.5413384e-01   1.3734599e-01  -1.2875780e-01  -3.8742614e-01   1.8595505e-02   2.1706235e-01   4.2965796e-01   1.3084268e-02  -1.2254064e-01   3.1973825e-01
  -3.9170046e-01  -3.0959432e-01  -1.2500634e-01  -3.5834915e-02  -5.3524366e-01  -5.0979490e-02   0.0000000e+00   1.8922130e-01  -7.0157336e-02   1.9269367e-01   5.8219581e-01   4.9792745e-01  -1.6310737e-01  -4.2808560e-01   3.6166623e-01  -1.4633811e-01  -4.7253634e-01   2.4166297e-01  -1.6737318e-02  -4.7998395e-01   1.2826092e-01   2.9100236e-02   3.4529900e-01  -1.8960807e-01  -1.4847851e-01   1.7491061e-01  -1.0176265e-01   2.5443057e-01  -3.2882163e-01   4.5300585e-02   4.0094326e-01  -1.9653088e-02   3.5602371e-01   5.8707825e-01   2.6238299e-01  -2.1201151e-01  -2.5389933e-03  -2.3520698e-01  -1.6025616e-01  -1.9845359e-01  -2.3563624e-01   2.3056081e-01   1.0752851e-01   3.9611777e-01   3.2183545e-02  -2.3992709e-01   2.3238621e-01   7.2806710e-01  -4.5152909e-01  -6.2832999e-01   3.5527432e-01   3.2006185e-01   1.2782870e-01  -1.8832969e-01  -6.7314013e-02   5.2154779e-01  -8.5449423e-02   1.4139731e-02  -1.0698900e-02   2.4626952e-01  -3.1333986e-01  -1.9591952e-01  -4.4678910e-01   2.6896330e-01  -5.2470976e-01   2.6091903e-01  -7.7268251e-02  -8.1908900e-02   4.0524097e-01   1.0072708e-01   6.2329733e-01   4.5219700e-01   1.7866709e-02  -3.2685577e-01  -2.1004686e-01   1.2905685e-01  -2.8778656e-01   1.6734280e-01  -4.7524588e-01  -3.6130048e-01   4.6350846e-01  -1.0361208e-01   3.7897326e-01   2.0930228e-01  -3.9567807e-01   1.1962210e-01   1.7676028e-01  -6.3134288e-03  -5.2975247e-01  -5.3769457e-01  -2.9814971e-01  -2.9416048e-01   3.8264545e-01   1.6283005e-01  -3.8287739e-01  -5.5285804e-01  -1.1229817e-01   1.1728185e-02  -2.2154479e-01   5.6164510e-01  -5.5606801e-02   4.0391296e-01   2.6710345e-01  -4.8232945e-01   2.5891932e-01  -2.6415618e-02  -4.2788527e-01   3.3562263e-01   5.4878123e-01   5.2066373e-01   2.9291746e-01   2.5156952e-01  -1.9897987e-01  -5.3983082e-01   3.1035584e-01  -3.3470158e-01   1.7257045e-01  -2.0246755e-01   2.0010835e-01   3.2974568e-01  -3.2682584e-01  -2.9402577e-01  -2.7208853e-01  -4.0581984e-01  -1.8566758e-01  -6.5575508e-02   3.8517340e-02  -3.3176270e-01   1.3697221e-01   8.1838230e-02  -1.4821340e-01   3.4342762e-01  -4.7509621e-01   4.6777080e-02  -2.6490320e-01   1.3477586e-01  -1.7433054e-02   5.7014301e-01   2.8156976e-01  -4.1872987e-01  -3.1670994e-01  -4.8080572e-01   1.6931332e-01   5.9009074e-02   7.5816264e-02   9.1681690e-02   8.1976148e-01   6.6120523e-02   4.0555284e-01   2.5184968e-01  -2.8716645e-01   4.9478605e-01  -2.5600511e-01   8.6753726e-02  -1.2723613e-01  -4.9531938e-01  -3.9383193e-01  -2.9912627e-02  -3.1459900e-01   3.8940380e-01  -4.7584276e-02   3.0931229e-01   1.5182038e-01   1.3478928e-02  -3.2021146e-01  -5.8454382e-02   2.1531409e-01   1.8933243e-01  -3.2025919e-01  -2.7780950e-02  -1.6974896e-01  -4.6993425e-01  -2.4157494e-01   7.9322840e-02   1.7962845e-01   1.3992505e-01  -3.2969644e-01
  -1.1032423e-01  -2.6780660e-01  -4.9815273e-01   1.3102020e-01  -2.6118344e-01   3.9383587e-01   1.8922130e-01   0.0000000e+00   7.7925027e-02  -4.9041537e-02   5.7739991e-01  -3.2573398e-01  -8.5252910e-02   6.1060869e-02   4.8481660e-02  -2.9659347e-02  -4.0307561e-01   1.5865527e-01   3.7155910e-01  -2.5113946e-01   1.0611114e-01  -7.8838845e-02  -1.6910029e-01   8.3929210e-02  -2.6372251e-02   5.7346837e-01  -2.1779516e-01   1.3028760e-01  -1.1405593e-01  -2.2693390e-01   2.2243747e-01  -5.7776170e-02   4.0866694e-01   1.8356434e-03   2.0443092e-03  -2.5680884e-01   2.3367517e-01  -2.2230897e-01  -5.5907550e-02  -3.0389397e-01  -1.4733134e-01   2.1271066e-01   8.8951134e-02   6.7762354e-01   4.8163348e-02   1.5867031e-01  -3.1773029e-01   1.9830641e-01  -2.0444983e-01  -4.2169203e-01   1.2519160e-01   8.0994208e-01  -5.3413255e-02   2.2120816e-01  -5.5894276e-02   5.3395833e-01   3.4757082e-01   4.9625348e-03   1.4657517e-01  -6.2982374e-02  -2.0006593e-01  -3.8170725e-01  -1.6405662e-01   4.8752141e-01  -1.9608197e-01  -1.6642604e-01   2.3388805e-01  -1.8319389e-01   3.6185995e-01  -2.5237111e-01   2.0213131e-01   3.3137042e-01  -6.5552792e-02  -3.7545246e-01  -6.9827006e-03   3.6986613e-01  -7.8828664e-02   4.2242934e-01  -3.6305295e-01  -7.7054342e-02   7.1282243e-01  -1.6612727e-01   4.6326842e-01   7.0402956e-01  -2.3344797e-01   8.3334190e-02   1.4629763e-01   4.7013175e-02  -3.7272849e-02  -1.2428058e-01  -4.2553665e-01  -7.6432482e-02  -5.6569491e-02   3.9538762e-02  -1.8739435e-01  -3.1481032e-01  -4.5375199e-02   3.7576460e-01   2.5457529e-01   1.5944594e-01  -1.7490046e-01   4.3396631e-01   1.4760668e-01  -1.5395196e-01   1.5015355e-01   1.5305979e-01  -2.4268557e-01   7.3047682e-01   1.5295537e-01  -9.6788758e-02   6.5700200e-02  -2.8184150e-01   3.0849466e-01  -2.9812934e-01  -1.5650322e-01  -3.1094369e-01   2.6753088e-01  -2.5582059e-01  -1.9253735e-01   7.4583004e-02  -1.9045043e-02  -2.6906407e-01   2.1421555e-02  -6.0648708e-02   1.6641638e-01   3.1068381e-02  -3.1048822e-02  -1.8410221e-01   5.2146526e-01  -2.9362564e-01  -1.9914207e-01   3.5135875e-01  -1.0352876e-01   6.3431919e-02   8.4718044e-02   6.1005920e-01  -1.2320943e-01   4.0654182e-01   5.8037410e-01  -1.8394276e-01  -1.1086700e-01  -8.1476526e-02   5.2959088e-01  -1.9163094e-01  -1.3319662e-01   5.1482078e-02   8.5056326e-02  -3.0573672e-01  -2.0009707e-01   2.4920190e-01  -5.0348785e-02   7.3693236e-01   2.4851436e-01   2.1239894e-01  -1.8734418e-01  -1.8673448e-01  -2.2762471e-01  -8.3636884e-02  -3.6156449e-02   4.5622927e-01   7.0422141e-02   5.2212687e-01  -2.3964488e-01   1.3244453e-01  -1.0940339e-01  -2.1121127e-01   9.9486731e-02   4.3214135e-01  -1.4771739e-01  -1.0494129e-01  -4.0389653e-01  -2.6051870e-01   5.8795505e-02   5.1885539e-01  -2.8187616e-02   2.3910003e-01  -1.0386548e-01
  -4.2685965e-01   2.8584703e-01  -1.6503345e-01  -2.1553227e-01   2.1398469e-01  -3.7944247e-01  -7.0157336e-02   7.7925027e-02   0.0000000e+00   1.5242645e-01   2.2434624e-01   2.8093035e-01  -1.0669513e-01  -3.1237406e-01   2.9846843e-02   1.7316580e-01  -1.6254526e-01   3.9388063e-01  -4.6047540e-02   1.3943821e-01   7.0035624e-02  -9.4520270e-02  -1.6746560e-02  -2.1693191e-01   3.2320957e-01   2.0224927e-01  -4.0078796e-01  -2.5151133e-01  -2.1085802e-01  -5.6577827e-02   3.2904753e-01  -3.3562764e-01  -1.2977444e-02   1.2665339e-01   1.9963822e-02   4.0130713e-01   3.8506799e-01  -3.1882467e-01  -4.8826292e-02  -6.6356608e-02   4.7765593e-01   7.6609445e-02   4.1021903e-01   1.2267080e-01   2.5499734e-01  -1.6060068e-01  -5.9517428e-02   7.4599957e-02   3.8547680e-02  -5.2239668e-02   3.3714012e-01   1.3392019e-01   3.5305825e-01   1.8023466e-01   8.0026855e-02   5.1257670e-02   6.4695976e-02  -1.9014914e-01   7.7429632e-02   3.9825665e-01  -3.2881584e-01  -1.7953477e-01   3.4203086e-01   3.4622380e-01   3.0436022e-01   2.9103697e-01  -2.6978598e-01   2.8996870e-01  -9.2438299e-02  -4.2085185e-01   3.3571000e-01  -4.7614204e-02   3.0894542e-01  -4.9116157e-01   2.1628789e-01  -4.1667379e-03  -3.5388706e-01   1.6579445e-01   1.5221328e-01   7.9096322e-02   3.4511650e-02   3.2751430e-01   1.5654584e-01   1.4182410e-01  -3.7238897e-01  -1.6964022e-01   1.6473889e-01  -4.6915325e-01   3.5778465e-01  -2.3015596e-01  -6.4975529e-03  -2.8070663e-01  -1.2856387e-01   6.6870073e-01  -2.4836114e-01  -6.5537804e-02  -1.7027101e-02  -2.2713065e-01   3.4397052e-01   4.5395375e-01  -3.6934961e-01   2.0281951e-01  -4.4175649e-01   3.9234365e-01  -3.8324851e-01  -2.0126729e-01  -5.8897653e-02  -1.0697750e-02   1.9825570e-01   1.2481257e-01  -7.7943599e-02  -3.3372279e-01   1.1965277e-01  -1.3752791e-01  -3.3920905e-01   1.5238612e-01   4.0371634e-02   3.7964978e-01  -2.7226830e-01  -2.6320591e-01  -3.9964916e-01   5.1114482e-02   4.4600478e-01   1.7224816e-01  -1.6925082e-01  -1.8500455e-01  -2.2764859e-01   2.0774797e-01  -1.1254181e-01  -2.9930585e-01   2.1345473e-01   1.3018390e-01  -3.1114553e-01   4.1006623e-01   1.4894162e-01  -4.3834495e-02   7.2726940e-02  -9.3848147e-02  -1.2964362e-01  -3.4797635e-01  -2.4085159e-01  -7.1189231e-02   3.9164314e-01  -4.5366427e-01   1.4219996e-01   9.5880770e-02   9.2010126e-02   2.9202242e-01   8.1610321e-02   5.2471456e-01  -4.0878225e-01  -6.4027685e-02  -2.9335679e-01   1.6093213e-01   2.5250413e-02  -3.4550959e-01  -3.5196143e-01   2.1013588e-01  -3.6194921e-01  -2.2602438e-01   4.2354477e-01   2.7572773e-01   2.9833807e-01  -3.2059907e-01  -1.6079764e-01  -5.2589710e-03   8.7140540e-02   1.0530370e-01  -3.3686216e-01  -7.4084806e-02   1.6456505e-01  -3.5412136e-01   1.8999886e-01  -1.5585077e-02  -3.3274077e-02   1.9260690e-01  -4.2910192e-02
   1.8364030e-02   1.5466102e-01   1.7807837e-01   1.2514130e-02   3.9731523e-02  -8.0780702e-02   1.9269367e-01  -4.9041537e-02   1.5242645e-01   0.0000000e+00   7.1542034e-02   2.5275141e-01   4.1682397e-01   6.7662044e-02  -2.6063560e-01  -9.8252969e-02   3.1432581e-02  -9.5932586e-02  -1.0445464e-01   2.4686588e-01  -1.0172864e-01  -5.2356520e-02   1.9954543e-01   2.8781822e-01   4.6907538e-02  -1.2160064e-01  -9.7966517e-02  -2.2183905e-01  -2.2226263e-01   1.3007700e-01  -1.2943466e-01  -1.6101942e-01  -1.6469463e-01   1.7848600e-01  -8.4894245e-02   2.5959364e-01   3.1217560e-01  -3.3675935e-01  -1.3953405e-01   1.1814456e-01   4.1611394e-01  -4.5578718e-02   1.4530484e-01  -2.6738964e-01   2.6641662e-02  -8.7015077e-02   9.4537596e-02   1.2501840e-01  -4.1737394e-02  -1.1773167e-01  -1.9168592e-02  -2.5611463e-01   1.1793290e-01   3.8807678e-02   3.7786928e-01  -2.2957497e-01   1.3926705e-02   5.3552934e-02  -8.5749427e-02   1.4722561e-01  -3.5213036e-01  -3.2505266e-01  -4.1439252e-03  -1.0237484e-01  -1.7606773e-01   5.1947517e-01  -2.2740546e-01   1.2263498e-01  -1.2219310e-01   7.1816672e-03   2.5465284e-01  -1.6600946e-02  -6.9864009e-02  -4.1125409e-01   1.4948687e-01   7.7381313e-02  -3.8205754e-01  -1.6315507e-01   9.8928798e-02  -7.7062015e-02  -2.5898205e-01  -2.0301470e-02  -1.1762281e-01   8.1077763e-02  -3.0968897e-01  -2.5511096e-01   2.2252995e-01   4.0475724e-02  -5.2311237e-02  -8.5589485e-02   2.9101443e-01  -2.6368760e-01   4.3464852e-02   5.0938555e-02  -3.7845340e-01   2.7578386e-01  -1.5948876e-02  -4.1568016e-02  -1.2762867e-01   4.6847116e-01  -3.3756967e-01  -2.6800403e-01   1.1981668e-01   6.1809012e-02  -3.1935269e-01  -1.2004033e-02  -1.6060458e-01  -1.7164465e-01   8.0024306e-02   1.8634406e-01   1.0042114e-03  -4.9989266e-02   7.2474106e-02  -2.1253295e-01  -3.3517147e-01   1.6239021e-01  -2.6866682e-01   3.1854076e-01  -3.5761122e-01   1.2445876e-01  -1.8478439e-01   4.1478163e-01   1.7935443e-01  -5.2472706e-01   2.5048715e-02   1.1436005e-01  -4.2193695e-01   1.5214035e-01   2.5402330e-01  -6.9066196e-02   4.4537069e-02   7.9158678e-02  -3.6742238e-02  -1.2396563e-01  -1.4716012e-01  -3.2382828e-02   9.1737434e-03  -2.8988306e-01  -2.9317689e-01  -2.5503248e-01   1.2123999e-01   1.8574864e-01  -1.9518126e-01  -1.6079006e-01  -2.8242958e-01  -3.6912461e-01   1.9364376e-01   2.7746732e-01   2.7931933e-01   1.9869524e-01  -2.9094279e-01  -6.4972870e-02  -1.7123515e-01  -2.0986856e-01  -1.0560104e-02  -1.1841477e-01  -2.3532219e-01  -2.0632466e-03  -2.9631672e-01  -1.3598642e-01  -7.7752535e-02  -2.3778464e-01   5.7349046e-01  -1.5594012e-01  -3.1896098e-02   5.2881984e-02   1.4400442e-01  -2.1295003e-02  -1.0163295e-01   1.2863825e-01   2.6352690e-01  -1.8828336e-01  -4.5228720e-02  -6.0071142e-02   9.9043384e-02   4.7856936e-02   1.1144982e-01
  -3.2101563e-01  -2.8846182e-01  -3.5547853e-01  -1.8741893e-01  -5.3537415e-01  -1.8482985e-01   5.8219581e-01   5.7739991e-01   2.2434624e-01   7.1542034e-02   0.0000000e+00   1.7180912e-01  -3.4137108e-01  -4.1262978e-01   4.0000556e-01  -8.6498757e-02  -5.3132211e-01   5.1343816e-01   2.5428477e-01  -4.4225404e-01   1.1068799e-01  -2.3016910e-01   7.9636859e-02  -1.0683607e-01  -1.2580501e-01   4.7875068e-01  -4.4746112e-01   1.2173409e-01  -2.5526827e-01  -3.9958640e-01   6.3289275e-01  -1.4227778e-01   4.1170112e-01   5.7550106e-01   5.0591327e-02  -2.4300407e-02   2.1293567e-01  -2.4313713e-01  -1.0709723e-01  -4.2866181e-01  -1.0114589e-01   4.7185045e-01   2.1050608e-01   6.3152827e-01   1.0801676e-02  -7.2993755e-02   1.8168185e-01   3.9734764e-01  -4.8802707e-01  -6.3406352e-01   5.2028574e-01   5.6815221e-01   2.8622161e-01   2.2743703e-01  -3.3056306e-01   5.5812738e-01   1.4578439e-01  -5.3652110e-02   2.7070012e-01   9.4579858e-02  -1.8090618e-01  -4.1553143e-01  -4.3039372e-01   7.5018254e-01  -5.1256465e-01   1.7607579e-01  -2.5557922e-01  -4.5098749e-02   6.0558692e-01  -2.9591163e-01   5.8336140e-01   3.6829497e-01   1.7765924e-01  -6.6788698e-01  -2.0114058e-01   4.3107659e-01  -1.7124179e-01   4.4465638e-01  -5.4177969e-01  -3.3336145e-01   5.9230724e-01  -7.0471891e-02   5.7964474e-01   5.3921012e-01  -5.2336045e-01   1.3777989e-01  -3.0800375e-02  -2.0742135e-01  -2.9508427e-01  -4.5192566e-01  -5.3229938e-01  -1.4971008e-01   4.1345676e-01   2.8814119e-01  -2.7450258e-01  -6.3911574e-01  -2.9703450e-01   1.4278981e-01  -3.5862829e-02   5.7913540e-01  -3.6661618e-01   6.4290164e-01  -5.6849621e-02  -4.3101696e-01   1.6953115e-01   1.1217238e-01  -2.8889352e-01   4.9240788e-01   4.1709147e-01   4.7227418e-01   3.4840770e-01  -3.0069386e-01   1.1673581e-01  -3.7715383e-01  -1.9822322e-01  -2.9502803e-01   2.2205348e-01  -1.4015241e-01  -3.1617102e-01  -3.1823732e-02  -2.1052529e-01  -5.4308297e-01  -1.3486546e-01  -2.2262710e-01  -1.8928962e-02  -2.7580943e-01  -1.6280949e-01  -3.5847658e-01   3.4944362e-01  -2.4708165e-01  -1.6092296e-01   6.1640623e-01  -3.1201121e-01   4.9337899e-01  -3.5729323e-02   3.8364056e-01   2.5726212e-02   4.5594799e-01   4.9894926e-01  -3.5063945e-01  -2.5272830e-01  -4.2420381e-01   5.9004897e-01  -5.1537978e-01   2.4155484e-01   1.5319977e-01   5.6368632e-01   1.6455145e-01   2.9060262e-01   4.5784027e-01  -3.5533785e-01   5.6847297e-01   1.4356970e-02   4.3437670e-01  -2.7735387e-01  -4.3474528e-01  -2.5911171e-01   4.2838090e-02  -1.2250558e-01   3.0225704e-01   1.3311488e-01   6.4339940e-01   1.6010496e-01  -5.9545628e-02  -2.8647584e-01  -6.9186617e-02   4.1654397e-01   3.7155868e-01  -2.2783442e-01   2.0302801e-02  -3.8685762e-01  -4.0029659e-01  -1.8503834e-01   1.2834525e-01   1.6044794e-02   4.0729977e-01  -3.0142074e-01
  -4.9417909e-01   3.0231289e-01   2.0880042e-01  -2.7533284e-01   2.9541266e-02  -4.9931600e-01   4.9792745e-01  -3.2573398e-01   2.8093035e-01   2.5275141e-01   1.7180912e-01   0.0000000e+00  -1.7349724e-01  -6.5547544e-01   2.3052782e-01   2.4175544e-01  -1.1295146e-01   1.0475806e-01  -2.5852269e-01   1.2221746e-01  -2.0863258e-01  -3.1894302e-01   2.6191256e-01  -3.6904283e-01   9.6779634e-02  -7.4760801e-02  -1.4310917e-01   1.5004003e-02  -4.0326338e-01   1.9793671e-01   1.9535740e-01  -1.9449689e-01  -7.6718765e-02   5.8085418e-01   8.7878687e-02   3.5116231e-01  -7.3521022e-02  -8.6349887e-02   1.1651936e-01   1.4037925e-01   9.1500754e-02   2.1833659e-03   4.5211697e-01  -1.1273978e-02   2.8528715e-01  -4.2163230e-01   2.7539394e-01   2.7150373e-01  -1.3796346e-01  -3.8795694e-02   2.5449917e-01  -8.5068984e-02   3.8903677e-01  -1.6533219e-01  -2.4038036e-02   1.7026388e-01  -2.0030633e-01  -2.6124714e-01  -1.4183755e-01   5.4369937e-01  -3.4704556e-01  -5.8879658e-02   1.4940350e-01   1.7885144e-01  -4.9985682e-02   4.4631775e-01  -2.4665282e-01   4.9639073e-02  -1.1621377e-01  -1.6555498e-01   4.0819063e-01   1.7078191e-01   3.7428284e-01  -3.1797962e-01  -1.2427116e-01  -2.2399081e-01  -4.3458290e-01   7.3939666e-02   1.0589081e-01  -1.9718644e-01  -1.0758470e-01   1.1752690e-01   1.7399351e-01  -5.3900027e-02  -3.7750173e-01  -1.2845506e-01   8.1856067e-02  -4.4369292e-01  -2.5401671e-02  -4.2883658e-01   1.0142763e-01  -3.7297318e-01   4.3775765e-01   3.7107150e-01  -2.5666787e-01  -2.2012638e-01  -9.5741010e-02  -2.7583300e-01  -5.5639596e-03   4.3139461e-01  -2.8898054e-01   2.5882622e-01  -2.6603186e-01   1.3128133e-01   1.2781516e-02  -3.5942233e-01  -2.9744994e-01  -2.1003852e-01   3.6777923e-01   3.9078140e-01   3.0060107e-01   1.6134183e-01  -2.4468340e-01  -2.0306157e-01  -4.4640940e-02   1.8445352e-01   1.0516750e-01   1.7014051e-01   9.4157346e-02   6.8468078e-04  -5.3326894e-01   5.9325320e-02   1.2595800e-01  -9.2560741e-02  -4.3591213e-01  -3.2678712e-01   3.4459074e-03  -6.7865454e-02  -3.6084516e-01  -1.6219378e-02   1.6486234e-01   2.4989005e-01  -5.2376180e-01   1.7067518e-01   1.5595679e-01  -3.3853381e-01  -1.5089986e-01  -2.2583187e-02  -2.5762820e-01  -2.9133951e-01  -3.7902188e-01  -3.6335567e-01   9.7364284e-02  -4.9093978e-03   2.8384750e-01   9.1744205e-03   4.3109167e-01   2.3359045e-01   3.9985274e-01   7.4714723e-02  -4.9986892e-01  -1.9044133e-01  -5.7352056e-01   1.2892367e-01   2.6665092e-01  -4.0718229e-01  -3.5944794e-01   6.7850104e-02  -4.3804211e-01  -1.8242174e-01   6.8519687e-02   1.9365175e-01   2.3481993e-01  -2.0068030e-01  -3.5196414e-01   3.2553956e-01   3.0096329e-01   1.2415456e-02  -4.3155688e-01   2.5413838e-01   3.5264291e-01  -3.4740714e-01  -1.5115504e-01  -7.7721171e-02  -6.4306202e-02  -2.4938207e-02  -2.9655682e-01
   2.7991936e-01   1.0169636e-01  -1.2749918e-01   1.9116785e-01   2.1023301e-01   9.8357822e-02  -1.6310737e-01  -8.5252910e-02  -1.0669513e-01   4.1682397e-01  -3.4137108e-01  -1.7349724e-01   0.0000000e+00   5.3397201e-01  -4.2418615e-01   9.9096698e-02   6.5064973e-02  -3.1665081e-01   7.0110338e-02   1.8016393e-01   2.2221121e-01   1.0723532e-01   6.3309419e-02   5.1008927e-01   2.1620538e-01  -2.0516078e-01  -7.6014819e-03  -2.0153030e-02   6.4417161e-02   1.1058679e-01  -1.9069094e-01  -1.3836273e-02   6.8404278e-02  -3.4409268e-01  -1.2782962e-01  -1.1363215e-01   2.3945356e-01  -2.2149819e-01   1.3301613e-01   9.7328459e-03   1.1837004e-01  -2.7702451e-01  -3.9346836e-01  -3.4543804e-01  -1.9860373e-01   6.3330626e-02  -4.0462157e-01   2.9643545e-02   2.3529615e-01   8.6512921e-02  -4.6654766e-01  -3.1031330e-01  -1.0935400e-01  -4.0202714e-02   4.0751255e-01  -4.1800017e-01   1.1803820e-01   2.3582788e-01  -1.9925015e-01  -2.0464688e-01  -1.7129360e-01   5.6357728e-02   6.7322911e-02  -4.4759933e-01   1.6310766e-01   6.3878837e-02  -4.1245238e-02  -1.0980861e-01  -4.3896558e-01   9.8250358e-03  -4.9461226e-02  -1.8283046e-01  -2.0932932e-01   1.3111015e-01   2.6318803e-01  -1.3586757e-01  -1.2527187e-01  -2.7212141e-01   2.6272573e-01   6.2024895e-02  -2.0114851e-01   8.2056713e-02  -2.4125980e-01  -1.6836091e-01   1.1090628e-01  -2.0657045e-01   3.1922402e-01   5.9386757e-01   1.2581789e-01   2.0826945e-01   4.1410451e-01  -5.4837492e-02  -2.8619045e-01  -3.1239703e-01  -2.3606296e-01   5.5423830e-01   9.8853055e-02  -8.3630165e-02  -1.7872285e-01  -1.8513594e-02   2.1127158e-02  -5.0738940e-01   1.7076515e-01   1.2458768e-01  -1.5016559e-01   1.0917302e-01   1.2581419e-01  -2.3858213e-01  -3.2930147e-01  -1.1618880e-01  -2.2369441e-01   3.7518592e-02   9.6205892e-02  -9.0307232e-02  -1.2740750e-01   1.5141484e-01  -2.7973879e-01   3.7974623e-01  -1.3208063e-01   2.3988026e-02   2.1435279e-01   4.5866586e-01   9.1009432e-02  -1.5499388e-01   1.0316990e-01   5.1619502e-01  -1.6377702e-01   2.2612288e-01   1.5067891e-01  -1.1272204e-01   2.4070300e-01  -2.1822211e-01   2.7172163e-01  -2.2303222e-01  -1.4615001e-01  -3.5737053e-02   1.4778829e-01  -2.3552818e-01  -2.1617382e-01  -7.9218652e-02   3.3363538e-01   7.5035919e-01  -3.9324239e-01  -4.3692038e-03  -4.1236243e-01  -2.0634381e-01  -1.7999370e-01  -2.6776723e-02  -6.2782770e-02   8.1559779e-02   1.2959339e-01  -9.9096865e-02   1.4686020e-01  -2.6718508e-01  -1.4729560e-01   1.4065646e-01  -8.5965508e-02  -7.6393808e-02  -3.4942223e-02   1.5942101e-02  -4.3797801e-01  -4.8440091e-01   1.8803050e-01   1.2849166e-01   9.7120948e-02   1.0337550e-01  -1.6783584e-01  -2.1417762e-01   1.2269971e-01  -1.0067857e-01   1.7658633e-01   8.3335475e-02   8.8003580e-02  -1.0928651e-01   3.2280684e-01  -2.1776953e-01   1.5876029e-01
   7.1873041e-01  -1.1855256e-01   4.7093192e-02   2.1220471e-01  -1.2098421e-03   4.2977153e-01  -4.2808560e-01   6.1060869e-02  -3.1237406e-01   6.7662044e-02  -4.1262978e-01  -6.5547544e-01   5.3397201e-01   0.0000000e+00  -3.8476678e-01  -2.0199206e-01   3.9104141e-01  -3.1020049e-01   1.6947943e-01  -6.1322521e-02   9.5929925e-02   3.5185674e-01  -1.3344907e-01   6.1929419e-01   5.4969593e-02  -2.4124280e-01   1.6977007e-01  -1.2913628e-01   3.7977127e-01  -7.2093648e-02  -2.8721839e-01   1.2371535e-01  -9.7034986e-02  -6.2148867e-01  -1.1032545e-01  -3.5430710e-01   9.6494368e-02   4.3290359e-02  -1.0749444e-01   2.6907420e-02  -7.8305928e-02  -2.7707439e-01  -5.9602183e-01  -4.0503086e-01  -3.4643054e-01   4.7471001e-01  -4.2452055e-01  -2.7572641e-01   2.1827411e-01   1.7890463e-01  -4.4727199e-01  -2.1060926e-01  -3.9136206e-01   9.4001657e-03   4.0698899e-01  -4.6718385e-01   1.1937715e-01   4.2551561e-01  -1.1195384e-01  -5.0763060e-01   2.6323735e-01   9.8821956e-02  -1.0905416e-01  -4.2944522e-01   6.8273347e-02  -3.2907986e-01   1.9307964e-01  -4.5848397e-02  -1.9415013e-01   3.5168449e-01  -3.3436039e-01  -3.1989659e-01  -4.5048931e-01   4.9735032e-01   3.2121873e-01   1.3609114e-01   3.2966763e-01  -3.9566891e-01   4.9402331e-02   1.4981231e-01  -1.8659777e-01  -1.0145369e-01  -4.0119340e-01  -1.9454862e-01   5.2468901e-01   3.2643335e-02   1.6157111e-02   7.2736458e-01   6.5208112e-02   6.7212190e-01   1.3872603e-01   3.7176342e-01  -5.0602333e-01  -4.5952417e-01   1.4925005e-01   4.8445191e-01   1.4263853e-01   3.7486059e-02  -1.4402953e-01  -3.5080403e-01   4.2259712e-01  -5.9414725e-01   2.8901401e-01  -3.7514355e-02  -1.2755978e-01   2.5754470e-01   2.3147121e-01  -9.3440380e-02  -4.1482402e-01  -4.2000680e-01  -4.0054764e-01  -6.2770097e-02   1.1415901e-01   2.4022556e-01   1.4093052e-01  -1.7141970e-02  -4.1123599e-01   2.5916315e-02  -5.1547842e-02   3.5409625e-02   5.9457036e-01   2.2869373e-01  -9.1147122e-02  -1.5850743e-01   4.6202602e-01   6.2149078e-01  -1.7950460e-01   2.1982013e-01   3.4079613e-01   2.1485375e-01  -2.2951997e-01  -4.2734978e-01   6.3841148e-01  -2.9937442e-01  -2.7052373e-01   2.4858924e-01   1.8277021e-01  -1.5293733e-01   1.3166091e-01   2.5400164e-01   6.1146057e-01   5.6011256e-01  -5.0368605e-01   1.1977219e-01  -4.3250333e-01  -2.4644477e-01  -2.8918788e-01  -2.9858761e-01  -4.1506998e-01  -1.3553885e-01   6.4248164e-01  -7.9718205e-02   5.5867967e-01  -3.4986884e-01  -1.9128403e-01   4.9543147e-01   3.4965428e-01  -1.6054173e-01   4.1142059e-01   3.4990629e-02  -2.8999757e-01  -5.4566856e-01  -1.0172979e-01   1.8664669e-01   4.6348015e-01  -1.8420529e-01  -4.0045934e-01  -2.7197090e-01   5.2349070e-01  -2.3342758e-01  -2.4163536e-01   3.5795082e-01   7.5103508e-02  -7.1451478e-02   2.1499001e-01  -1.3740742e-01   4.7209104e-01
