   0.0000000e+00  -6.5908906e-02   4.4303049e-01  -1.2306619e-01  -2.7544088e-01  -2.2779938e-01  -3.3433694e-01   3.4495845e-01  -4.6078166e-01  -3.1328943e-01  -4.8147549e-01   2.5425165e-01   1.3040701e-01   6.4997040e-01   9.9569785e-02  -1.9126942e-01   2.7372558e-01  -3.2700476e-01   3.6764058e-01  -4.8150728e-01  -2.8778553e-01   3.9314301e-01   4.1651474e-03   5.9942039e-01   1.2771587e-02   2.5997431e-01  -3.6448581e-01  -1.1378704e-01   1.7982422e-01   1.1005657e-01   2.1203034e-01   2.8139516e-01  -4.3991641e-01  -2.4090185e-01  -2.2074114e-01  -2.9288401e-01  -2.2770728e-01   4.9973270e-01  -1.8855031e-01  -5.0546926e-01   1.5977597e-01  -4.8893625e-01  -3.2761361e-01  -2.5345328e-01  -4.8357569e-01   8.9689351e-01  -2.2683803e-01  -3.7635565e-01  -1.2093405e-01  -5.3690723e-01  -3.5203042e-01   4.4674934e-01  -3.1190656e-01  -1.0860301e-01   6.3911446e-01   7.0779607e-02  -4.5975089e-02   4.7594428e-01  -5.3979882e-01   2.1160407e-01   8.3216343e-01  -1.3374163e-01  -4.9030873e-01  -3.0294559e-01  -5.0289584e-01  -4.3436576e-01  -2.9017210e-02  -9.6152575e-02  -1.9957695e-01   7.2846882e-01  -5.2158785e-01  -4.9369125e-01   2.4647066e-02   8.3395487e-01   1.6927712e-01   6.3554430e-01   2.4754680e-01   3.3271366e-02  -5.2363665e-01  -1.2184157e-01  -1.2634593e-01   1.7523421e-01  -4.4701278e-01  -1.1150042e-01   4.0913572e-01   6.1310271e-01  -5.0568074e-01   4.3006826e-01  -2.4616096e-01   9.1242957e-01  -4.7100888e-01   4.6943575e-01  -2.9015196e-02   1.3103291e-01   7.9815037e-01  -3.7160439e-01  -2.0353915e-01   3.9405451e-01  -1.3264086e-01  -3.9204685e-01  -3.4153820e-02   7.6743163e-02   1.9205379e-01  -2.3387857e-01  -1.2041373e-02   4.5771216e-01  -1.2005701e-01  -6.4505525e-02  -1.8091292e-01  -9.8306393e-02  -3.0375619e-01   2.8911758e-01  -5.1761268e-01   9.1365129e-01   1.2553002e-02  -3.9289137e-01   8.2015251e-02  -3.3504701e-01   1.9138521e-01  -2.0293929e-01  -2.9125892e-01   8.3746134e-02  -1.9843178e-01  -3.6114471e-01   8.3136853e-01   8.0703857e-01  -4.4252873e-01  -8.2399078e-02   2.1203692e-01  -1.1215241e-02   6.8037756e-02  -4.5861099e-01   7.5065695e-01  -9.3773003e-02  -2.4816677e-02   3.7119525e-01  -1.8657449e-01  -4.0506254e-01   4.9648593e-01   8.0662463e-01   7.1333143e-01  -1.6504017e-01  -2.8087203e-01   1.0711826e-01   2.9822769e-02   2.6253739e-01  -2.6610045e-01  -2.1833776e-01  -2.8173422e-02  -5.7386161e-01   7.3879744e-01  -1.7761006e-01  -1.1389107e-02  -5.3820256e-01  -3.0961960e-01  -1.8194331e-01   2.8105936e-01  -5.9473023e-01   2.0529742e-01   2.8718955e-01  -9.7566265e-02  -3.6304294e-01  -5.0557797e-01  -1.2432197e-01   3.6672452e-01  -3.3681168e-01  -5.5928910e-01   3.3257418e-01   2.1524388e-01  -5.3538692e-03  -2.8774152e-01  -3.4112187e-01  -5.1116001e-01  -9.6740715e-02  -1.3664118e-02  -3.4381326e-01   4.8582253e-01
  -6.5908906e-02   0.0000000e+00  -3.0795105e-03  -1.2447039e-01   2.5051238e-01  -1.3511151e-01   2.3080857e-01  -5.6222857e-01   3.2611204e-01  -8.5656039e-02   9.9414275e-03   5.3186589e-01   3.1907066e-01  -9.7327512e-02   1.0727225e-01  -7.3052572e-02  -3.0573195e-03  -1.5163518e-01  -2.1365016e-01   1.9748134e-01   2.3455971e-01   3.4460851e-01   3.0822677e-01   2.1769804e-01   2.7936390e-02  -4.2828439e-01   3.3459609e-01  -2.8564578e-01  -3.1999497e-02   5.8790540e-01   1.9874105e-01   1.6401350e-01  -2.6630972e-01   2.3135584e-02   5.2361248e-02   1.1320193e-01   3.2924261e-01  -5.2716252e-02   4.4597012e-02   1.2260466e-01   2.8232253e-01  -3.8861881e-01   1.4743727e-01  -5.5746497e-01  -1.6933807e-02  -1.2272110e-01   2.3608188e-01   3.4042141e-01   1.4959124e-01  -1.2099825e-02  -1.8564476e-01  -3.8905919e-01   1.9261861e-01  -1.0534753e-01  -2.8132671e-02  -4.2070553e-01  -1.8016858e-01   1.9257857e-01   1.0541831e-01   1.8301290e-01  -1.6197504e-01  -5.1738822e-02   4.5670165e-02  -2.5760904e-01   1.0073176e-01   2.6550465e-01   1.1599885e-01  -6.3625486e-02   1.4634515e-01  -6.8149500e-02   2.1293797e-01  -2.8090810e-01   1.5225289e-01  -4.4066846e-02  -1.0488004e-01   8.5485704e-02  -4.2687697e-01  -4.3229880e-01   1.3838017e-01   1.0825714e-01  -2.2873413e-01   3.3795157e-02  -3.7837045e-01  -5.6719418e-01   2.4605219e-01  -5.8109639e-02   1.7219567e-01  -1.9056696e-02   1.0142100e-02  -1.1338483e-01   3.4297560e-01  -3.0345765e-01  -1.5992818e-01   4.5012614e-01  -2.3328685e-01  -1.9279599e-01  -1.3376235e-01   2.6333211e-01  -3.9248313e-02   8.3547827e-02   1.9226131e-01  -3.3213693e-01  -3.7677739e-02   2.5819454e-01   8.8163646e-03   2.2052527e-01  -6.5076768e-02  -8.8918720e-02  -1.3970656e-02   1.5758205e-01  -2.9976048e-01   3.3831759e-01  -3.6340145e-01   2.7244285e-02  -1.4835366e-01   3.3492895e-01  -5.8597235e-01   2.4595662e-01  -3.5871666e-01  -1.5172723e-01  -9.6094395e-02   1.7584183e-01  -1.6029867e-01   5.0043501e-02  -1.7815074e-01  -1.1598064e-01   4.7852958e-02  -1.5043597e-01   4.8193441e-02   2.6236759e-01   8.0818953e-02   1.9541653e-01   1.2777438e-01   2.8613356e-01  -2.5667898e-01  -1.3262439e-01   4.8870006e-03  -3.5241526e-01   9.0180622e-03  -1.4173521e-02  -7.1322668e-02  -6.4515168e-02  -2.3509465e-02  -2.1646858e-01  -1.0518946e-02   2.3677178e-01   1.5938081e-01   3.8785593e-01   6.6629064e-02  -1.0103403e-02   1.2894396e-01  -4.7438908e-01  -1.8760706e-01  -2.1808421e-02   1.3631285e-01  -1.7206907e-01   8.9562908e-02   5.8959641e-02  -3.8218664e-01  -6.9656293e-02  -4.4414017e-02  -6.2436910e-02   1.1906587e-01  -2.1939142e-02   2.4744530e-01  -5.2098341e-02  -5.6954432e-02  -5.2885681e-01   1.0028158e-01  -9.5984384e-02   3.8868925e-01  -1.5495607e-01  -3.2488182e-01  -1.0885869e-01  -1.7795353e-01  -1.8132217e-01   4.1127813e-01
   4.4303049e-01  -3.0795105e-03   0.0000000e+00  -5.0841701e-02   2.8999994e-01  -7.0282332e-02  -2.0241025e-01  -1.0614542e-01  -2.8508142e-01   6.7672340e-02  -5.1000686e-01   4.5091747e-01   2.6882780e-01   1.8033443e-01   3.8984702e-02   7.3990668e-02   9.0125046e-01  -3.7390046e-01   3.3496361e-01   7.1187171e-02  -2.9955130e-01   2.3098323e-01  -1.0670025e-01   1.2347002e-01  -2.8544370e-01  -1.0591098e-01  -8.7045593e-02  -2.7782763e-01   2.0415739e-01  -1.6200909e-01   2.4009840e-01   2.5698043e-01  -3.1605393e-01   1.3414059e-01  -5.5962074e-03   2.4322560e-01  -4.9752690e-01   4.1505289e-01   1.8352627e-01  -5.3639743e-02   1.7457086e-01  -3.8372706e-01   7.5690901e-02  -4.1057449e-01  -6.7276268e-01   4.3046363e-01   1.6725749e-03  -6.1125539e-01   8.5133742e-02   1.4574452e-01  -5.2240877e-01   8.0663167e-02  -2.2829000e-01  -1.1818671e-01   2.5038965e-01  -9.0710255e-02  -5.0091416e-01   3.5417114e-01  -3.8210579e-01   7.1857421e-02   5.6362679e-01  -2.7505255e-01  -2.8987001e-01  -4.7759517e-01  -5.5102578e-01  -5.0125955e-01  -1.9216559e-02  -2.4541661e-01  -2.5790731e-01   4.4892214e-01  -2.8935411e-01  -5.5543383e-01   3.2996796e-01   3.9908740e-01   1.9448919e-02   2.0820551e-01   9.6809687e-03  -2.8898070e-02  -2.1641526e-01  -2.8823933e-01  -2.8780981e-01   3.3468303e-01  -1.1599192e-01  -2.1849126e-01   7.4619633e-01   2.2657696e-01  -4.0013479e-01  -6.8536746e-02   3.6862714e-02   4.0003374e-01  -1.4721603e-01   3.0245226e-01   4.6220656e-01  -1.4184022e-01   3.7445772e-01   2.7309369e-01  -3.7849783e-01   2.3198423e-01   2.0758292e-01  -5.3337335e-01   9.8174443e-02  -1.7376113e-01  -2.1603532e-01  -4.2014431e-01  -2.7878524e-01   4.3951569e-01   1.4529462e-02  -3.3783832e-01  -1.6499271e-01   2.8726423e-01   1.2270140e-01   7.5392816e-02  -5.1511720e-01   4.5006183e-01   2.9092862e-01  -1.1501421e-01  -1.3360060e-01  -3.0852545e-02  -5.7603737e-02  -9.2270291e-02  -5.5542782e-01   2.1444834e-01   1.7497938e-02  -3.8581615e-01   1.6844292e-01   2.1950654e-01  -5.9152869e-01  -1.2224263e-01   4.5334421e-02   4.7370585e-01   3.1874154e-01  -1.1212200e-01   3.8952085e-01   1.6626827e-02   9.6107447e-02  -1.2062286e-01  -2.8845956e-01  -4.8956555e-01   1.0280237e-02   2.4350999e-01   2.0745714e-02  -1.1757758e-01  -1.2156888e-01   2.8991220e-01  -9.1059043e-02   2.0291745e-01   3.2969457e-01   1.2667638e-01   2.6645485e-01  -4.3968934e-01   5.1017290e-01  -4.8186427e-01  -3.0633061e-01  -5.4582794e-01   2.7795161e-01  -8.0875539e-02  -1.8937260e-01  -4.4139719e-01   3.2655490e-01  -9.7343723e-02  -3.1283262e-01  -2.4935441e-01  -2.1095888e-01  -1.9342382e-01   5.2412354e-01   1.8192213e-02  -2.0159591e-01  -3.7004195e-02   6.0957125e-02   3.3184943e-01   6.7806969e-02  -2.1666992e-01  -5.9543423e-01  -1.9989092e-02   1.0811527e-01  -4.4488028e-01   4.0663988e-01
  -1.2306619e-01  -1.2447039e-01  -5.0841701e-02   0.0000000e+00   3.6438861e-02  -2.5185397e-01  -4.6751356e-01  -3.9296904e-01  -3.4226458e-01  -1.9652229e-01  -1.2774469e-01   2.8416865e-02  -4.3801561e-01  -2.2431104e-01  -1.0562219e-01   9.3855629e-01  -1.6093120e-01   6.6094095e-01   3.0292434e-02   1.1150911e-01   5.7932345e-01  -2.1194944e-02   2.0527613e-01  -3.8020463e-01  -8.0763460e-01  -4.3422328e-01  -5.8394337e-01  -5.6538330e-01  -2.1204182e-01  -2.3824452e-01  -3.4932267e-01   6.1981651e-01   7.6231004e-01  -4.4410886e-01  -1.6895982e-01   9.1903188e-03  -3.1220209e-01  -3.6582884e-01   8.4420487e-01  -2.9807635e-01  -6.9826626e-01   4.2256119e-01  -9.8258937e-02   4.8191452e-01  -1.7613136e-01  -1.3138755e-01  -4.3779396e-01  -2.9142819e-01  -9.0837266e-02   3.1697549e-01   7.0430357e-01  -4.9062659e-01  -4.8181552e-01  -6.7132520e-01  -3.8738989e-01  -5.3406580e-01   1.6673105e-01   2.9861728e-01   4.4026420e-01   7.0007682e-01  -9.1222601e-03  -6.3402568e-01  -8.5842195e-02  -3.9203954e-01   3.4152267e-01   1.4036723e-01  -6.0646335e-01  -8.4948599e-01  -6.4202449e-01  -5.8359373e-01  -4.6815074e-01   2.6091692e-02   5.6780103e-01   6.1781853e-02  -6.1073729e-01  -2.4517685e-01   2.5046344e-01   8.0423156e-01   1.8701660e-01  -6.2755233e-01  -5.9880874e-01   6.4802363e-01  -1.3761270e-01   1.4010961e-01  -3.2242456e-01  -1.1850578e-01   1.7127920e-01  -6.8540356e-01  -3.4671306e-01  -5.2608745e-02  -8.8070383e-02   6.3081540e-01  -3.9618942e-01   3.1228767e-01   1.3602669e-01   3.7456418e-02  -6.5903837e-01  -6.1134098e-01   7.7562300e-01  -1.3166866e-01  -7.5339161e-01  -4.9867255e-01  -6.1539082e-01   6.1731697e-01   6.7903038e-01   3.3464686e-01  -6.6771065e-01  -3.3259462e-01  -4.0676787e-01  -1.7018351e-01  -3.3456442e-01   2.0512930e-01   3.9054258e-01  -1.0929936e-01  -5.7243856e-01   3.2180126e-03   1.7798342e-01   1.6868376e-01  -1.4086015e-01   9.5579251e-01  -7.0038044e-02  -1.4545088e-01  -1.3225908e-01   4.5826883e-01  -2.2413232e-01  -1.1258312e-02   5.5066255e-01  -5.1901368e-01   6.0539102e-01  -5.2511452e-01   7.9634105e-01   2.7304260e-01   1.1773506e-01  -7.7577861e-03   6.4154849e-02  -6.3379006e-01  -7.0125727e-01  -2.9588780e-01  -3.8931399e-01  -1.5270451e-01  -2.0973377e-01  -2.4890261e-01   1.9441242e-01   3.0422334e-01   4.8799431e-01   4.0312372e-01  -4.9281104e-01   3.8929508e-02  -3.2925779e-01   9.5218732e-03  -5.5806035e-01  -2.1693345e-01  -1.9779511e-01   2.2035085e-02  -4.6610496e-01   7.4219017e-01   3.0813883e-02  -9.0913686e-02   5.3031839e-01  -6.1317186e-01  -7.9454592e-01   2.5153162e-01   3.8327416e-02   9.0747741e-01   2.4942038e-01  -1.6994420e-01   1.3260051e-02  -2.2692479e-01  -5.1220554e-01  -5.8553805e-01  -3.4285580e-01   5.6458663e-01   1.1851637e-01   4.8274917e-01  -3.9477215e-01  -4.9403222e-01  -3.1243061e-01
  -2.7544088e-01   2.5051238e-01   2.8999994e-01   3.6438861e-02   0.0000000e+00  -1.3654562e-01  -8.3544411e-02  -3.2194121e-01   3.4369562e-01   1.6551897e-01  -9.1452519e-02   9.1584430e-02   5.7330730e-02  -3.5014451e-01  -4.1563386e-01   1.7967561e-01   4.6211652e-01  -1.4126897e-01  -2.3863387e-01   7.3900402e-01  -9.4691026e-02  -2.9533537e-01  -3.4825817e-01  -2.5258926e-01  -1.0552409e-01  -2.7731675e-01   3.2780748e-01  -2.3340163e-01   1.2868321e-01  -2.6046517e-01  -1.7791170e-01  -1.3852820e-01   1.4312974e-01   1.2036641e-01   1.8925439e-01   4.8090830e-01   5.6968918e-02  -1.4440953e-01   2.3147922e-01   4.3170812e-01   7.0535414e-02   1.2772240e-01   4.5575886e-01   5.5933024e-04   9.1650487e-02  -3.4700056e-01   1.6273140e-03  -1.1034832e-01   4.0773668e-03   4.6499497e-01  -1.2584061e-01  -3.0171376e-01   3.2171218e-01   2.6818645e-02  -2.7950159e-01  -3.8804127e-01  -2.7077041e-01  -2.7281931e-01   7.0162123e-02  -2.7722867e-01  -2.7228903e-01   1.2818028e-01   4.3160700e-01  -8.3880689e-02   1.6993662e-01  -1.9263882e-01   6.1493612e-02  -2.1529055e-02  -5.1182163e-02  -3.0618194e-01   4.4106551e-01   4.3611667e-02  -2.9606167e-02  -3.5137291e-01  -1.3609865e-01  -4.1161350e-01  -2.6004088e-01  -7.4818910e-02   5.7115688e-01  -1.9756936e-02  -2.9193518e-01  -7.8377456e-02   9.4190897e-02  -1.4206127e-02   3.0027374e-01  -4.5390393e-01   1.5377626e-01  -2.6176357e-01   2.4424704e-01  -2.7048811e-01   5.1684254e-01  -1.6540239e-01   3.1827969e-01  -1.1474181e-01  -2.6677825e-01   6.5197864e-01  -4.9463689e-02  -2.0964074e-02   2.7664409e-01   4.5257432e-02   2.1019984e-01  -3.1750440e-01  -3.5433874e-01  -1.2735893e-01  -3.3340612e-01  -1.5818929e-01   4.2102229e-02  -9.5614930e-02  -1.2234783e-01  -8.9204796e-02   1.8616455e-01  -3.7659256e-01   1.0375775e-01  -2.4112288e-01   6.3022141e-02   5.8927368e-01  -2.2491852e-01   2.3132194e-01  -1.0803322e-01   4.9364496e-02  -1.6374470e-01   2.2940005e-01   2.7001863e-01   4.9761209e-02  -5.4055099e-01  -3.6031871e-01  -2.4332739e-01   7.2591596e-02  -2.1622856e-01   3.9402698e-01   1.5001158e-01   3.2571447e-01  -3.7822370e-01  -1.1641322e-01   2.5175158e-01  -3.7538438e-01   1.1557843e-05  -2.8141552e-01  -4.2013587e-01  -2.6012461e-01  -3.8554920e-01   8.7827215e-02  -3.4435789e-01  -1.1407448e-01  -4.3784161e-01  -2.5987676e-01   4.9641288e-01   2.4398461e-02  -1.8363437e-01   8.5670216e-03  -2.1807798e-01  -3.0917740e-01  -1.4461542e-01   1.7658870e-01   5.0618404e-01   1.9334844e-01  -3.8875883e-01   1.0730462e-01   8.3825988e-02  -4.5250359e-01   8.4508330e-04  -1.5063148e-01   1.7141046e-01  -7.5652388e-02  -1.0427191e-01   4.7263220e-01   2.2047127e-01  -2.2110191e-01  -1.2719609e-01   2.7604158e-01   3.4161908e-01   8.2022501e-02   6.4622038e-02  -1.2641211e-01  -3.8477587e-02  -1.3217232e-02  -1.7273704e-01
  -2.2779938e-01  -1.3511151e-01  -7.0282332e-02  -2.5185397e-01  -1.3654562e-01   0.0000000e+00   5.3939248e-01   3.0024228e-01   9.9653747e-02   3.2106107e-01   2.3189286e-01  -2.0886452e-03   1.2509383e-01  -2.3947094e-01  -1.9651544e-01  -2.2140105e-01   4.5341893e-02  -1.2757282e-01  -3.2579677e-01   1.0077920e-01  -3.3556005e-01  -4.0317364e-01  -3.0075149e-01  -3.2192379e-01   3.6744814e-01   3.2587625e-01   2.1160083e-01   4.8589503e-01  -1.4694693e-01  -3.2680080e-01  -3.6759936e-01  -5.4642751e-01   1.2269041e-01   1.5243368e-01   1.1112812e-01  -1.5712620e-01  -1.0615605e-01  -1.8601673e-02  -3.2822088e-01   2.8966260e-01   8.1795602e-02   3.5650315e-01   1.3631518e-01   1.6262545e-01   3.0951937e-01  -2.3605074e-01   8.1693026e-02   7.7131866e-02   2.0893752e-01   1.9999008e-01  -5.3545288e-02   1.4436870e-01  -2.2332757e-02   4.9752006e-01  -1.1475971e-01   3.5940127e-01   3.0116958e-01  -4.0940982e-01  -3.9280009e-02  -3.2031973e-01  -3.0309892e-01   4.2826928e-01   2.5840603e-01   2.7456860e-01  -1.8461394e-01   2.2312096e-01   7.0748686e-01   4.1931540e-01   4.1333926e-01   1.6766386e-01   2.2895958e-01   4.8106385e-01  -4.6258289e-01  -3.6311013e-01   1.9932280e-01  -1.9304773e-01  -6.3909182e-02  -1.0181701e-01   1.6252545e-02   4.2151580e-01   5.8820111e-01  -4.7024475e-01   3.6161331e-01   1.4262101e-01   9.8781492e-02  -2.1031456e-01  -1.1855527e-01   2.6960265e-01  -1.6467827e-01  -2.8893148e-01   9.3212565e-03  -3.0891671e-01   4.0271685e-01  -2.1461799e-01  -3.9730410e-01   3.0498997e-01   5.0530609e-01   2.0038495e-02  -3.1943459e-01   2.8392305e-02   1.0334974e-01   2.8714688e-01   3.2338337e-01  -3.4102557e-01  -1.2817735e-01  -5.1465636e-01   5.5643091e-01   3.3022300e-01   2.4428882e-01   1.8081278e-03   4.4436874e-01  -3.1860944e-01   3.2196934e-01  -3.8286083e-01   4.1646553e-01  -2.6982414e-01  -5.3875547e-02  -5.8882958e-02   4.1830136e-01  -2.2913289e-01   1.4377959e-01  -6.7180857e-02   1.2515290e-01  -2.6032695e-01  -1.3706970e-01  -2.0930375e-01   1.0118734e-01   3.7317045e-01  -3.3221608e-01   3.0533186e-01  -4.7652086e-01  -1.9008059e-01  -1.6122840e-01  -4.8797055e-01   1.9654477e-01   2.7775241e-01   4.5276971e-01   4.7887877e-01   7.9516861e-04  -2.2957376e-01  -1.3860419e-01   2.7260355e-01   1.0247227e-01   4.1041291e-01  -2.6802213e-01  -4.8731735e-01   3.4341007e-01  -1.1261535e-01   2.2249524e-01  -1.1412092e-02  -3.1848215e-02   5.2644942e-01   2.5063163e-01   2.5668616e-02   3.8902553e-01  -1.2457300e-01   1.1821710e-02   3.4517565e-01   5.4274820e-02   2.8652467e-01   3.7265341e-01  -3.0988965e-02   8.3472583e-02  -3.1684864e-01  -4.8597430e-01   3.0223611e-01   3.6629598e-01   2.1650655e-01   1.9921697e-01   2.8782362e-01   1.9459785e-01   4.5151512e-03   4.0957327e-01   3.4215989e-01   2.1350945e-01   5.6498128e-01  -3.1781565e-01
  -3.3433694e-01   2.3080857e-01  -2.0241025e-01  -4.6751356e-01  -8.3544411e-02   5.3939248e-01   0.0000000e+00  -1.0475826e-01   3.6653756e-01   5.5628092e-01   2.6718065e-01   1.4801685e-01   1.5265056e-01  -3.5129749e-01   1.5187758e-01  -3.6785907e-01  -4.0367822e-02  -2.1148896e-01  -2.5795871e-01   1.3881742e-01  -1.8410090e-01  -2.4121726e-01  -6.6313014e-02  -1.0284232e-01   3.9446144e-01  -4.8972168e-03   4.5607420e-01   5.2429355e-01  -4.6906136e-02  -1.2200139e-02   7.0924370e-02  -5.4451336e-01  -1.1416966e-01   6.3473051e-01   5.2028087e-01   1.8460084e-01   2.3126312e-01   3.8595280e-03  -3.4587178e-01   4.9680395e-01   1.9356224e-01   3.2673373e-02   1.2995973e-01  -1.6449581e-01   3.0136826e-01  -3.1199180e-01   3.2356007e-01   3.7356924e-01   1.7685054e-01   7.4513559e-02  -1.7403102e-01  -1.1098752e-01   3.6991970e-01   3.4998827e-01  -1.5721565e-01   3.5729905e-01   2.4365498e-03  -4.4086684e-01   1.4792658e-03  -3.8638212e-01  -4.3864226e-01   3.4361595e-01   2.7389424e-01   2.5834676e-01  -3.7292702e-02   2.9655760e-01   5.5947962e-01   4.5106582e-01   4.1057664e-01   9.3357278e-02   4.3937682e-01   2.4104904e-01  -3.1354545e-01  -4.7482779e-01   2.7669132e-01  -2.8431209e-01  -2.4239256e-01  -4.4058873e-01   6.3476621e-02   2.7385244e-01   6.1339973e-01  -4.6013080e-01   3.1446007e-01  -1.0451978e-01   4.3221338e-02  -3.3165258e-01   2.0312523e-01   1.8012132e-01   1.8097898e-01  -3.9900838e-01   1.4781508e-01  -5.6281758e-01   4.7779047e-01  -1.1914151e-01  -4.4846077e-01   9.5410276e-02   3.8456492e-01  -8.6282682e-04  -2.8825180e-01   4.7232938e-01   3.4178780e-01   1.6101250e-01   2.2092466e-01  -2.5655205e-01  -2.9825415e-01  -4.1672400e-01   3.8360604e-01   4.2945674e-02   5.1776315e-01   2.5516438e-01   5.7370419e-01  -3.2139736e-01   6.3342588e-02  -4.0296536e-01   5.6625443e-01   7.6701218e-02  -2.7299791e-01   2.5788847e-02   1.4962941e-01  -3.4931784e-01   8.5692816e-02  -1.5247256e-02   1.0035376e-01  -9.2601309e-02  -2.1000462e-01  -3.9031944e-01   8.3457298e-02   2.4385238e-01  -3.3223521e-01   3.7634208e-01  -4.2255434e-01   2.3700959e-01  -3.7370213e-01  -9.5499660e-02  -8.5683838e-02   7.4769703e-02   3.7914427e-01   4.1412763e-01  -6.5137315e-02  -3.1111851e-01  -3.0208636e-01   7.3819720e-02  -8.5631008e-02   1.1226658e-01  -1.9738135e-01  -2.9424610e-01   5.9774353e-01   1.1804066e-01   5.2710480e-01   2.1780179e-01   4.9661336e-02   3.3470256e-01  -2.5668188e-02   1.2112627e-01   5.0823834e-01  -2.2762603e-01  -1.5158305e-01   2.9269776e-01  -3.1706771e-01   2.1007079e-01   4.0872744e-01  -5.5078963e-02   1.9628261e-01  -3.7932254e-01  -3.7842002e-01   3.1757399e-01   4.4988540e-01  -9.0143351e-02   4.8665869e-02   4.4544316e-01   4.4248059e-01  -1.5959160e-01   1.7312271e-01   6.1209099e-02   2.3007918e-01   3.6204214e-01  -9.9862821e-02
   3.4495845e-01  -5.6222857e-01  -1.0614542e-01  -3.9296904e-01  -3.2194121e-01   3.0024228e-01  -1.0475826e-01   0.0000000e+00  -9.2801786e-02  -1.1161291e-01  -4.1825887e-02  -3.9214844e-01  -1.1025169e-01   3.9980209e-01  -9.1028366e-02  -5.2177196e-01  -9.7113700e-02  -2.8599213e-01   1.4984237e-01  -4.0289157e-01  -5.1477067e-01  -1.1007907e-01  -3.4931634e-01   2.0275223e-01   4.7832822e-01   8.1850830e-01  -1.6725633e-01   4.7603464e-01   6.1904827e-02  -1.5783396e-01  -2.7926974e-02  -3.6331791e-01  -2.1432582e-01  -1.0660923e-01  -1.5029103e-01  -5.2741186e-01   4.6219218e-02   3.4084004e-01  -6.3038864e-01  -2.2404352e-01   1.0046424e-01   6.3469754e-02  -1.8832079e-01   3.2615429e-01   1.6494227e-01   3.6463045e-01  -1.2056871e-01  -1.2739809e-03  -1.5393708e-01  -4.3474119e-01  -1.5215416e-01   8.3908840e-01  -1.5053717e-03   4.5076482e-01   3.7070291e-01   5.7705822e-01   2.9677783e-01  -1.2063601e-01  -4.2939737e-01  -3.5064306e-01   3.1460571e-01   3.8741799e-01   1.0397462e-02   5.3707073e-01  -2.2829409e-01  -3.3222218e-01   2.4364818e-01   4.8706324e-01   1.9398411e-01   5.2098195e-01  -8.5481362e-03   2.1932128e-01  -5.3815211e-01   2.3586602e-01   4.6451834e-01   3.4423796e-01   2.0849449e-01   2.8770397e-02  -3.7411726e-01   3.2880170e-01   4.6889403e-01  -3.9238097e-01   1.4980793e-01   4.6654723e-01  -8.0803751e-02   3.8055487e-01  -3.0689635e-01   5.2959882e-01  -1.4061875e-02   3.3098425e-01  -3.3763557e-01   4.0448995e-02   5.7292787e-02  -3.3154358e-01   2.5025640e-01  -8.5549111e-02   4.9090837e-01   2.4397877e-01  -5.0939022e-01  -1.0074853e-01   1.7280103e-01   6.9561514e-01   6.0646388e-01  -3.7067035e-01  -1.6148413e-01  -2.6256115e-01   3.5933088e-01   3.5017066e-01  -1.8108880e-02  -3.2208996e-01   9.6541129e-02  -2.0441114e-01   8.0600234e-02   2.5644458e-01   1.8904833e-01  -3.9062742e-01   5.2301760e-01  -4.6533464e-01   5.6484955e-01  -3.9151704e-01   1.1755909e-01  -3.3511449e-02  -2.1859233e-02  -2.7749818e-01   4.6269591e-01   3.4062910e-01  -2.5525403e-01   4.7321356e-01  -2.5127629e-01  -4.1230384e-02  -5.5139292e-01  -5.7109808e-01   1.1660240e-01  -3.3005307e-01   1.5921286e-01   7.4711623e-01   3.6555801e-01   4.4014237e-01   5.2961891e-01   3.6016778e-01   4.4209886e-01   1.0341841e-01  -1.6130960e-01   1.2077930e-01  -2.4948026e-01  -3.2404518e-01  -1.8050975e-01  -5.4642491e-01  -1.6532601e-01  -1.4277549e-01   2.5897094e-01   6.1003482e-01   4.2892022e-01  -9.6324058e-02  -3.9635960e-02  -3.0572589e-01   1.7734898e-01  -1.0707314e-01   7.1364588e-02   5.0642319e-01   4.8017620e-01  -1.2053880e-01  -2.7190930e-01  -3.9042120e-01  -3.1897842e-01   4.4359151e-02  -1.8822130e-01   7.2006894e-01   3.3602433e-01   1.8558372e-01  -3.8194225e-01  -2.1630841e-01   2.5784729e-01  -9.3455827e-02   2.8440595e-01   4.4817900e-01  -1.0698791e-01
  -4.6078166e-01   3.2611204e-01  -2.8508142e-01  -3.4226458e-01   3.4369562e-01   9.9653747e-02   3.6653756e-01  -9.2801786e-02   0.0000000e+00   3.2394938e-01   4.7415913e-01  -1.9261621e-01   3.7326225e-02  -2.0047271e-01  -1.7892673e-01  -3.3621966e-01  -1.1167595e-01  -4.3963485e-02  -2.7494463e-01   4.1243860e-01   5.5674853e-02  -3.6669413e-01  -8.8121927e-02  -1.4955445e-02   4.8011874e-01  -6.7426711e-02   3.6607271e-01   2.6612119e-01   1.2349130e-01   7.5048191e-02  -6.7752658e-02  -4.6655664e-01  -4.7516024e-02   2.9843757e-01   2.9778064e-01   9.3682777e-02   4.4554025e-01  -1.1568681e-01  -2.6832844e-01   5.0355409e-01   2.5540073e-01   1.4975796e-01   5.6956784e-01  -1.9344849e-02   5.2408535e-01  -5.8269672e-01   7.9052576e-02   5.4521152e-01   4.6802642e-02   1.9888309e-01  -1.1840215e-01  -1.5410221e-01   7.2655087e-01   4.9289875e-01  -1.5013637e-01   1.1168959e-01  -7.4071513e-02  -6.0932974e-01   2.0413781e-01  -4.8820562e-01  -4.8570419e-01   4.5891459e-01   6.2959823e-01   4.5293583e-01   3.7758926e-01   2.5895142e-01   3.0307869e-01   5.2446302e-01   2.8677596e-01  -2.6491474e-01   7.8848767e-01   4.2222085e-01  -3.0821924e-01  -4.8889258e-01   2.9996414e-01  -2.7867525e-01  -2.9988696e-01  -5.1672902e-01   4.8218827e-01   5.0006916e-01   2.8467051e-01  -4.8700762e-01   5.0273031e-01  -1.1640566e-01   2.2501415e-02  -4.2821041e-01   5.1573629e-01   7.5087758e-02   4.3567702e-01  -5.0058533e-01   3.4670062e-01  -4.5918846e-01   1.2572079e-01  -1.0721412e-01  -5.3138838e-01   3.0260987e-01   5.1093255e-01   4.8686007e-02  -2.7833222e-01   4.8405833e-01   6.1344404e-01   1.3611820e-01   1.1020953e-01   7.4990243e-02  -4.3937435e-01  -5.5006614e-01   3.9171775e-01   3.1421719e-01   7.4365064e-02   3.1279742e-02   3.1525076e-01  -4.4728047e-01   2.4004319e-01  -4.9140639e-01   2.4344433e-01   5.8952780e-01  -2.2296329e-01   3.2585558e-02  -2.1409339e-01  -2.4821047e-01   2.4856341e-01  -1.3208250e-01   3.0092237e-01   4.2892811e-02  -4.8371421e-01  -4.9625619e-01   1.8863179e-02   5.1406438e-01  -4.3812289e-01   3.1391415e-01  -4.4125016e-01   4.0043682e-01  -5.5347732e-01   2.8040457e-01   1.8106955e-01   6.5207407e-02   5.3121697e-01   4.1244423e-01  -1.9379589e-01  -2.5981537e-01  -1.6935928e-01   2.5040384e-01  -1.0676093e-01  -4.3333986e-01  -4.0039823e-01  -4.8553293e-01   4.2742520e-01   4.4432719e-02  -5.6289512e-02   5.1684339e-01  -2.7606448e-01   1.5106440e-01   3.1548235e-01   5.9158377e-01   4.7853327e-01  -2.7552390e-01  -7.1480301e-02   4.9376975e-01  -3.7878308e-01  -9.1369380e-02   5.4934754e-01   1.6179061e-01   5.7048567e-01  -3.5752231e-01  -4.8537020e-01   4.0772714e-01   2.7771968e-01  -2.6752006e-01   1.6203611e-01   3.7049418e-01   2.8923426e-01  -6.6787796e-02   3.8119157e-01  -3.3026323e-01  -4.5809628e-02   5.1744548e-01  -2.7363469e-01
  -3.1328943e-01  -8.5656039e-02   6.7672340e-02  -1.9652229e-01   1.6551897e-01   3.2106107e-01   5.5628092e-01  -1.1161291e-01   3.2394938e-01   0.0000000e+00   1.3017305e-01  -1.3940401e-01   2.0752925e-02  -3.8291590e-01  -9.1450610e-02  -1.2459710e-01   2.2917719e-01   1.1583457e-03  -3.1872563e-01   4.0550358e-01  -1.0761892e-01  -4.3436802e-01  -1.5080356e-01  -3.4465493e-01   1.0269642e-01  -1.4042458e-01   2.3707612e-01   3.9839355e-01   1.5379613e-01  -4.5425391e-01  -1.0066623e-01  -5.0602266e-01   1.3170089e-01   4.9339230e-01   5.6826364e-01   4.9813314e-01   1.6868341e-01   2.9075272e-02  -6.9510132e-02   5.8161365e-01  -2.7824114e-02   3.0199984e-01   4.6982988e-01   1.6449622e-02   2.6212101e-01  -3.0755392e-01   9.7174185e-02  -8.4048498e-02   2.8979478e-01   3.8855052e-01  -5.6102927e-02  -2.2827350e-01   1.7460884e-01   3.2205846e-01  -2.1665847e-02   3.8717743e-01  -1.0942808e-01  -5.0263968e-01  -1.6106693e-02  -4.7813912e-01  -2.7374059e-01   2.2472087e-01   2.8192756e-01   7.0283847e-02  -1.0673394e-02   2.1759483e-01   2.0786688e-01   2.3953822e-01   3.4279363e-02  -3.2531310e-02   3.2907875e-01   3.2667440e-01  -1.6264276e-01  -4.7653720e-01   2.1497357e-01  -4.1233676e-01  -4.0771068e-02  -1.4955897e-01   3.2155916e-01   9.0543817e-02   2.9309625e-01  -2.7600868e-01   4.8084779e-01   7.7244386e-02   2.1318168e-03  -3.9662314e-01   4.0009777e-01   1.8664421e-02   5.9382275e-02  -3.8847754e-01   2.9233565e-03  -2.6460020e-01   5.4933239e-01  -3.8407020e-01  -3.4835915e-01   4.8659898e-01   2.9754758e-01  -2.6846266e-01  -4.6083089e-02   5.7613047e-01   2.9604580e-01  -5.7794356e-02  -1.7488524e-01  -3.8264431e-01  -4.0592323e-01  -3.9930724e-01   3.0129423e-01  -1.9947759e-01   4.3325664e-01   2.5902773e-01   6.4097796e-01  -5.3010624e-01   2.1517330e-01  -4.0978748e-01   4.7245211e-01   1.5721849e-01   2.7832998e-02   3.5628378e-02   1.6332340e-01  -1.1330896e-01   2.8797285e-02  -1.7298533e-01   3.6568148e-01  -2.1361981e-01  -3.2582569e-01  -3.5577421e-01  -7.2534382e-02   2.1576438e-01  -2.9021085e-01   3.8338853e-01  -1.9273292e-01   3.5666337e-01  -4.4645782e-01   1.9576450e-03   2.2246902e-01  -2.1299804e-01   2.5353806e-01   2.6886269e-01  -3.3608873e-01  -3.8522946e-01  -3.5761037e-01   1.7854016e-01  -1.7835979e-01   1.0565547e-02  -3.1598626e-01  -3.8010833e-01   5.8808755e-01   1.3052424e-01   5.0866249e-01   4.6553481e-01  -1.5190144e-01   2.2499811e-01   1.0906918e-01   1.4738076e-01   5.3452095e-01  -1.4479789e-02  -2.9310862e-01   3.0324942e-01   9.4203754e-02  -2.9470219e-01   2.4933559e-01  -9.5126117e-02   4.7623650e-01  -2.4113064e-01  -3.5305705e-01   2.5275990e-01   2.7834620e-01  -1.0103892e-01  -9.6132772e-02   4.0765207e-01   1.6908785e-01  -9.9825157e-03   2.8997402e-01  -6.5296350e-02   2.0560350e-01   3.3888625e-01  -2.9666730e-01
  -4.8147549e-01   9.9414275e-03  -5.1000686e-01  -1.2774469e-01  -9.1452519e-02   2.3189286e-01   2.6718065e-01  -4.1825887e-02   4.7415913e-01   1.3017305e-01   0.0000000e+00  -2.4567718e-01   5.6061143e-02  -3.1730569e-01  -8.0988483e-02  -1.9111959e-01  -4.2047645e-01   2.4006695e-01  -1.8825543e-01   1.5845497e-01   1.0618807e-01  -3.2597434e-01   3.9623793e-02  -2.1212080e-01   3.5036298e-01   4.5577799e-02   3.0506299e-01   2.3054757e-01   1.4733019e-01   5.9548500e-02  -1.7831006e-01  -3.5227010e-01   1.1299502e-01   1.2545558e-01  -3.2569744e-03   1.1589404e-01   3.2189128e-01  -3.7165583e-01  -2.0221992e-01   4.1711280e-01   1.9745651e-01   2.3066310e-01   3.6656392e-01   1.8251351e-01   5.8749667e-01  -5.5269490e-01   3.4824457e-01   4.7767949e-01   1.2359219e-01   1.8610907e-01   2.1759454e-01  -1.9693327e-01   3.9080231e-01   3.5996845e-01  -1.9904169e-01   1.5634975e-01   1.5903526e-01  -4.9298350e-01   4.8112418e-01  -2.9671467e-01  -5.5277977e-01   4.6713339e-01   3.9874001e-01   3.3381557e-01   4.2598591e-01   4.2508800e-01   2.8538935e-01   4.3038813e-01   4.2337897e-01  -3.6293371e-01   4.7549955e-01   5.2579857e-01  -2.7578717e-01  -5.1142363e-01   6.8184085e-02  -3.0687084e-01  -2.5899661e-01  -2.1884056e-01   3.1664141e-01   4.5059280e-01   3.3640748e-01  -3.5545434e-01   3.4489434e-01   5.8276595e-02  -2.8755091e-01  -3.8953712e-01   2.9087740e-01  -3.3787593e-02   2.2266541e-01  -5.6462747e-01   3.5221348e-01  -4.6663851e-01  -8.0179557e-02  -1.0950684e-01  -5.2984234e-01   1.1748089e-01   4.7575473e-01  -1.2664050e-01  -2.2726937e-01   4.9409573e-01   2.2929913e-01   3.8442594e-02   1.6909103e-01   1.4472849e-01  -1.0992579e-01  -4.8548109e-01   2.5370721e-01   4.4455870e-01   3.4161770e-01  -1.2617882e-02   1.2678838e-01  -2.5142301e-01   3.4063630e-01  -5.3677427e-01   4.9485764e-02   3.1849980e-01  -2.5435120e-01   2.4605196e-01  -1.8354799e-01  -1.1639326e-01   3.0883977e-01  -1.4722830e-01   3.2129951e-01   2.3998192e-01  -2.9975664e-01  -5.1955657e-01   3.0573965e-01   2.4409353e-01  -3.2207509e-01   1.9409073e-02  -3.6616636e-01   3.7479690e-01  -4.4524313e-01   7.7271597e-02   1.2002845e-01   1.3615611e-03   4.7125863e-01   4.5769763e-01  -1.8846144e-01  -4.1202313e-01  -2.8865996e-01   3.5822935e-01   4.7660021e-01  -2.3676973e-01  -6.6414786e-03  -3.1064515e-01   1.2120050e-01   2.3546505e-01  -4.0573586e-02   4.3206845e-01  -3.4645029e-01   3.2873320e-01   2.1470590e-01   7.0774300e-01   1.3254145e-01  -2.2651966e-01  -2.5667585e-02   6.0199156e-01  -4.3242397e-01   9.1801632e-02   4.5739296e-01   5.9935350e-01   4.9142391e-01  -1.3147586e-01  -4.7264832e-01   1.9985747e-01   5.1788412e-01  -2.3455511e-01   2.3594138e-02   7.0037756e-02   3.0986853e-01  -3.0617548e-02   4.5314268e-01   3.4028572e-02   7.3801978e-02   5.1531157e-01  -3.0384643e-01
   2.5425165e-01   5.3186589e-01   4.5091747e-01   2.8416865e-02   9.1584430e-02  -2.0886452e-03   1.4801685e-01  -3.9214844e-01  -1.9261621e-01  -1.3940401e-01  -2.4567718e-01   0.0000000e+00   3.1481258e-01  -1.4384458e-02   9.0475707e-02   1.1866541e-01   3.1622682e-01  -3.3838637e-01   2.2715256e-01   3.1253684e-02  -9.3592124e-02   3.1878534e-01   1.5127221e-01   1.2617230e-01  -1.8980580e-01  -2.9975261e-01   2.3386104e-02  -4.1955922e-01  -6.7923414e-03   2.7382053e-01   1.7630682e-01   3.2740676e-01  -2.3704643e-01   9.9326292e-02  -2.6606848e-02  -1.3174930e-02  -8.3954227e-02   2.6364087e-01   1.6020316e-01  -1.7924940e-01   1.7047089e-01  -4.1462680e-01   2.7816044e-02  -4.3755744e-01  -3.0015357e-01   2.0170295e-01   1.3540694e-01  -1.1499656e-01   8.3553675e-02  -5.6558429e-02  -3.4490209e-01  -1.9284156e-01  -1.5484638e-01  -2.3793698e-01  -4.9731944e-02  -2.9971666e-01  -2.6851160e-01   3.9998160e-01  -9.0704450e-02   3.8544606e-01   2.3456041e-01  -3.5009467e-01  -2.0235777e-01  -4.3883231e-01  -2.3514384e-01  -6.1068713e-02   5.2457266e-02  -2.6707840e-01  -1.4399435e-01   2.3379870e-01  -2.3540176e-01  -4.6390202e-01   3.6095982e-01   2.9328460e-01  -1.7019885e-01   1.3261603e-01  -2.2245851e-02  -1.2968443e-01  -2.1985179e-01  -2.1113287e-01  -2.8595770e-01   3.0664598e-01  -4.6260835e-01  -4.2610327e-01   5.1464189e-01   1.0602749e-01  -2.1773136e-01  -5.8010409e-02  -8.0257090e-03   2.6053242e-01  -3.1735831e-02   1.9811468e-01   1.6772077e-01   4.2647730e-01   1.9044875e-01  -9.6223236e-02  -4.0442281e-01   2.0456493e-01   1.6417927e-01  -2.7427756e-01  -1.0533153e-01  -2.9821861e-01  -4.0405636e-02   3.7950643e-02   4.7106421e-02   5.0098566e-01  -1.3118120e-01  -2.0641575e-01  -1.2512488e-01   1.0158594e-01  -1.6029776e-01   3.6143415e-01  -4.7442390e-01   2.8076548e-01   3.4874345e-02  -6.7595883e-02  -3.6914440e-01   3.0459632e-01  -1.6178175e-01   7.4772429e-03  -5.3338712e-01   2.9185027e-01  -9.2952668e-02  -1.7510845e-03   1.0398530e-01   2.0558548e-01  -6.7996792e-02  -2.4645833e-01   2.2092520e-01   2.7677004e-01   3.2508087e-01  -5.7448910e-02   4.2443571e-01  -6.6111060e-02  -4.2648166e-02  -1.5838253e-01  -3.1809971e-01  -4.5004540e-01  -1.2320002e-02   2.2825114e-01   3.9093314e-02  -1.6544858e-01   3.5826116e-02   3.7774274e-01   1.8132457e-01   3.7835643e-01   1.9736975e-01   1.7698802e-01   8.3600641e-02  -3.9844783e-01   3.9880100e-01  -4.5236998e-01  -4.2611517e-01  -3.7208330e-01   7.2439683e-02  -1.4605536e-02  -2.2334903e-02  -3.4275045e-01  -3.4902068e-02   1.6911351e-02  -2.8732767e-01  -4.0713176e-02  -2.6035340e-01   3.4903967e-02   4.5269880e-01   6.5484545e-02   6.3637846e-02  -3.2853673e-01  -9.7759437e-02   2.9563244e-02   3.4782072e-01  -1.3519057e-01  -5.3867468e-01   3.0374848e-01  -6.5097006e-02  -4.6092968e-01   4.4511713e-01
   1.3040701e-01   3.1907066e-01   2.6882780e-01  -4.3801561e-01   5.7330730e-02   1.2509383e-01   1.5265056e-01  -1.1025169e-01   3.7326225e-02   2.0752925e-02   5.6061143e-02   3.1481258e-01   0.0000000e+00   2.1272458e-01   1.1227512e-01  -3.9092491e-01   2.8430435e-01  -3.5830985e-01  -1.6900695e-02   1.5901085e-01  -1.9446887e-01   2.2282217e-01   1.0632717e-01   9.4973764e-02   2.8524277e-01   4.5731655e-02   3.0455547e-01   8.1388930e-02  -3.2422542e-02   2.4111559e-01   1.1476762e-01  -1.2625328e-01  -5.0463513e-01  -1.1720251e-01   1.9261757e-01   1.7118584e-01   6.1165279e-02   2.3175653e-01  -3.1985742e-01   4.7112674e-02   7.3886177e-01  -3.6811478e-01  -5.1094002e-02  -5.7360892e-01  -1.3100934e-01   1.1569708e-01   3.1737869e-01  -1.3393271e-01   4.7552849e-01  -1.2995327e-01  -4.6622935e-01  -1.2584440e-02  -6.3163346e-02   2.8797280e-01   3.2635130e-01   6.7675127e-02  -1.2334692e-01   4.5634345e-02  -1.2780728e-01  -1.3966079e-01   8.5856803e-03   2.6064245e-01  -1.9273368e-01  -3.8546499e-01  -4.7910863e-01   1.6897579e-01   2.3518329e-01   2.9255690e-01   3.7604853e-01   3.6203275e-01   5.8356020e-02  -1.4714120e-01  -1.5229443e-01   5.4386048e-02   1.3474818e-01   2.3024629e-01  -1.7618273e-01  -3.9846021e-01  -7.4559715e-02   4.6606085e-01   1.8896527e-01  -2.2174186e-01  -2.9380477e-01  -2.5372381e-01   4.3112359e-01   1.7097001e-01  -3.0956621e-01   3.8067122e-01  -1.8155750e-01   5.5884411e-03   3.7550800e-02  -3.8572286e-01   1.6437215e-01   1.5522315e-02  -6.0664549e-02   4.5601098e-02   1.9786058e-01   4.6020560e-01  -3.2732709e-01  -1.7010892e-01   2.6886421e-01  -9.4602665e-02   2.8487956e-01  -4.0085299e-01  -2.7679203e-01   7.6700890e-03   2.7134911e-01   1.3112082e-01   3.4283685e-01   8.6645169e-02  -1.3809124e-01   2.5035388e-01  -4.2172355e-01   1.5512739e-01   2.5905414e-01  -8.0431591e-02  -3.4194640e-01   3.1693466e-01  -3.8141346e-02  -4.6452948e-01   7.3838929e-02   1.6760075e-01  -8.1101460e-02  -5.4030955e-01   1.0978144e-01   1.1243798e-01  -3.6625807e-01   1.2732115e-01  -2.7486109e-01   3.5702351e-01  -2.0572886e-01  -1.3670427e-01   2.7491736e-01  -6.0206787e-02  -1.3051478e-01   1.7062468e-01   3.7435759e-01  -1.9267850e-01   1.9959993e-01   5.9595150e-02   7.8969857e-02   4.9105358e-01   5.9347849e-02  -1.0150598e-01  -1.8132626e-01  -1.1174000e-01   2.7332007e-01   1.9005292e-01   2.1262599e-01  -2.8871758e-01   4.8015768e-01  -2.2502457e-01  -2.8022616e-02  -2.4983927e-01   1.0019915e-01  -4.5160938e-01   1.3034642e-01   1.9288773e-01  -3.8081802e-01   2.9553683e-01   2.0129597e-01  -2.6398888e-01  -9.0586936e-02  -4.6359912e-01   9.5653279e-02  -1.4224128e-01  -8.8142784e-02   5.2390832e-02   3.8323014e-01   4.6537931e-02   3.5186153e-01  -2.8640958e-01  -3.1093562e-01  -2.3269805e-01   3.8741671e-02   1.2363585e-01   4.0054089e-01
   6.4997040e-01  -9.7327512e-02   1.8033443e-01  -2.2431104e-01  -3.5014451e-01  -2.3947094e-01  -3.5129749e-01   3.9980209e-01  -2.0047271e-01  -3.8291590e-01  -3.1730569e-01  -1.4384458e-02   2.1272458e-01   0.0000000e+00   2.5488395e-01  -3.6182313e-01   2.1330865e-02  -9.2549003e-02   4.0156309e-01  -5.8866313e-01   3.3480700e-02   5.1656991e-01   3.2427208e-01   5.9723454e-01   1.9302972e-01   4.0890203e-01  -3.4979980e-01   4.3215413e-02   2.3741615e-01   3.5177551e-01   4.0066554e-01   2.5681453e-01  -5.4021282e-01  -2.2279563e-01  -1.9857108e-01  -4.3812952e-01   6.9752189e-03   3.9555339e-01  -3.5332309e-01  -5.5108687e-01   3.4205860e-01  -4.7926906e-01  -3.5986497e-01  -3.0080458e-01  -3.3671917e-01   6.4749308e-01  -1.1776615e-01  -1.6506907e-01   1.2607008e-01  -6.4118223e-01  -2.5269109e-01   5.8486817e-01  -2.6040846e-01   6.2505407e-02   6.9884467e-01   2.7626642e-01  -5.0804072e-03   4.6211107e-01  -4.2489493e-01   1.9509418e-01   6.1121331e-01   1.0842294e-02  -5.1438012e-01  -8.5812352e-02  -3.0557803e-01  -2.1706767e-01  -1.7556693e-01   7.7144321e-02   1.1487131e-01   5.5896676e-01  -3.9004299e-01  -3.6596452e-01   6.4734322e-03   7.4307448e-01   4.2003393e-01   7.1298300e-01   7.2703964e-02  -1.9272735e-01  -5.5822290e-01   7.4356210e-02   5.6426700e-02   9.7491213e-02  -2.1895680e-01  -2.0567497e-01   3.1626960e-01   6.8603482e-01  -2.9273417e-01   4.4139350e-01  -1.8717246e-01   6.4294754e-01  -5.4662845e-01   2.3725507e-01  -2.3788962e-01   1.2047354e-01   5.8222504e-01  -3.9364910e-01  -5.2577188e-03   4.4587998e-01  -3.3127442e-01  -2.9363184e-01   1.5176619e-01   3.7443636e-01   4.6647002e-01   1.7776272e-02   5.0208652e-02   3.6909838e-01  -3.0308750e-02   2.2331812e-01   2.2975388e-02  -2.7728881e-03  -3.3285866e-01   4.8130173e-01  -4.5947260e-01   7.0270363e-01  -2.8014986e-02  -4.4239895e-01   2.5743342e-01  -2.0736519e-01   8.1223979e-02  -2.5840688e-01  -1.1013315e-01  -3.6852900e-02  -2.3828351e-01  -2.3735789e-01   6.6551346e-01   7.5393688e-01  -3.0746212e-01   1.5024570e-01   2.7210431e-01  -2.2834800e-01  -1.1557386e-01  -4.8963501e-01   6.5552252e-01   2.4245728e-01  -8.4913859e-02   5.3429477e-01   6.5830605e-02  -4.9321340e-02   6.6691109e-01   6.9026589e-01   7.1557009e-01  -5.7074362e-02  -1.0209704e-01  -1.8821051e-01   2.0240747e-01   2.5872812e-01  -3.9162869e-01  -1.7223579e-01  -7.4168283e-02  -1.8811615e-01   6.3474150e-01   8.9575498e-03   9.7953719e-02  -4.2363982e-01  -4.6837685e-01  -4.3181874e-01   3.0273574e-01  -3.2956366e-01  -4.9597375e-02   4.9923694e-01   7.2279496e-02  -3.1533375e-01  -3.2693349e-01  -1.3169279e-01   3.1239897e-01  -4.8804761e-01  -6.6839636e-01   3.0195100e-01   3.5846981e-01  -1.3267670e-01  -3.8562627e-01  -4.4554196e-01  -3.6749032e-01  -3.6628861e-01  -2.0705137e-02  -1.3643985e-01   4.8383472e-01
