   0.0000000e+00  -5.1342685e-01   2.0050002e-01  -1.2864324e-01  -3.4248217e-01   1.5210623e-01  -4.0485470e-01   1.0305570e-01  -1.8529402e-01   1.8312470e-01  -2.7454952e-01  -3.4945490e-01   4.4475118e-03   6.1659337e-01  -3.0485602e-01  -2.5121144e-01   5.6429790e-02  -1.1512723e-01  -3.6606363e-02  -3.1025548e-01   1.7648727e-01   3.1326005e-01  -9.4599885e-02   7.2512062e-01   6.3439736e-02   1.4989774e-01  -4.5742259e-01   2.8624452e-01  -1.5616853e-01  -3.0994139e-01  -2.5865908e-01   1.4380822e-01  -2.3120129e-02   1.1749418e-01  -2.2056545e-01  -3.0602544e-01   6.7959002e-02   4.2691195e-02  -3.5914385e-01  -1.8322435e-01   1.3013839e-01   1.8417806e-01  -2.4601752e-01  -2.0757869e-01  -2.7944684e-01   7.7341708e-01   2.8256938e-02  -2.7089025e-01  -2.5105993e-02  -2.7239905e-01  -6.7860505e-02   1.0599406e-01  -1.8141515e-01  -1.9806285e-01   2.4563196e-01  -4.6644849e-01  -4.7831179e-02   1.7400156e-01   1.3945015e-01   1.1211655e-02   3.5298506e-01  -2.5715099e-01  -4.8009321e-01  -6.6632504e-01  -2.5020975e-01   1.9601401e-02   2.4361770e-02  -1.7934175e-01   2.5318820e-02   4.2054890e-01  -4.9570043e-01  -6.9088291e-02  -1.6195327e-01  -1.9360825e-02  -1.3910588e-01   8.9965232e-02   2.2223329e-01   2.8879670e-01  -9.4127068e-02  -3.0543400e-01  -1.2149107e-01  -3.1390566e-01  -5.9562403e-01  -6.3434102e-02   4.1957483e-01  -1.2231735e-01  -1.5871212e-01   2.8237519e-01  -7.0973486e-03   8.4702328e-01  -9.5609575e-02   4.1643567e-01  -2.5139055e-01   2.2761592e-01   1.3911494e-01  -6.5983127e-02  -2.2185564e-01   2.7066797e-01  -2.7938354e-01  -2.1347018e-01   8.6243625e-02  -1.1751770e-01   3.5709044e-02  -3.4868351e-01   2.8212713e-01  -1.0883685e-01  -9.4297309e-02   9.9382338e-03  -1.5511404e-01   2.1701496e-01  -2.6925908e-01   3.8468233e-01  -1.6964921e-01   4.8389555e-01   1.8737445e-01  -5.4471236e-01  -1.7237772e-01  -5.9568626e-05   3.6802694e-01   1.8193290e-03   7.7248067e-01  -2.7928961e-01   1.0303625e-01  -1.3029918e-01   7.7434505e-01   4.7516901e-01  -1.2107913e-01  -1.3134353e-01  -1.1125014e-02   1.0881001e-01  -2.3023928e-01  -1.8552887e-01   2.9948048e-01  -1.7907590e-02   1.1190042e-01   3.7426363e-02  -2.4726501e-01   2.3797562e-02  -9.8035966e-02   4.2117610e-01   7.6850706e-01  -1.5508556e-01   1.7508655e-01   3.1098639e-02  -3.2618879e-01  -1.4596065e-01  -5.4007619e-01   2.4255987e-01   3.7210752e-01  -1.6732589e-01   4.9842080e-01   1.6760330e-02   6.5833577e-01  -2.7214495e-01  -1.2238373e-01   5.2418446e-01   7.7820885e-01   1.6133684e-01   2.9324695e-01  -1.4522337e-01   1.2091333e-01  -5.1186568e-02  -2.9956850e-01   3.0080718e-02  -4.1725453e-02  -2.9644609e-01  -2.1390342e-01   2.5422755e-01   7.7501002e-01  -2.7915451e-01  -9.9646878e-02   5.4956667e-02  -4.5638809e-02   1.0839831e-01  -1.3842891e-02  -2.4067861e-03   9.5919738e-02
  -5.1342685e-01   0.0000000e+00   1.4546822e-01  -7.3728486e-02   5.3598136e-01  -1.6672779e-01   1.5755483e-01  -2.9597744e-01   2.8001592e-01  -2.3930652e-02   3.0901269e-01   6.2985809e-01  -8.7685472e-02  -3.2884352e-01   1.8053986e-01   4.1240315e-02   3.4118223e-01  -1.4301941e-01  -7.0305501e-02   4.2087966e-01  -3.0581732e-01  -2.0031450e-01  -9.0908291e-02  -3.1092680e-01   6.9900279e-03  -7.9736875e-02   3.3089256e-01  -3.4134352e-01   2.1992768e-01   4.1873776e-01   2.1229306e-02  -2.1058416e-01  -1.3475463e-01  -1.2733266e-01   5.0394251e-01   3.4041411e-01  -4.3587964e-02  -1.0208611e-01   2.1397336e-01   4.7762765e-01  -5.4719992e-02  -2.2143550e-01   3.9337533e-01   2.8621901e-01   1.7080739e-01  -5.7325915e-01  -1.8109999e-01   1.4381045e-01   2.8052615e-01   4.4606229e-01  -1.6501328e-01  -2.7073371e-01   4.8639548e-01   1.2150199e-01  -2.8835255e-01   4.5206412e-01  -4.8102467e-02  -1.6621416e-01  -1.7270719e-01   4.0378188e-01  -2.8385880e-01   3.3411269e-01   6.9707494e-01   3.6504248e-01   2.1919602e-01   3.9879529e-01   4.2524347e-02   1.3341914e-01  -3.0731180e-01  -3.0032747e-01   4.9999858e-01  -3.4278594e-03  -6.2164698e-03   4.2867803e-02   2.8217344e-02  -1.9321657e-01  -2.5795905e-01  -3.0523057e-01   3.6909315e-01   2.2222606e-01  -1.7593916e-01   1.5558366e-01   6.0990350e-01  -1.7989280e-01   4.9707296e-02  -1.6007688e-01   2.3604200e-02  -2.3141386e-01   1.8013092e-01  -3.5287695e-01   5.6026360e-01  -2.8604915e-01   4.6313614e-01   9.7038874e-02  -1.6096057e-01   4.3216355e-01   1.1524022e-01  -2.5161372e-01   3.4423007e-01   1.0405527e-01  -3.8688001e-02   3.3557357e-01  -3.4585317e-01   5.6501685e-01  -3.2726712e-01  -1.1203048e-01   5.0285420e-02  -1.3051439e-01   3.8843606e-02  -2.2803649e-01   2.8488301e-01  -3.5583080e-01  -1.2917905e-01  -2.9882142e-01  -3.3715364e-01   6.9372546e-01   4.4809907e-02   2.0097589e-01  -3.7410411e-01  -2.9951311e-02  -4.2568977e-01   5.0129855e-01   1.9493692e-01   1.3588965e-02  -4.3091572e-01  -1.5987564e-02  -8.3614449e-02   4.7975462e-02  -1.8145650e-01   1.3908524e-01   9.2950081e-02   2.3625199e-01   1.2574424e-02  -5.2384391e-02   2.7242482e-01  -2.3555542e-01   1.7395748e-01  -3.9399256e-01  -4.6281135e-02  -3.2944207e-01  -4.5625635e-01   3.1218744e-02  -1.6981010e-01  -8.0502172e-02   1.1815440e-01  -1.1767651e-01   4.1619802e-01  -3.5732852e-02  -2.8457298e-01   5.3471726e-02  -2.5384975e-01  -4.0164035e-01  -4.1357539e-01   3.4248531e-01   5.4697569e-01  -2.3826891e-01  -4.3418439e-01   8.2331215e-02  -1.6760708e-01  -2.2778076e-01   4.6790266e-02  -5.7302790e-02   4.1783174e-01  -1.8812803e-01   4.3541872e-02   2.4205585e-01   3.5963395e-01  -2.2457855e-01  -4.7371201e-01   5.3537660e-01   1.4352142e-01  -1.6826634e-01   1.8181071e-01  -8.5818355e-02   1.2992050e-01   6.0946684e-02  -3.7055944e-02
   2.0050002e-01   1.4546822e-01   0.0000000e+00  -3.7879723e-01   8.9383961e-02  -1.4407064e-01   2.0407656e-03  -1.9963132e-01  -1.3082502e-01   2.0533786e-01   2.1156694e-02   3.6521288e-01  -2.0456591e-02  -4.7290974e-02   6.6115444e-02  -7.2301706e-02   7.9426259e-01  -2.9033449e-01  -4.1147844e-02   8.8095566e-02   1.0060524e-01  -1.2233457e-01   1.1125760e-01   1.6287371e-01  -4.1954953e-02  -1.0475432e-01  -2.5805617e-01   5.2846756e-02   1.4416885e-01  -1.3148681e-01  -1.9075975e-01  -2.8511868e-01  -1.8371918e-01   1.7825942e-01   1.3204060e-01  -6.5002538e-02  -1.7072073e-01   1.0196569e-01  -1.1096218e-01   5.9898894e-01  -4.1137951e-02   1.0255742e-01  -7.6541077e-02   8.4145593e-02  -1.7650860e-01   1.9992804e-01   2.0669662e-02  -1.2432529e-01   9.8157508e-02   5.0600173e-01  -3.7121763e-02  -1.2317346e-01   1.5613279e-01  -2.7174002e-03  -2.6613559e-01   2.5956690e-01  -4.5220932e-03  -2.0663140e-01  -2.5561521e-01   3.4567052e-01   2.8322223e-01   3.9641352e-02   4.8040711e-02  -2.5743187e-01  -1.6426764e-01   1.5975137e-01  -1.0948038e-01  -9.0925295e-02  -2.3822324e-01   5.8190172e-01   1.8635060e-01  -2.1611010e-01  -8.2439573e-02   2.5045647e-01  -2.0292206e-01  -2.8425562e-01   2.2491958e-01   8.5607440e-02  -2.4261038e-01  -8.8907639e-02  -3.6371412e-01   6.2663957e-02   5.9636245e-02  -1.7513487e-01   6.3502054e-01  -3.8092156e-01  -1.7579934e-01  -1.5587867e-02  -6.8615677e-02   2.1299379e-01   1.3009632e-01   3.6948712e-01   1.2921384e-02  -2.2395957e-01   1.8009152e-01   2.3431261e-01  -1.2638695e-01  -1.6521880e-01  -1.3597966e-01  -6.9309040e-03   2.7458595e-01   1.2660397e-01  -3.7869738e-01  -1.0372358e-01  -2.9622516e-01  -3.2476135e-01   1.5604373e-01  -2.0965805e-01   1.5850128e-01  -5.6581628e-02   1.4009790e-01  -2.6513867e-01  -3.2059325e-01   1.7327012e-01   2.3122085e-01  -2.2592426e-01  -1.6295294e-02   3.2705543e-02   6.2896923e-02  -1.8870934e-01   2.3332202e-01   1.3629085e-01  -9.0500206e-02  -3.4363368e-01   2.5721303e-01   3.2774608e-01  -7.7154232e-03  -6.9080932e-02  -3.5111118e-01   6.3522879e-01  -3.8354429e-02  -1.9207165e-01   2.2632340e-01   1.1603434e-01   1.7671997e-01  -1.4062113e-01   6.3492580e-02  -2.2246236e-01  -2.0622310e-01   6.5175426e-02   6.4879168e-02   2.6132033e-01  -1.0640432e-01   1.6389415e-01   1.9900961e-02  -5.6764808e-01   2.7938815e-01  -2.2289101e-02   2.9760554e-02  -5.5706559e-02   5.5880365e-01  -3.5130929e-01   2.1026313e-01  -1.1426760e-01   4.0739459e-01   1.8189645e-01   1.9396360e-01   1.6134365e-01   3.8591609e-01  -4.5261525e-01  -1.7609058e-02  -2.5060326e-01   7.9939643e-02  -4.6671071e-01  -2.0769328e-01  -2.7104124e-01   1.9309260e-01   2.4911203e-02   2.8541421e-01   7.6358973e-02  -2.1174960e-01   2.2503279e-01  -2.4786329e-01   7.6432047e-02   1.0743363e-01  -9.6137522e-04  -1.0134781e-01
  -1.2864324e-01  -7.3728486e-02  -3.7879723e-01   0.0000000e+00   1.9383270e-02   2.3090046e-01  -2.0767875e-01   7.1202032e-02  -6.3921351e-02  -1.9011665e-01  -3.6309392e-01  -2.4638019e-01   2.9336905e-01   8.6387374e-02  -2.4697973e-01   2.4259414e-01  -2.4938085e-01   3.3092285e-01  -3.4315931e-01   1.9411071e-01  -2.0448560e-01   2.5458597e-01  -1.9293001e-01  -9.1024994e-02   3.2103770e-01   1.4668071e-01   2.5196520e-01  -4.3446436e-02   7.8946234e-02   9.4879863e-02   7.4904865e-02   3.7528864e-01   4.8980300e-01  -2.2921202e-01  -1.9898048e-01   2.1302425e-02   1.8563201e-01  -2.8781622e-01   2.9960817e-01  -8.4211423e-02   3.0368864e-01   1.3317349e-01   3.9843774e-02  -9.7543949e-02   6.6465722e-02  -2.6848868e-01   1.3556106e-01  -2.0627477e-01   7.7868907e-02  -2.0849591e-01   8.4421791e-02  -7.9300345e-02  -4.5490944e-02   4.0296098e-01   2.9493238e-01  -2.8315329e-01  -3.8397202e-02   1.9473352e-01   6.5306678e-01  -1.8289834e-01  -1.8676684e-01   1.7490366e-01   1.3816723e-01   1.4309448e-01   1.6192781e-01  -4.4788182e-01   1.3968957e-01   1.7785370e-01   3.2114185e-01  -3.2962379e-01  -7.3374197e-02   2.7118920e-01   3.9004981e-01   9.0383246e-02   4.9721463e-01   3.0720111e-01  -1.8766828e-01   1.0975556e-01   5.4508502e-02   4.5984949e-01   4.0317945e-01   4.4311234e-02   2.4615795e-02   1.3449474e-01  -2.9814903e-01   2.6840212e-01   1.1112091e-01   1.4167992e-01   3.2237608e-01  -2.5466443e-01  -6.6741207e-02  -2.2519232e-01   1.0058849e-01   1.7117386e-01  -2.5387608e-01   8.8802963e-02   3.4428784e-01   2.1412523e-01   2.5765700e-01  -5.2336250e-02   1.1776738e-01  -2.5094305e-01   3.9801550e-01   1.7910644e-02   1.5273771e-01   3.3942978e-01   3.0460295e-01   9.7132636e-02  -1.6959402e-01  -6.7040086e-02  -1.0670848e-01   7.7151344e-02   4.5641408e-01  -2.9373660e-01   1.2311733e-01   4.9083293e-02   4.9612309e-02   2.4333014e-01  -2.7104948e-02   5.3145053e-01  -1.3735614e-01  -1.6846234e-01   2.0090342e-02   1.1248440e-01  -3.9118169e-01  -1.8682494e-01  -1.0044334e-01   3.2448696e-01   1.3649785e-01  -3.6428484e-01   4.0307985e-01   2.8809978e-01   2.6559528e-02  -1.7310356e-01   1.1325723e-01   3.1896249e-01   3.1289726e-01   1.6622947e-01   2.4500270e-01  -2.5734884e-01  -1.8136647e-01  -3.0803577e-02   2.4501954e-02  -1.5911796e-01  -2.3495551e-01   2.6661351e-01  -2.9070515e-01  -4.9198281e-02  -2.2817361e-01   1.3922069e-02  -2.8105146e-01   3.0672652e-01   9.9639017e-02  -9.4945044e-02  -1.1379359e-01  -3.0536294e-01  -5.5799715e-02   2.9378788e-01  -5.5455694e-02   2.9631520e-01   2.3181558e-01  -3.1625869e-02  -2.5151255e-01   4.3189617e-01   1.6928802e-01   1.8642313e-01  -9.0085858e-02  -6.7276583e-02  -1.2379314e-01  -2.3289638e-02   3.1655160e-02  -1.8521246e-01   4.3298039e-02  -8.8529052e-02   1.6700401e-01   2.6111700e-01   2.1700771e-01
  -3.4248217e-01   5.3598136e-01   8.9383961e-02   1.9383270e-02   0.0000000e+00   1.7266002e-01  -1.2690362e-01   1.3694566e-01   2.0056941e-01   4.4062653e-02   1.1428200e-01   3.8629399e-01   3.2684141e-01   1.3443959e-02   3.1514271e-02   1.2951431e-01   3.0161392e-01   3.2244631e-01   5.8693990e-02   7.4145857e-01  -3.0108174e-01   1.0768737e-01  -2.5994068e-01  -1.7048455e-01  -1.7580882e-01   1.5143771e-02   5.3940518e-01  -4.0299991e-01   2.7252094e-02   3.7405260e-01  -2.0928825e-01   1.0108364e-01  -9.2978077e-02  -2.5102531e-01   4.5701330e-01   6.0483123e-01   2.7851691e-02  -1.3532566e-01   1.4883392e-01   3.5289259e-01   2.4440465e-01  -1.3727085e-01   4.0971961e-01   7.3949071e-02   1.0122005e-01  -3.9664878e-01   1.6172666e-01  -1.7532916e-01   1.5602650e-01   1.4641313e-01  -7.6829789e-02   2.1599710e-01   2.3332079e-01   7.6669856e-02  -1.1729584e-01   5.9929718e-03  -2.7441138e-01   2.9010691e-01   4.2750914e-02   4.3798920e-01  -4.1236540e-02   2.4561828e-01   5.4570647e-01   3.1057474e-01  -5.8564317e-03   4.3898969e-01   2.2370502e-01  -1.0546955e-01   2.5705279e-01  -2.3003528e-01   2.0426523e-01   1.4681431e-01   3.0203854e-01   6.2025244e-02   8.2700754e-02   1.5452518e-01  -9.5713524e-02   1.3079583e-01   3.9334388e-01   3.3995348e-01  -1.9898069e-01   2.5845201e-01   3.7792468e-01   1.3301424e-01   6.5481933e-02   2.0715758e-01   4.5476083e-02  -1.4146136e-01   1.7220279e-01  -2.2693090e-01   6.0400205e-01  -5.3999868e-02   2.1150779e-01   2.6315474e-01  -1.1452242e-01   6.0697526e-01   1.4615934e-01   1.1787290e-01   2.9861706e-01  -4.5358723e-03  -1.8822942e-01   3.4889052e-01  -1.5655593e-01   2.3517455e-01  -2.0687369e-01   2.0481133e-01   1.2427398e-01   2.9031978e-01  -2.5296516e-01  -1.6025587e-01   1.0744332e-01  -2.9096335e-02   5.6836743e-02  -2.2064579e-01  -3.9213348e-01   3.7713116e-01   6.5088679e-04   3.0747278e-01  -2.6532426e-01   1.3611568e-01  -3.1896870e-01   6.0829310e-01   1.7249007e-01  -1.2134511e-01  -4.0088963e-01   1.2270190e-01  -2.4277115e-01   1.3893764e-02   3.2717622e-01   7.5180895e-02   4.0376429e-01   1.0606277e-01   1.0908625e-01  -1.6399641e-01   2.5989680e-01   4.1548155e-01   8.4562166e-02  -3.7394261e-01   4.3917807e-01  -2.2860809e-01  -2.6998974e-01   4.5187723e-01  -4.3089801e-02  -1.5749131e-01   3.9227529e-03   6.5435796e-02   1.1705926e-01   2.3351163e-01  -2.0517905e-01  -9.1399856e-02  -2.1827975e-01  -2.9030228e-01  -1.7504311e-01   4.1728576e-01   4.7537274e-01  -2.7982599e-01  -2.6685904e-01   7.6612912e-02   4.6076065e-02  -1.9097293e-01   1.1077006e-01   9.2223967e-02   4.7703772e-01   1.5537150e-01   3.2613170e-01   1.3102625e-01   2.7036052e-01  -2.8910669e-01  -3.8883402e-01   3.2118656e-01   3.1779113e-02  -1.1474092e-01   2.1790367e-01  -4.6557324e-02  -2.7205948e-01   3.0285204e-01   2.4523075e-01
   1.5210623e-01  -1.6672779e-01  -1.4407064e-01   2.3090046e-01   1.7266002e-01   0.0000000e+00  -5.9619667e-01   3.7255877e-01  -1.1030280e-02  -3.1180010e-01  -4.5200259e-01  -3.3551584e-01   1.4538117e-01   3.9189817e-01  -3.8285608e-01   1.9537858e-01   3.3657746e-02   2.3198432e-01   3.0307716e-01   1.3024262e-01  -2.6619707e-01   2.0703446e-01  -5.1449932e-01   2.5206279e-01   3.5348372e-02   3.7764183e-01   3.3791095e-01   2.6620182e-01  -1.4964523e-01   2.9330877e-01  -2.1940047e-01   5.7952068e-01   3.0118743e-01  -4.7685281e-01  -1.0343486e-01   5.1164341e-02   1.2302528e-01   5.9718664e-02   1.3768295e-01  -7.6823651e-02   1.1685882e-01   2.2286877e-01  -2.0961327e-01   7.7826679e-02  -2.2203016e-01   1.8983677e-01   3.2188892e-02  -3.6857314e-01  -9.1569841e-03  -3.2587163e-01  -3.7636691e-02   4.5526307e-01  -2.3813825e-01   2.1246354e-01   1.6168611e-01  -2.8931231e-01   1.8139289e-01   3.9787168e-01   2.4872605e-01   7.1178701e-02   3.3112237e-01  -3.4850690e-02  -5.6136724e-02   1.9392156e-02  -2.3737006e-01  -1.6227362e-01   7.3870512e-01   4.2831262e-02   4.9439922e-01   7.5308626e-02  -3.6910403e-01   2.5163218e-01  -1.9458056e-02   2.5800476e-01   1.1793405e-01   2.4834320e-01   2.2471812e-01   4.5302281e-01  -2.0175912e-02   6.4048323e-02   2.5458278e-01   8.4294376e-02   4.0933099e-02   4.1177071e-01   8.2716993e-02   2.3625771e-01  -9.4198405e-02   1.8965595e-01   5.3558099e-02   1.8177851e-01  -9.1559477e-02   3.7942844e-01  -3.9976548e-02   1.8806549e-01   7.9921267e-02   3.8698899e-03   1.3216426e-01   5.5694314e-01   3.0302783e-01  -3.4007365e-01   4.1992292e-02  -3.8387833e-02   3.8869741e-01  -4.7811059e-02   8.0271537e-02   4.8074824e-01   1.4457209e-01   6.7920641e-01  -3.9309152e-01   1.1789698e-01  -1.7770649e-01   3.5327302e-01   1.5342281e-01   7.0784032e-02   7.9704084e-02  -1.6322097e-01   2.8516749e-01   1.2258727e-01   3.0268937e-01   5.1722133e-01   4.0553164e-01  -2.5019274e-01   6.6290002e-02   4.1912252e-02   1.6010992e-01   2.9997096e-01  -3.2748170e-01   2.1734389e-01   2.2335103e-01  -8.2035083e-02   2.5431650e-01   2.7561373e-02   3.3349907e-01  -2.4074383e-01  -2.0866063e-02   4.6092029e-01   3.9119767e-02   1.1146644e-01   3.2256172e-01   9.9988387e-02   1.8582872e-01   1.8760284e-02   3.0671386e-01   1.6113941e-01  -3.0085864e-01   2.4325904e-01  -5.1824216e-01   1.5128491e-01  -1.7482446e-01  -2.2790606e-01  -1.9872190e-03   1.3562231e-01   4.5593378e-01  -5.8732392e-02   2.0645029e-01   4.5648374e-02   4.2706720e-01   1.0291764e-01   3.7108678e-01   2.2650912e-01   1.3058427e-01   2.1318337e-01  -2.7262071e-01   3.1295927e-01   5.6774744e-01  -7.0450266e-02  -1.3485802e-01   1.9386009e-01   3.0499179e-01  -2.9120463e-01  -2.5422753e-01   8.0942964e-02   5.6185642e-02   4.8046929e-01   4.2426037e-02   9.8795781e-02   4.4138946e-01
  -4.0485470e-01   1.5755483e-01   2.0407656e-03  -2.0767875e-01  -1.2690362e-01  -5.9619667e-01   0.0000000e+00  -4.3897048e-01   4.4308742e-02   3.9816983e-01   6.3316645e-01   4.6523880e-01  -1.7784653e-01  -4.4669078e-01   5.0289002e-01  -5.5270487e-02  -1.8052012e-01  -4.4103197e-02  -7.8330184e-02  -6.6178973e-02   4.3681155e-01  -3.2204671e-01   7.0864825e-01  -4.1061985e-01  -2.2403641e-01  -1.9464020e-01  -1.1905961e-01  -1.4259275e-01   1.1517584e-02  -8.2631503e-02   4.2353316e-01  -4.9686907e-01  -3.4450553e-01   6.1206953e-01   7.8749030e-03   2.0865429e-01   8.0310259e-03  -1.1819696e-01  -9.8010530e-02   1.4411406e-01  -1.3694519e-01  -3.3853649e-01   3.9366070e-01   4.1710456e-02   4.5484516e-01  -3.2287283e-01  -1.1393930e-01   7.4265143e-01   5.9837997e-02   3.2777667e-01   3.7726815e-01  -3.8952531e-01   4.1137999e-01  -3.7572134e-01  -2.9443834e-01   5.7207198e-01  -6.7237428e-02  -3.3556526e-01  -2.3849902e-01  -3.1221261e-01  -2.9564097e-01  -2.9224868e-02  -3.5695299e-02   4.1328393e-01   2.5760653e-01   2.4974824e-01  -4.9588158e-01  -1.9554824e-01  -3.0397388e-01  -6.5084579e-02   6.5550158e-01  -2.0989409e-01   1.0528657e-02  -2.3600879e-01  -3.2582173e-01  -2.5441797e-01  -1.4986581e-01  -2.7790557e-01  -6.5289514e-02  -2.1574948e-01  -2.4785651e-02   8.5556824e-02   1.6456624e-01  -1.8856250e-01  -2.3040991e-01  -1.1879356e-01   1.3013393e-01  -2.7436466e-01  -9.8976909e-02  -4.4903990e-01   8.4043069e-02  -4.2230251e-01   8.6795888e-02  -2.4459470e-01  -1.0999953e-01  -2.9422599e-01  -1.5586913e-01  -5.0478708e-01  -2.2125497e-01   6.8059692e-01   3.4453115e-02   1.7482032e-01  -2.0661628e-01  -1.6324487e-02   5.0248746e-02  -3.7111045e-01  -3.0175956e-01  -5.1730839e-01   6.2860276e-01   4.5521360e-02   4.5158918e-01  -2.8108031e-01  -2.0407848e-01  -2.6962096e-01   1.0574073e-01   1.6126293e-01   1.6759051e-01  -1.7841461e-01  -3.1140480e-01  -5.7429462e-01  -5.4838887e-01   1.5605540e-01  -2.7716703e-01   2.6754191e-01  -3.2127641e-01  -4.7671988e-01   4.7885603e-01  -3.3306049e-01  -1.4029526e-01   1.2314077e-01  -2.4987411e-01  -9.8565331e-02  -3.9595403e-01   4.3561080e-01  -3.7878901e-02  -3.9396823e-01  -7.7686055e-02   2.0296529e-01  -2.2865559e-01  -3.0514537e-01  -3.8310293e-01  -1.3329060e-02  -3.7668110e-01  -1.5781886e-01   5.1636302e-01  -1.5408944e-01   8.0101237e-01   9.7703787e-03   3.1852977e-01   5.1374188e-01  -1.3041738e-02  -5.2854659e-04  -4.9214158e-01   2.3430080e-01  -3.6694275e-01  -2.1469688e-01  -5.9670533e-01  -2.9026127e-01  -4.2446326e-01  -3.0110283e-02  -2.5048601e-01  -1.7413313e-01   3.9312358e-01  -2.0298037e-01  -4.9417177e-01   5.9930554e-02   3.6807044e-01  -1.8131722e-01  -5.0779982e-01   4.2974455e-01   3.5352194e-01  -1.9685382e-01   3.8051381e-02  -2.7688385e-01  -1.4272665e-01  -3.2281525e-01  -4.2642621e-01
   1.0305570e-01  -2.9597744e-01  -1.9963132e-01   7.1202032e-02   1.3694566e-01   3.7255877e-01  -4.3897048e-01   0.0000000e+00   3.0980283e-01  -2.1984694e-01  -2.9996629e-01  -4.2036619e-01   3.1103481e-02   2.4320584e-01  -3.2998513e-01  -1.6376250e-01  -2.1235365e-01   3.0466675e-01  -3.9331146e-02   2.7704004e-02  -2.2030047e-01   3.6590467e-01  -3.3246170e-01   2.9951152e-01  -5.5720003e-02   3.5642789e-01   2.4870608e-01  -1.5100812e-01  -3.8974348e-01  -3.1634602e-02  -3.4734682e-01   3.2821890e-01   2.0921315e-01  -4.3905878e-01  -7.1631574e-02   1.1297356e-02   1.1485350e-01   1.1618628e-02  -1.7764053e-01  -2.6859153e-01   1.0249436e-01   3.2844494e-01  -1.6772083e-01  -2.7829198e-02  -8.2821548e-02   1.5849358e-01   2.5401037e-01  -2.2977884e-01  -2.1802921e-01  -4.6766561e-01   4.2187107e-02   7.3647036e-01  -3.9810145e-01   5.0350177e-02   1.8740885e-01  -5.4036914e-01  -1.6304355e-01   4.5950073e-01   9.0591707e-02  -1.3328178e-02  -5.6719859e-02   8.8042776e-02  -4.7430878e-02   5.2636301e-02  -1.6694721e-01  -2.3730691e-01   3.6253175e-01   5.4172737e-02   5.2867941e-01  -1.1957868e-01  -3.9206201e-01   3.0032451e-01  -1.8599078e-02  -2.1883388e-01   2.3433333e-01   2.6980865e-01  -3.8361030e-02   4.7077664e-01   1.6707206e-01   7.9592226e-02   1.2561310e-01  -2.8523420e-01  -1.8688275e-01   3.9428835e-01  -1.9149079e-01   1.3818580e-01  -1.3659543e-02   3.2231953e-02  -2.2517740e-01   1.7435623e-01  -4.3924232e-03  -2.9836618e-02  -4.0318913e-01   3.6651024e-01  -1.3976951e-02   8.1185186e-03   2.4438033e-01   6.9459809e-01   1.3404215e-01  -2.7464141e-01  -4.1334665e-01  -1.3426143e-01   1.2830959e-01  -4.7612218e-03   3.2956387e-01   2.5622650e-01   7.4704927e-03   7.2055104e-01  -2.1572806e-01  -1.5428132e-01  -4.8490452e-01   2.8917146e-01   2.3004627e-01   1.2836742e-01  -2.5103077e-01  -1.8086265e-01   6.9139176e-02   1.3259010e-01  -1.2391370e-01   4.3307509e-01   1.6509073e-01  -1.0627796e-01  -1.8484907e-03  -1.3770895e-01   1.0865218e-01   1.1334938e-01  -1.9005830e-01   1.6377446e-01   6.0597988e-01  -3.1306826e-01   1.1082565e-01   4.9803715e-02  -1.2877372e-01  -3.9644988e-01   2.0159779e-01   5.1427209e-01   6.7470501e-02  -8.6241301e-02   3.1154575e-01   1.9336602e-01   1.5886415e-01   4.2210128e-02   3.4976753e-01  -3.3953278e-01  -4.1547532e-01   1.8283999e-01  -5.0465551e-01   1.1184226e-01  -3.3237670e-01  -2.5834957e-01  -1.8601493e-01   1.9501712e-01   1.0407722e-01   3.1758166e-02  -1.1423292e-01  -3.4118547e-02   2.0436033e-01   2.8431935e-02   2.2788001e-02  -3.2237533e-02   2.1327558e-01   5.8342587e-01  -2.1846201e-01   5.9901364e-01   4.8522240e-01  -2.5174985e-02  -2.8710727e-01  -9.7957882e-02   1.2503292e-01  -4.0528511e-01  -1.4932743e-01  -2.2542201e-02   4.1148884e-01  -1.7630845e-01   8.0170901e-03   2.3812587e-01   4.8821725e-01
  -1.8529402e-01   2.8001592e-01  -1.3082502e-01  -6.3921351e-02   2.0056941e-01  -1.1030280e-02   4.4308742e-02   3.0980283e-01   0.0000000e+00   7.5564381e-02   2.3880536e-01  -3.1713071e-02  -1.1212078e-01   1.2551640e-01   7.5131678e-02  -2.7124783e-01  -1.3079213e-01   5.5710534e-02  -2.2271097e-03   4.3010288e-02   1.0452275e-02  -4.5284409e-02   5.2910258e-02   1.1400126e-01  -5.3959164e-02   3.7401005e-01   7.6742906e-02  -2.2418228e-01  -1.1239437e-01   2.7249897e-01   1.1044521e-01  -1.1225093e-01  -1.3542971e-01  -2.0301978e-01   2.9868301e-01   1.2378925e-01  -1.2939949e-02  -2.0615601e-01  -2.2612511e-01  -2.1217442e-01  -6.1926030e-02  -6.9170926e-02   1.5504467e-01   1.6113822e-01   4.1307392e-03  -1.5974545e-01  -3.1936169e-02   4.4724272e-01   1.7783422e-01  -1.9172225e-01  -5.2755312e-02   1.6715054e-01   1.5927363e-01  -2.6965587e-01   1.1311139e-01  -8.9348018e-02  -1.0634620e-01   1.2597014e-01   4.5941467e-02   2.1883433e-02  -4.5538432e-01   1.3246334e-01   2.1066705e-01   2.6029849e-01   2.4382464e-01   1.6132356e-01   1.0436484e-01  -1.2515878e-01  -2.1111216e-01  -2.0059014e-01   2.1602616e-01  -1.1377302e-01  -2.1897230e-01  -3.0146297e-01  -8.3277805e-02   1.3460387e-01  -4.0430487e-01   8.0433242e-02   4.4058022e-01  -1.9659878e-01   1.8942139e-01  -3.3210252e-01  -2.9328469e-02   1.9177815e-01  -2.7815081e-01   1.7943611e-03   3.0512716e-01  -8.2342265e-03  -2.3639764e-01  -8.2700524e-03   3.9025334e-01  -5.2567915e-01  -5.5443502e-02   5.8371518e-01  -3.1773051e-01   6.2216644e-02  -1.5474361e-01   3.3666307e-01   1.2554526e-01   9.7533005e-02  -1.2169899e-01  -1.6575954e-01  -2.1360794e-01   5.4819512e-01   3.5737547e-02  -1.4723484e-01  -4.2365165e-01   2.3039064e-01  -5.2505774e-02  -2.4114756e-01  -2.8359443e-01  -6.6752036e-02  -2.3904132e-01  -1.5759951e-01  -6.9036357e-02   2.4700391e-01   1.9053979e-01   1.8364153e-01  -4.5841329e-01   6.8348191e-02  -2.5424733e-01   1.9067228e-01   1.1940782e-01   2.0083071e-01  -8.0227798e-02  -9.5426410e-02  -9.6585291e-03  -1.0094359e-01   3.9577375e-01  -1.3613997e-01  -1.0804800e-01   2.8658402e-01  -3.5184199e-01  -1.4998369e-02   3.5669962e-01  -8.3611181e-02  -2.2617645e-01   8.7015177e-02   8.7572517e-02  -1.7713866e-01  -1.6477094e-01  -2.0806488e-01   7.3219666e-02  -4.1741281e-01  -1.9321256e-02   3.2488222e-01   3.7052245e-02   2.3598293e-01  -1.7516869e-01   9.6628076e-02  -1.7361733e-01   1.1154433e-01  -3.1735496e-01   3.0764391e-01  -5.6090785e-03  -1.8861934e-01  -2.4906224e-01  -1.2599260e-01  -4.8570594e-01  -6.1732651e-02   1.3644548e-01   4.5187440e-01   2.7462801e-01   3.9886311e-01   1.9718734e-01   1.8084122e-01  -7.7791679e-02  -5.3196131e-02  -3.7485277e-01   5.3849457e-02   2.7073982e-01  -3.8565490e-01   5.0779688e-01  -3.3557572e-01   1.0477272e-01  -2.5239051e-01   1.2426907e-01
   1.8312470e-01  -2.3930652e-02   2.0533786e-01  -1.9011665e-01   4.4062653e-02  -3.1180010e-01   3.9816983e-01  -2.1984694e-01   7.5564381e-02   0.0000000e+00   3.4911078e-01   3.4651808e-01   2.2733751e-02   9.1874686e-02   3.3506953e-01  -5.0894578e-02   1.8694175e-01  -1.6299267e-02  -1.3637541e-01   5.9819004e-02   5.0379624e-01   7.6226054e-02   5.1757886e-01   1.2431424e-01  -2.0150882e-01  -1.8623422e-01  -1.7492901e-01  -3.3780097e-01  -1.3048732e-01  -1.2029624e-01   2.5668339e-01  -2.0983669e-01  -3.9827715e-01   6.1467882e-01  -4.3376263e-02   3.1115033e-01   8.4658822e-02  -2.7297848e-03  -1.2653666e-01   1.6318580e-01   1.3582965e-01  -1.9081046e-01   3.2695246e-02  -1.8126765e-01  -8.1071784e-02   5.4532240e-02   1.9848775e-01   3.7611114e-01   2.0139749e-01   1.5113349e-01   1.9245495e-01  -3.4166191e-01   3.7488024e-01  -5.7151010e-01  -1.0117583e-01   8.6310382e-02  -1.3962370e-01   1.2878399e-01  -5.2176273e-02  -3.3153066e-02   1.2126314e-01  -2.3160769e-01  -1.8916425e-01  -1.7267191e-01  -6.0270417e-02   3.0101379e-01  -4.3067850e-01  -4.7744596e-01  -2.6647565e-01   1.1837528e-01   3.4987115e-01  -3.2589225e-01   1.5028371e-01  -2.0686211e-01  -4.5944099e-01   2.0319500e-01   1.1692615e-01  -3.4380204e-02  -5.7725835e-02  -2.2102871e-01  -4.7305039e-01   7.8292084e-02  -2.3363075e-01  -1.4929931e-01   2.1385179e-01   7.3070792e-02  -4.8883322e-02  -1.8478118e-01   2.3106987e-02   1.5600718e-01   2.0253378e-01  -6.2001999e-02  -6.8179732e-02   1.1090426e-01   9.7123704e-02   1.5842919e-01  -4.2350864e-01  -3.1318070e-01  -3.0104218e-01   3.7481941e-01  -4.5526148e-02   8.0916888e-02  -2.2320887e-01  -1.6618992e-01  -5.1649213e-02  -1.4757876e-01  -3.5204993e-01  -3.4293381e-01   1.9909430e-01   3.4656131e-01   1.3882606e-01   1.4466793e-01  -4.3292402e-01   1.2154939e-01  -8.5375690e-02  -6.7657388e-02  -1.7349870e-01  -3.1438674e-02  -2.0480448e-01  -4.1968951e-01  -6.4917097e-02   1.8702757e-01  -3.6796357e-02   1.1292839e-01   1.3063783e-01  -4.8801327e-02   8.5024058e-02  -4.1085955e-01   5.6524314e-02   2.1579393e-01  -1.2336840e-01  -9.1051466e-02  -7.4790210e-02   5.2323970e-01  -6.0630011e-02   4.2713194e-02  -3.6158678e-01  -1.0529640e-01   1.1009614e-01  -9.1447001e-03   1.4046608e-01   7.7803015e-02  -4.5950200e-01  -1.8573260e-01   2.5011084e-01  -7.1505882e-02   3.1890653e-01   5.2829549e-01   6.0136345e-01   4.3330594e-01   1.5487901e-01  -2.7079391e-01  -1.0894775e-01   1.0139486e-01  -1.1775636e-01   1.5278516e-03  -4.7385655e-02  -7.0809131e-02  -7.8017485e-02  -4.6448072e-01  -2.2658557e-01  -3.5625458e-01   4.7258065e-01  -5.0572272e-02  -1.4468635e-01  -1.2042808e-01   2.2857618e-01  -9.6158983e-02  -1.9388908e-02   2.5280890e-01   1.7671539e-01  -2.5327018e-02  -1.3498750e-02  -2.1684191e-01  -3.5829968e-01  -1.6521415e-01  -7.0182952e-02
  -2.7454952e-01   3.0901269e-01   2.1156694e-02  -3.6309392e-01   1.1428200e-01  -4.5200259e-01   6.3316645e-01  -2.9996629e-01   2.3880536e-01   3.4911078e-01   0.0000000e+00   3.2374844e-01  -2.6161540e-01  -3.6715713e-01   6.1005487e-01   1.6698821e-02  -1.8019039e-02   1.2997764e-01   1.8831356e-01  -2.1466555e-02   3.5515919e-01  -9.1238642e-02   6.5306612e-01  -2.0637346e-01  -1.4603945e-01  -1.4143835e-02  -1.6659758e-02  -2.0556751e-01   1.1323974e-02  -1.8241858e-02   4.9919587e-01  -3.2253516e-01  -5.1961760e-01   4.0087793e-01   1.8150780e-01   3.8759901e-01   2.4420087e-01   5.6390537e-02  -2.2492432e-02   1.6896269e-01  -1.8125346e-01  -3.6219562e-01   3.0683264e-01   1.2842945e-01   3.6176431e-01  -2.9331592e-01  -1.5801789e-02   6.1837170e-01   4.4534898e-01   4.6288509e-01   3.0409055e-01  -1.3585422e-01   4.4509836e-01  -3.7882463e-01  -4.9031401e-01   4.7501630e-01   6.3736040e-02  -6.1605957e-02  -2.2864524e-01  -6.8151120e-02  -1.3776263e-01   3.0935341e-01   3.0888163e-02   3.2436502e-01   3.6110737e-01   3.6060765e-01  -2.8439169e-01  -1.5880920e-01  -3.8997509e-01  -2.1824804e-01   5.8078121e-01  -2.9840878e-01  -5.7589333e-02  -3.5782672e-01  -3.0591563e-01  -5.0947268e-02  -5.7765949e-02  -3.6126166e-01   4.6728655e-02  -1.2923570e-01  -7.3216541e-02   7.5745499e-02   2.4941550e-01  -1.5897455e-01  -1.6574009e-01  -5.5139685e-03   1.1848005e-01  -3.4443021e-01  -1.8276201e-02  -1.6748337e-01   3.2784918e-01  -2.8758028e-01   2.5593924e-01   2.2647490e-02  -1.2251713e-02  -2.0437984e-03  -1.7757598e-01  -4.3133950e-01   3.0694445e-02   5.5299788e-01  -1.3629951e-01   1.0107092e-01  -2.1578323e-01   1.7157305e-01  -5.9783287e-02  -2.8486349e-01  -3.5021115e-01  -3.4276790e-01   5.1920495e-01   1.1539766e-01   4.0083971e-01  -2.1895081e-01  -4.1053543e-01  -1.1027878e-01  -1.3775765e-01   3.5063688e-01  -7.7064808e-02  -2.1253732e-01  -5.1033811e-01  -4.3808585e-01  -4.2912326e-01   3.9168127e-01  -1.4464647e-01   3.9143863e-01  -1.7307084e-01  -3.3403282e-01   5.5328090e-01  -3.1800549e-01   7.1913478e-02  -6.7459555e-02  -1.9340515e-01   1.0920959e-01  -4.1692569e-01   4.7401049e-01   1.3344045e-01  -2.3248761e-01  -1.9540985e-01  -1.2243651e-02  -1.1228570e-01  -6.6773549e-02  -2.4842951e-01  -1.6295863e-01  -3.7458525e-01  -3.7656424e-01   5.1233308e-01  -1.6168269e-02   6.3817122e-01   2.1342820e-01   2.4715404e-01   4.9970902e-01  -7.4705677e-02  -1.1752265e-01  -3.6191203e-01   5.3835017e-01  -2.5347453e-01  -1.3515887e-01  -3.8367430e-01  -2.0558705e-01  -2.0216014e-01  -1.2294205e-01  -1.6056176e-01   2.1018577e-02   4.9706478e-01  -1.8782984e-01  -9.5931083e-02   1.5671152e-01   4.2760452e-01  -9.9218229e-02  -3.8438647e-01   5.3535598e-01   3.2213612e-01  -1.8068243e-01   2.0938981e-01  -2.9716480e-01  -1.9017616e-01  -3.9771549e-01  -9.5170578e-02
  -3.4945490e-01   6.2985809e-01   3.6521288e-01  -2.4638019e-01   3.8629399e-01  -3.3551584e-01   4.6523880e-01  -4.2036619e-01  -3.1713071e-02   3.4651808e-01   3.2374844e-01   0.0000000e+00  -4.6192844e-02  -4.0671725e-01   2.0396405e-01   9.8696342e-02   3.4977347e-01  -1.9806456e-01  -1.2197725e-01   3.8305360e-01   1.9994148e-02  -3.8118021e-01   1.6445601e-01  -2.9664536e-01  -1.9449366e-01  -1.7129825e-01   9.0128933e-02  -4.4472020e-01   2.5160060e-01   5.2171472e-02  -9.9813979e-02  -3.6432382e-01  -2.0583387e-01   4.6561414e-01   4.0324876e-01   3.6387020e-01  -5.1278562e-03   8.3270763e-02   1.5836624e-01   6.7381290e-01  -8.9490748e-02  -1.2466918e-01   3.6807811e-01   1.8924217e-01   1.6402032e-01  -4.4517554e-01   3.2629797e-02   1.6371200e-01  -4.2251666e-02   5.2758898e-01  -5.2788193e-02  -3.7006362e-01   6.1438010e-01  -1.3337874e-01  -3.9490000e-01   5.1970628e-01  -1.7721315e-01  -3.1125123e-01  -2.2125308e-01   3.3616292e-01  -6.7233824e-02  -3.8601319e-02   4.2632993e-01   1.5896368e-01   1.8037223e-02   5.2849523e-01  -1.6046879e-01  -6.7628782e-02  -2.3974577e-01   2.5476560e-02   5.2720405e-01  -1.3876327e-01   8.5840497e-02   9.5227647e-02  -1.7426940e-01  -2.1597545e-01   2.2301724e-02  -1.1715926e-01   1.4726234e-01   5.6098812e-03  -4.3354651e-01   2.5967159e-01   4.7480364e-01  -2.3886796e-01   1.7536771e-01  -2.9445028e-01  -2.2784231e-01  -2.5022959e-01  -3.7585808e-04  -3.2128603e-01   4.3550722e-01  -8.3130529e-02   4.1158946e-01  -1.3069597e-01   1.1815364e-01   2.0989219e-01   1.1639400e-02  -3.7287806e-01   6.6976562e-03   3.9061434e-01  -8.6591140e-02   5.6952685e-01  -5.1130422e-01   8.5497817e-02  -2.4934579e-01  -2.6276942e-01  -4.1634066e-02  -3.3967003e-01   1.1837381e-01   1.1084128e-03   5.8466377e-01  -2.7376123e-01  -2.8501865e-01  -3.8291764e-02  -2.1197314e-01   2.9739505e-01   3.9200660e-02   1.7513692e-01  -2.1521693e-01  -2.9121057e-01  -4.1160357e-01   3.4077188e-01   8.9834593e-03  -2.1397784e-01  -2.3208730e-01  -5.3652486e-02  -3.3691681e-02  -1.6467262e-01  -3.0932765e-01   4.3458204e-01   1.1591638e-01  -6.9872326e-02   1.0879669e-02   1.2538044e-01   1.7390968e-01  -2.7390749e-01   3.9834962e-02  -4.5891229e-01  -1.3326216e-01  -1.0643952e-01  -2.7960847e-01   1.7231125e-01  -2.5033068e-01   5.8659790e-02   1.7350476e-01  -4.1830268e-01   6.5779117e-01   1.6173235e-01   1.4501607e-01   1.0214340e-01  -3.8245849e-02  -5.8403056e-01  -3.0918196e-01   1.8286783e-01   4.5642509e-01  -1.7539337e-01  -4.0732357e-01  -4.1897329e-03  -3.8035333e-02  -4.5868748e-01  -1.5365485e-01  -2.8019222e-01   4.0211165e-01  -3.1638337e-01  -3.0070963e-01   7.6826717e-02   4.9432912e-01  -3.4170027e-01  -4.0570785e-01   5.6145203e-01   1.2297494e-01  -4.1094519e-03  -5.2281890e-02  -5.1200570e-02  -7.9200174e-02   2.4961727e-03  -3.3725527e-01
   4.4475118e-03  -8.7685472e-02  -2.0456591e-02   2.9336905e-01   3.2684141e-01   1.4538117e-01  -1.7784653e-01   3.1103481e-02  -1.1212078e-01   2.2733751e-02  -2.6161540e-01  -4.6192844e-02   0.0000000e+00   2.8132264e-01  -3.0847001e-02   1.4970664e-01   7.4935469e-02   6.4679169e-02  -1.5961698e-01   4.9799899e-01  -7.9493971e-02   3.6378847e-01  -2.4430880e-01  -4.2205327e-02  -1.4430202e-01  -9.0940633e-02   1.9033137e-01   9.2272842e-02   3.5503489e-01   3.8922727e-02  -9.8740425e-04   1.3933088e-01  -1.4232814e-02  -6.5232509e-02   5.8974455e-02   9.1287645e-02  -6.8240097e-02  -2.3033269e-01   1.4992519e-01  -7.1941305e-02   6.9391047e-01  -1.3963005e-01   1.0053315e-01  -2.2735304e-01  -1.3486951e-01  -1.4095646e-02   1.0194983e-01  -2.1079525e-01  -8.7613034e-04  -4.0579890e-02   8.1278382e-02   2.8345073e-02  -1.3655738e-01  -2.0830856e-02   3.6535775e-01  -1.9235991e-01  -1.8864410e-01   2.5807516e-01   3.6094402e-01   1.9517446e-01   4.9679284e-02  -8.6633822e-02   1.3300646e-01  -7.2994494e-02  -7.1759430e-02   2.3429556e-01  -8.8558537e-03  -7.5141715e-02   1.5663115e-01  -4.2864608e-02  -1.1890563e-01   1.5668447e-01   4.4659844e-01   1.4401334e-01  -4.0548933e-02   1.3440767e-01  -9.8522333e-03   9.0057728e-02   9.7263983e-02   3.0026999e-01   9.7844941e-02   3.8438113e-01  -5.6452864e-02   1.6761828e-01   1.3134000e-01   2.4609629e-01   1.9960910e-01   2.1051884e-01   2.1032735e-01  -7.6070025e-02   1.6901166e-01   3.7938647e-02  -2.7622284e-02   1.4227067e-01  -1.5023766e-01   3.7048322e-01   1.1486082e-01   1.3218040e-01   4.6648333e-02  -1.8472569e-01   1.9092414e-01   4.4594716e-02   2.4462871e-01  -1.5539925e-02   1.5536073e-02   2.5030345e-01   2.0494173e-02   6.2381538e-02  -2.5294320e-01  -2.2290311e-01  -3.9977685e-02   2.0650563e-01   3.2774191e-01  -2.2267648e-01   9.8586038e-02  -8.3601874e-02   1.5951908e-02   4.5050858e-01   2.4177178e-01   1.2825598e-01  -6.4446102e-02   3.5537520e-01   6.8282638e-02  -3.7205018e-02  -1.6914624e-01   1.4282817e-01  -1.4806737e-01  -1.0227679e-01   1.9014602e-01  -3.5059687e-03   4.3100840e-01  -2.7000764e-02   1.9321322e-01  -1.1107198e-01   2.8574945e-02   3.2552322e-01  -4.7683522e-02   1.6621183e-01   2.6183958e-01  -2.4739380e-01  -7.2118854e-02   6.2505855e-01  -5.1293717e-02   4.8629626e-02   6.7674164e-02   2.1609313e-01  -1.7280900e-01  -1.4445094e-01  -2.4783944e-02  -1.9003962e-01  -2.2880873e-02   1.0405998e-01   1.2909108e-01  -1.4734874e-01   5.4916890e-02  -1.4895214e-01  -8.6466134e-02   3.7253516e-01   3.3304377e-02   5.6964685e-02   2.0885066e-02  -2.7056806e-01   1.1982224e-01   7.7339047e-02   1.8820338e-01   1.1434082e-02  -8.4641248e-02  -1.5245747e-02  -9.3748458e-02  -1.0669825e-01   8.2916500e-02   3.2955721e-02  -1.2239086e-01  -7.7160358e-02  -2.0009592e-01   4.8664575e-02   1.1609264e-01
   6.1659337e-01  -3.2884352e-01  -4.7290974e-02   8.6387374e-02   1.3443959e-02   3.9189817e-01  -4.4669078e-01   2.4320584e-01   1.2551640e-01   9.1874686e-02  -3.6715713e-01  -4.0671725e-01   2.8132264e-01   0.0000000e+00  -3.4842284e-01  -2.4930998e-01   4.1532499e-03   7.7252378e-03  -9.1575751e-02  -1.0069066e-01   6.7816650e-02   5.2231344e-01  -3.0844209e-01   6.9718382e-01  -2.0962944e-01   1.5592366e-01  -1.6703225e-01   2.7452081e-01  -1.9742121e-01   1.0812401e-01  -1.1391030e-01   3.0139431e-01  -6.0856229e-02  -1.8391017e-01  -9.8579045e-02  -5.9016926e-02  -1.3458951e-02  -2.3067094e-01  -3.4728344e-01  -2.9521542e-01   2.4546222e-01   3.6777071e-03  -1.2565307e-01  -2.6199611e-01  -4.8924360e-01   5.8603819e-01  -2.1815068e-02  -2.1339076e-01  -4.4081768e-02  -4.3335730e-01  -1.4563532e-01   1.1936034e-01  -1.0373407e-01  -1.8229037e-01   6.0798151e-01  -4.4921017e-01  -1.3438553e-01   4.6588582e-01   3.2695351e-01   1.1363107e-01   1.0682120e-01  -4.1161972e-01  -2.9078571e-01  -3.9981771e-01  -3.5738121e-01   1.0241876e-03   1.5455555e-01  -4.0311534e-01   2.4078425e-01   2.2349936e-01  -3.9940429e-01  -5.3785811e-03  -7.3221398e-02   2.8679426e-01  -2.7848480e-01   3.6832840e-01  -7.4383065e-02   2.6047941e-01   1.0388753e-01  -2.7050985e-01   1.3703001e-01  -2.9803536e-01  -4.4527742e-01   1.0911531e-01   3.3306153e-01   2.8952780e-01   3.8525401e-01   6.1986601e-01  -4.3240366e-02   6.3855531e-01   2.2377643e-02   1.7756301e-01  -2.7286247e-01   3.9363589e-01  -1.7926299e-01   1.3375964e-01  -3.6780736e-01   4.0093483e-01  -2.8045702e-01  -4.0194668e-01   3.0109913e-01  -1.6235707e-01   3.5003297e-01   2.4762675e-02   3.1425458e-01   2.1464879e-01  -1.7458094e-01   2.1427733e-01  -4.2481217e-01   1.1894055e-01  -3.1027285e-01   5.5310688e-01  -1.8111410e-01   7.1065065e-02   2.8599068e-01  -3.1245941e-01   1.0546535e-01   1.4756288e-01   2.9001415e-01   8.5505166e-02   5.3689236e-01  -9.5871451e-02   3.9269295e-05  -2.1177099e-03   4.1429684e-01   5.7399481e-01  -3.2147686e-01  -2.8400255e-01   4.0214325e-01   9.9475777e-02  -3.1203382e-02  -1.4803881e-01   4.3650171e-01  -5.6141386e-03   1.0465963e-01   3.5042089e-01  -4.0292717e-01   2.9009345e-01   2.5585329e-01  -4.4902849e-03   5.0999275e-01   1.2678040e-01   9.7422288e-02   4.1704432e-02  -2.2635148e-01   3.0457033e-01  -5.3439406e-01   3.2935045e-01   2.8928592e-01  -2.2253513e-01   4.1981218e-01   2.4517217e-01   4.7644866e-01  -3.2636053e-01   4.1286298e-03   4.1547151e-01   4.7714189e-01   6.2391364e-02   4.9324091e-02   9.2233017e-02  -8.4857725e-02  -7.2816884e-02  -2.2460474e-02   2.7563453e-01   1.6063449e-01  -2.5267986e-01  -3.3401561e-01   1.5964769e-01   4.3887383e-01  -2.4993915e-01  -1.9361217e-02  -8.4916349e-02  -8.3607520e-02   9.6277198e-02  -2.3328753e-01  -1.4168414e-01   2.2505378e-01
