   0.0000000e+00  -5.0492919e-01  -3.1400157e-01   2.3388087e-01  -2.6546750e-01   8.5491378e-03  -2.0978191e-01   3.0036561e-01  -3.6287609e-01  -7.5612015e-02  -1.9353188e-02  -1.8881567e-01  -4.0625792e-02  -2.7593203e-01   2.9139397e-01  -3.7447076e-01  -4.2280642e-01   3.0060187e-01   2.6580449e-01  -2.0186762e-01  -4.4413582e-02   2.5438684e-01   7.4528503e-02   7.0672923e-01  -5.0329430e-02   2.8977000e-01  -2.3711706e-01   8.1093975e-02  -2.0169802e-01  -2.2867724e-01  -2.3346407e-01   3.1937815e-01  -3.3397923e-01  -8.7616433e-02  -4.7888142e-01  -1.4086928e-01  -1.5594964e-02  -6.2952143e-02  -3.3208973e-01  -3.1361985e-01   1.0630892e-01  -6.0138347e-02  -2.7321927e-01   4.3414854e-02  -2.2889893e-01   6.4864031e-01  -5.1093512e-03  -3.8487459e-01  -7.8423634e-02  -3.3984499e-01   2.8562068e-01   5.2904162e-01  -1.8243150e-01  -1.1959991e-01   2.0298402e-01  -3.0500834e-02   1.4332257e-01   3.8375956e-01  -1.8993084e-01   8.2142056e-02   6.2454912e-02  -2.7424875e-01  -3.2193717e-01  -4.1050191e-01  -1.4054856e-01   6.9220504e-02  -1.0640731e-01  -2.9474686e-01   1.0585633e-01   5.0810955e-01  -4.3237354e-01   5.0364613e-02  -1.6428635e-01   3.1611495e-01  -1.4722931e-01   3.0235155e-01   5.8010174e-02  -2.9901169e-02  -3.7527605e-01  -2.9258711e-01  -1.3148673e-02  -8.6639683e-02  -3.9542863e-01   3.7571610e-01  -1.8227000e-01   4.0283015e-01  -5.2869117e-01   3.2518744e-01  -4.5529714e-01   6.7243439e-01  -4.3663963e-01   9.4527085e-02  -2.6253749e-01  -6.2466051e-02   3.8613884e-01  -2.9187489e-01  -2.6050556e-01   1.5991321e-01  -2.8311183e-01  -1.9028433e-01   8.1107946e-02  -2.2642249e-02   1.8102078e-01   3.2084764e-01   3.7405948e-01   4.5801677e-01  -1.5336772e-01   4.5226626e-01   4.1859285e-02  -3.8663952e-02  -3.4526102e-01   1.8375738e-01  -4.1986041e-01   8.2710648e-01   4.5969956e-01  -3.1479306e-01  -7.8626019e-02  -1.1351966e-01   1.1334343e-01   6.3056879e-02   6.4746630e-01  -3.5147705e-01  -5.5306321e-01  -3.6612453e-01   5.4817253e-01   3.9146813e-01   1.5088282e-01  -3.4792873e-01   3.2529223e-01  -2.3317469e-01  -3.1809602e-01  -2.4024080e-01   5.5581789e-02  -5.1274300e-04  -1.3291063e-01   2.3004943e-01  -2.6182664e-01   1.4559277e-01   4.5193478e-01   6.6267894e-01   5.1226651e-01   1.5537879e-01   3.1159043e-01  -1.7019003e-01  -2.9251271e-02  -1.9781986e-01  -4.4612440e-01   6.0207203e-02   1.0837408e-01  -3.4679251e-01   3.6245416e-01   6.6536280e-02   5.8226397e-01  -4.3701353e-01  -3.8777357e-01   5.1448863e-01   7.0856219e-01  -1.0562677e-01   1.3483352e-01   1.2511249e-01  -4.0495359e-01   3.1954879e-01   9.0896538e-02   2.1467713e-01   4.3870351e-01  -3.0532641e-01  -2.0574319e-01   2.0114424e-01   5.5280027e-01  -4.4717093e-01  -3.0077429e-01   2.1148368e-01  -3.9723158e-02   1.6347901e-01   2.0530147e-02  -1.1986143e-01   4.2160970e-01
  -5.0492919e-01   0.0000000e+00   6.0467154e-01  -4.9754954e-01   6.3068845e-01  -8.1199392e-02   2.1450105e-01  -5.4167613e-01   7.4962144e-01   7.9906905e-02  -3.3039059e-01   3.8221476e-01   2.2628659e-01  -1.5430218e-01  -5.0502860e-01   3.6434315e-01   7.0848041e-01  -5.1391947e-01  -3.9271279e-01   5.2265960e-01  -2.2060437e-01  -7.1981301e-01  -4.0543162e-01  -6.8694744e-01  -6.2145403e-02  -4.9240855e-01   6.9216183e-01  -5.0927802e-01   2.9350045e-01  -1.6394150e-01   1.7585692e-01  -6.9848044e-01   4.4081022e-01   6.7569573e-02   2.8640382e-01   3.8658059e-01  -2.9779917e-01   5.1670653e-02   5.5344419e-01   6.7890546e-01   1.5983227e-01   1.8104068e-01   6.9553365e-01  -4.0055037e-01   2.2444647e-01  -6.2139053e-01  -1.3110466e-01   4.2025291e-01  -2.6148226e-01   6.9462925e-01  -5.5751740e-01  -6.8884462e-01   4.2576007e-01   1.3332236e-01  -1.1997968e-01  -4.3059165e-01  -4.3698281e-01  -5.4530180e-01  -1.7962569e-02  -2.5442166e-02  -1.0442688e-02  -6.4779692e-02   6.6071496e-01   6.9597209e-01   1.9530510e-01  -2.5007969e-01   3.5027339e-01   3.0345439e-01  -4.6793715e-01  -4.7885959e-01   7.6286603e-01  -1.2472900e-01   4.9795762e-01  -4.1254606e-01   1.6042369e-01  -4.3829136e-01  -1.2010695e-01  -3.6609285e-01   8.0721293e-01   3.2899425e-01  -4.3203192e-01   4.1818228e-01   6.1116541e-01  -5.6470914e-01   3.7093148e-01  -5.5984709e-01   8.5911937e-01  -5.8288811e-01   7.0249729e-01  -5.7021967e-01   7.7342802e-01  -7.9810721e-02   5.8127693e-01   1.3078121e-01  -3.0123067e-01   5.7621944e-01   2.2300341e-02  -3.8599334e-01   3.3190285e-01   2.6792580e-01  -9.3786001e-02  -2.0155202e-01  -6.9011847e-01  -3.7398875e-02  -7.1321632e-01  -6.4919561e-01   3.7490369e-01  -6.7056920e-01  -1.6688638e-01  -6.2200679e-02   4.2386205e-01  -7.0317809e-01   3.9398673e-01  -5.6296637e-01  -4.1705193e-01   7.2803517e-01  -5.0300940e-01   4.5381858e-01  -5.1478447e-01  -5.5299464e-01  -6.5634175e-01   6.4945924e-01   5.1446057e-01   3.4832043e-01  -6.6866035e-01  -7.8962316e-01  -4.9739838e-01   4.3858426e-01  -5.7382156e-01   5.4475936e-01   5.4414448e-01   2.3950829e-01   2.1008452e-01  -2.4932693e-01   3.6318138e-01  -4.3330022e-01   2.7171030e-01  -3.9952015e-01  -6.2283274e-01  -4.9641400e-01  -4.4673444e-01   9.6304639e-02  -7.3237868e-01  -2.2002346e-01  -1.9414540e-01  -4.2615102e-02   7.6270773e-01  -1.7603830e-01  -3.1739439e-01   3.0829532e-01  -2.9279364e-01  -5.1921571e-01  -5.6244125e-01   5.9754709e-01   7.9505656e-01  -5.3504279e-01  -6.6265994e-01  -1.7801631e-02  -8.7226016e-02  -6.5483803e-01   5.0912659e-01  -6.3206322e-01   1.0816138e-01  -4.8408629e-01  -5.9159877e-01   6.5053435e-01   2.8621793e-01  -6.6576360e-01  -3.0881233e-01   8.0316936e-01   5.8205352e-01  -1.4258134e-01  -1.3899423e-01  -3.4808459e-01  -2.3808696e-01   2.6934317e-01  -5.5377784e-01
  -3.1400157e-01   6.0467154e-01   0.0000000e+00  -6.3564199e-01   7.3319701e-01  -8.6057643e-02  -4.7322253e-02  -5.9993728e-01   4.1955046e-01  -6.5171710e-02  -5.1087478e-01   5.9063745e-01   2.4396684e-01  -4.8050185e-01  -5.6661556e-01   2.7157145e-01   9.1085790e-01  -6.3610828e-01  -3.0346334e-01   7.1662662e-01  -4.1704277e-01  -4.4079629e-01  -4.1057844e-01  -4.2751792e-01   4.6374420e-02  -3.2665762e-01   6.0133045e-01  -4.7405424e-01   3.9751825e-01  -4.3094688e-01  -2.5578260e-01  -5.1096427e-01   5.5039511e-01   1.4222683e-01  -9.7332102e-02   3.4185123e-01  -5.4081943e-01   1.6959772e-01   4.4080517e-01   7.2613950e-01  -3.3407449e-02   4.7813495e-01   4.6331228e-01  -6.9264537e-01  -1.5332825e-02  -2.7320848e-01  -3.1315925e-01  -1.9279568e-01  -3.8416963e-01   8.8940896e-01  -6.3103147e-01  -5.5471947e-01   1.0516479e-01   3.3174866e-01  -2.7914254e-01  -6.0676233e-01  -4.0093041e-01  -4.8640343e-01  -3.8145866e-01   5.1257952e-02   4.6827675e-01  -1.5814979e-01   5.2499241e-01   2.8810380e-01  -2.0130642e-01  -4.2571489e-01   9.8703587e-02   4.2994640e-02  -3.5034442e-01  -3.3979689e-02   6.1856472e-01  -2.3862216e-01   1.6352623e-01  -3.7619480e-02   1.6687522e-01  -4.7879358e-01   2.1834946e-01  -2.7912156e-01   6.3780794e-01   2.8875786e-01  -5.7707036e-01   3.0151922e-01   1.2923794e-01  -3.7821726e-01   5.3573773e-01  -4.9868603e-01   4.9230312e-01  -5.3418214e-01   5.0978690e-01  -2.4347251e-01   6.3949997e-01   3.5939660e-01   5.8192640e-01  -2.2862385e-02   6.6371996e-03   8.4363530e-01   1.2889521e-01  -2.4988478e-01   3.3580279e-01   3.4950377e-01  -8.4608528e-02  -2.5703890e-01  -6.4448798e-01   6.7846779e-02  -6.6719875e-01  -3.7908316e-01   3.7555103e-01  -4.9258760e-01  -5.5217414e-01  -6.0156368e-01   2.7321809e-01  -5.2437676e-01   1.6101020e-01  -2.7483683e-01  -2.3927102e-01   3.1544158e-01  -4.9748757e-01   6.5313401e-02  -5.7842377e-01  -4.2446116e-01  -3.8319177e-01   7.8583408e-01   3.5753555e-01  -1.6876150e-02  -2.8563688e-01  -5.3149918e-01  -5.9111373e-01   3.9920895e-01  -4.4242687e-01   7.2933772e-01   4.5970679e-01  -7.9596021e-02   3.8565055e-01  -4.1137044e-01   3.0479603e-01  -3.9869672e-01   4.3929274e-01  -5.5345186e-01  -5.1308094e-01  -2.3446721e-01  -5.1833284e-01   2.2116699e-01  -5.7857320e-01  -2.9293378e-01  -3.1257420e-02  -3.1232173e-01   8.4560094e-01  -4.6907799e-01  -4.1664025e-01  -7.9107220e-03   1.7638253e-01  -5.9618150e-01  -2.9547797e-01   3.7596375e-02   7.5587512e-01  -3.2914557e-01  -3.5505087e-01   7.5810304e-02   2.3587179e-01  -6.2979703e-01   2.8309730e-01  -4.9124096e-01  -3.9598463e-02  -6.0655437e-01  -2.5729480e-01   5.8968741e-01  -1.6721158e-01  -5.4891877e-01  -2.5768764e-01   4.9163760e-01   4.2907344e-01   9.9960491e-02  -3.8272302e-01  -2.7193745e-01  -7.6256537e-02   3.3094980e-01  -2.5270331e-01
   2.3388087e-01  -4.9754954e-01  -6.3564199e-01   0.0000000e+00  -5.4870537e-01   1.7922348e-01   5.3046926e-02   4.8353344e-01  -4.0668405e-01  -1.8466276e-01   1.7507272e-01  -2.8223662e-01  -3.7612421e-01   4.7075314e-01   5.1997127e-01  -2.9489855e-01  -6.3023301e-01   6.4512607e-01   3.0105356e-01  -5.9053670e-01   2.5253476e-01   5.5452365e-01   3.0581381e-01   1.7651733e-01   2.9494297e-01   4.1875417e-01  -5.7347284e-01   5.8566860e-01  -4.3611881e-01   5.3783449e-01   2.8471268e-01   6.8031344e-01  -2.2244155e-01  -1.7689121e-01   9.2280568e-02  -3.6721505e-01   2.6174037e-01  -3.9110576e-01  -5.2894252e-01  -7.0543766e-01  -1.7722000e-01  -1.1666045e-01  -3.3921121e-01   6.0682490e-01   1.0469716e-01   2.3636086e-01   2.3486932e-01   1.1003600e-01   5.2334051e-01  -7.1863169e-01   6.4618492e-01   5.2311740e-01  -1.9523222e-01  -3.3447498e-02   2.9318380e-01   5.6104471e-01   3.7965270e-01   5.3770032e-01   3.8087815e-01   8.4158048e-02  -2.2575247e-01   1.8986922e-01  -3.6832374e-01  -4.2094145e-01   1.0169612e-01   2.4121768e-01  -8.2819141e-02   2.7765716e-01   3.5555402e-01   8.3606481e-02  -6.0432472e-01   3.5696574e-01  -3.0464833e-01   3.2890791e-02  -6.0033802e-02   4.9685037e-01  -2.1206931e-01   3.7091056e-01  -6.8751549e-01  -3.1605036e-02   6.3892201e-01  -5.5275010e-01  -1.9147938e-01   4.5050347e-01  -5.5710207e-01   5.5941937e-01  -4.9892205e-01   4.5980496e-01  -3.4316899e-01   7.7797910e-02  -6.7031521e-01  -1.0774856e-01  -5.4548226e-01   8.9442615e-02  -8.0193659e-02  -7.6759196e-01  -1.1043571e-02   3.2953153e-01   7.8433620e-04  -3.7606574e-01   8.3136274e-02   2.8208720e-01   6.3731451e-01   1.0608469e-01   7.1127733e-01   5.1750858e-01  -7.5334550e-02   6.1225249e-01   4.0019911e-01   2.7472565e-01  -3.5010527e-01   6.7469349e-01   4.5667045e-02   1.0734685e-01   2.9897848e-01  -4.8130965e-01   5.4072825e-01  -1.7208412e-01   4.9515206e-01   7.1384719e-01   2.5366488e-01  -7.2511257e-01  -3.4330069e-01   2.2295474e-02   2.0599219e-01   5.3309024e-01   6.5393857e-01  -3.2757282e-01   5.3018119e-01  -4.5702670e-01  -5.2818316e-01  -5.6197171e-02  -1.5033851e-01   2.5847401e-01  -1.5876916e-01   3.1048800e-01  -4.2166383e-01   6.3326458e-01   4.7642130e-01   1.4080271e-02   2.6822024e-01  -2.5078974e-01   6.2781951e-01   4.3027857e-01   4.5235317e-02   2.6195220e-01  -6.7809436e-01   1.7991711e-01   2.3121512e-01  -1.7016763e-01  -1.3355005e-01   6.0853758e-01   3.9216727e-01  -2.4265984e-01  -6.9968386e-01   1.0497932e-01   2.8408302e-01  -3.3729900e-02   2.1519115e-02   6.2607772e-01  -2.3171909e-01   4.9942317e-01  -1.4134777e-01   6.9599925e-01   4.1869006e-01  -6.2259740e-01  -9.4750383e-02   5.9437970e-01   3.5472515e-01  -5.5873333e-01  -4.1800593e-01  -2.0979040e-01   2.1819738e-01   2.8737424e-01   1.4073018e-01  -2.5290996e-01   3.7535393e-01
  -2.6546750e-01   6.3068845e-01   7.3319701e-01  -5.4870537e-01   0.0000000e+00  -2.0799918e-01  -8.1525869e-02  -4.9470944e-01   3.8061639e-01  -6.7814530e-02  -2.6300028e-01   3.6288382e-01   2.9393843e-01  -4.6079681e-01  -6.5963266e-01   2.8181950e-01   8.0169335e-01  -5.7776054e-01  -3.8175328e-01   8.7823551e-01  -4.1506445e-01  -5.0940744e-01  -5.4494001e-01  -3.2477078e-01  -1.1829628e-01  -3.5005535e-01   7.1061671e-01  -6.1479775e-01   3.3388288e-01  -3.5092696e-01  -2.8545067e-01  -5.6982828e-01   4.3008974e-01  -8.8820982e-02  -1.3139580e-01   6.3735512e-01  -4.7379657e-01   2.4972857e-01   4.3907713e-01   5.7081267e-01   2.6842137e-01   3.7213643e-01   2.8578671e-01  -4.3246405e-01   1.6615665e-02  -2.5029824e-01  -1.5518552e-02  -1.6111611e-01  -4.0250666e-01   7.9259235e-01  -6.4967102e-01  -5.3639796e-01   1.1502353e-01   1.8432602e-01  -2.5388870e-01  -4.7831454e-01  -4.6856200e-01  -4.6590097e-01  -1.8705836e-01  -5.4830372e-02   3.5507160e-01  -1.9720852e-01   5.2786351e-01   3.5600905e-01  -2.7193104e-01  -3.1175579e-01   1.4708000e-01   1.6469319e-01  -2.5175627e-01  -1.1211654e-01   5.4167673e-01  -3.1168496e-01   2.0642282e-01  -2.2379440e-01   5.8270354e-02  -4.2536314e-01   2.6284234e-01  -2.5755490e-01   7.4643026e-01   4.1716060e-01  -5.9648174e-01   2.1575197e-01   2.4506297e-01  -3.7172389e-01   3.8533673e-01  -5.2530013e-01   3.9609165e-01  -4.6402836e-01   4.9891036e-01  -2.4075377e-01   7.8030911e-01   2.8611177e-01   5.0293641e-01  -5.8191493e-02   1.2738399e-01   8.3205087e-01   1.2644827e-01  -3.7592129e-01   3.5699668e-01   4.7145541e-02  -2.5738422e-01  -2.3874367e-01  -5.7412480e-01  -5.9867782e-02  -6.4408797e-01  -4.1061017e-01   3.2566774e-01  -5.1217618e-01  -4.5337386e-01  -4.1108387e-01   3.5072137e-02  -5.3574316e-01   1.8811754e-01  -2.4468436e-01  -2.9220644e-01   4.1477216e-01  -3.9960246e-01   1.9974033e-01  -4.8426943e-01  -4.2845678e-01  -2.9783463e-01   7.9851710e-01   3.2507791e-01  -4.1414865e-03  -2.9455654e-01  -5.3647015e-01  -5.8480417e-01   3.6420654e-01  -4.5673434e-01   5.7970164e-01   5.3591453e-01  -1.0414550e-01   2.7857397e-01  -5.1312652e-01   1.2509012e-01  -2.6192716e-01   3.2810478e-01  -5.4786179e-01  -4.9833075e-01  -1.4697809e-01  -3.3176985e-01   3.0016790e-01  -5.5645086e-01  -2.9770796e-01  -3.7277285e-01  -2.8702627e-01   6.4640911e-01  -1.2887335e-01  -2.8264662e-01  -2.0242017e-01   7.0427119e-02  -5.6288799e-01  -2.9700664e-01   2.0567965e-01   6.1553294e-01  -2.4308409e-01  -3.6937772e-01   7.4234669e-02   2.4260661e-01  -5.5475523e-01   4.0779696e-01  -3.7739035e-01   1.8617255e-01  -5.3477533e-01  -2.8504965e-01   5.8661399e-01   1.1882284e-01  -5.1349131e-01  -2.8379874e-01   5.9935693e-01   5.2685372e-01   1.0852412e-01  -1.5699429e-01  -4.2778600e-01  -1.1588398e-01   2.7927886e-01  -3.0686749e-01
   8.5491378e-03  -8.1199392e-02  -8.6057643e-02   1.7922348e-01  -2.0799918e-01   0.0000000e+00   6.1316622e-01   6.0052182e-02  -3.0641376e-01   3.3337265e-02  -4.2996078e-01   3.2602411e-01   2.0925796e-01   1.8539116e-01   1.3368040e-01   1.5333763e-01  -1.6778787e-01   1.0601692e-01  -1.1534499e-01  -8.6289338e-02  -3.0367390e-01  -3.9760056e-02  -7.7787285e-02  -9.1975161e-02   1.8262236e-01   2.2741394e-01   1.8449190e-01   4.1708044e-01  -4.9169762e-03   5.6807321e-01  -1.3839360e-02  -6.3985358e-02  -1.1175836e-01  -1.6666289e-01   2.1390209e-01  -9.3318603e-02   3.4167735e-02  -2.5183562e-01  -6.2191665e-03  -2.4508087e-01  -7.8608733e-02  -1.5828443e-02  -5.2557776e-02  -1.1832403e-02  -1.1387085e-02  -4.0286606e-02   1.2600641e-01   1.8964401e-01   1.3017973e-01  -2.6670233e-01   2.3530430e-01   3.5023878e-01  -3.0227953e-01  -9.9506708e-02  -1.3667782e-01   2.9985645e-01   2.5352991e-01  -2.3587307e-01  -9.2971734e-02   4.2361262e-01  -3.6106234e-01   2.4485244e-01  -3.4411166e-01  -2.9615119e-01  -1.4811183e-01   3.2427740e-01   6.0499751e-01   1.6994647e-01   3.5776479e-01   1.7656059e-01  -2.8942493e-01   4.0319281e-01  -7.1630077e-03   2.2057073e-01  -4.4360443e-01  -1.3730482e-01  -3.1553631e-01   8.0531704e-02  -2.4496698e-01  -3.2120728e-01   3.5415956e-01   5.1175929e-02  -2.4166393e-01   6.3233757e-02  -1.2544774e-01  -7.2552950e-03  -2.0711047e-01  -7.0626876e-02  -1.2520481e-01   1.0076338e-02  -3.9199274e-01  -3.5171194e-01  -1.3849987e-01   3.7254491e-01  -2.3409836e-01  -3.1064340e-01   2.8449146e-01   9.6618277e-02  -1.1091753e-01  -2.7706979e-01  -3.1269561e-01   2.2156758e-01   1.8388222e-01   1.2809711e-01   2.8203008e-01  -6.2184564e-02  -2.7046486e-02   3.4164493e-01   6.4046057e-02   5.8852759e-02  -1.9480203e-01   2.8377555e-01  -9.2031831e-02  -1.1052389e-03  -5.5427867e-02  -3.8901436e-01   2.0610075e-01   9.8212386e-03   3.6449760e-01   2.5265867e-01  -1.8648696e-01  -2.9274335e-01  -7.5336660e-02   1.7164316e-01   2.6574713e-02   9.2834365e-02   3.8149689e-01  -3.5809945e-01  -6.7054578e-02   2.1299940e-01  -5.0909488e-02  -3.2414050e-01  -3.8846537e-01  -1.9965266e-01   2.5674869e-03  -5.4578004e-02  -7.4751617e-02   2.4506971e-01  -4.2797454e-03  -1.8841679e-01   1.5428684e-01   3.9161698e-02   1.3812113e-01   6.0796069e-01   8.7763225e-02  -2.9959928e-01  -5.6686429e-02   1.3998249e-01   3.0884087e-01  -2.2365660e-01  -7.6937597e-02   2.0964706e-01  -2.0725771e-01  -3.9028550e-01  -1.3774884e-01  -1.5166237e-01  -1.4325861e-01   1.1442400e-01  -5.1083916e-01   2.3296622e-01   1.7115690e-01  -1.8989695e-02  -1.6146519e-01   2.1911579e-01   7.8234882e-02  -3.6154763e-01   1.0208682e-01   1.0464696e-01  -1.1502002e-01  -3.9758769e-01  -6.4476849e-02  -3.4047748e-01   1.5921200e-01   3.7591514e-01   1.5898532e-01   2.1488036e-01   7.3186676e-03
  -2.0978191e-01   2.1450105e-01  -4.7322253e-02   5.3046926e-02  -8.1525869e-02   6.1316622e-01   0.0000000e+00  -1.1204746e-01  -6.6702238e-02   5.6498580e-01  -2.0036226e-01   4.4455350e-01   4.7263492e-01   2.8097299e-01   1.9859723e-01   1.7021328e-01  -1.4351516e-01   2.0567431e-01  -4.4523800e-01   1.3314266e-01  -1.3150949e-01  -2.3287040e-01   1.3285395e-01  -4.0288926e-01   8.6519541e-02  -2.5946221e-01   1.6844214e-01   1.4710440e-01  -9.6070718e-02   5.4984698e-01   1.2022892e-01  -1.9607464e-01  -1.6050933e-01   1.6977427e-01   6.0434807e-01   2.0718102e-01   1.7919739e-01  -4.8012679e-01   9.1355104e-02  -1.7820888e-01   1.9290658e-01  -1.7995553e-01   2.9085466e-01   3.2981089e-02   2.6116199e-01  -4.7939531e-01   2.7555760e-01   5.4487792e-01   1.8428065e-01  -2.4865681e-01   2.9698191e-01  -4.2576752e-03  -1.2786846e-01  -8.3913237e-02   7.3985717e-02   3.0078836e-01  -1.3577419e-01  -3.0189598e-01   1.8885193e-01   4.8478556e-01  -5.4154409e-01   5.2043002e-01  -1.7374328e-01  -1.3226557e-01  -1.2882487e-02   5.9970176e-01   4.3423805e-01   2.4661695e-01   1.0679128e-01  -3.9983278e-02  -6.4511711e-02   5.0556941e-01   3.1391369e-01   2.9299028e-02  -1.9579234e-01  -3.0255850e-01  -4.6840167e-01  -1.9572240e-01  -7.4595699e-03   7.9817401e-02   2.6510594e-01   2.7225168e-01   1.1276188e-01  -3.4727988e-01  -6.0992546e-02  -1.4746754e-01   1.1040224e-01  -6.8055250e-02  -1.0621147e-01  -4.2796204e-01  -1.0836719e-01  -4.9927872e-01   2.4833216e-01   5.0741441e-01  -5.8645396e-01  -1.9917914e-01   5.0600447e-01  -3.1631909e-01   2.0402745e-02   8.8272946e-02  -4.7591061e-01   5.3374041e-01  -1.2000047e-01   1.2543795e-01   2.1572650e-01  -2.0294476e-01   9.3398916e-02  -2.8198001e-02   2.7425214e-01   3.1524966e-01   9.9833166e-02   3.9949589e-02   2.7349372e-02  -3.6897440e-01  -2.4431247e-01  -1.4666474e-01   1.6267931e-01   3.5840910e-01   1.9167530e-01   1.6207497e-01  -4.9409219e-01  -5.5372249e-02   1.2411731e-01   1.8494573e-01  -4.1939118e-01  -2.1918521e-01   3.7784799e-01  -1.1300839e-01  -8.1054396e-02   2.3521489e-01   1.7149373e-01   1.9407274e-02  -3.9679169e-01  -1.1207615e-01   1.3232308e-01  -2.7878760e-01   1.3233654e-01   1.8038975e-01  -1.9089306e-01  -5.1360639e-01   1.1537261e-01   2.5362549e-01   5.2109579e-02   5.2621193e-01   2.3263601e-01  -2.0321869e-01   1.7449787e-01   3.3515753e-01   5.0330871e-01   6.0352302e-02  -3.0487003e-01  -7.5488267e-03  -3.4767459e-01  -4.6014978e-02   9.0714770e-02  -5.6245616e-01  -2.7103013e-01   2.1637928e-01  -6.1716847e-01  -1.1288128e-02   2.3615532e-01  -2.8894030e-01   1.2980490e-02   2.0374831e-01  -2.7111018e-01  -8.9701654e-02   4.3489669e-01  -1.6248846e-01  -5.7112852e-02  -6.9710064e-02   1.7198199e-01  -5.9623290e-01   2.9808315e-01  -1.8150566e-03   9.9127495e-02   2.0760097e-01  -2.3873442e-01
   3.0036561e-01  -5.4167613e-01  -5.9993728e-01   4.8353344e-01  -4.9470944e-01   6.0052182e-02  -1.1204746e-01   0.0000000e+00  -4.3732645e-01  -2.3696875e-01   2.3363771e-01  -3.4097526e-01  -4.6315523e-01   2.3907490e-01   3.5470281e-01  -3.9620792e-01  -5.1452974e-01   4.0227817e-01   3.2712134e-01  -4.9430166e-01   2.0880166e-01   5.8638144e-01   5.2718350e-02   2.9345241e-01   4.4182376e-02   4.5130759e-01  -4.3594715e-01   3.8158548e-01  -3.1593072e-01   1.9934852e-01   1.1585105e-01   5.3103754e-01  -3.0785420e-01  -3.7434184e-01  -1.3264233e-01  -4.3572021e-01   4.0504538e-02   5.5611719e-02  -5.6338825e-01  -6.0488448e-01  -2.8124005e-01  -2.7819597e-01  -4.6631388e-01   4.1898132e-01  -7.2365426e-02   4.1489119e-01   1.5024023e-01  -1.7026045e-01   2.0612890e-02  -5.5157369e-01   4.4944093e-01   6.4807164e-01  -3.0001247e-01  -1.8675405e-01   1.8639559e-01   4.0394161e-01   3.9554994e-01   5.5354219e-01   2.1858663e-01   1.2953586e-01  -1.9907419e-01  -1.5715675e-01  -4.4706513e-01  -2.6555105e-01  -4.0705903e-02   1.3299781e-01  -1.9134186e-02  -1.5484613e-01   4.1858683e-01   1.0558060e-01  -5.5618312e-01   2.3249725e-01  -3.3664711e-01   1.7070573e-01  -3.2059451e-01   5.2351104e-01   1.5347890e-01   2.7886953e-01  -5.6233699e-01  -2.3014429e-01   3.6806228e-01  -3.5214939e-01  -3.5147417e-01   7.3297184e-01  -2.1591313e-01   4.0459136e-01  -4.8495130e-01   3.0150889e-01  -3.4272559e-01   2.9841715e-01  -5.7046827e-01  -2.3164786e-02  -6.2473541e-01   1.1014316e-01   3.0606516e-01  -6.2115729e-01  -1.5634723e-01   2.9473594e-01  -2.4074413e-01  -3.6464225e-01   1.8976248e-01   2.8839112e-01   6.2101416e-01   1.2820816e-01   5.7764454e-01   5.0286118e-01  -2.0233249e-01   6.6407334e-01   2.2119098e-01   1.6954237e-01  -4.5546866e-01   5.3121973e-01  -1.9665529e-01   4.1700769e-01   2.8522627e-01  -3.5394045e-01   3.9457775e-01  -3.6917984e-01   4.0053650e-01   3.8525685e-01   5.5383763e-01  -6.1784555e-01  -4.0218699e-01  -6.1350383e-02   3.8676139e-01   4.1011296e-01   4.6546496e-01  -4.9375787e-01   5.5785795e-01  -5.4595480e-01  -5.4011586e-01  -2.9699089e-01  -1.1209633e-01   1.0714495e-01  -1.0231058e-01   4.7635290e-01  -4.7900451e-01   4.6705321e-01   5.5825725e-01   2.7853705e-01   1.7584266e-01  -2.0554148e-01   5.1344773e-01   7.9033744e-02  -1.3706813e-01   4.2593680e-02  -6.6941366e-01   1.4916924e-01   1.1049315e-01  -2.3574194e-01   1.1346316e-02   6.2159559e-01   3.1425068e-01  -1.3263685e-01  -6.4177785e-01   3.8141440e-01   4.1419410e-01  -9.8051814e-02  -3.9922401e-03   5.3897134e-01  -2.4521686e-01   5.8890523e-01  -8.8318844e-02   4.5287115e-01   4.8023547e-01  -6.6138499e-01  -4.1971049e-02   5.5193588e-01   2.4592642e-01  -5.7290254e-01  -3.8402849e-01   1.3185718e-01   2.0410219e-01   2.7503254e-01  -1.1011233e-01  -2.8163115e-01   4.0975252e-01
  -3.6287609e-01   7.4962144e-01   4.1955046e-01  -4.0668405e-01   3.8061639e-01  -3.0641376e-01  -6.6702238e-02  -4.3732645e-01   0.0000000e+00  -5.1899158e-02  -2.0819408e-01   2.0849253e-01   1.2033078e-01  -4.8301592e-04  -3.7081235e-01   3.4571328e-01   4.9941199e-01  -3.6752181e-01  -1.6620044e-01   2.7666604e-01  -7.3441341e-02  -5.3947743e-01  -2.2083146e-01  -3.5458038e-01  -3.4121089e-01  -3.6369683e-01   3.1463640e-01  -3.5755466e-01   2.0170453e-01  -2.4711664e-01   2.3032657e-01  -4.7536936e-01   3.3038597e-01   3.5134289e-02   1.9410056e-01   1.6163129e-01  -2.1752429e-01   1.4600669e-01   4.7155076e-01   5.2891462e-01   2.0349839e-01   7.9167861e-02   5.7485185e-01  -3.6403933e-01   2.3224977e-01  -3.6430973e-01  -1.9445890e-01   2.4105073e-01  -2.4117113e-01   5.4249950e-01  -4.5605412e-01  -5.5121909e-01   3.4408937e-01   8.2818261e-02  -4.3564664e-02  -3.7832885e-01  -2.8698139e-01  -3.4509676e-01   1.0073263e-01  -9.9361608e-02   1.4209522e-01   2.8554274e-03   5.2997665e-01   6.6955959e-01   2.5489092e-01  -2.9791806e-01  -6.0749286e-04   8.4128449e-02  -5.4406376e-01  -3.2268060e-01   5.6424731e-01  -2.2741992e-01   3.5357648e-01  -2.5566767e-01   2.6198901e-01  -2.0973883e-01   8.4570570e-04  -2.8130822e-01   5.9143201e-01   2.7524770e-01  -4.0049711e-01   2.6817336e-01   4.7614528e-01  -4.8686154e-01   3.5369362e-01  -3.3405705e-01   7.7299090e-01  -4.5700098e-01   5.4906827e-01  -2.8192281e-01   5.8174992e-01   9.6058433e-02   4.2119723e-01   2.0864032e-01  -1.9040146e-01   4.5735085e-01   3.7464895e-02  -1.9941300e-01   3.4421010e-01   2.3159853e-01   1.3970563e-01  -3.0011211e-01  -4.9954116e-01  -1.8969097e-02  -5.3328008e-01  -4.5352076e-01   2.0934007e-01  -6.3814140e-01  -1.4527903e-01  -1.4448483e-01   3.0637761e-01  -6.1430677e-01   4.3812036e-01  -3.3650138e-01  -2.7022105e-01   5.8644183e-01  -3.7208107e-01   4.4505977e-01  -3.3184966e-01  -4.7093957e-01  -4.2649661e-01   4.7912824e-01   5.0111788e-01   4.2852159e-01  -3.7331015e-01  -4.8648156e-01  -3.6442798e-01   4.2582298e-01  -4.1749882e-01   2.4459768e-01   4.6261272e-01   2.4994930e-01   3.1965347e-01  -1.2046247e-01   4.2509245e-01  -1.2842449e-01   3.1055947e-01  -4.1059313e-01  -2.9617285e-01  -2.7363708e-01  -3.4403495e-01  -9.6335208e-02  -6.1222522e-01  -2.7208737e-01  -8.6978430e-02   1.8566248e-01   4.9696059e-01  -2.3744126e-01  -4.4025849e-01   3.6338863e-01  -6.8288059e-02  -4.8351851e-01  -3.3101949e-01   5.4787878e-01   5.7167482e-01  -2.2211053e-01  -3.3844591e-01  -2.1733986e-02   1.2719752e-01  -4.9388116e-01   4.3641198e-01  -3.9573587e-01  -4.0114287e-02  -3.2262222e-01  -5.4813810e-01   4.6103737e-01   1.3056139e-01  -4.6538319e-01  -5.9034146e-02   7.4607621e-01   2.4201126e-01  -8.6764592e-02  -1.8519261e-02  -1.5838246e-01  -1.7907329e-01   1.3073798e-01  -4.2795227e-01
  -7.5612015e-02   7.9906905e-02  -6.5171710e-02  -1.8466276e-01  -6.7814530e-02   3.3337265e-02   5.6498580e-01  -2.3696875e-01  -5.1899158e-02   0.0000000e+00   1.2821982e-01   4.8053351e-02   5.3378371e-01   5.6462785e-02   1.2586134e-01  -3.9894125e-02  -1.8556581e-01   1.8848163e-01  -3.6578642e-01   1.0969522e-01   5.2579322e-02  -2.6903708e-01   4.2430950e-01  -9.4138826e-02  -4.8956914e-02  -4.0935134e-01  -2.1153392e-02  -4.6764415e-02  -2.9939308e-01   1.0932605e-01  -6.1204010e-02  -1.5758964e-01  -3.5659343e-01   5.2923996e-01   3.4165414e-01   3.4283131e-01   2.6259214e-01  -4.0568417e-01   3.9111009e-03   3.0913323e-02   2.6824988e-01  -3.4813986e-01   1.6928294e-01   3.2264013e-02  -5.0146311e-02  -3.5513728e-01   1.1581614e-01   3.8653654e-01   9.3887682e-02  -2.0295759e-01   1.8145599e-01  -1.1677085e-01   6.1474659e-02  -2.4261707e-01   2.0899601e-02   1.7960495e-01  -2.4702716e-01  -8.4035064e-02   8.3456649e-02   1.3415338e-01  -4.2255134e-01   4.2940278e-01  -2.0050465e-01  -9.8193127e-02  -3.9663197e-02   6.0806300e-01  -3.6523812e-02  -1.3355607e-02  -1.7917846e-01   9.5948964e-02   1.2103326e-01   1.7388345e-01   3.5452072e-01   3.8187308e-02  -1.6218365e-02  -2.0461040e-01  -4.0550391e-01  -2.8535974e-01   6.4184623e-02   1.0300543e-02   1.0621961e-01   3.4148319e-01   1.2889181e-01  -4.2691697e-01   1.3782187e-02   7.3623508e-03   7.8510734e-02   2.0383835e-01  -2.6131766e-01  -2.9854437e-01   6.6520163e-02  -4.3353394e-01   4.6564761e-01   1.7572711e-01  -4.5286576e-01  -4.0287541e-02   2.1888167e-01  -3.9322751e-01  -1.4148113e-01   4.2340206e-01  -2.0295856e-01   1.8216673e-01  -1.9438753e-01  -7.1834774e-02   1.0167886e-01  -1.0424567e-01  -2.6971768e-01  -2.8931236e-01   3.7851489e-01   2.4261007e-01   3.0216539e-01  -1.2131625e-01  -2.1300279e-01  -1.9349688e-01  -3.2341384e-03   4.1889418e-02   3.0794751e-02   3.3687619e-01   1.2521264e-01  -1.2930087e-01  -2.1912668e-01   5.1815554e-02  -4.4278539e-03  -1.8755606e-01  -3.5852460e-01  -1.5451849e-01   4.1124474e-02  -6.3269423e-02  -9.4772319e-02   1.5717399e-01   2.1343152e-01   3.4108313e-01  -3.9486122e-01   5.4598744e-02  -1.1184751e-01  -2.6793746e-01   1.1699064e-01   1.7079256e-01  -1.0354176e-01  -1.9743760e-01   2.5480285e-01   2.9617626e-01   9.6685043e-02   1.5602656e-01   2.3996464e-01  -1.4550612e-01   1.8529239e-01   3.0052627e-01   5.1385088e-01   2.9864399e-01  -9.9836013e-02  -2.0389638e-01  -1.8814074e-01   4.8702837e-02   1.4462758e-01  -3.0118347e-01  -1.9174917e-02   5.4022611e-02  -4.6613596e-01  -1.6079911e-01  -1.5946370e-01  -3.3362547e-01   1.7490758e-01   1.4901945e-02  -3.4063153e-01   1.8915823e-01   3.2120892e-01  -1.7650646e-01   1.4053646e-02   9.9748694e-02   1.5748785e-01  -2.4751231e-01   1.4698105e-01  -1.8408051e-01   8.9645322e-02   5.7011715e-02  -3.3685482e-01
  -1.9353188e-02  -3.3039059e-01  -5.1087478e-01   1.7507272e-01  -2.6300028e-01  -4.2996078e-01  -2.0036226e-01   2.3363771e-01  -2.0819408e-01   1.2821982e-01   0.0000000e+00  -5.2118229e-01  -1.2268216e-01   1.9138433e-01   2.5690943e-01  -1.7418773e-01  -3.9090830e-01   3.8212750e-01   1.5217635e-01  -3.8590455e-01   5.8218657e-01   3.0620181e-01   2.3267900e-01   1.4217928e-01  -1.1198979e-01  -1.1159275e-01  -4.9590610e-01  -1.3607260e-01  -1.0616425e-01  -2.4955076e-02   1.4413434e-01   3.2952098e-01  -3.6180840e-01   2.4654123e-03  -2.3632695e-02  -3.4173928e-03   5.0236533e-01   2.8835328e-03  -1.8148078e-01  -2.5534067e-01   1.6848207e-01  -3.2508306e-01  -4.2547234e-01   5.5007387e-01  -1.1848317e-01   6.1596009e-02   2.9379664e-01   3.2694601e-02   2.0117834e-01  -3.2290426e-01   2.9345711e-01  -3.3441637e-02   1.2420778e-01  -2.1059616e-01   1.9128365e-01   1.9167904e-01   6.5609039e-02   4.1293180e-01   2.8117071e-01  -1.8460777e-01   6.6753907e-02  -6.4447479e-02  -8.9717262e-02  -4.4021848e-02   1.3436830e-01   1.6819177e-01  -3.2217138e-01  -1.0561145e-01   2.9698099e-01  -1.5899921e-01  -1.9522695e-01  -1.1613975e-02   1.2375353e-01  -1.6516697e-01   1.8066816e-01   2.7946907e-01   4.6638309e-02   1.5396687e-01  -2.0112002e-01   1.3542789e-01   1.1647787e-02  -1.2222498e-01   2.1504468e-01   5.3514333e-02  -2.2023261e-01   2.7866402e-01  -3.1537615e-01   2.7876120e-01  -1.9835288e-01  -2.9227595e-02  -1.1335876e-01  -1.0684113e-02  -1.5383507e-01  -3.1168800e-01   2.9023873e-02  -2.4530800e-01  -7.2266078e-02  -3.7253763e-02  -1.1881715e-01  -9.6677053e-02   1.2647870e-01   1.5719156e-01   2.1281432e-01  -2.0835568e-01   2.9899800e-01   2.7219217e-01  -2.7246878e-01   4.2887836e-02   1.7285358e-01   5.7024445e-01   1.0220256e-01   1.0943421e-01  -6.7566298e-02  -5.1399641e-02   3.1464384e-02   3.4481732e-02   2.0688764e-01  -4.1718533e-02   6.0248104e-02   8.3356869e-02   1.1145706e-01  -2.1369753e-01  -2.0177909e-01  -5.5519732e-02  -6.2036039e-03   1.5330284e-01   6.5833161e-02  -4.4859086e-02   3.1232736e-01  -5.2745587e-01  -1.3886825e-01   2.5232101e-01  -8.6939948e-02   5.9716628e-01  -2.7874873e-01   1.9098233e-01   9.9863486e-03   1.3739990e-01   1.7088978e-01   3.3257832e-02   2.1319174e-01  -9.7148989e-02   3.5287773e-01  -1.4686113e-01   6.6144933e-02   4.7719902e-01  -4.0264433e-01   4.4403860e-01   3.0247925e-01   1.9674680e-01  -1.3959454e-01   2.3482922e-01   2.0507243e-01   3.0640825e-01  -2.2128947e-01   3.7691384e-02   7.3810175e-02   4.3572827e-02   9.6397250e-02   2.0529203e-01  -2.8373171e-01   2.8667224e-01   3.8498281e-01   2.1946033e-01   9.0413135e-02  -1.3250827e-01   2.3236486e-01   2.6182605e-01  -1.5721853e-02  -5.0832128e-02  -1.2155983e-01  -2.5945705e-02   1.7517518e-01  -1.3383207e-01  -1.7609677e-01  -2.0741532e-01   1.8623959e-01
  -1.8881567e-01   3.8221476e-01   5.9063745e-01  -2.8223662e-01   3.6288382e-01   3.2602411e-01   4.4455350e-01  -3.4097526e-01   2.0849253e-01   4.8053351e-02  -5.2118229e-01   0.0000000e+00   3.3231410e-01  -3.5072641e-02   2.1242661e-02   2.2761034e-01   4.6093137e-01  -2.6053964e-01  -3.8173567e-01   5.5132374e-01  -5.4231180e-01  -3.5268252e-01  -3.2181193e-01  -3.5600807e-01   2.3506291e-01  -2.3622111e-01   3.0945641e-01  -1.1882963e-01   2.9729641e-01  -1.2697216e-02   9.0694096e-02  -3.1550340e-01   2.4992540e-01   1.4049519e-01   3.4536517e-01   1.2989943e-01  -4.2748191e-01  -1.6540353e-01   1.5265580e-01   2.0738607e-01  -4.7445567e-02   4.1559992e-01   4.9011387e-01  -3.2180655e-01   1.3930902e-01  -2.8650831e-01  -4.7241874e-02  -1.4070722e-01  -1.5674039e-01   3.8132698e-01  -1.9952504e-01  -1.1040281e-01  -3.4440866e-01   3.7517256e-01  -8.5853089e-02  -2.2848964e-01  -1.7084084e-01  -4.6603689e-01  -2.0314820e-01   5.9917042e-01   1.1999734e-01   1.0504535e-01   3.6139619e-01  -1.2957016e-01  -2.9825089e-01  -1.6730670e-02   2.5890747e-01   1.0334267e-01  -4.3120283e-02   1.1981954e-01   6.1924709e-02   1.8522020e-01  -2.5234018e-02   3.9435017e-01   4.9417864e-02  -3.8909763e-01  -3.8226703e-02  -3.0887293e-01   2.1873803e-01   2.3139742e-01  -2.9555485e-01   8.8095410e-02   9.8308430e-02  -3.1462776e-01   5.2948211e-01  -2.9328633e-01   2.9304167e-01  -3.7804630e-01   1.5637231e-01  -2.0792547e-01   1.5539540e-01   1.6214518e-01   4.5552237e-01   3.3758439e-01  -2.3884213e-01   4.1713778e-01   4.4625532e-01  -2.2159576e-01  -9.5228178e-04   7.4160700e-03  -1.0226310e-01   2.8874426e-01  -4.1464423e-01   2.5182997e-01  -2.4142020e-01  -2.5941958e-01   5.2673743e-01  -7.8166215e-02  -4.7968035e-01  -3.6963691e-01   5.5909839e-03  -3.0606358e-01   8.3036273e-02  -2.2954735e-01  -9.8260860e-02  -8.4862341e-02  -2.5231186e-01   2.5735123e-02  -1.3989129e-01  -1.1170795e-01  -4.1939253e-01   4.6299786e-01   2.9152091e-01  -1.3098619e-02  -1.9565758e-01  -3.5446919e-01  -4.7703425e-02   2.4372219e-01  -2.2565113e-01   5.5242349e-01   2.2304680e-01  -3.1468539e-01   3.7589835e-01  -3.3583738e-01   5.9766026e-01  -3.7516331e-01   4.5085863e-01  -3.0815585e-01  -3.0071376e-01  -3.5909553e-01  -3.6278812e-01   3.5476904e-01  -3.0238338e-01   1.7082603e-01   1.1453247e-01  -3.8221056e-01   4.5691878e-01  -2.9045949e-01  -6.1005284e-02  -2.7899576e-01   2.2994343e-01  -3.0169686e-01  -1.3371006e-01  -2.6966683e-01   4.0627541e-01  -4.1344997e-01  -2.8052739e-01   1.3411068e-01   1.4485205e-03  -4.0148789e-01   3.4642336e-01  -3.0931128e-01  -1.5711235e-01  -2.7268144e-01  -2.6514282e-01   1.4599574e-01   4.5846850e-02  -3.5115263e-01  -6.2296474e-02   1.5023777e-01   1.3343258e-01  -2.1146006e-01  -9.9991786e-02   3.5908978e-02  -1.9517977e-02   3.9236642e-01  -1.8760719e-01
  -4.0625792e-02   2.2628659e-01   2.4396684e-01  -3.7612421e-01   2.9393843e-01   2.0925796e-01   4.7263492e-01  -4.6315523e-01   1.2033078e-01   5.3378371e-01  -1.2268216e-01   3.3231410e-01   0.0000000e+00  -7.3546769e-02  -2.1008304e-01   1.4391897e-01   1.3035900e-01  -8.4779392e-02  -4.9147194e-01   5.0666487e-01  -1.5633391e-01  -3.8993921e-01   1.6367346e-02  -7.6258030e-02  -1.3386758e-01  -4.6791877e-01   2.7593516e-01  -2.7685014e-01   1.7701752e-01   4.6659781e-02  -2.2645928e-01  -4.1539924e-01  -2.4047798e-01   2.5550650e-01   9.1926689e-02   4.5778510e-01   6.9475095e-02  -2.1742666e-01   2.8660523e-01   1.3171576e-01   6.9147930e-01  -1.2248679e-02   1.3029825e-01  -2.3977220e-01   8.8359529e-02  -3.9611824e-01   1.8211778e-01   1.4585167e-01  -4.0151550e-02   1.4633110e-01  -1.8571524e-01  -1.9894481e-01  -1.3993459e-01  -1.6915836e-01  -1.7922266e-01   1.7347072e-02  -4.7316148e-01  -3.4847341e-01  -4.2214809e-02   3.4519079e-01  -1.3781419e-01   2.9487581e-01   8.5472876e-02  -8.4954929e-02  -4.9938941e-02   3.7636576e-01   1.0830276e-01   4.4657906e-02  -5.5702629e-02   1.1005403e-01   1.3319668e-01   2.2568990e-01   4.1498838e-01   2.4414326e-02  -8.7839360e-02  -3.2710841e-01  -2.1138756e-01  -4.2423975e-01   3.2430631e-01   1.9332406e-01  -1.3275300e-01   4.2504404e-01   9.6152503e-02  -5.8945128e-01  -7.5303705e-03  -1.6338750e-01   9.5580196e-02  -1.2209481e-01  -1.0528986e-01  -1.7788377e-01   2.6607697e-01  -2.2418151e-01   4.4737962e-01   2.2804612e-01  -3.3844736e-01   3.3004173e-01   5.0457429e-01  -5.0203292e-01   5.2623683e-02   2.6665491e-01  -5.4903983e-01   1.2306179e-01  -3.5072952e-01   1.0299690e-01  -1.5650361e-01  -3.0213698e-01   1.3699141e-02  -3.6565895e-01  -5.8909870e-02  -3.6836135e-02   1.0486057e-01  -1.9534433e-01  -2.5174923e-02  -2.1205717e-01  -1.6249010e-01  -2.6384379e-03  -5.1881186e-02   5.9236706e-01  -8.5486088e-02  -3.1513458e-01  -2.9612596e-01   4.4399673e-01   1.1979867e-01   5.0980896e-02  -3.2652810e-01  -2.1812331e-01  -1.3981234e-01   2.1213060e-02  -2.0832538e-01   2.8484587e-01   4.8044758e-01  -1.6330983e-02  -2.4012783e-01  -1.2361422e-01   4.4340788e-02  -3.2262817e-01   2.8895003e-01  -1.7876938e-01  -3.1498909e-01  -2.3721640e-01   1.6990218e-01   5.8596320e-01  -1.5528353e-01   1.3254245e-01   1.5292891e-01  -1.0323999e-01   3.2616035e-01   2.6669102e-01   3.7678462e-01   8.4213875e-02  -5.8309939e-02  -3.0340742e-01  -2.2106096e-01  -1.5610659e-02   3.5819627e-01  -3.1269558e-01  -1.7262794e-01   3.2684521e-01  -3.3065395e-01  -2.2827183e-01   1.1850649e-01  -2.8112653e-01   2.9756774e-01  -1.2344652e-01  -3.8398816e-01   2.1745739e-01   3.8299522e-01  -3.8016453e-01  -1.1663103e-01   1.3971044e-01   2.4354013e-01  -3.4145758e-01   2.7787769e-01  -2.5849947e-01  -1.5263722e-01   1.8631445e-01  -3.0829439e-01
  -2.7593203e-01  -1.5430218e-01  -4.8050185e-01   4.7075314e-01  -4.6079681e-01   1.8539116e-01   2.8097299e-01   2.3907490e-01  -4.8301592e-04   5.6462785e-02   1.9138433e-01  -3.5072641e-02  -7.3546769e-02   0.0000000e+00   4.9313920e-01   9.1862991e-02  -4.6897652e-01   3.2510234e-01   1.2470238e-01  -4.3858217e-01   7.3570907e-02   1.9694715e-01   3.1866841e-01  -1.3248000e-01   1.2372743e-01   1.6671542e-01  -4.6363697e-01   4.2763258e-01  -1.7147714e-01   7.4231065e-01   4.5856777e-01   2.1201199e-01  -1.6569303e-01  -1.1119144e-01   5.5083726e-01  -2.9374573e-01   3.3988514e-01  -6.5986901e-02  -1.6195878e-01  -5.3296060e-01  -1.1489695e-01  -3.1311149e-01  -1.5143909e-01   4.6616301e-01   1.7368641e-01  -1.1260543e-01   2.0556690e-01   2.7598670e-01   5.8060835e-01  -5.4466109e-01   2.6912841e-01   3.1831172e-01  -3.1654385e-01  -1.5513884e-01   2.3666633e-01   7.3708674e-01   4.0398283e-01   1.6489815e-01   3.5986837e-01   1.5320542e-01  -3.0152130e-01   4.2280029e-01  -1.8137432e-01  -1.9998399e-01   1.8595794e-01   2.7956181e-01   2.3090300e-02   2.1501806e-01   3.3564374e-01  -1.6159187e-01  -4.8804988e-01   1.9816930e-01  -2.6176597e-01   1.4173547e-01   7.5581825e-02   2.6915285e-01  -6.2450351e-02   1.9575576e-01  -3.9270531e-01   7.4421170e-02   5.5919509e-01  -3.1952553e-01   1.1259169e-01   2.8482040e-02  -1.4361161e-01   2.9651872e-01  -6.6760617e-02   2.8757439e-01  -1.8207660e-01  -1.3588774e-01  -3.8805166e-01  -2.2708320e-01  -2.0787000e-01   2.0579327e-01  -1.9855644e-01  -4.6757333e-01   2.2287571e-01   1.6849065e-01   7.2578239e-02  -2.6525152e-01  -3.7153797e-02   3.6253015e-01   4.5551650e-01  -2.4946226e-02   4.1284289e-01   6.9213935e-02  -2.6498684e-02   2.7060083e-01   2.9480184e-01   3.0127815e-01  -1.2128155e-01   3.5081207e-01   3.0925597e-01  -2.0827595e-01   4.1647659e-03  -3.1213578e-01   5.9203965e-01  -8.6889703e-03   5.3210274e-01   3.5508338e-01  -2.7774752e-02  -4.0286999e-01   8.6872468e-02   2.5518398e-01  -6.8341708e-03   3.5935536e-01   4.9940145e-01  -1.0482300e-01   1.9593325e-01  -4.6151152e-01  -3.3977273e-01  -4.8702088e-02  -1.1518093e-01   3.0494750e-01  -2.7436216e-02   1.7398730e-01  -7.6209649e-02   2.7378723e-01   2.6172721e-01  -2.7101278e-01   6.1164083e-02  -1.8326468e-01   3.3855685e-01   5.4339200e-01   1.4427612e-01   4.6131251e-01  -4.6051724e-01   1.4709747e-01   2.6904311e-01  -5.3083606e-02  -1.1721206e-01   4.0576256e-01  -2.4401715e-02   3.7964205e-02  -3.8564341e-01  -1.7570201e-01  -3.5666882e-02  -2.5518781e-02  -2.6014432e-01   5.6884297e-01  -8.1881859e-02   2.2541314e-01  -4.0384733e-01   3.7544690e-01  -1.2455856e-01  -4.4550313e-01   1.4184193e-01   3.7086164e-01   3.2137372e-02  -2.5862624e-01  -3.4476175e-01  -3.4974511e-01   3.3765537e-01   2.4948608e-01   6.1532619e-02  -8.6820522e-02  -1.2925512e-01
