   0.0000000e+00   3.2427127e-02   2.7908805e-01  -2.6754412e-01   4.0085677e-02   4.1132046e-01  -4.6901219e-01   4.0311482e-01   1.6387133e-01  -1.8530136e-01   1.3854900e-01  -2.0436762e-01   2.9637304e-01   2.9187974e-01   1.7139241e-01  -2.2392981e-01   4.0201246e-01  -1.7258177e-01   3.5169164e-01   2.0893203e-02  -3.3085055e-01   1.6834225e-01  -1.4359042e-01   6.8034867e-01  -6.1827611e-01   1.4432875e-01   1.9578172e-01   4.3910660e-01  -2.0033315e-01  -3.2525791e-01   2.8216273e-01   1.4917290e-01   1.8287000e-03  -3.6082757e-01  -2.2811968e-01  -1.6423536e-01  -2.0075502e-02   6.1763694e-01  -8.3828779e-02  -2.1123578e-02  -1.0882472e-01  -2.1348289e-01   1.6373468e-01   3.6220545e-01  -2.3898430e-01   4.7737316e-01  -2.6882155e-01  -3.3553335e-01  -2.3840221e-01   7.7892634e-02  -3.3555697e-01   3.7440572e-01  -3.5605700e-01  -3.5370276e-01  -8.9419644e-02   4.1678762e-01   2.8689814e-01   2.7346734e-01  -1.5883294e-01  -8.6658230e-02   5.1973726e-01   8.5399548e-02  -2.4499824e-01  -3.4365382e-02  -1.6429582e-01   2.3026904e-03   4.5003155e-01  -2.9018976e-01   3.5547165e-01   3.3878206e-01  -1.5118382e-01  -3.3743315e-01  -2.6466054e-01   4.8963778e-01  -5.9656816e-01   5.5566681e-01   5.0096448e-01   2.5767255e-01  -1.6538684e-01  -6.1249635e-01   1.9886129e-01  -9.8556387e-02   3.2800206e-01   1.3297341e-01   3.3832510e-01   4.9460575e-01  -2.2760755e-01   1.3314158e-01  -5.3504317e-01   7.2702620e-01   3.6953804e-02   3.8853141e-01  -1.1568139e-01   3.5644083e-02   6.6384370e-01  -4.6620742e-02  -4.9641724e-01   3.4383987e-01   1.1989019e-02  -3.9119408e-01   1.1097796e-01  -1.7771211e-01   4.1693191e-01  -2.6814530e-02  -8.7754643e-03   4.1039883e-02  -8.7688978e-02   4.1871560e-01   8.6160908e-02  -1.5230637e-01   3.0444963e-01   6.1172702e-02  -5.8688598e-01   7.8914043e-01   4.7299525e-01   2.7092751e-02   2.7516712e-01   1.0337622e-01   5.8197361e-01  -3.7508639e-01   6.9871976e-01   1.1075794e-01  -3.3568976e-01  -2.0163479e-01   6.3131849e-01   4.7769338e-01  -3.0456233e-01  -6.7109574e-01  -2.2495253e-01   3.5942023e-01   1.0560952e-02  -2.7313582e-01   5.0404866e-01  -3.2485335e-01  -2.2627977e-01   3.4267997e-01  -6.2575591e-01   1.4394468e-01   4.5654965e-01   7.3468093e-01   6.3176346e-01   2.0870850e-01   9.4905932e-02   6.1212785e-01  -2.4300632e-01   2.9417878e-01  -7.9140177e-02  -1.6444362e-01  -2.6078104e-01  -4.1341318e-01   6.1665237e-01   3.4608050e-01   5.7414938e-01   2.5139004e-01   2.7959207e-01   6.9788054e-01   6.6270952e-01  -3.6250363e-01   4.1111047e-01   3.1488918e-01  -1.5823894e-01   4.4555632e-02  -3.9658372e-01  -2.2670773e-01   1.0095457e-01  -9.9577859e-02   1.7591012e-01   2.9305121e-01   5.6925492e-01  -7.0379353e-02   4.2496057e-02   6.7853477e-01  -4.8982552e-01   2.8166247e-01  -6.3363894e-01  -4.7965442e-01  -1.3632195e-01
   3.2427127e-02   0.0000000e+00   4.4815695e-01  -1.9847989e-01   7.5095911e-02  -1.0080036e-01   9.7536778e-02  -9.6449517e-02   2.9473437e-01  -3.3091531e-01  -4.8266706e-02   5.7165022e-01  -1.4110727e-01  -2.0872089e-01   4.0497433e-01  -1.5893326e-01   5.2938398e-01  -1.9730070e-01   9.3394606e-02  -9.3347934e-02  -2.3364381e-01  -1.7699591e-01  -2.4718383e-01  -9.4380910e-02  -2.4926932e-01   2.4590183e-02   1.4430036e-01  -1.7249011e-01  -1.4271442e-01   4.6430878e-01   8.5149148e-03  -3.6284917e-01  -1.3555178e-01   5.4169380e-03   2.5439787e-01  -1.0685317e-01   1.9433200e-01  -9.5824174e-02  -1.1345848e-01   2.5782306e-01  -3.5906377e-02  -2.3398988e-01   2.5118659e-01   1.6803587e-02   5.5684644e-02   2.7044830e-01  -2.3643710e-01   3.9665258e-01   1.7973388e-01   2.4212076e-01  -3.2125531e-01  -1.4453926e-01   2.9336675e-01  -2.0623226e-01  -1.0423837e-01  -1.3208770e-01   4.2615338e-02  -3.4399041e-01  -2.5526811e-01  -3.3471261e-02   2.5135710e-01  -2.6532074e-01   1.5862628e-01   2.5812311e-01   3.0461181e-01  -4.5025957e-02   2.2470016e-02  -7.7694150e-02  -1.5031329e-01   1.7498529e-01   6.4885240e-01  -2.0814891e-01  -6.4314677e-02   2.2547319e-01  -2.0118302e-01   1.0446620e-01   2.0860639e-01  -3.3273018e-02   6.5438310e-02  -2.5700668e-01  -2.6941032e-01  -1.8172690e-01   2.2437360e-01  -1.1781538e-01   7.1027398e-01  -9.8536724e-02   6.9113259e-01  -1.7592475e-01  -9.7153359e-02  -1.5927103e-01  -5.7061338e-02   2.3256932e-01   2.3677321e-01   9.1434782e-02   3.2425905e-02   1.4365297e-01  -3.5073891e-01   4.6005081e-02   1.6582137e-01  -1.9916569e-01   3.9394118e-01   1.6347901e-01  -1.7443561e-01   3.3113469e-01  -1.8915534e-01  -1.9694615e-01   8.0588262e-02  -1.1402515e-01  -2.6885304e-01   1.5818294e-01   2.6488471e-01  -2.3054439e-01  -2.5935389e-01  -8.7448421e-04   2.3001898e-01   3.8195570e-01   4.1203360e-02  -3.0676905e-01  -6.2997955e-02  -3.7837695e-01   1.7625949e-01   6.0591722e-02  -8.4736400e-02   2.9616338e-01   1.0757969e-01  -1.0237383e-01   1.7884427e-01  -1.7622234e-01  -1.7182838e-01   1.3976330e-01  -8.5282341e-02   1.5965722e-01   5.0512184e-01   8.6345096e-02  -1.8408027e-01  -7.6005839e-02  -2.0914136e-01   6.2411741e-02  -3.4679902e-02  -1.5329854e-01  -3.1855573e-01  -3.4768884e-02  -7.5609512e-02   1.0388159e-01  -4.0475109e-02  -1.5671518e-01   5.8502007e-01  -2.9256391e-02  -6.2892622e-02  -7.1951835e-02   3.7007920e-01  -3.7355308e-01   1.8316575e-01   3.2518549e-01   3.5639104e-01   2.0907465e-02   7.6651403e-02  -3.0072550e-01   1.7970230e-01  -2.3165575e-01  -1.8075092e-01  -7.7952271e-02  -5.2913800e-02  -2.2855102e-01  -2.7486250e-01   3.1421988e-01   2.7013258e-01  -9.4738768e-02   9.4396130e-02   5.1333775e-01   1.3713296e-01   1.1646884e-01  -7.0189533e-02   7.7411685e-02  -1.0913555e-01  -2.5049304e-01  -1.9039809e-02
   2.7908805e-01   4.4815695e-01   0.0000000e+00  -3.2886909e-01  -1.2431546e-01   3.0205417e-01  -1.5482803e-01  -1.0115378e-01  -5.0926155e-02  -3.6854793e-01   1.1073684e-01   5.0255381e-01   1.1584723e-01  -3.5363310e-01   2.9359183e-01  -3.0959830e-02   8.4595400e-01  -3.5867320e-01   4.6599523e-01  -1.5302459e-01  -5.3163304e-01  -3.5144349e-01  -3.9267029e-01   3.4435033e-01  -5.2369532e-01   1.2913908e-01   2.1081222e-01  -5.3003318e-02  -1.5882261e-01   1.1935247e-01  -1.0868523e-01  -1.1886386e-01   9.5781402e-02  -2.6500920e-01  -1.0844616e-01  -1.4367036e-01  -1.4963787e-01   3.6733237e-01  -2.4308306e-02   3.8528412e-01  -1.4746159e-01   1.7336988e-01   7.4125728e-02  -1.1786514e-01  -9.4387766e-02   6.8959555e-01  -6.6898319e-02   2.6931329e-02  -2.9435587e-01   4.6669081e-01  -3.9331385e-01   1.4098254e-01  -2.1700902e-01  -2.2822792e-01  -1.5735884e-01   5.1790193e-02   4.0463489e-01   2.3438594e-02  -2.9876733e-01  -2.3532375e-01   7.1827721e-01  -3.0648419e-01  -2.7409444e-01  -2.0184662e-01  -3.5025314e-01  -2.6301325e-01   3.1921284e-01  -2.4193171e-01   5.9804498e-02   7.4149008e-01   1.4538713e-01  -3.3854861e-01  -1.5427969e-01   5.7048665e-01  -5.3191702e-01   1.7232457e-01   5.5190979e-01  -1.7503479e-01  -1.4257725e-01  -4.8157949e-01  -6.3768176e-02  -1.9977790e-01   1.6609661e-01  -1.9609710e-01   6.3633466e-01   1.8420929e-01   1.3114031e-01  -1.1054745e-01  -3.1684389e-01   1.9754095e-01  -2.9252160e-01   6.8642646e-01   6.9457144e-02  -1.6509211e-01   4.2726807e-01   1.6393692e-01  -5.9989196e-01   2.1512336e-01  -1.5815884e-01  -3.9040052e-01   4.6406120e-01   3.4745577e-02  -1.9995334e-01   8.7059426e-02  -9.5432909e-02  -1.5310289e-01   1.0318418e-01   2.1956263e-02  -1.3349676e-01  -6.6258641e-02   3.7918692e-01  -1.2418411e-01  -3.6606266e-01   3.6623033e-01   5.4736457e-01  -9.3031166e-02  -5.6207095e-02  -2.6931533e-01   1.4679803e-01  -3.8272290e-01   4.7617469e-01  -1.5472094e-02  -3.3661660e-01  -1.9467700e-01   5.0171221e-01   1.6378437e-02  -4.1948016e-02  -3.8341376e-01  -2.9045150e-01   6.5071760e-01  -7.1636287e-02  -5.8785647e-02   4.8642126e-01   1.4060944e-02  -3.6272079e-01  -3.0437521e-02  -3.8860799e-01  -8.8139044e-02   1.4497156e-01   2.6734626e-01  -1.1995565e-01   1.4800040e-01  -5.2276601e-02   5.3086935e-01  -1.0006780e-01  -6.5774619e-02   3.4288054e-01  -2.9506871e-01  -2.5703941e-01  -4.2104317e-01   7.9415345e-01  -3.4711419e-01   3.5569818e-01   2.0347140e-01   6.7979727e-01   4.3133179e-01   4.0085568e-01  -2.8580810e-01   6.6389252e-01   4.3030088e-03  -2.6888191e-01  -1.1763161e-01  -3.7150942e-01  -3.6153252e-01   3.6361298e-02   1.0006395e-03   8.4863022e-02  -2.1469897e-01   4.1060585e-01  -3.5328067e-02  -5.6909609e-02   4.6945126e-01  -3.4192703e-01   4.6664645e-01  -5.1518794e-01  -2.4556185e-01  -3.0912207e-01
  -2.6754412e-01  -1.9847989e-01  -3.2886909e-01   0.0000000e+00  -4.1393788e-02  -2.6239555e-01   1.5620388e-01  -1.7999167e-01   1.2551478e-02   2.8897175e-04  -2.3765225e-01   2.5767498e-02  -3.5218826e-01   2.6928019e-01  -7.8173321e-02   6.7658829e-01  -3.6545621e-01   3.6643614e-01  -4.4213016e-01  -8.6176340e-02   3.1778342e-01   7.8888240e-02   3.2494796e-01  -5.1878485e-01   4.1643667e-01  -2.4872049e-01   2.0609866e-02  -2.5763180e-01   3.7199943e-01   1.3272599e-01  -1.5518831e-01   4.9978631e-01   5.3399200e-01   9.6812657e-02   5.7589881e-02   2.2707354e-01  -2.8018547e-01  -5.2870067e-01   6.2779681e-01  -1.8118756e-01  -5.9746800e-02   3.4701404e-01  -3.8351842e-02  -3.1703359e-01   2.7151687e-02  -6.5047480e-01   4.1965909e-02   2.3063180e-02  -4.6748065e-02  -1.3754291e-01   4.9968006e-01  -4.7027556e-01  -1.8721534e-01   3.2213120e-01   2.1661015e-01  -3.6067602e-01  -4.2134948e-01   3.2917777e-01   6.3486368e-01   3.9240718e-01  -4.4892341e-01   3.9782906e-03   5.2788338e-01  -1.2579841e-03   9.8632152e-02   2.1215327e-01  -3.4674212e-01  -8.4618104e-02  -3.2689217e-01  -5.6522484e-01  -3.0553602e-01   2.7789088e-01   3.8224120e-01  -1.9153221e-01   5.4610749e-01  -9.6029182e-02  -5.4086622e-01  -1.7161810e-01   9.3650209e-02   6.4273527e-01  -2.2278419e-01   4.7793735e-01  -2.7005257e-01  -1.7081855e-03  -4.4391077e-01   4.3678819e-02  -1.4952660e-01  -3.2202114e-01   3.5754847e-01  -3.8367868e-01   4.8738945e-02  -3.5604391e-01  -1.4063738e-02   3.7934499e-01  -5.7557636e-01  -1.3832461e-01   5.5787149e-01  -3.2818895e-01   1.5806182e-01   4.1568709e-01  -4.9096279e-01   1.6135517e-02  -9.9908295e-02   1.9651310e-02   2.0651394e-01   6.3006506e-01   4.2668396e-01  -2.5419404e-01  -1.1588293e-01   1.7502988e-01  -2.5824417e-01   3.9755904e-01   6.0395310e-01  -4.5315454e-01  -5.2068607e-01  -1.0348631e-01  -3.0856717e-01   3.1547196e-02  -4.1909421e-01   6.0386942e-01  -4.4552318e-01  -7.6086950e-02   1.3758556e-01   7.8864424e-03  -6.1354175e-01   3.0331336e-01   2.5806542e-01   5.5808126e-01   5.7983737e-01  -5.8339186e-01   3.9596915e-01   7.3243219e-02  -1.4631764e-01  -2.0891121e-01   5.0395313e-01   8.7156363e-02   4.7088491e-01  -1.3412701e-01  -7.0991380e-02  -3.6191042e-01  -5.3504801e-02  -4.1199188e-01   5.1360528e-02  -3.8693159e-01   1.7598520e-01  -7.3453586e-02  -2.1155233e-01   1.9691275e-01   2.9776462e-01   1.7162727e-01  -5.5228567e-01  -1.3133034e-02  -1.0186592e-01  -3.0612742e-01  -3.3903481e-01  -4.5600920e-01  -4.4855068e-01   5.0124813e-01  -2.1811324e-01  -2.2042426e-01  -8.5831254e-02   6.3711021e-02   1.2802886e-01   6.2340020e-01   4.6708695e-01   2.5299515e-02  -5.2725559e-03  -9.2214080e-02  -9.4603387e-02  -1.3697202e-01   1.0545460e-01  -5.5182548e-01   3.2864626e-01  -1.1912998e-01   6.0839166e-01   3.9925831e-01   3.8079279e-01
   4.0085677e-02   7.5095911e-02  -1.2431546e-01  -4.1393788e-02   0.0000000e+00  -2.0104558e-01  -2.6285799e-01   7.0857593e-02   3.2059919e-01  -1.7907790e-01  -1.8722325e-01  -5.5942834e-02   3.8259390e-02   1.4478451e-01  -4.2281752e-02   7.2715418e-02  -5.9348810e-02   2.2492912e-01  -3.7177559e-01   7.3348293e-01   1.6127683e-01   6.0981838e-02   1.8720980e-01   1.9013947e-02   6.6350188e-02  -1.3556309e-01   2.4043218e-02  -6.8479112e-02   1.9951820e-01  -3.8205162e-03  -1.4025754e-01   1.6916320e-01  -1.8211764e-01  -8.6812260e-02   1.0551069e-01   4.1123287e-01   6.7882295e-02  -3.0701367e-02   7.6982728e-02  -3.6288974e-02   3.7853072e-01  -9.5103055e-02   1.9800725e-01   1.6998891e-01  -5.7784874e-02  -2.3893643e-01   1.6567487e-01  -1.4565348e-01   1.5648782e-01   2.9871576e-01   7.6848207e-02  -2.6602343e-01  -5.6209940e-02   2.4144533e-01   1.7171404e-01  -5.6192340e-02  -3.3043462e-01  -1.5125240e-01   2.4432489e-01  -4.9693108e-02  -2.4004141e-01   2.7619567e-02   2.1091161e-01   2.2894894e-01   3.7755072e-01   6.0973315e-01  -1.8745214e-01   1.0789212e-01  -1.5071019e-01  -2.0514406e-01   9.4455010e-02   1.4901341e-01   3.0167670e-01  -1.2392625e-01   1.3335698e-01  -9.1593395e-02  -1.4776950e-01   1.0336664e-01   4.2591812e-01   1.2286987e-01  -2.3891148e-01   1.7755360e-01   2.0285729e-02   1.0374244e-01   8.7749103e-02  -1.7960660e-01   1.4529621e-01   7.8813428e-02   1.1415251e-01   3.3435297e-02   6.8431123e-01  -3.0351671e-01   1.4031679e-01   7.3485404e-02  -1.1999452e-01   4.1693467e-01   1.4489180e-01  -2.7399549e-01   1.4873091e-01  -1.8821056e-01  -1.3658207e-01  -2.5874423e-01   1.1281296e-02  -4.9172973e-02   4.1656371e-02  -1.8683725e-02   6.4192145e-02  -8.1995800e-02  -2.4885332e-01   1.0538566e-01  -1.5053965e-01  -1.2648327e-01  -2.8452892e-02  -9.6135631e-02  -1.9653337e-01   2.7670055e-01   1.2619844e-01   5.6249226e-01  -3.0798472e-02   1.5824990e-01  -1.3965429e-01   7.8095018e-01   7.7540099e-02   2.3892133e-01  -1.7781556e-01   4.1031124e-03  -5.8881234e-02   4.1946969e-02   3.6496656e-02  -1.6839933e-01   1.5739451e-01  -4.7660494e-02  -9.2374513e-02  -2.5561875e-01   2.2206043e-01  -8.5029161e-02   5.5106274e-02  -1.0099820e-01  -1.9766804e-01   2.3206367e-02  -2.1643421e-03   5.6392951e-02  -1.2674242e-01  -1.6465118e-01  -5.7044247e-02  -6.9976239e-02  -1.6760313e-01   2.9069349e-01   3.0152774e-01   1.0099123e-01  -1.1565637e-01   2.0146557e-02  -1.9257473e-01  -6.9182169e-02  -1.3420759e-01   2.1515413e-02  -2.2397267e-01   3.4786702e-01  -2.2924588e-01  -1.9810297e-01   1.2918703e-02   2.0539902e-02   4.0834769e-01   7.8351505e-02  -2.0445575e-01   2.3559016e-01  -4.0600666e-02   2.3249727e-01  -1.4632530e-01   9.2334336e-02   5.3287451e-01  -2.4480410e-02   2.9523207e-02  -2.6072980e-01   7.1682216e-02   1.1700385e-01   1.1251021e-01
   4.1132046e-01  -1.0080036e-01   3.0205417e-01  -2.6239555e-01  -2.0104558e-01   0.0000000e+00  -1.9272645e-01   3.7227197e-01  -4.7136679e-02  -8.9355146e-02   4.5715130e-01   5.8379264e-02   6.3361681e-02  -1.3470651e-01   8.8536150e-02  -2.8718345e-01   2.6690658e-01  -1.2255924e-01   7.1565347e-01  -1.1574898e-01  -3.6585459e-01  -2.7189918e-02  -3.0959290e-01   2.7872084e-01  -4.1057244e-01   6.8721334e-01   5.2340117e-01   4.4864006e-01  -1.2710571e-01  -2.6349616e-01   3.4659249e-01   6.3409542e-02  -2.2310249e-01  -5.3292592e-01  -1.8970686e-02  -4.4213435e-01  -3.3466498e-01   3.3551326e-01  -2.9306699e-01   3.0532494e-01  -2.6397128e-01  -4.6138243e-02   3.7164505e-01   2.0542989e-01  -8.8732288e-02   4.6470492e-01  -1.1655193e-01  -1.4318827e-01  -4.1087706e-01   2.8945923e-02  -4.9710080e-02   6.9446523e-01  -2.4930903e-01  -3.5219835e-01  -1.8693946e-01   6.4270118e-01   6.3129857e-01   3.5955211e-01  -8.9421116e-02   7.0581568e-02   6.6630897e-01  -2.0403435e-02  -1.3635507e-01   4.6607781e-03  -2.7133199e-01  -3.5638514e-01   9.3761344e-01  -7.8695734e-02   7.3867744e-01   3.3171695e-01  -2.7562261e-01  -3.0362398e-02  -3.9074472e-01   4.3272511e-01  -5.4974486e-01   4.8249400e-01   5.3947331e-01   1.3388558e-01  -4.5932130e-01  -4.4215776e-01   6.0227274e-01  -2.1702904e-01   3.2826665e-01   3.5870118e-01   2.0611537e-01   3.6978438e-01  -9.0394821e-02  -1.2665350e-01  -4.7425789e-01   1.9676764e-01  -4.4588332e-01   5.7833877e-01  -3.5112790e-01   2.1482214e-01   4.2267217e-01  -2.4441319e-02  -3.7910288e-01   7.5705514e-01  -6.5984105e-02  -1.2597698e-01   1.4745900e-02   3.6350290e-01   4.4413059e-01   1.5363147e-01  -3.7465267e-02  -1.2324072e-02  -1.6067102e-01   8.2254717e-01   1.5643112e-02  -3.3704495e-01   1.8868430e-01   2.2718639e-01  -2.8307593e-01   4.0301993e-01   2.5998814e-01  -4.1299853e-01   1.0470426e-01  -9.9618442e-02   3.4332475e-01  -2.0253451e-01   4.0745470e-01  -1.2878799e-01  -2.6898900e-01  -2.5472933e-01   3.2311489e-01   2.7005495e-01  -1.3036698e-01  -4.9020845e-01  -1.3539818e-01   3.2097673e-01  -1.6383004e-01  -4.0310103e-01   3.4049755e-01  -1.5466571e-01  -1.0140552e-01   5.6992534e-01  -4.4984871e-01   9.1584946e-02   6.0955342e-01   2.3504099e-01   2.4063381e-02   3.2962487e-02   5.1532981e-01   5.1819799e-01  -1.5804495e-01  -3.5163085e-03  -1.7353802e-01  -5.2133692e-01  -4.8202489e-01  -2.8094370e-01   4.4415744e-01   3.7032030e-01   3.2550592e-01   1.1238025e-01   5.0381788e-01   3.1004487e-01   4.8225974e-01  -1.8984731e-01   3.8362992e-01   5.7360469e-01   2.3887896e-02   3.7014469e-01  -5.5716393e-01  -1.5146532e-01   2.8568109e-01  -4.9208747e-01  -6.7092535e-02   1.6901058e-01   3.8051572e-01  -2.4964166e-01  -3.9637175e-01   4.9098702e-01  -6.3107552e-02   7.8257374e-01  -4.9748338e-01  -3.1694295e-01  -1.8818639e-01
  -4.6901219e-01   9.7536778e-02  -1.5482803e-01   1.5620388e-01  -2.6285799e-01  -1.9272645e-01   0.0000000e+00  -5.2069400e-01  -1.9288164e-01   3.5138457e-01   2.8558882e-01   3.1346130e-01  -2.7761653e-01   3.6098086e-03   2.8954991e-01   1.1106784e-01  -3.4496424e-01   1.5327981e-01  -1.8164008e-01  -7.7626693e-02   4.3048974e-01  -6.8263395e-02   2.1109461e-01  -6.5830314e-01   4.1785367e-01  -3.0737768e-01  -1.9326048e-01  -3.6473866e-01   1.2281458e-01   6.1364155e-01   3.0696500e-01  -1.7097496e-01   1.2251373e-01   5.7648011e-01   1.8328535e-01   1.8103622e-01   1.7333464e-01  -6.5050252e-01   8.0032475e-02  -6.1337382e-02  -1.3073900e-01   1.8832480e-01  -1.6326573e-01  -3.6280472e-01   5.0038841e-01  -3.4693593e-01   2.0268729e-01   7.7022116e-01  -9.3925620e-02  -4.4189091e-01   4.1835024e-01  -3.7684481e-01   5.1648044e-01   1.7048122e-01   2.1100254e-01  -3.2598329e-01  -1.0878340e-02  -7.9989452e-02   1.3392772e-01   2.1574593e-01  -4.2617853e-01  -1.0307465e-01   1.8285189e-01  -3.0109721e-02   1.9444861e-01  -2.2531589e-02  -2.6096121e-01   2.8690053e-01  -2.1260908e-01  -1.7302576e-01   1.5012569e-01   3.7564592e-01   2.9413445e-02  -1.8002716e-01   2.0457928e-01   5.5760376e-02  -4.0418588e-01  -4.4547089e-01   3.5627982e-02   3.2120957e-01   3.2650737e-02   4.0559969e-02   8.7121522e-03  -4.6987889e-01  -2.6672422e-01  -8.0137224e-02   1.5478372e-01  -2.2633661e-01   2.0697349e-01  -5.9828989e-01  -1.6430169e-01  -3.6022382e-01   1.7743921e-01  -2.3940420e-02  -4.8593664e-01  -1.1956290e-01   1.9117607e-01  -1.7293578e-01  -9.1956233e-02   7.0436561e-01   1.5809863e-01   4.2764742e-01  -1.3986061e-01   1.3963816e-01   1.5197085e-01  -1.6703035e-01   2.3188870e-01  -3.5029492e-01   1.7451643e-01   3.4444711e-01   2.3821681e-01   8.5555258e-02   3.9058044e-01  -4.8272068e-01   4.0882091e-02  -8.8951552e-02  -4.9156882e-01  -2.7458031e-01  -3.2031347e-01   2.3893132e-01  -4.4135829e-01  -3.1636003e-01  -4.6474259e-02   2.9038692e-01  -4.7355894e-01  -1.7589761e-01   4.2408538e-01   3.6730226e-01   2.4059042e-01  -1.8838684e-01   6.3500553e-02   5.4297457e-01  -5.3738192e-02   5.3089369e-01   7.5954809e-02  -3.6727111e-02   3.4612465e-01   1.2899286e-01   2.8518090e-03  -5.4929579e-01  -2.1445559e-01  -7.8253691e-02   6.2613150e-02  -2.0786474e-01   3.9697281e-01   2.2659950e-01   4.1918933e-01   2.9948084e-01   2.4710902e-01   5.3580480e-01  -2.4176471e-01  -3.6356044e-01  -2.9159350e-01   1.8071988e-01  -3.6337240e-02  -5.2230975e-01  -3.4727020e-01   1.7596215e-01  -3.9600324e-01  -1.5610054e-01   1.7521777e-01   1.5777681e-02   3.9466969e-01   3.0901453e-01  -1.1132523e-01   1.8817598e-01   3.0906293e-01  -5.6375492e-01  -9.9014554e-02   2.7487194e-01  -1.4694919e-01  -5.3813290e-01   5.7828633e-01  -1.0603743e-01   2.6432589e-01   3.4368611e-01   7.3568225e-03
   4.0311482e-01  -9.6449517e-02  -1.0115378e-01  -1.7999167e-01   7.0857593e-02   3.7227197e-01  -5.2069400e-01   0.0000000e+00   2.5798550e-01  -9.7565490e-02   1.2136778e-01  -4.4095311e-01   2.5468088e-01   1.0861311e-01  -2.1647535e-01  -3.5982457e-01   2.2850488e-01  -9.1486364e-02   3.0356235e-01   1.0129772e-01  -2.9415411e-01   4.1610346e-01   8.6128551e-02   4.2170158e-01  -3.2142352e-01   5.2974909e-01   2.5484191e-01   7.6718763e-01  -9.7711785e-02  -5.1148962e-01   1.9653496e-02   2.4272175e-01  -2.7587976e-01  -4.2592863e-01  -7.0016654e-02  -2.4902059e-01  -1.9606248e-01   4.7190701e-01  -3.1473896e-01  -1.4653079e-01   1.7971411e-01  -3.5354147e-01   1.1779019e-01   7.3272916e-01  -1.9614363e-01   3.0943259e-01  -2.1294050e-01  -4.8839514e-01  -1.0241570e-01   4.4993534e-03  -1.7192419e-01   5.1371413e-01  -4.7714036e-01  -3.0781842e-01  -3.9017703e-01   6.5089671e-01   2.2989976e-01   1.4065733e-01   9.6882509e-03  -2.1209029e-01   3.3271653e-01   3.2651052e-01  -1.9870795e-01   8.5136371e-02  -1.0300644e-01  -6.6258774e-02   4.1544455e-01  -1.2388796e-01   5.0105585e-01   1.0118216e-01  -9.7163484e-02  -1.9195955e-01  -3.0103999e-01  -1.6839612e-01  -2.7228634e-01   2.3626241e-01   3.4078729e-01   7.7418387e-01  -1.8698255e-01  -3.3629789e-01   5.1357989e-01  -2.0688315e-01   2.9688309e-01   8.3639594e-01   7.4215277e-02   2.2386256e-01  -6.5602438e-02   4.4517319e-02  -2.5578498e-01   4.2517430e-01  -6.8513502e-02   1.3192273e-01  -2.4735837e-01   1.6944850e-01   4.0689664e-01  -2.0028159e-01  -1.6159458e-01   4.3748758e-01   3.8055531e-02  -2.0778579e-01  -5.6434220e-02  -3.0952391e-02   6.8720303e-01  -3.7407603e-02   3.5065891e-02   1.0008666e-01  -4.7450801e-01   7.0086030e-01   2.4465150e-02  -3.6091116e-01  -6.0966236e-02   5.7911055e-02  -3.7234368e-01   3.6517947e-01   1.8789848e-01  -7.8288243e-02   6.4187306e-01   2.4126628e-01   5.6559552e-01  -1.9780387e-01   2.6342674e-01   8.6758437e-02   1.3437927e-01  -2.7917389e-01   3.4237603e-01   5.7012165e-02  -3.0638105e-01  -4.1448854e-01  -2.4824968e-01   6.3464579e-02  -2.2421199e-01  -4.6582314e-01  -3.6938727e-03  -5.4491345e-01  -8.7662865e-02   4.5623139e-01  -3.8061861e-01   3.6046741e-01   2.5685916e-01   3.3444521e-01   1.8127106e-01   1.2038912e-01   3.7753837e-01   2.2930465e-01  -2.2124391e-01  -7.9947362e-02  -2.8656226e-01  -4.3107524e-01  -2.4854858e-01  -5.3926580e-01   4.3258882e-02   8.4919143e-01   1.4223692e-01  -9.6440136e-02  -5.1559363e-02   3.1429222e-01   2.9778552e-01  -1.1194957e-01   6.7604022e-02   4.9620284e-01  -3.5844665e-03   4.2953607e-01  -5.6812947e-01  -2.8745077e-01   5.8688063e-02  -2.7150060e-01  -1.3698805e-01   8.3685322e-01  -1.8187946e-01  -1.7875617e-01  -3.2609721e-02   4.5596071e-01  -4.3167416e-01   2.8896049e-01  -2.5402779e-01  -3.3426344e-01  -6.2848367e-03
   1.6387133e-01   2.9473437e-01  -5.0926155e-02   1.2551478e-02   3.2059919e-01  -4.7136679e-02  -1.9288164e-01   2.5798550e-01   0.0000000e+00  -4.1760023e-02  -2.2978264e-02   4.3721348e-02   7.7431766e-02   2.9683247e-01   1.6127303e-01  -3.0503780e-01   4.4668160e-02   2.6496588e-01  -1.0831663e-01   1.9799497e-01   4.2581086e-02   3.8390374e-01  -1.0033445e-01   5.5633025e-02  -2.6445369e-01  -1.2075271e-01  -1.1134584e-01  -3.9535675e-02  -2.8769560e-01   2.4678320e-01   3.9663919e-02  -2.5221364e-02  -2.0131735e-01  -5.9430653e-02   4.4702682e-01   1.8692873e-01   2.5538772e-01  -4.1666804e-02  -8.4597767e-02  -1.5509466e-01   6.8354477e-02  -4.6680697e-01   4.2765985e-01   1.5834957e-01   1.5934217e-01   4.4344430e-02   2.1793031e-01  -4.3395403e-02   3.8152176e-02   1.6970960e-01  -5.1053978e-02  -2.7612703e-02  -6.6694587e-02  -3.6354348e-01   4.8510513e-02  -1.1387942e-01  -1.8070619e-01  -1.5617019e-01   1.3751625e-01   1.8777506e-01   5.6405550e-02   9.5970163e-02   5.3020496e-01   5.1504289e-01   4.5096347e-01   1.9275413e-01   1.3976197e-02  -7.3351514e-02  -2.2955377e-02  -1.2014951e-01   3.9786837e-02  -1.4236014e-01   2.2775437e-03  -1.0256344e-01  -1.5808805e-01   1.6217359e-01   1.3100818e-01   7.6914720e-02   2.9579011e-01  -2.9462535e-01  -2.4302671e-01   3.1181919e-03  -7.7973212e-02   4.5684359e-02   1.8375917e-01   2.2248132e-02   5.9757591e-01  -1.6229968e-01  -1.5913831e-02   8.6405515e-02   2.0457635e-01  -3.0379812e-02   1.4759266e-01   5.3345568e-01   3.1184331e-02   1.4993648e-01  -3.7392842e-02   5.5578000e-02   2.7623025e-01  -5.8261185e-02   1.1052485e-01  -1.2463082e-01   1.9004506e-01   6.4199108e-01  -1.7752202e-01   1.8540421e-01  -3.6356001e-01   1.3954171e-01  -5.4814765e-02  -5.5747777e-02  -4.8400770e-02  -1.7301519e-01  -2.2046968e-01  -4.9760385e-02  -4.4183270e-03   3.5444142e-01   1.2617750e-02   2.4808732e-01   2.0325732e-01  -2.2958714e-01   1.8303165e-01   9.8559807e-02   2.3907014e-02   4.1664322e-01  -3.3483641e-03   6.9703932e-02  -1.8003889e-01  -3.1297490e-01   4.2064602e-01  -1.7478571e-02   9.6937985e-02   4.4028278e-03   2.1250821e-01  -7.0212214e-02   2.0126111e-01   1.4716148e-01  -3.2531425e-01   1.3884726e-01  -1.0010146e-02   6.8645375e-03  -1.1836358e-01   1.1935043e-01  -2.2568476e-01   7.6932640e-02  -5.0846042e-02   1.6301090e-01  -1.3845407e-01  -2.8701208e-02   1.1305537e-01   9.5868123e-02   8.6691706e-02   1.4656850e-01  -2.9106697e-02   9.3500381e-03  -1.4777408e-01   6.9501210e-02   3.9294425e-02   4.7818020e-02  -4.3440382e-02  -2.0318409e-01  -5.0283347e-02  -1.3955557e-01  -2.5873724e-02   1.4146783e-01  -1.9215904e-01   1.5225768e-01  -2.9854782e-02   2.3595786e-01  -9.4206284e-02   6.9400856e-02   2.7162821e-01   1.0858858e-01  -7.3921685e-02  -7.8550516e-02  -1.6625014e-01  -3.4242120e-01   4.5440035e-01
  -1.8530136e-01  -3.3091531e-01  -3.6854793e-01   2.8897175e-04  -1.7907790e-01  -8.9355146e-02   3.5138457e-01  -9.7565490e-02  -4.1760023e-02   0.0000000e+00   3.9499738e-02  -1.1360062e-01   2.0796896e-01   3.0110902e-01  -2.4342505e-01  -2.3415112e-01  -4.7982923e-01   2.7238533e-01   1.9282781e-03  -6.5377443e-02   2.2242503e-01   3.4734193e-02   7.5664609e-02  -5.1723168e-02   2.8537009e-01  -1.9421810e-01  -3.7637379e-01  -2.4905720e-03  -1.7027936e-01   4.7569148e-03  -7.3372951e-02  -2.2169434e-01  -2.0564054e-01   2.0717721e-01   2.5934342e-01   3.4876171e-02   2.6883337e-01  -1.9382260e-01  -8.6236650e-02  -3.4258490e-01   7.1157991e-03  -1.6522878e-01  -1.5749820e-01  -3.0047407e-01   2.2422737e-01  -1.9785220e-01   7.0099148e-02   1.3361403e-01   1.1497675e-01  -3.7205193e-01   2.5777195e-01  -5.2815043e-02   1.2475250e-01  -6.5894213e-02   2.3852374e-01  -2.0360366e-01   9.0781443e-02  -1.4992381e-01  -2.1937938e-02   2.5489000e-01  -2.4806691e-01   3.1143308e-01   1.4485243e-01  -1.8320722e-03   1.7175108e-01   2.2347132e-01  -1.4122056e-01   4.1515217e-01  -1.6181260e-01  -1.5221922e-01  -2.1988857e-01   1.2309983e-01   1.5748630e-01  -2.7265009e-01   9.9255991e-02  -9.6777380e-02  -1.8947064e-01  -2.3987106e-01   4.9899681e-02   1.4418773e-01   7.8807442e-02   8.4640252e-02  -4.0443743e-01  -2.1384411e-01  -4.3383068e-01  -1.4454840e-01  -1.0018312e-01   2.4260796e-01  -2.7972447e-02  -1.9061925e-01   1.2024834e-01  -2.1011852e-01  -1.3473490e-01  -3.4904707e-02  -9.3759320e-02  -1.8035184e-01   2.6157175e-01   1.8206905e-02  -5.7054982e-02   4.3272424e-01  -5.8311330e-02   3.6398839e-03  -3.1111018e-02   7.2345088e-02  -2.1613049e-01  -1.9302981e-01  -1.5480227e-01  -9.6110140e-02   6.9800847e-01  -1.6021090e-01  -2.5014681e-01  -1.8301747e-01   1.6256558e-01  -1.8309134e-01  -2.8465729e-02  -2.2804690e-01  -4.1289780e-01   2.7049523e-01   1.0363177e-02   4.4459233e-02  -1.4997791e-01  -2.0138395e-01   4.1765879e-02   1.0442895e-01  -1.8542577e-01  -5.6003821e-02  -1.0476274e-01   8.3580669e-02   2.6658768e-01  -1.2229567e-01   1.1246315e-01  -3.1771326e-02  -2.9889731e-01  -7.6577485e-03   7.6950840e-02   5.1693175e-02   2.0127615e-01   8.4686313e-02  -2.4689456e-02  -1.2128985e-01   1.4909009e-01   1.3234883e-01  -1.3558706e-01  -1.8119429e-01   2.0198709e-01  -1.3472595e-02  -3.1023468e-02   1.9250065e-01   6.2439874e-02   2.9631692e-01  -2.9933533e-01   7.9816106e-03  -3.0833102e-01  -4.9797908e-02  -2.8781892e-01  -1.5719523e-01  -2.7235733e-02   1.5210544e-01  -2.2238068e-01  -9.9842955e-02   4.2438533e-01  -2.0565697e-01   3.0717352e-01   1.4244254e-01  -2.6503316e-01  -5.5461029e-02  -5.8233695e-02  -1.7321880e-01  -6.8278407e-02  -1.9934207e-01  -1.4882247e-01  -2.2586077e-01   3.3496147e-01  -7.8385148e-02   1.4608379e-02   8.1485702e-02   3.3095443e-02
   1.3854900e-01  -4.8266706e-02   1.1073684e-01  -2.3765225e-01  -1.8722325e-01   4.5715130e-01   2.8558882e-01   1.2136778e-01  -2.2978264e-02   3.9499738e-02   0.0000000e+00  -5.8578022e-02  -5.5569379e-02  -1.0368994e-02   3.8287234e-01  -2.1867688e-01  -5.8494289e-03  -1.9816812e-02   3.1654927e-01  -5.1478105e-02   1.2336198e-01   2.2406353e-01   1.4122841e-02  -1.7535739e-03  -1.7876921e-01   2.6597919e-01   2.0357036e-01   2.9223271e-01  -1.0587726e-01   2.3615574e-01   6.4301502e-01   1.2663091e-01   4.5350460e-04   8.1607343e-04  -1.1704321e-01  -7.2658564e-02  -1.4441365e-01   1.8101225e-01  -1.3287911e-01   2.5911555e-01  -1.7606100e-01   1.1028971e-01   8.3651147e-02   2.4245037e-01   2.4632926e-01   2.8303177e-01   3.3229795e-01   2.5449281e-01  -3.6445703e-01  -6.6344783e-02   1.3972465e-01   3.3128922e-01   1.1562291e-01  -1.8606237e-01  -1.5235871e-01   5.3746579e-01   5.3743531e-01   9.5991767e-02  -6.4015952e-02  -3.3477329e-02   1.6771579e-01  -2.2119207e-01  -1.3604138e-01  -6.9116729e-02  -3.3450607e-02  -2.4889974e-01   3.8597281e-01   8.9196269e-02   6.6870969e-01   2.6661464e-01   7.0678448e-03   1.6979177e-01  -4.0687123e-01  -4.6538786e-02  -3.9956696e-01   3.7543483e-01   2.6199018e-01   9.4449880e-02  -1.8298607e-01  -2.5937769e-01   6.5817044e-01  -2.7896196e-01   3.5893963e-01   2.1624437e-02   7.6146427e-02   2.9031460e-01   9.4907816e-02  -1.9157408e-01  -2.2481752e-01   1.6119686e-01  -2.1611072e-01   1.4501308e-01   1.2207978e-02   1.9524788e-02   2.5991299e-01  -2.7155486e-02  -2.9769253e-01   2.6826201e-01  -2.6620353e-01   2.1992760e-01   3.0986838e-01   4.8055549e-01   4.9772761e-01   1.7746424e-01   2.8409032e-01  -3.2193779e-01  -1.7119581e-01   3.5077074e-01   6.4015638e-02   3.0520063e-02   5.4541508e-01   1.4397836e-01  -4.6971722e-02   2.1939665e-01   5.0436543e-01  -1.5558918e-01   8.6318414e-02  -1.2340725e-01   3.5974277e-01   4.2340334e-02   2.2867366e-01  -2.5561754e-01  -2.5902770e-01   1.6310147e-01   2.7720113e-01  -1.4590920e-01   2.5308083e-01  -3.0332358e-01  -1.3353299e-01   2.4795258e-01  -6.1608662e-02   2.8996300e-01   6.8336058e-02   3.2046043e-01  -3.6548554e-02   2.8443593e-01  -2.6162579e-01   4.0493524e-01   4.3440992e-01   1.3054958e-01   5.2296685e-02   1.1531042e-01   4.6621578e-01   5.2758908e-01   2.6933091e-01   4.3627923e-01   6.4458787e-02  -6.9331715e-02  -1.8610507e-01   1.1253889e-01   2.3339217e-01   2.2280602e-01   3.7553628e-02   6.5229008e-01   3.9207339e-01   1.7899199e-01   2.6985213e-01  -3.2913078e-02  -6.9051448e-02   4.9291858e-01   7.5250637e-02   4.6080766e-01  -1.4588764e-01   4.3229619e-02  -4.7341322e-02  -1.9490966e-01   5.3940735e-01  -5.4315143e-02   1.0914932e-01   1.8258108e-01  -2.4529739e-01   2.7797482e-01   1.0065766e-01   3.8332763e-01  -3.1816395e-01  -6.2742126e-02  -1.2256813e-01
  -2.0436762e-01   5.7165022e-01   5.0255381e-01   2.5767498e-02  -5.5942834e-02   5.8379264e-02   3.1346130e-01  -4.4095311e-01   4.3721348e-02  -1.1360062e-01  -5.8578022e-02   0.0000000e+00  -1.2798566e-01  -2.1930233e-01   4.6966438e-01   2.3489406e-02   3.3535035e-01  -8.7210976e-03   7.3944345e-02  -1.3709329e-01  -7.8468166e-02  -2.6792509e-01  -3.1171825e-01  -3.0500724e-01  -9.0684540e-03  -1.5204363e-01   1.2489342e-01  -5.7052280e-01   1.0725581e-01   5.6285213e-01  -1.3554722e-01  -2.7816504e-01   5.2798971e-03   1.8071764e-01   4.4262626e-01   9.1982697e-02   6.4478508e-02  -3.8409001e-01   9.1723554e-02   4.2868663e-01  -2.1326548e-01   1.1170227e-01   2.3996873e-01  -4.6601778e-01   1.7930469e-01  -3.0678832e-04   9.1634333e-02   3.3414958e-01   2.0133947e-02   4.1858804e-01  -8.1795001e-02  -3.0002114e-01   1.5742328e-01  -4.2100908e-02   4.1610217e-02  -3.7815602e-01  -3.2307644e-02  -1.1783823e-01   2.5097692e-02   3.3308721e-01   1.6325024e-01  -1.5930539e-01   2.9466342e-01   1.9796477e-02   1.6160582e-01  -2.8283419e-02   8.2138444e-02   1.3569704e-02  -2.0371247e-01   4.5112756e-02   1.5105136e-01  -3.2773275e-02   2.4353977e-01   4.8378940e-01  -2.2927395e-02   1.1313343e-01   6.1686350e-03  -5.1870471e-01   1.9553832e-01  -3.1501439e-02  -4.2294356e-01   1.8796149e-01  -7.0051443e-03  -4.0111625e-01   3.2845774e-01   2.6247309e-04   4.4645444e-01  -2.4437392e-01   5.7773020e-02  -4.6611925e-01  -8.7383888e-02   2.0580872e-01   4.1173873e-01   3.3129309e-02  -2.4285057e-01   2.8566552e-01  -9.5096302e-02  -3.5882262e-02   8.2291679e-02  -9.1209638e-02   9.2148072e-02   1.5726543e-01  -4.2234736e-01   3.5707102e-01  -3.6034579e-01  -5.5701209e-02   3.0281686e-01  -2.1289618e-01  -3.0172951e-01   3.8151131e-01   3.0663214e-01  -4.9662069e-02   7.5912980e-02  -3.6311285e-01  -1.1818608e-01   1.9577333e-01  -3.9971799e-01  -2.8692546e-01  -4.9947939e-01  -1.3695400e-01  -7.0542673e-02   3.4733075e-02  -4.3646140e-02   2.5872953e-01  -2.6087020e-01   1.2456692e-01   2.1062674e-01   1.3643265e-02   1.9584583e-01  -5.5392085e-02   1.0641230e-01   3.1774193e-01   5.7370554e-01   2.3124476e-01  -5.0222289e-02  -5.6832741e-02  -4.5937098e-03  -3.4492847e-01  -5.2389256e-03  -3.8386812e-01  -4.8123590e-01   6.3630605e-02  -2.1520237e-01  -5.6366576e-02   1.1199673e-01  -2.1918838e-01   5.3732367e-01   1.0183309e-01   2.1049343e-01   5.9588628e-02   2.2876382e-01  -6.3915905e-01   8.2185652e-02   4.6281531e-02   5.7001472e-01  -1.3189638e-01  -2.6889791e-02  -2.2851080e-02   2.9592938e-01  -4.5868280e-01  -9.0647658e-03  -2.7957155e-01   6.8248959e-02  -4.3737418e-02  -1.0532977e-02   3.7101963e-01   1.7374239e-01  -5.2294596e-01   3.0305116e-01   2.9144570e-01   1.5122354e-01  -1.4885393e-01   1.4255944e-01   1.9431440e-01  -2.9752373e-02  -1.9825613e-02   1.6255145e-01
   2.9637304e-01  -1.4110727e-01   1.1584723e-01  -3.5218826e-01   3.8259390e-02   6.3361681e-02  -2.7761653e-01   2.5468088e-01   7.7431766e-02   2.0796896e-01  -5.5569379e-02  -1.2798566e-01   0.0000000e+00   1.3228883e-01  -3.3223633e-01  -4.5423146e-01   2.0317382e-01  -1.9678697e-01   1.0638432e-01   1.8479330e-01  -3.5960027e-01   1.2258701e-01  -2.4250755e-01   4.8225788e-01  -2.6427455e-01  -1.3255322e-01  -1.0562302e-01   1.4929331e-01  -2.2993149e-01  -2.1016906e-01  -1.5514525e-01  -1.9376677e-01  -3.9616648e-01  -3.3473213e-01   4.7576093e-02  -1.0251432e-01   1.7056752e-01   3.7209889e-01  -3.1789103e-01  -1.5856646e-01   5.5363088e-01  -1.6272818e-01   9.3544520e-02  -4.9820930e-04   1.2301502e-01   2.9039721e-01  -2.3267316e-02  -3.5037823e-01   2.6626427e-01   1.4082915e-01  -3.1497054e-01   9.9174374e-02  -3.5525648e-01  -1.0381706e-01  -6.3784496e-02  -2.1071234e-02   1.1440360e-02  -1.8123615e-01  -1.6813219e-01  -3.1440889e-01   2.2780258e-01   3.4066701e-01  -2.0164617e-01  -1.9853846e-01  -2.2208372e-01  -2.8678824e-02   4.8917923e-02   1.3445859e-01   1.8389468e-02   3.4764364e-01  -3.2584453e-01  -1.0128561e-01  -4.3329476e-02   1.3115988e-01  -2.7525485e-01  -9.6215370e-02   2.0459627e-01   1.9771914e-02  -9.8250349e-02  -3.8630457e-01  -5.1194775e-02  -2.5255318e-01  -2.6110424e-02  -9.0171597e-03   3.6034019e-02  -1.1392756e-01  -8.3808606e-02   2.8067424e-01  -1.6941672e-01   3.1983653e-01   9.9233605e-02   7.7432125e-02  -1.6698300e-01  -2.3602868e-01   3.2678907e-01   8.6888915e-02  -1.2103315e-01  -2.1349505e-02  -6.2168263e-02  -2.4726546e-01  -8.4462577e-02  -4.7228562e-01   7.6518188e-02  -1.0993598e-01  -1.7131694e-01  -1.6209397e-01  -3.2558738e-01   9.1255815e-03   2.0626897e-01  -2.4186050e-01  -3.9687405e-02  -2.0779903e-01  -2.3663865e-01   2.7897767e-01   1.7721640e-01  -1.1704739e-01  -2.4085142e-02   3.5562779e-01   3.6026056e-01  -1.8624526e-01   2.1751659e-01   2.2152221e-01   5.7106794e-02  -2.8225347e-01   3.4895907e-01   6.0152246e-02  -3.5592107e-01  -2.2363945e-01  -1.6213092e-01   3.0957023e-01  -1.7088128e-01  -2.4794037e-01   9.5035111e-02  -2.6566727e-01  -7.4168193e-02  -8.8236467e-02  -2.1447473e-01  -5.1144937e-02  -9.1588408e-02   3.7447748e-01   2.8755727e-01   8.1043339e-01  -2.8002279e-01   2.9191460e-01  -3.5918031e-01  -4.9761087e-02  -2.1935404e-01  -2.5367776e-01  -1.9741265e-01  -3.3694536e-01   2.3369222e-01   1.9197421e-01   5.0034236e-02  -5.2302588e-02   1.6483105e-01   3.6542591e-01   3.0118218e-01   6.3379384e-03   8.6777675e-02   1.6801527e-02   7.4733320e-02  -2.9460414e-01  -6.7027735e-02  -3.7674404e-01  -2.1658601e-01  -3.5647400e-02  -1.5595825e-02   1.4388758e-01   1.1130072e-01  -2.4082661e-01   5.0361359e-02   2.7744802e-01  -2.3689976e-01   1.4829838e-01  -3.7906851e-01  -1.6337108e-01  -1.5144674e-01
   2.9187974e-01  -2.0872089e-01  -3.5363310e-01   2.6928019e-01   1.4478451e-01  -1.3470651e-01   3.6098086e-03   1.0861311e-01   2.9683247e-01   3.0110902e-01  -1.0368994e-02  -2.1930233e-01   1.3228883e-01   0.0000000e+00  -7.4940364e-02  -6.9316054e-02  -3.2196976e-01   3.8952345e-01  -3.0290293e-01   1.3581882e-01   3.1689059e-01   5.8966085e-01   2.1543578e-01   8.5943045e-02  -7.2834879e-02  -3.8518034e-01  -2.8171535e-01   7.3300966e-02  -2.2860192e-01   1.4394774e-01   2.0682912e-01   1.2450516e-01  -3.5657155e-03   3.8154849e-02   2.4342587e-01   2.1245406e-01   2.7330457e-01  -3.9308780e-02   1.1061977e-01  -4.0187485e-01   4.4691577e-02  -1.7621757e-01  -1.3314188e-01   7.1714032e-02   7.9183201e-02  -1.6941696e-01   1.5448175e-01  -8.8014973e-02   8.0829289e-02  -2.3446884e-01   2.7924417e-01  -1.9767670e-01  -1.5840325e-01  -1.2973936e-01   4.3348744e-01  -1.0496137e-01  -3.0636992e-01   6.1323138e-02   3.0495833e-01   3.1802257e-01  -2.1667551e-01   5.1080137e-02   2.8756665e-01   1.5339790e-02   1.0322396e-01   2.3566603e-01  -1.2169945e-01  -9.4063526e-02  -4.3931363e-02  -1.2744730e-01  -3.1843032e-01   1.2549262e-01   1.3962661e-02  -1.0864830e-01   1.7696750e-02   2.4654536e-01  -8.5886232e-02  -3.6274484e-02   1.0331439e-01   9.7859166e-03  -7.4494489e-02   2.2786489e-02  -1.8696464e-01  -1.3939731e-01  -2.3285146e-01   6.5118497e-02  -2.6234674e-02   2.7650016e-01  -1.4205498e-01   2.2197040e-01   2.9320399e-01  -2.2227758e-01  -4.9400102e-02   2.3965646e-01   5.2312644e-02  -6.5809372e-02   5.5403976e-02  -1.4865905e-01   2.5871758e-01   2.2907801e-01  -6.1838603e-02  -3.0411877e-01   2.9438945e-01   2.5017816e-01   9.1040916e-02   2.0842231e-01  -8.7218398e-02  -4.7700783e-03   1.0705144e-01  -1.3255608e-02  -6.0875342e-02   9.8093097e-02  -1.0167749e-02   1.7665550e-01   1.6420596e-02   5.2885195e-02  -2.2049524e-01   2.5711500e-01   2.4342743e-01   8.5954112e-02   1.1346148e-01   1.4284299e-02   5.0976771e-02   3.2581304e-02   1.7763802e-02   3.3158618e-01  -4.3690719e-02  -9.5683272e-02   4.8177877e-01  -4.2496330e-02   1.7698481e-01   5.3642961e-02   7.2245390e-02  -1.7908288e-01   1.2766440e-01   2.0184400e-01  -1.4979890e-01   1.7923132e-01   4.8090230e-02   1.7345893e-01   4.9099568e-01   7.1574015e-02  -1.6999441e-01   6.8724669e-02  -5.1850303e-02   3.4918450e-01  -3.4910896e-01   1.0619773e-01   1.6591008e-01   2.3526572e-01  -1.3550418e-01   2.6168696e-01   4.8809132e-02  -1.2280956e-01  -2.9144262e-01   6.5111421e-02   1.3201743e-01   2.2218883e-01  -1.9218631e-01  -1.1012780e-01  -1.8189910e-02  -1.7448441e-01   1.5630561e-01   3.3757526e-01   5.0631654e-03   6.3302831e-02   7.2515004e-02   7.2704059e-02   1.6594317e-01  -7.3122255e-02   1.0761281e-01  -3.8442313e-02   3.9987027e-02  -1.3062127e-01   3.1453265e-02  -8.5985224e-02   4.2924304e-01
