   0.0000000e+00  -2.6160481e-02  -4.0353171e-02   2.2917508e-01  -2.6645052e-01  -4.1507435e-01  -2.6190628e-01  -1.8743955e-01  -5.2100085e-02  -1.8303966e-01  -6.1121734e-01  -1.9725124e-01  -9.1486415e-02   4.0729424e-01  -1.2457991e-01   3.3749537e-02   6.0412637e-02  -4.2898946e-02  -3.0999770e-01  -2.7843211e-01  -2.1501729e-01   7.7456715e-02  -2.3881275e-01   7.1311674e-01  -2.4037706e-02  -1.8269190e-01  -4.6095780e-01  -4.2681046e-03   1.0804354e-01  -1.0771213e-02  -2.0932247e-01   4.9634651e-02   1.4370185e-01  -3.4408774e-01  -1.9753920e-01  -3.0664645e-01  -2.6311219e-01   1.6557139e-01   1.0631755e-01  -2.9842222e-01  -7.8013171e-02   3.2649966e-02   1.3111898e-01  -1.5911536e-01  -2.3947699e-01   6.6721112e-01  -4.4327481e-01  -3.6784641e-01   1.8356698e-01   1.4323473e-02   2.2437003e-02  -2.4295028e-01  -2.6631902e-01   2.7592920e-01   5.1962198e-01  -3.3710288e-01  -2.6486932e-01   6.8556160e-02  -8.8516593e-02  -1.9797766e-02   1.6181579e-01  -2.0827525e-01   2.5287214e-01  -1.8913129e-01  -1.2114118e-01  -6.5088427e-01  -4.3760770e-01  -1.2153821e-01  -5.6525398e-01   5.4593280e-01  -2.4754948e-01  -2.0532089e-01  -2.9627705e-01   5.4815157e-01   3.2323165e-01  -5.3686981e-02   1.6379329e-01  -8.0037130e-02   7.2665300e-02   9.2998643e-02  -1.3228488e-01  -1.3150472e-01  -3.7422753e-01   2.0797092e-01   7.0480568e-02  -3.2298940e-02   4.2831406e-02   5.5890830e-01  -1.4110991e-01   7.2933027e-01   1.6212780e-01   2.6589367e-01  -1.3242405e-01   9.4400558e-02   3.2410846e-01  -3.2619069e-01  -6.7760299e-02  -4.1960401e-01  -2.5325150e-01   7.7263344e-02  -2.7618149e-01  -2.4233737e-01   1.3878776e-01   1.6087583e-01   1.0789953e-03   1.0377774e-01   3.7196624e-01  -4.7004603e-01  -1.6206177e-01  -1.8256447e-01  -3.2888065e-01   2.0405168e-01   2.3405346e-01   5.9118376e-01  -1.6088316e-02   1.1177572e-01  -2.0876957e-01  -1.3407009e-01  -1.0399181e-01   2.2437708e-02   4.5766013e-01  -6.0576997e-02   1.4614244e-01   8.4331180e-02   5.4905411e-01   5.6229825e-01   8.1144318e-02  -4.6810892e-02   4.6357916e-02   1.5042468e-01  -2.7903879e-01  -5.8098512e-02   5.8360887e-01  -9.2435761e-02   2.3120356e-01  -1.7614516e-01   2.9441210e-02  -4.0663338e-01  -1.6347030e-01   3.6350228e-01   7.0689956e-01   1.0444745e-01  -3.7272673e-01  -5.0832585e-01   6.1720774e-02   5.9713518e-02  -2.4660076e-01  -1.9813584e-01  -3.6251650e-01  -2.1291258e-01   3.5274514e-01  -7.5424834e-03   4.4298178e-01  -4.5601993e-01  -4.4169992e-01   5.4732056e-01   3.7437072e-01  -1.3854523e-01   2.7396901e-01   1.1987072e-01  -2.0856616e-02  -4.8310524e-01  -3.4408209e-01   6.1989591e-02   1.8438286e-01   1.9141497e-01  -3.5875583e-01  -1.0787132e-02   5.0649884e-01  -1.6224745e-01  -6.1096021e-03  -7.9644794e-03  -2.6961225e-01  -3.0751450e-01   2.1211260e-01  -2.0913075e-01   1.9335242e-01
  -2.6160481e-02   0.0000000e+00   2.5384393e-01  -9.3086465e-02   1.5092087e-01  -2.5501299e-01   6.3072357e-02  -3.5892543e-01   4.3160268e-01   1.4655498e-01   9.4618916e-02   6.4721965e-01  -1.5881686e-01  -2.9562647e-01   3.5728867e-01  -1.9167528e-01   2.0161750e-01  -1.0081033e-01  -1.8876055e-01  -2.5830522e-02  -7.1711412e-02  -1.7021016e-01  -1.2477161e-01   1.5441824e-01  -1.8646693e-01  -3.2647264e-01   6.1192408e-02  -3.5407072e-01   4.0790013e-01   2.9518982e-01   1.0259451e-01   8.8734715e-02  -8.1170898e-02   9.4911121e-02   3.2067447e-01   9.8473157e-02   4.3881935e-01  -2.2629471e-01  -1.0191133e-01   2.3125462e-01  -2.8807991e-01  -1.3333777e-01   5.4580091e-01  -3.2102446e-01   2.2809116e-01  -1.7641225e-01  -8.5651173e-02   3.7265348e-01  -5.4784735e-02   2.9677492e-01  -4.2913083e-02  -2.9120973e-01   5.3437490e-01   2.2836164e-02   1.5766563e-02  -2.4541657e-01  -1.3207176e-01  -1.7122006e-01  -1.3392762e-01   1.4071790e-01  -1.2915088e-01   2.1619908e-01   6.9339967e-01   3.4822247e-01   6.1685581e-01  -3.6411489e-02  -8.1506561e-02   2.4569306e-01  -2.3427158e-01  -3.1067423e-01   6.0994206e-01  -1.7678520e-01   4.8836792e-02   4.7937005e-01  -7.2391850e-03   4.0353650e-02  -2.8196626e-01  -2.6382611e-01   5.6467576e-01  -1.9762878e-01  -2.9657440e-01  -1.3685077e-01   7.9058805e-02  -4.0810273e-01   2.7482780e-02  -9.0348390e-02   5.3661375e-01  -5.3004801e-02   4.8085740e-01  -1.6026719e-01   4.2869286e-01  -8.2262782e-02   4.6633083e-01   9.5407699e-02  -4.1812050e-01   1.8543271e-01   9.2175924e-02   2.4404304e-02  -1.9111529e-02   5.8650507e-02  -1.9353861e-01   2.7512253e-01  -4.8709643e-01   3.9037850e-01  -1.7226328e-01  -1.2039857e-01   1.6435406e-01  -2.4324089e-01  -1.1699624e-01  -1.0989229e-02   2.9607302e-01  -7.8115156e-02   1.6735049e-01  -3.4282149e-01  -2.7741700e-01   6.2037831e-01  -2.0863723e-01   7.5128245e-02  -5.7462192e-01  -5.0839793e-02  -2.3475112e-01   3.6659588e-01   4.0387850e-01   4.3493922e-01  -1.8427915e-01   3.8029075e-01   3.0884683e-01   2.4508542e-02   1.1264634e-01  -1.9720192e-01  -2.7033575e-01   3.2320146e-01   3.1983791e-01   3.9742913e-01   1.5106587e-01   7.8328707e-03   7.1887362e-03   1.6584607e-01  -1.0440103e-02  -1.2298969e-01   1.9647049e-02  -2.5781319e-01  -2.9133200e-01  -1.0911423e-01   1.2880678e-01   1.7559436e-01   4.0876194e-01   1.7628610e-01   3.2496249e-02   2.8884632e-01  -2.9580799e-01  -4.3988808e-01  -6.2986261e-02   6.8839129e-02   4.7738719e-01  -1.1056477e-01  -3.8127283e-01  -1.1236930e-01  -3.1472237e-01  -1.7574722e-01   1.5784745e-01  -1.9334894e-01   1.6164077e-01   8.4520274e-02  -2.0119271e-01   3.5897418e-01   7.4731843e-02  -5.0440927e-01  -1.1259453e-01   2.8740531e-01   4.3184723e-01  -2.1116552e-01   2.8938167e-01  -1.0713559e-01  -6.6353599e-02   6.2201686e-02  -2.8688625e-01
  -4.0353171e-02   2.5384393e-01   0.0000000e+00   1.5026369e-01   2.3980161e-01   3.8846153e-01   2.5407957e-01  -2.0046210e-01  -5.7089431e-02   3.1432515e-01   2.0065192e-01   4.3420148e-01   2.5383418e-01  -5.0047040e-01   3.1350858e-01   1.3549910e-01   8.4963437e-01   1.2225291e-01   4.8080431e-02   2.6148753e-01  -2.1825208e-02   9.8175330e-02   1.1922595e-01  -1.2755070e-01  -1.5869312e-01  -1.0725932e-01   3.9319079e-01  -5.6358737e-01   2.5355907e-01   4.6567553e-02  -2.0918560e-01   6.2316356e-02   2.4539223e-01   2.0109726e-01   1.6140059e-01   2.5367465e-01   1.3636057e-01  -1.2669341e-02   1.9251342e-01   4.9278353e-01  -5.7899047e-02   2.6110871e-01   3.5945736e-01  -4.6683315e-01   1.2110933e-01   1.0039940e-02   2.8339257e-01   1.5220704e-01  -2.6160534e-01   7.0335737e-01   2.0127580e-01  -3.5123905e-01   8.7894287e-02   1.4790612e-02  -2.8968572e-01  -3.9255885e-01   9.3630887e-02   1.0357019e-01   1.2972904e-01   2.5348765e-01   4.9930810e-01  -7.7019731e-03   2.2982112e-01  -3.6245606e-01   8.6384868e-02   1.5935684e-01   4.7294001e-01   1.0426422e-01   1.7389499e-01  -1.0599107e-01   1.2206419e-01   1.4363559e-01   7.8676980e-04   4.3355121e-01  -9.7275323e-02  -8.2814088e-02   3.8406741e-01  -3.9639170e-01   2.1821914e-01  -3.3656934e-01  -4.4552273e-01  -2.1159466e-02  -2.7324529e-01  -3.6523720e-01   4.8700488e-02  -3.7425008e-01  -2.5137755e-01  -2.6470987e-01   5.9957947e-02  -2.4826770e-01  -1.4583812e-01   5.3225613e-01   4.8878846e-01  -1.7492937e-01   4.1980974e-02   1.9196637e-01  -1.2997298e-01   1.4196330e-01   1.3748417e-02   8.4883628e-02  -3.5511716e-01   1.8288355e-01  -2.7504519e-01   6.4618096e-02  -7.2498072e-02   2.0234841e-01   1.1376151e-01   6.0728930e-02  -2.4388536e-01   1.9936712e-01   2.2758042e-01  -4.5118313e-02   1.9231947e-01  -4.4103083e-01  -4.0330650e-01  -6.8864626e-02  -5.2815425e-01   1.6620944e-01  -4.2231195e-01   1.1557166e-01  -2.4097361e-04   3.4244458e-01   3.3502552e-01  -2.1802582e-02  -1.5780560e-01   1.9022246e-01   2.1212088e-01  -1.9136788e-01   1.3387226e-01   4.3311545e-01   1.7753831e-01   6.6067849e-02   3.3307306e-01   5.6689210e-02   1.7317137e-01  -1.6870869e-01  -7.2504119e-02  -2.1814017e-01  -4.6949541e-02  -2.4300973e-01  -8.4580088e-02  -2.6302362e-01   4.1050289e-02   4.4932816e-01  -2.2561874e-02  -6.9396036e-02   2.6021446e-01   9.1386721e-02   1.4790651e-01   4.8106031e-02  -1.7276444e-01  -5.2502383e-01   1.6297509e-01  -4.2682901e-02   6.4035166e-01  -3.9492672e-01   2.7823972e-02   1.7640920e-01   1.7393215e-01  -3.4588624e-01   4.1006022e-02  -7.3432849e-02   3.2255906e-03   1.4101082e-01   7.6782104e-02   8.7485161e-02   8.6354383e-02  -4.3315170e-01   7.1356057e-03   1.8621146e-01   1.2151657e-01   1.1300474e-01   1.8383001e-02   4.5512084e-01  -1.6992457e-01   6.9420704e-02   1.6355331e-01
   2.2917508e-01  -9.3086465e-02   1.5026369e-01   0.0000000e+00   1.2521244e-01   1.6260114e-02   8.7903782e-02  -1.8751344e-01   9.9922406e-02  -2.1158814e-01  -1.2161776e-01   8.5632105e-03  -6.3352014e-02   2.7202602e-01   2.4396250e-01   5.9590096e-01   1.5713010e-01   4.8674478e-01   7.3004166e-02   1.3911778e-01   2.1258772e-01   4.6213864e-01   3.6346581e-01   9.7207351e-02   9.3908645e-02  -1.2954225e-01  -1.7677656e-01  -1.1715909e-01  -1.5397582e-01   4.0744710e-01   4.9074553e-02   4.5187719e-01   5.3730898e-01  -1.1796105e-02   2.8038127e-01   1.1464953e-01  -9.8117634e-02  -2.9432520e-01   5.2013320e-01  -2.9726133e-01  -9.7858412e-02   4.5972397e-01   1.3654702e-01  -2.0676812e-01   3.4353418e-02  -9.1145472e-03   2.7327147e-01   4.9823049e-02  -3.2289183e-01  -5.9868036e-02   6.1714373e-01  -4.5403561e-02  -2.7369613e-01   1.1553742e-01   3.8143505e-02  -2.4418758e-01  -1.7905586e-01   4.9127410e-01   5.3992193e-01   3.1751272e-01   1.3556083e-01  -3.3792394e-01   3.5255512e-02  -2.9523812e-01   5.7300303e-02  -2.2335503e-01   3.6562824e-02  -9.0452538e-02  -8.8369521e-02   9.5544071e-02  -3.6409924e-01   4.0427029e-01  -1.3108004e-02   2.6267131e-01   5.8705001e-03   2.5820069e-02  -8.4166588e-03  -3.0204316e-01  -1.5895281e-02  -1.3463702e-01  -3.6567704e-02   9.2918360e-02  -3.7250314e-01  -1.2671798e-01  -9.7144137e-02   6.2992375e-02  -1.4192018e-01   3.2099583e-01   1.4279763e-02   1.4691841e-01  -1.9620140e-01   2.3410086e-01  -7.5777430e-02   2.7586002e-01  -2.4939136e-01  -3.9628654e-01  -7.9128672e-02  -1.7541098e-01  -3.0633517e-01   1.2950365e-01  -3.1552170e-01  -8.7531193e-02   2.8009462e-01   1.6200601e-01   6.0340061e-01   5.1344193e-01   3.4235267e-01  -2.3032717e-01  -2.5816461e-01   2.1350609e-01  -2.0348494e-01   4.8545363e-01   4.9129411e-01  -7.4872906e-02  -5.5318807e-02   9.6207645e-02  -1.3052745e-01   1.8486038e-02  -2.7840740e-01   6.5399688e-01   1.2570143e-01  -4.1603884e-02   6.8720112e-02   1.7875638e-01  -1.3733677e-01   3.1232562e-01   4.8882001e-01  -2.7533141e-01   5.0125495e-01   1.6890940e-02   3.5688365e-02   1.5991756e-01   1.7546728e-01  -1.3390141e-01   5.7424345e-01  -2.6836999e-01   6.9886201e-02  -3.4940305e-01  -9.3602863e-02  -1.6927062e-01   2.0001458e-01  -3.4251106e-01  -1.2980506e-01  -9.8616105e-02   1.1059019e-01   3.3472580e-01  -2.0527133e-01   2.1203542e-01   2.0160951e-01  -2.0738873e-01   1.7726388e-01  -2.7900374e-02   4.0172572e-01  -1.7396707e-01  -1.9616853e-01   2.9610401e-03   3.4376234e-02   4.3445567e-01   1.9691264e-01   1.3420629e-01  -2.6166314e-02  -3.0486192e-01  -8.1328477e-02   6.9900358e-01   4.4527660e-01   3.0899783e-01   1.4174426e-01  -1.4958173e-01   3.9717763e-01  -1.9156357e-01  -2.0067098e-02  -3.3541223e-01   2.3145830e-01  -6.7844922e-02  -1.2331491e-01  -3.1397388e-02   4.3894152e-01
  -2.6645052e-01   1.5092087e-01   2.3980161e-01   1.2521244e-01   0.0000000e+00   3.1071725e-01  -7.6771942e-02  -3.9715529e-01   9.2992592e-02  -6.5257652e-02   1.2989951e-01   2.6934952e-01   2.3007571e-01  -2.3333498e-01   8.7234772e-02   4.3203185e-01   2.9353834e-01   3.8105774e-01   2.7279507e-01   7.3219900e-01   4.9767176e-01  -6.2322739e-03   8.6881452e-02  -5.2456832e-01   7.9332020e-02  -1.2791129e-01   5.7245229e-01  -4.7937444e-01  -4.7262514e-02   6.4873220e-02  -1.2553562e-01   7.0588136e-02   1.7713456e-01   1.6370397e-01   7.9514050e-02   6.2942898e-01   9.7400970e-02  -2.8257944e-01   4.5100986e-01   3.0282402e-01   1.5049643e-01   1.3124280e-01   2.3891310e-01  -2.0565329e-01   2.7394075e-02  -2.5118693e-01   4.5313719e-01   4.7444004e-01  -2.1647898e-01   2.7826869e-01   4.0473874e-01  -9.9633989e-02   1.0902984e-01  -2.4986763e-01  -4.9811029e-01  -3.2761251e-01   1.5075504e-01   8.3072206e-02   1.9190869e-01   1.3625175e-01  -9.2227776e-02   4.4496771e-02  -1.4837006e-02  -2.3044056e-01  -1.1244844e-01   3.8120375e-01   2.6852820e-01   1.3080440e-02   9.4305852e-02  -2.8956405e-01   4.3632864e-02   3.1598621e-01   2.8223302e-01   2.5124032e-02  -2.8920207e-01   4.4146351e-02  -7.7416230e-02  -8.5654238e-02   5.1122961e-01  -5.9212032e-02  -5.4974219e-01   1.1834537e-01  -1.0659370e-01  -5.7347257e-01   3.9004780e-02  -2.4742506e-01  -2.9482238e-01  -4.7813011e-01   2.2036974e-02  -3.0609551e-01   2.1685541e-01   1.6030729e-02   4.5317882e-01   4.4952507e-02  -2.4100518e-01   5.7724226e-01   4.5937264e-02   1.5564953e-01   3.2686902e-01  -2.2880505e-01  -2.5731676e-01   4.5456048e-02  -2.1059491e-01   1.3428252e-01   4.9650454e-02  -2.7134689e-02  -1.1496808e-01   4.4234365e-02  -1.5439781e-01   5.5159728e-01   1.9811064e-02  -1.5169941e-01  -1.7631771e-01  -2.4286118e-01  -4.6498290e-01   3.2765169e-01  -2.4308880e-01   8.6495997e-02  -2.6200026e-01   9.1144592e-02  -3.0909983e-01   7.3677773e-01  -3.4248410e-02  -6.2517402e-04  -3.2803028e-01  -1.1303297e-01   8.0753055e-02  -3.2175166e-01   1.1790156e-01   7.3096531e-02   3.3562503e-01   1.1124653e-01   2.4266648e-02  -1.1677586e-01  -4.1888952e-02  -9.7817601e-02   5.0831217e-03  -1.7366999e-01   1.8297050e-02  -2.3330665e-01  -4.7787275e-01  -1.2854259e-01   1.0002669e-01   1.2672847e-01  -4.4528978e-01  -6.3443468e-02  -9.0664312e-03   6.1545963e-01   6.2952571e-01   1.0357980e-02  -3.1172537e-01  -4.5325594e-01  -2.0869441e-01   2.5046554e-01   4.1026146e-01  -2.7173619e-01  -2.0094031e-01   8.9242860e-02  -4.7208827e-02  -4.8028708e-01  -5.2387352e-02  -8.6355990e-02   4.2585462e-01   2.9741287e-01   1.9208666e-02   2.9324380e-01   3.1583995e-01  -3.2918492e-01  -1.7208467e-01   4.4293920e-01   6.3728461e-01  -1.8676374e-01   4.8319067e-01   2.9117195e-01  -2.5624621e-01   8.1637146e-02   6.8558307e-02
  -4.1507435e-01  -2.5501299e-01   3.8846153e-01   1.6260114e-02   3.1071725e-01   0.0000000e+00   6.0053992e-02   1.7520693e-01  -1.7257534e-01  -8.9033051e-02   3.7065697e-01  -7.0353907e-03   1.9888747e-01  -1.4417097e-01   9.1793357e-02   8.9831421e-02   3.1953543e-01   1.6803305e-01   5.2568999e-01   2.6760542e-01   1.0238189e-01   3.6560197e-01   2.3705586e-01  -4.6312409e-01  -5.8702999e-02   3.5892068e-01   3.7785943e-01  -1.8024693e-01  -1.9338166e-01   5.7459037e-02  -2.3824129e-01   1.1293613e-02  -4.2295164e-02   2.0424262e-01   2.7419278e-02   1.0568475e-01  -2.3869566e-01  -1.1536090e-01  -9.0623560e-03   1.9115301e-01   2.0293433e-01   6.3398784e-02  -1.7415853e-01   9.2160235e-02  -8.2202503e-02  -1.0893207e-01   4.5096831e-01   4.8892464e-02  -2.7081279e-01   1.1114365e-01   2.0710395e-01   1.4055495e-01  -3.1213008e-01  -2.8569567e-01  -3.2480344e-01  -1.8265369e-02   5.6527057e-01   2.8337389e-01   2.8192342e-01   1.7916041e-01   2.3616816e-01  -1.9290332e-01  -3.4221361e-01  -3.5500016e-01  -4.2096756e-01   3.6752151e-01   8.4257033e-01   1.5075235e-01   7.6532844e-01  -1.2039115e-01  -2.9614388e-01   4.2450672e-01  -1.0821307e-01  -2.0989678e-01  -3.0662876e-01   1.6374013e-01   2.4787737e-01   1.5017113e-01  -2.0241016e-01  -4.8340563e-03  -9.4354646e-02   2.7017903e-02  -1.7253112e-01   1.9419900e-02  -3.1535097e-01  -8.8744745e-02  -4.1016628e-01  -4.1190242e-01  -2.7103661e-01  -4.1952865e-01  -3.7439473e-01   1.8855840e-01  -6.0238299e-02  -1.7573113e-01   8.9877054e-03   9.9987568e-02  -1.2449976e-01   5.8109506e-01   1.6732067e-01  -1.8637748e-01  -2.8827912e-01  -5.6853801e-02   2.1016794e-01   6.7917075e-02   1.2054039e-01   2.8871998e-01  -3.6923495e-01   7.3285806e-01  -2.8383916e-01   3.1392645e-01  -6.0617880e-02   1.3289288e-01  -1.5146555e-01  -3.3072826e-01  -2.9437236e-01  -3.0675008e-01  -4.0538917e-02  -1.0085492e-01  -3.8329476e-02   6.5251936e-02  -9.0896889e-02   8.6529672e-02  -7.4679214e-03  -2.8950936e-01  -2.0912510e-01  -1.5622019e-01  -1.7679919e-01  -2.8945358e-01   2.6781600e-01   1.9207717e-01   2.7650994e-01  -3.1178527e-01  -1.8318413e-01  -3.9250924e-01  -3.0208398e-02   1.0402100e-01  -6.1488521e-02  -1.8038365e-01   7.2419183e-02  -1.8721704e-01  -3.4731581e-01  -6.7744177e-02   4.0359521e-01   5.3038548e-01  -3.6253529e-01  -1.0351166e-01  -1.3965361e-01   2.3214084e-01   4.0901130e-01  -3.1373255e-01  -3.2347850e-01  -3.2702862e-03  -1.5015798e-01   1.7839142e-01   2.7300343e-01  -3.1943146e-01   6.5670090e-02   1.5779790e-01   1.9259388e-01  -1.3910150e-01   4.0020548e-02   3.9970945e-01  -1.2896154e-01   7.8237967e-02   2.0175812e-01  -2.5305387e-01   2.5311556e-01   4.3824201e-02  -1.7785293e-01  -1.0110228e-01  -4.6624562e-03   6.3173687e-02   1.6098673e-01   5.4971278e-01  -3.2340490e-01   5.6128315e-02   2.4477116e-01
  -2.6190628e-01   6.3072357e-02   2.5407957e-01   8.7903782e-02  -7.6771942e-02   6.0053992e-02   0.0000000e+00  -2.9374357e-01   7.7573508e-03   3.1817351e-01   4.7426842e-01   4.8173970e-01   9.8680298e-02  -3.3940740e-01   4.6389771e-01   8.3676431e-02   3.9252114e-02   1.8107403e-01  -3.8514789e-01   2.8403559e-01   2.3289604e-02  -1.5742434e-01   6.1046501e-01  -1.1111459e-01   8.5124242e-02  -1.8889793e-01   1.3966178e-01   5.1315514e-02   1.9554776e-01  -1.2255507e-01   1.0258390e-01  -1.3874469e-01   4.3139919e-02   7.3418525e-01   6.7832096e-02   2.9515754e-01   3.0981162e-01  -1.6983986e-01  -7.0083378e-03   2.3127214e-01  -2.3332515e-01   1.1727727e-01   1.1590087e-01  -3.0587568e-01   6.4237632e-01  -2.9549991e-01   3.6126985e-01   3.8144723e-01   6.0452042e-02   7.9564886e-02   2.1817199e-01  -3.2860246e-01   1.2728714e-01   2.9294849e-01  -1.2178081e-01   2.2870701e-01  -3.8839361e-01  -3.5053299e-01   9.1318112e-02  -1.4906000e-01  -3.5433239e-02   5.4982866e-01   9.3916777e-02  -1.3564394e-01   3.6116887e-01   3.7258273e-01   2.2689768e-01   2.9274221e-01   9.1729047e-02  -2.4367979e-01   1.8707919e-01   3.0821481e-01   2.3260307e-01  -6.3783266e-03   2.3543901e-02  -2.8831133e-01  -1.1075304e-01  -2.4778687e-01  -2.3147781e-01  -6.3625627e-02   2.7463564e-01   1.0469072e-01   1.0059551e-01  -2.4024518e-01  -1.2317143e-01  -7.5850026e-02  -2.5763871e-02   1.0538888e-01   1.8112620e-01  -3.6820486e-01  -4.2184406e-01  -1.0993832e-01   2.0534583e-01  -1.3077454e-01  -2.6980696e-01  -2.7804604e-02   3.2731319e-01  -1.6745929e-01   1.4277282e-01   7.0961574e-01  -1.7271048e-02   6.4885097e-01  -5.9345283e-02  -2.9132093e-01   2.3386471e-01  -3.2623321e-01   1.2908201e-01  -1.1294741e-01   1.9067873e-01  -3.6566237e-02   6.8767337e-01  -1.4292882e-01   1.4075593e-01  -4.6353171e-01   3.4048917e-01  -2.0329084e-01  -1.8347716e-01   3.5148619e-01  -3.1679580e-01   1.6271092e-01  -1.9585274e-01  -1.4743867e-01  -8.3291929e-02  -1.0860432e-01  -3.7611837e-01  -1.4149598e-01   3.4969283e-01   3.4865093e-01  -3.2221897e-01  -2.6372327e-01   1.0637554e-01   4.7990151e-01  -9.6462080e-02   4.1808794e-02   1.2553349e-02  -1.7088812e-01   3.1222629e-01   1.9579105e-01  -1.0924515e-01  -2.8017716e-01  -1.2551941e-01  -5.2874565e-02   7.4119953e-02   2.5104710e-01   5.2299463e-01  -8.6110000e-02   6.7869611e-01  -1.3590496e-01   8.5448965e-02   2.4507275e-01   9.1321756e-02   1.0011611e-02   8.7519233e-02   2.5966966e-01   2.2046599e-01  -3.7129988e-01  -2.4119925e-01   3.8413932e-01  -2.4876899e-01  -4.8001832e-02   2.6978300e-01   1.1847767e-01   5.2506891e-02  -5.2765437e-02  -4.3012168e-01   8.8801599e-03   4.5008082e-01  -1.1635606e-01  -1.5291710e-01  -7.0755133e-02  -2.5343245e-01  -1.1669287e-01   1.4435837e-01   4.2418600e-02  -1.6652824e-01   4.3101915e-01  -2.6670621e-01
  -1.8743955e-01  -3.5892543e-01  -2.0046210e-01  -1.8751344e-01  -3.9715529e-01   1.7520693e-01  -2.9374357e-01   0.0000000e+00  -7.0282147e-02  -2.3242290e-01  -1.3803661e-01  -4.0263445e-01  -2.3940445e-01   7.3318965e-02  -4.4366251e-01  -2.8608455e-01  -9.3187159e-02  -3.8150352e-01   2.8298573e-01  -3.8392462e-01  -2.3327763e-01   1.9005751e-01  -1.9530020e-01  -3.8918283e-02  -8.2871290e-02   6.9644416e-01  -1.2433801e-01   3.5168242e-01  -2.4207664e-01  -1.4962812e-01   2.5693535e-02   1.0264711e-01  -9.6725149e-02  -2.2534461e-01  -1.3300692e-01  -4.1114275e-01  -2.3398837e-01   3.8786955e-01  -2.9938805e-01  -1.5988488e-01   3.0594937e-02  -3.3077878e-02  -3.1559217e-01   4.4018650e-01  -2.5370333e-01   6.6412995e-02  -3.6680335e-01  -4.9017512e-01  -3.9451405e-02  -1.7089554e-01  -4.0679413e-01   5.8015096e-01  -2.3256174e-01  -1.2506861e-01  -2.4763884e-02   2.1193648e-01   3.7006592e-01   1.7414348e-01   4.9397983e-02   1.3624962e-01   1.3882293e-01  -3.9497032e-01  -2.6373807e-01   4.1855457e-02  -2.4354220e-01  -4.1764109e-02   1.0199154e-01  -7.3110260e-02   3.4375900e-01   5.2033846e-02  -1.2400880e-01  -1.9981605e-01  -2.5607847e-01  -3.8356568e-01   2.2672240e-02   1.8453237e-01   1.8902807e-01   5.8466996e-01  -3.6131331e-01   4.6774539e-02   3.1544441e-01  -1.7240350e-01   1.0061472e-01   7.0555018e-01  -8.9254362e-02   2.0000051e-01  -4.3023382e-02  -8.6766198e-02  -1.2223086e-01   3.4418320e-02  -2.7269012e-01   4.8001834e-02  -3.3074321e-01   9.2749184e-02   2.8233653e-01  -1.6237399e-01  -1.1158187e-01   3.3635167e-01  -2.0118781e-01  -2.0086589e-01   3.2755561e-01  -3.4459375e-01   4.7052287e-01  -1.8800870e-02  -1.3401219e-01   2.3061513e-01  -1.8533767e-01   5.2092393e-01   1.7381873e-01  -3.1692673e-01  -2.2369779e-01   1.5115412e-01  -2.8156991e-02   1.3654698e-01   1.1094031e-01  -3.1156807e-01   4.1052633e-01  -1.7526361e-01   4.2259393e-01  -7.3887447e-02   2.4090855e-01  -3.8704040e-01  -5.6955430e-02  -1.7914294e-01   1.6825983e-01  -2.0324462e-01  -3.5332412e-01  -1.2464540e-02   9.4386628e-02   1.8381670e-02  -1.7906855e-02  -3.9087134e-01  -3.9893889e-01  -1.2828193e-01  -6.1577752e-02   2.9954630e-01  -2.8004065e-01   1.1296622e-01   1.7022047e-01   1.2927134e-01   1.6182054e-02  -3.5379245e-02   3.6239422e-01   4.4828305e-02  -1.9511885e-01  -1.2834408e-01  -2.2037798e-01  -3.7685020e-01  -3.1361610e-01  -2.5317352e-02  -9.7552274e-02   4.3810898e-01  -2.0545786e-02  -1.2991615e-01  -1.2158264e-01   7.6833499e-02   1.9095762e-01  -3.6549207e-02   2.4750699e-01   3.7660100e-01  -5.5081291e-02   4.3551057e-01  -2.6199213e-01  -2.1204055e-01   1.5124498e-01  -3.8976228e-01  -2.4488877e-01   4.5808102e-01   4.0929367e-04  -3.0785610e-01  -2.8913332e-01   3.1674526e-01  -4.0579289e-01   1.3036124e-01   1.5096755e-01  -2.3199765e-01   4.0452775e-02
  -5.2100085e-02   4.3160268e-01  -5.7089431e-02   9.9922406e-02   9.2992592e-02  -1.7257534e-01   7.7573508e-03  -7.0282147e-02   0.0000000e+00  -1.4827028e-01   5.1575994e-02   2.1853464e-01  -3.4872897e-01  -7.1000888e-03  -8.5272640e-02  -9.8561418e-02  -1.2837016e-01   7.8236732e-02  -1.5759271e-01  -3.5918248e-02   2.2784136e-01   2.8553909e-01   2.2713703e-01   6.9940074e-02   2.0474069e-01   5.7482962e-02   6.0288164e-02  -6.4291739e-02   1.8181309e-01   5.5777684e-01   1.1384320e-01   2.1335799e-01   2.5513371e-02   7.3164464e-02   4.6091286e-01   3.8308256e-02   2.4102495e-01  -3.6129752e-01  -9.5807246e-02  -1.3996970e-02  -1.9671273e-01  -5.4709755e-02   4.2332876e-01  -1.6485205e-01   3.4337346e-01  -1.4993099e-01   1.1884130e-01   1.7142154e-01   3.0476620e-02  -1.2787143e-02  -1.5486440e-02   1.0282798e-01   8.6334116e-02  -7.0958773e-02   1.2985314e-01  -2.2102823e-01  -4.0959906e-03   1.6367447e-01   3.0001347e-01   5.4131239e-01  -3.3769619e-01   1.6298266e-01   3.9387502e-01   1.5198427e-01   4.7072393e-01  -1.4127410e-03  -1.9602444e-02   3.0516165e-01  -2.6034803e-02  -1.6661668e-01   1.7723901e-01   2.1885388e-01  -5.9905872e-02   1.3925863e-01  -1.5595671e-02   2.6718100e-01  -4.4799761e-01  -2.3390615e-02   1.0002223e-01   1.2114660e-01   1.2530182e-01  -2.1834081e-01   1.7745612e-02  -8.9629194e-02  -7.1072780e-02   2.4081638e-01   3.5684399e-01   8.0343488e-02   6.9439484e-01  -1.7970440e-01   1.0368518e-01  -2.8448005e-01   1.7483977e-01   7.3218034e-01  -4.9805466e-01  -6.7381012e-03   3.6987561e-01   9.9152396e-02   1.0405611e-01   2.4798801e-01  -5.0522375e-02   1.1003635e-01   2.2691956e-02   6.9207831e-01   1.2922929e-01  -5.0613303e-02   1.2332946e-01   2.0660489e-02  -4.7118820e-02   1.5793951e-01   5.5198714e-02   3.1772192e-01   4.0700154e-01  -3.5260493e-01  -1.4293054e-01   3.6690557e-01  -9.3756234e-04   6.2954745e-02  -4.3122128e-01   2.2069600e-01  -3.0432320e-01   1.4985030e-01   3.6964987e-01   3.3962834e-01  -2.0789619e-01   3.3378168e-01   2.7371529e-01   6.7786357e-02   3.7301443e-01  -3.2365616e-01  -2.4906973e-01   8.7935238e-02   1.1114896e-01   3.4331057e-02   4.5173689e-01   2.0728220e-01   1.0557587e-01  -8.4087149e-03   2.8291583e-01  -3.6242135e-01  -1.5561260e-01  -4.3921144e-01  -5.0823144e-02  -1.7315036e-01   2.7904147e-02   2.8445327e-01   1.1460615e-01   2.6340553e-01   2.0570586e-01   2.1210189e-01  -3.1296891e-01  -5.9371191e-02  -1.5145765e-01   2.1172094e-01   9.0392156e-02  -1.8896791e-01  -5.2045666e-01   1.8807308e-01  -3.6643287e-01   1.8674158e-01   4.0839595e-01   8.4242089e-03   1.8788855e-01   4.4302110e-01  -5.9938096e-02   9.6465992e-02   2.4611926e-01  -1.5800983e-01  -1.9663820e-01   1.4353866e-01   1.6916686e-01  -4.8555628e-01   4.2052506e-01  -1.9479928e-01   3.4628364e-02   5.4700077e-02  -4.9894967e-02
  -1.8303966e-01   1.4655498e-01   3.1432515e-01  -2.1158814e-01  -6.5257652e-02  -8.9033051e-02   3.1817351e-01  -2.3242290e-01  -1.4827028e-01   0.0000000e+00   1.4749843e-01   2.3871664e-01   4.0705450e-01  -3.1671241e-01   2.3219755e-01  -3.3031136e-02   1.6315848e-01  -3.1236981e-02  -1.7872371e-01   1.6005749e-01  -2.0410366e-01  -2.6280376e-01  -1.4115783e-01  -1.4586334e-01   1.5733340e-01  -2.1487834e-01   7.5005056e-02  -4.4542872e-02   1.2440175e-01  -3.8409564e-01  -5.8523489e-02  -3.1435806e-01  -6.0431966e-02   1.1480879e-01  -1.7064674e-01   3.1242619e-01   3.3388655e-01   1.6164083e-01  -5.3442366e-02   3.9244324e-01   1.6240320e-01   8.3535728e-02  -9.0902051e-02  -2.0125419e-01   3.3405900e-01  -2.6262354e-01   1.2697342e-01   2.8591188e-01   8.4215505e-02   2.7057862e-01  -1.1834164e-01  -3.5987910e-01   4.4807277e-01   8.9748356e-02  -1.8269253e-01   6.5392108e-02  -1.8201287e-01  -3.8583875e-01  -9.0381189e-02  -2.4725339e-01   1.4602704e-02   4.9408634e-01  -1.7068274e-01  -1.8782698e-02   6.4650408e-02   2.4623830e-01   7.2568394e-02   1.1545045e-01  -1.6556957e-01  -2.3738402e-01   2.5196303e-01  -5.3110384e-03   2.0771029e-01  -8.4804977e-03  -2.2542547e-01  -3.9275387e-01  -1.3987903e-02  -1.5058345e-01  -1.7655462e-02  -3.8452516e-02  -1.4268222e-01  -2.5812520e-02  -1.1010352e-02  -1.7390691e-01   2.2546414e-01  -3.7873937e-01  -2.1834762e-02  -1.6558299e-01   3.6638299e-02  -3.3459668e-01  -1.5951487e-01  -1.5498841e-01   1.8122498e-01  -4.9819472e-01   1.3760251e-01   1.9169381e-01   7.3011674e-02   3.4415427e-02   4.3874358e-01   1.0086366e-01  -2.2608280e-02   3.5823149e-01  -3.8803529e-01  -1.9356043e-01  -1.4556588e-01  -3.5438697e-01  -1.9617964e-01  -2.3098302e-01   1.4507762e-01   2.8906934e-02   3.2266847e-01  -3.8303422e-01  -1.9651019e-01  -2.4218589e-01   6.5773954e-02  -2.4583928e-01  -1.5154020e-01   4.3833485e-01   7.5282676e-02  -1.5812765e-01  -3.2651354e-01   1.8423992e-02  -1.3476223e-01  -3.3897726e-01  -2.2316366e-01  -2.0604285e-01  -1.9537905e-01   1.0829072e-01  -4.6645569e-01   7.2324955e-02   1.6123278e-01   5.0878401e-02   1.8958460e-01   1.4769931e-01  -2.9886115e-01  -2.1609553e-01   1.2165639e-01   2.2668735e-01  -2.9993619e-01   1.6467580e-01  -1.8173489e-01   1.6242969e-01  -4.5677859e-02   4.8533705e-01   1.4428916e-01  -4.7457824e-01   3.1664588e-01  -2.8777534e-02  -3.5053148e-02   1.8279159e-01   1.3723792e-01  -2.3839816e-01  -3.6900811e-01  -1.1774800e-01   4.1846031e-01  -1.5419904e-01  -1.7132093e-01   9.2520200e-02  -3.2736206e-01  -3.3802942e-01  -9.0075721e-02  -9.2619976e-02   3.1175063e-01  -3.4605359e-01  -3.4713409e-01  -2.0077625e-01  -1.9560653e-01   4.8635898e-02  -4.1403028e-01   5.8679403e-02  -2.4174077e-01   2.5900163e-01  -7.7239939e-02   3.1597083e-01  -4.2926489e-02   3.2478712e-01  -2.4533612e-01
  -6.1121734e-01   9.4618916e-02   2.0065192e-01  -1.2161776e-01   1.2989951e-01   3.7065697e-01   4.7426842e-01  -1.3803661e-01   5.1575994e-02   1.4749843e-01   0.0000000e+00   2.8382395e-01   2.8445790e-02  -4.3103600e-01   4.3920682e-01  -8.1180028e-02   2.8996942e-02   1.5613449e-01   1.3911862e-01   2.0834817e-01   1.6701855e-01   4.0244365e-02   4.2083638e-01  -3.9746382e-01  -4.4504703e-03  -8.9414747e-02   3.6842621e-01  -2.3694521e-02   1.7684169e-01   8.0328595e-02   3.5610940e-01  -2.2053626e-01  -1.7714954e-01   4.5072177e-01   1.7851736e-01   2.1685138e-01   3.6240638e-01  -3.7498939e-01  -9.3565519e-02   3.1375789e-01   3.6233380e-02  -1.0914965e-01   1.0306205e-01   1.2074745e-01   4.9561011e-01  -3.5789435e-01   6.6290893e-01   3.5146905e-01  -1.3625827e-01   3.7794438e-02   1.4812905e-01  -1.7303379e-02   3.8447919e-01  -1.9446634e-01  -1.5078991e-01   3.5740732e-01   1.0234891e-01  -1.8333388e-01   8.5113508e-02  -4.0744236e-02  -1.4105318e-01   2.9120180e-01  -3.6186190e-02   1.3662274e-01   3.0828301e-01   5.1232683e-01   4.3401865e-01   1.9516959e-01   5.5657503e-01  -2.8885635e-01   1.6542456e-01   3.0073341e-01   3.6584823e-01  -2.2782304e-01  -2.3916818e-01  -1.9751215e-01  -2.0952088e-01  -2.4467413e-01  -9.8183240e-02   2.5751634e-02   2.8183791e-01   1.3131376e-01   3.7045593e-01  -2.7154585e-01  -8.2924214e-02  -3.3377115e-03  -2.2084046e-02  -3.2683477e-01   9.0950598e-02  -5.5606778e-01  -7.6341179e-02  -2.4932341e-01   1.4498627e-01  -7.0088114e-04  -3.4691714e-01   9.4082128e-02   8.1813727e-02   2.2496382e-01   1.9377126e-01   1.6925102e-01   1.3148083e-01   4.7212653e-01  -1.7924748e-01  -1.1905174e-01  -1.7371522e-02  -1.9429189e-01  -2.5971237e-01   2.9552860e-01  -9.2757536e-02   2.4736729e-01   4.4599461e-01  -1.1660604e-01  -6.2747430e-02  -5.4220620e-01   2.2969985e-01  -3.6554020e-02  -2.5450463e-02   1.7330872e-01  -4.9715571e-02  -1.5825693e-02  -4.0891438e-01  -6.4224962e-03  -9.8693918e-02   1.8719429e-01  -4.0412925e-01  -2.8120227e-01   2.3949821e-01   1.3836785e-01  -8.2711622e-02   5.8347992e-02   5.2973280e-02   3.9364638e-01  -1.4418739e-01   3.2027539e-01  -1.1078480e-01   6.1618124e-03   1.6876942e-01   3.8558891e-01   7.4505692e-02  -4.5039931e-01  -4.1753178e-01  -2.2016441e-01   1.9073564e-01   4.7810311e-01   2.9042388e-01   1.0574740e-01   3.2740370e-01   2.7611684e-01   4.2361468e-01   2.7118935e-01  -2.0577639e-01   2.2290707e-02  -1.9852488e-01   7.0562297e-01   3.4448837e-01  -5.1248462e-01  -4.1921207e-01   1.9620313e-01  -2.8416214e-01  -4.1311237e-02   2.0419243e-01   1.3534353e-01   2.9668228e-01  -4.2681536e-02  -2.6737679e-01  -7.5818719e-02   5.7755413e-01  -3.0528174e-02  -3.3817469e-01   9.9713560e-02  -7.8145246e-02  -2.1138903e-01   4.3223866e-01   2.0476116e-01  -1.9705993e-01   2.8075158e-01  -9.8636782e-02
  -1.9725124e-01   6.4721965e-01   4.3420148e-01   8.5632105e-03   2.6934952e-01  -7.0353907e-03   4.8173970e-01  -4.0263445e-01   2.1853464e-01   2.3871664e-01   2.8382395e-01   0.0000000e+00  -3.8044807e-02  -6.0719931e-01   4.5416728e-01   3.1608129e-02   2.3384136e-01   3.7183045e-02  -2.8693866e-01   3.6719329e-01   8.3057671e-03  -1.8659578e-01   6.5907123e-02  -1.3752451e-01  -1.3729074e-01  -3.4604516e-01   3.4946800e-01  -5.6336030e-01   3.6354449e-01   7.2513059e-02  -3.0705720e-02  -2.8745123e-02  -7.3677919e-02   4.3097557e-01   4.0537707e-01   4.9145861e-01   5.2667581e-01  -2.4501414e-01   8.8536450e-02   4.3257129e-01  -2.6726357e-01   1.7678595e-02   5.2160562e-01  -4.9813015e-01   5.7197016e-01  -3.1002817e-01   2.3070986e-01   5.9939487e-01  -1.8293501e-01   2.7377888e-01   1.2077769e-01  -4.8934174e-01   4.4982361e-01   1.2576020e-01  -2.8707635e-01  -3.6315990e-01  -2.7860635e-01  -2.7565891e-01  -2.7521914e-02   2.4948771e-01  -8.1113943e-02   3.8457005e-01   4.7590222e-01   1.4849739e-02   4.5399845e-01   3.6755943e-01   2.3331317e-01   3.6761484e-01  -7.7163554e-02  -4.4805381e-01   4.7044928e-01   2.1065449e-01   2.6661745e-01   2.5651764e-01  -1.1176293e-01  -2.3141028e-01  -1.1563828e-01  -1.9488324e-01   4.1471788e-01  -3.1837186e-01  -3.6057732e-01   6.7571633e-02  -9.4450638e-03  -5.7936352e-01  -1.8512498e-01  -3.0083907e-01   2.1564611e-01  -2.9431986e-01   2.7126367e-01  -3.5814652e-01  -1.6827864e-02  -1.2741653e-01   5.1491956e-01  -3.7494199e-03  -3.3218228e-01   3.3796668e-01   2.5899111e-01  -3.0639531e-02   8.5692524e-02   2.8074319e-01  -3.4324118e-01   6.1496470e-01  -4.0544912e-01   2.4702377e-02  -1.1580415e-01  -2.4285636e-01   1.0612164e-01  -1.9816388e-01   9.6486930e-02   1.0029056e-01   5.8079551e-01  -1.7362054e-01   2.2306054e-01  -4.7249575e-01  -3.6363921e-01   2.5814143e-01  -3.5815810e-01   3.0662876e-01  -6.7698088e-01   7.8017609e-02  -2.9487501e-01   4.1252866e-01   2.4417873e-01   4.0286167e-02  -3.8700026e-01   1.2768317e-01   2.1733492e-01   1.3108988e-01  -7.2522315e-02  -2.7471973e-01  -3.3984179e-02   3.8330917e-01   7.1115759e-02   1.4624080e-01   1.7826752e-01  -3.0114533e-01   1.0847757e-01   8.0230174e-02  -1.6828343e-01  -2.1470426e-01  -1.6008218e-01  -3.6409151e-01  -1.1834307e-01   2.7982318e-02   4.1762092e-02  -8.8157229e-02   6.3534336e-01   9.1939247e-02   2.8669312e-01   2.9306167e-01  -4.3974966e-01  -5.0312174e-01  -7.7111757e-02   2.5089116e-01   6.0632040e-01  -3.6875516e-01  -3.7782410e-01   1.7689086e-01  -4.2610340e-01  -4.3887136e-01   2.8518295e-01  -4.9319259e-02   2.2253779e-01   4.5806181e-02  -2.9139248e-01   2.4613929e-01   4.6796224e-01  -5.9104256e-01  -1.5549276e-01   2.1822169e-01   4.6268596e-01  -1.2718428e-01   3.5012837e-01   4.1272693e-02  -9.4075756e-02   2.5913651e-01  -3.6442708e-01
  -9.1486415e-02  -1.5881686e-01   2.5383418e-01  -6.3352014e-02   2.3007571e-01   1.9888747e-01   9.8680298e-02  -2.3940445e-01  -3.4872897e-01   4.0705450e-01   2.8445790e-02  -3.8044807e-02   0.0000000e+00  -1.6416868e-01   1.5938824e-01   3.4484071e-01   1.8624273e-01   1.0499936e-01   4.6757253e-02   3.3198212e-01  -6.6263440e-02  -3.4277364e-02  -4.3561050e-02  -2.3444178e-01  -1.2747693e-01  -2.6853787e-01   4.1164905e-02  -1.1844668e-01  -5.2901103e-02  -3.0964642e-01  -2.5891944e-01  -5.0585570e-03   1.5326251e-01   8.3939201e-02  -2.7114448e-01   6.7932851e-02  -2.0028561e-01   1.9483032e-01   3.1937673e-01   1.3670378e-01   4.9498553e-01   2.3345468e-01  -2.6071681e-01  -2.8712612e-01   6.7192335e-03  -1.3404240e-01   1.4938326e-01  -2.1619623e-02  -5.9261876e-02   2.9891549e-01   1.8849421e-01  -3.5176539e-01   2.4370935e-03  -2.3135009e-01  -3.2804016e-01  -2.7006528e-02   6.1587984e-02   4.9308300e-02   3.3202582e-02  -2.7887213e-01   2.0962067e-01   1.0519738e-01  -2.8018117e-01  -3.6132291e-01  -2.3914087e-01   1.5124262e-01   1.6147164e-01  -2.2850969e-01   2.7015808e-02  -2.2187063e-02  -2.2206478e-02   1.4484089e-02   3.6764630e-01   5.8608888e-02  -2.9898118e-01  -2.7660772e-02   1.9286766e-01  -3.5207216e-01  -1.0113076e-01  -6.2976410e-02  -3.4431979e-01   4.0675166e-01  -8.0201475e-02  -3.2064904e-01   5.5314794e-02  -2.1482244e-01  -2.3068644e-01  -7.4391069e-02  -4.0787169e-01  -1.7818766e-01  -6.0563080e-02   1.9789684e-01  -2.8502844e-02  -4.4354255e-01   1.8574127e-01   2.0370915e-01  -2.7284479e-01  -5.4507697e-02   1.0317545e-01  -6.7607541e-02  -1.3369247e-01   1.6822777e-01  -2.8408284e-01  -2.6139515e-01   9.1484763e-02   9.9395878e-02  -2.5859032e-01  -3.8177619e-02  -6.6699681e-02  -3.3296093e-03   1.2205546e-01  -2.5758996e-01  -3.1337888e-01  -1.4051095e-01  -1.4473890e-01  -3.7098916e-01  -3.0966445e-01   2.4848770e-01   2.9109749e-02  -2.1071811e-02  -1.4600639e-01   1.9551983e-01  -3.9607035e-02  -2.3440004e-01  -8.8369252e-02  -1.0685340e-01  -6.3363084e-02  -2.3010364e-01  -1.5069607e-01   2.8508463e-01   5.8924576e-01  -3.4624867e-02   8.7420226e-02  -8.9030553e-02  -3.3628917e-01  -1.6380377e-01  -3.7445513e-02  -1.2658506e-01  -1.0867228e-01  -9.1453795e-04  -2.3994090e-01   4.7557158e-01   2.4951525e-02   3.7176187e-01   2.3156108e-02  -2.5656390e-01   7.5871231e-02   1.6925849e-02   6.4660695e-03  -6.7750817e-02   1.1327679e-01  -3.6555932e-01  -2.5753545e-01  -1.7996437e-01   1.7197680e-01  -1.3962273e-01   1.3270539e-02   1.5568887e-01  -1.2895017e-02  -3.4760537e-01  -3.7203039e-01  -1.2586063e-01  -3.3224234e-02  -2.9056536e-02   1.3932401e-01  -1.2871612e-01  -2.0163112e-01  -5.3184933e-02  -3.2796284e-01  -1.1122821e-01  -1.4132660e-01   2.7151337e-01  -1.8397818e-02   2.4360590e-01  -2.0714027e-01   2.1703726e-02   2.6271909e-01
   4.0729424e-01  -2.9562647e-01  -5.0047040e-01   2.7202602e-01  -2.3333498e-01  -1.4417097e-01  -3.3940740e-01   7.3318965e-02  -7.1000888e-03  -3.1671241e-01  -4.3103600e-01  -6.0719931e-01  -1.6416868e-01   0.0000000e+00  -1.9170551e-01  -7.7667803e-02  -3.6710713e-01   7.1721940e-02   1.3365613e-01  -3.5742874e-01   8.9789079e-02   2.0336302e-01   1.0581159e-02   3.0121496e-01   1.7176460e-01   1.2873429e-01  -6.1124830e-01   3.5516497e-01  -3.5640502e-01   2.4373935e-01  -2.4628245e-03   2.0072653e-01   1.3458130e-02  -3.2500351e-01  -1.2259403e-01  -4.4912291e-01  -3.7933175e-01  -6.0966567e-02  -6.6371388e-02  -5.8284322e-01   1.8005780e-01  -2.1913649e-02  -3.2149784e-01   3.3981200e-01  -4.3558125e-01   1.6485157e-01  -2.5256206e-01  -3.0966678e-01   3.3844580e-01  -3.6871243e-01   3.8705526e-02   2.9007237e-01  -3.5643689e-01   2.8736031e-02   5.3248705e-01   1.7875201e-01   1.3374149e-02   2.7085915e-01   9.4859360e-02  -1.5205564e-02  -2.1681508e-01  -2.6685007e-01  -2.3271414e-01   3.7183780e-02  -2.5681185e-01  -5.8970727e-01  -2.3125920e-01  -4.6425510e-02  -1.7508768e-01   2.3490070e-01  -4.3481132e-01  -9.6416367e-03  -3.0152998e-01   8.3968538e-02   1.5529921e-01   2.7951053e-01  -2.0539021e-01   1.8521538e-01  -2.9452113e-01   2.6990808e-01   2.0407071e-01  -9.0739138e-02   5.4918357e-03   4.2731165e-01   1.3213359e-01   2.7573371e-01   1.1155980e-01   5.6401942e-01  -1.9583652e-01   3.1575634e-01   1.1021394e-02  -1.5723480e-02  -5.1627957e-01   6.5162023e-02  -1.6495997e-02  -4.7215697e-01  -9.5160255e-02  -8.7285074e-02  -1.1077899e-01  -1.6958852e-01   4.8382566e-02  -4.9912876e-01   4.7424940e-01   2.9221280e-01   3.7427248e-01   2.7159652e-01   1.4876160e-01  -2.9589778e-02  -3.0544882e-01   3.2403620e-02  -4.7811692e-01   3.8316162e-01  -5.9033264e-02   3.8213305e-01   2.1942456e-01  -5.7956768e-02   2.5539735e-01  -2.3194669e-01   2.9497452e-01   2.1095536e-01   1.4718670e-01  -3.3321696e-01  -3.6662529e-02   3.4325935e-02   1.6771987e-01   3.2469181e-01  -6.5912788e-02   4.2202249e-03   2.2212741e-01  -5.9162757e-02  -9.2451211e-02  -2.7538711e-01   8.0611398e-02  -2.0974114e-01   1.1832602e-01   1.3867519e-01   3.4880273e-02  -1.2771340e-01  -3.7483056e-02   2.8453453e-01   3.2321814e-01   3.3071499e-01  -7.9436342e-02  -2.1100997e-01  -1.2487173e-02   2.3858184e-01  -5.6654152e-01  -7.7792921e-02  -2.0667783e-01  -2.5652518e-01   3.4433946e-01   4.6457910e-01   8.7056433e-02  -2.8076646e-01  -6.2854260e-01   4.6863863e-01   1.3651621e-01   1.3099459e-02   1.3554539e-01   3.6410725e-01  -2.8889099e-02  -7.0059612e-02  -3.1850271e-01   1.4169769e-01   2.7469853e-01  -5.3536002e-02  -2.2046993e-01   4.0514250e-01   1.7587718e-01  -2.0824303e-01  -3.4158118e-01  -2.0641338e-01  -2.2674027e-01  -1.3195603e-01   7.5913102e-02  -2.0746684e-01   1.8997557e-01
