   0.0000000e+00   2.5803851e-01  -5.5854175e-02  -1.7535997e-01  -4.1090882e-01  -5.2636579e-01  -4.6871453e-01  -3.4673881e-02   3.3577837e-01  -3.8319570e-01  -2.6921002e-01   6.2293516e-02  -1.3677160e-01   7.5833030e-01   8.1107681e-02  -3.8503182e-01   2.1376012e-01  -3.0379233e-01   6.6499577e-02  -3.0506037e-01  -4.5845832e-01   3.3389425e-01  -4.7358317e-01   7.4646180e-01   6.6818152e-02   1.4241896e-01  -4.4616865e-01   3.1351241e-01  -1.5590095e-01  -3.7111619e-01  -1.6779012e-02   1.9142549e-01   6.5376280e-02  -2.8779977e-01  -3.4881087e-02  -5.7584055e-01  -2.4052170e-01   7.0766700e-01  -4.0548619e-01  -2.5080933e-01  -2.4813221e-01  -8.3821506e-02  -6.7740015e-02  -1.1419436e-01  -4.1224687e-01   3.1205120e-01  -4.4511213e-01  -4.5064701e-01  -3.5245681e-01   8.8312807e-02  -2.4378135e-01   9.8646689e-03  -2.5957950e-01   2.4418710e-01   5.4960311e-01  -4.5259564e-01  -3.5455685e-01   2.0335666e-02  -4.2514329e-01  -2.2641737e-02   2.3332364e-01  -2.5117023e-01   1.8208383e-01   1.2645422e-01   2.5607566e-01  -5.6035745e-01  -4.6354428e-01  -2.0444576e-01  -2.3552619e-01  -1.8271272e-01  -1.0263842e-01  -3.0057481e-01  -1.1986855e-01   6.2702338e-01   1.2013239e-01   3.7723904e-01   1.1958140e-01  -8.3012200e-02  -6.5108639e-02  -5.1184452e-02  -7.9205102e-02  -6.4477549e-02  -8.4456053e-02   4.0978894e-02   7.2932561e-01   3.4151423e-01   1.8238434e-01   5.9677623e-01   2.5359881e-01   8.7851014e-01   1.2804064e-01   3.2137748e-02  -1.9715745e-01   4.3568264e-02   6.0278829e-01  -2.9114022e-01  -3.0671958e-01  -1.0733458e-01   3.3124064e-02  -5.4126346e-01   2.8602319e-01  -3.8850691e-01  -1.2000217e-01   1.8220009e-01  -3.2438191e-01   2.7738967e-01  -6.1787306e-02  -4.5171647e-02  -2.2825747e-01  -3.0042883e-01  -3.7910142e-01  -5.0350215e-01  -5.3381727e-02   8.5480984e-01   1.4237374e-01   2.7299602e-01  -1.8986347e-01  -2.7311037e-02   3.1987417e-01  -2.5408777e-01   3.4459675e-01  -1.2452869e-01   2.7804673e-01   3.0350724e-01   6.3476965e-01   6.0764217e-01  -2.9589801e-01  -1.3216957e-01   2.8106241e-01  -2.4149552e-01  -2.8807337e-01  -2.5055241e-01   6.0665202e-01   2.0215858e-01   1.5312165e-02   3.4318625e-01  -6.4590015e-02   7.0010982e-02   2.2370339e-01   7.5596530e-01   8.6116567e-01  -4.6262755e-02  -2.3694052e-01  -1.4804208e-01   2.3302019e-02   1.3997072e-01  -2.4969757e-01  -3.6981622e-01  -4.4710445e-01  -2.0284986e-01   4.8214162e-01   6.7238812e-02   2.1685213e-01  -1.3302332e-01   1.3553620e-01   7.2254766e-01   4.3904194e-01  -3.6218636e-01   7.1763214e-02   7.7454939e-02  -2.1974569e-01  -1.6934568e-01  -3.8814535e-01  -2.1466518e-02   1.6616609e-01  -1.4002651e-01  -4.4755969e-01   1.0485247e-01   3.4870031e-01  -3.1339621e-01  -1.5613076e-01   3.1885991e-01  -4.0979466e-01  -3.4720162e-01   1.5633382e-01  -3.1543905e-01   1.3517861e-01
   2.5803851e-01   0.0000000e+00   1.1350603e-01   5.3539530e-03  -1.1252640e-01  -4.7456863e-01   3.1924479e-02   1.2961996e-01   7.1220887e-01  -1.8268819e-01   1.6588708e-01   7.3390088e-01  -4.0336012e-01   2.3619741e-01   5.3046087e-01  -1.8630313e-01   1.6668905e-02  -4.8492034e-01  -7.0567414e-02   6.1336232e-02  -3.6665433e-01   2.5639176e-01  -4.4830932e-01   9.0062706e-02   1.8936358e-01  -2.3536231e-01  -1.1383853e-02  -6.3634849e-02   1.0839140e-01   1.8463319e-01   2.5016806e-01   5.2221841e-02  -1.5817901e-01   1.9292174e-01   4.6934329e-01  -2.3329205e-01   9.0810897e-02   1.8322463e-01  -2.5351681e-01   9.7681264e-02  -4.1983445e-01  -1.2532478e-01   7.0413512e-01   1.3820383e-01  -4.3025766e-01  -1.6074645e-01  -2.1722799e-01   1.7053825e-01  -1.1546486e-01   3.4775680e-01  -2.9122676e-01  -2.1411713e-01   4.1906374e-01  -6.1340167e-02   8.0214497e-02  -2.6654753e-01  -3.5214147e-01  -1.3697322e-01   1.4474979e-02   6.0791184e-01  -2.0978703e-01  -5.7200024e-02   7.6664355e-01   2.6628297e-01   5.1484247e-01  -4.1114302e-01  -3.5036080e-01  -2.4772050e-01  -1.3738905e-01  -2.7158104e-01   6.0424720e-01  -4.5749622e-01   7.0343901e-02   2.8292196e-01   1.1802137e-01   1.9780432e-01  -1.7901879e-01  -1.4717796e-01   4.5322260e-01  -1.0028399e-01  -2.6361345e-01  -9.7152796e-02   4.0148975e-01   5.2414757e-02   1.7055598e-01   1.5888244e-01   1.6967001e-01   1.7717051e-01   5.1269549e-01   3.2470132e-01   3.3090851e-01  -1.2351885e-01   2.3705658e-01   6.7803955e-01   7.2062559e-03  -4.6988559e-02   5.7420699e-02  -2.1861613e-01   4.1374562e-01  -2.7956735e-01   4.3221949e-02   1.4393397e-01  -2.4391334e-01   5.4523602e-01  -3.1183031e-01   1.2866230e-01  -2.7339412e-01  -1.4591942e-01  -2.7792871e-01  -2.8281882e-01   2.8408381e-01  -3.1317904e-01  -1.4026816e-01   3.0606364e-01  -5.9646291e-02   6.7159100e-01  -2.1954887e-01  -1.2753543e-01  -1.4769160e-01  -1.6406767e-01  -2.4719038e-01   2.4500689e-01   6.1959275e-01   3.1015251e-01   1.3994878e-01   2.2927341e-01  -2.6728339e-01  -2.9020983e-01   4.6001799e-01  -2.5240417e-02  -2.1420635e-01  -1.0131294e-02   3.4698810e-01   1.4517747e-01   5.6994576e-01   1.3485055e-01  -2.3159845e-01  -9.6653802e-02   2.1000291e-01   8.2686431e-02   3.5710306e-02  -2.0666256e-01  -2.0525172e-01   4.9765808e-02   3.7322366e-02   3.2776387e-01   4.4765395e-01  -4.5319622e-01  -4.1159278e-01   7.1727599e-02   6.9394671e-02   1.8567170e-02  -1.9923594e-01   2.7288294e-01   7.7414325e-01   1.0631535e-01  -3.2349611e-01  -1.4803487e-01  -2.3545596e-01  -5.8254632e-02  -1.7381810e-01  -1.3461609e-01  -2.9782319e-01  -1.9956496e-02  -2.8080691e-02   4.4581914e-01  -4.6987184e-02  -8.7415141e-02  -2.8151682e-01   2.1522685e-01   4.1863695e-01   1.8765438e-01  -4.8293258e-01  -3.7266838e-01   1.5544928e-01  -3.7509503e-01   1.6116318e-01
  -5.5854175e-02   1.1350603e-01   0.0000000e+00  -1.9011584e-01  -4.1022800e-02   5.1036513e-01  -1.9243476e-02  -6.0160535e-02  -1.1277885e-01  -2.3459209e-01  -2.5281574e-01   2.3070365e-01  -1.7020667e-01  -6.6948492e-02  -1.6264695e-01   4.7760569e-02   8.3765529e-01  -9.4085098e-02   3.5176937e-01   2.0868197e-01  -2.6133540e-01   4.8420349e-02  -1.5819343e-01   1.6742183e-01   1.0678545e-01   2.4282004e-01  -2.9495488e-02  -2.6136997e-01   1.4299836e-01  -2.5159353e-01  -2.9220940e-01  -3.3574035e-02   1.2021329e-01   6.0220847e-02  -1.2221017e-01  -3.4425199e-02  -2.8876939e-01   1.8395309e-01  -2.1042173e-01   2.1719967e-01  -3.2221410e-01   1.2410383e-01  -7.8668623e-02  -3.7470040e-01  -1.9833214e-01   5.3466647e-01  -5.6859352e-02  -2.6656360e-01  -9.7289474e-02   4.7351232e-01  -1.8036625e-01   2.5462498e-01  -7.8304645e-02  -7.9030133e-02  -2.5355411e-01  -1.5411858e-01   4.3094847e-01  -2.3172987e-02  -3.2619526e-01   5.2052389e-02   5.9413803e-01   8.7667430e-02  -1.5481514e-01  -4.0659952e-01  -3.9966068e-01  -1.7098008e-01   2.1150742e-01  -2.2053092e-01  -4.5555183e-02   6.8590151e-01  -6.9132458e-02  -1.4397378e-01  -2.6135718e-01   6.2446517e-03  -3.9620483e-02  -1.6317051e-01   5.8283942e-01  -1.3921719e-01  -1.4202944e-01  -2.5112357e-01  -2.9454872e-01  -8.7263349e-02  -2.3332981e-01   2.8505293e-01   1.3594339e-01  -2.3361085e-01  -2.4874299e-01  -3.6173495e-01  -2.0209822e-01   1.1822134e-01  -1.1800624e-01   7.1839205e-01   2.3519087e-01  -9.8787573e-02   2.1313404e-01   3.1945325e-01  -2.5558825e-01   4.3466390e-01   1.4950541e-01  -1.4645082e-01   7.4465332e-02  -3.0239656e-01  -9.6065378e-02   6.7597739e-02  -1.5024530e-01  -2.1481984e-02   9.6096761e-02   9.2827539e-02  -2.8197319e-01  -1.5123698e-01   2.2640745e-02  -4.7095739e-02  -2.0272794e-01   1.4647630e-01  -3.3365107e-02  -1.7763092e-01  -8.7180899e-02  -9.6417732e-02  -1.9894628e-01  -4.0905668e-02   2.2975804e-01   2.1949573e-02  -5.3943159e-02  -2.1938821e-01   3.5310767e-01   1.3515932e-01  -1.5265968e-01  -1.3105260e-01   4.9302772e-02   6.4443947e-01  -5.5552221e-02  -7.7913802e-03   2.7047063e-01  -3.9923339e-01  -2.0402960e-01  -1.8596952e-01  -9.8738251e-02  -3.1929459e-01   2.0685848e-02   9.3780519e-02   3.4330419e-02  -1.4674367e-01  -1.1110973e-01   4.4877726e-01  -1.4469029e-01  -1.9704253e-01   1.1313738e-01  -2.4836179e-01  -2.4857824e-02  -4.7149790e-01   1.4666136e-01  -1.5339304e-03   1.7327838e-01  -3.6871656e-01   4.1203434e-01   9.1252643e-02   1.8837680e-01  -3.5764651e-01   5.7294044e-01  -8.6696400e-02  -1.2427232e-01   2.0394842e-02  -3.0630795e-01  -1.5067040e-01  -4.6741245e-02   2.5938403e-02  -2.0094390e-03   6.3232846e-02   2.8252208e-01  -1.2636317e-01  -3.8991082e-03  -1.9399842e-01  -3.8808102e-01   5.3327927e-01  -1.6081802e-01  -1.5916158e-02   1.7861231e-02
  -1.7535997e-01   5.3539530e-03  -1.9011584e-01   0.0000000e+00   3.8627433e-01  -1.1523251e-02   1.5399972e-02  -6.9798443e-02   1.7472814e-01   1.6632095e-01  -2.1834657e-01   1.0419045e-01   2.0712878e-01  -7.8050385e-02   4.0624349e-02   4.0319628e-01  -3.1054388e-01   3.5996907e-01  -1.3067548e-01   4.6786987e-01   3.1351344e-01   3.4014217e-01   3.5948648e-01  -2.7705955e-01  -3.9438049e-01  -2.5578086e-01  -1.8866882e-01  -2.8643102e-01  -1.4668654e-01   2.1409663e-01  -3.9092125e-02   5.8649528e-01   6.1208202e-01   5.4790150e-02   4.1331885e-01   5.3194841e-01   1.1427051e-01  -2.4542830e-01   3.9204553e-01   6.1266300e-02   4.2227782e-01   5.5391970e-01   2.9062194e-01  -2.0637174e-01   2.5032182e-01  -4.1360213e-01   1.3588501e-01   1.0672049e-01  -6.9643092e-02   2.6695539e-02   5.7056515e-01  -2.5406563e-01  -3.4320004e-02   7.4825336e-02  -3.4066075e-02  -2.1895561e-01  -8.1730660e-02   5.2733131e-01   5.8667222e-01   4.6295541e-01  -2.3587641e-01   1.2325183e-01   1.5857215e-01  -6.7757921e-02   1.2217545e-01   3.2653232e-01  -3.7374379e-02  -5.5498045e-01  -2.0040841e-01  -3.2803213e-01  -7.9204195e-02   3.4442736e-01   5.3281894e-01  -1.1509469e-01  -2.5966878e-01   1.4437646e-02  -1.3764628e-01   1.3608712e-01   3.3317054e-01   7.1660727e-03  -2.0657249e-01   5.1195642e-01  -9.0064874e-02   2.7572065e-04  -3.2216794e-01   1.2359463e-01   7.6747358e-02  -3.6294389e-02   9.2058484e-02  -2.3867699e-01   2.5357689e-01   4.8755337e-02  -1.4464238e-01   1.6202052e-01  -2.3312985e-01   1.8387966e-01  -3.4548179e-02  -1.6654597e-02   9.0239789e-02   3.3212751e-01  -4.8355696e-01  -9.3239069e-03   1.5134712e-01   1.7819122e-01   4.8644972e-01   3.6351299e-01   2.4054301e-01  -2.5315384e-01  -5.7785476e-02   2.0825017e-01  -2.9027788e-02   3.0923543e-01   5.3163093e-01  -3.3527503e-01  -2.4776274e-01  -2.4972270e-01  -1.2350977e-01   4.0237241e-01  -2.2650120e-01   7.4967402e-01  -7.1706572e-02   9.4412049e-02   1.1968463e-01   8.2262014e-02  -3.9702838e-01   2.3077742e-02   4.6417679e-01  -7.0629548e-02   4.5214003e-01  -2.4254212e-01   4.0791315e-01  -6.1727827e-01  -2.0516329e-01  -1.0452521e-01   4.3922194e-01  -5.6976243e-02   5.1885878e-02  -3.3048982e-03  -1.5348746e-01  -2.9829650e-01  -1.6819215e-01   1.6591304e-01  -2.5549859e-01  -1.9933554e-01   2.4232905e-02   1.2626080e-01   1.6109419e-02   3.0530785e-01   3.1923964e-01   1.6635128e-01  -3.9705743e-01  -2.5042752e-03   2.3070528e-01  -2.3472784e-01  -9.6891330e-02  -4.0137019e-01  -4.2678916e-02   4.5644507e-01   1.9249679e-02  -1.5304129e-01  -4.4348693e-01  -3.9068150e-01   2.0303745e-01   4.1455350e-01   2.9498533e-01  -4.2739764e-01  -1.3782528e-01   2.4943027e-02   3.5664301e-02  -4.4928367e-03   5.0723113e-02   3.2208012e-01   1.2869872e-01  -1.0694664e-01  -1.1291434e-01  -1.1543046e-01   4.0755035e-01
  -4.1090882e-01  -1.1252640e-01  -4.1022800e-02   3.8627433e-01   0.0000000e+00   1.8882392e-01   1.2066541e-01  -1.7552294e-01  -2.5738793e-01   2.5728253e-01  -8.2842959e-02   1.5105849e-01   2.3138353e-01  -2.4680592e-01  -4.0391256e-02   3.9168760e-01  -3.0704057e-01   2.7250957e-01  -4.4686734e-01   7.8128580e-01   3.4099242e-01  -2.3615773e-01   1.6138455e-01  -3.8741380e-01  -2.0636579e-01  -3.7050235e-01   1.2586555e-01  -2.7535058e-01   1.0404151e-01   3.7203424e-01  -2.6704959e-01  -1.8563057e-01   2.6108129e-01  -1.1290217e-01   2.8229465e-01   6.7465944e-01   2.2116704e-01  -4.7880065e-01   5.3554151e-01   7.3772496e-02   3.9519181e-01   3.6601058e-01   1.5829310e-01  -8.6248298e-03   3.9640638e-01  -3.8489949e-01   1.1316583e-01   2.0804765e-01   3.1444828e-01  -1.1815431e-01   3.5357076e-01  -1.6198323e-01   1.9200203e-01   4.2761525e-02  -2.5554849e-01   2.5415270e-01  -4.7326879e-02  -1.1856755e-01   5.0588683e-01   3.0096760e-01  -2.4217644e-01   3.6850597e-01  -1.8233902e-02  -1.5900320e-01   9.5465839e-03   5.3649532e-01   2.0524247e-01  -3.8099159e-02  -2.8663215e-01  -1.3352140e-01  -9.1003733e-02   4.9972125e-01   4.6136971e-01  -3.1600099e-01  -1.3741622e-01  -5.0340415e-01  -4.2081258e-02   3.7776938e-02   4.8510392e-01   1.1453553e-03  -1.0094187e-01   4.9900110e-01  -9.3279267e-02  -1.6848803e-01  -4.0735435e-01  -4.2310353e-01   3.6605013e-02  -2.0394961e-01   3.0580047e-02  -3.9618137e-01   4.8350822e-01   1.1505662e-03  -4.5603400e-02  -3.5221490e-02  -3.8887431e-01   5.3037904e-01   1.2881894e-01  -1.9603957e-01  -2.0620068e-01   3.7172440e-01  -3.3605550e-01   3.8549650e-01   2.4949932e-01  -1.3013152e-03   2.6117613e-01  -3.3280600e-01   2.4445543e-01  -3.1036199e-01  -6.6219525e-02   3.3415883e-01   1.6343603e-01   4.4086036e-01   3.5032390e-01  -4.8290508e-01  -1.0353913e-01  -8.8988463e-02   2.1522833e-01   3.8953300e-01  -1.6566270e-01   4.6059443e-01  -1.3967140e-01   4.6341973e-01   1.8666671e-02  -2.8246807e-01  -4.9142976e-01  -2.4853008e-01   4.3098380e-01   2.6610986e-01  -2.6749979e-01  -1.1656218e-01   6.1730116e-01  -2.4744832e-01  -3.7694137e-01  -4.2013547e-01   6.0479823e-02  -4.6206405e-01   1.3175722e-01  -1.9536771e-01  -3.7555637e-01  -3.6803537e-01  -3.4046235e-01   3.8056643e-01  -1.6427859e-01  -5.6449582e-02  -2.4568539e-01  -1.9798628e-01   1.9648240e-01   5.6786097e-01   4.0590534e-01   8.9340158e-02  -2.8072884e-01  -1.2937206e-01   9.8116406e-02  -5.1354905e-02  -5.4932417e-02  -4.4103383e-01  -2.4717732e-01   3.6947820e-01  -8.9496597e-03  -1.8519767e-01   7.1796985e-02  -1.5315434e-01   4.5358601e-01  -1.8964553e-01  -3.0486872e-01   3.8408709e-02   3.6075601e-01  -1.6635772e-01   3.6241012e-02   3.2107685e-01   4.6841212e-01  -4.2784771e-03   2.2654953e-01   6.7512706e-02  -1.1895904e-01   3.4039653e-01  -1.8111311e-01
  -5.2636579e-01  -4.7456863e-01   5.1036513e-01  -1.1523251e-02   1.8882392e-01   0.0000000e+00   2.0157608e-01  -1.0243449e-01  -4.6398628e-01   1.8582896e-01  -9.1875503e-02  -3.1832024e-01   1.3656274e-01  -5.8921516e-01  -3.8741048e-01   3.0158402e-01   3.8220059e-01   3.0866937e-01   3.2355341e-01   8.5473884e-02   3.2536138e-01  -1.4085982e-01   4.2010004e-01  -3.3104215e-01  -1.3291243e-01   2.5266858e-01   2.5877493e-01  -3.9449169e-01   2.0736468e-02  -5.6551795e-02  -2.2823136e-01  -9.2625998e-02   5.5101001e-02   1.2353095e-01  -2.5650224e-01   4.2699793e-01  -1.6087477e-02  -2.7289109e-01   2.0763445e-01   3.1342598e-01   6.6429880e-02   9.5503305e-02  -3.6811105e-01  -1.5959683e-01   2.1182405e-01   2.2877371e-01   4.2766925e-01   5.1121054e-02   1.8242344e-01   1.3413281e-01   1.1462555e-01   2.0103910e-01  -1.1270674e-01  -2.4369311e-01  -4.2473391e-01   2.0890611e-01   7.4822068e-01   1.0668969e-01  -1.1651228e-01  -3.3365873e-01   2.8391770e-01   1.2915358e-01  -5.8950915e-01  -3.3476594e-01  -7.1251966e-01   4.0308620e-01   7.7686409e-01   3.0843707e-02   3.0311508e-01   6.2080188e-01  -1.7352308e-01   2.2177054e-01  -1.5870891e-01  -4.2732632e-01  -2.8002880e-01  -3.3874935e-01   2.7887027e-01  -1.8858710e-01  -3.3951878e-01  -2.1553437e-01  -1.7480740e-02  -2.3434095e-02  -1.8881712e-01   2.5821806e-02  -4.4782327e-01  -2.6104119e-01  -2.0657911e-01  -5.4538728e-01  -5.5324630e-01  -4.8702515e-01  -3.7879614e-01   3.4028814e-01   1.6579871e-01  -3.9804649e-01  -1.8827730e-01   3.4950680e-01  -4.8192339e-02   4.7393860e-01  -7.3849739e-02   2.9024724e-01  -2.9524128e-01  -1.1908592e-01   1.9231564e-02  -2.1700787e-01   2.0504769e-01  -1.2516310e-01   2.0016585e-02   2.9531476e-01   8.5245384e-02   2.0752387e-01   1.3134553e-01   3.8536368e-01  -7.3874927e-02  -4.1210464e-01  -1.1488952e-01  -6.6187935e-01   6.2115553e-02   3.9278164e-02  -3.3953808e-01   1.2392277e-01  -8.4544105e-02  -1.8368332e-01  -5.3151317e-01  -3.1531047e-01  -1.5577039e-01  -2.3430640e-01   1.3265421e-01  -4.6830656e-02  -2.3936355e-01   5.5166313e-01   1.3228298e-01   1.0762592e-02  -2.5967357e-01  -2.8289669e-01  -4.2466209e-01  -3.4119230e-01  -3.5030628e-02  -2.9540428e-01  -1.8383237e-01  -3.1938787e-01  -3.7253623e-01  -8.2059959e-03   3.0472105e-01   2.9779568e-01  -1.7520070e-01  -3.4662731e-01   9.5389405e-02   2.7174655e-01   4.5671292e-01  -1.8352724e-01  -3.3550170e-01  -2.5150730e-01  -8.2514440e-02  -2.0050916e-01  -2.0456350e-01  -3.5780647e-01   1.0988708e-02   2.0601456e-02   2.6296388e-01  -1.3055876e-01  -3.3754305e-02   2.4714287e-01   2.7732460e-01  -3.7795679e-03  -1.8750200e-02  -2.1819141e-01   2.2542092e-01  -7.4869803e-02  -4.4620017e-02   3.4091454e-04  -2.4095595e-01  -4.2324608e-01   1.7446189e-01   6.8650129e-01  -1.9049522e-01   1.9100996e-01   5.2262957e-02
  -4.6871453e-01   3.1924479e-02  -1.9243476e-02   1.5399972e-02   1.2066541e-01   2.0157608e-01   0.0000000e+00  -4.8281977e-02   2.4448126e-02   6.2241534e-01   1.0408132e-01   3.4327490e-01  -4.8392277e-02  -5.7117518e-01   1.0735918e-01   3.3042493e-01  -1.0236630e-01   1.0959048e-01  -2.4145336e-01   4.1819029e-02   3.1047949e-01  -6.2735621e-02   4.4406146e-01  -5.6500000e-01  -9.6251888e-02  -1.2774331e-01   3.0977376e-01   1.6114660e-01  -2.8241848e-01   6.6964935e-01   3.0167691e-01  -4.0773129e-01  -3.4910115e-01   5.3329119e-01   2.2617853e-01   3.5463630e-01   3.8682372e-01  -4.2730657e-01   2.3280684e-01   2.6233249e-01   1.1562927e-01  -2.4032791e-01   1.7441104e-01   3.4379566e-01   2.3957341e-01  -3.5531084e-01   2.5025166e-01   7.4563594e-01   1.9126458e-01  -9.9380050e-02   1.8108416e-01   8.6397955e-02   4.5693024e-01  -4.7259273e-01  -4.6244039e-01   4.2263671e-01  -5.3402417e-02  -1.7515872e-01   2.5465530e-01   6.5650263e-02  -2.1294909e-01   2.7049710e-01  -8.2605674e-03   4.4179062e-02  -1.3121796e-01   5.4428320e-01   2.3468421e-01  -1.5164601e-02   1.2664076e-01  -5.7384231e-02   3.5280079e-01  -1.7648727e-01   3.5818538e-01  -3.5990161e-01  -1.5728640e-02  -2.6722032e-01  -1.8226484e-01   6.5999800e-02   7.9502885e-02  -3.2469141e-01   5.2861563e-01   2.7647564e-01   1.9151295e-01  -1.4692733e-01  -5.2241613e-01  -3.0684437e-01  -1.7276808e-02  -4.9627789e-01  -2.7366004e-01  -5.0443168e-01  -2.7486119e-01  -1.7797867e-01   2.5435745e-01   7.7200070e-02  -4.2086506e-01   2.2175999e-01   3.4307924e-01  -1.8387410e-01   1.3150832e-01   7.0021609e-01  -1.6054127e-01   3.5187183e-01   2.2552575e-01   2.8961340e-02  -1.2509658e-02  -2.0915764e-01  -3.2308091e-01  -2.2162108e-01   4.4877643e-01   3.9757065e-01   5.7135146e-01   5.3923400e-01  -3.2494356e-01  -4.9119180e-01   1.3618438e-01  -8.2130140e-02   4.2106774e-01   4.4019386e-02  -1.6592749e-01  -9.3943403e-02  -3.1015746e-01   4.1023183e-02   5.4573223e-03  -1.5783079e-01  -5.5013613e-01  -5.2314491e-01   7.9556309e-02  -1.2858917e-01  -8.3263250e-02   4.5500467e-02   1.1610315e-01   3.5527009e-01  -4.6354859e-01   4.7237336e-02  -1.6515442e-01  -2.1929354e-01  -4.0159836e-01   3.5343257e-01  -6.3927501e-02  -5.4213167e-01  -6.2817468e-01  -4.3981426e-01   2.4367365e-01  -1.1729878e-01   1.4062730e-01   2.0530958e-02   6.2040703e-01   3.3306932e-01   3.7254731e-01   3.9338865e-01  -3.3723504e-01   1.4459028e-01  -4.2218848e-01  -4.4745211e-02  -9.7475442e-02  -5.2692489e-01  -1.8956154e-01   3.9506898e-01  -3.1367321e-01   2.3022570e-01  -8.9821800e-02   1.3630643e-01   4.6698140e-01  -1.5900811e-01  -1.4771964e-01   4.0447853e-01   2.5477480e-01  -1.5496537e-01  -3.4626316e-01   5.1405824e-01   4.5217232e-02  -2.1374615e-02   7.4552122e-03  -1.2636670e-01   1.4284889e-01  -9.3219711e-02  -1.5600775e-01
  -3.4673881e-02   1.2961996e-01  -6.0160535e-02  -6.9798443e-02  -1.7552294e-01  -1.0243449e-01  -4.8281977e-02   0.0000000e+00   1.8372362e-01  -3.2304892e-01   5.5380128e-01  -1.6146459e-01  -2.4487548e-01  -1.9686343e-01   2.1800670e-01  -4.4282909e-01  -3.9795527e-02   7.4418285e-02   2.0954846e-01  -3.4138290e-01  -1.0437842e-01   5.4389412e-02  -3.2556985e-01  -2.9058738e-02   2.5209494e-01   2.3606804e-01  -9.7404462e-02  -6.4391440e-02   3.8911157e-01  -8.6300441e-02   5.5599042e-01   1.0487491e-01  -1.4245004e-01   7.4011102e-02  -2.0528373e-02  -2.2809291e-01  -1.3651155e-01  -2.0652435e-02  -3.8298860e-01  -2.3538053e-01  -1.9988644e-01  -8.8657635e-02   6.8559744e-02   4.7858273e-01  -1.1106824e-01  -1.0696780e-01   5.0963871e-02  -2.6968560e-02  -1.0332917e-01  -2.1528474e-01  -1.9028506e-01   2.1621356e-01   2.7066129e-01   1.4744212e-01   1.0588774e-01   1.3286231e-02   2.1497687e-02   4.7658171e-02  -4.3786595e-02  -5.7958987e-02  -1.0196327e-01  -1.9129082e-01   1.2098769e-01   4.5191343e-01   1.6509707e-01  -3.8694793e-01  -1.0104724e-01   1.7133757e-01   1.6787056e-01  -2.3288464e-01   2.1112096e-01  -7.1327570e-02  -6.5436220e-02   3.9783104e-02   4.6372362e-01   2.5106737e-01  -1.2850909e-01   2.3960662e-02  -1.7427442e-01   3.5686116e-02  -7.5413417e-02  -3.1989208e-01   4.8328077e-01   5.0922964e-01  -1.1649591e-01   2.6576716e-01  -5.2710239e-02  -7.1536967e-03   7.4256303e-02  -4.3655976e-02  -2.8152944e-01  -5.9136668e-02   7.8506961e-02   2.5808511e-01  -1.2716292e-01  -4.9516533e-01   2.3501321e-01   4.4505691e-02   2.1488402e-01  -2.6082519e-01   1.3609597e-02   1.0420031e-01  -1.7877531e-01   1.1247773e-01   1.1215302e-01   3.3054093e-01  -1.0171251e-02   5.2923544e-01   1.7234129e-02  -2.0625844e-01   1.1266624e-01  -3.3919044e-01   6.2577338e-02  -2.6174079e-02  -1.2035404e-01   1.0390638e-01  -2.7990494e-01  -1.4959094e-01  -2.2391260e-01  -1.1144853e-01   7.6264509e-02  -3.2351468e-01   2.4421444e-01   3.7306710e-01   8.3984527e-02  -1.2278577e-02  -1.2290265e-01   1.0312826e-01   2.7688161e-01  -1.8817920e-01  -3.7642736e-01   2.0836782e-01   9.6217223e-02   3.9894688e-01   2.6075225e-01   3.6749323e-01  -6.7222467e-02  -5.8356982e-02   4.5790119e-01  -2.7708987e-01  -1.6033636e-01   2.4347971e-02   1.9726858e-01  -1.4783459e-01   6.9212462e-02   3.7259149e-01  -1.3364704e-01  -2.6792916e-01  -3.7154368e-01   6.2347189e-02  -1.5598823e-01   2.7879078e-01  -1.1247730e-01   3.9844059e-01   3.1689292e-02  -7.0719551e-02  -3.8502791e-01  -2.8394856e-01  -1.8423585e-01  -8.5391287e-02   1.0257094e-01   4.4476782e-01  -2.0687003e-01   3.7080931e-01   3.1193200e-01   5.8820525e-02   1.4110462e-02  -1.3917191e-01  -2.7390105e-01   1.6607187e-02  -1.2341183e-01  -2.3633761e-01   6.7131122e-02  -7.0624457e-02   2.1484912e-01  -7.9527321e-03   1.8587131e-01
   3.3577837e-01   7.1220887e-01  -1.1277885e-01   1.7472814e-01  -2.5738793e-01  -4.6398628e-01   2.4448126e-02   1.8372362e-01   0.0000000e+00  -1.6151543e-01   2.8849394e-01   4.2418034e-01  -3.6396215e-01   2.2189363e-01   5.0866920e-01  -1.9803369e-01  -1.7965941e-01  -1.7594422e-01  -1.0748677e-01  -1.2913986e-01  -2.2341057e-01   3.9738842e-01  -2.1570062e-01   1.1314370e-01  -1.0454379e-02  -1.9449689e-01  -1.2824087e-01   2.4812553e-03  -1.3089775e-02   1.1834001e-01   2.8846007e-01   2.3714494e-01  -4.6221169e-02   1.1887130e-01   4.8803860e-01  -2.1781536e-01   1.5755319e-01   2.4883473e-01  -1.7057749e-01   2.6833307e-02  -2.9411322e-01  -1.1290382e-02   6.8070250e-01   2.8930811e-01  -1.1793516e-01  -1.8720360e-01  -1.5807023e-01   1.5186183e-01  -2.1759412e-01   1.1513697e-01  -2.4977350e-02  -1.0830604e-01   2.3450251e-01   1.7192813e-02   2.4657162e-01  -1.8050472e-01  -4.5536221e-01   1.6097831e-03   1.4301551e-01   4.6165735e-01  -2.5924677e-01   4.0530802e-02   7.5106015e-01   5.1103300e-01   5.8820563e-01  -3.1630225e-01  -2.8827910e-01  -2.4456275e-01  -9.8668952e-03  -3.7018824e-01   4.6936944e-01  -2.4892981e-01   2.4628404e-01   3.3244945e-01  -1.0101838e-01   2.8420476e-01  -2.0993730e-01  -4.7546162e-02   2.0595688e-01  -6.1714814e-02  -1.3528919e-01  -1.7261822e-02   3.6154581e-01  -1.1943529e-01   1.8037347e-01   3.0646715e-01   3.6235850e-01   2.9673908e-01   5.1883096e-01   3.0952170e-01   9.6269337e-02  -2.2003610e-01   1.0501952e-01   7.4919826e-01   8.4743584e-02  -2.6502811e-01  -1.0668855e-01  -1.9085000e-01   3.2086416e-01  -1.7117283e-01   8.5040635e-02   1.4788799e-01  -2.2793584e-01   6.4462436e-01  -1.7037682e-01   2.3359909e-01  -2.3570413e-01   2.8757113e-02  -8.5460167e-02  -3.1512121e-01   1.6010703e-01  -2.6679480e-01   4.4438725e-02   3.0219011e-01  -1.9387346e-02   4.3314471e-01  -2.0735656e-01   1.0087961e-01  -9.7575632e-02  -2.4471747e-02  -1.0840371e-01  -4.6782444e-02   5.7617230e-01   5.0988377e-01   1.4180151e-01   1.8882574e-01  -1.1870399e-01  -2.7673352e-01   7.4878621e-01  -2.3264618e-01  -9.4345140e-02  -8.8140902e-03   2.4335769e-01   3.0005761e-01   6.9221462e-01   2.9875541e-01  -1.3729873e-01  -9.4603133e-03   2.3913444e-01   1.1861259e-01   1.4109947e-01  -2.7127327e-01  -1.0327966e-01  -1.5387492e-01   1.0647353e-01   4.4090765e-01   2.0677596e-01  -4.3750803e-01  -4.0683532e-01   1.1535957e-01   1.8260038e-02  -9.1783496e-02  -6.9640864e-02   2.3707140e-01   4.4080084e-01   1.9448898e-01  -1.4439488e-01   5.0745612e-02  -3.1104645e-01  -1.8872637e-02  -1.6359349e-01  -1.6131461e-02  -2.0476203e-01   2.5540587e-01   1.7752944e-02   2.6981459e-01  -9.6043600e-02  -2.4383878e-01  -2.0034001e-01   9.5847911e-02   4.3717310e-02   2.6699926e-01  -1.6050877e-01  -4.2514735e-01  -4.7323521e-02  -3.4852146e-01   2.0313653e-01
  -3.8319570e-01  -1.8268819e-01  -2.3459209e-01   1.6632095e-01   2.5728253e-01   1.8582896e-01   6.2241534e-01  -3.2304892e-01  -1.6151543e-01   0.0000000e+00  -6.3314464e-02   1.0111899e-01   3.2073190e-01  -3.9581753e-01  -1.8887002e-01   4.0152134e-01  -2.7249526e-01   1.7831310e-01  -3.9541214e-01   1.1946794e-01   4.8607959e-01  -1.7653006e-01   4.7304676e-01  -4.6324421e-01  -8.3974402e-02  -2.9268123e-01   2.7110074e-01   1.7226743e-01  -2.9023190e-01   5.1243183e-01   6.0420591e-02  -3.2300777e-01  -2.1404179e-01   2.2372538e-01   1.4898504e-01   4.5290603e-01   5.1851081e-01  -4.3525339e-01   4.0181115e-01   3.0810228e-01   4.0816672e-01  -1.1502434e-01   8.2274068e-02   6.1466174e-02   2.8740014e-01  -3.8233260e-01   2.8518879e-01   5.6327022e-01   2.3706053e-01  -1.0405215e-01   3.0760337e-01  -1.7583204e-01   2.8769631e-01  -3.1135323e-01  -3.9696808e-01   3.6280391e-01  -6.4877409e-02  -1.5792704e-01   3.1512224e-01  -1.0077412e-01  -2.8260960e-01   2.2921651e-01  -2.4841251e-02  -1.4812455e-01  -1.5061383e-01   7.4655062e-01   2.2164345e-01   5.1236980e-02   4.6228532e-02  -5.9245671e-02   1.2590191e-01   7.4756955e-02   4.4901127e-01  -4.5154818e-01  -2.1855970e-01  -2.3139946e-01  -2.5050065e-01   4.7381657e-02   8.5205074e-02  -1.0099544e-01   3.8629077e-01   3.2378309e-01  -4.3627023e-03  -3.8598153e-01  -4.5261392e-01  -2.6784486e-01  -1.0546295e-01  -3.1746944e-01  -2.1227636e-01  -4.6218779e-01  -5.4148755e-02  -3.0161262e-01   3.0121917e-02  -9.1486881e-02  -3.0628681e-01   4.3939578e-01   1.7288264e-01  -1.8990001e-01  -1.6935352e-01   7.4680268e-01  -1.6532904e-01   2.3488502e-01   2.2667027e-01  -3.5262199e-01  -1.2339608e-01  -2.7582942e-01  -1.7838441e-01  -3.6989058e-01   3.4945191e-01   5.2341914e-01   3.4859213e-01   5.2157876e-01  -4.0820095e-02  -4.8766266e-01   2.5946899e-01  -2.8218945e-01   3.4861707e-01   2.8667516e-01   1.2916465e-01   8.1883077e-02  -2.7474901e-01   2.7792425e-01  -2.1570490e-01  -3.6719274e-01  -6.1195191e-01  -5.4655247e-01   5.6568596e-02   2.3058045e-03  -2.4859938e-01   8.9708035e-02   3.0838501e-01  -6.2269507e-02  -5.6355092e-01  -7.2263511e-03  -1.7108889e-01  -2.4160452e-01  -1.5379868e-01   3.4395916e-01  -3.3573004e-01  -3.4335965e-01  -3.9968493e-01  -6.4401732e-02   5.4245914e-02   3.0587701e-02  -6.4874790e-02  -2.1757424e-01   4.9818245e-01   6.3476441e-01   5.1270760e-01   4.8668272e-01  -3.2794893e-01  -7.5238480e-02  -2.6731356e-01  -1.7175925e-01  -1.6231650e-01  -4.2362362e-01  -3.5079433e-02   4.5766844e-01  -3.1829398e-01   1.3722655e-02  -2.8711423e-02  -7.5821715e-02   8.1304942e-01  -1.8662586e-01  -2.6289081e-01   4.2912909e-02   1.4675919e-01  -6.9536210e-02  -2.1088884e-01   3.6821605e-01   6.3162851e-02   2.4692628e-03   1.9366350e-01  -1.0930308e-01   4.8093493e-02   9.5622211e-02  -1.8143974e-01
  -2.6921002e-01   1.6588708e-01  -2.5281574e-01  -2.1834657e-01  -8.2842959e-02  -9.1875503e-02   1.0408132e-01   5.5380128e-01   2.8849394e-01  -6.3314464e-02   0.0000000e+00  -1.2739680e-01  -1.7520347e-01  -2.3294968e-01   4.7489592e-01  -2.9728886e-01  -3.5284805e-01   1.0948398e-01  -4.2615168e-02  -2.2954465e-01  -1.2446111e-02  -1.7426868e-01  -5.5452649e-02  -3.7240315e-01   1.8653843e-01  -2.3303482e-01   2.4670551e-01  -4.9930912e-02   3.5082400e-01   7.4688352e-02   4.3118913e-01  -1.0808942e-01  -3.5295659e-01   3.2818604e-01   1.0206971e-01  -6.0460060e-02   6.5453268e-02  -3.2597262e-01  -1.0576141e-01   8.2163471e-02  -1.3342850e-01  -1.2956556e-01   2.7345207e-01   6.0220354e-01   1.9590258e-01  -3.8698915e-01   2.5021951e-01   2.4515315e-01  -5.2736021e-03  -1.1459566e-01  -4.6182076e-02  -8.9920477e-02   3.7965014e-01   2.7395866e-02   4.7972663e-03   3.4030352e-01  -5.5250944e-02  -5.1053752e-02   4.3614380e-02  -5.2492891e-02  -4.3092123e-01  -7.7748941e-02   2.6798903e-01   7.0143229e-01   2.1695208e-01  -1.6939627e-01   8.4862159e-02   4.1159575e-01   4.5329238e-01  -2.5176377e-01   3.6503668e-01   1.5515171e-01  -4.1684540e-03  -1.2963707e-01   2.3282623e-01   8.2762211e-02  -3.8580545e-01  -1.4573800e-01  -1.0971093e-01   1.5291846e-01   7.3547209e-02  -2.7954535e-01   6.6320417e-01  -5.7730713e-02  -3.1402691e-01   1.7769712e-01   2.9824741e-02  -4.9369964e-04   1.2843253e-01  -2.7829469e-01  -2.2082976e-01  -4.3030091e-01   2.7921090e-01   3.5804079e-01  -4.2868711e-01  -3.1881766e-01   1.3243598e-01  -1.2011362e-01   7.3211957e-02   2.7795560e-03  -2.7641117e-02   5.9513890e-01  -1.6594195e-01   1.3437563e-01   1.6339231e-01   1.6663763e-02  -1.8541731e-01   3.2764365e-01   1.2264539e-01  -9.7668977e-02   4.2408458e-01  -1.8120020e-01   7.9689484e-02  -2.2532315e-01  -2.8349219e-02   2.6167734e-01  -1.4941786e-01  -9.4182880e-02  -1.7426117e-01  -1.4003355e-01  -3.8910701e-01  -2.6603658e-01   1.1533895e-01   3.0415632e-01  -2.6004339e-01  -1.6164285e-01   4.5589771e-02   1.1889975e-01   1.3554241e-01  -8.8709910e-02  -1.8622734e-01   5.4874777e-01  -1.3697526e-01   4.3271025e-01   3.7434903e-01   2.1529538e-01   1.6675637e-01  -1.1278646e-01   2.8563021e-01  -4.3261852e-01  -4.0059181e-01   5.4561062e-02   3.0407681e-01  -3.1333027e-02   2.8821930e-01   3.4199915e-01   1.0148250e-01  -2.3822915e-01  -1.2082726e-01   2.7833375e-01  -2.3960429e-01  -2.0515766e-01  -4.1799774e-01   7.6890917e-01   1.1576660e-01  -2.4777521e-01  -6.8356952e-01  -2.8160352e-02  -5.2785644e-01  -5.6360060e-02   4.0543374e-01   3.9959325e-01  -2.2012059e-02   2.8096441e-01   8.6487222e-02   3.1988517e-01   4.7946078e-01  -2.8025475e-01  -6.1990687e-01   3.0489242e-01   7.4990033e-02  -4.2995000e-01   4.3806897e-01  -6.8934799e-02   9.7452089e-03   1.9618737e-01   6.3799870e-02
   6.2293516e-02   7.3390088e-01   2.3070365e-01   1.0419045e-01   1.5105849e-01  -3.1832024e-01   3.4327490e-01  -1.6146459e-01   4.2418034e-01   1.0111899e-01  -1.2739680e-01   0.0000000e+00  -2.8027543e-01   1.0162730e-01   4.3254644e-01   1.3534565e-01   6.0167876e-02  -3.7156880e-01  -3.4648129e-01   3.8058667e-01  -9.1587679e-02   2.4406205e-01  -1.8951816e-01  -5.1093234e-03   4.7327795e-02  -4.5632779e-01   1.9622714e-02  -2.4312463e-02  -4.6644831e-02   4.9280821e-01   2.7185407e-03  -1.7588627e-01  -1.0876223e-01   2.7811414e-01   6.4331619e-01   6.1523320e-02   2.4962120e-01   7.5346487e-02  -8.8733219e-03   1.0417552e-01  -2.6978320e-01  -8.8424195e-02   6.2050403e-01  -3.0409172e-03  -1.9873055e-01  -2.0675116e-01  -2.1362772e-01   3.3303798e-01   7.7739783e-02   2.5301706e-01  -7.8878474e-02  -2.7832712e-01   4.4604626e-01  -1.8248500e-01  -1.9412486e-01  -1.3369562e-01  -4.1833533e-01  -2.2359346e-01   1.5258144e-01   7.3625630e-01  -9.7090702e-02   2.2784575e-01   5.6156008e-01  -3.4552199e-02   3.7633535e-01   6.0509642e-02  -3.1292033e-01  -3.2898973e-01  -3.2602666e-01  -1.7380035e-01   3.5457540e-01  -3.9220553e-01   3.1126496e-01   1.5228064e-01   4.6961584e-02  -4.3610875e-02   8.8208683e-03  -6.0612423e-02   6.2090785e-01  -3.6688242e-01  -5.1373148e-02   3.3006563e-01   8.7403987e-02  -1.3880335e-01   1.1283568e-01  -1.7537651e-01   1.5165427e-01  -3.4009723e-02   3.5000315e-01   1.6470955e-01   4.1734578e-01   9.0551259e-02   2.3978633e-01   4.7048223e-01  -1.8279733e-02   2.6354391e-01   9.9289449e-02  -4.3524709e-01   3.5690413e-01   1.2341194e-01  -1.2651128e-02   2.9383018e-01   1.7896981e-01   4.8899270e-01  -2.2518786e-01  -5.3487109e-02  -1.5223619e-01  -5.1537267e-01  -1.6582252e-01   9.7077274e-02   3.5484044e-01   2.0367690e-01  -1.9531011e-01   8.0843657e-02   1.3161565e-01   5.5504810e-01   1.2290843e-01  -7.5152736e-02  -5.9150080e-02  -1.0183797e-01  -1.2483299e-01   4.6582826e-01   5.0199022e-01   1.1429519e-02  -6.0761699e-02   2.8924300e-02  -5.1742900e-02  -3.2757336e-01   2.2204674e-01  -3.5535884e-02   2.2924021e-02  -2.4033420e-04   1.0081156e-01  -1.6000453e-01   2.8204402e-01  -1.0875075e-01  -3.6337656e-01   5.9530163e-03  -2.2116302e-03   6.7207218e-03  -1.0264502e-01  -3.5891170e-01  -2.9349888e-01   3.2892509e-02   2.3633306e-02   2.4128219e-01   6.6059577e-01  -8.8788756e-03   1.4194404e-02   1.0836850e-01   1.5323775e-01   1.3333824e-01  -1.0179031e-01  -2.5998850e-02   5.4308057e-01  -5.3187648e-02  -1.5256998e-01   1.2726606e-01  -8.0217007e-02   5.6131957e-02  -2.7076288e-01  -3.0937477e-01  -1.8854426e-02  -2.4114462e-01  -2.1700631e-01   5.6242470e-01   1.0691790e-01  -6.9921301e-02  -5.1873678e-02   3.8841416e-01   5.8662547e-01   3.9301362e-01  -4.7414039e-01  -3.9472373e-01   1.4128446e-01  -3.2692305e-01  -4.1923160e-02
  -1.3677160e-01  -4.0336012e-01  -1.7020667e-01   2.0712878e-01   2.3138353e-01   1.3656274e-01  -4.8392277e-02  -2.4487548e-01  -3.6396215e-01   3.2073190e-01  -1.7520347e-01  -2.8027543e-01   0.0000000e+00  -5.3465597e-02  -4.1960010e-01   2.8355577e-01  -2.0374599e-01   6.9289049e-02  -1.2992618e-01   8.7704266e-02   1.3898612e-01  -2.1523931e-01   1.6411919e-01  -9.1927257e-02  -1.8450779e-01  -1.1617798e-01   2.9075564e-01   8.3779592e-02  -1.3875613e-01   5.2946549e-03  -3.4177196e-01  -1.7434087e-01   8.0275803e-02  -3.3175095e-01  -3.0002791e-02   3.3558857e-01   1.1238064e-02  -3.6115305e-01   3.0026662e-01   1.1728073e-01   6.7732672e-01   1.0677998e-02  -5.8000004e-02  -2.6735341e-01   1.5907395e-01  -1.9421082e-01   2.8267756e-01  -1.7596922e-03   1.1613177e-01  -1.3248603e-01   7.0715361e-02  -1.7676957e-01  -3.5154349e-01  -4.3355875e-02  -1.2136276e-01   4.7611749e-02   8.8911322e-02   8.6593935e-02   1.5293384e-01  -9.2277067e-02  -1.3378447e-01   4.9281098e-02  -1.8965743e-01  -2.9686109e-01  -2.5247564e-01   3.6574712e-01   2.2373894e-01   1.3194678e-01   1.7070003e-01   8.4957432e-03  -2.6836592e-01   2.8150692e-01  -2.7771535e-02  -3.6986773e-01  -3.8995561e-02  -1.9543908e-01  -1.3021634e-01   1.2721224e-01  -8.8438716e-02   1.1824178e-01   5.2785029e-02   1.3851597e-01  -2.7304443e-01  -5.5827381e-02  -1.5290681e-01  -1.4360798e-01  -1.4622288e-01   9.4925229e-03  -1.5066076e-01  -1.6652099e-01   6.8262992e-03  -9.9392896e-02  -4.1402902e-01  -2.1897056e-01  -1.9932297e-01   2.5029180e-01   1.8158498e-01   5.8687577e-03  -2.1826751e-01   1.6064907e-01  -1.3886549e-01  -1.5788489e-02   7.5366368e-02  -4.6258538e-01   4.1539779e-02  -6.6074855e-02   4.4093136e-02  -7.9667258e-02  -4.5957635e-02   1.0088250e-01  -1.6262762e-01   1.9390997e-01   2.6811085e-01  -2.5793077e-01  -3.6055069e-03  -4.2984471e-01   5.3764804e-03   4.0273931e-01   2.4278355e-01   1.5196354e-01   2.3001821e-02   1.6054214e-01  -1.9836654e-01  -4.6111925e-01  -3.4792201e-01  -1.9525205e-01  -4.1877850e-02   1.1109902e-01  -2.8360255e-01   6.0501190e-02   3.3384876e-01  -2.4806778e-01  -3.2026666e-01  -1.8721096e-01  -1.8295786e-01  -2.1086358e-01   1.4775969e-01   2.3092309e-01  -4.6664909e-01  -5.8897348e-02  -6.8744902e-02   4.9117571e-01   1.4606886e-02   1.2214874e-01  -2.6921513e-01  -3.7780121e-01  -1.5088831e-01   3.6736030e-01   2.2338271e-01   8.2282601e-02  -1.8470608e-01   1.0723955e-01   6.5188687e-03  -1.7178688e-01  -2.0478784e-01  -2.0495311e-01   4.8902633e-02   2.1342429e-01  -1.0586202e-01  -6.3633652e-02   2.7566280e-02  -1.9005301e-01   3.6825370e-01  -9.2906284e-02  -1.0650029e-01  -2.9194322e-01  -6.2346848e-03   1.7018926e-01   1.0496179e-01  -9.8857049e-02  -3.5227114e-02  -7.6240762e-02   1.6888318e-01   1.9018288e-01  -9.8558405e-02   2.0679479e-01  -1.0013271e-01
   7.5833030e-01   2.3619741e-01  -6.6948492e-02  -7.8050385e-02  -2.4680592e-01  -5.8921516e-01  -5.7117518e-01  -1.9686343e-01   2.2189363e-01  -3.9581753e-01  -2.3294968e-01   1.0162730e-01  -5.3465597e-02   0.0000000e+00   9.5046933e-02  -3.7087055e-01   8.6061196e-02  -2.7782915e-01  -3.3568770e-02  -5.8519642e-02  -3.7797891e-01   2.1065613e-01  -3.8193186e-01   6.5084088e-01   1.3151943e-01   2.1541679e-02  -3.4095951e-01   3.2788820e-01   7.5855874e-03  -3.8960299e-01  -1.1685964e-01   2.9499761e-01   1.5745147e-01  -3.0047524e-01   2.3848676e-02  -5.0632941e-01  -3.2244649e-01   4.6856360e-01  -3.9034036e-01  -1.3968335e-01  -1.5598912e-01   2.7062883e-02   7.2193757e-02  -2.6713906e-01  -2.5849545e-01   9.8563868e-02  -4.4190369e-01  -5.2969992e-01  -2.5754891e-01   2.0483647e-01  -8.8095409e-02  -1.1516010e-01  -2.3122439e-01   3.3575940e-01   5.7542025e-01  -3.8217860e-01  -4.0711781e-01   6.6210977e-02  -2.4540704e-01   1.6987274e-01   9.3546908e-02  -9.6666397e-02   2.0131819e-01   1.0921051e-01   2.1468238e-01  -4.6876770e-01  -5.8338783e-01  -1.2337110e-01  -2.8389068e-01  -2.0425377e-01  -1.0843827e-01  -1.1146792e-01  -1.7379576e-01   6.5643340e-01   2.2245366e-01   3.4700852e-01   4.2562461e-02   1.1684133e-01   5.6939117e-02   1.3985658e-01  -1.1421818e-01  -6.4582729e-02  -1.6360407e-01   5.3739097e-03   6.6182254e-01   3.6276522e-01   1.5142235e-01   6.7526059e-01   3.6808407e-01   7.0380603e-01   2.5779978e-01   2.6747517e-02  -1.3696650e-01   1.0355486e-01   4.3043689e-01  -1.4954234e-01  -2.7587962e-01  -1.1416458e-01  -1.9613056e-02  -5.2000385e-01   3.9375635e-01  -2.7409546e-01  -2.8115004e-02   2.0971277e-01  -1.9124285e-01   1.9850177e-01   1.5190014e-01  -2.1376623e-01  -2.4289146e-01  -2.2024541e-01  -3.9045071e-01  -4.3984143e-01   1.2575482e-01   5.8359053e-01   9.4572303e-02   3.5616875e-01  -1.4314082e-01  -1.1782843e-01   4.1111360e-01  -1.4268289e-01   3.2852180e-01   6.1820923e-03   3.3562653e-01   1.8287408e-01   4.4269254e-01   7.3026665e-01  -1.4062684e-01   1.0812160e-01   1.5756315e-01  -2.4685882e-01  -1.7691705e-01  -1.8985738e-01   6.4703160e-01   7.5441405e-02   1.7006471e-01   3.3203231e-01   1.9993192e-01   1.0117251e-01   1.4607011e-01   5.5223447e-01   7.4944361e-01   8.4371187e-02  -4.2647820e-01   5.5519622e-03   5.3669872e-02   1.4861930e-01  -3.7031581e-01  -3.0903417e-01  -3.3754949e-01  -2.6272936e-01   4.6972366e-01   8.0492536e-02   3.1287849e-01  -1.0952849e-01   1.8447898e-01   5.2683984e-01   3.3826449e-01  -3.1418907e-01   7.9925244e-02   1.0247382e-01  -2.2410854e-02  -3.2065248e-01  -4.1919205e-01   5.1469677e-03   7.4353340e-02  -1.1720455e-01  -3.4140615e-01   2.5323224e-01   3.6749368e-01  -2.2723440e-01  -2.7806081e-03   3.2173355e-01  -2.3019812e-01  -2.6469034e-01   8.5787674e-02  -1.6133003e-01   4.1492193e-02
