   0.0000000e+00  -5.2740708e-01  -2.7946572e-01   3.8692125e-01  -1.8897289e-01  -2.4570877e-01  -6.8682805e-01   6.5342729e-02  -4.5199408e-02  -5.4040705e-01  -6.0477586e-01  -6.3708444e-01   3.4948544e-01   5.5170033e-01  -2.6900986e-01   2.4813923e-01  -2.3467908e-01  -1.8530648e-01   2.8825485e-01   1.4737114e-02  -2.1882201e-01   3.1627836e-01  -3.1736961e-01   7.5512247e-01  -1.2039791e-01   3.6980510e-01  -5.5120114e-01   4.1359184e-01   2.8710592e-01  -8.2407806e-02  -1.5130125e-01   5.2357760e-01   2.0629376e-01  -5.1391044e-01   2.0378720e-01   1.7792997e-02  -9.4143283e-02   7.2224566e-01   2.4615771e-01  -6.8532093e-01   1.3709303e-02   2.8492853e-01  -1.6168953e-01  -2.2855650e-01  -1.9190885e-01   8.0699774e-01  -3.0840475e-01  -6.6032752e-01   4.0274942e-02  -3.6737617e-01  -6.4467705e-02   4.7198272e-01  -6.0866163e-01   6.2386090e-01  -4.4199546e-02  -6.0035047e-01   6.1207816e-01   5.8352387e-01  -1.4658720e-01   3.3770191e-01   4.0402737e-01  -3.0270221e-01  -1.4978011e-01  -4.5934138e-01  -1.1973489e-01  -4.1209609e-01  -6.1826889e-01  -3.4950912e-01  -4.3340531e-01  -3.9857021e-01  -5.7879871e-01   1.9447414e-01   3.7260829e-01  -1.8666322e-01   5.6456742e-01   5.8134457e-01   6.1115194e-01   4.4866760e-01  -2.1855816e-01  -8.9535780e-02   2.4188123e-01   4.2995802e-01  -5.1251430e-01   3.0338262e-01   1.4411241e-01   5.1087576e-01  -4.3378503e-01   4.3082207e-01   4.1814838e-02   9.1714389e-01  -2.5728438e-01   5.2565642e-01  -5.2038237e-01   2.7451609e-01   6.4522364e-01  -2.8979598e-02  -1.2937108e-01   2.6216441e-01   1.8128284e-01  -3.1121087e-01  -1.9432001e-01  -4.6246495e-01   3.5990817e-03   4.9749849e-01   1.6282686e-01   5.0873256e-01   9.4172056e-02  -1.4179764e-01  -2.8155672e-01  -3.7080975e-01  -6.5126211e-01   2.4528179e-01   2.8174367e-01   9.3518704e-01  -3.5684493e-01  -5.4603221e-01   2.9995670e-02   6.6075783e-02  -4.1651208e-01   3.9641014e-01   8.5264454e-01  -2.3793590e-01  -2.2202156e-01  -2.7835205e-01   8.2333362e-01   5.0844546e-01  -3.0450372e-01   5.1855031e-01   6.8589814e-01  -5.7057812e-01   3.9693516e-01  -6.7919909e-01   2.9985552e-01  -2.4492086e-01   4.8489093e-01   3.4239651e-01   5.2660690e-02  -5.3160476e-01   2.8210695e-01   9.1192764e-01   8.4576427e-01   4.3321593e-01  -3.8245421e-01  -2.5458167e-01  -6.5252719e-02   2.9518873e-01  -7.4206610e-01  -5.0411024e-01  -4.7522746e-01  -3.6946790e-01   2.5954817e-01   2.9546180e-02   4.8612881e-01  -4.9105963e-01  -7.0258668e-01   8.6273343e-01   8.4160509e-01  -1.4240302e-01   4.5053153e-01   4.3595003e-01   1.9680834e-01  -3.0151528e-01  -4.3111092e-01   2.3575855e-01   4.0147917e-01  -5.6049691e-01  -6.4034000e-01   5.3280202e-01   7.8660010e-01  -5.8323997e-01  -6.2773341e-01   5.0577459e-01  -1.9616246e-01  -1.3991387e-01   1.3299482e-01   1.3955530e-02   4.2337419e-01
  -5.2740708e-01   0.0000000e+00   3.5015832e-01  -2.8745056e-01   1.0209332e-01  -3.2621519e-01   4.4856302e-01  -2.9803948e-01   4.4233405e-01   4.2580437e-01  -2.2334526e-02   7.2167134e-01  -2.7133120e-01  -2.6004032e-01   1.5517177e-01  -2.0509253e-02   4.6559000e-01  -7.0090809e-02  -2.1046163e-01  -6.0884135e-02   1.4332779e-01  -4.0757454e-01   2.7487476e-02  -4.1187659e-01  -3.5443671e-02  -2.6686615e-01   4.6573593e-01  -3.2669929e-01  -1.1289247e-01   3.2757098e-01   1.5182338e-01  -4.5407754e-01  -2.2247976e-01   3.4310025e-01   6.9839904e-02  -2.2579814e-02   1.5009366e-01  -4.6482924e-01  -9.5480904e-03   5.7561446e-01   2.9488428e-02  -2.5723675e-01   2.7148975e-01  -1.5684780e-02   2.9619928e-01  -4.9923501e-01  -6.0284355e-02   6.3486568e-01  -6.2488946e-02   3.2098942e-01  -4.3336032e-03  -5.4328968e-01   4.7553920e-01  -4.0221348e-01  -3.8376067e-02   6.0734916e-02  -4.8658593e-01  -6.9168714e-01  -1.5427894e-02  -3.4507167e-01  -3.5536640e-01  -1.0364841e-02   3.7428109e-01   3.8365169e-01   4.2409471e-01   5.3901825e-01   1.8735219e-01   1.0619107e-01  -4.8178859e-02   1.0070432e-01   7.5580056e-01  -1.2039089e-01  -4.0544640e-02   1.8421316e-01  -2.8927091e-01  -5.4528023e-01  -5.0621379e-01  -3.9821554e-01   2.5248042e-01  -1.2924329e-01  -4.1360693e-01   6.0968065e-02   5.6207321e-01  -4.4450523e-01  -2.7010387e-02  -6.2655660e-01   7.2615827e-01  -3.5256359e-01   1.9751235e-01  -5.5140487e-01   4.9703188e-01  -5.1471851e-01   4.0340182e-01  -4.1039995e-01  -4.8170658e-01  -7.3486332e-03  -8.4856223e-02  -2.8842189e-01  -3.0356797e-02   3.8050295e-01   3.1811359e-01   4.2953169e-01  -1.9650053e-01  -2.7520091e-01  -2.4659302e-01  -2.0042217e-01  -2.3593508e-01  -1.5365308e-01   1.4573026e-01  -9.1822907e-02   5.0016436e-01  -4.1403573e-01  -2.6612375e-01  -5.7728194e-01   1.4786096e-01   4.8406947e-01  -2.9279323e-01  -9.6314224e-02   1.9127824e-01  -3.4265814e-01  -6.9595262e-01   2.3231459e-01   1.6131893e-01   2.9833962e-01  -5.0626580e-01  -2.4471648e-01   2.6154387e-01  -3.6022095e-01  -5.2218188e-01   3.9912886e-01  -1.9451664e-01   5.1240071e-01   2.2900587e-01   1.3605537e-01  -2.8242654e-01  -4.6635239e-01  -2.1582970e-01   5.5316789e-01  -3.7758762e-01  -6.0081897e-01  -5.4630536e-01  -4.0659093e-01  -2.3948277e-01   1.6026115e-01   1.3634400e-02  -3.4797269e-01   7.0600604e-01   5.3718575e-01   3.8000478e-02   6.0294552e-01  -2.1454000e-01  -2.4554808e-01  -6.5147365e-01   7.1040902e-02   7.2189301e-01  -5.5372800e-01  -5.6933989e-01  -3.4860482e-02  -3.1668532e-01  -5.9757104e-01  -2.4188187e-01  -7.8415028e-02   4.7032477e-01  -2.3972182e-01  -2.8914864e-01   4.6327087e-01   3.7264544e-01  -4.1971149e-01  -6.8770904e-01   4.7897237e-01   5.2895875e-01  -3.7371363e-01  -1.0117383e-01  -1.7371959e-01  -2.0447362e-01  -3.8317803e-01  -3.4819975e-01
  -2.7946572e-01   3.5015832e-01   0.0000000e+00  -5.9816058e-02   4.8658095e-02   2.2635018e-01   8.0889795e-02  -2.1999604e-01  -2.5124135e-01   7.6504856e-02  -7.0517325e-02   5.3960670e-01  -3.9729050e-01  -3.0267555e-01   2.0367788e-01   1.9395866e-01   8.0127093e-01  -5.0476359e-02  -2.7674171e-01  -9.8058869e-02   1.0014640e-01  -9.5879819e-02   1.7109669e-01  -3.0201362e-01  -1.0057959e-01  -4.2646071e-02   5.6193523e-01  -3.3181371e-01   1.0840902e-01  -6.0249040e-02  -2.4796006e-03   6.2190605e-02   6.8977014e-02   1.6152413e-01  -1.3857851e-01   2.3536839e-01  -3.2116652e-01   1.1146165e-01   1.1640409e-01   5.6208257e-01  -4.7159661e-01   5.4083286e-02   2.7219170e-01  -2.6301914e-01  -2.3353436e-02  -1.6950062e-01   2.9234678e-01  -3.0030381e-02  -5.4057148e-01   6.7708291e-01   1.4997851e-01  -2.6805821e-01   7.7289754e-03   5.9607538e-02  -2.0751659e-01  -1.5157341e-03  -1.9295906e-01  -1.9041549e-01   2.0538821e-01  -1.4529572e-01   2.4688254e-01  -2.0777194e-01  -2.2998991e-01  -1.9634825e-01  -2.0405206e-01   3.9501807e-01   3.0362425e-01   4.3040301e-02   2.4595740e-01   2.8929466e-01   2.6401531e-01  -2.3256478e-01  -1.8431090e-01   4.8613106e-01  -9.1919537e-02   6.5190840e-02   8.2089036e-02  -1.1789384e-01   4.9228890e-01  -7.7928066e-02  -1.7726155e-01   2.0778996e-01   2.3600161e-01  -1.0885598e-01   1.1573961e-02   8.7838316e-02  -4.0948770e-02  -3.7652210e-01  -2.8571833e-01  -2.7290763e-01   2.6309401e-01   2.0049342e-01   3.6977113e-01  -2.5811663e-01   8.3524696e-02  -5.2554121e-02  -1.2871358e-01  -3.4282446e-02  -5.0315374e-02   3.3225539e-02  -9.0516059e-02  -1.6401242e-01   4.4337745e-02  -2.8843578e-01  -4.6479851e-02   1.3885710e-01   7.5951844e-02   1.1729302e-01  -3.4126519e-01  -2.4330126e-01   2.5469330e-01  -1.8877952e-01  -3.2812847e-01  -2.7065711e-01   3.1043730e-02   1.6349923e-01  -2.0395604e-01  -2.9583233e-01   7.1167819e-02  -2.7371339e-02  -2.6209390e-01   1.3280756e-01   3.8197361e-02   1.6322139e-01  -2.8465079e-01  -3.5615088e-02   1.9771825e-01  -1.0234096e-01  -4.6598938e-01   4.1740800e-01   9.6589668e-03   2.7090491e-01   2.5701500e-01   1.1006291e-01  -4.6196317e-01  -1.3577853e-02  -9.3897075e-02  -7.6861305e-02   9.6934983e-02  -1.8062944e-01  -2.1779947e-01  -5.9884211e-01  -1.7092650e-01   2.5211502e-01   3.3923848e-01  -1.2341425e-02   3.8726791e-01   6.9047397e-02   2.5993853e-02   6.7429324e-02   1.7433031e-04  -8.8062104e-02  -1.2481925e-01  -2.1481593e-01   5.7432914e-01  -1.2493114e-01  -1.2335119e-01   3.1991199e-01   1.0960785e-01  -1.4737631e-01  -1.9847730e-01  -2.9335521e-01   1.6918055e-01  -4.6788888e-02   2.4915654e-01   2.1391819e-01   2.2384063e-01  -3.5991265e-01  -3.0059678e-01   1.3766872e-01   4.1792949e-01   2.2929531e-02  -2.9530919e-01   1.3405179e-01  -2.1291921e-01  -5.4015665e-02   1.9364483e-01
   3.8692125e-01  -2.8745056e-01  -5.9816058e-02   0.0000000e+00   4.0931642e-01  -1.6333353e-01  -3.1670896e-01  -4.2018069e-01   4.2272966e-02  -6.5812181e-02  -2.3052493e-01  -2.1511825e-01  -2.5600436e-02   1.5617081e-01  -4.2376663e-02   6.9919149e-01   1.0542110e-01   4.2604723e-01  -2.5907187e-01   5.4110361e-01   4.2927517e-01   3.2413365e-01   2.7875161e-01   1.4476071e-01  -6.7685233e-01   2.6260669e-01  -1.0310230e-01  -5.6865727e-02  -4.0738655e-01  -2.6044559e-01  -8.4380149e-02   6.2239366e-01   8.4301022e-01  -4.5975880e-02   4.3439991e-01   7.6667884e-01  -4.0183307e-01   4.3160491e-01   7.7144778e-01  -1.2916628e-01  -3.1189657e-01   8.1026850e-01   2.2874351e-01  -3.5111587e-01  -2.0961581e-01   8.7288254e-02  -1.4316344e-02  -2.5973444e-01  -4.0401735e-01   2.9242804e-01   5.4839549e-01  -7.1007423e-02  -6.4191600e-02   3.3123111e-01   1.1036124e-01  -3.4113809e-01   6.5733884e-02   4.5826119e-01   1.4921256e-01   2.7761454e-01   4.6829708e-01  -8.4693454e-02  -3.9397323e-01  -6.0929005e-01  -2.9458589e-01   1.9877104e-01  -1.1422020e-01  -6.8730840e-01  -1.7173124e-01  -2.7157892e-01  -6.8419091e-02   6.1953619e-01   6.2884139e-01  -3.4414997e-01   6.0648069e-02   3.4474391e-01   3.1044143e-01   2.3876442e-01   3.7144709e-01  -2.0636797e-01  -1.8005536e-02   4.1192801e-01  -2.4134947e-01  -5.8979492e-02  -1.4430644e-01   3.4341788e-01  -2.0858652e-01  -1.7107993e-01  -3.4236615e-02   2.4091125e-01   2.4084615e-01   5.8901849e-01   3.8961335e-03   4.9382935e-01   3.8451594e-01  -9.9826467e-02  -4.8636318e-01  -2.0797289e-01  -3.4902822e-01  -2.7715268e-01  -9.4461712e-02  -5.5223320e-01  -2.7649179e-01   2.7324036e-01   6.0506287e-01   7.5340608e-01   1.4589941e-01  -2.8494143e-01  -4.2476369e-01   3.6569960e-02  -3.3299980e-01   3.6458336e-01   3.4975596e-01   2.1011194e-01  -3.5648476e-01  -4.2041052e-01  -3.5232722e-02   1.7176923e-01  -2.4296875e-02   8.0989376e-01   4.1127712e-01   6.4040152e-02  -5.9999137e-01   1.0029948e-01   6.1757466e-02   3.7440468e-01   2.1312847e-01   4.5474325e-01   4.3739023e-01  -1.6124438e-01   6.9781657e-01  -6.1529064e-01   1.4336526e-01   1.3719860e-01   5.7642421e-01  -7.7334005e-02  -4.9419309e-02  -1.9554117e-01  -1.9737410e-01   4.6751558e-01   3.7585011e-01  -6.7023846e-02  -2.7688095e-01   1.2289893e-01   4.4597563e-01   3.6685403e-01  -2.6494481e-01   1.9892755e-01   2.0858871e-01  -3.4460307e-01  -2.3693404e-01  -3.4359311e-01   1.8605104e-01  -3.7926514e-01  -1.5580576e-01   4.6664029e-01   4.8739123e-01   1.6590718e-01   7.2493340e-01   2.7037184e-02  -4.3821086e-01  -1.5435605e-01   2.0908982e-01   7.7910695e-01   3.2056009e-01  -2.3011519e-01  -2.8373898e-01  -6.3171007e-03   3.6324319e-01  -1.9330950e-01  -7.8627218e-02   4.8364623e-01  -1.1961516e-01  -1.6169878e-01  -4.9312898e-01   3.4976908e-01   4.0950945e-01
  -1.8897289e-01   1.0209332e-01   4.8658095e-02   4.0931642e-01   0.0000000e+00  -1.5184354e-01   1.4323671e-01  -3.9190532e-01   7.8259881e-02   3.3956704e-01   6.6514074e-03   8.8966099e-02   1.1625424e-01  -8.2912485e-02  -3.1643047e-01   2.0844995e-01   3.1084357e-01   1.9899464e-01  -5.3036526e-01   7.7573506e-01   1.3441989e-01  -3.2632740e-01   2.1971647e-01  -4.6547794e-02  -3.3394276e-01  -2.4184677e-01  -1.5658608e-02  -2.9488781e-01  -5.2507355e-01  -3.1147802e-01  -4.4025070e-01  -1.7323169e-01   3.6323675e-01  -5.1653028e-02   1.5738986e-01   5.8954525e-01  -9.1408807e-02  -6.0625893e-02   3.0426619e-01   2.2933806e-01  -4.1323474e-02   3.4703588e-01   4.2611185e-01  -3.8868309e-01  -1.4997748e-01  -2.4206476e-01  -2.2092167e-02  -6.8653078e-04  -1.2667662e-01   4.3769779e-01   1.1034435e-02  -4.9213921e-01   2.0357042e-01  -2.2541028e-01  -6.5604666e-02  -2.0983142e-02  -3.8589073e-01  -2.6939922e-01   9.0616764e-02  -1.8351242e-01   9.6411467e-02  -9.4762250e-03  -7.9061320e-02  -3.5834365e-01  -3.1723300e-01   4.2194954e-01   1.8359167e-01  -1.9277977e-01  -2.1413024e-01   1.9985129e-03   4.4067239e-01   4.6249876e-01   2.1635103e-01   7.4682554e-03  -3.6979384e-01  -3.9425073e-01  -1.6996910e-01  -2.5302552e-01   6.9628177e-01   1.1765548e-01  -3.9836701e-01  -9.3028705e-02   2.5453013e-01  -2.5108723e-01   1.9403704e-02  -3.1391898e-01   4.3010849e-02  -2.7008788e-01   6.9180023e-02  -1.2110890e-01   5.5195590e-01   5.6471748e-02   5.8945274e-01   1.4348038e-01  -3.2534838e-02   5.4023332e-01  -1.5667189e-01  -6.1042467e-01  -2.8171021e-01  -1.6233442e-01   9.0149465e-02  -3.0467902e-01  -5.0319131e-01  -1.3061307e-01   2.0738591e-02   9.7684931e-03   2.2189241e-01  -4.0324856e-01  -6.9545568e-02   1.2493680e-01   3.1339120e-01  -7.1093883e-02   1.7119070e-01  -2.2353208e-01  -2.0398448e-01   2.4370962e-01  -1.8277479e-01   2.3785148e-01   4.4784247e-03   2.9789977e-01  -1.0884619e-01   6.8366795e-01  -1.6203541e-01  -1.3692080e-01  -2.1036969e-01  -5.3539020e-03   9.7570511e-02   1.3035212e-01  -1.8394470e-01   2.3219542e-01   2.6377882e-01  -2.3512145e-02  -2.0258048e-02  -1.5296764e-01   1.6123445e-01  -4.7662072e-01   1.6729337e-01  -3.4137191e-02  -6.2011055e-01  -1.0517242e-01  -1.0085641e-01   3.3841995e-02  -2.6786557e-01   2.2427976e-01  -4.4450928e-02  -3.3817592e-01   3.2449667e-01   4.9244366e-01   4.4707090e-01  -2.1149033e-01  -6.0434534e-02  -5.1176948e-01  -9.4800850e-02   1.4724324e-02   3.4225704e-01  -2.7025190e-02  -1.0206251e-01   1.1511061e-01   2.1747653e-01  -4.4723867e-01  -3.1524565e-01  -2.2253622e-01   6.6082789e-01   1.6288505e-01  -2.8031231e-01   4.1576146e-01   2.4533375e-01  -3.8968014e-01  -7.5739638e-02   5.0837537e-01   3.5278174e-01   7.3801346e-02  -1.3116713e-02  -8.9657128e-02  -5.5745120e-01   7.2682083e-02  -2.1835745e-01
  -2.4570877e-01  -3.2621519e-01   2.2635018e-01  -1.6333353e-01  -1.5184354e-01   0.0000000e+00   2.5225008e-01   2.5596313e-01  -3.8315216e-01   1.1371410e-01   5.9636963e-01   9.8435694e-02  -9.0875862e-02  -2.6468373e-01   3.4252014e-01  -2.8914518e-01  -1.2469427e-01   3.3423138e-01   1.4593618e-01  -6.1685516e-02   6.2543660e-02   1.3747090e-01   3.3050414e-01  -2.6760717e-01   3.4996663e-01  -2.2372931e-01   4.0205741e-01  -1.8060653e-01   9.1370654e-02  -2.2869490e-01   6.0269832e-02   6.0211210e-02  -7.2042407e-02   8.1642521e-03  -2.2040023e-01  -2.4476918e-01  -6.4875306e-02  -1.2166381e-01  -3.5971898e-01   2.6589737e-01   1.3173354e-03  -3.1250379e-02   8.9458707e-02   1.4499993e-01   1.2706349e-01  -1.3412707e-01   5.0892000e-01  -3.8464620e-02  -1.4818209e-01   1.3351193e-01   1.7188871e-01   1.5514076e-01  -1.7008824e-01  -2.3496976e-01  -1.2501170e-01   4.8391793e-01   1.6622948e-01   2.0911406e-01   3.0726205e-01  -1.2735636e-01  -1.4430439e-01   2.3170254e-01   1.9292115e-02   2.3572624e-02  -1.8169431e-01  -1.1258870e-01   5.9313298e-01   4.5353719e-01   7.0189096e-01   3.3893810e-01  -3.0904131e-01  -6.7953254e-02  -6.0597653e-01   2.5172472e-01  -2.3666860e-01   1.3861843e-01  -1.4101461e-01  -1.8835196e-01   2.2226237e-02   4.9028380e-01   2.3109244e-01  -4.7084352e-01  -1.7047408e-01   3.4438632e-01   3.9513899e-04   2.6633412e-01  -4.3681204e-01  -2.5698052e-01  -1.2135025e-01  -2.1014042e-01  -2.9750170e-01  -5.5330008e-02  -2.7607364e-02   3.4399555e-02  -1.3617624e-01  -1.0975829e-01   5.3865047e-01   3.2900754e-01  -6.0505861e-02   1.4400469e-01  -2.9002999e-01  -6.7903581e-02   4.6693091e-01  -3.2810873e-01   1.8815940e-01  -1.5357977e-01   2.8045271e-01   6.9701413e-01   1.1930514e-01   2.2541801e-01   6.6825269e-02   2.4106934e-01   1.4779421e-01  -1.5011448e-01   1.2464068e-01  -3.5924732e-02   1.6173567e-01  -1.4557176e-01   3.5715491e-02   1.7964553e-02  -6.8749315e-02  -1.0440209e-01   3.2002692e-01   2.2988128e-01  -1.3682136e-01  -3.4327457e-01   2.8389379e-01  -2.2044554e-02  -1.6763752e-01   1.8437026e-01  -4.0812310e-01   3.1621180e-01  -2.7741380e-01   2.0971945e-01  -4.6354070e-01   2.1597644e-01   4.1043569e-01  -1.0124330e-01   2.6943421e-01  -1.7856276e-01  -2.1070675e-01  -3.7951921e-02   5.2376096e-01  -3.5478448e-02   1.3829005e-01   2.1968813e-01   6.6530482e-02  -1.9969192e-01   1.8135140e-01  -8.7632446e-02   8.5078086e-03   2.9342141e-01   2.9096508e-01   4.9592098e-01   1.0182886e-01  -9.5039706e-02  -2.2333801e-01   4.1493256e-01  -2.5328340e-01   3.0394750e-01   2.8899650e-01   2.9100545e-01  -1.4737411e-01   6.7271770e-02   6.9702158e-02   6.9215527e-02   4.6270354e-01   3.3796742e-02   5.5557694e-02  -2.6095542e-01   1.5980285e-01  -2.8426739e-01   4.4342938e-01   3.7494521e-01   2.8742217e-01   3.1538334e-01  -5.4995012e-02
  -6.8682805e-01   4.4856302e-01   8.0889795e-02  -3.1670896e-01   1.4323671e-01   2.5225008e-01   0.0000000e+00  -1.3464549e-01   2.4483288e-01   7.0524930e-01   6.0601931e-01   7.2352234e-01  -4.0594482e-02  -3.8009486e-01   4.0517808e-01  -3.6756415e-01  -9.2821995e-02   3.7269482e-01  -2.4341327e-01   1.4742953e-01   2.3822060e-01  -2.4721982e-01   5.2039927e-01  -5.2614257e-01   2.1844328e-01  -6.1482894e-01   4.3734874e-01  -3.5988834e-01  -3.1080761e-01   2.3692134e-01   2.1238484e-02  -4.9735044e-01  -2.9748110e-01   5.8248241e-01  -7.2986256e-03  -1.4996094e-01   2.2495885e-01  -6.8055861e-01  -3.1032869e-01   4.9439823e-01   2.1249857e-01  -3.9316642e-01   3.8066941e-01  -2.7900571e-02   4.6642920e-01  -5.7414925e-01   3.3160958e-01   7.7616998e-01  -6.7677436e-02   6.1899717e-02   1.7047064e-01  -5.1011291e-01   5.1396967e-01  -7.1708229e-01  -8.8849899e-03   4.9832827e-01  -5.8952139e-01  -3.9495930e-01   1.2296946e-01  -2.2352067e-01  -6.3686533e-01   4.7780601e-01   3.4260161e-01   4.5702389e-01   2.9004707e-01   4.8264129e-01   4.4171347e-01   3.6246167e-01   3.2219098e-01   3.0750084e-01   3.7588804e-01   2.4963625e-02  -2.6332984e-01   1.4870201e-01  -6.1959546e-01  -5.7419157e-01  -6.9871690e-01  -5.8337038e-01   8.3281154e-02   2.7807923e-01  -6.1052249e-02  -4.1540903e-01   3.2118404e-01  -2.9587073e-01  -1.7053472e-01  -4.9232144e-01   3.0728068e-01  -4.7206070e-01  -2.5406617e-02  -6.8931861e-01   1.5095110e-01  -7.0574744e-01   3.4264249e-01  -5.5699959e-02  -7.1619078e-01  -7.5959961e-03   2.9325029e-01  -2.2801118e-01  -1.3617692e-01   6.2855092e-01   8.7069110e-02   5.7113773e-01   6.4748673e-02  -3.5704857e-01  -5.0867203e-02  -5.5585638e-01  -3.6563787e-02   1.3661101e-01   4.1840890e-01   4.2635877e-01   6.0934635e-01  -3.1119426e-03  -5.2489397e-02  -6.7594694e-01   2.8010907e-01   3.2445818e-01  -1.8229510e-01   2.1869250e-01   1.0307616e-01  -2.1565172e-01  -6.3689441e-01   3.2844579e-01   2.6156524e-01   3.6077700e-01  -5.8710232e-01  -3.6253252e-01   4.8251515e-01  -5.1748338e-01  -5.2147104e-01   3.4269227e-01  -5.2202654e-01   6.5909878e-01  -2.5399765e-01   1.7463704e-01  -3.2479694e-01  -3.8569958e-01   1.9888155e-01   4.7365951e-01  -4.0994028e-01  -6.6183784e-01  -6.2203129e-01  -1.8297045e-01   3.3814399e-01  -2.6116314e-03   7.5925878e-02  -1.8350158e-01   6.9133852e-01   5.2102029e-01   6.6158304e-01   3.9399472e-01  -2.6774952e-01  -6.6060732e-02  -3.1763730e-01   5.8401196e-01   4.8887781e-01  -5.9234892e-01  -7.0654282e-01   1.6919008e-01  -6.4876016e-01  -3.0427027e-01  -9.4187178e-02   3.3143692e-01   4.0130429e-01  -2.4832661e-02  -3.8063468e-01   5.0255151e-01   6.8595085e-01  -5.4453007e-01  -4.5953473e-01   2.2706899e-01   6.2293903e-01  -6.5171861e-01   4.2229505e-01  -1.9140570e-01  -9.0645535e-02  -9.8415770e-02  -5.0374042e-01
   6.5342729e-02  -2.9803948e-01  -2.1999604e-01  -4.2018069e-01  -3.9190532e-01   2.5596313e-01  -1.3464549e-01   0.0000000e+00  -1.6981944e-01  -2.4326139e-01   5.6580884e-03  -3.2657138e-01  -9.7958236e-02   1.2952505e-01  -1.5642433e-01  -5.3523485e-01  -3.9199156e-01  -2.9562543e-01   4.2217569e-01  -4.7723067e-01  -3.6916649e-01  -3.1078207e-02  -2.7706042e-01   1.7927111e-01   5.1419383e-01   2.0166368e-01  -2.7891223e-01   2.8972919e-01   2.8798741e-01   3.1612180e-02  -1.3735775e-01   1.0520017e-02  -3.8337585e-01  -2.9031110e-01  -3.1227564e-01  -5.3005259e-01   3.9717504e-01  -9.0504269e-02  -5.1206447e-01  -4.4355385e-01   3.2864335e-01  -2.7608322e-01  -4.2655699e-01   5.6104246e-01   4.7041399e-03   2.9398487e-01  -1.1711418e-01  -7.5647597e-02   3.3499636e-01  -5.6589289e-01  -2.6181168e-01   6.7354177e-01  -2.4885902e-01   6.8578523e-02   3.2417556e-02   1.1354868e-01   3.3687101e-01   2.7513412e-02  -1.0712497e-01  -4.5312242e-02  -1.2444254e-02  -7.5524809e-02   6.3663314e-02   2.3431622e-01   7.5207638e-02  -4.4732911e-01  -1.0511762e-01   5.2058128e-01  -1.1599720e-02   7.3206819e-02  -4.1686017e-01  -2.0470311e-01  -2.6966148e-01  -5.4007336e-03   1.3477580e-01   2.9999158e-02   2.4962990e-01   3.2388188e-01  -5.1258548e-01   1.7332788e-01   2.2494777e-01  -3.2757605e-01  -2.5125418e-01   6.4197178e-01   1.8702706e-01   1.0409449e-01  -2.3605853e-01   3.2582037e-01  -3.0452466e-02   1.5749434e-01  -4.0781235e-01  -8.7921315e-02  -5.1101795e-01   1.1126976e-02  -8.7130023e-02  -1.0466442e-01   4.7208023e-01   2.4916884e-01   1.2813593e-01  -9.3077116e-02   3.2569676e-02   1.4998678e-01   2.8895026e-01   1.0131443e-01  -1.4364897e-01  -2.9807082e-01   2.6017355e-01   1.5557130e-01   3.3870602e-01  -2.6841065e-02  -2.6111635e-01  -2.2766972e-01  -2.7002541e-03   2.1567270e-01   1.2470375e-01  -1.2298910e-01   2.6918336e-01   1.4069446e-01   2.0439671e-02  -3.1859263e-01   2.0067844e-01  -3.4536842e-01   3.9435755e-01  -2.7089629e-01   2.9065779e-01  -1.7575751e-01  -2.4475905e-01  -1.0764783e-01   2.3217303e-01  -1.5613360e-01  -3.9937083e-01   1.4303899e-01  -2.8987441e-01  -2.7676351e-01  -2.3608450e-01   3.5724791e-01   1.8071475e-01   7.2136377e-03   3.6117605e-01   1.0119725e-02   1.6933082e-01   2.3680304e-01   2.7190049e-01  -1.5253127e-01  -3.1712714e-01  -8.0112999e-02  -3.5771556e-01  -2.9750200e-01  -2.5202490e-01   1.4244649e-02   3.0985652e-01   6.4693583e-01   3.3153567e-01   2.4504117e-01  -4.4350596e-01   2.1013003e-02   1.3138157e-01  -6.5948295e-02  -2.1525367e-01   3.2294493e-01   5.1415847e-01   3.1280731e-02  -4.4927156e-01  -4.5416750e-01  -1.3876727e-01  -2.6672457e-01  -1.7519372e-01   3.4721662e-01   2.8279257e-01  -1.8918458e-01  -3.6590318e-01  -1.2361406e-01   1.3482075e-01   2.4454640e-01   4.9130700e-01  -6.8400379e-02  -8.8373264e-03
  -4.5199408e-02   4.4233405e-01  -2.5124135e-01   4.2272966e-02   7.8259881e-02  -3.8315216e-01   2.4483288e-01  -1.6981944e-01   0.0000000e+00   1.3294904e-01  -8.3625619e-02   2.7208182e-01   3.2570237e-01   1.4438729e-01  -1.1978634e-02  -3.5075915e-02  -9.6856060e-02  -2.0452827e-02  -3.2535256e-02   1.9786290e-01   5.1074192e-02   4.0469536e-02  -1.7289893e-01  -1.1778243e-02  -2.4601957e-01  -5.5674768e-02  -8.1498247e-02  -6.1890629e-02  -4.0934523e-01   3.6314772e-01  -3.5581525e-02  -3.1780769e-01  -1.0672327e-01   2.4302912e-02   5.4426516e-01  -8.8226217e-03   1.1791093e-01  -2.9211656e-01   4.5459472e-03  -6.5891803e-02   4.7248848e-01  -5.7974167e-02   1.1545812e-01   3.6726298e-02   2.2161238e-01  -5.2698734e-02  -2.8907669e-01   3.7604052e-01   5.4080670e-02  -1.7251048e-01  -5.0267258e-02  -2.3977712e-01   1.5920380e-01  -3.2930584e-01   2.4700265e-01  -1.7243726e-01  -2.4461855e-01  -1.8309926e-01  -1.9296570e-01   1.1904985e-01  -2.3684894e-01   1.0863432e-01   2.5742150e-01   2.2292894e-01   3.9627792e-01   1.3255422e-01  -8.1948021e-02  -1.2744204e-01  -2.7298593e-01  -1.0380002e-01   2.6152319e-01   1.3509143e-01   2.0445355e-01  -1.6175955e-01  -2.7820713e-01  -4.3464259e-01  -2.9808676e-01   2.0183192e-02  -4.4375821e-02  -2.1902950e-02  -2.1341739e-01   3.9551043e-02   4.6267348e-02  -1.3254329e-01   2.3492400e-02  -5.4802290e-01   5.1625689e-01  -2.7886951e-02   2.9293471e-01  -1.5206996e-01   2.2103888e-01  -3.5088840e-01   4.4831819e-02   2.4318869e-01  -3.1117554e-01  -8.0757219e-04  -1.6915995e-01  -1.2373248e-01  -2.6491202e-01   1.0079541e-01   2.2754570e-01   3.0485408e-01  -1.0806485e-01   4.3379886e-01  -7.5694618e-03  -1.4103988e-01  -2.5825136e-01  -1.4578881e-01   2.2268856e-01   4.7961301e-02   1.1613230e-01   4.0463871e-02  -3.7361499e-02  -9.1964545e-02  -3.9097238e-02   2.3516640e-01  -2.5145426e-01   2.2302529e-01  -4.5113628e-02  -7.6998905e-02  -1.8940145e-01   1.2504708e-01  -5.3125890e-02   1.6940656e-01  -1.1474648e-01   2.4954844e-01   1.1006058e-01  -3.7520536e-02   7.9955403e-02  -2.5848061e-02   7.8300724e-02   1.6856567e-02   2.2731718e-01  -1.4827314e-01   2.6808256e-01  -4.4211985e-01  -8.2650449e-02   2.8587753e-01  -5.1555740e-01  -7.3320576e-02  -6.9439216e-02   2.3744455e-01  -1.7844926e-01   4.2606513e-02  -1.4857748e-01  -1.7456363e-01   1.5093817e-01   3.4260518e-01   2.9772023e-03   2.0313915e-01  -8.8296200e-02  -2.0439042e-01  -4.7594720e-01   3.4998698e-02   7.3046445e-02  -1.3629970e-01  -9.2477363e-02  -2.5281233e-01  -1.2635567e-01  -2.6651460e-01  -2.4459640e-01   8.7794870e-02   1.2984397e-01   8.7320952e-02  -2.4483432e-01   2.0129414e-01   5.0714664e-02  -4.4233521e-02  -1.0937025e-01   2.1693115e-01   1.8595138e-01  -1.3063663e-01   9.7156652e-02  -1.3006540e-01  -2.0153879e-01  -2.7710343e-01  -1.2775508e-01
  -5.4040705e-01   4.2580437e-01   7.6504856e-02  -6.5812181e-02   3.3956704e-01   1.1371410e-01   7.0524930e-01  -2.4326139e-01   1.3294904e-01   0.0000000e+00   4.6425600e-01   5.2379894e-01  -7.6661132e-02  -4.5785559e-01   1.1590200e-01  -1.9265213e-01   1.4834762e-01   4.3194781e-01  -1.9047954e-01   3.2217563e-01   1.5016465e-01  -5.2609341e-01   4.3995958e-01  -2.7553411e-01   1.0371618e-01  -4.9746383e-01   3.7975770e-01  -3.5469065e-01  -3.1786236e-01  -1.6639612e-01  -2.0934851e-01  -3.1250680e-01   3.2642473e-02   3.2975546e-01  -1.2069815e-01   3.7907669e-02   1.2875318e-01  -5.0654440e-01  -1.2851036e-01   5.0762430e-01   1.3799533e-01  -2.1831694e-02   5.5010978e-01  -1.2851094e-01   2.5181521e-01  -4.2191212e-01   1.8666584e-01   4.3610575e-01  -2.9266081e-01   3.0590527e-01   2.5028539e-01  -4.8216860e-01   4.3689960e-01  -5.0663759e-01  -7.4194234e-02   4.2534963e-01  -5.1790747e-01  -3.7451937e-01   2.4285978e-01  -3.5776243e-01  -3.8280987e-01   2.7186805e-01   2.6989285e-01   7.6226537e-02   2.4577887e-02   7.1652197e-01   4.4168983e-01   2.9983822e-01   1.0917934e-01   2.9227182e-01   5.1711341e-01   2.4645342e-01  -1.0421206e-01  -1.4809932e-02  -5.4503131e-01  -5.6873686e-01  -4.5329814e-01  -6.5049591e-01   3.5014204e-01   2.8830075e-01  -1.2163482e-01  -3.7562816e-01   3.8549004e-01  -2.1763804e-01  -1.6818273e-01  -4.1168430e-01   1.7145415e-01  -3.9339242e-01   1.4554668e-01  -5.1891989e-01   3.0003895e-01  -4.6870340e-01   3.8319612e-01  -9.8428546e-02  -4.7612014e-01   1.4625235e-01   2.6738393e-01  -3.2086470e-01  -2.5533565e-01   5.6911463e-01   2.1467661e-01   2.2543865e-01  -3.2878351e-01  -5.0281045e-01   2.6784770e-03  -3.4163903e-01   2.2343104e-01   1.1654510e-02   1.6410436e-01   1.7815192e-01   5.8798867e-01  -1.8723728e-01   1.8526809e-01  -5.6562475e-01   1.6684472e-01   1.4213622e-01  -1.1459727e-01   1.6462902e-01   1.7910710e-02  -3.5155714e-02  -4.6067540e-01   3.7831722e-01   2.1488326e-01   2.9591074e-01  -3.7526954e-01  -4.5615529e-01   4.7768282e-01  -3.1519753e-01  -3.8482868e-01   4.3938134e-01  -2.9355699e-01   5.8481171e-01  -3.2811329e-01   5.8615109e-02  -2.8543227e-01  -4.9745642e-01   2.6281670e-01   3.6650865e-01  -3.9869484e-01  -5.3602016e-01  -3.6735866e-01  -1.7937172e-01   9.5305162e-02   4.2250624e-03  -2.0521831e-03  -3.5021130e-01   6.5298234e-01   6.0238811e-01   6.0020457e-01   4.0786002e-01  -2.1051525e-01  -2.4761843e-01  -8.0138617e-02   4.9442105e-01   5.6418487e-01  -4.0544661e-01  -5.1178363e-01   2.6900471e-01  -3.6847008e-01  -3.6867604e-01   2.3964534e-02   4.9307825e-02   7.3163025e-01   3.8346430e-02  -2.9153115e-01   3.7156743e-01   6.8735407e-01  -4.5150964e-01  -2.8528547e-01   3.0353757e-01   4.4799366e-01  -4.5564316e-01   3.7842891e-01  -1.5372776e-01  -3.2030330e-01   1.3360562e-01  -4.7267822e-01
  -6.0477586e-01  -2.2334526e-02  -7.0517325e-02  -2.3052493e-01   6.6514074e-03   5.9636963e-01   6.0601931e-01   5.6580884e-03  -8.3625619e-02   4.6425600e-01   0.0000000e+00   2.5199890e-01  -8.0599683e-02  -4.8108872e-01   3.6091868e-01  -3.0489511e-01  -2.4727544e-01   5.0606439e-01  -9.9231574e-02   1.3671299e-02   3.1500938e-01  -1.3445548e-02   4.2932263e-01  -5.1910398e-01   2.3613605e-01  -4.8466450e-01   4.2705534e-01  -2.3591472e-01  -1.6822409e-01  -4.2974148e-02   2.2533164e-01  -2.2984626e-01  -9.1359357e-02   2.6782307e-01  -1.8721484e-01  -2.2597716e-01  -4.0514579e-02  -5.2834484e-01  -2.9656045e-01   4.3121426e-01   1.7970139e-01  -1.6810731e-01   1.6620307e-01   2.1644447e-01   2.0055445e-01  -5.3825868e-01   4.8035403e-01   4.3445378e-01  -1.2432866e-01   9.3466031e-02   2.1868881e-01  -1.6957338e-01   2.4477795e-01  -5.9777602e-01   1.5402347e-03   7.2671654e-01  -2.3139557e-01  -8.3261717e-02   4.6278286e-01  -1.5769854e-01  -4.6095675e-01   4.3271762e-01   2.2115244e-01   3.8722497e-01   5.2836878e-02   7.5918725e-02   6.1322618e-01   4.3721977e-01   6.7208022e-01   2.6957922e-01   1.1750693e-01   6.3147151e-02  -4.8007704e-01  -4.6307385e-04  -5.1176534e-01  -2.1193662e-01  -5.3353990e-01  -3.9057899e-01   2.8566400e-02   5.0186825e-01   4.0071025e-02  -6.6774727e-01   1.8214621e-01   5.1534881e-02  -1.8011706e-01  -1.2067689e-01   5.7724834e-02  -3.1410785e-01   9.9468619e-03  -5.7727462e-01  -8.6611765e-02  -4.6096251e-01   2.0163628e-01   1.5651643e-02  -4.9371879e-01  -1.1352864e-01   4.2785299e-01   1.3463549e-01  -2.7377760e-01   3.1289161e-01  -1.1036485e-03   2.6597543e-01   2.1438300e-01  -4.1869689e-01   1.0850534e-01  -4.5232805e-01   1.0011632e-01   5.4020928e-01   2.1253538e-01   5.6006204e-01   3.6730286e-01   1.6161059e-01   1.1680358e-01  -5.3089227e-01   2.4386000e-01   2.4335996e-01   2.6798660e-01  -2.1221978e-03   1.4183321e-01  -1.6804821e-01  -4.6278431e-01   8.6074102e-02   3.5543469e-01   3.9396392e-01  -4.6854016e-01  -5.4886980e-01   3.8064018e-01  -2.2511043e-01  -3.4171242e-01   2.9757117e-01  -4.9717962e-01   5.4820726e-01  -5.1894699e-01   3.5203582e-01  -3.7177778e-01   4.6464626e-03   3.6273324e-01   3.6847347e-01  -1.3418501e-03  -5.2578505e-01  -5.5119511e-01  -1.1979563e-01   7.1531247e-01  -1.4212180e-01   1.3452924e-01   1.1022930e-01   3.9860618e-01   2.4689478e-01   5.0688534e-01   2.1422672e-01  -2.4981333e-01   1.1623828e-01   2.1167510e-03   8.2492243e-01   3.0241394e-01  -5.1299894e-01  -5.7449858e-01   4.0803829e-01  -5.1458229e-01  -1.0426609e-01   1.8471977e-01   6.7808468e-01   2.7990462e-01   1.0962815e-01  -2.0276183e-01   2.1428010e-01   7.0595597e-01  -1.6468680e-01  -2.9935012e-01   1.2090388e-01   3.7372163e-01  -4.9337259e-01   6.6835392e-01   1.0440698e-01   5.2819230e-02   2.8260803e-01  -3.9454204e-01
  -6.3708444e-01   7.2167134e-01   5.3960670e-01  -2.1511825e-01   8.8966099e-02   9.8435694e-02   7.2352234e-01  -3.2657138e-01   2.7208182e-01   5.2379894e-01   2.5199890e-01   0.0000000e+00  -2.7002981e-01  -4.0951899e-01   4.4266351e-01  -8.4938624e-02   3.7885351e-01   1.7752441e-01  -3.8755624e-01   3.0540558e-02   1.9725024e-01  -1.5039909e-01   2.9569980e-01  -5.3336441e-01   4.6479145e-02  -3.9807638e-01   6.2410625e-01  -4.5819741e-01  -2.1231056e-01   3.3035344e-01   9.6253057e-02  -3.4913981e-01  -2.0459255e-01   5.3839891e-01   8.5944618e-02   5.5206331e-02  -5.2932518e-03  -5.2176041e-01  -1.0242172e-01   6.6298340e-01  -1.6076509e-01  -2.9343952e-01   4.1770673e-01  -1.9451764e-01   3.9253607e-01  -5.3841106e-01   3.1312783e-01   6.3734340e-01  -3.0752614e-01   3.8439416e-01   2.0072802e-01  -5.9677576e-01   4.7458098e-01  -5.2124598e-01  -1.1272872e-01   2.8493027e-01  -5.9088044e-01  -3.8335345e-01   1.0023531e-01  -1.1642759e-01  -4.5374219e-01   1.8983197e-01   2.7760451e-01   3.0515094e-01   2.4031624e-01   6.0335242e-01   3.8472348e-01   1.8575610e-01   2.7472305e-01   2.9204286e-01   4.9413854e-01  -1.4604027e-01  -1.9914508e-01   3.5943782e-01  -4.6053018e-01  -4.3112324e-01  -5.8641637e-01  -4.9100586e-01   2.9693011e-01  -2.4532265e-03  -2.1107670e-01  -4.2910412e-02   3.8875193e-01  -4.1780166e-01  -1.5755793e-01  -4.1187450e-01   3.8602429e-01  -5.1065531e-01  -4.8442434e-02  -6.6088573e-01   2.9342246e-01  -5.1457667e-01   5.0359061e-01  -1.6464634e-01  -5.6278405e-01  -9.4504613e-02  -2.7958615e-03  -2.2063270e-01  -4.9963300e-02   4.5019447e-01   2.9694592e-02   4.1778509e-01   1.4508064e-02  -2.9575144e-01  -3.9603237e-02  -2.2428632e-01  -1.9811585e-01   1.1584143e-01   1.0059885e-01   1.7096460e-01   5.7364292e-01  -3.7595964e-02  -2.5520995e-01  -6.4356155e-01   1.6961653e-01   3.8670575e-01  -3.2971109e-01  -1.0781269e-01   1.0846252e-01  -2.1216297e-01  -6.6766363e-01   2.3361025e-01   1.6457398e-01   3.9525425e-01  -6.1350510e-01  -1.1802788e-01   4.8285596e-01  -5.2348242e-01  -5.6685905e-01   4.3086730e-01  -3.2406137e-01   5.7745760e-01   9.2931827e-02   1.8399624e-01  -3.8934560e-01  -4.3986220e-01  -1.4037893e-01   3.5304395e-01  -3.5433681e-01  -6.0164116e-01  -5.8357097e-01  -4.6993568e-01   7.8240143e-03   2.2773505e-01   2.1985171e-01  -1.3456768e-01   7.1926083e-01   4.8528078e-01   4.2481271e-01   4.0011887e-01  -3.3020688e-01  -1.8954643e-01  -4.9893695e-01   1.7044017e-01   7.2624651e-01  -5.7652365e-01  -5.8127059e-01   9.5427761e-02  -4.2921126e-01  -3.4840415e-01  -2.6352207e-01   7.1730376e-02   3.6356151e-01  -1.3991070e-02  -7.7957549e-02   5.0380178e-01   5.5160537e-01  -5.3125824e-01  -6.0474370e-01   3.0835760e-01   7.2994775e-01  -5.1928025e-01   3.7922779e-02  -1.3024072e-01  -1.7697559e-01  -2.5072588e-01  -2.0583509e-01
   3.4948544e-01  -2.7133120e-01  -3.9729050e-01  -2.5600436e-02   1.1625424e-01  -9.0875862e-02  -4.0594482e-02  -9.7958236e-02   3.2570237e-01  -7.6661132e-02  -8.0599683e-02  -2.7002981e-01   0.0000000e+00   1.6327194e-01  -2.9417500e-01  -1.9598970e-01  -2.9439694e-01  -1.5735517e-01   1.0551451e-01   3.6085214e-01  -3.7233844e-01  -8.1214237e-02  -2.9878931e-01   3.5219231e-01   1.4909582e-02  -4.8289783e-02  -5.2338718e-01   1.8199954e-01  -1.3875935e-01  -1.2149970e-01  -3.4055906e-01  -3.0552278e-01  -2.0695010e-01  -2.8753240e-01   2.5189156e-01  -1.7993256e-01   1.7002222e-01   8.8744940e-02  -1.9318081e-01  -3.8164698e-01   5.9673646e-01  -1.0622733e-01   1.6846819e-01  -1.1378153e-01  -1.0821296e-01   3.9996790e-01  -2.8125380e-01  -2.5330141e-01   2.8792827e-01  -3.4200562e-01  -4.1832259e-01   7.0068845e-02  -2.4487633e-01  -1.1490703e-01  -1.2824101e-01  -5.3294876e-02   6.7472324e-02   1.5441694e-01  -1.9100565e-01   1.6049760e-01  -1.0359969e-01   2.6580494e-01   1.7287930e-01  -6.0934192e-02  -1.0210445e-01  -3.1946682e-01  -2.6571348e-01  -2.4288037e-02  -3.0518736e-01  -1.5642183e-01  -1.6476972e-01   5.8178358e-02   1.0439696e-01  -1.6195360e-01  -4.8879189e-02  -1.3225841e-01   3.5986520e-02   8.3986639e-02  -1.4117890e-01   2.8061096e-01   1.0371883e-01  -4.8258709e-02  -8.3906217e-02   1.2865506e-01   6.9238181e-03  -1.1052265e-01  -2.2198761e-01   2.8118010e-01   1.4089283e-01   3.4593370e-01  -1.0226557e-01  -9.6771333e-02  -1.5308817e-02   3.7512812e-01   1.0798599e-01   4.9503664e-01   1.1221875e-01   8.9951552e-02   8.0123909e-02  -1.8373582e-01  -9.7279603e-02  -2.7862786e-02  -1.1810180e-01   3.4697067e-01  -2.6545875e-01  -2.1762167e-01  -6.4319452e-02  -4.6078966e-02   2.2607907e-01  -1.0433914e-01   1.2577517e-01   1.1473077e-01   1.4831631e-01   3.7237601e-01  -2.2068621e-01   7.6768686e-02   2.9573156e-02   3.5530187e-01  -4.3435970e-01  -1.6494507e-02   3.0242533e-01   2.5349296e-01   4.3000129e-02  -3.7151981e-01   3.9316328e-01   3.0184371e-01  -3.5527354e-01   2.1697591e-01   1.7214828e-01  -3.4015067e-01   1.2885319e-01  -2.3809076e-01  -4.0003505e-02  -4.3720490e-01   3.9107261e-01  -1.2164537e-01   2.7958610e-01  -3.5779850e-01  -2.4328689e-01   3.5096640e-01   3.1200956e-01   7.8625765e-01  -2.5214204e-02  -1.7933959e-01  -4.4415958e-01  -2.5831783e-01  -1.8068458e-01  -2.6230565e-01  -1.0653555e-01  -4.1005091e-01   1.9660591e-01  -1.2778716e-01   3.9666268e-02  -2.7542525e-02  -2.9498193e-01   2.6377195e-01   1.8173011e-01  -1.6838051e-01  -1.2568815e-01   1.2098020e-01   1.0850453e-01  -8.9507031e-04  -1.2743723e-01  -5.2301083e-02  -1.1351879e-01   1.0505079e-01  -7.4350035e-02   1.2786080e-01   3.8255376e-01  -6.3737767e-03  -2.1999188e-01   6.6343845e-02   1.0286431e-01  -9.0082737e-02   4.5973583e-02  -9.5720637e-02  -1.5299600e-01
   5.5170033e-01  -2.6004032e-01  -3.0267555e-01   1.5617081e-01  -8.2912485e-02  -2.6468373e-01  -3.8009486e-01   1.2952505e-01   1.4438729e-01  -4.5785559e-01  -4.8108872e-01  -4.0951899e-01   1.6327194e-01   0.0000000e+00  -3.0141598e-01   4.8356026e-02  -2.7985154e-01  -1.3620317e-01   2.3150710e-01  -4.6492278e-02  -2.3383870e-02   2.9156063e-01  -3.0509241e-02   5.5028690e-01  -1.6258749e-01   3.1254417e-01  -6.0906205e-01   5.7414934e-01   5.6214505e-02   1.3152506e-01  -1.2838969e-01   1.7556839e-01   1.9127337e-02  -1.9669201e-01   3.5222354e-01  -3.7996986e-02   7.2141628e-02   2.1723727e-01   7.0578012e-02  -6.4265461e-01   1.6213808e-01   1.4078871e-01  -1.1841101e-01   1.3907080e-01  -1.7792148e-01   4.7844250e-01  -4.0378297e-01  -2.1084086e-01   2.6639772e-01  -4.8537084e-01  -8.9618643e-02   1.9571096e-01  -2.2464401e-01   1.9989265e-01   4.7895232e-01  -3.4125743e-01   3.7494393e-01   3.2838453e-01  -4.5297024e-01   4.2074605e-01   2.5824603e-01  -4.1549825e-01  -9.0947936e-02  -3.4182422e-01  -2.2845973e-02  -2.9217698e-01  -3.6213498e-01  -2.5600942e-01  -4.5938742e-01  -1.9019807e-02  -4.1731457e-01   5.6999147e-02   2.7571434e-01  -1.5619814e-02   3.3933017e-01   1.0328501e-01   3.8838597e-01   3.8079335e-01  -4.1213137e-01  -3.0614755e-01   3.7290456e-01   2.0252257e-01  -4.1813265e-01   2.3267911e-01   5.4176628e-01  -1.4042635e-02   6.9422048e-02   4.1871871e-01  -3.1848439e-02   5.2574766e-01  -3.5532841e-01   2.5016354e-01  -4.9823413e-01   3.6620550e-01   2.8413125e-01  -2.4942702e-01  -2.2209808e-01  -1.5395937e-01   5.0670443e-02  -2.6126058e-01   3.3163416e-01  -2.5800006e-01   8.7820648e-02   6.6018749e-01   1.1032977e-01   1.8001734e-01   1.8592318e-01  -3.8899478e-01  -5.1585783e-03  -1.5724791e-01  -5.7368269e-01   1.7912671e-01   1.8289712e-01   5.4446778e-01   2.3485470e-01  -5.1442325e-01  -6.9326365e-03   3.2815343e-02   2.3657451e-01   1.9670744e-01   4.6942047e-01  -3.2527112e-01  -3.0952271e-01  -3.3295336e-01   4.0164908e-01   5.4339007e-01  -2.7331641e-01   1.7897585e-01   5.3968066e-01  -1.7699793e-01   2.2636851e-01  -4.9617686e-01   5.9242892e-01  -2.6773305e-01   3.4331951e-01  -9.4271808e-02  -9.1617688e-02   4.4189136e-02  -1.5615296e-01   4.5846544e-01   5.3132191e-01   3.4155018e-01  -1.8077839e-01   1.5938243e-01  -1.7841247e-01   4.0996611e-02  -5.6547126e-01  -3.9924670e-01  -2.3686072e-01  -1.7355206e-01   4.8375662e-01   2.8913690e-01   1.8121771e-01  -3.4573878e-01  -6.5572200e-01   4.0867957e-01   4.4610196e-01  -3.2696963e-01   2.6780360e-01   2.9651461e-01  -3.6585002e-02  -2.5553947e-01  -3.7106091e-01  -1.5983448e-02  -1.0421240e-01  -4.9055347e-01  -6.2606507e-01   3.8532227e-01   4.7143440e-01  -4.0968373e-01  -4.9969350e-01   2.7998197e-01  -1.9141297e-01   1.0220986e-01   6.2730317e-02  -3.5224507e-02   2.8026428e-01
