   0.0000000e+00  -2.9565432e-01   1.4174940e-01  -2.0442247e-01   5.1406767e-02  -2.1034765e-01  -6.5477082e-01   1.2595355e-01   1.7732859e-01  -6.8002932e-02  -5.7825365e-01  -2.3481987e-01  -2.0011819e-03   7.4428807e-02  -4.9471258e-01  -4.5959212e-01   2.5056296e-01  -2.8880921e-01   5.3461900e-04  -1.2798185e-01  -2.5306618e-01  -4.5868929e-01  -2.0174555e-01   6.1952617e-01  -2.1793211e-01  -3.1466877e-01  -6.7509218e-01   1.0926366e-02   3.2459554e-01  -5.4653748e-01  -4.2073152e-01  -1.9962812e-01   1.1899591e-01  -5.2369014e-01  -9.1901216e-03  -3.5584487e-01  -2.4182619e-01   6.2779634e-01  -4.2225046e-01  -4.5370660e-01  -8.3746847e-02   1.7157394e-02   3.3337240e-01  -3.1081047e-01  -6.0148000e-03   6.3878418e-01  -6.3062919e-01  -5.5954641e-01  -1.2263479e-01   3.6831466e-01  -2.6245934e-01  -4.0577813e-01  -3.2796878e-01   2.3345787e-01   2.7214401e-01  -4.2548510e-01  -9.4847077e-02  -3.8176940e-01  -1.7380826e-01  -2.8116553e-02   3.3117021e-01  -3.6223475e-01   5.4813463e-01  -4.1735692e-01  -3.0960632e-02   7.1208212e-02  -1.0672495e-01   1.1523185e-01  -5.1817779e-01   3.6251140e-01  -6.8014354e-02  -5.8156972e-02  -2.2024743e-01   4.9101887e-01  -3.9322900e-02  -7.2624705e-02   5.1524636e-01  -2.4103787e-01   4.2540129e-01  -1.9117026e-01  -5.8670629e-01  -3.2663427e-01  -3.6018957e-01  -9.8752438e-02   4.6254608e-01  -1.3963815e-01   5.2925877e-02   4.6906084e-01   4.5202306e-01   8.8338665e-01   3.2943042e-01   5.9112979e-01  -2.1623965e-01   8.7674402e-02   6.0412646e-01   3.3017981e-02  -2.5845095e-01  -1.4810656e-01  -2.2824115e-02  -1.5364676e-01   1.3091055e-01  -3.3691568e-01  -6.4012101e-01   7.9733715e-02  -1.1717572e-01  -1.7110024e-01   3.2780054e-01  -2.7502211e-01  -2.5181834e-01  -9.2503517e-02  -1.3981023e-01  -6.7416024e-01   9.4502059e-02   8.7158517e-01  -3.1327267e-01   2.1689300e-01  -2.9850848e-01  -2.5500572e-02   5.9981912e-02  -4.1184586e-01   6.4786339e-01   1.2335738e-01   1.2818995e-01  -2.8261449e-01   6.0502070e-01   2.9280711e-01  -4.0688363e-02   4.5391965e-01   2.5034316e-02   9.0665684e-02  -2.3989668e-01  -2.9722433e-01   4.8073499e-01  -3.2748328e-01   2.1059027e-01   6.6384270e-02  -1.5084801e-01  -3.2885563e-01  -3.4927761e-01   7.9177157e-01   5.1541393e-01   1.2199885e-01  -4.7630896e-01  -1.8301588e-01  -3.4671297e-01  -1.7274251e-01  -4.6280990e-01   1.2874733e-01  -2.2894223e-01  -9.1506663e-02   4.3822549e-01  -3.5466643e-01   5.6491190e-01   6.6681105e-02  -3.6663399e-01   6.9312602e-01   6.3718632e-01  -3.3823203e-01   5.3917755e-01  -6.1462188e-01   3.5976279e-01  -1.4214915e-01   7.4338917e-02  -1.5379680e-01  -3.1318961e-01   1.8080901e-01  -1.9469866e-01  -1.1585565e-01   5.9446184e-01  -1.3497975e-01   3.3452416e-01   6.8760343e-01   1.4109733e-01  -2.6722747e-01  -3.4165070e-01  -1.7298542e-01  -2.0534334e-01
  -2.9565432e-01   0.0000000e+00   1.6204230e-01   1.4021571e-01   2.1423954e-01  -5.3295671e-02   4.3932089e-01  -1.6243918e-01   8.1788252e-02  -2.8966049e-02   2.0271517e-01   6.1848688e-01  -1.8816768e-01   3.7464411e-01   3.4683641e-01   1.8052496e-01   7.3787514e-02   9.7534499e-02  -2.7932619e-01   1.3005613e-01   5.0230411e-01   2.9499045e-01   2.9603986e-01  -1.2393550e-01  -2.5394708e-01  -9.3577802e-02   2.3625760e-01  -1.6429260e-01  -4.0383860e-02   4.5598473e-01   5.2355366e-01   1.4120066e-01  -1.7476106e-01   1.7257835e-01   4.4514655e-01   1.7214866e-01   7.5508053e-02  -3.2055743e-01   1.0441327e-01   3.4660079e-01  -1.9782149e-01  -3.9737762e-01  -1.5777149e-01  -2.8261895e-02   1.3382624e-01  -3.0275248e-01   1.8338772e-01   4.3701724e-01  -1.4213765e-01  -1.3758018e-01   2.0795575e-01  -1.3852434e-02   4.4909431e-01  -1.9096463e-01   5.6821256e-02   2.0061210e-03  -3.1764093e-01   3.0813548e-01   4.7287814e-02   3.9412134e-01  -2.1135709e-01   7.1083878e-02  -2.0459822e-01   2.7336384e-01   5.5842785e-02   1.0688634e-01   1.2286922e-01  -4.6298100e-01   2.5051028e-01  -2.4864373e-01   6.2817077e-01  -2.4144887e-01   4.6652136e-02   1.9818634e-01  -8.3986968e-03   3.0339258e-01  -2.8888823e-01  -1.0810121e-01   3.4919862e-02  -1.6793071e-01   2.6597846e-01   4.3702519e-02   3.6946989e-01  -2.8974330e-01   3.0068894e-01   3.0568825e-01   4.6527361e-01  -1.6133707e-01  -2.0726678e-01  -1.5891818e-01   3.1863599e-01  -4.6368223e-01  -7.6707877e-02  -8.3591970e-02  -2.7895542e-01  -5.4554211e-02  -1.8220815e-01  -7.4688336e-02  -3.4578271e-02   1.5611271e-01   1.7143688e-01   8.0851599e-02   2.6850274e-01   3.2723257e-01   5.5860624e-02   8.6667234e-02  -1.1119785e-01   2.3443956e-01  -1.3256342e-01   7.3361389e-02  -2.7746836e-02   4.7912061e-01  -2.3393136e-01  -1.5791330e-01   1.2379978e-01  -1.0405513e-01  -1.4999409e-01   3.2556136e-02  -3.1733313e-01   3.5235708e-02  -3.3786223e-01   1.6923495e-01  -2.9374453e-01   3.3864778e-01  -3.4370536e-01   3.0285102e-01   2.0373164e-01  -3.4610291e-01   1.8553538e-01  -5.7264065e-02   6.4231290e-02   2.0332804e-01   2.1079322e-01   4.8803777e-01  -1.8463505e-01   5.2282525e-02  -2.6128029e-01   3.0475745e-01   2.7161311e-01  -2.7379550e-01  -3.5981439e-02  -1.2494373e-01  -7.6437987e-02  -2.6511399e-01   3.5874263e-01   3.7183575e-01   5.2541608e-01   1.3824929e-01   6.4209140e-02   3.3376474e-01   2.5486081e-01   1.8627974e-01  -2.9205074e-01  -1.2452063e-01   3.8214701e-01  -1.9296319e-01  -2.8624461e-01   2.1205555e-01  -3.8090030e-01   3.4466397e-01  -4.5023164e-01  -1.1451038e-01   1.1419041e-01  -2.5898178e-02   4.8728041e-02  -1.7279214e-01  -1.5889561e-01  -1.0364751e-01  -2.5591728e-01   1.9739183e-01   5.9469160e-02  -1.8554159e-01  -4.0146304e-01  -2.8425123e-01   2.7312608e-01  -1.5341450e-01   2.0085429e-01
   1.4174940e-01   1.6204230e-01   0.0000000e+00  -8.8032892e-02  -7.3532196e-02   3.9998173e-01   3.0815448e-01   2.5679139e-01   3.0430931e-01  -1.4183728e-01   1.3698325e-01   5.5493120e-01  -4.7659116e-01   1.3005217e-01   3.2952773e-01  -4.5633231e-01   8.3536787e-01   1.9085526e-01   1.3913938e-01  -1.4527580e-01   3.9563600e-02   9.3948306e-02   2.1257450e-01   4.8018575e-02  -1.1090640e-01   1.7654361e-01   4.7675001e-02   2.5108693e-01  -7.7955272e-02   6.7094356e-02   1.7793988e-01   1.5387554e-01  -1.7917129e-01  -2.0962256e-01   2.5254972e-01  -3.4146467e-01  -3.2832751e-01   2.2685019e-01  -3.7507792e-01   8.6951341e-02  -5.9799669e-01  -2.2804751e-02   1.7893270e-01   7.5895566e-02  -1.4592542e-02   2.2826700e-01   3.5614397e-02  -1.2670703e-01  -2.1967127e-01   1.4025560e-01   2.9745583e-01   2.3111781e-01  -2.1851834e-01  -2.9988772e-02  -1.5860727e-01   1.9145890e-01  -3.1865102e-02   3.4103555e-01  -2.6409739e-01   4.5594193e-01   5.5475981e-01  -7.5335452e-02   2.8615357e-01  -1.1136166e-01  -5.2522469e-02  -2.2784278e-01   3.1364019e-01  -4.8449438e-02   1.8149649e-01   2.3717406e-01  -7.8034298e-03  -1.7629143e-01  -2.5359871e-01   4.8488195e-01  -2.5713603e-01   2.8801152e-01   5.0248953e-01  -1.2348662e-01  -2.7981450e-01  -3.2835846e-01   2.6839956e-01  -4.8268474e-01   8.2172022e-02  -2.1805988e-02   2.6241480e-01   4.7966249e-01   8.3515041e-02  -1.4117047e-01   3.8437812e-01   1.5359476e-01  -1.8736345e-02   2.8986945e-01  -2.5843726e-01   2.0643955e-01   3.2743800e-01  -2.8442571e-01  -1.4894804e-01   2.3708483e-01  -5.4852942e-02  -1.1395835e-01   7.2463926e-02   1.8675815e-02  -8.2290456e-02   2.6094697e-01   1.4524712e-02   2.3223891e-01  -1.5015700e-03   2.9558552e-01  -1.3719599e-01  -2.7874710e-01  -1.7018634e-02   2.9382147e-01  -5.3432429e-02   2.0353562e-01   3.4636570e-01  -1.4629434e-01  -1.6836903e-01  -4.8614248e-01   9.8997950e-02  -1.2889456e-01   1.0092867e-01  -2.7422478e-01  -6.9191748e-02   1.9618551e-01   1.5498453e-01   3.0893162e-01   3.2464527e-01  -1.5529615e-01   2.3297953e-01   1.8085083e-01  -3.5052910e-01  -1.5362040e-01   1.8313382e-01   1.5935766e-01  -3.7395895e-02   1.5922234e-01  -2.8466928e-01   1.7079697e-01   3.9900698e-01   1.4686769e-01   3.8475627e-02  -2.4947730e-01  -5.5424307e-02  -1.0085438e-01   3.7144312e-01   2.9165344e-01   3.7602280e-01  -2.5213144e-01  -3.3480689e-01  -1.3635573e-01   5.5368722e-01   1.0319516e-01   1.3724544e-01   1.0059313e-02   5.1968325e-01   1.7438947e-01   2.9518911e-01  -2.9251327e-01   2.5302388e-01   2.8914577e-01   5.9575346e-02   1.1747568e-01  -6.1954584e-02   4.0393463e-02   3.2639451e-02  -1.7939464e-01  -1.5687941e-02   1.7583708e-01   1.0969667e-01  -5.5645863e-02  -3.3570044e-01   3.1523699e-01   1.0354042e-01   6.2077139e-02   5.1454089e-02  -1.8243193e-01   2.5892663e-01
  -2.0442247e-01   1.4021571e-01  -8.8032892e-02   0.0000000e+00   1.5703397e-01  -9.3576421e-03   3.7679137e-02   2.0630049e-02   3.2898124e-01   7.2267818e-02   1.9399914e-01   2.1913608e-01  -7.1361998e-02   2.2878035e-01   2.8001556e-01   2.8535726e-01  -1.3719017e-01   4.4029622e-01  -1.9396227e-01   1.2021302e-01   2.9210900e-01   5.6560758e-01   1.4573590e-01   7.3989827e-04  -2.3414336e-01  -1.1235491e-01   1.1598243e-01  -2.4321330e-01  -5.1365237e-02   3.0282449e-01   2.9180931e-01   7.1409688e-01   4.4980746e-01   7.1742456e-02   2.4206748e-01   3.4408253e-01  -3.5140157e-01  -8.6088958e-02   3.5374829e-01   2.4112484e-01   8.8852281e-02   1.7961661e-01   3.3516098e-02   1.8427610e-01   3.2520723e-01  -1.1635965e-01   1.4571311e-01   5.7115221e-02  -3.6238313e-01  -2.3424577e-02   3.5925029e-01   8.9319232e-03  -9.7731319e-02  -4.9956648e-02   1.8985339e-01   7.6189153e-02  -1.9577265e-01   5.4609894e-01   4.9653473e-01   3.2011797e-01   8.6581464e-02  -6.4769291e-03   2.1688436e-02   9.3675149e-03   1.0459716e-01  -3.4729407e-03   3.9591101e-02  -4.6519400e-01   1.7701831e-01  -2.5451055e-01  -1.5359801e-01   5.1026081e-01   3.1433329e-01  -7.1338826e-02   4.9144930e-02   2.2441965e-01  -3.6118814e-02   1.6183925e-01  -6.0117982e-02   4.1112737e-01  -2.9587124e-02   1.8458736e-01  -1.4678764e-02  -1.8568574e-01  -2.3698726e-01   2.4300344e-01   8.3393579e-02   8.1633615e-02  -2.9126267e-01  -7.2005726e-02   9.9732909e-02   2.3243535e-02   9.6771176e-02   4.0329344e-01  -9.5880877e-02   1.1424901e-01   3.6029685e-02  -7.2827383e-03  -9.7444563e-03   9.7324583e-02  -1.0834699e-01  -1.4023667e-02   2.2991562e-01   2.9848219e-01   5.1935120e-01   6.5328219e-01   1.3000812e-01   1.6006416e-01  -2.7777712e-01   4.6130874e-02   5.1676870e-02   3.2778023e-01   4.7455165e-01  -9.7444460e-02  -1.6068866e-01  -2.3978288e-02   1.5918843e-01   2.0936694e-01  -2.1119843e-01   7.7275162e-01  -9.2775080e-02   1.4699267e-02  -4.8227119e-01   3.8658763e-01  -1.4703940e-01   1.1486998e-01   3.6017826e-01   2.4466325e-01   5.0620748e-01  -2.1006021e-01  -8.5688688e-02   1.5400216e-01  -6.9221248e-02   2.1395874e-01   3.0018671e-01   3.0731531e-02   1.4509916e-01  -1.2260948e-01   1.1972159e-02  -2.4696426e-01  -2.5543567e-02  -2.0366005e-01   2.4862088e-02  -1.0969298e-01   4.4101798e-01   4.6712700e-01  -4.8865809e-02  -8.1432748e-02   1.8735685e-01   5.7873450e-02  -1.3284305e-01   5.9388060e-02  -3.9783492e-03  -9.0096988e-02   3.6357377e-02  -2.6203338e-01  -7.4088982e-02   3.7786452e-01   7.1503748e-02   7.8032598e-02  -4.4781618e-01  -2.5169306e-02   5.1337309e-03   6.3574697e-01   5.5577983e-01  -2.4072479e-02   5.9989538e-02  -1.7343147e-01   1.2336114e-02  -1.2184060e-01   4.3649038e-02  -8.4777403e-02   1.1807351e-01  -1.0801168e-01   2.1214417e-02   9.0620791e-02   5.1479189e-01
   5.1406767e-02   2.1423954e-01  -7.3532196e-02   1.5703397e-01   0.0000000e+00  -2.6663318e-01  -1.6408995e-01   3.8139874e-02   2.6661407e-01   5.7642001e-01  -1.6932917e-01   6.6946494e-02   2.9105198e-01   1.3002374e-01  -1.1144464e-02  -2.3045366e-02   2.4390882e-02   1.4897421e-01  -2.4602205e-01   7.9833132e-01   1.9520429e-01   9.1282398e-02   2.0192863e-01  -5.0172328e-02  -3.7046796e-01  -2.3457264e-01   2.5191654e-02  -2.8284403e-01  -6.4219681e-02  -1.6758968e-01   7.6460453e-02   2.2122431e-01   1.8300217e-01  -1.3360522e-02   2.9542293e-01   4.5629064e-01   3.9786089e-02   2.9453892e-02  -2.4843890e-02   1.2469814e-01   1.9177185e-01  -8.3347971e-02   3.5718054e-01  -9.8678817e-02   5.4978283e-01   1.7179573e-02  -3.9626833e-02  -6.0552278e-02  -4.3429927e-02   3.5105693e-01   8.6927864e-03  -1.3202925e-01   7.4667579e-02  -2.7662302e-01   5.3341454e-02  -2.5791317e-01  -3.3301796e-01   1.5731753e-01  -4.5638752e-03   1.1678524e-01   1.2949052e-01   4.1358613e-01   2.6825893e-01  -1.1191181e-02   3.8597220e-01   3.9550552e-01  -1.5246449e-01  -1.0588614e-01   2.7744986e-02  -1.9055228e-01   9.7221185e-02   2.8149910e-01   1.6994027e-01   6.3155938e-02  -2.4570543e-01   1.7315388e-01   5.6836094e-02  -1.6456449e-01   4.7137375e-01   3.2052585e-02  -1.9946411e-01  -7.6843797e-03   7.4698661e-02  -2.7016689e-01  -1.2044720e-01   5.0354962e-02   4.2240339e-01  -3.1995454e-02   2.4751062e-01   2.5534771e-02   5.7699738e-01   9.1852784e-02   3.5734586e-02   3.2934452e-01   2.4085784e-03   6.1885215e-01   2.9617640e-01  -4.1552994e-02   4.0220714e-01   4.4254597e-01  -1.0925229e-01  -1.4186130e-01  -1.1880297e-01   1.4749771e-01   3.7563622e-01   6.6617308e-02  -5.1777643e-02   4.2269667e-02   1.5766997e-01  -2.6544932e-02   2.5390432e-02  -1.7837263e-01   2.5663863e-01  -6.6767866e-02  -3.4131646e-01   2.5482179e-01  -9.2748102e-02   2.9486776e-01  -3.7279385e-01   2.3264017e-01   2.7794798e-02   6.5515395e-01   6.6804761e-02   4.1189487e-02  -1.8619236e-02   2.7348513e-02   1.3692025e-01  -6.5407659e-02   2.6589251e-01  -2.7187012e-01   1.7251762e-01   1.2417754e-01   5.1345362e-03   5.9330656e-02   3.7939508e-01   1.3956876e-01  -1.4784084e-01  -1.0856076e-01  -1.6050273e-01   2.9775854e-02   1.7450684e-01   2.2665742e-01  -1.9988558e-01  -4.5564098e-01   1.4025578e-01   1.7001997e-02  -1.4757982e-01   2.2876596e-01   2.5448140e-01   3.7342688e-01  -1.3202903e-01  -7.9615955e-02  -1.3084004e-01  -1.1238634e-01  -2.2147827e-01  -8.1708268e-02   4.4738727e-02   1.6819047e-01   1.0803036e-01  -1.7761043e-01  -1.2878419e-01  -1.9731017e-01   4.1230498e-01   3.5423628e-01   1.3980348e-01   2.7433998e-01  -2.2118752e-01  -1.8005272e-01   2.4844622e-02   1.4501332e-01   5.2265946e-01   7.7020952e-02   2.7492952e-01  -4.9428678e-01  -4.9636876e-02  -2.1563377e-01   2.0606557e-02
  -2.1034765e-01  -5.3295671e-02   3.9998173e-01  -9.3576421e-03  -2.6663318e-01   0.0000000e+00   5.0589241e-01   5.6612581e-01   5.2017205e-02  -1.9715814e-01   7.4554201e-01   6.5880432e-02  -1.9851986e-01  -2.7841181e-01   1.0090893e-01  -2.8689493e-01   1.9381630e-01  -3.5003372e-02   7.1992831e-01  -2.2584022e-01  -3.8067318e-01   1.7148489e-01  -2.0835095e-01  -3.7134889e-01  -7.4509852e-02   7.0201342e-01   3.1378746e-01   5.8846866e-01  -9.5067749e-02   1.2613964e-01   1.4281973e-01   8.5743723e-02  -3.1811176e-01  -8.3656753e-02  -2.2716365e-02  -3.5307493e-01  -1.2605753e-01  -4.3081266e-02  -2.5160411e-01   2.9832875e-01  -1.8718423e-01  -1.5553378e-01   5.8893889e-02   5.7698979e-01  -2.8870691e-01   6.2041915e-02   2.7456083e-01   2.6236941e-01  -3.1491992e-02  -2.7200763e-01  -2.7424899e-02   6.8490468e-01  -1.0619779e-01  -1.6823252e-01  -3.0756150e-01   5.7327067e-01   6.2011617e-01   2.0038337e-01  -1.7206380e-01  -2.2864362e-02   1.2585108e-01  -2.2204355e-01   7.6086926e-02   4.2613607e-01  -2.2295170e-01  -4.1699914e-01   8.4252127e-01  -9.2004479e-02   5.8602790e-01   1.2047534e-01  -2.0760552e-01  -7.8924273e-02  -2.2415763e-01   7.7315082e-02  -1.6090452e-01  -8.2854534e-02   2.1543308e-01   2.6404954e-01  -5.7924369e-01  -3.0100893e-01   6.4959565e-01  -2.7262980e-01   4.1603842e-01   5.6556434e-01  -5.3658801e-02   1.8635493e-01  -1.3232826e-01  -4.3462229e-01   1.0299052e-01  -1.5885252e-01  -4.9141967e-01   1.2635508e-01  -3.7873697e-01   2.6858554e-02   1.2266410e-01  -1.8661368e-01  -2.9201581e-02   6.8032719e-01  -5.8323893e-02  -2.6162454e-01  -2.0947569e-01   5.7023401e-01   3.6451812e-01  -3.1636243e-02   4.6957392e-02   2.3388673e-01  -4.1404297e-01   6.9670037e-01   3.6852968e-02  -3.1720453e-01  -8.3870229e-02   3.0462634e-01   1.7546406e-03  -1.5901421e-01   5.2832260e-01  -5.4574025e-01   2.6582135e-01  -2.4123825e-01   3.3306771e-01   1.1643525e-01  -2.6006751e-01  -4.9015735e-01   1.0941342e-01   6.0282109e-03  -1.1407418e-02  -2.3167147e-02  -2.4046579e-01  -3.6695231e-01   1.9626314e-01  -1.8547355e-02  -4.8778144e-01  -3.7506872e-01  -9.1729842e-02  -1.5931248e-01   3.1829582e-02   3.9471318e-01  -1.9003811e-01   2.8242223e-01   6.7122794e-01  -2.0262380e-01  -3.7087438e-01  -3.0388756e-01   6.3293976e-01   2.9028040e-01  -7.3089328e-02  -5.3135649e-02   4.5021174e-01  -4.7781118e-01  -5.0475176e-01  -4.2317684e-01   7.7906291e-02   5.4987086e-01  -2.4965263e-01   1.7373026e-01   6.3652719e-01  -1.9974302e-01  -1.3316160e-01  -1.8784665e-01   3.8258828e-02   6.6941735e-01  -7.1840206e-03   6.7887245e-01  -3.1633937e-01   8.1359157e-03   3.1260893e-01  -5.6108984e-01   2.6612145e-01   6.5732219e-01  -1.6294839e-01  -1.1845935e-01  -5.8623168e-01   2.9637514e-02  -8.1211088e-02   7.0412300e-01   1.8943926e-01  -1.4315607e-02   3.0862726e-01
  -6.5477082e-01   4.3932089e-01   3.0815448e-01   3.7679137e-02  -1.6408995e-01   5.0589241e-01   0.0000000e+00   1.1636673e-01  -2.2328924e-01  -9.2364526e-02   6.8374769e-01   4.9433178e-01  -2.2002414e-01  -3.2244405e-02   6.0652707e-01   2.0044086e-01   9.3474276e-02   1.4972747e-01   1.6963203e-01  -1.3128775e-01   3.3216063e-01   3.1809938e-01   3.2204577e-01  -5.1898116e-01   1.3652739e-01   5.1623269e-01   5.2778132e-01   4.3853599e-01  -3.9312009e-01   4.2702078e-01   5.4038165e-01   7.2225655e-02  -4.0731381e-01   4.4007306e-01   1.3519885e-01  -3.4167404e-02   2.1172777e-01  -5.0705869e-01   1.6496059e-01   4.7618656e-01  -1.6638112e-01  -2.9439492e-01  -2.1444350e-01   5.2336683e-01  -1.8560765e-01  -4.4713886e-01   5.2652341e-01   7.3054427e-01   1.2001500e-01  -4.3710448e-01   3.1210922e-01   4.8437616e-01   2.4119774e-01  -2.9142468e-01  -2.7897913e-01   5.7798585e-01   2.5879455e-01   3.5192132e-01   1.0851487e-01   1.4201960e-01  -2.4184172e-01   2.0535602e-01  -4.4208256e-01   3.5008995e-01  -6.0363674e-02  -1.7886383e-01   3.7841185e-01  -1.1412071e-01   5.4204180e-01  -2.0207698e-01   2.0009551e-01  -2.7038091e-01   1.7452346e-02  -1.8639931e-01  -1.0844985e-01  -4.1733967e-02  -3.0126936e-01   3.2716440e-01  -6.5432832e-01  -7.4250180e-02   9.0334567e-01   1.2088610e-01   5.6790539e-01   3.4793199e-01  -1.2877081e-01   2.9046834e-01  -4.3193791e-02  -6.1424240e-01  -2.7777634e-01  -5.1220717e-01  -3.0412796e-01  -5.1837939e-01   1.0807977e-02  -2.5047729e-01  -3.9589368e-01  -3.0312275e-01  -5.2801616e-02   2.5638627e-01  -1.1192075e-01   1.6598093e-01  -4.6327034e-03   4.1145028e-01   6.9827079e-01  -1.4472192e-01  -9.3566530e-02   1.8211286e-01  -4.7411497e-01   4.0063991e-01   2.0486863e-01  -5.6297850e-02   2.1542389e-01   7.5341887e-01  -2.6224008e-01  -4.5998490e-01   7.6267213e-01  -4.8382155e-01   2.4866074e-01  -1.4680046e-01   2.6091133e-01   9.0061616e-02  -5.3528766e-01  -3.6794535e-01  -2.8719479e-02   3.5512766e-01  -4.6278239e-01  -1.3926738e-01   1.6334358e-01  -6.3914053e-01   7.9466208e-03   4.4346407e-02  -9.1108404e-03   9.4833379e-02  -3.6179078e-01   3.1769988e-01  -3.3095709e-01  -7.6005798e-02  -1.7284227e-01   6.6527538e-01   5.8436417e-01  -5.8519402e-01  -4.3431484e-01  -2.9244561e-01   4.8733847e-01   3.5044619e-01   4.1404371e-01   2.8878798e-01   8.4863621e-01  -2.5660207e-01  -1.0886812e-01   1.0302545e-01   7.2603762e-02   6.9347294e-01  -5.3905576e-01   3.9034024e-02   7.0106009e-01  -4.4471321e-01  -4.3887356e-01   1.7610247e-01  -4.7045604e-01   9.0526037e-01  -3.9678417e-01   3.6403940e-01  -2.5605558e-02   2.3324674e-02   1.5080218e-01  -5.0614198e-01   2.6153872e-01   4.8710217e-01  -5.0224970e-01   1.4488572e-01  -6.4805900e-01  -4.8456098e-01  -2.4560268e-01   4.8364402e-01   2.9390784e-01  -1.0347956e-01   1.3866872e-01
   1.2595355e-01  -1.6243918e-01   2.5679139e-01   2.0630049e-02   3.8139874e-02   5.6612581e-01   1.1636673e-01   0.0000000e+00   1.7030092e-01  -3.6177915e-02   2.7827041e-01   1.0337602e-01   6.7221902e-02  -4.9601196e-02   1.8854601e-02  -3.5009981e-01   1.6523599e-01  -3.9029443e-02   4.5321964e-01   6.5929413e-02  -3.2033258e-01   1.5926764e-01  -2.1486986e-01  -1.2492641e-01  -1.8619816e-01   3.7604866e-01   1.2467864e-01   2.7567100e-01   6.9606837e-02   5.5047138e-03  -9.1310723e-02   2.7613678e-01  -1.2614520e-01  -2.1921489e-01  -9.2913505e-03  -1.8705061e-01  -1.7383575e-01   2.6819081e-01  -3.5006243e-01   7.6275285e-02  -4.2962060e-02  -2.4236329e-02   3.0588630e-01   4.1243241e-01  -2.8823182e-02   2.8859968e-01   5.4429994e-02  -1.1387904e-01  -1.4377953e-01   8.9997566e-02  -5.5231372e-02   4.7196457e-01  -3.6532759e-01  -1.5509703e-01  -9.1608136e-02   1.5468380e-01   3.1141372e-01   2.7086438e-01  -1.9483774e-01   6.1792672e-02   2.4790143e-01  -1.9872049e-01   2.5203333e-01  -3.9585048e-02  -1.7813712e-01  -1.3204368e-01   5.2608959e-01   3.3221948e-02   4.0752403e-01   2.4025583e-01  -2.9539092e-01   1.9404938e-01  -3.9481649e-01   1.3752618e-01  -3.4285485e-01   1.0657951e-01   2.9824121e-01   1.8812554e-01  -1.4275262e-01  -2.9652140e-01   2.0742322e-01  -3.3766189e-01  -4.4018622e-02   4.1044453e-01  -5.7167916e-03   1.8906862e-01  -1.8684436e-01  -1.5056864e-01   3.3488724e-01   8.4223683e-02  -2.5749299e-01   2.8687128e-01  -2.6227331e-01   2.3111586e-01   2.6957390e-01  -2.3512620e-02  -9.9683498e-03   4.8588533e-01   1.5766751e-01  -1.6973426e-01  -1.1434239e-01   1.7965360e-01   1.2940258e-01   7.9496950e-02   2.6862926e-01   3.8693365e-01  -2.5539624e-01   5.8409067e-01  -1.0383634e-01  -2.3245536e-01  -1.7354400e-01   1.2143251e-01   1.8899082e-01   7.6749806e-02   1.6948633e-01  -2.3647650e-01   9.0059420e-02  -7.3966948e-02   8.8489091e-02   1.0729403e-01   3.6790895e-03  -9.1630999e-02   1.7372367e-01  -8.1152245e-02   1.6372406e-01   5.9244689e-02  -7.1205314e-02  -2.7950098e-01   4.5012388e-01   5.6324461e-02  -3.4701564e-01  -2.7042450e-01   1.8806937e-01  -2.5082411e-01   3.2838663e-01   4.2247281e-01  -1.8317862e-01   8.6810454e-02   3.7409051e-01   1.0050220e-01  -2.9911072e-02  -7.0158099e-02   3.3641568e-01   3.3535421e-02  -4.8438096e-04  -9.8760302e-02   1.3095125e-01  -3.0672184e-01  -2.8877028e-01  -3.5603834e-01   1.2918385e-01   3.9386629e-01  -4.6596409e-02  -2.9388217e-02   3.3496257e-01   7.4890858e-02   8.4895851e-02  -2.2092495e-01   2.3128250e-01   2.2903457e-01   4.5393742e-02   2.7796129e-01  -1.2911814e-01   1.3382173e-01   4.1551468e-01  -1.9663299e-01  -5.1439175e-02   3.9841426e-01   1.1648635e-01  -2.1300162e-01  -1.5700001e-01   2.8216069e-01   7.3744146e-02   2.7775670e-01  -1.8910553e-01  -1.6358027e-01   3.3210421e-01
   1.7732859e-01   8.1788252e-02   3.0430931e-01   3.2898124e-01   2.6661407e-01   5.2017205e-02  -2.2328924e-01   1.7030092e-01   0.0000000e+00   8.8519437e-02  -6.3364361e-02   3.0098708e-01  -1.5537320e-01   4.5683447e-01   4.7889954e-02  -4.0274277e-01   2.7739914e-01   3.1920668e-01   8.4806292e-02   1.1538049e-01  -4.7489853e-02   1.9565091e-01   1.2382588e-01   2.4438595e-01  -2.7182864e-01  -1.9295702e-01  -6.1990730e-02  -1.6217403e-01   4.7287010e-02  -6.7891254e-03   2.0796358e-02   3.7188329e-01   2.8808228e-01  -3.5982586e-01   5.8894333e-01  -5.6743279e-02  -4.6585096e-01   1.7603709e-01  -2.1545850e-01  -2.0880096e-02  -2.5958657e-01   1.8987613e-01   5.4775933e-01  -1.2342086e-01   4.9508965e-01   2.3464021e-01  -1.4251863e-01  -2.6505751e-01  -3.8678468e-01   1.9164091e-01   2.8157877e-01  -9.3066939e-02  -2.1810314e-01  -2.9996800e-02   1.1204930e-01  -2.0083170e-01  -2.0939047e-01   4.8073735e-01   4.4196417e-02   6.0985222e-01   4.8887509e-01   9.5978739e-03   5.8776174e-01  -1.1843721e-01   3.1151271e-01   1.1944857e-03   1.2148073e-01  -1.2372148e-01  -3.5832124e-02   8.7089919e-02  -2.3616822e-01   2.6187584e-01  -2.2413054e-02   3.3229388e-01  -2.1077039e-01   3.6128805e-01   3.9849296e-01  -1.3620989e-01   1.6274128e-01   8.4862774e-02  -2.3724556e-01  -5.0438579e-02  -1.6143129e-01  -2.0912859e-01  -5.2821069e-02   3.3267380e-01   5.6884553e-01   2.5007678e-01   3.6086256e-01   1.9976606e-01   2.6184399e-01   3.6596087e-01  -2.5670056e-01   7.9695646e-01   2.0406630e-01   1.1602153e-02   1.3817661e-01   1.5716509e-01   1.8035137e-01   1.5215143e-01  -9.7780853e-02  -1.8923891e-01  -2.7770532e-01   7.4278858e-01   2.9862986e-01   3.7643682e-01   1.5872812e-01   1.2638570e-01  -2.4352785e-01  -2.6111221e-01  -2.7551966e-01  -4.3181530e-02   2.3609309e-01   1.7141378e-01  -2.9363153e-01   1.0337018e-01  -1.5630927e-01  -1.5800195e-01  -2.2388409e-01   2.1096579e-01   1.0355699e-01   9.3423318e-02  -1.3740542e-01   2.8158891e-01   1.4917195e-01   5.6973911e-01   3.8016847e-01   6.8293571e-02   5.1691708e-01  -1.1939931e-01  -2.0740423e-01  -8.0394277e-02   2.5059830e-01   4.9386478e-02   5.4600340e-01   2.5974884e-01  -3.5511782e-02  -2.8097054e-01   1.6191299e-02   1.8272315e-01   3.0069074e-01   6.0096883e-02  -1.7590235e-01  -3.7384991e-01   2.8228451e-01   1.9732136e-01  -1.7968987e-01   8.1695616e-03  -1.3095215e-01   8.9336606e-02   1.0267855e-01  -1.8745426e-01   2.0243070e-01  -1.0853443e-01  -5.1495306e-02   1.9944966e-01   2.5255254e-01  -7.7289632e-02   3.0130950e-01  -1.4090375e-01   2.3642356e-02  -1.2868893e-03   1.4223332e-02   2.8912074e-01   1.6805490e-01   7.7735368e-02  -1.6844930e-01  -1.3610569e-01   1.4428145e-01  -1.9934628e-01   2.6352812e-01   3.1311136e-01   3.1974673e-01  -2.9973288e-01  -1.3687777e-01  -4.7672728e-02   3.9994501e-01
  -6.8002932e-02  -2.8966049e-02  -1.4183728e-01   7.2267818e-02   5.7642001e-01  -1.9715814e-01  -9.2364526e-02  -3.6177915e-02   8.8519437e-02   0.0000000e+00  -1.0034695e-01  -9.3156588e-02   4.4419050e-01   8.5575982e-02  -2.2390592e-02  -1.7799229e-01  -9.8579830e-02   3.0227892e-02  -1.4288465e-01   4.8191022e-01   3.1984273e-01  -9.7272258e-02   3.4961743e-01  -1.1576565e-01  -7.8796902e-02  -3.9402939e-02  -6.4820067e-02  -1.0762517e-01  -2.7502742e-01  -3.0267945e-01  -5.0549676e-02  -6.2395981e-04  -5.6717876e-02   3.0378667e-01   1.3024510e-01   4.2430458e-01   2.2379975e-01  -2.3537555e-02  -1.9412970e-01   8.1363307e-03   3.9565393e-01  -9.8664956e-03   3.0739175e-01  -4.8710793e-02   4.5395778e-01  -3.6650551e-02  -7.4761613e-03   8.4147590e-02   2.1752856e-01   1.2632920e-01  -1.3331368e-01  -1.4377284e-02  -3.3551738e-02  -1.3664144e-01   5.3106298e-02   1.3258824e-02  -1.3123600e-01  -9.7060645e-03  -5.4482561e-03  -1.2158030e-01   8.3022601e-04   3.7556299e-01   1.5399231e-01  -2.8521692e-01   3.7887416e-01   5.1984885e-01  -2.2924693e-01   9.4815016e-02  -7.5573617e-02  -7.6344531e-02  -5.1500154e-02   3.4202933e-01   3.0593271e-01  -3.0778397e-02  -2.1590442e-01  -8.8902972e-02   2.3307706e-02   8.6244503e-03   3.5731982e-01  -6.6044746e-02  -4.1414389e-02   2.1200454e-02   1.5763258e-01  -5.4541115e-02  -2.4935926e-01  -2.3616182e-01   3.0338831e-01   1.5972222e-03   2.3085455e-01  -7.3664816e-02   4.6058872e-01   8.7112730e-02   2.5976741e-01   1.5374156e-01  -5.9335365e-02   4.9553657e-01   3.0592185e-01   2.9155758e-02   3.7731693e-01   5.6755022e-01  -1.7405448e-01  -2.0518538e-01  -1.4295986e-01  -1.1052376e-01   1.4899727e-01  -1.4996371e-01  -1.2073223e-02  -1.3949764e-01   3.3922047e-01   1.9038501e-01   2.8696159e-01  -1.4075772e-01   2.1115734e-01  -2.1966993e-01  -1.7189993e-01   2.6352776e-01   1.3870913e-01   3.4648233e-01  -1.3452588e-01   2.3991838e-01   1.2526326e-01   4.9437689e-01   8.4674256e-02  -4.2089113e-02  -6.1021743e-02  -7.1056566e-02   2.2209767e-02  -9.7730514e-02  -1.1441216e-02  -1.8613993e-01   1.1730490e-01   1.4182620e-01  -1.5223832e-01   1.0537819e-01   3.5723643e-01  -1.3944163e-01  -1.1894307e-01   3.8230629e-02  -2.4794036e-01  -3.6449502e-02   1.7096634e-02   3.3522380e-01  -5.0778560e-02  -1.7715055e-01   8.9594980e-02  -1.0074896e-01  -1.2487779e-01   3.5438092e-01   4.2193354e-01   5.7366966e-01  -1.7728573e-01   4.2726701e-02  -7.3961587e-02   8.7252567e-03  -2.3422802e-01  -1.1479362e-01   3.6827689e-02   2.2236710e-01   7.7282355e-02  -9.2231167e-02   5.6045254e-02  -1.2891501e-02   7.2795284e-01   1.4071254e-01  -3.1576796e-02   3.0692835e-01  -3.1068864e-02   4.3361592e-03   6.8844774e-02   3.2520621e-01   3.3863620e-01  -1.7693479e-02   3.2676156e-01  -1.8586244e-01  -1.8912320e-01  -2.3708839e-01  -2.4484377e-01
  -5.7825365e-01   2.0271517e-01   1.3698325e-01   1.9399914e-01  -1.6932917e-01   7.4554201e-01   6.8374769e-01   2.7827041e-01  -6.3364361e-02  -1.0034695e-01   0.0000000e+00   1.9913789e-01  -5.7965357e-02  -1.5581608e-01   3.8209479e-01   5.6340009e-02  -3.1496635e-02   6.3943674e-02   4.3472106e-01  -5.1437363e-02  -5.4925626e-02   3.2032232e-01   1.6700053e-02  -5.3117845e-01  -2.1638706e-02   6.2343201e-01   5.2356866e-01   3.3734818e-01  -2.6021975e-01   3.4765260e-01   3.3194439e-01   9.6579913e-02  -2.9056664e-01   3.4879552e-01   3.3894581e-02  -3.6034398e-02   9.3718247e-02  -3.4252735e-01   3.2164894e-02   4.7178103e-01   2.9352836e-02  -1.7543919e-01  -3.0877106e-02   6.4548441e-01  -8.6252239e-02  -2.3574862e-01   5.6740429e-01   4.9002008e-01   3.3105253e-02  -3.6200551e-01   1.1546394e-01   6.1560274e-01   2.3333636e-01  -3.3150527e-01  -3.4430410e-01   6.5695820e-01   4.1807976e-01   2.9617257e-01   6.9917320e-02   5.6810111e-02  -1.2889696e-01   7.1444257e-02  -1.2279607e-01   5.7479372e-01  -7.5197717e-02  -2.1512101e-01   6.3175494e-01  -2.1020555e-01   7.2847236e-01  -1.4301984e-01  -1.3410317e-01   6.2674768e-02   9.0146111e-02  -1.2647561e-01  -1.2782419e-01  -1.7089988e-01  -1.2222187e-01   3.8253577e-01  -6.2539611e-01  -3.7249977e-02   7.5480720e-01   1.7715505e-03   5.5647982e-01   3.9579235e-01  -2.0752227e-01   1.0467193e-01  -1.2287247e-01  -5.6632234e-01  -1.3268077e-01  -4.3301804e-01  -4.7798552e-01  -2.5174532e-01  -1.4484143e-01  -6.6421874e-02  -2.3299736e-01  -1.0825663e-01   1.3793876e-01   5.5182167e-01   1.6530178e-02  -8.4831955e-02  -2.7547038e-01   7.0664380e-01   5.3107202e-01   5.8563777e-02   1.4786677e-01   1.8607118e-01  -5.1207877e-01   6.3703225e-01   1.6028322e-01  -1.2980397e-01   2.0854349e-02   5.0079587e-01   1.0245601e-01  -4.0694972e-01   4.4369816e-01  -5.3135512e-01   3.8228284e-01  -3.6299904e-02   1.0054021e-01   2.6911103e-01  -5.3541088e-01  -3.4130416e-01   7.4562352e-02   1.4783336e-01  -2.8588255e-01  -1.3816232e-02  -1.1357848e-01  -4.4669677e-01   1.4016527e-01  -1.6431966e-01  -1.3548451e-01  -1.1530658e-01  -1.1880638e-01   1.6759134e-02  -5.1883454e-02   2.0059100e-01  -1.1101620e-01   3.2599283e-01   6.3021544e-01  -5.9452300e-01  -5.2899186e-01  -2.2124741e-01   7.4913328e-01   1.9441364e-01   1.0855733e-01  -3.1821425e-02   5.4948223e-01  -2.5738734e-01  -2.1848951e-01  -1.7507755e-01  -1.2715721e-01   5.9700402e-01  -5.1796653e-01   1.1397119e-01   6.7026939e-01  -5.3305352e-01  -3.9777908e-01   1.8032691e-01  -2.8251709e-01   8.2496819e-01  -2.1625833e-01   6.2869009e-01  -1.8174263e-01   1.9894738e-01   2.6998198e-01  -5.6192100e-01   3.2874944e-01   4.7809928e-01  -4.2599222e-01   1.3426916e-01  -5.5806662e-01  -3.1993214e-01  -9.1349348e-02   5.4569635e-01   3.8307689e-01   2.6062053e-02   2.1759034e-01
  -2.3481987e-01   6.1848688e-01   5.5493120e-01   2.1913608e-01   6.6946494e-02   6.5880432e-02   4.9433178e-01   1.0337602e-01   3.0098708e-01  -9.3156588e-02   1.9913789e-01   0.0000000e+00  -4.7964922e-01   5.3300162e-01   6.8117164e-01  -5.1546993e-02   4.5968925e-01   3.4887554e-01  -2.1984886e-01  -2.9658855e-03   4.5813929e-01   3.1166252e-01   4.0138223e-01  -1.4729884e-02  -1.3244559e-01  -7.6343189e-02   2.5115250e-01  -6.5942995e-02  -2.1671449e-02   3.8532640e-01   5.6680647e-01   3.7217269e-01  -9.2459627e-02   1.7184213e-01   4.9260786e-01  -3.6705307e-02  -2.8161071e-01  -1.7898146e-01  -4.9270260e-02   2.9205467e-01  -4.9390173e-01  -1.3323705e-01  -3.2759333e-03   1.3723299e-01   1.0606323e-01  -2.1106437e-01   2.0280961e-01   1.9292574e-01  -2.9913832e-01  -6.6431090e-02   5.0382250e-01   9.3363280e-02   5.2830531e-02  -5.6429061e-02   2.3099301e-02   6.8987116e-02  -3.2273200e-01   5.8124259e-01   5.8201960e-02   7.6808140e-01   2.2454522e-01   1.1408949e-02  -1.1275745e-03  -1.9505913e-02  -9.5191048e-02   4.8491737e-02   1.3379354e-01  -2.4941444e-01   2.6317782e-01  -1.5526572e-01   2.5252778e-01  -9.0966081e-02  -5.1016080e-02   3.4850622e-01  -1.4536939e-01   4.9159568e-01   1.1395980e-02  -3.3149701e-02  -1.8506260e-01  -2.9552706e-02   2.8352261e-01  -1.3015860e-01   2.0034038e-01  -1.9397727e-01   2.1832253e-01   6.2669562e-01   2.5171045e-01  -1.0824176e-01  -2.7651555e-03  -1.4123866e-01   1.1462965e-01  -2.2819600e-01  -1.1242325e-02   2.9133548e-01  -1.6189725e-01  -2.0054712e-01  -1.5750163e-01  -2.1516392e-02  -1.4253575e-01   1.7638272e-01   1.9288765e-01  -1.4874207e-02   3.0234631e-01   5.0682082e-01   1.0750426e-01   3.2694540e-01  -1.9140592e-02   2.3230911e-01  -3.2501279e-01  -5.1841503e-02   1.1505954e-01   6.5197895e-01  -1.3011782e-01  -7.9175523e-02   2.6956092e-01  -9.8025695e-02  -1.4399841e-01  -3.1976904e-01  -1.4743517e-01   9.6932899e-02  -1.9178177e-01  -4.8933034e-02  -3.0080898e-01   4.0409389e-01  -2.5879724e-01   4.7260046e-01   5.2294695e-01  -2.6027485e-01   2.7286727e-01   2.2484268e-02  -1.1510189e-01   2.8765068e-01   2.3625045e-01   5.2937109e-01  -9.5351866e-02   9.4108037e-02  -1.1012044e-01   3.4434831e-01   3.9262197e-01  -2.1639527e-01   3.5244025e-03  -3.4382840e-01  -1.6023931e-01  -1.5419835e-01   7.3862274e-01   5.2984523e-01   5.9680839e-01  -1.3713812e-01  -3.5385177e-02   1.3907851e-01   4.1059242e-01   2.6222975e-01  -1.1751243e-01  -1.0758901e-01   5.3004182e-01  -7.8841872e-02  -2.0856690e-02   7.4245633e-02  -1.5376988e-01   3.6674624e-01  -2.7355501e-01  -1.4424140e-01   2.4176658e-02   8.0414675e-02   1.7720896e-01  -9.5482071e-02  -8.3039535e-02  -2.1361370e-02  -1.8191159e-01   9.4605252e-02  -1.4445970e-01  -1.2360575e-01  -1.5752537e-01  -1.7653371e-01   7.3604644e-02  -1.0062514e-01   3.4885427e-01
  -2.0011819e-03  -1.8816768e-01  -4.7659116e-01  -7.1361998e-02   2.9105198e-01  -1.9851986e-01  -2.2002414e-01   6.7221902e-02  -1.5537320e-01   4.4419050e-01  -5.7965357e-02  -4.7964922e-01   0.0000000e+00  -1.7304979e-01  -3.6871539e-01   1.5955637e-01  -4.7813213e-01  -3.1527308e-01  -1.5319204e-01   3.7827160e-01  -2.5624280e-02  -4.0847544e-02  -2.5016079e-01  -2.9333529e-01  -5.6994378e-02  -8.6956384e-03   1.1510499e-01  -2.0761870e-01  -2.0507022e-01  -4.6205506e-02  -3.0127509e-01  -2.3325481e-01   3.9706069e-02   1.4157536e-01  -3.4559782e-01   4.1862531e-01   5.4854611e-01   1.0437741e-01   4.7358254e-02   1.3853651e-01   7.5445652e-01   3.0518721e-03   1.1110182e-01  -1.6851084e-01   1.2312354e-01   1.5239806e-01  -3.1532189e-02   1.8542051e-02   5.1299107e-01   2.3052189e-01  -5.1795475e-01  -2.3600225e-02   9.0960002e-02  -2.9381619e-01  -1.4952827e-01  -5.3845086e-02  -1.2450382e-01  -2.5460189e-01  -1.4020282e-01  -4.6785846e-01  -3.5177017e-01   3.8064959e-01  -1.3881230e-01  -3.1567337e-02   3.4473939e-01   1.8527794e-01  -1.4987825e-01   1.3722987e-01   3.8690653e-02   2.3326331e-01  -2.0808717e-01   4.1696197e-01   4.8608074e-03  -4.0461533e-01  -1.6900975e-01  -2.4433661e-01  -1.0073824e-01  -1.0625042e-01   3.6276705e-01   4.0555794e-02  -6.4488362e-02   6.9758175e-02  -1.7922095e-01  -1.0639887e-01  -3.1777232e-01  -4.3299264e-01  -4.2028300e-02  -1.0760635e-01  -7.6307157e-02  -5.5574883e-02   6.1574702e-02   3.1160269e-02   6.0962325e-02  -1.1903067e-01   2.4283661e-02   4.2719383e-01   3.1720083e-01  -1.7578583e-01   4.3458767e-01  -9.9100924e-03  -2.6878460e-01   1.4867374e-02  -3.2691691e-02  -2.2599250e-01   1.4936762e-01  -3.0413780e-01  -2.3548124e-01  -4.4754977e-02   4.2860903e-01   2.8956929e-01  -1.7236321e-01  -2.7082431e-01   2.3184570e-01  -1.6772483e-01  -3.0120752e-01   9.0841455e-02  -2.8098633e-02   4.3045681e-01  -1.8759798e-01   1.3392107e-01   2.2838297e-02   4.9365403e-01   1.9185518e-01  -4.0132263e-01   1.8528532e-01  -2.4427080e-01  -4.6942231e-01  -1.6074367e-01  -7.7954950e-02  -6.8992474e-04   3.3745715e-01  -1.5303793e-01   8.7738801e-02  -3.4739212e-01   2.8979981e-01   1.3274707e-01   9.1490831e-03  -1.3296012e-01  -2.1341414e-01  -1.6366647e-01  -7.6981475e-02   7.2313124e-01   7.6396316e-02  -9.5423268e-02  -4.6323332e-01  -4.1650423e-01  -2.5962058e-01   3.7051895e-01   3.3286243e-01   1.8403260e-01  -4.4750968e-01  -1.7142952e-02  -3.0552735e-01  -2.4985743e-01  -2.3069573e-01  -2.7714010e-01  -1.4130567e-01   3.9913396e-02  -5.9438904e-02  -9.0523255e-02   2.2245475e-02  -1.6799380e-01   1.7023992e-01   9.5353458e-02  -1.3956698e-02   6.4984016e-02  -2.2736659e-01  -5.0771143e-02  -9.8159273e-02   8.3004256e-02   3.7299731e-01  -6.4606758e-02   1.5413552e-01  -1.1558051e-01  -1.5781193e-01  -9.8788345e-02  -2.6027107e-01
   7.4428807e-02   3.7464411e-01   1.3005217e-01   2.2878035e-01   1.3002374e-01  -2.7841181e-01  -3.2244405e-02  -4.9601196e-02   4.5683447e-01   8.5575982e-02  -1.5581608e-01   5.3300162e-01  -1.7304979e-01   0.0000000e+00   2.6304137e-01  -1.5805649e-01   1.5622089e-01   1.4570843e-01  -3.1089377e-01  -2.7515065e-02   3.5974307e-01   5.7719882e-02   2.8131975e-01   4.0829476e-01  -1.1180211e-01  -2.0076830e-01  -2.1866140e-01  -1.7655480e-01   1.2142257e-01  -9.4218048e-03   2.0995745e-01   2.6529699e-01  -3.8873752e-02  -9.3760977e-02   5.9084110e-01   1.8031728e-03  -1.9382466e-01  -3.4001186e-02  -6.9859856e-02  -1.0089707e-01  -2.3165634e-01   5.4010700e-02   2.8129890e-01  -1.1088335e-02   3.7551763e-01  -1.3388454e-01  -1.9505652e-01  -1.1213784e-01  -2.7270597e-01  -6.9250674e-02   3.3566716e-01  -9.4840872e-02  -8.5697597e-02   2.7323059e-01   3.3735448e-01  -1.0301046e-01  -4.1977393e-01   4.5570796e-01   1.7666918e-01   6.2662098e-01   1.5684433e-01   4.1106086e-03   1.9574783e-01  -2.6148343e-01   4.7646896e-02   1.0193060e-01  -1.9891836e-01  -4.7561714e-02  -1.7697142e-01  -1.7863128e-01  -1.6006046e-02  -3.1796078e-02   1.3258283e-01   3.1533287e-01   2.2034619e-02   3.8647425e-01   3.5495936e-02   4.2724781e-02   2.5009889e-01   1.5800355e-01  -4.5400417e-02   1.9636687e-01  -9.4348774e-02  -2.2325109e-01   1.0499759e-01   3.0147779e-01   5.3688298e-01   3.3489223e-01   1.0579807e-01   9.1813912e-02   2.6182347e-01  -1.5140884e-01  -5.6614844e-02   4.3532611e-01  -5.9641582e-02  -1.4633208e-01   1.2065938e-02  -1.0684283e-01  -1.0347712e-02   2.7846602e-01   6.0162025e-02  -2.4750568e-01   6.0130744e-03   5.2369349e-01   1.0002463e-01   2.4264403e-01   3.3545127e-01  -1.4211048e-03  -2.7742942e-01   6.6775343e-02  -1.7007972e-01   2.1142825e-01  -1.3004354e-01   6.8379437e-02  -1.0324268e-01   9.2992107e-02  -5.1519098e-03  -9.3660631e-02  -2.1248482e-01   6.2223395e-02   3.3368385e-02   4.3506532e-02  -1.1930642e-01   2.2075395e-01  -8.4683192e-02   6.0857981e-01   4.7897256e-01   1.4116775e-01   2.4112690e-01  -1.1894989e-01  -2.5692652e-02   1.0697087e-01   2.6900676e-01   2.5438454e-01   2.2140587e-01  -6.7850626e-02   1.4393905e-02   5.4684804e-02  -8.0533412e-02   9.6257870e-02   4.4056134e-01  -1.6491999e-02  -2.0579170e-01  -2.7289054e-01   4.6172433e-01   2.8763314e-01   8.6420152e-02   3.3394107e-02   6.0035224e-02   2.5186632e-01   1.7889700e-01   1.0937573e-01   1.3367768e-01  -1.8398494e-01  -2.0714817e-02   1.9485212e-01   1.8895256e-01   1.4478864e-01  -1.3729391e-01  -6.9930263e-02  -1.5487502e-01  -2.4161149e-01   8.8608220e-02  -5.7828160e-02   2.5636786e-02   6.2134901e-02  -1.9465347e-01  -6.5439424e-02  -1.8254645e-02  -8.7351017e-02   2.6292694e-01   3.4741881e-02  -2.0319574e-01  -3.2407790e-01  -1.2271906e-01  -1.9681637e-02   1.6377359e-01
