   0.0000000e+00   2.6412459e-01  -3.4175208e-01  -4.1852090e-02  -5.8571100e-01   9.2999261e-02  -2.4598907e-01   3.5782721e-01  -4.1517392e-01  -4.0360501e-01  -4.9437458e-01   6.9704386e-02  -3.3830992e-01  -2.2838508e-02  -9.9061513e-02  -4.9640867e-01  -2.4125797e-01  -1.4619168e-01   2.1810728e-01  -6.2085793e-01  -1.2226379e-01   3.6872552e-01   1.2247452e-01   7.4207250e-01  -1.8966678e-01   5.2631027e-01  -4.2979128e-01  -2.0744644e-02  -8.6352157e-02   2.8439103e-01  -3.4015690e-01   1.5323419e-01  -2.1117281e-01  -3.2904561e-01  -4.7029438e-01  -6.2257345e-01  -2.6059398e-01   8.7591251e-01  -5.6272967e-01  -5.3634317e-01  -3.1540570e-01  -2.2193947e-01   8.0892498e-02  -3.7580157e-01   2.8113877e-02   8.2295262e-01  -3.7395920e-01  -3.3197312e-01   3.9028720e-02  -6.4976536e-01   8.1120378e-02   5.6469127e-01  -4.9581396e-01  -1.0984754e-01   7.1005921e-02  -2.6457749e-01   4.5470286e-01   3.2196479e-01  -2.1389680e-01  -6.7972877e-02   5.6016059e-01  -1.9640864e-01  -3.3171053e-02  -3.2621763e-01  -5.3239218e-02  -3.8286496e-01  -2.2504743e-01  -2.1662670e-01  -3.6729401e-03   5.9617242e-01  -3.6750895e-01   2.5683944e-01  -6.0691662e-01   6.9884915e-01   2.1795660e-02   2.5409308e-01   6.8203454e-01   1.2176176e-01  -4.4118111e-01  -2.6707938e-01   3.9485195e-01  -7.2494701e-01  -5.7649308e-01   6.1825521e-01   4.9312891e-01   3.3224863e-01  -3.0074908e-01   2.9439600e-01   2.4897563e-01   9.5367869e-01  -5.0585640e-01   1.4735305e-01  -2.5083569e-01  -1.9407625e-01   8.1278770e-01  -6.3266071e-01  -1.7250939e-01   3.3070696e-01  -4.4302617e-01   2.6372266e-01  -2.2804054e-02  -2.5085876e-01   2.8987601e-01   5.6003230e-02   3.6924298e-01   1.9166663e-01  -2.9065922e-02   2.6897089e-01  -2.4911248e-01  -2.5447309e-01  -5.6798234e-01   1.6913293e-01  -2.1660413e-02   9.4628209e-01  -3.4320868e-01  -4.9892374e-01   2.8740592e-01  -3.9136643e-01  -2.8715329e-02   1.8513025e-01   6.2455547e-01  -4.5837644e-01   3.1591805e-01  -3.6560304e-01   9.1499956e-01   1.4369219e-01  -4.3135782e-01  -2.8979333e-01   2.7386946e-01   1.8462259e-01  -6.8233141e-01  -7.1317181e-01   7.5597788e-01  -9.3916340e-02   3.0348762e-01   2.6233611e-01  -4.2035697e-01  -3.6253511e-01   3.3024799e-01   8.6606752e-01   8.3767904e-01  -2.6061041e-01  -1.0632831e-01  -1.8014545e-02  -7.9151476e-02   1.2244852e-02  -4.3047281e-01  -5.3506706e-01  -3.7740089e-02   9.7128634e-02   5.9910108e-01   6.2391296e-01   1.9031870e-01  -4.3419922e-01  -5.4493714e-01   8.8793687e-01   8.3611304e-01  -4.2500892e-01   1.6089689e-02   5.2728111e-01   8.6186143e-02  -9.7048652e-02  -5.7670990e-01   3.1181335e-02  -8.4459295e-02  -3.7194580e-01  -3.3139244e-01   6.2921594e-01   5.2577256e-01  -6.8574525e-01  -4.5533082e-01   7.4555473e-01   3.8944498e-02   6.8380493e-02  -5.1392807e-02  -1.6680693e-01  -1.9466345e-02
   2.6412459e-01   0.0000000e+00  -6.3603269e-02   9.7073439e-02  -2.6741809e-01   5.3081028e-02   2.6232739e-02   2.5080880e-01   4.2252037e-02  -2.2238094e-01   1.5944480e-02   6.5951230e-01  -4.0269720e-01  -3.0418538e-01  -2.8905347e-02  -2.4906415e-01  -3.9310470e-02   1.1494261e-01   2.2141636e-01  -1.8741559e-01  -2.1241699e-01   3.6829026e-01  -5.9713580e-02   4.4788517e-01  -3.0165336e-01   3.8568470e-01  -2.2493280e-01  -2.9507274e-02  -4.0793878e-02   6.1179039e-01  -1.8044831e-02   2.0407555e-01  -1.5236023e-01  -1.1988717e-01   4.6167954e-02  -1.5297423e-01  -6.2943558e-02   1.6220403e-01  -3.9132417e-01  -3.2435189e-01  -2.1239271e-01  -2.5361547e-01  -1.0407396e-01  -3.4573187e-01   3.1154369e-01   3.5623927e-01  -2.5861345e-01  -5.5800332e-02  -2.6452019e-01  -2.2939060e-01   1.4386378e-01   3.4989676e-01  -1.6989903e-01   1.5990464e-01   1.8918751e-01  -2.8613456e-01   4.9569726e-01   2.3751959e-01   1.0937591e-02   5.7495430e-01   4.2426681e-01  -2.0765261e-01   1.3295889e-01   1.6257351e-01   5.5935065e-01  -3.3321594e-01  -2.3852006e-01   1.7307430e-02   3.5123143e-02   1.4666831e-01   1.3284328e-01   4.0273568e-01  -2.1697279e-01   4.5738742e-01   3.7969006e-01   1.5599705e-01   3.8041582e-01   1.6262957e-01  -1.2225052e-01   3.9362179e-02   1.5795570e-01  -2.5965771e-01  -6.0042825e-02   2.6730531e-01   4.1293378e-01   2.7750478e-01   2.4345516e-01   3.5354002e-01   2.6994367e-01   2.9919220e-01  -1.3760326e-01   3.4899023e-01  -2.4281666e-01   9.5570734e-02   1.0333213e-01  -4.7730710e-01   1.5429709e-01   3.8436003e-01   1.0688037e-01   3.1066767e-01   5.5959281e-03  -1.3065862e-01   1.3643331e-03   6.4149318e-01   3.3179371e-01   1.9092514e-01   1.0294912e-01   3.3356463e-01  -4.4570366e-02  -1.9505709e-01  -1.9915431e-01   1.8824862e-01  -2.1474420e-01   2.1476624e-01  -1.8326511e-01   2.2736617e-01   3.2740054e-02  -3.9430231e-01  -2.9602611e-01   6.5592286e-02   5.0926292e-01  -2.3644557e-01   2.2423594e-01   3.6780657e-01   3.2511500e-01  -3.4545324e-02   3.3498047e-01  -1.4648276e-02   7.7677542e-02  -2.0642979e-01  -3.9753625e-01  -1.5074199e-02   3.7114578e-01  -6.1115620e-02   3.2241585e-01   3.0153804e-01   9.8876801e-02  -1.4483422e-01   2.3876489e-01   2.4143310e-01   2.8582398e-01  -4.1490231e-01   1.8256140e-01  -2.9388661e-01   2.3487610e-01   1.3566610e-01   1.9245399e-02  -1.4034166e-01  -2.9528987e-01   9.5906141e-02   1.8152899e-01   2.0355160e-01   4.5501304e-01   2.0642355e-01  -2.6155046e-01   1.8735861e-01   4.4246970e-01  -2.1568131e-02   2.7060598e-01   2.5383014e-01   2.2456348e-01   3.6258886e-01  -4.7593047e-01  -6.4573832e-02   2.7352280e-01  -2.7414696e-04   1.4715280e-01   3.7031107e-01   5.4920143e-01  -2.0183998e-01  -4.7853494e-02  -4.5150522e-02  -3.0700592e-03  -1.3782822e-01  -1.7256945e-01   2.1181609e-01   2.4240108e-01
  -3.4175208e-01  -6.3603269e-02   0.0000000e+00  -2.4803527e-01   3.3518562e-01  -6.4674751e-02   9.8360503e-02  -1.7192041e-01   1.1897630e-01   9.1534118e-02   1.1201413e-03   6.3485516e-02   1.6977691e-02  -2.4665090e-02  -3.7425259e-02   1.7565843e-01   9.1063102e-01  -2.8080824e-01  -3.4061786e-01   3.3536515e-01  -1.2408032e-01  -4.0172713e-01  -3.7559646e-01  -4.7327768e-01   1.5719960e-01  -2.5386661e-01   3.8666962e-01   3.6889116e-02   1.3111400e-01  -3.5837619e-01   4.1762489e-02  -2.2297877e-01   1.5297521e-01   2.4777508e-02   3.4250964e-01   3.0994248e-01  -6.2283389e-02  -2.5866017e-01   1.0170530e-01   4.0883065e-01  -1.0974756e-01   7.1293200e-02   1.2109704e-02  -1.9291821e-02  -9.8514392e-02  -1.4443741e-01  -6.3564317e-02   2.4307565e-01  -8.1604740e-02   6.9755547e-01  -4.7603232e-01  -3.2244284e-01   2.8192584e-01   1.0386433e-01  -6.5481801e-02   5.2628288e-02  -1.9619518e-01  -2.1972591e-01  -2.6430371e-01  -1.9739469e-02   7.2387004e-02   1.8602777e-01   2.7422508e-02   1.8253612e-01  -3.2218851e-02  -1.3892997e-01   9.0097537e-02  -2.3389345e-01  -1.9471580e-01   6.0454445e-02   5.8288177e-01  -2.6429259e-01   5.6472845e-02  -3.1678885e-01   1.0447191e-01  -1.8902741e-01  -6.9124754e-02  -1.0645619e-01   5.5823853e-01   5.6349621e-02  -3.3935686e-01   2.8810043e-01   5.3305853e-01  -1.4092135e-01   2.1114744e-01  -1.0598575e-01   3.1142039e-01  -4.5273770e-01  -1.1237230e-01  -3.0792096e-01   6.2785304e-01   5.2321851e-01   4.2283769e-02  -2.9196187e-02  -2.2548277e-01   3.6187934e-01   4.9774833e-02  -8.5530450e-02   1.6336598e-01  -4.0492481e-01   4.2993972e-01  -1.3669855e-01  -4.1306391e-01  -4.8513629e-02  -3.6632655e-01  -2.7279441e-01   1.4121536e-01  -2.5903971e-01  -6.2993307e-03  -1.4984480e-01   3.6098828e-01  -2.2490098e-01  -1.3733212e-01  -3.3537665e-01   3.9825992e-01   4.8514813e-01  -2.0431027e-01   1.8083315e-01   1.7123002e-01  -3.9168342e-01  -3.2824660e-01   4.6047512e-01  -6.7636544e-02   1.9124697e-01  -2.3960436e-01  -1.8744779e-02  -4.4817108e-02   3.6829989e-01  -3.5746187e-01   4.1415602e-01   2.0510343e-01   2.7229855e-01  -3.5590099e-01  -3.3131162e-01  -2.7069650e-01  -1.9710182e-01   6.9569704e-02   1.6951490e-01  -8.2271472e-02  -4.3513265e-01  -3.6971296e-01   4.6080070e-02  -4.8794230e-02  -1.4938977e-01   7.5227668e-02  -3.4046484e-01   6.1092950e-01   2.1310064e-01  -1.0508953e-01  -5.6682306e-02  -9.0786092e-02  -3.1327217e-01  -1.0716631e-01   2.9020582e-01   6.8676794e-01  -4.0654130e-01  -2.9796361e-01  -2.1406898e-01   5.4046256e-01  -4.3981587e-01   5.9460329e-02  -1.7896129e-02   1.7317003e-01  -3.2962963e-01  -3.2712160e-02   2.7274865e-01   7.2928824e-02  -3.8739396e-01  -3.8242385e-01   3.8939472e-01   3.6200208e-01  -2.5145892e-01  -2.1946613e-01  -6.4740992e-02  -1.2490265e-01   2.0360951e-01  -1.7565929e-01
  -4.1852090e-02   9.7073439e-02  -2.4803527e-01   0.0000000e+00   1.9332976e-01   1.4183157e-01   7.9430920e-03  -2.5410824e-02   1.7417662e-01  -1.3013724e-01   9.7178273e-02   1.5216895e-01   8.7396118e-02  -1.7074965e-01  -1.5180190e-01   1.8489998e-01  -3.4931891e-01   6.0826453e-01   6.7868163e-02   1.9221438e-01   2.5904625e-01   3.6944051e-01   1.8969527e-01  -6.3563749e-02  -5.2674011e-02  -1.6109103e-01   1.0230270e-01  -2.4308352e-01   2.0022894e-05   4.8855484e-01  -7.0577136e-02   4.1381619e-01   2.5923103e-01  -7.1846347e-02  -1.9961427e-01   1.4435845e-01  -2.0667177e-01  -2.2129877e-01   2.5064005e-01  -3.8076699e-01   1.8283551e-01   3.2210039e-01   2.2053158e-01   1.2275626e-01  -5.0781735e-02  -1.6023287e-01   4.0120616e-01  -3.0750571e-01  -1.9034270e-01  -2.8786298e-01   5.5913092e-01  -1.4402879e-02  -3.6665048e-01   2.4174858e-01  -7.0836643e-02  -2.6651898e-01  -2.6301100e-03   2.6144225e-01   6.5441145e-01   1.3800783e-01  -1.7587241e-01   1.5427243e-01   3.4071508e-01  -7.1921843e-02  -5.2419345e-02   2.1551270e-01   1.4237444e-01   7.3542432e-02   5.4018540e-01  -1.2735818e-01  -3.7794565e-01   5.2817581e-01   1.3730682e-01   8.1633103e-02   1.3687144e-02   2.1939453e-01  -1.4574072e-01   1.1212109e-01  -2.1442502e-01   2.9324750e-01  -7.7004106e-02   2.2583821e-01  -2.9338036e-01   4.7384280e-02  -1.2240238e-01   1.0131468e-01  -3.9664441e-01   4.9356081e-02   1.0796776e-01  -8.0456427e-02  -3.8846676e-01  -9.1155751e-02   1.0276301e-01   1.8789380e-01  -3.3062834e-01  -1.1298955e-01   3.2729846e-01  -1.4475387e-02   1.2683227e-01   1.7095369e-02  -3.1396606e-01  -1.3752250e-01   4.6757512e-01   1.3127766e-01   3.6856257e-01   5.4892611e-01   3.6390051e-01   2.8450272e-01  -1.7561255e-01   2.9827185e-01  -8.4829930e-02   2.7569618e-01   1.8480803e-01  -1.1767227e-01  -2.2085762e-01  -1.8571947e-01   1.0571491e-01   1.3042633e-01  -3.0329168e-01   5.6638504e-01   2.4499036e-01  -1.5900518e-01   1.4564484e-01   1.3541789e-01  -9.0203631e-02   8.9930498e-02   2.8277224e-01  -2.2551730e-01   4.4126061e-01  -3.6338817e-01   1.0189251e-01  -4.0347343e-02  -4.7770218e-03   1.8695930e-01   4.3816123e-01   3.0008587e-01   3.1912196e-01  -2.6439437e-01   5.0618873e-02  -1.2221366e-01  -1.7939587e-01  -9.8091494e-02   6.5767691e-02   1.4336014e-01  -1.7670517e-01   4.9391861e-01  -2.0844043e-01   3.6449705e-02   1.9237984e-01  -4.5929101e-02   1.3095666e-02  -8.8147410e-02   3.9402395e-01  -2.0398571e-01  -3.7540267e-01  -1.4435989e-01  -1.0590634e-01   4.1374689e-01  -5.8188880e-02   1.3851883e-01  -1.4073122e-01   1.8649256e-01   4.4861056e-02   6.4086291e-01   1.9964713e-01  -1.1159439e-01  -1.1876623e-01   4.7873967e-02   3.8416097e-01  -2.9835055e-03  -2.4180084e-01  -2.8959325e-01   3.5643595e-01   4.2033892e-02   1.2144401e-01   4.7280928e-01   3.8508111e-01
  -5.8571100e-01  -2.6741809e-01   3.3518562e-01   1.9332976e-01   0.0000000e+00  -1.6226474e-01   4.7806877e-01  -4.9209026e-01   3.7381490e-01   3.8516954e-02   4.6620278e-01  -6.9166735e-02   3.1520936e-01  -1.9550108e-01  -3.1466893e-01   6.2703308e-01   2.0034519e-01   2.6116881e-01  -4.1928649e-01   8.1736043e-01  -7.3772667e-02  -5.2691144e-01  -3.1852630e-01  -5.9146369e-01   1.6269291e-01  -7.0794513e-01   5.9816070e-01  -1.4504319e-01  -5.1907654e-02  -2.9859199e-01  -6.9511338e-02  -2.3426111e-01   3.1801244e-01   1.7952999e-01   4.5384058e-01   8.5324769e-01  -2.7026847e-02  -6.7919449e-01   7.0994157e-01   3.4863623e-01   4.5861059e-01   3.5020801e-01   1.3433028e-02   2.5848024e-01  -1.3019975e-01  -7.3890428e-01   6.1150265e-01   1.8122751e-01  -2.2436786e-01   4.2113291e-01  -1.1336019e-01  -6.6504971e-01   2.6942961e-01   1.9672862e-01  -1.4514544e-01   2.4610072e-02  -4.3136077e-01  -5.1648647e-01   3.4314004e-01   1.1046329e-01  -5.7339808e-01   5.3326406e-01   2.0019801e-01   2.0581989e-01  -7.6794689e-02   3.6902713e-01   4.3242949e-02   1.9433970e-01   2.4504325e-01  -4.9861544e-01   3.9651273e-01  -6.8313382e-02   5.2106127e-01  -5.5648027e-01  -3.5191260e-01  -3.9562640e-01  -6.5952368e-01  -8.3971359e-02   7.2249392e-01   4.6888662e-01  -6.4540634e-01   6.4188309e-01   3.9668980e-01  -5.3959535e-01  -2.5723642e-01  -4.3668641e-01   1.5324973e-01  -2.5629903e-01  -6.5722902e-02  -5.9104707e-01   5.5963272e-01  -2.1985258e-01   3.3981113e-01   2.6367987e-01  -7.2362116e-01   7.1522712e-01   3.2182470e-01  -4.6950858e-01   5.6513369e-01  -3.6887375e-01  -8.4904819e-02  -5.5829671e-02  -1.9541218e-01  -1.1010139e-01  -3.7509199e-01  -2.7832222e-01   2.4410441e-01  -3.1304582e-01  -1.0873450e-01   3.7115766e-01   5.5781210e-01  -3.3615080e-01   7.8330843e-02  -6.3139914e-01   2.0570123e-01   5.6924576e-01  -2.3973456e-01   5.7852899e-01  -1.1945568e-01  -1.4581490e-01  -4.7461658e-01   6.9989543e-01  -1.6005254e-01   1.5949830e-01  -6.5010941e-01  -1.7824185e-01   3.2182841e-01   1.7141821e-01  -2.8843028e-01  -4.8120742e-02   6.3877280e-01   6.6127229e-01  -6.4774781e-01  -2.6787372e-01  -3.5645092e-01  -3.3786353e-01   5.0016188e-01   1.4700117e-01  -4.7149587e-01  -6.9558269e-01  -5.6558297e-01   2.6552263e-01   1.6767593e-01   1.2729073e-01  -1.2395057e-01  -8.0884573e-02   6.1032747e-01   5.9389834e-01   3.0704337e-01  -3.0528318e-01  -4.8931629e-01  -5.8921283e-01  -2.1389108e-01   2.6241551e-01   5.5530171e-01  -6.3933638e-01  -6.2548404e-01   4.5610741e-01  -1.0581682e-01  -6.2430347e-01  -1.0693525e-01   2.1881442e-01   4.7272561e-01   7.9717898e-02  -1.5863991e-01   4.7456213e-01   2.6073657e-01  -5.5103899e-01  -3.7228584e-01   5.9636324e-01   5.4332441e-01  -5.3833857e-01   2.5945352e-01  -2.3053119e-02  -3.5442494e-02   3.6631263e-01  -2.0130656e-01
   9.2999261e-02   5.3081028e-02  -6.4674751e-02   1.4183157e-01  -1.6226474e-01   0.0000000e+00   2.6162851e-02   3.9135431e-01  -2.3998026e-01  -2.9153639e-01  -1.1402410e-01   4.0263827e-02  -1.6976895e-01  -1.0339822e-01  -5.5827453e-02  -1.3795808e-01  -1.4105010e-01   3.2470273e-02   4.9292204e-01  -1.5449494e-01  -2.1876180e-02   2.8216452e-01   7.0252348e-02   9.8161668e-02  -7.9964428e-02   2.5046438e-01   1.7342375e-01  -1.2624532e-01   4.7691388e-02   3.2167782e-01  -2.5195407e-01   2.6732644e-01  -1.3910823e-01  -4.5026525e-02  -4.6183160e-01  -2.3524808e-01  -1.0890724e-01   1.0063442e-01  -2.1088894e-01  -1.6057575e-02  -7.8933075e-02   7.8657281e-02  -1.0206197e-01   7.5828670e-02   5.9642729e-02   2.1237693e-01   2.1292041e-01  -2.5965465e-01   1.7743164e-01  -1.0207100e-01   1.6119308e-01   3.0477566e-01  -2.7961943e-01  -1.8775904e-01   8.5693369e-02   2.0755752e-01   5.4419813e-01   2.3821829e-01   1.1616045e-01   6.9102072e-03   1.3151647e-01  -2.0348516e-01  -3.6043547e-01  -1.4384051e-01  -1.6886586e-01  -4.2171729e-02   6.3029241e-01  -1.6402156e-01   3.3652982e-01   3.4711384e-01  -4.2592447e-01   2.6642638e-01  -3.2435938e-01   1.1104620e-01  -1.6617601e-01   2.4383727e-01   1.8170911e-01   1.2116388e-01  -9.5600210e-02  -2.1216236e-01   1.3241279e-01  -2.3044349e-01  -4.6228635e-01   2.7891261e-01   2.8341488e-02   2.7284950e-01  -4.3827980e-01   8.5632454e-02  -1.1817907e-01   1.2599982e-01  -2.9613728e-01  -8.4099458e-02   2.3245367e-01  -4.3149135e-02   1.3696782e-01  -2.6045911e-01  -2.2226124e-01   3.2834241e-01  -6.6930384e-02   3.4540260e-02  -2.4278241e-01   5.2802549e-02   3.9973178e-01  -2.2466527e-01   4.3380203e-01   1.7154483e-01  -5.5843285e-02   6.2651577e-01  -2.2631599e-01   1.6709868e-01  -2.3041379e-01   3.5517993e-01  -9.8597404e-02   8.9605883e-02  -2.4868342e-01  -1.8404783e-01   3.9627616e-01  -2.3253997e-01   8.4973812e-03   3.4820145e-01   2.3872865e-01  -3.5376227e-02  -8.0609446e-02  -2.2888359e-01   1.5349105e-01  -1.0311040e-02  -1.5693346e-01  -3.6216855e-01   1.2315636e-01   1.8911261e-01  -2.5347520e-01  -1.5876725e-01   3.2524901e-01  -5.9548551e-02   9.3839199e-02   3.6710516e-01  -2.7341794e-01  -2.3784994e-01   2.7877993e-01   1.1705143e-01   2.0575704e-01  -2.4530009e-03   2.9793076e-01   2.1638863e-01  -1.6167389e-01  -1.0252593e-02  -2.4784467e-01  -6.1636923e-02   2.4011986e-01  -3.0607976e-01   1.5921833e-01   3.4668488e-01   1.8381636e-01  -2.5922850e-01  -1.0480062e-01   6.8762102e-02   2.3223938e-01  -4.0445068e-02  -1.6242948e-01   2.3720273e-01   2.9852890e-02   1.4418839e-01  -2.3624630e-01   2.0565001e-01   2.1677916e-01  -5.7261587e-04  -2.2413304e-01   4.2309347e-01   1.9291008e-01  -1.5972941e-01  -1.6954007e-01   2.2354737e-02  -4.2514090e-02   3.9469900e-01  -3.0717176e-01  -1.0412149e-01   8.2905066e-02
  -2.4598907e-01   2.6232739e-02   9.8360503e-02   7.9430920e-03   4.7806877e-01   2.6162851e-02   0.0000000e+00  -3.2437887e-01   1.1847709e-01   1.5082452e-01   5.5150435e-01   2.6152362e-02   1.0910923e-02  -7.8230011e-02  -6.5496072e-02   2.6793110e-01  -2.4215778e-02   2.5112872e-01  -3.0435569e-01   4.9765725e-01   1.2329976e-01  -4.0560231e-01  -2.1710742e-01  -2.4136119e-01  -1.6438869e-01  -2.2908491e-01   4.0956937e-01   1.3959888e-01  -2.2594631e-01  -1.3884791e-01   2.3455763e-02  -3.6725404e-01   1.4484849e-01   5.6890279e-01   4.5291349e-01   5.1944088e-01   2.2924682e-01  -3.8612528e-01   2.9406951e-01   2.8561040e-01   2.6502500e-01  -6.3983492e-03  -5.4297017e-02   3.0989633e-01   7.9820624e-02  -4.1668950e-01   4.4348956e-01   3.4394410e-01  -2.0448779e-01   1.5977821e-01   2.4136336e-02  -4.2523417e-01   3.7615461e-01   2.7455293e-02  -1.0337484e-01   3.4571125e-01  -1.1051367e-01  -5.0272543e-01   1.5720973e-01   1.9907923e-01  -4.4581167e-01   1.5574963e-01  -6.1501247e-02   3.5028336e-01   1.6873013e-01   4.3471964e-01   2.4132995e-02   1.9089318e-01   2.2593951e-01  -1.0605279e-01   2.8685401e-01   2.1612900e-01   3.4423296e-01  -3.7163371e-01  -2.5388832e-01  -4.4982162e-01  -4.7412703e-01   1.9286025e-01   4.0334266e-01   1.5139947e-01  -2.0922617e-01   2.8495795e-01   2.6166918e-01  -2.8684479e-01  -1.5108723e-01  -4.7834348e-01   2.1471079e-01  -2.2170215e-01  -1.1193983e-01  -1.9186964e-01   1.8874875e-01  -3.0609803e-01   3.8427613e-01   1.9969440e-01  -3.8249342e-01   4.2100146e-01  -5.7464915e-02  -2.0577855e-01   2.3333013e-01  -1.3602226e-01   6.2024608e-02   2.9971477e-01  -5.0069799e-02  -8.8029455e-03  -4.0041037e-02  -3.8906332e-01   1.0064508e-01  -1.3217231e-01  -2.1928648e-01   2.7080688e-01   5.7941636e-01  -4.4587021e-01  -8.4717881e-02  -2.5449388e-01   2.7338942e-01   2.8412108e-01   3.4699997e-02   4.1897120e-01   1.0446409e-01  -1.5323276e-01  -2.8724301e-01   5.3843293e-01  -2.0288380e-01   1.0935559e-01  -3.3813334e-01  -2.7922127e-01   3.9822331e-01  -1.2978256e-02  -4.1545855e-01   1.0510751e-01   3.9296831e-01   5.7147743e-01  -3.4281246e-01  -6.3223594e-02  -2.6949608e-01  -2.3343536e-01   2.2871981e-01   3.2059146e-01  -4.0042623e-01  -3.5446434e-01  -1.8172023e-01   1.5047507e-01   4.6931372e-01   5.8676145e-02   1.6712961e-01  -6.8723073e-02   5.4645831e-01   4.5946867e-01   3.6797279e-01  -5.8906770e-02  -2.9484866e-01  -2.4445850e-01  -1.7437626e-01   2.3013300e-01   3.7783329e-01  -2.8794008e-01  -3.2461036e-01   2.8840228e-01  -2.9644575e-01  -3.3939128e-01   3.6139662e-02   5.2004377e-01   3.3244500e-01   9.7876364e-02  -3.0059625e-01   4.4968370e-01   5.7612971e-01  -6.8605961e-02  -2.6608628e-01   3.5855876e-01   5.1350820e-01  -3.4586787e-01   3.3429402e-01  -9.3715662e-02  -3.9106410e-01   2.1595359e-01  -3.6749123e-01
   3.5782721e-01   2.5080880e-01  -1.7192041e-01  -2.5410824e-02  -4.9209026e-01   3.9135431e-01  -3.2437887e-01   0.0000000e+00  -1.6258687e-01  -1.9732701e-01  -2.4780595e-01   9.2541705e-02  -5.8927564e-01  -1.4566093e-01   1.9752261e-02  -3.3891536e-01  -9.9288969e-02   6.8777271e-02   4.3389313e-01  -5.7938664e-01  -6.0312232e-02   5.7568193e-01  -1.8413675e-02   4.3022908e-01  -3.7243610e-01   7.5776469e-01  -3.8792638e-01  -9.9629173e-02  -2.1225784e-01   4.1996276e-01   1.0834376e-01   4.9192225e-01  -3.7622638e-01  -2.3466016e-01  -5.4409951e-01  -4.8214348e-01   9.3053464e-02   3.5971903e-01  -4.3601616e-01  -2.2760043e-01  -4.1245847e-01  -1.0674012e-01  -2.6082930e-01  -1.0476951e-01   1.4554922e-01   5.9810444e-01  -1.9473754e-01  -4.3282721e-03  -7.6273342e-02  -2.7195737e-01   2.0230228e-01   8.1615548e-01  -2.3030182e-01  -3.2428616e-01   7.1912625e-02  -1.7779388e-01   3.5331213e-01   7.0265504e-01   3.9275671e-02   4.4631975e-02   7.0769351e-01  -3.2692871e-01  -2.4633432e-01   1.4032484e-01   9.4296499e-02  -4.7417273e-01   3.0666205e-01  -1.6918958e-01   7.0652339e-02   4.8455102e-01  -3.2944656e-01   2.0568719e-01  -4.2281931e-01   4.7064676e-01   3.0970184e-01   7.5609645e-01   7.5136326e-01   1.4176379e-01  -3.2122646e-01  -2.9091691e-01   2.7369497e-01  -4.5623888e-01  -2.7454464e-01   7.6124740e-01   3.6837744e-02   7.2225146e-01  -1.5044232e-01   1.5016238e-02   2.0330020e-01   3.7348868e-01  -3.8614691e-01   2.8516120e-01  -3.2010124e-01  -1.8247064e-01   4.0434411e-01  -6.1664471e-01  -2.3609100e-01   6.4046027e-01  -1.8927027e-01   1.6072142e-01  -1.4728965e-01   4.1051696e-03   2.5521362e-01   2.8106524e-01   4.5196851e-01   4.6702181e-01  -2.8414427e-01   6.4893882e-01  -1.0480581e-01  -2.4060157e-01  -6.0523711e-01   4.5520515e-01  -1.8955909e-02   2.9215101e-01  -4.1415840e-01  -2.4094054e-01   3.4878792e-01  -5.5559305e-01  -2.6398950e-01   2.7074336e-01   6.1209072e-01  -4.1538605e-01   2.4107955e-01  -5.1915977e-02   4.4432689e-01  -1.4922500e-01  -1.7294694e-01  -1.5366526e-01   4.3183703e-01  -7.8568636e-02  -3.3837293e-01  -2.7175775e-01   5.2869463e-01   6.0027691e-02   1.5308200e-01   7.4655339e-01  -3.6950091e-01  -2.2364814e-01   7.7031886e-01   3.7778666e-01   3.2485337e-01  -3.5637046e-01  -1.0692089e-02  -3.1598040e-01  -3.4013543e-01   2.8050376e-01  -5.1852174e-01  -2.0453853e-01  -3.5516153e-01  -6.4080120e-02   3.0736338e-01   5.8400000e-01   2.7139726e-01  -8.7926055e-02  -4.6908145e-01   2.8959636e-01   4.8036662e-01  -3.0176669e-01   1.3625176e-01   3.4328472e-01   9.6872504e-02   7.4635929e-02  -4.1771145e-01   6.5256547e-02   5.0499456e-01  -7.5179319e-02  -2.5641218e-01   4.3673082e-01   4.5202162e-01  -3.7041870e-01  -4.0627697e-01   1.8997420e-01  -8.8483337e-02  -1.9436404e-01  -1.6059918e-01  -3.7487959e-01   3.8454054e-01
  -4.1517392e-01   4.2252037e-02   1.1897630e-01   1.7417662e-01   3.7381490e-01  -2.3998026e-01   1.1847709e-01  -1.6258687e-01   0.0000000e+00   3.2123849e-02   2.7641379e-01   3.1337401e-01  -7.8355625e-02  -6.2049674e-02   2.0096401e-01   2.3910583e-01   1.2078680e-01   1.8667854e-01  -3.3119428e-01   2.2142569e-01   7.5082935e-02  -9.4290098e-02  -3.7607756e-02  -3.9013212e-01   1.8654683e-01  -4.0473957e-01  -1.5941032e-01  -8.5625950e-02  -1.0638880e-02   4.8017588e-02   1.7820414e-01   1.9816089e-01   2.1711259e-01   7.7350700e-02   3.5873260e-01   4.3258000e-01   1.3808710e-01  -3.5689557e-01   3.1348932e-01  -4.4901468e-02   1.5685496e-01   3.9549601e-01   8.6546062e-03   4.3605051e-02  -7.6333945e-02  -4.1835279e-01   1.3696002e-01   2.3943745e-01  -5.6405373e-02   1.9576053e-01   7.1580276e-02  -3.2224232e-01   1.6645747e-01   1.1050307e-01   1.5949221e-01   1.3635924e-01  -3.2008284e-01   4.3517206e-02   2.8731152e-01   2.5727952e-01  -1.7381756e-01   1.3233696e-01   2.9537199e-01   1.6213272e-01   3.8084047e-02  -1.1900123e-01  -2.7912610e-02   3.8060565e-01  -1.4073436e-02  -4.6088596e-01   2.7762029e-01   3.2626685e-02   3.6101705e-01  -3.2945908e-01   1.7839008e-01  -8.2331380e-02  -3.0383788e-01  -1.3887557e-02   2.2237555e-01   3.3273259e-01  -1.8526737e-01   1.7852205e-01   3.2812333e-01  -3.0627923e-01  -1.7022239e-01  -4.9839732e-02   3.1481882e-01  -9.3034758e-02   1.7627870e-01  -4.0538393e-01   2.0220272e-01   1.0506194e-01  -4.1285289e-02   4.9333246e-01  -3.7668192e-01   3.2965836e-01   2.6255529e-01  -1.6435275e-01   3.9024754e-01  -1.3387868e-01   3.2984765e-02   1.0246799e-01  -8.8189409e-02   4.0659148e-01  -1.9893162e-01   1.4511282e-01   1.4226546e-02  -8.1260143e-02   1.5302889e-01   2.4739267e-02   1.2441526e-01   1.1640599e-01   2.7893558e-01  -3.5613873e-01   5.1657944e-02   2.7904280e-01  -1.7030862e-02   1.7922871e-01  -4.4537228e-01   1.4971610e-01  -5.0850126e-02   4.7714329e-02  -3.2477108e-02   4.6275948e-01  -3.5757636e-01  -7.2489673e-02   2.0431897e-01   2.5236125e-01   2.4773784e-01  -3.5184168e-01   3.7874736e-01   3.1888864e-01  -3.0303102e-01  -1.2633820e-02  -9.3466351e-02  -1.2214756e-01   3.2756596e-01   1.3386332e-01  -1.8964933e-01  -3.5313609e-01  -4.7750821e-01   8.3429091e-02   1.2339058e-01  -3.0332852e-01   1.5537347e-01   8.5445414e-02   2.4914662e-01   9.7554146e-02  -1.3035979e-01  -2.5530362e-01  -3.3341007e-01  -1.5458281e-01   1.9211217e-01   3.4314636e-01   1.0792834e-01  -4.2056709e-01  -2.9680704e-01   3.3722940e-01   1.7084675e-01  -1.3017407e-01   9.3565891e-02   9.0391300e-02   1.1351503e-02   9.6150395e-02   2.1524220e-01   1.7298642e-01   1.4702864e-01  -3.4481417e-01  -4.0066119e-02   2.7694051e-01   9.1653071e-02  -4.3140479e-01  -1.2683392e-01  -4.3018071e-01   7.2913497e-02  -7.4430713e-04   1.3282410e-01
  -4.0360501e-01  -2.2238094e-01   9.1534118e-02  -1.3013724e-01   3.8516954e-02  -2.9153639e-01   1.5082452e-01  -1.9732701e-01   3.2123849e-02   0.0000000e+00   2.2752815e-01  -1.9448553e-01   1.6739638e-01   3.3011734e-01   3.1969670e-01   2.1159737e-02   3.8964177e-02  -3.4512942e-02  -4.8398643e-02   2.1567711e-01   1.2249101e-01  -9.4489190e-02   1.7913803e-01  -1.6122825e-01  -6.6297996e-02  -6.6280331e-02   6.0683527e-02   4.9584506e-01  -5.1505545e-02  -2.9037210e-01   3.3308868e-01  -2.2899431e-01  -1.4531479e-01   4.6779166e-01   4.2698480e-01   1.2417252e-01   4.7523082e-01  -4.2848008e-01   4.9491120e-02   2.1889713e-01  -7.5980440e-02  -3.3505128e-01   1.6150990e-01   1.4958290e-01   2.9730848e-01  -3.0300115e-01  -9.8781405e-02   2.4425909e-01  -4.9466190e-02   1.4904112e-01  -4.0366641e-02  -1.5910752e-01   3.6327661e-01  -3.9189733e-02  -2.9922029e-02   2.7015686e-01  -3.7261773e-01  -5.5616679e-02  -1.3464552e-01  -1.8494844e-01  -2.6966185e-01   4.7920947e-02  -3.8834082e-02   2.5200950e-02   1.1257963e-01   2.9971160e-01  -1.1720311e-01   1.2285975e-01  -3.2833393e-01  -1.6757209e-01   1.2336778e-01  -2.2859802e-01   1.9198419e-01  -1.3005463e-01   7.0360322e-02  -1.1335934e-01  -2.9949298e-01   2.1514823e-01  -1.5814027e-01   2.8110189e-02   1.7137067e-01   2.4151346e-01   3.0771387e-01  -2.2464256e-01  -2.9024141e-01  -3.0090069e-01   4.0713341e-01  -7.5230409e-02  -1.6572505e-01  -3.7512298e-01   1.4531831e-01  -1.7670032e-01   7.1990850e-02  -1.2382627e-01  -3.3213631e-01   4.0947244e-01  -1.3746182e-01  -1.1211724e-01  -9.0590717e-02   2.1892397e-01   2.0393255e-01   3.1403378e-01  -2.8518964e-01   1.8428957e-03  -2.3398146e-01  -2.0692086e-01  -2.4275027e-01  -3.1616007e-01   4.0451071e-01  -1.2611002e-01   4.8662250e-01  -1.7845700e-01  -9.5435468e-03  -3.9739700e-01   5.7741727e-01  -7.3200139e-02  -9.7631100e-02   1.7399082e-01   5.9465053e-02  -2.5032077e-01  -3.9166020e-01   9.4761616e-02  -1.0987140e-01   8.7973766e-02  -3.5790426e-01   1.0496254e-01   3.6964213e-01   1.3235977e-01  -9.8116582e-02  -1.2187595e-01   3.3463074e-01   2.1475552e-01  -2.5357127e-01   1.4286269e-01   2.1239830e-02  -1.0059409e-01   1.1757501e-01   4.1857018e-01  -1.3809410e-01  -4.1027503e-01  -2.1456900e-01  -1.5016889e-02  -1.4819669e-01  -1.0385415e-01   2.3771348e-01  -9.3356808e-02   1.3391374e-01   1.7017572e-01  -1.6120506e-01   3.7967684e-01  -5.6383842e-02  -2.6791509e-01  -4.1766269e-01   2.5192360e-01   1.2315419e-01  -3.2168736e-01  -4.2343041e-01   3.1481649e-02  -1.1762152e-01  -1.5809342e-01  -1.6123182e-01  -4.4920271e-02   5.1918615e-01  -2.1214404e-01  -1.0632808e-01   1.2230150e-01   4.5424571e-01  -3.2005310e-01  -3.9252959e-01   2.8768374e-01   1.9764773e-01  -2.1948607e-01   1.0353327e-01  -2.5523178e-01   9.8694735e-02   6.4815890e-02  -2.6758993e-02
  -4.9437458e-01   1.5944480e-02   1.1201413e-03   9.7178273e-02   4.6620278e-01  -1.1402410e-01   5.5150435e-01  -2.4780595e-01   2.7641379e-01   2.2752815e-01   0.0000000e+00  -1.8617448e-02  -3.7439174e-02  -3.0770210e-01  -6.6017638e-02   5.2664322e-01  -1.0394093e-01   5.3609906e-01  -2.7338093e-01   5.3811876e-01   4.0356884e-01  -2.7615233e-01  -2.6937870e-01  -2.5728965e-01  -2.3866738e-01  -2.5894761e-01   4.0315136e-01  -1.1655315e-01  -1.6734195e-02  -1.1439348e-01   4.7832704e-01  -1.3504380e-01   1.6976161e-01   6.8886432e-01   2.5554626e-01   7.4671500e-01   3.9559168e-01  -5.7607989e-01   4.9432961e-01   2.1217661e-01   2.8059075e-01   1.4381629e-01  -1.6740176e-01   3.0221038e-01   2.8073296e-01  -5.7645402e-01   6.6793758e-01   9.4036885e-02  -1.8359699e-01   2.3814610e-01   2.6198925e-01  -4.5213958e-01   6.0108005e-01  -1.7185249e-01  -2.8839099e-01   2.0295740e-01  -4.3913619e-01  -2.5220026e-01   5.4141721e-01   2.7646439e-01  -4.4864057e-01   2.0632908e-01  -1.3863907e-02   6.3555084e-01   3.4218710e-01   5.3959685e-01  -1.2704218e-01   4.2219654e-01   4.4974848e-01  -1.8538877e-01   1.1732736e-01   2.1951952e-01   6.3659565e-01  -4.9936004e-01  -8.7938935e-02  -1.8735230e-01  -4.5087277e-01   2.4836968e-01   2.2064434e-01   2.5170230e-01  -4.1816604e-01   4.8859470e-01   2.9807750e-01  -3.6019564e-01  -6.0474839e-01  -2.3475979e-01   1.9184183e-01  -2.9671003e-01   2.9840137e-02  -4.6596139e-01   1.4711420e-01  -3.1444539e-01   6.4341634e-01   1.4300063e-01  -5.7961441e-01   5.5002998e-01   1.2099771e-01  -1.1507765e-01   4.8701511e-01  -5.9135656e-04  -1.0758580e-01   4.2889431e-01  -2.4073250e-01   1.8309245e-02   1.4599584e-01  -3.2176164e-01  -8.3978038e-02  -1.1785485e-01  -5.6080767e-02   3.5537683e-01   4.8956675e-01  -3.7328785e-01  -9.3424761e-02  -4.8580166e-01   1.3001245e-01   3.8150842e-01   9.1056331e-05   3.2825929e-01  -9.5052634e-02  -1.7742971e-01  -2.2426990e-01   3.3324439e-01   3.1424226e-02   3.6978394e-01  -5.4304047e-01  -6.1081985e-01   6.0024183e-01   1.2396894e-01  -8.6428221e-02  -6.5746757e-02   5.9449274e-01   7.4461375e-01  -5.3577075e-01   2.2932381e-01  -1.1096638e-01  -1.2949396e-01   4.2419885e-01   4.0861447e-01  -2.6642980e-01  -4.7149856e-01  -3.0471570e-01  -1.7198250e-01   5.9658740e-01  -1.6308995e-01   1.9664505e-01   2.4749964e-01   2.6547042e-01   5.5193261e-01   3.5290145e-01   1.8347951e-01  -6.5985285e-01  -3.2713041e-01  -6.6932629e-02   5.3703622e-01   1.6480969e-01  -4.1650262e-01  -4.7684391e-01   7.1682958e-01  -2.2071433e-01  -5.4668600e-01   1.3384982e-02   6.7060546e-01   5.2788632e-01   3.2580779e-01  -5.2271586e-02   5.0972114e-01   4.3820445e-01  -2.8120414e-01  -2.5750120e-01   6.2611981e-01   2.7201782e-01  -5.0413390e-01   5.7052391e-01  -4.3303852e-01  -1.5387084e-01   1.7418387e-01   1.0114943e-01
   6.9704386e-02   6.5951230e-01   6.3485516e-02   1.5216895e-01  -6.9166735e-02   4.0263827e-02   2.6152362e-02   9.2541705e-02   3.1337401e-01  -1.9448553e-01  -1.8617448e-02   0.0000000e+00  -3.4870092e-01  -1.5676705e-01   2.2511984e-01  -1.8255044e-01   1.4266935e-01   9.9633781e-02   9.6577898e-02  -1.0128123e-01  -3.4860557e-02   2.8420386e-01  -4.8662011e-03   6.0611416e-02  -1.8382484e-01   7.2833476e-02  -2.0970116e-01  -5.5262485e-02  -1.1884086e-01   5.6421285e-01   4.5447718e-02   1.5949093e-01   1.6740816e-02  -1.8408582e-01   9.3514694e-02   9.9202663e-03  -1.5322934e-01   2.7291655e-02  -1.9209738e-01  -2.5876100e-01  -1.1179260e-01   3.8879179e-02  -1.5821046e-02  -2.6761866e-01   1.9653640e-01   1.5687369e-01  -1.2516677e-01   2.8188868e-02  -2.7228715e-02  -2.3398457e-02   1.1455993e-01   8.7926869e-02  -1.4508954e-01   2.0291593e-01   2.4504575e-01  -1.4643089e-01   3.1314495e-01   1.4456052e-01   9.1035479e-02   7.0360684e-01   3.7268356e-01   3.5051002e-02   6.7816415e-02   4.8951963e-02   2.7459529e-01  -2.6774236e-01  -1.6544044e-01   1.8679709e-01  -9.3860575e-02  -1.1284275e-01   8.0173713e-02   3.1224122e-01  -3.4513727e-02   3.6690807e-01   2.2455553e-01   9.4901750e-02   2.1683340e-01   4.2503393e-02   2.8579328e-02   7.6897592e-02  -5.1062976e-02  -1.6575102e-01   2.0663060e-02   2.0217324e-02   3.8301053e-01   1.1450836e-01   1.4067891e-01   1.1636513e-01   9.4764896e-02   1.6095639e-01  -4.2064730e-03   3.4101352e-01  -2.7205971e-01   3.6484739e-01   6.9627314e-03  -2.3274404e-01   2.5888816e-01   1.0324207e-01   2.9171300e-01   1.0440597e-01  -7.1749471e-02  -1.0338166e-01  -2.1241544e-03   5.9521077e-01   1.5636431e-01   2.5822731e-01   1.9978594e-01   1.1839759e-01   1.6753848e-02  -1.2207416e-01  -1.9564360e-01   3.4183322e-01  -2.3773545e-03   6.6686621e-02  -1.7788145e-01   1.3444108e-01  -9.0650747e-02  -2.1406057e-01  -3.9103948e-01   2.1617894e-01   2.7892449e-01  -1.7769100e-01   2.2861417e-02   4.4549660e-01   1.5282907e-01   1.4050958e-01   2.8799745e-01  -6.5764369e-02   1.5489368e-01  -3.5994972e-01  -2.3837107e-01   2.2919096e-02   2.9374697e-01   8.5743617e-03   1.2915479e-01   1.0274561e-01   9.4219520e-02  -2.6285579e-01   1.0052266e-01   1.1891135e-01  -2.5784542e-02  -2.0348801e-01   1.7055027e-01  -2.4321343e-01   3.2483972e-01   1.0404135e-01   8.6085188e-02  -7.6183259e-02  -3.0565012e-01  -9.5866402e-02   1.5741004e-01   1.1000788e-01   4.1148878e-01   2.2604389e-01  -1.4329955e-01  -5.1216254e-03   2.2494408e-01   3.5760017e-02   3.7582466e-01   2.2748702e-01   2.4793365e-01   1.7999996e-01  -4.3199439e-01   1.7464208e-02   3.6406036e-01   1.1261639e-01   8.5191249e-02   8.5355384e-02   4.9585778e-01  -1.0919461e-01   8.4445536e-02  -1.6272972e-01  -9.1145303e-02  -1.9301491e-01   3.8244472e-02   1.1368032e-01   2.5759885e-01
  -3.3830992e-01  -4.0269720e-01   1.6977691e-02   8.7396118e-02   3.1520936e-01  -1.6976895e-01   1.0910923e-02  -5.8927564e-01  -7.8355625e-02   1.6739638e-01  -3.7439174e-02  -3.4870092e-01   0.0000000e+00   9.6198326e-02  -2.0304298e-01   2.5962001e-01  -7.8167723e-02  -8.0141657e-02  -9.5228900e-02   4.3598567e-01  -5.3887764e-02  -3.9903664e-01   8.9347758e-02  -2.2693051e-01   3.2691559e-01  -5.5107338e-01   3.5872464e-01  -5.5978944e-03   1.3318584e-01  -4.9943795e-01  -2.1827274e-01  -4.2827830e-01   2.1135945e-01  -7.6651701e-03   2.5292598e-01   2.2557933e-01  -2.5049362e-02  -3.0804364e-01   3.6141431e-01   2.6887955e-01   6.1776423e-01   2.2574052e-02   1.5360124e-01   3.1522834e-01  -2.8836127e-01  -4.8306491e-01   1.3681132e-01  -2.0000791e-01  -1.4354552e-01   1.6693904e-01  -3.3971037e-02  -4.1734723e-01   7.0981075e-02   7.0616537e-02  -1.3096333e-01   2.2266493e-01  -2.0164718e-01  -4.8474345e-01  -4.9494922e-02  -2.9521422e-01  -5.8739101e-01   1.2602462e-02   9.0062009e-02  -3.0989000e-01  -3.9887907e-01   4.8165560e-01   4.0588403e-02   5.1160909e-03  -7.0079898e-02  -4.1961217e-01   9.3609436e-02  -3.5982909e-01   3.2622685e-01  -3.8662683e-01  -3.4970554e-01  -3.4946971e-01  -5.8667950e-01  -3.0339141e-01   1.6505660e-01   3.6292382e-03  -2.5060848e-02   4.1255868e-01   3.9085599e-02  -5.3226514e-01  -1.4665664e-01  -5.3190344e-01  -1.2736619e-01   1.2507957e-01  -2.3098035e-01  -3.4041289e-01   1.7979089e-01  -4.3471883e-01   1.7174845e-01   4.7871812e-02  -3.1917857e-01   3.4247096e-01  -5.9221454e-02  -5.6995456e-01  -5.6524748e-02  -2.5046472e-01  -5.0702653e-02  -1.2387525e-01  -6.8817233e-03  -4.5593415e-01  -4.3223988e-01  -1.9416993e-01   1.4912971e-01  -4.4311438e-01  -6.1435732e-02   2.0306086e-01   3.9461331e-01  -3.1659272e-01   1.9524203e-01  -3.2789402e-01   2.6244635e-01  -5.0556347e-02  -3.1702498e-01   5.8980930e-01   3.3681501e-01  -1.8536487e-01  -3.6652283e-01   3.0388749e-01  -2.0014779e-01  -3.1136928e-01  -4.1658152e-01   1.9226898e-01  -6.1828838e-02  -3.8218263e-02  -2.1991131e-01   4.8949127e-02   3.5877901e-01   1.6227283e-02  -4.5801873e-01  -6.3394431e-02  -1.1154336e-01  -4.2362408e-01   1.2579051e-01   7.8588817e-02  -5.4829980e-01  -2.9541912e-01  -2.0026503e-01   5.6798582e-01  -9.4848348e-02   4.8389758e-01   5.2310234e-02  -1.6257413e-01   1.9700434e-01   9.6457256e-02   3.2992643e-01  -3.7393476e-02  -2.6902484e-01  -3.3205253e-01  -2.3755041e-01  -2.5203351e-01   3.8784116e-01  -1.9052252e-01  -3.5610029e-01   1.5684297e-01  -3.0036355e-01  -2.1912006e-01  -3.4832687e-01  -2.7486382e-01   4.6406064e-01  -9.9567311e-02  -4.4203755e-01  -2.9073011e-01  -9.1178199e-02  -4.0061989e-01  -3.3999652e-01   2.3256411e-01   1.9670569e-01  -1.1676757e-03   7.5951761e-02   3.2324587e-01   1.9544307e-02   2.0533227e-01  -2.8080143e-01
  -2.2838508e-02  -3.0418538e-01  -2.4665090e-02  -1.7074965e-01  -1.9550108e-01  -1.0339822e-01  -7.8230011e-02  -1.4566093e-01  -6.2049674e-02   3.3011734e-01  -3.0770210e-01  -1.5676705e-01   9.6198326e-02   0.0000000e+00   5.2812957e-01  -1.1612364e-01   1.4452715e-02  -2.3975543e-01  -2.4787803e-02  -6.9676845e-02   1.0479880e-01  -1.0017568e-01   7.1667276e-01  -5.7823465e-02   1.5683560e-01  -5.8728933e-02  -9.4349857e-02   5.8447527e-01  -1.2428070e-01  -1.0236087e-01  -1.4085177e-03  -2.4252143e-01   1.1797556e-01   9.8323295e-03   2.3879919e-01  -2.2410298e-01  -2.8240379e-02   6.9025214e-02  -1.1043641e-01   8.5629408e-02  -8.1353312e-02  -2.0343044e-02   9.1823402e-02   4.9361577e-02  -1.1453332e-01  -1.2326008e-01  -3.5102872e-01   2.9874705e-01   2.7041433e-01   1.2118094e-01  -1.2472186e-01  -9.0999182e-02  -1.4362280e-01   5.5930076e-02   3.8234153e-01   3.6278862e-01   2.1555874e-02  -1.5752523e-01  -2.4214350e-01  -3.0193738e-01  -1.1580926e-01  -7.9146671e-02  -2.6555706e-01  -4.7659536e-01  -3.1427573e-01   2.2265094e-03   9.8607733e-02  -2.4179434e-01  -3.9823132e-01  -5.7800333e-02  -1.7920733e-02  -4.2384327e-01  -6.3525294e-02   6.1031329e-02  -1.3423047e-02  -1.6456862e-01  -1.2192513e-01  -1.0390305e-01  -2.3852095e-01  -7.4969898e-02   4.6035258e-01  -1.0030468e-01  -6.6843404e-02  -1.9888853e-01   2.5527400e-01  -2.2264350e-01   1.8914838e-01   1.5724302e-01  -2.2876867e-01  -3.2933292e-02  -3.0743596e-02  -2.1726110e-01  -2.2592586e-01  -1.3657849e-01   8.2328870e-02   3.8144613e-02  -1.5079436e-01  -2.3982429e-01  -4.1719888e-01   2.6352617e-01   3.9683047e-01   1.1228592e-01   1.7329925e-01  -2.7750864e-01  -3.4596585e-01  -5.6912241e-02   6.6090611e-02  -2.5271626e-01   6.3250780e-01  -1.2014329e-01   6.7339141e-02   1.6428597e-01  -7.1286630e-02   2.5199231e-02   4.2201279e-01  -3.1466747e-01   1.8253639e-02   3.4003082e-02   3.6478150e-01  -3.5292672e-02  -2.9471869e-01  -1.0401513e-01  -2.0519818e-01  -2.2105984e-01  -1.2152054e-01   6.7211652e-01  -2.1306632e-01  -4.7219653e-02  -2.3725174e-01   1.4285251e-02   1.4250548e-04  -2.7185090e-01   1.4270721e-01   2.3254573e-01  -1.8914968e-01  -2.0114987e-01  -9.0687962e-02   1.9852051e-01  -1.2910070e-01   1.3199265e-02  -6.4577585e-02   1.3472633e-01  -4.3322706e-01   3.2242537e-01   1.3304902e-01  -1.1439952e-01   2.7813779e-03  -3.3547258e-01  -2.0075636e-01   4.9289464e-02   3.6573230e-01   1.5197600e-03  -3.2734157e-01  -3.7295614e-01   1.3326312e-02   2.2036982e-02  -1.7062614e-02  -1.4298188e-01  -1.2851166e-01   3.4896170e-01  -2.3524777e-01  -5.3139272e-01   4.9707770e-02  -3.3965887e-01  -2.7748818e-01  -1.3815219e-01   1.7365571e-01   5.7594820e-02  -2.6429805e-01  -1.3278397e-01  -7.1779891e-02   1.7923859e-01  -3.3795259e-01   2.5799726e-01   2.3083934e-01   4.6536687e-02  -3.6870551e-01
