   0.0000000e+00  -1.6179353e-01  -1.3883815e-01  -2.9591799e-01  -3.2694803e-01  -2.1325039e-02   2.9338622e-01   2.8298006e-01   3.4233036e-01  -5.8947682e-01   1.0609106e-01  -1.0597875e-02   4.4058069e-02   4.6094909e-01   7.3061722e-02  -2.8792587e-01  -2.8614077e-01  -3.4007850e-02  -1.2786310e-01   1.8076581e-02   1.4506540e-01   1.3491152e-01   3.2827898e-01   2.7101268e-01   1.5524028e-01   3.8536569e-01  -1.7448681e-01  -8.8084465e-04  -1.9451434e-01   1.2761414e-01  -6.4897263e-02  -3.7604120e-01  -6.8880648e-02   1.3263667e-01  -9.7571649e-02   1.4150098e-01   2.4564610e-01  -2.6786726e-01  -2.9214896e-01  -2.2798150e-01  -2.8850592e-01  -2.4002892e-01  -1.7632272e-01   1.3119113e-01  -1.3921830e-01   3.3604988e-01   1.6470118e-01  -2.5602450e-01  -1.6992799e-01  -2.4953350e-01  -1.1668617e-01   4.5409151e-01   1.4556015e-01  -4.8536701e-01   6.0457175e-01   4.9263992e-01  -1.7829207e-01  -7.7507753e-02   5.2081350e-02   2.2611404e-01   6.7025903e-02   7.2419631e-02   1.8063289e-01   2.1829991e-02  -2.9655473e-01   1.7672985e-01  -1.6767911e-01   1.3681224e-01   2.5017372e-01   9.9478195e-02  -5.0834728e-01  -6.7557572e-02  -1.9459875e-02   1.8102853e-02   3.4188343e-01  -3.2359523e-02  -5.3957720e-02   9.8785585e-02  -1.0915639e-01   3.5319335e-01   2.2132451e-02   1.0484499e-01   6.1009682e-03  -6.9556184e-02   1.4210629e-01   7.0211128e-04  -3.4360122e-01  -1.2682512e-01   2.3419649e-02   7.4624517e-02  -1.6817231e-01  -3.6695356e-01   3.1706890e-01  -1.5847365e-01  -5.5228025e-01  -1.9738607e-01   1.3442122e-01  -1.2193319e-01   1.5531711e-01   1.4504563e-01  -2.8747387e-01   3.2327136e-01   9.1872716e-02   6.4653956e-01  -1.3330453e-01   2.6865901e-02  -2.3330233e-01   8.2307893e-02   2.0173720e-01   2.6794032e-01   2.4653212e-01  -2.3069572e-01   6.2596580e-03   3.3895415e-01   1.2864257e-01  -1.4329969e-01   4.6663241e-01  -9.7136220e-02  -1.7676420e-01  -1.6579621e-01   1.7084952e-01  -3.6617054e-01  -6.0279104e-02  -3.7379052e-01   1.6458025e-01  -1.6359543e-02   9.9790081e-03  -6.0804710e-01   8.0627336e-02  -1.6574669e-01  -2.4964583e-01  -7.0610362e-02   1.2515085e-01  -1.7745344e-03  -3.1209625e-01   5.7777835e-02   1.5598045e-01  -3.1668430e-01  -1.4855220e-01  -3.2957462e-01   4.4928297e-01  -3.3334060e-01   1.8925302e-01   3.0840988e-02   1.4353667e-01  -1.1552437e-01  -1.8752432e-01  -2.1396577e-01   1.6874465e-01  -2.6162479e-01   6.3321998e-02  -1.2328599e-01   1.0364736e-01  -2.3851970e-02  -2.7441406e-01  -3.6917402e-01   2.6444178e-01  -1.9313354e-01  -9.7906662e-02   2.3584280e-01  -1.5386471e-02  -1.4381848e-01  -2.5477898e-01  -9.7329163e-02  -2.2427362e-01  -8.4620307e-02   2.9776096e-01  -6.4391004e-02   3.2176344e-01   1.0591784e-01   9.5845592e-02  -4.0460057e-01   2.9010383e-02  -3.7481140e-02  -8.3544489e-02   1.3599683e-02   1.2104715e-02
  -1.6179353e-01   0.0000000e+00   6.0784064e-01  -1.8573504e-01   1.4177957e-01   7.2218399e-02   3.0079519e-02   2.7501304e-02  -1.3422339e-02   1.8066453e-01  -4.5068539e-02   7.7247121e-01  -4.4197203e-01  -4.1729198e-01  -9.9983967e-02   1.0502468e-01   6.6798108e-01  -2.4324759e-02   1.1536066e-01   1.4358574e-01  -5.0741295e-01   1.4913416e-02  -3.4764928e-01  -2.6249202e-01   1.9722669e-01   3.6134839e-02  -1.2214398e-01   1.7526099e-01   3.8475734e-01   2.5527953e-01   3.4960163e-02   7.3224493e-02  -2.6447201e-01   8.1098488e-02   3.0747001e-01   4.0114588e-02  -3.6095602e-01   2.4863044e-02   1.1300011e-01   2.3049146e-01  -1.8918362e-01  -2.3712135e-01   9.3224770e-02  -4.5411650e-02   1.6701784e-02  -8.3585817e-02  -2.3887222e-01   1.8137075e-01  -3.2450672e-01   5.5850109e-01  -4.5446629e-02   1.5738086e-03  -7.5032864e-02  -2.2497102e-02  -1.8699192e-01  -6.0922207e-02   1.7042262e-01   1.6380014e-01  -3.2869465e-02   4.6370286e-01  -7.5361788e-04  -2.6641918e-01   1.1025216e-01   2.7223039e-01   1.5875210e-01   3.9752779e-01   3.1293972e-01  -2.1809745e-02  -1.7055858e-01   1.9182833e-01   5.3428673e-01  -2.3903328e-01   8.2305609e-02   3.0888055e-01   2.1793631e-01   1.9373339e-01   6.7940311e-02   7.3231868e-02   3.7211366e-01  -3.1664419e-02  -2.7497210e-02   5.4033164e-02   8.8308731e-02   2.1432789e-01   3.1541505e-01   1.6088784e-01   7.3661806e-02  -3.0062573e-01   1.2200667e-01   2.8453216e-02  -3.0333004e-02   4.4796087e-02  -2.5818220e-01   2.3212533e-01  -5.3058345e-03  -2.8870195e-02   4.2301709e-02  -1.8347541e-02  -6.7647641e-03  -9.4940457e-02   2.1623937e-01   9.9215912e-02  -8.0259266e-02   1.6303401e-01  -1.1624678e-01   1.2499686e-01  -1.9189970e-01  -1.5073304e-02  -2.0805660e-01  -1.4386575e-01   1.3800818e-01   3.1694037e-02  -2.0421304e-01  -9.3995195e-02  -4.2319666e-02   2.9918235e-01  -2.5590224e-01  -1.2919947e-01   1.5302114e-02  -1.8955769e-01  -1.5458287e-01   2.7251761e-01   3.2591019e-01   2.8340272e-01   2.9451196e-01   5.7077364e-02  -1.2793677e-01   4.7953550e-02  -1.8933436e-02   2.7145524e-01   2.0069358e-02   1.4611186e-01   3.4736945e-01  -7.7860689e-02   1.2979971e-01   2.4388762e-01   1.3369607e-01   1.7526819e-01   2.5864436e-01  -1.4219719e-01  -1.9658867e-01  -1.4605860e-01  -6.4230091e-02   3.3353919e-02   2.1201918e-01   7.5909991e-02   3.9467587e-01   2.0594841e-01  -7.3248960e-02   1.8208095e-01   3.1683527e-01   1.5284725e-01  -2.0862409e-01   2.5004254e-01   6.3108513e-01  -2.1591429e-01  -4.2094667e-01  -5.6838439e-02  -9.8366195e-02  -2.7299495e-01  -6.0981978e-02   1.1057763e-01   1.1138354e-01   4.3952684e-02   2.0329656e-01   5.2475459e-01  -2.3690668e-01   1.9926364e-01  -7.7085100e-02   2.4398687e-01   3.4238647e-01  -1.9073500e-01  -1.7429346e-01   1.4170938e-01   3.2525318e-01  -1.7476766e-01   2.9183249e-01
  -1.3883815e-01   6.0784064e-01   0.0000000e+00  -1.6702669e-01   9.6225422e-02   2.8342551e-01  -2.7202982e-02  -3.2414487e-02  -1.4638095e-01   9.1868177e-02  -1.2740291e-01   6.4653831e-01  -3.0006003e-01  -3.8208159e-01  -8.8613743e-02   8.9253091e-02   8.6832773e-01  -1.3916813e-01   3.8140450e-01   1.3661555e-01  -4.1450286e-01   1.6733848e-01  -5.5647403e-02  -2.2633494e-02  -1.4028871e-02  -5.1282123e-02   1.3925813e-01   3.1736141e-01   9.5175793e-02   1.0495499e-01   1.3742270e-01   7.6533867e-03  -3.1589194e-01  -1.6946315e-01   5.4647255e-02   4.9920966e-02  -3.7125113e-01  -5.7332849e-02   1.1095122e-01   4.7525078e-01  -8.8005820e-02  -2.1175528e-01   1.0379345e-02  -9.1170702e-03  -1.4940540e-01   2.0869181e-01  -5.2899454e-02  -4.9095267e-02  -4.0208511e-01   6.2001341e-01  -1.1782078e-01  -2.1758765e-01  -2.2529378e-01  -3.2595321e-04  -3.7158546e-01  -8.0427806e-02   3.5566387e-01   1.6987806e-01  -1.6300557e-01   5.1274067e-01   2.9445756e-01  -3.3780917e-01   1.0225785e-01   6.5172807e-02  -3.6149982e-01   2.2265922e-01   3.1735007e-01  -6.8680577e-02   6.1433285e-03   6.5228502e-01   3.3341280e-01  -2.7877075e-01   3.6616799e-02   4.6770063e-01  -1.1093726e-01   2.5208432e-01   3.5646592e-01   1.2756001e-01   2.6629586e-02  -2.0784962e-01   3.9186648e-02  -3.7390844e-04   7.7559856e-02   3.2906639e-01   4.1368099e-01   1.4787913e-01   3.0932766e-02  -1.4793163e-01   2.7838863e-01   2.9568711e-01  -1.1864635e-01   2.9503166e-01  -2.0122433e-01   1.8541562e-01  -2.0382876e-02  -1.8871723e-02   4.4418611e-02   1.5927117e-01  -1.5312943e-01  -1.6977796e-01   3.7590687e-01  -1.0672853e-01  -2.0812188e-02   1.9883197e-02  -1.8774767e-01   9.2058935e-02  -8.1588727e-02   5.8388499e-02  -3.1609908e-01  -7.7237492e-02  -2.5339646e-02   1.8283465e-01  -1.5136743e-01   1.1613239e-01   1.4633982e-01  -1.6440609e-01  -3.6869157e-01   6.5641933e-05   4.7790862e-01  -2.2394005e-01   1.0233485e-01   3.7962805e-01   2.5229865e-01  -6.0839968e-02   4.9385463e-01   3.2011743e-01  -2.5928928e-01   1.7243096e-01  -3.7179429e-02   5.5912268e-01  -9.8101884e-03  -1.8878847e-01   2.0120876e-01   2.3610908e-01  -6.5136999e-02   1.7920481e-01   1.4669964e-01   4.6766544e-01   1.9220392e-01   3.7565022e-02   8.2567593e-03  -7.4461553e-02   5.4219508e-02   3.6087930e-01   1.9923767e-01   2.0029178e-01   4.6663449e-01   2.3415989e-01  -8.7037000e-02  -2.7952519e-01   3.8990587e-01   1.7608823e-01  -3.5455247e-03  -1.0737742e-01   7.9529211e-01   4.6200663e-03  -5.5772076e-02  -1.5763104e-01   1.2141515e-01  -1.2279355e-01  -9.1196575e-02   5.1709220e-03  -4.1140716e-02  -2.0404809e-02   3.0134417e-01   3.0850908e-01  -2.0585544e-01   4.0432358e-01   4.3731307e-02   1.3575570e-01   5.6977944e-02   1.4262077e-01  -2.5543759e-01   5.2724820e-01   1.7334659e-01  -1.1587043e-01   2.6971121e-01
  -2.9591799e-01  -1.8573504e-01  -1.6702669e-01   0.0000000e+00   3.2852109e-01   2.3936721e-02  -1.9576713e-02  -2.5519116e-01   1.0190711e-01   2.0688262e-01   7.1264272e-02  -8.2429095e-02   2.7342736e-02  -3.6190353e-01   4.4580776e-02   6.3448750e-01  -1.5109172e-01   6.4309660e-01   8.9587840e-02   2.9897531e-01   4.6302733e-01   2.7331436e-01   1.5680220e-01  -2.9003015e-01   2.0931798e-02  -4.3554153e-01   1.3287344e-01  -1.6383805e-01  -1.8269316e-01   2.3759600e-01  -1.3601006e-01   6.5065153e-01   1.8487787e-01  -4.1926135e-02  -2.7264419e-02   2.8116445e-01   2.2706899e-01   4.8897786e-01   6.3196791e-01  -2.2912209e-01   4.2056693e-01   1.7810695e-01   2.2604658e-02  -1.3330506e-01  -1.1634704e-01  -6.5394086e-02   1.4804641e-01  -7.6835834e-04  -4.1248058e-02  -2.3256954e-01   5.7329473e-01  -2.5120397e-01  -5.6865956e-02   2.6887431e-02  -5.1271880e-01  -3.4448492e-01   6.2924084e-02   2.3130945e-01   5.0607214e-01   8.2847014e-02   1.2668089e-01  -1.5118772e-01   6.1060774e-02  -3.4620658e-01   9.2562260e-02  -2.9336872e-03  -1.6839501e-01  -2.2283787e-01   1.5084086e-01  -2.4284212e-01  -2.0085694e-01   2.3712717e-01   4.7051389e-01  -1.0995275e-01  -2.4216814e-01  -5.1331867e-02   2.0393828e-01  -2.4390209e-01  -3.6938137e-03  -1.5291058e-01  -3.7488848e-01   3.1332495e-01  -1.5374491e-01  -2.5084484e-01  -1.9010765e-02  -7.5027162e-03   2.3428655e-03  -1.1854527e-01  -4.8295104e-03   1.8316078e-01  -1.6596160e-01   5.6746706e-01  -6.0442831e-02   2.3374236e-01   3.8299011e-01   1.4204670e-01  -2.1767212e-01   5.4339451e-02  -1.4407224e-01  -1.5342842e-01  -1.1538934e-01  -1.0371274e-01  -1.3351288e-01  -1.1262698e-02   5.7845130e-01   3.2224769e-01   8.4310322e-02  -8.9094059e-02  -9.9803427e-02   1.8057441e-01  -1.2649422e-01   2.3525385e-01   1.0549546e-01   1.9111193e-01  -2.5532210e-01  -2.3218069e-01  -3.1486711e-01   4.7230241e-01   5.4060041e-02   5.0101174e-01   2.4536670e-01   5.9039136e-02  -9.9837107e-02   8.8067420e-02  -1.3731239e-01   2.3525965e-01   1.7943027e-01   2.7681976e-01   4.8708313e-01  -2.9016226e-01   6.4357920e-01  -3.6880319e-01  -8.4145943e-02   4.4999283e-02   1.2600649e-01  -9.2099684e-02  -1.8846813e-01   6.2273549e-03  -2.4939645e-01   7.4577802e-02  -1.8114551e-02   3.3072823e-01  -1.6143709e-01  -2.6152010e-01   1.7546570e-01   4.3611081e-01  -1.7756474e-01   1.6441153e-01   2.1491056e-01  -7.3197559e-02  -2.5167273e-01   6.1107271e-02   2.2650004e-01  -1.3142928e-01  -1.9380789e-01   3.0258889e-01   2.0356641e-01   4.8987194e-01   2.3495217e-01  -3.3654581e-02  -9.8878907e-02  -1.6182015e-01   1.0194561e-01   5.9151215e-01   3.2744254e-01   4.1017754e-02   3.6434198e-02  -9.2358986e-02   6.8022026e-02  -5.5931816e-02  -1.1446746e-01   1.8082706e-01   7.9591776e-02  -9.3682993e-02   3.0060554e-01  -1.7342766e-01   3.4593568e-01
  -3.2694803e-01   1.4177957e-01   9.6225422e-02   3.2852109e-01   0.0000000e+00  -1.0375994e-01  -1.7725152e-01  -1.5420345e-01  -2.0193851e-01   2.7310193e-01   1.4074637e-01   2.2496904e-01   1.8518617e-02  -2.8975167e-01   1.1206222e-02   5.7412182e-01   6.2632868e-02   2.7584460e-01  -8.0856123e-02   3.2040083e-01  -3.7918547e-02   1.4832845e-01  -1.2586494e-01  -2.0301494e-01  -5.0328585e-02  -4.7235885e-01   1.0800091e-01  -5.4091173e-02   2.4782653e-01  -1.1178647e-01  -7.4261533e-02   4.0299811e-01  -6.0047444e-02  -1.5599429e-03   2.3575034e-02   2.2327073e-01  -6.1933145e-02   4.5724167e-01   4.4158352e-01   1.1464208e-01   2.3596984e-02   2.9754061e-02  -8.5485436e-02  -1.2136735e-01  -9.2347475e-02  -4.7541937e-02  -2.4161329e-02   1.5936141e-02  -2.0231102e-01   9.8988721e-02   2.9745575e-01  -2.7165569e-01  -1.1460329e-01   5.4426527e-02  -3.0690267e-01  -3.3964293e-01  -8.8027351e-02   2.3668491e-01   6.0769512e-02   1.7105895e-01   3.6323391e-01  -2.9112421e-01  -2.5078545e-01   1.8902889e-01  -5.6542050e-02   2.3360605e-01  -6.9670128e-03  -1.4391402e-01  -2.4464551e-02  -5.1279964e-02   1.8480792e-01  -2.6907690e-02   3.0694467e-01  -1.0997722e-01  -4.3402505e-01  -5.1814604e-02   3.5713899e-01  -3.2577190e-01   1.9027916e-01  -3.3344684e-01  -1.9919914e-01   1.4001567e-01  -3.6333791e-02  -2.4320187e-01  -3.4388273e-02   1.1810557e-01   1.8626198e-01  -1.7309536e-01  -2.0158333e-01   6.2988684e-02   3.8144813e-02   4.9137116e-01  -1.2631593e-01   8.9230989e-02   5.9003979e-01   1.3657732e-01  -1.7949543e-01  -2.2576016e-01  -1.8728960e-01  -2.1524277e-01  -2.5325775e-02   2.5216181e-02  -1.5195981e-01   3.3219797e-03   2.9180119e-01  -9.0321617e-02  -3.9368493e-03  -2.4561699e-01  -2.0406726e-01  -1.1146077e-01  -9.6989321e-02   3.4749428e-02  -2.2768472e-01  -1.4520912e-01  -2.3602836e-01  -1.6747989e-02  -3.6558003e-01   4.8508556e-01   9.5065432e-02  -1.2644686e-01   1.1064034e-01   1.5635429e-01   5.0569960e-02   1.7856581e-01  -1.9594071e-02   1.1501352e-01   2.5907754e-01   2.3160294e-01   1.8373730e-01   6.6484125e-02   5.8791309e-01  -2.8247532e-02  -1.1636571e-01  -4.2385203e-02  -1.9434220e-02   1.8795304e-02  -1.2101535e-01   2.3794152e-01  -1.3916645e-02   6.3763490e-02  -1.2265829e-01   2.7123253e-01  -3.7164276e-01  -2.0459827e-01   1.3760657e-01   6.2962334e-02   4.5417609e-02   2.2871716e-01   1.6183995e-02   3.9284049e-02  -1.6919740e-01   1.1801968e-01  -5.9030055e-02  -1.3204587e-01   1.6127981e-01   2.4907464e-01  -2.1809901e-02   2.8274497e-01   1.9139732e-01  -1.9716328e-01  -9.8739060e-02  -2.1389249e-02   2.8700520e-01   2.0094366e-01   2.1682329e-01   2.5844593e-01  -8.0767419e-02  -4.1091396e-02  -1.2387223e-01   2.5787743e-03  -1.1516554e-01   1.7905455e-01  -1.2504021e-01  -5.4491906e-02   6.6973662e-02  -1.7916780e-01   2.2146350e-01
  -2.1325039e-02   7.2218399e-02   2.8342551e-01   2.3936721e-02  -1.0375994e-01   0.0000000e+00   2.8933172e-01   2.0658240e-01   1.1341728e-01  -1.6384126e-01   3.9813393e-01   1.2910730e-01   9.8915882e-03  -2.2451053e-01  -5.1450342e-02  -1.1955207e-01   2.3438708e-01   1.9501091e-01   3.7008111e-01   1.3181476e-01   7.3490887e-02  -3.2471644e-02   7.6443706e-02  -1.0128005e-01   1.3480942e-01   3.1006604e-01   1.2793086e-01   2.2908209e-01  -1.5424495e-01   1.0785521e-01  -2.3181111e-01  -8.0455456e-02   1.0953345e-01  -1.4165448e-01  -2.5981640e-01   1.3454224e-01  -2.8578460e-02  -3.1585629e-01  -1.5232602e-01  -5.0518193e-02   5.2753509e-02   4.7546756e-02   8.0216836e-03   2.4580812e-01   1.8517660e-01   2.5052086e-01   5.3171951e-02   3.7656975e-02  -2.9262856e-02   2.4765320e-02   2.0829007e-01   1.5759804e-01   8.9093311e-02   1.1767960e-01  -1.9393426e-01   3.2314404e-01   5.2648227e-01   2.8760903e-02   2.2864935e-01   1.7488977e-01   1.0382076e-01   1.5705613e-01   7.6807306e-02   2.9945585e-02  -9.5788995e-02  -6.1772231e-02   5.9709987e-01   2.7634323e-01   1.6592312e-01   3.5086244e-01  -3.8458377e-02   2.1635880e-01   7.9347479e-02   1.0759372e-01   1.0663725e-01  -7.8810347e-02   4.5263809e-03   2.4390628e-01   1.5226777e-01   1.8656742e-01   1.7931576e-01  -7.8386716e-02   4.1355474e-01   4.2644589e-01   2.0205335e-01  -2.3768726e-01  -2.4552195e-01   3.3101578e-02   2.6859447e-01  -5.8658611e-02   4.4991554e-02  -3.5240188e-03   1.0026110e-01  -4.3073723e-03  -2.2552783e-01   7.6557420e-02   3.7640995e-01   3.2703749e-01   2.2239107e-01   1.2157955e-02   2.2225481e-01  -1.5087043e-01  -1.6219520e-01  -2.1425468e-01  -1.5553200e-02   6.9121233e-02   8.6543763e-02   5.2357372e-01  -3.9725735e-03   1.8982129e-01   7.4305644e-02   2.5825707e-01   2.0932499e-01   1.6275117e-01   4.6798359e-01   6.3069936e-02  -1.6702114e-01   5.2519641e-02   4.1652362e-01   1.1512131e-01  -3.3734590e-03   7.4970970e-02   5.1325564e-02  -2.2908349e-01   1.3741354e-01   1.7680160e-01   6.7324169e-02  -4.1778031e-02  -1.1058897e-01   3.0235753e-01  -2.1235630e-01   8.6317087e-02  -9.7502268e-02   6.4003141e-02  -1.9927370e-02  -1.5128899e-03   3.9133739e-01   2.7906716e-01  -1.5779008e-01  -1.2175247e-01   6.8053932e-02  -1.6370203e-01   3.4059165e-01   5.6420949e-01  -1.3115700e-02   7.0150953e-04   4.4133609e-02  -4.6098052e-02   9.7668030e-02  -2.2462774e-01   2.2311520e-01   2.2386354e-01   1.8293660e-01   2.3802225e-01   3.7051370e-01  -2.1614379e-01   1.2682994e-01   1.9822616e-01   1.0374505e-01   9.1575613e-02   3.2600211e-01  -6.8184723e-02  -8.0956479e-02   1.5850502e-01   1.9867209e-02   1.6479208e-01   1.9188044e-01   5.2835336e-01   8.0142897e-02   3.6085228e-01  -1.2965054e-01  -1.9394541e-01   2.9261430e-01   4.5305657e-01   2.6031586e-01   3.8351401e-01   2.2661555e-02
   2.9338622e-01   3.0079519e-02  -2.7202982e-02  -1.9576713e-02  -1.7725152e-01   2.8933172e-01   0.0000000e+00  -7.1466628e-02  -1.0467975e-01  -2.5881593e-01   2.6458695e-01   3.2099610e-01  -1.7005518e-01  -1.8286213e-01   2.1096076e-02  -2.4754636e-01  -2.4886543e-01   1.4237176e-01   2.0921751e-02   2.3650701e-01   2.4543513e-01   1.0317594e-01   4.0580213e-01  -1.6204896e-01   4.1236904e-02   1.6911688e-01   2.2282815e-01   6.6881521e-02  -3.2379443e-01   1.4420277e-01  -1.8046704e-01  -3.2498712e-01  -4.6427949e-02   4.5533689e-01   8.9141510e-02   2.7643494e-01   4.9727790e-01  -1.9817815e-01  -1.8152475e-01   5.9174975e-02  -2.2152060e-01  -1.9925988e-01  -3.5222390e-02  -1.4749390e-01   3.4432819e-02   1.4049132e-01   2.3825211e-01   4.3681769e-01  -6.4225321e-02  -4.3755422e-01   1.6896901e-01   2.5658657e-02   4.6601446e-01  -2.8719083e-01  -3.4786417e-02   2.9456163e-01  -8.6964053e-03  -6.0965167e-02   3.9630520e-02   4.6279423e-01  -1.7262823e-01   9.1733602e-02   2.3807411e-01   1.6487778e-02  -2.2970619e-01   2.2569288e-01   2.3082285e-01   1.6296576e-01   3.0881155e-01   3.5468894e-01  -1.4639332e-01   2.0211226e-01  -3.8264760e-02  -2.6128679e-01   9.4348520e-02  -1.2329440e-01  -1.5723680e-01   1.8075616e-02  -8.5903950e-02   1.4964437e-01  -1.1388141e-01  -5.5872082e-02   7.1008022e-02   1.1880346e-01   5.8244667e-01  -1.3839418e-01  -3.3417430e-01  -4.7476456e-01   1.0869517e-01  -1.9469730e-01  -1.2540870e-01  -4.4456700e-01   6.4900738e-01  -4.7027630e-02  -4.1263635e-01   5.8688539e-02  -2.6252607e-02  -1.6869407e-01   4.6326536e-02   3.6794883e-01   1.9089363e-01   3.1264060e-01   1.0506900e-01   2.7997208e-01   2.1592683e-01  -8.5382902e-02  -2.5246896e-01  -4.2928447e-02   5.2850995e-01   4.6389529e-01   5.0555997e-01   1.4470028e-01   9.7489356e-02   1.1806481e-01   4.7596833e-01  -2.1953691e-01  -1.7970444e-01  -1.0873638e-01   1.3140287e-01   1.0207448e-02  -1.2122784e-01  -2.1423331e-01  -3.7943780e-01  -4.2118061e-01  -8.4397666e-02   1.1064565e-01   2.5946407e-01  -4.6892479e-01   2.2251806e-01   9.9144205e-02  -1.7403671e-01   1.9032336e-01  -3.4582626e-01   2.4078476e-01  -7.8701881e-03  -8.4480681e-02   1.9029343e-02  -1.2632346e-01  -3.1958844e-01  -4.9140490e-01  -2.1676893e-02  -4.3492315e-01   1.4722612e-01   2.5367836e-01   1.2557731e-01   4.1430351e-02   2.5354125e-01  -1.6568197e-01   5.8206698e-01  -2.7945350e-01  -2.1992295e-02  -1.9724108e-01  -1.5083403e-01   1.1606168e-01   9.2229670e-02  -3.4167808e-01  -1.8156340e-02   3.6884067e-02  -3.1371786e-01   1.9727041e-01  -8.5780274e-02   1.1345617e-01  -5.2956298e-02   1.2166572e-01  -1.9611242e-01   4.0125630e-02   1.9229496e-01   6.8282943e-02   5.6343614e-02   5.0508202e-01   4.2896727e-01  -3.5339715e-01   9.9898367e-02   2.2678790e-01  -6.7621547e-02  -2.4411237e-02   8.2369300e-02
   2.8298006e-01   2.7501304e-02  -3.2414487e-02  -2.5519116e-01  -1.5420345e-01   2.0658240e-01  -7.1466628e-02   0.0000000e+00   6.7778635e-02  -2.0351890e-01   3.4933500e-01  -2.0985587e-01  -1.2249244e-01   1.2647185e-01  -3.3735397e-02  -1.6773837e-01  -8.3094708e-02   7.4336894e-02  -3.1523032e-01  -2.1164423e-01   4.5266656e-02  -3.0642288e-01  -1.7297577e-01   1.7025397e-01   2.8422515e-01   4.7909309e-01  -3.7011164e-02  -1.2240302e-02   1.4665682e-01   1.1248572e-01   1.0063486e-01  -7.9920592e-02  -4.9558470e-02  -3.0347075e-02  -7.3894070e-02  -4.3404800e-02  -1.5781180e-01  -2.9989184e-01  -2.1639449e-01  -2.4143966e-03  -4.7932275e-01  -4.6284175e-02   6.6328513e-02   5.4049329e-01   1.4322275e-01   1.4016997e-01   8.1055918e-02  -9.6912600e-03   1.0415408e-02  -1.0184023e-02  -1.3056110e-01   6.4153327e-01   1.8139195e-01   1.3168938e-01   4.2404420e-01   4.2033935e-01   1.0959149e-01  -2.3761300e-01   1.7106725e-01  -9.5728884e-02  -4.3492617e-02   1.4070947e-01   5.1837436e-02   5.1964201e-01   1.0428578e-01  -2.0325901e-01   3.8542121e-01   3.7277266e-01  -1.3528396e-02   3.3381228e-02   4.1323097e-02  -4.6598934e-02   7.4654806e-03  -1.8944665e-01   3.6704237e-01  -1.7999277e-01  -1.3275092e-01   8.1113499e-02   3.9491805e-02   2.9618742e-01   1.6793311e-01  -1.6677890e-01   3.8018454e-01   2.0893374e-01  -2.9706557e-01  -2.1922061e-01   3.6062549e-02   2.1943266e-01   3.4943827e-01  -1.7014863e-01   2.8241043e-02  -2.1210116e-01  -6.4281575e-02   2.0311049e-01  -3.3506972e-01  -4.3839979e-01   4.4510451e-01   1.2754475e-01   3.1724116e-01  -2.2243437e-01   4.7215442e-02   1.9715017e-01  -2.3484693e-01   5.1549765e-02  -3.7235954e-01   2.4645036e-02   1.3791888e-01   3.4533784e-01  -1.7173678e-01   1.2458157e-01   1.5120732e-01  -3.2978176e-01   4.4610669e-02  -1.5737195e-01   2.0426274e-01   3.4756768e-01   3.2556528e-01  -8.5835910e-02  -5.3526427e-02  -2.1181852e-01  -9.2312548e-02  -1.9165854e-01   1.8307307e-01   2.3810279e-01   1.9700526e-02  -2.9658941e-01  -4.9200517e-02  -1.0538175e-01  -4.3278452e-01   2.3635601e-01  -3.0196097e-01   2.1416010e-01  -2.8474205e-02  -6.7661853e-02  -2.5016713e-01   2.4984818e-01   4.0939744e-01  -2.9871859e-02  -6.1336784e-02  -1.6828386e-01  -5.6756370e-02  -3.5900048e-01   4.0484825e-01   5.6906523e-02  -7.7609566e-02  -1.0783557e-01  -2.4905704e-01   9.2936926e-02  -1.0496083e-01   3.1421487e-02  -8.1412030e-03   1.6618071e-01   1.8783272e-01   2.9085015e-01  -4.6049236e-02  -2.7468832e-01   1.4978005e-02  -6.3522986e-02  -8.0488015e-02  -3.2250668e-01   4.4359077e-01  -6.2913878e-02  -1.1649262e-01  -1.0505259e-02  -6.2898173e-02  -2.3170138e-02   2.4386167e-01   1.1590117e-01   1.5057452e-01   1.8304551e-01  -1.5361306e-01  -4.0022627e-01   2.5910649e-01  -1.5512412e-01  -4.5842920e-02   3.7816425e-01  -2.9872288e-01
   3.4233036e-01  -1.3422339e-02  -1.4638095e-01   1.0190711e-01  -2.0193851e-01   1.1341728e-01  -1.0467975e-01   6.7778635e-02   0.0000000e+00  -2.3403675e-01   1.5174083e-01  -1.3181505e-01   3.5303682e-01   4.9968057e-01  -3.4991414e-02  -7.1033704e-02  -1.5207776e-02   1.8681332e-01  -1.2272143e-02  -2.0525083e-02   4.8415132e-02  -3.2597182e-03  -5.4237425e-04   2.5295951e-01   9.0335009e-02   1.7851765e-01  -2.1238885e-01   2.0665183e-01   8.0353320e-02   1.1598394e-01  -5.3658962e-02   1.3609776e-01   3.2534845e-01   2.6699944e-02   3.1125115e-01  -2.6616486e-01  -7.5994834e-03  -2.6150733e-01  -1.1098186e-01  -1.4388891e-01   2.8605777e-01   2.6696860e-01   2.8053450e-01   1.4216982e-01   1.2051116e-01  -1.3756712e-01  -1.8282532e-01  -1.0217383e-01   8.7552584e-02   1.6728922e-02   3.0719832e-01   2.1069657e-01  -4.6090955e-02   3.9121964e-02   2.0017423e-01   2.3693063e-01  -9.8551136e-02   2.0810186e-01   4.3063804e-01  -9.5767093e-02  -6.0439608e-02   2.9704678e-01   1.8294377e-01  -1.8747521e-01   1.3834498e-01   9.3328360e-02  -7.4791051e-03   1.8098000e-01  -1.1196042e-02  -1.7727859e-01   1.6543072e-02   2.8593900e-01   2.8656314e-01   1.3124241e-01   3.1332721e-01  -1.2655380e-01  -1.4861564e-01   2.0244724e-01   2.5703498e-01   3.4166272e-01   7.8262284e-02   5.1053709e-02   2.9905569e-01   6.8202054e-02  -2.2897468e-01  -2.5866684e-01   1.6187505e-01   2.7423502e-01  -2.1368260e-02   7.7541863e-03   2.0300428e-01  -4.6227056e-02  -1.5778445e-01   2.4865647e-01  -6.3329399e-02   1.0796063e-01   3.3830180e-01   1.8385100e-02   1.3019447e-01   3.4730018e-02   6.7594821e-02   1.9012459e-02  -2.6015118e-01   2.4211161e-01   4.7717834e-02  -2.1368197e-02   2.1842492e-01   4.1099910e-01  -1.3037311e-01   9.1916487e-03   2.3280035e-01   2.7679568e-01   2.3704415e-01   1.6757007e-01   1.4270473e-01   2.6648434e-01   1.1224648e-01   3.4460740e-01  -1.1215041e-01   3.9975615e-01   1.7810517e-01   4.6051843e-03   4.3544377e-01  -1.3526111e-02  -4.7493866e-02   1.7949577e-01   1.2335299e-03   3.4303830e-02   1.6937750e-01  -1.8150835e-01  -7.4976192e-02   1.0083116e-01   3.3177542e-01  -1.7126247e-01   2.4731209e-01  -1.4951328e-01   3.5431621e-01   1.0815058e-02  -3.1511808e-01   1.6039751e-01   4.3543725e-01   1.6205955e-01   1.6306234e-01   4.5243658e-02  -1.7786372e-01  -1.2191703e-01  -4.2002930e-02   1.1532311e-02  -1.1724929e-01   2.5759511e-01  -7.0705474e-02   1.2915964e-01   4.5789209e-01   2.8020007e-01  -1.2191524e-01  -1.1019451e-01   2.6281148e-01   3.7824154e-01   2.3888385e-01  -5.9054920e-02   2.7900270e-01  -1.1689738e-01   3.0986155e-01   1.8790918e-01  -6.9336219e-02  -2.8625144e-02   1.7898790e-01   3.6091472e-02   2.1192165e-01  -8.4622324e-02  -3.9565810e-02  -2.5334494e-01   2.0551361e-01  -6.7832378e-02   8.2460819e-02   2.8443671e-01  -3.9621337e-03
  -5.8947682e-01   1.8066453e-01   9.1868177e-02   2.0688262e-01   2.7310193e-01  -1.6384126e-01  -2.5881593e-01  -2.0351890e-01  -2.3403675e-01   0.0000000e+00  -2.5579359e-01   9.8545477e-02   6.8539538e-03  -3.2728077e-01  -3.0440004e-01   4.0230300e-01   1.8401894e-01  -6.5651093e-02   1.7819867e-01   2.4907102e-01  -2.0974641e-01  -5.0828914e-02  -3.7323937e-01  -2.0856723e-01  -3.3130652e-01  -3.4722060e-01   1.3938715e-02   2.8858529e-02   1.5689027e-01  -3.1983577e-01  -2.2402417e-01   3.5495279e-01   1.6645479e-01  -1.6470449e-01   3.9316356e-01  -2.9835978e-01  -2.3563254e-01   3.5342150e-01   3.7183265e-01   1.2815780e-01   2.7210435e-01   1.8329036e-01   3.0994314e-01  -3.6346013e-01   1.1788980e-01  -1.8135162e-01  -3.0190723e-01   1.9005042e-01   7.1282178e-02   2.7049972e-01   1.1440134e-01  -3.9800035e-01  -4.0350011e-01   5.0974492e-01  -4.8013406e-01  -6.0038567e-01   1.5475730e-01   1.4345986e-01  -1.0249907e-01  -1.1630843e-01  -2.1900521e-01  -1.8136990e-01  -3.0063590e-01  -1.5219674e-01   2.8079588e-01   7.3246256e-02   3.5807587e-02  -3.3796370e-01  -3.3577254e-01   8.4208597e-03   4.4716854e-01  -3.2709689e-02   8.8326108e-02   1.1336117e-01  -3.4287875e-01   1.3126802e-01  -1.3894162e-01   1.5759468e-02   1.8559939e-01  -4.4671589e-01  -9.4891625e-02   6.4229328e-02   4.9026310e-03   1.3730857e-01  -2.9509763e-01   4.3679208e-02   4.1410017e-01   9.6823820e-02  -2.6765547e-01   1.7637374e-01   1.1535928e-02   4.1703621e-01  -4.7090276e-01   5.0711200e-02   4.0315431e-01   2.3024313e-01  -2.6966497e-01   1.2193330e-01  -3.0392108e-01   1.2064720e-01   2.7507845e-02  -2.4866208e-01  -1.3078605e-01  -4.3640938e-01   1.9589792e-01   1.1156897e-01   2.1033859e-01  -5.4207287e-02  -4.3617300e-01  -4.1715554e-01  -1.8854384e-01   3.8919028e-03  -6.4440176e-02   2.4900249e-02  -2.0634693e-01   1.2846776e-01  -4.2279231e-01   2.0287049e-01   3.0121857e-02   7.5161121e-02  -9.2124553e-02   5.2791048e-01   9.8532338e-02   2.3668346e-01  -3.0115589e-02   1.7623169e-01  -2.3337360e-01   6.3748922e-01   8.0835162e-02   1.4395111e-01   3.7572816e-01  -1.1678600e-01   6.2803393e-02  -2.8015289e-01   2.1719377e-01   1.2407799e-01  -2.9497690e-01   2.8217799e-01   2.9680219e-01   4.8188629e-01  -9.7701383e-02   5.4617561e-01  -4.1500566e-01  -2.8167821e-01  -2.0825831e-01   4.8290572e-02   2.3693837e-01   2.2342095e-01  -2.4346464e-01   3.0636730e-01  -1.1565848e-01   3.6452316e-01  -1.0965497e-01  -6.1483186e-03   1.7959933e-01   3.9284451e-01  -1.7357702e-01   1.1919608e-01   1.3410743e-01  -2.1653926e-01   2.8931022e-03  -1.6379025e-01   1.2641768e-01  -1.2097313e-01   1.7945659e-01   3.8836861e-01  -1.6633900e-01  -4.4718437e-02  -3.6402009e-01  -1.3032302e-01   5.6820923e-02   2.4427320e-01  -2.1124416e-01  -1.2812030e-01  -1.4959251e-01  -1.4543683e-01   2.1048424e-02
   1.0609106e-01  -4.5068539e-02  -1.2740291e-01   7.1264272e-02   1.4074637e-01   3.9813393e-01   2.6458695e-01   3.4933500e-01   1.5174083e-01  -2.5579359e-01   0.0000000e+00  -1.7220584e-02  -1.2525614e-01  -6.3429193e-02   2.7364826e-01   1.5901533e-01  -1.6337920e-01   2.6308809e-01  -3.0762403e-01  -9.8357841e-02   2.0190336e-01   2.3546746e-02   1.3735913e-01  -9.4460692e-02   1.9038291e-01  -5.9980366e-02   2.0556086e-02   2.7552911e-03  -9.3354253e-02   2.9018368e-01   1.9699086e-01  -4.7243783e-02  -2.5295321e-01   3.1220877e-01  -1.3898714e-01   4.0633805e-01  -1.1039789e-02   2.8766511e-02   1.0821085e-01   9.1953480e-03  -1.2819432e-01  -2.2177393e-01  -2.1344145e-01   3.7886621e-01  -4.8353835e-02   1.3743945e-01   4.4631163e-01   1.8436560e-01  -1.2710882e-01  -2.3106945e-01   1.4784298e-01   2.4137699e-01   4.1365260e-01  -1.4058102e-01   1.3238467e-01   4.9732795e-01  -9.1060451e-02  -2.1001750e-02   2.4056292e-01  -5.3723212e-05   1.2207407e-01   1.2779252e-01  -3.1062908e-01   4.2885787e-01  -1.1575279e-01   7.8624986e-02   2.4165965e-01   1.1408239e-01   3.2325654e-01   1.1282900e-01  -4.3578660e-02   1.0188629e-01   3.0969738e-01  -3.8404891e-01   7.1255686e-02  -1.4959978e-01   2.4543441e-01  -2.2978295e-01  -2.4615961e-02  -6.7884517e-03   5.2972977e-02   1.8846537e-01   4.3986582e-01  -1.8079986e-02  -9.8444710e-02  -1.7683074e-01  -9.7592594e-02  -1.7448208e-01   4.2412212e-02  -2.1575417e-01  -8.9230420e-02  -1.5334651e-01   8.8971034e-02   1.5975888e-01   2.9679535e-02  -3.9749957e-01   1.4883515e-01  -2.3440316e-01  -2.1574584e-02  -1.3508524e-01   7.3907018e-02   4.4047763e-01  -2.8745713e-01   1.2413955e-01   3.1939238e-02  -1.8355497e-01  -1.7999381e-01   4.1821641e-01   1.1593525e-01   3.5733138e-01   4.1569325e-01  -6.6165681e-02  -2.2572918e-01  -7.0999523e-02   2.7060459e-01   1.1588336e-02  -1.0586537e-01   1.3475816e-01   6.5468956e-02   4.8834945e-02  -2.4487741e-02  -3.6592142e-01   1.4499317e-01   5.0376170e-02  -2.1105487e-02  -1.5396677e-01   4.0676784e-01  -1.4578464e-01  -1.8666524e-01   3.1129134e-01   1.1167216e-01   2.5855068e-01  -3.8867272e-01   2.4110659e-01  -2.2549661e-01  -2.2858769e-01   3.4390926e-01   8.4212184e-02  -3.4785095e-01  -2.6757837e-01  -1.7975036e-01  -2.6562677e-01   1.1811027e-01   7.0045637e-02   2.1497753e-01   9.0190791e-02  -6.7940319e-02   3.4233003e-01   5.3475481e-01  -1.1660289e-01  -4.4962603e-02   8.9971934e-02   3.9381357e-02   2.7780651e-01   5.3870358e-02  -2.4840032e-01  -1.3317211e-01   1.5146330e-01  -3.0491922e-01  -7.9246295e-02   1.0375405e-01   1.2713474e-02   3.4459986e-02   2.4446106e-01  -7.6705723e-02   2.0700425e-01   5.5594095e-01   7.9810505e-02  -1.6460195e-01   3.3492270e-01   1.2245613e-01  -3.2521318e-01   1.2001064e-01   1.2082649e-01   6.4305718e-02   9.4988011e-02   4.4698159e-02
  -1.0597875e-02   7.7247121e-01   6.4653831e-01  -8.2429095e-02   2.2496904e-01   1.2910730e-01   3.2099610e-01  -2.0985587e-01  -1.3181505e-01   9.8545477e-02  -1.7220584e-02   0.0000000e+00  -4.2048161e-01  -4.7230155e-01  -1.4442088e-02   9.6785990e-02   5.2103014e-01   4.6114797e-02   1.5168059e-01   3.7431156e-01  -3.6520011e-01   1.0499719e-01  -5.2414532e-02  -3.0337889e-01  -1.0268108e-02  -9.5845567e-02  -4.4352246e-03   1.4620130e-01   1.4411593e-01   1.2541806e-01  -1.0586239e-01  -7.4396047e-02  -2.5415228e-01   2.2943399e-01   2.8208122e-01   2.2040813e-01  -1.0019508e-01   6.7017432e-02   1.0380261e-01   2.9948596e-01  -1.4804381e-01  -2.8198024e-01  -2.5412723e-02  -1.4661517e-01  -4.6714740e-02   2.3700033e-02  -1.1039999e-01   1.6567490e-01  -4.4610138e-01   4.1171927e-01   7.8787540e-02  -6.8675838e-02  -9.6585051e-03  -1.8159243e-01  -2.0534777e-01  -3.9410164e-02   1.0277711e-01   1.5546533e-01  -1.4478630e-01   7.3460666e-01   4.9316746e-02  -2.7482751e-01   1.2568678e-01   6.0522685e-02  -2.6848001e-01   6.4328967e-01   1.7432365e-01  -4.9829310e-02   2.8707093e-03   3.5752880e-01   3.0091788e-01  -2.3674637e-01   4.7234264e-02   2.0057418e-01   5.0766763e-02   1.2617248e-01   1.3563694e-01  -6.5267005e-02   1.9533924e-01  -7.3602285e-02  -1.7469924e-01   1.3171192e-01   1.1244386e-01   1.2586583e-01   5.1252572e-01   1.2193567e-01  -2.1875492e-02  -4.8602525e-01   1.7410628e-02   3.0035381e-02  -1.5822966e-01   2.4838635e-02   3.8635266e-02   1.7420582e-01  -3.8789277e-02   6.4532125e-02  -3.7246370e-02  -2.0315773e-01  -1.5045812e-01   9.1009047e-02   1.6124891e-01   1.9428320e-01  -1.3372461e-01   3.3434782e-01  -4.4369191e-02   3.4278406e-02  -2.6054864e-01  -1.8529233e-01  -1.0962441e-02  -2.7981707e-02   3.1759121e-01   3.9579042e-02  -2.7074740e-01  -2.9911797e-02   9.7135791e-02  -9.8461419e-02  -3.6961978e-01  -4.7458570e-02   8.7463523e-02  -1.9143958e-01  -1.2224391e-01   2.4536833e-01   2.1399645e-01  -1.4258196e-01   2.0853541e-01   2.3302558e-01   1.1820349e-01  -7.6975596e-02   1.1513433e-01   2.6193232e-01   1.1226869e-01  -4.0900237e-02   1.0634075e-01   7.0468936e-02   9.6365733e-02   7.7615889e-02   1.0091760e-01   7.4634375e-02   5.3603616e-02  -2.5570458e-01  -1.3689166e-01  -1.7814099e-01  -2.4709463e-01   4.2571645e-02   3.5729651e-01   6.8576888e-02   5.6915036e-01   1.4908031e-01   1.9012892e-01  -1.4014115e-01   2.0808105e-01   1.0799722e-02  -2.2066490e-01   3.5798246e-02   6.2887056e-01  -2.8022593e-01  -2.9371869e-01  -7.7151465e-02  -1.0087843e-01  -2.0117441e-01  -1.7129193e-01  -7.5721381e-02   1.1526196e-01   4.8421727e-03   1.7151294e-01   5.4802601e-01  -3.0664540e-02   1.4949290e-01  -4.6384226e-02   2.7676690e-01   4.7606571e-01  -2.3304595e-01  -2.8495452e-01   2.3843209e-01   2.7394722e-01  -2.5759097e-01   3.2411466e-01
   4.4058069e-02  -4.4197203e-01  -3.0006003e-01   2.7342736e-02   1.8518617e-02   9.8915882e-03  -1.7005518e-01  -1.2249244e-01   3.5303682e-01   6.8539538e-03  -1.2525614e-01  -4.2048161e-01   0.0000000e+00   4.6757147e-01  -4.1292400e-01  -2.6343290e-01  -2.8957692e-01   1.2326411e-01   1.9074259e-01   2.4484736e-01   8.1206779e-02  -2.0989104e-01   4.2087360e-02   4.7333982e-01  -2.1567465e-01   9.2019843e-02   9.5297669e-02  -9.6265421e-03   7.3619204e-02  -4.3613510e-01  -3.8816298e-01  -5.3761574e-02   6.6882548e-01  -4.0698340e-01   1.6397416e-01  -3.0724935e-01   6.0856262e-02  -4.1540428e-01  -2.9847477e-01  -2.8541036e-01   5.3484096e-01   7.1897191e-01   4.5289035e-01  -3.0895674e-02   4.6099655e-01  -2.1993331e-01  -1.8587059e-01  -2.3056100e-01   5.0151893e-01  -1.1709714e-01   2.2694769e-01  -8.1748531e-02  -9.8786923e-02   5.5428823e-01   9.4929208e-02  -1.1569623e-01   5.6832411e-02  -5.4478785e-02   1.7415853e-01  -3.9770099e-01  -3.0660798e-02   5.0157408e-01   2.1275792e-01  -2.6005167e-01   2.5587830e-01  -1.6017327e-01  -4.1735160e-02   4.3343351e-01  -1.0146379e-01  -2.1947730e-01  -5.5838960e-02   5.7116134e-01   4.1644270e-02  -5.9269053e-02  -9.1768698e-02  -3.6654961e-01  -2.1380394e-01   2.0039780e-01   3.4376899e-01   4.2577199e-01   1.1918857e-01  -2.9877089e-01   8.1279348e-02   1.6137334e-01  -3.3555122e-01  -4.5156521e-01   3.5849886e-01   6.3108228e-01   7.2663108e-02  -1.1594121e-01   5.0224296e-01   1.0747767e-01  -2.4633970e-02   4.9030587e-03   1.5304186e-01   3.9698417e-01   3.7048664e-01   2.0190098e-01   3.4542185e-01   1.2558601e-01  -9.6389316e-02  -4.0410554e-01  -1.4543755e-01  -2.5067918e-01   8.6870927e-02  -3.1678245e-01   6.6255367e-01  -8.8185051e-03  -2.3989518e-01  -2.5709495e-01  -2.8825846e-01   2.6162625e-01   5.8531049e-01  -1.0351060e-01   1.0111771e-01   1.9417780e-01   1.4702968e-01   4.0405190e-01   5.0313417e-02   2.6424071e-01   2.6293687e-01   1.3051857e-01   7.2344163e-02  -1.6437084e-01  -3.3956518e-01   2.2751008e-01   1.9092447e-01   3.5625522e-01   1.3288336e-02  -2.0772505e-01  -9.9231268e-02   1.1043122e-01   1.7376475e-01  -4.4880951e-01   3.5817386e-01  -1.5337738e-01   2.3399384e-01   9.9592490e-02  -1.9138190e-01   5.1965709e-01   3.1956387e-01   6.1634554e-01   7.3603602e-02   1.9855146e-01  -6.2301216e-01  -3.9797476e-01  -1.9445673e-01  -3.0175776e-01  -2.5226099e-01   3.0278283e-01  -2.4705524e-01   1.1949522e-01   5.7357101e-01   6.0605530e-02  -2.8703825e-01   3.9309231e-01   5.0868467e-01   3.2166977e-01   5.1153980e-01   2.1505720e-01   5.1876179e-01  -1.6158024e-01   3.7963549e-01  -1.0173192e-01  -2.9972835e-01  -2.5468198e-01  -1.9626334e-01   4.5377086e-02   3.2251749e-01  -2.7812131e-01  -3.3279984e-01   1.2040395e-01   5.7411187e-01  -1.1744681e-01  -1.3542517e-01   6.2646987e-01  -4.2382172e-01
   4.6094909e-01  -4.1729198e-01  -3.8208159e-01  -3.6190353e-01  -2.8975167e-01  -2.2451053e-01  -1.8286213e-01   1.2647185e-01   4.9968057e-01  -3.2728077e-01  -6.3429193e-02  -4.7230155e-01   4.6757147e-01   0.0000000e+00   1.5999263e-02  -4.4254959e-01  -3.3818080e-01  -3.0593923e-01  -1.7014152e-01  -3.2980633e-01   5.0038140e-02  -1.2967085e-01   4.4534432e-02   6.5202951e-01  -1.5468408e-01   3.4065201e-01  -5.2499606e-02   1.9186373e-02   3.4243289e-02  -2.3198572e-01   1.6563570e-01  -3.0729420e-01   2.1749383e-01  -1.9977473e-02   9.1667068e-02  -2.7999845e-01   5.7487827e-02  -4.4602199e-01  -5.1921881e-01  -9.3643147e-02   8.0580799e-03   2.4406403e-01   1.0908928e-01   2.6751539e-01   5.5070829e-02  -1.7091008e-01   1.3314820e-02  -1.3970301e-01   3.4505135e-01  -8.7195242e-02  -2.6184098e-01   2.8846332e-01   1.0200788e-01  -2.9032284e-02   5.5997827e-01   2.6485197e-01  -2.0583876e-01  -8.4467029e-02  -1.8042533e-01  -4.1146294e-01  -1.0281756e-01   2.9376688e-01   2.7059039e-02  -7.4894999e-02   4.6483237e-02  -2.0849788e-01  -2.3058017e-01   2.2135337e-01   2.0258365e-02  -2.6659068e-01  -8.8742399e-02   6.9757982e-02  -9.5178814e-02   4.3741034e-02   3.8384710e-02  -1.3425204e-01  -2.4051398e-01   1.2461868e-01  -5.6328761e-02   2.9213907e-01   3.0401183e-01  -2.0418507e-01   7.4165740e-02  -1.0341716e-03  -2.8278308e-01  -1.6317595e-01   2.5777508e-01   5.0648976e-01   2.2850692e-03  -8.1303540e-02   4.1927513e-01  -3.7020694e-01   3.2317679e-02  -9.9218428e-02  -1.4051700e-01  -1.2846944e-01   3.0512564e-01  -3.5631164e-02   2.4154093e-01  -3.1763725e-02   1.8239628e-02  -6.9004264e-02   3.7934744e-02   1.7171006e-01  -2.6212355e-01  -3.3380818e-01   1.4079559e-01   1.2529526e-01  -7.3978355e-02  -5.7869866e-02  -7.8100705e-03   1.7879187e-02   2.0737434e-01  -1.3693825e-02   9.4960743e-02   1.7789402e-01   4.7506809e-01  -2.8778121e-02  -1.2209107e-01  -2.8131417e-02   1.0958413e-01  -9.3208651e-02   8.2692099e-02  -2.4321816e-02  -1.8847710e-01  -5.1745972e-02  -1.2310398e-01  -1.0409048e-01  -1.6387422e-01  -2.2457115e-01  -4.1853925e-01   2.1211950e-01   2.6971400e-01  -6.0537702e-02   9.6935296e-03  -1.9355417e-01   2.0763807e-01  -1.2706079e-01  -1.1137292e-01   2.5916935e-01   3.1398372e-01   1.3436103e-02   1.8267826e-01   1.1928986e-01  -3.5653455e-01  -3.8738525e-01  -1.7638045e-01  -1.2123222e-01  -2.3483364e-01   1.4843015e-01  -1.1173453e-01  -1.3985294e-01   2.8926001e-01  -3.2621418e-02  -4.1132217e-01  -2.4518180e-02   2.8239519e-01  -1.0125305e-01   3.0418975e-02   1.1565562e-01   2.0780881e-01   3.3606457e-02   1.2449511e-01  -2.6642252e-01  -2.9197816e-01  -4.1047343e-01   1.7885254e-02  -4.9211130e-02   2.1191952e-01  -3.3135139e-01  -2.5282018e-01  -7.8228917e-02   2.2681015e-01  -1.2941133e-01  -2.5095715e-01   3.0744130e-01  -3.4922639e-01
