   0.0000000e+00  -2.2871800e-01   2.0532466e-02  -1.0513535e-01  -2.5290052e-01  -8.4359463e-02  -1.8425582e-01   5.0485305e-01   1.8219611e-01  -1.2913848e-01   1.0485705e-01  -1.2862805e-01  -9.3574736e-02   1.4768468e-01   4.1853148e-02  -3.9505674e-01  -2.2105439e-01  -7.8315177e-02   4.2576147e-01  -2.7997149e-01  -2.4817590e-01  -1.9400863e-02  -1.8551533e-01   5.9717525e-01   5.4387319e-02   4.1890148e-01   3.0160483e-02   3.6873295e-01   2.8710049e-01  -2.1343965e-01  -9.6415894e-02  -2.0756382e-03  -2.3179927e-01  -2.3957875e-01  -2.1199309e-01  -2.5293768e-01  -1.5172799e-01   2.3950962e-01  -4.6734690e-01  -2.2776154e-01  -3.5552941e-01  -1.5457092e-01  -1.8280683e-01   2.0885760e-01  -1.4495625e-02   4.3808822e-01   1.9492974e-02  -3.1618810e-01  -4.5353413e-01  -2.8858839e-01   1.8245397e-02   3.8843486e-01  -2.4465829e-01  -1.4357635e-01  -2.4163263e-01   1.9203028e-02   3.0108899e-01   1.0134243e-01   2.4981869e-01  -1.0749152e-01   1.8190829e-01  -2.9904086e-01  -9.7905895e-02   2.5183521e-01   2.1598358e-01  -2.9160713e-01  -2.1888382e-01   2.0813509e-01   7.4333432e-02   4.8441444e-01  -4.5855440e-01   8.9247178e-02  -1.1760816e-01  -2.3293999e-01  -6.4571016e-03   1.2552739e-01   3.4916905e-01   5.4554269e-01  -5.3131493e-02  -9.3391982e-02   2.2625490e-01  -2.2853112e-01  -2.0598515e-01   4.9724111e-01  -4.3133460e-02  -6.1220825e-02  -3.5858445e-01  -5.3532735e-02   2.0771555e-02   5.7765635e-01  -9.8027081e-02   3.4893442e-01  -3.7560893e-01  -3.0611564e-01   3.4788744e-01  -1.1716209e-01  -7.5535594e-02   3.3957150e-01  -1.7966115e-01  -5.6024979e-02  -1.4898328e-02  -5.6437893e-02   4.9390611e-04   9.6878049e-02   7.6895141e-02   8.7084417e-02  -2.4675079e-01   3.2401719e-01  -1.9390786e-01  -2.2410231e-01  -1.2798655e-01  -1.4066905e-01   1.6909230e-01   7.2108287e-01   1.7448641e-01  -7.5233687e-02   3.5468987e-01  -8.8300818e-02   7.7656767e-03  -8.9387668e-02   4.9504580e-01  -2.3990808e-01  -1.0549580e-01   1.1867595e-01   5.6066653e-01  -1.8476581e-02  -4.3762425e-02  -2.2071910e-01   7.4143636e-03   3.1893004e-02  -1.5605985e-01  -1.9094178e-01  -2.0438000e-01  -2.9326094e-01  -1.2389296e-01   2.8682650e-01  -4.0452998e-02   2.2672897e-02   2.5728147e-01   4.5717610e-01   5.7379363e-01  -2.1526236e-01   6.6255652e-02  -9.2736171e-02  -9.8851817e-04   1.0332010e-01  -2.9950822e-01  -1.3944950e-01  -1.8996787e-01  -1.3596693e-02   3.7543466e-01   1.1878896e-01   2.0408121e-01   5.2910210e-02  -2.1490033e-01   5.8451162e-01   3.5834208e-01   2.6769337e-01   1.5524677e-01   2.4708409e-01   1.0222977e-01   2.7389214e-01  -3.4519829e-01   1.4443605e-01  -1.9581532e-01  -4.6908130e-02   8.5566230e-02   5.0545098e-01   3.9651558e-01  -3.6916895e-01  -1.3418993e-01   2.2704132e-01   1.7657328e-01   2.2710166e-01  -1.0326157e-01   9.0577947e-02  -2.1875746e-01
  -2.2871800e-01   0.0000000e+00   4.0088437e-01  -2.2986092e-01   5.5049017e-01   4.6606601e-02  -1.3535844e-01  -2.2257462e-01   1.6275280e-01   2.6059336e-01   4.8194858e-03   6.1979957e-01   2.7571202e-01  -4.3134260e-01  -8.8835723e-02   2.5712175e-01   3.0130355e-01  -4.4257120e-01  -1.5510391e-01   5.6422988e-01  -4.2737622e-01  -5.1859414e-01  -4.6360704e-01  -1.2076906e-01   8.3965474e-02  -9.4100448e-02   1.7188936e-01  -3.1265347e-01  -2.4822589e-01   1.0494427e-01  -2.1870469e-01  -4.3505048e-01   3.1972333e-01   3.2347300e-01  -1.5958163e-01   1.3313533e-01  -1.9741083e-01  -1.4368575e-02   4.0980747e-01   4.9862253e-01   2.1165811e-01   2.0966571e-01   6.1892463e-01  -4.8658516e-01   4.3747562e-01  -2.0691924e-01  -1.6320292e-01   2.3684857e-01   2.7581919e-02   5.2794893e-01  -5.2779203e-01  -2.1500387e-01   4.0411271e-01   4.5559284e-02  -1.7270899e-01  -4.4105940e-01  -3.8296093e-01  -3.1576075e-01  -6.4717315e-02  -2.2993862e-01   2.2130241e-02   2.5682750e-01   5.8546404e-01   1.6389279e-01   1.7937380e-01  -2.1864996e-01   6.4727114e-02   3.6840489e-01  -1.0503302e-01  -4.1013897e-01   5.2131591e-01  -5.1450916e-01   1.8543365e-01  -1.5004974e-01   6.4142681e-02  -1.1452045e-01  -1.1031401e-01  -1.7047515e-01   4.6629617e-01   1.4878015e-01  -4.4358789e-01   1.9510901e-01   1.0251419e-01  -1.3445160e-01  -8.9939935e-02  -3.5936443e-01   9.0708919e-02  -4.1150026e-01  -1.6206012e-01  -1.4034238e-01   5.3635807e-01  -9.8677907e-02   5.3662664e-01  -2.4612745e-01  -4.8553485e-02   6.4710848e-01   3.8191950e-01  -7.4335175e-02   3.8121982e-01   3.1650021e-01  -3.1749457e-01  -2.6578884e-01  -4.1052113e-01   3.9812181e-01  -5.2680993e-01  -3.4506119e-01   2.0372439e-01  -2.0013985e-01  -1.1714467e-02  -7.9428864e-02   2.6790448e-01  -3.7649188e-01  -2.5724208e-01  -9.3671158e-02  -3.5178223e-01   6.1245848e-01  -3.5414416e-02   4.2732179e-03  -4.8187969e-01  -2.8958038e-01  -1.8050933e-01   5.6010921e-01   3.7345312e-01  -7.8997502e-02  -1.9160933e-01  -4.1019997e-01  -3.0654876e-01   2.8089560e-01  -3.5666654e-01  -5.3544787e-01   2.1210163e-01   4.8210353e-01   1.7992180e-01  -2.0584005e-01  -1.7902591e-01   2.9170632e-02   1.3350914e-01  -3.6805309e-01  -8.2214355e-02  -2.0127423e-01  -5.2248822e-02   1.4320842e-01   3.6614973e-02  -2.1786676e-01  -3.1925144e-02  -2.3197351e-01   4.5090964e-01   1.2009965e-01  -3.3481719e-01   5.6122103e-02  -4.1765551e-01  -4.1950271e-01  -1.3432015e-01   4.4564030e-01   6.7502525e-01  -2.0386922e-01  -2.1539836e-01   1.8911586e-01   2.2044459e-02  -5.0993447e-01   3.0406811e-01  -2.5848997e-03   1.8303542e-01  -5.6336949e-01  -2.0214061e-01   5.9423252e-01  -9.0066635e-02  -1.3867383e-01  -1.2396683e-02   6.2765676e-01   1.8454853e-01  -1.0598548e-01  -1.0428284e-01  -3.0808699e-02   2.9255430e-01   3.7094697e-02  -1.8474178e-01
   2.0532466e-02   4.0088437e-01   0.0000000e+00  -1.3766694e-01   4.0383508e-01   2.0248477e-01  -5.0682487e-01   1.1711858e-01  -1.2094355e-01   3.1765052e-02  -2.3028721e-01   1.3882767e-01   1.9757839e-01  -8.8424300e-02  -2.9359270e-01   1.9900161e-01   7.6832445e-01  -3.0492208e-01   3.1174370e-02   4.2433760e-01  -1.3555240e-01  -1.7810254e-01  -4.8395184e-01   4.8145566e-02   9.9923270e-02   1.0810217e-01   2.9407322e-02  -2.4200268e-01  -1.0532839e-01  -4.1310255e-01  -2.9166521e-01  -1.3924785e-01   3.0207944e-01  -1.6188903e-01  -3.4007154e-01   5.2818272e-02  -4.6748571e-01   3.1036772e-01   2.5506951e-01   4.5611535e-01   2.2128516e-01   3.0235152e-01   2.8022616e-01  -1.6151418e-01   1.3538109e-01   1.7628213e-01  -2.7287608e-01  -3.1890424e-01   8.3145619e-02   7.3789115e-01  -3.4059871e-01   1.1597313e-01  -2.4919112e-01   1.5553190e-01   2.8772940e-02  -2.4509835e-01  -1.4805968e-01   8.6415434e-04  -3.0313595e-01  -1.9261203e-01   5.8980788e-01   1.5815898e-01   8.2280286e-02  -1.8768692e-01  -8.2696214e-02  -3.0955059e-01   5.5193482e-02   1.0686685e-01  -9.1932309e-02   2.6478860e-01   2.3604065e-01  -1.9762097e-01  -1.0500073e-01   6.1371312e-02   8.1490046e-02   2.7148344e-02   2.6218745e-01   1.5246048e-01   2.7959794e-01  -5.1807400e-02  -2.3752004e-01   1.4289203e-01  -8.0684278e-02   3.6539974e-02   1.6066363e-01  -2.0833269e-01  -1.9693077e-01  -2.2474934e-01  -1.1118432e-01   2.3757872e-01   3.6514603e-01   5.6820017e-01   2.4416296e-01  -2.5933114e-01   3.4914037e-01   5.3988506e-01   2.4281127e-01   2.0592653e-01   2.6678666e-01  -1.3583366e-02  -7.1442539e-02  -4.3394865e-01  -1.7338419e-01   2.2123020e-01  -3.0776185e-01  -5.8861052e-02   3.1542984e-01   3.7686218e-02  -2.3761674e-01  -9.2445922e-02   1.3138104e-02  -2.5934057e-01  -1.3615777e-01   2.9853469e-01  -1.8450412e-01   9.9250811e-02   2.1314397e-01   5.0123946e-02  -3.3362726e-01  -1.5881907e-01   2.0243920e-01   3.4920240e-01   1.3648373e-02  -1.3555082e-01   1.5779435e-01  -1.2475140e-01  -3.8230546e-01   1.3337303e-01  -1.0210406e-01  -1.4623726e-03   1.4726708e-01  -1.5483876e-01   2.6863933e-01  -3.7303627e-01  -7.4800110e-02  -6.7599094e-02   1.2553709e-01  -3.5972152e-01   5.8031974e-02   2.2789443e-01   1.4382158e-01   2.0648655e-02  -7.7280759e-02  -1.9647130e-02  -2.9273799e-01  -2.6107551e-01   7.5418559e-02  -1.5209763e-01  -3.7939388e-01  -6.1279784e-02   9.3258062e-02  -1.7658852e-01   2.0470480e-01  -8.0919443e-02   5.9892414e-01   2.1438416e-01   1.5587909e-01   1.0074876e-02   5.3013163e-01  -2.3574174e-01   1.8320433e-01   2.0987755e-02   2.5663972e-02  -3.5458003e-01  -1.1656043e-01  -1.4698359e-02  -3.2368195e-01  -8.3880618e-02   2.7640340e-01   2.7229523e-01  -3.9993042e-02   8.2316369e-02  -1.4646226e-01   3.9577550e-03  -7.4763756e-02   1.4759732e-01  -1.8507729e-01
  -1.0513535e-01  -2.2986092e-01  -1.3766694e-01   0.0000000e+00   2.8986719e-01  -2.8593975e-02  -2.0468374e-01  -1.5117032e-01   2.1346761e-01  -3.6574604e-01  -3.2804451e-01  -2.7726850e-01   9.4491842e-02   3.3947411e-01  -3.2960099e-01   7.9558801e-02  -1.5043754e-02   4.6131184e-01   1.8373528e-02   1.2853602e-01   2.8381592e-01   5.6795198e-01  -5.5259372e-02  -8.2424494e-02  -9.8601626e-02   1.4887349e-01  -6.1490623e-02   4.5976966e-03   2.4874223e-01  -9.6539798e-02  -1.0493261e-02   5.8691160e-01   2.8301656e-01  -3.1484037e-01   8.0969284e-02   4.4182483e-02  -3.1767209e-01  -6.3633034e-02   9.1743808e-02  -2.1710234e-01   1.1344713e-01   4.0389577e-01  -2.0630718e-01   5.0833694e-03   2.1033051e-02   6.1192995e-02   1.5214167e-01  -2.7946972e-01   4.0653416e-01  -4.4002413e-02   4.2023687e-01  -3.5480166e-02  -2.7336192e-01   3.8022200e-01   1.8227531e-01  -9.4068443e-02   3.2086942e-01   3.5792238e-01   3.5462529e-01   1.1561964e-01   4.0223037e-02   2.3143900e-01  -1.6496636e-02  -2.1372998e-01  -1.2392519e-01  -1.0171531e-01  -2.6899527e-02   1.2570880e-01   1.3776216e-01   1.4611345e-01  -3.7463357e-01   6.5103150e-01   2.0251426e-01   2.9826014e-02  -1.0459919e-01   3.1311869e-02   1.2758336e-01   2.5078436e-01   1.2518392e-01   4.9793543e-01  -7.1728344e-02   5.4951824e-02  -2.7752842e-01   2.5185713e-02   7.2268121e-03   2.6190572e-01   1.0896750e-01   1.0555174e-01  -8.7359529e-02   2.0323451e-02   2.4885994e-01   7.4579487e-02  -1.0894508e-01   4.4829163e-01  -1.1516266e-01   3.8662203e-02   2.5580253e-01   5.2453530e-02   2.0705382e-01  -4.3192842e-01  -1.6368157e-01  -2.2247160e-01   3.7836955e-01   1.1033500e-01   5.2928542e-01   3.4621661e-01   3.9534963e-01  -1.0326383e-01  -4.9211275e-01   2.9809949e-01  -4.1739783e-01   3.7615864e-01   3.5399553e-01  -2.5418265e-01  -2.7344688e-01   1.1840783e-01   2.5357399e-01   1.9879140e-01   1.8192586e-01   6.7699602e-01   5.6903931e-02   1.0732169e-01  -1.0869818e-01   3.3855213e-01   5.7911259e-02   2.4134862e-01   6.9632773e-02   2.7668517e-01   5.2455134e-01  -2.4438245e-02   3.9678553e-01  -2.8925994e-01   1.5566559e-01  -1.9938291e-01   6.2358876e-01  -1.4914313e-01   5.0781089e-01  -1.9406784e-01   8.5348272e-04  -1.0925059e-01   1.0634421e-02   1.7460401e-01  -1.4532254e-01  -3.3046152e-02  -2.0846898e-01   4.7929043e-01  -4.6316741e-01   1.6770903e-01   1.8872498e-01  -2.3537499e-01  -2.0056490e-01   8.6804183e-03   2.7882021e-01  -3.3533199e-01  -1.6531900e-01  -7.3246565e-02  -2.3858381e-02   1.1912228e-01   2.5482022e-01   9.2717040e-02   7.5857510e-02  -2.6180535e-01   8.7105649e-02   5.9773147e-01   2.7895238e-01  -1.7830850e-01  -8.8283704e-02   3.0729943e-02   1.6923057e-03  -3.5437305e-02   7.9113441e-02  -1.0375565e-01   3.0936310e-01   1.8176345e-02   2.4770982e-01   3.7649015e-01   8.4715273e-02
  -2.5290052e-01   5.5049017e-01   4.0383508e-01   2.8986719e-01   0.0000000e+00   3.8202861e-01  -2.8214230e-01  -2.7834341e-01   1.3591317e-01  -4.6980835e-02  -5.7920209e-01   3.7820786e-01   3.8098176e-01  -5.2405378e-02  -2.9230764e-01   2.4316345e-01   5.8309773e-01  -7.9244890e-03  -1.9873977e-01   8.9290325e-01  -9.5315544e-02   2.3084209e-02  -2.8512195e-01  -1.3177513e-01   6.4979177e-02  -2.4936508e-02   1.8119764e-01  -2.4050026e-01  -1.7318016e-01  -2.4356033e-01  -5.3087220e-01  -1.6615135e-01   4.8492091e-01   8.4928480e-02   2.1335759e-02   4.7594587e-01  -4.5071127e-01  -1.7219172e-01   3.0391135e-01   3.5392911e-01   5.0914625e-01   4.2017585e-01   3.5020590e-01  -4.7675109e-01   3.2056489e-01  -1.3595251e-01  -5.1405940e-02  -3.1090502e-01   3.7761903e-01   6.5385430e-01  -1.8226794e-01  -2.7249913e-01  -2.0463172e-01   2.9354243e-01  -1.4717623e-01  -2.9562899e-01  -1.7230790e-02  -2.6573883e-01  -2.5268186e-01  -1.2595835e-01   1.4851779e-01   5.0558147e-01   3.9578180e-01  -4.1216667e-01  -1.6849858e-01  -5.1432066e-02   3.0107366e-01   3.6298894e-01  -3.0190520e-01  -1.8053027e-01   1.5283024e-02  -8.0534291e-03   2.0095530e-01   1.1951517e-01  -1.7619757e-01  -3.4197279e-01  -1.7429314e-01   3.6744216e-02   7.2306152e-01   3.8985302e-01  -3.3836989e-01   1.6381078e-01  -2.0585128e-01  -6.8168386e-02   2.0091319e-01  -3.8858725e-01  -5.8503850e-02  -1.6606847e-01  -3.1240783e-01   1.0453351e-02   8.5698045e-01   1.3196434e-02   5.2855302e-01   5.7916504e-02  -2.7094328e-01   8.7190896e-01   5.4705928e-01  -9.1006293e-02   6.6924349e-01  -1.5294169e-01  -3.6569345e-01  -5.9050553e-01  -1.7438912e-01   4.3498568e-01  -8.6049149e-02  -2.3539157e-01   5.7322998e-01  -1.7909540e-01  -4.0846046e-01   3.2796034e-01  -1.2581162e-01  -1.1610056e-01   3.3153423e-02  -1.9506810e-01  -4.3164840e-01   5.5490694e-01   4.2656001e-02   3.4006499e-01  -2.2287918e-01  -1.0092101e-02  -2.3437631e-01   8.9675961e-01   3.0152446e-01  -1.6140314e-01  -1.5434690e-02   2.4346777e-02  -1.1871727e-01   2.2691619e-01  -1.6693769e-01  -3.9240486e-01   4.2250030e-01  -1.4129808e-03   3.9858862e-01  -4.4445636e-01   3.4462804e-02  -3.4534425e-01   1.8875797e-01  -5.6097689e-01  -4.0915091e-01  -3.0358122e-01  -1.1138889e-01   2.3201264e-01  -2.5972955e-01   5.7121193e-02  -2.2414450e-01  -1.2437620e-01   3.2416032e-02   5.1455026e-01   2.5119854e-02  -4.3190811e-01  -1.9942480e-01  -3.6281425e-01   1.0048660e-01   2.7842540e-02   7.5805111e-01  -2.1127422e-01  -2.2233464e-01  -7.2633019e-02   2.7799845e-01  -2.5870984e-01   3.6142016e-01  -2.7162272e-01   3.9506094e-01  -1.9246817e-01  -6.3324376e-02   3.2105826e-01  -3.5803286e-02  -2.1455557e-01   2.4384238e-02   5.6150124e-01   4.7160651e-01  -3.3311490e-01   8.0436172e-02   7.2066837e-02   2.1468485e-01   1.4597654e-01  -1.2080949e-01
  -8.4359463e-02   4.6606601e-02   2.0248477e-01  -2.8593975e-02   3.8202861e-01   0.0000000e+00   2.3668481e-01   1.2115126e-01  -1.7011913e-01   1.0303093e-01  -3.4002507e-01   2.6174436e-01  -6.0139498e-02  -1.3247092e-01   1.5504215e-01  -2.6390145e-01   3.4492525e-01   4.9488618e-02   2.0605322e-01   3.8530526e-01   3.2521035e-02  -6.7946896e-02   7.2400679e-02  -2.7457504e-01   2.0212025e-02   4.4664878e-01   2.4364200e-01   3.9814290e-01  -1.3602663e-01  -4.2275919e-01  -3.6134186e-01  -2.3640270e-01   8.5374837e-02   1.7677765e-01   1.3359051e-01   5.4910631e-01  -6.8232256e-03  -2.6923232e-01  -1.9111420e-01   2.1772821e-01   2.8083792e-01   2.5866502e-02  -1.1103346e-02   9.4937283e-02  -2.4496164e-03  -6.3113011e-02  -2.1741177e-02  -2.3562585e-01   7.5321385e-02   3.0519652e-01   3.0643654e-02   6.7414144e-02  -1.9699023e-01   7.9594621e-02  -3.8045324e-01   2.0132960e-01   5.8198830e-01  -2.6966063e-01  -2.1950909e-01  -8.0401538e-02  -1.5393668e-01   1.1059656e-01  -1.6160691e-01  -4.0934465e-01  -4.1393789e-01   1.6013173e-01   7.9302704e-01  -9.6003360e-02  -2.4348932e-01   2.7875802e-02  -1.2737414e-01  -2.2169527e-01  -9.3245229e-02   2.2678017e-01  -2.3252396e-01  -1.2548641e-01  -2.7871257e-01   1.5050749e-01   3.3609126e-01   1.7559486e-01   4.1482772e-01  -6.9258680e-02  -4.8715652e-03   4.3451559e-01   3.3446299e-01  -3.1443891e-01  -2.2855323e-01  -1.5487945e-02  -2.4102610e-01  -8.0138815e-02   2.5245716e-01  -1.1937654e-01   4.3056498e-01   6.0390903e-02  -2.8138735e-01   4.5283679e-01   4.0818441e-02   3.5291489e-01   1.3724835e-01  -1.9327272e-01   4.0213898e-03  -2.0587972e-01  -2.5463946e-03   1.6231472e-01  -1.5033903e-01  -5.8561252e-02   2.4447724e-01   2.7086585e-01  -4.2596111e-02   3.5931954e-01   1.7975965e-02  -1.5743007e-01   4.8752957e-02  -4.7019255e-02   2.9565863e-01   1.0261576e-01   4.9870961e-02   2.4960786e-01   2.5981073e-01  -1.9895090e-01  -4.8041905e-01   4.3604448e-01   6.2764397e-03  -4.0430849e-01   3.3279141e-02   2.4051780e-02   1.5014802e-01  -1.6842448e-01  -3.4436396e-01   1.0805397e-01   4.9767518e-02  -3.5676570e-02   2.4592888e-01  -1.6206393e-01  -1.9618430e-01  -2.1524352e-01  -2.2054859e-01  -7.5936561e-02  -2.8715420e-01  -2.9878936e-01  -2.8677096e-01  -2.1372571e-01  -2.4994228e-01   6.1960387e-01   5.2434143e-02  -8.1352636e-02   1.1420146e-01   2.9201169e-01   5.5943156e-02  -4.0583841e-01   2.5448188e-01   2.1558038e-01  -2.2536606e-01  -1.9152343e-02   5.4787821e-01  -3.7823305e-01  -2.5094383e-01  -2.6320242e-02   3.0208898e-02   2.7606136e-01  -9.0934959e-02  -3.1342184e-01   2.5470576e-01  -2.5853019e-01  -2.0380540e-01   6.2665879e-02   4.9663413e-01  -5.8559164e-02  -2.8740969e-01   3.1050432e-01   2.4965639e-01  -3.7859215e-01  -3.2218011e-01   5.1955706e-01  -2.5005458e-01  -1.1805450e-01  -8.7379312e-02
  -1.8425582e-01  -1.3535844e-01  -5.0682487e-01  -2.0468374e-01  -2.8214230e-01   2.3668481e-01   0.0000000e+00  -1.2800422e-01  -1.4563356e-01   2.4129636e-01   2.1264144e-01   2.9160229e-01  -2.9855601e-01  -1.6466851e-01   5.8003511e-01  -2.1076378e-01  -4.2333852e-01   1.0477732e-01  -1.8887450e-01  -1.8109607e-01   1.1165024e-01  -1.2459594e-01   4.7348358e-01  -3.6383341e-01  -1.5481228e-02  -1.2328006e-01   1.9086094e-01   2.6395736e-01   5.5209855e-02   3.0560545e-01   2.8614379e-01  -1.4527447e-01  -3.5092098e-01   6.1414912e-01   3.9349304e-01   1.7094920e-01   4.3883311e-01  -4.4811755e-01  -2.3685591e-01  -7.0444981e-02  -1.0261646e-01  -2.1123576e-01  -9.3334840e-02   1.9919549e-01  -1.3378405e-01  -3.2906849e-01   2.3872909e-01   4.6736716e-01  -1.6093361e-01  -3.5565339e-01   2.2172857e-01  -2.1592876e-01   4.0264652e-01  -1.9672596e-02  -2.1283442e-01   3.9735302e-01   1.2030518e-01  -2.8629980e-01   5.1788239e-02   1.6597898e-01  -4.4692180e-01  -7.2980533e-02  -2.6239963e-01   6.1297350e-02  -2.0672729e-01   5.3254137e-01   3.9466969e-01  -2.6501397e-01   5.9797076e-02  -3.5447781e-01   6.2612550e-02  -2.7138568e-01   1.6319541e-02   2.5098337e-01   4.1104156e-02  -7.0311225e-02  -3.6450651e-01  -2.3788761e-01  -1.4194903e-01  -2.3542196e-02   4.1390773e-01  -6.8374529e-03   1.6172671e-01  -2.7533810e-02   8.2479202e-02   3.8499387e-02   2.3265794e-01   1.6589450e-02  -7.8856084e-02  -3.1902163e-01  -3.4789237e-01  -3.7056121e-01   3.2222019e-01   4.7140297e-02  -4.5127894e-01  -2.9076710e-01  -2.6515940e-01  -6.2314854e-02  -3.2594025e-01   1.3139152e-01   1.6143516e-01   5.5699479e-01   1.8107650e-01  -1.5562928e-01  -2.5609447e-02  -5.9972537e-02  -4.5149258e-02   1.1870900e-01   4.1755421e-01   2.9710097e-01   3.3969828e-01   1.2265009e-01  -3.2071297e-02  -4.1970749e-01   4.0647139e-01   4.2648456e-02  -4.0984793e-01   6.1260327e-02   2.6028335e-01  -4.9217387e-02  -5.0832196e-01  -1.2291861e-01  -5.4493839e-02  -1.6455464e-01  -3.1080478e-01  -4.9945070e-02   3.9663368e-01  -1.9869315e-01  -2.8704692e-01  -1.2746525e-01  -2.7234304e-01   4.2655464e-01  -2.3186158e-02   4.5012457e-01  -2.3664958e-01   2.5818460e-02  -1.8359675e-01   3.1467369e-01  -1.6965536e-01  -4.8800483e-01  -5.0975064e-01  -2.0437492e-01   9.0848201e-02   2.5789598e-01   3.6902943e-01   1.0203254e-01   4.2882411e-01   2.1108991e-01   3.2904442e-01   3.5712089e-02   1.1538310e-01   3.3222457e-01  -2.2154582e-01   1.0617540e-01  -1.6232310e-01  -5.1649885e-01  -4.2659983e-01  -7.6403146e-03  -3.6719942e-01   3.2717340e-01  -3.4265625e-01  -2.2011755e-01   1.2664620e-01  -7.4929761e-02  -8.2159571e-02   2.3431837e-01   7.2965118e-01  -1.2848028e-01  -4.0301281e-01   7.3733331e-02   1.9150526e-01  -4.5856427e-01  -2.8180605e-01  -5.4013184e-02  -1.7314593e-01  -2.1305595e-01   1.2004021e-01
   5.0485305e-01  -2.2257462e-01   1.1711858e-01  -1.5117032e-01  -2.7834341e-01   1.2115126e-01  -1.2800422e-01   0.0000000e+00   2.0349048e-01  -1.6254332e-01   1.3825233e-01  -3.2072989e-01  -2.1444024e-01  -6.9252780e-02   1.0378865e-01  -2.9853194e-01   3.2635623e-02  -1.0241854e-01   3.6949903e-01  -3.7002782e-01  -3.3208707e-01   1.1049407e-01  -7.0759351e-02   3.4984222e-01  -2.2106551e-01   5.6958866e-01   9.6368697e-02   5.1631980e-01   1.2105654e-01  -3.6784266e-01  -6.8646667e-02   1.7533199e-01  -2.3675299e-01  -2.2234228e-01  -1.0460827e-01  -1.4352022e-01  -2.2894708e-01   2.3717587e-01  -3.7877712e-01  -1.1834919e-01  -1.6667615e-01  -2.3428186e-01  -2.6942322e-01   3.3327407e-01  -2.7856402e-01   3.5442245e-01   7.6290404e-02  -3.3091052e-01  -4.6291441e-01  -2.0656653e-01   7.9893714e-02   8.6038102e-01  -2.7050448e-01  -3.2431023e-01  -8.6517416e-02  -6.3981243e-02   3.2106001e-01   4.7199319e-01   2.3644023e-01  -7.0688159e-02   1.1035278e-01  -3.9964532e-01  -1.8343286e-01   2.2193616e-01  -1.5782105e-01  -2.4794138e-01  -7.0997003e-03  -1.0753808e-01   2.2867591e-01   3.2692867e-01  -3.4432565e-01  -1.3635166e-02  -1.1590898e-01  -3.5426958e-01  -7.7123449e-02   5.5759794e-01   2.2763591e-01   4.9270457e-01  -6.0052279e-02  -5.1465020e-02   4.7774997e-01  -1.3270195e-01  -2.2416357e-01   6.4910417e-01  -1.6915380e-01   3.1556634e-01  -4.4724258e-01   6.5858549e-02  -1.3131877e-01   3.8941421e-01  -1.6996146e-01   1.4425680e-01  -3.1487729e-01  -6.7888655e-02   3.2898383e-01  -1.3290674e-01  -1.6657137e-01   5.1842222e-01  -2.9731030e-01  -2.3153541e-01   1.9241248e-01   6.6818649e-03  -7.5714552e-02   8.6317370e-02  -2.9629321e-02   3.2477744e-01  -3.3198617e-01   6.5382908e-01  -7.9258870e-02  -3.1303592e-01  -1.6740054e-01  -1.4961272e-01   4.5935625e-02   4.2871675e-01   4.4643522e-01  -2.1203381e-01   1.6967938e-01   1.5667683e-02  -8.9204957e-02  -1.5943324e-01   3.1245254e-01  -3.0128979e-01  -2.2316821e-01  -1.1391686e-01   3.6571255e-01  -8.8417983e-02  -1.2063073e-01  -3.3925289e-01   2.1485976e-01   1.3741364e-01  -6.1974827e-02  -1.5654031e-01  -3.3521953e-01  -3.3092769e-01  -2.0753365e-02   6.3553346e-01   2.3364953e-02   1.2489296e-01   6.2211037e-01   3.1961409e-01   2.8795096e-01  -2.5951702e-01   4.6457575e-02  -1.0466075e-01   1.9726056e-03   2.2042981e-02  -1.7129785e-01  -2.5287650e-01  -2.3366623e-01  -1.2680912e-01   5.1680108e-01   2.7294416e-01  -1.0262960e-01   2.4403919e-04  -1.6110932e-01   3.6717392e-01   3.1990819e-01   2.2950010e-01  -6.3424160e-02   4.2589288e-01  -1.0735473e-01   1.6725824e-01  -5.1504922e-01   1.5358977e-01  -4.5064936e-02  -1.0623521e-01   1.4433113e-01   4.8790839e-01   1.2177409e-01  -2.4448838e-01  -1.6498094e-01   2.3591255e-01  -1.1393740e-01   2.4957280e-01  -1.9330924e-01   2.4498208e-03   4.3166784e-02
   1.8219611e-01   1.6275280e-01  -1.2094355e-01   2.1346761e-01   1.3591317e-01  -1.7011913e-01  -1.4563356e-01   2.0349048e-01   0.0000000e+00   4.6995507e-02   3.6238376e-02   7.2767157e-02   2.8721920e-01  -4.4850269e-02  -9.8148685e-02  -1.3569237e-01  -1.2660317e-01  -1.2104162e-01   1.8875033e-01  -9.2772448e-03  -4.2311584e-01  -4.0011494e-02  -3.5183238e-01   2.6094588e-01  -4.5959702e-02   1.7770129e-01  -8.1906721e-02   1.6653574e-01  -5.3166883e-02   6.3594564e-02  -9.7293817e-02   1.2711615e-01   1.7917734e-02   4.4566055e-02  -1.6041159e-01   9.0432491e-03  -3.4248901e-01  -4.4074861e-02  -3.9780280e-02  -2.2533921e-01  -2.0320947e-02   1.8165746e-01   8.6301634e-02  -4.5363504e-02   5.4634326e-02  -8.3935151e-02  -7.9095831e-02   3.3731703e-02  -2.9508803e-01  -2.7361068e-01  -2.1121023e-01   1.6486003e-01   8.1903117e-02   1.9825157e-03   2.7823492e-03  -3.1991593e-01   9.6027526e-02   1.7669743e-01   2.8703046e-01  -1.8814062e-01   5.0693093e-02  -8.7309273e-02   4.0556936e-01   2.4052897e-01   2.6647942e-01  -2.1343021e-01  -2.2271980e-01   3.2823555e-01   3.8562929e-02  -9.2789473e-02  -5.2468520e-02   1.8958790e-02   1.2832263e-01  -3.8707380e-01   1.2874299e-01   1.1883012e-01   3.1182671e-02   2.4513978e-01   2.9418925e-01   1.1968122e-01  -6.4415364e-02  -2.0261929e-01  -8.0006451e-02   1.5396310e-01  -4.1905075e-01   5.6738702e-02  -1.1229545e-01  -1.2922662e-01   1.0553639e-01   9.3440054e-02   1.4648889e-01   1.6922709e-02  -8.7141542e-02   5.1374305e-02  -8.2927399e-02   8.9600517e-02   1.6291488e-01   6.2812480e-02   1.4542554e-01  -3.2191726e-03  -6.3708265e-02  -3.0238890e-01  -1.2602773e-01   3.2366645e-01  -1.5513419e-01   1.3130385e-01  -1.3854421e-01   1.1660689e-01  -2.5669409e-01  -1.4930252e-01   6.1533230e-03  -2.3392584e-01   1.3417930e-01  -8.0495665e-02  -5.4166361e-02   2.9876469e-01   6.3334742e-02   7.8959343e-02  -2.4175762e-01   1.1211622e-01   1.5445545e-01   3.1414237e-02   2.8027141e-01   3.3768186e-01  -1.2046734e-01  -2.4657486e-01  -4.1442951e-01  -1.3006129e-03   3.9544535e-01  -3.7035216e-01   8.4467211e-02   1.3469738e-01  -2.7897550e-01  -2.8331819e-01   3.4267447e-01   3.2702681e-01   2.1410130e-01  -2.9490200e-02   1.2857238e-01  -4.1900040e-02   2.8146697e-01   8.5795405e-02  -3.1463402e-01  -2.8778484e-01   1.1120499e-01   2.2993377e-01   2.3136527e-02   4.9135729e-02  -1.9461079e-01   2.2672690e-02  -1.2825405e-01  -4.2718839e-02   1.4682007e-01   1.7949011e-01   3.3240691e-04   1.1057387e-01  -1.1075656e-01   1.0015288e-01  -5.3225564e-02  -1.2868581e-01   2.6123503e-01   1.3152153e-01  -7.1127281e-02   2.5853012e-01  -1.2876698e-01   1.6415811e-01  -5.0456609e-02   3.4784911e-01   9.9139176e-02  -4.7308659e-02   1.0825233e-01   2.4589100e-02   2.5948868e-01   7.2299528e-02   2.7575787e-01   3.6229511e-01  -1.9232911e-01
  -1.2913848e-01   2.6059336e-01   3.1765052e-02  -3.6574604e-01  -4.6980835e-02   1.0303093e-01   2.4129636e-01  -1.6254332e-01   4.6995507e-02   0.0000000e+00   3.7995064e-01   3.9144801e-01   7.7696016e-04  -3.5460916e-01  -5.8141139e-02   7.9667810e-02  -9.1955201e-02  -2.8401165e-01   1.5660014e-01   1.0508463e-01   6.7994163e-03  -5.5424800e-01  -1.0089199e-01  -3.0430952e-01   1.8661564e-01   1.3470061e-02   1.1687364e-02  -3.2611489e-02  -1.6020539e-01  -6.4969071e-02   2.7465154e-02  -1.9086879e-01  -3.4364691e-02   5.8665768e-01  -4.7162489e-01   3.8871503e-01   3.1915329e-01   3.7095791e-02   2.3005014e-01  -6.6241075e-02   1.3254468e-01  -7.2138588e-02   1.2556502e-01   3.5147235e-02   1.6277195e-01  -3.1692780e-01  -1.2495259e-01   4.2568032e-01  -1.8991058e-01  -6.7666305e-02  -2.9344002e-01  -1.0058715e-01   6.2327069e-01  -1.5098842e-01  -1.7022941e-01   4.9432843e-02  -1.4829886e-01  -3.0017521e-01  -8.5231440e-03  -5.3975458e-01   3.1848875e-02   9.8426151e-02  -2.5702986e-02  -3.5202977e-03   2.3258306e-01   2.7910809e-01   9.9625970e-02   2.8790261e-02   9.2288014e-02  -2.9891885e-01   5.4874011e-01  -5.4536260e-01   1.9650466e-01   4.6892155e-02  -1.4822132e-01   3.4088413e-02  -1.1083569e-01  -1.6648038e-01  -1.1445903e-01  -7.3089791e-03  -6.2755179e-03   1.1122020e-01   6.5443809e-01  -3.6028192e-02  -1.4565805e-01  -2.8596765e-01  -1.1225570e-01  -4.9430440e-01  -3.1236645e-04  -3.8891595e-01  -2.2096193e-01  -1.2941996e-01   3.8141642e-01  -4.3995180e-01   8.8818612e-02   4.7784981e-02  -5.9694383e-02   1.1677872e-01  -5.5236285e-02   7.2590181e-01   2.1910346e-03   4.8234694e-02  -1.1342554e-01  -3.2533367e-01  -6.6432510e-01  -1.8108020e-01  -1.7195842e-01   1.3693634e-01   4.0490557e-01  -1.8680030e-01   8.2491062e-01  -4.2494822e-01  -2.0229073e-01   4.9066490e-02   6.7167112e-02   2.7016991e-01   4.5627356e-02   2.2602347e-01  -1.3623783e-01  -2.1991231e-01  -3.3783233e-01  -4.2027535e-02   1.0144645e-01   1.7122905e-02  -3.9872284e-01  -6.4080738e-01  -4.4348424e-01  -1.9305201e-01  -1.3734222e-01  -2.8353859e-01   9.1210134e-02   6.7660825e-01  -1.8308465e-01   2.9997306e-01  -2.0163279e-01  -4.5033398e-03  -2.0408129e-01   1.8041155e-01  -5.6907326e-02   5.5445924e-03   2.3923781e-02  -1.5122856e-02   1.9202878e-02   6.9511395e-02  -4.4083763e-02  -2.0484020e-01   7.0340733e-01  -2.1741181e-01  -3.4573242e-01   5.3089179e-01  -8.1623088e-02  -3.0786709e-02  -3.3232147e-01   4.7083551e-01   1.1823372e-01  -3.0564747e-01  -3.3745523e-01   1.4212017e-01  -9.6406001e-02  -2.5716514e-01  -3.3643866e-02   2.2441946e-01   3.6765124e-01  -5.5583672e-01  -2.1702525e-01   3.7859468e-01  -2.3306182e-02   6.8409359e-02  -2.1648612e-01   3.6102724e-01  -2.6412965e-01  -1.1917562e-01  -2.3460076e-01   1.0014377e-01  -1.3969281e-02   9.0872337e-03  -4.4420387e-01
   1.0485705e-01   4.8194858e-03  -2.3028721e-01  -3.2804451e-01  -5.7920209e-01  -3.4002507e-01   2.1264144e-01   1.3825233e-01   3.6238376e-02   3.7995064e-01   0.0000000e+00  -1.8142243e-02  -1.0891738e-01  -1.5627777e-01   1.5725542e-01   9.4268583e-02  -3.3830088e-01  -2.0894539e-01   5.2044194e-02  -4.9962546e-01   2.1488248e-02  -2.7440324e-01  -4.8715415e-03  -8.0758817e-02   6.3395873e-02  -8.1134519e-02   2.2237694e-01  -1.0907339e-01   2.2738543e-01   4.1984893e-01   4.3911561e-01   3.8803092e-02  -2.3589570e-01   1.7651674e-01  -1.4730940e-01  -3.2478478e-01   3.0849658e-01   2.4161186e-01   1.6145021e-01  -3.7539697e-02  -2.8857377e-01  -3.5902747e-01  -7.6452125e-02   3.7762604e-01   1.1224885e-01  -2.3169543e-01   2.4513198e-01   4.6765349e-01  -3.1961819e-01  -3.4349121e-01  -3.6362771e-02   1.5862873e-01   5.8995367e-01  -4.0415339e-01   5.3010090e-02   1.8911271e-01  -2.9753135e-01   1.5928781e-01   4.2172164e-01  -6.0447036e-02  -6.5638891e-02  -3.2380983e-01  -1.7007876e-01   6.4178736e-01   3.3956332e-01   8.7628733e-02  -1.6925276e-01  -1.5690867e-01   6.3893176e-01  -1.0876095e-01   3.1096556e-01  -1.3138470e-01   2.1896402e-01  -1.0380696e-01  -4.1653242e-02   3.5968528e-01   6.6915699e-03  -5.3043976e-03  -4.7954826e-01  -1.6296305e-01  -1.2611373e-03   1.7477607e-01   5.4480440e-01  -1.1587995e-01  -2.1953427e-01   2.3094944e-01   1.5368901e-01  -1.7850682e-01   5.5953813e-02  -1.8151458e-01  -5.2783302e-01  -1.3461936e-01  -1.9058603e-01  -2.4328517e-01   3.0428912e-01  -4.7527712e-01  -2.3116345e-01  -3.7292169e-03  -3.5480436e-01   4.8317896e-01   1.7569108e-01   5.2569479e-01  -7.1301716e-03  -2.4774519e-01  -1.5292307e-01   1.4956596e-02  -5.0266989e-01   2.5969398e-01   4.0792259e-01  -2.7683076e-01   4.5236541e-01   7.4815216e-02  -2.4726662e-01   1.5089252e-01   9.0774726e-02  -2.8467937e-02   2.0552432e-01  -2.1025024e-01   2.2591692e-02  -4.1697744e-02  -2.4208795e-02  -5.2296021e-01  -1.1884463e-01   1.6727948e-01  -3.4206425e-01  -3.1363178e-01  -1.2886160e-01  -8.8764571e-02   1.5808982e-01   2.9488194e-02  -7.5913357e-02   4.8858300e-01  -2.6857442e-01   3.8657927e-01  -1.5604137e-02   4.4106254e-01  -1.4023138e-01   2.7609579e-01   4.9334050e-01   2.0716161e-01   9.9579474e-02  -1.9283212e-01   4.9535706e-01  -1.7535099e-01  -7.4762666e-02  -2.6153118e-02   2.4367495e-01  -4.4826579e-01  -1.7619229e-01   5.9024198e-01  -1.2379472e-01  -8.9426510e-03  -2.5242750e-01   3.9524109e-01  -4.0552640e-01  -1.3200738e-02  -7.4845865e-02   4.1087991e-01  -3.5033638e-01  -5.5515494e-02  -7.0088479e-02   5.5965814e-01  -7.9577732e-02  -1.2043293e-02   4.0980662e-02   1.5137945e-01  -7.6370098e-02   2.7234337e-01  -8.2862899e-02  -2.2754790e-02  -5.0081006e-01   1.5981751e-01   2.3006306e-02  -1.1050566e-01   6.6571105e-02  -6.7302565e-02   1.9748417e-02
  -1.2862805e-01   6.1979957e-01   1.3882767e-01  -2.7726850e-01   3.7820786e-01   2.6174436e-01   2.9160229e-01  -3.2072989e-01   7.2767157e-02   3.9144801e-01  -1.8142243e-02   0.0000000e+00   1.6124513e-01  -3.6631575e-01   4.0738138e-01   3.1267637e-02   3.3413221e-02  -2.1087176e-01  -1.6791220e-01   4.8000119e-01  -3.4045995e-01  -5.1173400e-01  -3.7444702e-01  -1.2297375e-01   1.5367686e-01  -1.1783165e-01   1.6499772e-01  -1.7036532e-01  -2.3803487e-01   1.5095731e-01  -3.1378298e-01  -4.8668798e-01   1.2471821e-02   6.5749660e-01   2.0397985e-01   2.3729190e-01   9.3454281e-02  -3.6532511e-01   1.0172600e-01   2.0537878e-01   1.6307033e-01  -1.9387951e-03   6.6155923e-01  -2.9645002e-01   5.4980785e-01  -2.6406468e-01   6.7102440e-02   1.5357336e-01  -2.5637907e-01   1.9233897e-01  -3.7334351e-01  -3.5619029e-01   3.4688149e-01   1.6966588e-01  -5.9080618e-01  -4.6186381e-02  -8.8794498e-02  -5.7347155e-01  -1.1447735e-01   4.6949360e-02  -2.2662645e-01   2.0354152e-01   3.0765836e-01   7.0380787e-02   1.3443664e-01   2.1194326e-01   2.7954374e-01   3.3294643e-01  -1.6015841e-01  -3.9120690e-01   1.5381838e-01  -5.1251211e-01   1.4421271e-01   3.0120771e-01   8.1356859e-02  -3.5059551e-01  -3.3565245e-01  -8.2516194e-02   5.0441016e-01   1.3739676e-01  -3.4615942e-01   1.4353475e-01   1.3681192e-01  -9.3031675e-02   1.3321011e-01  -5.5560813e-01   8.8750708e-02  -4.3284393e-01  -1.2744471e-01  -1.7816484e-01   3.6527927e-01  -1.7188766e-01   7.3245547e-01  -9.0235664e-02  -3.9065576e-01   5.0770489e-01   2.3665753e-01  -9.7369155e-02   3.4178328e-01   3.3908424e-01  -4.1046573e-01   3.8370497e-03  -4.2359169e-01   3.9478546e-01  -4.3116316e-01  -2.9913068e-01   2.2991209e-01  -2.2691441e-01  -4.4381798e-02   2.9619079e-01   3.3187551e-01  -3.2867358e-01  -5.4221478e-02  -1.6656907e-01  -2.3547354e-01   6.0408745e-01  -1.4111938e-01   5.5964078e-02  -1.9313712e-01  -2.7951461e-01  -3.6246962e-01   5.8536502e-01   5.6437760e-01  -3.1481678e-01  -1.4704106e-01  -1.7027472e-01   3.0814609e-02   3.2713968e-02  -5.4429990e-01  -4.7058177e-01   1.3948671e-02   4.3223684e-01   2.6232656e-01  -7.0484935e-02  -2.9198496e-01  -1.4544501e-01  -5.6009341e-02  -3.9904767e-01  -3.3221984e-01  -4.2495641e-01  -1.8777939e-01  -7.1615188e-02   9.4595097e-02   1.7159532e-01   3.4278591e-01  -1.7342506e-01   4.2522547e-01   4.5866058e-01   2.4856251e-04  -9.1286632e-02  -1.6719746e-01  -4.0908825e-01  -3.0806150e-02   3.3612468e-01   5.7392126e-01  -3.4206260e-01  -4.0453522e-01   1.3032447e-01  -1.0393916e-01  -3.6651711e-01   3.6012470e-01  -1.7138251e-02   4.1045046e-01  -4.3740415e-01  -2.2732812e-01   6.2632945e-01   3.5169693e-01  -2.8045343e-01  -3.5313068e-02   5.2443796e-01   5.0306420e-01  -3.9293931e-01  -3.5213816e-02   1.0582660e-01   2.7332325e-03  -1.0426055e-02  -1.1789493e-01
  -9.3574736e-02   2.7571202e-01   1.9757839e-01   9.4491842e-02   3.8098176e-01  -6.0139498e-02  -2.9855601e-01  -2.1444024e-01   2.8721920e-01   7.7696016e-04  -1.0891738e-01   1.6124513e-01   0.0000000e+00  -3.7415078e-02  -3.6496905e-01   1.4209451e-01   1.3970430e-01  -1.1238156e-01  -1.3972199e-01   4.3399053e-01  -1.1238037e-01  -8.1742500e-02  -4.5142349e-01   2.3376021e-01   1.7493249e-01  -1.8796133e-01  -2.7839618e-02  -3.6383142e-01  -2.4585379e-01   1.0761573e-01  -2.6403390e-01  -1.2594255e-01   1.5154900e-01  -2.2884448e-01  -5.9140930e-03  -4.3501183e-02  -1.5174439e-01  -2.7822654e-01   8.5481465e-02   5.1371413e-02   4.5817268e-01   9.1095985e-02   5.6630563e-01  -2.5989225e-01   3.3448449e-01  -1.2382642e-01  -1.4238457e-01   9.0634688e-02   1.5165338e-01   1.6436207e-01  -2.8162720e-01  -2.6364880e-01  -1.9709840e-02   1.7914573e-01   1.3217042e-01  -1.4829527e-01  -2.0660752e-01  -2.4270659e-01  -1.0381730e-01  -7.2359023e-02   8.4531112e-02   1.6924845e-01   4.8435244e-01  -1.9480734e-01   1.9543060e-01  -1.4107952e-01  -7.7893847e-02   4.9149706e-01  -9.1024445e-02  -2.5590895e-02   1.4931180e-01   5.9649054e-02   2.1953808e-01  -8.8367283e-02  -1.4101623e-02  -3.7066853e-01  -4.8873392e-02   1.1120981e-01   2.7757066e-01   2.0353251e-01  -5.0387570e-01   1.2882882e-01   7.9347868e-02  -2.4458735e-01  -1.8208672e-01  -4.6261009e-01   6.6238801e-02   1.3149918e-02   2.3197070e-01   7.1348296e-02   3.6199326e-01   1.2134800e-01   5.5902051e-02  -1.3626404e-01  -2.9060228e-01   3.8128826e-01   4.5770139e-01  -2.0986067e-01   6.0881045e-01   1.3528412e-02  -2.2882930e-01  -4.9911193e-01  -1.7595626e-01   1.5425543e-01  -4.6764937e-02  -3.1599023e-01   1.9241108e-01  -1.7151072e-01  -1.7567002e-01  -3.6152111e-02  -4.3523153e-02  -1.6928771e-01   2.2404774e-01  -1.0110862e-01  -4.2840801e-01   5.7824214e-02   1.5725342e-01   3.5974213e-01  -2.9612079e-01  -8.4491491e-02   1.5635498e-01   3.1353830e-01   4.3100015e-01  -5.6965674e-02   8.9470399e-03   4.2109597e-02  -3.0352838e-01   3.5785761e-01  -2.9854159e-02  -2.2141235e-01   1.8914570e-01  -1.1992634e-01  -1.3557517e-02  -2.6694671e-01   1.8366391e-01  -1.5138707e-01   3.0325193e-01  -2.1125836e-01  -2.8204889e-01  -2.0584759e-01   2.0409678e-01   5.5911429e-01  -7.3568357e-02  -2.8553401e-01  -3.1877451e-01  -2.4755651e-01  -8.6461211e-02   1.5515657e-01  -9.8923889e-02  -2.1566400e-02  -1.9719946e-01  -3.6852777e-01   1.8796808e-01   4.0900599e-03   2.1686969e-01   1.3038406e-01  -6.4048048e-02  -6.7519736e-03   9.5274739e-02  -4.4330019e-01   4.4789756e-01   2.5717563e-01   3.3052505e-01   2.8950914e-02  -5.7240196e-03  -4.5243034e-02  -3.6183983e-01  -1.9855553e-01   1.5337400e-01   2.0819817e-02   1.2966733e-01  -6.5041694e-02   3.8333428e-01  -1.7343225e-01   3.3784123e-01   3.1207468e-01  -5.0835974e-02
   1.4768468e-01  -4.3134260e-01  -8.8424300e-02   3.3947411e-01  -5.2405378e-02  -1.3247092e-01  -1.6466851e-01  -6.9252780e-02  -4.4850269e-02  -3.5460916e-01  -1.5627777e-01  -3.6631575e-01  -3.7415078e-02   0.0000000e+00  -4.0125661e-02   9.4837842e-02  -7.7168350e-02   3.9452616e-01   3.0016083e-02  -7.4969406e-02   4.3334125e-01   5.9828878e-01   2.6124009e-01   3.9793784e-02  -1.3729537e-01  -1.2048077e-01  -1.1821298e-01   4.3915938e-02   1.1252649e-02  -1.0644089e-01   2.3079839e-01   1.3208246e-01   1.8001176e-01  -4.5182753e-01   2.2517918e-01  -2.0542958e-01  -1.9213302e-01   2.6100788e-01   9.5803052e-02  -2.0278073e-01   7.2630376e-03   1.2538669e-01  -2.1240940e-01   1.8981150e-01  -1.7493181e-01   4.1491721e-02   1.2937247e-01  -3.9596453e-01   3.8504685e-01  -7.4820241e-02   4.0010881e-01  -1.0430564e-01  -5.2565813e-01   7.7301914e-02   3.4498384e-01   4.4395341e-01   1.1115456e-01  -1.6645302e-02   1.8006619e-02   2.9370906e-01   8.4168837e-02   2.6813404e-02  -1.8608804e-01  -1.9117008e-01  -2.6992879e-01  -3.3162707e-02  -4.1271161e-02  -4.2374578e-02  -9.6413466e-02   1.5688327e-01  -3.7209752e-01   4.1364620e-01  -5.9013435e-02   3.7593151e-01   2.0070339e-02  -2.7752710e-01   3.4023554e-02   5.7427516e-02  -3.3504664e-01   9.1626099e-02   1.1458530e-01  -6.0076603e-02  -2.7048119e-01  -4.2055663e-02   3.5180033e-01   7.2730137e-02   3.2060072e-01   5.4759333e-01  -1.0574966e-01   2.5058143e-01  -5.5470872e-02   2.1746874e-01  -3.6293863e-01   3.1259058e-01   1.1722621e-01  -9.4470190e-02   5.6391909e-03  -2.2856362e-01  -3.4461782e-02  -3.6385279e-01   1.7400284e-01   2.4232702e-02   5.7465000e-01   6.9724749e-02   5.7771439e-01   1.3200183e-01   1.7082122e-02  -1.6162260e-01  -1.4881474e-01   9.4650626e-02  -3.8110326e-01   5.5827997e-01   1.5900874e-01   1.0561644e-01  -1.7252780e-02  -4.8725765e-01   1.2088967e-01   2.7823429e-02   3.7692014e-01   3.8225229e-01   1.2809346e-01  -8.2950708e-02  -3.0625539e-01   5.8305569e-02   1.9263813e-01   6.1215820e-01   3.7571154e-01  -4.3381680e-03   1.1941665e-01   1.2775203e-01  -3.3680016e-02  -4.8693776e-01   4.1597236e-01   3.7433538e-02   1.2182049e-01  -3.9569501e-01   1.4021003e-01   1.2525237e-01  -2.3344707e-01   1.8764272e-01   2.5427315e-01  -1.1983275e-01   5.1200455e-03   1.0263472e-01  -2.0071035e-01   9.2826142e-02  -4.7059370e-01  -7.3025682e-02   2.2603652e-01  -2.7347736e-01   1.0746664e-01   2.4154644e-01   3.7715427e-01  -4.3552013e-01  -2.8722008e-01   2.5447698e-01   1.6886108e-01   1.1644206e-01   1.5067568e-01   3.4026352e-01  -1.2270620e-01  -1.2926854e-01  -1.0893279e-01   3.7813427e-01   2.9241001e-01  -5.3319904e-01  -1.8766014e-01  -1.0419063e-01   1.3492164e-01  -3.9996377e-01  -1.7199120e-01   5.3651212e-02   2.6047781e-02  -2.0558975e-02  -2.0744522e-03  -2.2443862e-02   1.4379611e-01
