   0.0000000e+00  -4.0947649e-01   9.6635364e-02  -8.1359745e-02  -3.0585668e-01   1.3444834e-01  -1.3158235e-01  -1.5752093e-01   9.5425443e-02  -1.2171083e-01  -3.0927555e-02   1.3846857e-01  -1.7877995e-01   2.5655908e-01   4.7585101e-01   3.2069079e-01   6.6255521e-03  -3.4911733e-02  -1.2773938e-01  -1.8611173e-01   1.9679918e-01   7.5914347e-02   3.4176444e-01   5.8183292e-01  -1.8083879e-01  -1.4386132e-01   9.0135353e-03  -1.3651751e-01   8.5319948e-02  -1.0479438e-01  -2.2700158e-01  -1.5496619e-02  -6.0834596e-02  -2.8370043e-01   5.6684759e-02  -2.1124551e-01  -1.7374263e-01   5.3724638e-01   2.1934082e-01   2.6877957e-01  -2.9776552e-01  -2.6183543e-02   4.5784856e-02   2.5553549e-02  -5.1121500e-02   1.8721751e-01  -1.6532612e-01  -4.4911396e-01  -2.2333815e-01   9.0549163e-02   3.9153613e-03  -7.7547495e-02  -2.4688404e-01  -1.3553890e-02   9.5244975e-02   4.4291055e-02  -1.0795357e-01   7.7801968e-02  -3.7425445e-01   5.1715548e-01   3.6343224e-01  -3.9308252e-01  -1.4060185e-01  -1.6245113e-02  -1.6521931e-01  -1.8172308e-01   4.7714278e-03  -2.1157073e-01   5.6961441e-02   3.3144528e-02  -5.0206465e-01  -2.3736386e-01   1.3858822e-01   6.8115847e-01  -3.6087824e-01  -2.5309786e-01   3.2591432e-01  -2.4352793e-01  -3.3296562e-02  -2.7465617e-01  -7.8305100e-02   2.8440602e-01  -7.1364764e-02  -1.2447704e-01   2.8345953e-01   3.3726513e-02  -1.0606889e-01   5.0507955e-01  -4.8623700e-01   6.5038937e-01  -2.3024543e-01   5.0127722e-01  -2.6731147e-01   2.4382325e-01   6.1237674e-01  -2.0028527e-01  -2.2612811e-01  -6.7888908e-02   2.6065645e-01   8.0556879e-02   5.5931852e-02   1.3363884e-01   1.2870329e-02  -2.8064657e-03  -2.1008544e-02  -1.0056120e-02  -4.2151356e-03  -1.1823986e-02   2.1316040e-02  -9.2528929e-02  -1.8997692e-01   8.8249218e-02  -3.8410763e-01   7.0328033e-01  -1.0291894e-01  -2.5498384e-01  -1.1600895e-01  -1.5132485e-02  -2.0857424e-01  -1.3063422e-01   2.0658556e-01  -1.1587762e-01  -8.7543351e-02  -8.3499169e-02   4.9622459e-01   6.1359730e-01   3.4117534e-01  -2.7202096e-01  -9.5705232e-02  -1.2385468e-01  -1.7387007e-01  -1.2042359e-01   5.1915793e-01  -2.4800863e-02  -1.0441840e-01  -1.2242716e-01  -2.7497421e-01  -3.6170431e-01   7.3831860e-02   4.3607342e-01   2.1489937e-01  -3.1833066e-01   1.3050944e-01  -1.0995182e-01   2.8845676e-01  -1.2855852e-01  -2.7124124e-01  -1.9688861e-01  -1.2691715e-01  -1.6995724e-01   2.8840932e-01  -8.9514406e-02   2.5086565e-01  -3.4812987e-01  -4.8587029e-02   6.0956676e-01   2.3537066e-01  -2.3042855e-01   3.8042347e-01   2.7132326e-02  -2.9533440e-01  -2.8577179e-02  -4.1782213e-01  -2.1172634e-01   1.0568596e-01  -2.0827815e-01  -2.1379195e-01   1.3913457e-02   3.3349245e-01  -2.7572638e-01  -1.8747691e-01   3.6462325e-01  -2.7826058e-01   7.3096007e-02  -8.6060721e-02  -2.9838667e-01   2.2811598e-01
  -4.0947649e-01   0.0000000e+00   3.1968642e-01  -4.4899826e-01   3.8222219e-01  -3.0619125e-01   4.0168032e-01  -3.6308738e-01  -1.7195749e-01   2.3388495e-01   1.2633599e-01   4.8709771e-01   1.8132293e-01  -3.4543194e-01  -2.7130289e-01  -1.2206900e-01   1.1771615e-01  -3.5557949e-01  -3.8722302e-01   2.8301974e-01  -2.7049613e-01  -5.6667394e-02  -1.0471263e-01  -5.5966025e-01   1.0786257e-01  -3.5032847e-01   1.3657431e-01  -1.0813053e-01   1.5380704e-02   3.2963035e-01  -2.3718780e-02  -2.3590774e-01  -2.0649745e-01   4.2368438e-01  -2.8606916e-02   4.4823864e-01   2.4941259e-01  -2.4664800e-01  -3.0444447e-02  -2.6832919e-02   2.1715695e-01  -4.5370842e-01  -1.0993811e-01  -3.5636550e-01  -2.6135940e-01  -9.0103338e-02   3.4016399e-01   5.0394328e-01   5.2671751e-01  -1.5808505e-01  -3.4567542e-01  -2.7308175e-01   3.9366856e-01  -8.5942462e-02  -1.3185027e-01  -2.1397424e-01  -3.7581602e-01  -2.0615181e-01  -1.3694414e-01  -9.9335971e-02  -2.4573551e-01   3.5424748e-01  -2.2063501e-01   3.6272217e-02  -1.4133248e-01   3.5849645e-01  -1.8887945e-01   7.9741124e-02  -9.0523824e-02   1.5526157e-01   7.6384946e-01  -5.1072198e-01  -9.3993344e-02  -2.1975900e-01   2.1487999e-01  -1.0440761e-01  -1.7507426e-01  -1.2990774e-01   3.9813170e-01   6.4274048e-02  -2.3015619e-01  -2.1779400e-01   1.2849288e-01  -3.2134528e-01   1.1848119e-01  -2.8764888e-01   3.3506061e-02  -2.8793984e-01   1.4760049e-01  -3.4199159e-01   3.3003367e-01  -2.8712234e-01   3.0942618e-01  -2.9310027e-01  -2.8750321e-01   4.8802842e-01   3.4334144e-01  -1.4438745e-01   3.8789222e-01  -3.0507755e-01   1.6122469e-01   2.3377629e-02  -2.1766438e-01   8.5213361e-02  -3.0528741e-01  -2.6222636e-01  -1.6274512e-01  -2.4985753e-01   1.8187680e-03   1.9804586e-01   2.1106470e-01  -2.2795024e-02  -3.4244809e-01  -2.2451100e-01   5.6943502e-02   4.8621446e-01  -1.8562343e-01   6.2606294e-02  -1.4288009e-01  -4.4289680e-01  -3.9843244e-01   4.0674927e-01  -2.1742548e-02  -1.5567674e-01  -2.0033134e-01  -3.0333865e-01  -3.9929998e-01  -3.3449497e-02  -1.1594275e-01   2.0657845e-01  -9.0881263e-02   2.8903258e-01   1.2167842e-01   2.6335498e-01  -4.1554505e-01  -2.2230968e-01  -4.8116753e-02   1.3570728e-01  -1.0868779e-01  -2.3123579e-01  -3.6242088e-01   5.0709871e-02  -2.8197376e-01  -1.6593562e-01  -2.4022375e-01  -1.5477062e-01   5.8822247e-01   1.9512087e-01   2.1035624e-01  -1.7653118e-01  -2.7721351e-02  -3.8154550e-01  -5.4746028e-01   2.8353221e-01   4.8382243e-01  -3.2296884e-02  -4.6899487e-01  -9.3447954e-02  -4.1109313e-01  -1.2231682e-01   1.0723811e-02  -3.4793191e-01   2.3107052e-01  -1.9168295e-01  -2.2688738e-01   4.1184278e-01   2.5940942e-01  -3.1469406e-01  -3.8306574e-01   2.3732836e-01   2.4114076e-01  -1.2948111e-01  -1.3144987e-01  -3.9058077e-01   7.3883569e-02  -2.2283684e-01  -1.2754633e-01
   9.6635364e-02   3.1968642e-01   0.0000000e+00  -5.5090054e-02   1.5869352e-01   2.5935353e-01   2.7599532e-01  -1.4083213e-01   9.7163333e-02  -1.4873750e-01  -3.0635241e-02   4.6830519e-01  -1.5880892e-01  -3.8615146e-01   1.1881334e-01   1.7946675e-01   6.7335521e-01  -1.9343543e-01   9.6482392e-02   2.8756537e-01  -5.0735625e-01   6.4483297e-02  -2.4110243e-02   3.3458425e-02   2.1622555e-01  -3.2842476e-02   2.3859309e-01   4.8559603e-02   2.2812749e-01  -1.3301270e-01  -2.2649016e-01   1.1274447e-01   3.7988747e-02   9.4987003e-04   9.0867613e-02   1.6193600e-01   1.9142783e-01   1.3513795e-01   1.2678336e-01   2.9412459e-01  -1.1683300e-01   2.3861687e-02   2.5546068e-01  -1.1407239e-01  -1.1594125e-01   7.8709954e-02  -1.0871840e-01  -1.0601422e-01   1.6670575e-01   2.2494940e-01  -1.2037209e-01   8.2058500e-03  -1.1186910e-01   2.0086533e-01  -5.5288738e-03   7.4367130e-02   7.2233404e-02   1.3464029e-02  -9.3152385e-02   2.1276784e-01   2.9941281e-01  -5.5800378e-02   5.6142031e-02  -1.6051464e-01  -2.9206745e-01  -9.9480108e-02   7.1721553e-02   1.0178585e-01   1.2997386e-01   5.5280232e-01   2.3394820e-01  -1.7915336e-01   2.5593964e-02   3.4365493e-01   1.6587844e-01  -1.1626378e-01   1.8745723e-01   4.1133589e-02   7.0683989e-02   6.0470626e-02  -2.6529890e-02  -1.3077301e-02  -1.5056722e-01   2.5171304e-02   2.9787476e-01  -1.9703347e-02  -1.0301221e-01   1.7021582e-01   1.8957235e-01  -2.5216447e-02  -9.2441417e-02   3.6703389e-01  -6.7404794e-02   5.3693129e-02  -1.8743869e-02   1.3623871e-01   1.2450750e-01   9.8035944e-02   2.5918849e-01  -4.9505013e-01   3.0247750e-01   1.8295676e-01  -6.8857099e-02   1.9940788e-01   8.7392937e-02   2.3373149e-02   6.0291339e-02   1.0593395e-01  -6.3728863e-02  -2.1301084e-01  -8.2694536e-02  -3.7152589e-02   1.1945684e-04   4.3514407e-02   4.8305239e-02  -1.4255255e-01  -5.7149599e-02  -1.4328215e-01  -6.0791387e-02  -5.2495942e-02  -2.1884993e-01   2.1739385e-01   3.3463128e-01  -3.2132074e-01  -7.8322076e-03   1.7754983e-01  -4.2431244e-02   9.9572445e-02   6.9021502e-02   4.1682157e-01  -1.5258051e-01  -4.8657308e-02   2.7685721e-01  -1.5269746e-01   4.1941285e-02  -8.8864040e-02   1.9984096e-03  -7.9699777e-02   1.5317073e-01   1.6040843e-01  -2.0490993e-01  -3.5861412e-01  -1.3098263e-01   8.7983711e-04  -4.5046649e-02  -2.7836029e-01   3.1975882e-01  -2.4224178e-01  -1.6406000e-01  -5.9441477e-01   3.2920635e-01  -1.5388118e-01   5.9864365e-02  -1.3499363e-01   4.2798052e-01   5.7317760e-02  -2.2041807e-01  -2.2712296e-01   2.7978711e-01   7.5107220e-02   1.1978098e-01  -1.4859632e-01  -3.2733901e-01  -1.2855132e-01   8.7455323e-02   6.2979058e-02  -6.1651211e-02  -2.2077635e-01   9.7493138e-02  -1.8468049e-01  -1.1059842e-01   5.8025012e-02  -9.8459847e-02   1.5051827e-02   9.8413001e-02  -1.5735096e-01   1.3644048e-01
  -8.1359745e-02  -4.4899826e-01  -5.5090054e-02   0.0000000e+00   1.9020924e-01   1.1260234e-01  -3.9630552e-01   4.5182185e-01   5.5540984e-01  -3.4718947e-01  -4.7960159e-02  -3.7376654e-01  -1.4433423e-01   3.4991397e-01  -3.8128856e-02   1.6394459e-01   1.0825355e-01   5.6101153e-01   3.9473183e-01   2.9919809e-01   1.4122081e-01   4.2588805e-01   1.0730776e-01   2.4767192e-01   2.6788275e-02   3.2268639e-01  -2.1110035e-01  -8.6158588e-02   2.5158489e-01  -4.0158285e-01   1.0835975e-01   5.3603430e-01   3.6556958e-01  -2.2632503e-01   3.3836941e-01  -1.6815518e-01   2.1975421e-01  -1.2768301e-01  -9.2963887e-04   1.2784310e-01   1.5780058e-02   5.7893303e-01   5.6911304e-01   1.9324701e-01   2.7862563e-01   8.9846599e-02  -3.2946657e-01  -3.3141910e-01  -1.3323172e-01   4.1416990e-01   5.6718372e-01   3.3864124e-01  -2.2576128e-01   1.9243234e-01   3.4681264e-02   1.3690629e-01   2.7338014e-01   3.8945223e-01   5.4280516e-01   1.8330389e-03   7.3430206e-02  -8.6662693e-02   6.9127656e-01  -2.0793899e-01   4.1048267e-01  -3.5398530e-01   2.0460355e-01  -8.6886864e-02   2.0349145e-01  -3.4918173e-02  -2.1047611e-01   7.0548844e-01   3.2044313e-01  -1.7016778e-01  -7.3834527e-02   3.7070317e-01   5.4796473e-02   3.9689697e-01  -1.2596284e-01   3.8986304e-02  -1.0930620e-01   3.1908862e-01  -2.1953091e-01   4.3327834e-01  -3.3769172e-02   3.8240327e-01   4.8268593e-01  -7.1014903e-02   3.8673540e-01  -8.2199336e-02   5.9596357e-02   2.4923820e-01  -2.0264375e-01   5.5002019e-01  -1.0061690e-01  -1.4214535e-01  -3.3030830e-01   3.4829426e-01  -3.1813955e-01  -6.2050090e-02   2.2205865e-02  -1.3784111e-01   2.2776082e-01   4.3044374e-01   5.8153181e-01   6.9792617e-01   1.8289194e-01   3.6152331e-01  -9.2854892e-02  -1.9776042e-01  -1.8673879e-01  -2.8520936e-01   6.2172631e-01   8.7257556e-03  -6.1874985e-02  -3.2249135e-01   4.3159435e-01  -1.2348197e-01   1.8876458e-01   8.7650487e-01  -1.0732600e-01   5.7093682e-02   3.3633908e-01   3.1307341e-01  -1.9826361e-01  -5.0433774e-02   2.5954842e-01   3.8821359e-01   6.2558476e-01  -1.3578160e-01   2.8789517e-01  -2.0792580e-01  -1.0108496e-01   6.6003254e-04   8.0945522e-01   3.5339748e-01   1.5166670e-01   1.5328267e-01   3.2941385e-02   6.7550087e-02   1.5414760e-01  -2.8327435e-02   2.3917985e-02   9.9088303e-02   2.0500962e-01   3.1043858e-01  -4.0247404e-01   4.3221435e-02  -1.1413654e-01   1.5044414e-01  -1.9512117e-01   4.4339037e-01   4.0912252e-01  -9.8357894e-02  -2.6273965e-01  -4.9353624e-01   2.2211839e-01   1.9616696e-01   3.6200218e-01  -1.0953645e-01   1.2264555e-01   2.7652230e-01  -2.5110958e-02   6.1610161e-01   2.9729532e-01  -1.3173655e-01  -6.3723792e-02   4.9132002e-02   1.6887515e-01  -1.2316606e-01   1.1989566e-02  -1.4178819e-01   3.9687765e-01   1.8511653e-02  -1.4291556e-01   1.6348929e-01   5.7527880e-01
  -3.0585668e-01   3.8222219e-01   1.5869352e-01   1.9020924e-01   0.0000000e+00  -9.6507673e-02  -9.2640911e-02   6.9008640e-02   3.6753097e-01  -2.7133070e-01   4.8017388e-01   4.3920571e-03   4.4835154e-01  -1.8822304e-01  -3.2910060e-01  -6.2325846e-02   8.3826305e-02   3.9366615e-01   3.3572632e-02   8.2415048e-01  -5.5032686e-02   1.6575128e-01   1.7132757e-01  -1.4833844e-02  -9.0988362e-02   8.6917802e-03  -1.0557287e-01   5.1789400e-02   4.5596060e-01  -2.2339784e-01  -1.3672810e-01   6.3804361e-02  -1.3179769e-01   4.6648213e-01   2.1060724e-01   7.8063617e-01   6.6613784e-01  -2.6165581e-01  -2.1600253e-01  -1.8716988e-02   5.4564108e-01  -4.5525410e-02   3.0787315e-01  -2.2389379e-01  -4.8056233e-02  -1.0955222e-01   4.8009507e-01   1.6494957e-01   5.7032426e-01   9.5824991e-02   8.5492712e-02   1.6076559e-01   4.8644600e-01  -3.4761095e-02  -2.8082250e-01  -4.5833298e-02  -1.2918293e-01   9.0451746e-02   1.2205223e-01  -1.5499309e-01  -2.7108834e-01   2.4893123e-01   3.9937965e-01   5.4221582e-02   2.6107756e-01  -5.9515029e-02   7.2117223e-02  -1.1034322e-01   2.0494446e-01   7.3999393e-02   4.0642533e-01   4.9332560e-03   3.4248852e-01  -2.9347844e-01   7.0542210e-02  -9.9063565e-03  -2.0224897e-01   7.2066427e-02   5.2324662e-01  -1.3166927e-01  -2.6140587e-01   3.7799267e-02   2.2003473e-01   3.0126547e-02   1.0275792e-01  -7.0961699e-02   1.5276050e-01  -1.3982606e-01   3.9064555e-01  -3.4360532e-01   5.7347853e-01  -1.3584388e-01   5.2154523e-01   1.6294218e-01  -2.8160225e-01   4.0620367e-01  -1.7128903e-01   1.9233099e-01   7.8871958e-02  -4.6407845e-01   1.7530771e-01  -5.4676415e-02  -2.6213125e-01   2.5839931e-01   8.6380568e-02   2.3353900e-01  -2.4044886e-01   8.6024218e-02   1.2111178e-01   3.7874369e-01   4.3266091e-01  -4.6161613e-01   1.1722257e-01  -1.1644746e-01   1.2521103e-02   3.5811039e-01   2.6382129e-01   4.4110943e-01  -4.4080102e-03   1.6674812e-01  -4.9053797e-01   6.9959630e-01   2.2220752e-01   5.9785700e-02  -4.1974320e-01  -2.8580095e-01  -5.0678287e-01   1.6414454e-01   4.7944203e-01  -2.9784776e-02   6.9139748e-02   5.5348589e-01  -2.8195423e-02   3.6771493e-01   1.7986508e-01  -1.4156188e-01  -1.5376151e-01   1.8637521e-01  -2.9484810e-01  -3.1199030e-02  -5.8424161e-01   9.7473505e-02  -2.7721180e-01  -6.1426058e-02  -4.6751237e-02  -2.5344913e-02   3.3930418e-01   5.2785553e-01   5.5596981e-01  -3.7181226e-02  -1.1869953e-01  -5.1182338e-02  -3.2496620e-01   5.0302105e-01   1.2984405e-01  -3.0571485e-01  -3.8894832e-01  -8.9733854e-02  -2.1661844e-01  -3.2932601e-01   1.2286408e-01  -1.7256452e-01   3.5968253e-01   2.9771986e-01  -1.1732596e-01   6.1278531e-01   5.3984507e-01  -3.7660731e-01  -3.4876175e-01   3.5532984e-01   4.4344685e-01  -2.2791229e-01   3.3037143e-01  -2.2572330e-01  -2.5463034e-01  -2.3461567e-01   2.7901516e-01
   1.3444834e-01  -3.0619125e-01   2.5935353e-01   1.1260234e-01  -9.6507673e-02   0.0000000e+00   1.6514258e-01   6.1329267e-01   2.4722760e-01  -4.6678944e-01   2.5611129e-02   6.3897108e-02  -1.7971671e-01  -2.1846176e-01   3.3090953e-01   3.0854978e-02   2.6048957e-01   1.6386310e-01   7.1333262e-01  -1.6460946e-01  -2.2104779e-01   2.5869839e-01  -9.3958691e-02   1.8104365e-01  -2.6001990e-01   6.0316650e-01   6.5923602e-01   1.9150084e-01   1.8878407e-01  -9.0908030e-02  -1.1728405e-01   2.1408838e-01  -1.1462069e-01  -4.7152207e-01   1.8299213e-01  -8.2363793e-02   1.2635119e-01   2.2017923e-01   7.8177513e-02   3.4711235e-01  -2.3879303e-01   2.7469367e-02   2.5146176e-01   4.0971988e-01   3.9498290e-01   1.0617907e-01  -1.0472802e-01  -4.3777088e-01  -1.9159621e-01   8.7476680e-02   2.2263754e-01   6.2162532e-01  -5.2086766e-01  -1.8615600e-01  -3.2648209e-02   5.1629048e-01   6.8368306e-01   4.4261033e-01  -4.4735013e-02   2.6587828e-01   1.9571456e-01  -1.3889861e-01   2.1605093e-01  -1.2707457e-01   3.1016362e-02  -4.8390922e-01   8.2975528e-01   1.7950034e-01   6.5847152e-01   2.6740264e-01  -2.8238222e-01   2.6944009e-01  -3.3267957e-01   2.3988985e-01  -3.2774845e-01   1.1428204e-01  -2.6314427e-03   5.2919991e-01  -3.7092618e-01  -4.5828700e-01   6.0375346e-01  -1.4906724e-01  -2.0738707e-01   6.7382868e-01   7.3178322e-02   4.4894749e-01   5.8936614e-02   4.7346752e-01  -1.2678165e-01   2.3776908e-01  -5.0925363e-01   2.5694206e-01  -4.2298289e-01   3.2590103e-01   2.6187547e-01  -3.7364084e-01   7.5198064e-02   6.4571844e-01  -1.8656815e-01  -1.0509533e-01  -2.1011174e-02   3.7871602e-01   4.8310722e-01   2.8254443e-01   3.0494930e-01   3.6119780e-01  -2.6134021e-01   7.2550002e-01   6.2378689e-02  -5.4174216e-01  -3.6858156e-01   2.8089241e-01   1.8394422e-01   1.5307317e-01  -8.6438820e-02  -5.0960014e-01   4.3124067e-01  -1.7180666e-01  -1.1432961e-01   7.0197670e-02   1.9499331e-01  -2.9043626e-01   5.2832773e-02  -3.7633178e-01   3.1564722e-01   3.0535761e-01   2.9062682e-01  -3.2213996e-01   3.1431355e-01   2.7886916e-01  -2.1455866e-01  -2.5177802e-01   1.5202342e-01  -6.2603768e-01   4.1979134e-01   5.0472860e-01  -2.9915073e-01  -2.1164820e-01   5.8136821e-01   3.9061911e-01   9.5020284e-02  -3.5110720e-01   2.3510778e-01  -8.1081393e-03  -2.4200450e-02  -1.5720475e-01   5.6120875e-04  -4.9235590e-01  -3.9048995e-01  -3.7583591e-01   3.6390527e-01   5.5426446e-01   3.5538374e-01  -3.4692143e-01   2.6989226e-01   2.1906616e-01   1.0905310e-01  -1.0787298e-01   2.0086980e-01   5.2986663e-01   3.2858485e-01   1.1444197e-01  -6.4136364e-01   2.0706001e-01   3.4761305e-01  -4.0631294e-01  -3.9963356e-01   2.9073619e-01   1.4494420e-01  -4.4450431e-01  -5.3967743e-01  -7.7483479e-02   2.5549209e-01   3.9371735e-01  -2.1675834e-01  -2.0546883e-03   2.1431929e-01
  -1.3158235e-01   4.0168032e-01   2.7599532e-01  -3.9630552e-01  -9.2640911e-02   1.6514258e-01   0.0000000e+00  -2.1326458e-01  -1.3135194e-01   4.6889557e-02  -1.8071046e-01   5.8463302e-01  -7.0856909e-03  -3.1675396e-01   2.5248378e-01   7.1740742e-02   1.0545610e-01  -3.9172806e-01  -1.7273349e-01  -1.0232297e-01  -2.0001667e-01  -1.3211526e-01  -5.3283793e-04  -3.2606063e-01   9.2248371e-02  -1.5807842e-01   3.4513228e-01  -2.3433468e-01   3.7244721e-02   4.2367045e-01  -2.7098633e-01  -2.3966006e-01  -1.4011099e-01   2.7968539e-02   1.4313372e-01  -8.2752302e-02   1.3554826e-01   1.7578485e-01   1.3104167e-01   4.9938020e-01   4.5129475e-04  -2.2335589e-01  -1.3431706e-01  -5.0808794e-02   8.1179805e-02  -7.5379770e-02  -1.4946890e-01   2.3051164e-01   2.6014233e-01   2.3274756e-01  -2.8041697e-01  -1.4734662e-01  -1.7994007e-01  -1.4555313e-01  -1.8249238e-01   7.3565818e-02  -1.7643149e-01  -1.7272857e-01  -2.9919732e-01   1.8484338e-01  -1.1571939e-01   2.5143511e-01  -3.4498741e-01  -1.0642188e-01  -2.2847587e-01   2.9222709e-01   7.5805764e-02  -2.3151150e-02   4.5959254e-02   8.1854112e-02   3.4403209e-01  -3.0892624e-01  -3.2993411e-01  -8.0200643e-02   2.6386700e-02  -2.4311155e-01  -2.9684186e-02   5.7883151e-02  -1.0736491e-01  -2.8757051e-02   4.0563201e-01  -2.4835913e-01  -2.7021094e-04  -1.3445477e-01  -4.0690853e-02  -8.1859544e-02  -1.2269194e-01  -1.6271466e-01  -1.1274020e-01  -7.9119571e-02  -2.0009125e-01  -1.1361264e-01  -1.4830488e-01  -2.3974590e-01   1.7066784e-01   9.1137485e-02   1.1952511e-01  -6.7462172e-02   1.5791597e-01  -7.8608911e-02  -1.9680679e-01   3.8171015e-01   1.1783737e-01  -8.9299771e-02  -1.8095092e-01  -3.0520668e-01  -1.5613707e-01   2.3566741e-02   1.2171980e-01  -1.5771940e-01  -1.2014322e-01   3.8286663e-01  -3.0552647e-01  -8.0781316e-02  -4.6219117e-01   2.7983589e-02  -1.3119458e-01  -5.3978872e-02  -2.6384151e-01  -3.3138406e-01  -2.3973832e-01   6.5274396e-03   9.3890398e-02  -3.8998265e-01   7.8691099e-02  -7.9833246e-02   9.0337925e-02  -1.7396427e-01  -3.3602961e-01   2.6492535e-01  -1.6979043e-01  -2.9835533e-01   8.3463600e-02  -1.9703639e-01  -3.4564179e-01   3.8595222e-02  -1.0235335e-01  -3.2414185e-01   2.3109514e-01   1.0857648e-01  -1.1122739e-01  -1.9793655e-01   1.7527675e-02  -1.5464954e-01  -1.6138901e-01  -3.9759450e-01   3.0275257e-01  -2.4845170e-01  -1.9578335e-01  -2.7779384e-01  -1.4425639e-01  -2.1987658e-01  -3.3065793e-01  -2.2139458e-01   5.2493787e-01   2.5486604e-01  -3.2009095e-01   2.3237826e-02  -2.1410549e-01   3.5675881e-01  -3.6328685e-02  -4.2981246e-02  -1.8859006e-01  -2.9535115e-01  -1.1551712e-01  -6.2920879e-02  -2.7720713e-01  -1.1443538e-01  -2.9036735e-01  -2.4402769e-01  -2.2526095e-01   3.5665050e-01  -2.9222041e-01   1.4185926e-01   9.5628254e-02  -1.1502975e-01  -1.8281010e-01
  -1.5752093e-01  -3.6308738e-01  -1.4083213e-01   4.5182185e-01   6.9008640e-02   6.1329267e-01  -2.1326458e-01   0.0000000e+00   4.6670297e-01  -4.2484420e-01   2.7714561e-01  -3.4253717e-01   5.6400939e-02  -2.1209541e-02   1.8077237e-02  -1.7966538e-01   8.4315173e-02   4.0274912e-01   6.8260927e-01   5.3635992e-03   1.2483509e-01   5.5698516e-01  -9.6749768e-02  -1.8116020e-02  -4.1553679e-01   6.3854584e-01   3.6582855e-01   1.2651850e-01   1.2101298e-01  -1.6611512e-01   3.1090122e-01   2.9143087e-01  -8.0176549e-02  -2.4447639e-01   1.8717861e-01   9.0638275e-04   2.6264238e-01  -2.7566472e-01  -9.1402936e-02  -3.3829415e-02  -5.2893684e-02   6.3031610e-02   4.1624623e-01   6.3464288e-01   3.5852255e-01  -4.3260246e-02   1.2104494e-01  -2.6337665e-01  -7.6864273e-02  -3.3417368e-02   4.2247058e-01   8.0942336e-01  -2.2724426e-01  -2.5209325e-01  -2.9069917e-02   5.5174963e-01   7.0345475e-01   5.6772139e-01   9.6601258e-02  -6.6329452e-04   9.4532240e-02   1.5243399e-02   5.8566262e-01   1.6667319e-01   2.6260804e-01  -4.8784376e-01   7.4481617e-01   1.3548220e-01   6.5319992e-01  -6.8598008e-02  -3.0313517e-01   5.2973604e-01  -2.6209665e-01  -7.4527206e-02  -3.6751548e-01   5.7353252e-01  -1.3697406e-01   6.4649527e-01  -3.1441513e-01  -4.3614322e-01   3.9464813e-01  -2.1960019e-01  -8.6918276e-03   7.3023815e-01  -1.5392112e-01   5.9820481e-01   3.2189729e-01   1.7071165e-01   2.0393899e-01  -2.7213476e-02  -2.7215539e-01   7.7021312e-02  -1.4503584e-01   4.2398130e-01  -1.0768299e-01  -4.2748611e-01  -6.3458296e-02   7.3796671e-01  -4.2725271e-01  -1.6097074e-02  -1.8030484e-01   1.5581030e-01   5.9540501e-01   4.0796577e-01   4.6568237e-01   5.4878356e-01  -2.2142213e-01   7.6272525e-01   7.0625993e-02  -2.1512891e-01  -8.1693830e-02   1.1123369e-01   4.9879422e-01   4.0555656e-02  -1.7165170e-02  -3.3738790e-01   6.5823512e-01  -1.2938658e-01   3.0993749e-02   3.3099015e-01   2.0738757e-01  -2.4873535e-01  -4.8275187e-02  -7.6828392e-02  -9.7185753e-02  -4.0285158e-02   1.2144794e-01  -1.3264624e-01   6.4275395e-01  -1.2812332e-01   1.8206164e-01  -3.9067219e-02  -1.2232534e-01  -3.5544280e-01   6.3408006e-01   7.6152452e-01  -3.0829613e-01   7.0587825e-02   3.6256033e-01   2.5353445e-02   9.2216510e-02   1.6942770e-01   2.4607232e-01   3.4545671e-02   7.1327434e-02   2.7275650e-01  -1.5241873e-01  -9.0372339e-02  -1.1347024e-01   1.4589404e-02  -2.2071639e-02   8.2651615e-01   3.7438243e-01   2.8934095e-02  -1.5112914e-01  -2.5802849e-01   2.2371272e-01  -4.8251256e-02   1.2232964e-01   2.9687858e-01   3.6739908e-01   2.0885694e-01  -1.9183585e-01   5.1336761e-01   3.6633248e-01  -2.8666768e-01  -7.6080913e-02   3.6548174e-01   1.1986282e-01  -1.2923904e-01  -3.2157098e-01  -4.2321051e-01   5.9395171e-01   4.7486381e-02  -4.2830971e-01   1.4080253e-01   2.8488053e-01
   9.5425443e-02  -1.7195749e-01   9.7163333e-02   5.5540984e-01   3.6753097e-01   2.4722760e-01  -1.3135194e-01   4.6670297e-01   0.0000000e+00  -6.9069964e-01   3.2176830e-01  -9.0681952e-03   1.8176246e-01  -3.1187866e-02   1.2120092e-01  -1.1379011e-01   3.7299231e-02   4.7383342e-01   3.8008144e-01   4.8790184e-01   4.2406883e-02   6.5283918e-01   3.8225490e-01   3.7137725e-01  -3.2662484e-01   2.1615618e-01   3.5932996e-03   7.3557190e-02   6.1059535e-01  -1.6530037e-01  -5.4914245e-02   2.7677976e-01  -3.1290258e-01   8.6881730e-03   6.6518800e-01   2.3376902e-01   6.1849241e-01  -1.2903982e-01  -2.7591536e-01   1.6983307e-01   1.4831321e-01  -5.9624997e-02   7.5491083e-01   4.5300920e-02   2.2894172e-01   9.1868934e-02   1.3119835e-01  -2.5998455e-01   2.9348521e-01   9.1150396e-02   5.1575738e-01   4.6306686e-01  -1.1130401e-01  -3.4665302e-01  -4.1637894e-01   3.4782799e-01   1.3921568e-01   5.9227071e-01  -2.1165820e-02   4.6744872e-01  -1.6234833e-02   4.7888616e-02   7.8232185e-01  -8.5977915e-02   2.2994248e-01  -2.8486971e-01   4.0430345e-01  -2.8543171e-01   5.3283150e-01   2.3086510e-01  -8.4849862e-02   2.1507653e-01   2.1808056e-01   5.8260670e-03  -4.0164667e-01   2.0148735e-01  -1.5725306e-01   3.0964058e-01   1.6442286e-02  -4.8473541e-01   5.3872890e-02   9.0617288e-02  -2.4701458e-01   2.7120062e-01   9.5971773e-02   4.0176245e-01   4.7847997e-01   1.1908402e-01   1.9045026e-01  -3.0540465e-02  -2.1168597e-02   2.1103150e-01  -3.0777901e-02   7.6325800e-01  -1.2602052e-01  -3.3362786e-01  -4.2266991e-01   5.6734105e-01  -2.3065456e-02  -4.3064183e-01   2.6028245e-01   8.7583055e-02   1.4359804e-01   7.5693924e-01   4.6898165e-01   5.5488520e-01  -4.9297450e-01   5.5008370e-01   1.7969567e-01  -1.1278733e-01  -5.8247012e-02  -1.2122815e-01   1.7076914e-01   2.2055531e-01  -5.1551237e-04  -1.5467429e-01   3.8243107e-01   1.5276314e-01   8.0499969e-02   4.1328008e-01  -3.9738827e-01   1.9383321e-01   1.6630342e-01   2.5246551e-03  -1.5864544e-01   1.9405946e-01   6.6735614e-02  -8.7595471e-02   8.1947599e-01  -1.1273551e-01  -9.6643041e-02   2.0866886e-02   2.9602352e-01  -2.8119284e-02   5.9581602e-01   3.9518184e-01  -5.2574975e-01   7.6080788e-02   1.5523682e-02   4.2985742e-02  -3.1466544e-01   9.2934591e-02   8.1917992e-02   1.6363932e-01   1.6446616e-01   2.6506786e-02  -5.4994575e-02   1.4997392e-01   1.7289424e-01  -2.3163766e-01   4.8993407e-02   3.7201846e-01  -9.6465459e-02  -1.9911857e-02  -4.2048503e-02  -1.2013928e-01  -1.6819723e-01  -1.7626300e-01   7.6537298e-02  -5.7094890e-02   9.2095798e-02   2.7021152e-01  -2.5222770e-01   4.6362459e-01   3.4222491e-01   7.8686437e-02   9.0268891e-02  -2.2334220e-01  -2.6760621e-01  -1.8455764e-01  -1.3203051e-01   4.7979256e-03   3.7593065e-01   1.3318629e-01  -5.4396189e-01  -4.5558832e-01   6.9457589e-01
  -1.2171083e-01   2.3388495e-01  -1.4873750e-01  -3.4718947e-01  -2.7133070e-01  -4.6678944e-01   4.6889557e-02  -4.2484420e-01  -6.9069964e-01   0.0000000e+00  -3.1974828e-01   1.2548792e-01  -1.3610065e-01   2.0087246e-01  -2.1737613e-01  -1.1990160e-01  -1.9039854e-01  -4.7464977e-01  -5.3442401e-01  -2.9826195e-01  -9.3286117e-03  -4.3064831e-01  -3.9407452e-01  -3.7870157e-01   1.9653019e-01  -3.9493419e-01  -1.6162210e-01  -2.3235751e-01  -6.1866225e-01   1.8826361e-01   2.0232598e-01  -2.8790368e-01   2.2238919e-01   1.2372449e-01  -4.3822078e-01  -2.2375154e-01  -5.8027937e-01  -1.0427602e-01  -3.2303899e-02  -1.1804765e-01  -5.4117083e-02   9.0796218e-02  -4.5608289e-01  -1.7311125e-01  -1.3675131e-01  -2.6889406e-01  -2.0064553e-01   2.7932999e-01  -2.4248569e-01   3.8916294e-02  -4.9858013e-01  -4.7755880e-01   2.2033375e-01   3.1690880e-01   4.2931949e-01  -5.2232541e-01  -1.3352691e-01  -5.5627739e-01   3.1208226e-02  -4.2707903e-01  -1.2763450e-01   3.0558848e-01  -5.6056727e-01   1.7158756e-01  -2.0021667e-01   4.9618003e-01  -4.2901992e-01   1.6364048e-01  -6.2461620e-01  -2.6265667e-01   1.8981777e-01  -1.6762022e-01  -2.0266228e-01  -2.2043486e-01   3.3307195e-01   5.4959365e-02   4.6941072e-04  -3.7057026e-01   1.9097673e-01   4.8183062e-01  -2.8167689e-01  -3.0357333e-01   1.3911301e-01  -3.3600926e-01  -1.8090632e-01  -3.5285233e-01  -1.2393509e-01  -2.4137568e-01  -1.6855678e-02  -7.5998905e-02   2.1382697e-01  -3.5001410e-01   8.9619203e-02  -5.8681929e-01  -7.3478361e-02   3.9183555e-01   3.0566217e-01  -4.8035331e-01  -9.0557813e-02   5.4766515e-01  -3.3793301e-01  -2.9156925e-01  -6.1911047e-02  -4.7411720e-01  -4.7735727e-01  -4.4659141e-01   5.1926498e-01  -5.5504129e-01   6.9577716e-02   1.8830031e-01   1.0515011e-01  -5.7622106e-02  -5.1834592e-02  -2.4511239e-01  -7.2313183e-02   2.7138126e-01  -3.7842239e-01  -1.7884026e-01  -7.0189281e-02  -2.9523296e-01   2.5312979e-01  -5.3319195e-03  -8.4748393e-02  -3.2910989e-02  -4.9109686e-02  -2.0656308e-01  -1.2674400e-01   2.0753276e-01  -5.5361804e-01  -4.5099504e-02   4.9191565e-02  -1.3892973e-02  -1.6956981e-01   1.3599527e-01  -4.6731517e-01  -2.6663380e-01   4.3948538e-01  -4.9707851e-02  -1.5899179e-01  -5.1244828e-02   3.8367176e-01   2.5849466e-01  -1.0814002e-01  -1.8398731e-01  -1.1254286e-01  -4.0771227e-03   3.1066751e-02  -2.4548750e-02  -6.6223502e-02   2.1874183e-01  -2.5017648e-01  -3.0468632e-01  -3.9906076e-02   1.0320837e-01   6.9877614e-02  -1.0249185e-01   1.3826127e-01   9.7420360e-02  -1.6362756e-01  -2.0435227e-01  -5.8088397e-02  -1.0508429e-01   4.9616922e-01  -4.4655867e-01  -3.4373762e-01   1.5532842e-03   1.7808602e-02   1.2539314e-02   1.5082088e-01   2.9540334e-01   2.9596714e-01  -1.1519441e-01  -2.8974262e-01  -2.1599538e-01   3.8338907e-01   4.0027987e-01  -4.9144462e-01
  -3.0927555e-02   1.2633599e-01  -3.0635241e-02  -4.7960159e-02   4.8017388e-01   2.5611129e-02  -1.8071046e-01   2.7714561e-01   3.2176830e-01  -3.1974828e-01   0.0000000e+00   6.3516089e-02   3.7600503e-01  -1.9831585e-01  -3.0840368e-02  -3.3220813e-01   8.5069926e-03   4.7826831e-01   7.5582685e-02   4.0248277e-01   3.8563676e-01   3.2947718e-01   4.0284622e-01   6.0289093e-02  -3.2353797e-01   2.0006647e-01   3.3203998e-02   2.9236929e-01   3.7076716e-01   3.4566202e-02   2.0377174e-02  -2.5427960e-01  -5.7528923e-01   6.0609303e-01   2.0266184e-01   6.8014480e-01   4.9401669e-01  -1.8221184e-01  -2.9341795e-01  -1.8100842e-01   2.7350530e-01  -5.5346621e-01   1.9664568e-01   3.6800138e-02   7.6316804e-02  -1.4379257e-01   7.8468324e-01   1.6614026e-01   4.8243449e-01  -2.1774090e-01   2.7502300e-01   2.9209743e-01   5.9040193e-01  -4.2643999e-01  -3.0595218e-01   2.4991356e-01   4.3786090e-02   8.3348007e-02  -1.4993018e-01   9.3330690e-02  -2.1032027e-01   2.4972989e-01   3.0246780e-01   5.6416026e-01   1.7708893e-01  -2.5872612e-02   1.6939432e-01  -1.1054946e-01   4.2968212e-01   5.6581388e-02   1.1796458e-01  -7.9271993e-02   2.3186663e-01   7.6295415e-02  -1.6079124e-01  -8.2699467e-02  -2.8149566e-01  -1.9292444e-01   4.6277095e-01  -4.3542095e-01  -2.0050387e-04  -3.6040345e-02   5.4505499e-01   6.0723197e-02   2.3467221e-01  -7.1976563e-02  -8.9999733e-03   1.0955112e-02   6.4167038e-02  -9.2901793e-02   2.1508953e-01  -1.3316519e-01   6.3009725e-01   6.3481755e-02  -2.7788338e-01  -5.5662716e-02  -3.1059698e-02   1.8176078e-01   9.3101732e-02  -2.4384859e-01   1.8457604e-01   2.4045041e-01  -9.3766184e-02   3.1060049e-01   1.8525354e-02   3.7246329e-02  -5.2969571e-01   1.2136579e-01   2.2569317e-01   5.7414287e-01   6.9416384e-01  -1.7850580e-01  -7.3146923e-02   6.6501347e-02   1.9432696e-01   4.6663742e-01   1.4647514e-01   4.0765822e-01   9.0112848e-02  -2.0110262e-01  -3.1062217e-01   2.9337216e-01  -7.9443842e-02   2.0123532e-02  -2.2166487e-01   6.0041052e-02  -3.3475966e-01  -1.4092614e-01   2.9809967e-01  -1.4724576e-01  -2.8423861e-02   7.3340966e-01   1.3249598e-01   2.5542406e-01  -7.5232067e-02  -4.9836570e-02  -4.4752461e-01   3.1020900e-01  -2.9666973e-01  -1.5151257e-01  -5.6725269e-01   7.1518074e-02  -1.2708989e-01   1.4020604e-01   2.6785413e-01  -1.0429260e-02   3.9267872e-01   5.3958625e-01   6.6543842e-01   1.2627956e-01   9.0820739e-02   6.5499887e-02  -4.0695447e-01   6.4725406e-01   3.0791177e-02   1.6245149e-02  -4.0647543e-01  -2.8254071e-01  -3.6777744e-01  -1.8862430e-01   1.4823355e-01  -3.1973432e-01   2.0826350e-01   2.1059518e-01  -2.1089311e-01   5.6275753e-01   6.5066727e-01  -2.3033903e-01  -3.5378129e-01   5.3082033e-01   2.9461713e-01  -1.8281474e-01   3.3649351e-01  -8.7781490e-02  -3.6943531e-01  -2.9586740e-01   7.9958116e-02
   1.3846857e-01   4.8709771e-01   4.6830519e-01  -3.7376654e-01   4.3920571e-03   6.3897108e-02   5.8463302e-01  -3.4253717e-01  -9.0681952e-03   1.2548792e-01   6.3516089e-02   0.0000000e+00  -1.8884636e-02  -2.3120563e-01   1.8290856e-01  -1.1617775e-01   1.1050469e-01  -3.2854798e-01  -3.4852750e-01   2.2247094e-01  -2.5748280e-01  -1.9366375e-02   1.0019343e-01   2.4934534e-02   4.6380551e-02  -2.7216712e-01   1.1639720e-01  -1.5600567e-01   1.4517969e-01   3.1430097e-01  -3.6187804e-01  -3.7582971e-01  -3.6737677e-01   3.1972343e-01   3.2300957e-01   1.9688747e-01   1.7265575e-01   2.5222852e-01  -1.6223381e-01   3.6881038e-01  -8.5277554e-02  -3.8974275e-01   6.7484479e-02  -2.2556358e-01  -1.5743072e-02  -2.9071667e-01  -1.5349812e-02   2.0155611e-01   2.4274943e-01   1.4143960e-01  -2.9239322e-01  -3.2597532e-01   1.2820098e-01  -1.4073755e-01  -1.1870495e-01   2.2007151e-02  -2.5285437e-01  -3.1620884e-01  -3.8349445e-01   4.5693009e-01  -1.8068523e-01   2.5715055e-01  -2.6182279e-01   2.1099270e-01  -4.6838937e-01   3.4306582e-01   3.3992181e-03   3.1032216e-02  -4.2415787e-02   2.0293884e-01   3.6925437e-01  -4.3131739e-01  -1.4073641e-01   2.3167284e-01  -7.1548863e-03  -3.6051173e-01  -1.6828174e-01  -1.9689273e-01   2.9447171e-01  -1.2014667e-01  -5.5210244e-02  -1.9151335e-01   1.3684215e-01  -2.4906234e-01   2.1482881e-01  -3.3281685e-01  -6.6361600e-03   2.4869426e-02  -3.9310341e-02   7.6109369e-02   2.7966028e-02  -1.1248079e-01   1.5285838e-01  -1.9957668e-01   3.7769445e-02   2.3715997e-01   1.9629490e-01  -9.8985075e-02   3.7102530e-01  -3.2410089e-01  -5.6867087e-02   3.5215636e-01  -2.0141801e-01   2.0578353e-01  -3.2155137e-01  -3.4010356e-01  -2.3818878e-01  -1.5465039e-01   1.3337936e-01   6.5206120e-02   1.4629757e-01   1.0218029e-01  -3.9891998e-01   9.4594252e-02  -2.4254826e-01   2.2864837e-01  -2.3145667e-01  -1.0154135e-02  -1.7083335e-01  -3.6595022e-01  -4.3354680e-01   3.2920662e-01   2.7318664e-01  -4.6136577e-01   3.4908617e-02   3.6950267e-01  -6.3202402e-02  -2.5948204e-01  -1.7224705e-01   1.9325269e-01  -3.7354452e-01   5.6951556e-02   5.7289974e-01  -4.7679167e-02  -4.2476891e-01  -2.1101246e-01  -1.9697665e-01  -1.3403715e-01  -1.4739937e-01   1.9060312e-01  -2.0229452e-01  -2.2401212e-01   3.6410795e-02  -3.3046492e-02  -9.0912810e-02  -5.3850683e-01   4.8065250e-01  -6.2097312e-02   1.0371346e-01  -4.6833581e-01   4.7811215e-02  -3.8350817e-01  -4.5638509e-01   2.5454678e-02   7.0901193e-01   3.1065268e-01  -5.0458721e-01  -2.6622035e-01  -2.8566765e-01  -1.5525870e-01   9.8696755e-02  -1.4434092e-01  -2.1151208e-01  -4.1080528e-01  -2.6116153e-01   3.2826144e-01   1.2714659e-01  -3.9233765e-01  -4.1279560e-01   3.2269855e-02   8.4276977e-02   2.7505096e-01  -4.0458848e-01   1.0880324e-01   6.6439551e-02  -2.5189806e-01  -6.4343254e-02
  -1.7877995e-01   1.8132293e-01  -1.5880892e-01  -1.4433423e-01   4.4835154e-01  -1.7971671e-01  -7.0856909e-03   5.6400939e-02   1.8176246e-01  -1.3610065e-01   3.7600503e-01  -1.8884636e-02   0.0000000e+00  -2.0411909e-01  -4.3521648e-01  -4.2197076e-01  -1.7003318e-01   1.2888663e-01  -1.6320694e-01   3.8574341e-01  -4.5232063e-02  -5.9757539e-02  -8.2511169e-02  -3.9112230e-02  -1.1624907e-01  -1.9380546e-01  -1.0962255e-01   1.1735175e-01   2.0979902e-01   9.3905446e-02  -1.9059087e-01  -4.3254498e-01  -3.5686541e-01   3.9916305e-01   1.1233777e-01   4.2674557e-01   4.1055952e-01  -4.6288864e-01  -3.5758528e-01  -3.0479758e-01   7.0937755e-01  -3.2044542e-01   6.0034973e-02  -1.9432274e-01  -2.1155278e-02  -4.9574881e-03   4.7875826e-01   4.7805350e-01   5.3890484e-01  -2.1874139e-01  -1.7100228e-01  -2.7589837e-02   4.4537186e-01  -2.8704144e-01  -1.5682389e-01  -4.8260848e-02  -2.6655384e-01  -2.2988819e-01  -1.5885474e-01  -1.2585189e-01  -2.3146354e-01   3.4312695e-01   2.7288635e-01   1.7252875e-01   9.0301246e-02  -7.9781416e-02  -1.0652565e-01   2.3200387e-01   9.1114576e-02   1.7478394e-01   3.2003544e-01   3.0252872e-02   1.3358417e-01  -1.2560560e-01   8.3924743e-02  -2.0033278e-01  -1.6914775e-01  -1.8088618e-01   4.1583373e-02  -1.4285631e-01  -4.1713135e-02  -2.5698439e-01   1.0618969e-01  -3.1547771e-01  -1.2519629e-01  -3.4692919e-01  -7.0523741e-02  -2.4740324e-03   2.8351832e-01  -1.8823405e-01   3.7223490e-01  -4.1385507e-01   4.8642674e-01  -1.5853994e-01  -3.0031208e-01   1.8291021e-01  -2.8364910e-02  -1.0602850e-01  -2.0769367e-01  -4.0137089e-01   3.1289093e-02   8.2587977e-02  -2.6048430e-01  -5.9114226e-02  -3.3921179e-01  -2.8058084e-01  -3.9106753e-01  -1.4629216e-01   2.8379932e-01   4.3441718e-01   3.6202636e-01  -2.5506825e-01   1.3037516e-01  -9.8661578e-02   1.4928397e-01   3.0827794e-01   1.2640947e-01   7.2565892e-01   2.7808392e-01  -1.8660295e-01  -2.1209478e-01   4.5402044e-01   1.5706361e-02  -1.2697842e-01  -2.4650320e-01  -9.6804844e-02  -5.1704083e-01   1.2722055e-02   1.3507145e-01   1.2878977e-01   1.3897105e-01   4.4564116e-01  -2.1569029e-01   1.8811934e-01  -6.4875887e-02  -2.0277492e-01  -2.5768523e-01   2.7999569e-01  -4.1586851e-01  -3.2987838e-01  -3.8678614e-01   6.1951222e-01  -1.2282603e-01   3.1766421e-01  -3.4546832e-01  -2.6731876e-01   2.3775224e-01   4.5577596e-01   5.4614257e-01   6.7285427e-02   6.7585524e-02  -9.2414908e-02  -4.1800055e-01   5.6472872e-01   2.5251925e-02  -1.2408593e-01  -2.6829298e-01  -2.3109587e-03  -4.8666500e-01  -3.2151939e-01   3.1589000e-01  -2.1594754e-01   2.1986358e-01  -1.6619763e-01  -4.5005390e-01   4.4160207e-01   4.7776494e-01  -2.4519135e-01  -3.1997824e-01   2.5800013e-01   3.2909722e-01  -2.3322706e-01   2.1648974e-01   5.6071360e-02  -3.2732172e-01  -4.9111529e-02  -2.4489595e-01
   2.5655908e-01  -3.4543194e-01  -3.8615146e-01   3.4991397e-01  -1.8822304e-01  -2.1846176e-01  -3.1675396e-01  -2.1209541e-02  -3.1187866e-02   2.0087246e-01  -1.9831585e-01  -2.3120563e-01  -2.0411909e-01   0.0000000e+00   5.5455972e-02   2.0469261e-01  -2.6699588e-01   1.5607956e-01  -1.6995509e-01  -7.6547138e-02   3.2445328e-01   2.5506837e-01   1.3688383e-01   4.8433772e-02  -1.7652121e-02   3.8743576e-02  -2.9365408e-01  -1.7355709e-01  -4.4037178e-01   4.0031448e-02   3.3363979e-01   1.5031237e-01   3.3969819e-01  -2.1238161e-01   1.4718991e-02  -3.8352190e-01  -4.0039758e-01  -8.0759577e-02   1.0988262e-01  -9.0180477e-02  -2.8503987e-01   3.7349545e-01   1.7321453e-02   1.8965033e-01  -1.1751875e-02  -2.8661719e-02  -3.7892093e-01  -1.9011296e-01  -4.5832172e-01   1.8004786e-01   1.6376896e-01  -8.5736964e-02  -1.0375961e-01   3.7692785e-01   5.7389879e-01  -9.5469101e-02  -3.2269084e-02   9.4902925e-02   2.1031041e-01   1.0585533e-01   1.8328200e-02  -9.4535398e-02   2.4056448e-02   1.0393354e-01   1.4031489e-01  -3.4635910e-02  -1.4037316e-01  -1.0876792e-01  -2.1835036e-01  -4.4742800e-01  -3.3466347e-01   2.8692639e-01  -4.5810106e-02  -2.2084491e-02  -3.7442441e-02   2.7853159e-01   4.9435825e-02  -3.4602350e-02  -1.1073418e-01   2.1678984e-01  -1.0922678e-01   2.6869875e-01  -3.0870915e-03   5.1346071e-02  -9.1105123e-02   8.9567953e-02   3.3778263e-01   7.9862209e-02  -2.0063392e-01   1.7364542e-01   1.3465833e-01   5.0519781e-02  -1.8695102e-01   2.1088577e-01   1.8135518e-01   4.6890719e-02  -1.0254217e-01  -1.0836065e-01  -8.3597834e-02   4.0087526e-01  -2.4446489e-01  -2.2266892e-01   1.4372692e-01  -1.5401973e-02   2.0883427e-01   2.1001225e-01   4.0782224e-01  -3.0427239e-02  -2.5318229e-01  -8.0261197e-02  -6.1336402e-02   5.1696693e-02   1.0712370e-01   1.1743634e-01  -5.5153737e-02  -1.2107662e-01   1.7208978e-01  -3.1106257e-01  -3.4325772e-02   3.2039731e-01   2.8011016e-01  -4.8911732e-02  -9.1151907e-02   3.3506660e-01  -6.5903113e-02   9.2835168e-02   4.3025563e-01   1.0049568e-01   5.6124184e-02  -4.8629948e-01   2.2499614e-01  -8.4634695e-02   1.0162949e-01   5.4675721e-02   1.8263365e-01   4.9048208e-02   2.8382947e-01   2.9092557e-03  -7.5638126e-02   9.7790689e-02   6.1262490e-01   2.1945878e-02   7.4075518e-02  -1.1637276e-01   2.8805332e-01   4.2450535e-01  -3.0182628e-01   3.5989146e-02  -1.3673779e-01   2.3357430e-01  -2.3171855e-01   8.8543015e-02   3.4114333e-01  -1.0384555e-01  -4.4313006e-01  -2.1726325e-01   4.8188599e-01   9.6815219e-02   2.2477657e-01  -1.5936879e-01  -2.9850814e-01   1.1968155e-01   1.2370951e-02   1.8060239e-01   1.3149980e-01  -2.5943958e-01  -8.3514482e-03   1.5471169e-01   4.1275073e-01  -4.1176450e-02   8.8111729e-02  -9.2318753e-02  -6.3708133e-02  -2.9343761e-01   1.5487837e-01   2.9602749e-01   2.4157661e-01
