   0.0000000e+00  -3.7523858e-01   4.1071791e-01   2.3160632e-01  -3.1887084e-01  -1.7331249e-01  -3.4796969e-01  -2.5961949e-01  -9.5232267e-02  -4.1529756e-01  -1.9788162e-01   4.3831446e-01  -3.7505468e-01   4.9306183e-01   1.3420951e-02   2.4425065e-01   1.9811600e-01  -3.9802897e-02  -1.4938612e-01  -3.9891778e-01  -1.8383570e-01  -2.8060302e-01   2.7157701e-02   6.4940568e-01   2.0827193e-01  -2.3862244e-01  -6.8401672e-01  -1.0224190e-01  -1.5249379e-01  -4.7784780e-01  -4.4865436e-01   1.2613245e-01   1.9232142e-01  -2.4693512e-01   1.0617965e-01  -3.1173594e-01  -4.3851298e-01   4.4732637e-01   7.3442301e-02  -3.4061203e-01  -2.5609710e-01   3.2303041e-01   1.0084772e-01  -2.2059491e-01  -4.9271828e-02   1.1806614e-02  -5.6244018e-01  -4.1518048e-01  -4.0558269e-01   6.4207019e-02   1.6105624e-01  -2.2944839e-01  -2.0363381e-01   1.1492235e-01   5.8541988e-01  -4.0323268e-02  -2.2635987e-01  -9.4999691e-02   4.7978056e-02   4.5212628e-01   3.0584521e-01  -2.6575288e-01  -3.6069825e-01   1.2567535e-01  -3.3474986e-01  -1.6360111e-01  -4.9199545e-02  -2.6358268e-01  -5.3761851e-01   2.6175391e-01  -5.7609736e-01  -4.4577490e-02  -9.7867990e-02   7.4638795e-01  -3.3156564e-02  -2.0598060e-01   2.2502453e-01  -7.6076995e-02  -1.3938766e-01   5.5166281e-02  -1.9492031e-01   2.5642238e-02  -9.2625823e-02  -2.5702881e-01   6.4970945e-01  -2.1913730e-02   3.2394140e-02   6.0676110e-01   1.7879917e-02   6.9268782e-01  -5.5478934e-02   4.3275459e-01  -3.5004981e-01   5.0040228e-01   3.8895572e-01  -4.2659643e-01  -3.1938053e-01  -1.2151160e-01  -3.7838543e-01  -4.9925769e-01   1.2876034e-01   4.3608618e-01  -8.7235453e-02   3.2601520e-01  -2.2974391e-02  -1.9893762e-02   1.0268524e-01  -2.1058540e-01  -3.2720945e-01  -8.4960191e-02  -5.4389594e-02  -1.4546128e-01   8.5111139e-02   8.4331442e-01   3.5036959e-01  -2.9329718e-01  -1.5927263e-01  -1.3223268e-01   2.5776479e-01   1.9347254e-01   3.5137856e-01  -1.2156474e-01   5.6270645e-02   3.5892999e-02   1.9456591e-01   4.1351606e-01   1.3268854e-01   4.9284406e-02  -2.1085820e-01   3.7643061e-01   1.4942615e-01  -2.0713524e-01   7.2888199e-01  -1.0626039e-01   1.2059246e-01  -1.1906391e-01   6.1805709e-02  -3.7710333e-01  -1.5459011e-01   8.0081009e-01   6.2328561e-01  -2.9757049e-01  -2.6399337e-01   3.1275108e-01   3.6817550e-01  -2.0553711e-01  -1.9167615e-02  -2.5218246e-01  -2.5719126e-01  -2.2507030e-01   5.9171840e-01  -2.0499900e-01   5.5550929e-01  -2.5105880e-01   2.2977450e-01   5.6115713e-01   3.3283629e-01   1.4275171e-01   3.5821014e-01  -3.2886831e-01  -6.3827785e-02  -3.1883359e-01  -3.1133363e-01  -7.6611152e-02  -1.4593624e-01   7.1582154e-02  -1.7993872e-01  -2.0613309e-01   4.2739651e-01  -7.9121083e-02   6.2933605e-03   1.7807458e-01  -4.1472500e-01  -5.4052375e-02   1.1688530e-01  -1.0534588e-01  -1.3758050e-01
  -3.7523858e-01   0.0000000e+00  -1.8288644e-01  -2.8802144e-01   2.8219623e-01  -2.2264168e-01   1.1931085e-01   1.1443444e-01   8.4847160e-02   1.4439467e-01  -1.0504303e-01  -1.4642739e-01   1.0612038e-01  -6.3686360e-02   2.9504827e-02  -3.5756258e-01   8.0841298e-02  -2.8937280e-01   1.1270900e-01  -3.2155275e-02   2.9503347e-02   2.0840382e-02  -2.1498104e-02  -3.1391826e-01  -5.6381860e-02   1.2431277e-01   1.1871506e-01   5.0784186e-03   2.7075196e-01   2.5733460e-01   3.9328859e-01  -3.0061514e-01  -1.2213425e-01   1.1054528e-01  -6.3467575e-02  -1.3487862e-02   3.5720607e-01  -3.9231518e-01  -3.1225333e-01   2.2880616e-01   1.5909978e-01  -9.8893194e-02   2.6193011e-01   1.5634302e-02   7.4186611e-02  -6.7184507e-02   3.3018861e-02   4.1522900e-01   3.6883497e-01   5.9700546e-02  -4.0712425e-01   6.2826858e-02   4.0053678e-01   1.6867847e-01  -1.4820497e-01  -2.3913647e-01  -1.3987411e-01  -1.9654001e-01  -2.3455514e-01  -3.1877504e-01  -3.7101468e-01   8.1297974e-02   5.4064612e-01   2.3654270e-03   3.9108815e-01  -2.1461949e-01  -1.3598658e-01   3.5977371e-01   6.3510904e-02  -3.8484884e-01   7.2751753e-01  -2.0850284e-01  -1.9077432e-01  -3.3472046e-01   1.3493604e-01   1.4604610e-01  -4.0911301e-01  -1.0905352e-01  -4.0775509e-02   1.1819213e-01   1.7615585e-02  -2.1194468e-01   1.8220100e-01   1.1268614e-01  -1.7359534e-01   2.5498285e-02   2.4378111e-01  -2.1773877e-01   5.1488843e-02  -4.3659256e-01   7.1537136e-03  -4.3575352e-01   1.2837635e-01  -3.9069615e-01  -4.7608475e-01   5.2624193e-01   2.2878030e-01  -4.6319440e-02  -3.3984203e-03   1.1008918e-02   3.0874947e-01  -1.8221278e-01   2.1478548e-01   8.4085928e-02  -3.7278392e-01  -2.2372139e-01   7.1519949e-02  -5.9146790e-02   3.0457287e-01  -6.1970034e-02   3.3383668e-01  -3.8372317e-01  -1.2500649e-01  -4.3992117e-01  -2.4240412e-01   3.2822754e-01   1.1713290e-01  -1.7927547e-01  -2.0927512e-01  -2.9495730e-01  -3.6804008e-01   1.0127954e-01   1.3263082e-01  -2.7108146e-02  -1.7622418e-01  -1.7875717e-01  -1.1483645e-01   1.2274191e-01   3.9289802e-02  -3.5142154e-01  -2.7434162e-01   1.4343501e-01  -2.5065928e-01   1.3193533e-01   8.0115436e-02   1.4607718e-01   1.4497079e-01   1.5880041e-01   7.8244726e-02  -3.0081059e-01  -1.1553432e-01   1.9928945e-01   2.1631798e-02  -2.6320763e-01  -2.0168582e-01  -6.7315518e-02   4.9455396e-01  -6.7009794e-02  -2.0064320e-01  -1.1708113e-02  -2.3763056e-01   7.8567143e-03  -3.3563387e-01   5.1522409e-02   1.2959777e-01  -3.4972107e-01  -4.9176973e-01  -1.8508291e-01  -3.7595382e-01   6.7292058e-02   6.0554301e-02   6.8476710e-02   8.0196500e-03  -3.5782110e-01  -1.8318904e-01   1.5515204e-01  -1.5071957e-01   7.2018223e-02  -3.7284696e-01   5.2796146e-01  -1.8076563e-01  -4.2499115e-01   1.3369785e-01  -3.8610705e-02   1.1976559e-02   1.6557135e-01  -2.7773241e-02
   4.1071791e-01  -1.8288644e-01   0.0000000e+00   1.5898142e-01   1.1945830e-03  -1.9461604e-02  -9.0666403e-02  -4.2288075e-01  -1.5174722e-02  -8.9458704e-02  -5.0761509e-02   5.6215644e-01   1.1940537e-02   2.1717794e-01   3.1857591e-01   2.4133224e-01   8.5007548e-01  -1.1492300e-01  -3.1262270e-01   3.6188542e-02  -1.7175239e-01  -3.6004221e-01  -1.4309859e-01   5.1478139e-01   7.0375349e-02  -3.7610234e-01  -1.6500801e-01  -2.4135277e-01  -6.0659965e-02  -2.0545984e-01  -3.1927848e-02  -4.3979607e-02   1.6751252e-01   2.9123988e-02   3.5639743e-02  -1.6523366e-01  -4.3494200e-01   4.3269619e-01   2.7738903e-01   3.9326202e-01  -1.3832431e-01   3.1814393e-01   3.0369673e-01  -2.6758422e-01   1.2714255e-01   1.6426646e-02  -7.4581419e-02  -2.2369005e-01  -2.9991061e-01   3.9867583e-01   8.4138356e-02  -3.3553411e-01   2.3141172e-01   2.4509791e-01   3.4816880e-01  -1.9232339e-02  -4.6946361e-01  -1.7665183e-01  -9.7268199e-02   2.7427754e-01   4.8661322e-01  -4.4167268e-02  -1.2931882e-01   1.8457668e-01  -9.5134043e-02  -1.6269131e-01   1.9726442e-01  -8.2030472e-02  -2.3385884e-01   4.0886763e-01  -1.7398674e-01  -4.1093794e-02   4.5569492e-02   6.3100381e-01  -1.1335603e-01   5.9390117e-02   3.9113059e-01  -2.7475783e-01   8.3203495e-02   4.6257779e-02  -3.2505544e-01  -1.5718859e-01  -1.2110297e-01  -4.2085204e-01   5.9080352e-01   1.0682549e-01   5.4596387e-02   3.7811362e-01   1.3568971e-01   4.3485136e-01   1.2938506e-01   5.5596113e-01  -1.1006866e-01   2.1504845e-01   2.8279519e-01  -9.0863278e-02  -8.9308346e-02  -3.9900478e-01  -1.1142690e-01  -3.2455531e-01   3.2673003e-02   1.8694343e-01  -1.0925313e-01   1.5633911e-01  -1.1598267e-01  -9.8427775e-02   3.0816935e-01  -2.8682939e-01  -4.5101470e-01   2.2425072e-01   7.2656979e-02  -1.1997953e-01   2.3271727e-01   4.2328970e-01   2.5036306e-01   6.9285282e-03  -3.9909325e-01  -5.7600437e-02   5.6663489e-02   9.4655126e-02   3.4024213e-01   2.4318922e-02   2.5370828e-01   2.2498946e-02  -2.2669034e-03   2.4898191e-01   1.4120758e-01   5.0357936e-04  -4.1837763e-01   5.7126541e-01   1.5275190e-01   7.5077967e-02   5.6287038e-01   7.1572685e-02   1.1515271e-02  -1.2046816e-01   1.3711492e-03  -4.3625123e-01  -1.6849053e-01   5.6149810e-01   4.0817294e-01  -2.5714872e-02  -2.5654823e-01   3.2181938e-01   2.3206438e-01  -3.8820083e-01   2.9614643e-01  -6.4921649e-02  -2.2163329e-01  -3.7615254e-01   6.4497859e-01  -4.7314662e-01   6.4920873e-01  -6.7295532e-02   6.7610256e-01   4.4429190e-01   7.2686490e-02   8.9461534e-03   5.2385838e-01  -3.5057812e-01   1.7757179e-02  -1.8687502e-01  -1.3807644e-01  -1.4462286e-01  -4.5751885e-02   2.2750707e-01  -6.0738125e-02  -3.3128834e-01   4.9016657e-01   5.5070740e-02  -4.1943375e-02   7.2013522e-02  -1.7177784e-01  -7.8440652e-03  -1.9802270e-02   1.2842403e-01  -2.7489926e-01
   2.3160632e-01  -2.8802144e-01   1.5898142e-01   0.0000000e+00   4.8511115e-02  -2.2197196e-01   1.4619383e-01  -2.7636968e-01  -1.5936475e-01  -1.1761786e-01  -3.6381384e-01   2.3212798e-01  -6.4694913e-01  -8.3728685e-02  -3.2284586e-01   7.7430092e-01  -1.1551933e-01   6.8964616e-01  -3.2816907e-01   2.4617260e-01   1.4334264e-01   1.7787856e-01   2.7498114e-01   7.1624114e-02   4.7404910e-01  -3.0390199e-01  -2.1360244e-01  -4.2738660e-01  -2.6253609e-01   1.0715895e-01  -3.8531742e-01   6.9583058e-01   7.3378881e-01  -2.6034020e-01   2.2559545e-01   4.6086519e-01  -3.3080408e-01   1.0963933e-01   7.1847411e-01   2.2718314e-02  -4.7929259e-01   3.7464124e-01  -3.4996317e-01  -3.8173789e-01   7.0552179e-03   1.5228351e-01  -2.7622500e-01   2.5910612e-02  -3.0151081e-01   5.2922827e-01   6.2565238e-01  -1.9727567e-01  -2.5745317e-01  -2.4159623e-01  -1.8395948e-01  -2.3990320e-01  -1.7281586e-01   6.0754430e-01   5.7104702e-01   2.0975647e-01   2.4134872e-01  -7.5032828e-02  -4.7047370e-01   1.0694391e-01  -4.1047423e-02   4.2053990e-01  -9.2397226e-02   4.5270617e-02  -1.1771395e-01   3.8300598e-01  -2.2802034e-01   2.0302612e-01   4.4622574e-01   1.4002442e-01  -4.9537162e-02  -4.1570350e-01   3.4744169e-01  -1.7852126e-01   4.2044380e-01  -1.0523007e-01  -2.7648154e-01   5.2681142e-01  -3.7055580e-01  -3.2961376e-01  -3.7086723e-02  -1.4150567e-03  -1.3638941e-01   1.8993558e-01   2.9305992e-01   1.5266383e-01   3.7125022e-01   6.3045906e-01   1.6806074e-01   4.1045847e-01   4.0122740e-01  -5.1123700e-01  -4.7331547e-01  -3.2246631e-01   3.4433079e-01   1.1909300e-01  -8.5807079e-02  -1.3676281e-01   1.8322039e-01   2.0157502e-01   6.4929182e-01   6.1163577e-01   7.1439469e-02  -1.7916066e-01  -1.9799191e-01   5.1399277e-02  -1.0107382e-01   7.3417818e-02   3.9296852e-01   2.2067606e-01   1.6646116e-01   1.2731590e-01  -9.8903984e-02   3.3679377e-01  -2.6844283e-01   7.8621469e-01   4.8152298e-01   2.2507939e-01   1.0505679e-01   4.7242248e-01  -1.9868489e-02   1.5410209e-01   6.1005703e-01   2.1439850e-01   3.2360101e-01   1.3870110e-01   4.7861245e-01   2.0081066e-01   1.1369175e-01  -2.0750860e-01   4.0432889e-01  -3.1540319e-01  -1.2465318e-01  -4.7060365e-01  -3.0212175e-01   1.6142949e-01  -1.1652938e-01  -6.7804619e-01  -4.3865707e-01  -1.7193020e-01   3.0884737e-01   2.5962180e-01   1.3600239e-01   3.1737792e-01   1.4882017e-01   6.5961202e-02   3.0870127e-01  -2.3857440e-01   2.0979699e-01  -1.9057164e-02  -9.9731620e-02   1.7822636e-02   5.9758645e-01   4.6133145e-01   7.1976868e-01  -5.5138934e-02  -4.0399644e-01  -4.3078479e-01   1.6017027e-01   7.0951354e-01   5.4561704e-01   3.3555805e-01   6.5775052e-03  -3.7835116e-01   3.1820918e-01  -8.3379056e-02   5.2495038e-01   4.8728443e-01  -2.1998919e-01  -4.0008785e-01   3.7833370e-01  -3.2702938e-01   6.6464749e-02
  -3.1887084e-01   2.8219623e-01   1.1945830e-03   4.8511115e-02   0.0000000e+00  -2.1894195e-01   3.0193045e-01  -3.4999918e-01   1.1238387e-01   3.6377741e-01  -3.9442299e-03  -2.9351458e-01   1.6842978e-01  -4.5332041e-01  -1.1020111e-01   2.5908799e-02   1.9876975e-01   1.0111452e-01  -3.7588838e-01   7.1165609e-01  -5.0903712e-02  -2.6150075e-01  -3.1271653e-01  -2.9293046e-01   2.7319952e-02  -3.3907839e-01   3.1403407e-01  -3.5186769e-01  -1.3727310e-01   3.7969926e-01   3.9128398e-01  -1.6007173e-01   8.6095179e-02   1.9966064e-01  -2.8243627e-01   4.1174410e-01   2.1176925e-01  -5.9143424e-03   2.3003832e-01   5.3766015e-01   2.1659331e-01   1.0261601e-01   2.8215957e-01  -3.0841142e-01   2.7032647e-01   2.3277042e-01   4.0542240e-01   5.6732562e-01   3.1594588e-01   2.9977244e-01  -3.7295490e-02  -3.4164921e-01   5.3858185e-01   8.4278165e-02  -4.1572527e-01  -2.6220634e-01  -2.7669279e-01   2.1144201e-02   8.4700257e-02  -4.5617878e-01   1.3228829e-01   2.7375216e-01   3.6398999e-01   3.7022851e-01   5.5116544e-01   1.7812263e-01   5.7390509e-02   1.9809566e-01   2.8433826e-01  -7.3129288e-02   5.7144655e-01   1.0099198e-01   3.0202061e-01  -4.2144347e-01   3.9649926e-02   1.9369055e-02   2.1549496e-01  -4.8133778e-01   6.4116986e-01   6.3495020e-02  -2.8751090e-01   5.9088153e-02  -1.2737022e-01  -4.0465126e-01  -2.7764582e-01   1.9016860e-01   1.3871636e-02  -2.6113640e-01   2.7520651e-01  -2.4447341e-01   5.4094293e-01   4.4900543e-02   3.5404282e-01  -2.9505510e-01   8.9232504e-02   4.4512887e-01  -3.0263131e-02  -3.1156201e-01   4.3386018e-01   2.8507493e-02  -1.6006326e-01  -3.8717727e-01   1.4179088e-02  -4.0873864e-01   5.5578260e-02   1.1815802e-01   1.8158541e-01  -2.4766042e-01   5.6728134e-02   3.1548688e-01  -1.0642422e-01  -3.7575063e-01   1.9020156e-01  -2.2479481e-01  -3.0283181e-01   7.3697333e-01  -3.1396152e-01   1.7643780e-01  -5.0721214e-01  -6.6160992e-02   1.6345162e-01   4.8123112e-01   1.9524674e-01   2.7696102e-01   1.6658069e-01  -3.6740926e-01   6.5737090e-02   2.1189376e-01  -9.0506202e-02   5.2019752e-02   1.1664791e-01   4.1637635e-01  -4.4126995e-01   2.6354740e-01   1.0581878e-01   6.1914361e-03   4.3979714e-02  -2.8519209e-01  -1.4359725e-01  -1.8298870e-01  -3.9144538e-01   2.4762049e-02  -1.6747944e-01  -5.3200459e-01  -5.2153348e-01  -9.2943298e-02   8.7051023e-03   6.0005066e-01   6.6322868e-04   5.8485597e-02  -2.2259485e-01  -3.3102504e-01  -8.9749778e-02   4.7168703e-01   1.7780830e-02  -2.3877275e-01  -8.4673351e-02  -1.7241853e-01   1.4356347e-01  -1.7814020e-01   1.2857208e-01   1.4593284e-02   5.8116210e-01   7.2060492e-02  -3.9810673e-02   4.2109554e-01   2.5273955e-01  -4.4047946e-01   6.2579161e-02   4.0653494e-01   3.8775707e-01   6.0316094e-02   5.4248086e-01  -2.5428805e-01  -1.7155527e-01   1.0792493e-01  -3.8334565e-01
  -1.7331249e-01  -2.2264168e-01  -1.9461604e-02  -2.2197196e-01  -2.1894195e-01   0.0000000e+00   1.3973939e-01   5.7930968e-01  -1.0796954e-01   8.3565354e-03   6.1685724e-01  -1.8180277e-01   2.5776247e-01  -2.0556266e-01   2.5169374e-01  -1.9404374e-01  -1.7513283e-02  -1.9847303e-01   5.8922584e-01   4.1982338e-02   6.2263531e-02   1.6960345e-01  -1.1062706e-01  -1.8048335e-01  -5.1087654e-01   5.7170103e-01   2.0685242e-01   5.3065188e-01   9.4064817e-02  -4.1247589e-01   4.4637861e-02  -1.0293648e-01  -3.7723578e-01   1.6665056e-01  -2.4852236e-01  -2.9159858e-01  -1.9420477e-01   1.2696993e-01  -2.5467298e-01   1.4541922e-01   6.3942078e-02  -4.7025881e-01  -1.1909393e-01   7.2926387e-01  -3.3462684e-01  -2.1470915e-01   1.9049366e-01  -3.6624289e-01  -3.0243750e-01  -1.8589455e-01  -7.8612568e-02   5.9563258e-01  -4.6812730e-02  -2.3988940e-01   3.9886237e-02   7.2972909e-01   7.0051844e-01   5.2957027e-02  -9.3508786e-02  -1.0150168e-01   1.6802084e-01  -2.7812615e-01  -1.2245403e-01  -9.6628354e-02  -4.3535296e-01  -1.8997650e-01   7.6328378e-01  -3.0683051e-01   4.3468049e-01  -1.0960026e-01  -1.3145191e-01  -1.0508743e-01   5.7412594e-02  -9.2994971e-02  -2.0190398e-01   1.4713756e-01   1.1818452e-01   4.7188035e-01  -3.9836557e-01  -2.8222269e-01   6.6990927e-01  -1.5506146e-01   4.9896812e-01   5.6793235e-01  -1.9706086e-01   1.8131603e-02  -2.2072698e-01  -2.0624352e-01  -3.2044441e-01  -1.6876511e-01  -2.8470641e-01  -1.7461115e-02  -2.4289110e-01  -1.2723910e-01  -1.2341028e-02  -4.4446211e-02  -3.8467449e-02   5.7690219e-01  -1.4509712e-01   3.1437990e-02  -3.1977732e-01   1.4276597e-01  -5.2797439e-01  -1.5503645e-01  -7.2363779e-02  -7.7431754e-02  -3.8814349e-01   6.5506099e-01  -2.2182010e-01  -2.8120407e-01   2.6849783e-01   3.8790785e-02  -3.1163503e-01  -9.6965888e-02  -1.0828119e-01  -5.2100758e-01   3.6478520e-01   5.5403181e-02   3.9623800e-01  -1.1239498e-01  -2.0394804e-01   2.0050948e-02  -2.5018767e-01  -2.8767538e-01  -2.7516723e-01  -2.0708287e-01  -3.2097653e-01  -3.4336128e-01   5.2558766e-02  -1.2432766e-01  -2.1221562e-01  -5.7406124e-01  -7.8083525e-02  -2.2021602e-01  -3.0377575e-01   3.1310617e-01  -3.5211531e-01   4.2709607e-01   3.3651590e-01  -1.0447754e-01   9.0241261e-03   9.6073160e-02   5.9005619e-01   4.6317282e-01  -1.2561956e-01  -3.9486189e-02  -1.5313959e-01  -3.4326704e-01  -1.4346174e-01  -1.4781948e-01  -3.7173061e-01   5.9100681e-01  -9.9692801e-02   1.2342231e-01   2.5337469e-01  -3.4262823e-02  -8.2576720e-02  -6.8305231e-02  -1.6639917e-01   4.6555891e-01  -2.2119453e-01   5.5644806e-01  -1.5179469e-01  -6.0330939e-03   5.7420721e-02  -5.6063507e-01   8.4125065e-02   5.1986687e-01  -6.5916368e-02  -3.7933133e-01  -4.5637841e-01  -1.3435644e-01  -8.8702116e-02   7.2909159e-01  -2.0606498e-01  -2.4552825e-01   2.0672048e-01
  -3.4796969e-01   1.1931085e-01  -9.0666403e-02   1.4619383e-01   3.0193045e-01   1.3973939e-01   0.0000000e+00  -6.1881287e-02  -1.8032172e-02   6.2093959e-01   1.9454008e-01  -8.5718881e-02   4.7658377e-02  -6.9880871e-01  -2.1166693e-03   1.0092392e-01  -8.0800687e-02   2.5894692e-01   4.1308168e-02   5.2793656e-01  -3.3999502e-03  -1.4457416e-01   8.2783577e-02  -4.9023800e-01  -3.1647123e-02  -1.2547978e-01   4.7243296e-01  -1.6648396e-01  -2.5025646e-01   2.8748043e-01   3.4074671e-01  -1.8006467e-01   1.4730127e-01   6.1688379e-01  -2.2058185e-01   3.6794557e-01   2.1836175e-01  -5.7570029e-02   1.7188019e-01   5.3685114e-01  -2.5435632e-02   6.5446568e-02   1.1070731e-01  -9.7598921e-02   3.2258523e-02   2.6205735e-01   3.0404007e-01   6.1136776e-01  -2.0910743e-02   2.3813364e-01   1.7625156e-01  -2.3171747e-01   3.4721196e-01  -1.3329383e-01  -5.4150226e-01   1.0708191e-01   9.0958179e-03  -3.2107006e-02   5.1524354e-02  -4.8823482e-01   1.4159032e-01   2.2498196e-01   1.3317398e-01   1.4284492e-01   1.6229470e-01   5.7193183e-01   1.4756985e-01  -3.7988710e-02   1.8509196e-01   1.8645905e-01   4.6368770e-01   1.8865330e-01   1.7124439e-01  -4.8260449e-01  -7.1132019e-02  -1.4989211e-01   1.9564050e-01  -1.3631717e-01   1.5203156e-01  -2.0204991e-01   2.2406222e-01   7.7686895e-02   9.5272023e-02  -9.4984014e-05  -4.1334593e-01  -1.2419619e-02  -3.3109200e-01  -5.5236222e-01   1.9359865e-01  -4.3740188e-01   6.9969391e-02  -6.1721282e-02   6.9405534e-01  -7.8126848e-02   1.6511693e-01   3.6403352e-02  -6.2999785e-02  -3.2838957e-02   3.9654523e-01   5.6521276e-01  -3.4118124e-01  -3.0546747e-01  -2.6550598e-01  -4.1257880e-01   8.7709238e-02   7.8689069e-02   2.5280842e-02  -4.3241901e-02  -2.9500077e-03   5.1562423e-02   4.1116321e-01  -1.6920929e-01   1.8531531e-01  -2.3322801e-01   3.6933159e-04   2.0211157e-01  -3.1963016e-01   1.8072113e-01  -1.5657395e-01   9.5806454e-02  -4.5912031e-03   4.4812045e-01   2.0856818e-02   2.4339912e-01  -4.3760639e-02  -6.7833920e-01   2.7565087e-01  -3.7380796e-02   6.2001300e-02   6.1301991e-02   1.6205367e-01   3.2570163e-01  -5.1981998e-01   1.8374588e-01   9.2822187e-02   4.3167189e-02  -2.3187650e-01   1.4565570e-01  -1.4784592e-01  -2.7956896e-01  -5.2901870e-01  -6.1216689e-02   4.4223923e-02  -1.5590225e-01  -1.2800316e-01   3.1838709e-02   3.6389492e-01   2.5163945e-01   3.4184743e-01   3.0840224e-01  -3.8811004e-01  -6.8662504e-02  -1.4859010e-01   5.9583290e-01   8.8618482e-02  -4.0712298e-01   1.0093643e-01  -6.4682209e-02   2.0882452e-02   2.3813511e-01   4.5786437e-02   1.2085524e-01   6.0179981e-01   2.4328104e-01  -1.1677042e-01   9.6348663e-02   4.0621622e-01  -6.1224318e-02   1.0779840e-01  -4.8415136e-02   1.9111499e-01   9.4203103e-02   3.6988854e-01  -2.0242060e-02  -1.2810760e-01  -2.9268834e-02  -1.2444245e-01
  -2.5961949e-01   1.1443444e-01  -4.2288075e-01  -2.7636968e-01  -3.4999918e-01   5.7930968e-01  -6.1881287e-02   0.0000000e+00  -2.0361891e-02  -1.7893035e-01   5.4095752e-01  -5.3013289e-01   3.7443783e-02  -6.6608928e-02   2.0202028e-01  -2.4512822e-01  -2.7257420e-01  -1.5852629e-01   7.1704108e-01  -2.2726102e-01   2.6791580e-01   4.5912225e-01   2.9437311e-01  -3.3746087e-01  -4.2639784e-01   8.3685058e-01   1.1487275e-01   7.2469543e-01   4.0389065e-01  -3.3240090e-01   9.3776323e-02   1.0897775e-01  -4.2245280e-01  -7.8015974e-02  -1.0607059e-01  -2.0197655e-01   5.7265088e-02  -6.1542811e-02  -3.2797743e-01  -2.6344353e-01  -1.0647392e-01  -7.4863662e-01  -3.6211625e-01   8.7322141e-01  -4.3785213e-01  -1.3377583e-01  -1.0924884e-03  -2.5414145e-01  -2.6135091e-02  -2.8113244e-01  -2.0098728e-01   8.7991806e-01  -2.7362424e-01  -5.2550677e-01  -5.3735671e-02   4.6482765e-01   7.3342212e-01   2.5435437e-01   4.3634078e-02  -8.3443921e-02  -1.4559785e-02  -3.7134925e-01  -1.1252796e-01  -1.3781629e-01  -2.8826952e-01  -1.0359546e-01   3.3141785e-01  -1.1300402e-01   4.3436975e-01  -2.5103773e-01  -1.1887126e-02  -3.5971838e-01  -4.2506920e-02  -2.4640792e-01  -2.4998453e-01   2.0018807e-01  -2.7600675e-02   5.7277917e-01  -4.3128595e-01  -4.2811843e-01   7.4710663e-01  -1.0216928e-01   5.9099828e-01   8.7425630e-01  -2.7852131e-01   1.1780847e-01  -2.5996415e-01  -2.2316334e-01  -4.8873162e-01  -1.7443771e-01  -3.4680048e-01  -2.4030640e-01  -3.1434792e-01  -1.1371001e-01  -9.0075158e-02  -3.3488230e-02   1.0941702e-02   7.3351403e-01  -1.7255545e-01   8.1526568e-02   1.1731594e-02   1.0802789e-01  -2.1405259e-01   9.5327156e-02  -2.3674679e-02   1.7174800e-01  -6.6715796e-01   7.9290117e-01   2.2964311e-01  -4.9547121e-01   9.8672475e-02   4.7740931e-02  -6.7287260e-01  -1.4404144e-01   1.1870071e-02  -4.6279698e-01   6.7815244e-01  -7.2242163e-02   3.8250505e-01  -2.8521793e-01  -4.4458018e-01  -6.7976864e-02  -5.4968938e-01  -1.2089139e-01  -1.9007268e-01  -7.9171463e-02  -2.2065948e-01  -4.7344111e-01   3.9256244e-01  -4.7114200e-01  -4.7299022e-01  -5.0514824e-01  -1.5097624e-01  -1.7112330e-01  -3.3842147e-01   5.0974626e-01  -3.8577925e-01   7.3044027e-01   4.5788510e-01  -3.5608598e-01  -6.4830636e-02  -4.9476770e-02   7.5011973e-01   1.8930902e-01   7.0155361e-02   3.8845957e-01  -2.9498151e-01  -3.5254712e-01  -8.8088987e-02  -2.9708116e-02  -5.2748464e-01   8.4005954e-01  -4.9525908e-01   1.1267243e-01  -1.6372380e-01  -2.4111399e-01  -1.2682984e-01  -1.7910153e-01  -3.4690279e-01   3.7917099e-01  -4.2628602e-01   6.3055843e-01  -2.9063850e-01   1.6779053e-02   1.5284752e-01  -5.7703021e-01   9.1706914e-02   7.4242137e-01  -3.3515748e-01  -2.9361881e-01  -3.4664474e-01  -2.5753569e-01  -2.0767597e-01   5.6241461e-01  -1.2133398e-01  -4.8025370e-01   6.3225323e-01
  -9.5232267e-02   8.4847160e-02  -1.5174722e-02  -1.5936475e-01   1.1238387e-01  -1.0796954e-01  -1.8032172e-02  -2.0361891e-02   0.0000000e+00   7.0128358e-02   2.5561222e-01  -5.5670242e-02   1.4838185e-01   1.1302449e-01   1.6504784e-01  -9.3839455e-02   1.3468694e-01  -1.5909888e-01   5.3695221e-02  -5.0662114e-02  -2.7167033e-01  -1.5146498e-01   5.4075683e-02   1.6945357e-02   4.1407705e-02  -1.9227884e-01  -8.5611483e-03  -2.5144169e-01  -1.3369963e-01   6.1961909e-02   8.7781247e-02  -1.6844116e-01  -1.8761077e-01  -4.4747077e-02   3.9363810e-02  -1.2434455e-01   2.3296053e-02  -5.3711095e-02  -1.3615651e-01  -1.0364978e-01   1.2678871e-01  -6.2833266e-02   2.7572420e-01   2.3784676e-02   7.1544923e-02   1.3308147e-01   1.5200179e-02   1.0718084e-01   2.1779621e-02  -1.9215996e-01  -1.0347082e-01  -6.8716953e-02   1.0622350e-01  -3.3500676e-02   1.1983834e-01   9.7826377e-02   8.5478610e-02  -1.7835483e-01  -1.8585132e-01   1.0147381e-01  -2.7680460e-03   2.4620059e-01   3.0843393e-01   3.6418408e-01   1.0022281e-01   6.2160649e-02  -9.4716051e-03   6.2953623e-02   1.1484398e-01  -4.6154618e-02   1.1729378e-01   1.5754469e-02  -1.6358008e-01   2.1512673e-02   9.4056764e-02   4.3390333e-02   3.4120430e-03   1.4427846e-01  -4.1058188e-02  -2.1327848e-02  -6.0345727e-02  -1.2649260e-01   2.1232707e-02  -1.5234808e-01  -2.5613400e-02   2.0807816e-01   1.1226961e-01  -9.8146077e-03   5.2349581e-02  -1.0810144e-01  -1.8358566e-03   2.8220313e-02  -1.0952951e-01   1.5399287e-01   1.5118891e-02   8.3039064e-02   2.4203113e-01   1.5199452e-01  -1.5742348e-01   5.9671408e-02  -4.0500882e-02   2.5158581e-01  -9.2535736e-02   2.2493400e-01  -1.1455142e-02  -1.6606247e-01  -1.1312241e-02  -1.3019866e-02  -2.0339543e-02  -1.4140047e-01   7.8729390e-02  -7.9913553e-02   2.2772921e-02   2.5009244e-03  -1.3750311e-01  -8.9117447e-03   1.4112699e-02  -1.8270044e-01  -2.7776883e-01  -1.5375120e-01  -1.1004957e-01   7.2071005e-03   2.5839313e-01  -6.7768746e-02   1.2402345e-01   4.1322869e-02  -5.2994429e-02   3.5224373e-02  -1.0966865e-01  -8.6459750e-02  -1.8815987e-01   6.6351727e-02   1.6732415e-01   2.1247816e-01   2.3495021e-01   2.2060216e-01   1.7556395e-01  -9.2303483e-02   1.5337135e-01  -7.5860069e-02   2.8727635e-01   1.6631622e-01   3.6002152e-02  -2.5787658e-01  -7.7517930e-02  -2.3197989e-01  -1.3046928e-01  -1.3292930e-02  -1.1593893e-02  -5.8951329e-03  -6.1815186e-02  -1.0559837e-01   4.5409947e-02   8.2237281e-02  -3.1449027e-02   1.5621999e-02  -1.1766778e-01  -1.7107050e-01  -5.7561289e-02  -1.1244201e-01   1.2339681e-01   1.0291539e-01   9.5326144e-02  -2.4742940e-01  -1.1706308e-01  -5.7070753e-02  -2.8945314e-02  -2.1914526e-01  -1.4737974e-01   6.5373012e-02  -8.6048628e-02  -6.3379750e-02   1.1604952e-01  -1.6254097e-01   5.4332988e-02   7.8997146e-02  -1.5741227e-01
  -4.1529756e-01   1.4439467e-01  -8.9458704e-02  -1.1761786e-01   3.6377741e-01   8.3565354e-03   6.2093959e-01  -1.7893035e-01   7.0128358e-02   0.0000000e+00   3.3676645e-03  -1.1271554e-01   3.9965888e-01  -5.8403367e-01   1.7525452e-03  -2.7803988e-01  -9.6990904e-03  -8.1226206e-02  -1.0410828e-01   4.8232967e-01  -1.6152436e-01  -3.8342445e-02  -1.6962187e-01  -4.7463785e-01  -7.8166409e-02  -1.7630719e-01   5.2578951e-01  -2.2499048e-01  -2.5052835e-01   4.3244354e-01   3.4270094e-01  -3.5712663e-01  -2.3513278e-01   6.4336275e-01  -1.7241145e-01   3.0857776e-01   3.3254376e-01  -7.8060979e-02  -1.3187531e-01   3.9754500e-01   2.8536110e-01  -4.6750383e-02   2.2144423e-01  -1.7171157e-01  -6.4810519e-02   3.4665054e-01   5.5779019e-01   4.2234093e-01   2.2788268e-01  -8.1835935e-02  -2.6998523e-01  -3.3200470e-01   2.7804942e-01   2.3393460e-01  -4.4998234e-01  -1.5146812e-01  -6.6674720e-02  -8.9808690e-02  -4.7221739e-02  -5.6927114e-01  -7.3882469e-02   3.7739919e-01   2.4378493e-01  -1.7220821e-01   6.5465043e-02   5.7143734e-01  -8.9883646e-02   9.8851045e-02   2.0237361e-01  -1.3536329e-02   4.1752674e-01   2.1091342e-01  -7.1476476e-02  -4.9301631e-01   1.0507632e-01   2.2953330e-01  -3.1146732e-02  -1.1298052e-01   2.7287261e-01   6.3532439e-02  -1.0338412e-01  -2.8816685e-02  -2.0362382e-01  -1.0960476e-01  -3.2481174e-01   7.0845981e-02  -3.3798320e-02  -4.7837569e-01   1.2983669e-01  -4.5303510e-01   1.3090495e-01  -3.1948747e-01   4.8581987e-01  -4.6503428e-01  -4.1672567e-02   3.7074209e-01   3.3200273e-01  -6.7518913e-02   3.4544398e-01   5.5456616e-01  -2.6239701e-01  -5.8013668e-01  -1.3343674e-01  -4.8624748e-01  -1.3531885e-01  -1.3871031e-01   1.6119589e-01  -9.2689713e-02   6.4012911e-02   3.2866280e-01   9.3061927e-02  -3.9525989e-02   1.0943125e-01  -3.0847524e-01  -1.5135440e-01   3.1701849e-01  -2.8247201e-01  -9.7885238e-02  -2.6547486e-01  -1.5615491e-01  -1.5907171e-01   4.2070153e-01  -5.4101769e-02  -1.6366991e-01   6.2247253e-02  -6.2993111e-01  -2.1227965e-01   7.5626084e-02   6.9862940e-02   4.7643603e-02  -1.2647302e-01   1.7846294e-01  -5.1853879e-01   1.8574293e-01   5.4044918e-02   6.3422798e-03   1.3242943e-01   2.5827253e-02  -2.0505207e-01  -3.9262017e-01  -4.9451641e-01   4.1859448e-01   5.7989814e-02  -1.7812420e-01  -4.8544787e-01  -6.7304918e-02   2.2832547e-01   4.2035367e-01   5.2138123e-01   1.9832310e-01  -3.3682399e-01  -2.6662140e-01  -1.8497872e-01   2.7235770e-01  -5.0414432e-02  -3.0923962e-01  -1.4177975e-01  -1.3857878e-01  -2.5735820e-01  -1.9741861e-02   3.1416293e-01   1.5377780e-01   6.2108654e-01  -1.7134475e-02  -1.3888874e-01   1.8892917e-02   7.7507273e-02  -1.1325765e-01  -1.1502825e-02  -1.5611008e-01   2.0370369e-01  -1.7160166e-02   6.2041552e-01  -1.6848686e-02  -1.4346293e-01   3.2167341e-01  -6.1736596e-02
  -1.9788162e-01  -1.0504303e-01  -5.0761509e-02  -3.6381384e-01  -3.9442299e-03   6.1685724e-01   1.9454008e-01   5.4095752e-01   2.5561222e-01   3.3676645e-03   0.0000000e+00  -4.3394557e-01   3.5479207e-01  -1.9384956e-01   5.5096485e-01  -3.3460457e-01   1.5910558e-01  -3.1006785e-02   4.8942902e-01  -1.2340067e-03   1.7251598e-01  -1.6079672e-01   1.2520487e-01  -5.4290754e-02  -6.0824049e-01   3.9992742e-01   3.3672853e-01   4.5364242e-01   4.0625767e-02  -3.8216803e-01   4.7754055e-01  -3.1721619e-01  -5.0034030e-01   2.9340582e-01  -3.3811072e-01  -3.3286803e-01   2.5769801e-03   2.3554631e-01  -3.1364602e-01   1.7442841e-01   2.1027567e-01  -5.1205367e-01   3.0157796e-02   6.5127968e-01  -7.4368433e-02   7.2219363e-02   3.6656231e-01  -8.3459576e-02   2.7995765e-02  -2.5140527e-01  -8.1790595e-02   4.3293602e-01   1.3078486e-01  -2.6666531e-01   8.6934431e-02   5.5790085e-01   4.7345931e-01  -2.0076892e-01  -1.6532760e-02  -2.3288996e-01   3.3744480e-01   8.6353614e-02   2.8132273e-03   3.5344662e-01  -8.5049926e-02  -1.0278278e-01   5.8302119e-01  -3.2428805e-01   5.3268495e-01  -1.0540256e-01   9.0443094e-02  -3.1590895e-02  -5.4395161e-02  -9.3528108e-02  -2.7386001e-01   3.7405109e-01   2.1798571e-01   3.3179006e-01  -4.0393228e-01  -2.8969416e-01   5.7718780e-01  -3.3986666e-01   5.3382851e-01   4.5167871e-01  -1.1377726e-02   2.1992135e-01  -3.6917341e-01  -2.2464140e-01  -3.4309481e-01  -1.6249423e-02  -3.9091991e-01  -5.8546984e-02  -1.3559609e-01  -9.4414230e-02   1.8680253e-01   7.1242493e-02   1.8217382e-01   5.4948564e-01  -1.4292946e-01   1.9915395e-01  -2.1824462e-01   2.8494087e-01  -5.5866667e-01  -3.1912897e-01  -1.9115651e-01   3.2299232e-03  -2.4054159e-01   5.2829832e-01   6.1646480e-02  -3.0340328e-01   1.2817225e-01  -4.4846097e-02  -3.8801508e-01   7.8923787e-02  -6.7656354e-03  -3.3225564e-01   1.7908123e-01  -3.2993203e-03   2.3676184e-01  -4.3820057e-01  -1.0429125e-01  -2.1373313e-02  -2.0720461e-01  -6.9264439e-02   2.9449871e-02  -2.5316394e-01  -2.0836552e-01  -4.7986416e-01  -7.2958974e-02  -6.0960702e-02  -2.9389835e-01  -3.0592158e-01  -6.7500734e-02   3.5896501e-01  -3.2616226e-01   5.8081957e-01  -1.6382031e-01   4.7372014e-01   4.6617089e-01  -1.6655759e-01   2.3480442e-02   7.7244734e-02   7.2281324e-01   6.2883867e-02   3.1211928e-02   1.2292345e-01  -2.9492997e-01  -2.5710203e-01  -1.2113381e-01   1.4402756e-01  -3.7118202e-01   4.4612861e-01  -2.8069282e-02   4.3991650e-01   9.5827370e-02   7.9887959e-02  -4.4271629e-02  -3.0660938e-01  -1.5264651e-01   3.3738122e-01  -3.5941299e-03   7.4251615e-01  -3.7037435e-03  -5.7756244e-02  -1.7357654e-01  -5.6134326e-01   3.0771374e-01   3.8742646e-01   1.1345848e-01  -1.6400196e-01  -4.7692576e-01  -6.6613380e-02   2.1603071e-01   3.9848142e-01  -2.4929119e-01  -1.6651204e-01   1.4580279e-01
   4.3831446e-01  -1.4642739e-01   5.6215644e-01   2.3212798e-01  -2.9351458e-01  -1.8180277e-01  -8.5718881e-02  -5.3013289e-01  -5.5670242e-02  -1.1271554e-01  -4.3394557e-01   0.0000000e+00  -2.0130811e-01   5.1554262e-01  -6.9185459e-02   2.6932110e-01   2.7676942e-01  -1.1112096e-01  -2.7469193e-01  -2.6116194e-01  -1.7831951e-01  -1.1559067e-01  -6.3947120e-02   5.7136136e-01   2.3205318e-01  -4.2092915e-01  -5.3473681e-01  -3.1469526e-01  -1.9581640e-01  -1.1997665e-01  -3.7575386e-01  -1.2782076e-02   2.9812623e-01  -7.1110412e-02   4.0253033e-01  -2.2031598e-01  -3.4993180e-01  -1.3634438e-01   1.9197802e-01  -8.1717283e-03  -1.9221635e-01   5.1549540e-01   2.5179105e-01  -4.2185290e-01   1.8666161e-01  -2.8343398e-01  -4.7038368e-01  -1.9805666e-01  -4.4911219e-01   1.7244625e-01   1.4784379e-01  -4.6018831e-01   5.6729198e-02   3.5861063e-01   4.6741735e-01  -4.5539201e-02  -3.7256419e-01  -1.6962598e-01  -1.6446739e-01   6.5725873e-01  -6.8395268e-02   7.5055480e-03  -1.5534335e-01  -3.7679970e-02  -2.2744068e-01  -1.9490414e-01  -5.3994603e-02  -1.5780863e-01  -6.7174273e-01   1.8335865e-01  -3.0996656e-01  -3.3936379e-02  -5.9325363e-02   7.0135853e-01   1.3177796e-01  -1.9685751e-01  -1.5208312e-01  -1.8430829e-01  -3.0792473e-02   1.8711485e-01  -3.3345127e-01   1.1133079e-01  -1.4566629e-01  -4.4856120e-01   4.2078368e-01  -3.9748653e-01   3.8429038e-01   5.4029428e-01   1.0688122e-01   2.7227053e-01   1.0430879e-01   2.8111093e-01  -4.9674279e-02   4.8424702e-01  -1.3697656e-01  -2.6833943e-01  -1.4469219e-01  -4.3164125e-01  -3.0536750e-01  -3.5778401e-01   1.4132771e-01   2.8757964e-01   1.6368056e-01   5.1499518e-01  -1.3054125e-01  -2.9219839e-01   3.5511578e-01  -5.3357150e-01  -4.8952991e-01   2.0242261e-01   2.4468145e-01   9.6614703e-02   2.6731346e-01   1.3848995e-01   1.5773992e-01  -1.0666092e-01  -3.7567362e-01  -4.0630819e-02   1.1809344e-01   2.5306086e-01   6.2441089e-02   3.4229073e-03   3.9127547e-01  -3.5943609e-02  -2.7060403e-01   5.0336340e-01   2.3687621e-01   9.8755841e-02  -2.8133512e-01   3.7398351e-01   3.0993318e-01   2.2330269e-02   5.8925014e-01  -1.3166561e-01   1.6385964e-01  -3.8265116e-01   1.4577558e-01  -3.4195635e-01  -5.0686208e-01   4.6619832e-01   4.7217691e-01  -5.5523053e-02  -5.0500088e-01   4.4290507e-01   3.3880886e-01  -4.1794034e-01   5.5990730e-01  -2.5471192e-01  -1.9605654e-01  -1.8516717e-01   6.2079248e-01  -3.4199960e-01   5.1664115e-01  -4.4155579e-01   4.9261625e-01   3.3529257e-01  -3.2821584e-02   2.2147756e-01   2.1351101e-01  -2.5606803e-01   1.0220363e-01  -5.0120021e-01  -3.1277766e-01  -1.9831716e-01  -7.4832025e-02   3.3542188e-01  -2.8109094e-01  -2.6063624e-01   1.6753013e-01   8.6583360e-02   1.0907443e-02  -8.1621253e-02  -4.4124320e-01  -1.9903231e-02   1.6021000e-01   1.6930485e-01  -2.5586504e-01
  -3.7505468e-01   1.0612038e-01   1.1940537e-02  -6.4694913e-01   1.6842978e-01   2.5776247e-01   4.7658377e-02   3.7443783e-02   1.4838185e-01   3.9965888e-01   3.5479207e-01  -2.0130811e-01   0.0000000e+00  -1.3649463e-01   3.3937263e-01  -5.3804744e-01   2.0726237e-01  -3.3517117e-01   1.3004722e-01   6.6658225e-02  -2.2712694e-01  -1.5031326e-01  -3.0134039e-01  -1.1275790e-01  -3.9180083e-01   1.7387482e-02   4.2241827e-01   2.1781625e-02   2.7662823e-02   1.5337113e-01   4.0700338e-01  -6.1984658e-01  -5.5340255e-01   3.9443631e-01  -1.5259077e-01  -1.2955298e-01   2.1260127e-01  -2.9412588e-03  -3.8835390e-01   1.8217421e-01   7.2924568e-01  -1.7873310e-01   3.6485728e-01   2.2575001e-01   9.0990418e-02   1.0530795e-01   5.6246158e-01   1.0227701e-01   2.8160496e-01  -4.8253820e-01  -3.9311989e-01   4.1241393e-02   3.5487966e-01   4.1393905e-01   5.2578517e-02   2.1710622e-01   5.6800131e-02  -4.3983380e-01  -3.0697768e-01  -3.4849250e-01  -1.0743396e-01   4.0903589e-01   4.0148904e-01  -6.2572298e-02  -3.6821498e-02  -1.1197862e-01   1.7934353e-01  -5.7951688e-02   3.1544621e-01  -3.0109403e-01   2.0928590e-01   1.3238921e-01  -1.0257963e-01  -2.3914302e-01   2.1114126e-01   4.5978303e-01  -2.1912460e-01   8.8802211e-02  -1.1072837e-01   2.4549208e-01   8.4219913e-02  -2.7712190e-01   1.1945695e-01   1.1864471e-01  -6.8500891e-02   1.0021313e-01   2.6793197e-02  -2.5976192e-01  -1.4673611e-01  -2.3686548e-01  -2.0958097e-01  -4.4498125e-01   6.1663219e-02  -4.5754105e-01  -2.9944237e-01   4.2320847e-01   6.1792904e-01   1.0942875e-01   9.6291724e-02   1.1857629e-01  -2.8267176e-01  -1.3785508e-02  -6.9833826e-02  -3.8305164e-01  -4.2089120e-01  -4.4488271e-01   1.8949188e-01   1.3668941e-01   1.1924737e-03   1.6868544e-01  -4.4595375e-02   1.2892079e-02  -1.0476104e-01  -2.5805964e-01  -3.3896839e-01   5.8015737e-02  -9.9889429e-02   2.0552254e-02  -1.1307114e-01  -5.0118384e-01  -2.7826818e-01  -1.0192576e-01  -1.1262425e-03  -3.9452689e-01   5.3623089e-02  -2.7827244e-01  -4.6628199e-01  -4.2682315e-02  -2.6139584e-01  -6.9443427e-02  -9.0649165e-02   4.4544466e-02  -2.4478363e-01   1.9757226e-01  -2.2258378e-01   2.1350286e-01   3.3639364e-01   1.2241454e-01   2.4576899e-01  -2.3652413e-01   9.8870657e-03   7.3535608e-01   3.3657931e-01  -1.0422841e-01  -2.6994271e-01  -3.1082255e-01  -1.3988971e-01   7.5113786e-02   9.4503483e-02  -1.1478763e-01  -2.8164989e-01  -3.8998496e-02   1.0678856e-03   2.0617087e-01   3.3784115e-02  -4.1542125e-05  -5.1514684e-01  -1.1728886e-01  -4.7883213e-01   9.0698584e-02   4.2336665e-01   3.9156775e-01   1.3425771e-01  -3.7489012e-01  -3.3875318e-01  -1.9390164e-01   1.8036519e-01   8.8612368e-02  -6.3817630e-02   3.8230756e-02  -2.9105020e-01  -3.4647837e-01   4.8708572e-01   1.9003126e-01  -2.7889157e-01   4.4489814e-01  -7.7390403e-02
   4.9306183e-01  -6.3686360e-02   2.1717794e-01  -8.3728685e-02  -4.5332041e-01  -2.0556266e-01  -6.9880871e-01  -6.6608928e-02   1.1302449e-01  -5.8403367e-01  -1.9384956e-01   5.1554262e-01  -1.3649463e-01   0.0000000e+00   4.7327120e-02  -7.0039846e-02   1.0610315e-01  -2.9462131e-01  -3.8993936e-02  -6.8916398e-01   1.8939248e-02   1.5570914e-02   4.4994603e-02   7.5475807e-01  -4.4853839e-02  -5.9250452e-02  -7.0062091e-01   9.6550581e-02   1.4680842e-01  -3.6001394e-01  -3.8886578e-01  -5.2610000e-02  -5.8396584e-02  -5.4139065e-01   4.8348718e-01  -4.7851579e-01  -2.9544379e-01  -1.5579455e-01  -2.0749334e-01  -4.7905759e-01  -1.5435268e-02   1.0137073e-01   4.7229473e-02  -1.8402692e-02  -5.8851057e-02  -3.5475318e-01  -5.4846708e-01  -4.9979868e-01  -2.0853732e-01  -2.1302195e-01  -1.4641090e-01   1.0108744e-02  -2.2942373e-01   1.8357477e-01   8.0770833e-01   2.0957660e-02  -1.2415194e-01  -2.1385637e-01  -1.7083714e-01   7.9515007e-01  -1.9847145e-01  -1.1225726e-01  -1.9827515e-01   3.8418454e-02  -3.2032086e-01  -5.6945531e-01  -1.2821654e-01  -1.5313102e-01  -5.6413850e-01  -5.0946063e-02  -4.6642593e-01  -3.4631209e-01  -3.3667082e-01   7.4000424e-01   4.6093588e-02  -9.2588784e-03  -3.2343242e-01  -3.7458909e-02  -2.6470169e-01   2.5821821e-01  -8.2686184e-02  -1.2755904e-01   9.8683917e-02  -1.1919903e-01   5.9220679e-01  -3.3502053e-01   4.4699552e-01   8.4160712e-01  -2.4979364e-01   5.5072483e-01  -1.6991244e-01   6.2287422e-02  -5.1358229e-01   4.4260526e-01  -2.8647833e-01  -1.8894308e-01   8.4825946e-03  -1.5833847e-01  -5.5336769e-01  -6.1291972e-01   5.4069264e-01   5.5864743e-01   2.8345547e-01   6.6556981e-01  -3.1866806e-01  -3.1211833e-01   5.3831947e-02  -2.1949869e-01  -1.2246501e-01  -6.1517395e-02  -1.0020505e-01   1.6225003e-01  -1.8402390e-01   2.8138363e-01   2.7462791e-01  -2.5576723e-01   1.5929072e-02  -8.3221492e-02   2.9789798e-01  -1.9452183e-01  -1.1479645e-01  -3.4017409e-01   1.0883268e-01  -2.5965698e-01  -1.2393289e-01   8.7536674e-01  -1.0054523e-01  -1.6153728e-01  -2.0442664e-01   1.7774434e-01  -1.9659450e-02  -2.6938496e-01   7.7102394e-01  -2.0501224e-01  -1.0543489e-01  -1.4582418e-01   2.1915937e-01  -7.4661552e-02  -1.0718906e-01   4.1490058e-01   7.6265841e-01  -4.5373417e-02  -1.7820800e-01   3.4107437e-01   3.8621987e-01  -2.2642911e-01   2.6829053e-02  -4.3977362e-01  -4.5160325e-01  -2.4577430e-01   5.7022548e-01   3.2577128e-02   2.7563720e-01  -5.6106244e-01   1.6178739e-01   5.4150064e-01  -1.5125257e-01   7.2228407e-02  -5.7106063e-02  -1.7751591e-01  -7.4391830e-03  -3.1535968e-01  -7.1737177e-01  -3.9035928e-01  -2.2271676e-01   5.3884286e-02  -2.9454822e-01  -4.9420188e-03  -1.0738454e-02   2.2031788e-01  -2.2741666e-01  -1.1545077e-01  -5.9033090e-01   3.6964355e-02   1.4826427e-01  -9.2497389e-03   4.7706586e-03
