   0.0000000e+00  -2.7905558e-01  -5.0990328e-02  -3.9666842e-01  -5.1527203e-01   2.1016912e-01  -2.2757161e-01  -6.8117482e-02  -9.6557776e-02  -2.7255958e-01  -3.2805974e-01  -2.7314519e-01   1.4446146e-01   6.1308986e-01   2.4018731e-01  -2.4141791e-01   1.7041383e-02  -1.7275530e-01   2.5849971e-01  -5.0817595e-01   4.8718189e-02   8.5122569e-03  -6.0739726e-02   8.3861153e-01  -1.6720578e-01   1.1383559e-01  -5.3341818e-01   2.6881539e-01  -3.1942921e-02  -9.6125427e-02   1.5785390e-01  -2.6614787e-01  -2.6266754e-01  -1.6013551e-01   2.8458177e-01  -5.3653258e-01  -2.1854027e-01   6.6453712e-01  -4.2394207e-01  -4.2989987e-01  -6.4576454e-02  -2.1227860e-01  -4.3969829e-01  -1.0318806e-01  -3.0643593e-01   5.8681744e-01  -2.7407692e-01  -2.6567775e-01  -1.8660132e-01  -3.5156538e-01  -7.6657231e-02  -7.4554460e-02  -4.1616000e-01  -4.1803361e-01   4.8779244e-01  -2.6640191e-01   2.0362869e-01  -1.2706970e-01  -1.6777275e-01   3.2961832e-01   6.0955091e-01  -2.3589078e-01  -1.6404183e-01  -1.2484058e-01  -1.8827020e-01  -4.2032013e-03   1.1057055e-02  -2.5306181e-01  -3.4086136e-01   6.2257198e-01  -3.1594959e-01  -4.0869269e-01  -1.7725978e-01   2.7810027e-01  -3.9484790e-01  -1.2561592e-01   7.2942678e-01  -2.1844087e-01  -4.5281345e-01  -5.0207550e-01   2.9259988e-01  -2.0539071e-01  -4.0844285e-01   7.4939373e-02   4.3588483e-01  -7.3700615e-02   7.0643561e-02   4.8799472e-01  -1.4207170e-01   8.4622782e-01  -1.7042843e-01   4.0625715e-01  -3.6014898e-01  -5.2955538e-02   5.8493668e-01  -4.4533557e-01  -3.1611786e-01  -9.9201576e-02  -2.2237769e-01  -2.8863092e-01   3.4085973e-01   1.4180574e-03   2.0524070e-01   1.8068486e-01  -3.4667365e-01  -2.4390844e-01  -7.0133406e-02  -2.3770387e-01  -3.0118830e-01  -6.0234495e-03  -4.7159241e-01   1.4754988e-01  -3.8376534e-01   8.5513447e-01   4.6175264e-01  -3.6630522e-01  -3.4349498e-01  -1.0450583e-01   4.4127719e-01  -4.0249729e-01   7.2956668e-01  -4.5272670e-01  -4.9531534e-01  -2.3937088e-01   6.7940219e-01   6.8142978e-01  -1.0917415e-01  -4.4418209e-01  -2.1784184e-01   3.8077474e-01  -3.5252140e-01  -3.2244385e-01   6.5428398e-02   6.1049324e-02  -3.9441193e-01  -1.6393286e-01  -5.5426777e-01   2.9754591e-01  -4.1786418e-02   7.8260101e-01   8.1403175e-01  -2.5195104e-01  -3.6024509e-01   3.2609712e-01  -9.9872001e-03  -3.0494371e-01  -4.1327259e-01  -1.4780750e-01  -1.3017382e-02  -9.0978412e-02   6.2769435e-01   9.5798566e-02   7.1975269e-01  -3.3202961e-01  -9.7354614e-02   7.5794909e-01   6.9373556e-01  -1.0232589e-01   3.4721470e-01   3.3420204e-01  -3.3684891e-01  -3.9069086e-01  -7.2584228e-02  -3.0459487e-01  -7.6223611e-02  -3.1938931e-01  -4.4400841e-01  -5.0936225e-02   7.6960225e-01  -4.5141321e-01  -2.8770366e-01   6.1725581e-01  -4.3058570e-01   1.4476455e-01  -2.3115506e-01  -3.6849444e-01  -1.9138289e-01
  -2.7905558e-01   0.0000000e+00   4.9232402e-01  -3.9525781e-02   5.8894377e-01  -2.3818381e-01   6.0908226e-02  -8.2969635e-03   1.5732940e-01   1.5053720e-01   9.3937334e-03   5.4485263e-01  -9.9073481e-02  -1.5629159e-01  -5.6255609e-01   9.4605881e-02   5.9277036e-01  -2.1981571e-01   6.5370242e-02   5.7338161e-01  -4.9856420e-01  -2.2641180e-01  -4.5073791e-01  -2.4560170e-01  -1.2026451e-01  -7.9705746e-02   4.8451812e-02  -3.7742074e-01  -9.0040021e-02   4.1058258e-01  -4.4132266e-01  -6.7553112e-02   2.6897069e-01  -3.6889936e-02  -2.7089312e-01   3.3899283e-01   3.3054716e-01  -2.9795902e-01   1.7436626e-01   3.8217934e-01   2.6515699e-02   2.3372725e-01   5.5647543e-01  -2.6906494e-01   5.4562541e-02  -3.3832925e-02  -3.4122312e-01   1.3222301e-01   4.1182338e-01   7.1277736e-01  -4.1052845e-01   1.5316947e-01   3.6521731e-01   1.6621318e-01  -2.3972324e-01  -1.8294629e-01  -7.3263781e-02  -1.3385912e-01  -2.7961583e-02  -1.3786857e-01   4.1598388e-02   1.0240964e-01   5.0755201e-01  -6.4508645e-02   2.7995034e-01  -3.3424907e-01  -1.7338973e-01   1.9811996e-03  -3.9930284e-01  -2.3344829e-01   6.9794006e-01  -9.7913046e-02   2.6724086e-01   1.5273275e-01   1.9432447e-01  -2.5123705e-01  -5.9738593e-02  -1.6669105e-01   7.3001158e-01   2.2343282e-01  -5.6068668e-01   1.6367199e-01   1.8811547e-01  -2.7533760e-01   3.8984050e-02  -1.9800478e-01   2.3396977e-01  -2.1210587e-01   3.2701080e-01  -4.3398393e-01   3.9331452e-01   2.8827883e-01   1.8245013e-01   9.1417519e-02  -3.8295909e-01   6.8087447e-01   6.0324810e-02  -3.7958455e-02   1.0424911e-01  -5.1853394e-02   1.4560486e-02  -3.5840630e-01  -4.5161177e-01   5.1750548e-02  -1.5533707e-01   2.3827186e-02   1.9109559e-01  -4.9087637e-02   5.7212573e-02  -4.8364640e-01   1.1890788e-01  -4.6802995e-01  -2.2612932e-01  -4.5631129e-01  -4.7332047e-01   4.6264938e-01  -3.2561055e-02   9.6821962e-03  -5.4070234e-01  -7.3753926e-02  -2.0679084e-01   6.6686905e-01   4.9056933e-01   2.8199924e-01  -1.5882577e-01   8.5806137e-03   8.6573247e-02   3.3378624e-01   4.7645066e-02  -9.8227936e-02   2.0518068e-01   2.1898413e-01   7.7761666e-01  -2.2861201e-01   2.7939669e-01  -1.6996349e-01   3.1324741e-01  -6.3779924e-01  -2.0267918e-01  -3.9956521e-01  -2.6355472e-01   2.2507411e-01   5.3367653e-02  -3.8738992e-01  -4.7116257e-01  -3.4977913e-01   4.8348157e-01  -3.1913445e-01  -3.8509303e-01   3.2164373e-02  -3.6526725e-01  -3.6045964e-01  -1.6646884e-01   1.5801820e-01   4.9470248e-01  -3.8702663e-01  -3.1541895e-01  -1.1886168e-01   1.5988800e-01  -6.6327176e-01   2.4272116e-01   3.3563317e-02  -1.2028447e-01  -2.5469271e-01  -4.8325865e-02   3.0348838e-01   2.9218417e-01  -3.2980440e-01  -3.0473468e-01   2.8034911e-01   3.6695846e-01  -2.5999206e-01   1.5765271e-01  -8.8052565e-02  -8.5374323e-04   4.6801696e-02   1.8577589e-01
  -5.0990328e-02   4.9232402e-01   0.0000000e+00   1.0631528e-02   4.3338603e-01  -7.3944483e-02  -3.5017455e-02  -1.0793271e-02   3.6393310e-02   3.5440047e-03  -1.2622334e-01   3.3979967e-01  -2.3344617e-01  -1.8679427e-01  -4.8538164e-01   2.0133736e-01   7.4304340e-01  -1.8894765e-02   3.7640274e-02   5.4798163e-01  -3.7780065e-01  -1.4836807e-01  -3.0396259e-01  -5.0469664e-02  -1.4818290e-01  -1.6395600e-01   2.8775618e-01  -5.6908290e-01  -4.6468159e-02   9.6723121e-03  -4.0554792e-01   1.0707721e-02   2.7792393e-01  -9.2430355e-02  -2.7889710e-01   2.6200127e-01  -4.7962397e-03   2.8443179e-02   1.7906258e-01   7.1673948e-01  -2.4009092e-01   2.1904381e-01   3.6654887e-01  -2.8071093e-01  -6.7007975e-02   1.4946633e-01  -2.3068466e-02  -8.1513828e-02   4.3951958e-01   7.3315782e-01  -2.0597974e-01  -7.2459830e-02   2.0503656e-01   1.6571919e-01  -1.3263459e-01  -4.4010626e-01  -1.4391061e-01  -1.4502505e-02  -7.0999758e-02  -2.9950892e-02   2.5514268e-01   1.8470000e-01   3.8657492e-01  -1.5770466e-01   1.6317218e-02   1.0312672e-02   3.3274833e-02   1.6269524e-01  -1.5434180e-01   1.1077930e-01   3.0799628e-01  -1.2914909e-02  -5.7469747e-03   1.9890585e-01   7.0866217e-02  -6.2520769e-02   1.6132773e-01  -2.5348500e-01   3.9153339e-01   9.7178392e-02  -4.6543595e-01  -1.1381090e-01   3.0020835e-02  -1.1619493e-01  -4.9570470e-02  -1.5685614e-01  -9.9034975e-02  -1.7670624e-01   1.3773314e-01  -3.0735119e-01   2.8923064e-01   5.0881793e-01   2.5660945e-01  -1.9240319e-02  -2.1674540e-02   4.1444178e-01   1.2678536e-01  -4.7903805e-02   1.5189102e-01  -2.0491635e-01  -2.8398241e-01  -2.6959570e-01  -4.1148460e-01   1.6087010e-03  -5.6684154e-02   1.2118058e-01   4.5557610e-01  -5.3124565e-02   1.7382661e-01  -2.2852043e-01   2.6416402e-04  -3.0349385e-01  -2.0643031e-02  -2.0672847e-01  -4.7775775e-01   3.0872416e-01  -1.4183196e-01  -2.7863859e-01  -6.0922683e-01   4.0415173e-02  -4.1173828e-02   4.9575766e-01   2.7119160e-01  -9.1777039e-02  -2.7718948e-03   3.0053189e-02  -1.8072394e-01   1.9830702e-01   1.2734219e-01   1.8432247e-01   1.1104172e-01   1.1488326e-01   3.9596748e-01  -9.8832103e-02   1.4794075e-01  -3.4632792e-02   1.7462960e-01  -5.4316884e-01  -9.3888721e-02  -8.9090523e-02  -7.8091839e-02   8.2388227e-03  -7.4327230e-02  -2.2495449e-03  -4.2446730e-01  -4.0049196e-01   2.5306826e-01  -1.3061269e-02  -6.3571829e-02  -2.7029334e-01  -3.5931877e-01  -3.5030036e-01   8.5798404e-02  -4.5854295e-03   7.1068970e-01  -1.4395325e-01  -4.0495576e-02  -2.8525787e-01   1.9388481e-01  -5.7151593e-01   2.7222406e-01  -4.3335705e-02  -1.0794673e-01  -1.0184298e-01   7.9931991e-02   2.8206601e-01   4.2688327e-03  -2.9389664e-01  -2.2947855e-03   1.7071500e-01   3.0823366e-01   2.1050570e-02   1.5794428e-01   3.8237741e-02  -6.8897998e-02   2.1266083e-01   8.2672613e-02
  -3.9666842e-01  -3.9525781e-02   1.0631528e-02   0.0000000e+00   1.2074615e-01  -1.4859619e-01   2.8971094e-01  -3.1586173e-01   3.3387378e-01  -6.3283134e-02  -8.1875056e-02   2.6610954e-01   1.4709272e-01   2.1388999e-02  -1.7102090e-01   3.4547892e-01  -1.1363312e-01   3.6708757e-01  -2.1605190e-01   2.9269930e-01   1.4934066e-01   2.3587517e-01   3.3487242e-01  -2.4944695e-01   2.7755422e-01  -3.3356014e-01   1.9927634e-01  -1.9409106e-01   8.2718422e-02  -1.6637725e-02  -2.4967561e-01   5.6182731e-01   4.7848389e-01  -1.2082190e-01   1.6628993e-01   3.1672545e-01   1.2154670e-01  -2.8314581e-01   3.0839523e-01   2.2225232e-01   4.2212961e-02   6.5436316e-01   4.1155290e-01  -2.9298627e-01   3.3244833e-01  -3.1179909e-01   2.7861892e-01  -1.3372669e-01   3.8003425e-03   1.4620775e-01   4.5589119e-01  -2.8797601e-01   1.4949192e-02   6.4298805e-01   3.0873867e-03  -9.8516558e-02  -1.7239658e-01   3.0590744e-01   2.7573942e-01   1.2525166e-01  -4.8717191e-01   2.3680378e-01   1.1538421e-01  -3.8122610e-01   8.4182621e-02   2.8337607e-01  -4.0648250e-02   9.8723809e-03   8.2898286e-02  -7.5397974e-02   2.9475191e-02   8.1396919e-01   3.4971547e-01  -6.7439448e-02   2.3795936e-01   7.3687947e-02  -5.0593777e-01  -1.4641939e-01   1.7061036e-01   5.2383346e-01  -5.8973204e-02   2.8783260e-01  -4.2227695e-02  -3.2528093e-01  -4.0497767e-01   1.3461879e-01   5.8883977e-02   2.3843198e-02   1.2211664e-01  -4.6784201e-01   7.4728518e-02  -3.3909812e-01   1.2561243e-01   2.6229597e-01  -3.5063393e-01  -4.8018046e-02   6.5445130e-01  -2.1220531e-01  -1.1919667e-01   3.7685406e-01  -2.9253986e-01  -3.1519862e-01  -3.0965324e-01   8.0775627e-02   5.1086230e-01   4.6108466e-01   4.5079753e-01   3.8006457e-03   2.8778105e-01   2.0930923e-01   1.3462105e-01   3.1016707e-01   7.1809380e-01  -4.5133416e-01  -1.2019696e-01   1.4622368e-01   2.6568177e-02   2.3550604e-01  -1.7048650e-01   6.3351295e-01  -3.4404011e-01   1.2228016e-01   3.5112019e-01   7.7090586e-02  -4.1272093e-01  -5.9811326e-02   2.7115224e-01   4.3857086e-01   3.3350507e-01  -8.6353846e-02   2.0168328e-01  -5.7477009e-02  -1.9405420e-01  -9.7230158e-02   4.3399676e-01  -2.1001710e-01   4.8304646e-01  -2.5543832e-01  -2.0113946e-01  -2.8636927e-01  -2.2165807e-01   1.8238809e-01   4.2288291e-02   7.9517956e-02   1.5595939e-01   3.2710646e-01   2.2914339e-01   2.2408801e-01   3.1303076e-01  -1.8324530e-01  -3.0825659e-01  -3.6350401e-01  -2.7970141e-01   5.3021189e-02  -2.8027344e-02  -2.1358114e-01  -2.7003404e-01   4.4632183e-01  -1.1948495e-01  -1.2300959e-01   2.4569405e-01   6.5386388e-02  -1.9149675e-01   4.8924067e-01   3.2160746e-01   1.0782397e-01   1.4360743e-01  -1.3562791e-01  -2.2116920e-01   3.0796269e-03   2.4480111e-01  -2.9844315e-01   2.8604126e-01  -6.2397171e-02   8.3928417e-02   5.7152905e-01   3.7810966e-01
  -5.1527203e-01   5.8894377e-01   4.3338603e-01   1.2074615e-01   0.0000000e+00  -3.7043303e-01   2.1993590e-01  -1.6116729e-01  -1.3041944e-01   4.1661671e-01  -1.8379007e-02   5.2316452e-01   1.7394804e-01  -4.1377913e-01  -5.2454377e-01   3.7213762e-01   3.0049354e-01  -7.9475544e-02  -1.7499622e-01   8.8571225e-01  -1.6491095e-01  -2.6369987e-01  -8.4008694e-02  -3.8742632e-01  -2.4857949e-01  -2.4082320e-01   1.3625370e-01  -4.0216391e-01  -3.0452959e-01   1.3874278e-01  -4.5583598e-01  -1.9290433e-01   2.2438503e-01  -8.4635977e-02  -5.4705113e-01   7.6924448e-01   4.3370487e-01  -9.9732377e-02   5.7299040e-01   6.0300554e-01   2.0592446e-01   3.7205028e-01   4.0362617e-01  -2.0713035e-01   2.4420198e-01  -4.2510964e-01  -1.5315255e-01   3.2952858e-01   5.8822874e-01   7.6978885e-01  -1.2991176e-01  -2.4427554e-01   4.0269132e-01   3.3454899e-01  -3.8462520e-02  -1.8606381e-01  -2.9325986e-01  -3.3074310e-01  -1.9739159e-01  -4.8433524e-01  -2.9239914e-01   4.8114224e-01   2.0136641e-01  -4.9806424e-02   2.6188598e-01   1.2862978e-01  -2.5336186e-01  -7.5430544e-02  -2.7634747e-01  -5.2534314e-01   4.3532397e-01   3.8432126e-02   4.7608209e-01   1.6289470e-01   8.2700777e-02  -3.2405761e-01  -2.8680791e-01  -1.6446608e-01   8.7674398e-01   2.8377223e-01  -5.6165284e-01   4.4588842e-01   1.8484066e-01  -2.0797587e-01  -9.3013880e-02  -4.0147955e-01   9.4721114e-02  -1.4047891e-01   3.4466471e-02  -4.4697449e-01   6.4659778e-01  -1.2274450e-01   3.1889616e-01  -2.9346040e-01  -2.5135308e-01   8.3624976e-01   1.3736765e-01  -1.8703740e-01   9.8254977e-02   1.4988494e-01  -1.0983683e-01  -1.6952475e-01  -2.8472316e-01  -3.6199957e-01  -2.3486972e-01  -1.5927082e-01   2.2700641e-01  -2.2362167e-01   5.1798689e-01  -2.6308892e-01   2.4573309e-01  -4.8532585e-01   3.8586709e-03  -5.1856444e-01  -3.0951842e-01   5.1338327e-01  -1.3694473e-01   2.6434329e-01  -4.5734610e-01   2.2270192e-02  -3.6929673e-01   8.9223800e-01   3.7074096e-01   1.3451822e-01  -4.8773680e-01  -3.9721087e-01   2.9753460e-01   3.2814711e-01  -1.5846624e-01  -2.3632067e-01   4.9168704e-01   3.7009281e-02   2.8749700e-01  -2.1970724e-01  -3.7259752e-02  -2.7242865e-01   4.4073688e-01  -3.9557850e-01  -3.1044363e-01  -3.1387789e-01  -4.1721501e-01   3.3416020e-01  -8.1738674e-02  -4.8209933e-01  -2.8585543e-01  -3.9985191e-01   5.4610586e-01   1.4122360e-01   9.5501416e-03   6.0352763e-02  -4.0027903e-01  -3.8609341e-01  -4.5341344e-01   2.6643453e-02   3.6057435e-01  -3.4235759e-01  -5.4092182e-01  -2.9764594e-02  -2.6801477e-01  -6.4546268e-01   1.9196112e-01  -3.4552670e-02   3.7304214e-01  -2.6239101e-01  -2.5168053e-01   2.8893936e-01   1.8411554e-01  -2.1634789e-01  -5.4801981e-01   2.6043891e-01   6.6821542e-01  -1.1509193e-01   1.1687962e-01  -2.5903200e-01  -1.6760767e-01   3.8871090e-01   8.3932965e-02
   2.1016912e-01  -2.3818381e-01  -7.3944483e-02  -1.4859619e-01  -3.7043303e-01   0.0000000e+00  -2.3549594e-01   5.7138858e-01   2.9261418e-01  -1.6887058e-01  -8.5329017e-02  -2.6484870e-01  -2.3628230e-01   1.9164216e-01  -7.2964461e-03  -5.8552299e-01   1.7712366e-01  -1.1450401e-01   5.7599466e-01  -3.5108302e-01  -1.9943218e-01   4.9219454e-01  -3.0525264e-01  -8.9803057e-02   4.1452262e-01   6.4741082e-01   2.6126835e-01   2.3007787e-01   2.7530676e-01  -1.9328310e-01   4.9514123e-02   3.1244883e-01  -7.6149492e-02  -6.2613779e-02   3.2532227e-01  -2.6560075e-01  -3.1026725e-01   4.0383009e-02  -6.0424343e-01  -7.0652973e-02  -2.3458960e-01  -4.0801362e-01   4.9120993e-02   1.2017375e-01  -3.6131575e-01   5.1186280e-01   3.4736686e-02  -5.0359903e-01  -3.9125064e-01  -3.7139923e-01  -1.6134813e-01   4.5519247e-01  -3.7298375e-01  -2.8069518e-01   7.9260208e-02   1.3752743e-01   8.6245894e-01   4.4825698e-01  -8.8268963e-02   4.7969936e-01   4.5269621e-01  -2.8893111e-01   1.0757602e-01  -8.4687078e-02  -4.2728681e-01  -5.4460633e-02   9.0982038e-01   3.4880377e-01   3.9920454e-01   2.1738484e-01  -5.9607700e-01  -6.9227997e-02  -4.5580493e-01  -1.1209288e-01  -4.2168528e-02   6.5032892e-01   3.9520308e-01   2.4032064e-01  -4.1943880e-01  -2.5868359e-01   5.2031996e-01  -5.9359922e-01  -3.2082258e-01   6.3435744e-01  -2.6949821e-01   6.9534763e-01  -4.0728680e-01  -2.6419692e-01   2.4047388e-01   6.2975379e-02  -3.2084907e-01   3.5285563e-01  -2.3650608e-01   2.6991198e-01   4.7935043e-01  -2.9984480e-01   1.8773732e-02   6.7228309e-01   2.0701010e-01  -1.5848405e-01  -4.1273965e-01   1.2041862e-01   3.7452073e-01   5.0207919e-01   3.5253654e-01   3.7189923e-01   6.4764092e-02   6.0038469e-01  -2.8286146e-01   1.9305075e-03  -3.5711174e-01   3.3116060e-01   1.1576057e-01   1.7250630e-01  -2.1882461e-01  -3.2129913e-01   3.6852028e-01  -4.0999666e-01   8.7905768e-02   1.7420133e-01   2.0981436e-01  -3.8052119e-01  -3.8714037e-01  -1.3877223e-01   6.2301021e-01   2.3229726e-01  -2.9770989e-01  -1.5338138e-01   4.5004771e-01  -1.2122204e-01  -4.3536895e-01  -9.4871991e-02  -1.0420735e-01  -1.1347493e-01   2.1776349e-01   6.3420819e-01  -1.7341037e-01   1.6565255e-01   7.0862092e-01  -1.4531111e-01  -5.1939100e-02  -1.2285096e-01   4.1853839e-02   4.3668292e-01  -1.7555182e-01   2.6628882e-01  -5.2629010e-01  -1.3713653e-01   4.3996495e-02  -3.4923017e-01  -1.7992270e-01   4.9808158e-01   1.1936034e-01  -2.4590488e-01   2.4949113e-01  -2.0726452e-01   4.6188306e-01  -2.3899597e-01   3.5179152e-01   3.8774208e-01  -6.8540048e-02   1.3792042e-02  -8.3618366e-02   1.7441646e-01   5.1062576e-01  -3.4138769e-01  -3.3532348e-01   4.7931106e-01   2.8171939e-01  -3.3407901e-01  -3.8488991e-01  -2.1010793e-01  -2.7089149e-02   5.6089554e-01   2.3939032e-02  -3.2652037e-01   2.3965769e-01
  -2.2757161e-01   6.0908226e-02  -3.5017455e-02   2.8971094e-01   2.1993590e-01  -2.3549594e-01   0.0000000e+00  -3.7391515e-01  -1.2269614e-02   5.6660590e-01  -8.9799323e-02   6.6717868e-01   6.1652883e-02   2.4923367e-03   1.4855786e-01   2.1175339e-01  -3.6884871e-01   3.1968148e-01  -2.8636169e-01   3.4355437e-01  -4.1783300e-02  -7.5873467e-02   6.4235136e-01  -1.2831886e-01  -1.4665192e-01  -4.5675342e-01   1.7503101e-01  -2.5821572e-01  -2.6653197e-01   4.7486965e-01  -2.7475895e-01  -1.0549690e-01   6.4604209e-02   2.3946036e-01  -9.7978424e-03   5.1957035e-01   3.7061574e-01  -3.4071120e-02   2.0706152e-01   3.0271001e-01  -1.9461878e-01   1.3992880e-01  -8.2204758e-02  -2.9636260e-01   5.6083309e-01  -4.2226690e-01   3.2342527e-01   5.3080699e-01   4.5960217e-02  -1.0029117e-04   4.4247773e-01  -4.5075883e-01   1.9900073e-01   5.5385328e-02  -6.8332960e-02  -7.2163791e-02  -2.0492710e-01  -1.6101618e-01  -1.9467317e-01  -1.3468091e-01  -4.3360312e-01   4.0930014e-01  -2.6035315e-01  -3.3253550e-01   3.3552213e-01   5.7851922e-01  -2.4302958e-01  -1.5216464e-02  -1.7703539e-01   9.0212405e-02   2.5305322e-01   3.7830633e-01   1.4655260e-01   2.6321904e-02  -1.3326812e-01  -3.0838956e-01  -3.2245350e-01  -3.3825853e-01   2.4271338e-01  -6.8523474e-02  -1.4612941e-01   1.8085021e-01  -5.2740692e-02  -4.2623720e-01  -3.3346697e-01  -3.1264585e-01   3.8071390e-01   1.1229337e-01  -2.2602191e-01  -1.9244141e-01   1.5479796e-01  -4.5805743e-01   3.1681287e-01  -1.9654075e-01  -1.9640865e-01   5.2099060e-02   1.5978161e-01  -3.7149759e-01   8.1161078e-02   6.8544281e-01  -2.2234175e-01  -2.1010666e-01  -2.0906547e-01  -1.0182121e-01  -3.4793472e-03  -1.9196954e-01  -1.3048788e-01  -3.3601937e-01   6.5473077e-01   2.1783961e-01   3.7838612e-01   1.4142174e-01   3.2302197e-02  -2.4132008e-01   2.7301321e-01   9.4728832e-02  -3.6889111e-01   1.4789770e-01  -3.3240414e-01   2.4046501e-01  -1.6557721e-01   2.2952422e-01   2.1694659e-01   1.4555584e-01  -4.3065306e-01   1.0525873e-02   3.4169894e-01  -1.9854582e-01  -1.6618706e-01   1.9583023e-01   2.0313676e-01   1.7401210e-02  -3.1904512e-01  -2.5234594e-01  -9.8402132e-02  -4.0415412e-01   8.0176945e-02  -2.6603625e-01  -4.2358493e-01  -3.0229072e-02  -1.6594655e-01   1.6420516e-01  -8.8569076e-02   2.5375405e-02   2.9911503e-01  -1.8700671e-01   6.8902300e-01   3.1264974e-01   4.5248623e-01   2.8113574e-01  -1.6132048e-01  -4.6480999e-01  -4.0026660e-01  -1.3784862e-01  -1.0485963e-01  -3.8104479e-02  -2.2364705e-01  -2.8922419e-02  -4.8142229e-01  -1.0576001e-02   1.9001528e-01  -1.6022142e-01   3.1602176e-01   1.7269750e-01  -2.3100097e-01   1.8296810e-01   6.5170944e-02  -3.8193311e-01  -2.4733372e-01   3.8320752e-02   3.8139996e-01   6.1298706e-02   3.6076620e-01  -2.3334005e-01  -1.2097559e-01   2.1936335e-01   4.9400377e-02
  -6.8117482e-02  -8.2969635e-03  -1.0793271e-02  -3.1586173e-01  -1.6116729e-01   5.7138858e-01  -3.7391515e-01   0.0000000e+00   6.5924102e-02  -1.4505193e-01   2.4410174e-01  -3.1980492e-01  -3.7176781e-01  -1.8823933e-01   4.8020353e-02  -4.3638633e-01   2.6212902e-01  -3.5595517e-01   3.5772440e-01  -2.4128015e-01  -3.6498426e-01   2.8078412e-03  -4.8234501e-01  -1.8016136e-01   1.5849221e-01   7.8917229e-01   3.4995481e-01   3.1422478e-01   9.5805653e-02  -3.8620344e-01   2.3283024e-01   1.0340821e-01  -1.4555893e-01   2.3562668e-01  -2.3214085e-01  -1.9054019e-01  -5.1726906e-02  -2.7775345e-01  -4.6352533e-01  -6.2640791e-02  -3.1262466e-01  -4.7571990e-01   1.5173987e-01   5.3994225e-01  -3.7646541e-01   3.3694421e-01  -1.2727756e-01  -2.8965170e-01  -1.6428511e-01  -7.3535376e-02  -3.9675101e-01   7.9755144e-01  -3.7626056e-03  -1.9559724e-01  -1.0581621e-01   5.3650480e-01   4.6481857e-01   8.0393068e-02   7.9834397e-03  -1.4565048e-02   2.9028612e-01  -5.0222217e-01   3.5838387e-01   1.8056710e-01  -3.6451310e-01  -4.4319381e-01   6.3632431e-01   2.9581848e-01   4.1837885e-01  -1.1881580e-01  -2.7528166e-01  -3.1983524e-01  -3.5631921e-01  -6.3609539e-02   1.4084961e-02   5.0548703e-01   1.1072500e-01   6.6357363e-01  -2.1454984e-01  -2.3955572e-01   3.3944609e-01  -4.8689762e-01   1.9246829e-01   7.6251704e-01   3.4030563e-02   4.9309097e-01  -4.3980969e-01  -3.2067134e-01   3.6890366e-01  -7.5384354e-02  -3.2975812e-01   3.2299518e-01   1.8214472e-02   8.5250162e-02   8.3692144e-02   7.1322730e-02  -1.6729856e-01   8.1503167e-01   1.3888389e-01  -3.5184207e-01  -2.0876283e-01   2.7123885e-01   1.7513104e-01   1.6012422e-01   1.1037985e-01   2.6842441e-01  -1.9331757e-01   7.6067353e-01  -4.5572444e-01  -2.7878671e-01   8.3677369e-02  -1.9333619e-01  -1.8066709e-02  -5.3762335e-03  -2.6396547e-01  -1.3094401e-01   6.4518136e-01  -3.7496081e-01   3.6322031e-02  -4.8381485e-02  -5.5339116e-02  -5.7813705e-02  -1.3637325e-01  -2.6083117e-02   3.4298139e-01  -1.6499853e-01  -4.1247481e-01  -9.1053794e-02   3.6318732e-01  -3.3941966e-01  -2.5486759e-01   2.8015306e-01   9.3597405e-02   1.8141865e-01   1.6198993e-01   7.6218026e-01  -2.0635398e-02   2.4134508e-01   6.5422254e-01  -3.4857531e-01  -2.0890613e-01  -2.4996195e-01   3.3871901e-01   1.1263242e-02  -1.9912779e-01   2.4704534e-01  -2.8091019e-01  -3.5196643e-01  -3.6072078e-01  -6.1990346e-02  -8.1757038e-02   7.2371338e-01   2.9308664e-02   2.0653406e-01   2.6227094e-02  -3.7007169e-01   8.1471618e-02  -4.2242410e-01   2.9485690e-01   2.0012063e-01  -1.4632822e-01   3.9380405e-01  -2.0377957e-01  -2.8221968e-02   2.0249636e-01  -4.9053994e-02   1.5265612e-01   6.5185547e-01   3.5363942e-02   1.2227761e-01  -4.0202038e-01  -3.7089000e-01  -5.5205375e-02   1.4565825e-01   1.1723247e-01  -3.8286472e-01  -4.2607850e-02
  -9.6557776e-02   1.5732940e-01   3.6393310e-02   3.3387378e-01  -1.3041944e-01   2.9261418e-01  -1.2269614e-02   6.5924102e-02   0.0000000e+00  -1.9805667e-01  -4.2249196e-02   5.0605743e-02  -3.4765033e-01   2.7525706e-01  -1.8843211e-01  -2.0011184e-01   1.7350513e-01   8.2510436e-02   2.1932702e-01   8.6668811e-02  -2.1759859e-01   5.9693565e-01  -1.1785300e-01  -1.6201628e-01   4.3586881e-01   1.5039503e-01   3.4925863e-01  -6.2496837e-02   3.7635682e-01   2.0351849e-01  -1.2885526e-01   6.7590912e-01   3.2291781e-01  -4.1024145e-02   5.1985860e-01   3.3923712e-02  -7.5269822e-02  -2.8173617e-01  -2.8838098e-01   1.3325425e-01  -2.5941449e-01   2.3020092e-01   5.5744166e-01  -7.2027986e-02  -1.0825359e-02   2.2195907e-01   2.2867127e-01  -2.9698138e-01  -2.3374878e-01  -1.0928568e-02   9.5991357e-03   2.4693130e-01  -6.6292399e-02   1.8956761e-01  -9.8767212e-02  -5.6319705e-02   3.3775970e-01   6.2346828e-01   1.3075742e-01   5.8910890e-01  -3.0148844e-02  -7.1030696e-02   4.6769558e-01  -3.4244526e-01  -7.8400231e-02  -1.5698521e-02   3.2038466e-01   2.9683960e-01   1.4463327e-01   1.2684691e-01   6.0830859e-02   4.4720850e-01  -1.8444414e-01  -4.0159813e-01   2.7330461e-01   2.6914918e-01  -5.8461349e-02   1.1975606e-01  -1.3514982e-02   2.1017149e-01   5.7375538e-02  -1.5665339e-01  -2.1002321e-01  -1.8068432e-02  -4.3442174e-01   3.7088925e-01   6.3148947e-02  -2.6306689e-01   1.9186502e-01  -3.2061933e-01   5.9483701e-02   9.4178551e-02  -1.1111451e-01   7.2941048e-01  -9.8318974e-02  -2.2075651e-01   3.8545037e-01   2.2216036e-01   1.6183476e-02   5.3568414e-02  -1.5711214e-01  -4.1129178e-01  -5.7320599e-02   7.7824137e-01   6.3969361e-01   6.6630296e-01   2.0351579e-01   3.2741504e-01  -7.8079519e-02   6.7249282e-02  -1.5336920e-01   2.5571801e-01   3.5491409e-01  -2.1064313e-01  -2.5015745e-01  -3.1882358e-03   3.5028061e-01  -3.5394878e-01  -6.6552870e-02   5.6447253e-01  -1.1683212e-01  -6.7584990e-02   1.6690358e-01  -1.4217420e-01   1.5971070e-01   3.8842363e-01  -3.3992153e-02   3.1863475e-01   7.3992711e-01   9.2652945e-02  -4.2973538e-01  -4.9761386e-02   7.9080136e-02  -1.2010649e-01   7.5562886e-01   1.5209159e-01   2.0990771e-01  -1.9693792e-01   4.8219013e-02  -3.5507199e-01  -1.2732575e-01  -1.3371934e-02   1.5307850e-01   1.9386076e-01  -1.1917515e-01   3.3940965e-01  -2.3786458e-02  -3.0455044e-02  -4.6226295e-02  -3.0019456e-01  -3.7319889e-01   1.2862749e-01  -7.9209011e-02  -6.7392316e-02   2.3521883e-01  -3.5354815e-01   1.3244830e-01  -8.3807917e-02   2.6742384e-01   1.7453253e-03   1.8778952e-01   1.2014197e-01  -1.2376765e-01   4.0303947e-01   5.6472860e-01   1.4406310e-02  -4.1785556e-02   9.6204932e-02  -3.9389884e-02  -3.3142056e-02  -6.7752481e-02  -3.9535781e-01   3.5722610e-01   2.8884720e-01   1.4695541e-02   9.4127686e-02   6.3930669e-01
  -2.7255958e-01   1.5053720e-01   3.5440047e-03  -6.3283134e-02   4.1661671e-01  -1.6887058e-01   5.6660590e-01  -1.4505193e-01  -1.9805667e-01   0.0000000e+00  -3.8113480e-02   6.4290222e-01  -4.3615955e-02  -1.7093162e-01   2.9588027e-02   1.5615348e-01  -2.6548526e-01   1.0606609e-01  -1.8621811e-01   4.0522960e-01  -2.7156555e-01  -1.1804324e-01   2.8247183e-01  -1.9470331e-01  -3.1923824e-01  -1.3888495e-01   3.1477287e-02  -1.7413992e-01  -2.6924178e-01   3.1972855e-01  -2.2969608e-01  -3.3399399e-01  -3.1028402e-02   3.5092360e-01  -2.4586022e-01   5.0415240e-01   3.8326511e-01  -5.4330592e-02   3.1367242e-01   1.5203503e-01  -2.0032585e-01  -1.1905339e-01  -1.1277790e-02  -1.0990673e-01   5.0242394e-01  -2.5894133e-01  -5.5461877e-03   4.4276509e-01   2.0264470e-01   7.4664053e-02   2.2677957e-01  -1.7335071e-01   3.5045434e-01  -3.1963867e-02  -4.3364705e-02   9.8702086e-02  -9.9335784e-02  -2.7284415e-01  -3.4660162e-01  -2.8528517e-01  -3.6140025e-01   3.1844135e-01  -3.4636406e-01  -4.2433791e-02   2.8191727e-01   4.6324943e-01  -2.1266196e-01  -3.1903394e-03  -2.0779656e-01  -5.1490563e-03   2.5171557e-01  -2.3955257e-03   2.1368959e-01   7.0180208e-02  -1.4720079e-01  -3.7986283e-01  -2.2582674e-01  -2.1790872e-01   4.4008776e-01  -8.0206493e-02  -1.6276633e-01   2.1173639e-01  -4.1105556e-02  -1.2232996e-01  -1.4036327e-01  -4.2030272e-01   3.2491914e-01  -2.5171287e-02  -2.4306940e-01  -9.3619091e-02   3.9384307e-01  -3.1304558e-01   3.0875976e-01  -3.3127045e-01  -8.0360305e-02   3.4581839e-01  -1.4178366e-01  -2.3311083e-01   7.6214762e-02   2.9770741e-01  -1.2451083e-01   5.9253155e-02  -1.0372518e-01  -2.9012484e-01  -2.2619069e-01  -3.9716230e-01  -2.3980895e-01  -3.3834542e-01   4.8812658e-01   3.9232445e-02   4.0950081e-01  -1.4790908e-01  -8.1562728e-02  -1.7035296e-01   1.8670858e-01   2.5357104e-01  -2.9651289e-01   1.5570059e-01  -2.0237445e-01  -7.0169256e-02  -1.4211703e-01   3.8431598e-01   8.3510373e-02   1.4347349e-01  -2.3627001e-01  -8.3491560e-02   3.2424094e-01  -1.7017597e-01  -2.6118550e-01   1.1302594e-02   3.4125082e-01   1.4885882e-01  -1.4358165e-01  -2.1363396e-01  -2.4707543e-01  -3.7681156e-01   4.3669805e-02  -1.4214218e-01  -3.5577556e-01  -4.0428018e-02  -2.1652433e-01   1.6789730e-01  -1.1906997e-01  -8.1960567e-02   1.1460065e-01  -3.5952077e-01   5.4981541e-01   3.2655940e-01   4.2192331e-01   3.8583991e-01  -1.2878589e-01  -1.9309424e-01  -3.6449311e-01  -7.5959253e-02   7.0489236e-02  -1.1918146e-01  -3.4218324e-01  -1.9351646e-01  -4.9007510e-01  -1.8209385e-01   1.5547262e-01  -1.5054160e-01   5.5202754e-01  -7.7548584e-02  -3.3053915e-01   1.2834214e-01   4.1277351e-02  -2.1343172e-01  -4.3920845e-01  -5.8741061e-02   5.3291533e-01  -3.5760568e-03   2.1246379e-01  -2.1058220e-01  -1.9801339e-01   1.7022204e-01  -1.4009483e-01
  -3.2805974e-01   9.3937334e-03  -1.2622334e-01  -8.1875056e-02  -1.8379007e-02  -8.5329017e-02  -8.9799323e-02   2.4410174e-01  -4.2249196e-02  -3.8113480e-02   0.0000000e+00  -8.9371392e-02  -4.0081505e-01  -1.0123852e-01   3.0666613e-01   2.2826654e-01  -1.0601904e-01  -1.3550092e-01  -4.9214968e-01  -4.9104885e-03  -1.9749308e-01  -3.8348406e-02  -1.3327112e-01  -3.7893211e-01   2.1847689e-01   1.5890723e-01   4.4757420e-01   1.9237588e-01  -3.4148303e-02   4.7478510e-02   3.8974202e-01   2.5021511e-02  -1.5333451e-01   5.5845951e-01  -4.3562410e-02  -1.2879513e-01   2.0985166e-02  -4.6944974e-01   1.4980251e-01  -2.1959818e-03  -5.9605518e-02  -2.3155073e-01  -4.0354405e-02   6.2390854e-01   2.3260970e-02  -2.8204418e-01   1.9605083e-01  -5.9340885e-02  -4.3981613e-02  -7.5000772e-02  -6.3964104e-02   3.2278067e-01   1.1143612e-01   1.0267613e-01  -3.6636078e-01   6.9993334e-01  -2.3126669e-01   3.8426578e-02   1.5586393e-01  -2.4014461e-01  -2.8736565e-01  -2.0548437e-01   7.7599833e-03   4.4207289e-01   3.7572809e-02  -3.3937687e-01  -9.7439533e-02   5.9019520e-02   5.3180991e-01  -4.9430076e-01   9.2240106e-04   7.1811634e-04  -1.0645100e-01  -1.3956231e-01   2.6611440e-01  -5.7336938e-02  -3.4323691e-01   5.9200420e-01  -9.0631998e-02   1.3995523e-02  -9.6607819e-02   4.0938349e-02   6.8786918e-01   2.1062583e-01  -1.0395731e-01   7.5649663e-02  -1.0468206e-01  -1.4280512e-01   2.5516161e-01  -2.0922194e-01  -3.5808940e-01  -2.1561697e-01   2.1193210e-01  -1.4057005e-01  -3.3132111e-01   1.6738451e-01  -1.4430477e-02   3.8249752e-01  -1.2809491e-02  -2.1228551e-01  -5.7384138e-02   5.0122087e-01  -2.3755913e-01  -1.6393044e-01   6.5967826e-02   4.7630664e-02  -1.9350502e-01   5.0739473e-01  -8.1406842e-02  -1.0919568e-01   5.3429698e-01  -4.2466877e-03   1.1580821e-01  -2.3601628e-01  -1.5798103e-01   4.0106385e-02   5.0071761e-01  -1.8916303e-02   4.7845474e-02   1.3603703e-01  -4.4935629e-01  -8.9114372e-03   1.1213902e-01   1.8884112e-01  -3.2117779e-01  -2.7935531e-01  -1.1973382e-01   1.8938065e-01  -1.3700779e-01  -2.0340960e-01  -3.0969724e-02   4.7116588e-01  -1.6107898e-02   1.7516313e-01  -1.8668448e-02   2.5078533e-01   1.1725992e-01   1.7834148e-01   6.3667819e-02  -3.5745529e-01  -3.3032392e-01  -1.9272937e-01   8.3336560e-01  -1.5990535e-01   1.5170127e-01   1.8877130e-01  -9.4057732e-02  -1.5485092e-01  -1.1546196e-01  -5.5746896e-02  -1.0626713e-01   1.2638953e-01  -2.4663788e-01   6.6936075e-01  -1.6632717e-01  -3.3343256e-01  -3.0863442e-01   9.9080383e-03  -1.2448472e-01  -1.4969915e-01  -1.6168940e-01   8.5047678e-01  -2.1666123e-01  -5.5198817e-02   8.4314661e-02   7.7645269e-02   7.5326564e-01   4.4893360e-01  -3.2440506e-01   6.3579749e-01  -3.8677438e-01  -4.3357320e-01   5.1223061e-02  -2.5113274e-01   3.7642853e-01  -1.5034218e-01  -7.6722365e-02
  -2.7314519e-01   5.4485263e-01   3.3979967e-01   2.6610954e-01   5.2316452e-01  -2.6484870e-01   6.6717868e-01  -3.1980492e-01   5.0605743e-02   6.4290222e-01  -8.9371392e-02   0.0000000e+00   8.9445719e-03  -6.7777134e-03  -1.8289420e-01   2.3515321e-01   2.9617274e-02   1.6522907e-01  -2.1536961e-01   6.1239715e-01  -4.1895691e-01  -1.2540604e-01   1.8609836e-01  -1.6677850e-01  -1.9464206e-01  -3.4750237e-01   1.4885963e-01  -3.6690292e-01  -1.7318009e-01   4.3271123e-01  -4.1957433e-01  -1.4025845e-01   3.1263543e-01   2.4881723e-01  -1.7028956e-01   5.6492667e-01   4.3771209e-01  -2.0303206e-01   3.2389748e-01   3.9579209e-01  -1.9570264e-01   2.7724220e-01   3.2617229e-01  -3.6778888e-01   5.5336023e-01  -2.8871878e-01  -1.5086687e-02   2.3114998e-01   2.7962690e-01   4.1676338e-01   1.5039822e-01  -2.4924426e-01   2.8475288e-01   1.8251235e-01  -1.4725198e-01  -1.8826336e-01  -1.7441763e-01  -1.8916089e-01  -1.6577283e-01  -1.3794714e-01  -3.9441330e-01   4.5664140e-01  -6.9684255e-02  -2.9179877e-01   4.2116306e-01   2.4892772e-01  -2.8175961e-01  -4.8564975e-03  -3.2876657e-01   3.6844294e-03   4.3803930e-01   2.4783749e-01   3.7045896e-01   2.1741961e-01  -3.0171380e-02  -4.3554338e-01  -3.4367634e-01  -3.8586278e-01   6.3752372e-01   1.1001428e-01  -4.3475221e-01   3.6657888e-01  -4.4330301e-03  -4.2045755e-01  -2.0136696e-01  -4.0112531e-01   3.6508494e-01   1.3121367e-02   1.6295615e-02  -3.0279498e-01   3.3549494e-01  -2.1373787e-01   3.2040551e-01  -1.7665429e-01  -3.1465410e-01   4.8172050e-01   2.2991276e-01  -2.9841247e-01   1.1739777e-01   3.3768407e-01  -2.1888313e-01  -2.6951993e-01  -5.1993418e-01  -1.1084455e-01  -1.0847323e-01  -1.2687014e-01   8.6369459e-02  -2.9781075e-01   5.1860397e-01  -1.8183095e-01   3.8238895e-01  -1.7342073e-01   6.5335682e-02  -3.4584195e-01  -5.3714853e-02   3.3383689e-01  -3.6490109e-01   1.8685091e-01  -5.0066648e-01   1.5638150e-01  -2.3958458e-01   6.0666429e-01   4.1812689e-01   3.5891522e-01  -3.6172640e-01   5.2257317e-02   4.3345489e-01   1.1435134e-01  -1.0675387e-01   2.7509050e-02   3.8818528e-01   9.9694971e-02   1.6650147e-01  -3.1150206e-01   5.8660093e-02  -4.8479394e-01   2.8970243e-01  -5.4595054e-01  -5.0718360e-01  -1.2428187e-01  -1.9571877e-01   2.9695069e-01  -6.4877802e-02  -7.3164335e-02   1.6146947e-02  -3.4909226e-01   7.3728220e-01   4.4028989e-02   2.4628779e-01   2.0775507e-01  -2.7618695e-01  -5.8563461e-01  -3.2361415e-01  -8.3317743e-02   2.6629751e-01  -1.6935638e-01  -4.0727457e-01  -1.1062636e-01  -3.3851234e-01  -5.0841462e-01   2.7082883e-01  -1.3392004e-01   9.9826718e-02   1.5045378e-02  -1.5268809e-01   2.1568317e-01   1.9706071e-01  -4.2025026e-01  -3.3384727e-01   3.6501802e-02   5.8738032e-01  -9.8981261e-02   3.5965046e-01  -2.1893153e-01  -7.8514728e-02   2.3682554e-01   1.2291825e-01
   1.4446146e-01  -9.9073481e-02  -2.3344617e-01   1.4709272e-01   1.7394804e-01  -2.3628230e-01   6.1652883e-02  -3.7176781e-01  -3.4765033e-01  -4.3615955e-02  -4.0081505e-01   8.9445719e-03   0.0000000e+00   1.3533811e-01  -9.3090655e-02   1.4822175e-01  -1.5914289e-01   8.3619825e-02  -4.6975961e-02   7.5901919e-02   4.1855952e-01  -1.0487516e-01   2.0069476e-01   1.3852994e-01  -4.8454458e-02  -3.1213803e-01  -4.7823632e-01   1.5604832e-02  -1.6289348e-01  -6.7194051e-02  -1.0876816e-01  -2.6361184e-01  -1.3753210e-02  -5.4022631e-01  -7.1389115e-02   8.7068767e-02   4.1494458e-02   2.2025670e-01   2.7564631e-01  -1.7029620e-01   7.2866735e-01   1.9641905e-01  -9.7012823e-02  -2.6621017e-01   1.4383926e-01  -2.2887375e-01  -2.3315668e-01   1.8652455e-01   1.8656682e-01  -3.8918037e-02   1.3607035e-01  -3.8022182e-01  -2.9507224e-01   1.1968723e-01   3.7363451e-01  -3.0979620e-01  -9.9874826e-02  -2.1170013e-01  -3.7862334e-02  -1.1764104e-01  -1.6865983e-01   3.8038533e-01  -1.7088347e-01  -1.1763858e-01   1.4832287e-01   1.1411934e-01  -2.5555612e-01  -1.1619312e-01  -2.4914928e-01  -5.0814622e-03  -4.3405133e-02   5.8076190e-02   5.2264860e-01   2.1946905e-01  -1.5443070e-01  -2.6700137e-01  -7.3027711e-02  -3.4079628e-01   1.5072471e-01   2.0143857e-01  -2.1542567e-02   5.6580615e-01  -1.6969403e-01  -3.4879861e-01   2.4381017e-01  -3.3493665e-01   1.0892782e-01   3.1005858e-01  -2.5760477e-01   1.8736879e-01   2.4955993e-01  -2.5219924e-01  -2.9833577e-01  -1.9063956e-01   3.3472136e-03   4.3208592e-02   1.1225045e-01  -4.2046524e-01  -1.8497137e-02   2.9887716e-01   1.8651285e-01  -7.1234297e-02   2.2925866e-01  -2.3535007e-01  -3.1819625e-01  -3.3163471e-01   8.8160362e-03  -4.2079060e-01   3.1983791e-01  -5.3089425e-02  -2.5882521e-01   5.3943455e-02  -5.7987285e-02   1.1048843e-01   1.9582495e-01  -1.7706900e-01  -4.1388182e-01   6.6736610e-01   1.9006655e-01  -1.5877963e-01   5.0599264e-03   8.7256778e-02  -1.1843650e-01  -6.5176706e-02  -1.7177125e-01  -5.9762109e-02   2.0847709e-01  -4.5168823e-02  -2.8112383e-01   3.0662807e-02   4.5077234e-01  -4.9980649e-01  -1.0265087e-01  -1.8735115e-01  -2.6117613e-01  -3.4009081e-01   1.0264271e-01   6.3162901e-02  -2.5443959e-01   3.3429554e-01   2.1936754e-01   5.3911903e-01  -3.8744911e-01  -9.0412870e-02   4.9694378e-02  -1.1406605e-01   2.0786772e-02  -3.0078320e-02  -5.7747301e-02   9.3116039e-02   2.1681810e-01  -1.5890279e-01  -3.3204974e-02  -3.6959745e-01  -1.5237005e-01   3.1119023e-01  -1.9171071e-01   4.6593492e-01  -2.5904552e-01   1.3706472e-01   1.1858203e-01  -3.8933218e-01   1.3556476e-01  -8.8900821e-02  -2.6154780e-01  -1.9482287e-01  -2.8781029e-01  -2.1936908e-01  -4.8782018e-02  -3.1640875e-01   1.9516921e-01   1.8564043e-01  -1.0404455e-01   3.8480196e-02  -1.6577403e-01   1.2270396e-01  -4.8504310e-02
   6.1308986e-01  -1.5629159e-01  -1.8679427e-01   2.1388999e-02  -4.1377913e-01   1.9164216e-01   2.4923367e-03  -1.8823933e-01   2.7525706e-01  -1.7093162e-01  -1.0123852e-01  -6.7777134e-03   1.3533811e-01   0.0000000e+00   1.9484696e-01  -1.3703948e-01  -1.1147607e-01   2.4776685e-02   4.0431484e-02  -2.8935363e-01  -7.0809610e-02   3.3766190e-01   1.2765189e-01   4.4226426e-01   1.2484553e-01  -2.7256306e-02  -2.5105943e-01   2.7632706e-01  -6.9504424e-02   2.0462159e-01  -6.6215441e-02   4.2006429e-02   7.0864913e-02  -1.1633857e-01   5.8290164e-01  -3.7614722e-01  -1.5150130e-01   2.8850516e-01  -2.8177901e-01  -2.7755776e-01  -4.4436623e-02   6.8155357e-03  -6.9098905e-02  -7.1720977e-02   3.1198106e-02   4.0238646e-01  -5.7372515e-02  -3.5519385e-01  -2.9108360e-01  -3.5641272e-01   8.2877291e-02   1.9734219e-02  -4.2328980e-01  -1.6410137e-01   5.5459837e-01  -5.6488899e-02   2.3434953e-01   2.4579782e-01   2.2775665e-02   4.3998638e-01   1.9626258e-01  -2.5464967e-02  -4.9957050e-02  -3.7268278e-01  -6.1931893e-02   9.2705378e-02  -9.2813601e-03  -1.0711759e-01  -1.7148019e-01   4.7934263e-01  -3.3521645e-01  -7.4326010e-03  -4.7488760e-03   1.5349248e-01  -1.3491706e-01  -1.8739839e-01   3.1688814e-01  -5.5863316e-02  -2.2797483e-01  -1.1739847e-01   2.6238216e-01   2.4922110e-02  -2.7557377e-01  -1.5825336e-01   3.8672200e-02   4.4417114e-04   2.5701929e-01   4.5612156e-01  -1.4084218e-01   4.1215977e-01  -6.4049855e-02  -2.5362495e-03  -4.1195098e-01   2.5139101e-01   3.8137482e-01  -3.7431722e-01   3.0713095e-02  -4.5672132e-02  -1.7545525e-01   8.6521816e-02   2.3573103e-02  -1.7646104e-01   1.4186355e-01   4.1600912e-01  -1.6748780e-02  -7.2196271e-03  -1.5066709e-01   3.1461561e-03  -1.1875469e-01   1.0918997e-01  -3.4146010e-01   5.7815306e-01  -7.1474001e-02   4.0634375e-01   2.1362258e-01  -2.6254079e-01  -7.8296633e-02   2.0131300e-02   3.9019692e-01   5.5296184e-02   2.6178288e-01  -3.2255603e-01  -3.2568154e-01  -1.7625905e-01   4.1629532e-01   7.1785999e-01   7.5797157e-02  -1.6788725e-01   2.9028130e-02   4.3479997e-01  -2.8096812e-01  -2.4117728e-01  -3.5130731e-02  -3.0408354e-01  -6.6476154e-02  -2.1486292e-01  -1.8465004e-01   1.8188398e-01  -1.5950434e-01   4.1867299e-01   5.7340923e-01  -4.6749909e-02   3.1201983e-02   4.4906646e-01   1.2389690e-01  -8.7716522e-02  -2.7467121e-01  -5.1693241e-02   1.2146244e-01  -2.0047934e-01   2.7065365e-01   3.0989700e-02   2.7387179e-01  -2.6929289e-01  -9.3331544e-02   3.8325103e-01   3.6612509e-01   1.5525491e-01   8.1141949e-02   3.2390688e-01  -1.8338253e-01  -7.7588946e-02  -1.0393025e-01   4.8676890e-02   1.9319844e-01  -2.8768409e-01  -1.6900808e-01   8.0012394e-02   3.9162802e-01  -2.9139748e-01  -1.9119911e-01   1.4042840e-01  -7.4837284e-02   2.0722563e-01  -1.3956412e-01  -1.3249538e-01   2.1034947e-01
