   0.0000000e+00   4.8247217e-02   1.7889705e-01  -2.3008681e-01   8.9678953e-02  -4.6705786e-01  -3.6924610e-01   1.5126824e-01  -2.0684603e-01  -2.7412844e-01  -3.5756308e-01  -2.0543311e-01   2.8843979e-01   1.6309184e-03  -4.9778877e-01  -3.3717406e-01   2.5573189e-01  -2.8736239e-01  -1.4975343e-01  -3.7762369e-02  -3.8385566e-01  -1.3004802e-01  -2.8179261e-01   6.9247052e-01   4.5648152e-03   2.9185939e-03  -3.8186816e-01  -3.9645240e-01  -2.3060322e-01  -2.7414089e-01  -3.3978041e-01  -1.1706590e-02  -4.0106407e-01  -4.3317354e-01  -3.1057145e-01  -3.6986218e-01   1.1828388e-01   5.8137920e-01  -2.9939097e-01  -1.8584502e-01   3.5086123e-02  -7.0215152e-02  -6.3141572e-02   4.9146454e-02  -2.7196951e-01   6.2168804e-01  -1.7456229e-01  -2.1216391e-01  -2.1726568e-01   8.4221846e-02  -2.7403402e-01   2.0691327e-01  -1.3847062e-01  -1.6599068e-02  -1.4257291e-01  -4.2420340e-01  -2.8578577e-02  -7.4964366e-02  -3.5754737e-01  -2.9786012e-01   5.3292829e-01  -2.3657965e-01  -7.0781086e-03  -2.9537712e-01  -3.0005921e-01  -1.4544315e-01  -3.8034699e-01  -9.9400413e-04  -2.8016682e-01   5.7607201e-01   5.9443620e-02  -9.1715084e-02  -6.6187323e-02   4.0677051e-01   1.3331916e-02   3.1150449e-01   5.5106408e-01   2.6696692e-02   4.0424456e-02  -1.6761145e-01  -6.9017599e-02  -4.5675282e-02  -2.7458093e-01   9.9721136e-02   2.7327218e-01   2.5770425e-01  -1.0815503e-01   1.3249014e-01   8.4540657e-02   7.7300622e-01   8.8728508e-02   3.9925138e-01  -1.9657266e-01  -2.8823436e-01   7.0781865e-01   5.2145159e-02  -2.2718163e-01   1.1139132e-01  -5.2573301e-02  -3.7149672e-01   1.0409440e-04  -5.7619580e-01  -1.8294726e-01  -2.7662430e-01  -8.9781356e-02   1.7272887e-01   4.7814346e-02   1.9490321e-02  -1.9290311e-01  -1.2932044e-01  -5.1340698e-01  -7.1149995e-02  -1.5365282e-01   8.1966521e-01  -1.5472219e-01   1.4818042e-01  -1.2553839e-01  -3.7822936e-03  -1.6052534e-01  -2.0046329e-01   6.4311742e-01  -6.9729397e-02   4.7262593e-02  -2.9797041e-01   6.7460275e-01   1.7202426e-01  -2.8707459e-01   6.1900696e-02  -8.4809530e-02   3.8607680e-01  -3.6312152e-02  -4.6510789e-01   3.0867610e-01  -2.9369675e-01   5.9410211e-03   6.1749952e-02   2.1248573e-01  -3.0364141e-01   4.5868386e-01   7.0227323e-01   6.9270066e-01   5.3466224e-01  -1.8647654e-01   2.6582598e-03  -4.9303893e-01  -1.6126521e-01  -4.4426220e-01  -9.2287000e-02  -2.1496312e-01  -3.9575287e-01   6.6212022e-01  -2.3978837e-02   2.1010751e-01  -2.0950355e-01  -1.4359241e-02   7.0452835e-01   7.3349103e-01  -2.5584291e-01   4.0416528e-01  -6.7899140e-03  -3.2389194e-01  -1.9408729e-01  -1.1344038e-01  -1.8231090e-01  -1.1789865e-01  -2.5468019e-01  -3.3261204e-01   3.1038796e-01   3.4758675e-01  -5.6466025e-02  -1.4444163e-01   1.6986532e-01  -2.0379895e-01  -2.2907430e-01   8.4264335e-02   2.8556800e-03   1.1421391e-02
   4.8247217e-02   0.0000000e+00   3.8528760e-01  -4.9913572e-01   6.0000865e-01  -6.4340468e-02  -2.5132660e-01  -4.1292329e-02   4.8100708e-01  -3.0822478e-01  -3.2838321e-01   5.9620488e-01   6.6385352e-02  -4.0189288e-01  -2.4841663e-01  -9.5153654e-02   5.2979832e-01  -3.9589696e-01  -4.0635354e-01   3.4833548e-01  -5.9855610e-01  -6.4943508e-01  -5.0832282e-01  -1.1197058e-01   2.0520806e-01  -2.2625161e-01   3.1317031e-01  -3.1831121e-01  -2.6040713e-01   1.2920391e-02  -1.6856704e-02  -3.8163354e-01   1.5827469e-02   5.9743974e-02  -2.6257035e-02  -2.0601248e-01  -6.1776843e-01  -3.9435521e-02   1.5445180e-01   5.6118903e-01  -2.3999508e-02   4.5613242e-03   6.9922978e-01   3.1603671e-03  -4.0319103e-01  -3.9579921e-01  -6.1538869e-01   3.4776772e-01   1.2784946e-01   5.6862330e-01  -5.0683320e-01  -2.3481815e-01   4.4811406e-01   1.5709420e-01  -3.8465129e-01  -4.5644982e-01   6.5039503e-03  -4.2510240e-01  -1.8135410e-01  -4.2652426e-01  -3.8089639e-01  -1.7008293e-01   7.7459419e-01   1.5956989e-01   1.5588594e-01  -6.4199623e-01   4.8804516e-02  -7.3493760e-02  -6.4739705e-01  -4.1831398e-01   8.5507046e-01  -6.8601722e-01   1.3417867e-01  -1.7688025e-01  -1.5561782e-02  -1.8953836e-01  -4.2544899e-01  -3.8187288e-01   6.1215283e-01  -6.6791899e-02  -4.1600281e-01   2.3379405e-01   1.2604119e-01  -3.2074574e-01  -3.6821547e-01  -3.0034577e-01   3.7393851e-01   3.9086515e-02   6.3077747e-01  -2.0479467e-01   6.9740464e-01  -1.5110247e-01   5.1389234e-01   1.8747814e-01  -1.9366868e-01   5.1810266e-01  -2.8682953e-01  -2.6407233e-01   1.2193400e-01  -1.5492361e-01   3.4954437e-02  -7.9401788e-02  -7.7746895e-01   1.0958208e-01  -7.1223322e-01  -3.9699498e-01   1.5579935e-01  -5.5891366e-01  -3.7418840e-01  -3.9709833e-01   2.0656999e-01  -7.2017692e-01  -2.9191632e-01  -1.1026375e-01   1.3338195e-01   7.2938282e-01  -4.6612948e-01   1.8806052e-01   2.8161578e-01  -5.6583759e-01  -2.6605232e-01   5.2617718e-01   3.5966488e-01  -1.6517252e-01  -2.0963090e-01  -4.4093729e-01  -5.8422681e-01   4.5226790e-01  -4.6962649e-01   1.8948756e-01   1.8318515e-01  -2.8408491e-01  -4.5272379e-01  -1.7640521e-01   2.3142143e-01  -2.3994417e-01  -3.0585719e-02   2.1915675e-01  -2.3903572e-01   1.0021378e-01  -6.8517171e-02   2.7225217e-01  -4.5720547e-01   6.7742832e-02  -2.3346790e-01  -4.6680684e-01   4.4353490e-01  -4.7280040e-01  -5.8523885e-01  -1.8189580e-01  -3.9178842e-01  -5.9471676e-01   7.7860742e-02  -3.2099612e-02   7.5242217e-01  -3.9956948e-02  -3.0108029e-01  -1.2775985e-01  -1.6683949e-01  -6.9538633e-01  -1.3921722e-01  -4.3645445e-01  -3.7351395e-01  -6.6233775e-01  -3.9620944e-01   4.0077596e-01   1.2326808e-02  -5.4612101e-02   1.1758379e-01   5.9058464e-01   2.1622178e-01   8.1433174e-02  -5.1165601e-01   3.5969524e-01  -1.0960764e-01   1.7558942e-01  -2.2224195e-01
   1.7889705e-01   3.8528760e-01   0.0000000e+00  -2.1248049e-01   5.6815670e-01   2.4573801e-01  -5.3818277e-01  -5.1879495e-02   3.6953025e-02  -3.8850678e-01  -4.2102476e-01   6.7481636e-01   8.5609720e-02  -4.7198218e-01  -4.9372515e-01   1.1099571e-01   8.7357456e-01  -5.3328198e-01   6.6644620e-02   6.5960765e-01  -6.7226074e-01  -3.0798580e-01  -7.3983166e-01  -4.6926631e-02   2.9709303e-01  -1.4363554e-01   2.4902251e-01  -5.9642133e-01  -2.2788066e-01  -4.8114444e-01  -6.7654882e-01  -6.6812632e-02   2.3628778e-01  -2.8287331e-01  -2.8371720e-01  -2.7512370e-01  -5.3238787e-01   2.1104753e-01   1.0800621e-01   5.9508776e-01   4.1726728e-02   4.8907286e-01   6.5489827e-01   8.7613145e-02  -4.5395038e-01  -2.9757007e-02  -3.3786240e-01  -3.9470551e-01   1.1473063e-01   8.4740336e-01  -2.7597784e-01  -2.8811853e-01  -4.0460058e-02   4.9873616e-01  -2.2366855e-01  -3.3293182e-01   3.3576762e-01  -2.9243562e-01  -1.1388783e-01  -2.1490641e-01  -5.3075015e-02  -1.3745766e-01   2.9743691e-01  -4.1376898e-01  -3.5127215e-01  -4.8168558e-01   2.0707144e-01  -1.8315988e-02  -5.3092694e-01   1.2169932e-01   4.8549776e-01  -5.0334411e-01   1.6679115e-01   2.1375788e-01   3.0491852e-01  -1.9721428e-01   4.3897667e-02  -2.6282882e-02   5.7315446e-01  -2.3598392e-02  -6.2849510e-01   9.7358897e-02  -3.5087036e-01  -8.9518793e-02   1.2222448e-03  -3.6743305e-01  -3.7329561e-01   2.1757255e-01   3.2630324e-01  -1.4766757e-02   3.8507029e-01   3.7328548e-01   6.1586387e-01   5.6455507e-02   1.2487163e-01   5.6598342e-01   4.5522412e-02  -3.2284560e-01   4.0951573e-01  -6.2977649e-01  -1.2413470e-01  -3.5524099e-01  -5.8168750e-01  -4.2410798e-01  -6.0919697e-01  -7.8732281e-02   4.3764398e-01  -5.4868114e-01  -5.9145928e-01  -3.6494975e-01   1.0580936e-02  -3.8582168e-01  -2.2620728e-01   1.0158206e-01   4.4978397e-02   1.7184967e-01  -1.0655232e-01  -4.8863796e-02   2.3344483e-01  -1.8709503e-01   6.3064826e-02   4.5723688e-01   1.4314067e-01  -6.4627849e-01   2.1522411e-01  -8.1390002e-02  -5.6239407e-01   2.3464722e-01  -2.1475882e-01   3.8866971e-01   3.2273574e-01  -6.3947181e-01   1.4654390e-02  -5.9914257e-01   4.6378793e-01  -3.0470893e-01   2.8173897e-01  -4.5836620e-01  -3.6675777e-02   2.2963997e-01   3.8397905e-02   3.7256432e-01  -3.1483636e-01   5.1284459e-01  -5.4509840e-01  -6.7871705e-01   3.4031070e-01  -5.0031743e-01  -2.8511600e-01  -6.1986802e-01   8.4221962e-02  -5.5493759e-01   5.4347027e-01  -3.0506085e-01   7.2208276e-01   2.1264578e-01   8.6746084e-02  -5.8006174e-02   2.4214667e-01  -6.1590000e-01  -2.5476845e-01  -2.5121821e-01  -3.9652888e-01  -5.9508175e-01   5.7158672e-02   6.4973181e-02   1.7073643e-02   1.0867590e-01   4.2215059e-01   1.4755170e-01   1.7271804e-01   2.2399073e-02  -6.3336637e-01   5.6845279e-01  -9.7996699e-02   2.9510799e-01   2.4520370e-02
  -2.3008681e-01  -4.9913572e-01  -2.1248049e-01   0.0000000e+00  -3.5643510e-01   2.1512852e-01   9.5156894e-02   2.0545032e-01  -9.9912672e-03   2.0811240e-01   2.5657434e-01  -2.3705368e-01  -2.2172551e-01   2.5147339e-01   3.5109349e-01   1.5351495e-01  -2.2462993e-01   3.1391388e-01   1.8261026e-01  -2.5817762e-01   4.7469134e-01   6.1049073e-01   4.2555372e-01  -1.3367038e-01  -7.3854237e-02   3.1839363e-01  -9.5539956e-02   2.5522137e-01   3.6025038e-01   7.2096557e-02   1.2141798e-01   6.0473152e-01   2.8752330e-01   9.3817281e-02   1.0526308e-01   7.8612787e-02   1.5900568e-01  -1.7307939e-01  -9.8298695e-03  -2.0211526e-01  -4.8949515e-02   2.5943556e-01  -2.8639038e-01   1.8278272e-01   3.6276829e-01  -5.1520926e-02   3.8341735e-01  -3.7608971e-01   1.0765285e-01  -2.4247030e-01   5.7411445e-01   1.5236826e-01  -3.0921271e-01   1.3555356e-01   3.7030768e-01   2.4139574e-01   2.0352638e-01   7.0218588e-01   5.0137002e-01   4.1476011e-01   1.7800910e-01   8.1369064e-02  -2.6570100e-01  -2.6498198e-01   7.2368761e-03   4.2111576e-01   5.2806368e-02  -8.3064828e-02   5.6350846e-01  -1.1378751e-01  -4.5176035e-01   4.2686257e-01   1.4299788e-02   2.0651713e-01   3.3453125e-01   3.9218357e-01   5.4719757e-02   6.7486715e-01  -1.8159910e-01   4.3753198e-01   2.3849615e-01  -1.4847518e-01  -2.7908107e-01   5.0384992e-01   1.9752037e-01   4.3460454e-01  -1.7917203e-01   2.0709295e-01  -3.5963881e-01   7.9084035e-02  -2.1421257e-01   5.8438390e-02  -2.6496405e-01   4.4149563e-02  -1.6107211e-01  -2.0958277e-01   3.4043805e-01   2.4689380e-01  -1.5198151e-01   1.9415129e-01  -3.1063588e-02   1.2511690e-01   4.1669623e-01   1.2646013e-01   6.2375164e-01   6.2662406e-01   6.7963185e-02   4.9393156e-01   2.4088823e-01   6.1504492e-02  -2.4287392e-01   6.3914228e-01   2.8299513e-01  -6.1910667e-02  -1.2096740e-01  -5.0002091e-01   4.0849494e-01  -1.2127970e-01  -1.9209426e-01   7.1897757e-01  -1.0762746e-02  -2.5699551e-01  -1.8560356e-01   1.2725186e-01  -1.2422764e-01   4.1474911e-01   5.0946614e-01   3.1563834e-02   7.0049343e-01  -3.9392599e-01  -6.5342567e-02   8.8928515e-02   3.5344781e-01   1.8433378e-02   2.1647522e-01   2.3641889e-01   2.1935521e-01  -2.2606499e-01   8.4400489e-02  -3.5775776e-01  -4.0688078e-02  -2.7844244e-01   5.3258178e-01  -2.2346680e-01   3.6973876e-01   3.5395920e-01  -1.6946063e-01   2.9722898e-01   2.6761723e-01   1.5017849e-01   1.2379696e-01   3.4277918e-01   2.5231036e-01  -1.6022445e-01  -3.4063373e-01  -1.6824083e-01  -3.0935899e-02   4.4500782e-01   1.6823542e-01   3.9510938e-01   1.9289441e-01   3.0202713e-01   1.5881645e-01   5.5495558e-01   6.2779687e-01  -2.2675145e-01   1.4902427e-01  -9.2104651e-02   1.3722118e-01  -4.5584705e-01  -6.4393246e-03  -5.0643733e-01   2.5708698e-01  -1.4523931e-01  -1.1265954e-01  -2.4762193e-01   4.7921666e-01
   8.9678953e-02   6.0000865e-01   5.6815670e-01  -3.5643510e-01   0.0000000e+00   2.0463108e-01  -2.2228254e-01  -1.4739344e-01   3.3882647e-01  -2.6491736e-01  -2.5755702e-01   5.1132544e-01   2.3753121e-01  -6.2944570e-01  -4.5925660e-01   2.3735985e-01   4.6656594e-01  -4.1079657e-01  -5.0611551e-02   8.0766294e-01  -6.3843907e-01  -4.9992254e-01  -6.8126010e-01  -4.9278460e-02   1.7963222e-01  -3.4220574e-01   6.3985419e-01  -5.9651723e-01  -3.4499826e-01   7.6459608e-03  -4.2485751e-01  -3.0235893e-01   1.3849355e-01  -2.1019911e-01  -1.8155425e-01   6.4579170e-02  -5.1621099e-01  -2.3540883e-02   2.5242941e-01   7.0791851e-01   1.8891637e-01   1.7547330e-01   6.2341122e-01  -3.1832953e-01  -1.8936026e-01  -3.3183273e-01  -2.1847808e-01   1.8093129e-02   2.5091028e-01   6.2653030e-01  -3.1556198e-01  -3.2827628e-01   2.5458302e-01   1.1378910e-01  -4.8532403e-01  -5.0331545e-01   8.2438455e-02  -4.3057300e-01  -1.5483302e-01  -3.4176373e-01  -3.2751007e-01   9.2697917e-02   4.8274192e-01  -1.3570255e-01   9.2197634e-02  -3.4618517e-01   3.3417726e-01   2.4010738e-01  -4.3873700e-01  -1.3714566e-01   5.4354834e-01  -4.4611281e-01   2.3553684e-01  -1.0539468e-01   6.5126218e-02  -3.5989644e-01  -2.2637069e-01  -3.2633330e-01   8.4329718e-01  -2.1314144e-01  -5.9483640e-01   2.9775088e-01  -3.1593596e-01  -4.4917854e-01  -4.5471622e-01  -4.7063565e-01  -1.5629048e-01  -1.4290494e-01   4.6593210e-01  -1.2614625e-01   7.8684502e-01  -4.7436376e-02   5.6158959e-01   2.9670741e-01  -1.4489588e-01   7.4498399e-01  -1.3108191e-01  -2.9211240e-01   5.1716940e-01  -4.9944251e-01  -4.1034142e-01  -2.2292523e-01  -6.3187419e-01  -1.6757260e-01  -6.0898093e-01  -2.7293583e-01   1.1800303e-01  -4.2749511e-01  -4.0381869e-01  -3.4592394e-01   4.1685707e-02  -4.6891956e-01  -2.3083635e-01  -7.7083124e-02  -2.9326575e-01   5.5555360e-01  -4.2796071e-01   2.9463023e-01  -1.0335864e-01  -3.5764854e-01  -1.1046307e-01   8.3366625e-01   1.4929484e-01  -4.4444114e-01  -4.7998095e-02  -4.4426096e-01  -4.8690901e-01   1.6405160e-01  -4.5587673e-01   2.1544271e-01   4.2655815e-01  -2.4413407e-01  -3.4634269e-01  -4.5763218e-01   3.3444470e-01  -2.4850252e-01  -1.3936874e-01  -3.4310867e-01  -1.2878721e-01   1.2384516e-01  -1.9412463e-01   2.4799819e-01  -3.5218320e-01   8.8185235e-02  -4.6598119e-01  -4.3674451e-01   2.9907451e-01  -3.6765658e-01  -1.4332304e-01  -4.8043480e-01  -3.5515664e-01  -7.5370880e-01   1.1882549e-01   1.2068936e-03   5.9755252e-01   7.0715589e-02  -2.4788714e-01  -7.7107216e-02  -1.6990016e-01  -6.1413027e-01  -8.2120474e-02  -2.8827907e-01  -2.5418336e-01  -4.8552106e-01  -6.9988508e-02   4.8497194e-01   2.3531821e-01  -1.9818105e-01  -1.6108937e-02   2.9776706e-01   5.7884622e-01  -3.5700664e-02  -3.2491768e-01   3.3382483e-01  -2.4163686e-01   1.5703511e-01  -6.3964490e-02
  -4.6705786e-01  -6.4340468e-02   2.4573801e-01   2.1512852e-01   2.0463108e-01   0.0000000e+00   2.9721558e-01  -2.0112730e-01   2.6556568e-01   2.3442930e-01   2.3134715e-01   4.2586064e-01  -2.1539683e-01  -1.0798573e-01   2.7775727e-01   3.0337113e-01  -2.3103546e-02   5.2404915e-02   3.3412216e-01   3.9613156e-01   1.6428198e-01   1.8173062e-02   7.8377146e-02  -5.8103065e-01   1.2329522e-01  -8.6277014e-02   6.5125348e-01   2.6209518e-01  -9.3397613e-02   1.6690000e-01  -4.5359109e-02   4.8041224e-02   3.9869004e-01   1.4527500e-01   3.3540608e-01   3.6996763e-01  -1.8923996e-01  -4.7408436e-01   1.9453358e-01   4.5683207e-01  -1.3944813e-01   3.0569310e-01   2.5375626e-01  -1.6835284e-01   1.1802802e-01  -4.6037084e-01   3.2442159e-01  -2.1297815e-01   1.3912598e-01   2.1909144e-01   2.7350207e-01  -4.3781389e-01  -2.0999203e-01   1.0984029e-01   1.4319820e-01   3.6505665e-01   3.7678655e-01  -4.6598654e-02   1.6992969e-01   4.9216544e-01  -5.4850068e-01   2.6647355e-01   1.7062697e-01  -1.2844256e-01  -7.6414154e-02   2.2387182e-01   7.4451369e-01  -6.1619086e-02   1.8853627e-01  -1.8348351e-01  -6.1211130e-02   1.1485364e-01   1.3321232e-01   3.0994992e-02   1.5216600e-01  -3.3149008e-01  -4.0826924e-01   1.7919439e-02   1.8959819e-01   8.2985480e-02  -1.7960081e-02  -6.6874792e-02  -1.0900933e-01  -4.1639091e-02   1.8851798e-02  -2.9701676e-01  -2.2724598e-01  -2.3499173e-02  -9.7511533e-02  -5.2386462e-01  -1.2182987e-01  -2.9551516e-01   3.0222887e-01   4.8641882e-01  -4.8993857e-01   1.6385028e-01   1.9780401e-01  -3.5893305e-01   2.8122173e-01  -8.8782546e-02  -8.8160342e-02   2.8684876e-01   5.5719603e-03   2.3457100e-01   8.1270975e-02  -7.3974903e-03   3.1765016e-01  -7.7610940e-02   1.2223373e-01   6.6404570e-02   3.4449964e-01   7.6964647e-02   6.7178567e-02  -5.5947861e-01   4.0982324e-02  -3.0778254e-01  -9.3029957e-02  -1.9941837e-01   2.9612716e-01   1.8223233e-01  -5.3158201e-01   1.9915719e-01  -2.0289553e-01  -8.2427788e-02  -4.1798378e-01   1.3299371e-01   2.9400072e-01   1.7540917e-02   5.2533730e-02  -1.5280608e-02  -2.2750917e-02   1.9169634e-01   1.0391264e-01  -1.4885548e-01   3.9917149e-01  -2.3578495e-01  -8.0101948e-02  -1.0328366e-01  -3.9255132e-01  -4.8783486e-01  -5.0628339e-01  -2.8061060e-01   2.4338127e-02   4.5442051e-01   2.5190282e-01  -2.6501059e-02   4.0461593e-01  -1.0642607e-02   4.4794032e-01  -1.6972090e-01  -4.1378133e-01  -7.4437463e-02   8.7366566e-03   9.0327405e-02   2.3838233e-01  -4.8997335e-01  -4.9518802e-01   2.5301727e-01  -4.1011984e-01  -3.2364405e-02   1.7274059e-01  -3.4531088e-02   2.7988404e-03   1.5002092e-01   1.9363425e-01   2.0159557e-01   4.7482977e-01  -2.9870366e-01  -1.0996630e-01  -1.6897710e-01   3.3100871e-01  -1.8059219e-01  -7.6050967e-02   6.2153090e-01  -3.0226411e-01  -4.2007672e-03  -1.0469461e-02
  -3.6924610e-01  -2.5132660e-01  -5.3818277e-01   9.5156894e-02  -2.2228254e-01   2.9721558e-01   0.0000000e+00  -1.8875908e-01   2.2052508e-01   6.7727146e-01   5.6061920e-01  -1.5220618e-01  -1.8778208e-01   2.4486698e-01   6.5937047e-01   1.8114567e-02  -6.1380593e-01   3.9336385e-01  -5.0791493e-02  -2.2051724e-01   4.0680306e-01  -1.4079054e-01   5.6900745e-01  -3.1574096e-01  -1.5951710e-01  -1.3163278e-01   1.3239831e-01   5.4274403e-01   1.6608418e-01   5.8840693e-01   4.1517030e-01  -9.5360661e-02  -1.0047894e-01   4.2477402e-01   6.9823758e-01   5.1596620e-01   2.7721505e-01  -4.5302603e-01  -1.5232337e-01  -3.0363050e-01  -2.0963997e-01  -2.3026055e-01  -2.9690930e-01  -8.8834426e-02   6.7143537e-01  -1.6688623e-01   3.3546212e-01   4.5071547e-01  -1.2062296e-01  -6.2036351e-01   3.9024082e-01  -2.7525520e-01   4.5067119e-03  -1.7394977e-01   6.5185809e-02   5.7138434e-01  -1.7509315e-01  -1.5948808e-01   7.0712697e-02   3.1028319e-01  -2.3657523e-01   5.1047596e-01  -1.9091512e-01   4.1205710e-01   1.5544242e-01   6.4476003e-01   1.1446619e-01  -2.6439759e-02   3.0119693e-01  -2.2279317e-01  -3.5718026e-01   3.6856266e-01  -4.1964080e-02  -1.6026780e-01  -6.3693166e-02  -1.9476098e-01  -2.6153435e-01  -5.9482081e-02  -3.2817145e-01   1.6753392e-02   5.2731923e-01  -1.5236993e-01   3.3444302e-01  -1.5148746e-01   7.1286792e-02  -3.9660081e-02   2.3874859e-01  -1.8181289e-01  -2.4776329e-01  -3.3671727e-01  -2.8658000e-01  -4.1788277e-01  -1.9206662e-01   3.3130361e-01  -3.2602591e-01  -3.0593711e-01   3.5110811e-02  -4.9888036e-02  -5.5928630e-02   6.0244400e-01   9.2455033e-03   5.8092564e-01   2.9236915e-01   5.3952287e-01   4.2538079e-01  -1.9803152e-01  -1.7273801e-01   3.2631274e-01   6.4878027e-01   4.2991822e-01   3.8296501e-01   4.7536225e-02   1.5137437e-01  -4.1069566e-01   3.5604091e-02  -3.5989867e-01  -1.6722388e-01  -5.9978498e-02  -5.1401969e-02   6.0773040e-02  -4.7409307e-01  -1.3781187e-01  -2.4490644e-01   4.5062827e-01  -3.7546113e-01  -5.7740296e-02   7.3777653e-01  -9.6396127e-02  -1.8591452e-01  -4.0867931e-01  -3.6940169e-01   6.6818577e-01  -1.9573887e-01   4.1228506e-01  -2.5212860e-01  -4.9133665e-02  -2.4388744e-01   2.4044356e-01  -4.1806999e-01  -4.9801201e-01  -2.8615270e-01  -3.6197065e-01   1.4163731e-01  -1.4008765e-01   6.5562774e-01   3.5949521e-01   2.5461115e-01   4.5187856e-01   5.5379101e-01   2.9775750e-01  -3.0526347e-01   2.6027229e-01  -3.2585182e-01   4.6834832e-01  -4.9847608e-01  -4.6041758e-01  -3.3899523e-01   1.0749180e-01  -3.3307509e-01   3.8132581e-01   4.2256124e-01   9.2954948e-02   4.0294537e-01   3.8890451e-01  -1.8389512e-01   2.5037859e-01   4.6543371e-01  -2.8591319e-01  -3.4370455e-01  -2.2390448e-01   2.8783535e-01  -3.3315984e-01   4.8151651e-01  -1.2818922e-01  -4.5607134e-02  -3.4726106e-01  -3.7390859e-01
   1.5126824e-01  -4.1292329e-02  -5.1879495e-02   2.0545032e-01  -1.4739344e-01  -2.0112730e-01  -1.8875908e-01   0.0000000e+00   5.7576749e-02  -2.2986465e-01  -2.7023010e-01  -1.0088979e-01  -3.8214040e-01  -2.1369987e-01   2.7910177e-02  -7.3636861e-02  -4.8293890e-02  -1.0182770e-01  -2.3359682e-01  -1.1122183e-01  -8.0162092e-02   2.6094974e-01   1.9135928e-02   7.1485626e-02  -5.2252961e-02   5.5928808e-01  -6.1996644e-02  -2.0204987e-01   3.3202610e-01  -5.0646122e-02  -2.2077688e-01   3.2244177e-01  -3.5510228e-02  -1.1422139e-01  -5.3593008e-02  -4.6915718e-01  -6.8238659e-02   2.7133806e-01  -5.9316260e-02  -2.6154347e-01   1.5615202e-02   6.2133592e-02   1.6001900e-01   7.9228525e-02   1.3458125e-01   2.6277174e-01  -1.5998011e-01  -2.0239821e-01  -9.6969580e-02  -1.4344720e-01  -1.4538714e-01   6.9902986e-01  -3.3145318e-03   9.2940287e-02  -3.9043525e-02  -2.0190757e-01  -8.3277478e-02   3.0920479e-01   1.8434622e-01  -2.7504092e-03   2.8257787e-01  -2.7515283e-02   6.7463978e-03  -1.9891110e-01   1.2140481e-01  -1.6832099e-01  -2.4131707e-01   1.9641836e-01   2.2541507e-01   9.1509940e-02  -2.2543026e-01   6.1317129e-02  -1.2817839e-03  -1.9956269e-01   3.1834325e-01   2.4681071e-01   2.6169329e-01   4.0218122e-01  -4.6857631e-02   2.3333028e-01   8.2027250e-02  -9.4010704e-02  -3.4335455e-01   5.4513239e-01  -1.6854838e-01   1.0973089e-01  -1.0507571e-01  -4.6658931e-02   1.1136591e-01   1.1213848e-01  -3.1244809e-02   6.9876828e-03  -1.9758848e-01   1.2708002e-01   2.6424079e-01  -1.2239559e-01   2.0744929e-01   2.9721611e-01   6.1784676e-03  -7.9363480e-02  -3.0921725e-01  -1.3987821e-01   7.3792452e-02   4.7288855e-02   9.0704404e-02   2.7374430e-01   2.9769041e-02   3.6399251e-01  -3.3411040e-02  -2.3336089e-01  -3.4710155e-01   1.6298252e-01   9.7859202e-02   2.1037120e-01  -1.2092445e-01  -5.5194458e-02   2.1390646e-01  -1.8305570e-01  -3.8058279e-01   2.0348660e-01   2.2817201e-01  -1.1640142e-01   6.6342800e-02  -2.8440996e-01   1.8882298e-01  -1.2643645e-01   2.9250331e-04   2.6347340e-01   3.9409233e-01  -1.4002549e-01  -6.3236386e-02  -2.1358570e-01   2.1501829e-02  -3.3773402e-01   1.0225573e-01   5.1451253e-01   2.1139893e-01  -1.9060226e-01   3.0875069e-01   1.7325817e-01   2.1921720e-01  -1.5032572e-02   3.2482252e-01  -3.3724129e-01  -8.9656715e-02  -4.1275980e-02  -3.7432561e-01  -1.3905398e-01  -2.9128900e-01  -3.0683861e-03  -1.1635459e-02   2.7027051e-01   1.7751262e-01  -1.2697646e-01  -1.2626872e-01   1.7532021e-01   2.2748246e-01   1.2612795e-01   1.5443032e-01   5.1397832e-02   2.0645552e-01   2.2001774e-01  -9.9349114e-02   2.3720435e-02   1.8722538e-01  -2.8855616e-03  -2.0988705e-01  -1.0680498e-02   6.1069279e-02  -2.7203159e-01  -4.0956280e-02  -9.3479088e-02  -3.9166045e-02  -3.5570543e-01   2.5053582e-01   6.1676580e-03   3.2698312e-01
  -2.0684603e-01   4.8100708e-01   3.6953025e-02  -9.9912672e-03   3.3882647e-01   2.6556568e-01   2.2052508e-01   5.7576749e-02   0.0000000e+00   5.1603158e-02   2.5278448e-02   3.0477779e-01  -1.1961425e-01  -2.9833524e-01   2.7654223e-01   1.5649812e-01   5.6737574e-02   1.8646952e-01  -2.9743134e-01   1.6987928e-01  -1.8071348e-01  -2.2728147e-01   6.7329052e-03  -2.6648551e-01   6.9473961e-02   3.1807569e-02   5.0404309e-01   4.0350009e-03  -1.5126447e-02   5.2430433e-01   1.9872588e-01  -8.3784793e-02   1.8030138e-01   1.7798736e-01   3.1520112e-01   8.4048300e-02  -4.0132002e-01  -4.0323724e-01   4.9696229e-02   2.6255550e-01  -1.8156632e-02   6.6669974e-02   4.4166316e-01  -5.3383371e-02   1.0897348e-01  -3.8361107e-01  -1.0052941e-01   1.8622484e-01   2.4440034e-01   1.2683500e-01   8.0608047e-02  -2.0645153e-01   7.4139575e-02   5.6632216e-02  -2.4748378e-01  -1.9200733e-01   8.4367183e-02  -1.3845471e-01   1.4342704e-01   1.7462659e-01  -2.9563680e-01   8.4824627e-03   6.8666412e-01   1.8310982e-01   3.5389010e-01  -3.2623391e-02   1.9351886e-01   1.2869327e-01  -2.4962345e-02  -4.1491225e-01   2.1972267e-01  -1.8126025e-01   1.5971371e-01  -2.2073143e-01   1.3798574e-01  -2.2683858e-04  -3.7953087e-01  -2.0531305e-01   2.9096683e-01   2.2267947e-01   3.4345235e-02   2.0774083e-02  -1.0700152e-01  -1.8480800e-01  -3.0439779e-01  -6.9324867e-02   2.9005112e-01  -1.9636603e-01   2.6944870e-01  -3.9629974e-01   4.4290403e-01  -2.9823313e-01   2.3992295e-01   6.8201755e-01  -3.6113057e-01   3.1943927e-01  -4.0478816e-02  -1.3440572e-01   1.8108061e-01   2.5107572e-02  -1.2680505e-01   2.1501271e-01  -3.6251893e-01   6.9850405e-01  -2.2255843e-01  -2.5098385e-01   5.7739961e-02   2.0961530e-02  -6.8445088e-04  -7.4970839e-02   8.7885338e-02  -2.8454545e-01  -7.9551224e-02  -3.1260522e-01  -2.1341707e-02   1.5872233e-01  -4.1013010e-01   1.2388854e-01  -3.6544350e-02  -1.8523353e-01  -4.1799484e-01   3.1390190e-01   1.8465839e-01  -6.8728233e-03  -4.4981730e-01  -2.6016305e-01   9.2190797e-02   3.2597413e-01  -1.6586713e-01  -8.9419717e-02  -9.4021334e-02  -8.6004815e-02  -2.3238912e-01  -1.0278919e-01   1.9058958e-01  -7.4456953e-02  -1.1547403e-01   5.5178202e-02  -3.0557791e-01  -2.5554676e-01  -1.8550866e-01   2.5661805e-02  -4.3292165e-03  -1.2394529e-01   2.1447545e-01   2.9905486e-02   2.5128484e-01   4.3324902e-02  -9.3919164e-02  -1.9811076e-01  -4.9512223e-01  -2.7324314e-01  -8.6828503e-02   5.9523897e-02   2.3375894e-01  -3.7164577e-01  -3.8711755e-01   7.3645935e-02  -2.9739582e-01  -2.4965040e-01   1.3209092e-01  -1.0297280e-01  -5.1767886e-03   4.8805721e-03  -7.7526706e-02   4.0108653e-01   8.0482995e-02  -2.8750591e-01  -1.1695890e-01   4.0875600e-03   4.3847402e-01  -3.3254429e-01  -1.3076878e-02   1.0913551e-01  -1.5121915e-01  -2.1936825e-01   6.2980351e-03
  -2.7412844e-01  -3.0822478e-01  -3.8850678e-01   2.0811240e-01  -2.6491736e-01   2.3442930e-01   6.7727146e-01  -2.2986465e-01   5.1603158e-02   0.0000000e+00   5.3419278e-01  -1.1112659e-01  -2.7665727e-01   3.6919908e-01   5.8739290e-01   3.5094526e-02  -4.8516216e-01   3.6626326e-01  -4.2710254e-02  -1.6283450e-01   4.1555478e-01  -1.6353056e-02   4.9879765e-01  -2.7840021e-01  -1.5498899e-01  -1.2718863e-01  -1.0761993e-02   4.4074667e-01   2.2202042e-02   2.7162265e-01   3.6288590e-01  -2.2870390e-02  -6.2716398e-02   4.6882982e-01   3.8618655e-01   6.0615820e-01   2.0690347e-01  -4.1640412e-01  -6.0827110e-02  -2.2863611e-01  -3.7420276e-01  -1.7082718e-01  -3.0726760e-01   1.5651934e-01   5.3160634e-01  -1.1525906e-01   3.7121596e-01   2.4672762e-01  -1.4512558e-01  -4.4630851e-01   3.3746618e-01  -2.4052852e-01  -2.1698599e-01  -2.0990804e-01   1.9453143e-01   4.5757503e-01  -1.0314468e-01  -5.1432330e-02  -4.8187652e-02   2.3488009e-01  -1.8507446e-01   5.7789673e-01  -2.7212405e-01   2.3975218e-01  -2.9688382e-02   5.1465391e-01  -1.5178884e-02  -6.9692810e-03   1.7223315e-01  -2.2264437e-01  -3.6023593e-01   1.7967109e-01  -2.5708304e-01  -7.1582596e-02  -1.5137629e-01  -8.1022322e-03  -2.3559243e-01   1.7707763e-01  -2.7831521e-01  -2.1365412e-01   4.5594730e-01  -2.7910371e-01   2.5685078e-01   4.0732230e-02   1.0221227e-01   7.4452278e-02   8.9551552e-02  -7.8135430e-02  -2.4355146e-01  -3.1192186e-01  -3.3832744e-01  -3.0518997e-01  -9.1193406e-03   1.1892333e-01  -3.3412266e-01  -1.4614015e-01  -4.2273762e-02  -1.2681237e-02  -1.5674537e-02   5.2595155e-01   7.2957401e-02   4.5996132e-01   2.5114009e-01   3.2701309e-01   3.5899842e-01   1.9824824e-02  -9.0368531e-02   2.1491912e-01   4.5068672e-01   3.7567630e-01   3.3121702e-01  -1.3947828e-02   1.8245407e-01  -3.7723054e-01   1.0298372e-01  -4.6237337e-01  -9.5945045e-02  -3.9791886e-01   1.3575733e-01  -2.5821637e-02  -3.8290368e-01  -1.5916294e-01  -2.8485218e-01   4.7254032e-01  -3.6369761e-01   5.7349109e-02   6.0124027e-01  -1.2896395e-01  -4.8228792e-02  -3.4315942e-01  -2.9224863e-01   5.5966971e-01   7.5927017e-02   5.3550488e-01  -1.2953577e-01  -8.5539372e-02  -2.1275699e-01   2.2836066e-01  -3.1662720e-01  -5.4742706e-01  -2.8354248e-01  -3.3206670e-01   1.8600507e-01   2.0498620e-02   6.8294611e-01   3.6967907e-01   1.6736202e-01   4.1480257e-01   4.9361026e-01   3.7601248e-01  -2.0446387e-01   3.8470206e-01  -2.8694003e-01   2.9574779e-01  -3.3854224e-01  -4.3025354e-01  -2.6952409e-01  -8.7188392e-02  -2.3858491e-01   2.7441846e-01   2.4592194e-01   8.9865600e-02   6.1163404e-01   3.2128723e-01   5.0456267e-02   1.2172007e-01   3.3299493e-01  -2.5935818e-01  -1.2415949e-01  -2.4323217e-01   1.6172245e-01  -2.6263153e-01   4.6370967e-01   2.7569177e-02  -2.1486287e-01  -4.3447116e-01  -1.1452777e-01
  -3.5756308e-01  -3.2838321e-01  -4.2102476e-01   2.5657434e-01  -2.5755702e-01   2.3134715e-01   5.6061920e-01  -2.7023010e-01   2.5278448e-02   5.3419278e-01   0.0000000e+00  -2.5597751e-01  -1.0513073e-01   1.7353608e-01   4.6693367e-01   2.1661383e-01  -4.2973723e-01   7.0707209e-01   1.0545659e-01  -1.9419121e-01   3.9247380e-01   3.4488522e-02   5.1227962e-01  -1.6671556e-01  -1.9731841e-01  -5.3974591e-02  -4.1732512e-02   3.8243647e-01   1.1907907e-01   5.3039997e-01   5.6883202e-01  -4.3552835e-02   2.7394430e-02   1.5887314e-01   2.4500662e-01   5.7830996e-01   2.5414809e-01  -4.2617188e-01   1.1785783e-01  -2.2991663e-01  -1.2818121e-01  -1.8517463e-01  -4.6703329e-01   2.2543546e-01   4.7705528e-01  -2.0083919e-01   7.1031373e-01   1.6255228e-01   3.0920958e-02  -4.3734373e-01   6.0831992e-01  -1.4202769e-01  -2.8744271e-01  -2.7972082e-01  -1.4573572e-02   4.8038565e-01  -1.3111798e-01  -4.1474834e-02   8.2200444e-02   3.2887980e-01  -1.8034647e-01   3.1286601e-01  -1.9852464e-01   4.6828060e-01   1.8013333e-01   7.0736620e-01   1.7866916e-01  -1.3221068e-01   3.1994436e-01  -2.0177671e-01  -3.7110580e-01   4.9390119e-01   7.4688219e-02  -6.7919272e-02  -2.0341901e-01  -4.7429145e-02  -2.2832856e-01  -4.7915478e-02  -4.3774667e-01  -2.7586097e-02   3.3059772e-01   8.2456323e-02   1.9104014e-01  -1.2891407e-01   5.4857848e-02   1.0564646e-02  -5.4043750e-02  -1.9069482e-01  -2.1188059e-01  -2.9047432e-01  -2.0120877e-01  -1.3886290e-01  -2.8302274e-01   1.8620116e-01  -3.4469372e-01  -2.8368814e-01  -1.6167049e-01  -3.8065059e-02  -1.1528179e-01   2.9566209e-01  -3.9688206e-02   5.0603702e-01   3.7704344e-01   3.1778161e-01   5.0670306e-01  -4.1283229e-02  -2.8303831e-01   2.3230444e-01   4.6682470e-01   6.0906455e-01   1.1281975e-01   2.0431037e-01   2.1141219e-01  -3.7412169e-01  -5.6072959e-02  -3.5127783e-01   1.7437982e-01  -7.7584805e-02   1.0061230e-01   1.3020222e-01  -3.1906349e-01  -2.6246245e-01  -1.3129391e-01   5.4217946e-01  -3.8191870e-01  -1.9418940e-02   5.8533312e-01  -2.3881982e-01  -4.5380391e-02  -3.5356025e-01  -1.2713930e-01   5.0222566e-01   7.1461311e-02   6.0005300e-01  -2.8137556e-01   7.9665562e-02  -2.1809318e-01   1.0133625e-01  -2.0834283e-01  -5.2228351e-01  -3.6533637e-01  -3.1951588e-01   3.5952053e-01  -2.2931553e-02   5.4974914e-01   5.0499118e-01   9.1323320e-02   7.7393852e-01   6.7662772e-01   1.5415506e-01  -2.2747263e-01   1.3901000e-01  -2.4515952e-01   2.9719132e-01  -4.1368618e-01  -4.8977299e-01  -3.6693890e-01   1.4113034e-01  -1.3003533e-01   4.2638344e-01   1.1702839e-01   3.9504687e-01   6.8395798e-01   5.3374071e-01   5.7024490e-02  -1.1943447e-01   2.2597887e-01   4.4104477e-02  -3.0118980e-01  -2.8175338e-01   2.8872268e-01  -3.0804538e-01   6.4016970e-01   1.2066518e-01  -1.6126647e-01  -2.1405444e-01  -3.5460570e-02
  -2.0543311e-01   5.9620488e-01   6.7481636e-01  -2.3705368e-01   5.1132544e-01   4.2586064e-01  -1.5220618e-01  -1.0088979e-01   3.0477779e-01  -1.1112659e-01  -2.5597751e-01   0.0000000e+00  -9.3135609e-02  -3.9487109e-01   3.9754845e-02   9.8966462e-02   5.5707789e-01  -4.3921743e-01  -1.8065227e-01   6.1826365e-01  -4.6934139e-01  -4.1579454e-01  -5.5975034e-01  -4.0567503e-01   3.5595169e-01  -2.9777494e-01   3.8373567e-01  -2.5864074e-01  -1.1399160e-01  -2.0038342e-01  -3.0855972e-01  -2.1423441e-01   2.8350848e-01   1.1150852e-01   1.1765371e-01  -8.5095910e-02  -6.1770563e-01  -1.2299530e-01   1.6797512e-01   6.2877302e-01  -1.5718874e-01   2.6842042e-01   8.2063268e-01  -1.1758536e-02  -2.4477569e-01  -4.8357694e-01  -3.6062114e-01  -1.8187871e-02   1.3414985e-01   6.9122773e-01  -3.1234915e-01  -3.9114195e-01   2.3919009e-01   3.5996014e-01  -1.2036347e-01  -1.2378921e-01   2.3375865e-01  -4.0519557e-01  -4.6701352e-02  -2.7760510e-02  -5.2555682e-01  -1.5214890e-02   4.8028034e-01  -7.5085073e-02  -1.3961584e-01  -4.5659399e-01   2.7794103e-01  -1.1608342e-01  -5.2519058e-01  -3.8410867e-01   5.7359863e-01  -5.8374246e-01   1.0884235e-01  -8.6586474e-02   2.8422627e-01  -3.5045975e-01  -5.0191068e-01  -1.7841846e-01   6.6177714e-01   5.4404070e-02  -5.1909419e-01   1.0849998e-01  -4.3365041e-02  -1.7126195e-01  -1.8514160e-01  -4.3757485e-01  -1.5172177e-01   1.2130995e-01   3.9660211e-01  -4.6051633e-01   3.9325517e-01  -1.8046906e-01   8.3968389e-01   3.1630320e-01  -3.0903364e-01   5.5150398e-01   4.1833085e-02  -3.3449703e-01   3.9505159e-01  -2.6553090e-01  -1.2975836e-01   1.7899819e-01  -5.5680217e-01  -6.0150951e-02  -6.0946588e-01  -2.1418093e-01   3.3545254e-01  -6.0741491e-01  -3.7075497e-01  -2.5836923e-01   4.7553820e-01  -5.5209204e-01  -1.9399150e-01  -3.6871072e-01   1.7668599e-01   2.7476221e-01  -3.5344346e-01  -2.0363041e-02   3.7194399e-01  -3.3986660e-01  -4.5802288e-01   5.9881893e-01   2.3453440e-01  -3.6223457e-01  -2.5160870e-01  -2.9662553e-01  -3.2865000e-01   3.3740018e-01  -2.4873349e-01   4.3709652e-02   1.5180525e-01  -2.8260944e-01  -2.1676787e-01  -3.4726736e-01   4.0684856e-01  -2.5039347e-01   5.8670393e-02  -6.6640119e-02  -3.3440744e-01  -1.1588365e-01  -1.9803893e-01   1.8260651e-01  -3.3939116e-01   4.9709706e-01  -6.6522397e-02  -5.4076315e-01   7.2091961e-01  -4.6578099e-01  -2.6110202e-01  -2.7509875e-01  -4.4265046e-01  -4.5725219e-01   3.2524246e-01  -8.2028145e-02   7.9413771e-01  -2.1752216e-01  -3.7106944e-01  -4.9525234e-02  -2.5216648e-01  -6.7219439e-01  -4.5743450e-02  -2.1870273e-01  -3.7301407e-01  -5.3671053e-01  -1.7842331e-01   4.4215341e-01   2.9986584e-01  -1.7428931e-01   2.3181492e-01   3.2200622e-01   3.2321057e-01  -8.3489799e-02  -5.9476733e-01   6.6287420e-01  -1.9287066e-01   1.6196647e-01  -2.4118954e-01
   2.8843979e-01   6.6385352e-02   8.5609720e-02  -2.2172551e-01   2.3753121e-01  -2.1539683e-01  -1.8778208e-01  -3.8214040e-01  -1.1961425e-01  -2.7665727e-01  -1.0513073e-01  -9.3135609e-02   0.0000000e+00   5.9061382e-02  -4.0777754e-01   1.1099705e-01   1.5763525e-02  -1.0819609e-01   1.7938378e-01   1.6119967e-01  -1.0742092e-01  -7.2759440e-02  -2.1315290e-01   3.6651937e-01   9.0581900e-02  -3.2880521e-01  -1.2805020e-01  -1.4401116e-01  -1.9040137e-01   4.4647259e-02  -1.0092381e-01  -1.5376491e-03  -3.5489292e-01  -2.3797184e-01  -2.8983005e-01  -1.7807202e-02   1.5892375e-01   4.2543910e-02   1.1685082e-02  -1.6501613e-02   5.1599252e-01  -2.4479020e-01  -1.4476586e-01  -7.0582869e-02  -3.3300003e-01  -2.6675715e-02   1.0539716e-01  -3.4377918e-02  -5.4827375e-02   8.7693911e-02  -1.1889137e-01  -1.4838885e-01  -1.1259976e-01  -2.4512978e-01  -1.2091777e-01  -2.2695216e-01  -1.3533971e-01  -1.3150570e-01  -3.9361564e-02  -9.5556220e-02  -4.7934319e-02  -3.5149000e-01   5.3108792e-03   1.1401983e-01   9.4423723e-02   2.5894735e-03  -4.2362024e-02   4.6081368e-02  -1.7165451e-01   1.7122901e-01   8.2417933e-02  -8.4946714e-02   1.9856124e-01   2.7129358e-01  -2.5587808e-01   8.2977992e-03   6.3600437e-03  -3.4927719e-01   9.4441311e-02  -7.6260988e-02  -1.9457442e-01   4.0729175e-01  -4.7216347e-02  -3.0824585e-01   4.8205989e-02   2.4216015e-02   8.8999284e-02   1.5890415e-02  -1.4466144e-02   2.8842730e-01   2.7120706e-01   1.4534016e-01  -3.2891274e-02  -2.7555200e-01   5.7188948e-02   2.3274842e-02  -2.4161610e-01  -2.4188876e-01  -2.0555410e-01  -2.1738078e-01  -2.1134527e-02  -1.8931208e-01  -2.0416952e-02  -1.0230216e-01  -1.9469974e-01  -2.5968835e-01  -2.1296764e-01  -3.3384285e-01  -1.5393927e-01   1.0620289e-01  -1.3101326e-01   1.4821432e-02  -2.5109457e-01   2.3780360e-01  -1.5144771e-01   1.9879462e-01   2.9652840e-02   6.7536034e-01   6.2372747e-02  -2.0043428e-01   2.6834462e-01   5.5473987e-02  -1.2988840e-02  -5.5362189e-02   1.2156363e-01   4.7679332e-02  -2.9036350e-01  -1.6234406e-01  -2.0464300e-01   1.5346391e-01   3.3524173e-01  -2.1004703e-01   1.0466183e-01  -6.8444768e-02  -1.0754064e-01   1.3853098e-02   3.6569945e-02  -6.1690165e-02   1.5656775e-01   3.4536682e-01   2.4166881e-01   4.9454130e-01  -9.4556870e-02   1.6421933e-01  -3.8410580e-01   3.7323403e-02  -9.1075040e-02   1.1255623e-01   7.5592349e-02  -2.2586609e-01   1.9467155e-01  -1.8532885e-01  -9.5631375e-02  -1.5478530e-01   1.5178697e-02   2.1530197e-01   1.2461511e-01   3.3470155e-02  -1.1510344e-01   1.6804841e-03  -4.6622301e-01   1.6679585e-02  -8.0452680e-02  -1.0731203e-01  -2.5463907e-01  -2.0490299e-01  -2.8009553e-01   2.1772846e-01   3.5512050e-02   9.3281004e-02  -7.9878101e-02   1.1798914e-01   6.2545330e-02   4.1843964e-02   1.4993425e-02   6.1097093e-03  -1.8623786e-01
   1.6309184e-03  -4.0189288e-01  -4.7198218e-01   2.5147339e-01  -6.2944570e-01  -1.0798573e-01   2.4486698e-01  -2.1369987e-01  -2.9833524e-01   3.6919908e-01   1.7353608e-01  -3.9487109e-01   5.9061382e-02   0.0000000e+00   2.7242526e-01  -3.5884156e-01  -4.2212371e-01   2.8938804e-01   1.2136610e-01  -5.5779319e-01   6.9472080e-01   3.8217181e-01   5.8925489e-01   1.5454218e-01  -1.3999044e-01  -1.4007506e-02  -4.3096381e-01   5.2754046e-01   6.5419020e-02   4.7022437e-03   4.4106589e-01   2.6900478e-01  -2.2978494e-01   1.9807721e-01   1.4266845e-01   2.0495366e-01   5.4032425e-01  -2.7166300e-01  -2.8181368e-01  -4.3266234e-01  -1.3635773e-01  -2.7250200e-01  -6.1813276e-01   2.5839137e-01   8.8092369e-02   3.8537770e-02   2.0314520e-01   6.0028145e-02  -2.8767427e-01  -4.5014120e-01   2.8026690e-01  -2.6420919e-02  -2.3465017e-01  -5.9757543e-02   7.1465494e-01   5.1290819e-01  -7.4709155e-02   3.5047566e-01   1.9055823e-01   2.7816439e-01  -6.8225735e-04   5.2439242e-04  -4.3854030e-01   9.9185466e-02  -1.0227471e-01   3.4357182e-01  -4.4364286e-02  -1.2771985e-01   3.1579496e-01  -3.6175625e-02  -2.4306701e-01   3.9125850e-01  -2.5933531e-01   3.7845928e-01  -4.8191367e-02   2.8504201e-01  -9.3528997e-02   2.3275910e-01  -6.2580947e-01   6.4166654e-02   6.0728464e-01  -3.9085548e-01   4.8316607e-01   3.3778073e-01   6.8164275e-01   5.3433435e-01   3.3068523e-01   2.6686640e-01  -5.2347455e-01   1.3899970e-01  -6.0069910e-01  -6.9002639e-02  -3.1867716e-01  -4.2760114e-01  -1.5604666e-01  -4.8915806e-01   7.4424745e-02   2.0256648e-02  -4.0904648e-01   4.6644424e-01   6.0493144e-01   7.4161932e-02   5.8604441e-01   1.5424835e-01   6.0660804e-01   1.2519312e-01   9.3846826e-02   1.6498768e-01   3.5046817e-01   4.2794595e-01   7.7868406e-02   4.0072984e-01   2.4535561e-01  -1.4413091e-02   3.1690131e-01  -4.3512961e-01   3.0237805e-01  -1.6045260e-01   3.2166715e-01   2.0102856e-01  -7.9738611e-02  -6.0057225e-01  -1.7706997e-01   4.6023912e-01  -1.3926654e-01   5.4571751e-01   3.3164185e-01  -2.6023362e-01   2.2657826e-01  -2.8942488e-01  -3.8676115e-01   2.3629929e-01   4.3041294e-01   4.3770320e-01  -2.6145636e-01   3.0804014e-02   1.0017709e-01   4.4117376e-01   1.2451375e-01  -2.5586526e-01   1.7964153e-01  -2.1937263e-02   2.2444265e-01   9.0129071e-03   3.9677490e-01   4.9875255e-01  -1.1495527e-01   3.0318648e-01   2.5608288e-01   4.2363763e-01   2.9363333e-01   6.8729862e-01  -1.7757071e-01   3.8152989e-02  -4.7008843e-01  -1.8715509e-01  -6.0826214e-03   1.6250496e-01  -4.1177559e-02   6.4256158e-01   4.4577748e-03   2.0677849e-01   2.7130990e-01   4.5662656e-01   2.1175578e-02  -4.9008154e-01  -1.4573441e-01   8.9326833e-02   1.5359861e-01   4.0929941e-02  -5.4589463e-01  -5.5975756e-02   3.3346608e-01  -2.0533727e-01   1.5773539e-01  -1.5606277e-01  -1.3102755e-01
