   0.0000000e+00  -4.4314704e-01  -1.0364777e-01   1.2867428e-01  -4.1155843e-01   4.1077402e-01  -1.8838925e-01   3.0310544e-01  -3.8337511e-01  -5.5384621e-01  -6.2408658e-01  -4.2060662e-01   4.3017464e-02   4.6291594e-01  -4.5705366e-01   2.5487650e-01  -4.0185063e-02  -1.0543479e-01   2.6745482e-01  -2.2463631e-01  -1.1329440e-01   5.3338577e-01  -4.4393588e-01   7.6707623e-01   3.0580851e-02  -3.5121222e-02   2.8144319e-01   2.0014229e-01  -9.1372519e-02   5.2454330e-01  -3.7719515e-01   4.3888247e-01   2.0641205e-01  -2.7303617e-01  -1.5947819e-01  -2.9115689e-02  -1.3578538e-02   6.3913448e-01   4.2293817e-03  -8.8216883e-02   1.6496403e-01   6.7190404e-02   1.0620571e-01  -1.6091810e-01  -1.2007997e-01   6.8899967e-01   1.2442930e-01  -1.8673315e-01  -1.4700065e-01  -3.5180036e-01  -2.2016879e-02   1.7698335e-01  -4.8150356e-01  -1.6153041e-01   3.4108402e-02  -3.4931602e-01   2.7022110e-01   6.9122648e-01   1.9217891e-01   5.9478729e-01   7.1895800e-01   5.0527447e-02  -4.9406139e-02  -4.9955273e-01  -3.8088855e-01   8.9623386e-02   2.2550622e-01   1.9974506e-01   1.2066028e-02   6.5920688e-02  -6.7597915e-01  -2.3352227e-01   3.6503499e-02  -1.5977588e-01   2.7708214e-01   4.2830229e-01   7.5380350e-01   1.8950151e-01  -3.8155072e-01  -3.5998939e-02  -1.8449604e-01   2.1744990e-02  -6.4064187e-01   1.0723961e-01  -5.8885389e-01   3.1482162e-01  -6.9594054e-01   4.7127679e-01  -5.5744975e-01   6.8189053e-01  -4.8373108e-01   5.4051643e-01  -2.4402534e-01   6.0308878e-01   6.0202856e-01  -2.9329798e-01   1.3253180e-01   1.9043806e-01  -2.2177445e-01  -1.5368952e-01  -3.5067490e-01  -5.4700344e-01   3.0106815e-01   4.6164502e-01   3.5311035e-01   3.9569932e-01  -3.5025808e-02   2.7868231e-01   3.9127457e-02   2.5929826e-01  -4.6396343e-01   7.2317371e-01  -1.6461191e-01   7.6673323e-01  -2.7051149e-01  -1.6604207e-01   1.3886988e-01  -1.8930129e-02   3.8615442e-01   4.0180783e-02   7.2739349e-01  -4.6848790e-01  -8.3964885e-02  -4.4196936e-01   6.7268518e-01   5.2173285e-01  -1.5950544e-01  -2.3411891e-01   5.8108818e-01  -4.1796780e-01  -5.8721737e-02  -2.3348443e-01  -2.3555602e-01  -5.3666955e-01   5.4634843e-01   2.5696234e-01  -3.7815569e-01  -4.4865664e-01   1.3349174e-01   6.3814493e-01   6.1691963e-01  -1.9061984e-01   1.5027083e-01   5.1002952e-01   3.2111822e-02   2.3127591e-01  -5.4675627e-01   5.2275719e-02   4.4932480e-01  -5.7341913e-01  -4.7383982e-01  -5.1705814e-02   4.7187029e-01  -4.2291676e-01  -3.7588596e-01   7.5223419e-01   7.8227384e-01  -1.4027663e-02   4.8740960e-01  -1.3071419e-01   1.6713589e-01  -1.2887395e-01  -4.4540184e-01   1.8091414e-01   6.0205875e-01  -3.8901306e-01  -5.4389085e-01   1.8997536e-01   5.4797056e-01  -6.6685712e-01  -1.2107630e-01   2.5695697e-01  -2.1479623e-01   3.9334794e-01   3.6806746e-01  -3.2078671e-01   5.0157947e-01
  -4.4314704e-01   0.0000000e+00   4.4177634e-01  -1.6200677e-01   6.1241917e-01  -7.0135836e-01  -2.7456183e-01  -3.4270812e-01   3.5553529e-01   4.1316883e-01   3.7105710e-01   6.8431905e-01  -5.0301600e-02  -6.8206014e-01   2.9192655e-01  -1.0088971e-01   5.4894589e-01  -9.6984143e-02  -1.8041642e-01   2.9316301e-01  -3.2618272e-01  -7.1182768e-01   1.7284167e-01  -4.8530693e-01  -2.2895299e-01  -1.3056478e-01   1.1038275e-01  -4.0463733e-01   1.0862933e-01  -3.1805029e-01   1.6538030e-01  -4.1111125e-01  -1.3062053e-01   3.0624126e-01  -1.4733167e-01   1.8988491e-01  -1.3416566e-01  -3.2611886e-01   2.6739453e-02   3.7360388e-01  -2.3931724e-01  -1.8921011e-01   1.0797668e-02  -1.2450047e-01   3.6691654e-03  -2.1850949e-01  -1.6761970e-01   6.4916332e-02  -5.8682659e-02   5.6713837e-01  -4.1585174e-01  -3.2647911e-01   6.4056816e-01  -1.5203075e-01  -3.3945369e-01  -2.3623416e-01  -4.4774666e-01  -5.9225096e-01  -3.0209254e-01  -2.5561193e-01  -2.6596576e-01  -1.0445347e-01   4.6441506e-01   1.6063717e-01   4.9926475e-01  -2.2992815e-01  -2.7634605e-01  -1.9638334e-01  -3.9925168e-01  -2.0770982e-01   7.8412124e-01  -1.8404833e-01   6.1963055e-02   4.2506822e-02  -3.5117256e-01  -3.2923866e-01  -2.4083848e-01  -2.2631930e-01   6.0558538e-01  -1.5722611e-01  -3.8202783e-01  -1.7759887e-01   4.9534761e-01  -3.2003562e-01   5.0004365e-01  -7.6276324e-02   5.2417226e-01  -5.4538724e-01   5.0203344e-01  -6.1030851e-01   6.7075439e-01  -3.4943916e-01   4.5496864e-01  -4.4084156e-01  -2.4004798e-01   4.9168864e-01  -2.6376365e-01  -3.3890249e-01   1.3018463e-01  -2.7426906e-01   1.7651421e-01   1.2398010e-01  -6.0778961e-01   5.6639448e-02  -6.0826624e-01  -2.8325300e-01  -5.9034260e-02  -5.3822358e-01   6.5159476e-03  -2.1767780e-01   2.9938528e-01  -6.8670274e-01  -7.3228286e-02  -4.8545780e-01  -1.5112946e-01   6.1483769e-01  -4.0507754e-01   1.4487358e-02  -4.5225709e-01  -3.2132077e-01  -4.7396072e-01   6.3403882e-01   2.8171283e-01   1.7556989e-01  -4.6773496e-01  -1.3469910e-01  -1.6771612e-01  -4.7547885e-02  -5.7876184e-01   4.7113933e-01  -9.1479514e-03   5.9288503e-01   7.5800490e-01   4.1794055e-01  -3.4819612e-01  -3.6250838e-01  -7.1510640e-02   2.9677235e-01  -1.5258241e-01  -3.0072185e-01  -4.0793321e-01  -4.4542835e-02  -4.3541800e-01  -4.6124446e-01  -1.3073887e-01  -3.5144822e-01   3.9189201e-01   1.9215562e-01  -4.6804708e-01   3.9801555e-01   7.5269490e-02  -3.2493317e-01  -4.3516505e-01   5.7257075e-01   7.1402856e-01  -4.3809049e-01  -4.1665940e-01  -1.6332202e-01  -1.0084175e-01  -3.9741435e-01  -2.6038377e-02  -9.7200271e-02   4.5694961e-01  -4.3440917e-01  -3.9088887e-01   7.1304566e-01   4.2969396e-01  -2.3573279e-01  -4.4622595e-01   7.1923900e-01   4.2616674e-01   1.0432040e-01  -1.9341579e-01  -3.2127848e-01  -2.0430580e-01   4.0612823e-02  -3.3301482e-01
  -1.0364777e-01   4.4177634e-01   0.0000000e+00  -3.1363132e-01   3.1086877e-01  -2.0080033e-01  -2.2573632e-02  -3.2822642e-01  -1.5829022e-01   2.8593195e-01   2.4730897e-01   4.9059868e-01   5.3302884e-02  -1.8578978e-01   2.5112043e-01  -1.4953687e-03   8.4105815e-01   8.4000832e-02  -1.3975592e-01   2.7684454e-01  -2.2584172e-01  -4.1768421e-01   2.1911648e-01  -3.3708308e-01  -3.5564516e-02  -3.0010197e-01   1.3007910e-01  -9.3841230e-02  -1.5189941e-01  -1.8701197e-02   1.0651540e-02  -2.4022486e-01  -7.6495318e-02   9.6830919e-02  -1.3927893e-02   6.5308977e-02  -2.7328612e-01  -1.4086351e-01  -6.3044882e-03   5.7222696e-01  -1.9947550e-01  -1.3652626e-02   3.4229930e-02  -1.5467885e-01   1.3725018e-01   2.4701879e-02  -1.3917814e-02  -2.6086249e-01  -2.7091081e-01   5.1383471e-01  -8.0133593e-02  -3.3340652e-01   1.7919548e-01   9.4924040e-02  -3.3658791e-01  -1.5133182e-01  -3.5794582e-01  -3.1481776e-01   5.2296273e-02   9.9838086e-02  -3.9602748e-02  -8.2128095e-02   1.1124655e-01  -1.1149488e-01   3.9702084e-02   1.6317435e-01   3.7297789e-03  -4.5273545e-01  -1.5811967e-01   4.7808882e-01   2.6213506e-01  -1.0075083e-01  -5.3167709e-02   3.6036560e-01  -2.5051466e-01  -1.1756315e-01   1.3370872e-03  -2.5674058e-01   2.4494720e-01  -6.6269370e-02  -1.1338816e-01  -2.2293268e-01   3.7508976e-02  -1.5437690e-01   2.6704598e-01   6.2135058e-02   2.4628144e-01  -3.6812553e-01   3.0722986e-01  -1.7609656e-01   2.4770566e-01  -1.1721167e-01   2.2153985e-01  -3.6286622e-01  -3.8543576e-02   3.0989063e-01  -4.0591116e-01  -2.9829980e-01  -2.5581974e-01  -2.5592399e-01   3.2210867e-01   2.6017392e-02  -2.4491405e-01  -6.6831458e-02  -3.2032022e-01  -3.6006773e-01  -9.1864483e-02  -2.3235272e-01  -3.1470187e-01  -4.9121591e-02   6.5854171e-02  -9.9329123e-02  -1.4087858e-01  -3.0275004e-01   2.5535441e-01   2.2851386e-01  -4.2542627e-01   2.8455086e-01  -1.7526619e-01  -3.4080814e-01  -3.1764148e-01   3.2836004e-01   2.0150362e-01  -8.3458914e-02  -4.8047891e-02   3.0257106e-01  -2.6478579e-02  -2.0753156e-01  -3.7644334e-01   5.2627411e-01   1.3661749e-01   2.9036786e-01   3.7433019e-01   2.2576335e-01  -2.3342872e-01  -2.3687768e-01  -1.2038140e-01   1.9333723e-01   3.0631194e-02  -4.1817507e-01  -3.0327319e-01  -1.8832381e-01  -2.2013225e-01   8.0618987e-02  -2.3910710e-02  -9.5136337e-02   3.0004582e-01   2.2898391e-01  -1.1164322e-01   1.1498428e-01   3.8220042e-01  -5.3218678e-02  -1.3231153e-01   4.1326534e-01   6.4893645e-01  -2.5242329e-01  -1.5864781e-01   9.7898208e-02  -1.6734166e-01  -1.5287670e-01  -2.3273601e-01  -1.2962373e-01   3.2392084e-01  -1.4393436e-01  -2.9097927e-01   2.1773863e-01   1.5837130e-01  -8.5517593e-02  -3.4748341e-01   2.0875664e-01   3.7337280e-01   2.1607349e-01  -4.7704597e-02   2.4913174e-02  -4.0336896e-02   3.5388099e-02  -1.6651797e-01
   1.2867428e-01  -1.6200677e-01  -3.1363132e-01   0.0000000e+00   1.0312477e-01   1.0017422e-01  -4.5045289e-01   4.2489057e-02  -2.8265902e-02  -4.7341424e-01  -1.7558101e-01  -4.0129820e-01  -3.1668204e-01   1.5081704e-01  -3.5630197e-01   1.8381910e-01  -2.1938253e-01   8.2450309e-02   8.8886386e-02   2.4007543e-02   7.9212251e-02   3.3444086e-01  -1.7693679e-01   2.5453757e-01   1.4754329e-03   1.7143404e-01  -1.0743661e-01   1.6066826e-01  -1.0286109e-01   1.3668424e-01  -1.6268541e-01   3.9327191e-01   3.1017789e-01  -4.3631055e-01  -3.4215526e-01   2.1253149e-01  -2.8666222e-01   4.6769276e-02   2.4127348e-01  -4.1614406e-01  -2.0081173e-02   2.0423473e-01   4.9337133e-02   4.0251110e-02  -1.1203158e-02  -8.9554200e-02   1.5588832e-02  -2.7468971e-01  -1.1192891e-01  -1.1629128e-01   3.1196487e-01   1.1738190e-01  -3.0831975e-01   2.7285872e-01   3.1581702e-02  -1.1035772e-01   2.3658004e-01   3.2106373e-01   4.8599691e-01  -6.9961002e-03  -5.9644617e-02  -7.2728900e-02  -1.8794925e-01  -6.9446326e-02   1.8166246e-04   2.4779178e-01  -5.8971849e-02   3.4394981e-02   1.4942200e-01  -2.0716097e-01  -2.9207864e-01   4.8977361e-01   3.4703205e-02  -3.1804190e-01  -6.9055684e-02   2.3112101e-01  -1.1874695e-01   1.9040114e-01   5.6424856e-02   2.2694641e-01  -7.6833010e-02   4.9917911e-02  -1.8599476e-01   4.0233533e-02  -3.2453831e-01   7.1115906e-02  -2.3127291e-01   3.3659145e-01  -1.4854698e-01  -3.0908795e-02  -9.8804191e-02   1.6194757e-01  -1.7039916e-01   1.3173863e-01  -1.7252374e-01  -1.9440906e-01   2.2837074e-01   1.1358683e-01   2.8684010e-01  -2.6643238e-01  -2.8789703e-01  -2.3289980e-01   1.6100793e-01   3.2173140e-01   5.1981717e-01   5.8171488e-01   3.6419464e-01   2.4861902e-01  -4.5085939e-01  -5.7476809e-03  -2.7275292e-01   1.7860456e-01   3.4455232e-01   7.8391624e-02  -4.2518566e-01   6.3422634e-03   2.5102669e-01   6.3682560e-02   1.8665442e-01   6.7398929e-01   6.0516806e-02  -3.3385935e-01  -1.0905433e-01   1.1861574e-01   5.6547025e-02  -2.1966761e-02   1.9903019e-01   3.1248492e-01   5.3431653e-01  -1.0840503e-01   1.7457379e-01  -1.6240494e-01  -1.0818758e-01  -1.5341070e-01   3.1288684e-01   1.1238834e-01   2.9712356e-01  -2.5750592e-01   1.0559703e-01   1.6888129e-01   3.0622951e-02  -2.2858803e-01   1.5052044e-01   4.3406140e-02   1.7010268e-01   3.4570745e-01  -5.0961145e-01   2.6104688e-01   8.1372540e-02  -2.6355372e-01  -4.4343892e-01  -6.8537997e-02   2.8870182e-01  -1.9072714e-01  -1.3057895e-01   5.9351075e-02   9.5019672e-02   3.3441915e-01   2.6910491e-01  -2.3571664e-02  -4.0274926e-02   2.5040612e-02  -2.5888299e-01   4.1818451e-01   2.1386020e-01  -8.1620810e-02   2.3365846e-02   1.8907495e-01   4.7493906e-01  -2.1506746e-01   1.6056020e-01  -4.6947107e-01   2.4254562e-01   3.1358439e-01  -8.7385091e-02   8.6636297e-04   1.5758808e-01
  -4.1155843e-01   6.1241917e-01   3.1086877e-01   1.0312477e-01   0.0000000e+00  -3.2452100e-01  -1.4054760e-01   3.9985807e-02   1.2203707e-01   4.0792985e-01   3.3492625e-01   2.8964428e-01  -2.2598596e-02  -5.3273363e-01  -2.2891736e-02  -2.7993706e-01   4.0887230e-01  -1.2373123e-02  -8.4220631e-02   4.7165159e-01  -1.8650090e-01  -5.7476538e-01   5.7750696e-02  -4.6281564e-01  -7.8605360e-04   5.5654102e-02   3.5490518e-02  -2.6055171e-01   1.3379276e-01  -3.3909844e-01   6.3877874e-02  -3.8097525e-01  -2.0970473e-01   1.5226490e-01  -2.8373149e-01   6.8455066e-02   1.1733605e-01  -3.5420532e-01  -7.6392004e-02   1.7571165e-01  -1.2371452e-01  -1.8266222e-01   2.0076088e-02   1.9206389e-01   2.3072159e-01  -2.1282577e-01  -4.1572980e-01   5.8427821e-02   8.3373415e-02   3.7498738e-01  -1.0571490e-01   7.2250232e-02   4.4966729e-01   2.1434579e-01  -9.0941872e-02   8.7941304e-02  -4.2520195e-02  -5.0392113e-01  -2.0096814e-02  -3.8449499e-01  -4.0961794e-01   1.2690121e-01   3.8526090e-01   3.6377813e-01   4.3439160e-01  -3.8463732e-02   3.7095343e-02  -2.4582989e-01  -1.3425289e-01  -1.7264373e-01   5.0457943e-01   8.7998656e-02   2.1719957e-01  -1.2939626e-01  -1.8084175e-01  -3.6085858e-01  -3.4835889e-01   7.2125510e-02   4.0724958e-01   4.2013039e-02  -5.2976487e-02  -1.8870380e-01   5.0977307e-01  -3.4127342e-02   3.8342749e-01  -3.1514735e-01   2.2651907e-01  -2.5911488e-01   4.1984477e-01  -3.9981482e-01   5.4167027e-01  -3.6048558e-01   2.0225242e-01  -2.8947606e-01  -2.8637570e-01   4.8945314e-01   6.4457153e-02   2.3233952e-02   1.8806729e-01  -3.0326320e-01   7.0505831e-02   3.1774364e-01  -3.2119731e-01  -1.2727207e-01  -3.5040731e-01  -2.4575102e-01   1.9689562e-01  -4.0605530e-02  -6.8962497e-02  -1.9839818e-01   3.3694278e-01  -5.6382482e-01  -7.4910091e-02  -4.0549519e-01  -1.4885849e-01   3.4930963e-01  -4.5754440e-02   2.6887992e-01  -3.1794214e-01  -1.2895926e-01  -5.1762054e-01   5.8200701e-01   2.7465117e-01   1.1927005e-01  -2.3531379e-01  -3.3718331e-01  -1.7180625e-01  -1.7997216e-02  -3.1693508e-01   3.8726769e-01   2.1553891e-02   2.0859768e-01   3.1190522e-01   2.4846590e-01  -9.9456130e-02  -6.3603929e-02   2.0921260e-01   1.9265760e-01   1.1021983e-01  -1.8708343e-01  -3.9314953e-01  -9.8818343e-02   7.3371006e-02  -3.8828635e-01  -3.1773262e-01  -2.6883604e-01   1.7973336e-01   2.2913744e-01  -4.8695937e-01   3.4506969e-01   7.2911365e-02  -1.9526029e-01  -2.6744429e-01   4.9100870e-01   5.4331719e-01  -4.8498731e-01  -4.2185219e-01   8.8581589e-02  -1.0436962e-01   8.1296062e-03   1.7035551e-02   2.3651768e-01   5.6157630e-01  -2.9887474e-01  -4.5129923e-01   4.0542741e-01   4.5852610e-01  -8.7918508e-02  -2.8408098e-01   5.4043060e-01   2.4610747e-01  -1.2786554e-01  -1.7327255e-01  -8.5463142e-02  -3.4197001e-01  -4.8196767e-02  -3.0549244e-01
   4.1077402e-01  -7.0135836e-01  -2.0080033e-01   1.0017422e-01  -3.2452100e-01   0.0000000e+00   2.0266617e-01   4.9193607e-01  -3.4056282e-01  -3.2563963e-01  -3.4193757e-01  -4.6646435e-01  -1.9790864e-02   5.0161809e-01  -3.9307356e-01  -3.1006906e-02  -1.9109602e-01  -4.1565923e-02   2.4467921e-01  -5.7588371e-02   9.0806984e-02   5.6790555e-01  -2.9159497e-01   4.0806389e-01   1.6460438e-01   2.7565822e-01   2.0811519e-01   5.4111877e-01  -9.6209366e-02   4.4065894e-01  -3.5729822e-01   1.9563487e-01  -1.3771295e-02  -2.3395451e-01   1.0886605e-01  -1.8837053e-01   1.8771164e-02   2.9612548e-01  -1.2443212e-01  -1.4687558e-01   2.0996540e-01   1.3898003e-01  -9.3556588e-02   2.7411738e-01   1.9174690e-01   2.8614571e-01   4.9318910e-02   2.8012429e-02   2.0235687e-01  -3.8771346e-01   2.1335686e-01   4.3025609e-01  -4.8988970e-01   1.8291915e-01   2.8418150e-01   2.6011478e-01   5.1589085e-01   4.5151497e-01   2.3337007e-01   2.6323977e-01   2.1968113e-01   1.1698290e-01  -1.5873597e-01  -3.5912576e-02  -4.6349374e-01   1.8023759e-01   7.1438756e-01   7.0314796e-02   3.8306173e-01   2.7963062e-01  -6.2550707e-01   1.4619031e-01   1.7843581e-03  -4.1681948e-02   3.3890898e-01   2.0833469e-01   2.6146523e-01   3.4168131e-01  -5.4330690e-01   1.1209517e-01   4.4339917e-01  -1.1357483e-01  -3.5698234e-01   4.6503099e-01  -3.7415662e-01   3.5239518e-02  -5.7150433e-01   3.8747048e-01  -4.2040613e-01   4.7519777e-01  -5.1428939e-01   2.1343387e-01  -2.6559630e-01   3.8369837e-01   2.4281744e-01  -2.8448342e-01   3.0156869e-01   4.8069155e-01  -1.0313940e-01   4.0828181e-02  -1.2342669e-01   3.1966865e-02   5.8414246e-01   5.2054539e-02   4.1741573e-01   5.5819556e-02   8.3747053e-02   7.0254716e-01  -2.9120763e-02   1.0342772e-01  -1.5545198e-01   6.3012603e-01  -3.4919981e-02   5.2831875e-01   3.4273716e-02  -4.4649535e-01   4.8364125e-01   1.3302434e-01   4.8302062e-01   1.6925672e-01   3.7243904e-01  -4.0998213e-01  -4.2739421e-02  -4.1344084e-01   5.3068500e-01   9.6317053e-02   3.8520561e-02  -6.9457104e-03   4.9077632e-01  -1.6170776e-01  -1.1429296e-01  -5.0214825e-01  -5.5178584e-01  -5.3174366e-01   3.9831104e-01   3.6593216e-01   1.2325575e-01  -2.4372166e-01   3.3038812e-01   2.3584499e-01   2.6286573e-01  -2.4297905e-02   5.1581803e-01   5.8753185e-01  -1.6489954e-02   1.0447328e-01  -3.7694679e-01  -9.8969792e-02   2.4623549e-01  -4.6879522e-01  -2.0000212e-02   3.5562100e-01   3.7082651e-01  -4.6642498e-01  -2.2394710e-01   3.1438258e-01   3.7562876e-01   1.3052097e-01   1.1256464e-01   4.6176935e-01   1.3375174e-01   2.2400722e-01  -3.6246045e-01   1.5047994e-01   1.8253108e-01  -4.8765187e-01  -2.2054950e-01   4.1144837e-01   3.0897997e-01  -5.8564507e-01  -3.4050706e-01  -4.2671791e-02   6.7106395e-02   5.6404868e-01   7.2272597e-02  -1.7393479e-01   3.2553297e-01
  -1.8838925e-01  -2.7456183e-01  -2.2573632e-02  -4.5045289e-01  -1.4054760e-01   2.0266617e-01   0.0000000e+00  -2.2813124e-02  -1.5898060e-01   5.1827728e-01   2.9637786e-01   2.5709477e-01  -2.5719073e-02   7.0708343e-03   3.5964274e-01  -5.1092906e-02  -1.6910779e-01   8.6476231e-02  -1.5431361e-01  -1.5989619e-01   2.5602678e-01  -1.2844909e-01   4.7486095e-01  -2.3636128e-01   5.3829631e-02  -1.3108054e-01  -2.3261534e-01   5.8967956e-02  -9.9165793e-02  -3.8020157e-01   1.0053613e-01  -1.8731423e-01  -1.7478968e-01   4.1331208e-01   5.2355902e-01   1.6021468e-02   1.9144118e-01  -1.2601502e-01  -8.8231605e-02   2.8928347e-01  -2.0819190e-03  -5.1284927e-03  -2.8784708e-02   3.3457788e-02   2.0081860e-02  -1.6216787e-01   1.3379636e-01   3.3847265e-01  -1.1446246e-01  -2.0424908e-01   1.6211044e-01  -1.0494339e-01   7.6078424e-02   6.3515994e-02   6.3465548e-03   4.7247899e-01  -1.3447999e-01  -2.7388423e-01  -6.0627947e-02  -1.4753972e-01  -2.8989770e-01   9.6691628e-02  -1.7792900e-01   5.2098332e-02  -2.2232250e-01   1.3956167e-01   8.8623082e-02   4.1217455e-02   5.0592159e-02   4.1345426e-01   1.1750539e-01  -1.7764386e-01  -2.1194349e-01   3.9539477e-01   1.9641950e-01  -1.3456169e-01  -2.6619661e-01  -4.8919921e-03  -1.1261290e-01  -2.1671711e-01   5.4322996e-01   7.6756521e-02   1.4806215e-01   1.8137769e-01   2.4077966e-01  -2.3802414e-01   1.1043946e-01  -5.6644227e-02  -5.9532396e-02  -1.3123888e-02  -1.4431292e-01  -1.7441809e-01   1.8814111e-01  -6.5205955e-02  -1.0016801e-01   2.3338489e-03  -1.5839861e-01  -4.6650959e-02  -3.4849686e-01   3.5070782e-01   3.4780783e-01   4.0820157e-01   2.2421796e-02  -6.9302257e-01  -1.7774973e-01  -2.5888715e-01  -1.8413771e-01  -7.3834317e-02   3.8525340e-01  -2.1090965e-02   4.6176853e-01  -1.2534974e-01  -9.9025365e-02  -1.0864756e-01   7.7563192e-01  -3.8140171e-01  -1.6241483e-02   1.8423796e-01  -9.0237188e-02  -2.6966994e-01  -2.5914976e-01   2.3310098e-01  -1.4349279e-01  -2.8952365e-02  -1.5873483e-02  -7.9806160e-03   3.4946949e-02  -2.2258114e-01  -2.8041045e-01   7.0440427e-02   6.5611833e-02  -1.2056451e-01  -2.3052044e-01   1.1901357e-01  -2.7551884e-01  -1.0029608e-01  -1.0688162e-01   3.7141771e-01  -1.3998241e-01  -1.5092745e-01  -7.2323098e-02  -1.1676946e-02   7.6811582e-02   1.2557433e-01   6.7821442e-02  -9.9182229e-02   6.4349854e-01  -3.0145481e-01   2.0273304e-01   2.3801534e-01   7.0072547e-01   3.5505246e-01  -8.8794407e-02  -3.7897775e-02  -3.1921821e-02  -1.6254893e-01  -2.0417022e-01  -2.4769689e-01  -2.4143979e-01   4.8439810e-01  -6.9009546e-02  -2.2747366e-02   1.2787837e-02  -5.0086584e-02  -3.1543656e-01  -1.2757502e-01   1.1917552e-02  -4.4080262e-02  -1.5446877e-01   7.8486027e-02  -2.6058620e-01   6.0670312e-02   5.9487891e-03  -1.9568364e-01   6.5900993e-02  -6.2040548e-02  -2.8571651e-01
   3.0310544e-01  -3.4270812e-01  -3.2822642e-01   4.2489057e-02   3.9985807e-02   4.9193607e-01  -2.2813124e-02   0.0000000e+00  -1.5581590e-01  -8.0720533e-02  -7.3313225e-02  -5.4170366e-01   5.0936015e-02   1.1137862e-01  -4.2272863e-01  -1.6229959e-01  -1.1429193e-01  -1.0092709e-01   4.9641529e-01  -8.4075764e-02  -2.8441712e-02   2.9237271e-01  -4.0019384e-01   3.6450776e-01   1.1203356e-01   5.8200185e-01   1.0590789e-01   4.3027537e-01  -7.5926563e-02   2.1385189e-01  -1.2394587e-01   1.1000842e-01  -7.5123385e-02  -1.4417049e-01  -2.4053269e-01  -2.6777867e-01   1.9142366e-01   1.3979375e-01  -2.6020214e-01  -3.3347305e-01   2.6056114e-01   1.4015336e-01  -2.9329283e-01   6.9853585e-01   1.5891224e-01   2.2415714e-01  -3.6732252e-01   4.1353109e-02   2.1061259e-01  -1.6185366e-01   4.2332141e-02   7.8628018e-01  -7.3357106e-02   8.8994402e-02   4.2847324e-01   4.9061069e-01   5.7136014e-01   2.4643063e-01  -9.5156983e-02  -1.0525829e-01   1.6206971e-01   2.7355545e-01   2.3868577e-01   3.7027975e-01  -3.9836745e-02  -1.5774262e-01   6.0014262e-01  -1.3379098e-01   2.7875174e-01  -1.3290128e-01  -2.9407097e-01   6.7669669e-02   1.2787504e-01  -2.4400086e-01   1.6965020e-01   4.4180802e-02   1.8996935e-01   6.3283968e-01  -3.0591857e-01   7.5015947e-03   3.7441216e-01  -2.2024992e-01   1.4814597e-01   6.0840790e-01  -2.5222101e-01  -1.6264326e-01  -5.1061383e-01   4.1915817e-01  -2.7440936e-01   3.1840872e-01  -2.9660577e-01   1.2201587e-01  -2.5879449e-01   2.0197619e-01   3.7940243e-01  -4.9503358e-03   1.7228132e-01   6.4217938e-01  -4.6392230e-02  -1.8305159e-01  -3.5635654e-01   2.4620167e-01   3.9982183e-01   1.2945520e-01   1.7242620e-01   3.4871401e-02   2.9769263e-01   7.3530179e-01   1.7967092e-01   1.1386440e-01   1.1407455e-01   1.4708233e-01  -1.3372569e-01   3.5384986e-01  -2.3177070e-01  -2.1336557e-01   5.6072680e-01   1.9831561e-01   4.5286378e-01   2.0347288e-01   3.1575493e-01  -2.1695063e-01   2.1548901e-01  -2.2888630e-01   3.9950089e-01  -2.6105366e-01  -2.5461867e-01  -1.3095172e-01   3.4889622e-01  -2.3670543e-01  -2.0978176e-01  -2.8515419e-01  -2.1977892e-01  -2.3870366e-01   3.8806245e-01   5.0314452e-01   1.0656214e-01  -1.8522691e-01   3.5204800e-01   2.6372483e-01   3.5736585e-01  -4.9499452e-02   7.1677042e-01   2.1493526e-02  -2.2772800e-01  -1.3320168e-02  -3.1149434e-01  -1.3927788e-01  -3.5166000e-02  -2.5332670e-01  -1.4154797e-01   1.5249021e-01   4.6734655e-01  -7.4661061e-02  -2.2783006e-01   2.5693288e-01   2.1064933e-01   9.2964425e-02   8.2591414e-02   4.9882505e-01  -8.9300932e-03   6.7907521e-01  -9.4699616e-03  -1.4191432e-01   3.0287321e-02  -2.7033578e-01   7.7594482e-02   5.7120381e-01   2.8713608e-01  -2.9231070e-01  -3.0163334e-01   6.4976237e-02  -2.4751873e-01   2.4569102e-01   1.0997320e-01  -2.4275070e-01   4.3518209e-01
  -3.8337511e-01   3.5553529e-01  -1.5829022e-01  -2.8265902e-02   1.2203707e-01  -3.4056282e-01  -1.5898060e-01  -1.5581590e-01   0.0000000e+00   7.2793100e-02   2.0220144e-01  -4.4468755e-02   1.7583205e-01  -2.1128331e-01   3.3165965e-01  -4.2303310e-01  -1.2018559e-01   1.5645474e-01   3.9961244e-02   2.7365252e-01  -1.0167375e-01  -2.6687387e-01   3.3011790e-02  -3.3368342e-01  -2.3648904e-02   1.6249924e-01   5.2130989e-02  -1.8677831e-01  -1.4703308e-02  -4.4355600e-02   2.4644522e-01  -1.5486015e-01  -2.8087115e-01   3.5967541e-01  -5.9132066e-02  -4.0186190e-02   1.2585007e-01  -5.3163304e-01  -1.9771306e-01  -2.6248881e-01   9.4037582e-02  -1.8354705e-01  -1.0620149e-02   9.1588128e-02   2.4068288e-01  -3.8774299e-01   2.4748506e-01   1.9739886e-01   2.3422604e-01  -1.3541829e-02   4.7661918e-03  -1.2492060e-02   4.9328236e-01  -1.2259390e-01   9.8027329e-02   7.2940816e-02  -1.0719646e-01  -3.3400626e-01  -1.5252798e-01  -3.0447186e-01  -3.1003974e-01   5.4113411e-02   1.5026890e-01   2.9645639e-01   4.3633518e-01  -2.3308996e-01  -2.9257448e-01  -1.0765566e-01  -2.1843124e-02  -3.0267706e-01   2.8818661e-01   2.4425192e-01  -1.7063983e-02  -3.5131703e-01  -1.4516563e-01  -1.4615281e-01  -4.0795790e-01  -5.2988293e-02   1.2636662e-01   7.8540550e-02  -1.5123301e-02  -9.4896938e-02   3.0119381e-01  -2.3972910e-01   6.9865951e-02   2.2975036e-01   4.1985599e-01  -5.2305721e-02   2.3223084e-01  -3.6609885e-01   9.3028862e-02  -5.2745572e-01   2.8474173e-01  -6.5403166e-02  -3.5422765e-01  -1.2923537e-01  -2.5471385e-02  -1.3748816e-01   4.4142531e-01   1.8051448e-02   4.9130188e-02   2.6103262e-01  -2.7819879e-01   1.7894193e-01  -1.5476335e-01  -2.0499973e-01  -3.2324716e-01  -1.2074176e-01   1.5189211e-01  -1.7711083e-01   1.2542383e-01  -4.1060042e-01   6.5753225e-02  -3.4054778e-01  -2.4566061e-01   3.3871924e-01   1.2342391e-01  -1.3328761e-01  -3.3895608e-01   3.8349895e-02  -3.1158409e-01  -6.0157895e-02   5.1676965e-02   2.9422484e-01  -4.5701999e-01  -4.2505480e-01   7.9415806e-02   3.5824327e-01  -2.8283816e-01   1.4913230e-02  -2.7837629e-01   3.7766457e-01   2.2831292e-01   2.0339609e-01  -2.3835102e-01  -1.4193660e-01   1.3291901e-01   1.2959551e-01   1.2640464e-01  -1.3893230e-01  -2.8955390e-01   4.1703982e-01  -4.3355660e-02  -5.1737621e-01   7.6248771e-03  -2.4676245e-01   1.4173856e-02   7.7177211e-02  -2.5743076e-01   1.9549658e-01  -1.1363031e-01  -5.5511416e-03  -3.7823021e-01   3.8025841e-01   4.5229153e-02  -3.7531279e-01  -4.8484817e-01   7.3579385e-02  -5.1958346e-01   2.1979573e-02   1.0702755e-01   1.0228589e-01   1.1376992e-01   1.0872924e-03  -1.9220070e-01   4.9402398e-01   2.7372042e-01  -1.8891987e-01  -4.7259404e-01   3.4668934e-01   1.3167002e-01  -4.4840248e-01   3.2479220e-01  -2.3234415e-01  -1.4474018e-01   4.5212695e-01  -2.9455853e-01
  -5.5384621e-01   4.1316883e-01   2.8593195e-01  -4.7341424e-01   4.0792985e-01  -3.2563963e-01   5.1827728e-01  -8.0720533e-02   7.2793100e-02   0.0000000e+00   6.8360563e-01   5.6542249e-01   1.5393353e-02  -4.6248111e-01   4.6718805e-01  -2.1045002e-01   3.0869829e-01   1.0565326e-01  -2.0106702e-01   5.5001290e-02   8.0330271e-02  -6.4709180e-01   5.1138522e-01  -6.0411707e-01  -4.0666144e-02  -1.8633374e-01  -1.1179855e-01  -2.5529441e-01   1.3335162e-02  -5.6129161e-01   3.3771621e-01  -5.2406678e-01  -2.9358993e-01   5.6778628e-01   1.4642829e-01  -6.9556221e-03   1.2290035e-01  -3.2976000e-01  -4.6412195e-02   4.5842049e-01  -1.2187372e-01  -2.1757302e-01  -1.7858338e-01   1.1734299e-01   1.4575466e-01  -2.0697900e-01  -2.0057339e-01   3.3003427e-01   3.3921432e-02   1.7736050e-01  -5.0031384e-02  -1.7772631e-01   5.8219232e-01   4.4188891e-02  -4.1849540e-02   4.0559989e-01  -3.1512429e-01  -7.1102552e-01  -2.6478327e-01  -5.0278860e-01  -4.8599222e-01   2.8050338e-02   2.4811649e-01   4.8383267e-01   3.0107662e-01  -5.4780522e-02  -2.7555886e-02  -2.3925103e-01   1.6711770e-02   2.0724292e-01   6.8646043e-01  -2.4428345e-01  -1.0731994e-01   2.6060169e-01  -8.3855449e-02  -3.9704769e-01  -4.2294728e-01  -8.8120416e-02   2.7225160e-01  -1.9344564e-01   1.2375596e-01  -1.6399839e-01   6.4071347e-01  -3.3367437e-02   5.8847807e-01  -3.6497011e-01   4.6760512e-01  -3.6704360e-01   2.7567482e-01  -3.7165427e-01   3.6300526e-01  -5.3883057e-01   3.5758899e-01  -5.0195214e-01  -1.9829122e-01   4.0720213e-01  -2.5363463e-01  -1.2169818e-01  -2.5116032e-01   1.7973228e-01   4.5884160e-01   6.5242472e-01  -3.0895088e-01  -6.3525585e-01  -5.8146347e-01  -4.8119636e-01  -1.1963181e-01  -2.5904929e-01   3.3454076e-01  -2.1823608e-01   6.9765104e-01  -6.0705729e-01  -1.1499316e-01  -4.3515879e-01   4.9554955e-01   4.4527267e-02  -2.4366050e-01   2.4869922e-01  -3.4308875e-01  -4.1854619e-01  -5.7289584e-01   6.5840949e-01   1.2727399e-01   1.5020995e-01  -3.0082267e-01  -3.3746904e-01  -1.2721888e-01  -2.7423388e-01  -6.0837766e-01   4.6676836e-01  -1.0302183e-02   2.1658691e-01   2.7952557e-01   5.5792220e-01  -4.3448551e-01  -9.7087546e-02  -3.7568321e-02   5.0729490e-01  -5.1097961e-02  -4.2095589e-01  -3.9259404e-01   6.2871048e-03  -6.3079354e-02  -3.6973593e-01  -1.8286818e-01  -3.2891625e-01   8.1706682e-01  -1.7256007e-01  -2.5234864e-01   6.3809594e-01   6.5372541e-01  -7.7601413e-03  -3.5473489e-01   5.1466575e-01   4.0923995e-01  -5.1371943e-01  -5.2087993e-01  -2.4826259e-01  -4.1936811e-01   2.3202451e-01  -1.2501016e-01   1.5790500e-01   5.3889073e-01  -3.9908451e-01  -6.1288046e-01   3.3529094e-01   4.0163030e-01  -2.2797034e-01  -4.3318439e-01   6.1212309e-01  -4.7058989e-02   1.4805312e-01  -1.5788222e-01  -5.4144620e-01  -9.7622926e-02  -6.9484144e-02  -4.8195678e-01
  -6.2408658e-01   3.7105710e-01   2.4730897e-01  -1.7558101e-01   3.3492625e-01  -3.4193757e-01   2.9637786e-01  -7.3313225e-02   2.0220144e-01   6.8360563e-01   0.0000000e+00   3.5935399e-01  -8.8124427e-02  -4.0903933e-01   5.5328978e-01  -1.0442951e-01   2.6770588e-01   3.5750653e-01  -2.1303178e-01  -4.3372277e-02   2.9992399e-01  -5.2069697e-01   5.9559399e-01  -6.3995603e-01  -1.6985278e-01   7.7824658e-02  -4.5122533e-02  -8.5585711e-02  -1.1482816e-01  -4.6666740e-01   6.2291396e-01  -2.4827825e-01  -1.8888540e-02   4.1079182e-01  -5.9072602e-02   2.4176635e-01  -6.2397961e-02  -4.9209897e-01   7.1210725e-02   3.2028706e-01  -1.3193132e-01   1.9530233e-02  -2.8420367e-01   3.5044083e-01  -5.9227059e-03  -4.8781506e-01   2.5840344e-02   9.0731374e-02  -1.0404944e-02   3.0986479e-01   1.4928643e-01   7.1686924e-03   5.2968785e-01   7.7602216e-02  -1.1858769e-01   5.4279245e-01  -1.6674016e-01  -6.0736338e-01  -2.8843712e-02  -6.6025904e-01  -6.8182393e-01  -8.5064096e-02   7.6066642e-02   5.4470096e-01   3.3242963e-01   4.1338566e-02  -9.7269892e-02  -3.9559491e-01   2.9259461e-01   1.2459472e-01   6.2148704e-01  -4.0676300e-02  -1.5919888e-01   2.9211479e-01  -2.3364474e-01  -1.3455551e-01  -6.1136126e-01   6.3642827e-02   4.0510012e-01  -2.1837864e-01   2.7628204e-01  -5.9994497e-02   6.5767759e-01   2.1938787e-02   5.3307260e-01  -4.5912516e-02   4.9181855e-01  -3.3260471e-01   4.3114622e-01  -4.0645399e-01   3.6342426e-01  -5.2322911e-01   3.6216054e-01  -7.5322536e-01  -3.2433440e-01   2.3279303e-01  -3.5212620e-01  -8.2078635e-02   2.4904656e-02   2.8779373e-02   3.5436413e-01   5.8694318e-01  -1.9959130e-01  -6.0406858e-01  -3.1672645e-01  -2.3940111e-01   2.3714324e-02  -7.5637378e-02   5.2992009e-02  -8.1924147e-02   6.3963664e-01  -6.0737643e-01   1.1782643e-01  -5.2198996e-01   3.5578431e-01   2.4878991e-01  -6.8521073e-02   3.3374348e-01  -2.3373054e-01  -1.3073293e-01  -6.4503619e-01   4.1063103e-01  -5.7734967e-02   5.0445931e-01  -4.4060935e-01  -4.4934738e-01   1.1830949e-01  -1.8174898e-01  -5.0344266e-01   3.9649059e-01   1.7705565e-01   4.3885891e-01   1.8815248e-01   6.7727227e-01  -5.7034540e-01  -4.8438527e-03   2.2326353e-02   5.4759040e-01   2.1328444e-01  -4.9526510e-01  -5.5133176e-01  -1.9131925e-01   2.1661371e-01  -4.5569705e-01   1.4904915e-01   7.9260136e-02   5.8035428e-01   1.6886931e-01  -1.9257365e-01   5.5621541e-01   6.1043089e-01   1.4474232e-01  -3.0097567e-01   6.1768276e-01   3.7585694e-01  -6.1529786e-01  -5.9006616e-01  -8.9363056e-02  -4.6028931e-01   3.2607895e-01  -3.5616150e-01   4.3105579e-01   4.3036980e-01  -2.7652436e-03  -5.9965262e-01   4.1124236e-01   5.7246701e-01   2.8456397e-02  -4.4422070e-01   6.5584266e-01   1.9275640e-01  -3.8652242e-02  -1.3718168e-02  -3.8405562e-01  -2.5517957e-01   1.3853806e-01  -4.7414362e-01
  -4.2060662e-01   6.8431905e-01   4.9059868e-01  -4.0129820e-01   2.8964428e-01  -4.6646435e-01   2.5709477e-01  -5.4170366e-01  -4.4468755e-02   5.6542249e-01   3.5935399e-01   0.0000000e+00  -1.0482167e-01  -5.6595250e-01   4.4297284e-01   1.3258301e-01   4.2770625e-01  -1.2181560e-01  -4.1810827e-01   7.4447398e-02  -1.1801074e-01  -6.7687933e-01   4.6390634e-01  -4.6995405e-01  -1.9637734e-01  -3.9229244e-01   1.9812347e-02  -4.0251146e-01   1.0526001e-01  -4.9007336e-01   1.0732575e-01  -4.4954057e-01  -1.2582880e-01   4.1080463e-01   2.6978646e-01   2.3592840e-01  -2.1485249e-01  -1.2995068e-01   1.4076082e-01   6.6933625e-01  -2.4530462e-01  -2.6914029e-01   9.2662201e-02  -3.9348133e-01  -6.7950638e-02  -1.3809273e-01  -2.0096318e-02   2.0162517e-01  -2.5343088e-01   4.1540185e-01  -3.4655633e-01  -5.1487365e-01   4.1544768e-01  -1.8826366e-01  -4.4920054e-01  -2.0651127e-01  -5.3135315e-01  -5.8559191e-01  -2.1588402e-01  -3.7872411e-02  -2.5818690e-01  -2.0121498e-01   2.1743356e-01  -8.0387313e-02   1.7369043e-01  -5.5240909e-02  -2.2704642e-01   1.1911467e-02  -3.7076419e-01   2.1394520e-01   7.3296308e-01  -3.2510104e-01   1.1626236e-02   4.8865400e-01  -1.4267059e-01  -2.6863299e-01  -2.1502188e-01  -4.5484493e-01   4.6767905e-01  -2.0129005e-01  -2.2603431e-01   3.6893958e-02   3.0619969e-01  -3.5985007e-01   5.7452484e-01  -1.8435382e-01   4.9284958e-01  -7.1758454e-01   3.7507709e-01  -5.0057853e-01   5.7925526e-01  -2.3631125e-01   4.9488687e-01  -4.3006734e-01  -1.6749423e-01   4.8555633e-01  -2.5692667e-01  -4.8350746e-01  -2.0045417e-01   4.1697953e-02   4.0796486e-01   1.3053684e-01  -6.1397388e-01  -3.9090800e-01  -6.0785453e-01  -2.8198434e-01  -2.1333210e-01  -6.8445282e-01   9.1800477e-02  -1.9896176e-01   3.9935671e-01  -5.1233072e-01  -8.5453557e-02  -3.6346375e-01   3.3385458e-01   2.5830267e-01  -6.1755566e-01   6.7825195e-02  -4.2840612e-01  -4.8881387e-01  -4.2654344e-01   7.5015501e-01   2.0075126e-01   6.7511752e-02  -3.4418578e-01   2.0865512e-01  -9.6246230e-02  -2.4436037e-01  -5.9399022e-01   5.0805069e-01   1.5080810e-01   3.8556204e-01   5.7444404e-01   3.3017071e-01  -3.5562521e-01  -4.7895601e-01  -1.4208407e-01   4.2737135e-01  -3.9669032e-01  -4.1788668e-01  -4.4495435e-01  -9.2657756e-02  -5.6178940e-01  -1.2618785e-01  -3.9651920e-02  -2.7347518e-01   7.5615347e-01  -7.7491729e-02  -1.9329111e-01   4.2217932e-01   5.0261896e-01  -2.4811754e-01  -4.8970423e-01   3.0444705e-01   7.0337423e-01  -3.7760775e-01  -3.2594962e-01  -3.7824118e-01  -3.3035434e-02  -3.1632361e-01   2.8236003e-02  -3.2534011e-01   3.0444169e-01  -4.1656983e-01  -4.2943548e-01   4.7938682e-01   2.6034919e-01  -3.6276188e-01  -4.1736441e-01   6.2585200e-01   2.5529918e-01   3.1111005e-01  -2.0902374e-01  -3.7711025e-01  -3.0070239e-02  -1.7315662e-01  -4.5487007e-01
   4.3017464e-02  -5.0301600e-02   5.3302884e-02  -3.1668204e-01  -2.2598596e-02  -1.9790864e-02  -2.5719073e-02   5.0936015e-02   1.7583205e-01   1.5393353e-02  -8.8124427e-02  -1.0482167e-01   0.0000000e+00  -2.1145903e-02  -1.2190368e-01  -5.1621655e-01  -1.9394581e-01  -4.6960371e-02   2.6390697e-01   2.4497338e-01  -2.6049977e-01  -1.1369117e-01  -3.7383782e-01  -5.7264444e-02  -2.2683722e-01  -1.0236401e-01   1.9150892e-01  -1.4339925e-01   2.0214397e-01   9.2212464e-03  -1.9992856e-01  -4.3886137e-01  -6.1196785e-01   1.2932572e-01   1.4306836e-01  -5.3851220e-01   2.3676422e-01  -1.0725208e-01  -4.5161677e-01  -8.2936899e-02   5.3620123e-01  -5.2233304e-01   3.6901562e-01  -6.4076240e-02   2.9552514e-01   6.7644184e-02  -6.2422401e-02   2.0144868e-01   1.9751804e-01  -1.4773548e-01  -2.5159965e-01   7.0458951e-02   1.7787043e-01  -1.5972080e-01   3.6622356e-01  -1.1318399e-01  -5.6128891e-02  -7.2627056e-02  -1.3325338e-01   1.0676995e-01  -2.9036930e-02   3.8898818e-01   3.8998308e-01   1.2270745e-01   1.8052438e-01  -3.9134806e-01  -1.6770575e-01   3.1713628e-01   7.3121587e-02  -1.8548308e-02  -5.0970194e-02   1.2621721e-01   1.3199409e-01  -1.1715733e-01   2.3426512e-01  -1.2574702e-01   4.3165759e-02  -1.3281622e-01  -4.5721771e-01   4.4613252e-01  -6.3347906e-02  -1.7840725e-01   5.5139972e-03  -2.0374173e-01  -1.1417934e-01  -4.6593217e-02   7.5242258e-02  -5.3266440e-02   4.0582375e-01   1.8901512e-01  -1.5412157e-01  -1.9289234e-01  -2.1743244e-02   1.8198473e-01  -1.7576382e-01   3.3295753e-01   2.7954805e-01  -4.4623938e-02   1.3775735e-01   2.6067408e-01  -6.7454754e-02   1.4456293e-01  -7.5396230e-02   1.5153882e-01  -2.4166001e-01  -3.7368327e-01  -3.5945113e-01  -3.0965750e-02   2.8399140e-01  -5.0393340e-02   5.7319444e-03   6.3448008e-03  -3.8715211e-02   8.9474144e-02  -1.3230799e-01  -1.5953927e-01  -1.8003804e-01  -8.3417127e-02  -1.7949254e-01  -3.5535628e-01   2.0522626e-02  -3.8099969e-03   3.8769187e-01  -1.7118978e-01   1.1914121e-01  -1.0406676e-01  -3.3042995e-01   2.3787689e-01  -1.7549197e-01  -2.2287783e-01  -3.7156181e-01  -2.7773679e-01  -1.5828969e-01  -2.9115322e-01   3.0053234e-01   5.7883957e-02  -4.3091084e-02  -1.0257626e-01   1.4232014e-01  -1.7712771e-02  -9.4972842e-02   6.0859383e-01  -1.0248944e-02  -4.3196843e-02  -4.8223512e-01  -4.5101290e-01  -4.3512095e-02  -3.3956952e-01  -3.6033745e-01   5.1774808e-02  -5.2838716e-02  -1.0185463e-01  -3.1112189e-01   1.5981726e-01  -1.2678658e-01  -4.2579389e-02  -1.3662159e-01  -1.6398143e-01  -3.2264631e-01   8.7423496e-02   4.3252275e-01  -8.4713164e-02   2.5192705e-01  -1.3058047e-01  -1.3813769e-01  -1.4371012e-01  -1.1858449e-01  -1.3754204e-01  -3.5768044e-01  -2.8013752e-02  -3.8285882e-01  -1.2197902e-01   1.3395094e-01  -1.4415795e-01   6.3966056e-02   4.9947911e-03  -1.8623807e-01
   4.6291594e-01  -6.8206014e-01  -1.8578978e-01   1.5081704e-01  -5.3273363e-01   5.0161809e-01   7.0708343e-03   1.1137862e-01  -2.1128331e-01  -4.6248111e-01  -4.0903933e-01  -5.6595250e-01  -2.1145903e-02   0.0000000e+00  -1.9738285e-01   9.7989205e-02  -2.2541757e-01   2.6391516e-01   1.8375758e-01  -4.9612326e-02   2.2395617e-01   6.3423370e-01  -1.7483491e-01   4.5790437e-01   9.9665105e-02   4.5596435e-02  -8.7121722e-02   3.4127280e-01  -1.4311441e-01   4.8700262e-01  -6.8666776e-02   4.1193111e-01   1.7560308e-01  -3.6951958e-01   8.0528949e-02  -9.2220369e-02   4.4277901e-02   1.8682192e-01   4.4608554e-02  -2.9947803e-01   5.3005865e-02   2.5367570e-01   1.4116121e-02   7.9429180e-02  -6.5410898e-03   3.1486610e-01   2.3437387e-01  -2.1921218e-01   3.3494481e-03  -3.9906371e-01   4.2775548e-01   6.6363513e-02  -6.0293591e-01   1.0364673e-01   2.4060950e-01   4.2846458e-03   3.5552231e-01   5.6885761e-01   3.9528548e-01   2.3933979e-01   2.8882217e-01  -6.3476522e-02  -4.6955167e-01  -2.5739071e-01  -4.1262638e-01   3.0880460e-01   9.7062235e-02  -2.4205510e-02   1.8030638e-01   1.5740957e-01  -6.8042085e-01   1.6375669e-01  -1.1931005e-02  -1.3445525e-01   1.8098944e-01   3.7890617e-01   2.6094942e-01   1.7567203e-01  -4.1192909e-01  -5.6280744e-02   2.7262804e-01   1.3035822e-01  -5.2076901e-01   2.9400868e-01  -3.7471837e-01   2.9223296e-01  -3.2830342e-01   5.2682915e-01  -3.7014332e-01   4.6255974e-01  -5.2005438e-01   2.3490332e-01  -3.6687953e-01   3.9037516e-01   2.0219409e-01  -5.4230579e-01   1.4051875e-01   1.2877483e-01  -1.6550444e-01   1.2153879e-01  -1.1825537e-02  -3.7459553e-01   6.1715983e-01   1.4935583e-01   6.1688082e-01   1.7500332e-01  -7.9469999e-04   3.1509637e-01  -1.6936590e-01   1.6331099e-01  -4.6665158e-01   6.8056454e-01   1.9157895e-01   3.0282003e-01   9.8225219e-02  -3.2114819e-01   2.7321908e-01  -7.0036573e-02   3.8512147e-01   2.8738531e-01   3.4828355e-01  -5.8159109e-01  -2.7544753e-01  -1.3607865e-01   2.9034061e-01   2.5417463e-01   2.6824797e-01   1.1692187e-02   4.4572737e-01  -3.0228615e-01   1.6861131e-02  -3.5531479e-01  -4.1306904e-01  -3.4443531e-01   1.6729765e-01   3.7847525e-01   7.9780438e-02  -1.9555760e-01   1.4209772e-01   3.4707444e-01   4.0282518e-01  -5.1159612e-02   2.3429904e-01   4.5035589e-01   2.1617392e-01   3.7498100e-01  -4.5813396e-01   7.3310783e-02   4.5071154e-01  -4.3642092e-01  -1.7761291e-01   4.3781249e-01   2.1425768e-01  -4.4160588e-01  -5.2221452e-01   3.8423492e-01   3.3537203e-01   2.8148199e-01   4.9534582e-02   1.6266599e-01   1.3395966e-02  -3.5334472e-02  -4.4924051e-01   5.3925124e-01   4.3902223e-01  -4.5841452e-01  -4.7915004e-01   1.9202605e-01   2.6534467e-01  -6.4510825e-01  -1.4874756e-01  -5.1012126e-02   2.5291497e-01   4.0671310e-01   8.0016369e-02   1.9940897e-01   2.2273311e-01
