   0.0000000e+00  -1.2253186e-01   1.9907775e-01  -6.0705181e-03  -2.6238765e-01  -3.1693100e-02  -4.9448649e-01   1.7953522e-01   1.0398506e-01  -2.2291698e-01  -3.8138151e-01  -1.5133693e-01   8.0089522e-02   6.3440592e-01  -3.8777748e-01  -1.4071457e-01   1.5155620e-01  -2.1301187e-01  -3.9699426e-02  -1.0750088e-01  -4.8633793e-01  -5.0423328e-02  -3.7931735e-01   8.5776392e-01  -1.3167070e-01   1.7913907e-01  -3.7016557e-01   1.0489919e-01  -1.3776818e-01  -4.1396239e-01  -4.9862501e-01  -2.4874660e-01  -3.0305747e-01  -4.5844916e-01  -1.7673384e-01  -5.8805567e-01  -4.6673532e-01   7.4878934e-01  -1.5570314e-01  -2.9045654e-01  -3.4482252e-01  -2.0279736e-01   3.5318748e-01   1.7693878e-01  -6.9164765e-02   5.7442396e-01  -3.4521189e-01  -6.4139288e-01  -1.8011432e-01   7.3492094e-02  -3.6538303e-01   1.1576873e-01  -6.0556990e-01   1.6317572e-01   3.2741589e-01  -1.6683581e-01   1.6110009e-01   4.3679514e-02  -3.0667585e-01   3.6075799e-01   3.8368915e-01  -2.4661281e-01   2.0727427e-01  -3.5099187e-01  -1.5026191e-01  -2.3871453e-01  -1.6427905e-02   1.2444816e-02  -1.3493739e-01   5.2848343e-01  -3.8182371e-01  -1.7721091e-01  -2.6280185e-01   4.4352043e-01   6.3396735e-02  -3.3065199e-01   4.9870323e-01  -1.8824315e-02  -4.8504880e-01  -1.4376536e-01  -1.6028824e-01  -2.1254635e-01  -3.3831620e-01   4.9013010e-02   5.9491085e-01  -1.8803754e-01  -3.5086958e-01   5.9115025e-01  -1.9539031e-01   8.8013799e-01  -2.2701978e-01   3.5962925e-01  -3.4967424e-01   1.7179187e-01   3.9048628e-01  -3.4423197e-02   8.4679251e-03  -9.2149171e-02  -3.0492552e-01   2.2027221e-02   5.6727703e-01  -3.4955829e-01  -3.8573177e-01   3.0528987e-01  -2.7349380e-01  -1.2443981e-01   1.4768344e-01   1.0116804e-01  -2.3701620e-01  -2.2182059e-01  -3.4091804e-01  -1.5420978e-01  -7.1542287e-02   8.7202429e-01   3.2359199e-01  -1.4662464e-01  -1.3235405e-01  -2.4415392e-01   1.4128188e-01  -2.7611343e-01   7.7169602e-01  -2.1639132e-01  -1.5783997e-01  -3.4178331e-01   7.5760997e-01   4.8682289e-01  -4.8562007e-01   1.3142041e-01   1.8035408e-02   1.6842210e-01  -3.1696694e-01  -4.5871192e-01   7.1288882e-01  -5.3013373e-01   3.6354989e-01  -2.2283929e-01   1.4807593e-01  -5.2120896e-01  -1.7641387e-01   6.4935667e-01   8.5091113e-01   2.3992299e-01  -2.9680835e-01   1.1424770e-01  -4.2223259e-01  -2.2931589e-01  -3.4801487e-01  -9.6868428e-02   3.8890586e-02  -3.3787124e-01   5.9106894e-01  -3.3952998e-01   7.3406799e-01  -2.9206736e-01  -1.7728587e-01   8.4161368e-01   7.2741615e-01  -2.4895643e-01   2.9167048e-01  -2.8396291e-01   4.3732363e-02  -1.0263102e-01  -1.8884904e-02   1.1913189e-02  -1.4623985e-01  -9.3589513e-02  -3.6799833e-01   8.6698956e-02   6.6144601e-01  -4.6135805e-01  -1.8112551e-01   6.3308712e-01  -1.8466067e-01  -2.0545511e-01  -2.5229567e-01   1.1309051e-01  -1.2452995e-01
  -1.2253186e-01   0.0000000e+00   4.3725543e-01  -9.0168601e-02   3.9302139e-01  -2.7213956e-01  -1.9708551e-01   1.6541648e-01  -4.8970970e-02  -4.0685528e-01  -3.5215683e-01   2.9058681e-01  -3.1630480e-01  -3.6180724e-02  -3.6533664e-01  -1.3445725e-01   5.8569297e-01  -1.5725150e-01  -2.3029605e-02   4.8440319e-02  -2.7446153e-01  -5.9285117e-01  -5.6094328e-01  -2.3090002e-02  -3.0090601e-01   1.0095360e-01  -7.0669683e-03  -2.7011286e-02  -1.7341626e-01   2.8816950e-01   1.2300550e-01  -3.0014377e-01   1.8495080e-01  -3.1131730e-01  -3.8267623e-02   9.9769616e-03  -1.4744089e-01  -2.3838496e-01   1.8321928e-02   4.3258576e-01  -8.5879931e-02  -4.7157341e-02   2.0938164e-02  -6.5025540e-02   4.7375530e-01  -1.5652684e-01  -3.4308170e-01   4.3894382e-01   1.6418858e-01   5.7256771e-01  -4.3485586e-01   6.7790609e-02   3.1379971e-01   6.0427890e-02  -1.1615780e-01  -3.4971921e-01  -9.7117033e-02  -2.8836783e-01  -5.7895399e-02   3.1959282e-02   2.3698694e-01   2.5991194e-01   1.1412522e-01  -1.3113726e-01   5.9779163e-01  -1.3771380e-01   2.2332025e-01   3.7494303e-01  -4.2166605e-01  -1.1237537e-01   7.3345351e-01  -2.3618695e-01   2.3897583e-01   3.8620757e-01  -1.6581317e-01  -7.5338435e-02  -1.6515108e-01   5.6454581e-02   5.3756443e-01  -1.8279062e-01  -5.0930380e-01   8.4473640e-02   4.0327607e-01   2.0931575e-01   2.4941150e-01  -2.4726345e-01  -4.2863659e-01  -3.1476893e-01   1.0431094e-01  -1.4467886e-01   7.6563582e-01   9.8358765e-02   1.4602365e-01  -2.2100072e-01  -6.3813464e-02   4.9762564e-01  -1.1313323e-01   1.7900077e-01   5.3835446e-01   2.6320949e-01   2.1391514e-01  -5.0206990e-01  -5.5830327e-01   1.2164655e-02  -4.5134440e-01  -2.1833165e-01  -5.9186089e-02  -3.9016926e-02  -2.4442389e-02  -6.8638095e-01  -1.7642294e-01  -5.6823632e-01  -3.0076280e-01  -1.4818905e-01  -2.6580080e-01   5.7396282e-01   3.9945680e-01  -1.7814302e-02  -1.0415053e-01  -1.3743440e-01  -2.4248233e-01   5.8975837e-01   7.1306570e-02   3.1090642e-01  -1.7176346e-01   1.0560475e-01   9.0435302e-02  -1.4429034e-01  -3.8853945e-01  -1.9432437e-01   3.1320609e-01  -1.2478468e-01   2.8204483e-01   1.9644475e-02  -3.1006131e-01   3.5150430e-02  -3.1117278e-01  -1.2633781e-01  -1.6454571e-01  -6.0989134e-02  -1.9578538e-01  -1.0501672e-01  -4.6453540e-01  -5.1200297e-01   1.8378727e-02  -2.7759789e-01  -1.1052678e-01  -4.1302420e-01  -6.0042729e-01   6.2866505e-01  -1.4954572e-01  -3.3193291e-01  -2.4731954e-01   2.4780664e-01   4.6624051e-01  -2.5790623e-01  -2.9561619e-01  -2.9957177e-01   1.4496728e-01  -3.9013137e-01   1.9326456e-02  -3.8710430e-01   9.5024953e-02  -2.8784532e-01  -3.4057578e-02   2.0429004e-03   1.3347150e-01  -3.1330519e-01  -1.8218515e-01   4.0692176e-01   3.6429910e-01  -1.9338126e-01   5.1744284e-01  -2.7064817e-01  -1.8313990e-01  -1.1558662e-01  -1.4167152e-01
   1.9907775e-01   4.3725543e-01   0.0000000e+00   3.8136800e-02   5.5065279e-01   2.9614262e-01  -2.9640136e-01   1.4969755e-01  -2.7676888e-01  -1.9228670e-02  -2.8092944e-01   3.1731613e-01  -2.5986057e-01   7.6049703e-03  -4.4447634e-01   2.4144785e-01   8.7794297e-01  -9.5872737e-02  -1.6155373e-01   5.5131995e-01  -5.1002014e-01  -5.3669058e-01  -5.0713236e-01   1.6903710e-01  -2.9915478e-01   1.8250193e-01   2.6513520e-01   2.3037893e-01  -6.5877859e-02   4.2206848e-03  -4.0219286e-01  -1.4527108e-01   3.7352011e-02  -2.7569458e-01  -5.0433420e-01   7.9778687e-02  -1.1548546e-01   1.7388476e-01   2.7940012e-01   6.9646666e-01  -2.6232643e-01  -7.9660518e-03   3.4934038e-01  -1.3853419e-01   7.0925184e-02   3.5748989e-01  -1.5988611e-02  -9.0834551e-02  -3.7495556e-01   7.6496594e-01  -3.1728175e-01  -7.0027520e-02  -2.6009676e-01   4.8200130e-02  -1.1927450e-01  -1.2407558e-01  -6.3303728e-02  -1.8496209e-01  -1.5132674e-01   7.7916756e-02   5.0035105e-01   1.2101165e-01   3.2371245e-01  -5.8264213e-01   8.4914603e-03   1.5310753e-02   2.8486335e-01   2.0622545e-01  -1.2992673e-01   4.7279263e-01   1.9666831e-01  -6.9602982e-02   1.4574671e-01   3.5711325e-01  -1.2578060e-01  -1.5449914e-01   2.2572598e-01   1.3842189e-01   2.0568893e-01   3.3054299e-02  -4.1017883e-01   2.8270809e-01  -6.0620810e-02   2.3879092e-01   2.5305800e-01  -3.2312702e-02  -5.9659267e-01  -1.2926481e-01   8.0244391e-02   1.1011793e-01   5.0067822e-01   3.2081186e-01   2.1639703e-01  -3.2638522e-01   9.6050866e-02   5.8670155e-01   2.2343247e-01   6.4787497e-02   2.0059402e-01   1.9553029e-01   3.9534754e-01  -6.8359209e-01  -5.6163196e-01  -3.4645397e-01  -6.0726627e-01  -4.6625410e-02   2.2408000e-01   2.0280770e-01  -2.9006474e-01  -3.4572340e-01  -5.3690216e-02  -5.0075633e-01  -1.0305876e-01   2.0285203e-01   9.1972684e-02   2.6603789e-01   2.3336206e-01  -1.8424322e-01   2.6721781e-01  -2.1570333e-01   2.2318184e-01   4.9292717e-01   2.0353015e-01  -1.1357525e-01   1.6928874e-01   6.7730566e-02  -3.7517591e-01   3.9039847e-02  -2.6300040e-01   5.1822257e-01   2.3663258e-01  -6.1355158e-01   4.6127634e-01  -4.5874430e-01   9.2071972e-02  -3.0646261e-01   1.8780094e-02  -2.8742154e-01  -1.8110085e-01   1.7690143e-01   2.3438101e-01   1.0942115e-01  -1.3498277e-01   2.3871623e-03  -3.0397791e-01  -3.2090304e-01   1.4080117e-01  -1.1918849e-01  -1.3664669e-01   2.2139440e-01   8.3267501e-02  -4.4665076e-01   8.3861984e-02  -1.9058792e-01   7.2455033e-01   1.6605653e-01   1.3381945e-01  -9.7500942e-02   2.6421805e-01  -4.2502856e-01   2.4102500e-01  -2.7699245e-01   2.6850987e-01  -2.7373727e-01   5.1378393e-02  -3.8383261e-02   1.0082255e-02  -3.4673327e-02   2.5173847e-01   3.1411276e-02   4.3871356e-01   3.7703732e-02   3.3454860e-01  -2.7406651e-02  -3.1995732e-01   2.2993328e-01  -3.8963080e-02
  -6.0705181e-03  -9.0168601e-02   3.8136800e-02   0.0000000e+00   2.4957931e-01   1.6682010e-01   4.2866442e-02   8.4506445e-02   1.9990412e-01  -3.9851359e-02   7.5495788e-02  -1.2680487e-01  -2.5250843e-01   3.1731340e-02   1.5198973e-01  -1.0534036e-02   6.9641642e-02   4.1773021e-01  -3.1511357e-01   3.3948872e-01   2.0322653e-01   2.1461781e-01   1.3482086e-01  -2.6228816e-02  -2.1695231e-01  -9.5452869e-02   2.2868535e-01   5.6939493e-03   1.0468038e-01  -2.9603066e-01   1.3171979e-01   3.7713090e-01   3.9351354e-01   4.7773962e-02   1.7927775e-01   3.1042916e-01   1.7710460e-01  -1.8184965e-01   1.0704052e-01   1.6532283e-01  -1.6757397e-01   4.2961011e-01   6.0211760e-02   5.4994493e-02   1.2653046e-01  -7.0210031e-02   4.2363723e-01  -3.5782471e-02  -7.2559689e-02   1.9735203e-01   3.3477166e-01   1.8156528e-01   7.4049022e-02  -5.1900832e-02   2.7484341e-01  -3.1661434e-02  -1.7082483e-01   2.4475641e-01   5.1543436e-01  -4.6075059e-03  -7.5281044e-02   1.5594547e-01  -1.1333354e-01  -1.3008273e-01   2.2634572e-01  -7.8641489e-02   1.2116681e-01  -4.2334797e-02   1.0846267e-01  -9.1049733e-02   1.3211256e-01   2.3234930e-01   1.2516878e-02  -2.3818926e-01  -8.5616883e-02   4.3663936e-01   2.4485313e-01   2.0225204e-01   3.5891486e-02   4.2682938e-01  -1.1961709e-01  -2.0284923e-01   8.3304803e-02   1.4740355e-01  -1.9606605e-01   4.1332471e-01   2.3046574e-02  -3.0322248e-02  -2.5623204e-01  -2.1526284e-01   9.3328334e-02  -6.4676083e-02   7.1341365e-02   2.5773012e-01  -2.0069353e-01   1.4753087e-01   2.6235591e-01   3.8050004e-02   4.7306543e-02  -6.4642159e-02  -1.6296104e-01  -1.3822294e-01  -7.7023202e-02  -1.1831919e-01   4.1501829e-01   3.8281277e-01   4.2475085e-01   9.6815353e-02   9.2176860e-02   4.2599666e-02  -1.6683984e-01  -5.8734370e-02   1.5438460e-01  -2.2504357e-01  -3.4260051e-02   8.7802051e-02  -3.8715454e-02   1.4373621e-01  -7.0565485e-03   4.2788698e-01  -3.7895249e-02   4.8552312e-03   5.5585290e-02   4.2053508e-01  -1.7531544e-01  -2.0984480e-01   2.8935695e-01   1.1387573e-01   4.2693542e-01   6.1094990e-02   2.9053735e-01  -7.6709648e-02  -1.4859426e-01   4.1746807e-02   3.7835408e-01   1.4843626e-01   2.0490629e-01   1.3257851e-01   9.6450619e-02  -9.9005856e-02   6.5017554e-02   6.9992452e-02   1.3571357e-01  -1.3042796e-02   2.3854691e-01   1.8880503e-01  -7.4017904e-02   1.5844419e-01   2.8632828e-01   7.3399336e-02  -1.4582655e-01  -3.2525404e-02   6.9659556e-02  -1.3529934e-02   1.9673260e-01  -3.2392000e-02   1.6632559e-01   3.6108851e-01   6.4096397e-02  -1.3231183e-01  -9.2212174e-02  -1.0949288e-01   1.8406392e-01   6.0181096e-01   2.8268636e-01  -3.6773397e-01  -1.0093510e-01  -2.0186643e-01   3.2899453e-01   3.0128804e-01  -1.8863170e-03  -5.5856347e-02   7.2659041e-02  -1.4178946e-01  -1.6561816e-01   1.6441560e-01   5.9097172e-01
  -2.6238765e-01   3.9302139e-01   5.5065279e-01   2.4957931e-01   0.0000000e+00   1.3345564e-01  -1.6451238e-01  -6.2117485e-02  -2.2883102e-01   9.4079258e-02   1.5250204e-01   2.4628591e-01  -5.8552466e-02  -1.7015242e-01  -2.3141399e-01   1.9118287e-01   5.7459132e-01   2.9818365e-01  -8.6847707e-02   7.3854969e-01  -1.2924548e-01  -3.7538883e-01  -2.6426868e-01  -2.2595552e-01  -2.4654348e-01  -3.4301609e-02   5.1153692e-01  -7.4222891e-02   2.1608269e-01   2.0698458e-01  -1.3180919e-01   1.7554502e-01   4.0532414e-01  -1.1838337e-01  -2.0516220e-01   5.2125830e-01   1.3566251e-01  -3.0183586e-01   2.8331916e-01   6.1678262e-01   1.1173338e-01   2.6531605e-01   1.3497844e-01  -2.2689684e-01   2.8917187e-01  -1.6149959e-01   2.5707681e-01   3.0458940e-01  -2.5412296e-01   5.9882018e-01  -1.3958137e-02  -7.2868729e-02   1.3243863e-01  -1.6367909e-01  -2.4945288e-01  -1.4056806e-01  -2.2343529e-01  -1.5149204e-01   1.7711972e-01  -1.7243229e-01   5.1889709e-02   2.1602518e-01   2.6372330e-01  -2.8133043e-01   3.4437827e-01   1.4100705e-01   2.0022549e-01   1.3801336e-01  -8.1354967e-03   9.2297373e-03   2.9707458e-01   9.8161276e-02   2.1202907e-01  -6.5610077e-02  -2.2862611e-01   1.6939121e-01  -7.8632863e-02   1.8599384e-01   5.0059653e-01   1.4281943e-01  -4.1087262e-01   2.8918409e-01   5.5229538e-02  -2.2551396e-02  -3.0925239e-01   5.6705697e-02  -3.3281197e-01  -4.3926168e-01   1.9171390e-02  -3.6883981e-01   6.9351103e-01  -4.7266270e-02   2.5338303e-01  -1.4007933e-01  -1.2753515e-01   7.0640014e-01   7.7452018e-02   6.0276929e-02   4.8738933e-01   2.2188410e-01  -9.0137526e-02  -5.4823633e-01  -3.2647905e-01  -4.8048236e-01  -1.4599024e-01   9.6405786e-02   3.3553009e-02   1.2835147e-01  -2.4009436e-01  -2.7226530e-01  -3.5829331e-02  -2.6226830e-01  -2.2347017e-02  -2.2490967e-01  -3.1109430e-01   4.8202818e-01   1.4423524e-01   2.7351959e-01  -1.2563502e-01   4.4144964e-02  -2.8825872e-01   6.3392817e-01   4.2609506e-02   2.6147472e-01  -3.9930447e-01  -1.8676352e-01   5.6820986e-02  -1.4599413e-01  -8.4886181e-02   2.0538072e-01   3.8576497e-01  -1.2438671e-01   1.0756467e-02  -9.6849446e-02  -5.3662091e-02  -4.0656401e-02  -1.7208021e-01  -5.9677223e-02   8.6094340e-03  -1.6007438e-01  -1.6467700e-01   1.2790951e-01   5.8360947e-02  -2.7452052e-01  -1.6076005e-02  -1.1065817e-01   5.9821206e-02  -1.1367784e-02  -1.8584999e-01   5.2703023e-01  -2.3129723e-01  -2.6664978e-01  -1.7180870e-01   8.4565057e-02   5.2074773e-01  -2.9987038e-01  -3.4635163e-01   1.2284654e-01   3.5228482e-02  -3.0886814e-01   1.7406379e-01  -5.3213930e-02   4.2167148e-01   5.5592733e-02   1.4210252e-01  -1.2558254e-01   1.6069110e-01  -2.7795712e-01  -7.2014655e-02   3.1313750e-01   4.3234104e-01  -3.6879954e-01   7.3841191e-01  -1.1306843e-01  -2.2526729e-01   8.9205900e-02   1.1223247e-01
  -3.1693100e-02  -2.7213956e-01   2.9614262e-01   1.6682010e-01   1.3345564e-01   0.0000000e+00  -1.1092432e-01   2.5203430e-01  -7.0436462e-03  -3.5559854e-02   3.0240075e-01  -1.4752403e-01  -8.0504004e-02  -1.9211349e-01  -7.4550206e-02   4.5830160e-01   1.8824309e-01  -1.1353103e-02   1.8982617e-01   1.6190233e-01  -2.2803138e-02   7.4554366e-02   2.9747660e-02  -1.1463257e-01   2.4501778e-01   3.8076531e-01   3.6996366e-01   1.7156430e-01   1.4001590e-01  -1.4690112e-01  -1.4683777e-01   2.1174718e-01   2.2241613e-02  -8.6218356e-02  -6.0579727e-02   2.6845512e-02   1.9545006e-01   2.8148777e-02   2.6099189e-01   2.4806139e-01   5.8054571e-03   2.0696624e-02   1.1282961e-01   1.8193248e-01  -4.1366986e-01   4.2372508e-01   2.1866681e-01  -1.6742069e-01  -2.7446597e-01   1.8116404e-01   1.4131266e-01   2.6843947e-01  -2.9944675e-01  -1.7705759e-01  -1.1696159e-01   3.7905630e-01   2.3946781e-01   2.1829802e-01   1.6737500e-02   1.4532461e-01   2.9050918e-01  -2.1596373e-01   5.3511231e-02  -1.6429965e-01  -1.5406814e-01  -2.3701015e-01   4.6972941e-01  -3.3697200e-02   5.1371771e-01   4.0396975e-01  -1.8571904e-01  -1.4693903e-01   1.9534419e-01  -2.2158117e-02  -1.4932179e-02  -2.8446330e-02   3.6019445e-01   5.3634602e-01  -2.3633674e-01   5.1820554e-02   3.2120257e-01  -7.8180825e-02  -1.6198466e-01   3.9681697e-01  -5.0455813e-02   1.4584857e-01  -3.7497368e-03  -4.5213974e-02   1.7832047e-01  -6.4768801e-02  -1.9754459e-01   1.4364138e-01  -1.1144476e-01   1.0431392e-01   1.3825440e-01  -9.1465079e-02   1.4583344e-01   3.9832632e-01  -3.2000497e-01  -3.5612046e-01   1.9517413e-01  -9.0510774e-02   1.7031360e-01  -8.9599370e-02  -8.0374802e-02   3.0235580e-01   1.6190947e-01   5.4101903e-01  -2.1616506e-01   1.2491725e-01  -1.6838437e-01   1.5244111e-01   1.4436955e-01   9.6537941e-02   1.1287677e-01  -3.2396904e-01   4.0725907e-01  -3.9401954e-02   3.1073613e-01  -3.7265110e-02   6.3125072e-02  -3.0533722e-01   3.4571899e-01  -2.2701181e-01   1.7272176e-01  -2.0565546e-01  -3.3358145e-01  -2.3113860e-02   1.4454653e-01   5.9120222e-01   1.1256601e-01  -1.5701682e-01   9.8025760e-02  -1.6743862e-01   2.1837040e-01   4.2154800e-02   1.6394502e-02   2.2683908e-01   1.5684686e-01  -2.1498458e-02   9.3725645e-03   8.0242404e-02   4.1532046e-01   4.1827022e-01  -1.6736836e-01  -1.2325534e-02   2.9155707e-03   9.1405394e-02   2.1192881e-01  -2.5407733e-01   1.0941267e-01   1.6973073e-01   3.5663494e-02   2.8308140e-02   3.2099350e-01   4.0310598e-02   1.7918454e-01   1.8684437e-01   1.9003281e-01   1.8607083e-01   1.1440370e-01   1.9516444e-01   8.2913350e-02  -2.0549598e-03   4.2338645e-01  -2.0787900e-01  -6.9705922e-02   3.7296817e-01   1.3708059e-01  -2.4294992e-01  -1.8274917e-01   7.0257462e-02  -1.5437018e-01   5.4488697e-01  -1.6998108e-01  -1.0265030e-01   2.4048444e-01
  -4.9448649e-01  -1.9708551e-01  -2.9640136e-01   4.2866442e-02  -1.6451238e-01  -1.1092432e-01   0.0000000e+00  -1.3084057e-01   8.7117198e-02   5.7649859e-01   1.1713582e-01   3.2223992e-01   2.5971982e-02  -1.8579535e-01   5.7576030e-01   1.7723182e-01  -3.9122187e-01   1.8051822e-01  -1.3935094e-01   1.2257937e-01   6.4088675e-01   3.1893226e-01   7.4114504e-01  -4.3337767e-01  -1.7837897e-01  -4.2484674e-01   3.5290942e-01   7.2996739e-03  -5.0431287e-02   2.9683934e-01   5.2033057e-01   1.7621730e-01   2.5452798e-02   8.0292451e-01   3.6176551e-01   5.2511398e-01   4.3421309e-01  -3.0435819e-01   2.8112673e-01   4.2018461e-02   2.8601592e-01   4.1098789e-02  -2.8240081e-01  -4.4734993e-02  -4.7079402e-02  -4.5209154e-01   4.6426685e-01   4.3309639e-01   5.5660551e-02  -3.5378354e-01   5.8408195e-01  -2.6002683e-01   5.4626546e-01  -3.8712595e-01  -9.9692589e-02   3.6857424e-01  -3.7631767e-01   1.7576080e-01   2.0740705e-01  -2.8123488e-02  -3.9545611e-01   3.8753673e-01  -5.9918602e-01   2.4142323e-01  -6.1196478e-02   4.8631672e-01  -3.1386599e-01  -1.3955965e-01  -5.2429123e-02  -3.5467319e-01   1.5985308e-01   6.4733180e-02   3.9749706e-01  -5.1906713e-01  -1.3764985e-01   3.2483371e-01  -3.2204545e-01  -2.5568102e-01   2.3750012e-01   2.7151637e-02   4.5883675e-01   3.8811880e-01   2.1177807e-02  -1.0661427e-01  -5.6149767e-01   2.5774622e-01   3.8273928e-01  -1.9387890e-01  -2.7094185e-01  -4.2819315e-01  -1.4007656e-01  -4.5789638e-01   3.7302538e-01   5.2746094e-02  -3.0044308e-01  -2.8323275e-01   1.4318820e-01  -1.8038025e-01   3.3321312e-02   2.5084006e-01  -3.9559665e-01   5.8062114e-01   3.3187789e-01   2.3299069e-02   3.3924221e-01   1.9053766e-01  -2.9579463e-01  -3.1317248e-01   4.5362598e-01   4.8779354e-01   5.9708130e-01   3.0731295e-01  -1.5128479e-01  -5.5438454e-01   1.3722569e-01  -4.1620510e-02  -8.9616739e-02   2.2979937e-01  -6.8630295e-02   6.8161393e-02  -3.3148108e-01  -1.1605835e-03   6.9182246e-02   3.4062608e-01  -3.9618624e-01  -1.6802490e-01   5.4356335e-01  -1.0161134e-01   2.8382298e-02  -9.7507474e-02   4.1762469e-01   3.0293377e-01  -5.7369649e-01   5.6175301e-01  -3.6321337e-01   8.2641882e-02  -1.3979455e-02   6.8640903e-01   9.1547753e-02  -5.6622690e-01  -3.9124130e-01  -1.0498739e-01   2.2007137e-01  -1.2330310e-01   5.4039523e-01   4.9745421e-01   6.5581629e-01   2.3085727e-01   4.5731139e-01   2.2160130e-01  -4.5148501e-01   5.2260916e-01  -5.3805335e-01  -1.5644493e-01  -2.9747074e-02  -4.4053678e-01  -3.5212786e-01   2.2169147e-01  -4.7772922e-01   2.5084257e-01  -1.7366520e-01  -9.8224218e-03   7.2154593e-02   7.5431731e-02   3.8771502e-02   1.3657320e-01   6.2710762e-02  -9.8442909e-02  -3.8047460e-01   2.6489075e-01   3.3331666e-01  -4.2294735e-01  -1.9942367e-01  -8.9552819e-02   1.4189484e-01  -2.3137968e-01   2.0230686e-01
   1.7953522e-01   1.6541648e-01   1.4969755e-01   8.4506445e-02  -6.2117485e-02   2.5203430e-01  -1.3084057e-01   0.0000000e+00   1.2464163e-01  -3.4682519e-01   1.9449875e-01  -1.5910850e-02  -2.0151149e-01  -6.4513453e-02  -2.4867674e-01  -2.0006122e-02   2.3347194e-01  -1.7533249e-01   4.2201679e-01  -3.9296093e-02  -9.4362733e-02  -1.8218496e-01  -3.2227920e-01   1.0558555e-01   9.0803746e-03   5.8813260e-01  -1.0442795e-01   2.1056040e-01   3.7636254e-02  -7.6071333e-02   5.9443705e-02  -1.2810187e-01  -2.0611020e-03  -1.9132532e-01   1.2857404e-01  -1.4394160e-01  -1.2609754e-01   2.6204959e-02  -1.8801267e-01   4.1331856e-02  -8.6303296e-03   6.2890985e-03  -2.0518689e-01   6.1003095e-01   1.0242568e-02   3.3905717e-02  -1.9861520e-01   2.7734520e-02   3.4183395e-01   1.8453483e-01  -1.5790568e-02   7.0418301e-01  -8.2821735e-02  -4.3966967e-02   1.9285222e-01   3.0523698e-01   4.5566389e-01  -1.4372113e-01  -1.5948709e-01   2.5511268e-01   3.2947197e-01  -8.9524753e-02  -3.0515444e-02   6.4873061e-02   3.0996942e-01  -1.8683149e-01   4.8625668e-01   3.4255787e-01   1.3179000e-01   2.5083979e-01   2.0783692e-01  -2.3760733e-01   4.9400951e-02   3.4129125e-01  -2.9829123e-01  -6.7734879e-02   2.3473834e-01   1.9904121e-01   6.4062942e-02  -4.4267667e-01   1.6823532e-01  -2.5813497e-01   1.8653141e-01   6.6219897e-01   3.6320662e-01  -7.9788173e-02  -2.6574568e-01  -1.1992779e-01   9.1913971e-02   1.6973791e-01   1.1100751e-01   4.2909107e-01  -2.9057029e-01   9.4355363e-02  -1.0901031e-01  -7.9683605e-02  -2.8786481e-01   6.5416264e-01   1.0029592e-01  -3.6094502e-02   4.1888543e-01  -1.6648010e-01  -2.3897549e-01   2.8261586e-01  -1.1921253e-01   2.6589356e-01  -4.0032460e-02   4.6857803e-01   1.4240724e-01  -3.9684512e-01  -1.5856448e-01  -3.4659384e-01  -3.3821535e-02   1.5471828e-01   9.4715580e-02  -1.2890362e-01   3.8188201e-01  -2.0013486e-01   6.5083254e-02  -1.5783625e-01   1.3414450e-01  -4.4329741e-02  -4.6596304e-02   1.4448489e-01   2.7773438e-01   9.6449347e-03  -9.9026304e-03  -2.3684541e-01   2.1783768e-02  -6.4863157e-02   1.1845194e-01  -1.3028422e-01   1.6461624e-01  -1.2085067e-01  -3.0170710e-01   4.3797708e-01  -4.5097494e-01   9.2506138e-03   3.6764566e-01   3.6160578e-02   4.7195015e-02   6.4266918e-02  -2.2290539e-01  -2.7284094e-01  -4.3782426e-03  -1.5069580e-01  -1.3623892e-01  -1.9055414e-01  -2.2488201e-01   2.4796702e-02   3.2041270e-01   1.4949629e-01   7.4888157e-02   4.1601919e-01  -5.4594602e-03   7.4106081e-02   2.1468009e-01  -1.6664553e-01   4.1345717e-01   3.5442872e-02   1.3580722e-01  -1.6243786e-01  -2.7261298e-02  -2.5388058e-02   4.9747392e-01  -4.3603331e-01   6.3333594e-02   2.0039045e-01   1.9702264e-01  -9.3563985e-02  -1.0434238e-02   1.9060356e-01  -5.8544346e-02   4.7321409e-02  -2.7986781e-01  -2.6607849e-01   3.5639509e-01
   1.0398506e-01  -4.8970970e-02  -2.7676888e-01   1.9990412e-01  -2.2883102e-01  -7.0436462e-03   8.7117198e-02   1.2464163e-01   0.0000000e+00  -1.5596544e-01  -5.1762956e-02  -3.0674732e-01  -7.0270536e-04   9.5262088e-02   1.0812855e-01  -1.0294763e-01  -1.6124678e-01   2.1274883e-02   1.4163595e-01  -2.6221542e-01   2.7203567e-01   4.3854239e-01   1.5666941e-01   1.1240266e-01  -1.7286360e-01  -5.1030974e-03  -2.2897949e-01  -8.1226589e-02  -2.6048027e-01  -3.3060961e-02   5.3145599e-02  -9.0442602e-03   1.4924151e-01  -2.9547899e-02   6.6724519e-01   3.1733959e-02   1.0072784e-01   3.8225600e-02  -9.6394709e-02  -2.4237734e-01   3.8756219e-03   2.5706435e-01  -6.4999151e-03   1.8535665e-01  -5.2603254e-02   7.6507218e-02  -1.7170129e-01   8.5571585e-02   1.5054974e-01  -1.7169530e-01   1.5472191e-01   1.6313700e-01   1.5285301e-01  -1.6980778e-01   2.9180680e-01  -1.0089940e-02  -2.9815717e-02   3.9047750e-01   4.9771429e-02   4.3018084e-01   5.1500926e-02  -2.1834156e-01  -1.2882594e-01   1.6466046e-01   2.1288339e-01   1.0120205e-02  -1.4013999e-01   4.7615026e-02  -1.6050210e-01  -5.6680780e-02   9.6094799e-02  -9.4069752e-02   1.5591018e-01  -1.4464794e-01  -2.8025780e-01  -4.7334681e-02   2.7374747e-01   1.0763701e-02   3.0006785e-02  -1.6136227e-01   1.1880200e-01  -1.6342779e-01   1.6929478e-01   2.2300251e-03   5.5261456e-02  -1.2504667e-01   2.4631979e-01   1.5940914e-01  -1.7061451e-01   4.0380790e-02  -1.3726891e-01   6.8184103e-04  -1.9675304e-01   7.5605002e-01   1.3237004e-01  -3.0772406e-01  -1.9621172e-02   2.1270020e-01   2.4838649e-02  -1.6023563e-01   1.6872389e-01   2.8325394e-01  -7.9482959e-02   6.7568683e-01   2.8124965e-01  -2.9858573e-02   1.1889117e-02  -2.2773254e-01   1.0663980e-01  -9.9294201e-02  -2.2409843e-01   1.4263935e-01   1.1740451e-01  -2.3037029e-03  -2.3412287e-02  -2.9074447e-01   1.1018989e-01  -3.8287754e-02  -6.2758596e-02   2.3438253e-01   6.6822685e-02  -1.7743885e-01  -1.5875271e-01   1.2613782e-01   1.9077686e-01  -1.2572454e-01   1.4883977e-01  -1.7932623e-01   4.7778831e-01   4.0558733e-02  -7.3669126e-02   4.7585617e-02  -1.1282401e-01   1.3077826e-01   1.8614963e-01   2.2583255e-01  -5.6387378e-02   1.6085126e-01  -1.6114755e-02   8.0226411e-02   1.4731027e-01   7.1957300e-02  -1.3269630e-01   3.6499838e-04   2.2334226e-01  -1.0717736e-01  -1.4733046e-01   9.6392805e-02   8.4327033e-02  -1.3644350e-01  -1.5731866e-02   6.7535493e-02   1.5426733e-01   7.5321234e-02  -1.2055186e-01   9.6448643e-02   1.7837084e-01   3.0650190e-02   5.9159822e-02  -3.2649426e-02  -2.6872464e-01  -2.1220577e-01   5.5858001e-02   2.1787444e-01   4.2027227e-02  -2.9374742e-01  -3.1250825e-01   4.4675963e-03   4.2225155e-02  -6.1885499e-02  -1.5176418e-01   3.4701668e-01  -7.3748065e-02  -9.5697049e-02  -1.6631446e-01  -1.8461905e-01   2.1391408e-01
  -2.2291698e-01  -4.0685528e-01  -1.9228670e-02  -3.9851359e-02   9.4079258e-02  -3.5559854e-02   5.7649859e-01  -3.4682519e-01  -1.5596544e-01   0.0000000e+00   1.5801448e-01   3.3198039e-01   3.8925001e-01  -7.4606067e-02   2.7452924e-01   8.5031781e-02  -2.4438253e-01   3.3100968e-01  -9.5516333e-02   4.0062679e-01   3.3834191e-01   1.4110510e-01   5.0822405e-01  -1.5933727e-01   1.5889367e-02  -4.3376859e-01   2.5764901e-01  -4.8662558e-02   6.6953442e-02   1.0470162e-01   8.4629114e-03   7.1378017e-02  -1.7139794e-01   6.2902931e-01  -1.3451454e-01   4.3798651e-01   2.6247427e-01  -1.0883808e-01   1.1222439e-01   2.5202866e-02   4.0517837e-01  -4.9887235e-02  -4.9678000e-02  -1.3392402e-01  -1.5764976e-01  -1.3653706e-01   5.6573590e-01   5.3206475e-02  -2.7808055e-01  -2.3628804e-01   4.6283185e-01  -5.2948004e-01   1.8936129e-01  -1.8265479e-01  -1.3108196e-01   2.2357590e-01  -2.2133210e-01  -3.2836883e-02   2.6283826e-01  -1.1522470e-01  -3.5633089e-01   1.7873684e-01  -2.2415766e-01  -6.8983080e-02  -3.9705271e-01   6.4567010e-01  -3.6075761e-01  -2.4260885e-01  -3.5054983e-02   1.7826318e-02  -2.3088354e-01   2.6730456e-01   3.2760100e-01  -4.0228601e-01   2.7279797e-02   1.5203440e-01  -2.1237600e-01  -2.4957768e-01  -6.5853416e-02   1.8289923e-01   2.5760738e-01   3.6704917e-01  -2.6470168e-01  -2.9256486e-01  -4.4408135e-01   1.4879383e-01   1.4399318e-01   8.7794280e-03  -3.0192436e-01  -1.9764454e-01  -2.0986377e-01  -4.7032019e-01   4.1927244e-01  -3.8411290e-02  -1.2416023e-01   2.5300967e-02   1.6413537e-01  -2.8218575e-01  -3.9579706e-02   3.1296876e-01  -2.7994695e-01   2.8256494e-01   1.4683886e-01  -2.7718111e-01   1.3406612e-01  -5.2105554e-02  -4.6488906e-02  -2.5194911e-01   7.4964105e-02   5.7992269e-01   4.9283267e-01   1.4807916e-01  -4.4268283e-02  -2.2578183e-01   1.5067109e-01  -3.1547613e-02  -3.3209221e-01   3.5402838e-01  -1.7714306e-01  -6.8592531e-02  -3.7125713e-02   7.6723972e-03  -1.1682236e-01  -5.6258690e-02  -2.6397708e-01  -1.0925149e-01   1.2027323e-01   3.2487274e-02  -3.1602262e-02   1.9423332e-01   1.3708943e-01   6.1710919e-02  -3.5763062e-01   1.5036383e-01  -1.5633102e-02  -2.7573622e-01   1.6580973e-01   2.3830482e-01  -1.4081986e-01  -2.3326749e-01  -3.3359322e-02   1.6514234e-01   2.7884591e-01   8.3607530e-03   8.1916195e-02   3.6621964e-01   6.1524891e-01   5.5807852e-01   5.3415075e-01   7.1574780e-02  -2.7706325e-01   1.9357236e-01  -1.9354054e-01  -3.2146133e-01  -6.2391477e-03  -1.2296509e-01  -1.3753092e-01   4.3916128e-01  -3.8411245e-01  -2.0278346e-02  -6.0435675e-02   1.6430182e-01   4.6694355e-01   4.4266146e-02  -2.2254658e-01   1.1558989e-01   2.1383890e-03  -6.8271347e-02  -1.3368004e-02  -3.0373246e-02   2.1587053e-01  -2.8839578e-01  -6.6727256e-02  -1.6255909e-01   1.2412905e-01   1.7590095e-01   1.1064934e-02
  -3.8138151e-01  -3.5215683e-01  -2.8092944e-01   7.5495788e-02   1.5250204e-01   3.0240075e-01   1.1713582e-01   1.9449875e-01  -5.1762956e-02   1.5801448e-01   0.0000000e+00  -4.0585400e-01   1.0256690e-01  -1.2269946e-01   1.3700529e-01   1.4465480e-01  -1.9636298e-01   3.3211646e-01   1.5197040e-01   7.0341787e-02   3.3609111e-01   1.6778303e-01   2.7680299e-01  -2.7390618e-01   3.0329985e-01   2.1620889e-01   3.1578617e-01   2.1442343e-01   2.8115045e-01   1.4678263e-01   2.3740625e-01   3.1028918e-01  -2.5874725e-02   1.1344740e-01   1.6022612e-01   3.4065568e-01   1.8250838e-01  -3.6095178e-01   2.7588242e-03  -5.0631483e-02   3.7518703e-01   1.0563849e-01  -3.7050288e-01   4.2015096e-01  -1.9738937e-01  -2.6009183e-01   4.1256228e-01   1.0450563e-01   8.3214687e-02  -1.5951542e-01   3.4181874e-01   3.1019267e-01   7.1573375e-02  -3.0738346e-01   3.2723055e-02   3.3786969e-01   9.5604319e-02   1.1726475e-01   2.2327343e-01  -1.3970011e-01  -1.0860387e-01  -1.0523194e-01  -1.2264643e-01   4.3574151e-01   3.2824597e-02   5.8756656e-03   1.7236660e-01  -1.5473736e-01   6.1982775e-01  -9.2547378e-02  -1.9300150e-01   1.0544478e-01   1.5455925e-02  -3.3018771e-01  -2.0638320e-01   3.9298966e-01  -9.2735175e-03   2.7070147e-01   6.1298218e-03  -8.5294954e-02   3.7501277e-01  -6.7444414e-02   6.1063365e-02   2.1958428e-01  -3.9606741e-01   3.9080317e-01   2.4030304e-01  -1.5272422e-01   9.3835944e-02  -2.7090902e-01  -5.9003772e-02  -2.7604710e-02  -2.2254963e-01  -1.0049360e-02  -2.3714624e-01  -1.5902355e-01  -2.6411583e-01   2.6417260e-01  -6.2863568e-02  -4.1114770e-01  -3.7355467e-01   2.2542653e-01   4.8951274e-01  -1.6497249e-01   3.9853757e-01   3.7807635e-01  -1.9544152e-01   3.1264198e-01   7.5747619e-02   3.4331516e-01  -7.9337608e-02   2.9746118e-01   4.6890063e-02  -2.7046185e-01   1.3726038e-02  -6.0779166e-02   1.9994513e-01   1.1342584e-01   6.3236562e-02   1.6148443e-01  -2.9876584e-01  -1.9707242e-01  -1.7061974e-01   2.5261774e-01  -3.0842452e-01  -2.0682705e-01   8.1627181e-02  -2.2265641e-01   3.1023214e-01   2.4446827e-02   9.3673981e-02   3.0562863e-01  -3.9409233e-01   2.9578977e-01  -1.9687726e-01   4.7306495e-01  -3.3517708e-01   3.3969452e-01   4.8245725e-01  -2.8601483e-01  -2.7055041e-01  -1.3616112e-01   4.0581190e-01   1.2385584e-01   8.6264921e-02   4.0020076e-01  -1.4264742e-01   3.5769905e-01   2.5517600e-01   1.0208355e-02  -3.1430568e-02   4.6689740e-01  -2.3119680e-01   5.4693842e-01  -1.5851993e-01  -2.6552696e-01  -2.1068415e-01   2.5848022e-01  -3.0506752e-02   4.1123712e-01  -5.8406849e-02   3.9691721e-01   1.4073733e-01   3.2786486e-01   4.0638280e-01  -3.2630687e-01   2.0291838e-01   3.7890092e-01  -3.2940558e-01   1.3217440e-02  -1.3723216e-01  -2.8784036e-01   3.8224462e-02   4.3319985e-01   7.9061676e-02  -2.9383772e-01   3.8412060e-01
  -1.5133693e-01   2.9058681e-01   3.1731613e-01  -1.2680487e-01   2.4628591e-01  -1.4752403e-01   3.2223992e-01  -1.5910850e-02  -3.0674732e-01   3.3198039e-01  -4.0585400e-01   0.0000000e+00  -1.2569516e-01  -3.2544513e-01  -3.0057710e-02   5.6925155e-02   1.6940248e-01  -9.3272049e-02  -5.1262989e-02   4.6162151e-01  -8.8889222e-02  -3.0495805e-01  -1.2233846e-01  -1.6160442e-01  -2.3861767e-01  -1.2753509e-01   1.7296034e-01  -1.7516260e-01   8.3199635e-02   2.0586214e-01  -3.1604354e-03  -1.6002131e-01   3.1833683e-02   3.3624385e-01  -2.1915981e-01   1.7132635e-01   7.6999746e-02  -3.7708348e-02   1.5144762e-01   2.9328886e-01  -5.6915953e-02  -6.7353500e-02   2.7126230e-01  -2.8979762e-01   2.3278219e-01  -9.7319333e-02  -2.1185346e-02   3.3520253e-01  -1.1663912e-01   2.0678702e-01  -1.3135605e-02  -3.1968906e-01   2.0015386e-01  -2.6049877e-02  -2.4415421e-01   6.7110398e-02  -6.3505349e-03  -3.4674083e-01  -5.8293110e-02  -1.4631392e-01  -4.3340435e-02   2.6548559e-01  -9.9887270e-02  -1.9742622e-01   3.9775368e-03   5.3244174e-01  -3.0141070e-02   7.0966564e-02  -4.0154963e-01   8.4838738e-02   2.7322563e-01  -7.0042602e-02   2.2080260e-01   2.1365634e-01  -8.4682958e-02  -1.0098869e-01  -2.0584985e-01  -2.4038489e-01   3.4579211e-01  -1.1301508e-01  -1.1164774e-01   2.7711944e-01  -1.2495789e-02  -9.0775280e-02  -9.4143922e-02  -1.5689198e-01  -2.9237399e-01  -2.5740825e-01  -2.3508300e-02  -1.3009819e-01   2.7543446e-01  -1.8378813e-01   5.3601956e-01  -1.8293196e-01   1.1337312e-02   2.6366399e-01  -3.4737273e-02  -9.5527257e-02   3.0105066e-01   7.2853914e-01  -7.7011634e-03  -1.2273535e-01  -3.3927821e-01  -2.3146092e-01  -2.8726592e-01  -8.8566404e-02  -1.6327197e-01  -1.3711786e-01   4.0880272e-02  -1.7415222e-01   6.2184596e-01  -3.1393694e-01  -6.1216426e-02  -1.4859004e-01  -3.6276751e-02   2.0064189e-01  -6.1582142e-02   1.7851055e-01  -2.0188220e-01  -2.0293564e-01  -1.3003789e-02   5.0233433e-01   1.4821681e-01  -4.5213542e-02  -6.3853349e-02   1.4426057e-03   1.4421131e-01  -1.6469845e-01  -4.0223192e-01  -7.5931014e-02   2.6017026e-01  -1.5113991e-01   3.3932167e-02  -4.4198050e-02  -2.4500687e-01  -2.1535191e-01  -1.1548208e-01  -6.3021465e-02  -1.5048386e-01  -2.1239081e-01  -1.6289806e-01   8.3015635e-02  -6.5709670e-02  -3.0652063e-01   1.5971753e-01  -1.1221633e-01   6.5922192e-01  -2.8594322e-01  -2.0649240e-01   2.8449760e-01  -2.0601288e-01  -9.9936447e-02  -2.0105999e-01  -2.0957385e-01   2.2246974e-01  -2.0354030e-01  -1.9896967e-01  -7.7561284e-02  -6.4642269e-02  -2.7428018e-01   1.6939291e-01  -1.4588675e-01   3.0929071e-02  -3.7765909e-01  -1.2731663e-01   2.6897117e-01   3.8219279e-01  -3.6867309e-01   2.5117592e-02   1.3876474e-01   4.5645732e-01  -1.8720029e-01   1.8700560e-01  -3.0170527e-01  -7.1316578e-02  -2.9362558e-02  -1.4374481e-01
   8.0089522e-02  -3.1630480e-01  -2.5986057e-01  -2.5250843e-01  -5.8552466e-02  -8.0504004e-02   2.5971982e-02  -2.0151149e-01  -7.0270536e-04   3.8925001e-01   1.0256690e-01  -1.2569516e-01   0.0000000e+00   1.4122137e-01  -3.8129857e-02  -1.9402399e-01  -3.1079095e-01   2.2842346e-01   4.0550187e-01  -1.4417891e-01   1.6833660e-01   2.4501438e-01   2.7010007e-01   8.8238021e-02   1.4953190e-01  -3.0543763e-01  -2.0502860e-01  -4.0990657e-01   9.7926613e-02   1.2337323e-01  -2.2543822e-01   1.1642164e-01  -2.2298083e-01  -1.9747768e-02  -1.4502251e-02  -1.0105677e-01   5.8655412e-02   3.1059237e-02  -2.9434726e-01  -4.2847245e-01   6.0631981e-01  -4.1197039e-02  -2.4220949e-01   4.3476326e-02  -2.0872572e-01  -5.1883433e-02   5.5100077e-02  -1.1032303e-01   4.7613032e-02  -4.2102195e-01   9.3893985e-02  -9.9074742e-02  -1.1039831e-01  -4.9997815e-03  -1.7915749e-01   9.2440998e-03   7.9745690e-02   2.8493447e-01   3.3434889e-02   1.2355251e-01  -2.9900809e-01  -1.2304110e-01   7.2430352e-02   1.7200866e-01  -2.9404891e-01   2.0952474e-01  -3.0144680e-01   2.1745511e-02   1.3300492e-01   2.1475909e-01  -3.9728266e-01   2.3597620e-01   1.3697532e-01  -2.3834560e-01  -3.9871444e-02   7.7171941e-02  -2.1160533e-01  -9.8595606e-02  -3.1060114e-01   1.6052079e-02   1.8697206e-01  -1.1751335e-01  -4.6435936e-01  -2.9690863e-01  -1.5476724e-01  -2.3482544e-02   1.1294739e-01   1.3875118e-01  -1.2473040e-01   1.6387659e-01  -2.8579847e-01  -8.9431789e-02  -9.4552962e-02   1.7614091e-01  -1.0646386e-01  -1.3128148e-01  -1.2080734e-01   9.6086138e-03  -1.8876569e-01  -2.6715972e-02  -9.5860705e-02   2.5824886e-01   1.2969789e-01   1.8182888e-01   2.2436183e-01  -1.4001797e-01  -2.3061170e-01  -1.1624842e-01  -2.8413027e-02   2.3742530e-01  -1.4750589e-01   4.3278543e-01  -9.6539809e-02   1.0707180e-01  -9.8951824e-02  -2.2389266e-01  -2.4780985e-01   3.6362126e-01  -4.1713597e-01  -2.0811799e-01   2.6994543e-01  -2.5004789e-01  -4.0091335e-01  -3.3144102e-01   1.7670577e-02  -4.9696595e-02  -1.2982050e-01   3.2331156e-02   1.9008596e-01   9.7363714e-02  -3.8620068e-01   1.4642471e-01  -7.3455371e-02  -1.9399359e-01  -4.4852388e-02  -4.3168917e-02   7.4661658e-03  -1.3792049e-01   9.5973098e-02   1.8255082e-02   1.9973608e-01   5.8020336e-01   2.9628562e-01   4.0789885e-02  -3.3073796e-01   6.8234864e-02   5.6407131e-03   3.2546136e-01   2.5079360e-01  -1.7974509e-01   2.5753732e-01   6.4750979e-02   1.9641053e-01  -1.1513154e-01  -2.6270530e-01   1.6824072e-01   4.6180058e-02   1.7710569e-01  -7.6816824e-02  -5.7582151e-03  -8.1513789e-02   3.7877148e-01   2.5836448e-01   2.3006459e-02  -2.7534917e-01   7.0471047e-02  -3.1178609e-01  -1.4333339e-01   9.5097865e-02  -2.6782373e-01  -2.2809443e-01   1.4274187e-01  -1.3298591e-01  -1.0914029e-01   1.1810525e-02   1.4859016e-01  -2.2036531e-01
   6.3440592e-01  -3.6180724e-02   7.6049703e-03   3.1731340e-02  -1.7015242e-01  -1.9211349e-01  -1.8579535e-01  -6.4513453e-02   9.5262088e-02  -7.4606067e-02  -1.2269946e-01  -3.2544513e-01   1.4122137e-01   0.0000000e+00  -1.4652955e-01  -1.2543847e-01  -4.9073359e-03  -1.8441012e-02  -1.5415941e-01  -1.3392046e-01  -1.3014992e-01   2.7795504e-02  -1.2120830e-01   6.8025088e-01  -1.9403806e-01  -6.9706390e-02  -1.5001936e-01   2.2718432e-01  -1.6535862e-01  -2.5673102e-01  -1.5456287e-01  -3.2842985e-02  -3.5463124e-01  -2.8844136e-01  -7.4153122e-02  -2.9881940e-01  -1.1559661e-01   3.5295998e-01  -8.3566477e-02  -2.4758500e-01  -7.4056684e-02  -2.1916464e-01   2.3896613e-02   2.5181807e-01   1.4114177e-01   2.7577496e-01  -5.9522482e-02  -4.7846421e-01  -8.7344304e-02  -2.3722925e-02  -2.1286256e-01   7.3507396e-04  -3.1974468e-01  -1.1505402e-01   2.2222323e-01  -1.4915645e-01  -1.8160569e-01   1.8804133e-01  -4.9977553e-02   6.1777809e-02   2.1571908e-01   8.7982764e-02  -2.9785877e-02  -2.1272148e-01  -2.0003745e-02  -2.1078426e-01  -1.0616691e-01  -1.4555391e-01  -2.2556754e-02   2.2611924e-01  -2.2211233e-01   4.1105080e-02  -1.5569870e-01   1.4701726e-01  -8.7890436e-02  -9.5364912e-02   2.1495388e-01   1.3536400e-01  -3.3888871e-01  -1.2638443e-01  -3.9891061e-02  -8.6807480e-02  -2.4967728e-01   4.3074373e-02   3.0753985e-01   1.1051106e-02  -1.0719365e-01   4.5311316e-01  -4.1814534e-01   5.3844717e-01  -1.1596976e-01   1.1359672e-01  -2.5729536e-01   7.6997755e-02   1.8607405e-01  -2.0840734e-02   2.4282408e-02  -1.8148264e-01  -5.5579088e-02  -6.6240579e-02   2.5381546e-01  -2.0105448e-01  -1.4184330e-01   1.7269380e-01   5.9131018e-02  -1.1590156e-01  -4.2254852e-02   6.8988116e-02  -1.4266026e-01   2.5031772e-02  -3.7019762e-01   6.8950388e-02  -4.0403918e-01   5.2657632e-01   2.8072270e-01  -4.5679446e-02  -3.6204521e-02  -1.3022840e-02   1.0781253e-01  -5.9288687e-02   3.6490223e-01  -1.5502261e-01  -2.6708042e-01   6.9040862e-02   3.6139486e-01   5.1605499e-01  -1.9780166e-01  -2.0753379e-02   9.3016089e-02   1.3643248e-01  -7.5896313e-02  -2.7042383e-01   5.1216005e-01  -1.5119752e-01   9.1917906e-02  -2.2507342e-01  -5.5812656e-02  -1.6714558e-01  -2.7934948e-01   3.9779928e-01   6.8726356e-01   9.4082301e-02  -1.7583639e-01   1.6813813e-02  -2.5335360e-01   5.2532389e-02  -3.5147262e-01   1.5246658e-01   7.6489076e-02  -4.1374254e-02   3.5927653e-01  -1.1712172e-01   3.4898564e-01  -1.9938347e-01  -1.8682157e-01   4.9772024e-01   4.4846566e-01  -1.6551820e-01   1.9416105e-02  -1.4751375e-01  -6.8309934e-02  -8.1627242e-02   1.7458099e-01   2.2182625e-01  -9.9510826e-02  -1.9400113e-01  -3.2308466e-01   1.2448215e-01   3.0448884e-01  -1.7022498e-01  -1.1164949e-01   2.9083561e-01  -1.4046471e-01  -1.8154617e-01  -1.2410551e-01  -6.4312570e-02  -6.2129061e-03
