   0.0000000e+00  -3.6018722e-02   2.3531935e-02  -1.9540899e-02   6.9249581e-02   2.3607707e-02  -4.3111697e-01   1.1190745e-01  -2.4185384e-01  -1.9406859e-01  -1.7031035e-01  -1.3532647e-01  -2.5728143e-01  -2.5235785e-01  -5.0272003e-01   1.0412247e-01   2.5996392e-01   7.3958560e-02   7.6640004e-02  -7.9953536e-02  -1.5823808e-01   2.9626827e-02  -5.3691887e-01   1.1123005e-01   1.4209808e-01   2.2290411e-01  -2.2376507e-01   1.7748449e-01   2.1090961e-02  -1.3840291e-01  -1.8260797e-02  -1.2374390e-03   1.1467777e-01  -1.9071824e-01  -4.4653713e-01  -2.3290505e-01   5.8665059e-02  -7.4511401e-02   2.1004295e-01   1.2737872e-01  -1.0662612e-01   2.2567113e-01  -2.1360866e-01  -1.1177538e-01  -5.0133960e-01   2.4074016e-01  -2.1585618e-01  -1.0036544e-01  -6.8897406e-02   3.0292702e-01  -3.5894996e-01   1.3102077e-01  -8.0196585e-02   1.6265185e-01   5.1800518e-02  -1.6706600e-01   3.1808574e-01   2.0644228e-01  -5.5911527e-02  -3.4217602e-01   2.2312359e-01  -1.4511851e-01  -2.6766018e-01   2.4626198e-02   1.3325933e-01  -3.0335797e-01   2.3880463e-02   3.6732891e-02  -1.2347621e-01  -7.0449229e-02   4.5479295e-03  -9.4561092e-02  -2.7902380e-02  -1.3693941e-01   1.7326107e-01   1.7908725e-01   3.7918889e-02  -1.4279597e-01  -4.4076425e-02   3.4760878e-02  -2.1240745e-01   1.4038169e-01   2.3376384e-02   1.7069616e-01   3.4267275e-01   2.3973918e-01  -8.0602600e-02   9.2145070e-02  -9.7289349e-02   2.6007374e-01   6.0038666e-03   1.7142199e-01  -2.6166611e-01  -1.4290648e-01   2.8793424e-01   2.0039272e-01  -4.8396134e-02   1.2427794e-01   8.4751165e-02  -3.0662285e-01   1.3663646e-01  -1.7962112e-01   6.6527278e-02  -2.5228390e-02  -1.2434662e-01   9.0541136e-02   2.5850439e-01   7.3489972e-02  -1.3575042e-01  -1.2863600e-01  -5.2334164e-02  -2.0416414e-01  -3.2753436e-03   6.3395289e-01  -1.0781145e-01   1.2055575e-01   1.7527864e-01  -2.6224560e-01   5.7416129e-02  -2.6146497e-02   8.7261140e-02  -5.7022240e-02  -3.8098985e-02   3.4777384e-01   2.2857676e-01  -3.4356889e-01  -4.7488369e-01   1.9746635e-01   6.5065172e-02   1.1063559e-01  -2.5706964e-02  -2.2548439e-01   2.1939281e-01   6.3732108e-02  -1.9035022e-01   2.4017251e-01   9.3984383e-02  -5.5549063e-03   9.2295630e-02   3.5503169e-01   2.6522620e-01   6.7223378e-02   5.7239148e-02  -2.2048139e-01  -4.6014844e-01   2.1669414e-01  -2.7087390e-01  -2.5912464e-01  -2.9360400e-01   1.2078608e-01  -1.6068493e-01   1.1580554e-01  -6.8935415e-02  -1.3565021e-01  -2.0062226e-01   1.7742069e-01   5.7329818e-02  -3.9013686e-01   1.9201614e-01  -8.3890439e-02  -7.9153094e-02   5.9496528e-02  -5.6751625e-02   1.0073022e-01   1.6564427e-01   2.9090535e-02  -6.2574155e-02  -4.0909796e-02  -9.5695290e-02   3.6494654e-01  -1.2442075e-01   9.0052053e-02   2.6285573e-02   9.7368173e-02   1.1368065e-01   1.0003613e-01   1.9100518e-01
  -3.6018722e-02   0.0000000e+00  -2.2098245e-02  -1.0107983e-01  -5.4910112e-02  -1.5912022e-02  -1.0228848e-01   9.8395613e-02   5.3459977e-02   1.7539901e-01  -1.9852282e-01   1.2575227e-01  -2.4599442e-01  -2.1154596e-03  -1.5950121e-01  -1.5265768e-01   7.9121545e-03  -3.0967037e-01   2.4507644e-01   2.9527615e-02  -6.1814360e-02   1.1482631e-01  -3.5230865e-01   7.4241795e-02  -1.5863994e-01   2.8950837e-01  -1.8255506e-01   1.7995513e-01  -7.4904416e-02   1.5370724e-02   3.2055890e-01  -2.7174253e-01   1.6860912e-02   1.2880226e-01   1.6129027e-02  -4.8062056e-02   3.0472228e-01  -6.9942952e-02  -8.6693396e-02   9.2544379e-02  -1.4667141e-01  -3.4899084e-01   2.7337305e-01   7.4411286e-02  -1.6285722e-01  -7.3368432e-03  -1.5565661e-01   1.8714688e-01   1.2187945e-01  -5.6659960e-02  -4.4433437e-01  -1.2331402e-02   4.9782177e-01  -3.3189095e-01  -2.3282235e-01  -5.0235498e-02  -1.6748520e-02  -2.5700090e-01  -1.6260921e-01   9.0067179e-02  -1.7294080e-01  -1.0833645e-01   1.5236364e-01   4.3909016e-01  -1.7842823e-02  -1.1121346e-01  -4.7321433e-02   8.2530050e-02  -3.8411094e-01  -7.4119212e-02   5.9344523e-01  -6.1703998e-01  -9.4115200e-02  -2.7655739e-01  -2.1714476e-01   1.4469537e-02  -3.4788457e-01   8.0250200e-02  -2.1066733e-03  -3.6952692e-01  -2.1694347e-01  -6.6467823e-02   9.3319107e-02   2.9216932e-01   8.9116081e-02  -2.6519793e-01   3.7478916e-01  -1.2002555e-01   2.5526923e-01  -1.9976215e-01   1.2766219e-01  -3.0635940e-01  -4.9615721e-03  -1.5384957e-01  -2.0316066e-01   7.1342242e-03  -3.8829981e-01   2.3120257e-01  -3.2920606e-01  -2.1131003e-01  -2.6827730e-02  -3.0953054e-01   2.6018569e-01   5.6951090e-01  -3.8041795e-01  -1.0856614e-02  -3.6616111e-01  -1.7693612e-01  -2.8967286e-02  -1.0243567e-02   1.4873153e-01  -3.7228876e-01  -1.9728291e-01  -1.8574688e-01  -3.1228504e-01   2.1642865e-01   1.3639145e-01  -6.2724159e-02   3.0650567e-01  -5.3633020e-01  -2.2913940e-01   3.7992105e-02  -7.3287063e-02   2.1181192e-01  -1.3941205e-01  -1.9917738e-01  -1.8598538e-01  -2.7193594e-01  -1.3568115e-01   2.2671937e-01   8.0527674e-02   1.3780080e-01   7.7862299e-01   1.7433580e-01  -2.5261544e-01   5.5799961e-02  -9.6657361e-02   3.3901961e-01  -3.8617317e-01   1.4838975e-01  -1.1316291e-01   1.4552849e-01   1.3488256e-02   2.5577404e-02  -7.1905649e-02   1.4765274e-01  -1.7856400e-01  -1.0936440e-02  -2.5291153e-01   1.1298694e-01  -3.1027462e-01   3.4989249e-01  -3.6278644e-01   1.5385297e-02   3.6690663e-01   2.3227762e-01   4.5932735e-02  -1.2923434e-01  -3.4977721e-01  -2.6597474e-01  -2.0646965e-01   2.6569717e-01   7.3287808e-02  -1.1897560e-01  -3.3575670e-01   2.1624694e-01  -1.4584671e-01   3.2423750e-01  -2.8807466e-01   2.6438161e-01  -1.8757371e-02  -2.6827385e-01   1.3503568e-01   2.3693156e-01  -8.5221954e-02   2.2891982e-02   2.4596948e-01
   2.3531935e-02  -2.2098245e-02   0.0000000e+00   1.4015690e-02   2.4443388e-01  -4.6866835e-01   3.4493141e-02  -3.5751407e-01  -9.2565830e-02   2.1746612e-01  -6.1161710e-01   5.5684197e-01   1.1433145e-01  -4.2477278e-02  -1.2357545e-01   2.4378769e-02   7.5119104e-01  -2.5481129e-01  -3.1971315e-01   2.9694126e-01  -8.5683370e-02  -1.3854794e-01   1.3144202e-01  -3.3932357e-01   3.3949322e-01  -3.5431445e-01  -6.7075475e-02  -3.0606393e-01   1.0305356e-01  -4.6002636e-01  -2.5091378e-01  -9.2166709e-02   2.3108844e-01   4.1234178e-01   1.6233048e-01   1.0920274e-01  -1.6161124e-02  -3.8831554e-01   1.1987446e-01   3.3529610e-01  -6.0061981e-03   2.9962964e-01   3.6031270e-02  -2.3268402e-01  -6.4416511e-02   5.6064685e-01  -1.0744736e-01  -4.3546782e-01  -1.5956747e-01   6.7997008e-01  -1.3434174e-01  -5.0044343e-01  -1.1486679e-01   2.7204603e-01  -2.2150199e-01  -5.0715446e-01  -2.8203179e-01  -2.1035792e-01  -5.8236365e-02   1.0989075e-01   4.2062654e-01  -1.9374430e-01  -6.5775577e-02  -3.7437349e-01  -1.8419497e-01   2.6363755e-01  -3.6922548e-01  -1.4515329e-01  -3.4190010e-01   5.2783068e-01  -2.4646058e-01   2.5966086e-03   2.9789742e-01   5.5632613e-01   3.5518910e-01  -2.8820355e-01   1.0856141e-01  -1.0591007e-01   3.7061290e-01   1.1544562e-01  -3.3989320e-01   1.6529541e-01  -7.4376752e-02  -2.4495655e-01   3.4290458e-01  -2.3102212e-01  -2.1494227e-02  -9.7831378e-02  -2.6997798e-02   4.6242073e-03   3.5746411e-01   6.1823771e-01   6.4717672e-02  -3.5707041e-02  -1.0476378e-01   4.6956017e-01   2.5734786e-01  -3.0734668e-01  -1.6159329e-02   2.9608922e-01  -3.5515036e-02  -5.0612869e-01  -3.6952062e-01  -9.1540236e-02  -3.5084008e-02   9.4358001e-02   3.9037314e-01  -4.1006456e-01   1.8679417e-01  -1.3905850e-02   5.8888060e-02  -1.9667440e-01   5.6251699e-02  -9.7478503e-03   8.9656180e-02   1.5885649e-01  -2.6151246e-01   9.0867981e-02  -2.0264909e-02   2.5006751e-01  -2.4496516e-01   4.7001348e-01   2.6051405e-01  -3.6260544e-01   1.1169875e-02   1.9437081e-01   3.7721109e-02   3.9835460e-01   9.7729518e-02   4.3597620e-01   1.7582260e-01  -2.9243883e-01   8.8723528e-02  -2.2017053e-01   1.8888313e-01  -4.9012918e-01   4.4465917e-04  -4.5047064e-01  -4.4143513e-01  -1.6350118e-01   1.8791628e-01   1.4989784e-01  -3.8264773e-01  -5.3102232e-02  -9.6645783e-02  -2.9709827e-01   4.3728669e-01   5.7971595e-02   2.7178022e-01   2.5793026e-01   2.8648217e-01  -3.1246036e-01   6.1475060e-02  -4.5014684e-01   1.5247938e-01  -9.8833928e-02  -1.4465072e-01   6.0004026e-02   4.3281726e-01  -4.0814094e-01   1.4698005e-02  -4.9336041e-01   4.3880634e-01  -2.9337036e-01   2.9251220e-01  -1.2235591e-01  -2.4482019e-01  -3.1463175e-01   2.8273124e-01  -2.4093796e-01   2.8642462e-01  -1.0983761e-01  -2.9668374e-01  -4.0003736e-01   1.2587080e-01  -1.0511087e-02  -1.0443677e-01
  -1.9540899e-02  -1.0107983e-01   1.4015690e-02   0.0000000e+00   6.9649096e-02  -2.0452822e-01  -3.7175006e-01   1.3415074e-01   4.5159395e-01  -3.6313834e-01  -3.4821109e-02  -6.8768420e-02  -2.4532874e-01   6.4896489e-02   1.9673885e-01   3.2773019e-01  -1.0612092e-02   4.9265839e-01  -5.4702889e-02  -2.8188262e-02   3.3481348e-01   4.4910323e-02   4.2365663e-02   1.5575218e-02   5.7852863e-01  -4.0028008e-02  -1.8507436e-01  -3.6164586e-01   2.1620480e-01  -1.3917116e-01   8.7413771e-02   5.9324479e-01   6.2910227e-01  -1.7960351e-01  -1.4955529e-03   1.1414758e-01  -3.5572123e-01  -8.0996206e-02   2.8874637e-01  -2.8211921e-01  -1.3638051e-01   2.6702802e-03   2.1406716e-02   2.4687129e-01   2.6478435e-01  -7.8092952e-02   1.5789483e-01  -2.3205802e-01  -2.9898805e-01  -4.9423727e-02   2.1997690e-01   4.9161702e-03  -2.0703692e-01   3.9771349e-01  -1.8591025e-01  -8.1180994e-02  -9.8155441e-02   5.7514121e-01   4.1297046e-01   2.8760842e-01   3.2619269e-01   1.0172961e-01   1.9401271e-01  -2.8729143e-02   1.7500000e-01  -6.5172030e-02   2.2506350e-02   5.1533435e-01   2.3395432e-01  -3.0128657e-01  -1.8735380e-01   4.5427528e-01   2.7484324e-01   9.3458865e-02   3.8872051e-01   3.0368718e-01  -7.1027890e-02   2.9708283e-01   1.3902643e-01   4.8226259e-01  -3.4885977e-01  -1.5529149e-02  -1.1748186e-01   2.0234022e-01   8.3241061e-02   2.8886170e-01  -1.2403294e-01   2.1895555e-01   2.3746247e-01  -1.1787197e-02  -8.6670852e-02   3.9071111e-01  -2.5770231e-01   4.4029989e-01  -8.6265205e-03  -1.1946926e-01   4.4113608e-01   2.1220052e-02   3.1416710e-01  -1.0057035e-01  -3.0791282e-02  -2.5945724e-02  -1.0485878e-02   2.1563733e-01   5.4075773e-01   4.4363123e-01   4.5911372e-01   1.0559555e-01  -1.8947097e-01  -2.5019734e-02  -3.7123302e-01   1.0926520e-01   7.0400055e-01  -4.0583898e-03  -4.8580591e-02  -8.8222855e-02   1.8168405e-01   1.5551211e-01  -1.5705514e-01   6.0309074e-01   3.9913863e-01  -1.2631845e-01   2.7567651e-01   2.3346068e-01  -1.6691935e-01   1.5943348e-01   2.5027742e-01   6.2128775e-01   5.3773683e-01  -3.8392160e-01  -1.5657775e-01  -1.6958824e-01  -9.9999561e-02  -3.1480689e-01   4.8885459e-01   2.5937471e-01   5.9348442e-01  -1.4989336e-01   1.8383942e-01  -7.2127886e-02   2.0225846e-01  -4.4949427e-01  -3.1473310e-02  -3.6778942e-01   6.3598099e-02   1.0715345e-02  -8.5392864e-02   9.1577595e-02  -8.2099463e-02  -3.4582495e-01   1.9785563e-01   9.5548938e-03   5.4869231e-01  -2.4472913e-01  -2.6060968e-01   1.5725408e-01   1.7131216e-01   2.2679097e-01   2.2597406e-01  -1.8670769e-01   5.0761972e-01   9.4141857e-02  -2.4130424e-01   4.5690863e-01   4.1886930e-01  -2.2250242e-01  -1.9729231e-01  -1.2832739e-01   1.7791137e-01   7.3630691e-03  -1.2825999e-01   1.3906997e-01   1.8855950e-01  -1.8437360e-01   4.5084264e-01   4.4374609e-01   2.7923082e-01
   6.9249581e-02  -5.4910112e-02   2.4443388e-01   6.9649096e-02   0.0000000e+00  -4.9304848e-01  -3.6750567e-01  -3.2354537e-01   6.6105056e-02   2.1196148e-01  -3.3646505e-01   1.2161570e-01   4.0394597e-01  -7.0155419e-02  -4.3111663e-01  -1.7236625e-01   4.3527136e-01   8.8683379e-03  -3.1258162e-01   7.7556870e-01  -1.4510178e-01   1.2497068e-01   5.9560568e-02  -1.0243052e-01   3.2264625e-02  -3.1776963e-01   1.4615200e-01  -2.2519140e-01   5.2559966e-02  -1.3785332e-02  -3.1942259e-01  -1.4178589e-01   3.8497344e-03  -2.9432046e-03  -2.9058990e-01   2.8338710e-01   2.5741653e-01  -5.8487307e-02   5.0473225e-02   2.4629023e-01   3.8382033e-01  -2.7459488e-02  -1.7002905e-02  -2.6477248e-01   1.2603326e-01   2.5465670e-01  -1.2276034e-02  -2.1354134e-01   2.8429258e-01   3.9537905e-01  -1.4097245e-01  -2.1083873e-01  -3.6701135e-04   1.0536864e-01   3.0276849e-02  -4.2791232e-01  -2.5181890e-01  -1.5956319e-01  -2.8986611e-02  -3.0975167e-01   3.3833059e-01   2.8389101e-01  -2.0134379e-01  -1.7156684e-01  -1.5944245e-01   3.6180172e-01  -2.9184831e-01  -1.8261891e-01  -2.8735479e-01   7.4800899e-02  -2.2912557e-01   4.5832683e-03   2.8798806e-01   3.3192841e-02   1.7796641e-01  -1.0778078e-02   2.5998618e-01  -7.1939498e-02   6.5161542e-01   7.8793172e-03  -4.9413515e-01   1.4773697e-01  -3.9107356e-02  -1.8953391e-01   1.0225840e-01  -1.2342977e-01   4.2076285e-02   3.4527632e-01  -1.3031823e-01   1.9360670e-01   7.3273345e-01   3.0853526e-01  -6.6246622e-03  -3.1009069e-01   2.3889740e-02   6.5007338e-01   2.6910645e-02  -2.6233826e-01   1.7836754e-01   1.6641708e-03  -1.5930723e-01  -5.1534725e-01  -2.1145616e-02  -3.0813784e-01  -1.3402654e-01   1.8834150e-01   2.0297313e-01  -2.9477278e-01   4.3092950e-01   3.3198752e-01  -1.3437474e-01  -1.9223024e-01  -8.6861746e-02  -1.4559101e-02   4.5858452e-02   4.5973431e-01  -1.7153565e-01   2.9510312e-01  -2.5324807e-01   7.2791798e-02   3.5477862e-01   7.7837510e-01   9.4576440e-02  -1.8233976e-01   2.9084787e-01   4.6968787e-02  -2.8461110e-01   2.0905581e-01   1.7692896e-01  -2.9426514e-02   1.7492614e-01  -3.0782991e-01  -5.2631900e-03  -2.2145616e-01  -7.7470352e-02  -1.9835138e-01  -8.4879127e-02  -2.7545770e-01  -1.5028627e-01   1.6206249e-01   2.8144833e-01   4.1782813e-01  -4.4263748e-01  -4.1846151e-01  -4.4754537e-01  -3.9027665e-01  -1.1996787e-01   3.2664578e-01   2.7173153e-01   4.2334321e-01   2.4984302e-01  -1.2046630e-01   6.7019041e-02  -1.2969530e-01  -1.2814233e-01   1.5447169e-01   2.1121724e-01  -7.8295401e-02   1.9556190e-01  -1.9065750e-01  -1.2265300e-01  -2.9426959e-01   5.2906042e-01  -1.2789259e-01   6.5251643e-02   8.6799085e-02  -3.0526470e-02  -4.1325418e-01   6.6135682e-02   1.2273923e-01   4.0391054e-01   7.0846378e-02   6.8268251e-02  -4.3158651e-01  -1.3505149e-01  -7.2499937e-02   2.9524747e-01
   2.3607707e-02  -1.5912022e-02  -4.6866835e-01  -2.0452822e-01  -4.9304848e-01   0.0000000e+00   1.9008435e-01   6.6483750e-01   6.5109563e-02  -1.1483036e-01   6.3422095e-01  -2.5658525e-01  -1.7259042e-01  -5.9357848e-02   2.1602563e-01  -2.1350423e-02  -4.0878993e-01  -5.6206791e-02   6.0815810e-01  -3.0588428e-01  -1.0877083e-01  -1.1490641e-01  -3.0454058e-01   3.1017199e-01  -2.9419879e-01   6.1864910e-01   2.2264203e-01   4.6812670e-01  -1.9323655e-01   1.1790300e-01   2.3085122e-01   1.6213248e-01  -2.0509422e-01  -2.4339605e-01  -8.2921341e-02  -4.4805124e-01   4.6285040e-02   3.3511301e-02  -2.3987373e-01   3.8819765e-02  -9.7614518e-02  -6.7952207e-02  -5.8326544e-02   5.2832589e-01  -2.9139029e-01  -3.7073124e-01   3.5541236e-02   4.3395493e-01  -6.2843021e-02  -4.2895306e-01   4.8000501e-02   6.5528745e-01  -3.7998673e-02  -2.0106282e-01   3.3424086e-01   7.1441594e-01   6.8190620e-01   2.5058069e-02   1.2706693e-02   1.4403438e-01  -2.6912429e-01  -1.9098565e-01   2.1519137e-01   2.5226905e-01  -2.4624831e-01  -4.1389107e-01   7.3903605e-01   3.2270969e-02   3.7470975e-01  -3.4956118e-01   2.1369531e-01  -6.6618592e-02  -4.8331384e-01  -2.7975786e-01  -1.7833231e-01   1.5730622e-01  -1.0534923e-01   3.0283747e-01  -6.2200677e-01  -1.7246491e-02   5.0946195e-01  -3.9262645e-01   2.9029289e-01   4.7193559e-01  -3.0783083e-01   1.1190864e-01  -3.2815450e-02  -1.5083653e-01  -1.8351191e-02   9.1222074e-02  -5.5101322e-01  -2.5466479e-01   2.3583221e-02   1.4688836e-01   1.4287480e-01  -4.6765528e-01  -9.0981354e-02   6.4647115e-01  -2.0016662e-01  -2.1927791e-01   1.6706485e-01   5.1499246e-01   2.5829110e-01   5.7597455e-02   7.7686026e-02  -1.3571585e-01  -2.9921738e-01   7.3948803e-01  -3.4171232e-01  -1.5470318e-01   2.6441134e-01   2.2751300e-01  -2.0272247e-01   2.2744578e-01  -3.2994315e-01  -3.4813770e-01   4.8201326e-01  -2.2890111e-01   4.2308683e-01  -1.1849592e-01  -4.3446878e-02  -5.9528762e-01  -5.1696272e-02  -5.9682347e-02   2.4461956e-02  -2.7170534e-01  -3.2701775e-02  -3.4613127e-01  -2.1758697e-01  -9.7762029e-02  -3.6870941e-01   3.2198880e-01  -1.0876084e-01   5.0648771e-02  -4.0770197e-02   3.7635768e-01   1.6633148e-02   6.6673342e-01   2.9285570e-01   1.7170964e-01  -6.8836032e-02  -2.4341305e-01   7.1184651e-01   1.6758660e-01   1.3030297e-01   3.3084006e-01  -2.6568698e-01  -4.1173909e-01  -4.4977046e-01  -4.4739326e-01  -4.7287037e-01   5.4704906e-01  -9.8336780e-02   5.5822152e-01   3.9799708e-01  -1.7845794e-01   2.5207855e-01   1.3966785e-03  -1.5285056e-01   3.9461284e-01   2.0321648e-01   6.5691505e-01  -4.2658683e-01  -7.3772053e-02   3.9732489e-02   1.0618925e-01   3.7192719e-01   5.8726150e-01  -1.3957445e-01   2.3167642e-01  -5.2064622e-01   2.2492856e-02  -2.7593401e-01   6.4804498e-01   6.5072729e-02  -6.8731598e-03  -6.5677333e-03
  -4.3111697e-01  -1.0228848e-01   3.4493141e-02  -3.7175006e-01  -3.6750567e-01   1.9008435e-01   0.0000000e+00  -6.4825293e-02  -1.6234969e-01   3.9180294e-01   6.7587113e-02   3.2525945e-01   1.3606833e-01   9.3545031e-02   2.4596095e-01  -1.6633450e-01  -2.2887907e-01  -2.0003296e-01  -6.6042542e-02  -6.3470291e-02   1.2292540e-01  -2.8947612e-01   5.3880523e-01  -2.9578679e-01  -3.2945265e-01  -7.2309881e-02   1.2278721e-01  -1.1563258e-01  -3.0479729e-01   2.2263126e-02   7.3565226e-02  -1.2051760e-01  -3.3217619e-01   4.1935720e-01   4.2582094e-01   8.3116168e-02  -1.0746047e-02  -3.3156317e-03  -2.5372779e-01   9.2648344e-02   1.2327458e-02  -1.3047125e-01   3.0263715e-01  -2.2635086e-02   1.5329726e-01  -1.5604827e-01  -5.5226797e-02   2.3264284e-01   3.8976532e-02  -2.3300185e-01   3.6571376e-01  -4.5283968e-02   9.0125829e-02  -3.1841827e-01  -6.4527449e-02   3.4624711e-01  -3.8070357e-02  -2.4448074e-01  -1.4136605e-01   2.6913671e-01  -3.2921482e-01  -9.2940553e-02  -4.5231133e-02  -7.9411460e-02  -1.1532794e-01   2.6768098e-01   3.4241609e-02  -1.5633381e-01  -7.8789070e-02   3.6953699e-01   1.7377721e-01   8.1663952e-03  -1.3483634e-01   1.4485039e-01  -4.2264458e-01  -3.5849583e-01  -1.1031009e-01   6.9909323e-02  -2.0285873e-01  -2.5605071e-01   5.5422830e-01  -1.6220188e-01   1.0564959e-01  -1.0561137e-01  -5.0495856e-02  -3.0236620e-01  -7.2289224e-02  -1.8638731e-01  -1.9707026e-01  -2.2980003e-01  -3.2881912e-01  -3.0603134e-01   3.0878233e-01  -9.1576076e-02  -2.5351306e-01  -1.2290361e-01  -1.5196225e-01  -6.3661679e-02  -2.1656178e-01   5.3526269e-01   1.6962188e-01   2.8959762e-01  -8.3209118e-02  -2.7450525e-01  -8.6816554e-02  -4.5783566e-01  -3.9678949e-01   6.2743854e-02  -2.2810564e-03  -1.2012702e-01   4.6030355e-01   3.3243589e-01  -2.8065009e-01  -2.7706328e-01   2.0008761e-01  -3.1666247e-01  -1.7777369e-01  -1.3985008e-01   1.2382250e-01  -2.4106270e-01  -4.4451895e-01  -9.4527136e-02  -1.8086542e-01  -3.0873939e-01  -2.7898243e-01   2.4830934e-01   3.1586599e-01  -4.7446615e-01  -3.4715560e-01   1.4752460e-01  -1.1002089e-01   3.1074568e-01  -1.9219301e-01   1.9359754e-01  -1.0825429e-01  -2.4176172e-01  -2.4937840e-01   3.7216906e-02  -7.4915072e-02  -3.7402020e-01  -3.4635542e-01   1.0366951e-01   1.0717605e-01   5.8549522e-01   3.1220914e-01  -1.8706111e-01   6.4844085e-01  -1.2488564e-02   3.2169159e-01  -3.1909210e-02   1.0632482e-01  -2.2286512e-01  -2.7639537e-01   1.1514108e-01   1.3454074e-01  -4.9688557e-01  -3.9447318e-01   1.1972795e-01  -2.3859618e-01   1.9119607e-01  -6.7725832e-02  -1.3473870e-01   1.1862728e-01  -2.9601209e-01  -1.7147638e-01   2.0722775e-03   1.8680862e-01   2.4074046e-01   5.5192317e-02  -3.7704658e-01   4.3681011e-02  -3.2262830e-01  -3.0532301e-01   4.8499471e-02  -2.5024975e-01  -2.8583553e-01  -5.2128795e-01
   1.1190745e-01   9.8395613e-02  -3.5751407e-01   1.3415074e-01  -3.2354537e-01   6.6483750e-01  -6.4825293e-02   0.0000000e+00   3.0892298e-01  -2.1986932e-01   4.1293675e-01  -2.5299843e-01  -2.6568750e-01  -2.4694155e-01   3.0460609e-01   1.6057957e-01  -3.0657455e-01   1.4300235e-01   6.4812017e-01  -2.0754165e-01  -1.1925366e-01   2.3865085e-02  -3.1314020e-01   2.4878506e-01  -7.0279394e-02   7.7895500e-01   2.5399375e-01   2.3515084e-01  -4.2438423e-02   8.8304679e-02   3.8818775e-01   2.9838063e-01   1.4444244e-01  -3.7050526e-01  -7.1956468e-02  -4.2318290e-01  -1.0230503e-01  -6.0405891e-02  -1.7863935e-01   3.7336571e-02  -2.9244102e-02   1.1848006e-01   1.2239028e-01   7.8474140e-01  -1.8928953e-01  -3.8268260e-01  -3.1878409e-02   3.9941472e-01  -1.4906606e-01  -2.2222499e-01   1.6945584e-01   6.8383941e-01  -7.4780149e-02   3.2277608e-02   2.0199819e-01   7.4207596e-01   4.1292864e-01   2.6644335e-01   3.3939603e-01   3.7289481e-01  -1.2242765e-01  -2.5432218e-01   4.7724165e-01   4.0706527e-01  -9.3123829e-02  -5.0398547e-01   6.1089097e-01   2.5733321e-01   2.6234011e-01  -5.0261299e-01   2.2353065e-01   5.9389248e-02  -3.3402166e-01  -3.8304484e-01   4.7988004e-02   4.0946384e-01  -3.4120708e-02   6.0391861e-01  -5.1612799e-01   2.6746774e-01   2.5446693e-01  -4.3873110e-01   1.4331194e-01   7.2318583e-01  -2.7529378e-01   9.7798381e-02  -3.9018507e-02  -1.2952085e-01   2.7939243e-01  -3.7152638e-02  -5.6467845e-01  -5.7558727e-02  -2.6822672e-01   4.0255523e-01   1.1083407e-01  -3.9912756e-01   1.4949804e-01   7.5518373e-01  -8.5212198e-02  -3.2689145e-01   1.5626646e-02   3.6852958e-01   4.7207012e-01   2.2571660e-01   1.9668229e-01   4.5492537e-02  -5.5499769e-02   6.9168540e-01  -1.2691659e-01  -2.8992526e-01  -1.2073975e-02   9.0861893e-02   1.8110810e-01   1.7167673e-01  -6.4371930e-01  -4.1312490e-01   7.4800218e-01  -1.2818156e-02   3.6960574e-01   2.9840231e-02   1.2058752e-01  -5.5270792e-01   1.8713445e-01   1.9242741e-01  -2.5452344e-02  -3.3032345e-01   1.2227562e-01  -3.0788964e-02   6.8599751e-02  -1.6385304e-01  -3.2210313e-01   5.4379171e-02   4.0273215e-02  -6.5785717e-02   2.1130228e-01   5.8816755e-01   3.7567431e-01   6.9595645e-01   1.4536258e-01   2.2990937e-01   1.4634875e-01  -4.3419718e-01   6.6566905e-01  -2.5509335e-01   9.3548802e-02   4.4669326e-01  -3.9274265e-01  -5.8824183e-01  -5.6645331e-01  -5.8970781e-01  -6.0662712e-01   8.0348088e-01   1.8162560e-01   2.4532200e-01   2.4520079e-01   4.0377671e-02   3.4033992e-01  -5.7864694e-03   3.9629523e-03   2.7493263e-01   4.1609125e-01   7.3384899e-01  -4.6034938e-01   1.6813450e-01   2.3821871e-01  -3.3997332e-02   7.9964829e-02   5.0699934e-01  -7.6315381e-02   3.1675499e-01  -6.1077790e-01   8.9000879e-02  -2.7221699e-02   4.5728653e-01   1.6096419e-01   2.3532226e-01   1.6959998e-01
  -2.4185384e-01   5.3459977e-02  -9.2565830e-02   4.5159395e-01   6.6105056e-02   6.5109563e-02  -1.6234969e-01   3.0892298e-01   0.0000000e+00  -2.6218263e-01   1.0205411e-01  -1.6853028e-01  -7.0834141e-02   6.3923180e-02   3.4414101e-01   1.1178529e-01  -1.1142598e-01   2.0083699e-01   1.8627435e-01   1.7112534e-02   1.2917302e-01   3.0317302e-01   5.3006410e-02   1.0431623e-01   1.3322982e-01   1.1184621e-01   6.1857951e-02  -2.0878230e-01  -6.5188512e-02   1.0803616e-01   2.5601964e-01   5.2501630e-01   3.0154729e-01  -2.5941288e-01   2.7907442e-01   2.0615669e-02   1.2994481e-02   5.3414744e-03   3.3645855e-02  -1.7472253e-01   5.4951252e-02  -1.5169704e-01   1.6698739e-01   3.8325907e-01   3.3108885e-01   2.5450090e-02   1.2501132e-01   4.8609707e-02   8.3279652e-02  -1.2209227e-01   2.1936881e-01   3.4082519e-02  -2.9873273e-01   1.6835458e-01   4.1099236e-02   1.3322046e-01  -1.0454034e-01   4.2077785e-01   2.1127865e-01   2.6080516e-01   2.9628368e-02   1.0092074e-01   2.9734485e-01   3.5925794e-02  -3.3807707e-02  -7.2604149e-02   5.1521599e-02   3.5848336e-01   2.0224931e-01  -1.4491975e-01   1.1340212e-01   1.9014010e-01  -5.3227363e-02  -9.7399639e-02   1.5347906e-01   3.0717234e-01   2.9078863e-02   3.8186402e-01  -6.8191003e-02   3.2048736e-01  -6.1990456e-02  -2.2108521e-01  -1.5948217e-01   2.5231827e-01  -3.7478105e-02   1.8431515e-01   1.6485804e-01  -1.7544871e-01   2.7230273e-01  -2.1996404e-02  -2.9339836e-02   7.8399895e-02  -2.3134123e-01   5.3492302e-01   7.3876240e-02  -2.7381136e-01   2.0487885e-01   1.1667270e-01   9.7946836e-02   2.7953925e-02   9.8103787e-02   7.6780590e-02   2.0907048e-01   4.2541485e-01   3.4879355e-01   3.7309875e-01  -3.0552536e-02   1.6190677e-01   8.5743669e-02   1.8447032e-02  -4.4151161e-01   9.6842739e-02   2.3666938e-01  -1.0933272e-02  -1.2573058e-01  -2.2141838e-01   2.7288083e-01   1.6593853e-01   7.5526102e-02   2.5229032e-01   2.1370295e-01  -1.2567257e-01   5.2928169e-02   1.0379671e-01   8.8781945e-02  -1.5519339e-03   2.3550288e-01   1.3428953e-01   2.9516679e-01  -8.0838660e-02   2.1921043e-02  -1.3059437e-01   9.3807358e-02  -2.0243468e-01   3.2136186e-01   2.8255992e-01   4.2465041e-01   1.3564991e-01   7.9649224e-02   7.7713496e-02   1.4012216e-02  -1.5855114e-01   1.8739405e-01  -1.9014006e-01   1.6474515e-01   4.1981765e-02  -7.5764025e-02  -5.9172904e-02  -1.6473832e-01  -2.3340036e-01  -9.5442223e-02   2.9276240e-01   3.4155402e-01  -5.6727683e-02   4.4491016e-02   6.2100691e-02   1.9596310e-01   3.9756628e-01   4.4119126e-02  -1.2528314e-02   2.6751288e-01   2.7002489e-01  -1.9181534e-01   2.9609066e-01   1.3670542e-01  -1.4015286e-01  -1.5302020e-01   7.2980428e-02   1.7906381e-02  -6.9306168e-02  -1.6915486e-01   1.6867200e-01   1.8902947e-01  -5.3500505e-02   1.9671525e-01   3.2429632e-01   3.0407400e-01
  -1.9406859e-01   1.7539901e-01   2.1746612e-01  -3.6313834e-01   2.1196148e-01  -1.1483036e-01   3.9180294e-01  -2.1986932e-01  -2.6218263e-01   0.0000000e+00  -1.8055855e-01   4.9667642e-01   5.0968130e-01  -6.1198382e-02  -1.4414205e-01  -3.7191619e-01   6.7542570e-02  -1.5822163e-01  -1.6695131e-01   4.2675881e-01  -8.8755082e-02  -2.4811657e-01   2.7967515e-01  -7.4535119e-04  -3.4915842e-01  -4.8997158e-03   3.2508945e-01  -4.6295229e-02  -2.3566749e-01  -1.2253244e-01   4.0481637e-02  -2.7945084e-01  -3.9746742e-01   2.6890740e-01   3.0872807e-02   5.5186712e-02   5.5073361e-01  -1.3108818e-01  -1.5773471e-01   4.3003783e-01   4.2977194e-01  -2.9303142e-01   3.6159779e-01  -1.7975174e-01  -5.8065280e-02   2.1396766e-01  -3.9532592e-02  -5.5638428e-02   3.7171345e-01   1.2963023e-01  -1.4067261e-02  -9.0511849e-02   2.3498221e-01  -4.7661419e-01  -3.6172477e-02   4.0742087e-02  -1.6240827e-01  -2.8654865e-01  -6.7205477e-03   1.0927378e-01  -1.7624767e-01   1.2311974e-01  -3.3381586e-02  -2.2162178e-03  -1.1413283e-01   4.0744860e-01  -9.4438786e-03  -1.9595045e-01  -2.3965805e-01   4.8687195e-01   1.1278538e-01  -2.0520884e-01   1.8535555e-01  -6.6270463e-02  -1.9201153e-01  -2.2761170e-01  -1.6994842e-01   2.5040961e-02   1.0356954e-01  -3.4518730e-01   3.3346615e-02   4.6338857e-02  -1.4261517e-01  -6.7372342e-02   4.3186702e-02  -3.4176425e-01   1.5788970e-01   1.5721153e-01  -2.2525548e-01  -4.8938413e-02   2.1675733e-01  -1.2143025e-01   2.5199291e-01  -3.5310244e-01  -2.6597535e-01   5.7822707e-01  -1.2251636e-01  -1.4139219e-01  -1.3146875e-01   2.2599368e-01  -1.1819559e-01  -2.1819747e-01  -7.9584296e-02  -2.3003317e-01  -2.2949626e-01  -2.8799590e-01  -3.6346601e-01  -1.3472245e-01   3.0494255e-01   1.9353497e-01   3.6303496e-01   3.6925693e-02  -4.8508745e-01  -2.5710800e-01  -8.7385642e-03   8.9872993e-02  -8.3280199e-02   2.0725302e-01   5.2341765e-02  -2.8150902e-01  -6.6287090e-02   3.6745780e-01   1.8416557e-01  -2.9242372e-01   1.0396269e-01   7.6403574e-02  -1.0278755e-01  -3.1890362e-01  -4.0961668e-01   2.8285100e-01   2.0947431e-01   3.4337032e-02   1.5005260e-01   1.5899184e-02  -1.8030005e-01  -2.6647899e-01  -2.9014756e-01  -1.3055739e-01  -2.5215811e-01  -4.3486890e-02  -9.0439195e-02   4.2872984e-01  -5.0203145e-02   1.0750428e-01  -1.2735668e-01  -2.3328363e-01   3.2079404e-01   1.5226290e-01   2.7329136e-01   3.5942029e-01  -4.3810507e-02  -7.1400998e-02  -3.3917904e-01  -1.3610793e-01   2.4033771e-01  -9.4996938e-02  -7.0964614e-02   1.5533472e-01  -2.6428997e-01  -3.6453388e-02  -1.8481317e-01  -8.8200702e-02   5.5466241e-01  -4.6349982e-01  -1.4538214e-01   2.1793716e-02  -3.0179912e-03   6.3155627e-03  -3.1660694e-01  -8.5166987e-02   1.4312693e-01  -3.7845688e-01  -1.3108110e-01  -1.1936147e-01  -4.6454856e-01  -2.9838011e-01  -1.6930302e-01
  -1.7031035e-01  -1.9852282e-01  -6.1161710e-01  -3.4821109e-02  -3.3646505e-01   6.3422095e-01   6.7587113e-02   4.1293675e-01   1.0205411e-01  -1.8055855e-01   0.0000000e+00  -5.7609390e-01   6.9451959e-02  -3.9772435e-02   3.1141020e-01  -3.3411520e-02  -5.6362308e-01   3.9400431e-01   3.6438535e-01  -3.3431291e-01   3.1612472e-01   7.5437532e-02   6.7561392e-02   1.3380177e-01  -2.8989749e-01   3.1955336e-01   1.4222806e-01   4.2583135e-01  -2.7047918e-01   3.6806728e-01   1.2557707e-01   3.0166119e-01  -3.1917620e-01  -3.3201716e-01  -1.4460080e-01  -3.0255155e-02  -1.0297033e-01   2.0775527e-01  -1.9380945e-01  -3.7042484e-01  -1.7790808e-02  -2.2770206e-01  -8.8760529e-02   4.0451362e-01  -6.5737761e-03  -4.3529045e-01   3.7028913e-01   4.9801427e-01   3.4517464e-02  -6.8761640e-01   4.1043280e-01   4.7685949e-01  -3.3259441e-02  -1.9055647e-01   1.6904034e-01   5.7860209e-01   3.8449100e-01   1.9319983e-01   1.5673241e-01  -4.8710846e-02  -3.1507520e-01   1.4982271e-01   1.2353732e-01   1.4374877e-01  -1.7797148e-01  -1.5232256e-01   5.5146168e-01   1.6711536e-01   7.2879416e-01  -2.5870688e-01   7.4380434e-02   1.9378722e-01  -3.6960973e-01  -3.0305322e-01  -2.7486469e-01   2.4266869e-01  -1.8091012e-01   1.4439822e-01  -4.2780882e-01   6.0608454e-02   4.5642344e-01  -2.1994726e-01   2.9845378e-01   2.0673498e-01  -3.3659778e-01   3.2154456e-01  -1.5430329e-01  -4.5757275e-02   1.0469520e-01  -2.2114729e-02  -5.0095454e-01  -3.3446541e-01   2.3771706e-01   2.4549963e-01  -7.4039181e-02  -5.7052563e-01  -1.9083782e-02   4.0089938e-01  -1.5046681e-01  -1.6876300e-01   1.6956389e-01   6.1384719e-01   3.3295891e-01  -8.7416981e-02   2.9047422e-01  -4.1264834e-02  -1.7029786e-01   5.6521956e-01  -3.3459936e-01   1.6980447e-01   1.7094970e-01   3.9202215e-01   1.1550465e-01  -2.3096224e-03   2.7687817e-03  -2.2016307e-01   1.8556118e-01   1.4736142e-02   3.0873867e-01  -2.5784965e-02  -1.4437225e-02  -5.6513566e-01  -1.9562787e-01   2.4566678e-02  -1.3822604e-01  -1.5628856e-01   7.0088958e-02  -3.1262326e-01  -1.0672710e-01  -1.5376749e-01  -1.7376360e-01   5.4271520e-01  -4.1389263e-01   7.7236911e-02   8.5283711e-02   4.1892528e-01   1.4189292e-01   4.8818074e-01   5.0349201e-01   6.2264573e-02   1.7468711e-02  -1.5160715e-01   6.1560285e-01   2.8299639e-01   3.0036502e-01   2.3751484e-01  -2.0797235e-01   6.0433920e-02  -1.0030209e-01  -5.0425605e-01  -1.8518559e-01   2.7902012e-01   2.3577422e-02   7.0449953e-01   1.4268065e-01  -2.0805280e-01   1.5645350e-01   1.3176133e-01  -1.5845604e-01   4.8874733e-01   9.4616891e-02   5.4310378e-01  -2.9656903e-01   2.5253403e-01  -1.6526703e-01   1.3843625e-01   5.7052106e-01   4.6100469e-01  -5.1594339e-02   1.2301101e-01  -2.8574546e-01   5.3134471e-02   2.6410765e-02   5.9160334e-01  -1.1989282e-01   2.0206290e-01  -4.8924075e-02
  -1.3532647e-01   1.2575227e-01   5.5684197e-01  -6.8768420e-02   1.2161570e-01  -2.5658525e-01   3.2525945e-01  -2.5299843e-01  -1.6853028e-01   4.9667642e-01  -5.7609390e-01   0.0000000e+00   4.3707502e-02  -1.9077493e-02  -4.6276593e-02  -1.7620543e-01   3.4327318e-01  -3.5347495e-01  -2.5750821e-01   3.3686854e-01  -2.1704373e-01  -2.9585004e-01   2.6652113e-01  -1.9748099e-01   1.1241995e-01  -1.5410690e-01   7.1818910e-02  -3.0741567e-01   1.0216806e-01  -2.9686767e-01  -4.9163314e-02  -1.3014206e-01   2.0396383e-01   6.2529728e-01   2.8925446e-01  -4.3017505e-03   5.2962566e-02  -2.8724744e-01  -8.4531930e-02   5.1592737e-01  -2.1952220e-02   1.3064505e-01   1.4070346e-01  -1.8593147e-01   1.0618038e-01   2.2024952e-01  -1.5170643e-01  -2.2243173e-01  -1.1938705e-01   5.2561248e-01  -6.1499705e-02  -3.1730707e-01   1.6949038e-01  -1.4195570e-01  -2.5027660e-01  -2.2106145e-01  -1.8552925e-01  -2.0285987e-01  -1.3970596e-01   3.4639090e-01   1.0404056e-01  -1.4142984e-01   3.2418342e-02  -1.1711880e-01  -3.2946380e-02   2.7159087e-01  -2.0225025e-01  -9.8842216e-02  -5.0788440e-01   3.2848990e-01   2.1903013e-02  -2.1643179e-01   2.4524881e-01   4.5957452e-01   1.6968455e-01  -2.8637225e-01  -3.8954608e-02   8.1153749e-02   3.5160166e-01  -1.0514638e-01  -1.9944810e-01  -1.1491869e-01  -1.2079476e-01  -8.8284595e-02   1.4734988e-01  -3.4974900e-01   8.3615968e-02  -6.6971414e-02  -1.0573472e-01   1.2547941e-02   3.3269130e-01   2.4628582e-01   1.0718017e-01  -2.4118901e-01  -8.5984048e-02   4.1777829e-01   5.3565057e-02  -2.5139750e-01  -5.7340692e-02   3.0605025e-01  -1.3802677e-01  -4.8057928e-01  -2.8350509e-01  -1.2104606e-01  -8.6224004e-02  -2.6152671e-01  -1.8461688e-02  -3.6108355e-01   3.9798577e-02  -9.0401596e-02   2.2577568e-01  -6.4134256e-02  -1.8254359e-01  -1.6024280e-01  -5.7848590e-02   2.2955022e-01  -1.1594839e-01   2.5662862e-02  -1.6340205e-01  -3.6791752e-02  -1.2962914e-01   5.2550656e-01   3.4797114e-01  -1.8873033e-01   1.3760337e-02   3.3686888e-01   2.4219586e-01   7.2861533e-03  -1.2198996e-01   1.6778965e-01  -9.0533895e-02  -1.4409349e-01   2.3106129e-01  -4.1576762e-02  -7.1827891e-02  -5.1171938e-01  -4.1816216e-02  -1.7090353e-01  -5.5660784e-01  -1.4251453e-01   4.0797989e-03  -2.4341478e-02  -3.4056608e-01  -9.8891657e-02  -3.6417166e-02  -2.7640223e-01   3.9985559e-01  -2.0997196e-02   2.3330360e-01   3.0877873e-01   1.8121905e-01  -1.6481949e-01  -6.6501568e-02  -4.1633836e-01   2.5379392e-01  -3.4986838e-02  -2.2579551e-01   6.4986662e-02   1.2359926e-01  -3.2600650e-01   1.0977079e-01  -2.9751091e-01   2.1682720e-01  -3.8597449e-01   6.8314447e-02   6.4312449e-02  -2.6607815e-01  -2.0742712e-01   8.0251820e-02  -1.8808954e-01   2.5682253e-01  -2.9491454e-01  -3.3098867e-01  -3.8645843e-01   8.7705503e-02  -3.1325626e-01  -1.7360033e-01
  -2.5728143e-01  -2.4599442e-01   1.1433145e-01  -2.4532874e-01   4.0394597e-01  -1.7259042e-01   1.3606833e-01  -2.6568750e-01  -7.0834141e-02   5.0968130e-01   6.9451959e-02   4.3707502e-02   0.0000000e+00   1.2814171e-01   2.6579851e-02  -1.1168925e-01  -3.1397162e-02   1.3106336e-01  -1.0220356e-01   3.7569380e-01   1.9175327e-02  -2.2754250e-01   3.7543671e-01   1.4207136e-01  -3.5375632e-01  -2.2420336e-01   2.6378343e-01  -8.2508075e-02  -2.5892543e-01  -7.9823451e-02  -2.5990137e-01  -2.4097098e-02  -3.7306188e-01  -5.9990000e-02   5.4787641e-02   1.4726168e-01   3.1301676e-01   1.6217047e-01   5.0490116e-02   1.0095973e-01   7.3926499e-01  -1.8152879e-01  -1.3331523e-02  -1.3964930e-01   1.2897665e-01   2.2062355e-01   1.0784018e-03  -1.0928034e-01   5.4138929e-01  -9.1648053e-03   3.5527182e-02  -1.2960988e-01  -1.0531929e-01  -1.1834260e-01   7.6271223e-02  -1.3368112e-01  -1.3465251e-01  -9.2799675e-02   3.0612485e-01  -2.9916330e-02   3.2906662e-02   3.3695272e-01  -1.1471548e-01  -1.9096811e-01  -1.8303225e-01   4.8621222e-01   8.1283296e-02  -1.2923132e-01   8.0665936e-02   3.9690023e-01  -2.2592844e-01   1.5468752e-01   2.5395139e-01   1.1356215e-01  -8.0821277e-02  -3.4508630e-01   2.7601144e-01   1.0021138e-01   1.2501599e-01  -2.3725546e-02  -3.7801523e-03   1.8808230e-01  -1.7472601e-01  -2.1339467e-01  -1.0271556e-01  -3.4632078e-01   6.4199067e-02   4.2403603e-01  -2.3102047e-01   2.5665111e-01   2.9075190e-01   1.4353560e-01   1.7636971e-01  -1.9088108e-01  -3.2006798e-02   3.5650616e-01   4.8402870e-02  -1.7609239e-01   1.5688137e-01   2.8802140e-01  -8.9510408e-02  -1.5153808e-02  -1.9829437e-01  -3.9136096e-01  -1.3187091e-01  -2.1543471e-01  -1.3299289e-01  -6.0174542e-02   3.8651628e-01   3.0374238e-01  -2.8110227e-02   1.8211072e-01  -2.3110338e-01  -9.3333423e-02   2.7763722e-01  -6.9743906e-02  -1.9141407e-01   5.7620902e-01  -4.0325648e-02   3.9575204e-02   8.3676950e-02   3.9948774e-01   1.2971689e-02  -4.4959989e-01   3.0743278e-01   3.2295393e-01  -1.2342637e-01  -8.5838327e-02  -3.4003906e-01   4.1468189e-02   4.1948926e-01  -1.4559487e-01  -2.7034579e-01  -1.8466023e-01  -1.0732574e-01  -1.6247335e-01  -1.2959136e-01  -2.8027164e-01   3.0592765e-02   5.5223594e-02   7.7274541e-02   4.5926784e-01  -1.5771817e-01   8.8886421e-02  -9.9463472e-02  -4.9037468e-01   2.0415933e-01   3.4947648e-01   3.7890916e-01   1.6806135e-01   2.6499748e-01  -2.1358651e-01  -7.8738032e-03  -1.3147418e-01  -4.0826114e-02   1.0817294e-02   6.3780580e-02   3.8353468e-01  -2.7199381e-01   1.6667188e-01  -1.7412384e-01  -1.4808313e-01   4.0487140e-01  -2.7110682e-01   6.2742597e-04  -2.1978518e-01  -1.6739200e-02  -9.9540016e-02  -1.7223208e-01  -3.2037170e-01   1.9222599e-01   8.5026959e-02   1.6307668e-02  -4.9506271e-02  -4.5962324e-01  -1.2967865e-01  -1.6011623e-01
  -2.5235785e-01  -2.1154596e-03  -4.2477278e-02   6.4896489e-02  -7.0155419e-02  -5.9357848e-02   9.3545031e-02  -2.4694155e-01   6.3923180e-02  -6.1198382e-02  -3.9772435e-02  -1.9077493e-02   1.2814171e-01   0.0000000e+00   2.4021361e-01   1.9662898e-01  -9.6808899e-02  -7.1330439e-02  -1.3890502e-01  -2.0076659e-01   1.0031218e-01  -2.0359778e-01   1.2754455e-01  -4.8196083e-02   1.0563697e-01  -3.0957428e-01   5.3971053e-03  -3.8762276e-01   9.3907477e-02  -2.2573112e-01   1.2703325e-01  -2.6591044e-02  -1.5153656e-02  -8.3894051e-02   3.6337539e-01   2.1581470e-02  -1.4977330e-01   3.1298412e-01   4.0101312e-01  -5.2690927e-02   3.5898433e-02   5.7480617e-02  -2.0036892e-01   1.8929611e-02   2.7764519e-01   1.7517535e-01   6.2193234e-02  -1.9771369e-01   2.3448674e-01  -1.0976221e-01  -1.5961702e-01  -6.8473946e-02   9.6809130e-02   9.3776119e-02   2.5288683e-01  -9.6519876e-02  -3.2286292e-01  -4.8344851e-02   6.3099759e-02   8.3650299e-03   2.2234445e-01  -1.6680468e-02   1.4433572e-01   1.6255096e-01   3.9917627e-01  -7.2280946e-02  -4.9632952e-02  -8.1747970e-02   1.3035870e-01   1.2419568e-01   8.2799342e-02  -6.6316394e-02   2.7745809e-01   2.8459685e-01  -1.0443370e-01  -3.2994874e-01   2.6296512e-01  -3.6758840e-03  -2.2285172e-02   2.4512069e-01  -2.1210518e-02   3.2793069e-01   1.0561198e-01  -2.1618770e-01   2.2583473e-01  -2.5678868e-01   4.5766397e-01  -7.0600048e-02   1.6135733e-01   1.8449783e-01   2.1091143e-01   8.8201867e-02  -2.8530609e-01  -1.0201431e-01   1.7361550e-01  -1.4134624e-01   5.5859074e-02  -3.1220359e-01   1.7769244e-01   3.4400254e-01   2.8024010e-01   8.3689397e-02  -3.6065677e-01   8.4929070e-02  -1.2099399e-01  -8.3762793e-02   1.9574937e-02   1.6898777e-03  -5.1878503e-02  -2.1996839e-01  -2.3513543e-01  -7.4001278e-02   1.0210495e-01   5.2439265e-02   2.3506609e-01  -4.0343367e-03  -1.4749578e-01  -1.1346097e-01  -1.0130487e-01  -4.9618801e-02  -1.8540460e-01  -3.6691553e-03  -3.5841675e-01   1.9596922e-01   1.2686595e-01   3.5542179e-01   3.0855037e-01   9.8548426e-03  -2.5833893e-01   1.1528639e-01   3.6936504e-01  -8.0363653e-02   1.8233184e-03   1.9029392e-01  -1.5410573e-01  -2.0576577e-01  -3.3862775e-02  -2.8371406e-01  -1.6865567e-01  -2.0450979e-01  -1.5049500e-01   4.7878778e-02  -3.7101436e-01   2.3460060e-01   3.3022421e-01   2.8389642e-02   2.1443618e-01   9.3476703e-02   2.6194713e-02   3.4260005e-01   1.8932273e-01  -2.9966217e-01  -2.9882921e-01  -5.8548110e-02   1.0420357e-02  -4.1068846e-03  -1.2789168e-01   4.5901443e-01  -8.2972892e-03  -1.4659383e-01  -2.7692997e-01  -2.8918601e-01  -2.0109266e-02  -5.4205670e-03   1.4183568e-02  -3.1523342e-01  -2.4634218e-01  -2.7710350e-01   1.4807255e-02  -2.7279377e-01  -8.4076138e-02   6.4245835e-02   1.5293506e-01  -1.4065968e-01  -2.1202199e-02   1.7141383e-01  -1.4431583e-01
