   0.0000000e+00  -2.6967763e-01  -1.0510674e-01   4.4806292e-01  -1.8621589e-02   2.5427466e-01   1.4186922e-01   3.5620672e-01   1.3700813e-01  -3.0523961e-01  -4.0541082e-01  -2.4851028e-01   1.2427663e-02   4.6174575e-01  -3.8555304e-01  -1.4032528e-01   1.2894518e-01  -3.4530992e-02   3.2493703e-01   9.2706088e-03   5.6430161e-02   3.9526747e-01  -2.8848962e-02   4.5076783e-01  -2.2411652e-01   1.6493515e-01   3.4545206e-02   1.0512176e-01  -1.0770411e-01   7.2842425e-03  -2.6653635e-01   4.0616218e-01   3.4547422e-03  -5.3768729e-02   1.3447779e-01  -2.2990703e-01  -3.9893875e-01   1.4234837e-01  -1.4046010e-01  -2.6264986e-01   1.5589233e-02   1.0758736e-01   2.4679337e-02  -1.3786275e-01  -6.0839865e-02   3.2302488e-01  -2.1663106e-01  -5.6326515e-02  -1.3606847e-01  -2.5636892e-01   1.5785824e-01   3.7936002e-01  -1.3032218e-01  -1.3258838e-01   8.8107090e-02  -3.0406820e-01   2.4473618e-01   4.4658814e-01   1.2456502e-01   5.2501112e-01   3.5118309e-01  -2.7040227e-01  -8.2156213e-02  -2.1943849e-01  -3.6075238e-01  -1.4609345e-01   7.7243219e-02  -3.4805747e-01  -1.2825964e-01  -2.4047395e-01  -3.9333350e-01   2.5643912e-02  -5.4149789e-02  -1.0896283e-01  -1.1197118e-02   2.7295156e-01   2.8409870e-01  -1.9761641e-01  -2.4519542e-01  -1.6907048e-01   2.6669713e-01  -1.1948001e-01  -2.4043993e-01   1.3963186e-01  -5.8774052e-02   1.9442003e-01  -5.0195207e-02   1.3746142e-01   1.6534161e-01   3.2544638e-01   1.2624921e-01   3.9333420e-01  -3.8023846e-01   4.4429643e-01  -2.1939258e-01  -2.0341092e-03  -6.8363594e-02  -1.1980668e-01  -2.3501689e-01  -2.1454143e-01  -2.5347114e-01  -2.3350815e-01   2.7446210e-01   5.5164213e-02   2.3207886e-01   3.7215414e-01   3.4264763e-01  -6.8668332e-02  -3.9294170e-01   1.7345790e-01  -3.0104781e-01   4.0128871e-01   2.3700735e-02   7.1265414e-01   2.5081154e-01  -2.9420543e-01  -2.1960232e-01  -4.8989520e-02   1.1196155e-01   3.9098037e-01   4.5132562e-01  -1.4650465e-01   8.3051493e-02  -1.4197981e-01   3.1119827e-01   1.2717347e-01   1.0641081e-01   8.1814929e-02   4.0147567e-01  -2.3230892e-01   5.7933050e-02  -3.4172434e-01   2.8243744e-01   4.6871982e-02   5.2577754e-01   6.4372401e-02   6.5433972e-02   1.6640692e-01   2.4714741e-01   8.1679653e-02   4.4249426e-01  -2.5884928e-02  -9.0028351e-02  -2.7897798e-01   8.6315804e-02   4.7124260e-02  -2.5720151e-01   3.0863319e-01  -1.0587521e-01  -3.5706314e-01  -4.7039610e-01   2.6877637e-01   3.7121557e-01  -1.7793117e-01  -2.9594093e-01   5.1886396e-01   2.9824196e-01   1.2937353e-02   3.4346741e-01   3.9876858e-01  -7.5112967e-02  -1.8549719e-01  -4.0158219e-02   3.4205761e-03   3.1584052e-01  -3.2094627e-01  -3.3389535e-01   2.3473963e-01   3.6425266e-01  -7.9280059e-02   7.8361613e-04   3.6694233e-01  -2.6965795e-01   1.0804944e-01  -4.2964165e-02  -2.2534021e-02   3.0368146e-01
  -2.6967763e-01   0.0000000e+00  -2.0071424e-02  -1.4066981e-01   4.3225629e-01  -2.7027154e-01   3.1728750e-01  -3.6725082e-01  -1.3565242e-01   2.2016749e-01   2.1364111e-01   6.5201397e-01   1.9343258e-01   1.0138777e-01   4.6971996e-01   4.6980153e-01  -4.2506276e-01   3.2523604e-01  -1.5582268e-01   3.4586357e-01   4.6047441e-01  -2.0979723e-01   2.0353116e-01  -3.7630680e-01  -9.7303201e-02  -3.7496894e-01  -5.4879780e-03  -2.7699169e-01  -2.3896917e-04   4.3087185e-01   4.5359353e-01  -1.0541023e-01  -1.2770377e-02   6.5698176e-02   1.2204502e-01   4.6892410e-01   2.6844550e-01  -5.7553445e-01   4.3194817e-01   3.2891763e-01   3.2093912e-01  -2.5709493e-01   7.6098194e-02  -4.0330696e-02   3.8453541e-01  -3.3261704e-01   2.9527857e-01   4.3578792e-01  -1.2845648e-01   1.0360726e-01   1.6859502e-01  -2.7071928e-01   1.8470803e-01  -1.5098950e-01  -2.5110196e-01   2.1576968e-01  -3.4430912e-01  -3.8130443e-01   1.3891912e-01  -2.5271396e-01  -4.9378156e-01  -1.3696925e-01  -4.1375721e-02   5.1047205e-01   6.8060766e-01   1.6979162e-01  -1.2966904e-01   1.4116632e-01  -4.1616298e-02   1.5038290e-01   7.9134453e-01   1.0750211e-01   4.7138279e-01   4.7722408e-01  -1.8051530e-01  -2.5404865e-01  -5.3507042e-01   6.7307241e-02   2.9018131e-01   1.2577516e-01  -3.8790744e-01   2.7487220e-01   1.2147098e-01  -3.5464342e-01   4.3772963e-02   1.1588745e-01   5.4538852e-01  -6.7551197e-02   3.2148622e-01  -3.2253276e-01   2.3016673e-01  -4.6118547e-01   8.3791591e-02  -2.3263221e-01  -4.3626042e-01   1.8090157e-01  -4.1106818e-02  -9.7303874e-02   2.1467196e-01   6.2310646e-01   1.3484901e-01   2.1059577e-01  -2.4749681e-01   2.4882763e-01   1.0092722e-01  -1.0708729e-01  -2.5656188e-01  -1.2084630e-01   2.4892234e-01   1.5747621e-01   4.3223870e-02  -1.6889583e-01   2.6451571e-01  -5.2928866e-01  -2.3069968e-01   1.0390930e-01   6.3677916e-02   3.6707334e-01  -1.3559373e-01  -6.4750950e-02  -5.5783761e-01   3.7335581e-01   1.3058217e-01   5.6295512e-01  -4.3240199e-01   1.3533154e-02   1.7601133e-01  -9.2763039e-02  -2.0630160e-02   3.9008223e-02   3.1020998e-01   2.5544689e-01   2.7601059e-01   1.6365459e-01  -5.0209250e-02  -1.0871326e-01  -8.5950179e-02  -3.1531544e-01  -3.9949220e-01  -4.6022770e-01  -2.9824555e-01  -3.9333875e-02   3.3253163e-03  -1.0673674e-01  -4.9342139e-02   2.8822020e-01   4.9751624e-01   1.2044529e-01   1.3743246e-01   7.7149356e-01   4.3768453e-01  -4.2476723e-01  -3.5137175e-01   1.1506251e-01   3.0699022e-01  -4.6972772e-01  -4.5983359e-01   2.7107193e-01  -4.5180454e-01  -3.7216503e-01  -4.2315880e-02   7.6809885e-02   1.6524260e-01   3.2362351e-01  -2.9042543e-01  -1.9888534e-02   3.2397418e-01  -2.4033037e-01  -4.3215302e-01  -5.8803794e-02   3.2828126e-01  -5.9195698e-01   4.8562939e-01  -1.5190484e-01  -1.6754650e-01  -5.8241618e-02  -1.3803065e-01
  -1.0510674e-01  -2.0071424e-02   0.0000000e+00  -1.2645886e-01   2.3659250e-01   4.2837944e-01  -2.5020396e-01  -6.5089372e-03   3.8252623e-01   1.8441960e-01  -4.0576433e-01  -1.0512591e-01  -1.6059728e-01   1.1113356e-02  -1.4492280e-01  -1.9509815e-01   7.4852030e-01  -5.2457543e-01   2.8402641e-01   3.6345772e-01   4.3447874e-02   3.8116570e-01  -1.8739904e-01   2.9212988e-02   2.7942859e-01   5.5396847e-02  -3.3124527e-01   2.8291380e-01  -9.9567692e-02  -1.5078429e-01  -1.8678642e-01   8.8910352e-02   1.8488533e-01  -3.9253185e-01   2.2117486e-01   1.1810347e-01  -1.4594543e-01   9.9953066e-02  -3.1828051e-01   2.8235785e-01  -1.9970791e-01   1.5581022e-01   4.9458080e-01  -2.1202460e-01  -3.4627516e-01   5.2196834e-01  -2.9289605e-01  -1.2141539e-01  -2.9771072e-01   6.5659179e-01  -3.9389477e-01   1.3092546e-01  -2.3376840e-01   2.6737351e-02  -1.0203610e-01  -4.3601209e-01   3.9537090e-01   3.2544094e-01  -4.6274197e-01   2.6592137e-01   3.6975311e-01  -3.9240976e-01   4.3284906e-01  -2.4184540e-01  -4.3877885e-01   5.7640725e-01   2.9041948e-01  -2.2678543e-01  -4.5148552e-01   4.3932584e-01  -1.0267131e-01  -4.8240214e-01  -3.6347695e-01   5.4029211e-01   4.9759431e-02   1.7754001e-01   4.3787786e-01  -4.2011496e-01  -6.1545931e-03  -3.3878634e-01   3.3787212e-01  -2.8129712e-01  -3.4031324e-01   8.8710827e-02   5.9314899e-01  -3.3053109e-01   2.1599264e-02  -2.1885720e-01  -2.5519661e-01  -1.0201167e-01   3.7747902e-01   5.1625751e-01  -3.0775409e-01   4.1536706e-01   9.2255495e-02   4.9545697e-01  -3.4608605e-01  -9.2166537e-02  -2.6854232e-01   2.3981562e-01  -1.2909164e-01  -3.9465552e-01   3.8049496e-01   3.3553880e-01  -3.8794237e-01   2.2607911e-01   1.5716485e-01  -2.2162726e-01  -3.4947559e-02   1.1925273e-02  -3.3018542e-01   3.1522046e-02  -2.9575952e-01  -1.0058882e-02  -3.4184077e-02  -4.2729877e-01  -3.9927854e-01  -1.9503276e-01   3.5386093e-01  -8.9084022e-02   2.1536301e-01   4.8385653e-01   2.8424139e-01  -3.3330945e-01   4.2069545e-01   1.6393633e-01  -4.7215493e-01   3.2246797e-01  -3.0644320e-02   4.4840439e-01  -3.0090702e-01  -2.9399162e-01   3.9488808e-01  -1.5534740e-01   1.7026002e-01   2.0432127e-01  -1.4584941e-01   1.7884577e-01  -1.3198503e-01  -1.5328534e-01   8.5544407e-02   1.8704460e-01  -5.4453068e-01   3.5064931e-01  -3.6280804e-01  -3.2289755e-01  -7.6852180e-02   3.1116422e-01  -2.4501545e-01   4.6802339e-02   2.8628433e-02   3.6832585e-01   1.1410487e-01  -5.0361627e-01   4.4856113e-01   8.9373053e-03   3.2076404e-01  -3.5345339e-01   4.3549084e-01   2.7812790e-01  -2.7154425e-01  -4.9812230e-01   2.4967199e-01  -3.7587760e-01   5.0148983e-01  -3.6443141e-01  -1.1926235e-01   2.0694126e-01   1.9774256e-01  -2.7914865e-01   2.3735130e-01   1.9179860e-01  -4.3550655e-01   2.3721566e-01  -3.2251604e-02  -1.2707719e-01   5.0455693e-01
   4.4806292e-01  -1.4066981e-01  -1.2645886e-01   0.0000000e+00   1.4535083e-01   1.6133611e-01   2.5709906e-01   2.8460048e-01   3.3456390e-01  -5.0397913e-01  -2.9583209e-01  -2.1450644e-01  -2.9996189e-01   3.1992588e-01  -1.7735387e-01  -7.6117138e-02   2.0209860e-01   2.3244252e-01   1.7598439e-01   2.1125353e-01   1.7688352e-01   4.9740301e-01   4.7436877e-02   2.0085531e-01  -1.9261604e-01   1.6479684e-01   4.1719094e-01   2.6878166e-01   1.9886367e-02   1.5840470e-01   2.6135994e-02   6.6810173e-01   3.3213473e-01  -1.5023122e-01   2.8097732e-02   1.9856348e-01  -3.8007200e-01   2.6697040e-01  -5.9731336e-02  -2.1743969e-01  -7.4978785e-02   3.7407352e-01  -1.7388345e-01  -2.4299717e-01   8.7092563e-02   3.6236973e-01  -5.7190439e-02   1.4634784e-01   1.2082364e-01  -1.7955281e-01   2.4412581e-01   3.0881402e-01  -2.4237288e-01  -2.2201018e-02   2.4221379e-01  -3.4081135e-01   2.1180152e-01   5.5124354e-01   4.6393056e-01   2.8704187e-01   4.3998424e-01  -2.5992036e-02   1.0039446e-01  -1.2822187e-01  -4.2443593e-02  -3.0131046e-01   1.1412098e-01  -2.4447020e-01   9.9859265e-02  -3.2264711e-01  -2.1192502e-01   2.0138036e-01   3.7567358e-02  -1.6785470e-01  -2.7868902e-01   5.2568557e-01   4.3407766e-01  -2.2092813e-01  -5.2392670e-02   6.0652414e-02   3.3519504e-01   3.9690614e-02  -1.8696173e-01  -1.5706474e-01  -1.9633799e-01   2.4951616e-01  -1.1305390e-01  -1.6501641e-02   3.1438646e-01   1.7574730e-01  -7.2461666e-04   3.6500728e-01  -8.7775791e-02   3.8510670e-01   7.1843471e-02   1.1487631e-02   2.2273808e-03  -1.4629433e-01   2.5513785e-02  -3.3239309e-02  -1.2707920e-01  -1.7144732e-01   4.8495949e-01   2.6643200e-01   2.4649587e-01   6.5759834e-01   3.9282613e-01  -2.7327024e-02  -4.7068062e-01   1.4656073e-02  -2.7875485e-01   5.2278749e-01   2.2140308e-01   4.4810920e-01   2.5418394e-01  -2.6678978e-01  -2.5418928e-01  -2.1768301e-02   8.3687388e-02   7.2881980e-01   4.9367761e-01  -6.1699165e-02  -1.9347095e-01   2.2805825e-01   3.2007675e-01   3.3043602e-03   3.3296360e-01   6.3819211e-02   6.3225380e-01  -1.9454327e-01   1.3354073e-01  -1.2872546e-01   2.8135233e-01   3.7633399e-01   4.9759754e-01   3.6669107e-01  -3.9839295e-02   2.0100909e-01   4.0782971e-01   5.7686358e-02   2.8151180e-01  -2.5613097e-01  -1.0216976e-01  -2.3556743e-01   8.1842075e-02   3.6900286e-01  -3.3193244e-01   1.1736910e-01  -1.6497896e-01  -4.4082059e-02  -4.9315021e-01   3.1939900e-01   3.9996098e-01  -9.5310351e-02  -3.5289222e-01   3.1809719e-01   4.3704489e-01   1.4224627e-01   4.5839517e-01   5.1419218e-01  -2.8343835e-01  -1.7144138e-01  -2.1024917e-01   2.9607882e-01   3.4602935e-01  -1.9352442e-01  -2.4708342e-01   2.0004809e-01   4.7684290e-01  -2.2879418e-02  -3.9433059e-02   2.5896524e-01   5.9522966e-02  -8.8111592e-02   1.8237766e-01  -5.4494119e-02   3.8789554e-01
  -1.8621589e-02   4.3225629e-01   2.3659250e-01   1.4535083e-01   0.0000000e+00   1.4267099e-01  -6.2695338e-02  -1.4346659e-01   1.2648065e-01  -2.2747589e-01  -7.6278443e-02  -1.0932571e-01   2.5709872e-01  -6.5634075e-02  -1.6626562e-01   2.3362214e-01   6.5000350e-02   1.9827939e-02   2.5353828e-01   8.5832752e-01   6.1037616e-01   1.1004688e-01  -3.0570452e-01  -4.0723828e-01  -2.3223416e-01  -2.1655816e-01   1.0351408e-01   7.7292389e-02   2.6078574e-01  -5.1497290e-02  -3.1684347e-02  -2.3093798e-02   6.0461346e-02  -4.3478369e-01  -9.0750108e-02   6.3293638e-01  -1.5949899e-01  -5.0348001e-01   3.0692194e-01   2.9979750e-01   4.0489667e-01  -1.8107301e-01   4.8073978e-01  -8.0349141e-02   2.8515135e-01   8.9417403e-02   7.3094249e-02   5.0110946e-02  -5.3803395e-02   4.1566411e-01  -1.5063180e-01  -2.9184621e-02  -1.7388056e-02  -3.0670469e-02  -3.4913688e-01  -2.9189137e-01   6.1616620e-02   1.0214690e-01   7.2312395e-03  -1.3455797e-01  -1.4203549e-01  -3.6589666e-01   3.0290118e-01   3.4898137e-01   1.8880518e-01   1.1492654e-01   2.5670577e-01   7.7197021e-02  -2.9893760e-01  -1.4223376e-01   3.7905993e-01  -1.7525934e-02   4.9080678e-01   4.6261356e-01   1.8027654e-01  -1.0908012e-01  -1.6674610e-01  -3.1227726e-01   3.8260965e-01   1.1283284e-01   2.8763105e-02   1.6340844e-01   8.0103295e-02  -2.0898638e-01   2.5909698e-01  -2.1748316e-01   3.0010641e-01  -4.6911905e-01   2.3293876e-01  -6.0400608e-01   7.4572717e-01  -3.7897996e-02   2.0949216e-02   7.1899748e-02  -5.4135392e-01   7.5057620e-01  -5.5140329e-02  -1.6230360e-01   1.2373703e-01   4.8798214e-01  -1.6494421e-01  -5.7993017e-02   1.1874134e-01   2.0406717e-01  -4.9945404e-02   9.9541983e-02   1.7302562e-01  -1.4909308e-01  -2.0361181e-01   2.1229735e-01  -1.0842734e-01  -3.5523972e-02   1.8102121e-01  -3.3861410e-01  -3.0844174e-01  -8.8573886e-02  -3.3407105e-01   3.0615931e-01  -1.0325789e-01  -4.3633351e-02  -2.5329676e-01   6.1098266e-01   4.7445714e-01   2.5027311e-01  -1.2530819e-01  -3.3225928e-01  -1.0254018e-01   4.1707737e-01   6.7976839e-03  -3.3940575e-02   4.2779202e-01   1.2104522e-01   5.0382341e-01  -1.8098227e-01   2.5005963e-01  -4.8836764e-02   2.0326906e-02   3.9487410e-02  -3.0519031e-01  -6.6208180e-01  -3.9231911e-01   2.0311658e-01  -2.4566102e-01  -1.8952714e-01  -4.7048808e-01  -4.9956104e-02  -1.2769915e-01   4.5122872e-01  -3.8020143e-01   5.6313620e-01  -2.1779276e-01  -3.3955000e-03  -2.4025135e-01  -4.3650688e-02   5.0482852e-01  -4.2126140e-01  -2.3509004e-01   8.6114774e-02  -4.2720617e-02  -4.5128568e-03  -7.7699137e-02  -1.5410057e-01   2.9986612e-01   5.2064434e-02   6.6047061e-02  -3.0856068e-01   2.8339059e-01   1.0395283e-01  -2.7069344e-01   2.2022921e-01   5.2582556e-01  -2.7904213e-01   3.4488303e-01   7.8635593e-02   8.7255608e-02   1.8816218e-01   2.4467104e-01
   2.5427466e-01  -2.7027154e-01   4.2837944e-01   1.6133611e-01   1.4267099e-01   0.0000000e+00   1.8405152e-01   3.5275362e-01   6.3807107e-01  -2.5112717e-03  -6.3137467e-01  -3.1766483e-01   2.2966434e-02   3.1314565e-01  -4.7078678e-01  -5.4277091e-01   5.6436518e-01  -4.4193913e-01   6.8623478e-01   3.4353349e-01   5.6003778e-02   6.6046060e-01  -9.1973930e-02   2.3345791e-01  -4.9644445e-02   4.7774638e-01   6.9743004e-03   7.8195706e-01  -3.4014297e-01   3.6652121e-02  -4.7952660e-01   5.4182077e-02  -1.5209006e-01  -4.0192926e-01   2.7380490e-01  -3.0215157e-01  -3.7209949e-01   1.5772071e-01  -5.8917308e-01   3.7057130e-01  -7.5653316e-02  -4.5777661e-02   2.9265635e-01  -1.3566681e-01  -4.3697616e-01   7.1534457e-01  -4.9966012e-01   1.8865025e-01   6.2848876e-02   2.1801282e-01  -3.0539108e-01   5.3944770e-01  -3.2116458e-01  -1.0235031e-01  -5.6172890e-02  -4.2948818e-01   7.5154500e-01   5.4989257e-01  -4.7242579e-01   4.6913606e-01   6.5250526e-01  -2.9586859e-01   4.3378021e-01  -4.4363398e-01  -4.8426664e-01   2.8395744e-01   8.4659323e-01  -5.0121119e-01  -4.1214730e-01   3.4497095e-01  -2.3415927e-01  -3.4649549e-01  -3.9558679e-01   2.2083691e-01   4.5535500e-02   4.0402508e-01   5.9461351e-01  -4.2310440e-01  -4.7640419e-01  -4.8864107e-01   7.9238127e-01  -6.8281551e-01  -4.3147543e-01   4.7371226e-01   4.1922451e-01  -3.1876693e-01   9.1482102e-02  -2.3928656e-01   7.1890790e-02  -1.3657859e-01   3.4447389e-01   5.9305805e-01  -6.0854832e-01   6.6480657e-01   5.0945012e-02   3.1652519e-01  -2.1970043e-01   1.9554192e-01  -5.1074437e-01   3.9877310e-02   1.4384646e-02  -5.0295392e-01   6.0226529e-01   4.0587718e-01  -2.9839630e-01   3.4961080e-01   2.5472886e-01   1.3018093e-01  -4.4083036e-02  -2.7471325e-02  -5.0646501e-01   3.3655257e-01  -2.5851456e-01   3.3734273e-01   4.2364762e-01  -6.2723823e-01  -3.5547021e-01   2.7831894e-03   5.7247250e-01   1.9447303e-01   5.2089433e-01   2.1950330e-01   2.5260201e-01  -2.7087872e-01   5.9225562e-01   9.6589855e-02  -2.2948383e-01   1.8679700e-01   3.7352162e-01   2.9356539e-01  -4.6065924e-01  -5.9282989e-01   3.6687634e-01  -2.4546053e-02   3.9632239e-01   2.5820053e-01  -2.7843657e-01   7.3272025e-01   5.3485539e-02  -1.3830975e-01   1.7622798e-01   2.6177077e-01  -4.7255432e-01   3.2015628e-01  -4.4931392e-01  -3.7060211e-01  -1.5709803e-02   3.0348192e-01  -5.2701385e-01  -1.8134730e-01  -1.7982389e-01   7.4570452e-01   2.9484604e-01  -5.7079447e-01   1.7015859e-01   2.6548273e-01   5.4428707e-01  -5.2322370e-01   6.2168038e-01   6.2652831e-01  -3.2350172e-01  -4.4721773e-01   2.0368552e-01  -3.5304012e-01   6.6886392e-01  -6.2954039e-01  -4.0128217e-01   6.6481931e-01   4.3989466e-01  -3.7192870e-01   1.7609936e-01   4.0358785e-01  -4.4594078e-01   6.4686639e-01   1.1607183e-01  -3.4728308e-01   7.5966044e-01
   1.4186922e-01   3.1728750e-01  -2.5020396e-01   2.5709906e-01  -6.2695338e-02   1.8405152e-01   0.0000000e+00   4.4731667e-01   1.4057060e-01  -1.8076219e-01  -9.4012137e-02   4.9714721e-01  -6.9872498e-02   4.9223950e-01   2.0746758e-01   2.1635824e-01  -3.2298249e-01   3.3716536e-01   2.3315488e-01   2.9482220e-04   1.0653969e-01   5.6597654e-02   3.3707211e-01  -4.5108526e-02  -8.0641050e-02   1.7435070e-01   2.7680031e-01   1.5510439e-01  -4.2556840e-01   5.7372952e-01   1.3323176e-01   2.9973614e-01  -1.1919266e-01   2.7160947e-01   4.4236158e-01  -2.6258605e-02  -2.9837716e-01  -2.0099734e-01   1.2364126e-01   3.3796499e-02   1.6985293e-01  -1.6675435e-02  -2.5689952e-02  -1.6578808e-02   1.5448185e-01   1.7429843e-02  -1.9530991e-02   7.4115122e-01  -1.1114920e-01  -3.9162542e-01   4.8686837e-01   4.5370796e-01   5.6102760e-02  -2.7435928e-01  -8.7053799e-02   8.4865376e-02  -9.2137465e-02   7.6731748e-02   2.4483886e-01   2.8805406e-01   1.3960344e-02  -1.2572260e-01   6.5674469e-02   2.2064024e-01   2.3650938e-01  -7.0908225e-02   2.0490167e-01  -1.4244584e-01   1.6522696e-01   1.8523984e-01   1.6974359e-01   3.1639277e-01   6.7066376e-02   3.0894984e-02  -1.5576454e-01   4.7476049e-02  -7.7565709e-03   5.8647893e-03  -2.4213726e-01   1.5372307e-02   2.1532934e-01  -1.1489367e-01  -2.6576085e-01   6.9858222e-02  -2.3373723e-01   3.1953978e-01   4.8109358e-01   3.1992819e-01   3.4955105e-01  -4.0641318e-02   5.6305567e-03  -3.9505574e-02  -2.3684931e-01   2.5472673e-01  -3.3957592e-03  -3.5395315e-01   5.2940350e-02   1.5107167e-01  -1.1157969e-01   2.2311738e-01   1.6146580e-01   2.1965758e-01   2.1206605e-01   3.8143415e-01   4.8525904e-01   1.9482533e-01  -1.5799154e-01   2.1496912e-01   1.4331668e-01   3.5746087e-02  -1.6730119e-01   1.8246910e-01   8.0735876e-02  -5.0566422e-02   3.9897136e-01  -1.3417566e-01   1.7011977e-01   1.9928560e-01   7.3830633e-02   3.3239928e-01  -6.0080390e-02  -1.5909884e-01   1.0051504e-02   4.4009082e-01  -1.1377344e-01   4.5847087e-01   6.4254843e-01  -1.5346905e-01   4.2729639e-01  -2.5923030e-01  -6.0707531e-03  -6.5377026e-02   8.2613211e-02   2.4174401e-01   3.0543993e-01   4.7394343e-01  -7.8892695e-02   2.7940040e-01   1.6779790e-01  -1.4180370e-01  -2.6019192e-02  -7.3937339e-02   1.7698285e-03  -2.6610633e-01   1.1938271e-01   3.2554479e-01   5.2944108e-01  -1.6486753e-02   2.7710699e-02   1.2092492e-01   3.0516240e-01   5.1279317e-02   1.6036422e-01  -1.3800999e-01  -2.1975169e-01  -3.2571406e-02  -8.3626414e-03   2.1638131e-01  -3.8126159e-02   1.9989823e-01  -3.7483688e-01   1.1731659e-02  -2.4802471e-01   4.1508824e-01  -9.9293027e-03  -1.2806258e-01  -1.0409660e-01   2.6840546e-01   1.0128441e-01  -3.7391320e-01   2.8890534e-01  -8.0646299e-02   2.0602328e-01   2.4394204e-02   1.6784963e-01  -2.8511970e-01   1.0230524e-01
   3.5620672e-01  -3.6725082e-01  -6.5089372e-03   2.8460048e-01  -1.4346659e-01   3.5275362e-01   4.4731667e-01   0.0000000e+00   2.4398126e-01  -3.2712325e-01  -2.1857172e-01  -9.6823572e-02  -1.0324537e-01   1.3677178e-01  -2.1264089e-01  -4.8010287e-02   1.0605635e-01  -3.8487367e-02   3.5181991e-01  -7.6598395e-02  -1.8168952e-01   1.9548050e-01  -2.7970125e-02   2.9480252e-02  -6.6909852e-02   4.6637093e-01   1.2608336e-01   4.7404398e-01  -4.2620942e-01   1.5258985e-01  -2.6139006e-01   3.5541347e-01   3.2855946e-02   3.1652982e-02   2.1238509e-01  -1.9829118e-01  -5.8554460e-01   2.3869919e-03  -9.2380807e-02  -1.6437018e-01  -2.5119331e-02   1.2774290e-01   2.1126347e-01   1.9886583e-01  -2.0152486e-01   2.8709009e-01  -3.0501887e-01   2.4271526e-01  -3.0510309e-01  -2.3317995e-01   2.0077354e-01   7.3827560e-01   1.7175361e-02  -2.4508445e-01  -1.7008397e-01  -1.4071755e-01   2.4814064e-01   3.4000092e-01  -2.9282769e-02   4.8931377e-01   2.7784212e-01  -2.4307074e-01   1.4773860e-01  -3.8762871e-02  -4.8735149e-01   3.4685484e-02   2.8108858e-01  -4.9273278e-01   9.1883761e-02   7.7043967e-02  -2.4274678e-01   1.6774074e-02  -2.8824878e-01  -8.7315110e-02  -3.3241798e-02   1.4361686e-01   2.8523367e-01  -9.8000012e-03  -2.8772520e-01  -1.7477509e-01   4.3592776e-01  -3.4847298e-01  -2.1543029e-01   4.1484418e-01  -5.1991298e-02   5.8207697e-02  -2.8258667e-02   3.1143063e-02  -6.0634316e-02  -6.8337650e-02   1.8458196e-01   2.3934781e-01  -2.4367656e-01   4.1021497e-01   1.2065841e-01  -1.9782356e-01  -3.0420034e-02   3.2300754e-01  -4.1940404e-01  -8.0830978e-02  -8.1329373e-02   7.7335855e-02   3.9387242e-01   2.2464902e-01   3.0360398e-01   2.3797577e-01   1.6857055e-02   4.3602315e-01  -6.9963548e-02   1.4521894e-01  -1.3821050e-01   2.5607379e-01  -3.6834314e-01   1.6787358e-01   3.9356470e-01  -1.4711830e-01   2.1758739e-01   3.0571238e-03   1.8337648e-01   2.1835017e-01   2.0161932e-01  -2.5719311e-01   1.1295563e-01  -2.2730466e-01   8.0489471e-02   3.0169133e-01   2.7459147e-01  -2.8144321e-03   3.0091082e-01  -2.2283510e-01  -1.7046185e-01  -1.8047600e-01   7.8503493e-03  -1.4639324e-01   2.7948708e-01   5.4780139e-01  -4.3353507e-02   5.3596050e-01   2.8811959e-01  -3.4570360e-02   1.0766865e-01   1.5244129e-02   3.1579188e-02  -1.3299102e-01  -1.8073787e-02  -8.4526052e-02   6.4593290e-02   9.9510505e-02  -1.4700180e-01  -4.3569313e-01  -1.3755668e-01   3.7581407e-01   1.8368821e-01  -2.2860627e-01  -1.6863168e-01   1.9308632e-01   2.3335390e-01  -2.6620313e-03   2.1958682e-01   4.1194245e-01  -5.2275523e-01  -8.3749042e-03  -2.0387126e-01  -2.2714319e-02   1.8508244e-01  -1.9116980e-01  -1.7860885e-01   6.2137241e-01   2.3176964e-01  -1.4384899e-01   2.1551363e-01   2.5250915e-01  -3.1631002e-01   3.2306205e-01   1.6347024e-01  -1.7085475e-01   2.2742579e-01
   1.3700813e-01  -1.3565242e-01   3.8252623e-01   3.3456390e-01   1.2648065e-01   6.3807107e-01   1.4057060e-01   2.4398126e-01   0.0000000e+00  -3.0664502e-02  -4.9201263e-01  -1.4035430e-01  -2.1787772e-01   3.5956742e-01  -3.2585684e-01  -5.0963372e-01   4.3730273e-01  -2.2486862e-01   3.9060999e-01   3.2780432e-01  -2.3005610e-02   7.6257739e-01   6.9086969e-02   2.1794836e-01  -5.4800552e-02   2.4841143e-01   1.3021187e-01   6.6530853e-01  -9.0963829e-02   2.0536418e-01  -3.8205657e-01   3.1414851e-01  -1.3411193e-01  -3.4341811e-01   3.7650594e-01  -1.3599973e-01  -2.3619148e-01   1.3954570e-01  -5.0287691e-01   1.4511378e-01  -5.8265474e-02   9.8729117e-02   1.8506664e-01  -2.9681005e-01  -3.5843842e-01   5.6984674e-01  -3.1114447e-01   8.3009087e-02   7.2148617e-02   3.3509006e-02  -8.4665768e-02   3.6933348e-01  -3.4737217e-01  -1.0193406e-01   1.5798357e-01  -3.8559893e-01   5.0295233e-01   5.3394839e-01  -2.2057649e-01   4.4070594e-01   5.4085151e-01  -2.3537678e-01   6.1302011e-01  -3.4760970e-01  -3.7799500e-01   2.2708813e-01   5.9669406e-01  -5.3037957e-01  -2.1008078e-01   2.6528883e-01  -9.8928787e-02  -2.1208762e-01  -2.6831523e-01   1.6125623e-01  -2.0365038e-01   4.5383516e-01   4.8164162e-01  -4.1210191e-01  -3.2480667e-01  -4.3328802e-01   5.8389401e-01  -4.4323557e-01  -4.3862410e-01   2.2129287e-01   2.1168944e-01  -2.1309735e-01  -1.3088443e-02  -1.3771152e-01   8.8444224e-02  -5.0596848e-02   1.8416489e-01   5.5845529e-01  -4.7708611e-01   6.8765272e-01   1.3555264e-02   2.5006014e-01  -2.9563353e-01   2.2141903e-02  -4.5916081e-01   8.8709943e-02   2.9544062e-02  -4.4500442e-01   6.6073895e-01   6.0717441e-01  -1.3291021e-01   6.0391136e-01   2.4636327e-01   5.6253331e-02  -2.3235222e-02  -1.0587679e-02  -4.2171370e-01   3.8673790e-01  -1.8518603e-01   2.9956273e-01   4.7104555e-01  -5.6499814e-01  -2.6383031e-01   4.9530387e-02   5.6866339e-01   3.9563196e-01   4.9380919e-01   1.6920242e-01   5.0122846e-02  -2.3389747e-01   5.2888673e-01   1.7531010e-01  -9.7370867e-02   2.4765198e-01   5.6576923e-01   2.0008840e-01  -3.0527992e-01  -4.3316537e-01   4.1433504e-01  -8.5040005e-03   4.4095341e-01   3.4714043e-01  -3.4502183e-01   6.0789927e-01   1.2151939e-01  -3.2989231e-02   2.7061663e-01   1.2248916e-01  -3.8728508e-01   3.7961039e-01  -3.3648905e-01  -1.9710122e-01   6.6595366e-02   1.1911353e-01  -3.6681675e-01  -1.2138755e-01  -7.9218230e-02   6.7193592e-01   2.6767889e-01  -4.7127013e-01   4.2762253e-02   1.8775667e-01   5.4889226e-01  -4.8639749e-01   5.4613541e-01   5.3274763e-01  -4.6053290e-01  -3.8666051e-01   6.1793983e-02  -1.3526015e-01   6.0035786e-01  -5.1130149e-01  -3.2480106e-01   5.1660557e-01   4.6777269e-01  -4.4528602e-01   5.4219239e-02   2.1404043e-01  -2.7487555e-01   4.2107849e-01   1.9514238e-01  -4.4694815e-01   7.3485599e-01
  -3.0523961e-01   2.2016749e-01   1.8441960e-01  -5.0397913e-01  -2.2747589e-01  -2.5112717e-03  -1.8076219e-01  -3.2712325e-01  -3.0664502e-02   0.0000000e+00   4.0648946e-02   4.2754598e-01   2.8269514e-01  -9.3725422e-02   1.5141337e-01  -1.1586683e-01  -9.2119916e-02  -8.2143842e-02  -2.6645164e-01  -1.1363140e-01  -1.9954344e-01  -1.0699271e-01   1.8402815e-01   1.1931789e-01   1.5484408e-02  -2.6576134e-01  -2.6492636e-01  -6.4409492e-02  -6.5737844e-02   1.5364430e-01  -1.8073812e-01  -3.4741114e-01  -3.6137399e-01   2.1654603e-01   7.1297675e-02  -2.8749890e-01   6.5150137e-01   4.0363411e-02  -1.6697431e-01   2.1543288e-01   1.0271274e-01  -2.5409501e-01   4.0750371e-02   1.0699739e-03  -8.2844046e-02  -9.3621914e-02   1.0634431e-01  -1.1207433e-01   2.8979551e-02  -9.1334636e-02  -7.8945083e-02  -3.4178522e-01   1.4821748e-01   2.0194956e-02   8.2322873e-02   2.4862975e-01  -1.7733056e-01  -3.7686332e-01  -2.5875958e-01  -2.5443945e-02  -1.2270078e-01   4.5497760e-02  -1.7804468e-01  -1.6566006e-01   5.0876618e-02   4.3965397e-01   4.1323480e-02  -1.6931141e-02  -4.1848971e-02   4.9120468e-01   1.0362061e-01  -3.5602352e-02  -3.6818578e-02   1.4449207e-02  -1.1078275e-01  -1.9897866e-01  -1.0636831e-01   1.3090178e-01  -3.4909431e-01  -3.3611729e-01  -2.6712488e-01  -1.2213797e-01  -3.1577321e-02  -1.1878959e-01   4.4241510e-02  -1.3849725e-01  -7.8474153e-02   6.2836754e-02  -1.6957061e-01   1.3025846e-01  -1.9282140e-01  -2.3667209e-01  -9.6031863e-02  -2.1838423e-01   6.9529332e-03  -7.0301711e-02   4.1040997e-02  -3.2912150e-02  -3.2980702e-02  -1.8092497e-02   1.5076216e-01  -6.1546089e-02  -3.1244870e-01   9.4685075e-02  -1.9365902e-01  -2.6841888e-01  -2.8468441e-01   1.2532445e-02   4.6127348e-01   2.1181172e-01   4.6440852e-02  -1.6902385e-01  -7.6482968e-02  -1.4973366e-01   1.9329463e-01  -5.2896804e-02   9.0021001e-02   9.8633800e-02   2.3805428e-01  -3.0548720e-01  -1.1905772e-01   1.1120114e-01  -5.1464026e-02  -2.5811382e-01   4.7692768e-02   1.4308320e-01  -3.1378120e-01  -1.7984064e-01  -2.9262684e-01   3.5317597e-01  -3.4146517e-01  -9.6115000e-02  -2.5560391e-01   5.3284487e-03  -3.6046308e-01  -2.3578511e-01  -1.3789171e-01  -2.0295326e-01  -2.0214064e-01   3.4627351e-02   1.2828879e-01   3.5743857e-01   1.4261538e-02   4.9487976e-01  -6.8419329e-02  -3.6133253e-01   4.1745465e-01   4.8801348e-02   3.7692472e-01   2.1439860e-02   4.9406919e-01  -2.2761886e-01  -2.1203208e-01  -9.4848103e-02   9.5664056e-02  -5.0800426e-02  -4.7908583e-02  -1.1731933e-01  -2.0475952e-01  -3.4205978e-01   1.9393461e-01  -2.8546069e-03   2.3155262e-01  -1.8571687e-01  -8.5391947e-02   5.0213139e-03   5.5497175e-02  -2.4081032e-01  -9.9160172e-02  -1.6465127e-01  -1.6816922e-01  -1.1218905e-01  -1.1120284e-01   2.9166931e-02  -3.7853575e-01  -8.1866397e-02  -1.3675564e-01
  -4.0541082e-01   2.1364111e-01  -4.0576433e-01  -2.9583209e-01  -7.6278443e-02  -6.3137467e-01  -9.4012137e-02  -2.1857172e-01  -4.9201263e-01   4.0648946e-02   0.0000000e+00   2.6866680e-01   3.2577084e-02  -5.2176418e-01   6.1056936e-01   4.6571418e-01  -6.1388154e-01   5.0814248e-01  -6.3920580e-01  -2.5850988e-01  -2.0726724e-01  -6.8858304e-01  -5.8479560e-02  -4.9325854e-01   1.5126611e-01  -3.7325685e-01   2.2890134e-01  -5.7836900e-01   2.5185732e-01   2.0307658e-02   4.2616240e-01  -2.9032263e-01  -1.1371424e-01   4.0585263e-01  -2.9852147e-01   2.7084264e-01   3.7187782e-01  -2.9897642e-01   5.2818030e-01  -2.4104698e-01   1.9676446e-01  -3.2159717e-01  -2.8247154e-01   4.9598936e-01   4.3623703e-01  -8.1661303e-01   5.5227472e-01  -1.8284273e-01  -3.9493305e-02  -1.8883616e-01   2.8077769e-01  -4.3168459e-01   6.3681214e-01  -8.0476391e-02  -1.2537103e-01   7.9703993e-01  -6.3071367e-01  -5.4063447e-01   4.3015385e-01  -4.3044209e-01  -6.2521225e-01   3.8873329e-01  -3.2073637e-01   5.5314838e-01   4.3242295e-01  -3.2390482e-01  -4.4494207e-01   5.0565636e-01   7.3766708e-01  -2.4790654e-01   3.3691693e-01   3.6222459e-01   4.7427181e-01  -2.1844315e-01  -3.1668069e-02  -4.3462118e-01  -6.4118300e-01   7.0928278e-01   4.5536020e-01   4.9033203e-01  -6.9985269e-01   6.7777472e-01   6.8130814e-01  -2.5203328e-01  -4.1232470e-01   4.5879331e-01  -1.2043548e-01  -8.7517266e-02  -4.8755370e-02   2.9561574e-02  -3.3515765e-01  -6.7000415e-01   8.3733372e-01  -6.2615496e-01  -1.4667550e-01  -1.9577051e-01   2.7363757e-01   3.0408139e-01   6.0757986e-01  -1.0315622e-01   3.4653825e-03   7.8265717e-01  -6.6262383e-01  -3.8189165e-01   3.6061800e-01  -5.0718900e-01  -3.9259217e-01   4.3272062e-01   5.1383036e-02   1.2047424e-01   8.4975189e-01  -3.3227910e-01   9.4229547e-02  -4.2278442e-01  -2.8752346e-01   7.9133862e-01   6.6663583e-01   2.2438280e-01  -5.4946090e-01  -2.5753980e-01  -6.2471559e-01  -1.3495608e-01  -1.5663150e-01   1.4872365e-01  -7.6047405e-01  -1.7978743e-01   2.8379277e-01  -1.7700577e-01  -4.2291782e-01  -2.6688864e-01   4.8747791e-01   8.3812915e-01  -4.8459400e-01  -1.4971184e-01  -4.9784685e-01  -2.2967239e-01   2.0509754e-01  -5.3887248e-01   2.0512869e-02  -6.6291781e-03  -4.2280206e-01  -2.9626179e-01   7.8028872e-01  -2.6807121e-01   4.3934532e-01   2.6093274e-01   2.0681433e-01  -4.6026154e-01   4.9372828e-01   1.0238716e-01   2.7211663e-01  -6.7154372e-01  -5.0767670e-01   8.5630821e-01  -7.2560035e-02  -5.7755781e-01  -6.5317026e-01   4.4987363e-01  -6.1153500e-01  -6.4818231e-01   4.5031453e-01   8.4188166e-01  -3.4063393e-01   4.7501416e-01  -6.7467313e-01   6.9268701e-01   7.4729558e-01  -4.4487610e-01  -5.9744613e-01   5.7742606e-01  -1.0120992e-01  -6.0017838e-01   4.8649400e-01  -3.8385471e-01  -1.7459725e-01   1.7666639e-01  -7.1968600e-01
  -2.4851028e-01   6.5201397e-01  -1.0512591e-01  -2.1450644e-01  -1.0932571e-01  -3.1766483e-01   4.9714721e-01  -9.6823572e-02  -1.4035430e-01   4.2754598e-01   2.6866680e-01   0.0000000e+00   6.0203893e-02   8.8947906e-02   5.2621101e-01   5.3236916e-01  -5.3945816e-01   4.0277773e-01  -3.6738332e-01  -1.0804576e-01   1.0714895e-02  -3.0988227e-01   3.4842854e-01  -1.7596338e-01   1.8212121e-01  -4.2816816e-01  -1.0317003e-01  -3.0524686e-01  -8.0369287e-02   6.6656619e-01   1.8666809e-01   5.0308114e-02  -1.1099454e-01   3.1806725e-01   4.1541397e-01   1.1924577e-01   3.3700566e-01  -2.5824438e-01   3.6815847e-01  -1.8470730e-02   1.8777773e-01  -1.3601937e-01  -5.5719429e-02  -1.1595094e-01   4.7496932e-01  -3.2218871e-01   2.0915189e-01   4.3983809e-01  -1.6239478e-01  -3.0548331e-01   4.8253036e-01  -2.6664776e-01   2.2780974e-01  -3.0973850e-01  -1.0923616e-01   3.4287150e-01  -4.9654111e-01  -4.5317027e-01   1.7677878e-01   8.0189468e-02  -4.1374839e-01   1.1684908e-01  -6.5040111e-02   2.3498150e-01   5.2935220e-01   4.3845966e-02  -1.9141537e-01   1.8885027e-01   2.2094443e-01   2.6106205e-01   3.0885399e-01   3.6494520e-01   2.5160237e-01   9.9478734e-02  -1.7922289e-01  -3.9026206e-01  -3.6004321e-01   1.7724070e-01  -4.2444298e-02   2.1376101e-03  -4.8728465e-01   1.9930708e-01  -1.4295925e-01  -3.2650989e-01  -2.7530252e-01   3.5270476e-01   4.0689702e-01   3.5554037e-01   8.8453112e-02   9.2071580e-02  -2.1028516e-01  -4.5023644e-01   1.3807553e-02  -1.8656299e-01  -4.3982903e-03  -4.1037215e-01   1.4611324e-01  -8.3024641e-03   2.1091668e-01   3.2261248e-01   5.2391846e-02   3.5768980e-01  -3.7173703e-01   3.0019230e-01   4.6368178e-01  -1.1909282e-01  -4.9079374e-01   2.8530815e-02   4.7237946e-01   7.9486592e-02   1.3120078e-02  -8.5679172e-02   4.4351977e-02  -3.6402586e-01   1.1828828e-01   5.0004976e-02   2.7165447e-01   2.9882075e-01  -5.8912555e-02   4.0990813e-02  -4.5453750e-01  -1.4308744e-02  -3.0358220e-03   4.3513795e-01  -3.3503497e-01   5.6231677e-01   4.7842119e-01  -2.7191290e-01   4.2859807e-02  -1.4894493e-01   8.0719387e-02   1.4561142e-01  -1.4821426e-01   1.1236809e-01  -1.7956718e-01   3.8450594e-02  -2.7077984e-02  -3.5722305e-01  -8.9748528e-02  -1.6443963e-01  -8.9687922e-02  -4.9195399e-02   1.6430827e-01  -5.6278685e-02   2.2388432e-01   2.9733656e-01   6.4799344e-01  -1.8565434e-01   4.1436965e-01   3.2010469e-01   5.6882734e-01  -5.1480868e-01  -2.8497807e-01   7.4647334e-02  -7.6374233e-02  -2.8060109e-01  -3.5778636e-01   3.3970323e-01  -5.1155929e-01  -4.9188145e-01   1.9027012e-03   1.9076693e-01  -3.1451020e-01   4.2660679e-01  -3.3289933e-01   4.0766743e-02   2.3755466e-01  -2.8655473e-01  -3.2591064e-01  -3.1500331e-01   1.1668740e-01  -3.4349372e-01   4.3252068e-01  -2.8655521e-01  -2.2561126e-01  -2.3389541e-01  -2.8752061e-01
   1.2427663e-02   1.9343258e-01  -1.6059728e-01  -2.9996189e-01   2.5709872e-01   2.2966434e-02  -6.9872498e-02  -1.0324537e-01  -2.1787772e-01   2.8269514e-01   3.2577084e-02   6.0203893e-02   0.0000000e+00  -3.2140361e-01  -1.6545807e-01   1.5059666e-01  -3.4836364e-01   5.1349394e-02   1.2340203e-01   2.2268968e-01   3.2298594e-01  -2.8269902e-01  -3.2999947e-02  -4.0295029e-01  -2.2798857e-01  -2.4748027e-01  -6.6557283e-02  -1.5214053e-01   1.3620299e-01   8.0042404e-02  -2.4183634e-01  -4.9850608e-01  -3.7738594e-01  -6.0305949e-02  -9.3081635e-02  -1.2462378e-01   1.7183963e-01  -4.1321857e-01   2.6122093e-01   2.5179466e-01   6.1478483e-01  -4.8644192e-01   1.7098931e-01   8.9318680e-02   2.3820410e-01  -1.1806462e-01   8.6263227e-02   9.4528975e-02   2.5305335e-01  -1.0268210e-01  -1.0324754e-01  -2.5009005e-01   2.3276010e-01  -8.7382300e-02  -4.7828641e-01   1.1067638e-01  -1.5353984e-01  -3.9791296e-01  -1.9468163e-01  -2.7868929e-01  -3.5387078e-01   9.8257470e-02  -8.8047424e-02   7.8856651e-03   1.9408098e-01   1.0388117e-01   2.8336731e-02   1.4377842e-01  -6.1703830e-02   6.8343176e-02   2.1047240e-01   9.7455947e-02   2.5460470e-01   1.4705380e-03   3.3505155e-01  -4.3942883e-01  -3.7404862e-01   6.4825926e-02  -1.8060825e-01  -2.2867616e-02  -2.9291446e-01  -4.3138359e-03   3.6201810e-02  -2.7539714e-02   2.5953154e-02  -3.0895678e-01   2.5854479e-01  -1.8592888e-01  -9.3106711e-02  -4.4248761e-01   3.0309634e-01  -3.1178063e-01  -9.1788161e-02  -3.0646415e-01  -3.1981972e-01   1.3575171e-01   4.1571016e-01   3.9106924e-02   8.3937907e-02   2.0838651e-01  -1.1933593e-01  -1.0237667e-01  -4.0214444e-01  -1.9324340e-01  -1.3194927e-02  -3.3147826e-01  -2.8633623e-01   1.5427290e-01   3.0821099e-01   3.2474598e-01  -1.9372060e-02  -2.9454053e-01   1.4807635e-01  -2.6454204e-01  -2.7893204e-01   2.5980450e-02   2.0282272e-02   4.1329326e-01  -2.0565529e-01  -3.8516658e-01  -4.2047032e-01   8.3981684e-02   5.0441200e-01  -1.0950265e-02  -2.1412298e-01  -2.5992865e-01  -1.3159992e-01   9.4801635e-02  -2.0621860e-01  -1.6554175e-01   2.5858254e-01  -9.4077136e-02  -1.9764371e-01  -1.9836025e-01  -1.0451607e-01  -4.9267843e-01  -5.7584517e-02  -1.6894237e-01  -4.9164431e-01  -5.1966664e-01  -4.8234390e-01   6.1911680e-01  -4.9023707e-02  -1.5423927e-01  -4.1416158e-01  -3.0230324e-01   1.6418883e-01   3.3329574e-01  -1.7469192e-01   2.2466930e-01   6.0651344e-02  -2.8701278e-01  -3.5018280e-01  -3.1010459e-02   3.8721651e-02  -3.2625484e-01  -4.6888597e-01   3.9693107e-02  -4.5428102e-01  -3.9893686e-01   2.8265748e-01   8.6461672e-02   3.4946890e-01  -1.3497597e-01  -2.2899108e-01  -1.7456658e-01   1.0068266e-01  -2.5954748e-02  -4.7161226e-01   1.4119309e-01   3.8569032e-01  -2.5012588e-01   9.3949605e-02   1.7506685e-02  -6.0945889e-02   1.2502131e-01  -1.6334630e-01
   4.6174575e-01   1.0138777e-01   1.1113356e-02   3.1992588e-01  -6.5634075e-02   3.1314565e-01   4.9223950e-01   1.3677178e-01   3.5956742e-01  -9.3725422e-02  -5.2176418e-01   8.8947906e-02  -3.2140361e-01   0.0000000e+00  -1.8344071e-01  -2.8805724e-01   1.8058525e-01   7.7685290e-03   2.4796094e-01   3.9916455e-02  -1.2093013e-02   4.8799496e-01   2.4171997e-01   5.6235301e-01  -1.8059542e-01   1.9374974e-01   6.0808346e-02   2.4159146e-01  -2.9878207e-01   2.5135892e-01  -9.6287414e-03   3.6870895e-01   7.2617602e-02   1.3616005e-01   3.4179248e-01  -2.0111083e-01  -1.4301706e-01   1.0647929e-01  -3.1994329e-01   7.9672996e-03  -1.6780953e-01   2.4904765e-01  -6.5857656e-02  -2.2983166e-01  -2.4402978e-01   3.7325273e-01  -9.4855811e-02   3.6819848e-01  -1.7503231e-01  -1.4794830e-01   2.2376522e-01   3.6112745e-01  -3.0461612e-01   5.0861595e-02   4.0521519e-01  -3.3450431e-01   1.9089620e-01   3.7083251e-01   8.9245515e-02   4.1681159e-01   3.7688392e-01  -2.8778432e-01  -5.9105971e-02  -1.5417467e-01  -1.1780379e-01   5.4862826e-03   2.6577420e-01  -3.3596870e-01  -1.9263163e-01   1.6471210e-01  -1.1821002e-01  -3.0912966e-02  -1.8633694e-01   6.8507461e-02  -2.5201570e-01   4.5171113e-01   2.9435820e-01  -2.5887593e-01  -2.7068742e-01  -1.7385636e-01   4.1927030e-01  -2.8691108e-01  -3.6675486e-01   7.9005974e-02   1.6284441e-01   1.3635129e-01   2.7702471e-01   3.4302194e-01   4.0011622e-01   2.0810378e-01   2.0101591e-02   3.9904286e-01  -4.6682308e-01   4.8665862e-01  -9.0624239e-02  -9.5257517e-02  -4.2648771e-01  -1.8129792e-01  -3.3772119e-01  -6.8413997e-02   2.7784378e-01  -2.9463302e-01   5.3623470e-01   4.4877830e-01   7.2838460e-02   4.2627838e-01   3.4261533e-01  -2.5067996e-01  -5.9175162e-02  -1.9036072e-02  -3.9806823e-01   3.4661583e-01   5.3628434e-02   3.9364878e-01   4.9200507e-01  -3.5651051e-01  -2.7664932e-01  -1.0930817e-01   4.7821117e-01   4.1199584e-01   4.4913092e-01  -3.4735306e-02  -1.6757178e-01   8.8046602e-02   4.2386383e-01   3.3171207e-01   1.6024849e-01   2.6427472e-02   4.5273609e-01   2.3197026e-01  -2.9440808e-01  -4.1442051e-01   4.2958472e-01   3.9318236e-01   3.8219070e-01   3.5576404e-01  -6.4748751e-02   3.8884131e-01   1.8811019e-01   1.3896255e-01   5.4082625e-01  -8.8188097e-02  -3.3383340e-01   7.0384332e-02   1.0895919e-01   1.2732614e-01   7.6635392e-02   2.1275368e-01  -9.3602007e-03  -1.0376644e-01  -1.2838188e-04   3.7708211e-01   5.6043764e-01  -3.5578037e-01  -1.4562108e-01   4.7930047e-01   4.8703097e-01  -8.9574100e-02   4.2824553e-01   4.9774683e-01  -3.6233266e-01  -4.4344644e-01   2.9413745e-02   1.0614395e-01   3.2800242e-01  -2.4641094e-01  -3.5478445e-01   1.9483325e-01   5.8116819e-01  -4.4676186e-01  -6.3525488e-02   2.1809470e-01  -1.1235470e-01   1.5584961e-01   2.8889575e-02  -1.4018800e-01   3.8680703e-01
