   0.0000000e+00   9.4253146e-02   2.1538419e-02   1.8792478e-01  -2.0760771e-01   2.0768861e-01   2.6869542e-01   1.5288175e-01  -5.4939736e-03  -2.2222540e-01  -1.8301896e-01  -1.8434120e-01  -1.2915540e-01   2.9631659e-01  -1.0451161e-01  -1.7690055e-01   6.5197156e-02  -7.7095951e-02  -2.4783157e-01  -2.5563352e-01  -9.0273019e-02   3.5685822e-01   3.2022725e-01   6.9880830e-01  -9.8310026e-02  -2.2277611e-01  -5.2723417e-02  -1.6738266e-01  -2.4818217e-01   3.2850465e-01  -2.0986520e-01  -1.1676782e-01  -1.7070480e-02  -1.8584018e-01   4.1687381e-02  -1.4360490e-01   9.6346499e-02   4.5959813e-01  -2.6097806e-01  -1.1041121e-01  -2.8402956e-01  -5.7662667e-03  -1.2217842e-02   7.4924822e-03  -1.1116533e-01   6.5979419e-01  -2.1302845e-01   5.8578897e-02  -3.8187985e-02  -1.5502332e-01   1.2765990e-01   1.5936859e-03  -1.2256669e-01  -2.9369600e-02  -6.3641371e-02  -2.0105573e-01  -2.2226207e-01  -1.1719196e-01  -3.1141705e-01  -2.5258582e-03   4.2384588e-01  -1.1246447e-01  -1.8351437e-01  -1.3391009e-01  -3.3219513e-01   3.3305635e-02  -1.9394841e-01  -2.2639351e-01  -8.5406503e-02   5.3772896e-01  -3.7142094e-01   9.2998382e-02  -2.4715193e-01  -2.0406791e-01  -2.3265978e-01  -2.2188798e-01   4.5775447e-01  -3.5067705e-01  -3.0647742e-01  -5.1678195e-01  -2.2253185e-01  -3.6889579e-01  -3.4567312e-01  -5.0526961e-02   6.2721959e-01  -4.0568978e-01  -1.8747874e-01   3.8203994e-01  -1.4335543e-01   8.1026819e-01  -1.2161958e-01   3.3381462e-01  -7.5289745e-02  -1.3103495e-01   4.2759727e-01  -4.1477658e-01  -2.0732481e-01  -3.5459987e-01  -9.5124459e-02   1.2075282e-01   4.0536304e-01  -4.0736817e-01  -1.1645964e-01   2.0821491e-01  -7.4821862e-02   1.1278952e-01  -3.3193691e-02  -4.1143736e-03  -2.4808314e-01   1.4873277e-01  -2.7825198e-01  -4.0482167e-02  -1.8512156e-01   7.6484147e-01   3.2471423e-01  -1.6862267e-01  -7.8788814e-02  -1.7885240e-02   1.5534601e-01   1.6835728e-02   8.2846915e-01  -3.0228825e-01  -6.3985694e-02  -2.4356524e-01   7.2832729e-01   2.7347132e-01  -3.3802481e-02  -1.9774855e-01   4.3615490e-02   2.9858040e-01  -3.3978540e-01  -3.9900668e-01   7.3947086e-01  -1.8042372e-01   2.3705765e-01  -9.9310482e-02  -2.6046426e-01  -2.0813320e-01  -3.8406575e-01   6.6176336e-01   8.2517354e-01   3.1417036e-02  -2.3893218e-01   6.0141238e-02  -1.4363756e-01  -3.4241592e-01  -2.0309725e-01   3.2511296e-01   1.2146361e-01  -5.5060769e-02   2.7836152e-01  -2.9719473e-01   6.4338396e-01  -2.5580835e-01  -2.5287848e-01   8.4227331e-01   7.4292384e-01  -3.5500472e-01   5.0850955e-01  -2.4242902e-01  -1.0490516e-01  -3.1780438e-01   3.8355594e-02  -1.1804706e-01   2.6614402e-02  -3.1089056e-01  -3.5730970e-01  -6.0678233e-02   6.6131164e-01  -1.4724035e-01  -2.5979157e-01   4.5415698e-01  -5.5028971e-02   5.9650634e-02  -1.1230254e-01   4.5726879e-02  -3.6043145e-02
   9.4253146e-02   0.0000000e+00   6.5556133e-01  -7.3970456e-03   5.5595703e-02   1.3396938e-01  -7.1176697e-02  -1.1019918e-01   5.9696616e-02   2.9519406e-01  -1.2137561e-01   5.8653210e-01  -1.7484421e-01  -2.8914389e-01   3.9829180e-02  -8.1781552e-02   5.0844307e-01  -3.5086457e-01  -1.9958061e-01   1.2361359e-01  -4.9108800e-01   1.0033461e-01  -3.2448669e-01   2.5136771e-02   1.1262198e-01  -2.5811441e-01   3.6235786e-01  -2.2390653e-01   2.6974482e-01  -3.2456539e-03  -5.5964571e-02  -9.7548473e-02  -1.9956566e-01   1.1655025e-01  -1.0365092e-01   1.5965214e-01   1.5710726e-01  -6.0601732e-02   4.5500285e-02   6.1004782e-01  -5.9718575e-02  -2.0544852e-01   9.0936914e-02  -1.4474360e-01  -2.7997723e-01  -8.7494323e-02   1.7689542e-01  -1.2756641e-01  -4.3685651e-02   4.3473972e-01  -5.5988897e-01  -3.5712424e-01   4.7635009e-01  -9.2690048e-02  -1.6106516e-01  -2.2393193e-01  -5.9050541e-02   2.0973288e-01  -3.0677340e-01  -1.9692351e-03   8.5606944e-03  -2.3689822e-02   3.2835838e-01   1.7038278e-01  -8.0909027e-02  -1.9492032e-02   1.1282861e-01   1.2232643e-01  -3.8914979e-02   2.5550248e-01   4.9033774e-01  -2.6714625e-01  -6.9796904e-02   6.0058667e-01   1.0751189e-01   7.3541795e-02  -7.0786643e-02  -2.5689854e-01   3.3173200e-01   2.6106773e-01  -3.3633058e-01   2.5081723e-03   2.9911861e-01  -2.6823216e-01   3.5168316e-01  -2.4470328e-01  -1.2730852e-01  -1.5674127e-01   9.7407897e-02   6.4674267e-02   1.0074203e-01   2.9968240e-01   3.1389752e-01  -9.2662948e-02  -1.7298366e-01   3.5230536e-01   7.5690376e-02  -1.9330606e-01   2.0061123e-01   5.5770689e-02  -4.7314086e-02  -6.2260711e-02   1.7353791e-01   5.1409199e-02  -4.9692769e-01   4.5941663e-02  -1.0660521e-01  -1.9804602e-01  -3.5921051e-01  -1.7177377e-01   1.6338511e-01   2.2238832e-01  -3.5728422e-02   7.0375408e-03  -3.2122130e-01   3.5582309e-01  -3.9249280e-01  -3.4409705e-01  -8.9298691e-02  -1.2718296e-01  -2.5646895e-02   3.6265216e-01   2.0275099e-01  -4.9322849e-01   7.9571846e-02   9.5819748e-02  -2.9343176e-01  -1.4188308e-01  -7.1780695e-02   3.8279350e-01   5.4608158e-02   9.5867827e-03   4.0235945e-01  -3.0177553e-01   2.6372060e-01   6.5511083e-02  -9.0893223e-02  -1.8337845e-01  -1.9716671e-01  -2.6267217e-01  -4.8002339e-02  -9.6589611e-02  -3.7510285e-01  -1.5475112e-02  -2.8915445e-03  -3.2702393e-01   8.8777073e-02  -1.0326062e-01  -4.8980682e-02  -9.3828686e-02   4.0442768e-01  -2.6697853e-01   3.1221569e-02  -1.5080714e-02   6.2673960e-01   1.4900103e-01  -2.5460604e-02  -3.9503896e-01   1.9421095e-01  -1.7006083e-01  -7.7440809e-02  -2.3204974e-01   1.7644985e-02  -1.3917282e-01   3.5452676e-01   3.2350059e-01   1.5414836e-01  -2.9253626e-01   1.8530360e-02   2.1675495e-01   2.4892723e-01  -2.7058697e-01  -2.7320153e-01  -2.2235884e-02   1.2833657e-01  -1.9988751e-01   1.4021503e-01
   2.1538419e-02   6.5556133e-01   0.0000000e+00  -1.4068024e-01   1.8569012e-01   1.1586758e-02  -3.0238625e-01  -1.8059104e-01  -2.0032276e-01   3.1222867e-01   4.3739775e-02   6.8603658e-01  -2.8722413e-01  -2.9604766e-01   2.2183308e-01   1.2359211e-01   9.1514013e-01  -2.1790680e-01  -1.9577569e-01   2.9496943e-01  -6.0011347e-01  -1.2692763e-01  -5.2606051e-01  -6.4524852e-03   1.2604655e-01  -3.9096888e-01   4.2429792e-01  -3.8191867e-01   3.6415277e-01  -2.8393115e-01  -4.9592978e-02  -1.5176521e-01  -1.9985946e-01   1.7638339e-01  -1.1321913e-01   4.3268062e-01   4.5005894e-02   1.7444189e-01   3.1868093e-02   7.6349945e-01  -1.7927468e-01  -2.4901725e-01   5.4980938e-03  -1.3363498e-01  -4.1085794e-01   4.1598160e-02   4.0472014e-01  -4.2714197e-01   2.5733684e-02   7.7794360e-01  -4.5375164e-01  -5.0637938e-01   3.8473611e-01  -1.3811301e-01  -2.4337674e-01  -2.0670468e-01  -1.1462620e-01   3.9850893e-02  -1.2121174e-01  -6.0815264e-02   2.7456805e-01   7.0115794e-03   4.7727322e-01   2.2455642e-01  -2.9781429e-01  -1.4423657e-01   1.6714775e-01   9.2239025e-02   1.4503907e-01   3.9766996e-01   5.6577249e-01  -4.7312499e-01   1.3068555e-01   7.0519938e-01   2.0252146e-02   6.1394208e-03   2.3365278e-01  -1.4957534e-01   5.7120868e-01   2.2802378e-01  -5.1755147e-01   2.7592471e-01   4.6571473e-01  -3.3661422e-01   4.3953848e-01  -1.3643038e-01  -3.9173875e-01  -2.9704009e-01   3.3000726e-01   2.2064587e-01   4.0491506e-01   6.0630999e-01   6.2768486e-01   1.1220800e-01   2.4592160e-02   5.0506407e-01   3.8327607e-02  -2.6714381e-01   3.5113243e-01  -1.4046202e-01  -1.6823801e-02   1.3239018e-01   1.7063134e-01  -3.2114046e-01  -5.8868667e-01   2.9754148e-02  -9.2544122e-02  -2.4654400e-01  -2.7003440e-01  -2.4612279e-01   3.8444584e-01   2.5262559e-01  -3.0688383e-01   8.5729721e-02  -2.3519989e-01   4.4846730e-01  -4.1572099e-01  -9.8932284e-02   7.8939836e-02  -2.9823279e-01   7.4818193e-03   6.2979286e-01   1.1326958e-01  -4.2036975e-01   2.7196459e-01  -3.2721515e-02  -3.0944299e-01  -3.3696539e-01  -2.2922329e-01   6.2370494e-01   1.6426625e-01   2.3844641e-02   2.9568895e-01  -3.5395313e-01   2.4061133e-01   1.6150130e-01  -2.0139671e-01  -1.5006401e-01  -2.8057702e-02  -1.9884874e-01  -9.9647836e-03  -3.7386539e-01  -2.9875182e-01  -2.6167711e-02   5.5672649e-02  -3.9194863e-01   8.0459502e-02  -2.2849451e-01   1.8359413e-02  -3.3503064e-01   6.2222035e-01  -3.5171079e-01   7.5983400e-02   1.5486411e-01   7.9401756e-01   1.2860895e-01   1.3267283e-01  -6.0534569e-02   4.3867920e-01  -1.7161108e-01  -1.7035198e-01  -2.5957906e-01  -4.3534764e-02  -1.2885128e-01   5.0392017e-01   6.5763712e-01   3.2376288e-01  -1.6672278e-01  -2.4834948e-04   3.1576941e-01   4.4921197e-01  -1.6252001e-01  -4.1605100e-01  -3.8573374e-02  -3.9524273e-02  -3.4887688e-01   3.3952559e-01
   1.8792478e-01  -7.3970456e-03  -1.4068024e-01   0.0000000e+00   3.9820800e-01  -1.2755695e-01  -1.5359587e-01  -2.0301510e-01   4.8530432e-01  -4.7755940e-02  -6.5583258e-01  -2.1501555e-01   3.1544161e-02   5.3873482e-02  -4.7495887e-01  -2.0954262e-02  -8.8756430e-02   2.3943966e-01  -3.0049188e-01   3.0022325e-01   1.8779244e-01   4.8930063e-01   1.5955645e-01   3.4094627e-01  -6.0131925e-01   5.6008977e-02  -4.7331747e-01   1.8284789e-01  -3.5735162e-01   4.9765575e-01  -2.8726092e-01   4.0833311e-01   4.1589278e-01  -4.1804357e-01   4.2685963e-01   1.4225612e-01  -1.2943033e-01  -2.1325030e-01   2.3088220e-02  -2.6354295e-01   6.2492544e-02   6.5823990e-01   6.0616466e-01   1.2056616e-01   3.7646217e-01  -1.3048218e-01  -2.8615672e-01  -6.2112105e-02  -2.0196616e-01  -4.5974016e-02   3.3875880e-01   1.1642891e-02  -2.1657316e-01   5.8955018e-01   1.0252147e-01  -7.4804955e-03   2.2456198e-02   3.6536090e-01   4.8097167e-01   3.0102382e-01  -1.2507342e-01  -9.5669520e-02   2.3206131e-01  -6.2759677e-01   1.2611791e-02   7.4472995e-02  -3.2582772e-01  -6.4597970e-01  -3.7302302e-01   1.0707740e-01   5.1260293e-02   6.4946041e-01   1.4621025e-01  -1.1199426e-01  -2.9609420e-01   2.3921595e-01  -2.2691283e-01   2.4723295e-01  -1.1286410e-01  -1.3961439e-01  -1.0387786e-01  -1.5662355e-01  -3.3746537e-01   2.6354165e-01  -1.4460172e-01  -4.0184842e-01   2.2830416e-01   5.2351586e-01  -1.7767595e-01  -1.0267799e-01   2.9050195e-01  -1.7002928e-01  -2.6986274e-01   6.6120981e-01  -6.4380922e-02   1.8726545e-02  -2.1611142e-01  -3.4385029e-01  -1.7956279e-01  -1.7590572e-01   6.2031687e-02  -4.3564080e-01  -1.1830752e-01   8.9429100e-02   4.3984488e-01   6.6439882e-01   6.0770933e-01  -5.1293542e-02  -2.0654860e-01   9.8734149e-02  -3.0380042e-01  -1.7371397e-01   4.6534845e-01  -1.9765633e-02   2.5485643e-01  -3.2139898e-01   1.1975928e-01   2.0487449e-01   2.3266735e-01   8.4377096e-01   5.6930688e-02  -8.9327416e-02   5.1182175e-02   1.6822194e-01  -1.0767791e-01   4.0689160e-01   5.5487421e-01   3.5501103e-01   6.7445226e-01  -6.6235430e-02  -1.4963782e-01  -3.4908195e-01   3.1422622e-02  -1.5712163e-01   7.0800274e-01  -4.2994855e-01   2.5721199e-01  -1.5155717e-01  -5.5319796e-01   1.3948511e-01   3.2879563e-02   1.8896263e-01  -2.2971249e-01   2.9417773e-01  -2.7072823e-01  -1.2203881e-01  -1.6012650e-02   3.9735307e-01  -4.7656702e-02  -2.3902694e-01  -1.4007943e-01   4.4978960e-02   3.7351193e-01  -1.8420788e-01  -9.2280938e-02   1.3942644e-01  -3.7129162e-03   2.9525990e-01   9.9560423e-02  -3.3120636e-01   1.5144122e-01  -2.8495258e-01   2.1670108e-01  -1.7631721e-02   1.6071096e-01  -3.7074565e-01  -2.1897442e-02   1.0730457e-01   3.3652223e-01  -2.4401791e-01  -8.9222703e-02   1.5153357e-01   3.6738071e-01   1.2523861e-01  -2.2470917e-01   5.5758463e-01   2.9309726e-01
  -2.0760771e-01   5.5595703e-02   1.8569012e-01   3.9820800e-01   0.0000000e+00  -1.8278276e-01  -3.7176791e-01  -3.5419884e-01   1.9663291e-01   4.2823971e-01  -4.8411354e-01   1.2456504e-01   2.5184872e-02  -2.0641760e-01  -5.9363225e-01  -1.0235039e-01   2.8608236e-01  -1.9316585e-01  -9.0147997e-02   7.9561786e-01  -2.3526661e-01  -7.0066303e-02  -3.2966372e-01   9.0970058e-03  -3.5961315e-01   4.4850358e-03  -3.0934383e-01  -3.5367413e-02  -8.5843995e-02  -6.5069521e-02  -4.7576072e-01   6.2812706e-03   1.1133714e-01  -2.6276436e-01   1.8354464e-01   4.6672728e-01  -2.4011201e-01  -2.5030260e-01  -1.1489915e-01   1.4975768e-01   2.2297626e-01   4.1259415e-01   5.8376705e-01  -1.0387032e-02   3.0946024e-01  -3.2593785e-01  -1.0959541e-01  -2.7814112e-01  -1.8508023e-01   4.4727569e-01  -1.4662370e-01  -2.4617753e-01  -2.4148824e-01   4.4303897e-01  -5.4245156e-02  -1.4135043e-01   1.7606700e-02  -3.9656441e-02   2.4073576e-01  -1.5044348e-02  -2.1538963e-01   1.4988437e-02   5.7864815e-01  -3.5869554e-01  -1.1631630e-01   4.6114995e-02  -1.4047069e-02  -2.3032322e-01  -3.7751865e-01  -2.5019900e-01   5.4428749e-01   3.1022466e-01   4.4301875e-01   2.5363742e-01  -1.2685442e-01   6.9040305e-04  -2.5083472e-01   1.8155375e-01   5.4532773e-01   1.5886400e-01  -3.1700751e-01   1.0017585e-01   6.9871736e-02   1.1169092e-01  -1.9823979e-01  -4.2510843e-01   5.1007892e-02   7.3203090e-02   6.2714336e-02  -3.6703330e-01   6.9868212e-01  -1.1379636e-01  -1.0654348e-02   5.0052145e-01  -6.3103100e-02   6.3171857e-01   4.9265199e-02  -2.6294470e-01  -4.8829971e-02  -2.5015710e-03  -3.2344470e-01   2.3249827e-02  -2.1513101e-01  -3.1222390e-01  -9.3877682e-02   1.1322599e-01   4.3388539e-01  -2.2115975e-01  -2.1426447e-01  -4.1077594e-01   8.2649038e-02  -3.1961053e-01   4.0873420e-01  -2.2510264e-01  -1.8997449e-01   9.1848191e-02  -3.0836004e-01   3.2870088e-01  -2.8203345e-02   2.8874539e-01  -2.6362943e-01   6.0959903e-01   1.7288595e-01   4.1758757e-02  -3.0694649e-01  -1.3240836e-01   2.3144530e-01   2.9333015e-01   1.5317712e-01  -6.7350488e-02   1.2154252e-01   6.5970985e-02  -3.2473619e-01  -4.4783774e-01   3.3636942e-01  -4.6716819e-01   3.8687521e-01  -2.3257734e-01  -4.1300500e-01  -1.8391233e-01  -2.2268609e-01  -8.7118674e-03  -3.5243509e-01  -1.6414983e-02  -5.5571358e-01  -3.4665460e-01   2.4140885e-01   6.0390250e-02  -1.7683617e-01  -2.9330295e-01  -1.7097256e-01  -4.0371359e-02   3.0930338e-02   2.3624482e-01   4.0605538e-01  -1.6547312e-01  -2.2583912e-01   3.5145190e-01  -3.7436210e-02  -2.4141557e-01   1.3311493e-01  -2.7486132e-01   8.8180488e-02  -3.3786471e-01  -4.6626701e-02   2.1694336e-01   4.1766796e-01  -8.8849332e-02   3.3156433e-02  -1.6145778e-01   5.3249807e-01  -1.1107552e-01   2.7654361e-01   1.7183844e-01  -2.8402718e-01   3.8545854e-01   1.4053736e-01
   2.0768861e-01   1.3396938e-01   1.1586758e-02  -1.2755695e-01  -1.8278276e-01   0.0000000e+00   6.6949989e-01   1.2367779e-01   1.2816343e-01  -2.2317314e-01   1.7130234e-01  -1.1941892e-01   1.1463295e-01   5.3904548e-02  -1.7989905e-01  -3.4115522e-01  -1.7166626e-01  -2.6009973e-02   9.9611758e-02  -2.6965220e-02   2.7405132e-01   2.0824779e-01   4.5905406e-01   1.3375729e-01  -2.6291807e-02   2.1078500e-01   3.4477540e-01   1.7839735e-01  -9.1922435e-02   3.9327750e-01  -2.4560262e-01  -6.6418906e-02  -1.9698618e-01  -5.0568316e-02   2.9566157e-02  -5.3425777e-02  -3.1096358e-02  -1.0803523e-01  -3.5587489e-01   1.3260283e-01   6.9450348e-02   5.5360889e-02   8.1049414e-02   3.9820716e-01  -5.2860140e-03   1.6033874e-01  -2.1570655e-02   4.3045266e-01   1.3775371e-01  -3.6530374e-01   1.0872849e-01   1.4956405e-01  -2.1751574e-01   7.9902385e-02   8.3755433e-02   3.0122171e-01   3.4667723e-01  -1.7338660e-01  -1.5691919e-01  -2.6033240e-01  -1.1529083e-01  -5.5885166e-03  -2.4137308e-01   1.3321330e-01   1.0792500e-01   2.7745977e-02   6.6326242e-01   1.6483931e-01   4.9677756e-01   4.8976051e-01  -2.9259662e-01   1.9070572e-01  -3.1785964e-01  -2.8046692e-01   1.2488858e-01  -3.5048308e-01  -1.0777899e-01   1.0495926e-01  -4.3781715e-01  -2.3948451e-01   2.7253084e-01  -4.9392179e-01  -1.0828403e-01   1.5758425e-01   2.2900945e-01  -2.1156831e-01   1.1486649e-01   1.7113105e-01   9.1550374e-03   9.9549776e-02  -2.1111489e-01  -1.7406251e-01   3.7696321e-02  -1.5963714e-01  -8.4254931e-02  -3.6954204e-01   1.8441877e-01   2.8143497e-01  -2.9873099e-01   1.2253495e-01  -5.5201693e-02  -5.7449693e-02   1.2776720e-01   2.2185738e-01   2.5595361e-01  -2.3207085e-01  -1.7850064e-01   7.2900373e-01  -4.9825482e-02   4.2554741e-01  -1.2868693e-01   3.9316621e-02   1.0104269e-01   1.2476525e-01   7.3050898e-03  -2.3570665e-01  -1.2830756e-01  -1.0906771e-01   6.9879047e-02   1.8227150e-02   1.1999320e-01  -3.5513755e-01  -1.5026097e-01   7.9369700e-02   1.6289498e-01  -1.4039305e-02   2.1001237e-01  -5.0112719e-03   5.1368431e-02   3.5028488e-01  -5.2864333e-01  -1.1171050e-01   1.0119350e-01  -8.9437802e-02  -5.9922585e-02  -1.7932256e-01   2.4820785e-01   1.0685687e-01  -7.0105840e-02   1.3804815e-01   2.2245313e-01   2.4846620e-01   2.6292155e-02   3.3853240e-01  -1.3452880e-01  -1.2237852e-02   9.8464159e-02   4.7596103e-01   3.2832110e-01   8.9760299e-02   5.2883237e-02   4.6554457e-02   9.1047196e-02   1.1287036e-01   1.1168299e-01   2.3796060e-01   6.0539130e-02  -1.9260672e-01  -1.4055685e-01   7.2291019e-02   5.4958293e-02   2.1187206e-01   6.3436595e-02   4.7367401e-03  -1.6140599e-01  -2.8570141e-01  -5.8812360e-02   2.1901503e-01   1.6998752e-01  -2.0686857e-01  -4.1310672e-01  -6.7276943e-02   3.8013793e-01   5.2048351e-01   9.5655453e-02   1.5910212e-01  -3.6191484e-01
   2.6869542e-01  -7.1176697e-02  -3.0238625e-01  -1.5359587e-01  -3.7176791e-01   6.6949989e-01   0.0000000e+00   7.1104047e-02  -2.3451805e-02  -1.3302177e-01   1.4150735e-01  -2.3692552e-01   3.6614555e-01   1.0417314e-01  -6.2102564e-02  -2.8127622e-01  -4.6515436e-01   7.8857574e-03  -1.6652576e-01  -1.9339964e-01   4.0519132e-01   2.2865182e-01   6.7360819e-01   8.7627173e-02   7.9724247e-02   5.9213397e-02   1.6041207e-01   2.6021998e-01  -3.0320691e-02   3.6980211e-01  -1.8402137e-01  -1.5346133e-01  -3.5929044e-02   2.0254674e-01   8.4039342e-02  -2.0334075e-01  -3.2941994e-02  -1.0982799e-01  -2.5170292e-01  -1.2443346e-01   1.1441796e-01  -8.4120605e-02  -1.0645817e-01   4.0222261e-02   1.5885297e-01   1.3722238e-01  -1.9757146e-01   6.6962615e-01   2.7721939e-01  -6.3319289e-01   1.5376461e-01   1.2944884e-01  -2.7938645e-01  -7.6985596e-02  -1.1260682e-02   4.2613609e-01   1.6435983e-02  -2.5501106e-01  -2.2280170e-01  -2.9235897e-01  -2.0540081e-01   1.5396508e-01  -4.7930301e-01   2.7131295e-02   1.4861199e-01   2.5890425e-01   3.5459426e-01   2.2749596e-01   2.6783138e-01   3.4090863e-01  -6.2130212e-01   1.6751410e-01  -4.6266995e-01  -5.7361414e-01   1.3481730e-01  -3.5438554e-01  -1.5056525e-01  -6.4642778e-02  -6.0056001e-01  -3.4287623e-01   4.2081693e-01  -4.6273611e-01  -3.6624426e-01   4.1284916e-02   9.6726387e-02  -8.0327791e-02   8.2717131e-02   1.0011868e-01   5.3009587e-03   1.0159361e-01  -4.9426993e-01  -3.3765434e-01   3.5763745e-02  -3.3824894e-01  -8.6406571e-02  -6.6478445e-01   1.0375840e-01   6.2731586e-02  -1.5771410e-01   4.1863816e-01   1.6790553e-02   3.6062432e-03   1.6914585e-02   2.2287383e-01   2.3626520e-01  -2.4432532e-01  -2.9417777e-01   3.9905687e-01   2.1886215e-01   4.3046129e-01   6.7078597e-02  -2.7877842e-02   1.2186306e-01   1.4141823e-01   9.2255330e-02  -4.6444940e-01   9.5301701e-02  -1.4663529e-01  -1.0739788e-01   3.1232019e-02   1.5776652e-01  -5.4621979e-01  -1.4330017e-01  -9.8174116e-04   1.2668807e-01   6.9727642e-02   1.3522644e-01  -3.3635955e-02   4.1205156e-02   9.8724382e-02  -4.4295680e-01  -1.7353004e-03   1.4569848e-01   4.7434792e-02  -2.1915468e-01  -2.1153164e-01  -5.5418883e-03   8.1271212e-02  -8.5136254e-02   1.7118300e-01   1.7745944e-01   4.6150226e-01  -6.7304555e-02   1.6256362e-01  -6.9239977e-02   7.7264744e-02   1.6953253e-01   2.9990491e-01   5.2185790e-01   3.0586606e-01  -3.9834886e-02   3.5644586e-03   1.8868375e-02  -1.8358113e-01  -3.3432066e-01   1.8953581e-01   2.7292865e-02  -3.2072839e-01  -2.8417906e-01  -9.5898226e-03   1.3837360e-01  -5.5809539e-02  -5.4567421e-02   1.4824990e-01  -3.5204151e-01  -4.8311438e-01  -3.0752739e-01   9.2220808e-02   5.5692448e-02  -1.7420288e-01  -4.5930809e-01  -4.6102106e-03   2.5227454e-01   1.1712943e-01   3.2142939e-01   2.9340846e-02  -4.2831098e-01
   1.5288175e-01  -1.1019918e-01  -1.8059104e-01  -2.0301510e-01  -3.5419884e-01   1.2367779e-01   7.1104047e-02   0.0000000e+00  -5.3715886e-02  -1.5759177e-01   1.9760077e-01  -1.1338409e-01  -1.7981752e-01   9.5135495e-02   4.1447854e-02   1.1049967e-01  -1.2086570e-01   4.1944810e-02   2.4227917e-01  -1.6225044e-01  -5.0309987e-02   1.5950597e-01   1.6327326e-01   1.3385379e-01  -3.7049429e-03   2.6816433e-01  -7.1473804e-02   7.2994111e-03  -2.5934717e-01   1.7479390e-01  -3.4459278e-02   1.0137159e-01   2.3054440e-02  -2.0507765e-01   1.1888148e-02  -4.9696799e-02  -1.0404400e-01   2.7142863e-01  -6.5305969e-07  -2.4228002e-01   5.6923842e-02   1.5837787e-02  -5.8841554e-02   1.2079791e-01  -5.9082190e-03   2.3980843e-01   1.1777088e-01   3.8186415e-02  -2.4802243e-01  -1.9817429e-01   9.3031746e-02   6.8536680e-01  -2.1635085e-01  -1.8715743e-01   4.2336953e-02  -8.1830093e-02   7.7450567e-02   1.8879892e-01  -9.8571009e-02   8.6375890e-02   2.8146051e-01  -1.8945463e-01  -3.8004091e-01   3.6906542e-02  -2.5276099e-01  -2.1946742e-02  -4.3240681e-02  -7.8104689e-02   1.5932039e-01   3.8769950e-02  -3.1847170e-01  -3.8809569e-02  -4.8407327e-02  -1.5994619e-01  -1.3832920e-01   8.4912546e-02   2.9742588e-01  -1.5749661e-01  -2.3564599e-01  -2.1552981e-01   1.3756072e-01  -3.0003120e-02  -9.1882033e-02   3.5560981e-01   1.8796273e-01   6.0222677e-02   1.5337187e-02  -2.4166026e-02  -3.7250254e-01   2.0543441e-01  -3.2947164e-01   1.2273513e-01  -2.5438331e-01  -1.3772763e-01   2.4498910e-01  -2.0524541e-01  -4.0055569e-02   1.3965886e-01  -2.7567825e-01   2.5174910e-02   1.3923191e-01   1.8161238e-01   7.3767022e-02   3.2283519e-01   2.0846092e-01  -2.6895082e-02  -1.5373829e-02   3.0991880e-01  -1.7402093e-01  -1.4210197e-02  -2.4338391e-01   5.4256583e-02  -2.3523181e-01   1.1723853e-01   1.3598834e-01  -1.4997608e-01   1.5763164e-01   2.4385075e-01   1.1951658e-02  -1.2984946e-01   3.3045460e-01  -2.4794695e-01  -2.2195767e-01  -5.7063975e-03   2.0039029e-01  -1.2640400e-02   8.1541086e-03  -1.0511333e-01   1.3706517e-01   2.3372785e-02  -7.4849938e-02  -2.2380357e-01   1.2215554e-01   1.4249167e-02  -1.1080077e-01   4.0377453e-01   1.4198773e-02  -9.0748578e-03   3.3236170e-01   2.6763921e-01   2.7802257e-01  -1.8532861e-01   2.9730725e-01  -4.9317319e-02   9.9856027e-02   1.1317740e-01  -1.5113813e-01   9.7824876e-02  -1.2803370e-01  -7.4895291e-02  -2.2923807e-02   1.6609620e-01   5.1384649e-02  -2.8527012e-02  -1.9852235e-01   2.7554514e-01   3.2055814e-01   4.2509926e-02   1.5663575e-01   3.5121414e-01  -2.0230888e-01   2.6870152e-01  -1.2369275e-01   9.4424418e-02   3.8503134e-02  -2.3905736e-01  -7.6551910e-02  -3.2952600e-02   1.7518853e-01  -2.0218241e-01  -2.8121589e-01   3.4179855e-01   3.7435964e-02   6.5293215e-04  -1.2549241e-01   3.3447893e-02  -1.3234235e-01
  -5.4939736e-03   5.9696616e-02  -2.0032276e-01   4.8530432e-01   1.9663291e-01   1.2816343e-01  -2.3451805e-02  -5.3715886e-02   0.0000000e+00   5.7812804e-02  -1.9653414e-01  -4.6639872e-02  -1.7749683e-01   3.6016645e-02  -2.5021252e-01  -4.9654619e-02  -2.4466165e-01   1.2048735e-01   1.0433110e-01   1.9119121e-01   2.6572499e-01   2.3583226e-01   2.1084235e-01   2.8570889e-01  -5.2277554e-01   3.4356771e-01  -2.3750085e-01   3.0973949e-01  -4.1245433e-01   4.2221357e-01  -1.4331210e-01   7.7684134e-02   2.2104989e-01  -3.2237997e-01   3.4233007e-01   3.5389396e-02  -1.0060505e-01  -3.1250685e-01   6.6151828e-02  -1.3786418e-01   1.6406335e-02   5.7358569e-01   6.0090563e-01   2.0636369e-01   3.1571005e-01  -2.2572043e-01  -2.8279416e-01   1.9056139e-01  -4.0198225e-01  -1.8127259e-01   1.8488973e-01   2.6924658e-01   1.1790170e-01   3.8340367e-01   1.9711667e-01   1.3980764e-01   3.3236795e-01   2.0640102e-01   1.8255910e-01   2.2145907e-01  -2.3367438e-01  -2.3925385e-01   4.3626619e-03  -3.2471242e-01  -6.7788630e-02   1.9546968e-01  -3.4686716e-02  -4.8763149e-01  -4.5033461e-02  -4.3959238e-02   9.4676820e-02   5.3015924e-01   4.9455572e-02   4.6371188e-02  -6.8153932e-02   3.2170033e-02  -2.9889919e-01   3.1468905e-01  -1.5414404e-01  -2.0142345e-01   1.4185632e-01  -1.7015898e-01  -2.5430752e-03   4.0450020e-01  -2.0774905e-01  -3.1103391e-01   6.3692391e-01   4.5406713e-01  -4.6897269e-01  -2.6084188e-01  -1.1001394e-02  -2.0154654e-01  -2.5617984e-01   3.8173225e-01  -1.7865650e-01  -8.0940181e-02  -1.5564599e-01   1.6618155e-01  -4.4304060e-01   6.0554838e-02  -1.5486936e-03  -1.0581699e-01  -2.5697045e-01   5.2243707e-01   4.2932274e-01   1.7848316e-01   1.9827711e-01   2.7113875e-01  -1.7588469e-01   7.8319144e-02  -2.5820241e-01  -2.0065760e-01   4.3663330e-01  -2.5131355e-01   1.0022395e-01  -2.8536210e-01   1.9809401e-01   6.3171534e-02   2.9206656e-03   5.8316411e-01  -2.4078445e-02  -1.9146631e-01  -1.2865274e-01   1.2501027e-01  -2.7903587e-01   1.7163482e-02   4.3193386e-01   1.3398738e-01   4.2604236e-01  -1.3909608e-01  -1.8411885e-01   1.2396784e-01  -1.8888742e-02   1.5710738e-02   5.4299997e-01  -2.4329370e-01   2.8881784e-01   4.3658673e-03  -2.6609525e-01   1.2804003e-01   4.0648293e-02   6.3210902e-02   9.1876695e-02   1.3204344e-01  -1.1876188e-01   1.3155196e-01   1.1519609e-01   2.8178984e-01  -1.0913947e-01   8.2494587e-02  -1.7265494e-01   1.7722436e-01   2.6622776e-01   7.5443149e-02   6.0446072e-02   4.7275613e-02  -7.6844210e-02   8.5503237e-02  -1.0283026e-01  -1.8326209e-01   3.1180858e-02   8.2384237e-02   4.1449806e-01  -1.2691206e-01  -3.6722578e-02  -2.9761172e-01   7.5208545e-02   1.6061356e-01   2.2090088e-01  -1.2972805e-01  -2.1694524e-01   1.1089650e-01   3.7721900e-01   1.9176539e-01  -4.0558766e-01   5.2136676e-01  -5.6319207e-02
  -2.2222540e-01   2.9519406e-01   3.1222867e-01  -4.7755940e-02   4.2823971e-01  -2.2317314e-01  -1.3302177e-01  -1.5759177e-01   5.7812804e-02   0.0000000e+00  -1.7467555e-01   3.3292179e-01   7.4947528e-02  -5.2566263e-01  -1.2325829e-01   2.2727023e-01   3.3575222e-01  -4.5392709e-01  -1.1389631e-01   6.0955848e-01  -4.2205467e-01   3.3909585e-02  -2.5780325e-01  -1.5131621e-01  -3.4315404e-02   1.6266822e-02  -7.9254353e-02   1.3742940e-02   9.1827618e-02  -2.0769802e-01  -2.8570519e-01  -2.0331017e-01   8.9728851e-02   3.2135022e-01   6.8284572e-03   4.2878481e-01  -1.9464634e-01  -2.1162230e-01   1.7530971e-01   4.5877268e-01   2.6470104e-01   2.5895302e-02   2.1198386e-01  -5.2239574e-01   7.8154933e-02  -3.6009565e-01  -6.7462019e-02  -1.5860935e-01  -8.1620493e-02   4.9567637e-01  -4.8131970e-01  -3.0260077e-01   5.6726216e-02  -5.7226865e-02  -3.1223725e-01  -3.1372857e-02  -1.1298809e-01   1.3855063e-01  -3.1898941e-02  -6.6117662e-02  -1.9301029e-01   1.6253742e-01   3.5897952e-01  -1.9042465e-01  -8.6116835e-02   4.9366820e-01   1.1236605e-01   3.4598630e-02  -2.6673069e-01  -1.8575258e-01   5.4403823e-01  -8.0596179e-02   1.9697109e-01   4.1200217e-01  -1.3775799e-01   8.4854357e-02  -1.9944790e-01  -5.8313536e-02   5.2050056e-01   1.4818083e-01  -2.2931905e-01   2.5127978e-01   1.4657786e-01  -6.0221748e-02  -1.2107258e-01  -3.0248080e-01  -1.2872986e-02  -3.5231031e-01  -3.9786238e-02  -2.6179496e-01   4.9683226e-01  -4.9852224e-02   1.8686891e-01   1.3007169e-01  -1.4590962e-01   4.9957011e-01   1.0251370e-01  -1.7838026e-01   1.3999342e-01   5.3168110e-01  -2.9259904e-01   3.1110380e-01  -2.5515497e-01  -2.1103635e-01  -4.0552778e-01  -5.3275589e-02   4.6597747e-03  -2.3342989e-01   3.6394724e-02  -5.6342228e-01   5.1679665e-01  -1.6634835e-01   1.2027865e-01  -2.9292036e-01  -2.6160837e-01  -2.1758761e-02  -2.5771397e-01   7.7290682e-02  -4.4687963e-01  -3.1727874e-03  -3.2262014e-01   7.0268770e-01   2.2263323e-01  -4.2447771e-01  -2.8720091e-01  -3.3700845e-01  -2.6523325e-01  -4.3363482e-02  -7.6451251e-02   5.6574404e-02   2.1860586e-01   4.2043660e-01  -8.9108313e-02  -3.5503326e-01   9.5001514e-02  -2.0636211e-01   4.8373453e-02  -2.8178070e-01  -1.8495189e-01  -2.7007540e-01  -2.7852973e-01  -5.2464734e-02  -3.7666264e-01  -4.0872188e-01  -2.5356564e-01  -2.2410477e-01   6.2872909e-01  -3.0525310e-01  -3.0205964e-02   3.7076987e-02   4.9927312e-02  -2.6952862e-01  -2.2431200e-01   4.2868820e-02   4.1408669e-01  -1.7044568e-01  -2.3465977e-01   9.8343589e-02  -6.5823902e-02  -2.3254912e-01   7.9833845e-02  -3.2081626e-01   2.2234403e-01  -3.5524476e-01   8.3748109e-02   3.4163512e-01   5.0554211e-01  -4.6716632e-01  -1.8496981e-01   3.9046977e-02   6.2440807e-01  -1.2226818e-01  -2.1970399e-01  -2.5405922e-01  -6.1832724e-02  -8.2936195e-03   1.0401501e-01
  -1.8301896e-01  -1.2137561e-01   4.3739775e-02  -6.5583258e-01  -4.8411354e-01   1.7130234e-01   1.4150735e-01   1.9760077e-01  -1.9653414e-01  -1.7467555e-01   0.0000000e+00   1.8111129e-01  -2.1291519e-01   1.4670347e-01   6.7705179e-01   3.2324887e-01  -6.3800852e-02   2.1914351e-01   3.5691502e-01  -4.1037990e-01   1.1768905e-01  -1.2697408e-01   1.1049809e-01  -1.4702460e-01   3.7806817e-01   2.8580107e-02   5.3632304e-01   6.6816051e-02   1.8466032e-01  -1.3404577e-01   5.3737455e-01   1.9296959e-02  -1.4583858e-01   4.0456486e-01  -1.9127372e-01   7.6257222e-02   1.1078761e-01   3.6627409e-02   3.4045862e-01   1.5166750e-01  -6.8705540e-02  -5.1017570e-01  -5.2678289e-01  -3.2042029e-02  -3.3425430e-01  -8.0437320e-02   4.1046045e-01   1.6296955e-01   5.3145012e-02  -1.6180769e-01   1.2496136e-01   1.0668111e-01   3.1863495e-01  -5.3856768e-01   4.6774315e-02   1.7451724e-01   2.1225277e-01   1.2753517e-02  -1.5511290e-01   4.1424827e-02  -7.3751269e-02  -6.0392447e-02  -3.8070179e-01   6.5631640e-01   1.5083767e-02  -5.9550980e-02   3.0293802e-01   4.2099515e-01   6.6184936e-01  -5.2581017e-02  -1.8102319e-01  -5.7319157e-01   5.2507634e-02   6.2447143e-02   1.1224699e-01  -1.0440152e-02   3.3836541e-02  -1.6248055e-01  -1.0057204e-01   6.9648475e-02   4.2204735e-01   2.0861163e-01   3.2071317e-01  -8.1906253e-02  -7.8813064e-02   6.3974274e-01  -5.5621865e-02  -4.0219063e-01   5.8851365e-02   7.0339160e-02  -3.6909501e-01  -7.3872262e-03   2.7503428e-01  -2.9788327e-01  -1.9328417e-01  -2.2107614e-01   2.8491874e-02   4.9077679e-01   1.0315497e-01  -1.9322266e-02  -2.5027049e-02   2.7647338e-01   3.6450409e-01   2.6070805e-01   1.2918202e-02  -2.5710849e-01  -5.0966617e-01   3.3939831e-01   1.9734146e-01   1.9194940e-01   1.8871829e-01   4.2510996e-01  -5.4903703e-01  -8.9641180e-02  -8.9303902e-02   1.3293216e-01   7.8310993e-02  -6.3924167e-02  -2.6751069e-01  -5.5481020e-01  -1.3272572e-01  -1.5983926e-01  -3.4137417e-01   1.5553695e-01  -1.8055078e-02  -2.1856159e-01  -3.1274765e-01  -3.9204865e-01  -2.9315843e-01  -3.3692525e-02   2.6974323e-01   3.9016425e-01   1.2453987e-01   4.6299235e-01  -4.2238919e-01   5.4886943e-01  -3.4818234e-01   3.8803123e-01   7.0146704e-01  -2.4152727e-01  -1.7432327e-02  -3.8558789e-01   4.4245319e-01  -2.4234185e-01   5.8033526e-01   4.8204857e-01  -9.8430875e-02  -1.9678269e-01   1.6811747e-01   2.5900209e-01  -2.8005455e-02   2.0904865e-01  -3.8033371e-01   3.2978309e-01  -1.3273375e-02  -1.2580921e-01  -1.3188156e-01  -5.0873337e-02  -1.3600698e-01   5.0380139e-01  -3.3553203e-01   4.8175006e-01  -2.6625090e-02   4.3480121e-01   2.2252618e-01   1.3904210e-01  -2.2350193e-02  -1.6589044e-02  -4.2036525e-01   2.2795789e-01  -2.6172849e-01  -2.1957163e-01  -1.9226478e-01  -2.8879958e-01   1.5193791e-02  -5.9932749e-01   2.8522089e-03
  -1.8434120e-01   5.8653210e-01   6.8603658e-01  -2.1501555e-01   1.2456504e-01  -1.1941892e-01  -2.3692552e-01  -1.1338409e-01  -4.6639872e-02   3.3292179e-01   1.8111129e-01   0.0000000e+00  -3.3528337e-01  -3.5372808e-01   2.5471942e-01   3.4561273e-01   5.6803232e-01  -7.6808286e-02  -2.3218747e-02   1.1321775e-01  -5.7545211e-01  -6.9449044e-02  -4.9442025e-01  -5.0675202e-02   1.6467668e-01  -2.6026041e-01   4.4155241e-01  -3.6738135e-01   3.1771102e-01  -1.9770487e-01   5.1182380e-02  -5.0656247e-02  -1.8164672e-01   1.8743386e-01   1.5269536e-01   3.8356979e-01   7.7632545e-02   5.5973900e-02   4.0886568e-01   4.4269511e-01  -1.7452132e-02  -3.7105537e-01  -3.9743859e-02  -4.1338752e-01  -1.9137583e-01  -2.4091915e-01   4.9240303e-01  -4.4220788e-01  -2.0418785e-01   5.5647777e-01  -4.0424830e-01  -4.6129486e-01   4.0429593e-01  -3.3831943e-01  -3.0916582e-01  -2.3042458e-01  -5.3606377e-03   1.7056727e-01   7.0795966e-02   1.8547228e-01   9.0137543e-02  -1.4649334e-01   2.7627288e-01   3.2364845e-01  -1.3318011e-02  -5.1259219e-02   9.6299594e-02   2.0844486e-01   1.1888367e-01  -6.6129795e-02   4.7257644e-01  -5.7115934e-01   3.1173562e-01   7.6484875e-01   1.1373236e-01   1.7210111e-01   6.7208555e-02  -2.9151317e-01   6.1415810e-01   4.3722781e-01  -4.0432691e-01   5.2286995e-01   3.1645464e-01  -3.8710762e-01   7.4501583e-02   5.7041303e-02  -3.5991510e-01  -4.1921605e-01   1.3562640e-01   2.4256570e-02   4.9729676e-02   3.2632881e-01   4.3992967e-01   9.6615700e-02  -1.2638640e-01   4.7911735e-01  -2.6741892e-02  -6.8039965e-02   3.9603590e-01  -3.4131139e-02  -3.2396226e-01   2.9681232e-01   2.9530208e-01  -5.1553439e-02  -4.7397106e-01   3.0443606e-02  -8.4733706e-02  -2.3130918e-01  -2.8699292e-01  -3.4269513e-01   3.6895697e-01   3.5821275e-01  -2.9826868e-01  -1.5545987e-01  -4.9956791e-01   5.5932500e-01  -2.7704008e-01  -9.7003332e-02  -2.6350301e-01  -2.5892799e-01  -2.2888425e-01   5.1732739e-01   4.3187627e-03  -1.6461537e-01  -5.6801069e-02   4.0637803e-02  -2.2136894e-01  -2.5984180e-01  -1.6757897e-01   1.6841342e-01   4.8156834e-01   1.1551037e-01   1.4847640e-01  -2.6970854e-01   1.1606419e-01   2.8507970e-01  -2.3181153e-01  -2.0953335e-01   9.2386359e-02  -4.0719272e-01  -2.7178464e-01  -5.2803614e-01  -3.0991313e-02  -2.3531058e-01   1.9372590e-01  -1.0099887e-01  -3.5776427e-02  -3.8362763e-01  -2.4729131e-02  -1.8192434e-01   2.3770546e-01  -2.0771312e-01  -1.6283102e-01  -1.8025468e-02   5.8683325e-01  -8.7893033e-02  -1.4834893e-01   1.1743632e-01   1.6732824e-01  -1.2018639e-01  -2.0092214e-01  -1.2567289e-01  -1.3931825e-01   1.5766594e-01   4.3840560e-01   6.5594858e-01   3.0183329e-01  -2.6789447e-01  -2.3646740e-01   2.3958012e-01   3.9370645e-01  -2.5007192e-01  -4.0979513e-01  -2.8538861e-01  -1.8820135e-02  -5.1179369e-01   3.5288112e-01
  -1.2915540e-01  -1.7484421e-01  -2.8722413e-01   3.1544161e-02   2.5184872e-02   1.1463295e-01   3.6614555e-01  -1.7981752e-01  -1.7749683e-01   7.4947528e-02  -2.1291519e-01  -3.3528337e-01   0.0000000e+00  -2.4400603e-01  -3.2483410e-01  -3.0224787e-01  -3.5217514e-01   1.0833314e-01  -2.5414943e-01   1.7054791e-01   1.6500903e-01   6.2131335e-02   3.2063068e-01  -3.7720898e-01   1.7415926e-01   1.7394221e-02  -2.4853859e-01   2.5865640e-03   1.9833038e-01   4.7237288e-02  -2.9705931e-01  -1.2130654e-01  -1.0878477e-01   1.7221945e-01  -2.1941079e-01  -7.4217259e-02  -7.8129057e-02  -3.6526357e-01  -2.8103273e-01   1.3358681e-02   6.5085200e-01   5.2313612e-02  -1.7220602e-01  -1.8110629e-01   3.1801958e-01  -8.1576930e-02  -2.5151852e-01   3.0506577e-01   6.0574560e-01  -2.1647966e-01   1.7126128e-01  -8.8571435e-02  -2.3984630e-01   1.0343313e-01  -1.8571681e-01   3.2836282e-02  -1.9789968e-01  -1.8717526e-01  -7.2491842e-02  -3.6185597e-01  -4.2289456e-01   5.9219743e-01  -1.4658737e-01  -2.3346630e-01   1.7863872e-01   3.3445910e-01  -5.7113372e-03   3.2290862e-01  -1.3046880e-01  -4.1660772e-02  -9.5624629e-02   2.5780848e-01   4.8422860e-02  -4.1373089e-01   2.7469973e-01  -1.4084609e-01  -3.4471730e-01   7.6992154e-02  -3.1719370e-01   2.4519997e-02   1.0304417e-01  -1.9083065e-01  -3.3156204e-01  -2.1010223e-02  -1.5986830e-01  -1.7017050e-01  -2.8986138e-02  -3.9503079e-02   2.1118628e-01  -2.5115147e-01   6.3910303e-02  -4.8050698e-01  -1.2013030e-01  -2.3180694e-01  -2.4085379e-01  -2.6916588e-01   1.7414262e-01  -8.6126812e-02   1.1921141e-01   3.1425782e-01  -1.7367104e-01  -2.2720848e-01  -1.2143473e-01  -2.4255094e-01   1.1226164e-01  -9.9431285e-02   2.5310871e-02  -3.1449763e-02   3.8915857e-01   1.6853884e-01   2.8634574e-02  -1.6124356e-01   4.3670732e-01  -1.0121833e-01  -1.4482845e-01  -2.1943950e-01  -1.7962968e-01   3.3690554e-01  -2.2730273e-01   1.0683357e-01  -2.7945186e-01  -8.8641955e-02   7.1926912e-02   2.9232854e-03  -2.7255872e-01  -1.4561607e-01  -5.0698206e-02   3.5892757e-01   1.1076140e-01  -7.4433071e-02  -2.5926378e-01  -7.7238573e-02  -9.1727299e-02  -8.3682041e-02  -9.8002944e-02  -4.5567846e-01   2.0455538e-01  -3.9752225e-02  -2.9438487e-01  -1.1877411e-01  -3.2626338e-01   7.2624600e-01  -3.5927290e-01  -1.5551425e-01  -4.0865381e-01  -1.2486125e-01   3.7219783e-01   1.7091764e-01   3.6706898e-01   2.9810883e-01  -1.9387491e-01  -1.0123629e-01  -2.3377610e-01  -2.0038325e-01  -1.9641137e-01  -3.5311740e-01  -2.3831554e-01  -9.7779918e-02  -4.1120520e-01  -2.1301705e-01   4.6373363e-01  -1.8890184e-01   1.6881219e-01   2.3559458e-02  -3.5896071e-01  -2.6290762e-01  -2.6297130e-01  -1.3316431e-01  -1.7961658e-01  -1.8481934e-01   1.4887034e-02  -2.7225084e-01   2.8878333e-01  -5.4205569e-02   4.4263003e-01   1.8958254e-01  -3.1330295e-01
   2.9631659e-01  -2.8914389e-01  -2.9604766e-01   5.3873482e-02  -2.0641760e-01   5.3904548e-02   1.0417314e-01   9.5135495e-02   3.6016645e-02  -5.2566263e-01   1.4670347e-01  -3.5372808e-01  -2.4400603e-01   0.0000000e+00   1.7022946e-01  -1.1564129e-01  -2.3465666e-01   1.4145859e-01   1.4586094e-01  -3.9444000e-01   4.9000566e-01   8.1645770e-02   1.4426494e-01   3.2165570e-01  -2.1024542e-01   1.3601673e-01  -1.9986962e-02   4.1684800e-01  -2.5683889e-01   2.1282682e-01   4.1476037e-01   1.1961888e-01   1.7183308e-01  -2.4717815e-01  -6.3003300e-02  -4.0199542e-01  -2.6865970e-02   2.7591581e-01  -8.3457474e-02  -4.3352692e-01  -5.0056641e-01   5.0685243e-02  -1.0840986e-01   3.5663595e-01  -1.1139772e-01   2.1674882e-01  -9.9844202e-02   1.8529383e-01  -1.6638333e-01  -3.9153780e-01   2.1818481e-01   3.4111706e-01  -1.2500772e-01  -8.3925337e-02   6.4112433e-01   1.5727840e-01   2.7650978e-01  -1.1076115e-01  -9.8343086e-02  -1.0210930e-01   1.8990770e-01  -4.2123043e-01  -3.7072346e-01   9.5902267e-02   1.4012115e-02  -4.1072720e-01  -2.8443598e-02  -2.6828510e-01   1.2464432e-01   1.6340470e-01  -4.1433583e-01   3.0046650e-02  -3.5006896e-01  -2.3216890e-01  -3.9079906e-01   1.6859962e-01   2.2201859e-01   1.1046783e-01  -3.1964419e-01  -3.1416414e-01   4.4204771e-01  -3.2986988e-01  -1.2329404e-01   2.0448583e-01   1.2991281e-01   3.3177194e-01   2.7027496e-01   3.3663658e-01  -2.4106459e-01   3.0805345e-01  -3.7198712e-01  -1.6059958e-02  -2.8802620e-01  -1.0380038e-01   2.0371858e-01  -3.6440595e-01  -3.9653071e-01   1.2854678e-01  -1.5253390e-01  -3.5361062e-01   5.5265320e-01  -2.0599491e-01   2.8994897e-01   3.1481942e-01   2.3489394e-01  -6.9103296e-02  -2.2210643e-01   2.1744146e-01  -4.0474410e-02   3.2844069e-01  -3.4636531e-01   1.4116493e-01  -2.4722883e-01   2.4928505e-01   6.3092548e-01  -1.1651418e-01   2.4980439e-01  -1.1846873e-01   4.1270225e-01  -4.5491982e-02   3.8194887e-01  -5.5546576e-01  -3.5837668e-01   1.8673811e-01   3.3239291e-01   4.1208587e-01   1.2053505e-01  -2.8244307e-01   2.3934208e-02  -6.2671754e-02  -1.8295909e-01  -9.9656324e-02   2.0192205e-01   5.0135756e-01  -1.2436890e-01   2.2101637e-01  -2.8261760e-01   5.6832272e-01   2.2831803e-01   3.4699077e-01   4.4764939e-01  -5.1867947e-03   2.0697205e-01   3.6017862e-01   2.4320475e-01   1.7767572e-01  -3.8439606e-01   3.9253975e-03  -2.8789101e-01  -7.1674424e-02   5.4439443e-02   5.5934526e-01   2.0824193e-01  -1.4692134e-02  -3.6124858e-01   2.9422972e-01   2.9983315e-01  -6.1513522e-02   3.1514339e-02   4.0295648e-01  -4.6578497e-01   2.1053060e-01  -2.7568459e-01   1.2833635e-01  -1.6458688e-01  -3.0833013e-01  -1.8038449e-01   3.4927868e-01   1.6837686e-01  -4.6308215e-02  -4.5542397e-01   2.2218993e-01   3.1993122e-02   9.7618683e-02  -3.0826696e-01   6.4452048e-02  -1.1000179e-01
