   0.0000000e+00  -2.0082211e-01   5.6788285e-02   2.5659685e-01   2.4291544e-01   5.0786180e-02  -2.6040907e-01   4.2275740e-01   5.1000860e-03  -2.3952943e-01  -3.0911856e-01  -1.1020232e-01   1.7490706e-01   1.7326450e-01  -2.2826682e-01   1.1030895e-01   7.1130753e-02   1.1229266e-01   2.3928801e-01   2.9193400e-01  -3.1657446e-01   4.5363829e-01  -9.1121610e-02   3.2482230e-01   1.4071395e-01   5.6498756e-02  -8.5707422e-02  -4.9308326e-03  -1.5520262e-01  -1.3667222e-01  -1.5755816e-01   4.1589782e-01   1.4705562e-01  -4.4072389e-01  -4.6665000e-01   1.6893823e-01  -3.2714507e-01   3.0323369e-01   1.9586343e-01  -6.9423620e-02   2.1723680e-01   1.2301682e-01  -9.0202833e-02  -1.5649841e-01  -3.0382509e-01   5.1960993e-01   6.6648193e-02  -3.7562888e-01   2.9993555e-02   1.1371948e-01   7.2710679e-02   7.3137807e-02  -4.4654703e-01   5.4169828e-02  -1.2906857e-01   4.3082425e-02   1.2242385e-01   3.1633283e-01  -6.9962403e-02   2.0155714e-01   5.3524316e-01  -2.7521634e-01  -2.8445023e-02  -2.7790209e-01  -3.4479057e-02  -1.8948350e-01   2.8972541e-01  -1.4590345e-01  -3.0826190e-02   4.2953153e-03  -4.6216850e-01   7.6591688e-02  -1.6683981e-01   3.1137316e-01  -3.3871233e-02   2.0772698e-01   4.5975210e-01   2.5205588e-01  -1.8373322e-01   1.9279467e-01  -1.1075589e-01   1.4020833e-01  -4.3207637e-01   4.3061633e-01  -8.3568881e-02   1.0683199e-01  -4.4402041e-01  -3.3355899e-02  -7.4325601e-02   2.4132906e-01  -1.6059249e-01   2.5098763e-01  -1.8240137e-01   1.4441281e-01   3.6667462e-01   9.1455789e-02   1.8595024e-02   1.6935032e-01   2.5268820e-01  -2.7398448e-01  -2.5597669e-01  -3.9153051e-01   3.2268576e-01   9.6981263e-02   1.7335576e-01   5.0861218e-01   7.5793934e-02   8.2200405e-02  -5.0092180e-01   4.1216195e-03  -3.6449493e-02   2.1236090e-01   2.6445455e-02   2.2446751e-01  -7.3994957e-02  -1.6715269e-01   6.2258834e-02  -4.1724769e-02   3.1034588e-01   2.2894406e-01   3.2154888e-01   5.5531807e-04  -1.1344222e-01   6.2614889e-02   1.9781511e-01   2.8026102e-01  -9.6323852e-02   2.6297582e-02   4.6460676e-01   1.6052506e-01   7.2828317e-02  -4.5484201e-01   5.1444392e-01   8.5882270e-02  -1.6326350e-02   1.9772564e-01  -6.9310263e-02   1.8005900e-01   2.1418014e-01   1.9907262e-01   3.7317780e-01   7.6334100e-03   1.2928521e-01   1.7930710e-01  -2.1170359e-01   4.0003426e-02  -2.5576270e-01   6.3121845e-02  -7.0511186e-02  -1.3831432e-01   5.4091437e-03   3.9330260e-01   1.6086818e-01  -1.9619487e-01  -4.8960626e-02   1.5984150e-01   4.3949064e-01  -1.7727941e-01   5.0579059e-01  -4.8023051e-02  -1.9797945e-01   8.0703716e-02  -2.2839744e-01   2.2626554e-01   2.4423026e-01  -3.9017948e-01  -5.5944539e-03   3.9720181e-01   2.4546467e-01  -6.5444040e-02  -1.9787626e-01   2.2880788e-01   1.2640157e-01   1.3136456e-01  -6.6147045e-02  -4.0619337e-02   2.9960788e-01
  -2.0082211e-01   0.0000000e+00   2.9158970e-01  -2.4384923e-01   2.3256517e-01  -4.5231964e-01  -2.4349853e-01  -4.1500326e-01   1.4638231e-01  -9.0785805e-02  -8.0149517e-02   7.6775158e-01  -4.5968766e-01   4.6688583e-02  -1.3596662e-01   1.8122597e-01   3.7859447e-01  -5.0327711e-01  -1.2563862e-01  -2.6854715e-02   3.9204587e-02   5.3283729e-02  -4.8406430e-01   3.4522351e-01   8.7262625e-02   2.0647597e-03   1.0571848e-02  -1.9498714e-01   2.9739158e-01   4.1572100e-01  -1.6273394e-02  -5.6623057e-02  -6.4855674e-02  -1.3765189e-02   3.6505774e-01   8.8144186e-02   4.9076826e-02   6.2667689e-02  -2.4803472e-02   1.0832765e-02  -4.6256480e-01  -3.5584944e-01   6.9952777e-02  -2.9795418e-01   1.9921619e-01  -2.6527402e-01  -4.2586687e-01  -1.1816057e-02  -2.8649118e-01   1.8034645e-01  -6.0434204e-01  -1.4661955e-01   2.0804309e-01  -4.8228449e-01   1.4775952e-01  -4.3403823e-01  -3.5931531e-01   1.4801401e-01  -2.1928627e-01   2.6062239e-01   1.8382412e-02  -1.3445833e-01  -1.1999585e-01   3.0517391e-01   1.5626811e-02   3.6414772e-01  -4.2665072e-01  -6.1789330e-03  -4.5366563e-01  -1.0823799e-01   6.4916035e-01  -6.6878006e-01   3.2294657e-01   4.2608675e-01  -1.4628660e-01   3.4939878e-02  -1.8265470e-01  -2.1778377e-01   6.0944722e-01  -5.7238577e-01  -4.1165745e-01   2.7574593e-01  -1.5195649e-02  -4.5504728e-01   3.4965704e-01   1.0158957e-01   6.1585253e-01  -2.5778763e-01  -1.6671741e-01   1.4587505e-01   6.1718659e-01   1.2663208e-01  -3.1110154e-01   4.7498801e-01   1.1490008e-02   2.5066063e-01  -3.3687251e-01  -8.3137307e-02  -2.7355349e-01  -2.2764168e-01   2.1550285e-01  -3.7818086e-02   2.0388484e-02   5.9428058e-01  -4.3634087e-01   3.6897535e-02   7.8017994e-02  -4.2352921e-01   1.5284803e-01  -1.5941336e-01   1.9244648e-01   1.6958819e-01  -5.8673573e-01   1.6820096e-01  -2.2393837e-01   5.5670204e-01  -1.9232557e-01  -1.8234335e-01  -2.9630509e-01  -4.5694757e-01   9.6332995e-02   4.6669252e-01   1.0869763e-01   8.1572263e-02   8.0385312e-02   2.5998432e-01   3.2200357e-03  -5.3662770e-01  -2.2243827e-01  -2.7368424e-01   8.5715860e-02   3.1078732e-01   1.8861318e-01  -2.0591917e-01  -1.6289091e-01  -2.0723006e-01  -5.1287546e-01  -4.7419068e-01  -5.9395401e-02   3.1024874e-01  -1.2531136e-01  -5.4378036e-01  -3.3194576e-01  -2.4537058e-01   2.4153749e-01   1.7981689e-01   1.4104434e-01  -4.6094460e-02  -3.3240991e-01   8.7627913e-02   3.7218052e-01  -3.8814959e-01  -3.5003460e-01   2.7341290e-01   1.4362425e-01   2.8257844e-01   9.5779334e-02  -1.5373979e-01  -1.9868364e-01  -3.4389596e-02  -1.2525347e-01  -3.4717099e-01  -3.3042992e-01  -4.7076312e-01   1.2907252e-01   5.9919407e-01   4.8389767e-01  -2.3450726e-01  -3.2825414e-01   1.0622841e-01   5.9971791e-01   1.5181987e-01  -5.5830574e-01  -4.6719443e-01   5.2925050e-02  -5.6105301e-01   2.3145539e-01
   5.6788285e-02   2.9158970e-01   0.0000000e+00  -4.2592688e-02   1.8215087e-01   1.6451947e-01  -1.0400904e-01  -4.5169035e-01  -4.4358949e-01   2.4891968e-01  -3.7266173e-01   6.2779596e-01  -2.3534448e-01  -2.6447228e-01  -1.6227752e-01   4.2622723e-01   8.6816271e-01  -1.5878895e-01  -1.4563547e-01   3.0809715e-01   3.0567577e-02   7.6165709e-02  -1.3847180e-01   1.7053367e-02   1.7737392e-01  -1.9312229e-01   3.4708243e-01  -2.9596291e-01   2.8600780e-01  -2.3260407e-02  -7.1830710e-02   9.1806031e-03   1.0040097e-01  -6.5072284e-02   2.7790704e-01   2.1417865e-01  -1.0685212e-01  -1.1313141e-01   3.6804397e-01   5.6978964e-01  -2.9233683e-01  -7.3687766e-02  -6.2584880e-02  -1.1983420e-01  -2.6773547e-01   2.1332395e-01   1.9603057e-02  -3.2463371e-01  -3.3849123e-02   3.3128904e-01  -1.4858864e-01  -4.6077650e-01   1.4410577e-01  -1.0437929e-01  -2.5519317e-01  -5.2287284e-03  -2.6756825e-01   1.2920257e-02   6.5179732e-02   6.0608106e-02   1.1456639e-01  -1.6189028e-01  -1.1977937e-01  -2.8602158e-01  -3.1016012e-01   2.6817935e-01   1.5289414e-01  -7.2081817e-02  -1.7540762e-01   2.6504928e-01   1.2738552e-01  -3.5589708e-01   3.9058965e-01   5.7806102e-01  -2.0965015e-01  -1.4244036e-01   1.1855038e-01   1.0295390e-01   1.9164372e-01  -2.4112760e-01  -6.3874632e-01   3.7800865e-01   9.3970535e-02  -3.8405556e-01   6.5329521e-01  -1.5812902e-01  -2.6851089e-02  -3.4052250e-01  -1.4975941e-01  -6.0307954e-02   2.7913796e-01   4.1323749e-01   1.8731081e-01   1.5538742e-02   7.5069128e-02  -2.0152038e-02  -1.5084887e-01  -2.9125453e-01  -2.2177478e-01  -2.9906049e-01   4.4266401e-01  -2.2570425e-01  -2.1224498e-01  -3.7412370e-02  -2.8604509e-01   1.1533900e-01   4.4268391e-01  -3.4113324e-01  -5.3866652e-02   3.2632677e-01   5.3939809e-01  -5.3600789e-02  -3.4856365e-01   1.0569185e-02  -1.2928201e-01   1.8490269e-01   8.7346115e-02   2.9517636e-02  -1.5792243e-01  -1.2580065e-01  -1.1280265e-01   3.1916836e-01  -1.3198636e-01  -9.9041570e-02   7.2809205e-02   1.2907641e-01  -1.3026039e-01  -6.2784384e-02  -8.6678682e-02   5.9922560e-01   3.2784975e-01   3.2211094e-02   1.9013503e-01   2.2148876e-01  -1.8742883e-01  -2.7268912e-01  -1.6815478e-01  -4.1267778e-01  -2.5456356e-01   3.9554714e-02  -2.3016101e-01  -3.9098421e-01  -9.9646137e-02   3.5906237e-01   1.7621443e-02  -1.2520938e-01   1.5925922e-01   3.5895175e-01   1.0305311e-01  -1.2507544e-01   6.3654523e-01  -4.2891386e-01  -2.6122143e-01  -9.6572060e-02   7.5776523e-01  -1.3309785e-01   4.8193148e-02  -9.7199850e-02   1.1999554e-01  -3.6378909e-01  -1.5571741e-01  -3.2340160e-01   2.7496628e-01  -1.6849415e-01   1.1442312e-01   3.9607946e-02   9.9191698e-02  -5.9570428e-02  -8.1443592e-02   4.5576831e-01   3.3085885e-01   9.2835719e-02  -3.2799414e-01   2.0676786e-01  -7.6724249e-02  -2.4212450e-01   1.4344011e-01
   2.5659685e-01  -2.4384923e-01  -4.2592688e-02   0.0000000e+00   1.0538413e-01   9.3647626e-02  -2.5837090e-01   1.1099854e-01   4.7164742e-02   2.9773724e-01  -2.2522713e-01  -2.8811467e-01   1.6357092e-01  -3.2239679e-01  -2.0430302e-01   6.2196807e-01  -2.7658674e-02   5.2286888e-01  -7.3648219e-02   3.4617208e-01   3.7772360e-01   2.2120537e-01   4.8313512e-01  -2.0115599e-01   3.5954779e-01  -9.1605853e-02  -5.7570401e-01   5.0968450e-01  -6.8665557e-01  -1.5690076e-01  -5.6865300e-01   5.6640352e-01   8.5700124e-01  -1.7440688e-01   2.0637501e-01   2.7904880e-01  -2.4716828e-01   4.5886095e-02   7.0812544e-01   1.5595143e-01  -1.7837412e-01   7.9430704e-01  -6.2266890e-02   4.3094860e-01  -3.9570833e-01  -2.1059618e-01   1.0062967e-01  -6.9354832e-02  -3.3970989e-01   5.4754336e-01   4.7354183e-01  -3.1434737e-02  -3.5753876e-01  -1.0151351e-01   1.2790117e-02   3.1310298e-01   1.5489040e-01   1.0610405e-02   2.2751614e-01   2.7689204e-01   4.1590057e-02  -1.6614327e-01   1.2988645e-01  -3.4625694e-01   2.8253826e-01   3.3131442e-01   7.0333882e-02  -8.6159979e-01  -3.8735908e-01  -8.5691260e-02  -1.5587857e-01   4.0292635e-01  -1.3601956e-01  -2.7326537e-02  -5.3092808e-01  -2.7601656e-01   8.0643136e-02   8.3020061e-01   3.8116510e-02   1.1277101e-01   1.0279394e-02   1.0223766e-01  -4.7061508e-02   1.6866982e-02  -1.9395760e-01  -1.9945909e-01  -1.7678074e-01  -9.9289568e-03  -5.8953312e-01  -1.4729510e-01   9.6668391e-02   3.2659633e-01  -1.9860287e-01   8.1161135e-02   1.9229565e-01  -3.7050974e-01  -4.7746409e-01   1.6506825e-01   7.5151406e-01   1.6610664e-01  -2.0046833e-01  -2.7007166e-01  -3.0707841e-01   1.9201670e-01   7.5892716e-01   2.9082518e-01  -1.8261344e-01   7.5975351e-03  -2.2245996e-01   4.3801179e-02  -1.4310969e-01  -3.5445278e-01   3.0565826e-01  -1.7320301e-01   2.0288494e-01  -1.7326665e-02   6.3875048e-01   1.5851545e-01   5.4039139e-01   8.9983043e-01   1.1790530e-01   3.0993562e-01  -4.9502522e-01   6.6252190e-01  -2.3222725e-01   1.6459513e-01   3.8911835e-01   3.3366990e-02   7.2070111e-01   3.0150140e-02   5.3852765e-01   1.1032007e-01  -1.8146631e-01  -3.7765632e-02   3.6008777e-01  -3.0021665e-01  -2.8173473e-01   3.2302821e-01  -3.4030878e-01   7.2524137e-02   1.6293055e-01  -1.0106727e-02   4.5355202e-01   6.0568792e-01   2.9236664e-01   4.3914812e-01  -1.1430246e-01   3.3643358e-01   3.0149765e-01   1.0545318e-01  -1.2900306e-01  -1.5458689e-01  -5.9083480e-02  -3.6099095e-02  -1.4986155e-01  -6.3997383e-02   1.2628168e-01  -1.9956967e-01   4.4920878e-01  -5.0768832e-01  -7.9667511e-01   4.0055425e-01   2.7949451e-01   8.5289060e-01  -3.2658117e-01  -4.4808498e-01   1.9952830e-02   2.3381958e-01  -1.4816431e-01  -2.6238024e-01  -8.9200583e-02   2.3775735e-01   3.9431605e-01   3.6616178e-01   1.1935331e-01   8.2059902e-02   1.1102750e-01
   2.4291544e-01   2.3256517e-01   1.8215087e-01   1.0538413e-01   0.0000000e+00  -2.7657786e-01  -4.3093586e-01   6.2394227e-02   2.3754971e-01  -3.2723194e-01  -3.0857922e-01   1.6897267e-01   1.3839767e-01  -4.0946230e-01  -6.2584904e-01   1.4148326e-01   3.7649001e-01  -2.9502960e-01  -5.6179755e-02   7.0974655e-01  -4.5644496e-01   1.1630222e-01  -5.0250422e-01   7.9677672e-02   3.6081975e-02   6.6201074e-02  -1.1902998e-01  -1.5441092e-01   4.9408150e-02  -6.8879519e-02  -3.7733541e-01   9.9277854e-02   1.9765968e-01  -6.6159299e-01  -1.6321521e-01   5.4865565e-01  -2.4634006e-01   5.7975162e-03   1.6263041e-01  -8.5574659e-02   3.1604720e-02   1.1017814e-01   2.8505340e-01  -2.2247282e-01  -1.1763139e-01  -8.3858437e-02  -2.5400192e-01  -4.6501275e-01  -4.6207294e-02   2.7474431e-01  -3.9307715e-01  -5.3519061e-02  -2.7991219e-01  -1.1674109e-01  -3.0459336e-01  -2.3254110e-01  -1.4029106e-01   2.2212326e-01  -3.6001337e-03   2.2369316e-01   6.5069730e-02  -1.3572524e-01   2.7619933e-01   8.1814888e-03  -4.2095557e-02  -2.2729239e-02  -1.6859247e-01  -9.7959066e-02  -3.3591590e-01  -2.6341521e-01   8.1120015e-03  -5.2397617e-02   9.8482026e-02   3.1994991e-01  -1.2223874e-01   2.0621945e-02   1.1916430e-01   1.9028245e-01   4.7445518e-01   3.7289606e-02  -4.2900685e-01   4.8506998e-02  -2.4204026e-01   4.9225518e-02   4.2534770e-02   7.7020713e-02  -3.2489496e-01  -2.2074529e-01  -9.6695201e-02  -6.4008548e-02   5.1135029e-01   6.1298201e-02  -2.1395226e-01   6.3317259e-01   2.1315233e-01   5.5055618e-01  -6.8566839e-02  -4.1583305e-02   1.1573412e-01  -5.1255169e-01  -5.0703034e-02  -4.5198541e-01   1.0465593e-01   6.4527054e-02  -1.4842089e-01  -1.1914551e-01   7.6942845e-02  -2.3891179e-01  -3.6011372e-01   3.8917205e-02   3.5822509e-02   9.3290549e-02  -4.9062954e-02   4.4206441e-02  -3.8205221e-01   6.4064528e-01   1.9176560e-04   1.8548312e-01  -7.1677981e-02   5.7156681e-02   1.1050447e-01   3.2986418e-01   2.1151297e-01  -1.5316428e-02  -1.3956852e-01  -1.0130361e-03  -1.2988560e-01  -1.6703964e-01   1.5935330e-01  -1.0971563e-01   3.2083910e-01  -1.0356007e-02   1.2476529e-01  -2.0516917e-01   1.8862365e-01   2.5013658e-03  -2.7096893e-01  -1.2021515e-01   5.3029031e-05   3.0527237e-01  -2.3296516e-02  -4.7081644e-02   7.1752500e-02   7.6638914e-02  -3.6218054e-01  -2.8821877e-01  -2.2793514e-01   4.0595315e-01  -3.1313636e-01  -3.9006431e-01   3.4290164e-02  -1.2187274e-01  -1.4815037e-02   3.7683133e-01   1.8572735e-01   1.1393231e-01   2.0417221e-01  -1.4212089e-01   1.3371381e-01  -7.8566220e-02  -1.3150049e-01   6.6005584e-02  -1.7608510e-01  -8.3657084e-02  -2.9684283e-02   7.7727709e-02   4.2321904e-01   3.0740429e-01  -2.6316491e-02   1.4557826e-01   4.0333151e-01   3.1305225e-01  -8.5357262e-02  -9.0434012e-02  -1.1122006e-01  -1.2731115e-01   1.1934977e-01
   5.0786180e-02  -4.5231964e-01   1.6451947e-01   9.3647626e-02  -2.7657786e-01   0.0000000e+00   3.5822707e-01   1.6592479e-01  -3.8509157e-01   2.4383359e-01   2.5044601e-01  -2.5948864e-01   1.1268996e-01   3.3076036e-02   2.7512222e-01  -7.8299328e-02   1.3484505e-02   3.3710484e-01   2.6413389e-01  -1.6661879e-01   2.9006335e-01  -6.3742503e-02   5.1689781e-01  -1.9964752e-01  -7.1372087e-02  -1.8641460e-01   2.9305780e-01   7.1277523e-03  -1.2183884e-01  -5.2847461e-02   1.4885675e-01   2.5462784e-02  -9.4630950e-02   1.4249786e-01  -1.3391253e-01   9.1827987e-03   1.5473585e-01  -1.3055955e-01   1.7912136e-02   2.6022150e-01   2.0868848e-01   5.0093373e-02  -2.4507506e-01   4.1596322e-01  -2.5388066e-01   3.0481707e-01   6.0866167e-01   2.1732633e-01   2.1289131e-01  -2.0786739e-01   4.5789716e-01   7.0031028e-02   2.3509134e-01   4.4247797e-01   6.7058210e-02   6.4587677e-01   4.3348249e-01  -1.9293741e-01   2.4021122e-01  -2.2429700e-01   3.6361341e-02  -1.9290866e-01  -1.9271977e-02  -1.1885751e-01  -2.0999132e-01  -6.2192522e-02   7.7198863e-01   3.7355897e-02   5.6381007e-01   2.4863509e-01  -2.7227056e-01   3.1411495e-01  -1.1678011e-01  -1.4643981e-01   1.6780672e-01  -3.1867654e-02   5.1017321e-02   1.1609804e-01  -5.2541397e-01   2.8058616e-01   1.7597983e-01  -2.2290115e-02   2.5983302e-01   2.0397451e-01  -2.3418234e-02   1.5113826e-02  -3.4084345e-01  -1.2414418e-01   3.6344221e-02  -2.7482759e-01  -4.8999028e-01   7.0621006e-02   4.9987622e-01  -5.5575691e-01  -1.2376257e-01  -4.1318408e-01   2.1961388e-01   7.1718823e-02  -5.0016762e-03   1.8605121e-01  -4.0314167e-02   2.7691011e-01  -2.2276280e-01  -4.2122331e-01   2.1700169e-01  -1.4962312e-02   8.5338791e-02   4.4756209e-01   1.4743610e-02   3.8044965e-01   1.9751704e-01  -2.3976683e-01   1.9684446e-01  -2.4322151e-01   2.5955298e-01  -5.4132470e-01   3.5030352e-01  -6.4052528e-02   1.5270418e-01   1.1807949e-01  -2.5304487e-01  -2.4566400e-01  -3.0818064e-01   5.5251868e-02   1.5544585e-01  -9.7706497e-02  -8.5328698e-02   2.9000069e-01   4.1142629e-02   5.9621629e-01  -7.4892075e-02  -2.2746101e-01   6.7183236e-03   3.8850552e-01  -7.1163437e-03   1.7416082e-01   3.1674688e-01   2.5053640e-01   8.9136022e-02  -4.7586046e-01  -8.3405361e-02   1.7506336e-01   3.0189797e-01   3.9607042e-01  -1.4399547e-02   2.9182502e-02   1.1527651e-02   2.6466291e-01   4.8514476e-01   2.6936506e-02  -1.3409406e-01   3.9329657e-02   8.0206001e-02  -2.3123926e-01   3.7940346e-01  -5.0148237e-01  -2.4198818e-01   1.5365274e-01   1.7066658e-02  -1.6602201e-02   8.4543947e-02   1.8674158e-01   5.1665662e-01   2.2471258e-01  -4.7978555e-02  -5.0812314e-01  -3.4205077e-01   1.7846852e-01   1.5890978e-01   2.7247877e-01  -3.7010836e-01  -2.4135294e-01   2.8149577e-01   6.4217815e-01   1.2869947e-01   3.0863893e-01  -2.1845422e-01
  -2.6040907e-01  -2.4349853e-01  -1.0400904e-01  -2.5837090e-01  -4.3093586e-01   3.5822707e-01   0.0000000e+00  -1.8676859e-01  -4.0753427e-01   3.5710433e-01   4.3552554e-01  -5.6359019e-02   2.6604932e-01   1.3622058e-01   4.5900748e-01  -3.5324800e-01  -3.4604410e-01   3.8806607e-01  -1.9629625e-01  -3.2101770e-01   6.0857480e-02  -1.7326861e-01   4.4262593e-01  -2.5637725e-01  -2.9633806e-01  -9.2791496e-02   4.4159222e-01  -1.2382599e-01   1.8484292e-01   4.0796325e-01   3.5300424e-01  -1.8412528e-01  -4.6427043e-01   4.5934348e-01   8.2383335e-02  -1.0164475e-01   3.7574949e-01  -1.8999116e-01  -2.8556209e-01   1.7761704e-01   3.6770829e-01  -1.8408567e-01  -2.9848184e-02  -1.7348444e-02   2.9704303e-01   1.3887519e-01   5.0676699e-01   7.7557466e-01   3.3152088e-01  -4.8950145e-01   5.0031414e-01  -1.0506436e-01   3.5499568e-01   3.7688056e-01   2.7347851e-01   8.9315207e-02   8.4616911e-02  -1.3765451e-01   2.8957756e-01  -1.6781613e-01  -3.4776938e-01   2.9466549e-01  -4.3571468e-02  -2.5125652e-01  -1.2102403e-01  -2.1391147e-01   9.0032515e-02   4.1869116e-01   5.5032208e-01  -2.9875067e-03  -4.1669356e-02   2.6878600e-01  -4.0586422e-02  -4.6139769e-01   3.8827929e-01  -1.6707366e-01  -3.6736801e-01  -3.3553781e-01  -5.9924203e-01   1.2929670e-01   4.5069651e-01   1.4711613e-02   1.1538057e-01  -2.4113901e-02  -1.7497122e-01  -1.0988919e-01   6.8373526e-02   3.4054672e-02   3.3112032e-01  -2.6894981e-01  -6.5203268e-01  -3.7433854e-01   6.4068540e-01  -4.2534816e-01  -5.7008530e-01  -3.6834215e-02   4.5766629e-01  -3.6097711e-01  -2.6639738e-01   6.3737944e-01  -3.2966052e-01   3.8656336e-01  -3.6441268e-02  -2.9490218e-01   1.2999180e-01  -2.3812641e-01   5.7450292e-02   2.0309875e-01   3.1892334e-01   4.8045974e-01  -1.7456673e-01   1.0933169e-03   2.2537623e-01  -2.0162009e-01   1.9921475e-02  -4.9059020e-01  -1.3512381e-01   1.8398977e-02  -4.0741535e-01  -1.3919865e-01  -2.9937487e-01  -5.1251878e-01  -5.0913548e-02  -2.7599877e-01   1.9859970e-01  -2.4920189e-01   2.6943944e-02   3.4573063e-01  -4.2414926e-01   4.2172387e-02  -2.8645490e-01   7.3615528e-02  -2.8326778e-01   2.8232417e-01  -1.1577312e-01  -5.9106269e-02   5.2261107e-01  -1.4348127e-01  -6.2922292e-02  -5.7982159e-01  -2.8624511e-01   3.5689860e-01  -1.3804947e-01  -1.9129426e-01  -2.1967314e-02  -3.4638869e-02   4.0811624e-01   2.3032957e-02   5.2746792e-01   2.3971300e-01  -2.5107420e-01   2.4057307e-01   1.9362485e-01  -2.0036341e-01  -1.4320020e-02  -4.2018515e-01  -4.8978178e-01   3.4596172e-01  -5.0695874e-01   1.3581368e-01   4.8645474e-01  -2.1859883e-01   4.6126772e-01   3.3702696e-02   1.7165526e-01  -4.3778812e-02  -3.0322780e-01  -3.8273620e-01   3.7370498e-02   7.7868780e-02  -3.1381115e-01  -6.2704555e-01   2.5365622e-01   4.5849460e-02   3.0848745e-01   2.8188486e-01  -1.0469479e-01
   4.2275740e-01  -4.1500326e-01  -4.5169035e-01   1.1099854e-01   6.2394227e-02   1.6592479e-01  -1.8676859e-01   0.0000000e+00   3.1850370e-01  -4.1899581e-01   1.2275326e-02  -4.7671918e-01   2.1583212e-01   2.6819958e-01  -2.3001696e-01  -3.6675079e-01  -3.4313623e-01   1.3177099e-02   4.3844410e-01   8.5259674e-03  -4.7459502e-02   1.3238514e-01  -7.1028454e-02   3.4991350e-02  -2.5249530e-01   3.9911749e-01  -2.4444437e-01   1.5006112e-01  -2.8569372e-01  -3.9976702e-01  -8.4202242e-03   1.2143135e-02  -1.0131013e-02  -4.0113224e-01  -5.2237927e-01  -1.2546725e-01  -2.2182157e-01   1.8576983e-01  -3.1722403e-01  -4.3303517e-01   2.5342911e-01   1.6568871e-01   9.5801428e-02   2.3289472e-01  -1.3858909e-01   2.0925374e-01  -1.2034482e-01  -2.2908936e-01  -6.1193576e-02  -6.6586443e-02   1.0983329e-01   5.9506915e-01  -4.0226145e-01   3.0030879e-01  -2.5118886e-02   2.9690106e-01   4.6596755e-01   5.3436733e-02  -2.4016501e-01  -2.7008548e-02   3.1972785e-01  -2.1992941e-01   2.3864799e-01   1.9750276e-01   1.1274662e-01  -2.0808647e-01   3.1205813e-01   8.5366990e-02   2.1271645e-01   3.8355777e-02  -4.2298585e-01   4.2862854e-01  -3.2588683e-01  -1.3989507e-01   2.3736206e-02   3.8411119e-01   3.4597377e-01   8.8949506e-02  -1.8294780e-01   2.6057619e-01   3.3967577e-01  -4.4654226e-01  -1.3058806e-01   7.9710918e-01  -3.4565393e-01   1.1284562e-01  -4.6545493e-01   1.3195188e-01   9.1516203e-02   8.8020577e-02  -1.9602228e-01  -1.8838724e-02  -2.4609697e-01   5.9472571e-02   3.1023834e-01  -2.5595951e-02   1.5830024e-01   3.9019409e-01   3.7596782e-01  -2.5777033e-01  -1.0957093e-01  -9.1878122e-02   3.6915794e-01  -1.6614687e-01   1.7902416e-01   7.8039918e-02  -1.8342051e-01   3.9138103e-01  -4.4428360e-01  -2.9147897e-01  -1.8621397e-01  -1.0505935e-01   4.0108126e-01   7.0822907e-02   7.1172983e-02  -1.7681087e-01   2.4132266e-02  -7.9941755e-02   4.8086897e-01   1.3166526e-01   1.2763876e-01  -5.3246625e-02  -3.8020645e-03   7.6176411e-02   1.3029020e-01  -7.7454052e-02  -9.5000224e-03   2.8739922e-02   2.9290814e-01   6.7398809e-02  -3.4054363e-01  -4.4534985e-01   3.2602582e-01  -1.6527479e-01   3.4689045e-01   6.8195362e-01   9.6173271e-02   5.4868538e-01   4.9456563e-01   7.9082045e-02   3.7309393e-01   3.9665829e-01   1.8440885e-01   1.5050636e-02  -4.3493495e-01  -1.7105601e-01  -3.4728155e-01  -8.3023246e-02  -2.3444645e-01  -5.6614518e-02  -2.6725862e-01   5.8901933e-01   3.6415748e-01  -2.1218345e-02  -1.9903683e-01   9.6072662e-02   1.5662506e-01  -1.8510664e-01   3.0929728e-01   3.2078692e-01   1.2412778e-01   4.2598681e-01  -2.0886115e-01   2.0926479e-01  -1.2861439e-01  -2.9060432e-01   4.3420647e-02   4.6894076e-01   3.7062895e-01  -1.4477457e-01  -2.5566453e-01   5.4511779e-02   4.0811007e-01   1.9226453e-01  -1.7120551e-01   3.0577191e-01  -1.9907861e-01
   5.1000860e-03   1.4638231e-01  -4.4358949e-01   4.7164742e-02   2.3754971e-01  -3.8509157e-01  -4.0753427e-01   3.1850370e-01   0.0000000e+00  -2.5830720e-01  -1.6223532e-01  -1.8498505e-01  -2.3342222e-01   1.1259194e-01  -3.0653171e-01  -8.4840077e-02  -2.3023539e-01  -1.5882584e-01   1.8364783e-01   9.0582106e-02  -1.9057601e-01   2.9764227e-01  -4.2787057e-01   1.4725041e-01   5.2405912e-02   2.6917756e-01  -4.2006820e-01   1.6330755e-01  -2.6250547e-01  -9.9887902e-02  -2.4907777e-01  -2.3260425e-02   1.8619346e-01  -2.1626635e-01  -1.9258916e-01   1.0168370e-01  -7.7893495e-03   2.3300335e-02  -1.9822685e-01  -4.2581490e-01  -1.6060364e-01   1.3488674e-01   1.1994149e-01  -6.2003947e-02  -1.3734937e-01  -2.0396552e-01  -3.6526123e-01  -1.6229343e-01  -2.7454342e-01   1.3394810e-01  -2.9075024e-01   2.2932888e-01  -2.2571451e-01  -2.9777352e-01  -2.3527747e-02  -2.1607534e-01   3.0082357e-02   1.9278364e-01  -2.1413223e-01   1.8360896e-01   4.8456738e-02  -1.5454690e-01   1.1459888e-01   2.7476464e-01  -4.6991870e-02  -1.5358864e-01  -1.5085937e-01  -9.9592852e-02  -2.4522114e-01  -1.9715425e-01   9.5941097e-03  -1.0633742e-02  -3.8517343e-02  -6.2248980e-03  -3.0469909e-02  -7.3628161e-02   2.7839407e-02   9.6736506e-02   2.2635384e-01  -1.9148595e-02   4.1248364e-02  -2.0379905e-01  -1.0879660e-01   3.1151277e-01  -1.0348036e-01   3.1437697e-02   5.1058580e-02   2.1373045e-01  -2.0532849e-02   7.6164573e-02   2.3152964e-01  -1.4433870e-01  -4.6892854e-01   4.9520835e-01   2.9847231e-01   1.6346591e-01  -1.1904415e-01   3.2043965e-01   1.1891487e-01  -2.9351234e-01  -3.0232650e-03  -7.9528853e-02   3.0466573e-01   3.2652908e-01   3.6672307e-03  -9.2094623e-02  -2.4666085e-01  -7.4836654e-02   5.7923593e-02  -3.9879477e-01  -1.1185539e-01   1.1271274e-01   7.5868400e-02   7.7858597e-02  -8.6569961e-03   2.2070745e-01  -1.3537883e-01  -7.3800644e-02   1.8190895e-01  -6.8652589e-02   2.1341585e-01   2.3486499e-02   2.5314838e-01  -4.2905024e-02  -2.3922086e-01   3.8099438e-02  -3.2703544e-02  -2.0932490e-01   2.3155025e-01  -3.6929524e-01  -1.4232815e-01  -1.6885752e-01   2.2425627e-02  -4.1933214e-01   3.4310079e-01   1.3393066e-01  -2.0906996e-01   2.1715118e-01   9.3101956e-02   3.3882960e-01   2.6127862e-01  -3.5281083e-02  -1.7636012e-02  -1.7796809e-01  -1.3544727e-01  -7.5936870e-02  -2.4315465e-01  -7.5757094e-02  -4.3447202e-01  -2.0370857e-01  -1.9930663e-02   1.7323680e-01  -5.9800963e-02   2.3485415e-02  -3.1281945e-01   3.9231579e-01   2.3612682e-01  -1.4446668e-01   8.0145498e-02   2.0038978e-01  -8.5508574e-02   1.4671050e-01  -3.6460265e-01  -6.9480005e-02  -1.6830989e-01   1.6013099e-01   1.4222289e-01   3.6557606e-01  -1.3223613e-02  -2.3100443e-01  -2.0707914e-02   2.5814935e-01  -4.4021191e-02  -2.2171246e-01  -1.0808987e-01  -1.0896350e-02   2.9386330e-02
  -2.3952943e-01  -9.0785805e-02   2.4891968e-01   2.9773724e-01  -3.2723194e-01   2.4383359e-01   3.5710433e-01  -4.1899581e-01  -2.5830720e-01   0.0000000e+00   1.1849476e-01   1.5481143e-02  -1.2482196e-02  -1.6726792e-01   3.1940676e-01   4.0076920e-01   1.5031767e-01   4.8296752e-01  -2.4127038e-01   2.0525226e-02   3.8544923e-01   3.6824953e-02   4.6586816e-01  -4.4248968e-01   1.4345094e-01  -2.5526245e-01   1.3220324e-01   1.6677623e-01  -1.0864153e-01   1.0221042e-01   2.1146709e-04   6.8562726e-02   2.3115855e-01   5.2373704e-01   5.6936548e-01   2.3649535e-01   2.5245786e-02  -2.3742071e-01   4.3499074e-01   6.0852879e-01  -8.3580867e-02   2.1000258e-01  -3.3300933e-01   1.6343511e-01  -8.9017860e-02   5.4941656e-02   4.9091878e-01   4.1070868e-01  -1.9885325e-01   9.9105821e-02   4.9797006e-01  -4.0588529e-01   2.9626426e-01  -1.7205809e-01   1.8281738e-01   8.5794739e-02   1.1013993e-01  -1.5254355e-01   3.8887482e-01  -8.6541946e-02  -3.1503012e-01   1.0811207e-01  -1.7780444e-01  -5.5982156e-01  -1.7243105e-01   2.2414304e-01   5.2126535e-02  -2.8796862e-01  -7.1007073e-03   2.6935324e-03   6.0745478e-02   2.3862960e-02   2.5613134e-01  -1.2458324e-01  -2.8590584e-01  -4.0426538e-01  -3.7912013e-01   2.4343727e-01  -2.0865518e-01  -1.0821276e-01  -3.3466046e-02   3.1585102e-01   3.2823217e-01  -2.4215971e-01   1.5833789e-01  -2.8750637e-01   3.1530237e-01  -1.5679737e-01  -2.8147572e-01  -3.8578670e-01  -1.4476290e-01   1.2267682e-01   4.4124235e-01  -4.2905379e-01  -2.6448848e-01  -3.2149820e-01  -2.0013608e-01  -1.9844081e-01   7.9209003e-04   5.5656366e-01   4.9005598e-03   1.0435691e-01  -4.2102852e-01   3.5822554e-02   2.4010366e-01  -8.4054673e-04   2.1078144e-02  -9.2859077e-02   4.8887493e-01   3.8668311e-01   2.5849635e-01  -2.5801269e-01  -5.2497492e-02  -2.3930511e-01   1.9122654e-01  -1.7805860e-01   2.6816627e-01   1.3438398e-01  -4.7175650e-02   2.2737846e-01  -3.7632860e-01   2.5943096e-02  -4.4734377e-01   1.3823862e-01  -7.3101475e-02  -2.0355735e-01   1.2104578e-01   5.5652042e-02   7.6781315e-02   1.8374823e-01   4.0701374e-01   3.4892095e-01  -3.5586370e-01   2.4558361e-01  -1.7480684e-01  -5.7597003e-01  -5.0687327e-02  -1.2948280e-01  -4.8026792e-01  -3.8553812e-01  -1.8363433e-01  -1.2759544e-01  -5.2172525e-02   2.5883203e-01   4.2847328e-01   2.8232557e-01   4.4733736e-01   3.6432711e-01   6.6792162e-01   1.6169436e-01   1.7618718e-01  -2.4221445e-01  -3.9219749e-01  -2.0073703e-01   1.2380251e-01  -4.3561411e-01  -4.0968918e-01   2.4532532e-01  -1.2688375e-01  -5.1813997e-01  -3.0264496e-01  -2.5394882e-01   6.3024368e-01   2.7085017e-01  -2.0380928e-02  -1.0215964e-01  -2.1301780e-01  -2.6410986e-01  -4.8786900e-01   1.5388236e-01  -6.5711223e-02  -2.9174396e-01   9.3215132e-02   1.9784306e-01   5.2692675e-02  -1.0312351e-01   1.3979619e-01
  -3.0911856e-01  -8.0149517e-02  -3.7266173e-01  -2.2522713e-01  -3.0857922e-01   2.5044601e-01   4.3552554e-01   1.2275326e-02  -1.6223532e-01   1.1849476e-01   0.0000000e+00  -1.8338236e-01   1.9546151e-01   1.0813499e-01   5.3961643e-01  -3.4378813e-01  -3.6291817e-01   1.4820214e-01   1.1560303e-01  -3.7670575e-01   2.6970644e-01  -2.5135299e-01   2.7590087e-01  -2.6850226e-01  -1.4772194e-01  -2.1827956e-01   1.9831506e-01   1.8574273e-01   4.0614561e-02   4.1082408e-02   4.8831943e-01  -3.0394242e-01  -3.7107701e-01   4.2330730e-01  -4.3438333e-02  -1.5670489e-01   2.4122390e-01  -2.4263893e-01  -2.2587830e-01  -3.7909452e-02   2.7013317e-01  -2.4761395e-01  -9.3272075e-02   3.4957782e-01   3.7640548e-01  -1.0660456e-01   3.2505123e-01   4.5905393e-01   2.4138816e-01  -4.5989072e-01   2.3192618e-01   1.7963021e-01   4.8249444e-01   1.3686789e-01   8.8169391e-02   2.7429479e-01   2.6343962e-01  -2.2104980e-01   1.6569940e-01  -2.3174239e-01  -4.5523392e-01   1.3628761e-01   1.6798695e-02   3.2563386e-01   6.4710125e-02  -3.7099645e-03  -4.5718215e-02   2.9754962e-01   4.7330017e-01  -2.1259546e-01   8.4592067e-02   1.0512672e-01  -7.2854032e-02  -4.6577792e-01   2.1288014e-01  -2.2310400e-02  -6.6031333e-01  -2.4002879e-01  -1.7255012e-01  -9.1779188e-02   4.2836096e-01  -2.0966890e-01   4.3421032e-01   2.5277180e-02  -2.7822920e-01   1.8147233e-01   2.8890774e-01  -1.3717148e-01   2.3118151e-01  -2.4420377e-01  -2.7924405e-01  -5.0201968e-01   3.3509568e-01  -3.2199965e-01  -5.0783315e-01  -1.4454430e-01   2.2962277e-01   2.7730572e-01  -9.1842921e-02   4.0871568e-01  -2.3740168e-01   6.3026729e-01  -2.7513469e-01  -8.7494129e-02   3.3439753e-02  -3.2804186e-01  -2.9752459e-01   4.6426679e-01   2.6306598e-01  -1.2394727e-02   4.7970885e-02  -9.6477983e-02   1.9221550e-02  -3.4781871e-01   2.2967081e-01  -2.0776044e-01   1.5391048e-01  -3.2180766e-02  -1.2887186e-01  -1.7922223e-01  -5.0169917e-01  -2.7234999e-01   1.1347313e-01   8.6415568e-02   5.1493812e-02  -2.6033452e-01   7.8282225e-02  -1.6311608e-01  -3.3527422e-01  -2.4501750e-01  -2.1215566e-01   1.2586702e-01  -2.4208238e-01   1.0538120e-01  -8.1629767e-02   9.1596145e-02   1.5114031e-01   1.5828899e-01   1.7443011e-01  -5.9057101e-01  -3.3013796e-01   2.3823109e-01   2.7932235e-01  -1.9689165e-01   2.1204960e-01   1.1458587e-01   1.5283539e-01  -1.9328566e-01   2.5954992e-01   1.9532987e-01  -3.1791162e-01   2.2607591e-03  -1.1922628e-01   3.0371775e-01  -1.0983676e-01  -4.5323800e-01  -6.5525410e-01   3.1477707e-01  -4.9502820e-01   1.5834739e-01   2.7452377e-01   1.3025581e-01   1.9901816e-01  -2.8883630e-02  -2.0771699e-02  -5.6690589e-02  -2.8044538e-02  -8.7775646e-02  -2.9377846e-01   1.3664458e-01  -1.2821451e-01  -5.2081052e-01   1.0804685e-01  -4.0153958e-02   3.0776676e-01   2.3922161e-02  -2.0780236e-01
  -1.1020232e-01   7.6775158e-01   6.2779596e-01  -2.8811467e-01   1.6897267e-01  -2.5948864e-01  -5.6359019e-02  -4.7671918e-01  -1.8498505e-01   1.5481143e-02  -1.8338236e-01   0.0000000e+00  -3.9587688e-01   3.7913562e-02  -7.5945205e-02   2.5439434e-01   5.6362927e-01  -4.5299455e-01  -1.4599969e-01   2.5989390e-03  -3.0893910e-02   8.7180721e-02  -3.9320337e-01   3.4595362e-01   1.3898838e-01   8.7028183e-04   2.9624130e-01  -3.1758086e-01   4.6199525e-01   3.1664413e-01   1.3092726e-02  -8.2243559e-02  -1.0141721e-01  -3.9611150e-03   3.7053110e-01   4.8666642e-02   1.5618611e-02   2.1777269e-02   4.7936052e-02   1.5927459e-01  -3.5853251e-01  -2.9921622e-01   2.3566239e-02  -3.9670753e-01   8.3763612e-02  -6.6640113e-02  -3.1120443e-01  -1.3671302e-01  -1.3448737e-01   1.0113094e-01  -4.8224967e-01  -2.6019974e-01   1.5562966e-01  -2.7901090e-01   2.9733244e-02  -4.0392380e-01  -4.5605540e-01   1.8964498e-01  -1.8296497e-01   3.5251295e-01   4.5018021e-02  -1.9318156e-01  -1.7226049e-01   7.0441279e-02  -1.2283937e-01   3.3557860e-01  -2.5252280e-01   9.1575209e-02  -2.9724855e-01   4.0613177e-02   3.9953265e-01  -6.0714246e-01   2.8891343e-01   5.5170190e-01  -1.2069022e-02   8.7794024e-02  -8.1915265e-02  -2.3341432e-01   4.4932423e-01  -5.2424188e-01  -5.3497117e-01   3.5360303e-01  -8.6128615e-02  -4.5249097e-01   5.2267637e-01   5.3665395e-02   3.6780696e-01  -2.5454734e-01  -6.7241751e-02   1.0974152e-01   4.2953133e-01   2.5732995e-01  -1.0207452e-01   2.8529524e-01  -4.0652005e-03   1.5738505e-01  -1.5651849e-01  -2.4861798e-01  -3.3565560e-01  -2.4803109e-01   2.3798099e-01  -1.1684367e-01   2.1079814e-02   4.1002642e-01  -4.3257493e-01   1.2333381e-01   3.7322876e-01  -4.4698443e-01   8.8861396e-02   9.4396814e-02   3.3143805e-01   1.9523222e-01  -5.4559178e-01   1.5088309e-01  -3.1284900e-01   4.0784460e-01  -2.0570911e-01  -1.9386552e-01  -4.0507029e-01  -4.1354893e-01  -2.9714360e-03   3.7093193e-01   8.9836495e-02  -2.9327553e-02   2.4525148e-01   3.6108998e-01   3.0317862e-02  -3.4262691e-01  -2.2104072e-01   2.3462542e-02   1.2345199e-01   1.8281898e-01   3.1114140e-01  -1.2689135e-01  -1.6924640e-01  -1.6617768e-01  -3.2059710e-01  -6.6010349e-01  -5.2081682e-02   2.1839070e-01  -2.0592425e-01  -4.6271560e-01  -3.4028843e-01  -5.2832875e-02   1.5687458e-01   1.0687522e-03   1.3105655e-01   8.7430907e-02  -2.1165161e-01   8.1659389e-02   5.2865163e-01  -3.8511506e-01  -2.8758758e-01   1.3869017e-01   4.3311717e-01   1.5234522e-01   2.2305677e-02  -1.3223758e-01  -1.4357514e-01  -7.6510538e-02  -8.2904449e-03  -4.2523624e-01  -8.8033967e-02  -4.5210178e-01   3.4218235e-01   4.4558364e-01   3.0331653e-01  -2.4798518e-01  -1.9102222e-01   2.4158295e-01   5.3437325e-01   3.3375300e-02  -5.3963856e-01  -2.8900598e-01   1.2743815e-01  -4.7452955e-01   3.2076885e-01
   1.7490706e-01  -4.5968766e-01  -2.3534448e-01   1.6357092e-01   1.3839767e-01   1.1268996e-01   2.6604932e-01   2.1583212e-01  -2.3342222e-01  -1.2482196e-02   1.9546151e-01  -3.9587688e-01   0.0000000e+00  -2.3049047e-01  -1.0094003e-01  -3.2401172e-01  -2.8943623e-01   3.5432873e-01  -4.4308124e-02   2.3144240e-01  -1.1244610e-01  -3.8446174e-02   2.8528679e-01  -3.8158836e-01  -4.0590355e-01   1.5408575e-01  -6.3997468e-02   9.4951690e-02  -2.5128153e-03  -4.6316575e-02  -1.2960823e-01   8.1337045e-02  -7.5140273e-02  -2.1496916e-01  -1.8619968e-01  -2.9319123e-02   3.8550449e-02  -3.0188123e-01  -4.4012923e-02  -1.4472554e-01   7.8369545e-01   1.9274263e-01   3.1190632e-01   1.1649777e-01   1.5332351e-01  -4.7983807e-03   1.3051588e-01   1.4796869e-01   4.4688476e-01  -3.3136420e-01   4.4460602e-01   1.5350630e-01  -9.2219796e-02   5.3850252e-01   1.2277937e-01   2.0593804e-01   3.7693651e-01  -5.4138869e-02   3.1280790e-01  -1.5338525e-01  -1.0612833e-01   2.1608685e-01   5.2558547e-01  -2.5694093e-01   2.6450939e-01  -1.0521438e-01  -3.4211027e-02   1.4830383e-01   2.9382781e-01  -2.2594195e-01  -1.9987775e-01   6.1937780e-01  -2.2744288e-01  -3.9478103e-01   9.9997838e-02  -4.2423080e-02  -3.0497182e-02   7.3832482e-02  -3.2709149e-01   4.9087765e-01   4.0725218e-01  -9.7012063e-02   2.7060264e-03   3.1461168e-01  -4.5429989e-01  -1.1287762e-01  -4.1804489e-01  -1.0719122e-01   3.8265250e-01  -3.5116512e-01  -3.5883865e-01  -8.8983062e-02   1.6993355e-01  -7.9302076e-02  -4.5638415e-01   2.6794361e-01   4.3052035e-01  -3.6086418e-02   3.0742043e-01   1.5119376e-01  -3.8859435e-01   4.6664017e-03  -9.6137289e-02  -3.7009932e-01   2.9686271e-01  -2.3362770e-01  -1.2495450e-01   3.8371962e-01  -3.4382783e-01   2.4728744e-01  -2.2326363e-01  -1.4293175e-01   5.6951507e-01  -3.7312953e-01  -3.5037336e-02  -1.6978584e-01   1.4246608e-01   5.4220901e-01  -1.4670114e-01   3.6254739e-01  -1.7922348e-01  -1.8606329e-01   8.8040865e-02   2.0341338e-02   4.4257270e-02  -3.2106268e-01   5.9405756e-02   4.7725309e-01   1.9303504e-02  -3.8162954e-02   1.1250243e-01  -9.8850303e-02  -2.1336477e-01   1.1417873e-01   3.0112965e-01   9.5720724e-02   4.2211663e-01   1.8819264e-01   2.2466005e-02  -5.2439350e-01   9.8734545e-02   6.7355190e-01   2.8338926e-01  -4.2915796e-03  -3.0857983e-01  -1.4902597e-01   6.0982932e-02   1.3276906e-01   3.0984191e-01   1.4703641e-01  -4.2718501e-01   4.0360731e-01   4.0422890e-01   6.6705150e-02  -1.5777522e-01  -3.1191514e-01  -3.9220852e-01   1.9006984e-01  -1.0772060e-01   1.0681598e-01   2.5393953e-01   2.4240275e-01   2.0240050e-01   3.8971553e-01   5.7732614e-02  -5.4711371e-01  -3.4319805e-02  -5.3716534e-02   1.6521037e-01  -7.2414133e-02  -1.4397951e-01  -4.7653772e-01   6.1864120e-01   2.8068434e-02   3.8210599e-02   4.5854385e-01  -1.5823363e-01
   1.7326450e-01   4.6688583e-02  -2.6447228e-01  -3.2239679e-01  -4.0946230e-01   3.3076036e-02   1.3622058e-01   2.6819958e-01   1.1259194e-01  -1.6726792e-01   1.0813499e-01   3.7913562e-02  -2.3049047e-01   0.0000000e+00   2.1529188e-01  -3.5848363e-01  -2.9683094e-01  -7.3252462e-02   3.7553132e-01  -5.2203724e-01  -2.5979324e-02   1.8556020e-01  -1.0317638e-01   4.5523294e-01  -9.0658190e-02   6.8449007e-02   3.0098284e-02  -2.5018020e-01   1.1825244e-01   2.6986500e-01   3.6793116e-01  -6.8693704e-02  -3.7946646e-01   1.3957729e-01  -1.5119827e-01  -3.2209258e-01   1.5380706e-01   1.4320132e-01  -3.5566938e-01  -2.2938130e-01   2.6700218e-02  -3.2915177e-01  -3.0662817e-01  -1.4321712e-01  -7.4905837e-02   3.5074628e-01   5.2508047e-02   1.7803921e-01   5.3719455e-02  -3.0047628e-01  -5.8024253e-02   2.0801027e-01   3.0129427e-02   5.6939712e-02   3.0424262e-01  -1.0236824e-01   4.8407367e-02   1.3757526e-01  -1.1981091e-01   1.9792656e-01   2.6807576e-01   3.4592500e-02  -3.9746722e-01   2.2592745e-01   5.0899928e-02  -3.8866128e-01   1.4729750e-01   3.0096293e-01   2.4176414e-01   2.2817505e-01  -7.8828175e-02  -1.9694339e-01  -3.2727705e-02   1.5261302e-01   3.8023083e-01   3.3377875e-01   7.0634156e-02  -3.0287724e-01  -2.9719071e-01   1.6490950e-02   8.2821895e-02   7.6457678e-02  -2.0447465e-02   2.9766986e-01   2.3625784e-01   7.5301950e-02   3.0286931e-01   2.8466443e-01   1.8358555e-01   4.4137160e-01  -2.7292807e-01  -3.4460249e-02  -1.2760495e-01  -2.1874607e-01   1.4034894e-01  -1.7175024e-01   1.4971406e-01   1.2760746e-01  -1.4792064e-01   4.9454845e-02   1.2293255e-01   8.3282150e-02   4.4058055e-01   1.7448637e-01  -2.0605292e-01   2.8650111e-01   3.8624104e-02   1.0464668e-01   8.4453532e-02  -1.9881131e-01  -2.6116868e-01   2.4019774e-01  -1.5954009e-01   4.2457037e-01  -1.5369564e-01  -3.9330183e-01  -3.0245720e-01  -2.5001736e-01   1.4500770e-02  -3.7460532e-01   2.3530465e-01  -4.1710232e-01  -4.3060352e-02  -1.2695755e-01   4.4740449e-01   1.4670219e-01  -2.4164363e-01  -6.4160819e-02  -6.8265421e-02   6.7068913e-02  -4.3285162e-01  -1.6253625e-01   5.7010343e-01   1.2765083e-01  -2.6994598e-01   2.7752068e-01   1.4840258e-01   6.1624471e-02   2.6380886e-01   1.0701204e-01   4.6154863e-01  -5.5881244e-02  -2.9279352e-01  -1.9606146e-01  -8.6018688e-02   9.8049862e-02  -1.7247033e-01  -3.5355538e-01  -2.4013068e-01   9.9130907e-02   5.8587148e-02   4.2138702e-01   1.5085136e-01  -3.3335202e-01  -2.2352924e-01   2.4870370e-01   1.5481034e-01   1.7123850e-01  -2.3043400e-02   1.9675237e-01   2.1886545e-01  -2.1000097e-01  -2.5001603e-01  -2.6781769e-01   2.2648197e-01   1.3927301e-01  -4.0387112e-01  -5.6142190e-02   3.3830983e-01  -1.4653061e-01  -4.3025875e-01  -8.0447049e-02  -1.2745162e-01  -4.2233285e-02   8.5854299e-02  -8.3712165e-02   1.2798574e-01
