   0.0000000e+00  -1.7240562e-01   2.6370766e-01   1.3208306e-01   1.3918345e-01   2.0190285e-01  -4.7408197e-01   1.8449689e-01  -2.0534384e-01   2.3253569e-02  -5.2065742e-01  -3.2836533e-01  -2.4392508e-01   2.3669049e-01  -3.3395903e-01   1.7299644e-03   3.1591080e-01  -2.1522447e-01   6.5179434e-02   1.3676427e-02  -9.5760003e-02   2.3453597e-01  -8.7823765e-02   4.7377456e-01  -5.8858850e-02   2.3746483e-01   9.1197061e-02   3.0346897e-01  -9.0737306e-02   2.5235968e-01  -1.5113435e-01   1.1995173e-01   2.6662323e-01  -2.7197564e-01  -2.0687824e-01  -1.7851067e-01  -2.0123218e-01   4.2811835e-02  -2.9688515e-02   8.0885109e-02  -1.2630637e-01   9.5512354e-02  -2.4905571e-02  -7.5140088e-02  -3.5485447e-01   4.9226263e-01  -1.9876318e-01  -2.0906375e-01  -2.1663606e-01   3.1576867e-01  -9.9860301e-02   1.8553672e-01  -2.9551637e-01   2.0802853e-01   2.1596042e-01  -3.0793734e-01   1.6388511e-01   1.4818371e-01  -1.1419600e-01  -2.0569002e-01   3.6247453e-01  -2.2768492e-01   2.2989389e-02  -3.1909603e-01  -2.6399860e-01   1.0506081e-01   2.2000916e-01   7.8741628e-03  -1.2284292e-01   3.4660468e-01  -3.8972445e-01  -1.2018568e-01  -1.6322527e-01   2.7569248e-01  -2.0199355e-02   3.0584658e-01   3.3913821e-01   1.9618939e-01  -2.8746317e-02  -1.3405451e-02   1.6146968e-01  -1.1158682e-02  -2.4429029e-01   1.9336232e-01   5.1859119e-01  -5.3677159e-02  -1.9199097e-01   1.4473769e-01   1.8691778e-01   4.6257662e-01   3.2227014e-01   4.5266514e-01  -1.9878939e-01  -1.4263110e-01   5.0877039e-01   1.7471332e-02  -1.2449893e-01  -9.3691757e-02  -4.1969239e-01  -1.9089160e-01   2.6153760e-01  -4.7781595e-01   3.3518712e-01  -6.3827620e-02  -1.1989908e-01   1.4109834e-01   2.7803586e-01   8.3692939e-03  -3.9244485e-01  -2.7200443e-01  -4.3129423e-01   1.7995654e-01  -9.7407883e-02   6.6347027e-01  -3.6430477e-02  -2.3530406e-02  -2.8679747e-01  -1.7737060e-01   3.1246368e-01   6.0679824e-02   6.0778193e-01   2.1963692e-02  -1.3098642e-01  -2.0072376e-01   5.3804761e-01   2.7341476e-01  -3.5216199e-01  -2.6301984e-02   4.3097613e-02   2.6700291e-01  -1.0009221e-01  -4.1438960e-01   1.8744546e-01  -5.3470982e-02   9.7675014e-02   1.3861391e-01   8.8071933e-02   1.7834569e-01   1.4258846e-01   4.9587211e-01   6.1443888e-01  -1.2449786e-01  -4.7144041e-01   1.8256635e-01  -2.2680993e-01   1.4097356e-02  -3.3987277e-01   5.5582560e-02  -4.6442358e-02  -1.3169073e-01   4.4415890e-01   2.2541154e-01   7.1049832e-01  -2.5215734e-01   2.3931638e-02   1.6726435e-01   5.5510098e-01  -2.8098786e-01   4.4912428e-01   2.9326220e-01  -2.2562421e-01  -4.5126057e-01  -2.9646224e-03  -5.9664689e-02   9.0862661e-02  -1.6192844e-01  -3.3438765e-01   3.5673101e-01   6.2760018e-01  -2.1245432e-01   2.6120243e-02   3.6703701e-01  -2.6774888e-01   1.4359165e-01  -3.3445780e-02  -3.6630345e-03   1.9959179e-01
  -1.7240562e-01   0.0000000e+00  -4.3975921e-01  -3.8161772e-01   3.6956337e-01  -2.4839949e-01  -2.2847539e-01  -3.7318559e-01  -3.0027102e-01  -4.9441218e-01   1.4613004e-01   1.3343032e-01  -2.8259834e-03  -2.6863232e-01  -2.4887384e-01  -9.0094783e-03  -2.6799668e-01  -4.2906896e-01  -1.4792616e-01   6.4626388e-02  -1.8587920e-01  -5.6193506e-01  -3.6065550e-01   2.6276976e-02  -6.8381312e-02  -2.8385125e-01  -2.5582577e-01   1.3965658e-01   2.6821784e-01  -5.3244551e-01   1.2037565e-01  -4.6013091e-01  -5.0546789e-02  -1.7940273e-01  -3.5634493e-01  -1.7709895e-01   1.8759725e-01  -2.3227050e-01   3.2393404e-02  -3.3099624e-01   9.3920464e-03   6.5482505e-02  -5.0770222e-02   1.8124466e-01   4.0644213e-01  -1.4030090e-01  -3.9423454e-01  -1.7412191e-03   1.0093952e-01  -2.2363408e-02  -5.6058820e-01  -4.6185627e-01  -9.8548712e-02   1.7113988e-01  -1.6652990e-01  -7.8313601e-02  -1.4527575e-01  -6.0004883e-01  -3.6120380e-01  -4.5785169e-01  -3.4646018e-01  -7.4049605e-02   3.6850608e-01   6.6399124e-01   7.8347945e-01  -2.2567985e-01  -2.4502705e-01   1.8845154e-01  -5.7746145e-01  -2.6932380e-01   2.1493163e-01  -4.0645146e-01   1.3937804e-01  -3.6254717e-01   2.9026526e-01  -3.7685873e-01  -2.2836967e-01   1.7400168e-01   5.1528565e-01  -2.1991172e-02  -2.8175879e-01  -5.4357439e-02   7.3381118e-01  -2.7329040e-01  -7.4795299e-02  -5.1055667e-01   1.3113230e-01  -5.1267203e-03   3.4423342e-01   3.2829934e-02   4.6465552e-01  -2.8957489e-01  -2.5078257e-01  -4.7567235e-01  -2.1292523e-01  -1.1769490e-02  -9.6410695e-02  -4.6611616e-02   3.3650845e-01  -2.4820968e-01  -2.9270345e-01  -3.0335988e-03  -5.3108411e-02  -3.4708574e-01  -5.6241345e-01  -4.5395335e-01  -9.6731453e-02  -3.0284323e-01  -4.7717586e-02   2.5470348e-01   8.1537915e-02  -5.8614887e-01  -2.8675373e-01  -2.0987397e-01  -1.1620355e-01   3.7651668e-01  -1.0757895e-01   1.8757697e-01   1.6385609e-01  -4.2948036e-01   2.3266918e-02   5.2444440e-01   3.9386972e-01   3.3388268e-02  -2.6537684e-02  -2.6345224e-01  -2.7810510e-02   2.6356962e-02  -5.7444874e-01  -3.9287919e-01  -5.7230663e-03   2.3827702e-01   5.1335938e-01  -3.0883655e-01  -4.5439503e-01  -2.7384713e-01   1.4142928e-01  -1.3487879e-02  -3.3782219e-01  -8.2643162e-02  -1.0693828e-01  -7.1406101e-02  -2.0703919e-01   5.7858181e-02  -1.3379854e-01   3.4051288e-01  -2.6642075e-01   2.1502873e-02  -3.6652715e-01   1.9522206e-01  -7.7140306e-02  -8.3063743e-02   6.0604332e-02   5.6420089e-01   2.6186132e-01  -1.7290871e-01  -1.3670726e-01  -1.2162640e-01  -2.0021921e-01  -4.3222463e-01   3.5680286e-01   1.7442451e-01  -3.7583127e-02  -5.1705504e-01  -3.9142145e-01   4.9772871e-01   4.3578807e-01  -1.6742627e-02   5.8957135e-02   5.2101853e-01   8.8342502e-02  -2.8907772e-01  -1.4864135e-01  -3.1716646e-01   2.4949727e-01   1.3595022e-01  -4.8302018e-01
   2.6370766e-01  -4.3975921e-01   0.0000000e+00   3.6719583e-01   3.2436968e-02   2.8609633e-01  -1.2059931e-01   3.7026555e-01   2.7111105e-01   4.6052543e-01  -3.3382080e-01   3.8642137e-02  -2.6576463e-01   1.8706263e-01  -1.0945735e-02   9.4141408e-02   8.6524764e-01   2.2647878e-01   2.1339835e-01   2.3048391e-01   1.3736771e-01   5.4908835e-01   1.4926307e-01  -1.1640281e-01  -2.9409975e-02   2.3294713e-01   3.6657138e-01  -2.1128777e-01  -5.3451663e-02   3.7036796e-01  -7.3199553e-02   3.9999834e-01   1.9724258e-01   5.4144486e-02   2.3857759e-01   1.8347543e-01  -4.6900335e-01   1.9842703e-01   5.0286911e-02   5.5153723e-01  -2.3108278e-01   9.7021155e-02   1.7342461e-01  -3.0961264e-01  -4.4612583e-01   3.1045098e-01   1.6916678e-01  -1.1186739e-01  -4.2043280e-01   5.1369046e-01   2.8935586e-01   1.6275333e-01  -1.2963362e-01  -1.1875252e-01  -1.2382794e-01  -4.4964450e-02   2.2076068e-01   4.3024819e-01   1.0354718e-01   3.1531897e-01   6.7063261e-01  -3.2540173e-01   4.5029522e-02  -5.3948409e-01  -6.1228993e-01   3.4051327e-01   4.6124115e-01  -2.6606342e-01   2.2555108e-01   6.5635731e-01  -3.9731669e-01   1.6763068e-01  -2.3425867e-01   3.7968740e-01  -2.1668603e-01   1.8451042e-01   4.7337550e-01  -1.8886104e-01  -1.2532919e-01  -2.3586919e-01   1.5862054e-01   1.2562811e-01  -6.1392655e-01   2.7377664e-01   5.2933374e-02   1.5788497e-01   1.5814350e-02  -1.3645373e-01   2.3312198e-01  -1.1181422e-01  -6.9631064e-02   7.1555613e-01   4.5379586e-01   3.4010852e-01   3.5844590e-01  -5.4166703e-02  -7.3844735e-02  -3.7745939e-02  -2.8400621e-01  -1.2078768e-01   7.4929063e-02  -9.9974690e-02   1.5593403e-01   3.5792406e-01   2.3660133e-01   3.9328057e-01  -2.1524128e-02   6.8658292e-02  -2.6917103e-01  -2.6202533e-01  -1.8010803e-01   3.5962077e-01   9.3215230e-02   1.3635917e-01  -6.0619110e-02  -5.0101886e-02  -1.8908138e-01  -3.5385732e-01  -1.5893328e-01   3.3296598e-01   1.1704592e-01  -2.6212469e-02  -2.2790477e-02   1.6901127e-02   9.1852377e-02   4.3229960e-01  -2.8045762e-02  -2.0072613e-01   3.8224763e-01   6.2039080e-01  -1.6810688e-01  -2.1058333e-01  -8.2547323e-02   2.0280391e-01   4.7331537e-01   1.6972312e-01  -2.8481157e-01  -1.1986898e-01   1.3013175e-01   2.5872642e-02   9.3235958e-02  -1.6230035e-01  -2.5322123e-01   2.1155724e-01   1.9613607e-01  -1.9665607e-01   8.7141352e-02   2.2199514e-01   3.0656899e-01  -3.5974119e-01   1.8004296e-01   1.5937557e-01   1.4098754e-01  -3.1230674e-01   3.8259516e-01  -1.7577874e-02   1.6109299e-01  -6.0393639e-02   5.8630938e-01   3.5627704e-01  -2.7865199e-01  -4.9271278e-01   4.2891509e-02   3.0391783e-01   3.4904019e-01  -1.2475083e-02  -2.1158473e-01   2.1448246e-01   4.2569646e-02  -1.8191058e-01   7.3596307e-02   2.1578624e-01   2.3956509e-02   4.1529692e-01  -2.0657099e-02  -2.5363102e-01   4.6034009e-01
   1.3208306e-01  -3.8161772e-01   3.6719583e-01   0.0000000e+00   2.4204441e-01  -2.6049052e-02   1.3003401e-01  -2.4497823e-02   2.3821312e-01   5.2405102e-01  -1.4087504e-01   3.9793397e-01  -1.6515337e-02   3.7925580e-01   2.7917002e-01   5.1126118e-01   2.9511584e-01   6.1247375e-01   6.2352577e-02   5.3986362e-01   3.4149541e-01   5.7019715e-01   5.0013314e-01  -9.7694918e-02  -9.2436461e-02   9.9168021e-02  -2.2189986e-02  -3.1003136e-01  -4.3230471e-01   3.5464653e-01  -1.2638210e-01   8.0437563e-01   6.2629145e-01   3.7777040e-01   1.9896782e-01   5.5058004e-01  -2.7250348e-01  -4.9752851e-02   4.2954257e-01   2.4390246e-01   1.3622769e-01   3.7479647e-01   1.1069140e-01  -3.1432801e-01  -1.2196219e-01  -2.8053361e-01   4.5895118e-01  -1.2189627e-01  -3.8385117e-01   2.1501956e-01   6.0007591e-01   2.0460701e-01   1.0346227e-02  -4.9443667e-02   1.4496471e-01   1.0613048e-01   9.0724330e-02   5.5170597e-01   6.8833064e-01   5.3981482e-01   4.8494661e-01   1.2313935e-01  -1.4232000e-01  -5.6773824e-01  -4.2333347e-01   4.6780681e-01   5.3441233e-02  -5.8217514e-01   3.9413330e-01  -1.7105159e-03  -1.2192642e-01   6.6126593e-01   2.0633786e-01   4.5696065e-01  -3.9457713e-01   3.4165433e-01   4.7969880e-02  -3.6799978e-01  -5.5226838e-03  -1.0629961e-02  -1.5071903e-01   3.1983086e-01  -3.8672580e-01  -5.3668354e-02  -3.1926047e-02   5.0238007e-01  -1.0960205e-01  -2.0882797e-01   8.3298059e-02  -3.0642173e-01   1.3976934e-01   4.3299325e-01   4.6673002e-01   5.7905674e-01  -9.2661258e-02   1.9822962e-02   1.8653424e-02  -7.0615557e-02  -4.2688727e-01   4.2772254e-01  -2.4066302e-01   1.6752815e-01  -1.2803610e-01   3.7072018e-01   6.6589881e-01   6.8678101e-01   3.5371065e-01   1.2248686e-01   5.4154474e-02  -1.1324931e-02   2.1142004e-01   2.8563878e-01   3.5973497e-01  -1.8559366e-01  -3.6613078e-01  -3.3344510e-02  -5.4840221e-02  -4.4758635e-02  -4.5341581e-01   7.9174083e-01  -1.4698478e-01   1.3393657e-01  -1.0601670e-01   3.7445191e-02  -3.2263943e-01   5.1765051e-01   3.5725878e-01  -5.6251416e-02   6.8704055e-01  -3.9265181e-02   3.3788327e-01   1.2857280e-01  -3.2177567e-03   1.2245171e-01   2.3406002e-01   4.1828661e-02  -3.9170028e-01  -2.7121506e-01   3.5799654e-01  -9.0135365e-02   1.6687748e-01  -2.2152955e-02   1.2042249e-01  -1.0097574e-01   4.3279464e-01   3.5064508e-02   2.2264415e-01   2.7424309e-01   5.7686514e-01   5.9586120e-02  -3.2617479e-01  -3.1402019e-01  -1.1109691e-02  -3.4772278e-01   3.4052544e-02  -7.5949123e-02  -7.9939262e-02   4.4702533e-01   4.9046493e-01   5.3790879e-02  -5.3118122e-01  -1.7743655e-01   3.5443397e-01   7.2124366e-01   6.2702517e-01   4.3069098e-02   2.5700746e-02  -1.2818975e-01  -1.3008570e-01  -1.8697192e-01   3.9211329e-01  -7.7365116e-02   3.1151197e-01   2.9148754e-01  -2.4251108e-01  -3.2267368e-01   5.6049156e-01
   1.3918345e-01   3.6956337e-01   3.2436968e-02   2.4204441e-01   0.0000000e+00  -7.0166796e-02  -3.1685991e-01  -1.5754440e-01   1.6234466e-01  -9.8069260e-02  -1.6887897e-01   1.1536746e-01   1.1324320e-01  -1.2254221e-02  -2.4326085e-01   3.9359301e-01   2.2146758e-01   1.3979923e-01   2.2961205e-01   7.4285419e-01  -1.4402830e-01   3.2408853e-02  -7.4312272e-02  -5.3568205e-02  -2.4458281e-01   1.3272245e-01  -7.3944272e-02   3.4697042e-02  -8.2744128e-02  -1.2080678e-01  -1.9687638e-01   1.5940221e-01   3.6077804e-01  -1.3665064e-01  -4.2526323e-02   3.8065154e-01  -2.6127085e-01  -1.7630818e-01   3.9800637e-01  -1.5918668e-01   2.2823606e-01   4.2626402e-01   1.3188052e-01  -1.8313028e-01   9.8582949e-02  -3.0344981e-02  -3.4758204e-02  -1.5147797e-01  -1.2249069e-01   3.5785549e-01  -3.8318731e-02  -9.9788665e-02  -3.4598026e-01   8.5519472e-02   1.2380782e-01  -2.5515578e-01   1.6558711e-01  -9.6877915e-02   3.0611231e-02   6.6508052e-02   1.8258498e-01   1.0329672e-01   2.1740934e-01  -8.0224979e-02   2.5950331e-01  -1.1641814e-02  -2.3761358e-02  -3.6479819e-01  -2.4687870e-01  -6.5414390e-02  -7.6661579e-02   9.8003874e-02   2.6728395e-01  -3.8120216e-03  -2.4927844e-01  -1.7722489e-01  -3.4566635e-02  -1.0880979e-01   5.9645825e-01  -5.9335454e-02  -1.0779463e-01   2.9374229e-01   9.9647087e-02  -1.1296244e-01  -1.4362935e-01  -1.0513934e-01  -2.3838154e-02  -6.9294942e-02   2.2638513e-01  -7.7931072e-03   5.4803516e-01   1.9004984e-01   3.8073830e-02   9.7769723e-02  -3.8400515e-02   2.6491669e-01  -1.6545432e-02   1.9442483e-01   3.6882957e-02  -8.1023891e-02  -2.2987473e-01  -1.5611303e-01  -1.1977770e-01   2.6402461e-02   1.5505717e-01   1.0184295e-01   1.7238012e-01  -6.3190347e-02  -1.2746791e-01  -7.7214749e-02  -1.1553863e-01  -2.3270957e-01  -1.3724861e-01  -7.8962360e-02  -3.0160572e-01   3.5403899e-01  -3.5594080e-02   3.5356962e-01  -6.1849041e-02   1.3060591e-01  -2.0001477e-02   5.6312897e-01   5.2151080e-02  -6.5159575e-03  -1.1476889e-01   2.0049986e-01   2.0471666e-01  -1.2613052e-01   2.2409737e-02  -7.8620925e-02   2.6484425e-01   1.1921533e-01   1.8170950e-01  -3.3416720e-01  -2.5757432e-01  -3.2783864e-01  -2.1651090e-01  -1.3163867e-01  -2.0706113e-01  -4.4611595e-02   1.2892771e-01   1.9710492e-01  -3.4250816e-02   1.0627915e-01   1.4017327e-01   1.6073966e-01  -3.4419890e-01   2.3839015e-01   1.1447153e-01   4.6949853e-03  -9.4787848e-02  -1.7259043e-01   1.3489860e-01   3.0450623e-01   7.9586531e-02  -1.9224093e-01   3.6050412e-02   3.5706657e-02   4.3751313e-01  -2.6097021e-01   2.8070688e-03   9.4277243e-03  -1.9055543e-02   6.0141842e-02   1.4052726e-01   4.4089280e-01   2.7987294e-01  -6.5453235e-02  -2.3494873e-03   1.2987225e-02   3.4307788e-01  -1.3546263e-01   1.1834628e-02   5.7130616e-02  -2.2124778e-02  -1.7011306e-01   7.4239862e-02
   2.0190285e-01  -2.4839949e-01   2.8609633e-01  -2.6049052e-02  -7.0166796e-02   0.0000000e+00  -4.7770101e-01   5.9981369e-01  -3.4895875e-02  -1.9445230e-01  -2.2456779e-01  -4.5658224e-01  -3.7411016e-01  -2.4563480e-01  -4.8465930e-01  -4.1710887e-01   3.0120674e-01  -1.1963593e-01   6.1668171e-01  -1.3894971e-01  -1.8992806e-01   3.8193878e-01  -3.1700716e-01   2.1459103e-01  -5.1289029e-02   7.2574068e-01   6.4065775e-01   2.6732996e-01   8.6130493e-02   2.2067503e-01  -2.4112068e-01   2.0198558e-01  -2.0649841e-01  -4.7577061e-01  -1.5986712e-01  -3.6113343e-01  -2.8672765e-01  -7.6075679e-02  -4.5568904e-01  -1.9606330e-02  -3.8859279e-01  -4.3099397e-02  -4.2825311e-02   1.0867949e-02  -2.5430262e-01   5.6561195e-01  -3.2779426e-01  -2.0506260e-01  -1.1491995e-01   4.4528896e-02  -1.2653252e-01   6.7689066e-01  -3.0778875e-01  -5.5552885e-02  -3.4070454e-01  -2.0286049e-01   8.4704013e-01   4.2093321e-01  -1.9575330e-01  -1.4300400e-01   4.1738821e-01  -4.6491623e-01  -2.1876138e-01  -1.1167507e-01  -2.3549258e-01  -2.9049815e-01   8.8827542e-01   1.4503333e-01   2.8156818e-01   5.2547091e-01  -4.2229860e-01  -9.5369725e-02  -3.7434677e-01  -1.9554332e-01  -1.9110861e-02   5.1236674e-01   4.8953653e-01   4.5977791e-01  -2.8747904e-01  -2.2452213e-01   6.8876404e-01  -3.8269362e-01  -7.0047065e-02   7.8396308e-01  -1.1368771e-01  -1.3640430e-03  -2.6952144e-01  -1.7540250e-01  -7.5784404e-02   1.8057119e-01   3.5037725e-02   5.3614740e-01  -2.3302942e-01  -2.0617871e-02   4.1133307e-01  -1.5505961e-01  -1.5711521e-01   5.5002769e-01  -1.4662571e-01  -4.6123466e-01   2.4794743e-02  -4.3420881e-01   6.6749129e-01  -3.2088940e-01   1.1857555e-01   2.2243398e-01  -1.5688713e-01   7.8806719e-01  -4.8629215e-01  -3.8358473e-01  -3.9831839e-01   2.8704366e-01  -1.4961527e-01   2.1465191e-01  -1.1696472e-01   3.2501411e-02   7.6610909e-02  -3.7587940e-01   2.1882695e-01  -3.8172845e-02   3.6994738e-01  -1.8141801e-02  -1.1759425e-01  -2.6570266e-01   4.4023114e-01  -1.9052346e-01  -2.8469203e-01  -2.3274821e-01   3.3241678e-01   2.8927005e-01   9.2079122e-03  -1.6890561e-01  -3.7646838e-01  -2.4952190e-01   1.5437699e-01   3.5919512e-01  -3.2780960e-02   2.7862215e-01   3.8013418e-01   1.5965578e-01  -4.7574268e-02  -6.7101299e-02  -1.5796178e-01   1.9084082e-01  -3.1668247e-01  -1.6722302e-02  -4.8338081e-01  -2.5650859e-01  -3.0006593e-01  -4.2325333e-01   3.5559617e-01   6.0246003e-01   3.2148679e-01   1.4484380e-01  -1.5439352e-02   2.3866200e-02   2.5230919e-01  -3.1576790e-01   3.8419954e-01   6.0713365e-01  -2.5663127e-02  -9.8745184e-02  -2.5025362e-01   3.6599838e-02   3.2850539e-01   5.1075103e-02  -3.6696630e-02   6.4955648e-01   2.5276313e-01  -8.2073741e-02  -1.8890572e-01   2.1783782e-01  -2.3276360e-01   5.7798946e-01   8.3861804e-02   7.2094664e-02   2.8421626e-01
  -4.7408197e-01  -2.2847539e-01  -1.2059931e-01   1.3003401e-01  -3.1685991e-01  -4.7770101e-01   0.0000000e+00  -2.1976720e-01   1.9178897e-01   4.2498293e-01   6.6447883e-01   5.1021047e-01   2.2352578e-01   2.9009304e-01   8.0007173e-01   1.4322692e-01  -3.0839618e-01   5.0315709e-01  -2.8787178e-01  -8.8868518e-02   4.4794465e-01   3.1525775e-02   6.6368183e-01  -3.9418688e-01   1.3708090e-01  -4.6747471e-01  -1.5123657e-01  -5.5188394e-01  -1.2594759e-01   1.5333038e-01   2.3653544e-01   2.6166290e-02  -2.0435038e-02   8.0066851e-01   5.1416031e-01   4.9495622e-01   4.1633814e-01  -1.0019267e-02   1.7110383e-01   7.9364788e-02   1.7400837e-01  -2.8654714e-01  -1.3094502e-02  -4.6655113e-03   2.4581406e-01  -6.1656310e-01   6.6041456e-01   5.0645079e-01   1.9059911e-01  -2.0116532e-01   5.6166351e-01  -3.2105060e-01   5.8541789e-01  -3.8646184e-01   2.4664196e-01   5.1640358e-01  -4.0448715e-01   1.9801294e-02   3.2216056e-01   5.6270812e-01  -2.2808785e-01   5.6771910e-01  -1.8418327e-01  -1.2676598e-01  -8.2952661e-02   2.8725496e-01  -3.9425535e-01  -9.6276765e-02   3.1519902e-01  -4.1796341e-01   3.5763384e-01   2.1085783e-01   4.2122840e-02   3.1205636e-01  -2.0194396e-01  -2.4418938e-01  -3.4601436e-01  -4.1976954e-01  -9.5434054e-02   6.1748344e-02  -3.6449223e-01   2.9054633e-03  -2.9267622e-02  -4.7281291e-01  -1.5407287e-01   4.5126741e-01   1.3425206e-01   2.7038352e-02  -3.2208438e-01  -4.6497905e-01  -3.6158120e-01  -3.8764474e-01   5.0882085e-01   4.1233885e-01  -4.9935864e-01   8.9681606e-03   2.7795528e-01  -2.3937014e-01   2.2164666e-01   7.0556690e-01  -6.3036343e-02   7.0617800e-01  -4.4291935e-01   4.1863770e-01   3.3798001e-01   5.5112491e-02  -1.5185129e-01  -2.8771865e-01   5.7881270e-01   4.6957634e-01   7.0456542e-01   1.5314788e-01   1.1018034e-01  -4.5223989e-01   1.2647735e-01  -2.7507938e-02   2.1020445e-01   6.4070049e-02  -4.6405113e-01   1.5797682e-01  -6.4800763e-01  -3.0871736e-01  -1.8719790e-01   3.9317486e-01  -5.7838298e-01   1.3875332e-01   5.4223068e-01  -8.7506201e-02   1.2845504e-01  -2.8448666e-01  -6.3715310e-02   3.6139516e-01  -1.0022948e-01   3.9902658e-01   2.1811118e-01  -4.7929581e-02  -1.6470565e-01  -2.3978636e-01  -3.3578198e-02  -3.9539147e-01  -2.6286570e-01  -9.6749256e-02   5.8508140e-01  -4.1586406e-01   5.1557927e-01  -9.9634647e-02   7.7749428e-01   2.5759026e-01   4.9408417e-01   4.5306828e-01  -3.8840392e-01  -4.4538000e-01  -6.1820194e-01  -5.9905119e-02  -1.5936755e-01  -1.0763808e-01  -4.1074499e-01   4.1522305e-01  -3.9642023e-01  -2.7617292e-01  -7.3081179e-02   3.8302891e-01   2.4354792e-01   3.4796660e-01  -2.5131345e-02  -2.0787535e-01   2.4235532e-01  -5.5071685e-01  -4.9214958e-01   1.6596406e-01   2.3112546e-01  -3.2436529e-01   4.6630122e-01  -3.0274480e-01  -1.4442157e-01  -2.2687268e-01   8.9769636e-02
   1.8449689e-01  -3.7318559e-01   3.7026555e-01  -2.4497823e-02  -1.5754440e-01   5.9981369e-01  -2.1976720e-01   0.0000000e+00  -7.0520532e-03   1.4955035e-01  -1.8828950e-01  -2.4576237e-01  -2.5718575e-01  -2.7027851e-02  -1.4661692e-01  -1.7657116e-01   3.1236371e-01  -5.8860091e-02   5.4004007e-01  -1.4738574e-01  -1.7414572e-01   4.0575415e-01  -1.2285197e-01   8.5103819e-02  -2.9807417e-02   4.6394291e-01   3.6738872e-01  -5.6394559e-03   8.4352783e-02   2.6644682e-01  -2.7427250e-01   8.6992010e-02  -2.0204378e-01  -2.4742228e-01   1.6262357e-01  -1.8299709e-01  -3.1837902e-01  -9.1564684e-02  -2.5831764e-01  -1.2791596e-02  -2.9928816e-01  -4.5356335e-02   1.3600684e-02  -3.1445297e-02  -2.2163299e-01   4.3769280e-01  -1.9220046e-01  -1.1060930e-01  -2.5904262e-01  -4.5868305e-03   2.5418871e-02   4.1857949e-01  -1.9389430e-01  -1.8701034e-01  -2.4187303e-01  -6.6662677e-02   6.2163408e-01   2.4760884e-01  -2.5626035e-01   2.2821663e-01   4.0610931e-01  -3.4946645e-01  -2.1804498e-01  -2.3447690e-01  -4.8683614e-01   5.8401213e-02   5.7304662e-01  -1.2324015e-01   1.5633729e-01   4.4688612e-01  -4.1756775e-01  -6.5402441e-02  -1.8133575e-01   4.9142657e-02  -9.2256088e-02   1.6386010e-01   4.9784368e-01   3.4323473e-01  -2.7901159e-01  -3.7377810e-01   4.4700442e-01  -8.5524258e-02  -2.5171294e-01   7.1660385e-01  -2.1013780e-01   1.0748484e-01  -3.1194182e-01   5.6713902e-02  -2.3309408e-01   7.1506241e-02  -1.4530741e-01   3.9044957e-01  -3.8639363e-02   2.0478611e-01   4.6055647e-01  -1.4709223e-01  -4.9883917e-02   5.1821189e-01  -2.7894256e-01  -1.8424595e-01  -7.3526679e-02  -2.2340824e-01   4.3990472e-01  -6.1865506e-02   1.6638697e-01   7.2057684e-02  -2.4866068e-01   4.3556054e-01  -1.5151586e-01  -2.6974450e-01  -2.9921523e-01   2.7944694e-01  -2.3908914e-01   2.3290940e-01  -1.1658127e-01  -2.3227625e-01   3.4594024e-01  -1.8467706e-01   1.4441662e-01  -7.3737445e-02   3.2048474e-01  -1.5379459e-01  -2.3021924e-01  -1.4551927e-01   3.3948417e-01   1.2434834e-01  -1.3317628e-01  -1.6132021e-01   1.6006680e-01   3.6792391e-01   7.9860837e-02  -2.3053659e-01  -4.7112361e-01  -1.7831023e-01   1.4212737e-01   3.8268070e-01  -1.3118322e-01   1.5261910e-01   9.9012967e-02   1.6090580e-01   1.4625279e-02  -7.9626617e-02   8.9890815e-03   2.3299764e-01  -2.0582972e-01  -2.7559964e-01  -2.1004751e-01  -7.5733022e-02   3.7553529e-02  -2.1881266e-01   1.7538180e-01   4.7317623e-01   9.7886172e-02  -1.4065676e-01  -1.3926738e-01   5.2175852e-02   3.9881727e-01  -3.2782624e-01   2.3673060e-01   3.9535703e-01  -4.4991545e-02  -3.2162705e-01  -8.1236051e-02   3.3280874e-02   1.3456314e-01  -2.1351417e-01  -2.2125085e-01   4.5917478e-01   5.0125568e-02  -1.1690710e-01  -1.2393933e-01   3.7149900e-01  -3.6442840e-01   5.5203826e-01   1.5002246e-01  -1.4902677e-01   2.0259323e-01
  -2.0534384e-01  -3.0027102e-01   2.7111105e-01   2.3821312e-01   1.6234466e-01  -3.4895875e-02   1.9178897e-01  -7.0520532e-03   0.0000000e+00   2.7044390e-01   4.0200253e-02   2.7524776e-02   3.2302432e-01   3.0309189e-01   1.8559546e-01  -1.4658105e-01   2.4115591e-01   4.5397393e-01   2.6309428e-01   2.6744838e-01   2.9120044e-01   2.5859065e-01   1.8491359e-01  -5.7344582e-02  -3.8133616e-01   1.1812733e-01  -1.2980861e-01   1.5832432e-03   1.1225723e-02   2.5191607e-01   1.1852461e-01   1.2184261e-01  -1.8577271e-01   2.5583369e-01   5.8183048e-01   3.1589899e-01  -3.7277274e-03   3.5876568e-01  -1.0359773e-01  -1.0560984e-01   2.9458021e-01   7.0093224e-02   1.4674409e-01  -2.0587545e-01  -2.6239059e-02  -1.4110827e-02   2.8742248e-01   4.1811531e-01  -2.1363750e-02  -9.1361763e-02   2.7928538e-01   1.3500028e-01   2.6681438e-01  -3.3910288e-01   1.9001755e-01   1.1251941e-02   1.3052962e-03   6.2343979e-02   5.8826885e-02   3.2432499e-01   3.3092032e-01   2.1244673e-01   1.9172327e-02  -2.8218367e-01  -1.8770414e-01   3.9892170e-02   1.3963673e-02  -2.1617759e-01   1.6584022e-01   1.0374595e-01   1.1038300e-01   2.5730714e-01   1.6560183e-02   1.3009219e-01  -4.7415371e-01  -2.0645169e-02   2.3676447e-01  -1.5137193e-01  -1.5012366e-01  -2.9043471e-01   1.3183215e-01  -8.5505532e-02  -3.6166377e-01  -1.0367854e-01   5.1317710e-03   1.7713891e-01   4.9005640e-01   1.7077682e-01  -2.0236402e-01   3.8314134e-02  -3.5910598e-01   1.0370242e-01   3.0707283e-01   5.5921317e-01   1.7260947e-01   2.9807531e-01  -1.2794837e-01   1.7129329e-01  -4.5923662e-02   4.5459380e-02   3.0120711e-01   4.9992952e-02  -8.0688779e-02   5.2462145e-01   3.8898448e-01   1.2786249e-01  -1.5256274e-01  -4.8195232e-02   1.3153963e-01  -3.1644486e-03   3.7647017e-03  -6.4203434e-02   1.7265927e-01   1.2194109e-01   2.0595291e-01   2.4832281e-02  -6.4112211e-02   1.0847040e-01  -1.4049815e-01   9.5135916e-02  -1.9958066e-01  -1.6393753e-01  -1.1103740e-01   2.7124410e-01  -8.5013065e-02   2.8943639e-01   3.4429475e-01  -1.8554574e-01   2.7955258e-01   1.0890773e-01   1.0064917e-01  -7.5542728e-04  -3.0553528e-01   2.6071225e-01   9.8188395e-02  -7.8109553e-03  -4.1431892e-01   1.9169120e-01  -1.0651970e-01   2.4936768e-02   1.0073543e-01   4.5740315e-01   2.9843544e-01  -1.6747640e-02   3.3093609e-01  -2.6085386e-02   1.1343114e-01   1.3074859e-02   1.3351954e-01   9.6566340e-02   9.5462533e-02  -2.3988939e-02  -3.4133877e-01  -2.3186278e-02  -1.7596969e-01   2.1638021e-01   1.8822798e-01   6.3453082e-02   1.6232493e-01   6.6143897e-02   4.8343002e-03   1.5923495e-01  -4.9195195e-02   3.7623221e-01   3.3726721e-02  -2.4914515e-02   3.9758831e-03  -6.8094257e-02  -1.9401028e-01  -2.3900617e-01   4.9005907e-03   1.4352181e-01   2.9370004e-01   6.9663134e-02  -2.7632531e-01  -2.9169253e-01   1.3919693e-01
   2.3253569e-02  -4.9441218e-01   4.6052543e-01   5.2405102e-01  -9.8069260e-02  -1.9445230e-01   4.2498293e-01   1.4955035e-01   2.7044390e-01   0.0000000e+00   4.4219842e-02   3.1073584e-01  -8.0604560e-02   5.2146227e-01   4.7493553e-01   4.3287248e-01   3.0569272e-01   5.0000108e-01  -1.3561604e-01   1.9340672e-01   4.9149510e-01   5.6799355e-01   5.9656587e-01  -2.3096435e-01   1.8651841e-01  -3.7158880e-02   9.7706784e-02  -3.8821779e-01  -6.6923189e-02   4.8125560e-01   1.5918906e-01   4.7068162e-01   3.6090483e-01   7.0193044e-01   5.0360409e-01   5.3581796e-01  -1.4341471e-01   2.3635886e-01   4.2792100e-01   4.9029799e-01  -6.8124797e-03  -3.2671003e-02   7.8942041e-02  -4.9319994e-01  -4.0296387e-01  -2.8503942e-01   5.2591614e-01   2.6772731e-01  -3.3900287e-01   2.6295317e-01   5.7174193e-01  -4.1765711e-02   3.8677785e-01  -3.4616638e-01   2.1448579e-01   1.2405696e-01  -1.4838094e-01   4.0098348e-01   4.5774105e-01   6.4035897e-01   3.3908592e-01   1.0047958e-01  -7.0721430e-02  -5.6937444e-01  -5.6857925e-01   6.5326236e-01  -8.9931635e-02  -5.2240687e-01   2.7616957e-01   2.2394153e-03  -1.1666130e-01   2.4467616e-01   1.2760345e-01   5.1201244e-01  -3.7147891e-01   1.3264596e-01   2.0635781e-01  -5.1154261e-01  -7.8970958e-02  -1.3404798e-01  -2.9473932e-01   3.3521515e-01  -5.0042154e-01  -1.4558876e-01  -6.4450615e-02   4.4633590e-01   2.5472336e-01  -9.5171955e-02  -3.1395284e-02  -2.7954609e-01  -1.3360761e-01   2.7339237e-01   7.1583482e-01   5.5611668e-01   2.6975946e-02   2.5094560e-02   2.0121778e-01  -1.0854048e-01  -3.7957677e-01   5.9999509e-01  -4.5223673e-02   2.8430067e-01  -1.4574424e-01   5.9612192e-01   3.7961726e-01   5.2947921e-01  -4.6235271e-02  -1.5635526e-01   2.0464832e-01   2.5767718e-01   3.6731052e-01   4.1440594e-01   1.9788149e-02  -1.0074399e-01  -8.6758589e-03  -5.0322398e-02   4.6389907e-02  -6.2338750e-02  -4.0215253e-01   4.6690817e-01  -2.4772119e-01  -3.0722086e-01  -1.5231699e-01   3.1377914e-01  -2.5711134e-01   4.7816977e-01   2.6869158e-01  -2.6418505e-01   3.9467275e-01  -9.7359791e-02  -5.2543041e-02   1.1223530e-01  -1.3766869e-01   4.6094915e-01   4.2004862e-01   3.0265371e-01  -4.6264773e-01  -3.1723820e-01   1.9655558e-01  -1.5962387e-01   1.3060642e-01  -2.5540345e-01   2.7085181e-02  -1.4718853e-01   3.8613521e-01  -4.7477796e-02   5.3566798e-01   5.8400070e-01   7.1832386e-01   2.6656859e-01  -1.7544288e-01  -2.8793545e-01  -2.7520210e-01  -4.1964449e-01  -5.0333539e-02   1.1080732e-01  -6.7259895e-02   1.4654618e-01   1.5474031e-01   1.7094959e-01  -4.3760744e-01  -3.1584401e-01   5.4486518e-01   4.9924052e-01   3.6264339e-01  -2.2107064e-01  -4.7224114e-02  -1.4912233e-01  -3.8926021e-01  -1.0255383e-01   3.6470907e-01   1.5894120e-01   8.4400357e-02   4.5643163e-02  -1.3494066e-01  -5.7674605e-01   5.5036277e-01
  -5.2065742e-01   1.4613004e-01  -3.3382080e-01  -1.4087504e-01  -1.6887897e-01  -2.2456779e-01   6.6447883e-01  -1.8828950e-01   4.0200253e-02   4.4219842e-02   0.0000000e+00   2.8416350e-01   2.5847798e-01  -4.3533666e-02   5.0791324e-01  -5.7929869e-02  -4.5042846e-01   1.6541156e-01  -4.3550730e-03  -1.6113642e-01   3.1354621e-01  -2.4327505e-01   2.7188795e-01  -2.9484415e-01  -1.1602578e-01  -3.1528538e-01  -1.7936132e-01  -3.5429810e-01  -6.8353167e-02  -2.2043059e-01   3.8559554e-01  -2.0180492e-01  -2.6097001e-01   5.1586234e-01   2.3000459e-01   2.5736274e-01   5.5011564e-01  -1.7759142e-01   7.9669137e-03  -1.7688112e-01   1.2691101e-01  -2.9129229e-01  -2.9178503e-01   3.8235519e-01   3.3726853e-01  -4.6550189e-01   3.5576331e-01   5.3783738e-01   2.5822441e-01  -3.6552469e-01   2.0577543e-01  -2.1190147e-01   5.6415686e-01  -3.5758424e-01   4.3134631e-02   5.4260716e-01  -1.1031246e-01  -2.0545543e-01   3.0170756e-02   2.2054224e-01  -4.2176677e-01   3.6865987e-01  -3.5110581e-01   3.5230111e-01   2.5618349e-01   1.1341533e-03  -1.5525471e-01  -7.1035713e-03   1.9506692e-01  -3.1960696e-01   5.3224735e-01  -9.5300472e-02   9.5978810e-02  -2.5190266e-03  -2.0948554e-01  -2.5675985e-01  -4.0593868e-01  -1.5660502e-02  -6.2974415e-02  -3.7485591e-02  -4.8159904e-02  -6.8932811e-02   4.5707060e-01  -2.3463328e-01  -1.3727704e-01   5.9439680e-02   1.2887922e-01   2.6879977e-02  -3.8606981e-01  -3.2973446e-01  -2.5868522e-01  -4.6829536e-01   2.7157226e-01   3.9068747e-02  -4.8985093e-01   3.5313969e-02   4.8698493e-02   2.2430555e-02   3.2481784e-01   4.8564366e-01  -5.0194319e-02   5.7331083e-01  -2.3281331e-01  -4.3221043e-03   9.7555539e-02  -1.2886970e-01  -3.4940363e-01  -1.3253356e-01   4.4631315e-01   5.7670261e-01   6.2004222e-01  -1.6042101e-01  -1.8368786e-01  -4.6461202e-01   1.5525381e-01   7.8671317e-02   3.2116134e-01   1.5386281e-01  -1.5074840e-01  -1.8808269e-01  -5.7309527e-01  -1.6334574e-01  -2.4217205e-01   3.9449432e-01  -4.4478549e-01  -1.0385037e-01   4.1399195e-01  -2.8181459e-01  -1.3626304e-01  -2.2332627e-01   3.1546924e-02   6.1221364e-01  -1.2502491e-01   1.9439380e-01  -1.7847090e-01  -1.9577184e-01  -1.4331680e-01   6.2392708e-02  -1.8011128e-01  -3.7227461e-01  -5.0414362e-01  -3.3536653e-03   6.6512342e-01  -8.3487140e-02   3.2821905e-01   1.1263823e-01   4.8985725e-01   1.3973379e-01   1.0750567e-01   4.2521126e-01  -2.1328847e-01  -9.7880007e-02  -5.7202754e-01   5.2298367e-01  -5.3221442e-02  -1.7031486e-01  -5.1334264e-01   2.6205086e-01  -5.1931393e-01  -2.2636317e-01   8.8956777e-02   7.4764754e-01   1.6701309e-01  -8.5019736e-03  -1.9981535e-01  -4.9492661e-02   5.7323620e-01  -3.7266411e-01  -4.2193014e-01   4.6227922e-01  -4.1972713e-02  -4.4880402e-01   2.5331517e-01  -1.1719287e-01  -1.1373519e-01  -9.4240871e-02  -2.1533842e-01
  -3.2836533e-01   1.3343032e-01   3.8642137e-02   3.9793397e-01   1.1536746e-01  -4.5658224e-01   5.1021047e-01  -2.4576237e-01   2.7524776e-02   3.1073584e-01   2.8416350e-01   0.0000000e+00  -6.1252734e-02   1.1512188e-01   5.6927514e-01   5.0231541e-01   3.9555603e-02   3.2113553e-01  -2.9829323e-01   3.4899661e-01   2.1826455e-01   2.2406806e-02   4.7860633e-01  -4.4423678e-01   1.1523837e-02  -4.2682965e-01  -3.3586552e-01  -5.8577980e-01  -2.2641285e-01  -1.1963157e-01   1.0138851e-01   2.2216254e-01   3.1246955e-01   5.7634130e-01   1.9744048e-01   5.5659880e-01  -1.2576263e-02  -1.2983399e-01   4.1168288e-01   2.4973302e-01   3.0683392e-02   1.3900180e-01   4.2158748e-01  -9.3382941e-03   4.7969840e-01  -6.4127346e-01   3.7014586e-01   2.3153032e-02  -1.3209700e-01   4.8793850e-03   3.6868826e-01  -3.6242425e-01   8.7614978e-02  -7.1025488e-02   1.2707010e-02   5.2770875e-01  -2.8210850e-01  -1.0803026e-02   2.4661465e-01   5.1950348e-01   1.4498129e-02   3.1269318e-01   7.9044731e-02  -2.0490689e-02  -7.3394417e-02   5.6633047e-01  -2.6976436e-01  -3.3670575e-01   4.8948437e-03  -3.4051675e-01   2.8129804e-01   3.3933821e-01   1.8510486e-01   4.3103960e-01  -9.0751885e-02  -2.8790006e-01  -2.4721746e-01  -4.5330189e-01   2.7657731e-01  -6.3856018e-02  -5.6333245e-01   2.7717594e-01   8.6115062e-03  -4.2100950e-01  -1.9242649e-01   2.2326384e-01  -5.4649466e-02  -1.4437383e-01   1.3823157e-01  -6.0077809e-01   5.8730082e-02  -1.2048355e-01   5.5620307e-01   3.9353178e-01  -4.7288550e-01  -2.4119770e-01   9.1268765e-02  -2.7355788e-01   7.9524229e-02   5.5647222e-01  -3.9653872e-01   8.0438965e-01  -5.0682274e-01   2.5188800e-01   2.9961416e-01   1.0793735e-01   8.4225111e-02  -2.9597555e-01   4.0041306e-01   2.6630449e-01   7.1333447e-01  -1.2116427e-01   7.8385355e-02  -6.1888800e-01  -2.9497748e-01  -9.8754831e-02   1.7181128e-01   2.6442123e-02  -6.4943369e-01   3.8833881e-01  -4.7025381e-01   2.5171495e-01   1.1209370e-01   1.2302149e-01  -6.8607208e-01   3.3464515e-01   5.6044682e-01   1.0265884e-01   6.6438282e-02  -2.2883617e-01   8.9514352e-02   3.6194483e-01   1.9569715e-01   6.0469967e-02   5.0550261e-02  -1.3778740e-01  -2.0484487e-01  -5.7006122e-01  -1.6139142e-01  -4.7296204e-01  -2.4942420e-01  -2.9322417e-01   2.8504258e-01  -2.1746055e-01   6.4169644e-01  -6.5891774e-02   6.4743021e-01   2.3313724e-01   6.1141590e-01   2.6230148e-01  -5.8677669e-01  -5.3881277e-01  -3.6908290e-01  -1.1418362e-01   3.3128309e-01  -2.5982510e-01  -4.1762240e-01   3.3820698e-01  -5.1870271e-02  -4.5158961e-01  -9.3336845e-02   6.7631189e-02   3.6114935e-01   2.4859948e-01   1.3267406e-01   2.4182339e-01   4.0122673e-01  -5.2239839e-01  -4.3216216e-01   1.2642830e-01   5.0166724e-01  -3.1989808e-01   2.4095701e-01  -1.1730028e-01  -2.3476900e-02  -2.0296611e-01   1.0737374e-01
  -2.4392508e-01  -2.8259834e-03  -2.6576463e-01  -1.6515337e-02   1.1324320e-01  -3.7411016e-01   2.2352578e-01  -2.5718575e-01   3.2302432e-01  -8.0604560e-02   2.5847798e-01  -6.1252734e-02   0.0000000e+00   1.0945180e-01   1.1776160e-01  -4.4791605e-02  -2.6889504e-01   1.7248675e-01  -1.2500375e-01   7.2412087e-02   1.0998080e-01  -2.4198322e-01   1.1976862e-01   1.8474097e-01  -3.6812564e-01  -9.3846934e-02  -3.5280297e-01  -2.5735236e-02  -2.1455792e-01   5.9548330e-02   9.5803595e-02  -1.6255055e-01  -3.5730328e-01   8.0061353e-02   4.2622504e-02   1.8219008e-01   4.0059500e-01   2.4177571e-02   9.4116779e-02  -2.8499595e-01   7.9230672e-01  -9.6035635e-02  -2.4108151e-01   2.6746288e-01   9.2997406e-02  -2.3085972e-01   2.0751177e-01   2.3215016e-01   3.7433697e-01  -3.3961829e-01   1.7674823e-01  -1.4927163e-01   3.1596418e-01  -1.1854824e-01   1.9887367e-01   6.4962279e-02  -3.1608046e-01  -2.2790441e-01   8.2186942e-02   3.1408070e-02  -2.9787106e-01   5.3089298e-01  -3.4441378e-01   1.5172659e-01   1.8638608e-01  -2.9013817e-01  -3.0385868e-01  -1.0855448e-01   1.0277239e-01  -2.7254520e-01   5.0415860e-01   2.1392118e-01   4.0569295e-01  -1.4938011e-01  -3.2095645e-01  -2.2461690e-01  -3.1859996e-01   1.2946658e-01  -1.3637398e-01   1.5744202e-01  -1.5667576e-01   1.1835990e-01   1.2964104e-01  -2.6375918e-01   3.0031695e-02  -4.3156262e-02   1.0054945e-01   1.4526862e-01  -3.5500310e-01   1.2477365e-01  -3.6604248e-01  -4.2204373e-01  -9.1902433e-02  -1.2562522e-01  -1.0588441e-01   5.6347030e-01   1.7985313e-03   3.1526420e-02   6.2764351e-02   1.2684507e-01   1.7491017e-01  -8.8597099e-04  -1.6795365e-01   5.2176613e-02   1.4796350e-01  -2.3849310e-01  -8.2026396e-02  -1.1175941e-01   2.8898140e-01   2.8418591e-01   4.4797923e-02  -2.0101463e-01   6.9171365e-02   7.5246036e-02   3.5509408e-02  -1.4647206e-01   9.7077818e-02   6.9642203e-01  -7.1098411e-02  -2.6111133e-01  -2.0393542e-01  -2.6852868e-01  -3.0470705e-01   1.3436258e-01  -1.2393223e-01  -5.8441637e-02   1.1293683e-01  -3.7946281e-02  -1.0300862e-01  -8.7556413e-02   4.0386453e-01   1.3574034e-01  -1.8288082e-01   1.5264150e-01  -3.3630727e-01  -3.2934488e-01   3.3452182e-02   1.6088993e-01  -2.0626245e-01   2.4437053e-01   1.2619892e-01   7.9053871e-01   3.8230689e-01  -1.9779412e-01   2.0013712e-02  -1.1107255e-01   2.9745486e-02  -1.4015759e-01  -4.6368238e-02   2.1131705e-01  -1.3804254e-02  -1.8192834e-02  -3.3163060e-01   5.8796019e-02  -3.0716219e-01   2.3752273e-01  -9.6355412e-02   3.3516306e-01  -2.9688709e-01  -2.3045094e-01   2.2573050e-03   3.1490474e-01  -1.3051977e-01  -2.0699411e-02  -1.7261664e-01  -2.9870915e-01  -3.3276665e-02  -2.8530582e-01  -1.7897129e-01   5.2261578e-02  -3.1063969e-01  -6.3358696e-02   2.9414862e-01  -2.9359022e-01  -3.9735795e-01   7.5584858e-02  -2.4693613e-01
   2.3669049e-01  -2.6863232e-01   1.8706263e-01   3.7925580e-01  -1.2254221e-02  -2.4563480e-01   2.9009304e-01  -2.7027851e-02   3.0309189e-01   5.2146227e-01  -4.3533666e-02   1.1512188e-01   1.0945180e-01   0.0000000e+00   3.7041537e-01   2.2497007e-01   1.3369760e-01   4.5086349e-01  -1.1796560e-01   1.4970982e-01   4.2422539e-01   3.5510083e-01   5.5623195e-01   1.3768173e-02  -3.0857032e-02  -1.1616823e-01  -1.4449186e-01  -2.1090896e-02  -2.1563375e-01   4.7417597e-01   2.4125298e-01   2.5351576e-01   3.5821894e-01   4.1175122e-01   3.6614456e-01   3.0354840e-01   1.6644196e-03   2.5752345e-01   2.5350313e-01   5.9982701e-02   2.0947309e-01   1.7836221e-01  -2.1775330e-01  -1.8353121e-01  -2.1102431e-01  -1.9819555e-01   4.0410734e-01   4.1834724e-01  -2.4901577e-02   1.5331033e-01   4.5124153e-01  -8.8157698e-02   3.5994157e-01  -1.9810368e-01   5.9223188e-01   8.0202740e-02  -2.4451868e-01   1.9273637e-01   2.9868082e-01   4.6985300e-01   1.5215271e-01   2.7313646e-01  -5.7941466e-02  -3.9642855e-01  -2.8925450e-01   3.7113248e-01  -2.3941179e-01  -2.6845017e-01   1.6535493e-01   6.2983634e-03   3.1001597e-02   2.5407815e-01   8.8996385e-02   5.1442444e-01  -4.1281858e-01   2.1449807e-01   5.5616829e-02  -3.1141595e-01  -1.8827351e-01  -9.0412684e-02  -1.7995346e-01   1.2473745e-01  -3.9370148e-01  -3.4520594e-01   2.8306431e-01   4.4431193e-01   4.0320778e-01   2.9735952e-01  -1.6611484e-01  -4.6268715e-02  -9.6262082e-02   5.1066464e-02   3.7387111e-01   3.8954329e-01   6.2084811e-02   1.0911197e-01  -4.4472503e-02  -2.2667177e-01  -2.5376085e-01   2.7936891e-01   1.9954472e-01   5.6149945e-02  -1.4638877e-01   4.9640591e-01   3.2648863e-01   2.8057018e-01   1.7664219e-01  -2.2488419e-01   1.3241906e-01   2.4655010e-01   1.3267629e-01   1.9406174e-01   1.9400056e-01   1.7542271e-01   2.2021174e-01   4.6900409e-03  -5.6315340e-02   1.0095469e-01  -2.3931591e-01   3.4450584e-01  -1.0848517e-01  -2.5587175e-01  -3.2592952e-01   2.4220118e-01  -6.9006749e-02   5.9441072e-01   2.8174422e-01  -2.7185725e-01   2.8432752e-01  -2.4092178e-02   2.6771740e-02  -1.1523249e-01   2.1398810e-01   4.4602333e-01   2.0215902e-01   6.9427666e-02  -3.3353522e-01   5.2725359e-02   1.5184934e-01   9.0816177e-02   4.1835916e-01  -5.4546086e-02   9.9837933e-03  -1.5965832e-01   3.0135249e-01  -2.9328294e-02   2.4923708e-01   3.3301335e-01   3.5704304e-01   3.8621007e-01  -1.4992229e-02  -2.8899359e-01  -1.4481677e-01  -2.0046254e-01  -1.2380593e-01   2.2501881e-01   6.3488128e-02   1.4551436e-01   2.3935444e-02   1.0812256e-02  -5.1928797e-01  -1.5927489e-01   4.1295291e-01   4.8283578e-01   1.0165632e-01  -1.8342575e-01  -1.1763757e-01  -9.4711926e-02  -1.2152762e-01  -1.5070075e-01   3.0792807e-01   1.5392509e-01   3.2057694e-01  -6.1739529e-02  -2.4662686e-01  -3.6937886e-01   3.0062963e-01
