   0.0000000e+00   1.3839820e-02   2.6980510e-01  -5.0341997e-01  -1.8015346e-01  -1.3592251e-01  -7.4353375e-01   5.5215715e-01   5.0348640e-01  -4.2430598e-01  -6.0759161e-01  -3.9173510e-01  -2.5187009e-01   4.1388199e-01  -4.0069938e-01  -5.0659306e-01   2.1197537e-01  -6.8356291e-01   2.9388635e-01  -4.2538650e-01  -5.4550597e-01   7.7811023e-02  -6.1866200e-01   6.1341889e-01   1.2651280e-01   4.7404061e-01  -4.4362475e-01   5.5231226e-01   1.3396736e-01  -5.0950130e-01  -4.3414947e-01  -2.4670450e-02  -2.6121115e-01  -5.7894870e-01  -1.1010747e-01  -5.9222163e-01  -4.4083293e-01   7.8010564e-01  -4.3796628e-01  -2.4575292e-01  -4.9774396e-01  -3.2343857e-01   3.8263517e-01  -6.9701237e-01  -2.2521679e-01   7.5194182e-01  -6.2112744e-01  -6.2920732e-01  -3.7616741e-01  -1.6831569e-01  -5.9512702e-01   5.0941803e-01  -3.5238643e-01  -1.8841737e-01   8.3364500e-02  -4.6109113e-01   4.5778503e-01   4.7493782e-01  -5.5691776e-01   2.4498664e-01   5.5097554e-01  -5.5182596e-01  -2.7271277e-04  -4.4329269e-01  -2.6802613e-01  -3.7166435e-01  -2.1377302e-01   1.8735976e-01  -5.1829809e-01  -2.0240649e-01  -4.8459390e-01  -4.1273574e-01  -4.7243137e-01   3.9448140e-01   3.2757037e-01   6.0119144e-01   5.5143462e-01   6.4844290e-02  -2.0573325e-01  -4.7400068e-01   5.1155533e-01  -3.0996375e-01  -5.2679663e-01   5.1864140e-01   5.5589295e-01   3.5829861e-01  -3.3182692e-01   2.0817746e-01   3.6945903e-01   8.0467305e-01   3.1838814e-02   5.2337256e-01  -4.1688556e-01   3.2439311e-01   6.9934918e-01   4.1688656e-02  -3.3793477e-01   2.2063011e-01  -3.1639425e-01  -2.7461864e-01   9.8057487e-02  -6.1968022e-01  -2.7417470e-02   1.0618753e-01  -4.2367650e-01   1.2200354e-01  -2.7180264e-01   2.0098012e-01  -4.6444756e-01  -4.4815339e-01  -5.1181631e-01   3.0678608e-02  -1.4768820e-01   8.6290719e-01   1.1588094e-01   2.0806912e-01  -3.9395151e-01  -1.4173185e-01  -1.6393442e-01  -5.6209189e-01   5.7839256e-01  -8.9061411e-02  -9.5888929e-02  -3.3180714e-01   6.6087283e-01   4.5129854e-01  -5.9132925e-01  -2.5983137e-01   3.9197316e-01  -1.5202791e-01  -3.7683477e-01  -5.9210177e-01   6.8095838e-01  -4.8429750e-01   3.3230976e-01   6.6558082e-01  -3.6840038e-01   1.4726718e-01   6.0474937e-01   8.0055919e-01   7.9616872e-01  -1.3064524e-01  -2.8220893e-01  -3.1187013e-01  -1.0370001e-01  -1.4204922e-01  -3.5428046e-01  -5.0340619e-01  -4.2240488e-01  -2.5245849e-01   1.6740439e-01   3.2593245e-01   1.8158802e-01  -1.8966169e-01  -7.9587314e-02   7.7211040e-01   6.2090679e-01  -6.9431636e-01   5.3957924e-01   2.7788689e-01   1.8253895e-01  -2.0521625e-01  -4.2748083e-01  -4.2714504e-01   1.6220776e-01   8.5875688e-02  -5.4914097e-01   3.2780242e-01   5.2083214e-01  -3.6277994e-01  -2.1608787e-01   5.6933493e-01  -3.7776223e-01  -3.8867099e-01  -1.4508391e-02  -2.8913592e-01   2.6376270e-01
   1.3839820e-02   0.0000000e+00   1.2758353e-01   7.9786689e-02   1.2961385e-01   4.1763222e-02  -1.0161405e-01  -6.9905234e-02   4.2531706e-03   6.7033730e-02  -9.4104152e-02   5.2198975e-01  -3.6721472e-01   1.7988589e-01   4.9953608e-04  -1.4428934e-01   2.0861871e-01   5.7652093e-02   1.9225122e-02  -8.4583725e-02  -6.2379418e-03   2.2824323e-01  -1.8296192e-01  -1.5161141e-01  -3.3961895e-01  -5.8701863e-02   1.1116465e-01  -8.0003885e-03  -2.2156843e-01   2.6409542e-01   1.9351602e-01   2.1498725e-01  -2.6000939e-01   1.9450314e-01  -2.7159042e-01   9.6342847e-02   1.5513103e-01  -1.4552001e-01  -5.7415009e-03   6.1781936e-02  -2.3935154e-01  -2.3320228e-01   1.8582633e-01  -1.2350892e-02   1.1353212e-01  -3.0471080e-02   4.5659482e-02   3.2627353e-01  -1.3254677e-01  -7.1299090e-02  -1.4175253e-02  -1.0120310e-01   4.2289499e-01  -3.7082823e-01  -2.2852552e-01  -1.7819549e-01   6.3181848e-02   7.0828805e-02   2.1260469e-01   3.0602518e-01  -5.3927393e-03   1.1845951e-01   2.5219364e-02   3.0414449e-02   1.1009408e-01   1.6364986e-01   2.3544192e-01  -1.8382980e-01  -1.8613600e-01  -4.0574868e-02   3.2792198e-01   3.6859921e-02  -1.3913806e-01   3.9723062e-01  -2.3824252e-01   1.5892397e-01  -5.5033206e-02  -1.2005623e-01   2.5313053e-01  -1.6663889e-01   4.1032607e-02  -1.5056797e-01   3.0036567e-01   1.3775174e-01   5.0428019e-02   6.5003118e-02   1.9050076e-01  -3.9129912e-02   1.2643574e-01  -2.2785010e-02   1.9131183e-01  -9.0837192e-03   1.3414043e-01   8.8922278e-03  -8.2118941e-02   5.1369813e-02  -2.2910229e-01  -1.4368299e-01   3.4554767e-02  -2.1739708e-01  -1.6480717e-01   2.2853557e-01   3.5375280e-01   4.8792775e-01   9.9113170e-02   1.7973941e-01  -1.8028805e-01   2.9183915e-02   2.0711154e-01   6.1582766e-02   2.1001064e-01   1.6153236e-01  -1.6061645e-01  -9.3425645e-03  -2.8347691e-01   2.0413997e-01  -2.8617476e-01  -4.0727135e-01  -1.0203837e-01   3.5126789e-02  -5.7072383e-02   1.2311938e-01   8.1555518e-02   2.3201395e-01  -3.3131458e-02   2.6575269e-01   7.4426931e-02  -3.1762577e-01  -5.6590853e-02   1.5578574e-02  -2.3868599e-01   1.5338359e-01   2.8154276e-01  -7.8476652e-02   4.6373325e-02   8.4843434e-02  -2.0520250e-01  -1.5617890e-01  -6.1243114e-02  -1.9244418e-01  -8.2354590e-02  -3.4922761e-01  -4.2065508e-02  -1.4599800e-01  -7.3198139e-02   2.1473749e-01   8.9733115e-02   1.7540188e-01   2.7807460e-01  -8.6481796e-02   8.1947703e-02   2.0826478e-01  -2.4517543e-01   1.3661713e-01   2.8573720e-01  -2.3457772e-01  -1.0528557e-01  -5.4387767e-02   1.5009851e-02   1.8457807e-01  -6.5704896e-02  -4.0927012e-02   9.4304128e-02   5.3689092e-02   1.4450543e-01   3.1727560e-01   4.1861895e-01   5.2613154e-02  -1.8454284e-01   3.2356812e-01   3.6513638e-01  -1.4581118e-01   7.1010763e-03   1.4237589e-01  -1.7107774e-01  -1.6405486e-01   4.5650450e-02
   2.6980510e-01   1.2758353e-01   0.0000000e+00  -4.0255828e-01   1.0614127e-01   2.4841673e-01  -2.9851425e-01   1.3571438e-01   1.5158264e-01   8.0606437e-02  -2.0948485e-01   1.0018904e-01   1.3620552e-02  -1.0054340e-01  -8.1584277e-02  -1.3171210e-01   7.9245079e-01  -4.5025883e-01   2.6968354e-01  -1.5344618e-01  -4.7959952e-01   1.0023096e-01  -1.7009988e-01   7.0646374e-02  -5.4679824e-02   2.3933489e-01   7.6554208e-03  -8.7580623e-02  -4.5180943e-02  -3.7179819e-01  -2.6000670e-01  -1.3811834e-01  -2.9909954e-01  -3.4581472e-02  -4.7151722e-02  -1.3287053e-01  -1.7671378e-01   2.7190182e-01  -2.4032142e-01   3.0798863e-01  -1.9390277e-01  -2.4657050e-01   1.6958442e-02  -4.9484785e-01  -4.4383402e-01   2.9805502e-01  -1.0228153e-01  -2.5336564e-01  -2.9830119e-01   5.6563812e-01  -2.2229167e-01   1.5261603e-01  -1.6679272e-02   8.5659450e-02  -4.0078689e-01   2.6156454e-01   2.1956375e-01   2.1999399e-01  -4.3238243e-01   8.4566263e-03   3.8613309e-01  -1.6248246e-01  -1.7100537e-01  -3.6920481e-01  -5.6394669e-01   1.5610382e-01   2.1254795e-01  -1.9370994e-01  -2.8019495e-01   4.1779814e-01   2.2292059e-02  -4.8805158e-01  -8.6707549e-02   3.6321480e-01  -2.8670883e-02   3.4736995e-01   2.1979636e-01  -4.5102170e-01  -1.1812558e-02  -1.7658230e-01   1.5159921e-01  -2.0510613e-02   1.1142961e-03   1.0724966e-01   1.2028446e-01   1.0572673e-01  -4.8260722e-01   2.0142466e-01  -5.6413181e-02   1.1532172e-01  -1.9425374e-01   3.8470076e-01  -9.5355786e-03   1.4296527e-02   2.4321680e-01   4.3768136e-01  -7.7180593e-02  -7.1051470e-02  -2.0250732e-01  -2.7558023e-01   6.5766084e-02  -1.3651919e-01  -5.4333749e-02   1.6879790e-01  -4.9860493e-01  -1.2365722e-01  -1.3441074e-01  -1.6279749e-02  -1.8827285e-01  -2.7206359e-01   1.4948841e-01  -5.9285430e-02  -1.8148155e-01   1.5221389e-01   2.1137826e-01   2.4768758e-01  -4.1789831e-01  -3.0380220e-02  -2.6384384e-01  -4.4071597e-01  -1.2257713e-01   1.4645328e-01  -1.5693737e-01  -5.5960669e-01  -2.5419944e-02  -6.8992534e-02  -4.0840063e-01  -1.5664177e-01   1.9505314e-01   2.4623328e-01  -4.2737090e-02  -4.9195526e-02   5.1833236e-01  -4.2871786e-01  -5.0803798e-02   2.2208255e-01  -3.2507486e-01  -2.3227450e-01   2.1876195e-01   1.8637154e-01  -2.2156009e-02  -4.1211914e-02  -4.1876750e-01  -1.8782363e-01  -2.7042112e-01  -4.7141313e-01   3.0289764e-01   2.4406927e-02  -1.5027821e-01  -3.6291156e-01   5.8438393e-01   1.5712556e-01  -3.6910305e-02  -3.1082234e-01   3.2653126e-01   1.9134134e-01   1.0249961e-01  -2.3970957e-01   3.3872347e-01   8.8237273e-02  -1.7033752e-01  -4.3510940e-01  -1.5371064e-01  -5.5358780e-01   1.4802349e-01   8.1597744e-02  -2.6793811e-01  -1.5139958e-01   2.3655003e-03   1.4723034e-01  -1.6914586e-01   2.0472816e-02  -5.9940716e-01  -2.4348511e-01  -6.6776585e-02  -3.3515563e-01   1.8696918e-01
  -5.0341997e-01   7.9786689e-02  -4.0255828e-01   0.0000000e+00   3.3131744e-01   3.5752098e-01   4.6058713e-01  -4.3584590e-01  -2.1305817e-01   2.4908020e-01   1.2955549e-01   2.4351422e-01   1.7348143e-01  -1.8846422e-01   1.0104632e-02   2.5639522e-01  -1.2884355e-01   7.1282827e-01  -2.4087088e-01   7.2001760e-01   3.3957432e-01   4.2515708e-02   4.8587293e-01  -2.8615807e-01  -2.3036435e-01  -3.0819122e-01   4.9002900e-01  -2.7803710e-01  -2.4282759e-01   3.4157582e-01   1.0803577e-01   3.8724538e-01   5.9748997e-01   1.9052279e-01   9.8830631e-02   5.1994670e-01   2.3025854e-01  -4.6175091e-01   4.2927418e-01   4.8366286e-02   4.9632806e-01   7.2087248e-01  -2.8525245e-01   3.8431733e-01   2.6789701e-01  -5.0275922e-01   2.9709159e-01   3.5828580e-01   7.5413376e-02  -2.0549698e-02   7.1793306e-01  -4.0766861e-01   1.6203773e-02   3.0133858e-01  -2.6022625e-02   2.2931605e-01  -3.0429051e-01  -2.0661270e-01   7.1660855e-01  -1.3878587e-01  -2.7614432e-01   2.7661225e-01   3.5247915e-01  -2.5542072e-02   1.9390632e-01   4.4316965e-01   3.6105614e-01  -3.8335651e-01   2.8663635e-01   2.0352737e-01   3.8431049e-01   5.1056612e-01   2.2877085e-01  -3.0260026e-01  -2.8101502e-01  -4.6258365e-01  -2.6778930e-01  -7.0189327e-02   2.7371291e-01   3.3106096e-01  -2.6981398e-01  -2.3196032e-02   1.5245569e-01  -3.0567372e-01  -5.5807280e-01  -4.1582962e-01   3.2690380e-01  -3.8908991e-01  -1.6411961e-01  -6.1909679e-01   1.2036013e-01  -2.6356321e-01   2.7277274e-01  -7.3523512e-02  -3.5575090e-01   9.1598736e-02   2.8353197e-02  -1.9276777e-02   3.1664591e-01   2.4480505e-01  -2.7043478e-01   4.7578047e-01   5.7807593e-02  -1.3647822e-01   6.0090032e-01   3.4697846e-01   6.1593744e-01  -8.0226359e-02   3.7830870e-01   1.4282492e-01   3.6373491e-01   6.4197531e-02   1.1379144e-01  -5.6107146e-01  -3.8412778e-02  -6.3530692e-01   2.4308645e-01   5.3246945e-02   4.4250999e-02   8.7041782e-01  -1.2188687e-01   3.3484067e-01   1.8511983e-01   4.5441150e-01  -4.6965149e-01  -2.1761032e-01   4.8391838e-01   1.8710922e-01   6.6230918e-02   3.0676399e-01   1.3017734e-01   9.2913659e-02  -5.1957855e-01   1.7910749e-01  -9.6861516e-02  -5.3576741e-01   4.4388590e-01  -1.7589683e-01  -5.5301441e-01  -2.6003984e-01  -3.6095876e-01   3.1667278e-02   3.1181953e-01   1.5011319e-01   2.3793985e-01   2.0291485e-01   2.1237250e-01   4.4041157e-01   3.7862605e-01   1.3338205e-01  -3.1806147e-01  -3.0719715e-01   9.7625032e-02   2.9473510e-01   1.1208751e-01  -3.0031160e-01  -2.6270214e-01   5.5619477e-01  -7.7061491e-02  -5.2216888e-02  -2.4598319e-01   2.8501770e-01   4.7669481e-01   6.2057777e-01   1.1155758e-01  -3.4660823e-01   2.8210707e-01   1.9186549e-02  -1.3267830e-01  -3.7492581e-02   4.2674269e-01  -1.9833893e-01   4.5146709e-01   5.3671522e-01  -1.1616289e-01   6.8930450e-01   2.2517574e-03
  -1.8015346e-01   1.2961385e-01   1.0614127e-01   3.3131744e-01   0.0000000e+00   2.9796959e-01   1.2766778e-02  -4.4881713e-01  -1.2284757e-01   4.3084630e-01  -4.2433622e-02   3.4189502e-02   4.5456012e-01   6.3355507e-02  -3.9962711e-01   2.5061190e-01   4.6563542e-01   1.9865409e-01   1.0228846e-01   6.9389070e-01  -8.4392408e-03   5.6074502e-02   1.3967006e-01  -1.9708083e-01  -5.3407460e-02  -3.1316855e-01   5.1615033e-01  -2.2505934e-01  -3.7036404e-02   5.9882569e-02  -3.0759140e-01  -1.0313519e-01   2.3571286e-01   8.6270122e-02  -5.2411946e-02   6.6533409e-01   4.6389167e-01  -4.0313504e-01   2.9203081e-01   5.5346137e-01   5.1171845e-01   2.8162525e-01  -4.5916376e-01  -1.5585293e-02  -2.1396948e-01  -4.1166288e-01   4.1506714e-01   1.6725944e-01  -2.8665565e-02   3.8155172e-01   1.4564984e-01  -4.7611599e-01   2.1833140e-01  -6.8362534e-03  -1.5548862e-01   2.0471252e-01  -1.5875941e-01  -1.9862563e-01   3.8663215e-01  -4.5096503e-01  -1.7196699e-01   1.8557839e-01   5.9554164e-02  -3.7186498e-01  -1.1130715e-01   6.4168747e-01   3.9150013e-01  -3.2497394e-01  -1.4040539e-01   4.8914460e-01   3.9951303e-01  -5.1439147e-02   3.8257820e-01  -1.8004238e-01  -2.8703629e-01  -3.6115050e-01  -3.0849687e-01  -4.2800796e-01   7.0306143e-01   2.1942267e-01  -1.9248615e-01   2.0103453e-02   3.3281747e-01  -4.5091956e-01  -4.4364693e-01  -5.3843335e-01  -1.4625093e-01  -2.4158399e-01   9.3350655e-02  -3.5600181e-01   4.1605036e-01  -3.5590882e-01   4.0459896e-01  -2.4288615e-01  -3.0465736e-01   8.1088010e-01   9.4141492e-02  -2.7716377e-01   4.7340774e-01  -2.2001024e-01  -2.4515219e-01   1.3926413e-01  -1.4874617e-01  -3.5373423e-01   2.2948522e-02  -1.9952935e-03   3.3020868e-01  -3.2531863e-01   5.2585774e-01   1.2185998e-01   5.6720876e-01   4.3654241e-02  -4.5200936e-02  -3.1660037e-01   1.8348413e-02  -1.8274768e-01  -3.9766249e-01   1.7987068e-01  -2.1478501e-01   2.9200592e-01  -2.9652733e-01   6.3770058e-01  -8.0311816e-02  -2.0915295e-02  -3.1477131e-01  -3.9745607e-01  -1.6019653e-01   1.0961671e-01  -8.4023353e-02   4.7434658e-01   3.9090288e-01   3.5490403e-01  -2.1178114e-01  -3.2878465e-01  -4.5038609e-01  -4.3209808e-01   2.1239898e-01  -3.1036676e-01  -4.6597711e-01  -2.7203579e-01  -1.9305500e-01   2.4804270e-01  -1.4293640e-01  -9.6738116e-02  -5.5782344e-01  -1.3609989e-01   4.5475768e-01   6.0471823e-01   4.0516387e-01  -4.6371464e-02  -7.3770175e-03  -3.8710734e-01  -1.5316745e-01   2.1704846e-01   5.6317810e-01  -2.8495274e-01  -2.5203885e-01   3.9085756e-01  -1.3790686e-01  -1.1647115e-01  -4.4417047e-01  -9.2400787e-02   5.9455373e-01   1.8552290e-01   3.9312255e-02  -1.9614712e-01   1.9910463e-01  -5.1193904e-02  -2.8816414e-01   4.1496593e-01   3.4094473e-01  -3.0335214e-01   1.4966968e-01   3.2667883e-01  -2.5628795e-01   2.4954422e-01   2.7604753e-02
  -1.3592251e-01   4.1763222e-02   2.4841673e-01   3.5752098e-01   2.9796959e-01   0.0000000e+00   1.7406602e-01  -1.3575146e-01  -1.4217921e-01   8.4130270e-02   4.2624192e-02   1.3655302e-01   1.2370721e-01   1.2720976e-01  -2.3120090e-01   3.3057975e-01   3.9945288e-01   2.5111551e-01   3.5175281e-01   3.9585755e-01  -1.3771644e-01   2.6173739e-01  -8.0318053e-03  -3.3785097e-01  -1.4237984e-01   2.6595852e-01   2.3295598e-01  -6.6776030e-02  -2.0771604e-01   6.5029285e-02  -2.9697506e-01   2.2027268e-01   3.6896251e-01   3.2777071e-03  -1.8377776e-01   1.7433128e-01  -9.5537454e-04  -1.4974425e-01   4.1067902e-01  -1.1194581e-02   2.7047542e-01   2.9135202e-01  -2.0873127e-01  -1.9132791e-02  -2.1525337e-01  -8.0027779e-02   1.2633935e-01   4.3543163e-02  -1.9305747e-01   1.8875716e-01   3.2531083e-01   6.4539874e-02  -9.7131266e-02   5.3569696e-02  -1.8052093e-01   1.1898549e-01   3.3765455e-01   1.5698550e-01   2.1218262e-01  -1.2839335e-01   2.1924010e-01   3.0745377e-03   3.9871147e-02  -4.5070848e-01  -3.0561310e-01   3.2208241e-01   7.2346266e-01  -4.5022487e-01   2.5668113e-01   2.7526024e-01   1.1470739e-01   1.7255341e-01   9.3384801e-02   3.9609239e-02  -2.6946069e-01  -7.5228504e-02   1.7153489e-01  -3.5136462e-01   1.3422121e-02   8.2840316e-02   6.8886984e-02  -1.2434431e-01  -3.6407021e-02   2.1905620e-02  -1.3304749e-01  -2.4247060e-01  -2.5212199e-02  -3.6405955e-01  -3.1847974e-01  -3.5303622e-01  -3.4350626e-01   2.4106073e-01  -2.7722744e-02  -2.4257780e-02   5.3958234e-02   2.6135852e-01  -6.2125359e-03   3.0678279e-01   1.8943522e-01  -3.0492621e-01   9.6740176e-02   5.1391105e-03   1.8806478e-01  -2.6096225e-05   1.9721505e-01   2.5584402e-01   2.7771736e-01   1.8278826e-01   8.0356624e-02   3.5718741e-02   2.1104839e-01   1.3397405e-01  -1.0110481e-01  -3.1530995e-01  -6.4760590e-02  -4.4515977e-01  -8.0380535e-02  -1.8836596e-02   9.9487224e-02   3.6502624e-01  -7.1128025e-02   1.3416730e-01  -7.7114092e-02  -2.0958484e-01  -3.2389508e-01  -7.9922620e-02  -7.9431301e-02  -4.9870709e-02   2.3749501e-01   2.0385082e-01   1.6786025e-01  -5.0426324e-02   6.7575631e-02  -2.8099541e-01   6.0034004e-03  -2.1344417e-01   8.3223213e-02  -3.3021227e-02  -2.4587024e-01  -5.7162863e-02  -2.7830363e-01  -3.9135037e-03   7.3007890e-02   3.3095270e-03  -1.8803682e-01  -3.4151539e-01   1.0404578e-01   3.2446180e-01   2.0485500e-01  -2.5486481e-01   2.2594116e-01   3.5046565e-02   1.6462849e-01  -3.7292510e-02   9.9987467e-02  -1.5991030e-01   5.6114057e-02   1.1364477e-01   2.7022747e-01   2.6146661e-01  -3.0715879e-01  -1.1673931e-01   8.8143190e-02   1.9454141e-01   2.4907804e-01  -2.2757591e-01  -1.4324651e-01   1.9578446e-01  -6.9552671e-02   5.2058933e-02   1.2608346e-01  -8.9661313e-02  -1.4981531e-01   3.1477818e-01  -1.8770468e-01   2.6447803e-01   1.4546159e-01
  -7.4353375e-01  -1.0161405e-01  -2.9851425e-01   4.6058713e-01   1.2766778e-02   1.7406602e-01   0.0000000e+00  -4.0865267e-01  -4.3983743e-01   2.0584468e-01   5.6790694e-01   2.4368479e-01   1.8643559e-01  -1.5970651e-01   4.6226378e-01   5.3463555e-01  -2.3378306e-01   5.8210585e-01  -2.4736506e-01   3.0731277e-01   3.3313178e-01   1.1017149e-01   6.0560828e-01  -4.7499345e-01  -7.0024192e-02  -3.4298108e-01   3.4460038e-01  -2.1178640e-01  -1.8235587e-01   6.4182038e-01   3.4357524e-01   5.8881853e-02   3.3283714e-01   3.2096475e-01   1.4613172e-01   3.8627835e-01   2.1642792e-01  -6.0649217e-01   4.8695503e-01   1.4260338e-01   3.0282728e-01   3.1955706e-01  -4.1178621e-01   5.9732205e-01   1.6879453e-01  -5.0020428e-01   4.9760438e-01   3.5758833e-01   2.9566013e-01   4.5336507e-02   5.9328869e-01  -3.5754916e-01   9.8732088e-02   9.6529406e-02  -7.4279266e-02   3.5896570e-01  -2.7249473e-01  -4.4883034e-01   4.2689062e-01  -3.6165987e-01  -3.7359672e-01   5.1065497e-01   2.2577945e-02   2.9680376e-01   2.2990620e-01   1.7636200e-01   1.3897078e-01  -2.2425723e-01   5.8093726e-01   2.7118870e-01   2.4450469e-01   4.1904322e-01   1.7033701e-01  -5.0775136e-01  -3.5154418e-01  -5.1721404e-01  -3.3983014e-01   8.1387282e-02   6.2674340e-02   3.3030022e-01  -2.5230298e-01   7.6373138e-02   1.9135927e-01  -3.2056170e-01  -3.1552708e-01  -2.7025661e-01   2.9844946e-01  -1.0578402e-01  -3.0114975e-01  -5.5604390e-01  -2.0643259e-01  -3.5890197e-01   1.1761093e-01  -3.6850731e-01  -5.3148184e-01  -2.6565440e-01   2.4528319e-01  -1.1977642e-01   2.4629883e-01   2.7408979e-01   6.7299341e-02   5.2533550e-01   2.3890870e-01  -7.0683389e-03   5.3543047e-01  -3.2597215e-02   2.4535263e-01  -1.6592945e-01   3.3833548e-01   3.7582062e-01   2.5065165e-01   1.4313613e-01   4.1936372e-02  -6.2012524e-01   3.7960510e-02  -2.0494037e-01   5.7624373e-01   2.0088909e-02   3.0392811e-01   5.4306863e-01  -3.3412738e-01  -1.8752355e-01  -8.6137677e-02   3.7170163e-01  -4.5671247e-01  -2.4354203e-01   6.3455071e-01   1.5728582e-01  -3.0954206e-01   1.6024602e-01   2.2329299e-01   3.2089091e-01  -5.1171958e-01   3.4388301e-01  -3.5049941e-01  -6.4044078e-01   3.0011605e-01  -3.7320608e-02  -5.8068020e-01  -5.7198164e-01  -5.5928855e-01   7.3294650e-02   3.0279581e-01   4.5402147e-01   2.6576020e-01   1.6659790e-01   3.0360907e-01   3.2458550e-01   2.2355729e-01   1.1337189e-01  -1.5177912e-01  -1.4756611e-01   9.5837364e-02   1.4973491e-01  -1.8652475e-02  -6.1943486e-01  -4.1941933e-01   4.8981695e-01  -3.7834364e-01   7.3746584e-02  -2.7621846e-01   2.3907184e-01   1.8127115e-01   4.9849005e-01  -1.6699970e-01  -2.4897583e-01   3.3108536e-01   1.6147547e-02  -2.3662116e-01   3.0159976e-02   9.7720216e-02  -4.5080637e-01   3.3287221e-01   3.2254165e-01  -6.4747915e-02   2.9233778e-01  -1.7606211e-01
   5.5215715e-01  -6.9905234e-02   1.3571438e-01  -4.3584590e-01  -4.4881713e-01  -1.3575146e-01  -4.0865267e-01   0.0000000e+00   5.1199749e-01  -5.4164962e-01  -2.3750356e-01  -2.7439824e-01  -4.2466985e-01   1.9717867e-01  -1.5674888e-01  -4.5432375e-01  -4.6146691e-03  -3.9202178e-01   1.4623328e-01  -5.0371784e-01  -4.7537902e-01   5.0333000e-02  -5.6890174e-01   4.4796708e-01   1.3043647e-01   6.6030018e-01  -7.1744600e-01   5.2321713e-01   3.9091452e-01  -3.6861918e-01  -1.7595004e-01   1.3222310e-01  -1.2468127e-01  -4.8895376e-01  -1.3094565e-01  -6.4480944e-01  -5.5558799e-01   4.7706154e-01  -4.8410244e-01  -5.7583275e-01  -6.3191154e-01  -2.2140564e-01   4.8394542e-01  -2.6662140e-01  -9.1440697e-02   6.5617699e-01  -5.0435289e-01  -5.7901575e-01  -3.2285187e-01  -1.3934967e-01  -2.1309947e-01   8.6243822e-01  -4.3304139e-01   6.0020299e-02   2.3780023e-01  -3.0419120e-01   2.0284177e-01   5.2288988e-01  -4.6534893e-01   2.3587721e-01   4.2487277e-01  -4.5882145e-01   8.1659625e-02  -4.3205927e-02  -3.0779401e-01  -6.1894134e-01  -2.4433346e-01   3.5885294e-01  -4.1931695e-02  -4.4893052e-01  -5.4868302e-01  -1.1428394e-01  -7.0614923e-01   3.4601054e-01   4.4718297e-01   6.5060210e-01   4.6548911e-01   3.6991847e-01  -3.5687514e-01  -3.5254339e-01   6.6090632e-01  -4.3205293e-01  -4.8606586e-01   7.0809242e-01   4.3550007e-01   6.9279106e-01  -3.4877944e-01   3.9826080e-01   3.1763457e-01   5.4779698e-01  -1.9880700e-01   5.6459297e-01  -5.5717850e-01   5.5428065e-01   4.9236349e-01  -2.7102492e-01  -2.2493896e-01   4.4006072e-01  -1.9856636e-01  -1.9726026e-01   1.3871874e-01  -4.3139306e-01   1.5851309e-01   2.1858768e-01  -1.5640441e-01   1.6656683e-01  -1.3599149e-01   6.0310773e-01  -6.0955111e-01  -4.3878416e-01  -5.5888353e-01   9.2132655e-02   9.1053696e-02   5.0601812e-01   1.9811737e-02   2.8402184e-01   4.9039790e-02  -5.1140118e-01   1.4582480e-02  -4.6715803e-01   3.2952306e-01  -3.9339963e-01  -5.8717112e-02  -1.8074850e-01   4.3906969e-01   3.8401890e-01  -3.3930336e-01  -2.2198309e-01   3.6862828e-01  -2.6531871e-01  -5.7695630e-01  -5.3497401e-01   5.2532756e-01  -2.0598557e-01   4.6855516e-01   8.6290867e-01  -2.2176474e-01   2.5088656e-01   7.8684318e-01   5.0624425e-01   4.0886557e-01  -2.2258617e-01   3.5273969e-02  -7.9651894e-02   2.5898300e-01   1.8795698e-01  -4.5064447e-01  -5.7454925e-01  -5.6287025e-01  -2.9997925e-01   2.6040312e-01   5.1725841e-01   3.0052830e-01  -6.4173249e-02  -3.1875739e-01   4.6935723e-01   3.3865351e-01  -6.5362777e-01   5.2404128e-01   4.0949958e-01   3.7673087e-01   1.3425231e-01  -6.6377918e-01  -2.2124042e-01   1.2235553e-01   5.1502180e-02  -4.2674000e-01   3.6144328e-01   4.5145697e-01  -4.5706778e-01  -3.1288206e-01   2.8442527e-01  -1.3875900e-01  -3.6241121e-01   3.9488018e-02  -2.0332341e-01   3.1460740e-01
   5.0348640e-01   4.2531706e-03   1.5158264e-01  -2.1305817e-01  -1.2284757e-01  -1.4217921e-01  -4.3983743e-01   5.1199749e-01   0.0000000e+00  -2.9404151e-01  -5.4002473e-01  -1.7941135e-01  -2.5937539e-01   3.7122674e-01  -2.4271810e-01  -5.2558915e-01   1.1410377e-01  -4.0701276e-01   3.9646851e-01  -2.9125654e-01  -3.2953079e-01   5.2921673e-02  -3.0547324e-01   4.2734712e-01   2.3769420e-03   4.5906043e-01  -3.8319489e-01   5.1359500e-01   1.8460701e-01  -4.4041197e-01  -2.1955638e-01   7.0055509e-02   1.0363619e-02  -3.4493633e-01   9.5320734e-02  -4.6248326e-01  -3.1339726e-01   3.7791249e-01  -4.6244105e-01  -3.0817276e-01  -4.3005732e-01   6.7494378e-02   4.5615485e-01  -3.6844692e-01   2.1043998e-04   4.8408237e-01  -4.9813995e-01  -4.9800531e-01  -3.1908699e-01   1.6165714e-01  -2.8845690e-01   3.8963039e-01  -2.7045909e-01  -2.0531607e-02   3.5149085e-01  -3.2055976e-01   1.6266738e-01   5.1232424e-01  -3.0957294e-01   3.3912436e-01   3.7790717e-01  -4.5733474e-01   2.2728937e-01  -2.8388230e-01  -2.3926051e-01  -2.7192422e-01  -2.4063115e-01   2.0265074e-01  -4.2899037e-01  -2.1145987e-01  -4.8722753e-01  -3.2460922e-01  -4.7092217e-01   8.4616482e-02   2.4632881e-01   5.2649067e-01   4.2318126e-01   1.0730105e-01   4.7433947e-03  -3.2428900e-01   4.2513495e-01  -4.6288479e-01  -5.3278937e-01   4.2089078e-01   2.9675347e-01   3.0923884e-01  -2.6327440e-01   2.8226545e-01   5.1335627e-01   4.4329230e-01   2.4684161e-01   4.4536112e-01  -2.7747578e-01   6.9797568e-01   4.1119717e-01   5.3636264e-02  -3.9952299e-01   4.2997597e-01  -1.4485707e-01  -3.1136481e-02   8.8528288e-02  -4.1462359e-01   8.9425976e-05   3.2118996e-01  -2.8919340e-01   1.7978230e-01  -1.2443878e-01   1.4206825e-01  -2.5418448e-01  -3.6306059e-01  -3.8288897e-01  -1.0139161e-01  -1.0557892e-01   4.7913314e-01   2.1204217e-01   2.1270518e-01  -1.7379309e-01  -2.5496009e-01  -5.3052093e-02  -2.9830274e-01   3.6245748e-01   4.2492419e-03   1.3302994e-01  -4.1892174e-02   3.8259509e-01   2.8359471e-01  -3.9217037e-01  -1.9201808e-01   5.0579449e-01  -1.6854778e-01  -5.6675685e-01  -5.3386042e-01   2.8125076e-01  -2.2715994e-01   4.8653316e-01   6.1472522e-01  -2.2643053e-01   2.6051373e-01   4.7999330e-01   5.0582920e-01   4.6397172e-01  -5.4194791e-02  -1.7931395e-01  -1.6005342e-01   1.9264340e-01   1.2324092e-01  -2.7597450e-01  -3.0505866e-01  -2.6743271e-01  -2.4733808e-01   6.3500417e-02   3.1854887e-01   2.2108558e-01  -1.8303590e-01  -8.3723972e-02   4.6610862e-01   3.6606824e-01  -3.8091144e-01   4.8397500e-01   7.5538926e-02   2.3667872e-01  -5.2121914e-02  -3.7422770e-01  -3.2767685e-01   1.9527866e-01   1.5308499e-01  -3.5142436e-01   3.2049758e-01   4.8302904e-01  -3.7186699e-01   1.3115182e-01   3.2625150e-01  -6.0099085e-02  -2.1430700e-01  -8.1879636e-02  -1.5269649e-01   4.0132094e-01
  -4.2430598e-01   6.7033730e-02   8.0606437e-02   2.4908020e-01   4.3084630e-01   8.4130270e-02   2.0584468e-01  -5.4164962e-01  -2.9404151e-01   0.0000000e+00   2.0199162e-01   3.9302426e-01   3.6172669e-01  -1.5784573e-01   1.5876801e-01   3.2394996e-01   2.2632383e-01   1.9191123e-01   5.2176791e-03   4.2186026e-01   4.6719384e-01  -1.4854944e-01   6.4495104e-01  -4.8319068e-01  -1.1853365e-01  -3.5882678e-01   3.6073938e-01  -3.7241042e-01  -2.0566625e-01  -2.7876298e-02   1.1999539e-01  -2.3732161e-01   8.3748824e-02   6.5020441e-01   4.2874850e-01   5.7729581e-01   5.4431556e-01  -5.0863160e-01   2.9726634e-01   5.0153272e-01   4.5999500e-01   1.8045151e-01  -3.9428387e-01   9.3141428e-02  -2.0737744e-01  -5.7125269e-01   3.5149301e-01   5.6509571e-01   1.4813644e-01   4.4360054e-01   2.5497890e-01  -5.2430479e-01   3.6262699e-01   4.2753557e-02  -1.8411583e-01   4.9152468e-01  -3.5313769e-01  -2.5949672e-01   2.8669400e-01  -1.6667581e-01  -2.0298268e-01   4.6698824e-01  -1.4041155e-01   1.0612551e-02   1.4361437e-01   8.2786512e-01   1.2522130e-01  -3.2827409e-01  -1.5691029e-01   2.9130747e-01   6.3099319e-01  -2.8948358e-01   4.8347513e-01  -2.0779687e-01  -4.2370202e-01  -4.5366232e-01  -3.4058332e-01  -5.5429959e-01   1.6854782e-01   2.0183974e-01  -3.0363898e-01   2.0995212e-01   5.0567937e-01  -4.9110856e-01  -5.1237828e-01  -5.6207644e-01  -1.1868428e-01  -6.0711406e-02  -7.7691058e-02  -5.7172616e-01   1.4083280e-01  -3.2605030e-01   7.8120370e-01  -4.0175333e-01  -3.5283991e-01   4.4563256e-01   7.5215576e-03  -2.0094947e-01   1.6379086e-01   4.8074923e-01  -2.6048959e-01   4.4907694e-01  -8.3933167e-02  -2.0953067e-01  -1.5806296e-01  -1.0310944e-01   1.5751706e-01  -3.4156081e-01   6.2446982e-01   2.3403131e-01   7.0607965e-01  -9.7919180e-02  -1.6884758e-01  -5.0139237e-01   1.6255767e-01  -3.0602247e-01  -2.0762551e-01   3.3246300e-01  -2.8612322e-01   2.0145024e-01  -5.0216273e-01   4.6970062e-01   6.5527076e-02  -8.0491220e-02  -5.4136171e-01  -3.3540780e-01   1.2490342e-01  -6.6255849e-02  -1.8831017e-01   7.4305921e-02   3.8342293e-01   5.2018377e-01  -3.4893014e-01   3.2927314e-01  -5.0501795e-01  -4.2045247e-01   5.5541697e-02   1.3592806e-03  -4.8563884e-01  -4.6961315e-01  -4.1815071e-01   1.6481589e-01  -1.5508194e-01  -2.4488679e-01  -8.8961424e-02  -1.4719359e-01   7.6444132e-01   5.6209455e-01   6.6754302e-01   3.1593563e-01   3.0955717e-02  -9.0317705e-02  -1.6392763e-01   1.1996957e-05   3.1481475e-01  -4.9217671e-01  -3.4510186e-01   4.9826768e-01  -2.0805006e-01  -3.6193834e-01  -5.3137022e-01  -4.4414404e-02   8.0056943e-01  -8.1610863e-02   4.4156127e-02  -1.5310360e-01   2.3019250e-01  -3.7432190e-01  -3.2544730e-01   3.1398203e-01   2.5063075e-01  -4.1942869e-01  -7.0723668e-02  -4.9966799e-02  -1.5629375e-01   4.5880543e-02  -2.7446449e-02
  -6.0759161e-01  -9.4104152e-02  -2.0948485e-01   1.2955549e-01  -4.2433622e-02   4.2624192e-02   5.6790694e-01  -2.3750356e-01  -5.4002473e-01   2.0199162e-01   0.0000000e+00   2.5833217e-01   1.1786129e-01  -3.4653784e-01   2.5227332e-01   4.2792717e-01  -2.1254280e-01   6.3946119e-01  -3.4379413e-01   1.5176275e-01   3.8483437e-01  -2.0933869e-02   3.2993990e-01  -4.9914953e-01   5.7489552e-02  -4.7939374e-01   3.3238777e-01  -4.5982856e-01  -1.1089224e-01   4.7224116e-01   5.1075153e-01   3.2037776e-02  -3.2409863e-05   4.6106772e-01  -6.6489123e-02   4.7990971e-01   2.9628021e-01  -5.5846271e-01   3.8007273e-01   2.7540549e-01   3.4566256e-01   1.3559871e-02  -4.5526630e-01   5.9620234e-01   2.5610353e-01  -5.2436246e-01   6.5794138e-01   5.0107441e-01   4.3278537e-01   1.0448146e-01   5.0867728e-01  -3.0459989e-01   3.3915736e-01   1.2472015e-01  -1.8425967e-01   3.2702284e-01  -3.4206203e-01  -3.8271579e-01   4.3567750e-01  -3.0142067e-01  -4.5430313e-01   3.4450088e-01  -2.5528737e-01   5.5357834e-01   1.4266139e-01   1.6699872e-01   6.3622109e-02  -8.8338337e-02   6.7740067e-01   3.9503162e-02   3.2681288e-01   4.9044500e-01   3.2805970e-01  -2.6263186e-01  -1.0868749e-01  -3.8341124e-01  -4.5856176e-01   5.7177881e-02  -5.0567390e-02   4.0800378e-01  -4.2853568e-01   2.4904503e-01   4.1540249e-01  -3.3093214e-01  -3.9355900e-01  -1.4462327e-01   2.7737207e-01  -9.9800983e-02  -4.6351442e-01  -5.2952762e-01  -2.9719097e-01  -4.2004048e-01   1.4505859e-01  -4.0227462e-01  -5.6309971e-01  -1.5921544e-01   4.0562047e-01  -1.3099174e-01   3.6491404e-01   4.7559925e-02  -5.6770662e-02   3.7426793e-01   1.6085857e-01  -7.9547940e-03   3.9908906e-01  -1.2945090e-01   8.9586135e-02   8.2338242e-02   3.4062186e-01   4.8429839e-01   2.3098054e-01  -1.0923957e-01   2.0222057e-01  -5.8702065e-01  -3.0484584e-01  -6.8168931e-02   4.4705286e-01   9.2835673e-02   1.1066827e-01   2.6722470e-01  -4.8383876e-01  -2.4602988e-01  -2.4350713e-01   1.6583262e-01  -4.8077214e-01  -4.4172606e-01   3.4552431e-01   1.1534276e-01  -4.1837872e-01   1.5404139e-01   3.3297685e-01   5.5750393e-01  -3.2857430e-01   4.8303117e-01  -4.3809701e-01  -3.8152009e-01   2.8447692e-01  -5.1736215e-02  -3.5382637e-01  -6.2109669e-01  -6.4154102e-01   2.9607359e-02   4.9989900e-01   1.3402520e-01  -3.8905577e-02   2.6409860e-01   2.0817658e-01   3.9592720e-01   3.3513741e-01   1.7557616e-01  -1.5711004e-01  -9.1018470e-02  -2.0751453e-01   2.1356607e-01   6.2543923e-02  -5.9141405e-01  -5.1995648e-01   4.8947281e-01  -4.6629536e-01  -1.5816666e-01  -1.0351175e-01   4.3595516e-01   1.6026610e-01   4.6614467e-01  -2.4242886e-01  -2.5571080e-01   3.1710024e-01  -2.6380252e-01  -4.3378864e-01   2.9201092e-01   3.6450290e-02  -4.9815831e-01   3.6333652e-01   2.4770588e-01   6.5158298e-02   8.2137223e-02  -2.4098169e-01
  -3.9173510e-01   5.2198975e-01   1.0018904e-01   2.4351422e-01   3.4189502e-02   1.3655302e-01   2.4368479e-01  -2.7439824e-01  -1.7941135e-01   3.9302426e-01   2.5833217e-01   0.0000000e+00  -5.9929643e-02  -1.5881766e-01   2.9198495e-01   1.8764115e-01   1.5482634e-01   2.9724021e-01  -7.5395429e-02   1.7432244e-01   2.6441924e-01  -9.2621994e-02   3.4459788e-01  -4.2250974e-01  -2.2543292e-01  -1.7258342e-01   3.8389950e-01  -3.0318819e-01  -1.9473360e-01   2.6827818e-01   3.2640507e-01   5.2153556e-02   4.4385831e-02   5.7649033e-01  -5.2288150e-02   3.5233085e-01   1.8869904e-01  -4.0007548e-01   2.6569569e-01   2.9852773e-01   1.1140068e-01   1.1149744e-01   5.5614569e-02   2.5454186e-01  -5.7747216e-02  -4.2535034e-01   2.8941264e-01   5.0956738e-01   1.2368065e-03   3.4855725e-01   4.3074637e-01  -2.6289758e-01   5.7361893e-01  -4.3783970e-02  -2.5887124e-01   2.7166717e-01  -3.0295986e-01  -1.7454345e-01   3.3595582e-01   2.8766377e-01  -1.9430209e-01   3.3167674e-01   4.2814585e-02   1.5443794e-01  -1.1172472e-02   5.0879941e-01   2.9957126e-01  -3.2009948e-01   8.4749215e-02   1.6689209e-01   3.9274042e-01   7.4878114e-02   1.8337972e-01   9.3789190e-02  -5.2212293e-01  -1.8254292e-01  -3.0912444e-01  -3.5041042e-01   4.5707239e-02   1.9835187e-01  -2.5458691e-01   7.0771876e-02   4.9641766e-01  -1.5288884e-01  -3.6195171e-01  -1.4837184e-01   5.7528228e-02   4.2565965e-02  -1.2012427e-01  -5.3289112e-01  -1.2260311e-01  -1.8658840e-01   5.0423547e-01  -1.0850384e-01  -3.1813625e-01   8.9064107e-02  -2.6159847e-02  -1.1609170e-01   2.8286175e-02   9.6008252e-02  -2.3532685e-01   6.4637308e-01   7.8692210e-02   3.6350148e-01   1.1708826e-01  -1.0728111e-01   7.0583250e-02  -3.5096863e-02   3.6685550e-01   2.4783472e-01   5.8483021e-01  -3.5392719e-02  -8.5084519e-02  -4.1174154e-01  -1.8171049e-01  -1.0760879e-01  -8.6813855e-02  -7.3720941e-02  -9.4636654e-02   2.1811383e-01  -3.6429911e-01   1.0062475e-01   9.0837042e-02   6.2260603e-02  -4.2369295e-01   7.9572467e-02   1.9688448e-01  -1.1780753e-02  -2.0948150e-01   6.5926522e-03   9.7538413e-02   3.3520016e-01  -8.2992852e-02   2.3258743e-01  -2.4128252e-02  -2.3253476e-01   4.8399432e-02  -1.3187058e-01  -3.2756723e-01  -4.1840781e-01  -4.9753500e-01  -1.5433848e-01  -1.3964649e-02  -1.9169506e-01   6.6465482e-02   1.0621731e-01   4.4529302e-01   4.6870921e-01   4.5240910e-01  -8.4567809e-02  -7.0478951e-02  -6.8673960e-02  -1.5827880e-01  -4.7975256e-02   2.7933880e-01  -5.0048339e-01  -3.5659516e-01   3.1551738e-01  -1.4592133e-01  -1.5316652e-01  -1.7316872e-01  -3.4045646e-02   3.5821721e-01   6.0991735e-02  -8.5544287e-03   2.2571680e-01   4.2092515e-01  -2.6574829e-01  -3.1667817e-01   3.9199182e-01   3.1519301e-01  -3.5966346e-01  -7.6882118e-02   1.2558907e-01  -5.6071670e-02   5.9543525e-02  -1.2322220e-01
  -2.5187009e-01  -3.6721472e-01   1.3620552e-02   1.7348143e-01   4.5456012e-01   1.2370721e-01   1.8643559e-01  -4.2466985e-01  -2.5937539e-01   3.6172669e-01   1.1786129e-01  -5.9929643e-02   0.0000000e+00  -7.2288010e-02  -1.5992309e-02   3.4292892e-01   1.5637385e-01   5.5049497e-02  -1.3366384e-01   6.3912521e-01  -2.2528917e-04  -4.4617618e-01   2.3469152e-01  -4.6619509e-02   1.5932061e-01  -3.6555853e-01   2.9166865e-01  -2.3886734e-01  -8.8410889e-02  -1.2347593e-01  -2.7713544e-01  -5.6825965e-01   2.2228587e-01   9.2777272e-02   1.9782325e-01   2.4947475e-01   1.5608815e-01  -2.9022487e-01   2.3719437e-01   4.8841337e-01   7.7094834e-01   3.6745044e-01  -2.7338098e-01   1.6738360e-01  -2.7726505e-01  -3.3870368e-01   1.3914972e-01  -5.8548466e-02  -1.1333169e-02   3.0906745e-01   1.7226245e-01  -3.8483696e-01  -1.8620671e-01   4.3295999e-01   1.3198798e-01   3.2127067e-01  -1.6214624e-01  -5.7596600e-01   2.0346339e-01  -4.4696793e-01  -4.1232799e-01   2.6189091e-01   2.8650258e-01  -4.8383570e-02  -1.0449692e-01   3.6964556e-01  -3.7003749e-02  -6.1009139e-02   1.8424728e-02   5.8484067e-01   1.4680500e-01  -2.0627113e-01   4.1938181e-01  -4.3526813e-01  -3.8446170e-03  -6.6057035e-01  -4.4102720e-01  -2.8945503e-01   1.2713411e-01   5.1990371e-01  -3.5385434e-01   7.8214797e-02   1.9488864e-01  -5.0398919e-01  -3.0234985e-01  -6.1409971e-01  -5.7516331e-02  -1.2888726e-02   6.3308573e-02  -3.0380119e-01   1.0130506e-01  -4.7272950e-01   2.6338825e-01  -1.3260656e-01  -4.0361566e-01   3.2385364e-01   4.6258179e-01  -3.2801070e-01   9.4257663e-02   6.3921281e-02   4.8627042e-02   1.8937073e-01  -5.1188407e-01  -2.9866634e-01  -1.8862234e-01  -5.3697071e-01   4.4030968e-01  -4.6186227e-01   1.5729066e-01  -7.6859529e-02   4.5251478e-01  -2.7361035e-01   3.4417894e-01  -2.1978300e-01   3.3856108e-01  -2.8755098e-01  -4.5097439e-02   6.8948807e-01   1.0406394e-01   1.2594141e-01  -3.5057829e-01   2.9958776e-01  -1.9027324e-01  -2.5742344e-01  -1.7293784e-01  -2.6586968e-01  -1.2139610e-01   5.7320314e-01  -4.3145594e-01   3.7134192e-01   6.4389904e-01   1.4174704e-01  -4.1348274e-01  -1.7237157e-01  -2.8562253e-01  -5.6962435e-01   6.1204204e-01  -1.3873576e-01  -5.0135773e-01  -2.6113812e-01  -1.4742981e-01   7.9499124e-01  -1.2884152e-01   2.5356010e-01  -3.8441695e-01  -4.6747848e-01   3.2478841e-01   1.8584362e-01   5.1571776e-02   1.5296378e-01  -1.5616482e-03  -6.4994618e-01   4.4668673e-02   2.5312832e-01   3.9500108e-01  -1.6994668e-01  -3.5109586e-01   4.5884110e-01  -3.0613252e-01  -4.4890495e-01  -3.8433913e-01  -8.8927899e-02   3.6771079e-01  -5.4846022e-02  -4.9734052e-01  -2.9074719e-01  -3.6816545e-02  -1.5594294e-01  -2.2975620e-01   4.9713797e-02  -1.4965233e-01  -2.6327535e-01  -3.4810872e-02   3.4956504e-01   1.2701444e-01   4.9717538e-01  -4.6607758e-01
   4.1388199e-01   1.7988589e-01  -1.0054340e-01  -1.8846422e-01   6.3355507e-02   1.2720976e-01  -1.5970651e-01   1.9717867e-01   3.7122674e-01  -1.5784573e-01  -3.4653784e-01  -1.5881766e-01  -7.2288010e-02   0.0000000e+00  -1.1681126e-01  -1.6522996e-01  -3.4856099e-02  -2.9559673e-01   3.5037923e-01  -1.4953769e-01  -3.0535336e-01   1.7015899e-01  -2.7851227e-01   1.4959174e-01  -8.4108098e-02   3.7574379e-01  -2.1170735e-01   6.6102736e-01  -1.6052694e-01  -6.1444265e-02  -3.3167234e-01  -4.8691292e-02  -5.2675680e-02  -4.1217582e-01  -4.7847670e-03  -2.5519053e-01  -1.8007081e-01   7.3462936e-02  -5.1101572e-02  -1.3552688e-01  -1.8169010e-01  -1.7664770e-01   4.9868063e-02  -2.0234733e-01  -3.0957081e-02   1.9877207e-01  -3.1362053e-01  -2.9252646e-01  -2.4705387e-01  -1.5908769e-01  -3.3268388e-01   2.6583941e-01  -1.5734816e-01  -3.4065922e-01   4.5509423e-01  -3.6626401e-01   3.4632584e-01   2.3393512e-01  -1.5295988e-01   2.9262550e-02   1.9895526e-01  -1.2819589e-01  -1.0150942e-01  -1.3739642e-01  -1.6179695e-01  -1.3014902e-01  -4.9328639e-02  -5.8362965e-02  -2.0155523e-01  -1.0247766e-01  -3.6652235e-01  -1.9668568e-01  -2.9043330e-01   2.7587119e-02  -3.0574383e-02   1.5223478e-01   2.6948940e-01   1.1908907e-01   1.4831631e-01  -3.2762576e-01   4.7279501e-01  -3.6735778e-01  -3.0472214e-01   2.5992359e-01   4.8930272e-01  -2.5855547e-02  -6.8400641e-02   7.8918555e-02   2.7976883e-01   3.5052605e-01   1.1325357e-01   1.5184454e-01  -2.9621484e-01   1.8671272e-01   2.3389969e-01  -7.5520426e-03  -3.0145310e-01   1.9537002e-01   5.6744826e-02  -2.1408540e-01   3.8564789e-01  -3.2426147e-01   3.0963489e-01   2.4509723e-01  -1.6190909e-01   1.5772655e-01  -1.5470868e-01   8.1467636e-02   2.5008993e-02  -9.6555881e-02  -1.9001522e-01   1.0587351e-01  -2.8491060e-01   3.2796834e-01   1.7988237e-01   1.3379667e-01  -1.1176257e-01  -9.1060144e-02   2.1423362e-01  -1.5906865e-01   2.2190243e-01  -5.5105415e-02  -7.7264228e-02  -6.6833129e-02   2.6767912e-01   4.7944851e-01  -2.5384370e-01  -2.6712402e-01   1.6179712e-01  -2.8469415e-01  -1.4061665e-01  -3.2712859e-01   2.1361273e-01  -3.3134677e-01   2.1193683e-01   2.2028225e-01  -2.4338214e-01   4.3219344e-01   4.7109840e-02   2.0553907e-01   4.2404351e-01   1.0421222e-01  -2.7141680e-01   6.1233925e-02   2.8845795e-02  -1.4132806e-01  -2.1757294e-01  -1.6611721e-01  -1.2861522e-01  -3.2735188e-01   1.6118617e-01   3.4759503e-01   9.7831421e-02  -1.2424122e-01   9.5567655e-03   1.0263152e-01   2.3899072e-01  -3.8790727e-01   1.4042554e-01   3.5678731e-01  -7.9598124e-02  -6.0490677e-02  -2.9947394e-01  -1.6556532e-01   5.7417302e-02   6.4760884e-02  -2.6800060e-01   5.0968867e-01   3.5519334e-01  -1.7543925e-01   9.0539123e-02   6.9150578e-02  -2.0042404e-01   1.2185468e-03  -7.6872061e-02  -1.0708294e-01   1.5530696e-01
