   0.0000000e+00  -4.3331748e-02   3.9924970e-01  -1.2779880e-01  -3.9167954e-02   3.0120587e-01  -1.1621077e-01   1.3512155e-01  -8.4887852e-03  -6.8500590e-03   1.8590650e-01   3.2474917e-01  -2.8204794e-01   4.1725261e-01   4.4977454e-01  -1.3588481e-01   3.1915239e-01   1.8137884e-01   1.8616566e-01  -2.0087464e-01  -9.9076061e-05  -6.5540715e-02   8.0662513e-02   6.5504094e-01  -2.7949499e-01   2.1613636e-01   1.9096579e-01  -3.4215918e-02   5.0708806e-02  -1.0296770e-01   2.8258227e-01   2.7030975e-01   1.1674265e-01   2.0669717e-01   1.0906481e-01  -5.8578533e-02   4.4431717e-02   6.6259836e-01  -6.9843820e-02   8.6729268e-02  -1.0685871e-01   3.0734204e-01   3.1150365e-01   1.6926237e-01   2.9282706e-02   3.3711719e-01  -2.1835585e-02  -6.4781992e-01  -9.9618524e-02   2.2589775e-01   3.4120874e-01  -1.2104851e-01   2.3495048e-02  -9.5908184e-02   9.4793156e-02   2.0844557e-01   2.8134821e-01   1.3658776e-01  -5.3918494e-02   5.5314689e-01   3.4556766e-01  -5.5434120e-02   1.1087222e-01  -1.9476791e-01   1.5565125e-01  -1.0619280e-01   2.7847620e-01  -4.2079040e-04   2.1438338e-01   1.0616541e-01  -4.7360821e-01   1.0438131e-01  -2.3118406e-01   8.2825087e-01  -1.2170785e-02   3.8615677e-01   3.4700524e-01   8.9041403e-02   8.3911627e-02   2.2444970e-02   1.6342826e-01   1.0060138e-01  -1.3043632e-01   1.0153983e-01   4.4734921e-01   4.7330054e-01   1.7444206e-01   1.4894630e-01   1.4583369e-02   8.4492679e-01   1.8245344e-02   3.9683942e-01   9.2479337e-02   5.1459741e-02   3.8858492e-01  -2.5751178e-01   2.2415381e-02  -3.0505988e-02   1.2769369e-01  -1.2033547e-01   4.8156596e-02   2.3018712e-01   9.9868409e-02   4.9777547e-02   2.7949990e-01   3.2501978e-01  -5.8047932e-02   1.9539042e-01  -2.0732623e-01   2.4807290e-01  -8.4717096e-02   1.8726138e-01   6.2061353e-03   7.3607915e-01   3.0807793e-02  -1.2203576e-01  -1.9157245e-01  -1.3038953e-01   1.9432140e-01   1.4563479e-01   4.3953971e-01   1.8373484e-01   7.5451435e-02  -5.1003266e-02   5.6786998e-01   3.5623814e-01   2.3100927e-01  -2.2343483e-01  -2.8406193e-02  -5.3133192e-02  -3.2073374e-01   7.7390190e-02   5.2723611e-01   3.2962627e-01   6.0816411e-02   3.5711223e-01   6.1952642e-02   7.2006403e-02   5.0566070e-01   5.9700512e-01   7.8971575e-01  -2.0190629e-01   9.2889404e-02  -1.0854461e-01   3.7758934e-01   1.8197948e-01  -3.7597663e-01  -6.5667648e-02   7.5712291e-02   1.6405850e-02   3.6772209e-01   5.0647654e-02   3.3182060e-01   1.2210352e-01  -7.9115672e-02   7.8229831e-01   4.4167595e-01   3.7428563e-02   2.9860750e-01   9.1099310e-02   2.4182225e-01  -1.6060193e-01  -1.8768909e-01  -1.3522394e-01   3.8870536e-01  -9.1593791e-02   1.4360894e-01   6.5025420e-02   3.7762242e-01   7.8155900e-02   5.4937915e-02   2.5487447e-01   1.1255220e-01   1.9674816e-01  -2.5053696e-01  -1.4962476e-01   2.6561391e-01
  -4.3331748e-02   0.0000000e+00   4.5773210e-02   2.7217536e-01   2.6945099e-02   2.2423502e-01   5.7289262e-03   8.0582929e-02   3.8319236e-01  -2.9555351e-01   1.0512867e-01   8.2181312e-02  -4.5082377e-01   3.8254965e-01  -8.4586159e-02   2.2011755e-01   2.3812713e-01   2.1555887e-02   1.1559798e-01  -3.6888446e-01   4.2261489e-02   1.3360991e-01  -3.0840093e-01  -3.9237339e-02   5.1453089e-02   2.1757091e-01   3.6227185e-01   1.6690093e-01   1.0490735e-01   4.9421385e-01   2.3586999e-01   3.2603860e-01   3.3259548e-01  -1.7556062e-03   2.8757319e-01  -3.0764964e-01  -5.6881382e-02  -1.0219742e-01   7.3413159e-02   5.8945180e-01  -5.0449064e-01   3.4829395e-01   3.4914559e-01  -1.8951458e-01  -1.6782609e-01   1.6411489e-01  -9.1142869e-02   1.1092080e-01  -3.3006412e-01   4.3800854e-01  -1.4934850e-01  -2.3455807e-01   2.8120956e-01  -3.4863551e-01   1.2833496e-01  -3.4084815e-01   1.4382937e-02   4.7576891e-01   3.3984560e-01   6.0416254e-02   1.3846737e-01  -4.9238444e-01   5.7371785e-01   1.2562099e-01   5.0224954e-01  -3.7208653e-01   3.1672820e-01   3.7676195e-01   2.2490181e-01   6.7262212e-02   1.6948990e-01   6.6988973e-02  -4.4480789e-01  -1.3114862e-01  -1.0151016e-01   3.8380366e-01   1.1000519e-01  -9.5701653e-02   1.8723065e-01   2.0610864e-01   2.3573732e-01  -2.7752759e-01  -4.1062502e-02   1.7950077e-01   4.9275789e-02   3.8746224e-01   2.9041624e-01  -1.5320158e-01   3.5531095e-01   1.1834362e-01   3.5452846e-01   1.7627784e-01  -4.7990269e-01   4.6746802e-01   1.4172825e-01  -1.8816718e-01  -1.1608968e-01   2.7846951e-01  -8.9605260e-02  -3.5262443e-01   1.7153634e-01  -2.5745037e-01   3.3103942e-01   4.5890648e-01   2.6122981e-02   2.3014222e-01   1.6037841e-02   3.0869935e-01  -4.9375801e-01  -9.6157312e-02  -1.2527336e-01   2.2264532e-01   3.1628196e-01  -8.8905325e-02  -3.8595744e-02   4.3523249e-01  -2.1981605e-01  -4.9680304e-01  -2.9956153e-01   1.4878235e-01   1.7020463e-01   2.3065038e-01   8.7845810e-03   4.0675683e-01   2.4119216e-01   4.1022836e-01   1.3872720e-01   2.7838139e-02   2.8521687e-01   1.5209270e-01  -1.6455734e-01   1.3108455e-01   6.6814696e-01   2.2380639e-01   2.4836469e-01   3.7718750e-01   5.1010692e-02   1.1709502e-01   2.7478982e-01  -8.1541509e-02   1.6805078e-01  -3.6367552e-01   1.7976047e-01  -5.0055867e-01   1.7665308e-01   4.0066504e-01   1.9155945e-01   2.0254564e-01  -1.9451411e-01  -2.6768075e-02   9.8090092e-02   1.1802694e-01  -1.7659396e-02   4.5432202e-01   6.2972003e-01  -1.2236718e-01   2.2010497e-01   1.3523761e-01   2.5328761e-01   4.2693701e-01   2.4029579e-01   3.1654827e-01  -2.4811978e-01   2.7537622e-01   3.0129301e-01  -1.8713077e-01   2.6245036e-01   2.3098009e-01   1.4936358e-01   1.2148724e-01  -1.6910405e-01   1.2011634e-01   3.3859645e-01   5.4579719e-02  -7.8201417e-02  -2.4835593e-01   2.2906605e-01
   3.9924970e-01   4.5773210e-02   0.0000000e+00   3.5522325e-02   1.8588123e-01   5.5790669e-01   1.5805839e-01  -8.2400712e-02   1.3093834e-01   1.3346985e-01   4.5663039e-01   3.1857579e-01  -2.9981964e-01  -5.3685554e-02   3.5114960e-01  -2.4376931e-01   8.8036553e-01   3.2939011e-01   3.5056294e-01  -1.3780861e-01   3.1367943e-01   1.1831123e-01   2.2361930e-01   3.2797384e-01  -2.7716618e-01   2.5569129e-01   3.5941369e-01  -1.6891003e-01   3.0212702e-01   2.1011177e-01   3.4409592e-01   3.1795763e-01   2.1346579e-02   1.1154380e-01   2.8001911e-02   1.3826180e-01   1.0941109e-01   5.2791369e-01  -3.8094073e-01   5.2816425e-01  -1.1898364e-01   3.6317512e-01   2.3658793e-01  -5.4814193e-02   7.7348204e-02   6.1897117e-01   2.9351219e-01  -5.1099890e-01  -2.3790246e-01   7.0409902e-01   3.7334592e-01  -2.9302390e-01  -1.1225968e-01  -2.5490441e-01  -4.6631272e-02   1.6823785e-01   4.5564960e-01   2.4761350e-01   1.1274169e-01   4.9543443e-01   7.3294956e-01  -2.9781917e-01   6.6834767e-02  -4.9695289e-01   4.5082414e-02   1.1163525e-01   6.0070100e-01   4.6424207e-02   4.1116541e-01   5.5436949e-01  -4.1379185e-01   2.0040022e-01  -4.9466959e-01   5.3073880e-01   2.3414104e-02   3.8289722e-01   7.1679058e-01   3.3938217e-02   2.3148576e-01  -1.5416975e-01   2.0773904e-01  -3.2993104e-01  -6.4505186e-02   1.0635350e-01   3.8573098e-01   2.7798092e-01  -8.4932572e-02  -1.1175504e-01  -7.9390338e-02   4.2752342e-01   3.1189494e-01   7.9865794e-01   2.3653632e-01   2.0916031e-01   6.0109068e-01  -1.9803790e-01   1.4066223e-01   2.8952613e-01   1.3283451e-02  -7.8740828e-02  -4.1963937e-02   7.4553867e-02   1.7138880e-01  -5.7206014e-02   3.2856187e-01   1.9911727e-01  -2.9998036e-01   2.6791079e-01  -3.4471402e-01   3.1345415e-01   3.6024177e-03   3.6578583e-01   9.8118957e-02   4.1514597e-01  -2.7625327e-03  -3.6101428e-01  -3.2592408e-01  -3.7758724e-01   1.9235364e-01   2.1686084e-01   6.1541918e-01   4.6507081e-01   1.3749346e-01  -4.8366282e-02   5.6877953e-01   1.4560501e-01   3.3003218e-01  -4.5893354e-01   7.3946758e-02   3.9871856e-01  -3.8595106e-01   1.8875440e-01   1.4008039e-01   3.5798206e-01   1.6539927e-02   3.2283797e-01   2.3402961e-01  -6.2336510e-02   3.7107595e-01   4.9402136e-01   3.2063126e-01  -3.4190276e-01   2.1663238e-01   1.7782566e-01   2.8687657e-01   1.6779355e-01  -3.6112801e-01   3.0884063e-01   3.2264928e-01  -7.5665627e-02   3.8151019e-01  -6.5445707e-02   5.0761817e-01   4.1070960e-01   2.9569727e-01   5.0335231e-01   6.1493327e-01   2.3308900e-01   7.4180876e-01   2.1033987e-01   4.1659965e-01  -1.8481229e-01   1.9263761e-01   1.0758079e-01   4.0986999e-01  -2.6431298e-01   4.9580844e-01  -3.7213752e-02   4.5938902e-01  -3.9411751e-02   5.6076283e-02   4.5322444e-01   2.7440547e-01   3.7527881e-01  -3.0972068e-01  -1.7043204e-01   3.3191567e-01
  -1.2779880e-01   2.7217536e-01   3.5522325e-02   0.0000000e+00   2.7636349e-01   1.7360901e-01   1.4905282e-01   6.6084288e-02   2.0707873e-01  -1.1587766e-01   2.9019660e-01  -2.2036984e-02  -4.9689748e-01   7.8488764e-02   2.3235335e-01   2.0471113e-01   1.0332422e-01   6.2561961e-01   1.3723480e-02   2.7483986e-02   5.5210044e-01   2.6678963e-01   3.0364546e-01  -1.0919068e-01  -2.0776496e-01   2.3039995e-01   1.7493961e-01  -3.2892925e-02   2.5222280e-02   2.6792920e-01   3.6855231e-01   5.1879937e-01   1.8386618e-01   1.9875652e-01   1.3672105e-01   2.2443560e-01   6.0769027e-02   1.0653719e-01   2.2852647e-01   3.6354543e-01  -4.8078348e-01   3.1963381e-01   4.0967052e-02  -1.0657765e-01   2.8445741e-01   2.2243184e-02   3.8150346e-01   8.6536059e-02  -2.0510190e-01   2.8817503e-01   4.5224871e-01  -1.3044214e-01  -1.2902508e-01  -1.8585016e-01   3.0769264e-01  -1.7426214e-01   8.8399382e-02   4.9859416e-01   6.6218524e-01   1.7273188e-01   1.5519528e-01  -2.9715388e-01   4.5093312e-01  -2.0964778e-01   4.6429384e-01   1.1379861e-01   1.6812429e-01   2.8310792e-01   2.0220455e-01  -6.7380708e-02  -5.9420927e-02   3.6873684e-01  -1.9761326e-01  -1.0608404e-01  -2.1315765e-01   2.2824346e-01   1.3678804e-01  -5.4132624e-02   4.3583125e-01   1.1750353e-01   1.9733681e-01   8.3708619e-02  -2.0030849e-01   1.0504187e-01  -5.2943671e-02   1.8467960e-01   5.9487609e-04  -1.8392405e-01   7.5978050e-02  -2.5753127e-02   1.8786734e-01   1.0312614e-01  -6.1831681e-02   4.4065769e-01   2.5518159e-01   4.9435181e-02  -7.8570362e-02   1.3467500e-01   1.6579806e-01   4.3488529e-02   1.2444976e-02  -1.6172318e-01   1.6070299e-01   1.2724167e-01   4.3475546e-01   5.5607473e-01   1.9578437e-01   1.8508981e-01  -2.4209330e-01   5.0219217e-02  -9.3624971e-02   1.9965973e-01   4.7225465e-01   8.0679561e-03   4.8943742e-02   2.1636279e-01  -1.2750524e-01  -3.8504493e-01  -2.3638320e-01   6.3455839e-01  -1.0094811e-02   1.1330517e-01  -2.7700552e-02   6.4262871e-01   6.5174589e-02   1.9576621e-01   5.1049135e-01   7.7552442e-02   6.8559243e-01  -1.1595423e-01   7.2466351e-02   3.6243733e-01   1.1897463e-03   3.4747556e-01   3.1220272e-01   2.1364929e-01   1.8069389e-01   1.1265422e-01   8.5916512e-02   1.3433997e-01  -2.3020768e-02  -4.8764828e-01   1.5417607e-01  -4.1717321e-01   3.2115157e-01   5.1418797e-01   1.7400878e-01   4.3459388e-01   3.1960902e-01   3.8303546e-01  -6.7595944e-02   6.7660403e-02  -8.0100024e-02   2.0445786e-01   1.0714609e-01   2.4740111e-02   5.5840205e-03   2.2495460e-01   1.1370014e-01   1.2393517e-01   1.3823842e-01   4.4955271e-02   7.2880328e-02   8.0033724e-01   3.9516377e-01   6.2231351e-02   3.2738299e-01  -6.0043736e-02   7.8289157e-02  -1.9273461e-01   1.9328576e-01   1.4351229e-01   4.7635082e-01  -1.1902338e-01  -7.8525263e-02  -3.3177441e-01   4.8563534e-01
  -3.9167954e-02   2.6945099e-02   1.8588123e-01   2.7636349e-01   0.0000000e+00   2.6382244e-01   1.2510296e-01  -6.8823590e-02   1.4753274e-01   2.1665119e-01   1.3745393e-01   4.8744575e-02  -6.6599340e-02  -3.1231267e-01   1.3299335e-01  -1.4661121e-01   1.3243565e-01   2.8071190e-01   1.9910132e-01   7.0152728e-01   1.1818468e-01   1.3160096e-01   3.9543646e-01  -1.5844315e-02  -9.4158920e-02   1.2253238e-01   1.4419724e-01  -2.9854818e-01   3.3552406e-01   6.3868005e-02   9.7316689e-03   2.1170415e-01  -2.7615301e-01   3.0254205e-01  -1.1069457e-01   6.0026098e-01   6.4173716e-02   4.2802921e-02  -2.3170771e-01   1.0103449e-01   1.0564045e-01   7.7481477e-02  -1.1125644e-01  -1.5203724e-01   1.8416856e-01   7.9820286e-02   3.5656327e-01  -8.6635712e-02   1.8039004e-01   5.1228212e-02   3.0517826e-01   1.2533880e-01   6.9709282e-02  -1.1704814e-01  -1.2015520e-01   5.4335550e-02   2.5598663e-01   2.8434084e-01   1.3926593e-01   1.7572260e-02   1.7873310e-01   1.0583337e-01  -1.3165136e-02   3.5615616e-02  -1.2638528e-02   5.7814417e-01   1.5801773e-01  -1.0129530e-03   1.1400223e-01  -3.3109989e-02  -6.3392247e-02   2.1309110e-01  -1.2844868e-03   3.7152713e-02  -3.4588107e-01   7.3851692e-02   6.8066678e-02  -1.4989091e-01   6.7980674e-01   1.4724121e-01  -6.7577082e-02   1.3047567e-01  -4.2999997e-02  -1.3737020e-01  -1.1942665e-01   8.0357006e-02   8.7678312e-03  -2.7635359e-01   1.6847441e-01  -1.2014821e-01   3.2297852e-01   1.5291911e-01   2.4365262e-01   8.1254370e-02   1.8244701e-02   1.8243111e-01   1.2166977e-01   1.1200059e-01   1.2618638e-01   2.6979555e-01  -3.6391838e-01   8.8666441e-02  -2.5676049e-01   3.9818886e-02   2.3606567e-01   1.2985609e-01  -2.2195308e-01   2.1705596e-01  -7.6333213e-02   2.1386504e-01   5.1745310e-02   1.6064194e-01   7.9087769e-02   2.2929628e-02  -2.5335695e-01   2.6065496e-01  -9.3269384e-02   1.1275475e-01  -3.9529645e-01   2.7447821e-01  -6.2326520e-02   4.1945337e-01  -5.4283828e-02   7.3735173e-02  -8.4179264e-02  -2.0004746e-01   3.7434645e-01  -1.8984812e-01   1.8815903e-01  -7.7812493e-02  -1.0129233e-01   2.7122300e-01  -1.7316236e-01  -2.8367190e-02   9.4060258e-03   1.2067041e-01   8.9007387e-02  -4.5926261e-01   2.2106396e-01   2.4479402e-01  -5.9232504e-03  -1.0105564e-01   1.7667677e-02  -1.7188950e-01   2.1489620e-01   4.4627428e-02   1.0600718e-01   3.9541457e-01   4.4475967e-01   1.4440079e-02  -1.8564583e-01  -3.6146842e-01   2.8065058e-02   6.6026041e-02  -6.4172458e-03   8.8463599e-02  -4.6555177e-02   2.6454649e-01   1.4898838e-01   5.8191446e-03   3.7405041e-02  -1.3689912e-02   4.1894027e-02   1.2307603e-01   2.2472834e-01   2.6348616e-01   1.4516671e-01  -2.4961894e-01   3.3387882e-02   3.4509720e-02   5.8461011e-01  -1.7515798e-01   9.9097309e-03   1.3131896e-02  -3.7922602e-01   4.8691903e-02   2.1481395e-01
   3.0120587e-01   2.2423502e-01   5.5790669e-01   1.7360901e-01   2.6382244e-01   0.0000000e+00   4.2612334e-01   4.3830796e-01   1.6727293e-01  -3.4860588e-02   6.7874840e-01   2.9813871e-01  -4.8031122e-01   1.8360738e-02   4.0069907e-01  -6.8852301e-02   5.9957960e-01   4.3189333e-01   7.9867398e-01  -1.5682059e-01   3.2582168e-01   3.7159294e-01   2.6468809e-01   4.0349403e-02  -2.3663344e-01   7.4262794e-01   8.2038868e-01   1.4980263e-01   3.4390511e-01   5.1332375e-01   3.7457206e-01   5.2892573e-01   5.0942724e-02   1.2455331e-02   1.0263553e-01  -5.6066309e-02   1.8905027e-02   5.2973039e-01  -2.1734220e-01   6.0941354e-01  -2.3031787e-01   3.8739757e-01   3.2500875e-01   2.9725589e-01   2.4595803e-01   6.2051712e-01   3.9111858e-01  -2.7974546e-01  -7.2870185e-02   4.4172796e-01   4.5023388e-01   4.9767058e-02  -1.1801871e-02  -5.0624565e-01  -3.2474031e-01   3.6300146e-01   8.5102916e-01   4.5859638e-01   2.0229975e-01   4.8746987e-01   7.1719669e-01  -2.1766085e-01   1.1712726e-01  -1.9292398e-01   3.6539841e-01  -5.5454214e-02   9.2670402e-01   2.9978023e-01   8.2185546e-01   4.5876653e-01  -5.0481335e-01   5.6435111e-01  -6.3983457e-01   3.9928718e-01  -2.3643672e-02   5.6314676e-01   6.5686525e-01   4.4564439e-01   1.9920468e-01   1.1151403e-02   6.3045182e-01  -4.2404244e-01  -1.4785835e-01   6.1379247e-01   1.5446738e-01   4.5588050e-01   2.1531179e-02  -3.4172820e-01   2.3963091e-02   3.7314997e-01   5.0804005e-01   6.3654328e-01   9.0489781e-03   2.9277828e-01   6.5890081e-01  -5.4811754e-01   2.5839903e-01   8.2031935e-01   2.1627079e-01  -8.9066591e-02  -2.2842263e-01   3.5046664e-01   3.1389841e-01  -6.5638236e-02   5.5837824e-01   3.0372087e-01  -4.1923383e-01   8.3696981e-01  -3.9602905e-01   2.5690161e-01  -9.9665951e-02   6.7958768e-01   3.2251645e-01   3.2590628e-01   9.3437439e-02  -2.6951249e-01   1.1779005e-01  -5.2945278e-01  -4.8842398e-02   4.6030346e-01   3.9890252e-01   5.4388194e-01   1.2468808e-01  -5.0356477e-02   5.0653216e-01   3.2555352e-01   5.8639565e-01  -3.4261667e-01   1.8930598e-01   2.7288569e-01  -3.5094356e-01   1.6231212e-01   2.0252715e-01   2.9399225e-01   2.6443782e-01   6.5062038e-01   2.9171493e-01   1.2369317e-01   6.8695052e-01   2.8725612e-01   2.6237402e-01  -3.9591071e-01   6.9167956e-01  -5.6323163e-02   3.2171170e-01   2.3201898e-01  -2.3969079e-01   3.4581890e-01   2.9128015e-01  -2.3165480e-01   2.2120292e-01   1.7905550e-01   1.8711409e-01   6.4043893e-01   2.4920798e-01   2.7147620e-01   5.9173927e-01   3.5677983e-01   6.2425379e-01   5.6198818e-01   5.0275686e-01   3.1009496e-01   5.3376935e-02   3.6808586e-01   6.1197139e-01  -3.2417099e-01   5.9732938e-01   3.2907215e-01   3.3329270e-01  -9.3921225e-02  -1.2783682e-01   3.7909422e-01   6.2259575e-01   6.7892523e-01  -3.6810439e-01  -3.7011546e-01   4.2386775e-01
  -1.1621077e-01   5.7289262e-03   1.5805839e-01   1.4905282e-01   1.2510296e-01   4.2612334e-01   0.0000000e+00   1.9458634e-01  -2.7793538e-02   2.9963396e-02   4.9940994e-01   5.5374949e-01  -8.4969243e-02  -1.2101792e-01   2.3259469e-01   1.7437464e-01   8.0982139e-02   3.3023513e-01   2.2395772e-01   2.1426013e-01   2.5488691e-01   2.2981708e-01   4.7260911e-01  -4.0411161e-01  -1.1950271e-02   2.1435247e-01   3.9982357e-01  -1.9878963e-01   2.1506823e-01   4.3061876e-01   1.1469295e-01   1.8579242e-01  -1.3070107e-02   2.5848682e-01   3.8953081e-02   1.3328285e-01   5.8918206e-02  -9.2375486e-02   6.9291078e-02   2.9587750e-01   1.4033268e-01   1.1756646e-01  -1.6924669e-01   3.4911413e-01   3.7618232e-01  -1.1173640e-01   3.6282774e-01   3.9503215e-01   7.9817671e-02  -4.8436061e-02   3.4730300e-01   2.2788665e-01   1.2004540e-01  -2.8172050e-01  -3.2845230e-01   6.3931043e-01   2.5886039e-01   1.4536255e-01   2.8367962e-01   2.0131289e-01   1.1490159e-01   6.3327316e-02  -1.8796894e-01   2.4908322e-01   8.3944686e-02   2.4205606e-01   4.4547888e-01   1.2604603e-01   4.5978831e-01  -1.2161566e-01  -9.4513473e-02   4.4021678e-01  -1.3672489e-01   1.4975024e-01  -7.4484017e-02   1.4331780e-01   9.1741182e-03   1.9871812e-01   3.6726901e-02   8.2126762e-02   2.8238366e-01  -1.2701152e-01   1.7575512e-01   1.8136165e-01   8.4739127e-02  -5.7729990e-02  -1.1027933e-01  -5.0905680e-01  -6.7816964e-02  -1.6522998e-01   2.2996341e-02   1.0078484e-01   1.3135707e-01   8.8226757e-02  -1.5695254e-02  -2.2240573e-01   1.4699540e-01   2.6716075e-01   1.1286843e-01   4.9230820e-01  -2.9643372e-01   6.1151868e-01   1.1773846e-01  -1.9486738e-01   3.2379548e-01   3.1308095e-02  -2.9249231e-01   4.0289311e-01   1.6195343e-01   1.1160873e-01   2.9737193e-01   3.1997642e-01   2.5236939e-01  -8.7296962e-02  -4.3923946e-03  -2.1482434e-01   2.4843228e-01  -1.7145653e-01  -1.6239513e-01   2.2939219e-01  -1.7975091e-01  -4.7072152e-02   7.6307787e-03  -1.6590761e-01  -2.0842235e-01  -6.7290641e-02   3.7401044e-01  -2.0311277e-01   2.6647768e-02  -1.2767280e-01   1.0553032e-01  -6.5584447e-03  -9.8821277e-02   7.7165346e-02   6.5202707e-02   3.3846278e-01   3.4437004e-01  -5.4316988e-02   2.6503307e-01  -1.7849294e-01  -2.1893038e-01  -8.9265918e-02   5.4604792e-01   1.2436257e-01   1.8078360e-01  -1.6917237e-02   3.9102004e-01   2.7137933e-01   3.9621508e-01   6.9647295e-03  -3.2921062e-02   1.2607619e-01  -9.9478137e-02   2.3516348e-01   7.8767414e-02  -2.2955070e-01  -3.3154693e-02   2.5480571e-01   9.4093752e-02   7.9610926e-02   1.8089980e-02   4.0862503e-01   1.4263572e-01   3.6384647e-01   1.1077520e-01  -1.4405464e-01   2.4478369e-01  -1.2333057e-01   3.3291106e-02  -9.9276675e-02   9.9380348e-03  -2.5263294e-01   2.6294199e-01   2.1585789e-01   6.5477722e-02   8.2133878e-02   6.1537371e-02
   1.3512155e-01   8.0582929e-02  -8.2400712e-02   6.6084288e-02  -6.8823590e-02   4.3830796e-01   1.9458634e-01   0.0000000e+00  -2.9660014e-03  -1.2545293e-01   2.0950462e-01  -2.3002130e-02  -2.4993200e-01   9.4443231e-02   1.9086860e-01  -8.7554447e-02  -2.6570774e-02   9.1586717e-02   3.0025100e-01  -1.9646434e-01  -1.7157740e-02   8.9054065e-02  -5.9675802e-03  -1.0653492e-01   1.0240286e-01   7.4459967e-01   3.5785103e-01   3.5110899e-01   1.6537442e-01   1.1842692e-01   1.9439052e-01   3.0780053e-01   3.5182718e-02  -1.2387608e-01  -3.6092283e-02  -3.2892957e-01   1.2415462e-01   2.8443540e-01   8.2502710e-02   1.1464234e-01  -7.3153403e-02   5.0884829e-03   7.3544479e-02   5.9929575e-01   4.5870387e-02   2.7515573e-01  -5.9449288e-02   2.5195827e-02   6.3339959e-02   8.8912865e-03   7.9831221e-02   5.9904360e-01  -7.6297309e-02  -2.6482599e-01  -2.1976992e-01   3.3703593e-01   4.5826757e-01   6.6624532e-02   4.6501248e-02   4.2461934e-02   2.5468166e-01  -4.2243058e-02  -9.5323533e-02   2.6565612e-01   2.0699214e-01  -2.0787200e-01   3.7434930e-01   3.1013195e-01   5.2349452e-01  -1.9132830e-02  -3.0259085e-01   2.4640916e-01  -1.5431165e-01   1.3630289e-01   1.0050255e-01   2.8466276e-01   2.7644445e-01   6.1156740e-01  -4.2457251e-02   1.7737577e-01   7.4678170e-01  -1.0822997e-01  -9.8626278e-02   7.4522773e-01   1.1774910e-02   2.9443344e-01   5.5113567e-02  -1.4237371e-01   9.0821513e-02   2.4823600e-01   7.1822122e-02   1.6261849e-01  -3.8873548e-01  -3.8183230e-02   4.2516266e-01  -3.4740767e-01  -1.6074469e-01   4.3250430e-01   1.3951814e-01  -1.4251546e-01  -8.1623457e-02   2.6123733e-01   3.8630610e-01  -2.9684323e-01   2.0572661e-01   1.7294295e-01  -1.6464359e-01   6.8529570e-01  -2.1351878e-01  -1.6334578e-01  -1.9578539e-01   2.8025779e-01   1.4348489e-01   1.9524019e-01   3.1994350e-02  -1.4461967e-01   5.8702720e-01  -1.1108480e-01  -2.4036053e-02   2.1746819e-01   1.8755920e-01   1.4642197e-01   2.7371554e-02  -1.6052927e-01   2.3979614e-01   3.4980740e-01   1.9651568e-01  -3.3150513e-02  -3.6603731e-03  -1.3865718e-01  -1.5313010e-01  -2.2771732e-01   1.1949175e-01   5.9555880e-02  -3.4128831e-02   5.5210568e-01   1.8873439e-01   4.3984223e-01   4.5513544e-01   3.9865908e-02   1.8516784e-01  -1.4885279e-03   5.0140874e-01  -3.3478017e-01   1.1201244e-01   1.1528236e-01  -8.5579445e-02  -1.7837872e-01  -7.8744323e-02  -2.9453982e-01   3.9210366e-02   7.1581249e-01  -3.6992774e-02   2.0356602e-01  -1.7053442e-01  -5.5338951e-02   3.2920575e-01   7.6760395e-02   1.6239873e-01   6.3116880e-01   1.6255616e-01   4.0494734e-01  -2.4025064e-01   1.3904275e-01   2.7446041e-01  -2.7728607e-01   7.7971562e-02   4.0875734e-01   1.0245467e-01  -2.2849045e-01  -2.5267784e-01   2.3589909e-01   2.6335283e-01   1.6018149e-01  -1.4196783e-01  -1.5100759e-01   1.8307707e-02
  -8.4887852e-03   3.8319236e-01   1.3093834e-01   2.0707873e-01   1.4753274e-01   1.6727293e-01  -2.7793538e-02  -2.9660014e-03   0.0000000e+00  -2.8084609e-03   1.0465280e-01   5.0813871e-02  -3.0698054e-01   1.7746487e-01   5.4259420e-02  -5.0129155e-02   6.6179273e-02  -2.7063791e-02   1.8139899e-01  -2.0253829e-01   8.1490983e-02   1.6348091e-01  -7.8832354e-02   2.4758045e-01   2.1664860e-02   1.4816375e-01   2.7647527e-01   5.9445646e-02   3.7069418e-01   2.5326577e-01   1.7135911e-01   2.4958077e-01   3.2629852e-01  -1.3272874e-01   5.5638869e-01   1.5990446e-02   5.5499374e-02   2.1142584e-02  -1.3660833e-01   2.0942914e-01  -2.4409767e-01   3.3040478e-01   5.7721996e-01  -8.8693538e-02  -2.6821170e-01   1.8600058e-01   2.3891534e-02   1.2153586e-03  -1.0633512e-01   2.3312699e-01   6.3041317e-03  -2.4958707e-01  -1.2169576e-01  -2.3448291e-01   1.7836063e-01  -2.8270049e-01   1.9255007e-01   3.0603414e-01  -6.7165707e-02   2.6569816e-01   8.2598303e-02  -4.5919890e-01   4.3029374e-01   3.3021955e-03   2.3893642e-01   1.0647946e-01   9.8068901e-02   1.4723032e-01   1.0720264e-01   1.9068547e-01   1.1157713e-03  -1.5731253e-01  -2.0551841e-01   1.1913044e-01   2.1229102e-01   6.3254351e-02   5.4956645e-02   4.2475570e-02   4.2057279e-01   5.6033889e-03   1.1017822e-01  -2.2131107e-01  -2.5055898e-01   8.2288682e-02  -4.7375575e-02   1.0352433e-01   6.1120754e-01  -7.9717171e-02   4.0080983e-01   1.1712340e-01   4.4868944e-01   3.0864746e-01  -3.6176607e-01   7.0336723e-01   1.6640733e-01  -3.0694358e-01   2.0540729e-01   2.9008125e-01  -1.9565632e-01  -1.8086355e-01   1.4742889e-01  -7.1973720e-02   6.9067162e-02   5.6162697e-01  -2.7802801e-02   3.1778027e-02   1.9314174e-01   1.2298937e-01  -4.1045778e-01  -1.3126987e-01  -1.2694391e-01   7.4474286e-03  -1.0307546e-02  -5.4915195e-02   1.3409472e-01   1.5777355e-01  -1.8501898e-01  -1.4244911e-01  -8.0172843e-03   3.8747271e-01   1.3448735e-01   3.7707861e-01   3.9626078e-01   3.0555859e-01   1.2422720e-01   2.0692481e-01   9.8182958e-02  -5.5630558e-02   1.2239619e-01   2.0608831e-01  -2.3158469e-01   2.4433496e-01   3.0141253e-01   2.6877719e-01   3.6630863e-01   1.5319698e-01   1.8105701e-01   4.5467539e-02   1.3524902e-01   6.4480785e-02   2.9022415e-01  -2.7927992e-01   2.5617854e-01  -7.7497917e-02   3.1710485e-01   2.2510530e-01  -8.1359393e-02   3.8351976e-01  -4.9375120e-02  -1.9348522e-01   6.2566284e-02  -5.3937234e-02   2.5919666e-01   3.9096489e-01   3.0504840e-01   1.8480787e-01   1.2848673e-01  -2.8215124e-01   3.7342220e-01   8.4255349e-02   3.6273895e-01   3.3650007e-01  -6.9268046e-02   1.5147926e-01   3.4134960e-01  -1.0319859e-01   2.4475013e-01   1.2501404e-01   3.1542905e-01  -2.4509100e-01   3.9427632e-02   2.2821566e-01   1.2105936e-01   2.6340401e-01   5.4953316e-02  -3.3573565e-02   7.7616229e-02
  -6.8500590e-03  -2.9555351e-01   1.3346985e-01  -1.1587766e-01   2.1665119e-01  -3.4860588e-02   2.9963396e-02  -1.2545293e-01  -2.8084609e-03   0.0000000e+00   1.3107348e-01  -1.7133247e-01   1.7438294e-01  -4.7764163e-02   1.2419612e-01  -2.8209270e-01   8.1082959e-02   1.0847316e-01  -7.0394686e-02   2.9250331e-01   6.0153273e-02   1.2686471e-02   2.1750769e-01   3.9754085e-02   1.6179075e-01  -5.3400579e-02  -1.4313820e-01  -2.0083567e-01   6.8885119e-02  -1.5650489e-01  -1.5397449e-02  -5.1124383e-02  -2.0875405e-01   6.7975075e-02  -1.0062639e-01   2.6320305e-01   3.7191059e-01   6.0634959e-02  -1.9436722e-01  -1.2550521e-01   2.6015275e-01  -3.1170974e-02  -1.6800348e-01   8.0443175e-02   2.7025081e-01   1.7730188e-03   7.3925988e-02  -6.3800041e-02   2.0425006e-01  -7.0567604e-04   2.6058846e-01  -5.7835086e-03  -8.5444102e-02   1.3879331e-01   4.5891517e-03   1.8824523e-01  -3.4592678e-02  -1.4557915e-01   4.7091765e-02  -1.0163988e-01   5.9876732e-02   2.0139175e-01  -1.9281032e-01  -6.9943316e-02  -1.5457051e-01   4.9474508e-01  -7.5603497e-02  -1.2025749e-01  -1.0218369e-01   8.6431474e-02   7.6995272e-02  -6.3805369e-02   1.3596973e-01   8.9261206e-02   2.9195665e-03  -1.9019350e-01   1.6120707e-02  -2.6845047e-02   1.2046114e-01   1.8023583e-02  -3.1699985e-02   3.0803416e-03  -1.4645175e-01  -1.3301142e-01  -2.4889946e-02  -2.0908710e-01  -5.6236749e-02   1.0575110e-01  -1.4009789e-01  -8.5098585e-02   1.8041531e-01   1.2770996e-01   1.9985617e-01  -3.8260600e-02   2.2972172e-02   2.5220923e-01   2.1037736e-01  -1.3797263e-01   2.9145209e-01   5.3467545e-01   6.3711998e-02   1.8395282e-02  -1.9719441e-01  -6.5361152e-02  -1.0478148e-01  -1.9132059e-02  -5.1975208e-02  -1.3390572e-02   2.7283662e-01   8.7891923e-02  -1.4787374e-01  -2.2245883e-01  -1.3877459e-01  -6.7677683e-03   4.4771603e-02  -7.5819367e-02   5.3469375e-03   1.4749630e-01   2.6632908e-01  -6.6685041e-02   1.0978131e-01   3.7223992e-01  -3.0670976e-02  -2.5817060e-01  -1.9039030e-01  -2.1696693e-01   3.1933596e-02  -1.5543147e-01   6.7927235e-02   2.2900632e-01  -1.3287524e-01  -1.1690587e-02  -1.8290421e-01   1.2644307e-01  -2.0087661e-01  -2.5851850e-01   1.9219623e-01  -6.1561298e-02  -1.4501718e-01   1.3416894e-01  -8.8894482e-02   7.6801195e-02   3.1306850e-03   2.4755914e-01  -8.5803688e-03  -8.7008224e-02  -1.8284025e-01   1.3515407e-01   1.8621587e-01   1.3108184e-01  -7.9631904e-02  -1.5537172e-01   1.2583197e-01  -2.5666593e-01  -1.2588310e-01   4.7314348e-02  -5.1969167e-02  -1.4644341e-02   8.7787519e-02  -1.7467957e-01  -4.5676303e-02  -7.8525357e-02   5.1560573e-01  -6.5189227e-02  -3.3563902e-02   6.5045863e-02  -1.7889844e-01  -9.6165990e-02  -2.7661940e-02  -1.6036719e-01   5.5619663e-02  -3.1849728e-02  -1.2950402e-01   2.2939033e-02  -9.1684688e-02   6.3985341e-02  -5.8837340e-02
   1.8590650e-01   1.0512867e-01   4.5663039e-01   2.9019660e-01   1.3745393e-01   6.7874840e-01   4.9940994e-01   2.0950462e-01   1.0465280e-01   1.3107348e-01   0.0000000e+00   3.2113396e-01  -5.3416980e-01   1.9126010e-01   6.0224395e-01   1.4817818e-01   4.9830749e-01   6.7705119e-01   5.0350371e-01  -1.2026337e-01   6.9189776e-01   5.6595648e-01   5.1983473e-01  -6.6413363e-02  -2.9714980e-01   3.8350128e-01   7.2325414e-01  -1.8158441e-01   7.8917676e-02   6.1476093e-01   6.3465681e-01   5.1192945e-01   1.5265019e-01   1.9347526e-01   3.4328811e-01   1.7881455e-01   1.5443866e-01   2.8416198e-01   1.3270222e-02   6.5462837e-01  -4.0212218e-01   4.9242558e-01   2.2732308e-01   1.7322476e-01   3.4610757e-01   2.1357723e-01   6.6494194e-01  -1.2052751e-02  -1.9927211e-01   4.3231792e-01   5.2585750e-01  -2.2078184e-01   4.0699771e-03  -5.1061686e-01   1.1900307e-02   2.4246504e-01   5.0317868e-01   6.1625672e-01   4.6794290e-01   6.3261286e-01   4.9485570e-01  -2.9458196e-01   1.6913763e-01  -1.6174633e-01   3.9477081e-01   6.6427274e-02   6.8284165e-01   1.8050503e-01   7.0232612e-01   2.2237110e-01  -2.3205700e-01   4.6616330e-01  -4.7195305e-01   2.8321834e-01  -2.8617569e-02   6.4508488e-01   4.4484876e-01   1.9621490e-01   2.4070273e-01  -5.2669142e-02   3.3343700e-01  -2.2598954e-01   9.3112999e-02   2.6780077e-01   9.9188460e-02   4.0294137e-01   6.0542295e-03  -3.0886007e-01  -2.1405758e-01   1.0700580e-01   2.5553500e-01   4.0955823e-01   3.1626655e-01   4.0072618e-01   4.6552225e-01  -3.6271551e-01   2.4006732e-01   5.7635953e-01   2.6005081e-01   1.3173593e-01   1.7988911e-02   4.4862221e-01   3.9979949e-01  -2.7697839e-02   5.8870728e-01   5.0641069e-01  -3.2290322e-01   5.7559283e-01  -1.1668869e-01   4.4608161e-01   4.8609058e-02   5.9706756e-01   3.6264490e-01   2.8341880e-03   2.7312662e-01  -5.8111694e-02  -9.5877642e-02  -5.6266346e-01  -4.8859139e-02   4.3101591e-01   2.0933285e-01   3.2766929e-01   1.1227098e-01   1.2462187e-01   1.0633277e-01   2.6922273e-01   6.0438008e-01  -3.9080731e-01   5.1470117e-01   1.6372592e-01  -1.3686336e-01   5.4625612e-01   2.3130381e-01   6.0167273e-01   4.1158271e-01   6.4904463e-01   3.3063058e-01   2.1759725e-01   6.6296522e-01   1.0851292e-01   1.5442579e-01  -5.6856930e-01   7.6780157e-01  -9.3171715e-02   4.5891247e-01   4.2890684e-01  -5.1609642e-02   5.4766905e-01   4.6877069e-01   1.2661316e-01  -1.1058142e-01   2.7912060e-04   3.2717770e-03   7.1981953e-01   2.2049664e-01   1.1019850e-01   3.8027158e-01   3.3432242e-01   4.0334163e-01   1.8630236e-01   2.5262992e-01   4.1384728e-01   2.4578254e-01   6.4849111e-01   5.6361357e-01  -7.1325050e-03   7.7214756e-01   6.3868220e-02   1.7930411e-01   6.1181933e-03  -6.9313289e-02   2.8628368e-01   5.9021122e-01   4.6283061e-01  -1.6450940e-01  -4.3240685e-01   5.5210311e-01
   3.2474917e-01   8.2181312e-02   3.1857579e-01  -2.2036984e-02   4.8744575e-02   2.9813871e-01   5.5374949e-01  -2.3002130e-02   5.0813871e-02  -1.7133247e-01   3.2113396e-01   0.0000000e+00  -2.2490250e-01   2.1380577e-01   3.6692301e-01   2.0008633e-01   1.6177493e-01   3.4259944e-01   1.8084775e-01   3.9571006e-02   1.6928693e-01   1.7537486e-01   2.8908024e-01   1.1507028e-01  -3.4641250e-01   5.6531351e-02   3.1331921e-01  -1.6344510e-01   8.9145242e-02   2.9924710e-01   1.9874725e-01   2.1033409e-01   2.0077429e-01   3.9465077e-01   3.2661589e-01   1.8580511e-01  -8.9870556e-03   4.0535931e-02   1.1846046e-01   2.7630787e-01  -7.1487960e-02   2.7449404e-01   1.2549267e-01   1.6381781e-01   2.6201275e-01  -8.1408930e-03   2.8090162e-01   8.3910703e-03  -2.3208795e-01   1.0780815e-01   3.8124582e-01  -1.7925582e-01  -2.8787331e-02  -2.6362575e-01  -7.2032221e-02   3.6815232e-01   2.1702518e-01   1.7993605e-01   1.3682723e-01   5.6657083e-01   1.0492831e-01  -1.3188759e-01   4.2949984e-02  -9.9392415e-02   1.1404448e-01   1.1327691e-01   3.2782397e-01  -4.8885233e-02   2.8579378e-01   7.3737823e-03  -2.3964777e-01   2.3446463e-01  -7.8975943e-02   5.3131714e-01  -9.8793158e-02   3.3174537e-01   6.7820212e-02   1.1526094e-01   1.4382891e-01  -1.2021368e-01   5.0325070e-02   2.0282570e-02   3.3383400e-02   6.7292640e-02   3.0667323e-01   2.2951303e-01   2.0141060e-01  -2.6002572e-01   4.4076840e-02   2.0012697e-01  -4.9866596e-02   1.8951892e-01   2.2019056e-01   1.5419524e-01  -7.9612823e-03  -2.8388372e-01   5.3228150e-02   8.4131769e-02  -1.1616821e-02   1.7210995e-01  -1.5532793e-01   4.4405077e-01  -1.0573564e-02   8.3659478e-02   3.3981718e-01   1.5217588e-01  -1.0904642e-01   7.9115912e-02  -1.1487238e-01   2.6657533e-01   1.9462014e-01   3.6761951e-01   1.1457005e-01   1.7333551e-01   5.9818122e-03  -1.0647481e-01   8.6355561e-04  -1.4075935e-01   4.6479545e-02   1.0289521e-01   3.0142925e-02  -8.6544127e-02   1.7076518e-01  -6.5312289e-02   4.4584476e-02   1.6057393e-01   3.1330388e-01  -2.9567200e-01  -2.6647748e-02  -9.1973344e-02   1.7940807e-02   2.1880587e-01   2.4738452e-01   2.1964623e-01   5.1092701e-02   2.7095102e-01   1.3029124e-01  -5.8374903e-02   3.3826701e-01  -1.4938585e-02   2.8327231e-01  -2.6455949e-01   2.9144431e-01   1.6999170e-01   3.8253093e-01   1.0566020e-01   2.0907695e-01   2.2161645e-01   4.5475515e-01  -7.0309003e-03   1.3648817e-01  -7.5967017e-02   6.6005475e-02   2.2810883e-01   2.9013383e-01   1.3654483e-01   8.8565916e-02   1.8672809e-01   2.0558350e-01  -1.6131825e-01   1.1289005e-01   1.0445826e-01  -1.5971066e-01   1.4279066e-01   2.2092300e-01  -1.6726785e-02   3.0330949e-01  -1.9797805e-02   2.2896748e-01  -2.8367197e-02   2.4371728e-01  -1.7667488e-01   1.8562877e-01   2.8565014e-01  -1.2881002e-01  -9.4404107e-04   1.9999242e-01
  -2.8204794e-01  -4.5082377e-01  -2.9981964e-01  -4.9689748e-01  -6.6599340e-02  -4.8031122e-01  -8.4969243e-02  -2.4993200e-01  -3.0698054e-01   1.7438294e-01  -5.3416980e-01  -2.2490250e-01   0.0000000e+00  -4.0887972e-01  -5.9646351e-01  -2.1932275e-01  -4.5366739e-01  -5.9051434e-01  -3.5090594e-01   4.3477512e-01  -5.6596477e-01  -2.2064862e-01  -2.3304933e-01  -2.1543651e-01   5.1545600e-01  -4.8202116e-01  -5.0542902e-01  -2.4300375e-01  -2.4734076e-02  -4.2772228e-01  -6.9542080e-01  -7.9202581e-01  -5.6433950e-01  -2.0091729e-01  -3.8136836e-01   1.0851935e-01  -2.6693916e-01  -3.8655560e-01  -2.1800966e-01  -5.7056786e-01   7.5979352e-01  -6.9630571e-01  -4.8387010e-01  -8.3403155e-02   6.1905614e-02  -4.1294083e-01  -2.6806768e-01   4.1530873e-02   4.4005945e-01  -6.2237450e-01  -4.8303649e-01   3.4519314e-01   1.6290564e-01   4.3715109e-01  -2.8881625e-01   1.1975612e-01  -3.7504556e-01  -5.8779561e-01  -5.0600275e-01  -4.7926485e-01  -4.4413992e-01   6.8622897e-01  -4.5803458e-01   3.0609374e-01  -5.2448808e-01   1.4473161e-01  -5.1002331e-01  -2.1214021e-01  -4.4312475e-01  -3.1669420e-01   6.2619702e-02  -2.4920173e-01   5.1063154e-01  -2.7217290e-01   1.3298032e-01  -6.1524922e-01  -4.6253758e-01  -2.3421948e-01  -2.6194152e-01   6.7787177e-02  -4.9148356e-01   3.9327785e-02   4.6283246e-02  -4.1369388e-01  -2.5770400e-01  -7.1429698e-01  -2.6842351e-01   4.1902022e-02   6.4465015e-02  -3.5463063e-01  -2.5027060e-01  -5.0013852e-01   9.0068330e-02  -5.4675713e-01  -6.1708597e-01   4.0085521e-01   1.4233785e-01  -4.7361138e-01   1.0169171e-01   2.3268172e-01  -4.1891860e-01   7.9298696e-02  -4.2504777e-01  -1.2754787e-01  -5.8212644e-01  -6.2937887e-01  -1.9311401e-01  -4.4774973e-01   5.2299438e-01  -1.3100240e-01   1.3694340e-01  -4.2359685e-01  -1.3758824e-01  -2.4133201e-01  -4.3956923e-01  -3.2130403e-02   1.4749804e-01   6.3990980e-01  -1.7173306e-01  -5.8159069e-01  -5.1438430e-01  -3.1724037e-01  -1.4444738e-01  -3.7800996e-01  -4.7033137e-01  -6.1303461e-01  -4.8112975e-01   1.7835350e-01  -4.5318175e-01  -2.8908306e-01   3.7762109e-01  -4.4447265e-01  -4.5890650e-01  -7.3942757e-01  -2.1258371e-01  -5.8457242e-01  -1.5562969e-01  -4.8187902e-01  -5.7970769e-01  -3.2164615e-01  -5.2832797e-01   8.9854577e-01  -4.6068116e-01   2.9213404e-01  -7.0213423e-01  -6.7336493e-01  -3.9048291e-02  -3.7135918e-01  -2.0511852e-01  -1.5365850e-01  -2.3982529e-01  -2.8882837e-01  -3.8818242e-01  -5.8963347e-01  -4.6097083e-01  -3.3450562e-01  -5.5631387e-01  -2.8658194e-02  -5.7400753e-01  -4.1954171e-01  -4.0604565e-01  -2.6260771e-01   1.1928970e-01  -5.7575481e-01  -6.9370511e-01   2.3934408e-01  -6.2914199e-01  -4.3598851e-01  -5.4120015e-01   1.6340424e-01   1.8152012e-01  -4.7713578e-01  -4.5404722e-01  -3.3008563e-01   3.0653484e-01   3.3461698e-01  -4.4988492e-01
   4.1725261e-01   3.8254965e-01  -5.3685554e-02   7.8488764e-02  -3.1231267e-01   1.8360738e-02  -1.2101792e-01   9.4443231e-02   1.7746487e-01  -4.7764163e-02   1.9126010e-01   2.1380577e-01  -4.0887972e-01   0.0000000e+00   2.3617876e-01   3.3447915e-01   8.0954027e-02   2.5940281e-01  -7.5130698e-02  -5.1447145e-01   2.3804496e-01   3.0309996e-01  -4.6699320e-02   1.8720482e-01  -1.5190218e-01   9.6007948e-02   1.1882473e-01   6.9730585e-02  -1.9134284e-01   4.2422068e-01   3.8784514e-01   3.5006015e-01   3.7492886e-01  -4.5091802e-02   5.8264688e-01  -2.7698280e-01   1.5617481e-01  -1.8633529e-02   3.2923993e-01   1.9790939e-01  -4.9966820e-01   4.3613940e-01   5.1006436e-01   1.5372866e-01  -5.6890208e-02   2.9612824e-03   6.1464681e-02  -1.1408040e-01  -4.3264655e-01   1.7260586e-01   1.5426331e-01  -3.9828266e-01  -8.5823018e-02  -2.2911766e-01   5.4493731e-01  -1.3584165e-01  -1.2797008e-01   3.9455851e-01   3.7653403e-01   5.2516976e-01   9.9062894e-03  -4.7246587e-01   5.0575311e-01  -8.8835785e-02   5.3638997e-01  -3.9525085e-01   1.0481641e-01   1.4542993e-01   5.2287139e-02  -1.3705220e-01  -1.4823971e-01   1.1471342e-01  -3.0192232e-01   2.6612162e-01   1.5018384e-01   4.3402149e-01  -1.7162025e-03   1.2283003e-01   3.6614789e-02   9.3798610e-02   1.0529976e-01  -1.2923905e-01  -2.6264578e-01   3.8775183e-02   3.6124890e-01   4.1300708e-01   5.4003997e-01   2.2175415e-01   1.9924841e-01   3.9599661e-01  -3.7918864e-02   6.0302983e-03  -2.3497399e-01   4.5490375e-01   8.1819522e-02  -3.6863794e-01  -1.0301158e-01  -9.3621662e-03  -4.7670582e-03  -2.3753588e-01   3.1283446e-01  -1.0708888e-01   4.1846602e-01   5.2837739e-01   1.2703496e-01   5.1538700e-01   2.3435346e-01   8.3218059e-02  -3.1984837e-01   1.0648595e-01  -4.1250701e-01   2.0917906e-01   2.5483933e-01   1.2020425e-01   1.2551342e-01   2.6083310e-01  -1.9011285e-01  -4.9020336e-01   8.1564494e-02   5.2085570e-02   1.5825493e-01   2.8623660e-02   2.0599012e-01   3.7671206e-01   2.2329874e-01   7.1935616e-01   2.3882850e-01   1.8146692e-01   4.0740754e-01  -7.6618781e-02   1.2665276e-01   2.5667424e-01   7.1993233e-01   4.8858794e-01   3.7198896e-01   3.3125983e-01   1.6334401e-01   4.1163861e-01   2.6446748e-01  -5.5569457e-02   4.4500486e-01  -3.9100630e-01   2.3657166e-01  -3.7954180e-01   4.1027053e-01   5.8447877e-01  -1.1326833e-01   8.3993296e-02   2.0892608e-02   1.9049506e-01   1.8887666e-01   1.6679674e-01  -6.4873052e-02   2.7503565e-01   1.7382764e-01   1.1804950e-01   1.6919586e-01   9.3235644e-03   3.7078070e-02  -5.8253135e-03   2.1883467e-01   2.2838783e-01  -1.8224437e-01   3.1604450e-01   2.9012729e-01  -4.4655739e-02   2.2217127e-01   2.1941778e-01   2.0569369e-01  -1.5637297e-01  -1.4551778e-01   1.4730016e-01   3.4841453e-01  -2.1479559e-02  -6.5069104e-02  -3.2882549e-01   4.0998016e-01
