   0.0000000e+00  -1.9921354e-01   4.4884485e-02   1.6809876e-01  -2.2106020e-02  -4.0536242e-02  -2.9617367e-01   2.7086424e-01  -3.8806836e-01  -2.0526095e-01  -4.8861211e-03  -3.9170427e-01   1.9927952e-01   2.1009961e-01  -4.1343314e-01   1.3789978e-01   4.0012993e-02  -8.1747719e-02  -1.0236672e-01  -1.5041961e-01  -1.1342658e-01   2.2597657e-01   9.6261202e-03   2.7007143e-01   8.4365283e-02   4.2898235e-02  -9.0996106e-02  -2.5651964e-01  -1.7489890e-02  -2.9751513e-01   4.7236453e-02  -3.9496771e-03  -4.3316245e-02  -1.7226354e-01  -2.0505743e-01  -5.3343544e-02  -2.5669065e-02   2.2129323e-01   3.2993401e-02  -1.7307878e-01   2.4003851e-01  -6.1643919e-02  -9.1457080e-02   7.1604038e-02  -4.9807543e-01   4.0122930e-01   1.9429756e-01  -2.2861916e-01   1.8371871e-02   4.2324642e-02  -4.6362529e-02   4.9696301e-02  -1.3731547e-01  -1.4742877e-01  -4.2904862e-02  -9.1838601e-02   8.5175102e-02   6.5466414e-02   2.1453376e-01  -5.5738927e-02   3.7166915e-01   3.7901643e-01  -4.4582013e-01  -2.0492193e-01  -2.1883654e-01  -1.3809970e-01  -1.2461208e-01  -2.3431682e-01   6.9581967e-02   8.8307921e-02  -3.6243943e-02  -4.8284566e-02   1.4555621e-01   1.6842019e-01   8.4831321e-04   1.8673746e-01   3.0408416e-01   1.4224538e-02   9.6495240e-02  -9.5237190e-02  -2.4238856e-01  -4.4815836e-02  -2.5372582e-01   1.4754023e-01   1.9207773e-01   1.2529887e-01  -1.2265880e-01  -4.2710284e-02  -4.3148260e-01   3.7113290e-01   2.9532129e-02   1.8576423e-01  -1.0475943e-01  -2.5140830e-01   4.6132582e-01   1.4886950e-01  -8.1775483e-02  -7.4854255e-03   4.9914123e-04  -2.7699260e-01   2.7576707e-01  -3.9946392e-01  -1.4206476e-01   3.0813443e-02   1.6892318e-01  -8.8825445e-03  -2.3646741e-01   3.2078157e-01  -8.9513494e-02   8.1786723e-02  -4.8246700e-01   2.4532212e-01  -1.6294191e-01   5.5058700e-01  -3.0127152e-01  -1.6156125e-02  -7.2593691e-02   1.5262831e-01   8.3207317e-02   8.5372511e-02   2.8262182e-01  -5.4242539e-02   9.6235232e-02  -1.1745588e-01   2.5839849e-01   4.1078112e-02  -2.3186059e-01  -1.6514228e-01   4.3267117e-02   1.8332580e-01  -5.9308696e-02  -2.5328144e-01   2.3707517e-01   1.3184356e-02  -2.9055987e-01   8.7900522e-03  -1.7767767e-01  -2.1417827e-01   1.2303414e-01   6.3416054e-01   3.5667605e-01   7.0032364e-02  -7.8512330e-02   6.4150897e-02  -2.6920870e-01  -1.1257708e-01  -2.1503770e-01   1.0838351e-01   1.5989917e-01  -2.5247305e-01  -1.2680910e-01   9.3775234e-02   1.6029186e-02  -2.6535821e-01   1.6918656e-03   1.0345159e-01   2.5353836e-01  -3.5974620e-02   1.1276423e-01   1.1278713e-01   6.7039640e-03  -3.0419719e-02   4.4563978e-02   2.0078950e-01   1.0303177e-01  -2.7883674e-01  -6.1713386e-01  -8.4983428e-02  -1.5249091e-01  -1.7505828e-01  -1.3767334e-02   3.4093400e-01  -1.8449132e-01  -1.1749755e-01  -7.5201173e-02  -2.7325714e-01   2.1842448e-01
  -1.9921354e-01   0.0000000e+00   4.6049500e-01   8.1575822e-02   4.4550746e-01  -1.1398920e-01   2.6728586e-02  -1.1887559e-01   4.9656210e-01   1.0936261e-01  -2.6868257e-01   6.3719671e-01  -2.5946507e-01  -1.1786899e-01   1.4313446e-02  -1.4757484e-02   4.7232754e-01  -3.1142095e-01   1.6694690e-01   3.7201022e-01  -3.6009847e-01  -5.1445642e-01  -5.7824535e-01  -7.7757808e-02   9.5636446e-02   2.0106891e-01  -2.1636846e-02  -1.6802940e-01   3.3225854e-01   5.7428453e-01   5.5492082e-03  -1.6790999e-01   2.4397664e-01  -4.2342208e-01  -2.3762306e-01   4.0651631e-01   1.7941118e-01  -2.5928436e-02  -1.4779181e-01   2.8695357e-01  -1.5978979e-01   2.5166420e-01   2.8962154e-01  -2.4212855e-01   4.2847153e-01  -1.0650883e-01  -3.5705959e-02   5.2273325e-02  -9.5771989e-02   3.8965890e-01  -1.7734066e-01  -1.4449195e-01   3.4395546e-02   2.4773912e-01   1.6448877e-01  -4.0554568e-01   8.3583044e-02  -1.2233975e-01  -9.4243133e-02   1.4340045e-03  -1.6950444e-01  -3.3630470e-01   5.3445307e-01   1.7643372e-01   2.4352654e-03  -2.0040890e-01  -1.2180204e-01   3.5207135e-01  -1.4180837e-01  -1.3311303e-01   5.8022392e-01  -2.9090703e-01  -8.0254388e-02   4.6899861e-01   1.0537485e-01  -2.1626316e-02  -1.6055484e-01  -1.8083230e-02   6.5026866e-01   1.3304001e-01  -2.8827565e-01  -2.2432558e-01   7.6098632e-02  -8.4368383e-02  -1.6408152e-01  -2.5430074e-01  -3.5260807e-01  -6.8991134e-02   1.8463049e-01   6.3843285e-02   4.1390898e-01   2.2883440e-01  -4.1378127e-02   3.2768146e-01   7.8651952e-02   2.1262459e-01   2.3567999e-01   1.1105400e-01   2.5828276e-01  -1.4884104e-01  -5.1110415e-02   2.7211691e-01  -3.7285578e-01   6.8499013e-02  -5.2166113e-01   1.5183267e-01   3.2249198e-01  -9.6861354e-02  -2.9587648e-02  -7.8141265e-02   3.7965290e-01  -4.0402655e-01  -9.5572211e-02   5.4108004e-02  -9.6959479e-02   4.0661125e-01  -2.2371459e-01  -2.1434216e-01  -3.1352230e-01   2.4498341e-02   1.2560220e-02   3.5590143e-01   3.9096056e-01   2.0610973e-01  -5.4572330e-02  -1.9833964e-01  -3.3868396e-01   4.7227150e-01   1.0070822e-01   1.7955704e-01  -1.0679061e-02   2.6253037e-01   1.7416895e-01  -4.0922180e-01   3.9369289e-01   2.0049202e-01   2.1683299e-01  -1.7587501e-01   5.0474475e-02  -7.2133458e-02   1.7009576e-02  -1.7244613e-01  -2.7466147e-01  -3.4554933e-01  -3.7751048e-02   3.2240965e-02   6.0093748e-01  -1.6563639e-01  -2.6030052e-01  -5.5046717e-02  -1.9549430e-01  -2.3392340e-01   1.2920241e-01   8.0187024e-02   5.0861154e-01  -1.8980028e-01  -2.3286173e-02   2.1941192e-02   2.5409350e-01  -4.8512425e-01   1.2552174e-03  -2.3679035e-01  -1.7012937e-01  -4.5631540e-01   1.7640028e-02   3.1939402e-01   3.9112907e-01  -4.2706354e-02   3.2236410e-01   4.4542018e-01   5.7679063e-01  -3.6754987e-01  -1.6111966e-01  -2.5949043e-02  -3.1570499e-02   2.5387018e-01   8.8966596e-02
   4.4884485e-02   4.6049500e-01   0.0000000e+00   4.3008174e-01   4.6589714e-01   2.0537561e-01  -5.6083457e-02  -4.5580098e-02   2.4510224e-01   1.3056298e-01  -3.2126967e-01   4.9788243e-01   1.7048951e-01   2.8264561e-01   3.4850512e-02   2.6227240e-01   7.6672080e-01  -2.7081133e-01   1.5023940e-01   4.3391866e-01  -4.6320179e-01  -1.0374601e-01  -3.0675432e-01   2.0032154e-01   1.2789584e-01   1.3227905e-01   1.6627970e-01  -3.2184813e-01   4.6256455e-02   2.7488869e-01  -1.5976103e-01  -1.7646611e-02   3.7438689e-01  -1.7779101e-01  -1.8439384e-01   4.5890047e-01  -1.1130705e-01   8.4661823e-02   2.3555105e-01   4.3918712e-01   2.4276420e-01   4.1167243e-01   4.6692706e-03  -1.2092686e-01  -1.0988536e-01   1.5206034e-01   3.6416070e-01  -1.5714440e-01  -2.5087095e-01   7.1187377e-01  -7.3324597e-02  -1.4003378e-01  -1.5560191e-01   2.0781340e-01   2.5859719e-01  -1.5741320e-01   1.1169199e-01   1.6868259e-01  -7.4584227e-02   1.0721996e-01   2.8956358e-01  -1.3335133e-01   2.0246560e-01  -1.7382811e-01  -3.9703683e-01  -3.1304009e-02   2.1889323e-01   8.5813746e-02  -2.4427249e-02   2.9056453e-01   3.4128152e-01  -1.6217800e-01   2.8780665e-02   6.8635587e-01   4.1089541e-02   3.3740060e-01   3.8981904e-01   1.5119866e-01   3.1332531e-01   5.0105639e-02  -2.6857755e-01   7.7543973e-02  -1.3743402e-01  -2.2435745e-01   1.8378112e-01   7.1573674e-02  -2.3899717e-01   1.9526048e-01   8.5465326e-02   3.6759234e-02   1.3472835e-01   7.2521552e-01   1.0197236e-01   9.4857751e-02   1.7836296e-01   1.3931698e-01  -5.7607877e-02   7.4406365e-02   4.2583251e-01  -3.7241633e-01   1.1100656e-01  -6.2112320e-02  -3.1856498e-01   4.3189087e-03  -2.9974109e-01   4.0454498e-01   2.3849898e-01   2.4741060e-01  -3.3727378e-02   2.7408403e-01   1.3415825e-01  -2.0570208e-02  -1.7246447e-01  -3.9718924e-02  -1.7864465e-01   2.0863881e-01  -3.1221324e-01   7.0954192e-02  -3.0376743e-02   2.4555973e-01   4.1153450e-01   2.2122231e-01   3.3173053e-01  -2.3809590e-01   1.7127791e-01   1.0471972e-01  -3.6774315e-01   1.3127660e-01   2.5222295e-01   4.7426998e-01   2.1109261e-01   3.4219201e-02   3.5298819e-01  -3.2404537e-01   2.4088625e-01   1.7350204e-01   1.2273865e-01  -3.3163680e-01  -7.5421298e-02   6.4368990e-02   1.8407455e-01   1.6507373e-01  -3.5066987e-01  -2.6063047e-01  -2.0680218e-01  -1.4131769e-01   3.3099036e-01  -5.4573755e-02  -8.8828069e-02  -4.1029742e-01   2.5958028e-01  -1.3438373e-01   3.0205522e-01  -7.5322164e-02   5.7214568e-01  -2.5161855e-01   3.2840867e-01  -1.3757285e-02   5.3798627e-01  -2.5926361e-01  -2.3495800e-01  -3.5588748e-01  -1.0488767e-01  -2.9454406e-01   3.8466176e-01   1.6560120e-01  -8.7508573e-02  -1.7593668e-01   4.5655478e-01   1.3395131e-01   2.3980797e-01   1.0461226e-01  -3.7519542e-01   1.7441512e-02  -7.2614728e-02   9.9230624e-02   3.9585288e-01
   1.6809876e-01   8.1575822e-02   4.3008174e-01   0.0000000e+00   1.8624095e-01   3.1005235e-01  -4.2472141e-02  -3.9810737e-02   6.9557426e-02   4.5116154e-02  -4.7037571e-02   7.5399041e-02   1.0834334e-01   2.6202304e-01   1.7849669e-01   5.6005720e-01   2.7035378e-01   3.8519964e-01  -2.3266926e-02   3.0877967e-01   1.8101117e-01   3.1202383e-01   1.5673166e-01   8.4658585e-02  -1.4623965e-02  -1.4456174e-01   1.3252702e-01  -3.0343317e-01   1.5327897e-01  -1.1362055e-01   1.1594488e-01   5.7423292e-01   3.9111086e-01   7.1897638e-03  -6.8324331e-02   5.7581378e-01  -1.7446021e-01   1.4068117e-01   3.9933661e-01   1.3675541e-01   4.2206633e-01   5.0393449e-01  -2.1486965e-01  -1.3574361e-02  -7.2594338e-02  -2.3608885e-01   4.8496072e-01  -7.4496805e-02  -8.3551728e-02   2.1686211e-01   3.9992604e-01  -3.0500568e-04  -1.5882311e-01   1.8542269e-01   4.3623529e-01  -1.0211791e-02  -8.0577412e-02   3.7953560e-01   5.7180116e-01   8.7825632e-02   2.3413926e-01   7.4277753e-02   5.4711088e-02  -2.4937565e-01  -2.0260713e-02   9.5290595e-02   1.5949545e-02  -4.0342140e-01   6.0278754e-02  -7.0344003e-02   2.3316698e-01   5.1627426e-02   4.3526988e-01   3.8030555e-01   1.0611877e-01   4.2720629e-01   2.1288496e-01   1.4638659e-01   2.0448382e-01  -1.2162358e-01  -1.7021638e-01   4.2534403e-01  -1.8498143e-01  -2.4380873e-01   1.2895479e-01   5.0309512e-01  -1.9030177e-02   1.0220643e-01  -4.3687027e-01   6.7183718e-02   1.0954413e-01   4.1898352e-01   2.1333614e-01  -5.2691917e-03  -3.1652204e-02   2.1801916e-02  -3.2344601e-01   3.9500971e-02   9.3296046e-02  -8.9276172e-02  -3.5854425e-02  -1.8254422e-01  -5.4599812e-02  -5.4057238e-02   2.7553531e-01   5.7696855e-01   3.5292023e-01   2.8025251e-01  -1.5242886e-01   3.1017242e-01   9.4198345e-02   4.1425998e-01   3.0819811e-01  -1.0039721e-01  -5.5507835e-02  -1.2175829e-01  -1.6868432e-01   2.9376298e-01  -3.3392389e-01   5.7434243e-01   3.7635737e-01   1.0718773e-01   3.1674366e-02   1.1704839e-01   1.1838915e-01   4.1576142e-01   4.8503728e-02   9.5571715e-02   6.2188447e-01  -8.7009469e-02   2.2750344e-01  -1.1971451e-01   3.3680117e-01   1.4727705e-02  -7.5972790e-02   1.4310782e-01   8.8388591e-02  -3.7606253e-01   7.2060248e-02  -1.4164871e-01   1.6180705e-02   1.0906790e-01  -2.5312683e-01  -3.2447874e-01   1.7443164e-01   2.1099113e-01   1.4550979e-01   1.6870630e-01   2.4724957e-01   1.2200622e-02   2.7797335e-01  -2.0878913e-01   4.4860606e-01  -5.1590253e-02  -7.9942767e-02  -4.0093258e-01   1.4644370e-01   4.8674947e-01   3.7504411e-01   8.6741381e-02  -2.7162538e-01  -2.0807121e-01   5.3839959e-02   3.7725410e-01   6.6403978e-01  -1.9891887e-01  -1.7050759e-01  -3.3061376e-01   4.1485417e-01   2.0818817e-01   1.0303148e-01   1.5680509e-01  -5.8653294e-02  -3.7225064e-01  -3.3719028e-01   2.6477233e-02   5.0103582e-01
  -2.2106020e-02   4.4550746e-01   4.6589714e-01   1.8624095e-01   0.0000000e+00   7.2216558e-02  -6.9267443e-02   1.9812766e-02   2.3056001e-01   4.6306610e-02  -3.8142803e-01   2.8345719e-01   3.0614403e-02  -7.1269404e-02  -1.2798106e-01   4.3230453e-02   4.9813158e-01  -2.7209154e-01   8.0017128e-02   8.2113249e-01  -5.6681799e-01  -3.8812539e-01  -4.6132809e-01   1.0410093e-01   1.3099216e-01   2.4454040e-01  -9.3768660e-02  -3.0521390e-01   2.1794135e-01   2.1218368e-01  -2.8238074e-01   8.4803285e-02   2.7182844e-01  -3.8396726e-01  -2.7612023e-01   4.2325005e-01  -9.9347770e-02  -4.1136114e-02   9.5798435e-02   2.1973936e-01   1.0454867e-01   2.8287387e-01   4.5275068e-01  -3.9089141e-01   3.7510218e-01   1.3306048e-01   1.8454725e-01  -2.9707634e-01  -4.0442671e-01   3.7563396e-01  -2.4646087e-01  -5.7732476e-02  -3.0790572e-01   3.0434328e-01  -5.4420044e-02  -3.6080899e-01   2.5770308e-01   3.7409914e-01  -1.0463500e-01  -9.7358712e-03   5.9881365e-02  -6.9372401e-02   3.7655470e-01  -1.0681067e-01  -1.5351463e-01   1.8180786e-02   1.7311859e-02   2.5013050e-01  -2.4176847e-01   4.8675725e-02   2.1336861e-01  -3.2562884e-02   1.1688026e-01   3.6717730e-01   1.6842774e-01   2.6497844e-01   9.9957838e-02  -1.2359520e-02   4.6594225e-01   2.6394878e-01  -2.8802315e-01   4.4072412e-02  -2.1210377e-01   7.3163573e-02  -1.4760851e-01  -1.1287618e-01  -5.3869454e-01   5.8321760e-02   2.5114093e-01   4.9104032e-02   3.9088835e-01   4.1229820e-01  -2.5813032e-03   2.9205444e-01   1.8489140e-01   5.1755321e-01   2.9742765e-01   3.1149811e-01   4.8053827e-01  -2.5855975e-01  -7.9492034e-02  -2.5924881e-01  -5.0403891e-01  -2.3506424e-01  -3.5656702e-01   1.5652510e-01   2.7515539e-01   1.5121353e-01  -1.9036450e-02  -1.8574625e-01  -4.7884298e-02  -3.5226799e-01  -1.0029799e-01   1.7940136e-01  -2.0596987e-01   3.2253549e-01  -2.1321042e-01   5.2268178e-02  -1.0825694e-01   1.2043094e-01   2.4047776e-01   4.7923094e-01   2.8888959e-01  -1.2391457e-01   2.5753750e-01  -2.1789320e-01  -2.7240024e-01   2.4312868e-01   1.5928869e-01   2.8077787e-01   1.0219681e-01   3.0110610e-02   3.0445486e-03  -6.3928179e-01   4.3545278e-01   1.6591210e-01   3.3380482e-01  -3.9801605e-01  -6.6696413e-02   1.1655440e-02   3.3055986e-01   2.0547634e-02  -2.0712983e-01  -2.1347874e-01  -4.1998485e-01  -5.7616644e-02   3.5958206e-01  -1.8686672e-01  -3.0903306e-01  -3.9710681e-01  -1.8688519e-01  -1.9257685e-01   3.7399561e-01   2.7112191e-02   3.6322155e-01  -1.2718898e-02   1.7281071e-01  -7.4912308e-02   4.1355867e-01  -5.1281994e-01   1.4936526e-01  -1.0773884e-01  -2.4911111e-01  -3.7520800e-01   2.5790631e-01   1.6095126e-01   8.9652144e-02   5.7894169e-02   2.5296286e-01   1.4905879e-01   3.8723635e-01  -7.7561093e-03   2.8888459e-02   9.9372497e-02   2.8467791e-02   2.8226067e-01   5.5139950e-02
  -4.0536242e-02  -1.1398920e-01   2.0537561e-01   3.1005235e-01   7.2216558e-02   0.0000000e+00   8.0453855e-02   2.7370478e-01  -8.5707965e-03  -1.8122528e-01   3.3553323e-02  -2.3702828e-02   1.9039045e-01   1.6525134e-01  -1.4539431e-01   1.6389533e-01   1.5776404e-01   9.2185810e-02   1.3460647e-01   2.7824630e-01   7.0739555e-02   3.7275896e-01   1.0651389e-01   2.2997348e-02   1.8637552e-02   2.4028461e-01   4.0207428e-01  -1.0132744e-01  -7.1703382e-02   4.1458319e-02  -2.4923301e-01   1.0590173e-01   9.1096686e-02  -1.5912910e-02  -8.4045168e-02   1.1802438e-01  -1.0776350e-02  -1.8887078e-01   1.3900271e-01   2.2201226e-01   3.7051471e-01   1.5027225e-01  -2.9136599e-01   3.1858092e-01  -1.9091259e-01   1.4546636e-01   1.9747530e-01  -2.5664053e-02  -2.4167058e-02  -3.6563454e-02   1.4040625e-01   3.9951843e-01   1.7628008e-02   4.2728804e-03   3.2660081e-01   1.0960643e-01   3.3011360e-01   2.8649795e-01   3.1314398e-01   1.6274883e-01   2.8227825e-01  -3.2978436e-03  -1.2292885e-01  -1.6304644e-01  -5.3952042e-02   9.1968686e-03   3.8751381e-01   1.6720862e-02   3.0986256e-01   3.7142777e-01  -8.0526361e-02   7.4320450e-02   1.7104435e-01   2.2947879e-01   3.8520129e-02   3.7054274e-01   1.2514259e-01   3.0166565e-01  -2.2583038e-01   1.4395216e-02   2.8359458e-01   1.4688057e-01  -2.0474873e-01   1.0550756e-01   3.6143663e-01   1.2136524e-01  -2.6705892e-02  -1.0448885e-01  -2.4591877e-02   1.8225059e-01  -2.8204854e-01   2.1943174e-01  -6.7132481e-02   1.0861121e-01  -2.5542388e-01   8.7180049e-02   1.8441710e-02   4.4464516e-01   1.6531727e-01  -2.3211859e-01   1.1527677e-02  -1.6937831e-01   1.5987305e-01  -1.1268287e-01   8.7741665e-02   2.5974631e-01   9.3584255e-02   4.6135709e-01   1.6240076e-01   1.6628767e-01  -1.3501947e-01   2.3830674e-01   7.1004371e-02   3.8481402e-02  -1.2348163e-01  -1.4289041e-01   3.8267113e-02   2.9797044e-01   3.7981309e-02   3.0316269e-01   3.3773107e-01  -1.7171883e-01   8.2577812e-02  -7.7394778e-02   3.3414528e-01   3.4060225e-01  -3.1592411e-02   2.1579369e-02   2.6168278e-01   5.6792070e-02   1.9769722e-01   4.8758601e-03   4.1068116e-01  -1.3992137e-01  -1.0380203e-01   3.2313495e-01   1.9526265e-02   1.0357626e-01   1.0271853e-01  -1.2662123e-01   7.9597364e-02   2.1908341e-01   2.5467872e-01   9.3929060e-02  -2.2599676e-01   4.3609691e-03  -7.5728931e-02   7.9011120e-02   1.0738169e-01  -1.9176963e-01   2.4719376e-01   2.5546649e-01   3.4432515e-01   9.6376469e-02  -9.1521086e-02   7.6973872e-02   3.3205231e-01   2.5788004e-01   3.4180933e-01   3.8441696e-01   3.3503121e-02  -9.6516878e-02  -3.8643614e-02   1.3718725e-02   1.5956374e-01  -7.7528927e-02   1.9606229e-02  -1.5468377e-01   2.5288764e-01   8.6192546e-03  -1.2536383e-01   1.3413992e-01   4.1337696e-02  -6.0106986e-02  -3.1113038e-02   1.7035492e-01   4.5458898e-01
  -2.9617367e-01   2.6728586e-02  -5.6083457e-02  -4.2472141e-02  -6.9267443e-02   8.0453855e-02   0.0000000e+00  -2.3189679e-01   1.5108859e-01   5.2662941e-01   8.4802468e-02   5.0392128e-01  -2.6782355e-01  -5.8713276e-02   4.1594772e-01   8.5291653e-02  -2.7631422e-01   1.5814140e-01  -4.6641307e-01   5.7905175e-02   2.5546116e-01   5.4512025e-02   4.8307927e-01  -2.2888818e-01  -2.2006690e-01  -1.6096295e-01   1.1527542e-01   2.1868898e-01  -3.5560720e-01   4.6635803e-01  -7.5593287e-02   8.3730551e-03  -2.8364132e-01   6.0706494e-01   5.5010970e-01  -2.0698703e-02   1.8106132e-01  -7.2044200e-02  -9.2857519e-02   3.2502371e-01  -1.9747177e-01  -2.2976810e-01  -4.2008820e-01   5.2810587e-02   5.9919032e-02  -2.2650171e-01   1.0113793e-01   6.3473332e-01  -2.0093573e-01  -2.5557154e-01   2.8096655e-01  -2.3270451e-01   3.3456731e-01  -3.3621117e-01   7.8965548e-02   2.5298622e-01  -3.3179241e-01  -3.3493806e-01  -7.7432506e-03   1.7017428e-01  -1.5785733e-01  -3.0679231e-01  -2.0886896e-01  -1.1382733e-01   1.9346068e-01   7.2958651e-01   2.9620968e-01  -2.0888617e-01  -2.1520673e-01   3.0605183e-01  -1.2653225e-01  -1.4327320e-01  -9.6635415e-02  -1.0417201e-01  -2.5169196e-01  -1.2770622e-01  -2.0126206e-01  -3.6978303e-02  -3.8935414e-01  -3.5586179e-01   7.1480461e-01   4.5947540e-02   1.5266537e-01  -3.3709603e-01   5.5841669e-02  -2.4819305e-02   3.8961424e-01  -1.0555584e-01   2.8544392e-01  -3.4960796e-01  -5.1189236e-02  -3.3596487e-01   3.4599771e-01   9.3644273e-02  -1.6810450e-01  -3.9102483e-01  -2.0272841e-01  -1.0293318e-01  -2.2404520e-01   6.0293916e-01  -2.1241204e-01   6.2352536e-01   4.5758822e-01   2.4226530e-01  -8.3463024e-02  -1.4809133e-01  -2.7083378e-01  -2.6694585e-01   4.5838124e-01  -3.9607635e-02   4.2810495e-01   1.2711337e-01   7.7373113e-02  -7.7648036e-02   4.8426032e-01   1.5243635e-02  -4.5464919e-03  -1.8231687e-01   2.0801238e-01   4.3672722e-02  -3.0982140e-01   1.6254491e-01  -2.0215416e-01  -7.2042097e-02  -2.5086864e-01   2.0805115e-01   2.4399037e-01  -2.0945679e-01  -3.7072121e-01  -1.6307829e-02   5.3713462e-02   3.8313460e-01  -1.0505470e-01   6.5250362e-02  -2.0459546e-01  -3.7031348e-01  -4.6656527e-01   2.9129399e-01  -2.8871114e-01  -1.7506645e-01  -2.4330521e-01  -3.5836399e-01   9.5442269e-02   2.5476642e-02   3.9755885e-01   5.3237285e-02   2.6493684e-01   2.7206538e-01   2.2955979e-01   1.8788307e-01   4.2481092e-01  -6.1542612e-02  -3.0401166e-01   2.3300421e-01  -3.4904790e-02  -1.4180301e-01  -6.4099944e-02   2.8742032e-02  -1.8776562e-01  -2.8020336e-02  -3.2275271e-01  -1.3023325e-01   2.9675580e-01   2.1548032e-02  -1.5971436e-01   3.7894839e-01   4.2271948e-01  -2.3278309e-01  -1.0535773e-01  -1.8535024e-01  -2.4233365e-02  -2.5750195e-01   4.0153033e-02  -8.8234163e-03  -2.3082652e-01  -1.6629623e-01  -1.2292495e-01
   2.7086424e-01  -1.1887559e-01  -4.5580098e-02  -3.9810737e-02   1.9812766e-02   2.7370478e-01  -2.3189679e-01   0.0000000e+00  -4.4547426e-01  -4.4436134e-01   9.9413344e-02  -4.5483763e-01   9.9916274e-02  -1.1660927e-01  -3.7800176e-01  -7.1828816e-02   1.4532266e-01  -1.5476183e-01   3.0218857e-01   9.4950403e-03  -4.4018863e-02   7.8784114e-02  -1.4956287e-01  -2.0354479e-02   5.8445923e-03   2.8521311e-01   5.6443799e-02  -1.3881811e-01  -2.1221873e-01  -3.6339171e-01  -1.8046547e-02  -1.1587479e-01  -1.2420752e-01  -2.0234146e-01  -4.3264283e-01  -2.8473710e-03   1.7495009e-01  -9.5210707e-02  -5.0587885e-02  -1.9144903e-01   2.2694401e-01   8.7593006e-03  -5.0785191e-02   5.2611003e-01  -2.0827751e-01   5.2996118e-01   1.6567883e-01  -3.9966460e-02   2.9790259e-02  -3.5315792e-02  -8.2368754e-02   5.8977069e-01   2.5427785e-02   3.6702923e-02  -7.2872828e-02   2.8001131e-01   2.9902897e-01   1.5609233e-01   1.2410905e-01  -3.3859901e-01   2.7319355e-01   1.0805640e-01  -2.2608065e-01   4.4699595e-02  -2.6464991e-01  -2.0034908e-01   3.5694854e-01  -7.9126050e-02   1.3461856e-01   1.7133526e-01   1.1512355e-01   2.7856774e-01   9.0301143e-02  -2.7604942e-01  -1.1528353e-01   2.0550768e-01   2.1323638e-01   1.9394202e-01  -3.3146918e-03   3.8977470e-02   8.6841243e-02  -2.2315977e-01   1.2613260e-01   3.8167522e-01   2.1867200e-01   3.8167551e-02  -3.2146417e-01  -1.6976791e-01  -2.6652610e-02   1.5701115e-01  -3.2006840e-02   1.9067773e-01  -6.0822685e-02  -3.0171326e-01   6.1651071e-02   2.5434484e-01  -3.7475782e-03   2.5828950e-01  -6.0137745e-03  -2.7737799e-01   4.1634542e-01  -3.1716103e-01  -1.5991761e-01  -4.6419309e-01   2.1131103e-03   5.0460531e-02  -1.6183624e-01   5.1870745e-01  -6.7880890e-03   6.3245651e-02  -3.2008435e-01  -1.6682142e-01  -7.9359906e-02   1.5590984e-01  -5.8332054e-02   1.8287071e-02   2.5242303e-01   8.5741153e-02   2.1508696e-01  -1.3752694e-02   1.6659938e-01  -8.0370942e-02   3.9528792e-02   4.7379897e-02   4.6716895e-01  -2.0725783e-01  -2.3593915e-01  -1.5722979e-01   2.3576885e-01   1.9832592e-01  -6.2516620e-02  -1.4924219e-02  -6.0743106e-02   4.9926357e-02  -2.0703038e-01   2.7385228e-01  -4.7902849e-03   1.4436601e-01   1.0725557e-01   1.8542838e-01   2.5358848e-01   1.3613580e-01   4.1432780e-01   1.9691936e-01  -4.3604957e-01  -2.7656794e-01   1.0065355e-01  -1.2383097e-01  -3.2035380e-01  -1.1130737e-01   4.2425535e-02   5.5798595e-01   9.6613648e-02   8.5025801e-02   5.5599049e-02   2.0256509e-01   1.0821118e-01  -4.3207324e-02   2.7719142e-01   1.0681609e-01   2.1549736e-01   3.9263375e-01   2.1252527e-02  -1.3812686e-01  -3.2793420e-03  -2.1552933e-01  -2.1823805e-01   2.0109450e-01  -4.2060530e-02   1.1938270e-01  -1.9254014e-01   2.7882073e-01  -5.3631911e-02  -1.5301124e-01   1.5065064e-01   1.0442730e-01   3.1406151e-01
  -3.8806836e-01   4.9656210e-01   2.4510224e-01   6.9557426e-02   2.3056001e-01  -8.5707965e-03   1.5108859e-01  -4.4547426e-01   0.0000000e+00   3.1440491e-01  -9.5309603e-02   6.7073068e-01  -1.1751928e-01  -5.2182783e-02   2.7467192e-01   1.2573116e-01   1.2402659e-01  -2.2238284e-01   1.5208068e-01   2.6655683e-01  -2.8867434e-01  -2.6845245e-01  -2.3794362e-01  -1.6283019e-01  -1.2002851e-02   6.8270608e-02   2.8865285e-02   1.6440272e-01   3.2043725e-01   5.7005553e-01  -8.9662210e-02  -8.0179123e-02   2.9946992e-01  -5.1885359e-02   2.7009003e-01   2.6788116e-01  -1.8159003e-01  -1.1606116e-01   1.5588687e-01   2.7280867e-01  -2.0298189e-01   1.8163649e-01   8.2620095e-02  -3.6977048e-01   3.9795752e-01  -3.4073486e-01   1.0403748e-02  -1.4194318e-01  -3.5066954e-01   1.2474013e-02  -2.2312061e-01  -2.5794876e-01   1.8120058e-02   1.5063220e-01  -5.6569050e-03  -3.4419271e-01   7.1216078e-02  -7.9444725e-02  -7.7027864e-02   5.6276678e-01  -3.4051010e-01  -3.7855655e-01   4.8170258e-01   1.9881427e-01   2.1578772e-01   1.1461438e-01  -1.7009828e-01   2.2256767e-01  -7.4817394e-02   2.5225082e-02   2.0223161e-02  -1.6495513e-01  -1.0402637e-01   4.4114987e-01   2.8232533e-02   3.6542928e-02  -3.5805540e-01  -4.7548884e-02   3.5078149e-01   1.2562984e-01  -1.4486104e-01   1.4679088e-01  -2.9993233e-02  -7.3764597e-02  -2.6250307e-01  -1.0923311e-01   7.4919784e-02  -8.9825525e-03   3.0770911e-01  -8.5725769e-02   1.8281778e-01  -3.6703801e-02   1.1889925e-01   6.6019231e-01  -1.7489081e-01  -1.0840521e-01   8.5252668e-02   2.8546168e-01   8.6137797e-02  -3.8458092e-02  -3.6986600e-01   2.7135631e-01   2.3231039e-02   5.5222600e-01  -2.9624581e-01   3.4082896e-01   1.5501329e-01  -1.6319127e-01   9.3962302e-02   1.9959386e-02   3.5613824e-01  -1.4733948e-01   5.3095227e-02  -1.7752268e-01   1.3735973e-01   4.5122212e-01  -2.1624051e-02   2.9319518e-02  -1.4059558e-01  -3.1186759e-02  -1.9923111e-01   2.5041972e-01  -5.9235470e-03   1.4257149e-01  -2.7449578e-01   2.4287149e-01  -1.2647206e-01   1.6154833e-01   2.7117558e-01   8.9322242e-02   3.2670123e-01   2.2925052e-01   1.2253137e-01  -2.5942319e-01   5.8807880e-01   3.8745966e-02   2.0762434e-01  -8.6142541e-02  -3.5531484e-03  -1.3350011e-01  -1.6333283e-01  -4.2087186e-03  -1.4484901e-01  -4.8185374e-02   2.3107319e-01   4.6183488e-01   1.7517465e-01   4.1899039e-02   5.3741915e-02  -1.8108270e-01  -6.5183606e-02  -2.9267357e-01  -1.1039457e-01   1.7978294e-01   3.4952431e-01  -3.0660782e-01  -1.6825934e-01   2.3814402e-01  -4.2655183e-02  -2.9371161e-01  -2.0277110e-01  -1.3984766e-01  -2.4517992e-01  -1.9600062e-01   4.6275110e-03   4.6295729e-01   5.9473931e-01   1.1022602e-01   1.8028414e-01   5.0458934e-02   5.4022949e-01  -3.9386823e-01  -2.3249098e-02   2.5767270e-01   4.9185632e-02   6.9874946e-02  -5.6697141e-02
  -2.0526095e-01   1.0936261e-01   1.3056298e-01   4.5116154e-02   4.6306610e-02  -1.8122528e-01   5.2662941e-01  -4.4436134e-01   3.1440491e-01   0.0000000e+00  -8.7054166e-02   4.9268010e-01  -1.1650726e-01   9.1296560e-02   3.1967234e-01   8.0620669e-02  -1.1022733e-01   5.3151661e-02  -2.1760685e-01   9.1850452e-02   2.2395804e-02  -1.0219823e-01   2.5784627e-01  -6.4783273e-02  -2.0810847e-01  -5.8431311e-02  -1.8871257e-02   1.8965491e-01  -1.2472157e-01   3.1565965e-01  -1.9830373e-01  -6.6643300e-03   5.8889217e-02   4.1764302e-01   4.9565688e-01   1.8713822e-01  -3.4077960e-02  -7.9688539e-02   1.0100135e-01   2.0620717e-01  -2.0935141e-01  -4.1725369e-02  -2.4620272e-01  -2.1155124e-01   2.6178832e-01  -4.9145859e-01  -3.7072373e-02   2.0997808e-01  -3.6302336e-01   1.9608808e-03  -1.2653373e-02  -4.8027201e-01   1.0163459e-01  -8.8724355e-03  -2.0208822e-01   7.3170654e-02  -2.4303651e-01  -2.3375858e-01  -6.5276368e-02   2.2539910e-01  -2.4370084e-01  -3.0586697e-01   5.2106202e-02  -1.7396565e-01  -4.1582265e-02   5.7980534e-01  -2.2361925e-01  -1.0140246e-01  -2.5835280e-01   1.6074037e-01  -3.4886690e-02  -2.2079730e-01  -1.3162234e-01   1.5556779e-01   6.4000308e-02  -2.5293275e-01  -2.2354844e-01  -3.2550275e-03  -1.5223790e-02  -2.1715253e-01   1.6000376e-01   1.0001813e-02   1.6285260e-01  -2.4315859e-01  -5.3250109e-02   5.3877276e-02   2.9017916e-01   1.8585167e-01   1.7976356e-01  -2.0620490e-01   6.7458133e-02  -2.2174089e-01   3.5483308e-01   1.0489067e-01  -1.0984609e-01  -2.8390062e-01  -1.3468971e-01  -8.0121743e-02  -2.0707360e-01   6.6750591e-01  -2.2361325e-01   3.8158805e-01   1.7389282e-01   2.7476659e-01  -2.1258985e-01  -7.2339984e-02   7.4847395e-03  -4.1998473e-01   2.3147413e-01   2.1036194e-01   5.1766066e-01  -5.9323187e-03  -4.7059826e-02  -1.7810688e-01   3.7532829e-01   1.8572084e-01  -4.5808471e-02  -1.5190933e-01   4.0466203e-02  -6.7988489e-03  -2.6050994e-01   3.5055632e-01  -1.8349759e-01  -2.2534384e-01  -3.3026813e-01   1.8116891e-01   9.0386677e-02   3.4520354e-02  -1.9026404e-01  -5.1414187e-02   1.2369894e-01   2.7182515e-01   5.8414239e-02   2.6112821e-02   2.8878518e-04  -4.0401578e-01  -1.8937498e-01   8.7271214e-02  -3.6926531e-01   3.7870486e-02  -1.8173525e-01  -1.3986059e-01  -2.2818353e-01  -5.9931763e-02   3.4938369e-01   1.1154050e-01   2.5503321e-01   1.6673105e-01   3.8295038e-01   1.6040788e-01   3.0812302e-01  -4.0062997e-01  -2.3766664e-01   1.1706701e-01   3.9035218e-02  -1.7040397e-01  -2.1440205e-01   9.2640339e-02  -2.1000205e-01  -2.7801148e-01  -4.8647763e-01  -3.0404666e-01   3.2812291e-01  -3.4388796e-02  -4.2857752e-02   3.5075881e-01   3.5179990e-01  -4.2129385e-02  -3.8098502e-02  -2.1120115e-01   1.8575820e-01  -3.6038877e-01  -1.1197230e-03   1.7532352e-01  -1.4460409e-01  -8.0913892e-02  -2.7991476e-01
  -4.8861211e-03  -2.6868257e-01  -3.2126967e-01  -4.7037571e-02  -3.8142803e-01   3.3553323e-02   8.4802468e-02   9.9413344e-02  -9.5309603e-02  -8.7054166e-02   0.0000000e+00  -2.6777372e-01   8.4839171e-02  -1.1975454e-01   2.4398370e-01  -8.6241781e-03  -2.6059489e-01   3.6411496e-01   5.4244777e-02  -4.0692243e-01   3.4975887e-01   3.2720904e-01   2.9449689e-01  -2.2153849e-01  -2.4587807e-01   1.0395110e-01   3.4775133e-01  -6.4150231e-02  -2.3921097e-01   1.8358969e-01   4.1673206e-01   4.8930367e-02  -2.7136931e-01   4.5544489e-01  -2.2536010e-02  -1.3115782e-01   1.2742718e-02   3.3284970e-02   1.2567925e-01  -2.0494386e-03   2.2498456e-02  -5.6521857e-01  -4.7938580e-01   3.0897723e-01  -1.9943030e-01  -1.6852914e-01   3.8417141e-01  -4.4493561e-03   1.2471226e-01  -3.3388425e-01   2.0542901e-01   2.6018974e-01   5.3221395e-01  -2.6216622e-01  -3.2825262e-02   5.0893194e-01   8.3046576e-02  -7.1650469e-02   2.3524357e-01   4.9361948e-02  -5.6660377e-02  -7.2563030e-02  -4.2008610e-01   5.9752178e-01   3.6408962e-01   6.0267705e-02   1.9956132e-01  -1.5886987e-01   5.6730324e-01  -2.2514203e-01  -3.5500016e-01   1.0118984e-01   9.0165976e-02  -2.5920506e-01  -3.3249441e-02  -2.1552371e-01  -5.6951884e-02   3.5744712e-01  -3.4712590e-01  -2.4204261e-01   1.1572768e-01   8.2907315e-02   5.2816452e-01   2.5243130e-01   4.6650091e-02   1.8873214e-01   2.6661284e-01  -9.0458394e-02   3.6001666e-02   5.3119249e-02  -1.7854792e-01  -3.1106293e-01   1.9008685e-01  -1.8678774e-01  -1.4181919e-01  -1.1904049e-01  -1.5316573e-01   4.0579272e-02  -2.2232349e-01   1.1422041e-01  -3.0056519e-01   2.4108479e-01   5.0462007e-01   2.4101788e-01   3.3790881e-01  -3.0167729e-03  -3.9038671e-01   3.9952576e-02   3.7267174e-02   1.3461894e-01   8.7310371e-02   3.3791502e-01   8.4542924e-02   6.5015077e-02  -1.0201058e-01   3.5273220e-02   4.2123516e-01   1.6119816e-01  -9.1569696e-02  -1.8053879e-01  -2.7061045e-01  -3.2542596e-01  -3.8928891e-01   2.5070319e-01  -6.0399634e-02   2.0128966e-02   1.2572443e-01  -3.2923461e-01   7.6273374e-03  -4.1868696e-01   4.8901196e-02   1.9969635e-01  -1.4524871e-01   6.4913638e-01  -2.8931957e-01   1.3895492e-01  -2.6036786e-01   1.5295695e-01   3.6113451e-01  -9.7559015e-02  -2.7407953e-01  -1.5713278e-01   3.7781534e-01   4.2475114e-04   2.6654128e-01   3.0693750e-01  -3.9239383e-01   1.9900129e-01   1.4944005e-01   2.4479199e-01   6.0330989e-02  -1.5275246e-01  -4.4165711e-01   3.5284795e-01  -1.8277618e-01  -1.5796976e-01  -2.1517327e-01   2.7313622e-01  -3.1357881e-01   5.1093844e-01  -2.2996307e-01   2.8730080e-01   1.9501796e-01   2.9942590e-01  -2.2276294e-01   1.3687897e-02   1.5999189e-01   2.4068110e-01  -2.4821194e-01   1.6801060e-01  -2.6345904e-01  -8.7404926e-02   3.0828718e-01   7.3291316e-02  -1.1289357e-01  -3.0639454e-01   8.7186604e-02
  -3.9170427e-01   6.3719671e-01   4.9788243e-01   7.5399041e-02   2.8345719e-01  -2.3702828e-02   5.0392128e-01  -4.5483763e-01   6.7073068e-01   4.9268010e-01  -2.6777372e-01   0.0000000e+00  -2.3953292e-01   1.4556066e-02   3.5916106e-01   3.2485905e-02   2.8096123e-01  -2.1085916e-01  -1.1840420e-01   3.6335651e-01  -2.6648227e-01  -2.9929485e-01  -2.4326402e-01  -1.3094533e-01   2.4710270e-02   5.9980516e-02   1.7668459e-01   6.3633691e-02   4.2450623e-02   7.2112157e-01  -6.7577537e-02  -1.6553963e-01   1.8275525e-01   7.5434445e-02   2.9636803e-01   3.5657539e-01  -1.9314284e-02   1.5094619e-02  -8.8684883e-02   5.4249147e-01  -2.2544028e-01   1.4127152e-01  -8.7281243e-03  -3.4458641e-01   3.8721379e-01  -2.6091923e-01   6.6897101e-02   1.6250631e-01  -3.5135161e-01   2.6675632e-01  -6.8736496e-02  -3.6767515e-01   1.9441390e-01   2.8269455e-02   1.9557297e-01  -2.8168573e-01  -1.7788105e-01  -2.2052231e-01  -2.0087933e-01   3.9290196e-01  -2.1085894e-01  -4.5198482e-01   3.4064809e-01   3.8709402e-02   3.5852698e-02   2.6802632e-01   4.9781343e-02   3.1270372e-01  -1.6526099e-01   2.0698837e-01   1.5058652e-01  -3.4151145e-01  -2.0490259e-01   4.9638135e-01  -1.0560202e-02   4.0430865e-02  -2.0205163e-01   2.7229882e-02   2.2113427e-01   6.4312279e-02   5.8371720e-02  -2.7387888e-04  -4.3526045e-02  -2.7701798e-01  -8.0226158e-02  -2.9184686e-01   3.7807122e-02   1.4396051e-01   3.7219715e-01  -9.4029540e-02   1.1980909e-01   8.5407702e-02   2.1963921e-01   4.3882979e-01   2.1378799e-02  -1.9169570e-01   1.0976780e-01   4.1220967e-02   2.1787382e-01   1.1366140e-01  -2.4590104e-01   5.2969150e-01  -4.5243221e-02   3.9845544e-01  -5.5926620e-01   1.4760152e-01   6.4627140e-02  -3.0250610e-01   2.9607016e-01   3.2596586e-02   5.9471721e-01  -1.5800360e-01  -8.1998675e-02  -1.6391588e-01   2.2843568e-01   3.3964851e-01  -2.3662354e-01  -1.5369582e-01  -2.4821948e-02  -4.3997498e-02  -1.0829607e-01   3.0516221e-01   2.7590424e-02  -5.7384580e-02  -2.4300716e-01   1.1167273e-01  -9.7274874e-02   1.6802039e-01  -4.7071550e-02   2.4237240e-01   1.3603295e-01   4.0806620e-01   1.6975463e-01  -2.9676701e-01   4.0111604e-01  -5.1948879e-02   5.3986349e-02  -4.9122002e-02  -1.0130583e-01  -1.0803808e-01  -1.8239970e-01  -1.7819212e-01  -3.0853253e-01  -1.6332953e-01   2.1182984e-01   1.2451172e-01   4.3622040e-01  -1.9830579e-02  -2.5317444e-02  -1.0959556e-01   2.0374266e-01  -3.2136424e-01  -1.0630214e-01   1.2018363e-01   4.1855673e-01  -2.2697953e-01   2.6576692e-02  -2.8680595e-03   9.2827788e-02  -4.3353112e-01  -2.5262363e-01  -3.4417454e-01  -1.8459147e-01  -2.8204622e-01  -5.0855630e-02   6.1263534e-01   5.5173020e-01  -8.7073592e-02   1.7507102e-01   1.1476057e-01   4.8098750e-01  -3.6273282e-01  -1.0993809e-01   1.7120883e-01  -5.9960626e-02   5.8060353e-02  -3.6603619e-02
   1.9927952e-01  -2.5946507e-01   1.7048951e-01   1.0834334e-01   3.0614403e-02   1.9039045e-01  -2.6782355e-01   9.9916274e-02  -1.1751928e-01  -1.1650726e-01   8.4839171e-02  -2.3953292e-01   0.0000000e+00   9.7464338e-02  -2.8813020e-01   1.6737043e-03   1.5649725e-02  -2.8841246e-02   2.9755747e-01   5.8360787e-02  -1.3221743e-01   6.1352326e-02   1.6096226e-04   4.5210163e-01   1.8576955e-01  -8.2844041e-02   8.2402541e-02  -7.1643912e-02   1.3428645e-01  -6.9270830e-02  -1.8977788e-01   1.2718287e-01  -2.1263543e-01   4.0423195e-03   1.2985978e-01  -1.7093183e-01   3.2247087e-03  -1.0135021e-01   3.6926709e-01  -4.3389076e-02   6.3373252e-01  -8.4949042e-02  -2.6336501e-01  -2.1677441e-01  -2.8693363e-01   1.4754081e-01   1.0394533e-02  -2.8677910e-01   7.2841745e-02   1.1356032e-01  -2.4571846e-01  -5.8172621e-03  -6.2201434e-02  -1.5594215e-01  -3.0623463e-02  -1.7518135e-01   2.5819634e-01   1.0823088e-01   2.4033681e-01  -7.5061105e-02   1.8270613e-02   3.7778328e-01  -3.9889495e-01  -1.4415131e-01  -3.1236217e-01  -1.8973755e-01   3.8430676e-02   4.1404782e-02   3.1797031e-01   1.5987603e-03  -5.5766483e-02   6.7132586e-02   4.6197195e-01   1.3225607e-01  -1.0981906e-01   3.5869070e-01   1.1743561e-01   1.7110318e-01  -3.0715462e-01   5.5231820e-01  -2.7222477e-01   3.3063001e-01   2.9812397e-03   1.9082484e-01   1.9949212e-01   1.0503487e-01   1.4987340e-01   1.9921754e-01  -2.8262713e-01   2.2416934e-01  -5.3789899e-01   1.3253143e-01  -2.8869838e-01  -1.5715780e-01  -7.3791423e-02   2.2103318e-01   2.1767926e-01   1.1098674e-01   3.3671797e-01  -1.8915370e-01   2.6751935e-01  -4.0617644e-01  -1.2322841e-01  -3.3255163e-02   1.0584628e-01   1.3701515e-01  -2.2441783e-01   6.3120306e-02   2.5239325e-01  -9.4802635e-02  -1.8813408e-01   8.4785716e-02  -4.5156186e-01   1.2775637e-01  -3.2938142e-01  -3.5610130e-01  -3.4265201e-01   6.9988876e-01  -6.3048476e-02  -2.0555829e-01   1.3333233e-01  -3.7373418e-01  -2.6386866e-01  -3.5399114e-01   2.3808714e-02   2.0094857e-01  -2.3743573e-01  -2.1225839e-01   6.4231475e-02   6.7010170e-02   5.0766775e-01  -5.0932085e-01   7.6243136e-02   1.0747555e-01  -2.3526804e-01   2.6986841e-01   2.6577258e-01  -5.4379134e-02   3.1105340e-02   2.8103794e-01   1.8902141e-01   7.2525074e-01  -2.2276555e-01   3.8862643e-02  -1.5504872e-01  -3.1315850e-03  -2.2010187e-01  -2.4520994e-01   1.0832639e-01  -2.4627188e-01   3.2310885e-02   1.0891123e-01   4.5394022e-02  -1.0229411e-01   1.2570685e-02   2.8234508e-01   8.2607034e-03   1.1160185e-01  -3.5455997e-02   3.8554294e-02  -3.2863914e-02  -1.9303450e-01  -9.6032586e-02   7.4797219e-02   4.5112485e-02  -3.8418953e-01  -3.5630588e-01   1.4113087e-01  -8.7244892e-02  -2.8910000e-01  -4.0911449e-01   8.8902289e-02  -2.5561906e-01   1.0583222e-01   4.7335660e-01  -1.9860465e-01   5.1066907e-02
   2.1009961e-01  -1.1786899e-01   2.8264561e-01   2.6202304e-01  -7.1269404e-02   1.6525134e-01  -5.8713276e-02  -1.1660927e-01  -5.2182783e-02   9.1296560e-02  -1.1975454e-01   1.4556066e-02   9.7464338e-02   0.0000000e+00  -4.8612181e-04   4.2396132e-01   1.6058887e-01  -3.6281138e-02  -1.7086452e-01  -8.0816642e-02   6.5603642e-02   4.6228232e-01   1.9162322e-01   2.8995154e-01   1.8306015e-01  -3.0444598e-01   1.5841081e-01  -2.0169320e-01   1.0998226e-01  -9.4699585e-02  -6.6366005e-02   1.1838589e-02   2.0337643e-01   1.0373297e-01   5.0646381e-02   1.4825919e-01  -3.3772485e-03   1.0720759e-01   2.7601579e-01   1.4484724e-01   2.2547263e-01   1.5955488e-01  -1.8654586e-01  -4.3529216e-02  -3.8321705e-01   9.6183787e-02   2.4926049e-01   5.2331552e-02   1.7601906e-01   3.2886336e-01   8.9473708e-02  -8.8101897e-02  -3.7019946e-02  -1.3745750e-01   2.5400456e-01  -2.7052977e-02  -2.3743791e-02   1.8588943e-01   8.5374967e-03   1.8208511e-01   3.8525748e-01   2.6703316e-01  -1.4987941e-01  -3.0999734e-01  -2.4624487e-01   7.4528842e-02  -2.2820115e-03  -2.1200980e-01   1.0494073e-01   1.2087652e-01  -7.0207910e-02  -2.3554005e-01  -3.2613989e-02   4.6785263e-01  -4.1046146e-02   2.1373708e-01   3.2737567e-01  -1.0988970e-01  -1.0563334e-01  -5.3251301e-02  -1.3861360e-01   2.5467161e-01  -2.1768782e-01  -3.4812583e-01   2.9630367e-01   1.9887759e-01   2.4625743e-01  -1.0261885e-02  -3.0453444e-01   4.3516531e-02  -4.0718533e-02   4.0503142e-01   6.5184284e-02  -1.8152060e-01   1.7160302e-01  -1.1455659e-01  -2.2552103e-01  -2.5189014e-01   1.3920804e-01  -1.8049703e-02   4.6267752e-03  -1.0459239e-01   3.1492696e-02   2.1674594e-01   6.1808014e-02   2.0605824e-01   1.6067602e-02   7.7513190e-02  -4.8525487e-02   3.8951935e-01  -8.7993361e-02   4.1919133e-01  -7.4202347e-02   4.4476212e-02  -3.3232582e-01   3.7314443e-02  -2.8728188e-01   6.3352300e-03  -3.8718961e-02   2.4759701e-01   3.5976300e-01  -1.2729649e-01   6.8774619e-02  -2.5959505e-01   6.2277723e-02   4.4178183e-01  -3.6318770e-02  -1.8433671e-01   1.1746354e-01   1.1891997e-01   2.1469816e-01  -8.4413705e-02   5.8956670e-01  -5.9656120e-02  -2.0482756e-01  -2.1560909e-01  -1.8462704e-01  -3.5290243e-01  -1.1016033e-01   7.7817853e-02   2.2411046e-01   4.6272328e-02  -3.1001358e-01  -1.0102060e-01  -5.5380132e-02  -3.3142566e-02  -3.0436154e-01   1.6626113e-01   2.3104256e-01  -1.5924725e-01   1.9513723e-01  -6.1346001e-02   3.6582263e-02  -2.1525555e-01  -5.5136967e-02  -6.0392775e-03   4.3427268e-01  -9.5244305e-02   2.8229185e-01   1.7913818e-01  -1.3733313e-01  -3.4787775e-01   2.1984788e-01   8.8713604e-02   3.7789302e-01  -6.6302516e-03  -2.5320137e-01  -3.4724352e-01   1.1195324e-01  -1.5538153e-01  -9.2734217e-02   2.5551899e-01  -2.7862799e-01  -1.4674721e-01  -2.0557309e-01  -2.3364003e-01   2.3582809e-01
