   0.0000000e+00  -5.9366323e-01   2.3684012e-01   7.9654386e-02  -1.5543780e-01  -2.0273281e-01  -5.1583637e-01   3.7541471e-01  -1.3384741e-01  -4.2052873e-01  -1.5357477e-01  -5.4168130e-01   1.1112633e-01   4.9440207e-01  -1.3035385e-01  -2.3739047e-01  -2.2721169e-01   1.2435341e-02   1.3841699e-01   4.1591758e-02  -3.3925206e-02   3.6299668e-01  -1.0914245e-01   6.6273576e-01   1.2253240e-01   2.2888325e-01  -2.2790952e-01  -8.8923060e-02  -2.0245747e-01  -3.2974230e-02  -2.8558792e-01   3.4615548e-01  -9.8725777e-02  -4.5548492e-01  -4.5879451e-01  -5.8606943e-02   2.2463287e-01   9.6923806e-02  -3.7357851e-01  -4.6336525e-01   2.3495096e-01  -7.8894162e-03  -4.3599667e-01   1.9076916e-01  -3.2132701e-01   7.8539699e-01  -1.3744988e-01  -4.7529224e-01   1.5136091e-01  -4.3461283e-01  -6.5218380e-02   4.5111493e-01  -4.1533295e-01  -2.1009301e-01  -9.4579922e-02  -1.3895277e-01   1.7112523e-01   2.8548027e-01   1.2907918e-01  -3.1769964e-01   4.1160600e-01  -2.5297544e-01  -2.4707572e-01  -3.8768875e-02  -2.8332390e-01  -5.5669309e-02  -1.6530878e-01  -9.6614364e-02   6.8175603e-02   2.7396657e-01  -6.3104870e-01   8.0052364e-02  -1.8045276e-01   7.2715865e-01   1.0004229e-01   3.1447001e-01   3.7299582e-01   5.0265307e-01   3.3242155e-03  -1.3268982e-01  -4.1104995e-02  -9.0390177e-02  -4.8725111e-01   3.2686330e-01  -2.1625335e-01   3.9067073e-01  -3.3500612e-01   8.5546565e-01  -3.5979634e-01   8.7647037e-01  -8.8185263e-02   4.0509224e-01  -3.9410447e-01   2.0851611e-01   4.9756339e-01  -3.3311648e-01  -1.2586733e-01   3.0378219e-01  -4.7569380e-02  -4.9547766e-01  -3.7479747e-01   1.5971797e-03   1.8352345e-01   3.3501536e-01   3.9852690e-01   3.0468531e-01  -1.4556401e-01   1.5926412e-01  -4.6949346e-01   2.3616255e-01  -4.6654679e-01   2.2568210e-01   7.8797173e-02   8.4749380e-01   6.5184933e-02  -1.7826871e-01   1.0050739e-01  -1.5548413e-01  -2.2138493e-01   1.2014072e-01   7.2625479e-01  -3.2641790e-01  -6.6166791e-02  -3.9987844e-02   4.4808083e-01   8.4467585e-01  -6.6461808e-02  -1.5624892e-01   3.6676290e-01  -2.5950556e-01  -3.5562828e-01  -4.5752396e-01   6.0175925e-01  -1.3969298e-01  -7.8266499e-02   3.1685026e-01  -1.6493664e-02  -4.0351111e-01   3.0815146e-01   7.9099601e-01   8.1199215e-01  -1.3108295e-02   1.5883861e-01  -2.3264225e-01   8.5225806e-03   9.1740243e-03  -5.8281878e-01   3.0617463e-01   3.5585477e-02  -3.5358108e-01   5.6906819e-01   2.7876770e-01   5.7033294e-01  -2.3368372e-01  -6.0198792e-01   5.4593436e-01   8.1951247e-01  -9.2431688e-02   2.1815174e-01  -1.8368372e-01  -1.2415497e-01   3.3660513e-01   8.8347069e-02   2.1405479e-01   1.2845059e-01  -1.6532348e-01  -3.1821336e-01   4.4843401e-01   2.3223449e-01  -4.1299793e-01  -1.5612846e-02  -2.4400606e-01   9.2863459e-02   6.5141549e-02   1.4797255e-01  -1.3801395e-01   2.6197590e-01
  -5.9366323e-01   0.0000000e+00   2.3226107e-01  -2.8029610e-02   4.4300379e-01   2.5213088e-01   3.7877960e-01  -2.2569731e-01   5.9590443e-02   2.0069914e-01  -1.8852129e-01   8.2368916e-01  -1.9802883e-01  -2.5742707e-01   4.6598930e-02   2.5721363e-01   6.2510526e-01  -3.1093469e-01   5.3917095e-02   1.3968146e-01  -3.3871574e-01  -4.3245582e-01  -6.4807515e-02  -5.1600100e-01  -2.4242603e-01  -6.7905081e-02   1.4669601e-02   2.0625293e-01   1.6422498e-01  -1.9134729e-01   9.4576603e-02  -2.5173162e-01   2.3155832e-01   2.9632062e-01   3.6795189e-01   1.3816513e-01  -2.2343222e-01   1.3730375e-01   2.3343707e-01   4.2276791e-01  -4.5639072e-01   1.4129985e-01   4.5651059e-01  -6.3689209e-02   1.1291296e-01  -3.2216488e-01  -8.5394512e-02   3.3135525e-01  -5.1972900e-02   7.2852224e-01  -2.2877567e-01  -2.3707504e-01   5.4685607e-01   1.5681115e-01   3.7851466e-02   2.3063970e-02  -3.2783007e-01  -1.1320427e-01  -3.6830708e-01   4.0396879e-01   6.2730363e-03   2.7307135e-01   3.1830812e-01  -2.7711832e-01   2.3508820e-01  -2.3896480e-01   2.6075019e-01  -7.4434935e-02  -3.3640675e-01  -1.8902398e-01   7.3849158e-01  -2.3899580e-01  -1.0692986e-02  -1.3650301e-01  -1.8001661e-01  -6.0445338e-02  -7.1757354e-02  -3.9024016e-01   3.9825202e-01  -1.2736514e-01  -2.1464566e-01  -2.0584182e-02   5.7470687e-01  -1.5611725e-01   5.6699630e-01  -2.9200090e-01   9.0479532e-02  -5.5416621e-01   3.7565361e-01  -4.8175304e-01   2.1095947e-01   8.8994330e-02   6.3167349e-01  -8.0115261e-02   1.3874277e-02   4.5978331e-01  -7.0639947e-02  -2.7849346e-01   2.1617109e-01   2.0912990e-01   3.7479906e-01  -2.0739978e-01  -3.2752227e-01  -3.4124142e-01  -5.5875630e-01  -5.0221274e-02   1.4962168e-01  -3.4924267e-01   3.1741331e-01  -5.0055388e-01   4.6882212e-01  -2.3249212e-01  -1.2639123e-01  -5.1707441e-01  -2.2653146e-01   1.6815685e-01  -2.3725103e-01   6.3544444e-02   1.7729759e-02  -1.1449839e-01  -4.5261754e-01   5.9630728e-01   2.1524030e-01   1.7739346e-02  -1.3675384e-01  -4.2130593e-01  -1.9778129e-01  -2.9486376e-02  -1.9317355e-01   1.2215628e-01   1.9430755e-01   2.9294039e-01  -8.5379408e-02   8.0667744e-02   1.2667889e-01  -1.9104988e-01  -2.1400682e-01   4.3632321e-02  -2.5924953e-01  -3.8483867e-01  -5.9710658e-01  -1.0305401e-01  -4.6032644e-01   3.2973510e-01  -2.2644205e-01  -2.6502152e-01   5.6603561e-01  -6.3065380e-01  -3.7277037e-01   1.9684437e-01  -6.6613706e-02  -2.4839536e-01  -2.2991647e-01   1.1216301e-01   7.0958208e-01  -2.7483920e-01  -4.7296057e-01  -1.4344229e-01   2.0526623e-01  -6.2335837e-02   1.0460199e-02  -5.9098077e-01  -4.1231007e-01  -3.9787498e-01   6.1656029e-03   2.0842125e-01   3.6266077e-01  -3.4142427e-01  -1.6500147e-01   5.8699737e-01  -1.4438721e-01   3.1745026e-01  -3.3612854e-01  -2.7464654e-02  -2.7355828e-01  -4.6821107e-02  -8.5857711e-02
   2.3684012e-01   2.3226107e-01   0.0000000e+00  -1.2769573e-01   6.2601667e-02   1.2222593e-01  -6.7091682e-02   1.7782520e-03  -4.4795778e-01   3.7237900e-02  -1.1144418e-01   3.2075850e-01   2.6697702e-02   1.6965975e-01   2.4374354e-01   1.6403472e-02   7.2287097e-01  -3.0497423e-01   2.7378735e-01  -8.8907303e-02  -2.7574353e-01  -1.4913405e-01   3.8315244e-02   6.5962628e-02  -8.7802434e-02   7.5746684e-02  -2.9041889e-01   2.9839547e-01  -5.6864734e-02  -4.7578462e-01  -7.5554515e-02   1.0482157e-01   2.1523440e-02  -7.8243695e-02   1.1737644e-01  -7.0352410e-02  -2.8020151e-01   3.5845926e-01  -1.4115064e-01  -4.4912976e-03  -2.2559404e-01   2.4665570e-02  -2.0738930e-01   6.7863358e-02  -4.8508444e-01   5.6657444e-01  -5.0186117e-02  -1.6480210e-01  -2.0417702e-01   3.5418983e-01  -1.9053310e-01   7.5678850e-02  -1.8078424e-01  -1.2818243e-02  -1.4264910e-03   1.0282766e-01  -5.0518600e-02   7.6104971e-02  -2.9846178e-01   2.3712241e-02   7.6241298e-01  -1.4189231e-01  -2.3197143e-01  -4.4969223e-01  -5.0817187e-01  -1.1578533e-01   2.6251475e-01  -1.8554231e-01  -1.0597022e-01   3.2660543e-01   1.7137646e-01  -3.3856525e-01   3.1629321e-02   5.0062510e-01  -1.4244079e-01   4.6723172e-01   6.1237207e-01   5.4139256e-02   1.9928281e-01  -1.2758865e-01   8.0225913e-02   7.3875016e-02   2.5996155e-01   1.0907843e-01   5.3081510e-01   2.5160651e-01  -3.4529543e-01   2.3408439e-01  -3.8021251e-02   2.0763016e-01  -1.8176523e-01   7.9327105e-01   2.8859980e-01  -1.3627193e-01   6.0589417e-01   3.7513325e-02  -1.9402605e-01   2.3438973e-02   2.8028706e-02  -3.5833343e-01   2.3519773e-01  -9.9422699e-02   2.5395058e-03  -1.2187517e-01  -1.7813512e-01   2.6937233e-01   5.9632005e-02  -8.2469686e-02   1.8121175e-01   5.2617930e-02   1.1943096e-01  -4.1899506e-02  -3.0090554e-01   3.0553264e-01   3.0254898e-01  -2.3011905e-01  -4.8892003e-02  -3.2912767e-02   2.6335685e-01  -2.3216710e-01   3.3759896e-01   5.4743570e-02  -1.3330584e-01  -4.2475413e-01   4.4906896e-01   3.1149142e-01  -5.0727600e-01  -1.1372402e-01  -1.4522619e-02   1.7902209e-01  -4.6292701e-02  -2.0823588e-01   5.2600307e-01  -9.3109336e-02  -2.5632664e-01   1.9038077e-01  -2.4941239e-01  -1.3042198e-01   1.4919528e-01   3.7418941e-01   1.4258319e-01  -1.6853500e-01  -2.3810540e-01   4.5122181e-01  -1.6915884e-01  -1.3695207e-01   2.9371179e-01  -1.5394314e-01   6.8945385e-02  -3.7850252e-01   5.6603379e-01  -3.9294864e-02   2.5344788e-01  -4.0865147e-02   1.9212134e-02   8.7982136e-02   3.4393420e-01  -2.2468416e-01   3.5869813e-01  -3.7314158e-02  -1.1622329e-01  -2.3084972e-01  -1.3985846e-01  -3.2415325e-01   2.5741746e-01  -1.6858094e-01   1.7239532e-01   1.0293523e-01   7.2406069e-02   2.6925592e-01  -2.9642593e-01   1.2178745e-01  -5.3269579e-01   1.7270125e-01  -2.6707318e-01  -2.2369501e-01   1.0867692e-01
   7.9654386e-02  -2.8029610e-02  -1.2769573e-01   0.0000000e+00   1.1690111e-01  -4.3280580e-01  -1.6310676e-01  -6.5009414e-02   5.4205591e-02   9.0937801e-02   1.6442324e-01  -1.0974517e-02  -3.5283848e-01  -2.0732173e-01  -6.3739474e-02   7.0152591e-01  -9.2088628e-03   5.8666032e-01  -3.1781407e-01   5.7794013e-01   2.4531369e-01   4.9545288e-01   3.1771322e-01  -6.4283509e-02  -4.4707520e-01   6.6767585e-02   8.9087906e-02  -1.4308298e-01  -5.4501095e-01   1.2283698e-01  -4.6906874e-02   6.5333431e-01   7.0071096e-01  -1.5933485e-03   5.0869950e-02   4.6961570e-01   1.9732810e-02   3.0922081e-01   5.4947370e-01  -1.4394407e-01  -1.1729449e-02   5.4690949e-01  -1.6292758e-01  -2.5527645e-01  -1.1489115e-01  -6.8197161e-02   9.7290417e-02  -1.0620339e-01  -1.0104044e-01   2.9685902e-01   5.8388271e-01  -2.2076310e-01  -1.9251808e-01  -1.9937497e-01  -2.1623603e-01  -1.6623330e-01  -4.6618376e-01   5.9031919e-01   7.0595543e-01   1.7516541e-01  -1.6330905e-01  -4.2334505e-01  -5.6236002e-02  -2.5831476e-01  -1.8604072e-02   3.0573982e-01  -4.4177766e-01  -5.6697175e-01   1.2040871e-01  -2.7617359e-01  -1.6271627e-01   5.6188295e-01  -7.2621903e-02   8.1687300e-02  -2.9665421e-01   4.2299443e-02  -8.9144252e-02   2.8127087e-01   2.4306935e-01  -5.5023693e-01  -4.5059620e-01   9.7932817e-02  -9.4893691e-02   8.7872039e-02  -2.8085627e-01   1.9779805e-01  -6.7562247e-02  -7.6165311e-02  -4.5279680e-01   1.7199548e-01   3.9659430e-01   1.0608673e-01  -1.3388284e-01   5.0064536e-01   1.6890595e-01  -8.8096856e-02  -6.1266646e-01  -1.8589503e-01  -4.6873290e-01   1.7195415e-01  -3.2720939e-01  -3.4295851e-01  -3.8345813e-01   1.1046155e-01   6.2576100e-01   6.3048523e-01  -1.4227264e-01  -2.6976184e-02  -2.2743776e-01  -2.6320707e-02  -1.8367899e-01   2.4906763e-01   4.2753228e-01   3.8227862e-02  -3.1715110e-01  -3.6224431e-01   3.4464301e-01   2.5281692e-01  -3.0315652e-01   8.5678098e-01  -4.0390798e-02   1.4265898e-01   1.1691780e-01   4.4224147e-01  -2.1418273e-02   2.8153211e-01   2.0026191e-01  -5.2971503e-01   7.2401344e-01  -3.9732246e-01   1.3660971e-01  -1.6922383e-01  -1.5713104e-01   2.4990652e-01  -1.9837266e-01  -1.7234000e-01  -3.7187538e-01  -4.3391853e-01  -2.1781884e-01   2.0471285e-02   7.7340276e-02  -1.3085291e-01  -1.0936427e-01  -1.3398888e-01   1.7018264e-01   2.4216779e-02  -2.1621211e-01   1.7423747e-01   8.5146250e-02   1.2212373e-01  -1.9343761e-01  -3.9108583e-01   7.0350826e-02  -9.3112660e-02  -2.5970790e-01   1.3296242e-01   2.0442188e-02   3.3284210e-01   5.6947839e-01  -4.4042004e-01  -5.8038135e-01   1.3059013e-01   1.4105992e-01   7.2441774e-01   3.7747572e-01  -3.8091085e-01  -3.5126582e-01  -9.2834716e-02  -1.7193786e-01  -2.4333482e-01   1.6540166e-01   1.7139922e-01   3.3106588e-01  -2.6282779e-01  -2.0042337e-01  -2.1123648e-01   6.5953348e-01
  -1.5543780e-01   4.4300379e-01   6.2601667e-02   1.1690111e-01   0.0000000e+00   9.0185666e-02   6.4818357e-03  -4.0614672e-02  -3.4134372e-02  -8.7008136e-02  -2.2303161e-01   3.1028457e-01   1.3339379e-01  -2.8484452e-01  -2.5849197e-01   1.5165613e-01   3.3376217e-01  -4.0505105e-01   6.4381060e-02   5.7505667e-01  -3.0597749e-01  -2.0089341e-01  -3.1960059e-01  -3.3420098e-01  -2.0350429e-02   2.0857063e-01   1.3031251e-01   9.5684109e-02   2.4671874e-01  -3.4175413e-01  -3.7920358e-01   2.5578538e-02   1.2672165e-01  -1.5393269e-01   9.1492299e-02   2.0385935e-01   4.4831582e-01  -1.9333284e-01   1.1277745e-01   2.5834210e-01   5.2860524e-02   1.1546967e-01   2.4252772e-01  -1.0593504e-01  -2.5851647e-03  -8.2428510e-02  -2.4431256e-01  -4.4348901e-02   5.4769477e-01   2.8694131e-01  -3.3782449e-01   6.6712935e-02   2.6752924e-01   1.2926625e-01  -3.8430236e-01  -2.3592401e-01  -7.4144841e-02   1.1650477e-01  -1.7725510e-01   7.5241088e-02  -1.5137263e-01   1.4419167e-01   2.0866150e-01  -2.6957329e-01   1.2217021e-01  -1.6392594e-01   7.7964940e-02  -1.4711721e-01  -2.0933063e-01  -1.2444582e-01   2.3174840e-01   6.5535726e-02  -1.2525257e-01  -1.8606279e-01   1.6600344e-01  -3.1801433e-02  -2.8101076e-01   1.2316203e-01   4.5437805e-01  -2.1743965e-01  -2.4876515e-01  -1.0806088e-01  -4.0884870e-03   1.7546899e-01   1.1096583e-01  -1.5420617e-01  -2.5134567e-01  -2.0632315e-01   3.3073351e-01  -2.4673514e-01   5.8105641e-01  -1.4001190e-01   2.2107765e-01   1.6164586e-01  -9.3869962e-02   3.8522626e-01  -8.4855991e-02  -1.9459971e-02   1.4904242e-01  -1.1215493e-01  -5.8497267e-02  -2.2617903e-01  -1.9432900e-01  -3.5938426e-01  -2.2718893e-01   1.4924597e-02   3.5368999e-02  -9.5819068e-02  -6.2404380e-02  -2.6746868e-01   9.4205146e-02  -1.7582364e-01   1.3078808e-01  -2.0571698e-01  -2.2886062e-01   1.4839925e-01  -4.5817678e-02  -3.0878792e-02  -2.0067689e-01   1.9066393e-01  -1.5761339e-01   6.6210949e-01   4.3268771e-01  -1.3062654e-01  -3.6795523e-01  -8.3737590e-02  -3.3823467e-01   1.3602594e-02   9.0243336e-02  -6.6606285e-02   5.5671649e-02  -1.4407400e-01  -1.3449194e-01  -1.7513469e-01   2.1338519e-01  -4.7852844e-02  -1.2459376e-01  -2.9328197e-01  -1.4521024e-02  -1.2204998e-01  -1.3564927e-01   2.6464298e-01  -3.0423170e-01   6.6701127e-02  -5.2070279e-01  -5.1285821e-01   1.2068852e-01  -3.8420012e-01  -4.6668971e-01  -1.9479781e-02  -6.2582424e-02  -1.3309731e-01  -2.0408744e-01  -1.1751000e-01   3.7237328e-01  -1.7613385e-01  -2.0576152e-02  -1.1141791e-02   1.3100294e-01  -1.5130829e-01  -7.8210230e-02  -3.0093631e-01   5.1435568e-02  -2.1410840e-01   2.0523203e-02   2.8385026e-01   1.2319132e-02   1.2370246e-01  -2.1309405e-01   2.0394077e-01  -1.1973149e-01  -2.1379119e-02  -2.3130088e-01   1.5729613e-01   1.2330330e-01  -1.1244008e-01   1.6553548e-02
  -2.0273281e-01   2.5213088e-01   1.2222593e-01  -4.3280580e-01   9.0185666e-02   0.0000000e+00   1.2421765e-01   2.4580572e-01  -6.7393367e-02   1.4476193e-01   1.0433834e-01   3.7904330e-01   3.2579460e-01   3.9026907e-02  -1.9718279e-01  -2.2540842e-01   2.8926399e-01  -3.1194798e-01   4.7173601e-01  -1.8447235e-01  -2.5775140e-01  -4.1856034e-01  -6.4901770e-02  -1.2004685e-01   1.4954547e-01   2.7842030e-01  -1.3442519e-03   7.5722361e-02   3.8548472e-01  -2.8835334e-01  -1.5436120e-01  -3.8899496e-01  -1.7556342e-01  -4.8525463e-02   1.8450135e-01  -1.2608174e-01  -1.8149682e-01   5.8950309e-02  -8.8621880e-02   2.3830258e-01  -2.4822068e-02  -5.1718070e-02   1.7189942e-01   4.6516601e-01   2.0473960e-01  -1.0006094e-01   1.6699396e-01  -5.4194994e-02  -9.7887821e-03   1.6145367e-01  -1.8182978e-01   3.1198075e-01   1.5328666e-01   4.3840877e-01   3.3275854e-01   4.3099958e-01   5.1287234e-01  -3.1387534e-01  -3.5756281e-01   7.2628862e-02   6.4221337e-02   5.1690452e-01   1.2212586e-01   7.0988664e-02  -8.0576852e-02  -1.4473188e-01   7.6842826e-01   6.1420942e-01   1.0756681e-01   2.1972888e-01   3.2786814e-01  -9.9747589e-02  -5.2789076e-02   2.6107003e-02   2.9053975e-01   4.9634237e-02   1.5997634e-01  -2.0401516e-01  -4.3418850e-01   6.3303360e-01   3.4911417e-01  -9.4148408e-02   4.2513188e-01   8.7900031e-02   4.8035238e-01  -1.8973492e-01   3.2053059e-02  -1.6247718e-01   3.0913633e-01  -1.2338023e-01  -2.5616333e-01  -8.2356267e-02   3.4353664e-01  -2.6867270e-01   4.4405212e-02   1.8903284e-01   5.6707907e-01   4.4276895e-01   2.7239281e-01  -2.7585452e-02   4.0088609e-01   3.3527159e-01   2.6956018e-01  -1.3384494e-01  -3.8252772e-01  -3.6785397e-01   4.8914543e-01   3.7226671e-01   2.2296558e-01  -1.1775028e-01   4.1277216e-01  -3.8126666e-01  -7.1845981e-02  -2.3380573e-02   2.9519525e-01  -1.0644397e-03  -2.6683361e-01   4.4242612e-02   4.2916487e-01  -2.5370771e-01  -1.5161020e-01   4.4494811e-02   1.5725150e-01  -1.6736288e-01   1.2848696e-01  -2.6435205e-01  -6.6797917e-02   4.5141218e-01  -3.4912908e-01   3.8996778e-01   3.3669241e-02   2.4661163e-01   2.3986581e-01  -2.7354102e-01   2.3532750e-01   2.2246946e-01   3.9169633e-01   2.7292304e-01   1.7849635e-01   1.0459379e-01  -2.0352683e-01   9.2878357e-02   1.9091782e-01   4.8480418e-01  -2.3319718e-01  -2.5761974e-03   4.6840986e-01  -3.2575722e-01  -2.1693126e-01  -1.2967292e-01   1.5829599e-01   3.2723041e-01  -4.4425956e-02   1.9091302e-01   5.0236344e-01  -7.8251703e-02  -1.1309499e-01  -8.7176440e-02  -8.2279517e-02   3.3466930e-01   5.4824252e-01  -1.1867311e-01  -2.6983516e-01  -5.0685031e-01  -2.2959757e-01  -3.8692775e-02   6.2847663e-01   8.5500732e-02   2.6374995e-01   6.1013398e-01  -5.7875448e-01  -2.5886313e-02  -1.3415041e-01   4.7479061e-01  -2.1219279e-01   4.4211576e-01  -4.5758575e-01
  -5.1583637e-01   3.7877960e-01  -6.7091682e-02  -1.6310676e-01   6.4818357e-03   1.2421765e-01   0.0000000e+00  -1.8878153e-01   3.2054451e-01   6.6831420e-01   3.5315121e-01   5.5540396e-01  -1.8305589e-01  -5.6930539e-01   1.8859366e-01   1.4473100e-01   2.6932765e-01  -2.3657341e-02  -1.2762082e-01  -8.6736819e-02  -4.1769536e-02  -4.4936231e-01   9.2022446e-02  -3.5588683e-01  -1.8144222e-01  -1.5516442e-01   3.1291787e-01   1.2561579e-01   1.2287726e-02   1.6494691e-01   3.2950261e-01  -4.2285145e-01  -8.4564796e-02   7.6893036e-01   4.5612019e-01   2.8664509e-01   5.8657604e-02  -1.0866179e-01   2.2024711e-01   5.7695826e-01  -2.2497965e-01  -8.1402472e-02   7.4078143e-01  -4.4241498e-03   2.9355855e-01  -4.2382516e-01   1.4907383e-02   7.9611103e-01  -1.5508550e-01   3.0791963e-01   1.1028684e-03  -2.4544565e-01   5.8858989e-01  -7.9221035e-02  -2.0707326e-01   4.3567610e-01  -2.4478534e-01  -3.4318191e-01  -3.2844114e-01   5.5102207e-01  -2.3785114e-01   3.1887298e-01  -4.7417526e-02   2.8789351e-01   2.3462276e-01   2.6719141e-01  -3.9772166e-02   8.3280326e-02  -3.1802509e-01   2.9275296e-01   6.9612197e-01  -1.4405759e-01   3.6528566e-01  -4.6914501e-01  -3.2741851e-01  -2.4286433e-01  -2.1977234e-01  -5.6150120e-01   1.1579103e-02  -9.0378236e-02   2.8852198e-01   2.0524662e-01   5.8060309e-01  -2.1182537e-01   1.1000015e-01  -3.9732547e-01   9.6641540e-02  -4.5142680e-01   3.2775592e-01  -3.7046754e-01   6.1407482e-02  -2.2373403e-01   4.9433432e-01   2.2043304e-01  -2.9441227e-01   1.2573800e-01  -7.6999490e-02  -2.5376722e-01  -9.3282469e-02   5.0875184e-01   4.6569750e-01   2.4866201e-01  -2.7125488e-01  -4.5868271e-01  -4.2615866e-01  -3.0695632e-01  -9.6093794e-02  -2.7185392e-01   2.8831352e-01  -1.2306888e-01   7.5407397e-01  -6.0854082e-02  -1.4483034e-01  -4.1445820e-01   8.1960141e-02  -2.8123477e-02   9.0970482e-02   2.6754005e-01   1.4741771e-01  -9.8936321e-02  -5.7175402e-01   2.5083036e-01   2.4313047e-01  -1.8024313e-01  -3.3044626e-01  -4.9432290e-01   8.9539730e-02  -2.0366279e-01  -3.7759477e-01   5.4038388e-01   2.7410054e-01   5.3968886e-01  -5.7055742e-01   1.7719874e-01   3.5637904e-01  -2.3547457e-01  -1.9422384e-01   5.7902528e-01  -3.4712075e-01  -3.6808641e-01  -5.2580563e-01  -4.3718195e-02  -2.9210377e-02   3.0551367e-01   9.6198190e-03  -2.1176969e-01   6.6138507e-01  -1.8807718e-01   8.9565781e-02   3.4235226e-01  -3.3997508e-01  -6.4075808e-02  -4.9218946e-01   4.2414417e-01   6.0457587e-01  -3.0236862e-01  -5.4599608e-01  -1.7489548e-01  -8.0743697e-02   3.2424636e-01   1.1893209e-01  -3.5721060e-01   1.5822942e-01  -4.0335429e-01  -2.0076319e-01   2.3884623e-01   4.0806384e-01  -3.8884422e-01  -3.1080366e-01   3.1553958e-01   2.5245709e-01   1.9286040e-02  -1.8887412e-01  -6.5684021e-02  -2.8956847e-01   2.6504089e-02  -3.0233590e-01
   3.7541471e-01  -2.2569731e-01   1.7782520e-03  -6.5009414e-02  -4.0614672e-02   2.4580572e-01  -1.8878153e-01   0.0000000e+00   3.7498440e-01  -3.5866439e-01  -1.4771894e-02  -2.4822488e-01   3.5801915e-01   2.2909531e-02  -3.6066248e-01  -3.3312658e-01  -1.4051437e-01  -5.9243077e-02   6.1856810e-01   1.5357963e-02  -3.7686379e-01  -4.7362253e-02  -4.7348718e-01   4.6397392e-01   2.3230853e-01   7.0156744e-01   6.5312327e-02  -3.1273013e-01  -5.5427328e-02   6.3677067e-03  -3.0592610e-01   1.4633761e-01  -6.3626555e-02  -2.9221714e-01  -3.5698843e-01  -4.0356500e-02  -7.1602807e-02   1.4015922e-01  -3.1073677e-01  -2.2537927e-01   7.8726710e-02   7.6118552e-02   5.2245508e-02   5.2095435e-01   2.5622111e-01   3.9843942e-01   4.7482711e-02  -3.9757055e-01  -4.6585883e-02  -2.4495953e-01  -2.1427214e-01   8.2195206e-01   1.4429344e-02   1.3210834e-01  -6.9120159e-02   7.3935497e-02   5.3987320e-01   1.2991624e-01  -1.0261939e-01   2.7910035e-02   1.8487347e-01   2.5074222e-01   1.1393533e-01   1.8435382e-01   1.8335709e-01  -4.7846933e-01   3.3769104e-01   3.6662324e-01   1.5487966e-01   3.3806848e-01  -2.7868447e-01   1.5425349e-01  -1.4007757e-01   2.6371074e-01   1.6965668e-01   4.1031189e-01   3.2008202e-01   3.7737654e-01  -3.1241998e-01   2.9365091e-01   7.9933957e-02  -3.0490951e-01  -2.3932591e-01   7.3065016e-01  -2.8606325e-01   3.9592733e-01  -4.7578542e-01   4.1606548e-01   1.9079717e-02   2.9118051e-01  -3.4307479e-01   9.7423635e-02  -3.2150120e-01   3.8057478e-01   2.5356407e-01  -7.6250500e-02   2.2895131e-01   7.1969546e-01  -7.2054573e-03  -1.3675639e-01  -2.2786177e-01   4.8415366e-01   8.1116530e-02   1.8472465e-01   4.2849362e-02   1.5025501e-01   1.3175891e-01   6.0213313e-01  -4.5717257e-01  -2.3603763e-01  -7.9042574e-02  -3.5570361e-02   3.0822474e-01   1.7683196e-01  -8.8243379e-02  -3.1759803e-02   3.3487373e-01  -7.4118849e-02  -3.9662409e-01   1.3149099e-01   3.1603153e-01  -1.4947676e-01   1.8562471e-01   1.7208613e-01   2.5179681e-01   3.9433096e-01   2.2590842e-01   1.4563626e-01   1.8848511e-01   2.2824760e-02  -2.7285642e-01  -6.1067737e-02   2.2453451e-01  -3.2101791e-01   4.0059816e-01   7.1078680e-01   3.0886561e-01  -1.7575180e-01   4.7907192e-01   3.1630956e-01   1.8294727e-01   1.4881928e-01   3.5047213e-01  -4.4224834e-02   1.9484010e-02   1.7182475e-03  -3.1339287e-01  -2.8386905e-01  -4.3210877e-01   6.6374669e-02   4.3392403e-01   7.0546469e-01   3.0159249e-01   2.0345449e-01   8.6933683e-02   1.5143662e-01   3.4581510e-01  -2.2587898e-01   1.1621745e-01  -5.5590885e-02   3.0122185e-01   2.3378648e-01  -3.2029137e-01  -9.2988891e-02   1.7538394e-01  -4.6230907e-02   1.6658032e-01   5.7624089e-01   2.1154965e-01  -2.4273665e-01  -3.7769256e-01  -3.4276291e-02   1.9846334e-01   5.0583893e-01  -1.2891148e-01   2.8879040e-01  -2.2662639e-02
  -1.3384741e-01   5.9590443e-02  -4.4795778e-01   5.4205591e-02  -3.4134372e-02  -6.7393367e-02   3.2054451e-01   3.7498440e-01   0.0000000e+00   1.0213092e-02   1.1618431e-01  -8.3156012e-02   9.6401786e-02  -3.1501879e-01  -2.9515839e-01  -1.6777556e-01  -2.7692672e-01   2.4781762e-01   3.6959721e-02   2.8610274e-02  -7.1042519e-02  -8.8485297e-02  -3.0997039e-01   1.4185101e-01   2.9612463e-02   1.9271374e-01   3.1837204e-01  -2.8344585e-01  -1.5761414e-01   5.4570243e-01  -6.2337894e-03  -1.8658114e-01   7.9124572e-02   1.4714908e-01  -5.1427620e-02   1.2231106e-01   6.7731211e-02  -3.2846633e-02  -1.0593507e-01   6.7095719e-02  -1.1174279e-01   1.2915815e-01   5.4843885e-01   2.3804429e-01   5.5860727e-01  -1.5473963e-01   1.4136120e-01   3.1810366e-01  -5.9751742e-02  -1.8194140e-01   2.5495677e-02   1.8137273e-01   5.3322850e-01  -3.9256100e-02  -1.7901479e-01   1.0696106e-01   2.0533630e-02  -7.9269718e-02  -1.0424220e-01   2.8815896e-01  -4.3901081e-01   3.0955011e-01   3.7551785e-01   4.6203188e-01   6.8301841e-01  -1.2716369e-01  -1.3430522e-01   2.5413994e-01  -1.2800717e-01   1.5010560e-01   8.6185818e-02   3.4096031e-01  -1.7142306e-01  -2.5100905e-01  -1.5509268e-01  -7.6418899e-02  -9.4762679e-02  -1.5061316e-01  -2.8409029e-01   1.0391853e-04  -3.7141472e-04  -3.8758509e-01  -1.3220165e-01   2.4367429e-01  -4.8493586e-01  -4.0334246e-02  -1.1825803e-01   1.3296085e-03   1.6778087e-01  -4.5426298e-02   2.2288660e-02  -4.0070041e-01  -1.6833093e-01   5.9460197e-01  -2.1056077e-01   2.6036929e-02   9.1750928e-03   1.7655029e-01  -9.9500361e-02   3.2139333e-01  -1.4445454e-01   2.5967123e-01  -1.8668105e-01   1.2163572e-01  -3.7057980e-02  -1.2797621e-01  -2.7278727e-02   1.0272568e-01  -3.5652091e-01  -2.6168687e-01   5.0418718e-02   2.1415873e-01   3.3359225e-01  -3.0750917e-01  -3.1410534e-01   5.1279000e-02   1.6160937e-01   3.9074841e-02  -4.4603719e-01   2.6484135e-01  -7.4439162e-02   5.3948543e-02   3.3353585e-01   4.5473973e-01  -1.5889406e-01  -1.4818757e-02   5.8512193e-01  -1.6564928e-01   1.5551823e-01   1.5574569e-01  -2.6147896e-01   9.0057258e-02  -3.6256603e-01   3.5651412e-02   6.4212213e-01   1.1632507e-01   3.6962597e-02   1.9708231e-01  -2.0458126e-02  -1.8762524e-01  -2.0762489e-01   1.2742650e-01   2.1034461e-01  -1.9963382e-01   1.9760547e-01  -2.2833573e-02  -1.6791012e-01  -1.2529216e-01  -3.1190285e-01   4.2594175e-01  -1.7599395e-01   4.0667855e-01   4.1014918e-03   3.1535721e-01   3.6068406e-01   4.5496778e-02  -1.4967537e-01  -2.5992309e-01  -1.4519169e-03   1.0954406e-01   1.9305579e-01   8.0313410e-02   1.6827761e-02   5.1615224e-02  -1.0211838e-01   1.0186623e-01   3.1451371e-02   3.7175548e-02  -3.0680417e-02  -2.4414144e-01   1.6330049e-01   1.3739598e-01   5.4978982e-01   8.7388916e-02  -1.6817603e-01   2.0574943e-01  -1.2622834e-01
  -4.2052873e-01   2.0069914e-01   3.7237900e-02   9.0937801e-02  -8.7008136e-02   1.4476193e-01   6.6831420e-01  -3.5866439e-01   1.0213092e-02   0.0000000e+00   3.5177305e-01   5.3079257e-01  -1.3777530e-01  -3.7437223e-01   9.0298429e-02   2.6770028e-01   3.2004722e-01   1.3427993e-01  -2.6901036e-01   1.2159976e-01   1.6932966e-01  -3.3560538e-01   3.4786021e-01  -3.5851417e-01  -2.9237641e-01  -1.9186178e-01  -2.8120374e-02   2.7766503e-01  -2.1735833e-01  -1.7304727e-01   1.8371929e-01  -2.8823141e-01   2.4182028e-01   5.1947266e-01   4.9413130e-01   1.3755525e-01  -9.6942627e-02   8.5867224e-02   2.7106279e-01   3.0566983e-01  -2.8335234e-02   2.7518162e-01   4.4946650e-01  -4.9324076e-02   1.9029427e-01  -4.4183452e-01  -1.2364769e-01   3.8000289e-01  -2.7345682e-01   4.2242271e-01   2.0137207e-01  -4.0485687e-01   9.2992689e-02   2.1482145e-01   1.4075118e-01   4.5707552e-01  -2.9668548e-01  -3.5755354e-01   6.8839830e-02   3.6336644e-01  -1.9685315e-01  -4.4410675e-03  -1.3322572e-01  -5.1714107e-04  -1.3325895e-01   4.6673736e-01  -9.5655087e-02   8.5548615e-03  -3.2138188e-01   1.1333097e-01   5.6133001e-01   1.8570380e-01   1.1918457e-01  -2.9329873e-01  -2.7983999e-01  -3.2100648e-01  -9.7594733e-02  -3.6893945e-01  -1.7200284e-01   1.9725534e-02   1.3269500e-01   1.4631385e-01   5.8966780e-01  -2.5848643e-01   2.7262436e-01  -4.1695009e-01   2.1656440e-01  -4.2389301e-01  -1.0038049e-02  -3.1162761e-01   1.7663204e-01  -9.4840847e-02   4.6016432e-01   1.8395382e-01  -1.6711902e-01   2.5414799e-01  -1.5836377e-01  -1.6930147e-01  -4.6798186e-01   5.0897049e-01   5.7034696e-01   5.1355137e-02  -3.8044984e-01  -4.0562228e-01  -2.3238025e-01  -2.9400085e-01   2.5928713e-01  -3.2011173e-01   4.3357440e-01  -5.7175495e-02   6.5454716e-01  -2.9837981e-01   2.5325580e-02  -1.8863527e-01   2.1972282e-01  -3.3606470e-01   3.3540167e-02   3.5860054e-01   4.3604598e-01   7.6790107e-02  -3.0618428e-01   2.6860534e-01   1.0340735e-01  -1.2486538e-01  -2.7623174e-01  -3.8723841e-01   1.1106951e-01  -7.7576965e-02  -2.7387563e-01   3.8919685e-01   2.1959438e-01   2.6813681e-01  -4.1779345e-01   2.5956931e-01   2.0124597e-02  -5.1030648e-01  -3.0690079e-02   4.5313430e-01  -5.5712360e-01  -1.9122520e-01  -2.9816074e-01   7.9670131e-02  -1.4125910e-02   5.1272343e-01   5.4659811e-02  -1.3964383e-01   6.8316591e-01  -4.0910473e-02   3.0419921e-01   2.0484924e-01  -2.7622040e-01  -3.4836880e-01  -2.4045625e-01   1.8859889e-01   3.1546242e-01  -4.1272700e-02  -3.2363538e-01   1.9528832e-01   2.1321047e-01  -2.5154585e-02  -4.7429930e-02  -3.0053090e-01   3.1300824e-01  -2.2230128e-01  -2.8771187e-01  -9.7846647e-02   2.9154183e-01  -3.1382560e-01   2.5169577e-02   3.0101520e-01   1.0102876e-01   2.2746804e-01  -1.0494534e-01  -1.6288001e-01  -4.0100755e-01   2.4578467e-01  -2.2644387e-01
  -1.5357477e-01  -1.8852129e-01  -1.1144418e-01   1.6442324e-01  -2.2303161e-01   1.0433834e-01   3.5315121e-01  -1.4771894e-02   1.1618431e-01   3.5177305e-01   0.0000000e+00  -8.0421134e-02  -8.7123682e-02  -2.9380437e-01   2.0435685e-01   3.4058887e-01  -3.1433297e-02   3.9862344e-01  -1.6625308e-03  -1.2541790e-01   3.6292868e-01   2.2093687e-01   4.7404766e-01  -6.0860843e-02  -1.8222456e-01   2.9398437e-02   3.4832598e-01  -1.2968483e-01  -1.5510684e-01   3.3763771e-01   4.3617130e-01   8.7661004e-02  -5.3506122e-02   4.8463288e-01   1.7638777e-01   4.8520528e-01   4.0994163e-02  -2.9335086e-02   4.2879746e-01   2.8352800e-01  -5.9138887e-02  -1.8657343e-01   3.4829913e-02   3.2737041e-01  -1.2785681e-01  -1.9339006e-01   5.4918831e-01   3.7777407e-01  -1.9941111e-01  -1.7987466e-02   5.7634455e-01  -2.2103026e-01   7.1302183e-02  -3.4715871e-01  -2.6355239e-01   5.6822354e-01   1.2130065e-01   1.9226660e-02   2.5729098e-01   1.2983274e-01  -1.4223462e-01  -4.7437285e-02  -4.7708826e-01   4.7338783e-01  -2.2497443e-01   5.4961940e-01  -7.7171832e-02  -1.6818329e-01   4.2200540e-01   2.2314109e-01   8.4389359e-02   2.5179668e-02   2.6489979e-01  -2.8726413e-01  -2.8749974e-01  -6.6895091e-02  -6.0900527e-02   9.4777782e-02  -2.6019124e-01  -1.7980365e-01   3.2836518e-01   4.3328562e-01   3.4659606e-01  -2.0889220e-02  -2.0387877e-01  -5.3266801e-02  -1.1412217e-01  -2.1996710e-01  -1.5928385e-01  -4.4471018e-03  -2.2887295e-01  -1.4145831e-01   7.9363391e-02   8.2670931e-02  -5.4620386e-03  -1.8689667e-01  -2.2151592e-01   1.0765078e-01  -9.7579967e-02   1.0307975e-01   2.5599945e-02   2.5415642e-01   4.8529203e-02  -8.2369495e-02   2.0368035e-01   1.1828313e-01  -2.9679518e-01   2.7149925e-01   9.7341026e-02   5.5762924e-01   3.3296817e-01   2.3544031e-01  -2.0287908e-01  -9.2981432e-02   1.9713727e-01  -4.0271742e-01   3.3357507e-02   2.3913514e-01   2.4216494e-01   2.3860839e-01  -2.4655503e-01  -3.6133060e-01  -7.8820079e-02  -2.0225446e-02   2.8203786e-02  -1.6368931e-01   5.8643366e-02  -3.3203250e-01  -6.3757025e-02   3.1048055e-01   3.0131396e-01   2.8130956e-01  -3.0905695e-01   3.7918572e-01  -1.3864739e-01  -5.4632075e-02  -3.4702215e-01   4.4186343e-01  -5.6030749e-02  -7.6901893e-03  -1.3782655e-01  -2.8346403e-01   5.4494359e-01   1.4364577e-01   4.0431070e-01   3.4973734e-01   1.8155978e-01   4.9889695e-01   5.7366456e-01   2.2998048e-02  -3.8224332e-01   2.8712390e-02  -3.4132593e-01   5.8202417e-01   5.2000115e-02  -2.2404436e-01  -1.4840332e-01   1.6972705e-01  -1.0109704e-01   2.5985333e-01  -1.6016817e-01   5.5262519e-01   4.1546185e-01   1.6568529e-01   1.1223818e-01  -3.7385929e-01   3.6362951e-01   1.4925790e-02  -2.8455736e-01   1.7440146e-01   9.9332161e-03  -1.5983964e-01   1.2219434e-01   1.7913489e-01  -1.0593806e-01  -2.0451673e-01   2.5234685e-02
  -5.4168130e-01   8.2368916e-01   3.2075850e-01  -1.0974517e-02   3.1028457e-01   3.7904330e-01   5.5540396e-01  -2.4822488e-01  -8.3156012e-02   5.3079257e-01  -8.0421134e-02   0.0000000e+00  -1.5956357e-01  -3.0831638e-01   1.1656244e-01   2.3620081e-01   7.0796616e-01  -2.5926198e-01   2.0180530e-02   1.3885416e-01  -3.6035881e-01  -5.5264518e-01   4.6623115e-02  -5.3169538e-01  -2.0463311e-01  -1.0307553e-01  -9.9903315e-02   3.5038250e-01   1.5057720e-01  -3.6037907e-01   3.5370021e-02  -3.3620015e-01   2.4690199e-01   4.1683208e-01   5.3318616e-01   4.1008457e-02  -2.4494100e-01   1.7920565e-01   1.8953413e-01   4.3560052e-01  -2.9623877e-01   2.4932373e-01   4.8685276e-01  -8.4235818e-02   1.5238689e-01  -3.4675591e-01  -1.7918045e-01   3.1915697e-01  -2.0005320e-01   7.8052539e-01  -1.1513545e-01  -2.3797075e-01   3.9994262e-01   3.4067161e-01   1.7720503e-01   2.7412565e-01  -3.7160073e-01  -2.2985893e-01  -2.7524219e-01   5.1851490e-01   3.1845724e-02   3.1316801e-01   1.7023768e-01  -3.2100882e-01  -1.0267325e-02  -4.0622358e-02   3.2165866e-01   8.1381705e-02  -4.0582857e-01  -6.3331588e-02   7.8405775e-01  -1.0695746e-01   7.0820711e-02  -7.7013767e-02  -1.0895223e-01  -1.2303620e-01  -1.5395191e-02  -4.8534780e-01   2.1437374e-01   4.3020823e-02  -4.4522408e-02   4.3311239e-02   7.1105599e-01  -2.2068511e-01   7.2079923e-01  -3.7653006e-01   1.4061015e-01  -4.9928628e-01   3.7998009e-01  -4.2312664e-01   1.7886275e-01   1.8635143e-01   8.2516413e-01  -1.0921208e-02   6.4028785e-03   4.1905735e-01   2.6258059e-02  -2.8187133e-01  -1.4432264e-02   3.0858826e-01   6.3826268e-01  -5.0385416e-02  -3.4365834e-01  -4.8818418e-01  -5.4822775e-01  -1.7922141e-01   3.4106871e-01  -3.6121504e-01   4.1866436e-01  -4.4448020e-01   6.8809947e-01  -3.6200748e-01  -5.0319476e-02  -3.0824346e-01   7.6085439e-03   5.0865475e-02  -1.4253970e-01   2.6282817e-01   2.9520478e-01  -6.5596774e-02  -4.3570562e-01   6.1969559e-01   2.5577622e-01  -1.9556550e-01  -1.7831374e-01  -4.4439092e-01  -1.2781788e-01   6.1385688e-02  -2.7784724e-01   2.6844830e-01   2.3227840e-01   3.5285467e-01  -1.0520243e-01   1.7260468e-02   1.7441735e-01  -2.1178392e-01  -4.1248884e-02   1.5050594e-01  -3.8453446e-01  -1.8989435e-01  -4.8124522e-01  -2.8080339e-02  -3.9196989e-01   5.9952966e-01  -2.6174241e-01  -3.7370554e-01   8.2078369e-01  -6.0897442e-01  -2.0979059e-01   8.7080524e-02   5.3250636e-03  -2.8441532e-01  -1.5711226e-01   4.5429458e-02   7.1868446e-01  -1.5762703e-01  -4.2171778e-01  -3.3293276e-02   3.1354212e-01  -2.6984707e-02   1.4201912e-01  -6.8606317e-01  -2.6154325e-01  -4.7116851e-01  -1.4879910e-01   2.1180379e-01   4.4524571e-01  -4.3602266e-01   1.8710438e-02   6.5724056e-01  -1.5029717e-01   2.9277076e-01  -4.2598313e-01  -2.3339705e-02  -3.6801778e-01   1.4585575e-01  -1.7050864e-01
   1.1112633e-01  -1.9802883e-01   2.6697702e-02  -3.5283848e-01   1.3339379e-01   3.2579460e-01  -1.8305589e-01   3.5801915e-01   9.6401786e-02  -1.3777530e-01  -8.7123682e-02  -1.5956357e-01   0.0000000e+00   1.3050171e-01  -2.4439901e-01  -4.7211421e-01  -2.8256579e-02  -2.1767774e-01   4.1467432e-01   1.5195026e-01  -1.6476519e-01  -3.6990692e-01  -3.2766878e-01   2.9997766e-01   2.5323969e-01   3.0494152e-01  -7.2887535e-02  -6.7094753e-02   1.8734892e-01  -2.8666864e-01  -3.9051913e-01  -3.2669363e-01  -9.8999532e-02  -3.0535627e-01  -8.6300267e-02  -1.6452044e-01   7.7030070e-02  -3.1195987e-02  -3.7527100e-01  -9.8682179e-02   6.1380838e-01   1.4776736e-01  -5.6031890e-02   3.2480130e-01   2.4516685e-01   2.2124505e-01  -6.3807381e-02  -2.8017878e-01   2.4031481e-01  -2.0792061e-01  -2.6382667e-01   3.6304754e-01   2.4613421e-02   4.0667966e-01   1.0214659e-01   7.5302333e-02   3.0371122e-01  -3.2048940e-01  -2.3066572e-01  -3.3920709e-01   8.2132925e-02   2.6733285e-01   1.3025644e-01   6.3245383e-02   3.0673733e-02  -2.8695196e-01   4.3030425e-01   4.8639962e-01  -4.7389588e-02   2.2743546e-01  -1.3217168e-01   1.8567327e-01  -1.0349997e-01  -5.4598923e-02   3.1243909e-01  -9.6928321e-02   2.2569752e-01   1.4276993e-01  -4.0472594e-01   4.4087629e-01   2.3042475e-01  -1.9385333e-01  -5.1917697e-02   4.0774398e-01  -4.1301153e-02  -9.7629411e-02  -7.5703506e-02   2.2788371e-01   9.7633988e-02  -2.1233219e-02  -6.6960446e-03  -1.3894154e-01  -4.2013252e-03  -3.4654529e-02   6.1199526e-03   1.1710654e-01   3.5817782e-01   4.7941164e-01   1.6854587e-02  -1.9055894e-01   3.3633872e-02   2.0971786e-01   1.8549824e-01  -9.9999430e-02  -2.0029565e-01  -4.1387766e-01   4.3369409e-01   3.0341027e-01  -8.5833343e-02  -1.5827328e-01  -8.7057858e-02  -3.8042628e-01   1.4224430e-01   2.9773025e-02   5.6020659e-02  -3.1095279e-04  -5.3535986e-02   2.0882985e-01   3.9014763e-02  -1.4454488e-01   2.7238410e-01   1.8890530e-01  -4.3305473e-02  -1.2436249e-01   7.2646281e-02   1.3319459e-02   1.3391622e-02   4.1951863e-01  -9.7734712e-02   1.4907986e-01  -1.7484552e-01  -1.5082380e-01   9.1141659e-02  -4.0611331e-01   1.9528336e-01   2.1942936e-01   5.2218641e-01  -7.3035241e-03   1.2972704e-01   2.1992219e-01   2.1059701e-01   6.1104925e-01   2.7393951e-01   6.6079795e-02  -2.9958655e-01  -2.3495849e-01  -3.3859718e-02  -2.0957155e-01  -2.6472840e-01   2.1813215e-02   3.4514981e-01   4.3624187e-01   1.3473119e-01  -8.3043589e-02   1.3904769e-01   1.5200838e-01   2.1169141e-01   3.1142591e-02  -4.3247797e-02   1.2608613e-01   2.6776032e-01   3.3635359e-02  -7.6224258e-03  -3.0218314e-01  -3.4985432e-01   1.7580892e-01   1.8138149e-01   4.2938153e-01   3.4076311e-01   5.4282509e-04  -2.4072917e-01   1.6545184e-01   8.6809668e-02   2.1014968e-01   2.6417438e-02   4.7505012e-01  -5.0256501e-01
   4.9440207e-01  -2.5742707e-01   1.6965975e-01  -2.0732173e-01  -2.8484452e-01   3.9026907e-02  -5.6930539e-01   2.2909531e-02  -3.1501879e-01  -3.7437223e-01  -2.9380437e-01  -3.0831638e-01   1.3050171e-01   0.0000000e+00   6.8354032e-02  -3.0198142e-01  -1.0588263e-01  -5.7206320e-02   8.6667428e-02  -2.5081957e-01   1.4038801e-01   2.3588160e-01   7.5563862e-02   2.0906729e-01   1.1603660e-01   8.8993434e-02  -2.9318738e-01   1.6675104e-01  -3.2289808e-02  -1.0480922e-01  -3.8974542e-02   5.4064152e-02  -1.2765588e-01  -4.1611607e-01  -2.6723787e-01  -2.3142216e-01  -4.3431427e-02   8.8129063e-02  -3.5578871e-01  -4.1687684e-01   2.3572496e-01  -8.9716698e-02  -4.2352429e-01   3.2622872e-01  -2.5546127e-01   4.3651998e-01  -5.7344838e-02  -3.4103787e-01   1.4041454e-01  -3.3443385e-01  -7.7622827e-02   1.1941494e-01  -3.3501412e-01   3.5725902e-02   4.8637233e-01   2.8840080e-02   1.6804681e-01   2.3206235e-03   3.9849394e-02  -1.8705733e-01   2.4515629e-01  -1.6355488e-01  -1.6868818e-01  -1.9219081e-01  -2.9697641e-01  -1.9864368e-03   1.1081138e-01   5.9517836e-02   1.3262691e-02  -8.8808827e-02  -3.9266654e-01  -6.4699689e-02  -1.7603155e-01   4.8550859e-01   1.6745894e-01   2.3181299e-01   3.1645125e-01   3.0475890e-01  -2.0866648e-01   1.0807020e-01   8.1037606e-02  -5.0128647e-02  -1.9086125e-01   1.3455036e-01   1.9964748e-01   2.5636460e-01   2.4067070e-01   4.6359294e-01  -2.0836335e-01   3.1411340e-01  -1.5014059e-01   2.3839929e-01  -2.0566285e-01  -2.2984261e-01   2.4858370e-01  -3.2511227e-01   8.0110547e-02   1.2294577e-01   1.0526671e-01  -4.3179708e-01  -2.4042105e-02  -2.1943231e-01   5.7473104e-01   3.4058387e-01   1.9551231e-01   1.8708662e-02   8.5438840e-02  -4.5586177e-02  -2.0189971e-01   2.5107269e-01  -4.6677353e-01   1.3956485e-01  -5.2921893e-02   4.7911195e-01   1.0705309e-01  -1.1685806e-01  -1.0453092e-01  -2.4617613e-01   2.0456289e-01  -2.0619238e-01   4.6569294e-01  -3.4321015e-01  -2.2523267e-01   7.9813004e-03   2.8747579e-01   4.0072995e-01  -4.4826589e-03   1.5021354e-01   8.4992392e-02  -1.7102321e-01  -3.6341166e-01  -3.2364448e-01   6.1388664e-01  -6.4701258e-02  -1.9864519e-01   1.0417509e-01   1.4933039e-01  -1.1006717e-01   2.9798943e-01   3.6804151e-01   4.7486525e-01  -5.8867363e-03   3.7475291e-02  -7.3208673e-02   5.6631996e-02   2.7201701e-01  -3.7513491e-01   2.4854576e-01   1.8819645e-01  -3.8439415e-01   3.5044987e-01   1.6108500e-01   4.3422202e-01  -2.8424625e-01  -4.7953310e-01   2.5488698e-01   4.2925921e-01   9.4681151e-02   6.4831167e-03   1.1650318e-01  -1.3741223e-02   9.3265660e-02  -2.8541938e-02   8.3726854e-02  -6.2871658e-02  -1.1998019e-01  -7.9882423e-02   3.0754822e-01   3.6583598e-01   3.5837652e-03  -1.0311416e-01  -1.3485118e-01   8.1310556e-03  -1.2769818e-02   2.0606457e-01   8.1021843e-03  -1.3180231e-02
