   0.0000000e+00  -2.7668507e-01  -2.0817111e-01  -2.5845832e-01  -2.8370216e-01  -8.5592706e-02  -2.9765139e-01  -3.7009899e-02  -9.8603378e-02  -3.0100723e-02  -1.4902599e-01  -3.2938454e-01   2.2383018e-01   1.8956059e-01   1.2902330e-02  -3.0349140e-01  -2.2092451e-01  -7.1922064e-02   3.7453682e-02  -2.9423657e-01  -6.4781283e-02  -2.0267943e-01  -2.2196732e-01   4.7346093e-01  -4.2243901e-02   9.6357643e-02  -3.3073531e-01   2.8233830e-01   7.4973253e-02  -2.2648063e-01   9.3096125e-02  -2.7432708e-01  -1.2665118e-01  -2.3391267e-01  -1.6596027e-01  -2.6109397e-01  -2.2370117e-01   6.3830898e-01  -2.3110820e-01  -3.0501398e-01   2.1347220e-01  -2.3294290e-01  -9.0785729e-02  -6.7628082e-02  -1.3844568e-01  -8.9037258e-02  -8.3429460e-02  -2.1613929e-01  -2.5332372e-02  -4.5289347e-01  -1.2812784e-01  -5.6109957e-02  -8.3241950e-02  -1.0169085e-01   2.1862310e-01  -1.8721675e-01   2.0286424e-03  -1.3761765e-01  -2.3164990e-01  -2.1474826e-01   3.6560373e-02  -1.2545153e-01   1.5054809e-01   6.6014930e-02  -2.2851933e-01  -2.7039116e-01  -1.7121455e-01   1.0224905e-03  -1.9099891e-01  -5.0643896e-02  -3.7749522e-01  -1.5628207e-01  -3.8744880e-02  -2.2245492e-01   3.6048971e-01  -1.5147909e-02   2.4694648e-02   1.5113758e-01  -2.0395962e-01   2.1840095e-02   1.6291047e-01  -1.3831054e-01  -2.4352135e-01   5.6308986e-02   4.3483519e-01  -9.1406289e-02   2.8019807e-02  -2.0977848e-02  -1.9676548e-01   6.0093545e-01  -1.2848621e-01  -4.9869639e-02  -4.1829186e-01  -1.9308612e-01   2.2074869e-01  -3.2675177e-01   1.4482511e-01  -4.6960380e-02  -1.1153710e-01   5.8511760e-02   2.7489546e-01  -9.0251898e-02  -1.4024112e-01   2.8588893e-03  -3.1533908e-01  -1.0628888e-01  -8.1481359e-02  -2.4057447e-01  -2.8473714e-01   6.6345127e-02  -3.1094779e-01  -3.0307623e-01   2.8242191e-02   7.9223141e-01   4.6848686e-01   3.8156626e-02  -2.2002679e-01   2.5130913e-02   4.5123741e-01  -2.5685867e-01   3.2841124e-01  -2.5709286e-01  -1.6303906e-01  -2.0733168e-01   4.0516029e-01  -6.2933830e-02  -2.1119446e-01  -3.2495338e-02  -1.6239580e-01  -5.2051396e-02  -1.3743194e-01  -3.0546790e-01   1.2249902e-01   8.2863705e-02  -1.8127548e-01  -3.8493078e-02  -2.2937563e-02   2.8899583e-01  -6.2985406e-02   7.3815749e-01   7.0225390e-01   1.6082977e-01  -2.5999381e-01   1.6395612e-02  -1.1255377e-01  -4.1106327e-02  -1.8052315e-01   1.2124751e-01  -1.4824061e-01   5.2366134e-02  -1.1462670e-01   7.8393951e-02   5.4695286e-02  -9.5794388e-02  -2.0314394e-01   7.7499053e-01   1.8363787e-01  -1.3757523e-01  -1.0202131e-01  -1.1372180e-01   2.7151882e-02  -2.1904063e-01  -4.8939413e-02  -2.1871185e-01  -1.1511532e-01  -4.9043052e-02  -2.6605187e-01   3.5949428e-01   1.6275309e-01  -1.8682825e-01   2.1898912e-02   4.9045347e-01  -1.2084863e-01   2.8134605e-02   1.1480438e-02   3.0629559e-02  -6.8928902e-02
  -2.7668507e-01   0.0000000e+00   4.0706460e-01  -2.9378595e-01   4.8040254e-01  -2.5677150e-01  -3.2153706e-01  -2.9399952e-02   2.8058162e-01  -4.6934276e-01  -5.9845143e-02   3.8266574e-01  -1.7817199e-01  -2.7338011e-02   1.6830839e-01  -1.5219629e-01   3.7123601e-01  -3.9442495e-01  -1.6727607e-01  -1.1155959e-01  -2.6233056e-01  -4.0565833e-02  -2.4961694e-01   6.7118520e-02   3.0155309e-01  -2.1862626e-01   2.2023070e-02  -4.1336088e-01   2.8287855e-01   1.1046328e-01   1.9479724e-01  -1.2845574e-01  -3.3737942e-01  -3.9919154e-01   3.3876540e-01   9.9495998e-04  -2.4389516e-02  -1.0678874e-01  -1.5401304e-01   2.4648208e-01  -2.1387150e-01  -4.3308393e-01   3.5002483e-01  -2.1028523e-01   5.8105838e-03   2.1359188e-01  -6.8348484e-02   8.8737937e-02   1.2082030e-01   4.3444604e-01  -4.3920384e-01  -2.1311492e-01   3.6515607e-01  -6.9068170e-02   2.5979007e-02   5.8929392e-02  -1.8825738e-01   1.3048193e-01  -1.9249847e-01   6.1366060e-01  -9.4238642e-03  -1.1801059e-01   9.9651451e-02  -1.6937769e-02   3.7083173e-01   6.5155151e-03  -1.3831034e-01   1.2657286e-01  -2.6883495e-01  -3.1398762e-01   5.8460050e-01  -3.6266941e-01   2.5232588e-02   6.3601226e-01   1.2070734e-01  -9.3446540e-03   5.6468547e-02  -3.0282099e-01   4.7570460e-01   3.4841584e-02  -3.1209317e-02   1.2142111e-01   5.1491064e-01  -3.0261947e-02  -4.0300817e-01  -5.9725374e-04   5.1661426e-01   4.7826389e-01   3.7156871e-01  -3.1532774e-01   4.7315970e-01   3.9538757e-03   3.9074378e-01   1.2557709e-01  -7.5327934e-02   6.0223810e-01   8.1229104e-03  -7.0279034e-02   7.5112536e-02  -2.7681471e-01  -3.2170786e-01   3.2583224e-01  -2.1881553e-01   5.2949183e-01  -2.0676570e-01  -2.2402819e-02  -2.4947919e-01  -1.1989473e-02  -2.0366627e-02  -4.3680119e-01   4.4145216e-01   1.8817573e-02  -2.5268920e-02  -2.0881515e-01  -4.6974602e-01   5.4731779e-01  -3.0549698e-01  -1.1917943e-01  -4.5093927e-01  -2.3401470e-01  -6.4176956e-02   5.8903852e-01   4.3568181e-01   2.5118423e-01   1.9326343e-04   2.2569254e-01  -1.0354406e-01  -8.9873714e-02  -2.0962707e-03  -2.2130902e-01   9.0352458e-04   2.1025523e-01   4.8498639e-01  -1.7175630e-02   1.9524470e-01   1.2483234e-01  -3.3011645e-02  -4.0120382e-01   2.1388058e-01  -1.9869901e-01  -1.0018813e-01  -1.6653449e-01  -2.3867905e-01  -1.9278846e-01  -1.2656964e-01   6.3607835e-02  -7.0683700e-02  -2.0299313e-01  -1.8186185e-01   7.1787223e-02   1.5965742e-01  -1.0148579e-01  -1.9129805e-01   2.2707760e-01   5.0146963e-01  -1.2838248e-01  -1.8865096e-02  -1.4894411e-01  -9.9032387e-02   6.5412424e-02   1.1998850e-01  -1.5172610e-01  -1.2899156e-02  -2.7502077e-01  -2.8312196e-02   5.7376881e-01   3.2228460e-01  -3.7468213e-01  -1.5398256e-01   5.9779691e-01   3.3794430e-01  -1.1147729e-01  -3.8961179e-01  -1.2245537e-01   1.9293913e-01  -2.9924891e-01  -1.2610333e-01
  -2.0817111e-01   4.0706460e-01   0.0000000e+00  -1.7657286e-03   3.1498584e-01   1.4212100e-02  -3.0851685e-01   2.0108240e-01   1.2953007e-01  -1.7290722e-01   5.8408177e-02   5.1401971e-01  -5.8873830e-01  -4.5319507e-01   1.8894304e-01   1.3398059e-01   8.6207792e-01  -3.9073634e-01   3.0855961e-01  -4.1087906e-01  -2.7690197e-01   5.1999300e-01  -2.7103199e-02   7.3687914e-02   1.7408989e-01  -5.2180069e-02   2.3145199e-01  -4.7760643e-01   3.2931728e-01   4.9517389e-02   1.3876627e-01   2.8141232e-01   5.0327489e-02   8.9156732e-02  -3.2270218e-02   4.2710326e-01  -2.1526087e-01   1.9996775e-01   1.8520044e-01   1.7749728e-01  -5.1461878e-01  -2.7036832e-01   2.1721141e-01  -4.3600605e-01  -2.6411065e-01   4.3573740e-01   3.4870334e-01  -3.2348131e-01  -4.9030418e-01   6.3630061e-01  -2.9166582e-01   2.7565939e-02   3.5892046e-01  -5.5102286e-01  -3.8251319e-01   4.6490282e-02   2.6084910e-01   5.8224603e-01  -2.1735967e-01   5.1482452e-01   5.1227872e-01  -1.9658732e-01  -3.4184728e-01  -1.3504765e-01  -1.4332746e-01   2.4997160e-01   1.3662765e-01  -2.1850583e-01   2.2990538e-01   4.7131234e-02   1.0722231e-01  -1.8786438e-01  -7.2520111e-02   6.1255825e-01  -3.3204393e-01   3.8410417e-01   5.3836746e-01   1.7562037e-02   6.4241235e-01  -3.2311160e-01  -1.1190870e-01   3.5054668e-01   3.4202664e-02   1.0570308e-01  -3.0414605e-01   2.7385245e-01  -1.1385784e-01   3.9293662e-01  -4.5542314e-02  -1.0455986e-01   7.9662170e-02   5.7180422e-01   4.4442438e-01   3.7688821e-01   3.6026860e-01   2.7212184e-01  -1.9581142e-01   2.8712435e-01  -4.0114118e-02  -3.3657541e-01  -5.1276973e-01   2.8593429e-01  -8.4022866e-02   2.2514187e-01   9.9461566e-02   3.8091139e-01  -3.7894580e-01   3.2693449e-01  -8.0195755e-02  -1.0347214e-01   3.3054293e-01   3.0352341e-01  -3.4462141e-01  -1.0715952e-01  -4.8531090e-01   5.1846617e-01   8.2621018e-02  -3.4930814e-01  -5.7770138e-01   8.1635418e-02   2.2700895e-01   3.8526245e-01   1.2414928e-01  -1.6657990e-01   6.9865361e-02  -1.7798595e-02  -1.6747734e-01  -4.7907273e-01   4.1397778e-01  -2.9774123e-01   3.9404202e-02   1.7313226e-01   4.4036936e-01  -1.8086744e-01   3.2444832e-01   3.8080167e-01  -5.3054058e-01  -6.7251056e-01   4.9438040e-01   1.2048814e-01  -8.6191724e-02  -6.4968614e-01  -1.1533835e-01  -4.1427958e-01   9.3812846e-02   1.2792450e-01  -2.2759230e-01   7.1323636e-02   2.3974466e-01  -2.9168706e-01   3.8500934e-01  -2.8421775e-01   5.6034477e-02  -1.3534414e-01   2.6195663e-01   9.4304861e-02   4.1276706e-01  -2.2952536e-01   4.4041703e-01   2.3238526e-01  -1.0377005e-01  -7.1527810e-02  -1.2091392e-01  -1.4201999e-01   4.8744118e-01   4.4399375e-01   1.7305142e-01  -4.6209543e-01   1.5491619e-01   5.4555108e-01   3.5293663e-01   2.5627692e-01  -5.3386905e-01  -2.0194933e-01  -3.1642153e-02  -7.1966586e-01   4.3036415e-01
  -2.5845832e-01  -2.9378595e-01  -1.7657286e-03   0.0000000e+00  -1.2400852e-01   1.6674978e-02  -3.4387594e-02  -6.7670003e-02   2.2286285e-01   3.8052916e-03  -3.4578617e-01  -1.9706212e-01  -2.5011409e-01   3.8292931e-02  -4.4663321e-03   5.9325025e-01   7.9564886e-02   2.3750584e-01   3.5507454e-01   1.7741632e-01   5.5345794e-01   4.6475835e-01   3.4697846e-01  -3.4731988e-01  -2.2540362e-01   3.2729274e-01  -9.8145019e-02   1.2774737e-01  -1.8644384e-01  -1.8737938e-01  -3.1313019e-01   6.6466226e-01   7.9520180e-01   1.1210414e-01   2.2120814e-01   2.4087064e-01   1.5902327e-01  -3.9320540e-02   6.5082024e-01  -2.9201303e-01   1.3712718e-02   7.6075257e-01   7.9020052e-03  -3.1857849e-01   1.4559437e-02  -1.3433603e-01  -1.2607323e-02  -2.2516253e-01  -1.2795316e-01   1.7101609e-01   4.1384731e-01   2.6863135e-01  -4.6292724e-01   2.4523605e-01   1.1236185e-02  -3.2518855e-01   2.7760037e-01   3.8620727e-01   3.4600726e-01  -3.2290448e-02   2.2040486e-01  -1.3216916e-01  -3.0598713e-01  -6.3775342e-01  -1.5647953e-01   8.8162219e-02   4.8663831e-02  -4.9535209e-01   1.3271365e-01  -2.9466111e-01  -1.3752609e-01   5.2473233e-01   4.8598612e-02  -1.7619407e-01  -1.7710877e-01   2.1175895e-01   1.9492281e-01   3.1099390e-02  -2.7660330e-01  -3.5534203e-01   7.8266275e-02   1.6690643e-01  -3.4635865e-01   3.2243939e-01   8.5218496e-02   1.2722678e-01  -4.3689403e-01  -3.7990971e-01  -8.1418343e-03   4.4242854e-02  -3.3084845e-03   4.3090096e-01  -8.8300998e-02   3.9842027e-01   3.9358062e-02  -1.1525684e-01  -5.6198917e-01   1.8124915e-01  -3.9476274e-01   3.9855838e-02  -2.6244991e-01  -3.6913849e-01  -2.7663935e-02  -3.1359388e-01   3.8797010e-01   6.1926966e-01   4.8089862e-01   2.2145064e-01  -1.1064354e-01  -9.6837403e-02  -4.2861185e-01   4.3731918e-01  -1.7891947e-01  -1.6287970e-01  -1.8444495e-01  -5.4793135e-01  -2.9577156e-02   1.2881683e-01  -3.2061471e-01   7.8315052e-01   3.3157582e-01  -9.9280462e-02   8.4743627e-02   5.7658450e-02  -1.2623784e-01   4.4787515e-02   3.7042317e-01  -1.0627417e-01   5.0124212e-01  -4.3586017e-01   2.6527757e-01  -2.7423326e-01  -2.5227620e-01  -1.1871480e-01   4.1764757e-01   7.2192880e-02  -3.2669023e-01  -2.6655769e-01   5.7663397e-02   1.3934312e-01   6.1340943e-02  -1.8091030e-01   1.7008024e-02  -2.9939513e-01   4.9965661e-01  -3.6900241e-02  -1.8458874e-01  -8.6920957e-02   3.7462874e-03  -9.4501860e-02  -8.7709163e-02  -6.6987990e-02   5.6599619e-01  -3.0290025e-01  -6.4556063e-01  -9.4713110e-02   3.8070269e-01   1.2825096e-02   5.3792252e-01   2.0216832e-01  -1.9726338e-01  -1.7261263e-01   1.6386491e-01   6.5048084e-01   6.0593318e-01  -4.7826333e-01  -2.4851457e-01   1.2815973e-01   5.0827134e-01  -4.0076544e-01  -3.9084815e-01   1.8685343e-01   2.5268640e-01  -2.9857252e-01  -4.0297720e-01  -5.8663723e-02   6.0404153e-01
  -2.8370216e-01   4.8040254e-01   3.1498584e-01  -1.2400852e-01   0.0000000e+00  -1.0642839e-01  -2.3771446e-01  -3.3465975e-01   8.1018315e-02  -7.5852013e-02   1.0907879e-01   2.5070567e-01  -1.1116739e-01  -1.7749903e-01  -8.9122578e-03  -8.7596289e-02   2.6339123e-01  -1.6984559e-01  -1.9222114e-01   2.6687514e-01  -1.7904085e-01   1.0562418e-02  -9.5793596e-02  -8.3074437e-02   2.8367434e-01  -1.8979055e-01   7.2690692e-02  -3.0885354e-01   2.7336310e-01  -1.3158305e-01   1.0465248e-03  -9.7101972e-02  -1.9809221e-01   4.5856685e-02   7.8738705e-02   3.4463253e-01   1.1196253e-01  -1.6701753e-01  -1.0083715e-01   1.1291252e-01  -1.4656738e-01  -2.5195819e-01   1.8838104e-01  -1.0592980e-01  -2.3229432e-02   9.6193579e-02   1.6940067e-01  -1.6975481e-01   1.8253443e-01   3.3676554e-01  -1.7081864e-01  -1.9031828e-01   2.8654785e-01  -1.0152958e-01   1.2617801e-03   1.8248641e-01  -1.0022830e-01  -1.9580009e-02  -7.7041058e-02   3.2790464e-01  -3.3770729e-02   3.0699265e-01   4.3082950e-02   5.7946120e-02   1.2004272e-01   3.3709373e-01  -6.8761264e-02   9.9183187e-02  -8.8591691e-02  -5.9652328e-02   1.3291068e-01  -9.1544036e-02  -5.9993861e-02   4.7808749e-01   2.7108257e-01  -1.2150916e-01  -5.3221417e-02  -2.9295319e-01   6.3262405e-01   1.2963636e-01  -1.5932293e-01   1.9202624e-01   3.9531220e-01  -3.1438787e-01  -2.7641718e-01  -1.4460443e-01   2.3995896e-01   2.5058022e-01   2.9183829e-01  -2.0556372e-01   4.2329289e-01  -3.9835442e-02   2.6345400e-01   8.6337961e-02  -1.2501190e-01   7.3814936e-01   1.7426277e-01  -5.1862575e-03   1.6062635e-01  -2.9998153e-01  -3.5899391e-01   2.6342457e-01  -1.5056855e-01   3.5858083e-01  -1.6199190e-01  -1.6196402e-01  -2.4308024e-01  -3.2531368e-02   2.3310017e-01  -1.3849098e-01   4.6272571e-01  -7.6649247e-02   1.5876140e-01  -2.5651758e-01  -3.7462320e-01   5.1897048e-01  -1.2035297e-01  -7.0043189e-02  -3.8640863e-01  -7.6237533e-02  -1.0956723e-01   6.1061242e-01   3.5854833e-01   2.3288186e-02  -5.6665611e-03   1.1007270e-01  -1.9344210e-01   7.7041928e-02  -8.9703514e-02  -1.2953100e-01  -1.2297361e-02   3.8197124e-01   3.8759828e-01  -1.9593786e-01  -4.7194922e-02  -1.4670636e-01   1.1261917e-01  -4.6287897e-01   1.5438473e-02  -3.0049390e-01  -2.2926268e-01  -1.3071234e-01  -1.7217794e-01   5.2058057e-02  -1.6797983e-01  -1.3585720e-01  -8.9727166e-02   1.3266747e-01   3.6567920e-01  -2.0014476e-01   6.4807355e-02  -3.2947522e-01  -1.1964290e-01   4.2924170e-01   4.2975658e-01  -1.8300173e-01  -3.1696829e-02  -3.6777999e-02  -9.2507046e-02  -8.3477962e-02   3.0466342e-01  -3.8440447e-03   1.2674255e-01  -2.7013582e-01  -5.6975683e-02   4.5744928e-01   4.1775714e-01  -3.7660495e-01  -1.4462319e-01   4.2437360e-01   5.7446924e-01  -1.3546017e-01  -1.0197853e-01   3.0648343e-02   2.8711846e-01  -7.6277999e-02  -1.8318418e-01
  -8.5592706e-02  -2.5677150e-01   1.4212100e-02   1.6674978e-02  -1.0642839e-01   0.0000000e+00   6.4065250e-02   1.0698850e-01  -4.8934061e-01   1.0974502e-01   2.5650261e-01  -1.7503215e-02   1.3769630e-01  -1.9450400e-01  -2.5292667e-01   1.5947613e-01   1.1797201e-01  -6.1667985e-02   2.8591831e-01   6.8268363e-02  -1.5511782e-01   3.9394086e-02  -1.0172572e-01  -1.8809033e-01   5.8483092e-02   1.1033027e-02   5.3512056e-01  -7.9742691e-02   5.3314624e-02   1.2433875e-01  -4.2327120e-01  -1.3960282e-01   5.8434556e-02   1.1748372e-01  -3.9831716e-01   1.8392054e-01   7.2762428e-02  -2.9746371e-02   1.0674952e-01   3.9503596e-01  -1.3763022e-02  -7.1404803e-02  -4.3896183e-01   1.8419929e-01  -4.0028772e-01   1.3360970e-01   1.6441672e-01   2.2411203e-01   4.4456767e-02   6.1673467e-04  -1.4926319e-01   1.3130860e-01  -1.4240770e-01  -8.4298638e-02  -3.5328595e-01   9.2117555e-02   5.8993812e-01  -5.4902656e-02  -2.1219086e-01  -2.9958637e-01   2.0019339e-01   2.9175952e-01  -3.3417240e-01   7.8684059e-03  -4.9055739e-01   1.5158719e-01   7.7357154e-01   1.2567044e-01   5.5646346e-01   3.1923732e-01   6.1945650e-02  -2.1040375e-01  -3.7572804e-01  -1.7042109e-01  -1.9977821e-01  -2.3495137e-01   1.5363897e-01   4.4933173e-02  -1.3945343e-01  -2.9229259e-02  -1.5288666e-01  -3.3916925e-01   1.4993549e-01   1.8812261e-02   3.5915400e-01  -2.6989918e-01  -1.8577259e-01  -2.7968646e-01  -2.0768363e-01  -2.9607021e-02  -4.7693556e-01   2.8081624e-02  -7.2544569e-02  -2.6164141e-01   2.3236014e-01   2.4097551e-02   1.4517256e-01   4.0683602e-01   4.9203272e-02  -3.4580298e-01   1.9645581e-01  -9.3219876e-02   2.1776079e-01  -3.6692269e-01  -8.3174654e-02  -1.5077866e-01  -8.0491937e-02   3.3987958e-01  -5.2951579e-02   1.0620506e-01   1.9106422e-01  -1.1606099e-01  -7.9412793e-02  -3.9857320e-02  -1.3414290e-01  -1.7014945e-01   2.1032812e-01  -1.2962997e-01   2.1146903e-01  -2.8969544e-02  -1.0575851e-01  -3.2505616e-01  -2.2539942e-01  -4.0898840e-01   1.4649638e-01  -1.7392462e-01  -2.5481001e-01   1.5668313e-01  -2.2095700e-01   2.7795214e-01  -3.2317001e-02  -6.1789320e-02  -8.4843959e-02  -3.5481520e-01  -3.0307726e-01  -1.4096913e-01  -3.3877289e-02  -1.0420300e-01  -2.6879155e-01  -7.3042199e-02  -4.3795083e-02  -5.4562843e-02  -1.6034396e-02   3.6628274e-02  -4.2950856e-01  -2.8734207e-01  -4.6279160e-02   4.4150931e-02  -6.6439621e-02  -3.1032539e-01   1.2767756e-01  -9.9818489e-02  -2.0407904e-01  -1.1274314e-01   1.5822077e-01  -1.9457103e-01   6.5970563e-02  -1.5954581e-01   1.1681269e-01   1.6610660e-02  -2.1773048e-01  -5.0872055e-03   6.5221941e-02  -1.3260280e-01  -3.0348030e-02  -2.6003784e-01   1.2062681e-02  -5.1324820e-02  -9.9030817e-02   5.4627142e-02  -1.7211235e-01   5.6225477e-02  -1.3144505e-01   4.7278470e-01  -1.3481598e-01   2.4784759e-02  -3.1595501e-02
  -2.9765139e-01  -3.2153706e-01  -3.0851685e-01  -3.4387594e-02  -2.3771446e-01   6.4065250e-02   0.0000000e+00   2.9267922e-02  -1.5852053e-01   3.4670457e-01   9.8387566e-02   1.4879908e-01   1.7835905e-02   2.4848047e-01   1.4345658e-01  -7.6544135e-02  -4.2922354e-01   2.2379575e-01  -1.8815190e-01   9.5383800e-02   1.3488545e-01  -4.5104821e-03   3.3503819e-01  -1.0555990e-01   6.8181478e-02   2.2708455e-01  -4.8366052e-02   4.6738702e-01  -2.0808621e-01   3.4586480e-01  -1.5540586e-02  -4.1407351e-02  -1.2966887e-01   3.8492294e-01   1.0139908e-01  -1.9409820e-01   2.5734932e-02  -4.0788059e-01  -1.9043779e-01  -7.0133786e-03  -1.7708309e-01   1.8930102e-01  -1.1501977e-01   4.0682254e-01   7.1424782e-02  -1.1858560e-01  -1.1190657e-01   2.8093657e-01   7.0076922e-02  -3.1043420e-01   2.6483248e-01   1.6979279e-01  -2.1053986e-01   9.6898565e-02  -1.3931004e-01   5.0730414e-02  -2.8501311e-01  -2.5582216e-01   1.8403679e-01  -1.2649048e-01  -4.4328501e-01   8.0312116e-02   2.1166041e-01   2.9621038e-01   2.8236411e-02   1.0324925e-01  -4.6209856e-02   1.9171259e-01   1.4520970e-01   2.0984745e-01  -1.3862259e-01   1.8105444e-01  -1.6285686e-01  -2.6445986e-01  -5.7767421e-02  -4.2079885e-02  -4.3165379e-01   6.5635605e-02  -2.7578662e-01   1.0357069e-01   2.8064567e-01  -2.5325097e-01  -1.5351955e-01  -4.1816649e-02  -2.0055083e-01   1.7538009e-01   4.0582660e-02   3.9601139e-02  -1.4542117e-02  -2.1471968e-01  -9.2092126e-02  -2.6241800e-01  -2.8601053e-01  -4.9845350e-02  -4.2932123e-01  -3.8114333e-01   7.7895819e-02  -1.3899633e-01   1.3494931e-01   3.0724138e-01   2.3092940e-01   1.6274998e-01   6.2751984e-01  -1.9968998e-02   2.9264044e-01  -1.8216844e-01   1.5139830e-01   3.9842754e-02   1.4879060e-01   1.6763023e-01   1.0277418e-02   1.8911666e-01   1.9451217e-01  -2.4920333e-01   3.0346928e-01  -3.3452652e-01   3.0315052e-01  -1.0618023e-01   3.3532765e-01   4.2571322e-02  -4.7451313e-01  -1.6107132e-01  -2.3869746e-01   8.8472763e-02  -2.2582629e-01   2.0483278e-01   2.6712526e-01   1.5911487e-01  -1.4414732e-02   3.2551677e-01  -2.4643706e-01  -2.8270581e-02  -3.5295760e-01  -6.1437246e-02  -9.3701444e-02  -6.2345105e-02   1.9880119e-01   5.3945480e-01  -1.9868168e-01  -4.9428380e-01  -4.9155152e-01   1.1475635e-01   3.0960155e-01   3.9132272e-01   1.4720928e-01  -1.0909314e-02   5.3525476e-01   1.6381866e-02   1.5351405e-01   9.9293592e-02  -1.7061081e-02   5.2028740e-01  -1.9612262e-01  -6.2142148e-02  -9.4818315e-02  -4.1610916e-01  -5.9009399e-01   1.1924886e-01  -2.6703969e-01   2.2936289e-01   4.0201917e-02   9.7637831e-02  -1.2062991e-01   1.8249305e-01  -2.0811872e-01  -2.7344403e-01   8.7494137e-02   2.7411634e-01  -3.8008861e-01  -3.8020172e-01  -9.0733267e-02  -5.8108007e-01   3.4299571e-01   7.9507449e-02   3.7558952e-02   3.0247373e-01  -2.1499540e-01
  -3.7009899e-02  -2.9399952e-02   2.0108240e-01  -6.7670003e-02  -3.3465975e-01   1.0698850e-01   2.9267922e-02   0.0000000e+00   2.1299159e-01  -2.6164236e-02   8.1223742e-02   2.3354969e-01  -4.1250994e-01   1.2229748e-02  -4.1467313e-02  -1.9511419e-01   1.7248585e-01  -2.2844785e-01   3.3862772e-01  -5.0742825e-01  -2.2200801e-01   3.2397059e-01  -1.8375839e-01   1.2751516e-01   2.0491023e-01   3.3330484e-01   9.7303706e-03   5.5307860e-02   8.8175839e-02   2.6830851e-01   1.4253725e-01   2.8716297e-01  -2.1967869e-01   9.7110172e-02  -1.9874008e-01  -1.2055367e-01  -3.3595586e-01   3.9157992e-02  -1.9797080e-01  -1.1487264e-01  -4.2802973e-01  -1.5165359e-01   2.4915572e-01   5.4471937e-02  -1.5092886e-01   2.8349095e-01   2.9043797e-02  -2.9581079e-01  -3.2516343e-01  -1.5370469e-01  -1.5246035e-01   5.7080620e-01   5.6282208e-02  -2.2254389e-01  -1.8865084e-01  -1.8534062e-02   3.5740354e-01   5.1933012e-01  -2.0705014e-02   2.8489782e-01   2.1925698e-01  -3.1280613e-01   6.9312487e-02  -2.2550454e-02  -2.3272149e-01  -1.2283970e-02   1.8858885e-01   1.0993505e-02   2.7729400e-01  -1.9506325e-01  -1.0947992e-01  -2.4015539e-02  -2.2174302e-01   2.2098642e-01  -1.3208471e-01   5.1915970e-01   2.1969809e-01   3.4343822e-01   2.5763255e-02  -1.7688959e-01   2.2481884e-01  -1.5973936e-01  -1.1537698e-01   4.3435688e-01   1.9864863e-01   4.9710463e-01  -1.9786725e-01   3.1153452e-01  -4.9195994e-02   1.6235158e-01   2.6943370e-02   2.4864756e-01   2.9086088e-02   3.6410247e-01   7.6986093e-02  -9.3376040e-02   3.3479457e-02   4.3667839e-01  -5.9948869e-02  -1.6875632e-01  -1.6597921e-01  -6.7270520e-02   3.8850555e-01   7.5174523e-02   3.6649558e-01   3.2750772e-01  -1.6031017e-01   6.2754190e-01  -1.2244584e-01   1.9809499e-01   3.8478541e-02   3.6173542e-01  -1.5482652e-01   8.0914339e-02  -2.6375296e-01   3.5591136e-02   1.0609110e-01  -4.8978334e-01  -1.7842456e-01   1.3764578e-01   2.0823879e-01   9.0863002e-02  -2.6318843e-01  -5.2601603e-02   1.9458509e-01  -3.7152272e-02  -1.0517696e-01  -2.5811540e-01   4.1020852e-01  -1.6522143e-01  -3.9480208e-01  -2.3871356e-01   2.4408367e-01  -1.0890283e-01   2.7271960e-01   7.5219489e-01  -3.2158058e-01  -1.0719880e-01   6.3087113e-01  -9.2089845e-02   2.6065418e-02  -3.4604411e-01   3.3898467e-01  -2.1228793e-01   1.0638601e-01   4.6718376e-01  -1.9123160e-01  -1.2744724e-01   1.1697424e-01  -2.1337416e-01   9.6329471e-02   2.4955597e-01   2.2120836e-01  -3.1793952e-01  -2.8844068e-02  -5.7544294e-02   1.3961115e-01  -2.8249746e-01   2.9391103e-01   5.6657068e-01  -1.9280106e-01   1.9890131e-01  -3.6299520e-01   2.4440580e-01   2.9850741e-01   2.7900252e-02  -7.5114419e-03   2.7678740e-02   2.8282250e-01   9.6952656e-02   7.2212081e-02   4.1504618e-02  -2.9157792e-01  -5.4490346e-02   1.7340367e-01  -3.8340371e-01   3.8006719e-01
  -9.8603378e-02   2.8058162e-01   1.2953007e-01   2.2286285e-01   8.1018315e-02  -4.8934061e-01  -1.5852053e-01   2.1299159e-01   0.0000000e+00  -2.3849359e-01  -3.6375280e-01   5.1050057e-03  -2.3825136e-01  -6.3871844e-02   2.8769748e-01  -1.6780906e-01  -1.5160221e-02  -4.8632222e-02  -1.8997233e-02  -2.0344027e-01   2.1855796e-01   1.9318531e-01   7.9999995e-02   2.3866287e-03   9.7907386e-02   7.0863380e-02  -3.8636603e-01  -1.2227413e-01   5.0700084e-02  -7.4800918e-02   3.3609550e-01   3.5416485e-01   1.9125784e-02  -2.5814252e-01   3.9905245e-01  -2.1982930e-01  -6.3039598e-03  -4.7571291e-02  -1.6337215e-01  -3.4933219e-01  -1.0759046e-01   8.6238989e-02   7.1644143e-01  -2.2545657e-01   3.8207509e-01  -1.5106546e-01  -3.0881665e-01  -1.6562594e-01  -1.5341918e-01   8.4031451e-02   1.0082248e-01   2.5860165e-01  -3.1649500e-02   1.3931350e-01   4.1234441e-01  -8.0515750e-02  -1.6089093e-01   4.2171031e-01   1.4089629e-01   5.1495705e-01  -1.0286292e-01  -3.1500248e-01   3.1244772e-01  -1.3743333e-01   4.0878623e-01  -1.1845665e-01  -3.1926927e-01  -1.0193445e-01  -3.2215295e-01  -5.8416134e-01   5.1275635e-02   1.4680283e-01   1.3672202e-01   1.8894349e-01   1.1030155e-01   4.2870399e-01  -7.1111588e-02  -6.8160057e-04   1.3014554e-01  -1.7532463e-01   2.2722751e-01   2.5895789e-01   7.5770481e-02   9.2334845e-03  -1.9433274e-01   5.0063372e-01   1.9496585e-01   1.9220608e-01   2.1080534e-01   4.0038866e-02   6.5984488e-01   1.2660364e-01   1.5230105e-01   6.2675676e-01  -2.8478449e-01   2.2701616e-02  -2.3092598e-01  -8.9944249e-02  -1.4955745e-01   1.8674551e-01  -1.8626262e-01  -3.6159561e-02  -2.2273391e-01   3.8033060e-01   2.6177818e-01   3.2273368e-01   3.2346661e-01   2.8396169e-02  -1.7416630e-01  -1.5942274e-01  -1.1055085e-01   2.8139318e-01  -3.2031875e-02  -2.1219879e-01  -8.4551043e-02   1.9702529e-01  -3.1059746e-01   1.8180788e-01  -4.3660972e-01   2.0107355e-01   1.2182870e-01   3.7710631e-01   1.0243721e-02   4.6436273e-01  -1.6990415e-01   1.8345093e-01   3.4822935e-01  -3.4267978e-01   4.5328821e-01  -4.8828960e-01  -2.8905667e-02  -1.0564808e-01   1.2068350e-01   1.9636837e-01   6.5668913e-01   5.2324721e-01  -2.1466968e-01  -1.6628399e-01   6.1367010e-01   6.9019618e-03  -3.4118693e-02   1.8058147e-03  -1.6162113e-02  -1.8599861e-01   5.3821250e-01   3.2600646e-01  -1.6081088e-01  -1.5487007e-01   1.1883489e-02   2.2586387e-01   1.0471043e-01   9.6844336e-02   3.5793482e-01  -8.7636532e-02  -1.6737016e-01   1.2725259e-01   5.7764437e-03  -4.3852913e-02   3.2354424e-02   3.7096126e-01   1.7151794e-01   4.2401548e-02  -2.0910632e-01   2.3885731e-01   3.1137897e-01   3.2895758e-01   1.1405106e-01  -2.3093892e-01   3.4420500e-01   8.9832786e-02   2.6358448e-01  -8.7526006e-02   1.1281624e-01  -3.8850914e-01   1.6304290e-01  -2.8887067e-01   2.6957242e-01
  -3.0100723e-02  -4.6934276e-01  -1.7290722e-01   3.8052916e-03  -7.5852013e-02   1.0974502e-01   3.4670457e-01  -2.6164236e-02  -2.3849359e-01   0.0000000e+00   1.6937026e-01   1.3110894e-02   3.3579541e-01  -2.5728853e-01  -3.2053479e-02  -4.1305010e-02  -3.3947832e-01   1.7260348e-01  -7.1118737e-02   3.5618987e-01   1.1978042e-01  -1.6575092e-01   5.3026190e-01  -3.3401043e-01  -1.2887103e-01   1.7186288e-01   4.6196015e-02   6.7210240e-02  -2.0668735e-01   2.3411968e-02  -1.2406744e-01  -2.1403125e-01   2.3359602e-03   3.7952060e-01   4.8567817e-02   8.0429363e-02   7.5571952e-02  -3.2563009e-01  -1.3025748e-01   2.2832128e-03   2.2986352e-01   2.6080613e-01  -2.2648558e-01   3.2737875e-01  -1.4276675e-01  -3.8802262e-01  -9.6432491e-02   1.2103101e-01  -1.3347133e-01  -1.2788972e-01   2.4883605e-01   5.1408474e-02  -3.1793523e-02   5.8760181e-02  -3.3527955e-01   4.2930890e-01  -1.4486747e-01  -2.9674588e-01   1.6327520e-01  -3.6019546e-01  -3.5898785e-01   2.2811803e-01  -2.9942638e-02   1.9395750e-01  -3.0278526e-01   6.2022925e-01  -3.1289739e-02  -4.5596050e-02   1.5600858e-02   3.8112556e-01  -1.2116572e-01   5.7186056e-02  -2.6551231e-02  -2.2486945e-01  -9.7155486e-02  -2.0302542e-01  -4.0577892e-01   2.1958272e-01   1.1197522e-01   3.1508744e-01  -1.2699894e-01  -2.0101907e-01  -8.8638680e-02   5.8329526e-02  -2.4444010e-01  -7.6967980e-02  -2.0930911e-01  -3.1228882e-01  -2.9229819e-01  -2.2366101e-01  -9.9878263e-02  -3.9353577e-01   1.0088430e-01  -3.0826570e-02  -3.0499185e-01  -1.7585101e-01   1.3269412e-01  -8.4032192e-02  -6.7361690e-02   5.1205550e-01  -6.3852856e-02   2.0472698e-01   1.0091873e-01  -1.2124127e-01  -1.0725494e-02  -3.0661953e-01   1.0244870e-01  -2.9676471e-02   3.1791889e-01   2.6789378e-01   2.2768152e-01  -2.6139319e-01   5.1573765e-02  -1.8341324e-01   2.7035118e-01  -2.5701730e-01   5.8992753e-01   1.4475000e-01   2.1501713e-01   3.0683975e-02  -4.0772217e-01  -1.2101528e-02  -2.7228258e-01  -1.5773499e-01  -3.5006835e-01  -5.4190575e-02   1.9434974e-01   2.8199638e-01  -1.9216027e-01   1.2259789e-01   1.5477042e-02   2.5554865e-01  -2.6976710e-01  -5.2410799e-02  -2.7849963e-01  -9.2375848e-02   2.8957119e-01   2.6525287e-01  -1.5875255e-01  -1.7049295e-01  -4.1900824e-01   1.8251293e-01   1.0187671e-01   2.6240293e-01  -6.1085044e-02  -3.8894301e-02   4.8567200e-01   3.4029366e-01   4.1669943e-01   2.2677192e-01   2.1567132e-02  -6.0643892e-02  -2.7411157e-01   1.4302640e-02   1.0448785e-01  -2.7068285e-01  -3.6459389e-01   3.9625910e-01  -3.5254809e-01  -1.5461750e-01  -2.0503356e-01   2.1860178e-01   4.3094849e-01  -2.9212021e-02  -2.7187375e-01  -2.5103994e-01  -4.6503818e-04   1.2585693e-01  -3.2511220e-01  -1.7270483e-01   1.4418218e-01  -3.3877039e-01   1.3271279e-01   2.5748658e-01  -2.5291098e-02   3.3849910e-01  -1.8638480e-01
  -1.4902599e-01  -5.9845143e-02   5.8408177e-02  -3.4578617e-01   1.0907879e-01   2.5650261e-01   9.8387566e-02   8.1223742e-02  -3.6375280e-01   1.6937026e-01   0.0000000e+00   2.5810736e-01   1.3219812e-01  -4.7437977e-01   1.2801088e-01  -1.9116686e-01  -2.7350949e-02   4.0385276e-01  -8.0933192e-02   1.6769495e-01  -6.0321041e-02  -2.2456232e-01  -3.6555034e-02  -2.6137639e-01   7.5279113e-02  -2.9237327e-01   4.0904145e-01  -2.8956279e-01  -1.4914704e-02   3.6918626e-01   4.0422874e-01  -2.0977713e-01  -4.4256088e-01   5.0570546e-01  -3.1166223e-01   4.8905849e-01   1.3027872e-01  -2.1164646e-01  -8.9396579e-02   2.5731283e-01   1.7538970e-01  -3.6170468e-01  -2.4970615e-01   5.1339207e-01   8.6883391e-02   3.6986809e-02   6.7382250e-01   2.9859496e-01   1.2373334e-01  -7.5545251e-02   2.0207362e-01  -1.9272276e-01   4.8336749e-01  -1.9949516e-01  -2.3811760e-01   5.6404403e-01  -1.1024044e-01  -1.8936119e-01   1.5807268e-01  -9.7587680e-02  -4.8318504e-02   4.8720835e-01   3.9015027e-02   4.5492776e-01  -6.1433484e-02   1.4087259e-01   3.3195120e-01   2.2860060e-01   4.1744168e-01   4.3739312e-01   1.3921677e-01   8.5252526e-02   1.1280753e-01  -4.0210926e-02  -1.7593673e-01  -1.5051595e-01  -8.2674071e-02  -6.4430135e-02   3.1468824e-01   3.2677592e-01  -4.9248575e-01   5.1501588e-03   3.7034028e-01  -4.0355517e-01   7.8286212e-03  -8.9816818e-02   9.7383829e-02  -9.1733697e-02  -1.5251908e-01  -3.4601458e-01  -2.0397494e-01  -2.4902876e-01   3.3978153e-01  -1.9693300e-01   4.3626916e-02   1.7351396e-02   4.9922006e-01   9.2508586e-02   6.1833640e-01  -2.3397337e-01   2.4008517e-02   3.4021370e-01   1.3799674e-01   9.0261591e-02   1.5895193e-01  -3.8588491e-01  -3.3154781e-01   1.4911957e-01   3.5720521e-01   6.7559939e-01   4.0982856e-01  -2.1807435e-01  -8.0339889e-03  -1.9025420e-01  -1.2453964e-02   2.7048881e-01   5.0002415e-01  -1.9403354e-01   1.3252801e-02  -2.7648751e-01  -4.0804871e-01  -4.3575264e-02  -1.4857587e-01   8.7745890e-02  -2.1009936e-01  -1.2123852e-01  -1.1330890e-01   2.1798940e-01  -2.4229698e-01   3.7058612e-01  -7.4138970e-02   6.7051811e-01   5.1762599e-02   3.5851462e-01  -3.7556934e-01  -1.4743320e-01   1.9922268e-01  -8.9859746e-02  -9.1542724e-02  -2.6795412e-01  -3.2847508e-01   1.0339672e-02   5.5585387e-01   2.3596878e-01  -2.2476888e-01   2.2796513e-01   1.6362181e-01   4.5577555e-01   4.1713875e-01  -1.2955106e-01   1.5136845e-01  -2.6751613e-01  -3.9572213e-01   5.8373351e-01   4.2694965e-01  -2.6499301e-01  -2.8834292e-01   3.2785336e-01  -2.3774607e-01  -3.6651441e-01  -3.2055157e-02   6.1447590e-01   1.9169739e-02  -1.6070615e-01  -3.2326120e-01   1.9122064e-01   3.1426237e-01  -3.6667389e-01  -3.8794052e-01   3.9868737e-01   2.9830508e-01  -3.0090972e-01   1.6027447e-01   3.8891620e-01   3.3585061e-01   7.3622480e-02  -2.7471286e-01
  -3.2938454e-01   3.8266574e-01   5.1401971e-01  -1.9706212e-01   2.5070567e-01  -1.7503215e-02   1.4879908e-01   2.3354969e-01   5.1050057e-03   1.3110894e-02   2.5810736e-01   0.0000000e+00  -3.9986907e-01  -2.9638970e-01   3.4394976e-01  -7.0577472e-03   2.5080699e-01  -8.7082530e-02   5.1058418e-02  -1.0414098e-01  -1.6896637e-01   2.6579357e-01   2.0146680e-01  -1.7242589e-01   2.4930866e-01  -3.4348237e-03   6.5953281e-02  -1.6207674e-01   2.8088053e-01   4.9260600e-01   2.3652008e-01   6.1228730e-03  -2.8630972e-01   1.8856154e-01   2.3285716e-01   2.9718668e-01  -2.3467225e-01  -2.2132379e-01  -3.5907301e-04  -1.5992905e-02  -3.9710786e-01  -2.1204297e-01   1.9546145e-01   1.5524952e-01  -1.1952458e-01   3.8365667e-02   1.5923365e-01   2.0794573e-02  -2.9509978e-01   9.6673908e-02   2.2771737e-02  -1.3401964e-02   3.0067015e-01  -2.3742146e-01  -4.2906128e-01   2.5280176e-01  -2.6400147e-02   2.5140984e-01  -9.1773936e-02   6.4897988e-01   1.2054081e-02  -7.1326433e-02   7.0204621e-02   1.4835356e-01  -6.3276575e-02   4.1235645e-01   3.5378860e-02   7.4252907e-03   9.1513466e-02  -8.6584018e-02   1.6308125e-01   1.0954641e-02  -1.0247393e-01   6.8429481e-01  -9.5268734e-02   2.6348437e-01  -1.1467399e-02  -5.4681875e-02   5.9258617e-01  -1.2478355e-01  -1.2957420e-01   1.2191651e-01   1.7947287e-01  -2.0716512e-02  -3.9414640e-01   2.8404505e-01   2.7906685e-01   3.5172282e-01   1.1534970e-01  -4.1997179e-01  -1.4613815e-02   2.6483163e-02   3.1133102e-01   3.3700818e-01  -1.3017285e-01   1.1025116e-01   4.4789125e-02   5.8227204e-02   9.1579310e-02  -1.8908388e-01  -4.6191967e-01   6.8971140e-01   2.7039288e-01   6.3846402e-01   2.5725289e-01   3.2358799e-02  -2.9161708e-01   1.3668440e-01   1.3271862e-01   7.5422513e-02   5.1101038e-01   9.6257953e-02   2.4712872e-02  -3.6436974e-01  -3.9649933e-01   2.3176627e-01   1.7151310e-01  -3.5175018e-01  -2.7816362e-01  -2.3961869e-02  -3.5787910e-01   4.9627731e-01   1.8951068e-01   2.7776999e-02  -2.1163249e-01   6.0625930e-01   1.3730986e-01  -1.6690067e-01   2.5042846e-01  -2.5694725e-01  -8.0550456e-02   3.5625688e-01   4.9497775e-01  -1.0846272e-01   2.2517813e-01   2.8043056e-01  -1.7885197e-01  -3.0569995e-01   2.6539959e-01  -2.4291744e-01  -4.9262204e-01  -3.7423647e-01   1.3816645e-01   6.5291140e-02   6.1081197e-02   1.5315865e-01   2.1984014e-01   1.2142465e-01   4.4573216e-01  -1.9318397e-01   4.0311196e-01  -2.8725870e-02  -3.4461394e-01   9.0800109e-02   3.2426361e-01  -2.5811305e-01  -1.5503582e-01  -1.9710085e-01  -4.1816916e-03   6.0395827e-02   1.8254860e-01  -3.6857768e-02  -8.4764044e-02  -2.3404614e-02   8.6088820e-02   4.5824965e-01   6.3204878e-01  -2.7757147e-01  -3.2509469e-01   3.1304860e-01   5.9554688e-01  -2.9280946e-01  -1.8243385e-01  -1.4456698e-02   1.2992214e-01  -3.1245716e-01   8.6134488e-02
   2.2383018e-01  -1.7817199e-01  -5.8873830e-01  -2.5011409e-01  -1.1116739e-01   1.3769630e-01   1.7835905e-02  -4.1250994e-01  -2.3825136e-01   3.3579541e-01   1.3219812e-01  -3.9986907e-01   0.0000000e+00   1.2662727e-02  -2.3970011e-01  -2.0474600e-01  -5.4228044e-01   2.7542052e-01  -3.1107202e-01   4.3534764e-01  -2.6878393e-02  -6.5604065e-01  -2.1284076e-02  -2.0596351e-01  -2.1458641e-01  -2.3548080e-01   4.9237173e-02  -4.7187064e-02  -1.9736813e-01  -1.7546224e-01  -1.0275103e-01  -5.2730672e-01  -1.7130533e-01  -1.3406830e-01  -4.0848421e-02  -2.9097161e-01   2.0288175e-01  -1.8676079e-01  -2.2701574e-01   2.5193832e-01   7.3295688e-01  -5.6595684e-02  -2.5454274e-01   3.4403675e-01   7.3750509e-02  -4.4265162e-01  -2.6940344e-01   5.1628195e-01   3.8124744e-01  -2.0792029e-01   1.4108350e-01  -2.6144678e-01  -7.3022998e-02   4.2226650e-01   1.8119801e-01   2.9909660e-01  -2.2175665e-01  -6.5868846e-01   3.2728904e-02  -5.0609125e-01  -4.9784109e-01   3.7698310e-01   1.7749318e-01   3.0692257e-01   3.7619792e-02  -3.9908589e-02  -5.7043845e-02   1.9787484e-01  -2.4856587e-01   3.1847253e-01   1.7840070e-01  -1.8159931e-01   2.4776872e-01  -4.8325590e-01   2.4629845e-01  -6.1798131e-01  -5.3156236e-01  -1.1791909e-01  -2.8507913e-01   5.3571031e-01  -2.0049267e-01  -1.9036832e-01   1.7120737e-01  -3.3156300e-01   7.0949826e-02  -4.8680075e-01   1.8022746e-01  -4.0691288e-01  -1.7128511e-01  -3.9248548e-02  -1.2174071e-01  -6.7836339e-01  -6.1262033e-02  -4.5220535e-01  -2.9298016e-01   1.4350791e-02   3.6922277e-01  -2.6883574e-01   1.4119878e-01   2.9876415e-01   4.0802992e-01  -1.2198726e-01  -3.7714707e-01  -1.8733143e-01  -4.3478392e-01  -6.2278931e-01   1.7211588e-01  -3.6658686e-01   1.6585325e-01  -3.3036424e-02   4.5910820e-03  -5.7075256e-01   1.5167863e-01   2.2160740e-02   4.5777613e-01  -1.9495800e-01   1.8938903e-03   5.9342478e-01   3.9595931e-01  -4.3434993e-01  -3.5593360e-01  -3.6099611e-01  -1.6364428e-02  -3.8317371e-02  -1.6342805e-01  -1.9410987e-01  -1.0563723e-01   5.4664642e-01  -6.1503693e-01   3.6997809e-01   2.8737454e-01   1.5833016e-01  -4.1524515e-01   1.7469749e-01  -5.4760385e-01  -5.2360527e-01   6.3730199e-01   4.3040510e-01  -5.5156267e-01  -6.1173429e-02  -1.5215891e-02   7.4812365e-01  -1.1503527e-01   2.9879433e-01  -3.6673921e-01  -2.8725697e-01   3.3624560e-01   1.4947798e-01  -2.2089356e-01   2.5268066e-01  -1.8109606e-01  -1.2873253e-01  -3.5202344e-01   2.9828411e-01   2.3205366e-01  -6.6008197e-02  -4.4670348e-01   4.3324050e-01  -6.1720863e-01  -5.0689404e-01   1.9798282e-02   6.4665228e-02   2.7556033e-01  -3.1438596e-01  -6.3966659e-01  -2.1357544e-01  -1.4778542e-01   2.6914739e-02  -3.6068287e-01  -8.4215732e-02  -1.1954115e-01  -2.2891625e-01   2.6424979e-01   3.5425080e-01   3.8534521e-02   6.0966960e-01  -5.9302300e-01
   1.8956059e-01  -2.7338011e-02  -4.5319507e-01   3.8292931e-02  -1.7749903e-01  -1.9450400e-01   2.4848047e-01   1.2229748e-02  -6.3871844e-02  -2.5728853e-01  -4.7437977e-01  -2.9638970e-01   1.2662727e-02   0.0000000e+00  -2.8366451e-01  -1.0297715e-01  -2.7015023e-01  -1.8247221e-01  -2.7363408e-02  -6.9979749e-02  -6.0593027e-02  -8.8040417e-04  -3.2435089e-01   3.7881351e-01   1.0156616e-02   4.6667423e-01  -3.0618046e-01   6.9114460e-01  -9.2686292e-02  -1.2494420e-01  -2.2270034e-01   7.7660118e-02  -2.2157196e-02  -3.1643672e-01   1.1500053e-01  -4.7961497e-01  -4.6812717e-03   1.5634454e-02  -7.0062464e-02  -1.7570878e-01  -1.4058010e-01   9.8753215e-02  -4.2514752e-02  -9.3902618e-02   3.2889208e-02  -2.2840603e-02  -3.5610581e-01  -1.5533760e-01   3.0985474e-01  -2.8547315e-01  -1.8820967e-01   2.1198771e-01  -4.3990409e-01   1.8076584e-01   3.5587187e-01  -5.3143940e-01  -4.8567837e-02  -1.3820429e-01  -5.6101894e-02  -6.7304491e-02  -1.7620175e-01  -2.7931846e-01   1.6374584e-01  -5.7524927e-02   1.0830813e-01  -4.0816773e-01  -3.5837411e-01   5.0946692e-02  -1.9014982e-01  -2.4998298e-01  -1.8782166e-01  -1.9417661e-03  -1.3172512e-01  -1.5781839e-01   3.3241393e-01  -1.5968934e-02  -1.4116175e-01  -1.0751991e-03  -5.3913515e-01  -6.9956897e-02   6.2412266e-01  -3.4087707e-01  -2.9866247e-01   2.1948845e-01   1.3627390e-01  -8.0914617e-02   4.3586947e-02   1.9665066e-01   2.1088361e-01   2.9215776e-01  -2.9846941e-02  -1.1051992e-01  -6.2704898e-01  -1.1990345e-01  -1.8690686e-01  -2.9505004e-02  -1.0811046e-01   9.2727285e-02  -2.3191274e-01   1.7405104e-02   1.8267533e-01  -3.8227729e-01   3.6484519e-01  -8.4113801e-02  -5.5891174e-02   1.1182005e-01   4.2955299e-02  -4.7251511e-02  -1.9931209e-01  -3.3062436e-01  -4.1254003e-01   2.1753187e-01   2.2126034e-01   2.8514096e-01   1.5283707e-01  -3.2081455e-01  -3.4491571e-01  -7.1733235e-02   3.3649288e-01   1.2104891e-01   1.8569334e-01  -1.6144707e-01   1.7740045e-01  -7.2978514e-02   2.5784539e-01   8.5305380e-02  -1.3331149e-01   1.5075357e-01  -2.0424708e-02   4.1892134e-02  -2.4870546e-01  -6.2600404e-01  -9.1050970e-02  -2.2013268e-01  -1.3675897e-02  -4.5894480e-02   1.0215638e-01   4.7447796e-01  -1.9054536e-01  -4.8644426e-02   3.3620813e-01   1.4290769e-01  -9.4966966e-02   6.4150985e-02  -5.0957214e-02  -1.1019248e-01  -3.7426360e-02  -3.9210441e-01  -3.7450443e-01   5.3181272e-02  -3.9081270e-01   6.1740409e-01   1.8810319e-01  -2.4101835e-01  -3.4238585e-01   7.8839802e-03  -5.9355960e-02  -2.5187964e-01  -1.8937583e-02   3.4442747e-01   1.2216138e-01  -2.8934746e-01  -1.3364271e-01   1.8466663e-01  -3.1367790e-02  -3.6351513e-01  -3.3515655e-01   5.9383667e-01   9.2656929e-02  -5.0517484e-01  -3.7034939e-01   2.9463412e-02   1.0149727e-01  -1.6528530e-01  -1.1619860e-01   2.5779369e-01  -3.9374460e-02
