   0.0000000e+00  -5.6230407e-01   1.6862484e-01   1.5895854e-01  -4.7989078e-01   1.9779324e-01  -2.1798260e-01   4.1443803e-01  -7.8671511e-02   6.7878361e-02  -5.2876060e-01  -2.7618530e-01  -2.0187328e-01   6.8129914e-01   4.3382841e-02  -4.2184344e-01   5.6057445e-02  -2.9612717e-01   4.2339418e-01  -2.7399849e-01  -1.0720793e-01   2.3443391e-01   2.3786693e-01   7.4826966e-01   1.8325557e-01   3.7366495e-01  -5.0189694e-01   7.1420755e-01  -2.8529031e-01  -2.4592877e-01  -2.2187509e-01   4.2123723e-01   1.2293082e-01   1.0263800e-02   2.6930870e-02  -6.0700988e-01  -3.3737540e-01   4.8626339e-01  -5.1849475e-01  -5.8987752e-01  -3.6604812e-01   1.6705256e-01   1.2695109e-01  -1.1744975e-01  -2.3977677e-01   5.9429944e-01  -5.5661004e-01  -3.7999479e-01  -2.8483708e-01  -4.3158595e-01  -1.1508557e-01   5.7589597e-01  -4.5713996e-01   1.0194444e-01  -1.0334976e-01   5.9841349e-02   5.1504048e-01   4.7280392e-01  -3.4953556e-01   4.3335179e-01   5.7090888e-01  -1.1996576e-01   6.0101369e-02  -5.7947122e-01  -3.0848535e-01   1.0872265e-01  -9.3358692e-02  -1.3987946e-01  -1.4324591e-01   7.4558307e-02  -6.9740051e-01   3.2333416e-01  -3.1894147e-01   5.7060357e-01  -3.6358275e-02   4.1792695e-01   5.4184138e-01   1.2715656e-01  -6.5872282e-01  -2.2738422e-01   6.9049002e-01  -2.4800916e-01  -6.9221245e-01   3.8547188e-01   2.8953388e-01   3.0717227e-01  -3.0442199e-01   4.5313793e-01  -2.0519339e-02   6.9019321e-01  -4.7484675e-01   5.6717348e-01  -2.1985815e-01   2.8031174e-01   6.4613331e-01  -4.5173567e-01   3.5779175e-02   3.4747537e-01  -4.4772143e-01   1.5519945e-02  -2.3850821e-01  -2.3075190e-01   4.5196934e-01   3.1896743e-02   2.4264978e-01   4.5590364e-01  -2.1804352e-01   3.5867936e-01   5.0864494e-01  -4.2953315e-01  -3.7136706e-01   2.9937253e-01   4.6471271e-01   8.6744109e-01   7.6137448e-02  -3.9579681e-01   3.4589660e-01  -7.9642717e-02   3.5588492e-01   2.2684964e-01   6.4930777e-01  -3.3053673e-01   8.2076184e-02  -4.1300621e-01   6.0010786e-01   8.5141045e-01  -1.2998132e-01   7.4679741e-02   3.9548852e-01  -4.7834333e-01  -2.1669215e-01  -4.1415372e-01   7.9850277e-01  -2.9738026e-01   2.2448703e-01   3.6245687e-01  -1.0942104e-01   4.4619103e-01   5.1258332e-01   6.6077563e-01   8.3338535e-01  -6.6842072e-02  -2.2989477e-01   1.8993632e-01  -1.8148795e-01  -3.6176967e-01  -4.8524221e-01  -4.9454686e-01   1.2353830e-03  -2.9961589e-01   6.7217697e-01   6.2951492e-01   5.9405825e-01  -5.2433395e-01  -6.0248519e-01  -7.3859610e-02   7.1150361e-01  -4.0165756e-01   5.7676111e-01   5.5746373e-01  -2.7374978e-01  -4.8438053e-01  -1.3859936e-01  -3.4823609e-01   4.9198685e-01  -4.5777192e-01  -3.5802403e-01   3.7498304e-01   6.7507531e-01  -6.0046776e-01  -3.6635944e-01   1.8986809e-01  -1.7990554e-01   2.3703321e-01   1.1045020e-01  -1.6943497e-01   3.1668992e-01
  -5.6230407e-01   0.0000000e+00   3.3407314e-01  -1.0895980e-01   7.0533598e-01  -3.8653699e-02  -1.5745673e-01  -4.6415107e-01   4.5772133e-01  -6.8473655e-02   3.3273832e-01   7.1359608e-01   2.6492360e-02  -5.6648607e-01  -6.3101460e-02   1.4549307e-01   4.5119162e-01   1.3488803e-01  -9.5224524e-02   4.2571482e-01   1.0016661e-01  -4.8889159e-01  -4.2613071e-01  -4.3440291e-01   1.5063349e-01  -7.1755549e-02   6.2386114e-01  -4.6443487e-01   3.6291147e-01  -2.2439347e-01   1.2588389e-02  -2.6352048e-01   1.9078582e-01  -2.7424097e-01   1.8916422e-01   5.6715364e-01   1.5897069e-01  -4.0079424e-01   1.5347690e-01   6.0640350e-01   9.0143542e-02   7.0596734e-02   3.2904374e-01  -7.4165699e-02   2.5712323e-01  -3.5522648e-01   3.6909710e-01   1.8310099e-01   4.2680623e-01   6.0514430e-01  -1.0694993e-01  -3.0338613e-01   3.9547027e-01   1.9004246e-01  -4.1768290e-02  -3.2491906e-01  -3.8967636e-01  -5.3800096e-01   6.2698346e-02  -3.8199330e-01  -3.3765080e-01   5.5260978e-02   3.7470452e-01   4.0107620e-01   5.4922059e-01  -5.6372185e-02   2.4068992e-01   2.3932547e-01   5.6395466e-02   1.5049469e-01   7.6358431e-01  -3.8520220e-01   1.3732941e-01  -1.5649617e-01   8.6823840e-02  -4.1392464e-01  -3.6448605e-01  -5.5361738e-02   7.4345081e-01   2.3136593e-01  -4.7877745e-01   1.1342325e-01   6.4055475e-01  -3.1179539e-01   2.8662170e-01  -5.0389888e-01   3.1379053e-01  -4.6769211e-01   1.9106129e-01  -4.5122165e-01   8.2705167e-01  -2.7033261e-01   1.9679293e-01   6.2238147e-02  -4.3035123e-01   8.4519839e-01   1.1615247e-01  -2.2237258e-01   4.6957448e-01  -7.5681356e-02   2.4812773e-01  -1.7060424e-01  -5.5885748e-01  -3.1849144e-01  -4.7463905e-01  -3.6490784e-01   3.5299579e-01  -2.7108876e-01  -4.8198184e-01  -3.2897188e-02   3.3931462e-01  -5.4692745e-01  -2.4723938e-01  -6.2435512e-01  -4.1474386e-01   7.3178520e-01  -4.8338251e-01   9.6865979e-03  -3.8230109e-01  -1.1575962e-01  -4.8106733e-01   6.8502921e-01   2.9004719e-01   4.0176925e-01  -3.3202462e-01  -5.2492722e-01   2.3705831e-01   1.0341896e-01  -4.2035458e-01   4.2822753e-01   1.8306650e-02   3.9040159e-01  -3.7713642e-01   9.7119465e-02   5.5439426e-02  -3.2851022e-01   2.4902247e-01  -4.6016975e-01  -2.4230132e-01  -5.2425738e-01  -4.5081816e-01  -5.3138074e-02  -1.7841650e-02  -4.9955280e-01   1.6113528e-01   5.5323239e-02   3.8434910e-01   4.0895282e-01  -2.7671945e-01   3.0737585e-01  -4.4009966e-01  -4.2715022e-01  -2.6346856e-01   6.3240702e-01   7.2630207e-01  -2.7245139e-01  -5.4369271e-01   8.6054721e-02  -2.4503451e-01  -4.8490687e-01   2.7710361e-01   1.0965194e-01   1.7893814e-01  -3.5680071e-02  -2.6822180e-01   2.9600426e-01   5.5958894e-01  -3.2338820e-01  -3.1484478e-01   7.5367078e-01   4.0394270e-01  -2.8368718e-01   1.5649653e-01  -1.7653212e-01   1.8938709e-01   2.4388943e-01  -3.2476119e-01
   1.6862484e-01   3.3407314e-01   0.0000000e+00   2.7270260e-01   2.4807648e-02   3.0273569e-01  -6.1251917e-01  -2.5220541e-01   5.8941768e-02  -2.3232612e-01  -5.4484707e-01   5.3338931e-01  -4.8278397e-01  -1.0045838e-01   4.3743106e-02  -6.2945843e-02   9.1470066e-01  -2.0581842e-01   5.5691005e-01  -1.0875213e-01  -1.0875903e-01  -4.5119142e-02  -4.4873808e-01   2.4541356e-01   4.9264808e-01   3.4198799e-01  -9.6486813e-02   2.3976020e-01   5.9542792e-02  -6.3066352e-01  -2.1090375e-01   3.3883562e-01   5.5313598e-01  -2.0275313e-01  -2.0997812e-01  -1.5156162e-01   6.7395304e-02   4.0803262e-01  -3.0427702e-01   1.3228192e-01  -4.1696444e-01   2.7662714e-01   5.7224001e-01  -3.4646232e-01  -4.0021350e-01   3.7558903e-01  -1.5164657e-01  -5.1885793e-01   1.1005305e-01   5.0233744e-01  -2.1548530e-01   1.3665815e-01  -1.1763326e-01   3.5424124e-01  -1.0849881e-01  -4.9226874e-01   2.8487765e-01   1.0466166e-01  -4.2246766e-01   6.7493345e-02   6.3840310e-01  -2.9532866e-01   7.1178817e-01  -4.4275427e-01  -1.5165257e-01  -1.3612658e-01   1.5111647e-01   1.9354761e-01   9.3883821e-03   3.7380276e-01  -1.3041590e-01  -9.8632659e-02  -3.8411758e-01   4.9620297e-01   2.0613682e-01   2.7423549e-01   4.8497977e-01   1.1000136e-01  -2.8226433e-02  -8.9569815e-02   1.0963532e-01  -1.9145983e-01  -1.3336025e-01   1.6844527e-01   7.0121560e-01  -1.6658409e-01  -4.4489226e-01  -7.1061763e-02   2.5920123e-01   6.3722254e-02   2.7495230e-01   6.9677706e-01  -1.0581972e-01   5.6539907e-01   4.7174747e-01   3.7457609e-01   1.9964027e-01   3.6412429e-01  -6.0683873e-02  -9.4188144e-02   1.2823075e-01  -5.6631118e-01   1.9111631e-02  -5.2677175e-01  -4.1305067e-01   4.4488430e-01   1.8822889e-01   8.2485650e-02  -1.6290133e-01  -6.6258134e-01  -1.3414120e-02  -1.9858477e-01   3.3862330e-01   9.7909041e-02  -1.9271460e-01   2.7080341e-02  -2.1803240e-01  -3.5643932e-01  -1.3997207e-02   1.1142924e-01   2.4339894e-01   3.5492362e-01   4.9784883e-01  -3.5231156e-01   3.9384659e-01   2.0614498e-01  -5.2729200e-02   2.6512720e-01  -2.2655407e-02   8.2952930e-02  -1.9261545e-01  -4.1236797e-01   3.9141532e-01  -2.0359184e-01   4.1152287e-01   5.1095539e-02   1.6469969e-01  -2.1380391e-01   4.5515234e-01   2.5546455e-01   7.3359386e-02  -2.9586695e-01  -4.7925009e-01  -3.1700637e-01   4.6269724e-02  -5.9939159e-01  -2.9849206e-01  -4.7188397e-01  -5.9221788e-01  -2.5915465e-01   2.0151772e-01   1.3642628e-01   6.0816617e-01  -2.3349799e-01   1.5408065e-01  -5.8840651e-01   2.2854098e-01  -5.0993959e-01   7.1601810e-01   1.7660576e-01  -1.1888938e-01  -7.0556324e-01  -4.6695136e-01  -5.7152511e-01   3.3711057e-01  -4.7780707e-01   8.9791936e-02   1.5555337e-01   3.4101427e-01   1.1407660e-01  -1.2881088e-01  -1.8977733e-01  -3.5340385e-01   3.8986879e-01   5.3997102e-01  -4.3301239e-02   2.9708882e-01
   1.5895854e-01  -1.0895980e-01   2.7270260e-01   0.0000000e+00   1.2702998e-02   1.3928559e-01  -2.8782537e-01  -1.9246130e-01   9.1246077e-03  -1.1824018e-01  -6.9940010e-02  -1.2068305e-01  -1.2569316e-01   1.8107512e-01   5.6078425e-02   2.7568094e-01   2.2949532e-01   4.4790306e-01   1.6934368e-01  -1.1642419e-02   2.2661381e-01   3.2609205e-02   2.2341945e-02   2.0356666e-01   2.1380596e-01   5.9862342e-02  -1.2398649e-01  -2.5912529e-02   8.7135244e-02  -1.2580647e-01   3.9994031e-03   4.8754044e-01   5.1465532e-01   2.2426020e-03  -8.3955882e-02  -3.1147567e-02   2.2246140e-01   8.8960698e-02  -1.5154034e-01  -6.8262087e-02   6.2914717e-02   3.3349352e-01   1.3154439e-01  -9.2304544e-02  -2.3227132e-01   8.6808411e-02   1.5300402e-01  -2.9211499e-01   1.4544253e-01   7.9340124e-03   4.0598393e-01  -6.2168135e-02  -5.2096395e-03   3.7578294e-01   1.1990711e-01  -2.3050513e-01   1.4291953e-01   2.4003166e-01   1.7626978e-01   2.5092744e-01   2.3029022e-01  -2.7623868e-01   3.9780176e-01  -1.7213820e-01  -2.7504774e-01  -3.5763600e-02  -5.8539763e-02   2.0669335e-01   2.6609977e-01   3.6568455e-03  -2.5522512e-01   4.6208815e-01  -1.6543674e-01   1.8402670e-01   1.7656374e-01   3.2231703e-02   1.4121994e-01   5.9083391e-02  -3.6569073e-01   1.7085364e-01   3.2546810e-02  -1.6147814e-01  -1.9077640e-01   2.1376636e-01   1.5489955e-01   4.0878471e-02  -2.2545442e-01   1.8264750e-01   2.7705320e-01   7.9630629e-02  -3.3798508e-02   2.6685353e-01  -1.7532594e-01   3.3500209e-01   1.3198582e-01  -6.0640439e-02   5.3873168e-01   1.8813246e-01   1.9763503e-01   1.2692794e-01   1.9515277e-01  -2.8749335e-01   1.0363230e-02  -1.7258773e-01   1.2589186e-01   4.4782777e-01   1.5547219e-01  -5.6621997e-02  -2.9998053e-02  -2.9072165e-02  -1.2108671e-01   1.4274608e-01   6.2828966e-01   1.5113065e-01   2.1010737e-02  -3.3925483e-01  -1.5431505e-01  -1.0600159e-01  -2.4916089e-02   5.1422137e-01   2.1635380e-01  -6.6851066e-02   6.2359589e-02  -7.7965925e-02   1.2228177e-01   1.6701267e-01   2.1059218e-01   4.2768963e-01   3.4088370e-01  -1.8027132e-02  -2.3303642e-01  -1.7735628e-01   1.6955966e-01   1.7271041e-01   3.0262519e-01  -6.8486029e-02   3.7055140e-01  -1.6306492e-01   3.2959266e-02   2.8599885e-01   1.1976036e-01  -1.1849969e-01  -2.8809290e-01  -5.2442517e-02   1.4365331e-01  -1.9927408e-01  -3.8592260e-01  -1.4107386e-01  -2.4682439e-01  -1.5222513e-01   1.5678213e-01  -6.6355903e-02   4.1099934e-01  -2.2355811e-01  -1.4813743e-01  -5.3562376e-01   5.1906951e-02   2.8672901e-02   2.9398502e-01  -2.3486584e-02  -1.1538654e-02  -3.5557241e-01  -1.8183567e-01   2.4630610e-01   2.4779592e-01  -4.7223186e-01  -6.4800037e-02   6.7305472e-02   2.6532613e-01   1.0217046e-02  -4.2727273e-01  -3.3065217e-01  -9.6358339e-02   1.3641198e-01   2.9329924e-01   2.0864960e-02   2.3973542e-01
  -4.7989078e-01   7.0533598e-01   2.4807648e-02   1.2702998e-02   0.0000000e+00   1.2198950e-01   1.8764922e-02  -2.9625553e-01   3.8085893e-01  -2.8219747e-02   5.8504395e-01   2.8037652e-01   4.2684860e-01  -3.8449004e-01  -3.0055466e-01  -2.1452325e-02   2.6600749e-01   3.8102344e-01  -2.1178501e-01   8.3008094e-01   4.6665296e-02  -6.9532033e-01  -3.2378369e-01  -3.5322252e-01  -5.6438211e-02  -8.3356855e-02   5.9667663e-01  -5.4286051e-01   4.5928644e-01  -2.3394475e-01  -1.9954234e-01  -3.3612162e-01   2.3885897e-01  -2.9307859e-01   1.7019921e-01   7.1150329e-01   3.9665560e-01  -4.4872400e-01   9.0126340e-03   5.8205441e-01   4.4900620e-01   3.4416700e-01   3.2751763e-01  -1.4198281e-02   4.6637203e-01  -2.5136060e-01   5.7304755e-01   5.2528844e-01   5.3267953e-01   5.5428033e-01   6.2920469e-02  -2.7880909e-01   3.0827648e-01   3.8467553e-01   2.6016936e-01  -2.1008529e-01  -3.3632200e-01  -6.6414624e-01   2.2958336e-01  -4.4393081e-01  -4.6947544e-01   3.7046365e-01   1.9831166e-01   4.1714026e-01   5.6806689e-01  -1.9266295e-01   4.7528708e-01   4.0441648e-01   1.3914408e-01   1.9530133e-01   7.4757453e-01  -6.4789627e-02   3.5481577e-02  -3.0005697e-01   2.9966707e-01  -6.6475195e-01  -3.8650957e-01   1.8537830e-02   6.5137646e-01   5.2630075e-01  -4.2267471e-01  -1.1145091e-01   6.8281840e-01  -1.2658868e-01  -3.5831981e-02  -4.9618190e-01   2.3603410e-01  -1.9269925e-01   1.3467846e-01  -2.9123224e-01   8.3526311e-01  -4.6882874e-01   1.2604763e-01  -4.7640931e-02  -4.6428400e-01   8.2528720e-01   2.8336341e-01  -3.5413316e-01   6.5360056e-01  -1.2428676e-01   3.3471641e-01  -1.2769040e-01  -5.1898501e-01  -4.0751897e-01  -2.9988493e-01  -5.0895297e-01   5.6078715e-01  -1.7643138e-01  -3.6407597e-01   2.7128885e-01   1.3571188e-01  -5.6751878e-01  -1.4026762e-01  -5.0063575e-01  -2.3918929e-01   6.1874995e-01  -4.8025796e-01   1.6457129e-01  -2.4441307e-01   1.6942655e-01  -3.7888910e-01   6.4629264e-01   1.1676827e-01   4.2817249e-01  -2.8206124e-01  -4.8650048e-01   1.8574507e-01   3.5309698e-01  -4.4112032e-01   4.4181163e-01  -3.1470542e-01   5.1532548e-01  -4.8798274e-01   8.1512744e-02   1.4578046e-01  -4.6849738e-01   4.9020509e-01  -3.8504903e-01  -5.1188245e-01  -4.0176657e-01  -3.5992138e-01   3.1354348e-01   2.3184392e-01  -2.7460614e-01   6.7607514e-02   2.6797182e-02   2.5899331e-01   5.4197204e-01  -1.2103205e-01   3.4849319e-01  -3.9241754e-01  -4.0242756e-01  -2.9805366e-01   7.5675488e-01   7.3605292e-01  -1.0286439e-01  -4.6773520e-01   3.0982425e-01  -3.4291795e-01  -4.9375493e-01   3.7928134e-01   3.1172441e-01   3.8334240e-01   2.7460304e-01  -3.3429112e-01   3.8082343e-01   6.6132784e-01  -3.7016348e-01  -2.4090003e-01   8.5016215e-01   3.0814646e-01  -2.5226925e-01   5.1991766e-01  -9.7945852e-02   1.3126888e-02   5.4371383e-01  -5.5045575e-01
   1.9779324e-01  -3.8653699e-02   3.0273569e-01   1.3928559e-01   1.2198950e-01   0.0000000e+00   1.2897673e-03   1.2615403e-01  -1.9888105e-01   1.2491661e-02  -1.8038269e-01  -2.0831207e-01   5.0076094e-02   7.1872482e-02  -3.9952234e-01  -3.2992722e-01   3.8832152e-01  -4.3535021e-02   2.9513699e-01   2.0876633e-01  -1.7718650e-01  -2.3340407e-01  -3.6952963e-03   2.7955581e-01   1.5395877e-01   4.9502618e-01   7.6430308e-02   2.4235529e-01   1.4450602e-02  -3.4533795e-01  -6.3702950e-01   1.7763313e-01   4.0552454e-01  -1.3079625e-01  -2.0221366e-01  -3.6964676e-02   2.4725644e-01   2.1679660e-01  -4.2341430e-01   1.6347092e-01  -4.7134827e-02   2.9614258e-01   1.2779362e-01  -1.4392856e-01   1.9353993e-02   4.0123754e-01  -5.2751230e-02   1.0481328e-01  -1.6579178e-02   2.9212291e-01  -4.7007128e-02   3.4898921e-01  -2.5928334e-01   4.1427081e-01   3.0229052e-02  -1.7599979e-01   5.1459591e-01  -8.9115854e-02  -2.4060905e-01  -1.2687598e-01   1.5818319e-01   1.9480325e-01   1.7456348e-01  -3.8684176e-01  -6.2108902e-02  -1.9672084e-01   5.3071420e-01   4.1292060e-01   2.4208068e-01   5.5785621e-01  -3.4903237e-02   2.6908126e-01  -5.2331661e-01   9.4911387e-02   3.4943741e-01  -9.1447082e-02   1.0728376e-01   3.7106892e-01  -1.1640109e-01  -3.6429453e-02   3.7790297e-01  -5.1456217e-01  -1.4263512e-01   4.1102001e-01   9.5562022e-02  -2.8107189e-01  -4.2869764e-01   2.1429279e-01  -3.2181476e-02   2.8588099e-01  -1.3443969e-02   1.7977564e-01  -2.3571472e-01   1.5695685e-01   1.8907536e-01   1.0239662e-01   2.9693357e-01   4.5364960e-01   5.1087117e-02  -7.8200990e-02   1.4927834e-01  -3.3818730e-01   1.6808485e-01  -4.6307860e-01   8.8501251e-02   1.4976541e-01   3.2347795e-01   5.2682932e-01   3.3293313e-01  -3.0407780e-01  -1.8611628e-01  -4.3577805e-02   2.4848320e-01   1.8414992e-01   1.3319701e-01   9.6729145e-02  -1.9684997e-01  -2.7703062e-01   2.7557100e-01   3.4912068e-01  -2.4362555e-02  -6.0115796e-02  -1.0172325e-01  -3.0643434e-01   4.0885199e-01   1.3450059e-01  -1.7525545e-01   4.0404275e-01  -1.1442481e-01   1.9955310e-01  -4.8477110e-01   6.2409916e-02   6.8327338e-02  -4.8023613e-01   2.6381159e-01   1.1375375e-01   3.2927572e-01   5.7277702e-02   1.9081865e-01   2.5713933e-01   2.2881913e-02   7.5228214e-02  -1.1941199e-01   1.0167124e-01  -3.4171819e-01  -5.4558258e-01  -1.3434218e-01  -2.7153811e-01  -8.1954746e-02  -7.7415450e-02   2.2058501e-01   1.8159702e-01   2.8421962e-01   4.4694544e-02   1.3284708e-01  -2.2418255e-01   1.5090528e-02  -3.1184945e-01   2.9808810e-01   1.6454014e-01   3.0248562e-01  -3.2661819e-01  -7.9805571e-02  -1.7507228e-01   2.1751755e-01  -2.5959279e-01   1.1461726e-01   1.0250760e-01   9.8683611e-02   1.3851107e-01  -1.3737034e-01  -3.1355018e-01   8.4401351e-02   5.5716145e-01   2.5032901e-01   3.7009269e-01   3.8585199e-02
  -2.1798260e-01  -1.5745673e-01  -6.1251917e-01  -2.8782537e-01   1.8764922e-02   1.2897673e-03   0.0000000e+00  -1.3095591e-01  -1.9620478e-01   4.8252041e-01   4.8097225e-01  -3.2059298e-01   3.0606946e-01  -4.7046274e-02   2.3813786e-02   9.4359753e-02  -5.4282087e-01   1.8522541e-01  -3.3806277e-01   9.4211159e-02   2.2582047e-01   5.0859434e-03   6.5829250e-01  -3.0866109e-01  -4.1891379e-01  -3.8343106e-01   2.2218303e-01  -1.9002102e-01  -7.8850974e-02   4.8941929e-01  -3.0966009e-02  -1.9276390e-01  -3.1118343e-01   5.1212688e-01   1.1062038e-01   3.3471757e-01   1.6328615e-01  -3.3782546e-01   2.3828215e-01   1.4382323e-01   2.3604742e-01  -2.3360437e-01  -5.5562219e-01   6.5298495e-02   5.4628259e-01  -3.6257203e-01   2.0846442e-01   4.7215450e-01  -8.4326693e-02  -2.8165275e-01   2.4114261e-01  -2.7357153e-01   1.3446332e-01  -2.8420402e-01   2.2318987e-01   3.7149795e-01  -1.9832811e-01  -1.3424188e-01   1.9930738e-01  -1.4775070e-01  -5.0534741e-01   2.6324205e-01  -4.9389280e-01   2.0159475e-01   1.3646620e-01   3.3206683e-01   1.0169372e-01  -1.6457466e-01   1.4695413e-01   4.2813930e-03   1.6888216e-01   9.5576815e-02   2.6026894e-01  -4.8262208e-01  -1.3960402e-01  -2.1378149e-01  -4.6255421e-01  -1.7108370e-01   7.7996964e-02   4.6585008e-02   3.7509013e-02   1.8567790e-01   1.1540610e-01  -3.6568604e-01  -6.2672247e-01   1.4535665e-01   2.4286968e-01   7.7163138e-02  -1.7199143e-01  -1.1913971e-01  -2.4359260e-01  -5.2845023e-01   2.5574143e-01  -4.7746545e-01  -3.9072657e-01  -1.7341971e-01  -1.1848166e-01  -2.4632854e-01   1.8499248e-01   4.1126913e-01  -9.4099391e-02   5.2374795e-01  -1.2269403e-01   2.0465101e-01   3.6251279e-01  -2.9718800e-01  -8.6967773e-02  -1.4757720e-01   2.4391835e-01   3.2501077e-01   2.6756455e-01   2.6535556e-01  -2.7339301e-01  -1.4652042e-01   3.5746958e-01  -8.4752911e-03   1.7834983e-02   2.3791875e-01  -2.9091874e-02  -8.1865142e-02  -3.0922502e-01  -3.0823525e-01  -4.1878046e-01   2.1081409e-01  -3.7485796e-01  -2.9934080e-01   1.3416153e-01  -2.3323739e-01  -6.0759939e-02   5.3655133e-02   1.0539215e-01   4.4361144e-01  -4.8268090e-01   3.6715526e-02  -4.2561581e-01  -2.1852718e-01  -1.2709442e-01  -4.5597655e-02  -4.0787464e-01  -1.7509454e-01  -1.8128228e-01   6.8599097e-02   2.1867931e-01   2.7317550e-01   1.2686468e-01   3.7770328e-01   5.9594416e-01   3.4496560e-01   6.0965095e-01   2.0667275e-01  -2.3818713e-01  -2.6685061e-01  -3.8635094e-01   1.5260796e-01   1.9351224e-02   2.5870138e-01  -2.7071980e-01   2.4794051e-01  -5.5850998e-01  -9.8937437e-02   1.1601907e-01   3.2420722e-01   3.2889359e-01   4.3165946e-01  -1.8966512e-01   3.8149523e-01   1.5815791e-01  -3.5620704e-01  -2.8880368e-01  -5.0490420e-02   3.3056536e-01  -1.1330744e-01   1.8744734e-01  -3.1791623e-01  -2.8067229e-01   5.8241006e-03  -2.3685154e-01
   4.1443803e-01  -4.6415107e-01  -2.5220541e-01  -1.9246130e-01  -2.9625553e-01   1.2615403e-01  -1.3095591e-01   0.0000000e+00  -9.4267078e-02  -3.3085388e-01  -1.5970899e-01  -3.4760208e-01   1.9664166e-01   4.9076996e-01  -1.3045803e-01  -5.1180308e-01  -2.1817570e-01  -2.9754187e-01   2.5965100e-02  -2.2620291e-02  -3.7376794e-01   3.5015608e-02   2.6472718e-02   4.5022364e-01  -9.8011996e-02   5.5514963e-01  -4.1991117e-01   3.8396829e-01  -8.6968302e-02  -4.3217798e-02  -1.6765291e-01   4.5688299e-02  -9.7721529e-02  -2.4417275e-01  -2.6905702e-02  -5.1554984e-01  -4.0619098e-01   2.7165973e-01  -3.8530662e-01  -5.3813178e-01  -5.4658891e-02   1.6767984e-01  -5.6739254e-02   4.6106130e-01  -7.1153376e-02   5.0326533e-01  -4.5042570e-01   7.0256118e-02  -3.3646087e-01  -2.8901455e-01  -1.3134470e-01   5.8601225e-01  -5.2186956e-01   7.6432096e-02   1.2471834e-01   1.9904580e-01   4.2678505e-01   2.7234581e-01  -8.7423282e-02   1.8174391e-01   2.6940726e-01   2.1841582e-01  -4.1427284e-01  -9.6893658e-02  -1.3289354e-01  -3.0025135e-01  -5.3046074e-02   2.1849218e-02  -1.6488389e-01  -1.2954989e-01  -4.1321997e-01   2.5612136e-01  -3.0383287e-01   1.9432350e-01   1.2111926e-01   2.3332034e-01   3.6335452e-01   2.4278894e-01  -4.3873233e-01  -1.1215459e-01   4.4899063e-01  -3.7749443e-01  -2.9342492e-01   5.8678490e-01   2.3446283e-03   2.4139038e-01  -6.7777100e-02   3.8574964e-01  -1.7869109e-01   4.6341970e-01  -3.4339081e-01   2.0630079e-01  -3.4413401e-01  -1.2379139e-01   3.6057536e-01  -3.4529400e-01  -1.8616284e-01   6.7372915e-02  -3.2479965e-01  -3.4811386e-01  -8.1485864e-02   5.3588300e-02   6.2768151e-01   2.1272382e-01   2.9421949e-01   1.3156342e-01   3.5805683e-02   5.4485475e-01   2.4572249e-01  -1.3702216e-01  -4.7743347e-01   3.6819175e-02   1.2555082e-01   4.5633509e-01   6.7257168e-02  -1.6888293e-01   3.7529869e-01  -2.3206819e-02   2.3968912e-01   1.7332856e-01   4.0796925e-01  -2.0811796e-01  -2.1154923e-01  -2.4372325e-01   4.7745950e-01   5.3318010e-01  -3.7021086e-01   1.1112592e-01   1.5627654e-01  -3.0014018e-01  -3.0683356e-01  -7.3597399e-02   3.9275382e-01  -1.7842006e-01   1.7506157e-01   6.6802481e-01   2.7407827e-02   6.4873957e-01   3.6116099e-01   3.0611091e-01   4.9097528e-01   1.9058336e-01   3.4321477e-01   2.0348887e-01  -2.2512249e-01  -9.0114355e-02  -4.4373517e-01  -3.0298058e-01  -6.1948645e-02  -2.5424729e-01   5.4998066e-01   7.2893013e-01   1.5417087e-01   6.4459922e-03  -4.0461955e-01   3.9545177e-01   5.3999052e-01  -7.1473206e-02   2.6121676e-01   4.4208181e-01  -4.2145380e-03   2.3667189e-01   3.7401912e-02  -1.3138324e-01   1.9795759e-01   2.7321552e-02  -2.5967891e-01   6.0042891e-01   3.5250377e-01  -2.7224961e-01  -4.5119302e-01   3.2500470e-01   1.9582511e-01   9.4179874e-02  -2.3412349e-01   2.6246694e-01   8.7496204e-03
  -7.8671511e-02   4.5772133e-01   5.8941768e-02   9.1246077e-03   3.8085893e-01  -1.9888105e-01  -1.9620478e-01  -9.4267078e-02   0.0000000e+00   1.2745365e-01   2.6408426e-01   2.5535149e-01   1.3405832e-01  -2.0548384e-01   3.9395637e-02  -1.3390888e-01   1.2701110e-01   2.2293474e-01  -7.5246690e-02   3.8589153e-01   1.8962992e-01  -3.9251455e-01  -1.6743677e-01  -1.0353557e-01   5.2309725e-02  -8.4931043e-02   1.7873777e-01  -3.1862435e-01   4.0391853e-01   4.6491257e-02   2.8500402e-01  -2.5530766e-01   1.3572994e-01  -2.0204922e-01   5.0258687e-01   2.0530032e-01   1.7632733e-01  -1.8216439e-01  -1.2344365e-01   1.1526370e-01   1.8163769e-01   2.3246138e-01   2.9133322e-01   6.9697646e-02   2.4813636e-01  -2.3747440e-01   8.7527792e-03   1.6017487e-01   1.5554373e-01   1.5190818e-01   1.7496321e-01  -1.4821297e-01   2.8290969e-01   1.6246505e-01   1.2596689e-01   5.5689940e-02  -3.6272155e-01  -1.5946046e-01   2.6171093e-01   2.3324961e-02  -1.3511562e-01  -2.2667376e-01   2.7753350e-01   4.1678461e-01   4.2632889e-01   1.1363355e-01  -1.7725682e-01   2.2984198e-01  -6.6997264e-02   7.8285977e-02   3.7295616e-01   1.1794726e-01   7.6507908e-02  -1.1016191e-01  -2.5162099e-02  -3.3037909e-01  -1.6686737e-01  -3.1696112e-01   2.4514541e-01   4.2393477e-01  -2.8056951e-01  -1.8730056e-01   2.9971791e-01  -6.6467295e-02   8.0630611e-02  -1.4689161e-01   4.0250955e-01  -4.6937999e-02   2.9159997e-01  -1.5969043e-01   4.3458710e-01  -1.8506652e-01   1.2400519e-01   3.9710055e-01  -1.5030499e-01   3.2145943e-01   4.0544098e-02  -2.1573866e-01   2.0972953e-01   1.2335365e-01   1.0322117e-01  -2.5975417e-02  -2.4472784e-01   2.3161782e-01   1.7352130e-02  -3.7352147e-01   1.4001683e-01  -1.5834942e-01  -3.6375870e-01   7.8438516e-02   1.4369678e-01  -4.0809249e-01   1.0462736e-01  -1.8396356e-01  -2.0487519e-01   3.8221015e-01  -2.2739761e-01   3.0625472e-01  -2.5000395e-01   1.9824350e-01   3.1730427e-02   2.3725585e-01   2.3777555e-01   4.0772289e-01  -2.4144514e-01  -1.7790962e-01   2.2563506e-01   1.5766402e-01  -5.5583319e-02   1.5597218e-01  -1.7779783e-01   3.2299533e-01  -1.2361350e-01   2.8553319e-01   1.6671930e-01  -1.6721243e-01   2.5194373e-01  -2.2586143e-01  -2.3016417e-01  -8.9609034e-02   1.2251928e-01   1.7924385e-01   2.5173484e-01  -7.0287992e-02   5.9077369e-02   2.6070509e-01   9.9921949e-02   2.8520320e-01  -5.1309020e-02   3.7647531e-01  -1.1004793e-01  -2.3070094e-01  -5.5111072e-02   4.5606141e-01   2.1315744e-01  -3.6273474e-03  -7.9624390e-02   2.3541924e-01  -1.4150242e-01  -3.0157430e-01   1.8574038e-01   2.3017463e-01   3.3304516e-01   1.7789099e-01  -3.1972441e-01   2.7454260e-01   4.7619735e-01  -2.4020190e-01   4.8830129e-02   3.7409482e-01   1.0524243e-01   2.3237763e-01   3.8086721e-01  -2.9547684e-01  -9.1233779e-02   2.9665570e-01  -3.0263632e-01
   6.7878361e-02  -6.8473655e-02  -2.3232612e-01  -1.1824018e-01  -2.8219747e-02   1.2491661e-02   4.8252041e-01  -3.3085388e-01   1.2745365e-01   0.0000000e+00   2.5931485e-01  -7.0616796e-02   2.3963685e-01  -2.3636006e-01   3.4782331e-01  -1.0781307e-02  -2.2671348e-01   2.3024464e-01  -3.1607824e-02   1.6560154e-01   4.3023595e-01  -2.1787831e-01   5.2685172e-01  -8.3444392e-02   6.4403144e-02  -3.1119353e-01   1.1542993e-01   9.3788682e-03   1.1372773e-01   2.1046618e-01   1.2932434e-01   2.7638272e-02   4.1608784e-02   7.3552848e-01   4.2862287e-01   2.4121129e-01   4.1841758e-01  -2.2652063e-01  -1.4459130e-01   2.6641489e-02   3.4095167e-01   3.6765150e-02  -1.4747425e-01  -2.1717003e-01   3.9943945e-01  -3.1497253e-01   1.3562794e-01   1.2719928e-01  -1.3147531e-01  -2.4298374e-01   3.0011909e-01  -9.4392455e-02   4.8215705e-01   5.2143657e-03  -2.0917796e-01   3.0578543e-01  -1.1531859e-01  -1.5729082e-01   2.0864256e-01   3.6373941e-02  -2.7120717e-01   2.0592739e-03   2.5779410e-02   2.4475321e-02   2.3682406e-01   7.1339448e-01  -1.7782900e-01   3.8859598e-02   2.1264800e-01   2.7034171e-01   1.5146312e-01   1.3090283e-01   2.3449203e-01  -2.4329316e-01  -1.7292061e-01  -1.3519420e-01  -3.3334992e-01  -3.2564988e-01  -5.6242882e-02   2.9321345e-01   1.2563352e-01   1.9842956e-02  -8.8409381e-02  -2.6158774e-01  -3.1264048e-01   1.0327204e-01   4.1083382e-02  -4.5402935e-02  -2.6447483e-03  -2.2068266e-01  -1.4929360e-01  -2.7707799e-01   5.0058996e-01   1.1123461e-01  -2.1905223e-01  -1.7175127e-01   2.2077605e-01   4.3420646e-02   1.1030631e-01   6.7097865e-01  -2.2131001e-01   3.0153658e-01  -3.4013598e-01   4.7206263e-02   3.0322453e-01  -2.4040791e-01  -2.0085510e-02  -8.9770300e-02   1.5832478e-01   1.9522724e-01   5.2866866e-01   6.7665074e-03   4.7022930e-03  -2.0148105e-02   1.5405284e-01  -1.4933634e-02   1.1271917e-01   5.3270101e-01  -2.4360147e-02   1.4883110e-01  -1.0284743e-01  -2.4538753e-01  -2.4953442e-01   3.0368369e-01  -3.0410894e-01  -2.3305927e-01   4.5792558e-01  -8.6817845e-02  -2.8237769e-02  -3.9583088e-02  -4.8990721e-02   3.5551923e-01  -2.6395256e-01  -1.0777222e-02  -2.2710845e-01  -3.7083704e-01  -5.9373628e-02  -3.2619970e-01  -2.0544378e-01   3.0124185e-02   1.0775738e-01   2.3049785e-01   1.7655293e-01   2.6547107e-01   1.8130506e-01   2.8306496e-01   5.7974164e-01   2.8222869e-01   5.8070231e-01   5.2891560e-01  -1.6741658e-01  -3.0614705e-01   6.0158323e-03   2.7058378e-02  -6.7742691e-02  -2.1449225e-01  -1.7554094e-01   2.2935377e-01  -2.4941000e-01  -1.5947883e-01   1.2471311e-01  -3.7815651e-02   4.1102673e-01   2.2551064e-01  -1.1155345e-01  -3.0266126e-02   2.9727697e-01  -3.2904560e-01   3.9692011e-02  -7.2585631e-02   3.2221181e-01  -8.4657489e-02   1.9632325e-01  -5.9157481e-02   5.4931868e-02  -2.5359202e-02  -1.1252563e-01
  -5.2876060e-01   3.3273832e-01  -5.4484707e-01  -6.9940010e-02   5.8504395e-01  -1.8038269e-01   4.8097225e-01  -1.5970899e-01   2.6408426e-01   2.5931485e-01   0.0000000e+00   1.8970182e-02   5.5570555e-01  -3.4429635e-01   2.5834601e-03   1.7129921e-01  -3.6127474e-01   6.0142905e-01  -5.0927089e-01   6.2181532e-01   2.5699030e-01  -5.4622889e-01   1.3114334e-01  -4.9025199e-01  -3.5536873e-01  -3.8226633e-01   5.7389826e-01  -6.3782384e-01   4.0084101e-01   2.8949569e-01   1.6858249e-01  -3.2210006e-01   5.9376538e-03   1.8004814e-01   3.4174006e-01   7.0561145e-01   3.1588228e-01  -6.0271851e-01   2.2689486e-01   4.4990921e-01   6.8278824e-01   1.5202125e-01  -2.3718025e-01   3.9039779e-01   6.2628765e-01  -5.1196041e-01   6.7616151e-01   6.6225106e-01   2.4384029e-01   1.1601549e-01   4.3001064e-01  -4.1919383e-01   4.3305377e-01   2.8552422e-02   2.3317434e-01   3.3647262e-01  -5.3946086e-01  -4.6775004e-01   6.7576066e-01  -2.1096118e-01  -7.6382871e-01   2.3097567e-01  -3.1510929e-01   7.4539314e-01   4.7175449e-01   2.0466290e-01   1.9266879e-01   2.0577966e-01   3.1624116e-01   1.5919668e-02   6.7348984e-01   1.1375199e-01   2.9281947e-01  -5.4568864e-01   1.0761497e-01  -6.8851343e-01  -6.3404580e-01  -5.5626384e-02   3.7502168e-01   5.5408086e-01  -4.6042460e-01   2.9040982e-02   6.7669134e-01  -3.2629430e-01  -3.7791183e-01  -1.7719385e-01   5.3651213e-01  -1.8601691e-01  -1.7268050e-01  -3.2766308e-01   3.2780153e-01  -7.7783036e-01   3.4486640e-01  -3.7609731e-01  -6.8522881e-01   3.2754285e-01   1.9332333e-01  -5.6057222e-01   5.5773047e-01   1.5329398e-01   3.4548659e-01   5.2752507e-01  -4.9497945e-01   1.2122463e-01   2.3430448e-01  -6.8175889e-01   2.7529329e-01  -3.1039010e-01  -3.5050189e-01   6.7061122e-01   3.8687420e-01  -3.3705879e-01  -2.6275648e-01  -4.3327186e-01   1.1977024e-01   3.0469146e-01  -8.2116521e-02   4.6299256e-01  -1.2022670e-01   2.1526352e-01  -4.4227231e-01   1.8487886e-01  -2.6812571e-01   6.4786958e-01  -5.8125066e-01  -5.4175935e-01   4.0878162e-01   7.8214591e-02  -3.8671116e-01   4.7999165e-01  -9.5645159e-02   7.7834990e-01  -6.2220839e-01   2.9177724e-01  -2.4800380e-01  -4.5254539e-01   3.2565368e-01  -3.0333639e-01  -7.0897900e-01  -4.1639552e-01  -3.2513881e-01   2.8963675e-01   5.7725878e-01   9.2527073e-02   2.5783766e-01   5.1842013e-01   5.3067410e-01   7.7617020e-01   3.9434179e-01   4.3036524e-01  -3.9161623e-01  -5.7503407e-01  -5.4162058e-01   7.3778934e-01   5.1151583e-01   1.3848449e-01  -5.4815644e-01   7.2130629e-01  -6.9646850e-01  -6.3946456e-01   3.6833656e-01   7.1348990e-01   6.5769575e-01   6.8759879e-01  -4.4798111e-01   5.1563600e-01   5.2725130e-01  -4.1486701e-01  -3.6287564e-01   5.7811760e-01   1.9770596e-01  -1.3151189e-01   5.7977284e-01  -2.3999691e-01  -3.7680400e-01   4.5897156e-01  -6.0184837e-01
  -2.7618530e-01   7.1359608e-01   5.3338931e-01  -1.2068305e-01   2.8037652e-01  -2.0831207e-01  -3.2059298e-01  -3.4760208e-01   2.5535149e-01  -7.0616796e-02   1.8970182e-02   0.0000000e+00  -1.7300013e-01  -4.1419526e-01   3.8132024e-01   6.9610999e-02   5.4568700e-01  -5.9880310e-02   1.1988018e-01   1.3222604e-01   3.2980075e-02  -2.8336274e-01  -3.3142281e-01  -1.8155253e-01   3.2662953e-01   1.0660923e-02   2.9117536e-01  -1.6680569e-01   3.1723986e-01  -3.6578587e-01   1.8400637e-01  -1.6496618e-02   1.7466242e-01  -7.9433283e-02   1.7768305e-01   2.8366678e-01  -4.4981564e-02  -2.1432646e-01  -1.9459215e-02   3.6869726e-01  -1.3126153e-01   4.3441687e-02   4.2948954e-01  -1.4368724e-02   8.0728172e-02  -2.0840036e-01   2.3149463e-01  -2.3379058e-01   3.3694640e-01   5.0405174e-01  -1.1689943e-01  -1.5780604e-01   2.2553203e-01   1.4930093e-01  -2.4341628e-01  -1.8880978e-01  -3.6376666e-01  -3.1584795e-01   2.9585390e-02  -3.0701469e-02  -2.0729225e-02  -8.9162886e-02   4.8799570e-01   1.2627167e-01   2.6980061e-01   1.7123615e-01  -6.9032188e-02   2.5197550e-01  -5.0702128e-02   1.3354697e-01   3.9208768e-01  -3.5279440e-01   2.3045781e-02   2.1446155e-01  -3.8706204e-03  -5.2077197e-02  -1.2928768e-01  -3.3722100e-04   4.6257696e-01   1.0421858e-01  -2.7765271e-01   1.7748763e-01   3.4508322e-01  -3.0108819e-01   5.0805214e-01  -2.6171088e-01   6.2064158e-02  -3.2466091e-01   1.2509798e-01  -3.8921981e-01   5.3892521e-01   4.3675695e-02   3.0743077e-01   1.6737351e-01  -1.9035799e-01   6.2897069e-01   1.6945661e-01  -8.4875384e-02   1.6381117e-01   7.2988146e-02   1.6983486e-01  -2.2860191e-02  -3.5255478e-01  -3.8399674e-01  -3.2921448e-01  -1.5359828e-01   2.0567121e-01  -2.3751482e-01  -3.5292445e-01  -2.9949713e-01   4.4357271e-01  -4.1860006e-01  -1.1403157e-01  -4.0197098e-01  -3.0112113e-01   4.7561524e-01  -2.8492325e-01  -4.3116976e-02  -3.6277992e-01  -1.6161826e-01  -2.1306551e-01   7.1126500e-01   4.8241226e-01   1.5318932e-01  -1.9555079e-01  -2.1594713e-01   2.8584422e-01  -1.1092909e-02  -2.8002533e-01   2.3423125e-01   3.8396116e-02   9.4870785e-02  -2.4030149e-02   4.4810955e-02   1.9535806e-01  -1.9388255e-01   1.2203748e-01  -3.6633034e-01   7.4407341e-02  -3.8966600e-01  -2.1641420e-01  -1.0637053e-01  -7.7549217e-02  -4.8876135e-01   3.8753099e-01  -7.4308594e-02   2.5073818e-01   5.8222859e-02  -3.6784454e-01   1.5412364e-01  -1.5525363e-01  -2.2092441e-01   8.6408305e-02   2.2565725e-01   4.9042374e-01  -3.3636908e-01  -2.6294144e-01   6.4063009e-03   4.0018682e-02  -2.7119278e-01   1.4448360e-01  -1.1382632e-01  -7.0377249e-02  -3.0961258e-01  -5.5212535e-02   1.1010697e-01   3.6874924e-01  -7.0144653e-03  -4.0322330e-02   3.9070537e-01   2.1974379e-01  -2.2474984e-01  -7.9777365e-02  -8.9369169e-02   2.9072785e-01   4.9193581e-02  -1.4756480e-01
  -2.0187328e-01   2.6492360e-02  -4.8278397e-01  -1.2569316e-01   4.2684860e-01   5.0076094e-02   3.0606946e-01   1.9664166e-01   1.3405832e-01   2.3963685e-01   5.5570555e-01  -1.7300013e-01   0.0000000e+00  -1.2309974e-01  -3.2159982e-02  -2.8926722e-01  -2.7257266e-01   3.4765646e-01  -2.2453788e-01   6.8695633e-01  -6.4639647e-02  -5.4225893e-01   7.3383006e-02  -2.8259267e-03  -1.3877151e-01  -1.3806779e-01   2.7813125e-01  -2.6474217e-01   5.0623974e-01   1.3375097e-01  -2.1020579e-02  -2.6728629e-01  -4.6374891e-02   1.0823697e-01   3.3482303e-01   4.3627934e-01   2.4005656e-01  -2.6824717e-01  -1.6927168e-01   1.1540524e-01   7.6473869e-01   2.2653414e-01   3.1101492e-02   3.1128699e-01   5.6530974e-01  -2.3134496e-01   3.1253925e-01   5.9131077e-01  -2.4052863e-02   1.5323010e-03   2.0564215e-01  -5.0202497e-02   1.1001328e-01   2.8912679e-01   1.8337983e-01   3.1240595e-01  -2.1442643e-01  -4.0518894e-01   4.5287275e-01  -1.3149059e-02  -4.1941592e-01   4.5780145e-01  -2.5600429e-01   4.1261767e-01   2.3167019e-01  -2.9620856e-03   1.6871243e-01   3.2262458e-01   1.5768965e-01   8.8318796e-02   3.8705962e-01   2.3390592e-01   1.3150270e-01  -3.6485213e-01   2.6428528e-01  -4.9497428e-01  -2.8443805e-01   8.2227367e-02   7.3758542e-02   6.2804110e-01  -7.1443051e-02  -5.9140761e-02   3.0861281e-01  -6.2936409e-03  -4.5604280e-01  -7.4898021e-02   2.0804266e-01   1.6805794e-01  -1.2945148e-01  -8.6065425e-02   1.0984381e-01  -5.0429752e-01   1.3790151e-01  -2.0130713e-01  -2.8175284e-01   1.5011020e-01   2.9248088e-01  -1.9797056e-01   4.6354037e-01  -1.8564174e-03  -1.8719733e-02   4.1765274e-01  -1.5703444e-01   3.3484550e-02   3.3130764e-01  -5.7980117e-01   4.5901404e-01   1.7865808e-01  -6.5479280e-02   4.1127009e-01   7.9603886e-02  -2.0270894e-01  -1.1787793e-01  -1.9792372e-01   1.2903333e-01   1.2271116e-01   5.1976586e-02   6.3296786e-01  -9.8885599e-02   3.0888351e-01  -5.8855207e-02   7.0422949e-02  -2.3219579e-01   2.7371965e-01  -2.3335713e-01  -2.1349832e-01   2.0264312e-01   1.6341460e-01  -2.3879555e-01   1.7878543e-01  -3.1088167e-01   6.0467087e-01  -3.8988240e-01  -5.0973080e-02   8.7034282e-02  -1.9300442e-01   4.0085518e-01  -1.7314859e-01  -4.5624297e-01  -1.0341113e-01   1.4878522e-02   7.3735173e-01   6.4593502e-01   2.1198661e-01  -4.0699513e-02   1.3896768e-01   2.4193483e-01   4.2490808e-01   3.3946149e-01   2.6631347e-01  -1.4336707e-01  -2.1519150e-01  -2.3004419e-01   4.3741842e-01   1.8657756e-01   3.3396218e-01  -1.8170029e-01   6.3695555e-01  -3.8097069e-01  -2.6383106e-01   5.3732071e-01   5.7623046e-01   6.3366488e-01   4.1464951e-01  -3.0110188e-01   2.9774075e-01   3.1084860e-01  -2.1586596e-01  -1.0595159e-01   3.6443412e-01  -8.8460930e-03   1.2854590e-01   6.0180232e-01  -5.9784481e-02  -2.1274347e-01   5.5834230e-01  -5.4590190e-01
   6.8129914e-01  -5.6648607e-01  -1.0045838e-01   1.8107512e-01  -3.8449004e-01   7.1872482e-02  -4.7046274e-02   4.9076996e-01  -2.0548384e-01  -2.3636006e-01  -3.4429635e-01  -4.1419526e-01  -1.2309974e-01   0.0000000e+00  -3.8121246e-02  -2.4434942e-01  -1.7097505e-01  -1.3068183e-01   2.1513394e-01  -2.8206188e-01  -4.9576562e-02   3.4900456e-01   2.4617900e-01   5.6568579e-01  -1.9535682e-02   3.3656643e-01  -4.9282930e-01   5.6531045e-01  -3.4546916e-01   1.9989280e-03  -1.9082039e-01   2.5705994e-01  -6.8761601e-03  -1.7974458e-01  -1.6186212e-01  -5.8018637e-01  -3.7133637e-01   4.2996997e-01  -2.4395181e-01  -5.6767240e-01  -2.4468899e-01   9.3922820e-02  -1.3689271e-01   1.3515843e-01  -2.5961801e-01   4.1197641e-01  -4.5156340e-01  -1.3502750e-01  -8.5658925e-02  -3.7462489e-01  -7.3805227e-02   3.8964186e-01  -5.1909991e-01   1.8162900e-02   2.9433405e-01   2.0516998e-02   4.2559312e-01   4.5541191e-01  -2.3231616e-01   2.5984202e-01   4.5735739e-01   9.3428309e-02  -1.7418709e-01  -3.0196931e-01  -3.9763673e-01  -1.7032276e-01  -9.8539635e-02  -2.6439511e-01  -5.0064261e-02  -2.9875235e-01  -6.1688258e-01   3.3380056e-01  -1.8130982e-01   4.7091350e-01   6.4397233e-03   2.5189389e-01   4.8816721e-01   2.5624134e-01  -5.5973361e-01  -2.2484145e-01   6.2095633e-01  -1.4283148e-01  -4.0795552e-01   2.9535139e-01   2.3737631e-01   2.3635398e-01   9.9629155e-03   5.2860148e-01  -1.1560579e-01   5.8409237e-01  -4.4052875e-01   3.9054368e-01  -3.6878340e-01  -1.1348934e-02   5.2627576e-01  -4.5780448e-01  -1.6438719e-01   1.1672393e-01  -3.3582635e-01  -1.1707411e-01  -1.7442193e-02  -2.0000117e-01   5.9400892e-01   1.9013947e-01   1.8466537e-01   4.5704387e-01  -2.0208720e-01   1.6365330e-01   4.6756984e-01  -2.0338250e-01  -4.8502770e-01   5.0346503e-01   3.3994341e-01   6.3591151e-01   1.7391937e-01  -4.8180031e-01   2.2313363e-01  -2.2599337e-01   5.0761369e-01   1.1545386e-01   5.2472594e-01  -3.4686048e-01   4.8245698e-02  -4.0462070e-01   4.4669879e-01   7.4623815e-01  -3.0726778e-01   9.8997852e-02   5.0822976e-01  -4.2763701e-01  -1.3186798e-01  -4.4871590e-01   6.1785961e-01  -8.8612575e-02   2.1077174e-01   3.2623035e-01  -1.9477814e-01   7.3295620e-01   2.8909908e-01   4.9063174e-01   5.8405087e-01  -2.2626255e-02  -1.7286896e-01   2.9388991e-01  -1.6902211e-01  -2.9942026e-01  -5.3938927e-01  -4.0971202e-01  -8.0407391e-02  -3.8943645e-01   5.5323697e-01   5.8183078e-01   2.8826636e-01  -4.5458808e-01  -4.9356295e-01   1.7403760e-01   6.1113326e-01  -3.4645372e-01   3.6506125e-01   5.7760335e-01  -3.6909912e-01  -2.3600893e-01  -8.5613468e-02  -1.3769864e-01   5.0393198e-01  -3.3196318e-01  -4.5236927e-01   3.3219788e-01   3.8297645e-01  -4.5280005e-01  -4.6722479e-01   2.9454242e-01  -5.2207949e-02   5.4288244e-02  -1.6091316e-01  -1.4800126e-01   2.9122775e-01
