   0.0000000e+00  -6.1236077e-01   1.6473969e-02   3.2922758e-01  -4.5896871e-01   1.5375674e-01  -5.8246630e-01   7.0564019e-01   1.6727804e-01  -5.2719507e-01  -5.2065967e-01  -5.2610106e-01   4.3336974e-01   8.5131029e-01   9.3279439e-02  -1.9382069e-01   3.0835622e-03  -7.6227996e-02   2.9295722e-01  -1.3998134e-01   4.0289574e-02   4.0237351e-01  -3.5980975e-01   8.1090333e-01   2.4672960e-02   6.7619047e-01  -6.0166293e-01   2.4163262e-01   1.7082238e-02  -6.4751283e-01  -2.9731166e-01   6.4767915e-01   7.9804683e-02  -4.9290068e-01   2.9635465e-01  -3.2723066e-01  -4.3506907e-01   6.2096069e-01  -2.5385441e-01  -7.0445708e-01  -1.1647244e-01   1.5001508e-01  -3.7722585e-01  -3.8491726e-01  -2.8194433e-01   8.3050876e-01  -5.3734944e-01  -5.1812126e-01  -7.8045640e-04  -3.8281965e-01   2.4375235e-02   7.0364701e-01  -6.5700757e-01   1.5590052e-01   5.0841507e-01  -1.8921781e-01   6.7632587e-01   5.2902000e-01   6.5038302e-02   2.2153374e-01   1.8617510e-01  -4.1371551e-01  -4.9247447e-01  -5.7528105e-01  -6.1337057e-02  -4.5470207e-01  -1.1430116e-01  -4.8802318e-01  -3.1868683e-01   2.9226991e-01  -7.6183527e-01   1.2913828e-01   1.1379178e-01   7.7814331e-01  -3.5074199e-01   6.0270506e-01   5.6767164e-01   2.3210904e-01  -3.9857405e-01  -1.5954778e-01   2.7841604e-01   1.1829395e-01  -5.7681479e-01   5.7632728e-01   3.0847935e-01   6.8983302e-01   4.9607318e-01   5.2645848e-01  -3.1644795e-01   8.6839165e-01  -5.2165401e-01   4.1431087e-01  -3.9306420e-01  -1.7915645e-01   7.0468355e-01  -4.8033200e-01  -2.6980727e-01   3.1657179e-01   1.6019074e-01   1.4697855e-01   1.8035974e-03  -1.7377037e-01   2.2384950e-02   3.6150345e-01   5.6747897e-01   6.0988825e-01   7.5967071e-02   1.4952229e-01  -3.0428020e-01  -5.6259520e-01  -5.2088513e-01   1.1538332e-01   1.5522228e-01   7.9480535e-01   1.3568105e-01  -3.0762071e-01   2.8990275e-01   1.7422567e-01   1.7497064e-01   4.4479615e-01   6.6663134e-01  -4.7002691e-01  -6.0647340e-01  -1.8146647e-02   7.7675758e-01   8.4847516e-01  -9.5896814e-02  -3.2412343e-01   5.2083871e-01  -2.0575127e-02  -3.0043701e-01  -5.2559697e-01   4.6815317e-01  -2.0307117e-01   4.8846347e-02   5.4258447e-01  -2.7873656e-01   5.5516869e-01   6.5093392e-01   6.5242401e-01   7.6171427e-01   2.6959273e-01  -1.0932355e-01  -1.8829422e-01   2.4360684e-01   4.7618149e-01  -7.2553980e-01  -6.9693267e-01  -3.9965121e-01  -1.7773666e-02   6.7190519e-01   4.5041092e-01   4.4767499e-01  -2.1935435e-01  -5.8729223e-01   6.6639724e-01   4.8782464e-01   1.9374267e-02   5.1714784e-01   3.2166895e-01  -2.3297875e-01  -5.7308345e-01  -5.9062890e-01   4.2114999e-01   4.0875161e-01  -1.9497544e-01  -4.0833964e-01   2.3429201e-01   6.2810704e-01  -4.7245197e-01  -4.5621611e-01   3.9079154e-01  -3.5983304e-01   6.2355668e-01  -1.1608118e-01  -2.9133147e-01   5.3992699e-01
  -6.1236077e-01   0.0000000e+00  -4.3746611e-02  -7.8139388e-02   7.9082910e-01  -5.1724401e-01   2.4223715e-01  -5.9377636e-01  -2.7753074e-01   2.4880951e-01   2.7091317e-01   6.7840861e-01  -8.6349805e-02  -5.9295912e-01  -3.0551446e-01   3.2282770e-01   3.2647842e-01   2.4051469e-01  -9.8390933e-02   4.4975243e-01  -1.2681871e-01  -6.2595279e-01   5.5765517e-02  -6.6127665e-01  -1.7140534e-01  -4.5731193e-01   2.7244529e-01  -3.1902491e-01   1.3921437e-01   8.2922225e-01   1.0314599e-01  -5.7418329e-01   3.0490024e-01   3.1368128e-01  -2.3530240e-01   3.7783173e-01   9.8492450e-02  -3.7193484e-01   5.2343871e-01   6.4377602e-01   3.1136179e-01   2.1674370e-01   2.7601994e-01   2.7779173e-01   1.5697000e-01  -7.3566363e-01   1.5158801e-01   3.6138673e-01   1.9330842e-01   7.6411455e-01  -3.0409570e-01  -5.0968516e-01   7.1363842e-01   2.4123227e-03  -1.6420286e-01  -2.1664203e-01  -4.1633378e-01  -6.4733594e-01   2.0878465e-01  -1.8391065e-01  -1.0264774e-01   4.2891873e-01   7.2704828e-01   4.6667955e-01   4.6015099e-01   4.7348674e-02  -2.3629258e-01   2.0069722e-01  -2.1884079e-01  -5.3866352e-01   8.4489796e-01   5.4622640e-03   2.0024653e-01  -4.8823614e-01   2.8671720e-01  -6.3515781e-01  -3.6864424e-01  -2.1552725e-01   4.8538496e-01   2.2753744e-01  -3.7448234e-01   1.6558374e-01   7.6585383e-01  -4.1813523e-01  -3.1273413e-02  -5.4286394e-01  -3.5699162e-01  -2.6959988e-01   5.5621544e-01  -6.4983971e-01   7.6113889e-01  -2.3137630e-01   2.2349122e-01   6.1873613e-02  -4.7318185e-01   7.3252699e-01   9.3733427e-04  -5.1138052e-01   1.1557855e-01  -1.2772034e-01   6.2934016e-02  -2.7739881e-01  -2.6992172e-01  -3.7028522e-01  -6.5612212e-01  -5.1176621e-01   1.2243552e-01  -5.1686965e-01   2.0950719e-02   1.3613135e-01   5.3640731e-01  -4.7334517e-01   4.2702537e-02  -6.3966599e-01  -1.5619045e-01   6.6900086e-01  -5.0433641e-01   2.2321768e-01  -3.3224070e-01  -2.0663803e-01  -7.2496555e-01   7.2101016e-01   6.5848467e-01   3.3936400e-01  -6.5820597e-01  -5.9482628e-01   1.4279925e-01   2.6013026e-01  -6.3499865e-01  -1.5307790e-01   5.3066703e-01   3.9441604e-01  -4.2297086e-01   3.7403931e-02  -2.4102958e-01  -6.1272092e-01   2.8262854e-01  -5.2347108e-01  -5.5158898e-01  -3.2202932e-01  -5.9159440e-01  -1.5003044e-02  -2.6664638e-01  -1.1884705e-01  -3.6801126e-01  -4.6643422e-01   6.1611485e-01   6.0412154e-01  -3.8626018e-03  -3.2742544e-02  -6.3858129e-01  -4.5016200e-01  -3.6835467e-01   4.1516069e-01   6.8072579e-01  -6.1444352e-01  -4.3790302e-01   1.6010915e-01  -9.6395936e-02  -2.2039267e-01   1.8073079e-01   2.6267000e-01   5.1736211e-01  -3.3076745e-01  -4.2128782e-01   5.6323727e-01   4.9412951e-01  -3.7180389e-01  -4.5233257e-01   6.8500540e-01   3.1779346e-01  -1.5717985e-01   1.5862981e-01  -6.9946420e-01   1.5214288e-01   1.5795142e-01  -5.4630453e-01
   1.6473969e-02  -4.3746611e-02   0.0000000e+00  -3.9566148e-01  -2.2199817e-02   3.0564303e-01   2.1893251e-01   3.0753114e-02  -5.8524297e-02   8.0091725e-02  -3.7388483e-01   3.3923591e-01  -2.9974343e-01  -1.2314745e-01   2.5873042e-01  -3.2049665e-01   6.7656798e-01  -3.0642231e-01   1.8897074e-01   5.7934443e-02  -4.0907078e-01   5.5774686e-02   6.5522311e-02  -9.3828606e-02   2.2279933e-01  -4.0467284e-02   2.5820107e-01  -1.6346374e-01   9.9826673e-02  -2.0563615e-02  -3.1229474e-01   9.6104371e-02  -3.4370195e-01   1.5704425e-01  -6.7277845e-02   2.4649385e-01  -5.6269670e-02   1.3201676e-01  -2.4581041e-01   1.4558471e-01  -3.3038835e-01  -3.5996016e-01  -2.8483759e-03  -6.1793933e-01  -3.8745436e-01   2.2148008e-01   2.4404821e-01  -1.9159334e-01  -4.5765661e-01   3.6646579e-02  -5.1602588e-02   8.1656557e-02   4.3284576e-02  -2.9401807e-01  -1.3043380e-01  -1.2670958e-01   1.0709407e-02   1.2147556e-01  -3.1948195e-01   3.9899150e-01   5.9544534e-01   3.4857851e-02  -1.3563855e-01  -2.3660653e-01  -4.8147706e-01   9.2896254e-02   2.3606831e-01   2.4137469e-01   6.8520308e-02   1.9354799e-01  -2.4548773e-02  -5.7974810e-01  -5.0650311e-01   1.0672798e-01  -1.1187159e-01   1.6595909e-01   2.0164716e-01  -2.4320018e-01  -1.8206193e-01  -1.5400390e-01  -8.2264654e-02  -2.3328079e-01  -1.4819870e-01   1.3269957e-02  -8.0737267e-03   1.8130121e-01  -2.2733653e-01  -4.1924822e-01   2.2897285e-01   1.5209044e-01  -4.1141615e-02   4.3856736e-01   1.7663177e-01   3.1311081e-02   3.3651337e-01   5.0254518e-02   1.2434794e-01   1.9204990e-01   2.4980147e-01  -5.3447998e-01   1.7607450e-02   3.5335592e-02  -3.7200997e-02   4.2713572e-02  -7.6968424e-02  -1.2707395e-02  -1.1191713e-01   6.3841979e-02  -1.8517175e-01   1.4729949e-01   1.1780202e-01   3.0107684e-01  -4.2328189e-01   3.3085441e-01  -1.6412662e-02  -3.3337328e-01  -3.4447595e-02  -1.5868477e-01  -1.8933400e-01  -6.6284954e-02   3.3010235e-01   2.3449174e-01   8.1000721e-02  -3.7612250e-01   3.6627759e-01  -8.2059912e-02  -1.9681339e-02  -7.4618265e-02  -9.1852421e-02   3.3288195e-01  -1.6560904e-02  -3.5419769e-01  -9.2190740e-02  -3.9227138e-01  -2.0874480e-01   3.1008631e-01  -2.7916958e-01  -2.5006826e-01   2.1420064e-01   1.4019047e-01   1.5214288e-01  -4.5664245e-01  -2.4582746e-01  -1.4432734e-01  -6.6115805e-02  -1.4159452e-01   1.9991744e-01  -1.2278073e-01   1.8488080e-01  -6.1723200e-01   3.7156529e-01  -2.7673066e-01  -9.1758323e-02  -3.5420196e-01   2.4958429e-01  -1.5655684e-01   9.5808431e-02  -2.0670382e-01   1.5725099e-01   6.3658941e-02  -2.5425803e-01  -2.2704465e-01  -3.0568198e-01  -4.4817988e-01   4.1760351e-01   1.1669126e-02   7.5864685e-02   6.0047654e-02   2.2452007e-02  -1.3308647e-01   2.0536097e-01   2.3440454e-02  -2.6936710e-01   9.9883966e-02   1.0125694e-01  -2.8436806e-02   1.6152996e-01
   3.2922758e-01  -7.8139388e-02  -3.9566148e-01   0.0000000e+00   1.2689644e-01  -2.6255898e-01  -5.1819210e-01   2.5644949e-01   1.6638288e-01  -2.1958098e-01   1.3727595e-02  -3.7002522e-01   2.7539885e-01   3.2261813e-01  -3.7020724e-01   5.9840307e-01  -1.2909194e-03   5.0162946e-01  -2.4523419e-01   3.0979421e-01   3.3674232e-01   3.3699917e-02  -2.5540491e-01   2.9703523e-01   9.0010616e-03   2.8714289e-01  -2.5701952e-01   4.9687691e-03  -1.3400451e-01  -2.8800124e-01  -5.8965918e-02   3.6949062e-01   7.7044665e-01  -4.3515953e-01   2.9185970e-01  -1.1739156e-01  -3.0708390e-01   3.4503068e-01   5.1317480e-01  -2.2382868e-01   3.1240598e-01   6.7767540e-01  -1.0426785e-01  -2.2919084e-02   1.8878291e-01   2.3272814e-02  -2.5816718e-01  -3.3743125e-01   3.1763864e-01   2.5736787e-01   3.7064524e-01   1.5343464e-01  -3.9617657e-01   4.4488785e-01   1.5773976e-01  -3.3540820e-01   1.0790959e-01   1.5240961e-01   7.7484804e-01  -1.3988650e-01  -1.6804533e-01  -1.0249153e-03  -4.7564111e-02  -2.5088948e-01   2.6603058e-01  -2.6907623e-01  -1.0251709e-01  -3.2106520e-01  -1.8949565e-01   7.2597284e-02  -2.4210761e-01   7.1308057e-01   4.9746548e-01  -2.3190500e-02   3.6757360e-03  -5.6496309e-02   1.3716733e-01   3.8202538e-01  -5.2757809e-02   2.0910708e-01  -7.2890742e-02   4.6717354e-02  -2.4287778e-01   2.0457965e-01  -1.5273324e-02  -1.8716772e-02   2.7131945e-01   5.9431218e-01  -3.2550808e-01   1.5718834e-01   3.6341471e-02   1.5897258e-01  -4.4795046e-01   1.3549060e-01   1.5396709e-01  -4.9184451e-02  -2.2946244e-01  -2.8928811e-01   2.0588600e-02   6.0537276e-01  -1.2471958e-01  -2.7467923e-01  -1.0794533e-01   1.3960204e-01   4.0208689e-01   3.4170640e-01   2.8679598e-01  -1.2884903e-01  -2.7318228e-01  -5.0890998e-01  -3.5376812e-01  -3.0573645e-01   6.3599733e-01  -1.3367953e-02  -1.1784926e-01   8.6587143e-02   1.0660512e-01   5.8396528e-01   5.1892055e-02   6.0205462e-01  -2.7861124e-02  -5.3249451e-02  -8.0113198e-02   3.2304260e-01  -3.7743590e-02   2.7845701e-01   1.3306680e-01   1.3800767e-01   4.3959494e-01  -3.4532979e-01   4.5328000e-02  -1.0455558e-01   9.1343144e-02  -2.2568267e-01   5.2485964e-01  -2.3705042e-01   2.7223927e-01   2.9354088e-01  -5.5641773e-02   3.3645725e-01   1.7924208e-01   2.6246859e-01  -4.8111348e-04  -1.5048894e-01  -2.3350919e-01   2.0340536e-01  -3.5872076e-01  -2.6724111e-01  -5.1983193e-01   1.7914543e-01  -1.2165896e-01   2.6065918e-01   3.6727076e-01   2.1941475e-01  -1.4917724e-01   3.9220007e-01   9.2372177e-02   5.4820806e-01   5.0609187e-01  -9.5139432e-02   2.1358390e-01  -2.7406064e-01   4.5764091e-03   8.3274794e-01   2.1275645e-01   2.6888751e-02  -2.5496112e-01  -1.3065610e-01   2.9461411e-01  -2.5341499e-01  -4.3475285e-01   3.5479787e-01   1.6928500e-01  -4.8292400e-03   2.1630934e-01  -8.9828315e-02   3.5141317e-01
  -4.5896871e-01   7.9082910e-01  -2.2199817e-02   1.2689644e-01   0.0000000e+00  -3.1925957e-01   3.5349293e-01  -5.2099629e-01  -2.3619768e-01   2.6627156e-01   3.4806421e-01   5.1609282e-01   5.5237918e-02  -5.7400882e-01  -3.6917473e-01   4.2756531e-01   3.8052662e-01   3.5968608e-01  -1.5213925e-01   7.0924607e-01  -2.0731065e-01  -5.4326839e-01  -3.1154626e-02  -5.4166394e-01  -1.3447198e-01  -3.2679678e-01   3.8636445e-01  -3.0627945e-01   5.8724833e-02   6.7728744e-01   2.1358518e-02  -4.4911089e-01   3.9627859e-01   3.2084629e-01  -2.5152389e-01   6.0004765e-01  -1.4855646e-02  -1.7409772e-01   5.4344996e-01   6.0968335e-01   3.2496525e-01   3.6177465e-01   4.2877851e-01   9.1638953e-02   3.5037672e-01  -6.1595058e-01   2.4486804e-01   2.6558930e-01   6.3095347e-02   7.3409192e-01  -2.0679139e-02  -4.7655904e-01   6.5874997e-01  -1.3352071e-02  -2.2835008e-01  -3.1662232e-01  -3.0697493e-01  -5.9097075e-01   2.7791765e-01  -2.2864055e-01  -1.0575316e-02   3.3663646e-01   6.7987430e-01   2.8899475e-01   4.3670686e-01   2.3812023e-01  -8.2905524e-02   6.9916345e-03  -2.8146357e-01  -4.6629564e-01   7.1645930e-01   9.4428842e-02   2.8353320e-01  -5.1064126e-01   1.3621949e-01  -6.2808203e-01  -2.0504953e-01  -1.0367621e-01   5.9145638e-01   1.3196326e-01  -4.8372564e-01   2.1891532e-01   5.9228302e-01  -3.2880477e-01  -2.2467595e-01  -5.1256922e-01  -4.3849930e-01  -2.2151238e-01   3.5581660e-01  -5.3467120e-01   7.2089607e-01  -9.2128079e-02   1.3815761e-01   2.4574959e-01  -3.0476869e-01   7.7393949e-01  -1.8535469e-01  -3.9637892e-01   9.4643445e-02   4.8805725e-02   4.1779336e-02  -1.3732209e-01  -4.8491927e-01  -4.0594425e-01  -5.2390466e-01  -4.5554300e-01   1.2304519e-01  -4.0065813e-01   1.7383365e-02   1.0548537e-01   4.1923023e-01  -5.0663065e-01   2.2136728e-02  -5.2538083e-01  -2.0767871e-01   6.3136887e-01  -4.9484513e-01   4.6329546e-01  -3.4616315e-01  -5.3416081e-02  -6.2473891e-01   7.0627758e-01   5.2322022e-01   2.9131803e-01  -5.3233875e-01  -5.5721272e-01   2.6369960e-01   1.4138705e-01  -5.2361563e-01  -2.8160486e-01   5.3507081e-01   4.2252094e-01  -5.2631815e-01  -8.3890375e-02  -1.1080182e-01  -6.6740225e-01   1.9735895e-01  -5.6505735e-01  -5.6749934e-01  -1.4993952e-01  -4.3945267e-01   2.2861928e-02  -5.8711937e-02  -1.6314971e-01  -4.1111286e-01  -4.4123648e-01   5.0399449e-01   5.4033980e-01   9.9043256e-02  -1.4836234e-02  -6.0415228e-01  -5.5916243e-01  -2.1868578e-01   4.0848550e-01   5.8597812e-01  -4.7197527e-01  -3.2115631e-01   3.2076839e-01   2.6083448e-02  -4.1879147e-01   9.8521010e-02   3.3325380e-01   4.5407826e-01  -1.1320922e-01  -3.6945113e-01   5.8324169e-01   5.7493654e-01  -3.8356794e-01  -2.4332649e-01   4.5420385e-01   3.5220773e-01   1.9424707e-02   1.0743053e-01  -5.8589895e-01   1.1933362e-01   2.8572298e-02  -4.3878429e-01
   1.5375674e-01  -5.1724401e-01   3.0564303e-01  -2.6255898e-01  -3.1925957e-01   0.0000000e+00   1.7018409e-01   1.3845115e-01   2.2885904e-01   4.0158447e-02  -1.2478089e-01  -1.0592590e-01  -1.6063105e-01   1.9413301e-01   2.6057519e-01  -3.9281427e-01  -9.9263157e-02  -2.0797990e-01   2.3128431e-01  -1.2039740e-01  -1.2403216e-01   3.8958254e-01   6.1568588e-02   2.0592980e-01   3.3267361e-01   2.4613218e-01   2.6367445e-01   1.9647733e-01  -1.7374751e-01  -3.2338510e-01  -5.6440484e-02   2.4779695e-01  -5.0315968e-01   2.6006102e-03  -7.6385866e-03   1.8238209e-02   1.7303439e-01   1.2087664e-01  -5.8147480e-01  -3.0805123e-02  -3.1380438e-01  -4.3073135e-01   1.7548873e-01  -2.8743121e-01  -1.4944039e-01   4.1765795e-01   4.2413467e-01  -3.0933566e-01  -3.8687819e-01  -4.2978023e-01   4.1680887e-01   1.7662958e-01  -1.3644987e-01  -3.6012374e-01  -8.8371525e-02   2.4276610e-01   2.3802176e-01   3.9688984e-01  -4.0216733e-01   1.9886889e-01   1.8651021e-01  -2.9464091e-01  -3.9441601e-01  -3.8672005e-01  -5.4999474e-01   3.6588604e-01   7.5492211e-01   8.0371255e-02   3.5149776e-01   4.2021242e-01  -4.2592873e-01  -3.0119800e-01  -5.5558104e-01   1.9173136e-01  -2.9736922e-01   3.3461271e-01   5.3511460e-02   2.1658691e-01  -2.9357219e-01  -4.0878503e-01   5.4097745e-02  -3.7363971e-01  -4.6706098e-01   1.0027840e-01  -7.4650489e-02   2.6519903e-01   6.7066235e-03  -1.5609582e-01  -2.8863386e-01   3.6034154e-01  -3.8754769e-01   8.8311375e-02   1.2814003e-01   6.8238094e-02   1.8108557e-01  -3.1402565e-01   1.5514495e-02   6.4306879e-01   9.8569505e-02  -1.7728798e-01  -9.9667148e-02   3.3046054e-01   2.6782098e-01   2.2583617e-01   3.8024567e-01   1.2661590e-01  -2.7524312e-01   7.7290380e-01   1.0503567e-02   3.1190104e-01  -2.6576547e-01   6.2645313e-01  -2.5740317e-01   3.1373058e-01  -2.7074435e-02  -5.1985553e-01   2.6780453e-01  -3.2311939e-01   3.2248940e-01  -6.4610156e-02   3.9166353e-01  -2.4250125e-01  -4.1221568e-01  -4.2427194e-01   4.9875465e-01   2.3312383e-01  -1.4697082e-02  -3.3154635e-01   2.7757754e-01   3.4300726e-01  -2.8634902e-01  -1.9421988e-01   2.5290089e-01  -1.2740935e-01   5.3650462e-02   3.8795885e-01  -4.4356841e-01  -7.8079865e-03   3.4015386e-01   3.3013612e-02   2.8250618e-01  -2.8041400e-01   3.3290584e-01   3.9240313e-01   1.8823493e-01   5.7560693e-02  -1.5747038e-01  -1.8953628e-01   3.9755612e-01  -1.5611491e-01   3.9455687e-01  -3.1749184e-02  -8.5584553e-02  -4.7519882e-01  -3.3386809e-02   2.5220821e-01   4.9412826e-02  -2.2941553e-01  -9.0425718e-02   3.9693401e-02  -2.8784370e-01  -4.7730395e-02  -3.3055552e-01  -3.3514068e-02   2.1136450e-01  -3.5550216e-01  -1.7143239e-01   4.7553257e-01   1.2106984e-02  -2.6877817e-01   3.6350217e-02  -1.0630787e-01  -2.3158794e-01   5.5458180e-01   9.1710455e-02  -1.8936979e-01   2.2942793e-01
  -5.8246630e-01   2.4223715e-01   2.1893251e-01  -5.1819210e-01   3.5349293e-01   1.7018409e-01   0.0000000e+00  -6.2062547e-01  -2.6542829e-01   7.5889118e-01   4.2318911e-01   5.7382255e-01  -4.1818745e-01  -6.5379014e-01   2.3906463e-02  -8.9686347e-02  -6.9641430e-02  -2.4297218e-01  -1.4181850e-01   1.9905778e-01  -4.0173384e-01  -3.0774071e-01   5.6790171e-01  -5.6748072e-01  -1.2356760e-01  -5.9660478e-01   6.0553020e-01  -1.2634025e-02  -2.4402668e-02   4.1589623e-01  -7.4443564e-03  -5.1493196e-01  -4.3770751e-01   8.2402294e-01  -3.4403581e-01   4.8611171e-01   4.3472681e-01  -3.6971985e-01  -1.4573641e-01   5.8432513e-01  -1.8036441e-01  -3.7636582e-01   6.0957991e-01   5.1987757e-02   2.9947195e-01  -4.3658096e-01   4.1214986e-01   4.5874000e-01  -3.0929774e-01   9.0330183e-02  -3.5036725e-02  -5.9136145e-01   6.1824693e-01  -3.4221843e-01  -5.2430185e-01   4.0351302e-01  -4.7018047e-01  -4.0666184e-01  -3.9317821e-01  -4.5093410e-02   2.6778125e-02   2.2452019e-01   3.0483145e-01   2.3658148e-01  -1.3983912e-01   7.5541482e-01   1.2992392e-01   2.0433656e-01   1.2255548e-01  -1.1471585e-01   4.7440901e-01  -4.3766571e-01  -2.5618947e-01  -5.1813142e-01   7.5149816e-02  -3.8589958e-01  -1.9538577e-01  -3.0128579e-01   5.8935035e-01  -8.4682941e-02  -1.7634457e-01  -1.9954017e-02   4.3033748e-01  -5.0441145e-01  -4.6800525e-01  -4.3929670e-01  -6.2429361e-01  -5.5889307e-01   1.7842145e-01  -5.4815976e-01   3.3833290e-01  -1.8293916e-01   7.3206803e-01   2.6713677e-01  -3.6818743e-01   4.3525677e-01   5.9424803e-02  -3.1354131e-02  -2.2234076e-01  -1.3879227e-01  -5.1960333e-02   3.0628015e-01  -2.0347793e-01  -4.4006295e-01  -5.0798575e-01  -4.7750884e-01  -2.8294840e-01  -5.2994501e-02   4.1252855e-01   6.0305846e-01   6.7230793e-01  -1.8671514e-02  -5.3065256e-01  -4.2260774e-01   1.2822893e-01   1.8904881e-01  -3.2754012e-01  -2.6976855e-01  -2.5227700e-01  -4.6597924e-01  -2.6845696e-01   3.7081273e-01   3.5065786e-01  -2.1966513e-01  -4.0659390e-01  -6.4998230e-01   2.3430415e-01  -9.9586383e-02  -4.4758568e-01  -4.5561689e-02   7.1386952e-02   5.5755014e-01  -4.7867531e-01   3.0214419e-02  -7.5261262e-02  -3.5173719e-01  -5.9985028e-02  -6.7770646e-01  -5.1397418e-01  -4.8771812e-01  -3.9982157e-01  -2.9291273e-01   1.8681323e-01   2.7953974e-01  -1.9389665e-02  -4.1337785e-01   7.5306790e-01   5.3248436e-01   7.7104742e-01  -1.0327611e-01  -3.4166826e-01  -5.9173454e-01  -2.9561001e-01   1.5268361e-02   4.4124082e-01  -5.7379062e-01  -1.5202456e-01  -2.4831449e-01  -5.1881164e-01  -2.6326018e-01  -4.4986127e-02   5.4324389e-01   2.8039616e-01  -5.3334800e-01  -3.5435127e-01   2.8231053e-01   6.7484653e-01  -1.7745702e-01  -2.5797105e-01   3.2213326e-01   7.2022869e-01  -3.2654695e-01   4.5537433e-02  -3.0393857e-01  -3.4325991e-02   8.5361292e-02  -4.5998097e-01
   7.0564019e-01  -5.9377636e-01   3.0753114e-02   2.5644949e-01  -5.2099629e-01   1.3845115e-01  -6.2062547e-01   0.0000000e+00   1.9612718e-01  -5.7555613e-01  -3.0627391e-01  -6.6671960e-01   2.7128859e-01   6.4795468e-01   3.4779470e-02  -2.3936187e-01  -4.5924960e-02   3.4893096e-02   3.2059721e-01  -4.2746412e-01   1.2665950e-02   2.0119268e-01  -3.9545582e-01   7.4355198e-01   1.9981424e-01   7.7934139e-01  -4.4311405e-01   1.9521311e-01  -4.9752491e-02  -6.5783896e-01  -1.1390278e-01   5.2824745e-01   1.6291263e-01  -5.5512112e-01   1.4563965e-01  -5.2386358e-01  -3.5933646e-01   3.8682805e-01  -2.8278465e-01  -7.2483254e-01  -2.9679872e-02   2.5543968e-01  -4.3282803e-01  -1.9070276e-01  -2.2191131e-01   6.8312176e-01  -5.0153491e-01  -4.2633862e-01   1.0471400e-02  -2.9823632e-01  -4.7928166e-02   8.8160574e-01  -6.6305663e-01   3.9520123e-01   4.4348972e-01  -1.2392006e-01   6.3673020e-01   3.2127882e-01   9.6222696e-02  -1.3142888e-02   2.0629002e-01  -3.2600782e-01  -3.2732347e-01  -2.6125381e-01  -5.7333365e-02  -5.4109223e-01  -9.9786202e-02  -1.3994560e-01  -8.4427609e-02   4.9627066e-01  -6.6083536e-01   2.7804900e-01  -4.8642746e-02   5.7181300e-01  -1.4847688e-01   6.0002858e-01   3.5270934e-01   1.2930592e-01  -5.6095679e-01   7.7216773e-02   4.1979003e-01  -1.5395864e-01  -4.8671438e-01   8.0871228e-01   2.4270947e-01   6.7452977e-01   3.3023132e-01   4.2628477e-01  -2.1630850e-01   6.8428591e-01  -5.1933670e-01   3.7145870e-01  -5.1774599e-01  -2.4777980e-01   5.5839072e-01  -4.7388186e-01   6.4965655e-02   3.5407390e-01  -1.4851961e-01   5.0465826e-03   7.7451485e-02   3.3234844e-02   7.6806035e-03   2.0345815e-01   3.8833041e-01   4.0125186e-01   3.1730944e-01   2.2887178e-01  -2.1363395e-01  -5.2532377e-01  -4.5176612e-01  -4.2250889e-02   2.4603489e-01   5.8327898e-01   1.7780361e-01  -4.4400912e-01   2.7892095e-01   2.0490116e-01   2.2913519e-01   1.1822486e-01   6.0976911e-01  -5.0316516e-01  -3.9036507e-01  -1.0080016e-01   6.6854150e-01   6.5600790e-01  -3.1315667e-01  -9.9860610e-03   3.7430051e-01   3.5392668e-02  -2.3399246e-01  -4.8257559e-01   3.6499946e-01  -1.3378161e-01   8.5825071e-02   6.6810207e-01   5.0740672e-02   5.7337123e-01   6.8264859e-01   5.9161677e-01   6.5812804e-01   2.7716885e-01   7.4550694e-03  -3.1806260e-01   1.0044998e-01   4.6301374e-01  -6.2429300e-01  -6.5620425e-01  -5.3061917e-01   1.4856720e-03   6.4809188e-01   5.6404391e-01   5.4497869e-01  -1.4295018e-02  -6.4198613e-01   6.8748744e-01   4.5922277e-01  -4.2368005e-02   4.3046267e-01   3.7280424e-01   1.1210982e-01  -3.8500454e-01  -3.6533738e-01   3.1522558e-01   2.8318148e-01  -4.0221112e-01  -4.4004540e-01   1.4547649e-01   6.0438459e-01  -6.0499575e-01  -6.3648114e-01   3.3698619e-01   3.0456597e-02   6.6431932e-01  -1.8730235e-01   1.0958191e-01   3.5285769e-01
   1.6727804e-01  -2.7753074e-01  -5.8524297e-02   1.6638288e-01  -2.3619768e-01   2.2885904e-01  -2.6542829e-01   1.9612718e-01   0.0000000e+00  -1.2097247e-01  -2.5349211e-01  -1.8325097e-01   1.1767757e-01   1.8975245e-01   1.6639125e-01   7.4520249e-02  -1.2684978e-01  -1.0950552e-01  -5.1194512e-02  -4.0702971e-02   1.0112794e-01   4.4102097e-01  -1.0020306e-01   2.1569393e-01   2.8555800e-02   2.3408217e-01  -2.1091277e-01   2.4085063e-01  -3.6794682e-01  -1.7990148e-01  -9.0053875e-02   2.4010391e-01  -2.4406516e-03  -2.2532747e-01   4.7462447e-01  -2.2363388e-01   6.6084845e-02   2.8642651e-01  -1.3690626e-01  -2.1694368e-01  -4.8813934e-02  -2.1103708e-02   1.0539796e-02  -1.6420931e-01  -1.2651280e-01   3.2236880e-01   1.3683901e-01  -1.9980288e-01  -9.3225285e-03  -1.1942954e-01   1.6802669e-01   2.3382521e-01  -2.0907354e-01  -1.7562166e-01  -4.4254237e-02  -3.4286425e-02   2.0954054e-01   3.1196108e-01   7.2729775e-02   3.7415625e-01   8.5376876e-02  -7.7685641e-02  -3.0423947e-01  -3.1593625e-01  -1.4849809e-01   8.0224476e-02   3.0666201e-01   1.1839863e-01   1.1233287e-01   2.5702346e-01  -3.4821633e-01   8.3381269e-03  -1.7580132e-01   9.0604135e-02  -7.7544036e-02   2.3788719e-01   1.1316903e-01   2.1709810e-01  -2.2056153e-01  -1.7291761e-01   1.7742171e-02  -3.6032160e-01  -3.7941131e-01   2.3995542e-01   1.6661062e-01   1.8752215e-01   1.8908436e-01   7.5691361e-02  -1.8626532e-01   2.1735692e-01  -1.3927867e-01   2.5290538e-01  -2.4767980e-01   4.4496162e-01   2.2073322e-01  -4.4443143e-01  -2.3500471e-02   2.5922758e-01   2.6190419e-01   1.4506589e-01  -8.9668963e-02   1.1821649e-01   1.5857453e-01   6.3503215e-01   3.7718573e-01   2.5647366e-01  -4.8353430e-02   3.0292380e-01   6.3630246e-02  -1.5179161e-03  -3.9232835e-01   2.7644509e-01   1.5241188e-01   1.2060391e-01  -3.9665861e-02  -2.9223225e-01   3.0977890e-01  -6.2549050e-02   2.9517350e-01   2.4351827e-01   1.7132247e-01  -1.9224506e-01  -1.7029329e-01   6.7017894e-02   2.4075821e-01   2.7954344e-01   8.1888671e-02  -1.6389800e-01   4.8017267e-01   2.3128480e-01  -3.2185411e-01  -2.8509115e-01   3.4180504e-01  -1.6652774e-02   2.0649861e-01   2.7900270e-01  -1.9378305e-01   2.0238267e-01   3.4130912e-01   2.2846262e-01   6.7254802e-02  -2.1974743e-02   6.1625587e-02   2.2841562e-01  -1.1134156e-01   1.7640790e-01  -2.8151783e-01  -6.0422418e-02  -1.1212782e-01   5.2318775e-02   2.8888085e-01   1.0888019e-01   8.8236318e-02  -3.2795179e-01  -9.0824760e-02   3.5729198e-01  -9.0229370e-02  -3.2398755e-02   2.2824360e-01   1.2903655e-02  -8.5018282e-02  -1.9403825e-01  -8.2421436e-02   2.1213258e-01   1.4344042e-01  -3.4302481e-01  -4.6723367e-01   2.9467407e-01  -4.4326086e-02  -2.4698752e-01  -1.1547730e-01   3.2230527e-01  -7.0121301e-02   3.5394232e-01  -8.0476538e-02  -2.3160087e-01   2.3370644e-01
  -5.2719507e-01   2.4880951e-01   8.0091725e-02  -2.1958098e-01   2.6627156e-01   4.0158447e-02   7.5889118e-01  -5.7555613e-01  -1.2097247e-01   0.0000000e+00   2.9512037e-01   4.9691106e-01  -3.5512330e-01  -6.1104493e-01  -6.2374672e-02   5.5085139e-02  -1.7926102e-01  -1.2113957e-01  -3.0899034e-01   1.3083290e-01  -2.1149905e-01  -3.2976560e-01   6.1040125e-01  -5.4730555e-01  -4.1919474e-02  -5.9092345e-01   3.8886363e-01   5.4564824e-03  -2.0868844e-01   2.6089238e-01  -8.0492675e-02  -4.6080970e-01  -2.0980287e-01   7.3669589e-01  -7.9895319e-02   2.0372584e-01   3.6830576e-01  -2.8161661e-01   9.5209226e-03   5.4761856e-01  -1.1027921e-01  -1.9049099e-01   4.4216756e-01   7.3253319e-02   1.5968550e-01  -4.7028372e-01   1.9419022e-01   4.2731136e-01  -1.2534058e-01   1.6457679e-01  -7.3653630e-02  -5.4788299e-01   4.4644267e-01  -1.9446066e-01  -4.4496587e-01   3.9337080e-01  -5.1728626e-01  -3.4193340e-01  -7.8195257e-02   2.1319082e-02  -8.1836643e-02   1.2179666e-01   1.9673128e-01   5.6701685e-02  -2.0327144e-01   6.9909698e-01   1.2984662e-01   2.6731146e-01   9.6636131e-02  -1.1730888e-01   3.8560683e-01  -2.2751142e-01  -1.1235350e-01  -5.5915321e-01   1.2859967e-01  -3.8757400e-01  -2.4796306e-01  -1.3441230e-01   5.2595964e-01   6.6881653e-02  -2.4383271e-01  -5.9114716e-02   4.0271201e-01  -5.5984712e-01  -5.0456722e-01  -4.7570990e-01  -5.8973343e-01  -3.5686977e-01   1.3823183e-01  -5.1122129e-01   4.5530752e-01  -2.1478970e-01   6.4394177e-01   1.8659431e-01  -3.3845482e-01   4.7365958e-01   9.8818968e-02  -1.8440704e-01  -1.9650285e-01   5.7265916e-02  -1.6484843e-01   1.7296684e-01  -1.9960765e-01  -3.2371628e-01  -3.7948050e-01  -3.9125864e-01  -1.3926148e-01  -1.4993293e-01   3.2628276e-01   4.2473830e-01   6.2191382e-01  -5.3629853e-02  -2.2002693e-01  -4.7611853e-01   1.9246023e-01   2.5914765e-01  -2.0570782e-01  -2.3994006e-01  -2.9198101e-01  -3.2024530e-01  -2.7655772e-01   4.3376784e-01   3.9031260e-01  -2.6473165e-01  -4.7812895e-01  -5.9415743e-01   1.0729855e-01   1.9302692e-02  -2.2268326e-01  -1.8051767e-01   4.8944935e-02   4.5119806e-01  -4.9094420e-01   1.0154589e-01   1.7712891e-01  -4.3602316e-01   6.5996947e-02  -6.4500851e-01  -5.3163831e-01  -4.6286172e-01  -4.1404192e-01  -1.9311730e-01   7.6659810e-02   3.4670672e-01  -1.2053786e-01  -4.2315280e-01   7.1303592e-01   5.4266850e-01   6.2506994e-01  -4.6565456e-02  -3.9315550e-01  -5.0993595e-01  -2.0342073e-01   5.3197735e-02   4.6542287e-01  -4.8178294e-01  -1.6699246e-01  -1.1910143e-01  -4.1605656e-01  -3.1877369e-01   7.2526412e-02   3.6380857e-01   3.8408706e-01  -3.1918657e-01  -1.8036040e-01   2.2071152e-01   4.2677795e-01  -2.5059578e-01  -2.0676487e-01   3.4478247e-01   6.2604101e-01  -1.8897153e-01   1.3553566e-01  -2.5036049e-01   1.8641472e-02   8.4083060e-02  -3.2341373e-01
  -5.2065967e-01   2.7091317e-01  -3.7388483e-01   1.3727595e-02   3.4806421e-01  -1.2478089e-01   4.2318911e-01  -3.0627391e-01  -2.5349211e-01   2.9512037e-01   0.0000000e+00   8.5425756e-02  -1.0903536e-01  -5.5220075e-01  -3.1347592e-01   2.2211096e-01  -3.2422708e-01   4.8779232e-01  -2.2788335e-01  -2.1067891e-02  -1.5119812e-01  -4.2118715e-01   1.5315160e-01  -3.6112499e-01  -5.4234478e-02  -4.0484282e-01   4.1720242e-01  -8.9533542e-02   5.1652085e-02   1.9250786e-01   2.0747062e-01  -5.7170764e-01   1.1785496e-01   2.0370895e-01  -3.9077811e-01   1.8873980e-01   2.6242566e-01  -4.4957995e-01   2.0959213e-01   2.4003961e-01   3.2399513e-01   1.7812186e-01   4.8323378e-01   5.0137561e-01   6.3174568e-01  -5.9038315e-01   3.0767704e-01   3.9319468e-01   4.1278599e-02   1.1859815e-01   2.0995701e-01  -4.6766662e-01   3.4558306e-01   2.1026514e-01  -4.8275580e-01   2.4021817e-01  -4.0642943e-01  -5.7231461e-01   1.5739960e-01  -5.1724058e-01  -2.0876011e-01   2.5315870e-01   4.5221544e-01   5.9099900e-01   3.5587328e-01   3.7985482e-01  -6.7302838e-02   1.0632756e-01   3.2314703e-01  -4.3272392e-02   4.0935319e-01   3.4171426e-01   7.6502295e-02  -6.1225564e-01   1.4609810e-01  -6.2299772e-01  -4.3143395e-01  -1.2594942e-01   3.3131767e-01   2.8540419e-01  -1.8823929e-01   3.8743866e-02   4.6358972e-01  -2.7776537e-01  -3.9045127e-01  -5.5857291e-01  -4.8063808e-01  -2.3196598e-01  -9.0485258e-02  -6.1340318e-01   2.8637830e-01  -4.0222952e-01   1.4573936e-01   1.1830631e-01  -5.1684055e-01   4.3059286e-01   1.6107694e-01  -2.3203445e-01  -5.5763982e-01   2.5881659e-02  -2.4948854e-02   3.4071800e-01  -3.2855735e-01  -4.9917213e-01  -4.2571445e-01  -5.5409038e-01   1.4746911e-01  -5.4893404e-02   3.0774370e-01   4.0058601e-01   4.1831134e-01  -3.5358771e-01  -1.7080672e-03  -6.0951567e-01   7.4740681e-02   2.0691711e-01  -3.2832371e-01   1.0954834e-01   1.2209039e-02  -4.6266276e-01  -4.9517845e-01   1.5948112e-01   3.1061118e-01   5.8737283e-02  -6.0217620e-01  -6.0581132e-01   1.0253261e-01   2.4611088e-01  -4.6616548e-01  -2.6037509e-01   3.3501707e-01   6.7514873e-01  -4.9725893e-01   2.5557715e-01   3.1287577e-01  -4.8688756e-01   5.3142189e-01  -4.2441647e-01  -6.2766913e-01  -4.1192671e-01  -4.0114755e-01  -4.4827960e-02   4.7620312e-01   1.8536387e-01  -1.9120892e-01  -3.1894583e-01   4.5116944e-01   4.3694867e-01   3.2550815e-01   2.4736216e-01  -5.8455980e-01  -3.5168005e-01  -1.6135620e-01   5.9652645e-01   1.9318097e-01  -2.6344211e-01  -1.8206317e-01   2.5343411e-01  -4.0229928e-01  -3.7754441e-01   4.7103385e-01   7.7234881e-01   5.9030759e-01  -3.4351816e-04  -4.7407621e-01  -1.2237480e-02   5.5257235e-01  -2.2210524e-01  -1.9209579e-01   8.3585090e-02   1.1278741e-01  -2.3224715e-01   5.4928367e-01  -3.5805407e-01   6.5138039e-05   5.0592641e-01  -4.9981771e-01
  -5.2610106e-01   6.7840861e-01   3.3923591e-01  -3.7002522e-01   5.1609282e-01  -1.0592590e-01   5.7382255e-01  -6.6671960e-01  -1.8325097e-01   4.9691106e-01   8.5425756e-02   0.0000000e+00  -2.8125485e-01  -5.2936752e-01   6.5352885e-03   1.5370038e-01   3.1659715e-01  -1.7347760e-01  -2.0641128e-02   4.5985426e-01  -3.7151092e-01  -3.6105634e-01   3.7803551e-01  -6.7652167e-01  -1.5967751e-01  -4.5722857e-01   3.1270088e-01  -1.0706161e-01   7.2449781e-02   6.5555197e-01  -1.5059354e-01  -3.2748339e-01  -1.9176622e-01   5.6742711e-01  -7.8525866e-02   4.7612529e-01   1.5454196e-01  -1.8109907e-01   1.5302203e-01   6.8429679e-01  -1.3068441e-01  -2.1949367e-01   4.6582069e-01   2.7520052e-02  -1.6900660e-02  -4.8636658e-01   3.5499877e-01   1.7574166e-01  -2.6990025e-01   5.0660396e-01  -1.6638602e-01  -5.3071958e-01   6.4147827e-01  -4.1904911e-01  -3.8672947e-01   1.2539083e-01  -3.7286076e-01  -3.6848399e-01  -1.5829689e-01   3.0076750e-01   1.1199414e-01   3.5837001e-01   3.6051899e-01   1.3319112e-01   4.3806454e-02   3.2925937e-01   9.2071361e-02   1.0272959e-01  -1.5114034e-01  -3.3884390e-01   5.3024695e-01  -4.4467804e-01  -1.3393896e-01  -3.9856720e-01   2.2237039e-02  -3.7810392e-01  -1.2520434e-01  -9.5738518e-02   4.7217513e-01  -1.6050519e-01  -2.3581415e-01  -1.3337355e-02   5.2101533e-01  -4.4624095e-01  -1.5135441e-01  -3.3267469e-01  -4.1950563e-01  -5.0448990e-01   5.1213960e-01  -5.1784940e-01   5.2733880e-01  -3.6307575e-02   5.5654975e-01   2.6747703e-01  -2.8169002e-01   5.2312649e-01  -1.1114184e-01  -1.7483455e-01   2.2163014e-01  -2.4043771e-01  -1.6991183e-01  -2.0113968e-01  -1.9296367e-01  -1.4510480e-01  -4.7372328e-01  -2.9313668e-01  -2.7987828e-01  -1.8659894e-01   1.1325679e-01   3.1866157e-01   6.2138709e-01  -6.2071226e-02  -3.5217098e-01  -4.4615803e-01   7.9055681e-03   3.4235530e-01  -2.6981970e-01  -1.7199083e-01  -2.1103485e-01  -1.3453794e-01  -4.4731200e-01   6.2789565e-01   4.7403108e-01   7.4852211e-02  -4.2082248e-01  -4.9124092e-01   2.9191282e-01  -1.5402794e-01  -4.2834797e-01   3.3961046e-02   1.6424476e-01   2.8835153e-01  -2.4763439e-01  -1.6412208e-01  -2.7322197e-01  -3.7777758e-01  -1.2397731e-01  -6.5712544e-01  -3.7715206e-01  -3.7550100e-01  -5.3926187e-01  -3.0613039e-01  -2.0162291e-01   1.7211017e-01  -1.1502627e-01  -3.3055228e-01   7.7342694e-01   4.8439469e-01   3.4091039e-01  -3.2945923e-01  -3.7853920e-01  -6.2900921e-01  -5.1120423e-01  -4.6702195e-02   7.2552663e-01  -6.8692393e-01  -3.9099973e-01  -1.4191240e-01  -1.7077227e-01  -9.8374663e-02  -1.6320283e-01   2.1400160e-01   1.9605186e-01  -4.5885046e-01  -1.8807304e-01   5.0415669e-01   5.4502825e-01  -4.3976363e-02  -4.9806115e-01   5.4666834e-01   5.7983559e-01  -2.1268543e-01  -1.8567325e-01  -4.2629176e-01   1.8224468e-01  -1.1864369e-01  -3.3020160e-01
   4.3336974e-01  -8.6349805e-02  -2.9974343e-01   2.7539885e-01   5.5237918e-02  -1.6063105e-01  -4.1818745e-01   2.7128859e-01   1.1767757e-01  -3.5512330e-01  -1.0903536e-01  -2.8125485e-01   0.0000000e+00   2.8923832e-01  -2.7697683e-01   1.7424782e-01  -6.5140626e-02   2.0553187e-01  -2.9309758e-02   1.0576138e-01  -6.7731518e-02   3.6237550e-02  -5.1090581e-01   2.8239073e-01  -7.0170652e-02   3.9103191e-01  -5.1057359e-01   5.9758503e-02   1.0088543e-01  -2.2221677e-01  -3.6087610e-01   1.7956653e-01   2.8971041e-01  -4.7787775e-01   2.2541730e-01  -1.4649930e-01  -5.1486628e-01   2.5078229e-01   2.8745147e-01  -2.9302019e-01   3.7663553e-01   4.0744148e-01  -3.8455510e-02   5.1409149e-02   1.1195422e-01   1.7860045e-01  -2.8844317e-01  -3.4817796e-01   9.4297018e-03  -4.5216392e-02   4.4971884e-02   3.1678365e-01  -3.0475786e-01   1.5554735e-01   1.5736739e-01  -1.8071728e-01   3.3746365e-01   2.7195852e-02   1.5307373e-01   4.1287345e-02  -1.0038810e-01   2.8324222e-02  -5.4139512e-02  -2.1471117e-01   2.9933390e-01  -1.7205362e-01  -2.9921079e-01  -2.8067632e-01  -2.6100555e-01  -3.2612132e-02  -2.6173219e-01   3.3308999e-01   3.9399000e-01   2.2026861e-01  -1.4007588e-02   2.3409909e-02   9.1737523e-02   4.7937105e-01  -8.2578711e-02   1.0673199e-02  -7.6357065e-02   2.6779765e-01  -2.0077368e-01   3.5810338e-01  -3.9820624e-02   1.1697417e-01   1.1544073e-01   2.8851156e-01   9.1333776e-03   2.4233960e-01  -1.4011301e-01  -1.3997239e-01  -4.0018171e-01   4.2236749e-02   1.4139862e-01  -1.4887323e-01  -1.5502467e-01   3.9726071e-02   4.5256333e-02   1.1654803e-01  -2.5255527e-01  -9.6488797e-02  -2.3950240e-01   3.1110402e-02   2.0725951e-01   1.0279488e-01   2.3278905e-01  -1.3322502e-01  -4.4560184e-02  -3.2117751e-01  -3.6154213e-01  -1.7818507e-01   2.5884702e-01   1.9834849e-01  -1.3955006e-01  -1.5359050e-02   2.8887296e-01   4.3048184e-01   2.0629733e-01   2.5740637e-01  -3.5684634e-02  -8.2980529e-02  -1.7657224e-01   6.0420516e-02   1.5594028e-01   3.3806046e-01  -1.7722104e-01  -6.3635233e-02   9.9926302e-02  -2.0079366e-01   2.9629533e-01  -2.4017854e-01   1.9093277e-01  -9.9014261e-02  -1.1340130e-01  -3.6541805e-03   1.0173325e-01   2.3520484e-01   1.9000737e-01   1.6109460e-01   5.3976492e-02   5.3609787e-01   9.8126109e-02  -1.1435075e-02  -6.8385284e-02   1.2893833e-01  -4.2433184e-01  -1.6819677e-01  -2.2448024e-01  -5.9858792e-02  -2.7355431e-02   1.2872853e-01   1.1519878e-01   6.3206297e-02  -2.8557392e-01   3.4388113e-01  -9.9084311e-02   3.6168416e-01   1.4108707e-01  -3.3659261e-02   4.5959322e-02  -1.2065857e-01  -6.1410557e-02   2.6224636e-01  -2.4793667e-02   1.7986975e-02  -2.2198138e-01   2.3877896e-01   1.6612217e-01  -1.4429573e-01  -2.8935293e-01   2.8410007e-01  -5.7416889e-02   1.3726088e-01  -3.9550224e-02  -1.8395887e-01   6.9954871e-02
   8.5131029e-01  -5.9295912e-01  -1.2314745e-01   3.2261813e-01  -5.7400882e-01   1.9413301e-01  -6.5379014e-01   6.4795468e-01   1.8975245e-01  -6.1104493e-01  -5.5220075e-01  -5.2936752e-01   2.8923832e-01   0.0000000e+00   1.3593114e-01  -2.1012549e-01  -1.5788732e-01  -2.0827529e-01   3.2139738e-01  -1.9314208e-01   2.5742253e-01   4.3790152e-01  -2.9233214e-01   8.6926760e-01   5.3504520e-02   7.0287232e-01  -6.2819448e-01   3.1550097e-01  -4.7773177e-02  -5.8736209e-01  -8.6572215e-02   7.0316573e-01   4.5754021e-02  -5.0708258e-01   3.7717034e-01  -4.5416229e-01  -2.7699759e-01   4.8081137e-01  -3.2441399e-01  -6.6632518e-01  -1.9445208e-01   6.3998703e-02  -4.4889611e-01  -2.1264339e-01  -3.7075518e-01   7.7809384e-01  -4.9968487e-01  -5.3068146e-01   1.7584890e-01  -4.0595244e-01   1.0855102e-02   7.0183577e-01  -6.8056447e-01   1.5524420e-01   6.3103119e-01  -7.6494395e-02   6.4809345e-01   6.2467896e-01   1.4989999e-02   2.1101207e-01  -4.1245306e-02  -3.4418138e-01  -5.6968725e-01  -5.8200908e-01  -1.4568357e-01  -5.3766340e-01  -4.5779035e-02  -4.1834016e-01  -1.7617700e-01   3.1619063e-01  -7.9461524e-01   1.4485302e-01   4.9116932e-02   8.2115006e-01  -2.5032789e-01   6.8297012e-01   4.6199526e-01   3.0728029e-01  -4.7173152e-01  -1.9875685e-01   4.4731207e-01  -3.7516105e-02  -5.7385667e-01   5.5561999e-01   4.7035539e-01   7.4003090e-01   7.1315882e-01   6.7922465e-01  -3.5910195e-01   7.6833042e-01  -5.9976056e-01   3.2616777e-01  -3.2690890e-01  -2.7441876e-01   5.2346216e-01  -6.6160951e-01  -2.0127253e-01   3.5087272e-01   1.3856212e-01   2.6753785e-01   5.4912617e-02  -2.5600664e-01   3.2542058e-01   4.8703423e-01   6.6589241e-01   6.7641615e-01  -9.3163212e-03   2.5027550e-01  -1.6293210e-01  -5.5683485e-01  -5.9713233e-01   2.4913107e-01   2.1259124e-01   6.6620482e-01   1.4264023e-01  -3.0255133e-01   4.2083168e-01   6.0922578e-02   3.0326437e-01   4.9302944e-01   6.1471255e-01  -5.8170965e-01  -5.9599058e-01  -4.1146292e-02   6.8761148e-01   9.5419307e-01  -1.0650411e-01  -2.5813163e-01   6.2604966e-01   8.4171126e-02  -4.1781792e-01  -4.8751999e-01   7.2543953e-01  -1.6218535e-01   3.9431623e-02   6.0996696e-01  -2.9947437e-01   7.1890813e-01   7.3263709e-01   5.2928559e-01   7.2037699e-01   2.3743659e-01  -1.6483726e-01  -1.1813005e-01   3.7572755e-01   5.1855791e-01  -7.7062631e-01  -7.3837758e-01  -4.8407729e-01   9.7357607e-02   6.7989994e-01   6.5319733e-01   4.0635893e-01  -3.2395353e-01  -6.5011768e-01   7.1086237e-01   4.3608509e-01  -1.4527106e-01   4.3786882e-01   5.1043803e-01  -2.0963864e-01  -6.7605821e-01  -6.2779940e-01   4.4670283e-01   3.6991795e-01  -2.3783261e-01  -5.5666937e-01   2.8998868e-01   5.1204961e-01  -3.2125407e-01  -5.1237074e-01   2.2405828e-01  -3.8833142e-01   5.8719853e-01  -5.1539262e-02  -3.2570324e-01   5.8173942e-01
