   0.0000000e+00   1.6986393e-02  -3.7622569e-01  -5.7713496e-02  -1.3799436e-01  -1.8158022e-01  -6.0123024e-01   2.8788996e-02   4.7126976e-02  -2.0684694e-01   3.2726234e-02  -2.4346446e-01  -1.5476167e-01   2.8856543e-01  -1.0353415e-01  -6.0472899e-02  -3.8365688e-01  -9.5330413e-02  -7.3493449e-02  -2.0096246e-01  -1.5581827e-02  -5.8475234e-02  -4.0567754e-01   6.6560094e-01   6.8652548e-03  -6.4180281e-02  -4.4254621e-01   2.8273477e-01  -1.0667080e-01  -5.7590160e-02  -1.1726118e-02   5.5706294e-02  -3.5908127e-02  -4.9032835e-01   3.8256153e-02  -3.6032919e-01  -2.9027115e-02  -5.2080549e-03   4.0914643e-03  -5.0057322e-01  -1.9178616e-01  -2.7701945e-03  -1.2157678e-01  -9.2865982e-04  -4.0861958e-02   4.1735102e-01  -2.5122937e-01  -2.3435288e-01   1.3228096e-01  -4.5841594e-01  -9.7553324e-02   3.7642052e-01  -5.9804290e-02  -8.6090962e-02   2.5496595e-01  -3.4022935e-01  -8.1110521e-02   9.9835842e-03   1.9948813e-01  -1.0752888e-02   3.1193776e-01   9.9129833e-02   5.7202330e-02   1.4267902e-01   2.0483181e-01  -2.0607285e-01  -4.3182801e-01  -4.4734111e-02   1.7921811e-01   1.0081437e-01  -4.1643869e-01   1.0075837e-01  -6.6148160e-02   4.5621892e-01   1.4179200e-01  -1.4733473e-01   2.3056446e-01  -1.6287491e-01  -1.3038104e-01   1.4256531e-01  -2.3073805e-01  -1.1273743e-01  -6.3804710e-02  -6.9213518e-02   3.7143791e-01   1.0062776e-01   1.7765424e-01   2.6355777e-01  -1.9908318e-01   7.7053296e-01   1.2541863e-01   1.5573645e-01  -2.7424045e-01   4.3188751e-02   1.5465714e-01  -1.8236903e-01   1.4800288e-02  -3.9906581e-02   1.6132077e-01  -3.3894208e-01   1.4962558e-01  -3.2548302e-01  -8.3652873e-02   1.1049732e-01  -6.3902322e-02  -1.6757493e-01   4.5815762e-02   2.3095076e-01  -2.2951563e-01  -1.2142977e-01  -4.0232070e-01  -1.0515455e-02   2.5679330e-01   7.4917129e-01  -3.4252704e-02  -2.1395499e-02  -3.4174938e-01  -2.1133201e-01  -1.5587374e-01  -1.0651165e-02   6.1755792e-01  -7.3080216e-03   1.2770420e-01  -6.3862575e-02   3.5703155e-01   4.5052561e-01   5.7246666e-02   7.8661687e-02  -2.1240775e-02  -2.1648997e-01  -9.6753535e-02  -3.3245479e-01   2.7769297e-01  -1.2542710e-01  -3.8967853e-02   2.8233655e-01   1.9538569e-02  -1.9565865e-01   3.1368073e-03   2.9310634e-01   6.6809303e-01  -5.4774976e-02  -1.0966264e-01  -1.9902055e-01  -2.3032705e-01  -7.4897595e-02  -5.4860654e-01  -2.8350899e-01  -3.0634610e-01   1.3735171e-01   7.4386430e-01  -1.8025630e-01   3.4476540e-01   2.1805758e-01  -4.1518714e-01   2.3161340e-01   4.5225734e-01   5.3429383e-02   5.4586888e-02  -2.1236308e-01   3.6517404e-02  -8.8558146e-02  -1.3088392e-01   1.4620724e-01  -1.4843245e-01  -4.5160052e-02   4.3267436e-03  -1.1415164e-01   4.1957252e-01  -1.4733681e-01  -4.5617690e-02   1.5302231e-01   2.9469242e-01  -9.7868052e-02   7.2505776e-03  -2.5592740e-03  -2.3323001e-01
   1.6986393e-02   0.0000000e+00   4.7516964e-01   1.3946830e-01   1.0208289e-01   1.3395015e-01   9.1766017e-02  -1.1460520e-01   4.1130160e-02  -7.4205740e-02  -2.8117250e-01   7.0833780e-01  -2.3692491e-01  -6.3068929e-02  -1.5607140e-01   3.0593029e-01   3.3775502e-01  -2.3602555e-02   2.4787106e-01   5.1936927e-02  -3.1511784e-01   3.7199457e-02  -3.1309648e-01  -2.3274013e-01   3.9683707e-01   2.1789864e-01  -5.2456850e-03  -7.7455622e-02   3.5217679e-01   3.0709253e-01   3.3708122e-02  -6.8575496e-02   2.8550477e-01   1.4482759e-01  -3.0845363e-01   4.3423379e-02  -1.6037188e-01   9.7529976e-02  -6.5495641e-02   6.4206657e-02  -2.0026328e-01   3.1113138e-01   1.3171939e-01  -2.5682550e-02  -6.3344098e-03   8.8113846e-02  -1.7414310e-01   3.2453721e-01  -1.4191682e-01   3.2295281e-01  -2.8340707e-02  -7.3867836e-02   3.4472954e-01   2.8012060e-01  -2.0645512e-01   1.7595926e-01   1.4172775e-02   9.6678418e-02   1.7614819e-01   7.4135546e-03   4.5931654e-01  -1.8371231e-01   4.0945737e-01  -8.8963240e-02  -1.6133462e-01  -1.9130924e-01   1.6062635e-01   1.1478332e-01  -1.2565100e-01   4.2756041e-02   3.8848299e-01  -1.2354462e-01   4.5160473e-02   1.0595489e-01   7.8061924e-02   1.5445384e-01   3.5483647e-01  -9.3547147e-03   3.2464353e-01   3.9140165e-01  -7.4690424e-02   1.8006551e-01   1.1139513e-01  -5.4101954e-02   1.5429583e-01  -1.9971767e-01  -1.2783705e-01  -2.6151491e-01   6.7234087e-02   4.2565312e-02  -5.9025429e-02   4.5365806e-01   3.2766248e-01   2.3260653e-02   1.9239994e-01   3.9797350e-01   1.3836279e-01   8.6742473e-02   4.7085534e-01  -4.9074239e-01  -6.3919636e-03  -8.0965284e-02  -1.8056604e-01   3.1224070e-01  -3.9751539e-01  -1.6732692e-02   1.6266800e-01  -9.4160581e-02  -8.2569421e-02  -2.3673833e-01   4.3656894e-01  -2.8759511e-01   8.7516113e-02   4.8315834e-02   2.0604881e-02   4.3192406e-01   1.4848223e-01   8.4701661e-02  -6.5907986e-02  -2.8400166e-03  -1.1835982e-01   1.4061598e-01   2.9199791e-01   5.6012827e-02   1.2299228e-02   6.2891353e-02  -2.1892779e-01   7.9165112e-02  -1.5727136e-01   5.7389327e-02  -2.2372358e-02   1.9888041e-01   2.1675432e-01  -1.3454295e-01   2.2563485e-02  -5.9983792e-02   4.7632002e-01  -8.9354234e-02  -1.7554236e-01  -2.5511206e-01   2.8275557e-02  -2.3511830e-01  -1.0857373e-01  -1.4205637e-02   2.4378325e-02  -5.3835870e-02   1.7669726e-01  -2.0275107e-01  -4.0870080e-01  -2.2272317e-01   1.5578202e-01  -1.4207250e-01   9.6146334e-02   3.4708639e-03   5.2450246e-01  -3.5989377e-01   9.2364508e-03   1.1398192e-01   1.2549092e-01  -6.9166620e-02  -8.9090028e-02  -1.3634551e-01  -2.0626839e-01  -2.5183535e-01   3.9951878e-02   2.7819431e-01   2.2318994e-01  -7.9135994e-02   1.6281683e-01   2.9150797e-01   2.3147261e-02  -3.6992476e-01  -3.3058906e-01   4.4450405e-02   2.9150127e-01   8.5704292e-02   2.5965212e-01
  -3.7622569e-01   4.7516964e-01   0.0000000e+00   1.1808119e-01   6.1454105e-01   1.8103913e-01   4.0097165e-01  -5.3624192e-01   1.8491005e-01   2.9514329e-01  -4.4317180e-01   6.9371290e-01   1.3630775e-01  -1.9220294e-01  -7.9731782e-02   1.8453431e-01   9.1087470e-01   2.5821550e-01  -1.6640141e-01   5.8106003e-01  -1.0474317e-01   5.8647874e-02   2.5287868e-01  -3.1394499e-01   2.8525743e-01  -1.6496446e-01   3.7075954e-01  -1.7741273e-01   1.7942085e-01  -1.9122578e-02  -3.5457677e-01   1.3883961e-01   1.6773152e-01   2.9880523e-01  -7.9662588e-03   4.8233207e-01  -1.0147849e-01  -1.0660885e-01  -6.9257710e-02   7.5260189e-01   1.2006562e-01   1.6432448e-01   3.0996528e-01  -3.3522497e-01  -8.2439761e-02   1.7867700e-01   1.6413510e-01   2.5777083e-02  -5.4924641e-02   7.7561912e-01   3.3708822e-01  -3.6151516e-01  -2.7383308e-02   3.0574998e-01  -3.8676272e-02   1.0200815e-01  -6.6662045e-02   1.1369237e-01  -7.8472858e-02   4.1514632e-01   2.1885753e-01   6.8342999e-02   5.2913286e-01  -4.9775138e-01  -5.4745548e-01   2.2319560e-01   2.8196044e-01   2.5339485e-01  -3.7136068e-01   4.6751656e-01   3.9917426e-01   5.1961838e-02   3.4563102e-01   4.9669926e-02   2.0194007e-02   5.8381126e-02   1.5557172e-01  -5.7229599e-02   4.6951934e-01   5.7504991e-02  -1.0412452e-01   8.2142256e-02  -1.7175696e-01  -2.1848242e-01   2.4426860e-01  -3.1429717e-01  -2.2349134e-01   1.2026434e-02   2.3507241e-01  -2.1533245e-01   2.0534334e-01   3.3222218e-01   2.9703388e-01  -5.2353762e-02  -4.4438370e-02   5.9189889e-01   4.6858179e-01  -2.0727447e-01   2.5469349e-01   7.9477218e-02   2.3814738e-01   8.6999955e-02  -2.2957399e-01   8.4576218e-02  -7.9878221e-02   3.6958559e-02   3.3475495e-01  -3.6389644e-01  -5.6846361e-02   9.1351183e-02   3.5912695e-01  -2.8116015e-02   8.6617556e-02  -1.2273427e-01  -4.9963055e-02   1.1463153e-01   4.8263031e-02   4.2601294e-01  -1.4019539e-02   1.4910090e-01  -2.2459486e-01   4.4380535e-01   2.8607498e-01   7.4972274e-02  -1.3315030e-02  -2.4488094e-02  -1.6757382e-02   2.2249662e-01   1.2708230e-01   6.0196278e-01  -8.2122271e-03   2.5941532e-02   4.8241671e-02  -7.1976361e-02   2.2088404e-01  -3.1112072e-01   3.3218965e-01  -1.3697014e-01  -2.7005737e-01  -2.5188257e-02  -2.0815980e-01  -3.4508458e-03  -1.2630383e-01   1.8839400e-01   5.0022587e-03  -1.9714379e-01   5.5827761e-01   4.0590838e-02   2.7020615e-01  -2.3997765e-01  -9.8493495e-03  -2.6362341e-01   6.2777318e-03  -5.1102310e-01   7.4827708e-01  -7.9779461e-02  -2.3265553e-01   7.7421427e-02   2.6031381e-01  -4.3200388e-02   2.0203100e-01  -3.7658067e-01   1.2312347e-01  -3.2143922e-01  -5.2394603e-03  -3.2963568e-02  -2.3111102e-01  -2.1651919e-01   1.6766823e-02   1.0197443e-01   1.1428856e-01  -2.8084777e-01  -1.9010049e-01   1.5980696e-01   1.2663177e-01   1.1051375e-01   3.0827281e-01
  -5.7713496e-02   1.3946830e-01   1.1808119e-01   0.0000000e+00  -8.6447792e-02   4.5214662e-01  -7.9660312e-02   5.7634851e-02   4.6800087e-03  -2.2302327e-01   1.4927109e-01   1.1036414e-01  -2.9431372e-01   4.9255502e-01   5.6582986e-02   1.8794187e-02   2.3652849e-01   4.2986334e-01   3.8516086e-01  -1.5259462e-01   1.8065866e-01   5.4373936e-01   5.9932855e-02  -2.0592191e-01   5.0183318e-01   3.0528511e-01   2.9815359e-01   2.8827715e-01   3.3996504e-01   3.2856081e-01   1.7999692e-01   6.2482050e-01   2.6101055e-01  -2.9338205e-01   3.5804957e-01  -1.2517437e-01  -1.9517506e-01  -1.2853684e-01  -2.8859754e-01  -8.9270595e-02  -2.3353928e-01   4.1691449e-01   1.1426616e-01   3.1471280e-01   3.0201496e-01  -3.9713263e-01   7.9568710e-02  -6.0508843e-02   8.2070422e-02  -1.7370425e-02   2.6931295e-01   6.0924525e-02  -1.9671996e-01   2.2598741e-01   3.1212902e-02   2.6683240e-01   2.8618441e-01   6.1011248e-01   6.6263933e-01   2.0570546e-01   2.7663017e-01  -5.1277509e-02  -1.9776816e-01  -2.7266145e-01   2.1330438e-01  -4.1414315e-01   3.6675993e-01   5.2852099e-02   1.7299326e-01  -3.0456147e-01  -9.7239432e-02   4.0962156e-01  -1.3026045e-01   3.7571262e-01   2.8059250e-01   1.9197563e-01   8.4655094e-03   1.9117564e-01  -7.3697682e-02   5.8470500e-01   2.8920658e-01  -2.6481159e-02   9.1340516e-02   3.8687293e-01   2.4772928e-02   8.5662425e-02   1.1028393e-01   1.0631053e-01   2.4326219e-01  -9.9726503e-02  -2.9532881e-01   2.4810479e-01  -1.1051232e-01   2.7404704e-01  -1.0904838e-01  -1.0811249e-02  -1.0947455e-01   2.1574100e-01   1.0629790e-02   2.2518411e-01  -1.2740193e-03   1.5094498e-01   4.0093589e-01   3.6380457e-01   3.0153656e-01   6.0509597e-01   2.6865039e-01   3.4233250e-01   2.8388686e-01  -1.7289681e-01   1.6438966e-03   3.5215310e-01   3.2845537e-01  -2.3619982e-01   1.3659737e-01  -2.4081589e-01   1.4741253e-01   1.3549607e-02   3.2044658e-01   7.6803851e-01   1.9508958e-01  -3.0323325e-01   1.8717460e-01   2.0732909e-02  -2.0122061e-01   4.4933206e-01   2.7066505e-01   2.7368832e-01   1.4853789e-01  -1.7731661e-01  -6.2483237e-01   1.6189831e-01   5.0280745e-01  -8.7496842e-02   4.6582044e-01  -4.6511629e-03   3.4562219e-01   1.5083562e-01   1.3732123e-02  -8.7684662e-02   7.0121292e-02  -4.6184419e-01   8.7626629e-02   1.1085430e-01   1.3675698e-01   4.8629098e-01  -2.5988643e-01  -2.8919992e-01  -2.1996317e-01   1.6977263e-01  -4.5575713e-02   1.4541758e-01   2.5362190e-01  -5.6451314e-02  -5.7704550e-03  -2.8190648e-01   1.5643290e-01   5.9256796e-01   2.2447289e-01   3.0396406e-01  -2.6109324e-01  -6.6826945e-03  -3.7969058e-01   4.9291839e-01   6.1640833e-01   1.7934458e-01   2.3358643e-01   3.3150346e-01   2.4488599e-01  -1.9355677e-01  -3.3904401e-01  -5.3009030e-01   1.0102617e-02   3.8341422e-01   3.2976907e-01   3.3174824e-02   6.8530145e-01
  -1.3799436e-01   1.0208289e-01   6.1454105e-01  -8.6447792e-02   0.0000000e+00  -1.9265297e-01   3.9015315e-01  -6.4510046e-01   2.1986602e-01   2.6263390e-01  -5.4159295e-01   5.1782173e-01   3.5369715e-01  -2.8908143e-01  -2.7064568e-01  -1.8013798e-01   5.4467599e-01  -4.2020927e-02  -3.2910414e-01   8.4434353e-01  -6.2717658e-02  -2.5698179e-01   3.0375402e-01  -2.0229907e-01   2.0979083e-02  -4.5872077e-01   1.2525898e-01  -4.3828794e-01  -1.3588079e-01  -2.3454610e-01  -5.5668626e-01  -1.0275787e-01  -2.6468486e-01   2.5539192e-01  -9.0705107e-02   7.4161492e-01   1.9146282e-01   1.1399630e-01  -1.3521921e-01   5.9119416e-01   4.6517546e-01  -2.0771357e-01   1.1808472e-01  -6.6657870e-01  -1.6826752e-02   3.1281032e-01   9.7875712e-02   2.1585875e-02   1.8077842e-01   5.6977178e-01   4.6965015e-02  -4.9244836e-01   1.3870423e-01   7.6737657e-02   3.6029332e-02  -2.8274149e-01  -2.5617831e-01  -1.0277601e-01  -2.3441458e-01   8.3486996e-02   6.8526761e-02   3.4935552e-01   4.9407939e-01  -3.3762441e-01  -4.0522186e-01   5.6395095e-01  -8.3762229e-02   9.8804148e-02  -3.6552412e-01   4.8949803e-01   3.8971110e-01   9.2350800e-02   4.4138603e-01  -1.7799339e-01  -2.6651147e-02  -1.3412511e-01   7.4668114e-02  -3.6359103e-01   6.0418110e-01  -1.3896837e-01  -4.4073187e-01   3.4524304e-02  -1.0635382e-01  -5.8972335e-01   1.1759841e-01  -4.1265631e-01  -1.6452381e-01   6.5556016e-02   3.9079060e-02   7.2080079e-03   6.6904426e-01   1.7309355e-03   3.1087026e-01  -1.2059668e-01   9.6937634e-02   7.1076797e-01   6.1375190e-01  -4.4024602e-01   3.3874995e-01   4.5990317e-02   1.2597646e-01  -2.3080815e-01  -4.0613869e-01  -2.8731747e-01  -1.3361993e-01  -2.1503231e-01   1.6784434e-01  -4.7355024e-01  -1.1180762e-01   9.6848858e-02   1.5128255e-01  -2.0642501e-01   5.9411327e-02   2.2375258e-01  -4.4858511e-01   2.7129039e-01  -3.3489832e-01   1.9821164e-01  -3.2191312e-01  -6.9913466e-02  -7.8347280e-02   6.9046858e-01   1.3787317e-01  -2.1103318e-01   1.3532067e-01  -1.9833074e-01  -9.8679030e-02   2.2897131e-01   1.6600404e-01   4.7902198e-01   1.2366568e-01  -5.9534929e-02  -2.8913264e-01   1.5268508e-01   2.8779018e-01  -3.8246706e-01   1.5754685e-01  -3.5624357e-01  -3.4053765e-01   1.2091058e-01  -1.6180030e-01   2.1711035e-01  -1.9134364e-01  -6.7722437e-02  -1.7186255e-01  -4.0520402e-01   3.8778507e-01   3.5002650e-01   3.3861068e-01   1.4879045e-02  -6.7862504e-03  -2.4079821e-01  -1.8667189e-01  -2.7920302e-01   4.6759447e-01   8.0626672e-02  -1.0434454e-01  -8.4351920e-03   1.5697860e-01  -3.2976393e-01   2.2940846e-01  -4.0069361e-01   4.9536048e-01  -4.8477998e-01  -8.7169285e-02   7.0254090e-02  -1.0031748e-01  -5.6983586e-01  -1.1449283e-01   2.7104145e-01   5.4976601e-01   3.7516007e-02   1.5332211e-02  -2.5578717e-01  -2.4286588e-02   2.4910391e-01  -8.9207704e-02
  -1.8158022e-01   1.3395015e-01   1.8103913e-01   4.5214662e-01  -1.9265297e-01   0.0000000e+00  -7.2920985e-02   2.6756094e-01  -3.0446608e-01  -7.8273430e-02   3.8318596e-01  -1.2167989e-01  -2.5365198e-01   4.5105587e-01   1.1507879e-01   1.2186861e-01   2.1922901e-01   6.7378473e-01   5.2448562e-01  -3.6686920e-02   1.6222209e-01   6.1900361e-01   1.2529083e-01  -2.7310607e-01   3.0953272e-01   5.3451545e-01   3.9461417e-01   5.0589196e-01   3.8171567e-01   3.0065232e-01  -5.2513746e-02   4.5636126e-01   4.8442351e-01   2.2617003e-02   4.3783413e-01  -1.0044426e-01  -2.0153589e-01  -5.3669896e-01  -1.5643609e-01  -6.4136525e-03  -3.9421693e-01   6.6389534e-01   5.3908734e-02   4.9426565e-01  -2.1778307e-02  -4.3603123e-01   3.1361471e-01  -1.7539506e-01  -2.0539173e-01  -1.4538992e-01   5.6311451e-01   4.0848196e-01  -3.7592100e-01   2.3382226e-01  -2.4028005e-01   6.1677305e-01   4.5498504e-01   3.8111483e-01   2.3060639e-01   2.0363798e-01  -4.9960213e-02  -8.7622968e-02  -3.6233626e-01  -3.6667906e-01  -2.2875523e-01  -4.4324219e-01   7.5455037e-01  -1.8293069e-02   3.9876729e-01   7.5853998e-02  -2.6619922e-01   3.9396277e-01  -3.0019028e-01   5.0561034e-01  -3.1389698e-02  -5.5867837e-03  -2.4180974e-01   1.7851467e-01  -3.0466335e-01   3.4384143e-01   5.8337551e-01  -1.5820849e-01  -3.4939686e-01   6.5559025e-01   1.4067222e-01   1.6518758e-01  -1.4944848e-01  -1.8019938e-01   2.8747905e-01  -2.9649770e-01  -5.6586651e-01   2.0756713e-01  -1.7521402e-01   2.0879980e-02  -4.2254291e-01  -7.7422420e-02  -1.2362546e-01   5.1685416e-01  -1.7171225e-01   2.9573168e-01   8.4895170e-02   2.2691781e-01   5.2270359e-01   3.4258313e-01   4.4069634e-01   4.3878671e-01   1.4673046e-01   4.7289097e-01   2.2125249e-01   3.4655941e-01   8.0569034e-02   4.8690290e-01   2.6170761e-01  -3.9893413e-01   6.4858932e-01  -3.4397979e-01   2.1738391e-01   8.5429503e-02   6.6747699e-01   4.5113222e-01  -1.6304015e-01  -3.2868406e-01   1.9126449e-02  -1.2079213e-01  -5.6298268e-01   4.8056870e-01   2.4762076e-01   1.1453996e-01   6.7966087e-02   2.4666640e-01  -4.7973126e-01   1.0703753e-01   6.2030620e-01  -2.6972620e-01  -1.9104083e-02   2.2762172e-01   1.1076075e-01   4.7770429e-01   2.0337165e-01  -2.8309048e-01  -9.5947784e-02  -3.2933350e-01   3.6819819e-01   7.0371038e-01   1.7642254e-01   9.7986539e-02   6.6777364e-02  -3.5964175e-01   2.4599903e-02  -2.6090882e-01  -4.0049940e-02   3.7061916e-01   3.4114720e-01  -1.9179809e-01   1.9980377e-01  -4.9312357e-01  -1.1855942e-01   1.4199033e-02  -3.1495791e-02   7.5574864e-01  -2.0154481e-01   1.0081554e-01  -3.8036799e-01   5.8400447e-01   1.7137441e-01  -1.6613374e-01   4.7752214e-02   5.9174109e-01   1.2878360e-01  -3.6181985e-01  -5.1738444e-01  -5.8157651e-01   4.6332875e-02   8.0615735e-01   1.5305849e-01  -1.7623419e-01   4.3155084e-01
  -6.0123024e-01   9.1766017e-02   4.0097165e-01  -7.9660312e-02   3.9015315e-01  -7.2920985e-02   0.0000000e+00  -3.4068008e-01   1.3351177e-01   5.5535882e-01  -2.6786121e-01   3.6306315e-01   2.0414126e-01  -4.4470078e-01   3.4926251e-03  -2.8745387e-02   2.2403707e-01  -1.7561142e-01  -9.7790581e-02   3.6773020e-01  -1.8615255e-01  -1.8278971e-01   4.9366824e-01  -5.5215984e-01  -1.0776914e-01  -1.2375197e-01   3.6993522e-01  -3.0114534e-01   9.3391127e-02   1.3056131e-01   8.1001713e-02  -2.1817848e-01  -1.2107861e-01   7.4020059e-01  -1.5655270e-01   5.4704610e-01  -1.4979917e-01  -4.4979852e-02  -1.6411550e-01   6.5113965e-01   1.2920459e-01  -1.2382004e-01   4.1733131e-02  -2.8819264e-01   1.1881847e-01  -8.6539889e-02   1.4207168e-01   5.1022189e-01  -2.6083000e-01   3.1437938e-01   1.2541424e-03  -5.6184907e-01   3.4676370e-01  -1.4792528e-01  -2.3750287e-01   2.1532206e-01   1.0277549e-03  -1.9103911e-01  -3.5811872e-01  -2.2543887e-01  -3.3743839e-01   3.2872145e-03   1.4850896e-01  -2.4165037e-02  -2.8689757e-01   5.9763263e-01   8.8607712e-02  -8.7256278e-02  -2.9562423e-01   2.5332976e-01   6.1768417e-01  -5.2200983e-02   2.8498704e-01  -3.7168625e-01  -1.7406287e-01   9.1892757e-02  -2.5352019e-01  -2.8745794e-01   4.4320739e-01  -2.4937143e-01   6.3428081e-02   1.9147760e-01   5.1936948e-02  -1.3775758e-01  -3.1818510e-01  -1.6954221e-01  -1.2436747e-01  -3.3655353e-01   1.3338237e-01  -3.9862778e-01   1.3787128e-01  -3.2420994e-01   1.6856519e-01  -1.7366224e-01  -1.1467885e-01   4.2317815e-01   2.1364086e-01  -2.0782734e-01  -5.6012291e-02   3.9358905e-01  -1.7821660e-01   1.4726024e-01  -1.5988041e-01  -3.1353879e-01  -6.9357124e-02  -2.1438829e-01  -1.9608788e-01  -4.4244371e-01   3.1369359e-01  -7.6883213e-02   5.6183069e-01  -1.2630969e-01  -2.9393582e-01  -2.7853094e-01  -1.9262502e-01   2.5937286e-01  -4.0154131e-04   1.4920687e-01  -1.2696482e-01  -1.0785702e-01  -5.3016859e-01   2.8744357e-01  -7.9480176e-02  -5.1946848e-02  -2.1503508e-01  -4.8807034e-01  -2.5579580e-01  -7.3211390e-02  -6.2610282e-02   3.0595213e-01   9.1168845e-02   4.4981001e-01  -4.3091613e-01   4.9901186e-02  -1.5566184e-02  -3.0140154e-01  -1.3246333e-01   1.0854766e-01  -1.9666666e-01  -3.1132827e-01  -5.1530101e-01  -5.4750994e-02  -2.2998441e-01   1.6882165e-01   3.3218148e-01  -2.2447921e-01   7.6601867e-01   3.2392485e-01   3.8472374e-01  -1.2436683e-01  -4.8361336e-01  -4.4340836e-02  -4.3638150e-01  -1.5048739e-01   4.1608096e-01  -2.3332447e-01  -4.1513351e-01  -1.0928393e-01  -2.7904039e-01   3.4623947e-02   1.5646167e-01  -2.4336753e-01   4.3307541e-01  -4.4683731e-01  -6.6443812e-02   1.3029163e-01   1.1933163e-01  -8.7795811e-02  -4.4587319e-01   1.2983315e-01   2.9388288e-01  -1.0856171e-01  -3.3560656e-01  -1.0068110e-01  -1.2834128e-02  -3.5713925e-02  -1.6459915e-02
   2.8788996e-02  -1.1460520e-01  -5.3624192e-01   5.7634851e-02  -6.4510046e-01   2.6756094e-01  -3.4068008e-01   0.0000000e+00  -1.3541367e-01  -4.5833980e-01   5.9999207e-01  -3.7602406e-01  -3.4765685e-01   2.7612716e-01   2.4887409e-01   3.1725500e-02  -5.0936812e-01   5.0422052e-02   3.2185023e-01  -5.9641727e-01  -1.3839278e-01   1.0261883e-01  -4.9619463e-01  -2.2251005e-02  -3.5662936e-02   4.5380307e-01  -6.2921636e-02   1.6471981e-01   8.6013528e-02   3.0194624e-01   2.6698242e-01  -8.2299111e-03   1.3814377e-01  -2.5280906e-01  -6.3541524e-02  -4.5502040e-01   4.5588158e-02   7.3266471e-02  -6.6319922e-04  -5.4353967e-01  -3.2542958e-01   2.0327543e-01   6.9720300e-02   4.8915532e-01  -5.5103631e-03  -3.5513051e-01  -1.5336487e-01  -5.5697519e-03  -1.2833919e-01  -5.1342610e-01  -1.0501125e-01   5.9008343e-01  -8.1156061e-02   4.0633158e-02  -8.6379415e-02   1.9011426e-01   1.1563565e-01   9.7863560e-02   2.6798048e-01  -1.4082741e-01  -4.1350813e-02  -3.5289184e-01  -3.2059536e-01   3.0398419e-01   3.3777907e-01  -5.7960042e-01   2.8925617e-01  -2.6083387e-01   5.3947239e-01  -5.2041348e-01  -3.7574187e-01   2.8552954e-02  -5.0471653e-01  -3.4958006e-02   5.0952929e-02   1.9587107e-01   6.7093581e-02   4.5828082e-01  -4.1141452e-01   2.7973366e-01   3.7404212e-01  -6.9375707e-02   5.1737818e-03   4.5907362e-01  -4.3790562e-01   3.5756479e-01  -9.0032013e-02  -7.0513541e-02  -1.9187881e-01  -1.2482580e-01  -5.1519711e-01   1.0652636e-01   1.4680872e-01   2.9234951e-01   3.1164389e-02  -4.0882590e-01  -4.9273885e-01   3.8585660e-01  -6.2615003e-03  -2.0035240e-01  -3.8127329e-01   4.2050868e-01   2.7484041e-01   2.2718868e-01   1.3456293e-01   2.7138971e-01  -8.7032180e-02   6.4228568e-01   2.6858899e-02  -1.8089257e-01  -1.4995831e-01   5.5119785e-02   3.2748450e-02  -2.9292638e-01   4.4204686e-01  -1.2626744e-01   4.8196532e-01  -1.8360838e-01   3.1474620e-01   2.3717860e-02   1.5030050e-01  -5.2673214e-01  -1.2218514e-01   6.6642744e-02  -1.7787189e-01   4.3956190e-02  -3.0431926e-02  -3.1831723e-01  -1.4544901e-01  -5.3162422e-01  -8.5189704e-02   2.8018016e-01   3.1923187e-02  -2.0209965e-01  -2.2883543e-01   4.5949086e-01  -5.5670193e-02   2.7586860e-01   5.3563296e-01  -5.7958583e-02   2.0795292e-01  -1.1013284e-01   3.7988138e-01  -8.0154204e-03  -1.7014536e-02   2.8171522e-01  -4.5804510e-01  -3.3361854e-01  -3.2298806e-01  -2.3082046e-01  -1.3671314e-01   3.5941949e-01   2.9176588e-01   1.6779253e-01  -2.2495803e-01  -2.3642634e-01   3.1476429e-01  -2.2020040e-03  -8.1167774e-02   3.4407040e-01  -2.1386884e-01   4.8501869e-01  -5.2519535e-01   4.2713530e-01   5.4880743e-02   1.0147386e-01   5.1177608e-03   6.0995622e-01   1.7775460e-01  -1.1441617e-02  -4.5346783e-01  -1.8286460e-01   1.2303169e-01   2.6917119e-01   3.0392725e-02  -1.8533921e-01   7.0318209e-02
   4.7126976e-02   4.1130160e-02   1.8491005e-01   4.6800087e-03   2.1986602e-01  -3.0446608e-01   1.3351177e-01  -1.3541367e-01   0.0000000e+00  -8.6603577e-02   3.1351553e-02   1.9807249e-01  -2.5097358e-02  -1.6845491e-01   3.3879256e-01  -2.9010019e-01   9.0957580e-02  -1.1359314e-01  -3.1084047e-01   7.4380482e-02   3.1607193e-02  -1.4262454e-01  -9.0427212e-02  -4.6609786e-02  -1.6097411e-01  -1.7655611e-01   6.4450226e-02  -9.8065829e-02  -2.3311786e-01   2.8856603e-01   1.0960525e-01   2.8533792e-02  -2.7597436e-01  -1.9964522e-02   2.6581402e-02   2.9225858e-01  -4.0409854e-02   2.8592979e-01  -1.6510474e-01   1.6661338e-01   2.8242632e-01  -2.4686938e-01   3.7093075e-01  -2.8496312e-01   2.3728823e-01   9.6331844e-02   1.8500995e-01   1.7737068e-01   7.6230568e-02   6.2648082e-02  -2.2347814e-01  -2.3264048e-01   1.2166477e-01  -1.4892391e-01   1.0469075e-01  -1.9433084e-01  -1.6518463e-01  -1.1435482e-01  -9.4696224e-03   1.1825564e-01   1.0419680e-01  -2.0825941e-02   3.3540568e-01   2.3335372e-01   2.5452409e-01   1.2723591e-01  -1.4163301e-01  -1.9515965e-01  -1.0808547e-01  -2.6809428e-02   2.1014274e-01   1.4122938e-01   2.9505669e-01  -1.4038648e-01   6.7599682e-02   1.5265911e-01   1.6058255e-01  -3.8074688e-02   3.8959820e-01  -3.3335270e-02  -1.1097851e-01   2.6019025e-01   1.5431782e-01  -2.4463709e-01  -1.9686979e-01   8.4972586e-02   3.7217758e-01   7.7137854e-02  -3.4985847e-01   1.9035403e-02   3.1768903e-01  -5.8079924e-02   2.0286906e-01   4.5510991e-01   1.9993796e-01   1.4304668e-01   2.8415044e-01  -3.0181520e-01   2.3544316e-01  -1.3604772e-01  -7.8230744e-02   7.1296841e-02  -2.6169677e-01   9.3538439e-02  -1.4592310e-01  -1.2677230e-01  -5.9258706e-02  -1.5249137e-01  -2.0764746e-01   4.7325796e-03   4.3244259e-02  -1.0519993e-01   2.0918672e-02   1.5484358e-01  -1.6785829e-01   1.8510582e-01  -7.9992372e-02   1.5195822e-01  -2.7798140e-01  -8.8824634e-02  -8.8114639e-02   2.3037936e-01   1.2028018e-01   4.0551126e-02   3.4201853e-02  -1.9380172e-01   3.9495704e-04   8.6439586e-02   4.1519791e-02  -7.2949338e-02   3.9574537e-02   2.4193543e-01  -3.3418292e-01   5.9605210e-02   3.7303445e-01   5.3128282e-02   1.3790288e-01  -1.5800216e-01  -9.5604104e-03   1.3835850e-01  -1.4784655e-03  -1.2285045e-01  -1.9895750e-01  -2.8897659e-01   3.3376303e-02  -7.7042810e-02  -9.5941738e-03   2.3691079e-01   6.8962406e-02   2.2860214e-01  -1.5432361e-02  -1.7417919e-01  -1.3042140e-01   1.5865903e-01   1.1811347e-01   4.2578093e-03   1.7864715e-02   2.0647857e-01  -1.6498768e-02  -2.0477123e-01   3.3788552e-01  -3.8600428e-02   1.0164303e-01  -2.0467840e-01   2.4058182e-01   8.5571940e-02   4.7806594e-02  -2.9984310e-01  -8.9953019e-02   1.2958303e-01   2.7564568e-01  -7.7834214e-02   3.9578193e-01  -2.6486951e-01   1.2321763e-01   8.4936734e-02  -3.5643647e-02
  -2.0684694e-01  -7.4205740e-02   2.9514329e-01  -2.2302327e-01   2.6263390e-01  -7.8273430e-02   5.5535882e-01  -4.5833980e-01  -8.6603577e-02   0.0000000e+00  -1.8194838e-01   4.7010570e-02   1.4076200e-01  -2.0260539e-01  -8.8216079e-02   1.7257338e-02   1.9303459e-01  -1.2281459e-01  -2.0721663e-01   3.7504581e-01  -1.0820077e-01  -6.6800955e-02   4.2066406e-01  -9.8709514e-03  -8.4818130e-02  -1.8031004e-01   2.3435975e-01   8.0301566e-03  -2.7599032e-02  -1.0007523e-01   1.7719811e-02  -1.2004487e-01  -2.2279339e-01   5.0811759e-01  -6.2745992e-02   1.5003012e-01  -1.1865653e-01  -2.9079228e-01   1.6899766e-02   4.9084599e-01  -1.2507519e-02  -1.8528850e-01  -4.8819263e-02  -1.8307076e-01   8.9118173e-02   2.0467785e-01   1.2261910e-01   8.9674459e-02  -5.5877181e-02   1.5279764e-01   1.0461335e-01  -2.6937218e-01  -2.6410203e-02  -2.3908707e-02   1.0033374e-02   1.4767564e-01   4.6379310e-02  -1.8026919e-01  -3.5858918e-01  -2.5013378e-02  -2.1612735e-01   1.3002277e-01   1.5364388e-01  -1.9106688e-01  -3.0566227e-01   5.5615028e-01  -8.8883812e-02   1.8219129e-01  -2.5618308e-01   3.5204946e-01   2.0484980e-01  -1.0102184e-01   2.9787901e-01  -1.2139691e-01  -6.8665083e-02  -6.7816649e-02  -1.2985548e-01  -2.4390570e-01   9.7618209e-02  -3.4207002e-01  -2.2206523e-02  -1.7590559e-01  -1.4253181e-01  -2.1564735e-02   2.8796043e-02  -1.1318017e-01  -8.8784050e-02  -7.8670741e-02   2.1120378e-01  -1.2108231e-01   1.1267963e-01  -2.5301459e-01  -2.2012578e-01  -2.8766198e-01  -1.0098802e-01   2.2028038e-01   2.3930419e-01  -1.4451375e-01  -1.4361549e-01   5.0222852e-01   1.5882236e-01  -4.7407623e-02  -9.9114696e-02  -2.1045413e-01   1.4313454e-02  -3.1504016e-01  -1.1771167e-01  -2.9635395e-01   3.4583671e-01   1.2374940e-01   3.1133598e-01   3.6187558e-02  -1.8000162e-01  -6.3984511e-02  -1.3581544e-01  -8.5730253e-02  -2.2677562e-01   2.1876364e-01  -8.9029818e-02  -1.0593315e-01  -2.2569821e-01   3.6142916e-01  -8.7358465e-02  -4.2178741e-02   4.0614798e-02  -9.4453739e-02  -7.0028496e-02  -1.0826421e-01  -2.2397288e-02   3.7865594e-01  -6.3846085e-03  -6.9017187e-02  -1.6290972e-01  -6.3281014e-02  -1.8958466e-01  -2.3145540e-01  -1.1907760e-01  -1.5575902e-02  -2.1995018e-01  -3.0396034e-02  -1.9491907e-01   8.5609931e-02  -1.3485831e-01   2.3047682e-01   2.3507847e-01  -2.4766093e-01   5.6433814e-01   6.8297819e-02   3.9914306e-01  -1.1463836e-01  -2.9867615e-02  -2.9003552e-01  -1.0236111e-01  -2.3888131e-01   2.0266936e-01   8.5657359e-02  -2.2156511e-01  -1.5835559e-01  -3.0317990e-01  -2.7344999e-02   2.3376574e-01  -2.4549950e-01   5.1779843e-01  -2.9029852e-01  -2.7237320e-01  -1.3549331e-01  -8.8760701e-02  -5.5441887e-02  -2.4180052e-01  -1.5742223e-01   4.0003030e-02   1.4571115e-01  -1.5327519e-01   7.2313218e-02  -9.3821439e-02   9.7177226e-02  -6.7920774e-02
   3.2726234e-02  -2.8117250e-01  -4.4317180e-01   1.4927109e-01  -5.4159295e-01   3.8318596e-01  -2.6786121e-01   5.9999207e-01   3.1351553e-02  -1.8194838e-01   0.0000000e+00  -5.4015951e-01  -2.7145502e-01   3.9696610e-01   6.1390635e-01   9.9519057e-02  -4.0466201e-01   2.4910343e-01   2.2609407e-01  -4.9921570e-01   3.3105957e-01   3.8547186e-01  -5.0443779e-02  -1.0987328e-02  -2.6155195e-01   4.3421026e-01   1.6221871e-01   4.1834069e-01  -3.1739631e-02   3.9135043e-01   4.0873760e-01   1.2310590e-01   2.3324569e-01  -1.9415651e-01   4.8624756e-01  -3.0617011e-01   1.0109189e-02  -1.4924945e-01   8.0900704e-02  -3.7595927e-01  -2.7462586e-01   2.9002034e-01   1.0188583e-01   6.2375943e-01   3.1424388e-01  -3.9324186e-01   3.6285672e-01  -2.3417850e-01  -7.7145535e-03  -5.8563702e-01   2.1291431e-01   5.1687105e-01  -4.1271112e-01  -2.7888076e-01  -8.5696906e-02   4.0017679e-01   8.0704045e-02   1.2961931e-01   2.0602163e-01   2.2154205e-01  -1.1870863e-01  -7.1934837e-03  -4.3801478e-01   2.5149031e-01   4.1810930e-01  -4.1510961e-01   2.4369088e-01  -2.8196881e-01   5.7434312e-01  -3.1100187e-01  -4.7016426e-01   3.4005174e-01  -3.6268184e-01   2.1420887e-01  -2.2964278e-01   6.1407395e-02  -4.0194603e-02   3.6560084e-01  -4.7455012e-01  -5.9377953e-02   5.1315979e-01  -4.1483305e-02  -1.0247433e-01   5.5636511e-01  -2.0424811e-01   3.7456060e-01   1.5724534e-01  -9.8792348e-02  -1.5134878e-01  -3.2178584e-03  -3.7003613e-01  -3.6349994e-02  -1.8145352e-01   4.7378714e-01  -9.3092093e-02  -5.3659300e-01  -3.3388597e-01   4.0911694e-01  -2.7996222e-01   2.3462633e-01  -1.0522288e-01   5.4269048e-01   4.7575807e-01   4.2785210e-01   5.1369227e-01   2.6752342e-01  -3.4711887e-01   5.8621477e-01   2.3922126e-01   1.8049993e-01  -2.0917532e-01   4.4041552e-01   4.3451087e-02  -1.5962040e-01   4.9897307e-01  -3.3332744e-01   2.7155288e-01  -9.5273294e-02   4.5815663e-01   1.7646312e-01  -1.0017521e-01  -4.0286606e-01  -3.1017624e-01   2.9235524e-01  -2.7180152e-01   3.2142701e-01   5.1296717e-01  -3.9638448e-01   8.1286247e-02  -2.3820520e-01  -1.9924583e-01   3.2395159e-01   1.4085630e-01  -2.1816401e-02   4.9389462e-02   3.7750880e-01  -2.7734537e-01   5.1871444e-01   2.9629476e-01  -1.8577629e-01  -2.3705203e-03  -1.5276309e-01   5.1001854e-01   2.2096827e-01   3.6901492e-01   4.4967226e-01  -2.8543319e-01  -7.2654632e-02  -8.7140100e-03   3.3425898e-02  -1.6026468e-02   3.2367200e-01   1.1265640e-01   2.5688453e-01  -3.3732585e-01  -2.1130553e-01   7.2600812e-02   8.3909616e-03  -2.7461211e-01   4.6107404e-01  -5.9435005e-02   5.3716476e-01  -2.8714246e-01   6.8195191e-01   2.1143207e-01  -9.2068660e-02   1.6867265e-01   5.3091667e-01  -7.7548903e-02  -3.1367417e-01  -4.5444196e-01  -2.1572104e-01   4.3533043e-01   3.4621326e-01  -1.1575249e-01  -3.3065350e-01   1.3199790e-01
  -2.4346446e-01   7.0833780e-01   6.9371290e-01   1.1036414e-01   5.1782173e-01  -1.2167989e-01   3.6306315e-01  -3.7602406e-01   1.9807249e-01   4.7010570e-02  -5.4015951e-01   0.0000000e+00   8.6363921e-02  -3.6386486e-01  -2.0637129e-01   1.0584723e-01   5.6898884e-01  -1.6287420e-01  -7.9821781e-02   3.7673237e-01  -2.9692467e-01  -2.2280074e-01  -1.4582406e-02  -3.4982236e-01   2.7699322e-01  -1.5573116e-01   7.1335640e-02  -3.9552798e-01   1.4833332e-01   1.7621892e-01  -1.7618104e-01  -6.1575449e-02  -1.3512314e-03   2.6037377e-01  -3.7477811e-01   3.7845139e-01   1.2267167e-02   3.5463611e-01  -1.4615914e-01   3.9325175e-01   1.9929083e-01  -3.4360079e-02   2.8686385e-01  -3.9235367e-01   1.1745579e-01   1.5339179e-01  -1.3461366e-01   3.9155722e-01  -3.1573652e-02   6.2029137e-01  -5.3544238e-02  -3.9959354e-01   4.4736367e-01   1.8540876e-01  -1.8529390e-01  -1.0089444e-01  -1.1148308e-01   5.0901264e-02   8.1125987e-02  -3.7874706e-02   3.3814492e-01   1.4728611e-02   5.5955431e-01  -1.0148561e-01  -2.0455976e-01   2.2071389e-01   2.6771529e-02   1.5996226e-01  -3.5234216e-01   4.1442329e-02   5.8106992e-01  -1.5120211e-01   3.7101167e-01  -2.2005031e-01   1.9924991e-02   3.3184420e-01   2.8988566e-01  -9.6250779e-02   6.3563460e-01   1.8717321e-01  -3.6121894e-01   3.1515880e-01   2.1869098e-01  -3.6986103e-01  -4.0530057e-02  -2.5816307e-01  -2.3076981e-01  -2.0153733e-01   9.9153656e-02  -7.4845127e-02   3.4711863e-01   3.8843308e-01   5.5391428e-01  -5.8604929e-02   2.9511049e-01   6.8996751e-01   2.7769493e-01  -2.3845118e-01   4.3097734e-01  -2.4760461e-01  -1.5877396e-01  -2.1178881e-02  -4.2747007e-01  -7.2186791e-02  -3.8302492e-01  -8.3660541e-02   2.1763627e-01  -3.4277823e-01   4.0930941e-02  -2.4399978e-01   5.3584120e-01  -4.0507680e-01  -5.3134377e-02  -1.1878348e-02  -3.6353578e-01   5.7949984e-01   8.7431123e-02   3.3616181e-01  -3.6813427e-01  -2.9135113e-02  -2.4504397e-01   4.3691445e-01   3.0366558e-01  -5.3933045e-03   7.3439662e-02  -2.7071227e-01  -2.8872626e-01   1.3170609e-01  -1.4404781e-02   1.0698589e-01  -2.3831525e-02   2.5174875e-01  -1.6434281e-01   8.3095923e-02   1.9859181e-01  -2.3581791e-01   4.1213877e-01  -3.9046708e-01  -1.8641674e-01  -3.3655249e-02  -1.8106649e-01  -8.4513403e-03  -2.1185498e-01  -2.5840447e-01  -9.3925701e-02  -1.2294043e-01   3.4526507e-01   1.7135223e-01  -5.9011614e-02  -2.8173428e-02  -1.1199656e-01  -2.9327710e-01  -1.5732582e-01  -6.5937892e-02   5.9584413e-01  -1.4111436e-01  -1.2687328e-01   2.8325308e-01   2.4532220e-01  -3.9934648e-01   7.2737623e-02  -2.9872036e-01   1.2127263e-01  -5.0187952e-01   6.6106591e-02   4.7409197e-01   1.3742277e-01  -3.3549376e-01  -2.0832302e-02   4.9371938e-01   4.0161151e-01  -2.1721735e-01  -2.9957074e-01  -1.8230885e-01   1.6310773e-01   1.4334001e-01   2.0206325e-01
  -1.5476167e-01  -2.3692491e-01   1.3630775e-01  -2.9431372e-01   3.5369715e-01  -2.5365198e-01   2.0414126e-01  -3.4765685e-01  -2.5097358e-02   1.4076200e-01  -2.7145502e-01   8.6363921e-02   0.0000000e+00  -1.7647542e-01  -1.9618362e-01   4.1890422e-02   1.5030526e-01  -3.4796314e-01  -4.5496859e-01   4.1265858e-01   2.2157713e-01  -1.1383686e-01   3.7986730e-01  -9.5285922e-02  -1.3710380e-01  -5.4774676e-01  -3.1219843e-01  -2.6875348e-01  -2.2002927e-01  -4.3818727e-01  -2.6739760e-01  -4.7047305e-02  -2.7095088e-01   6.1108318e-02   3.7861734e-02   2.2953819e-01   2.9404280e-01   1.2085164e-01   2.8876853e-01   1.2617591e-01   6.9170799e-01  -3.6433953e-01  -1.4098791e-01  -3.0743187e-01   1.6320471e-01   2.0254353e-01  -8.4099523e-02  -2.6650316e-01   3.4562384e-01   2.9941863e-01  -8.3736781e-02  -2.6334105e-01  -3.8516865e-02  -1.2445179e-01  -6.9888301e-02  -2.7826139e-01  -2.9557733e-01  -5.9029507e-02  -4.1786533e-01  -1.0008592e-01  -3.0525482e-01   5.5932403e-01   4.9356744e-02  -4.5619146e-02  -2.0935767e-01   4.7947630e-01  -4.2488705e-01  -1.1136589e-01  -1.7608885e-01   1.4389443e-01   9.3866698e-03   4.1979482e-02   4.9126528e-01  -7.8878997e-02  -5.0912544e-01  -2.2259891e-01  -1.6864227e-01  -2.7642595e-01   1.8538230e-01  -4.5087061e-01  -2.8416200e-01   1.8670109e-01  -1.8591285e-01  -3.8211515e-01   1.7738061e-01  -1.7567683e-01  -2.8661373e-02  -1.0680037e-02  -3.7585340e-02  -5.5017643e-02   4.3046827e-01  -1.6714702e-01  -1.3198756e-01  -4.2233156e-01   3.6986784e-02  -4.8693049e-02   2.6788496e-01  -4.0640902e-01  -3.0976517e-01   2.0992092e-01   3.5070960e-02  -1.0338844e-01  -2.5304212e-01  -4.4252940e-01   3.6112763e-02  -1.8993544e-01  -1.6196492e-01  -2.7312267e-01   1.5215371e-01  -1.0531741e-01  -8.8972315e-02   3.5289550e-02  -1.3097916e-01   7.7859025e-02  -3.2333558e-01  -5.0663188e-02  -3.8156029e-01   1.7082163e-01  -8.4783628e-02  -2.9226460e-01  -2.1482294e-01   3.2394975e-01  -2.4405819e-01  -1.9002021e-01   1.1142353e-01  -1.3836552e-01   1.2435612e-01   1.0233450e-01   2.7486992e-01   5.2598923e-02   1.9995212e-01  -1.4054653e-01  -1.9697806e-01   7.1325668e-02   3.8298482e-02  -4.7421920e-01  -3.9389141e-01  -1.6860127e-01  -2.3662600e-01  -5.5495655e-02  -2.6678742e-01   6.1625016e-01  -2.3348205e-01   4.0375080e-02  -3.8487984e-02  -2.1805044e-01   2.1343383e-01   2.6528523e-01   1.0529156e-01   3.3820095e-01  -7.7760038e-02  -1.9124330e-01  -4.2248162e-01  -2.7797068e-01  -1.9205206e-01   2.3422288e-02  -2.7324349e-01  -2.9240316e-01  -1.2158228e-01  -2.7121384e-01   6.7293599e-05  -4.0488704e-01   3.8769447e-01  -2.5609233e-01  -2.3613112e-01  -1.4904601e-01  -2.7200695e-01  -4.9270951e-01  -2.4368240e-01  -7.4279109e-02   3.3039170e-01   9.8171808e-02  -7.9419100e-03  -3.6536926e-01  -3.9770151e-01  -2.4609354e-01  -2.7891996e-01
   2.8856543e-01  -6.3068929e-02  -1.9220294e-01   4.9255502e-01  -2.8908143e-01   4.5105587e-01  -4.4470078e-01   2.7612716e-01  -1.6845491e-01  -2.0260539e-01   3.9696610e-01  -3.6386486e-01  -1.7647542e-01   0.0000000e+00   8.0122503e-02  -6.8292578e-02  -6.5657264e-02   4.3362751e-01   2.5956626e-01  -2.7326234e-01   4.3488630e-01   5.2393100e-01   8.4638125e-02   1.3281637e-03   3.4334639e-01   2.3923631e-01  -7.8116062e-02   4.6388780e-01   2.7425743e-01   5.8340882e-02   2.6400409e-01   4.0541137e-01   2.1972067e-01  -4.8160307e-01   5.8763599e-01  -2.6925135e-01  -8.2161097e-02  -2.8423915e-01  -1.7440707e-01  -4.0157364e-01  -4.2082795e-01   3.1538298e-01  -5.1417955e-02   3.7838872e-01   4.1243111e-02  -2.8987713e-01   9.3929931e-02  -4.2473741e-01   1.5084591e-01  -3.0282399e-01   2.6541881e-01   3.5080857e-01  -5.4650907e-01   2.1373187e-01   2.4606370e-01   1.8120859e-01   2.0311441e-01   3.5126389e-01   4.1482193e-01   3.3653691e-01   1.3486275e-01  -2.5893967e-02  -4.0682818e-01  -2.4076544e-01   9.6132689e-02  -4.4317823e-01   2.1243900e-01   2.7737924e-02   3.3509664e-01  -1.6609038e-01  -5.2919169e-01   3.3837009e-01  -3.7891823e-01   5.7432146e-01   6.7914702e-02  -1.7446582e-01   1.6502323e-04  -1.1325032e-02  -4.6896430e-01   4.0182854e-01   4.3820971e-01  -4.2556742e-01  -2.1284268e-01   4.1037241e-01   2.7521241e-01   8.2391294e-02   2.6683721e-01   2.8203282e-01   1.2307790e-01   9.2858284e-02  -3.5175837e-01   1.5591162e-01  -3.7698380e-01   1.9655504e-01  -1.1734064e-01  -4.0824675e-01  -1.5817059e-01   1.3919862e-01  -8.2908982e-02   7.6438062e-02   3.0237843e-01   3.6525360e-02   6.1540337e-01   5.4353624e-01   3.2926571e-01   3.7280565e-01   3.2678737e-01   3.2932489e-01   5.6509121e-02   9.3713121e-02  -3.5154835e-01   4.7557863e-01   3.7130194e-01  -1.0715360e-02   4.9831077e-01  -5.2345710e-01  -5.6147779e-02  -2.3089341e-01   6.2284310e-01   4.3730972e-01   3.6491234e-01  -3.8038734e-01  -6.3559314e-02  -4.3111680e-02  -1.9616993e-01   7.5863594e-01   4.8779211e-01   1.1386848e-01   3.9686710e-02  -1.3928283e-01  -5.1748868e-01  -2.2741515e-01   6.9559021e-01   4.3330677e-02   2.0596622e-01   6.3588298e-02   9.6562096e-02   4.2878214e-01  -4.0298962e-02  -3.9110506e-02   3.4927958e-01  -1.7253630e-01   1.9518809e-01   3.6600336e-01   2.3270236e-01   3.0633555e-01  -3.5792856e-01  -2.7108685e-01  -1.6163383e-01   6.2027579e-02   3.7187799e-01   4.1621640e-01   4.3921613e-01  -1.7865868e-01  -2.6685097e-01  -2.2337328e-01   3.6412839e-01   1.3959476e-01   1.1237402e-01   4.4961134e-01  -3.7922253e-01  -7.3191761e-02  -3.4972074e-01   6.9404065e-01   8.0876626e-02  -1.6098072e-01   2.2926695e-02   4.0303408e-01   4.4449909e-01  -4.3871916e-01  -4.4895232e-01  -3.3694213e-01   2.4256312e-01   4.3202180e-01   1.7933462e-01   6.3356401e-02   3.3758518e-01
