   0.0000000e+00  -4.2884743e-03   2.0282281e-01  -3.3556717e-01   6.4463546e-02  -3.4469024e-02   8.0933723e-02  -2.0552612e-01  -6.7221825e-02   1.6841326e-02  -3.7904346e-01   4.8732168e-02   1.4498285e-01   3.3200546e-01  -4.3463207e-01  -1.7864093e-02   7.3578588e-02  -2.3872374e-01   2.4484220e-02   1.7467708e-01  -1.0812974e-01   4.2168377e-01  -1.0864800e-01   5.5096371e-01  -1.5851133e-01  -1.3863949e-01  -6.7859765e-02   4.1320984e-02  -2.2099922e-02   7.2518399e-02  -4.0018078e-01  -2.5957529e-01  -7.5073611e-03  -2.6005799e-01   1.5770108e-01   1.3986823e-01  -3.0265640e-01   5.3426024e-01   6.3004287e-02  -2.8574467e-01  -7.1702066e-02  -2.9592265e-01   3.6384682e-01  -2.9393535e-01  -2.7430090e-01   5.6286964e-01  -8.4559861e-02  -1.1143420e-01  -5.2778464e-01  -1.2349341e-01  -2.4644109e-01  -1.6510140e-01   6.2038704e-02  -1.6912881e-01  -2.0602420e-01  -3.0592646e-01  -8.2306717e-02   8.0221096e-02  -3.4246109e-01   1.2200849e-01   2.9131302e-01  -1.6399211e-01   1.3030790e-01  -2.8259356e-01  -4.7985248e-01  -1.1506097e-03  -1.4142884e-01  -8.4116569e-02  -2.4304758e-01   3.4699891e-01  -2.1978389e-01  -2.5094656e-01  -4.0341613e-02   1.2960461e-01  -2.8773219e-01   2.4427902e-02   4.2646548e-01  -1.6768307e-01   1.4362443e-02  -5.0576272e-01   7.6829939e-03   1.2118155e-01  -4.5014041e-01  -3.0488869e-01   1.0122025e-01  -1.6710461e-01   3.8452763e-03   1.8054720e-01   5.6673821e-02   5.0886816e-01  -1.6239369e-02   2.9852473e-01   5.8231506e-02  -1.8243634e-02   5.7507603e-01   3.4974625e-01  -2.7591242e-01  -2.4227594e-01  -2.7470147e-01  -2.4436904e-01   1.5691994e-02  -4.0592564e-01   7.5144571e-02   1.3171387e-01  -2.0257705e-01   2.4625748e-01  -1.2939180e-01  -2.1519457e-01  -1.3592377e-01  -1.5549028e-01  -3.7195896e-01   5.3365707e-02  -2.5396492e-01   8.0727927e-01  -3.8812300e-02  -3.1497227e-01  -2.1791610e-01  -1.7841337e-01   4.2894912e-01  -3.8559112e-01   5.3136698e-01   2.8276805e-02  -2.0196265e-01  -5.9592001e-02   5.2179576e-01   2.7435996e-01  -3.5558647e-01  -2.4175512e-01   2.1372962e-01   1.4445565e-01   1.2740001e-01  -3.6137766e-01   2.7736399e-01  -6.6133537e-03   3.3348569e-02  -2.1450441e-02  -3.6792258e-01  -3.2492836e-02  -8.2127740e-02   6.3628249e-01   1.9811736e-01   2.5762040e-01  -1.5477648e-01   2.5088042e-01  -3.6636249e-01  -1.4575067e-01  -1.6395133e-01  -5.4487837e-03   1.1752103e-01  -4.3126845e-01   9.6760884e-02   9.7329145e-02  -4.2715829e-03  -4.1425230e-01   5.7722815e-02   5.8147134e-01   3.8801522e-01  -4.8488470e-01   2.6671756e-01   8.8551104e-02   3.2304970e-02  -3.2478796e-01   1.2270847e-01  -2.2038685e-01   2.6782990e-02  -2.9097733e-01  -4.2647321e-01   8.5954103e-02   1.0259895e-01  -3.0249913e-02   9.9301980e-02   3.6581069e-01  -2.2466143e-01   2.7394656e-01  -1.9986992e-01  -2.3513503e-01   3.0955177e-01
  -4.2884743e-03   0.0000000e+00  -2.4770724e-01   1.7190015e-03   2.3332194e-01  -6.7844392e-01  -1.4213422e-01  -7.6976459e-03   7.2804643e-01   1.1634637e-01  -8.9290540e-02   3.0278331e-01   1.9263168e-01  -1.6635540e-01  -5.6595980e-02   1.2180601e-01  -6.4119094e-02   2.6995970e-01  -3.0546377e-01   2.4808821e-02  -2.6643413e-01   2.2683473e-01  -2.5128345e-01  -4.0466724e-01  -2.2115227e-01  -4.4635613e-01  -1.4007547e-01  -4.4288221e-01  -5.7705931e-01   3.0833904e-01   3.6163844e-01  -5.4242856e-01  -2.0040013e-01   9.7527194e-02   4.7693212e-02   2.9298935e-01   2.1474141e-01  -3.0701549e-01   3.7218124e-01   3.4716388e-01  -2.0005423e-02  -2.5679116e-01  -1.3036602e-02  -2.8432463e-01  -1.4881158e-01  -1.0159296e-01  -1.8547326e-01   4.5273429e-01   8.7545608e-02   1.9450604e-01  -1.6467204e-01  -4.9603680e-01   5.5370069e-01  -3.9917289e-01  -3.9539553e-01  -4.0456595e-01  -5.1103042e-01  -5.8522451e-01   2.9381071e-01  -1.7395110e-01  -3.3011697e-01  -4.7369078e-01   7.2557541e-01   2.8775321e-02   3.8891623e-01   3.3985205e-01  -4.1957914e-01  -2.6927170e-01  -4.5672907e-01   2.3113209e-02   7.8264911e-01  -4.5255993e-01   2.8591069e-01  -5.1255119e-01  -4.0086136e-01  -2.3661819e-01  -2.6060383e-01  -2.7490696e-01   4.1645802e-01  -2.5810856e-01  -4.7368154e-01   1.2539766e-01   1.5329678e-02  -1.4065335e-01   3.9655588e-01  -5.1227987e-01   7.0357691e-01  -3.5796452e-02   3.4011494e-01  -2.5085264e-01   3.5285889e-01  -3.4354432e-01   3.8546462e-01  -1.0133715e-01  -2.1202634e-01   8.6077104e-03  -2.8316883e-01  -4.5020000e-01   3.0831438e-01   1.3243463e-01   3.3330073e-02  -6.8575860e-02   1.1911795e-01   6.6346768e-01  -4.7353684e-01  -2.8095240e-01  -4.1466174e-01  -5.7787100e-01   3.2636572e-02  -1.1036607e-01   7.8337338e-02  -5.1421203e-01   4.1776731e-02  -2.0253496e-02  -1.0680369e-01   4.4200819e-01  -3.3313299e-01   3.6683308e-01   4.9513196e-02  -5.9444011e-01  -3.7068660e-01   3.4043300e-01  -3.2000573e-01   6.9761740e-01  -2.1927659e-01  -3.5170440e-01  -3.0895061e-01  -2.1740629e-01   3.9498316e-01   2.6156216e-01   2.9147591e-01   2.2242745e-01   6.6732632e-01   4.9369602e-02  -4.7142648e-01  -2.1873683e-01  -4.4714257e-01   2.9703848e-01  -4.9699328e-01  -3.6642316e-01  -4.3338085e-01   3.4100943e-01  -2.9333632e-01  -7.6261868e-02  -3.0376722e-01  -9.8734411e-02   2.7116231e-01   7.8869235e-02  -1.4432967e-02  -1.1515051e-01  -3.4549600e-01   4.4370948e-01  -4.8411615e-01  -1.8982431e-02   4.4399996e-01  -1.8939972e-01  -2.5096752e-01  -3.0943241e-02  -1.8109280e-01  -6.3584772e-01  -4.1681733e-01  -2.0582509e-01  -9.7539311e-02  -4.2972779e-02  -5.5797524e-01   3.9983177e-01  -1.2342873e-01  -3.4702369e-01  -4.7652024e-01   3.8568384e-01   3.5885376e-01   3.0567856e-02   4.0036927e-01  -2.3909455e-01  -3.0530935e-01  -2.9014852e-01   7.9080947e-02
   2.0282281e-01  -2.4770724e-01   0.0000000e+00  -4.2152505e-01  -7.7588930e-02   1.2655473e-01  -2.6622725e-01  -3.2488828e-01  -4.1534038e-01   7.3515043e-02  -1.7760306e-02   4.1740113e-01  -1.0183697e-02   1.0942907e-01   1.1476068e-01  -4.8493234e-02   7.0656448e-01  -2.3271224e-01   2.1651916e-01   1.0695760e-01  -3.5998459e-01  -9.7144290e-02  -3.0882206e-01   2.4829156e-01  -1.0439992e-01  -9.2242732e-02  -8.5378097e-03   1.1521814e-01   3.8831710e-02  -4.1171901e-01  -1.9490007e-01  -8.7219893e-03  -4.2328811e-02   1.1738875e-02  -1.1008240e-01  -2.4597419e-01   1.1267802e-01   2.3728406e-01  -1.0450744e-01   2.5031539e-01  -8.6516003e-03  -8.0502579e-02   1.2711898e-01  -1.2677525e-01   1.1645130e-02   3.4422241e-01   9.8799158e-02  -4.7162080e-01  -4.0613828e-01   5.2782283e-01  -1.8395810e-02   1.1300028e-01  -3.3077310e-01   1.1719796e-01   3.5685290e-02   2.5277802e-01   4.6675163e-02   2.3926050e-01  -3.4958093e-01   1.6194137e-01   5.9083834e-01   4.1085631e-02  -2.9811000e-01  -1.2176189e-01  -3.3671686e-01  -2.3796218e-01  -4.0440432e-02   2.3721213e-01  -2.3865383e-02   5.5019131e-01  -2.2970218e-01  -1.2337286e-01  -1.3572648e-01   5.3105830e-01  -7.6637308e-02   8.6754580e-02   3.1670394e-01  -2.2523705e-01  -2.5223255e-01  -6.8544482e-02   9.0128109e-02   1.4847649e-01   5.0897727e-02  -3.2487398e-01   1.5664801e-01   8.6727602e-02  -4.3884758e-01  -2.9535893e-02   2.3133207e-02   1.6800601e-01  -2.2210117e-01   4.8498508e-01  -2.4381897e-03   7.1755843e-02   2.4675178e-01   2.9336482e-01   6.9211097e-02  -2.7606391e-02  -1.4752194e-01  -1.6232180e-02  -4.1801096e-03  -1.7573060e-01  -2.4831809e-01  -2.8901999e-01  -2.6441944e-01   4.0100150e-02   3.2039912e-01   3.7270994e-02  -6.6983581e-02  -2.5183866e-02   1.9999510e-01   6.6332252e-04  -2.8860785e-01   1.3463572e-01   3.7593452e-01  -1.9780283e-01  -2.7619554e-01  -1.3831900e-01   8.9352463e-02  -1.6021876e-01   3.1111191e-01  -4.2495646e-02   2.0863314e-02  -3.6571941e-01   2.0887998e-01   1.9173621e-01  -3.0522461e-01  -8.0936488e-02  -4.1086891e-01   3.2221527e-01   8.5071684e-02  -3.8008397e-01  -1.3659044e-01  -8.2401135e-03   1.8960256e-01  -1.1341911e-01   9.2525337e-02  -2.2236962e-01   1.9919377e-01   1.0176756e-01   3.2048399e-01  -6.6523982e-02  -2.2637102e-01   2.7515619e-01   1.0318755e-02  -8.5762863e-02   2.5681228e-01  -1.6802151e-01  -3.7243995e-01   5.0291690e-02   5.1463246e-01  -3.8139055e-01   3.2652185e-01  -4.4168724e-02   3.6731847e-01   2.7082000e-01   1.8993500e-01  -1.4472213e-01   4.2686389e-01   1.3004751e-01   1.4630187e-01  -2.2322316e-01   8.2936938e-02  -5.4083527e-01   2.7547166e-01  -3.1949527e-01  -7.9538880e-02  -2.8113521e-02   3.6203390e-01   5.8108085e-02  -2.1917629e-01   1.1954378e-01  -4.7599397e-01   2.0419581e-01  -6.1896969e-02   9.3626474e-02   6.7595992e-03
  -3.3556717e-01   1.7190015e-03  -4.2152505e-01   0.0000000e+00   3.5098037e-02  -2.1801171e-01  -8.1191070e-02   2.8590966e-01   2.4180713e-01   4.0574797e-02   1.3420406e-01  -1.6026172e-01   4.5643765e-02   6.0033458e-02  -1.0219415e-01   1.3406637e-01  -8.0948093e-02   3.6874875e-01  -6.2478790e-01   1.8873400e-01   1.7145989e-01  -1.0128169e-01   2.0199623e-02  -4.5786325e-01   3.5981095e-01  -2.0848071e-02   1.4495207e-01  -1.2539240e-01   2.3886681e-01   2.6606802e-01  -5.5526473e-03   1.8428181e-01   2.0486631e-01  -7.0517418e-02  -2.3706361e-01  -8.2847334e-03   1.2117458e-01  -5.0668810e-01   7.8554571e-02  -2.8007787e-02   1.1433296e-01   6.7488457e-01  -2.0993470e-01   2.2200382e-01   3.9586882e-01  -5.4804006e-01   1.7128885e-01   4.4886187e-01   5.5555644e-01   1.0330145e-01   2.4170203e-01  -1.0201293e-01  -1.7542112e-01   5.1922710e-01   7.3623598e-02  -4.9718834e-02  -1.5999512e-01  -2.2597731e-01   4.9575039e-01  -4.1863366e-01  -3.0732438e-01   2.3612349e-01   1.7860750e-01   8.0766930e-02   2.7423230e-01   1.0232571e-01  -2.7096619e-01   1.8208303e-01   1.1998522e-01  -3.4925528e-01   1.7338030e-01   4.3402505e-01   2.3001039e-01  -2.6593848e-01   2.8490207e-01  -2.1001405e-01  -4.2280931e-01   1.9929393e-01   5.4843495e-02   5.5300679e-01  -1.3895912e-01  -7.4114394e-02   1.2542498e-01   2.2145059e-01   4.2901013e-02  -2.0108563e-01   8.6432769e-02  -3.9551554e-01   4.0119114e-01  -1.6305781e-01   1.4697514e-01  -2.8580415e-01  -1.1247978e-01  -8.1026019e-02  -4.4230411e-01  -9.7607959e-02   4.4965753e-01  -2.1783600e-01   2.7749627e-01   3.5370224e-02   1.2028355e-01   6.6234092e-02   2.6095868e-01  -2.8086021e-02   3.2921316e-01   1.0660703e-01   2.9644200e-01  -4.3881226e-02   1.4827203e-01   6.6145213e-02  -7.1942331e-02  -1.8244614e-01   8.1600513e-01  -2.7141610e-01  -1.3518300e-01   7.7986858e-02   2.4540090e-01   6.0990572e-02  -1.2610940e-01   5.4841332e-01  -4.3433293e-01   1.0899086e-01   2.7324795e-01   5.0098310e-02  -3.9143759e-01  -2.8412339e-01   2.4815794e-01   4.8185230e-01   4.0412121e-01  -1.7404295e-01  -3.8552400e-02   1.7365108e-01   6.9201964e-02  -4.0933390e-02   2.6068937e-01   4.2400764e-02   4.5594402e-01   1.2930497e-01  -2.3018692e-01  -2.1762655e-01  -1.4898308e-01   5.4759496e-03   1.1755371e-01  -1.8933679e-01   2.8970033e-02   3.8136108e-02  -1.2544378e-01  -2.8015479e-02   9.5027781e-02   1.9010063e-01  -3.7167065e-01   2.4137049e-01  -3.0892971e-02   1.3681549e-01  -1.8678543e-01  -5.4766647e-01  -3.1737323e-01   3.7285216e-01  -1.4785835e-01  -1.3380265e-01  -4.9216398e-02   2.1752280e-01  -6.2611573e-02   6.9586588e-01  -1.6223570e-01   6.0003032e-02   2.6304443e-03   4.7529874e-02  -1.1090295e-02  -1.7427960e-02   4.4101386e-02  -1.3800034e-01   3.9856203e-01  -3.6178453e-01   2.9133944e-01   5.8890266e-01   4.8252650e-02
   6.4463546e-02   2.3332194e-01  -7.7588930e-02   3.5098037e-02   0.0000000e+00  -3.0920512e-01  -2.7833984e-01  -4.3748758e-01   1.2854944e-01   3.5268972e-01  -2.9616851e-01   1.6027246e-01   4.7199570e-01  -2.2057087e-01  -2.0614524e-01   4.7974518e-01  -1.8992303e-01  -6.2131928e-02  -1.9064433e-01   7.8284033e-01  -3.0923895e-01   7.7349722e-02  -2.4048634e-01   7.3715664e-02  -2.5835022e-01  -2.8951685e-01  -3.3412726e-01  -6.0585254e-02  -4.7975644e-01   3.2991792e-02  -1.2556015e-01  -7.2444055e-02  -2.6428211e-01  -7.5127804e-03   2.1425607e-01   6.9233979e-01  -6.6618993e-02   1.2239503e-01   4.3872963e-01  -2.3974532e-01   6.3086018e-01  -1.0050206e-01   1.7405632e-01  -5.2097812e-01  -2.0243575e-01   6.9424254e-02   1.4161291e-02   6.3457720e-02   2.4756950e-01   6.1052217e-02   7.4495631e-02  -2.4643760e-01   4.3655343e-02  -2.1601121e-01  -1.6169283e-01  -6.3383608e-01  -9.3235341e-02  -1.7469786e-01   3.2255138e-01   9.1453212e-02  -9.2233553e-02  -2.2317155e-01   6.4893707e-02  -4.2539716e-01  -4.5533448e-03   6.9702693e-01  -2.6883920e-01  -3.4376858e-01  -2.8655758e-01  -1.0001007e-01   1.2743483e-01  -2.1175305e-01   4.9825128e-01  -1.9549861e-01  -4.6876708e-01  -3.1819839e-01   1.6309221e-01  -4.2964199e-01   8.1054912e-01  -1.5587931e-01  -3.5634733e-01   2.1135203e-01  -3.5291953e-01  -2.3087378e-01  -1.0496525e-01  -3.6164705e-01   1.4719636e-01   1.0111786e-01  -1.4853122e-01   1.3731815e-01   8.2451123e-01  -6.5670223e-02   4.9998756e-01   1.5669918e-01   1.3222128e-01   3.8676788e-01  -3.2140584e-01  -3.2782164e-01   2.8550429e-01  -2.1972970e-01  -6.5197989e-02  -2.7749335e-01  -3.7330928e-01  -9.6736536e-02  -2.3234858e-01  -8.6563535e-02  -1.4778565e-01  -3.9631658e-01  -2.5622015e-01  -1.5837602e-01  -3.5408148e-02  -2.7088577e-01  -1.8703915e-01   2.7639090e-02  -1.3918564e-01   3.4592276e-01  -3.6005580e-01   6.7622985e-01  -3.7669290e-03  -1.6431245e-01   7.8502236e-02   7.6882712e-01  -2.2102469e-01  -3.7319331e-02   1.1365430e-01   3.2046957e-03  -3.4840364e-01  -7.0879587e-02   2.5073614e-01  -1.3164647e-01   5.0185683e-01   1.7774507e-01  -8.1588198e-02  -4.8620584e-01  -2.5612500e-01  -5.3461099e-01  -3.8383484e-01  -1.0309416e-01  -3.7695916e-01  -1.3894564e-03  -8.9628454e-02   4.4488208e-01  -3.3210502e-01  -3.6067669e-02  -4.3430875e-01  -3.9754325e-01  -3.9211187e-02  -4.8013777e-02   4.4376081e-01  -2.9758908e-01  -2.4239914e-02  -1.7071473e-01  -1.2384265e-01  -2.8643062e-01  -7.0392846e-02   1.7003179e-01   1.6334122e-01   4.0449849e-01  -3.9609322e-02  -4.8179347e-01  -4.0408748e-01  -3.4017884e-01   2.8959263e-01   6.8459431e-02  -1.9119570e-01   1.1640525e-01  -9.6282608e-02  -1.2292822e-01  -1.2103106e-01   4.7953139e-01   7.2370905e-01   3.3006075e-01   2.5459374e-01  -4.7141515e-02  -3.5916073e-01  -1.9349587e-01  -9.6262664e-03
  -3.4469024e-02  -6.7844392e-01   1.2655473e-01  -2.1801171e-01  -3.0920512e-01   0.0000000e+00   6.4083034e-02   7.9666615e-02  -6.5231684e-01  -4.5534074e-01   1.3331333e-01  -3.4144871e-01  -3.2613684e-01  -1.5479573e-02   1.1452307e-01  -8.0571580e-02  -6.2336693e-02  -3.2075634e-01   4.9405221e-01  -3.2653190e-01   3.0655092e-01  -1.9412266e-01   3.0192371e-01   3.4022215e-01  -4.7540085e-04   5.9702271e-01   2.4100591e-01   3.8904199e-01   3.7021776e-01  -2.6793457e-01  -2.2317389e-01   4.8273537e-01   1.2674872e-01  -1.7497713e-01   1.1319068e-01  -3.8035482e-01  -4.4175786e-01   3.2111702e-01  -2.3681404e-01  -2.2189089e-01  -2.0415149e-01   5.0621392e-03  -1.0630652e-02   3.0874423e-01  -1.1478824e-01   2.3600798e-01   1.2049164e-01  -4.9505461e-01  -1.8603312e-01  -2.5266200e-01   7.6714725e-02   6.5079324e-01  -2.3086153e-01   5.9990871e-02   2.4648459e-01   4.1558767e-01   8.0337690e-01   5.8430163e-01  -4.4040881e-01   1.8725309e-01   2.6814385e-01   2.1861537e-01  -5.8268719e-01   7.9262176e-03  -2.4198624e-01  -3.8019956e-01   7.2665207e-01   1.3985014e-01   4.2393344e-01  -5.1065738e-02  -7.1029765e-01   3.1630925e-01  -4.5349702e-01   4.6948278e-01   2.2952644e-01   2.4844230e-01   2.6722441e-01   3.6430803e-01  -4.2030242e-01  -2.1669677e-02   4.4518357e-01  -2.0211236e-02   5.6469754e-02   1.7069961e-01  -4.6673983e-01   5.7966438e-01  -5.4135205e-01   2.2353826e-01  -4.4669490e-01   2.0588328e-01  -3.9064233e-01   2.9503410e-01  -3.5875229e-01   7.4376282e-02   2.2867157e-01  -3.0428241e-01   3.9111540e-02   6.9869802e-01  -4.1561652e-01  -2.5007297e-01  -1.2450619e-01   1.5455273e-01  -2.2864734e-01  -4.6050709e-01   3.7045198e-01   2.9839986e-01   1.7954600e-01   7.9513417e-01  -2.8503924e-01   1.5081056e-01  -1.1907872e-01   6.2238949e-01  -3.0032600e-01  -3.0681635e-02  -1.0532610e-01  -3.6493276e-01   4.2607529e-01  -3.7688838e-01   6.2579665e-02   4.3756269e-01   3.4289839e-01  -4.5795115e-01   1.5301280e-01  -3.8775776e-01   2.7395566e-01   3.8082582e-01   2.8033198e-01  -2.4976218e-02  -3.8838167e-01  -2.7565519e-01  -2.2082470e-01  -1.9432665e-01  -5.9510500e-01  -1.3882728e-01   2.8073038e-01   1.8149790e-01   1.8418104e-01  -3.3507018e-01   6.7556867e-01   2.5741299e-01   2.2756844e-01  -3.8709236e-01   4.2339487e-01   1.3850774e-01   2.7523898e-01   9.8698842e-02  -4.0660365e-01   1.3161180e-01  -7.1173138e-03   1.6071750e-02   3.2744693e-01  -4.4417880e-01   3.4227413e-01   8.9295835e-02  -3.1070705e-01   1.4350124e-01   1.9609014e-01  -1.5946318e-01   1.7536360e-01   6.6347250e-01   2.8713458e-01   3.4422877e-01  -1.0495999e-02  -1.0243069e-01   5.6132811e-01  -2.7074046e-01   1.7277611e-01   3.1781078e-01   3.0229541e-01  -3.3590603e-01  -4.3189922e-01   2.1217326e-02  -2.7627642e-01   5.5819565e-01   1.3482689e-01  -2.0126219e-02  -2.1242115e-02
   8.0933723e-02  -1.4213422e-01  -2.6622725e-01  -8.1191070e-02  -2.7833984e-01   6.4083034e-02   0.0000000e+00   6.5258031e-02  -4.5248807e-02   2.3702168e-01  -2.1814886e-01  -3.4172920e-02   8.9227112e-04   2.3868615e-01   3.4121501e-02   7.8877160e-02  -2.2278874e-01  -2.1444363e-01   1.4283698e-01  -1.5683303e-01   2.7909171e-01   1.2685745e-01   5.6252324e-01   6.0223858e-02   1.0590816e-03   2.7216162e-02  -7.3728508e-03   2.2410822e-01   1.1687634e-01   5.9516002e-02  -9.2656323e-02   6.8839465e-02   4.9628607e-02   1.2533065e-01  -1.7668908e-01  -3.2045607e-02  -2.2338165e-02   7.9018398e-02  -3.8486944e-02   5.8262286e-02  -1.3216001e-01  -1.1513805e-01  -1.5527367e-01  -1.0004596e-01   8.1218110e-02  -8.2887875e-02  -2.2037100e-01   1.1661705e-01  -1.5211363e-01  -3.9186168e-01   1.8362985e-01  -5.9322102e-02   1.6774836e-01  -1.1057014e-01  -4.0970665e-02   2.7418136e-02  -3.2613015e-02   3.9417770e-02  -1.3028525e-01  -4.3419370e-02  -2.6327783e-01   1.0596267e-01  -1.8760043e-01  -5.1590578e-03  -2.6498368e-01  -1.0597565e-02   2.4881605e-01  -7.1802185e-02  -4.5695971e-02   1.1712254e-01  -7.9856943e-02  -1.6987070e-02  -2.7605222e-01  -9.9835580e-02  -5.0181797e-02  -6.0910045e-02  -2.3072907e-01  -1.7680991e-02  -1.9283648e-01  -1.5016520e-01   4.2808187e-01  -1.2952507e-01  -1.0511572e-01   8.8483031e-02  -1.8485250e-01  -7.9965280e-03   7.2955739e-02  -1.6657625e-02  -2.1382737e-01   3.9142357e-02  -3.4214691e-01  -2.0846922e-01  -1.5644286e-01  -2.9189957e-01  -1.2898053e-01  -1.2337472e-01  -1.9312843e-01   6.4232029e-02  -2.7137376e-01   3.1631819e-01  -4.7144742e-02   3.1621969e-01   2.2377918e-01  -4.6654717e-02   3.5205422e-01   1.1273458e-01  -2.1290739e-01   3.7868947e-02   2.7090075e-01  -2.3148052e-01  -6.1685465e-02   3.7026579e-01  -1.3395773e-01   1.1291435e-01   1.3161316e-01  -2.8898055e-01  -2.7615475e-02  -1.1138518e-01   1.9312129e-02  -2.2207777e-03  -3.8574491e-02  -2.6086409e-01  -7.6475754e-02  -1.7918078e-01  -3.2994116e-02   3.5232067e-02   3.8596402e-01  -2.7900609e-01   8.5140925e-02   1.1951600e-01  -2.2638597e-01   9.0317764e-02  -3.9252682e-02   3.7418049e-02  -2.3375395e-01   8.9710471e-02  -1.4088005e-01   7.2048492e-02  -1.0771661e-01   1.2215176e-01   4.0183495e-03  -8.4128331e-02  -7.8971922e-03   2.7219040e-01   1.2436902e-01  -8.5326668e-02   3.7703755e-01  -2.0483065e-01   1.1101404e-01  -1.3881206e-01  -5.3197192e-02   1.8442751e-01  -1.6652765e-01  -1.2877677e-01  -1.4517253e-01   1.8440120e-02  -7.7050006e-02  -6.4355742e-02  -2.9067870e-01   2.7526424e-01   2.6488770e-02  -2.4204806e-01  -1.4467055e-01   1.1479998e-01   5.6889440e-02  -3.8511183e-02   1.0774401e-01   4.0399966e-01  -1.4084766e-01  -4.5052023e-01  -2.4169380e-02  -2.3206724e-01  -2.1803797e-01  -6.7646850e-02   6.5579150e-02  -1.8857885e-01   4.4769298e-02
  -2.0552612e-01  -7.6976459e-03  -3.2488828e-01   2.8590966e-01  -4.3748758e-01   7.9666615e-02   6.5258031e-02   0.0000000e+00   2.2075631e-01  -4.6765160e-01   4.2767703e-01  -2.3849570e-01  -5.8433563e-01   9.4420586e-02  -4.9251436e-02  -4.8098786e-01  -5.5978610e-03   3.1744017e-01   7.3209589e-02  -4.9447197e-01   5.5167755e-01  -2.7652195e-01   8.2031134e-02  -3.7416186e-01   3.3834418e-01   5.1025868e-01   1.1958415e-01  -1.2285722e-01   3.9202706e-01  -2.1987928e-02   5.2930650e-01  -1.5127656e-02   4.1485173e-01   1.0661200e-01  -3.5527781e-01  -2.5250121e-01  -9.6401896e-02  -3.5124048e-01  -3.0040187e-01  -1.0126595e-01  -4.1353866e-01   3.4656839e-01  -1.8956634e-01   7.4416387e-01   2.9844791e-01  -3.2103219e-01   3.2988371e-02   2.4212882e-01   9.2742489e-02  -2.3144683e-01   3.5509162e-02   1.9589915e-01   2.9860920e-01   3.0725007e-01   1.6623989e-01   2.4142601e-01   2.8810072e-01  -1.8516184e-01   1.9654304e-03  -3.3051335e-01  -4.7489757e-02   1.2144662e-01   1.8561986e-01   5.5670741e-01   2.0090648e-01  -2.0837422e-01   2.6927420e-02   6.0685897e-02   1.5195942e-01  -5.5837732e-01   1.2227609e-01   2.1814694e-01  -2.8621076e-01  -9.5306279e-02   5.0421161e-01   2.4549829e-01  -3.3029730e-01   5.3632769e-01  -2.8570934e-01   2.7894806e-01   2.5481998e-02  -4.2572491e-01   4.6588767e-01   8.2928894e-01   9.5628643e-02   1.3155134e-01   1.9294054e-01  -1.6739954e-01   2.4420984e-01  -3.6033553e-01  -3.1453609e-01  -1.9815687e-02  -2.3332600e-01  -1.9815929e-01  -2.5673553e-01  -4.5185649e-01   3.8343860e-01   3.7631399e-01  -8.9358840e-02  -1.7539340e-02   2.3510022e-01   7.0170528e-02   4.6664170e-01   1.8879118e-01   2.3819550e-01  -9.3546849e-02   2.9446632e-01   2.0420352e-01   1.6592500e-02   3.7075565e-01   1.0330966e-01  -1.8241711e-02   3.4573254e-01  -1.2201595e-01  -3.2512451e-01   1.4430165e-01   4.5878610e-01  -4.9118003e-01  -9.7417709e-02   2.1420364e-01  -3.4811284e-01  -4.2619287e-01   3.0971055e-01   4.7030835e-01  -3.2409550e-01  -3.1856383e-01   3.1272861e-01   3.2266404e-01  -9.2909153e-03  -3.7785263e-01  -6.1658412e-01   3.4154741e-01   1.7271010e-01   4.8944267e-01   1.6712972e-01   6.7435397e-01   4.3468199e-01   3.0648298e-01   2.3362880e-01  -1.5399620e-01  -1.0019665e-01  -4.7345035e-01   3.8112860e-01  -4.8616641e-01   1.8135914e-01   5.7070475e-01  -3.0573329e-01   3.6758651e-01   5.2848052e-02   3.5188977e-01  -2.4336823e-01   5.7365751e-01   7.3236216e-02   5.2251540e-01  -2.6690700e-01  -5.7682541e-01  -1.1904744e-01  -7.6143521e-02   2.1056463e-02   1.7423403e-01   1.0128777e-01   5.0048867e-01   1.4318948e-02   2.7846798e-01  -2.3389993e-02   2.8959823e-01   2.6745487e-01   2.6604966e-01   4.1924599e-02   9.3686363e-03  -3.6772466e-01  -4.3871368e-01  -6.7577171e-02  -9.1896470e-02   2.4803997e-01   2.3612531e-01  -1.7811788e-01
  -6.7221825e-02   7.2804643e-01  -4.1534038e-01   2.4180713e-01   1.2854944e-01  -6.5231684e-01  -4.5248807e-02   2.2075631e-01   0.0000000e+00   7.9119394e-02   9.7388016e-02   1.1172628e-01   1.3028351e-01  -1.8365100e-01  -1.1000714e-01  -8.8705678e-03  -1.5305105e-01   4.9142038e-01  -3.6664189e-01   4.2830472e-02  -1.3123480e-01   2.8260714e-01  -2.4598525e-01  -5.3924017e-01   2.4765466e-01  -4.0645510e-01   5.1184273e-02  -6.2999833e-01  -3.2480437e-01   5.2268787e-01   4.2294628e-01  -4.1254520e-01  -2.1308727e-01  -1.3725286e-01  -9.9592650e-03   1.6564696e-01   1.9360797e-01  -3.3511412e-01   2.4756577e-01   1.1208152e-01  -2.5308220e-02  -1.5941181e-01  -1.0915395e-01  -4.3713203e-02  -6.7015754e-02  -3.7153893e-01  -5.6057945e-02   4.8500125e-01   2.9820034e-01  -4.1485558e-03  -1.4908404e-01  -4.3733832e-01   3.3688451e-01  -1.5828625e-01  -3.6849869e-01  -3.6427566e-01  -5.1576210e-01  -4.6231671e-01   4.0822860e-01  -1.4757214e-01  -5.4631158e-01  -1.7344564e-01   8.5915801e-01   2.5280956e-01   4.2175028e-01   1.7090725e-01  -2.4103253e-01   2.9230166e-02  -2.0524292e-01  -2.3347819e-01   6.3896271e-01  -1.7602054e-01   2.1379849e-01  -6.1006247e-01  -7.4540641e-02  -5.2535813e-02  -4.5169066e-01  -1.0829516e-01   2.5843939e-01   6.8958771e-02  -5.3678981e-01  -8.4281766e-03   7.2978480e-03   4.6789991e-02   3.5157306e-01  -3.9630158e-01   7.3222649e-01  -1.1530524e-01   5.9781096e-01  -4.2480056e-01   2.1184360e-01  -5.2091212e-01   7.1581427e-02  -1.3410878e-01  -3.4167951e-01   3.4521714e-02  -3.3037560e-02  -4.5109516e-01   5.5372316e-01  -1.4270057e-02   4.6139982e-02  -8.3941674e-03   3.4054057e-01   7.6050982e-01  -1.4433654e-01  -2.3681618e-01  -3.7318573e-01  -4.4640175e-01   1.4226150e-01   6.0369503e-02  -1.0650838e-01  -3.7341452e-01   3.7299439e-01  -1.6562277e-01  -2.6965502e-01   3.2136465e-01  -1.9651802e-01   2.8307371e-01  -1.1133111e-01  -2.9684993e-01  -5.8445265e-01   1.7891011e-01  -2.7445409e-01   7.3689144e-01  -4.7632550e-01  -4.9045267e-01  -7.6553335e-02   1.4266623e-01   6.2732648e-01   8.5159821e-02   1.1627616e-01   1.0682260e-01   6.9766989e-01   1.8372295e-01  -3.2049833e-01   7.0233137e-02  -9.4240354e-02   2.6486084e-01  -4.4580612e-01  -2.9776603e-01  -4.4945079e-01   2.6395659e-01  -7.2669000e-02  -2.5518859e-01  -3.0405305e-01   2.0042637e-02   1.4977628e-01   1.1883343e-01   2.2616644e-02  -1.1049964e-01  -5.8252666e-01   5.2918103e-01  -6.2300542e-01   1.0150820e-01   3.1105607e-01  -2.9489885e-01  -3.9585930e-01   7.6067379e-02  -4.0367453e-01  -5.6829069e-01  -1.1055128e-01  -1.3362269e-02  -1.5268069e-01   3.5252962e-01  -6.3806293e-01   2.4515949e-01  -1.3268785e-01  -2.2958197e-01  -5.4211956e-01   1.1152915e-01   1.6925231e-01  -1.8819907e-01   5.8334802e-01  -3.8029510e-01   7.0308196e-03  -1.3012215e-01   1.9322080e-01
   1.6841326e-02   1.1634637e-01   7.3515043e-02   4.0574797e-02   3.5268972e-01  -4.5534074e-01   2.3702168e-01  -4.6765160e-01   7.9119394e-02   0.0000000e+00  -4.0174923e-01   1.4930990e-01   7.1645210e-01  -1.2729471e-02   1.9760625e-02   2.8319040e-01   3.5847052e-02  -1.2970673e-01  -3.7324028e-01   4.8799650e-01  -5.0569567e-01   5.2956655e-02   3.9707430e-02  -3.5002231e-02   4.8317964e-02  -5.6863693e-01  -8.4697567e-02   1.6400593e-02  -8.5325508e-02   9.8534261e-02  -2.4487078e-01  -4.9764499e-02  -4.0286246e-01   3.4875914e-01  -1.7195028e-01   3.9553311e-01   2.5907511e-01  -1.9614069e-01   1.8357462e-01   1.4858080e-01   5.5176559e-01  -1.4354522e-01  -9.7940810e-02  -7.0790916e-01  -4.4391823e-02  -1.4702790e-01   8.7953825e-02   1.5726769e-01   9.2773388e-02   1.3658030e-01   1.6186914e-01  -4.4167700e-01  -7.3702088e-02   4.1003402e-02  -2.1352626e-01  -3.0873670e-01  -5.4146842e-01  -1.4572030e-01   2.7302559e-01  -8.5800665e-02  -2.0178344e-01   2.3020333e-01  -7.5665588e-02  -4.7481360e-01  -2.0470774e-01   4.2635969e-01  -2.5980143e-01   1.2647155e-01  -2.0131108e-01   3.4538117e-01   2.0407395e-01  -1.1366205e-01   4.5392863e-01  -1.3901098e-01  -2.7194585e-01  -1.7492059e-01  -2.0252607e-01  -6.2392646e-01   3.7498288e-01  -4.3636963e-05  -1.1669855e-01   1.5900166e-01  -3.8066854e-01  -4.9381718e-01   7.8608585e-02  -1.6048766e-01   1.6233744e-02  -1.5200627e-01   2.1954162e-02   3.2702331e-02   4.0519592e-01  -1.9976510e-01   4.2559387e-01  -1.1621772e-01  -1.7791592e-01   6.5866693e-01  -2.1603078e-02  -6.0164415e-01   2.1891879e-01   1.8402630e-01  -1.1031788e-01  -1.1486754e-01  -1.4414530e-01  -1.6978891e-01  -1.4845951e-02  -1.1544878e-01  -7.6454791e-02  -5.1379795e-01   3.6054971e-01  -2.3824746e-01  -3.5020827e-02  -1.4228160e-01   8.5197075e-02   2.6943832e-02   3.6870394e-01   1.6293145e-01  -6.2100428e-01   5.6025829e-01  -1.2749073e-01  -1.9478900e-01  -6.6582792e-02   5.8945319e-01  -1.5291179e-01  -2.7517444e-01  -2.2126963e-02  -1.3600539e-01  -1.3803756e-01  -7.1434581e-02   1.5259521e-01   3.2692260e-01   4.1133283e-01   9.3430242e-02  -5.5906459e-02  -2.1640833e-01  -2.0468409e-01  -4.3874351e-01  -9.2706720e-02  -8.4576425e-02  -5.0670044e-01  -1.8824324e-02   4.5763948e-02   5.9593946e-01  -5.4890462e-01   3.0670196e-01  -1.6175254e-01  -4.7596809e-01   5.6712890e-01  -2.9388098e-01   1.8715259e-01  -1.7579266e-02   8.1736656e-02  -6.3865058e-02  -1.5709197e-01  -3.9664657e-01   1.5100381e-01   1.7706116e-01  -1.5001469e-02   2.9884722e-01  -1.9131028e-01  -4.3216059e-01   9.3570196e-03  -6.3669207e-01   1.8363142e-01   1.5728018e-02  -2.5905563e-01   8.0890737e-02  -3.0804694e-01  -2.6444939e-01  -1.7851975e-02   7.5895734e-02   5.4409981e-01   3.3650115e-02   1.1658091e-01  -2.5064920e-01  -4.1091655e-02   2.6885067e-02   1.1858849e-01
  -3.7904346e-01  -8.9290540e-02  -1.7760306e-02   1.3420406e-01  -2.9616851e-01   1.3331333e-01  -2.1814886e-01   4.2767703e-01   9.7388016e-02  -4.0174923e-01   0.0000000e+00   7.8051105e-02  -5.1620006e-01  -3.3123352e-01   1.1581322e-01  -4.4221914e-01   2.3712966e-01   1.9735789e-01   2.8304103e-01  -2.2471766e-01   1.2182143e-01  -4.0474169e-01  -1.9362912e-01  -2.7843183e-01   2.5229628e-01   3.6949749e-01   3.7086990e-01  -3.1195130e-01   2.9981687e-01  -5.4551643e-02   2.4179157e-01  -3.7586854e-02   2.0602192e-01  -2.2195068e-01   4.0614943e-03  -1.8169560e-01   8.8704646e-02  -2.5474155e-01  -3.8027092e-01   5.4548715e-02  -2.3448916e-01   1.2118447e-01   2.8819535e-02   6.2696142e-01   3.7437170e-01  -2.8935912e-01   4.0606642e-01  -1.0189163e-01   2.8528659e-01   1.7880998e-01  -2.4746688e-02   2.6823972e-01  -2.5462724e-01   1.7968957e-01  -5.5123141e-02   2.3724738e-01   2.5423205e-01  -1.9447136e-02   6.4516417e-02   1.1552178e-01  -1.4404829e-01   2.9502038e-01   5.1626817e-02   7.8409726e-01   3.0876306e-01  -3.0015021e-01   3.4073478e-01   3.3984429e-01   3.9869824e-01  -3.0948488e-01  -8.8297506e-02   3.5768378e-01  -7.2428308e-02  -4.2556067e-02   3.9422165e-01   5.5010832e-02  -2.5901106e-01   4.8109576e-01  -2.1573177e-01   3.8062839e-01  -1.0955891e-01  -3.2995644e-01   5.3897797e-01   4.3961403e-01  -1.6663924e-01   6.8093901e-02  -1.1227390e-01  -3.4594376e-01   2.2561484e-01  -3.5482326e-01  -2.1513572e-01  -1.6168406e-01  -4.2472367e-01   3.1848148e-01  -3.2470206e-01  -1.6088297e-01   4.2989793e-01   4.3615678e-01   2.7509474e-01   8.1297937e-03  -2.2903349e-01   4.9099896e-01   1.0805575e-01   1.9732907e-01   1.3916938e-01  -3.6935810e-01   1.6129634e-01   3.5162037e-01  -6.3705178e-03   6.1109757e-01   2.1707001e-01  -9.5873690e-03   2.3375363e-01  -3.9102503e-01  -4.5872116e-01   1.8889346e-01   3.1913103e-01  -3.3324766e-01  -3.8360291e-01   2.4060905e-01  -3.8221940e-01  -4.3589575e-01   3.3112729e-01   2.3156261e-01  -3.1197768e-01  -2.2380858e-01   3.6546578e-01   1.8752780e-01  -3.8160888e-01  -1.1727457e-01  -4.0265839e-01   3.0781712e-02  -8.8572765e-03   2.1311684e-01   3.5999512e-01   4.9022343e-01   4.2736130e-01  -1.1950130e-01   1.9287401e-01  -3.2373878e-01  -6.4607750e-02  -5.2145028e-01   4.9630315e-01  -4.3786892e-01   2.2680822e-01   3.3024417e-01  -2.1772889e-01   5.3305984e-01  -1.5330316e-01   1.0530029e-01  -4.1186905e-01   7.0491288e-02  -3.4852309e-02   8.5802805e-01   7.2508361e-02  -3.9483822e-01  -3.2505197e-01   1.7870804e-01  -1.4733863e-01   1.7499586e-01   3.7694570e-01   6.6428624e-01   1.1552912e-01   1.0275955e-01   1.0938048e-01   5.8109722e-02   6.1577747e-01   1.1765332e-01  -9.5485412e-03  -2.4038684e-01  -5.3180459e-01  -3.8728468e-01   1.2436060e-01  -1.8622864e-01   1.8663000e-01   3.7189975e-01  -2.2811764e-01
   4.8732168e-02   3.0278331e-01   4.1740113e-01  -1.6026172e-01   1.6027246e-01  -3.4144871e-01  -3.4172920e-02  -2.3849570e-01   1.1172628e-01   1.4930990e-01   7.8051105e-02   0.0000000e+00   3.0042844e-02  -7.6966225e-02  -2.6696189e-02   7.4187516e-03   2.9774075e-01  -1.4839258e-01   1.4454079e-01   1.4654802e-01  -1.9608205e-01   5.8881520e-02  -3.6116096e-01  -1.8195718e-02  -4.0000580e-01  -1.6459997e-01  -1.5145248e-01  -2.5167856e-01  -2.6418881e-01  -2.2390533e-01   8.3045412e-02  -2.3450869e-01  -7.3843419e-02   1.1154902e-01   8.0487638e-02   2.4044919e-01   3.2154478e-01   8.8512318e-02   2.7329305e-02   3.9201912e-01   6.8953790e-02  -2.2073078e-01   2.8887803e-01  -2.6211983e-01   2.0583361e-01   1.1687066e-01  -1.5816868e-01  -7.7390858e-02  -1.5306203e-01   4.5674523e-01   1.6820371e-01  -1.7543647e-01   1.7789954e-01  -2.1983791e-01  -3.7864642e-01  -2.7886327e-01  -1.9272001e-01  -1.9263347e-01   8.5915984e-02   2.4364374e-01   1.8545258e-01  -2.3008541e-01   1.0521139e-01   3.4671984e-02   6.8828378e-02   2.9824469e-01  -1.2386536e-01  -1.7049007e-01  -2.3712950e-01   1.5332003e-01   1.8587695e-01  -3.3364956e-01   1.5625167e-01  -7.4214229e-03  -3.2809327e-01  -2.3281307e-01  -1.3597151e-02  -2.0892738e-01   2.7264741e-01  -2.8568635e-01  -2.4672274e-01   7.2116416e-02   8.0211461e-02  -7.9933000e-02   1.2478006e-01  -4.6877873e-01   6.0608717e-02  -2.0049668e-01   1.0260295e-01  -3.7315772e-02   1.7556931e-01   9.0364423e-02   2.2282547e-01   2.5758071e-01   2.8085821e-02   2.3782582e-01  -1.7320222e-01  -1.7688473e-01   8.7455008e-03   4.2255513e-01  -1.9911225e-01   2.0586401e-01  -5.7807788e-02   1.3039654e-01  -3.9573954e-01  -1.3257431e-01  -4.7265511e-02  -2.4866353e-01   3.7257348e-02  -1.5451302e-01   4.3542716e-01  -2.8177356e-01  -3.2685790e-01  -1.8917784e-02  -1.3159042e-01   1.4363292e-01  -3.6116237e-01   2.3897300e-01  -1.0067778e-01  -4.2151203e-01  -5.4074256e-02   2.0074314e-01  -4.3042692e-02   2.0501131e-01  -5.7324232e-02  -1.7235607e-02  -1.4696821e-01  -4.2646224e-01  -8.0005621e-02   1.0867579e-01   4.5621328e-02  -6.2444929e-02   1.7429205e-01  -1.0057095e-01  -1.2928210e-01  -1.5789700e-01  -3.0788090e-01  -1.4474125e-02  -2.1678869e-01  -1.2855315e-01   1.3486361e-01  -2.1540143e-02  -3.1045483e-01  -7.5478607e-02  -9.4779467e-02  -8.0695118e-02   4.3091643e-01   4.3565578e-02  -1.4948015e-01  -6.7558031e-02  -1.4624345e-01   1.3505394e-02   1.0913775e-02   1.4561286e-01   3.5579477e-01  -3.6437001e-02   1.0150752e-02   9.6564734e-02   1.1132466e-01  -2.4804983e-01  -2.1716939e-01  -3.1285618e-01   1.1674809e-01  -3.0626746e-01   8.1341268e-02   5.8909928e-02   3.2310514e-01   1.3170647e-01   7.5374024e-02   1.8217630e-01   2.1255745e-01  -1.7288311e-02  -2.1447211e-01  -1.9324036e-01  -3.3782557e-01  -1.8995829e-01   3.5989266e-02
   1.4498285e-01   1.9263168e-01  -1.0183697e-02   4.5643765e-02   4.7199570e-01  -3.2613684e-01   8.9227112e-04  -5.8433563e-01   1.3028351e-01   7.1645210e-01  -5.1620006e-01   3.0042844e-02   0.0000000e+00  -1.3663585e-01  -6.4972143e-02   5.5917082e-01  -1.1732152e-01  -8.7620066e-02  -3.8141876e-01   5.9035548e-01  -5.9832913e-01   2.0563209e-01  -1.3702278e-01  -1.2077867e-02   2.6626975e-02  -5.9016094e-01  -1.1592504e-01  -3.9735453e-02  -2.2503316e-01   2.1637366e-01  -3.2027096e-01  -1.7899123e-01  -5.4702953e-01   1.5732399e-01  -9.9843600e-03   3.3387413e-01   1.0431267e-01   2.0479767e-02   5.3496121e-01   4.8220269e-02   5.9954666e-01  -2.7588691e-01  -1.1478349e-01  -7.1622165e-01  -2.6884162e-01  -1.1934981e-01  -6.9167992e-02   1.0366490e-01   1.0599519e-01   4.9997084e-02  -3.2204676e-02  -3.9516333e-01  -1.0061017e-01  -1.0033271e-01  -4.0027600e-01  -3.5670251e-01  -4.0909605e-01  -2.5607163e-01   3.6223426e-01  -1.0371128e-01  -3.2353025e-01   6.7229717e-02   5.3047628e-03  -6.0028442e-01  -1.2124951e-01   2.9346894e-01  -1.8568621e-01   3.8839428e-02  -3.2414873e-01   2.8553081e-01   1.5073137e-01  -1.9709831e-01   5.3418824e-01  -2.2456448e-01  -3.3344865e-01  -1.6602490e-01  -8.6986694e-02  -5.4205805e-01   4.6313151e-01  -7.3707343e-02  -2.5775665e-01   4.8237822e-01  -4.5350649e-01  -6.1154552e-01   7.4433848e-02  -2.0203092e-01   1.9427974e-02   8.5558622e-02  -6.7240879e-03   1.6781982e-01   4.6930420e-01  -3.5718245e-01   5.2904768e-01  -1.7716394e-01  -1.2516370e-02   5.6456382e-01  -1.6667635e-01  -5.3917627e-01   3.5894507e-01  -6.8654536e-02  -1.7218989e-01  -1.5915399e-01  -3.2184179e-01  -5.9765194e-02  -2.0989574e-01  -1.1922715e-02  -2.8404836e-01  -4.2706660e-01   2.0433080e-01  -1.9431282e-01  -9.6722087e-02  -2.7668137e-01  -1.7000498e-02   9.9200149e-03   2.2052320e-01   2.2052361e-01  -5.2985326e-01   6.7065226e-01  -4.5644563e-02  -2.6861788e-01  -4.2724892e-02   6.7175907e-01  -3.5793344e-01  -2.7418962e-01   7.1499293e-02  -1.4198953e-01  -2.6701728e-01   9.7405688e-03   2.8627320e-01   2.9235039e-01   7.4216703e-01  -4.0507237e-02   7.8507380e-03  -3.9674500e-01  -3.1233773e-01  -6.0385228e-01  -2.9896424e-01  -9.6302084e-02  -5.5179346e-01   1.0467194e-01  -9.6190475e-02   8.4751229e-01  -4.5315558e-01   3.7215669e-01  -3.3174645e-01  -5.4655890e-01   3.9038551e-01  -3.2568812e-01   1.5208173e-01  -2.4356964e-01  -4.3152554e-02  -2.7240433e-01  -3.4542107e-01  -4.9082799e-01   2.9992750e-01   2.8155339e-01  -1.2742676e-01   2.0904721e-01  -3.2780224e-01  -5.6678920e-01  -1.3631464e-02  -5.2223375e-01   1.6297317e-02   1.6949095e-02  -4.6956799e-01   1.3268111e-01  -3.8224573e-01  -2.8903741e-01  -3.2174862e-01   1.8954226e-01   5.7154433e-01   2.1449321e-01   3.2784616e-01  -2.5261879e-03  -1.3463808e-02  -2.1522826e-01   1.9477884e-01
   3.3200546e-01  -1.6635540e-01   1.0942907e-01   6.0033458e-02  -2.2057087e-01  -1.5479573e-02   2.3868615e-01   9.4420586e-02  -1.8365100e-01  -1.2729471e-02  -3.3123352e-01  -7.6966225e-02  -1.3663585e-01   0.0000000e+00  -1.0967592e-01  -1.3208746e-01   1.3458561e-01  -3.5281087e-02  -1.2354198e-01  -2.1893342e-01   3.9144208e-01   7.5088058e-02   2.1044576e-01   1.1757691e-01  -8.8324723e-02   8.8930344e-03  -2.3612433e-01   3.8602425e-01   8.9335206e-02  -4.7269834e-03   6.1651126e-03   2.3600606e-02   2.7817910e-01   1.2572346e-01  -1.8647462e-01  -1.8217596e-01   1.3811923e-02   5.4770475e-02  -1.2273891e-01  -5.9039734e-02  -1.1660026e-01   2.0557780e-01   2.0994221e-02   5.1156087e-02  -1.5940025e-01   1.9447304e-01  -1.4880251e-01   2.9209409e-01  -1.6913464e-01   4.6665579e-03  -1.0522747e-02  -3.1791386e-02   3.3609438e-02   1.9201169e-01   4.5263547e-01   2.3741717e-01  -6.7157960e-02  -3.2478465e-02  -2.5106471e-01  -1.8141672e-01   4.1721563e-01  -4.3105477e-02  -8.6337239e-02  -1.9781842e-01  -1.8934588e-01  -9.0846145e-03  -2.6200371e-01  -4.7470356e-02  -1.7214097e-01   1.2773619e-01   1.0850891e-01  -1.3441833e-01  -2.6005174e-01   3.3517389e-01  -7.8288675e-02   4.3020085e-03   1.2823211e-01   1.8142331e-02  -2.2136617e-01  -1.9841914e-01   4.5946499e-01  -8.8182126e-02   2.4329855e-02   4.0134460e-03   8.1679668e-02   2.0482273e-02   1.8133301e-01  -1.0947349e-01   7.5843411e-02   1.6396719e-01  -1.8799039e-01   3.6713662e-01  -1.0514792e-01  -2.7634011e-01   1.4695537e-01  -1.8245737e-01   1.8610496e-02  -1.7632509e-01  -3.9660267e-01   1.6270710e-01   4.8757564e-01  -3.3609211e-01   2.8505162e-01  -1.4863749e-01   5.1664022e-02   3.2250052e-01   3.1078775e-01  -1.0635309e-01   3.8255281e-03  -3.8521586e-01  -2.7885005e-02   8.3270171e-02   5.7406067e-02   3.2675569e-01   4.0392034e-01  -3.3523538e-01   3.0055918e-02  -3.3506741e-01   4.5051756e-01   1.8382717e-02   1.7424297e-01  -9.8189406e-02  -9.9318161e-02  -1.4940228e-01   7.5328252e-02   3.2973919e-01  -1.1842233e-01  -6.4489786e-02   4.8124344e-02   1.6060468e-02  -1.3016159e-01  -4.9262884e-02   1.0735213e-01   2.7023931e-01  -6.4396296e-02   8.8748049e-02   1.5904353e-02   4.7029253e-01   8.9849803e-02   1.9353577e-01   9.2808139e-02  -8.8926806e-02  -2.2244356e-01   1.5809931e-01   6.5069195e-02   2.3164324e-01   1.0308241e-02  -3.2202099e-01  -8.5799702e-02   3.3099626e-01   3.7599282e-01   2.4441231e-01   2.1000674e-01  -2.3390706e-01  -2.2332591e-01   4.1385761e-02   1.7527541e-01  -1.8692501e-01   3.5746815e-01   3.6897782e-01  -1.3908231e-01  -2.8425170e-01  -1.2858311e-02  -8.0290724e-02   1.4338306e-01  -2.1977329e-01  -2.1032858e-01   2.9843633e-01   2.8252642e-01  -1.0058269e-01  -5.0725203e-02   4.0526397e-02  -3.8607499e-01  -1.3186645e-04  -9.4751802e-02   1.0787291e-01   1.1707615e-01
