   0.0000000e+00  -8.0211365e-02  -5.0156475e-01  -7.3224734e-02  -3.6634621e-01  -2.2672369e-01  -2.1962645e-01   3.7998423e-03   1.8061475e-01  -1.9104591e-01   1.3017647e-01  -2.0506525e-01  -2.6708575e-02   5.5830406e-01  -1.7057160e-01  -3.4274660e-01  -5.2443134e-01   1.5024657e-01   1.7336723e-02  -2.5334887e-01  -3.4364610e-01   7.5017543e-03  -3.0702847e-01   5.8718369e-01  -1.6380426e-01  -1.0558933e-02  -9.9665026e-02  -2.5794402e-01  -2.1053806e-01   1.9464935e-01  -1.4793618e-01  -6.8226852e-02  -2.3895117e-01  -2.5455329e-01  -2.8518528e-01  -3.4840247e-01  -3.3978413e-01   2.9069230e-01  -2.8995370e-01  -3.2273385e-01  -1.5593861e-01   1.6928914e-01  -1.8065890e-01   1.2371135e-01  -2.5942633e-01   6.6031620e-01   1.4846265e-01  -3.3317036e-02  -1.2749572e-01  -4.4017815e-01   1.3599985e-01  -2.8388486e-02  -1.9696460e-02  -3.6025798e-01   2.9415615e-01  -1.0663054e-01  -1.0382900e-01   1.8421152e-01  -5.0395760e-03   2.8041973e-02  -2.0881090e-01  -2.4592984e-01  -9.5529654e-02   1.9182614e-01  -1.7862285e-02  -5.4763321e-02  -4.1433236e-01   1.7192602e-01   1.1633522e-01  -1.6432237e-01  -5.3869396e-01   1.5100673e-01  -1.9125547e-01   4.5137711e-01  -4.9031329e-01  -5.7691266e-02  -8.0041426e-02  -1.6468306e-01  -5.4996411e-01  -6.0918280e-02  -3.3769175e-01  -1.5124114e-01  -1.5768750e-01   9.6275266e-02  -2.2084858e-01   1.1527721e-01  -2.5208303e-01   2.5063027e-01  -4.2770336e-02   7.8883926e-01  -3.8539722e-01  -3.2226378e-01  -5.5601296e-01   3.0138062e-01   2.1727732e-01  -4.5533853e-01   9.8010268e-02   1.5929448e-01   1.7886947e-02  -3.5949331e-01  -3.4050222e-01   2.1825215e-01  -4.6767214e-02   1.8528315e-01   1.9639334e-01  -1.2019015e-01  -2.8717025e-01   6.3131765e-02  -2.2589133e-01  -4.3888281e-01  -4.7803865e-01   1.0088060e-01   1.2731560e-01   8.4312001e-01  -3.3858336e-01  -2.7910765e-01   8.9185407e-02   2.2438800e-02  -1.8639696e-01  -8.0070772e-03   5.6539170e-01  -4.8971185e-01  -2.0738907e-01   7.2565423e-02   5.2648958e-01   6.0036761e-01  -1.8348700e-01  -2.3108564e-01   1.4673387e-02  -3.7079541e-01  -1.7102957e-01  -2.6343198e-01   5.9519392e-01  -5.7923201e-02  -2.3539451e-01  -1.1797374e-02  -4.0141517e-01  -3.8181364e-01   2.1913891e-01   7.5620952e-01   7.5709465e-01  -1.5771577e-01   2.8950469e-01  -2.5896828e-01  -2.7774645e-01   3.6146550e-02  -5.4607978e-01   1.1992521e-01   5.4660559e-02  -3.6449192e-01   4.1545424e-01  -2.8232305e-01   3.7663517e-01   9.4583566e-02  -4.7659021e-01   4.4268289e-01   5.5091976e-01  -1.0191294e-01   1.0967589e-01  -7.4339059e-02   3.5693196e-02   3.2674257e-01  -1.1892628e-01   2.4125179e-01  -9.3337854e-02  -1.8219231e-01  -2.2888720e-02   2.5102642e-01   6.8787171e-01  -5.0801929e-01  -2.7815927e-01   2.1626674e-01   2.8279689e-01  -1.5720026e-01   5.1648059e-02  -2.0799064e-01  -5.2013923e-03
  -8.0211365e-02   0.0000000e+00   1.0945794e-01   1.8321434e-01   4.1171449e-01  -2.3796400e-01   5.9153200e-01   4.6110169e-02   5.9266728e-01   1.6152053e-02  -2.3797026e-01   2.8355507e-01  -1.2423597e-01  -2.8152045e-02  -2.2490109e-01   6.0348627e-02   1.8716602e-01  -1.3967415e-01  -2.0973671e-01   2.7528017e-01  -5.4742371e-01  -4.5583029e-01  -2.7853891e-01  -4.2374576e-02   8.2108159e-02  -2.1939376e-01  -3.4300644e-01   2.6037206e-02  -5.2176962e-02   8.6814888e-02   2.0795390e-01  -1.3165288e-01  -1.5221530e-01   3.0246199e-01   1.1407929e-01   4.1360180e-02   2.4971097e-02  -1.9461131e-01  -1.4668818e-02   1.0271265e-01  -1.0751183e-02   1.3389609e-01   3.5246861e-01  -2.3806741e-01   4.7645347e-01  -1.4990986e-01  -5.9964393e-01   6.0819194e-01  -3.8101473e-01   1.6226812e-01  -1.4089609e-01  -2.5350076e-02   5.2243555e-01   1.9590404e-01   3.2808429e-01  -1.9803842e-01  -1.2846173e-01  -2.5303425e-01  -1.5254343e-01   7.6087318e-03  -1.0071402e-01  -1.7362008e-01   7.4018976e-01   2.7159566e-01   4.1588950e-01  -2.9374343e-01  -2.5283279e-01   4.1076073e-01  -5.0552514e-01  -7.5703044e-02   5.4864903e-01  -1.3516443e-01  -1.5589934e-01  -1.3413510e-01   4.0994754e-02  -3.6563343e-01  -2.3963576e-01   3.0442807e-03   2.7482165e-01   1.7766066e-02  -1.4412719e-01  -1.1744380e-01  -2.0760764e-01  -3.4147319e-01  -4.9653472e-02  -3.5593638e-01   1.3982036e-01  -3.7754225e-02   5.1041005e-01  -4.7518412e-02   3.4140543e-01  -1.8762065e-01   2.5703024e-01   4.4453856e-01  -1.5277015e-01   3.2159079e-01  -1.0884026e-01  -4.5797282e-01  -3.7836954e-02   2.1026590e-01   1.6459881e-02  -1.2779987e-01  -3.6321157e-01   2.6193610e-01  -2.8602497e-01  -1.0166036e-02   3.3738670e-01  -3.4265959e-01  -1.7079974e-01  -1.5239199e-01   3.2327568e-01  -3.4711377e-01   4.7319893e-01  -8.0039321e-02   1.0233984e-01   6.2383025e-01  -2.5929939e-01   1.2672147e-01  -1.7065003e-01  -1.5933631e-02  -2.1582917e-01   1.6645606e-01   5.0360435e-01   1.5061461e-01  -1.1301953e-01  -1.7207019e-01  -4.4023353e-02   1.1223358e-01  -9.7717480e-02   1.7202623e-01  -9.0334918e-02   2.0497452e-01   1.6845133e-01   3.6280648e-01   5.2948637e-01  -1.0995676e-01   1.6753887e-01   1.0853491e-01  -2.3750878e-01  -1.0004386e-01   2.1402655e-02   8.3981816e-02  -2.2438652e-01  -1.5473502e-01  -9.2522527e-02  -1.1111055e-01   1.6431411e-01  -2.7998271e-01  -4.3790648e-01   7.8450444e-02   2.7489087e-02   1.7258248e-02  -1.4376570e-01   2.1022696e-01   3.8254585e-01   1.4307860e-02   1.6592671e-01  -6.6007930e-02   1.3554711e-02  -3.7363894e-01   7.1694327e-01  -6.6972789e-02  -2.3562024e-01  -2.0714006e-01  -5.7606372e-02   6.3333996e-01  -1.9630347e-02   7.5162909e-02  -2.6120684e-02   4.6748461e-01   2.8685163e-01  -1.0497263e-01   1.3826236e-03  -2.4009102e-01  -3.2574638e-01   2.4192987e-01  -1.6676054e-01
  -5.0156475e-01   1.0945794e-01   0.0000000e+00  -2.2113327e-02   3.6253667e-01   1.7202266e-01   2.8216674e-01  -3.0405580e-01  -4.1988934e-01   8.5889762e-02  -4.4125888e-01   5.8882324e-01   4.3609840e-02  -4.2222628e-03  -9.0927918e-02   3.8083309e-01   8.8901170e-01  -3.8701167e-01  -6.1605586e-02   3.4962456e-01   2.2251746e-01  -5.9668218e-02   3.0867055e-01  -4.9187769e-01  -4.0826721e-02  -1.3425441e-01  -5.4065601e-02   3.0953858e-01  -5.7945925e-02  -3.9629442e-01  -1.4755036e-01   1.7233982e-02   5.6492560e-01  -7.1557828e-02   4.1642507e-01   3.3552709e-01   6.0829780e-02  -3.0408887e-01   3.7826236e-01   6.4823761e-01  -1.6555977e-01  -9.6851971e-03   4.4259507e-01  -2.6008402e-01   6.4474971e-02  -1.8952663e-01  -2.7751483e-01  -3.6274268e-01   3.8895722e-02   6.0277653e-01  -1.2776331e-01  -2.9026932e-01  -5.0251538e-01   5.8728151e-01  -9.3259859e-02  -1.9016687e-01  -4.5174192e-02  -1.9030730e-01  -1.9397917e-02   6.4074680e-02   8.0170080e-02   1.1072295e-01   3.5864780e-01  -5.0882402e-01  -4.0395829e-01   8.0937655e-02   4.3000948e-01  -2.4190394e-01  -3.3249329e-01   6.1987873e-01   5.6626888e-01  -2.0112668e-01  -1.2773664e-01   5.3942019e-02   5.5499193e-01  -9.4278867e-02   4.6544818e-02  -1.8082805e-01   4.4293028e-01   1.2875771e-02   2.4405747e-01  -8.3555555e-02  -8.4396480e-02  -2.8199741e-01   7.3728664e-01  -4.4378134e-02   2.2734770e-02  -4.3182006e-02   3.1188098e-02  -4.5533374e-01   4.2868682e-01   4.0556267e-01   6.3672950e-01  -3.8054658e-01  -1.1955373e-01   6.0135422e-01  -3.7713027e-02  -4.0888268e-01  -3.1364638e-02   3.5593027e-01   7.1558184e-01  -6.2001194e-01  -1.1757285e-01  -5.0472353e-01  -3.2065607e-01   6.6674792e-02   7.2586213e-01  -3.0716125e-01  -1.5852117e-01   1.2232753e-01   4.5493572e-01  -1.1910867e-01  -8.6001770e-02  -2.9840823e-01   6.5011285e-01  -4.2562864e-02  -5.3529031e-01  -2.1517472e-01   3.9532893e-01  -1.5021939e-02  -3.6838259e-01   5.9377857e-01   3.7383227e-01  -3.3791516e-01  -2.1827113e-01  -3.1726116e-01   2.3716812e-01   4.2002068e-01   9.4146520e-02   7.8066903e-01   2.8104421e-02  -1.5844874e-01  -7.1213795e-02  -3.7297481e-01   3.8748356e-01  -3.5069102e-01   3.7220654e-01   2.3584543e-01  -2.5889501e-01  -4.7248192e-01  -5.4840897e-01  -1.0592158e-01  -4.4462438e-01   5.5586545e-01   1.3342517e-01  -3.9519029e-01   7.9112942e-01  -3.2104627e-01  -1.5636372e-01   7.5214731e-02   3.9992089e-02   1.7784598e-01  -6.5519834e-02  -3.3700291e-01   8.2656809e-01  -2.9677927e-01  -4.6120786e-01  -6.0017550e-02   2.3122010e-01  -1.6961170e-01  -6.8775708e-02  -6.1853025e-01  -1.2917998e-01  -3.7006113e-01  -1.3219802e-01   2.7849266e-01  -1.2057989e-01  -5.3693905e-02  -4.4805396e-01   3.2640733e-01   1.6245307e-01  -2.4185466e-01  -4.7299796e-01   2.4243821e-01  -1.6069854e-01   3.0517779e-01  -1.3603391e-01
  -7.3224734e-02   1.8321434e-01  -2.2113327e-02   0.0000000e+00   4.0223788e-01  -3.1227085e-01   2.7997855e-01  -1.6749600e-01   3.3476541e-01   3.9880370e-01   1.2843257e-01   2.0805905e-01  -1.1551133e-01  -1.0348924e-01   1.2778812e-01   5.3630304e-01  -1.2807234e-01   5.6408851e-01  -1.8307551e-01   5.0428497e-01   3.6021423e-01   4.6406685e-01   2.4615343e-01  -2.5793348e-01  -9.3740246e-02  -1.5667273e-01   6.2079702e-03  -6.6774811e-04   1.0659649e-01   5.0878805e-01   1.4540100e-01   5.3761903e-01   4.2704865e-02   1.8292609e-01   1.4860493e-01   3.5551359e-01   3.7797906e-01  -2.3704476e-01   3.7664006e-01  -2.6835678e-02   1.4126603e-01  -7.6590617e-02   9.9115918e-02  -1.1904573e-01   3.6584274e-01  -9.3330620e-02   8.9417749e-02   2.6620729e-01  -1.2657949e-01  -1.9576043e-01   5.9507561e-01  -6.2610236e-02   2.5281101e-01   1.7981274e-02  -3.7574866e-02  -6.2867368e-02  -2.9682770e-01   4.5355872e-01   6.3295782e-01   6.1139760e-01  -8.8862435e-02  -2.5947703e-01  -5.9280404e-03   2.7164926e-02   4.3851610e-01   3.6079907e-01  -1.7052571e-02  -1.0353101e-03   6.8262477e-02  -2.7792127e-02   9.8347992e-02   6.1458709e-01   1.9875149e-01   9.7290700e-02   8.9223920e-02   2.1496137e-01   4.1085046e-02   4.6441227e-03   2.3568398e-01   1.7671118e-02  -4.6624362e-02   7.6619186e-02   1.5310687e-01  -2.5813155e-01  -1.9907913e-02   1.5549705e-01   3.0176215e-01  -7.7215476e-03   3.5445943e-01  -2.4959249e-02   2.9458871e-01  -1.8154462e-01  -4.0049863e-02   4.2310838e-01  -1.7210333e-01   1.0962233e-01  -2.2596601e-01  -1.0272417e-01   5.0073156e-02   1.1899745e-01   1.1549925e-02   8.0016255e-02   1.7290110e-01   5.4468156e-01   5.7304220e-01   5.9795334e-01   5.6714198e-02  -3.5106460e-02  -1.2888831e-01   8.9968211e-02  -7.5989551e-02   3.8749563e-01   4.2380753e-01  -4.9398056e-02   4.0093264e-02  -2.6953084e-02  -2.0777716e-01   3.9536431e-01  -3.5291442e-01   7.3981327e-01  -3.5845001e-01   2.4019924e-01   1.1951578e-01   5.7316864e-01   1.2049636e-01   2.8832787e-01   5.1387741e-01  -7.9137522e-02   5.2305040e-01  -1.2340573e-01  -6.7060979e-04   3.6409164e-01   1.6993200e-01   3.0985366e-01   3.5350426e-01  -9.6734224e-02  -1.5475401e-01   1.4975243e-02   6.8250819e-03  -7.9098885e-02  -1.5374957e-01  -2.8290190e-01  -4.3048263e-02  -3.8737130e-01   3.5181731e-01   2.8933955e-01  -9.4650686e-04   1.6895908e-01   2.1553203e-01   5.6928562e-01  -3.9601918e-02  -6.7867029e-02  -2.2263490e-01  -4.5068161e-02  -1.1902585e-01   2.5080705e-01  -7.1022586e-02   6.7763073e-01  -3.4955449e-01   2.7780426e-01   2.8267893e-01  -2.0287444e-02   4.6182047e-01   4.6819244e-01   6.9249171e-01   4.9605142e-02   1.0274670e-01  -2.7728881e-01  -2.1298390e-01   1.3811085e-01   7.8173158e-02  -4.2750059e-01   3.7374902e-01  -4.3342831e-01  -3.3378556e-01  -1.5075473e-01   5.4069388e-01
  -3.6634621e-01   4.1171449e-01   3.6253667e-01   4.0223788e-01   0.0000000e+00  -1.4270641e-01   4.3773615e-01  -1.7146552e-01   1.8802379e-01   4.0922391e-01  -2.6751090e-01   1.9386870e-01  -5.8507689e-02  -1.8471065e-01  -2.6057835e-01   4.4238145e-01   3.9685543e-01   4.5578879e-02  -2.4188441e-01   7.2857843e-01   9.6765968e-02  -1.0963585e-01   1.6329635e-02  -3.5546270e-01   5.1404759e-02  -2.2771307e-01   1.4869196e-01  -3.3959518e-02   1.3398130e-01  -3.5268323e-02  -2.2866301e-04   2.7212625e-01   4.5440086e-02   2.3490358e-01   1.7824039e-01   5.5873366e-01   1.3152153e-01  -2.5669649e-01   4.0112772e-01   2.6791021e-01   2.5059168e-01  -3.4265308e-02   3.3733520e-01  -3.2597909e-01   3.6436548e-01  -3.9554862e-01  -1.8881211e-01   3.9049125e-01  -1.5990430e-01   2.3705421e-01   1.9424744e-01  -1.6871298e-01   1.0478801e-01   1.7197812e-01  -1.8738213e-02  -3.0119862e-01  -1.4079188e-01  -1.2982157e-01   1.6053072e-01  -1.1417678e-02   1.2947454e-02   1.0057567e-02   4.1004998e-01  -3.5770810e-02   2.3715718e-01   6.2720193e-02   7.9810338e-02   6.3624681e-02  -2.3970804e-01   1.9386445e-01   4.8050051e-01   1.2090142e-01   2.1612385e-01  -4.5582182e-02   1.1116511e-01   4.9659023e-02  -3.0136997e-02  -7.6859980e-02   6.4055647e-01  -4.0817324e-02  -4.4970358e-02   2.1726270e-01  -9.7691995e-02  -4.6332558e-01   1.3206837e-01   7.0593047e-02   9.8740425e-03  -2.9785552e-03   4.9583299e-01  -3.1165767e-01   5.9557846e-01  -9.0854261e-02   2.9237254e-01   1.5209791e-01  -1.8868966e-01   5.5453350e-01  -1.5523711e-01  -4.1574372e-01   2.2061228e-01   1.2895166e-01   2.3081089e-01  -3.0664988e-01  -3.1805405e-02  -1.2582047e-01   7.2570558e-02   2.7896512e-01   3.3701370e-01  -1.3943315e-01   8.1494151e-02   2.1793220e-01   1.5000879e-01  -8.1072982e-03   1.9247475e-01  -3.3663024e-01   1.7175547e-01   3.8608769e-01  -4.9331934e-01   3.1912883e-01  -1.0326446e-01   3.1721614e-01  -5.3835952e-01   6.2551128e-01   9.4534230e-02   1.8448496e-02  -1.2170163e-01  -6.6996799e-02   2.8493016e-01   1.7361696e-01   2.1884874e-01   3.0932776e-01   3.5040165e-01   2.7860435e-01   3.8057034e-02   3.4612753e-02   2.7749741e-01  -1.2450498e-01   9.9368744e-02  -1.1178358e-01  -1.7841536e-01  -2.8582556e-01  -2.7383018e-01  -1.8106357e-01  -3.0374350e-01  -4.0125376e-03   3.1586101e-02  -1.1742724e-01   2.7966429e-01  -1.4810640e-02  -1.1301218e-01   2.6698601e-01  -1.2412161e-01   4.3807978e-03  -2.6195880e-01  -1.3705570e-01   3.6109930e-01   1.6731552e-02  -2.7785092e-01   2.4359961e-01  -2.2193881e-01  -3.6380749e-02   2.9652043e-01  -3.3672672e-01   2.2038847e-01  -8.0919138e-02   2.2063121e-01   3.6415717e-01  -1.3309171e-01  -2.8786752e-01  -3.7848146e-01   3.3083756e-01   3.3357647e-01  -3.2360262e-01  -4.5085455e-02  -2.4303378e-01  -2.2361102e-01  -6.8776949e-02   6.9706985e-02
  -2.2672369e-01  -2.3796400e-01   1.7202266e-01  -3.1227085e-01  -1.4270641e-01   0.0000000e+00  -1.1690968e-01   9.9384562e-02  -3.7119875e-01  -3.1484179e-01  -1.0297430e-01   1.3297881e-01   2.0736472e-02  -2.2330914e-01   2.6653223e-01   6.0180650e-02   1.7698284e-01  -3.7533836e-01   4.1038201e-01  -1.2671657e-01  -1.5254378e-03   1.3415385e-01  -5.8701686e-02  -7.0438262e-02   1.2109371e-01   4.5286858e-01   3.8760493e-01   1.1255178e-01   1.2571401e-01  -3.2574360e-01  -1.9422811e-01   1.5539572e-02   3.3489224e-02  -1.9461373e-01  -2.3682880e-02  -1.4934507e-01  -2.0005227e-01  -1.3231609e-01  -1.7676020e-02   2.4184234e-01  -1.0099287e-01  -1.0378245e-01   6.3899015e-02   2.2622440e-01  -3.5030706e-01  -1.8295508e-01   1.5489075e-01  -3.3196463e-01   1.2297415e-01   1.7527291e-01  -2.9546209e-01   1.0183203e-01  -2.3752138e-01   2.3984308e-01  -5.4573936e-02   1.8662175e-01   4.9578375e-01   1.5528368e-02  -2.2590726e-01  -1.4651014e-01  -9.3038763e-02  -7.9427072e-03  -1.3070907e-02  -1.6813883e-01  -4.7418487e-01  -2.4718500e-02   6.7717353e-01  -1.9752477e-01   3.9556754e-01   7.4593001e-02  -3.4780268e-02  -3.1806629e-01  -1.5766590e-01   1.3074642e-01   5.1835445e-02   3.4478601e-01  -2.9999783e-01   2.6993710e-01   9.6369839e-02  -9.0573964e-03   3.3237712e-01  -1.1670084e-01  -8.5846245e-02   3.6325870e-01   2.2237424e-01   4.4123267e-01  -2.9684625e-01   6.8114427e-02  -1.8624284e-01  -2.1231896e-01  -1.8645152e-01   2.6686184e-02   1.4470772e-01  -5.2152865e-01  -2.7502449e-01   2.7627018e-02  -9.0900768e-02   2.7089863e-01  -2.4179840e-01  -7.6428042e-02   4.3338982e-03   1.2015321e-02  -2.0054944e-02  -2.6536033e-01   4.8162300e-02   3.6015542e-02   8.6117116e-02   3.8054142e-01  -8.0699317e-03  -7.6637649e-02   9.1601398e-02   2.6785284e-01  -2.5036249e-01  -1.9860085e-01   1.1438443e-01  -1.4427365e-01   3.5129301e-01  -7.5579089e-02   3.9096266e-01  -2.4819455e-01   6.2595208e-02  -5.7163365e-02  -4.9487143e-02  -5.4506573e-01  -2.4213781e-01  -8.9732909e-02  -1.7236763e-01   7.0712945e-02   1.7644213e-01   7.9832034e-02   1.8183119e-01  -2.6918383e-01  -5.0431436e-02  -6.1693585e-01  -5.1142334e-02   1.8169741e-01   1.9129742e-01   4.1725847e-02   3.8744107e-01  -8.2946506e-02  -6.3454297e-02   2.7836349e-02   1.0597757e-01   4.5815280e-01  -8.9734499e-02  -2.4790961e-01   2.0294257e-01  -1.6086171e-01   8.5599785e-02  -4.3071302e-01   8.9541232e-02   2.4201691e-02  -1.5122010e-01   3.4922620e-02   3.1290786e-01  -2.7275226e-01   5.4456820e-02  -2.3283858e-01  -2.1191274e-02   2.5988264e-01  -2.5266874e-01  -6.7376777e-02  -1.8429942e-01  -2.2392459e-01  -1.1297243e-01   6.4259459e-02   1.1947374e-02   6.1496404e-02  -2.7085664e-02   4.2061323e-02   5.5406606e-02   1.3282542e-01  -4.7532965e-01   8.7063982e-01   9.4835360e-02   2.8082947e-01  -1.5571911e-01
  -2.1962645e-01   5.9153200e-01   2.8216674e-01   2.7997855e-01   4.3773615e-01  -1.1690968e-01   0.0000000e+00  -2.1379168e-02   1.9910822e-01   2.6149531e-01  -9.2744902e-02   4.8277204e-01  -1.6639186e-01  -1.2297750e-01   1.2341547e-01   1.3248744e-01   2.3665964e-01   7.7123280e-03  -6.4511235e-02   4.9785949e-01  -1.3642976e-01  -1.6184387e-01   2.1697079e-01  -3.7517937e-01   1.4673489e-01  -1.9702531e-01  -1.4862180e-01   3.2345658e-01  -6.5350434e-02   8.3701502e-02   1.2666789e-01   5.2740415e-02   6.1851841e-02   6.5697660e-01   2.3775548e-01   4.6734386e-01   3.6291468e-01  -4.6060240e-01  -3.1954605e-02   3.0020839e-01   4.2165059e-02  -6.7993175e-02   4.6783539e-01  -2.2316246e-01   5.8610130e-01  -2.2337901e-01  -3.5767602e-01   4.1173145e-01  -2.2220979e-01   1.5451455e-02   1.1668325e-01   7.7895376e-02   2.9694201e-01   1.8475284e-01   2.1683266e-03  -1.5397413e-01  -4.3799318e-02  -8.8898219e-02   1.4010845e-01   2.8014306e-01  -3.2580453e-01  -1.3606240e-01   3.8904670e-01   9.8828922e-02   2.7749742e-01   1.5459721e-01  -4.4805115e-02   2.0589369e-01  -4.5797543e-01   2.5984775e-01   5.2037534e-01   3.3095162e-02  -7.9916678e-02  -1.1405127e-01   2.7549121e-01  -1.5549494e-01  -3.5284962e-01   1.1989910e-01   5.1853554e-01  -7.2337116e-02   2.6699746e-01  -7.5554329e-02  -2.4079731e-02  -3.0780363e-01   1.2098608e-02  -1.0310897e-01   6.4319098e-02  -7.7023700e-03   4.1677949e-01  -2.4475276e-01   4.3505757e-01  -2.6059440e-01   5.0894866e-01   2.7643189e-01  -3.9336930e-01   3.6713112e-01  -2.5304420e-01  -4.8967517e-01  -1.2189021e-01   4.6306980e-01   2.4193480e-01   4.7998036e-02  -6.7148698e-02   8.5478968e-02  -7.1524292e-02   7.3910300e-02   3.9432870e-01  -4.2766150e-01  -5.7654061e-02   1.4336763e-01   4.7806699e-01  -1.1050494e-01   2.6283343e-01  -2.0299114e-01   3.7383875e-01   4.1041271e-01  -3.1164404e-01   1.7015243e-01   6.5822394e-02   2.0095454e-01  -4.2058360e-01   4.0523800e-01   5.6228794e-01   1.2500341e-01  -2.9468572e-01  -1.5954202e-01   3.0421100e-01   2.2620767e-01  -2.4120517e-02   2.6002632e-01  -2.0028956e-01   4.3239033e-01   9.7208841e-02   2.2691107e-01   5.8322085e-01  -8.0064849e-02   1.1779462e-02   3.5616021e-01  -4.0331160e-02  -3.1728569e-01  -2.3120604e-01  -1.4562024e-01  -2.5950000e-01  -3.8220426e-02   3.7930357e-01  -1.6212061e-01   3.9872223e-01  -8.2845698e-02  -1.0376237e-01   2.6051180e-01  -9.2326500e-03   3.2992885e-01  -1.3953109e-01   1.3209566e-01   4.5233809e-01  -1.1344186e-01  -2.6008778e-01   2.4297902e-01  -2.9631643e-01   7.2267371e-02   4.5414562e-01  -2.9031352e-01   2.3782731e-02  -7.6386208e-02   1.2788667e-01   6.0787504e-01   3.3925719e-02   9.6444218e-02  -2.8913162e-01   5.0524277e-01   5.9967004e-01  -4.8735616e-01  -7.4045949e-02  -2.0551308e-01  -4.2882577e-01   2.9209056e-01   1.1204957e-01
   3.7998423e-03   4.6110169e-02  -3.0405580e-01  -1.6749600e-01  -1.7146552e-01   9.9384562e-02  -2.1379168e-02   0.0000000e+00   2.7091598e-01  -5.8365963e-02   4.2118440e-01  -3.4645885e-01  -1.1549459e-01  -1.9174386e-01   3.7414708e-02  -2.6826333e-01  -1.7650490e-01  -6.9356564e-03  -1.3558723e-02  -3.4526367e-01  -3.0978253e-01  -2.0768731e-01  -2.0064887e-01   4.3475334e-02   2.2826504e-01   4.0286666e-01  -2.6647105e-01   4.8848725e-02  -3.0071886e-01   5.7158817e-02   3.0547749e-01  -9.1042858e-03  -3.7340573e-01   3.3634998e-01  -3.8124537e-01  -9.6843567e-02   9.8883059e-04  -1.8297140e-02  -2.8030300e-01  -3.8500663e-01  -9.3866941e-02   1.0388131e-01   2.6831186e-02   6.7884836e-01  -5.5455186e-02  -6.7395530e-02  -7.3639757e-02   1.6384140e-01  -8.6444140e-02  -1.4311001e-01  -1.3341534e-01   5.1115757e-01   2.5335912e-01  -5.9500369e-02   1.5912751e-01   6.6355640e-01   2.5388359e-01  -1.4010770e-01  -8.6022945e-02  -2.7069747e-01   4.1902957e-02  -1.0976972e-01  -4.1611189e-02   5.8053735e-01   2.4127232e-01  -1.9100672e-01  -1.7534237e-01   3.2016757e-01  -5.1369108e-02  -5.4430785e-01  -1.4537592e-01  -1.1363873e-01   2.8103968e-01  -1.3082280e-01  -1.4405316e-02   1.0123511e-01  -3.2624967e-02   4.1799668e-01  -1.6603670e-01  -1.5478754e-01   2.1330444e-01   1.8591322e-02   3.7290932e-01   5.3681104e-01  -4.9530616e-01  -1.0527477e-01  -1.1754156e-01  -1.5153212e-02   1.2076163e-02  -1.4901753e-01   5.8010805e-03  -6.5872623e-02  -9.8046288e-02   1.8119867e-01   7.0566425e-02  -9.9361339e-02   1.0694410e-02   4.6127139e-01  -2.0321096e-01  -2.2943314e-02  -3.6259239e-01   3.1012671e-01   6.1500342e-02   8.4718031e-02  -3.5357576e-02   5.3015432e-02  -3.8430622e-02   3.1264974e-01   1.2906269e-01  -1.4164460e-01   2.9623634e-01  -2.0362662e-01   3.2675013e-02  -1.6298828e-01  -3.7276601e-01   2.0274682e-01   6.1506316e-01   1.4550915e-01   1.3578595e-02  -1.5518133e-01   1.6208915e-01  -1.8483807e-01  -2.1994599e-02   1.1949392e-01  -1.9400553e-01  -2.4646586e-01  -2.2565147e-01  -1.9594897e-01  -1.9265256e-01  -4.5847486e-01   9.7293865e-03   1.8003138e-01  -1.0245627e-01   2.6325773e-01  -1.3009728e-01   4.7434234e-01  -2.0738027e-01  -2.9330001e-02   9.9990831e-02   1.5777210e-01   3.8795439e-02  -1.1130139e-01   2.6759383e-01  -1.6025422e-01  -1.4518297e-01   9.9576039e-02  -3.2157568e-01   4.5781574e-02  -1.9717211e-01  -4.6943722e-02  -1.9565628e-01   3.0383926e-01   3.5488570e-02   4.3484092e-01  -2.8853640e-01  -1.2422674e-01   1.8236778e-01   2.4519612e-02  -1.1788531e-02  -1.0349563e-01   1.0746899e-01   5.2506077e-01   5.4162016e-02  -4.8212810e-02  -2.2372239e-02   1.2470134e-01   2.9800303e-01   1.3416890e-01   3.4337984e-01   2.1573057e-01  -4.5921746e-02   1.3195849e-01   9.5906107e-02   1.9829954e-01   2.7024367e-04  -4.6712356e-02   1.4053176e-01
   1.8061475e-01   5.9266728e-01  -4.1988934e-01   3.3476541e-01   1.8802379e-01  -3.7119875e-01   1.9910822e-01   2.7091598e-01   0.0000000e+00   1.6680641e-01   1.4016675e-01  -3.2037683e-01  -9.1912946e-02  -5.8213278e-02  -3.1299097e-01  -1.0026780e-01  -3.8547702e-01   2.5676822e-01  -3.3025400e-01  -3.6597683e-02  -5.3745241e-01  -3.6141290e-01  -5.2984360e-01   2.4277416e-01   1.4589877e-01  -1.9550365e-01  -1.8675401e-01  -4.0155708e-01   7.4845334e-02   4.6080145e-01   2.1259908e-01  -5.9448691e-02  -5.6642028e-01   2.9323146e-01  -2.2774407e-01  -1.0347248e-01  -6.5815466e-02   1.8971016e-01  -1.8157607e-01  -4.7695962e-01   4.0668106e-02   1.3513833e-01   4.0410129e-02   7.3293773e-02   3.2383360e-01  -2.1969994e-02  -2.1207715e-01   7.8807039e-01  -3.5581349e-01  -1.4881601e-01   9.4017545e-02   1.3032619e-01   6.6991070e-01  -3.2782083e-01   2.2550262e-01   3.7549755e-02  -1.4706044e-01  -1.2476643e-01   1.8071381e-02  -1.2173306e-01   1.9931967e-02  -1.8946747e-01   3.3205315e-01   6.5105912e-01   6.6291187e-01  -3.2816797e-01  -4.7574184e-01   5.8732363e-01  -2.0698145e-01  -4.6844494e-01  -8.9889594e-02   7.4548652e-03   1.2478425e-01  -5.5851264e-02  -3.3388342e-01  -1.6421950e-01  -7.2170373e-02   5.6532568e-02  -1.4146142e-01   3.2319795e-02  -4.0991425e-01  -7.8743453e-02  -8.2249004e-02  -2.0383534e-01  -5.8961935e-01  -3.2947365e-01   8.6600152e-02  -1.2878834e-01   6.3992502e-01   1.4021116e-01   6.2774842e-02  -2.9644832e-01  -3.2190847e-01   7.6225936e-01   2.2594779e-01  -2.1211845e-01   7.7231557e-02  -1.4270476e-01   6.6504047e-02  -1.4008619e-01  -5.9131057e-01   2.6866084e-01  -9.1869404e-02   5.1172928e-01   1.1703449e-01   8.5196636e-02  -1.8765836e-01  -5.4516814e-02   4.1231590e-02  -1.7461495e-01  -1.5989056e-01  -2.4543483e-01   6.1793245e-01   6.0056689e-02  -4.8015004e-01   3.4979739e-01   1.1588488e-01   2.3591150e-01  -4.4926109e-01   1.0906823e-01  -4.1464480e-02  -2.1259259e-01   1.7861140e-01   4.8033795e-01   5.7541197e-02  -5.6045784e-03  -1.5745443e-01  -2.5262655e-01  -7.0773826e-02  -3.7316109e-01  -6.2863379e-03   1.6374768e-01  -5.2242745e-03   6.2715980e-01   3.0904944e-02   1.2294401e-01  -1.4951057e-01  -2.4159639e-01  -1.0400911e-01   2.4498360e-01   2.5174289e-01  -1.3680553e-02  -1.6079502e-02  -5.5503916e-01  -2.8794869e-01   1.6955435e-01  -4.8548237e-01   1.9139455e-02  -2.5743329e-01   9.2344362e-02  -1.8947788e-01  -1.6984223e-01  -2.6556771e-01   2.9487434e-01  -3.5757633e-01   4.2440626e-01   3.8666218e-01  -8.7690608e-03  -1.9217251e-01  -2.3530329e-01   7.1241062e-01   3.8953337e-01   1.3590877e-01   9.8730423e-02   2.3985094e-01   2.0199694e-01  -5.2881405e-02  -1.3356975e-01   3.0822476e-01  -4.8503258e-02  -7.1064319e-02   2.5465202e-01   4.6823857e-01  -3.9390194e-01  -1.2183075e-01  -1.7412064e-01  -1.7927472e-02
  -1.9104591e-01   1.6152053e-02   8.5889762e-02   3.9880370e-01   4.0922391e-01  -3.1484179e-01   2.6149531e-01  -5.8365963e-02   1.6680641e-01   0.0000000e+00   1.2593772e-02  -8.5371029e-03   2.2654574e-01  -1.0478217e-01  -4.1592946e-02   8.5365407e-02   4.3891746e-02   2.1873215e-01  -1.8402649e-01   5.5508357e-01   2.4692349e-01  -2.4789747e-02   2.8430776e-01  -2.1136976e-01   1.4496333e-02  -2.8743040e-01   1.7276317e-01   1.2693427e-01   7.2900163e-02  -8.2389835e-03   1.2947600e-03   5.4846044e-02  -8.5812631e-02   5.2066465e-01   2.0833349e-01   5.0792534e-01   3.8307392e-01  -1.8599605e-01  -1.8260723e-02   8.2637664e-02   2.7509772e-01  -1.5662471e-01   1.4219820e-01  -2.3286587e-01   2.2234932e-01  -3.0721962e-01  -2.9710206e-02   1.5552371e-01   3.6140143e-02   2.8738146e-02   3.1737737e-01  -1.4942483e-01   5.1830795e-02  -6.3909653e-02   3.2718999e-02  -5.8708247e-02  -1.4738399e-01  -6.8694879e-02   1.8417219e-01   1.4969362e-01  -1.7268732e-02   1.5498795e-01  -1.1227390e-01  -3.1619029e-02   1.6199029e-01   2.9874265e-01  -3.4171443e-02   6.8793941e-02  -2.3951706e-01   1.6957575e-01   1.4146860e-01   1.8288396e-01   2.9787443e-01  -1.6398631e-01   1.0668301e-01   5.8635468e-02   1.2763906e-01   8.3828587e-02   2.4490553e-01  -7.1553992e-03   8.9941646e-02   2.3301225e-01   1.6407748e-01  -3.4012095e-01  -1.2052580e-01  -1.0888601e-01   1.6507418e-01   1.4846691e-02   2.0133201e-01  -1.6438137e-01   2.6585368e-01  -9.5784108e-02   1.8500889e-01   1.9435055e-01   6.7001850e-02   2.5142320e-01   7.1334461e-03  -2.5123312e-01   3.4179620e-02   4.0583986e-01   4.7838116e-02  -1.1580479e-01   1.3199811e-01  -1.8939872e-02  -6.1410912e-03   6.0869216e-02   5.8880385e-02  -3.4881467e-01   4.4901974e-01   2.5056452e-01   1.1348741e-01  -1.0099730e-01   4.9824455e-02  -1.5783901e-01   4.7146067e-02  -4.6478655e-02  -2.5392244e-01   3.0233414e-01  -2.1052591e-02   1.6352250e-01  -3.7223263e-01   4.0492406e-01   4.6920169e-02   1.2439397e-01  -1.7939479e-02   4.7509971e-03   1.9701021e-01   6.2791756e-02  -3.1378075e-02   1.5556552e-01  -6.0901450e-02   2.3784191e-01  -1.7092305e-01   1.9174261e-01   1.3009445e-02  -1.5389275e-01  -1.5380220e-01  -1.1625813e-02  -2.8192372e-01  -1.9242839e-01  -2.5006600e-01  -3.1983408e-02  -9.2492647e-02  -1.2685758e-01   2.9856571e-01   8.1938467e-02   1.8848329e-01  -1.0620032e-02   2.5998085e-01   4.0732400e-01  -2.8743874e-01   1.2383410e-01  -2.3319016e-01  -3.1241263e-01  -7.2710309e-03   2.9994868e-02  -3.3412915e-01   2.0334605e-01  -2.9424194e-01   1.7234451e-01   1.3192134e-01  -1.0535643e-01   5.2838836e-01  -1.2882139e-01   1.4704562e-01   4.3875862e-02  -5.8135210e-02  -1.6258954e-01  -3.0668084e-01   9.9130855e-03   1.7390905e-01  -2.8633982e-01  -8.7453798e-03  -3.1723201e-01  -3.5536676e-02  -6.6817401e-02   2.2855278e-01
   1.3017647e-01  -2.3797026e-01  -4.4125888e-01   1.2843257e-01  -2.6751090e-01  -1.0297430e-01  -9.2744902e-02   4.2118440e-01   1.4016675e-01   1.2593772e-02   0.0000000e+00  -4.7829599e-01  -2.2993208e-01  -2.4940609e-01   4.5715338e-01  -1.6973683e-01  -5.3519656e-01   4.6053032e-01   2.1092024e-01  -1.5344188e-01   1.2872403e-01   2.0826703e-01   1.8929541e-01  -2.0962876e-01   1.5390809e-01   3.1929928e-01  -1.1302725e-01   2.0987469e-01  -1.4598261e-01   3.1599310e-01   3.7435321e-01   1.6776233e-01  -3.3518676e-01   2.0531919e-01  -3.4897657e-01   1.4630746e-01   8.4888123e-02  -1.2838921e-01  -2.0583562e-01  -4.6653048e-01  -1.6935328e-01  -2.4450020e-01  -4.3411532e-01   5.8538316e-01   1.1857017e-01   2.4724224e-01   3.8513817e-01   1.2725972e-01   4.9297406e-02  -6.1386102e-01   4.1827553e-01   4.9099557e-01   2.1406878e-01  -4.2531624e-01  -2.6299032e-01   6.2870643e-01   1.1219067e-01   1.5000426e-01   2.4065898e-01   1.9582458e-01  -7.4949285e-02  -1.9945459e-02  -3.4785266e-01   4.9799068e-01   3.5179054e-01   3.6137579e-01  -2.5703504e-01   1.3541985e-01   3.0451433e-01  -1.4074868e-01  -4.2470043e-01   2.4484683e-01   2.9593064e-01  -2.0412759e-01  -1.0655979e-01   2.9081224e-01  -1.7000998e-02   4.1345383e-01  -1.8512637e-01  -6.0490948e-02   3.3770395e-01  -6.3541092e-02   5.4226000e-01   5.7190478e-01  -4.8486685e-01   7.8542104e-02  -1.6628560e-01  -3.1144964e-01  -2.5431625e-02   6.5534102e-03   1.1376789e-01  -3.7148231e-01  -3.3368476e-01   2.0704663e-01   6.4293546e-02  -5.0250172e-01   1.1390535e-01   4.7673083e-01   5.7783861e-02  -1.0511760e-01  -3.3172405e-01   6.1167117e-01   5.0697365e-01   2.9463917e-01   3.9815683e-01   2.2329595e-01  -3.9915109e-01   9.8476629e-02   2.5977116e-01   1.3941330e-02   9.8772763e-03   1.5656508e-01  -4.7058119e-02   3.3658799e-02  -3.5067656e-01  -7.7683937e-02   4.1171145e-01   1.2428757e-01  -5.8642626e-02   2.3919784e-01  -5.3125953e-03  -2.1385824e-01  -1.8427529e-01   4.5830966e-01   5.7098755e-02  -7.5261351e-02   2.8808662e-01  -5.2293148e-01  -1.1835691e-01  -4.6717177e-01  -1.1978617e-01   5.0720699e-01  -1.8699631e-02   4.0820754e-01  -2.9017008e-01   2.9465493e-01  -4.7553743e-01   1.9976164e-01   2.2668477e-01  -1.3037242e-02  -1.2921794e-02  -2.8398259e-01   5.4115201e-01  -3.0220775e-01   3.1498422e-01   4.3446831e-01  -4.8752078e-01   6.2517673e-01   3.9769482e-01   1.6474663e-01   1.3691900e-02   3.5886562e-01  -8.2638394e-02   6.1309941e-01  -6.0031628e-01   2.1603273e-02   8.6685779e-02   2.8499966e-01  -3.3571112e-01   3.6379463e-01  -2.1303624e-02   5.3454254e-01   4.5312148e-01   3.6048029e-01   1.9441199e-01   7.4227739e-02   4.8890085e-01   2.1105454e-01   1.7023506e-01  -4.5650302e-02   3.4512615e-02  -7.6861319e-02   3.9114558e-01  -1.9739417e-01  -3.1626751e-02  -1.4430223e-01   3.4715406e-01
  -2.0506525e-01   2.8355507e-01   5.8882324e-01   2.0805905e-01   1.9386870e-01   1.3297881e-01   4.8277204e-01  -3.4645885e-01  -3.2037683e-01  -8.5371029e-03  -4.7829599e-01   0.0000000e+00   4.1891917e-03   1.5964194e-01   2.0184492e-01   4.6819039e-01   5.5049139e-01  -1.0814523e-01   3.7168674e-02   3.9245031e-01   2.1591721e-01   1.5679440e-01   4.0553412e-01  -3.2724574e-01  -1.0122209e-01  -1.7279570e-01  -1.3420539e-01   3.1181997e-01  -2.6596945e-03  -6.4883333e-02  -1.1152252e-01   1.8091116e-01   5.2993450e-01  -1.4084149e-02   3.9332491e-01   3.0575044e-01   3.9274971e-01  -4.5923687e-01   3.6116072e-01   5.4620447e-01  -4.7690676e-02  -9.2361597e-02   4.5717933e-01  -4.0429984e-01   1.7580776e-01  -1.2715435e-01  -2.0285972e-01  -2.5887820e-01  -9.1142743e-02   2.0484931e-01   9.2276721e-02  -3.2135171e-01  -2.4539219e-01   5.3595443e-01   1.2402183e-01  -2.5383197e-01  -1.0861020e-01   2.0171798e-01   1.9122224e-01   4.9660143e-01  -1.8536033e-01  -1.0456887e-01   3.8327342e-01  -4.6470747e-01  -2.3918325e-01   1.9763881e-01   2.5153589e-01  -3.2273645e-01  -2.5108104e-01   4.0436806e-01   5.5323134e-01   1.2817065e-01  -2.6643063e-01   2.5567031e-01   4.5692564e-01  -6.6268822e-02  -1.3953481e-01  -9.8614096e-02   3.8120536e-01   8.5512139e-02   1.6513564e-01  -6.3197024e-02  -1.4837546e-01  -3.4512035e-01   6.8950992e-01   1.3311445e-01   1.0315030e-01   2.7119971e-01  -2.6783283e-02  -1.6136876e-01   2.1453552e-01   1.2210944e-01   6.0031213e-01  -1.2250109e-01  -3.5675423e-01   5.0882145e-01  -2.0656661e-01  -3.8976319e-01  -8.9937006e-02   3.7650759e-01   6.1767413e-01  -3.8033707e-01  -1.7457392e-01  -4.9104910e-02  -1.0675358e-01   1.6420982e-01   6.1484610e-01  -3.0862390e-01  -4.0618022e-01   9.8963731e-02   3.2222947e-01   2.3643942e-01   4.3286963e-02  -4.6147987e-03   6.9674317e-01   4.9889017e-02  -4.0607495e-01  -2.0089139e-02   2.1835849e-01   1.5181738e-01  -2.4999937e-01   4.0811209e-01   4.7140515e-01  -1.7020241e-01  -1.3522402e-01   1.5716580e-01   3.6166692e-01   4.0733507e-01   2.0292939e-01   4.5284460e-01  -1.2544300e-01  -8.8856098e-02   3.7928224e-01  -2.4679298e-01   7.1541743e-01  -2.5885884e-01   3.4835457e-01   3.0710942e-01  -9.0940456e-02  -2.7945390e-01  -2.0001965e-01  -7.7682020e-02  -2.7734082e-01   2.9145419e-01   3.8465670e-01  -2.0148042e-01   7.3463370e-01  -2.8512654e-01  -3.4962535e-02   4.6021378e-02   2.6053654e-01   4.7524918e-02   1.4102295e-01  -2.2135041e-01   7.3501926e-01  -2.9788688e-01  -2.4895177e-01   2.1514765e-01   1.2674310e-01   3.1910221e-02   4.9854591e-03  -5.2558690e-01  -1.1452047e-01  -8.6632891e-02   1.1090480e-01   2.4747985e-01  -2.2387275e-02  -6.2374484e-04  -3.3788671e-01   4.0698148e-01   2.7765131e-01  -5.5778003e-01  -3.4641038e-01   1.0852845e-01  -2.1596238e-01   3.1464954e-01   1.9780098e-01
  -2.6708575e-02  -1.2423597e-01   4.3609840e-02  -1.1551133e-01  -5.8507689e-02   2.0736472e-02  -1.6639186e-01  -1.1549459e-01  -9.1912946e-02   2.2654574e-01  -2.2993208e-01   4.1891917e-03   0.0000000e+00   2.5980257e-02   3.1645571e-02  -1.0489205e-01  -3.1040895e-02  -1.5908715e-01  -3.7948152e-03  -8.1989687e-03  -4.9094077e-02  -1.4821407e-01  -1.3504413e-01   1.7774883e-01   1.4933122e-01  -1.0226678e-01   5.4324907e-02  -2.4601992e-01  -1.2906777e-01  -8.5838222e-02  -3.5198354e-01  -1.4150477e-01   8.3075724e-03  -1.0167922e-01   2.4266331e-01  -2.4891829e-01  -9.8436661e-02   1.1756903e-01   8.3764124e-02   1.5841247e-04   5.8803541e-01   1.9498312e-03   6.4087569e-02  -1.9422339e-01  -1.4860822e-01  -1.4330444e-01  -1.0126791e-01  -2.1612407e-01   2.1564663e-01   2.3990186e-01  -7.5540369e-02  -2.5617061e-01  -1.6929869e-01  -4.9291513e-02  -1.2577041e-02  -1.4882905e-01  -8.8948157e-02  -2.8395537e-01  -1.3793023e-01  -8.8201551e-02   2.0626236e-01   4.0189579e-01  -5.0897583e-02  -1.0655619e-01  -1.8240313e-01  -6.3435673e-02  -5.4010990e-02  -1.4903484e-01  -4.1207599e-02  -1.0836338e-01  -1.2889248e-01  -1.4474101e-01   2.1192993e-01   4.2083522e-02   1.9325073e-01  -2.3602127e-01   2.3856525e-01  -4.4366057e-02  -1.9588985e-01   2.8178562e-01  -9.9974635e-02   4.3580562e-01  -1.9208534e-01  -2.4210827e-01   4.1424456e-02  -2.9417514e-01  -9.7568786e-02   1.3533118e-01   1.1818473e-01   4.5169072e-02  -2.0248844e-01   2.5922598e-01   1.5079251e-02  -2.9981130e-02   3.0876208e-01  -4.0270463e-02   3.1027269e-02  -8.0931524e-02   5.9139625e-02   5.9639706e-02  -1.2620955e-01  -3.4832520e-02  -2.2189012e-01  -2.4847598e-01  -2.8036840e-01  -2.6653491e-01  -7.0081296e-02  -1.1813145e-01   3.5101331e-01  -1.5814558e-01  -1.8231222e-01  -1.0262808e-01  -1.5418184e-01   7.1570864e-02  -1.1395432e-01  -9.5527330e-02  -5.2867194e-02   2.7957479e-01  -5.4456464e-02  -2.8036692e-01   3.3135823e-02  -1.5691131e-01   9.4522303e-03  -2.7714034e-01   6.9568675e-03   1.0303084e-01  -1.3576030e-01   2.3559161e-01  -2.5861052e-01   1.0947970e-01   1.8819705e-01  -1.4392601e-01  -1.7362571e-01  -2.6324389e-01  -1.6459155e-01   7.1895640e-02   2.4937480e-01  -3.2523965e-01  -2.5958861e-01   5.9936615e-02   1.1394202e-01   5.2055360e-01   1.6365109e-01   4.6336223e-02  -1.4385305e-01  -1.1368290e-01   7.1867806e-02  -3.0653226e-01  -6.9352151e-02  -2.6526140e-01  -3.1447167e-01  -2.5086620e-01   4.1240788e-02  -3.0975078e-01   2.9006238e-02   6.0899967e-02   4.2352966e-02  -9.8936158e-02   2.0437321e-01  -7.4921807e-02  -8.9595285e-02   4.0509935e-02  -2.3981684e-01  -2.5251161e-01  -2.3942552e-01  -1.8315011e-01  -9.2188260e-02  -1.0105621e-01   8.7311013e-02  -2.9914725e-01  -1.6074112e-01   1.0401860e-01  -2.5629710e-01   1.2141159e-01   3.3059531e-01  -5.2000281e-02  -1.4343127e-01
   5.5830406e-01  -2.8152045e-02  -4.2222628e-03  -1.0348924e-01  -1.8471065e-01  -2.2330914e-01  -1.2297750e-01  -1.9174386e-01  -5.8213278e-02  -1.0478217e-01  -2.4940609e-01   1.5964194e-01   2.5980257e-02   0.0000000e+00  -1.2772058e-01  -9.4943995e-02   5.1294977e-02  -4.4586606e-02  -2.2810360e-01  -1.8595031e-01  -7.2585277e-02  -1.0873233e-01  -7.3292003e-02   3.6531510e-01  -2.4248188e-01  -2.5488711e-01  -3.4088881e-01  -1.6533562e-01  -1.4680951e-01  -1.2916593e-01  -2.1193759e-02  -1.1716118e-01   2.9025077e-01  -2.9138264e-01  -1.4182454e-02  -1.9936376e-01  -1.0279335e-01   2.3490305e-02  -1.9385671e-02  -3.4655022e-02  -5.2509850e-02   5.0630891e-01   4.1807472e-02  -8.5670919e-02  -1.9909868e-01   3.5949667e-01  -9.8281720e-02  -1.6944551e-01   1.4183545e-01   5.5826587e-02  -6.2218201e-02  -3.8048536e-01  -1.8375411e-01   1.6681669e-01   4.2357404e-01  -3.0570853e-01  -1.9492839e-01  -2.0803110e-04  -1.7359374e-02  -1.4045951e-01  -8.5563501e-02   4.1027816e-02   3.4397832e-02  -8.9483752e-02  -2.7155759e-01  -1.3291323e-01  -2.1171047e-01  -1.0442171e-01  -1.2247305e-01  -4.8645413e-03  -3.6388543e-02   8.5369522e-02  -1.2613517e-01   4.0515574e-01  -1.7778328e-02  -1.6940171e-01   5.3980365e-02  -3.5563378e-01  -3.6602093e-01   5.0845996e-02  -2.8940477e-01  -8.4596736e-02  -1.8013008e-01  -3.3344447e-01   2.9721440e-01  -7.4541950e-02   4.1968198e-02   3.7868170e-01  -1.5359422e-01   4.1126916e-01  -2.0599699e-01   2.0722021e-01  -1.1537954e-01   2.7476419e-03   1.8616929e-01   1.2036099e-01   1.2474557e-01  -2.4389427e-01   1.7842497e-01   3.9212594e-02   1.6548957e-01  -1.9739704e-01  -6.8008632e-02  -9.0790803e-02  -1.1319012e-01  -1.2210392e-01   1.9692012e-01  -1.1811033e-01  -2.1770819e-01  -1.7491088e-01  -2.4810473e-01  -4.3865676e-02   8.4892214e-02   5.2262149e-01   1.2900989e-01  -2.2465019e-01  -3.1657525e-01  -2.8399122e-01   2.6085537e-02  -1.3765963e-01   3.7655484e-01  -6.9621927e-02  -7.4231716e-02  -1.7320405e-02   3.9703831e-01   4.7372329e-01  -2.1919556e-01   4.5090154e-02  -2.7064447e-02  -1.9397268e-02  -2.3634855e-02  -4.8519414e-01   4.9172190e-01  -1.2366037e-01  -3.1791335e-02  -7.6712206e-02  -8.8641733e-02  -2.3734990e-01  -1.1924212e-01   3.6380273e-01   4.1233796e-01  -7.2537666e-02  -2.0484793e-01  -4.1247270e-02  -2.4324635e-01  -1.2938322e-01  -5.2081650e-04  -1.5268301e-01  -1.6271965e-01  -1.2307580e-01   2.6555649e-01  -2.6225380e-01   2.0198063e-01  -9.2143863e-02   1.7674106e-03   7.6917792e-02   1.8410683e-01  -1.6735758e-01   3.0940368e-01  -2.4043716e-01  -1.7060345e-01  -5.9022007e-02  -1.0129425e-01  -5.8736095e-03  -9.4437402e-02  -2.7687311e-01  -2.2774661e-01  -4.7087233e-02   3.8416915e-01  -1.9260435e-01  -3.3829919e-01   1.6942442e-02   5.1661982e-02  -1.1951285e-01   2.5202624e-03  -2.2347529e-01  -8.5451707e-02
