   0.0000000e+00   1.7057184e-01   1.6834484e-02  -4.3615934e-02  -4.1341934e-01  -3.1930589e-01  -2.8720671e-01  -2.2565899e-01  -2.3369282e-02  -4.4539071e-01  -5.1290620e-01   7.9276294e-02  -7.3187258e-02   6.5008908e-01   2.3584132e-01   2.8842081e-01   3.3459621e-02  -1.5393010e-02  -3.6981593e-01  -1.0862443e-01   8.8504107e-03   4.2215548e-01  -1.0584146e-01   7.9442397e-01   2.6502230e-01  -3.6564056e-01  -2.4004292e-01  -1.0904285e-01  -3.3676036e-01   3.0259680e-01  -2.3172887e-01   2.4548738e-01   2.8891855e-01  -4.6371874e-01  -1.9334774e-01  -1.3790988e-01  -7.7098469e-02   7.7176796e-01   2.7761016e-01  -3.5347959e-01  -1.7215844e-02   1.6590891e-01  -6.7840805e-02  -3.1584716e-01  -1.7151529e-01   4.8079546e-01  -1.5099241e-01  -2.6592444e-01  -4.0741845e-01  -5.8737632e-02   1.1003307e-01  -6.1093429e-02  -3.8537190e-01   2.2879636e-01   6.5753357e-01  -1.6581308e-01  -3.0080371e-01   2.5752651e-01   3.2454284e-02   4.6721947e-01   3.5062012e-01  -4.7775158e-01   6.6141687e-02  -3.3050594e-01  -5.0391827e-01  -1.6539152e-01  -2.1547028e-01  -1.9995003e-01  -1.4067877e-01   3.3721288e-01  -2.4349246e-01   1.5236317e-01  -7.6021312e-02   7.8992914e-01  -4.8496250e-01  -8.5245045e-02   5.8924544e-01  -1.1965016e-01  -2.9741576e-01  -1.7007493e-01  -3.8253433e-01   1.8686504e-01  -4.8239572e-01  -3.3726411e-01   5.0048368e-01  -1.2550634e-01   1.5090542e-01   7.2706000e-01  -8.8674161e-02   8.0669336e-01  -2.2735103e-01   4.5237916e-01  -4.2940217e-01  -4.1259682e-02   7.1370310e-01   9.9056788e-02   5.1224331e-03  -3.1020906e-01  -2.1654068e-01  -3.2138619e-01   4.3104774e-01  -2.0472319e-02   7.1249812e-02   3.8562451e-01   5.2057098e-02  -6.4354651e-03   2.4870372e-01  -3.6795194e-01  -1.6690380e-01  -2.8984520e-01  -5.6817075e-01   1.2947882e-01   3.5000436e-02   8.4751978e-01   4.8523703e-01  -2.6797136e-01  -1.3387960e-01  -2.4266815e-02   8.6927584e-03   3.3941548e-01   6.2046456e-01  -2.3384111e-01  -5.4680419e-02  -4.1037426e-02   7.0885292e-01   5.7546324e-01   4.1707889e-02  -5.7463031e-03   2.0134135e-01   1.1606703e-01   1.3564702e-01  -4.7227370e-01   7.6278085e-01   1.6280111e-01   3.6591332e-01  -3.5559798e-01  -1.6728445e-01  -3.0190705e-01  -3.0033597e-01   7.3555594e-01   8.0082892e-01  -4.5379889e-02  -5.1447529e-01  -2.8137296e-01   4.0674556e-02   1.0162005e-01  -1.9525149e-01  -2.6168024e-01  -3.5397000e-01  -5.4835407e-02   7.5930414e-01  -3.5115993e-01   6.3025410e-01  -4.3694826e-01  -2.9384523e-01   8.3613824e-01   7.2509762e-01   4.0984298e-03   3.3099741e-01  -4.1393968e-01  -2.7042649e-02  -4.2741735e-01  -2.4548519e-01  -1.6272554e-01   3.8423591e-02  -4.1429925e-01  -4.6573302e-01  -1.5435452e-01   5.5248871e-01  -3.2326202e-01  -3.8171921e-01   6.5297837e-01  -2.7146059e-02  -2.6833023e-01  -1.5978383e-01  -6.2843307e-02   2.1823555e-01
   1.7057184e-01   0.0000000e+00   3.3863247e-01  -7.5552083e-02   1.1003186e-01  -3.8506059e-01  -4.0856660e-02  -2.6797480e-01   1.2655072e-01   1.1831052e-01  -7.9580042e-02   5.2634244e-01  -3.0167686e-01   1.2088017e-02   2.7637620e-01   4.5684042e-01   3.8928077e-01   6.4550480e-02  -3.5677133e-01   8.6831782e-02   1.7656052e-02  -1.3333418e-01  -7.9519498e-02   2.3243856e-01  -5.0364473e-02  -2.1181353e-01  -4.7494042e-02  -2.5622210e-01  -1.9066456e-01   3.8503227e-01  -5.1009784e-06  -5.6293671e-02   3.7164465e-01   1.2678852e-01   1.9712617e-01   2.8982119e-01  -5.1388599e-02   3.7770938e-01   4.3291186e-01   3.5874355e-01  -2.7024275e-01   5.1781721e-01   1.5472312e-01  -2.7182883e-01  -2.4344221e-01  -8.6030501e-02   1.0140312e-01   2.8638599e-01  -3.4821787e-01   5.1149936e-01   2.3358474e-01  -2.4840271e-01  -8.9787626e-03   7.8466313e-02  -5.9804647e-02  -1.6204454e-01  -2.2334766e-01  -2.8778678e-01  -1.4988522e-01  -1.2020439e-01  -1.5557003e-02  -2.5397471e-01   4.4401678e-01  -2.2910344e-01  -2.8055692e-01  -1.6536486e-01  -2.1673310e-01  -1.8687875e-01  -4.2241075e-01   1.4114248e-01   5.3962736e-01  -3.6859967e-02   3.3904546e-02   3.1920171e-01  -3.4342473e-01  -3.2769129e-01   2.1048302e-01  -2.6273354e-01   2.2829286e-01   1.9055747e-01  -2.0027592e-01   4.3244739e-01  -2.7514371e-02  -2.8134189e-01   6.0258980e-01  -1.0653088e-01   3.3737615e-01   1.0978389e-02   1.9697893e-01   1.3929423e-01  -5.6115956e-02   4.6186076e-01   2.3087435e-01  -2.8540096e-01   2.2357919e-01   2.5613837e-01  -2.8559548e-01  -4.2009011e-01  -2.5438408e-01  -2.7732942e-01   4.8805318e-01  -2.7097315e-01  -2.4134107e-03   5.1968381e-02   3.3121931e-03  -1.2270605e-01   3.4195799e-01  -3.6069569e-01  -9.0883273e-02   8.4371476e-02  -8.0235630e-02  -3.6156419e-01  -2.4594163e-01   2.3922615e-01   1.3129838e-01   1.5639163e-01  -2.7010390e-01   2.1629004e-01  -2.3846933e-01  -7.0842836e-02   2.2674554e-01   8.7217296e-02   3.9755712e-01  -2.7495959e-01   1.0988032e-01   2.2229061e-01   1.8559938e-01   2.7253577e-01  -3.3929727e-01   4.5486157e-01   5.2068056e-01  -2.0090559e-01   3.6505258e-01   1.3448664e-01   2.8089267e-01  -4.2934649e-01  -3.8033721e-02  -1.2498320e-01  -3.2192144e-01   2.0640979e-01   7.3033590e-02  -2.1177774e-01  -1.5875536e-02  -1.7190779e-01   1.8891951e-01  -4.2293716e-01   3.5569841e-01  -1.2129887e-02   1.9183505e-02   6.2111282e-02   2.4458968e-01  -4.3893118e-01   1.9953382e-01  -5.4668013e-02   2.8202983e-01   3.5142090e-01   1.2030709e-01  -2.4051342e-01   3.0533527e-01  -4.0643324e-01   6.5077353e-02  -1.4254222e-02   1.3767800e-01  -2.4978379e-01  -3.7067098e-02  -1.7473338e-01  -8.4783777e-02  -4.7564123e-02  -1.0008550e-01   9.7698060e-02   2.4708792e-01   4.0272923e-01  -5.3570671e-02  -4.2572104e-01  -2.3602088e-01   3.1878478e-01  -4.1640331e-01
   1.6834484e-02   3.3863247e-01   0.0000000e+00  -2.1573806e-01   3.1139659e-01   7.4659035e-02  -2.2062297e-01   1.5113486e-01   7.5199171e-02  -3.1559837e-01   3.4774692e-02   6.7670824e-01  -1.5997512e-01  -1.0282127e-01   3.8180234e-01   1.0658610e-01   8.4146264e-01  -3.9957097e-01   2.3464077e-01   2.6194055e-01  -4.1084852e-01  -4.9100865e-01  -3.5033499e-01   7.9133892e-02  -1.7113958e-02   1.6304671e-01   1.4014012e-01   3.1886317e-04   2.3711871e-02  -3.9882173e-01  -7.0490020e-02  -8.4897079e-02   2.2744585e-01   3.5790652e-01   1.2528858e-01  -9.2600375e-02  -3.6559352e-01   2.2411482e-01   2.3225151e-02   6.3353060e-01  -2.9053251e-01   2.6065704e-01   1.9865146e-01  -2.3787008e-02  -4.4006557e-01  -1.4484733e-01   3.9272062e-02  -1.8829879e-01  -1.9107577e-02   7.2090988e-01  -3.2592715e-01   2.3970874e-01   3.1734173e-01   4.1846146e-02  -5.4887403e-02   4.4835411e-02   5.9205590e-02  -2.5299077e-01  -6.8131783e-02  -8.0605800e-02  -1.4024344e-01  -2.3601702e-01   5.3639822e-01   1.8860790e-01  -2.7622201e-02  -5.8931554e-01   5.5783917e-02   7.0738671e-02  -4.7630107e-02  -6.3770906e-02   5.4234931e-01  -3.2708308e-01  -6.3497001e-02   2.5065080e-01  -1.1207797e-01   1.5241582e-01   5.1255174e-02  -9.3435059e-03   2.2169624e-01   2.8202446e-01  -1.1732376e-02   9.8461587e-02   2.8054013e-01   1.1283279e-02   6.1117733e-01   1.2643223e-01  -1.1438579e-01   2.7000599e-02   3.8618294e-01   1.6368427e-01  -3.7440344e-03   3.5467251e-01   5.9907835e-01  -5.8974218e-02   1.3825938e-01   4.0578263e-01  -2.1426541e-01  -7.1700918e-02  -1.2370593e-01  -5.1896315e-01   4.4877156e-01   2.3999334e-01  -2.7781813e-01  -3.3399578e-01  -3.7113371e-01  -6.1711741e-02   3.7691481e-01   2.4815621e-02  -1.7652158e-01  -9.5076571e-02   1.9443292e-01  -4.6103640e-01  -3.5851407e-01   1.0340807e-01   1.9041191e-01   3.2022939e-01  -9.2558693e-02  -7.7669171e-02   9.5987936e-02  -3.6824496e-01   8.1388092e-02   4.9594756e-02   4.4525250e-01  -2.3470874e-01  -8.5338241e-02  -6.3601841e-02  -3.6618013e-02   9.2546605e-02  -3.4636161e-01   3.1708286e-01   1.5188368e-01  -2.5381797e-01  -3.5392011e-03   9.5579163e-02   1.5517333e-02   1.5092730e-01   1.4805494e-01   1.4542903e-02   1.0997672e-01   2.2123879e-01   1.9468252e-03  -3.7480704e-01   2.7703221e-01   7.0428547e-02   2.8528459e-02  -2.8545189e-01   5.5309065e-01  -3.6340865e-01  -2.7601303e-01  -1.4425786e-01   2.1276483e-01  -6.8575606e-02   2.1120843e-03   2.5102688e-01   6.7327045e-01   1.8088494e-01   3.9699421e-02   1.2442928e-01   2.3236104e-01  -7.9177358e-02  -2.1999685e-02   1.4025813e-01  -5.0847846e-01  -4.4091392e-01  -1.5923699e-02   2.0446213e-01   1.0550959e-01   2.3356711e-01  -1.1070151e-01   4.9304303e-01   5.2871406e-01   2.9289101e-01  -4.2203331e-01   2.0767845e-04  -2.1765644e-01   1.0680467e-01  -2.1240467e-01
  -4.3615934e-02  -7.5552083e-02  -2.1573806e-01   0.0000000e+00   2.5094696e-01   1.3957388e-01   1.5149723e-01  -1.6934436e-01  -7.0742515e-02   1.5580081e-01  -2.9017959e-01  -1.4694872e-01   2.9045497e-01  -2.6289725e-01  -1.9901142e-01   5.2850046e-02  -2.5886617e-01   2.0087956e-01  -1.2455470e-01   5.3895565e-01   2.2550087e-01   1.4066712e-01   3.3621105e-01  -2.5718608e-01   1.8583879e-01  -7.0499392e-02   3.6583559e-01  -9.7002607e-02   1.1998708e-01   1.6415808e-01  -7.1232217e-02   4.3581066e-01   2.4273374e-02  -6.5651051e-02   1.1150352e-01   1.6446015e-01  -6.2713094e-02  -2.3321291e-01   1.0247391e-02  -1.0577347e-02   5.2990591e-01   3.8315572e-02   3.1240696e-01   3.6204479e-02   3.5233542e-01  -1.9188945e-01  -3.4848750e-01  -3.4165461e-02   1.0382177e-01  -1.0148988e-01   9.3791903e-02  -1.3485167e-02   1.8538787e-02   2.8668013e-01  -4.8485789e-02  -3.0063670e-02  -1.3691358e-01   5.4101848e-01   3.3953753e-01   2.3387329e-02  -2.3777800e-01   3.4896204e-01  -6.9935443e-02  -4.8126250e-01   5.3070382e-02   3.4102692e-01   3.1667963e-01   4.1290582e-01   4.7312866e-02   1.1640417e-01  -1.3789520e-01   3.6818995e-01   2.2803892e-01  -3.1776016e-02   3.3912398e-01   1.3300699e-01  -1.5790424e-01   1.0123149e-01   2.0409563e-01   1.0105691e-01   2.4926783e-02   1.1536561e-02  -3.4631092e-01   4.3526612e-02  -2.5574954e-01   9.6569132e-02  -1.6344752e-01  -3.2232803e-02   4.8675817e-02   4.3592112e-02   2.1918887e-01  -2.6663574e-01  -2.8027330e-01   4.2763498e-01  -2.8103095e-01   3.8507720e-01   4.9279681e-01  -4.6062130e-03   4.3031937e-01   2.8151392e-01  -2.8927414e-01  -1.8981792e-01   7.9134605e-02  -5.9222598e-02   1.3068115e-01   6.4811870e-01   7.8597482e-02   2.3496850e-01  -2.8615293e-01  -2.4294105e-01  -3.3103804e-01   4.8718892e-01   3.9044753e-01   4.4654820e-02  -1.7680875e-01  -2.9694079e-01   1.6023315e-01   2.2951382e-01  -1.3392534e-01   3.2172054e-01  -1.5109218e-01   2.7619497e-01   9.5047889e-02   2.4449119e-01  -5.3173219e-02  -8.8542462e-02   9.7795929e-02  -4.0084352e-04   4.1930179e-01  -2.2432441e-01  -1.8156594e-01  -1.8928604e-01  -2.1830062e-01   8.4021111e-03   4.1256197e-01  -1.4979813e-01   3.8171500e-01  -1.4853819e-01  -8.0603421e-02  -1.6311340e-01  -8.9417892e-02   2.5533014e-01  -1.3085619e-01   2.0262297e-02   7.3056435e-02   7.6217828e-02  -3.2915287e-02   1.2855951e-01   2.4798674e-01   5.9741446e-02  -6.0701328e-02  -5.8103979e-02   1.0681282e-01  -2.1476467e-01  -2.9681841e-01  -3.8051649e-02  -1.0963561e-01   2.8104020e-01  -1.2398903e-01  -1.1042631e-02   3.0646627e-01  -3.4898209e-01   1.9571988e-02   9.8000119e-02   6.1374742e-01  -1.0969321e-01  -4.5318945e-01  -2.2141622e-01   1.9729201e-01  -3.3209355e-01   2.9850332e-02  -3.6081527e-01   4.5367913e-02  -1.8584446e-03   1.2697285e-01  -7.5069738e-02   3.8794790e-01
  -4.1341934e-01   1.1003186e-01   3.1139659e-01   2.5094696e-01   0.0000000e+00   7.3195374e-02   8.0600462e-02  -1.6671117e-02   2.7314457e-01   3.6876544e-01   9.6868421e-02   1.7464963e-01   3.1658222e-01  -3.8412089e-01  -2.1145399e-01  -9.1852864e-02   2.0080058e-01   6.2771582e-02   7.8020409e-02   7.2163244e-01   1.1545201e-01  -4.2455387e-01  -1.0205364e-01  -4.0917050e-01  -8.6905989e-02   5.3559518e-02   1.2153942e-01  -1.8852650e-01   3.2527725e-01  -3.0121736e-01  -3.4537756e-02  -2.6493098e-01   1.5260212e-02   4.4988156e-01   1.5358787e-01   3.6885850e-01  -1.1139111e-01  -1.5509160e-01  -1.2583264e-01   4.1368808e-01   1.6473488e-02   1.0158409e-01   3.5313888e-01  -2.4933893e-02   1.6349949e-01  -2.9097811e-01  -1.9954992e-02   1.2846392e-01   1.9600908e-01   3.6587590e-01  -1.0125993e-01   5.1729262e-02   3.3547030e-01   1.1521115e-01  -1.7736103e-01   4.2015642e-02   5.3707437e-02  -3.0741427e-01  -8.3057346e-02  -4.1296617e-01  -2.1291907e-01   3.1302280e-01   1.4522201e-01  -3.0846109e-02   2.1981983e-01   1.1983928e-01   2.4846362e-02   1.3174311e-01  -1.5998655e-01  -2.8520933e-01   3.1432554e-01  -2.5722037e-01   1.6819792e-01  -3.1424007e-01   2.8348473e-01   1.1128273e-01  -1.9901657e-01  -1.0471034e-01   5.2569708e-01   2.3227279e-01  -3.9229448e-02  -5.3762412e-02   2.2273388e-01   7.9465103e-03   5.1675735e-02  -6.7858453e-02  -9.9008970e-02  -4.8610443e-01   1.8694081e-01  -1.6937803e-01   4.3004386e-01  -1.3575975e-01   4.1121322e-01   1.0487693e-01  -1.0597383e-01   5.7628517e-01  -3.6711372e-02  -9.7614200e-02   2.3439170e-01   4.9749041e-02  -1.3497171e-01   4.8299934e-03  -1.3444714e-01  -3.3951234e-01  -3.3342769e-01  -1.7481522e-03   2.4802024e-01   7.2453142e-02  -7.5488138e-02   1.7039413e-01   3.0778473e-01  -2.5000567e-01  -7.1563426e-02  -2.7725720e-01  -3.7361161e-01   3.1219588e-01  -1.9906991e-01   2.2333792e-01  -1.5643447e-01  -3.1205870e-01  -2.1675891e-01   6.3914756e-01   2.9466223e-01   1.9074188e-01  -2.5970182e-01  -4.1795818e-01  -2.8741229e-02   4.3263593e-02  -3.0287431e-01  -8.4702399e-02  -3.3675067e-02   2.0034475e-01  -4.5131685e-01   5.2635719e-02  -1.0995838e-01   1.1218116e-01   1.6299250e-01  -8.4354961e-02   5.3927911e-02  -1.5140915e-01  -3.2717190e-01   1.2835141e-01   2.0531313e-01   1.6884397e-02  -1.4386051e-01   1.5806119e-02   2.7161283e-01   3.2032411e-02   2.0294316e-01   1.6002363e-01  -3.0006467e-01   4.1360322e-02  -1.0592207e-01   2.8871922e-01   4.2212978e-01  -1.9050129e-01  -1.2474633e-01   5.3918950e-02  -2.5700351e-02   4.7291350e-02   1.3399511e-01   5.1679859e-02   1.7912870e-01   9.7511996e-02  -4.2915339e-03   4.8135190e-01   1.5820181e-01  -1.6329248e-02   2.6466651e-02   4.2356443e-01   5.7613702e-01  -1.7087330e-01   8.2788326e-02  -8.5555930e-02   1.6059455e-02   4.5020119e-02  -9.6863843e-02
  -3.1930589e-01  -3.8506059e-01   7.4659035e-02   1.3957388e-01   7.3195374e-02   0.0000000e+00  -2.7702634e-01   6.5420864e-01  -2.9384575e-01  -2.3577742e-01   4.5413466e-01  -8.1563035e-02   3.2673065e-01  -2.1757633e-01  -6.6950782e-02  -4.9649814e-01  -2.8196155e-02  -2.3764457e-01   5.2169296e-01   1.2592035e-01  -2.6983938e-01  -2.9856816e-01  -3.6697062e-01  -2.7978487e-01  -9.1711566e-02   7.0562958e-01   3.3281260e-01   7.5510834e-01   1.5447603e-01  -4.2590167e-01   2.3067692e-01  -1.5461753e-01  -4.8009546e-01  -2.2183839e-02  -3.5420196e-02  -4.9048818e-01  -3.8372339e-01  -3.2910897e-01  -6.5372668e-01   1.3644157e-01   1.3122540e-01  -4.4522522e-01   1.7675228e-01   6.7908835e-01   1.6061365e-02  -5.7448645e-02  -2.3247519e-02  -2.1513648e-01   4.0668412e-01  -7.7704654e-02  -2.7289806e-01   5.0007661e-01   2.8113126e-01  -1.4897988e-01  -2.5977373e-01   6.9676623e-01   4.7845275e-01   8.6690680e-02  -1.6959585e-02   7.4473044e-02  -8.9427011e-02   3.0011885e-01  -2.0282306e-01   4.1453138e-01   2.5358864e-01  -1.4512552e-01   7.7650452e-01   2.6201082e-01   6.2439901e-01   9.3022649e-03  -2.1025152e-01  -1.1920006e-01  -2.4053171e-01  -2.2120464e-01   3.0845352e-01   2.6210485e-01  -2.6040495e-01   6.0497230e-01  -2.7655214e-01  -4.7408433e-02   6.0503026e-01  -4.6551122e-01   4.5130724e-01   6.1453606e-01  -1.9127225e-01   3.2111711e-02  -5.0979103e-01  -1.1178279e-01   1.6877943e-01  -3.7873148e-02  -1.4459978e-01  -2.7587483e-01   1.1305246e-01   7.8483689e-02  -2.4518528e-01   1.1490039e-02   2.8398928e-01   7.4191516e-01   3.3043382e-01  -7.5644521e-02  -2.4158122e-01   5.8056822e-01  -3.3575412e-01  -2.9524199e-01  -2.9180366e-01   1.9714312e-01  -2.5722348e-01   7.7188810e-01  -1.9178288e-01  -1.1653593e-01   2.1871968e-01   7.6096917e-02   2.0283577e-01  -2.2288479e-01  -6.9449658e-02  -2.2345576e-01   3.9799023e-01  -2.4984545e-01   6.2629207e-01  -3.0780410e-01  -2.9714205e-01  -2.3676233e-01  -5.9264206e-02  -3.5386671e-02  -1.9880042e-01  -2.1432483e-01  -1.7004883e-01  -2.3295701e-01  -9.7024694e-02   4.9462683e-02  -5.3601578e-01   8.4132793e-02  -3.2295902e-01  -1.2627209e-01  -3.6647565e-01   4.6517640e-01   4.7899449e-02   5.9903481e-01   4.1122398e-01  -2.2494637e-01  -2.1648211e-01   7.6384833e-02   4.7905964e-01   6.6530049e-01  -2.6635091e-01  -6.0354413e-06  -2.3785742e-01  -1.0783997e-01   7.5655018e-02  -3.2748043e-01  -2.2291830e-01   5.7605785e-01  -2.5306934e-01   5.1017947e-01   3.3542962e-01  -3.4931398e-01  -2.5270685e-01   6.3488082e-02  -2.7715233e-01   5.1142083e-01   9.3716876e-02   2.1398250e-01  -3.1020997e-01  -1.0608429e-01   1.3474786e-01   1.6375789e-01   4.0543616e-01   6.4540792e-01  -1.6916931e-01   5.9901732e-03   1.5369233e-01  -3.9069525e-01  -3.5351662e-01   7.7027887e-01   3.0182242e-01  -3.0941437e-01   1.5025141e-01
  -2.8720671e-01  -4.0856660e-02  -2.2062297e-01   1.5149723e-01   8.0600462e-02  -2.7702634e-01   0.0000000e+00  -3.5534264e-01   4.6935732e-02   5.8894299e-01  -1.9083298e-01   9.7746404e-02  -2.4272924e-01  -1.4454198e-01  -5.6897175e-02   1.1532508e-01  -1.5460436e-01   1.3743251e-01  -1.1811739e-01  -1.1343497e-01   5.1185151e-02   1.8034812e-01   6.8147810e-01  -3.7667091e-01   9.8484339e-02  -2.4777902e-01  -1.2731892e-01  -1.1296261e-01  -7.3359017e-02   3.1737806e-01  -1.3417107e-01   9.5676175e-02  -3.7256757e-02   2.5410523e-01   5.2827021e-01   2.6104294e-01   2.0382980e-03  -2.1879760e-01   6.6008502e-02   1.0036601e-01  -3.2458338e-02   9.6031390e-02  -3.3882730e-02  -2.8902734e-01   3.5787783e-01  -4.2365819e-02  -3.7993936e-02   4.9550422e-01  -3.3924938e-01  -2.7274003e-01   3.5451444e-01  -4.0793264e-01  -2.3882008e-01   1.2097851e-01  -2.3275414e-01  -3.3320820e-01  -2.3961905e-01  -4.2182058e-02   7.0518018e-02   1.1405397e-02  -4.4909921e-03   4.5380393e-02  -9.3469159e-02  -2.6915260e-01  -1.8242228e-01   5.1061248e-01  -6.9014452e-02   1.0732190e-01  -2.1567243e-01   2.5337276e-01   7.1966643e-02   3.5064892e-01  -2.1254735e-02  -2.3800339e-01   1.8771499e-02  -2.5098429e-01  -1.7397794e-01  -2.0855143e-01   8.5946632e-02  -6.0872918e-02   3.1480701e-01  -2.8797066e-02  -1.5461341e-01  -1.7549627e-01  -2.7737401e-01  -2.7773805e-01   2.0982136e-01  -2.5895279e-01  -2.9388468e-01  -4.8856237e-01  -6.3821712e-02  -2.4841329e-02  -3.9298296e-02   1.7852744e-01  -2.7358638e-01   2.3690834e-02   2.9990689e-01  -2.2316720e-01  -5.5413791e-02   6.9939912e-01  -1.1456860e-01  -4.8077325e-01   3.0130312e-01   2.2344531e-01   4.3664657e-01  -1.3945750e-01  -1.2920146e-01  -1.8485527e-01   3.3704317e-01   9.0341031e-02   2.9735448e-01   2.6029877e-01   2.8283429e-02  -3.7521176e-01   1.5361434e-01  -2.2207715e-02   2.6798953e-02  -3.7679098e-02  -1.1688320e-01   3.8381794e-01  -1.5059404e-02   1.0358862e-01  -3.0343640e-02  -1.7019217e-01  -2.3415360e-01  -1.5506428e-01   3.4631253e-01   1.1737984e-01  -9.4737193e-03   7.3474267e-02   4.5592468e-02   2.5426702e-01  -1.6383516e-01  -2.5090730e-01   1.2623826e-01  -4.2987800e-02   7.3250393e-02   1.3889908e-02  -1.7387063e-01  -3.9968097e-01  -2.1485168e-01   1.2392681e-01  -4.4812347e-02  -4.7287483e-02   4.3124843e-01  -1.1203828e-01   4.9722790e-01   2.6345149e-01   3.9743789e-01  -1.1963420e-01  -1.7254676e-01  -1.6584262e-02  -9.0443883e-02  -2.5359779e-01  -2.6858623e-01  -2.9314406e-01  -1.5613804e-01   2.4618214e-02   4.9230644e-02   3.7577785e-01   1.4897888e-01  -1.7509945e-01   2.2650279e-01   1.3426011e-01  -9.6981389e-02   1.8790200e-01  -4.5140258e-02  -2.7135773e-01  -1.3495315e-01  -1.1844440e-01  -6.1700862e-02  -2.1307423e-01   1.8877424e-01  -6.4783492e-02   8.2497192e-02   2.3155199e-01  -1.1722631e-01
  -2.2565899e-01  -2.6797480e-01   1.5113486e-01  -1.6934436e-01  -1.6671117e-02   6.5420864e-01  -3.5534264e-01   0.0000000e+00  -1.7379149e-01  -2.4185006e-01   3.0348740e-01   3.3087712e-02   2.4623149e-01  -1.5789971e-01  -1.5988530e-01  -4.6217432e-01   3.3152668e-02  -3.3531791e-01   4.6829688e-01  -2.4429893e-02  -3.9679469e-01  -4.4712303e-01  -6.5850327e-01  -1.8362856e-01  -2.2684338e-01   7.6374814e-01   6.2097182e-02   4.8538270e-01   6.5394383e-02  -5.7960000e-01   1.0484947e-01  -3.1866180e-01  -3.6384190e-01   1.8335251e-03  -2.8217342e-01  -4.1598853e-01  -9.5100903e-02  -2.1210643e-01  -5.3657445e-01   1.2512736e-01  -2.0095118e-02  -4.6890519e-01   7.7890715e-02   5.5420781e-01  -1.1578252e-01  -2.0977312e-01  -2.5483060e-02  -1.5948112e-01   3.5669090e-01   5.6652761e-02  -5.1117838e-01   7.3673231e-01   4.0816147e-01  -2.2383698e-01  -3.6938180e-01   4.6090660e-01   6.1760744e-01  -3.6910048e-02  -3.0218026e-01  -1.7872265e-01  -3.9144062e-01   1.0012028e-01   4.8035399e-02   5.4638077e-01   4.2038469e-01  -4.1917224e-01   3.4677254e-01  -1.6281179e-01   4.1037520e-01  -2.2650474e-01   7.1819637e-02  -3.1636473e-01  -1.2828190e-01  -3.0011076e-01   1.3340559e-01   3.7534493e-01  -4.0128020e-01   4.9194462e-01  -1.9320620e-01   1.2662590e-01   3.4929667e-01  -2.6255197e-01   3.9328965e-01   7.3910338e-01  -7.5401980e-02   1.7026492e-01  -4.8319034e-01  -1.2473193e-01   2.9293820e-01  -1.5169455e-01  -1.4829943e-01  -3.7656556e-01   3.1357879e-01  -5.2074051e-02  -2.0846701e-01  -1.4372428e-01  -9.2613762e-03   5.8897012e-01   2.0900184e-01  -2.7615950e-01  -8.4096101e-02   5.8010283e-01  -3.8688134e-01  -3.9023827e-01  -4.4241002e-01   3.4448033e-02  -2.0636869e-01   4.8374402e-01  -7.3368632e-02  -7.0531789e-02   2.6466082e-01  -3.0941297e-01  -6.3454329e-02  -2.3394996e-01  -8.7506393e-02  -7.8657001e-02   2.0696797e-01  -1.4829163e-01   4.9643055e-01  -4.3207867e-01  -3.8066838e-01  -2.2056812e-01   6.3823921e-02  -2.5275316e-02  -3.2327943e-01  -2.7859788e-01  -1.3332992e-01  -2.7278848e-01  -8.7228884e-02   6.1871938e-03  -2.6600583e-01  -1.3354879e-02  -3.3197859e-01  -5.0680660e-02  -3.3304199e-01   4.8181433e-01  -3.2939228e-02   5.4360123e-01   5.4619964e-01  -9.7446188e-02  -2.5988941e-01   8.9667835e-03   5.5026599e-01   5.4021957e-01  -4.2958055e-01   4.3970207e-02  -1.0369781e-01  -2.7967471e-01  -1.4816587e-01  -1.5765074e-01  -3.1952397e-01   7.2656072e-01  -5.0121078e-01   4.2277774e-01   4.3317423e-01  -3.1108735e-01  -3.6982821e-01   1.9486858e-02  -4.0739510e-01   3.7072694e-01  -1.1704742e-01   4.5009791e-01  -3.3296619e-01  -1.1295220e-01   3.6208134e-02   1.2282448e-01   3.9886149e-01   4.9747241e-01  -4.0805769e-01   1.6364875e-01   1.3831447e-01  -2.2877744e-01  -3.6259656e-01   5.0113060e-01   2.3253352e-01  -3.0978859e-01   1.2168475e-01
  -2.3369282e-02   1.2655072e-01   7.5199171e-02  -7.0742515e-02   2.7314457e-01  -2.9384575e-01   4.6935732e-02  -1.7379149e-01   0.0000000e+00   1.9392529e-01  -5.7754258e-02  -3.6945261e-02  -1.5198089e-02  -1.4869735e-01  -5.6727299e-02   5.5944083e-02  -4.2871824e-02   1.6685882e-01  -1.1331407e-01   2.6607152e-01   1.5388925e-01   1.2929111e-01  -2.1168208e-02  -1.7088906e-01   2.3898625e-02  -1.4628650e-01  -1.1881900e-01  -2.3010064e-01   1.0808874e-01   6.1949648e-02  -3.9040551e-02   9.8996074e-02   2.5926216e-01   4.0370401e-02   1.9585573e-01   4.2864654e-01   2.5818263e-01   1.5320981e-02   2.3298983e-01  -1.3009434e-01  -1.4999856e-01   8.4926531e-02   2.0702572e-02  -1.5569570e-01   1.3262871e-01  -1.1011398e-01   4.0291999e-02   2.3355326e-01   1.0773139e-02   4.6897699e-02   2.3361808e-02  -1.3431448e-01  -2.1450181e-03  -1.4450974e-02  -6.5331825e-02  -1.6423010e-01   2.4155048e-02  -2.7688457e-02  -4.1180212e-02  -1.6838567e-01  -4.7879519e-02   1.8738822e-01   1.4486232e-01  -1.5214061e-01   1.7913821e-01   1.4937290e-01  -2.7764371e-01  -1.5220083e-01  -9.9221094e-02  -7.2264486e-02   2.2314407e-01  -5.7795888e-02   2.1334353e-01  -1.3534978e-01  -1.4058765e-01   2.1274969e-01   8.6321695e-02  -1.9902861e-01   4.7614309e-01   2.6316004e-01  -1.6776852e-01   4.3622294e-02  -7.0077371e-02  -8.0105785e-02  -7.2578125e-02   9.7702206e-02   4.1849581e-01  -3.1076031e-01   6.2213971e-03  -8.7437679e-02   3.8049834e-01  -1.9795625e-01  -6.7602207e-02   1.3890636e-01  -2.1230663e-02   3.0346773e-01  -1.5009579e-01  -1.3857333e-01  -7.8186137e-02   5.8238111e-02   7.4791321e-03  -3.0113706e-01   2.5175776e-01   2.2415929e-01  -1.0135449e-02   1.1924385e-01   1.1843000e-01  -1.0735805e-01   2.3696582e-01   8.8150650e-02  -4.5281713e-02  -3.0784015e-02  -3.1755000e-01  -6.8653910e-02  -1.3378149e-01   2.4164453e-01  -1.6222998e-01   3.9482109e-02  -2.6089179e-01   4.4186478e-02  -2.4549165e-01   2.7811502e-01   9.8802872e-02   3.7344822e-01  -7.6876709e-02  -1.2178525e-01  -1.2091112e-01   4.2137500e-02   1.6198280e-01  -8.4879374e-02  -1.0078859e-01  -7.1820436e-02  -1.3934076e-01   1.2274897e-01   1.5881132e-01   3.7389881e-02  -3.0310453e-02  -7.4696999e-02  -7.8681206e-02  -3.3528571e-02  -1.6910626e-01   2.9681052e-03  -4.1910352e-02  -1.7241952e-01  -5.9364324e-03   3.4551935e-01   6.9935946e-02   3.0684749e-01  -1.1312952e-02   2.2830938e-01  -9.4071876e-02   2.5501936e-03  -6.7684281e-02   5.5565453e-02  -4.8796582e-02  -2.5475400e-02  -2.0853314e-02   5.6460808e-02  -1.1400555e-01  -2.0713043e-01  -1.6576115e-01   2.4690518e-02   2.1506241e-01   9.6349524e-02   2.4706194e-02   1.5112405e-01  -2.6458520e-02  -2.1433986e-01  -4.0469875e-03   1.1498468e-01   3.4320531e-01  -5.8538779e-02   1.8505540e-01  -2.4874447e-01  -2.9355714e-01   2.4422300e-01   1.6875238e-01
  -4.4539071e-01   1.1831052e-01  -3.1559837e-01   1.5580081e-01   3.6876544e-01  -2.3577742e-01   5.8894299e-01  -2.4185006e-01   1.9392529e-01   0.0000000e+00   4.5507883e-02  -8.1276676e-02   2.4709000e-01  -3.3738117e-01  -3.6651028e-01  -9.7240947e-02  -2.1506057e-01   3.7958190e-01  -2.9707351e-01   1.7116611e-01   3.1108228e-01   2.3888470e-02   3.3355775e-01  -4.7832193e-01  -7.4002146e-02  -2.3124456e-01  -2.4789778e-01  -3.0996453e-01   2.4866004e-01   1.9633748e-01  -2.7649068e-02  -2.5636503e-01  -2.1576097e-01   2.5107822e-01   2.8478535e-01   3.4845301e-01   1.1341233e-01  -2.2570924e-01  -5.4442496e-02   1.6434459e-02   3.9129930e-02   1.2109133e-02   6.0409249e-02  -1.9903689e-01   3.4000986e-01   3.0942297e-02   2.3016572e-02   4.4521066e-01  -7.1334264e-02  -1.7080854e-01   3.1521792e-01  -3.2233073e-01  -8.7492753e-02  -3.2395361e-02  -3.6438649e-01  -1.8037794e-01  -1.3176881e-01  -2.2772026e-01  -1.3886513e-01  -2.7665744e-01  -1.4543156e-01   2.7900239e-01  -1.0464109e-01  -1.7552395e-01   5.3487731e-02   5.2855250e-01  -2.0346645e-01  -1.2522468e-01  -3.6917057e-01   1.6216304e-01   1.0371037e-01   1.3023494e-01   1.4556448e-01  -4.5308979e-01   1.5167009e-01  -2.5806760e-02  -2.6869148e-01  -2.5493286e-01   1.3059317e-01   4.8224758e-02   9.3742967e-02   4.0329099e-02   3.2709497e-02  -1.8952828e-01  -2.2959202e-01  -1.3304492e-01   2.9010884e-01  -5.2615217e-01  -2.6792678e-01  -4.9043404e-01   1.5244955e-01  -1.6326911e-01  -6.5484684e-02   6.5191327e-02  -1.9376478e-01   1.1783745e-01   4.5214397e-02  -2.8803741e-01   1.1334847e-01   6.4056499e-01  -1.1091898e-01  -4.9699102e-01   2.1791640e-01   3.7633767e-02   2.3531561e-01  -8.7217358e-02  -1.4509328e-01  -1.8112291e-01   3.1292149e-01   2.5132173e-01   3.8136247e-01   4.2795168e-02   5.4985990e-02  -3.4507251e-01  -1.3954940e-01   1.0183501e-01  -1.7060143e-01   9.4785876e-02  -2.6547709e-01  -1.5643821e-02  -2.2790778e-01   3.2459528e-01  -5.4813393e-02   1.2391762e-01  -1.4388559e-01  -3.1557773e-01   2.0565831e-01  -4.0217405e-02  -3.6034529e-02   9.5193428e-02   6.3454502e-02   3.0071506e-01  -2.9514169e-01  -1.0562506e-01  -7.4371875e-02   6.9154068e-02  -2.8752392e-02  -1.1372563e-02   1.6798487e-02  -3.6905994e-01  -4.8430835e-01   3.4135881e-01  -1.8661367e-02  -7.2781839e-02   1.0567308e-01   9.3079651e-02   2.3336954e-01   3.9401098e-01   3.5120429e-01   1.7623486e-01  -2.7547337e-01   5.0868199e-02  -2.0733709e-01   1.6448799e-02  -1.4676219e-01  -3.1347454e-01  -2.2949820e-01  -2.6151271e-01  -3.9387788e-02   2.4353471e-01   5.4941044e-02   5.8969196e-02   5.5683290e-01   4.9353602e-01  -1.0962727e-01   1.8466788e-01   9.8859541e-02  -2.5858699e-01  -1.1919033e-01  -6.3381705e-02   9.8740579e-03  -2.6981635e-01   3.7902234e-01  -2.4333763e-01   1.5631801e-01   1.5023575e-01  -1.2186573e-01
  -5.1290620e-01  -7.9580042e-02   3.4774692e-02  -2.9017959e-01   9.6868421e-02   4.5413466e-01  -1.9083298e-01   3.0348740e-01  -5.7754258e-02   4.5507883e-02   0.0000000e+00  -1.8310175e-01   9.2198622e-02  -2.7496202e-01   2.2432668e-01  -2.8581804e-01   8.7655648e-02  -5.8441286e-02   3.7839890e-01  -2.1888066e-01  -1.1029240e-01  -3.8012924e-01  -2.6889192e-01  -3.0175946e-01  -1.2831520e-01   4.2983745e-01   2.1246647e-01   3.1664252e-01   2.2890931e-01  -2.4413237e-01   6.0730738e-01  -3.0452520e-01  -3.4818954e-01   1.7111785e-01  -1.4111388e-01  -2.7508659e-01  -2.3407762e-02  -3.9858906e-01  -2.6402687e-01   2.4746376e-01  -7.6393332e-02  -2.2498714e-01  -1.4788590e-01   4.9142356e-01  -2.8647879e-01  -7.1979986e-02   3.6728086e-01  -2.8645941e-02   4.6082506e-01   7.2353870e-02  -2.0355006e-01   2.2577578e-01   4.7431247e-01  -2.9434962e-01  -2.4986563e-01   5.4769276e-01   4.0543927e-01  -4.4999031e-01  -1.4420412e-01  -3.2385937e-01   1.7674188e-03   1.0161357e-01  -8.2136455e-02   7.1851286e-01   3.3813440e-01  -2.0593546e-01   2.3307421e-01  -7.3682595e-03   3.5677371e-01  -2.4643196e-01   8.1983471e-02  -3.4751376e-01   8.9369057e-02  -2.8181548e-01   1.4193411e-01  -1.4479694e-03  -1.9420898e-01   4.8587890e-02  -1.2516292e-01   2.8469538e-02   2.8917013e-01  -1.8407288e-01   7.1097256e-01   1.4095178e-01  -1.0689541e-01   8.3003221e-02  -1.3770691e-01  -2.7156419e-01  -2.3631846e-02  -1.8808551e-01  -3.5230325e-02  -1.2559717e-01   2.7980377e-01  -3.6418851e-01  -2.9615590e-01  -1.1646118e-01  -2.1047516e-01   3.8007348e-01  -1.0160671e-01  -9.2207911e-02  -8.7742698e-02   4.0921227e-01  -2.5311465e-01  -4.0849026e-01  -2.8648355e-01  -2.7881372e-01  -1.5940821e-01   4.6537814e-01   2.2454889e-01   1.9653087e-01   4.5253683e-01  -3.1016990e-01  -2.4240646e-02  -4.0504378e-01  -6.9869093e-02   2.7806841e-01   1.7223606e-01  -8.7612272e-02   1.7160516e-01  -4.7427475e-01  -2.0187312e-01  -7.0879499e-02  -2.1237747e-01   7.1131886e-02  -2.1005879e-01  -2.2740370e-01  -9.3634972e-02   2.5048340e-02  -3.6136838e-01  -3.5902953e-02  -1.7928120e-01   5.0376335e-01  -4.1960361e-01   8.6809043e-02  -6.2486068e-01   3.1782524e-01  -9.0494659e-02   3.3462218e-01   3.5160587e-01  -4.4041876e-01  -4.4722003e-01  -1.1308290e-01   5.5868553e-01   1.3490565e-01  -9.5549229e-02   1.1947744e-01  -1.2297047e-01   3.9680944e-02  -3.7356965e-02   1.6097034e-01  -2.5747792e-01   2.0356186e-01  -1.8526366e-01   7.8231441e-01   2.5432749e-01  -4.8148852e-01  -4.0578038e-01  -1.3599037e-01  -1.5455239e-01   1.1008954e-01  -5.2335979e-02   6.1398763e-01   1.4194930e-01   1.0223614e-01  -2.5030268e-01   2.0810544e-01   6.0637258e-01   3.9943902e-01  -3.2887749e-01   2.5067010e-01   1.4605009e-01  -3.6637807e-01   2.7655770e-02   2.6674712e-01   2.3214893e-01  -4.6399618e-02  -3.9687283e-01
   7.9276294e-02   5.2634244e-01   6.7670824e-01  -1.4694872e-01   1.7464963e-01  -8.1563035e-02   9.7746404e-02   3.3087712e-02  -3.6945261e-02  -8.1276676e-02  -1.8310175e-01   0.0000000e+00  -2.9350562e-01   2.9904556e-02   2.9153331e-01   3.0152264e-01   5.7848395e-01  -3.2852091e-01  -6.3599551e-02   1.6300486e-01  -2.8158615e-01  -2.5430541e-01  -1.1836601e-01   1.3049488e-01   6.0048799e-02   3.7420752e-03   7.6467182e-03   2.6742710e-02  -7.7203821e-02  -6.8565140e-02  -8.1221048e-02  -1.3089853e-01   1.8855193e-01   2.7696731e-01   4.0061785e-01  -6.7477844e-02  -3.5142031e-01   3.3925259e-01   8.6634678e-02   4.8603886e-01  -2.9575850e-01   2.6184554e-01   3.1410878e-01  -1.3372440e-01  -1.7580889e-01  -1.3715364e-01  -8.8541229e-02   1.6402224e-01  -3.6236883e-01   4.6303267e-01  -4.6377582e-02  -3.2343880e-02   2.0004661e-02   9.2646971e-02  -4.1026713e-02   2.0394742e-03  -2.1867397e-01  -2.7604161e-01  -2.3382710e-02   1.6220365e-01  -1.2947521e-01  -2.1267277e-01   5.6866948e-01  -3.5718787e-02  -2.9233001e-01  -2.3924216e-01   8.5811144e-02  -1.6307634e-01  -2.5737918e-01   6.3762841e-02   4.9252743e-01  -1.6364669e-02  -2.0638143e-01   2.8633078e-01  -1.2375984e-01  -1.2806257e-01  -7.9600190e-03   4.0594591e-02   9.4583714e-02   1.2231995e-01   7.3084081e-03   2.6427956e-01   2.0583391e-01  -2.0492019e-02   5.5775606e-01  -2.9189868e-01   3.2095978e-02   7.9928403e-02   3.7689966e-01   6.8170793e-02  -2.6947162e-01   3.8712264e-01   5.2688829e-01  -4.7532069e-02   1.7985052e-01   3.4677885e-01  -4.4231346e-02  -2.2159998e-01  -7.0720461e-02  -3.4235352e-01   3.9097877e-01  -1.1176797e-02  -1.1810757e-01  -8.8556404e-04  -1.4747150e-01  -1.2730858e-01   1.6414957e-01  -1.9168814e-01  -6.6655874e-02  -3.9332756e-02   1.7880431e-01  -2.9280236e-01  -1.3779841e-01   1.1487333e-01   2.0402427e-01   9.4419893e-02  -3.0193548e-02  -4.5644400e-02   1.6516781e-01  -1.4052976e-01   1.6116399e-01   7.4568992e-02   5.1319877e-01  -4.4572035e-01  -6.1630564e-02   5.7153474e-02   2.6780426e-01   7.9302670e-02  -3.4592043e-01   3.8148750e-01   2.5101161e-01  -2.9361909e-01   2.2071760e-01  -2.1132197e-02   1.3091620e-01  -3.3540280e-03  -2.5285192e-02   9.2361731e-02  -1.9663557e-01   2.2392637e-01   7.5907709e-02  -3.2395943e-01   1.4381218e-01   1.6943829e-01   5.7828355e-02  -5.4588402e-01   5.7856823e-01  -2.4029373e-01   1.0552144e-02  -3.9320152e-01   1.8009531e-01  -8.2290192e-02   2.7161743e-02   6.4572243e-02   4.6784036e-01   2.7370355e-01   1.2358601e-01   2.1128092e-02   2.3147058e-01   1.1711342e-02   1.5663687e-01  -6.5230677e-02  -3.2774962e-01  -5.2594774e-01  -1.2926703e-01   1.0641713e-01  -1.5807101e-02   2.1334237e-01  -1.7443639e-01   2.3026407e-01   3.7429652e-01   3.2865545e-01  -3.8531989e-01  -2.3647186e-02  -2.4888374e-01   1.4251848e-01  -2.0875704e-01
  -7.3187258e-02  -3.0167686e-01  -1.5997512e-01   2.9045497e-01   3.1658222e-01   3.2673065e-01  -2.4272924e-01   2.4623149e-01  -1.5198089e-02   2.4709000e-01   9.2198622e-02  -2.9350562e-01   0.0000000e+00  -9.8516441e-03  -4.6899815e-01  -5.8838960e-01  -2.6659378e-01   9.6100751e-02  -1.4458861e-01   3.6809574e-01   1.6150189e-01  -1.5360138e-03  -3.3044061e-01  -2.1636408e-01   4.4587042e-02   5.4519736e-02  -3.5183972e-02  -6.0454890e-02   4.4179181e-01  -2.0482592e-01   3.7628459e-02  -1.8889532e-01  -3.9234542e-01  -2.3907418e-01  -2.6123753e-01  -1.5083979e-01  -1.1346773e-01  -1.4908825e-01  -5.5838515e-01  -1.8224163e-01   3.4404679e-01  -3.0516774e-01   8.0456198e-02   1.5268020e-01   1.9147223e-01   1.5822389e-01  -1.2145627e-02  -1.6935956e-01   4.2228281e-01  -3.0041446e-01  -1.8947492e-01   2.7312938e-01  -3.7053610e-03  -1.7345090e-02   1.2539849e-02   1.8790561e-01   1.0662096e-01   6.4667540e-02   8.4186725e-02  -2.3839947e-03  -1.6194412e-01   4.5964481e-01  -3.0146283e-01   5.2805656e-02   2.4207939e-01   1.5085458e-01   2.3032410e-01   8.6202156e-02   1.6005880e-01   1.4510878e-01  -3.3698741e-01   1.0477588e-02   1.0181694e-01  -1.3190271e-01   3.3756123e-01   4.6326798e-01  -2.2640278e-01   1.3605750e-01  -2.1386322e-01   7.6973794e-02  -6.2557663e-02  -4.5166266e-01   6.1171924e-02   9.5319495e-02  -7.4433095e-02   9.4995792e-02  -1.5238831e-01  -8.4834444e-02   3.6038927e-03   1.0255363e-01  -2.0661238e-03  -3.8029661e-01  -2.3125221e-01   1.4438101e-01   2.3505884e-02   1.9266807e-01   3.0811966e-01   1.4055548e-01   3.8545050e-01   1.2282343e-01  -1.7001693e-01   2.1170311e-01  -6.1569555e-02  -2.2059639e-01  -2.2597508e-01   1.8583328e-01  -2.6624945e-01   2.5562556e-01  -1.1324783e-01  -6.5315339e-02   2.5512442e-02   1.5691174e-01   2.5356125e-01   1.1376791e-02  -1.2724582e-01  -1.8263527e-01  -1.1115787e-01   1.0450838e-01   8.1539636e-02  -1.8063027e-01  -2.4857661e-01   1.1013294e-01  -8.3571248e-02   2.7639234e-01   6.0942202e-02  -1.7421454e-01  -2.6632049e-01  -3.6314388e-01   2.6859995e-01  -6.9744607e-02  -3.8187863e-01   5.7285248e-03  -2.4061357e-01   1.0457117e-02  -2.8212098e-01   3.1442126e-01  -1.3889946e-02   3.3812248e-02   4.3021605e-01   3.5848527e-02  -1.4124278e-01   5.5575046e-01  -2.1019434e-02   1.9411655e-01  -4.9080491e-01   3.6713012e-01  -3.7561148e-01   8.4846149e-02  -1.5581625e-02   1.9994853e-01  -2.8181552e-02   2.6310768e-01  -1.2416783e-01   1.1551864e-01  -5.7784140e-02  -9.3146764e-02  -5.3021072e-02   2.2070914e-02  -3.4577742e-01   2.6086018e-01   2.6311064e-01  -8.8000332e-02   1.1194708e-01   5.0847084e-01   3.2776631e-02   6.8047280e-02   4.1308772e-02  -5.0304089e-02   6.5989478e-02  -1.6999777e-01  -6.6114244e-02  -3.2859297e-01   2.2024299e-01   7.4627522e-02   3.9578217e-01  -2.2685871e-01   2.7732098e-01
   6.5008908e-01   1.2088017e-02  -1.0282127e-01  -2.6289725e-01  -3.8412089e-01  -2.1757633e-01  -1.4454198e-01  -1.5789971e-01  -1.4869735e-01  -3.3738117e-01  -2.7496202e-01   2.9904556e-02  -9.8516441e-03   0.0000000e+00   1.4183900e-01   1.6346989e-01  -1.5390356e-01  -2.2003545e-01  -1.6821273e-01  -3.3298650e-01  -4.3927605e-02   4.1730693e-01  -1.9750841e-02   6.0223602e-01   8.5814986e-03  -3.2583053e-01  -4.6438107e-01   1.9343359e-02  -3.8124982e-01   2.1277579e-01  -2.6137821e-01   8.9363482e-02   4.9966242e-03  -4.5002725e-01  -1.0549079e-01  -2.8286269e-01  -1.3429277e-01   4.5156500e-01   4.4936505e-02  -4.8743038e-01  -7.0384193e-02   1.5063082e-02  -8.5249479e-02  -2.0654046e-01  -8.3844990e-02   3.5197586e-01  -6.4691602e-02  -1.9048594e-01  -3.6250837e-01  -2.9416425e-01   1.2235918e-01  -2.0351818e-01  -5.3668915e-01   6.5513911e-02   7.1292641e-01  -1.2049868e-01  -1.7719433e-01   3.0050280e-02   3.7029678e-02   5.9562103e-01   3.0053817e-01  -4.4603225e-01  -8.7095467e-02  -9.3846319e-02  -3.3329023e-01  -6.0486728e-02  -1.4636365e-01  -2.2249764e-01  -1.8743282e-01   3.6018336e-01  -4.5533213e-01   2.8806764e-01  -1.9871216e-01   5.8862030e-01  -3.9174625e-01  -1.7730183e-01   4.0095398e-01  -1.2145396e-01  -4.0566172e-01  -3.9039399e-01  -1.0307292e-01   3.2062163e-02  -3.5364669e-01  -2.4452253e-01   3.1502772e-01  -3.9833401e-01   2.7603445e-01   7.7286592e-01  -2.1234388e-01   3.9388748e-01  -2.7064327e-01   2.8986188e-01  -3.3183229e-01  -6.3410125e-02   4.5390787e-01  -2.4997876e-01  -1.6940805e-01  -9.6867480e-02  -2.3654638e-01  -1.2964907e-01   1.8004054e-01   1.1016358e-01   1.6816635e-01   4.7327676e-01   4.5824451e-02  -2.4393816e-01  -6.9489396e-02  -2.9097580e-01  -1.0063088e-03  -3.5834325e-01  -3.5750839e-01   1.5846573e-01   1.6879291e-01   4.0815096e-01   4.4579359e-01  -3.8164809e-01  -1.5039585e-01   3.4793174e-02   1.8249450e-01   2.8542882e-01   3.9868952e-01  -2.2704181e-01  -1.9858848e-01  -1.7594214e-01   3.9776557e-01   6.6013773e-01   9.1519862e-02   6.3484080e-03   1.3787542e-01   1.2397889e-01   1.1783094e-01  -2.3169769e-01   7.4234790e-01  -1.6240071e-01   8.6119080e-02  -2.0077391e-01  -2.7860051e-01  -9.9319364e-02  -3.0193733e-01   4.8090750e-01   5.3988325e-01   1.9915756e-01  -3.0892066e-01  -1.2319260e-02   2.8260817e-02  -4.9082898e-02  -2.4076719e-01  -2.6525804e-01  -3.9021464e-01  -1.0631403e-01   4.2889937e-01  -1.4619725e-01   3.9878465e-01  -4.0848382e-01  -3.2931838e-01   4.4918448e-01   3.9177120e-01   3.7636978e-04   8.7936193e-02  -1.6079576e-01  -3.0996399e-02  -2.3578758e-01  -1.6420415e-01  -1.8955196e-02  -2.1809981e-01  -3.7896519e-01  -2.3522684e-01  -2.5186431e-02   2.9659545e-01  -3.7350255e-01  -5.1725249e-01   3.8188287e-01   9.8522040e-02  -6.8735622e-02  -1.3354497e-01   3.2158445e-02   1.2677122e-01
