   0.0000000e+00   1.5597667e-01   2.3589406e-01  -2.0280168e-01   1.1553397e-01  -1.8327252e-01  -2.8691869e-01   3.5023048e-03   1.2684916e-01   3.5342940e-03  -3.8026745e-01   2.2566256e-01  -3.0797207e-01   6.3477304e-01   9.3296605e-02  -1.0144825e-01   1.9692066e-01  -4.2961496e-01  -2.2321409e-01   1.3212446e-02  -1.8004842e-01  -1.5160268e-01  -4.2500756e-01   6.2491680e-01  -2.1615809e-01  -4.0459864e-01  -2.0382557e-01  -3.0252222e-01  -2.4970043e-01   3.1645196e-02  -2.4876461e-01  -3.0813111e-01  -2.1776330e-01   1.7050648e-01   2.1245179e-01  -1.4458245e-01  -3.1751865e-01   3.5225305e-01  -7.4397819e-02  -1.9348451e-01  -2.2891740e-01  -2.6639774e-01   1.0225362e-01  -3.3166689e-01  -2.0012136e-01   2.3296319e-01  -1.4370417e-01  -2.8195100e-01  -3.4307126e-01   9.0167670e-02  -4.5247189e-01  -1.3629672e-01   2.8185509e-01  -1.7506201e-01   1.3844460e-01  -5.8701976e-01  -2.2654248e-01  -2.1908075e-01  -2.4917569e-01   2.7614000e-01   3.1929087e-01  -1.7875711e-01   3.3286901e-01   2.6030458e-02  -1.1524774e-01  -2.0062320e-01  -3.0366025e-01  -1.4263622e-01  -1.8167232e-01   9.7240756e-02  -3.7022371e-01  -3.1713491e-01  -1.0461183e-02   7.4508780e-01   1.2683428e-03  -1.9804906e-01   3.6851519e-01  -2.3520914e-01   2.3529422e-01  -1.0987373e-01  -5.4125761e-01   2.3935836e-01  -3.9295345e-01  -3.4804582e-01   5.9826682e-01  -2.2070033e-01  -2.4091522e-01   4.7987303e-01   2.8706751e-01   8.2401345e-01   2.5973465e-01   4.0852990e-01  -1.1798364e-01   2.1416356e-01   4.6104134e-01   1.2589365e-01  -2.5033693e-01  -3.0344255e-01  -4.3532659e-01  -3.2567517e-01  -1.7776274e-01   3.0626241e-01  -3.0506867e-01   3.9112154e-01  -3.8338319e-01  -1.6746824e-01  -4.5036452e-02  -3.3000504e-01  -1.1357203e-01  -1.9435930e-01  -6.0609447e-02  -1.7859909e-01  -2.2292526e-01   8.0339319e-01   7.0823666e-02   3.4323666e-01  -3.4085283e-01  -2.4646484e-01  -2.7094376e-01  -3.3892132e-01   4.3541345e-01   9.9576610e-02   2.0274515e-01   2.4843758e-01   5.3510591e-01   4.0087465e-01   7.9811407e-03  -5.0783969e-02  -1.3928778e-01  -1.2785048e-01  -9.8130819e-02  -5.3134931e-02   7.9757470e-01   2.1240838e-01  -3.0636866e-01  -1.0771361e-01  -3.7188466e-01  -4.0792556e-02  -5.4432746e-02   4.1860044e-01   5.7123159e-01  -1.3336135e-01  -1.7399483e-01  -2.6544184e-01  -2.9555725e-01  -4.0767818e-01  -2.7384883e-01  -1.8753303e-02  -3.6404246e-01  -2.3214563e-01   5.6834629e-01  -3.4247604e-01   3.0288490e-01  -3.6900327e-01   1.8334689e-02   3.7116778e-01   4.6315326e-01  -3.0238834e-01   3.2534959e-01  -3.9085515e-01  -9.5525185e-02  -2.3876618e-01   4.3460079e-02  -1.9073018e-01  -1.7391066e-01   1.9899838e-01  -4.1342081e-01  -2.6392372e-01   3.3768871e-01   4.2203776e-02   1.8838092e-01   2.5284650e-01  -1.4674843e-01  -6.9937001e-02   1.2337985e-01  -1.9185616e-01  -2.1290450e-02
   1.5597667e-01   0.0000000e+00   1.7447576e-01  -1.7637402e-01   1.8781863e-01  -4.5952447e-01   1.2103819e-01  -4.1296624e-01   1.9442559e-01  -1.9657892e-01  -4.1488206e-01   5.0113738e-01  -3.3785337e-01   8.7838072e-02  -2.3208327e-01   6.4153933e-02   6.2240218e-01  -3.3996391e-01  -2.5274620e-01   3.3659284e-02  -3.6020438e-02  -8.0576773e-02  -1.7415009e-01  -1.1727441e-01  -3.9955978e-01  -5.1471330e-01  -9.0076421e-02  -4.6620423e-01  -2.4582927e-01   1.1412075e-01   2.7950473e-01  -2.7486921e-01  -4.2991646e-02   1.4229083e-02   9.8289742e-02   1.2666844e-01   2.0777247e-01   1.7477930e-01   7.6535792e-02   5.7541013e-01  -2.6678387e-01  -2.6293746e-01  -6.2057995e-02  -5.2506803e-01   1.6500465e-01   1.4460237e-01  -1.8330065e-01   2.3662951e-01   1.9621790e-01   5.8423214e-01  -4.2105157e-01  -4.0921867e-01   5.0564718e-01  -3.3517847e-01   3.6276326e-02  -5.1055326e-01  -4.7899618e-01  -1.6179599e-01  -2.1384819e-01  -3.7791629e-02  -3.9607508e-02   3.0936659e-01   2.9267099e-01   1.6198021e-02   2.6580146e-01  -1.3069016e-01  -2.2395235e-01  -4.1862908e-01  -4.1488651e-01  -2.8636285e-01   5.2993069e-01  -3.7251466e-01   2.1407841e-01  -8.0932969e-02  -1.1844705e-01  -8.0669443e-02  -2.8279596e-02  -4.9451185e-01   5.6337564e-01  -2.6970538e-01  -5.0083480e-01   4.2745354e-01   2.9675743e-01  -4.5222885e-01  -1.7073653e-02  -2.4024048e-02   7.9272817e-02  -8.2024738e-02   2.6644017e-01   9.1481948e-02   6.6824911e-01  -1.3544261e-01   3.5629183e-01  -7.8364174e-02   9.6602842e-02   1.1282053e-01  -3.6647003e-01  -4.2733723e-01  -2.6088000e-01   8.2020996e-03   2.6768823e-01  -3.0855508e-01  -2.6674317e-01   9.0036450e-02  -3.8387129e-01  -1.8088390e-01  -3.7496699e-01  -5.3152720e-01   4.1439289e-01   7.3150283e-02   5.5150559e-01  -4.9177309e-01  -2.9664467e-01   6.5554105e-02  -1.6357515e-01   4.1324948e-01  -5.5264440e-01  -1.3943568e-01  -2.1639615e-01  -3.4201316e-01  -1.7571921e-01   7.3870236e-01  -1.9855971e-01   1.3848513e-01   9.5382883e-02  -6.0324530e-02  -1.6108345e-01  -1.9338297e-01  -5.0163201e-02   3.0595745e-01   8.5112970e-03  -1.8945957e-01  -7.2898117e-02   3.8708233e-01  -1.9756904e-01  -1.3420533e-01  -2.7251485e-01  -4.7071321e-01  -3.3666664e-01   1.1268427e-01   1.0417824e-01  -1.8669223e-01  -5.4509376e-01  -3.4219183e-01  -2.5822642e-01  -2.1833182e-01   3.5084637e-01   4.4924746e-02  -1.7221650e-01  -2.6227655e-01  -1.1404764e-01  -3.6307170e-01  -3.9917072e-01  -4.2948360e-01   4.2587638e-01   7.5539379e-02  -1.0861373e-01  -3.7513900e-01   1.0789398e-01  -5.2856942e-01  -3.1083937e-01  -4.7300780e-01  -1.0854888e-01  -5.1905908e-01  -3.7420225e-01   6.0716002e-01   3.3497803e-01  -4.3921561e-01  -1.5158360e-01   7.4259057e-01   3.0079765e-01   2.4803656e-01  -3.9260183e-01  -3.0701706e-01  -1.8633579e-01  -4.3957525e-01   1.1618598e-01
   2.3589406e-01   1.7447576e-01   0.0000000e+00  -1.8111056e-01   3.9604075e-02   1.7164112e-01   1.4233886e-01  -2.0305095e-01  -1.5864063e-01  -2.6661633e-02  -7.5503384e-02   5.4305037e-01  -2.1160844e-01  -3.3999864e-02  -1.3328824e-01  -4.2635177e-02   7.4566069e-01  -2.7112176e-01  -2.2442795e-01   2.2410199e-01  -1.5698595e-01  -1.2925103e-01  -1.8792049e-01   2.3523204e-02  -3.1336204e-01  -4.3886184e-01   4.5571557e-02  -9.2932353e-02  -1.2999708e-01  -1.1953746e-01  -3.2539575e-01  -3.4857343e-01  -4.0333037e-01  -1.0654463e-01  -2.3381663e-01  -1.9977768e-01  -2.5413752e-01   3.1415858e-01  -1.9535437e-02   1.5802821e-01  -3.3862800e-01  -3.6881847e-01   8.7127781e-02  -2.3011550e-01  -1.3784277e-01   5.2732759e-01   2.6554754e-02  -2.3069928e-01  -1.7270200e-01   5.7531045e-01  -1.7935190e-01  -3.7607336e-01  -3.4584739e-01  -7.8052655e-02  -3.2846963e-01  -1.6147812e-01  -2.9191744e-01  -2.1967386e-01  -2.0953273e-01   8.1925239e-02   7.0220151e-01  -4.2426675e-02   1.3125842e-01  -2.1558708e-01  -2.8597915e-01   3.1186691e-02   7.9807052e-02   1.6771604e-02   4.7362218e-02   6.0621601e-01  -1.1812848e-01  -3.5814048e-01  -2.8724834e-01   3.6039522e-01   9.5348093e-02  -1.4846174e-01   5.8280683e-01  -3.5132507e-01  -1.4043972e-01   8.4202834e-02  -2.6852810e-01   1.3624150e-01  -3.5634431e-01  -4.4108388e-01   4.4952367e-01  -1.4188413e-01  -5.5465642e-01  -6.1360164e-02  -6.5260436e-02   2.6184012e-01  -1.0782325e-01   6.6772809e-01   2.3533561e-01  -9.3669980e-02   4.6787984e-01  -4.2240604e-02  -3.0926685e-01  -3.8588801e-01  -2.5928963e-01  -1.2228470e-01   5.9794115e-02   3.0274733e-01  -2.8134109e-01  -5.2003498e-02  -1.3822893e-01  -8.5167022e-02  -4.7809594e-02  -2.7325390e-01  -7.9481821e-02  -3.6122866e-01   4.6029490e-02  -2.0317756e-01  -2.5591150e-01   3.7953915e-01   1.6030742e-02   3.1723078e-02  -4.7026303e-01  -2.5291846e-01  -1.2035611e-01  -2.2114714e-01   1.3273006e-01   2.3793177e-01   7.0792092e-02  -6.8932041e-02   5.0095713e-01  -9.1037101e-02  -1.0542944e-01   1.3929348e-01  -1.3597870e-01   4.5663261e-01  -2.6317941e-01  -1.5824217e-01   2.7744410e-01  -1.7740042e-01  -2.0693462e-01  -2.1621342e-01  -5.4518230e-02  -1.4475767e-01  -1.7070043e-01   1.3261716e-01  -1.1418464e-01  -3.2555131e-01  -2.6135485e-01   6.7992900e-02  -1.8543729e-01  -7.8526200e-02   4.3368700e-01  -2.5804370e-01  -1.1336357e-01  -2.0084560e-01   4.4675683e-01  -3.7851962e-01   1.9499976e-01  -4.1443420e-01   2.5190224e-01   2.6000185e-01   2.3902476e-01  -1.8689348e-01   6.7322724e-01  -3.6223843e-01  -2.1458140e-01  -3.4637277e-01  -1.2565877e-01  -1.4921069e-01  -2.1096762e-01  -5.1900849e-02  -4.6617711e-02  -2.6192981e-01   2.2450102e-01  -1.0705058e-01  -9.4085425e-02   1.4649277e-01  -1.8629393e-01  -1.8967602e-01   1.1604106e-01  -2.4813070e-01   1.4455320e-01
  -2.0280168e-01  -1.7637402e-01  -1.8111056e-01   0.0000000e+00   1.6048143e-01  -4.4388550e-02  -2.8580544e-01   3.7080486e-01   3.6403867e-01   2.1307046e-02   5.5121353e-02   7.8227417e-02   5.9413122e-02   2.1031182e-01   4.0646807e-01   1.1533308e-01  -1.6816815e-01   3.3243586e-01   5.7032379e-01   1.3442356e-01   3.3849047e-01   7.8301249e-01   4.3413495e-01  -3.1644933e-01   5.0225952e-02   3.3972024e-01  -1.7906834e-01   9.1306916e-03   2.5854438e-01   2.8385848e-01   2.7792484e-01   6.9306013e-01   2.9645240e-01   1.1619673e-01   4.0646077e-01   8.2672422e-02  -1.2289353e-01  -5.3880397e-01  -1.4775048e-01  -3.0805325e-01   1.2648576e-01   4.0863182e-01   2.9453917e-01   2.1049423e-01  -6.9581749e-02  -1.9082786e-01   3.3576870e-02  -1.7794886e-01   1.5359216e-01  -2.5571529e-01   4.0021279e-01   3.8085516e-01  -2.7809274e-02  -1.5677535e-01   9.5050666e-02   1.8723243e-02   5.1080874e-01   6.7882276e-01   5.3841816e-01   4.2595265e-01  -1.6300365e-01  -1.5063227e-01   2.3689107e-01  -9.1737607e-02  -1.8996872e-02  -1.1116495e-01  -8.1661236e-02  -1.0886638e-01   2.7107022e-02  -2.8375364e-01  -2.2570839e-01   7.6149800e-01  -1.3754750e-01  -1.9578161e-01   7.5703826e-02   6.7188153e-01  -4.1582547e-01   4.2345400e-01   5.1363140e-02   2.2980218e-01   2.7023771e-01  -3.3229843e-02  -1.4614405e-01   5.8905674e-01  -3.5873530e-01   7.1545360e-01   2.8852811e-01  -2.4912288e-01   2.7289132e-01  -1.2537952e-01  -1.6330319e-01  -3.4574279e-01  -3.0083063e-01   4.8821692e-01  -4.9776291e-01  -2.3937697e-02   3.6299110e-01   6.2201713e-01  -5.6292386e-02   2.0744466e-01  -6.4227795e-02  -1.0113736e-01   4.7070766e-01   3.7344820e-01   6.8348478e-01   8.0922329e-01   1.7773082e-01   5.4598691e-01  -6.8361222e-02   1.8738037e-01  -1.1196107e-02   6.3180355e-01   6.1222340e-01  -2.1406386e-01   4.5266324e-02  -1.7171297e-01   4.7597324e-01   2.5069978e-01   3.2819768e-01   8.0361253e-01  -7.0969406e-02  -3.4161441e-01   2.1092724e-01  -1.6898991e-02  -4.4738639e-01   4.0770812e-01   1.1297091e-01   1.4263646e-01   7.6165836e-01  -3.7952232e-01  -8.3042389e-02  -4.0760865e-02  -6.2920805e-02   7.0000997e-02   3.7622142e-01   6.0498050e-01  -1.0128738e-01   2.3196025e-01   6.8638564e-01   1.2452007e-02   4.4974557e-02   5.3382922e-03   3.9700168e-01   1.2523173e-01   4.7431630e-01   5.1298480e-01  -4.2563136e-01   8.5723314e-03   2.4871047e-01  -1.2953570e-03  -4.1667749e-01   5.3934783e-01  -1.9187684e-01   1.5232479e-01  -3.0254872e-01  -6.6711433e-01  -7.9722291e-02   1.8810880e-01   3.2667143e-03   5.0066024e-01   6.7481683e-01   2.0978324e-01   1.4034524e-03   6.9478138e-01   7.3634927e-01  -2.2283311e-01  -2.2047481e-01   5.0614852e-01   1.1182599e-01  -1.6188820e-01  -5.6668875e-02  -6.8952437e-01   3.4082135e-01   2.5652544e-01   6.1558749e-02   1.3859584e-01   6.2305696e-01
   1.1553397e-01   1.8781863e-01   3.9604075e-02   1.6048143e-01   0.0000000e+00  -2.5962185e-01   1.5637699e-01  -2.5870216e-01   1.8835757e-01   6.1932483e-01  -3.9418125e-03   1.8604422e-01   3.4411181e-01   1.1353622e-01  -1.5352386e-02   2.2001103e-01   2.7260856e-01   6.6950577e-03   2.9637905e-02   8.6195752e-01   3.5037986e-01   1.1920661e-01  -6.8045362e-04   4.9692923e-02   9.9057525e-02  -2.0957788e-01   1.4190573e-01  -2.4944834e-01  -1.0728941e-01   5.6434247e-02   4.6761983e-02  -1.8161497e-01   3.3017756e-01   3.7952796e-01   2.2946594e-01   6.3711430e-01  -2.9483046e-01  -8.2257873e-02   2.1770563e-01   1.7212763e-01   4.9687115e-01   2.0513549e-01   2.6625990e-01  -2.4842213e-01  -4.5571402e-01  -2.7819193e-01   4.2690187e-01   1.1386123e-01  -3.7148775e-01   2.8487752e-01  -6.4037615e-02  -1.5187370e-01   2.1265749e-01  -8.7685322e-02   1.0577471e-01  -2.0274020e-01  -3.8284654e-02   1.5799198e-01   1.1582192e-01   3.1037257e-02  -1.2461116e-01  -3.3631752e-01   2.7252805e-01  -5.0892416e-02  -3.9602905e-01   4.6353773e-01  -3.3779562e-02   9.9332432e-02  -1.2077356e-01  -2.7066220e-01   1.8241917e-01   1.7011005e-01   4.6540428e-01  -1.8718581e-01   1.0365415e-01  -1.1031736e-01  -1.3809761e-01  -9.0648594e-02   5.0083542e-01  -1.1104936e-02  -3.3487280e-01   6.5522063e-03   2.2772146e-01  -6.2763964e-02  -3.3219097e-01  -5.1616296e-03  -8.8043557e-02  -1.5711185e-01   8.7450029e-02  -2.5929493e-02   3.7904076e-01  -1.0810069e-01   3.8338975e-01   2.3772570e-01  -1.0044377e-01   6.3327290e-01   1.8476010e-01   9.2474400e-03  -7.6017367e-02  -1.2377930e-01   8.0177753e-02  -8.0168268e-02  -2.7811425e-01   1.5599543e-01   3.4779035e-02   9.5926806e-02   1.2546007e-01  -7.3995602e-02  -5.1427225e-01   4.1139501e-01   3.2482992e-01  -9.3978414e-02  -2.4888262e-02  -2.2626167e-02  -2.4696880e-01   4.5255856e-02  -1.3363074e-01   3.8374625e-01   5.2211718e-02   2.3635027e-02  -1.5023773e-01   8.0267781e-02   1.3325655e-01  -1.5792986e-01  -1.8475412e-01   1.0312551e-01   4.2885363e-02   1.5575831e-01   1.2271199e-01   9.0990927e-02   5.5003991e-01  -1.0111812e-01  -1.6098109e-02   5.1596926e-01   1.7345677e-01  -5.4785972e-02   4.8661211e-02  -3.9953734e-02  -6.9803701e-02  -5.1040256e-03  -2.0163139e-01   4.1969609e-01  -1.0386805e-02  -1.4728121e-01  -1.3336696e-01  -1.7590781e-01   1.0093622e-01   5.4223906e-01   1.6992182e-01   3.4720904e-01  -3.0185005e-01  -9.0676797e-02  -2.0192717e-01  -1.0866332e-01   2.2056139e-01  -9.7913370e-02  -1.6190047e-01  -9.1999731e-02   5.9999067e-03  -2.6884776e-01   3.5544535e-01  -1.2202953e-01   7.7318680e-01   6.5606985e-02   1.8466967e-01   1.4194086e-01   1.3864366e-01   5.9576396e-03  -1.9689658e-01   3.3238533e-01   3.1158293e-01  -5.2617653e-02   4.2900839e-01  -4.9115615e-02   1.5224046e-01   1.5768605e-01   1.0228079e-01
  -1.8327252e-01  -4.5952447e-01   1.7164112e-01  -4.4388550e-02  -2.5962185e-01   0.0000000e+00   4.5087305e-01   1.8346761e-01  -5.0270418e-01   9.7844486e-03   5.5042355e-01  -1.5409673e-01   2.2534677e-01  -3.6308665e-01   2.3390073e-01   4.2963665e-02  -2.3421110e-01   3.0321091e-01   1.3987676e-01  -1.4062693e-02  -1.0283931e-02  -2.6333710e-01   9.7498268e-02  -4.7903607e-02  -4.0391030e-02   3.1353273e-01   4.3386898e-01   6.1385131e-01  -2.3683832e-03   4.8073933e-02  -2.0016910e-01   4.1070158e-02  -1.8067549e-01   3.3954707e-02  -3.9270647e-01  -2.9151475e-01  -3.6847557e-01   7.2344866e-02  -1.0321351e-02   2.2374880e-02   8.0445955e-02  -1.6694023e-02  -2.1174880e-01   5.3094183e-01  -3.8272774e-02  -5.4139238e-02   2.1203890e-01   2.0547237e-01  -7.4994713e-02  -8.2200459e-02   4.3241850e-01  -2.5239402e-02  -6.3728151e-01   1.0126809e-01  -4.4432579e-01   6.3661205e-01   3.2157204e-01  -1.6316463e-01   2.7183651e-01  -5.7265350e-02   2.0200138e-01  -2.2119690e-01  -4.5608854e-01  -1.1352554e-01  -1.3807260e-01   2.5322370e-01   5.6794591e-01   2.9695855e-01   5.2892978e-01   3.8575527e-01  -6.6437940e-02   2.9257987e-02  -2.3591498e-01   8.6182242e-02  -2.2673755e-01  -8.2958408e-02   2.5964813e-01   4.0136308e-01  -5.3188932e-01   2.0313420e-01   4.5733244e-01  -2.5115556e-01  -1.1771662e-01   2.7661887e-01   1.4139065e-01  -3.4359371e-02  -1.6285797e-01  -1.4967862e-01  -4.7902048e-01  -7.5899339e-02  -6.3182824e-01   1.4079513e-01  -9.6597659e-02  -3.1032386e-01   7.5935282e-02   4.5772631e-02   3.0709189e-03   2.1857283e-01   2.1963820e-01   2.0764520e-01  -6.7454239e-02   4.4415858e-01   1.7490459e-01  -3.1254637e-01   1.8064578e-01  -1.2521583e-01   9.6903230e-02   4.0364760e-01  -2.3702496e-01  -3.6292435e-01  -2.4134807e-01   1.5755018e-01  -1.2145636e-01  -1.3152633e-01  -1.1122513e-01  -4.5338039e-01   2.5833441e-01  -5.8233668e-02   4.0760173e-01   9.3091733e-02  -2.3783113e-02  -2.8307499e-01  -1.4629671e-01  -5.3133076e-02   5.3384112e-02  -1.4393220e-01   2.1113373e-01  -4.7778282e-02  -1.8249177e-01   1.1091566e-01  -4.3396031e-02   1.6625030e-01   5.6423863e-03  -4.8196582e-01  -1.6201864e-01  -8.7241460e-02   1.3328814e-01   5.0637057e-01   2.5923296e-02  -6.8399524e-02  -3.7442301e-01  -3.5511876e-02   4.6466303e-01   6.2172546e-01   2.5064193e-01   3.7470863e-01   2.2150515e-01  -1.5329291e-01   1.3860015e-01   2.5517390e-01   1.5765774e-01   2.5244491e-01   6.4416754e-02   2.7470819e-01   1.9109400e-01   2.3702660e-01  -5.1588176e-02   2.4604713e-01  -9.0697400e-02   3.2509584e-01  -1.0989585e-01   2.4741691e-01  -1.5562035e-01   1.7698132e-01  -4.8946508e-02  -5.7007645e-01   8.7611304e-02   2.5366302e-01  -1.0796643e-01  -5.8906646e-01  -2.6758927e-01   5.9918369e-02   1.4977315e-01   5.0998776e-01   2.4345597e-02   5.8551834e-02  -1.9149062e-01
  -2.8691869e-01   1.2103819e-01   1.4233886e-01  -2.8580544e-01   1.5637699e-01   4.5087305e-01   0.0000000e+00  -4.8013402e-01  -3.8238681e-01   2.3204072e-01   4.2426191e-01   9.0813685e-02   2.4494448e-01  -6.1880016e-01  -9.1735817e-02   2.7352702e-01   1.6670836e-01   1.4551261e-01  -8.5988299e-02   3.0804318e-01   1.5680677e-01  -4.2135054e-01   3.3886101e-02  -3.0117551e-01  -1.6828499e-01  -2.0680204e-01   6.2632331e-01   3.1169453e-01  -1.4129633e-01   1.9362121e-01   2.6527393e-02  -3.7792184e-01  -9.4605860e-02   4.0563117e-01  -3.1161256e-01   2.7097903e-01   8.5832689e-03   2.0819005e-01   3.3438459e-01   5.8845050e-01   1.7346506e-01  -8.2283831e-02  -2.1105466e-01   1.2663879e-01   1.4857447e-02  -2.8239363e-01   4.6978443e-01   5.5597496e-01  -8.1110385e-03   3.6510901e-01   2.2673353e-01  -4.3672583e-01  -1.9696538e-01  -2.0700102e-01  -5.0885300e-01   4.8478661e-01  -2.1187031e-01  -3.6172232e-01  -9.7511451e-02  -2.1458453e-01  -4.8851990e-02  -3.0727597e-03  -2.9855978e-01  -3.4178979e-02  -6.2268228e-03   6.4920323e-01   4.0229862e-01   1.6243729e-01   3.1215622e-01   1.3819599e-02   4.8596196e-01  -1.7563262e-01   1.7952361e-01  -2.6638357e-01  -4.1862697e-01  -4.4805964e-01   8.0207520e-02  -3.6281939e-02   4.4833067e-03  -1.6105536e-01   6.5817814e-02  -5.6958392e-03   3.7640937e-01  -2.2816447e-01  -2.6602754e-01  -3.4141420e-01  -3.6479431e-02  -4.6568441e-01  -4.5970553e-01  -3.2030676e-01  -1.0574944e-01  -1.1229321e-01   5.7943059e-01  -4.2148244e-01   7.2751877e-02   2.8639164e-01  -1.5030639e-01  -2.5153264e-01   1.6303121e-01   3.0377686e-01   1.2661870e-01   1.9594184e-01  -2.7631534e-01  -3.8750646e-01  -1.1679352e-01  -3.9423463e-01  -2.5693183e-01  -1.4012547e-01  -1.1474268e-01   8.2315461e-02   4.0103237e-01  -3.7015599e-01  -3.3325216e-01  -3.3417560e-01  -4.1552888e-01  -1.1964706e-01  -1.7895193e-01   1.4271956e-01   2.3540124e-01  -2.4713692e-01  -5.1117410e-01   1.3854597e-01  -2.0671608e-01  -1.9191239e-01  -1.0569890e-01  -4.4611804e-01   1.8839354e-01  -2.2830761e-01  -3.3342442e-01   4.2288392e-01   4.6097155e-01   9.7885740e-02  -3.3165403e-01   5.2513995e-02  -1.6710562e-01  -4.5941088e-01   7.6845460e-03  -5.6585055e-03  -4.5813354e-01  -2.2684732e-01  -6.5091571e-01   2.0668224e-01   2.8813744e-02   3.3671808e-01   3.4114223e-02  -2.3550979e-03   6.2443948e-01   2.7679367e-01   4.0752345e-01   3.1890308e-01  -1.9160499e-01  -2.5167043e-01  -4.5528698e-01   3.5049196e-03   6.6746022e-01   1.5493553e-01  -5.0644928e-01  -2.3785284e-02  -3.4679990e-01  -6.0896209e-02  -2.2094075e-01  -1.2715470e-01   1.5159056e-01  -2.7901615e-01  -4.0899952e-01   3.5575108e-02   5.6028133e-01  -2.1640769e-02  -5.7916083e-01   7.3252932e-03   2.0824184e-01   2.7093773e-01   2.1070688e-01   2.6463550e-01  -3.5077847e-02  -1.5150464e-01  -3.0632111e-01
   3.5023048e-03  -4.1296624e-01  -2.0305095e-01   3.7080486e-01  -2.5870216e-01   1.8346761e-01  -4.8013402e-01   0.0000000e+00   1.4957696e-01  -1.0065605e-01  -5.1812676e-03  -2.3412767e-01   9.2332631e-02   3.3095814e-01   3.5670711e-01  -3.1770698e-01  -4.2636687e-01   6.2483159e-02   3.8700098e-01  -2.5881731e-01  -2.7410009e-01   3.0476722e-01   4.3291190e-02   1.4807875e-01   1.9144330e-01   6.4866828e-01  -3.3866360e-01   1.5753280e-01   1.2201826e-01  -4.5054067e-02  -1.1291663e-01   5.9015102e-01   1.0277806e-01  -1.7135595e-01   2.1123990e-01  -3.9847119e-01  -1.9441897e-01  -4.9766823e-01  -4.6052503e-01  -6.3282861e-01  -7.3820785e-03   3.0177584e-01   1.9855524e-01   4.0849347e-01  -3.3053733e-03   1.8286485e-02  -4.7293195e-01  -2.0180581e-01  -1.7370386e-01  -5.6755045e-01   1.2431194e-01   7.1336376e-01  -1.4500758e-01   2.7660363e-01   2.5073739e-01   8.7368344e-02   4.7327909e-01   4.4858879e-01   2.0078056e-01   2.6265188e-01  -2.9809792e-02  -1.6479213e-01   1.2721786e-01   1.8763023e-01  -7.4414500e-02  -3.1614707e-01   2.4525301e-03   9.6980902e-02  -6.0731524e-02   4.4697414e-02  -4.4032793e-01   3.6569266e-01  -2.0859893e-01   1.5535042e-01   1.9787638e-01   5.7165883e-01  -1.3942155e-01   4.9915562e-01  -2.8675002e-01   3.8774920e-01   3.9079654e-01  -2.6216286e-01  -2.6529345e-01   7.0023176e-01   1.3476294e-01   5.1558972e-01   1.0811462e-01   3.3474551e-01   2.0615782e-01   9.8217564e-02  -2.6532503e-01   3.9051838e-02  -6.0707033e-01   3.5054210e-01  -3.6180215e-01  -2.1020737e-01   2.1233973e-01   6.1788938e-01  -5.3180113e-02  -2.1775868e-01  -2.4105947e-01   3.6531810e-02   6.1788119e-01   2.6880184e-01   3.3864668e-01   4.9350099e-01   2.9473765e-01   5.9175401e-01  -8.5937539e-02  -3.1699195e-01  -3.1626945e-01   4.5949727e-01   3.7703358e-01   3.2713529e-02   3.1865137e-01  -2.2617140e-01   6.2777459e-01   1.9472930e-01   8.7832757e-02   4.5536210e-01   3.4456622e-01  -4.7413344e-01   2.6911791e-01   1.6017229e-01  -1.4389174e-01   4.3850111e-01   2.2141364e-03   1.0626605e-01   4.0308476e-01  -4.5419943e-01  -4.0377230e-01   1.9195544e-01   2.3632759e-01  -3.2981750e-01   2.6807959e-01   7.1748013e-01   1.6019166e-01   5.8813725e-01   7.0252964e-01  -3.0719571e-02   3.0741016e-01  -6.2593748e-02   3.9282538e-01   3.0373751e-02   3.6214634e-01   3.6757840e-01  -4.3112338e-01  -2.8264159e-01  -3.3603703e-02  -1.8818084e-01   8.5273863e-02   7.6062688e-01   3.7309433e-01   4.4077946e-01  -5.1709255e-01  -3.4118241e-01   3.0962860e-01   1.1804319e-01   1.6560369e-02   4.9816698e-01   3.1030004e-01   4.8771492e-01  -1.6058399e-01   4.9364949e-01   5.1047601e-01  -3.9598147e-01  -2.8659448e-01   3.9999498e-01   4.1139442e-01  -3.2591428e-01  -2.6235642e-01  -5.5691560e-01  -1.0640607e-02   2.6337514e-01   5.3951105e-02   2.9628205e-01   2.1029871e-01
   1.2684916e-01   1.9442559e-01  -1.5864063e-01   3.6403867e-01   1.8835757e-01  -5.0270418e-01  -3.8238681e-01   1.4957696e-01   0.0000000e+00   4.9464072e-02  -3.1125393e-01   1.6846659e-01   8.0515036e-02   5.6003809e-01  -4.3627159e-02  -2.8620294e-01   9.5717284e-02  -7.2154236e-03  -4.1553107e-02   6.7608089e-02   2.5918069e-02   4.5817101e-01  -1.8446926e-01   9.1526121e-02   1.9346286e-01  -1.0311079e-02  -4.9509378e-01  -4.3902493e-01   2.1896234e-01   2.0614008e-01  -3.3577890e-02   3.7421754e-01   1.8750930e-01   1.5343864e-02   7.2974297e-01   7.9375197e-02   3.0836008e-02  -4.3948976e-01  -4.7356000e-01  -2.9236355e-01   2.7617650e-02   3.5416172e-01   6.4218547e-01  -2.4177611e-01  -4.8347112e-02   3.5291467e-02  -2.5592938e-01  -3.8541370e-01  -6.5355925e-02  -1.0290617e-01  -2.2948194e-01   3.3257150e-01   2.5759659e-01   1.7768395e-01   6.4647635e-01  -4.4648356e-01   8.7930140e-02   5.5711164e-01   6.9807826e-03   5.2005697e-01  -1.9202769e-01  -5.1979454e-02   7.2017880e-01   8.6202046e-02  -4.7377023e-02  -2.9280622e-01  -2.9552570e-01  -3.9426488e-02  -6.0017422e-01  -3.2154096e-01  -2.9084322e-01   4.1013307e-01   1.7831411e-02  -9.5483064e-02   3.2624692e-01   5.2756306e-01  -4.0512587e-01  -2.2697601e-01   1.9943817e-01   1.9349835e-01  -1.8029804e-01  -1.1478025e-01  -7.9473620e-02   1.5347701e-01  -9.2559157e-02   4.0140926e-01   2.2124788e-01   3.1009966e-01   6.1052424e-01  -1.0124118e-02   2.2530729e-01  -2.0930505e-01  -9.5586474e-04   8.4775672e-01  -3.0890181e-01  -2.4969466e-02   2.7687120e-01   7.8149974e-02  -1.2570929e-01  -4.6349476e-01  -2.6030616e-01  -4.4213713e-01   2.6251523e-01   7.6325817e-01   1.9322678e-01   4.3330326e-01   2.4799471e-01   4.7614405e-02   1.9570970e-02   1.4235016e-01  -5.5982857e-02   1.4751490e-01   6.0935879e-01   2.2636704e-02   1.2395246e-01  -1.4796420e-02  -4.5590611e-02   1.3211167e-01  -6.1307384e-02   2.6970231e-01   1.9897357e-01   2.8152178e-03   4.8563050e-01   2.0344690e-01  -2.9037609e-01   5.7487285e-01  -3.0616390e-02   2.4205557e-01   6.6365534e-01  -1.3371835e-01  -1.9104779e-01  -2.3049533e-01   2.1066549e-01   2.8115486e-01   5.8786162e-01   4.9834390e-01   6.4048640e-02  -3.6921177e-01   2.5469725e-01   3.6162117e-01   5.4526312e-01   1.8131934e-01  -3.6122943e-02  -1.6213901e-01  -1.9682357e-02   9.9841742e-02  -3.2092677e-01   7.5532338e-02   1.4206687e-01  -3.6547738e-01  -3.0487369e-01   1.5129642e-01   4.0238542e-02   8.3591755e-02  -2.6982450e-01  -2.9425719e-01   2.7682249e-01  -1.8330322e-01   1.8647770e-01   9.5339754e-03   5.4190440e-01   2.3583597e-01   6.8466455e-02   2.2698660e-01   2.8652369e-01   5.6452996e-02  -2.4865300e-01  -2.1779797e-03   4.5952713e-01   4.4217167e-02   5.4178970e-02  -3.4685963e-01   2.3990170e-01  -8.1240138e-04   3.2762618e-01   2.6343801e-01   3.1288453e-01
   3.5342940e-03  -1.9657892e-01  -2.6661633e-02   2.1307046e-02   6.1932483e-01   9.7844486e-03   2.3204072e-01  -1.0065605e-01   4.9464072e-02   0.0000000e+00   2.5229449e-01  -1.8137471e-01   5.6014846e-01   8.3135616e-02   1.5248645e-01   3.4418739e-02  -1.0988176e-01   1.4579389e-02   1.7560684e-01   7.1988106e-01   1.8432674e-01  -1.5336327e-02   3.8721021e-02   5.4070699e-02   3.8676912e-01  -1.0073970e-01   1.5000214e-01   5.6999904e-02   4.8714912e-02   1.2196195e-01  -1.0721748e-01  -2.6454936e-01   8.3193911e-02   3.9801074e-01   2.5387253e-02   3.0277756e-01  -3.7160146e-01   3.3043302e-02   1.0175240e-01  -1.0049870e-01   4.7772320e-01   6.1365742e-02   1.8806079e-01   7.8241533e-02  -7.4559513e-01  -2.7051921e-01   4.3051764e-01   4.3486828e-02  -6.4427255e-01  -1.6596109e-01  -1.2972942e-01  -1.2270283e-01   1.3557067e-02   5.5779148e-02   1.0347539e-01   9.1929319e-02   5.4660852e-02   1.9327653e-02  -8.9035577e-02  -7.9318772e-02  -3.7814618e-02  -6.6140619e-01   1.6376822e-01   2.3891828e-01  -6.6775440e-01   6.9378704e-01   1.2777984e-01   4.1225177e-01   1.0258630e-01  -1.1473757e-01  -6.4137948e-02  -6.7856950e-03   2.7200706e-01  -1.3846468e-01   2.1932677e-01  -2.2123883e-01  -5.2517515e-02   1.1470543e-01   1.4212716e-01   2.5429744e-01  -5.6257539e-02  -6.1325285e-02   1.7763657e-02  -9.9834721e-04  -3.4802694e-02  -2.0749961e-01   3.0673460e-02   1.7102088e-02   3.2217906e-02  -7.4907003e-02   1.4628661e-02   6.0128958e-02   2.7674017e-01   9.7420915e-02  -4.4127206e-02   6.5540449e-01   1.8473070e-01  -1.3479278e-02  -1.0562172e-01  -1.1878819e-01   6.2884455e-02   2.1557367e-01  -1.2377469e-01   4.3865585e-02  -4.4486999e-02  -1.0044996e-01   4.2043630e-02   1.6390953e-03  -8.5667824e-01   1.5198588e-01   1.7598537e-02   3.4798094e-02  -9.5373021e-02   4.0862776e-02   1.5520897e-01   3.6755982e-02  -8.2179949e-02   3.3856836e-01   6.9640877e-04  -1.1440271e-01  -1.5234146e-01  -3.2802812e-01   4.1849216e-01  -3.3886605e-03  -1.6542915e-01  -3.8767153e-02  -4.3872960e-02   2.1809890e-01  -1.2812207e-01  -8.0583174e-02   4.0356323e-01   2.6073280e-01  -4.6153278e-02   3.3049036e-01   2.1075042e-02  -1.4163244e-01   1.8836724e-01   1.9052162e-01  -9.0986144e-02  -1.7541391e-01  -2.3888918e-01   4.7573685e-01   1.9672541e-01  -5.8938256e-02  -6.6354839e-02  -2.8890178e-01   7.0002872e-02   3.0748781e-01   1.5503085e-01   4.6117219e-01  -2.5957500e-03  -1.2078339e-02  -2.2654051e-03   1.1278830e-01  -6.9542579e-02   5.5564421e-02  -2.5454129e-01  -9.3622870e-02  -9.7533081e-02  -4.4973573e-02   2.9796160e-01  -3.0767694e-02   8.3654846e-01  -1.3180761e-03   1.4815720e-01  -2.3225152e-01  -1.1370352e-01   1.7300024e-01  -2.0423172e-01  -3.6480863e-02  -4.8999714e-02   2.6870616e-02   3.0747260e-01  -4.0902809e-02   5.6168115e-01   5.7468808e-02  -6.7813926e-02
  -3.8026745e-01  -4.1488206e-01  -7.5503384e-02   5.5121353e-02  -3.9418125e-03   5.5042355e-01   4.2426191e-01  -5.1812676e-03  -3.1125393e-01   2.5229449e-01   0.0000000e+00  -1.8764256e-01   2.2040465e-01  -3.6939143e-01   3.6222657e-01   1.9382774e-01  -2.2643250e-01   5.4515107e-01   3.5338959e-01   1.7020920e-01   2.3811299e-01  -1.0639233e-01   3.0612753e-01  -2.1823687e-01   5.0785919e-02   2.0151622e-01   4.2990054e-01   5.1914159e-01  -5.1553738e-02   1.6226055e-01   2.8328424e-01   7.1912374e-02   2.7583276e-02   2.8301918e-01  -1.9445852e-01   1.2752227e-01  -2.3276052e-01  -1.3676006e-01   2.1174632e-01   6.4108573e-02   2.3315002e-01   2.0519677e-01  -2.1018399e-01   6.3129858e-01  -6.0392847e-02  -4.5304382e-01   5.1637732e-01   2.0439113e-01   4.8902775e-02  -5.8717843e-02   5.2504980e-01  -9.4991130e-02  -4.6661000e-01   6.0200367e-04  -2.5855399e-01   6.8427886e-01   4.4507103e-01   2.9949661e-02   2.4368497e-01  -6.5951182e-02  -1.1335468e-01  -2.2676093e-01  -3.7618564e-01   2.2094898e-01  -1.1527817e-01   4.7719322e-01   4.0917862e-01   3.0475427e-01   6.2114861e-01   5.2923541e-02   5.3977029e-02   1.1008923e-01   2.8306217e-02  -2.3054895e-01  -2.8909438e-01  -1.9788579e-03  -9.8827503e-02   4.9292227e-01  -3.7614363e-01   1.4165829e-01   3.9403050e-01  -2.7427600e-01   1.9589048e-01   3.1917698e-01  -8.6180251e-02   3.9345243e-02   1.4706385e-01  -3.4287109e-01  -4.8793033e-01  -2.2866295e-01  -5.1868227e-01  -1.2353889e-01   5.0443139e-02  -2.3933924e-01  -1.8080599e-01   1.3315777e-01   2.7987072e-03   3.1384241e-01   3.2340056e-01   1.5350383e-01   6.4585896e-02   3.8287044e-01   2.1985279e-01  -2.9416187e-01   2.6828916e-01  -4.6148679e-02   1.7385125e-02   4.3549431e-01  -2.7318913e-01   7.6699857e-03   1.7132016e-02   1.2004667e-01  -7.5181555e-02  -3.1946305e-01   5.4674892e-02  -4.2361296e-01   3.3378936e-01   1.5644420e-01   4.5662701e-01   6.5924210e-02  -2.3966601e-01  -3.9674150e-01  -1.2474551e-01  -4.7267631e-02  -3.1349362e-01  -2.5994712e-01   1.9176063e-01  -1.5624239e-01  -2.5573075e-02   4.7416690e-02   2.1506495e-01   3.0986325e-01  -2.5242498e-01  -1.0955830e-01  -7.4046502e-02  -1.6397723e-02   7.5703189e-02   4.3609729e-01   1.0921150e-03  -2.3852182e-01  -5.1026585e-01   1.6027551e-02   5.9338868e-01   4.7865361e-01   4.2789570e-01   3.9979120e-01   2.2083019e-01   6.1488285e-02   2.3120794e-01   2.0632110e-01  -7.7399494e-02   2.4129785e-01  -1.9213442e-01   4.1469379e-01   8.6448027e-02  -1.2467613e-02  -4.2860405e-01   2.2125455e-01  -2.4902403e-01   3.3158444e-01   1.7020320e-02   3.3457712e-01   8.8604082e-02   2.7760823e-01   8.0995927e-02  -4.1796040e-01   2.0239581e-01   4.5122187e-01  -3.3522699e-01  -3.4794212e-01  -2.9652940e-01  -6.9740977e-02   4.4742321e-01   4.3642557e-01   4.4799354e-02   1.0674087e-01  -9.5582564e-02
   2.2566256e-01   5.0113738e-01   5.4305037e-01   7.8227417e-02   1.8604422e-01  -1.5409673e-01   9.0813685e-02  -2.3412767e-01   1.6846659e-01  -1.8137471e-01  -1.8764256e-01   0.0000000e+00  -4.3590009e-01   6.4544313e-04   9.8381202e-02   2.9718930e-01   6.2499870e-01  -5.8675972e-02  -1.1201385e-01   2.5545266e-01   4.1932117e-03   6.3403369e-03  -9.2083772e-02  -4.6293813e-02  -4.7508443e-01  -4.5687603e-01  -2.2109234e-01  -2.2153196e-01  -1.1984657e-01   4.0588404e-02  -2.4893142e-02  -1.1764011e-01  -1.1662971e-01   2.3933249e-01   1.8120062e-01   8.3931028e-02  -1.7792675e-01   1.7064594e-01   1.2149769e-01   2.5210925e-01  -2.5690014e-01  -7.2759398e-02   2.5079567e-01  -2.5962581e-01   9.4883672e-02   8.8922238e-02  -4.0911095e-02  -1.7550260e-01  -1.6614303e-02   6.8605019e-01  -8.8485835e-02  -3.4853566e-01   1.3934380e-02  -1.2590641e-01  -1.4147917e-01  -2.5006642e-01  -8.4987590e-02  -9.8959900e-02   8.0652241e-02   5.0196065e-01   2.1339314e-01   6.7502686e-02   2.4544874e-01   3.0517292e-03   1.8643336e-02  -5.4407363e-02  -3.9413076e-01  -3.4022007e-01  -2.8602712e-01  -1.5328023e-02   9.7969849e-02  -1.3122461e-01  -3.6828371e-02   2.2815681e-01  -4.3840213e-02  -5.7611062e-03   2.1737412e-01  -2.0401557e-01   3.0282150e-01   2.7059825e-03  -4.0373265e-01   3.0006670e-01  -6.9453715e-02  -3.2686081e-01  -2.5431344e-02   4.2588662e-02  -2.0075666e-01  -1.7631303e-01   1.2365273e-01   2.5931980e-01   1.9063847e-01   2.1677929e-01   2.2546459e-01   3.4162017e-02   3.3633216e-01  -3.7607433e-02  -1.3829859e-01  -2.2873357e-01  -2.9448058e-01  -1.4964165e-01  -4.2735300e-02   1.1321547e-01  -2.7992714e-01   2.6081321e-01  -2.3778400e-01   2.9875560e-02  -1.6324386e-02  -3.6730634e-01   1.2750323e-01  -8.7277666e-02   4.9906356e-01  -2.9200202e-01  -8.0751357e-02   2.5881380e-01  -1.0703797e-01   7.5211312e-02  -3.2462318e-01  -2.0158665e-01   1.0243883e-01   1.6867740e-02  -2.5211625e-03   4.3785243e-01  -4.3021682e-02   1.1590111e-01   1.7402689e-01   1.1461446e-01   4.2793286e-02  -9.4254366e-02   7.6664591e-02   2.3008184e-01  -1.2625791e-01  -2.5143922e-01   1.9218336e-01   1.8136424e-01  -1.6250204e-01  -9.7219287e-02  -9.8448424e-02  -2.6937290e-01  -2.2696991e-01   3.1109174e-01   1.3924101e-02  -4.0719667e-01  -2.1026170e-01   6.4158370e-02   6.3151410e-02   3.9084136e-02   3.8512670e-01  -6.5333366e-02  -6.6579952e-02  -4.1044119e-01  -4.6842984e-04  -2.7793846e-01  -1.2946695e-01  -3.6938665e-01   5.0434407e-01   4.1816554e-03   1.0597163e-01  -9.8200431e-02   2.9316100e-01  -5.1282175e-01  -1.6315275e-02  -2.0180394e-01  -1.6544780e-01  -6.6368102e-02  -1.5865098e-01   2.7162050e-01   1.6203150e-01  -2.4362717e-01  -6.5179808e-03   1.4092041e-01   1.9541608e-01   7.2620758e-02  -9.2183225e-02   4.8641232e-03  -9.8205802e-02  -1.6677347e-01   2.1957283e-01
  -3.0797207e-01  -3.3785337e-01  -2.1160844e-01   5.9413122e-02   3.4411181e-01   2.2534677e-01   2.4494448e-01   9.2332631e-02   8.0515036e-02   5.6014846e-01   2.2040465e-01  -4.3590009e-01   0.0000000e+00  -3.8457698e-02  -9.5241331e-02  -2.7294421e-01  -2.7389953e-01   2.1320072e-01  -2.0669352e-02   4.8772864e-01   2.4225646e-01   7.1354665e-02   1.0506032e-01  -1.0014263e-01   5.0890217e-01   3.7822387e-01   2.1844742e-01   2.8394865e-01   2.7944695e-01  -6.7432736e-02  -2.4618306e-01   1.3156076e-01   2.3026157e-02   2.9015414e-02  -3.3622686e-04   1.7342280e-01  -1.4841901e-01  -4.0770869e-01  -2.5307197e-01  -1.7297408e-01   7.9084444e-01   2.2771815e-01   2.3936336e-01   1.4394635e-01  -4.6716279e-01  -2.3582771e-01   2.3125241e-01   4.1004782e-02  -4.0017119e-01  -3.6816902e-01   1.3436096e-01   2.7404989e-01  -2.0909243e-01   2.7928546e-01   2.4785927e-01   3.4019780e-01   1.3082663e-01   2.9787486e-01   9.9520610e-02  -2.3132381e-01  -3.2614471e-01  -4.3933447e-01   7.4555274e-02  -1.2411989e-01  -5.6166664e-01   4.4681152e-01   4.6565484e-01   5.7983762e-01   7.1339881e-02  -5.0415577e-02   2.4840019e-03   2.5950742e-01   3.0660404e-01  -4.0348309e-01   2.8404043e-01   1.3853065e-01  -4.1823600e-01   9.9089640e-02  -1.5750464e-01   4.3024459e-01   4.0208187e-01  -3.9655584e-01   1.0484721e-01   3.0031879e-01  -1.6395360e-01   4.5627250e-02   1.4168756e-01   3.8491469e-02   2.3151339e-02  -4.6769047e-01  -1.7130094e-01  -2.1297778e-01   3.3106548e-01   1.1244988e-01  -4.6230956e-01   3.6846965e-01   4.2882705e-01   1.7448199e-01   3.2419095e-01  -2.1342325e-01   4.3069232e-02  -1.7764626e-01   3.0332541e-01  -9.4112648e-02   3.2079871e-01   7.4758659e-02   1.6487198e-01   3.5125698e-01  -5.7045053e-01   2.2552496e-01  -2.0883119e-01   2.8441376e-01   2.3956722e-01  -3.3382608e-01   1.6371868e-01  -3.1248191e-01   1.7902830e-01   5.2906527e-01   2.2475676e-01   1.3365766e-01  -2.6916526e-01  -2.8826663e-01   3.4020841e-01  -2.7906078e-01  -4.5803114e-01   2.5078931e-02  -4.0847088e-02   2.9439443e-01   1.3148390e-01   8.5280703e-04   3.5747385e-01   1.7024586e-01  -2.2812133e-01  -2.0944958e-02   4.6131383e-01   1.9802077e-01   4.7994840e-01   1.7338102e-01   1.3676335e-01  -2.8776123e-01  -2.6040242e-01   7.4867382e-01   1.0265513e-01   2.5267384e-01   1.1838649e-01   4.7630628e-02   1.5677051e-01   4.3206362e-01   4.9835566e-01   5.2444215e-01  -2.5683653e-01   3.1548904e-01  -3.1671946e-02   3.8955980e-01  -2.2092645e-01  -1.0397766e-01  -3.0550496e-01   5.3425640e-02  -2.7513967e-01   3.9145028e-01   2.9111928e-01   2.1841677e-01   5.3121533e-01   1.5032752e-01   2.2942812e-01  -3.0517853e-01   9.2775696e-02   2.6565144e-01  -1.7681302e-01  -9.1886182e-02  -2.8171477e-02  -2.7255395e-01   4.0603238e-01   1.8649509e-01   3.9911654e-01   3.6777030e-01  -2.2336042e-01
   6.3477304e-01   8.7838072e-02  -3.3999864e-02   2.1031182e-01   1.1353622e-01  -3.6308665e-01  -6.1880016e-01   3.3095814e-01   5.6003809e-01   8.3135616e-02  -3.6939143e-01   6.4544313e-04  -3.8457698e-02   0.0000000e+00   1.4096014e-01  -3.2732142e-01  -4.8475596e-03  -3.1423131e-01  -4.8938550e-02  -3.2672532e-02  -3.0223365e-01   3.9550992e-01  -3.5282742e-01   4.5223167e-01   1.0803729e-01  -3.6551483e-02  -4.9123191e-01  -4.4384562e-01  -8.7150045e-02   1.2129545e-01  -1.3080209e-01   1.5045313e-01  -6.8586680e-02  -7.1792750e-02   5.0369931e-01  -2.7212216e-01  -3.3910452e-01  -1.3024397e-01  -4.0911423e-01  -5.2595916e-01  -9.6588114e-02  -7.5142056e-02   3.0139838e-01  -2.7526675e-01  -3.0853327e-01   1.8704713e-01  -2.8233688e-01  -5.4903606e-01  -3.1485265e-01  -2.7822766e-01  -4.5744474e-01   2.8699994e-01   3.5378067e-01   3.2105976e-02   5.5285175e-01  -6.6964306e-01  -2.2054821e-02   3.7518020e-01  -6.5622183e-02   3.7899639e-01   1.5941840e-02  -2.5759756e-01   5.9939585e-01   1.6705424e-01  -1.9513103e-01  -4.2577850e-01  -2.2186709e-01   2.1825146e-02  -3.0449196e-01  -1.1448291e-01  -5.5662804e-01   5.4100522e-02   3.6614639e-02   3.8282906e-01   3.0379332e-01   3.7666171e-01  -1.4564900e-01  -1.1235132e-01   1.8537654e-01   1.2404284e-01  -3.2883423e-01   3.8789783e-02  -4.3254066e-01   6.0797972e-02   4.4468230e-01   2.8293963e-01   8.0583962e-02   6.1842471e-01   6.1534511e-01   4.7540888e-01   3.1521997e-01   8.6471967e-02  -2.5426682e-01   5.8869308e-01  -3.5074249e-02   1.4801634e-01  -9.2961929e-02   4.2780335e-02  -3.9117840e-01  -5.0564458e-01  -2.2830506e-01   3.7167730e-03   1.4198622e-01   6.8075459e-01   3.2490287e-02   2.8714652e-01   7.4303499e-02   2.5252111e-02  -1.8079490e-01  -1.2472327e-01  -2.7995625e-01   2.7172187e-01   1.9608526e-01   5.4889909e-01   2.9918685e-01   2.5303907e-01  -9.0611937e-02  -6.5897447e-02  -3.0592778e-01  -7.7846599e-04   4.3074645e-01  -8.7658941e-03   4.8640408e-01   3.4524093e-01   9.4187336e-02   7.0307532e-01  -7.8808908e-02   1.9679812e-01   3.4696758e-01  -3.8764539e-01  -2.4957856e-01  -6.1745748e-02   6.3465267e-01   1.9114326e-01   8.1246162e-02   3.9403930e-01  -2.0206433e-01  -6.6750510e-02   4.0324694e-01   3.2824748e-01   7.6738217e-01   3.6460109e-02  -4.5743288e-02  -3.9423400e-01  -1.2214703e-01  -1.5388211e-01  -5.1983699e-01  -5.8488650e-02  -2.8974903e-01  -3.4727403e-01   2.4715489e-01   6.2520908e-02   3.0576702e-01  -1.0091379e-01  -4.9669943e-01   6.5563368e-02   4.4509903e-01  -2.6464701e-01   2.7114572e-01  -3.6734284e-02   2.1576240e-01   1.9188444e-02   1.4158543e-02   1.2315595e-01   2.8673206e-01   2.3744580e-02  -6.1351855e-01  -7.6646073e-02   5.4020462e-01   2.2051780e-02  -5.8046287e-03  -1.6783435e-01  -7.0253122e-02  -1.0857970e-01   2.9162038e-01  -1.1862475e-02   2.7923449e-01
