   0.0000000e+00   2.3571510e-01   1.0972954e-01   1.1172086e-01   1.7416258e-01   8.5947936e-02  -4.6270519e-01  -3.2227481e-01   6.5857492e-02   7.4755142e-02  -3.6611656e-01   3.1723475e-01   3.2250745e-01  -2.5404200e-01  -7.1266497e-02   1.3286515e-01   1.5761744e-01  -7.0797755e-02   1.0390669e-01   1.6026901e-01  -4.4143946e-01  -9.4286068e-02  -4.4509892e-01   2.5722065e-01  -2.1331244e-01  -2.4505707e-01   9.3378755e-02  -2.5234028e-01  -3.9058375e-01   9.7851338e-02  -2.5613194e-01   2.4684230e-01   2.5663726e-01  -3.1392557e-01   2.3803146e-01  -2.0784955e-01   3.4429413e-01   5.9841664e-01   2.0032398e-02  -1.6366802e-02  -1.1142478e-01   1.5193865e-01   2.6911930e-01  -3.5057224e-01   6.4430064e-02   5.9916714e-01  -1.4851727e-01  -1.5972601e-01   2.6069109e-01   1.2060465e-01   5.5142565e-02  -3.2589206e-01  -3.1831333e-01   2.7890315e-01   3.5059443e-02  -3.8289219e-01   2.5455554e-01   1.1325184e-01   2.0725615e-01   3.0672699e-01   4.2716535e-01   4.8904845e-01  -7.0579488e-02  -4.5998338e-01   2.8137131e-01   3.0301371e-02  -1.6367196e-01   1.3889943e-01  -3.8845367e-01  -1.7133428e-01   1.6986735e-01   9.8746470e-02  -1.4548400e-01   3.1973984e-01  -2.2907030e-01   8.4921601e-03   1.6905409e-01  -2.2289054e-01   1.9860998e-02  -1.8156894e-02  -6.1166379e-01  -6.5390115e-02  -4.9877295e-01  -2.9913866e-01   3.5415857e-01  -2.8500917e-01  -1.8858385e-01  -8.5159030e-02   2.8671708e-02   8.0331237e-01  -2.9629475e-02   4.0726353e-01   4.5678185e-02   1.1606281e-01   6.4480200e-01   1.9525200e-01  -3.2316723e-02  -1.3394963e-01   1.0471607e-01  -9.4378115e-02  -3.7784186e-01  -4.1264553e-01  -4.6882526e-01   5.2081765e-02  -1.6332859e-01   2.8673925e-01   2.4688177e-01   3.3661937e-02  -1.9463629e-01  -2.8560573e-01  -2.5695684e-01  -6.3653837e-02   1.5131708e-01   8.8480667e-01  -5.8264599e-01   5.1058716e-02  -8.0066017e-03  -4.7946880e-02  -4.2546974e-01   1.1333287e-01   4.4883542e-01   5.2889809e-01  -6.1226935e-02   1.9640849e-02   6.5106157e-01   2.9216536e-01   6.4004480e-02   2.7141866e-01   7.8184547e-02  -9.7259406e-02  -1.3542167e-01  -5.2300865e-02   6.2100838e-01  -2.6372005e-01  -8.8775687e-02  -7.6649731e-02   1.8538500e-01  -5.7828510e-01  -3.1417053e-01   5.4052524e-01   3.7346464e-01  -2.8089406e-02  -3.6792802e-01  -4.1311600e-01  -3.0829493e-01  -2.1605729e-02  -3.2536841e-01  -2.0050600e-01  -3.7325335e-01  -3.0685387e-01  -2.5319123e-01  -6.8366004e-01   4.8394410e-01  -2.2733282e-01   1.0722007e-01   5.7341229e-01   7.2854814e-01   7.2181600e-02   4.2462367e-01  -5.3506305e-01  -1.9201680e-01  -3.9740895e-01  -3.5637467e-01   1.0013307e-01  -9.9655189e-02   3.2464660e-02  -5.1298353e-02  -3.8407771e-01   4.1493342e-01  -8.4860029e-02   2.1516960e-02   2.5251441e-01   3.3961290e-02  -6.0586723e-02  -4.8463081e-01   9.6231776e-02   1.5263512e-01
   2.3571510e-01   0.0000000e+00   3.0507921e-01  -5.7646483e-01   1.4857849e-01  -1.7352534e-01  -3.0009891e-01  -3.8765674e-01  -2.5732365e-01   1.7173340e-01  -2.8032373e-01   7.1192294e-01   1.4199522e-01  -5.0873860e-02   2.9095744e-01   1.1714858e-02   3.0245850e-01  -4.8112877e-01  -1.1035585e-01  -1.9716999e-01  -3.6034774e-01  -1.0716634e-01  -2.1811232e-01   2.3859795e-01   2.6540526e-01  -1.1434432e-01   3.6719146e-01  -2.9937505e-01  -6.7837129e-02   5.7327841e-01   6.0982559e-02  -3.6621768e-02  -3.5711787e-01  -5.8432873e-02  -2.8165173e-01   6.0106122e-02   2.2702968e-01   3.3434122e-01   2.4712222e-01   1.6116715e-01   1.7370513e-01  -5.4708416e-01   7.3578975e-02  -2.4771097e-01  -6.9043123e-02   4.8465202e-01  -9.9724124e-02   1.8228793e-01   7.5571393e-02  -3.3277355e-01  -2.4128960e-01  -3.6761839e-01   1.2092596e-01  -2.4269861e-01   2.1932633e-01  -3.3758719e-01  -2.2492515e-01   6.5417896e-02  -2.8088762e-01   3.9622617e-01   1.8667587e-01   1.9669027e-01   1.7131893e-01  -2.4267199e-01   1.2036964e-01  -7.9534040e-03  -3.2688908e-01   4.4776497e-01  -4.2605515e-02  -5.8172313e-02   1.5252102e-01  -5.2265690e-01   1.3870145e-01   5.6920811e-01   9.1275289e-02   1.6453256e-01   2.7148992e-01  -2.0903554e-01   1.0736144e-01  -4.5837689e-01  -4.1079994e-01   2.2430605e-01  -3.4691713e-01  -1.9365037e-01   1.2847630e-01   1.3957115e-01  -1.5533895e-01  -3.6732186e-01   3.8205026e-01   3.4286790e-01   1.1666176e-01  -4.1579860e-02   1.9628349e-01  -8.5315521e-02  -2.3408997e-02   5.7612390e-02   1.2529937e-01  -3.6692298e-02   1.3909891e-01   1.3524819e-01  -3.1899585e-01  -2.2160418e-01  -8.4484491e-02   2.3721798e-01  -3.7287783e-01   1.0359527e-01  -2.5592013e-01  -9.0616066e-02   9.8835572e-02   2.0731547e-02  -3.1632804e-01   3.9245125e-01  -4.0031616e-01   2.8308593e-01  -3.1099504e-01   9.1738471e-02  -1.3516716e-01   7.8928707e-02  -5.2441668e-01  -4.9769874e-01   1.3776225e-01   3.3125192e-01   1.4561414e-01  -6.1858990e-02   4.0192840e-01  -2.0523550e-01  -9.0012097e-04  -6.0288047e-02  -2.2357657e-01  -3.4530662e-01   3.5674540e-01  -2.1643257e-02   5.3082399e-01  -1.4361332e-01  -4.1769668e-01   2.7027799e-01  -1.8126422e-01  -4.7910912e-01   4.6160965e-02  -6.3720389e-02  -9.9745948e-03  -6.7125781e-02  -5.2944364e-02  -3.5396129e-01   8.8606163e-02   1.0253097e-02  -1.2429743e-01  -2.5711444e-02   1.6264494e-02  -1.7979339e-01  -3.2196684e-01  -3.8012980e-01  -1.9654186e-01  -9.6793260e-02   1.8119938e-01   2.1546187e-01   3.0361640e-02  -3.2759624e-01  -3.0410715e-01  -2.7946189e-01   1.1339226e-01  -2.4973494e-01  -8.1198544e-02  -3.3837962e-01   1.4087030e-01   1.4425507e-01   6.0717965e-02  -3.1811140e-01  -7.6635056e-02   3.7121655e-04   7.4103978e-02  -4.6748322e-01  -1.6331793e-01  -2.1924801e-01  -1.7163821e-01  -5.3514539e-01   2.6290993e-01
   1.0972954e-01   3.0507921e-01   0.0000000e+00  -3.3778633e-01  -3.3908801e-01   4.1330823e-01  -2.4188449e-02  -1.9616275e-01  -3.2696448e-01   1.3254528e-01   1.0472162e-01   5.3610730e-01  -7.3421940e-02  -3.3235446e-01   5.5561039e-01   2.6462972e-01   7.1986874e-01  -1.4643991e-01  -2.0795968e-01  -2.4197689e-01  -2.4621748e-01  -1.2674016e-01  -8.4396220e-02  -3.2558903e-01   2.8230129e-01  -1.2748880e-01   5.0360662e-01  -4.9057356e-01   2.4306171e-01   2.2694591e-01   1.8000355e-01   1.2601754e-01  -1.1910401e-01   3.8157613e-01  -2.0192094e-01  -2.3169028e-01   3.8224379e-01   4.0268156e-02  -5.1694038e-02   6.2431676e-01  -1.2433865e-01  -1.4570497e-01   4.8204412e-01  -1.2458121e-01   1.3935456e-01   4.8094776e-01   1.6930206e-02  -7.7220212e-02   3.0919746e-01   3.3649683e-01   7.2455298e-02  -1.6893660e-01   2.5996908e-01   2.0714509e-02  -3.1710765e-03   4.1201879e-02  -1.8709874e-01   5.1400389e-02   2.0805800e-02  -8.1697522e-02   3.8116887e-01   9.6079246e-02   1.6862751e-01   1.0854184e-01  -1.8927838e-01  -2.8013873e-01   2.6175412e-01   3.1857352e-01   3.5513639e-01   6.4597535e-01   2.1807071e-02  -1.3149834e-01   9.6790068e-02   3.4054595e-01   5.5319245e-03   2.1654909e-01   4.5781894e-01  -1.5832641e-01  -2.3736545e-01  -2.3100177e-01  -1.8920061e-01   1.7109081e-01  -2.1270483e-01  -1.1385220e-01   1.6660679e-01   2.5271967e-01  -3.2001583e-01  -4.5078806e-01   2.5508212e-01   8.3204521e-02  -2.7891177e-01   4.2925742e-01   3.4302170e-01  -2.0876627e-01  -7.0467773e-02   1.6673558e-02   6.5980429e-02   1.2913285e-03   1.5660404e-01   6.9794224e-02   7.5242499e-02   1.9127187e-01   1.7249599e-01  -2.6508175e-01  -1.0540128e-01   1.8875966e-01  -1.2205444e-01   3.0301734e-01   5.4460609e-03   7.1857633e-02   2.0135162e-01   1.8144546e-02  -1.2475059e-01   2.0729622e-01   6.6552105e-02  -2.4370014e-01  -1.0438948e-01  -1.7658883e-01  -2.2132358e-01  -1.8618483e-01   1.2232275e-01   2.2746609e-01   3.3675487e-01  -6.4026839e-02   3.5924463e-01  -3.8266061e-01   9.4999918e-03  -6.7031563e-02   1.8899677e-01   1.6009246e-01  -1.5531488e-02  -1.5960881e-01   1.4148908e-01  -4.2892975e-02  -1.6818467e-01   5.3985914e-01  -1.1944354e-01  -8.0395200e-02   3.4378774e-01  -1.4692690e-02  -2.9889389e-01  -2.5978867e-01   1.5410774e-01  -3.6676352e-02   1.7399460e-01  -2.3155466e-01   4.1777047e-01  -1.1278850e-01  -1.1882874e-01  -2.4432439e-01  -1.3168825e-02  -2.4666505e-01   6.3437587e-02  -1.4218002e-01   7.8121668e-01  -5.2275070e-02   1.0291363e-01  -2.5223737e-01   1.5558725e-01  -6.1410667e-02   3.9630115e-01   3.3469415e-02  -1.9771295e-01  -3.4790432e-01   3.9248233e-01   1.0333487e-02  -3.0194468e-01  -3.1629062e-01  -5.6101859e-02   4.0076504e-02  -1.9342979e-01  -3.7546495e-01  -7.9695659e-02  -4.2522134e-02  -1.9375731e-02  -3.0922577e-01   4.5183948e-01
   1.1172086e-01  -5.7646483e-01  -3.3778633e-01   0.0000000e+00   3.9313175e-02   7.9797574e-02   8.9113529e-02   3.0744411e-01   2.8162722e-01  -4.7466538e-01   4.6898445e-02  -4.7477692e-01  -1.2865271e-01  -7.8566601e-02  -4.4981434e-01   7.1063321e-02  -2.9678051e-01   6.2580596e-01   1.2577209e-01   3.4083480e-01   2.6748166e-01   1.0668082e-02  -2.1503674e-01   4.1836949e-02  -5.5103010e-01  -1.3119451e-02  -4.5796217e-01   1.4837134e-01  -2.1910256e-01  -4.2579779e-01  -2.8103602e-01   2.6733779e-01   6.9758856e-01  -3.3408578e-01   4.1020544e-01  -7.3193026e-02  -2.8984196e-01  -8.5596245e-03  -2.0141994e-01  -2.6945431e-01  -2.9170051e-01   8.1406727e-01   1.2902054e-01   1.3651257e-01  -1.6228728e-01  -3.0314200e-01  -9.5003884e-02  -8.3983811e-02  -2.9891928e-01   4.3020754e-01   3.2146018e-01   2.0103385e-01  -3.7202397e-01   4.0530985e-01  -1.3278867e-01   7.1898097e-02   7.8982767e-02  -1.0838793e-01   6.4506522e-01  -1.7560004e-01   1.8791297e-01  -1.3244434e-01  -3.2090001e-02  -5.6631297e-02   1.2306409e-01   6.2581529e-02   1.6063065e-01  -4.5310008e-01  -4.1143266e-01  -2.2641818e-01   1.7907976e-01   7.7919256e-01  -1.1936119e-01  -3.5835818e-01  -6.8456843e-02  -2.8391456e-01  -6.0637190e-02   2.5744935e-02  -2.0548103e-02   4.5935618e-01   4.0468646e-02  -1.4495334e-01   1.3008691e-01   1.4389862e-01   5.3012811e-02  -3.8251408e-01   2.2875626e-01   3.6366392e-01  -4.4462590e-01  -6.8412409e-02  -6.3879722e-03   2.5560327e-01  -4.1680582e-01   1.5786054e-01   3.4373940e-01   5.3295578e-02  -4.1352697e-02  -1.2408563e-01  -1.9478156e-01  -5.1893694e-01   1.1610642e-01  -1.2150053e-01  -1.7011301e-01  -2.5979921e-01   3.6377376e-01   2.2760589e-01   5.9031150e-01   1.0264758e-01  -3.3659573e-01  -2.8510597e-01  -3.0466090e-02  -3.9947484e-01   6.3678659e-01  -1.8636329e-03  -1.3670074e-01   3.2093533e-02   8.0985182e-02   1.2782078e-01   1.3640134e-01   7.9096545e-01   2.1007636e-01  -7.1614273e-02  -1.7104887e-01   3.6590290e-01  -1.5348172e-01   3.5428417e-01   2.0551954e-01   2.8456586e-01   1.4375700e-01   7.2352633e-02  -2.7723807e-01  -4.0376781e-03  -2.3946627e-01   5.2635364e-02   5.1908503e-01  -5.3705106e-01   3.0234511e-01   1.8751530e-01  -3.5153376e-01   1.7618539e-01   4.0125124e-01   1.0361034e-01  -2.7479669e-02   4.0052741e-02  -2.9649219e-01   2.0993706e-01  -7.7379333e-02   5.2768152e-02  -2.4476026e-01   5.1139525e-02   2.2167153e-01   1.8332774e-01   6.1769279e-01   1.0796451e-01  -2.1877877e-01   9.4539509e-02   3.1734309e-01   5.0400018e-01   6.1245895e-01  -2.4807985e-02  -1.2107146e-01   5.7120820e-02  -7.9618781e-02   6.8685197e-01  -1.3932758e-01  -1.5704466e-01   1.1080006e-02   8.7339210e-02   5.5122419e-01  -1.2090180e-01   4.7366211e-02   6.2842305e-01   3.3497194e-01   1.4688976e-01   1.6661941e-02   7.2589251e-01  -2.2871260e-01
   1.7416258e-01   1.4857849e-01  -3.3908801e-01   3.9313175e-02   0.0000000e+00  -4.6179797e-01  -3.5166694e-01  -9.8786636e-02   1.9161138e-01   8.4829210e-02  -4.2183647e-01   4.8196829e-02   2.5390344e-01  -1.2094388e-01  -4.4712541e-01   1.0986470e-01   2.5410126e-02  -1.1402791e-01  -1.6753129e-01   6.9625457e-01  -1.7188709e-01   1.1260077e-01  -1.5248320e-01   2.1042600e-01  -2.2400629e-01  -1.2468008e-01  -1.1293587e-01   3.3671884e-02  -1.8887710e-01  -2.0876455e-02  -3.2230529e-01  -1.6184205e-03  -3.1482643e-02  -4.6287613e-01  -7.1892825e-02   5.7504872e-01  -2.4398744e-01   1.3882413e-01   1.3189419e-01  -3.3171529e-01   1.6564480e-01  -8.3670423e-02  -2.0375700e-01  -3.7249590e-01  -2.5978999e-01   2.2075216e-02   2.3125302e-01  -1.9141280e-01  -3.5503318e-01  -1.3541300e-01  -2.6113223e-01  -7.9926623e-02  -3.2211588e-01   9.1629569e-02   1.1308350e-01  -4.7990179e-01  -8.0055369e-02   2.6101893e-01  -6.7196104e-02   3.3696509e-01  -1.4195371e-01   1.4268765e-01  -1.9373456e-01  -4.0544206e-01   1.6815281e-01   5.6730308e-01  -5.1060788e-01  -1.1757905e-01  -2.1667868e-01  -4.7934694e-01  -8.9078617e-02  -8.3128263e-02   8.6056792e-02   4.5095355e-02  -8.0092301e-02   1.3940793e-01  -3.0608055e-01  -2.4339026e-01   7.6426607e-01   2.9546127e-02  -2.6592406e-01   1.5514059e-01   1.9698148e-03  -2.5046154e-01   1.1946474e-01  -1.5263178e-01  -1.5397695e-01  -1.0580304e-01  -1.3636886e-01   1.8709111e-01   7.0564357e-01  -3.1871218e-02   4.6272338e-02   2.7773880e-01   2.2742815e-01   4.4882997e-01  -5.8340088e-02  -2.8163888e-01  -1.8617113e-01  -5.3216060e-02  -3.7155885e-01  -5.2464483e-01  -2.8979611e-01   3.7364177e-01  -1.4951709e-01   2.1676231e-02   1.7042195e-01  -3.8253639e-01  -9.1961847e-02  -8.3741518e-02  -2.2611969e-01   1.1985877e-01  -6.2095729e-02   2.1535097e-01  -5.6976828e-01   7.1277756e-01  -2.1994312e-01   4.5745208e-02  -3.4313723e-01  -1.2092249e-02  -4.0394656e-02   3.1148372e-01  -5.3451105e-02  -1.1217094e-01   1.4432600e-01   1.0322874e-01  -7.2670693e-02   7.2030450e-02   7.8092707e-02  -1.9656571e-01   1.4906796e-02   3.6890433e-01   9.3752947e-02  -2.9619961e-01   7.1865874e-02  -5.0618399e-02   1.2314779e-01  -6.0764989e-01  -1.8142061e-01   1.9545817e-02   9.7471318e-02   2.9820807e-01  -3.2206930e-01  -2.2527990e-01  -1.7003573e-01   3.6779066e-02  -5.1358457e-01   9.6964579e-02   2.5287385e-01  -6.8196461e-03  -3.1643426e-01  -2.3413063e-01  -6.1645800e-02   5.8683335e-02  -3.1584857e-01   2.7795606e-01   1.2226297e-01   1.8029037e-01  -1.3233144e-01  -3.2077983e-01  -2.6019174e-01  -4.2518760e-01   3.0570276e-01   3.1423028e-02  -1.4608025e-01   4.8007503e-01   4.4234762e-01  -2.0280784e-01   4.7106855e-02   3.2866656e-01   7.0644641e-01   2.3648047e-01   8.9391763e-03  -9.8714873e-02  -3.7560778e-01   5.8343295e-02  -2.0672661e-02
   8.5947936e-02  -1.7352534e-01   4.1330823e-01   7.9797574e-02  -4.6179797e-01   0.0000000e+00   3.3274346e-01   4.6064680e-01  -1.4941498e-01  -2.1957472e-01   3.5297818e-01   2.2456178e-02  -1.8722481e-01  -9.3624425e-02   2.1178930e-01  -1.6609416e-01   1.4557494e-01   1.9104271e-03   2.4103997e-01  -2.9268308e-01  -6.7305388e-02   3.8682935e-02  -1.9797524e-02  -3.1909688e-01   1.4904613e-01   2.2351073e-01  -6.8028139e-02  -2.0074780e-02   4.0769051e-01   1.1001027e-01  -7.1209802e-02  -9.2107705e-02   7.3557745e-02   1.9332634e-01   3.4192648e-02  -4.1699988e-01   4.0258034e-01  -1.2048894e-01  -4.7281251e-01  -2.7392473e-02  -2.8940942e-01   2.7019596e-01   2.0143733e-01   3.8675619e-01   9.5239270e-02   2.0572690e-01   2.5324208e-02   2.0700412e-01   3.6591685e-01   1.3571810e-01   1.9475359e-01   3.8261653e-01   1.3536811e-01   2.6698927e-01  -2.5291867e-01   5.7783113e-01   4.0674136e-01  -3.9116932e-02   4.8647800e-02  -4.9275126e-01   3.0478123e-01   6.8787247e-02   9.4190952e-02   1.6920395e-01  -3.0215641e-01  -2.2497022e-01   7.4243888e-01   5.0302999e-02   7.4632706e-02   4.9387593e-01  -2.2108823e-01   2.2534582e-01  -3.8320696e-01  -1.2679325e-01   1.7502545e-01  -1.1802804e-02   1.3841391e-01   1.2944896e-01  -4.4299856e-01  -5.1027878e-02   2.3495399e-01  -1.8185519e-01  -1.0552878e-01   3.3239894e-01   1.8978183e-01   9.0590286e-03  -1.4942133e-01  -2.2261776e-02   3.4084557e-01  -2.2250303e-02  -4.9729053e-01   1.3407573e-01   8.1932100e-02  -1.1321734e-01   6.6032991e-02  -4.5460001e-01  -2.1706177e-01   4.5793921e-01   3.5883261e-01  -1.0480538e-01   3.4220226e-03   4.2052163e-01   1.6116282e-01  -3.1133842e-01   1.9087013e-01  -4.8885564e-02  -2.7800477e-02   7.9565984e-01  -2.1403786e-01   7.1069362e-02   2.2649262e-01   1.0950223e-03   2.9534558e-01   1.7617966e-01   2.5229973e-01  -5.9225986e-01   3.1957752e-01  -6.9646690e-02   1.1742136e-01   1.5177542e-01   7.3722233e-02  -4.3035544e-02   2.4886556e-01  -1.4784803e-01   1.9380708e-01  -6.0932718e-02   1.1410490e-02  -1.6707496e-01   2.3504903e-01   3.4681965e-01  -4.6253741e-01  -3.8945782e-01  -2.9345818e-02  -8.4340985e-02   1.9966180e-01   2.4843202e-01  -1.0467486e-01   2.2197204e-01   2.9012631e-01   1.5565563e-01   1.0324720e-01  -1.1598573e-01   5.4471520e-01   4.0460005e-01  -8.2833267e-02  -2.1723193e-01   1.9625154e-01  -1.8019331e-01  -1.5686347e-01  -4.1145865e-01   2.0024530e-01   7.3582661e-02   1.5321078e-01  -6.6041148e-03   3.7040707e-01   1.6218264e-01   1.4184243e-01  -1.0554594e-01   1.9877475e-01   3.6346078e-01   4.0515024e-01   4.5824941e-01  -4.5856539e-01  -1.0086724e-01   4.4404572e-01  -3.8934832e-01  -4.7766134e-01   1.1483822e-01  -3.3412590e-02  -3.4004472e-01  -3.8573284e-01   1.3946137e-01  -2.8895810e-01   5.0560816e-01   3.1327895e-01   1.1057042e-01   1.6932071e-01
  -4.6270519e-01  -3.0009891e-01  -2.4188449e-02   8.9113529e-02  -3.5166694e-01   3.3274346e-01   0.0000000e+00   2.5980118e-01  -6.7271491e-02   2.0277637e-02   5.5089850e-01  -2.5989225e-01  -2.4359990e-01  -4.6459334e-02   2.4986506e-01  -2.7873460e-01  -2.7172935e-01   3.4209903e-01  -1.1645372e-01  -6.6849527e-02   4.2500069e-01  -9.0706399e-02   4.5458308e-01  -4.5429805e-01  -1.5978228e-01   8.7805472e-02  -1.9562125e-01   1.2954793e-01   3.2316004e-01  -7.7632810e-02   2.2159442e-01  -2.5594074e-01  -2.7143006e-02   5.1215486e-01  -1.7164565e-01  -6.1165159e-02  -8.3283275e-03  -4.1705411e-01  -3.4191662e-01   3.9572015e-02  -6.8452210e-02   8.2739529e-02   1.5180868e-01   4.4363096e-01   1.3910643e-01  -3.1139893e-01   2.1627254e-01   4.3637136e-01  -4.9986468e-02  -3.7261935e-02   2.5354874e-01   3.9054723e-01   2.9145725e-01  -1.6972399e-01  -1.8117224e-01   5.6530695e-01   5.6748799e-02  -1.9380561e-01  -6.6213275e-02  -5.7407122e-01  -1.4430459e-01  -2.6078986e-01  -8.0130849e-02   5.2984141e-01   2.8750416e-02  -2.5210974e-02   3.1945051e-01  -2.9976013e-01   2.8334662e-01   3.0652703e-01   8.0228570e-02   2.0794115e-01  -1.0132027e-01  -5.3435364e-01  -9.8200761e-02   4.1796769e-04  -4.6826276e-02   6.9584402e-02  -2.8004050e-01  -7.5163370e-02   5.9954464e-01  -6.4759448e-02   5.1269513e-01   2.6095281e-01  -1.1505433e-01   2.6647716e-01   1.6166771e-02   4.4881585e-02  -1.3378268e-01  -4.5853936e-01  -1.9844664e-01  -2.6620329e-01  -7.9574228e-02  -2.6476351e-01  -3.6244947e-01  -1.2191997e-01  -2.3721370e-01   1.4745517e-01   3.1858862e-01   2.1253657e-01   3.4587750e-01   6.7454460e-01   2.2930026e-01  -3.1617480e-01   3.6049717e-01  -1.5879295e-01  -2.3189411e-01   1.8358316e-01  -9.5945753e-03   2.5242032e-01   5.4702400e-01   2.4354719e-02  -3.6301385e-02  -4.0025367e-01   5.8325085e-01  -2.9361010e-01   5.0906600e-03  -4.9324558e-02   4.5518399e-01   5.5334114e-02  -2.0160052e-01  -4.0103537e-01  -7.3689444e-03   7.9448889e-02  -2.9294807e-01  -3.6658310e-01   1.2605548e-01  -3.1283767e-01   7.5251284e-02   2.2345411e-01  -3.2212387e-01  -7.0106374e-02  -6.4656894e-01   3.8532323e-01   1.6939946e-01  -4.5309113e-02  -1.8613631e-01   6.4570943e-01   2.8986813e-01  -3.0173298e-01  -2.4602057e-01   3.0167833e-02   3.2148013e-01   4.1204273e-01   3.6024727e-01   1.5247571e-01   6.5870033e-01   1.2514959e-01   2.1546116e-01   3.8406060e-01   3.0954196e-01   5.1448291e-01  -1.2248792e-01   3.2472853e-01  -2.2410541e-02  -3.8706919e-01  -3.5538251e-01  -1.6736772e-03  -1.7808160e-01   6.6875954e-01   4.5354166e-02   3.7437381e-01   2.1257633e-01   9.9710980e-02   2.7439265e-01  -2.3415809e-01  -5.0177611e-02   2.0346126e-01  -1.6739740e-01  -1.4993436e-01  -1.7874265e-01  -7.5614178e-02  -7.2876217e-02   1.7820884e-01   3.2252647e-01   9.1196616e-02   3.1392328e-02
  -3.2227481e-01  -3.8765674e-01  -1.9616275e-01   3.0744411e-01  -9.8786636e-02   4.6064680e-01   2.5980118e-01   0.0000000e+00   2.0839732e-01  -3.6844234e-01   4.1496946e-01  -3.9191079e-01  -1.0702416e-01   2.3866402e-01  -3.2216481e-01  -3.1728670e-01  -2.2187127e-01  -4.2606519e-02   4.1321494e-01  -8.5981694e-02  -2.1036004e-02   9.9712173e-02  -1.0166040e-01   4.7029513e-02  -7.6728557e-03   5.0637937e-01  -5.5454912e-01   4.3051479e-01   2.8188350e-01  -1.9185471e-01  -3.2755305e-01  -3.5554872e-01  -5.1092141e-02  -1.4587132e-01   9.3471444e-02  -5.0209140e-02   2.6323314e-02  -4.1876431e-01  -4.2646346e-01  -4.6695398e-01  -7.6666470e-03   2.4769013e-01  -2.5970426e-01   6.7363061e-01  -8.3668197e-02  -2.4977393e-01  -4.7082471e-02   8.8409702e-02   5.8610008e-02  -9.3808178e-02  -2.0611621e-01   7.2804001e-01  -9.8283056e-02   3.5216118e-01  -1.8829753e-01   6.3501694e-01   3.9718504e-01  -6.1253185e-02  -3.9671458e-02  -3.3008507e-01  -1.5291282e-01   1.5006494e-02   4.7668298e-02   2.9589543e-01  -3.0691171e-01  -5.9671830e-02   5.0098229e-01  -1.3050260e-01  -9.0100422e-02   3.7772501e-02  -2.2807865e-01   2.0740745e-01  -3.8917171e-01  -5.0901053e-01   2.2429109e-01  -2.1171032e-01  -4.0303446e-01   3.8377160e-01  -4.7028677e-02   2.1887137e-01   5.6895912e-01  -3.1029452e-01   3.3818388e-01   6.6069845e-01  -1.4673720e-01  -1.2909475e-01   1.4589321e-03   2.0240613e-01   1.8116772e-01  -3.8212084e-01  -1.7194866e-01  -2.7354075e-01  -1.5086313e-01   1.7698157e-01  -2.1024895e-02  -4.2269041e-01  -1.2996037e-01   5.6888878e-01   8.6308720e-02  -1.9395565e-01   1.5840056e-02   4.1813764e-01   1.4553152e-01   8.6592625e-02   2.4313178e-02  -3.3696748e-01   5.4949525e-02   6.4000938e-01  -2.2048249e-01  -1.2192339e-01   3.0129063e-01   4.2780411e-03   4.9070576e-01  -2.1896405e-01   1.7471738e-01  -2.4124188e-01   4.6960855e-01   2.0573318e-01   2.0418469e-01   1.6540957e-01  -1.6215394e-01  -3.9366533e-01   1.7959311e-01  -1.4111924e-01  -2.2835261e-01   1.4093513e-01  -1.8405358e-01  -2.5601829e-02  -9.5066169e-02   1.8856887e-01  -3.6866169e-01  -2.2586919e-01  -2.1993836e-01  -1.8342084e-01   1.3750566e-01   5.6365698e-02   9.9178695e-02   3.1699057e-01   2.9210951e-01   1.0545315e-01   2.1771728e-01   2.2468880e-01   5.8933850e-01   3.9514311e-01  -1.9444671e-01  -1.1351321e-01  -9.0913508e-02  -1.0377567e-01  -7.5454066e-02  -2.0457068e-01   2.0343256e-01   5.6755567e-01  -4.1142334e-02   3.1146606e-01  -1.3286805e-01   1.5129970e-01  -9.5850263e-02   1.7523450e-01  -8.7340399e-02   5.4831212e-01   2.0272058e-01   6.0031402e-01  -2.5897475e-01  -3.4905938e-03   7.4797104e-02  -2.8191808e-01  -2.1152965e-01   4.8890918e-01  -1.2139358e-01  -3.0764333e-01  -9.9715401e-02   4.2340572e-01  -1.6428783e-01   5.3148531e-01   2.6548287e-01   4.1417871e-01  -2.9446318e-01
   6.5857492e-02  -2.5732365e-01  -3.2696448e-01   2.8162722e-01   1.9161138e-01  -1.4941498e-01  -6.7271491e-02   2.0839732e-01   0.0000000e+00  -1.8610046e-01   8.1658824e-02  -3.3211166e-01  -5.6448251e-02   3.2391394e-01  -1.2758312e-01  -2.0823426e-01  -4.6634629e-01   5.3083804e-02   3.3016066e-01   2.7333997e-01   1.0389640e-01   3.2704932e-01   1.0995155e-01   1.3690129e-01  -2.3015542e-01   4.5979853e-01  -5.1904900e-01   3.8221245e-01   8.4297748e-02  -3.4216997e-02  -1.4540113e-01  -3.0990677e-01   1.3525183e-01  -4.4792323e-02   4.6520169e-01   3.7335827e-01   2.5281568e-02  -9.6960801e-02  -3.1471384e-01  -3.9801680e-01   5.8371208e-02   2.6728863e-01  -4.4861442e-02   2.5781547e-01  -3.9501634e-02  -9.7182930e-03   3.2188968e-02   1.7034674e-01   1.2936269e-01  -1.3600616e-01  -3.0306152e-02   3.7264371e-01  -1.3061133e-02  -1.3165416e-01  -2.5458100e-01   6.4549731e-02   5.5487859e-01   2.7911716e-02  -4.7782364e-04   5.3526904e-02  -4.3220004e-01  -6.4115864e-02   1.8119057e-01  -3.4648472e-03   1.6868508e-01   3.5688117e-01  -4.5621044e-02  -5.1205379e-01  -4.4623209e-01  -2.4279811e-01   9.1332956e-02   1.5116858e-02  -2.1758455e-02  -4.9582029e-01  -2.5843239e-02  -1.9366816e-01  -4.0139099e-01   4.1045350e-01   3.4638216e-01  -1.9746089e-01   2.6091688e-01  -4.7543303e-01   9.4322123e-02   3.1684327e-01   1.8493405e-02  -7.3889581e-02   5.6998671e-01   2.7628722e-01   6.7696802e-02  -1.7454678e-01   1.4432608e-01  -3.1719820e-01  -1.7583055e-01   5.4990253e-01   2.1127295e-01  -9.9418764e-02  -4.3721808e-01   3.4008830e-01   1.7173936e-01  -5.0405556e-03  -1.1442583e-01   6.7540889e-02  -3.8302213e-03   4.8202568e-01   2.3196341e-01  -2.5158799e-01  -2.4744175e-01  -1.5286461e-03  -7.9974851e-02  -7.7549243e-02  -1.2996721e-01   1.0544223e-01   5.3886744e-02  -7.7248675e-02  -3.4921545e-02   6.3750294e-02   2.7685472e-01   3.8815214e-01   2.1282906e-01   2.6115809e-01  -3.7008122e-01  -3.4022109e-01   1.1672495e-01   7.3046618e-02  -5.8893638e-02   3.6205961e-01   3.7457260e-02  -2.5912709e-01  -6.5222240e-02  -2.4014870e-01  -2.6753455e-01  -1.5694909e-02  -7.1965559e-02   4.6553126e-02   2.3927201e-01  -4.0219744e-01  -3.7294738e-01   1.3958756e-01  -1.2890265e-01   2.4884463e-01   2.0824644e-01  -2.0729065e-01   1.6724882e-01   2.0704797e-01  -6.5979939e-02   5.0941503e-03  -1.4574456e-01   1.7582572e-01   1.1539608e-02   3.9562101e-03  -1.9383600e-01   1.1165474e-01  -1.3773234e-01   1.7547731e-01  -2.9643727e-01   8.0122193e-03  -5.0011319e-02   7.4824568e-03  -6.0104116e-02   2.2980469e-01  -1.8444705e-01   1.9589701e-01   3.3210423e-02   1.5282934e-01  -6.6665714e-02  -3.1556948e-02  -6.5191879e-02   5.4125820e-01  -1.6085072e-01  -1.2168786e-01   2.2643980e-01   3.1386773e-01  -2.7633306e-01   2.5031118e-01   3.1081354e-01  -2.8983050e-02  -3.0042510e-01
   7.4755142e-02   1.7173340e-01   1.3254528e-01  -4.7466538e-01   8.4829210e-02  -2.1957472e-01   2.0277637e-02  -3.6844234e-01  -1.8610046e-01   0.0000000e+00  -4.9228422e-02   1.5164902e-01   3.6173861e-01   6.4533250e-02   1.6301041e-01  -3.6861480e-02   3.1493596e-01  -2.6662650e-01  -2.9049090e-01   1.5335013e-01  -3.3640952e-01  -2.7717702e-01   2.1273227e-02  -2.6231430e-01   1.0436720e-01  -3.0830267e-01   3.1765668e-01  -1.4877635e-01  -9.5562226e-02   1.1266135e-01   1.3933824e-01  -2.2571239e-01  -4.6209646e-01   2.2281010e-01  -2.5536699e-01   3.5828575e-02   1.7236091e-01   1.5350670e-01   5.1150694e-02   2.2689765e-01   5.0384464e-01  -5.2453403e-01  -3.7479203e-02  -2.7333489e-01   6.0724397e-01   4.0282452e-02  -3.0457461e-02  -1.1588257e-01   1.8616895e-01  -1.8705317e-01  -1.4867726e-01  -3.4037118e-01  -3.6277240e-04  -1.4857049e-01   3.4381442e-01  -2.6069266e-01  -5.9633809e-02  -1.2597370e-01  -4.6538964e-01   1.0877246e-01  -1.3862555e-02   2.4157396e-01  -1.3405121e-01   1.7588287e-01   1.5557963e-01   9.2035759e-02  -2.1254737e-01   2.3491877e-01   3.7661366e-01   1.7500770e-01   3.1949396e-02  -3.8151406e-01  -7.9042135e-03   1.1062396e-01  -3.1277555e-01  -4.7973161e-03   5.4729993e-02  -1.4218014e-01   1.4012502e-01  -1.2629965e-01  -1.3647735e-01  -3.5911779e-02  -2.3783095e-02  -2.6186979e-01   3.4567838e-02   7.7223536e-02  -2.5611557e-01  -9.4267540e-02   2.6246291e-02   6.1799144e-02   3.0963262e-01  -2.1060225e-02   5.7623128e-02  -2.4934841e-01  -1.5821176e-01   2.4392849e-01   1.0074539e-01  -1.7105282e-01   1.1003043e-01   7.9631997e-01   1.3805230e-01   9.7065722e-02   1.7113792e-02   1.7909829e-01  -3.0022660e-01  -2.0974670e-01  -2.4422775e-01  -2.6207695e-01   2.2272350e-01  -6.2903248e-02   1.2971610e-01   1.7767398e-01  -2.5879785e-01   7.8036075e-02   1.3466147e-01   2.3421783e-02  -1.8270864e-01  -2.1390060e-01   5.1096106e-02  -6.2740849e-01  -1.6151214e-01   2.6417057e-01  -1.7103536e-01  -4.0861543e-01   5.2646350e-02  -1.8246970e-01  -2.5649176e-01  -5.7210782e-02  -1.7840198e-01   6.2876861e-02   1.4980208e-01   2.4505309e-02   5.1662640e-02  -9.9071743e-02  -5.2380793e-01   2.6422890e-01   1.6665513e-02  -7.4377531e-03   1.2548001e-01  -1.2563230e-01  -3.2772026e-01   1.6459726e-01  -3.7249019e-01  -1.4824773e-01   1.2172052e-01  -3.9261108e-01   2.0526504e-01  -3.7407768e-01  -1.7476596e-02   2.9845832e-01   2.4513324e-02  -1.5612412e-01  -3.5956223e-01  -2.5034725e-01   9.5292784e-02  -2.2222988e-01  -1.9397206e-01  -1.6817177e-01  -3.4740158e-01  -1.8835277e-01  -1.4737255e-01  -3.3818655e-01   2.4615300e-01  -3.7864035e-01  -1.1102964e-01   9.7483275e-02  -1.3970223e-01  -2.2554445e-01  -3.3770589e-01   4.2605589e-02  -4.1313074e-03  -3.9836798e-01   6.7393207e-02  -2.8326364e-01  -1.5222602e-01  -2.4728961e-01   1.5856347e-01
  -3.6611656e-01  -2.8032373e-01   1.0472162e-01   4.6898445e-02  -4.2183647e-01   3.5297818e-01   5.5089850e-01   4.1496946e-01   8.1658824e-02  -4.9228422e-02   0.0000000e+00  -3.2094619e-01  -3.8417069e-01   9.3473637e-02   3.7407055e-01  -1.7885064e-01  -2.1676988e-01   1.3098975e-01   1.4208666e-01  -2.9773282e-01   2.5632592e-01   7.4210126e-02   4.2592197e-01  -4.5216666e-01  -1.7417051e-01   3.7820040e-01  -2.2872693e-01   1.9482610e-01   3.2772138e-01   7.1062721e-02   4.1553835e-01  -2.1118654e-01   6.3601009e-02   5.4375125e-01   5.1990740e-02  -9.2167044e-02   1.2644852e-01  -4.4223325e-01  -4.2145609e-01   4.9220972e-02  -9.7258191e-02   1.5006121e-01  -3.5786308e-02   6.8123469e-01   3.6971630e-01  -1.4321406e-01   2.7489209e-01   4.5137538e-01   1.1037201e-01   9.6944240e-02   1.5983445e-01   4.2102864e-01   5.3300807e-01  -2.6191192e-01  -1.9145750e-01   6.5700672e-01   2.4024386e-01  -1.8461923e-01  -7.3773297e-02  -5.5018375e-01  -1.2961424e-01  -3.9540352e-01   7.5775295e-02   8.4058913e-01   6.5551553e-02  -2.6414813e-01   4.0576565e-01  -4.0919877e-01   3.7047939e-01   2.4057843e-01   9.3702951e-02   7.0171774e-02  -1.3870092e-01  -5.6746886e-01  -1.3184092e-01   8.8026803e-02  -7.8361627e-02   2.9512261e-01  -2.9903962e-01   2.6873864e-02   5.5538256e-01  -1.0126238e-01   6.3129692e-01   4.7724584e-01   1.1816735e-03   3.8886245e-01   2.8958187e-01  -1.3798134e-01   7.8512310e-02  -3.8447815e-01  -3.6588683e-01  -1.0912436e-01   1.8961511e-01  -1.3321825e-01  -2.4743112e-01  -2.5952370e-01  -3.9484939e-01   4.4462963e-01   3.3565951e-01   1.2882682e-01   3.6931676e-01   8.0242940e-01   4.8623839e-01  -5.5793724e-02   2.4745566e-01  -1.9653987e-01  -4.2016902e-01   4.6311572e-01  -9.1438816e-02   3.5206480e-01   6.0434675e-01   7.8355160e-02  -5.4757197e-02  -2.8508459e-01   5.4942845e-01  -4.3810729e-01   2.2192990e-01   6.2710955e-02   4.2262639e-01   7.5895722e-02  -3.2730149e-01  -6.0707940e-01   9.9935711e-02   1.4535060e-01  -1.5546289e-01  -2.4176860e-01   1.6411311e-01  -3.9307042e-01   7.2347257e-02   3.4897468e-03  -3.8862804e-01  -2.3849721e-02  -4.5050948e-01   4.9648531e-01   1.9513669e-01   2.6611600e-01  -3.0589464e-01   6.2054226e-01   6.6619420e-01  -1.0852484e-01  -1.6690871e-01  -3.1865381e-01   5.9098388e-01   4.4320449e-01   4.3742014e-01   2.2103784e-01   3.5858351e-01   1.9453936e-01   1.0196990e-01   3.8957329e-01   1.7717842e-01   5.1245138e-01  -1.8449260e-01   5.3535833e-01  -2.2268482e-02  -3.0638936e-01  -2.3483695e-01  -5.2687076e-02  -9.9960526e-02   7.2139719e-01   7.6919868e-02   6.8495140e-01   1.6819607e-01   4.5250889e-02   4.6664925e-01  -2.6018755e-01  -3.1165402e-01   3.7995944e-01  -3.0627317e-01  -1.4591570e-01  -3.5768382e-01   1.6181791e-02  -1.6586312e-01   2.9507848e-01   4.9660803e-01  -6.9847491e-02   1.4950867e-01
   3.1723475e-01   7.1192294e-01   5.3610730e-01  -4.7477692e-01   4.8196829e-02   2.2456178e-02  -2.5989225e-01  -3.9191079e-01  -3.3211166e-01   1.5164902e-01  -3.2094619e-01   0.0000000e+00   1.3448857e-01  -2.7445270e-01   3.1510957e-01   2.4269358e-01   3.7294306e-01  -3.5600314e-01  -2.0201379e-01  -1.6874228e-01  -3.4796784e-01  -3.0837380e-01  -1.6475277e-01   2.2419108e-01   3.3850017e-01  -2.5667745e-01   5.2780627e-01  -5.1341838e-01   2.6072601e-03   3.7111062e-01  -9.5593050e-02   6.1418289e-02  -2.2911594e-01   6.8006191e-02  -3.4852658e-01   3.8899508e-02   2.7764822e-01   2.3436081e-01   2.7576883e-01   3.4951534e-01   4.5722064e-04  -3.8934655e-01   4.3124395e-01  -3.6638274e-01   1.2438254e-02   5.3313050e-01  -5.3036675e-02   2.7492512e-03   8.9971531e-02  -1.4134454e-01  -9.7550907e-02  -4.3400944e-01  -7.7462173e-02  -6.7453671e-04   2.2357631e-01  -3.4043690e-01  -2.0585738e-01   4.8035776e-02  -1.2219216e-01   4.5401704e-01   1.3260341e-01   2.1205248e-01  -5.2643995e-02  -2.7487742e-01   5.0751065e-02  -4.8677076e-02  -2.1169902e-01   5.6964734e-01  -2.9836508e-02   1.5872060e-01   6.7098491e-03  -2.5863399e-01   9.2390534e-02   6.2876943e-01   1.3103903e-01   6.1399726e-02   2.5431306e-01  -3.5744342e-01   8.1103809e-02  -4.8397586e-01  -4.8921385e-01   2.0074722e-01  -4.8445791e-01  -4.1417296e-01   1.3065845e-02   1.0858154e-02  -3.7299965e-01  -3.7101690e-01   2.3197820e-01   3.6430101e-01   2.5897931e-03   2.0470375e-01   2.1793791e-01  -9.5973528e-02   2.2070601e-02   1.3729996e-01   1.3670409e-01  -1.7424615e-01   9.4365159e-02   8.5715642e-02  -3.9298840e-01  -1.8131879e-01  -2.8118885e-01   1.0203297e-01  -2.7306286e-01   2.0894999e-01  -5.6700273e-02  -1.3696659e-01   2.0130469e-01  -7.3224720e-02  -1.5437787e-01   1.7738048e-01  -1.8639299e-01   3.4044392e-01  -4.0071934e-01   9.0164045e-02  -2.8226710e-01  -2.3651205e-01  -5.9030506e-01  -3.8590373e-01   4.1947135e-01   4.5728189e-01   7.9178194e-02  -1.3793875e-02   4.3016308e-01  -1.4966391e-01   1.8623545e-01  -3.0381436e-02  -3.8586321e-03  -1.2920908e-01   3.0172257e-01  -9.7587437e-03   4.6766001e-01  -2.5257217e-01  -3.7603792e-01   3.3159099e-01   3.2155650e-02  -5.3229099e-01  -3.3009128e-02   1.1733298e-01  -2.6177189e-02  -5.2951745e-02  -1.6426192e-01  -4.2993198e-01   9.8048647e-02  -6.0664513e-02   5.2628649e-03  -5.9668493e-02  -3.3467350e-02  -2.8833359e-01  -4.4458929e-01  -4.9936073e-01   9.7216066e-02  -1.8203370e-01   4.4754970e-01   3.1230976e-01   2.8365579e-01  -3.2782251e-01  -8.4226091e-02  -3.7239137e-01   3.3203635e-01  -3.2972094e-01  -1.7584721e-01  -1.8436522e-01  -8.1804297e-03   2.2744391e-01   6.2626714e-02  -5.2939934e-01   1.4612998e-01  -8.2309214e-03   1.5048706e-01  -4.8975832e-01  -3.1531866e-03  -2.2167707e-01  -2.8469329e-01  -3.9735746e-01   1.9177723e-01
   3.2250745e-01   1.4199522e-01  -7.3421940e-02  -1.2865271e-01   2.5390344e-01  -1.8722481e-01  -2.4359990e-01  -1.0702416e-01  -5.6448251e-02   3.6173861e-01  -3.8417069e-01   1.3448857e-01   0.0000000e+00   5.1804892e-02  -3.0544059e-01  -1.9667205e-02   2.2019532e-01  -3.2409749e-01  -3.3949217e-02   2.5976710e-01  -5.7923549e-01  -1.8412738e-01  -5.2903739e-01   2.8736764e-01  -6.2791090e-02  -2.9891275e-01  -2.9656123e-02  -9.2670884e-02  -4.7230107e-01  -1.0205862e-01  -3.4848776e-01  -1.7847554e-01  -4.0004535e-01  -3.4862188e-01  -3.5585545e-02  -2.0033402e-01   1.1789918e-01   3.5472305e-01   2.0466523e-01  -6.9360239e-02   6.1266174e-01  -3.5161535e-01   1.6725026e-02  -3.2669156e-01   5.6287290e-02   1.9113986e-01  -3.5758924e-01  -2.6812026e-01   1.9266010e-01  -1.3290677e-01  -3.1050393e-01  -1.8346008e-01  -4.3789541e-01   1.2323528e-01   2.6292390e-01  -2.4835174e-01  -5.9900034e-02   2.8618339e-02  -1.6064881e-01   2.6452771e-01   6.5475004e-02   7.0117965e-01  -1.2728694e-01  -2.2374227e-01  -6.7910495e-02  -1.2718175e-01  -2.4855638e-01   2.2839719e-01  -1.8241084e-01   1.0222639e-01  -3.9231583e-02  -2.7951879e-01  -2.6851806e-01   2.9908322e-01  -3.6447744e-01  -3.4296396e-01   5.4870389e-02  -2.4459189e-01   8.5673139e-03   4.5315310e-02  -3.0985631e-01  -1.3898861e-01  -1.5812168e-01  -3.5323031e-01   1.7730467e-01  -4.3245084e-01  -3.5483043e-01   1.3516742e-01  -2.3540493e-02   3.5142965e-01   1.1895107e-01  -7.4110592e-03  -2.0926124e-01   1.4780995e-01   2.1314568e-01   1.2021665e-01   2.1988820e-01  -1.7755432e-01  -1.0294492e-01   2.9051790e-01   2.8536582e-02  -2.5097015e-01  -3.0173643e-01   2.8395566e-01  -4.2007977e-01  -2.1309663e-01   1.3106986e-01  -1.6419132e-01   2.8156685e-01  -4.1553759e-01  -2.9194954e-02  -8.7984115e-02   1.4274743e-02   3.3729122e-01  -1.5594488e-01  -4.0081040e-02  -6.6760359e-03   2.2278085e-01  -3.8645617e-02  -4.5936767e-01   9.9920277e-02   2.8166321e-01  -3.3196294e-01  -4.9005086e-01   2.1459232e-01   1.0719621e-01  -5.2869847e-01   1.2867915e-01  -2.6096992e-02   2.9659096e-01   2.7707990e-01  -2.7231427e-01   2.7696880e-01  -5.3925556e-01  -5.2558614e-01   6.9411138e-02   2.6560462e-01  -2.4342367e-01  -8.9414900e-02   7.7885902e-02   9.4530392e-03   5.8666495e-01  -4.0256059e-01  -1.1635837e-01  -3.6363026e-01  -5.0160078e-01  -1.5710854e-01  -6.6777850e-01  -3.4776238e-01  -1.5664428e-01   2.7072349e-01  -1.9371112e-01  -4.3351596e-02  -4.4358644e-01   7.4887792e-03   1.7990526e-01   1.0936488e-01  -3.5134593e-02  -1.5461581e-01  -3.1774092e-01  -4.2368254e-01  -3.8843109e-01  -2.7758162e-01  -2.7452172e-01  -4.0120803e-01  -1.3940014e-01   7.5537810e-03  -1.8500910e-01  -6.7491780e-02  -1.4409046e-01  -4.1813542e-02   6.9941927e-03   5.2025638e-03  -1.5488112e-01  -4.1933264e-01   4.9123317e-02  -8.2057439e-02
  -2.5404200e-01  -5.0873860e-02  -3.3235446e-01  -7.8566601e-02  -1.2094388e-01  -9.3624425e-02  -4.6459334e-02   2.3866402e-01   3.2391394e-01   6.4533250e-02   9.3473637e-02  -2.7445270e-01   5.1804892e-02   0.0000000e+00  -1.0313149e-01  -2.0305816e-01  -3.2500067e-01  -9.9895968e-02   2.8705883e-01  -2.0672073e-01   8.8402857e-02   1.9815752e-01   1.7812770e-02   1.1352034e-01   4.3058839e-03   2.1234664e-01  -3.6565529e-01   2.8667181e-01  -1.6091050e-01   1.3917002e-01   2.3394078e-01  -2.2967391e-01  -2.4462792e-01  -9.0099030e-02   1.5681473e-01  -1.0448637e-01  -1.8619352e-01   1.0340922e-01   7.0167720e-02  -3.5241420e-01   2.8906193e-01  -2.7874633e-01  -4.8643173e-01   3.9449725e-01  -4.0649702e-02  -1.7798637e-01  -1.7462043e-01   2.3524560e-01   8.5740482e-03  -4.5717978e-01  -1.9659374e-01   1.4515553e-01   5.4081758e-02  -1.5670340e-01   2.4886462e-01   2.5219455e-01   2.9670469e-01  -1.4282129e-01  -1.8125106e-01  -1.6806714e-02  -3.0114950e-01  -9.4823270e-02   1.6130902e-01   8.7386591e-02  -1.2139787e-01  -1.3340353e-01   2.6514489e-01  -6.9081093e-02   4.5973425e-02  -8.7022285e-02  -1.5070355e-01  -3.5264844e-01   3.1163962e-02  -3.3497885e-02   1.4092144e-02  -1.2438353e-01  -1.2562777e-01   4.7210653e-01  -1.7731281e-01  -2.8427157e-02   1.6668048e-01  -1.8595278e-01   1.7898019e-01   2.2653932e-01   1.9010514e-01  -2.2290956e-02   3.5028934e-01   2.3093142e-01   9.0723145e-02  -1.2257949e-01  -4.8043300e-02  -3.9124356e-01  -2.2588180e-01   1.6962418e-01  -2.8944132e-02  -3.7044084e-01  -1.5304486e-01   1.9995490e-01   3.7518008e-02   3.2691341e-02   3.5489937e-01   1.4621135e-01   2.2427558e-01   4.8565282e-01  -1.0634042e-01  -2.7398923e-01  -2.7012353e-01   1.2409529e-02   3.3142254e-01   9.7090935e-02  -1.0085253e-01   2.4564796e-01  -1.1165421e-01  -2.1972378e-01   3.5977152e-01  -2.7476203e-01   3.2393116e-01   2.4546076e-01   5.3047849e-01  -2.2703543e-01  -2.5396443e-01  -4.4968071e-01  -2.4145921e-01  -1.3424706e-01  -2.6915230e-01   2.3958855e-01  -1.8374858e-01  -1.4762949e-01  -2.9122991e-01   9.9682642e-02   4.6314935e-02  -2.1949993e-01   1.2162474e-01   7.0533873e-02  -2.2214770e-01  -1.5795795e-01  -1.5644300e-01   4.2677865e-01   6.6443990e-02  -8.2737275e-02   6.4612618e-02  -2.9660889e-02   1.8065063e-01   3.2148654e-01  -7.5809363e-02  -1.0632161e-01  -1.6055290e-01  -8.5641498e-02  -4.0715205e-02   9.1704787e-02   3.4287189e-01   3.7205963e-01  -4.0603457e-01   1.6718322e-02  -2.9270115e-01  -6.9765400e-02  -3.8584214e-01   6.6892653e-02  -3.1195899e-01   2.6457654e-01  -2.4542517e-01   1.9634654e-01   4.5117918e-03  -1.1344558e-01  -1.3657854e-01  -2.8565816e-01  -8.0603260e-02   4.8833122e-01  -2.7294018e-01  -2.2892777e-01  -3.1063536e-01  -2.3930044e-02  -2.3484783e-01   2.1211373e-01   3.2393003e-01  -1.4550369e-01  -1.7439802e-01
