   0.0000000e+00  -2.4193771e-01   2.3700913e-01   2.3058175e-01  -2.9922636e-01   1.6614231e-01  -1.0010936e-01   2.3907282e-01  -4.3571735e-02  -1.7051077e-03  -3.6217868e-01  -3.0741109e-02   5.1741434e-02  -2.9659991e-03  -6.6928397e-02  -3.1061069e-01  -1.8174126e-02   2.3175070e-02  -4.8581173e-03  -5.8092638e-02   9.3262315e-02   4.4784318e-01   2.6311810e-01   4.8787117e-01   1.4022003e-01   3.6475780e-02  -3.6321864e-02   2.8749492e-01  -2.4381185e-01   2.4151188e-01  -2.3202119e-01   3.8784078e-01  -7.7798771e-02  -1.0777856e-01  -1.5270466e-02  -1.4775366e-01  -3.2834526e-01   6.6036884e-02  -1.6182027e-01  -1.8576179e-01  -9.1139207e-03  -4.5081260e-02   5.8827488e-02  -1.3401856e-01  -2.2999520e-02   7.4424847e-01   5.3667017e-02  -1.9648983e-01   5.8004569e-02  -2.5731711e-01   9.7434706e-02   4.1636644e-02  -1.9541628e-01  -5.6600299e-02  -1.4196527e-01  -1.2359354e-01  -8.6095957e-02   1.9871054e-01   1.1027654e-01   1.2454237e-01   5.3369815e-01   8.5199763e-02  -1.4123420e-01  -2.8731580e-01  -4.9874650e-01   6.3360341e-02   6.3514956e-02   1.3870229e-02   2.4551651e-01   3.9306580e-01  -3.1335504e-01   9.6491081e-02  -5.3344389e-02   5.7526962e-01  -5.4124140e-02   3.6133201e-01   6.7725276e-01   3.6134496e-02  -2.8936925e-01  -4.0390451e-02   1.1862870e-01  -1.7298536e-01  -5.4169644e-01   3.5286568e-01   1.9100840e-01   2.9056340e-01  -4.1543329e-01   1.6365983e-01  -2.0017967e-01   6.0288791e-01  -3.3014842e-01   4.6999401e-01   2.0084585e-01  -6.7655819e-02   6.3507463e-01  -1.8485538e-01   2.8667023e-01   6.5457421e-02  -7.5610005e-02  -3.1493028e-02  -1.7421649e-01   8.8817469e-02   5.6310273e-01  -5.6793612e-03   3.7925905e-01   3.8455443e-01   2.5117797e-02  -2.8172923e-02  -8.0191767e-02   2.4567524e-01  -1.7740886e-01   3.5402926e-01   9.2659100e-02   8.2139885e-01   2.6926920e-01  -3.5106955e-01   2.2512672e-01  -2.7409505e-02   1.4724296e-01   1.1468427e-01   5.1277204e-01  -1.5309527e-01  -1.5482394e-01  -4.9144095e-01   6.6990227e-01   5.7103121e-01  -8.0205739e-02  -9.3599115e-02   4.5356957e-01   1.3787540e-02  -3.0001006e-01  -3.1422534e-01   4.4477911e-01  -2.4680866e-01   5.0877367e-02   1.7592007e-01  -3.6675325e-02   4.7399136e-02   1.8818641e-01   5.6680221e-01   7.5885282e-01  -1.4381201e-03   5.7079233e-02   8.3403625e-02   1.4266791e-01  -8.0935539e-02  -2.1358515e-01  -2.8707232e-01   2.5722724e-01  -2.8720277e-01   5.5312052e-01   2.8391154e-01   5.9698583e-01  -3.5050724e-01  -2.9240571e-01   3.8643149e-02   6.6593336e-01  -8.8241511e-02   4.3469369e-01   2.5877808e-01   2.4103605e-02  -1.2012847e-01  -3.8737128e-01   2.9129466e-01   1.6033396e-01  -1.9099761e-01  -1.3565135e-01   4.9826714e-01   5.0999291e-01  -2.4030403e-01  -1.5895806e-01   1.9956053e-01  -1.0810135e-01   8.7980040e-02   4.7332042e-02   3.3220526e-02   2.1171531e-01
  -2.4193771e-01   0.0000000e+00   8.6414106e-03  -1.9147917e-01   4.0568942e-01  -3.5060406e-01  -5.5741570e-02  -1.3576783e-01   4.2342540e-01  -2.8647908e-01  -1.2983220e-01   2.8988974e-01  -3.4125685e-01  -1.1800595e-01  -3.7070841e-01  -4.8202866e-02   4.2333622e-01  -2.2062004e-01   3.8233076e-01   1.4738930e-01  -3.5555697e-01  -7.4226044e-02  -5.3563200e-01  -9.0001995e-02  -1.9637450e-02  -8.7535901e-02   5.8971097e-02  -5.6863993e-01  -1.1879999e-01   2.8866671e-02   9.6463832e-02  -2.6133290e-01   3.2002595e-02  -1.7500327e-01   4.1501078e-01   2.2240836e-01  -1.6703814e-01  -2.5704598e-02   2.0229409e-02   9.6524511e-02   2.9427582e-02  -2.1580901e-01   1.8318248e-01  -2.0054168e-01  -2.3720194e-03  -1.8013157e-01  -5.8513087e-02   7.4307398e-02  -3.3120052e-01   3.5390983e-01  -3.6323226e-01   5.7285488e-02   5.9661582e-01  -1.2259356e-01  -8.3674335e-02  -4.0190177e-01   6.7778725e-02  -8.6625262e-02  -2.1141444e-01   2.0786672e-01   1.4089896e-04  -5.4780238e-02   3.3200540e-01   3.3359238e-01   3.2304938e-01  -1.7566622e-01  -1.8966560e-01   1.4426703e-01  -3.0993489e-01  -2.6891179e-01   6.1683147e-01  -3.6157028e-01   1.9165422e-01  -2.8098523e-01   5.7269963e-02   9.5320447e-03  -1.8608545e-01  -1.3584018e-01   4.8591883e-01   1.5871017e-01  -5.6111169e-01  -5.6985272e-02   3.5587463e-01  -3.5518892e-02   3.5499485e-01   8.5286923e-03   5.7894678e-01  -5.0706074e-01   7.5037638e-02  -1.1592371e-01   5.2794976e-01   4.5277270e-02  -2.3404726e-01   1.4659920e-01  -3.1198793e-01   4.3639686e-01  -2.1405236e-01   1.0441515e-01  -2.3716990e-01  -3.2237152e-01  -1.3236950e-03  -2.2694476e-01  -3.5684709e-01   6.0907076e-01  -4.8697411e-01  -1.3460286e-02   1.1131584e-01  -1.3917474e-01  -4.2648630e-01  -1.8105747e-01   1.9339164e-01  -3.1161262e-01   8.5142918e-02  -2.9876993e-01  -5.0611641e-01   6.6512664e-01  -1.4453884e-01  -5.9530632e-02  -2.5544945e-01  -2.7021614e-01  -1.2283908e-01   3.4635658e-01   1.9661940e-01   5.4407051e-01  -2.6481529e-01  -1.5427188e-01   2.2395329e-01   1.1597179e-01  -2.5053940e-01   2.8833257e-01   6.2493401e-02   3.3242429e-01   2.7830025e-01  -8.4389699e-02   8.5810534e-02  -1.2626238e-02   7.3474201e-02  -1.9473930e-01   7.8567494e-02  -7.7616607e-02  -3.5282395e-01  -6.4271122e-02  -2.2303524e-01  -2.2721998e-01  -2.4411749e-01   3.6137896e-02   3.3146128e-02   4.7233200e-01  -2.9586911e-01  -7.8888019e-03  -3.8395525e-01  -3.6060146e-01  -2.5234350e-01   5.3685134e-01   5.0828222e-01  -1.8904609e-01  -1.1217027e-01  -1.8660549e-01   2.4078006e-02  -5.5164435e-01   1.6297267e-01  -3.3913200e-02   3.0074536e-01  -4.7503969e-01  -1.4556182e-01   6.0601872e-01   2.4306909e-01  -3.1903072e-01  -1.9875406e-01   4.3902323e-01   4.7988411e-01  -1.4858410e-01  -1.1003308e-01  -2.1811538e-01  -6.8970619e-02   8.8980023e-02   7.0273546e-02
   2.3700913e-01   8.6414106e-03   0.0000000e+00  -9.8217033e-02   3.5362629e-01   9.7847905e-02   1.4887464e-01   1.4865381e-01   1.6309224e-01   2.6932563e-02  -1.0083775e-01   6.4525610e-01   1.8492162e-01  -6.1773551e-01  -3.2614211e-01  -4.9695231e-02   6.4979752e-01  -3.2853996e-01   1.2320929e-01   4.0120421e-01  -5.9795768e-01  -7.5255412e-03  -2.7791777e-01  -2.8017190e-01  -2.4650815e-01   1.6195655e-01   3.4163057e-01  -3.2785751e-01   1.5105186e-01  -3.8131536e-01  -5.5679316e-01   2.0230569e-01   1.6762712e-01  -4.9853831e-02   2.1851503e-01   4.3005149e-01  -1.3731485e-01  -7.4892988e-02  -1.1751863e-01   3.4634466e-01   1.6984611e-01   2.8965865e-01   1.3049060e-01  -2.7404656e-01  -1.0125115e-01   3.4408004e-01   1.9429556e-02  -5.5312440e-01  -1.8861655e-01   5.0547880e-01  -1.2640963e-01   1.8340323e-01  -2.1492169e-02   4.2315647e-01  -3.0577606e-01   6.2074802e-02  -1.7877078e-01   1.9524238e-01  -5.5617735e-02  -9.0371414e-02   3.8641122e-01   3.1405146e-01   2.0230996e-01  -3.5845198e-01  -5.3882243e-01  -2.4831446e-01   1.7445660e-01  -1.1927093e-01   2.7093542e-02   3.3382202e-01   2.3438305e-01  -6.4651480e-02   3.6237774e-01  -8.2448129e-02   2.2364347e-01   2.8058759e-01   1.5667794e-01   3.0335665e-02   2.7192580e-01   5.0185631e-02  -7.4782002e-02   1.9532717e-01   3.6139979e-02   2.7791856e-01   4.0106732e-01   2.0127023e-01  -1.5117782e-01  -2.6143166e-01  -4.0526458e-02  -1.7422056e-01   2.1492156e-01   7.3921496e-01   2.7479715e-01  -9.4686457e-02   3.2991378e-02   2.4726027e-01   1.2242723e-01   2.6468008e-01  -1.5088218e-01  -2.6487007e-01  -2.0947707e-01  -1.8469066e-01   1.3799066e-02  -2.1303340e-03  -1.1550623e-01   9.1621429e-02   3.7947228e-01   2.6381844e-01   6.2178366e-02  -1.9855377e-01   4.3161843e-01  -3.3506872e-01   6.0354441e-03   1.3615871e-02  -4.3936129e-02   2.5710161e-02  -3.9225462e-02   5.9188749e-01  -4.6159797e-01   3.4746367e-02  -4.9107634e-02   3.5132434e-01   1.5918653e-01  -1.9444260e-01   1.9380910e-01   1.8803176e-01   1.0255131e-02   2.2964862e-01   2.0421591e-01   2.9309797e-01   3.5714746e-01  -1.6672265e-01  -9.5544282e-02  -6.1931269e-01   1.3803370e-01   2.6142403e-01   2.0188382e-01  -5.6637618e-01   1.5107347e-01   9.6762375e-02   7.9419924e-02  -1.5377805e-02  -1.7367084e-01   4.5893853e-02  -1.8701083e-01  -4.6390191e-01   5.0765567e-01  -1.3494718e-01  -1.3154737e-01  -6.0561249e-01   1.3473688e-01  -8.9179455e-02   3.1249424e-01   5.3120645e-02   5.6664100e-01  -6.3299393e-02   1.7383264e-01   1.5156359e-01   5.8578348e-01  -3.1132635e-01   3.1268233e-02  -2.2698987e-01  -2.4557504e-01  -2.8972433e-01   2.2668620e-01   2.1637423e-01   3.1609636e-01  -2.3120942e-01   1.8589194e-01   2.4955292e-01   2.7045472e-01  -2.7131432e-03  -3.6756862e-01  -1.8914653e-01   7.9460609e-02   2.2015556e-01  -1.2610183e-01
   2.3058175e-01  -1.9147917e-01  -9.8217033e-02   0.0000000e+00  -2.7744709e-01   2.3184585e-01   3.1751580e-01   1.3044551e-01   5.1354480e-02   9.2599998e-02  -8.9050173e-02   5.7909838e-02  -4.1166864e-01   1.7433976e-01   2.2349216e-01   4.8939217e-01  -2.5506236e-01   2.1709377e-01  -3.1563830e-01  -2.6335318e-01   2.6158379e-01   4.5526931e-01   3.5815849e-01  -1.0486535e-01  -2.7483580e-01   3.9714077e-02  -6.5761195e-02   1.7900385e-01  -6.2533666e-02   2.3286894e-01  -6.1139776e-02   6.6635236e-01   5.7535571e-01   1.8079077e-01   1.9403435e-01   1.9636325e-01   2.5414313e-03  -2.8055235e-01   5.3475525e-01  -1.7706072e-01  -3.2030932e-01   4.2154518e-01  -1.0482821e-01   1.7452963e-01  -1.4296835e-01   1.6011685e-01   7.7635485e-02   1.6635622e-01   4.7575994e-03  -1.8834318e-01   3.4724070e-01  -2.3758817e-02  -2.3795136e-01  -3.0486404e-01  -1.0347246e-01   2.2531227e-01  -2.1884195e-01   5.0375491e-01   5.1411840e-01   4.6295553e-01   8.3996918e-02  -2.0636248e-02  -6.3281471e-02  -2.6477561e-01  -2.8593572e-01   1.0216937e-01   1.2026735e-01  -4.5745951e-01   1.2263696e-01   1.7830515e-01  -2.0998194e-01   9.7238746e-02   1.8703465e-01   3.5361293e-01  -5.0067057e-01   1.1988257e-01   5.4313033e-02  -1.6191682e-01   2.0208043e-03  -8.9909679e-02   2.1025035e-01   4.9957256e-02  -1.8329993e-02   9.1813882e-02   7.8487590e-02   3.0355489e-01  -1.6009442e-01   1.5898924e-01  -5.1008914e-02   4.1775255e-02  -2.5873342e-01   7.2416697e-02   3.3699403e-01   3.8560057e-01   7.1322940e-03  -2.7778641e-01  -5.7862862e-02  -1.0485703e-01   3.1186709e-01   4.0033579e-02  -1.6307587e-01   5.1111381e-03   2.3808064e-01   1.3694533e-01   6.1376209e-01   5.8852565e-01   1.0732532e-02   1.4289169e-01   3.8511052e-02   3.1387053e-01  -7.1662833e-02   2.5049204e-01  -2.0308801e-01   2.4728219e-01   3.8933976e-02  -1.8385234e-01  -9.3737145e-02   3.4628175e-02   6.6276568e-02   5.7106105e-01   2.4862377e-01  -1.7861623e-01   3.5051019e-02  -9.4969540e-02   8.6378853e-02   5.0818751e-01   1.8853479e-01   7.2861004e-02   6.1147915e-01  -2.5346164e-02   8.6412514e-03  -1.7280854e-01   1.2237698e-01   2.6474601e-01   5.0954753e-01   6.2172718e-02  -2.9975967e-01   1.2200755e-01  -1.9524804e-01   2.3439764e-01   8.9607531e-02  -5.2332398e-01   1.9306316e-02  -4.0247968e-02   6.1568833e-01   3.2158590e-01  -3.8115670e-02  -2.2329256e-02   5.1217721e-01  -6.5092940e-02   2.8840928e-01   1.6205595e-01   3.2151887e-01  -1.9323025e-01  -1.2563801e-01  -5.0292549e-02   2.9689562e-01   5.5837554e-02   3.7240081e-01   2.7371565e-01  -2.9573091e-01  -1.2689412e-02  -2.8189348e-01   5.0770126e-01   3.7514851e-01  -6.6953920e-02   1.1759414e-01   1.4702494e-01   2.1917941e-01  -2.1108286e-01   3.0306554e-02  -6.1973290e-02  -1.7713373e-01   5.1562504e-02   1.8702235e-02  -1.7803972e-01   3.7508998e-01
  -2.9922636e-01   4.0568942e-01   3.5362629e-01  -2.7744709e-01   0.0000000e+00  -3.1825151e-01  -1.2319157e-01  -1.3902239e-01   1.0088601e-01  -2.3254286e-01   3.6563298e-02   3.7316329e-01   1.7578599e-01  -4.4336923e-01  -2.7715269e-01  -9.3417938e-02   6.2849610e-01  -2.0115787e-01   3.9741909e-01   8.4139009e-01  -6.4966448e-01  -3.5213905e-01  -5.7121636e-01  -1.4531878e-01  -1.3745049e-01  -8.5242311e-02   4.6302365e-01  -7.6815040e-01   6.4459218e-02  -4.1499824e-01  -1.2878579e-01  -2.3975057e-01  -9.5996380e-03  -2.3514839e-01   4.7463982e-02   5.9210963e-01  -1.3338249e-01  -7.2384979e-02  -8.7341735e-02   4.5745343e-01   3.1201503e-01  -2.3330290e-02   1.9853827e-01  -4.5931060e-01   2.4851770e-01  -2.6059162e-01   3.4157779e-02  -5.2092210e-01   3.0035310e-02   8.5970811e-01  -3.0597890e-01   1.0393563e-01   4.0670940e-01   5.0379667e-01  -1.5079700e-01  -2.8121609e-01   2.7302821e-02  -1.4471568e-01  -1.9806034e-01  -3.9779510e-01  -1.3078209e-01   3.9400192e-01   2.4604664e-01  -6.6165556e-02   2.0040567e-01  -4.2702716e-01  -1.8903331e-01   1.7817304e-01  -1.8478635e-01  -5.5280396e-01   7.4660264e-01  -1.3075974e-01   1.4593899e-01  -5.0524333e-01   1.4706910e-01  -2.6610421e-02  -4.4662749e-01  -1.4736865e-01   6.9330899e-01   5.2377180e-01  -6.0368887e-01   2.7537858e-01   5.0632642e-01  -1.0163945e-01   3.6977814e-01  -8.5614218e-02   4.2301294e-01  -2.7121170e-01   1.3287132e-05  -2.8295956e-01   9.0220945e-01   2.7046414e-01   4.6252457e-02  -3.7202642e-01  -3.9585771e-01   7.7287263e-01   8.0966715e-02   2.4379336e-01  -1.3796453e-01  -3.3238648e-01  -1.0827491e-01  -4.0965504e-01  -4.8162205e-01  -3.3644317e-03  -5.9191665e-01  -7.4085802e-02   4.9032323e-01   4.0094648e-02   1.8447310e-02  -4.5638883e-01   6.1891520e-01  -5.6742699e-01   9.1560325e-02  -3.6141188e-01  -5.6474389e-01   6.4062508e-01  -2.3011436e-01   3.6347359e-01  -7.0817246e-01  -2.3028652e-01  -4.8191364e-01   8.6383038e-01   3.3681420e-01   4.2573655e-01  -3.0810848e-01  -3.1939020e-01   2.3550910e-02   6.1225281e-01  -2.8990843e-01  -2.2745742e-01   2.7616472e-01   3.8886984e-01  -3.4906550e-01  -4.3833999e-01  -1.4702435e-01   1.1669697e-01   6.1866794e-01  -7.0996973e-01   2.7190183e-01  -2.3852414e-01  -4.5157262e-01   1.6892460e-01  -3.4421406e-01  -4.5485163e-01  -5.2265167e-01  -4.1897610e-01   5.6039465e-01   1.7583903e-01  -5.6142441e-01  -1.9440658e-01  -4.6620617e-01  -6.2008897e-01  -2.2726941e-01   5.4764244e-01   6.3041283e-01  -8.9546261e-02  -4.1804975e-01   1.3518674e-01   1.3776126e-01  -6.2861660e-01   1.4668320e-01  -3.1142118e-01   1.9672097e-01  -5.3172625e-01  -4.5592171e-02   6.2974745e-01   4.6894674e-01  -7.2729989e-01  -4.2751877e-01   7.5503621e-01   4.1679288e-01  -2.3821542e-01  -2.7367737e-02  -4.9448460e-01  -1.4701504e-01   3.5432520e-01  -1.9752616e-01
   1.6614231e-01  -3.5060406e-01   9.7847905e-02   2.3184585e-01  -3.1825151e-01   0.0000000e+00   3.0037764e-01   4.4052241e-01   1.0523218e-01   5.7239690e-02   1.6633309e-01   2.0652467e-02   1.3217093e-01   8.0473330e-02  -1.9692117e-01   2.2907462e-01  -3.2297581e-01   8.9774771e-02  -1.0772661e-01  -2.5812619e-01   3.0659280e-01   1.9464502e-01   3.1691231e-01  -1.9094586e-01  -2.0725998e-01   3.6808664e-01   7.5769042e-02   3.2055319e-01   1.9503495e-02   2.3735621e-01  -4.1181844e-01   2.4889080e-01   2.1883802e-01  -1.0962980e-01   1.5786680e-01  -4.3488485e-02  -5.1236897e-02  -2.0136418e-01   3.4338758e-02  -2.0072034e-01   1.1732712e-01   2.6168052e-01  -1.6477072e-01   5.3913698e-01  -8.8203034e-02   1.3385082e-01   1.2453830e-02   1.8741407e-01  -2.4778303e-02  -3.7206565e-01   4.4667029e-01   1.9531736e-01  -4.3522445e-01  -3.2751256e-02  -1.0343484e-01   4.6573358e-01   2.3666415e-01   2.6366962e-01  -1.5145658e-01   3.5491446e-01   8.6857906e-02   1.7079850e-01  -1.7522671e-01  -8.3343795e-02  -5.4307749e-01   5.3962480e-02   8.3288124e-01  -3.6798196e-01   4.1578769e-01   4.6943701e-01  -5.9158266e-01   1.8514821e-01   6.0587561e-02   3.3427699e-01   3.1912812e-03   1.2569414e-01   1.0241556e-01   4.6810864e-01  -2.5550153e-01  -2.3435529e-01   4.4761074e-01  -4.3117151e-02  -2.9560138e-01   2.5576873e-01   2.1312313e-03   9.6416948e-02  -4.7655159e-01   1.8066779e-01   4.7689010e-03  -4.0936145e-02  -4.7952864e-01   4.8401733e-04   3.7384607e-01   4.3188110e-01  -6.0344833e-02  -4.4171471e-01   4.0159697e-01   2.1981768e-01   4.1374665e-01   2.3412630e-02  -5.0868620e-01   4.6546778e-01   4.5455937e-01  -5.8097484e-02   3.7569806e-01   8.7123088e-02  -2.2717281e-01   5.3107749e-01   9.2809876e-02   3.5342338e-01  -2.2080599e-01   3.7769882e-01  -2.6322376e-01   1.2628031e-01   1.3232253e-01  -5.3999794e-01   2.4445389e-01   3.2842455e-01   3.5806872e-01   3.4759937e-01   8.4810958e-02  -4.8044461e-01   2.6708456e-01  -6.3209495e-01   1.7158132e-01   4.3423060e-01  -5.0778454e-02  -3.5475425e-01   3.6589395e-01   1.5602867e-01   9.1769267e-02  -4.1591743e-01   1.4034990e-01  -2.7712291e-01   8.0817167e-02   2.4413024e-01  -2.8019538e-01   1.1011814e-01   4.6200620e-02  -1.4074886e-01   2.9267905e-01  -2.1190575e-02   5.3151914e-01   5.8393681e-01   8.3984336e-02  -1.8865063e-03  -2.7897025e-01  -1.5973208e-01   4.8246551e-01  -4.3719457e-01   3.0269728e-01   4.5445512e-01   2.6885713e-01  -2.0489360e-01  -2.3251402e-02  -3.8081851e-02   2.4363883e-01   1.6548103e-01   2.0269201e-02   6.3042668e-01  -1.4196819e-01   4.1892531e-01  -4.8973548e-01   2.6715648e-01   2.5200846e-01  -3.6712163e-01   2.0348749e-02   4.2238543e-01   2.3478141e-01  -3.1904932e-01  -2.1520125e-01  -8.0601404e-02  -2.8083707e-01   7.4022465e-01   4.7638784e-01  -3.7044907e-01   2.0276894e-01
  -1.0010936e-01  -5.5741570e-02   1.4887464e-01   3.1751580e-01  -1.2319157e-01   3.0037764e-01   0.0000000e+00  -3.2804696e-02   1.2525518e-01   5.8696203e-01  -9.6919622e-02   4.4362506e-01  -6.5369556e-02  -7.1902012e-02   1.7057686e-01   3.6695683e-01  -9.6198049e-02  -2.3710652e-01  -1.5913866e-01  -6.0684898e-02  -1.1706834e-01  -8.9686569e-02   3.4801271e-01  -3.9763422e-01  -2.3060501e-01   1.8375803e-01   2.5004104e-02   3.0623916e-01   2.5297643e-01  -2.6834682e-01  -2.9990526e-01   1.7616697e-01   2.2483003e-01   5.6276764e-01   5.3469152e-01   2.3646831e-01   4.6615941e-01  -2.8105655e-01   1.1400721e-01   2.4686560e-01   3.9612592e-04   1.6220378e-01   2.1918548e-01   4.5975453e-02   7.6076476e-02  -2.5617950e-02  -8.8154666e-02   3.8323788e-01  -1.2422918e-01  -7.9502919e-02   1.7537097e-01  -1.0569162e-02   3.3240526e-02  -1.8242188e-01   1.6270822e-02   2.6679316e-01   1.9647738e-02   2.7442721e-01   9.3358658e-02   3.2523230e-01  -2.3745379e-01   2.3254229e-01  -3.3368552e-01  -4.4182912e-01  -1.7108273e-01   4.4906993e-01   3.7636209e-01  -3.0503899e-01  -3.1939883e-01   2.6252573e-01   5.3447354e-02  -3.6629377e-01   3.7021913e-01  -2.2682581e-02  -1.3158391e-01  -6.9839332e-02  -6.1105243e-02  -2.6742755e-01  -8.3297228e-03  -3.3385077e-01   5.3218863e-01  -1.1395336e-02   1.6433727e-01   2.1061338e-01   2.4009869e-02   1.3556234e-01   5.3005344e-02   1.5194696e-01   1.3894536e-02  -2.2785300e-01  -1.5095305e-01  -6.3456224e-02   4.0306141e-01   4.0732065e-01  -1.5851991e-01  -1.2407707e-01   6.9371656e-02   6.3492391e-02   3.4011809e-01   5.3036425e-01   6.8219229e-03   1.1366171e-01  -1.5921423e-01  -3.3810425e-02   3.0697727e-02   1.0387130e-01  -1.5326737e-01   3.7026495e-02   3.2758775e-01   6.0103478e-02   3.1606681e-01  -9.4592381e-02  -3.8013888e-01  -1.3796768e-01   2.9395809e-01  -7.1460876e-02  -1.5257040e-01   1.7538816e-01  -5.9320038e-02   3.4181770e-02  -9.5640846e-02  -7.3584555e-02   2.4207081e-01  -2.8658120e-01  -1.7091075e-02   1.0767779e-01   1.2877811e-01  -1.7513091e-01   8.4806051e-02   1.9936232e-01   2.2875296e-04   8.6388317e-02  -9.8062019e-02  -4.3599983e-02   1.2632692e-01  -1.4807045e-01  -3.0349631e-01   1.7438981e-01  -2.6201012e-01  -4.9239017e-02   4.7470749e-02  -3.7550143e-01   4.8354772e-02   5.7207940e-02   3.5835798e-01  -3.1802612e-01   3.1739385e-01   8.3718251e-02   4.4269755e-01  -3.0045913e-02   1.1038974e-01   2.1167350e-01   9.7763433e-02  -1.5035788e-01   1.7473254e-01  -1.9694430e-01   1.7434867e-01   1.3599375e-01  -2.7119201e-02   2.4329570e-01  -1.1463783e-01  -8.1176163e-02  -1.2475573e-01  -1.0238812e-01   5.7268532e-02   1.4962955e-01   3.2102926e-01  -3.2645811e-02   1.0268109e-01  -1.8817659e-01   5.2230275e-01  -2.7927519e-01  -4.3576045e-01   7.6828716e-02   2.7923265e-01  -4.0848503e-01   1.2349134e-01
   2.3907282e-01  -1.3576783e-01   1.4865381e-01   1.3044551e-01  -1.3902239e-01   4.4052241e-01  -3.2804696e-02   0.0000000e+00   5.4492422e-01  -2.7342758e-01   7.5379367e-02  -5.5560979e-03   1.6085562e-02   3.7871248e-03  -3.9931896e-01   7.4494569e-02  -1.0102757e-01  -2.0210201e-01   3.3905637e-01  -2.2353671e-01  -1.3459369e-01   3.6063329e-01  -2.7602741e-01  -1.6303073e-01  -4.8825118e-01   8.0879059e-01  -1.2473034e-01  -9.2346679e-02   2.4909625e-01  -2.5858574e-02  -3.6019986e-01   4.5867033e-01   3.3139688e-01  -2.4129335e-01   8.1292865e-02   2.4964788e-01  -8.7785753e-02  -5.4887765e-01   9.9509422e-02  -1.5555514e-01  -1.3942654e-01   4.9105471e-01  -2.1197389e-01   4.1031303e-01  -2.6590039e-01   3.3715666e-01  -3.0746589e-01  -2.2100646e-01  -1.4940005e-01  -2.6587420e-02  -1.7378777e-01   8.7089039e-01  -2.5317137e-01   2.1307836e-01   1.9816681e-01   4.6755638e-01   4.0367162e-01   5.2454717e-01  -2.2443295e-02   3.1783103e-01   1.2491704e-01   6.1258675e-02   5.0761478e-02   2.5611678e-01  -3.8248399e-01  -4.0683399e-01   3.5071650e-01  -5.1237413e-01   1.8989342e-02   3.4185638e-01  -1.5639717e-01  -8.3294454e-03   2.1343494e-01  -4.3852557e-02   4.6651441e-02   5.2474618e-01   6.6461333e-02   4.0064964e-01   1.9087266e-01  -2.1408121e-01   1.7898543e-01   1.2705219e-01  -2.4850440e-03   7.7529099e-01   4.9863545e-02   4.7106623e-01   8.2525668e-02  -8.9298341e-02  -1.4482554e-01  -2.5429203e-01  -1.5225091e-01   1.2958728e-01   4.9961502e-02   3.6769232e-01  -1.5915383e-01  -3.3432830e-01  -1.0429731e-02   7.2395503e-01   1.8494257e-01  -3.8617659e-01  -1.0288552e-01   2.7229098e-01   4.5140272e-01   3.5505999e-01   1.3662391e-01   1.0340800e-01  -2.5842711e-02   6.8482725e-01   1.2751133e-01  -3.5214230e-02   1.4092714e-02  -2.0824263e-01  -4.3819917e-01   3.9379577e-02   9.4810860e-02  -2.1513479e-01   2.8521169e-01   2.5162833e-01   4.6526343e-02   1.3658511e-01   1.9174021e-01  -2.0063267e-01   3.4958049e-01  -2.9697242e-01   1.5424071e-01   3.4039415e-01  -3.9796613e-01  -2.3759965e-01   5.9005254e-01   5.9946400e-02   2.0804020e-01  -2.9453249e-01   1.5260309e-01  -2.6918602e-01   3.5304818e-01   7.0501317e-01  -2.2240991e-01  -3.0551024e-01   4.5641055e-01  -2.2509494e-01   3.2938158e-01  -2.0396620e-01   2.7383939e-01   1.2225556e-01  -2.4852669e-01   8.3270115e-02   7.1407140e-02  -3.3556858e-02  -1.5988932e-02  -4.2183281e-01   2.0959965e-01   5.9662266e-01   4.1200654e-01   1.1170190e-01   1.7174336e-01  -1.9084927e-01   4.8712200e-01  -3.0241317e-01   1.4822390e-01   2.0639133e-01  -4.4763858e-01   3.4422723e-01  -5.6120480e-01  -1.3683770e-01   3.5954884e-01  -1.7828059e-01   1.4065342e-01   2.0976462e-01   4.9922324e-01  -1.0037410e-01  -1.9285994e-01   3.3705866e-02  -4.9293546e-01   1.1460970e-01   4.3327698e-01  -3.6802197e-01   1.5694186e-01
  -4.3571735e-02   4.2342540e-01   1.6309224e-01   5.1354480e-02   1.0088601e-01   1.0523218e-01   1.2525518e-01   5.4492422e-01   0.0000000e+00  -8.8800782e-02  -8.1646508e-02   2.3496337e-01  -2.8878091e-01  -1.1837727e-01  -4.6548487e-01   4.8472041e-02   2.6176834e-01  -4.5908509e-01   3.5104030e-01  -9.1434167e-02  -3.7990244e-01   1.7332616e-01  -5.3832158e-01  -3.1998979e-01  -5.5436303e-01   6.1915416e-01  -2.6756021e-01  -3.4573584e-01  -2.1362617e-02  -9.3774704e-02  -3.4714679e-01   2.8701347e-01   2.6508763e-01  -6.4727003e-02   5.0893340e-01   4.7312844e-01   2.1078265e-02  -5.4605801e-01   1.7734138e-01  -8.8082658e-02  -2.8033250e-01   2.9984206e-01   1.7494573e-02   8.2667259e-02  -3.9550195e-01   1.0705885e-01  -2.1736125e-01  -5.2073684e-03  -3.5992638e-01   1.9453467e-01  -3.5781524e-01   6.1020838e-01   5.8320387e-02  -1.2494320e-01   8.2245084e-02   1.4216897e-01   3.3677769e-01   4.5551992e-01  -1.9968221e-01   5.2683310e-01   7.5018397e-02   9.0209008e-03   2.8824762e-01   3.3947852e-01  -2.1522913e-01  -1.5605666e-01   6.4639689e-02  -4.3454826e-01  -3.8669891e-01   1.9608916e-01   3.3847204e-01  -4.8344140e-01   4.4034270e-01  -3.1424703e-01  -4.2813462e-03   3.5774040e-01  -6.6882730e-02   1.2616848e-01   4.6670829e-01  -3.4707362e-01  -7.0253963e-02   1.9775877e-01   1.4802154e-01   5.4898491e-01   1.2996273e-01   5.3939373e-01   5.7502934e-01  -4.6389075e-01   9.9363445e-02  -3.9492988e-01   2.2589728e-01   4.9845548e-02   5.2143482e-02   6.4017732e-01  -3.5404635e-01   6.5676712e-02  -3.2523550e-01   6.4385108e-01  -5.6633295e-02  -4.0519210e-01   7.1411099e-02   1.0185323e-01  -1.7041074e-01   7.5750460e-01  -1.3991494e-01   2.2784363e-02  -2.5714977e-01   4.2471585e-01  -1.6464445e-01   4.1071970e-02   1.3650957e-01  -4.0696030e-01  -5.1381942e-01  -3.8436416e-01  -1.2467980e-01   2.3891745e-01   1.1464996e-01   1.3765857e-01  -2.6103483e-01  -1.0331934e-01   2.0405737e-01   7.6301708e-02   5.1159154e-01   8.4344475e-02  -1.5302505e-01   1.5380674e-01  -3.1884188e-01  -2.5322835e-01   3.5555695e-01   2.1542147e-01   1.6205264e-01  -1.1899216e-01   1.4949517e-01  -1.7232948e-01   5.0924459e-01   3.6500431e-01  -3.6314663e-01  -3.3332142e-01   2.5139284e-01  -2.5630096e-01   6.5040436e-02  -4.3849880e-01   2.9649134e-03  -1.8274865e-01  -2.5963735e-01   6.4800215e-03   2.0357565e-01   4.8332842e-01  -2.6466115e-02  -3.0556836e-01  -1.4792972e-02   1.4983107e-01   1.4775968e-01   2.1625708e-01   5.0147009e-01  -2.5062871e-01   3.7062760e-01  -3.8190174e-01   2.0824998e-01  -2.2757181e-01  -4.0818817e-01   2.1894300e-01  -1.0817228e-01  -5.4128857e-01   2.9002236e-01   2.3384431e-01   1.2220183e-01  -8.9961197e-02   3.2688810e-01   1.6338605e-01   2.3711701e-01  -9.2934814e-02  -6.5300608e-01  -1.6934939e-01   3.4386796e-01  -5.1326317e-01   3.2207589e-01
  -1.7051077e-03  -2.8647908e-01   2.6932563e-02   9.2599998e-02  -2.3254286e-01   5.7239690e-02   5.8696203e-01  -2.7342758e-01  -8.8800782e-02   0.0000000e+00  -4.4609614e-02   5.3322374e-02   4.0535680e-02   4.6091464e-02   4.0595839e-01   1.7411862e-01   1.1863788e-02  -5.0532069e-03  -2.9072203e-01  -1.2639145e-02   3.6685512e-02  -7.6632431e-02   4.2514618e-01   4.8469860e-02   1.0449340e-01   3.9204465e-02   3.5671531e-02   3.4934504e-01   6.5775191e-02  -2.0520906e-01   3.0855335e-02   3.8377627e-02  -1.0726483e-01   7.2949467e-01   2.8185846e-01  -1.1001770e-01   5.4109237e-01  -7.9085454e-03   3.2661134e-02   4.0793457e-01  -8.4074951e-02  -1.8425886e-01   1.9392477e-01  -4.3602291e-02   1.2201964e-01  -6.3763668e-02   3.7094931e-02   3.4711298e-01  -4.8004438e-02  -1.6572375e-01   2.6292186e-01  -2.7592932e-01   7.6846401e-02  -2.1418097e-01   1.6684686e-01   1.0556867e-01  -1.5760031e-01   1.0032405e-01   1.5430988e-01  -6.3601221e-02  -1.2687369e-01  -8.2501688e-02  -4.2569347e-01  -3.6600886e-01   4.5891373e-02   7.9213429e-01   1.5416472e-01   3.6778397e-02  -1.3339061e-01   1.0944026e-01  -5.3557467e-02  -2.7175233e-01  -1.7595063e-02   2.9015383e-02   3.8130355e-02   3.0992801e-03   7.1821103e-02  -1.9247655e-01  -4.2891884e-01  -2.6598789e-01   5.3113419e-01  -3.2357087e-02  -4.4648132e-04  -9.6987590e-03  -2.2799838e-01   4.1252557e-02  -2.2616806e-02   3.0952487e-01  -1.1714596e-01  -5.1240161e-03  -3.0056552e-01  -2.6061674e-02   3.2512236e-01   9.0827160e-02   1.5820130e-01  -1.0695656e-01  -4.4810913e-02  -3.6233606e-02   1.4703145e-01   6.9860745e-01   3.1075841e-01  -5.0832238e-02  -1.8087944e-01  -2.7317947e-01  -3.5110825e-02   6.0023511e-02  -2.0032681e-01  -1.0978128e-01   3.0334731e-01   5.7751105e-02   1.9569749e-01  -5.0335819e-02  -1.7254078e-01  -3.7405402e-02   3.6897317e-01  -2.2757167e-01  -1.5881632e-01  -1.4103394e-01   4.2044573e-03  -2.4273455e-02  -6.8131448e-02  -9.3266433e-02  -1.3672871e-01  -2.5009784e-01  -9.4732226e-02  -4.4017204e-02  -2.1860913e-02  -8.3196432e-02  -8.4094738e-02  -6.5327301e-02  -1.8777460e-01   2.1817601e-01  -1.9465773e-01   2.8137711e-01  -1.0154797e-01  -2.2899241e-01  -1.8385821e-01   3.7600186e-01  -9.6890042e-02   2.1955471e-01   4.3645566e-02  -1.7446868e-01   4.0149616e-03  -1.7915430e-01   3.1580521e-01  -2.8777694e-01   2.2042812e-01   6.3754623e-02   4.1615097e-01   3.2340821e-01   1.5373924e-01   6.9404261e-02  -1.2578663e-01  -2.6465068e-01  -1.8928988e-01   1.5356566e-02   3.2952925e-02   3.7562038e-02  -5.0260205e-02   2.5124613e-01   1.2390303e-01  -1.1245619e-01   3.8737199e-01  -3.2934953e-02   9.4420366e-02  -1.2310276e-01  -4.4541324e-02  -2.0374838e-02  -7.6054362e-02  -2.4014935e-01   2.2122559e-01  -1.6009382e-01  -6.5496680e-02  -1.0566587e-01  -8.4165546e-02  -1.7326309e-01   1.2141967e-01
  -3.6217868e-01  -1.2983220e-01  -1.0083775e-01  -8.9050173e-02   3.6563298e-02   1.6633309e-01  -9.6919622e-02   7.5379367e-02  -8.1646508e-02  -4.4609614e-02   0.0000000e+00  -2.8589935e-01   7.0028152e-02  -9.5700762e-03   2.1773317e-01   2.4259897e-01  -2.3316867e-02   5.0642630e-01  -8.5536164e-02  -1.4425411e-02   1.1237796e-01  -2.6288524e-01  -4.1678061e-02  -3.1301558e-01  -1.8224392e-01   7.1849058e-02   2.7821157e-01  -1.6061566e-02   1.3735812e-01  -2.3032714e-02   1.8153780e-01  -1.6279167e-01   7.3712195e-02   4.9221680e-02  -1.4427163e-01   8.9633600e-02   1.2822788e-01   8.9191424e-02   1.9079955e-01   1.1600198e-01   6.7277207e-02   2.9742995e-02  -4.0006473e-01   3.6225944e-01  -1.4648392e-02  -2.9072128e-01   5.5075721e-01   1.0511588e-01  -2.8487519e-02   7.5787721e-03   3.6692436e-01  -5.9097036e-02   2.7427679e-02   2.6176790e-02  -2.3579270e-02   4.1797386e-01   7.0006993e-02  -2.2991095e-01  -7.2102798e-03  -2.4598426e-01  -2.5251752e-01  -5.1136262e-02   6.4644592e-02   2.6102777e-01   7.6026517e-02  -3.1932741e-02   1.1784606e-01  -9.5243547e-03   4.3587746e-01  -1.3327479e-02  -1.1171362e-01   2.9761730e-01   4.2345363e-02  -1.6023667e-01  -1.6879077e-01  -2.5081881e-01  -3.1349780e-01   2.1036837e-01  -1.7397405e-02  -1.0798180e-01   1.1032714e-01   6.5321410e-02   1.4607089e-01  -3.5535076e-02  -3.5610698e-01  -2.6678713e-01   1.9025472e-02  -1.3692400e-01  -5.5208332e-03  -1.1528887e-01  -4.3054707e-02  -2.7566884e-01   7.2807037e-02  -1.5960274e-01  -2.6555818e-01  -5.6036106e-02  -8.1287037e-02   6.4243482e-03   3.9614578e-01  -6.5134686e-02  -4.2760576e-02   2.0062600e-01  -8.5488491e-02  -1.2688252e-01  -6.5629864e-02  -2.6257415e-01  -3.0813543e-02   1.5229851e-01  -3.3749714e-02   2.0938351e-01   7.5392828e-03  -1.2993814e-01  -1.1596120e-01  -2.7719655e-01   4.9094999e-02  -5.1869303e-02   1.4466659e-01   4.5037250e-02   1.9244249e-01   2.5031770e-01  -2.3286330e-01  -1.5442775e-01  -7.7864439e-02   2.1008678e-01  -2.3364115e-01  -4.5587837e-01   1.8153203e-01  -1.1976166e-01  -1.5248251e-01   1.1428714e-01   3.7310836e-02   1.5247859e-01  -3.6384349e-01   2.4205797e-01  -2.2171691e-01   1.3572289e-01  -9.7023893e-02   2.8380627e-02  -3.5428069e-02  -1.6228362e-01  -2.8616203e-01   1.1011734e-01   4.7151005e-01   3.0384311e-01   5.3310622e-02   2.5922853e-01  -7.0978034e-02   2.1185127e-01   1.4359702e-01  -5.5662935e-02  -1.4475826e-01   4.9752781e-02  -2.4701687e-01   4.2819260e-01   1.2862833e-01   1.1559397e-01  -4.0340499e-01  -1.3526338e-01  -2.0522853e-01   1.8684980e-01   1.4327393e-02   5.5618649e-01   8.5357374e-02   1.1173719e-01  -2.2763163e-01  -7.8890407e-02   2.3323411e-01  -1.1201767e-01  -2.4013041e-01   1.3707892e-01  -1.7916456e-01  -5.4720016e-02   3.2589434e-01   2.3486910e-01  -6.6850351e-02   3.2076815e-02  -1.5204146e-01
  -3.0741109e-02   2.8988974e-01   6.4525610e-01   5.7909838e-02   3.7316329e-01   2.0652467e-02   4.4362506e-01  -5.5560979e-03   2.3496337e-01   5.3322374e-02  -2.8589935e-01   0.0000000e+00   4.8604810e-02  -2.6962699e-01  -1.8429596e-01   1.0117434e-01   4.6731572e-01  -4.8399183e-01   1.8187221e-01   3.4704920e-01  -5.9257571e-01   9.2618963e-02  -2.2006409e-01  -3.6588139e-01  -1.4632897e-01   1.1019482e-01   2.7322937e-01  -3.7791748e-01   1.2389749e-01  -3.3293848e-01  -2.8814728e-01   1.6152151e-01   1.4572501e-01   1.4295954e-01   5.1113484e-01   3.4428512e-01  -6.2342734e-02  -3.2859050e-01  -1.4225221e-01   4.1035550e-01   6.8079931e-02   1.4022773e-01   5.4672618e-01  -2.8202356e-01   2.7731454e-02   4.8105470e-02  -1.6068477e-01  -2.6936950e-01  -3.1545081e-01   4.9334974e-01  -1.3186642e-01   1.5180363e-01   2.6213177e-01   2.4170459e-01  -2.2458858e-01  -4.1120515e-02  -4.2530029e-02   3.5231667e-01   2.5859103e-03   1.9434597e-01  -3.7561571e-02   2.3798035e-01   1.5050235e-01  -3.6343205e-01  -2.3151526e-01  -2.0162832e-01   2.0571084e-01  -5.2919524e-02  -2.5160318e-01   6.6562473e-02   4.1740057e-01  -3.1630372e-01   2.3455537e-01  -1.1816790e-01   3.7296460e-02   2.5793674e-01  -2.7826228e-01  -9.1765730e-02   3.4388972e-01   2.2766164e-01  -1.1591191e-01  -2.9764786e-02   3.0470798e-01   9.1096967e-02   5.8695971e-01   3.0316390e-01   1.6083290e-01  -1.3478761e-01   5.2650421e-02  -3.4882943e-01   3.2023488e-01   4.3223033e-01   3.0149339e-01   8.9800075e-02  -3.6361470e-01   2.2891029e-01   1.3988318e-01   1.6489788e-01  -2.4907744e-01  -8.9479633e-02  -7.7824828e-02  -2.0005593e-01  -1.8066435e-01   1.8215963e-01  -2.0275698e-01   2.1381239e-01   3.0150906e-01   1.8857690e-01  -7.4827899e-02  -3.0103941e-01   6.0060913e-01  -2.5327164e-01   1.7180921e-02  -2.7445382e-01  -1.6827887e-01   2.8113010e-01  -3.0234712e-01   3.5316080e-01  -4.6655452e-01  -8.4668358e-02  -3.3390841e-01   4.2960591e-01   2.0264638e-01   1.0406952e-02  -2.0341039e-01   2.1530952e-01   1.8597815e-01   3.0545796e-01   1.2655133e-01   2.7366403e-01   2.5013422e-01   1.6008766e-01   1.0621803e-01  -3.8635933e-01   1.4677970e-01   1.6983330e-01   1.9435644e-01  -4.2726995e-01   1.0489650e-01  -1.5180392e-01  -2.0520927e-01  -2.2068860e-01  -2.6740559e-01  -5.3159004e-02  -5.6482116e-03  -3.3081921e-01   6.1609569e-01  -7.2737518e-02  -1.7754813e-01  -2.0908227e-01  -7.7380831e-02  -2.1274650e-01   1.2556263e-01   1.5536435e-01   6.5780321e-01  -3.8735489e-01   2.2698935e-02   2.5697806e-01   2.7046633e-01  -2.8121683e-01   1.2552537e-01  -2.4189646e-01  -7.8895361e-02  -4.0572426e-01   3.1759925e-01   5.0895787e-01   3.8400332e-01  -3.7135540e-01  -6.5821772e-02   3.6309007e-01   5.0040503e-01  -4.0461218e-01  -3.6038098e-01  -1.9596820e-01   3.9218929e-02   6.2218706e-02   1.0648968e-01
   5.1741434e-02  -3.4125685e-01   1.8492162e-01  -4.1166864e-01   1.7578599e-01   1.3217093e-01  -6.5369556e-02   1.6085562e-02  -2.8878091e-01   4.0535680e-02   7.0028152e-02   4.8604810e-02   0.0000000e+00   4.9291738e-02  -4.0371908e-02  -1.6002675e-01  -9.3919128e-02  -2.7973804e-03  -2.3143573e-02   3.7235041e-01  -4.6623003e-02  -8.9986175e-02   8.9438047e-02   2.0379919e-01   2.5427063e-01   6.3552844e-02   2.5614689e-01   9.6772540e-02   6.1655272e-02  -1.0624932e-01  -1.2543572e-01  -1.4779057e-01  -2.8586706e-01  -3.9501538e-02  -1.9128473e-01  -2.1845306e-01   6.6011268e-02  -8.2257499e-02  -3.6129693e-01   1.5333344e-01   6.8851551e-01  -1.9961976e-01   2.1725150e-01  -2.6589324e-01   2.4627515e-01   8.9748514e-02  -9.6022146e-02  -2.0266175e-01   3.6956735e-01   5.6260096e-02  -1.2383428e-02   1.0120867e-01  -1.5108956e-01   4.3005728e-01   9.7692896e-02  -1.4528154e-01   5.1553004e-02  -9.7698492e-02  -7.7280993e-02  -4.4396154e-01  -1.0347650e-01   2.5888165e-01  -1.6083410e-01  -1.3696455e-01   3.7683717e-02  -7.9130929e-02   9.5207943e-02   2.3517209e-01   1.8034108e-01  -3.6863438e-02  -1.4099287e-01   2.7537715e-01  -1.9232736e-01  -5.8947269e-02   2.3170310e-01   1.0417871e-01   1.6853420e-02   4.3619879e-02  -3.1812055e-01   3.3602924e-01   1.6911372e-01   4.9994296e-02  -1.6961597e-01   7.9095202e-02   1.1638368e-02  -1.3187069e-03  -2.3283903e-01   3.2581533e-01   1.5577932e-01   2.0279152e-02   1.9114042e-02   1.5843650e-01  -3.2687519e-03  -4.2391722e-01   9.7428449e-02   3.9167316e-02   3.7758298e-01   1.0980268e-01   9.8515413e-02   1.1636285e-01   8.2823954e-03   9.2148278e-02   2.1729753e-01  -4.5777544e-01  -1.6693247e-01  -1.2247108e-01   1.5257522e-01   8.4395090e-02   2.1384379e-01  -3.0062808e-01   1.9463790e-01  -1.6878609e-02   1.5756556e-01   2.5321487e-02   2.1794412e-01  -2.1434801e-01  -4.4608975e-03   3.4437928e-01  -2.3137033e-01  -1.0821957e-01  -2.0400974e-01   9.9550278e-02  -5.2582115e-02  -3.2056512e-01   6.1350206e-02  -8.5781336e-02  -1.5128441e-01   1.3322265e-01  -9.5701413e-02  -3.6488216e-01   7.4761333e-02  -3.3543921e-02  -1.3222294e-01  -2.7542005e-01  -3.3511268e-01   1.5252183e-01   4.9065388e-01  -1.0811900e-01   3.0886146e-01  -1.5910592e-01   1.8805001e-02   6.0388927e-01  -4.1158889e-02  -6.2798411e-03  -3.6280602e-01  -3.4771269e-01   1.5192635e-01  -4.7105688e-01  -2.6179873e-01   1.3670024e-02   5.3778810e-02   9.9005736e-02  -4.6663743e-02  -1.8492459e-01  -1.8811905e-01  -1.2181578e-01  -5.3449287e-02   3.0576519e-01  -3.2793638e-02   1.6429518e-01   2.8325305e-01  -1.6993240e-01  -9.1841703e-02  -4.7490162e-02   8.9643720e-02  -2.1586371e-01  -2.0738504e-01  -1.3936607e-01  -1.0751932e-01  -3.2989878e-02  -2.2058709e-01  -2.3188116e-02   2.4659468e-01   4.7144248e-02   2.0819548e-03   1.4973161e-01  -2.1005113e-01
  -2.9659991e-03  -1.1800595e-01  -6.1773551e-01   1.7433976e-01  -4.4336923e-01   8.0473330e-02  -7.1902012e-02   3.7871248e-03  -1.1837727e-01   4.6091464e-02  -9.5700762e-03  -2.6962699e-01   4.9291738e-02   0.0000000e+00   2.9218685e-01   8.2473236e-02  -6.0288530e-01   3.2900413e-01  -1.5991099e-01  -3.5392620e-01   6.3995652e-01   2.2742738e-01   4.6281022e-01   3.1904986e-01   2.1166395e-01  -5.1574342e-02  -1.4845069e-01   3.0435199e-01  -2.5635145e-01   4.7812980e-01   5.5102084e-01  -1.1070840e-02  -1.4487755e-01   7.0871825e-02   6.2410730e-02  -5.7312966e-01   1.9634529e-02  -1.2534156e-01  -1.9123498e-02  -1.0251821e-01  -1.0350008e-02  -1.7474678e-01   1.3256420e-01   2.6143223e-01   5.3498451e-02  -1.0306947e-01  -2.5048078e-01   4.7873532e-01   2.0657635e-01  -4.2291492e-01   1.7630277e-01  -9.7177821e-03  -2.6069088e-02  -3.1625788e-01   4.3367060e-01  -5.5640093e-02   4.8055477e-02  -2.4254631e-04   2.9344224e-01   1.5001347e-01  -2.5640656e-01  -3.3378804e-01  -9.1624252e-02   2.9007335e-01   3.2419227e-01   1.3591460e-01   1.6718216e-01   8.7586614e-02   2.2177395e-01  -3.0260622e-02  -3.2792377e-01   2.4837466e-01  -4.4082247e-01   4.6588285e-01  -3.1254429e-01  -9.9453167e-03  -5.1931893e-02  -1.3071989e-01  -4.6103904e-01   1.7057424e-01   2.4946170e-01  -3.2917043e-01  -1.3692822e-01  -1.5799201e-01   2.7946333e-02  -7.2904336e-03   7.1997329e-02   5.8532457e-01   3.7403972e-02   2.2496995e-01  -3.4916565e-01  -4.0880458e-01  -2.7988459e-03   8.7038747e-02  -3.6038408e-02  -3.6210975e-01   1.2679618e-02  -1.6124692e-01  -9.0150953e-02   1.5051824e-01   3.4960505e-01   1.6297983e-01   3.6613002e-01   1.0056383e-01   1.8712359e-01   7.4819123e-02  -2.0961148e-01   5.5850709e-02   3.1758018e-02   2.8674124e-02  -2.4738729e-01   4.6148695e-01  -2.2578395e-02   1.3633287e-01   2.2990496e-01  -2.8539279e-01  -2.0726752e-01  -3.5668673e-01   3.5731224e-01   1.0515245e-01   8.1524993e-02  -3.3567855e-01  -2.3398659e-01   1.3453533e-02  -1.4793297e-01   2.5053940e-01  -1.8321465e-02  -2.2298407e-01   6.7012045e-02  -1.5675382e-01  -2.6890656e-01   1.5029015e-01   4.9178624e-01   6.0372554e-01  -1.1203415e-01  -3.9160606e-02   4.3465810e-03   5.3614135e-01   7.1751249e-02  -7.8127368e-02  -2.6311729e-02   1.0393243e-01  -9.3267493e-03  -4.1094206e-02   3.1555757e-01   4.9509008e-01  -3.1506725e-01  -2.7475257e-01   9.2712811e-02   5.4362403e-01   1.9482380e-01   2.7601291e-01  -4.6995158e-02  -2.8064060e-01  -5.3473122e-01  -3.8667575e-02   3.1257731e-02   4.7567431e-02  -2.9833501e-01   5.3607228e-01   1.0850050e-01   2.1327960e-01   5.8960969e-02   3.3866178e-01   7.6412471e-02  -3.0589221e-01  -4.7507192e-01   1.8868279e-01   2.8620354e-02  -2.3196934e-01  -3.6341935e-01  -7.9248510e-02   2.9660466e-01   2.0556427e-01  -1.4569218e-01  -1.7173356e-01   7.4950323e-03
