   0.0000000e+00  -1.5295913e-01  -3.3384271e-01   2.9708758e-02  -1.4493823e-01   9.8266846e-02  -1.4192180e-02   1.4816671e-01   1.3656276e-01   6.3110890e-02  -1.7262527e-01   4.3402169e-02  -1.5659286e-01   4.1325692e-01  -2.5976001e-02  -1.7001305e-01  -2.3423542e-01  -9.2918283e-02   3.6494502e-01  -1.3679444e-01  -5.0772795e-02   1.6114849e-01  -5.8258952e-02   8.1379914e-01   1.1117807e-01   3.0703972e-01  -2.0763125e-01   5.0414059e-01   7.6155944e-02   2.1123609e-01  -9.5509238e-02   8.5343098e-02  -2.7378783e-01  -2.4964759e-01  -1.8581799e-01  -2.7025253e-01  -1.7221586e-01  -1.6399383e-01  -2.0156273e-01  -2.9527751e-01  -1.7451968e-01   9.4178706e-03   1.6704333e-01   7.3981961e-02  -1.5862772e-01   6.6574037e-01  -7.2483926e-02  -1.4992314e-01  -2.2306022e-01  -3.0106075e-01  -6.7108761e-02   1.0947417e-01  -3.5890083e-01   6.7598171e-02   3.0793448e-01   1.1627521e-01   1.6207359e-01   1.2824346e-01  -7.3251265e-02   2.5935916e-01  -2.5803212e-01  -5.1673738e-03  -2.8161928e-01   3.4325918e-02  -2.4539370e-01   1.1020943e-01   1.2517782e-03  -2.1724159e-01   1.5795863e-01   5.0952204e-01  -1.8858528e-01   1.3823311e-03  -3.8823065e-01   3.5444574e-01   5.6125567e-02  -5.8186881e-02  -2.6463999e-01  -6.8735329e-02  -5.9527670e-02   4.8442798e-02   3.1714637e-01  -3.1763771e-01  -1.7579306e-01   2.5059852e-01   7.3217929e-02  -5.5989996e-02  -3.8334306e-02   4.8924183e-01  -1.1461697e-01   7.0759096e-01  -8.1291508e-02   1.7625867e-01   1.2259685e-01   2.9857536e-01  -2.2209053e-01  -6.6280529e-02   7.8486949e-02   3.4255710e-01  -2.0490417e-01   3.0926039e-02  -1.9217058e-03  -1.1861173e-01   7.8613543e-02   1.1248681e-01   2.1581979e-01   6.2117467e-02  -3.1765354e-01   1.8683690e-01   4.1026446e-02  -3.1150308e-02  -1.0753591e-01   3.6145272e-01  -2.0706719e-01   8.2339836e-01   9.6703138e-02  -9.3497621e-02   1.2993336e-01  -6.9860546e-02   2.5192858e-02   1.4684663e-01   7.2713059e-01   3.1930209e-02  -1.2684025e-02  -2.4510390e-01   5.9563418e-01   4.1944101e-01   5.9932307e-02  -1.5816281e-01   7.7071454e-02   1.9489906e-01  -1.8206513e-01  -2.0052602e-01   5.3838140e-01  -1.7908920e-01   9.8791336e-02   6.1165466e-02   2.3652179e-02   5.6104432e-02  -6.4121150e-02   2.7298424e-01   4.8725317e-01   1.6921760e-01   3.6137600e-02   3.4176703e-02  -1.5959838e-01  -2.1120536e-01  -9.2337515e-02   2.3321867e-02  -2.0002108e-02  -1.2053493e-01   5.0894922e-01   4.1033080e-02   5.4863050e-01  -1.4498751e-01  -3.5217687e-01   7.1407146e-01   5.8194793e-01   8.6240994e-04  -1.1334751e-01   1.3610702e-01  -6.8267903e-02  -1.6013838e-01  -1.4915519e-01  -1.7525965e-01   2.6443158e-01  -5.6197089e-02  -2.0676385e-01   4.9726780e-01   3.8442363e-01  -4.2988808e-03  -3.2390870e-02   3.8358641e-01  -3.7792275e-01   6.7965256e-02   1.0457973e-01  -2.0201475e-01   2.7589186e-01
  -1.5295913e-01   0.0000000e+00   2.2869898e-01  -2.3945749e-01   8.0400929e-01  -3.6109871e-01  -3.3062390e-01   6.9022667e-02   6.2030479e-01   6.3906446e-02  -1.9403781e-01   1.7972663e-01   3.3264167e-02  -1.4476660e-01  -3.4085382e-01  -1.0329126e-01   2.2103334e-01  -4.2644134e-01   1.4519394e-02   7.1126702e-01  -1.8571710e-01  -3.4448628e-01  -3.1911485e-01  -2.1393222e-01  -8.8251043e-02  -5.4131035e-03   4.8938350e-01  -3.7527802e-01  -5.8601322e-02  -1.7980877e-01   5.8569345e-02  -3.4424138e-01  -1.2182433e-01   3.1245876e-01   3.5542414e-01   4.2192670e-01   6.5975129e-02  -1.5801786e-01   9.9720279e-02   6.2670022e-01   2.9738309e-02  -3.3397580e-01   3.1757358e-02  -3.1452258e-01   1.1388655e-01  -2.9775982e-01  -1.2490124e-01   5.5166896e-01   1.8838671e-01   4.2608876e-01  -5.3647084e-01  -2.6986006e-02   5.8435115e-01  -3.8353159e-01   1.0098747e-02  -3.1542521e-01  -3.3698262e-01  -2.4638354e-01  -2.0188850e-01  -2.7100568e-01  -3.7938815e-01  -2.7583403e-01   6.1526969e-01  -3.5228472e-02   3.0197761e-01  -2.4360595e-01  -9.7201207e-03   2.2958800e-01  -8.6949216e-03  -1.3238725e-01   8.8711105e-01  -6.5394000e-01   1.4080915e-02   2.4343646e-01  -1.5733344e-01  -1.7533369e-01  -2.5340973e-01   1.1317665e-02   6.2527401e-01  -1.2015186e-01  -3.7338446e-01   5.8789701e-02   5.2846701e-01  -2.9067187e-01   3.2768759e-01  -1.9767220e-01   5.1967241e-01  -1.6140092e-01   3.5304487e-01  -4.8946122e-02   7.2178300e-01  -3.2730549e-01  -4.3178268e-01  -1.8828624e-01  -1.2769761e-01   8.0736744e-01  -3.4275701e-01   1.8236141e-02   1.5572335e-01  -5.3898379e-02   4.2859960e-01  -4.2567132e-01  -2.6145044e-01   5.2084247e-01  -5.2882081e-01  -2.9656093e-01  -2.5666009e-01  -8.9993736e-02  -1.1821483e-01  -1.9369829e-01   3.3072462e-03  -3.8463809e-01  -2.3529451e-01  -2.1435815e-01  -2.5363511e-02   7.3903025e-01  -4.9110430e-01   2.3075794e-02  -1.1716031e-02  -3.9971533e-01  -4.3441542e-01   7.1704691e-01   2.1962423e-01   2.3866854e-01  -2.3769111e-01  -6.5869807e-02  -2.2488378e-01  -1.1128819e-01  -1.5460915e-01   1.3958086e-01   2.0529824e-01   4.8502152e-01   3.9570454e-01   1.7362915e-02  -2.7610967e-01  -6.2412795e-02  -3.7511693e-01   1.9833462e-01  -7.3912481e-02  -2.5531923e-01  -3.3203951e-01   2.7745725e-01  -5.2811995e-01  -3.7565320e-01  -2.6430996e-01  -1.1005452e-01   6.1052638e-01   1.4116228e-01  -3.8194515e-01   5.2947813e-01  -2.5407318e-01  -3.8234765e-01  -3.8684727e-01  -1.4504658e-01   6.8931961e-01  -2.6496770e-01  -5.5443133e-01  -2.4571044e-01  -1.6022736e-01  -3.0769746e-01  -5.0603548e-02  -5.2655612e-01   6.5056169e-01  -2.6715834e-01  -1.7803894e-01   5.3220008e-01   1.9218820e-01  -1.7262592e-01  -3.8112832e-01   2.7713541e-01   4.6809839e-01  -5.2148750e-01   6.7417760e-02  -1.2787306e-01  -2.1869349e-01  -2.8475551e-01  -6.9259373e-02
  -3.3384271e-01   2.2869898e-01   0.0000000e+00  -2.0923578e-01   1.5138964e-01   2.1626639e-01  -2.6559780e-01  -1.3141843e-01   3.5030304e-02  -5.3398479e-02  -1.4349294e-01   2.6071512e-01  -3.4058529e-02  -9.1499648e-02  -1.1443601e-01   7.8353662e-02   8.7387001e-01  -1.8775627e-01  -1.5678723e-01   1.9451109e-01  -2.1994981e-01  -2.1983111e-01  -3.8871880e-01  -4.4996023e-01  -1.0708031e-01  -2.2772717e-01   3.1206712e-01  -3.8250530e-01  -9.0245588e-02  -1.7103293e-02   1.1123627e-02  -2.3641700e-01   1.8121779e-01   6.9187086e-02  -1.6631865e-01   1.0891948e-01  -1.4039380e-01   1.1207597e-01   1.6578174e-01   4.0070702e-01  -6.8676709e-02   5.1400438e-02   3.9581953e-01  -3.0442409e-01  -8.6967871e-02  -3.4606291e-01   6.8502779e-02  -2.0247669e-01  -1.5706421e-01   7.5095879e-01  -1.8502575e-01  -2.0934330e-01   2.2774817e-01   1.6294343e-01  -2.0608217e-02  -4.0555776e-01   1.5921324e-01  -1.2886632e-01  -2.2131504e-01  -7.0335269e-02   4.3938017e-01  -6.8635698e-02   4.4435237e-01  -1.0025370e-01  -7.2814157e-02  -2.6629186e-01   2.9142402e-01   1.4585101e-01  -9.1208108e-02   1.5212011e-01   1.1104560e-01  -1.4248377e-01  -2.8868507e-02   1.8042099e-01  -3.2887026e-01  -3.1708544e-01   1.0987429e-01  -2.0807875e-01  -4.9964599e-02  -1.4077758e-01  -3.7750842e-01   3.7288014e-02   2.3630308e-01  -2.8022298e-01   3.8979707e-01  -3.2994775e-01  -5.8949191e-02  -3.7978024e-01  -1.8902201e-01  -4.3558622e-01   7.0194942e-02   3.0813316e-01  -2.2099215e-02  -4.1476309e-02   1.6231951e-01   1.6218283e-01  -7.6490035e-02  -1.9162045e-01   2.4928808e-01  -2.2018289e-01   3.6165110e-01  -2.3995093e-01  -2.4519830e-01  -2.8673316e-02  -2.3737543e-01  -2.2566899e-01   3.6715241e-01  -6.6299060e-02  -2.6597685e-01   2.2555080e-01  -1.2867361e-01  -4.6509023e-02  -1.3198987e-01  -3.0775445e-01   1.0085753e-01   3.7664398e-02  -3.0731884e-01  -1.6605929e-01   2.9124700e-01  -1.8007938e-01  -4.3301051e-01   3.5982715e-03   1.3690507e-01   8.6659528e-02  -3.2713005e-01  -2.5003116e-02  -1.0889292e-01   3.6082518e-01  -2.2076343e-01   4.6345522e-01   1.1780872e-01  -1.7366183e-02   2.2229367e-01  -2.4195162e-02   3.6560071e-01  -2.2612912e-01  -9.6785579e-02  -3.0901488e-01  -1.9992629e-01   1.3952135e-01  -8.6096225e-02  -7.3267347e-02  -2.8295341e-01   3.6390098e-01  -1.2974884e-01  -2.3201569e-01   1.0251843e-01  -4.1690594e-02  -1.6473380e-01  -2.2187259e-01  -4.4770942e-02  -2.6632512e-01  -5.4087342e-02   1.4904836e-01   5.9555110e-01  -3.1345163e-01  -3.5613923e-01  -2.0415301e-01   5.1049937e-01  -2.7488007e-01   6.8132313e-02  -2.3650667e-01   1.1771520e-01  -8.8808801e-02   9.9045986e-02   2.1469484e-02   4.6537921e-03  -3.3361235e-01  -2.2359442e-01   2.5908801e-01   9.6655247e-03  -1.2209206e-01   8.5759802e-02   4.1538165e-01  -2.2181112e-01   7.1618258e-02  -9.8381496e-02
   2.9708758e-02  -2.3945749e-01  -2.0923578e-01   0.0000000e+00  -3.6636807e-02   4.5255949e-02   8.6980960e-02   5.0703732e-01  -1.2034283e-01  -3.0289045e-01  -2.0777050e-02   1.2136340e-02   1.1220282e-01  -1.4623596e-01   2.7285929e-01   1.5370581e-01  -9.9286389e-02   5.7031181e-01  -2.8830288e-02  -2.1049294e-01   3.0014107e-01   5.1140187e-01   2.9503727e-01  -1.8955924e-03   3.1289779e-03   6.4569360e-02  -4.6689671e-01  -4.3160415e-02  -5.9337561e-02   3.4012268e-01   2.2670482e-01   5.4861671e-01   4.8634085e-02   5.3662580e-02  -1.7461191e-01  -5.9408669e-02  -1.8414591e-02  -8.8966371e-02  -1.2081126e-02  -3.8140783e-01   2.9260454e-01  -1.4245877e-01  -5.3531965e-02   1.0696416e-01   4.9589874e-02   1.9926436e-01   4.8208635e-02  -8.7056813e-02   1.4096173e-02  -4.1357855e-01   4.1547842e-01   1.6591726e-01  -3.5689562e-02  -2.5679646e-01  -3.1733039e-01   2.1413626e-01   1.1946075e-01   4.4974289e-01   6.7580384e-01   1.2202566e-01   2.7680319e-02  -2.0897595e-01   7.3049280e-03   2.2421683e-01  -1.0604849e-02  -1.7828216e-02   9.7194847e-02  -1.3813149e-02   1.7794407e-01  -2.4241291e-01  -3.5041255e-01   3.5287271e-01   4.0935360e-01  -1.9598539e-01   2.0015042e-03   5.0112701e-01   7.5752911e-02   1.5399728e-01   7.7549251e-03   3.3731186e-01   1.6185359e-01   2.5567701e-01  -4.0570294e-01   3.8432805e-02  -2.1229191e-01   4.0536406e-01  -3.9426626e-01  -1.4529891e-01   1.8702823e-01   5.8490405e-03  -2.3026360e-01   3.8594980e-02  -3.2270648e-02   1.4959218e-01  -1.3956984e-01  -1.6401630e-01   2.2055639e-01   1.2666181e-01  -4.0899217e-02   1.3879149e-03  -5.2734366e-01   2.1338534e-01   5.6357629e-01  -2.7024797e-01   4.1565517e-01   6.7408843e-01  -5.9545489e-02   2.9337109e-01  -7.7516810e-02   1.0316281e-01  -1.3424690e-01   3.1133115e-01   4.5354467e-01   1.2154305e-01  -4.5156099e-01  -1.2360587e-01   8.9826308e-02   2.3079163e-01  -1.5147607e-01   6.1385038e-01   1.5846710e-01  -2.5908889e-01   4.8088015e-02   3.6911000e-01   1.1405823e-01  -1.1966696e-01   7.1016630e-02  -9.9322018e-02   6.1096672e-01  -3.9285359e-01  -7.1835809e-02  -3.7087784e-02  -2.2618156e-01   8.9280695e-02   1.3251144e-01   4.6680272e-01   1.6056823e-01  -1.1056909e-02   4.3155561e-01  -1.9713805e-02  -2.7887335e-01  -3.6127636e-01   3.3320310e-01  -4.8518654e-02   2.1425645e-01   4.2607684e-01  -3.8706089e-01  -7.9528056e-02   2.5109582e-01  -2.3453147e-01  -1.3841645e-01   3.1501628e-01   1.3104942e-02   8.4117825e-02  -2.3992163e-01  -1.4520400e-01   1.3275017e-01   3.9991954e-01  -2.8359550e-02   5.9801822e-01   1.2439126e-01   1.4515245e-01  -4.9579425e-01   7.0349151e-01   2.6510288e-01  -6.0654452e-02   3.8947058e-01   2.0602025e-01   7.0816171e-02  -1.1421477e-01  -6.5407902e-02  -2.0927371e-01   4.0902837e-02  -4.9812124e-02  -8.7582590e-03   1.5223844e-02   5.2043761e-01
  -1.4493823e-01   8.0400929e-01   1.5138964e-01  -3.6636807e-02   0.0000000e+00  -4.1635223e-01  -3.6665681e-01   1.1935211e-01   2.9255895e-01   1.3214336e-01  -1.7204312e-01   7.7593088e-02   2.8245355e-01  -2.2983185e-01  -3.1333284e-01  -2.5901903e-01   2.1663552e-01  -3.5320940e-01  -7.7065107e-02   7.9559973e-01   3.7399055e-03  -2.5046039e-01  -1.8843460e-01  -1.5733764e-01  -3.0396690e-01  -1.6663908e-01   3.2712433e-01  -3.7774068e-01  -1.6250322e-01  -1.7253334e-01   1.6005687e-01  -2.8330408e-01  -2.8047789e-01   2.5749863e-01   3.0447687e-01   4.6175145e-01   1.7861102e-01  -1.3723242e-02  -9.5159072e-02   5.0982860e-01   2.7803596e-01  -4.5700853e-01  -2.2021884e-02  -3.5151269e-01   1.0635368e-01  -1.7175097e-01  -1.7880168e-01   4.0120818e-01   3.5861159e-01   2.1823356e-01  -4.5213822e-01  -6.1902186e-02   5.6607641e-01  -4.7966947e-01  -2.2013211e-01  -2.7903316e-01  -4.2220141e-01  -2.1621093e-01  -3.9329313e-02  -4.2075914e-01  -3.5328984e-01  -1.1993292e-01   6.1687896e-01   7.3368678e-02   1.2743462e-01  -1.0900298e-01  -1.0479493e-01   9.2425322e-02   1.8707813e-02  -1.8009037e-01   6.9009888e-01  -6.0189223e-01   2.4406121e-01   2.1227776e-01  -1.6977918e-01   8.0507685e-02  -1.1774512e-01   6.2388854e-02   6.5891553e-01  -1.7885430e-01  -4.3129996e-01   9.6680090e-02   2.7247373e-01  -3.3624175e-01   3.9625413e-01   2.4543594e-03   2.7836848e-01  -3.4349553e-01   4.2757662e-01   1.0662743e-02   7.7032984e-01  -4.0291873e-01  -3.1066801e-01  -2.9678571e-01  -4.9710114e-02   8.5880291e-01  -3.2887125e-01  -1.1046824e-01   1.5442583e-01  -1.1743710e-01   2.1259986e-01  -4.0461056e-01  -5.2653593e-02   2.6854595e-01  -5.5074903e-01  -1.0929058e-01  -2.8200833e-01  -1.9232104e-01  -5.5244271e-02  -5.6506132e-02  -1.3760175e-01  -3.9100252e-01  -1.3664382e-01  -1.1430342e-01  -2.5412535e-01   7.1821506e-01  -5.5847220e-01   2.3362382e-01  -5.2592131e-02  -4.3145561e-01  -2.8203799e-01   8.1178887e-01   1.7554417e-01   4.1237809e-01  -7.9994571e-02  -2.2107436e-01  -3.2680973e-01  -1.0561578e-01  -8.1462615e-03  -2.6024533e-02   1.0081698e-01   4.1458878e-01   2.5548896e-01   3.7794498e-02  -3.3657207e-01   1.8806192e-01  -3.4418755e-01   1.7209874e-01   1.0113378e-01  -1.5756884e-01  -2.8094457e-01   4.1208387e-01  -4.5233080e-01  -4.2315754e-01  -2.5253074e-01   7.4568296e-02   4.4878712e-01   1.5746985e-01  -2.5185790e-01   4.5799943e-01  -3.6398475e-01  -3.1123357e-01  -3.9068367e-01  -2.5277310e-01   6.3057991e-01  -2.4731494e-01  -5.2562503e-01  -1.6855795e-01  -2.2072081e-01  -1.7079720e-01  -1.0298600e-01  -4.6534293e-01   5.6056213e-01  -1.2576864e-01  -2.7480790e-01   5.9314433e-01   3.2602188e-01  -1.4204668e-01  -3.2924109e-01   3.9157427e-01   5.6615418e-01  -4.7593785e-01  -8.6056390e-03  -1.7230265e-01  -3.0117147e-01  -2.1751510e-01  -2.3616305e-02
   9.8266846e-02  -3.6109871e-01   2.1626639e-01   4.5255949e-02  -4.1635223e-01   0.0000000e+00   2.4532295e-01  -1.3052336e-01  -1.3371029e-01  -1.2579312e-01   1.2376170e-01   1.7401389e-02  -1.0174544e-01   4.5629164e-01   1.1439006e-02   3.7127341e-02   2.0631678e-01   1.5200963e-01   4.2414113e-01  -4.3032969e-01  -1.2460602e-01   8.5678771e-02  -1.3360068e-01   2.7361270e-01  -9.5010773e-02   4.0258726e-01   5.7566567e-02   4.9639848e-01   2.0201830e-01   2.8863640e-01  -2.0315617e-01   1.3808410e-01   2.0628419e-01  -3.3790059e-01  -5.1532420e-01  -3.8889259e-01  -3.6190516e-01  -1.9498812e-01   8.3462976e-02  -1.4922293e-01  -2.9962364e-01   1.7836526e-01   3.0491732e-01   2.4907009e-01  -1.7237554e-01  -3.1903828e-02   3.2383799e-01  -3.5031706e-01  -2.4245246e-01   7.6205959e-02   1.3594656e-01   2.4926132e-01  -3.5883657e-01   3.4894186e-01   3.6459257e-01   2.9970224e-01   9.0176272e-01   1.2023881e-01  -9.1664323e-02   1.2771753e-01   1.6088522e-01   1.6046413e-01  -2.0819698e-01  -1.5536357e-01  -9.9178866e-02  -4.5118086e-02   7.4119740e-01  -1.1382885e-01   1.4685018e-01   1.4736280e-01  -4.8908160e-01   3.5849357e-01  -3.9216066e-01   6.3048610e-02  -4.1765510e-02  -3.0697728e-01  -1.5484932e-01  -9.8513484e-02  -5.4242485e-01   1.9373383e-02   6.2574813e-01  -2.5208699e-01  -1.4051495e-02   3.6145262e-01  -2.7411448e-02  -2.4564996e-01  -1.5846715e-01   2.1653074e-01  -2.9192504e-01   3.3433275e-03  -5.1165812e-01   1.5973888e-01   2.5130712e-01   6.2060162e-02  -2.3313526e-01  -4.3725907e-01   2.9397032e-01   1.9191909e-01   1.3599209e-01  -5.3831134e-02   2.3352781e-01   7.0260376e-02   2.1577214e-01  -1.5986994e-01   4.4797045e-01  -8.0180676e-02   2.8907647e-01   4.7627722e-01  -2.0659924e-01  -3.9124874e-02  -3.3042731e-03   5.5993043e-01  -1.2222963e-02  -9.8093941e-02   3.8628955e-01  -4.8769428e-01   4.7433596e-01  -3.1094742e-01   5.2678775e-01   2.9703108e-01   7.2762876e-02  -5.0050619e-01   1.8073232e-02  -1.7973146e-01  -1.3364713e-01   2.8258818e-01   9.7724835e-02   9.5277573e-02  -7.9755069e-02   2.3219538e-01  -1.5871955e-01  -3.5389015e-01  -1.6243130e-02  -2.7465344e-01   4.3677023e-01  -2.3966213e-01   1.4537479e-01  -3.0147238e-02  -1.7188970e-01   4.0769284e-02   3.8743967e-01  -1.6738143e-01   2.7962819e-01   6.0548520e-01  -8.9251432e-02  -3.1335135e-01  -3.0739913e-01  -3.0915003e-01  -1.3405210e-01  -3.6701527e-01   4.8195905e-01   4.3376940e-01   3.9912062e-01   3.3029441e-01  -9.6659313e-02   1.4667568e-01   7.7087920e-02  -4.8554361e-02   8.3825135e-02   4.5604686e-01   1.1624828e-01   3.8523518e-01  -3.2140157e-01   1.5281056e-01   4.4886039e-01  -5.0857918e-01  -3.1866989e-01   2.3399755e-01   2.7817731e-02  -3.9022304e-02  -5.1902791e-01   1.3067881e-01   8.0327008e-02   7.4692196e-01  -7.5005679e-03   4.5677960e-02   9.7004724e-02
  -1.4192180e-02  -3.3062390e-01  -2.6559780e-01   8.6980960e-02  -3.6665681e-01   2.4532295e-01   0.0000000e+00  -2.6862079e-01   5.0135164e-02   3.1894433e-01   3.4282125e-01   3.6530101e-01   1.8649010e-01   4.0625394e-02   2.5333715e-01   1.8635746e-02  -2.5125181e-01   3.6548464e-01  -1.8844034e-01  -3.9187335e-01   1.4868032e-01  -9.1819488e-03   6.3483295e-01   4.9214090e-02   9.5448073e-02  -7.7929809e-02  -1.5798141e-01   4.8010652e-01   2.6728789e-01   2.6312642e-02  -5.5064969e-02   1.3133036e-01   3.3578789e-02   2.2634341e-01  -1.1573434e-01  -1.2588133e-02   1.1144175e-02  -2.2081241e-01  -1.1436209e-01  -5.0365583e-02   1.1461181e-01   1.3798941e-01   2.1927479e-02   1.6358274e-01   3.6422703e-01   1.4557366e-01   2.6889825e-02   1.0167716e-01  -2.3680330e-03  -2.3068753e-01   5.0933912e-01  -2.3753382e-01  -1.2759677e-01  -2.7510116e-02   7.6513704e-02   5.3479141e-01   3.2857137e-02  -1.4401522e-01   9.0363152e-02   1.2828820e-01  -1.3535094e-01   2.4380577e-01  -5.3909294e-01  -1.1995673e-01  -5.7848394e-02   5.0346675e-01   1.4582302e-01  -1.1342549e-02  -2.5005168e-01   1.8598075e-02  -2.2789585e-01   4.8226551e-01   2.1584360e-02  -2.4796892e-01   2.6203168e-01  -1.0258839e-01  -3.9699495e-03  -1.3291809e-01  -2.4513057e-01   3.1988502e-02   4.7257422e-01   1.0134704e-01  -7.4446038e-02   1.4645484e-01  -2.3357898e-01  -2.0516769e-01  -7.4696704e-02   1.1781616e-01  -1.2810163e-01   5.1651978e-02  -4.6966153e-01  -1.7654633e-01   2.9078467e-01   2.6581115e-02  -2.1398938e-01  -4.4625729e-01   2.9517157e-01  -1.8551417e-01  -1.0440401e-01   4.8272390e-01  -1.2629642e-01   2.6638650e-01   1.1733215e-01  -2.1990534e-01   3.0979280e-01  -4.6283801e-02   2.8963866e-02  -7.4321519e-02   4.2732568e-01  -5.3570175e-02   5.2904827e-01  -3.9813122e-02   4.0246030e-02  -1.1879505e-01   5.8537123e-01  -3.5686811e-01   2.1345522e-01   1.8603902e-01   1.8060907e-02   2.6860336e-01   2.1905939e-01  -2.9850825e-01   1.5029775e-01  -1.9713311e-01   8.6916917e-03   9.0296341e-02   3.3265987e-01  -3.5421343e-01  -1.2186931e-01  -9.2549341e-02  -2.7581042e-02   2.2417888e-02  -3.7142406e-01   6.8384968e-02   7.6900110e-02  -1.5913059e-01   1.4594111e-01   1.1344241e-01  -2.5026635e-01  -1.5476839e-01   5.2894632e-02  -2.3072744e-01   3.0390500e-01   6.9186912e-02   2.9507527e-01  -1.7742936e-02   1.7756446e-01  -8.3439405e-02   4.1457933e-01   1.1066421e-01   1.5237058e-01   4.1174800e-01   2.8672190e-02   1.8884956e-01  -2.8322843e-01  -1.1978610e-01   4.7271675e-01   2.6123190e-01  -9.8208616e-02   2.9335194e-01   3.5677720e-01   2.4550666e-01  -2.1503775e-01   2.6535329e-01  -2.5169088e-01  -2.8536543e-01   9.1303566e-02   1.5780736e-01   3.8311196e-01  -2.9183639e-01  -1.1129098e-01   4.9078395e-02   9.5043084e-02  -1.6116559e-02   3.2350747e-01   2.1555739e-01  -1.7322937e-01
   1.4816671e-01   6.9022667e-02  -1.3141843e-01   5.0703732e-01   1.1935211e-01  -1.3052336e-01  -2.6862079e-01   0.0000000e+00   2.7219956e-02  -2.2569584e-01  -1.6284068e-01  -2.3775891e-01  -1.2261473e-01  -1.8231073e-01   2.6392175e-02  -1.8676992e-01  -1.1698559e-01  -1.9643318e-02   3.3141841e-01  -5.0606701e-04   1.1493906e-01   1.6710883e-01  -3.0341829e-02   7.8346074e-02   1.5307273e-01   3.6171413e-01  -1.6746179e-01  -2.5980913e-01  -2.1418630e-01   3.9244591e-02   2.3678122e-01   3.7793882e-01  -2.3163077e-01   1.4930765e-01  -1.1022196e-01  -6.7531874e-02   1.0908962e-02  -1.1734445e-01  -2.1984540e-01  -1.5446413e-01   1.1737827e-01  -2.7831682e-01  -3.3216561e-02   2.6267046e-01  -9.1934173e-02   2.5348926e-01  -9.7740005e-02   1.4669684e-01   1.2634690e-03  -2.8189221e-01  -6.2342622e-02   4.1991415e-01   1.5344909e-01  -2.7340647e-01  -3.1743752e-01   2.6899488e-02   1.3065540e-02   3.6954159e-01   4.4250977e-01  -1.4073767e-01  -1.1809811e-01  -3.6631370e-01   4.2690048e-02   5.4541715e-01  -5.0040066e-02  -1.9017804e-01   1.0953597e-01   2.8596692e-01   3.3149156e-01  -4.6969904e-02   5.7188962e-02  -2.5446249e-02   1.3568131e-01  -7.1977345e-02  -1.9974391e-02   4.4596858e-01  -1.0240434e-01   2.2244566e-01   3.2218572e-01   3.0613624e-01   1.3075230e-02  -2.3670694e-02  -7.9970612e-02   1.8536314e-01  -2.3538290e-01   4.1163217e-01  -1.5827432e-01  -7.9698090e-02   1.1141651e-01   1.2380586e-01   1.7403995e-01  -9.3361904e-02  -4.2149198e-02  -2.2236526e-03  -4.2287123e-02   1.0814903e-01   1.8314250e-01   4.4620178e-01   9.4704074e-02  -7.8809386e-02  -2.9668915e-01   6.3620488e-02   3.7240887e-01   8.8149103e-02   1.2903159e-01   5.0318894e-01  -3.2636258e-01   5.0293891e-01  -4.8360500e-02   5.7762931e-02  -1.4283918e-01   2.4846179e-01   2.1599758e-01   2.3954055e-01  -4.1613818e-01   3.2985742e-01  -8.7374756e-02  -9.2285258e-04  -2.3289249e-01   2.0349109e-01   1.5796878e-01   7.9975351e-02   1.2160905e-01   9.2360565e-02   1.9271531e-01  -1.2447014e-01  -1.6092975e-01  -9.9769331e-02   4.6631481e-01  -1.5111677e-01  -2.0149456e-01   1.7337774e-01   1.0463067e-01   5.0478852e-02  -1.5086657e-01   6.8743542e-01  -1.7877853e-02   1.2206714e-01   6.2517103e-01   1.6177929e-01  -2.0891580e-01  -2.7578435e-01   4.6128259e-02  -3.6047584e-01   1.9283661e-02   2.1783909e-01  -1.8029858e-01   4.0426473e-02   1.4995969e-01  -6.2275396e-02  -2.4677283e-01   1.4935219e-01  -1.0652896e-01  -3.7743925e-02  -1.0697252e-01   2.4358028e-02   7.5909357e-02   1.5930723e-01  -1.2394893e-01   4.2730639e-01   3.1112360e-01  -1.5349726e-01  -1.0557790e-01   1.8007982e-01   2.5781924e-01   3.3458547e-01   3.3695370e-01   2.6618218e-01  -1.1955239e-01   1.3345064e-01   2.0241547e-01  -3.7290884e-01  -5.5954762e-02  -1.5673784e-01   9.3172992e-02  -2.0550511e-01   4.5979644e-01
   1.3656276e-01   6.2030479e-01   3.5030304e-02  -1.2034283e-01   2.9255895e-01  -1.3371029e-01   5.0135164e-02   2.7219956e-02   0.0000000e+00   1.4151416e-01  -6.8986481e-02   2.4202898e-01  -1.3254428e-01  -2.4895544e-02  -2.2565046e-01   1.0244633e-01   8.6675197e-02  -2.0433619e-01   1.8024523e-01   2.5690664e-01  -3.9033313e-01  -2.1389543e-01  -1.8431456e-01  -1.4330548e-02   7.9013432e-02   1.7188528e-01   2.5767612e-01  -7.2069962e-02   1.7785964e-01  -1.1053635e-01  -2.0288773e-02  -1.2364982e-01   9.2245488e-02   2.4784427e-01   1.1493685e-01   1.5264923e-01  -1.0194425e-01  -4.0478081e-01   1.4062505e-01   4.3522793e-01  -9.4293178e-02  -3.1600818e-03   4.7783821e-02  -5.5455185e-02   2.2191737e-01  -1.2975104e-02  -6.6758084e-02   3.9383193e-01  -1.0045557e-01   2.1934063e-01  -2.0604731e-01  -4.9892675e-02   2.0875278e-01  -1.9654293e-01   1.9965729e-01  -5.2092634e-02  -1.3097813e-01  -1.2964042e-01  -6.4139397e-02   5.9929471e-03  -3.3586469e-01  -1.9402097e-01   2.7259677e-01  -1.3571771e-01   3.8463309e-01  -7.5422537e-02   1.5274578e-01   1.1459514e-01   2.4242073e-04   1.9135093e-01   5.7550966e-01  -1.7020207e-01  -2.5122133e-01   1.1794251e-01   9.9500476e-02  -2.2717201e-01  -2.9170850e-01   5.5748771e-02   2.3379014e-01   4.0195144e-02  -4.0851927e-02  -7.4546512e-02   4.4276325e-01   1.8999541e-02   4.3345436e-02  -2.6587416e-01   4.4350201e-01   2.7791000e-01   1.8174080e-01   2.2675815e-01   1.5926848e-01  -1.1312054e-01  -3.2995849e-01   4.6066772e-02  -2.5859113e-01   3.4891590e-01  -9.1286506e-02   2.4129899e-01   3.1807821e-02   2.5930296e-01   3.4400955e-01  -1.8334003e-01  -2.5300099e-01   5.9077073e-01  -1.4346190e-01  -1.9211228e-01  -2.0166055e-01   1.0871921e-01  -3.7255902e-02  -2.6914432e-01   3.1784719e-01  -2.1692298e-01  -1.5400789e-01   1.1902022e-02   3.2669141e-01   3.6017263e-01  -1.9242326e-01   6.1819036e-03   5.7187178e-02  -7.1769591e-03  -2.4083610e-02   3.0858002e-01   1.1175387e-01  -1.0005101e-01  -2.0401466e-02   6.5618640e-02   1.2244877e-01  -7.2085229e-02  -7.7624550e-02   2.7153761e-01   1.2110074e-01   3.6178679e-01   3.5500447e-01  -1.1894691e-01  -1.0243275e-01  -2.2952961e-01  -6.3381418e-02   1.6773342e-01  -2.4807977e-01  -3.0724252e-01  -1.8441707e-01   6.4495357e-02  -2.5148463e-01  -1.3582310e-01  -1.7196737e-01  -3.0778967e-01   5.4555630e-01  -2.5883448e-02  -3.0194273e-01   3.6929981e-01   1.7121170e-01  -1.8333734e-01  -3.7838185e-02   9.8945971e-02   3.4410458e-01  -1.3517155e-02  -1.3021155e-01   1.3435261e-01  -1.0900539e-01  -1.4807413e-01   4.9979541e-02  -2.5941596e-01   2.6092408e-01  -1.8407181e-01  -7.3918142e-02   1.7555553e-01   5.7346981e-02   1.2142181e-01  -4.7579204e-02  -5.5109569e-02   1.9905928e-01  -2.6808572e-01   1.7241013e-01  -7.2984622e-02   3.7350867e-02  -1.1490185e-01  -4.1704853e-02
   6.3110890e-02   6.3906446e-02  -5.3398479e-02  -3.0289045e-01   1.3214336e-01  -1.2579312e-01   3.1894433e-01  -2.2569584e-01   1.4151416e-01   0.0000000e+00  -1.3046142e-02   2.6478326e-01   4.6779563e-01  -7.8081951e-02  -2.7329798e-01  -3.5142542e-01   3.3617714e-02  -8.0136125e-02  -1.5400808e-01   1.6806280e-01   8.9995043e-02  -2.6331858e-01   3.0698189e-01   8.0134027e-02  -7.5175188e-02  -2.9016037e-01  -1.1421295e-01   1.5344686e-01   1.8043836e-01  -5.1930988e-02   1.1465472e-01  -4.3460085e-01  -2.6636123e-01   3.9854120e-01  -1.1016517e-01   2.7576249e-01   3.5826656e-01  -1.0841766e-01  -3.8755627e-01   2.3469440e-01   3.5091362e-01  -2.0356013e-01  -3.3381194e-02  -1.6464639e-01   1.5827275e-01   2.6576478e-01  -2.0569576e-01   1.2143567e-01   3.3179075e-01  -9.8674872e-02  -1.2678994e-01  -4.4898709e-01   4.4571639e-02  -1.8057606e-01  -2.5340407e-01   5.9350062e-02  -2.7907483e-01  -4.3056446e-01  -5.2563731e-02  -2.9709760e-01  -1.3652262e-01   1.2791739e-01  -1.2371841e-01  -2.2880132e-02  -1.9930054e-01   7.1788436e-01  -7.0752821e-02  -7.7708607e-02  -3.6885120e-01   2.7406864e-01   2.3666715e-01  -1.7710373e-01   3.9805222e-03   1.2343799e-01   1.5094591e-01  -7.0320985e-02  -9.4135800e-02   4.0772343e-02   2.0165843e-01  -6.1647819e-02  -2.4809159e-01  -1.2148974e-02  -3.0838679e-02  -2.0803541e-01   2.6481121e-01  -2.8666197e-01   2.9873113e-02  -1.6357286e-01   1.1780083e-01   2.5657078e-01   1.2435791e-01  -1.5281759e-01   2.8381351e-01  -3.4009188e-01  -1.5414351e-01   2.1120489e-01  -1.1809586e-01  -2.2170462e-01   1.0022023e-01   2.5357616e-01   1.7310065e-01  -4.8968479e-01  -5.9219497e-02   7.4056456e-02  -4.2529766e-01  -3.1160295e-01  -1.6293300e-01  -3.2569430e-01   5.4186863e-01   2.8260288e-01   2.1013560e-01  -2.9047838e-01  -2.0298343e-01   9.9473434e-02   4.1438823e-01   5.5452830e-02  -4.4647977e-01   1.9411794e-01   6.3883277e-02  -5.1451489e-01   2.0310644e-01   3.9715752e-01   2.9590754e-02  -1.5183516e-01   2.2001351e-01  -1.3611026e-01  -1.1339037e-01  -2.5557373e-01  -2.0054506e-01   1.2510445e-01  -2.2478932e-01   1.4235041e-01   6.2364305e-02   3.0224109e-01  -8.9986089e-02   2.3364972e-02  -4.0829603e-02   7.9001684e-02  -3.3939170e-01   1.2909566e-01   3.8406696e-02   3.1211327e-01  -3.9665408e-01  -2.0783253e-01   5.1287427e-02   3.7764644e-02   5.3564861e-01   3.0380541e-01   3.4317206e-01   4.3884837e-01   1.4292121e-01  -9.2137526e-02  -1.3664420e-01  -1.5435798e-01   3.6187397e-02   2.0758196e-02   1.0500218e-01  -1.1188846e-02   7.0724052e-03  -2.9795980e-01  -3.5319847e-02  -1.6760334e-01   4.7615285e-01  -1.4657661e-01  -4.3994008e-01   1.3063638e-01   6.8062474e-02  -1.4365899e-02   1.2107432e-01   7.9709548e-02   5.2504277e-01  -8.4467043e-02  -1.4123099e-02  -1.0219976e-01   8.0062252e-02   2.3372273e-01  -2.3067003e-01
  -1.7262527e-01  -1.9403781e-01  -1.4349294e-01  -2.0777050e-02  -1.7204312e-01   1.2376170e-01   3.4282125e-01  -1.6284068e-01  -6.8986481e-02  -1.3046142e-02   0.0000000e+00  -5.3462563e-02  -1.1657544e-01   1.1903082e-01   4.0659546e-01  -3.9841763e-02  -1.8554283e-01   2.8949992e-01  -5.3844577e-02  -1.7457713e-02  -6.1576606e-02  -2.5004924e-01   1.5216684e-01  -8.6012584e-02  -1.1792837e-01  -3.0048746e-02   1.9125639e-01   1.1807548e-01  -9.7900319e-02  -1.4111590e-01   1.9231119e-01   5.9580258e-02   1.4852780e-01   5.1857098e-02  -1.6396737e-01   2.4004163e-01   4.4915476e-02   4.9844547e-02  -2.6880631e-01   5.8242723e-03  -1.5222479e-01   2.2579675e-01  -1.9376089e-01   5.5208040e-01   4.2275668e-01  -1.7643193e-01   6.2333466e-01  -5.0752793e-02   2.3114219e-01   1.4347869e-01   4.2418554e-01  -4.5663663e-02  -3.4878815e-02   2.3192134e-01   1.8848699e-01   3.6823452e-01   1.4349271e-02  -2.3965318e-01  -6.5235989e-02  -1.6235931e-01  -9.0568239e-03   3.1797962e-01  -3.9256007e-01  -4.5118613e-02   1.8332036e-01   2.2478504e-01   1.2689693e-01  -1.9307107e-01   2.6975699e-01  -2.8797105e-01  -1.9711492e-01   3.5664995e-01   1.3259928e-02  -1.5053932e-01   8.8428922e-02  -1.4245183e-01   1.8948892e-01  -2.5054913e-01  -1.2309688e-01  -1.7879916e-01   1.6031705e-01  -1.7108063e-02   2.1109394e-01   1.0230126e-01   1.3238753e-02  -1.7439566e-01  -2.3578673e-02   1.3808941e-01  -3.0819004e-01  -1.2438118e-01  -2.9381857e-01  -4.0315765e-02   5.9546463e-02  -2.2383737e-01   2.1456540e-01  -2.5812984e-01   1.2107989e-01  -1.8107972e-01  -6.1219056e-02   3.2654914e-01   3.6925367e-02   3.1890399e-01   2.0301171e-02  -1.4727026e-01   1.8864162e-01  -1.8679023e-01   3.6703898e-01   4.1515202e-03   2.5055820e-01   1.2336035e-02   2.4322889e-01  -2.1145772e-01  -4.1167359e-02  -2.4818017e-01   1.3201691e-01  -1.9800401e-02   2.6123954e-01  -7.7437738e-02   2.3443344e-01   4.2251700e-02   6.8569432e-02  -1.7462437e-01  -1.0889990e-01   1.0400665e-01  -1.8255621e-01  -1.6421483e-01   3.0461356e-01   1.4618943e-02  -3.3176024e-01  -2.8476622e-01  -1.5536072e-01   1.0872239e-01  -2.6180111e-01   5.1268115e-02  -1.0295033e-01  -2.5240311e-01   2.1162572e-01   1.7202130e-01  -1.8984691e-01  -2.0936548e-01   2.1217069e-01  -2.0003684e-01   3.5069963e-01   1.3674299e-01   2.2545490e-01  -4.9025500e-02  -3.0954730e-02   6.8767640e-02   2.2280354e-01   1.0878652e-01  -3.6287421e-02   3.2293132e-01   1.7520864e-01   5.9220023e-01  -7.9837687e-02  -4.2461964e-02   1.3905624e-01   1.1832526e-01   1.5670828e-01   1.3407330e-01   3.0995596e-02   4.6482225e-01  -1.1636425e-01   2.8615888e-01  -2.1983603e-01  -1.4331058e-01   1.1931881e-01   2.9852945e-01   1.2045838e-02  -8.7949779e-02  -3.0336871e-02   2.5881021e-01   3.4873720e-01   1.1618450e-01   7.6803119e-02   1.2739054e-01  -3.7997519e-01
   4.3402169e-02   1.7972663e-01   2.6071512e-01   1.2136340e-02   7.7593088e-02   1.7401389e-02   3.6530101e-01  -2.3775891e-01   2.4202898e-01   2.6478326e-01  -5.3462563e-02   0.0000000e+00   8.5214140e-02  -1.1707402e-02   1.6637085e-01   3.7637816e-01   1.7511508e-01  -1.8853132e-02  -1.6303960e-01   8.9180864e-02  -1.2171848e-01   7.9161683e-02   1.6469901e-01  -8.8611283e-02  -1.2962556e-01  -2.3719817e-01   7.0892193e-02   1.3631108e-01   1.3277461e-01   1.0956427e-01  -5.6287262e-02  -5.9536687e-02   9.0841535e-02   1.8341361e-01   1.6394917e-01   1.0064241e-01   9.4290637e-02  -1.5109884e-01   2.9534830e-01   1.7131806e-01   6.1227609e-02   5.3348456e-02   3.5121110e-01  -2.5949290e-01   2.2387128e-01   2.9861213e-02  -1.0688891e-01   1.2092765e-02  -1.0759778e-01   1.6118913e-01   4.7561842e-02  -4.3607853e-01  -5.4475871e-02  -1.3188458e-01   5.7127272e-03   4.8196721e-02  -1.3735669e-01  -8.0845559e-02  -1.1368706e-01   4.5519798e-01  -1.2973569e-01  -6.9226652e-02  -2.6611150e-04  -2.7975214e-01  -1.8008806e-01   1.0419283e-01   5.0035923e-03  -1.3416109e-01  -1.8747754e-01   2.2979054e-01   9.0671877e-02  -5.5142460e-02   7.5018375e-02   3.2534916e-01  -2.9669814e-01  -2.7936501e-01  -1.4693478e-01  -2.5703514e-01   7.3741562e-03  -2.4514369e-01  -7.3464322e-02   3.0010874e-01  -9.6880934e-02  -1.6192763e-01   1.8668501e-01  -4.3248539e-01   7.4449752e-02   8.0620967e-04  -1.8087185e-01   2.0148298e-03  -4.5049232e-02   1.3523609e-01  -3.1714739e-01   3.9650707e-01  -2.2309213e-01   1.3589858e-01  -1.7292341e-01  -1.8056082e-01  -1.2001674e-01   1.7335364e-01  -4.6784966e-02  -9.9276317e-02  -1.8389829e-01   8.4877656e-02  -4.8206802e-02  -1.8964671e-01  -3.6159547e-02  -1.5192733e-01   1.5280199e-01  -1.0611170e-01   4.9776052e-02  -3.9552381e-02  -1.8085899e-01  -4.8289841e-02   4.5883783e-01  -1.2114153e-01  -1.1562423e-01   6.2489940e-02  -1.1293758e-01   2.9037410e-03   5.3018785e-03   1.2911811e-01   1.0374933e-01   5.0896447e-03   4.3048071e-02   4.5468589e-01   1.4679303e-01  -2.4773644e-01  -1.2075381e-01   1.3690086e-01   3.2038984e-01   4.6284232e-02   2.2276405e-01  -5.0384016e-03   3.6641223e-01  -2.7927276e-01  -2.5583808e-01  -2.9642009e-01  -3.4978137e-01  -7.2693663e-03  -1.4209157e-01  -8.5618486e-02   4.7978684e-02   2.2927714e-01   1.1581328e-01  -2.5794381e-01   3.8187913e-01  -2.1786124e-02   6.5228402e-02   5.5807337e-02   2.4160103e-01  -1.3647484e-01   1.5697224e-02   5.4807881e-03   1.5835589e-01  -2.3962467e-01   1.6309083e-01  -3.4860595e-02   1.5622670e-01  -2.1743144e-01   1.2221625e-01  -1.9901594e-01  -2.4051318e-04  -2.5685458e-02   1.4097725e-03  -1.3304912e-01   8.2978816e-02  -2.1355589e-01   1.4744412e-01  -3.6898649e-01   1.3528236e-01  -1.1298343e-02  -1.6810722e-01   8.2924158e-02  -9.6595160e-02  -1.9771272e-01   8.6334455e-02
  -1.5659286e-01   3.3264167e-02  -3.4058529e-02   1.1220282e-01   2.8245355e-01  -1.0174544e-01   1.8649010e-01  -1.2261473e-01  -1.3254428e-01   4.6779563e-01  -1.1657544e-01   8.5214140e-02   0.0000000e+00  -1.8994082e-01  -1.2842600e-01  -1.7384360e-01   7.3153919e-02   1.5552216e-01  -3.3882547e-01   1.0723433e-01   4.8194212e-01   1.8242430e-03   2.8928397e-01  -7.3757250e-02  -3.1752807e-01  -3.0745600e-01  -1.8272223e-01   7.3446250e-02   9.0428699e-03   3.1830290e-02   1.5555768e-01  -1.8486442e-01  -4.1173745e-01   1.1834736e-01   2.0444721e-02   1.1259077e-01   3.9961531e-01   2.2120756e-01  -1.7993848e-01   6.6675804e-02   8.2409593e-01  -3.3730031e-01  -4.2669603e-02  -3.4848250e-01  -4.3180748e-03   1.1313747e-01  -1.6841094e-01   1.2934135e-01   4.9617944e-01  -9.2032069e-02   3.7090519e-02  -2.6572539e-01   6.6557950e-02  -2.4851710e-01  -3.1675859e-01   1.5873226e-01  -1.9290354e-01  -2.7568109e-02   2.3802872e-01  -2.1795853e-01   2.4549699e-02   7.5199254e-02   7.7919139e-02  -4.4150797e-02  -2.2441585e-01   4.0161065e-01  -6.6170324e-02  -1.8369465e-01  -2.0329418e-01  -8.7175881e-02   7.1407037e-02  -1.5425530e-01   4.6119285e-01   5.7172001e-02   6.0183627e-02   2.8202098e-01   1.7828380e-01   8.9508679e-02   1.6234758e-01  -8.2673866e-02  -1.5755008e-01   3.0185403e-01  -1.9149206e-01  -3.6372769e-01   2.9814016e-01   1.1850144e-01   1.7936080e-02  -3.8028560e-01   4.0253383e-01   1.1530131e-01   2.8019498e-01  -2.2881303e-01   1.3531480e-01  -1.9258498e-01  -5.6101891e-02   1.4884652e-01  -8.3166627e-02  -4.3073139e-01   3.6206909e-02  -1.0945071e-01  -8.0959173e-02  -2.1976974e-01   2.0828789e-01  -4.9673958e-02  -2.3225698e-01  -3.3436604e-02  -2.2770788e-01  -3.1477389e-01   2.4363748e-01   2.6174108e-01  -3.3315598e-02  -3.5788229e-02   4.0323003e-02  -4.6230669e-02  -5.3339776e-02  -3.8748224e-02  -4.2109867e-01   6.1140110e-01   1.7626597e-01  -2.0417557e-01   2.7349226e-02   3.1090866e-01  -1.0144021e-01   1.7439614e-01   2.0687985e-01  -1.0525746e-01  -3.0103472e-01  -1.8604645e-01   9.0010528e-02  -1.0009451e-01   6.5535013e-02   1.7976761e-02  -1.4110417e-01   2.8410040e-01   8.2113313e-02   2.8555164e-01  -4.6924964e-02   9.1980609e-02   6.7619709e-02   8.6486635e-02  -1.5393672e-01   5.3089663e-01  -2.5137067e-01  -1.8800013e-01  -3.0128313e-02   2.3937674e-01   1.4203079e-01   1.4980170e-01   1.9748772e-01   3.2742965e-01  -1.5600360e-01  -5.8532275e-02  -2.6805949e-01  -3.2188890e-01   4.6684453e-02  -1.2938360e-01  -4.7585409e-02   1.3820467e-01  -3.6873580e-02  -1.3374436e-02  -4.7382727e-02  -2.1615886e-01   3.6721001e-01   1.4578605e-01  -2.6778403e-01  -8.7121574e-02   5.9593512e-02  -5.1884657e-02  -2.0044109e-01   1.5430655e-01   2.1692395e-01  -3.0488631e-01  -1.2430026e-01  -3.8096715e-02  -1.3789924e-01   1.9411274e-01  -1.7111580e-02
   4.1325692e-01  -1.4476660e-01  -9.1499648e-02  -1.4623596e-01  -2.2983185e-01   4.5629164e-01   4.0625394e-02  -1.8231073e-01  -2.4895544e-02  -7.8081951e-02   1.1903082e-01  -1.1707402e-02  -1.8994082e-01   0.0000000e+00   8.7554473e-02  -6.9370633e-02  -6.8143442e-02  -4.3808811e-02   3.4254864e-01  -3.0002186e-01   1.4651706e-01   1.8253444e-01  -1.0419569e-01   6.6865243e-01  -1.3670428e-01   2.2337650e-01  -1.5189318e-01   5.0496256e-01   1.4066189e-01   4.9238628e-01  -5.5295308e-02   1.1331426e-01  -1.9649660e-02  -4.1452136e-01  -2.3611127e-01  -3.1843593e-01  -1.7943503e-01  -2.0254016e-01   5.5178607e-02  -4.0117397e-01  -3.1736230e-01   1.1197139e-02   4.4306639e-02   2.7242955e-01  -2.8340055e-01   1.6200735e-01   2.5954091e-01  -7.2850633e-02  -6.0575865e-02  -6.0999563e-02  -8.6063481e-03  -2.5821178e-03  -2.5925010e-01   2.0357712e-01   7.0658154e-01   2.4209809e-01   4.8535207e-01   4.8469932e-02  -3.9266937e-01   2.0619114e-01  -4.5879137e-02  -6.7701134e-03  -3.4658432e-01  -2.5592721e-01  -2.0544555e-01   6.3011588e-02   2.1436332e-01  -3.9552172e-01   2.8723320e-01   1.9314739e-01  -3.5015888e-01  -1.0215126e-02  -4.0054827e-01   4.4676517e-01  -9.1847430e-02  -2.7438269e-01  -3.5854709e-01  -2.5774824e-01  -3.0430653e-01  -2.7792513e-01   4.8958888e-01  -2.5276267e-01  -1.3643632e-02   1.2944163e-01   3.3056202e-01  -1.5545639e-01   3.0011143e-01   5.5964163e-01  -2.3336813e-01   2.6674146e-01  -2.1678561e-01   2.0023892e-01   1.8913279e-01   1.2612042e-01  -2.0361555e-01  -3.1034477e-01  -1.1362404e-01   9.5865873e-02  -3.6852769e-01  -2.9722261e-01   4.1458653e-01  -1.8598596e-01   2.6971877e-01   2.1594443e-01   2.2466117e-01  -8.8426309e-02   1.2050709e-01   2.0204708e-01  -1.3507669e-01  -1.1163850e-01  -1.7152187e-01   4.8364244e-01  -2.7733548e-01   4.6953740e-02   1.6745971e-01  -2.5052029e-01   3.3375274e-01  -1.1609735e-01   3.5624739e-01   6.5489154e-02   2.2438347e-01  -2.1949676e-01  -3.7287204e-01   1.9628333e-02   5.9151719e-02   5.2013888e-01   1.1333875e-01  -1.9914919e-01  -6.7878546e-02   5.5874054e-02  -8.1720236e-02  -2.6435010e-01   4.6442556e-01  -1.0112901e-01   7.5725063e-02  -1.7939984e-01  -1.0981991e-01   2.1960499e-01  -1.7173967e-01   4.7618667e-02   6.5871417e-01   1.0087825e-01  -9.8361907e-02   2.6475912e-01  -1.0015301e-01  -8.5675820e-02  -2.4290780e-01  -3.9786995e-02  -6.9735996e-02   1.0366618e-02   6.6040849e-01   3.2669250e-01   4.3684576e-01   6.4553920e-02  -3.7289893e-01   5.6761262e-01   1.6704209e-01  -3.0827402e-01  -3.1410917e-02   2.4913976e-01  -1.9336369e-01   3.1616849e-01  -1.7104741e-02   4.3587786e-02   3.2622826e-01  -4.0740760e-01  -5.1827480e-01   2.7768306e-01   1.8941647e-01   1.6657451e-04  -3.3279091e-01   3.2666244e-01  -3.7737394e-01   3.7913107e-01  -4.5865796e-02  -1.6293119e-01   1.2928912e-01
