   0.0000000e+00   3.5594985e-01   4.3012691e-01  -4.2016553e-01   2.3960463e-01  -2.4697164e-01  -5.4425249e-01   2.7958505e-01   1.5913682e-01   7.4598737e-03  -1.2747635e-01   2.9531164e-01  -3.0707012e-01  -4.1109232e-02  -1.9716659e-01   1.1167414e-01   4.8674232e-01  -3.8844477e-01   4.7011925e-02   2.7061833e-01  -2.2846613e-01  -3.2964578e-01  -4.3603582e-01   8.0221398e-01  -2.9349320e-01   5.7737961e-03  -7.2302837e-02  -3.5234109e-01  -1.6603321e-02  -3.5481731e-01  -8.9889852e-02  -2.4885742e-01   2.0509643e-01  -1.7724589e-01  -2.0127626e-01   1.8301166e-01   1.3461474e-01   5.5669859e-01   2.2123916e-01   1.7515721e-01  -8.1050569e-02   2.6116300e-01   8.0361915e-02  -9.6673014e-02  -4.0644915e-01   3.3471215e-01  -2.0980285e-01  -5.9820252e-01  -3.7864240e-01   3.4787827e-01  -4.4407843e-01   7.8665739e-02  -1.1287333e-01   3.1757897e-01  -1.5541048e-01  -4.2551550e-01  -2.0846275e-01  -3.4374106e-01  -2.9192755e-01   2.0442139e-01   5.2504483e-01  -4.5681329e-01  -3.8756859e-02   3.1649480e-01   2.3099060e-02   1.5288378e-01  -2.2935781e-01  -9.3107588e-02  -2.6081451e-01   1.9925844e-01   1.6755845e-01  -5.1490117e-01   3.4229359e-01   6.7353613e-01  -7.0623786e-02  -2.3645485e-01   6.2129824e-01  -1.0185994e-01   2.2209987e-01  -4.9244271e-01  -6.5323790e-01   2.9875492e-01   2.1021492e-01   4.6885707e-02   5.8570132e-01  -3.6750575e-01  -1.7993483e-01   2.8766197e-01   1.5932315e-01   7.2424666e-01  -5.3691603e-02   5.0195083e-01   9.3868130e-02  -1.3190526e-01   5.4214483e-01   4.2677291e-02  -5.1678597e-01  -2.3669019e-01  -3.6888979e-01  -3.5682572e-01  -6.9203133e-02   3.1392326e-02  -4.1456045e-01   6.3063617e-02  -5.3228488e-01  -3.0380079e-01   1.2678142e-01  -3.2100572e-01  -8.9896632e-02   2.8852266e-02   7.9404203e-02  -5.0755902e-01  -4.1607354e-01   7.9193589e-01  -3.9009706e-01   2.7133026e-01  -1.3594084e-01   1.2075102e-01  -3.2701526e-01  -4.6013366e-01   5.4196329e-01  -3.0121452e-01   5.7660107e-02   7.6629158e-02   5.4852310e-01   2.0328634e-01  -2.9240827e-01   1.9155790e-01  -2.9796388e-01   3.2925467e-01   2.3230626e-01  -1.5738096e-02   8.1719169e-01  -9.9490049e-02  -3.9080073e-01   9.4507810e-02  -1.6117955e-01  -3.5704022e-01  -1.0307520e-01   7.1798035e-01   8.4345845e-01  -3.0868262e-01  -2.5564943e-01  -1.5171206e-01  -2.7077033e-01  -1.8999782e-01   7.0509682e-02   4.4555897e-01  -3.4984201e-03   2.5374076e-01   3.5175245e-01  -2.8845608e-01   6.4802195e-01  -2.4936604e-02   2.9342821e-01   6.6430264e-01   5.6339434e-01  -3.1413826e-01   5.0317766e-01  -5.8597359e-01  -2.4161566e-01   6.4081019e-02   7.4955833e-02  -4.2321829e-01  -1.9406054e-01   1.2720705e-01  -8.5730080e-02  -2.2186325e-01   5.5158631e-01   2.1293390e-01   2.3683812e-01   3.7564216e-01  -2.4070374e-01  -1.2264859e-01  -3.0754979e-01   4.5191216e-02  -1.0368903e-01
   3.5594985e-01   0.0000000e+00   5.7328172e-01  -4.8101057e-01   7.0278249e-01  -2.3201749e-01  -1.9808351e-01  -7.1288891e-02  -2.4483722e-01   3.0133004e-01  -3.1471622e-01   8.7553976e-01  -4.5486821e-01  -6.5823734e-01   9.2499585e-02   4.1326690e-01   5.2284881e-01  -4.5135505e-01   6.2912369e-02   6.6683499e-01  -4.1135163e-01  -5.4799156e-01  -4.0277166e-01   1.6634819e-01  -5.2575284e-01  -2.7235923e-01   1.3485450e-01  -3.1328747e-01   9.7509817e-02  -5.6200051e-01  -4.0027903e-02  -3.0497361e-01   3.4151342e-01   1.6582279e-01  -1.9186952e-01   3.4968207e-01  -6.8989103e-02   3.4430849e-01   4.2710011e-01   6.7654196e-01  -2.5323858e-01   2.9524197e-01  -8.4206142e-03  -1.7119739e-01   1.2851294e-01  -2.5242116e-01  -4.4369456e-01  -1.2149158e-01  -7.2484847e-01   7.7671161e-01  -4.5868728e-01  -2.6717883e-01   3.5279256e-01  -9.1316348e-02  -3.5166116e-01  -4.9809917e-01  -2.6898766e-01  -4.6179413e-01  -4.3597320e-01  -6.6185476e-02   1.6620315e-01  -6.0500674e-01   2.8461137e-01   4.6631087e-01   3.2319664e-01   4.0648169e-01  -3.7629018e-01  -1.3332843e-02  -6.0873825e-01  -2.6025851e-01   7.4712724e-01  -6.3445552e-01   4.2342464e-01  -6.2089777e-02  -3.3148835e-01  -1.8554120e-01   3.5581508e-01  -3.7275710e-01   3.6924145e-01  -3.7639144e-01  -5.1353699e-01   4.6461170e-01   6.2026261e-01  -3.0069026e-01   2.5995216e-01  -3.2469076e-01  -3.9458271e-01  -5.4870924e-01   1.6206466e-01   2.9091441e-01   4.0485808e-01   1.8351093e-01   3.5594275e-01  -3.5242649e-01   4.2168210e-01   6.1319667e-01  -4.2928628e-01  -1.5033840e-01  -2.9205606e-01  -2.9799355e-01   1.0766484e-01   2.8414294e-01  -6.0266177e-01  -2.7114080e-01  -5.7502078e-01  -3.8954332e-01   3.6270764e-01  -2.0126158e-01  -7.5970656e-02   1.7358284e-01   5.6658248e-01  -6.0207060e-01  -6.4299252e-01   4.0631565e-01  -3.9284646e-01   6.2453093e-01  -3.1825226e-01   3.8690506e-02  -4.9162419e-01  -6.6345615e-01   2.4971099e-01   3.4605322e-01   1.3117134e-01  -2.9421413e-02   2.8802269e-01  -4.0004284e-01  -3.2119036e-01  -6.2517054e-02  -4.3366302e-01  -3.6743956e-02   1.8839070e-01   3.1742336e-01   4.4499710e-01  -2.6407609e-01  -5.4493159e-01  -9.3179079e-02  -9.2884459e-02  -1.5090663e-01  -3.2162747e-01   3.9688420e-01   5.3116769e-01  -2.9965599e-01  -3.6375060e-01  -4.1130674e-01  -4.0975257e-01  -3.0337125e-01   7.1172308e-01   6.1208783e-01  -2.6939964e-02   3.7505084e-01  -1.2879362e-01  -6.1442334e-01   1.1946547e-01   2.1840223e-01   7.4943407e-01   2.8693734e-01   1.8864601e-01  -6.6382781e-02   3.2344805e-01  -7.0169361e-01  -1.0940829e-01  -1.6644997e-01   3.2332487e-01  -5.1668790e-01  -3.4178112e-01   4.9382346e-01   2.2463260e-01  -3.3894889e-01   2.7152833e-01   5.9805823e-01   5.2095577e-01   3.7179976e-01  -4.4943855e-01  -3.6522792e-01  -5.5081721e-01   3.7756620e-01  -3.0845496e-01
   4.3012691e-01   5.7328172e-01   0.0000000e+00  -3.1319472e-01   2.3439610e-01  -1.3296535e-01  -1.3851066e-01   1.4931896e-01  -1.5090127e-01  -1.0651619e-01  -3.1747738e-01   6.0284919e-01  -1.8119819e-01  -3.0431277e-01   2.4359898e-02   3.5790294e-01   8.4785558e-01  -1.2485777e-01  -1.3642626e-01   3.5428808e-01  -2.9396435e-01  -2.9420784e-01  -2.7205058e-01   4.5297079e-01  -1.1786332e-01  -1.7419750e-01   1.2267018e-01  -6.5875591e-02  -7.2742997e-03  -2.1403797e-01  -1.9212066e-01  -7.1125599e-02   2.2639159e-01  -5.5129892e-02  -7.1266387e-02  -5.7443234e-02  -4.2137742e-01   3.5821808e-01   2.7891481e-01   3.2444757e-01  -2.0336306e-01   3.7018761e-01   1.1675341e-01  -2.9882076e-01  -4.8477495e-02   1.8155087e-01  -3.6770463e-01  -3.5715931e-01  -6.3057693e-01   6.1892872e-01  -1.6995825e-01  -1.5948413e-02  -7.0992872e-02   8.1806453e-02  -1.9783709e-01  -2.7742874e-01  -3.0352573e-01  -1.9926090e-01  -2.5536344e-01   1.4277375e-01   5.4104430e-01  -6.4859062e-01   2.5322446e-01   1.0858152e-01   1.3198335e-01   6.6532146e-03  -2.1351873e-01   5.0827015e-03  -3.0851010e-01   4.7053733e-01   2.3110634e-01  -3.8397207e-01   2.6251502e-01   2.5081527e-01  -1.4206268e-02  -1.5479441e-01   5.4155879e-01  -3.1154616e-01  -1.4327168e-02  -3.2105956e-01  -2.5470980e-01   3.6370697e-01   1.5948871e-01  -2.0756534e-01   3.9088161e-01  -2.1252672e-01  -3.1248995e-01  -9.3703701e-02   1.3690347e-01   3.1719587e-01  -1.3546595e-02   7.1827107e-01   8.3144761e-02  -8.9683572e-02   3.7048134e-01   4.1500328e-01  -4.4929600e-01  -1.4934174e-01  -3.7773530e-01  -4.8033605e-01   1.5972647e-01   9.5088027e-02  -4.7503959e-01   1.1126810e-02  -3.1329479e-01  -2.4333155e-01   1.3585493e-01  -1.1231804e-01  -5.2873278e-01  -1.5270155e-02   2.2498430e-01  -2.6827916e-01  -3.1095911e-01   3.9577670e-01   4.4709602e-02   1.9791859e-01  -1.9675059e-01  -2.9289424e-01  -3.3416400e-01  -3.8461689e-01   2.4891912e-01   1.4466460e-01   2.5232980e-01   2.1953553e-01   3.9620605e-01  -1.4600981e-02  -1.2423677e-01   1.9801460e-01  -1.9368358e-01   5.7860334e-01   2.7144892e-01  -1.8986745e-01   4.9324146e-01  -3.3740867e-01  -2.4409955e-01   3.1523469e-03  -1.5605923e-02  -2.7652197e-01  -7.8963444e-02   3.4842567e-01   5.2362902e-01  -2.4389894e-01  -3.0729643e-01   3.2255036e-02  -8.7085403e-02  -2.3736691e-01   4.8030467e-01   2.7551476e-01  -7.4162132e-02  -1.1714861e-01   2.0757927e-01  -3.2006315e-01   3.3894764e-01  -2.3450396e-01   6.8739589e-01   3.4728363e-01   4.0692182e-01  -5.7609718e-03   5.6967364e-01  -4.0893216e-01  -8.0680923e-02  -1.8313506e-01  -1.6444998e-01  -1.7951863e-01  -1.8227011e-02   1.9815227e-01  -2.1547670e-01  -2.5082603e-01   3.6856270e-01   1.4307483e-01   1.2241828e-01   1.2763676e-01  -1.3455386e-01  -1.2134614e-01  -2.9886427e-01   2.6477771e-01  -1.4397433e-01
  -4.2016553e-01  -4.8101057e-01  -3.1319472e-01   0.0000000e+00  -3.5469841e-01   2.5812759e-01   2.4477226e-01  -7.4893079e-03   4.2577690e-01  -3.7295110e-01   2.7520170e-02  -4.7762910e-01   3.8460771e-01   5.2762036e-01  -1.1648434e-01  -3.1631831e-01  -3.8525307e-01   5.5329119e-01   1.5193023e-01  -3.2446024e-01   3.3510228e-01   7.2398854e-01   2.3480981e-01  -3.6267917e-01   4.8123893e-01   2.0505858e-01   1.5671290e-01   1.1835921e-01   7.7034552e-02   6.9518782e-01  -1.1038438e-01   5.9254144e-01  -8.4794783e-02  -1.5852776e-01   2.6247183e-01  -2.9145437e-01  -1.5082821e-01  -5.6581199e-01  -3.6769999e-01  -4.9425963e-01   8.2607224e-02  -3.8532669e-02   3.2342248e-01  -3.3057583e-02   3.1976306e-01  -8.5295589e-02   2.4957918e-01   3.2689568e-01   4.4407667e-01  -5.4159253e-01   3.4590065e-01   2.3452108e-01  -1.7538275e-01  -8.5711553e-02   2.7809738e-01   2.5284814e-01   2.1743430e-01   6.3623234e-01   4.6171636e-01   2.9920212e-01  -3.6736725e-01   4.3510435e-01   3.3794366e-01  -3.7505210e-01   2.6406566e-03  -2.7826246e-01   4.6444897e-01   4.1488290e-01   5.7971248e-01   1.7698019e-01  -5.5702849e-01   6.8615002e-01  -4.0179728e-01  -1.1116226e-01   2.5556537e-01   3.5509501e-01  -4.4756747e-01   2.5702353e-01  -1.9087311e-01   4.0919069e-01   4.6172612e-01  -2.7576505e-01  -6.1094799e-01   2.1780777e-01  -3.2091698e-01   4.4843156e-01   2.7831810e-01   2.9197387e-01   9.5756457e-02  -5.5084594e-01  -1.8968094e-01  -1.2033341e-01  -4.4952112e-01   5.7705466e-01  -5.4480146e-01  -4.2887680e-01   4.2678240e-01   2.3342612e-01   3.7178870e-01   1.9452214e-01  -2.4290364e-01  -1.6534443e-01   5.8593802e-01   5.0699105e-01   5.6501672e-01   7.2591964e-01  -2.1156304e-01   4.3557331e-01  -1.7541073e-01  -6.1662386e-02  -6.0872161e-01   6.7579007e-01   7.7145951e-01  -5.6993941e-01   2.0069925e-01  -3.3528998e-01   2.6593634e-01  -1.2316762e-01   2.4271711e-01   6.7367872e-01  -4.7539168e-01  -2.5332311e-02   3.2482274e-01   4.5610828e-02  -5.1697691e-01   3.5123886e-01   2.3140590e-01   1.3627442e-01   5.9556809e-01  -1.3783776e-01  -1.5261649e-01  -2.6824372e-01  -2.9491361e-01   2.4491559e-02   6.9377042e-01   6.9657969e-02   1.0141435e-01   2.6615664e-02   3.4221004e-01  -4.9259155e-01  -5.4459690e-01   3.1448010e-01   3.3022680e-01   3.3756505e-01   1.3287373e-01   2.6266913e-01  -4.5372244e-01  -4.9202374e-01  -1.3857626e-01  -2.9161995e-01  -2.8783380e-02   4.4671640e-01  -2.8308811e-01  -3.2799920e-01  -5.1742226e-01  -5.5276212e-01  -4.7967696e-01   2.7548712e-01  -3.1873068e-01   5.4812821e-01   2.8356720e-01   1.9951883e-02  -3.8639308e-01   6.5176179e-01   6.4832160e-01  -3.1040231e-01  -3.2598720e-01   2.8392431e-01  -2.3303695e-01  -5.6434793e-01  -3.1227769e-01  -6.2771081e-01   6.7280333e-01   3.9430309e-01   5.7012453e-01  -2.6251592e-01   5.4760773e-01
   2.3960463e-01   7.0278249e-01   2.3439610e-01  -3.5469841e-01   0.0000000e+00  -5.9048537e-02  -2.2746493e-01   1.0702095e-01  -2.0717708e-01   4.4876996e-01  -9.5156842e-02   6.0524854e-01  -2.9486816e-01  -6.2793556e-01  -4.1891464e-02   2.8646294e-01   3.3617776e-01  -5.0549203e-01  -8.7028386e-02   9.2943459e-01  -3.7955813e-01  -4.4342234e-01  -4.3389693e-01  -1.0636474e-02  -5.7320805e-01  -1.3011942e-02   4.5991878e-01  -3.2103149e-01   3.5479794e-02  -6.2900537e-01  -6.3824444e-02  -3.5372739e-01   4.6575000e-01   1.8963227e-01  -4.5834618e-01   6.1516444e-01   1.4888127e-01   1.3551777e-01   4.6870697e-01   6.9268172e-01  -5.9373101e-02   2.9819228e-01  -1.4369714e-01   1.0892169e-01   2.4773979e-01  -4.6604821e-01  -2.9615420e-01  -1.5615780e-01  -5.8172113e-01   7.2704339e-01  -4.3929940e-01  -1.6427167e-01   4.7542030e-01   4.8637841e-02  -4.4271125e-01  -1.5601075e-01  -1.7506692e-01  -4.4866096e-01  -3.1306220e-01  -2.8652953e-01  -7.4663989e-02  -3.2110640e-01   1.2621753e-01   5.4951880e-01   1.7397177e-01   4.7694452e-01  -4.0506048e-01  -4.3231063e-03  -5.1072874e-01  -5.1319680e-01   6.5965591e-01  -4.8674181e-01   3.9840618e-01  -1.8555268e-01  -3.5199186e-01  -6.2698298e-02   8.8443880e-02   2.6009189e-02   6.2462735e-01  -3.8911812e-01  -4.3543654e-01   3.0269626e-01   6.7450719e-01  -9.5897790e-02   4.1857701e-02  -3.0888297e-01  -5.6864831e-01  -5.5720992e-01   1.0935163e-01   1.7431311e-01   5.0147556e-01   1.9792314e-02   4.7366017e-01  -4.0429725e-01   1.9867487e-01   5.0875676e-01  -5.7805148e-02  -9.3336056e-02  -1.2546148e-01  -1.3227125e-01   3.5981195e-03   4.2486037e-01  -4.3040902e-01  -4.5655590e-01  -5.7958091e-01  -2.4719480e-01   4.0615461e-01  -1.2049521e-01   1.7147224e-01   2.9879966e-01   4.7353011e-01  -5.6039890e-01  -5.4733412e-01   2.4473562e-01  -4.8810370e-01   5.8265511e-01  -8.1934027e-03   1.7633627e-01  -3.8568799e-01  -5.1115988e-01   1.8735479e-01   2.5480674e-01  -1.0659401e-02  -4.2504832e-01   4.9913381e-02  -4.9070080e-01  -4.4133823e-01   1.8501362e-02  -4.1258623e-01  -3.1017740e-01   2.3659229e-01   3.5136960e-01   3.2511386e-01  -3.1008459e-01  -4.7620014e-01   8.1066438e-02  -4.5230799e-02  -6.4931095e-03  -2.3414425e-01   2.8297771e-01   3.7781906e-01  -1.6209855e-01  -8.7542527e-02  -4.9649539e-01  -5.5374565e-01  -3.9722084e-01   4.9926097e-01   6.4098058e-01   8.6962308e-02   4.9915387e-01  -3.4822413e-01  -4.6145200e-01   1.5764736e-01   3.1502947e-01   6.1329640e-01   1.7639651e-01   4.0762094e-02  -1.2189854e-01   1.7063087e-01  -5.6107216e-01  -7.7941572e-02   1.3556178e-01   4.3539459e-01  -5.6490001e-01  -3.0565330e-01   3.8941504e-01   4.4058124e-01  -1.3411371e-01   2.5160635e-01   6.7194345e-01   6.0692373e-01   2.9361731e-01  -4.2507526e-01  -3.9393460e-01  -3.9974171e-01   4.4488368e-01  -2.4506099e-01
  -2.4697164e-01  -2.3201749e-01  -1.3296535e-01   2.5812759e-01  -5.9048537e-02   0.0000000e+00   1.6682121e-01   3.8337025e-01   3.8218676e-01  -3.0891929e-01   3.1650243e-01  -2.1722195e-01  -7.5506412e-02   2.0504322e-01  -2.4027660e-01  -3.7288802e-01  -1.4686836e-01   9.8570271e-02   1.1598958e-01  -3.4172633e-02  -1.8455107e-01   3.4107984e-01  -8.6121015e-02  -3.0463845e-01   1.7406669e-01   6.8069706e-01   4.1290965e-01   3.8790493e-01   1.7823791e-01   2.6875535e-01  -4.2717372e-01   2.6766185e-01  -1.1982309e-01  -2.5293587e-01   1.8977132e-01  -1.6451047e-01  -9.7445533e-02  -4.8667818e-01  -3.3754635e-01  -1.3311259e-01  -3.0211252e-01  -1.7486659e-01   3.4631704e-01   2.8823257e-01   2.9814683e-01   4.7977136e-02  -5.3224334e-02   4.9732813e-02   1.5712135e-01  -1.3972298e-01   2.1949150e-01   5.8505689e-01  -2.5210822e-01   2.3890351e-01  -5.4003522e-02   5.1097820e-01   5.0345246e-01   3.6080159e-01  -1.0538353e-01   1.4272148e-02  -3.8861440e-01   2.1439492e-01   3.0506740e-01  -1.3823867e-01   1.5613001e-01  -2.1119317e-01   6.8532432e-01   3.9729208e-01   3.9255431e-01   2.9609248e-01  -2.7065476e-01   3.5912074e-01  -3.5204282e-01  -1.3270843e-01   2.3974873e-01   3.9949939e-01  -4.7680564e-01   4.9859816e-01  -8.7751661e-02  -9.4951947e-02   4.6531877e-01  -3.9243712e-01  -2.3003146e-01   6.8769105e-01  -2.2879582e-01   2.5634974e-01   1.3611728e-01   1.0844635e-01   1.5523153e-01  -3.2578236e-01  -1.5253029e-01  -1.1542317e-01  -2.0816814e-01   2.8631792e-01  -4.7447055e-01  -2.1737280e-01   4.1526159e-01   4.8582825e-01   2.7100532e-01   1.4983189e-01   5.0695452e-02   2.0133643e-01   2.9753100e-01   2.9155995e-01   7.1749965e-02   3.8677675e-01  -1.5281335e-01   6.2135509e-01  -1.3179353e-01  -2.8881426e-01  -2.9346735e-01   3.1874885e-01   4.1025844e-01  -3.6187225e-01   2.9361194e-01  -3.3539244e-01   6.6345700e-01  -3.7505334e-01   2.5289721e-01   3.3359241e-01  -5.7644735e-01   1.0793220e-01   2.0742277e-01  -2.6999773e-01  -2.6763110e-01   1.3783165e-01   6.1076038e-02   1.1831139e-01   2.6872167e-01   2.5749264e-01  -2.0961717e-01  -1.1021426e-01  -1.5136954e-01  -3.9919730e-01   3.9504521e-01   3.1939157e-01   1.3874750e-02   1.7760336e-01   3.7407448e-01  -4.1381619e-01  -4.2404863e-01   1.0522290e-01   5.6696469e-01   5.3097040e-01  -1.0685761e-01  -3.3603094e-01  -1.8344386e-01  -3.4602469e-01  -3.7513353e-01  -1.8046916e-01   4.9045807e-02   3.2324668e-01  -2.7812312e-01   9.8834288e-02  -4.0468805e-03  -4.7065641e-01  -4.5254294e-01  -1.4375789e-01  -3.1764913e-01   3.1655162e-01   3.1348211e-01   3.4918714e-01  -3.8968622e-01   6.2778831e-02   4.1936383e-01  -3.5923237e-01   2.0073814e-01   5.4223158e-01  -3.7253933e-01  -3.0050318e-01  -2.9884558e-01  -4.1076192e-01   2.1414513e-01   5.0999889e-01   7.3836469e-02  -1.3139895e-01   4.5593080e-01
  -5.4425249e-01  -1.9808351e-01  -1.3851066e-01   2.4477226e-01  -2.2746493e-01   1.6682121e-01   0.0000000e+00  -4.2782802e-01  -1.5840522e-01   1.5771889e-01   9.9805784e-02  -1.2778856e-01   4.5543985e-01   4.1134763e-03   5.2821492e-01   9.1386895e-02  -3.5744964e-01   4.4869104e-01  -2.6051090e-01  -1.1632891e-01   1.0652810e-01   1.2222113e-01   5.5854789e-01  -3.8139318e-01   1.7041167e-01  -1.7777812e-01   2.4327930e-01   4.2763283e-01   2.3919612e-01   4.7894382e-01   5.8534312e-02   2.3102758e-01  -3.3978002e-01   3.9778281e-01   2.1742074e-01  -1.1343975e-01  -1.9008911e-01  -5.1995557e-01  -1.2815505e-01   5.9948880e-02   2.4656445e-02  -3.7022469e-01  -1.6060080e-01  -1.4281571e-01   4.1026245e-01  -3.1904173e-01   3.2328584e-01   7.2423948e-01   3.2099462e-01  -2.7540981e-01   5.7566038e-01  -3.0507343e-01   1.3766059e-01  -2.3462268e-01   1.6604244e-02   3.7716185e-01  -2.5197796e-02   1.8203864e-01   3.9979785e-01  -1.0017130e-01  -4.8453490e-01   4.8262824e-01  -8.4647435e-02  -1.6158050e-01   1.0208135e-01  -4.1266182e-02  -5.1391473e-03   6.4074200e-02   2.7433808e-01   7.0396075e-02  -1.4740843e-01   5.2804987e-01   5.6370822e-04  -3.8213890e-01  -9.4163191e-02  -1.1198319e-02  -5.7214795e-01   7.1652253e-02  -1.6236236e-01   3.6161003e-01   6.3901693e-01  -1.7635715e-02  -2.2335130e-01  -1.6647159e-01  -4.8083048e-01   1.1798412e-01   2.0035153e-01  -6.7893185e-02  -2.7219622e-01  -4.9128553e-01   4.6500233e-02  -4.6424199e-01   6.3952335e-02  -7.5374177e-02  -5.7127366e-01  -1.3718024e-01   4.9142580e-01   8.9897288e-02   3.7997097e-01   5.9743604e-01   8.6184393e-03   1.8693024e-01   8.6881669e-03   1.3391158e-01   6.1052277e-01   1.9065455e-01  -3.0250978e-01   1.4061678e-01   8.1295767e-02   1.3852951e-01   1.6022458e-01   4.8017761e-01   3.2946942e-01  -6.3063972e-01   4.3585204e-01  -1.7628534e-01   2.2826174e-02  -2.4351730e-01  -2.9490073e-03   3.4252305e-01  -5.7299469e-01   2.8054448e-01  -9.3423910e-02   2.0122398e-02  -5.2347408e-01  -1.8709058e-01   4.2454591e-01  -2.9066795e-01   2.0148326e-01  -1.9265554e-01   1.4466628e-01   1.1200357e-01  -5.3198040e-01   9.5452008e-02   2.1383751e-01  -2.6101628e-01   1.2545786e-01   3.0249252e-01  -6.1001315e-02  -6.3226525e-01  -4.8287571e-01   1.6431806e-01   2.5354389e-01   3.1227535e-01   3.1060945e-01  -3.5010742e-02   1.6668364e-01  -3.7870783e-01   1.8132946e-01  -2.1069853e-01  -3.1916689e-01   9.6905485e-03  -4.4939923e-01  -5.3050049e-02  -2.1965593e-02  -3.5607385e-01  -4.1743021e-01   3.2133516e-01  -5.8706989e-01   4.5446960e-01   2.2880704e-01   1.4481775e-02  -1.7917472e-01   4.9577258e-01   1.2014531e-01  -1.3144422e-02   3.3858345e-02  -1.6481321e-01  -3.9391952e-01  -3.0432897e-01  -1.4529690e-01  -3.7525792e-01   2.9507418e-01   6.6820141e-02   2.8797379e-01  -2.4341417e-01  -1.0500499e-01
   2.7958505e-01  -7.1288891e-02   1.4931896e-01  -7.4893079e-03   1.0702095e-01   3.8337025e-01  -4.2782802e-01   0.0000000e+00   4.9301881e-01  -3.1764257e-01   1.1266542e-01  -3.4193459e-02  -3.7728163e-01   6.3222271e-03  -3.1209085e-01  -3.1201204e-01   2.7089288e-01  -1.3100896e-01   3.3640864e-02   1.2069130e-01  -2.6103632e-01   2.2737170e-01  -4.6378224e-01   2.7139739e-01   7.7963546e-05   5.8525760e-01   3.3662595e-01  -1.9859643e-01   5.5895131e-02  -1.3319729e-01  -2.0376905e-01   6.9171543e-02   7.9437198e-02  -4.2297044e-01  -3.8990944e-02  -2.0877648e-01   9.8539131e-02   1.5042531e-01  -2.9238097e-01   2.2679377e-02  -3.2926983e-01   6.5294737e-02   5.0311515e-01   3.5191619e-01  -1.7569333e-02   1.8002353e-01  -1.6216333e-01  -4.4338859e-01  -3.2602960e-01   2.1785377e-01  -7.9526502e-02   8.2127457e-01  -3.3536764e-01   3.5064909e-01  -1.3384791e-01   1.2366292e-01  -6.2919905e-03   1.9256445e-01  -2.0324461e-01   1.2014981e-01   1.3539376e-01  -2.2008532e-01   2.9683683e-01   2.1301654e-01   8.5603107e-02  -2.1912893e-01   3.7394801e-01   2.5258412e-01   2.4986318e-01   2.4232393e-01  -1.2246642e-01  -7.0766552e-02  -1.5961499e-01   7.9898575e-02   3.5419395e-01   4.4559208e-01   8.3865688e-02   3.4695378e-01  -1.8008201e-01  -3.3831367e-01  -1.1549955e-01  -6.3258182e-02  -1.4575909e-02   4.6362839e-01   1.7938056e-02   2.0501597e-01  -2.4913426e-01   1.9395339e-01   2.6525180e-01   1.4785410e-01  -2.4671824e-01   3.1594378e-01  -1.8304522e-01   4.1878823e-01   5.8607262e-02  -9.2324467e-02   3.7237226e-02   3.5697861e-02  -1.8924199e-01  -1.8065580e-01  -7.4906129e-02   3.8187651e-02   2.8029475e-01   1.0588125e-01  -2.2621741e-01   2.4040949e-01  -6.4807352e-03   4.0093821e-01  -1.9041387e-01  -4.2684026e-01  -2.6018780e-01  -4.9686454e-02   1.2624990e-01   2.1140481e-01  -9.0526109e-02  -2.1812181e-01   4.9849111e-01  -2.5465143e-01  -5.0402703e-02  -2.7606422e-03  -5.6890119e-02  -1.4026804e-01   2.7397508e-01  -9.8400070e-02   1.4928062e-01   2.6916683e-01  -1.3112665e-01   3.0253026e-01   2.1378037e-01   3.5442288e-01  -2.6481402e-01  -2.9475008e-01   2.3162169e-01  -4.2768606e-01   2.2657705e-01   6.3584884e-01   1.8690480e-01  -2.3306598e-01   5.3888039e-01   2.6618022e-01   2.5532055e-01  -2.0852897e-01   1.4330554e-01   6.5299240e-02  -2.2665215e-01  -1.6888183e-01  -2.6318106e-01  -6.3424464e-02  -5.5728269e-01  -7.4709473e-02   1.2854381e-01   3.4940806e-01   1.7758037e-01  -1.6109188e-01   4.1622199e-02   1.7297455e-01   2.1300665e-02  -1.8942812e-01   1.4554948e-01   1.0250285e-02   2.7171658e-02   1.6533912e-01  -2.4207679e-01  -1.3043544e-01   1.4249907e-01  -2.7788024e-01  -5.5811424e-02   2.9862163e-01   1.0022734e-01  -2.5374411e-03  -2.4499115e-01  -1.4853633e-02   1.0798628e-01   9.0616284e-02  -8.2139300e-02   1.3145588e-01   3.8378772e-01
   1.5913682e-01  -2.4483722e-01  -1.5090127e-01   4.2577690e-01  -2.0717708e-01   3.8218676e-01  -1.5840522e-01   4.9301881e-01   0.0000000e+00  -3.0527642e-01  -8.7679036e-02  -3.2149199e-01  -5.8794210e-02   3.9074224e-01  -3.3678803e-01  -4.8186695e-01  -8.1402458e-02   4.2064808e-02   1.9032476e-01  -1.5249034e-01  -1.1904544e-01   6.4975522e-01  -1.9919873e-01   4.6081173e-02   1.7289554e-01   4.5301618e-01   1.2358588e-01  -7.2961828e-02   1.6629643e-01   3.6987806e-01  -2.5024581e-01   4.9253752e-01  -1.0894709e-01  -4.3339197e-01   1.9429088e-01  -3.1694172e-01  -3.6669608e-02  -1.7301880e-01  -4.1245052e-01  -3.3650454e-01  -2.2918563e-01  -1.2515036e-01   7.1965316e-01   1.6581817e-01   4.8503392e-02   2.1845963e-01  -5.8031843e-02  -1.8063993e-01   5.8934113e-02  -2.1400040e-01  -4.0741166e-02   6.3138335e-01  -4.5336986e-01   2.4438212e-01  -3.8002242e-02   2.1644396e-02   1.6083738e-01   5.4871089e-01   9.7713284e-02   2.5371498e-01  -1.1846777e-01   7.8802632e-02   4.2133701e-01  -9.2421231e-02   8.1827864e-02  -1.9918941e-01   5.7047243e-01   3.5352905e-01   5.2463963e-01   2.6845980e-01  -3.1476413e-01   2.7247184e-01  -3.0776268e-01   1.9028856e-01   1.4896116e-01   5.5635568e-01  -1.8379207e-01   4.4485590e-01  -2.2793588e-01  -5.6278347e-02   8.6941901e-02  -2.2319354e-01  -3.8369863e-01   5.5319036e-01  -2.5621515e-03   4.3895397e-01   1.0286153e-01   4.2194282e-01   2.7447041e-01  -6.4507416e-02  -3.1781698e-01   1.0858933e-01  -4.2296746e-01   6.6507901e-01  -1.9521471e-01  -3.5429345e-01   2.5729732e-01   4.5805730e-02   7.0540841e-02   6.9477902e-02  -2.9068787e-01  -1.4863076e-01   4.6050183e-01   4.9404449e-01   1.0288612e-01   6.2043798e-01  -2.0466635e-01   4.6105848e-01  -1.5325171e-01  -3.5715490e-01  -5.2688467e-01   3.2237945e-01   4.9019493e-01  -1.3861082e-02  -4.0017194e-02  -2.8509592e-01   4.6242437e-01  -2.0462261e-01   1.2026349e-01   4.1196919e-01  -2.7646870e-01  -1.9699960e-01   2.4869419e-01  -1.0447542e-01  -1.2737243e-01   5.0236023e-01  -4.3539305e-02   1.9188637e-01   6.1985165e-01   6.8218957e-02  -8.6342098e-02  -3.2916430e-01   1.5898279e-01  -2.2523031e-01   5.7992968e-01   5.6680102e-01   2.5390634e-01  -1.7930036e-01   6.2651937e-01  -3.4020330e-02  -1.4609639e-02   6.5261132e-02   2.6002796e-01   3.1958077e-01  -1.1960668e-01  -3.7078507e-02  -4.2772751e-01  -2.7488854e-01  -4.7681490e-01  -1.1794820e-01   2.7042524e-01   2.4189355e-01  -7.1601585e-02  -3.1103405e-01  -3.9070282e-01  -8.3920881e-02  -1.5065807e-01  -1.3662179e-01  -1.2502088e-01   1.3478471e-01   3.1626505e-01   1.0817305e-01  -2.7173141e-01   2.4793811e-01   5.6215891e-01  -3.4270251e-01  -2.5861053e-01   3.6710548e-01  -1.4345437e-01  -4.0322533e-01  -3.2731617e-01  -2.8304068e-01   4.0208574e-01   3.2331230e-01   2.0036836e-01  -1.3352752e-01   7.5152361e-01
   7.4598737e-03   3.0133004e-01  -1.0651619e-01  -3.7295110e-01   4.4876996e-01  -3.0891929e-01   1.5771889e-01  -3.1764257e-01  -3.0527642e-01   0.0000000e+00   2.8736429e-02   3.4492980e-01  -6.3720678e-02  -5.9361420e-01   3.2323818e-01   2.9630664e-01  -8.9044463e-03  -3.7155617e-01  -1.2693511e-01   4.4057033e-01  -2.1529135e-01  -4.2520400e-01   1.2982459e-01  -1.0622062e-01  -5.7815448e-01  -3.3262812e-01  -4.4716980e-02  -2.8406273e-02  -7.6721194e-02  -4.7858644e-01   2.7494882e-01  -4.6859762e-01   1.8306373e-01   4.0590215e-01  -2.8662960e-01   5.3468139e-01   2.5615732e-01   1.4186888e-01   4.1499612e-01   5.4187976e-01   1.6885651e-01   4.6055491e-02  -3.8059384e-01   9.4385972e-02  -1.0791151e-01  -4.5843996e-01  -7.3961112e-02   5.2870017e-02  -2.6852806e-01   3.7672825e-01  -2.1181854e-01  -5.3116336e-01   3.2912691e-01   3.8870096e-02  -3.8536223e-01   1.0477344e-02  -9.5540460e-02  -4.4869164e-01  -1.4819216e-01  -4.7851542e-01  -1.1958718e-01  -8.2620859e-02  -3.8944403e-01   4.6096188e-01  -1.7071959e-01   7.1230994e-01  -4.8136385e-01  -4.0543353e-01  -3.6257420e-01  -6.4380286e-01   5.1537224e-01  -4.1135089e-01   5.2709754e-01  -2.9163378e-01  -4.7298049e-01  -1.3046960e-01  -5.5041918e-02  -8.6249776e-02   3.9496581e-01  -1.7848447e-01  -1.8143136e-01   1.5359737e-01   6.0349136e-01  -3.0442873e-01  -2.0662923e-01  -3.4058988e-01  -3.4861959e-01  -4.9778689e-01  -2.6100415e-01   7.9187909e-02   2.8369020e-01  -2.4680312e-01   5.7257529e-01  -4.6524599e-01   1.0151616e-01   2.0535933e-01  -2.9529790e-02   6.4736329e-02  -2.0603311e-01   3.4110589e-01   1.5887278e-02   3.3328089e-01  -4.3428289e-01  -5.2279360e-01  -2.7744957e-01  -3.4062755e-01   3.2402741e-01  -2.7195093e-01   4.5436721e-01   1.8427920e-01   7.4468028e-01  -4.6862376e-01  -4.7685958e-01   1.3786853e-01  -2.0104930e-01   4.5604665e-01  -1.5318785e-01   3.9879594e-01  -3.4714185e-01  -2.6746652e-01   2.1293222e-01   2.3166153e-02  -3.9490878e-01  -3.0273535e-01  -4.9479685e-02  -6.0733503e-01  -1.2949909e-01  -2.9271109e-01  -3.6980961e-01  -5.3520837e-01   3.8967070e-01   4.0354452e-01  -6.2291833e-02   1.6349955e-01  -4.1571924e-01  -7.1768122e-02  -8.2436657e-02   1.9757934e-01  -4.3770308e-01   1.0371905e-01   2.0648706e-01  -1.5414585e-01  -1.4319968e-01  -4.1388388e-01  -1.2121808e-01  -2.3325579e-01   4.8960704e-01   4.7283634e-01   2.9064816e-01   5.6108198e-01  -5.2747598e-01  -4.2670752e-01  -3.6984838e-02   3.4712917e-01   2.9403505e-01   2.5228671e-01   1.0413920e-01   6.6423333e-02  -4.1729547e-02  -3.5520656e-01  -1.3482823e-01   1.0698240e-01   6.4830862e-01  -3.8032385e-01  -3.4837994e-01   4.4646669e-01   4.6338639e-01  -3.6049170e-01   8.0055383e-02   4.5639373e-01   5.8661198e-01   3.3146391e-01  -5.4060532e-01  -4.0997764e-01  -3.4027436e-01   3.2951858e-01  -3.9638646e-01
  -1.2747635e-01  -3.1471622e-01  -3.1747738e-01   2.7520170e-02  -9.5156842e-02   3.1650243e-01   9.9805784e-02   1.1266542e-01  -8.7679036e-02   2.8736429e-02   0.0000000e+00  -3.0502063e-01   7.5379023e-02   1.9738283e-01   2.1636740e-01  -9.0710120e-02  -2.3355266e-01   2.1469068e-01  -1.7633375e-01  -1.6867058e-01   1.6492461e-02   6.8102224e-04   1.3089061e-01  -8.8874361e-02   4.9932253e-02   2.9783979e-01   1.2445800e-01   1.9673027e-01  -7.7561685e-03   8.9937303e-02   6.0773407e-02  -4.6006053e-02  -3.0209577e-01   1.2881493e-01   1.0938377e-01   1.7965111e-01   2.8204347e-01  -3.3174553e-01  -1.2966699e-01  -4.2615688e-02   1.9400846e-02  -1.7905008e-01  -1.1002272e-01   2.7484662e-01   1.1088035e-03  -1.1170423e-01   5.1493615e-01   3.4609421e-02   2.2456171e-01  -1.7287764e-01   4.1038319e-01   1.0280628e-01  -6.7427252e-02   2.3979561e-01  -7.9076116e-02   4.6790268e-01   9.7050020e-02  -3.8889515e-03   1.5778965e-01  -1.1884467e-01  -3.1966046e-01   3.2838351e-01  -1.7893261e-01   2.6302501e-01   2.0902439e-01   1.2888618e-01   1.6484339e-01  -3.8846540e-02   3.6127060e-01  -1.4064966e-02  -2.2253763e-01   2.2593267e-01   5.5726087e-02  -1.6543918e-04   1.0476643e-01  -5.4554729e-02  -3.9586602e-01   2.0667703e-01   1.0341207e-01  -7.6488473e-02   2.0458397e-01  -2.7211560e-01  -2.0422043e-02   3.1310785e-01  -2.0508884e-01  -1.4689625e-02   1.9801790e-01   9.4299757e-02  -1.3043838e-01  -6.4180115e-02  -3.1610836e-01  -3.0886941e-01   2.3627746e-01  -1.2025520e-01  -3.8665799e-01  -4.0349650e-01   3.2488251e-01  -4.1202902e-03   1.8039589e-01   3.4892947e-01   4.6212363e-02   3.5177516e-01   2.1867277e-02  -5.9586079e-03   8.0216827e-02   1.7599868e-02  -1.1121154e-01   1.2732681e-02   2.6503890e-01   3.6528372e-02   2.8949434e-02   1.1282216e-01   1.7013297e-01  -2.4503533e-01   1.4597362e-01  -6.3178964e-02   2.6863754e-01   6.4154995e-02  -1.6678010e-02   1.7591241e-01  -2.6972982e-01  -2.8936638e-01  -1.5448303e-01  -6.2448202e-02  -3.5482013e-01   5.8652259e-02   4.1844953e-01   1.5673602e-01  -4.4470782e-02  -1.3885338e-02  -4.7691344e-02   3.6025295e-01  -1.8066322e-01  -1.3142204e-01   5.6143460e-02   9.8880820e-02   8.0630219e-02   5.7666518e-02   1.1127566e-01  -2.3316892e-01  -2.0865024e-01   1.3558097e-02   5.2451117e-01   1.0934486e-01   2.1322617e-01  -3.5416274e-02  -2.3507932e-01  -8.4246344e-02   5.4967551e-02   1.1988528e-02  -1.1547359e-01   1.4531353e-01  -6.1793180e-02   4.6040698e-01  -1.2401227e-01  -1.3534707e-01  -2.7841806e-01   4.2946223e-02  -2.6482323e-01   1.2766829e-01  -8.0359075e-02   5.5413353e-01  -2.4526782e-01   1.0066802e-01  -7.0903713e-02  -6.6399285e-02   5.3801896e-01   6.1772811e-02  -1.2435498e-01  -8.7043665e-02  -9.3472038e-02  -1.9878922e-01   6.8445868e-02   1.0448870e-01   2.2366043e-01  -1.6410923e-01  -4.4487646e-02
   2.9531164e-01   8.7553976e-01   6.0284919e-01  -4.7762910e-01   6.0524854e-01  -2.1722195e-01  -1.2778856e-01  -3.4193459e-02  -3.2149199e-01   3.4492980e-01  -3.0502063e-01   0.0000000e+00  -3.3083710e-01  -6.6773688e-01   1.9388335e-01   4.5898763e-01   4.6430658e-01  -3.4234335e-01   7.7052812e-02   6.0696711e-01  -3.0205049e-01  -5.1034874e-01  -2.3843921e-01   1.0836767e-01  -4.8172232e-01  -4.0508116e-01   8.2546182e-02  -2.2338209e-01   1.8100956e-01  -5.2156482e-01  -1.2871533e-01  -3.3787700e-01   2.4151679e-01   2.9754167e-01  -4.9030067e-03   3.0806156e-01  -1.8126827e-01   3.1013901e-01   3.7457219e-01   6.1516915e-01  -2.3796478e-01   3.0408896e-01   3.3269328e-02  -2.4359807e-01   1.1498980e-01  -3.3956419e-01  -4.2849345e-01  -1.6417071e-01  -6.9738134e-01   7.3847175e-01  -3.7498428e-01  -2.2244442e-01   3.6125220e-01  -5.5748560e-02  -2.5919612e-01  -4.2878060e-01  -2.0520612e-01  -4.4774137e-01  -3.4848616e-01   1.3540771e-01   1.5706271e-01  -6.3655667e-01   2.6913848e-01   2.9732424e-01   1.8020736e-01   4.5814511e-01  -3.3385490e-01  -1.4940757e-01  -5.7965314e-01  -2.4977954e-01   5.8041430e-01  -5.9402478e-01   3.4848437e-01  -1.1963002e-01  -2.6721021e-01  -1.2282638e-01   3.0333447e-01  -5.0967207e-01   3.8041221e-01  -2.0509130e-01  -4.0571511e-01   4.2426817e-01   5.6987055e-01  -4.2498833e-01   1.9758173e-01  -3.3945535e-01  -4.4335931e-01  -5.2046315e-01   8.6060809e-02   1.4132284e-01   4.2539237e-01   1.9164341e-01   4.6266853e-01  -2.4842503e-01   3.4758559e-01   6.3186800e-01  -4.1683011e-01  -5.3227180e-02  -3.8404429e-01  -2.9864874e-01   1.3425768e-01   4.0217028e-01  -6.0232050e-01  -1.5310289e-01  -4.9686999e-01  -4.0251837e-01   3.7640637e-01  -2.0962143e-01  -1.4603155e-01   2.1483165e-01   6.8198363e-01  -5.4026774e-01  -5.8433247e-01   3.1480109e-01  -2.6428555e-01   6.0905984e-01  -3.9609478e-01   7.3382262e-02  -4.7032738e-01  -5.9653770e-01   2.0382381e-01   4.8094019e-01   2.7478559e-01   3.7079589e-02   2.4019537e-01  -3.4704225e-01  -1.5527380e-01  -9.3262532e-02  -4.0302980e-01  -2.4909988e-02   2.1796892e-01   2.4556702e-01   4.6495042e-01  -2.2354889e-01  -4.7263552e-01  -1.4337191e-01  -8.2963168e-04  -2.0902070e-01  -3.2886974e-01   3.2794080e-01   4.7057422e-01  -2.2115737e-01  -4.8490362e-01  -3.3141542e-01  -2.3139540e-01  -3.3154522e-01   8.0458048e-01   5.4690402e-01   3.9040225e-02   2.4666881e-01  -2.1779064e-01  -5.0474836e-01   1.1155858e-01   1.3374433e-01   8.0691015e-01   2.5512554e-01   1.7052918e-01  -2.1571039e-02   2.7696323e-01  -5.7092338e-01  -1.2462894e-01  -3.4079014e-01   2.4811415e-01  -4.6776013e-01  -3.1776531e-01   5.8058683e-01   1.8109341e-01  -3.5010221e-01   3.0009891e-01   5.6288072e-01   5.9465351e-01   3.4675891e-01  -4.6597836e-01  -4.4277639e-01  -4.6003439e-01   3.5448611e-01  -3.4454843e-01
  -3.0707012e-01  -4.5486821e-01  -1.8119819e-01   3.8460771e-01  -2.9486816e-01  -7.5506412e-02   4.5543985e-01  -3.7728163e-01  -5.8794210e-02  -6.3720678e-02   7.5379023e-02  -3.3083710e-01   0.0000000e+00   3.5193531e-01   1.3368213e-01   2.7112342e-02  -3.4447656e-01   4.7919372e-01  -2.5935725e-01  -1.9178908e-01   3.5844643e-01   2.5098633e-01   4.6479412e-01  -2.0197200e-01   3.3303316e-01  -2.3300956e-01   7.1533908e-02   2.6556117e-01   1.5219593e-01   5.1633044e-01  -1.1749141e-01   2.3810758e-01  -2.8601863e-01   2.0890751e-01   3.0604132e-01  -9.1730400e-03  -2.0122737e-01  -5.0414442e-01  -2.1553591e-01  -3.7766663e-01   5.5559412e-01  -1.4937128e-01  -2.0307760e-01  -2.6710368e-01   2.0160800e-01  -4.0287250e-02   3.2987938e-01   3.8308837e-01   5.0383702e-01  -4.8730526e-01   4.3500973e-01  -2.0678124e-01  -5.4346751e-02  -1.3936931e-01   2.4838720e-01   2.5201555e-01   5.0327861e-02   2.7401286e-01   4.2851923e-01   1.8804541e-01  -2.0176957e-01   4.3988589e-01  -1.1512098e-01  -4.1212834e-01  -1.7575375e-01  -9.4303003e-02  -6.4004302e-02  -4.5093264e-03   2.4211558e-01   1.2267282e-01  -5.1405431e-01   5.7493683e-01  -2.5032961e-01   2.9787460e-02   8.3354127e-02  -1.3880714e-01  -3.7327687e-01  -7.9525207e-03   5.0457080e-02   4.5181738e-01   4.1630861e-01  -2.5554269e-01  -4.9203758e-01  -1.4210087e-01  -8.8715372e-02   4.4201463e-02   3.0900969e-01   2.7499285e-01  -1.6938561e-01  -3.2928689e-01   1.2141423e-01  -1.6014539e-01  -1.4103498e-01   1.1620258e-01  -4.8907414e-01  -2.6817236e-01   4.0616286e-01   3.4782687e-02   3.9877313e-01   1.7290002e-01  -6.8770586e-02  -3.1854080e-03   1.2991959e-01   3.2021116e-01   4.9888410e-01   2.0468655e-01  -3.2578620e-01  -1.2979941e-01  -6.9557465e-02   2.0513548e-01  -2.2949836e-01   5.0167326e-01   4.2283644e-01  -4.3207123e-01   2.7738177e-01  -1.7405311e-01  -5.6423568e-02   1.8992672e-01   2.4295398e-01   4.4262250e-01  -2.2863838e-01   1.1461633e-01   1.8009646e-02   5.9037182e-02  -3.8993647e-01   1.4838209e-01   3.4772517e-01  -2.0377576e-01   2.5447994e-01  -1.6498115e-01   2.4780874e-01  -1.2536389e-01  -2.8995139e-01   2.1285673e-01   3.3769842e-01  -2.6150596e-01   7.3860955e-02   5.6302341e-02  -4.5914323e-03  -4.9563456e-01  -4.3802296e-01   5.7205923e-01   1.4473224e-01   2.4067526e-01   3.0818176e-01   6.5401139e-02  -2.1809487e-01  -3.5312525e-01   3.7918167e-01  -3.4800398e-01   5.0982868e-02   1.5051910e-01  -8.7314112e-02  -1.8838737e-01  -3.0639222e-01  -3.3868742e-01  -1.5046057e-01   1.7521936e-01  -3.0212683e-01   4.1755119e-01   1.9780269e-01  -4.1220438e-02  -2.4144066e-01   5.0706896e-01   2.9299700e-01  -4.5101380e-02  -1.6523840e-01   3.8967852e-02  -4.9988125e-02  -4.9260924e-01  -4.9872936e-03  -4.5468477e-01   4.5108727e-01   6.5117287e-02   5.4909811e-01  -3.6494197e-01  -2.1036858e-03
  -4.1109232e-02  -6.5823734e-01  -3.0431277e-01   5.2762036e-01  -6.2793556e-01   2.0504322e-01   4.1134763e-03   6.3222271e-03   3.9074224e-01  -5.9361420e-01   1.9738283e-01  -6.6773688e-01   3.5193531e-01   0.0000000e+00  -1.1978113e-01  -3.3193794e-01  -3.7623527e-01   5.3265646e-01  -3.1921398e-03  -6.1527738e-01   4.8080200e-01   4.6911529e-01   2.2885381e-01   4.1207715e-02   5.7567600e-01   1.8821807e-01  -1.0579964e-01   2.5076692e-01   6.2899298e-02   6.2785503e-01  -3.0282877e-02   4.0364474e-01  -3.0137507e-01  -2.1699698e-01   3.9893283e-01  -3.1317312e-01  -8.6034716e-02  -4.0234483e-01  -3.8691267e-01  -7.2148131e-01   1.4047126e-01  -1.4870577e-01   1.9238599e-01   3.1997242e-02  -7.8040189e-02   3.9807151e-01   3.5256432e-01   1.3933243e-01   6.3026004e-01  -7.3457782e-01   3.4270209e-01   2.8537316e-01  -3.5261896e-01   7.5126239e-02   5.2206512e-01   3.0917045e-01   1.7889823e-01   3.7190775e-01   3.5199228e-01   4.2655162e-01  -7.1980066e-02   3.5609364e-01   9.8977023e-02  -5.0808855e-01  -4.5829540e-05  -4.3662534e-01   4.4365604e-01   1.4423343e-01   5.8714784e-01   5.0662756e-01  -7.0298839e-01   5.6482041e-01  -5.2128970e-01   3.8498770e-01   2.2066065e-01   3.8615507e-03  -1.9397325e-01   2.0781185e-01  -2.6293904e-01   2.7738063e-01   3.8066506e-01  -4.4647713e-01  -6.9440401e-01   3.2456140e-01   1.5449084e-01   1.7720290e-01   6.6964223e-01   7.7011266e-01  -2.9466031e-02  -2.2438851e-01  -3.9930426e-01   1.5313057e-02  -4.3676460e-01   4.0948751e-01  -3.6381291e-01  -5.1269455e-01   2.4848970e-01  -3.7803209e-02   2.4451930e-01   6.1796218e-02  -2.6957551e-02  -2.5883003e-01   5.3509820e-01   6.1804449e-01   4.2921086e-01   3.4007797e-01  -3.3298614e-01   5.3446490e-02  -1.7279492e-01   4.6825015e-02  -7.3200396e-01   5.8454858e-01   6.4988004e-01  -3.1021832e-01   3.9091875e-01  -4.4642849e-01   1.9521744e-01  -2.6081009e-02   6.0956879e-01   4.7941267e-01  -1.8584202e-01  -3.2138212e-01   1.3058295e-01   2.2481006e-01  -2.5036026e-01   7.2296004e-01   3.1838749e-01   2.1402830e-01   3.6940946e-01   2.6041925e-01  -1.5059354e-01  -2.9815097e-01   1.2246292e-02   1.6270001e-01   4.4669274e-01  -1.2388081e-01   4.6452909e-02   7.8552811e-02   2.5707944e-01  -3.0821536e-01  -3.7363444e-01   2.1093288e-01   2.6004169e-01   5.1293352e-01   3.5218805e-01   4.0848831e-01  -5.8617022e-01  -5.2629489e-01   1.9542460e-02  -4.5497139e-01   5.0461250e-01   5.3103509e-01  -1.3411419e-02  -1.5746630e-01  -6.2817494e-01  -3.2487709e-01  -1.4160159e-01  -4.3128442e-02  -1.7580964e-01   5.0186176e-01   2.9530012e-02   4.2276696e-02  -5.3009384e-01   5.1781221e-01   3.8247855e-01  -3.9127044e-01  -2.9438030e-01   4.1981683e-01  -1.8999878e-02  -6.5059139e-01  -4.8065084e-01  -3.4276498e-01   5.5544063e-01   4.6050595e-01   5.2627226e-01  -6.2433966e-01   3.2020179e-01
