   0.0000000e+00  -2.1797692e-01  -2.8409437e-01   2.3608966e-01  -3.1679916e-01  -1.4423524e-01  -2.7957023e-04  -1.0200091e-01   1.6264025e-01  -2.5316377e-01  -1.9570230e-01  -2.7701465e-01   6.2188212e-02   2.6556799e-01   8.4381488e-03  -1.7355285e-01  -1.7752285e-01  -3.8274267e-02  -1.9352951e-01  -1.7589845e-01   1.0631938e-01   6.2510113e-01   2.6002864e-01   6.0302114e-01  -7.6998924e-02  -1.1781239e-01  -2.8980807e-01  -7.0459609e-02   6.3266846e-03   3.4925150e-01  -4.1751558e-01   1.1482465e-01  -5.6788694e-02  -2.0751468e-01   3.0715571e-01  -8.2501942e-03  -1.3741366e-01   5.9957068e-01  -1.1981446e-02  -6.2335966e-01   2.2966527e-02  -7.6279476e-02   2.5889043e-01  -2.0626137e-01  -3.2388777e-01   6.2381901e-01  -2.7861568e-01   3.5644406e-02   1.3772798e-02  -5.9804915e-01   8.5244650e-02   4.9729725e-02  -4.1454296e-01  -4.9822569e-02  -3.2460235e-02  -9.7349782e-02  -1.0528329e-01   5.0883223e-01   3.3038886e-01   3.7704175e-01   2.8563504e-01  -4.0437686e-01  -1.2417841e-01  -4.7092717e-01  -2.5072508e-01   1.1115239e-01  -1.3147287e-01   1.5002910e-02  -8.8045559e-02   5.0771248e-02  -4.0199342e-01   2.1212951e-01   9.6939474e-02   1.9860090e-02   2.2239743e-01   1.8077953e-01   4.2511868e-01  -8.0210025e-02  -9.2179075e-02  -2.3803279e-02   3.5088638e-02   1.0037865e-01  -3.8094943e-01  -1.1891003e-01  -4.7310061e-01   4.2611268e-01  -4.9794282e-03   1.5960764e-01   3.9114340e-02   6.1388529e-01  -1.8926262e-01  -1.3518106e-01  -1.4233481e-01   2.7836433e-01   6.8714173e-01  -2.1548177e-01   1.3442890e-01  -2.3862961e-01  -3.5520244e-01  -2.5346655e-01  -2.5210652e-01  -8.4817716e-02   7.1984177e-02   3.4465879e-01   5.5956787e-01   9.6517316e-02  -4.9403912e-02  -4.5519685e-02  -6.2284167e-02  -1.7260713e-01  -3.7263804e-01   4.1418906e-01   1.7619264e-01   6.9904792e-01   2.3512375e-01  -4.0528975e-02  -9.4108054e-02   1.1189021e-01   2.6780338e-01   2.7395493e-01   5.7882969e-01  -2.2011237e-01  -2.5262385e-01  -2.1606494e-01   5.8885933e-01   6.3832118e-01   1.4668065e-02   1.5030584e-01   2.8440738e-01  -7.5103881e-02   2.6969961e-01   2.0265360e-02  -7.1482196e-02   5.9481182e-02   5.6614890e-02  -3.1837258e-02   1.2211408e-01  -3.1994459e-02   2.3033127e-01   7.5533618e-01   4.5393990e-01   1.1825527e-01  -1.1129976e-01  -2.1876765e-01   7.2989918e-03  -5.7961166e-02  -3.8532739e-01   1.6006858e-01   5.0286308e-01  -4.7212634e-01   2.6332360e-01  -1.4168247e-01   1.0733724e-01   3.0208632e-03  -6.6822800e-01   7.1354335e-01   6.1924628e-01   3.2178835e-01   2.0490590e-02   1.7301421e-01   1.0334356e-01  -1.5773473e-01  -1.7610222e-01   1.6790033e-01   3.5358506e-01  -1.6035630e-01  -1.3403096e-01  -1.0761622e-01   1.8528317e-01  -3.4524365e-01   1.2642599e-01   5.6255641e-01   6.0360625e-03  -2.3948895e-01   1.0538571e-01  -1.0816873e-01   3.3707724e-01
  -2.1797692e-01   0.0000000e+00   6.1204877e-01  -3.2145735e-02   7.1658218e-01  -5.3664168e-01   9.7468733e-02  -5.3749967e-01   5.0229726e-01   3.6797675e-01  -3.3217555e-01   6.6809152e-01   1.2257648e-01   1.4049182e-01  -3.5341285e-01  -6.2172119e-02   6.1535715e-01   1.5587641e-01  -3.3935702e-01   5.5430088e-01  -2.5489822e-02   6.2136045e-02  -9.8262379e-02  -4.7183612e-01   1.2729225e-01  -4.3552404e-01  -4.8362951e-02  -1.6673665e-01  -1.0459973e-01   3.1010941e-01  -6.6821258e-02  -6.5255731e-02  -1.3544915e-01  -4.0134062e-02   2.4829635e-01   5.0331603e-01   2.6512190e-01  -5.6207402e-01  -4.0542307e-02   1.6554917e-01   3.3201262e-01  -6.9147303e-02   3.0135313e-01  -5.1467419e-01   5.1113111e-01  -3.1334548e-02  -2.9525175e-02   2.6809559e-01  -1.4618031e-02   3.7754886e-01  -3.0403555e-02  -5.5195227e-01   1.5304823e-01   8.5451701e-02   1.9039308e-01  -4.7334876e-01  -4.3502948e-01   7.1584384e-02  -1.5495431e-01   2.1715932e-01   5.3923091e-02   3.5073027e-01   4.5862733e-01  -1.8970880e-01   2.9076549e-01  -8.9354745e-02  -1.7195433e-01   1.6731220e-01  -5.7053616e-01   1.5604308e-01   8.8843389e-01   3.3194049e-02   3.9942452e-02   2.9672901e-01  -9.4317192e-02  -1.6028668e-01  -3.0463753e-01  -4.6851310e-01   5.0697082e-01   1.9671622e-01  -3.9747810e-01   2.2245878e-01  -2.0357241e-01  -4.1269919e-01   6.6550137e-01  -3.4398420e-01   6.2316856e-01  -2.6582542e-01   1.1120628e-01  -2.1068502e-01   6.3667021e-01   1.9972055e-01  -3.0936645e-01   1.1355928e-01  -5.1698822e-01   5.0068003e-01   3.9158691e-02  -3.6862944e-01   4.2354222e-01   3.8194290e-01   5.4790090e-01  -5.4737397e-01  -2.2041798e-01   3.4523413e-01  -1.8572044e-01  -1.2608692e-01   1.9630836e-01  -4.7098314e-01   5.0296946e-03  -3.5760210e-02  -2.5584158e-02   1.0903760e-01   1.3421148e-01  -1.0797643e-01   8.9655473e-02   3.6631787e-01  -5.3904168e-01   2.1152019e-01  -4.9219532e-02  -1.8907253e-02  -4.3112185e-01   5.9359032e-01   2.7733882e-01   1.1031241e-01  -3.3890112e-01  -1.4338246e-01  -3.5415336e-02   2.0500292e-01   1.7039627e-01   3.4522220e-01  -3.8051793e-02   9.9906145e-03   6.9614355e-01  -6.0543979e-02   9.9871468e-02  -5.9447570e-01   7.3975330e-02   4.1798010e-01  -6.2406246e-01  -3.7034846e-01  -7.3456289e-03  -1.3450583e-02  -4.5778904e-01  -3.8999299e-01  -1.0278255e-01  -1.3890682e-01   3.7791280e-01   3.4997223e-01  -2.5237856e-01   4.3125146e-01  -1.1577933e-01  -4.5748789e-01  -2.0018284e-02   1.6176495e-01   2.4034999e-01  -3.8135314e-01  -2.9020455e-01   1.9634964e-02  -1.0467344e-01  -3.3820602e-01   8.7153481e-02  -4.9522281e-01   5.3803649e-01  -8.7413498e-02   1.4127111e-01   2.9064444e-01   4.3989600e-02  -1.6708098e-01   1.0575690e-01   4.7298610e-02   1.9519142e-01  -5.8160172e-01   1.4232984e-01  -4.2253920e-01   7.6754019e-02   1.0318727e-01   1.4844143e-01
  -2.8409437e-01   6.1204877e-01   0.0000000e+00  -6.0662681e-03   5.6271573e-01  -4.6693037e-01   1.2580878e-01  -5.6169265e-01   8.4603310e-02   4.6290166e-01  -3.5074017e-01   7.3899646e-01   9.9109834e-02  -2.4382760e-01  -3.3928581e-01   3.1461249e-01   8.9753802e-01   1.5524974e-01  -1.6578197e-01   5.7334538e-01  -1.0897781e-01   8.9519266e-02  -2.9385730e-01  -4.2750359e-01   1.3672926e-01  -4.2930027e-01   2.7922945e-02  -7.3795182e-02  -4.1155178e-02   6.9336427e-02  -1.8017739e-01   9.6587343e-02   1.1962944e-01  -1.4314878e-01   1.1761148e-01   4.0100869e-01   1.6036824e-01  -4.1408246e-01   3.9188308e-01   3.6715614e-01   1.4289371e-01   2.6375110e-01   4.3267029e-01  -5.6788452e-01   2.5878659e-01   5.6869598e-02  -1.3338896e-01   4.1902347e-02   1.4379725e-02   6.5926697e-01  -5.6927323e-02  -4.8572948e-01   4.8628983e-02   4.8092423e-01   4.5095709e-02  -5.1914000e-01  -2.5792082e-01   1.8475237e-01  -1.7216396e-01   2.0662295e-01   2.3990731e-01   4.9929443e-01   1.5596804e-01  -2.5711936e-01  -6.4203138e-02   7.7543158e-02  -1.2196738e-01   1.9879393e-01  -5.9353293e-01   4.7757237e-01   6.7184648e-01  -8.1649019e-03   1.9229506e-01   5.2097265e-01  -1.4395620e-01  -1.8911208e-01  -3.5827188e-02  -4.2168674e-01   5.1522606e-01   2.9892775e-01  -3.5572775e-01   3.7183303e-01  -2.2652464e-01  -3.6686578e-01   6.8947038e-01  -3.4551048e-01   6.7179128e-02  -2.0127403e-01   9.4786420e-02  -2.6271610e-01   5.4454924e-01   6.9195207e-01  -7.9499634e-02   1.4140902e-01  -3.3235603e-01   7.5328641e-01   7.3430151e-02  -3.3395628e-01   4.0745894e-01   1.4119942e-01   4.3778834e-01  -4.5244151e-01  -2.7763004e-01   2.0138187e-02  -2.7757416e-01   5.3907946e-02   4.5954576e-01  -5.5346637e-01   9.5177230e-02   3.9773092e-02   6.8294036e-02   7.6598707e-02   7.0071756e-02  -4.8601278e-02   2.0793054e-01   3.0609760e-01  -5.6017129e-01   1.7229556e-01   2.7951493e-02  -2.4629714e-01  -2.2311267e-01   6.2372041e-01   2.9428816e-01  -5.5569866e-02  -1.6377591e-01  -7.5893214e-02  -8.5540684e-03   4.1737196e-01   4.7837843e-02   5.2431312e-01   7.1260802e-02   2.3921749e-02   5.3084563e-01  -1.7232775e-01   1.1804545e-01  -5.4454982e-01   3.7573869e-01   2.6572284e-01  -4.1129625e-01  -3.5817695e-01  -3.2575224e-01  -1.2017339e-01  -5.8963164e-01  -5.1843180e-02  -1.5119274e-02  -1.8689082e-01   5.1430473e-01   1.3567024e-01  -3.5625360e-01   2.2111545e-01   6.0855400e-02  -5.0205045e-01   1.6087168e-01   1.3362918e-01   3.9104558e-01  -3.6442404e-01  -3.2738841e-01  -2.5791119e-01   2.1571520e-01  -2.6161901e-01   4.3951920e-02  -5.1634205e-01   2.3266225e-01  -6.1660698e-02   2.8221392e-01   3.5643649e-01   4.0390170e-02  -8.3396850e-02  -8.0656652e-02   4.4905508e-02   2.6209257e-01  -3.0404987e-01   2.4576169e-01  -2.1440957e-01  -3.6870780e-02   3.6114334e-01   9.1201695e-02
   2.3608966e-01  -3.2145735e-02  -6.0662681e-03   0.0000000e+00  -1.1715460e-01   6.8922419e-02  -1.9570878e-01  -1.0241984e-01  -2.2807080e-02  -1.4999393e-01   1.6487065e-01  -2.0019244e-01  -1.0383581e-01  -1.1274019e-01   1.4166265e-01   1.8904532e-01   2.5462259e-02   3.8778902e-01  -2.0693552e-01   6.5165994e-02   1.5920794e-01   7.7609606e-02   4.7931358e-01  -1.5942854e-01   4.6421768e-02  -1.0101009e-01   1.6519672e-01  -5.0207185e-01  -1.0430055e-01   7.9536683e-02  -5.6794670e-02   6.1884017e-01   5.1443099e-01   6.9556254e-02   2.2945853e-01  -3.3112363e-02  -1.3337769e-01   1.2636713e-01   3.9955611e-01  -1.7333847e-02   1.9875207e-01   2.6335032e-01   3.3525838e-01  -1.7993814e-01   2.7616737e-01  -2.7484127e-02   1.3495206e-01  -1.7266354e-01  -8.6646003e-02  -2.1989081e-02   5.7207332e-01   1.6680116e-01   1.3649199e-01  -1.1627380e-01  -1.9566597e-01   7.9976466e-03  -1.6640433e-01   1.3136100e-01   7.1385434e-01   1.1343807e-01  -8.1001057e-02  -2.7486634e-01  -4.3459210e-01  -3.8867750e-01   2.5354095e-01   3.9815962e-01   1.8304296e-01   1.0529752e-01   6.0290058e-02  -2.5538648e-01  -1.1824742e-02   4.0233890e-01   3.8147758e-01  -3.0354143e-01  -9.7870194e-02   1.5996126e-01  -5.4124898e-02  -1.1066711e-01   2.0602216e-01   3.9701163e-01  -9.0399840e-02   2.9977673e-01  -1.0881727e-01  -1.3451627e-01  -1.9558304e-01   3.4475176e-01   1.0053579e-02  -1.2240830e-01   1.9454471e-01  -3.8133865e-02  -2.7226779e-02   1.0163931e-01   5.1703435e-02   2.5588730e-01   1.2768887e-01  -5.4187642e-02   1.3750159e-01  -1.5959870e-01   1.6525659e-01   3.2747281e-01  -7.4060932e-02  -6.8934730e-02  -9.2457510e-02   1.9004726e-01   5.1816230e-01   3.9361813e-01   3.3182564e-01   7.7894912e-02  -2.8772573e-01   2.8238305e-01   4.8480446e-02   2.0034443e-01   6.6234711e-01   3.7776667e-01  -1.8466219e-01   4.2127315e-01   6.6886300e-02   2.0689446e-01   9.4392592e-02   5.8988595e-01   9.7472626e-02  -6.6644979e-02   9.9312011e-02   3.7340641e-01  -1.0582647e-02   1.5741380e-01   5.7162301e-01   4.7004467e-01   2.4085588e-01  -3.0234382e-02   3.9066972e-01   4.5516763e-01   1.0270456e-01   1.8806926e-01  -2.8725054e-01  -3.5553095e-02   3.2738938e-02   4.5095853e-02   1.6073739e-01   1.9801836e-01   6.4147447e-02  -1.5669439e-01   1.2455784e-01  -3.8494203e-01   4.3320899e-01   3.5362246e-01  -2.8064067e-01   2.3882791e-01   3.3284840e-01   9.9311379e-02  -1.8126309e-01  -1.0880087e-01  -1.1308842e-01   3.9779542e-01  -5.6976156e-02   1.3512329e-01   1.4648006e-02   4.6070626e-01   3.7790196e-01   1.0103687e-01   5.0979707e-02  -7.9662827e-02  -2.9950884e-01   6.4429425e-01   4.3660255e-01   2.5976257e-01   2.8929868e-01  -6.3921040e-02  -1.8198804e-02   1.2407414e-01   3.4736637e-01   8.8614302e-02   6.4073283e-01  -9.8512524e-02   3.3238668e-02  -1.5430443e-01   1.9657739e-01
  -3.1679916e-01   7.1658218e-01   5.6271573e-01  -1.1715460e-01   0.0000000e+00  -4.7199091e-01   4.3744170e-03  -5.1485699e-01   3.4074465e-01   3.4135077e-01  -2.6897421e-01   5.5133985e-01   1.0653893e-01  -9.8497104e-02  -4.2365259e-01   6.0918468e-02   5.8196951e-01  -7.0351565e-02  -3.7416029e-01   8.2459436e-01  -7.1515869e-03   4.2294275e-02  -1.8540351e-01  -3.4859673e-01   1.4882602e-01  -4.7215779e-01   1.9804285e-01  -1.2313722e-01   3.0511323e-02   1.1683282e-01  -2.5125562e-01  -1.6429044e-01  -8.8857915e-03  -1.3187121e-01   1.7943117e-01   5.4042093e-01   8.9420060e-03  -5.0699167e-01  -5.2578328e-02   2.8016216e-01   2.3420109e-01   1.1759425e-01   3.4912253e-01  -6.0319332e-01   3.6171447e-01  -8.8617845e-02  -6.0395880e-03  -6.7150682e-03  -1.8926488e-01   5.1340450e-01  -1.4628215e-01  -4.8988787e-01   1.2486231e-01   2.3042555e-01   1.8400834e-01  -5.1335863e-01  -4.7995600e-01  -2.5202871e-02  -1.7130851e-01  -6.0456182e-03   9.2418805e-02   4.7462987e-01   4.0400382e-01  -1.8657145e-01  -5.6172987e-02  -5.7215179e-02  -9.6798766e-02   3.5990343e-02  -4.1477320e-01   1.2702481e-01   6.8728152e-01   7.5415878e-02  -1.4860479e-01   2.5217845e-01   1.5166837e-01  -1.5136130e-01  -2.7328025e-01  -5.4921320e-01   6.7398990e-01   2.8560994e-01  -2.2799465e-01   1.1691990e-01  -1.0879848e-01  -5.5220499e-01   6.7033636e-01  -1.7059454e-01   3.3790285e-01  -9.4067525e-02  -8.8055462e-02  -1.4502513e-01   8.5813117e-01   2.3444835e-01  -1.1903516e-01   8.9677496e-02  -4.6726940e-01   7.5648417e-01   4.4711577e-02  -4.8367555e-01   4.3761947e-01   1.3197964e-01   1.8931298e-01  -5.4267832e-01  -3.4364915e-01   2.5541411e-02  -1.4846854e-01  -1.6851531e-01   2.9982137e-01  -4.0504184e-01  -2.1454887e-01   1.2257960e-01   1.2298209e-01   1.4756806e-01   1.3414629e-02  -1.2225897e-01   9.3642321e-02   4.2485212e-01  -4.7745188e-01   5.8881664e-02  -3.8410163e-01  -7.4597198e-02  -3.6802213e-01   8.2261921e-01   3.9816494e-01  -4.2964393e-02  -2.4615766e-01   4.0070890e-03  -8.0884335e-02   1.4716449e-01   1.9476182e-01   1.5844496e-01  -1.8536489e-01  -5.8022933e-03   6.8453286e-01  -1.5783539e-01   1.9755232e-01  -5.1089628e-01  -2.7470101e-02   4.7383412e-03  -4.5925304e-01  -3.1239351e-01  -2.4549270e-02   1.0396324e-01  -4.4175268e-01  -3.4921512e-01  -3.9695140e-02  -2.3528642e-01   2.9001821e-01   3.0397585e-01  -2.7328844e-01   2.2908401e-01  -1.2637757e-01  -5.0043113e-01   5.2608468e-02   9.4660374e-02   3.1099080e-01  -3.6415693e-01  -2.7974247e-01  -1.0181699e-01  -3.1373495e-02  -2.7799907e-01   8.8951597e-03  -6.0782094e-01   4.7304840e-01  -3.2929020e-01   2.5440457e-01   4.3955424e-01   1.2341193e-01  -4.0938312e-01   8.3410555e-03   2.3038754e-01   4.9304251e-01  -4.8005026e-01   1.1470680e-02  -4.9834882e-01   5.4720509e-02   1.8947984e-01   1.1279443e-01
  -1.4423524e-01  -5.3664168e-01  -4.6693037e-01   6.8922419e-02  -4.7199091e-01   0.0000000e+00  -6.1067567e-02   8.2638759e-01  -4.0317081e-01  -2.4380762e-01   6.1603147e-01  -4.4418486e-01  -4.3264332e-01  -2.3838869e-01   1.8908935e-01  -2.0145244e-01  -4.9133513e-01   5.4831592e-02   5.2311715e-01  -4.8958412e-01  -1.4630932e-01  -3.2839440e-01   7.1203374e-02   8.4016182e-02  -5.8985558e-02   8.2374203e-01   3.6056572e-01   3.0908978e-01  -1.3508997e-01  -3.1771692e-01   2.0799714e-01   2.7698716e-02   1.7001065e-02   1.5308622e-01  -4.1113534e-01  -3.1109769e-01  -8.7465331e-02   2.3985115e-01  -1.9738084e-01   3.4437630e-01  -2.2103143e-01  -8.5961337e-02  -2.6633458e-01   7.9576796e-01  -2.3414376e-01  -3.4755293e-01   3.3267870e-01  -2.3852685e-01  -2.1862158e-01  -1.9274722e-01   8.6049074e-02   8.8259068e-01   1.7948020e-01  -3.7262727e-01  -3.0069670e-01   5.5086253e-01   7.4350023e-01  -1.9244528e-01   1.4610229e-02  -4.8576174e-01  -4.2217710e-01  -2.4048840e-01  -4.5454034e-01   4.6037704e-01   4.7815024e-02  -5.1479222e-02   7.3047369e-01   6.5075090e-02   6.8183528e-01  -4.3611204e-01  -4.2586675e-01  -1.2288810e-01   5.5044976e-02  -4.5921804e-01  -1.7812651e-01  -6.7389897e-02  -1.9913426e-01   7.4964389e-01  -4.5245654e-01  -1.9480516e-01   5.1439844e-01  -4.0974843e-01   5.7148819e-01   7.1972793e-01  -4.7760083e-01   3.2022338e-01  -3.3247747e-01  -1.3589604e-01  -8.5636941e-02  -1.4966036e-01  -5.6063836e-01  -2.8577975e-01   2.0659113e-01  -3.8560178e-01  -1.5896917e-02  -4.9042743e-01  -1.5723847e-02   6.9975614e-01   2.2914815e-02  -1.8162187e-01  -4.3162510e-01   6.3161759e-01   3.4059464e-01  -3.3494281e-01   2.0267619e-02   5.4162979e-02  -2.8828628e-01   8.8803004e-01  -1.3979776e-01   9.9261925e-02   3.1394887e-01  -1.3657301e-01  -1.0204690e-01  -1.8011639e-01  -4.8879054e-01  -1.9168223e-01   6.7018103e-01  -3.4507557e-01  -7.6705113e-02   5.1086478e-04   4.3651569e-02  -5.4329854e-01  -2.4091663e-01   1.0178919e-01  -8.9421416e-02  -2.9199523e-01   1.1586766e-02  -4.9090674e-01  -9.4290982e-02  -4.4592827e-01  -1.9777231e-01   1.7304692e-02  -6.2482256e-01  -9.7013284e-02  -3.6016318e-01   5.6824624e-01  -4.2417923e-01  -9.6382163e-02   6.0176733e-01   2.8256343e-02  -1.0015673e-01  -3.3852429e-01   6.4968525e-01   3.6950030e-01   8.2060560e-02   1.3855141e-01  -3.5914941e-01  -2.9660852e-01   5.6335947e-02  -2.5835280e-02  -4.0058656e-01   8.1987855e-01  -2.3731904e-01   1.9167507e-01   3.3209984e-01   1.2390208e-01  -1.9523002e-01  -2.7858266e-01  -3.7660725e-02   3.4358404e-01   1.1873787e-01   7.1345219e-01  -5.3315712e-01   1.0299780e-01  -2.0747856e-01  -1.5210979e-01   3.3067246e-01   4.5962775e-01  -1.7425649e-01   2.1164190e-01  -2.8116719e-01   4.6792111e-02  -6.4289907e-02   7.1231952e-01  -4.6247514e-02  -4.6958071e-01  -9.9351025e-02
  -2.7957023e-04   9.7468733e-02   1.2580878e-01  -1.9570878e-01   4.3744170e-03  -6.1067567e-02   0.0000000e+00  -9.5148875e-02  -1.1196033e-01   3.4471239e-01  -5.8447824e-02   4.2157279e-01   1.2920970e-02   3.6018735e-01   4.3963859e-01  -3.3328899e-02  -4.8481164e-02   7.7422738e-02  -2.3889164e-01   9.8637038e-02  -3.1224586e-02  -1.0280928e-01   4.4701628e-01  -9.6891055e-02  -3.8556119e-02  -1.7563732e-01  -1.4463805e-02   3.4835253e-01   1.6520273e-01   4.6643598e-01   2.2079777e-02   1.3469964e-01   3.9508531e-02   4.2658657e-01   1.7709917e-01  -1.2349364e-01  -2.3007102e-01  -1.9078193e-01   6.8877875e-03   1.2614335e-01  -3.5599194e-01   2.2076887e-02  -1.8242981e-01   2.2952098e-02   1.7302030e-01  -1.5546092e-02   8.3347217e-02   6.5837807e-01  -1.6607261e-03  -1.0585896e-03   2.8365255e-01  -1.8286245e-01  -1.2082006e-01  -5.0166718e-02  -5.9552886e-02   2.2310265e-01  -1.6790121e-01   1.0236544e-01  -1.3015607e-01   2.3237812e-01  -1.3422743e-01   1.4610642e-01  -1.3511320e-01  -5.3087961e-02  -6.3794859e-02   2.0368435e-01   1.0540203e-01  -2.1353105e-01   3.7829285e-02   4.7834206e-01   4.7968814e-02   1.0971346e-01  -2.6859797e-01   4.9432506e-01  -1.4056868e-01  -1.4229113e-01  -1.5703172e-01  -6.8108770e-02  -2.5028566e-01  -1.7909193e-01   4.0566996e-01  -9.1672596e-02   2.3077634e-02  -2.0188625e-01   1.3846207e-01  -1.0068138e-01  -1.1298862e-01   3.8878185e-01  -6.3885231e-02  -2.0180572e-01  -2.4413753e-01   4.5675530e-02   2.2476457e-01   4.7613230e-02  -1.0291421e-01  -4.8130940e-02  -2.1673773e-04  -9.6014935e-02  -1.5345260e-01   2.6765039e-01   1.1714324e-01   1.6192707e-01   5.5408811e-02   1.2186324e-01   2.4500875e-01   1.3791524e-01   1.0470055e-01   1.5324774e-02   4.4125635e-01  -1.8125735e-01   6.8097703e-02   2.3259106e-01  -2.0907292e-01  -9.0024795e-03   6.1016688e-01  -1.9536092e-01  -1.8153979e-02   3.5841908e-03   1.0095645e-01   1.2091252e-01  -3.0152633e-01  -1.8864058e-01   5.4331202e-03  -7.9076544e-02  -1.6145654e-01   1.4212507e-01   3.0174527e-01  -1.4753692e-01  -1.2131339e-01   3.8019940e-01  -1.1342392e-01   1.5931065e-02   1.1457889e-02  -1.3961598e-01   1.9771977e-01  -1.3988818e-01  -6.6876051e-02   1.6793455e-01  -1.7979445e-01  -1.3439885e-01   9.8863165e-02   8.1796368e-02   5.2947331e-02   1.8387237e-01   2.6997697e-01  -2.2926159e-01   6.2697850e-01  -2.5291298e-01   2.9286947e-01  -1.5920297e-01   4.6378564e-01  -5.9825075e-02  -2.6891952e-01   3.2419016e-03   1.7700928e-02  -2.7136928e-01  -1.3147169e-01  -3.0343129e-01  -1.3880464e-01   4.4568085e-01   9.6822221e-02  -1.0817207e-01  -5.5504084e-02   3.1257708e-02  -1.9069726e-01   8.3882700e-02   9.2533847e-02  -2.5622166e-01  -4.0062089e-01  -1.4157647e-01  -5.1475322e-02  -1.4085839e-01  -9.2028299e-02  -1.8056310e-01   4.3868837e-02  -1.2924950e-01  -2.0843522e-01
  -1.0200091e-01  -5.3749967e-01  -5.6169265e-01  -1.0241984e-01  -5.1485699e-01   8.2638759e-01  -9.5148875e-02   0.0000000e+00  -2.6113011e-01  -3.7219387e-01   6.8473197e-01  -4.8166731e-01  -2.8035352e-01  -1.7889493e-01   9.9570984e-02  -2.5354493e-01  -5.6349192e-01  -4.5511702e-02   4.7583254e-01  -5.1602920e-01  -7.0136723e-02  -1.8853311e-01   2.5115113e-03   6.3138663e-02  -4.2177461e-02   7.6527877e-01   2.5543732e-01   3.5246575e-01   1.2616993e-01  -2.3039661e-01   1.2303030e-01  -1.4620463e-01  -1.0028129e-01   1.2717135e-01  -3.7693340e-01  -2.6691159e-01  -1.7828593e-01   2.9728789e-01  -3.9135559e-01   1.6283453e-01  -3.1221340e-01  -1.1201200e-01  -3.7187419e-01   8.4272767e-01  -3.6221423e-01  -1.3866743e-01   2.4106818e-01  -1.0675259e-01  -2.1773559e-01  -3.0859446e-01   1.7054081e-02   8.0806154e-01   1.8385796e-01  -3.1519661e-01  -2.6112540e-01   5.3442076e-01   6.2895639e-01  -1.6814494e-01  -4.3766270e-02  -4.4820758e-01  -3.2913003e-01  -3.6077006e-01  -2.6125049e-01   5.3355161e-01   2.1555656e-02  -8.6431949e-02   5.3669134e-01  -4.2352254e-02   7.1234299e-01  -3.5959712e-01  -4.8589928e-01  -6.5187014e-02  -1.8387129e-01  -4.7498239e-01  -1.1071317e-02   1.4505931e-01  -9.5186079e-02   6.4817828e-01  -4.5341783e-01  -3.7285675e-01   4.9303221e-01  -3.7238441e-01   5.4863980e-01   7.2605555e-01  -5.3064392e-01   4.0055393e-01  -2.4281800e-01  -1.1768942e-01  -4.5890676e-02  -8.2993336e-02  -5.9950476e-01  -3.4551883e-01   1.9578941e-01  -2.7935979e-01   7.8358530e-02  -6.1607458e-01  -4.5083349e-02   6.2730573e-01  -9.1476089e-02  -3.0627016e-01  -4.2481511e-01   5.9202626e-01   4.6308242e-01  -2.4311289e-01   3.9532949e-02  -4.8360526e-02  -3.1461031e-01   8.1046970e-01  -2.0423814e-01   3.0983943e-02   2.7292712e-01  -2.4839568e-01  -1.1472661e-01  -1.1608935e-01  -4.3735842e-01  -2.5904766e-01   5.8668726e-01  -4.8391902e-01   1.9477174e-02  -4.2985520e-02   1.3604264e-01  -6.3050108e-01  -7.9851357e-02  -1.8709029e-02   2.4140368e-02  -2.7705175e-01  -7.6441537e-02  -5.2142970e-01   5.7006786e-02  -4.4855012e-01  -3.6181472e-01   3.9454971e-02  -5.9517942e-01   4.5798819e-02  -6.2768967e-02   7.0744082e-01  -4.5582129e-01  -5.4857364e-02   6.2463662e-01   1.3414405e-01   1.7592491e-02  -1.1240776e-01   6.3556767e-01   4.0956327e-01  -2.5499680e-02   1.5867925e-01  -4.0105118e-01  -2.4452789e-01   1.1485066e-01  -1.5237179e-01  -3.2485521e-01   8.4350612e-01  -1.1194067e-01   1.9828709e-01   1.3595113e-01   1.9690399e-01   3.4570473e-02  -2.8857526e-01   7.4425514e-03   2.5188468e-01   5.7001046e-02   6.9202987e-01  -3.9912279e-01  -4.4235192e-03  -2.3522397e-01  -2.3932981e-01   3.4086406e-01   4.2477814e-01  -3.7992679e-02   1.8510662e-01  -3.2932759e-01   1.4069567e-01  -1.3778946e-01   5.7752179e-01   6.8380203e-02  -4.5369207e-01  -8.2931923e-02
   1.6264025e-01   5.0229726e-01   8.4603310e-02  -2.2807080e-02   3.4074465e-01  -4.0317081e-01  -1.1196033e-01  -2.6113011e-01   0.0000000e+00   1.9271030e-01  -4.8663175e-01   1.4956155e-01   2.4922442e-01   4.2915435e-01  -4.9540251e-01  -3.9999672e-01   1.8429937e-01  -9.2090123e-02  -1.6760693e-01   2.6189076e-01  -2.2173434e-01   4.3602968e-01  -1.4313160e-01   1.4519710e-01   3.8504668e-02  -1.8673867e-01  -4.4491140e-01  -2.5257728e-01  -9.5424468e-02   4.2724517e-01  -4.7501444e-01  -2.0143598e-01  -4.1601500e-01  -5.5941899e-01   2.6872917e-01   4.3896082e-01   2.6905594e-01   7.7977811e-02  -3.0380982e-01  -4.1301279e-01   2.5807891e-01  -3.8037762e-01   3.3803588e-01  -3.0321848e-01   1.1364877e-01   2.4163213e-01  -3.1899809e-01  -4.2936941e-02  -5.7322107e-02  -3.0023407e-01  -2.2883631e-02  -3.0187289e-01  -3.4911434e-01   9.5197340e-03   2.7986051e-01  -2.3539995e-01  -2.0932634e-01   2.8454655e-01  -1.2619841e-01   3.1711555e-01   3.9695528e-01  -5.5026236e-02   6.7926646e-01  -3.6281961e-01  -2.0314891e-02  -2.8170669e-01  -1.7570115e-01   3.0881692e-02  -3.9751221e-01  -1.9181284e-02   2.7310650e-01   1.2194278e-01   3.2588416e-02   9.8896814e-02   4.7655760e-02  -2.4078673e-02   1.5269613e-01  -2.1825856e-01   1.3306985e-01  -1.4900245e-01  -4.6250674e-01   9.4125964e-02  -3.5158742e-01  -2.1263749e-01   6.4429546e-02  -1.1875393e-01   4.5023010e-01  -1.3348636e-01   4.3664232e-02   1.8590296e-01   3.6622808e-01  -1.6326960e-01  -6.3217621e-01   4.5562523e-01  -1.9149180e-02   1.8880544e-01   5.5546853e-02  -1.4033363e-01  -1.5959945e-02   9.2630752e-02   7.3766618e-02  -5.2016945e-01  -3.1215434e-01   6.5388315e-01   8.7679811e-02  -4.5382169e-01  -1.3892886e-01  -1.4740496e-01   6.6824432e-03  -4.6404556e-01  -4.8085429e-01   2.5636200e-01   2.1369832e-01  -6.6851340e-02  -3.4491874e-02  -1.2452160e-01  -2.2803337e-01   2.2065298e-01  -7.2006919e-02   7.6397721e-02   2.2514184e-01   3.4306036e-01   1.4986195e-01  -4.2436640e-01   1.2059260e-01   1.6602947e-01  -2.9817844e-01   5.4793074e-02   4.2344305e-01  -3.3528630e-02  -2.9269389e-01  -4.4215554e-01   3.1280072e-01  -2.9923471e-01   3.5659918e-01  -3.5664870e-01   3.0591632e-02   2.4073696e-02  -4.0187678e-01   1.3347112e-01   1.9728763e-01   1.5770413e-01  -6.9769393e-02  -4.8816827e-01  -5.3413646e-01  -5.3036891e-01  -2.2869683e-01   2.2503994e-01  -4.8092992e-02   1.0229159e-01  -1.4332080e-01  -3.1642718e-01   1.5817751e-01  -3.4448937e-01  -3.3465741e-01   2.7463069e-01   4.3805022e-01   1.0803217e-01  -1.2312585e-01  -3.3698855e-01   9.4592337e-02  -2.2022994e-01   6.3671851e-01  -3.3317121e-01   2.8967561e-01  -3.8324186e-01  -3.6628824e-01  -9.2916615e-02   5.4966540e-01  -4.6067162e-01  -1.5105269e-02  -4.2718980e-02  -1.2284508e-01  -3.5256864e-01   1.2709936e-02  -1.6898117e-01   3.3543742e-01
  -2.5316377e-01   3.6797675e-01   4.6290166e-01  -1.4999393e-01   3.4135077e-01  -2.4380762e-01   3.4471239e-01  -3.7219387e-01   1.9271030e-01   0.0000000e+00  -3.7228668e-01   5.9734966e-01   8.9755587e-02  -3.9274215e-02  -1.4600668e-01  -1.9351236e-02   2.8553322e-01   2.7547041e-01   2.1632555e-03   2.7977753e-01   9.7446287e-02  -5.3239827e-03   1.9846884e-02  -1.9311655e-01  -6.7248922e-02  -3.1087455e-01  -2.5317682e-01  -1.1614583e-01  -1.5078334e-01   5.1093610e-02  -1.2821482e-01   9.5788452e-02  -1.5512491e-01  -5.3516715e-02   3.5865578e-02   3.5966917e-01   3.6120311e-01  -2.5741893e-01   1.1003906e-01   1.0318927e-01  -2.2165001e-02  -1.4821512e-01   1.2328452e-01  -2.4988212e-01   3.4940639e-01  -6.1343267e-02   3.9618024e-02   3.6313516e-02  -1.1523611e-01   1.9713467e-01   1.4801055e-01  -4.4949532e-01  -1.5899933e-01   1.0649489e-01  -6.3228617e-02  -2.2317870e-01  -1.5261308e-01   1.0800321e-01  -2.0709857e-01   1.6070576e-01   1.9707402e-01   2.6917179e-01   1.4493450e-01  -2.6748282e-01   3.0002482e-02   2.5696672e-01  -9.0238615e-02  -6.7371979e-02  -4.5897200e-01   3.6996069e-01   3.6571469e-01  -7.4506779e-02   1.8738594e-01   4.2563183e-01  -2.6534299e-01  -1.2534952e-01  -3.9994726e-02  -2.8127271e-01   1.6872624e-01  -9.6020428e-02  -2.9851681e-01   3.2751083e-03  -3.7307694e-01  -2.3503512e-01   2.4863629e-01  -4.3686118e-01  -2.4833703e-02  -1.5863424e-01   1.3769843e-01  -1.1917621e-01   2.2815560e-01   2.2358001e-01  -4.1294471e-02   1.5624208e-01  -2.1910990e-01   4.5914765e-01   1.5117830e-01  -8.5803681e-02   1.7085478e-01   3.6620489e-01   1.8667817e-01  -3.5088759e-01  -2.8595264e-01   1.2436757e-01  -1.7681358e-01  -7.5770442e-02   4.8884517e-02  -2.7112111e-01   2.2075000e-01  -1.2004244e-01  -2.3605361e-01   1.0508221e-02   5.6059775e-02  -2.1103292e-01   1.9892150e-01   5.7451268e-02  -2.8777049e-01   9.3449630e-02  -4.0006833e-02  -1.1033411e-01  -1.8617785e-01   3.9742155e-01  -7.2771834e-02  -9.0013013e-02  -1.5584519e-01  -9.4240527e-02   8.7142386e-02  -2.8338334e-03   8.3543562e-02   3.1228535e-01  -3.8971902e-02  -1.8372434e-01   6.9963508e-02  -2.5030454e-01   1.7220397e-01  -4.4539648e-01   2.0192360e-01   9.5478952e-02  -4.0038525e-01  -2.4948470e-01  -3.3628164e-01  -1.5978635e-01  -1.6756940e-01  -2.0266619e-01  -7.3262331e-02  -3.1918346e-01   3.3098120e-01   1.8763262e-01  -4.6193535e-02   4.0056144e-01   7.7689644e-02  -3.0039181e-01   5.7168966e-02  -1.6059861e-01   1.3400574e-01  -2.3592393e-01  -1.9701663e-01  -1.7807915e-01  -5.3569276e-02  -2.4518512e-01   5.6430441e-02  -2.3644077e-01   4.3898023e-01  -7.9539578e-02   2.1604575e-02   6.0711449e-02  -1.4415994e-01  -2.2094839e-01   1.5210345e-01  -2.7152719e-01   1.0011459e-01  -1.5502033e-01   8.0741097e-02  -1.8640796e-01  -6.7396738e-02   1.7746663e-02   1.0022411e-01
  -1.9570230e-01  -3.3217555e-01  -3.5074017e-01   1.6487065e-01  -2.6897421e-01   6.1603147e-01  -5.8447824e-02   6.8473197e-01  -4.8663175e-01  -3.7228668e-01   0.0000000e+00  -3.1270440e-01  -3.8911792e-01  -3.9906782e-01   2.7406913e-01  -6.1283472e-02  -3.6572536e-01   7.3226840e-02   2.7894145e-01  -2.1430447e-01   1.6316460e-01  -3.4396065e-01   1.6999030e-01  -2.6625505e-01  -1.0080927e-01   4.1622170e-01   6.0020347e-01   1.7479834e-01   2.0499334e-01  -2.6317459e-01   3.1853895e-01   4.5866543e-02   2.3940734e-01   4.6928641e-01  -2.1436292e-01  -2.1649153e-01  -4.2613089e-01  -1.0468598e-01  -8.8575335e-02   4.3794441e-01  -3.1404219e-01   2.4517096e-01  -2.7279684e-01   5.3478727e-01  -2.2239934e-02  -2.2485365e-01   3.6357181e-01   1.7468509e-02  -2.0395849e-01   1.1349956e-01   1.2600180e-01   6.0465814e-01   5.9314082e-01  -2.4238984e-01  -3.2667437e-01   4.0246789e-01   2.4822935e-01  -3.3615708e-01   2.1908516e-01  -4.9207229e-01  -4.6128429e-01  -2.5294721e-01  -4.8244152e-01   5.9315561e-01   2.6756614e-01   1.7426401e-01   4.6309680e-01  -9.5116692e-02   7.6714629e-01  -3.2239928e-01  -2.0108075e-01   1.0796572e-01  -1.5285711e-01  -4.3425280e-01  -9.8441553e-02   2.0168609e-01  -3.8310156e-01   3.1720348e-01  -6.4466829e-02  -3.8353907e-03   4.4200940e-01  -2.1211456e-02   6.7722784e-01   3.5059905e-01  -1.9716459e-01   3.0100695e-01  -7.4584028e-02  -7.4057519e-02  -7.6242139e-02  -2.2334336e-01  -3.5540906e-01  -8.8401716e-02   4.6141684e-01  -3.3210276e-01  -1.2168460e-01  -4.0870631e-01  -3.2891064e-01   3.1888026e-01   8.8355612e-02   5.8621616e-03  -1.9037196e-01   6.2791099e-01   6.2037366e-01  -3.5552044e-01   7.4040588e-02   3.6436044e-01   4.7324154e-02   5.1421031e-01  -4.4250243e-01   4.3772139e-01   7.1880197e-01  -3.1758134e-01   2.2927546e-02   1.0295827e-01  -2.7071036e-01   1.8503549e-01   3.4312938e-01  -4.1901600e-01   2.8154376e-02   6.4710213e-04  -1.9746536e-01  -4.5197507e-01   1.3082572e-01   4.2069952e-01  -2.2057262e-01  -2.5629807e-01   2.4849519e-01  -2.4162328e-01  -1.0372516e-01  -2.2758522e-01  -1.4400108e-01   5.4073027e-01  -2.6645943e-01   3.5971789e-01  -1.6898416e-01   7.4021237e-01  -4.7746935e-01   8.6983633e-02   6.0267882e-01  -1.0550410e-01   1.2279892e-02  -2.5378710e-02   4.2700873e-01   3.1326650e-01   4.1802507e-01   6.2129563e-01  -1.1783875e-01   1.6785193e-02   1.7102980e-01   6.3462072e-02  -2.5519425e-01   5.7590371e-01  -2.0179086e-01   6.0610767e-01   3.2989401e-01  -1.4544407e-01  -2.9726888e-01  -8.8026402e-02   1.4938035e-01   2.9092822e-01  -5.2431121e-02   3.9547592e-01  -4.3261308e-01   3.0868412e-01  -2.3816734e-01   2.8033905e-01   7.5355680e-01   1.5213994e-01  -2.6502467e-01   6.6900923e-01   1.6104446e-02  -1.3161950e-01   2.5645291e-01   3.3766610e-01   8.9603484e-03  -2.0589665e-01  -1.7615639e-01
  -2.7701465e-01   6.6809152e-01   7.3899646e-01  -2.0019244e-01   5.5133985e-01  -4.4418486e-01   4.2157279e-01  -4.8166731e-01   1.4956155e-01   5.9734966e-01  -3.1270440e-01   0.0000000e+00   5.0434962e-02  -9.4861223e-02  -3.0195138e-01  -1.6208728e-04   6.3263968e-01   1.5895687e-01  -1.5904299e-01   5.0488586e-01  -5.2017111e-02   5.3515131e-03  -9.2019244e-02  -3.5645881e-01  -6.5547544e-02  -5.1035437e-01  -5.6412946e-02  -6.3939510e-02   1.0239268e-01   1.0344552e-01  -2.0380536e-01   4.1287990e-02  -2.3243077e-02  -2.3787688e-02   1.8462747e-01   3.3778252e-01   1.2387673e-01  -3.9352937e-01   6.7466922e-02   2.4518485e-01  -1.1110376e-01   2.6017396e-01   2.1405255e-01  -4.1215979e-01   3.6217084e-01   8.7815778e-02  -1.9737959e-01   2.4269745e-01  -1.8463503e-01   4.5379521e-01   7.5908049e-02  -5.3395821e-01  -2.5617546e-02   2.2578577e-01   2.8173577e-03  -3.5445615e-01  -3.6369077e-01   1.1605806e-01  -3.2335160e-01   2.5750724e-01   2.5352952e-01   2.9418645e-01   2.0370929e-01  -1.6644508e-01   1.3457644e-02   1.5907442e-01  -8.2565759e-02  -9.1549704e-02  -4.6663360e-01   5.2333579e-01   6.1221923e-01   1.0328154e-01  -3.1214492e-02   6.3381288e-01  -1.2804595e-01  -2.3597758e-01  -1.8165122e-02  -4.8427383e-01   3.1493667e-01  -6.9337122e-02  -3.2838842e-01   1.8987961e-01  -1.2843536e-01  -4.6617489e-01   6.0586620e-01  -5.2035062e-01   1.2436593e-01  -1.3460009e-01  -6.3579599e-02  -2.0197402e-01   3.5797029e-01   5.1552963e-01  -1.5473018e-01   8.3356337e-02  -2.8887349e-01   5.6326295e-01  -1.5947694e-02  -3.6258534e-01   2.3357225e-01   2.6411873e-01   3.5551560e-01  -3.8754936e-01  -2.5185454e-01   1.1155515e-01  -1.6611722e-01  -1.5603651e-02   3.6413380e-01  -4.4516290e-01   1.4819354e-01  -1.2311004e-01   8.2823383e-02   1.8972793e-02   1.2628176e-02  -2.1195526e-02   3.8180676e-01   1.3493594e-01  -5.2732922e-01  -4.4709741e-03  -8.3601964e-02  -1.5872949e-01  -2.7641818e-01   4.2245583e-01   2.8809043e-01  -4.8323520e-02  -1.6346161e-01  -2.4932212e-02   5.1395247e-02   8.2786267e-02  -9.1505230e-03   4.9399178e-01  -1.5679973e-01  -5.4342555e-02   3.7708245e-01  -1.7298562e-01   1.8815776e-01  -5.5790706e-01   8.0130163e-02   2.0539365e-01  -5.7677011e-01  -3.4485394e-01  -2.5874278e-01   1.0536325e-01  -3.6937208e-01  -1.6010347e-01   1.4988487e-02  -2.0928846e-01   6.1217883e-01   1.1293483e-01  -1.5795326e-01   1.7993246e-01   1.8638428e-01  -4.4746014e-01   1.7523792e-01   1.3897132e-01   2.3744064e-01  -3.9543021e-01  -2.7907475e-01  -2.2504489e-01   1.2927727e-01  -3.2032203e-01  -1.2394457e-02  -4.9355492e-01   3.5600267e-01  -1.5654247e-01   8.7407738e-02   2.4398586e-01   1.3075052e-01  -2.5026219e-01  -2.7721662e-02  -6.8997508e-02   1.8283892e-01  -2.8949813e-01   1.0095436e-01  -3.9130206e-01   9.4372725e-03   1.6561976e-01   3.2948007e-02
   6.2188212e-02   1.2257648e-01   9.9109834e-02  -1.0383581e-01   1.0653893e-01  -4.3264332e-01   1.2920970e-02  -2.8035352e-01   2.4922442e-01   8.9755587e-02  -3.8911792e-01   5.0434962e-02   0.0000000e+00   3.7167451e-01  -1.1711675e-01   1.0770941e-01   1.6089921e-01   1.9389180e-01  -3.1753127e-01   1.4685298e-01  -7.2444626e-03   1.1855043e-01  -3.9905996e-02   8.0081757e-02   1.4737058e-01  -3.3839424e-01  -2.6682584e-01  -2.6114532e-02  -4.4199377e-02   3.0702391e-01  -1.3437134e-01  -1.2568284e-01  -1.2129804e-01  -2.4757799e-01   2.7247341e-02  -2.2478837e-02   1.8156544e-01   2.9263285e-02  -1.0521892e-01  -1.2621839e-01   4.7042197e-01  -1.7002160e-01  -3.6354169e-02  -2.0181366e-01   4.5755172e-02   1.7042029e-01  -1.3084168e-01   2.5313353e-01   3.5245969e-01  -6.3874708e-03   1.1308446e-01  -3.1244580e-01  -3.3620440e-01   1.6344776e-01   3.1560224e-01  -5.4083785e-02  -3.6174923e-01   8.1303376e-02  -7.8267528e-02   6.3130383e-02   1.5577878e-01   1.4040358e-01   2.9092015e-01  -1.9489588e-01  -1.2468143e-01  -1.0978031e-01  -3.5224882e-01  -3.4875552e-01  -3.6324326e-01   3.2906580e-01   1.0987465e-01  -1.3841941e-01  -1.4000061e-01   3.5753694e-01   1.6082526e-01  -9.0794671e-02   1.0730814e-01  -3.3852495e-01  -6.6465935e-02  -5.2245733e-02  -1.1904589e-01  -2.6703845e-02  -2.5767375e-01  -3.8548195e-01   1.8838089e-01  -7.8870038e-02  -5.9614597e-02   2.3352955e-01  -1.5944663e-01   1.7567504e-01   1.6760576e-01   5.1981741e-03  -2.5893318e-01   2.5044173e-01  -4.7046497e-02   2.0423169e-01   9.2359173e-02  -3.3514084e-01  -4.6515415e-02   4.1699685e-02   1.8240134e-01  -4.2694782e-01  -1.4195147e-01   1.4875094e-01  -6.3183633e-02  -2.5473126e-01   4.7440455e-02  -2.9644968e-01   3.3719363e-01  -2.0707222e-01  -3.3133321e-01   1.9374135e-01   1.5170029e-01  -1.2892368e-02   3.6918866e-01  -2.6407731e-01  -1.8638768e-01   3.7951264e-01   4.6600304e-02   1.0108811e-01   5.1546255e-02   2.9682201e-01   3.9608320e-02  -3.1930891e-01   1.5640969e-01   1.4621962e-01  -1.6429283e-01   6.8089812e-02   1.1739635e-01   2.9498890e-01  -7.3672807e-02  -2.8818182e-01   2.8733037e-01  -7.3073074e-02   1.9906073e-01  -3.2370433e-01  -4.4238576e-03  -7.0220918e-02  -3.7973398e-01  -5.6591324e-02   1.3187586e-01   2.5153446e-01  -2.0140763e-01  -1.2003114e-01  -2.3063165e-01  -2.8444076e-01   1.9199531e-01  -1.0076551e-01   4.0406922e-02  -9.0999818e-02   3.5303973e-01  -2.8791666e-01   1.7893290e-01  -3.6032056e-01  -2.0670885e-01   3.6080352e-04   1.6442794e-01   1.6146296e-01   4.1291069e-02   1.1563631e-02  -3.6590634e-01  -2.5673448e-01   4.2844461e-01  -1.3506409e-01  -6.6476738e-02  -2.4947850e-01  -2.9837619e-01  -2.4257046e-01   1.6781150e-01  -3.3883612e-01  -4.0297666e-02   4.1138468e-02  -2.3297853e-01  -3.6794731e-01   2.3909905e-01  -2.7897294e-02   5.3694322e-02
   2.6556799e-01   1.4049182e-01  -2.4382760e-01  -1.1274019e-01  -9.8497104e-02  -2.3838869e-01   3.6018735e-01  -1.7889493e-01   4.2915435e-01  -3.9274215e-02  -3.9906782e-01  -9.4861223e-02   3.7167451e-01   0.0000000e+00   2.1645276e-01  -2.4610151e-01  -2.2232735e-01   3.9081817e-04  -3.3348153e-01  -1.2401925e-01  -6.7455625e-02   1.9212486e-01   2.7088986e-01   2.5731737e-01   6.6279475e-02  -1.1976113e-01  -4.1291418e-01   1.2944550e-01  -1.1212874e-02   6.3513341e-01   6.9802751e-02   1.4893169e-02  -2.7067831e-01  -3.1842673e-02   1.2106255e-01  -1.7850182e-01   5.1207423e-02   4.0259072e-02  -2.7791860e-01  -3.2956442e-01   2.5544071e-01  -3.7341570e-01  -1.8967910e-01  -1.5804145e-02  -1.0053337e-03   9.0711163e-02  -9.3253414e-02   5.8484038e-01   3.5457579e-01  -3.6192318e-01   7.1449739e-02  -2.1987007e-01  -3.5589355e-01  -1.3762473e-01   4.0314747e-01   2.1160953e-01  -1.9596090e-01   2.9599568e-01  -7.6535612e-02   3.1572298e-01  -7.0717906e-02  -2.5987947e-02   3.9304856e-01  -1.9361765e-01   5.3201530e-02  -2.7782192e-01  -1.5557625e-01  -8.4950431e-02  -1.5340325e-01   6.4756820e-02   1.6722703e-03   8.8395342e-02  -2.1902994e-01   1.8122442e-01   1.1478847e-01  -8.1512545e-02   1.5255443e-03   3.9122606e-02  -3.8458555e-01  -1.9367888e-01   9.8126774e-02  -1.9031026e-01  -1.5616771e-01  -1.5667084e-01  -3.0513689e-02   1.8481745e-02   1.3060355e-01   3.8027497e-01   2.6210878e-02   1.4724917e-01  -9.8962344e-02  -3.9291773e-01  -2.7663029e-01   2.9957357e-01   5.0286931e-02  -2.7349514e-01   5.0701016e-02  -1.1226191e-01  -2.0725070e-01   1.0366694e-01   2.1418427e-01  -9.6123983e-02   8.6097135e-03   4.8719920e-01   1.8422145e-01  -1.3779246e-01  -2.0744049e-01  -2.5658834e-02   4.4337273e-01  -4.7361048e-01  -3.9972785e-01   3.4348193e-01  -8.0460758e-02  -9.2072452e-03   3.5683833e-01  -4.6427652e-01  -2.3211293e-02   1.9506678e-01   1.8583503e-01   3.0644395e-01  -3.4716337e-02  -1.1008298e-01  -1.9652107e-02  -2.3014226e-01   1.7545921e-03   1.1368203e-01  -1.5069846e-01  -6.7345373e-02   9.1794588e-02   1.5306276e-01  -8.9621219e-02  -3.3543183e-01   1.5323146e-01  -7.1038909e-02   2.4621290e-01  -1.9295528e-01   1.5681726e-02   1.5582460e-01  -2.8284117e-01   1.9041552e-02   5.5251413e-01   1.6701968e-01   6.5198469e-02  -7.2331965e-02  -1.7633616e-01  -3.2418094e-01   1.3553456e-01  -1.6359223e-01   1.7852746e-01  -1.0970821e-01   3.0791414e-01  -3.8254573e-02  -9.5046558e-02  -4.2244461e-01  -3.2628109e-01   4.1924535e-02   2.6323931e-01   7.5096536e-02  -3.7115220e-01   2.9073549e-01   6.1549567e-02   1.2022572e-02   2.7169024e-01  -5.5487655e-02  -1.0594105e-01  -4.2235999e-01  -3.7903289e-01  -1.4622194e-01   1.1775942e-01  -4.3193737e-01  -3.0950528e-01  -4.3095830e-02  -3.6436235e-01  -1.8327793e-01   9.7960660e-02  -1.2476949e-01  -1.3451003e-02
