   0.0000000e+00  -9.6545824e-02  -4.2488774e-01  -1.0194009e-01  -3.9391884e-01   7.0103725e-02  -3.3571085e-01   5.0352000e-01   3.8516215e-01  -3.8968436e-01  -1.1835649e-01  -1.7302401e-01  -1.8992805e-01   8.3916464e-01  -4.0208029e-01  -5.3750783e-01  -3.3493841e-01  -5.1642704e-01   5.8977378e-02  -5.3893944e-01  -1.8670200e-01   4.4098327e-01  -2.3503151e-01   8.9818364e-01  -3.3999129e-01   5.2171278e-01  -6.0845250e-01   5.2072355e-01  -3.7568752e-01  -2.6364794e-02  -3.4691344e-01  -4.4715401e-02  -2.9951236e-01  -4.5062489e-01   1.3702425e-02  -4.9082186e-01  -1.0187367e-01   4.6689708e-01  -6.2489398e-01  -7.2138336e-01  -3.7020374e-01  -8.0118224e-02  -2.7727674e-01  -9.1838931e-03  -3.9209474e-01   7.0505523e-01  -1.9031650e-01  -5.6465076e-01  -4.7521641e-01  -1.3774771e-01  -2.9679011e-01   5.1074294e-01  -3.9499806e-01  -2.0244014e-01   5.5060929e-01  -2.7055759e-01   3.5650051e-01   3.9079426e-01  -2.7449422e-01   6.2634604e-01  -4.7054172e-02  -6.5205683e-01   1.8081990e-01  -3.9894343e-02   7.9260420e-02  -5.8373766e-02  -2.6978487e-01  -1.6086718e-01  -2.4313736e-02   7.9451138e-02  -5.5537816e-01   2.2301903e-01  -5.7412849e-01   3.4820941e-01  -3.2780825e-01   1.4544743e-01   2.6044239e-01   4.3334830e-01  -3.0035464e-01  -5.5752606e-01   2.8560121e-01  -6.1224578e-01  -5.3076879e-01   4.9977379e-01   6.4700007e-01   8.3016351e-02   2.6974738e-01   8.0852183e-01  -4.5711820e-02   9.2414204e-01  -1.7589543e-01   2.6175187e-02  -6.1658057e-01   5.9081864e-01   2.0717660e-01  -4.5677980e-01  -3.5198554e-01   1.5786952e-01  -3.4039057e-01  -6.3974489e-02   6.1452261e-01  -1.9152751e-01   1.4040481e-01   6.4287672e-01   2.3378148e-01   2.1646427e-01  -3.6190336e-01   1.4915621e-01  -2.8954159e-01  -3.2412656e-01  -4.1317478e-01   3.1720822e-01   7.1528355e-02   9.3650626e-01  -2.3833426e-03  -4.3685834e-01   4.1640227e-01  -5.1589879e-01   5.2959207e-01  -4.4315832e-02   7.3296116e-01  -2.1582689e-01   1.0734937e-01   2.8225706e-01   8.4288456e-01   8.1485830e-01   4.3054365e-02  -3.1862248e-01   4.3773077e-01  -2.4219125e-01  -6.0208693e-01  -6.6411654e-01   7.3849796e-01   4.6064746e-02   5.3321891e-01   9.6875512e-02  -3.4093508e-01   7.2367152e-02   1.3648308e-01   6.0204923e-01   8.9773442e-01   8.6763262e-02   1.3637059e-01   2.8855429e-01  -1.9953949e-01   2.4958492e-01  -4.8142877e-01  -3.0778191e-01  -1.4762615e-01  -3.1385941e-02   4.1182449e-01   4.8589609e-01   6.5771598e-01  -2.9709666e-01  -4.9806912e-01   9.0857571e-01   7.0614097e-01  -5.3944615e-01   1.0228006e-01   1.7544103e-01  -3.4421509e-02  -8.0822265e-03  -1.8684800e-01   2.6233523e-01   2.0932448e-01  -5.6190599e-01  -2.3531912e-01   5.2230864e-01   6.8493465e-01  -4.4972966e-01  -2.6862525e-01   5.8275204e-01   3.3571674e-01   2.5455355e-01  -1.1747569e-01  -4.0127915e-01   2.4127905e-01
  -9.6545824e-02   0.0000000e+00   2.5917110e-01  -6.4386382e-01  -2.5369483e-01  -4.1945719e-01  -3.6341985e-01   2.1738096e-01   3.0494906e-01  -3.2837063e-01  -4.9495563e-01   2.8708875e-01  -4.8276009e-01   2.6926509e-02   5.8469969e-02  -2.7414932e-01   5.4082657e-01  -2.9197736e-01   4.1569728e-02  -1.9037509e-01  -3.6042185e-01  -1.6100498e-01  -5.8995073e-01  -1.0458652e-01  -1.0048262e-01  -6.9838679e-02   1.4601994e-01  -4.4361943e-01   3.6238725e-01  -2.1206682e-01   7.5185200e-02  -5.0696255e-01  -9.8917603e-02  -1.5036010e-01   1.7239699e-01  -2.2030915e-01   1.3699881e-01   4.3873775e-01  -1.0903729e-01   1.1922046e-01  -3.7578904e-01  -2.7640610e-01   7.8511875e-02   3.8459178e-03   2.4616339e-01   3.2162921e-01  -3.4947960e-01   1.6611331e-01  -3.3705788e-01   5.2197389e-01  -5.9954785e-01  -1.4384569e-01   4.7021839e-01  -4.4194320e-01  -1.4121825e-01  -5.5217307e-01  -1.6185699e-01  -1.7355733e-01  -4.7723701e-01   1.5617667e-01   6.3002466e-01  -9.9828059e-02   5.3902993e-01   5.7446030e-01   5.5844466e-01  -3.8585773e-01  -3.2852958e-01   5.0284573e-02  -4.0380356e-01  -2.9515250e-01   5.5595867e-01  -5.8552973e-01   3.9700546e-02   2.6395274e-01  -3.9721114e-01   2.3708078e-01   5.5755868e-01  -3.2053033e-01   4.6013606e-01  -3.7118021e-03  -3.7975409e-01   1.1695903e-01   3.6639020e-01   6.1215345e-02  -6.2574647e-02   2.0625545e-02  -2.1519662e-01   6.2918571e-02   3.1915760e-01  -1.0363359e-01   6.1283014e-01   2.0082598e-01  -1.8443450e-02  -1.8918848e-01   5.1186629e-01  -2.8098401e-01  -2.7871316e-01  -1.8981052e-01   1.9351115e-01  -5.5576174e-01   5.7368160e-02   1.9751175e-01  -2.6700154e-01   1.9229147e-01  -6.4057059e-01  -3.0199530e-01  -2.0577795e-01  -3.0341348e-01   9.7179549e-02  -2.7675216e-01   2.5231516e-01  -3.6328911e-01  -3.3357125e-01  -1.1121887e-02  -3.3942966e-01   7.0468687e-01  -3.9072130e-01  -3.8167889e-01  -2.7553070e-01  -5.3636367e-01   1.9563609e-01   2.2146548e-01  -8.8538993e-02   4.4159694e-01   8.4117653e-02  -8.2104208e-02  -4.3665600e-02   1.8459104e-01  -2.3540296e-01  -3.3689049e-02   2.0528254e-01   1.6202721e-01   3.5845840e-01   2.7549606e-01  -1.5884054e-01   2.4143827e-01  -2.2929514e-01  -1.2300652e-01  -4.5202816e-02   1.4601396e-01  -1.5174401e-01  -2.8843853e-01  -5.3401038e-01  -5.5940311e-01   1.4066853e-01  -2.2807541e-01   2.1131058e-01   3.9614344e-01  -5.7749700e-01   3.2149340e-01  -2.4805625e-01  -8.0804800e-02  -8.7993109e-02   6.0190664e-01   2.9348694e-01  -7.1147543e-02   1.7917447e-01  -4.0203714e-01   4.3145996e-01  -1.4189877e-01   3.9242762e-01  -4.4454271e-01  -4.8876149e-01  -3.2489922e-01  -9.8341958e-02   4.1835922e-01   3.3635809e-01   5.4728723e-02  -3.3760750e-03   5.6974635e-01   5.3988498e-01   2.3610899e-01   2.2572823e-01  -4.5582217e-01  -3.6887965e-02  -2.9593931e-01  -5.7492101e-02
  -4.2488774e-01   2.5917110e-01   0.0000000e+00  -2.6606274e-01   1.8700788e-01  -3.4131690e-01  -1.7079570e-01  -2.9163740e-01  -2.3455132e-01   3.0582522e-01  -2.2120771e-01   6.1909171e-01  -1.6639344e-01  -4.5316875e-01   1.9823872e-01   9.0611038e-02   7.8797165e-01   1.3062593e-01  -1.0979759e-01   3.7823656e-01  -3.1060513e-01  -3.4086802e-01  -3.1077474e-01  -4.6656667e-01  -2.9150681e-01  -3.2227449e-01   3.0574101e-02  -4.8752453e-01   8.4580148e-02  -4.0232436e-01   1.2353934e-01  -8.7778235e-02   2.8929480e-01   2.9187829e-02   4.0092808e-01   1.6531661e-01  -3.1701322e-01  -1.1657810e-01   1.4353967e-01   5.7039614e-01  -3.2693821e-02   1.7814992e-01   5.3914597e-01   3.7114893e-02   3.0801096e-01  -1.6599372e-01  -2.0559883e-01   1.6947582e-01  -2.3275739e-01   6.5812976e-01   1.0833071e-01  -3.2094257e-01   1.7055667e-01   2.3262057e-01  -2.3924220e-01  -2.8095026e-02  -4.6583917e-01  -1.9968243e-01  -2.0434130e-02  -1.7293882e-01   3.4072978e-01   2.8963232e-01   5.8948835e-02  -5.0173882e-02  -1.5889064e-01   3.6759615e-02   7.4377320e-03  -6.1575475e-02  -2.5532046e-01   1.7525184e-01   5.9772460e-01  -3.6710607e-01   2.8163905e-01   2.5474223e-01  -6.9728942e-02  -1.6217545e-02   1.5153979e-01  -2.7349300e-01   4.6396423e-01   3.4961921e-01  -4.4122986e-01   2.1880402e-01   4.6856508e-01  -1.3266817e-01  -6.5606880e-02   2.8273634e-02  -2.0405370e-01  -2.2277784e-01   5.0658612e-01  -4.8569590e-01   2.5927574e-01   4.5376749e-01   6.2530385e-01  -3.0615405e-01  -3.9805322e-02   2.0651939e-01   9.2826289e-03  -2.0790294e-01   8.7583496e-02  -2.7545300e-01   1.2049298e-01   2.3135667e-01  -4.8680467e-01  -2.8446464e-01  -4.4332773e-01  -1.5653018e-01   4.3820212e-01  -3.8457453e-01   9.1193763e-02  -1.0090364e-01   4.2427407e-01  -4.4233800e-01   1.1156106e-01  -4.3546151e-01  -4.9936531e-02   3.7107768e-01  -5.6476169e-01   5.4963408e-02  -3.0893497e-01  -9.8839488e-02  -2.5120974e-01   3.3555996e-01   5.3825630e-02  -1.5255457e-01  -3.7808656e-01  -3.4543904e-01  -1.4877929e-01   4.4513065e-01  -2.3482553e-01   4.8525880e-01   3.4220011e-01   3.5117817e-01  -1.2788997e-01   1.9071829e-02   1.3012386e-01  -2.3937772e-02   1.3348924e-01  -2.4915298e-01  -7.7651749e-02  -3.2006993e-01  -4.2119920e-01  -1.7577472e-01  -4.5271695e-01  -3.1446820e-01   3.9598132e-01  -3.1268921e-01   5.6790513e-01   7.0931164e-02  -2.6586719e-01  -2.2485144e-01   5.8123415e-02  -3.1585806e-01  -5.9410744e-02   1.4625114e-01   7.6276574e-01  -4.2093056e-01  -1.6099621e-01   5.9514895e-02   3.2319574e-01  -4.2516416e-01  -3.7562350e-02  -3.9030036e-01   8.3103543e-03  -4.9567046e-01  -1.2059289e-01   5.0088555e-01   2.7429776e-01  -3.2897321e-01  -1.4437463e-01   4.6185710e-01   3.3542826e-01  -9.7631987e-02  -3.5012616e-01  -1.7538766e-01   5.9017141e-02   1.4304999e-01  -1.0388941e-01
  -1.0194009e-01  -6.4386382e-01  -2.6606274e-01   0.0000000e+00   3.2576220e-01   2.7538854e-01   3.7040390e-01  -2.6821189e-01  -1.5528354e-01   2.2400844e-01   5.3665011e-01  -3.4904054e-01   4.5956437e-01  -1.5286638e-01  -2.9922048e-02   3.9499460e-01  -4.8975860e-01   4.2286396e-01  -5.5721773e-02   2.1776711e-01   5.5835563e-01   1.1462701e-01   6.1118309e-01  -4.8050027e-02   1.6449141e-01  -3.8671369e-02   1.0074321e-02   2.5487306e-01  -1.3421936e-01   4.0500363e-01   7.9838934e-02   5.6851334e-01   2.5188796e-01   2.1293654e-01  -2.2797348e-01   3.5065094e-01   4.7680279e-02  -4.9370613e-01   3.3846315e-01  -3.0205402e-02   3.7896921e-01   3.1655848e-01  -2.8021516e-01   9.2210977e-02  -1.4200143e-01  -3.8272863e-01   4.4108997e-01  -7.1593107e-02   3.8673129e-01  -6.0596772e-01   5.9724568e-01  -7.4094531e-03  -2.5539159e-01   3.6198654e-01  -3.3135027e-03   4.8128226e-01   8.9122019e-02   6.2093879e-02   6.4215261e-01  -2.6711018e-01  -5.5873919e-01   1.3083768e-01  -5.2902439e-01  -3.7458916e-01  -2.2844908e-01   2.5294983e-01   3.1647546e-01   4.1921460e-03   4.2030129e-01   1.9546207e-01  -4.4180495e-01   6.2520980e-01   2.3401001e-01  -4.2039503e-01   4.4046867e-01  -2.2287670e-01  -5.4422275e-01   2.2996267e-01  -3.6995415e-01  -2.7698833e-02   2.7695283e-01   8.4544228e-02  -1.6557141e-01  -8.1883748e-02  -1.4205259e-01  -1.1713606e-01   3.0321966e-01  -2.5738187e-01  -3.7950827e-01  -4.8913397e-02  -4.7383531e-01  -1.2422678e-01   6.2355049e-02   1.3829851e-01  -5.1986574e-01   3.1936839e-01   2.4824038e-01   4.9099481e-02  -1.0955872e-01   4.6384289e-01  -2.0598896e-01  -2.3692919e-01   4.5247189e-01  -1.6709908e-01   6.3957399e-01   2.8668351e-01   2.8217033e-01   2.8495340e-01  -1.3738978e-01   3.8399896e-01  -2.5529541e-01   2.9309186e-01   3.2799530e-01  -1.3875652e-01   2.3435654e-01  -5.1148149e-01   2.0145942e-01   4.7668194e-01   1.8163287e-01   5.7323034e-01  -2.2110702e-01  -1.4176185e-01   1.0913977e-01  -1.2710430e-01  -2.3218194e-01  -7.9215424e-02   2.4069881e-01  -2.5412189e-01   1.6181393e-01   3.5769058e-02  -4.3941355e-03   3.1551317e-03  -4.1420029e-01  -4.7059110e-02  -2.2602154e-02  -2.6666198e-01   1.7528584e-01   2.3672802e-01  -4.6658496e-03  -3.0094477e-01  -6.1153286e-02   2.4111726e-01   5.2911350e-01   4.4291125e-01  -1.8636464e-01   4.7051955e-01  -2.6486763e-01  -2.1066520e-01   5.5794206e-01  -2.0747511e-01   4.0936144e-02   2.6453897e-02  -3.2568405e-02  -2.7090513e-01  -2.2370800e-01  -1.2578539e-01  -3.4965895e-01   4.3641468e-01  -3.6283116e-01   1.7885329e-01  -2.1210827e-01   5.3349047e-01   3.1883923e-01   5.9683147e-01   5.3441848e-03  -3.1920327e-01  -2.4895820e-01   4.1208801e-02  -1.3143642e-01  -3.2779434e-01  -3.9262412e-01  -3.3415250e-01  -6.4826231e-02   3.5703989e-01   5.7469784e-02   2.6876294e-01   3.4925101e-02
  -3.9391884e-01  -2.5369483e-01   1.8700788e-01   3.2576220e-01   0.0000000e+00   4.1336015e-02   5.8853835e-02  -5.6677031e-01  -3.6861810e-01   1.5571992e-01   3.6501506e-02   2.1243528e-01   4.8901365e-01  -3.1535355e-01  -2.8779491e-01   3.6097002e-01   2.7495086e-02   3.6308625e-01  -1.5781886e-01   7.8723711e-01   9.8581388e-02  -4.7448831e-01   2.8604664e-01  -3.5431490e-01  -2.3001394e-01  -3.9166501e-01   1.7629047e-01  -1.6758537e-01  -4.7063688e-02  -1.4391677e-01  -3.3768700e-01   6.2096645e-02   3.8167036e-01   1.0633615e-04  -4.4907630e-02   6.2051819e-01  -8.0918232e-03  -4.7882877e-01   4.0372879e-01   2.7042328e-01   4.5490876e-01   5.1367735e-01   2.9560908e-01  -2.3758791e-01   1.3503327e-01  -5.1601905e-01   1.7395782e-01   1.6927749e-02   1.9243361e-01  -1.7728394e-01   4.2551150e-01  -3.7470344e-01  -4.0071210e-02   4.4472349e-01  -2.2888294e-01   2.2271419e-01  -1.5354903e-01  -5.1941049e-01   3.0268522e-01  -4.8217979e-01  -2.9672988e-01   1.9142579e-01  -7.1691746e-02  -4.3011533e-01  -1.9862766e-01   1.9274264e-01   2.1494020e-01   1.2883241e-01  -1.1383618e-02   1.7745571e-01   9.4190174e-03   3.9637873e-01   2.3161397e-01  -3.7091962e-01   3.5985191e-01  -5.2610592e-01  -4.8762484e-01  -3.0484452e-01   4.5089418e-01   2.6769634e-01  -2.9450610e-01   7.3748928e-02  -2.8948759e-02  -1.7216202e-01  -3.4148374e-01  -3.8415469e-01  -1.7845947e-02  -3.7545877e-01   5.3489367e-03  -4.7861974e-01   2.9642481e-01  -9.2641552e-03   3.1017329e-01   6.9912974e-03  -3.1883286e-01   8.1044752e-01   3.0597490e-01  -2.1101599e-01   1.0731562e-01   1.7077699e-01  -2.9807005e-01   7.4392693e-02  -1.5410223e-01  -5.4622714e-01   1.7177092e-02  -3.3736868e-01   5.9111557e-01  -2.4555055e-01  -6.9505432e-02   4.7213909e-01  -9.6211794e-02  -3.9897296e-01   1.2981651e-01  -3.8187931e-01   8.5034457e-02   2.6962879e-02  -2.4367997e-01   5.1821511e-01  -1.9376908e-02   9.6260129e-02  -4.4224181e-01   6.3062905e-01   4.1057465e-01  -9.6431193e-02  -5.6256613e-01  -3.0080747e-01   4.1200461e-01   2.6605390e-01  -2.7492821e-01   3.4162165e-01   3.9252207e-03  -3.7731233e-02  -4.1894664e-01  -3.3656242e-01  -3.7187921e-02  -4.2995321e-01   3.5627496e-01  -4.8836263e-03  -3.3550795e-01  -3.3999089e-01  -2.7896533e-01   2.5992035e-01   9.3118536e-02   1.3486664e-01  -1.9657363e-01   4.7992920e-03   1.4142291e-01   4.6173772e-01   3.4812079e-01  -3.5899135e-01  -3.8113712e-01  -3.3961632e-01  -2.2221252e-01  -9.8897619e-02   3.9524661e-01  -4.2660861e-01  -3.4893992e-01   5.0850755e-01  -1.1364758e-01  -4.0962263e-01  -1.1690403e-01  -3.4085415e-02   4.7666405e-01   5.6241704e-04  -5.1737283e-01   7.2882055e-02   1.5722621e-01  -3.8002777e-01  -3.0381116e-01   2.6442041e-01   1.0977893e-01  -2.5905890e-01  -1.4828745e-01   2.7414812e-01  -1.6729007e-01   5.8349152e-01  -3.6925915e-01
   7.0103725e-02  -4.1945719e-01  -3.4131690e-01   2.7538854e-01   4.1336015e-02   0.0000000e+00   2.5821513e-01   8.8676131e-02  -1.7577048e-02  -2.3864068e-01   5.6323672e-01  -2.8543589e-01   8.1196175e-02   1.0051206e-01  -1.4149694e-01  -6.0288337e-02  -3.6913715e-01   2.4403680e-01   3.3757843e-01  -1.3800476e-01   2.4272786e-01   3.7034700e-01   3.6323145e-01   4.2514643e-02   2.9044935e-01   2.2501872e-01   2.1232467e-01   2.7472673e-01   7.5424519e-02   5.2528824e-01  -3.0981864e-02   3.8757902e-01  -3.7757527e-01  -1.8398980e-01  -5.5916733e-01   1.0598450e-01  -1.3106211e-01  -2.6894781e-01  -5.8580186e-02  -1.1006766e-01   3.4137833e-02  -3.6692861e-01  -2.9164902e-01   2.4823669e-01  -3.3486527e-01  -1.0691916e-01   6.1552988e-01  -1.6423778e-01   2.9721108e-01  -1.8475031e-01   1.3415280e-01   3.3078357e-01  -3.2666603e-01   3.1385328e-02   2.3501607e-01   1.9270597e-01   4.1520384e-01   3.7041590e-01   3.5435685e-01   2.9415200e-02  -2.5739476e-01  -7.2676523e-02  -5.3141846e-02  -2.6076956e-01  -2.3298329e-01  -9.0246282e-02   7.3941419e-01   2.1133783e-01   7.6821085e-01  -1.4820248e-02  -4.4004061e-01   3.2496784e-01  -3.7544513e-01   3.5268323e-02   1.6140497e-01   1.7954328e-01  -2.1563592e-01   5.2750272e-01  -2.6424321e-01   1.4557105e-01   3.9564514e-01  -1.5831094e-01  -3.6104070e-01   7.1707424e-02   2.7047355e-01   3.2264805e-01   9.1521180e-02   4.1805095e-02  -9.7790145e-02   1.6315039e-01  -3.1796813e-01  -2.3908462e-01  -4.4928765e-02  -7.4350602e-02  -3.6014053e-01   1.1296567e-01   3.7942970e-01   6.1089512e-01   1.9224938e-01   3.0495951e-01  -7.1959466e-03  -1.1693414e-01   5.0672835e-01   5.7067128e-02   4.5324853e-01   4.4026090e-01  -9.1614944e-02   7.6305627e-01  -1.4233162e-01   3.0494659e-01  -3.8940457e-01   6.1921857e-01   8.4196189e-02   4.6906891e-02  -1.7085746e-01  -3.5320425e-01   4.2488945e-01  -1.5167499e-02   1.1540102e-01   3.7878265e-01  -2.0319820e-01  -2.5667899e-01  -2.3497014e-01  -2.5873658e-01   1.2610125e-01   1.4177200e-01   8.0664750e-02  -1.5050759e-02   3.4418290e-01  -1.3800552e-01   3.4011996e-02  -9.8491847e-02  -1.0509271e-01  -2.6230503e-01   1.1422640e-01   1.7326860e-01   1.6586071e-01  -6.1045360e-02   3.3784494e-01  -1.4690545e-01   1.2498307e-01   1.2087985e-01   5.9421736e-01   3.2057808e-01  -4.4147923e-01   4.1925561e-02  -4.5992112e-01  -2.4628456e-01   4.5986878e-01  -1.8116990e-01   1.1751386e-01  -2.8773987e-02  -3.4404929e-02  -1.0519913e-01  -3.0851960e-01   5.7747831e-02  -1.4389028e-01   2.1269684e-01  -3.9320682e-01   4.2268216e-01  -1.3079701e-01   5.1262534e-01   3.5904459e-02   3.5169391e-01   4.2119609e-01  -3.9387349e-01  -9.6434808e-02   2.4790257e-01   5.7017545e-02  -4.6061167e-01  -4.1420751e-01  -4.0902067e-01   2.5928593e-01   4.3328678e-01   2.0710374e-01  -2.5866460e-02   3.4172363e-01
  -3.3571085e-01  -3.6341985e-01  -1.7079570e-01   3.7040390e-01   5.8853835e-02   2.5821513e-01   0.0000000e+00  -3.4731669e-01  -4.3493202e-01   5.3685989e-01   2.1412143e-01  -1.4846077e-01   5.4981286e-01  -5.4049627e-01   3.5060019e-01   3.5811372e-01  -4.7439422e-01   5.2922269e-01  -1.1716417e-01   2.9999147e-01   6.3450701e-01  -7.0850559e-02   7.4728191e-01  -4.3086991e-01   3.6786839e-01  -2.4934565e-01   3.2802588e-01  -2.0999657e-01   1.5097761e-01   2.5981315e-01   3.0340038e-01   2.6911831e-01   1.6851433e-02   6.2127012e-01  -2.6305193e-01   2.0292039e-01   2.5520675e-01  -5.8377412e-01   3.2344718e-01   3.4671349e-01   5.0619297e-01   1.1172046e-02   1.4365952e-01  -1.4643789e-01  -4.6856730e-02  -5.9528561e-01   2.3839069e-01   6.4706092e-01   5.8725280e-01  -1.2557377e-01   4.6311339e-01  -2.0596099e-01   2.3952853e-01   6.3507738e-02  -4.1119630e-01   6.6354918e-01  -2.0355249e-01  -3.9527249e-02   3.4685898e-01  -5.0920170e-01  -5.6004311e-01   3.9884510e-01  -4.6956738e-01  -3.1069954e-01  -2.7112914e-01   4.1827937e-01   3.7128602e-01  -8.3502674e-02   2.5220186e-01   2.5823960e-01   1.5895593e-01   1.6307463e-01   1.3181545e-01  -6.3557791e-01   1.0232124e-01  -1.4733545e-01  -5.9410879e-01  -6.4195941e-02  -3.1898556e-01   2.4390395e-01   3.4600945e-01   3.0566709e-01   2.6135902e-01  -3.1432906e-01  -4.8999330e-01  -5.4927067e-02   2.1084418e-02  -6.4508698e-01  -4.7617865e-01  -3.4600242e-01  -3.5826948e-01  -5.5978988e-01   3.3365417e-01  -3.6410987e-01  -5.2168136e-01   3.7248940e-01   2.9817580e-01   1.0889464e-01  -4.0257375e-02   8.1074970e-01  -4.1356858e-01  -6.6199974e-03   2.6245844e-01  -4.8873924e-01   3.3406110e-01   7.2300597e-02   1.7966326e-02   2.2656746e-01   2.6264324e-01   3.0340670e-01   4.0831062e-01   9.3386554e-02  -1.0226063e-01  -4.1937343e-01   4.1524216e-01  -1.1650251e-01   5.2991850e-02   3.9240271e-01  -1.1234614e-01   2.0809879e-01  -5.7002085e-01  -2.8337508e-01  -3.0794887e-01  -4.8080875e-01  -4.5395570e-01  -5.6411104e-01  -1.6996096e-01  -1.6251671e-01  -1.2242720e-01   1.2182750e-01   2.9663289e-01   2.8689754e-01  -6.0893848e-01   1.7366918e-02  -3.0162521e-01  -1.0457331e-01   2.9949496e-01   2.1686419e-01   3.4366779e-02  -4.5141826e-01  -4.2377474e-01   3.4350261e-01   1.9150296e-01   1.3043451e-01   2.1384444e-01  -1.5483133e-02   3.8738653e-01  -4.4324575e-02   5.5042416e-01   4.2509571e-01  -2.8942868e-02   2.2559837e-01  -5.4703499e-01  -2.1101945e-01  -1.1466337e-01  -3.8546145e-01  -5.5299009e-01   5.3802062e-01  -6.8788156e-01   2.1188405e-01  -1.3896731e-01   2.2769303e-01   4.2183123e-01  -1.6677254e-02  -1.5931655e-03   2.9232119e-01  -1.4809123e-01  -4.0381787e-01  -4.7015943e-01   9.7920685e-03  -5.6849170e-02  -5.6770933e-01  -2.8181858e-01  -1.7874392e-01   1.9480218e-01   3.3937929e-01  -9.0929512e-02
   5.0352000e-01   2.1738096e-01  -2.9163740e-01  -2.6821189e-01  -5.6677031e-01   8.8676131e-02  -3.4731669e-01   0.0000000e+00   7.0663778e-01  -5.3676064e-01   4.5278549e-02  -1.5860123e-01  -5.2301510e-01   5.8485786e-01  -1.2533158e-01  -6.8951390e-01   4.5133105e-02  -3.5948830e-01   3.3267698e-01  -6.8805706e-01  -3.6116743e-01   4.9652054e-01  -4.1572468e-01   5.3160111e-01  -1.6683651e-02   6.7896939e-01  -2.6443664e-01   2.7685596e-01   1.1113337e-01   2.1438771e-02  -2.1397754e-02   2.2605320e-02  -5.3376310e-01  -3.8833319e-01  -4.8633119e-02  -4.7818541e-01  -3.2274647e-01   5.1081013e-01  -6.7384371e-01  -6.6494980e-01  -5.5132752e-01  -5.0020549e-01  -2.7506539e-01   4.2188625e-01  -1.7607985e-01   6.5805407e-01  -1.8470356e-01  -4.2022774e-01  -3.8765733e-01   4.0053637e-02  -4.8621867e-01   7.5911014e-01  -2.1453838e-01  -3.2073196e-01   3.0016096e-01  -3.6115030e-01   4.3451530e-01   6.3793617e-01  -7.5214947e-02   7.3065598e-01   4.4949784e-01  -5.6033795e-01   3.9090134e-01   4.6067094e-01   2.8601123e-01  -4.2828198e-01  -2.3984255e-01   1.1134506e-01   1.5770484e-01  -3.4421438e-01  -2.7204009e-01  -8.1137432e-02  -3.6631261e-01   5.2025831e-01  -7.3404794e-02   6.8384565e-01   6.3842487e-01   3.9901199e-01  -1.0143298e-01  -2.2811026e-01   2.7244972e-01  -2.7153030e-01  -3.5614350e-01   6.0583822e-01   5.4578905e-01   6.0603197e-01  -1.5408270e-01   6.1699347e-01   1.3336926e-01   5.1304684e-01   1.4191733e-03   2.6905786e-01  -5.3160831e-01   4.7491121e-01   2.8007361e-01  -6.5066831e-01  -1.4358231e-01   4.5623209e-01   8.9288443e-02  -3.9294465e-01   3.8021463e-01   2.1089241e-01   1.1246457e-01   6.5617391e-01   1.1103190e-01   4.1069367e-01  -4.0538824e-01   3.7349958e-01  -2.6034617e-01  -4.2916120e-01  -2.2620477e-01   4.2024359e-01   1.0268442e-01   5.3218492e-01  -4.3726780e-01  -7.2836666e-02   2.2314297e-01  -5.5686955e-01  -8.5077265e-02  -3.2006219e-02   5.9696604e-01  -1.8917046e-01  -1.7995297e-01   3.2747878e-01   6.4654590e-01   6.0241113e-01   1.7958567e-02   5.1394788e-02   4.7454093e-01  -5.5833634e-01  -1.8513276e-01  -3.5518795e-01   6.0453624e-01   1.1069062e-01   3.4233600e-01   7.4430245e-01  -1.6634730e-01  -2.4055022e-01   6.1610559e-01   2.5757773e-01   4.5761900e-01  -2.3891868e-01   9.4267516e-02  -2.7377149e-01  -1.0794235e-01   1.8779389e-01  -4.4920721e-01  -3.9793055e-01  -3.5855730e-01  -3.2464980e-02   1.2540381e-01   1.9559772e-01   4.8509433e-01   1.9745039e-01  -5.2412568e-01   5.7372322e-01   5.2181830e-01  -3.8603556e-01   4.1422728e-01   4.2030465e-01   1.4979387e-01   2.9019255e-01  -4.9178958e-01   3.1490316e-01   4.7392402e-01  -3.5502456e-01   4.6705946e-02   6.1315034e-01   5.8345758e-01  -3.8508656e-01  -1.1266545e-01   2.7055498e-01   4.5389729e-01  -2.3407794e-01   3.2790209e-02  -5.2457559e-01   4.0285430e-01
   3.8516215e-01   3.0494906e-01  -2.3455132e-01  -1.5528354e-01  -3.6861810e-01  -1.7577048e-02  -4.3493202e-01   7.0663778e-01   0.0000000e+00  -4.4293827e-01   1.5868553e-02  -1.7966758e-01  -4.4949533e-01   5.5726106e-01  -9.1560751e-02  -4.8416824e-01   7.1345098e-02  -3.0023666e-01   2.9710739e-01  -4.9006794e-01  -2.3542496e-01   4.3583524e-01  -3.4648275e-01   4.3120217e-01   8.1811784e-03   6.2013521e-01  -2.7822962e-01   3.1068799e-01   5.6037088e-02   1.7002395e-01   4.3312353e-02  -4.4440331e-02  -4.3128588e-01  -3.9220513e-01  -6.0869467e-02  -2.9494484e-01  -1.5332680e-01   3.7863244e-01  -5.6450215e-01  -5.6394508e-01  -3.9346319e-01  -3.8473702e-01  -3.9505778e-01   3.9306190e-01  -1.8281754e-01   5.8359584e-01  -1.5976908e-01  -3.6864819e-01  -2.4362052e-01  -1.2150892e-01  -2.9854683e-01   5.8261260e-01  -1.1913735e-01  -3.7676196e-01   3.8076847e-01  -4.5343740e-01   4.3527233e-01   4.6272963e-01  -8.6317469e-02   6.4648123e-01   3.9277253e-01  -4.6579492e-01   4.3545814e-01   5.3510541e-01   3.1585399e-01  -3.7779875e-01  -2.1273824e-01   2.4136918e-02   5.1419320e-02  -3.7346812e-01  -2.8038326e-01  -5.6167757e-02  -2.3695100e-01   4.7766470e-01  -5.9046532e-02   5.2115656e-01   5.0986597e-01   2.5606275e-01  -9.4391043e-02  -2.1991896e-01   2.5452777e-01  -2.2057560e-01  -3.0777409e-01   6.0126915e-01   5.3504889e-01   4.5724371e-01   1.7841226e-01   5.0230720e-01   2.8385354e-01   4.6155400e-01   1.1153663e-02   2.3012049e-01  -3.9481692e-01   3.9527725e-01   2.5360603e-01  -5.0143073e-01  -1.7563553e-01   2.1282556e-01   8.5578502e-02  -4.1369940e-01   2.9492834e-01  -3.4372426e-02   2.7270102e-01   7.3595214e-01   3.6200854e-03   2.2242807e-01  -4.5514986e-01   1.6721274e-01  -2.5691439e-01  -2.6366053e-01  -3.1634360e-01   3.4214702e-01   1.7272715e-01   4.7118324e-01  -3.2366033e-01   1.7249235e-02   1.0458677e-01  -3.9836755e-01   3.5220648e-02  -4.8650548e-02   5.9258683e-01  -6.8405020e-02  -7.9269616e-02   3.0074360e-01   5.6390148e-01   5.7296103e-01   1.3325075e-02  -1.2818036e-01   5.0025944e-01  -6.0530752e-01  -1.7377780e-01  -3.2087626e-01   5.7071535e-01   7.8258491e-02   3.4066630e-01   5.7316346e-01  -2.5655688e-01  -9.2282484e-02   4.3656855e-01   2.1723656e-01   3.8524623e-01  -3.2443435e-01   1.1451084e-01  -1.3893963e-01  -1.5192120e-01   4.1475390e-01  -5.0467075e-01  -3.1974569e-01  -3.4604076e-01  -7.6650887e-02   1.4045836e-01   1.4008379e-01   3.6598369e-01   2.1089187e-01  -3.1644651e-01   4.5573845e-01   5.1809970e-01  -4.1118401e-01   3.8226786e-01   4.4394784e-01   1.7685362e-01   2.0237449e-01  -4.2351892e-01   2.8008784e-01   3.5228377e-01  -2.9397308e-01  -1.2251489e-01   6.1188467e-01   5.3868997e-01  -2.7182496e-01  -1.9826776e-01   2.9891296e-01   3.9634642e-01  -5.1971538e-03   8.5118132e-02  -6.3702565e-01   3.5990982e-01
  -3.8968436e-01  -3.2837063e-01   3.0582522e-01   2.2400844e-01   1.5571992e-01  -2.3864068e-01   5.3685989e-01  -5.3676064e-01  -4.4293827e-01   0.0000000e+00  -3.0210514e-02   2.4255142e-01   4.1212587e-01  -5.9519181e-01   5.3450427e-01   5.4459957e-01  -5.7381090e-02   3.9936799e-01  -4.0796633e-01   3.7671212e-01   3.2200748e-01  -1.2557980e-01   4.3032500e-01  -5.0457650e-01   1.8360356e-01  -3.7188389e-01   1.4370054e-01  -2.7932523e-01  -3.7176014e-02   4.5206170e-03   3.1696466e-01   1.2657028e-01   2.7592692e-01   7.6694349e-01   2.0958543e-01   2.3982662e-01   2.9676975e-01  -5.6132698e-01   4.4392791e-01   5.2896462e-01   4.5055746e-01   2.5449583e-01   3.5860581e-01  -3.0338999e-01   1.9090407e-01  -5.4543216e-01   8.9752609e-03   5.0025334e-01   3.3774325e-01   2.4901484e-02   5.1493742e-01  -4.2465106e-01   2.9153472e-01   1.4080303e-01  -4.3427533e-01   5.5726947e-01  -5.1744825e-01  -1.2884232e-01   2.1446520e-01  -4.5244211e-01  -4.4050601e-01   4.7817069e-01  -5.6013415e-01  -3.6268013e-01  -3.5430508e-01   5.7785529e-01   1.1098647e-01  -2.2178071e-01  -1.3165493e-01   4.2047128e-01   3.0746029e-01  -1.0389109e-01   4.1945068e-01  -4.6093963e-01   6.1357596e-02  -2.5103896e-01  -5.0280693e-01  -2.9580993e-01  -1.7508409e-01   1.8430760e-01   5.6016771e-02   4.3472858e-01   3.8896092e-01  -4.2483439e-01  -4.3088449e-01  -1.9749539e-01   1.2294466e-01  -6.3822164e-01  -2.7332297e-01  -4.3587881e-01  -3.6033026e-01  -2.5777278e-01   4.5228377e-01  -2.9444828e-01  -4.8051454e-01   3.0446125e-01   7.3864819e-02  -2.7512884e-01  -1.7976511e-01   5.5131305e-01  -3.0345019e-01  -7.4442589e-02  -1.2975598e-01  -5.0810518e-01   3.9707545e-02  -3.4609336e-02   8.2262955e-02  -2.4471326e-01   2.9519945e-01   1.4142105e-01   5.6758394e-01  -1.6042630e-01   8.0735611e-02  -4.9341685e-01   5.3262237e-01  -8.8907525e-02  -1.7991044e-01   5.1726166e-01  -1.1857085e-01   1.3875041e-01  -4.3926114e-01  -1.8393913e-01  -2.4666396e-01  -5.8678837e-01  -5.4443380e-01  -5.4264137e-01  -3.3698954e-01  -2.0720755e-01  -1.5930424e-01   3.9785140e-01   2.9667449e-01   4.4709796e-01  -5.9841324e-01   3.4953955e-02  -2.2274861e-01  -2.6707086e-01   8.5380482e-02   8.6691351e-02  -1.2714203e-01  -4.5599896e-01  -4.4047430e-01   1.4600865e-01  -2.1067026e-01   5.1708521e-02   5.2774080e-01  -8.6714633e-02   6.4288748e-01  -4.1478271e-02   2.7025571e-01   2.0969076e-01   1.0651660e-01   5.7241780e-03  -4.4291878e-01  -3.8175678e-01   2.9029093e-01  -4.4943259e-01  -4.5717371e-01   4.0624251e-01  -3.7458385e-01  -1.1978585e-01  -3.1805174e-01  -1.7998271e-01   5.6873603e-01  -3.7498534e-01  -8.1144203e-02   3.7362647e-01  -2.1330141e-01  -5.1531758e-01  -4.1060080e-01   1.3422226e-01   7.5165720e-02  -3.5459092e-01  -6.3351098e-01  -1.6708009e-01   1.3653968e-01   2.5572555e-01  -3.8810959e-02
  -1.1835649e-01  -4.9495563e-01  -2.2120771e-01   5.3665011e-01   3.6501506e-02   5.6323672e-01   2.1412143e-01   4.5278549e-02   1.5868553e-02  -3.0210514e-02   0.0000000e+00  -2.5901478e-01   6.2444334e-02  -1.1967589e-01   1.2804919e-01   2.1256282e-01  -2.8369218e-01   4.7780342e-01   1.6628101e-01  -1.1221992e-01   4.1264949e-01   2.2538495e-01   4.6611780e-01  -1.0543596e-01   2.6204067e-01   1.9706514e-01   1.9876161e-01   3.7597480e-01  -1.4356463e-01   4.9971737e-01   2.8070227e-01   5.5890075e-01  -1.1022797e-01   7.5538457e-02  -3.8328831e-01   3.2259582e-01  -1.7524235e-01  -2.9298457e-01   1.7215616e-01  -1.2618042e-03   6.1079311e-02  -5.2840824e-02  -3.9580507e-01   3.1954012e-01  -2.2527591e-01  -1.8029129e-01   7.0396956e-01  -1.0773148e-01   3.7980213e-01  -3.3319469e-01   3.8413335e-01   3.4331807e-01  -3.6927009e-01   1.9920672e-01   1.7029395e-01   3.0487712e-01   2.4692932e-01   2.6140325e-01   5.8998445e-01  -3.2700627e-02  -2.9670535e-01   1.0156319e-01  -2.9784879e-01  -1.2140996e-01  -3.1732331e-01   4.7762075e-03   5.5274571e-01   1.5791399e-01   7.0669219e-01   2.3772031e-02  -4.3603697e-01   4.2247828e-01  -4.6678585e-02   7.3569290e-02   4.0238147e-01   1.8401110e-01  -2.2438563e-01   2.9902356e-01  -3.5467711e-01   1.3340225e-01   3.1092108e-01   5.8277293e-02  -3.2146375e-01   7.7866377e-04   1.0934849e-01   3.6305499e-01   4.0877375e-02  -8.3857634e-02  -2.0791710e-01   5.8524302e-03  -4.0780580e-01  -1.7454994e-02  -6.7598220e-02  -9.1831641e-02  -3.8648680e-01   1.6742697e-02   2.5124602e-01   2.6328431e-01   1.6902570e-01   2.7492363e-01  -1.1567366e-01  -8.1123529e-03   3.5444855e-01   1.5508213e-02   6.4011027e-01   4.5530182e-01   3.1095002e-02   4.4816030e-01  -1.4033686e-01   3.5354049e-01  -4.2486361e-01   5.0791675e-01   3.1717603e-01  -1.1698056e-01  -1.1821911e-01  -3.3568238e-01   2.5320897e-01   2.3249654e-01  -4.2997340e-02   5.8398330e-01  -1.6839803e-01  -2.9561815e-01  -2.0166896e-01  -2.7864489e-01  -3.9212074e-02   2.1990880e-03   1.6050543e-01  -1.0420196e-01   2.2434072e-01  -1.3026122e-01   2.7165724e-02   2.0558195e-01  -2.4271132e-01   1.9373511e-02  -9.0265392e-02   1.9475657e-01   5.3715103e-02  -1.1893229e-02   3.9340738e-01  -2.2547780e-01  -8.1083305e-02   4.9112701e-03   7.0840066e-01   2.3388830e-01  -1.7193016e-01   1.9668766e-01  -4.6693008e-01  -3.1787088e-01   4.5962527e-01  -2.2449123e-01   8.0150971e-02  -9.4264098e-02   1.1914632e-01   3.3517565e-03  -3.1695425e-01  -6.8731539e-02  -2.6869704e-01   3.0524341e-01  -2.2500705e-01   3.3073920e-01  -1.8741680e-01   7.3436407e-01   9.7076643e-02   5.4268792e-01   3.2012533e-01  -4.2388471e-01  -1.4163958e-01   5.6389059e-02   2.1500752e-02  -4.8786988e-01  -4.6722380e-01  -3.7186041e-01   1.8892208e-01   3.5761504e-01   2.6132603e-01   4.8894319e-03   2.1263121e-01
  -1.7302401e-01   2.8708875e-01   6.1909171e-01  -3.4904054e-01   2.1243528e-01  -2.8543589e-01  -1.4846077e-01  -1.5860123e-01  -1.7966758e-01   2.4255142e-01  -2.5901478e-01   0.0000000e+00  -1.3628925e-01  -2.7231364e-01   2.3407449e-02   2.1720704e-02   5.2901529e-01   4.6006852e-02  -1.1445771e-01   2.5401276e-01  -3.4410735e-01  -3.1416257e-01  -2.2222349e-01  -2.5657292e-01  -2.4429801e-01  -3.1969113e-01   2.1478276e-01  -4.3012102e-01   7.8696734e-02  -1.5004136e-01  -2.0960928e-01  -1.1131749e-01   1.1152729e-01   4.2797449e-02   3.5648052e-01   1.7008619e-01  -3.4841413e-02  -1.2790908e-01   7.8344063e-02   2.9620955e-01  -1.1181797e-01   1.0183806e-01   5.8523151e-01  -3.2537310e-01   4.2927788e-01  -5.0737045e-02  -6.6806592e-02   1.8224342e-02  -1.5103695e-01   4.7309756e-01   2.3814346e-02  -2.3390932e-01   1.5611663e-01  -3.5590973e-02  -1.2983074e-01  -2.1927284e-01  -4.2306021e-01  -2.2237060e-01  -4.3064459e-02  -5.3788783e-03   2.4165729e-01   5.8908335e-02   1.5510097e-01  -1.4692609e-01   5.3412360e-02   9.4670993e-02  -4.4466360e-02   2.1037592e-01  -2.0217349e-01   4.9442703e-02   3.6003320e-01  -2.0675980e-01   7.8235940e-02   2.9458527e-01  -2.0288872e-01   1.2022367e-02   1.5502152e-01  -1.9769130e-01   6.1179032e-01   2.9972443e-01  -5.0705216e-01   1.7694814e-01   9.3540137e-02  -1.3590884e-01  -1.2119293e-02  -4.4843675e-02  -2.2374290e-01  -1.0102317e-01   3.3898606e-01  -3.0805302e-01   3.3755156e-01   3.1130063e-01   3.1725915e-01   5.5628801e-02  -7.6464396e-02   2.5882974e-01   2.2040192e-02  -2.1134048e-01   2.6922173e-01  -1.0730253e-01  -1.1274237e-01   5.3262157e-01  -4.2882941e-01  -2.4547791e-01  -2.0214796e-01  -2.1979279e-01   1.7048487e-01  -3.4318282e-01   1.0353098e-01   2.1704633e-02   3.1458133e-01  -3.8450679e-01   2.8503004e-02  -2.0263068e-01  -2.1581575e-01   3.3046886e-01  -5.2516613e-01   3.9929695e-02  -4.0690114e-01  -1.0437248e-01  -1.1993199e-01   4.8810340e-01   1.1206028e-01   1.7048329e-02  -2.5127732e-01  -1.2615337e-01   1.6790493e-01   2.6910686e-01  -1.7122350e-01   2.6663882e-01   2.6396308e-01   2.0774598e-01   2.4598284e-02   1.2683485e-01   1.5937653e-01   8.7682647e-03  -1.7376438e-02  -4.5665406e-01  -3.6641456e-02  -3.0106455e-01  -1.6752032e-01  -8.1770709e-02  -2.2407837e-01  -3.5118531e-01   4.3840404e-01  -2.7549500e-01   5.2022432e-01   1.8332690e-01  -5.9728061e-02  -9.8092979e-02  -2.1096786e-01  -4.0914216e-01  -5.1710092e-02  -1.5056816e-02   5.1097403e-01  -3.1717383e-01  -1.2040192e-02   2.4520127e-02   3.1356543e-01  -4.1295300e-01   1.4415550e-01  -3.0901626e-01  -1.3401116e-02  -3.1190501e-01  -1.9496755e-01   4.6110660e-01   5.2132909e-01  -2.7777606e-01   2.0046229e-02   2.7290344e-01   6.2204211e-01  -2.8471142e-02  -1.5628005e-01  -2.0022078e-01   1.4111343e-01   1.7429082e-02  -1.1919357e-01
  -1.8992805e-01  -4.8276009e-01  -1.6639344e-01   4.5956437e-01   4.8901365e-01   8.1196175e-02   5.4981286e-01  -5.2301510e-01  -4.4949533e-01   4.1212587e-01   6.2444334e-02  -1.3628925e-01   0.0000000e+00  -3.1095724e-01  -6.1122623e-02   3.0694620e-01  -4.5758980e-01   2.5738644e-01  -1.6927304e-01   5.6021652e-01   4.9252547e-01  -4.3179682e-01   5.7325334e-01  -2.3079476e-01   1.8922666e-01  -3.2208768e-01   7.6260940e-02  -1.1228027e-01  -8.8475271e-02  -5.5873078e-02  -1.0145668e-01   4.9572970e-02   1.0238619e-01   3.4581453e-01  -1.1470776e-01   1.8804773e-01   2.1807425e-01  -5.4628142e-01   2.8778292e-01   2.6548965e-01   8.6163416e-01   2.9751393e-01   1.0037358e-01  -2.0123393e-01  -1.6472404e-01  -5.7834108e-01   7.6890144e-02   2.7721340e-01   4.3364201e-01  -3.0921798e-01   3.6485643e-01  -3.3713852e-01   1.0769856e-01   4.2986807e-01  -2.2284295e-01   6.4786667e-01  -2.5569796e-01  -4.3558526e-01   2.2999470e-01  -6.6802540e-01  -7.4488157e-01   2.9615381e-01  -2.8559975e-01  -3.1804114e-01  -3.0741488e-01   4.7710852e-01   1.2916813e-01  -2.5858629e-01  -2.9726053e-02   3.2855184e-01  -4.2894533e-02   3.7178950e-01   2.7328785e-01  -6.8686142e-01   2.8031813e-01  -4.7738313e-01  -7.1731728e-01  -1.0616394e-01  -1.8379943e-01   2.0031871e-01   1.0029374e-01   3.8477344e-02   1.1339141e-01  -2.2797351e-01  -4.9097181e-01  -3.8489206e-01   7.1736835e-02  -4.8626278e-01  -3.2907902e-01  -2.8306500e-01  -1.3846680e-01  -6.2273720e-01   2.7445863e-01  -1.4676865e-01  -4.3312116e-01   5.7825743e-01   2.8666132e-01  -5.7003944e-02  -2.5647528e-01   6.1040521e-01  -2.3399698e-01  -8.3908968e-02   7.3770441e-02  -5.8624581e-01   1.7501928e-01  -3.1727471e-01   2.9822236e-01  -9.8843196e-02   2.1879212e-01   3.1588533e-01   1.1720458e-01  -2.7863823e-01  -4.3304213e-02  -3.1195370e-01   4.7792121e-01  -2.6039012e-01   1.9495747e-02   7.1291687e-01   2.0432628e-01  -2.0141132e-02  -5.0151360e-01   1.2072630e-01   1.0920713e-01  -2.8201820e-01  -4.6548323e-01  -3.1626835e-01   1.2732352e-02  -4.2497087e-02  -3.0537341e-01   2.5799105e-01   8.1566429e-02  -1.0548458e-01  -5.7505098e-01  -2.5409423e-01  -1.9333097e-01  -3.9409296e-01   5.0369407e-01   3.1252024e-01  -2.9491181e-01  -2.0999008e-01  -1.8538012e-01   7.8105735e-01   1.9123579e-01   3.7049096e-01  -1.6613155e-01  -1.4264931e-02   2.4027738e-01   2.3542249e-01   5.3665971e-01   1.2806210e-01  -1.3372478e-01   9.7322857e-02  -3.5817243e-01  -3.6759801e-01   1.3872645e-01  -2.4592669e-01  -4.5460072e-01   6.1128586e-01  -6.8341383e-01  -1.4640856e-01  -1.5902347e-01   6.8855862e-02   6.2273271e-01   2.4081279e-02  -5.6217993e-01   1.1362144e-01  -1.3093474e-01  -2.9160157e-01  -4.4885990e-01  -1.2265730e-02  -6.6293678e-02  -3.7519298e-01  -3.3725116e-01   1.9703580e-01  -7.6334108e-02   6.4602255e-01  -4.9441767e-01
   8.3916464e-01   2.6926509e-02  -4.5316875e-01  -1.5286638e-01  -3.1535355e-01   1.0051206e-01  -5.4049627e-01   5.8485786e-01   5.5726106e-01  -5.9519181e-01  -1.1967589e-01  -2.7231364e-01  -3.1095724e-01   0.0000000e+00  -4.6972556e-01  -6.4225985e-01  -1.5065481e-01  -6.4084086e-01   1.4614140e-01  -5.7566922e-01  -3.7239455e-01   4.1968865e-01  -3.5426163e-01   8.8913018e-01  -1.7694984e-01   5.9180614e-01  -5.5782506e-01   5.5629721e-01  -2.4736988e-01   4.2368959e-04  -3.5520693e-01  -2.1909484e-02  -3.5949470e-01  -5.6589237e-01  -1.2823855e-01  -5.2544496e-01  -1.7491723e-01   6.0359732e-01  -6.7886620e-01  -7.4107973e-01  -4.5157984e-01  -2.2020379e-01  -3.3884814e-01   2.0959380e-01  -4.1284549e-01   8.1931630e-01  -1.7991157e-01  -6.6417247e-01  -5.2216564e-01  -1.6714712e-01  -4.1952415e-01   5.3469098e-01  -4.2349746e-01  -2.5444355e-01   6.8485208e-01  -3.8592138e-01   5.1733827e-01   4.0552152e-01  -2.8119233e-01   7.1593612e-01   1.8244834e-01  -6.8292205e-01   3.6548424e-01   1.1953313e-01   8.2962557e-02  -2.4655534e-01  -2.9262680e-01  -4.9497731e-02  -1.6263544e-02  -9.2311788e-02  -6.0366769e-01   1.3883558e-01  -5.7110284e-01   4.8499922e-01  -2.2446355e-01   2.8295556e-01   4.4973684e-01   3.9968316e-01  -2.4071951e-01  -4.5969423e-01   2.7635978e-01  -5.9721824e-01  -5.6442216e-01   5.1280649e-01   7.1049455e-01   2.0735686e-01   2.6848148e-01   8.7596499e-01   5.4567069e-02   8.4031861e-01  -6.1030937e-02   9.5436737e-02  -6.1312951e-01   6.0829550e-01   3.8505684e-01  -4.8265024e-01  -2.8234566e-01   2.2001046e-01  -2.3941742e-01  -3.7464276e-01   5.3009648e-01  -2.3756861e-01   2.2297944e-01   7.5543760e-01   1.2141484e-01   2.4412789e-01  -3.8009059e-01   1.8131648e-01  -4.1264370e-01  -3.1456253e-01  -5.2194504e-01   3.6592958e-01  -3.2600357e-02   8.7406450e-01  -2.0128953e-01  -3.7443677e-01   3.8672097e-01  -4.8298749e-01   4.5874745e-01  -9.3567539e-02   8.0658590e-01  -1.3867307e-01   2.0137050e-01   3.1792300e-01   8.6204623e-01   9.0370208e-01   1.3624935e-02  -1.9245576e-01   4.7477310e-01  -3.7897799e-01  -6.5163314e-01  -7.4009306e-01   8.2727581e-01  -6.0645688e-02   5.1172982e-01   1.9921440e-01  -2.9905959e-01  -3.6273728e-02   1.8853348e-01   6.5178487e-01   8.7119825e-01  -5.9778779e-02   1.0806080e-01   2.2727214e-01  -4.2384378e-01   2.8801543e-01  -6.4683788e-01  -2.5389224e-01  -2.4682315e-01  -2.0920889e-01   2.9416530e-01   3.3833633e-01   6.5769577e-01  -1.2170995e-01  -4.4735544e-01   8.7188346e-01   7.9933592e-01  -5.4715228e-01   2.8960571e-01   2.8905724e-01   2.4595420e-02   4.2620348e-02  -3.0266951e-01   2.9711016e-01   2.3587984e-01  -6.0527858e-01  -2.5396958e-01   5.9662146e-01   7.4145088e-01  -4.7315345e-01  -3.2210125e-01   6.1807807e-01   3.5166659e-01   3.0107353e-01  -1.3979384e-01  -4.8136677e-01   2.4416280e-01
