   0.0000000e+00   2.1412790e-01  -9.0741989e-02  -4.8397265e-02   1.4211057e-01  -1.8348115e-01  -3.3333412e-01   4.6649164e-02   7.7953473e-02  -8.5255223e-02   3.9611864e-02  -1.4643974e-01  -2.4585995e-01   6.5036575e-02  -2.9034939e-01  -6.9270935e-02  -2.4521268e-02  -2.6145302e-01   8.3049968e-03   1.0241277e-01  -5.2243265e-01  -2.8001238e-01  -3.9343202e-01   7.3773613e-01  -9.2310282e-02  -2.8397107e-03   1.1283442e-01   2.0410478e-01   2.5255601e-02  -2.4914976e-01  -4.5933428e-01  -1.8731771e-01  -9.1641560e-02  -1.2787404e-01  -3.0217372e-01   1.1493037e-01   1.1375134e-01  -4.7642670e-02  -6.6573596e-02  -3.6790013e-01  -1.4058400e-01  -1.1811676e-02   4.3324002e-02   2.4466268e-01   7.4862215e-02   2.2736789e-01  -7.8929123e-02  -4.7174514e-01  -1.4881512e-01  -1.3662520e-01  -2.2841393e-01  -7.3323405e-02   8.6958388e-02   1.8064818e-01   1.2078860e-01   8.5123260e-02  -1.1869528e-01  -1.5875848e-01  -5.6844089e-02  -2.2157910e-01  -2.5164388e-01  -1.2630215e-01   2.2025790e-01  -8.2344812e-02   3.3268619e-02  -1.8620314e-01  -2.8201018e-01   1.0402193e-01  -3.1410937e-01  -1.4838858e-01  -4.0368691e-01  -1.6948654e-01  -1.1310502e-01   5.5073636e-01   7.6260823e-02   6.5183604e-02   6.8521321e-02   2.7136864e-01   2.7953545e-01  -1.0759871e-01   6.6324996e-02  -2.8012749e-01  -1.4074067e-01  -8.9645988e-03   2.0102683e-01   1.3343122e-01  -2.0636198e-01   4.7209986e-01   2.9609003e-01   8.1115719e-01   1.0260955e-01  -1.5427219e-01   1.1516378e-02  -9.7383462e-02   2.9952968e-02  -1.6085940e-03  -5.6884536e-02  -1.5407008e-01   2.2618652e-02  -4.3005530e-01   4.0894405e-01  -1.7889373e-02  -5.1906081e-02  -1.1672561e-01  -4.5203984e-02  -1.6769896e-01  -1.5973062e-01  -2.2103620e-01  -2.9938325e-01   3.2167571e-02  -1.7671586e-01  -1.6749793e-01   1.5455547e-01   8.1022651e-01   6.1027407e-01   2.0165838e-01   3.1033452e-01  -1.2239114e-01   1.8724699e-01  -1.2514637e-01   2.9976247e-01   2.3604359e-01   1.8308670e-01  -2.7419390e-01   7.0662918e-02  -5.9364569e-02  -1.9125041e-01  -1.0085350e-01  -3.1812382e-01  -2.6834370e-01  -2.9251638e-01  -3.5602769e-01   1.8983083e-01  -5.0820821e-01   2.8388382e-01   1.6636605e-01  -1.2135643e-01   5.9690275e-02   2.5293342e-01   6.7803580e-01   8.7904001e-01  -4.4847193e-02   8.0972220e-03  -1.2198327e-01  -3.4822975e-01  -1.8903526e-01  -4.1618873e-01   1.0536129e-01  -1.2350851e-01  -4.1942060e-01   8.6205836e-01   7.3921044e-02   6.2494111e-01   2.9106990e-01   9.6723359e-02   4.7259496e-01   4.7832574e-01  -4.0779616e-02  -3.4091923e-02  -1.4485162e-01   1.0692937e-01  -1.8234784e-02  -4.2889703e-01  -3.2037328e-01  -2.3713824e-01  -8.3501365e-03   7.0417777e-02  -3.5867421e-01   7.6762481e-01  -1.2798045e-02   2.4806116e-01  -5.8442986e-02   5.4748538e-02  -1.5408240e-01  -5.8363731e-02  -1.3556551e-01  -2.3469743e-01
   2.1412790e-01   0.0000000e+00   4.3680359e-02  -5.0297629e-01   2.2222123e-01  -6.6694898e-01  -9.1725287e-03  -1.6327407e-01   6.3545685e-01   4.2561891e-01  -4.6250879e-01   5.4207655e-01  -2.4401466e-01  -5.2539461e-01  -6.0516080e-01  -9.2509103e-02   1.9086955e-01  -5.4463533e-01   1.9588517e-01   2.0167937e-01  -7.6742434e-02  -5.3746648e-01  -3.8413961e-01   3.3672965e-01  -2.3639209e-01   7.4383621e-02  -1.3780875e-01  -3.6195639e-01   1.4312200e-01  -3.5716173e-01  -5.1449757e-01  -5.6320027e-01  -3.1859049e-02   2.5476857e-01  -2.1794761e-01   1.4682275e-01   6.7985643e-02   2.1105688e-02   5.2124942e-02  -1.9791309e-01  -1.6562097e-01  -2.2084554e-01   5.8591825e-01  -1.5254178e-01   1.1259608e-01  -2.4723714e-01  -5.6562662e-01  -2.3203275e-01  -2.0235128e-01   4.1849460e-01  -6.1694215e-01  -1.3070164e-01   6.5970586e-01  -2.4768497e-01  -4.6993371e-01  -1.2302455e-01  -1.1500153e-01  -4.3331594e-01  -4.9086088e-01  -2.9565094e-01  -2.0503091e-01   2.6150748e-01   4.5949420e-01   1.7882044e-01   1.6787812e-01   3.4063660e-01  -6.0505387e-01  -1.3353413e-01  -5.7770837e-01  -1.9068223e-01   2.4783702e-01  -6.1521750e-01   2.9835192e-01  -1.8773215e-01  -2.8593331e-02   1.1418929e-01  -2.3591001e-01   1.3329368e-01   6.3013754e-01  -1.7231668e-01  -2.6602964e-01   2.1347388e-01   2.1355458e-01  -2.2691173e-02  -1.4091412e-01  -3.8799553e-01   4.7308108e-02  -1.1789739e-01   5.0902760e-01   2.6429490e-01   5.1180970e-01  -2.9206338e-01   4.3914750e-01   1.2490237e-01  -3.3007106e-01   1.9235228e-01  -2.0455894e-01  -5.7131375e-02  -1.1310541e-01  -1.1197294e-01  -2.8914505e-01  -2.3603730e-01  -3.5572418e-01  -3.7007862e-02  -5.8975979e-01  -4.0866531e-01  -3.1876803e-01  -3.4213561e-01  -3.6324292e-01  -4.4685318e-01   3.6502587e-01  -6.4571744e-01  -3.5050869e-01   3.2444435e-02  -3.8582402e-02   7.0903737e-01  -1.4208582e-01   1.8205993e-01  -2.2592043e-01  -5.9540596e-01   1.5513713e-01   4.2078790e-01   6.2296928e-01   1.9435951e-01  -1.9754043e-01  -4.0260567e-01  -3.5393969e-01  -3.0647495e-02  -4.2675637e-01  -4.0318465e-02   9.2650282e-04   1.2306640e-01  -8.1781451e-02  -5.0226999e-01   3.4970694e-01   2.4451514e-01  -1.9825483e-01  -4.2555278e-01   1.6200796e-01   1.0988434e-01   3.8094070e-01  -2.9349702e-01  -2.0879927e-01  -4.7864613e-01  -1.5519799e-01  -5.2238910e-01   4.9650763e-02   6.5772863e-01  -5.5373555e-01   5.7106410e-02   2.0800838e-01  -1.0908878e-01  -3.6538202e-02   2.1880187e-01   4.6310313e-01   2.5864217e-01  -2.6661679e-02  -4.4011297e-01  -1.0397153e-01  -4.5738724e-01   2.2506919e-01   2.0624637e-02   6.5000971e-02  -5.7605568e-01  -2.7009971e-01   5.4621247e-01   2.2035061e-01  -5.3059675e-01   7.5608276e-02   2.5156090e-01   6.0463012e-01   1.7475021e-01  -7.9125876e-02  -4.9382308e-01  -2.9006092e-01  -1.2001288e-01  -4.1897597e-01
  -9.0741989e-02   4.3680359e-02   0.0000000e+00  -2.7802759e-01   2.6891641e-02   3.0913461e-02   4.8117983e-02  -2.6745960e-01  -1.4110175e-01   2.9260039e-01  -3.0862602e-02   3.9210604e-01  -1.6043941e-01  -2.8952134e-01  -3.4005881e-02  -2.1547883e-02   8.1231773e-01  -1.0331999e-01  -7.7403212e-02   1.7795798e-01  -7.9364715e-02  -1.8127586e-01   2.8495025e-02  -1.2723420e-01   1.2071657e-01  -1.6445668e-01   2.6731514e-01  -2.2005398e-01   1.9352189e-01  -2.1894319e-01  -2.6696895e-01   3.4372259e-02  -4.0585881e-02   2.4457011e-01  -2.1658115e-01   5.9639213e-02  -1.1690928e-01   1.8183423e-01  -2.3560145e-02   5.1202370e-01  -2.8224000e-01  -1.1763901e-02   5.0913832e-02  -1.6904737e-01  -2.3954392e-01   3.8007563e-01  -5.4925105e-02  -6.3063026e-02  -8.0126474e-02   4.9027658e-01  -4.3994253e-02  -1.5784954e-01  -4.9555549e-02   1.0477421e-01  -4.1387546e-01  -8.6396945e-02  -1.7715243e-01  -1.9766089e-01  -2.5466560e-01   9.8576887e-02   4.5245532e-01   1.4721875e-02  -5.0697631e-02  -5.0813676e-02  -3.3614485e-01   1.7543939e-01  -6.6473176e-02  -6.7810349e-02  -1.6933364e-01   6.7326878e-01   2.0528461e-01   7.0454716e-03  -4.8219847e-02   1.2751070e-02   2.6306476e-01  -2.0999587e-02   2.4260976e-01  -2.1175558e-01  -1.8618642e-02  -2.8471203e-02  -3.0717881e-01  -1.0147260e-01   9.7630597e-02  -1.5992445e-01   3.6039541e-02  -1.5381498e-01  -3.9732727e-01  -3.1829795e-01  -9.3176733e-02  -8.4339144e-02   3.0950325e-02   4.7496425e-01   5.1666226e-01  -1.5228051e-01   6.5158304e-02   1.8010491e-01  -1.3404000e-01  -8.3265797e-02  -6.3905500e-02  -8.9462961e-02  -8.7499190e-02   7.3801121e-02  -2.7222373e-01  -1.7369093e-02  -2.1029114e-01  -1.6219112e-01   1.0926535e-01  -1.6768310e-01   1.4797783e-01  -1.8944457e-03   3.1967773e-01  -1.7957684e-01  -1.3201808e-01  -5.4907864e-02  -1.8581127e-01  -7.5588347e-02  -9.7215551e-02  -1.0172483e-01  -1.5038879e-01  -1.2557383e-01  -2.6945779e-03   3.5676707e-02   1.5648293e-01  -2.6109951e-02   2.3279643e-01   1.0338872e-01  -2.6371860e-01   8.8348562e-02  -1.4044726e-01   5.0903183e-01   2.2491992e-02  -8.0246217e-02   1.2789660e-01   1.0428199e-01  -8.4808256e-03   3.6125481e-04   4.5603662e-03  -1.4478512e-01  -1.7829376e-01  -2.1228892e-01  -9.0266181e-02   2.0721959e-02  -2.3143796e-01   1.2340173e-01   1.4752634e-01  -1.9862869e-01   2.0051229e-01  -1.1575189e-01  -1.6929306e-02   1.5567139e-02  -5.0373386e-02  -3.6328776e-01  -2.5062111e-02  -1.8836489e-01   4.8835828e-01  -2.4222164e-02  -7.8473948e-02  -2.5159794e-01   3.8856091e-01  -3.4802657e-01  -6.1413046e-02  -6.8673326e-02   1.8800805e-01  -2.0869890e-01  -6.7298527e-02   5.5568500e-02   9.0859579e-02  -6.2697965e-02  -8.4041537e-02   3.1253338e-02   3.0629694e-03   4.6971353e-02  -1.9992276e-01  -1.0302715e-01   1.0394338e-01  -6.1065829e-02  -7.4949084e-02
  -4.8397265e-02  -5.0297629e-01  -2.7802759e-01   0.0000000e+00  -1.1542757e-01   5.3167756e-01   1.1727601e-01   3.0765409e-01  -2.5983010e-01  -2.6282361e-01   3.9702392e-01  -3.1204280e-01   6.4433042e-02   5.1109220e-01   3.7326636e-01   4.5166162e-01  -2.9172379e-01   6.2422318e-01   7.6937824e-02  -1.0509553e-01   1.2477000e-02   6.3768493e-01   2.8987404e-01  -3.4244498e-01   1.8042665e-01   1.1394522e-02  -1.7109935e-02   5.1879588e-01   2.0723403e-02   3.8279374e-01   2.6826140e-01   5.6411931e-01  -6.4512340e-02  -2.5260974e-01   3.8607610e-01   2.6575144e-02   3.9843577e-01  -4.5433589e-01   1.2655476e-01   3.2670191e-02   3.0736122e-01   2.5685047e-02  -4.4253498e-01   5.2416701e-02   5.0168169e-02   9.5077816e-02   5.0013793e-01   1.1280596e-01   2.6541816e-01  -3.2216467e-01   5.1982442e-01   2.6188597e-01  -3.1648370e-01   4.0366389e-01   5.0188503e-01   8.3190145e-02   2.1747951e-01   6.5124845e-01   6.1002749e-01   4.1111851e-01  -3.5842530e-03  -1.5088223e-01  -2.5225203e-01  -1.0829307e-01   7.6929387e-02  -1.8826670e-01   4.7231335e-01   4.0668737e-01   4.8760927e-01   4.7202151e-02  -2.9523031e-01   5.3670209e-01   2.3882166e-02   2.5324176e-01  -2.9810293e-02   8.7245792e-02   1.6597099e-01  -9.3342400e-02  -4.5490359e-01   1.9199851e-01   4.0810786e-01  -4.9594504e-02  -2.4204551e-01   9.3926807e-02   8.9362755e-04   6.1550048e-01   3.4734333e-01   2.1000126e-01  -1.4542992e-01  -2.0573774e-01  -4.5697685e-01   1.2975264e-01  -5.1923319e-01  -2.5702155e-02   2.1303168e-01  -3.1504570e-01   3.9215373e-01   1.9770005e-01   4.2853985e-02   2.0298649e-01   1.1952568e-01   1.9068205e-01   4.6065131e-01   3.5331756e-01   7.1374086e-01   8.1599536e-01   1.9122280e-01   4.8947066e-01   4.3966776e-01   4.3255142e-01  -3.2715671e-01   7.2855029e-01   5.9568671e-01   1.7087272e-02   1.7635135e-01  -4.8009705e-01   1.1688213e-01  -4.8056096e-03   1.1150991e-01   7.4203827e-01  -3.5467281e-01  -3.1851147e-01  -3.8973057e-01  -7.4080737e-03  -1.5682077e-01   5.6369608e-01   3.7391294e-01   7.0695554e-03   6.6058666e-01  -6.8945043e-02  -8.9939723e-02  -4.8830962e-03   1.7445631e-01   1.8286022e-01  -1.4743131e-01  -1.6299123e-01   6.4203110e-02   3.6604763e-01   8.8805753e-02   1.8158261e-01  -1.3220011e-01   7.6574495e-02   2.6086483e-01   2.5255083e-01   4.4193484e-04   5.5273975e-01  -1.1264000e-01  -3.0205709e-01   5.7073968e-01   4.4035098e-02  -1.6080266e-02   1.2305890e-01   2.5439469e-01  -2.6940109e-02  -2.2458630e-01  -3.7931817e-01   6.2231974e-02   4.8893174e-01   6.5202786e-02   5.9481082e-01  -8.5545059e-02   5.8875309e-02   1.4791031e-02   6.8413451e-01   5.8605263e-01  -4.2962991e-01  -8.2905109e-02   4.4472551e-01   5.0223491e-02  -2.4876881e-01  -3.8723901e-01  -4.8554973e-01   2.9767067e-01   3.9645982e-01   3.4141997e-01   5.9077171e-02   5.8907533e-01
   1.4211057e-01   2.2222123e-01   2.6891641e-02  -1.1542757e-01   0.0000000e+00  -2.3499060e-01  -2.8881946e-01   2.2779040e-02   1.4135884e-01   1.3633622e-01  -3.5804397e-02   9.1390550e-02   2.6414032e-01  -1.0979275e-01  -3.3587032e-01  -1.9637844e-02   2.1734282e-01   9.2695034e-02  -1.7170024e-01   8.2975373e-01  -2.7208662e-01  -2.6627807e-01  -4.4767081e-01   1.5561886e-01  -5.4203342e-02   1.8584338e-01   3.3629568e-01   1.4407081e-02  -4.5855130e-02  -1.3748472e-01  -3.5203404e-01  -3.6961568e-01   1.4467858e-01   6.0091235e-02  -3.8108154e-01   5.9062455e-01   1.1969081e-01   5.0041878e-02   4.8503735e-02  -1.0470824e-01   2.0131957e-01   2.4142657e-02   4.3237007e-01  -1.7108376e-01   5.5451909e-01  -3.1991689e-01  -1.3280365e-01  -3.6934817e-01   1.7194679e-01   2.5043811e-01  -2.1496678e-02   1.1321589e-01   1.2115597e-01  -9.4024518e-02  -1.5429351e-01  -6.1919680e-02  -1.3642515e-01  -3.0130328e-01  -1.0022549e-01  -1.0154763e-01  -1.4210896e-01   5.0620294e-01   3.8176345e-01   3.8652947e-02   1.9460330e-01   2.5764419e-03  -1.7558031e-01   1.1837181e-01  -1.4264197e-01  -1.8309805e-01  -3.3046606e-01  -2.1328929e-03   8.9667994e-02  -9.0912885e-02   2.0880949e-02  -1.8705644e-01  -1.9482525e-01   1.4539068e-01   5.9626324e-01   2.8676023e-01  -1.6487577e-02   1.9161627e-01   1.1941333e-01   1.0728549e-01  -3.0635342e-01  -1.8387571e-01  -2.2737437e-01  -2.5484806e-01   3.2073380e-01   1.9609596e-01   6.8333146e-01  -2.0405936e-01   3.8237834e-01   2.9593647e-01  -2.6294786e-01   6.4769399e-01   1.2983836e-01  -7.1443051e-02   5.9450008e-01  -3.0785009e-01  -3.9052931e-02  -2.7035976e-01   6.4630795e-02  -2.2346866e-02   3.4539490e-03  -2.1363111e-01  -2.3595371e-01  -5.7577884e-02   2.1973977e-01   7.1394885e-02   4.3665530e-02  -2.7561624e-01   3.5460882e-02  -4.5014312e-04  -1.9604919e-02   4.5230367e-01   1.1550021e-01   1.3535250e-01   7.8344315e-02  -1.0920153e-01  -5.8683837e-02   8.7039670e-01   3.5063768e-01  -1.0815464e-01  -1.6785144e-01  -3.4360083e-01   1.1096761e-01   1.2903018e-01  -1.9143616e-01  -3.1530571e-02   2.7774918e-01  -1.1252048e-01  -1.0506550e-01  -4.1777795e-01   3.6733007e-01  -6.1021733e-02   2.2489049e-01  -1.6738404e-01  -6.8613562e-02   5.7879431e-02   1.8039467e-01   4.0078624e-01   1.6680398e-02  -1.7012285e-02  -3.2482653e-01  -2.4962736e-02  -3.4552500e-01   3.3223610e-01  -8.7509462e-02  -2.9291513e-01   1.1282080e-01   4.8784196e-02  -1.2887140e-02   3.8492347e-01   3.7436838e-01   1.3350005e-01  -1.9781964e-01   2.6501716e-02  -6.7037047e-02  -1.4804285e-01   4.6117654e-01   1.9830747e-02  -2.1752332e-01  -5.6535877e-02  -2.2404670e-01   3.7791339e-01   1.3771005e-01  -2.0899594e-01  -1.9851342e-02   2.2878686e-01   4.4949703e-01   1.2256828e-02   4.6204864e-01   1.4085307e-03  -1.2390191e-01   6.5253277e-02  -1.9813537e-01
  -1.8348115e-01  -6.6694898e-01   3.0913461e-02   5.3167756e-01  -2.3499060e-01   0.0000000e+00   2.5201685e-01   2.0736091e-01  -4.9519701e-01  -2.5540679e-01   1.7329517e-01  -2.7376194e-01   6.2702657e-02   5.7610789e-01   4.2126878e-01   2.5904022e-01  -1.2278608e-01   4.4476463e-01   2.4510867e-01  -2.1896562e-01   1.3284104e-01   5.3503134e-01   4.1878614e-01  -3.5690102e-01   2.7131273e-01   1.7336782e-01   1.6976404e-01   5.2281174e-01  -1.0430859e-01   3.4825964e-01   3.2466221e-01   4.3983685e-01  -6.1024382e-02  -1.6137216e-01   3.6880739e-01  -2.8876764e-02   1.3129126e-01  -1.3388114e-01  -1.6640190e-02   3.8611336e-01   5.8847629e-02   1.2960568e-01  -6.2109662e-01   9.7517104e-02  -2.2118601e-01   4.0987547e-01   4.1710912e-01   3.9340560e-01   1.3326977e-01  -3.3047902e-01   5.2246596e-01   3.5453830e-01  -3.2223541e-01   2.3586582e-01   4.0950733e-01   1.2879227e-01   4.0512795e-01   5.2130218e-01   3.5668384e-01   3.7468616e-01   2.7071491e-01  -3.8362980e-01  -4.2884818e-01  -2.6084383e-01  -2.3579034e-01  -6.8088214e-02   8.2845210e-01   1.0686909e-01   4.6481342e-01   4.4331885e-01  -1.7597514e-01   5.1984384e-01  -3.1196473e-01   2.9170293e-01  -6.3299634e-02   6.7994885e-02   4.3318651e-01  -7.2375254e-02  -5.8236585e-01   2.1847309e-02   2.7052400e-01  -3.3247000e-01  -2.1366221e-01   1.1454195e-01   1.7672744e-01   4.4506633e-01   2.5622340e-01   2.1011435e-01  -3.8549454e-01  -2.5775760e-01  -6.0469125e-01   3.9722200e-01  -4.9178768e-01  -7.7591907e-02   4.1484461e-01  -3.2417349e-01   2.3277140e-01   4.1132530e-01  -8.8421856e-02   1.3495603e-01   2.7883339e-01   1.3930105e-01   4.4768486e-01   2.3860695e-01   5.7937118e-01   4.5040413e-01   3.5182273e-01   5.7021193e-01   4.0131641e-01   4.9027718e-01  -3.1873022e-01   6.9108821e-01   3.4287693e-01  -3.2461082e-02   1.1899327e-01  -6.6627119e-01   1.1406098e-01  -2.8106963e-01   3.6926083e-01   5.3838616e-01  -7.0582827e-02  -3.5978411e-01  -4.9018891e-01  -1.6871162e-01   2.1085950e-01   5.6709586e-01   2.4165639e-01  -9.8771332e-02   3.9259500e-01   3.0319954e-01  -1.9605886e-01  -1.7901525e-01   1.5583209e-01   4.0090131e-01  -4.3461934e-01  -6.8964804e-02  -7.5334717e-02   4.1707321e-01   8.7715790e-02  -3.7088671e-02  -2.4819113e-01   4.6860907e-03   2.5964898e-01   7.0367575e-01  -3.7672434e-02   3.9787470e-01  -2.1647551e-02  -3.5319380e-01   7.6289635e-01  -1.0934719e-01  -1.3935240e-01   9.7466406e-02   2.6464789e-01  -3.4301608e-01  -1.7111253e-01  -2.7641843e-01   2.0928628e-01   2.6177255e-01   2.0119420e-01   5.7454807e-01  -3.7804033e-01  -7.2412450e-02   1.0410070e-01   4.8357137e-01   3.8532426e-01  -5.5357063e-01  -2.4776210e-01   5.4040613e-01   6.7380559e-02  -2.6878637e-01  -5.6439951e-01  -2.2355288e-01  -1.0052185e-02   7.3347961e-01   1.5200112e-01   2.7257255e-02   4.2239393e-01
  -3.3333412e-01  -9.1725287e-03   4.8117983e-02   1.1727601e-01  -2.8881946e-01   2.5201685e-01   0.0000000e+00  -2.9561115e-01  -6.2944300e-02   5.2997775e-01  -3.0179385e-01   4.9042956e-01  -9.1280386e-02  -1.3974823e-01   4.5517625e-01   3.0084296e-01  -8.2395052e-02   3.6678744e-02   2.6143221e-01  -1.4581082e-01   3.6989826e-01   1.5565588e-01   7.5366307e-01  -3.4388764e-01   7.4445683e-02  -2.7201174e-02  -6.2021447e-02  -2.1009393e-01  -1.1313966e-01   5.4680540e-02   2.1446352e-01   1.2098692e-01  -1.9795790e-01   6.1218153e-01   5.4291653e-01  -4.3339789e-02   1.0793747e-01  -6.4321074e-02   7.0693258e-02   3.9421765e-01  -9.2625129e-02  -1.8586564e-01  -1.2431509e-01  -2.1544723e-01  -2.5154466e-01  -7.8632955e-02  -1.5108920e-01   5.8068936e-01  -2.7630502e-01  -5.0756512e-03   1.7062392e-01  -8.8096935e-02   1.0980012e-01  -2.2014133e-01  -5.4843624e-02   3.5671849e-01   1.3236118e-01   2.4386034e-02  -2.0107725e-01   1.8386849e-01   1.6657369e-03   4.5845179e-02  -3.0065281e-01  -1.2139331e-01  -2.4678440e-01   7.3022888e-01   1.8773529e-01  -3.2635241e-02  -9.5422846e-02   5.0019170e-01   4.2191717e-01   6.2031331e-02  -7.7349856e-02  -2.7192240e-02  -1.5382086e-01   1.1791450e-01  -1.8377675e-01  -1.4302149e-01  -2.5640837e-01  -2.6400258e-01   1.7688076e-01   1.1019034e-01  -4.1310552e-02  -1.3988627e-01   8.5288516e-02  -1.3458613e-01   3.1162570e-01  -1.5363391e-01  -1.8253965e-01  -3.5964193e-01  -4.3759230e-01  -8.9634483e-02  -1.5859596e-02  -1.1765620e-01  -1.2783103e-01  -2.0066496e-01  -1.0649874e-01   2.0851400e-01  -3.0996912e-01   7.6278073e-01  -6.2199437e-02   1.1945064e-01   2.0826888e-02   1.4513494e-01  -1.0059023e-01   2.2514821e-02  -3.8546347e-02   1.4178894e-01   2.4937677e-01  -1.0397806e-01   4.9791920e-01   5.2656046e-03  -3.7936300e-02  -3.6181661e-01  -1.3300345e-01  -1.2559017e-01  -2.9257449e-01  -5.0122669e-02  -8.4810910e-03   1.2547642e-01  -3.0382016e-01  -2.2976280e-01  -3.8936666e-02  -1.1120580e-01  -3.0042669e-01   8.6660205e-02   2.9794992e-01  -1.2709657e-01  -2.7598928e-02   2.9337733e-01  -9.6056142e-02   5.2031332e-01  -2.9714566e-01   2.3100119e-01  -3.4020539e-01  -1.6112343e-01  -3.5814715e-01  -3.2492635e-02  -4.8303105e-02  -2.0212092e-01  -2.6985585e-01  -3.2281263e-01  -2.5936607e-01   5.3775417e-02   5.6318176e-01  -1.5347922e-01   7.7591986e-01  -4.6004098e-02   2.1099295e-01   1.4824333e-01  -3.3608840e-01  -5.4177631e-02  -3.3683772e-01  -2.2454747e-01   1.6188765e-02  -2.1616636e-01  -2.0175612e-01  -1.9084726e-01  -2.7293376e-01   9.2895186e-02  -3.3928776e-01  -1.8226851e-01   3.0599422e-01   1.0217644e-02   1.0769111e-01   2.0551086e-01   3.8477954e-01  -6.7724373e-03  -2.9877415e-01  -3.5619648e-01  -1.9244622e-01  -1.1219007e-01  -3.2136785e-01   1.1800348e-01   3.6465775e-02  -2.3639628e-01   1.7933426e-01
   4.6649164e-02  -1.6327407e-01  -2.6745960e-01   3.0765409e-01   2.2779040e-02   2.0736091e-01  -2.9561115e-01   0.0000000e+00   6.1174893e-02  -3.3666815e-01   2.9587019e-01  -3.9899921e-01   6.0178800e-02   3.3196639e-01  -1.5470054e-01   6.5228419e-02  -3.6634091e-01   2.3980170e-01   1.6781991e-01  -1.1728203e-01   5.0947620e-02   3.0675459e-01  -2.5251213e-01  -9.2345376e-02  -1.3656092e-01   4.6070551e-01  -1.3322200e-01   4.5378211e-01  -1.4548856e-01   2.8966164e-01   1.2378139e-01   1.2539302e-01   2.9491037e-01  -4.6395725e-01  -7.7970845e-02  -1.0604422e-01   1.8060029e-01  -8.3739131e-02   2.3192339e-02  -2.6912154e-01   8.0637818e-02   3.3532274e-01  -1.0648097e-01   3.7697049e-01   1.2317792e-01   1.0058179e-01   1.6789775e-01   3.2798108e-02   1.7940222e-01  -1.5470358e-01   7.0233228e-02   6.6168165e-01  -1.5964825e-01   7.6118969e-02   3.0429299e-01   3.4756380e-02   2.8380120e-01   3.6174121e-01   3.8091121e-01   6.4945165e-02  -8.5402825e-02  -1.5695422e-01   8.9518393e-02   2.1951302e-01   3.3118132e-01  -3.3513996e-01   1.7817567e-01   1.3881723e-01   3.2393497e-01  -1.2905399e-01  -1.9999221e-01   5.4343144e-02  -2.7732142e-02   4.8564393e-02  -1.0416206e-01   2.1315977e-01   2.4797989e-01   3.0150173e-01  -1.6560511e-01   2.2698880e-01   2.0467382e-01  -7.9006877e-02  -7.5675316e-02   2.8694858e-01  -9.2707310e-02   3.7559796e-01   8.6713249e-02   1.2252501e-01  -3.2212341e-04   1.0137193e-01  -9.8021988e-02   1.2429688e-01  -2.8677320e-01   8.0351505e-02   3.1685172e-01  -1.2690398e-01   4.1148616e-01   3.9203966e-01   1.2114856e-01  -1.7518340e-01   3.2998081e-02   1.7978511e-01   2.3775933e-01   1.3077174e-01   3.9374515e-01   4.0532865e-01   1.0044706e-01   5.0206501e-01   4.7491224e-02   1.4411828e-01  -3.7795732e-01   3.4936245e-01   1.9169269e-01   1.9677261e-01   1.8109342e-01  -1.8880606e-01   3.9814898e-01   4.1703842e-03   1.6455704e-01   1.7719091e-01  -3.3431167e-02  -8.2017745e-02  -2.8767890e-01   8.9964552e-02   9.8722389e-02   2.0647949e-01  -1.1245496e-01   1.8387671e-02   3.9013790e-01  -2.1480697e-01  -1.0207925e-01  -1.6785204e-01   8.6596794e-02  -8.0042398e-02  -5.1411325e-02   3.7617122e-01   2.0883989e-01   4.5158833e-01   3.7020702e-01   8.8599031e-02   5.8836105e-02   2.2153176e-02   5.0066529e-01   2.2619356e-01  -3.4213887e-01   5.1935282e-01  -3.1801482e-01   4.8570646e-02   1.0222720e-01   1.3866750e-01   1.4159324e-01   1.4220264e-01   3.3704914e-01   8.1797700e-02  -1.9264099e-01  -8.8429718e-02   1.3391246e-01   3.2182996e-01   7.1969620e-02   2.5778339e-01  -1.7823681e-02   4.1193394e-01  -1.2519619e-01   3.9704725e-01   2.4608463e-01  -2.3258828e-01  -5.4536305e-02   2.3815389e-01   1.9767849e-01   4.6834882e-02  -1.9126743e-01  -7.4049042e-02   2.2736240e-01   3.9288626e-01   2.6265904e-02   3.0954843e-01   1.4279893e-01
   7.7953473e-02   6.3545685e-01  -1.4110175e-01  -2.5983010e-01   1.4135884e-01  -4.9519701e-01  -6.2944300e-02   6.1174893e-02   0.0000000e+00   2.3781887e-01  -6.2803174e-02   1.9320301e-01  -4.8038550e-02  -3.6758977e-01  -3.4399634e-01  -1.4202547e-01  -9.1512606e-02  -2.3753245e-01   1.5189961e-01   2.6514821e-02  -2.1338151e-02  -2.3429372e-01  -2.7182635e-01   1.6032605e-01  -2.2847288e-01   1.4097024e-01  -9.4176705e-02  -1.5151519e-01  -3.2501453e-02   7.1758761e-02  -2.8008658e-01  -3.0558439e-01  -2.8318953e-02   1.3217993e-01  -1.0712003e-02  -4.8686755e-02  -1.0792962e-01  -2.0287849e-01  -8.7505414e-03  -3.2724084e-01  -7.3219850e-02  -1.6749994e-01   5.8324298e-01  -1.8278447e-01   3.3639033e-01  -2.6528180e-01  -4.2329332e-01  -1.9256803e-01  -3.8213214e-02   1.8549586e-01  -3.2802424e-01   5.2420228e-02   2.2462297e-01  -2.0307527e-01  -2.2581601e-01   1.2553847e-01  -7.6220267e-02  -2.7635619e-01  -2.5010944e-01  -2.5229927e-01  -3.6866304e-01   3.1059874e-01   6.8356603e-01   4.2054101e-01   6.8384229e-01   1.6209612e-01  -5.6218595e-01   1.9824794e-01  -4.0091269e-01  -1.8206441e-01   2.0442096e-01  -3.9337400e-01   2.0102689e-01  -1.1477708e-01  -2.8065315e-02   8.4679974e-02  -3.2026531e-01   2.8529548e-02   3.8810579e-01  -4.9854315e-02   3.6964361e-02   1.8275211e-01   3.8880037e-03  -4.5798074e-02  -5.7904394e-02  -1.4537616e-01   1.5473666e-01  -3.8072102e-02   6.5585357e-01   2.0247859e-01   2.4260147e-01  -3.3041608e-01   5.5827032e-02   3.5860802e-01  -3.0511123e-01   3.3244580e-02   1.6042261e-02   3.9655531e-03   1.2052152e-01   2.6762182e-03  -1.2210046e-01   7.3256346e-02  -2.8748213e-01   1.2376849e-01  -3.3002799e-01  -2.3194212e-01  -2.9620217e-01  -1.7454584e-01  -1.9211539e-01  -4.6421780e-01   9.0328370e-02  -4.0431171e-01   7.9764134e-02   5.5119717e-02   1.4407420e-01   6.4588487e-01   1.0218742e-01   7.5025788e-02  -3.3499559e-01  -2.8640689e-01  -4.9289161e-02   2.4124448e-01   3.0784070e-01   3.5991278e-01  -2.8387797e-01  -2.2562095e-01  -1.5551923e-01  -1.0485655e-02  -1.7145919e-01  -2.8096970e-01  -8.6875864e-02   2.6316059e-01  -2.3290775e-01  -4.0954764e-01   4.3108489e-01   2.3369168e-01  -3.3925546e-02  -7.3334049e-02   2.8141116e-01   1.0635067e-01   2.4976345e-01  -1.7812648e-01  -1.3458201e-01  -3.9297682e-01  -1.5368686e-02  -5.6830019e-02   7.5120557e-02   4.8900227e-01  -4.0341636e-01   2.5710327e-01   1.8164519e-01  -1.4141108e-01  -4.5293389e-02   3.9664583e-01   2.0267001e-01   4.2959376e-02  -1.4492105e-01  -2.4632661e-01  -3.2098513e-01  -2.2111627e-01   2.6735072e-01   2.9900374e-01  -1.4729610e-01  -2.2259580e-01  -1.3314963e-01   3.3598489e-01   1.1359466e-01  -4.2976695e-01   7.9220874e-03  -1.5035894e-01   3.4078770e-01  -4.0592088e-02   3.4509013e-01  -3.9793807e-01  -1.7084689e-01  -9.2556546e-02  -3.4589348e-01
  -8.5255223e-02   4.2561891e-01   2.9260039e-01  -2.6282361e-01   1.3633622e-01  -2.5540679e-01   5.2997775e-01  -3.3666815e-01   2.3781887e-01   0.0000000e+00  -4.9880537e-01   7.0617889e-01  -4.5142267e-03  -4.0426568e-01  -1.6916618e-01   1.5906072e-01   1.9652478e-01  -3.2636178e-01   1.8826816e-01   2.8860223e-01   1.8388470e-01  -1.9857761e-01   2.1705596e-01  -6.7444503e-02  -9.7206323e-02  -2.2609853e-02  -5.9843332e-02  -4.1145709e-01   1.4238049e-01  -3.0383998e-01  -2.8201547e-01  -2.2223184e-01  -1.6099006e-01   6.6228930e-01   1.5710086e-01   2.1613713e-01   2.6916886e-01  -1.0373050e-02   1.0169659e-01   2.6595578e-01  -9.0393812e-02  -2.7771807e-01   3.3181662e-01  -2.4712528e-01   9.3803788e-03  -2.1959502e-01  -5.2160651e-01   3.9426032e-02  -2.5877001e-01   4.4201694e-01  -2.0843701e-01  -1.9509419e-01   2.5680857e-01  -2.5433014e-01  -3.8505659e-01   1.4679693e-01   3.6221792e-03  -3.3066553e-01  -4.3206080e-01  -1.0230640e-01   1.0562382e-02   3.6808297e-01  -3.2071688e-02  -1.9947513e-01  -1.0432779e-01   8.6918530e-01  -2.2687952e-01  -9.4868232e-03  -3.9844750e-01   3.1848795e-01   3.3454225e-01  -1.9663399e-01   8.3234086e-02  -2.2748791e-01  -2.0099745e-02   1.3940200e-01  -2.0173457e-01   2.8533429e-02   2.8662849e-01  -1.1649044e-01  -1.6863710e-01   2.8428594e-01   1.2478056e-02   5.2563924e-03  -2.2899775e-01  -4.3279366e-01  -6.3876588e-02  -3.7059759e-01   1.0325087e-01  -5.9314650e-02   1.2993404e-01  -9.2254293e-02   4.9711801e-01   7.9413476e-02  -2.3196963e-01   3.0508846e-01  -1.1637786e-01   7.1061149e-02  -6.5786739e-02   5.0663868e-01  -2.1518346e-01  -1.6133277e-01  -2.4730676e-01  -1.1225749e-01  -4.5315822e-01  -2.7809129e-01  -2.6904959e-01  -7.6938935e-02   2.0037511e-01  -3.9681092e-01   6.8075980e-01  -4.5690789e-01  -2.0214463e-01  -1.7179504e-01  -2.4433732e-01   4.2186464e-01  -2.9676073e-01   1.4451510e-01  -1.6411534e-01  -2.4569202e-01  -9.5389816e-02   2.7339339e-01   4.2901384e-01  -1.2119624e-01  -3.1441997e-01  -2.7364242e-01  -1.1656220e-01  -2.3173144e-02  -3.2484130e-01   1.6303188e-01  -9.4480899e-02   3.7248680e-01  -4.1887644e-01  -1.9947026e-01   6.4488463e-02  -1.3687689e-03  -1.3547426e-01  -3.7393056e-01   3.8073101e-02  -3.0216669e-02   6.1715789e-02  -1.6355971e-01  -4.4578474e-01  -2.6580982e-01   2.3731095e-01  -4.7852751e-01   5.0204030e-01   2.2375611e-01  -2.3310937e-01   1.2656473e-01  -1.7476899e-01  -2.2485569e-03  -2.7822943e-01  -3.5018946e-02   2.8024285e-01   4.8240056e-02  -7.1849232e-02  -3.0740987e-01  -1.6413319e-01  -3.7840672e-01   6.5385582e-02  -1.2382701e-01   2.6636691e-01  -3.7840392e-01  -1.6534655e-01   6.0938949e-01   4.8267594e-01  -2.7329983e-01  -1.2826404e-01  -1.2176390e-01   3.8158324e-01   1.6163428e-01  -2.0807716e-01  -1.3752780e-01  -6.4710835e-02  -1.9018811e-01  -1.6939770e-01
   3.9611864e-02  -4.6250879e-01  -3.0862602e-02   3.9702392e-01  -3.5804397e-02   1.7329517e-01  -3.0179385e-01   2.9587019e-01  -6.2803174e-02  -4.9880537e-01   0.0000000e+00  -5.2354187e-01   3.2484743e-02   2.5314946e-01   2.7552455e-01   1.4129135e-03  -1.0072412e-02   5.7586833e-01  -1.4204966e-01  -1.3389353e-01  -1.2270925e-01   2.5588966e-01  -6.3801239e-02  -9.4235071e-02   7.9460058e-02  -3.4995992e-02   1.8997462e-01   4.6945907e-01   2.8409976e-02   4.3375256e-01   2.3865525e-01   2.8501388e-01   3.7462957e-02  -3.1666981e-01  -1.6420100e-01   7.4576389e-02  -2.5966136e-02  -3.0004443e-01  -1.2637902e-01  -1.8620317e-01   1.7033629e-01   1.0352850e-01  -2.1302227e-01   2.4623116e-01   2.6698473e-01   1.6473177e-01   6.8425877e-01  -8.1807219e-05   2.3913782e-01  -3.4928514e-01   4.3432466e-01   1.4999501e-01  -4.6336712e-01   1.6328828e-01   3.1269252e-01   1.0024107e-01   5.6981570e-03   2.6061639e-01   4.7336130e-01   8.4738556e-02  -1.4084869e-01  -1.2357231e-01  -1.6075361e-02   2.4423600e-01   2.7772000e-01  -5.1178960e-01   3.7538611e-02   3.4880292e-01   4.3565317e-01  -8.1416049e-02  -1.9823741e-01   3.6999715e-01   6.1712371e-02   1.1801711e-01   8.1190295e-02  -7.4450449e-02   1.2801703e-01  -1.0030200e-01  -2.5975726e-01   1.2703341e-01   2.4663757e-01   7.3694190e-02  -8.1974915e-02   2.4449680e-03   1.3109782e-01   4.4526712e-01  -1.5352378e-01   1.9405961e-01  -3.4148590e-03   1.6332651e-02  -2.1688415e-01   7.7786342e-02  -3.4425434e-01   5.7932545e-02   1.5293518e-01  -2.2508462e-01   1.4155111e-01  -1.3627493e-02   2.9352832e-01  -1.9945100e-01   2.0769773e-01   2.7542379e-01   2.3175661e-01   6.6705674e-02   5.2092497e-01   3.3971854e-01   7.1879862e-02   1.3374661e-01   1.7607565e-01   4.3088231e-01  -4.6276659e-01   4.3200735e-01   4.4869567e-01   2.0693298e-01   2.9315302e-01  -3.0937195e-01   4.1465695e-01  -2.5340492e-02   3.0414004e-02   3.8485096e-01  -1.3326766e-01  -2.4436148e-01  -3.7480251e-01   8.9163970e-02   1.5134856e-01   2.1646638e-01   2.2005267e-01   1.8192571e-02   3.1571801e-01  -1.7120753e-01  -7.4408524e-02   3.9619321e-02   8.7181441e-02   2.8448715e-01   2.2394343e-02  -9.6930185e-03   1.4605027e-01   5.0066879e-01  -7.5216058e-02   6.5883660e-02  -8.4448033e-02   1.6512268e-01   3.6983853e-01   2.0553758e-01   9.6578601e-02   5.7952219e-01  -2.5178088e-01  -1.5335797e-01   3.4529839e-01   3.2146254e-02   1.4392337e-01  -8.6523075e-02   9.2664834e-02   3.7607432e-01  -2.4370761e-01  -2.5341349e-01  -1.8944430e-02   4.0308762e-01   3.7272746e-02   3.3600268e-01   4.6577570e-02   3.7741255e-01  -1.8703768e-01   5.4016996e-01   1.5396931e-01  -4.0896920e-01  -9.5005781e-02   2.7003235e-01   6.7290156e-02  -1.4932060e-01  -3.0150063e-01  -3.8254873e-01   5.3920627e-01   1.0811992e-01   1.6848867e-01   7.1202161e-02   1.4230240e-01
  -1.4643974e-01   5.4207655e-01   3.9210604e-01  -3.1204280e-01   9.1390550e-02  -2.7376194e-01   4.9042956e-01  -3.9899921e-01   1.9320301e-01   7.0617889e-01  -5.2354187e-01   0.0000000e+00  -2.7492233e-01  -4.3313042e-01  -2.2190359e-01  -4.8349210e-02   2.9870443e-01  -3.7572815e-01   1.2680255e-01   2.2657075e-01   6.7861613e-02  -2.5115503e-01   3.8375737e-02  -5.0653799e-02   1.3745138e-02  -5.7969429e-02   3.0072074e-02  -4.2094775e-01   6.3944347e-02  -2.2997555e-01  -3.7865544e-01  -3.4327357e-01  -1.6979307e-01   5.9313885e-01   1.3415306e-02   1.9962132e-01   6.4053291e-02   5.7820713e-02  -3.8882383e-02   2.1639891e-01  -2.3638320e-01  -3.3540701e-01   4.4215466e-01  -3.2650191e-01  -1.2633164e-02  -1.6605789e-01  -4.4524827e-01   6.6291051e-02  -2.5920406e-01   4.0010361e-01  -3.4435838e-01  -1.7258015e-01   4.1737257e-01  -1.8058581e-01  -5.4269812e-01   1.7974757e-02  -6.8283514e-03  -2.9751840e-01  -5.3429059e-01   2.4279409e-01   3.2167872e-02   3.3398326e-01   8.9434416e-02  -1.1336412e-01  -1.6552503e-01   6.7530035e-01  -1.9881114e-01  -1.5621806e-01  -4.5014876e-01   3.3726849e-01   2.2065660e-01  -3.4438899e-01   9.1284766e-02  -1.5519227e-01  -8.0851522e-03   7.8637765e-02  -2.4110656e-01  -9.7752558e-02   3.7001228e-01  -2.9111338e-01  -3.0600659e-01   1.6007915e-01   9.5133460e-02  -4.9433364e-02  -1.6115539e-01  -4.3155690e-01   8.9855591e-02  -3.6824683e-01   1.3283431e-01  -1.4578088e-01   1.2293173e-01  -1.3785056e-02   5.2766149e-01   1.4346425e-01  -3.4745366e-01   1.4087730e-01  -2.1183601e-01  -4.8814414e-02  -2.2611467e-01   2.5064118e-01  -3.0046419e-01  -1.5474138e-01  -2.3216791e-01   1.5052996e-01  -4.2179939e-01  -2.8165238e-01  -1.9917551e-01  -2.2140216e-01  -3.9387428e-04  -2.8473805e-01   6.7919018e-01  -4.1398457e-01  -2.9798879e-01  -2.8807533e-01  -2.9542842e-01   3.6940756e-01  -3.3923453e-01   7.7972348e-02  -9.3155279e-02  -3.6646787e-01  -9.0295722e-02   2.5227246e-01   5.8263603e-01  -4.6029991e-03  -1.9683687e-01  -9.5758423e-02  -9.2640714e-02  -9.1161164e-02  -2.4555239e-01   3.3417575e-01  -6.8843663e-02   1.9896397e-01  -8.5346303e-02  -2.4500227e-01   1.4920983e-01   1.2281600e-02  -3.1087556e-01  -4.5841664e-01  -3.6791213e-02  -1.8940939e-01  -3.2464367e-02  -2.6116403e-01  -3.7457085e-01  -8.4539467e-02   1.6937709e-01  -4.2664295e-01   3.4540887e-01   2.6295476e-01  -1.3553355e-01   4.5998854e-03  -1.7718927e-01  -2.1152937e-01  -2.2891535e-01  -3.8549572e-02   5.3491252e-01   4.4415767e-03  -1.9604765e-01  -4.7117306e-01  -8.2112499e-02  -3.5292863e-01   1.4035700e-01  -2.0915818e-01   1.8265387e-01  -4.4296565e-01  -8.6875556e-02   5.3826844e-01   4.4645798e-01  -2.9319605e-01  -2.0346239e-01  -1.6852805e-02   4.8917595e-01   2.9914269e-02  -3.0827833e-01  -1.7404677e-01  -1.1888029e-01  -2.1726730e-01  -8.8443190e-02
  -2.4585995e-01  -2.4401466e-01  -1.6043941e-01   6.4433042e-02   2.6414032e-01   6.2702657e-02  -9.1280386e-02   6.0178800e-02  -4.8038550e-02  -4.5142267e-03   3.2484743e-02  -2.7492233e-01   0.0000000e+00   9.8263598e-02   9.7810887e-02   1.7461107e-01  -7.3024238e-02   1.8961501e-01  -1.1306403e-01   2.5789124e-01   1.1985781e-01  -7.3693945e-03   4.5221683e-02  -1.6814043e-01  -1.9615915e-01   6.2528671e-02  -2.3308177e-02  -1.4363481e-01  -5.9664983e-02   9.8229508e-03   1.4292095e-01  -4.5061731e-02   2.7666855e-01  -1.9550471e-01   2.4723209e-01   8.8779933e-02  -3.8561832e-02  -4.4323391e-02   6.9774835e-02   3.5273817e-02   7.1287510e-01   2.9212717e-01   5.0256899e-02   2.7097251e-02   2.5870853e-01  -3.0227052e-01   2.8345648e-02  -3.6549383e-03   1.2398769e-01   1.9704678e-01   1.7557940e-01   7.5564585e-02  -1.7812808e-01   6.0051460e-02   1.0996274e-01   1.3723548e-01   3.1788601e-02  -6.5095111e-02   2.8132224e-01  -1.1746183e-01   1.2282440e-01   1.7776929e-01   7.2668010e-02   4.7534803e-02   6.3837616e-02  -1.1629516e-01   9.1394881e-02   1.8891800e-01   1.9999421e-01  -1.8592925e-01  -4.0324231e-02   1.5326336e-01   2.3804077e-01  -1.9139615e-01   1.7736773e-01  -2.6907590e-01  -1.0365585e-01   1.0609478e-01  -6.1648101e-02   5.1314158e-01   4.8877221e-02   2.9357161e-01   1.2609690e-01  -7.7417124e-02  -1.0091872e-01  -6.5378123e-02  -3.9721124e-02  -1.0273620e-01  -7.1821521e-03  -1.3477193e-01   1.4300419e-01   4.4354671e-02   1.5333605e-02   2.1440791e-01  -5.1324447e-02   3.3384237e-01   3.3210343e-01  -4.2182456e-03   3.6714577e-01   6.3636123e-02  -1.4162194e-01   2.1992601e-02  -7.1460592e-02  -1.3506218e-01   6.3639518e-02  -8.4416044e-02   1.3183723e-01   6.0440988e-02   2.4134974e-01  -8.6305660e-02   1.0732983e-03  -4.3748173e-02   6.3958127e-02  -1.8763680e-01  -2.0407275e-01  -8.8038926e-02   7.0614313e-02   3.6946992e-01  -5.8482211e-02   1.0836477e-01  -3.9578312e-02   1.4561991e-01  -1.5370103e-01  -1.4742401e-02  -2.8274961e-01   1.3395637e-02   1.1627325e-01   3.7387995e-01   1.3557902e-02  -2.3432166e-02   4.6261988e-01   2.1874025e-02  -4.3067141e-02   8.8618008e-02   3.7975097e-02  -1.2655929e-01   5.5191927e-01  -3.1739068e-02  -1.3081070e-01  -5.5288147e-02  -1.6650265e-01   6.4557846e-01   9.7861278e-04   1.7682658e-02  -8.9428787e-02   5.1979990e-02   2.3027465e-02  -1.3293725e-01   3.6560733e-02   4.4697962e-02  -2.4374165e-01   5.1327199e-02  -1.5389901e-01  -6.6991596e-02  -1.6106330e-01   4.0990419e-02  -3.8182449e-02   4.0339244e-01   9.7655333e-02   1.7296910e-02   2.3807050e-01   5.2182073e-02   5.8218673e-02   1.6870758e-01  -9.8904848e-02   1.8096816e-02  -1.7362647e-01   8.8400330e-02  -1.6820679e-01   4.1209716e-02  -1.0503881e-01   2.8945061e-01   2.3946850e-01   1.9143341e-01  -8.5517477e-03   3.5427974e-01  -1.2640629e-01
   6.5036575e-02  -5.2539461e-01  -2.8952134e-01   5.1109220e-01  -1.0979275e-01   5.7610789e-01  -1.3974823e-01   3.3196639e-01  -3.6758977e-01  -4.0426568e-01   2.5314946e-01  -4.3313042e-01   9.8263598e-02   0.0000000e+00   1.5762996e-01   1.8078878e-01  -3.2284751e-01   3.6807394e-01   4.4608620e-02  -1.5492959e-01  -1.0814089e-01   5.5664028e-01   6.3244648e-02  -1.7137052e-01   1.3129320e-01   5.7039817e-02   8.5725511e-02   6.3688369e-01   1.2111955e-01   3.5231387e-01   2.0930678e-01   3.2861082e-01   2.9661559e-02  -4.1836524e-01   2.5934553e-01  -5.9304638e-02   1.7256812e-01  -2.0910454e-01  -2.9912070e-02  -3.3298675e-02   1.8402606e-01   2.8710249e-01  -5.2754804e-01   3.0024829e-01   6.9248029e-02   1.9330941e-01   4.0763885e-01   1.6405616e-01   1.6016104e-01  -3.6299971e-01   3.4351425e-01   1.7424085e-01  -3.2961264e-01   2.9688534e-01   7.2849267e-01  -6.0508632e-02   3.4104751e-01   4.9952243e-01   4.0139518e-01   4.0356464e-01   7.4959394e-02  -4.0441470e-01  -3.6248902e-01  -3.1775173e-01  -9.7972335e-02  -3.5081419e-01   5.9984952e-01   1.6269680e-01   4.4569179e-01  -3.8471436e-02  -4.7437159e-01   5.3020358e-01  -8.5796019e-02   2.2556132e-01  -3.7641921e-03   9.6707743e-03   3.2317055e-01   8.5434606e-02  -3.3616599e-01   2.3678956e-01   3.1255308e-01  -1.2558529e-01  -2.9433126e-01   1.7712567e-01   4.2340902e-02   4.5478534e-01   3.5948997e-01   4.6106097e-01  -2.8093382e-01  -1.6847152e-01  -3.8284191e-01   2.0409735e-01  -4.6104009e-01   1.3733922e-01   3.8143180e-01  -2.5338857e-01   3.5435446e-01   2.5757155e-02   7.5741611e-02  -1.3652673e-01   4.3287485e-01  -2.3757766e-02   6.6776212e-01   3.2409328e-01   5.9792714e-01   5.0164501e-01   4.1713815e-01   2.9447275e-01   1.6612408e-01   4.0919388e-01  -5.4973314e-01   6.5369462e-01   4.5062412e-01   3.2792806e-02   2.5088805e-01  -4.9613264e-01   1.9169726e-01  -2.5122060e-02   4.5632044e-01   4.8914120e-01   2.9075557e-02  -1.6025181e-01  -4.1758337e-01  -2.2306671e-01   1.7734193e-01   6.0836828e-01   2.1168725e-01   1.4353446e-02   4.1336334e-01  -4.4764520e-03  -1.3705329e-01  -3.4682536e-01   2.4989021e-01   1.4733960e-01  -9.2463331e-02  -1.1670974e-01   1.4890519e-01   4.8120325e-01   8.5548792e-02   8.6045997e-02  -6.7420557e-02   1.2738919e-01   2.7299902e-01   4.6985604e-01  -2.2758443e-01   4.0600325e-01  -3.6597325e-01  -3.4733798e-01   5.0996084e-01  -3.0462441e-01  -1.9552765e-02   4.6797041e-01   4.0702776e-01  -7.5290793e-02  -2.5523020e-01  -2.4571456e-01   3.1906089e-01   4.7866920e-01   1.6499620e-01   5.8891725e-01  -1.3876054e-01  -1.3700021e-01  -1.9275579e-01   4.0590160e-01   3.0616197e-01  -5.7375553e-01  -2.2992002e-01   5.6270145e-01   3.6485798e-01  -2.1714584e-01  -3.6358848e-01  -1.7213776e-01   1.5648851e-01   5.6607517e-01   9.5568640e-02   2.5669882e-01   3.9215421e-01
