   0.0000000e+00   1.7581193e-01   1.1834619e-02   9.0463910e-02  -8.4093009e-03  -2.0101635e-01  -2.4439397e-02   1.2383803e-01   2.5878464e-01   1.9563859e-01   1.5081780e-01   9.8270612e-02   1.2141504e-01   3.4432482e-01   3.0525324e-01   3.5257916e-01  -1.2676169e-01   5.2465035e-02  -1.1099163e-01   6.1051413e-02   4.8986733e-03   1.2010356e-02  -1.3178929e-01   8.5866228e-01   8.7017640e-02   1.0647907e-01  -3.7372348e-01   6.0997694e-01   1.6827991e-01   6.9749478e-02  -1.0562668e-01   4.2979114e-02   1.3711904e-01  -2.4059480e-02   3.1848131e-01   2.4673248e-02  -1.9994586e-01   1.0246319e-01   2.2457963e-01  -2.6496222e-01   2.4685915e-01   1.2436205e-01  -1.3480212e-02  -1.9094287e-01   2.6510320e-02   3.4155435e-01   9.2661994e-03  -1.3747118e-01  -1.7675492e-01  -1.6687796e-01   3.5116251e-01   5.1655016e-02  -5.9414972e-02  -6.2687065e-02   4.0970264e-01   8.8961052e-02   2.8038881e-02   3.5812577e-02   1.5749796e-01   3.2658972e-01   3.0282788e-01   2.7419548e-02  -1.3951816e-01  -1.3403914e-01  -1.9239670e-01   1.5050688e-02  -1.6015462e-01   6.4978968e-02  -3.4294143e-01   2.0133332e-01  -1.6111666e-01   1.5468800e-01   2.4649136e-01   6.4066439e-01   1.1827844e-01  -2.1235091e-01   4.7904300e-01   8.9532089e-03  -3.1255073e-02  -4.9158116e-02   3.3651822e-01   1.5859150e-01  -2.7063464e-01   5.8561143e-02   7.5545513e-01   9.3731590e-02   1.1816173e-01   4.9839965e-01   7.7993387e-02   8.3368533e-01   1.2051413e-01   1.9109382e-01  -1.1522062e-01   1.9100992e-01   5.5515268e-01  -1.8089549e-02   4.1538146e-02  -1.5302095e-01   8.2450297e-02  -1.1950138e-01   3.7076123e-01   2.2077257e-01   2.3789265e-02   3.8566492e-01   1.4924779e-01  -4.0176306e-02  -1.0371692e-02  -2.9676741e-01   6.7120318e-02  -1.9447050e-01   4.2333892e-02   1.0397863e-01   8.3952635e-02   8.2587272e-01   5.8740741e-01  -4.7235662e-03  -4.3181005e-02   2.0929366e-01   3.8682176e-01   2.9520630e-02   6.5142148e-01   8.2568601e-02   1.0792724e-01  -4.6918620e-02   4.9652645e-01   6.1974952e-01   2.2283673e-02  -2.3447362e-02  -1.6318086e-02   9.8956720e-02   2.2696474e-01  -2.1229344e-02   6.4217712e-01  -1.1190242e-01  -5.1809430e-03  -2.4540175e-01   3.6532538e-02   4.4733258e-02   1.1582651e-01   3.7545276e-01   8.8809335e-01   2.2213630e-01   1.5085843e-01   7.3962744e-02   9.0425728e-02   5.3106205e-02  -1.0791713e-01   2.0103653e-01   7.0478048e-02  -1.6023144e-01   6.4737101e-01  -5.7558941e-02   5.7688303e-01  -8.9685065e-03  -1.1138656e-01   6.5662673e-01   5.5855493e-01   1.7170622e-01   3.9701256e-02   1.4430206e-01   1.2270459e-01   4.4027728e-03   1.9853281e-01  -1.5088304e-02   1.3285991e-01  -8.6164621e-02   1.0544369e-01   4.1445446e-01   5.7576955e-01  -1.2657945e-01   1.8513806e-02   2.9925680e-02  -1.2831671e-03  -1.3530976e-01   1.9073370e-01  -2.0632778e-01   2.7355676e-01
   1.7581193e-01   0.0000000e+00   5.2652658e-01  -1.7735938e-01   4.5329867e-01  -3.6463816e-01  -8.7345985e-02  -1.1548311e-01   1.9491808e-01   5.9096886e-02  -2.7883533e-01   7.0892804e-01   1.6082739e-01  -1.9325543e-01   4.8791555e-02   3.3178645e-02   4.6138027e-01   5.1239792e-02  -2.2873441e-02   2.9908175e-01  -5.4975694e-01  -4.1290240e-01  -2.4525297e-01   1.1291307e-01  -1.2466081e-01  -8.7469540e-02   1.3984401e-01  -1.1260094e-01   2.9276976e-01   6.5226584e-02  -9.4918557e-02  -7.6449170e-02  -7.3768151e-02   1.4443994e-01  -1.4909615e-02   1.1099875e-01  -8.5613700e-02   1.0699908e-02   9.6107134e-02   4.4558332e-01   1.9428341e-01  -8.3005180e-02   1.5337994e-01  -1.3339125e-01   1.1512524e-01  -1.9071135e-01  -3.2623615e-01   3.2855731e-01   2.0702068e-01   5.0615527e-01  -8.4336899e-02  -4.4100852e-02   5.8798266e-01   8.9455608e-02   7.1542720e-02  -3.7408375e-01  -3.5841367e-01  -2.4025111e-01  -1.0194041e-02   1.1547978e-01   6.5138391e-02   5.5814400e-02  -7.8080874e-02   1.2742404e-01   2.7196568e-01  -3.5375729e-01  -2.6788576e-01   8.5262166e-02  -3.1652058e-01  -2.6138716e-01   6.0898941e-01  -3.5122494e-01   7.9787339e-02   8.2547897e-02   2.2509691e-03  -5.1845150e-02  -6.7851888e-02  -2.1635295e-01   6.6163034e-01   2.6026437e-03  -2.1688013e-01  -8.2014763e-03  -1.5893427e-01  -1.7792314e-01  -6.9294135e-02  -1.8078701e-01   3.6816366e-02   7.0127877e-02   1.1992853e-01   3.3563995e-01   5.7173817e-01   1.1211287e-02   4.8903253e-01  -1.9981956e-02  -5.6701077e-02   4.9158818e-01   6.9022262e-02  -1.3541952e-01   2.0984191e-01  -3.3710180e-01  -2.6123148e-01   8.0097107e-02  -4.7210596e-02   2.3273527e-01  -3.2867513e-01  -7.3271302e-02   7.1935959e-02  -5.4282445e-02   1.8550449e-01  -7.8298793e-02   1.6923655e-01  -2.3850436e-01  -1.9841414e-01   1.6291667e-01  -1.1655118e-01   6.3112674e-01  -1.2976296e-02   2.3138485e-01  -1.5096397e-01  -1.6366434e-01  -1.1011559e-01   6.2270773e-01   7.5339810e-02   2.7003633e-01  -1.3318129e-01  -2.5575991e-02   3.8233716e-01   6.0372704e-02  -2.6125918e-01  -1.5092535e-01   1.8229212e-01   1.9827603e-01  -3.8132828e-02   2.3627814e-01  -1.2329388e-01  -1.7009549e-01   4.3910683e-02   4.0947722e-02  -9.3484450e-02   3.1897754e-01   2.0074640e-01   7.0804136e-02  -3.1764065e-01  -2.5573258e-01  -2.4666306e-01  -1.3908335e-01   3.6356622e-01   4.0798306e-01  -1.7864180e-01  -2.2854096e-01  -6.9209704e-02  -7.6149526e-02   1.1624535e-01   1.3533417e-01   6.7852905e-01   9.8784214e-02  -1.5248557e-01   1.1409599e-01   2.4936689e-01  -1.8016792e-01   7.5486635e-02  -2.5102129e-01   9.6003993e-02  -3.7013301e-01  -4.3774695e-04   4.9447237e-01   2.3889138e-01  -1.6657100e-01  -9.1317174e-02   2.9520193e-01   5.9966088e-01  -2.1867940e-01  -2.0067511e-02  -2.8512824e-01   3.5706901e-02  -9.3802143e-02  -4.6168347e-02
   1.1834619e-02   5.2652658e-01   0.0000000e+00  -7.3897582e-02   5.6197969e-01   2.0322309e-01   2.4369324e-02   3.7054192e-02  -6.3357421e-02   1.5792317e-01  -2.0994486e-01   7.0446572e-01   1.0117224e-01  -1.7342462e-01   5.3327582e-02  -2.4310139e-03   9.2011902e-01  -2.4840992e-01   1.2189324e-01   4.8746584e-01  -3.8638423e-01  -1.4067904e-01  -2.9807436e-01  -5.0522514e-02   2.3242532e-02   1.5027074e-02   3.9576720e-01  -1.1998544e-01   1.7641852e-01  -4.2500303e-01  -2.7142719e-01  -4.4630983e-02   1.2136503e-01   4.1881713e-01  -6.7240922e-02   3.5404038e-01  -1.0352804e-01  -9.8221313e-02   4.7484153e-02   4.9714845e-01   1.1302538e-01   1.7716800e-01   2.8126009e-01  -2.3116005e-01  -1.8313936e-01  -4.8467125e-02   3.7427028e-02   3.5566542e-02   8.3329802e-02   6.7487244e-01  -1.4986508e-01   1.5281525e-01   7.6622570e-02   2.2918604e-01   5.7398396e-02   4.1738176e-02  -5.8174426e-02   4.2611443e-04  -1.6451718e-01   1.7918890e-01   4.1095375e-01  -1.2488384e-01  -2.9561098e-02  -2.6446674e-01  -1.3979334e-01  -2.9806731e-01   2.4097305e-01   8.0279077e-02   3.1524176e-02   1.6871347e-01   4.4303103e-01  -3.3676187e-01  -1.5903097e-01   2.0980213e-01   4.4101788e-02  -6.2240366e-02   1.3563925e-01  -1.0330011e-01   5.2791120e-01  -8.0378926e-02  -1.6810988e-01  -2.6384814e-01  -2.0490492e-01   5.1488242e-02  -4.5253980e-02  -8.4727121e-02  -2.0758857e-01   1.1691237e-01   2.4086135e-01   2.7857082e-02   4.1799136e-01   5.4840156e-01   4.7860680e-01   1.5308785e-01  -6.7231705e-02   5.0499521e-01  -1.2454656e-01   4.1626867e-02   1.5172096e-01  -3.9346080e-01  -9.0730944e-02   4.6380764e-02   1.7726794e-01  -4.0435169e-02  -2.0406409e-01   4.6864891e-03   3.9768186e-01   5.0564420e-02  -7.6628910e-02   1.5903897e-01   3.0261689e-01   6.9767581e-02  -2.1409737e-02  -1.6129364e-01  -1.4429566e-01   3.4569443e-01   7.3870423e-02   5.3424791e-02   1.3267625e-01  -1.1396869e-01   8.2295097e-04   5.2211783e-01   6.6698382e-02  -2.7051958e-01  -9.8246166e-02   8.2746367e-02  -3.2215423e-02   1.6984978e-02   4.5082819e-02   3.3673647e-01  -3.9098536e-02   7.4024959e-02   5.2577625e-02  -6.0372575e-02  -5.0791042e-02  -3.4232254e-01   6.7953392e-02   7.1783193e-02  -5.1862641e-02  -1.3716011e-01  -5.9207024e-03   1.1249726e-01  -2.4778548e-01   1.8422391e-01  -2.2598721e-01  -3.6101507e-01   3.6843892e-01  -7.5450093e-02   8.5398022e-02  -1.1495760e-01   3.5539460e-02   2.0646794e-01   2.0555680e-01  -2.4377422e-01   7.6248389e-01  -2.3026308e-01  -2.7124759e-02  -8.2529244e-02   6.8442541e-01  -5.0180742e-02  -7.8761057e-02  -3.0274866e-01  -2.6272773e-02  -2.7062990e-01   2.8196047e-01   4.6697813e-01   1.8349101e-01   8.9437041e-03   1.1461821e-01   1.8762048e-01   5.2597840e-01  -1.6622908e-01  -2.4996778e-01   1.7037837e-01  -1.4833682e-01   1.7798192e-01   2.2108203e-02
   9.0463910e-02  -1.7735938e-01  -7.3897582e-02   0.0000000e+00   1.2124730e-01   7.1067441e-02   6.2728960e-02   2.7936745e-01   2.2542729e-01   3.4597957e-01   3.2987828e-01  -7.6399615e-02   2.1618468e-01   2.5327072e-01   1.3983909e-01   1.9851882e-01  -1.8084625e-01   1.9431735e-01  -1.4031938e-01   1.9075994e-01   2.8662885e-01   3.0383958e-01   8.8023331e-02   5.3695727e-02   1.0796325e-01   2.5252595e-01  -1.7738164e-01  -3.6061081e-02  -2.2530514e-01   2.3247822e-02   1.3677499e-01   3.8901151e-01   1.5299903e-01   6.4211189e-02   3.7231098e-01   1.2737100e-01   7.1465025e-03  -3.1021497e-01   1.5363521e-01  -1.9625818e-01   2.5729798e-01   3.3466142e-01  -1.4883479e-01   3.4594340e-01   1.6606818e-01  -1.9227079e-02   3.5105816e-01  -1.6778477e-01  -2.2092940e-02  -1.4581601e-01   4.7387893e-01   2.0355207e-01  -2.9697642e-01   8.4877317e-02   2.6465279e-01   2.3164056e-01   7.1590253e-02   3.1267320e-01   5.0300793e-01   3.5569937e-01   6.0581215e-02  -2.3776294e-01   2.0103158e-02  -5.8863597e-02  -3.4278494e-02   1.5823183e-01   1.1385465e-01   9.1785514e-02   2.0401601e-01  -1.3705602e-01  -2.0485756e-01   5.0302706e-01   3.4621151e-02   2.2397341e-01   1.1272267e-01   9.6414587e-03   9.2643135e-02   8.2073406e-02   1.3392400e-02   3.5055226e-01  -4.1764617e-02  -3.7663340e-02  -5.2862770e-02   3.0003545e-02  -7.1753982e-02   2.7686717e-01   3.8718544e-01   2.0378056e-01  -2.4349568e-01   1.2026984e-01   1.4438974e-01   7.5561027e-02  -1.0230125e-01   4.8876589e-01   1.4781926e-01   6.5831890e-02   1.7167409e-01   8.7247728e-02   3.3434041e-01   1.1100417e-02   7.5998972e-02   2.6744281e-01   4.8950883e-02   2.5057594e-01   4.0037594e-01   6.4388458e-01   1.8228414e-01   8.2314799e-02   2.4476882e-03   4.9258753e-02   1.0111724e-01   3.5228613e-01   4.2969011e-01  -9.7286372e-02  -8.4749057e-02  -2.2854735e-01   1.5381658e-01   1.5658849e-01  -9.4169743e-02   6.2913290e-01   1.1854978e-01   2.1059491e-02  -2.3859893e-01   7.7611788e-03  -1.3504829e-02   2.7099628e-01   3.6160087e-02   1.0235702e-01   2.6158514e-01  -9.9657999e-02   7.1691988e-02   1.9666079e-01   2.5335613e-01   2.8208403e-02   4.4024617e-01   1.4275796e-01   4.0832361e-01  -1.1938861e-01   4.3536370e-01   3.7647940e-02   1.4800664e-01   6.5969632e-02   3.6507077e-01  -2.1677065e-01   3.3033781e-01   2.8114450e-01  -5.1551136e-02   2.9008515e-02   8.4290643e-02   3.9308027e-02  -7.0990637e-02  -6.5339631e-02   3.3249939e-01   1.7809187e-02  -3.0630252e-01   8.1652978e-02   1.6039765e-01   4.4178050e-01   6.9148217e-03   3.1253587e-02  -2.5413866e-01   3.4515293e-01  -7.2786115e-04   4.5981693e-01   3.0176439e-01  -1.1387267e-01   8.3870425e-02   3.7268665e-02   2.8792291e-01  -8.7239187e-02   3.2602554e-02  -8.3013566e-02   3.3529127e-01  -1.1898071e-01   1.0822257e-01   3.0529865e-01   4.1894684e-01
  -8.4093009e-03   4.5329867e-01   5.6197969e-01   1.2124730e-01   0.0000000e+00  -4.7296921e-02   1.1116939e-01  -1.4949640e-01   2.0237596e-01   5.1176282e-01  -1.7225123e-02   5.6595461e-01   4.3764975e-01  -3.9270902e-01   1.9893428e-01   1.6970017e-01   4.5645234e-01   5.2395932e-02   1.3126519e-01   8.9986139e-01  -2.7123455e-01  -2.8393490e-01  -1.8779303e-01   1.8445748e-04   3.6375596e-02  -4.3961835e-02   4.4423879e-01  -2.1219616e-01  -9.8463617e-02  -1.5215670e-01  -1.4604929e-01   2.5985109e-01  -4.0675717e-02   4.5858137e-01  -6.4387157e-02   7.4625519e-01   2.1745831e-01  -2.3385635e-01   1.2737890e-01   4.1741827e-01   5.1229669e-01   1.8720270e-01   1.4790306e-01  -2.0757534e-01   2.4834062e-01  -2.5926880e-01   1.8982956e-01   2.5233456e-01   1.7003463e-01   5.3270164e-01   1.9589447e-01   5.3928613e-02   3.1016701e-01   1.7413600e-01  -3.0049195e-02  -7.1983502e-02  -3.0101932e-01  -1.4554020e-02   3.0138855e-01   1.4790369e-01   9.3658948e-02  -1.8656591e-01  -1.4940742e-01   4.6518831e-02   1.3625126e-01  -2.7365707e-02   3.0109218e-02   2.0583501e-01   9.3874097e-02  -1.6227872e-01   3.5701759e-01  -2.6206957e-02   2.1585377e-01   3.3928554e-02   2.0060360e-01  -9.2000308e-02  -4.6938877e-02  -1.6316336e-01   8.0973997e-01   2.6506140e-01  -3.4697431e-01   9.3934587e-02  -7.9033711e-02  -1.7818187e-01  -2.6630932e-01  -5.0610155e-02  -1.8107674e-01   2.2637412e-02   2.7127799e-02   1.1374950e-01   7.8360002e-01   7.3029695e-02   6.2280167e-01   2.4140714e-01  -2.0441969e-01   8.7370513e-01   4.1865724e-02  -4.6160427e-02   4.3064816e-01  -3.3342413e-01  -2.4899186e-01   2.0647807e-01  -1.5626200e-01   9.6541924e-02   4.9676875e-02  -1.0749687e-02   2.4475174e-01   1.7398005e-01   2.7863382e-01   2.2845233e-01   4.0809059e-01  -5.7134680e-02   1.4420217e-01  -1.6403495e-01  -2.4494884e-01   6.4148831e-01  -1.5159919e-02   5.5606455e-01  -2.0150873e-01   1.5128324e-01  -1.0580429e-01   8.2765156e-01  -1.1002408e-01   1.3959646e-01  -2.6836533e-01  -1.3022216e-02   3.4229330e-01   6.7684340e-02  -1.7790454e-01  -4.3913155e-02   3.8726985e-01   5.1098998e-01  -1.9995036e-01   1.8526143e-01  -2.0423110e-01  -1.6781895e-01   2.6925022e-01  -1.1524408e-01  -8.5837294e-03  -6.9383748e-03  -1.1213859e-02   3.9089300e-01  -1.6775386e-01  -1.9010872e-01   2.2708661e-04  -1.6817708e-01   3.5862840e-01   3.5038598e-01   2.1529278e-01  -1.8322064e-03  -2.0219145e-01  -6.2019359e-02   1.3410116e-01   5.7415009e-02   5.2226066e-01  -1.1079483e-01  -1.3923153e-01   3.9241728e-01   3.3280917e-01   1.7706780e-02  -2.1062878e-01  -1.8731810e-01   3.0824552e-01  -1.1104124e-01   2.7331030e-01   7.1388474e-01   4.4121081e-01  -1.0946818e-01  -1.1552251e-02   3.7722167e-01   7.9737634e-01  -3.0005381e-01   3.3947448e-02  -1.3187457e-01  -6.7993278e-02   1.9833329e-01  -4.7541751e-02
  -2.0101635e-01  -3.6463816e-01   2.0322309e-01   7.1067441e-02  -4.7296921e-02   0.0000000e+00   1.7566698e-01   3.0820416e-01  -2.3016445e-01   1.8590319e-01   4.8435794e-01  -1.1855880e-01  -2.2657445e-01  -1.1658895e-01   2.0818816e-01  -7.4330196e-02   2.8358138e-01  -1.0112993e-01   7.9220392e-03   6.9448611e-02   3.8427751e-01   4.2127950e-01  -4.3958501e-02  -3.3229523e-01   3.4013871e-02   2.2927775e-01   3.3854234e-01   1.6285399e-01  -2.7459523e-01  -1.5582630e-01  -9.8012460e-02   1.8134358e-01   2.0581896e-01   2.8564969e-01  -6.8839820e-02   2.8767003e-01   1.2153643e-01  -2.9510153e-02  -2.4183654e-02  -2.2537179e-01  -1.8656879e-01   1.3885389e-01  -1.0082696e-01   4.7341170e-02  -4.9438662e-01   1.6450761e-01   6.6969415e-01  -2.8732808e-01  -1.0314741e-01  -1.8277949e-01   7.2367189e-02   1.7367783e-01  -3.8698855e-01   6.0781397e-03  -1.4433084e-01   5.7952533e-01   7.8963669e-01   4.1578136e-01  -8.7725510e-02   1.7641333e-01   2.6459416e-01  -3.2291454e-01   8.0375963e-02  -5.5698708e-02  -3.8988668e-01   3.7909167e-01   8.8822783e-01  -1.1015119e-01   5.9402496e-01   5.7065498e-01  -2.0170388e-01   2.7575992e-01  -3.7159241e-01   1.5974020e-01  -1.9248254e-01  -1.4233573e-01   1.6153035e-01   3.4540260e-01  -2.5720184e-01  -2.0898545e-01  -4.4385902e-02  -2.8585764e-01   1.4393924e-01   3.9081257e-01   6.3497979e-02   1.8250715e-01  -2.1844100e-01  -1.6435969e-01   4.1761346e-03  -3.2128777e-01  -1.8901740e-01   4.1504831e-01  -2.7879216e-01   2.2917674e-01  -1.2510268e-01  -2.2198470e-01  -1.6750875e-01   3.5972340e-01  -1.9202694e-01  -7.7678576e-02   2.6035427e-01   2.2208354e-01   1.0076100e-01  -4.2123706e-02   3.9940677e-01   1.1150124e-02   1.0037965e-01   2.7454310e-01  -4.7950248e-01   4.3502537e-01   1.8247300e-01   5.8392678e-01   2.4196505e-01  -3.5052044e-01  -1.4597900e-02  -2.9808685e-01   2.8168915e-01  -2.6840730e-01   5.5520521e-01   1.1241752e-01   1.6573159e-02  -2.6070389e-01  -9.2512279e-02  -4.2271447e-01   6.6954440e-04   1.6399809e-01  -6.4887678e-01  -3.7436597e-01   2.7004315e-01   7.0030719e-01  -2.6753656e-01  -1.7413182e-01   2.3507921e-01  -2.3983125e-01  -3.3442666e-02   2.9001738e-02  -2.1191993e-01   6.4340093e-02   1.2723895e-01  -4.7283403e-01  -2.6073489e-01  -1.1574600e-01   4.7065837e-01   6.3801805e-01   3.8606682e-02  -1.8979764e-01  -1.6447706e-01  -3.2067904e-01   5.6366217e-01   1.3477035e-01   1.6539730e-01   1.6279797e-01  -2.4299820e-02  -2.2370479e-01  -8.8703875e-02  -3.9343538e-01   1.0070628e-01  -2.7063829e-01   1.6359829e-01   5.8291684e-02  -2.7565641e-01   3.9534386e-01   1.0658969e-01   4.1831480e-01   4.0758861e-01  -5.1158221e-02   1.2022321e-01   3.6859774e-01   1.3787534e-01  -1.2324332e-01  -1.3869914e-01   5.9851241e-02  -2.8121510e-01   7.6700256e-01  -3.3238119e-01   1.7468233e-01   2.9071465e-02
  -2.4439397e-02  -8.7345985e-02   2.4369324e-02   6.2728960e-02   1.1116939e-01   1.7566698e-01   0.0000000e+00  -1.4185109e-01  -4.0495520e-01   4.2494483e-01   8.2256043e-02   2.8172168e-01   1.3268069e-01  -1.9373759e-01   8.8471151e-02  -1.2037007e-02  -7.4956670e-02   8.1424511e-02   3.7510293e-02   2.0299992e-01   1.5874188e-01  -3.8310251e-02   4.6641994e-01  -1.4097842e-01  -3.0595764e-02  -1.9798362e-01   2.4091378e-01  -2.4801410e-01  -2.6913313e-01   2.0829866e-01   3.8232639e-01   2.0626498e-01  -5.4379836e-02   6.6471322e-01   9.0430162e-02   3.9342102e-01   3.0811852e-01  -2.5006541e-01  -6.6019753e-03   1.0051577e-01   1.0538324e-01   8.7883025e-02  -2.8817099e-01   4.5821135e-02  -9.9049212e-03  -1.3682863e-01   2.3521048e-01   5.3797231e-01   5.6084426e-03  -3.0297000e-02   2.2433298e-01  -3.0413042e-02   2.2659067e-01  -1.4738849e-01  -2.8058651e-02   5.6262244e-02   5.8875397e-02   1.0335021e-01   1.1652680e-01   2.2907111e-01  -1.2260099e-01  -1.2100162e-01  -3.3504051e-01  -1.1343783e-01   1.1893522e-01   3.4632201e-01   2.9929053e-01  -1.6526157e-01  -3.4142020e-02   1.5345080e-02   1.9532337e-01   1.8247297e-01   3.6235462e-02   4.8598295e-02  -6.0273520e-02   7.3913595e-02  -1.4531812e-01  -1.3581150e-01   1.8870650e-02  -4.5587786e-03   1.2438061e-03  -6.3088780e-02   2.9013117e-01  -1.6115949e-01  -9.6926151e-02   9.9718843e-03  -2.3630111e-01   1.2638738e-02  -3.8859424e-02  -3.6943008e-02  -1.8032258e-01  -3.3762718e-02   2.7683541e-01   8.9294492e-02  -1.1733167e-01   1.4773952e-01   5.2533544e-02  -1.2846237e-01   1.0578881e-01   2.7092548e-01   1.2496077e-01   3.6978625e-01   2.0447771e-02  -3.1682833e-02   1.1599232e-01  -2.2280908e-01   4.9032607e-03  -1.5558419e-01   2.7873508e-01   3.8766611e-01   5.2621647e-01   1.4826788e-01   9.0594220e-02  -1.6040645e-01   1.5077306e-02  -4.5425544e-02  -1.0497562e-01   7.0601598e-02  -5.5897048e-02   2.1788837e-01  -2.0265021e-01   8.5172946e-02  -1.7664610e-01  -3.5568765e-03  -2.3763737e-01   5.5662378e-02   1.1637833e-01  -2.1813550e-01  -4.4442618e-02   6.0500191e-02   1.4523587e-01   5.0249509e-01   5.0436319e-03   2.8005707e-01  -1.0387699e-01  -2.3982955e-01   1.3718298e-01   1.9383145e-01   8.9432206e-02   3.3542910e-02  -1.2218889e-01   1.1547031e-01  -1.5807860e-01  -9.3816040e-02   4.4502573e-01   5.8519527e-02   6.1830175e-01   1.6709942e-01   2.9442290e-01   4.8581695e-01  -2.8151517e-02  -9.1430069e-02  -7.7332705e-02  -3.0325539e-01  -1.0348473e-01  -1.3779768e-01  -1.3678425e-01   2.2655779e-01  -7.6812086e-02   2.4699127e-01  -1.1793981e-01  -2.2877771e-01   2.2099412e-01   1.0499602e-02   4.9475613e-02   2.2529879e-01  -1.2255417e-02  -1.9693316e-01  -7.0512333e-02   3.7463562e-01   1.5233299e-01  -1.7832764e-01  -1.4951115e-01  -9.5895656e-02  -7.4297474e-02  -1.0122570e-01  -9.7218775e-02
   1.2383803e-01  -1.1548311e-01   3.7054192e-02   2.7936745e-01  -1.4949640e-01   3.0820416e-01  -1.4185109e-01   0.0000000e+00   1.0589456e-01   8.0335901e-04   3.3752305e-01  -1.4567616e-01  -5.2809230e-02   2.8856954e-01   1.7403555e-01  -1.1810582e-02   3.1737628e-02  -1.4570048e-01  -8.2448184e-03  -5.4715797e-02   2.0917039e-01   4.3479994e-01  -1.4059457e-01   1.4431132e-01   2.7739825e-01   6.4787975e-01  -1.6331971e-01   3.9690804e-01   1.4053279e-01   8.4172318e-03  -4.2692616e-02   1.6242131e-01   1.8937277e-01  -1.5394378e-01   2.1361033e-01  -1.0361836e-01  -1.7349767e-01  -1.5398018e-01   1.3293417e-01  -3.8357793e-01  -6.8831976e-02   6.3219945e-03  -5.3632365e-02   2.4946620e-01  -2.8086185e-01   3.1694094e-01   2.5728497e-01  -4.2162045e-01  -1.3966277e-01  -2.7795831e-01   3.5223612e-02   3.5834296e-01  -3.6464403e-01  -4.5475529e-02   1.3615021e-01   2.0673579e-01   4.3104602e-01   4.0109925e-01   5.7638844e-02   2.9573479e-01   3.6434063e-01  -1.3786061e-01   1.2429418e-01   3.2760136e-02  -3.6080560e-01   8.4564313e-02   2.9923179e-01   4.4199700e-02   4.3319020e-01   3.0525173e-01  -3.1311042e-01   1.8917556e-01  -1.4968393e-02   2.9305896e-01  -2.1644703e-02  -5.4935093e-02   3.4372553e-01   5.3471273e-01  -1.6832037e-01   1.4371269e-02   2.9315325e-01  -1.5388174e-01  -3.0391657e-01   7.9902050e-01   1.8616710e-01   7.6089849e-02   1.3260954e-01   1.2893840e-01  -2.6399595e-02   1.8609003e-02  -3.7092525e-02   3.6423733e-01  -4.2203282e-01   2.9947651e-01   2.5541424e-01  -2.7763908e-01   5.0910329e-03   4.9327312e-01  -2.2303923e-01  -1.4264271e-01   1.3924996e-01   5.2607002e-02   4.6603605e-01   1.5827080e-01   1.9196534e-01   4.0031419e-01   5.1166086e-02   3.1188517e-01  -4.3167717e-01  -1.3105257e-01  -1.9226082e-01   5.1259466e-01   2.7215645e-01  -4.5760272e-02   1.6683027e-01  -1.7586205e-01   4.4584303e-01  -1.3086642e-01   2.8075759e-01   1.2767148e-01   3.6921038e-01  -1.9521740e-01  -4.0964635e-02  -2.8342469e-01   3.3606783e-01   3.5112790e-01  -3.5617223e-01   2.3027483e-02   4.4107499e-01   2.2993517e-01  -1.3577829e-02  -3.3296919e-01   4.7225973e-01  -2.3498957e-01   2.0760140e-01   1.9048939e-01  -1.0629155e-01   1.9781809e-01   2.6739139e-01  -1.8930294e-01   1.6687928e-01   2.4425949e-02   4.5331799e-01   1.4932870e-01   2.0500902e-02   4.8332358e-02  -2.4832618e-01  -2.6692301e-01   6.1845603e-02  -7.1744891e-02   2.2579924e-01   5.5850907e-01   2.2941811e-01  -7.4827574e-02  -2.1995868e-01  -1.4031721e-02   3.1830748e-01  -1.5455420e-01   1.7730416e-01   2.2186303e-01   5.8960119e-04   5.5274543e-01  -1.1496274e-01   3.0405777e-01   4.2589862e-01  -2.0197787e-01  -2.8612901e-02   4.4651001e-01   2.8262875e-01  -4.3477294e-01  -1.7757618e-01  -7.7364701e-02  -1.6872817e-01   1.7563256e-01   1.1265455e-02   1.3703637e-01   5.7243090e-01
   2.5878464e-01   1.9491808e-01  -6.3357421e-02   2.2542729e-01   2.0237596e-01  -2.3016445e-01  -4.0495520e-01   1.0589456e-01   0.0000000e+00   6.7837130e-02   1.4670733e-01  -6.3542134e-02   2.2595420e-01   1.2356588e-01   6.5449471e-02   2.2797431e-01  -7.9577716e-02   8.6717574e-02   3.5440939e-02   2.0494031e-01  -8.6065624e-02  -3.2192500e-02  -2.7303750e-01   2.2402878e-01   1.4764434e-01   1.3841567e-01  -1.0917928e-01   1.5792560e-01   1.3289699e-01   2.8841656e-01  -1.3712555e-01  -8.5197134e-03  -2.7058773e-03  -2.6604691e-01   9.8040335e-02   1.2669537e-01  -1.2461012e-03  -9.3705458e-02   2.8575257e-01  -1.3341885e-01   3.3207278e-01   6.3912747e-03   2.4415166e-01  -5.4053247e-02   1.3230631e-01   1.7590533e-02   1.4486220e-02  -1.4216282e-01   3.8496761e-03  -9.5869859e-02   8.9912916e-02   8.1455883e-02   3.5006214e-02   1.4324456e-01   1.5690375e-01  -6.9170190e-02  -6.5857391e-02  -1.8685645e-02   3.1224846e-01  -4.0932532e-03   4.7629653e-02  -2.8393328e-02   2.3352888e-01   2.9702473e-01   8.3836330e-02  -1.2081415e-01  -2.3893968e-01   2.3580963e-01   3.1755413e-02  -1.0104763e-01  -1.6883898e-01   6.6905717e-02   2.4131542e-01   5.4255679e-02   2.1315462e-01  -1.0228443e-01   9.8422104e-02   9.2290587e-02   1.8494506e-01   2.1877254e-01  -1.0340174e-01   2.3615407e-01  -2.7973391e-01   1.2971373e-01   6.4907212e-03   6.2363582e-02   5.4810612e-01   1.1820902e-01  -1.4765468e-02   2.4852651e-01   3.6686905e-01  -1.6580981e-01  -1.4395756e-01   2.0862243e-01   1.0356704e-01   1.2331305e-01   1.5052506e-02   1.1560365e-01   2.4001941e-01  -1.9449584e-01  -6.3749077e-02  -7.7942509e-02  -4.2646834e-02   4.9267622e-01   1.4049449e-01   1.8095982e-01  -4.0079705e-02   1.9624207e-01  -4.0016702e-02  -3.0230098e-01  -1.3950973e-01  -3.2403759e-02   1.8715481e-01   2.0847858e-01  -1.5235492e-02   2.4855878e-01  -1.4126244e-02   3.1543686e-01  -3.1284392e-02   6.3480929e-03   1.9186262e-01   1.4767881e-01   1.5882952e-01   3.0702399e-01   1.6854439e-01   1.0361505e-01   9.4864799e-02   1.8542549e-01  -2.8474579e-03  -1.1344951e-01   2.1892572e-01   4.1883972e-02   1.7892113e-02   3.6506071e-02  -7.1551710e-02   2.5002841e-01  -4.1709068e-02   3.5436587e-03  -8.9982709e-02   1.7977001e-01   2.4517195e-01   1.1434318e-01   1.4441584e-01  -2.0021314e-01  -5.3919038e-02   2.3120018e-01  -2.3673200e-01   2.0366712e-01  -9.4529712e-02  -2.0165364e-01  -2.8853559e-02   3.4627234e-02   1.5509676e-01   3.9593905e-01   2.7501847e-02   1.3244202e-01   1.4842150e-01   1.5258975e-01  -2.8023875e-02  -3.0118833e-02  -2.5465136e-03   2.8659516e-01   1.3256586e-01   1.5756900e-01   2.0154262e-01   5.5431092e-02   1.8442738e-01   2.2344794e-01   8.8321668e-02  -1.9004367e-01   1.3028024e-01  -1.9700171e-01   3.8279584e-01  -1.7145623e-01   1.1110090e-01   1.3419395e-01   3.7982940e-01
   1.9563859e-01   5.9096886e-02   1.5792317e-01   3.4597957e-01   5.1176282e-01   1.8590319e-01   4.2494483e-01   8.0335901e-04   6.7837130e-02   0.0000000e+00   4.5606440e-01   3.5461090e-01   1.7892504e-01  -3.0364921e-01   3.3747629e-01   2.4084335e-01  -1.7106324e-02   1.7630015e-01  -1.4830133e-01   6.2075546e-01   1.2303476e-01  -4.0382013e-02   2.1214264e-01   5.4373949e-02   1.4538352e-01  -1.8078637e-03   1.4722405e-01   1.7885933e-02  -3.4743531e-01   1.9445956e-01   5.1623553e-03   3.7480403e-01  -1.1557479e-01   6.7256251e-01   2.0442241e-01   6.8919262e-01   3.0519803e-01  -2.7968111e-01   1.3496223e-01  -7.7803580e-02   3.3102773e-01   1.7944127e-01  -2.0827992e-01   9.6829451e-02   8.1300401e-02   9.3800587e-02   4.7284836e-01   1.8663852e-01  -4.2199871e-02  -1.3815237e-01   5.4481800e-01   1.0834918e-01   1.6800158e-01  -1.3920102e-01  -3.1593467e-02   3.0730658e-01   5.5965971e-02   1.8115122e-01   2.8412231e-01   3.8531101e-01   2.1467682e-01  -2.9728957e-01  -4.3624141e-01   3.8695249e-02  -4.3041729e-02   5.3062310e-01   2.0195079e-01  -5.8007416e-02   7.4127953e-02   1.4854796e-01  -1.7472362e-02   3.9383602e-01   1.7397175e-01   2.8256606e-01   5.0060696e-02  -1.6016363e-01   2.5120494e-01   8.9102056e-02   2.9183348e-01  -1.4492286e-02  -3.1516582e-01   1.4672364e-01   2.4061596e-01  -1.7799480e-01   4.4009054e-02   9.8466068e-02  -6.1327570e-02  -2.7858440e-02  -6.5011914e-02   2.1548842e-01   3.5630767e-01   1.5702927e-01   3.1182740e-01   4.1020830e-01   1.5902867e-01   4.7655175e-01  -3.1271561e-02  -1.2613878e-01   2.7358070e-01  -1.7083081e-01   1.5800255e-01   4.8935435e-01  -1.1964125e-01   3.6523110e-01   3.4366300e-01  -7.4037216e-02  -2.8810494e-02  -2.2190486e-02   3.1906183e-01   3.8675154e-01   6.4628879e-01   2.3304677e-01   2.3451617e-01  -6.1776657e-02  -1.8951942e-02   1.6353922e-01   8.4977993e-02   3.2323391e-01   1.3802332e-01   3.3523482e-01   1.6974470e-01   4.5985493e-01  -3.1263553e-01   4.2519224e-02   3.2209540e-02   3.3739472e-01   1.8119987e-01  -3.3271166e-01  -6.4355995e-02   2.3305145e-01   3.1727365e-01   4.7377025e-01   2.2519125e-01   2.4355060e-01  -7.5694834e-02  -1.9061506e-01   1.2768484e-02  -7.8733108e-02   1.6341792e-01  -8.5748865e-02   1.1519160e-01   3.8316160e-01   2.4328262e-01   3.8812101e-02   2.3279237e-01  -8.0656753e-02   3.2252444e-01   4.9432815e-01   6.1069039e-01   1.7587872e-01   1.3809349e-01  -2.5795886e-01   2.7667151e-01  -2.3799858e-02  -3.7156437e-02   2.7074161e-02   2.2283846e-01   2.4623242e-01   3.0666178e-02  -1.2358435e-03  -3.3315414e-01   8.0308501e-02   6.4075361e-01   8.4439031e-02   3.5430688e-01   3.9271354e-01   4.0025197e-01   8.9299419e-02   2.8020378e-01   3.0268315e-01   4.9122057e-01  -2.0245121e-01  -1.3637196e-01   3.4916287e-02   2.8609227e-02  -1.1064518e-01   3.6293084e-02
   1.5081780e-01  -2.7883533e-01  -2.0994486e-01   3.2987828e-01  -1.7225123e-02   4.8435794e-01   8.2256043e-02   3.3752305e-01   1.4670733e-01   4.5606440e-01   0.0000000e+00  -2.0883332e-01   5.1120982e-02  -2.0386959e-02   5.4132123e-01   1.2509273e-01  -2.6973201e-01   4.0593315e-01  -1.7503738e-01   1.1963377e-01   5.7826194e-01   3.5474928e-01  -1.1722523e-01   6.4290772e-02   9.3330070e-02   2.8416746e-01  -1.4939643e-01   4.0197953e-01  -3.7663302e-01   3.9563637e-01   7.4349725e-02   4.5659571e-01   1.8500453e-01   1.3277529e-01   4.0740394e-01   3.0971243e-01   2.5036691e-01  -8.6160588e-02   1.4036929e-01  -5.7563252e-01   1.2241721e-01   2.5690941e-01  -4.0198367e-01   3.2818362e-01  -1.2641143e-01   3.2255263e-01   7.8168862e-01  -2.7362317e-01   1.2564331e-02  -5.3766356e-01   5.7434125e-01   2.3444642e-01  -1.8235915e-01  -2.1098190e-01  -2.6275511e-02   6.3279018e-01   5.6987484e-01   3.5514323e-01   1.9165202e-01   4.6868945e-01   1.8271678e-01  -4.1319332e-01  -1.5020651e-01   1.5119059e-01  -9.9938762e-02   5.0361286e-01   4.1489674e-01  -1.6532522e-01   4.2341196e-01   4.0848721e-01  -3.6193885e-01   6.5442323e-01  -8.6055666e-02   3.8843079e-01  -1.7863704e-01  -1.7934271e-01   3.6836232e-01   3.4929181e-01  -2.1684972e-01  -2.0110850e-02   5.0557049e-02   3.8703688e-02   1.8797795e-01   1.9814990e-01   2.1913434e-01   4.2273578e-01   2.4430087e-01   1.4944660e-03  -1.5655465e-01   1.8316813e-01   6.4574592e-02   1.9318723e-01  -3.9014972e-01   4.1932366e-01   2.4476319e-01  -1.8163020e-01  -1.6843718e-01   1.7318020e-01   7.6646914e-02  -1.8580352e-01   4.7823097e-01   6.0229928e-01  -3.9157648e-02   4.3013249e-01   6.1968725e-01   7.1451772e-02  -2.1329712e-01   1.8028048e-01  -1.5050406e-01   2.6562946e-01   2.7262866e-01   4.9047839e-01   2.5370399e-01  -3.6267639e-02   2.9885887e-01  -1.3731888e-01   3.5605623e-01  -7.1181897e-03   5.3017134e-01   3.9800600e-01   3.2023621e-01  -1.6700374e-01  -2.9494735e-01   8.3051168e-02   2.7339457e-01   4.5887849e-01  -2.6461820e-01  -4.4076680e-01   1.6455545e-01   4.7629716e-01   6.1851861e-02   1.3802858e-01   4.5515080e-01   1.0128363e-01   3.6489255e-03   1.7985551e-01  -1.6876324e-01   7.3882403e-02   4.3341466e-01  -2.2860129e-01   1.5390368e-01   7.8059868e-02   7.1298120e-01   4.1688233e-01   3.7505174e-01   2.9361911e-01  -3.1951491e-01   1.1481199e-01   5.2884680e-01   1.4423022e-01   4.1447257e-01  -9.3161253e-02   1.5980957e-01   2.6297847e-01  -4.7116985e-01   8.8980964e-02   4.1118496e-01   6.1074086e-02  -9.9466717e-02   7.0131359e-02  -4.0120730e-01   7.2469946e-01   4.0892769e-01   5.9140931e-01   4.1622827e-01  -1.2883703e-01   4.4649141e-01   4.3741690e-01   3.7161395e-01  -7.7583864e-02  -4.1864101e-03   1.2027466e-01   1.6044428e-01   4.4533055e-01  -7.9308229e-02  -2.0378963e-02   2.0214752e-01
   9.8270612e-02   7.0892804e-01   7.0446572e-01  -7.6399615e-02   5.6595461e-01  -1.1855880e-01   2.8172168e-01  -1.4567616e-01  -6.3542134e-02   3.5461090e-01  -2.0883332e-01   0.0000000e+00   2.6580892e-01  -3.3042990e-01   1.4240513e-01   9.6634769e-02   5.1778862e-01  -8.5006301e-02   7.4010805e-02   5.0431660e-01  -4.0135621e-01  -3.7216255e-01  -1.3741145e-01  -1.3865873e-02  -5.7369132e-02  -1.0952672e-01   2.3872593e-01  -1.9543427e-01  -3.6365290e-02  -7.4172791e-02  -1.2841246e-01   1.5874831e-01  -5.1704089e-02   5.6175371e-01   9.8138622e-02   4.1360412e-01   1.5882338e-01  -2.6145162e-01   3.2108790e-02   4.8050785e-01   2.4251529e-01   1.7297923e-01   8.2421788e-02  -2.3755290e-01   5.8850697e-03  -1.7242946e-01  -7.1517550e-02   3.8367304e-01   2.3290250e-01   5.4616106e-01   1.7669888e-02   8.9463983e-02   4.5271277e-01   1.6285317e-01  -1.2909121e-02  -1.9391019e-01  -2.5901289e-01  -5.0988742e-02   1.7828966e-02   3.3502017e-01   2.2207000e-01  -2.7009748e-01  -2.4282119e-01  -6.2839961e-02   1.6138647e-01  -1.3639143e-01  -3.6808417e-02   5.0537697e-02  -2.5210960e-01  -1.3242671e-01   6.0240064e-01  -2.0414196e-01  -1.5201856e-02   1.6048222e-01   6.3239099e-02   2.9821647e-03   5.3134994e-02  -1.6937428e-01   6.5428985e-01  -3.5209884e-02  -3.7406577e-01  -5.7818733e-02  -2.4253083e-02  -1.2700112e-01  -1.7206960e-01  -9.8216583e-02  -7.4488381e-02   9.5060687e-02   1.7683086e-01   1.4089483e-01   4.7204141e-01   2.1885356e-01   6.4207295e-01   1.7174021e-01  -1.0831796e-02   6.3022679e-01  -7.1030370e-02  -1.3575036e-01   2.0145352e-01  -3.9761887e-01  -1.7233532e-01   2.5316435e-01  -5.3798153e-02   1.6271743e-01  -1.1982966e-01  -1.6961240e-01   2.1016603e-01  -1.1453391e-01   2.0588933e-01   2.1107078e-01   5.3146019e-01  -4.5958366e-02  -2.0298499e-02  -1.1212173e-01  -1.9037177e-01   5.0611297e-01   1.4097936e-02   2.4790489e-01  -8.5384577e-02   8.8283360e-02  -6.2095003e-02   6.2800166e-01  -9.1999425e-02   1.4018049e-02  -2.0944249e-01   1.1155899e-01   2.2056346e-01  -4.8684255e-02  -1.4496842e-01   2.1441819e-02   2.0100926e-01   3.4899611e-01  -7.4034600e-03   2.5032495e-01  -2.0810690e-01  -3.4475596e-01   8.3137552e-02   3.7394848e-02   8.3854697e-03   8.1108541e-02   8.3167452e-02   1.8454134e-01  -3.4369688e-01  -1.3176574e-01  -7.0511435e-02  -2.3299426e-01   6.3443101e-01   3.0143262e-01   1.7666352e-01   8.0576845e-02  -8.1181709e-02   7.7839035e-03   1.7105998e-01  -1.8694002e-01   6.1043307e-01  -1.0097476e-01  -3.3473824e-02   2.1268165e-01   4.3107237e-01  -6.1986132e-02  -2.1562977e-01  -3.9797376e-01   1.5320044e-01  -3.1499349e-01   2.7178590e-01   6.8565778e-01   3.3168670e-01  -5.6533388e-02   1.5337609e-02   4.4011363e-01   7.5024372e-01  -2.5061246e-01  -1.9403541e-01  -1.4749425e-01  -1.5174692e-01   4.2255692e-03  -1.8293226e-02
   1.2141504e-01   1.6082739e-01   1.0117224e-01   2.1618468e-01   4.3764975e-01  -2.2657445e-01   1.3268069e-01  -5.2809230e-02   2.2595420e-01   1.7892504e-01   5.1120982e-02   2.6580892e-01   0.0000000e+00   7.7066482e-02   3.5359922e-01   3.2958739e-01  -4.4444940e-02   2.3800753e-01   2.1720437e-01   4.4801301e-01  -5.6279912e-02  -1.0628860e-01  -8.7394879e-02   1.6149251e-01   3.1015129e-02  -4.0421806e-02   2.9246147e-02  -7.3492725e-02  -2.3439811e-01  -1.1177643e-02   1.5994299e-01   2.1709871e-01   1.3242385e-02   1.6090396e-01   3.3493418e-01   2.8675481e-01   2.5870161e-01  -2.9667578e-01   2.9345940e-01   1.6692361e-01   7.2847397e-01   1.8664410e-01   1.3703549e-01  -1.4714484e-01   2.4846839e-01  -2.0669511e-01   1.6858945e-01   2.3165667e-01   4.2622336e-01   2.1175969e-01   3.3098736e-01   2.0045834e-02   1.5782956e-01   2.4550283e-01   2.2415484e-01  -4.8014255e-02  -1.7750712e-01   1.7984013e-02   4.9460902e-01   2.8191337e-01  -7.4680053e-02  -1.3223438e-01   3.5939820e-02  -1.4495204e-01   3.6200465e-01  -1.5728570e-01  -1.3447041e-01   2.3764828e-01   2.9420600e-02  -2.4193656e-01   1.7857612e-01   1.2187259e-01   3.5320581e-01   1.4556652e-01   2.3237558e-01  -8.4706230e-02  -4.7792957e-02  -1.1820025e-01   4.3343463e-01   4.7300739e-01  -1.1884293e-01   3.3896764e-01  -1.3411666e-01  -1.2660231e-01  -1.5859840e-01   2.1115425e-01   1.9449818e-01   2.8122336e-01   1.1058703e-01   2.3807208e-01   4.3237389e-01  -9.4154026e-02   3.0220358e-01   3.0054555e-01   2.5130713e-02   3.2451577e-01   1.6326798e-01   9.9834385e-02   5.3691308e-01  -9.6142560e-02   8.3756603e-02   3.1959551e-01   2.9771569e-02   2.0736867e-01   1.7190272e-01  -3.6122164e-02   7.0386375e-02   9.9274552e-02   2.9225186e-01  -3.8420015e-02   2.5698596e-01   3.7979849e-03   1.4766488e-01  -3.3479433e-02   4.2932912e-02   2.5920005e-01  -6.1305944e-02   6.9069151e-01  -1.6938523e-01   2.9529285e-01   6.5896968e-02   3.0289489e-01   1.0167102e-02   2.8024360e-01  -1.3345974e-01   2.6024877e-01   3.2315881e-01   1.7451034e-01  -3.3688479e-02  -1.5879375e-01   5.9310221e-01   4.6894780e-01   1.4363491e-02   2.5808258e-01  -1.6033149e-01  -4.8008114e-02   3.6137219e-01   1.3027130e-01   1.2157943e-01   9.3695164e-02   1.6958956e-01   4.9696689e-01  -5.6171284e-03  -2.9571191e-01   3.5511085e-01   2.8881342e-01   2.4214520e-01   1.4423808e-01   3.3846294e-02   3.2250481e-01  -2.2562044e-02  -8.0704711e-03   2.1040099e-01  -4.2302741e-02   4.3971897e-02   1.3715126e-01   6.7593083e-02   6.9372165e-01   9.6796146e-02   1.7921973e-01  -2.0605892e-01  -8.5937865e-03  -5.2588429e-02   2.4375412e-02   1.4892821e-01   4.0847875e-01   3.5355717e-01  -9.6466849e-02   1.1908104e-01   1.9487413e-01   4.6914392e-01  -1.5480851e-01   4.0768660e-01  -2.9541254e-01   4.7570191e-02   2.2348713e-01   1.5312520e-01
   3.4432482e-01  -1.9325543e-01  -1.7342462e-01   2.5327072e-01  -3.9270902e-01  -1.1658895e-01  -1.9373759e-01   2.8856954e-01   1.2356588e-01  -3.0364921e-01  -2.0386959e-02  -3.3042990e-01   7.7066482e-02   0.0000000e+00   2.2097051e-01   3.1745890e-01  -2.1112973e-01   1.0684168e-01   1.4005679e-01  -3.3733351e-01   1.9967161e-01   4.7938996e-01  -1.3279379e-01   4.8541557e-01   7.6567457e-02   1.6975440e-01  -4.8680253e-01   2.4618686e-01   8.7563288e-02  -7.2080139e-02   3.7802725e-01   2.9482521e-02   2.5871117e-01  -3.6240685e-01   3.8558040e-01  -3.9186022e-01  -1.9354578e-01  -1.2354363e-01   2.0303885e-01  -2.6866163e-01   9.5364436e-03   1.4664780e-01  -4.5178977e-02   8.1484981e-03   4.1048625e-02   8.2550728e-02  -3.7393653e-02  -2.4328358e-01  -9.6777350e-02  -1.9726790e-01   2.0009369e-01   5.8046230e-02  -3.6126240e-01   2.4569787e-01   6.8648657e-01   1.8189196e-01   6.5931886e-02   1.9959679e-01   1.7271307e-01   4.8159136e-02   4.8529277e-03   8.0506411e-02   2.8295555e-01  -1.7931521e-01  -1.2616248e-02  -2.7356801e-01  -8.2306968e-02   1.5328237e-01   6.4345679e-02   8.3800375e-04  -2.6014828e-01   1.5117052e-01   6.9238777e-02   3.9251424e-01   7.9349276e-02  -1.4495228e-01   8.0813611e-02   1.7440759e-01  -2.8635987e-01   2.2957492e-01   5.4434003e-01   2.9302915e-02  -2.7462343e-01   1.8519117e-01   3.9588420e-01   2.1104395e-01   3.6774214e-01   6.7623641e-01  -6.2271050e-03   2.0722160e-01  -1.6692178e-01   1.1360054e-01  -4.1628116e-01  -3.7974687e-03   2.6748956e-01  -3.8916278e-01   2.7049702e-01   8.9540771e-02   1.3054925e-01   1.3927487e-01   4.1874497e-01   2.1135427e-02   5.3684645e-01   5.4344014e-02   1.7578479e-01   2.7045374e-01   2.8570792e-01  -1.2202402e-01  -1.0014243e-01  -3.9030227e-01  -3.3413883e-01   2.5709553e-01   2.9855688e-01   2.3336934e-01   4.5674927e-01  -3.2193158e-01   1.7255161e-01  -8.2253676e-03   1.2496316e-01   2.3966478e-01   3.4002068e-01  -3.0191765e-01   1.0536722e-01   1.1908590e-02   2.1754736e-01   4.0834362e-01  -6.8856001e-02   2.8193885e-01   1.5315929e-01  -1.4684042e-02   1.0099987e-01  -1.6138802e-01   5.0278146e-01  -1.6493780e-01   7.5906740e-02  -2.4350494e-02   2.1039874e-01   3.3934515e-01   1.6342929e-01   8.4492376e-02   4.4744403e-01  -7.3878130e-02   9.3991286e-02   4.5207585e-02   3.0667554e-01   4.9144078e-01  -2.6816214e-01  -4.1845774e-01  -2.6642816e-01  -4.1711224e-02   2.9938243e-01   2.9140592e-01   4.8008283e-01  -2.1781664e-01  -2.9525095e-01   2.4986287e-01   2.7056223e-01   9.8664255e-02   1.1891246e-02   3.8289266e-01   1.2427989e-01   1.2475687e-01  -3.8883721e-01   2.1884601e-01   6.2864305e-02  -3.2071920e-01  -3.2969466e-01   1.9822199e-01   3.5635281e-01  -4.2422945e-01  -3.2965116e-01  -1.0209220e-01   2.4623744e-01  -1.0554512e-01   3.7538392e-01   2.2829811e-01   4.4076750e-01
