   0.0000000e+00   1.2356922e-01  -2.8586371e-01   2.1532464e-01  -5.2588739e-02  -2.0777967e-01  -5.5111037e-01   2.9776806e-01  -2.0010763e-02  -4.1196311e-01   2.1956786e-01  -1.8475412e-01  -1.7612352e-01   1.4329728e-01   3.6309467e-01  -9.0709763e-02  -1.8552908e-01   1.7868240e-01  -1.4185946e-01  -1.5669336e-01  -1.0979365e-01  -1.9856789e-01  -2.2619797e-01   7.2399931e-01   3.6255417e-02   2.4567731e-01  -2.3497295e-01   1.1999694e-01   1.2069697e-01  -1.9266011e-01   1.3640411e-01   1.8656137e-01   9.6422954e-03  -4.9560223e-01  -3.7808838e-01  -3.5955092e-01  -2.7897282e-01  -3.0640255e-02  -7.4534465e-02  -3.5620010e-01  -8.8926890e-02   1.0398542e-01   1.3886553e-01   2.0494178e-02   8.2983296e-02  -3.0186026e-02   4.0728740e-02  -3.9514030e-01  -2.5697144e-01  -3.0310815e-02   7.7088251e-02   5.3347288e-01  -2.9831230e-01   9.2199730e-02   8.4539546e-02   5.1507674e-01  -6.2388938e-02  -6.3875155e-02   3.0085251e-01  -1.7402711e-01  -1.3493981e-01  -1.2878645e-01   2.4719462e-02   1.4405037e-01  -1.8055636e-01  -4.3839907e-01  -3.7844412e-01  -5.2798298e-02   1.3867555e-01  -1.2240063e-01  -2.3803378e-01  -9.4957578e-02   8.5847171e-02   4.8970329e-01   2.2008142e-01   4.2550421e-01  -3.5576527e-02  -7.9505540e-02  -8.3530579e-02  -5.5650931e-02  -3.1740062e-01   1.7198311e-01  -2.5525890e-01   2.7267353e-01   1.2413189e-01   1.3195843e-01  -3.9071562e-02   4.1199124e-01  -1.4191275e-01   8.8279629e-01   1.8613306e-01   8.5264950e-03  -4.8543594e-01   6.1934669e-02   1.4069590e-02  -2.9898736e-02   3.8318486e-02  -7.2519586e-02  -1.4111615e-01  -5.0251350e-01   6.2793170e-01   1.6788519e-01   4.8707229e-01  -7.0533635e-02  -4.5328168e-02   1.5711081e-02   1.9117606e-01   1.5668983e-01  -3.1377883e-01  -4.5229699e-01  -4.5614838e-01  -1.2861270e-01   7.3967949e-03   6.2463104e-01   6.9968441e-01  -5.0222677e-02   1.3199255e-01  -1.9369579e-01   2.7779637e-01   1.7117763e-01   6.6900563e-02   8.9758348e-02   6.5967726e-02  -1.2047577e-03   7.9552470e-02   9.0484766e-02   4.4900846e-02   7.3121279e-02  -1.2251125e-01  -3.1857505e-01  -1.9955902e-01  -4.5564172e-01  -7.3737648e-02  -3.3918278e-01   4.1253855e-02   2.0975257e-01   1.2094704e-01  -2.1093495e-02   4.6609238e-01   5.3596047e-01   5.3401030e-01  -7.2327929e-02   1.8060805e-01  -1.3104778e-01  -3.2164960e-01  -3.9583361e-02  -4.6366242e-01  -1.3150049e-01  -2.5549809e-01  -3.2617980e-01   6.1719112e-01   2.0931966e-01   3.6987191e-01  -8.2915908e-02  -2.9992326e-01   5.6311415e-01  -5.3442760e-03   1.3199604e-01  -1.5222481e-02   2.2077516e-01  -1.0616451e-02   1.6709296e-01  -9.1279363e-02   1.9874207e-02   1.5674964e-02  -3.1935705e-01  -1.7986903e-01   6.2367544e-01   1.3799770e-01  -4.1323511e-01  -1.5778750e-01  -1.1083406e-02   9.4098292e-02  -3.5342569e-01   1.2854921e-02   5.0675763e-02  -5.6257430e-02
   1.2356922e-01   0.0000000e+00   4.1966271e-01  -2.0722558e-01   6.5026361e-01  -6.2144275e-01   1.5962421e-01   1.9835399e-01  -1.3384985e-01   3.3411257e-01  -4.8546576e-01   6.8551273e-01  -2.9788190e-01   4.1590016e-01  -2.4558006e-01  -8.2986654e-02   5.4959108e-01  -5.3603067e-01  -1.9999325e-01   2.6892727e-01  -6.2257760e-01  -1.6206664e-01  -7.3657639e-01   2.2707049e-02  -1.7141049e-01  -6.4911132e-02   2.5832259e-01   8.2460995e-02   8.4386902e-02  -1.0288070e-01  -2.3876022e-01  -1.3397054e-01  -1.3232125e-01   1.4083484e-01  -6.8062682e-02  -3.6701367e-01   3.5816175e-01  -3.7321327e-01  -3.0431978e-02   4.8041022e-01  -2.9903453e-01  -7.3419598e-02  -2.2849256e-01  -1.3039494e-01  -3.6484521e-01  -3.0772299e-01  -5.3658394e-01   3.0197263e-01  -2.8955600e-01   7.9692573e-01  -6.6423197e-01   7.1397607e-02   4.3871587e-01   1.2858656e-01   6.5145157e-02  -1.4583504e-01  -3.6749572e-01  -1.8067523e-01  -1.8693518e-01   1.7532891e-01   1.2789678e-01  -3.4491574e-01  -3.1229675e-01  -5.1688463e-01  -1.7016062e-01   1.5463804e-01  -1.5288357e-01   1.1223180e-02  -2.0474620e-01  -3.9410092e-01   7.6429912e-01  -5.1988473e-01   3.0581460e-02  -1.3699061e-01  -2.2798516e-01  -8.8292504e-04  -3.3738762e-01  -1.6333795e-01   5.5279591e-01  -3.7819316e-01  -4.4145320e-01  -8.8811063e-02  -2.4026296e-01   8.2361827e-03  -1.6295374e-01  -4.6444711e-02   4.6160153e-01   5.8152900e-02  -2.0686870e-01   3.2115748e-02   7.7970756e-01  -6.1905726e-03   2.6425164e-01  -2.9238053e-01  -3.2195502e-01   6.2670438e-01  -3.6618973e-01  -1.9589098e-01  -3.2791046e-01  -1.6826379e-01   2.7969875e-01  -4.0459886e-01  -2.7707108e-02   2.6686223e-01  -4.0486916e-01   1.6106611e-02  -2.3720939e-04  -7.2337199e-02  -2.2734919e-01   4.8855836e-02  -9.2499106e-02  -3.7912373e-01  -3.9430590e-01  -1.7988925e-01  -5.3768750e-02   8.0657246e-01   2.5988842e-02  -1.5590970e-01   1.2175497e-01  -3.1810173e-01  -3.5758172e-01   7.6781879e-01  -1.9904115e-01   2.6749440e-01  -3.0617365e-01  -1.3229525e-01  -5.5360687e-01  -2.5356491e-01  -2.6127029e-01  -9.2380511e-02  -1.9783087e-01  -3.8846902e-01   6.5965493e-01  -8.7532473e-02  -5.7629778e-01  -4.8757811e-02  -8.9030421e-03   4.9517932e-02   4.6295995e-02  -1.2214904e-01  -5.9569128e-02  -1.5065074e-01  -5.1142629e-02  -5.6591432e-01   1.8057764e-02  -4.4198527e-02   2.5595857e-01   2.0745091e-01  -4.0124595e-01  -9.6507120e-02  -3.0832361e-01   1.1128797e-02  -7.1203920e-02  -5.2911585e-01   5.5171684e-01  -1.7233420e-01  -3.2811828e-01  -4.0352835e-01   1.8456297e-01  -1.6449762e-01   7.4713761e-02  -1.6634339e-01   3.2429367e-01  -3.3327023e-01   2.3357566e-02   2.3595071e-01  -5.6135315e-01   5.5536010e-04  -9.9774861e-02   4.1552998e-02   6.2161530e-01  -3.8142234e-01   1.7517713e-02  -2.8208307e-01  -7.5699937e-02  -2.2567942e-02   7.1752539e-02
  -2.8586371e-01   4.1966271e-01   0.0000000e+00  -2.2754115e-01   3.2582354e-01   5.2533627e-03   2.7571269e-01  -3.4149394e-03   6.7682755e-02   4.0350763e-01  -5.0512442e-01   5.6506326e-01  -7.1377498e-02   1.3139000e-01  -3.4950657e-01   1.2037475e-02   9.1821339e-01  -3.1159371e-01   2.3150465e-01   2.9918196e-01  -1.7750705e-01   1.6991008e-01  -3.2479285e-01  -3.3632546e-01  -7.1695649e-02  -1.6958900e-01   4.7841563e-01  -2.5391330e-03  -1.7172003e-01   5.1745675e-02  -3.0508261e-01  -1.7275125e-01  -1.1385509e-01   2.6311558e-01   1.5398514e-01   3.8134202e-02   3.0987700e-01  -2.4427624e-02   3.2861313e-02   6.4479115e-01  -8.7162623e-02  -1.2722938e-01  -3.2049765e-01  -8.9492105e-02  -3.2319527e-01  -1.7174777e-01  -2.2901190e-01   1.5492857e-01   1.0692535e-02   6.5303727e-01  -3.9482476e-01  -2.3950405e-01   1.5888496e-01  -9.1435657e-02  -6.1519685e-02  -3.0256807e-01  -2.4614671e-02   1.4564051e-02  -2.6412260e-01   1.9463535e-01   5.5033938e-01  -1.3646056e-01  -2.4188745e-01  -4.1923336e-01  -1.3192863e-01   2.5038946e-01   3.1211417e-01  -9.4348671e-02  -1.6161009e-01   9.3075751e-02   4.6328879e-01  -3.5836181e-01  -9.3031487e-02  -7.6897769e-02  -2.5274629e-01  -5.6813552e-02   2.9777729e-02  -4.3744592e-02   2.5286064e-01  -2.1864000e-01  -8.0432508e-02  -2.1600070e-01  -1.4743379e-01  -8.9664556e-02  -3.5150097e-02  -9.3151102e-02   8.8355198e-02  -4.9281408e-02  -2.7276286e-01  -3.4862690e-01   2.4519246e-01   3.3792639e-01   5.2859809e-01  -2.6805087e-01  -6.1018981e-02   3.0413734e-01  -1.3887441e-01   3.2471544e-02  -2.0424222e-01   1.0265487e-01  -1.5125560e-01  -3.9480408e-01  -3.4355150e-01   1.5952850e-01  -3.7903161e-01  -4.0389477e-02  -2.1561373e-01  -3.1925182e-01   1.7876046e-02   3.2453230e-01   8.8803869e-02  -2.5095481e-02  -3.0527808e-01  -2.9647812e-01  -3.2067511e-01   2.7674957e-01  -2.0677619e-01  -1.9942381e-02   1.4706155e-01  -2.9509315e-01  -1.7499419e-01   3.1972902e-01  -3.7513288e-01   9.4227970e-02  -2.0392835e-01  -4.3750885e-02  -2.8612110e-01  -3.3281471e-01  -4.8958557e-02   5.6591500e-01  -2.4071893e-02  -1.7246128e-01   5.3494221e-01  -7.1799051e-03  -4.0737759e-01  -3.0383817e-02  -6.5426525e-02   1.0223593e-01  -1.6586641e-01  -3.2856626e-01  -2.8230318e-01  -6.9903595e-02  -1.9181152e-01  -2.6149914e-02   1.3228566e-01  -2.3848447e-01   4.0240494e-01  -4.5770297e-02  -1.3197732e-01   7.0693025e-02  -4.4809157e-01  -1.1893883e-01  -1.4096736e-01  -5.0658640e-01   7.4656245e-01  -3.8308885e-01  -4.9023440e-02  -3.3183717e-01   4.1132090e-01  -2.8753812e-01   9.4647511e-03  -2.5340069e-01   1.6151055e-01  -2.7433443e-01   8.4009216e-02   1.4420057e-01  -2.7318836e-01  -3.3997541e-01   4.7828316e-03   1.7443142e-01   3.7571437e-01   2.9254978e-02  -2.1411112e-01   3.5092814e-01  -2.0489041e-01  -1.9288304e-01   1.7142516e-01
   2.1532464e-01  -2.0722558e-01  -2.2754115e-01   0.0000000e+00  -1.9142605e-01   2.1045166e-01  -3.7750800e-01   7.6146878e-02   6.4292451e-01  -3.9642601e-01   5.3246269e-01  -2.6134505e-01   2.3736724e-01  -1.6363635e-01   8.0308940e-02   1.6603568e-01  -2.5321738e-01   4.4352371e-01  -8.1671123e-02  -2.7881953e-02   1.3881646e-01   5.1656998e-01   4.4633444e-02   2.1010091e-01   7.4247337e-02   3.5838327e-01  -1.9550960e-01  -1.8422359e-01  -2.0509727e-01  -4.5089314e-02  -1.5528272e-01   5.7323524e-01   2.7005300e-01  -3.3745865e-01  -1.6373569e-01  -9.2452981e-02  -2.7368340e-01  -7.4082307e-04   2.8686728e-01  -4.3226227e-01   4.2133053e-01   2.2193671e-01   1.9854317e-01   2.1278778e-01   2.3902093e-02  -2.6527588e-03   5.1251514e-01  -5.0245088e-01   2.2883123e-02  -1.7971434e-01   4.5393886e-01   1.2708789e-01  -4.2752805e-01   8.9452184e-02   1.0938131e-02   2.8869085e-01   3.0202290e-01   6.4593603e-01   6.4231335e-01  -9.0798793e-02  -7.6694559e-03   2.4163481e-03   6.1143278e-01   1.9717460e-01  -3.5198558e-01  -2.4520139e-01  -1.2339622e-01   1.6533584e-02   5.4309763e-01  -6.6853284e-02  -3.9928104e-01   2.8772873e-01   3.4454115e-01   1.8176822e-01   2.9258118e-01   1.1879139e-01   1.8199324e-01   2.6347306e-01  -2.7374325e-01   5.0141353e-01  -8.9279112e-02   3.2641191e-01  -3.8546240e-02   2.8752743e-01  -3.0174978e-01   6.3561753e-02  -1.6065366e-01  -4.2924201e-02   1.7159175e-01   2.5499932e-01  -1.3349420e-01   6.9362982e-02  -2.7696736e-01   5.1237527e-01   9.0253156e-02  -1.8273837e-01   2.2575726e-01  -1.5298687e-02   1.7668825e-01  -3.3772499e-01  -1.6638944e-01   9.4483968e-02   1.7909546e-01   1.1381449e-01   3.8706189e-01   1.7077466e-01   2.7358757e-01   1.6938546e-01  -1.4108005e-01  -3.5335256e-01  -1.9350737e-01   3.6951158e-01   5.6835668e-01   3.7113610e-02   3.6747444e-02  -2.9993020e-01   1.2390301e-01   2.5973232e-01  -2.8877498e-01   6.6757915e-01   1.1232673e-01  -9.9616564e-02   1.1167356e-01  -2.8366246e-01   1.0403090e-02   3.2986409e-02   1.2632521e-01   4.0035223e-01   4.9732531e-01  -2.3536764e-01   2.0901384e-01  -1.9888543e-01  -3.1215856e-01  -4.2710348e-01   5.4772139e-01   1.8416932e-01   3.0224495e-01  -4.0473105e-01   2.0483127e-01   2.4677067e-01   1.1295811e-01   1.6288937e-01   4.4340902e-01  -2.1766281e-02  -2.8117720e-01  -2.6522059e-01  -3.2524553e-01  -1.4647893e-01  -3.9467883e-02  -4.9200670e-01   2.1125036e-01   6.7002197e-03   1.6764410e-01   4.0990111e-01  -2.5015396e-01   3.7560760e-01   1.2027579e-01   4.9850352e-01   1.0977105e-02   8.7144892e-02  -9.2663817e-02   4.3226376e-01  -4.4263155e-01   3.7068884e-01   4.8183250e-01  -3.4225511e-01   3.5298352e-01  -4.7080879e-02   2.5979814e-02  -5.4180868e-01  -3.1675088e-01   6.3989960e-02   9.8491291e-02  -1.7764228e-01  -5.5219717e-02   1.8738898e-01   3.9489563e-01
  -5.2588739e-02   6.5026361e-01   3.2582354e-01  -1.9142605e-01   0.0000000e+00  -3.5371786e-01   1.6729361e-01   1.9312561e-01  -1.7454697e-01   2.2192044e-01  -4.1765203e-01   4.1891590e-01  -1.7781859e-01   1.5112161e-01  -1.9565751e-01  -9.7566697e-02   4.5151695e-01  -2.5601919e-01  -5.7935280e-02   7.4338368e-01  -2.7368315e-01  -1.3567470e-01  -4.0232054e-01  -2.1802251e-02  -3.1186213e-02  -1.0894443e-01   5.7433759e-01  -4.1431580e-02   1.0102478e-02   2.2611523e-02  -2.2963660e-01  -3.8576265e-02  -3.2000548e-01   2.0631177e-01  -4.2630992e-02   1.9472527e-01   1.7774252e-01  -2.7038913e-01  -7.6790521e-02   4.2517076e-01  -1.1953029e-01  -2.8391878e-01  -3.1648647e-01  -7.1799803e-02  -1.4086863e-01  -2.5360099e-01  -3.1680703e-01   2.1406088e-01  -2.2100761e-01   5.4633387e-01  -4.1437488e-01   1.4740587e-02   4.0275155e-01  -1.0079865e-02  -1.9463236e-01  -1.2252804e-01  -2.7365310e-01  -1.6461981e-01  -2.0245146e-01   1.0408080e-01   1.3288062e-01  -1.1602903e-01  -3.9732324e-01  -4.6373932e-01  -1.6060663e-01   2.3077692e-01   1.2277654e-01   1.1125819e-01  -7.9511670e-02  -1.9773728e-01   4.6023001e-01  -6.8860602e-02   4.2589539e-02  -3.3944972e-01  -2.0315061e-01  -4.7193506e-02  -1.2442501e-01  -6.9438647e-02   8.5171904e-01  -2.3262212e-01  -4.2952240e-01  -6.7006108e-02  -1.6475458e-01  -9.6189289e-02  -3.5555210e-01  -3.3646638e-02   3.2862518e-01  -9.6662590e-02  -2.2046043e-01  -3.3834286e-02   8.0576782e-01  -7.3543552e-02   2.3728475e-01  -4.0622024e-01  -1.8502199e-01   7.7790563e-01  -3.1840726e-02  -9.9271742e-02  -3.4538748e-02  -3.3451771e-02   7.7321594e-03  -2.0340339e-01  -1.5099748e-01   2.4612068e-01  -1.6518934e-01  -3.4456341e-02  -2.5193627e-01   1.1943984e-02  -4.6327697e-02   3.3057149e-01  -1.0615700e-01  -1.3964722e-01  -1.9436721e-01  -2.7179175e-01  -1.9072392e-01   7.8109847e-01   7.8164452e-02  -5.0709111e-02  -3.6401959e-02  -3.5508178e-01  -2.4509643e-01   7.9176133e-01  -9.1032756e-02   3.0471896e-01  -2.8032030e-01  -2.6383056e-01  -4.1191211e-01  -3.0247198e-01  -2.3820431e-01   3.6970593e-02  -4.9549399e-02  -1.1834918e-01   3.8987253e-01  -9.8851967e-02  -4.5975607e-01  -8.9796164e-02  -4.6642679e-02  -1.7790426e-01   3.4188297e-02  -1.5526153e-01  -1.8648507e-01  -1.3640639e-01   4.6180505e-02  -3.7620769e-01   3.8608091e-02   7.9902673e-02   9.7920761e-02   4.8128050e-01   1.0587365e-01  -7.2146252e-02  -3.5941783e-01  -1.5773503e-01  -2.0785335e-01  -2.8893306e-01   2.8590570e-01  -1.6261855e-01  -1.6449219e-01  -3.2910800e-01   6.8391490e-02  -2.2471199e-01   2.9462672e-01  -7.1173082e-02   2.2403483e-01  -1.1512410e-01  -6.9107727e-02   3.5592752e-01  -3.3309172e-01  -1.9006194e-01  -6.3510181e-02   9.4678038e-02   6.6186261e-01  -1.5608999e-01   2.2981988e-01  -1.7504237e-01  -1.0029282e-02  -2.0475875e-01   8.4068932e-03
  -2.0777967e-01  -6.2144275e-01   5.2533627e-03   2.1045166e-01  -3.5371786e-01   0.0000000e+00  -3.1538580e-01  -1.0696946e-01   2.2112737e-01  -4.8511674e-01   4.0738415e-01  -5.1214334e-01   2.1683282e-01  -4.4042652e-01   9.3417415e-03  -1.0552984e-02  -5.9835570e-02   4.0420988e-01   6.6911305e-01  -1.0728925e-01   6.4306777e-01   3.8027857e-01   5.7589537e-01  -1.4027955e-01   4.5125752e-02   1.9227925e-01   7.3449699e-02  -3.6597860e-01  -1.8773359e-01   1.3838561e-01  -2.1477125e-01   2.6130003e-01  -3.1994064e-02  -2.5874253e-01   5.2549543e-02   2.7346478e-01  -3.8068547e-01   3.3642341e-01   2.2983129e-02  -3.0236862e-01   2.6979452e-01  -8.0638805e-02   1.1471428e-01   1.9801150e-01   4.3523508e-02   4.2434837e-01   5.9397823e-01  -3.1342357e-01   1.9788273e-01  -4.4757032e-01   4.8790975e-01  -1.8291734e-01  -4.8196670e-01  -3.7527033e-01  -1.8129938e-01   7.2659670e-02   7.4973897e-01   3.1373068e-01   1.6501974e-01  -1.4909848e-02   2.3945916e-01   2.2112095e-01   4.1511009e-01   2.8536796e-01  -1.4959685e-01  -2.4066497e-01   4.7544424e-01   3.6386085e-02   3.8413559e-01   6.5026521e-01  -5.8912747e-01   3.9523723e-01  -4.8980041e-02   3.2259410e-01  -1.2152600e-02  -1.1414724e-01   4.6917192e-01   2.4539555e-01  -3.7692672e-01   2.8075371e-01   1.4286649e-01   1.7292178e-02   1.5831877e-01   2.1766252e-01  -3.3345555e-02  -1.3358670e-01  -5.0294384e-01  -1.7273425e-01   1.7916543e-01  -1.1229428e-01  -4.4770199e-01   1.2738134e-01  -1.4979708e-01   1.5525545e-01   4.5705132e-01  -4.1941167e-01   3.3420552e-01   5.6926612e-01   2.2367185e-01  -1.7252091e-01  -4.6463466e-01   1.2927842e-01  -2.4672273e-01  -1.7809322e-01   2.4873084e-01  -2.2318735e-03  -1.6521448e-01   1.6060698e-01   4.2819511e-04   1.3917816e-01  -1.0289062e-01   6.4181892e-01   4.6481804e-01   1.0967639e-01  -1.7479971e-01  -5.5726452e-01  -8.5984587e-02   2.0019960e-01   1.3575630e-02   1.8477210e-01   3.4648335e-01  -4.5871212e-01   4.4593735e-02  -3.0288996e-01   3.8692352e-01   1.4159571e-01   2.7445276e-01   2.9422127e-02   3.0593608e-01   5.1524394e-01   6.5494361e-02   6.2229944e-02  -3.1239065e-01  -1.5563876e-01   5.4887305e-01   1.0042237e-01  -1.7158508e-01  -1.9703784e-01  -1.4871563e-01   2.1684887e-02  -1.5370315e-01   6.8368449e-02   2.4032345e-01   7.4062853e-01  -2.8251721e-01  -2.6119183e-01  -3.5481327e-01  -4.2246113e-02   4.1278303e-01  -1.0323734e-01   2.6671032e-01  -1.4814166e-01   4.4334417e-02   3.6778453e-01  -1.3913004e-01   1.3049088e-01   3.8803396e-01   2.7495765e-01   1.9266579e-02  -1.6688880e-01  -1.0613948e-02   3.0498695e-01  -2.6892890e-01   2.2957474e-01   1.8697099e-01  -3.2920867e-01   5.2719351e-01  -1.2762484e-01   1.1154658e-01  -1.5950217e-01  -4.8813595e-01   4.0598310e-01  -8.0137687e-02   6.5561213e-01   9.1183469e-03  -1.2949744e-01   7.2770060e-02
  -5.5111037e-01   1.5962421e-01   2.7571269e-01  -3.7750800e-01   1.6729361e-01  -3.1538580e-01   0.0000000e+00  -3.2925924e-01  -1.0002991e-01   7.1666513e-01  -4.5689661e-01   4.9748900e-01   3.8284638e-03   1.0903182e-01  -2.6817381e-01   1.1617380e-01   1.3468227e-01  -4.2895374e-01  -2.1189195e-01   2.4577730e-01  -3.1001975e-01  -1.4353704e-01   1.3522948e-02  -4.2398701e-01  -1.2013833e-01  -6.0441071e-01   2.7885344e-01   4.2599635e-01  -8.1246580e-03   3.2344684e-01   1.7409275e-01  -4.2272057e-01  -8.0746483e-02   8.0328425e-01   3.2050310e-01   3.0619141e-01   5.4041909e-01  -1.1058823e-01   6.2760655e-03   6.1534685e-01  -1.5413457e-01  -1.4166576e-01  -3.6304727e-01  -2.6485369e-01   5.7479716e-02  -2.4196487e-01  -4.0917605e-01   6.9108521e-01   1.8290516e-02   2.1157863e-01  -3.0637443e-01  -4.4080427e-01   5.6670011e-01  -6.3268014e-02   2.7065016e-03  -5.6671662e-01  -4.2661963e-01  -2.7539539e-01  -4.1776283e-01   1.3111324e-01  -1.2476969e-01   5.8673485e-02  -3.6044804e-01  -2.4047835e-01   2.7474457e-01   7.2748577e-01   1.8813565e-01  -4.8290589e-02  -4.4696048e-01  -2.0774438e-01   5.0176530e-01  -3.7871504e-02  -4.8579321e-02  -5.6189581e-01  -2.8199425e-01  -2.4253162e-01  -2.3149842e-01  -7.6326712e-02   3.5383897e-01  -2.4673003e-01   4.5348210e-01  -1.7269107e-01   9.3266899e-02  -4.5245391e-01   1.2513498e-02  -3.2030511e-02   3.0676106e-01  -1.1460525e-01  -1.8525185e-01  -5.9888645e-01  -4.4294051e-02  -1.6110549e-01   4.7447211e-01  -2.0409862e-01  -2.3383529e-01   2.1222319e-01  -1.0290937e-01  -2.4640907e-01   1.3657803e-01   7.9988883e-01  -2.0957225e-01  -1.9241574e-01  -3.0973448e-01   2.0171465e-01  -7.9764020e-02  -9.6517770e-02  -1.7543421e-01  -3.2795622e-01   4.7612375e-01   3.6873707e-01   6.1870077e-01  -2.8288705e-01  -2.8939636e-01  -4.3818367e-01  -2.6704437e-01   2.9261012e-01  -1.1186029e-01   7.1358529e-03  -1.8091292e-01  -3.5360944e-01  -2.0862389e-01   9.1909986e-02  -2.0039994e-01   6.7605759e-02  -3.3527904e-01  -1.4135324e-01  -1.8661255e-01  -2.5750928e-01  -1.2751515e-01   5.9554446e-02   1.2348201e-01   5.7364698e-01   2.2424646e-01   4.7500483e-01  -4.4634802e-01  -3.4965193e-01  -6.6040875e-02   3.3206907e-01  -4.5349042e-01  -4.5389981e-01  -2.5963073e-01  -2.8393468e-02  -3.6744462e-01  -1.7223742e-01   6.0845274e-01   1.5754194e-01   8.6561591e-01   2.1684888e-01   2.0371937e-01   5.1888277e-01  -6.2204944e-01  -2.7155794e-02  -2.8198245e-01  -1.4257318e-01   3.7514499e-01  -5.3428715e-01  -1.7340298e-01  -2.4464331e-01  -1.4303643e-01  -2.5606982e-02  -9.1045634e-02  -4.0479708e-01   2.4645192e-01  -6.6369453e-02  -1.1137692e-01   6.5010174e-01  -8.0113726e-02  -3.8377127e-01  -1.0967295e-01   5.4303586e-01   4.7255520e-01  -1.5766530e-01   1.7578388e-02   4.2727352e-02  -1.0926969e-01  -1.6132795e-01   5.2989754e-02
   2.9776806e-01   1.9835399e-01  -3.4149394e-03   7.6146878e-02   1.9312561e-01  -1.0696946e-01  -3.2925924e-01   0.0000000e+00  -1.2811120e-02  -4.7517997e-02  -5.8861586e-03   2.5956666e-03  -1.5864611e-01   1.6911719e-01   1.7115310e-01  -1.7454557e-01   7.3566372e-02  -2.9432934e-02   1.9327924e-02   8.7150366e-02   7.8833700e-02  -1.4434698e-03  -2.4432984e-01   3.3620843e-01  -7.7724244e-02   3.9717886e-01  -1.9634488e-04  -1.3153758e-02  -7.2911694e-02  -1.9881100e-01  -1.6972404e-01   1.5165748e-01   1.1067620e-01  -1.8171541e-01  -3.0031339e-01  -1.4085719e-01  -1.4106229e-01  -1.3893657e-01  -1.5172722e-01   2.2395607e-03  -3.3047868e-03   9.0807772e-02   2.5149109e-01   1.4856604e-01   4.3383300e-02  -5.0649956e-03  -3.7804627e-02  -1.5479986e-01  -9.9380522e-02   2.3849294e-01  -1.3051877e-01   7.1220034e-01  -2.0992550e-01   9.8384178e-02   8.9003613e-02   3.2376371e-01   4.1321686e-02   6.1842593e-02   9.7918036e-02  -2.5719810e-01   1.0951227e-02  -5.9908666e-02  -7.8097879e-02   1.1334382e-01  -2.2835711e-01  -1.5282105e-01  -3.9963403e-02  -5.8628296e-02   8.3779525e-02  -7.9274755e-02  -5.0390574e-04  -1.7037191e-01  -9.9875088e-02   2.2085635e-01   2.7501915e-02   1.8467411e-01  -1.6784562e-01   8.8208077e-02   1.4313797e-01   6.6358020e-02  -3.0624374e-01  -1.1805775e-01  -1.6855042e-03   3.6486883e-01  -1.4081156e-01   1.0306569e-01  -1.2615346e-02   1.9367394e-01  -1.1247196e-01   3.5072911e-01   2.9598876e-01   6.9388546e-02   1.5987332e-01  -3.2175612e-02  -9.4469515e-02   2.2169387e-01  -1.4377789e-01   2.0437089e-01  -2.6155133e-01  -2.7150862e-01   1.8648200e-01   1.5500900e-01   2.1631912e-01  -7.6289488e-02  -5.7551981e-02   8.1418375e-02   9.0377872e-02   3.3280914e-01  -1.0542588e-01  -8.6702342e-02  -4.9537244e-02  -1.0792482e-01  -1.4741134e-01   1.5450036e-01   1.5856049e-01   1.8176279e-01   1.4101887e-01  -1.5959983e-01   9.3814521e-02  -1.9667012e-02  -5.3615051e-02   3.2635021e-01  -3.0078762e-02   4.9470213e-02   4.2837988e-02   2.6951170e-01  -7.9972164e-03   4.0869205e-02  -9.6906609e-02  -8.0455299e-02  -2.2042662e-01  -3.4338725e-01   4.7029212e-03  -9.5949879e-02  -7.5411117e-02   5.4884214e-01   1.5657949e-01  -1.9419908e-01   5.6367646e-01   1.9763993e-01   2.2926725e-01  -5.5441074e-02   7.3878465e-02  -1.3104377e-01  -1.7778813e-01  -5.2927188e-02  -2.0822651e-01   4.2696351e-02  -1.4527436e-01  -2.6853472e-01   1.7216633e-01   1.4289998e-01   9.9163498e-02  -1.2808649e-01   5.1636616e-02   2.0776548e-01  -2.0308342e-01  -1.4246636e-01   1.5230725e-01   1.2996792e-01   6.7434728e-02   1.1537026e-01   4.9741793e-02  -1.1493909e-01  -1.1289105e-01  -2.8319953e-02  -8.8439379e-02   1.9820347e-01   7.8567084e-02  -1.4886808e-01   2.0637520e-01  -2.3629837e-02  -1.0460770e-01  -2.5543605e-02   9.0058797e-02   6.6809502e-03  -9.8436003e-02
  -2.0010763e-02  -1.3384985e-01   6.7682755e-02   6.4292451e-01  -1.7454697e-01   2.2112737e-01  -1.0002991e-01  -1.2811120e-02   0.0000000e+00  -7.4756393e-02   2.9626539e-01  -1.2135764e-02   2.0036247e-01  -4.2871658e-02  -2.6909464e-02   1.8925972e-01  -7.1705461e-02   2.8144758e-01   3.9106308e-02   4.9297258e-02   9.3954885e-02   6.6514944e-01   1.7482697e-01   6.6012682e-02  -1.3491424e-01   2.4769125e-01  -1.1491214e-01  -1.2227600e-01  -6.7037618e-02   4.1747965e-02  -1.6290032e-01   4.5075401e-01   8.3129228e-02  -2.1115087e-01  -9.0063785e-03  -7.7469548e-02  -1.1587602e-01  -1.7162098e-01   2.7388022e-01  -1.3449551e-01   2.3805331e-01  -3.6079702e-02   2.4984302e-01   1.2633052e-01   6.2140449e-02  -1.0130656e-01   3.2449891e-01  -3.5381888e-01   1.4292263e-01   6.3899630e-04   3.1041406e-01   1.6674999e-02  -3.6479780e-01  -1.1895798e-01   2.0731335e-02  -2.2481211e-02   2.6753196e-01   7.3550462e-01   4.1344333e-01   1.9095112e-01   9.7503768e-02   7.7723027e-02   6.3356510e-01   2.1632232e-01  -2.1521845e-01  -3.3537475e-02  -2.2902389e-02   4.6155288e-02   4.2625347e-01  -5.1910182e-03  -2.2840987e-01   1.8062076e-01   2.9040163e-01   1.4190393e-01  -3.2413877e-02   1.3202994e-01   1.1374739e-01   3.1350394e-01  -1.4001886e-01   3.8954336e-01   9.5411359e-02   2.1202669e-01  -1.8415273e-01   1.9746583e-01  -3.1652556e-01   1.6940255e-01  -4.9332842e-02  -7.3250338e-02   1.1981659e-01   1.6688368e-02  -1.0059892e-01   1.4263791e-01  -7.5611011e-02   5.7246964e-01   5.0159439e-02  -1.3657416e-01   1.2906991e-01   5.4062667e-02   1.6195751e-01  -2.2136225e-02  -2.9533450e-01   1.2249799e-02  -3.8643119e-02   4.7206660e-01   3.2407558e-01   2.3371968e-01   9.3361344e-02   1.2670309e-01   4.3920980e-02  -2.6767418e-01  -6.8599829e-02   3.2222548e-01   4.0027397e-01  -1.0318386e-01  -1.1304291e-01  -2.7013344e-01   1.0162593e-01   1.6034442e-01  -3.2410122e-01   4.8080811e-01   9.5300456e-03  -6.2073912e-02  -3.4385954e-02  -2.5915556e-01  -9.1652636e-02   6.0845901e-02   1.6844508e-01   1.4019384e-01   5.7491602e-01  -8.7660579e-02   2.1730678e-01  -8.8522000e-02  -5.8001343e-02  -3.5114009e-01   4.7272456e-01   1.9956253e-01   1.5982927e-01  -3.1777449e-01   1.5659559e-01   8.8314870e-02   4.8749899e-02   1.1694493e-01   3.0127284e-01   1.6202949e-02  -1.7051481e-02  -2.2970510e-01  -6.0536949e-02  -1.6545704e-01  -7.9254713e-03  -3.1406895e-01  -2.2630311e-02  -7.6898492e-02  -4.8725693e-02   2.2564232e-01  -4.2918351e-02   1.7295134e-01   5.4271645e-02   3.1560588e-01   9.9899472e-02  -2.0179177e-02  -2.7489495e-01   3.1452931e-01  -3.0248137e-01   3.4849505e-01   6.7288796e-01  -2.8419521e-01   1.7676290e-01  -1.8048557e-01  -6.2174603e-03  -3.6653729e-01  -2.3287471e-01   2.2077460e-02   2.1027479e-02  -6.1703064e-02  -3.8410851e-01   6.2916282e-02   6.8540594e-01
  -4.1196311e-01   3.3411257e-01   4.0350763e-01  -3.9642601e-01   2.2192044e-01  -4.8511674e-01   7.1666513e-01  -4.7517997e-02  -7.4756393e-02   0.0000000e+00  -5.3184787e-01   6.6536862e-01  -2.0455905e-02   1.4965670e-01  -1.9566638e-01   2.2239321e-01   2.8302642e-01  -4.8894950e-01  -3.4647056e-01   2.1537266e-01  -2.4620544e-01  -1.6206750e-01  -1.5045813e-01  -3.0509077e-01  -8.8522782e-02  -3.8873732e-01   1.0257846e-01   4.1165361e-01   2.7003095e-02   1.1365962e-02   7.1389038e-02  -4.4228675e-01   5.4108388e-02   6.9048803e-01   1.8699542e-01   1.1266732e-01   6.2867968e-01  -2.7496395e-01   8.9658177e-02   6.7845122e-01  -1.2340924e-01  -3.8764329e-02  -2.0181406e-01  -1.4043279e-01   1.3496748e-02  -3.5501604e-01  -5.0527551e-01   5.1866626e-01  -3.8176073e-02   4.9088418e-01  -3.9053113e-01  -2.1443056e-01   4.7926933e-01   4.4798228e-02   1.1921746e-01  -4.2021087e-01  -4.0177959e-01  -2.3936947e-01  -3.4742210e-01   1.3384021e-01  -5.3611495e-02  -3.0401927e-03  -4.4988964e-01  -2.0606613e-01   3.1853172e-01   7.0485715e-01  -1.5434807e-02  -1.5254878e-01  -4.5312724e-01  -3.8876411e-01   6.3382628e-01  -3.3260436e-01  -5.5443755e-02  -4.5667446e-01  -2.5243709e-01  -1.8368504e-01  -4.0490467e-01  -3.6228293e-02   3.7651537e-01  -2.4130094e-01   2.8038905e-01  -1.0384966e-01   1.0443654e-01  -3.9574073e-01   3.7982614e-02   2.6095278e-02   3.5757200e-01   1.7978851e-02  -2.6380965e-01  -4.9460750e-01   1.7189571e-01  -3.9285806e-02   6.9777997e-01  -7.9450435e-02  -3.8042782e-01   3.1999292e-01  -1.9369302e-01  -2.2380100e-01  -1.3428673e-01   6.8210556e-01  -1.5962903e-02  -2.7204968e-01  -1.9100535e-01   1.7110115e-01  -2.6023590e-01  -4.6670917e-02  -3.0693756e-02  -2.8855602e-01   4.2195464e-01   2.8764379e-01   5.1798908e-01  -4.2339999e-01  -5.0203849e-01  -4.2237386e-01  -2.4449371e-01   3.3455004e-01   2.7779585e-02  -3.7816208e-02  -8.9975846e-02  -3.2349207e-01  -3.8171354e-01   3.0398987e-01  -2.3236742e-01   2.0376141e-01  -3.8169207e-01  -4.3346133e-02  -1.1755826e-01  -1.6006248e-01  -1.5380129e-01  -9.5149747e-02   1.9519147e-01   3.2035485e-01   3.7663200e-01   5.5158625e-01  -5.7219112e-01  -2.4519403e-01   3.3440458e-02   2.8784305e-01  -2.1668187e-01  -3.6086595e-01  -1.4024811e-01  -4.0281557e-02  -3.5489018e-01  -4.1294410e-01   6.3965342e-01   1.1674723e-01   7.8550072e-01   1.7257954e-02  -1.4438424e-01   5.7399572e-01  -6.4682729e-01  -9.1826939e-04  -2.6097684e-01  -3.5182956e-01   5.2076807e-01  -5.0115166e-01  -4.0727131e-01  -2.9621148e-01   5.0487837e-02  -1.9517603e-02  -4.5046414e-02  -3.6362781e-01   4.7713701e-01  -2.0518288e-01  -1.2043931e-01   4.6549279e-01  -2.0711447e-01  -2.9988968e-01  -1.7288404e-01   4.7845528e-01   5.0865042e-01  -2.6110621e-01  -1.6260627e-01  -9.0713282e-02  -7.6023591e-02  -1.4010432e-01   1.8079535e-02
   2.1956786e-01  -4.8546576e-01  -5.0512442e-01   5.3246269e-01  -4.1765203e-01   4.0738415e-01  -4.5689661e-01  -5.8861586e-03   2.9626539e-01  -5.3184787e-01   0.0000000e+00  -5.4930194e-01  -2.8979081e-02  -3.0859221e-01   2.9973037e-01  -7.3841561e-02  -5.2941754e-01   5.0585798e-01   2.0128185e-01  -2.3906679e-01   4.1209313e-01   3.0605685e-01   4.3439940e-01   2.3957862e-01   4.0757786e-02   3.7029220e-01  -3.1742787e-01  -1.9372589e-01  -3.9954726e-02   1.4773161e-02   8.4947066e-02   5.2519454e-01   6.9711464e-02  -4.0663218e-01  -1.7605630e-01   4.1218182e-02  -3.8266249e-01   2.6329046e-01   1.6889151e-02  -6.3984325e-01   2.1610686e-01   6.1159826e-02   2.9381407e-01   3.2751697e-01   1.3888354e-01   3.1519827e-01   7.4788248e-01  -4.0466839e-01  -2.3533964e-02  -5.2692606e-01   5.9564648e-01   1.3386120e-01  -5.1631395e-01  -1.7719248e-01  -1.1188203e-01   4.9784170e-01   3.7613359e-01   3.9834313e-01   4.4245097e-01  -1.5271014e-01  -1.9757168e-01   1.6881256e-01   6.2459011e-01   5.5675747e-01  -1.3462503e-01  -3.8164094e-01  -2.3526881e-01   7.9157080e-02   5.9534485e-01   2.6428286e-01  -6.4744987e-01   3.8624238e-01   4.4046078e-03   2.5857368e-01   1.3324174e-01   3.8737848e-02   3.0130075e-01   3.6431075e-01  -4.6024674e-01   3.0552609e-01   6.9503566e-02   3.3158417e-02   1.3550849e-01   3.6005179e-01  -8.5482155e-02   4.2098732e-02  -2.7070075e-01   2.1976313e-02   2.2646703e-01   3.2647868e-01  -3.4530939e-01  -1.1772277e-02  -4.7112473e-01   2.7165449e-01   2.9963371e-01  -4.7927684e-01   1.9172227e-01   2.3271922e-01   1.9307694e-01  -2.5016997e-01  -6.9856419e-02   4.1383736e-01   2.4054820e-01  -1.0667246e-01   5.4172324e-01   1.5040258e-01  -5.1686563e-03   3.5381441e-01  -8.1131857e-02  -3.0832344e-01  -1.2829527e-01   3.4443097e-01   5.6471121e-01   3.3897137e-01   2.3088900e-01  -5.4132844e-01   3.3050692e-01   3.7732623e-02  -5.5670057e-02   4.7128799e-01   3.5617594e-01  -4.1385671e-01   2.5052451e-01  -3.2519755e-01   3.7155958e-01   1.0632445e-01   2.6914101e-01   1.0540878e-01   4.0600324e-01  -1.3484873e-01  -9.7739715e-02   1.0164137e-01  -5.4158168e-01  -1.7485569e-01   6.4887279e-01   1.9781142e-01   1.3869529e-02  -1.3808073e-01   1.9265758e-01   2.8579614e-01   1.1114888e-01  -1.3375544e-01   6.1652436e-01   3.0483093e-01  -2.4328735e-01  -3.7721071e-02  -4.8276557e-01  -1.1787178e-01   1.3011797e-01  -1.9504831e-01   5.0404364e-01   1.4318696e-01   2.4585881e-01   7.0234966e-01  -5.5713764e-01   3.6563982e-01   2.6719548e-01   3.9962951e-01  -1.5602763e-01   1.7556486e-01  -1.8379788e-02   6.4644103e-01  -2.4760978e-01   4.4835826e-01   2.5118662e-01  -4.8811186e-01   4.8046643e-01   2.4772533e-01   8.4751041e-02  -4.1023624e-01  -5.1322344e-01   3.1838405e-01  -2.6540649e-02  -3.7282481e-02   1.1091854e-01   1.8738927e-02   1.2932940e-01
  -1.8475412e-01   6.8551273e-01   5.6506326e-01  -2.6134505e-01   4.1891590e-01  -5.1214334e-01   4.9748900e-01   2.5956666e-03  -1.2135764e-02   6.6536862e-01  -5.4930194e-01   0.0000000e+00  -1.8902730e-01   3.3508871e-01  -2.0987489e-01  -7.4412856e-02   5.0997696e-01  -4.6533816e-01  -2.6460748e-01   3.5353225e-01  -4.2875423e-01  -1.7266702e-01  -5.4588363e-01  -2.4628344e-01  -9.4893035e-02  -3.4530923e-01   1.6149657e-01   2.1835319e-01  -1.5886747e-02   4.8215466e-02   4.4234929e-02  -2.8581396e-01  -1.9367132e-02   3.6938228e-01   2.9507320e-01  -1.4128761e-01   6.3657980e-01  -2.9604954e-01  -2.2679874e-02   7.8880851e-01  -2.5314713e-01  -5.6313809e-02  -2.0651802e-01  -2.1949828e-01  -1.6733811e-01  -4.4731942e-01  -5.5347030e-01   3.9424093e-01   3.1235602e-02   7.1845875e-01  -5.5600734e-01  -1.4082844e-01   5.0154008e-01   8.3532150e-02   1.0267257e-01  -3.6141019e-01  -4.4460546e-01  -2.5052260e-01  -3.4610692e-01   4.5350596e-01   1.6568146e-01   2.8199388e-02  -3.8719180e-01  -2.6899697e-01   1.4806870e-01   4.4877524e-01   8.8744209e-02   5.3501290e-02  -3.9670336e-01  -4.6730226e-01   6.8666427e-01  -3.5398593e-01  -3.5906756e-03  -1.4784013e-01  -2.7636575e-01  -3.0745976e-02  -3.3708391e-01  -1.2717620e-01   4.5786714e-01  -3.1872474e-01  -1.0783104e-01  -5.2324005e-02  -6.0736658e-03  -1.9760546e-01   7.4675615e-02  -2.2356334e-02   4.0925466e-01   6.6115576e-02  -3.0850098e-01  -3.3746133e-01   4.0856315e-01   7.9320206e-02   5.5087975e-01  -1.3618168e-01  -3.6312823e-01   3.6727005e-01  -1.5110785e-01  -2.4013746e-01  -7.0845737e-02   2.1904787e-01   1.3974740e-01  -2.6110238e-01  -1.2971206e-01   4.3527085e-01  -3.7836242e-01  -8.2086541e-02   6.9883241e-02  -1.0926370e-01   2.1777928e-01   2.1713611e-01   2.1898676e-01  -3.8641085e-01  -4.4251366e-01  -3.3775803e-01  -1.9063430e-01   4.7331785e-01  -5.4299474e-02  -1.5534461e-01   4.5734558e-02  -3.0209849e-01  -3.7122106e-01   5.3814145e-01  -2.7428077e-01   2.7326430e-01  -4.4795965e-01  -4.8873031e-02  -3.3334193e-01  -2.5247821e-01  -1.7117931e-01  -9.1666663e-02  -6.4816680e-02  -1.1553562e-02   7.7909383e-01   2.5035212e-01  -5.8158763e-01  -1.1045765e-01   4.1568083e-02   2.3498297e-01  -1.6885664e-01  -3.2754283e-01  -1.5742632e-01  -6.2649046e-02  -2.3894262e-01  -5.2909859e-01   4.5551877e-01   1.9949003e-02   6.4296810e-01   1.0485502e-01  -3.2133173e-01   2.5489296e-01  -4.9192135e-01   2.6483862e-02  -6.7039014e-02  -5.0459364e-01   7.1111942e-01  -3.9972605e-01  -3.4706089e-01  -4.3084566e-01   2.6635885e-01  -1.7663471e-01   8.9456253e-02  -3.6041771e-01   3.8412003e-01  -2.3120385e-01  -7.4368821e-03   3.0389071e-01  -4.0762398e-01  -1.0774676e-01  -1.4744288e-02   3.1550960e-01   6.5786557e-01  -2.9667696e-01  -2.6655768e-02  -1.1057786e-01  -1.6267302e-01  -1.1510977e-01   6.2581408e-02
  -1.7612352e-01  -2.9788190e-01  -7.1377498e-02   2.3736724e-01  -1.7781859e-01   2.1683282e-01   3.8284638e-03  -1.5864611e-01   2.0036247e-01  -2.0455905e-02  -2.8979081e-02  -1.8902730e-01   0.0000000e+00  -2.8242503e-01  -1.6137863e-01   5.0430834e-01  -1.1745588e-01   1.0058863e-01  -2.8563060e-02  -3.1768486e-02   1.6923589e-01  -2.9547514e-02   1.4457955e-01  -1.7960282e-01  -1.3454353e-01  -7.0106244e-02  -4.8798182e-02  -1.1673933e-01  -2.2211449e-01  -2.7801103e-01  -2.2872853e-01  -1.2130351e-01   3.5554554e-01  -2.9877568e-02  -2.6834681e-02   1.9235327e-01  -2.5743715e-01  -6.5904899e-02   5.2623284e-01  -8.0128077e-02   5.7762389e-01   1.5673880e-01   1.3158511e-01   9.7493770e-02  -1.6438451e-02   1.9950781e-01   1.0632966e-01  -1.1633195e-01   1.1611576e-02  -1.6014587e-01   1.9213287e-01  -7.8564226e-02  -1.2734033e-01  -9.7709739e-02   1.3340603e-01  -1.6275070e-01   4.6560939e-02   8.8669000e-02   1.9030743e-01  -5.1423125e-02   1.3274443e-01  -1.2254558e-01   1.3046142e-01  -3.9702686e-02  -1.7872880e-01  -1.4396917e-02   1.9806171e-01  -1.5373593e-01   2.2214943e-02   1.8611894e-01  -1.8647708e-01   2.1193491e-01   4.7690409e-01  -1.3520825e-01  -5.6628716e-02  -2.3600282e-01   2.5729296e-01  -5.5282520e-02  -1.5515714e-01   3.8421458e-01   6.9924405e-02   5.3935550e-01   8.2189859e-02  -2.2605154e-01  -4.2000879e-02  -1.3519475e-01  -2.0413398e-01  -3.5116708e-01   1.4936930e-01  -1.4315367e-01  -2.4777576e-01  -2.6994896e-02   5.9542239e-02   4.5679457e-01   2.4233833e-01  -9.5328164e-03   1.4480019e-01   3.0321559e-02   1.1570082e-01   1.0755632e-01  -2.1918582e-01  -8.4073786e-02  -1.8690867e-01  -1.7204175e-01  -1.8375340e-02  -9.9942308e-02   1.0813928e-01  -6.6691573e-02   4.7725701e-02   1.2619512e-01   9.1922430e-02  -3.6542896e-03   3.5688802e-01  -3.9595860e-02  -1.3440766e-01  -2.1990550e-01  -2.3075000e-02   7.0873990e-01  -1.7675112e-01   3.1028662e-01   1.7171312e-01  -2.0247911e-01  -1.1357831e-01  -1.8237768e-01   1.4112781e-01  -2.4856572e-01   1.2096145e-02   2.4520264e-01   1.0211614e-01   1.2414356e-01   7.0441554e-01   6.2565459e-02  -2.4358197e-01  -8.1547007e-02   2.5026002e-01  -1.7490142e-01   1.2852523e-02  -2.0142737e-01  -2.5880149e-01   5.9752606e-02  -4.3062258e-02   6.8471720e-01  -2.2677805e-02   1.2494225e-01  -5.9136250e-02  -2.2255725e-01   2.6117413e-03  -2.2659527e-02   6.3776539e-02  -1.9660769e-02  -3.2628976e-02  -2.5009430e-01  -1.4112592e-01   2.5759134e-01  -9.4390514e-02   5.5846147e-02   1.9619757e-01   3.7058327e-01  -2.8744761e-02  -2.8229798e-01  -3.4251134e-01  -5.5388019e-02  -2.1583513e-01   1.7990411e-01   2.6182274e-02  -4.2653944e-03   2.1007285e-01  -1.8011274e-01   6.9698197e-03   1.8342452e-03  -3.2352360e-01   1.0324212e-01   2.1723953e-01   1.3125729e-01  -1.5333761e-01   1.0975028e-01   2.7442944e-02
   1.4329728e-01   4.1590016e-01   1.3139000e-01  -1.6363635e-01   1.5112161e-01  -4.4042652e-01   1.0903182e-01   1.6911719e-01  -4.2871658e-02   1.4965670e-01  -3.0859221e-01   3.3508871e-01  -2.8242503e-01   0.0000000e+00   9.0639714e-02  -2.1909153e-01   1.8572738e-01  -1.1793740e-01  -1.9078269e-01  -1.2549766e-02  -4.3200780e-01  -2.0395983e-02  -4.0118210e-01   1.6581535e-01  -1.0872172e-01   1.4666826e-01   7.5823227e-02   1.6762962e-01   7.0475875e-02   4.1749863e-02   2.1699862e-01  -2.2858022e-02   7.8050952e-02  -4.1226924e-02   2.0413024e-01  -3.9730980e-01   2.1675457e-01  -4.1060749e-01  -8.2753637e-02   1.8980486e-01  -3.1540724e-01  -3.7033345e-02  -9.0038672e-02  -3.1259058e-02   1.3819960e-02  -4.4638765e-01  -4.5530155e-01   1.3868545e-01   7.8583143e-02   3.7993425e-01  -3.7437892e-01   2.2267307e-01   3.1151277e-01   2.0598322e-01   2.4591672e-01  -6.6371859e-02  -2.0440416e-01  -1.2027696e-01  -1.9166957e-01   2.2200527e-01  -9.9373373e-02  -2.2363264e-02  -1.5077276e-01  -1.0547717e-01   1.1403908e-01  -8.3894562e-02  -4.9473034e-02   1.2722724e-01  -1.7167994e-01  -4.1527893e-01   3.6243394e-01  -3.1187518e-01  -1.6816738e-01   4.6341236e-02  -1.7236365e-01   2.4028695e-01  -4.8578603e-01  -1.1830906e-01   1.4589651e-01  -1.3747624e-01  -5.3024145e-02  -2.0795150e-01  -9.7412473e-02   1.0892055e-01  -1.8607613e-02   1.6975174e-01   4.0057715e-01   1.6694734e-01  -3.4461370e-03   1.2325068e-01   2.8862687e-01  -2.3674654e-02   3.3533234e-03  -5.4857381e-02  -4.8232987e-01   6.1919677e-02  -2.8211238e-01  -1.5797859e-01  -9.6723679e-02  -7.0460819e-02   2.7245820e-01   3.5725197e-02   2.6465533e-01   4.1429058e-01  -2.1741521e-01  -1.5362471e-02   8.0247245e-02   1.8766438e-01  -4.7345730e-03  -1.7834375e-01  -8.0979191e-02  -2.2631206e-01  -2.3693284e-01  -1.9077106e-01   5.5870153e-02   3.0354284e-01   7.3345318e-02  -3.1146842e-01   1.1152319e-01  -1.7989525e-01  -4.1477302e-01   2.8257019e-01  -2.6248729e-01   2.4937500e-01  -3.6743483e-01   4.6707830e-01  -1.7319236e-01  -1.1294938e-01  -1.8057854e-01  -2.3142443e-01  -3.0351302e-01  -2.3744855e-01   4.1006480e-01  -8.6615833e-02  -3.4186035e-01   1.3168451e-01   1.1577005e-01   2.2581521e-01   2.3115933e-01  -5.4768706e-02   3.8155634e-01  -1.0024389e-01  -8.7828159e-02  -3.7296678e-01   1.2807973e-01   2.7181518e-01   1.2375399e-01  -6.4160965e-02  -3.4942104e-01  -4.2600228e-02  -1.7914489e-01   2.6906291e-01  -1.8824568e-01  -3.1700077e-01   1.9480325e-01  -4.7941493e-02  -4.2904974e-01  -2.9000477e-01   1.1968631e-01   2.4230098e-01   4.4411485e-02   7.5818209e-03   4.1788589e-02  -1.7921291e-01   9.2554130e-02   1.1553557e-01  -3.2870321e-01   2.3341078e-01  -1.8123065e-01   4.5201065e-02   2.9915297e-01  -4.6653575e-01   1.4327620e-01  -2.0459666e-01  -9.8811248e-02   9.4785408e-02   8.1784548e-02
