   0.0000000e+00  -1.3937585e-01   1.3160070e-01  -1.1251131e-01   1.2792009e-01   2.4335325e-01   3.1799718e-02  -1.3300760e-02   1.5748014e-01   2.0004935e-01  -1.3830750e-01   4.5025916e-02   1.3370488e-01  -1.7038950e-01   8.0564753e-02   6.6165887e-02   3.4495560e-01  -1.4798927e-01  -2.3225995e-01   2.0993863e-01  -1.9433758e-01  -1.6788329e-01   4.1120524e-02   5.9636258e-01  -1.4525216e-01  -1.0509583e-01  -4.5112300e-02   5.7997391e-02  -7.5575127e-02  -1.4948690e-01  -2.8712712e-01  -2.3858362e-01   8.6965129e-02  -1.0475813e-01   7.1813099e-02  -6.4934693e-02   1.0297563e-01   5.6039913e-01   5.4348407e-02   5.2940930e-02   1.5750400e-03   2.0045518e-01   1.5905943e-01  -1.6196621e-01   2.0219917e-01   5.7495295e-01  -3.2591842e-01  -8.3498817e-03   6.7793476e-02   1.4058969e-01  -1.2610732e-01  -6.6580029e-03  -1.9708391e-01   1.8807550e-01  -1.1875153e-01  -3.0922527e-01  -2.0805727e-01  -3.5971343e-02  -8.9665250e-02   2.3983600e-03   4.1891613e-01   2.5178937e-01   7.4540807e-02  -3.3199636e-02   5.0948831e-02   5.3772162e-02  -1.0916462e-01   1.3854726e-01  -4.3292134e-01   2.8275754e-01  -2.0887205e-02  -1.5157294e-01   1.9979009e-01  -1.2301231e-01   1.3110772e-01  -3.6920080e-02   4.3742007e-01  -2.4425837e-01   6.0137248e-02  -1.1437394e-01   7.2103397e-03   1.8990978e-01  -2.4441577e-01  -6.0926551e-02   3.9895005e-01  -1.3576896e-01  -1.0154077e-01   1.9521954e-01   2.2195237e-01   6.9308148e-01   1.9496401e-01   3.7606770e-01  -5.4171182e-02   7.8673931e-02   6.1559627e-01   2.3030939e-01   8.2137648e-02  -9.7742306e-02   8.6227747e-02   1.5953583e-01   2.5359997e-01   3.6522777e-01  -4.1971828e-01  -1.6281824e-01  -3.8391443e-01  -9.8028915e-02   8.6412848e-02  -1.9930433e-01   2.3998885e-01  -1.4279916e-01  -2.2189094e-02  -3.7883672e-01   1.0523729e-02   7.8055407e-01   2.2611028e-01   9.1267442e-02  -2.3458134e-01   1.9733274e-01  -2.1802810e-01  -7.0860850e-02   4.7649202e-01   2.3467201e-01   1.0801438e-01   4.8187416e-02   6.4518434e-01  -3.0057442e-01  -2.3523411e-01   1.3679330e-01  -1.6341380e-02   3.2969804e-01   2.1131609e-01  -1.1234038e-01  -1.9896438e-01  -2.7779435e-01  -3.2914213e-02  -9.0643989e-02  -8.9186980e-02  -1.9088760e-01  -4.0805260e-02   7.0434185e-01   4.9399149e-01   1.8334068e-01  -2.6652687e-01  -7.6980357e-02  -4.1175858e-02  -3.6424435e-01   1.9727570e-01  -4.6010595e-02  -1.1423621e-01   2.0865853e-02   3.5259960e-01  -2.8556139e-01   2.9128746e-01  -7.2393053e-03   7.2422893e-02   6.0787698e-01   5.8111548e-01   4.6288788e-02   3.8758386e-01  -2.2099222e-01   2.2481040e-01  -2.4656375e-01  -1.2168487e-01  -3.1542469e-01  -2.1725743e-01   4.1379872e-02   8.9376893e-02  -2.4232465e-01   3.5568000e-01  -1.3792993e-01  -7.4716532e-02   2.9068014e-01   9.7762659e-02  -3.2413966e-01  -2.8313953e-01   1.3222642e-01  -1.6577632e-01
  -1.3937585e-01   0.0000000e+00   4.0396330e-01   1.5761220e-01   4.8783843e-01   1.2444649e-01  -9.3065684e-02  -1.1584974e-01   4.8703993e-01  -1.1246793e-01  -1.2963626e-01   6.5304162e-01   4.2251392e-02  -6.8800694e-02   2.5062461e-01   1.9744365e-01   3.0788928e-01   2.2163045e-01  -1.3256501e-01   2.3125753e-01  -3.1366560e-01  -2.0176493e-01  -3.1343814e-01  -2.8026129e-01   1.0418921e-01   1.4860268e-01   4.2714303e-01  -9.2118814e-02   2.5822915e-01   3.7072151e-01   1.7023521e-01  -5.7846840e-02   8.0640719e-02  -2.6199869e-01   4.4263480e-01   1.7730231e-03  -2.0037623e-01  -1.4797569e-01   3.2138250e-01   3.6297734e-01   2.0530488e-01   4.2231263e-02   2.8167449e-01  -9.1296909e-02   9.6459247e-02  -1.3774669e-01  -9.0382076e-02   5.7438533e-01   4.3253153e-02   3.6032596e-01  -1.7746837e-01  -9.5206942e-02   1.0768022e-01   1.9470784e-01   1.0777321e-01   9.9686765e-02  -1.3722603e-01  -2.3935667e-01  -4.6092490e-02   1.1488417e-01   5.8685795e-03   2.6451045e-01   4.9846335e-01   1.4730624e-01   4.0602422e-01  -1.6247390e-01   3.2358263e-01   3.6117849e-01   6.4964252e-03   6.9508508e-02   4.7691351e-01  -2.4587081e-01   1.0638888e-01   5.2939496e-02   5.4442611e-02  -2.0187701e-01  -9.5452462e-03   1.3552767e-01   6.1470360e-01   1.0743721e-01  -1.4712327e-01   1.2564834e-01  -8.4062885e-02  -8.5076951e-02  -4.6370526e-02  -8.5348123e-02   1.8987861e-01   1.5695434e-01   1.4075145e-01  -1.6115758e-01   4.6911334e-01   6.6741975e-02  -2.9436918e-02   3.7482627e-01  -1.6995672e-01   4.6523020e-01   1.2280552e-01   1.4449489e-01   2.7604085e-01  -1.9689326e-01  -1.0314540e-01   1.4087487e-01  -1.1557591e-01   2.6637723e-01  -1.4090920e-01  -4.8105864e-03   1.7135594e-01   1.8617783e-01  -1.0387251e-01  -1.4379974e-01  -7.4326657e-02   1.6740725e-02   1.9381265e-02  -1.1178389e-01  -2.1837987e-01   4.5004202e-01   7.6635838e-02   2.3308137e-01   4.7464116e-02  -1.4592240e-01  -1.6641173e-01   5.1152101e-01   2.9228048e-01   5.6301213e-01  -9.3036501e-02   9.2157487e-02   1.8372494e-01   1.9170184e-01  -2.8736410e-01   2.2577838e-01   1.7108058e-01   5.0854630e-02   3.4561561e-02   5.8520844e-03  -5.8200739e-02  -2.2923709e-01   1.0694766e-01   1.0823646e-02  -5.8906448e-04  -2.0467622e-01   9.0733769e-02   3.2281533e-01  -9.0229672e-02   1.3006196e-01  -6.8511315e-02  -1.4281627e-01   1.9724163e-01   2.8009768e-02  -1.3339797e-01   5.0228731e-02  -9.9824595e-02  -1.0199002e-01   1.2481193e-01   2.2587577e-01   6.2132575e-01  -3.0004367e-01  -1.4525387e-01   1.7905759e-01   1.4701036e-01   8.3586434e-03   5.4821462e-02  -1.2648092e-01   2.0099369e-01  -1.0558535e-01   1.4775672e-01   2.0057832e-01   1.0643171e-01  -1.8586610e-01  -7.4380990e-02   3.0375801e-01   3.6367371e-01  -2.9751562e-01   1.5325904e-01   5.7964084e-01   1.1405830e-01   1.0283530e-01  -1.2761453e-02
   1.3160070e-01   4.0396330e-01   0.0000000e+00   1.1385074e-01   4.5303885e-01   3.3143932e-01  -1.0507391e-01  -2.0818641e-01   1.7902360e-01  -9.5322780e-03  -8.3973678e-02   5.2455281e-01   4.7055234e-02  -2.4660806e-01   1.9582673e-01   1.9649900e-01   8.0796403e-01   1.2690965e-01  -9.5422129e-02   4.8829961e-01  -4.3475343e-01  -1.2391836e-01  -2.0319734e-01   2.4539884e-02  -4.9404076e-02   1.8726510e-01   4.1833905e-01   6.5050207e-02   2.2351976e-01   2.7717827e-01   5.5539347e-02   6.7523108e-02   1.9882867e-01  -2.2391242e-01   1.8952785e-01   1.1893484e-01  -1.9975621e-01   1.2624175e-01   1.6851945e-01   4.0193455e-01   1.2339695e-01   2.7403611e-01   2.4561844e-01  -1.7970787e-01   5.5377998e-02   2.8831558e-01  -8.7955506e-02   1.0032667e-01  -2.1944493e-02   5.0115924e-01  -9.7208334e-02  -1.7047951e-01  -2.8790096e-01   2.0685835e-01   9.5675990e-02   7.1493327e-02   7.2273815e-02  -1.3610953e-01   4.9785058e-02   2.1238670e-02   5.6532315e-01   2.4247984e-01   3.6534733e-01  -6.4527296e-02  -1.0259896e-01   1.8881887e-01   1.8651729e-01   1.1965906e-01  -7.0873605e-02   6.9426543e-01   6.7246716e-02  -1.9778169e-01  -5.2118766e-02   2.4791597e-01   8.4370169e-02  -2.1444727e-01   4.8634968e-01   9.9751745e-02   2.8976592e-01  -3.6444310e-02  -7.4827277e-02  -3.7948364e-02  -4.0472156e-01   5.8624635e-03   2.4524181e-01  -2.1436680e-01  -2.8648959e-01   2.6379381e-01  -2.7530593e-03   1.1451056e-01   2.5438200e-01   6.3421425e-01   1.3069966e-01   1.3597417e-01   3.3302166e-01   5.1868372e-01   1.0965915e-01   8.8633976e-02   9.8384988e-02  -2.3519491e-01   9.6763275e-02   2.8756422e-01  -1.7665105e-01  -1.7886722e-01  -2.8592543e-01  -8.8482879e-03   2.0736023e-01   1.1019696e-01  -1.1010768e-01  -6.7798812e-02   1.4409410e-02   3.8326109e-02   1.2900937e-01   1.0719437e-01   1.2968760e-01   2.6925321e-02   6.8843531e-02   5.3728374e-02   1.5324728e-01   8.4789892e-03   2.7212902e-01   4.8771763e-01   4.5972553e-01   2.4070559e-01   2.3454981e-01  -8.8388899e-02  -4.6329599e-02   1.7630242e-01  -1.7377134e-01   6.5749477e-01   1.1763130e-01  -3.9075941e-01   3.2535967e-02  -1.6859251e-01   1.9726089e-02  -2.2731364e-01   8.7295121e-02  -2.8347076e-01  -1.8432145e-01   8.4277163e-04   4.0053962e-01   2.5581769e-01  -1.3911216e-01   5.4209903e-01  -1.4902486e-01  -4.8969843e-01   2.2371470e-01   7.2604185e-02   1.0615303e-01  -2.7510608e-01   2.2589193e-01  -4.0767767e-01   4.8590752e-01   4.7905361e-02   5.1457612e-01  -1.7704490e-02   3.1959148e-01   1.9205024e-01   6.0272315e-01  -4.6968685e-02   5.6280293e-02   1.3372778e-02  -6.0694399e-02  -1.2720222e-01  -2.9028424e-02   8.8968659e-02  -1.3619984e-01  -2.7066192e-01   3.5297351e-01  -1.1671003e-01   2.1002316e-01   1.3349528e-01   3.4318190e-02   4.4935690e-01   3.7267974e-03   1.1119096e-01   9.6964211e-02
  -1.1251131e-01   1.5761220e-01   1.1385074e-01   0.0000000e+00  -6.2067651e-02   1.0838156e-01   1.1760050e-01  -6.3144532e-02   5.2624748e-02  -2.3345334e-01   3.0286080e-01   5.2069950e-02   3.6205514e-03   3.3037635e-01   1.0137741e-01   2.5490156e-01   5.6527009e-02   2.3218300e-01   1.6531988e-01  -2.2147587e-01   2.2597878e-02   3.5990156e-01  -6.6916065e-02  -9.4976724e-02   3.2447688e-01   1.6901869e-01   7.4927550e-02   2.8469879e-01  -8.8742220e-02   3.3463674e-01   2.0035017e-01   2.5715227e-01  -7.7108312e-02  -1.8277617e-01  -7.5038802e-02  -3.6427224e-03  -3.5152104e-01  -1.2889074e-01   2.6104365e-01  -3.5224028e-02   2.9111965e-01   4.0682757e-02   2.3746960e-01   1.3009751e-01   6.3309706e-02  -2.4964816e-02   2.8723855e-01   1.4113332e-02   1.3498598e-01  -2.7953062e-01   2.6640573e-01   8.9676152e-02  -1.7959807e-01   1.1014098e-01   4.6452500e-01   3.4411006e-01   2.2466674e-01   4.1682646e-01   8.0294363e-02   2.8656370e-01  -2.4342972e-02   5.3666738e-02   2.7242380e-01   1.5753372e-01  -2.5869136e-01  -4.6258543e-02   4.1528764e-01   1.0054727e-01   3.7624131e-01   1.1243614e-01  -1.2049011e-01   5.4743347e-01   1.0005394e-01   2.1356583e-01   1.3799590e-01   2.9207602e-01   3.0702014e-02  -1.9021656e-02  -2.0263653e-01   1.8400663e-01   3.4954043e-01   2.9673203e-02  -8.0067884e-02   2.1688072e-01   5.0124845e-02   2.1115054e-01  -9.8193702e-02   3.6449044e-01   6.6659147e-02  -1.9655485e-01  -1.5193857e-01   3.1582352e-02  -1.2479028e-01   2.5487316e-01  -1.4335880e-01  -9.2333883e-02   3.8682651e-01   1.0829455e-01   1.1307583e-01  -9.5989645e-02   1.9821471e-01   7.1544510e-02   4.8155819e-01   3.0438423e-01   2.7217626e-01   6.3913607e-01   2.0831509e-01   2.3846308e-01  -1.0990776e-01   4.6202136e-02  -1.3381101e-01   3.3053133e-01   5.8947562e-01  -2.8036241e-01   9.0931294e-02  -2.2455851e-01   2.3767127e-01   5.5569391e-02   3.3377698e-01   6.4055436e-01   1.0435226e-01  -9.3656250e-02   2.0193239e-01   1.2108771e-02  -1.4530536e-01   3.8404075e-01   1.4618677e-01   2.4569916e-01   3.2417751e-01   4.6366234e-02  -3.5286792e-02  -9.2951745e-02   3.8448452e-01   9.6913184e-04   4.1137403e-01   3.5714957e-01   3.5274518e-01   2.2520459e-01   3.7706277e-01  -1.9139002e-01   1.9910527e-01  -2.6813286e-03   3.3731003e-01   8.8913075e-02  -6.0159499e-02   1.6276491e-01  -1.7573835e-01   3.9896174e-02  -7.7571307e-02  -1.9375971e-02   1.5771537e-01   3.3094633e-01   2.1863635e-01  -5.0453108e-02  -8.8129515e-02  -1.9035090e-01  -6.2887632e-02   4.6394470e-01  -1.2658314e-01   4.7682085e-01   3.3735936e-01   3.1289646e-01   2.6524853e-02   4.0579998e-01   8.8205249e-02  -3.1319688e-01   2.1374878e-02   3.6142422e-01   5.3640216e-02  -2.4741406e-02  -2.3562407e-01  -6.5919737e-02   4.0374393e-01   1.9115287e-01   3.7307473e-01   5.3658206e-02   4.5142011e-01
   1.2792009e-01   4.8783843e-01   4.5303885e-01  -6.2067651e-02   0.0000000e+00   1.2626285e-01  -1.6644303e-01   2.9182157e-02   4.1376355e-01  -6.8097974e-02  -6.7863231e-02   3.6116806e-01   2.1648646e-01  -4.0203918e-01  -5.2486275e-03  -6.6340871e-03   4.8741869e-01   2.1174269e-01  -2.7329404e-01   7.5355312e-01  -4.0325548e-01  -3.0657371e-01  -3.0439801e-01   9.9538910e-02   3.0266938e-03   1.0681557e-01   3.9692372e-01  -1.4932769e-01   3.8951214e-01   2.1229536e-01  -1.9950959e-01  -1.2473074e-01   9.4226063e-02  -3.7338828e-01   3.4647422e-01   4.0281044e-01  -5.6964876e-03   1.4950499e-01   3.7834873e-02   1.4683221e-01   2.6595281e-01   1.8727950e-01   8.5116801e-02  -1.4356034e-02   3.2383443e-02   1.4309610e-01  -8.5136841e-02   4.6103791e-01   9.2274715e-02   3.8112662e-01  -2.5429167e-01   2.3613414e-02  -1.5913430e-01   2.4701407e-01  -2.1198118e-01  -7.3246691e-02  -2.0078675e-01  -2.4334529e-01  -9.8621289e-02  -2.2124233e-01   3.8607385e-01   5.8912867e-01   4.2948611e-01   1.8942942e-01   2.4378520e-01   2.1027084e-01   1.2732734e-01   2.7860796e-01  -1.9461524e-01   1.7423600e-01   3.0967924e-01  -3.2388789e-01  -6.1246022e-02  -1.2381967e-01  -7.3247857e-02  -2.0540320e-01   3.1112903e-01   1.6276366e-01   7.8763237e-01  -2.9551258e-02  -1.8763146e-01  -1.1384665e-01  -2.1126768e-01   5.2700262e-02  -4.8703957e-02  -1.5886295e-01  -1.8445687e-01   2.5252195e-02   1.5220784e-01   1.2178577e-01   7.1488048e-01   3.6203641e-01  -2.4968766e-02   1.6194764e-01   2.1198980e-01   7.4005736e-01   7.3437636e-02   7.1145193e-02   4.4991719e-01  -3.0661351e-01  -2.1968043e-01   7.8289439e-02  -3.4049913e-01  -2.5690074e-01  -3.9020409e-01  -2.1222725e-02   3.9014423e-02   6.2455089e-02  -1.5808663e-01   1.1245835e-01  -4.9811702e-02  -2.1350562e-01   5.6857272e-02   1.0197884e-01  -2.8349079e-01   4.8823939e-01  -1.3957337e-01   7.1151999e-02  -8.6777689e-02  -1.3534965e-01   1.3701524e-01   8.5321748e-01   2.5271770e-01   4.8447945e-01   2.3559006e-01  -3.0465350e-01  -6.1898946e-02   2.4666666e-01  -2.6261176e-01   3.6004222e-01  -2.9126873e-03  -3.1568854e-02  -2.3326889e-01  -2.5274893e-01  -1.1944217e-01  -1.6181679e-01   5.8149436e-02  -3.0088287e-01  -4.8065268e-02   1.8321656e-01   3.8916562e-01   2.9211662e-01  -2.4703040e-01   3.1441111e-02  -3.6695336e-01  -3.6963620e-01   2.2136190e-01   3.8589198e-01   8.9850246e-02  -1.8750628e-01  -2.0464029e-02  -3.4469736e-01   2.6604114e-01   4.1512149e-01   5.3524493e-01   1.6162377e-01   2.7597516e-01  -7.4859962e-02   4.1915492e-01  -1.9691474e-01   1.0844183e-01  -1.5282082e-01   3.4140026e-01  -2.6127622e-01  -3.2434440e-02   2.5177613e-01   1.4572018e-01  -3.5226884e-01   1.7553820e-01   1.8296771e-01   5.8362334e-01   2.9531208e-02   2.7552808e-01   3.1717752e-01  -1.5906096e-01   2.1078349e-01  -1.0524757e-01
   2.4335325e-01   1.2444649e-01   3.3143932e-01   1.0838156e-01   1.2626285e-01   0.0000000e+00   5.0723989e-01  -3.7068986e-02  -8.2634131e-02   4.0276739e-02   7.9642049e-02   4.6365049e-01   2.3489006e-01  -2.4071335e-01   2.8552946e-01   5.0213140e-02   1.8634618e-01  -3.1681692e-02   2.4173657e-01   3.2520563e-01  -3.6655562e-01  -9.5734526e-02   3.3763146e-02   6.0561977e-02  -2.0311603e-02   3.1384200e-01   2.9120399e-01   1.6141423e-02  -1.7620729e-02   1.1319993e-01  -2.7965501e-01  -8.2907643e-02  -2.8370140e-01  -1.2547371e-02   3.1893548e-02   1.1827624e-01   1.1859095e-01   1.6189478e-01   5.5213896e-02   2.2544612e-01   2.3052015e-01  -5.5987212e-02   3.0978150e-01  -1.4229808e-01   3.4443093e-01   1.1442710e-01  -1.0692855e-01   1.2075742e-01   3.1200703e-05   1.0863561e-01  -3.4522098e-02   1.1130825e-01  -3.9704059e-01   3.8274678e-01  -1.1408006e-01  -8.5113414e-02   2.9825640e-01  -1.9844995e-02  -2.6579700e-02   1.7317673e-01   1.3452053e-01   3.0748420e-01   9.4723883e-02   1.5154898e-01  -1.6017874e-01   2.9443705e-01   4.6509252e-01   8.1143443e-02  -7.0147777e-02   4.8731232e-01  -9.6082841e-02   5.3199795e-02   2.2875478e-01  -5.0033577e-02   1.5547259e-01  -9.0373406e-02   1.4230301e-01  -3.4164878e-02  -3.2625046e-02  -9.0117047e-03   2.9595448e-02   1.8992048e-01  -3.5125364e-01   7.7418122e-02   6.5281902e-02  -1.2711590e-01  -3.4037325e-01   1.2477090e-01   8.0750117e-04   1.0855021e-01  -8.1858297e-02   1.9767707e-01   3.0367220e-01   1.3378220e-01   5.1582337e-02   3.0760254e-01   3.2171841e-01   1.4307272e-01   5.7421723e-02   5.7736176e-02  -2.8170522e-03   4.9431996e-01  -1.1337524e-01   5.6155649e-02  -1.1494990e-01  -9.4524620e-02   1.3250407e-02   1.9787132e-01   7.7550030e-02   2.6944754e-02   1.0533244e-01  -1.3993852e-01   1.7348169e-01   2.1184225e-01   2.2718599e-01  -1.1828228e-01   1.3644850e-02   1.6705730e-01   7.5166805e-02   1.0925936e-01   2.3418582e-01   2.9132717e-01   1.4667151e-01  -2.6153376e-02   1.3658804e-01  -1.7060406e-01   1.6005168e-01   1.2184578e-01  -1.1698592e-01   2.9131631e-01   1.6926083e-01  -8.1940119e-02  -6.2104679e-02  -4.0999570e-01   2.2245290e-01  -2.7433759e-02   2.0511866e-02  -1.7186796e-01   6.9665893e-02   9.8554174e-02   1.4300912e-01   1.7628903e-01   6.2728884e-02   4.0346616e-01   3.5572959e-02  -3.7159874e-01   3.6616593e-01   1.3182218e-01   2.0621263e-01  -2.2506196e-01   1.3949630e-01  -1.2377938e-01   2.3431274e-01   1.4763079e-01   2.9763944e-01   8.4149218e-02   1.7687591e-01   3.1738599e-01   9.4121668e-02  -1.3186246e-02   3.7463650e-01   1.1612771e-01  -1.5333378e-01  -8.3457419e-02  -2.1432801e-01   1.2552202e-01   3.8654500e-01  -1.3284299e-01   8.2348393e-02  -7.9530445e-02   1.9805887e-01   7.1610028e-02   1.4098258e-01   2.7407376e-01  -1.0455603e-01   2.7492830e-01  -8.8313199e-02
   3.1799718e-02  -9.3065684e-02  -1.0507391e-01   1.1760050e-01  -1.6644303e-01   5.0723989e-01   0.0000000e+00   1.0884730e-01  -1.6083901e-01   3.0610321e-01   1.1810614e-01   2.9952018e-01   2.3302172e-01   1.5736231e-01   3.8439285e-01   2.0608106e-01  -2.6056955e-01   1.2081907e-01   1.4632119e-01   6.6182689e-02   2.0245162e-01  -1.9894608e-03   5.9265225e-01  -2.2673602e-01  -9.2823948e-02   2.2228150e-01   1.6646374e-01   6.2306807e-02  -1.4844742e-01  -1.0618426e-01  -1.4044215e-01   7.0020894e-02  -3.4447099e-01   4.9550256e-01   1.0923585e-01   1.2749850e-01   2.4247965e-02  -1.2426490e-02   1.9265917e-01  -5.4360012e-02   2.4039741e-01  -1.2112241e-01   5.6754607e-03   4.1765709e-02   3.4164026e-01  -1.7449538e-01  -1.5636026e-02   1.9472073e-01   5.9853309e-02  -2.7713475e-01   2.7258384e-01   1.8924428e-01   5.5196586e-04   1.5682384e-01   1.1811271e-01  -3.4284800e-02   5.7303907e-02   1.3757789e-01  -6.7646396e-02   4.4342827e-02  -2.6529677e-01   1.2749974e-01  -1.9375553e-01   4.4609848e-02  -1.4244169e-01   3.0787987e-01   2.5346683e-01  -1.0058936e-01   6.2029438e-02   1.8973504e-02  -1.3337346e-01   3.2640596e-01   3.0165642e-01  -1.4841180e-01   1.2850802e-01   2.0605023e-01  -2.2500001e-01  -1.8626419e-01  -2.5355608e-01   5.8612884e-02   2.9441515e-01   3.8196104e-01   1.5297337e-01   1.1171290e-01  -2.3773338e-01   2.1191646e-01  -1.3182875e-01   1.6611382e-01  -9.9674472e-02  -2.5807465e-01  -2.9970950e-01  -2.5414555e-01   3.3546104e-01   7.8424513e-03  -2.1076212e-01  -1.0876012e-01   2.8636888e-01  -4.2871102e-02  -1.0484809e-01   3.6760059e-01  -6.1809501e-02   2.3497462e-01   2.2623728e-01   8.3454926e-02   2.9096813e-01  -3.7367111e-02  -1.2787989e-01   1.3052465e-01   1.6444889e-01   1.3153341e-01   3.8505838e-01  -5.7343618e-02   2.4570701e-02   6.2525985e-03   3.4381784e-01  -2.0241553e-01  -2.4746810e-02   2.6117426e-01   2.4902992e-01   1.3685048e-01  -1.0054011e-01  -1.4914830e-01  -1.0593585e-01  -1.7589606e-01  -2.2522815e-01   2.1850123e-01   3.1799242e-01  -6.0709665e-02  -3.2597767e-02  -1.6346251e-01   2.8253893e-01   2.8715750e-01   7.8327300e-02  -7.1957450e-03   8.4815705e-02   2.8005760e-01   9.5801865e-02   3.5648536e-01   2.7930292e-01  -8.7722209e-02  -1.0518909e-01   6.0351264e-02   2.0301884e-01   3.5337823e-01   4.5197406e-01   2.8479086e-01   3.3852407e-01  -6.7813580e-02   1.7963743e-01   1.1280875e-01  -7.9150024e-02   4.1674647e-01  -8.5898049e-02  -2.6982143e-02  -5.1576821e-02  -1.0510228e-01  -7.5000118e-02   1.4174886e-01  -3.4185080e-01   3.1890721e-01   2.8676731e-01   6.3269947e-02   1.4583984e-01   4.7505165e-02  -2.7700410e-01   2.3309805e-02   3.9148225e-01   2.4179677e-01  -1.9082292e-01  -8.2819514e-02  -2.3040228e-02  -1.4325670e-01   6.8362116e-02  -8.0361966e-02  -2.8390863e-02   2.2283021e-02  -1.7698632e-02
  -1.3300760e-02  -1.1584974e-01  -2.0818641e-01  -6.3144532e-02   2.9182157e-02  -3.7068986e-02   1.0884730e-01   0.0000000e+00  -2.7815514e-01  -4.8886009e-02   3.8076313e-01  -1.7698099e-01   1.5638386e-01   8.0915794e-02  -9.3871162e-02   1.8746915e-01  -2.1591737e-01   2.3365922e-01   7.2488018e-02  -1.6363053e-01  -8.2118754e-03   1.8903614e-01  -2.7759366e-02  -4.4279633e-02  -2.5700144e-01   2.4207964e-01   3.1249005e-02   4.1930785e-02  -1.7141492e-01   1.1325918e-01   2.5623131e-01   9.9391647e-04  -1.5985483e-01  -1.9879497e-01  -2.2884022e-01   1.3586683e-01   2.0300040e-01  -7.0612576e-02   7.2943048e-02  -3.8019684e-01   1.8113411e-01  -1.0705746e-01  -2.0576542e-01   4.2045633e-01   1.5410974e-01  -8.8741019e-02   2.9413841e-01  -1.2828410e-01   1.5290525e-01  -2.4416362e-01   2.3350772e-01   7.3731007e-01  -2.3054539e-01  -9.5473339e-02   3.0419712e-02   1.7581856e-01   1.6454180e-01   5.9840424e-02   2.2448659e-01  -5.2897066e-02  -1.3266315e-01   6.7192312e-03  -1.6931741e-01   4.5368104e-01  -1.1449213e-01   1.2769491e-01   2.6507619e-01  -5.6145315e-02   4.0465193e-01  -1.0532705e-01  -3.6322289e-01   1.9640513e-01   7.8833702e-02   7.3737790e-02  -2.4693290e-01   1.0449407e-01  -1.2749489e-01   2.6481944e-02  -9.0725986e-02   1.2969217e-01   2.2620516e-01   7.3882623e-04  -1.1563208e-01   6.4572847e-01  -1.0032014e-01   2.0716258e-02  -3.4082041e-01   3.0847567e-02   1.1503299e-01  -1.1867616e-01  -9.6919988e-02  -1.4439916e-01  -2.0443667e-01  -1.3853778e-01  -1.5552839e-01  -1.6831331e-01  -1.0212920e-01  -3.1351108e-02   2.2161386e-01   3.4816814e-02  -8.8559821e-02   3.0961711e-02   3.4942673e-01   9.5396685e-03   1.4263906e-01  -1.5798669e-01  -1.1193948e-01   4.6278941e-01  -7.2049953e-02   1.9802202e-01  -6.2312963e-02   2.8325799e-01   1.4773790e-01  -1.5867193e-01  -1.8798842e-01  -2.1563128e-01   2.5167240e-01   1.9646299e-02   6.6579040e-02   1.0774070e-01  -9.2955070e-02  -1.4245011e-01  -1.3188536e-01  -3.7737649e-02  -1.2922343e-01   1.4303930e-01   1.9455506e-01  -2.2102958e-01  -2.2550883e-02  -1.9074854e-01   7.9631407e-02   3.1916114e-02   3.1599193e-01   4.4135310e-02   7.0322361e-02   2.4266323e-01  -2.0011133e-01  -8.0951519e-02   6.4755542e-02  -4.9086129e-03  -8.2821704e-02   2.3919725e-02   3.2141978e-01  -1.5671259e-01  -1.0135275e-01   1.1397085e-01  -3.3106528e-01   2.8042835e-01   1.6252507e-01  -1.9888011e-01  -3.2296711e-02   3.0610298e-01  -1.2265571e-01   2.1420615e-01  -3.0365399e-01   7.2186748e-02   4.1323501e-02  -1.6847967e-01  -1.8517908e-01   4.0861051e-01   2.4051032e-03   3.1722711e-01  -5.4686341e-02   2.8805560e-01   1.3273623e-01  -2.6482973e-01   3.1478273e-01   2.4255269e-01  -1.2065201e-01  -5.7967829e-02  -1.7387304e-01  -7.2859986e-02   3.0428755e-01  -7.1546398e-02  -3.0938374e-01  -5.5680446e-02  -2.7815836e-02
   1.5748014e-01   4.8703993e-01   1.7902360e-01   5.2624748e-02   4.1376355e-01  -8.2634131e-02  -1.6083901e-01  -2.7815514e-01   0.0000000e+00   1.8503055e-01  -2.5120726e-01   3.6405486e-01  -3.1182675e-02  -1.3401007e-01   1.3815329e-01   5.1558940e-02   2.9954365e-01   7.3012157e-02  -4.2075444e-01   3.3339645e-01  -2.1494992e-01  -1.9317555e-01  -9.9397475e-02   9.3860440e-02   1.7161874e-01  -1.2442571e-01   1.9696311e-01  -1.5096555e-01   2.5789175e-01  -2.1172528e-02  -1.0764869e-01  -1.4670599e-01   2.3120022e-01  -9.5030707e-02   6.8525585e-01  -1.1642318e-01  -2.0118711e-01   3.3457271e-01   2.1431788e-01   3.6465775e-01   1.6686791e-03   3.1374228e-01   5.0579365e-01  -2.6182876e-01   2.3690232e-01   1.2186010e-01  -3.0549699e-01   4.3337936e-01   4.6090422e-02   3.2804285e-01  -2.5696600e-01  -1.8332573e-01   1.8320095e-01   3.3268748e-01   1.5016521e-01  -1.1171505e-01  -4.1814219e-01  -2.7302233e-03  -2.6569471e-01  -7.5840413e-02   1.6375108e-01   3.5068686e-01   6.2753290e-01  -4.2025065e-02   5.5764564e-01  -1.1746690e-01  -1.9754833e-01   5.1083840e-01  -3.4453319e-01   1.3277239e-02   4.9640023e-01  -2.3278508e-01   1.5539489e-01  -3.1455268e-01   2.0678556e-01  -1.2829440e-01   1.6305641e-01   2.6395732e-02   5.6169387e-01   1.6335084e-01  -1.6398641e-01   1.1528782e-01   5.5819947e-02  -3.3554087e-01  -8.6220655e-02  -8.3986150e-02   4.3665996e-01   1.0866151e-01   3.2371175e-01   3.0553571e-02   5.3829432e-01   1.9054987e-01  -1.5172842e-01   5.7799620e-01   2.1334105e-01   4.5419889e-01   1.6932976e-01   4.7889232e-02   3.3527268e-01   1.1398533e-01  -5.3425995e-02  -5.0487450e-03  -4.6990702e-01   2.1937633e-01  -2.8860992e-01   6.6006040e-02   2.4509468e-01  -1.6245662e-01   1.6895640e-01  -3.9228050e-01   1.0003519e-02  -4.3010397e-01   8.3722780e-02   1.4864980e-01   6.5837771e-02   5.1854173e-01  -5.6126750e-02   2.9120879e-01  -2.5931925e-01  -9.9244542e-02   9.1903160e-02   4.9933946e-01   3.0671836e-01   7.1782470e-01   1.6832594e-01  -1.2397822e-01   3.8104372e-02   3.3467276e-01   9.7227203e-02   1.8930534e-01   6.7418913e-02   1.8164369e-01  -4.1636156e-01  -4.7935578e-02   1.1783763e-01  -1.6298562e-01   3.1660737e-01   7.6015851e-02  -8.0592500e-02   2.1267642e-01   2.7024408e-01   2.0294430e-01  -3.9361350e-01  -6.6676751e-02   1.3809656e-01  -1.9321172e-01   3.9445565e-01  -2.1505772e-01  -3.3568834e-01   2.5208844e-01  -5.2059643e-02  -2.9957139e-01   1.9005957e-01   2.1985440e-01   4.9928093e-01   1.1145550e-01   7.7678426e-02   2.0731882e-02   2.9592210e-01  -3.5246814e-01   2.6851048e-01  -3.5036584e-01   1.9257255e-01  -3.1477015e-01   7.5990442e-02   4.3119942e-01  -2.5854339e-02  -3.7490383e-01   1.4415447e-01   7.6542783e-02   3.0167721e-01   5.2298830e-02   2.6823080e-01   6.7178123e-02   1.1233404e-01   3.2431524e-01  -3.2761847e-02
   2.0004935e-01  -1.1246793e-01  -9.5322780e-03  -2.3345334e-01  -6.8097974e-02   4.0276739e-02   3.0610321e-01  -4.8886009e-02   1.8503055e-01   0.0000000e+00  -2.9023266e-01   2.5329460e-01   1.9289956e-01  -8.4246921e-02   2.8488819e-01   2.8711824e-01  -5.1478098e-02  -1.8071772e-01  -3.2665216e-01   2.7876167e-01   2.7973833e-01  -1.9672260e-01   6.2900613e-01   1.0169425e-01  -7.6964158e-02   6.4450019e-02   8.2603759e-02  -3.3459049e-01   2.5103555e-02  -4.7298079e-01  -1.2070795e-01   2.2034602e-02   3.0940485e-02   6.4426555e-01   1.4285067e-01   1.3218103e-02   1.4232149e-01   3.0613303e-01   1.6484693e-01   3.0523882e-01   9.1498296e-02   1.8837914e-01   2.2734461e-01  -3.6031341e-02   3.5003104e-01  -8.8321190e-02  -3.0334583e-01   6.2142950e-02   4.6314412e-02   1.8194494e-01   1.4912567e-01   6.2077190e-03   3.9494511e-01   2.4541728e-01  -3.8046182e-02  -1.5211993e-01  -4.8384795e-01  -9.1855864e-02   2.9449398e-02  -1.8147412e-01  -9.4709714e-02   9.5006006e-02   4.9124013e-02  -2.5071772e-01   2.2084625e-01   1.8517278e-01  -4.1220647e-01   1.9255908e-01  -2.8241933e-01  -1.9489019e-01   2.7018185e-01  -4.4789358e-02   2.4007354e-01  -4.1643198e-01   3.1676194e-01  -1.4040823e-01  -1.0080540e-01   1.5245483e-01   7.2437504e-02   1.9689752e-01  -1.5783823e-01   2.3760208e-01   3.3068157e-01  -2.9131515e-01  -2.6437425e-01  -1.3706856e-01   1.8439573e-01  -1.8736721e-02   1.7938163e-01  -5.6574979e-02   1.4970049e-01  -1.0900826e-01   4.8452289e-01   1.7189242e-01   8.0283446e-02   1.9900642e-01   2.6029144e-01  -6.1690135e-02   5.3732521e-02   5.7066914e-01  -2.0377293e-01   1.9178164e-02  -3.7519491e-01  -1.4595092e-01  -3.0074407e-02  -2.4072181e-01   9.9873119e-03  -9.2521651e-02   4.1150412e-01  -1.5499264e-01   5.5706784e-01  -3.1586172e-01  -9.3613319e-02   2.9318264e-01   1.8498754e-01   1.7180109e-01   1.3029946e-01   3.3967481e-01  -3.3296463e-01  -1.0110172e-01  -1.0504309e-01   9.7051127e-02   9.2306128e-02  -3.4016321e-03  -4.0650161e-02  -6.4561002e-02   1.0501810e-01   9.2470059e-02  -7.9364420e-02  -1.8653156e-01   3.6707313e-01   2.4177555e-01  -3.6138114e-01   1.1954104e-01  -1.4411757e-02  -1.8285049e-01   2.8977638e-01   1.3850130e-01  -2.5970355e-01   2.9839539e-01  -4.1840531e-03   2.4583240e-01  -2.7992885e-01   3.4098524e-02   5.5172252e-01  -9.8420881e-03   5.5848945e-01  -3.0908001e-01  -4.4801229e-03   4.0653975e-01  -3.1415735e-01  -1.3026317e-01  -4.2779080e-02  -7.4935984e-02   2.0022120e-01   2.4086829e-01   5.9127385e-02   9.9069048e-02  -8.2276431e-03  -2.2679131e-01   2.3322436e-01  -2.5282070e-01   2.7168168e-01  -2.7797212e-01   1.2676709e-01   4.6785408e-01   1.5167090e-01  -2.9965985e-01  -7.3262886e-02   1.0648350e-01   2.7526485e-01  -1.2535575e-02  -6.7046058e-02  -2.1584241e-01   2.6440819e-02   1.2771802e-01  -1.2457940e-01
  -1.3830750e-01  -1.2963626e-01  -8.3973678e-02   3.0286080e-01  -6.7863231e-02   7.9642049e-02   1.1810614e-01   3.8076313e-01  -2.5120726e-01  -2.9023266e-01   0.0000000e+00  -2.4142587e-01   3.0791249e-02  -1.2733148e-02  -4.7439785e-02   1.6717996e-01  -1.9538488e-01   6.0439998e-01   4.4285108e-01  -1.9624935e-01   3.4049730e-02   5.0437826e-01  -8.2375053e-02  -1.2157584e-01   8.1869627e-02   1.5756137e-01   5.1645256e-03   1.3454507e-01  -3.9290838e-01   4.9366440e-01   1.5314714e-01   3.1565464e-01  -1.0909950e-01  -2.8135635e-01  -2.0917569e-01   4.4337004e-01  -1.2490285e-01  -1.2385166e-01   1.6342656e-01  -5.3921694e-01   2.2610368e-01  -5.2091103e-02  -2.0988039e-01   3.1921024e-01   1.2495941e-01  -1.3270315e-01   7.8957468e-01  -3.4787062e-01  -1.0391480e-01  -5.4025238e-01   5.8266988e-01   2.2617665e-01  -4.4619132e-01  -2.1530945e-01   2.2297896e-01   3.1511554e-01   5.0004535e-01   5.0236449e-01   1.7000460e-01   5.0198506e-01  -9.1074483e-03  -5.8393459e-03  -1.3095436e-01   3.8632915e-01  -4.6521467e-01   4.2316574e-01   4.2377371e-01  -5.8719000e-02   7.1101040e-01   9.3136202e-02  -6.4324226e-01   6.5455943e-01   1.2976679e-01   2.0743579e-01  -1.2507785e-01   3.6200212e-01  -7.6256895e-02   1.6769155e-01  -3.5632450e-01   3.8664083e-02   1.9878232e-01   3.9638953e-02  -3.5484945e-01   5.1484113e-01  -1.1782184e-01   3.1790856e-01  -5.1893700e-01   8.7613596e-02  -4.8604056e-03  -2.7496467e-01  -4.6100014e-01  -5.5151340e-02  -1.2475660e-01  -7.5675639e-02  -2.0152434e-01  -3.4353089e-01  -6.0723402e-02   1.0008579e-01   5.6883328e-02  -1.2933593e-01  -1.0204555e-01   6.2782508e-02   6.3375433e-01   3.3352603e-01   5.6146007e-01   2.7031724e-01  -1.2927121e-01   5.0764236e-01  -2.2180424e-01   5.0948489e-01  -1.0772284e-01   6.3312950e-01   3.2296256e-01  -3.3093218e-01  -1.4956973e-01  -5.9207657e-01   2.1469766e-01   1.2883505e-01   1.9936924e-01   3.7352794e-01  -5.9407165e-03  -2.3030062e-01  -2.3392071e-01  -6.9629590e-02  -2.6070227e-01   1.5707314e-01   4.1744004e-01  -3.0965024e-01   3.8782773e-01  -4.6078352e-02   4.3384970e-02  -4.8407534e-02   3.4334358e-01  -1.2231896e-01   2.5513248e-01   3.9358218e-01  -1.1087633e-01  -1.5917805e-01   4.7632215e-01  -1.0415184e-01  -4.5929373e-02  -1.1831251e-01   8.0971023e-01   4.5575054e-02  -1.6899600e-01   1.3614129e-02  -5.4478787e-01   5.9411091e-01   5.7271145e-01  -3.6062386e-01  -1.5595594e-02   2.4471217e-01   5.7217587e-02   2.4297265e-01  -4.6366773e-01  -9.0904620e-02   5.9229703e-03   9.6034616e-02  -1.7582404e-01   5.5032672e-01   4.5954088e-02   7.9339050e-01   8.7771533e-03   6.8859653e-01   2.3355214e-01  -4.6623318e-01   2.7144260e-01   2.1067920e-01   1.9612919e-02  -3.6127313e-01  -4.9635256e-01  -1.5227150e-01   5.8390651e-01   7.7980858e-02  -1.0454978e-01  -2.6313308e-02   3.2789501e-01
   4.5025916e-02   6.5304162e-01   5.2455281e-01   5.2069950e-02   3.6116806e-01   4.6365049e-01   2.9952018e-01  -1.7698099e-01   3.6405486e-01   2.5329460e-01  -2.4142587e-01   0.0000000e+00   1.7136093e-01  -1.8569805e-01   5.4715329e-01   1.7911090e-01   3.0498994e-01   3.8416413e-02  -9.2483873e-02   4.0749235e-01  -3.5379624e-01  -2.9794271e-01   5.3653552e-03  -1.5957126e-01   1.0827885e-02   2.4220443e-01   3.0553068e-01   6.2237475e-03   3.5164792e-01   5.1152221e-02  -9.6824476e-02  -1.5567262e-01  -4.8476356e-02   1.2405818e-01   4.6611294e-01  -4.6389549e-02  -1.4246607e-01   9.0546364e-02   2.6398119e-01   4.4376274e-01   2.2260252e-01   9.7967338e-02   4.6839553e-01  -1.7732581e-01   2.8368734e-01  -2.6529983e-02  -2.9128600e-01   3.7429534e-01  -9.5448605e-02   3.8324034e-01  -1.8515283e-01  -8.7257615e-02  -6.1545768e-03   3.8744865e-01  -1.4795747e-02  -1.8102817e-02  -1.0813443e-01  -2.1387152e-01  -1.6496688e-01   2.4402531e-02   5.0617120e-02   3.5098936e-01   3.7469502e-01  -6.2289571e-02   2.2691095e-01  -1.1593555e-02   1.0269989e-01   2.3787459e-01  -1.6793093e-01   2.7571040e-01   3.6801686e-01  -2.5296082e-01   1.7217147e-01  -8.8203513e-02   1.7435865e-01  -1.8765279e-01   4.1849473e-02   4.4809895e-02   4.2337299e-01   8.5808139e-02  -4.3579056e-02   2.5256352e-01  -4.6476941e-02  -1.0536266e-01  -8.6348604e-02  -1.0706911e-01   4.1052297e-02   1.8915527e-01   1.3203621e-01  -9.2451753e-02   3.2352051e-01   1.3637880e-01   3.4908197e-01   3.9644838e-01  -3.5002573e-02   5.4353128e-01   2.8758133e-01   1.5622491e-01   1.1112997e-01  -1.4329006e-02  -1.3530358e-01   2.8137446e-01  -2.5303638e-01   4.5175159e-02  -2.2914004e-01  -1.7494549e-01   4.2970032e-02   1.1456543e-01   8.8848505e-02  -2.0133546e-01   2.6346421e-01  -1.9280339e-01  -8.1700713e-02   7.9482652e-02   1.9119139e-01   2.8172229e-01   5.9505880e-02   2.7780090e-01  -2.5538440e-02  -1.7340492e-01  -7.5829835e-02   5.1110934e-01   4.1739692e-01   3.4615179e-01   4.9028136e-02   5.5069369e-02   1.9056464e-01   2.3222972e-01  -3.3721818e-01   2.4150045e-01   3.1771792e-01  -1.6169016e-02  -1.2236091e-01  -2.2576198e-01   5.1768453e-02  -2.3737486e-01   2.4205030e-01  -8.9301504e-03  -2.0219861e-02  -2.6816526e-02   1.0644130e-01   3.5784842e-01  -2.1261297e-01   4.4821505e-01   2.3082720e-01  -2.7560842e-01   5.7684698e-01  -1.4154474e-01  -5.2648569e-02   3.5499466e-03  -4.9996425e-02  -1.5847976e-01   1.1946315e-01   7.1922454e-02   6.6650018e-01  -6.8943882e-02  -1.9289297e-02   2.1618077e-01   1.2341970e-01  -1.7763208e-02   2.4489020e-01  -1.8492091e-01   4.7784517e-02  -3.2256428e-01  -4.7137586e-02   3.9924145e-01   1.6989902e-01  -2.9050993e-01  -1.2381228e-01   1.2962626e-01   4.4993984e-01  -9.8958346e-02  -1.1798531e-02   4.9113921e-01   1.5122726e-01   1.7721830e-01  -1.4072426e-01
   1.3370488e-01   4.2251392e-02   4.7055234e-02   3.6205514e-03   2.1648646e-01   2.3489006e-01   2.3302172e-01   1.5638386e-01  -3.1182675e-02   1.9289956e-01   3.0791249e-02   1.7136093e-01   0.0000000e+00  -5.0194069e-02   1.2093251e-01   2.7280113e-01   4.8774480e-04   1.3608784e-01   9.8895372e-02   3.7342658e-01   5.2282398e-02  -1.9203325e-01   2.0852201e-01  -1.5251755e-01   6.6022522e-02   2.0845781e-01   1.8750409e-01  -5.2020136e-02   3.4712794e-01  -1.9900721e-02  -3.7670728e-02  -8.0570468e-02  -1.8287426e-01   2.7831716e-02   4.0635786e-02   1.6509402e-01   1.7917825e-01   3.3680508e-02   2.4359874e-01   2.5818558e-02   7.3759694e-01   1.4150915e-01   1.7640769e-01   1.7003524e-02   2.6658491e-01  -7.3595760e-02   6.3253367e-02   6.1187911e-02   2.9890623e-01   5.6169864e-03   2.3501806e-01   1.5177112e-01  -8.1091974e-03   3.3140793e-01   1.0760539e-01   7.6898293e-02   1.6518746e-02  -1.3066491e-01   2.9697008e-01  -5.6194355e-02   7.1936389e-02   3.8299303e-01   1.1434541e-01  -4.6347555e-02   6.0794954e-02   1.6071876e-01   2.3064823e-02   1.5270803e-01   7.5175922e-02  -1.0019365e-01   6.0929757e-02   6.8243409e-02   3.5097294e-01   7.5629652e-02   1.7666863e-01  -2.2229975e-01   6.7928638e-02   6.5937966e-02   1.5233177e-01   2.5947172e-01   1.8480651e-01   3.4353770e-01  -4.7955128e-02   1.4967229e-01  -5.2331688e-02  -2.1463654e-01  -1.4526703e-01   2.8840582e-01  -9.6326334e-02   9.7482519e-03   1.7947995e-01   7.7957604e-02   2.6127281e-01   1.2049194e-01   2.0470521e-02   3.2139280e-01   3.9480761e-01   9.7913949e-02   3.2573855e-01   4.2388713e-02  -1.5587374e-01   1.1928747e-01   1.1822070e-02  -1.4847914e-01  -5.2620076e-02  -2.5459652e-01   8.4353198e-02   1.5420901e-01   3.7363853e-01  -3.8324564e-02   2.2211899e-01  -4.5642254e-03   2.0301074e-01   5.4198209e-02  -2.0835019e-02   5.2501100e-02   9.4862364e-02   5.4158522e-01  -2.9380262e-02   1.5455626e-01   4.8805908e-02   2.3881033e-01   1.8823343e-01   1.3665118e-01   4.9592084e-02   7.6084115e-02   1.6608164e-01   2.3336174e-01  -2.4198466e-01  -9.5122294e-02   5.3978142e-01  -4.0407798e-02   6.0860500e-02   7.4213649e-03   6.9450673e-02  -1.7688473e-01   1.3361160e-01  -3.3570245e-02  -6.3222971e-02   1.7015351e-01   1.7561270e-01   5.4253461e-01  -6.8958036e-03   8.3514716e-02   1.3860225e-01  -1.3321750e-02   9.2982398e-02  -4.4863220e-02   1.2977510e-01   4.6184283e-02  -7.0337721e-02   1.0642027e-02   1.6243313e-01  -2.9598149e-02   8.3189951e-02  -8.3339048e-03   1.7652346e-01   2.5304384e-01   3.6237620e-02   9.2813870e-02   1.4569217e-01   1.6455207e-02   3.9723419e-02   1.1620184e-02  -2.9163173e-02  -2.2963354e-02   1.5126214e-01  -3.5467995e-03   7.5769901e-02  -3.8032358e-03   1.2197358e-01  -7.7765564e-02   1.1276906e-01   3.0009064e-03  -3.8617250e-02   3.5229286e-02  -2.5076302e-02
  -1.7038950e-01  -6.8800694e-02  -2.4660806e-01   3.3037635e-01  -4.0203918e-01  -2.4071335e-01   1.5736231e-01   8.0915794e-02  -1.3401007e-01  -8.4246921e-02  -1.2733148e-02  -1.8569805e-01  -5.0194069e-02   0.0000000e+00   1.0465968e-01   2.0373046e-01  -1.8558213e-01   8.7791528e-02  -6.8464174e-04  -5.4302260e-01   5.4917697e-01   2.4107643e-02   3.1273216e-01  -1.1322795e-01   2.0125465e-01  -3.8514761e-02  -2.5824728e-01   5.4294550e-01  -6.7147590e-02  -1.9757418e-01   3.5238846e-01   1.5415090e-01   2.7629184e-02   1.6070549e-01  -1.3360884e-01  -3.2598465e-01  -1.6178447e-01  -1.5802294e-01   2.6345687e-01  -1.3991718e-01   1.5173865e-01   9.6652603e-02   2.5030542e-02   2.7940257e-01  -4.5362005e-02  -9.8262936e-02  -8.6773425e-04  -5.9086853e-02   2.8316426e-01  -2.4965554e-01   2.2838363e-01   1.1578567e-01   2.9605264e-01   1.8576979e-02   6.6006462e-01   3.9371099e-01   1.1442993e-01   6.0977482e-02   5.9538203e-03  -2.9243208e-02  -1.8872206e-01  -1.9272306e-01  -1.5003580e-01  -1.6277688e-01  -4.6005146e-02  -4.1538861e-01   9.0500378e-02   1.0842712e-01   2.4902436e-01  -2.1084946e-01  -3.0872725e-02   3.4097418e-01   7.8260178e-03   3.8703041e-01   7.6832020e-02  -4.2531038e-02  -1.5794373e-01  -1.6766146e-01  -3.7693354e-01   1.7497897e-01   5.7457185e-01   3.4720326e-02   4.4928383e-01   4.1471163e-02   1.9682671e-01   9.3267723e-02   3.0746156e-01   5.2943817e-01  -3.1425630e-02  -9.5105789e-02  -1.5374248e-01  -1.1228404e-01  -1.0672546e-01  -1.2342731e-01  -1.5112265e-01  -4.4861343e-01   1.9454933e-01  -7.1920515e-02  -4.0502886e-02   2.6233178e-02   5.3660335e-01  -1.0514303e-01   4.1003740e-01   1.4899061e-01   2.5418431e-01   8.2041127e-02   3.2730477e-01   2.3625682e-02   8.8558119e-02  -8.8458839e-02   9.2801000e-02   9.1886006e-02   8.1597880e-02  -2.1089549e-01   3.3004588e-01  -1.9886197e-01   7.9884510e-02   5.4420992e-02   5.0365520e-01   3.7765718e-01  -1.6171343e-02  -4.7459073e-01   7.3768269e-02  -6.8618552e-02  -2.5788963e-01   7.8542594e-01   4.9554857e-02   9.6874822e-02   7.0664905e-04  -2.2266020e-01  -2.0553322e-02   2.3818127e-01   5.3903787e-01   5.7829983e-01   1.6042609e-01   8.6904518e-02   2.4345664e-01   6.5096672e-01  -4.3082846e-02  -1.5279092e-01   5.0083635e-02  -1.2581346e-01   5.4354763e-02  -1.0674077e-03   3.4675157e-01   6.6080813e-01  -2.1366684e-01  -4.1073242e-01  -4.2830090e-01   3.6937978e-01   3.5886240e-01   7.1175293e-01   1.8465173e-02  -9.0013097e-02  -3.4018006e-01  -2.8078165e-01  -9.9458628e-02   2.2024102e-01  -1.0275465e-01   4.5416475e-01   1.4410701e-01   8.0336450e-03   9.4059402e-02   1.7735185e-01  -9.3510291e-02  -4.3301910e-01  -1.0642207e-01   7.2952243e-01   3.6614825e-02   2.1258916e-01  -3.4161883e-01  -2.6771959e-02   1.2977277e-02  -6.0597673e-02   3.1222825e-01  -3.9260637e-02   4.7148269e-02
