   0.0000000e+00  -2.3913925e-01  -6.6824113e-02  -1.3283810e-01  -8.8573263e-03  -2.5930189e-01  -3.3009647e-01   2.9065094e-01  -2.9143684e-02  -2.0487724e-01  -1.2986445e-01  -2.6162770e-01  -1.0601476e-01   2.0068166e-01  -1.2752768e-01   9.2664365e-02  -1.2440754e-01  -2.1813248e-01  -2.5696422e-02  -1.6935368e-01  -3.9797575e-01  -1.8958674e-01  -3.0317289e-01   7.9426060e-01   1.8837597e-01  -1.6112022e-01  -2.5186861e-01   6.0960324e-01  -6.6892499e-02  -2.0720170e-01  -3.2433744e-01  -1.0282146e-01   3.0005128e-01  -1.4069382e-01  -1.5136782e-01  -2.9523222e-01   6.5476425e-02   6.0125415e-01   9.8268121e-02  -1.7938576e-01  -9.1867338e-02   3.2687267e-01   5.8495117e-02  -4.7296581e-03  -8.4558870e-02   5.2967344e-01  -1.5923338e-01  -3.1707504e-01  -2.2820659e-02  -4.5174379e-02  -1.4560154e-01   1.5101026e-01  -2.2310808e-01   4.2089971e-01  -1.1364159e-02  -3.4065063e-02   6.8043677e-03  -1.2849217e-01  -5.8810535e-03   1.0014776e-01   1.4325742e-01   1.6199139e-02   4.9111573e-02  -3.4326900e-01  -1.6089127e-01  -3.5830005e-01  -2.8633205e-01   1.5516508e-01  -2.2928221e-01   3.5381019e-01  -5.7891577e-02  -3.3678507e-02   1.0831138e-01   2.0078008e-01   2.2370415e-01  -1.2794599e-01   3.0437264e-01   9.7104161e-02  -8.4120518e-02   6.6407215e-02  -1.6968725e-02   3.4279028e-02  -3.6248987e-01  -2.4144738e-01   1.2954843e-01  -1.9020866e-02  -1.5718929e-01   3.1995095e-01  -4.8977834e-02   8.7388787e-01  -7.0451843e-03   1.4406944e-01  -3.2973112e-01  -1.5647212e-01   4.7277836e-01   1.9228157e-01   4.0768660e-02   3.1066663e-01  -7.3022447e-02  -6.1596164e-02  -2.0209796e-01   3.1938589e-01  -3.4302627e-01  -1.1180683e-01  -1.8339723e-01  -1.8269732e-01   1.9183679e-01  -5.2887440e-02   2.1568792e-01  -3.7761746e-01  -3.9760730e-01  -2.0800705e-01  -3.2159703e-02   8.8927168e-01  -2.8350990e-02  -1.6464890e-01  -2.3117107e-01  -6.6771580e-03   5.1065321e-02   1.7052452e-01   6.1759428e-01  -7.3488075e-02  -6.6177404e-02  -1.6385705e-01   7.2701832e-01   3.5394308e-01  -1.9721962e-01   2.2928750e-01  -8.0725049e-02  -1.9574077e-01  -3.9494485e-02  -4.7637925e-01   3.5224506e-01  -4.2664717e-01   1.1255032e-01  -1.5616990e-01   1.5294586e-01  -3.9618031e-02  -6.8016157e-02   5.7235650e-01   6.8610186e-01  -1.3589189e-01   1.1534319e-01  -2.9272768e-01  -2.3690240e-01  -4.5273741e-01  -4.8991165e-02  -3.3471123e-01  -2.5580839e-01  -1.9225239e-01   1.8302049e-01  -3.3066812e-01   6.2045508e-01  -1.6288861e-01  -2.0117098e-01   6.6760241e-01   5.8034499e-01   1.5744662e-01   1.8311256e-01  -1.9029586e-01  -1.1545685e-01   7.1473678e-02  -4.1295413e-01  -7.1731619e-02  -8.7956857e-02  -1.1896547e-01  -1.2717423e-01   5.1198256e-01   6.2125958e-01  -2.7512456e-01  -1.6033761e-01   2.5476241e-01  -6.0126769e-02  -2.4162741e-01   1.1548198e-01   2.2772240e-01  -3.6129599e-02
  -2.3913925e-01   0.0000000e+00  -1.5902510e-01  -9.9334395e-02   9.2203876e-02  -2.0466017e-01  -5.2040220e-02  -2.6699621e-02   5.7063880e-01  -9.1516814e-02  -4.9229997e-02   1.8952882e-01   3.9799848e-02  -3.4043896e-01   1.6284047e-01  -1.9443824e-01  -1.6665710e-01  -1.6708971e-01   6.5185244e-02   1.0190289e-01  -1.8053297e-01  -8.3793345e-02  -1.4172040e-01  -1.6394569e-01  -1.2623024e-02   6.4903856e-04   3.4612212e-01  -2.4302216e-01   1.1622191e-01  -5.1157918e-03   3.9298051e-01  -2.0414592e-01  -9.3695646e-02   1.7187581e-01   4.3838857e-01   1.0267998e-01   9.8131779e-02  -1.6361427e-01  -2.3039718e-01   1.5416728e-01  -1.9446743e-01  -3.1627747e-01   2.5851584e-01  -3.4717368e-01  -2.4005926e-02  -4.4060384e-01  -1.3921421e-01  -7.5715259e-02   6.1048315e-02  -1.2228844e-01  -1.4827932e-01   1.9890935e-01   1.5184228e-01  -2.9023573e-01  -9.0525886e-02  -4.6310590e-01  -2.8518018e-02  -1.2207008e-01  -1.3563353e-01   1.0732981e-01  -3.8602075e-01   8.5094624e-02   2.2602703e-01   4.3315995e-01   2.3306037e-01  -1.2322610e-01  -1.2058358e-01   1.1422955e-01  -7.2753101e-02  -2.1711614e-01   4.2908033e-01  -3.3048744e-01  -2.1579431e-01   1.6225462e-01  -3.5396121e-03  -4.5572320e-03  -3.7207672e-01  -1.0007965e-01   4.7135475e-01  -1.1351870e-01  -2.7239710e-01   4.0754822e-02  -1.3651672e-01   2.4969715e-02   2.8423328e-02  -1.0850085e-01   3.4510045e-01  -3.1564248e-01   3.4962067e-01  -1.3065422e-01   4.6048807e-01  -4.3766723e-01   1.4048955e-01   2.2902129e-01  -1.5382917e-01   4.6697337e-02  -2.9588778e-01   1.1560270e-01   1.5186528e-01  -2.3942461e-01  -2.0065865e-01  -1.9752859e-01  -1.8591281e-01   4.4263117e-01  -1.9477843e-01  -4.8221972e-02  -2.5179429e-01   5.7693886e-02   6.9822602e-02  -1.1143369e-01  -1.1355828e-01  -6.3553299e-02  -2.3984721e-01  -1.3283829e-01  -2.0902393e-01   4.2267877e-01  -2.3395570e-01   1.2931362e-01  -2.9441505e-01  -1.8867124e-01  -4.2701666e-01   2.5984353e-01   3.3592565e-01   5.6908145e-01  -2.3568242e-01  -2.3559733e-01   6.5605722e-02  -1.9979484e-01  -2.4667808e-01  -6.0539082e-02  -4.7419317e-02   3.0424767e-01  -1.2581573e-01  -5.6001716e-03  -1.8679802e-01   1.7683428e-02  -2.4802278e-01  -2.7854713e-01   6.2309578e-02   1.1207477e-01  -3.1159794e-01   3.0533804e-01  -2.9845474e-01   8.8263709e-02   2.5708081e-01   1.8962401e-03   2.0705882e-01   1.7981008e-01   3.2246135e-02  -1.4042010e-01  -2.1290075e-01  -1.9448947e-01  -4.1061447e-01   3.5335198e-01   5.0356065e-01   9.3128385e-02  -4.1742518e-01  -1.0001305e-01  -3.7319349e-01  -7.3969029e-02  -5.0038265e-02  -2.1440001e-01  -7.3179171e-02   2.6209005e-02   2.4586506e-02   2.4502251e-01  -1.6248342e-02  -2.1331256e-01  -4.7146558e-01   1.9569151e-01   3.6679722e-01  -2.9882032e-01   2.5611661e-02  -6.1863334e-02   1.1471115e-01  -3.4077002e-01   1.4208551e-02
  -6.6824113e-02  -1.5902510e-01   0.0000000e+00  -1.2887180e-01   9.8199718e-02   1.4071336e-01  -6.6153075e-02  -2.3488073e-01  -1.6841241e-01  -1.0430459e-02  -1.0392080e-01   1.0690133e-02  -2.4995007e-02  -6.0357617e-02  -3.2741764e-01  -1.2121594e-01   9.2191069e-01  -1.0302620e-01  -1.0548152e-01   4.9893812e-02  -1.3158523e-01  -8.9923029e-02  -1.5987158e-01  -2.9673924e-02  -4.4935776e-02  -1.2693317e-01   6.0205526e-02  -7.0057993e-02  -1.5879501e-01  -5.5879990e-02  -2.4550202e-01  -1.2481898e-01   8.8264278e-02  -8.6136210e-02  -1.5348430e-01   2.0838083e-01  -3.2470169e-01   1.1255405e-01  -1.7305558e-01   3.4679476e-01  -1.6000653e-01   2.3491615e-01   8.4613748e-02  -2.2366237e-02  -5.0412030e-01   3.6401436e-01   5.9580062e-02   5.6849423e-02  -2.3032456e-01   5.6025867e-01  -1.1683933e-01  -2.7770548e-01  -2.9857220e-01   9.0994186e-02  -3.3181265e-02   1.2416224e-01  -2.6359826e-01   2.0095518e-02  -3.1148283e-01  -9.2802212e-02   7.1396591e-01  -3.4375028e-01  -1.8878068e-01  -3.9107523e-01  -4.5616346e-01   1.2641649e-01   1.4288154e-01  -2.2182914e-01  -4.8891112e-02   5.7271214e-01  -2.3737209e-01  -3.7909988e-02  -2.6860733e-01   3.4905735e-01  -1.2816017e-01  -2.6861835e-01   6.4823850e-01  -1.8767801e-01  -8.9504017e-02  -7.3561666e-02   7.2420405e-03  -2.1509879e-01   1.0924162e-01  -2.2572567e-01   2.2436027e-01  -4.1605020e-02  -3.5807235e-01   1.5406811e-01  -8.2113888e-02  -2.6401797e-02  -8.8160763e-02   7.1484157e-01   4.4125843e-01  -2.2091846e-01   3.5032200e-01   3.4141138e-02  -2.0367139e-01  -3.6507828e-01  -2.8257544e-01  -4.1312707e-01   1.6625886e-01  -2.7234842e-01   2.9947814e-03  -1.5913983e-01  -1.0940253e-01  -2.2318399e-01   2.8872622e-01  -3.8085668e-01  -2.6412434e-01   2.8140326e-01   2.2833025e-01  -7.8215706e-02  -6.7179534e-02  -6.2843561e-02   1.9454230e-01  -2.7454522e-01  -6.5870028e-02  -2.1114021e-01   1.9551565e-01  -2.0030517e-01   3.4837629e-01   6.2371013e-02  -5.1512790e-02  -1.4608142e-01   3.0299185e-01  -6.3452371e-02  -3.3140167e-01  -2.2212223e-01  -9.6241850e-02   5.9816970e-01  -3.2339451e-01  -3.1160880e-01   1.9487670e-01  -8.2720067e-02  -1.2618744e-01  -1.3708734e-01  -2.9759957e-01  -7.2178497e-02  -1.6385103e-01  -2.0332686e-01   1.6386779e-01  -3.5183749e-02  -8.2582705e-02   5.5215668e-01  -2.9721327e-01  -2.4528145e-01  -6.0066332e-02   3.3914684e-02   2.3893483e-01  -2.7467398e-01   2.1441919e-01   7.8659275e-02   3.8843432e-01  -1.5852209e-01   2.4535932e-01  -1.6385033e-01   4.4238598e-01  -1.1455948e-01   7.1140372e-01  -1.0468391e-01  -2.8991624e-01  -9.5552179e-02   1.3953432e-01  -1.4283339e-01  -2.4021129e-01  -3.1413240e-01  -2.0411273e-01  -1.2727266e-01   3.8970406e-01   1.3164063e-01  -5.0695503e-02   1.0427102e-01  -1.1952672e-01   3.4499842e-01  -2.0213315e-01  -1.4694487e-02  -1.6238412e-01
  -1.3283810e-01  -9.9334395e-02  -1.2887180e-01   0.0000000e+00  -3.3656781e-01   2.5848092e-01   3.0643123e-01  -2.8658704e-02  -1.2098650e-01  -1.4571123e-01   4.1017315e-01   3.9549357e-01   2.1026206e-01   3.8028439e-01   4.3701682e-01   4.7159840e-01  -5.7497939e-02   3.6608296e-01   4.6507344e-02  -1.2050221e-01   3.1099962e-01   3.9819467e-01   1.9732067e-01  -2.0777931e-01   2.9438497e-01  -1.1770745e-01  -2.5990929e-01   3.3031809e-02   1.9185254e-01   5.1862216e-01   3.6270002e-01   3.3386291e-01   2.2690208e-01  -2.1504942e-01   3.4918642e-02  -2.6589490e-02   4.2156825e-02  -1.6759306e-01   4.3688745e-01  -4.0314646e-01   2.3993078e-01  -7.1514745e-02  -1.5220817e-01   3.2095775e-01   3.3337479e-02  -1.1186018e-01   4.1398138e-01   5.3921469e-01   1.3914302e-01  -4.4978335e-01   4.3002113e-01  -1.1501913e-01  -4.0052343e-02   1.9140507e-01   4.6270247e-01   2.4154729e-01   2.0805165e-01   1.3216735e-01   4.9926320e-01   2.4563919e-01  -6.9650046e-03  -6.7042284e-02   3.1249815e-01   2.9132310e-01   2.7366665e-01   1.2493547e-01   3.2782905e-01   2.1157381e-01   4.8682049e-01  -3.9051872e-02  -3.3098777e-01   5.1242967e-01   2.0782549e-02   1.0705853e-01   1.2821318e-01   1.3959868e-01  -2.0031181e-01  -5.2044217e-02  -2.3851189e-01   3.4234151e-01   2.7863772e-01   3.1623198e-02   1.6559335e-01   1.4998732e-02   1.4429343e-01   4.5430438e-01   4.0484676e-02   4.5641323e-01   1.1153358e-01  -2.4077939e-01  -2.5870575e-01  -1.2320675e-01  -1.4248852e-01   1.1235478e-01  -3.0151455e-01  -4.1280053e-01   4.9759733e-01   1.1617195e-01  -4.7559980e-02   4.5698367e-02   2.9423538e-01   1.5653981e-01   5.3967519e-01  -1.5111880e-01   4.7168556e-01   5.3574969e-01   3.0202428e-01   2.9893539e-01   2.2601137e-02   1.8251700e-01  -7.9015928e-02   4.5753732e-01   5.7865342e-01  -1.6942100e-01   3.0115405e-01  -2.2955228e-01   1.0611622e-01   9.4557524e-02   2.4206584e-01   6.3959235e-01  -1.6820332e-01  -2.7921443e-01   2.0072641e-01  -6.2615887e-02  -1.4998370e-01   4.1359878e-01   4.6694399e-01   1.9272796e-01   4.1626756e-01   6.4423687e-03   4.8794115e-01   1.2823030e-01   2.6274256e-01   6.8912036e-02   1.8765934e-01   8.2680867e-02   2.3691047e-01   2.6366671e-01   1.7759782e-01  -2.2176975e-01  -1.7963755e-01   2.5055555e-01   1.8562010e-01  -4.1773714e-02  -5.9011912e-03   4.1781585e-01  -2.9594592e-01   2.2438499e-01   1.0011643e-01  -3.7238863e-02   1.4123910e-01   3.9387628e-01   1.1147182e-01  -1.8748046e-01  -2.6153281e-01  -2.4480693e-01  -1.8441417e-01   4.3642579e-01  -1.2734319e-01   4.7877936e-01   3.6875668e-01   3.6119254e-01  -4.2533687e-02   4.4023704e-01   7.9142062e-02  -1.5805932e-01   1.8086551e-02   4.2921842e-02   1.4066928e-02  -1.5958645e-01  -2.6076200e-01  -2.6084698e-01   2.4358082e-01   1.7597245e-01   2.4437186e-01   1.0662310e-01   2.2695957e-01
  -8.8573263e-03   9.2203876e-02   9.8199718e-02  -3.3656781e-01   0.0000000e+00  -4.3958107e-01  -5.8425055e-01  -2.7881509e-01   2.7761425e-01   1.3812393e-01  -3.5582392e-01  -4.9314999e-01   1.9845339e-01  -4.0792511e-01  -5.5293084e-01  -4.0085417e-01   1.6250539e-01  -2.2247342e-01  -1.2760195e-01   6.8858845e-01  -2.4051866e-01  -2.3724476e-01  -3.7981049e-01   1.4662254e-01  -3.2537514e-01   4.1039134e-02   2.6243312e-01  -2.5635394e-01  -2.2706400e-01  -4.2626758e-01  -3.5550653e-01  -2.3854752e-01  -2.1465953e-01  -4.2547515e-02   1.9278346e-02   4.3376577e-01   2.3280695e-01   1.5385147e-01  -3.3400424e-01   4.5915012e-01   2.0961676e-01   1.6534058e-01   3.7869425e-01  -3.4003015e-01  -4.4109577e-02  -8.9971062e-03  -2.7728105e-01  -6.2106250e-01   1.0925271e-01   5.9146017e-01  -3.1497398e-01  -6.8964615e-02  -1.2469753e-02  -7.4710597e-02  -4.7473325e-01  -2.8374867e-01  -2.2086709e-01   1.9260002e-01  -1.6312757e-01  -3.7305771e-01   6.3633448e-02   3.4288323e-01  -2.4056396e-01  -3.7844635e-01  -1.9390648e-01  -9.0195058e-02  -3.6040291e-01  -1.9629528e-01  -2.8543352e-01  -2.0530993e-01   2.6866079e-01  -2.4106183e-01   3.2681902e-01  -2.6517233e-01   5.8023835e-02  -2.9525703e-02   2.5853114e-01   1.3378201e-01   7.0305906e-01  -6.0630580e-02  -4.5625739e-01  -5.1749437e-02  -3.3978928e-01  -1.1414231e-01  -1.8337753e-01  -2.8859426e-01  -1.4196971e-01  -4.3336283e-01   4.9968416e-02   1.0589618e-01   7.3424422e-01   1.5868440e-01   1.8159970e-01  -4.6115577e-02   3.4489422e-01   7.6288581e-01  -2.0737855e-01  -2.9683586e-02   2.4498333e-01  -1.3961306e-01  -4.8586286e-01  -4.2364404e-01  -5.3752919e-01   2.0128031e-01  -3.5385870e-01  -1.5903614e-01  -2.0859267e-01  -2.4066141e-01   8.9858977e-02  -1.4569326e-01  -5.4264959e-02  -3.3015785e-01  -3.0011051e-01   9.4109810e-02  -5.7706544e-01   5.1885406e-01  -3.5240652e-02   3.2122501e-01  -4.9844316e-01  -4.2200608e-01   7.3505661e-02   8.4331349e-01  -7.8881374e-02   3.2522356e-01   7.9062832e-02  -4.1203704e-01  -2.9057442e-01   1.4574257e-01  -1.8103358e-01  -1.5769198e-01  -2.6104569e-01   1.9768642e-02  -3.6804751e-01  -1.6536057e-01   9.1796407e-02  -2.4726066e-02   7.6864281e-02  -4.8818149e-01  -8.7053441e-02   2.1531267e-01   1.0894127e-01  -1.7241525e-01  -3.4098702e-01  -2.3416708e-01  -2.0349016e-01  -3.9923203e-01  -4.4087072e-02   7.3834318e-02  -6.2771768e-02  -5.3407079e-02  -4.2675655e-01  -5.0501306e-01  -1.3622201e-01   2.5327674e-01   2.9436855e-01   1.8010333e-01   1.8404431e-02  -2.7458740e-01   9.4573763e-02  -4.8872074e-01  -7.8659707e-02  -4.0384806e-01   2.1029332e-01  -2.4925612e-01   8.6619469e-02   2.7947122e-01  -5.0885981e-02  -3.4320177e-01  -1.2254883e-01   3.0312569e-01   5.8014459e-01   2.2170592e-01  -2.4408630e-02  -3.3405018e-01  -1.3256130e-01   7.2007392e-02  -1.0886118e-01
  -2.5930189e-01  -2.0466017e-01   1.4071336e-01   2.5848092e-01  -4.3958107e-01   0.0000000e+00   5.7505737e-01   1.7645494e-02  -5.3831670e-01   9.8419058e-02   4.6083459e-01   5.9359150e-01  -5.7804757e-02   2.5181956e-01   2.8320958e-01   7.8073006e-02   1.2553364e-01   4.9013134e-01   1.1013784e-01  -1.4180286e-01   3.2222964e-01   2.4167794e-01   2.1420194e-01  -4.4208828e-01   9.9951512e-02   8.5693173e-02   3.7457979e-02   6.9786233e-02   1.2893246e-01   5.0140776e-01   4.3307377e-02   3.1153689e-01   1.3350631e-01  -3.0053395e-01  -3.0005237e-01   1.1779003e-01  -4.3137611e-01  -3.5065165e-01   1.1850603e-01  -2.0225035e-01  -5.8926373e-02  -2.0930346e-01  -5.8479539e-01   3.8696151e-01  -1.1052435e-01  -3.5852248e-02   4.8853166e-01   7.3463888e-01  -2.8820226e-01  -2.7546692e-01   3.6997661e-01  -2.1046907e-01  -3.5351340e-01  -1.5209803e-01   2.1646919e-01   4.2286263e-01   3.6780124e-01  -3.7987763e-02   2.2644337e-01   3.0602135e-01   9.1460063e-02  -3.7139183e-01  -2.5127562e-01   1.0741286e-01  -7.7632308e-02   5.9827203e-01   7.4717402e-01  -1.7884207e-02   4.9569619e-01   2.9117432e-01  -5.6885246e-01   4.7066079e-01  -1.8682118e-01   2.0761113e-03  -1.3489168e-01   8.9843628e-02  -1.5590160e-01  -6.4029609e-02  -4.6598256e-01  -9.1082985e-02   5.1022033e-01  -5.6918935e-02   2.9386667e-01   1.2219708e-02  -4.7323305e-02   2.8806083e-01  -2.2751183e-01   2.4335552e-01  -2.7714905e-01  -3.6636076e-01  -5.1765807e-01   5.2124741e-02  -9.2994331e-02  -1.2270874e-01  -3.7426791e-01  -5.4090731e-01   1.2075254e-01  -1.6006144e-01  -1.9649018e-01  -1.3849232e-01   5.6448210e-01   1.8414409e-01   5.0896226e-01  -3.1480163e-01   5.2072956e-01   3.5336457e-02   4.2672764e-02   3.6805336e-01  -4.5830704e-01   5.1345374e-01   1.4338966e-01   3.9517032e-01   1.4574671e-01  -3.5122003e-01   3.8488086e-01  -5.5664811e-01   1.7844013e-01  -4.1918146e-01   5.2136345e-01   1.2246015e-01  -1.3681007e-01  -3.6514074e-01   4.4188603e-03  -3.8569734e-01  -1.8517187e-01   2.2173763e-01   4.3588085e-01  -2.9652184e-01   2.3552218e-01   4.8505141e-01   1.1906752e-01   1.1644911e-02   2.3280243e-01   3.6388303e-02  -1.1658709e-01   1.4320545e-01  -1.8802529e-01   3.9516946e-01   1.7817632e-01  -3.5945586e-01  -2.9466712e-01   1.5222775e-01   5.1565494e-01   3.5575034e-01  -1.1020518e-01   3.4410151e-01  -3.6968050e-01   4.1881488e-01   3.9557245e-01  -1.8365678e-01   3.9922891e-01   6.2459064e-01  -4.4681173e-02  -2.9835923e-01  -2.8986569e-01  -4.4656803e-01  -9.8080013e-02  -1.6047420e-02   6.8134118e-02   4.3102818e-01  -2.8675582e-02   4.5811755e-01   1.8872616e-01   3.8869764e-01   1.0090049e-02  -4.4717690e-01  -3.8656382e-02   1.2614156e-01  -9.2079029e-03  -2.8582885e-01  -3.1723964e-01  -2.3475160e-01   9.9966050e-02   6.9841204e-01  -1.8837890e-02  -1.9680035e-01   3.9866059e-02
  -3.3009647e-01  -5.2040220e-02  -6.6153075e-02   3.0643123e-01  -5.8425055e-01   5.7505737e-01   0.0000000e+00  -1.2854812e-01  -2.9782446e-01   1.8561189e-01   2.9223186e-01   5.8999244e-01   1.0489487e-01   2.5759051e-01   5.0883557e-01   2.6175890e-01  -8.3187917e-02   4.4182732e-01  -8.6210645e-02  -2.6368697e-01   3.8432531e-01   1.3728364e-01   6.3871249e-01  -4.6936891e-01   9.9446395e-02  -3.6108466e-02   6.3599339e-02   2.7716731e-02   2.2562383e-01   3.5141796e-01   2.3212767e-01   2.1475012e-01  -7.0577483e-02   1.7549946e-01  -3.1806203e-02   9.6090665e-02  -2.5542966e-01  -3.2661113e-01   1.9385081e-01  -3.0780273e-01   8.9660333e-02  -3.6777029e-01  -5.7170043e-01   2.6441035e-01   2.8064434e-01  -1.6227049e-01   2.9962701e-01   6.8654877e-01  -2.7753466e-01  -5.8362607e-01   4.4931474e-01  -1.4205094e-01  -5.0472032e-02  -2.8211467e-01   2.2956452e-01   3.6877663e-01   7.6863378e-02  -1.9467597e-01   1.8850824e-01   2.2588717e-01  -5.3196303e-02  -2.1165495e-01  -8.3242174e-02   2.7380005e-01   1.9952675e-01   5.6787197e-01   3.5198694e-01   1.5477245e-02   2.7584555e-01   4.6302570e-02  -3.5830307e-01   3.8354242e-01  -1.8836528e-02  -5.7363716e-02  -2.2949115e-01  -2.1617105e-02  -2.9031721e-01  -2.0338730e-01  -4.5986766e-01  -2.9251268e-03   5.9913203e-01  -8.4076083e-02   3.2071242e-01   3.7427159e-02  -1.0869582e-01   2.7219506e-01   6.3919864e-02   8.6693856e-02  -2.0602629e-01  -4.7225173e-01  -5.7331788e-01  -1.6383099e-01  -6.2741142e-03   3.2898490e-02  -4.2728116e-01  -6.7015562e-01   6.8766712e-02  -2.2485547e-01  -9.4357219e-02   2.8317822e-01   4.8251497e-01   2.6612741e-01   5.7753628e-01  -2.1875514e-01   5.2034946e-01   8.4867211e-02  -1.2930222e-01   1.6897548e-01  -3.1992638e-01   4.1825038e-01   2.9022355e-01   2.7306423e-01   1.5596508e-01  -3.6627312e-01   6.1600579e-01  -4.7234762e-01   8.6211973e-02  -1.9488031e-01   4.0798560e-01   2.8140923e-01  -3.4750362e-01  -4.9740794e-01   5.5003581e-02  -3.2619376e-01  -3.4619829e-01   3.2994205e-01   4.3652430e-01  -3.5085047e-01   5.2226740e-02   2.7612827e-01   2.2938410e-01   3.7684732e-01   1.2137217e-01   2.8925918e-01  -2.0066997e-01  -6.5604740e-02  -2.2490808e-01   5.9741841e-01  -2.8595784e-02  -2.4020841e-01  -3.3053829e-01   2.3648207e-01   1.4222887e-01   1.5978539e-01   4.3732312e-01   5.6897835e-01   1.0080329e-01   2.5157145e-01   4.9577093e-01   1.4901606e-02   3.9727595e-01   6.7893461e-01  -2.5212378e-01  -1.7119757e-01  -3.4533682e-01  -4.7431092e-01  -1.7050168e-01   9.4915886e-02  -1.3388117e-01   5.7177727e-01   8.8939119e-02   1.2064296e-01   2.9154862e-01   3.2551076e-01  -1.7698511e-01  -2.0822594e-01   2.5159505e-01   5.4463241e-02  -2.0132842e-01  -3.4680924e-01  -3.0784552e-01  -3.6191819e-01   2.8910107e-01   3.1706018e-01  -9.7465465e-03  -3.5268939e-01  -4.8789374e-02
   2.9065094e-01  -2.6699621e-02  -2.3488073e-01  -2.8658704e-02  -2.7881509e-01   1.7645494e-02  -1.2854812e-01   0.0000000e+00  -2.9477010e-01  -7.2634701e-02   2.5471343e-01   8.8805362e-02  -1.9444647e-01  -1.1196387e-01   6.8457452e-02  -5.1875844e-02  -2.3922732e-01   1.8154884e-01   1.0567959e-01  -1.6342826e-01  -1.9249635e-01   3.4127903e-01  -1.6948892e-01   2.3575966e-01  -2.9913342e-03   1.0729585e-01  -1.0700107e-01   1.6864531e-01  -7.2696206e-02   1.7702728e-01  -2.3796391e-02   1.1269926e-01   2.5803424e-01  -1.6125072e-01  -2.2186223e-01  -1.2604475e-01   2.9368889e-02   3.8721891e-02   7.1594694e-02  -2.2502085e-01  -1.5267043e-01  -1.0998495e-01  -1.2381056e-01   2.1160243e-01  -1.2926785e-01   1.7507333e-01   1.7033705e-01   8.5096005e-03  -6.8121947e-03  -1.5173281e-01   2.4468489e-02   5.3570218e-01  -1.2008821e-01  -3.1890309e-02  -1.0158085e-01  -9.4862406e-02   1.2166798e-01   2.2940910e-01   1.4339695e-01   2.4471678e-01  -2.7067309e-03  -2.5233081e-01   8.4033653e-02   4.0453284e-02   4.8517307e-02  -8.2851144e-02  -9.2596537e-03   1.8373504e-01   5.7625235e-03   1.0721558e-01  -1.2381820e-02   1.8718162e-01  -1.9905705e-01   9.8836737e-03  -3.7888703e-02   2.6597230e-01   3.4187095e-02   1.8552238e-01  -2.0067827e-01  -2.5395407e-01  -2.1362678e-02   7.0676039e-02  -7.7650035e-02   3.2926841e-01  -1.4170882e-01   1.7035352e-01  -1.9600589e-01   1.9246775e-02   3.6902089e-02   2.6485640e-01  -1.6348282e-01  -8.2168618e-03  -2.7213377e-01  -1.1971967e-01   5.6874058e-02  -1.6587454e-01   6.7928255e-02   2.1482812e-01   8.9511758e-02  -1.2488513e-01  -1.8105359e-01   3.3477994e-01   5.0504096e-02   4.2968949e-02   9.1423782e-02   1.8385114e-02   4.4909130e-02   3.9876610e-01   8.1578604e-03  -1.5186678e-01  -2.2241582e-01   2.6252186e-01   1.1298509e-01   2.4730130e-01  -2.9037888e-01  -3.5656205e-02  -5.6706774e-02  -1.4209689e-01  -8.0508995e-02  -5.9522329e-02   2.0058058e-01  -2.4400987e-01   7.0503820e-02  -1.3124678e-01   1.8975796e-01  -1.1840327e-01   8.5184627e-02  -9.3841710e-02   7.8704098e-02  -2.5197322e-01   1.1929857e-02  -1.1717411e-02   2.4212547e-01  -7.5527117e-02   8.5181435e-02   2.3747825e-01  -1.9139629e-01  -1.0508767e-01   3.2682583e-01   1.7452202e-01   2.1617344e-01  -5.6948023e-02   3.3745677e-01  -2.3970197e-01  -1.9140600e-01  -5.5293418e-02  -1.9755804e-01   3.8689590e-02  -7.9294597e-02  -2.5366662e-02  -1.8189302e-01   2.5241424e-03   1.5541713e-01  -2.5666036e-02  -1.6792286e-01   2.2912551e-01   2.3333049e-01  -1.3316693e-01   1.2514567e-01   5.6692456e-02  -8.3617709e-02   2.5793249e-01  -2.3602515e-01   7.4445555e-02   3.0415069e-01  -4.3195496e-02  -4.7911227e-02   2.8478439e-01   2.4938524e-01  -4.8510288e-02  -1.5448894e-01  -1.3518007e-01  -1.2970415e-01  -9.9857241e-02  -1.0600036e-01  -9.5763662e-02   3.5349612e-01
  -2.9143684e-02   5.7063880e-01  -1.6841241e-01  -1.2098650e-01   2.7761425e-01  -5.3831670e-01  -2.9782446e-01  -2.9477010e-01   0.0000000e+00  -1.3174381e-01  -3.1311953e-01  -3.0989327e-01   1.2349322e-01  -2.2111875e-01  -1.8677160e-01   1.2886664e-04  -1.5764715e-01  -4.0830020e-01   6.1748200e-02   1.1123204e-01  -2.9683319e-01  -3.5144334e-01  -2.4130979e-01   7.1385031e-02  -1.6633664e-02  -7.6247258e-02   1.2585142e-01  -1.6020148e-01   6.4397598e-02  -3.7081471e-01   1.8939475e-01  -3.9535873e-01  -5.0529306e-02   2.3431616e-01   6.1152215e-01  -9.3535280e-02   2.5322975e-01   5.8512678e-02  -8.0954561e-02   2.3609715e-01   8.2363500e-02   1.0166070e-01   4.8827669e-01  -4.1467487e-01   1.6038749e-01  -2.6193763e-01  -3.9498867e-01  -4.1521391e-01   2.9626138e-01   7.5168363e-02  -3.5037762e-01   3.4428217e-02   2.7071816e-01   1.2000716e-01  -1.1695496e-01  -3.5229964e-01  -9.9091624e-02  -2.5569549e-01  -1.4035495e-01  -1.8967367e-01  -3.1485299e-01   4.5172269e-01   3.6999362e-01   1.7250320e-01   1.7538419e-01  -3.9013180e-01  -3.3305673e-01   2.7531164e-01  -2.4645935e-01  -3.1699167e-01   5.5791625e-01  -4.9792997e-01   1.6782150e-01  -2.8744683e-02   1.7611478e-01  -1.0903091e-01  -1.9931633e-01  -9.7115063e-02   5.3350210e-01   1.9808030e-01  -3.5562832e-01   3.4875215e-02  -1.5636037e-01  -5.0323021e-02  -8.7876503e-03  -3.6200783e-01   4.8972406e-01  -2.2007380e-01   3.8309032e-01   9.6879641e-03   5.5512206e-01  -2.7823868e-01   1.1744431e-01   4.1238738e-01  -1.3935016e-02   3.5340540e-01  -1.6491220e-01   1.6104098e-01   2.4904652e-01   1.4345780e-02  -3.1132242e-01  -3.0985559e-01  -4.3403900e-01   5.0024603e-01  -4.7479202e-01  -1.5401993e-01  -8.6561724e-02  -2.9585402e-01   3.1319390e-01  -3.4355657e-01  -8.3045667e-02  -3.6389595e-01  -2.2667779e-01  -2.0295616e-02  -1.9263303e-01   5.5626392e-01  -7.1007640e-02   3.3527599e-01  -3.9133902e-01  -6.0027772e-02  -2.1060514e-01   2.9316583e-01   1.7368605e-01   6.1839265e-01  -1.5563831e-01  -1.8115869e-01  -2.8297447e-01   2.1624794e-01  -2.5646613e-01  -2.0465873e-01   5.4365955e-02   1.0384655e-01  -3.2993829e-01  -1.1709740e-01   2.4470523e-03  -1.4478197e-01   2.0634486e-01  -2.7676393e-01  -1.6228067e-01   1.5636037e-01  -1.4817097e-01   1.3326711e-02  -4.8820729e-01  -3.5524780e-02   1.3544812e-01  -2.1016572e-01   3.5349930e-01  -1.9028031e-01  -3.0713613e-01   4.0447850e-02  -2.5655844e-01  -4.4068906e-01  -2.1030265e-01   4.7047615e-01   4.5689194e-01   1.7755384e-01  -3.2487426e-01   1.0186798e-01  -3.2219433e-01  -2.1089478e-01   6.9915744e-02  -3.4357228e-01  -2.0183939e-01  -1.8956197e-01  -1.6743126e-01   3.2674226e-01  -5.2681387e-02  -2.4893325e-01  -3.4913866e-01   2.1093520e-01   3.5345492e-01   1.0668329e-01   7.3870766e-02  -3.1145073e-01   1.4899400e-01   1.6261240e-01  -2.1535392e-01
  -2.0487724e-01  -9.1516814e-02  -1.0430459e-02  -1.4571123e-01   1.3812393e-01   9.8419058e-02   1.8561189e-01  -7.2634701e-02  -1.3174381e-01   0.0000000e+00   7.3095213e-03  -3.2024827e-02   1.1329716e-02  -1.5495327e-01  -3.9433254e-03  -1.0469354e-01   3.4397039e-03   3.3549755e-01  -1.7724767e-01   2.5164146e-01   7.7174173e-02  -1.6356995e-01   2.7926502e-01  -1.4858788e-01  -3.7649629e-01  -1.1116655e-01   1.4107411e-01  -2.9435032e-01  -2.2902388e-01  -1.9612597e-01  -1.5140531e-01  -6.0144610e-02  -3.8059694e-01   3.8324147e-01  -5.0155846e-02   3.2407628e-01   1.7343583e-01  -1.4589610e-01  -1.2737826e-01   6.6613931e-02   2.1082473e-01  -2.2311624e-01  -2.4299768e-01   7.6714368e-02   4.7823684e-01  -4.0132903e-02   3.6410687e-02  -9.0314285e-02  -2.7781567e-01   6.6951801e-03   1.3519049e-01  -1.0365430e-01   1.3327107e-01  -2.9363251e-01  -2.2933804e-01  -4.3958144e-03  -1.9533736e-01  -1.4520333e-02   5.4091611e-02  -1.9351656e-01  -4.2474264e-02  -2.1438586e-02  -2.5486029e-01  -5.9726645e-03   1.5655923e-01   5.3733993e-01  -1.6096274e-02  -2.8263488e-01  -1.4904705e-01  -1.5421762e-01  -8.1039502e-02   1.1030368e-01   3.4990104e-01  -3.4096280e-01  -1.4695130e-01  -2.0876165e-02  -6.0646713e-02  -2.8470099e-02  -3.2795520e-02  -1.4137802e-01  -1.2021472e-01   6.8885619e-02   2.0815731e-01  -6.4301998e-02  -2.0879112e-01  -9.8945937e-02  -3.8302366e-02  -3.5583566e-01  -8.7623451e-02  -2.3164000e-01  -6.0135187e-02  -1.2845270e-02   3.1463000e-01  -8.3555337e-02  -7.6092286e-02  -3.6805099e-02  -1.5591744e-01  -2.3957170e-01   3.1947233e-01   3.9312594e-01  -9.4708943e-02   5.0930181e-02  -5.2706314e-02   4.1233056e-03   1.5487638e-01  -1.2038006e-01  -3.2217432e-01  -1.4691150e-02  -1.4566840e-01   3.5261155e-01   5.5307303e-01  -1.7162882e-01  -2.0029745e-02  -1.9901400e-01  -2.9805797e-02   3.0560875e-03  -1.5090438e-01   1.5315048e-01  -8.8416083e-02  -2.5152771e-01  -1.6776222e-01   2.2264123e-02  -1.2181362e-01  -9.2262494e-02  -2.3791214e-01  -2.0513807e-01   9.9921430e-02  -2.9432998e-01  -6.7212213e-02   7.5060070e-02   1.1006038e-02   5.1077627e-01  -2.3373347e-01   2.8991923e-01  -1.0940899e-01  -5.5828167e-02  -1.1080457e-01   3.2879271e-02  -1.3051733e-01  -1.6213533e-02  -1.4374064e-01   1.2382434e-02   7.3226126e-02  -6.2207936e-03   3.8939465e-01   2.7688410e-01   1.8388111e-02   1.9499304e-01   3.8860989e-01   3.3519165e-01  -1.1198575e-01   1.3803357e-02  -3.2833905e-01   2.1076685e-01  -1.1052848e-01  -1.7046706e-01  -1.1864573e-01  -2.5277157e-01  -8.1622583e-02  -1.4806592e-01  -1.2267416e-01  -1.0922563e-01   6.4138328e-01  -7.3785827e-04  -2.0012891e-01   1.2616263e-01   3.7955609e-01  -1.5498785e-01  -2.0202311e-01   6.7708633e-02   2.2924307e-01   3.6828858e-02   2.2926429e-01  -3.6704331e-03  -2.9483094e-01  -1.5576595e-01  -1.7392174e-01
  -1.2986445e-01  -4.9229997e-02  -1.0392080e-01   4.1017315e-01  -3.5582392e-01   4.6083459e-01   2.9223186e-01   2.5471343e-01  -3.1311953e-01   7.3095213e-03   0.0000000e+00   4.4646360e-01  -2.6578345e-02   6.0126965e-02   2.6099916e-01   1.9732827e-01  -5.0490999e-02   7.0158127e-01   1.0968694e-01  -7.5096378e-02   4.8459664e-02   3.8508963e-01  -2.8525277e-02  -1.7507626e-01  -1.0570429e-01  -7.9991864e-04  -2.5685723e-02   1.0318866e-01   1.4855997e-01   6.1343378e-01   1.8986854e-01   4.0636915e-01   1.4131435e-01  -3.0632181e-01  -2.5531241e-01   3.1426409e-01   1.9242722e-02  -2.3430114e-01   1.9550847e-01  -5.5003555e-01  -1.1663411e-03  -2.0891862e-01  -5.8569537e-01   5.1980349e-01  -2.6868914e-02   8.2926741e-02   8.2412589e-01   5.7049626e-01  -5.0017234e-02  -4.6093028e-01   7.1540393e-01   1.4464799e-02  -3.5804418e-01  -1.4512964e-01   5.2207132e-02   3.2250784e-01   4.1309839e-01   1.9930890e-01   2.6072412e-01   3.8234064e-01   1.0528216e-01  -2.1908238e-01  -5.3825753e-02   3.3269996e-01   3.4239215e-01   4.9962678e-01   3.0894319e-01   1.7890840e-01   6.8438099e-01   1.9263282e-01  -5.4002509e-01   6.6105730e-01  -1.4986582e-01  -1.1005150e-02  -6.3537751e-02   3.4833421e-01  -1.1199335e-01   7.8712714e-02  -2.5775352e-01  -9.0308493e-02   3.6586230e-01   1.1452188e-02   2.8489150e-02   8.0943024e-02  -2.1742478e-01   5.6080350e-01  -2.9126589e-01   2.0928298e-01  -1.3900168e-01  -1.2884164e-01  -2.8224809e-01  -8.2642773e-03  -2.8219423e-01  -8.5919807e-02  -2.7613981e-01  -6.3282456e-01   7.2869082e-02   3.5281332e-02   1.9780480e-03  -1.7154275e-01   1.1622687e-01   2.3008783e-01   4.1446126e-01  -6.3826549e-02   7.3218381e-01   4.0396548e-01  -8.6674928e-02   5.1157221e-01  -1.9837182e-01   4.0266180e-01  -2.1907353e-01   5.7179472e-01   3.3094768e-01  -1.4387270e-01   4.4286688e-02  -4.0835755e-01   1.3333496e-01  -2.3880682e-01   1.6064995e-01   3.0285686e-01  -3.9443848e-02  -2.4236468e-01   2.8375989e-02  -8.3900313e-02   8.6552229e-03   2.1839252e-01   5.4245760e-01  -1.5643176e-01   4.0576100e-01   1.2742106e-01   2.0369410e-01   2.4730251e-01   3.4756454e-01  -9.6246268e-02   1.6619944e-02   3.0515625e-01  -1.1226591e-01   1.0881267e-01   2.8580328e-01  -2.5018913e-01  -1.5213767e-01   1.8628875e-01   6.4933296e-01  -1.2473448e-01  -9.7092444e-02   4.6802403e-01  -6.0537887e-01   6.2029794e-01   4.1822153e-01  -2.7768333e-01   7.9617343e-02   4.1293948e-01  -3.8044127e-02   1.7846847e-02  -4.9113320e-01  -1.8701171e-01  -3.2184387e-02   1.0564785e-01   2.3180387e-02   4.3012045e-01   1.5157616e-01   6.6287779e-01   7.6653407e-02   7.4336606e-01   1.9520450e-01  -4.0674442e-01   5.3397419e-02   1.4643675e-01   2.4751495e-02  -3.9501411e-01  -2.8223562e-01  -2.5595617e-01   4.5633795e-01   2.9549121e-01  -2.1246954e-03  -1.4516835e-01   2.9652682e-01
  -2.6162770e-01   1.8952882e-01   1.0690133e-02   3.9549357e-01  -4.9314999e-01   5.9359150e-01   5.8999244e-01   8.8805362e-02  -3.0989327e-01  -3.2024827e-02   4.4646360e-01   0.0000000e+00   6.8519063e-02   8.1636436e-02   5.6836475e-01   1.4028260e-01  -2.1133829e-02   4.2417073e-01  -7.0488513e-02  -1.4674063e-01   1.0566357e-01   2.9598668e-01   1.8756950e-01  -4.2457023e-01   2.2104593e-01  -1.6073224e-01   6.4090186e-02   5.5350286e-02   2.6322505e-01   6.3826619e-01   3.0250683e-01   3.6771363e-01   4.0071761e-02  -1.5933269e-01  -8.5236856e-02   2.0267906e-02  -2.5244972e-01  -4.0843148e-01   1.7154350e-01  -2.8910503e-01  -9.5185149e-02  -4.1539404e-01  -4.5561701e-01   2.5239786e-01  -2.1759703e-02  -1.2739530e-01   3.8443213e-01   6.8068773e-01  -2.5847438e-01  -4.8729119e-01   4.1793287e-01  -2.3795463e-01  -2.4143420e-01  -2.3508950e-01   2.0968372e-01   1.9030236e-01   1.2833144e-01  -7.1475139e-02   2.7911453e-01   3.7455288e-01   2.0752258e-02  -2.7249952e-01  -3.8261579e-02   3.2969105e-01   1.0048590e-01   4.2083800e-01   3.9203415e-01   2.2317613e-01   4.3479813e-01   2.9948874e-01  -3.0907226e-01   4.5931932e-01  -2.5438318e-01   3.0620312e-01  -7.8836200e-02   1.4285990e-01  -2.4745682e-01  -1.9248504e-01  -1.5797989e-01  -1.1130664e-01   4.0322921e-01  -7.7113722e-03   6.9291882e-02  -7.5338738e-02   8.0756659e-02   4.2182503e-01  -1.6845989e-01   2.4008619e-01  -7.9601391e-02  -3.1518511e-01  -2.5086346e-01  -1.2907981e-01  -2.0376832e-02  -1.3181489e-01  -4.4669565e-01  -6.0234776e-01   1.2730800e-01  -1.2707802e-01  -6.5889532e-02  -1.6075641e-01   3.2664581e-01   2.4992114e-01   5.7989731e-01  -1.9413411e-01   5.7928489e-01   1.6407855e-01  -5.1306003e-02   3.0693584e-01  -4.1314801e-01   2.7269070e-01   1.1876373e-02   4.9353804e-01   2.0504482e-01  -2.6134301e-01   3.0967734e-01  -3.5980177e-01  -1.6910995e-01  -2.2155441e-01   3.0540531e-01   3.0150367e-01  -2.7976568e-01  -1.8948432e-01   2.9196463e-01  -1.6271438e-01  -9.6224543e-02   2.8228045e-01   5.8558845e-01  -3.8425789e-01   1.3789471e-01   3.1859711e-01   1.9314202e-01   1.8139222e-01   4.1308417e-01  -2.1712465e-02  -1.9234008e-01   1.2444050e-01  -3.2400148e-01   1.8042302e-01   1.9401553e-01  -3.4678334e-01  -2.7635864e-01   2.9197702e-01   3.1709658e-01   2.5062728e-01   2.1758777e-01   4.1749791e-01  -1.8869397e-01   4.5891243e-01   3.4468126e-01  -3.5822388e-01   3.1667655e-01   4.9044286e-01  -9.6719047e-02  -2.0146764e-01  -8.8035076e-02  -4.2174762e-01  -1.2197089e-01   1.3464911e-01  -6.0887199e-03   4.7270613e-01   1.1759049e-01   3.7303939e-01  -3.1112901e-02   4.7366178e-01  -3.1413070e-02  -2.6703090e-01   1.1320640e-01   1.2924387e-01  -4.5225956e-02  -3.1496274e-01  -2.7289475e-02  -5.3843566e-01   1.3886556e-01   4.4043268e-01   8.0558081e-02  -4.3962409e-01   1.3477175e-01
  -1.0601476e-01   3.9799848e-02  -2.4995007e-02   2.1026206e-01   1.9845339e-01  -5.7804757e-02   1.0489487e-01  -1.9444647e-01   1.2349322e-01   1.1329716e-02  -2.6578345e-02   6.8519063e-02   0.0000000e+00  -6.8762225e-02   6.3144125e-02   1.7525646e-01  -4.6756391e-02   7.2255352e-02  -7.5493393e-02   4.6507296e-01   8.9185376e-02  -1.5609723e-01   2.7546373e-02  -5.8079347e-02   7.1442566e-03  -1.4656220e-01   3.7831124e-01  -2.1763767e-01   2.5085362e-01  -1.2281822e-01   1.1305919e-01   5.4326245e-03  -4.8754504e-02   2.1764220e-01  -5.3359879e-02   3.4991821e-01  -8.9892954e-03  -1.0910593e-01   3.3907501e-01   2.5250177e-01   6.9434827e-01  -1.9669110e-01   1.8577107e-02  -1.1420791e-01   5.8498864e-02  -3.2468570e-01   9.9784246e-02  -7.6447416e-02   5.9777793e-02  -1.1377421e-01   7.8230123e-02  -9.1086769e-02   1.7508457e-01  -5.1627717e-02   4.3271983e-02  -2.5440851e-01  -2.4512889e-01  -2.2005130e-01   2.7998699e-01  -1.6134789e-01  -9.3902400e-02   7.3026076e-02  -8.2942165e-02   4.4812766e-03   5.0436698e-02   1.5720671e-01   6.1146843e-02   1.9913497e-01   1.2850168e-01  -9.3996021e-02   1.1243121e-01   2.2471871e-02   4.5107486e-01  -1.8529356e-01   2.3349459e-01   5.2903727e-02  -8.2774756e-02  -2.6993549e-01   2.7320534e-01   1.0763157e-01  -6.1733992e-02   1.3082853e-01  -1.0215580e-01  -2.5922719e-01  -5.4238229e-03  -5.4076228e-02   8.5007316e-02  -6.7327802e-02  -1.4157036e-01  -1.8857113e-01   2.0917682e-01  -1.7184569e-01   2.2738422e-01  -1.1400621e-01  -1.7266417e-01   6.8837254e-02   3.2621752e-02   1.0851187e-01   4.7273824e-02   1.1110397e-02  -1.0679146e-02  -6.3755170e-02  -3.9339599e-02  -1.6418077e-01  -4.6756426e-02  -9.4070388e-02  -1.1837200e-01   1.1898505e-01  -6.2320394e-02   7.9501262e-02   5.4724536e-02  -3.3404812e-02  -1.4782238e-01  -2.8229675e-02  -3.7806933e-02   2.5266272e-01  -1.4710329e-01   5.3463085e-01  -2.1801160e-01   2.2111090e-01  -9.5090416e-02   2.4464710e-01   3.3600069e-01   5.3285450e-02  -1.2332475e-01  -5.2444872e-02   2.8928488e-02   8.7652045e-02  -2.8670708e-01   7.4245964e-03   4.1409364e-01   3.1242153e-01  -1.1865161e-01   1.2843395e-01  -3.1724226e-01   2.2092785e-02  -5.9904025e-03  -5.4197413e-02   9.9674190e-02   1.0927830e-01  -9.4957441e-03   4.6243847e-01  -3.6199905e-01  -1.5386842e-01   1.7206065e-01  -3.8311948e-02   1.3074313e-01   8.7779800e-02   2.1477083e-01  -3.7442045e-02  -5.6608738e-02  -4.0810368e-02  -7.7330891e-02  -3.6889881e-02   1.3162449e-01   2.2558842e-02  -1.7417457e-03   2.2152999e-01  -7.8273467e-02  -6.3942541e-02  -6.5587489e-02  -2.6709348e-01   1.0874314e-01  -5.3425644e-02   7.7044997e-02   2.6222728e-01   8.6259217e-02  -2.5145698e-01  -8.1300002e-02   1.0404734e-01   2.7181572e-01  -3.9459753e-01   4.4278100e-02  -2.6733166e-01   5.2188307e-02  -2.1865820e-01  -9.7242764e-02
   2.0068166e-01  -3.4043896e-01  -6.0357617e-02   3.8028439e-01  -4.0792511e-01   2.5181956e-01   2.5759051e-01  -1.1196387e-01  -2.2111875e-01  -1.5495327e-01   6.0126965e-02   8.1636436e-02  -6.8762225e-02   0.0000000e+00   2.5251002e-01   2.9176632e-01  -3.1483432e-02   3.9689876e-02   1.5240918e-01  -4.5616569e-01   5.5871458e-01  -7.6336001e-02   3.6204883e-01   1.4272645e-01   2.6191356e-01  -9.7871730e-02  -4.0467006e-01   4.7628672e-01  -8.8133962e-03   1.2509947e-01   3.4460166e-01   1.8011269e-02   1.1982677e-01  -2.0286049e-01  -1.1248066e-01  -3.8987374e-01  -1.1892564e-01  -1.0109915e-01   1.8717537e-01  -3.4236428e-01  -3.5758648e-02   1.3201795e-01  -1.8979079e-01   5.2142062e-01  -3.2041250e-02   1.2655617e-01  -1.0222051e-02   3.9499144e-01   1.2318200e-01  -2.7243098e-01   5.0379188e-02  -1.8401952e-01  -4.2342515e-05   4.4150375e-01   7.4285382e-01   5.4135311e-01   1.5762755e-01  -2.4740524e-01   1.8595908e-01   2.4557500e-02  -1.4817650e-02  -1.5011998e-01   1.9411716e-01   2.7658345e-01   1.0360535e-01  -5.2432104e-02   3.4117138e-01   8.9053440e-03   9.1381547e-02   1.0664027e-01  -2.6651836e-01   1.6348160e-01   7.7967864e-02   2.0182613e-01   5.3624493e-02  -1.6731083e-01  -1.0556028e-01   4.2110124e-03  -5.0953639e-01   2.5013252e-01   5.0489786e-01  -6.4825657e-02   4.2582872e-01   7.5265290e-03   4.8046863e-01   7.1280645e-02   3.2821536e-01   7.2706379e-01  -7.2181926e-02   1.4984493e-01  -3.9634716e-01  -4.0058563e-02  -2.8926944e-01  -4.7179536e-02  -1.9992069e-01  -3.0339474e-01   3.8659925e-01   3.0779758e-02  -2.1443584e-01   1.1246844e-01   7.1639014e-01   3.3296121e-01   3.8835781e-01  -1.4658120e-01   1.3298789e-01  -2.6890059e-02   4.7771654e-01  -4.8713576e-02  -3.5027339e-02   5.3943543e-02  -3.1019179e-03  -1.1811716e-01   1.7577123e-01   7.7073012e-02   6.1072666e-01  -3.4718715e-01   9.5426808e-02  -2.5751819e-01   7.1422596e-01   3.8679314e-01   1.0018884e-01  -5.0339249e-01  -1.5795261e-01  -1.6536282e-01   1.0636945e-01   7.4028449e-01   8.6331418e-02   3.0800549e-01   5.5286122e-03   1.0574474e-01   1.0568542e-01  -1.3800919e-01   4.3718495e-01   2.6123241e-01   7.5630161e-02  -2.8013932e-01   2.5359767e-01   7.0406907e-01  -2.1969877e-01  -1.4237360e-01   2.6010458e-01  -6.7684194e-02   1.1495400e-01   5.0938095e-02  -4.4726129e-02   3.5161355e-01  -1.7438982e-01  -2.8200380e-01  -2.0714194e-01   1.9584327e-01   6.1069213e-01   4.6362528e-01   4.3600433e-01  -3.6996519e-01  -3.3726142e-01  -9.2753411e-02   7.8669302e-02   2.1113232e-01  -5.0491467e-02   3.1837264e-01   1.3269857e-01   1.5328213e-01  -1.3700986e-01  -3.7048488e-02  -1.7618065e-01  -3.0651083e-01  -1.0012047e-02   3.7277233e-01   3.2359717e-01  -1.6747233e-01  -5.7643253e-01   6.4567084e-02  -1.4182583e-01   2.6447941e-01   2.5815167e-01   3.6685018e-01  -1.5555527e-01
