   0.0000000e+00   5.3653703e-02  -1.3574310e-01  -5.0557946e-02  -2.5894044e-02  -4.3243433e-01  -3.5526361e-01   2.4811150e-01   5.0143495e-02  -1.0162108e-01  -1.0852863e-01   7.3890532e-02   9.3413344e-02   4.1324368e-01   1.2116856e-02   2.5962268e-02  -1.1788177e-01  -2.3476129e-01  -3.2883307e-01  -3.6645161e-02  -5.1454068e-01  -2.0498759e-01  -3.2785569e-01   8.1265130e-01  -1.2914084e-01   2.1945215e-01  -3.1124510e-01   1.3690794e-01  -3.8705087e-02  -1.6034982e-01  -3.1979170e-01   1.6949935e-01   2.3173145e-01  -3.6751534e-01  -3.3461400e-02  -2.0746942e-01  -1.6559954e-01   2.5093885e-01  -1.8875363e-01  -1.1466567e-01   1.1253941e-01   3.6779731e-01   6.3298610e-02  -1.4828691e-01   2.6754205e-02  -1.9633008e-01  -2.4849658e-01  -3.8565113e-01  -4.4648835e-03  -1.6842105e-01  -1.4034730e-01   2.1704160e-01  -2.7927231e-01   1.2060906e-01  -1.5333645e-01  -2.9330362e-02  -3.2148042e-01  -1.7871601e-01   6.4578505e-02  -2.0433224e-01   2.6160449e-01   2.7695019e-02   2.2793951e-01  -5.3124630e-01  -3.3644299e-02   1.5775589e-02  -4.0599480e-01   5.1301648e-02  -2.6241696e-01  -8.7044209e-02   6.1280500e-02  -1.5095725e-01   2.5581189e-01   1.6529402e-01   1.9984333e-01   7.8614839e-02   1.7330777e-01  -2.9116763e-02   1.2436767e-02  -4.0607172e-02   2.3915702e-01   2.1235905e-01  -1.6882600e-01   1.0058249e-01   2.6323305e-01   3.7263213e-01  -1.3818248e-01   5.3528231e-01   5.6506960e-02   9.0303959e-01   8.6565002e-02   1.4750934e-01   3.0993804e-02   1.7397002e-01   1.2924974e-01  -6.2205413e-02   7.3736385e-02  -1.1852340e-01   3.1537209e-02  -1.1984971e-01  -1.7327051e-01   1.3408089e-01  -2.5459449e-01  -1.5797933e-02  -1.6468522e-01  -6.1533208e-02  -2.2242825e-01  -5.4716832e-02  -1.2393145e-01  -3.5227681e-01   1.1238595e-02  -1.4312652e-01   2.1032665e-02   8.0964743e-01   2.1767896e-01   9.2685259e-02   1.8585657e-01   2.1862639e-01  -3.4442443e-02   1.7334778e-01   6.6077957e-01   1.0469630e-01   1.8990456e-01  -2.5232702e-01  -2.1993258e-01   1.2075923e-01  -1.6362649e-01  -6.2773980e-02  -2.6346540e-04  -3.0335363e-01  -1.4766361e-01  -2.4018829e-01   2.8770252e-01  -5.6860081e-01  -1.0278943e-01   8.1247961e-04   2.5167074e-01  -3.4530104e-01   6.5788259e-02   7.6299910e-01   8.0731768e-01   2.1122267e-01  -1.6128080e-02  -2.3594238e-01  -1.0338016e-01  -3.7920720e-02  -1.0023957e-01   6.6379592e-02  -2.2290506e-01  -4.5041938e-01   3.7772118e-01  -8.2987267e-02   5.2151774e-01  -2.3302101e-01  -3.8949610e-02   8.7185524e-01   3.6136187e-01   2.0587082e-01   1.4094862e-01   2.6489415e-01   2.3503075e-01  -4.9244669e-02  -1.5425431e-01  -2.3340214e-01   2.1083031e-01   1.9152806e-01   2.9774868e-02   4.8732606e-01   6.3855667e-01  -2.9754594e-01   1.5570945e-01   4.5285526e-05  -5.3230190e-02  -3.5151474e-01   2.1131646e-01  -1.8568377e-01  -1.1778879e-01
   5.3653703e-02   0.0000000e+00   4.3350902e-01   6.4580497e-02   4.2728175e-01   1.4499660e-01  -1.6585314e-01   1.2228504e-01   5.5666927e-01   6.6191294e-03  -6.4096438e-02   7.7887335e-01  -5.0396455e-03  -4.6675104e-01  -6.1997703e-01  -2.2545787e-02   4.6351265e-01   3.4988951e-02   4.0391912e-02   3.4805020e-01  -1.7223228e-01   1.1797588e-01  -4.9702162e-01  -1.5500014e-01  -9.5135043e-02   2.0965755e-02   4.6753164e-01  -6.8886714e-01  -2.0715934e-01   3.2544126e-01  -5.4228031e-01   6.7528997e-02  -8.4886976e-02  -2.6596044e-01   2.8491705e-01   2.8291636e-01  -2.9983341e-01   1.3043609e-02   8.1521256e-02   4.9659643e-01  -2.3481022e-01  -1.7093774e-01   4.2337835e-01  -4.3389654e-01   2.0816811e-01   2.0694827e-02   1.4691564e-01   4.4346082e-01   2.3297533e-01   3.5516895e-01   8.7263757e-02  -1.5322487e-01  -4.1662988e-02  -1.7164202e-01  -3.1406794e-01  -4.9572536e-01  -4.4075285e-01   2.8683774e-02   1.3393369e-01   4.3886945e-01   1.3214089e-02   1.4988094e-01   5.9760932e-01  -8.5646243e-02   3.1144901e-02   2.8412123e-01   4.3659303e-01   2.8481047e-02   1.7586408e-01   5.8026680e-02   6.0404957e-01  -1.3091551e-02   7.4563467e-02  -8.6961154e-02  -8.9231434e-02  -7.6864980e-02  -1.4650512e-01  -7.6644967e-02   5.5126310e-01  -7.9458918e-03  -6.0470403e-01   1.3608828e-01  -3.5796589e-01  -1.8733710e-02  -1.9308991e-01  -3.7125794e-01   4.7845970e-02  -2.3855051e-01   1.5092691e-01  -1.1451005e-01   5.9798307e-01   1.2809617e-01   2.0227297e-01   2.2396183e-01  -2.5523921e-01   3.1680700e-01  -1.1859084e-01  -8.9775979e-04   2.4025896e-01  -1.6620540e-01  -5.1645787e-01   2.7141816e-01  -5.7948463e-01   6.4430871e-01   1.6429969e-01   4.0690499e-02  -9.7059567e-02   1.6311947e-01  -3.5957224e-01  -9.7900231e-02  -2.7108001e-01  -2.4992129e-02  -1.6927092e-01   3.2925906e-02  -4.7640159e-01   5.5107982e-01  -2.6934671e-01   1.0162375e-01  -4.9333035e-01  -1.3869393e-01  -9.6569338e-02   4.7619751e-01   3.1956086e-01   1.2654022e-01   4.9736528e-03  -2.9093145e-01  -6.5998352e-01  -1.5975092e-01  -1.0498308e-03   1.4395752e-01   6.1951366e-02  -1.6587669e-02  -3.1246711e-02  -3.8342620e-01   1.2656099e-01  -1.4627254e-02  -1.1921452e-01  -4.3044407e-01  -9.2063701e-02  -3.2210995e-02  -1.4113108e-01  -1.6000013e-02   2.4298122e-02  -2.2773475e-01  -5.3080479e-01   4.9549431e-01   1.2639064e-01   4.0864524e-01   1.0387143e-01  -5.5853630e-01  -3.9798523e-01  -6.6134908e-01  -1.9846792e-01  -1.3186873e-01   5.1379536e-01   3.2874122e-02  -1.5298591e-01  -1.6335213e-01   1.4932876e-01  -4.6982090e-01   2.2329934e-02  -2.7217101e-03   2.5087971e-01   3.0526159e-02   2.2203682e-01   4.3052777e-01  -4.3278795e-01  -4.6943072e-01  -1.0450572e-01   1.6130329e-01   2.7605553e-01  -2.3223926e-01   8.8676639e-02  -1.5711978e-01  -6.0353476e-02  -1.5215399e-01   2.4584727e-01
  -1.3574310e-01   4.3350902e-01   0.0000000e+00  -2.6241053e-01   2.0558890e-01   4.5323322e-01   1.1717067e-01  -3.0119887e-01   2.3301059e-01   3.4151942e-02  -1.5788218e-01   5.3272527e-01   1.2508990e-02  -3.2894735e-01  -4.1216836e-02   3.1075224e-01   9.2359007e-01  -7.7480158e-02   1.7748905e-01   2.3440538e-01  -2.3830444e-01  -2.2390196e-01  -1.9317741e-01  -2.4648220e-01  -1.0573503e-01  -2.1736313e-01   4.6032118e-01  -2.6231050e-01  -1.0149654e-02  -4.9684061e-02  -1.8442870e-01  -8.7837729e-02  -2.3870869e-01   3.0119448e-02   3.0428291e-01   1.5751538e-01  -5.7666806e-01  -1.1482560e-01   1.4460012e-01   5.1696059e-01  -3.7900021e-01  -1.4380412e-01   9.2457482e-02  -2.6211480e-01  -3.4862874e-02   6.5031108e-03   4.3776652e-02   2.9272124e-01   7.7233441e-02   7.1290474e-01  -3.9357475e-02  -2.8556634e-01   9.9016005e-03   9.2925531e-02  -3.0578992e-01  -4.4360027e-02  -1.6352206e-01  -2.8680236e-01  -1.0359598e-01  -1.2824592e-03   3.0374209e-01   1.4179149e-01   2.5182745e-01  -1.0867149e-01  -2.6000924e-01   1.9524409e-01   4.1464500e-01  -2.4658182e-02   1.4400444e-02   5.3462393e-01   4.1538108e-01  -1.1602792e-01  -2.2447303e-02   1.1829639e-01  -1.7347099e-02  -2.1824828e-01   7.7644168e-02  -1.5588267e-01   2.6240856e-01  -1.4949236e-01  -1.7076903e-01   1.5210296e-01  -1.2121006e-01  -2.7096284e-01   8.6650637e-02  -2.6409223e-01  -5.3747161e-02  -2.6289440e-01   1.1059331e-02  -1.9369690e-01   2.5136984e-01   5.8948017e-01   2.8958533e-01  -1.0123902e-01  -1.1170357e-01   2.3839734e-01  -7.7019045e-02  -1.3675939e-01   8.3671218e-03  -5.9707567e-02  -4.5974992e-02   3.6024939e-01  -3.4840382e-01   6.5696757e-02  -6.7648214e-02  -2.1632686e-01   1.3489291e-01  -1.1778627e-01  -1.1891005e-01  -1.3775053e-01   7.9638515e-02  -2.6415141e-01  -2.7612191e-01  -1.6527854e-01   6.6811871e-02   9.8247168e-02  -1.2162669e-01   4.2996773e-02   2.0349720e-01  -2.5299089e-01  -1.9236541e-01   3.3386331e-01   2.4661518e-01  -2.8595381e-01  -1.1737888e-02  -2.6020787e-01  -3.8919928e-01  -7.0383054e-02  -2.5957831e-01   6.2949109e-01   9.6170305e-02  -1.2707709e-01  -4.1466648e-01  -2.3324913e-01  -9.2072402e-02  -2.3965141e-01  -6.8299988e-03  -1.5937645e-01  -2.0383332e-01  -8.0876890e-02  -1.6523530e-01  -4.7935454e-02  -1.5043987e-01   5.4429587e-01  -1.7372147e-01   7.0873910e-02   2.9042161e-01   1.5615066e-02   2.3340805e-02  -4.1296868e-01  -2.4045957e-02  -2.8761878e-01  -1.0701679e-02  -1.8829409e-01   7.2712459e-01  -2.3121351e-01  -1.0735852e-01  -1.9540145e-01   4.9587790e-01  -2.2502094e-01   5.9641912e-02  -1.6482341e-01   2.0023019e-02  -2.0786831e-01  -1.1103445e-01   2.3395642e-01  -2.3752253e-01  -3.8138527e-01  -1.4172982e-01   1.4161950e-01   5.1519142e-02  -3.4178053e-02  -1.1008987e-01   2.9514856e-01   4.9768900e-02   2.0677113e-02  -8.7342503e-03
  -5.0557946e-02   6.4580497e-02  -2.6241053e-01   0.0000000e+00  -2.6375409e-02   1.1201937e-01  -2.0684596e-01   1.3593600e-01   1.4820961e-01  -1.1190212e-01   3.7636056e-01  -9.7347524e-02   1.5141370e-02  -1.6947205e-01  -3.0390758e-01  -5.9146941e-02  -2.0301004e-01   4.4850899e-01   2.8494496e-01   4.1493837e-02   8.1020048e-02   7.1788507e-01   3.5268462e-02  -1.3026619e-01   1.2529274e-01   1.1338826e-01   1.3373578e-01  -2.4690179e-01  -8.1151921e-02   5.5036894e-01  -7.7972229e-02   5.0220118e-01   2.5934188e-01  -1.4596094e-01   9.7728201e-02   2.2586214e-01   2.5793955e-01   1.6784726e-01   8.9098457e-02  -2.8476785e-01   2.4797621e-01   2.3748572e-01   1.5001226e-01  -6.0887945e-02   8.1897374e-02   3.0389848e-01   3.5483066e-01  -2.6528216e-02  -8.4064753e-02  -4.3766397e-01   5.8831165e-01   9.4672564e-02  -3.0662565e-01  -2.4449334e-01  -1.8382779e-01  -1.7160546e-01   1.4545748e-01   6.3840278e-01   5.3996474e-01   4.5633384e-01  -6.5810043e-02  -2.0785807e-02   7.0207476e-02   2.5104917e-01   1.7143944e-01  -2.5622521e-01   1.7843825e-01  -2.4070983e-01   4.0466792e-01   2.4729710e-03  -3.4455248e-01   4.1956673e-01  -9.9887797e-02  -1.4619453e-01  -2.4765745e-01   3.5685870e-01   2.6072795e-02  -1.2668892e-01  -1.3185945e-01   1.5335152e-01  -3.7647364e-01  -2.3779138e-01  -3.3274859e-01   2.7272238e-01  -1.1568148e-01   4.2925396e-02  -1.2129680e-01  -2.2355794e-01  -1.5219694e-01  -1.2895732e-01  -1.6822107e-01  -1.1644062e-01  -3.6927560e-01   2.1504298e-01   8.0204129e-02   9.2009884e-02   1.1838945e-01   3.3339528e-01   1.2159979e-01  -7.9572042e-02  -3.6946993e-01  -1.9339210e-01  -1.7400433e-02   2.8118955e-01   5.8401908e-01   7.0581621e-01  -1.5237747e-01   4.0341252e-01  -2.3305194e-01   2.3231427e-01  -5.2959453e-01   5.9574537e-01   4.3776934e-01   2.6219861e-02  -4.5071989e-01  -1.9019086e-01  -1.6570017e-01  -1.0733514e-01  -3.3180364e-01   5.7899404e-01   9.9849279e-04  -2.4258346e-01  -3.0751783e-01   4.1385561e-01   3.3367860e-01   2.6690971e-01   1.9711153e-02  -1.6071249e-01   6.9844373e-01  -4.3999319e-02  -2.9345332e-02   4.8704121e-03   5.3457647e-01   1.0213608e-01   6.4405578e-01   3.4118704e-01  -3.0903673e-01  -1.8182129e-01   2.4551702e-01  -7.1038745e-02  -1.8142283e-01  -1.3642881e-01   4.1023468e-01  -2.8993423e-01  -1.6118381e-01   2.0794693e-01  -3.8926809e-01   2.9077536e-01   3.2817066e-01   1.6567351e-01  -2.4672784e-01  -3.0334467e-01  -1.9591796e-01   2.4210145e-01  -3.4888539e-01   8.0078408e-02   3.1362921e-02   3.4243550e-01  -2.3383434e-02  -3.0570309e-01  -2.8554327e-01   4.3487424e-01  -7.9293660e-02   7.3349606e-01   5.4096213e-01  -3.6519950e-01  -1.3569763e-01  -8.1707948e-02  -1.4118953e-01  -3.9622016e-01  -2.6831252e-01   4.7433484e-02   3.3418107e-01  -7.1596779e-02  -1.0984620e-01  -6.6094827e-02   4.8809019e-01
  -2.5894044e-02   4.2728175e-01   2.0558890e-01  -2.6375409e-02   0.0000000e+00  -6.0361393e-04  -2.4280448e-01  -4.5715476e-04   3.9346599e-01   2.1293527e-01   1.9066865e-01   3.3688549e-01   7.8573938e-02  -3.9908098e-01  -4.6665743e-01   1.8618233e-01   2.8371350e-01   3.8429015e-01  -1.9252098e-02   8.5603446e-01  -1.7084165e-01   3.9835133e-02  -3.2871945e-01  -9.3862550e-02  -5.8223278e-02  -1.1086968e-01   4.1694352e-01  -4.9379204e-01  -2.1749055e-01   1.1316976e-01  -3.7486521e-01   1.6903897e-01  -9.0183954e-02  -1.0776053e-01  -6.4906594e-02   6.8316794e-01   9.6474251e-02  -1.5923845e-01   2.1028288e-01   2.9925187e-01   8.5038818e-02   1.2980805e-02   9.5559666e-02  -1.4781283e-01   1.4040541e-01  -1.0390763e-01   4.0787982e-01   2.8201531e-01   3.0463634e-01   1.6340158e-01   2.0989100e-01  -1.2307916e-01   2.3463574e-01  -9.8228828e-02  -3.5190189e-01  -2.9838938e-01  -4.4516639e-01   3.0459159e-02   6.3257055e-02   2.9644372e-01   1.0555581e-01   4.5616939e-01   5.2250713e-01  -1.9438398e-01  -7.5726194e-02   1.3820820e-01   3.3438503e-01   1.9293022e-01   2.9058798e-01  -2.3128892e-02   2.4198825e-01   2.4619136e-01  -2.4973685e-02  -3.0707650e-01  -1.4109946e-01  -8.8730429e-02   4.1745684e-03  -4.9082368e-02   7.7132511e-01   1.9263506e-02  -3.7610073e-01   1.7833487e-01  -2.8035907e-01  -1.7033189e-01  -3.2611656e-01  -2.4658104e-01  -3.0338933e-02  -1.4643449e-01   4.2624041e-01  -4.5024449e-02   8.0131102e-01   1.6673050e-01   2.9654113e-01   1.8040851e-01  -2.3034905e-01   7.7691332e-01   1.9276698e-01  -2.1600576e-02   4.6879348e-01  -2.5998881e-01  -5.2314027e-01   1.8942338e-01  -3.6302422e-01   3.5114483e-01   2.7937627e-01   8.3615635e-03  -1.4362769e-01   1.5817408e-01  -1.3619039e-01   1.6422039e-01  -1.3465398e-01  -3.7109566e-02   8.7515350e-02  -7.8095321e-02  -4.6309946e-01   6.0908578e-01  -2.3236036e-02   7.3308786e-02  -5.5439561e-01  -8.3092332e-02  -4.5958641e-02   7.8731149e-01   3.7449404e-02   2.4025216e-01  -1.7912395e-01  -4.6010393e-01  -2.2241595e-01  -7.6988707e-02   1.4503273e-01   3.6539157e-03   3.5447432e-01   1.2894256e-01  -1.7211176e-01  -2.9760800e-01   1.2795578e-01  -1.1692558e-01   8.5403297e-02  -5.5763793e-01  -1.4153561e-01  -8.8435264e-02  -7.2898913e-02   9.0421579e-02   6.7414239e-02  -2.5735531e-01  -4.2970173e-01   3.9976096e-01  -6.2125432e-02   5.7083195e-01   2.3308932e-01  -3.2500566e-01  -3.7637211e-01  -4.2537528e-01  -1.3458275e-01   7.5790644e-02   2.0805894e-01   4.0974199e-02  -1.3571062e-01  -9.5023005e-04   1.1616652e-01  -1.5902449e-01   3.0896548e-01   8.1627779e-02   5.1974826e-01   9.6389775e-02   1.7313221e-01   3.6078674e-01  -6.7599559e-02  -4.1076775e-01  -1.5134803e-01   3.9012989e-01   5.2872924e-01  -3.4121802e-02   3.9388983e-01  -2.1129478e-01   3.2035636e-02   1.1072971e-01   8.8541202e-02
  -4.3243433e-01   1.4499660e-01   4.5323322e-01   1.1201937e-01  -6.0361393e-04   0.0000000e+00   2.6350391e-01  -1.4340748e-01  -1.0205727e-01   1.5442233e-01   4.1258433e-01   1.6864517e-01  -1.6823113e-01  -3.6197010e-01  -2.2388026e-01   1.2974857e-01   3.9310347e-01   3.0399981e-01   6.4726879e-01  -3.2964442e-03  -1.0136311e-02   1.5878689e-01  -2.4165634e-02  -5.7520593e-01   2.2965437e-01  -2.9695041e-01   3.6699807e-01  -2.3059064e-01   5.1054122e-02   4.0667719e-01  -9.7283674e-02  -3.8399496e-02  -2.6016181e-01   2.9229261e-01  -4.7703349e-03   3.4925118e-01  -1.2846528e-01   1.2294652e-01   2.7201875e-01  -9.9339302e-02  -1.0195545e-01  -3.3552359e-01  -1.8654512e-01   1.8307269e-01  -2.0183934e-01   4.3100237e-01   4.9184367e-01   2.9640847e-01  -5.5281910e-02   1.8599324e-01   3.0128558e-01  -3.0367818e-01   5.9014242e-02  -1.2694675e-01  -7.1179329e-02   9.9602161e-03   4.9672319e-01   9.9751514e-02   2.7391675e-01   2.8719224e-01   1.5061761e-01  -1.4071637e-01  -9.2260555e-02   4.9304506e-01  -2.3148999e-01  -1.5578133e-01   7.4017380e-01   2.2562429e-02   4.2749572e-01   3.7436881e-01  -2.4272594e-01   3.0165481e-01  -1.2439414e-01  -4.2347547e-02  -2.5831772e-01  -2.7840791e-01   1.5924146e-01  -2.9450195e-02  -1.3172842e-01  -7.7177683e-02  -3.4536900e-01  -1.2539231e-01  -1.0481530e-01   7.5094200e-02   2.5378430e-01  -3.8439024e-01  -3.5745812e-01  -4.7891199e-01  -1.1031104e-01  -5.1070377e-01  -8.1333359e-02   1.6048097e-01  -8.9016347e-02  -3.0333867e-01   2.1584014e-01   2.6582169e-02  -1.1686789e-01   2.8053981e-01   9.9194405e-02  -1.3620764e-01  -7.4535408e-02   4.1484940e-01  -1.9869717e-02   1.4175030e-02   3.6533041e-01   5.9285571e-02   1.7169576e-01   1.7974907e-01  -2.6778649e-01   4.7830579e-01  -2.0915222e-01   2.0694396e-01   5.2106774e-02  -1.8352542e-01  -2.9326727e-01  -3.0992519e-01  -3.8073223e-01  -1.2722355e-01   2.8082770e-01  -1.9919366e-02  -2.8167831e-01  -8.8737451e-02  -1.6788633e-01   1.5024767e-01   4.1141918e-01   4.5232569e-03  -1.0923306e-01  -2.0497542e-01  -4.8471089e-02   6.0173336e-01  -1.7458867e-02  -5.1073760e-02   7.2589850e-02   1.8414148e-01   1.6993180e-01  -1.7313590e-01  -3.2162284e-01  -7.8143311e-02  -1.8231365e-01  -1.8125967e-01  -4.0063867e-01  -2.6420360e-01   1.6743013e-01   4.0284963e-01  -1.1680415e-01   6.6258157e-02  -1.9769871e-01   2.2575497e-01   5.3404884e-01   2.1207302e-01  -7.7838743e-02  -2.6451871e-01  -1.6672813e-01   3.0057076e-01   6.3835778e-02  -3.9864742e-01  -6.9842944e-02  -3.6234084e-02   1.8789128e-01  -4.4060921e-01  -1.1217324e-01   1.1710869e-01   8.5088403e-02   3.4773448e-01  -1.0845439e-01  -2.9587902e-01  -9.6294749e-02  -2.5121111e-01  -2.7001124e-01   1.0546377e-01  -2.4738284e-01   1.5431550e-01   1.4163095e-01   7.3182046e-01  -1.4953661e-01   7.8182938e-02   9.2755420e-02
  -3.5526361e-01  -1.6585314e-01   1.1717067e-01  -2.0684596e-01  -2.4280448e-01   2.6350391e-01   0.0000000e+00  -3.9167015e-01  -2.0832523e-02   4.1081025e-01  -2.6773718e-01   1.6720965e-01  -8.1426297e-02  -1.0694100e-01   3.0866140e-01  -4.1799453e-02   4.5348585e-02  -1.9072717e-01   3.1762676e-02  -1.5597605e-01   3.9996455e-01  -2.5854594e-01   5.4926408e-01  -3.6631505e-01   1.0576275e-01  -3.1937035e-01   2.5853152e-01   2.3224075e-01   6.1644683e-02  -4.4868654e-02   1.6753514e-01  -3.9139385e-01  -1.5300275e-01   7.7468649e-01   3.1884186e-01  -9.1666114e-02   3.8627163e-03  -2.7155211e-01   7.8390782e-02   2.4961021e-01  -2.7900232e-01  -2.4294285e-01   9.1667568e-02  -5.3338054e-02   1.0639429e-01  -1.0951879e-01  -9.8595211e-02   4.8937022e-01  -2.8412450e-01   2.7321374e-01  -1.6919877e-01  -4.1866734e-01   2.0312477e-01  -1.5154778e-01   1.1061947e-02   1.9697532e-02   9.8630011e-02  -2.7195757e-01  -2.6243961e-01  -1.1231768e-01  -3.1658807e-01  -1.0172991e-01  -2.7312850e-01   2.7669271e-01  -2.3646466e-02   4.2743268e-01   1.2563145e-01   1.7188305e-02  -2.3593707e-01   1.1488507e-01   8.5090448e-02  -1.8646149e-01  -1.6164413e-01  -1.6207624e-02  -7.6840054e-02  -3.3902923e-01  -3.5585238e-01   1.7005880e-02  -1.1334909e-02  -2.4893418e-01   2.3981050e-01  -1.9173520e-01   1.6735314e-01  -2.0397517e-01  -7.2376795e-02  -3.3256563e-01   2.0763010e-01  -2.3354346e-01  -1.3930587e-01  -4.2042443e-01  -2.6502291e-01  -3.0176770e-01   2.9500417e-01  -2.3134217e-02  -1.0155038e-01  -2.4658670e-01  -7.8503853e-02   1.3878295e-02  -3.1320558e-01   5.6993686e-01   3.5728095e-01   9.2509393e-02   2.1368253e-01  -2.1930714e-01  -2.1228146e-01  -3.0326817e-01  -1.8344243e-02  -1.8371527e-01   1.2066379e-01   1.2165772e-01   4.7463719e-01  -1.6178703e-01  -3.1313844e-01  -3.5511433e-01   2.2891474e-01  -2.0742496e-01  -1.5842667e-01  -2.7732149e-02   2.8266876e-01  -2.9323977e-01  -3.7849301e-01  -1.8978090e-01  -1.4831815e-02  -2.3989954e-01  -1.0503199e-01  -5.1947627e-02   8.0430648e-02  -7.1913074e-02  -3.3715521e-01   3.0674232e-01   5.5124522e-02   4.2840574e-01  -1.8402101e-01   2.7384878e-01  -2.3998900e-01  -2.3354426e-01  -2.1890148e-01   4.5996425e-01  -2.3270773e-01  -3.1521136e-01  -2.7423876e-01  -3.2492916e-02  -3.6818866e-01   5.6137698e-01   2.8031840e-01  -4.1883729e-01   4.9556408e-01  -2.3078567e-01   1.1403743e-01   2.1781313e-01  -8.7262205e-02   2.3911371e-01  -2.6951934e-01  -1.3056822e-01   2.0791277e-01  -4.5527091e-01  -2.8137665e-01  -2.4612687e-01  -2.4781886e-01   1.3061098e-01  -8.5163024e-02  -3.1206364e-01   4.6839966e-02  -1.6512278e-01  -4.6981628e-01  -1.9473657e-02   2.1567794e-01  -2.0923397e-01  -3.5768886e-01   1.3862428e-01   9.0418976e-03  -1.6368511e-01  -2.7063851e-01   2.2288635e-01  -6.9202209e-02  -4.7733140e-02  -1.8321371e-01
   2.4811150e-01   1.2228504e-01  -3.0119887e-01   1.3593600e-01  -4.5715476e-04  -1.4340748e-01  -3.9167015e-01   0.0000000e+00   6.1300195e-02  -2.3718788e-01   2.3074324e-01  -1.7764876e-01  -1.3742951e-01   1.0924920e-02  -2.9722975e-01  -2.9167351e-01  -2.7378267e-01   8.3101395e-02   7.0838971e-02  -7.0924735e-02  -2.7322308e-01   4.3419668e-01  -3.2421812e-01   1.1326192e-01   4.5132411e-02   4.5059690e-01  -2.5863809e-01  -1.0272278e-01   5.6158912e-02   3.5559040e-01  -1.4360991e-01   1.9199978e-01   2.2586333e-02  -4.9013747e-01  -1.6510939e-01  -4.6085816e-02   2.2539537e-02   1.9257460e-01  -1.9911943e-01  -1.8731826e-01  -2.0361960e-02   6.0748118e-02  -1.4984825e-02   9.5979011e-04   9.7995239e-02   1.6861227e-01   3.5314883e-02  -2.7436018e-01   5.5380461e-02  -2.9550808e-01   7.7788251e-02   5.6474998e-01  -2.0439422e-01  -1.0397327e-01   5.4078074e-02  -2.9296845e-01   1.1273992e-02   3.2601104e-01   2.3574315e-01   1.9634155e-01   5.4007851e-02  -6.7527603e-02   1.6549598e-01   5.3556162e-03  -5.7189715e-02  -2.2758253e-01   3.1881646e-02  -3.1523877e-02   2.5645488e-01  -1.8116783e-01  -7.7940779e-02   2.0458816e-01  -1.0316230e-01  -1.6143240e-01  -4.6053725e-02   3.5530165e-01   6.8492363e-02   6.4192164e-02  -1.8451038e-01   8.4844052e-02  -1.3554819e-01  -8.7207944e-02  -7.4527842e-02   3.7956424e-01   1.0464751e-02   2.0961568e-01  -1.0924783e-01  -1.1942690e-02   6.6266381e-02   1.8474492e-01  -1.7996680e-02  -5.5540202e-02  -3.4306518e-01   1.4316211e-01   1.0835371e-01  -2.3425866e-02  -1.3689451e-02   3.2990740e-01   2.9699761e-02  -1.6626496e-01  -2.8350088e-01  -3.8459202e-02  -1.7171632e-01   2.5322333e-01   1.3072089e-01   3.3232124e-01  -1.2379403e-01   4.1628143e-01   1.2731979e-01  -1.4511679e-01  -2.2145505e-01   1.8564631e-01   1.8721981e-01   3.3417271e-01  -1.3306550e-01  -4.0885506e-02  -3.2068634e-02  -1.7857563e-01  -2.4221881e-01   2.1559002e-01   1.2714894e-01  -7.4829267e-02  -1.5639264e-02   1.4734740e-01   1.1048802e-01  -1.0093546e-01  -1.4211230e-01   1.9233239e-02   2.5841268e-01  -2.5438874e-01  -2.9960267e-01  -2.0726273e-01   2.6176385e-01  -1.1033597e-01   1.3863689e-01   3.9519494e-01   6.2876512e-02  -2.0689487e-01   3.5068157e-01   2.9999033e-01   1.6790556e-01  -2.4989727e-01   4.5059016e-01  -4.4542309e-01  -1.5899047e-01   3.1750029e-01  -2.7524509e-01   2.4695194e-02  -7.9095388e-02  -1.3109977e-01  -1.3061698e-01  -1.3993947e-01   2.1309196e-03   2.1065591e-01  -2.1016168e-01   3.0626616e-01   7.6441113e-02   2.0047711e-01  -9.7076366e-03  -8.3576884e-02  -1.3259358e-02   4.4427136e-01  -2.7487651e-01   1.6411535e-01   3.6155815e-01  -3.1259577e-02  -4.9514342e-03   2.4634138e-01   1.1073747e-01  -2.0945566e-01   1.0435692e-02   4.2520306e-02   1.5729119e-01  -2.9202175e-01  -1.1226988e-02  -5.8302808e-02   3.7118975e-01
   5.0143495e-02   5.5666927e-01   2.3301059e-01   1.4820961e-01   3.9346599e-01  -1.0205727e-01  -2.0832523e-02   6.1300195e-02   0.0000000e+00  -6.9878902e-02  -4.1004286e-02   4.7504056e-01   2.8578858e-01  -3.1935203e-01  -2.2819220e-01   1.2544567e-01   2.9339382e-01   1.1722121e-01  -8.4275131e-02   4.2701256e-01   1.6291843e-01   1.8436246e-01  -1.7018487e-01  -1.0987461e-01  -2.2694451e-02  -1.3903256e-02   3.2523700e-01  -4.7797561e-01  -7.6616990e-02   1.9846732e-01  -1.2599718e-01   2.2717975e-01   9.1683270e-02  -1.5481723e-01   3.3486358e-01   1.7121840e-01  -1.0030142e-01  -1.6523650e-01   1.2907240e-01   4.8520079e-01  -1.1772293e-01   3.1604189e-02   4.9209910e-01  -5.4341552e-01   4.2198945e-01  -2.0313328e-01   3.9483950e-02   4.0030209e-01   2.3919245e-01   2.7035568e-01   1.4484100e-01  -1.5326202e-01   4.5080316e-02  -1.5000281e-01  -2.7153723e-01  -5.6803643e-01  -5.8850236e-01   1.0627127e-01   4.6557738e-02   3.7902642e-01  -1.5233465e-01   2.6961631e-01   5.9923909e-01  -6.7041084e-02   3.0513702e-01   2.9383444e-01   3.0587161e-01   1.6408300e-01   2.9681575e-02  -1.2335675e-02   4.7338660e-01   8.1232640e-02   8.3487467e-02  -1.9734314e-01  -1.1237005e-01   7.4408161e-02  -2.8576927e-01  -1.5613703e-01   4.5435235e-01   1.0352181e-02  -3.6242630e-01   2.1669441e-01  -1.5831156e-01  -3.3563896e-01  -3.6246219e-01  -2.1293443e-01   4.0964917e-01  -1.6094246e-01   1.4580978e-01  -8.0106865e-02   4.0775924e-01  -2.0396740e-04   6.3714789e-02   4.3761795e-01  -4.3640242e-01   3.3040560e-01   4.6991700e-02   2.8162768e-02   2.1960998e-01   1.3629989e-02  -3.2550781e-01  -7.8662373e-03  -5.3249901e-01   6.3053230e-01   2.8644876e-01   1.2525161e-01  -5.3155259e-02   1.6098819e-01  -1.5658316e-01  -5.8095528e-02  -3.5077283e-02  -1.2729171e-01  -7.8294902e-02  -1.0735616e-01  -2.4267962e-01   4.4016305e-01  -3.2894263e-01   1.6935911e-01  -4.2014246e-01   3.5204245e-02  -1.9196785e-01   3.3878305e-01   2.7259285e-01   2.0369586e-01  -1.8856716e-01  -3.1021391e-01  -2.9301814e-01  -7.2133776e-02   2.2206252e-01   4.3795922e-02   2.3250097e-01   2.9092325e-01  -7.5005990e-02  -1.2030471e-01   2.8929308e-01  -9.4886888e-04  -1.5380529e-02  -1.4020657e-01  -6.1486925e-04  -1.1229717e-01  -1.0505022e-01   2.6129110e-01   1.9402501e-02  -1.3443171e-01  -1.2150507e-01   3.7887874e-01   2.2652922e-01   2.5951711e-01  -1.9179876e-02  -3.4865903e-01  -4.6295322e-01  -4.7175966e-01  -2.6068467e-01  -5.8898835e-02   4.2613989e-01   5.7983174e-02  -2.5743574e-01  -2.9573490e-03   8.9161827e-02  -2.5973186e-01   1.8633726e-01   3.9103831e-02   1.1370377e-01   1.2568115e-01   2.7603974e-01   3.4127252e-01  -1.6346793e-01  -5.3138237e-01  -2.4724267e-01   2.1868967e-01   1.9204972e-01  -2.9530784e-01   2.1935295e-01  -3.2786624e-01   5.3075191e-02  -5.6886696e-02   2.5957439e-01
  -1.0162108e-01   6.6191294e-03   3.4151942e-02  -1.1190212e-01   2.1293527e-01   1.5442233e-01   4.1081025e-01  -2.3718788e-01  -6.9878902e-02   0.0000000e+00  -7.1307953e-02   1.8808747e-01  -5.6091099e-02  -3.4768796e-01  -1.0519385e-01  -1.0879568e-01   1.7270804e-02   4.2356274e-02   6.4427357e-02   2.4711654e-01   1.5730082e-01  -1.6790178e-01   3.4305059e-01  -2.1094184e-01  -2.4876204e-03  -3.4139300e-01   2.9680883e-01  -9.1554974e-02   8.4476960e-02   3.8832782e-02  -2.6254689e-01  -2.5865178e-01  -4.1640106e-02   5.0255869e-01   2.5617318e-02   1.9913382e-01   2.9423649e-01  -1.4632994e-01   6.7714605e-02   1.4731530e-01  -5.5740162e-02  -1.0674013e-02  -6.6890364e-04  -3.3294039e-03  -4.3915030e-02   3.9263384e-02   4.8385275e-02   3.8037725e-01  -4.7418491e-02   1.0199635e-01   8.2881194e-03  -3.2942146e-01   1.9000076e-01  -1.4500420e-01  -2.1605767e-01  -1.3256580e-01  -1.5583639e-01  -2.1718977e-01  -1.1022696e-01   3.3142893e-02   2.0337467e-02   1.2153035e-01  -3.6748044e-02   2.4056567e-02  -1.2653120e-01   3.7399184e-01   1.7231802e-01   2.5949550e-01  -3.1330057e-02   8.4272102e-02   3.6403359e-02  -4.2327000e-03  -1.1035474e-01  -1.8744807e-01   9.6041742e-02  -4.4217999e-01  -1.3504736e-02  -2.2338251e-02   2.7381831e-01   6.0484295e-02  -6.2198595e-02  -1.6585337e-01  -6.1680523e-03  -5.7055378e-02  -2.1665247e-01  -4.1289612e-01  -4.5645363e-02  -1.9410442e-01   5.8556125e-02  -2.5345151e-01   1.0667289e-01  -1.0304851e-01   5.6295478e-01  -1.0153371e-01   3.9277764e-02   2.6073797e-01   1.1004572e-01   5.6576471e-02   1.4152609e-02   2.2493904e-01  -1.7553870e-01   1.7929329e-01  -6.4079065e-02   4.8659516e-02   1.0256887e-02  -2.9104270e-01  -2.0108214e-01   4.1846490e-04   9.7150052e-02   2.1552641e-01   1.9180691e-01  -1.2351586e-01  -1.5836533e-01  -5.4904068e-03  -1.9044200e-01   1.4122180e-01  -1.6317940e-01  -1.2722202e-01  -1.7690553e-01  -2.6957242e-01  -1.3797159e-01   1.6883052e-01  -1.1551307e-01   4.1385437e-02  -5.0020692e-03  -2.4663781e-01  -3.2333012e-02  -1.5163194e-02  -9.5807646e-02   1.6745904e-01   1.8053444e-01   2.7558462e-01  -1.0222302e-01   6.1256300e-03  -1.0587729e-01  -3.4196415e-01  -3.3536896e-02  -5.3037639e-02  -3.0806100e-01  -9.5677334e-02  -1.8462820e-02   4.5016735e-02  -2.3920790e-01   1.1270935e-01  -8.0749414e-02  -1.3447735e-01   2.3345955e-01   1.2502890e-01   3.7018957e-01   7.1087790e-02  -3.1163465e-01  -7.1997568e-02  -1.2175783e-01  -1.3494439e-02   8.6752547e-02  -5.2869341e-02  -7.4509072e-02  -1.6632950e-01  -8.1022021e-02  -9.2313220e-02   3.6428658e-02  -1.8591572e-01   4.7005868e-01  -3.8935438e-02  -3.0112350e-01   1.2388156e-01   1.4073503e-01  -2.3329123e-01  -1.8080873e-01   2.4971748e-01   2.6102112e-01   8.9383378e-02  -6.7099348e-02  -8.0141634e-02   1.4598519e-01   2.1872280e-01  -1.1557587e-01
  -1.0852863e-01  -6.4096438e-02  -1.5788218e-01   3.7636056e-01   1.9066865e-01   4.1258433e-01  -2.6773718e-01   2.3074324e-01  -4.1004286e-02  -7.1307953e-02   0.0000000e+00  -2.8591927e-01  -8.6439616e-02  -1.2030586e-01  -1.6537536e-01   1.8328648e-02  -1.3892507e-01   8.0287819e-01   3.9442081e-01   1.2098546e-01  -8.6078018e-02   5.3865594e-01  -5.2971860e-02  -2.0278671e-01   1.2473760e-01  -3.8227181e-02  -5.9507670e-02  -1.6455664e-01  -1.7662280e-01   5.3517288e-01   1.0081379e-01   4.1960642e-01  -1.1526548e-01  -6.5993148e-02  -3.1523343e-01   4.9639820e-01   3.0543348e-01   2.8883175e-01   2.3548025e-01  -5.4801262e-01   3.4778757e-01  -1.0985011e-01  -3.2631209e-01   2.8462660e-01   3.0308681e-02   4.0759908e-01   7.5274476e-01  -3.5865008e-02   1.0720140e-01  -4.4555142e-01   6.9503715e-01   8.0467610e-02   1.3380693e-01  -1.0543766e-01   2.6088857e-02  -7.9224485e-02   2.6842759e-01   5.0342802e-01   5.5155467e-01   3.4020567e-01   1.0943325e-01   9.0578575e-02   8.4234784e-02   3.8045362e-01   5.9395966e-02  -4.7813715e-01   3.4694633e-01   8.0775810e-02   6.4368764e-01   7.9629944e-02  -6.0343347e-01   7.6322684e-01   8.6790884e-03  -3.2496737e-01  -3.3399176e-01   2.4062649e-01   2.6964854e-01   7.6805235e-02  -1.8725684e-01   1.7943992e-02  -2.8619245e-01  -1.0655680e-01  -1.6430033e-01   1.4526285e-01   1.3763524e-01   1.0566986e-01  -4.8079646e-01  -1.8230520e-01   1.1299757e-02  -1.4931761e-01  -4.0621007e-02  -3.8030314e-02  -4.4427598e-01  -7.6588352e-02   2.0938009e-01   9.0030359e-02   9.1834613e-02   2.8690969e-01   3.9106155e-01  -3.6662165e-01  -3.1873632e-01   2.6128391e-01   1.9563554e-02   1.2089422e-01   7.3395585e-01   5.2613779e-01  -7.0680517e-02   3.6160864e-01  -1.7776475e-01   6.2387244e-01  -4.9173565e-01   5.7696237e-01   5.3968472e-01  -1.9989202e-03  -4.1006559e-01  -1.9802689e-01  -1.9016410e-01  -6.9785649e-02  -3.8912294e-02   4.2076340e-01  -6.9114025e-02  -1.2785849e-01  -3.6973059e-01   4.8993499e-01   3.4361839e-01   9.7057003e-02   8.6731017e-02  -1.2663806e-01   4.7600866e-01   1.6283868e-01   8.8147528e-02   5.6898055e-02   4.3779936e-01   2.0847594e-01   3.4818428e-01   2.1144135e-01  -2.2785573e-01  -2.6934489e-01   1.8948404e-01   4.9313324e-02  -1.1503555e-01  -2.0686684e-01   6.4169469e-01  -1.3165853e-01  -2.4307335e-02   3.0025507e-01  -7.1567479e-01   5.7584706e-01   5.7379489e-01   2.3126367e-01  -9.2353763e-02  -2.9194813e-01  -1.0371884e-01   7.5322195e-01  -4.4343896e-01   5.0806221e-02   4.8573110e-02   4.4025211e-01  -2.4938434e-03  -2.4208186e-01   1.1450781e-01   5.6524783e-01   5.7151091e-02   6.9135993e-01   2.6902203e-01  -4.5465577e-01   2.2218786e-01  -2.5907943e-03  -6.2485510e-02  -8.3344710e-02  -2.7286905e-01   2.6424164e-01   6.0975496e-01   2.9545305e-01  -1.6742905e-01   9.3133315e-02   2.8662805e-01
   7.3890532e-02   7.7887335e-01   5.3272527e-01  -9.7347524e-02   3.3688549e-01   1.6864517e-01   1.6720965e-01  -1.7764876e-01   4.7504056e-01   1.8808747e-01  -2.8591927e-01   0.0000000e+00   1.0858412e-01  -3.7026343e-01  -3.5741778e-01   1.0075515e-01   5.0754135e-01  -1.8175597e-01  -1.1734821e-01   3.7673438e-01  -1.6493950e-01  -2.5177542e-01  -2.8898532e-01  -6.9288265e-02  -1.3848333e-01  -7.1374611e-02   4.9223689e-01  -4.2962887e-01  -1.0694212e-01   1.1933626e-02  -5.2523210e-01  -8.1195105e-02  -1.0809416e-01  -2.7294080e-03   4.9556127e-01   1.4561314e-01  -3.4113123e-01  -1.3892630e-01   9.5979657e-02   5.9494054e-01  -2.1612596e-01  -1.7304564e-01   4.4934757e-01  -4.8572931e-01   2.5446703e-01  -1.6447822e-01  -7.0619703e-02   4.7729415e-01   1.9722155e-01   5.0309583e-01  -7.6780088e-02  -3.1797791e-01   3.9781421e-02  -1.2723464e-01  -3.7498869e-01  -3.3109909e-01  -4.2547581e-01  -2.7196326e-01  -6.6214752e-02   2.5046091e-01  -2.0056320e-02   1.9083721e-01   4.4462616e-01  -2.2138069e-01   1.5632108e-03   5.5316097e-01   3.2134142e-01   1.3708879e-01  -7.3413464e-02   6.0908764e-02   6.5472518e-01  -1.7103085e-01   1.0740652e-01   7.2272225e-02   5.9688686e-03  -3.0759854e-01  -2.0999202e-01  -1.1958688e-01   5.5295320e-01  -2.5045688e-02  -3.6559432e-01   2.2537439e-01  -2.8420505e-01  -1.9425533e-01  -1.9184320e-01  -4.5933424e-01   1.3288521e-01  -1.1922972e-01   8.4630679e-02  -7.8673042e-02   4.9177754e-01   1.8891625e-01   4.3378689e-01   1.8668891e-01  -3.0947906e-01   2.5345600e-01   1.6645755e-02  -1.2611479e-01   1.5307221e-01   8.8393986e-02  -3.2571100e-01   4.0592443e-01  -4.8257995e-01   3.9217982e-01  -2.2378213e-02  -2.3112648e-01  -1.0200507e-01  -2.3198382e-02  -2.1487380e-01  -1.9844244e-01   1.1534889e-01  -2.9327607e-01  -3.4566789e-01  -1.8028427e-02  -2.1785811e-01   4.8029414e-01  -2.7538928e-01   2.3892347e-01  -2.9007109e-01  -2.2070155e-01  -8.2761097e-02   5.0230753e-01   4.5287993e-01  -1.6597299e-01  -1.6976534e-01  -1.8601544e-01  -5.4066035e-01  -1.5238420e-01  -1.8583443e-01   1.3251685e-01   1.3872197e-01   9.8775357e-02  -2.0204115e-01  -4.6700836e-01   5.0684169e-03  -2.4033852e-01  -5.7006931e-02  -3.0173543e-01  -2.4039491e-01  -1.1908055e-01  -8.8166918e-02   1.2215562e-01  -3.0859182e-01   5.6917089e-02  -3.5165046e-01   1.7027587e-01   3.9928518e-01   2.0020702e-01  -8.7527658e-03  -5.6799066e-01  -2.6981335e-01  -4.7918789e-01  -1.4002979e-01  -2.9711709e-01   6.1209639e-01  -1.1779911e-02  -2.1076346e-01  -1.8017987e-01   1.5821951e-01  -3.0268538e-01   1.0180231e-01  -3.1854323e-01   2.9046790e-01  -2.0192853e-01   1.7161410e-02   6.0678668e-01  -2.7897347e-01  -4.4552902e-01  -1.0824980e-01   1.9181169e-01   3.5128949e-01  -2.9222911e-01  -5.3227727e-02  -9.2058525e-02   1.6444505e-02  -1.0860957e-01  -6.5866739e-02
   9.3413344e-02  -5.0396455e-03   1.2508990e-02   1.5141370e-02   7.8573938e-02  -1.6823113e-01  -8.1426297e-02  -1.3742951e-01   2.8578858e-01  -5.6091099e-02  -8.6439616e-02   1.0858412e-01   0.0000000e+00   1.5565359e-01   4.8682113e-02   2.9924509e-01  -9.7016764e-03  -6.6946537e-02  -9.9259450e-02   1.9501861e-01   1.9216673e-01  -1.1934738e-01   8.0883850e-02   9.1864770e-02   1.4954564e-01  -2.6328734e-01   1.1321750e-01  -1.6686639e-01  -1.3938903e-02  -2.0038359e-01   1.0261748e-01  -5.2471210e-03   1.6321895e-01   2.1746703e-02  -3.9821687e-02   4.3269637e-02   8.5126025e-02  -1.5431942e-02   1.8396621e-01   1.5566347e-01   4.1412600e-01   2.7779522e-02   1.7736405e-01  -1.8985968e-01   2.0889800e-01  -1.3814866e-01  -6.5579723e-02   6.8643486e-02  -1.0230194e-02   6.0345734e-02   8.1536369e-03  -2.3595879e-01   9.5517503e-02   1.6540918e-01   1.0243405e-01  -1.0069734e-01  -1.9396888e-01  -1.2863374e-01  -2.2197859e-01  -4.5563851e-03  -1.8902760e-01   2.1016884e-01   1.4413367e-01  -2.0393010e-02   3.0095621e-01   1.3056424e-01  -3.7693376e-02   1.3166095e-01   5.4692260e-02  -4.7134677e-02   5.4743981e-02  -1.5345112e-02   4.2346949e-01  -1.5664365e-01   1.7365919e-03  -1.7083367e-01  -1.1359501e-01   1.8055763e-02   1.4899080e-01   5.2974550e-03  -5.6707107e-02   4.1978204e-01  -1.0393655e-01  -2.8994506e-01  -3.7238659e-02  -9.1118652e-02   3.3674645e-01   5.3851023e-02   1.3393772e-02   7.8363578e-02   1.5986759e-02  -6.6476432e-02   5.5817248e-02   1.0353214e-01  -1.6581812e-01   1.0522142e-01   2.5681968e-01  -9.3474530e-02   1.9954502e-01   9.3551577e-02   3.9647224e-02  -1.2679759e-01  -4.6587127e-02   1.6123930e-01  -1.8722487e-02  -1.0840446e-01  -3.9986142e-02  -7.0296574e-02  -6.4417757e-02  -6.9445087e-02   3.6124300e-02  -9.3084291e-02   1.4785691e-01   1.3267637e-01  -1.1377757e-01   1.7819542e-01   3.2409239e-02   6.2692823e-01  -5.1818915e-02   3.2485957e-02   1.4914042e-02   3.4144730e-02   1.0123001e-01   5.6993185e-03  -1.3486300e-01  -5.5841109e-02   1.3043813e-01  -1.4382405e-02   1.8794892e-01  -6.9493851e-02   3.3805903e-01   2.4664030e-01  -8.0036852e-02   6.6247472e-02   2.4824688e-01  -2.4510202e-01   9.4020769e-02   4.5144709e-02  -2.2015562e-01   3.6248493e-02  -5.2187276e-02   7.5096580e-01  -2.1439063e-01  -3.4340217e-02   8.0375885e-02  -9.7925154e-02   6.3782578e-03  -1.0074030e-02  -8.0754121e-02   7.3697378e-02  -3.3115633e-02   1.6835346e-02  -2.4330405e-02  -1.6167702e-01   8.1402362e-02   8.5050812e-02  -1.2270897e-01   1.8472555e-01  -1.2954976e-01  -2.7977868e-02   1.5945093e-01  -1.5474145e-01   2.5050233e-01  -1.0026532e-01   8.8871813e-02   6.4479327e-02   3.8123397e-02  -1.4648247e-01  -1.0175216e-01   1.2446283e-01  -1.1843791e-02  -2.4939227e-01   1.2796297e-01  -1.1782263e-01   6.1910166e-02  -1.3357211e-01   1.0159804e-01
   4.1324368e-01  -4.6675104e-01  -3.2894735e-01  -1.6947205e-01  -3.9908098e-01  -3.6197010e-01  -1.0694100e-01   1.0924920e-02  -3.1935203e-01  -3.4768796e-01  -1.2030586e-01  -3.7026343e-01   1.5565359e-01   0.0000000e+00   5.1608589e-01  -5.2264726e-02  -3.8707476e-01  -3.2714905e-01  -2.1964302e-01  -3.6513034e-01  -1.4129594e-01  -3.2205282e-01   1.8871750e-04   6.5379845e-01  -2.7960859e-02   2.6995069e-01  -5.5021973e-01   5.9566262e-01   6.7324048e-02  -3.5944436e-01   3.8271817e-01  -2.5432903e-02   1.6747430e-01  -4.3981979e-02  -1.2650303e-01  -3.7275967e-01   5.5259156e-02   1.3340388e-01  -1.9860686e-01  -3.8100962e-01   2.8040909e-01   1.1026911e-01  -2.3708667e-01   3.6287723e-01  -8.9767693e-02  -2.0621130e-01  -2.3607407e-01  -4.2856296e-01  -1.9138472e-01  -1.7538882e-01  -2.6190065e-01   1.7694809e-01  -1.1406660e-01   2.8875463e-01   5.8031712e-01   6.0210881e-01   1.9817026e-01  -2.3111682e-01  -1.9714339e-01  -4.8775945e-01  -4.1122799e-02  -2.0826422e-01  -2.1628141e-01  -1.1297978e-01   3.5267870e-02  -2.5885339e-01  -6.1653009e-01  -5.7293035e-02  -2.7681210e-01  -2.5227948e-01  -3.4027717e-01  -1.9443135e-01   3.0811543e-01   3.7680302e-01   1.2561226e-01   1.3790314e-02   4.8547334e-02  -9.5197206e-04  -3.9622588e-01  -8.7450722e-02   6.4162077e-01   2.3590423e-01   1.8519533e-01   2.0519539e-01   4.1318084e-01   5.5117870e-01   1.5528575e-01   6.9045842e-01   2.1045952e-02   5.4166352e-01  -4.0740837e-01  -7.6889314e-03  -2.4137095e-01  -4.4947957e-02   1.9881638e-01  -4.0359923e-01   3.1647565e-02  -1.9199063e-01  -9.2622259e-02  -5.2377237e-02   5.8009813e-01  -1.1096951e-01   5.6153816e-01  -4.1294430e-01  -3.3841835e-01  -1.1104782e-01   1.6465006e-01  -3.2483668e-01   2.6508821e-02  -1.2620768e-01   1.4823505e-01   2.7341565e-02   7.7930937e-02   2.9217485e-01   4.5189619e-01  -3.4843510e-01   5.1003498e-01   2.9421031e-01   4.3127218e-01   1.8275348e-01   4.7076482e-01  -3.2552753e-01   6.3944829e-02  -2.2938815e-01  -1.4595164e-01   5.0870410e-01   4.5541514e-01   1.2754273e-01  -1.5002493e-01  -3.7605248e-01  -2.3930240e-01  -2.0830691e-01   2.5377166e-01   1.5224520e-01  -2.5842237e-01  -6.1287821e-02   2.2175236e-01   3.0484183e-01  -3.9490430e-03   3.8791392e-01   4.9190589e-01   2.3650240e-01  -6.0584271e-02  -2.2542522e-02   3.7393748e-01  -3.3106182e-01  -1.9356361e-01  -3.4382321e-01  -3.4236416e-01   2.6996348e-01   6.1700737e-01   6.4504394e-01   4.5973576e-01  -1.3240184e-01  -4.0963887e-01   2.6010953e-01   3.0576489e-01   1.7246105e-01  -1.0398598e-01   6.0779659e-01   4.3038261e-02  -8.8465285e-02  -2.2971694e-01  -3.1232548e-01  -1.4668562e-01  -1.3074530e-01   2.2715306e-01   7.0947877e-01   5.3130039e-01  -1.8039875e-01  -1.5772312e-01  -4.7775178e-02  -1.5608386e-01   3.9562741e-02   8.6312067e-02  -2.1793012e-01  -2.2043467e-01
