   0.0000000e+00  -2.2677676e-01  -6.4757079e-02   3.3785845e-02  -1.4620523e-01   3.3782020e-01  -1.5135248e-01   1.3253402e-01  -1.0986870e-01  -3.9335753e-01   6.9962676e-02  -1.2913309e-01  -5.4358066e-02   3.7607453e-01   6.5423243e-02  -7.5698349e-02  -5.2978007e-02  -4.9760456e-03   1.4077241e-01  -2.2937207e-01   6.5690895e-03   1.9185470e-01  -1.5864865e-01   5.5218435e-01   1.2650841e-02   6.4273950e-02  -3.1503445e-01  -6.8562820e-02  -8.6813974e-02   1.5291398e-01  -3.5650462e-02   6.3742642e-02  -1.3324564e-01  -2.6392625e-01  -5.3704644e-01  -2.1378649e-01  -1.1881215e-01   4.4610743e-01  -2.7983545e-02  -3.4411017e-01  -9.2430100e-02   2.5635485e-02  -6.9031607e-02   3.6496963e-01  -1.2371113e-01   6.3574004e-01   9.4799591e-04  -5.7564991e-01  -3.0366283e-02  -1.5431266e-01   2.3295208e-01   1.5546052e-02  -4.0714543e-01   1.3794437e-01   1.6034229e-01   3.1862136e-01   2.0314043e-01  -7.1974822e-02   1.9806649e-01   3.6499076e-01   3.4054880e-01   3.9292710e-02  -1.5386512e-01   1.8231444e-01  -2.7019403e-01  -2.4885409e-01   2.0233558e-01  -1.0457595e-02   1.4066115e-02   4.2648416e-02  -4.9341036e-01   1.8516738e-01  -1.0706424e-01   5.6668469e-01  -9.8914430e-02  -8.3985544e-02   4.2357120e-01   9.9665185e-02  -3.4353823e-01   1.0000405e-01   3.4814301e-02  -2.2553129e-02  -1.7599213e-01   2.0358336e-01   4.6158753e-01  -1.8804506e-01  -4.7328363e-01   5.1283778e-01  -1.0407223e-01   6.0954012e-01  -3.8188988e-01   3.3826188e-01  -4.2476062e-01  -2.7034403e-01   4.8923873e-01  -1.5874078e-01  -5.6269482e-03  -2.9181007e-02  -1.2975988e-01  -3.9213138e-01   2.3411789e-01   9.1873001e-02   1.7095697e-01   2.5834856e-01   2.2366460e-01   4.1277853e-03  -9.7129338e-02  -1.8291298e-02  -2.2705172e-01   1.0402339e-01  -2.6473059e-01   2.3899247e-01   1.0372416e-01   7.6410724e-01   3.5561165e-01  -3.9260257e-01   5.7354361e-02  -4.0773243e-02   6.6584366e-01   1.8834254e-01   5.7351096e-01  -4.0354779e-01  -1.5760526e-01  -3.7499557e-01   5.6889956e-01   5.7254861e-01  -6.8597500e-02  -2.4185074e-02   9.8816251e-02  -1.8042073e-01  -5.1377875e-02  -4.0390162e-01   3.0421497e-01  -3.5212662e-01   2.4566102e-01   5.7239319e-02   9.7962796e-02  -1.5389856e-01  -1.3981189e-01   5.4374911e-01   7.0791856e-01   5.7347580e-03   5.4280588e-02  -6.6946044e-02  -8.4004500e-02  -1.1476391e-01  -4.5858442e-01  -1.6930258e-01   5.3096240e-03  -4.3814846e-01   5.7021893e-01   3.4001967e-02   5.4737337e-01  -1.0409054e-01  -4.8505625e-01   5.8871045e-01   5.3737696e-01   1.7680803e-01   1.1665816e-01  -2.0653743e-01  -6.7892512e-02   1.2524789e-01  -3.3690309e-01   1.9025424e-01  -2.2570340e-01  -4.5875042e-01  -2.4320749e-01   2.1964492e-01   4.3334823e-01  -3.3690786e-01  -2.2663821e-01   4.1996589e-01   4.9662595e-03   3.0552872e-01  -1.5930796e-01   3.4629548e-02   1.2507916e-01
  -2.2677676e-01   0.0000000e+00   3.5791771e-01  -2.1785489e-02   3.1229334e-01   7.6085757e-03   2.0155785e-01  -2.8848855e-01   5.2482434e-02   2.5238296e-01  -3.4190134e-01   5.7050613e-01  -4.2380421e-02  -1.5072056e-01  -4.9243088e-01  -8.4568145e-02   3.9700307e-01  -1.8533795e-01   2.8675488e-02   3.5210473e-01  -3.3924018e-01  -1.5500973e-01  -2.6013824e-01  -2.2712080e-01   2.4057476e-01  -4.8157582e-01   5.3615585e-02  -2.8627265e-01  -5.9333538e-02   4.3031045e-02  -1.4221217e-01  -1.9961775e-01   2.2765678e-01   7.6020854e-02   3.5262999e-01   8.9938024e-02  -2.0885627e-01  -1.8356484e-01   5.2357210e-02   3.2080884e-01  -7.4695372e-02   2.0315490e-01   2.3064118e-01  -2.3795592e-01   1.5870335e-01  -3.2828237e-01  -1.8319888e-01   2.6058216e-01  -3.1114073e-03   4.2298798e-01  -5.9057235e-02  -3.4430015e-01   3.6281819e-01  -7.5007189e-03   2.6089869e-01  -2.1908984e-01  -1.1708229e-02  -7.6443230e-02  -1.9992888e-01  -3.3928950e-02   5.1335641e-02  -3.4298730e-02   2.5040450e-01   1.6208612e-01   5.4179694e-02   1.0303923e-01   2.4012871e-01  -2.7452412e-02  -1.5864678e-01  -5.8889094e-02   5.8018249e-01  -2.2840040e-01   4.3880159e-02   7.8462573e-02   5.8142731e-02  -1.8895971e-01  -1.8160983e-01  -1.5857119e-01   4.4355394e-01  -8.1229318e-02  -3.9828398e-01  -1.8067162e-01   2.0379975e-01  -1.6730603e-01   2.3537098e-01  -8.8533895e-02   5.4549185e-01  -1.0224230e-01   2.5391628e-01  -1.3565070e-02   3.9775412e-01   7.8978364e-02   1.3019818e-01   1.3475044e-01  -1.7054440e-01   3.6635107e-01   2.1877251e-02  -2.8262882e-02   1.5798024e-01   1.0697928e-01  -1.3142935e-01  -3.2866161e-01  -7.4116291e-02   4.2396476e-02  -7.6846951e-02  -1.4071007e-01   2.1283258e-01  -9.3186129e-02  -1.4469033e-01  -7.4553358e-02   1.2086133e-01  -1.1817639e-01   1.2386086e-02  -1.6497470e-01  -2.6004978e-01   4.5786721e-01  -1.7055231e-01   2.0684872e-02  -2.0628655e-01  -2.3426726e-01  -2.4063295e-01   3.4253883e-01   3.1101929e-01   2.1605420e-01  -2.0216231e-01  -1.8353372e-01  -2.1047424e-01   5.0800541e-02  -1.2322621e-01   8.2921005e-02  -6.2621857e-02   5.9548146e-02   2.9921120e-01  -1.8390223e-01  -1.1580222e-01  -1.5235880e-01  -4.7623310e-02  -1.2356338e-01  -1.4074488e-01  -1.0351043e-01  -2.5117944e-01   2.0522158e-01  -1.6106841e-01   1.8726976e-01  -4.2035732e-01  -6.1216104e-02   2.4002292e-01   1.9915438e-01  -1.7975116e-01   1.9358542e-01  -3.7486663e-01  -2.5363355e-01  -8.0593027e-02   2.7889518e-02   5.5713637e-01  -1.6611172e-01  -1.7201512e-01  -1.1606426e-01   2.5036187e-01  -3.0687476e-01  -1.2005175e-02  -2.1902700e-01   3.0896616e-01  -5.7663692e-02   1.4679433e-01   2.0116346e-01  -3.3768619e-02  -9.0172959e-02  -4.4501982e-02   2.6487855e-01   8.6081356e-02  -1.8703909e-01   1.4151798e-01   8.3593324e-02   3.6405885e-02  -1.9017333e-02  -9.1978095e-02
  -6.4757079e-02   3.5791771e-01   0.0000000e+00  -5.6551491e-02   3.8961925e-02   2.2155980e-02  -6.6726525e-02   7.4950970e-02  -1.3788319e-01   4.0325617e-01  -4.3946200e-01   3.7344734e-01   1.7696452e-02  -2.9584114e-01  -1.1179155e-01   4.7816780e-02   8.4421937e-01  -4.0716668e-01   1.2365188e-01   1.8021128e-01  -3.7904133e-01  -6.8015099e-02  -1.6937036e-01  -1.9329789e-01   1.9759159e-01  -2.1424956e-01   1.3616248e-02  -2.3195734e-02  -1.5697380e-01  -4.9405155e-01  -1.6545354e-01   2.1373086e-02   1.7927411e-01   6.7640170e-02   2.6872012e-01  -1.9907498e-02  -2.2075253e-01  -2.7212952e-01  -1.0269855e-02   3.7563896e-01   2.9560852e-02   9.9887685e-02  -2.0963694e-01  -4.4220940e-02  -1.8784344e-01  -1.2796527e-01  -2.2496257e-01  -1.0547985e-01  -1.8237156e-01   6.9496087e-01  -1.3452051e-01  -3.1342210e-02   1.3350078e-01   2.4746520e-01   2.3240749e-02   1.2792498e-01  -4.0259344e-02  -1.8684660e-01  -2.2113982e-01  -1.5008222e-01   1.9467500e-01  -1.0788769e-01  -1.0900814e-01  -2.1668707e-01  -3.9783759e-01   7.0768444e-02   7.3375664e-02  -1.4818301e-01  -9.8071865e-02   3.3672528e-01   3.8233074e-01  -2.5075756e-01  -1.0230659e-02   3.9768984e-01   3.2550689e-02  -8.5861442e-02  -1.0381062e-01   4.0393157e-02   2.7982405e-01  -9.5331195e-02  -1.7363438e-01   2.5960183e-02   1.2490015e-01   1.2720081e-01   1.3881337e-01  -5.7288957e-02   1.0514475e-01   1.4533675e-01   2.0484443e-01  -7.9390307e-02   3.6593871e-01   3.1177163e-01   4.4682613e-01  -1.7252554e-01  -1.5770397e-01   1.2265381e-01  -7.6446016e-02   7.8990055e-02  -2.9442434e-02   1.8377206e-02   3.8284222e-02  -2.0711340e-01   3.0139754e-02  -3.4238821e-01  -2.5984074e-01  -1.5378208e-01   2.5687926e-01  -4.5729408e-02  -2.6410395e-02  -1.4995235e-01   3.0941122e-01  -2.4168418e-01  -3.8225142e-02  -2.2202972e-01  -2.0119535e-01   2.4289777e-01  -7.0066139e-02  -9.2263575e-02  -1.9896053e-01  -1.2719282e-01  -1.1716836e-01   3.1789460e-01   1.9929536e-01  -2.0064784e-01  -2.1754355e-01  -1.4419858e-01  -2.4673192e-01   4.7348780e-02  -1.2151150e-01   5.8037499e-02  -1.5120371e-02  -2.6144787e-01  -9.8602484e-02  -1.7640255e-01  -2.7027198e-01   3.3449474e-02  -1.1916714e-01  -2.2861953e-01  -7.2628425e-03  -2.6694674e-01  -1.9947474e-01   3.1243139e-01   9.7986867e-02   3.0032790e-01  -3.0771439e-01  -4.2867353e-01   2.9979860e-01  -1.5491552e-01  -1.2972407e-01  -2.3442378e-02  -1.1541686e-01  -7.2016725e-02   1.1406891e-01  -2.2707238e-01   4.6983098e-01  -1.7827687e-01  -8.1250671e-02  -1.9873466e-01   4.4013038e-01  -1.6626240e-01  -1.7983809e-01  -3.2752982e-02   1.8933852e-01  -2.0887475e-01   5.3523045e-02   1.5691317e-01  -1.1828491e-01  -9.6189654e-02   1.8754243e-01   3.6783681e-01   1.8154690e-01  -2.6675980e-01  -3.9201284e-01  -1.5610789e-02   4.3599624e-02  -2.7077575e-02  -1.0157052e-01
   3.3785845e-02  -2.1785489e-02  -5.6551491e-02   0.0000000e+00   1.8554779e-01   4.3791815e-01   3.7389618e-02   8.7579853e-02  -1.8277123e-01  -7.9204808e-02   4.5295221e-01  -9.8340649e-02   4.7567621e-02   1.3606512e-01   8.9276696e-02   4.5788456e-02  -1.5443901e-02   2.5466070e-01   4.3583825e-02   1.5750341e-01   2.0525504e-01   5.6759268e-01   2.8246861e-01   1.2567445e-01   1.5208316e-01  -9.7831266e-02   4.9892182e-02  -2.8192886e-02  -1.7876100e-01   4.5724592e-01   1.5872231e-01   4.2399642e-01   1.8726815e-01  -1.0433828e-01  -2.0929197e-01   2.0441364e-01   2.5262507e-01   1.8448883e-01   1.5631970e-01  -2.7082925e-01   1.5282602e-01   2.0519058e-01   2.0107609e-01   3.2506732e-01   1.6399081e-01   2.1314258e-01   5.7829385e-01  -2.1040570e-01   1.6318396e-01  -2.3948332e-01   4.8305743e-01  -5.8938692e-02  -4.3190454e-01   4.4157659e-02  -4.5355773e-02   2.3898694e-01   1.0594057e-01   3.5542332e-01   2.9846686e-01   4.6197761e-01   4.2061887e-01   4.2956270e-01   3.4249798e-02   1.6078026e-01   6.1786672e-02  -1.9439626e-01   4.8379187e-01   1.9322372e-01   5.3786315e-01   2.8535997e-02  -4.7051780e-01   5.1204744e-01  -2.8223524e-02   9.3185416e-03   2.4421126e-01   3.7957074e-01   3.0184890e-01   3.1871820e-01  -2.5702987e-01   2.2171766e-01   1.7633301e-01   4.8028897e-02  -7.2729313e-02   1.7263469e-01  -2.1581606e-01   2.8244990e-01  -4.6333529e-01   4.3970870e-01  -2.9301924e-03   1.4757211e-01  -3.7666717e-01   4.0279008e-01  -2.8503045e-01   1.2425509e-01   2.0421398e-01   2.6600615e-01   4.6241953e-01   2.2345028e-01   4.1239399e-01   2.2577987e-01  -1.4300515e-01   1.1901145e-01   5.3563660e-01   3.7953034e-01   5.4832524e-01   4.8420680e-01   9.7145562e-02   3.2059823e-01   4.9737698e-02  -1.4794788e-02  -1.1984831e-01   5.7984784e-01   5.2620496e-01  -1.2177926e-02   6.4197982e-02  -3.3341858e-01  -1.2726750e-01   2.0064600e-02   2.4052910e-01   2.9587305e-01   2.2260503e-01  -3.7249610e-01   2.0617082e-01  -1.1363195e-01   1.7730520e-01   4.5220725e-01   1.4346894e-01  -1.7234357e-01   6.3627012e-01  -1.4481049e-01  -2.7944004e-02  -2.3062957e-02   2.2064557e-02  -4.0114994e-02   4.2646961e-01   3.3696395e-01   7.5875428e-02   1.8010228e-02   1.9064467e-01  -6.3973293e-03  -8.9366474e-02  -8.2360215e-02   4.0722694e-01   5.3113363e-02   2.6871572e-01   3.2174481e-01  -4.4535159e-01  -2.9870199e-01   1.1221149e-01  -2.9462757e-01   9.7679545e-02   2.9983587e-01   2.4142090e-01   1.9511600e-01  -3.5138675e-01   3.3929322e-02   1.9181112e-01   4.5277289e-01   1.9243544e-01   9.9575463e-02   3.3078452e-01   4.3186687e-01  -4.2919298e-01   7.3417781e-01   3.9379593e-01  -4.1618727e-01  -7.5129191e-02   3.0754915e-01   2.3405042e-01  -4.2443118e-01  -4.9291532e-01   2.5298709e-02   3.6227672e-01   5.0316471e-01   4.3519739e-01   2.9408481e-02   4.4562683e-01
  -1.4620523e-01   3.1229334e-01   3.8961925e-02   1.8554779e-01   0.0000000e+00   6.0592450e-02  -2.7007625e-01   1.0274591e-01   4.3644851e-02   3.5331458e-01   2.6157637e-01  -9.6871126e-02   2.2273853e-01  -3.9404081e-01  -3.5870664e-01  -2.8867828e-02   6.5882907e-02   3.2981891e-01   9.1214612e-02   8.2336030e-01  -5.4797895e-02  -1.2963938e-01  -2.6598385e-01   2.8140823e-01   1.0728346e-01  -1.5182955e-01   1.7613355e-01  -1.5067092e-01  -7.6412740e-02   1.8851286e-01  -2.2571838e-01   1.4845799e-01   1.8243662e-01  -3.7245601e-01   6.4125483e-02   4.8671004e-01   3.0443111e-01   2.0437131e-02   1.8468166e-01  -7.3038765e-02   4.3131066e-01   4.0427670e-02   3.7430273e-01   1.3292863e-01   3.6199371e-01  -2.6290014e-02   3.2109074e-01  -1.5469207e-01   3.6319028e-01  -8.3244478e-02  -5.7011796e-03   8.4983818e-02  -1.1168482e-01  -2.0124891e-01  -1.9057403e-01   7.4954463e-02  -5.5695511e-02   3.3414972e-01  -1.2883772e-01   7.9389830e-02   1.2950221e-01   4.5215263e-01   4.6518096e-01   5.0645455e-02  -5.7688732e-02  -6.4814730e-02   1.5505645e-01  -1.2822355e-01   2.3749426e-01  -1.8783108e-01   3.9870853e-02   2.5434999e-01   2.5311370e-01  -5.4674729e-02   1.3757559e-01   1.9405906e-01   4.8799231e-02   1.4197881e-02   6.3447359e-01  -1.5132999e-01  -4.0999920e-01  -1.1614725e-01   4.5219281e-02  -1.6247764e-01  -8.0845897e-02   1.2867439e-01   1.6164064e-01   6.0554973e-02   2.2427647e-01   2.9012639e-01   4.3901005e-01   2.0810613e-01  -9.1537567e-03   3.4524874e-01   1.1910592e-01   8.2790905e-01   2.9889890e-01   1.1307796e-01   3.9805319e-01   1.3912695e-02  -4.1679691e-01  -3.9412025e-01  -1.6646284e-01   3.0535749e-01   2.5463885e-01   2.8747542e-01  -6.4842101e-02   3.6462810e-01   3.0895928e-01   6.3876457e-02  -2.1807389e-01   1.6862312e-01   1.4895084e-01   1.1636695e-01  -4.1798837e-01   4.6088628e-01  -3.0436004e-02   1.7850974e-01  -6.0479068e-03  -1.8961755e-01   7.2912143e-02   3.7199998e-01   8.7634816e-02   9.4568271e-02   1.6000472e-01  -2.5590729e-02  -1.5292841e-01  -2.2530448e-01   2.2544583e-01  -1.8235461e-01   2.8925093e-01   1.3277111e-01  -1.4847395e-01  -2.8714280e-01   7.8563702e-02  -2.9836995e-02  -1.3393930e-01  -4.4700172e-01   2.7006319e-01   2.0549827e-01  -1.0185763e-02   3.8708104e-01   3.4156051e-01  -2.5689457e-01  -1.8932468e-01   1.9049187e-01  -3.6288079e-01   3.8833856e-01   8.6469473e-02  -1.8688126e-01  -3.2491451e-01  -3.3115947e-01  -4.1741168e-02   2.4924492e-01   2.6319130e-02   1.0217470e-01  -5.2392643e-02  -2.7349267e-02   1.1194688e-01  -4.0534899e-01   8.1447083e-02   3.2859970e-01   1.8054582e-01   3.3858675e-01   1.7163945e-01   4.7820455e-02   3.0621671e-02  -2.2735478e-01  -9.1453221e-02   3.8302906e-02   1.0936666e-01   1.2066496e-01   3.1363437e-01   1.0229625e-01   2.1881534e-01  -2.1492741e-01   2.3481759e-01
   3.3782020e-01   7.6085757e-03   2.2155980e-02   4.3791815e-01   6.0592450e-02   0.0000000e+00   3.5127296e-01   1.2003144e-01  -3.7634498e-01  -3.7892385e-01   5.1394344e-01  -2.1192052e-03   4.7547249e-02   2.7041125e-01   1.3130352e-02   6.7662068e-02   5.8511619e-02   2.7397405e-01   1.9250683e-01   7.9483611e-03   1.7634275e-01   5.8961161e-01   1.4769641e-01   1.2961473e-01   1.1633073e-02   1.1933021e-01   7.3794511e-02  -1.8323544e-01  -1.6595513e-01   5.0089584e-01   1.1388676e-01   1.9471326e-01  -2.0764065e-01  -1.0667256e-02  -4.3564375e-01   9.9836104e-02   1.6670707e-01   3.8053985e-01   2.8755774e-01  -1.5210972e-01  -4.1267765e-02  -1.3620681e-01   3.1017671e-01   3.3093540e-01  -1.2887963e-02   3.6641067e-01   4.8846569e-01  -1.4535163e-01   8.7916433e-02  -2.7628705e-01   3.6410394e-01   2.0368354e-01  -4.0194944e-01  -1.2863041e-01  -1.0151299e-01   3.2071888e-01   3.0554928e-01   2.9082258e-01   1.4491428e-01   5.6060726e-01   2.5632454e-01   2.7482691e-01   5.9291927e-02   3.5271413e-01  -9.8239553e-02  -1.9700149e-01   7.8085828e-01   2.5252855e-01   5.9616500e-01   2.1269275e-01  -5.3634433e-01   4.1368219e-01  -4.8478129e-02   1.5616164e-01  -1.7507106e-01   4.0222528e-01   2.2731944e-01   2.6968914e-01  -3.7920376e-01   1.4346170e-01   3.1930176e-01   2.0222328e-01   1.2771720e-02   3.8220442e-01   7.1994664e-02   2.1860159e-01  -5.7664939e-01   3.0446799e-01  -2.2231863e-01   5.2517869e-02  -4.6906234e-01   2.2550244e-01  -2.8834587e-01  -6.7470696e-02   2.4249028e-01   1.7166968e-01   2.0753666e-01   2.1035275e-01   4.2221028e-02  -3.9665242e-02  -1.2704664e-01   3.4282448e-01   5.8730318e-01   3.3174497e-01   5.4463770e-01   2.4292388e-01  -1.3359016e-01   5.2457715e-01   5.2829719e-03   2.1835680e-01  -1.0445662e-01   7.2517789e-01   3.0561365e-01   9.7065588e-02   7.6096235e-02  -4.5630925e-01   4.8984243e-02  -1.7899798e-01   3.4654568e-01   1.0375643e-01   2.2896489e-01  -3.7807378e-01   1.4507658e-01  -4.6581721e-01   2.6500618e-01   5.3825225e-01  -1.2924128e-01  -2.5601712e-01   5.3786259e-01   1.7796105e-01   7.5902938e-02   1.0914607e-01   2.2027110e-01  -1.6625805e-01   3.9453132e-01   3.9423817e-01   3.5660199e-03   1.2832910e-01   3.1393931e-01   5.1449775e-02   1.8022004e-01  -1.0410142e-01   2.7604183e-01   3.0599571e-01   1.9383014e-01   2.0962164e-01  -4.9160819e-01  -1.7687546e-01   1.8955079e-01  -3.6869396e-01   2.1877355e-01   3.6502378e-01   2.2259516e-01   2.7060280e-01  -2.9778048e-01   1.2667755e-01   3.3536781e-01   1.4426848e-01  -2.8581252e-02   2.1283792e-01   1.9787519e-01   4.7522074e-01  -5.6235386e-01   5.2988511e-01   2.0826890e-01  -4.7541691e-01   8.0148826e-02   3.0744455e-01   2.3297069e-01  -3.3540999e-01  -4.0125272e-01   1.3970482e-01   3.6353973e-01   8.2985550e-01   7.6286126e-02   3.0083831e-03   4.3269163e-01
  -1.5135248e-01   2.0155785e-01  -6.6726525e-02   3.7389618e-02  -2.7007625e-01   3.5127296e-01   0.0000000e+00  -7.7258350e-02  -1.3188881e-01  -2.1366849e-01   8.8826000e-02   4.3019101e-01  -1.0948153e-02   1.3218387e-01   5.1038733e-02   5.1791238e-02  -8.0338361e-02  -7.2443838e-02   1.5998311e-03  -1.4763926e-01   1.1779939e-01   2.9897797e-01   3.9806418e-01  -3.0848380e-01  -6.1038849e-03  -6.9704523e-02   2.5734471e-01  -1.3937947e-01  -1.8256856e-01   2.9389243e-01   3.2698009e-02   9.0345241e-02  -2.5992538e-01   6.1387809e-01   1.1747879e-01  -4.9816590e-02   1.1709819e-02   2.9115832e-02   2.3708918e-01   1.2490830e-01  -1.8158008e-01  -1.8217699e-01   2.8233387e-01  -2.3639913e-01   1.2791483e-01  -8.8590099e-02   8.5263284e-02   4.4307016e-01  -1.0311715e-01  -1.8166603e-01   3.0652622e-01   3.3533186e-02   1.5318631e-01  -3.7841479e-01  -1.2347768e-01  -2.1794156e-01   1.4319666e-01   5.3677619e-03   5.1273841e-02   1.7238231e-01  -1.3101956e-01   7.0120375e-02  -2.4698658e-01   1.9984041e-01   1.8472943e-01   2.5330975e-01   3.1064731e-01   2.3251104e-01   9.8312514e-02   2.6554986e-01   7.8093552e-02   7.3870702e-02  -3.7145912e-02  -1.8658711e-01  -2.0952269e-01   2.4366185e-01  -9.4190249e-02   6.4488817e-02  -2.5547405e-01   1.0563065e-02   3.0854599e-01   1.3894996e-01  -1.1362633e-01   1.9137838e-01  -1.9863990e-01   2.4347605e-01   4.1419581e-02  -3.1952461e-01  -2.1763912e-01  -3.6902539e-01  -3.4890452e-01  -2.2701052e-01   4.8002236e-02   4.3022656e-03  -1.5067827e-01  -1.4576652e-01   5.8654879e-02   7.1323981e-02  -3.4259972e-02   4.5203618e-01  -1.5765094e-01   2.5967947e-01   2.9540796e-01   2.0911685e-02   1.8194478e-01  -2.9700854e-02  -3.8361531e-01   1.2710140e-01  -7.4165157e-03   7.9819460e-02   2.1110872e-01   2.0965997e-01   9.3641306e-03  -3.3824793e-01  -2.8058379e-02  -2.2595482e-01  -5.1496879e-02  -1.3202714e-01  -2.3094829e-01   2.9646570e-02  -1.7856654e-01  -4.7780006e-02   1.5937856e-01  -1.4756059e-01  -1.8440169e-01   4.4180383e-02  -7.3024883e-03  -1.8485705e-01   7.3174016e-02   3.6973657e-01   1.1183362e-01   4.0191431e-01   2.0217492e-01   1.0798223e-01   1.3594487e-01   3.4158960e-01  -3.2047613e-02   2.7681214e-01   4.3756461e-02  -2.3509345e-01  -2.4645572e-01  -3.0344511e-01  -8.7425758e-02   4.1904279e-01   1.9581278e-01   1.1778154e-01   3.5966419e-01  -5.7067754e-02   2.1333548e-01   1.7082867e-01  -5.0709705e-02   1.7298530e-01  -1.8900734e-01   3.8914180e-02   2.2723638e-01  -1.8262695e-01  -5.2582463e-02   4.4888698e-02  -2.6570623e-01   4.7126955e-01   9.0957178e-02  -3.0329450e-02  -2.9873532e-01  -4.2965015e-02   5.4297726e-02  -3.6911112e-02   3.6954750e-01   4.8002635e-02  -1.7829251e-01  -7.9232513e-02  -1.6471624e-01  -1.6095747e-01   1.1419176e-01   2.4679685e-01  -6.2432757e-02  -9.7089740e-02  -2.1063126e-02
   1.3253402e-01  -2.8848855e-01   7.4950970e-02   8.7579853e-02   1.0274591e-01   1.2003144e-01  -7.7258350e-02   0.0000000e+00  -6.5081138e-02   9.2375760e-02   2.3364795e-01  -2.2729275e-01   8.3791588e-02  -2.9268568e-02   3.9987730e-01  -3.8775782e-02  -4.9433584e-02   6.6147097e-02   1.4408938e-01   1.1705779e-01  -8.5572375e-03   1.8710054e-01   1.2994459e-01   3.0293449e-01   1.9928937e-01   5.5172605e-02  -1.8543069e-02   1.9185304e-01  -2.0532891e-01  -4.2779683e-02   2.1715587e-01   1.2288661e-01   1.5811291e-03  -1.3706354e-01  -1.4090825e-01  -6.5863078e-02   1.0351857e-01   1.9751057e-01   1.4537808e-02  -2.5975987e-01   1.0181412e-01   1.8966299e-02  -1.3414695e-01   3.2286272e-01   2.2684569e-01   2.7324190e-01   1.5961893e-01  -1.4297277e-01   1.2084952e-01  -2.0017996e-01   1.7619692e-01   5.4157093e-01  -2.7824383e-01   9.5042137e-02  -2.2578638e-02   1.5905936e-01   1.0690187e-02   6.8730103e-02  -1.5456979e-01   1.4146298e-01   2.0494880e-01   3.4189111e-01  -1.0333019e-01   8.9535145e-02   4.2437466e-02  -1.8290401e-01   4.0420118e-02   3.3953890e-03   3.2952981e-01   6.3405136e-02  -2.8217492e-01   2.2780421e-01  -2.3342507e-03   1.1537950e-01   2.0941750e-01   4.0473230e-01   3.1543320e-01   2.0165318e-01  -9.7300730e-02  -1.1089922e-02   2.2465809e-01   1.2223773e-01  -1.6859712e-01   3.1961789e-01  -2.0758058e-01   3.7915465e-01  -1.7894800e-01   2.0183501e-01  -7.3909257e-02   1.6758829e-01  -1.2224872e-01   3.1144546e-01   1.9930799e-02  -5.2927357e-02   2.2043092e-01   9.3847841e-02   2.4410146e-01   3.6295560e-01   4.8934888e-02   1.2017032e-01   9.1253802e-02   1.2553212e-01   1.8488022e-01   1.0936378e-01   1.5524894e-01   1.4893413e-01   1.8254450e-02   4.4585714e-01   1.5928947e-01  -2.0859911e-01  -2.5807339e-02   6.2515960e-02   5.6048767e-02   1.3295081e-02   1.6626180e-01  -1.2532581e-01   5.2959724e-02   1.7875932e-01   1.6658105e-01  -2.1744568e-02   3.1794668e-01  -6.0573233e-02  -1.0929255e-01   7.7540748e-02   2.9421308e-01   1.8601042e-01   1.6779047e-01  -1.5804443e-01   2.8962454e-01  -2.9552837e-01   8.2673366e-02   4.2572639e-02  -2.0136018e-01   7.9475803e-02   1.8618367e-01   5.1866939e-01   1.1581209e-01  -5.3635098e-02   3.8591387e-01  -4.6057040e-03   1.6599133e-01  -5.0077683e-02   3.6287018e-01  -3.4497085e-02   2.0403118e-01   3.2278248e-02  -1.5567854e-01  -9.7028554e-02   6.7680265e-02  -2.0631390e-01   2.3055797e-01   2.4042276e-01   3.0462358e-01  -1.5416278e-01  -3.0063308e-01   1.9801501e-01   2.2932405e-01   1.9658624e-02   1.4986851e-01   1.4253405e-01   6.7615197e-02   4.2104175e-01  -1.4479854e-01   2.0154544e-01  -9.5298672e-03  -1.9900892e-01  -5.3458583e-02  -1.2212706e-01   2.4816847e-01  -1.2634883e-01  -2.5185067e-01   2.0946806e-01   6.8916763e-03  -1.1042074e-02   1.8059430e-01  -8.1691047e-02   1.8844654e-01
  -1.0986870e-01   5.2482434e-02  -1.3788319e-01  -1.8277123e-01   4.3644851e-02  -3.7634498e-01  -1.3188881e-01  -6.5081138e-02   0.0000000e+00   4.5617498e-02  -1.2862586e-01   1.0931962e-01   1.9632233e-01  -2.9784116e-01  -2.1438830e-01  -5.1773940e-02  -1.1331093e-01  -1.2420489e-02   7.0324068e-02   1.4284689e-02  -3.6261372e-01  -1.3548283e-01  -3.3778362e-01  -9.1874148e-02   1.8892166e-01   8.8128022e-02  -1.8577466e-01   8.9531096e-02  -1.1382361e-01   7.3759367e-02  -3.1004167e-01  -1.4576237e-01  -1.4494051e-02  -2.2548959e-01   1.4321791e-01  -1.2437775e-01  -3.7633758e-01  -5.8796939e-02   3.5199370e-02  -7.2736340e-02   1.4259330e-01   1.5283581e-01   2.5038936e-01  -2.1080703e-01   6.3912800e-02  -1.1544099e-01  -2.2569125e-01  -3.3196378e-02  -2.1729479e-01   6.4733815e-02   1.8780301e-01   1.4454643e-02   7.1493538e-02   1.1623423e-01   2.4778626e-01  -1.1365706e-01   3.3177298e-02  -2.2602715e-01   1.8022355e-01  -3.8893939e-02  -7.4078513e-03   5.4471365e-02   2.0838313e-01   2.1932003e-01  -6.8485670e-02  -3.5752642e-01  -2.3742908e-01   4.5700078e-02  -1.9188116e-01  -2.9437002e-01   2.3407445e-01  -1.0673710e-01   1.7901198e-01  -1.0551812e-01   1.6520484e-01  -2.8042787e-01  -2.8313197e-02  -1.3697572e-01   1.9406337e-01   6.3962019e-02  -2.2580227e-01   1.3283533e-01  -3.8969771e-01  -1.4642288e-01  -6.1480484e-02  -1.8796200e-01   3.4990157e-01  -2.1784807e-01   5.2795216e-01   5.2491131e-02   2.8602925e-01  -6.1801077e-02  -9.8946940e-02   4.5374715e-01   7.0875536e-02  -6.1866807e-02   1.7722819e-02   8.8331058e-02   2.2960124e-01  -2.4622493e-01  -1.6465677e-01  -1.8900334e-01  -4.0318505e-01   1.6241135e-01  -1.9261525e-01  -1.2969763e-01   9.0993548e-02  -8.1633509e-02  -2.6737610e-01  -4.0753471e-01  -1.5025767e-01  -3.2968274e-01   8.8697573e-02   7.6446273e-02  -9.5394452e-02   2.9066774e-01  -2.1355965e-01   1.7363616e-01  -2.3426171e-01   1.4032456e-01  -3.8829862e-02   6.9327994e-02  -8.4150851e-04   4.5079609e-01  -6.2631586e-02  -3.2199411e-01   8.6294247e-02   2.4482675e-01  -2.3286666e-01  -3.1197189e-01   6.3405267e-02  -9.6341846e-02  -1.6607644e-02  -1.6714344e-01   5.1825249e-02  -4.7068075e-02   1.0993520e-01  -2.3718058e-01  -2.0264369e-01   7.4741145e-02  -6.9709063e-02   8.3779578e-02  -3.1890845e-04  -3.5877818e-01  -1.9432049e-01   1.7609337e-01   1.5757630e-01   1.1522627e-01  -3.7112184e-01  -1.1326125e-01  -1.1763058e-01  -4.2763386e-01   3.1383182e-02   2.3691141e-02  -2.5147448e-03  -3.3842817e-02   1.2976930e-01   2.0006886e-01   1.4508547e-01  -3.7202896e-01   4.4590485e-02  -1.2668205e-01   1.3803462e-01  -5.4674489e-02   4.8643002e-02   9.2888005e-02  -1.1323360e-01  -1.3484893e-01   1.2241347e-02   6.9639937e-02   2.2762676e-01   1.6863078e-01   8.7421375e-02  -3.7456054e-01  -2.5025920e-01   3.8495096e-02  -9.7369064e-02
  -3.9335753e-01   2.5238296e-01   4.0325617e-01  -7.9204808e-02   3.5331458e-01  -3.7892385e-01  -2.1366849e-01   9.2375760e-02   4.5617498e-02   0.0000000e+00  -3.3375637e-01   2.7409744e-01   2.7930938e-02  -2.3224565e-01  -2.3680914e-01  -9.8652355e-02   2.3729026e-01  -2.5136133e-01  -1.0146934e-02   5.4554457e-01  -4.2748729e-01  -2.1322668e-01  -2.7855491e-01   3.6585946e-02   2.1941713e-01  -1.2626296e-01  -8.8980638e-02   3.5516736e-02  -8.0477737e-02  -4.9428520e-01  -9.1734762e-02   3.0722958e-02   1.3565974e-01   3.2522608e-02   4.6975818e-01  -1.8429500e-01  -5.5911207e-03  -2.3575900e-01  -6.0233136e-02   8.4286245e-02   2.3496145e-01   6.2530635e-02  -2.2726488e-01  -5.0499912e-02   8.1773854e-02  -3.4333251e-01  -2.8809979e-01   2.6861082e-02   1.9353879e-01   3.6238723e-01  -2.6670576e-01   7.9917231e-02   3.2051813e-01   1.8002369e-01   6.1771172e-02  -6.2961349e-02  -2.3176417e-01  -1.5412321e-01  -3.3886039e-01  -3.7024032e-01  -8.4383235e-02   1.6252026e-01  -9.0862579e-03  -1.2997962e-01   9.4855196e-03   1.4876547e-01  -2.9401397e-01  -1.8209199e-01  -1.5925858e-01  -1.2639524e-02   4.6130501e-01  -1.7398047e-01  -9.1330817e-03   3.8893448e-02   4.5641588e-01  -4.0201485e-02  -1.9134962e-01  -8.8734260e-02   5.5006116e-01  -2.7142836e-02  -3.1360319e-01  -2.2552818e-01   8.9997686e-02  -1.6252199e-01  -1.4006985e-01   5.0491656e-02   4.2167156e-01   6.4064252e-02   2.4030442e-01  -9.6228596e-02   6.2976858e-01   3.2116141e-02   6.7753257e-01   8.7148399e-02  -1.6375828e-01   5.1129696e-01   3.5842522e-01   3.7191285e-02   1.0655109e-01   3.6380965e-01   4.4473176e-02  -3.7542989e-01  -2.5598603e-01  -2.4177233e-01  -2.2330682e-01  -7.3050190e-02   1.1834968e-01   4.8920800e-02   1.9924867e-01  -2.6400328e-01   4.5346220e-01  -4.0442205e-01  -1.7443948e-02  -2.6832363e-01  -2.5668371e-01   6.3653573e-01   1.3905514e-01   1.1990082e-01  -3.3178710e-01  -2.8643630e-01  -1.5077612e-01   6.1229740e-01   1.1176306e-01   2.7747473e-01  -2.4575837e-01  -3.8946343e-01  -3.7634693e-02   1.9803437e-01  -2.5005715e-01  -1.3970775e-01   2.4391624e-02  -2.9845399e-02  -1.7881482e-01  -1.3860352e-01  -2.8250003e-01  -9.1116285e-02   1.7305927e-01  -1.7853322e-01   2.0399896e-01  -2.2684465e-01  -1.9159596e-01   1.7538748e-01   1.0987608e-01   2.0031696e-02  -2.8875538e-01  -2.0919913e-01   3.6841511e-01   1.4907119e-01  -7.6559710e-02   2.3548916e-01  -3.0026236e-01  -1.9034472e-01  -9.8436731e-02  -3.2729788e-01   4.4266009e-01  -2.3631832e-01  -2.3129473e-01  -1.1192933e-01   1.3995387e-01  -3.1472896e-01  -4.7077228e-02  -4.2558431e-02   5.1198129e-01  -1.8299133e-01  -2.7336601e-02   4.6123157e-01  -1.3517970e-01  -3.1371077e-01  -1.4513592e-01   5.1717860e-01   2.6670696e-01  -5.1945173e-02  -2.3643068e-01  -3.7210778e-01   1.6420472e-01   1.6066666e-02  -1.3313841e-01
   6.9962676e-02  -3.4190134e-01  -4.3946200e-01   4.5295221e-01   2.6157637e-01   5.1394344e-01   8.8826000e-02   2.3364795e-01  -1.2862586e-01  -3.3375637e-01   0.0000000e+00  -3.4669125e-01   2.9115510e-01   8.4118594e-02   2.1061104e-01   1.7696925e-01  -3.6422516e-01   6.2575492e-01   4.0985471e-02   6.9317129e-02   5.1838081e-01   4.0010042e-01   3.6253606e-01   2.4901562e-01  -1.1703802e-01   1.9674823e-01   2.1905507e-01   3.5793699e-02  -1.3019452e-01   6.2933651e-01   2.0546605e-01   2.8132511e-01  -5.1719304e-02  -1.4423714e-01  -4.3797288e-01   4.1859743e-01   4.8204892e-01   3.3191947e-01   2.9959567e-01  -3.6989541e-01   2.8968305e-01  -9.9077512e-02   3.8582602e-01   3.3944461e-01   2.0775368e-01   3.6460228e-01   7.9736386e-01  -7.8612731e-02   2.7173028e-01  -6.4274832e-01   4.1861343e-01   2.2541837e-01  -3.8239873e-01  -2.4639481e-01  -3.2034374e-01   1.5041880e-01   1.2511065e-01   3.5963493e-01   1.9263636e-01   5.1531433e-01   3.2703445e-01   4.4231206e-01   1.2983024e-01   2.9346705e-01   1.7122925e-01  -1.5614122e-01   3.8025384e-01   2.1033697e-01   7.2083410e-01  -1.8441049e-02  -6.6756418e-01   6.5375928e-01   2.2135185e-01  -2.1662186e-01   4.2825584e-02   4.8076202e-01   3.6747991e-01   2.6802910e-01  -2.3782144e-01   2.0042666e-01   2.5377963e-01   2.5722646e-01  -1.7342886e-02   1.1649047e-01  -3.4374223e-01   2.7649425e-01  -5.0810421e-01   1.5591093e-01  -2.1088898e-01   1.0521510e-01  -4.5733959e-01   2.6410887e-01  -3.6324153e-01   2.5893232e-01   2.9271095e-01   1.7969687e-01   3.2744841e-01   2.4085787e-01   3.0609834e-01   3.4007441e-02  -3.1166220e-01   2.6448206e-01   3.1774080e-01   4.3603884e-01   5.9630592e-01   3.4208234e-01  -2.6169895e-01   5.6239715e-01   2.2052143e-01   2.6269752e-01  -3.1931881e-01   6.8753367e-01   3.2768730e-01   5.9682943e-02   9.3442111e-03  -3.4094758e-01  -4.3467920e-02   1.9447399e-01   2.0939086e-01   1.1211737e-01   2.9414475e-01  -4.0510158e-01   7.1257968e-02  -1.4619275e-01   3.1864330e-01   4.6021986e-01   1.9785169e-01  -2.3413240e-01   5.5325906e-01   3.1672330e-02   2.8397062e-01   3.8364630e-01  -8.8163808e-02   1.3149030e-01   3.9398548e-01   3.2342741e-01  -4.3085142e-02   6.4434136e-02   3.8272964e-01   1.4928570e-01   9.4646255e-02  -4.0208421e-02   4.4170195e-01  -1.7488746e-01   5.2585004e-01   4.6335088e-01  -6.3156773e-01  -6.2964052e-04   2.7732080e-01  -2.5769323e-01   3.8694312e-02   2.3359561e-01   1.1805947e-01   4.6914427e-01  -5.8121335e-01   1.8061032e-01   2.6947771e-01   3.2777483e-01  -8.3157764e-02   2.3467262e-01   3.6862717e-01   5.9100584e-01  -4.3444556e-01   6.6548829e-01   2.6986294e-01  -3.1119120e-01   3.1476135e-01   2.0327728e-01   7.5220679e-02  -3.7760427e-01  -3.4402803e-01   1.8382458e-01   5.2195249e-01   4.3159100e-01   2.2594582e-01  -3.3975096e-02   4.7561837e-01
  -1.2913309e-01   5.7050613e-01   3.7344734e-01  -9.8340649e-02  -9.6871126e-02  -2.1192052e-03   4.3019101e-01  -2.2729275e-01   1.0931962e-01   2.7409744e-01  -3.4669125e-01   0.0000000e+00   9.7804354e-02  -7.4928142e-02  -3.5821197e-01  -1.6407903e-01   2.2659180e-01  -2.7591712e-01  -3.0578731e-02   1.0494463e-01  -3.7932122e-01  -3.6257902e-02  -1.9491684e-01  -2.2907820e-01   2.3539775e-01  -2.5419014e-01  -7.5903611e-02  -2.6905134e-01  -9.3828425e-02  -4.2998799e-02  -1.9510698e-01  -1.0794428e-01   8.6301137e-02   2.6557872e-01   5.2584938e-01  -1.6864161e-01  -2.7099034e-01  -1.4360698e-01  -2.0260192e-02   1.2775905e-01   4.5769566e-02   1.8978516e-03   2.5939722e-01  -2.8507277e-01   8.6975495e-03  -1.7974452e-01  -2.6371583e-01   9.0024671e-02  -1.0394039e-01   3.4980358e-01   1.3676822e-01  -2.3759329e-01   2.8203077e-01   8.4253094e-02   2.3849390e-01  -1.8741639e-01   9.6943943e-02  -2.8957773e-01  -8.1225250e-02   4.8362408e-02   6.4068069e-02  -9.3023328e-03  -6.0615617e-02   1.4116720e-01  -2.3529908e-02   1.2156029e-01   5.7324567e-02   4.3314944e-02  -1.9357219e-01   5.9467480e-02   4.0337598e-01  -2.7388935e-01  -2.3911980e-02   2.6106754e-01   1.2132498e-01  -2.2159220e-01  -7.7659371e-02  -1.2112320e-01   2.2822905e-01   7.7045862e-02  -3.0507426e-01  -1.5509384e-01  -5.0332100e-02  -9.8619700e-02   1.2561096e-01  -1.6561522e-01   3.8461339e-01  -4.5201550e-02   1.5276473e-01  -1.9644569e-01   2.0230464e-01   5.8053174e-02   3.1615729e-01   1.5470588e-01  -1.1243168e-01   4.9095145e-02   2.7061180e-02  -1.2807063e-01   7.7873875e-03   1.6688708e-01  -6.6007431e-02  -1.4702979e-01  -1.2738974e-01   5.7155405e-02  -2.0784987e-02  -2.3515288e-01   5.9806975e-03  -1.5163011e-01  -1.5518590e-01  -2.0217329e-01   2.7496336e-01  -1.0022132e-01  -3.9811260e-02  -2.3504198e-01  -1.7464132e-01   2.3796572e-01  -1.7668618e-01   6.2073751e-02  -2.5495802e-01  -4.8791602e-02  -1.9592895e-01   3.2174981e-01   4.4049169e-01   7.7136505e-02  -1.9495674e-01  -8.7606303e-03  -9.9925993e-02   1.7228593e-01  -2.7703278e-01   1.6609232e-02  -9.3692658e-02  -3.1389231e-02   3.6698458e-01  -2.7072931e-01  -6.3717724e-02  -7.2985043e-02   1.1780897e-01  -1.2621784e-01  -1.6801938e-01  -2.3505361e-01  -2.6088985e-01   2.6374692e-02  -1.6595498e-01   2.1001789e-01  -2.1217862e-01  -9.2539195e-02   4.4752920e-01  -2.6798247e-02  -7.8931071e-02   2.0013361e-01  -2.2649976e-01  -2.5668522e-01  -2.9472529e-02  -1.4329486e-01   4.5692203e-01  -2.1217832e-01  -5.0186165e-02   3.4568695e-02   2.3315813e-01  -2.1486995e-01   7.3745117e-02  -1.9699064e-01   1.7505946e-01  -1.3237497e-01   6.7098565e-02   2.0878790e-01   1.1318098e-01  -3.8971914e-02  -4.3740327e-02   2.2179843e-01   1.7784767e-01  -2.0301035e-01  -1.2627120e-01  -4.7370595e-03  -9.1378612e-03  -5.3166363e-02  -1.3445693e-01
  -5.4358066e-02  -4.2380421e-02   1.7696452e-02   4.7567621e-02   2.2273853e-01   4.7547249e-02  -1.0948153e-02   8.3791588e-02   1.9632233e-01   2.7930938e-02   2.9115510e-01   9.7804354e-02   0.0000000e+00  -2.5935340e-01  -9.6575646e-02   1.3710647e-01  -1.1861136e-02   5.7701033e-02  -8.1123281e-02   2.7103844e-01   8.8265175e-02   6.5550774e-02   1.1484476e-01  -1.1782523e-02   1.0322949e-01  -7.5975540e-03   5.7621526e-03  -6.4150140e-02  -8.5709115e-02   1.6477688e-01  -1.9940342e-01  -1.3643810e-01   1.6223443e-01  -9.5868511e-02   1.1778950e-01   2.8985783e-01   1.8607793e-01  -1.5363292e-01   2.4399315e-01  -1.3430611e-01   5.8536331e-01   2.0810424e-01   3.7234575e-01   1.2958949e-01   3.4440818e-01  -1.2910146e-02   1.3024292e-01  -4.0550915e-02   8.0794735e-02  -1.2906042e-02   2.8236345e-01   2.1725187e-01  -6.3250379e-02   7.9067886e-03  -1.4924860e-01  -2.0987344e-01   6.8915246e-02   1.2986733e-01  -6.7120673e-02   1.9428571e-01   4.8841069e-02   3.9297919e-01   2.1972565e-01   6.4418443e-02   1.7473220e-01   8.0891046e-03  -8.1221106e-02   4.9759102e-02   6.5409106e-02  -1.8371621e-01  -1.3070594e-01   3.0174117e-01   1.7946907e-01  -5.2120945e-02   6.1878813e-02   1.8950125e-01   1.2277495e-02   1.1081392e-01   2.9963041e-02   9.9862118e-03  -1.4932686e-01   2.8953158e-01  -4.6933575e-02  -2.2682152e-01  -2.6829641e-01   1.6995085e-01  -6.3287210e-02  -5.8329772e-02  -5.9964065e-03  -6.7680105e-02   5.6856669e-02   1.2224488e-01   7.2456659e-02   3.4362665e-01  -1.1509395e-01   2.2707920e-01   1.4316904e-01   1.8445808e-03   2.6390852e-01  -7.5988935e-03  -4.3751069e-01  -1.2451241e-01  -2.2604884e-01   1.7739341e-01   1.8729898e-01   7.9859920e-03  -1.5960986e-02   1.4990417e-01   1.9238685e-01  -2.5789762e-02   4.8874224e-02   1.2479257e-01   2.8151103e-01  -1.2311213e-01  -3.6869360e-01   5.6940021e-02  -1.8859379e-01   3.7611059e-01  -2.1675183e-01   1.0158644e-01  -3.9925793e-02  -2.7798599e-02   1.3100760e-01  -5.2696662e-02  -4.2441010e-03   4.1511202e-02   7.1982393e-02   1.0393090e-01   2.0652323e-01  -2.1524936e-01   3.9366377e-01   1.8829657e-01  -1.0245514e-01   4.1973797e-03   2.6858170e-01   1.7721044e-01   5.9298286e-02  -3.2738699e-01   9.8041062e-02   2.1511363e-02  -1.3135066e-01   4.0694848e-01   3.2370989e-02  -1.9339905e-01   1.1723012e-01   7.8909847e-02  -1.6388988e-01   2.9750910e-02   8.1072377e-02  -5.1315873e-02  -3.0581340e-01  -3.4516894e-01  -4.0293738e-02   4.3267534e-02  -1.6568594e-01   3.2402994e-03   1.1398487e-01   1.5217419e-01   7.4790696e-02  -5.4149079e-02   1.5742063e-01   1.9218567e-01  -5.1618202e-02   1.7959783e-01   1.0584915e-01  -5.8970192e-02   1.8619399e-01  -1.0121613e-01  -1.2361614e-01  -5.5231967e-02   1.3050596e-03  -9.3067470e-02   2.4817999e-01  -6.1706780e-02   1.7324802e-02  -1.7192113e-02   2.0809018e-01
   3.7607453e-01  -1.5072056e-01  -2.9584114e-01   1.3606512e-01  -3.9404081e-01   2.7041125e-01   1.3218387e-01  -2.9268568e-02  -2.9784116e-01  -2.3224565e-01   8.4118594e-02  -7.4928142e-02  -2.5935340e-01   0.0000000e+00   1.2132865e-01  -1.6605374e-01  -3.7558777e-01  -3.6287380e-02  -1.9174688e-01  -3.3911664e-01   2.0119707e-01   2.7669388e-01   9.4351629e-02   1.1369591e-01   5.5525339e-02  -3.0181623e-02  -1.6687433e-01  -8.0037092e-02  -1.2240681e-02   1.4651349e-01   5.5644962e-01  -2.0394745e-01  -2.8007005e-01   1.4094040e-01  -3.1835205e-01  -4.2285764e-01   9.0711757e-02   2.6295224e-01  -6.2879449e-02  -2.8507721e-01  -2.0801440e-01  -1.6343955e-01  -1.8846241e-01   3.7039671e-01  -1.7432292e-01   1.7166285e-01   1.7816817e-02  -2.8408515e-03   3.2468794e-01  -2.2821782e-01   7.3679413e-02  -1.0117954e-01   5.0568659e-03   1.6334270e-01   4.1064488e-01   5.2314895e-02  -8.8821158e-03  -9.0559825e-02   1.3651053e-01   1.6251574e-01   6.6043939e-04   5.2946425e-02  -1.0424945e-01   2.5968298e-01   3.3783186e-01  -7.1649083e-02   1.6837735e-01   2.9488512e-01   6.7956304e-02  -1.2407105e-01  -3.3154845e-01   1.3739630e-01  -1.9682608e-01   7.3380218e-02   8.9717467e-02   6.9804114e-02   8.4186671e-02   1.9525181e-02  -4.9625824e-01   3.3824314e-01   3.1745696e-01  -5.1944520e-02   1.5064464e-01   1.8231554e-01   4.1913170e-01   5.0161173e-02  -3.3970596e-01   3.3268348e-01  -3.1764078e-01  -2.0168919e-02  -3.9522233e-01  -1.0702848e-02  -2.1466852e-01  -3.6384152e-01   8.2619815e-02  -1.7142365e-01   1.2592629e-01  -2.3968106e-01  -1.7750177e-01  -1.8613250e-02   5.5425175e-01   2.4735240e-01   5.0082118e-01   1.1560391e-01   1.1316093e-01  -8.0829174e-02   1.0425321e-01  -5.0098113e-02  -1.3540583e-01   2.0325208e-01   1.1828440e-01   2.7275460e-01   1.9817649e-01   1.6835606e-01   4.8213038e-01  -3.1113708e-01  -5.9080329e-02  -1.1833901e-01   3.7479907e-01   4.2848356e-02   1.6164188e-01  -4.3788320e-01   4.7707378e-02  -7.3106145e-02   4.5473307e-02   3.5723921e-01   7.7173989e-03   2.3494632e-01   9.1293100e-02   4.1948994e-02  -1.9295206e-01  -2.6623947e-02   3.8257972e-01   1.8478093e-01   1.2451483e-01   1.3580097e-01   2.7645144e-01   5.5466823e-01   5.3384491e-02   1.0994495e-01   4.2795833e-01  -3.3124871e-01  -1.2993355e-01   2.4014019e-01   6.0497107e-02   2.9216940e-02  -1.8890937e-01  -1.2946091e-01   2.0886763e-02   1.0903679e-01   4.5196752e-01   5.4436797e-01   2.6400759e-01  -3.2856222e-02  -3.2097345e-01   1.0552860e-01   1.8488020e-01   1.5594786e-01  -1.7757443e-01   1.5716609e-01   1.7290215e-01  -6.9834097e-03  -1.3092257e-01   1.0999066e-01  -2.3601837e-01  -2.9952569e-01  -2.0811666e-01   2.5482328e-01   3.0711850e-01  -1.3592305e-01  -3.7956843e-01   1.4256965e-01   1.7647115e-01   2.9982856e-01   1.0674558e-01   3.1893755e-01   2.5211418e-02
