   0.0000000e+00  -1.9663264e-01  -8.9687635e-02  -6.4521865e-02  -1.6276975e-01  -1.7835362e-01  -1.9505451e-01   1.7048700e-01  -1.5507853e-01  -1.2570942e-01   4.3553903e-02  -2.5216745e-01   3.3930828e-02   1.6524077e-01   6.5558250e-02   7.2041669e-02  -1.7756702e-01  -9.3463177e-02   3.7049267e-02  -5.9924722e-02  -2.6552650e-01  -2.8379744e-01  -6.9137013e-02   8.0357640e-01  -1.5094281e-02   2.5667239e-01  -9.1759421e-02   3.3916467e-01   9.1110357e-02  -1.6105598e-01   4.4011101e-02  -7.7705697e-02   5.2879881e-02  -2.2172727e-01  -2.7878374e-01  -7.9797581e-02  -7.3564042e-02   2.8625082e-01   5.5045645e-02  -2.9500668e-01  -3.8274884e-02  -1.5036287e-02  -2.2260179e-01  -8.3332023e-02  -9.6096257e-02   7.2488136e-01  -1.4101796e-01  -4.4427545e-01  -1.0730634e-01  -4.7926406e-02   7.4546938e-02   1.3109047e-01  -2.4573238e-01  -6.2589281e-02   2.2963571e-01  -1.0607999e-01   1.2916674e-01  -1.4120847e-01   6.6346776e-02  -2.5311849e-01   3.9100063e-01  -1.1205300e-01  -2.6329024e-02   7.1614587e-03  -1.6471439e-01  -8.3518666e-03  -2.0914787e-01   1.0183046e-01  -1.2744938e-01   1.0669730e-01  -1.0232635e-01   3.0576657e-02   1.3555453e-02   6.3633923e-01  -1.0036210e-01   4.0537654e-02   5.2270120e-01  -2.3201043e-01  -1.1674683e-01  -3.1302379e-02  -1.7595616e-01  -5.8847302e-02  -4.3013524e-01   1.2086467e-01   6.1041958e-01   6.0161960e-02  -2.8868893e-01   4.9474770e-01   9.6384303e-02   6.7245074e-01   1.0745067e-01   4.2376602e-01  -1.1987760e-01  -1.3939477e-01   5.3148157e-01   2.7805316e-02  -2.2063090e-02  -1.3903635e-02   4.3574720e-02  -2.6664398e-01  -1.0595214e-01   1.0582963e-01  -3.3870996e-01  -3.5608175e-01   3.2057600e-02  -1.4808543e-01  -9.1940451e-03   2.5060657e-02  -2.9341905e-01  -1.7610027e-01  -3.1484324e-01  -1.4286549e-01  -1.3714641e-01   5.5371602e-01   4.4357542e-01   7.1682387e-02  -4.4003930e-02   7.9908863e-02   1.9161807e-01  -1.8557224e-01   6.4727163e-01  -1.4957086e-01  -1.6433135e-01  -3.0929753e-01   7.4100112e-01   4.0349241e-01  -2.5496347e-01   4.7024475e-02  -5.2479530e-02  -2.4264266e-01  -1.4543174e-01  -3.1781351e-01   6.5629595e-01  -3.0331230e-01  -2.4312572e-02  -6.9823653e-02   2.2201313e-02  -3.9937147e-01   4.3682293e-02   6.0910480e-01   7.7817273e-01  -1.6257762e-01   2.6802614e-02  -1.4149395e-01  -2.5487645e-01  -2.7231979e-01  -3.1804984e-01   1.9599055e-01  -1.7691930e-02  -2.5598212e-01   6.2590384e-01  -2.1007400e-01   4.8362280e-01  -7.3732007e-02  -1.7687877e-01   5.4090791e-01   7.7952572e-01   1.4819345e-01   2.8996552e-01  -1.0277211e-02  -2.7797706e-02  -9.4004610e-02  -2.1564820e-01  -7.6733002e-02  -1.7315295e-01  -8.2617638e-02  -1.0324216e-01   2.6304944e-01   3.7586648e-01   1.3487928e-01  -1.4608318e-01   1.5204531e-01  -1.5903230e-01  -1.9084623e-01  -1.8391783e-02  -5.0098344e-02  -2.7015951e-01
  -1.9663264e-01   0.0000000e+00   5.0263037e-01  -1.8093957e-01   1.6130684e-01  -2.6583773e-02   2.6786372e-01  -7.7828373e-02   1.9336088e-01  -3.5491207e-03  -2.0489541e-01   6.9673802e-01  -1.7685410e-01  -1.7212602e-01  -1.3441342e-01  -1.0875967e-01   4.3325483e-01  -2.3455430e-01  -4.4433024e-02   1.0344907e-01  -9.1408927e-02   4.0029925e-02  -2.9812160e-01  -2.0081643e-01   4.2804636e-01  -9.4816442e-02   7.7704436e-02   4.9545812e-02   3.9885378e-01   1.6364420e-01  -8.3024702e-02  -1.9910866e-01   2.0697193e-03   8.5292715e-02  -7.8540099e-02  -8.3489837e-02  -1.9026815e-01  -2.0122597e-01  -1.9579931e-01   2.7420692e-01  -3.6720110e-01  -1.1516619e-01   2.9037225e-01   4.6160010e-02  -1.2858320e-01  -1.1620371e-01  -9.5215068e-02   2.5121615e-01   1.1795933e-01   1.9006762e-01  -3.8812687e-01  -7.9872727e-02   2.3985244e-01  -1.6609661e-01  -2.1005836e-02  -1.2303610e-01   9.4149242e-02  -7.9005310e-02  -1.7954881e-01   1.5700504e-02  -1.8610675e-01  -2.6736815e-01   2.4037007e-01   1.8759509e-01   4.5339994e-02   2.9618159e-01   5.0018895e-02  -1.1404601e-01  -1.8433038e-01   1.6780803e-01   4.8271230e-01  -3.1745387e-01  -8.8994954e-02   4.2323708e-02   1.0176595e-01  -2.2417911e-01  -3.3721181e-01   3.5435381e-03   4.2430257e-01   1.2165538e-02  -1.6235190e-01   5.9911293e-03   2.3733333e-01   4.2808060e-02   1.3472897e-01  -1.8151580e-01  -1.3450697e-01  -1.1143101e-01   5.4059563e-01  -1.3204041e-01   3.4917529e-01  -2.0320769e-01   1.9069531e-01  -6.8004471e-02  -2.9279070e-01   1.7671283e-01  -2.5497577e-01  -3.1220300e-02  -2.6197543e-01  -1.1237457e-01   2.8042056e-01   4.5627343e-02  -5.9887528e-02   4.9598566e-02  -3.3388284e-01  -4.8348493e-02  -4.0447702e-03  -7.8235566e-02  -1.1161710e-01   7.7803084e-02  -2.7275544e-02  -1.1295099e-01  -2.7640004e-01  -2.5441699e-01  -4.0454889e-02   1.7589949e-01  -1.0148055e-01  -1.0814458e-01   1.4200949e-01  -7.3040742e-02  -3.2389860e-01   4.0491831e-01   4.3569220e-01  -1.2804523e-01  -2.0770183e-01  -2.4478919e-01  -7.8862912e-03   1.2019157e-02  -2.0846810e-01   2.0081328e-01  -8.9043247e-02   6.2462887e-03  -5.7690115e-02  -2.6437081e-02  -2.8039012e-01  -8.7875095e-02  -1.7493075e-01  -2.1304927e-02  -6.1502299e-02  -2.5001691e-01  -1.8069833e-01  -1.2258302e-01  -2.8754034e-01   3.2221318e-01  -2.0161530e-01  -2.2827009e-01   2.9698181e-01  -3.1474462e-02   2.9553083e-02   1.7712077e-01   8.8405960e-02   1.2661590e-02  -1.0434674e-01   3.3889057e-02   5.5979424e-01  -2.7400097e-01  -2.6726672e-01  -3.5991901e-01  -8.0981297e-02  -1.1708550e-01  -4.7141562e-02  -2.8642214e-01  -8.3141385e-03  -2.1357013e-01   8.3520061e-02   1.1443080e-01  -2.4178330e-01  -1.2714743e-01  -9.1019397e-02   2.4977860e-01   2.1019109e-01  -4.2416268e-01  -2.1773952e-01   1.2589819e-01   1.2447459e-01  -1.4950250e-01   6.5819660e-02
  -8.9687635e-02   5.0263037e-01   0.0000000e+00  -1.7641436e-01   1.8716834e-01  -6.0733551e-02   4.2340251e-01  -1.7413585e-01  -2.4587893e-01   3.2996642e-01  -2.5043802e-01   6.6479598e-01  -9.4922809e-02  -1.0317076e-01  -1.1380046e-01  -1.3359503e-01   9.0133216e-01  -3.7332842e-01   9.2619425e-02   2.7205956e-01  -3.1069048e-01   3.3359698e-02  -3.6562053e-01  -1.4674792e-01   7.1123648e-02  -8.7978823e-02   2.5074614e-01  -1.0381239e-01   4.2841113e-01  -7.0926773e-02  -1.5973006e-01  -1.4945227e-01  -1.7897163e-01   2.0713794e-01  -3.0271968e-01   1.1856183e-01  -4.1441610e-01  -5.4703002e-02  -2.8190803e-01   5.6979861e-01  -2.4488920e-01  -5.3993272e-03   2.6088184e-01  -1.8290661e-01  -3.4310740e-01  -1.3608376e-01  -3.6134815e-02  -7.4027569e-02  -1.6184021e-01   5.9848547e-01  -2.3731009e-01  -1.2530475e-01  -1.2433769e-01  -1.3035667e-01   5.9334629e-02  -2.4815727e-01   7.8052374e-02   5.6118007e-02  -3.4413412e-01  -1.0595183e-01   7.3384748e-02  -3.1945104e-01  -4.7444212e-02  -2.9041094e-01  -3.4931595e-01   3.8077308e-01   2.3987735e-03  -2.7019104e-01  -1.4021243e-01   3.9708167e-01   3.0857491e-01  -4.2404632e-01  -1.5170454e-01  -6.0726858e-02  -5.8174416e-02  -1.0821914e-01  -1.0357914e-01  -8.9353218e-02   2.4490123e-01  -1.3606829e-01  -3.2343006e-02   1.1324864e-01   7.6773006e-02   3.3509159e-02   1.3724127e-01  -8.1039463e-02  -3.0335538e-01  -2.9591700e-02   2.8791343e-01  -1.3680277e-01   2.7149742e-01   1.2301126e-01   4.1616322e-01  -1.7673180e-01  -1.3824217e-01   1.1685910e-01  -3.0274496e-01  -6.6751178e-02  -3.0600395e-01   1.2705107e-02   4.1262708e-01  -5.3547806e-02  -5.9730055e-02  -1.9857697e-01  -4.7448167e-01  -1.6879987e-01   5.3121101e-02  -1.6629627e-01   6.2326577e-02   1.0478719e-02   4.5328687e-02  -1.8130206e-01  -3.0585540e-01  -3.8237499e-02   6.8614217e-02  -1.4245766e-01  -2.0701725e-01  -6.3761487e-02   5.8097062e-02  -1.3777945e-01  -3.9013050e-01   3.7750137e-01   4.5752334e-01  -2.6505424e-01  -1.4972630e-01  -3.2935963e-01  -3.9145164e-02  -9.7276425e-02  -1.6260217e-01   2.5502904e-01   1.5968902e-02  -1.7308244e-01  -6.6827213e-02   2.1833279e-02  -3.6871458e-01  -5.6951921e-02  -2.9976599e-01  -2.0795581e-02  -1.0860705e-01  -1.6019044e-01  -7.7017723e-02   1.1527851e-01  -4.1129462e-01   1.8597030e-01   3.2694958e-02  -3.2424131e-01   5.8652945e-01  -2.5075756e-01   1.2524702e-01  -1.7382083e-01   1.2318963e-01  -1.0495609e-01  -4.6840461e-02  -6.9778427e-02   6.3518313e-01  -2.8011634e-01  -2.6025698e-01  -4.1415625e-01   1.1691514e-01  -3.2814982e-01  -2.0067566e-01  -3.5392368e-01  -6.4187962e-02  -4.4944687e-01   1.3948240e-01   2.1617589e-02  -2.0824935e-01   7.9019132e-02  -2.2657005e-01   1.8248189e-01   2.7122454e-01  -3.0601074e-01  -4.2943585e-01   1.1332728e-01   1.9869364e-02  -2.8295509e-01  -6.1276842e-02
  -6.4521865e-02  -1.8093957e-01  -1.7641436e-01   0.0000000e+00   1.2545257e-01   1.6711544e-01  -1.1152716e-02   2.9614667e-01   4.3110787e-01   3.1793596e-02   2.5468308e-01  -1.3405380e-01   4.4845683e-01   1.6710298e-01  -1.3859547e-01   2.1647124e-01  -2.0131382e-01   2.4009831e-01   3.4945926e-02   5.5554918e-02   5.3321792e-02   1.7770381e-01   1.9090490e-03  -8.5610084e-02   1.2077444e-01   1.5811400e-01  -3.3647555e-01   1.1134459e-01  -3.0382641e-01  -1.1964027e-01  -7.1058701e-02   3.8553451e-01   4.6275389e-01  -1.5321950e-01   2.7699205e-01  -1.5464888e-01  -7.0239302e-02  -3.0953394e-01   3.1433212e-01  -1.0212711e-01   4.5758175e-01   3.8198807e-01   2.5378806e-01   4.3333569e-02   3.1471853e-01  -8.0232402e-02  -3.9407208e-02  -1.0168699e-01   1.1095534e-01  -6.9911766e-02   1.1783947e-01   2.0599988e-01  -1.3163641e-01   3.9628586e-01   1.4809730e-01   1.8776904e-01   9.7261252e-02   4.8861938e-02   4.6105726e-01   3.1943082e-01   1.1964604e-01   4.1372557e-01   4.7952180e-01   1.3237146e-01   1.4677167e-01  -2.1639005e-01   1.0549143e-01   4.9107440e-01   1.1927883e-01  -7.0387510e-02  -2.7839231e-01   3.8679050e-01   2.7894240e-01  -2.0970765e-02   1.8521842e-01   1.5421396e-01  -4.9055138e-02   1.3734280e-01  -1.9768087e-01   3.4056240e-01   2.9855464e-01   1.2772778e-01   1.5239292e-01   1.6292610e-01  -1.4619364e-01   3.7069549e-02   1.6797547e-01   1.6688634e-01  -1.3994512e-01  -1.3154497e-01  -2.7838986e-01   1.3950972e-01  -6.4563874e-02   5.5251199e-01  -1.2518545e-01   3.8705497e-04   5.7850403e-01   1.1036225e-01   4.0507587e-01   4.5256729e-02  -1.5176664e-01   4.1816344e-02   5.5097043e-02   2.2202330e-01   3.2472256e-01   6.4317932e-01   3.4234579e-01   3.4323269e-01   3.5470569e-02   8.7077722e-02  -2.8321773e-02   2.6280843e-01   6.6631531e-01  -5.3025956e-04  -5.8517265e-02  -1.7214554e-01   2.0599126e-01   2.8923971e-01   2.9788424e-02   6.8352241e-01   1.8279987e-01  -8.1498135e-02   1.2841571e-01  -5.3961033e-03  -1.4890454e-01   2.1851808e-01   4.9753331e-02   1.0614947e-02   4.6574667e-01   7.8495067e-03   2.1519408e-02   9.6148829e-02   3.6905817e-02  -1.5881641e-01   5.7024957e-01   1.2934753e-01   4.2214606e-01   2.0192313e-02   9.5508653e-02   2.1249813e-01   1.3678946e-01  -1.4977454e-01   3.5352722e-01   1.4909986e-01  -1.6817713e-01  -1.4774412e-02  -1.0790684e-01  -1.1016324e-01  -1.0355329e-01  -7.8194645e-02  -1.4652189e-01   9.7758637e-02   3.5547251e-01   1.3427143e-01  -2.0118042e-02  -3.5205678e-02   2.1434937e-02   3.7420149e-01   2.8459246e-01   2.9680520e-01   4.3118108e-01   3.7915666e-01  -1.3624903e-01   3.7343597e-01   9.6804816e-02  -2.1696765e-01   2.0644984e-01   1.1862705e-01   2.7108702e-01  -1.1894486e-01  -2.5100335e-01  -5.8584850e-02   5.0344795e-01   2.5482882e-01  -1.3080382e-01   2.6636244e-01   1.6202422e-01
  -1.6276975e-01   1.6130684e-01   1.8716834e-01   1.2545257e-01   0.0000000e+00  -2.0089849e-01   2.5001971e-01   4.3475965e-02   2.7155419e-01   3.7629632e-01  -1.0735939e-01   2.7612840e-01   4.1122828e-01  -5.8829199e-02  -1.4409651e-01   8.2581128e-04   2.0843143e-01  -3.6774910e-02   1.4232590e-01   7.7185139e-01  -2.1520061e-01   1.7712395e-01  -1.8860380e-01  -1.9141812e-01   7.7512482e-02   1.5859337e-02   3.0281334e-01  -1.9502720e-01   1.7432381e-01  -2.0581384e-02  -1.3652600e-01  -4.2331181e-02   2.4707587e-02   2.2154703e-01  -3.9601706e-02   2.4669351e-01  -3.1586831e-01  -4.1671161e-03   1.6965251e-01   2.8189341e-01   3.3617876e-01  -6.6712685e-02   4.2405907e-01   1.8151090e-02   2.1662847e-01  -2.7194395e-01   5.6725398e-02   3.3997128e-03   4.1058581e-01   2.9557088e-01  -4.6185450e-02  -1.1263506e-03   1.5688966e-01   9.4490095e-02  -8.9731793e-02  -2.2575408e-02   1.2934570e-01   8.9545405e-02  -8.1792052e-02   1.1387325e-01  -9.9402536e-02   2.6388164e-01   3.5378290e-01  -4.7287037e-02   6.2748510e-02   4.0953122e-01  -1.2317467e-01   2.8296904e-02  -5.9958816e-03  -1.3194412e-01   2.1794180e-01  -4.3126914e-02   3.5990195e-01  -3.0820587e-01   6.5861690e-02  -5.2768782e-02  -1.8627306e-01   6.1324769e-02   5.2466567e-01  -1.8527841e-02  -1.4650669e-01   3.5997849e-01   2.1862960e-01   6.2960391e-02  -3.1186243e-01  -1.4810672e-01  -1.2929083e-01  -1.5218970e-01   2.9865224e-01  -1.5293925e-01   3.7511016e-01  -1.2851787e-01   2.7222480e-01   2.4769339e-01  -5.3565587e-02   8.0774221e-01   5.3407280e-02   2.3695248e-01   1.3526284e-01   2.5280435e-02  -1.7360135e-01  -1.9431415e-01  -3.9924882e-02   1.0415449e-01  -2.7681019e-01   2.4918827e-01   2.1092198e-02   1.3202315e-01   2.6658628e-01   4.5536669e-02   5.2926883e-02  -1.2622519e-01   4.8135797e-02  -1.5497118e-02  -3.2015183e-01   2.2293074e-01   5.2029894e-02   3.9843265e-01  -2.7757169e-01   9.9920166e-02  -3.8107454e-01   7.3163577e-01   3.7235842e-01  -2.3736343e-01  -3.1245237e-01  -5.5778432e-02   5.8734652e-03  -8.4932089e-03   1.8133755e-01  -1.4642726e-01   3.2138873e-01   2.7898168e-01  -2.5594911e-01   1.3962936e-02   1.7302810e-01  -8.7828819e-02   3.1318363e-02  -1.9068416e-01  -2.1289446e-01  -8.7678675e-02  -5.2364679e-02   1.4793453e-01   5.7544898e-02  -1.2904708e-01  -9.2399096e-02  -1.5961896e-01   1.4821857e-01   1.3466656e-01   1.6939437e-01  -2.4323061e-02  -3.5106554e-01   8.2903240e-02  -2.4954025e-01   2.9140291e-01   3.7621580e-01  -1.3756217e-01  -2.0678428e-01   1.2377703e-01  -9.4165559e-02  -1.8078040e-01   6.9591581e-02   1.8780829e-03   2.5428292e-01  -1.5271765e-01   2.0334467e-01   3.1163720e-01   1.2640929e-01  -1.8745775e-01  -2.9342088e-01   3.5807094e-01   3.7987905e-01  -1.1064020e-01  -3.5905982e-02  -5.5120634e-02   1.7484419e-02   1.6097306e-01   4.8082139e-02
  -1.7835362e-01  -2.6583773e-02  -6.0733551e-02   1.6711544e-01  -2.0089849e-01   0.0000000e+00  -6.8012356e-02  -5.8540391e-02   1.2674134e-02  -2.3724321e-01   3.0676879e-01  -1.5125125e-01  -1.9283780e-02   1.5814966e-01   6.6836895e-02  -1.2190561e-01  -1.7644043e-01   2.3024486e-01  -2.3047865e-01  -8.5120440e-02   4.8267373e-01  -2.4390630e-04   4.0876349e-01  -8.4207373e-02  -1.2076283e-01   8.7548105e-03   1.5251812e-01   3.1670011e-01  -2.1799233e-01   2.1773034e-01   7.6720099e-02   1.0414909e-02  -9.6385616e-02  -2.0763803e-01   3.9330608e-02   5.3748288e-01   1.6478573e-01  -4.0013860e-01  -1.0820863e-01  -9.3674117e-02   1.9449082e-02  -9.1226839e-02  -4.3831302e-01   3.2062414e-01  -1.4990135e-01  -1.0340368e-01   7.0566059e-01   2.3505273e-01  -1.8120577e-01  -4.3587512e-01   1.7264191e-01   2.4335122e-02  -9.1151189e-02  -2.3552533e-01   1.4584867e-02   3.7916248e-01  -2.9062633e-03  -2.2167656e-01   6.7269105e-02   9.2481450e-04  -1.8727940e-01   1.1870034e-01  -2.5810238e-01   2.7183576e-01   3.9636879e-03  -2.7912070e-01   8.1933133e-01  -7.0724544e-02   4.9132863e-01   2.8502757e-01  -2.7446168e-01   4.1283732e-01  -6.2163696e-02   4.5615340e-02  -3.0361238e-01  -3.6920711e-02  -1.2041114e-01   4.0030774e-01  -2.2673307e-01  -4.9803014e-02   4.7854637e-01  -1.2455880e-01   2.6677398e-01  -9.4023275e-02   1.0002226e-01   2.5465043e-02   1.5158095e-01   9.6068928e-02  -1.3787172e-01  -1.5051006e-01  -3.3495468e-01  -1.3761406e-01  -8.3154497e-02   5.7505608e-02  -4.2394425e-01  -3.2496166e-01   1.1647630e-01  -3.4631297e-02   1.3536789e-02  -2.3806577e-01  -2.5685376e-02   2.3490434e-01   5.1695741e-01   7.4286798e-02   4.3005759e-01  -1.5821628e-01  -2.7911054e-01   2.6288431e-01  -3.7824682e-01   6.8016494e-01   2.3035708e-01   4.3246630e-01   1.3313884e-01  -2.0347286e-01   1.3469896e-01  -3.9985885e-01   1.8670877e-01  -2.2682528e-01   4.1718511e-01   3.7902264e-01   1.0639027e-05  -1.4069815e-01  -2.6760118e-02   9.7700773e-02  -1.3007050e-01  -1.7271172e-01   5.2265277e-02  -3.5644608e-01  -1.1193160e-01   5.3238283e-01   3.3848655e-02   2.5352876e-01  -5.1148859e-03   7.0815673e-02  -3.8180007e-02   4.7485033e-02  -1.5520376e-01   4.1071176e-01   1.3031284e-01   2.1967982e-02  -3.0845322e-02  -4.9386535e-02   1.4445458e-01   5.1978847e-01   6.1368077e-02   1.8004869e-01  -1.5002584e-01   4.1324164e-01   4.8635843e-01  -3.1505452e-01   1.2519182e-01   5.7947653e-02  -1.1405156e-01   7.8282907e-02  -8.3698831e-02  -5.6163285e-02  -1.1132606e-01  -5.3842440e-02  -1.6639764e-01   6.0460206e-01  -2.4856596e-02   3.1390234e-01   2.5296581e-01   3.8976545e-01  -2.8733523e-01  -4.4802168e-01   2.4609447e-01   1.9972782e-01  -1.2391632e-01  -4.1829383e-01  -4.8272260e-01  -3.3277550e-01   3.7026200e-01   5.2901667e-01  -1.1119545e-01  -3.4013484e-01   5.2221971e-02
  -1.9505451e-01   2.6786372e-01   4.2340251e-01  -1.1152716e-02   2.5001971e-01  -6.8012356e-02   0.0000000e+00   7.2424764e-03   7.7703652e-02   4.8670785e-01  -1.6176987e-01   5.5452447e-01   2.2754417e-01  -3.1099932e-01   9.7746222e-02  -1.6408041e-02   4.0453354e-01  -1.5010958e-01   1.8166745e-01   3.0412081e-01  -2.2077372e-01  -6.7012398e-02  -2.9226312e-02  -1.7456803e-01   3.0681466e-03  -3.8378231e-02   9.3952781e-02  -2.6954234e-01   4.5406634e-02  -3.6676709e-02  -2.0665394e-01  -1.7287251e-01  -1.0355307e-01   6.7262732e-01  -2.4876529e-02   1.6899832e-01  -2.3546649e-01  -3.2789879e-01  -5.1719344e-02   5.2015683e-01   1.6601812e-01  -1.4625046e-01   1.5262474e-01  -4.2014365e-01  -7.0794655e-02  -2.5240145e-01  -1.4267640e-01   3.8979605e-01  -1.1865118e-01   2.5740949e-01  -8.9506077e-02   4.8956308e-04   1.6138739e-01  -1.1345283e-01  -2.4382195e-01  -4.3043155e-01   7.1191238e-02  -3.5869876e-02  -9.9019031e-03  -2.6474743e-02  -3.0353888e-01  -9.8574247e-02   7.9744037e-02  -1.6758685e-01   1.5391804e-02   5.7266075e-01  -5.7140654e-02  -7.4679858e-02  -4.5813543e-01   2.0014504e-01   3.9414020e-01  -2.7706116e-01   2.3422159e-01  -3.6097205e-01   8.3600624e-02   2.2732735e-02  -4.2484449e-01  -1.8734782e-01   5.2070378e-01  -7.8030301e-02   3.4329228e-01   5.1435381e-01   4.7413169e-02   1.5548736e-01  -2.4886897e-01   3.0099525e-02  -3.4661318e-01  -1.3711620e-01   2.7362552e-01  -3.0539028e-01   1.0135805e-01  -3.2207157e-01   6.1449919e-01   5.5216826e-02  -3.1887501e-01   2.0029682e-01  -9.5816779e-02   2.7454493e-02  -1.3539188e-01   5.1514593e-01   2.5169074e-01   1.1945091e-01  -2.8189477e-01  -1.8210252e-01  -3.4863988e-01  -7.4557197e-02  -1.0113756e-01  -2.1672551e-01   2.2712122e-01   2.8692074e-02   3.6972541e-01  -3.1134190e-01  -1.7264353e-01  -1.9954809e-01  -1.2911095e-01  -1.6924457e-02  -3.0819155e-01   1.9994792e-01  -2.2838860e-01   5.4318339e-02  -3.8189102e-01   3.6448706e-01   4.9664939e-01  -1.9388328e-01  -4.1658291e-01  -3.2827475e-01   1.1912121e-02  -1.9437452e-01  -1.8503623e-01   8.7752077e-03   3.1889798e-01   3.4139193e-01  -3.1288487e-01   2.9925227e-01  -3.6874549e-01   4.9628258e-02  -1.3346220e-01   1.4876680e-01  -1.0156069e-01  -8.0590669e-02  -4.0197623e-02  -3.8608485e-02  -3.4483327e-01  -8.6810308e-02   3.7018167e-01  -1.5400157e-01   6.1410134e-01   6.7722129e-03   4.0810527e-01   2.0353762e-01  -2.6613169e-01   1.3217464e-01  -3.3541494e-01   1.0114331e-01   5.6768878e-01  -2.1049577e-01  -1.9333751e-01   8.1746967e-04  -2.7812748e-01  -2.8374955e-01  -2.5931217e-02  -2.7917604e-01   3.2898834e-01  -3.2077059e-01  -1.6897773e-02   4.1795746e-01   2.1036527e-01  -2.1128012e-01  -2.6318270e-01   1.9392823e-01   4.8057991e-01  -2.9447243e-01  -2.4437310e-01  -8.3796820e-02  -1.4914217e-01  -1.6999775e-01   2.7066807e-02
   1.7048700e-01  -7.7828373e-02  -1.7413585e-01   2.9614667e-01   4.3475965e-02  -5.8540391e-02   7.2424764e-03   0.0000000e+00   1.5844943e-01  -1.7600155e-01  -3.2727526e-01   2.2489137e-02   6.4937215e-02  -1.0826533e-01  -2.2371110e-01   2.7119365e-01  -1.8157657e-01  -2.3528871e-01   4.6327777e-01   1.4079273e-02  -4.9994119e-01   5.2110158e-01  -3.7987592e-01   3.2090573e-01   1.4250039e-01   7.8382005e-01  -1.8764139e-01   1.0919988e-01  -1.6978854e-01   3.0248396e-01  -4.4344377e-01   1.3838807e-01   3.2358983e-01   3.8319414e-02  -8.1122657e-02  -2.5678544e-01  -2.1661257e-01  -7.5000504e-02   1.5854772e-01  -2.2282708e-01  -7.1536137e-02   2.3102562e-01   1.9721691e-01  -2.5995232e-01  -8.3063704e-02   1.3750789e-01  -3.1281909e-01  -2.2709535e-01  -1.2935477e-01   4.2086058e-02  -3.0082112e-01   7.9142301e-01   2.7076312e-03   5.4720326e-02  -1.1191634e-01  -8.2030099e-02   4.4276884e-01   4.8814023e-01   4.4925454e-02   3.0729279e-01  -3.2206574e-02   9.9765460e-03   3.4570090e-01  -1.1739520e-01  -2.3748682e-01   1.6115352e-01  -1.4216063e-01   1.6287190e-01  -6.7073053e-02  -2.4175874e-01   1.6573773e-01  -2.1901033e-02   2.7286169e-02   7.0511806e-02   3.6470418e-02   5.9069306e-01  -2.3804000e-01  -1.4371724e-01   7.2652232e-02  -1.0275276e-02  -4.1452119e-02   1.1704994e-01  -1.5538907e-01   7.5107260e-01  -1.5159335e-01   5.1010107e-01  -3.9363967e-01   7.5588522e-02   1.2069964e-01   2.2653414e-01   1.7026087e-01   1.0976971e-02   8.6352682e-02   3.5790595e-01  -1.0546134e-01   1.8498772e-01   2.2024244e-01   6.5557641e-01  -6.5143678e-02  -3.7985236e-01  -2.4123625e-01  -2.9959925e-01  -2.8829397e-01   1.0720934e-01  -1.4437647e-01   4.6824213e-01   7.1535352e-02   5.4550464e-01  -2.6140476e-01  -4.0857050e-01  -2.0338651e-01   2.7394473e-02   2.7139373e-01   9.5380430e-03  -2.2611374e-01   1.8994358e-01   1.4132907e-01  -3.1406726e-02  -3.1003792e-01   1.4374818e-01   6.7693531e-03  -5.8695346e-02   1.1326210e-01  -5.3645679e-01   1.3196972e-01   4.0768460e-01  -4.4317332e-01  -7.9608030e-02   5.5636810e-01  -5.0515447e-01   5.0444233e-02  -1.8631952e-01   2.7553664e-01  -3.9449301e-01   2.7801929e-01   6.4907983e-01   2.8395382e-02  -4.2988404e-01   5.3250494e-01   8.3772137e-02   1.3931401e-01  -9.9386342e-02   2.6327301e-01  -3.1363505e-01  -4.3938736e-01  -4.1354991e-01  -1.9673490e-01   4.0246935e-02  -1.5843727e-01  -1.8607374e-01  -4.3550332e-02   3.6915845e-01   1.2846837e-01   4.4442734e-02   1.8789429e-01   3.6721754e-01   2.6713237e-01  -1.0388730e-02   7.8314736e-02   2.2859333e-01   6.1992152e-02  -5.6644351e-02  -1.4694516e-01  -2.7554784e-01   3.5021261e-01   8.2070120e-02  -4.8645943e-03   8.0634107e-02   1.9513685e-01   3.7553949e-01   1.5867950e-02  -1.4907235e-02  -1.3753990e-01  -4.8416498e-03  -1.7589546e-01   2.4342464e-02   5.1302860e-01
  -1.5507853e-01   1.9336088e-01  -2.4587893e-01   4.3110787e-01   2.7155419e-01   1.2674134e-02   7.7703652e-02   1.5844943e-01   0.0000000e+00  -2.8795255e-02   2.7563582e-01  -5.5161019e-02   2.4733376e-01  -2.2460206e-01  -1.0062016e-01   7.9485784e-02  -2.7730128e-01   3.7182950e-01   1.0334630e-01   1.2608530e-01   1.4356753e-01  -6.7638305e-02   8.1687335e-02  -1.6272944e-01   8.5820488e-02   1.6203831e-02  -1.7599624e-01  -1.2441382e-02  -1.7501352e-01   6.9854490e-02  -8.0458290e-02   2.8068511e-02   2.6213001e-01  -4.2801155e-02   4.1328375e-01  -1.3840133e-01  -1.8169699e-01  -2.7223160e-01   1.9803409e-01  -1.7014035e-01   2.6782842e-01   7.6022630e-02   2.8918234e-01   6.0217836e-02   5.8075731e-01  -1.5769028e-03  -1.2183207e-01   1.8165501e-01   3.5882460e-01  -1.8467282e-01   5.1591707e-02   5.4208027e-02   9.8737331e-02   5.2738007e-02  -2.5932971e-01   8.5056052e-03   1.1468333e-01  -1.1016487e-01   2.4126314e-01   2.7322548e-01  -6.6982523e-02   4.5058755e-01   6.0326161e-01   4.6120547e-01   6.6818190e-01   1.7984510e-03   4.2385211e-03   3.6806442e-01  -1.3826491e-01  -4.8090867e-02  -7.0496103e-02   3.8600774e-01   2.2502512e-01  -1.1070272e-01   1.3318174e-01   8.2440880e-03  -1.8147812e-01   4.0126283e-02   2.0737589e-01   1.1355005e-01   4.9634227e-02   5.6501905e-02   2.1836526e-01   1.7697453e-02  -2.1368614e-01  -9.7421856e-02   1.2303506e-01  -1.9275742e-01   2.9827028e-01  -1.4487084e-01  -1.3166309e-01  -6.3409031e-02  -1.5544214e-01   6.3128721e-01  -1.7514444e-01   2.0522987e-01   2.5757815e-01   1.7685519e-01   4.0600093e-01   1.1447236e-01  -3.4883665e-01   1.3461876e-01  -2.2281446e-01   3.9042333e-01   2.2583544e-01   4.2638698e-01   1.1905153e-01   2.5327874e-01  -1.0542422e-01   7.7014948e-02  -9.8817955e-02  -6.9459466e-02   3.6851767e-01  -1.2479506e-01  -2.9589131e-01   4.7723276e-02  -1.4194981e-02   1.8006094e-01  -1.0946250e-01   3.8517806e-01   1.8656093e-02   1.6378583e-01   1.9275927e-01   5.3295965e-02  -2.2713429e-01   1.4658531e-01   1.6889202e-01  -6.0199870e-02   1.1935020e-01  -3.3673889e-02   1.2972554e-02   4.0998349e-01  -1.9283476e-01  -1.1380881e-01   3.7893131e-01   1.6916501e-02   1.8004591e-01  -9.8209187e-02  -2.7417284e-02  -2.6213148e-02  -3.8426229e-02  -1.6877325e-01   3.5819295e-01   8.4754508e-02  -1.8046602e-01  -7.9469990e-02  -3.0409455e-01   4.3581731e-02   3.2987138e-02   3.1682307e-01  -2.3283210e-01   7.4858276e-03  -5.2535369e-03   3.4188260e-01   1.1294289e-01  -1.0913243e-01  -1.8554545e-02   3.1432423e-01   4.7568437e-02   4.1335064e-02   3.7918689e-01   3.1895736e-01   1.2845817e-01   4.2931246e-01   2.2459548e-02   4.4945554e-03   3.8933631e-01  -2.1461650e-01   1.7870632e-01  -8.2110693e-02  -1.0234059e-01  -1.1834751e-01   5.3208449e-01   1.8512342e-01  -2.5563386e-01   3.7850657e-01   3.7508660e-02
  -1.2570942e-01  -3.5491207e-03   3.2996642e-01   3.1793596e-02   3.7629632e-01  -2.3724321e-01   4.8670785e-01  -1.7600155e-01  -2.8795255e-02   0.0000000e+00   1.3043194e-01   2.3354391e-01   2.8726197e-01  -1.0591831e-02   1.5936583e-01   3.5319053e-02   2.9570893e-01   4.5633904e-02   6.6520880e-02   3.3304300e-01  -7.8284605e-02  -8.6603281e-02   2.4851511e-02  -1.9484961e-01  -1.0910850e-01  -1.7212580e-01  -8.6365912e-02  -1.4796840e-01   6.9447935e-02  -2.9413464e-01   9.1898433e-02   1.3543095e-01  -1.4828870e-01   3.2383867e-01   1.7318620e-01   6.5342154e-02  -1.6833423e-01   8.7978632e-02   3.5771256e-02   3.5026062e-01   3.1720982e-01  -5.4250889e-02   3.3743111e-01   2.3061417e-02   1.7129757e-01  -1.4850882e-01  -1.2865334e-01   4.8075377e-02   6.2537070e-02   2.6829218e-01   2.2615490e-01  -1.7198070e-01  -1.9727373e-01  -6.2451468e-02   2.5530304e-03  -1.3936093e-01  -4.5015797e-02   6.5305460e-02  -1.3437413e-01   3.6680791e-02  -7.2153544e-02   2.1600527e-01   1.0885140e-01  -1.5957274e-01   2.8675933e-02   3.2627624e-01  -1.7249714e-01   1.1338210e-01  -3.2313047e-01   1.9428821e-01  -1.1045752e-01  -1.5511643e-01   2.2203853e-01  -2.5526040e-01   7.0096845e-03  -2.1643036e-02  -6.6971436e-02  -4.5342997e-02   1.6036776e-01  -1.1558490e-01   1.5081985e-01   4.0287691e-01   1.8234062e-01   2.6525991e-02  -1.8044483e-01  -1.2378345e-01  -5.9434153e-02  -6.7211247e-02  -1.5168247e-01  -1.4658173e-01  -1.1615635e-01  -3.0566674e-02   3.3780298e-01   3.7169132e-02   7.5492470e-02   2.7101023e-01  -2.9428777e-02  -4.5063844e-02   1.4249938e-01   5.7957174e-01   1.0833605e-01   2.1649927e-01  -1.0950366e-01   4.1286678e-03  -2.1724231e-01   1.1870803e-01  -2.5871630e-02  -1.4606776e-01   4.2322566e-01  -2.6056994e-02   3.0679734e-01  -2.9363604e-01  -5.0208756e-02  -6.7645113e-02  -4.5955686e-02  -2.5354958e-01  -1.1985402e-01   2.8700936e-01  -8.1887528e-02   1.2035003e-01  -2.2029915e-01   3.4087713e-01   2.7126375e-01   1.6275827e-02  -2.9917485e-01  -2.1787330e-01   3.4619239e-01  -1.9633532e-01   3.2734380e-02   9.3163098e-02   1.1827164e-01   2.1411056e-01  -1.8089142e-01   2.4524180e-01  -3.7292564e-02  -8.3787532e-02  -6.0526190e-02   2.1817782e-01  -2.7809490e-01   1.2610451e-02   7.1798681e-02  -1.2330618e-02  -1.0124432e-01  -2.9074520e-02   3.1662065e-01   1.2469703e-02   3.4920198e-01  -3.2181902e-01   7.9961787e-02   1.0324842e-01  -1.7546518e-01   8.1560646e-02  -1.8121248e-01   1.8989816e-01   1.9226256e-01  -1.2137628e-01  -1.7937651e-01   1.1130505e-01  -9.1675516e-02  -3.1074310e-01   6.3772394e-02   2.5181767e-02   2.4214056e-01  -1.5824966e-01  -4.6787174e-03   1.9234395e-01   2.0779404e-01  -9.9057209e-02  -2.0798630e-01  -7.5868172e-02   3.0771351e-01  -8.3253490e-03  -5.6094755e-02  -6.0795069e-02  -2.1240254e-01   5.0987433e-03  -1.1569936e-01
   4.3553903e-02  -2.0489541e-01  -2.5043802e-01   2.5468308e-01  -1.0735939e-01   3.0676879e-01  -1.6176987e-01  -3.2727526e-01   2.7563582e-01   1.3043194e-01   0.0000000e+00  -4.6254289e-01   1.8947644e-01   1.2452311e-01   3.5053742e-01  -9.8808443e-02  -3.7537451e-01   7.2579714e-01  -4.8239933e-01  -1.8450506e-01   6.8941798e-01  -4.9857888e-01   6.3479353e-01  -1.3488005e-01  -1.5225926e-01  -3.8306155e-01  -2.7755269e-01   4.2254251e-01  -1.7259173e-01  -2.6535834e-01   5.0996012e-01   2.5561732e-01  -1.2981790e-01  -4.0836838e-01   5.3268927e-01   2.0131375e-01   2.3753619e-01  -1.0817134e-01   4.7719420e-02  -3.1775909e-01   3.0766125e-01  -1.8365947e-01  -2.6580217e-01   5.0566011e-01   4.4372438e-01   2.9428465e-01   4.4164174e-01   5.4001785e-02   1.8729277e-01  -5.5107204e-01   7.1403962e-01  -3.0995260e-01  -3.4701132e-01  -1.6588108e-01   1.3307925e-01   4.3099803e-01  -2.9129072e-01  -4.0117970e-01   3.9200013e-01  -9.5905566e-02   2.2450139e-01   5.4936412e-01  -5.3818595e-02   5.8542457e-01   4.7431613e-01  -4.8105717e-01   3.2863013e-01   3.1382725e-01   3.1029765e-01   3.9094821e-01  -6.7990626e-01   6.3489033e-01   8.0015056e-02   2.8859418e-01  -2.1294162e-01  -1.6373483e-01   4.0408096e-01   2.8875339e-01  -2.8324043e-01   4.1971538e-02   3.0399955e-01  -3.0663958e-02   2.2354187e-01  -4.6727613e-01   2.9471051e-01  -9.3024632e-02   4.6244040e-01   1.2914677e-01  -3.0831873e-01  -9.5276341e-02  -6.1633456e-01   1.2650081e-01  -4.7935899e-01   1.1258834e-01   6.4808775e-02  -2.1750558e-01   2.8630222e-01  -3.2627906e-01   5.0327261e-01   2.4643842e-01  -1.7724205e-01   6.7878223e-01   1.8801444e-01   6.9295565e-02   7.0636118e-01  -4.9692780e-03  -1.7908593e-01   1.2913720e-01  -1.3811653e-01   5.1116709e-01   4.9553293e-03   2.2272808e-01   3.3129087e-01  -1.1889187e-01   4.2378999e-01  -5.2469604e-01   2.9632740e-02   2.4969275e-02   5.5443151e-01   4.5038738e-01   4.0195939e-01  -2.0155256e-01  -1.2419384e-01   4.5635401e-01   9.6441837e-02   7.2033959e-03   5.8085219e-01  -3.0728021e-01  -1.8285590e-01   5.1537484e-01  -1.5863520e-01   4.8345469e-01   6.7673507e-02   1.1882063e-01   3.0861365e-01  -2.0814814e-01   4.6196155e-02   3.6922859e-01  -6.4597518e-02   1.7472275e-01   1.6119741e-01  -2.2691910e-01   4.7073664e-01   4.5123952e-01   2.2413560e-01   3.2330485e-01  -4.0966861e-01   5.8525651e-02   1.1041784e-01   4.3590311e-02   2.5785098e-01  -2.6340031e-01   2.3121140e-01   2.4223125e-01  -4.9622662e-01  -1.7902876e-01   2.0806917e-01   3.7425026e-01   8.4697594e-02   2.8286257e-01   3.8180416e-01   6.7917738e-01   1.7958577e-02   6.9719973e-01  -4.8152784e-01  -5.1711901e-01   4.0175483e-01   1.7995857e-01   3.4116365e-01  -7.0802849e-01  -5.4662535e-01  -1.5640628e-01   7.3876694e-01   2.3803556e-01  -2.8631198e-01   5.0612835e-02  -4.1365308e-01
  -2.5216745e-01   6.9673802e-01   6.6479598e-01  -1.3405380e-01   2.7612840e-01  -1.5125125e-01   5.5452447e-01   2.2489137e-02  -5.5161019e-02   2.3354391e-01  -4.6254289e-01   0.0000000e+00   3.5904793e-03  -2.7159014e-01  -2.1048950e-01  -1.4655148e-02   6.5995645e-01  -5.0163576e-01   1.9530740e-01   3.2268709e-01  -4.0928614e-01   1.9737030e-01  -4.1862375e-01  -2.3042063e-01   2.9665034e-01   2.6932061e-03   1.9378284e-01  -2.8208252e-01   3.7836311e-01   5.0463412e-02  -3.9191771e-01  -2.2635715e-01   9.7364729e-02   4.5750296e-01  -1.8947334e-01  -7.4613998e-02  -3.5839282e-01  -2.0390129e-01  -1.5682751e-01   5.5752530e-01  -2.2385554e-01   4.1027545e-02   4.6392159e-01  -2.4470723e-01  -1.4581149e-01  -2.8470433e-01  -2.2223627e-01   1.1531327e-01  -1.5878334e-02   5.0897923e-01  -4.8837789e-01   4.0682197e-02   1.8033477e-01   2.8035386e-02  -1.3382291e-01  -3.8254611e-01   1.2159057e-01   6.8829097e-02  -2.6134661e-01   4.6878379e-03  -2.6133409e-01  -3.0060151e-01   2.6670933e-01  -3.1134325e-01  -2.4722913e-01   5.4239569e-01  -7.9840067e-02  -1.0304764e-01  -3.3354795e-01   6.0356280e-02   5.7182891e-01  -4.4716487e-01   2.8572099e-02  -2.9207051e-01   2.2899828e-01  -1.0315784e-01  -4.6273654e-01  -1.4130757e-01   4.5981080e-01   1.2900887e-02  -1.2759029e-01   2.9587180e-01   5.9176223e-02   2.2747345e-01  -1.4636966e-01  -5.6601932e-02  -3.6087685e-01  -2.0718204e-01   4.3731218e-01  -2.0533315e-01   4.6590776e-01  -2.3743753e-01   5.5342841e-01  -7.2843027e-02  -3.0120390e-01   3.1119220e-01  -1.7231702e-01   8.6934066e-02  -3.7379239e-01   3.7041072e-02   2.9896785e-01  -1.6919178e-01  -1.6371530e-01  -1.2899579e-01  -5.5618084e-01  -8.9783803e-02   1.1383673e-01  -1.5725856e-01   1.7184597e-01  -7.9016959e-02   1.4257135e-01  -2.7079939e-01  -2.2132687e-01  -1.8204156e-01  -2.4879616e-01   1.9889826e-01  -2.4472005e-01   2.8440753e-02  -2.3969881e-01  -9.9519892e-02  -5.1856729e-01   5.3019618e-01   6.2896396e-01  -3.7756903e-01  -3.2597391e-01  -3.6669823e-01  -1.4009549e-01   1.0462009e-01  -7.4954584e-02  -5.1287687e-02   1.0824535e-01  -9.9127682e-02  -2.3061726e-01  -2.2567488e-02  -2.9145402e-01   3.0049703e-02  -3.2975564e-02  -1.5081798e-01  -4.2888959e-02  -2.0747361e-01  -2.0370535e-01  -5.2986306e-02  -4.2025548e-01   2.0140021e-02  -8.6777466e-02  -3.4000849e-01   6.3978689e-01  -1.2273541e-01   1.3628169e-01  -4.6200909e-02  -1.5480086e-01   1.3787810e-01  -2.3369225e-01  -1.4101351e-01   7.5538334e-01  -2.1865332e-01  -3.0890895e-01  -3.3834692e-01  -7.9881431e-02  -2.9091392e-01  -8.3217811e-02  -4.4864831e-01  -5.7012574e-02  -5.0370844e-01   1.8703947e-01   3.8643949e-01  -2.4765969e-01  -2.7809047e-01  -2.1561226e-01   4.6227755e-01   5.5808532e-01  -3.0428594e-01  -4.3647404e-01  -2.9424366e-02   1.2363414e-01  -1.1940617e-01   1.5705806e-01
   3.3930828e-02  -1.7685410e-01  -9.4922809e-02   4.4845683e-01   4.1122828e-01  -1.9283780e-02   2.2754417e-01   6.4937215e-02   2.4733376e-01   2.8726197e-01   1.8947644e-01   3.5904793e-03   0.0000000e+00   1.7280301e-02   7.1847233e-02   2.7865533e-01  -3.2650154e-02   2.3054099e-01  -7.9024951e-05   3.9416776e-01   7.6474452e-02  -4.9757582e-02   1.5392057e-01  -9.7617473e-02   1.8962256e-02  -1.5195755e-04   2.8493079e-02  -1.4231196e-01  -2.0500831e-01  -2.8280296e-01  -7.9745088e-02   1.2960869e-01   2.8617399e-01   2.3525672e-01   1.2209090e-01   6.3371743e-02   7.8484613e-02  -2.8096962e-01   4.5261254e-01   1.5109030e-01   6.7860135e-01   4.9607886e-02   1.4361245e-01  -7.5998023e-02   3.5328732e-01   8.5543232e-03   5.9343554e-03   1.1169565e-01   2.7247838e-01   8.4517453e-02   2.7418246e-01   2.7803429e-02   1.2617295e-01   2.8787958e-01   5.1624353e-02   5.0471519e-02  -9.8692882e-02  -1.6522047e-01   3.5757874e-01   2.0922188e-02   4.1311450e-02   4.3295337e-01   2.5878458e-01  -5.3752126e-02   2.3216359e-01   9.8749938e-02   2.8820677e-03   3.8307557e-01  -7.7857737e-02  -8.0206942e-02  -2.4932076e-02   3.3270385e-01   6.0911904e-01  -2.3701959e-01   2.2477010e-01  -3.8080029e-02  -2.6370554e-02  -1.0935161e-02   1.0212641e-01   1.8988285e-01   1.7810359e-01   5.0066347e-01   1.2264109e-01   7.5874671e-02  -2.4622692e-01  -6.2523111e-02   3.0040085e-02   1.4449551e-01   1.2745989e-02  -1.2858146e-01   8.2739995e-03   1.9783935e-03   2.2152729e-01   2.9955057e-01   5.9929160e-03   3.3257202e-01   5.5109081e-01  -3.4570692e-02   3.8757177e-01   2.2669973e-01  -1.1631285e-01   2.8411483e-02  -4.0169576e-02  -9.1484320e-02   1.5723092e-01   1.9946138e-01   1.2954561e-01   3.7757285e-02   2.8518624e-01   1.8666230e-01   2.6746408e-01  -4.3613447e-02   3.2938381e-01   1.5617902e-02  -1.6400694e-01   3.2472595e-02   4.1696294e-02   6.9499261e-01  -1.7872132e-01   4.2008905e-01   1.3524095e-01   2.0766016e-01   2.9137811e-01  -6.3971546e-03  -1.5196436e-01   9.0992968e-02   1.8181226e-03   8.5909575e-02   9.7063352e-02  -6.8828709e-02   3.3900718e-01   3.6899512e-01  -8.5226657e-02   2.5029268e-01   2.2454797e-01  -4.9491980e-02   4.2507272e-01   7.6658193e-02  -1.0756193e-01   2.4460666e-01   1.8995867e-01  -2.6410341e-01   1.6975797e-01  -1.3694589e-01   4.2260596e-02   1.0569358e-01   5.4639027e-02   2.2970562e-01   2.3364698e-01   4.5039475e-02  -3.0424543e-01   1.7781689e-01   1.4766959e-02   2.1596167e-01   7.1276825e-02   3.4104917e-03   8.0515529e-02   5.4946320e-01   3.5680314e-02   9.8122424e-02   4.6166971e-01   1.4350212e-01   2.0600967e-01   9.7545027e-02  -7.5070816e-02   1.7381383e-01   3.1057961e-01  -2.0731035e-01   1.4143147e-01   1.3118566e-01   1.4111938e-01  -6.6402575e-03   2.4529408e-01  -1.2612879e-01  -6.5020970e-02   2.8694864e-01  -4.1470887e-02
   1.6524077e-01  -1.7212602e-01  -1.0317076e-01   1.6710298e-01  -5.8829199e-02   1.5814966e-01  -3.1099932e-01  -1.0826533e-01  -2.2460206e-01  -1.0591831e-02   1.2452311e-01  -2.7159014e-01   1.7280301e-02   0.0000000e+00  -1.7151138e-01   8.3703507e-02  -1.4950701e-01   2.2715881e-01  -1.0269671e-01  -1.3257421e-01   2.6871159e-01  -7.8316681e-02   5.8685234e-03   1.0765155e-01  -7.3455786e-02   8.0058580e-02  -1.4773053e-01   3.4300264e-01  -1.2792089e-01  -4.5450709e-01   4.6062811e-01   1.8563176e-01   2.7189758e-01  -3.9047516e-01  -5.1384925e-02  -1.0638577e-01   2.5044790e-01   1.6609244e-01   3.0634222e-01  -1.1385177e-01   2.2579013e-01   2.0177990e-01  -8.9810692e-02   3.6349528e-01   6.4052091e-02   1.6214810e-02   9.9194940e-02   9.0107522e-02   1.6366467e-01  -4.3690389e-03   1.0533896e-01  -1.5476571e-02  -3.5231908e-02   2.5681231e-01   6.6247925e-01   5.2655288e-01  -2.9147910e-02  -2.5511920e-01   5.6363489e-02  -1.0474742e-01   2.8069285e-01   2.1493695e-01  -6.8641255e-02   3.1228436e-02  -1.4257879e-01  -3.6856598e-01   1.9224091e-01   1.8977662e-01   1.8846145e-01   1.3311626e-02  -2.7075592e-01   7.7755386e-02   1.1371931e-01   2.5130001e-01  -4.1529804e-02  -2.6774397e-01   2.5750832e-01   3.4012482e-01  -3.5602529e-01   9.2390150e-02   1.5405049e-01  -1.1245583e-01   6.8965944e-02   2.4820219e-02   1.6382720e-01  -3.2950957e-01   5.3352998e-01   4.7811110e-01  -2.6896811e-01   1.1664332e-01  -1.8048061e-01   3.1632865e-01  -1.5609184e-01  -1.2675509e-01   1.9178791e-01  -6.2264757e-02   6.5484266e-02  -1.6017641e-01   3.5430891e-01  -1.6579226e-01   9.7621124e-02  -4.1166946e-02   5.8003118e-01  -1.7007090e-01   1.8566875e-01   6.2038020e-02   1.5719585e-01   7.6971579e-02  -3.6961134e-02   1.5832276e-01   1.0849898e-01   1.8955449e-01   1.6343598e-01   1.0712890e-01   3.7973797e-01  -5.8185185e-02   3.7917756e-01   1.5833102e-01   3.4635993e-01   5.1547911e-02   2.1115763e-01  -1.8373186e-01  -3.6752929e-01   1.9759510e-01   4.5900158e-02   3.0833062e-01   1.5521217e-02   5.1772114e-02  -1.5444142e-02   3.0358924e-01   3.5113636e-02  -7.2007561e-02   2.1851071e-01   2.2928939e-03   2.1888932e-01  -3.2995184e-01   1.5503325e-01   2.6098532e-01  -3.4685046e-01   6.3194447e-02   6.9651449e-02  -1.7697788e-01   1.0709031e-01   1.9973741e-01  -2.0235288e-01   3.3839608e-01  -1.2403328e-01  -3.4307018e-02  -2.1604466e-01  -1.7597519e-01   1.8529494e-01   3.9000660e-01   3.2503509e-01   9.6480688e-02  -2.1542927e-01   1.9511074e-02   1.9034752e-02   1.9842797e-01   3.6645193e-01   3.2013729e-01   1.6945505e-01   1.1712899e-01   5.8338008e-02   2.1771046e-01  -1.3510816e-01  -2.8514989e-01  -8.9453956e-02   2.3371123e-01   1.7722916e-01  -7.9474720e-02  -3.7897939e-01   9.7004330e-02   1.4632638e-01   1.7255112e-01   1.3888520e-01   1.2197251e-01  -3.3166090e-01
