   0.0000000e+00  -1.4833344e-01  -1.8516955e-01  -1.3072027e-01  -2.2195828e-01  -3.1162510e-01  -2.6005772e-01   3.2395496e-01   1.4659904e-01  -3.1856012e-01  -3.3924985e-01  -3.5680387e-02   1.2842981e-01   5.9937312e-01   3.7525718e-01  -3.3310651e-02  -2.0439677e-01  -2.6147652e-01   3.1548260e-01  -2.7676025e-01  -4.1837329e-01  -1.9768662e-01  -2.6772958e-01   7.3427501e-01   1.9746218e-01   4.0699689e-01  -3.8842234e-01   6.2803026e-01   6.3548784e-02  -3.9010287e-01  -5.0231008e-02   1.1255487e-01  -6.3067241e-02  -2.3125336e-01   2.2580866e-01  -4.1151329e-01  -4.1189240e-01   2.9422022e-01  -1.1942861e-01  -3.2849551e-01  -1.4700194e-01   1.0651351e-01  -2.1360332e-01   1.5582488e-01  -2.1057022e-01   3.5796587e-01  -4.5453291e-01  -3.2589894e-01  -3.7542783e-01  -8.3759228e-02  -3.4421835e-01   4.4421906e-01  -1.3667326e-01   2.7512406e-01   4.0566280e-01   2.0117604e-01   2.8003599e-01  -2.0055173e-01  -4.6201873e-02   2.3221011e-01   4.5097192e-01  -1.7885936e-01   1.3999287e-01   4.7751539e-01  -1.4551112e-01  -3.8657018e-01  -3.2907748e-01   1.9572283e-01  -2.9132727e-01   5.8042442e-03  -2.4254324e-01  -1.1931584e-01  -2.8535124e-01   4.6065171e-01   1.9007891e-01   9.1814565e-02   5.0324554e-01   2.9036714e-01  -1.7676943e-01   2.2567504e-01   3.8959969e-01  -2.0344582e-01  -1.4715564e-01   2.0770422e-01   5.7287668e-01   1.2059250e-01  -5.9661661e-02   7.2811839e-01   1.4692343e-01   7.7253316e-01  -3.4049639e-02   3.7136792e-01  -3.2499198e-01   3.5079307e-02   5.7719342e-01  -1.0979386e-01  -2.0429759e-01   2.5876952e-01  -3.9410924e-01  -4.7929824e-02   1.4630334e-02   1.4688699e-02  -2.4638407e-01  -4.4544492e-02  -1.0826204e-01   8.3688949e-02   1.8705845e-01  -1.3951129e-02  -1.2138070e-01  -2.8999771e-01  -1.2861534e-01  -3.5940069e-01   2.0644046e-02   7.0945431e-01   5.5856341e-01  -2.0053198e-01   3.0142223e-01  -1.9335836e-01   2.1112789e-01   3.9580626e-02   5.0399739e-01  -7.7308139e-02   2.1706582e-01  -9.5207767e-02   5.3027945e-01   6.0861945e-01  -2.4920546e-01   3.2367486e-01   2.3582473e-01  -3.5025371e-01  -1.5587650e-01  -4.6107130e-01   7.7614082e-01  -1.2789974e-01   1.3215441e-01   2.7818842e-01  -1.6382169e-02   8.0192106e-03   2.6137611e-01   1.5995062e-01   6.7196565e-01  -8.4041784e-02  -2.1365417e-01  -8.9030013e-02  -9.2943447e-02  -1.9891762e-01   3.1717580e-03  -2.5965368e-01  -2.7641499e-01  -1.5792936e-01   5.0190661e-01  -9.2345963e-02   6.7272835e-01  -3.1279920e-01  -4.1521640e-01   3.3842088e-01   8.1218866e-01  -2.7975246e-01   4.4872962e-01   1.0728520e-01   2.1736018e-01  -2.8433525e-02  -2.2776898e-01  -1.9717895e-01   1.4084138e-01  -1.0562297e-01  -3.4481172e-01   5.7114491e-01   7.2631295e-01  -1.8206024e-01  -7.1311831e-02   3.4311397e-01  -1.2427060e-01  -1.7765148e-01   3.2302062e-02   9.0691822e-02   6.8002125e-02
  -1.4833344e-01   0.0000000e+00   1.4244858e-01   3.7870216e-01  -6.8385617e-02   2.6015077e-01   1.1253160e-01   6.4959892e-02   1.3609897e-01  -1.7151025e-01  -5.8117974e-02   3.0486616e-01  -3.0731901e-01   1.4947564e-01  -2.8181827e-01  -2.1950730e-01   9.8031063e-02   9.2105448e-02  -2.1066430e-03  -3.2626442e-01   2.5730441e-01   2.8063589e-01  -2.8630089e-01  -6.5481838e-02   1.8956112e-01  -1.2240071e-01   9.8197508e-02   5.3993129e-02  -1.4271735e-02   4.3342148e-01  -1.1086439e-01  -1.2535659e-01  -2.5597984e-01  -2.5894524e-01   3.2837575e-01  -2.6312775e-01   9.1347656e-02  -1.7470195e-01  -2.0473432e-01  -6.3684835e-02  -1.4709522e-01  -3.4998186e-01   5.7927501e-03  -5.6038009e-02  -2.5373921e-02   9.0047388e-02  -7.1346346e-04   3.3168071e-01   2.0658400e-01  -1.8773404e-01  -6.5310393e-02  -4.1091612e-02   1.9411496e-02  -1.0088567e-01  -8.9313027e-02  -2.9067542e-01  -1.6514881e-02   2.1995455e-01   2.3871836e-02   1.1202066e-01  -1.0242534e-01  -9.4657867e-02   4.5596499e-02   3.1717026e-02  -1.8172036e-02   1.4598200e-02   4.5071538e-01  -4.8204485e-03   4.3580670e-02   1.7656725e-01   1.8580907e-01   2.7247517e-01  -1.5335692e-01   1.7384181e-01  -3.9995561e-01   5.3628018e-03  -1.4302412e-01  -2.6580674e-02  -4.3274985e-02  -1.1598495e-01   1.6727679e-01  -1.5600867e-01   1.0421113e-01   1.5891771e-03   2.0899346e-01  -3.3000931e-02   3.1106108e-01   7.6481143e-02  -6.1480894e-03  -1.1024922e-01  -1.7473811e-01  -1.7041342e-01  -3.3261865e-01  -8.2528176e-02  -2.7843876e-01  -4.3545629e-01   2.3300928e-02  -9.1571842e-02   6.7307318e-02  -2.8501506e-01   3.0106402e-01  -3.8812121e-02   5.7581954e-01   3.8454418e-01   1.6113797e-01   8.6315249e-02  -1.7061872e-01  -1.7179747e-02  -1.3661147e-01   9.1853037e-02  -2.3420325e-01   4.6208176e-01   3.4655393e-01  -1.5108887e-01  -6.2110594e-02  -1.0149313e-01  -4.5901853e-02  -3.0135356e-01   3.2448556e-01  -2.2348026e-02   2.8409943e-02  -2.9353774e-01  -8.6034138e-02   1.3978709e-01  -1.0199142e-01   2.2135013e-01  -7.6365199e-02  -2.3525728e-01  -2.1497261e-02   3.4666995e-01  -3.5381070e-01  -1.2265819e-01   1.1212684e-01  -3.4220276e-02   1.7064636e-01   6.9974404e-02  -2.3693078e-01   1.3787205e-01   1.2589314e-01  -2.0100071e-02   7.7095133e-02  -6.4717959e-02  -1.2059051e-01   4.4287167e-01   1.3155803e-01   3.6948795e-01  -2.4978639e-01   4.2976148e-02  -2.2240931e-01  -2.2176007e-01   1.4181134e-02   3.8552686e-01  -6.5761130e-02   5.8149332e-02   3.9346624e-01  -3.0428240e-02  -6.9561595e-03  -1.7804199e-02  -2.4908641e-01   3.7948647e-01  -2.0656109e-01   3.2706751e-03  -1.6806552e-01   3.0653517e-01  -2.0265825e-02  -2.2063759e-01  -1.7673510e-01   1.1819609e-01  -5.0963645e-02  -1.4567522e-01  -3.2469046e-01  -1.2875020e-01   1.0035594e-01   5.8462368e-01  -6.0244927e-02  -3.3994930e-02   3.3162072e-02
  -1.8516955e-01   1.4244858e-01   0.0000000e+00   2.4777457e-02   2.6038530e-01   3.3452085e-01   8.7714090e-03  -1.9383802e-01  -2.5346357e-01   3.1482559e-01  -2.3173208e-02   3.5161947e-01   1.1307366e-01  -2.7001329e-01  -8.9946341e-02   1.7221248e-01   8.5659293e-01   1.7416431e-01  -4.3976990e-03   3.1206637e-01  -2.7316489e-01   5.3926810e-01  -1.3626505e-01  -2.0142660e-01  -3.8707613e-02  -1.1790690e-02   3.8232098e-01  -2.6402387e-01   1.5714897e-01   1.1037891e-01  -1.9940156e-01  -5.0749163e-02   2.2378523e-01  -2.1506918e-01   1.1879765e-02   4.4030736e-01   1.0446538e-02  -1.9642709e-01  -1.4078585e-02   6.4520643e-01  -1.1612770e-01   3.1986631e-01  -2.2247548e-01  -1.4811059e-01  -2.9515453e-01   2.9990411e-01   2.6483996e-01  -3.0536707e-01  -4.0651674e-02   4.7697367e-01  -1.4552353e-01  -7.4552101e-02  -3.7588800e-01   1.8276737e-01  -1.2600069e-01  -2.4833695e-01   6.3281065e-02   2.6699525e-01   5.7029990e-02   1.3479510e-01   1.0473409e-01  -2.6346176e-01  -2.4407329e-02  -2.8214807e-01  -4.0609093e-01   1.2896259e-01   2.9714011e-01  -1.6753355e-01   1.9659322e-01   4.9125951e-01  -1.0342507e-01   5.9047068e-02  -2.3583857e-01  -5.8624994e-02  -7.0570260e-02  -1.0207338e-01   9.1796102e-03   1.4988743e-01  -1.4198636e-01  -6.8696837e-02  -2.9997939e-02  -1.5461475e-01  -3.0178999e-01   9.2045717e-02  -1.2786093e-01  -1.5053829e-01  -2.9541047e-01  -1.7753023e-01   4.9447967e-02  -3.2251451e-01  -2.5642005e-01   4.5644698e-01   1.2270512e-01   1.2322517e-03  -2.1582264e-01   3.0738549e-01  -1.5433993e-01   1.4959477e-01   4.0231495e-01  -3.3764115e-02  -3.8350204e-02  -3.2509457e-01  -2.0820212e-01  -1.6200493e-01  -1.1511836e-02   1.5119467e-01   1.7608892e-01   1.9285656e-01  -1.6123121e-01  -7.7241525e-02   2.2135891e-01   1.5806796e-01   1.2879425e-01  -2.7526971e-01  -2.6076103e-01  -1.9881494e-01  -1.7066649e-02   9.9092289e-02  -9.3048646e-02  -2.5180337e-02  -2.6894372e-01   6.2648662e-03   7.7417751e-02  -1.2249290e-01  -8.2614054e-02  -1.5345472e-01  -1.9055910e-01   2.4172518e-01  -2.1519244e-02   5.0831452e-01   1.9990510e-01  -1.8856649e-01  -6.1532864e-02  -2.6192383e-01   2.6049842e-01  -6.1053001e-02   7.5867430e-02   2.6059947e-02  -1.9158882e-01  -1.2477437e-01  -1.2636335e-01  -3.3317219e-03  -1.7525341e-01   2.0021154e-01  -3.4648195e-01  -6.8523208e-02   2.0677334e-01  -5.6193707e-02   1.0712523e-01  -9.2964020e-02  -6.7676862e-03  -2.5646686e-01  -9.5436574e-02  -3.1552186e-01   6.5217121e-01  -1.4589663e-01  -2.1939628e-01  -1.1499207e-01   2.3134562e-01  -2.2803603e-01  -3.5705481e-02  -9.5760196e-02  -1.8160804e-01   5.4413779e-02   3.6997847e-01  -2.1594835e-01  -1.2177745e-01  -3.0530775e-01  -9.2382855e-02  -2.1801121e-01   3.7774147e-02  -3.0956933e-01  -5.6365770e-04   2.3211289e-01   6.3227919e-02  -5.0367053e-02   3.3706930e-01
  -1.3072027e-01   3.7870216e-01   2.4777457e-02   0.0000000e+00  -1.5542571e-01   1.8655215e-01   8.3824895e-02   1.4389896e-03   9.0985211e-02  -4.0190099e-02   1.2641149e-01   1.1310034e-01   1.0018227e-01   1.1551022e-01  -1.6480649e-01   4.7895303e-02  -8.1495457e-02   2.5465365e-01   1.6107168e-01  -1.5952543e-01   3.5555877e-01   1.6828201e-01  -1.4801405e-01  -2.3451052e-01   1.4021656e-01  -1.2430861e-01   3.7834752e-02   1.0345623e-02   1.3821180e-01   1.4529385e-01   6.3712770e-02   4.8120238e-02   8.9707123e-03  -1.1024735e-01   1.7795023e-01  -1.6812278e-01   1.2756736e-01   6.1806246e-02   1.6346969e-01  -6.4012070e-02   3.5028331e-01  -2.5539319e-01  -3.1110824e-02  -7.1057200e-02   2.9096576e-01  -8.6491519e-02   1.8755110e-02   9.6641603e-02   2.8383615e-01  -8.1852933e-02   1.9147771e-01  -5.0611804e-02   6.3964100e-02  -1.9778738e-03   8.1564300e-02  -9.2340664e-02   1.7253261e-02   2.5172298e-01   3.5074119e-01   8.0150428e-02  -1.7670813e-01   1.4322261e-01   4.6415394e-02   9.2782427e-03   4.2622824e-02  -4.5434082e-02   3.7760964e-01   2.4166233e-01   1.3362557e-01   1.8515692e-02   6.8248187e-02   3.8033885e-01   2.7091355e-01   2.4731046e-02  -2.5623987e-01  -1.0224739e-01  -1.0295958e-01  -3.4158300e-02  -1.8377760e-01   7.0169688e-02   7.9889322e-02   1.6761649e-01   2.7157119e-01  -1.2513955e-01   2.5717256e-02   1.2398664e-01   3.0060061e-01  -1.4112720e-01  -7.0335279e-02  -3.1362109e-03  -2.4089379e-01  -1.4741366e-01  -2.0530253e-01   7.8964855e-03  -3.8123343e-02  -2.7695001e-01   3.1793918e-01  -2.8419213e-02   1.8324496e-01  -1.9535461e-02   2.5885392e-01   6.7330117e-02   4.3436379e-01   3.1241544e-01   1.8732969e-01   5.1193007e-01   1.9555146e-01   9.2943495e-02  -1.2285141e-01  -1.0096890e-01   7.5193722e-02   2.6180932e-01   5.4799785e-01   2.0994560e-02  -1.3081793e-02  -1.9709595e-01  -6.2495190e-02   1.6487165e-01   2.0067716e-01   3.5795931e-01  -2.1768631e-01  -2.3978528e-01  -1.8762262e-01  -1.9177601e-01  -1.2402131e-01   2.7836255e-02   8.2461124e-02  -1.4886199e-01   1.9592848e-01   1.7859269e-01   4.1635350e-02   1.7791645e-02  -2.3360122e-02  -9.0899201e-02   2.7188631e-01   7.5066350e-02  -6.6473282e-02   1.5945524e-01   1.6143885e-01   6.8259553e-02  -5.6490304e-02   5.5735126e-02   9.0313886e-02   1.5308746e-01   2.3940138e-01   3.5332242e-01  -7.8284318e-02  -9.0246225e-02  -1.5471233e-01   9.8196481e-02   5.0967085e-02   4.0468559e-01  -1.2178493e-02   1.1185638e-01   1.1522955e-01   3.1161738e-02  -8.7706829e-02   3.9144391e-01  -2.1118945e-01   2.1897409e-01  -6.4538238e-04   5.0542788e-02  -3.0427220e-02   1.3100408e-01   1.0873582e-02  -1.8816890e-01  -1.9775728e-01  -1.2165172e-02   3.7573521e-02  -9.4966309e-03  -3.3430310e-01  -6.7991788e-02   6.6847542e-02   2.2927465e-01  -1.3177139e-01   1.7790681e-01   1.0613140e-01
  -2.2195828e-01  -6.8385617e-02   2.6038530e-01  -1.5542571e-01   0.0000000e+00  -4.0807969e-02   2.0713402e-02  -2.0013041e-01   2.9279217e-01   4.3744453e-01   1.2503564e-01   1.7211525e-01   4.0499041e-02  -5.3122532e-01  -3.8418198e-01  -2.4043148e-01   3.2480103e-01   2.6543026e-01  -1.6188123e-01   7.7523799e-01  -2.4643220e-01   2.7473091e-01   1.3238651e-02  -1.8775276e-01  -2.7206192e-01  -1.7443571e-01   3.8637842e-01  -5.3984802e-01   2.3380144e-01   3.6829884e-01  -4.0383615e-01   1.5740210e-02  -1.9883199e-01   1.5197697e-01  -2.2427182e-01   6.2452148e-01   1.1462598e-01   1.0413683e-01  -9.9333877e-02   4.1102946e-01   6.6772261e-02  -5.6533826e-02   1.9188962e-01  -4.2253813e-01   3.3633905e-01  -8.2381913e-02   2.2119252e-01   3.3917088e-01   1.1765164e-01   4.2714762e-01   1.4476693e-01  -2.3924226e-01   1.4379553e-02  -2.2049482e-01  -3.8069029e-01  -4.2270834e-01  -2.6015175e-01   6.0600064e-02  -1.2034879e-01  -1.5138331e-01  -2.5151473e-02   2.9134732e-01   3.0706371e-01  -3.0535655e-01   2.8290035e-01   3.8660003e-01   2.3694451e-02  -2.9110271e-02   9.0773944e-02  -2.9296228e-01   2.3032712e-01   8.0396523e-02   1.7435326e-01  -5.3312497e-01   8.9980804e-02  -2.2843261e-01  -9.1554969e-02  -1.0427887e-01   7.6693100e-01  -7.3935058e-02  -6.6417025e-01   2.1370194e-01  -5.1580604e-01  -7.6960740e-02  -6.1683446e-01  -2.7192261e-01  -5.2484826e-01  -3.5695246e-01   3.5107468e-01  -2.7151719e-01   6.1878878e-01   3.7656220e-03   3.7524184e-01   2.5924493e-01  -7.3634240e-02   7.3118147e-01   2.1862809e-01  -2.0432725e-01   4.6922273e-01  -4.9202884e-02  -7.1156694e-01  -1.6586035e-01  -2.9048634e-01  -6.2959085e-02   1.6204872e-01  -1.9136415e-01  -1.9655762e-01  -3.5487090e-02   2.4141984e-01   2.5420811e-01  -4.5230228e-02   1.4946317e-01   3.8755892e-02  -1.3199096e-01  -6.8808331e-01   6.7263715e-01  -3.0955337e-01   1.8511005e-01  -7.2578223e-01  -4.4525375e-03  -2.0991345e-01   7.0415833e-01   2.0402329e-01   4.5151278e-01  -4.6675509e-02  -4.4225110e-01   5.4499606e-01   1.3382782e-01  -1.4754799e-01  -2.7200472e-01   2.1139786e-01   5.1876929e-01  -2.9602786e-01  -2.0648918e-02   8.5149801e-02  -1.3911167e-01   9.6477028e-02  -4.4564887e-01  -3.0112196e-01   2.0630190e-01  -8.6233827e-02  -1.8492313e-01   1.6831302e-01  -5.3468613e-01  -1.8833680e-01  -6.2979486e-02  -7.8017149e-02   4.6770736e-01   4.0213769e-01  -2.4176232e-01  -5.6834004e-01  -5.9042757e-01  -3.1700547e-01   8.7171013e-02   2.9094317e-01   9.1725202e-02  -1.7977089e-01   1.6314664e-01   1.0739870e-02  -5.2791799e-01   2.1222683e-01  -9.6580162e-02   3.0825346e-01   2.2175939e-01   1.0475722e-02   6.0562090e-01   3.4280658e-01  -4.3213741e-01  -4.3508953e-01   3.9586600e-02   6.9660890e-01   1.2847196e-03   4.9919294e-01  -1.6429579e-01   1.2681840e-01  -2.1788649e-01   1.0220087e-01
  -3.1162510e-01   2.6015077e-01   3.3452085e-01   1.8655215e-01  -4.0807969e-02   0.0000000e+00   3.5039848e-01  -5.7351754e-02  -3.8790860e-01   3.4644828e-01   1.3845686e-01   2.0124895e-02   9.5389636e-02  -1.7663959e-01  -2.4677386e-01   2.3268545e-01   7.1070396e-02   1.0392190e-01   9.9931496e-02   1.1786106e-01   1.3200169e-01   2.2478105e-01   1.1270505e-01  -2.5251941e-01   1.0910471e-02  -1.2849341e-01   5.3267299e-01  -2.5670921e-01   4.1330910e-02   2.9997061e-01  -8.5637903e-02  -7.4098781e-02   2.1229946e-02  -5.9719342e-02  -1.2406923e-01   3.0854138e-01   1.4143202e-01  -7.3309439e-02   9.8042975e-02   3.0715734e-01   2.0189139e-01  -6.6217559e-02   3.9635358e-02  -2.4566253e-02  -3.3390048e-02   6.0266555e-02   3.9274277e-01   6.1328936e-02   1.9582590e-01  -1.2418757e-01   2.5123308e-01  -9.9146010e-02  -3.1512629e-01  -1.2608886e-01  -2.3522622e-01  -3.9098646e-02   2.9133585e-01   7.5198849e-02   2.1604885e-03  -1.3616770e-01  -1.2808625e-01   8.7463606e-02  -3.3946264e-01  -3.4675298e-01  -4.0289549e-01   3.8325438e-01   8.2616761e-01  -2.3224707e-01   3.6439538e-01   4.1482462e-01  -2.3909557e-01   2.4046687e-01  -5.2138050e-03  -3.4696110e-02  -2.5490737e-01  -1.9347993e-02  -1.6064436e-01  -4.0055572e-02  -2.4097395e-01  -1.8241633e-01   5.3631254e-02  -2.1502236e-02  -1.7008973e-02   1.6528224e-01  -1.1891914e-01  -1.6719349e-01  -1.7500188e-02  -1.9826231e-01  -3.7287646e-01  -2.8964527e-01  -3.5008600e-01  -2.0235070e-01   2.6509811e-01  -3.2640375e-01  -1.2574376e-01  -5.1077357e-02   1.3143134e-01   2.3929787e-01   2.9860553e-01  -1.6037786e-01   7.5635618e-02   9.2917427e-02   2.9414433e-01  -3.1060533e-01   9.5656472e-03   9.7498841e-02  -2.3141881e-01   4.1485353e-01   1.9835273e-01   2.7900934e-01   4.9765818e-02   4.9339374e-01   8.3789643e-03  -2.1187743e-01  -1.9716701e-01  -2.1594674e-01  -1.9614758e-02   3.3988587e-02   1.5453426e-01   1.1165143e-01  -2.7597561e-01  -2.1324883e-01  -2.7408818e-01  -2.8394435e-01  -1.3439712e-01  -1.9659990e-01  -1.8043397e-03  -2.6625714e-01  -4.3653257e-02   4.8232121e-01   1.1664839e-01   9.7190936e-04  -1.9754597e-01  -3.4021854e-01   7.7275302e-02  -9.7177153e-02  -6.7575999e-02   1.1208801e-01  -1.0054496e-01  -3.6417379e-02  -7.4694329e-02   1.5506775e-01   5.6123041e-02   5.1224432e-01  -1.0367913e-01   1.3407353e-01  -2.4156473e-01   1.6957560e-01   1.9672886e-01  -1.6036973e-01   4.0756867e-03   1.9903768e-01  -2.8352341e-01   1.0332420e-01   3.6152118e-01  -6.9456155e-03  -2.2107781e-01   1.9946552e-01  -3.1628715e-01   2.3518753e-01  -1.6376639e-01   1.2546578e-01  -1.1063715e-01   2.3408287e-01   1.3876950e-01  -2.1730562e-01   1.7809135e-01  -1.3536667e-01  -2.8931883e-01  -1.6594926e-01  -1.7211973e-01  -4.6783510e-02   6.5997020e-02   6.6184984e-01   2.5339815e-02  -4.3241619e-02   1.6268813e-02
  -2.6005772e-01   1.1253160e-01   8.7714090e-03   8.3824895e-02   2.0713402e-02   3.5039848e-01   0.0000000e+00  -2.6445476e-01   1.0788777e-03   5.2216392e-01   1.3749663e-01   7.0703822e-02  -1.4284181e-01  -2.0211818e-01   8.3043562e-02  -1.3569507e-01  -2.0910977e-01   1.0925952e-01  -3.3018018e-01   8.7555096e-02   3.3237911e-01  -2.6753340e-01   6.4245350e-01  -2.8938739e-01  -2.1598989e-02  -2.3727478e-01   4.2802168e-01  -5.0008432e-02  -7.6310812e-02   1.1817763e-01   5.3754188e-02  -1.0740254e-01  -2.4647202e-01   5.2775236e-01  -7.4675619e-02   1.1669514e-01   5.3904002e-01   8.8314707e-03  -1.3731470e-01   1.1327622e-01   2.6225182e-02  -4.4176713e-01   4.5102111e-01  -2.9094956e-01   3.7602101e-01   2.1973741e-02   8.7609705e-02   4.8961326e-01   2.2855140e-01  -2.1031181e-01   3.4265118e-01  -2.3649069e-01   3.6658866e-01  -4.8314042e-01  -3.0980183e-01  -7.2483907e-02  -3.0390140e-01  -7.5650827e-02  -6.0257736e-02  -3.8494103e-01  -3.1214227e-01   2.9307599e-01  -1.5844986e-01  -6.0584210e-02   1.2002093e-01   6.1254570e-01   2.1682723e-01  -4.2734465e-02  -3.8120170e-02   3.3427283e-01  -9.6450214e-02   2.7890326e-01   1.4591993e-01  -1.8484896e-01  -2.1302131e-01  -2.4462745e-01  -2.0955138e-01  -2.2558608e-01   5.0824645e-02  -2.0331374e-01   3.0854719e-02   2.4427593e-02   8.7030103e-02  -1.6444492e-01  -1.9101050e-01  -8.7656520e-02   1.4410793e-01  -3.2692744e-01  -4.0832383e-01  -9.8965185e-02  -8.9704831e-03  -5.6097147e-01   2.3593484e-01  -4.3181336e-01  -3.4513170e-02  -1.5923478e-01   1.9182246e-01  -2.6657007e-01   1.4712592e-01   1.5557010e-01  -9.7982555e-02   3.6798638e-01   1.9708648e-01  -1.8368118e-03   7.9561722e-02  -2.0589912e-01  -4.1038728e-01  -2.5028214e-01   3.0318726e-01   4.5784874e-01   1.1976286e-02   2.8210360e-01  -3.7871002e-02   3.9094617e-03   8.9977542e-02   1.1869334e-01  -4.5688727e-02   7.3014287e-02   8.5800809e-02   1.8678206e-02  -2.4864294e-01  -1.5700977e-01  -3.5823632e-01   9.8757496e-02  -5.6094641e-02  -3.6537316e-01   2.5097338e-01  -3.7652414e-01  -3.5315621e-01   4.2656345e-01  -2.0118201e-02   3.4337106e-01  -3.2561646e-01   2.0313155e-01  -1.0136673e-01  -2.3408718e-01  -1.5187018e-01   3.1190919e-01  -7.1013292e-02   1.1860996e-01  -1.1222803e-01  -6.7905086e-02   1.1269959e-01   2.6652857e-01   2.8446190e-01   1.8879828e-01  -1.0223790e-01   4.2340241e-01   3.8246459e-01   3.3523108e-01  -2.9898257e-02   2.0450451e-01  -4.3195849e-01   3.5829518e-01   1.0098535e-01  -4.0081907e-02  -1.2056140e-01   2.1794391e-01  -5.3255063e-01   2.5957816e-01  -2.0595634e-01  -5.8311439e-02   2.6960889e-01   6.0542497e-02  -3.7900192e-01   2.4667023e-01   4.4894094e-01   1.0058178e-02  -3.3877127e-01   7.1744750e-02   1.8922695e-01   3.5653922e-02   2.3206697e-01   2.9936658e-01  -6.5152240e-02  -1.2097485e-01  -3.3728605e-01
   3.2395496e-01   6.4959892e-02  -1.9383802e-01   1.4389896e-03  -2.0013041e-01  -5.7351754e-02  -2.6445476e-01   0.0000000e+00   2.2513346e-01  -3.6317036e-01  -4.3925982e-01   2.1926542e-01  -6.4827064e-02   3.4535956e-01   9.8392758e-03  -8.7152698e-02  -6.9807808e-02  -4.5230437e-01   6.1825988e-01  -1.9334091e-01  -2.0647722e-01   3.8394436e-02  -3.2221775e-01   2.7183107e-01   3.0704382e-02   6.4924874e-01  -3.3392430e-01   1.4251388e-01   1.6301819e-01  -2.2572996e-01   1.2371775e-01  -1.4733602e-01  -5.6115587e-02  -6.6456896e-02   4.6327297e-01  -4.7218652e-01  -3.9872540e-01  -1.6513911e-01  -7.1976966e-02  -2.2898344e-01  -2.9001412e-01  -8.4761933e-02   8.1568276e-02   4.1584816e-01  -3.6177500e-01   5.6324881e-02  -5.3575028e-01  -3.0873482e-01  -2.4895865e-01  -1.0327767e-01  -4.4092112e-01   4.8227192e-01   7.0087365e-02   2.5831554e-01   3.2073651e-01   6.4889372e-02   5.1949888e-01   1.9085426e-03  -2.3082293e-01   5.2500812e-01   2.4329649e-01  -1.2005417e-01   4.2270006e-01   3.0251014e-01  -5.4059020e-02  -4.9557957e-01   5.2608508e-02   1.9383427e-01  -1.7665158e-01  -2.2689540e-01   8.2380900e-02  -2.3214373e-01  -2.2729460e-01   1.3121944e-01   3.1243201e-02   4.3097329e-01   1.5822066e-01   3.0977961e-01   3.2141251e-02   1.8455226e-02   3.2016957e-01  -1.7029068e-01   4.2079446e-02   3.7947741e-01   2.2531193e-01   2.0375742e-01   1.6335620e-01   4.0141567e-01   3.3336024e-01   3.7577599e-02   1.8313896e-01   1.8860490e-01  -1.5523774e-01   4.1412309e-01  -2.9156708e-02  -7.0433943e-02  -8.8982761e-02   5.0460680e-01  -3.3055256e-01   8.0105632e-02   1.7218714e-01  -2.7249978e-01  -1.1997816e-01   2.7235291e-01  -3.6097817e-01   2.1594473e-01   1.9008459e-01   3.8561256e-01  -1.9413086e-01  -3.9556531e-01   1.2884083e-01  -3.8925640e-01   1.6613429e-01  -1.2323792e-02   2.0847586e-01   7.1657758e-03   1.0092454e-01  -2.3086211e-01   3.6961634e-02  -9.3055936e-02   1.7161116e-01   8.3600148e-02   3.5539401e-01  -9.7037739e-03   1.3510464e-01   4.3498476e-01  -3.1964900e-01   3.8415150e-01   2.8603954e-01  -2.8547958e-01  -2.6281829e-01  -3.1547484e-01   4.4604192e-01   5.7706817e-03   4.3187804e-01   6.2722337e-01  -1.5363819e-01   8.6920135e-03   3.1908012e-01  -7.0117668e-02   2.9901716e-01  -3.3030912e-03  -3.6112765e-01  -1.0096312e-01  -7.5695829e-02  -1.1332199e-01   2.5040461e-01  -3.9415690e-01  -5.0091397e-01  -1.1531968e-01   2.6460888e-02   1.4662759e-01   3.5706975e-01  -1.5613477e-01  -1.5828899e-01  -5.7481618e-02   2.2226653e-01  -1.7047470e-01   1.7822962e-01   1.9327925e-02   2.4658258e-01  -1.6758300e-01  -2.4736104e-01  -1.3889508e-01   4.0183596e-01  -5.4750342e-02  -3.9040698e-01  -3.1710391e-02   3.1748768e-01   2.1377866e-01  -8.4433042e-02  -1.1778309e-01  -3.4463430e-01  -1.4741583e-01   1.1350916e-01   1.5843138e-01   4.1230755e-01
   1.4659904e-01   1.3609897e-01  -2.5346357e-01   9.0985211e-02   2.9279217e-01  -3.8790860e-01   1.0788777e-03   2.2513346e-01   0.0000000e+00  -1.2721602e-01  -2.1654869e-01   1.5531141e-01  -6.1381644e-02  -1.2739948e-02  -1.2103564e-01  -3.3710452e-01  -1.1157710e-01  -2.4847905e-03   6.2492893e-02   1.1849371e-01  -1.1118493e-01   5.3092078e-02  -1.4731400e-01   3.1297002e-02  -3.7018100e-02   5.9125772e-02  -2.1654430e-01   2.1222468e-02   1.8971481e-01   6.6482728e-02  -2.5925220e-01  -4.5273170e-02  -2.7599362e-01   1.7331851e-01   1.2665998e-01  -1.9976672e-01  -1.7096992e-01   7.7652539e-02  -1.9056068e-01  -1.7031202e-01  -3.9660754e-03  -2.8429034e-01   3.6964732e-01  -5.2830162e-02   2.8856880e-01   6.2836639e-02  -3.6072664e-01   3.4866717e-01   4.7321344e-02  -8.6373307e-02  -2.7600736e-02  -8.9999393e-02   3.8736660e-01  -1.1173069e-01   5.3511507e-02  -8.4403350e-02  -7.5410575e-02  -4.6631946e-02  -1.6250850e-01   1.9274558e-01   7.4137924e-02   2.0093950e-01   6.8972775e-01   8.9006033e-02   5.9373479e-01  -1.5866926e-01  -1.9065979e-01   2.9496335e-01  -3.6171503e-01  -3.1542431e-01   2.5775013e-01   3.1114864e-02   9.7867515e-02  -8.9656791e-02   4.0130348e-03   1.6331155e-02   1.1173353e-01   4.2795259e-02   5.5617785e-01  -1.2663592e-01  -1.0878751e-01  -3.5236620e-02  -1.9645375e-01   4.3055849e-02  -7.6778418e-02  -1.1882542e-01   8.8433060e-02   6.0545685e-02   4.3506181e-01   1.5792858e-01   5.4546904e-01  -1.0778711e-01  -1.4648598e-01   4.2327465e-01   3.6970728e-02   8.4444272e-02   1.7890413e-01  -5.4158728e-02  -3.7287651e-02   3.0754495e-01  -1.6356128e-01  -7.8006515e-02  -1.2493479e-01   4.8379530e-01  -7.3552929e-02   1.6258626e-02  -8.4074910e-02  -1.2222448e-01   3.7805603e-02  -1.1397306e-01  -8.9265232e-02  -1.7116398e-01   2.1356144e-01   1.1403408e-01   2.5846582e-03   4.9576550e-01  -1.9544431e-01  -3.0249803e-02  -2.5397393e-01   3.1743899e-02   1.4804102e-03   2.7844300e-01   2.0274947e-01   5.6332257e-01   1.1202694e-01  -3.7934590e-04   2.0972519e-01   1.2512905e-01   3.6806713e-01  -4.0082283e-01  -1.0990612e-01   2.7463127e-01   1.7266766e-01   2.8978863e-01   3.1853627e-01   1.4644532e-01  -1.0002917e-01   6.0879850e-02  -4.7057967e-02   1.3181097e-01   1.3148467e-01  -8.7220709e-02  -2.0581590e-01  -4.6579358e-01   6.9860757e-02  -2.1306411e-01  -2.0036604e-02   4.0678264e-02  -2.2257537e-01   2.7753272e-02  -1.1605868e-01  -7.0846977e-02   1.3345661e-01   2.2741317e-01  -2.2579776e-01   1.1368253e-01   1.2338362e-01   8.6976520e-02   8.1847559e-02  -1.9991974e-01   2.4718126e-01  -2.6290811e-01   1.4765423e-01  -2.4639787e-02   8.5601054e-04   4.5966553e-01   3.5414687e-02  -9.8054297e-03   6.6013327e-02   1.0593384e-01   2.7165906e-01   2.9250856e-02   2.4436892e-01  -3.4791798e-01   1.4161890e-02   1.4298106e-02   2.0263556e-01
  -3.1856012e-01  -1.7151025e-01   3.1482559e-01  -4.0190099e-02   4.3744453e-01   3.4644828e-01   5.2216392e-01  -3.6317036e-01  -1.2721602e-01   0.0000000e+00   3.7594654e-01   6.8720454e-03   1.8326532e-01  -5.1464761e-01  -2.6709673e-01   6.4421300e-02   8.8960195e-02   3.3092671e-01  -3.0868055e-01   5.4528294e-01   4.1413900e-02  -1.1600997e-02   3.8652979e-01  -3.2420004e-01  -2.5215441e-01  -3.3787417e-01   5.3761157e-01  -4.0415435e-01   8.1988600e-02   3.2317639e-01  -2.4969566e-01  -1.0755152e-01  -8.0855299e-02   1.5103168e-01  -3.9598356e-01   6.3379195e-01   4.5017876e-01   4.9985065e-02  -2.4911433e-02   3.0770266e-01   2.1314337e-01  -1.2663549e-01   1.6340479e-01  -3.7873017e-01   2.6128525e-01   4.5414096e-02   4.3807056e-01   3.1318497e-01   2.4902547e-01   1.5007653e-01   3.9344275e-01  -3.5286923e-01  -1.5105738e-01  -3.5434793e-01  -4.0733600e-01  -6.8503809e-02  -2.5947004e-01  -7.3912479e-02  -4.3415177e-02  -3.2263178e-01  -1.7401295e-01   2.2429021e-01  -1.6406014e-01  -2.4978752e-01   8.8316133e-03   7.8993001e-01   1.5468180e-01  -1.3326854e-01   1.1387462e-01   2.3435204e-01  -1.9142265e-01   1.8721729e-01   1.3447457e-01  -2.7460329e-01  -3.0428394e-02  -3.4398624e-01  -9.2445666e-02  -2.1279174e-01   1.5720926e-01  -2.3275068e-01  -4.5631706e-01   1.2068214e-01  -2.1545782e-01  -1.5250361e-01  -4.2653287e-01  -2.7281128e-01  -4.6746007e-01  -4.7838143e-01  -1.5586692e-01  -1.9358545e-01   7.7534195e-02  -2.2858970e-01   4.3518506e-01  -1.8384390e-01  -5.5338780e-02   4.0229542e-01   2.2763491e-01  -2.1390114e-01   4.0657757e-01  -5.6839827e-02  -4.5824141e-01   2.3383825e-01  -1.0735030e-01  -2.6737279e-01   1.2987164e-01  -2.2510649e-01  -2.9154295e-01  -1.2960243e-01   3.6101198e-01   5.0788730e-01   4.7018937e-02   2.7107887e-01  -1.6292931e-01  -9.6987467e-02  -3.5341050e-01   1.7117702e-01  -1.2689596e-01   3.5146570e-01  -2.2920869e-01  -2.8022962e-03  -2.5202464e-01   1.9075136e-01  -2.9308170e-01   1.0731546e-01   3.9972980e-02  -5.1830724e-01   3.6091661e-01  -1.9396823e-01  -3.3766833e-01   2.7764334e-01   3.1975799e-01   3.6894602e-01  -4.3018926e-01  -1.1779617e-01  -1.5879738e-01  -3.4875884e-01  -2.9869631e-02  -1.3755432e-01  -3.4296780e-01   6.3934028e-03  -1.6310946e-01  -1.1416457e-01   4.0138111e-01   5.0638374e-02  -2.0981949e-01   1.7923456e-03  -1.9835836e-01   6.5747777e-01   7.5196245e-01   1.0084775e-01  -1.8341159e-01  -3.0386442e-01  -4.0693914e-01   1.7022646e-01   2.0780692e-01  -8.1566164e-02  -1.9181672e-01   3.0142098e-01  -2.5738883e-01  -2.5325327e-01  -6.1064461e-02   6.1676130e-02   5.8438117e-01   1.2982625e-01  -1.6865253e-01   1.8375821e-01   5.2147864e-01  -2.5771645e-01  -4.3433538e-01  -1.9049166e-01   3.7301782e-01  -4.9919317e-02   4.5857717e-01   1.5472229e-01   9.0249703e-02  -2.0239646e-01  -1.4426086e-01
  -3.3924985e-01  -5.8117974e-02  -2.3173208e-02   1.2641149e-01   1.2503564e-01   1.3845686e-01   1.3749663e-01  -4.3925982e-01  -2.1654869e-01   3.7594654e-01   0.0000000e+00  -2.5498919e-01   7.1732282e-02  -2.5186947e-01  -6.8322886e-02   8.7449359e-02  -1.2145886e-01   5.3693394e-01  -3.4526961e-01   1.2781376e-01   2.6888640e-01   4.8693217e-02   1.5079266e-01  -3.5868050e-01  -1.4944842e-01  -5.2308941e-01   2.4107249e-01  -1.1097311e-01  -9.6547083e-02   4.3313668e-01   2.9012343e-02  -3.6231810e-02   1.4725047e-02  -1.0247120e-01  -4.3448997e-01   3.9037230e-01   2.9947993e-01   4.9332853e-02   1.7681856e-01  -8.7186938e-02   2.8616701e-01  -1.1303587e-01  -2.9917357e-02  -2.1330199e-02   3.2292568e-01  -2.7705092e-02   6.9212758e-01   3.4747040e-01   3.3317086e-01  -1.9668145e-02   4.8836187e-01  -3.6179381e-01  -4.7998813e-02  -2.9444627e-01  -2.5197341e-01   2.8183666e-01  -3.3975268e-01   1.1232236e-01   2.6617075e-01  -4.4636169e-01  -1.0989166e-01   1.9437649e-01  -3.5884473e-01   7.1457121e-02   2.0944672e-01   4.4698164e-01   7.0837576e-02   2.8669145e-02   5.0332397e-01   1.5955891e-01  -1.6108610e-01   3.9807000e-01   3.2842065e-01  -4.3827059e-02  -5.7114312e-02  -2.9640558e-01  -5.5723073e-02  -1.2250422e-01  -2.5740970e-02  -9.0881331e-02  -2.6777064e-01   3.5210721e-01   2.1566077e-01  -1.0674323e-01  -1.7423728e-01  -1.2985303e-01  -2.2224978e-01  -4.2546131e-01  -7.0677175e-02  -1.0913543e-01  -1.6925584e-01  -1.8637246e-01   1.0945990e-01  -2.8369932e-01  -2.7732420e-02  -8.9494543e-02   2.9898328e-01  -2.5938647e-01   4.1958926e-01  -3.1130647e-01  -1.1460995e-01   5.0484322e-01   3.1434143e-01  -2.3549460e-01   4.7158258e-01  -2.5746808e-01  -1.8113974e-01   1.0637504e-02   2.2188536e-01   5.8085221e-01  -1.6938931e-01   4.8385183e-01   1.2917345e-01  -4.0274566e-02  -1.5238020e-01  -1.5655414e-02   1.0224775e-01   2.9850526e-01  -6.3462984e-03   1.7901660e-01  -5.8168065e-02  -1.3430963e-01  -2.1501641e-01   6.2201994e-02  -2.3978166e-02  -3.4549532e-01   3.1712198e-01  -4.1799544e-01  -1.9622013e-01   1.9227224e-01   1.9555097e-01   4.6389555e-01  -4.6955463e-01  -4.3106454e-02  -2.5928336e-01  -4.3367553e-01   4.9640187e-02  -9.0161065e-02  -2.4082280e-01  -1.5664369e-02  -2.6345673e-01   2.1681254e-01   7.7462911e-01   9.8935558e-02   6.6102977e-02   2.6878233e-01  -3.7845098e-01   6.1851464e-01   6.4619554e-01  -5.6429380e-03   4.3226025e-02   7.2547310e-02  -3.1133827e-01   3.3106692e-01  -3.1217240e-02  -1.2181851e-01  -2.1698021e-01   3.0703928e-01  -2.2827451e-01   1.5070777e-01  -1.1997689e-01   5.7056060e-01   5.7991894e-01   3.6551951e-01  -3.1154657e-01  -1.1310352e-01   5.5424104e-01   5.8930929e-02  -3.0897759e-01  -2.2684464e-01  -3.6891259e-02  -4.4612894e-02   4.8481589e-01   8.5775351e-02   9.9643033e-02  -1.2600207e-01  -2.3774023e-01
  -3.5680387e-02   3.0486616e-01   3.5161947e-01   1.1310034e-01   1.7211525e-01   2.0124895e-02   7.0703822e-02   2.1926542e-01   1.5531141e-01   6.8720454e-03  -2.5498919e-01   0.0000000e+00  -1.2108285e-01  -3.0585382e-02  -6.1810106e-02  -2.2871732e-01   3.8907490e-01   4.7562441e-02   1.9630874e-01   1.4620024e-01  -7.5335703e-04   2.4214008e-01  -1.2255684e-01  -5.0061813e-03   3.5332153e-02   2.0952019e-01   1.0040137e-01  -1.2865187e-01   3.4153032e-01  -2.4800199e-02  -7.4442144e-02  -1.4951343e-01  -1.6261843e-01   2.2017081e-01   4.4262721e-01   1.7791283e-02   2.4192698e-02  -8.4762987e-02  -1.2333767e-01   2.0834606e-01  -1.7105639e-01  -1.6140038e-01   6.8146125e-02  -1.0648503e-01  -1.2985389e-02  -1.6934920e-02  -1.2682384e-01   7.0965391e-03   5.3376892e-02   2.5666887e-01  -9.9605556e-02  -8.1643500e-03   2.9342898e-02   1.4925393e-01   1.8193826e-01  -2.1613518e-01   6.4990352e-02   9.3118017e-02  -4.8707655e-03   2.9100164e-01   1.4379730e-02   1.5520355e-02   2.8730445e-01  -5.3536610e-02   1.2480859e-01  -4.9876323e-02   1.6887416e-01   9.8319696e-02  -7.5533419e-02  -7.3821036e-02   2.8466743e-01   6.9487523e-02   3.1620499e-02   1.4616001e-02  -1.0354435e-01   7.8513121e-03  -4.2811016e-02   5.2917421e-02   2.5409945e-01  -2.2890051e-02   8.6145234e-02   5.5507711e-02  -7.4879272e-02  -6.3947676e-02  -3.0618555e-02   3.7136077e-02  -1.4054287e-03   9.1566439e-02   2.4830451e-01  -1.4519531e-01   1.7960189e-01   1.9738898e-01   2.4243446e-01   3.3297521e-01  -8.7663419e-02   2.1928951e-01   4.4916986e-02   1.2242776e-01   1.7469944e-01   1.4707509e-01   8.9324875e-02  -2.8104199e-01  -9.3867885e-02   2.7990834e-01  -1.3053202e-01   2.6861971e-01   1.9501105e-01   1.2061399e-01  -8.2443394e-02  -1.2271162e-01   3.0835434e-01  -1.2371317e-01   3.1628581e-01  -1.1168779e-01  -5.1640459e-02   1.9494693e-01  -1.9342747e-01   1.2938298e-01  -2.9110047e-02  -4.1986138e-02  -2.0698453e-01   2.6615402e-01   3.4919186e-01   1.0644844e-01  -1.7370818e-01   1.4740743e-01   6.3068794e-02   2.2915818e-01   3.0469268e-02   4.3882000e-02  -1.3964825e-02   2.2674609e-02   5.0141759e-02   7.2401907e-02   4.0767985e-01   1.6459525e-01   2.6805520e-03   4.3863994e-02  -5.8315338e-02   8.3365131e-02   6.3634738e-04  -8.0663161e-02  -3.4773848e-01   2.1715363e-02   1.3947893e-01  -3.7444603e-02   4.5790444e-01  -1.0309394e-01  -1.0245148e-01   3.2545850e-02  -1.1991837e-01  -1.2793035e-02   1.1049866e-01  -1.6374487e-01   3.8686888e-01  -1.9214930e-02   9.0057113e-03  -6.9815202e-02   9.4383126e-02  -1.6828440e-01   2.2975975e-01  -3.2285638e-01  -1.1886648e-01   1.9538347e-02   2.2146362e-01   2.0169560e-01  -1.7229020e-01  -2.8048518e-01   7.7533777e-02   1.6913209e-01   2.3170180e-01  -1.9648027e-01   9.4699719e-02   8.7263225e-02   1.2114448e-01  -8.2446257e-02   3.4975967e-01
   1.2842981e-01  -3.0731901e-01   1.1307366e-01   1.0018227e-01   4.0499041e-02   9.5389636e-02  -1.4284181e-01  -6.4827064e-02  -6.1381644e-02   1.8326532e-01   7.1732282e-02  -1.2108285e-01   0.0000000e+00   1.0594664e-01   1.9281580e-01   3.5487381e-01   4.2453271e-02   2.2998296e-01   1.0049533e-01   2.8386936e-01  -7.1024569e-02   1.2798918e-01   1.0101701e-01  -1.2723915e-01  -2.8424526e-02  -4.9762238e-02   5.2070881e-02   5.4749345e-02  -5.5843215e-02  -6.2540937e-02  -2.6612726e-02   1.8397522e-01   3.9149623e-01  -1.3353512e-01  -3.0943888e-01   2.8916624e-01  -2.3091393e-01   4.9558181e-02   3.2897033e-01   4.7669151e-02   3.7583587e-01   4.1356299e-01  -1.0246012e-01  -6.0886792e-03  -1.8105952e-02   5.9691643e-02   2.8573284e-01  -3.3059740e-01   3.5333441e-02   3.3727261e-02   1.2083050e-01  -9.1587943e-02  -3.3768818e-01   1.8605175e-01   1.2351776e-01   1.9024802e-01   1.5538919e-01   6.0529462e-02   3.2934471e-01  -5.6669644e-02   1.3028399e-01  -7.2825985e-03  -7.0723390e-02   8.3064966e-02  -1.7115194e-01  -3.4536058e-02  -3.7434924e-02   2.6398160e-02   1.2525088e-01   8.4773630e-02  -3.6428798e-01  -2.0281221e-02   1.7004931e-01   1.1660495e-01   3.8030841e-01  -7.8599048e-02   1.4653938e-01   5.9504873e-02  -1.4653694e-01   1.5428999e-01  -1.8269073e-02   9.8320447e-02  -1.1617694e-01   7.6623789e-02   8.0649799e-02  -1.1790095e-01  -1.8477207e-01  -2.9899364e-02  -1.3903777e-01   1.0194964e-01  -1.8504852e-01   2.3078688e-01   7.2459231e-02  -3.6243726e-02   1.1740456e-01   1.9916331e-01   4.5976980e-02   2.0584309e-01   1.8920811e-01   1.5740984e-01  -1.0171879e-01   2.4378428e-02  -1.2387779e-01  -2.6329455e-01   9.4132330e-02   2.3630743e-01   2.8366895e-01   6.3416870e-02   1.6112746e-01  -5.9405556e-03   1.2172650e-01  -7.9928146e-03   5.5236108e-02   7.7327349e-02  -3.9039614e-02  -2.3388768e-01   1.2814982e-01   6.2982932e-01   1.6848156e-02   2.3314826e-01  -1.0603084e-01   1.2916736e-02  -8.1119357e-02  -2.0775685e-01   9.8514433e-02  -8.0954677e-02  -3.2706074e-02   1.2046747e-01   2.2794563e-01  -7.1589447e-02   4.6991975e-01  -5.9698411e-02   5.6736131e-02  -2.4692696e-01   1.5898899e-01  -5.9562592e-02   2.7351696e-01  -4.1759248e-02  -1.0054547e-01  -2.0248776e-01  -1.3747738e-02   2.1680699e-01   1.5642885e-01   2.0887710e-02  -1.0883752e-01  -7.2262873e-02  -5.5308704e-02  -9.9200522e-03   1.4791086e-01   7.0125029e-02   2.0140610e-01  -2.0868288e-01   9.1914492e-02  -2.0627915e-01  -1.4574167e-01  -1.2923073e-01   1.3715383e-02   3.0103769e-01   3.1654226e-01  -1.2072884e-01   1.6176417e-01   2.2624126e-01   6.9480449e-02  -2.2797641e-03   1.4904479e-01  -5.5046512e-02   7.8543234e-02   5.9541657e-02   2.1311863e-01  -1.7142212e-01   1.7766342e-02  -1.0622043e-01   6.8626367e-02  -3.2995243e-02   4.2427678e-02   6.1202020e-02   1.9960067e-01
   5.9937312e-01   1.4947564e-01  -2.7001329e-01   1.1551022e-01  -5.3122532e-01  -1.7663959e-01  -2.0211818e-01   3.4535956e-01  -1.2739948e-02  -5.1464761e-01  -2.5186947e-01  -3.0585382e-02   1.0594664e-01   0.0000000e+00   4.3120898e-01   2.3074968e-02  -2.4253106e-01  -2.9474883e-01   2.8307439e-01  -5.5764866e-01   1.5262935e-01  -2.2332232e-01  -1.0703791e-01   5.0105840e-01   3.2914307e-01   3.9711135e-01  -4.5083040e-01   6.5484684e-01  -8.3426471e-02  -3.9214565e-01   3.4331652e-01   1.9700065e-01   1.1484110e-01  -1.6128994e-01   3.8135736e-01  -5.9364727e-01  -2.9849242e-01  -9.6466054e-02   1.3773086e-02  -3.6791782e-01  -2.1487384e-01   1.3154639e-01  -7.9382294e-02   3.7710547e-01  -2.1239982e-01   1.2197607e-01  -3.5673872e-01  -3.3376735e-01  -1.0395445e-01  -2.0901278e-01  -3.4633702e-01   4.0715676e-01  -1.6405692e-02   4.1628303e-01   6.9174036e-01   2.3740970e-01   2.8557500e-01   5.2467331e-02  -2.0774240e-02   2.5148999e-01   2.4193105e-01  -1.1043410e-01   2.8680543e-03   4.1385927e-01  -1.0720816e-01  -5.5364961e-01  -1.5659991e-01   4.1594618e-01  -2.1405291e-01   8.7939005e-02  -1.4625459e-01  -1.0673055e-01  -1.4691265e-01   5.7232389e-01   1.3404344e-01   1.0352680e-01   2.5404315e-01   7.9936599e-02  -4.0487303e-01   2.3112626e-01   6.6037362e-01  -1.7726196e-01   3.7499551e-01   1.3988404e-01   7.8461388e-01   2.2393161e-01   5.5383825e-01   7.1476773e-01  -2.9125866e-02   3.9463412e-01  -2.2311656e-01   2.8097982e-01  -3.5900259e-01  -3.5328873e-02   1.2059387e-01  -4.1534062e-01  -1.4774410e-01   2.6347396e-01  -4.5626038e-01   1.4792301e-01   5.3687740e-01   4.5019659e-02   2.4404393e-01   1.9908209e-01  -1.7356274e-01   2.7371727e-01   3.7264716e-01  -6.5083349e-02  -1.8524059e-01  -3.8114002e-01   2.1103013e-02  -2.4858054e-01   1.7116370e-01   2.1683320e-01   6.8223333e-01  -4.0142761e-01   2.7373703e-01  -1.4462394e-01   5.4853374e-01   9.4307715e-02   4.3456155e-01  -3.3186783e-01   1.3172667e-01  -2.3450273e-01   1.3606397e-01   7.1201389e-01  -3.5560694e-01   1.3770731e-01   1.7317635e-01  -8.4700663e-02  -3.2613126e-01  -4.3755264e-01   5.8724684e-01  -3.0548055e-02   1.6412550e-01   2.5582823e-01  -1.1127000e-01   2.9664100e-01   4.2915877e-01  -2.2839525e-01   4.9815070e-01   2.6564372e-02  -2.7928022e-01   2.1394937e-01   2.2060860e-01   1.6286386e-01   8.6527419e-02  -4.6177495e-01  -5.0431609e-01   8.1289246e-02   5.3393614e-01   4.4112551e-01   6.4648107e-01  -1.4550810e-01  -3.5045149e-01  -1.2778064e-01   4.8912430e-01  -2.4668054e-01   3.5592983e-01   4.2750756e-01   4.2595321e-02  -2.7286581e-02  -3.0165102e-01  -1.6419419e-01   4.8378040e-02  -3.3514584e-01  -4.2825801e-01   5.3498919e-01   7.9850763e-01   3.9850441e-02  -4.4461714e-01  -4.1552697e-02  -2.7449255e-01   3.5831245e-02  -6.2549779e-02   2.6520595e-01   2.1210165e-02
