   0.0000000e+00  -6.6252463e-01  -5.2555492e-01  -1.1422376e-01  -3.9230018e-01  -4.9010234e-01  -1.0855250e-01   3.8145425e-01  -4.9504931e-01  -2.2449861e-01   1.5767653e-01  -4.3567476e-01  -1.2216818e-01   2.3042591e-01   6.5382004e-01   1.2470864e-01  -6.8144155e-01   5.0575725e-01  -1.8834282e-02  -3.8264884e-01   7.7863583e-02  -1.5763147e-01   3.9351281e-01   8.5034840e-01  -2.6588422e-02   5.4646927e-01  -4.7376178e-01   5.0586865e-01   3.4359229e-02  -1.6645851e-01   3.2175452e-01   9.9679090e-02  -1.3136442e-01   1.8159710e-01  -1.5618429e-01  -1.6462877e-01  -3.5041507e-01   1.8107513e-01  -4.6644186e-02  -6.4273934e-01  -9.3961338e-02   5.5960705e-02  -3.4135451e-01  -4.3526879e-03   4.1841887e-01  -1.5854583e-01  -1.6068886e-01  -4.1786822e-01  -9.3529600e-02  -5.0991371e-01   4.4073407e-01   4.6250031e-01  -5.1075145e-01   3.4878517e-01   5.1534929e-01   4.7404422e-02   6.2554627e-02   9.7072662e-02   1.0218085e-01  -1.5371601e-01  -2.8666692e-01   5.4413306e-02  -3.2893430e-01   4.2041115e-01  -1.0149166e-01  -7.5677333e-02  -6.0945336e-01  -3.9475773e-02  -8.2297417e-02  -5.4654344e-01  -5.8692684e-01   2.6455123e-01  -1.5865977e-02   2.4469274e-01   2.5205170e-02  -8.7949048e-02  -2.0458077e-01  -1.8812200e-01  -5.7247764e-01   9.8005204e-02   3.5937566e-01   2.6622200e-02  -1.1322253e-01   3.9335778e-01   1.4987705e-01   9.8589097e-02  -1.0539695e-01   7.5410207e-01  -2.5662378e-01   8.9412005e-01  -3.5750446e-01  -2.1954922e-01  -4.2552815e-01  -1.7491461e-01  -6.1940041e-02  -4.7069871e-01  -4.9157654e-02  -1.8698153e-01  -1.2732663e-01   3.6710669e-01  -1.5593838e-01   4.0564777e-01   6.9558607e-02  -3.8710427e-01   2.5505438e-01  -1.1028770e-01  -1.1875079e-01  -1.0128342e-01   1.4084060e-01  -5.9400831e-01   1.6435308e-01  -6.5470824e-02  -1.2442148e-02   8.9268526e-01   2.8697688e-01  -4.9024377e-01  -9.1318642e-03  -9.1565163e-02   2.6819444e-01   5.6463697e-02  -7.8751654e-03  -4.9568469e-01  -1.4105866e-01  -1.7727358e-01   6.0390012e-01   4.2570576e-01   4.1626922e-01   3.6869442e-02  -3.7186842e-02  -6.9870369e-01  -1.0916585e-01   1.1615766e-01  -1.5517735e-01   1.5353520e-01   9.2683501e-02   2.5487736e-01   2.1078574e-01  -1.1094078e-02   4.1473772e-01   7.1002198e-01   8.4779889e-01  -6.0731429e-02  -7.0691025e-02  -2.3320872e-01   4.5496785e-01  -6.8177886e-02  -3.7199323e-01  -2.1051673e-01  -4.2776412e-01   2.2735994e-01   7.1707898e-01   3.0873193e-01   3.1402446e-01   1.0020736e-01  -6.2648192e-01   7.4647253e-01  -6.2972226e-02   4.8749929e-02  -2.6157648e-01   4.4892679e-01  -1.3527385e-01  -2.1747214e-01  -4.7443652e-01   2.1333901e-01  -3.3557686e-02  -1.5121492e-01   1.6923811e-01   2.9684013e-01   3.5787344e-01  -3.4718168e-01  -3.1633084e-01   1.3668560e-01   7.6063055e-02  -3.4926439e-01   1.7650368e-01  -8.5216134e-02  -4.7672843e-02
  -6.6252463e-01   0.0000000e+00   5.2610078e-01   2.3295757e-01   3.6991125e-01   4.9672110e-01   1.7418164e-01  -2.0108338e-01   6.4808672e-01   1.5954774e-01  -9.7709558e-02   5.6481014e-01  -1.5861158e-04  -1.0054055e-01  -6.9003755e-01   8.2520098e-02   6.4980470e-01  -3.1422950e-01   1.6235361e-01   3.0924509e-01  -9.1230521e-02   2.7121157e-01  -5.1676389e-01  -6.3931836e-01   1.4492586e-01  -3.5594663e-01   3.8235720e-01  -5.7551135e-01  -8.9989112e-02   3.9556734e-01  -3.3866268e-01   2.2901177e-02   1.3945211e-01  -3.4249251e-01   3.2607803e-01   1.9884352e-01   1.6213930e-01  -1.4364256e-01   1.9826872e-01   5.9579802e-01   5.8736202e-02  -4.0580287e-03   5.4267423e-01  -5.7144075e-02  -3.6087057e-01   1.4177749e-01   1.6001019e-01   4.4207252e-01   1.4917825e-01   4.1266007e-01  -3.3125516e-01  -4.0526749e-01   4.1366015e-01  -5.7849459e-02  -2.5255665e-01  -1.6427329e-01   2.4446735e-02   8.2749865e-02  -8.1064557e-02   3.8992632e-01   2.0469916e-01   2.7789833e-02   4.7789188e-01  -3.0053380e-01   1.4921461e-01   7.1971145e-02   6.0050891e-01   7.8088424e-02   6.3306158e-02   4.8798146e-01   6.5833353e-01  -1.4927014e-02   7.5877770e-02   4.4209216e-02   6.8333980e-02   1.5087947e-01   8.8795892e-02   8.6945251e-02   5.6465564e-01  -2.0121524e-01  -4.2140570e-01  -8.1977749e-03   1.1317458e-02  -1.5061816e-01   5.6049465e-02  -8.6643830e-02   2.6934458e-01  -4.7591446e-01   3.3492576e-01  -6.5948350e-01   3.5041709e-01   2.1972440e-01   1.9720507e-01   4.0611553e-01  -4.3976490e-02   3.9192274e-01   1.4191893e-01   2.6034002e-01   2.5577841e-01  -4.1470543e-01   1.2883088e-01  -4.1469808e-01   1.1567021e-01   5.2074645e-01   2.2378789e-02   3.0027092e-01   1.6823326e-01   2.3658849e-01  -1.8489755e-01   4.3822329e-01  -3.2351917e-01   2.9168532e-01   5.3094656e-02  -6.7357000e-01  -4.6371787e-01   3.4755013e-01  -1.5169288e-02   3.5214182e-02  -3.1236950e-01   1.2468519e-01   4.3611214e-02   4.4184487e-01   1.8631729e-01   2.8246175e-01  -4.7347246e-01  -3.3955021e-01  -3.5089269e-01   9.3858707e-03   7.2312913e-02   6.1709663e-01   5.3898877e-02  -3.1864789e-01   5.1089323e-01  -1.2718177e-01   2.0240681e-01  -1.5204813e-01  -1.1947636e-01  -1.8046178e-01  -2.9951791e-01  -4.9177977e-01  -5.2689951e-01   1.1684693e-02   8.0611429e-02   9.0514972e-02  -4.6482349e-01   1.4439910e-01   3.7232309e-01   1.6188471e-01   1.8819412e-01  -3.1239449e-01  -5.8659417e-01  -3.0754919e-01  -1.8579470e-01  -1.2555882e-01   6.8712494e-01  -5.5792268e-01   1.4076690e-01   6.0410560e-02   2.7858295e-01  -4.3249849e-01   2.0140942e-01   2.4448997e-01   3.4317084e-01  -4.0610472e-02   2.1746426e-01   1.4278348e-02  -1.7880959e-01  -2.4305560e-01  -1.8031751e-01   2.0138245e-01   2.1511809e-01  -1.8005196e-01   1.9996882e-02   3.0056266e-01  -1.7114401e-01   6.3378106e-02   1.7050536e-01
  -5.2555492e-01   5.2610078e-01   0.0000000e+00   1.4301269e-01   2.7994348e-01   5.8364385e-01   1.3923967e-01  -5.9245847e-02   5.7820233e-01   1.9178851e-01  -2.8940023e-01   5.0359680e-01   5.8472328e-03  -6.8817481e-02  -4.9315524e-01   3.0304673e-04   8.9670656e-01  -3.7553165e-01   3.0849393e-01   2.8063436e-01  -1.7323711e-01   6.3330555e-03  -4.2457175e-01  -4.7566402e-01  -1.3744615e-02  -1.9450155e-01   3.4502863e-01  -3.5686535e-01  -3.1440271e-01   3.5137294e-02  -3.8156191e-01  -1.8053589e-01   3.8857865e-01  -1.6306555e-02   2.1299960e-01   6.8794183e-02   9.1676840e-02   1.5169656e-01  -5.3472137e-02   5.5490687e-01  -1.0241682e-01   2.4406279e-01   5.5619209e-01  -1.1797036e-01  -4.5749348e-01   5.3647182e-01  -4.7204716e-03   1.8754110e-01  -1.5759318e-01   6.0242296e-01  -4.4814671e-01  -3.1731268e-01   1.8886891e-01   1.5500164e-01  -1.9409701e-01  -1.7401713e-01  -1.9609212e-04   1.6719624e-02  -3.2141915e-01   3.4555769e-02   5.7124482e-01  -3.7503407e-04   3.3210623e-01  -2.3459977e-01  -1.1932257e-01  -1.3971560e-01   6.3865709e-01   3.7800901e-02  -1.7850997e-02   7.8256956e-01   5.2097623e-01  -2.6940068e-01  -1.2051187e-01  -1.0997822e-02   4.7449043e-02   4.2043141e-02   4.9520984e-01   3.9704507e-02   2.1134813e-01  -1.2024454e-01  -3.0277181e-01  -1.8583633e-01  -9.7509357e-02  -5.4304816e-02   1.7174297e-01  -1.0123902e-01   6.4291002e-02  -4.2245676e-01   3.0234665e-01  -4.4225014e-01   1.9762178e-01   6.0722892e-01   4.4993662e-01   3.9488812e-01   3.3617564e-01   4.3422118e-01   8.4761578e-04   3.2355563e-01   1.5937035e-01  -2.4370429e-01   3.2555687e-01  -3.0482850e-01  -1.0232557e-01   1.7430060e-01  -2.6922676e-01   5.9897294e-02   3.4901965e-01   3.1700063e-01  -7.0435680e-02   2.1932039e-01  -1.2965100e-01  -1.3259048e-02  -1.1857143e-01  -4.8194992e-01  -1.2257627e-01   1.4595837e-01   3.7706157e-03  -8.2324043e-02  -1.5532043e-01  -4.7200337e-02   3.1095171e-01   3.8488217e-01   1.7030667e-01  -4.6290399e-02  -5.0429862e-02  -3.8065688e-01  -4.3599658e-01   1.5692047e-01  -5.1889106e-02   7.4719349e-01  -6.8272440e-02  -3.4376505e-01   1.7163335e-01  -3.1940756e-01   1.9439211e-01  -8.1772878e-02  -9.7204499e-02   1.7160061e-02  -2.9125143e-01  -4.4818290e-01  -4.4888025e-01   8.3371076e-02  -1.6686906e-02   1.7815304e-01  -4.7363051e-01  -2.5646433e-01   5.1317603e-01  -1.1869601e-01   3.3699294e-01  -2.7259987e-01  -3.3919501e-01  -2.1667057e-01   2.0178994e-01  -1.7067086e-01   6.9808646e-01  -3.8567299e-01   3.7631438e-01  -8.9977733e-02   6.1470434e-01  -4.9474468e-01   2.2305603e-02   1.3899245e-01   1.6358973e-01  -3.4010423e-01   2.7116153e-01   3.6516757e-03  -2.7465875e-01  -1.3465786e-01   1.7835681e-01   1.8218781e-01   1.4613908e-01   2.2253230e-01  -1.1281417e-01   2.8872789e-01  -2.2269616e-01   1.4255849e-01   9.9338416e-02
  -1.1422376e-01   2.3295757e-01   1.4301269e-01   0.0000000e+00   1.6518795e-02   2.1478059e-01   1.6775481e-01   1.1172960e-01   9.1828134e-02   2.1136861e-01   3.2441926e-01   1.2475950e-01   1.8923469e-01   2.1458652e-01  -1.1799877e-01   2.3622037e-01   1.2227107e-01   2.2600397e-02  -1.4170548e-01   1.5805351e-01   9.0838367e-02   4.8949322e-01   2.3927074e-02  -2.2263588e-01  -1.2629466e-02   3.3895083e-02   7.7988877e-02  -1.0666274e-01  -5.0881518e-02   3.5334818e-01   8.7209746e-02   2.8193986e-01   2.6723896e-01  -1.0751575e-01   5.8709623e-02   1.2011755e-01   2.0166209e-01   2.4435676e-02   5.1522545e-02   2.8161934e-02   9.4647824e-02   2.5509401e-01  -2.4820621e-02   3.2352477e-01   1.1682499e-01  -2.4980015e-02   3.3525810e-01  -2.0980232e-02   1.2618881e-01   3.6071265e-02  -1.2600544e-01  -1.4868547e-02  -1.6142764e-03   8.6528020e-02   1.5225487e-01   2.7271047e-01   5.6897311e-02   3.6647936e-01   3.6664382e-01   4.1637664e-02   1.7062132e-01  -7.0663078e-02  -9.3627841e-02   2.7802778e-02   2.0627361e-01   1.6290042e-01   1.7377928e-01   1.5493128e-01   3.2636252e-01   5.2790988e-02   4.7598568e-02   3.1471346e-01   3.6513273e-02   1.1956955e-01   3.5696293e-02   3.6862066e-01   7.5758388e-02   2.3864912e-01   8.0747816e-02   1.6404445e-01   1.3328062e-01   9.6875034e-02   6.2787102e-02   9.1934421e-02  -9.9971907e-02   7.9895562e-02   4.7884681e-02  -7.8175124e-02  -1.5129217e-01  -2.0536197e-01  -5.1148125e-02   9.7112606e-02  -3.5617222e-03   2.0555279e-01  -3.2817749e-02   8.9760608e-02   2.6194464e-01   5.1160783e-02   1.1552571e-01   1.5732366e-01  -1.2913238e-01   6.0565411e-02   2.8533227e-01  -2.3566224e-02   3.0790723e-01   4.0130741e-01   2.4877236e-01   3.4711844e-01   9.3832141e-02   5.7131244e-02  -1.1654206e-02   4.6096418e-01   2.6466611e-01  -2.6992869e-01  -2.2380033e-01   1.2657040e-02   1.0852234e-01   1.8267924e-01  -1.7162171e-01   5.2770022e-01   2.3111646e-01   6.0862296e-02  -7.1516151e-02  -1.0094222e-01  -2.3154292e-01   2.6978429e-02   6.4006671e-02   2.4102186e-01   5.0877785e-01  -2.6620348e-03  -1.3887384e-01   1.1923059e-02   2.7917923e-01  -1.7437986e-01   1.6319013e-01   1.6857640e-01   1.5346623e-01  -5.8360427e-02   8.3294909e-02  -1.6499272e-01  -1.4076123e-01   1.4184399e-01   4.3088229e-01  -5.2955997e-02  -4.4879610e-02   1.8968777e-01  -6.6509300e-02  -5.1418115e-02   2.6194663e-02  -1.3678418e-02  -1.9208143e-01   9.6316853e-02   1.4620013e-02  -3.6136583e-02   2.6145066e-02  -1.9828249e-01   2.7167143e-01   3.6358881e-01   1.3788033e-01   2.9225525e-02   1.6217869e-01   4.4048336e-01   1.8513261e-02   2.8318077e-01   3.9802128e-01  -1.2984405e-01   1.0111789e-01  -6.8154615e-03   9.3243372e-02  -3.0431279e-02  -7.2749566e-02   9.5243903e-02   1.1716688e-01   1.3225081e-01  -1.0590746e-01   3.3353458e-01   4.7912882e-01
  -3.9230018e-01   3.6991125e-01   2.7994348e-01   1.6518795e-02   0.0000000e+00   1.3516834e-01  -5.6633956e-02  -3.2604505e-01   4.5666539e-01   2.4033165e-01  -2.1193482e-01   1.6443449e-01   2.9958432e-01  -3.7383652e-01  -5.2100338e-01  -9.0652781e-02   4.6187487e-01  -2.0880856e-01   1.4008143e-01   7.4293349e-01  -2.3908004e-01  -1.0388464e-01  -2.9075147e-01  -4.2626573e-01   7.3258762e-02  -4.1282185e-01   3.4691647e-01  -4.3953821e-01  -1.3812457e-01  -4.0974396e-02  -3.9632533e-01   7.1458132e-02  -3.2102645e-02  -7.1192624e-02   7.8191329e-02   4.0058351e-01   1.6353034e-01  -1.7126425e-01   5.0967574e-02   4.2009328e-01   2.7298246e-01  -3.0722877e-02   4.2798858e-01  -3.7216500e-01  -7.6575984e-02   7.7131427e-02   1.2388324e-01   8.5060755e-02   1.5991389e-01   3.9118856e-01  -2.5675470e-01  -4.1528815e-01   3.1106384e-01  -1.1999986e-01  -3.5753563e-01  -2.9662157e-01  -1.9436728e-01  -8.7592219e-02  -6.2387263e-02   1.4139139e-01   1.1620233e-01   3.2263364e-01   3.1955752e-01  -2.9044405e-01   7.4315500e-02   1.7289389e-01   2.6040280e-01   2.5700831e-01   5.7211812e-02   2.4830458e-01   4.2570303e-01  -1.5463236e-01   9.2689219e-02  -2.9928776e-01   1.7991591e-01   1.5347104e-02   3.6651216e-02  -1.1742155e-01   7.4187546e-01   7.6401191e-02  -4.6967015e-01   3.3034009e-02  -2.3074984e-02  -4.5057017e-01  -8.8968035e-02  -1.1165407e-01  -5.0249784e-02  -3.3807649e-01   3.5390049e-01  -4.3390973e-01   6.6071980e-01   5.9685923e-02   3.5819830e-01   2.3908405e-01   6.7713217e-02   8.0650170e-01   2.1236922e-01   1.8702256e-01   4.5989513e-01  -2.7548697e-01  -2.9065950e-01  -5.1333040e-01  -4.1123479e-01   2.3524913e-01  -1.6330712e-01   3.0655761e-02   6.6478853e-02   1.9793082e-01  -1.8793208e-02   3.7651554e-01  -2.6876972e-01  -1.7609400e-01  -1.4674568e-02  -3.4541325e-01  -3.7163137e-01   5.6938528e-01  -1.1682752e-01   1.8655669e-01  -4.1948062e-01   8.5383059e-02  -4.5976095e-02   7.2140339e-01   3.8059620e-01   4.6042135e-01  -2.7734391e-01  -4.5419926e-01  -2.5541322e-01   1.2034913e-01  -1.4695979e-01   3.7721609e-01   2.1889833e-01   6.0876537e-02   1.0455458e-02  -1.3553087e-01  -5.9955712e-02  -3.0962147e-01  -2.8053049e-02  -3.4255056e-01  -2.2254763e-01  -2.1727830e-01  -2.9314082e-01   1.1688796e-01  -1.1025819e-01  -1.0674680e-01  -3.7378225e-01  -6.3162711e-02   2.6462748e-01   3.0728030e-01   3.4840798e-01  -1.9617860e-01  -4.5790751e-01  -5.4272684e-01  -2.6604990e-01  -1.2847267e-01   4.5310409e-01  -3.1094979e-01   1.7058597e-02   9.6561199e-03   1.6868352e-01  -4.7762930e-01   1.3521693e-01  -5.7865565e-03   4.8312559e-01  -1.8587318e-01   1.2369296e-01   2.3807248e-01  -1.1524300e-01  -4.2144610e-01  -1.8865551e-01   2.8233841e-01   4.9242989e-01  -4.8453164e-02   2.8121717e-01   9.6769934e-02  -2.4717758e-02   4.4075010e-02  -4.5359140e-03
  -4.9010234e-01   4.9672110e-01   5.8364385e-01   2.1478059e-01   1.3516834e-01   0.0000000e+00   4.4530181e-01  -9.8669988e-02   2.6513711e-01   2.9961642e-01   2.9418631e-02   5.3208947e-01  -2.1415750e-02   8.8784679e-02  -3.2425811e-01   1.1920274e-01   5.8123156e-01  -1.1000877e-01   3.6788590e-01   2.8330948e-01   2.7850474e-02   2.8969487e-01  -1.6874024e-01  -4.8718854e-01   1.2086616e-01  -1.6241623e-01   5.2730711e-01  -3.0748024e-01  -5.0156759e-02   1.7580212e-01  -2.8348407e-01  -1.4985694e-01   2.8447825e-01  -1.3339142e-01   2.0628815e-01   2.6791849e-01  -4.2721062e-02   4.4898799e-02  -8.3185266e-02   6.1141176e-01  -6.8112667e-02   1.2413645e-01   2.8597990e-01   1.0988383e-01  -2.8172075e-01   2.9412335e-01   3.8437434e-01   2.9797020e-01   6.9381990e-02   4.4292109e-01  -1.2641825e-01  -2.6961939e-01  -5.0215045e-02  -1.2257438e-02  -1.3737597e-02  -1.6337868e-03   2.7152114e-01   9.2052401e-02   1.1663279e-02   1.2899691e-01   3.1537592e-01   1.1772476e-01   2.1004799e-01  -2.5812676e-01  -1.9481467e-01   2.0510100e-01   8.0284967e-01  -3.6340916e-02   4.3665437e-01   7.0305643e-01   2.6738632e-01   2.9416455e-02  -1.7432995e-01   1.5670055e-01  -3.9504748e-02   5.8986332e-02   2.7902224e-01   1.0923343e-01   2.5135906e-01  -1.0150510e-01  -6.3601836e-02  -2.6760569e-01  -2.8643081e-02  -9.8630621e-02  -4.8233514e-02  -1.2304246e-01  -2.9355198e-02  -3.1435701e-01   5.1524256e-02  -4.9456782e-01   7.8078182e-03   2.7326412e-01   2.8771065e-01   2.0821730e-01   6.0934646e-02   2.7698894e-01   9.4043660e-02   3.0130073e-01   1.1195331e-01  -2.4574597e-01   2.6543846e-01  -6.2716830e-02   2.2144084e-01   1.5050503e-01   2.8012017e-02   3.2719705e-02   2.5069057e-01   4.8544952e-01   1.7923459e-03   4.4597416e-01   5.4717741e-02   2.8943670e-01   9.0664167e-02  -4.7406239e-01  -1.7212540e-01   6.7957550e-02  -4.4067665e-02  -8.3529936e-02  -3.3215882e-02   9.0014248e-03   2.1091322e-01   2.3012992e-01   9.6828771e-03  -2.1566912e-01  -2.0797687e-01  -1.1414443e-01  -1.8277173e-01  -1.0768531e-01   1.1296529e-01   6.4672602e-01  -1.8225617e-01  -1.5438834e-01   2.5805622e-01  -2.6136034e-01   9.6726147e-02  -1.9211259e-01  -2.4660626e-01   1.1851953e-01  -3.1899489e-01  -3.9128747e-01  -3.8141747e-01  -6.0809938e-02   2.2611091e-01   4.4100736e-01  -2.9640985e-01  -1.6579824e-03   1.9312458e-01   3.0199516e-02   3.9923732e-01  -3.8948333e-01  -3.7412589e-01  -4.8149196e-02   1.3528103e-01  -1.3675846e-01   5.9728788e-01  -4.4098542e-01   2.8318213e-01  -2.8404521e-02   2.4736509e-01  -2.9207968e-01   1.1570868e-01   3.4847760e-01   1.7131952e-01  -1.4725397e-01   2.7071190e-01  -6.6307905e-02   6.8099671e-03   5.8069308e-02   9.6192133e-02   6.5604987e-02   8.3634808e-02   1.3099534e-01  -1.6365619e-01   6.4364903e-01  -1.1559324e-01   6.8234014e-02   6.8168834e-02
  -1.0855250e-01   1.7418164e-01   1.3923967e-01   1.6775481e-01  -5.6633956e-02   4.4530181e-01   0.0000000e+00   3.6096030e-02  -1.2287283e-01   4.9645368e-01   2.3851570e-02   5.1705333e-01  -1.6301142e-01   2.1299764e-01   5.0143484e-02   2.3727068e-01   6.9114974e-02   1.1657817e-01   1.7859420e-01   1.9522978e-01   2.9679892e-01   1.9359246e-01   3.3809042e-01  -2.4722581e-01   6.1348968e-02  -1.9903409e-03   1.9227542e-01  -2.0243724e-02  -2.0042338e-01   1.1776578e-01   2.3989088e-02  -9.7879072e-02  -1.1025480e-01   2.2170059e-01   4.4600822e-01   1.9882230e-01  -2.0204531e-02   1.1763823e-01  -6.8115836e-02   1.7655699e-01  -1.8739356e-01  -1.7627322e-01  -1.1351428e-02   1.5118068e-01   1.7324988e-01   4.3564498e-02   1.6438380e-01   4.2779203e-01   1.0762993e-01   6.7295229e-02   2.9605011e-02   3.8104752e-02  -8.0311923e-03  -5.3777756e-02   1.3763333e-01   1.9560127e-01   1.5680616e-01   6.0917825e-02  -6.9907747e-02   2.6166790e-01   7.5288486e-02   1.3675710e-01   9.5642734e-02  -1.1624557e-03  -1.0901418e-01   3.9267363e-01   2.3808235e-01  -2.0977586e-01   1.7192071e-01   1.9470058e-01   4.4557636e-02   1.2664110e-01  -1.4425674e-01   1.2661473e-01  -1.3198362e-01   4.7401508e-02   1.0154679e-01  -5.8150712e-02   8.8612986e-02  -2.7262525e-01   5.5719652e-01  -8.6890244e-02   5.9029712e-02   9.2903748e-02   1.8242466e-02   5.5328951e-03   1.3154553e-01  -9.9165551e-02  -9.9804539e-02  -2.1906580e-01  -2.3046232e-01   7.3872725e-02   2.2319458e-01  -1.7761496e-02  -3.0602976e-02  -1.0395361e-01  -9.8765917e-02   1.6738524e-01  -2.2798843e-01   2.9232052e-01   2.3407173e-01   9.8120085e-02   3.5831508e-01  -1.5816736e-01   1.8284449e-01  -1.5320110e-01   2.2115656e-02   1.5409332e-01   3.6857468e-01   3.1190650e-01   4.4976173e-01   1.7167642e-01  -6.9537231e-03  -1.7265123e-01   9.8116333e-02  -1.0496304e-01   1.8879435e-03  -3.7858768e-02   9.7714515e-02  -3.7996509e-02  -1.3986255e-02   1.3901883e-02  -2.7919806e-01  -3.2371253e-01  -9.7795017e-02   2.4217803e-01   2.3256127e-01  -2.4603635e-01   2.7535775e-02   1.2406514e-01  -1.8452417e-01   1.9753172e-01   1.8625256e-01  -8.1321403e-02  -8.4171596e-03   1.9480960e-02  -1.9431838e-01   3.3669358e-01  -8.0189220e-04  -1.2908050e-01  -1.6508558e-01  -2.0421714e-01   1.3846779e-01   2.9986661e-01   2.2923233e-01   1.1551452e-01   2.5552862e-01  -3.2460529e-02   3.8084189e-01   2.1972675e-02  -1.0416649e-01   2.8666832e-01  -5.2128848e-02  -7.2224818e-02   1.5012990e-01  -2.2751066e-01   1.3053809e-01  -5.1864929e-02   3.5461025e-02   2.5783310e-01  -7.8111602e-02   4.9870623e-02   3.4351489e-02  -8.6929471e-02   6.2340806e-02   2.6041331e-01   3.0738514e-01   8.9763412e-02   7.1031734e-02  -3.5184483e-03   7.4590450e-02   3.6617571e-03  -3.9270732e-01   2.1823747e-01  -9.6621392e-02  -1.2585723e-01   2.5266732e-02
   3.8145425e-01  -2.0108338e-01  -5.9245847e-02   1.1172960e-01  -3.2604505e-01  -9.8669988e-02   3.6096030e-02   0.0000000e+00  -1.5076195e-01  -2.2277789e-01   1.2208712e-01  -2.9698299e-01  -1.4419251e-01   1.6839419e-01   3.6512737e-01   8.1400239e-02  -1.6336030e-01   1.2217006e-01   9.7680138e-02  -1.8868454e-01   1.7292608e-01   3.0228859e-01   1.9606150e-01   3.0647058e-01  -9.9407603e-02   3.6587052e-01  -1.2458271e-01   2.0136591e-01  -2.1380475e-01   9.3407281e-02   2.5530373e-01   1.0783169e-01   3.6507154e-02   3.2825420e-01   1.2196250e-01  -3.7392466e-01   4.5615820e-03   3.0714778e-01   3.8824102e-02  -1.4523112e-01  -2.6181839e-02   1.1570421e-01  -2.2420393e-01   4.4587040e-01   5.3966866e-02  -1.0638084e-01  -1.1687382e-01  -6.8276249e-02   1.0198680e-02  -2.5662063e-02   9.7865275e-02   5.6995517e-01  -1.0490674e-01   2.9764547e-01   2.8178201e-01   1.3722172e-01  -1.6224105e-01   4.1532993e-01   1.4686809e-01  -2.1482097e-01   4.5899794e-02  -5.6026342e-02  -2.2416720e-01   4.8704638e-01   1.5676587e-01  -3.8309118e-01   1.7203062e-02  -1.0351214e-01   1.5064657e-01  -1.4618548e-01  -4.2878352e-02  -1.1896843e-01  -3.7892214e-02   2.0051866e-02   2.0519667e-02   2.9220864e-01   3.1811935e-02   1.0639630e-01  -3.6788607e-01   6.8085814e-03   2.5760143e-01  -8.7175780e-03   1.1900793e-01   5.5326952e-01   8.6571551e-02   1.7733053e-01   8.3054955e-02   1.9148933e-01  -2.2708764e-01   2.7415281e-01  -2.1340892e-01   1.6015768e-01  -1.9731517e-01  -2.0582282e-02  -5.1799547e-02  -2.8454786e-01   4.0551506e-02   1.2937999e-01  -8.1363861e-02   3.8866672e-01   1.6060582e-01   3.6598023e-01   2.2823750e-01  -2.5055530e-01   1.3479641e-01   1.3328967e-01   8.3813869e-02   3.8555510e-01   2.3791260e-01  -3.8066989e-01   9.3052924e-02   1.9196366e-01  -1.3510709e-01   2.6796420e-01   2.1025703e-01  -1.7815628e-01   2.9128046e-01   2.8521374e-02   4.3339274e-02   2.7276370e-01   9.9741326e-02  -2.3791669e-01  -1.2216654e-01  -1.1273836e-01   1.4184269e-01   1.7472275e-01   1.0433404e-01   1.1020548e-01   3.7406587e-01  -2.4787706e-01  -1.7078735e-01  -2.6753886e-02  -9.1023380e-02  -1.3550951e-01   2.5246942e-01   4.5613825e-01   1.3431587e-01   1.0919348e-01   3.3691616e-01   1.8220585e-01   3.6003366e-01  -8.2613790e-02   2.6651544e-01  -2.3144354e-01   1.2774447e-01   5.3431018e-02   7.1597341e-02  -5.0804737e-01  -3.9323464e-01   2.6064696e-01   2.4300658e-01   4.8408281e-01   1.9125006e-01  -9.1754897e-02  -3.1523876e-01   2.6539300e-01   1.2051681e-01   2.2908661e-01   1.2914448e-01   2.6302252e-01  -2.1046019e-01   2.2293849e-01  -3.5250928e-01   1.4491198e-01   3.5811388e-01   5.6209332e-02  -6.5968988e-02   1.0137307e-01   1.9254935e-01   2.2766110e-02  -1.0536388e-01   2.0314751e-01  -1.8270897e-01  -3.5600631e-01   4.7035464e-02   5.8844463e-02   2.8869293e-01
  -4.9504931e-01   6.4808672e-01   5.7820233e-01   9.1828134e-02   4.5666539e-01   2.6513711e-01  -1.2287283e-01  -1.5076195e-01   0.0000000e+00   2.9690558e-03  -3.7210194e-01   3.6134417e-01   4.2188061e-02  -2.5131396e-01  -6.5912221e-01   1.1877955e-03   6.5113792e-01  -4.6800006e-01   2.5012139e-01   2.7643577e-01  -3.2379633e-01  -1.0536929e-01  -6.3233613e-01  -4.2380132e-01   1.4786636e-01  -2.4761428e-01   1.6667077e-01  -4.7118562e-01  -5.6074125e-02   9.8773782e-02  -4.9796598e-01  -1.5928666e-01   3.1898291e-01  -1.1131237e-01   2.8476961e-01  -6.3037788e-02   1.4127520e-01  -1.6677144e-02   3.6739237e-02   5.1710839e-01   1.3314322e-01   1.5818802e-01   7.4035080e-01  -3.1768475e-01  -2.8902325e-01   1.0775647e-01  -1.6474827e-01   1.4919774e-01  -1.1324876e-01   5.2967005e-01  -4.9869306e-01  -3.4253081e-01   3.5949273e-01   7.0282889e-02  -2.8442094e-01  -3.2506371e-01  -5.5389496e-02  -7.8672691e-02  -1.4604333e-01   3.1885278e-01   2.1926356e-01   8.4187250e-02   6.2488454e-01  -4.3897264e-01   1.7866519e-01  -2.1260913e-01   4.6001969e-01   4.1835582e-01  -1.1766758e-01   3.8290868e-01   6.7235554e-01  -2.8111458e-01   1.3044992e-02  -2.1081906e-01   1.0723896e-01  -4.9132843e-02   8.8338012e-02   7.0168004e-02   4.9019564e-01   3.6686438e-02  -5.8272183e-01  -7.4035152e-02  -8.3613836e-02  -2.0224375e-01   2.0227717e-03  -2.0029663e-01   2.0224960e-01  -3.0871910e-01   6.3595254e-01  -4.0639778e-01   6.5948260e-01   2.3116712e-01   3.6984812e-01   5.7812402e-01   4.1190955e-02   6.0909259e-01   2.5574178e-01   2.4860867e-01   4.9418626e-01  -4.6255394e-01  -2.3836211e-02  -5.3872661e-01  -3.3300122e-01   5.4664384e-01  -3.1028406e-01   1.7531277e-01   3.8353788e-01   2.2259523e-01  -1.6155503e-01   2.0937555e-01  -3.5081774e-01  -9.7532148e-02   4.9058502e-02  -5.0704391e-01  -3.9930711e-01   4.6336610e-01   9.0344155e-02   1.5560348e-02  -4.5264792e-01  -5.6816846e-02  -9.3478084e-02   6.0709188e-01   5.3092989e-01   4.9541633e-01  -3.0248124e-01  -5.4005504e-01  -5.1854225e-01   2.6662541e-01  -8.2444154e-02   5.2166516e-01  -7.9893179e-03  -4.4356303e-01   1.6948240e-01  -1.1083819e-01   3.1367334e-01  -2.2468308e-01   8.2766423e-02  -3.2803841e-01  -3.1663709e-01  -3.1100232e-01  -4.3154893e-01   9.8651139e-02   1.7462605e-02  -1.6305483e-01  -5.4996196e-01  -1.3566253e-01   5.0901948e-01   9.8890136e-02   1.5627763e-01  -2.4974435e-01  -4.9525283e-01  -4.4802025e-01  -4.3639852e-02  -2.6086998e-01   6.8441240e-01  -3.0239112e-01   3.0089376e-02   7.3144599e-02   4.5837145e-01  -5.5595387e-01   3.5637829e-01   3.0925528e-02   2.4321661e-01  -2.7578088e-01   2.8722490e-01   5.8037987e-02  -4.3409312e-01  -3.6174493e-01  -1.0679743e-01   2.9826019e-01   4.0393712e-01   5.1279648e-03   3.4368431e-01   4.5613939e-02  -5.3594325e-02   2.1289107e-01   6.2675170e-02
  -2.2449861e-01   1.5954774e-01   1.9178851e-01   2.1136861e-01   2.4033165e-01   2.9961642e-01   4.9645368e-01  -2.2277789e-01   2.9690558e-03   0.0000000e+00  -4.1324282e-02   3.4989437e-01   1.3798977e-01  -1.6911056e-01  -2.6757870e-01   1.1082901e-01   2.1718855e-01   3.4154503e-02  -5.8407975e-02   4.9300333e-01   8.9311023e-02   2.0086288e-01   2.4174654e-01  -3.6858602e-01  -7.4295321e-02  -1.9725581e-01   2.3163940e-01  -1.6724227e-01  -1.9295546e-01   1.3870057e-01  -2.7663456e-01  -2.0905171e-01  -7.0827321e-02   1.1716184e-01   2.5581481e-01   3.9031840e-01   1.7031153e-01   5.7794886e-02  -1.1936601e-01   1.5715730e-01  -1.3333638e-01   6.8558541e-02   1.0500486e-02   1.7607596e-03   7.3882313e-02   1.9637713e-01   1.3129784e-01   2.0033825e-01   1.3796589e-01   2.0695244e-01  -8.9434080e-02  -1.5253828e-01   6.9907066e-02  -2.2621009e-01  -2.0562776e-01   1.4919130e-01   2.3792715e-02  -1.4746020e-01  -9.8337063e-02   1.8955814e-01   2.7004634e-01   1.4209587e-01   2.7469421e-02  -2.2315414e-01  -1.5841042e-01   6.0799306e-01   2.1082410e-01  -1.4459931e-01   1.1294104e-01   2.9246739e-01   6.8996788e-02   1.4629513e-01  -2.0734071e-01  -7.6370712e-02  -2.4325816e-01  -7.7160552e-02   2.5243558e-01   1.0718431e-01   2.5570393e-01  -2.3796950e-01   7.7598190e-02  -1.3688565e-01  -2.1020138e-01  -1.8079924e-01  -2.6764746e-01  -1.8968993e-01  -9.0784773e-02  -3.2241822e-01  -6.6927847e-02  -3.1950749e-01  -8.3887762e-02   1.9198929e-01   4.2653999e-01  -2.8188831e-02   2.2185814e-01   1.7980004e-01  -4.5849437e-02   1.3407522e-01  -7.2256475e-03   3.0891342e-01  -1.3439770e-01  -6.7512523e-02   1.2025207e-02  -7.7567490e-02  -3.2197324e-02  -9.2498945e-02  -3.7645211e-02   2.2360416e-01   3.3962610e-01   3.6631925e-01   2.9568208e-01   7.4601768e-02   1.0433912e-01  -2.6464946e-01  -5.7673404e-02   3.0791250e-02  -9.4141439e-02  -2.7106476e-02  -1.0679761e-01   5.8802294e-03   3.9961139e-02   1.9761132e-01  -1.4546976e-01  -2.4565700e-01  -1.1313538e-01  -1.1623233e-01   1.3126779e-01  -2.4267541e-01   2.0141297e-02   2.3912496e-01   1.2939642e-01   2.5051786e-01  -3.4410191e-03  -2.7992959e-01  -4.4025638e-02  -1.6887621e-01  -1.9279881e-01   3.4132205e-02  -1.5565248e-01  -2.2864217e-01  -3.1055933e-01   2.3824588e-01   4.3204021e-02   1.9564238e-01  -5.2784287e-02  -6.7692032e-02   1.9502739e-01   1.4839894e-01   6.6226144e-01  -3.6699847e-02  -2.6943599e-01  -7.4212623e-02  -1.2794795e-01  -1.2110353e-01   1.5238582e-01  -3.0409343e-01   2.0819764e-01  -1.0630089e-01   1.5118951e-01  -5.6352790e-02   2.2331102e-02   4.9150848e-02   4.0406686e-01  -8.6628398e-02  -9.8004424e-02   2.2086183e-01   1.8657807e-01  -4.2344216e-02  -7.4518708e-03  -7.2439770e-02   1.1369334e-01  -1.3397307e-02  -5.2539800e-02   1.7556328e-01  -2.9695760e-01  -9.8213667e-02   7.6758211e-02
   1.5767653e-01  -9.7709558e-02  -2.8940023e-01   3.2441926e-01  -2.1193482e-01   2.9418631e-02   2.3851570e-02   1.2208712e-01  -3.7210194e-01  -4.1324282e-02   0.0000000e+00  -1.3510406e-01   1.2643166e-01   3.0883960e-03   2.5927098e-01   1.6178857e-01  -2.6419345e-01   3.7327851e-01  -1.7362082e-01  -1.8221079e-01  -1.2998384e-01   4.5826641e-01   1.3704458e-01   9.3283520e-02  -7.7315215e-02   2.0522900e-01   2.4304916e-01   1.0597184e-01   2.1455577e-01   3.7047713e-01   1.5718490e-01   3.9285224e-01  -1.2446471e-01  -2.5856025e-01  -3.6219014e-01   4.1199616e-01  -3.4738261e-02  -1.9642020e-01   1.7511474e-01  -2.1308239e-01   1.2674644e-01  -1.0509819e-01  -3.4786793e-01   4.7011522e-01   1.9410809e-01   1.8634841e-02   6.1466369e-01  -1.5762382e-01  -7.5861892e-02  -3.6485071e-01   5.4829629e-01   1.0389110e-01  -2.7638845e-01  -2.2785733e-01   1.8889508e-01   2.5293953e-01   3.0599959e-01   3.8807948e-01   4.1506417e-01   7.9922894e-02  -6.6902914e-02   1.2004848e-01  -3.4432465e-01   2.8445261e-01  -2.4717233e-01   4.3152442e-01  -1.7307356e-01  -2.0718580e-01   5.3727272e-01  -1.2539200e-01  -4.3116686e-01   5.7891792e-01   2.3601513e-01   2.9177121e-01  -1.9892738e-01   4.5603248e-01  -6.7206976e-02   1.7490385e-01  -7.8088249e-02  -1.2183439e-01   2.4753264e-01   1.7501368e-01   5.3228102e-02   5.2261310e-02  -3.0034941e-01   3.3270814e-01  -3.8575796e-01   1.0264510e-01  -1.1338784e-01   5.7218121e-02  -3.6396498e-01  -1.3483984e-01  -5.2024637e-01  -8.7819112e-02  -1.3577168e-01  -3.2465930e-01   6.9171284e-02   1.7826024e-02  -1.3210132e-01   8.7048705e-02  -1.5670020e-01   4.1985809e-01   4.3964113e-01  -1.4424523e-02   7.1120266e-01   2.1776973e-01  -3.1197080e-01   4.0060172e-02  -1.3351785e-01  -5.2431305e-02  -1.0691193e-01   6.1947562e-01   1.0771100e-01   9.7239572e-02  -5.5366070e-02  -2.0915066e-01   9.1925478e-02   1.6637872e-01   6.0915669e-02   3.4726580e-01   2.3038097e-01  -4.3480182e-01  -7.2803188e-02  -2.1484367e-01  -8.9033021e-03   1.8986545e-01   3.0166178e-01  -2.4756460e-01   3.9279243e-01  -1.7189707e-01   1.1759008e-01   2.8186302e-01   1.1855788e-01   5.6271407e-02   2.6782075e-02   3.0483476e-01  -2.1060439e-01   4.9624198e-02   4.2818708e-01  -7.0671794e-02   1.0789268e-01   1.0351181e-01   4.9232345e-01  -1.4690817e-03   2.9489701e-01   5.2188006e-01  -5.6269763e-01   3.1783644e-01  -2.1531198e-01  -2.3911319e-01   4.0214262e-02   2.0978319e-01  -9.2669261e-03   5.6389615e-01  -3.4753380e-01  -4.4431224e-02   1.2413109e-01   3.1525239e-01  -1.8291557e-01   3.0808300e-01  -7.2253952e-02   6.0869746e-01  -1.3349114e-01   6.2628083e-01   7.4881915e-02  -2.4473414e-01   6.4047926e-01   4.0020886e-01   7.0802675e-02  -4.4633324e-01  -3.6434782e-01  -5.8206827e-02  -9.9570830e-02   1.0443776e-01  -8.9162634e-02  -1.4659117e-01   1.8717049e-01
  -4.3567476e-01   5.6481014e-01   5.0359680e-01   1.2475950e-01   1.6443449e-01   5.3208947e-01   5.1705333e-01  -2.9698299e-01   3.6134417e-01   3.4989437e-01  -1.3510406e-01   0.0000000e+00  -1.1992967e-01   3.0785266e-03  -3.6123631e-01   1.5324262e-01   4.6851115e-01  -1.8698519e-01   2.5004421e-01   1.9514261e-01  -1.4446579e-01   1.0325378e-01  -2.7813320e-01  -4.9599394e-01   1.0728292e-01  -1.6353611e-01   2.3678824e-01  -3.2624936e-01   1.0335474e-02   1.7662619e-01  -2.6885514e-01  -1.5679340e-01   7.3516933e-02  -4.9616945e-02   2.6937446e-01   2.1185834e-01  -7.5254831e-02  -9.5805739e-02  -2.4543845e-02   3.8350785e-01  -1.1004180e-01  -1.2483977e-01   4.4372070e-01  -5.6986137e-02  -1.3608814e-01   1.7893184e-01   8.0562289e-02   2.1666291e-01  -1.0342597e-01   2.8248100e-01  -2.2042196e-01  -2.4018962e-01   1.1504925e-01  -3.3399553e-03  -1.2918280e-01   8.6137732e-02   2.8085790e-01  -5.7713345e-02  -1.8013906e-01   5.1322406e-01   1.3506300e-01   3.3219438e-02   4.1269056e-01  -2.6176103e-01  -2.2575841e-01   3.2957018e-01   4.0137859e-01   1.3765693e-02  -6.9499673e-03   5.1660537e-01   2.9347393e-01   4.6651161e-02  -8.9340444e-02   3.4014288e-01   1.1137377e-01  -2.4230196e-02   5.1273998e-02  -1.1217678e-01   2.7870000e-01  -1.5130769e-01  -5.6104632e-02  -8.6866165e-02  -9.3380801e-02  -1.2625258e-01   5.8951187e-02  -1.3174205e-01   1.3551220e-01  -2.9880294e-01   1.9270278e-01  -4.3601809e-01   1.0125188e-01   1.6381528e-01   3.1920246e-01   2.9028647e-01  -9.5690326e-02   1.7408717e-01   3.1610323e-04   1.3629905e-01   3.6214264e-02  -2.3930160e-01   1.9103213e-01  -1.2118202e-01   6.8309778e-02   2.2311069e-01   9.1263834e-02  -1.7406683e-02   1.4932635e-01   1.0355177e-01  -1.3993975e-02   3.3349084e-01  -6.4205064e-02   2.2307412e-01   1.5421220e-01  -4.6078020e-01  -2.1533031e-01   5.8556973e-02  -6.1277473e-02  -5.9826249e-02  -6.8736961e-02  -1.0606868e-01   6.7200553e-02   3.2190269e-01  -4.4365222e-02  -1.7591094e-01  -3.2606201e-01  -6.5698366e-02  -1.4837629e-01   6.8730741e-02  -7.6251517e-02   5.3965007e-01  -4.7139895e-02  -2.6503194e-01   5.2276732e-01  -1.3855032e-01   1.6471650e-02  -1.6348050e-01  -7.1589873e-02   2.7793008e-02  -2.0525967e-01  -3.4266396e-01  -4.2063843e-01  -3.9381115e-02   2.5351045e-02   3.2235082e-01  -5.0387721e-02  -6.3580062e-02   4.2362153e-01   8.5021173e-02   3.7103620e-01  -3.3585174e-01  -3.4132385e-01  -1.8110773e-01  -8.0505751e-02  -1.8789166e-01   6.7225532e-01  -4.1191931e-01   1.2967380e-01  -2.0445041e-01   1.5756398e-01  -1.2262468e-01   1.9912709e-01   1.3375231e-01   5.3921546e-02  -1.4678524e-01   9.0006512e-02   3.1185697e-02   9.5957779e-02  -5.2855542e-02  -5.4752687e-02   1.2033209e-02   1.5753331e-01  -1.0694652e-01  -1.8599470e-01   4.1940319e-01  -1.9743929e-01   3.1999213e-02  -2.8268461e-02
  -1.2216818e-01  -1.5861158e-04   5.8472328e-03   1.8923469e-01   2.9958432e-01  -2.1415750e-02  -1.6301142e-01  -1.4419251e-01   4.2188061e-02   1.3798977e-01   1.2643166e-01  -1.1992967e-01   0.0000000e+00  -4.1698725e-02  -1.8125016e-01   1.2046153e-01   4.8177014e-02  -1.3732574e-02  -6.7358899e-02   2.2356619e-01  -1.0140688e-01   1.3596881e-01  -2.0199374e-02  -1.4991706e-01  -1.5070487e-01  -1.9063767e-01   7.5687653e-02  -2.0586770e-01  -7.1036868e-02   1.2012391e-01  -5.8411700e-02   1.2788761e-01   7.2216385e-02   3.5535763e-02  -4.9028666e-02   2.0052351e-01   1.5746281e-01  -3.6515907e-02   3.6232932e-01   1.5861330e-02   7.0235188e-01   4.9093353e-03   7.7260334e-02  -1.0064797e-02   1.0399580e-01  -2.9215965e-02   1.6088889e-01  -1.1661302e-01   1.2177429e-01  -6.5924314e-02   5.8748500e-02  -1.5600286e-01   5.4587859e-02  -1.1265777e-01  -1.3691760e-01   1.6334038e-01  -1.1981405e-01   8.4870577e-02   1.1967569e-01   5.1083589e-02   9.4756535e-02   2.4734605e-01   8.4414386e-03  -1.6025960e-01   1.1623894e-01   8.4172201e-02   8.5662978e-02  -1.6289865e-02   1.3357718e-01  -8.8131542e-02  -5.5880316e-02   8.7093430e-03   3.8314793e-01  -1.3241608e-01   1.6168023e-01   1.0653635e-01   8.1525688e-02  -6.9207121e-02   3.2736992e-01   5.4242585e-02  -1.9442928e-01   4.1298449e-01   1.5995491e-01  -2.1011226e-01  -2.1605145e-01  -4.8692509e-02  -9.7278734e-02  -1.6473435e-01   1.5699118e-01  -1.6615678e-01   1.6222672e-01  -2.1949318e-02   1.1238190e-01   1.6055954e-01   1.6544450e-01   2.6789361e-01   9.0455366e-02   7.6321041e-02   9.4606002e-02  -2.3304015e-02  -3.2409187e-01  -1.5040789e-01  -4.5885810e-02   1.2571376e-01   4.7307603e-02   1.7478795e-01  -4.3760848e-02   1.3270197e-01   2.0545879e-02   7.0307206e-02   6.5442960e-02   6.8817250e-02  -6.5209785e-02  -1.4591082e-01  -2.1636836e-01   1.6216719e-01  -3.7966982e-02   6.9165906e-01  -2.5360868e-01   1.6353592e-01   6.0762750e-02   1.5851538e-01   1.6268685e-01   3.1423763e-01  -1.6361901e-01  -1.3872357e-01   4.0833097e-02   1.0534974e-01   1.7505984e-01  -9.6813470e-02   5.7830169e-01   1.7776612e-01  -1.0210345e-01   1.0215718e-01  -4.5269835e-02  -2.2754214e-01   1.5052803e-01  -2.7971845e-01  -3.9092409e-02  -8.9040157e-02  -1.7741847e-01   6.2677688e-01   8.6711149e-02  -2.1369882e-01  -6.1662813e-02   2.2107277e-01  -9.4960633e-02   1.9808146e-01   9.6651672e-02  -1.2863341e-01  -1.9545725e-01  -1.9752673e-01  -1.8340934e-01   2.7989297e-01  -3.6211576e-02  -8.4051392e-02   4.3188691e-02   3.1841252e-01  -2.8680148e-02  -1.4930882e-01  -1.3888483e-02   1.7118685e-01   1.4642952e-01   1.0207140e-01   1.6878797e-01   1.4515678e-01   8.4536434e-02  -1.8008709e-01  -1.0231968e-01   1.1660069e-01   9.3041892e-02  -4.3745211e-03   1.6634661e-01   3.5738133e-02  -2.2197951e-01   3.3415151e-02   1.7309613e-01
   2.3042591e-01  -1.0054055e-01  -6.8817481e-02   2.1458652e-01  -3.7383652e-01   8.8784679e-02   2.1299764e-01   1.6839419e-01  -2.5131396e-01  -1.6911056e-01   3.0883960e-03   3.0785266e-03  -4.1698725e-02   0.0000000e+00   3.3262411e-01   3.0929393e-04  -2.5733377e-01   3.3747033e-01  -1.5554345e-02  -3.0175489e-01   4.4791844e-01  -4.8810363e-02   2.7551249e-01   3.2591985e-01   6.0211037e-02   2.8280263e-01  -2.7514409e-01   4.6943972e-01   5.5881133e-02  -2.4276289e-01   4.9243151e-01   1.3331157e-01   1.8592784e-01   8.1720189e-02  -4.8467040e-02  -1.3924752e-01  -1.4159422e-01   1.6867148e-02  -1.0142190e-01  -1.5620841e-01   3.1912935e-02   7.4748188e-02  -1.6413913e-01   2.4561864e-01   6.4284122e-02  -8.3470105e-02   1.7925673e-01  -6.5926335e-02   9.7296047e-02  -2.6357679e-01   8.1216845e-02   2.1185479e-01  -2.6693293e-01   3.1715264e-01   6.8727823e-01   1.1957776e-01   1.5299742e-01   1.3057227e-01   5.3418650e-02  -2.2599217e-01  -6.3988988e-02  -1.1230694e-01  -1.0773261e-01   3.8057437e-01   1.7143539e-01  -1.4453590e-01  -4.3137474e-02  -1.1563962e-02  -6.9457618e-02  -1.1530137e-01  -2.7159340e-01   2.9548391e-01  -1.2068122e-01   4.9706281e-01   2.2084071e-01  -1.0854412e-01  -4.1225684e-02  -1.9760309e-01  -3.6051393e-01   2.0905053e-01   4.0832335e-01  -1.6077123e-01   4.8963518e-01   2.3776743e-01   5.0769196e-01  -6.0389047e-02   2.7935638e-01   4.2835082e-01  -3.8553277e-01   2.5211912e-01  -4.1848743e-01   8.7469664e-02  -1.8119948e-01  -3.0991676e-02  -1.1459262e-01  -4.4272791e-01  -3.9625384e-03  -1.6677768e-01  -1.1374650e-01   1.3624181e-01   5.1418818e-01   3.4873573e-01   5.5409151e-01  -2.6477424e-01   9.1168286e-02  -9.0975884e-03   3.2129154e-01  -1.2804528e-01   4.0246049e-02  -1.3320252e-01   4.8296871e-01   9.2059786e-02   1.1949432e-01   2.1805714e-01   3.8655197e-01  -3.7159038e-01  -1.9645881e-01  -1.6573442e-02   6.2351300e-01   2.1285171e-01   2.1694658e-01  -4.3958838e-01  -1.9571094e-01  -1.1689759e-01   9.8718179e-02   6.6949055e-01   1.0207418e-01   1.9731238e-01  -3.5714468e-02  -2.2781535e-01  -3.4904783e-01   1.2111127e-01   4.5252565e-01   2.1114042e-01   1.7674266e-01   9.0034352e-02   2.3269447e-01   3.4265194e-01   9.3730642e-02   1.1050659e-01   2.8310394e-01  -1.6020691e-01  -1.7169405e-02   3.8250731e-01   2.0011801e-01   6.4750000e-02  -1.9163757e-01  -3.1217553e-01  -1.5170979e-01   3.0827312e-01   4.9639770e-01   4.6428892e-01   5.3997895e-01  -1.5165988e-02  -2.2939160e-01   1.1712928e-01   1.2157798e-01  -8.3399062e-02  -7.8064610e-02   2.4653579e-01  -6.4026777e-02  -1.2506972e-01  -2.1242659e-01   8.9696491e-02   1.3330161e-01  -2.5011261e-01   8.3295255e-03   3.3341980e-01   4.7516154e-01   9.6310515e-03  -3.3063743e-01  -2.1277969e-02  -9.5860032e-03   2.9552229e-01   1.3618756e-01   1.9409343e-01  -5.0299830e-02
