   0.0000000e+00  -1.8831166e-01  -8.3394306e-02  -3.2168944e-01  -1.2346764e-01  -2.0579478e-01  -2.5878267e-01   1.1564769e-01  -6.4505184e-02  -2.2903010e-01   8.9099859e-02  -8.4474691e-02  -7.5516013e-02   6.7776515e-01  -1.0326893e-01   1.2461260e-01  -5.0433043e-02  -1.5500474e-01  -2.3111797e-01  -1.0329001e-01  -1.5287146e-01  -2.2832402e-01  -2.1416593e-01   7.9062542e-01  -1.3084160e-01   1.9852234e-01  -1.5485724e-01   6.1771498e-01  -1.2618246e-01   3.3920042e-03  -3.4643668e-01   1.5853435e-01   1.2953520e-01  -2.7428527e-01  -3.7491671e-02  -1.1255371e-01  -1.4369407e-01   8.2248598e-02   1.0809618e-01  -2.2197810e-02   2.2719325e-02   2.0459218e-01   8.2606258e-02   1.0491669e-01  -6.4916892e-02   1.6853270e-01  -1.5539550e-02  -1.5367104e-01   2.0672775e-01   1.7647085e-03  -7.4104987e-02   3.4108044e-01  -4.0868509e-01   1.9513744e-01   5.8866552e-01   1.6892740e-01  -1.5056119e-01  -8.5702767e-02  -1.8493873e-01   1.8733454e-01   1.8670930e-01  -6.4652224e-02   4.6778428e-02   1.8019636e-01   1.4668060e-03  -2.2228569e-01  -1.4634176e-01   3.1924148e-02  -9.0252641e-02   1.3081003e-02  -1.3707255e-01   5.7607283e-02  -7.2066146e-03   4.8038018e-01   5.1602674e-02  -1.2224324e-02   2.1404137e-01  -1.0002855e-01  -2.1980828e-02  -7.5434407e-02   3.3271573e-01   3.6656667e-02  -7.0425736e-02   4.7526935e-01   4.5611998e-01   2.4771716e-01  -1.1532522e-01   6.5863393e-01   9.8587504e-02   8.1459064e-01  -4.7900013e-02   1.9772906e-01  -1.7579435e-01   1.0026818e-01   1.8000867e-01   7.3187135e-02  -2.0546975e-02  -7.6177368e-02  -4.6880471e-03  -2.3236486e-01   4.7023141e-01  -1.7070363e-02  -2.7364136e-02  -1.1531265e-01   9.2532749e-02  -1.0035304e-01   7.8079388e-02   5.6616926e-02  -1.3829182e-01  -5.9963268e-02  -2.0149120e-01   1.8190237e-01  -1.3432462e-01   3.6098909e-01   6.2763263e-01  -1.3424032e-01   2.7572044e-02  -5.7632131e-02  -1.6911519e-02  -1.0211906e-01   4.8921332e-01  -9.9157611e-02   2.7609551e-02  -7.8373535e-02   1.2192263e-01   5.9447114e-01   6.1545766e-02   9.3268825e-02   4.5275084e-02  -1.2192275e-01  -2.0822819e-02  -1.9132805e-01   5.3284706e-01  -3.4431972e-01  -9.6396620e-03  -2.8841825e-02  -4.2095314e-02  -2.7237149e-01   8.6097163e-02   3.4809775e-01   7.8512153e-01   9.8951398e-02   9.6485017e-02  -2.1154524e-01  -1.4120510e-01  -6.3116880e-02  -1.9746158e-01  -2.4759820e-01  -2.2851412e-01  -2.6316377e-01   6.2471739e-01  -2.5679377e-01   5.7477193e-01  -1.8293414e-01  -8.2564949e-02   7.1200055e-01   4.6432062e-02   4.8323532e-02   1.7780589e-01   3.5898820e-01  -5.9094445e-03   7.3585000e-02  -2.7306566e-01  -4.3016073e-02  -9.4082854e-02  -1.3908913e-01  -8.4118863e-02  -9.2136985e-02   4.0398201e-01  -9.9829041e-02  -2.3518072e-01   9.2456340e-02   1.2469554e-01  -2.7658699e-01   3.3034739e-02   4.4799136e-02  -7.4074575e-02
  -1.8831166e-01   0.0000000e+00   1.9698125e-01   8.1306942e-02  -7.3267219e-02   2.1820786e-01   2.8601314e-02   2.7354469e-02  -9.1885020e-02  -2.0863207e-01  -2.4032798e-01   6.2584391e-01  -7.9648882e-02   5.5884530e-02   4.3317394e-02   2.4331583e-01   2.8082129e-01   1.1055585e-01   3.8426755e-01  -1.5570544e-01   2.3436196e-01   3.2192723e-01   9.3752039e-02  -2.8760002e-01   5.3098077e-02  -8.5630253e-02  -4.4758447e-01  -9.0492035e-02  -1.6815745e-03   1.8381605e-01  -3.0660034e-02   2.9831284e-01  -1.3372785e-01  -1.4740501e-01   6.0076513e-02  -2.9086002e-01   5.6780964e-02   2.4172079e-01   3.7301495e-01  -2.9813092e-01  -1.4142655e-01  -1.1810307e-01   3.5038249e-02   3.1924060e-01   9.4432965e-02   2.1761353e-01  -1.5445079e-01  -1.1439140e-01  -3.1785801e-01  -9.0237279e-02   1.2427069e-01  -1.5631917e-01  -9.1077385e-02   4.5956641e-02   1.9644557e-02   2.9586529e-01   3.6465210e-01   3.8071923e-01  -9.2611334e-02   2.0728640e-01   1.1186124e-01  -3.5471363e-01  -1.1666562e-01   4.4501203e-02  -1.0852779e-04  -7.1491956e-02   4.9330518e-02  -9.8182685e-02  -1.5846847e-01   4.7872903e-01  -2.5552877e-02  -1.6508697e-01   6.1864965e-03   3.3869293e-01   1.3869155e-01   4.1798173e-02   1.8946859e-01   1.2667967e-01  -2.4495464e-01  -2.9354812e-01   1.2450712e-01  -9.1999150e-02   1.9926712e-01   1.3365321e-01   3.3921223e-01  -9.3346705e-02   8.0465962e-02  -9.0031124e-02   1.1599273e-01  -1.2216772e-01  -2.4033391e-01   1.6112105e-01  -2.3722994e-02   9.7345838e-02   1.9419067e-01  -2.0690024e-01  -1.6304494e-01   1.7347662e-01  -9.1681558e-02   8.0647805e-02   1.5700658e-01   1.9066909e-01   4.6407698e-01   6.6889939e-01   1.6743556e-01   3.0532581e-01   8.0772890e-02  -1.8850238e-01   7.7421905e-02  -9.9520419e-02   1.7545306e-01   5.0106731e-02   7.0274414e-02   1.8385120e-01  -6.4887018e-02  -2.1260374e-01   2.4759780e-01  -2.0448925e-02   2.5486401e-01   1.4154789e-01   8.3518538e-02  -1.8375714e-01  -2.6848034e-01   1.1688911e-01   3.1751799e-01  -5.1956121e-02   3.3461953e-01  -7.5299105e-02   9.9985955e-02   3.0901745e-01   1.2455771e-01  -3.2235162e-01   2.5454914e-01  -5.1573068e-02   3.2142512e-01  -8.1660379e-02   2.2810698e-02  -2.8769150e-01   6.1103080e-02  -9.9471320e-02  -1.2804108e-01   1.0635073e-01  -1.9337535e-01   2.1074050e-01  -4.1676242e-02   3.8541973e-01  -2.8990812e-02  -1.3829826e-01  -3.7424499e-02  -4.6194646e-02   1.4819688e-01   3.0319341e-01   1.7945825e-01   2.1421446e-02  -2.0095209e-01  -1.3415617e-01   1.4045208e-01  -3.1881717e-01  -5.1104811e-02   1.1345383e-02  -2.1258795e-01   2.6435640e-02  -1.7490906e-01   1.0992736e-01   1.5317043e-01   9.8538500e-03  -1.0188322e-01   2.9341664e-01   7.6324381e-02  -1.2880441e-01  -2.4071671e-01   5.8964252e-02  -2.5494798e-01   5.2663208e-01   1.8268746e-01  -4.7433924e-02   1.9663785e-01
  -8.3394306e-02   1.9698125e-01   0.0000000e+00  -1.2521355e-01   4.0911563e-02   7.6413094e-01   1.0756861e-01  -2.7313604e-01   2.7394266e-01   4.1238096e-01  -2.8575041e-01   4.5604188e-01   9.2634509e-02  -3.7827668e-01  -1.3874294e-01   1.7590289e-01   8.4352823e-01  -2.1257658e-01   1.2964268e-01   3.3462935e-01  -4.6236402e-01  -4.1064709e-02  -1.8665422e-01  -1.0832673e-01  -1.3742870e-01  -1.5441057e-01   3.5829535e-01  -2.0260987e-01   2.1318184e-02   4.4207500e-02  -2.3261487e-01  -3.6817977e-02   8.9125838e-02  -2.2234401e-01   1.6842309e-01  -9.0384704e-02  -4.6591746e-01   3.3522982e-02   1.5507640e-01   5.4818684e-01  -9.4828827e-02   2.5862704e-01   3.1711495e-01  -2.0081836e-01  -4.0695722e-01  -8.0322469e-02  -6.9440067e-02   3.0987089e-02  -6.9943281e-02   6.9654023e-01  -2.6841921e-01  -8.6315703e-02  -1.0582802e-01   5.2856159e-01  -1.9067264e-01  -2.1090922e-01   3.4745415e-01  -7.8323842e-03  -3.2622925e-01  -2.0814618e-01   2.0956082e-01  -4.6621750e-02   2.5140046e-01  -1.1009820e-01  -2.5255912e-01   2.2296558e-01   5.7205668e-01   1.6649220e-02  -2.3217576e-01   3.3193867e-01   3.9588182e-01  -4.0116245e-01  -7.2515442e-02  -1.6667490e-01   1.3349854e-01  -5.7745836e-02  -2.0648257e-02   1.2481081e-01   1.4623161e-01  -1.0290107e-01  -2.0849811e-01  -2.0000998e-01  -4.1003531e-02  -1.3136911e-01   1.2290593e-01  -2.9929344e-01  -4.6140790e-01  -1.5100847e-01   3.4452810e-01  -4.1934612e-02   2.8323553e-01   3.9879598e-01   3.4585209e-01   3.4373566e-01   5.7327265e-02   3.8782611e-01   1.2689021e-01   1.4242864e-01  -4.2021425e-02  -2.7303605e-01  -1.0282014e-01  -1.9368574e-01  -3.6778751e-01  -1.7929094e-01  -4.3671343e-01   1.0724606e-01   4.4289943e-01   9.0394684e-03  -4.2975706e-01  -2.4392863e-01   5.4826881e-02  -3.6090620e-01  -1.4313225e-01  -3.0409524e-02  -8.7942392e-02  -7.0408228e-02   2.8982973e-03  -1.6082523e-01   2.6450084e-01  -2.4624838e-01  -5.0880284e-02   2.9321344e-01  -2.8070192e-02  -3.0149007e-01  -4.6209165e-02  -2.4371027e-01  -2.7546314e-01   1.4956913e-01  -4.6441171e-02   4.9188191e-01   1.4111487e-01  -2.7350211e-01  -2.1490243e-01  -2.8172874e-01  -7.5345644e-02  -8.3581899e-02   1.1672431e-01   1.7647627e-02  -3.0863151e-02   2.5784052e-03  -1.4309276e-01   7.1094247e-02  -2.3448761e-01   6.5500225e-01  -9.2572990e-02  -3.6229283e-01   4.3481687e-01  -6.3969480e-02  -2.3212978e-01  -4.0789040e-01   7.2680233e-02  -4.5350230e-01   7.3186307e-02  -5.2061861e-02   6.5411735e-01   3.9933889e-02  -6.1636058e-02  -3.2792410e-01   3.9484966e-01  -2.8046606e-01  -5.1572802e-02  -2.2599925e-01  -1.3312269e-01  -3.8035198e-01   3.3331879e-02   1.6815247e-02  -2.4249917e-01   5.9100981e-03   4.2434382e-04   1.5072955e-01   1.8376216e-01   4.3971592e-02  -1.0074757e-01   3.8123171e-01  -4.7981576e-03   1.4683418e-01  -1.9654717e-03
  -3.2168944e-01   8.1306942e-02  -1.2521355e-01   0.0000000e+00  -2.4504270e-01   6.9679645e-02  -2.2182952e-01   3.5408451e-01  -7.9489334e-02  -1.1995884e-01   1.3164900e-01  -1.4734792e-01   1.2015330e-01  -2.4372035e-02  -2.1494199e-01  -1.5323225e-02  -4.9412994e-02   2.4331932e-01   2.8512654e-01  -1.1031746e-01  -3.1182998e-02   2.9059318e-01  -7.7176243e-02  -3.5649124e-01   2.0379621e-01  -6.4682671e-02  -1.9187528e-01  -1.9156712e-01   1.6390500e-01   2.3457715e-02   4.0530400e-02   1.4210814e-01   1.7530543e-01  -1.4352826e-01  -2.4686674e-01  -3.5740145e-02   7.4840720e-03   1.2664558e-01  -3.5637148e-02  -2.0822948e-01  -1.0824281e-01   1.2847530e-01   2.0664053e-01   2.4148421e-01  -8.5546425e-02  -2.7880202e-02   1.2786667e-01  -2.4813654e-01   1.3728621e-01  -1.4647987e-01   5.1521977e-02   1.1021783e-01  -1.5911900e-01   5.5193293e-02  -5.4331179e-02  -1.0419538e-02   8.6871420e-02   2.1185937e-01   3.6149494e-01  -1.1444884e-01   1.3132663e-01  -6.6104689e-02   1.6289996e-01   9.2953660e-02   7.8294490e-02  -1.8509643e-01  -1.8560623e-02   1.9721311e-01   4.4723768e-01   4.4636426e-02  -1.5261492e-01   2.7383420e-01   3.2393840e-02  -8.0127906e-02   2.5386434e-01   2.3260490e-01   6.0517576e-02   1.6958488e-01  -2.9327913e-01   4.3860529e-01  -8.2636157e-02  -6.5957273e-02  -5.6257914e-03   2.2280494e-02  -1.6332189e-01   3.4959324e-03   3.3496427e-02  -1.6640745e-01  -7.9591878e-02  -4.2251364e-01   5.9810061e-02   5.3406968e-02  -8.3048388e-02   2.9499116e-01   1.0409795e-01  -1.1467007e-01   2.1652683e-01   8.9183829e-02   1.2450787e-01  -2.2776722e-01  -2.8339046e-01  -1.4525037e-01   2.0084693e-01   2.6406664e-01   7.6490690e-02   3.4603782e-01   1.3343338e-01   1.0471210e-01  -2.0079028e-01  -6.3860486e-02  -1.9614510e-01   1.9674390e-01   5.4931168e-01   8.2656032e-02  -3.3605339e-01  -2.0746540e-01  -1.4559050e-01   6.8137226e-02  -5.6888209e-02   6.3713663e-01  -1.2818914e-01  -1.8445131e-01   2.7501702e-01   1.6722610e-02  -2.9335230e-02  -1.6229860e-01  -5.0544379e-02   1.4203472e-01   3.1230558e-01  -1.2159921e-02  -8.8899850e-02  -2.3506134e-01   3.9846979e-03  -6.3647434e-02   2.8835841e-01   3.2472120e-01   3.9037364e-01  -1.0558977e-01   1.7906974e-01  -1.2244975e-01  -3.1815750e-01   3.6730622e-02   1.5122743e-01  -9.0423705e-02  -2.4108661e-01   1.4676809e-01  -2.2086117e-01  -6.6610508e-02  -7.9715878e-02  -1.0072908e-01  -3.2834048e-01   1.9568893e-01  -8.3936230e-02  -1.4061158e-01  -1.7015589e-01  -3.3430543e-01   7.5112419e-02   3.4259450e-01   1.9516012e-01   5.6153029e-03   9.3577454e-02   1.3469280e-02  -1.4764350e-01   4.1904237e-01   2.8452762e-01  -1.4479555e-01  -1.6063303e-01   2.5214603e-02  -1.1445646e-01  -1.0765876e-01  -1.8177261e-01   1.0186835e-01   3.7513614e-01   1.5139028e-01   2.1234326e-01  -5.6434037e-03   2.6442005e-01
  -1.2346764e-01  -7.3267219e-02   4.0911563e-02  -2.4504270e-01   0.0000000e+00   1.9802946e-01   1.5515423e-01  -1.6265871e-01   2.1317654e-01   2.8817145e-01   2.7179182e-01  -5.1752549e-02   1.8243399e-01  -3.1662663e-01   3.6784023e-02   4.5666825e-02   5.2301633e-02   2.8767431e-01  -6.0008192e-02   7.4588445e-01   2.5314825e-01  -3.7934982e-03   1.9740377e-01  -3.7634135e-02   5.1569055e-02   6.7112994e-02   4.0706069e-01  -3.2294022e-01   5.2412728e-02  -2.5930864e-02   8.9184707e-02   7.5628932e-02  -3.0262872e-01   3.1800257e-01   7.8016992e-02   6.0367325e-01   2.3509496e-01  -2.5255704e-01   9.8263898e-02   2.8673064e-01   2.1422180e-01  -2.8242191e-01  -3.0420392e-01  -1.3784902e-01   2.3423328e-01  -4.7904164e-02   2.1650359e-01   2.8621504e-01   2.4870146e-01   2.4471046e-01   1.4877581e-01  -5.7374109e-02   3.8161495e-01  -3.1421419e-01  -3.0899376e-01  -1.6951997e-01   1.7698038e-01  -1.1746981e-01   1.2761764e-01  -1.0348992e-01  -4.3045874e-02   2.8160030e-01   7.4293818e-02  -2.0554826e-01   2.4580267e-01   2.4261586e-01   3.0202755e-01  -1.0266502e-02   4.2468535e-02  -2.7697551e-01   7.2021989e-02   5.3385178e-02   3.9926194e-01  -2.7139815e-01  -2.7152443e-01  -1.0793297e-01  -8.2752122e-02  -5.1625903e-02   6.5173355e-01  -3.1386540e-01  -3.1142722e-01   2.0637905e-01   5.8671020e-02  -2.6864631e-01  -3.1141682e-01  -2.6932392e-01  -1.2538552e-01  -1.7752268e-01   8.0856841e-02  -5.8023245e-02   3.2389225e-01  -1.4838358e-01   4.5507969e-01  -2.8950768e-01  -5.9449193e-02   4.8740448e-01  -2.6239510e-01   3.6924503e-01  -4.1577695e-02   1.5534410e-01  -2.6222601e-01   5.6821045e-02  -2.8400296e-01  -2.6244763e-01  -2.1499211e-02   9.5656358e-03  -3.4981273e-01   5.0831771e-01   1.6883317e-01   2.7459723e-01   3.4482780e-01  -1.7021344e-01  -2.1365234e-01  -3.4163217e-01  -2.6404583e-01   5.3017876e-01   2.1345517e-02   2.4505533e-01  -2.1396051e-01  -3.1355897e-01  -1.5887120e-01   5.4117901e-01  -2.6043516e-01   2.4268592e-01  -1.2779254e-01  -2.1718091e-01   8.8801456e-02  -3.2435354e-01   6.3255844e-02  -7.5327028e-02   3.2511197e-01   6.2090542e-01  -3.5632481e-01   2.0018725e-01  -6.9415861e-02  -4.8772544e-02  -3.1887672e-01   1.5607784e-01  -2.4652389e-01  -1.6398028e-01  -1.2745509e-01   1.3603923e-01   2.5181487e-01   2.5399744e-02   1.6872840e-01  -5.7892016e-02   4.3273484e-02   3.8754642e-01   3.1449507e-01   2.4415749e-01  -2.8253586e-01  -2.1008494e-01  -3.0895326e-01   4.7765875e-01   2.0656561e-01  -1.5223305e-01  -2.0292287e-01  -2.9266584e-01  -1.3574885e-01  -2.6480428e-01  -1.3684647e-01   2.5187989e-01   4.8366025e-01  -9.3536346e-03   3.4957969e-02   5.5260736e-01   3.4024256e-01  -3.0897054e-01  -2.8401905e-01   5.1767657e-01   5.3911309e-01  -2.2384893e-01   6.4311124e-02   5.2591365e-02  -2.8185727e-01  -2.8332289e-01   1.6292871e-01
  -2.0579478e-01   2.1820786e-01   7.6413094e-01   6.9679645e-02   1.9802946e-01   0.0000000e+00   1.4089458e-01  -2.0927123e-01   1.9477226e-01   4.6268435e-01  -1.4104619e-01   3.6615742e-01   2.4069797e-01  -3.7860448e-01  -1.4894462e-01   2.2547828e-01   5.7739711e-01  -5.7170212e-02   3.0583583e-01   4.4608738e-01  -3.3658841e-01   1.1450056e-01  -5.0581136e-03  -2.1439542e-01  -1.0460440e-01  -1.3369741e-01   3.3452402e-01  -2.4658350e-01  -3.2889490e-03  -3.4369720e-02  -3.0514216e-01   4.0351727e-02   3.0071632e-02  -1.6721097e-02   2.1683090e-01  -3.0795045e-02  -1.9821555e-01  -6.4064700e-02   2.1133742e-01   4.6346007e-01  -6.1096710e-02   2.1241899e-01   2.5515957e-01  -1.0090036e-01  -2.4360575e-01  -1.5979393e-01  -1.0130628e-01   4.6378421e-02  -1.1051292e-01   5.7136098e-01  -6.5726192e-02  -6.8407005e-02  -7.4034625e-02   3.1485323e-01  -2.9968478e-01  -1.0605438e-01   5.9078644e-01   2.6289078e-02  -2.3028440e-01  -1.7138704e-01   1.3112463e-01  -2.7948106e-02   1.1428023e-01  -1.7071688e-01  -1.9233135e-01   2.6599674e-01   6.5063072e-01  -7.1551904e-02  -1.2847221e-01   2.1304969e-01   2.7538096e-01  -2.5621293e-01   1.3480967e-02  -2.1661614e-01   1.1443216e-02  -8.4596807e-02  -5.7799133e-02   9.5787638e-02   2.0897566e-01  -1.4939588e-01  -9.9957873e-02  -1.9012864e-01   5.8568057e-02  -1.0351092e-01  -1.0476449e-01  -4.2486446e-01  -4.3793411e-01  -2.0962437e-01   1.7999396e-01  -1.9662181e-01   2.4310837e-01   2.3859879e-01   5.3965353e-01   3.2298299e-01   1.1029675e-01   4.2835254e-01   2.4943786e-02   2.9273426e-01  -1.2807703e-01  -6.5993055e-02  -2.4395048e-01   7.0268502e-05  -2.9791628e-01  -1.3274427e-01  -3.2425688e-01   1.2051037e-01   1.8243441e-01   2.2707594e-01  -2.4137242e-01  -1.6854094e-01   2.2458740e-01  -3.0060325e-01  -1.1953550e-01  -7.4747912e-02  -1.2127598e-01   1.8163017e-02  -7.7295136e-02  -4.3282112e-02   2.6339029e-01  -6.3743931e-02  -1.6159869e-01   3.5619214e-01  -5.6285557e-02  -3.3873456e-01  -1.0328240e-01  -2.7410602e-01  -2.1083696e-01  -1.0470964e-01   1.9586345e-01   3.7896289e-01   2.1986927e-01  -1.0968615e-01  -3.1503088e-01  -2.7143189e-01   3.4874043e-02  -6.6165688e-02   5.5092352e-02   3.8012688e-02  -1.3993610e-01  -3.6955506e-02  -1.9806274e-01   2.3968874e-01  -1.5529478e-01   7.5426029e-01  -8.0438276e-02  -3.8436248e-01   3.9010267e-01  -2.4501079e-02  -9.1257405e-03  -2.1043226e-01  -1.1299601e-01  -3.2151846e-01  -7.3880447e-02  -3.6718032e-03   5.7341801e-01  -1.0008280e-01  -6.5161934e-02  -1.8397501e-01   2.2954701e-01  -2.8649362e-01  -4.6707503e-02  -7.4440538e-02  -7.5610788e-03  -2.2388409e-01   7.9549021e-02   1.9401228e-01  -1.6482960e-01   5.1995886e-02  -1.5649555e-01   2.8263649e-01   3.2787957e-01   5.3006637e-02  -1.2248172e-01   5.5388406e-01  -9.9275700e-04  -1.1617004e-01   1.6290694e-01
  -2.5878267e-01   2.8601314e-02   1.0756861e-01  -2.2182952e-01   1.5515423e-01   1.4089458e-01   0.0000000e+00  -5.4476306e-01   2.8707231e-01   3.3408976e-01  -3.1191604e-01   3.0304671e-01  -3.6379609e-01  -3.6534596e-01   6.9283976e-01  -2.3322002e-01  -3.8815345e-02  -1.5504783e-01  -2.9871449e-01   9.4143403e-02   3.0493309e-02  -2.2833442e-01   3.8274964e-01  -2.6871783e-01  -2.2536899e-01  -3.6360881e-01   3.6134699e-01  -3.9636574e-01   1.9959453e-02   9.1161224e-02   3.7280338e-01  -4.3061429e-01  -2.8608355e-01   5.6549519e-01   5.8230015e-01   1.8874766e-01   1.3309321e-01  -2.6548310e-01  -2.2807930e-01   2.2126780e-01  -1.8130471e-01  -3.0403690e-01   8.3357198e-02  -4.8765316e-01   4.0046338e-01  -1.7769110e-01  -1.2073582e-01   5.6116249e-01  -2.3973081e-01   2.6590156e-02   5.7343091e-02  -5.0536572e-01   5.4208720e-01  -1.0088319e-01  -2.2562145e-01  -3.2923723e-01  -9.9208164e-02  -2.1980787e-01  -1.6000003e-01  -1.2029825e-01  -4.0502624e-01   3.0505462e-01  -1.0213392e-01  -1.6054719e-01   4.4285882e-02   7.0742294e-01   1.5911718e-01  -2.6434788e-01  -4.2649850e-01  -1.3566000e-01   3.1020107e-01  -2.7717348e-01  -6.7497771e-02  -4.6207255e-01  -1.0020140e-01  -5.6157379e-02  -3.4982176e-01  -2.6541923e-01   1.7909904e-01  -2.0298365e-01  -1.2103380e-01   1.3312955e-01   4.9815170e-02  -5.0552701e-01  -2.8705895e-01  -2.5058322e-02   3.0594627e-01  -2.9605100e-01   3.9608966e-02  -3.3022357e-01  -6.6400333e-02  -3.6137330e-01   1.8024546e-01   3.4113039e-03  -3.9417330e-01  -8.3328241e-02   3.2208089e-02  -3.6499533e-01  -1.1807153e-01   5.5127766e-01  -1.2647790e-02   4.0918024e-01  -3.2639464e-01  -2.7504593e-01  -1.3020889e-01  -2.6403573e-01  -4.3723984e-02  -3.3096029e-01   2.4879590e-01   3.4846830e-02   3.5975569e-01  -4.6119860e-01  -2.8108521e-01  -2.0792457e-01  -1.4157801e-01   2.1087774e-01  -2.6086325e-01   6.5453498e-02   2.7967653e-02  -2.3165943e-01  -3.7206275e-01   2.5176082e-01  -7.9285962e-02   1.0002971e-01  -1.6481311e-01  -4.6044410e-01  -1.2175565e-01  -1.3673407e-01  -2.8864175e-01   3.6699450e-02  -1.9477262e-01   3.8335059e-01  -5.4169150e-01   5.3478041e-01  -1.2666621e-01  -2.7880000e-01  -2.3879285e-01   4.6863548e-01  -1.6653921e-01   1.8580361e-01  -2.0236560e-01  -4.5567610e-01  -4.2025127e-01   3.7446605e-01   6.5979897e-01  -1.0801825e-01   7.0537099e-01   2.7991036e-01   2.4650306e-01   4.6194073e-01  -9.5794380e-02   1.3157564e-01  -3.5891742e-01   2.2690090e-01   2.6466549e-01  -1.4109476e-01  -1.7056232e-01   8.7739282e-02  -2.8760716e-01  -4.3263561e-01   1.0952007e-01  -3.3054966e-01   4.5054206e-01  -4.1073620e-01  -2.4119179e-01   2.1585782e-01   1.2960746e-01   2.3309612e-02  -3.0640903e-01   1.0019700e-02   3.6481880e-01  -2.4601507e-01  -3.4880466e-01   1.1901603e-01  -3.0332091e-01   1.8449146e-01  -1.8684405e-01
   1.1564769e-01   2.7354469e-02  -2.7313604e-01   3.5408451e-01  -1.6265871e-01  -2.0927123e-01  -5.4476306e-01   0.0000000e+00  -2.7910805e-01  -3.3942057e-01   1.9606292e-01  -2.0340881e-01   2.1871183e-01   4.1580217e-01  -4.6467175e-01   1.6463575e-01  -1.1975981e-01   1.7508693e-01   1.3388894e-01  -1.4248864e-01   9.6568636e-02   5.4346374e-01  -4.2618052e-02   2.1894588e-01   1.4043249e-01   3.6237089e-01  -4.5472736e-01   3.5481082e-01   1.4700542e-01  -7.5125294e-02  -3.0788947e-01   5.2172745e-01   5.7267388e-02  -2.9453318e-01  -3.1783183e-01  -2.1492313e-01   1.2940159e-01   4.3697621e-01   1.1390089e-01  -3.9195997e-01  -7.9310860e-02   3.3931782e-02   9.5432962e-02   5.3742669e-01  -1.1518801e-01   3.1241476e-01   7.5766640e-04  -3.9362832e-01   1.2166217e-01  -2.0725876e-01   1.2294653e-01   6.4269949e-01  -4.4011648e-01  -7.0034783e-02   7.5190242e-02   3.4292154e-01   1.0686020e-01   5.7095342e-01   1.4944473e-01   3.9497098e-01   4.0731408e-01  -3.0273005e-01  -8.1543252e-02   1.0811201e-01  -5.1379201e-03  -4.1123197e-01  -3.7240544e-01   6.9938332e-02   4.5739617e-01   1.4110655e-01  -3.8979544e-01   2.8980041e-01   5.8444384e-02   4.8063811e-01   1.0112531e-01   4.8810015e-01   4.3012804e-01   3.5222705e-01  -3.9378333e-01   7.9315974e-02   2.7915153e-01  -1.1364902e-01  -1.0095313e-01   5.2217496e-01   1.4950571e-01   2.0377832e-01  -1.2467295e-01   2.3031983e-01  -1.3059299e-01   1.9372549e-01  -9.5419876e-02   1.6678658e-01  -3.0224635e-01   1.4156330e-01   3.1297603e-01  -7.0295692e-02  -1.0335108e-01   3.3393697e-01   8.0647340e-02  -1.7322651e-01   2.3611653e-02  -1.5153880e-01   3.1328723e-01   2.6680647e-01   2.1653419e-01   5.2273895e-01  -9.8403329e-02   2.8647178e-01  -6.6228414e-02  -1.3489177e-01  -2.3565200e-01   5.6343262e-01   3.2903362e-01   3.1918932e-01   8.5195497e-02  -2.4017413e-01   2.7141175e-01   2.8335051e-02  -2.1855394e-01   2.5898243e-01   3.7952339e-01  -3.3657798e-01  -6.1824833e-02  -1.0161463e-01   3.7955999e-01   4.5047941e-01   1.3699123e-01  -4.3706860e-03   5.4590677e-01  -2.1961257e-01   6.8543228e-03  -3.8397872e-01   4.4887007e-01  -2.5452088e-01   4.2679178e-01   5.9547722e-01   1.3435109e-01  -3.3093114e-01   5.2613457e-01  -2.0849286e-01   9.2965353e-02   3.6559307e-01   5.2742962e-01  -4.0380211e-01  -4.6714870e-01   1.7289850e-01  -4.9947434e-01  -1.8103270e-01  -1.4401248e-01  -4.2420238e-02   1.7731966e-01   1.6368954e-01   2.0533931e-01  -2.4627264e-01  -4.4891786e-01   8.1581703e-02   2.7253265e-01  -1.2875516e-02   6.7548765e-02   3.8732816e-01  -1.7569211e-01   4.2151032e-01  -2.6866964e-01   4.7102477e-01   5.9367702e-01  -2.5442480e-01  -1.2151916e-01   1.5952779e-02   5.9678858e-02  -3.7121186e-01  -3.6607693e-01   3.5326718e-01   2.7602091e-01  -2.4977271e-01   1.4764397e-01  -1.7933739e-01   4.7717934e-01
  -6.4505184e-02  -9.1885020e-02   2.7394266e-01  -7.9489334e-02   2.1317654e-01   1.9477226e-01   2.8707231e-01  -2.7910805e-01   0.0000000e+00   9.4841404e-02  -1.8918516e-01   3.8621860e-02  -7.8482521e-02  -3.6136295e-01   1.9132426e-02  -3.1912075e-01   3.1640901e-01  -1.3173770e-01  -1.6329606e-01   1.4481286e-01  -3.0845452e-01  -1.5226656e-01  -3.5190359e-01   3.5316239e-02  -2.9089073e-02  -4.2695130e-02   3.5317671e-01  -2.9523176e-01   3.3746631e-01   5.1069301e-01   3.4191803e-01  -1.6187182e-01  -3.8781027e-04  -1.3279430e-01   2.6717777e-01   4.8300971e-02  -1.7865672e-02  -2.1278740e-01  -6.9377793e-02   5.3421826e-01  -1.5446812e-02  -1.2621256e-01   3.4833312e-01  -4.2460420e-01  -6.2895366e-02  -2.0332921e-01  -8.5976768e-02   6.8562787e-01   2.7550213e-01   3.7380113e-01  -3.3080720e-01  -1.6212581e-02   4.4336181e-01  -7.1218734e-02  -2.9490033e-01  -4.0443295e-01  -1.3288037e-01  -9.1408204e-02  -9.2243355e-02  -2.1166223e-01   1.4607686e-02   1.3403625e-01   6.7562721e-01   1.9829498e-01   4.0221445e-01   2.4786577e-01   4.7585164e-01   1.4847413e-01  -2.6045467e-01  -2.9742859e-01   5.7277047e-01  -3.9702345e-01   1.2531740e-02  -4.5422554e-01   6.1958731e-02  -4.0166936e-02  -2.3843444e-01  -1.3335469e-01   5.1875788e-01   3.8468844e-02  -3.9080645e-01  -2.0430043e-01   2.0064773e-01  -2.7790750e-01  -2.8557321e-01  -1.9592886e-01  -5.3044205e-02  -2.3698887e-01   4.8642099e-01  -5.7650805e-02   5.2778955e-01  -1.8745705e-01  -9.8289516e-02   2.3729041e-01  -1.3110853e-01   3.3036357e-01   4.4461726e-02   8.3811496e-03   3.5196551e-02  -1.7497370e-01  -2.2420778e-01  -1.6993012e-01  -5.5345271e-01  -1.8309859e-01  -4.7422396e-01   1.0531367e-01   7.1457231e-02   1.2680865e-01  -2.2690848e-01  -1.4669063e-01  -1.8746074e-01  -3.8235167e-01  -5.6186298e-02  -1.6207493e-01  -3.1966982e-01   4.7714310e-01  -1.4503359e-01  -4.9964459e-02  -4.4633409e-03  -1.9928427e-01  -2.5869156e-01   5.0924254e-01   8.7845973e-02   2.7523724e-01  -3.1224931e-01  -3.2216288e-01  -4.2499263e-01   1.2096953e-02  -1.3263107e-01   1.0828972e-02  -7.4642577e-02   3.1024386e-01  -4.9088445e-01   2.9193774e-01  -6.4982443e-02  -5.4823931e-02  -6.3585738e-02   3.4767448e-01   7.6758596e-03   2.3976496e-02  -9.4351918e-02  -2.6106423e-02  -1.9540695e-01   1.5387950e-01  -5.2813355e-02  -3.9135463e-01   1.6710338e-01   1.0509445e-01  -2.0599220e-01   1.1391433e-01  -2.6596818e-01  -2.9330393e-01  -2.6352273e-01   2.9298771e-01   5.3444978e-01   6.7870994e-02  -1.2742470e-01   2.5245727e-02   9.9906647e-02  -3.6158868e-01   3.2504879e-02  -2.9692926e-01   4.9562423e-01  -3.5864535e-01   2.9301727e-02   3.6450358e-01   6.7875768e-03  -1.8924926e-01  -2.6274219e-01   2.5811489e-01   3.2571924e-01  -1.8813719e-01   1.6624539e-01   1.7039548e-01  -3.1829298e-01  -8.5623417e-03   6.1105465e-02
  -2.2903010e-01  -2.0863207e-01   4.1238096e-01  -1.1995884e-01   2.8817145e-01   4.6268435e-01   3.3408976e-01  -3.3942057e-01   9.4841404e-02   0.0000000e+00   7.2106072e-02  -1.7689084e-02   1.2444462e-01  -3.6183147e-01   1.9104657e-01   3.0946266e-02   2.4603879e-01  -1.7800766e-02  -6.9124293e-02   4.4822117e-01  -1.0181930e-02  -3.6671228e-02   4.0419727e-01  -2.1254622e-01   5.0903144e-02  -1.7166709e-01   5.8517373e-01  -2.8204266e-01  -4.7819650e-02  -1.8790275e-01   9.1016274e-02  -2.4211660e-01  -1.7135381e-01   5.1357283e-01   3.9922346e-01   3.2439347e-01  -1.3500762e-01  -3.1606530e-01  -3.5783582e-02   4.1926924e-01   6.0559937e-03  -5.1389482e-02  -5.4606872e-02  -3.2651820e-01  -4.5512203e-02  -2.7041923e-01  -2.9747500e-02   1.2513995e-01  -8.5969688e-02   4.2937965e-01   1.3365142e-01  -1.8829134e-01   2.6498802e-01  -7.1056671e-04  -2.1050570e-01  -2.5741137e-01   1.7349670e-01  -1.7400584e-01  -8.6663012e-02  -1.7874113e-01  -1.9642554e-01   2.7432374e-01  -3.7146459e-02  -2.8226887e-01  -2.8382189e-01   5.9082309e-01   2.6015177e-01  -1.1532164e-01  -1.0980444e-01  -1.3711790e-01   1.8506658e-01  -1.1803183e-01   3.5677192e-02  -4.4322597e-01  -1.7800259e-01  -5.4087014e-02  -2.9686624e-01  -1.2202244e-01   1.1992926e-01  -1.7287168e-01  -1.8743260e-01   7.3302704e-02  -2.2321753e-02  -3.4537962e-01  -3.0208191e-01  -2.6943588e-01  -8.3938721e-02  -1.9290805e-01   1.9712902e-01  -2.3605427e-01   2.1083750e-01  -1.2488773e-01   5.7908606e-01   9.8365718e-02  -1.3806591e-01   2.1545688e-01  -1.0147143e-01   7.4450873e-02  -1.2404115e-01   3.3248451e-01  -9.2977652e-02   5.4813751e-02  -4.0593472e-01  -3.6843007e-01  -2.0710212e-01  -1.9993889e-02  -7.1931506e-02   1.4478334e-01  -6.8500000e-02   1.4515347e-01   4.9916012e-01  -4.2514055e-01  -1.9894995e-01  -3.0724423e-01  -9.2094497e-02   9.9517689e-02  -8.5901829e-02   4.9903151e-02   6.8525453e-02  -2.6376755e-01  -3.5304618e-01   2.0394036e-01  -1.3764407e-01  -2.0206511e-01  -3.0009307e-01  -3.2780206e-01  -1.3570518e-01  -1.2495849e-01   7.7789490e-02   1.3640271e-01   1.6617050e-01   2.6737273e-01  -4.6363156e-01   1.3225162e-01  -2.0191999e-01  -1.4927835e-01  -1.8943467e-01   4.0784462e-01  -2.2130642e-01   1.7583906e-02  -2.7130921e-01  -5.3477099e-02  -6.0328297e-03   4.3507374e-01   3.5949357e-01  -2.6592303e-01   5.4050757e-01   4.1823238e-01   3.2747852e-01   4.2513658e-02  -1.8797059e-01  -1.9115637e-01  -3.8783377e-01   2.2827187e-01   4.3869268e-01  -1.6217907e-01  -3.0054043e-01  -1.0175646e-01  -6.1999277e-02  -4.3932531e-01   1.6470390e-03   4.3559472e-02   2.6924775e-01  -2.2225401e-01   1.4718325e-02   1.9714734e-01   2.1342412e-01   2.4049032e-02  -3.0693538e-01   3.2624721e-01   4.1607769e-01  -2.0628910e-01  -2.1258565e-01   3.3299440e-02  -1.8395710e-01  -6.9819827e-02  -7.6164089e-02
   8.9099859e-02  -2.4032798e-01  -2.8575041e-01   1.3164900e-01   2.7179182e-01  -1.4104619e-01  -3.1191604e-01   1.9606292e-01  -1.8918516e-01   7.2106072e-02   0.0000000e+00  -2.9023372e-01   3.6100831e-01   8.1030877e-02  -6.0774449e-02   2.3789009e-01  -2.2810106e-01   5.9311872e-01   1.7417764e-01   2.8436922e-01   3.6348271e-01   7.7540420e-02   3.0138237e-01   8.6590353e-02   3.3973998e-01   1.1737132e-01   2.4782569e-02   7.6846930e-02   1.3056334e-01   9.3513595e-03  -6.6143991e-02   1.4474548e-01  -1.8042925e-01   1.7266723e-01  -9.6819754e-02   5.0341246e-01   8.9882699e-02  -1.2842547e-01   1.1913585e-01  -2.4685897e-01   2.7627276e-01  -1.1877677e-01  -1.0363627e-01   3.9598935e-01   1.7865777e-01   9.4388980e-02   6.3393754e-01  -3.8330106e-01   2.5600992e-01  -1.0990259e-01   5.8673221e-01   2.0442532e-02  -9.4991443e-02  -2.4428436e-01   7.8757672e-02   1.9593521e-01   1.0987024e-01  -5.3196321e-02   2.6376892e-01   1.3701079e-01   6.1956606e-02   2.9492362e-01  -3.3474222e-02   2.1958798e-01  -1.9782221e-02  -2.5419859e-01  -1.0927768e-01   6.5021562e-02   5.2385014e-01  -6.4648964e-02  -4.6959880e-01   6.0209687e-01   4.0982978e-01   4.6988811e-02  -1.6304616e-01  -1.2479152e-02   1.2635099e-01   1.0369883e-01   3.0269167e-02  -1.2014130e-02  -1.8729188e-02   2.2658235e-01  -1.1067115e-01   3.6949964e-02  -5.0719058e-02   1.0772399e-01  -1.5914434e-01   8.6450589e-02   1.0158901e-01   2.4442735e-02   4.5717224e-02   2.9335752e-02   3.3879326e-01  -2.0477587e-03   1.3293558e-01   5.6130277e-02  -1.4930471e-01   2.5470768e-01  -1.8363908e-02  -2.4823584e-02  -1.6742378e-01  -3.4783945e-02   1.9186724e-01   7.6721604e-02   5.4904140e-01  -3.4306366e-03  -3.4741969e-01   3.7682036e-01   1.5755863e-01   5.9212516e-01   1.6225457e-01   1.8218107e-01   1.1066189e-01  -7.0863938e-02  -6.4671229e-03  -8.7987952e-02   1.1913494e-01   2.1366175e-01  -2.9839464e-01   4.3427638e-03   1.9037003e-01   1.6973376e-02   5.1354275e-02   1.1974536e-03  -1.6353205e-02   5.9095025e-02   3.7758605e-01  -6.7864879e-02   2.3086563e-01  -9.1755696e-02   3.1584053e-01   3.3428354e-01   4.9622707e-02  -1.9912943e-01   7.3578762e-02   1.0366548e-01  -1.1618319e-01  -1.7050187e-01  -1.4687515e-01  -8.3531681e-02   1.5587031e-01   1.6895311e-01   6.1352836e-01  -4.1708094e-01  -5.6183546e-02   2.1638377e-01  -4.3247740e-01   3.2332566e-01   4.3352970e-01  -8.3831221e-02  -1.2387703e-01  -1.2453004e-02  -6.9170565e-02   1.8950446e-01  -3.0697756e-01  -5.7258684e-02  -5.4878005e-02   4.8950359e-02  -1.5036983e-02   1.0748331e-01   4.7561611e-02   5.7848691e-01  -9.4944965e-02   6.6341978e-01  -8.8433144e-02   8.3306326e-02   5.6393457e-01  -8.2573654e-02   5.0634247e-02   3.4882451e-01  -6.0130213e-02   5.1654694e-03   3.7596625e-01  -3.1657746e-01   2.4297962e-01  -1.3776826e-01   9.3111333e-02
  -8.4474691e-02   6.2584391e-01   4.5604188e-01  -1.4734792e-01  -5.1752549e-02   3.6615742e-01   3.0304671e-01  -2.0340881e-01   3.8621860e-02  -1.7689084e-02  -2.9023372e-01   0.0000000e+00  -2.7937968e-01  -1.4441591e-01   1.8921526e-01   1.0983024e-01   4.8418621e-01  -7.4538655e-02   1.4278771e-01  -8.7735340e-03  -4.0044063e-03   5.2054327e-02   5.6763300e-02  -1.2868979e-01  -7.7118814e-02  -2.2919128e-01  -9.2803674e-02  -3.1889629e-02   9.2121625e-02   3.5661156e-01  -1.5541961e-01  -2.3433418e-02  -2.5903626e-01  -5.0109677e-02   2.0910773e-01  -1.6479747e-01  -1.0922613e-01   1.0599204e-01   6.9381928e-02   2.0933734e-02  -1.6644048e-01  -1.4673279e-01   3.1356996e-01   3.3916734e-02  -5.8791652e-02   1.0364082e-01   1.0715270e-03  -2.3642273e-02  -2.7910800e-01   1.2202188e-01  -9.5723637e-02  -2.6097349e-01  -3.8415091e-02   2.3022164e-01   4.8554765e-02   2.5798322e-02   2.1955776e-01   1.2614940e-01  -2.8621586e-01   1.8726040e-01   3.2497976e-03  -2.1563330e-01  -4.2317984e-02  -8.3377717e-02  -1.3623261e-01   1.5771562e-01   2.3700012e-01  -1.6399530e-01  -3.4781802e-01   4.5467084e-01   1.2675938e-01  -3.1953146e-01  -8.0423754e-02   1.8041352e-01   1.9573027e-01   1.0087704e-01   4.7492581e-02   3.0269412e-02  -7.2142502e-02  -2.5652090e-01   6.3594126e-02   3.1195093e-02  -9.8978382e-03  -9.6936687e-02   3.1681557e-01   1.0346846e-01  -4.4727011e-02   4.9331803e-03   1.9842687e-01  -2.7811423e-02  -1.3712979e-01   9.5310936e-02   2.1195270e-01   1.2420329e-01  -1.0347271e-01  -8.3653002e-03  -9.8603182e-03  -2.5802455e-02  -1.0346181e-01  -3.5313835e-04   5.4816648e-02   1.8451239e-01   9.2462432e-02   1.9176859e-01   1.8099568e-02  -1.6285097e-02   2.9568832e-01  -3.4530881e-01  -2.1092225e-02  -7.7984938e-02   1.6945460e-01  -4.6393651e-02  -7.7189403e-02   1.1963417e-03   2.5598002e-02  -1.7672545e-01   1.1264393e-01   1.7466252e-04   1.2928696e-01  -7.2325796e-02   1.5132746e-01   1.0315517e-01  -6.8756500e-02  -7.4886547e-02   1.7708706e-01  -1.0521955e-01   2.4682718e-01   5.7899659e-02  -1.8968511e-01   3.7052825e-01  -2.8286651e-02  -3.4737824e-01  -2.7162791e-02  -6.4064060e-02   1.9258102e-01  -1.4379051e-01   5.9467430e-02  -2.0587574e-01   5.5167655e-02  -6.5511453e-02  -2.5924056e-02  -1.1109433e-01  -2.9248554e-01   4.1874874e-01   1.4415084e-01   1.1956196e-01   3.0236923e-01   2.5687283e-03   5.6423870e-02  -1.0576431e-01   2.9363165e-01  -5.9285216e-03   1.7293241e-01  -3.9398004e-02   1.3427063e-01  -1.3621821e-02   2.0397024e-01  -2.1499343e-01  -1.5580054e-02  -2.5784321e-02  -1.0009782e-01  -1.5449208e-01  -1.3524283e-01  -1.3639256e-01  -8.1516825e-02  -8.5317905e-02  -1.3989391e-01   5.4581434e-02   1.8278752e-01  -1.2106130e-01   6.2505062e-02   7.5743960e-02  -2.8680827e-01   4.1705699e-01   9.6745572e-02   2.5093897e-01  -6.2101136e-02
  -7.5516013e-02  -7.9648882e-02   9.2634509e-02   1.2015330e-01   1.8243399e-01   2.4069797e-01  -3.6379609e-01   2.1871183e-01  -7.8482521e-02   1.2444462e-01   3.6100831e-01  -2.7937968e-01   0.0000000e+00  -6.8196685e-03  -3.6477765e-01   5.0211698e-01   5.7013785e-02   2.5284396e-01   2.1084508e-01   2.7883629e-01  -1.0624035e-01   1.6863356e-01  -1.0732160e-01  -9.6328360e-03   1.3237083e-01   2.2276452e-01  -7.2494859e-02   1.9759756e-02  -6.0928506e-02  -2.1237922e-01  -2.5882034e-01   2.5877461e-01   1.5289708e-01  -1.0631595e-01  -1.0195605e-01  -8.6098109e-02   1.9115341e-02  -3.5291740e-03   5.3394376e-01   1.1205001e-01   4.1784687e-01   3.0203799e-01  -1.2036319e-01   3.2950962e-01  -1.0648039e-01  -8.2484101e-03  -5.2400030e-02  -2.3308608e-01   2.9412486e-02   2.5765528e-01   2.9918514e-01   2.7924152e-01  -2.3775003e-01  -1.0436578e-01  -1.2553813e-01   2.8169674e-01   2.3818092e-01   6.5774679e-02   1.8055528e-01   2.6462057e-02   3.0510602e-01  -5.0810903e-02   1.0760801e-02   6.9458996e-02  -1.1847474e-01  -1.2540379e-01   1.5363932e-01   1.2750250e-01   2.0338216e-01   1.2253361e-02  -7.8167627e-02   1.8230337e-01   3.6633654e-01   2.8193045e-02  -1.7352233e-01  -1.2877559e-01   1.7526678e-01   1.9211707e-01   1.6376710e-02  -8.2574712e-02   5.2890834e-02   8.4130613e-02   2.6156704e-01   1.7101677e-01  -1.9821201e-01  -3.3701113e-01  -3.0842904e-01  -8.8937726e-02  -3.9121212e-02  -2.5392670e-03   2.3815891e-01   3.2330298e-01   3.0225181e-01   8.4163353e-02   4.6292375e-01   3.3433724e-01  -2.6819937e-01   3.1437219e-01  -7.6790230e-02  -9.9567323e-02  -2.1622363e-01   6.6366722e-02  -2.8504618e-02   1.1601767e-01   4.9136159e-02   2.4937656e-01  -2.3107351e-01   5.3939485e-01  -1.0992889e-01  -2.9226429e-02   1.8527467e-01   3.6974296e-02  -4.2824492e-02  -9.7796800e-02   1.3956174e-02   5.5007466e-02   9.5236852e-02   3.9868757e-01   1.0653201e-01  -1.2742141e-01   1.7803460e-03   1.8488240e-02  -1.0855517e-01  -2.3024691e-01  -5.8909079e-02   9.4611133e-02  -3.8085527e-02  -1.0230461e-01   4.9272385e-01   7.0112694e-03   5.5798944e-01   4.5387865e-02   7.7735251e-02  -3.4088988e-01  -3.5753644e-02   2.7529772e-02  -1.6475477e-01  -9.3068162e-02  -1.5349486e-01  -3.9650838e-01  -2.2397295e-01   6.8912796e-01   2.9403840e-01   1.2989031e-01  -2.9422517e-01  -2.0884288e-01  -1.9136331e-01  -1.1451725e-01  -1.2827608e-01  -1.1098963e-01  -2.2394370e-01  -1.8254902e-01  -1.7671691e-02   1.5315951e-01   1.1092655e-01  -2.0207602e-01  -1.6631881e-01  -1.6431967e-01   2.2245869e-01   3.8596265e-02  -1.0764618e-01   3.8926989e-01  -5.4040918e-02   2.2207465e-01   1.6109864e-01   3.8447853e-01   1.6351188e-01   5.4168603e-02  -7.2439530e-02   2.7765011e-01   8.1878121e-02  -2.6034498e-03   1.0583347e-01   1.7956047e-01  -5.0523391e-02  -5.1166111e-01   2.9798261e-01
   6.7776515e-01   5.5884530e-02  -3.7827668e-01  -2.4372035e-02  -3.1662663e-01  -3.7860448e-01  -3.6534596e-01   4.1580217e-01  -3.6136295e-01  -3.6183147e-01   8.1030877e-02  -1.4441591e-01  -6.8196685e-03   0.0000000e+00  -1.2234470e-01   1.3801054e-01  -2.9340880e-01  -8.3179052e-02  -1.3636980e-01  -3.5327593e-01   1.1997133e-01   5.2524068e-03  -2.5014408e-02   5.7795409e-01  -7.0227681e-02   1.2811040e-01  -4.7184296e-01   6.3050288e-01  -1.8148304e-01  -1.3519559e-01  -2.5817200e-01   2.0669878e-01   1.6022786e-01  -1.9442843e-01  -1.3820824e-01  -2.4360481e-01   1.1087623e-01   1.7582833e-01   8.0836504e-02  -4.3636116e-01  -1.1468809e-01   1.2866545e-01  -5.8992059e-02   3.6529031e-01   6.8148611e-02   1.9960368e-01  -7.0595063e-02  -3.1949701e-01   6.4524659e-03  -3.6980583e-01   1.2401613e-01   3.6195249e-01  -4.0611952e-01   1.4756729e-02   5.6199905e-01   3.6907259e-01  -1.6083842e-01   5.9822678e-02  -5.9553349e-02   3.3268108e-01   1.3017060e-01  -1.2392863e-01  -2.5310411e-01   2.0456565e-01  -3.1796503e-02  -3.9125185e-01  -4.1336836e-01  -5.3230759e-02   3.8970347e-02   9.8744817e-02  -4.0179436e-01   2.5176096e-01  -1.4832287e-01   6.4783971e-01   1.6436256e-02   1.0433491e-01   2.5267286e-01  -2.9485449e-02  -3.9381186e-01   1.7270997e-04   5.4098761e-01  -5.7194975e-02   1.1876736e-02   6.0306707e-01   4.5631186e-01   2.7771606e-01   2.8999173e-01   6.6673504e-01  -1.5843555e-01   5.5559963e-01  -3.3094347e-01   8.1621319e-02  -3.6055403e-01   2.1692825e-02   2.0852974e-01  -2.8279923e-01  -1.0356774e-01  -8.6139126e-02   5.8805602e-02  -6.9183830e-02   5.8548768e-01   1.1333104e-01   4.2977187e-01   3.0093558e-01   2.9859714e-01  -1.4872213e-02  -4.4760940e-02  -3.3853690e-02   5.7303324e-02   2.2370522e-02  -1.7604780e-01   4.2029229e-01   6.9631728e-02   3.7699784e-01   5.9481629e-01  -3.0328967e-01   7.2748309e-02  -1.5876891e-01   1.0848911e-01   2.0007085e-01   4.2246443e-01  -4.4095543e-01  -2.8966541e-02  -8.0708224e-02   2.0594078e-01   7.0357791e-01   2.2843526e-01   8.1600737e-03   1.4022220e-01  -1.6232128e-01  -2.2858178e-01  -3.1947063e-01   7.2586487e-01  -2.2763542e-01   1.1148703e-01   1.0951477e-01  -1.1394890e-02  -2.6888308e-01   1.5137531e-01   1.8112909e-01   5.4992876e-01   5.9148136e-02   1.9119721e-01  -3.3768999e-01  -2.0827590e-01   2.9224883e-01  -3.9507574e-01  -1.9991154e-01  -9.0151008e-02  -1.0310149e-01   5.3851678e-01   2.8802417e-01   5.1275819e-01  -2.9939335e-01  -4.6322620e-01   4.7126512e-01   1.5733479e-01   9.2956178e-02  -1.4817412e-02   5.0244293e-01  -7.7822151e-02   1.6314747e-01  -3.3700183e-01   2.1148416e-01  -1.9111319e-02  -3.0656435e-01  -1.2329893e-01   1.2890611e-01   3.4580221e-01  -2.5156450e-01  -5.1313957e-01   1.4122111e-01  -1.4129751e-02  -2.4315045e-01   1.2976529e-01  -4.8561325e-02  -3.1923899e-02
