   0.0000000e+00   1.5601701e-01   4.8767671e-01   4.8651867e-02  -3.7388446e-02   1.4204166e-01  -6.1202126e-03  -6.0519104e-03  -2.8779121e-01  -1.5323608e-01  -3.4646488e-01   2.4757045e-01   5.5220451e-02   2.9025567e-01   2.5180263e-02  -5.9737801e-02   4.7049361e-01  -5.8369141e-02   3.2020622e-02  -4.5443723e-02  -1.9298234e-01  -2.4496193e-01  -1.6950595e-01   7.3450995e-01  -6.4531185e-02  -2.8390477e-02   6.5539860e-02   5.3394592e-01   1.0110648e-01  -2.3556723e-01   3.1961967e-02  -3.2282310e-01   8.0313688e-02  -1.0251623e-01   1.8617187e-01  -1.5363030e-01  -2.9238094e-01   1.6853537e-01  -2.8085310e-01   1.9536172e-01  -1.7029690e-01   1.2000163e-01  -9.8911703e-02   1.1926831e-01  -5.7545010e-02   7.3340171e-01  -2.6057351e-01  -1.7726192e-01  -2.3180571e-01   3.1803863e-01  -1.0857661e-01  -4.0229210e-02  -1.5115707e-01   3.5153541e-01   5.8195464e-01   1.3140446e-01   2.1313821e-01  -3.7897498e-01  -5.5883999e-02   1.5810953e-01   6.5793664e-01  -8.9782137e-02  -1.9370618e-02  -2.7424757e-01  -3.6059444e-01  -1.5225106e-01   4.9933963e-02   5.6352108e-02  -2.7444786e-01   4.8283363e-01  -7.5946426e-02  -2.0344737e-01  -1.8401377e-01   5.7802842e-01   1.7511164e-01  -4.7163163e-01   6.2054150e-01  -2.0763835e-01  -2.4535404e-01   1.4025486e-01   1.1560329e-01  -2.4092348e-01  -2.9394437e-01  -2.0002936e-01   5.2367491e-01  -2.8257606e-01  -1.8093527e-01   5.0498812e-01   1.2973720e-01   8.0749870e-01  -7.2359779e-02   6.0780435e-01  -5.6270134e-02  -2.2478997e-01   2.7666012e-01   8.5812345e-02  -1.5731776e-01  -1.2099295e-01  -1.4780549e-01  -1.3311639e-01   7.1537166e-01  -9.2381506e-02  -1.0456984e-01  -1.6575545e-02  -2.0644612e-01  -3.0110033e-01   4.6914482e-01  -1.9632174e-01   2.9207471e-02  -2.8284547e-01  -2.1265524e-01  -5.0573934e-02   9.0167667e-02   6.0191890e-01   7.8472079e-01  -2.6226008e-01  -9.3875570e-02  -4.3647376e-02   5.3342087e-01  -1.3315663e-01   7.0274689e-01   5.4430300e-02  -4.6741726e-02  -2.0167596e-01   7.1129002e-01   4.8606371e-01  -2.8480750e-03   3.1525177e-01  -2.9678629e-01   4.0802465e-01  -2.3300345e-01  -3.7630779e-01   3.6411484e-01  -2.0893949e-01  -2.8814064e-02  -4.4751590e-01  -1.7925611e-01  -2.8262921e-02  -2.5311150e-01   2.7032475e-01   7.8860733e-01  -9.0921292e-02  -1.6986962e-01   3.7255497e-01  -1.8605218e-01  -3.9770002e-01  -4.3408414e-03  -2.5387678e-01  -1.2299727e-01  -2.5525632e-01   7.2516236e-01  -3.5130913e-02   8.2292816e-01  -4.4804936e-01   2.7266869e-02   2.8154084e-01   6.6089247e-01   1.6477936e-02   6.1082140e-01   3.7228717e-02  -1.7902862e-01  -2.1432747e-01  -3.5172550e-01  -2.9778278e-01  -3.5830996e-01  -2.3212493e-01  -1.9703304e-01   6.6151270e-01   8.0165773e-01  -2.0592682e-01  -4.5541730e-02   8.4844364e-02  -1.2659581e-01   2.4620715e-01  -1.1332807e-01  -5.0724063e-02  -2.7121221e-01
   1.5601701e-01   0.0000000e+00   5.9007087e-01   2.0660536e-01   2.3331446e-01   3.4130595e-01   2.2889023e-01  -8.1356466e-02   1.3785097e-01  -1.4375757e-01  -4.3300756e-01   6.8507200e-01   4.3706250e-02   1.0559458e-01  -1.5893975e-01   5.1671582e-02   6.4648385e-01  -1.8450663e-01   1.9114655e-02   1.6538151e-01  -1.6907529e-01  -6.6612277e-02  -2.6105098e-01   1.9933977e-01  -1.3386728e-01  -4.3089652e-03   1.3839023e-01   2.1370427e-01   1.8515298e-01   2.0335544e-01   5.8294881e-02  -1.5362319e-01  -2.2458797e-02  -3.9700538e-02   3.4004554e-01   1.1456491e-01  -1.7701296e-01   2.8788995e-02   1.1615347e-02   3.9504186e-01  -6.8045572e-02   7.6407123e-02   3.3229781e-01   1.8422758e-01  -1.5903025e-01   1.4958319e-01  -1.8671321e-01   3.0808194e-01   5.0404553e-02   3.2482781e-01  -4.5449351e-01   1.1307262e-01  -5.1003681e-02   4.7196123e-01   1.5170495e-01  -1.5761863e-02   1.4282354e-01  -2.2519136e-01  -1.3754006e-01   7.9718432e-02   2.3471755e-01   1.3127401e-01   4.8646554e-01  -1.8060880e-01  -2.1225636e-01  -1.5585873e-01   4.2472652e-01   2.5219311e-01  -2.5250282e-01   1.3860503e-02   3.9444541e-01  -1.3968451e-01   1.4780628e-01   4.3821361e-01   1.6261889e-01  -1.6261662e-01   1.7826019e-01  -1.1587555e-01   1.1893356e-01   6.4064395e-02   1.5167767e-01   9.9703230e-02   8.4017234e-03   9.1517399e-02   4.7543153e-01  -1.4885571e-01  -2.2354540e-01   3.5593787e-01   3.9719247e-01   1.9364090e-01   2.7781801e-01   2.9448394e-01   3.8538357e-01   1.5917195e-01   2.0593071e-01   2.7068617e-01  -1.0226384e-02  -1.8362623e-01   3.0222796e-01  -1.3859251e-01   2.5679034e-01  -4.2058386e-02  -7.8884975e-03   2.7240242e-02  -2.5157932e-01  -1.0212785e-01   4.5477888e-01  -2.2854718e-01   3.3225398e-01   8.1728819e-02  -9.8535075e-02  -4.4536740e-03   3.7210458e-01   4.7293615e-02   2.7255599e-01   1.6322292e-01  -9.0963220e-02   1.9711323e-01   3.0746224e-01  -2.2522695e-02   4.6163334e-02   4.2329701e-01   3.7796199e-01  -1.5776277e-01   1.4345316e-01   4.0822380e-01  -7.4234075e-02   2.4706337e-01  -6.4047429e-02   1.8436204e-01   1.3538557e-01  -3.4429540e-01   4.9826599e-01  -5.7324425e-02   2.1697195e-01   6.5363083e-03   1.4100114e-01   3.1479144e-02  -2.0693926e-01   5.7903746e-02   1.5408526e-01   1.5561578e-01  -2.5935584e-01   6.5019147e-02  -7.2893157e-02  -2.7835859e-01   1.8825888e-01  -1.5403633e-01  -8.9869213e-02  -3.0386784e-01   1.9525163e-01   1.0195170e-01   2.3749920e-01  -1.8963871e-01   5.9557755e-01   1.0108212e-01   1.4767598e-01  -1.2862790e-01   2.5823986e-01  -1.4834044e-02   1.0059452e-01  -2.0155183e-01  -3.0038937e-01  -1.8314288e-01  -3.5949771e-02  -1.3390920e-03  -2.8762937e-01   9.4292802e-02   1.9419854e-01   3.1331156e-01   2.4180879e-01  -1.9244932e-01  -2.3452116e-01   5.6252957e-01   2.7524647e-02   1.8580168e-01   9.0482136e-02
   4.8767671e-01   5.9007087e-01   0.0000000e+00   1.7467211e-01   1.6450287e-01   3.8260666e-01   3.2542844e-01  -1.0972796e-01  -1.7076167e-02   3.9659245e-02  -4.2743321e-01   5.6934152e-01   1.1691368e-01   9.3306919e-02  -4.8057641e-02   9.2367596e-02   9.2591420e-01  -1.7642244e-01   4.8432998e-02   2.3129064e-01  -3.0225551e-01  -2.0106951e-01  -4.2489158e-02   3.9368499e-01  -1.5758954e-02  -8.8999898e-02   3.1617018e-01   3.9094425e-01   1.6586959e-01  -2.9782295e-02  -4.8340181e-02  -2.7890252e-01   6.3914234e-02   1.3621130e-01   2.0581766e-01   2.7010247e-02  -1.9908017e-01  -6.5203290e-02  -1.1344994e-01   5.9278438e-01  -8.8367372e-02   1.0116829e-01   2.9504398e-01   9.9892350e-02  -1.4950285e-01   4.6131246e-01  -2.7656855e-01   1.0800398e-01   8.5704007e-04   4.7024288e-01  -2.7784248e-01   3.9445869e-02  -1.2953153e-01   5.4723679e-01   2.9158495e-01   7.6049705e-02   1.6995616e-01  -2.8528660e-01  -8.7264075e-02   3.9263557e-03   5.8467255e-01   1.1566488e-01   2.1208885e-01  -2.9935372e-01  -4.3720668e-01  -1.6242170e-01   4.1762384e-01   1.8077808e-01  -2.6386180e-01   5.3091677e-01   3.0794199e-01  -2.2630667e-01  -4.4526964e-02   5.8527912e-01   1.1244329e-01  -2.5601140e-01   4.8841296e-01  -1.7649910e-01   5.1182900e-02  -1.9991025e-02   1.9012952e-01  -8.7989458e-02  -7.0804717e-02  -6.0988233e-02   4.8831079e-01  -2.2846177e-01  -3.1045785e-01   4.9028125e-01   2.2201113e-01   3.4311036e-01   1.1065638e-01   6.5559530e-01   3.5092032e-01  -3.2358441e-02   1.4592768e-01   3.0778013e-01  -1.0437625e-01  -1.1961908e-01   2.7490621e-01  -3.2559453e-02   5.4345306e-01  -1.9139317e-02  -2.5193495e-01  -8.8206546e-02  -2.8062514e-01  -2.7931207e-01   4.9279406e-01  -1.8096664e-01   2.8533447e-01  -2.0112408e-01  -5.0158736e-02  -9.9076917e-02   2.6938715e-01   1.1899062e-01   5.3302746e-01  -4.8857318e-02  -1.2887828e-01   1.8653676e-01   5.1020335e-01  -5.7955994e-02   2.3096836e-01   3.2975089e-01   2.2819479e-01  -3.1411613e-01   3.0108940e-01   4.6428801e-01  -1.4410271e-01   2.0145806e-01  -1.3365771e-01   5.9007796e-01  -1.1003156e-01  -2.6951432e-01   4.5481006e-01  -4.0345955e-02   7.9004922e-02  -2.1624569e-01   5.5790862e-03   1.1739853e-01  -2.7731015e-01  -2.4253952e-03   3.3869250e-01   1.6769769e-02  -1.6594292e-01   4.2089373e-01  -1.3183622e-01  -3.6443353e-01   3.9811443e-01  -3.2361291e-01  -1.1950096e-01  -1.9708572e-01   5.1256568e-01  -8.4337221e-02   5.7162223e-01  -3.5152730e-01   6.1384343e-01  -3.0051854e-02   3.0903395e-01  -9.2102691e-02   5.6790418e-01  -1.7893615e-04   6.6287659e-02  -1.0115299e-01  -3.3850200e-01  -3.0105806e-01  -1.5890021e-01   1.0212881e-01  -2.3842933e-01   4.0021672e-01   4.6459856e-01   2.4245118e-02   2.2159916e-01  -1.5147522e-01  -3.2969823e-01   5.4339550e-01  -6.1553616e-02   1.2610957e-01  -7.0189793e-02
   4.8651867e-02   2.0660536e-01   1.7467211e-01   0.0000000e+00   2.7531618e-01   3.4037471e-01   1.9528746e-01   1.4089253e-01   1.6114981e-01   2.1046645e-01   3.2986057e-01   2.9698541e-01   4.6770187e-01   6.4803449e-02   2.9797910e-02   3.6985293e-01   1.1216449e-01   4.6562111e-01   2.9708863e-01   3.8086500e-01  -9.7024331e-03   4.7977454e-01   1.6859317e-01   9.4921799e-02   5.7593403e-02   2.2028965e-01   1.4364016e-02   2.0068615e-04   9.6990982e-03   2.7026160e-01   2.0658398e-01   3.0349379e-01  -1.2910072e-01   8.0344355e-02   5.2358061e-01   3.9114059e-01   1.0034464e-01  -2.8033422e-01   3.0552325e-01  -3.3759042e-03   4.7016388e-01   9.1001667e-03   7.5798014e-02   2.5215878e-01   1.7351877e-01  -1.0273274e-01   3.8142321e-01  -9.1687574e-02  -9.4352119e-03  -1.7114609e-01   3.3186325e-01   1.1604944e-01  -1.2641498e-01   1.4978674e-01  -2.7895674e-02   2.0797611e-01   4.1289292e-01   4.6511211e-01   3.3715144e-01   4.2087062e-01   1.5308357e-01   3.0205152e-01   4.5277458e-02   7.1348227e-02   1.2377378e-02   2.8704089e-01   3.7064456e-02   1.3766835e-01   2.9689705e-01  -7.0741458e-02  -8.9393950e-02   2.5460424e-01   3.6807941e-01   8.7475377e-02  -8.3227644e-02   3.2175939e-01   1.0034021e-01   1.9093828e-01   5.0757543e-02   2.0988243e-01   2.4186466e-01   2.5326935e-01   2.0851796e-02   3.7330145e-01   4.5534058e-02   1.2405053e-01  -3.1061142e-01   5.4585656e-02   4.9061533e-02   1.8843824e-01  -1.8880298e-02   3.2302788e-01   2.6867890e-04   3.9888930e-01  -1.1162199e-01   2.3154949e-01   3.0826088e-01   2.9092330e-01   2.9395729e-01   2.0522669e-01  -5.6935110e-02   3.1726072e-01   2.5065215e-01   4.5640534e-01   4.6987626e-01   5.7125190e-01   3.8664483e-02   3.3370104e-01   1.3805317e-01   8.3627813e-02   2.5963050e-02   5.4846181e-01   1.9274179e-01  -2.2268567e-01   1.4349396e-01  -2.0306116e-01   2.3681453e-01   5.6839463e-01  -1.2101044e-01   3.9242856e-01   8.5678983e-02   2.7336010e-02   7.9928197e-02   9.0744260e-02  -1.0943818e-01   1.4773541e-01   2.0732993e-01  -8.5330936e-02   5.2970640e-01  -2.7624425e-02   2.9332049e-01   8.3398348e-02   3.9808934e-02  -5.6351522e-02   2.0199568e-01   3.0827861e-01   1.1023985e-01  -2.2459719e-02   1.7898921e-01  -8.5921833e-02   1.6682354e-01   1.3031940e-01   3.5900769e-01  -1.1613608e-01   1.7743166e-01   2.5930942e-01   6.0760195e-02   1.4144015e-01   3.4366089e-01   1.1344077e-01  -9.1779836e-02   3.7061447e-02   1.8442754e-01   2.0633638e-01  -4.6619712e-02  -6.1562918e-02   1.2256329e-01   3.0798732e-01   1.4346002e-01   2.4379690e-01   2.4442276e-01   4.5964215e-01   8.5355883e-02   4.4452403e-01   3.8754531e-01  -7.2062386e-02   2.4356459e-01   7.2596369e-02   1.6856529e-01  -7.2770081e-02   4.7919199e-02  -2.4821186e-01   3.5410084e-01   1.0179601e-01   6.5221816e-02  -8.3772014e-02   5.7944210e-01
  -3.7388446e-02   2.3331446e-01   1.6450287e-01   2.7531618e-01   0.0000000e+00  -1.2554488e-02  -9.6265236e-02  -1.6187684e-01   2.5808809e-01   3.5888675e-01   1.8324689e-01   2.0631524e-01   6.7971246e-01  -4.8756317e-01  -4.3056545e-01   3.2269246e-01   1.6760721e-01   5.3308183e-01   1.8508719e-02   8.9436269e-01  -3.0190915e-01   2.0445460e-01  -3.3835347e-02  -8.5570317e-02   2.9629142e-02   2.0861945e-01   2.2132940e-01  -2.8357067e-01   3.2748692e-01   2.2200067e-01  -1.9485354e-01   1.8645508e-01  -1.6489003e-01  -1.9262554e-01  -2.1716176e-02   7.9084630e-01   4.5213915e-01  -1.2424577e-03   2.8248287e-01   2.1972339e-01   5.0332745e-01  -1.5889630e-01   3.9455519e-01   1.9991988e-01   3.1807121e-01   1.4631022e-03   2.0757539e-01   1.0332496e-01   4.9157673e-01  -1.5423728e-02   3.6062580e-01  -3.8487584e-03   2.4051696e-02   1.2202890e-01  -3.1568832e-01   2.3337101e-01   1.4411977e-01   3.0459993e-01   1.2307406e-01   1.2195456e-01   1.5140517e-01   4.9134234e-01   3.9383242e-01  -9.4763109e-02   1.1602547e-01   5.1811246e-01   1.6609536e-01   2.6266528e-01   1.8650466e-01  -1.2026741e-01   1.5620792e-02   6.3296341e-02   4.2685312e-01  -1.4902097e-01   2.8366001e-01   2.7408963e-01   2.2528118e-01   2.1906039e-01   4.9502691e-01   6.4008472e-02  -2.9724821e-01   3.2676959e-01  -1.6736576e-03  -3.9906724e-02  -1.9226653e-01   2.3308255e-01  -2.5529523e-01  -2.6346203e-01   3.2161077e-01   1.6644965e-01   7.4180525e-01   1.7196169e-01   7.8683183e-02   3.1139306e-01   2.1455518e-01   8.3238982e-01   5.3743968e-01   2.9126784e-01   2.6702520e-01   1.8532085e-01  -2.9116397e-01   2.4348405e-01  -2.8542621e-01   3.9119407e-02   1.9467379e-01   2.8702938e-01  -2.6216874e-02   3.4074741e-01   4.9179321e-01   3.4589627e-01  -1.9384913e-01   2.5720408e-01   5.1669194e-02   4.1252317e-02  -1.6038913e-01   3.0746623e-01   2.7626701e-01   5.6021194e-01  -2.8148912e-01   1.5618655e-01  -8.3876049e-02   6.9614509e-01   5.1539060e-01   3.5680482e-01   1.1330371e-02  -2.6124735e-01   2.3882319e-01  -2.4233154e-02   3.8607292e-01  -3.8603653e-02   3.2957396e-01   5.4972479e-02  -1.8423364e-01   3.1181242e-02   9.4194001e-02   9.4123965e-02   2.5772854e-01  -4.0620211e-01  -5.8822453e-02   1.4186282e-01   7.7092094e-02   2.6182466e-01   3.0752139e-01  -2.9354777e-01  -1.8352073e-01   1.4266109e-02  -6.9605258e-02   6.0611785e-01   3.1449603e-01   1.3126812e-01  -2.4295548e-01  -4.5708382e-01   4.8580654e-02   2.9368153e-01   2.2176285e-01   1.3417992e-01   2.3898900e-03   2.0403047e-01   1.6074079e-03  -2.5110297e-01  -8.1643565e-03   3.7347136e-01   4.7218725e-01   6.6789950e-02   1.6453332e-01   4.8003809e-02   3.1923279e-01  -8.5946283e-02   8.5200528e-02   7.4464127e-02   4.7142357e-01  -2.6921399e-01   2.6906273e-01   9.2226958e-02   1.4738595e-01  -7.4004082e-02   3.9094815e-01
   1.4204166e-01   3.4130595e-01   3.8260666e-01   3.4037471e-01  -1.2554488e-02   0.0000000e+00   2.1176473e-01  -7.3284074e-02  -3.3146480e-01  -1.2987470e-01   1.2498363e-02   5.6443088e-01   1.2003646e-01   3.9560115e-01   1.8660444e-01   1.2628789e-01   3.9357831e-01  -3.1285694e-02   1.2967625e-01   1.1992149e-01   1.1241800e-01   1.4654440e-01  -8.9589274e-02   2.1322244e-01  -6.6842498e-02   2.7251925e-01   3.0277237e-03   3.8117337e-01  -5.7930392e-02  -2.4282106e-01   8.9046766e-02  -5.8679509e-02   1.3794848e-01   4.5918855e-02   4.0280468e-01   1.1052907e-01  -2.0391011e-01  -1.7618515e-01   6.9361563e-02   2.1781526e-01   6.8454992e-02   3.9256247e-01   1.3252123e-02   1.6592129e-01  -2.5831910e-01   4.2365160e-02   2.4951288e-01  -3.3776727e-01  -1.9148577e-01   3.5041802e-01   9.8879415e-04   9.2171102e-02  -3.7673270e-01   4.0287709e-01  -2.6630151e-02   2.9996928e-01   5.7044151e-01   1.3502188e-01  -1.1573447e-01   3.5324485e-01   2.6843146e-01   1.3424792e-01  -1.9660632e-01  -2.3098709e-01  -4.6414087e-01  -1.2569741e-01   5.3179844e-01  -2.0477226e-01   2.6511468e-01   8.5421786e-02  -1.5248708e-01   5.5458133e-02   4.1424507e-02   5.4672740e-01  -1.3387090e-01  -1.1768270e-01   7.0181926e-02  -1.0165318e-02  -1.8654553e-01   1.0313002e-01   4.7917826e-01   3.9265481e-02   3.9459312e-02   2.2723129e-01   5.2335770e-01  -1.2779180e-01  -5.2113240e-01   2.2486026e-01  -1.1780414e-01   9.8584436e-02  -2.2980803e-01   3.4888491e-01   5.9986624e-01   1.1043161e-01  -2.5078906e-02   1.5520155e-01  -1.4703506e-02   7.7299654e-02   5.9407431e-02  -2.1303384e-01   2.1878165e-01   2.5618297e-01   3.2517308e-01   1.2277929e-01   1.2228042e-02  -2.9652870e-02   3.2551896e-01   3.0363121e-01   1.5958649e-01   2.6225293e-01   2.0563494e-01   2.4518337e-01   1.3296650e-01  -1.7201277e-01   3.6985038e-01  -2.9093540e-01   1.5280683e-01   1.5298962e-01   2.4901950e-01  -4.8423221e-02   1.1065200e-01   2.0420553e-01  -1.6616660e-01  -4.0155874e-01   7.0414135e-02   5.3825512e-01  -1.0751756e-01   9.4590842e-03   4.4175309e-02   2.0145140e-01   1.8402717e-01  -1.6801646e-01   1.8696473e-01  -4.4646368e-01   3.9847626e-02  -9.9654077e-03   2.0332498e-01  -1.7853160e-02  -6.9635104e-02  -7.3291588e-02   1.3465041e-01   1.3604826e-01   1.4531293e-01   2.7706797e-01  -9.4084665e-02  -3.3218645e-02  -5.3534596e-02  -8.3728369e-02   3.3188685e-01  -2.8456719e-01   2.4334827e-01   3.2855574e-01   3.2272094e-01  -1.8155656e-01   1.1697410e-01   1.1398124e-01   1.7653228e-01  -2.9797992e-02   3.7150619e-01   3.6207344e-01  -1.3718806e-01   8.1394128e-02  -3.0226130e-01   1.2515599e-01   8.8181432e-02  -3.3963765e-02   4.6678404e-02   2.2957585e-01   2.9801532e-01   3.1377858e-01   1.8213709e-01   2.3827592e-01  -8.1731985e-02   5.0582590e-01  -3.1835798e-02   7.0481203e-02   1.2751072e-01
  -6.1202126e-03   2.2889023e-01   3.2542844e-01   1.9528746e-01  -9.6265236e-02   2.1176473e-01   0.0000000e+00  -2.9556927e-02   2.1574167e-01   4.4485622e-01  -2.0856248e-01   4.5257279e-01  -3.8668294e-02   1.3784458e-01   4.4209948e-01   1.2901761e-01   2.3704120e-01  -2.3146059e-01  -8.7760953e-02   8.9350108e-02   2.7559268e-02  -1.9087080e-01   5.0546355e-01   4.1672570e-02  -6.1762989e-02   8.0836995e-03   3.6126282e-01   8.3127060e-02   6.0046848e-03  -2.2453998e-02   2.2620856e-01  -4.5068082e-02  -1.6946282e-01   5.4442042e-01   1.2317492e-01   2.8305363e-03  -5.0527945e-02  -2.8814110e-01  -1.1434029e-01   4.7507255e-01  -8.7768152e-02   2.4120944e-02   1.1126698e-01   1.0398180e-01  -2.7018951e-02  -1.0197122e-01  -1.2412155e-01   4.2597677e-01  -1.2021231e-01   6.5831876e-02  -1.4336010e-01   6.5875610e-02   1.8842367e-01   2.5498496e-01   1.8330423e-01   9.3230343e-03  -1.7854096e-01  -6.8298329e-02  -1.1633971e-01  -2.1003626e-01   1.3545980e-02   2.3305400e-01   1.1938521e-02  -2.0318677e-01  -1.7508387e-01   2.3581352e-01   2.3469753e-01   6.4384349e-02  -8.7109551e-02   4.6516652e-01   4.8552791e-01   8.3481275e-02   5.1825228e-02   2.2311003e-01   5.0919070e-02  -1.2348593e-01  -4.8064058e-02  -1.4507701e-02   2.6285495e-01  -1.1463697e-01   5.1297382e-01  -9.9209282e-02   2.0509205e-01   1.4695340e-01   1.3156226e-01  -1.1523087e-01   1.3763520e-01   4.4066672e-01   5.6912935e-02  -5.5376377e-02  -1.0920089e-01   9.1181593e-02   1.7998279e-01  -1.6317915e-01  -1.8214422e-01   6.7776412e-02  -1.4418130e-01  -2.1929024e-01   1.0146773e-01   4.4074518e-01   2.2210027e-01   2.0621360e-01   1.2033763e-01  -8.2313977e-02  -4.5388391e-02  -1.3663624e-01   8.6636584e-03  -1.8901528e-01   8.5754548e-02  -1.3484858e-01   4.5388937e-01  -1.7173246e-02  -3.4806537e-02  -3.9540927e-01   3.2264734e-01  -1.3301801e-02   2.6608557e-02   1.3363838e-01   1.6217509e-01   1.2838829e-01  -9.8044331e-02  -3.2670203e-02   5.6919671e-02  -3.8716261e-01  -2.0377712e-01   1.8298498e-01  -6.3977002e-02  -1.1177510e-02  -1.4966851e-02   4.8796324e-01  -1.4720026e-01   3.4926250e-01   1.2311975e-01   2.1416599e-01  -2.4146348e-02  -1.1081602e-01   8.1518586e-03   5.8493664e-01  -5.6373725e-02  -3.1716090e-01   2.3321977e-02  -7.8580960e-02  -1.0870841e-01   3.7944421e-01   3.5038533e-01  -7.3861487e-02   7.7984643e-01  -2.3432908e-01   1.9963969e-01   1.3110785e-01   1.4955918e-01   2.2899045e-01   9.1829513e-02  -5.7960269e-02   3.3581940e-01  -2.1146557e-01   5.8073422e-02  -1.1995022e-01   3.2853375e-02   3.7492788e-01   2.4839465e-01  -2.2972197e-01   6.2381523e-02  -1.9666729e-01  -1.9436531e-01   4.1783100e-01   1.3927168e-01  -1.6966128e-01   1.5847881e-02  -1.8898386e-03   2.2080825e-01  -2.3852142e-01  -2.2258625e-01   1.3013220e-01   6.4903723e-02   1.3792490e-01  -1.4528382e-01
  -6.0519104e-03  -8.1356466e-02  -1.0972796e-01   1.4089253e-01  -1.6187684e-01  -7.3284074e-02  -2.9556927e-02   0.0000000e+00  -1.0838866e-01   1.6083537e-01   1.2315650e-01  -2.0468348e-01  -8.5126225e-02   1.6868464e-01   2.1371166e-01  -1.1915310e-01  -8.1623054e-02  -1.3063092e-01  -3.5357536e-02  -1.6820747e-01   2.7022694e-01  -6.2971473e-02   8.3950621e-02  -2.1305835e-02   6.1618034e-02   9.6374260e-02  -1.8503717e-01   1.1726373e-01  -1.7768780e-01  -9.3748469e-02   3.1106928e-01   1.8163534e-01   1.0014675e-02   3.8686919e-02  -2.9159381e-03  -1.0944044e-01  -8.4127371e-02  -1.9129977e-01  -2.9046744e-02  -1.7961142e-01   5.9622594e-02  -7.7367436e-02  -2.0940594e-01   4.3174992e-01  -1.3579227e-01  -6.3911018e-02  -3.1212584e-03  -9.7355701e-03  -4.5982393e-02  -2.4904081e-01  -1.1482264e-01   3.0741573e-01   1.4672305e-02  -3.6605922e-02   5.1274499e-02   8.0019555e-02   9.4428447e-02   3.7646762e-03   2.2749127e-01  -7.0386146e-02  -2.5235274e-02  -5.3658539e-02  -1.4918641e-01   2.3688204e-01   2.3235275e-02  -4.7728968e-02  -3.2192945e-02  -2.4186581e-01   7.2468752e-03  -1.7690114e-02  -4.7280873e-02   1.2147916e-01  -1.0478714e-02   5.0199549e-02  -1.0251053e-01   2.7737366e-02  -2.9565796e-02   1.0551988e-01  -6.6638965e-02   1.7511851e-01   2.2043047e-01   3.9656721e-02   1.5555402e-01   4.6249636e-01   5.5992416e-02   3.8643628e-03  -3.0687535e-02   1.5551918e-01  -1.0437981e-01  -6.1126107e-02  -1.8128708e-01  -3.4620481e-02  -1.0840992e-01  -5.3066280e-02  -1.4060458e-01  -2.0240491e-01  -7.9222752e-02  -1.1341060e-01  -4.7680577e-02   4.0686258e-02   8.5701707e-02   6.2832885e-02   2.3399577e-01   4.2874204e-03   9.5417754e-02   1.9874865e-01  -6.5144397e-02  -2.3132597e-02  -3.4183386e-02   1.5607741e-02   1.0963096e-01  -6.6072227e-02  -2.0675853e-02  -1.1238595e-01   5.9865834e-02  -3.8996842e-02  -5.0490519e-02  -8.5038485e-03   1.4859812e-01   1.9474362e-02  -4.3967042e-03  -1.6129775e-01  -1.0672708e-01  -1.0907908e-01  -1.2182816e-01   1.0080453e-01   5.0489148e-02  -2.4937403e-03   1.2949303e-01  -1.0157873e-01  -4.4127604e-02   1.4742150e-01   1.1830937e-01   6.5502340e-02  -1.3962340e-02   2.3534618e-01  -6.6458231e-02   2.1032780e-01   2.0376744e-01  -8.3456842e-02  -2.5390852e-02   7.6877525e-02   1.0057494e-02  -1.5838202e-02   7.3892791e-02   2.0877891e-01   2.0934526e-02   4.2285499e-03   2.1398889e-02   7.1474767e-02  -1.9752671e-02   3.2759082e-01   8.0032831e-03   4.1438816e-02  -1.7589018e-01  -2.1632515e-01  -1.1496813e-01   3.8898440e-02  -7.0088604e-02   2.8636208e-01   3.0531481e-02   1.9505839e-02   8.8559978e-02   1.3030833e-01  -8.9728207e-04  -1.3439077e-02  -6.3745305e-02  -3.2104216e-02   4.3907557e-02  -1.6368501e-02  -7.5890698e-02  -1.9605370e-01  -3.6953323e-02   3.7173030e-02   4.5519801e-02  -2.6281014e-01  -4.5247639e-02
  -2.8779121e-01   1.3785097e-01  -1.7076167e-02   1.6114981e-01   2.5808809e-01  -3.3146480e-01   2.1574167e-01  -1.0838866e-01   0.0000000e+00   2.8614468e-01   2.0417263e-02  -1.0033957e-01   2.6133769e-01  -4.1604898e-01  -1.3728205e-01   7.5150902e-02   2.2972809e-03   2.3789967e-01  -1.4788168e-01   1.7439865e-01  -3.1152649e-01   2.4992918e-01   1.4027280e-01  -1.3383624e-01  -2.1711806e-01   8.8933616e-03   1.6410919e-01  -3.6643972e-01   7.7227715e-02   6.3029080e-01  -9.6968212e-02   5.1122674e-02   2.7226209e-02   2.3072776e-01  -5.2071394e-03   1.1317616e-01   3.0729549e-01  -5.9157302e-02   2.4648924e-01   1.1175256e-01   2.3572161e-01   5.1454689e-03   5.0489959e-01  -5.4255077e-02   4.8401455e-01  -3.2990335e-01  -1.7393992e-01   5.9391258e-01   2.4866464e-01  -2.0624449e-01   1.4275526e-01  -1.4650088e-01   3.0136719e-01  -1.6434809e-01  -1.2942621e-01  -2.4814200e-01  -2.6006346e-01   1.2621141e-01  -6.7571908e-02  -9.6279923e-02  -1.9214229e-01   1.5871163e-01   5.4335052e-01   1.8501902e-01   5.8475054e-01   2.0045940e-01   7.1645493e-02   4.5273630e-02  -4.9341159e-02   1.2814288e-02   3.4780582e-01   8.8069606e-02   4.2409112e-01  -2.9432545e-01   1.0088021e-01   8.5516321e-02  -1.9510967e-01   1.7837836e-01   3.2083164e-01  -4.3286366e-02  -1.8741748e-01   1.9534866e-01   1.4338738e-01  -4.9079789e-02  -3.7085690e-01  -1.1815379e-03   3.9548007e-01  -1.6241267e-01   1.3925871e-01  -1.2706380e-01   2.6763256e-01  -1.0652214e-01  -2.1267672e-01   4.2803089e-01  -6.6937252e-02   5.3999508e-02   9.8638911e-02  -1.6552850e-02   5.8286163e-02   3.7390326e-01  -2.1379086e-01  -7.0456896e-02  -2.8176466e-01   2.1757851e-01   8.8864530e-02   2.0974611e-01  -2.3824714e-01  -2.5485011e-02   3.5357534e-02  -1.2003931e-01   6.5220450e-02  -7.2738500e-03   4.3873065e-03  -1.8145749e-01  -2.4344495e-01   3.4406595e-01   6.1909854e-02   3.3089374e-01  -2.5155463e-01  -5.5160904e-02  -3.7781975e-01   7.3979497e-03   4.3085481e-01   3.8292712e-01  -3.1187570e-01  -2.9729627e-01   2.2926398e-01   1.4499012e-01   4.2601369e-01  -2.2214707e-02   9.7794763e-02   2.6779717e-01  -2.9414800e-02   4.5225795e-01   1.7015876e-01  -4.6516532e-02   7.9480400e-02   1.2273274e-01  -1.3301346e-01  -1.0805031e-01  -2.0094938e-01   1.7001183e-01   1.9983968e-02  -9.5987858e-02   2.1136228e-01  -4.8136459e-02   3.6560958e-01   8.5183011e-02  -1.2749113e-01   4.6256056e-01  -2.3009957e-01  -2.9427216e-01  -2.6714936e-01   2.7885566e-01   2.9805667e-01  -8.6658812e-02  -2.5213258e-01  -9.7610823e-02  -1.7617452e-01  -1.9467002e-01   4.8907126e-02   9.6453166e-02   4.0316594e-01   1.2054584e-01   1.0188637e-01   2.5984584e-01   1.4118438e-02  -3.5259252e-01  -3.4701666e-01  -5.5847406e-02   9.4738200e-02  -2.5404697e-01   9.4210666e-02  -7.3230972e-02  -5.8139162e-03  -2.8449304e-02   2.9589864e-01
  -1.5323608e-01  -1.4375757e-01   3.9659245e-02   2.1046645e-01   3.5888675e-01  -1.2987470e-01   4.4485622e-01   1.6083537e-01   2.8614468e-01   0.0000000e+00   2.1471755e-01  -2.7087730e-03   2.9812196e-01  -4.0654922e-01   9.0972443e-02   2.1547188e-01  -5.6493739e-03   2.1004874e-01   2.0749361e-02   4.6690367e-01  -5.3318900e-02  -3.2067390e-02   4.2565298e-01  -2.0344156e-01   2.3694089e-02   1.5547652e-01   2.9329156e-01  -3.8221900e-01  -9.7098677e-03  -3.0134465e-02   8.8159144e-02   2.2844844e-01  -2.2769838e-01   4.0093140e-01  -8.2585061e-02   3.2094908e-01   3.3148187e-01  -2.9232801e-01   1.5253842e-01   2.8746435e-01   2.1472314e-01  -2.7107171e-01   2.4843343e-01   1.0073089e-01   1.7410221e-01  -2.1044337e-01   1.0020613e-01   3.4568857e-01   2.3406516e-01  -2.3860404e-01   2.8831951e-01   6.7733347e-02   3.2649070e-01  -7.8442186e-02  -1.6075671e-01   9.1302399e-02  -1.4182234e-01   2.6552278e-01   1.1788119e-01  -2.4031573e-01  -1.8187592e-01   3.6863136e-01   1.1551941e-01  -8.8851245e-03   1.5662976e-01   5.4925576e-01   1.1093750e-01   4.5985976e-03   1.2974550e-01   2.0055588e-01   2.4900624e-01   1.4269606e-01   2.6362660e-01  -2.0633608e-01   9.4937838e-02   1.9622596e-01  -1.4673272e-01   2.0321897e-01   4.9136693e-01  -2.6225110e-02  -1.4830654e-02   1.1850978e-01   1.3019830e-01   4.8745870e-02  -3.8721791e-01   2.2503740e-01   8.2828925e-02  -1.5650756e-02   1.3428193e-01  -1.0590900e-01   2.3706268e-01  -9.8689119e-02   4.8713265e-02   6.3616236e-02  -2.4014092e-01   2.4563729e-01   2.0136870e-01   1.2939849e-01   5.3976123e-02   5.7128953e-01  -1.9767803e-01   2.7316287e-01  -1.5795397e-01  -9.0256767e-02   2.4205233e-01   1.9666733e-01  -2.9616252e-01   1.5776159e-01   2.6084728e-01   9.7167015e-02   2.6903008e-01   5.5683466e-02  -2.0147765e-01  -3.0722843e-01  -8.9320547e-02   2.8891835e-01   2.7149827e-01   3.6404101e-01  -2.7524835e-01   2.1026066e-01  -2.3223169e-01   1.9120860e-01   2.2406965e-01   5.8764797e-02  -3.0479586e-01  -3.0619934e-01   1.1406455e-01  -6.3877425e-02   2.8666819e-01   1.5136119e-01   3.3681424e-02   5.2430140e-01  -2.7162019e-01   3.6276246e-01   1.0904287e-01   1.0550445e-01   7.7498855e-03   1.6635870e-01   1.8202208e-01  -1.0915748e-01  -1.1853668e-01   3.0108924e-02   2.6857478e-01  -1.1238808e-01   2.7831285e-01   9.7262245e-02   4.7967235e-01   2.2288788e-01   3.4178965e-01   4.5839702e-01  -2.2413723e-01  -2.4102686e-01  -8.9118289e-02   2.5967534e-01   1.8851041e-01  -1.4208830e-01  -2.5264257e-01   1.4361466e-01  -2.1484148e-01   6.9980693e-02   2.0932029e-01   1.8366848e-01   6.0879977e-01   2.2967903e-02   3.6690562e-02   5.0230308e-01   4.3418858e-01  -2.4195214e-01  -1.6012013e-01   1.5366445e-02   3.7767675e-01  -3.8740144e-01   1.2011267e-01  -2.1576245e-01   1.0974258e-01  -6.4330951e-02   7.1308364e-02
  -3.4646488e-01  -4.3300756e-01  -4.2743321e-01   3.2986057e-01   1.8324689e-01   1.2498363e-02  -2.0856248e-01   1.2315650e-01   2.0417263e-02   2.1471755e-01   0.0000000e+00  -1.7120172e-01   1.5830962e-01  -1.5451499e-01   1.5542020e-01   3.1993139e-01  -5.1015647e-01   5.5620382e-01   1.5201660e-01   2.6641738e-01   2.4211137e-01   5.4064146e-01   6.5810255e-02  -3.3234186e-01   1.7699076e-01   4.8156409e-01  -1.4602390e-01  -2.6210078e-01  -1.8682121e-01   3.3051443e-02   8.6830271e-03   6.2661720e-01  -2.0943650e-01  -9.4812465e-02   1.2714242e-01   4.7525119e-01   1.2104645e-01  -2.7968827e-01   3.5059440e-01  -4.2356480e-01   4.0043673e-01  -1.8427504e-01  -6.5142936e-02   1.1019618e-01   2.6841564e-01  -3.0205306e-01   8.4448162e-01  -3.9137843e-01   2.6256310e-02  -4.7158305e-01   7.2466074e-01   2.8484797e-01  -3.3019780e-01  -2.4559001e-01  -4.2958471e-01   4.6929796e-01   2.9297646e-01   8.0417397e-01   2.0489509e-01   3.2392235e-01  -1.2612661e-01   2.4613700e-01  -1.9642828e-01   3.6448517e-01   3.4346931e-01   5.3847059e-01  -3.0428060e-01  -9.9930648e-02   7.8726003e-01  -3.1729739e-01  -5.6065389e-01   3.3214202e-01   3.4249635e-01  -2.9824959e-01  -2.1752576e-01   6.3043876e-01  -1.7060525e-01   4.3800715e-01  -2.2025067e-03   1.2488221e-01   7.2538725e-03   2.9381796e-01   3.9946853e-02   3.2087739e-01  -3.2917888e-01   4.5870239e-01  -1.7196289e-01  -3.4206542e-01  -2.9851698e-01  -2.6712275e-01  -1.5841186e-01  -8.6363905e-02  -1.5169294e-01   2.7178839e-01  -3.3055626e-01  -3.9162678e-02   4.1466915e-01   4.9757853e-01  -1.0025091e-01   7.7377524e-02  -4.4311412e-01   5.7854317e-01   3.3239283e-01   3.8455579e-01   7.5894914e-01   5.6619062e-01  -3.5469620e-01   6.7856304e-01  -1.2106281e-01   4.5333688e-01   1.5686344e-01   6.2313105e-01  -2.0119440e-01  -3.4497363e-01  -2.8391232e-01  -2.0895902e-01   5.4511683e-01   2.3484156e-01  -5.1912281e-01   4.2859938e-01  -1.0838257e-01  -1.0161169e-01  -1.1699243e-02   2.4563037e-01  -3.4254681e-01  -1.8771549e-01   3.5430134e-01  -4.0856807e-01   5.2309933e-01  -4.0237995e-01   3.1057838e-01   2.5947595e-01  -4.4558264e-01  -2.2110392e-01   7.5728579e-02   4.4777422e-01   1.9925474e-01  -2.9383301e-01   6.0395181e-01  -2.0987878e-01  -2.3603580e-01  -1.2948686e-01   8.0451608e-01  -4.6198791e-01   3.4765789e-01   6.7238427e-01  -4.1398949e-01   6.1251910e-01   5.4945910e-01   1.5575862e-01  -3.3058222e-01  -5.1758633e-02  -1.7652812e-01   6.3421279e-01  -5.4328346e-01  -2.0512792e-01  -2.4235328e-01   3.1257641e-01  -1.6684556e-01   3.3184331e-01   1.9673679e-01   7.4806985e-01   4.3029646e-01   6.3463032e-01   5.5917951e-01  -1.3736055e-01   6.7772177e-01  -3.9899540e-02  -9.1149404e-02  -1.8480753e-01  -6.5363708e-02  -1.9079490e-01   5.3680947e-01  -3.6044804e-01   2.3526366e-01  -7.7427368e-02   3.7081670e-01
   2.4757045e-01   6.8507200e-01   5.6934152e-01   2.9698541e-01   2.0631524e-01   5.6443088e-01   4.5257279e-01  -2.0468348e-01  -1.0033957e-01  -2.7087730e-03  -1.7120172e-01   0.0000000e+00   1.7588543e-01   1.6515758e-01  -4.4574665e-03   2.3267353e-01   5.0637805e-01  -3.9545258e-02   5.8227691e-03   2.8236487e-01  -2.3235440e-01   7.5307479e-02  -1.9188419e-01   2.8211722e-01  -1.1593927e-01   1.8058659e-01   1.9485344e-01   2.5384711e-01   1.9615875e-01  -2.2373860e-02   2.5776182e-02  -7.4035146e-02  -1.0132315e-01  -1.1306500e-01   4.7886430e-01   2.2213370e-01  -1.1458825e-01  -1.4626313e-01  -3.5286393e-02   4.2989050e-01   2.2558217e-02   8.0138870e-02   3.6682833e-01   1.6649713e-01  -4.6464108e-02   1.4851032e-01   9.5196400e-02  -8.3063065e-02  -2.7910321e-02   2.6187832e-01  -1.1945110e-01   2.0257429e-01  -3.5608131e-01   4.7285487e-01   1.1564267e-01   1.9408509e-01   2.4226738e-01   1.5342314e-02  -1.4663182e-01   3.0406052e-01   2.4121290e-01   3.8337659e-01   1.7553671e-01  -3.0573162e-01  -3.9690182e-01   1.2099113e-01   3.0912964e-01   2.3582871e-01   1.6797660e-02   1.0328180e-01   9.5766924e-02  -6.6641989e-03   1.3385128e-01   5.7290911e-01   2.0556412e-01  -1.1549450e-01   1.3397883e-01   5.0942017e-02   2.7792474e-02   1.2856041e-01   3.4936230e-01  -2.4200549e-02  -2.2547740e-01   1.9372629e-01   5.1861964e-01  -5.3441616e-02  -4.6041244e-01   4.0114458e-01   2.8044243e-01   2.6252344e-01   7.4724375e-02   3.3880148e-01   5.1934896e-01   1.1926391e-01   3.4722016e-02   3.2909553e-01   3.6995526e-02  -4.7918734e-02   2.9285303e-01  -3.2994469e-02   1.9937572e-01   2.7930558e-01   7.4786385e-02   5.0347901e-02  -3.2638734e-02  -9.3958778e-02   4.3382849e-01  -4.1442165e-02   4.4983333e-01   6.9572763e-02  -9.0902864e-02   3.2803763e-01   3.1465450e-01  -7.5077325e-02   4.1832204e-01  -1.8566479e-01   2.3148547e-01   2.2567117e-01   1.8951216e-01   1.2858329e-01   1.2331455e-01   3.9617371e-01   2.8840826e-01  -2.9027536e-01   1.5702448e-01   5.0140762e-01   8.4063561e-03   1.6263489e-02   1.8034002e-02   2.2102993e-01   1.1966628e-01  -3.9825028e-01   2.3143650e-01  -3.7534060e-01   1.5340087e-01  -2.7802223e-02   2.1141825e-01  -9.7437723e-02  -7.8184178e-02  -2.7651754e-02   3.1482388e-01  -3.3503858e-04   7.7162469e-02   1.3595610e-01  -3.3400553e-02  -2.0097676e-01   1.5891757e-01  -5.0977210e-02   3.1067526e-01  -4.2999280e-01   2.6506834e-01   9.0760449e-02   3.5419450e-01  -1.2975886e-01   4.4172655e-01   1.0978415e-01   2.7500117e-01  -3.0236937e-02   2.6479791e-01   2.3228106e-01   1.1271192e-01   1.6733257e-02  -2.8618600e-01  -3.1847358e-02  -6.6939067e-02  -3.0766533e-02   1.1115113e-01   2.1692756e-01   3.5589349e-01   7.1312942e-02   3.5830865e-01  -1.4923934e-01  -8.5887924e-02   5.4147232e-01   9.7587455e-02   1.9957975e-01   9.8749177e-02
   5.5220451e-02   4.3706250e-02   1.1691368e-01   4.6770187e-01   6.7971246e-01   1.2003646e-01  -3.8668294e-02  -8.5126225e-02   2.6133769e-01   2.9812196e-01   1.5830962e-01   1.7588543e-01   0.0000000e+00  -2.9777652e-01  -2.8234148e-01   3.7908183e-01   1.1993500e-01   5.4778468e-01   1.6111732e-01   6.2336217e-01  -3.3517113e-01   2.8868328e-01  -5.2432904e-02   2.0073175e-01  -9.9787889e-02   2.6898053e-01   1.1557818e-01  -2.6498534e-01   3.0001466e-01   2.0015930e-01  -8.0104687e-02   1.1492837e-01  -1.1106080e-01  -1.6040166e-01   1.1711271e-01   4.2586184e-01   5.3174771e-01   1.2430592e-02   3.3714946e-01   1.2263716e-01   6.6692797e-01   3.4361494e-02   3.3987423e-01   1.7788372e-01   3.4690955e-01  -1.1064964e-01   1.0236003e-01  -7.3902858e-02   3.5714841e-01  -3.7937919e-02   4.0154071e-01  -8.3475127e-02   4.0065176e-02   9.5282671e-02  -2.1273902e-01   1.0823950e-01   2.2523335e-01   2.8542965e-01   1.5252520e-01   2.6585597e-01   4.2276291e-02   3.8407977e-01   2.2012773e-01  -1.4293156e-01   6.3577571e-02   2.7122680e-01   1.1056076e-01   1.1585669e-01   1.8694754e-01  -1.0401738e-01  -9.1932938e-02   5.6791339e-02   4.8612403e-01   3.5643486e-02   3.7123571e-01   1.8563376e-01   8.2383140e-02   2.6252004e-01   1.4790879e-01   2.5691685e-01  -9.5811137e-02   1.7091317e-01  -1.4624722e-01  -3.4883826e-03  -1.2553711e-01   2.1858134e-01  -2.4876174e-01  -1.1558239e-01   1.5569154e-01   3.2629048e-01   4.1958519e-01   1.3134453e-01   8.4895492e-02   3.1303953e-01   1.6944931e-01   5.7470465e-01   4.5091414e-01   3.3440818e-01   1.7754118e-01   2.4725841e-01  -2.5292236e-01   1.9660730e-01  -2.1890979e-01   1.4685269e-01   2.1773101e-01   2.8879409e-01  -6.9584863e-03   3.4069909e-01   4.6531337e-01   1.0887480e-01  -1.6066850e-01   3.4848534e-01   1.2135625e-01  -2.9282075e-02  -1.9032362e-02   1.0459185e-01   3.3530178e-01   6.8385255e-01  -2.9633442e-01   5.1539591e-02  -5.1359121e-02   3.8067973e-01   3.5513161e-01   2.7580831e-01   6.3308800e-04  -8.0250000e-02   2.1175992e-01   4.5686487e-03   4.2803291e-01  -3.7802203e-02   3.5643547e-01  -3.9838799e-02  -1.9230793e-01   6.1196818e-03   1.4093723e-01   4.0686471e-02   3.7515451e-01  -3.1852760e-01  -5.3618287e-02   2.6166760e-01   2.6674603e-01   4.2048358e-01   3.0803570e-01  -7.4609138e-02  -2.3637109e-01  -9.4901680e-02  -6.3676870e-03   3.5003300e-01   2.5390982e-01   2.4117580e-01  -1.6556803e-01  -3.6737184e-01   1.0682297e-01   1.0256753e-01   1.4818239e-01   3.1226024e-01   2.0500154e-02   2.8904300e-01  -2.3550281e-02  -4.0554976e-02  -1.3746250e-01   3.6505482e-01   3.3800717e-01   1.8355505e-01   3.2824645e-02  -3.0532185e-02   1.7831455e-01  -1.1644224e-01   9.1218321e-02   4.2698773e-02   2.6072489e-01  -8.0111021e-02   2.8534464e-01   9.2157390e-02   4.3322141e-02  -1.2657903e-01   4.0173264e-01
   2.9025567e-01   1.0559458e-01   9.3306919e-02   6.4803449e-02  -4.8756317e-01   3.9560115e-01   1.3784458e-01   1.6868464e-01  -4.1604898e-01  -4.0654922e-01  -1.5451499e-01   1.6515758e-01  -2.9777652e-01   0.0000000e+00   6.0217367e-01  -2.8137163e-01   5.5724359e-02  -2.1517372e-01  -7.7027182e-02  -3.9892810e-01   5.9635545e-01  -3.0078181e-02   7.0626723e-02   3.7127045e-01   1.5021997e-02  -1.7287098e-01  -2.3573003e-01   6.1516883e-01  -2.0404894e-01  -2.0624904e-01   4.9572144e-01  -1.6145596e-01  -3.9661789e-02   3.0836765e-02   3.1231827e-01  -4.0290567e-01  -3.5444263e-01   1.5211056e-01  -3.2217899e-01  -2.2567105e-01  -1.9408546e-01   2.2892704e-01  -3.9196161e-01   1.0966943e-01  -3.2037671e-01   2.1588222e-01  -1.0639230e-02  -3.4819020e-01  -2.9558527e-01   7.4370850e-02  -2.5101552e-01  -6.8276290e-02  -2.6380853e-01   1.9472092e-01   5.1282798e-01   1.4067058e-01   2.0247563e-01  -2.2921415e-01  -1.4454162e-01   2.1476169e-01   2.4434328e-01  -2.3985738e-01  -4.4842546e-01  -1.4675346e-01  -2.6195543e-01  -4.0209451e-01  -7.5907650e-03  -8.3065294e-02  -1.1520165e-01   1.3523261e-01  -2.6468406e-01  -4.4817301e-02  -1.4383308e-01   5.7117406e-01  -1.4998567e-01  -2.7901411e-01   1.6669883e-01  -3.5160786e-01  -4.6683282e-01   1.6381362e-01   6.4482832e-01  -2.8480309e-01   1.7805089e-01   1.0679984e-01   6.8439365e-01  -3.7610729e-01   6.1256128e-02   4.1042457e-01  -2.1155186e-01   1.8982250e-01  -5.3686121e-01   1.8271324e-01   8.5433458e-02  -2.1840191e-01   1.2575087e-01  -3.5553913e-01  -2.4996219e-01  -3.1677830e-01  -6.7558895e-02  -1.6876618e-01   5.1109127e-01  -8.4626193e-02   6.8950737e-01   2.3641788e-01  -1.7742765e-01  -2.8617916e-01   2.8487863e-01  -2.4877083e-01  -8.2562606e-02  -3.1804686e-02   2.6398878e-01   3.4767364e-02   8.0689479e-02   1.4544104e-01   4.8929264e-01  -4.0505772e-01  -2.5227456e-01  -3.0370649e-01   5.3231542e-01  -1.6099417e-01   3.3703946e-01  -3.3042589e-01  -4.6653439e-01  -3.1522343e-01   2.9732874e-01   7.1987429e-01  -5.4481451e-03   6.8578971e-02  -2.6903453e-01   1.1886910e-01  -2.5043838e-01  -1.3658032e-01   4.4173455e-01  -2.2553750e-01  -1.4628302e-01  -1.7497181e-01  -5.4797115e-02   4.1127565e-01  -5.7052560e-02   2.5452914e-02   2.3432511e-01  -1.7803113e-01  -2.8966703e-01   4.1489969e-01   1.1577975e-01   1.3844898e-01  -1.0019339e-01  -4.1590625e-01  -8.9335600e-02  -1.9071248e-01   5.1657490e-01   7.9769309e-01   2.6270185e-01  -3.4856612e-01  -3.3364041e-01   9.4517382e-02   2.6409741e-01  -1.9082458e-01   2.4761683e-01   5.1235976e-01  -3.5652600e-02  -4.0877947e-01  -4.5833999e-01  -3.0054322e-02  -2.5499285e-01  -2.4778563e-01  -2.4915429e-01   3.7826519e-01   3.2227758e-01   7.6079625e-02  -3.8765189e-01   2.0196264e-01  -9.4374773e-02   1.7620166e-01   9.6293997e-02   2.1430906e-03  -2.4879779e-01
