   0.0000000e+00  -3.3316408e-01  -3.5771847e-02   9.7665754e-03  -2.0509239e-01   1.3613668e-01  -3.3934016e-01  -8.1477383e-02  -1.4187807e-01  -1.7279184e-01   1.3094011e-01  -2.3421261e-01  -9.3885036e-02   3.9932185e-01   3.2009113e-01   1.4327955e-01  -1.0445986e-01   9.1119084e-02   1.2147716e-01  -3.0042009e-01  -3.2147721e-01  -9.2608599e-03  -4.4943188e-03   6.2371134e-01  -3.1562281e-02   1.6754746e-01  -2.7519948e-01   4.9546907e-01  -8.0747681e-02  -3.1396703e-02  -3.6363122e-02  -7.8204459e-02   4.8232292e-02  -3.1434901e-01  -1.9873924e-01  -1.8516894e-01  -1.6745419e-01   2.3834397e-01   6.1708640e-02  -4.5369876e-01  -8.1492104e-02   9.4578188e-02  -1.9187737e-01   3.6787971e-01  -8.8580300e-02   6.1321711e-01   7.2746630e-02  -4.1088738e-01  -2.2838603e-01  -1.5985972e-01   1.3364038e-01  -1.1363403e-01  -2.7920950e-01   2.2512288e-01   2.0748278e-01   2.4461142e-01   3.0646698e-01  -1.8884346e-02  -9.3847216e-02  -1.1587913e-01   5.6424627e-01  -5.2525864e-02  -2.6603064e-01  -1.6413751e-01  -2.1851603e-01   6.5291502e-03  -4.1327887e-02  -1.5249616e-01   1.8495531e-03   3.0904479e-01  -4.1331012e-01   1.0784636e-01   9.1728987e-03   7.1360863e-01  -9.1755059e-02  -2.0321728e-01   4.6453125e-01   1.5591935e-02  -3.4293719e-01  -7.0110099e-02   1.9771733e-01   4.8696164e-02  -5.7118957e-02   2.1154400e-01   6.5114594e-01  -1.0405749e-01  -4.6121362e-01   3.5760715e-01  -3.4221253e-02   8.0742303e-01  -1.8333287e-01   4.4033165e-01  -2.2833564e-01  -3.9135136e-04   3.8305763e-01  -2.9797369e-01   1.0733447e-02  -8.1497834e-02  -1.1283681e-01  -2.7687330e-01   1.5479842e-01  -3.8973118e-02   4.3111998e-02  -3.6815861e-02   5.7494808e-03  -1.3874716e-01  -1.7669719e-02  -1.3314492e-01   2.0894411e-02  -2.7278222e-01  -2.6881905e-01   3.4470486e-02  -2.2754163e-01   6.1964814e-01   2.9434630e-01  -3.5673526e-01   2.5298289e-01  -9.2500625e-02   6.2591371e-01   2.5569459e-02   5.9484956e-01  -2.6647695e-01  -2.6482178e-01  -1.6108934e-01   4.7470718e-01   2.5889933e-01  -1.2943141e-01  -1.1870330e-01  -4.1189251e-01   9.9215855e-02  -1.5229953e-01  -3.3214067e-01  -5.6811361e-02  -2.5377167e-01   7.1032825e-04  -1.7537655e-01  -1.4422985e-01   2.4022462e-01  -1.6559956e-01   2.2967299e-01   5.3524565e-01   4.2617143e-02   4.7884017e-02   1.9481558e-01   1.5764945e-01  -2.1003635e-01  -4.6794228e-01  -1.5417618e-01   7.2486576e-02  -2.4254893e-01   4.9656013e-01   1.3595690e-01   4.6845563e-01   1.7619214e-02  -3.6623798e-01   2.8738182e-01   5.9175815e-01  -1.8737727e-01   3.0909581e-01  -3.8635811e-02  -2.0459656e-01   2.6768628e-02  -1.9222013e-01  -6.2426953e-02  -7.7356036e-02  -1.6520714e-01   1.4433546e-01   4.3224706e-01   6.9882470e-01  -2.9452576e-01  -2.5886585e-01   1.4952311e-02  -2.2535253e-01  -4.1531648e-02   3.7260963e-02   1.0089623e-02  -1.9858071e-01
  -3.3316408e-01   0.0000000e+00   4.0687777e-01  -2.5065143e-01   2.7767306e-01  -4.6697730e-02   3.6135556e-02   1.3573572e-01   3.2162629e-01   2.0659898e-01  -4.2043502e-01   6.9744789e-01  -4.5160161e-02  -2.4969484e-01  -3.9277911e-01  -1.3547068e-01   4.0115635e-01  -7.3917966e-02  -2.4104116e-01   3.0727172e-01   6.8879436e-02  -3.1212529e-01  -5.0748300e-01  -6.6369489e-03   5.2709255e-03  -3.0031019e-01   8.0268424e-03  -4.4963940e-01   1.9970850e-01  -7.5871735e-02  -7.0188455e-02  -1.4301697e-01   9.4974222e-02   1.2421252e-01   1.5077371e-01  -7.8140810e-02   5.7206026e-02  -1.3112324e-01  -1.2909931e-02   4.9229821e-01  -4.2360174e-02  -5.0735753e-02   3.3545901e-01  -2.0824655e-01  -2.8448298e-01  -2.6499454e-01  -2.6982421e-01   3.7188151e-01  -2.3126988e-01   3.6284964e-01  -4.0132893e-01  -2.0518538e-01   6.3455149e-01  -9.0408330e-03  -1.6302682e-01  -3.6452548e-01  -2.2479725e-01  -2.3139599e-01  -2.0248411e-01   5.6444808e-02  -3.3400535e-01  -7.4280843e-02   1.9704552e-01   1.3563273e-01  -9.2180220e-02   4.1669072e-02   2.9310080e-01   8.3637329e-02  -3.0462477e-01  -1.7666474e-01   7.7496023e-01  -4.4122216e-01  -9.1453815e-02  -1.7483096e-01  -5.3486576e-03  -2.0811271e-01  -2.6825159e-01   3.0477595e-02   3.8641401e-01  -1.9406916e-02  -5.0594561e-01  -9.9902343e-02   8.2754309e-02  -1.6607071e-01  -5.7916983e-02  -1.6683436e-01   6.2763695e-01  -2.0174900e-01   4.4076416e-02  -1.5424760e-01   5.0206865e-01  -1.0111783e-01   4.6712950e-01   1.7087560e-01  -2.3100587e-01   5.6937604e-01  -6.4081883e-02  -1.3312270e-01  -3.2223971e-02   1.3947561e-01   5.3701295e-02  -3.2181944e-01  -4.2659891e-01   3.9175204e-01  -4.9613258e-01  -2.4546926e-01   1.4885896e-01  -1.2163871e-01  -2.5215540e-01   3.1852230e-01   1.1392752e-01  -3.4172975e-01  -9.4813879e-02  -7.1531042e-02  -2.4324376e-01   6.6881535e-01  -3.2560983e-01  -3.2816894e-02  -2.8884387e-01  -2.2255968e-01  -3.2239205e-01   5.0743513e-01   3.0870897e-01   4.2199963e-02  -1.3995798e-01  -1.7805979e-02  -2.4966301e-01  -4.6253092e-02  -1.3768018e-01   2.4053394e-01   4.1694118e-02  -8.1058730e-02   3.3809701e-01  -4.0795512e-02  -5.4875590e-02  -2.4438234e-01   9.3028623e-03  -8.6220831e-02  -2.6863453e-01   1.1156474e-01   7.0782943e-02   2.6995363e-02  -3.2497811e-01   1.1819435e-01  -3.4927783e-01  -1.2257934e-01   4.0825517e-01   3.7186158e-02  -2.3058369e-01   1.9046892e-01  -2.8764757e-02  -2.7986657e-01  -3.8182160e-02   5.7942964e-02   7.7751991e-01   3.9771013e-02  -3.0917677e-01  -6.3596971e-02  -1.0386240e-01  -3.9893998e-01   9.9820073e-02  -2.8121155e-01   2.7652881e-01  -3.1990457e-01   1.6771670e-02   8.2940795e-02  -1.9021218e-01  -1.4579507e-01  -2.8004221e-01   5.9770854e-01   2.8177175e-01  -1.0235168e-01  -5.9892615e-02   6.0413041e-01   1.2936334e-01   1.5263693e-01  -1.4963037e-01
  -3.5771847e-02   4.0687777e-01   0.0000000e+00  -1.5874202e-01  -6.8355006e-02   1.6668734e-01  -2.3160616e-01  -2.9474532e-02  -2.6474840e-01  -6.7502012e-02  -2.3497260e-01   5.2649164e-01   3.4022788e-02  -3.2269612e-02  -1.2717353e-01   3.4151043e-01   8.3742385e-01   7.1175667e-02  -1.0034666e-01  -3.5098301e-02  -3.8685053e-02  -2.3735415e-01  -2.9038415e-01   2.5100259e-02   7.4071436e-02  -2.8294430e-01  -1.5265769e-02  -1.7739120e-01   2.0041707e-02  -4.8935080e-01  -8.7818085e-02  -1.8147378e-01   1.5356728e-01   4.2761022e-02  -5.4070695e-02  -1.3851683e-01  -2.2880821e-01  -2.7095622e-01   3.6791955e-01   4.0844892e-01  -1.2875479e-03   9.0967596e-02   5.4580476e-02  -1.5044624e-02  -4.3522256e-01   2.4690706e-03   7.5495776e-03  -2.0240682e-01  -1.0558085e-01   5.2985681e-01  -9.5660224e-02  -1.4787841e-01   5.2326252e-02   2.6362680e-01   6.3085194e-02   1.1334497e-02  -2.9391774e-01  -1.2424197e-01  -1.5511089e-01  -3.3158317e-01  -4.7544148e-02  -3.1510566e-01  -1.5275675e-01  -2.5310909e-01  -3.6903976e-01  -3.7309152e-01   2.0915596e-01   2.9014882e-02  -1.1987274e-01   4.3576347e-01   2.7001893e-01  -3.9896623e-01   3.4256056e-02   2.0716856e-01  -7.0989974e-02  -1.0226424e-01  -9.2643332e-02   5.1270185e-02  -7.4343915e-02  -7.2701641e-02  -1.8228633e-01   9.5253115e-02   1.8571694e-01  -1.3562970e-01   3.3331172e-01  -1.1729241e-01   1.1706405e-01   1.3341969e-01  -1.7772292e-01  -5.4688294e-02   2.4933379e-02   4.7017639e-01   5.2512159e-01  -2.6007500e-01  -2.7912629e-01   2.9075565e-01  -1.9517930e-02  -2.8866507e-01  -5.4683391e-03   5.6239095e-02   4.3088252e-01  -1.7099370e-01  -5.6575358e-02  -1.7081618e-01  -5.2750219e-01  -8.5327418e-02   3.9753043e-01  -2.6757328e-01  -3.0753125e-01   8.0292994e-02   3.0498189e-01  -2.6261845e-01  -9.9756422e-03  -2.2540241e-01   2.7632717e-01   1.1910710e-01  -4.7145893e-02   8.7308924e-02   9.2113598e-02  -2.5040021e-01   4.5677517e-02   2.2696053e-01   1.2118335e-01  -3.1051366e-01  -1.0088309e-01   9.2911097e-02  -3.2792531e-01   2.1651930e-01  -9.1846742e-02   6.4611115e-01   8.9676971e-02  -3.5253962e-02   1.6306524e-01   7.5552517e-02  -1.2439862e-01  -2.0551218e-01  -2.7569480e-03  -9.8269931e-02  -5.9889036e-02  -1.4706661e-01   3.3565546e-02   1.7571280e-01  -2.2022615e-01   4.9571204e-01  -1.6182584e-01  -1.4867541e-01   3.7829007e-01  -2.5396277e-01  -2.1958773e-01  -3.6944541e-01   3.9791573e-01   7.8014574e-02   4.3260077e-01  -2.3371512e-01   6.9939934e-01  -1.7707906e-01  -1.1397586e-01  -2.1696139e-02   4.1512988e-01  -1.0344568e-01  -1.0718885e-01  -1.1869476e-01   2.3129655e-02  -3.9918319e-01  -1.6651786e-01  -2.9505098e-01  -1.4663945e-01  -9.3841073e-02   1.8896051e-01   3.4771782e-01  -7.2898695e-02  -2.6634720e-01  -3.5712780e-01   5.3660262e-01   7.7431058e-02   3.1166893e-01  -7.4070100e-02
   9.7665754e-03  -2.5065143e-01  -1.5874202e-01   0.0000000e+00   2.1512767e-01  -1.2802488e-01  -1.9560906e-01   5.8115691e-03   2.0360574e-01   5.2216311e-02   2.3386799e-01  -1.3335481e-01   1.8494005e-01   8.5440667e-02  -3.5095363e-02  -4.0701986e-02  -2.4188354e-02  -2.0731153e-02   1.2227660e-01   1.3048901e-01   2.7185682e-02   2.4505549e-01   8.3796064e-02  -1.2146910e-01  -2.1118880e-01   2.5592197e-01   4.2241647e-02  -5.4901676e-02   1.4012690e-01   2.7717224e-02  -1.5617121e-01   5.0568487e-01   1.5750381e-01  -8.5276011e-02  -5.5158208e-02   1.7747056e-01  -1.5863147e-01   5.8254886e-02   7.8954422e-02  -1.0501248e-01   3.7083386e-01   7.3848769e-02   5.0810294e-02  -1.1144628e-01  -1.2656358e-02  -2.8409953e-02   1.8564932e-01  -2.7574940e-01   3.3370349e-01  -1.9342767e-01   2.3754945e-02   1.6807808e-01  -1.7408771e-01   5.2561043e-02   5.1740544e-02   4.9388515e-02   8.5192326e-02   3.1270542e-01   3.8453378e-01   1.1083590e-01   1.2488081e-01   7.0123794e-02   3.3486532e-01  -4.2915600e-02   4.2178693e-02   9.7075207e-02  -2.8080205e-01   1.7507766e-01   2.9249494e-01  -2.7236850e-01  -2.1522519e-01   3.1883100e-01   2.4789726e-01  -2.2054330e-01   2.4293315e-01   3.4307349e-01   1.6626665e-01  -2.3632023e-03   2.3055688e-01   2.3687534e-01  -4.7142958e-02   2.5277403e-01   2.8804792e-02   5.8699814e-02  -2.8039499e-01   9.2673462e-02  -1.5982061e-01   3.9900816e-03  -1.6475466e-03  -1.6291867e-01   1.6199568e-01  -8.7340988e-03  -1.0127604e-01   4.6460463e-02   2.7862333e-03   8.5568367e-02   1.2303196e-01   8.6883301e-02   1.1369229e-01  -9.6664672e-02  -2.8349458e-01   9.8690609e-02   1.8797317e-01  -6.3827152e-02   2.2251147e-01   6.3542378e-01   2.1864514e-02   1.9365227e-01  -1.7547136e-01   6.2304846e-02  -3.1552965e-02   2.2457931e-01   5.0669961e-01  -7.7047177e-02  -2.0649678e-01   9.6268902e-02   1.3221562e-01   2.5651255e-01  -1.9354700e-01   5.2258846e-01   1.3445507e-02   1.2752598e-01   1.1363736e-01   1.8732726e-01  -3.3037575e-03  -1.0787087e-01   6.6591734e-02   2.4429566e-01   3.9458143e-01  -3.2056736e-01   9.7890242e-02   1.1706468e-01  -1.6056251e-01   5.6810047e-02   3.2491282e-01   3.2873867e-01   1.0954198e-01  -3.9154613e-01   3.2922670e-01  -3.8411562e-02   3.4150313e-02  -6.4494749e-02   4.1619072e-03  -1.1176499e-01   3.4040023e-02   3.0796237e-01  -1.6955317e-01   1.2509660e-01   4.5613828e-02   2.1988543e-02  -3.0398382e-01  -8.2661210e-02  -1.5883630e-02   6.1593590e-02  -1.3870790e-01  -5.5861380e-02   1.5440628e-01   2.9649882e-01   1.3759099e-02   6.5542949e-02   1.6309260e-01   1.8502762e-01   2.7593454e-02   3.7956296e-01   2.8909632e-01   1.1720067e-02   4.3844880e-02  -1.1652314e-01  -3.5100480e-02  -6.6813469e-02  -1.2326005e-01  -1.2089285e-01   2.7644984e-01  -1.7584386e-01   5.5680942e-02   8.8225835e-02   4.1807597e-01
  -2.0509239e-01   2.7767306e-01  -6.8355006e-02   2.1512767e-01   0.0000000e+00  -3.6574895e-01  -1.8145966e-01  -4.8901499e-02   7.1026126e-02   5.7443305e-01   8.7816991e-02   1.1473812e-01   1.6255678e-01  -2.5816035e-01  -9.5006761e-02  -1.0560851e-01  -4.4024556e-02  -1.1424181e-01  -1.9997043e-01   7.8351076e-01   7.9357812e-02  -1.0360001e-01  -3.2598228e-02  -4.6142902e-02  -2.5222634e-02  -4.5940266e-02   6.0634905e-02  -4.9053591e-01   2.0544344e-01  -1.1515912e-01  -3.6351542e-01   3.0508764e-01  -1.1136402e-01  -7.3958940e-04  -1.8111015e-01   6.0485205e-01   4.9665971e-02  -7.2541509e-02  -4.6553278e-02   2.3379384e-02   1.4386691e-01  -9.3393780e-02   6.9839727e-02  -1.9463394e-01   1.6392845e-01  -2.2907732e-01   3.5819436e-01  -1.4529191e-01   1.0634242e-01  -8.8651293e-03  -1.8302264e-01   2.5906706e-02   3.1679713e-01  -8.0576855e-02  -2.9706758e-01  -1.1177449e-01  -2.7526157e-01   1.1566398e-01   1.8049877e-01   1.8406866e-01  -1.7524111e-01   1.0809428e-01   3.2486488e-01  -3.5372528e-02  -6.5351482e-02   5.2428203e-01  -3.4220491e-01   1.8097551e-01   1.8958051e-01  -4.1091115e-01   1.4967421e-01   1.2648810e-01   1.7919167e-01  -2.6472752e-01   2.0016114e-01   5.2966235e-02  -2.1275503e-01  -2.1713677e-01   6.8392337e-01   2.2456953e-01  -4.0525057e-01   6.6184303e-02   1.3656527e-01  -1.7684629e-01  -2.7328352e-01  -6.3839618e-02   1.1886797e-02  -1.1255695e-01   2.0231237e-01  -7.8059360e-02   6.9186224e-01  -7.1656785e-02   4.3020650e-01  -3.0856107e-03  -9.8951277e-02   6.5322582e-01  -8.3713108e-02   2.4243959e-02  -2.1040963e-02   9.0866946e-03  -4.0791012e-01  -1.1827147e-01  -3.0829422e-01  -5.9374850e-02   6.7273297e-02   1.5955188e-01  -2.9054779e-02   1.4714709e-01  -1.2520292e-01   3.3666161e-01  -3.5433159e-02  -2.3085730e-01   2.9229503e-01  -8.7189875e-02  -4.8955128e-01   4.7040986e-01  -1.3675920e-01   1.1167103e-01  -3.1757115e-01   1.2745933e-01  -1.4106023e-01   5.8682362e-01   2.2674363e-01   3.7144888e-01  -9.7247794e-02  -2.0401119e-01   2.5691815e-01   1.2962117e-01   2.2077052e-01  -1.9359833e-01   3.2943165e-01   2.9715179e-02  -1.2471848e-01  -1.4599116e-01   1.3176727e-02   3.3386679e-02   1.5137218e-01  -4.0050788e-01   8.5607866e-02   1.3258000e-01   5.8038228e-02   1.2363062e-01  -1.0983133e-01  -1.4174679e-01  -3.7474307e-02   2.8169203e-02  -1.1523851e-01   4.2570234e-01   2.2367558e-01   2.3297701e-01  -4.0116088e-01  -4.4999026e-01  -1.5705182e-01   2.5307666e-01   1.8525784e-01   2.8466185e-02  -1.3705838e-01  -1.0576004e-01  -5.1832736e-04  -3.2715846e-01   3.0850401e-01  -6.8837201e-02   4.2252424e-01   2.1300679e-01   1.1512704e-01   2.8121962e-01   3.2746754e-02  -2.3601228e-01  -1.7328805e-01   2.6269802e-01   3.7333557e-01  -2.0033218e-01   3.0425113e-01   7.4763354e-02  -1.1726916e-01   9.5215250e-02   1.7661834e-01
   1.3613668e-01  -4.6697730e-02   1.6668734e-01  -1.2802488e-01  -3.6574895e-01   0.0000000e+00   1.5171808e-01  -6.6963980e-02  -2.2235929e-01  -3.7384763e-01   2.4292638e-01   2.2256492e-01   4.6123159e-02  -1.9466291e-02   1.3383111e-01   3.5681106e-01   8.4535281e-02  -2.2744387e-03   2.9867318e-01  -1.8074099e-01  -2.9455408e-01   1.5239944e-01   3.6438868e-02  -1.1186120e-01   2.6829265e-01   1.2379101e-01   2.9446119e-01   2.1535589e-01   7.5702823e-02   2.8514915e-01  -1.5422943e-01  -1.0573566e-01  -9.3239515e-02   3.1029494e-02   1.9504092e-02  -2.3209925e-02  -2.7992467e-01  -1.0472674e-02   2.0199914e-01   1.6974661e-01  -1.8766607e-01  -1.1960800e-01   3.2311671e-03   5.4921066e-02  -3.2157288e-02   2.3062425e-02   1.5852040e-01  -3.4563256e-02  -1.5383021e-01   1.1788714e-01   1.9821726e-01   7.4282733e-02  -9.1767813e-02   1.8385066e-01  -1.1982866e-03   2.0520191e-01   2.7478359e-01  -7.1270998e-02  -1.1920916e-01  -8.4418982e-03   4.7454618e-02   8.2870742e-03  -3.5176065e-01  -3.3998828e-01  -3.9800601e-01  -4.2848462e-02   6.9379527e-01   9.7040131e-02   2.5450612e-01   5.0803535e-01  -2.6760344e-01   2.0122309e-01  -1.2947410e-01   2.8740097e-01  -5.8236676e-02  -1.3492348e-01  -1.9563972e-02   4.6995542e-02  -2.7539268e-01  -8.6660833e-02   2.9816208e-01   1.6197011e-01  -2.3323774e-01   2.6838617e-01   2.6721270e-01   4.0159633e-02  -2.2296608e-01   2.0073811e-01   1.1229969e-01   1.0254551e-02  -3.7213935e-01   8.9129961e-02  -1.0302573e-01   1.6845474e-03  -1.8901605e-02  -1.9442715e-01   1.4912707e-01   2.2838744e-01  -4.3952909e-02  -1.1228747e-02   8.5922805e-02  -2.3450528e-01   2.5225741e-01   8.9308158e-02   2.3856525e-01  -1.2026549e-01   2.3079102e-01   2.5308943e-01  -8.0199680e-02  -6.3455697e-02   2.4166006e-01   2.5151536e-01  -2.3343507e-02   5.0221852e-02   2.9725373e-01  -3.1014019e-01   1.0730773e-01  -3.3018792e-02   2.2856627e-01   2.2253260e-02   1.3679952e-01  -1.8412092e-01   3.1032588e-02  -2.0932371e-01   7.3168615e-03   3.0441247e-01   5.1470860e-02   1.1941869e-01  -1.9259247e-01   3.0423252e-01  -1.0161559e-01  -1.3259972e-01   1.9925398e-01  -2.3835027e-01   3.3237110e-02  -2.0851583e-02  -6.3692932e-02   1.6512534e-01  -3.0963049e-02   2.2464949e-02   4.1356270e-02  -1.4839713e-01   2.0020043e-01   3.5844551e-01   1.3011258e-03  -1.7604595e-01  -1.1897451e-01   7.5942489e-02   3.0794071e-01  -3.5557353e-01   2.3378014e-01   2.1685867e-01   2.1282651e-01  -1.2224382e-01  -1.3968431e-02   3.8353637e-02   1.1412523e-01   2.1185116e-01   3.0844659e-02   2.9684026e-01   2.4225331e-02   7.0893247e-03   9.8582623e-03  -1.2894495e-01   5.2614986e-02  -3.5955499e-01   2.7455195e-02   1.6383585e-01   1.2104598e-01  -1.6651801e-01  -2.6810689e-02  -1.8327107e-01   6.3401082e-03   3.1550219e-01   1.3063072e-01   1.2177759e-01   1.6893212e-02
  -3.3934016e-01   3.6135556e-02  -2.3160616e-01  -1.9560906e-01  -1.8145966e-01   1.5171808e-01   0.0000000e+00   6.9082196e-02   1.4387366e-01   6.7898881e-02  -1.7525026e-01   2.8830787e-01  -8.2682728e-02  -2.1079351e-01  -7.2338672e-02  -1.5561514e-01  -1.5985447e-01  -1.7874570e-02  -6.6428451e-02  -1.1795659e-02   1.0791586e-01  -3.9051647e-02   2.8561030e-01  -1.6504042e-01  -6.8822505e-02  -8.3217058e-02   1.9085441e-01   8.7300944e-02  -6.3039883e-03   3.0655670e-01   5.5570208e-02  -2.1957107e-01  -2.8979262e-02   4.5975954e-01   3.0747131e-01  -3.6274717e-02   1.6695377e-01  -7.2049314e-03  -8.8700948e-02   2.0039451e-02  -1.4240473e-01  -1.8075514e-01   8.9476912e-03  -8.9480644e-02   3.4619188e-01  -2.2220278e-01  -3.2871235e-01   5.8865080e-01  -1.0481147e-01  -9.5140004e-02   1.5159283e-01  -7.9298139e-02   8.3543274e-02  -1.6612637e-01  -1.3667232e-01  -1.3318362e-01  -1.2070550e-01  -2.2163031e-01  -1.4764399e-01   2.0746589e-01  -1.2924501e-01   1.2887530e-01  -9.3296989e-02  -1.5853828e-02   1.3264299e-01   1.2640846e-01   2.8640068e-01   6.7077439e-02  -1.9521751e-01   6.5975269e-02   2.6225316e-01  -5.9572869e-02  -2.0984855e-01  -2.7852864e-01  -1.9588002e-01   1.3945188e-01  -1.4180025e-01   2.4060148e-01  -1.3151658e-03  -2.3522902e-01   2.5433873e-01  -5.4220947e-02   9.8041135e-02  -1.1087046e-01  -1.8873613e-01   1.0704000e-01   3.2082388e-01  -1.9692150e-01  -6.1105170e-02  -2.8334632e-01  -2.6517372e-01  -3.2461036e-01  -2.6173627e-01  -6.1164637e-02  -1.8314196e-02  -2.9077450e-01   4.6897194e-03   2.3292008e-02   1.0368310e-01   4.8934416e-01  -5.0144217e-02   2.9860006e-01   2.5150931e-02   1.5766328e-01   2.6707935e-01  -9.3295411e-02  -5.2124259e-02  -4.6433151e-02   1.0887111e-01   1.9876926e-01   1.8017563e-01   6.6909284e-02  -1.6530297e-01  -1.1429265e-01   8.2507156e-03  -1.6002070e-01  -1.5309060e-01   3.1650593e-02  -1.8379919e-01  -2.3748152e-01  -2.2835020e-01  -3.2438222e-01  -5.0332728e-02  -9.9149963e-02  -1.9222238e-01  -9.7275602e-02   2.0317858e-01   4.0209001e-02   3.7978812e-02  -6.7225029e-02  -5.1946505e-02   1.0872518e-01   2.6668019e-01   8.6571065e-02  -9.2133932e-02   1.3756266e-01  -1.5562079e-01   2.0910599e-01   9.6685350e-02   3.4861095e-02  -1.7615401e-01  -3.1281482e-01  -3.2266906e-02   6.1462065e-03  -1.5492995e-02   1.1032226e-02   4.3943497e-01   9.6646772e-02   1.1669638e-01   2.6499085e-01  -8.6954803e-02   8.7058132e-02  -3.0420490e-01  -5.3986588e-03  -1.2648017e-01   2.9830994e-02  -1.7459768e-01   1.4155751e-01  -3.0248515e-01   1.9015127e-01   2.3934276e-01   9.9900982e-02   1.0494437e-01  -1.0340454e-02  -7.2270663e-02   1.3373475e-01   3.5266016e-02  -9.4902644e-02  -1.8069700e-01  -1.4576480e-01   2.2235624e-01   1.0060203e-01   8.1570519e-02  -1.6457445e-02  -3.6741313e-02  -1.0993791e-01   1.1613706e-01
  -8.1477383e-02   1.3573572e-01  -2.9474532e-02   5.8115691e-03  -4.8901499e-02  -6.6963980e-02   6.9082196e-02   0.0000000e+00   1.1721844e-01   8.9869100e-03   9.6354879e-02   1.9359874e-01   2.0338846e-01   1.5939484e-01  -4.4447108e-03  -1.8261978e-01   3.7883881e-02  -1.9198523e-01   4.6260086e-03   3.0484555e-02   4.3940818e-02  -4.2767523e-03  -3.8019380e-01   2.4242752e-02  -1.5508415e-02   2.5376796e-01  -1.9115559e-01   1.0725330e-01   2.2284936e-02  -2.1526271e-02  -2.1287813e-02   3.9167827e-02   3.0922839e-01  -8.7330168e-02  -3.0779221e-03  -1.0705098e-01   1.2772754e-01   9.0159815e-02  -7.7609492e-02  -2.8112570e-02   1.2569721e-03   2.0888034e-01   3.0639737e-01   2.4558312e-01  -6.3918301e-02   3.8391827e-02  -1.1541249e-01   1.6026565e-01  -1.2606426e-01   1.1166890e-01  -1.3817922e-01   3.1051146e-01   1.7540997e-01   1.4816057e-02   2.7720490e-01  -4.4815484e-02   8.2300860e-02   4.4135973e-02  -1.4742534e-03  -1.0401255e-02   1.1082480e-01   3.5880428e-01   2.3435362e-01   3.6471391e-01   3.8711871e-02  -1.5543397e-01   1.3486399e-01   2.2451482e-01   2.6010550e-02  -2.5025147e-01   2.1057019e-01   6.3510209e-02  -7.2625141e-02  -1.1802675e-01   6.2690559e-02  -2.7076009e-02   1.9301487e-01   2.6849209e-01   4.1816635e-02   5.3915902e-02   2.6972165e-04   7.6271854e-02   2.9793486e-01   2.0890032e-01  -1.0445681e-01   2.6374735e-01   2.3914878e-01  -1.1312717e-01  -1.0794509e-01  -1.5529267e-01   4.1767114e-02   5.1019553e-02  -1.4693800e-01   7.3873606e-02   9.3959806e-02   1.5994302e-01   1.1111981e-01   2.2879548e-01   8.5189397e-02   2.9594067e-02   7.5805655e-02   2.6785114e-01   1.4816350e-01   1.9919296e-01   7.0954286e-03   6.0016573e-02   2.3010512e-01   2.6250734e-01  -1.5918001e-01   1.9059948e-02   4.9508319e-02   2.0061319e-01   9.2028267e-02  -9.8082540e-02  -3.5317279e-02   2.0283936e-01   5.3756004e-02   4.6916895e-02  -2.7523316e-02   7.5770579e-03   3.2670913e-03   1.1791339e-01   7.4228647e-02  -3.4101341e-02   1.6726057e-01   1.0566478e-01  -1.7838198e-01  -2.3741692e-01   9.8084308e-02  -1.1813792e-01   8.6420835e-02  -5.6179595e-02   2.0570689e-01   2.8006814e-02   1.6428418e-01   2.4332246e-01   1.2011812e-01   1.0836067e-01   1.3803935e-01   2.5995867e-01   1.9024102e-01  -1.0432186e-01   1.2136616e-01  -7.7934505e-02  -2.5417153e-01   2.1245987e-01   5.6713401e-02  -1.4234865e-01  -3.7510071e-01   1.9806546e-01  -5.9663583e-02   2.0859501e-01  -1.2580970e-01  -8.6310644e-02   1.5897282e-01   1.1595654e-01   2.3009588e-01   8.5488189e-02   7.2555684e-02   1.7703626e-01   1.9268530e-01   8.7413840e-02  -1.4175336e-02   5.5976249e-03   2.6795230e-01   8.4638340e-02  -9.5118649e-02  -7.8949857e-02   6.2386580e-03   6.7302400e-02  -1.4074798e-01   2.2644958e-01  -1.3071563e-01  -2.7958749e-02  -2.6661403e-03   1.6367183e-01   1.6188787e-01
  -1.4187807e-01   3.2162629e-01  -2.6474840e-01   2.0360574e-01   7.1026126e-02  -2.2235929e-01   1.4387366e-01   1.1721844e-01   0.0000000e+00   2.5876612e-01  -3.5845685e-01   1.5811047e-01  -5.9227870e-02  -2.5147235e-01  -4.0115811e-01  -3.8306851e-01  -2.0675990e-01  -4.4188173e-02  -5.5170313e-02   1.4230959e-01  -9.8491197e-02   1.9752377e-01  -2.0229819e-01   3.0316906e-02  -2.1769721e-02   1.7281214e-01  -1.2452339e-01  -3.1570976e-01   2.1869771e-01   2.2110773e-01   3.7296815e-02   2.8163575e-01   8.1010229e-02   5.0557308e-02   1.1476956e-01  -1.9465230e-01   4.0339526e-02   1.6328546e-01  -2.7355483e-01   8.7083819e-02   9.4382048e-02   5.7889927e-02   2.7382538e-01  -3.3399291e-01  -1.1303173e-01   1.0712106e-02  -4.1754112e-01   3.0054656e-01  -6.1336557e-02  -1.2568446e-01  -2.6526776e-01   1.2570651e-01   3.6267455e-01   4.3495676e-02  -1.5632165e-01  -3.6205842e-01   6.4378590e-02   7.5445611e-02  -1.5542317e-03   2.8187866e-01   4.7248466e-02   1.5723651e-01   4.7545324e-01   2.3847014e-01   1.9557727e-01   1.0112380e-01  -5.1342101e-02   1.3573135e-02  -3.5331499e-01  -5.1023865e-01   3.0014203e-01  -1.5885675e-01   4.8469174e-03  -2.9275987e-01   3.1592550e-01   8.3303102e-02   9.3884996e-02   2.5276187e-01   3.3699828e-01   1.3622535e-01  -4.1218623e-01   6.8233974e-03  -1.6114405e-01   1.3505059e-01  -3.5404984e-01  -1.6604861e-01   4.2360555e-01  -1.8069108e-01   2.4331224e-01  -9.8064937e-04   3.1492054e-01  -1.5035373e-01  -7.8318383e-02   6.3037871e-01   1.0045942e-01   1.5456234e-01   2.1171984e-01   2.4389808e-01  -4.1743292e-02   9.2078757e-04  -3.7268553e-01  -7.9831114e-02  -3.3175607e-01   6.2154464e-01  -1.5074470e-01   2.5597293e-01  -8.8404240e-02   1.0150697e-02  -2.9990312e-02   3.2138898e-02  -2.2811352e-01  -8.4280045e-02   3.7208879e-02   1.6597106e-01  -4.8085118e-01   3.6744124e-01  -2.2269116e-01   1.6052914e-01  -4.3817252e-01   2.2876566e-01  -6.6128600e-02   2.5102822e-01   3.8155118e-01   2.4954677e-01   1.1971981e-01  -2.9254985e-01  -1.8065879e-01  -9.0304842e-02   2.2509160e-02  -4.3066330e-01  -3.9924225e-02  -1.4764481e-01  -1.2645136e-01  -8.7317113e-02   1.4154394e-01   3.0477857e-02   1.4120949e-01  -1.7840788e-01  -1.1094074e-01   1.8718645e-01   1.2915192e-01  -1.4806888e-01  -1.0251927e-01  -4.0099038e-01  -2.2609423e-01  -1.1386412e-01   1.9427833e-01  -8.0951391e-02  -2.6537667e-01   3.4474076e-01  -3.5540991e-01  -4.1082616e-01  -1.5065601e-01   2.5185681e-01   7.8381116e-02   2.0285502e-01   6.0208748e-02   1.4814251e-01  -8.3143718e-02  -4.2555294e-01   2.5455914e-01   3.9792626e-03  -1.3319928e-01  -1.4844763e-02   3.7320311e-01   2.2153539e-01   3.1134924e-02   4.0278147e-02  -1.3019572e-01   4.1391807e-02   2.4788541e-01   6.0871967e-02   9.2011224e-02  -1.1650931e-01   2.4760302e-01  -7.7646214e-02   2.4316052e-01
  -1.7279184e-01   2.0659898e-01  -6.7502012e-02   5.2216311e-02   5.7443305e-01  -3.7384763e-01   6.7898881e-02   8.9869100e-03   2.5876612e-01   0.0000000e+00  -9.6475713e-02   1.7545688e-01  -1.8074426e-02  -2.7182443e-01  -1.5826096e-01  -2.1794842e-01  -1.7285927e-01  -2.6696045e-01  -2.8697125e-01   6.1929856e-01   1.4586489e-01   2.3703364e-02   1.3688919e-01   8.7479758e-02  -8.7796322e-02  -4.0306764e-02  -3.2972903e-02  -3.9575747e-01   2.4293939e-01  -1.7115941e-01  -2.9658190e-01   2.7170077e-01  -5.2232647e-02   3.3895144e-01  -4.6312440e-02   2.0337767e-01   2.1793923e-01  -4.8744280e-03  -3.1043061e-01   9.8506263e-02   2.0116415e-01   2.4073650e-02   2.4620171e-01  -1.6558570e-01   1.7880987e-01  -1.7697266e-01  -9.4909045e-02   6.3332039e-02  -1.7645142e-01  -4.8718479e-03  -3.5226650e-01  -4.7163326e-03   3.4267668e-01  -5.8699237e-02  -3.8831783e-01  -1.4183910e-01  -3.4878211e-01   1.6681495e-01   2.5224313e-01   4.8920476e-03  -1.3103306e-01   1.1771639e-01   3.3519806e-01  -6.2775399e-02   1.2788684e-01   5.1931212e-01  -3.2283319e-01  -1.5723953e-01  -9.2101054e-02  -4.1089754e-01   2.8333684e-01  -1.2735648e-01   1.7562320e-01  -2.5791862e-01   2.5599048e-01   1.7053970e-01  -1.3971778e-01  -2.5709742e-03   5.4427861e-01   3.8846729e-01  -2.0357534e-01   1.6761968e-02   1.1289463e-01  -1.3485681e-01  -2.4364823e-01   7.5474408e-02   1.1649721e-01  -2.5394044e-01   1.5721677e-01  -6.8753929e-02   4.8908873e-01  -1.2008703e-01   3.5347254e-01   2.1160388e-01  -6.3951497e-02   4.4186431e-01  -5.7955449e-03   7.7309745e-03  -1.3644402e-01   3.7956049e-01  -3.1956774e-01   3.5138866e-02  -2.6774580e-01   4.8459180e-03   5.8496164e-02   2.1706992e-01   7.8904779e-02   2.8924547e-03   6.3789081e-02   1.9241716e-01   5.7082676e-02  -2.3860770e-01   1.3841307e-01  -8.2948039e-03  -3.6418702e-01   3.3131073e-01  -1.3177577e-01   9.2934854e-02  -3.0147079e-01   9.3873792e-02  -9.2983283e-02   4.8303663e-01   1.7685259e-01   2.8504116e-01  -5.8398430e-02  -2.6351645e-01   1.7682097e-01   8.0481302e-02   2.4353158e-01  -3.1605531e-01   8.3096776e-02   1.5964388e-02  -8.7494223e-02  -5.0890814e-02   5.3474283e-02   5.8201298e-02   2.7102277e-01  -3.2523692e-01   1.1575260e-01   1.6000526e-01   1.7417013e-01  -7.8610807e-02  -4.6568165e-02  -1.4208409e-01  -5.8305117e-02  -7.2060470e-02   2.9222268e-01   8.8469191e-02   9.9785468e-04   3.8942305e-01  -3.0400096e-01  -3.1351102e-01  -2.6609967e-01   2.1256773e-01   1.8279867e-01   1.2787148e-01  -1.5158940e-01  -1.3801997e-01  -1.4052852e-02  -2.2137361e-01   1.8126508e-01  -1.2834475e-03   2.3244993e-01   1.1345501e-01   2.2708437e-01   3.0440882e-01  -7.3827332e-02  -2.4897240e-01  -1.8111033e-01   2.3208103e-01   4.5742005e-01  -1.5080388e-01  -2.6591733e-02  -5.3495594e-02  -1.2224933e-01   7.4465980e-02   2.3670073e-01
   1.3094011e-01  -4.2043502e-01  -2.3497260e-01   2.3386799e-01   8.7816991e-02   2.4292638e-01  -1.7525026e-01   9.6354879e-02  -3.5845685e-01  -9.6475713e-02   0.0000000e+00  -2.7378173e-01   1.3715539e-01   2.4242310e-01   4.1049101e-01   1.8142812e-01  -2.4612353e-01  -1.2905209e-01   2.3289074e-01   3.2167524e-02   4.1883782e-02   1.4437940e-01   1.6556543e-01  -1.2285988e-01   4.0545721e-02   4.2184572e-01   8.1932025e-02   2.4814687e-01  -7.2631986e-02   1.5255868e-01  -1.1692253e-01   2.5163053e-01  -3.1723349e-02  -2.9499169e-01  -1.3893668e-01   3.2876738e-01   1.4688322e-02  -4.7302638e-02   6.4315129e-02  -2.3250490e-01   6.9675840e-02  -3.6839905e-02  -1.1617973e-01   3.2528161e-01   1.5927838e-01  -2.9602634e-02   5.1769312e-01  -1.7994952e-01   1.3711754e-01  -2.1165307e-01   1.5370558e-01   3.4171242e-01  -2.2614515e-01  -5.1389002e-02   5.3257268e-02   3.7516259e-01   2.1327435e-01   2.5273178e-01   2.0593875e-01   1.7140362e-02   3.0061611e-02   1.4855870e-01  -2.2695678e-02  -5.2046980e-02   2.2812351e-02   6.5396866e-02  -1.7265473e-02   8.8511095e-02   5.7771192e-01   3.0360695e-02  -3.8779714e-01   4.6386288e-01   2.3954689e-01   9.6113802e-02   3.4504955e-02   2.0521858e-01  -3.6180006e-02  -9.9682682e-02   2.8114796e-02   9.3006740e-02   4.5372599e-01   1.7718170e-01   1.5744126e-01   3.1075026e-01   1.3688636e-01   2.8432664e-01  -3.8688020e-01   1.4089469e-01   2.7118982e-02   1.6447842e-02  -1.0853717e-02  -5.8727786e-02  -8.7012057e-02  -2.2345034e-01  -3.5237574e-02  -5.4829470e-02  -7.6000172e-02   2.9580574e-01   5.7759992e-02  -1.8693912e-01  -7.0677402e-02   6.0706251e-02   2.9501657e-01  -2.6315386e-01   4.3908920e-01   1.3189900e-01   9.2103233e-02   4.9374167e-01   5.7773148e-02   4.4214354e-02   1.0755833e-01   3.7356022e-01   3.0148613e-01  -9.3484555e-02   1.6392482e-01  -1.2743837e-01   2.7548379e-01   6.0812484e-02   2.0483355e-01   2.2513120e-01   1.3287458e-01  -1.5675131e-02  -1.3086978e-01   5.2738740e-02   2.3435423e-02   1.1460559e-01   1.9129894e-01   5.9215718e-02   2.3118258e-01  -1.5489771e-01   1.3383885e-01   3.5957545e-01   4.4268672e-02  -4.0494232e-02   1.5055568e-01   3.0756289e-01   3.9566807e-03   2.9639923e-02   2.1696965e-01  -7.9457080e-02  -7.4052801e-02   2.2433308e-03   5.1822607e-01  -5.3304044e-02   2.6096927e-01   2.4809898e-01  -3.8946604e-01   2.8221480e-01   2.3411093e-01   1.6293100e-02  -4.9379839e-03   2.6070923e-01  -1.9408686e-02   2.0891542e-01  -3.3669996e-01  -1.4992913e-01   1.4385126e-01  -9.6352367e-03  -1.7768203e-02   3.7165137e-01   3.8397333e-02   3.2723024e-01   1.1049469e-01   3.1883510e-01   1.1241462e-01  -6.8772741e-02   3.5514408e-01  -9.7396813e-02   8.1454195e-02  -1.3804464e-01  -1.8263842e-01  -1.2998605e-01   2.8030668e-01  -2.3643588e-01  -2.4054226e-01   5.6881746e-02   1.2140446e-01
  -2.3421261e-01   6.9744789e-01   5.2649164e-01  -1.3335481e-01   1.1473812e-01   2.2256492e-01   2.8830787e-01   1.9359874e-01   1.5811047e-01   1.7545688e-01  -2.7378173e-01   0.0000000e+00   1.0928645e-01  -1.2365288e-01  -1.7108058e-01  -8.8240172e-03   4.3185916e-01  -1.1910360e-01   3.0384990e-03   2.4790969e-01   4.3649555e-02  -1.8454040e-01  -3.0999692e-01  -4.1849928e-02  -4.4530747e-02  -1.6596540e-01  -3.4952542e-02  -2.2844514e-01   1.7063712e-01  -4.1609236e-02  -1.7566178e-01  -1.1564940e-01   2.0809026e-01   2.5680588e-01   2.4361312e-01  -1.3394558e-01  -7.2238349e-02  -1.9315051e-01   4.8500010e-02   3.4778533e-01  -2.9439593e-02  -6.1720858e-02   2.1971527e-01  -9.6328208e-02  -1.0316922e-01  -2.4093764e-01  -3.0193392e-01   2.9861117e-01  -2.4717865e-01   3.2459425e-01  -2.2998778e-01  -1.9648860e-01   4.1696221e-01   1.6077064e-01  -1.0140358e-02  -1.6835220e-01  -1.7138072e-01  -3.2734192e-01  -1.6310840e-01   1.6713319e-01  -2.5582730e-01   1.0582048e-01   6.9517257e-03  -6.9501200e-02  -1.4476913e-01   7.6789037e-02   4.0580652e-01   2.1994944e-01  -3.0080991e-01   4.5392408e-02   5.7617243e-01  -3.1852233e-01  -2.8353239e-02  -1.7221065e-02  -2.9849174e-02  -1.4836737e-01  -2.7775039e-01   2.3368268e-01   2.2794352e-01  -7.3906009e-02  -1.4671154e-01   9.1689271e-02   1.9426740e-01  -1.1090521e-01   7.8009641e-02  -5.9485521e-02   4.5018671e-01  -1.2090461e-01   7.2247156e-03  -2.0557193e-01   2.2144003e-01  -1.2073976e-02   3.7817204e-01  -2.9356515e-02  -2.7256575e-01   3.5836241e-01  -3.4221703e-02  -7.1801318e-02   3.9916914e-02   2.4576670e-01   9.4249294e-02  -2.4703083e-02  -1.3905687e-01   3.3067130e-01  -2.3282975e-01  -8.6119486e-02   3.6456701e-01  -1.3552188e-01  -2.4689523e-01   2.3800762e-01   3.2105727e-01  -1.1273647e-01  -8.1640765e-03  -1.2148560e-01  -6.5241062e-03   3.3768035e-01  -1.7045601e-01   1.2343394e-01  -1.4812845e-01  -1.9193314e-01  -2.4419105e-01   3.5134966e-01   2.9584891e-01  -1.8017996e-01  -1.5354673e-01   1.6782957e-01  -8.6109680e-02   1.3142423e-01  -1.7255961e-01   2.4695814e-01   4.9685981e-02  -3.8809011e-02   4.6704354e-01  -2.1269330e-02  -5.0322960e-02  -1.1734631e-01  -4.6297944e-02  -4.1508679e-02  -1.5401758e-01   5.7303221e-02   6.5048200e-02   5.3521558e-02  -2.1653204e-01   3.0510347e-01  -2.1256119e-01  -7.0135912e-02   5.2623729e-01  -4.6997456e-02  -1.4059568e-01   5.0825760e-02   1.2805104e-01  -1.8562432e-02   9.0875983e-02  -8.3061597e-02   6.5522461e-01   4.8647805e-03  -1.9654387e-01   3.0819446e-02  -2.2130788e-02  -1.1368624e-01   2.5423087e-01  -9.7985466e-02   2.1813761e-01  -3.3151822e-01   9.4008306e-02   3.1586201e-02  -1.2855843e-01  -1.3766233e-01  -7.7953344e-02   3.3179706e-01   2.3955264e-01  -2.5346712e-01  -9.0852238e-02   5.7377647e-01   5.8969803e-03   2.1982357e-01   1.1895681e-01
  -9.3885036e-02  -4.5160161e-02   3.4022788e-02   1.8494005e-01   1.6255678e-01   4.6123159e-02  -8.2682728e-02   2.0338846e-01  -5.9227870e-02  -1.8074426e-02   1.3715539e-01   1.0928645e-01   0.0000000e+00   1.6228655e-02  -9.6260728e-02   1.5243818e-01   1.0951119e-01   9.7333552e-02  -3.3980112e-02   2.0540598e-01  -5.1309767e-02  -7.1063061e-03  -1.1510326e-01  -5.4110902e-02  -9.6470425e-02   1.7813958e-01  -5.1009616e-02  -1.9297566e-01   2.6055493e-03  -5.1421337e-02  -2.0085223e-01   2.5552146e-01   1.2452159e-01  -3.7200124e-03  -6.1375147e-03   1.9329367e-01   2.6008418e-02   5.1276359e-02   1.7043696e-01  -3.7461261e-02   5.7257922e-01   1.2349151e-01   2.0615254e-01  -1.8195239e-02   7.8853200e-02  -3.2440597e-02   1.6377358e-01   3.9042859e-03   8.2098319e-02   1.0878391e-01   1.3403508e-01   1.8248077e-01   7.4524300e-02   1.2299993e-01   1.9451656e-01   5.5539180e-02  -3.9643295e-02   7.5924905e-03   2.6085119e-01   1.2112090e-01   1.5347893e-01   4.9117099e-01   1.2476401e-01  -3.5137219e-02  -9.7333047e-03  -3.0496451e-02   4.8526186e-02   4.1509510e-01   9.3044502e-02  -8.7265007e-02  -6.2967244e-02   2.9359829e-01   3.6582761e-01  -1.0870338e-01   2.5433374e-01  -1.4526917e-01   1.4119977e-01  -3.6945305e-02   1.4817047e-01   1.0921983e-01  -1.2906659e-02   5.5939422e-01  -5.8313676e-03  -7.3137902e-02  -2.0540105e-01   1.3117444e-01  -6.6041640e-02  -1.1041175e-01   2.0581068e-01  -2.1305715e-01   1.2845926e-01   2.3919560e-01  -2.0142899e-02   5.9971588e-02   5.0537302e-02   2.7967391e-01   2.9142408e-01   5.4195817e-02   3.2085714e-01   7.2573339e-03  -1.3271656e-01  -4.5897181e-02   2.1054159e-01   8.6101940e-02   1.0941296e-01   1.4678528e-01   2.6026663e-01   1.8733022e-01  -1.7990248e-01   1.7105552e-01  -8.1501345e-03   1.6605359e-01   2.5991186e-01  -1.0436283e-01  -8.8318291e-02   1.1754043e-01   8.8725101e-02   5.6789257e-01  -1.7153597e-01   3.9854402e-01   2.8718758e-02   2.0403346e-01   1.4178245e-01   1.5154078e-01   9.7305490e-02   7.3422320e-02   1.8487013e-01  -4.3655207e-02  -2.2850377e-02  -1.1130924e-01   2.9206674e-01   1.3822086e-01  -5.5442286e-02   1.7599218e-02   2.1778337e-01   9.6015322e-02   4.6638107e-02  -2.9311222e-01   3.8266782e-02   1.8158005e-01   3.0884860e-02   2.7598043e-01  -2.3627331e-02   3.6164596e-02  -3.3077935e-01   8.9579322e-02  -1.2055165e-01   1.5291493e-01   2.2471997e-02   1.0064681e-01  -1.5296013e-01   6.1574113e-04   9.9749477e-02  -9.8568170e-02   8.7482233e-02   1.6515016e-01   1.7219758e-01   4.5219852e-01   3.3557466e-01   2.7503532e-01   3.1102692e-01  -3.6167451e-02   2.8795170e-01   7.3288354e-02   3.3774325e-01   8.2626977e-03  -6.1530838e-02  -1.8710710e-01   1.5025068e-01   4.8081233e-02   4.4739696e-02  -1.8424633e-01   3.3155149e-01   2.0346958e-02   7.8637485e-02   1.0444075e-01   2.5441978e-01
   3.9932185e-01  -2.4969484e-01  -3.2269612e-02   8.5440667e-02  -2.5816035e-01  -1.9466291e-02  -2.1079351e-01   1.5939484e-01  -2.5147235e-01  -2.7182443e-01   2.4242310e-01  -1.2365288e-01   1.6228655e-02   0.0000000e+00   2.0480773e-01   6.1189539e-02   8.3070104e-03   1.2893046e-01   1.8990358e-01  -3.4569832e-01   2.5186523e-01   1.0033094e-01  -4.5462009e-02   1.3160479e-01  -3.9460000e-02   1.4053544e-01  -4.1267003e-01   4.7443425e-01  -1.5133456e-01   1.0200933e-01   3.3453256e-01  -1.2965415e-01   9.3984635e-02  -1.7435571e-01   1.8874088e-01  -2.6654142e-01   5.6792205e-02  -2.7372506e-01  -1.0636687e-02  -3.0809246e-01  -1.2337081e-01  -9.4387231e-02   1.3212295e-02   6.5546435e-01  -1.6492034e-02   2.2584580e-02  -6.7077844e-02  -2.4339918e-02   1.4381808e-01  -9.1187940e-02   7.6419399e-02  -1.6135525e-01  -2.7864051e-01   1.3882218e-01   6.0025552e-01   4.9974305e-01   1.2270312e-01   4.4625322e-02   1.0773886e-01  -8.3506547e-02  -6.8370852e-03  -5.2454968e-02  -1.0858595e-01   2.8989757e-01   1.6459572e-01  -6.7561797e-02   1.0831612e-01  -2.0474454e-03   2.3531095e-02   1.8282612e-01  -8.4568372e-02   1.2208197e-01  -1.1739778e-01   4.8527238e-01  -2.2832687e-01  -1.2470028e-01  -5.4854563e-02  -4.2217842e-02  -3.2877766e-01  -2.8117082e-02   5.0806252e-01  -1.1761476e-01   3.1637647e-01   2.8819618e-01   4.7987591e-01   3.6763611e-03  -2.0190435e-01   3.6963176e-01  -2.1022554e-01   1.2503512e-01  -1.5410572e-01   6.5562284e-03  -2.1169643e-01  -1.9122293e-01  -2.3058349e-01  -3.0870319e-01  -7.0909824e-02  -2.1935047e-01   7.8955355e-02  -1.6039375e-01   5.0326025e-01   8.5157516e-02   5.7468034e-01  -3.3568140e-02   5.4108246e-03  -1.6743112e-02   1.0060720e-01  -3.5601398e-02  -7.2118871e-02  -1.0924289e-01   1.9366281e-01   1.8981049e-01   1.2941872e-01  -7.6204063e-02   5.9202668e-01  -2.3951247e-01   1.3779491e-01  -9.7840812e-02   6.5338478e-01  -5.4351611e-03   5.2636548e-02  -2.1359989e-01  -2.6821632e-01  -1.3347446e-01  -1.4956806e-01   4.9715524e-01  -9.6893975e-02  -8.4781773e-02  -8.2824133e-02  -1.3324111e-02  -1.1364193e-01   1.0754648e-01   4.5533010e-01   1.7876152e-01   2.1300772e-01  -7.5421837e-02  -1.0008706e-01   3.1678025e-01  -1.3846189e-01  -3.0192486e-01   5.0796020e-02   4.1092022e-02   1.0012308e-02   2.7408014e-01   3.9510778e-02   3.1038757e-01  -1.5788110e-01  -9.5744527e-02  -2.1710766e-01  -3.5629958e-02   4.1197841e-01   7.1742337e-01   1.8874289e-01  -4.6094795e-02  -1.7433582e-01  -2.8305910e-01   6.5205728e-02  -6.1574742e-02  -1.1680499e-01   4.1021084e-01  -2.2792164e-01   8.2484426e-02  -2.8530147e-02   1.4223521e-01  -1.6443451e-01  -1.0823526e-01   1.1697495e-01   1.6491252e-02   2.3103365e-01  -1.1947865e-01  -3.9731678e-01  -1.4409950e-01   7.6741278e-02   2.2243118e-02  -1.0339035e-01  -5.0998395e-03  -8.6849855e-02
