   0.0000000e+00  -1.9310893e-01  -2.3057551e-01   6.1391561e-02  -7.4864850e-02   9.6907584e-02  -2.9857564e-01   2.5963531e-01   4.2993481e-02  -2.2239169e-01   2.3029832e-01  -3.8499306e-01   1.8358537e-02   2.3581281e-01  -4.0284718e-02  -2.7889465e-01  -2.1343263e-01   2.8935945e-01  -8.1789478e-02  -6.1458889e-02  -6.5944147e-04  -9.7807648e-03  -1.4017789e-02   6.6136183e-01  -1.0982298e-01   9.9964080e-03  -2.0256167e-01   3.6312529e-01  -1.0596770e-01  -3.1549434e-03  -1.8148795e-01   2.8185907e-02  -1.1254336e-01  -3.4995480e-01  -1.6009954e-01  -5.6419300e-02  -8.4940201e-02  -9.2808429e-02  -3.2974217e-01  -2.4728663e-01   1.4539145e-01  -8.2066200e-02  -1.7664211e-01   2.7710335e-01   1.9485925e-01   7.7715086e-01   4.7937649e-02  -1.9544105e-01   1.6021050e-01  -3.0317728e-01   1.5439806e-01   1.0067523e-01  -2.8559222e-01  -1.9799743e-01   2.9851461e-01   1.6921492e-01   2.9772286e-02   9.5081520e-02  -3.0858483e-01   3.8715263e-02   3.8002013e-01   1.5553905e-01  -8.3236117e-02   1.8556841e-01  -1.9294575e-01  -9.8723084e-02   9.7571085e-02   3.7123115e-02  -7.0027128e-02   5.2872868e-01  -3.9119534e-01   1.9686097e-01   9.7419334e-02   3.4165123e-01  -8.8791386e-02   4.3529507e-02   4.0711537e-01  -8.8749277e-02  -2.7166408e-01  -2.9145628e-01  -5.3617941e-02  -6.6052155e-02  -3.0611560e-04  -1.4867254e-01   1.5491720e-01  -6.0750963e-02  -2.1898613e-01   2.5987428e-01  -1.1496515e-02   7.3754058e-01  -7.2511604e-02   2.9963211e-01  -4.5777801e-01   1.5181526e-01   4.0413175e-01  -1.9971662e-01   2.7405199e-02  -2.1110293e-01   1.5104003e-01  -2.4302278e-01  -2.0702900e-01   2.8148134e-01  -2.3475699e-02  -2.0817885e-01   2.1449951e-01   1.0720530e-01   1.5333633e-03  -1.5311099e-01   2.0289029e-02   7.2586168e-02  -2.4052324e-01   1.0640249e-01   7.9449962e-02   8.0207770e-01   1.1443901e-01  -2.4342952e-01  -2.4375697e-01   2.8844184e-01   8.5267056e-02   4.9638688e-02   6.1605271e-01  -2.0833580e-01  -1.8267539e-01  -3.4483317e-01   6.2953342e-01   3.2937007e-01   5.7874137e-02   1.0496093e-01   2.1111985e-01   4.7640263e-02  -2.4484784e-01  -2.7056796e-01   4.1943696e-01  -4.2726394e-02   2.6267466e-01  -4.4271652e-03  -1.5979740e-01  -3.5110781e-01   2.8175294e-02   3.3154411e-01   3.9518634e-01  -1.2019686e-02   6.7899445e-02  -3.5704779e-02  -1.4909915e-01  -5.7025041e-02  -4.8148951e-01  -5.2093239e-02  -2.1523301e-01  -1.5300614e-01   4.3052910e-01  -1.1520948e-01   3.9752728e-01  -2.0841833e-02  -3.6551479e-01   4.3155413e-01   5.4095259e-01  -2.5671066e-02   3.2675212e-01   1.4172507e-01   2.3916182e-02  -2.4797358e-01  -8.7267512e-02   4.4600652e-03   7.9678947e-02  -4.9020345e-01   8.7838807e-02   2.8186523e-01   4.2289922e-01  -2.6667504e-01  -3.5527168e-01   1.0346455e-01   2.3647108e-01  -1.4327543e-01   6.4707814e-02  -2.3161558e-01   1.6502481e-02
  -1.9310893e-01   0.0000000e+00   2.2294691e-01   2.1795939e-01  -9.7412272e-02   3.1849006e-01   9.6861066e-02   8.7191621e-02   1.6209268e-01  -1.8365876e-02   7.9107201e-02   4.5015075e-01   4.3958308e-02   4.2752296e-01   3.0118869e-01   6.7364272e-02   3.0917772e-02   1.7497432e-03   2.8006203e-01  -1.6138789e-01   3.4552984e-02   4.2855994e-01   9.8937992e-02  -1.2149515e-01  -3.4141338e-02   1.7821819e-01  -3.4728662e-01   3.3629109e-02   1.0828970e-02   3.8822043e-01   5.5007909e-01  -1.3273693e-01   1.4698722e-01  -3.2875457e-01   5.4585417e-01  -2.4036264e-01  -9.2694358e-02  -7.0027805e-02   2.1728868e-01  -2.4168425e-01  -1.1298196e-02   7.2691013e-02   1.3618471e-01   4.5235813e-01   5.7253392e-02  -2.9704703e-01   8.7801959e-02   3.5793949e-01  -2.5778742e-03  -3.2064785e-02  -1.1705650e-01   2.3004516e-01  -9.6331095e-02   3.0460622e-02   3.6241100e-02   3.7908788e-01   2.6394669e-01   1.2231790e-01   2.2325412e-01   2.3958994e-01  -7.3837636e-02   4.6720428e-02  -1.3302721e-02   5.9797840e-02   3.3291966e-02  -7.1245875e-02   3.0364692e-01   8.4352054e-02   2.9486797e-01  -1.3409710e-01   9.5021782e-02  -8.1644203e-02  -1.8634005e-02   3.2817427e-01  -2.8616846e-03   1.9828799e-01  -1.5155446e-01   2.7100305e-01  -6.8736239e-02   2.2785399e-01   3.0838941e-01   6.5114893e-02   3.8133652e-01   3.0580804e-01   3.5244170e-01   2.5750851e-01   5.4244196e-02   2.5261225e-01   3.3328729e-01  -3.9256433e-01  -2.1804270e-01   1.1049838e-02  -4.9351124e-02   2.4842379e-01  -2.4213269e-01  -6.6306986e-02   3.7880496e-02   2.2175737e-01  -2.2131337e-02  -2.6259338e-01   9.7417585e-02   7.3362250e-02   6.0051860e-01   2.5994537e-01   3.3096188e-02  -8.5806869e-02  -4.6268152e-02   1.6643551e-01  -8.0965561e-03   3.5437218e-02   1.4661621e-01   2.8856391e-01  -5.8193600e-02  -2.4469878e-01  -6.2593432e-02  -1.8063309e-01   1.6474642e-01   1.1537643e-01   2.0220310e-01   1.4968672e-01  -9.0195009e-02   4.5007303e-02   1.6674184e-01   2.7074554e-01  -3.9393316e-01   5.3218315e-01   1.9241332e-01   6.5705851e-02  -1.3148027e-02   8.5707549e-02  -1.2000534e-01  -1.4326580e-01   6.1500640e-01   3.5956756e-01   3.0930054e-02   1.7902262e-01   2.5131844e-01   4.1430174e-02   1.4936578e-01  -2.1380208e-02   8.4884776e-02  -1.5324320e-01  -4.2198998e-03   3.5249836e-01   2.4710440e-01   3.2783562e-01  -1.0343853e-01  -9.6439392e-02  -3.5750830e-02  -1.8235983e-01   2.4090153e-02   4.4777186e-01   1.5105530e-04   5.0540770e-02   1.6406820e-01  -1.1691288e-01  -2.7097978e-01   7.7820270e-02  -1.9949033e-01   4.7122273e-01  -1.3268385e-01   2.6157570e-01  -9.6747952e-02   1.7123161e-01   1.1784940e-01  -1.8022382e-01   3.7299831e-02   3.4845228e-01  -8.6948971e-02  -8.0787471e-02  -8.5890154e-02  -1.0024292e-01  -2.2769367e-03   5.4147715e-01   1.4574685e-02   1.3731795e-01   8.8796332e-02
  -2.3057551e-01   2.2294691e-01   0.0000000e+00  -5.0898955e-02  -1.1284027e-01   1.9710137e-01  -9.3905768e-02   4.9747432e-02  -6.8236227e-03   1.0555895e-01  -1.7642552e-01   4.3405620e-01  -7.7447484e-02   2.2926491e-01   2.0582964e-02   2.2404091e-01   8.1465184e-01  -2.4016624e-01   8.4605151e-02  -1.2208962e-01  -1.2612450e-01  -1.0782721e-01  -1.2122055e-01  -2.2471185e-01   3.3621561e-03  -6.4685975e-04  -1.2214376e-01  -1.1692261e-01  -1.2529975e-01  -1.2243804e-01   1.8427148e-01   1.4904609e-02   3.5566862e-01  -2.5571756e-01   9.0492507e-02  -3.7351615e-01   2.1204221e-02  -3.5461013e-02   1.7980899e-01   2.7916423e-01  -5.5797188e-02   2.0790165e-01   1.3854219e-01   1.1170028e-01  -2.2994307e-01  -5.1014974e-02  -1.5423355e-01  -1.0528563e-02  -1.8353403e-01   3.4645146e-01  -8.0690100e-02   1.6829912e-01   3.5623876e-02   4.0520261e-01   1.0495995e-01   5.7948216e-02   9.0145872e-02   1.9309181e-03   1.2968892e-01  -2.1213124e-01   1.7845585e-01  -8.7912739e-02   1.3412922e-01  -3.6495657e-03  -2.5522794e-01  -3.0627815e-01   2.5314759e-01   1.9907164e-01  -1.5128726e-01   2.0114948e-01   1.8446281e-01  -1.5701270e-01   1.7689597e-01   1.9540169e-01   8.1157857e-02   1.5627062e-01   4.3225696e-02  -3.5262982e-02  -9.2556066e-03   1.5984061e-01  -3.7709194e-02   4.8834380e-02   1.6050852e-01   9.3902587e-03   2.0165445e-01   1.3996896e-01   1.9757976e-01   1.0927990e-01   2.6441255e-01  -2.8754468e-01  -6.6405464e-02   4.5345493e-01   2.4138203e-01  -1.3152469e-01  -1.0218117e-01  -4.7891008e-02   1.0287572e-01   1.4926162e-01  -2.1874583e-01  -2.3720711e-01   3.7252800e-01  -1.4212536e-01   1.3375470e-01   1.3428388e-01  -1.8258716e-01  -2.3659750e-02   4.3177006e-01   1.4512539e-01  -1.4083436e-01  -1.9710712e-01   3.8583760e-02  -8.0722948e-02  -7.8551742e-02  -1.7946092e-01   6.3370428e-02   1.8605580e-02  -5.5697960e-02  -9.3343144e-02   2.1069783e-01  -2.8294321e-02  -1.0790429e-01   5.5931117e-02   3.4576390e-01   2.4027911e-01  -2.0795868e-01  -8.2045895e-02   1.5679387e-01   1.4538606e-01  -2.2435840e-01   4.5644980e-01  -4.3615379e-02  -2.6874178e-01   1.4672665e-03   5.2950046e-02  -2.2765300e-01   1.2159824e-01   1.8033607e-01   1.3759542e-01   1.2141073e-01  -2.8175931e-01  -3.6581138e-02  -2.5475934e-01  -1.5890620e-01   2.3129698e-01  -5.1449678e-03  -3.0221794e-02   1.9040630e-01  -1.8237621e-01  -1.8525419e-01  -9.1221487e-02   7.3395290e-02   7.5937578e-02   1.7721553e-01  -1.7556452e-01   4.9330260e-01  -1.7087441e-01   1.4083439e-02  -2.0844327e-02   4.2467493e-01   1.7076036e-01   1.2769213e-01  -4.9633269e-02  -7.7596202e-02  -1.5420292e-01  -5.6445208e-02  -8.5691804e-02  -2.7074912e-01   2.0867656e-01   1.7814450e-01  -1.0518609e-01  -2.1820343e-02   5.9440189e-02  -2.8463503e-01   4.0626285e-01   1.9889726e-01   3.1707572e-01  -1.0773569e-01
   6.1391561e-02   2.1795939e-01  -5.0898955e-02   0.0000000e+00   1.1537482e-01   1.8065726e-01   2.2172009e-01  -1.1932943e-01   1.5136266e-01  -3.8515619e-02   3.8251474e-01  -1.1241895e-01   3.5214716e-01   1.2421350e-01   2.6303627e-01   1.5098451e-01  -1.4257741e-01   4.1955039e-01   3.2716711e-01   2.3206838e-01   3.1484322e-01   6.0987059e-01   3.1188830e-01   7.7036525e-02  -2.2356812e-01   1.3900573e-01   2.1533404e-02   4.8188967e-02   9.4925500e-02   6.2313511e-01   1.5647791e-01   2.8959218e-01   1.4391080e-01  -1.3267023e-01   3.0430754e-01   3.9353060e-01  -2.8672486e-01   2.6817331e-02   2.2793179e-01  -2.5871145e-01   3.2213911e-01   1.0581757e-01  -8.5426032e-02  -6.9226289e-03   5.9640185e-01   9.9853672e-02   4.5785224e-01   3.6511921e-01   2.9902297e-02  -1.4017325e-01   3.5891889e-01   3.2458721e-02  -2.9370410e-01  -1.0513041e-01   2.5346535e-01   2.1221611e-01   1.5475653e-01   6.8235224e-01   3.7199920e-01   5.2840750e-01   3.5236987e-01   2.2233400e-01  -1.4592637e-01  -4.5731151e-02   9.7004246e-02   2.0947318e-01   9.7896900e-02   1.3322402e-01   2.2194309e-01   8.1849802e-02  -1.8276959e-01   5.1990859e-01   4.3942851e-02  -5.2732842e-03  -1.8800913e-01   7.6898523e-02   2.8751906e-01   1.4994716e-01  -1.4734596e-01   9.3309411e-02   2.1481596e-01  -1.5183540e-01  -5.1496297e-02   1.3223200e-01  -4.6447564e-02   3.1242144e-01   2.5406926e-02   1.5555777e-01   1.9199689e-01  -9.9258081e-02  -1.4841967e-01   1.7475139e-01  -3.1284459e-01   5.3687436e-01   2.1826463e-01  -1.3186427e-01   2.5928967e-01   2.2924393e-01   2.1766067e-01   7.5269391e-02  -1.5183003e-01   1.0968622e-01   3.2234926e-01   2.8042581e-02   5.9406522e-01   5.1162083e-01  -8.0259024e-02   1.7085339e-01  -1.1413740e-01   6.1292462e-02   1.0554481e-01   5.6068516e-01   3.1833452e-01  -1.6213048e-01  -8.7123030e-02  -3.9477184e-01   8.7714349e-02   2.8457463e-01  -4.9335592e-02   7.1109547e-01   2.2834949e-01   2.7937697e-02   1.4292204e-01   1.2026885e-01   1.5592492e-02   3.6142887e-01   3.4968978e-01  -1.5242496e-01   6.4604287e-01  -1.4178488e-01  -3.6282843e-02   9.0114263e-02   9.9373101e-02   1.7099729e-01   6.2113480e-01  -9.0101443e-02  -5.6618131e-02  -1.6185151e-01   1.0379384e-01   1.0704275e-01   2.6999717e-01   5.0477419e-02   2.4224693e-01  -1.7231706e-01   3.1518284e-01   3.8840218e-01  -3.2377738e-01   6.1828769e-02   1.0608790e-01  -1.4097276e-01  -1.6603972e-01   1.7153763e-02   2.5475396e-01  -3.1345230e-02  -3.1529233e-01   4.6615552e-02   2.1992940e-01   5.4908012e-01   1.1229412e-01   4.0085068e-01   2.6471871e-01   2.9533427e-01  -1.8033692e-02   5.3683997e-01   6.6154248e-01  -2.7805411e-01   2.1993812e-01   2.7667882e-02   1.2269513e-01  -3.1703736e-01  -1.5518516e-01  -7.3020619e-02   4.5781821e-01  -2.6478769e-02   1.2790742e-01  -1.1598196e-01   6.7558726e-01
  -7.4864850e-02  -9.7412272e-02  -1.1284027e-01   1.1537482e-01   0.0000000e+00  -2.4321657e-01   8.8209215e-02  -4.4645938e-02   5.0611941e-01   9.2955692e-02  -1.4356132e-01   6.3342762e-02   1.0700915e-01  -1.2844707e-01  -1.5267652e-01  -2.7237544e-01   1.8437634e-02  -9.6872648e-02  -9.6145416e-02   7.9593760e-01  -1.3311051e-01   5.2024304e-02  -1.8243491e-01  -5.1567773e-02  -1.2600881e-01  -1.8582751e-01   3.2599360e-01  -3.9914628e-01   1.6901302e-01   1.1220693e-01  -1.2177534e-01  -4.9610477e-02  -3.1478041e-01  -2.5135816e-02   1.4362050e-01   3.9926618e-01   2.3806977e-01   2.0135471e-01  -3.2423400e-02   3.2378282e-01   3.1169921e-01  -4.4782873e-01   5.2184568e-01  -2.3175149e-01  -6.5839675e-03  -1.0360009e-01   1.9479361e-02   2.9578784e-01   9.2984048e-02   6.5347599e-02  -8.1036465e-02  -1.7120281e-02   9.8027135e-02  -5.7662284e-02  -5.9408621e-02  -1.0361808e-01  -1.5902867e-01   9.9303508e-02   5.0888344e-02   6.0378301e-02  -3.8804475e-02   4.6539439e-01   4.4515334e-01  -1.6268124e-01   4.7784735e-01   2.6498507e-01   1.0450500e-02   4.3792724e-02  -6.3600690e-02  -2.4830780e-01   3.0742911e-01   5.9812644e-02   1.5875653e-01  -2.5618520e-01  -2.3273539e-01  -1.4371021e-02  -9.1152288e-02  -8.5501707e-02   6.3808099e-01   1.3077391e-01  -3.3830193e-01   1.7896961e-01  -3.2632541e-01  -1.3636710e-01  -2.4408528e-01  -3.0806309e-02   4.4028513e-02  -2.5822949e-01   3.2590150e-01  -6.8557554e-02   7.3123350e-01  -7.5111451e-02   1.3737016e-01   2.5457214e-01   3.3281217e-02   7.5985462e-01   1.6412578e-01   6.4024784e-02   2.7719235e-01  -5.9669269e-02  -1.4591060e-01  -2.9592246e-01  -1.4289201e-01   3.0287063e-01  -1.0673677e-01   9.9236501e-02  -1.5994599e-01  -4.5840798e-02   1.5176075e-01   9.9025732e-02  -1.8984212e-01  -4.6800734e-02   7.8489797e-02  -1.4428571e-01  -4.6511248e-01   4.0612627e-01  -7.9480032e-03   1.8738714e-01  -4.7505554e-01   3.5309872e-02  -1.3116634e-01   7.3370544e-01   1.9997415e-01   9.5516168e-02  -9.4832847e-02  -2.6750280e-01  -3.5005775e-01  -9.7867085e-03   1.7136159e-01  -4.2032671e-01   7.5328539e-02   2.6718909e-01  -1.9084351e-01  -3.1557809e-01   2.0037667e-01  -8.9503512e-02  -1.7196500e-01  -1.1084085e-01   6.5946478e-02   5.6110200e-03  -3.5548828e-02   1.2781883e-03  -4.9904144e-02  -2.8617579e-01  -1.7442706e-01  -1.0938264e-01   9.0096556e-02   3.8873648e-01   1.9006623e-01  -1.2568257e-01  -3.1619733e-01  -3.8773228e-01  -2.4495340e-01   1.4933189e-01   1.2725885e-01   4.5038737e-02  -1.2540275e-01  -2.7494378e-02  -8.7323962e-02  -8.8900793e-02   1.7101073e-01   1.3242446e-01   1.2003307e-01  -9.6198849e-02  -1.3595173e-02   3.6789024e-01   9.6231432e-02  -4.4857777e-01  -1.8845794e-01   1.7900357e-01   5.9061134e-01   1.1394318e-01   2.5104376e-01  -1.1944404e-01   7.7860178e-02  -1.2641323e-01   1.4632690e-01
   9.6907584e-02   3.1849006e-01   1.9710137e-01   1.8065726e-01  -2.4321657e-01   0.0000000e+00   1.8419864e-01  -5.1494736e-02  -2.7300474e-01   8.6584439e-02   1.3783312e-01   2.5078108e-02   2.2114948e-01   2.4243461e-01   3.7183990e-01   1.2667842e-02  -1.4661530e-01   2.5955676e-01   1.6353265e-01  -1.0992874e-01   3.9714120e-01   3.4776815e-01   5.2645348e-01  -1.3497188e-01   5.2685086e-02  -6.1656596e-02  -2.2989279e-01   3.5058530e-01  -1.0831037e-02   4.0530902e-01   2.3966998e-01  -2.3540092e-02   1.3855294e-01  -2.4335865e-01   1.0658587e-01  -2.4710289e-02  -5.7919038e-01  -1.7631088e-01  -1.1126794e-03  -4.5086646e-01   1.1061170e-01   1.6418708e-01  -2.4689384e-01   2.8097104e-01   2.2988229e-01   2.0132592e-01   2.8558501e-01   1.2729027e-01   1.2892421e-01  -3.1466293e-01   1.8637310e-01  -1.3207591e-01  -3.7030431e-01  -2.1443074e-01   1.3986606e-01   1.0843166e-01   1.3373717e-01   2.4994705e-01   1.5553402e-01   1.2343241e-01   2.8632468e-01   1.9605407e-01  -4.9472384e-01  -5.4413362e-02  -3.7741326e-01   1.7029391e-01   7.3301573e-01   1.4785757e-01   2.2591541e-01   4.0025749e-01  -5.1340409e-01   2.2776127e-01  -6.3015337e-02   6.2461579e-01  -7.0349837e-02   4.8712159e-02   1.0725640e-01  -7.1626186e-02  -4.6543641e-01   4.5359632e-02   4.5365624e-01  -4.6093161e-02   4.1638957e-01  -8.2166425e-02   5.0659485e-01   3.8948807e-02  -1.8623283e-01   1.0671485e-01  -2.7311844e-02  -1.1115988e-01  -5.2807037e-01   2.8905761e-01  -1.2531108e-01   2.5696636e-01   2.4451573e-02  -3.2188364e-01  -7.3208733e-02  -1.6020868e-01   1.4112101e-01  -1.8954903e-01  -8.0275309e-02   3.9725759e-01   4.3470255e-01  -3.3056135e-01   2.6759661e-01   8.5949465e-02  -1.1113272e-01   2.2816443e-01  -1.8474427e-01   1.7268013e-01   4.0612120e-01   3.6617373e-01   1.0644925e-01   1.8694861e-01   2.5807056e-01  -5.2478362e-01  -1.4386245e-01  -1.2240028e-01   4.3807949e-01   2.8945187e-01   4.3018671e-02  -1.6494967e-01  -1.7592247e-01  -6.2889138e-02  -1.7009178e-01   2.0258925e-01   4.4677182e-01  -1.5381904e-01   6.4567911e-02   3.2757373e-01  -2.2279395e-01  -4.6450021e-02   3.4456231e-01   5.1554833e-01   1.5455829e-01  -1.5313239e-02  -1.5248768e-01  -2.5896672e-01  -1.0120214e-01  -1.5105534e-02   2.4749885e-02  -1.3782913e-02  -7.9080106e-02   4.7529174e-01   3.6782075e-01   1.3274612e-01  -2.9876596e-01   4.9213587e-02   3.3044417e-01  -2.6708988e-01   3.9991161e-01   4.2166956e-01   2.0402104e-01  -2.6939648e-01  -2.3287505e-01  -1.7283798e-01   5.8339053e-02   5.0840961e-02   1.7134415e-01   3.4267661e-01   5.9581150e-03  -1.5750340e-01   1.8471630e-01   5.7247087e-02   3.1714846e-01  -4.5566016e-01   2.2810595e-01   2.3813411e-01   2.7225417e-01  -3.2478064e-01  -3.9357790e-01  -5.0575065e-02   2.2465775e-01   5.1877641e-01  -1.4266512e-02  -8.6859272e-02   2.6373621e-01
  -2.9857564e-01   9.6861066e-02  -9.3905768e-02   2.2172009e-01   8.8209215e-02   1.8419864e-01   0.0000000e+00  -5.8216739e-01  -2.5688756e-02   4.1463987e-01   1.3032084e-01   2.9134843e-01   2.0700206e-02  -1.3911856e-01   5.2904499e-01   1.5700072e-01  -1.8704253e-01   2.3786632e-01  -1.1715198e-01   3.0823382e-01   5.5847568e-01   9.7809961e-02   6.2180854e-01  -3.5971417e-01  -1.5897449e-01  -2.1489537e-01   3.0054837e-01  -5.5934634e-02   4.0243162e-02   4.7938019e-01   1.0618720e-01  -5.8907462e-02  -2.3993924e-01   4.3425775e-01   2.1951700e-01   5.5846755e-01  -2.7236439e-01   1.3152487e-02   2.5586339e-01  -1.0384864e-01   7.0972320e-02  -1.2548168e-01   6.4332528e-02  -3.3611078e-01   4.6711629e-01  -1.5169951e-01   2.5800596e-01   6.7923759e-01  -1.0151314e-01  -2.9606201e-01   3.3797318e-01  -2.3868991e-01  -4.2063603e-02  -3.6783617e-01  -9.6863975e-02  -1.9110207e-01  -2.0162923e-01   1.3624407e-01   1.3736124e-01   3.3635553e-01  -6.6706617e-02   1.9109123e-01  -3.3408868e-01  -4.0121520e-01   1.7416264e-01   6.6967332e-01  -2.0381203e-02   1.2356116e-01  -5.3213719e-02   1.1257718e-01  -1.4168519e-01   2.7748977e-01  -1.1766086e-01  -3.9015435e-03  -2.0336940e-01  -2.9340402e-01  -2.4455186e-01  -9.2903156e-02  -5.7567062e-02  -2.0268958e-01   4.5748623e-01  -1.0968821e-02   1.8550947e-02  -2.3005452e-01  -9.7079104e-02  -7.1950362e-02  -1.0005329e-01  -1.7435266e-01  -7.0084997e-02  -2.7758630e-01  -1.7579326e-01  -3.4799432e-01   9.9725734e-02   2.5938433e-01  -1.1678003e-01  -1.5427475e-02  -4.5572551e-03  -2.4413698e-01   4.3439571e-02   4.3976761e-01  -1.3840030e-01   3.0110486e-01   2.5793878e-01  -1.5107271e-01   4.9805117e-01  -9.0356435e-03  -3.1648477e-01  -1.6541352e-01  -7.0364245e-03   3.3942873e-01   4.3335678e-01   4.1668972e-01  -4.5437027e-02  -2.9778145e-01   3.8463919e-02  -3.6592337e-01  -1.1469073e-01  -8.9671826e-02  -3.3620870e-02   1.2989067e-01  -3.0683271e-01   1.0125009e-01   9.7971498e-03  -1.9513426e-02  -3.2070597e-01   3.2989053e-02   2.7807108e-01  -3.9822017e-01   1.1399576e-01   2.2671217e-01   9.3623638e-02   3.1135216e-01  -1.9686773e-01   3.1403156e-01   1.8858408e-01  -3.9798309e-01  -2.3831244e-01   3.0220415e-01  -2.2202855e-01  -1.1936611e-01  -1.0527071e-01   1.1941379e-02  -8.9533666e-02   2.8583824e-02   6.8257442e-01   1.8428707e-01   2.8486713e-01   2.9688981e-01   6.6147086e-01   1.5460852e-01  -2.5849390e-01   7.2018322e-02  -2.5456909e-01  -9.6658811e-02  -1.0218316e-01  -3.0443300e-01  -1.1993133e-01   2.7242784e-01  -2.6881810e-01   1.3018510e-01   3.7446476e-01   3.6554621e-02   2.3165753e-01   3.0271692e-01   1.7312219e-01   2.2013730e-01   4.2317105e-01  -8.1473675e-02  -1.7948795e-01  -1.7799005e-01   1.4076734e-01  -3.1320860e-01   2.7786005e-01   6.6274894e-02  -2.0631203e-01  -1.9979420e-01   1.4606214e-01
   2.5963531e-01   8.7191621e-02   4.9747432e-02  -1.1932943e-01  -4.4645938e-02  -5.1494736e-02  -5.8216739e-01   0.0000000e+00   2.8377033e-01  -3.0250439e-01  -1.1333517e-01  -2.8146942e-02  -1.0727710e-02   1.0953624e-01  -3.7718543e-01  -3.0170054e-01   1.5890807e-01  -1.4675312e-01   2.0793213e-01  -2.2548063e-01  -4.8006045e-01   6.4037011e-02  -5.3123426e-01   2.9754431e-01   1.4427754e-01   3.6713343e-01  -1.4513709e-01  -6.6330239e-02  -1.3294381e-01  -2.3285742e-01   3.6188932e-02   4.6702352e-02  -4.8096414e-02  -2.1495444e-01   2.7310177e-02  -3.4129662e-01   3.0509923e-01  -3.7959420e-02  -2.7330581e-01   1.6230387e-01  -8.2983076e-02  -8.0802680e-02   7.2247828e-02   3.8775942e-01  -2.8533515e-01   4.0736452e-03  -2.6239677e-01  -4.0289114e-01   6.0741459e-02   2.9488244e-01  -2.1041472e-01   6.3468048e-01   1.0041523e-01   2.0566085e-01   1.5118002e-02   2.8217156e-01   3.5800263e-01   5.6022689e-02  -3.3213559e-02  -1.0338668e-01  -5.2263962e-02  -1.3147944e-01   3.8167764e-01   4.9554762e-01  -3.7661768e-02  -4.4046304e-01   8.6070815e-02  -6.5489730e-02   1.4656639e-01  -2.2814399e-01   2.6356200e-01  -2.8774382e-01  -1.2226046e-01  -2.7633598e-02   2.1545792e-01   5.1277810e-01   5.7044841e-02   2.1970241e-01   2.0168006e-01   2.4243759e-01  -3.0583986e-01  -3.0683309e-03   9.0118125e-02   2.9118177e-01  -3.8196687e-02   2.6706873e-01   6.7596105e-02   1.2219380e-01   1.7365673e-01   1.1771504e-01   2.3371061e-01   1.4635762e-01   3.3457050e-02  -5.5014183e-02   7.0443067e-02   9.1662583e-02   5.0256495e-02   4.6551956e-01  -1.0040887e-01  -2.8952825e-01   9.7774050e-02  -1.3468798e-01  -8.1005649e-02   4.0373189e-01  -3.0020196e-01   7.8961828e-02   9.1931708e-02   3.9779948e-01   1.0486073e-01  -1.5579559e-01  -2.8233943e-01  -3.7960182e-01  -2.6368228e-02   1.4412743e-01  -1.3372077e-01   3.8635853e-01   1.6203703e-01   5.9208335e-02  -1.0510167e-01  -8.3786709e-02   3.2299126e-01  -2.3014718e-02   1.2629434e-01  -7.5532546e-03   1.8079326e-01   5.5128203e-02  -2.8552897e-01   3.0799637e-01   1.7972114e-02  -3.1849932e-01  -2.4528830e-01  -1.9324150e-01   2.4869892e-01  -2.8568220e-01  -7.5995246e-02   6.4077947e-01   1.3435490e-01  -4.4872205e-02   4.9692552e-01   3.3272565e-01   2.3766013e-01  -1.5150375e-02   4.2192569e-02  -7.1241789e-02  -4.2190582e-01  -4.0455278e-02  -4.6369145e-02  -2.1606850e-01  -4.3025148e-01  -1.4095893e-01   6.0146475e-02   1.9203414e-01   1.2613830e-01   1.8605221e-01   1.9411886e-01   3.7211010e-01   1.7343944e-01  -1.9325373e-01   2.5452113e-02   7.4069450e-02  -3.2094223e-01   1.2355406e-01  -3.1939088e-01  -1.7577701e-01  -9.0644166e-02  -1.8360414e-02  -2.5220814e-01   7.6438214e-02   6.0347622e-03   2.6706415e-01   6.9232384e-02   1.4143769e-01  -2.4444224e-01   2.6500323e-03   2.3090147e-01  -2.5865012e-02  -1.1529601e-02
   4.2993481e-02   1.6209268e-01  -6.8236227e-03   1.5136266e-01   5.0611941e-01  -2.7300474e-01  -2.5688756e-02   2.8377033e-01   0.0000000e+00   1.1021305e-01  -1.1487924e-01   2.2416130e-01  -6.0900324e-02  -2.0596214e-02  -2.3280630e-01  -2.1791782e-01   2.1916704e-01  -4.1930335e-02   1.0101997e-01   3.6052767e-01  -3.1936431e-01   5.8809732e-02  -3.4932561e-01   1.5793703e-01  -3.7741885e-02   2.2642792e-02   1.7637795e-01  -4.4521805e-01  -2.1561585e-02   6.5662558e-02   5.8570265e-02   9.8129314e-02  -1.1526845e-01  -7.4581091e-02   3.4722577e-01   1.0408873e-01   3.7495895e-01   2.3652829e-01  -2.2421051e-03   3.7006610e-01   1.6344901e-01  -2.1829557e-01   5.8135686e-01  -2.3797434e-02  -4.2407439e-02  -8.3816504e-02  -1.3465621e-01   3.0864897e-01  -2.5051424e-03   1.9305686e-01  -3.8121513e-02   3.0676519e-01   1.6921912e-01  -3.0306696e-02  -6.3976782e-02  -1.1343874e-02   1.0649948e-02   1.6778762e-01   8.8190114e-02   1.4488054e-01  -1.3273442e-01   2.5303132e-01   6.4257356e-01  -2.3459842e-02   2.8758243e-01   2.9391921e-02  -9.5921676e-02   5.4065700e-02  -2.0021850e-02  -2.2992277e-01   3.5004235e-01  -5.2223307e-02   1.0626876e-01  -2.8066824e-01  -1.4666735e-02   1.4987438e-01  -9.9216341e-02   8.8210755e-02   5.7109758e-01   1.1143634e-01  -4.0094168e-01   8.0273759e-02  -2.1817559e-01   1.5504035e-01  -3.6403546e-01   1.0346531e-01   9.9630371e-02  -1.1396311e-01   3.4200149e-01  -6.5548199e-02   5.1812616e-01  -1.0153553e-01  -2.3297665e-02   3.0751766e-01   5.0735338e-02   4.1942194e-01   2.3270606e-01   4.1292742e-01   1.6909079e-01  -7.4975473e-02  -7.3179244e-02  -3.7596188e-01  -1.1956221e-01   5.9602713e-01  -1.4462706e-01   1.9549558e-01  -1.2804198e-01   2.2706369e-01   2.7711067e-01  -3.2241346e-02  -3.7969478e-01  -1.1131805e-01   1.8601524e-02  -1.0133803e-01  -4.5921060e-01   3.1145745e-01   5.9563952e-02   1.9273826e-01  -4.5687619e-01   8.4685776e-02   9.1706474e-02   4.3888392e-01   3.4525630e-01   1.5671517e-02   3.2522408e-02  -5.9371658e-02  -3.8371827e-01   2.7940412e-02   2.6317868e-01  -2.3248816e-01   5.8530943e-03   3.8249440e-03  -4.7921566e-02  -4.0748864e-01   3.0589909e-01   1.1144320e-01  -1.6378723e-02   7.5725972e-02   2.2159908e-01   1.9693655e-01   2.2555856e-01  -1.5224538e-03  -2.0402507e-02  -3.1805101e-01  -1.9763077e-01  -6.3976807e-02   1.2737991e-01   1.7308015e-01  -1.1970397e-01  -1.0582188e-01  -4.1938343e-01  -2.8664260e-01  -1.2629426e-01   3.0624283e-01   3.6274134e-01   2.7766942e-01   8.0483149e-03   1.2295148e-01  -1.0886347e-01  -7.0736703e-02  -1.0769949e-02   2.1008493e-01  -4.2528741e-02   5.3571065e-02   1.1128559e-01   2.3670447e-01  -6.0541961e-02  -2.3329817e-01  -1.4232258e-01   8.5966395e-02   3.9143511e-01   1.5406366e-01   1.0808867e-01   4.0166313e-03   9.5175281e-02  -8.8285737e-02   1.3212094e-01
  -2.2239169e-01  -1.8365876e-02   1.0555895e-01  -3.8515619e-02   9.2955692e-02   8.6584439e-02   4.1463987e-01  -3.0250439e-01   1.1021305e-01   0.0000000e+00  -2.2090054e-01   2.8120273e-01   5.6277357e-02  -1.3081427e-01   1.4198567e-01   1.7427808e-01   1.2834541e-01  -9.4193346e-02  -9.9467821e-02   2.8739249e-01   1.7422924e-01  -5.3743679e-03   2.2540811e-01  -3.1341830e-01  -2.4578602e-02  -3.6818441e-01   5.2694450e-02  -2.1949673e-01  -2.9337864e-02   5.8090565e-02   9.9705843e-02  -1.6269617e-01  -1.7874615e-01   3.4564756e-01   2.7254263e-02   2.1352940e-01   2.2710306e-03   7.1961114e-02   1.6031663e-01   9.0130531e-02   1.4514530e-01  -1.3455863e-01   2.6908840e-01  -2.0407654e-01   1.4183802e-01  -1.5240287e-01  -5.6555168e-02   2.1509541e-01   1.1059282e-01  -3.6361753e-02   4.0979912e-03  -2.6007493e-01   1.6986521e-01  -2.0107631e-01  -1.2247346e-01  -1.5908664e-01  -1.9117756e-01   7.6799867e-02   1.6633536e-01  -1.2681155e-02  -8.8776412e-02   1.7861646e-01  -3.4493534e-02  -1.2637252e-01   1.9894799e-02   3.4512395e-01  -3.3223964e-02   1.7563174e-01  -1.6932499e-01  -6.7072393e-02  -4.8951085e-02  -1.6809718e-01  -3.0447760e-02   1.5947878e-02   1.3638292e-01  -5.3385148e-02  -1.0454071e-01  -2.2234425e-01   2.1792487e-01  -1.1704422e-01   3.0147721e-02   2.7233816e-01   6.8379906e-02  -2.2997075e-01  -3.8461957e-02   4.7710648e-02  -3.6559765e-02  -1.8453588e-01   7.2137315e-02  -2.5534511e-01  -4.6134273e-02  -1.7391430e-01   3.5022436e-01   1.2066083e-01  -5.8260443e-02   1.1219445e-01   6.6849266e-02  -5.9288485e-02  -1.6475611e-01   3.0292236e-01  -1.3423878e-02  -1.3067267e-01   1.4488097e-01   6.3794346e-02   6.2926742e-02  -1.0994277e-01  -1.3881665e-01   4.4388617e-02   3.4407558e-01   2.8396063e-01   2.1063773e-01  -4.1121923e-02  -8.1650033e-02  -1.7013266e-01  -1.5132938e-01  -3.5474047e-02  -1.2085732e-01  -1.2062015e-01  -1.0224714e-01  -1.4006627e-01  -2.6274953e-01   2.3403686e-01   2.3460843e-02   9.6996728e-02  -2.5068240e-01  -1.4349068e-01   1.3029106e-01  -1.3435785e-01  -1.2548759e-01   1.3913977e-01   1.6792100e-01   2.3135101e-01  -8.9920779e-02   1.3129379e-01  -1.6409721e-01  -5.4643221e-02  -2.1843838e-01   1.4620934e-01   2.0718496e-02  -1.3165782e-01  -2.4027544e-01  -1.9729233e-02  -2.5661138e-01   2.5362834e-02   2.8703179e-01   3.0999154e-02   3.1557767e-01   1.2850044e-01   4.6596694e-01   1.7696377e-01  -1.6747807e-01  -3.5994715e-03  -2.8294330e-01  -3.9261759e-03   1.3874795e-01  -1.8336371e-01  -1.3097304e-01   4.2081712e-02  -8.5467626e-02  -1.0954067e-01   3.3217714e-01  -4.6327474e-02   4.0910932e-01  -3.0507356e-02  -2.5894986e-02   2.8194610e-01  -2.7762490e-02  -2.0547169e-01  -1.7057838e-01   4.7790799e-02   2.1650881e-01   9.3047937e-02  -6.0811525e-02   5.4681309e-02  -2.5049318e-01   7.4590034e-03   2.5260554e-02
   2.3029832e-01   7.9107201e-02  -1.7642552e-01   3.8251474e-01  -1.4356132e-01   1.3783312e-01   1.3032084e-01  -1.1333517e-01  -1.1487924e-01  -2.2090054e-01   0.0000000e+00  -2.6330634e-01   1.9799102e-01   4.9798923e-02   2.4785880e-01   1.1937365e-01  -3.3236402e-01   4.2007853e-01   2.4554675e-01  -5.5316485e-02   4.9193623e-01   1.6691508e-01   4.5531970e-01   2.5322094e-01  -1.9137069e-01   2.2763896e-01  -1.1877599e-01   2.7226773e-01  -1.5464628e-01   2.6329196e-01   1.6772871e-01   3.2063413e-02   7.8405312e-02  -2.8645917e-02   6.4899514e-02   3.5856919e-01  -2.8579252e-01  -4.5464142e-01   1.0743774e-01  -4.2800610e-01   2.7386790e-01   1.5981106e-01  -3.7885509e-01  -7.1434998e-02   3.8136979e-01   3.5649930e-01   6.4876302e-01   1.9992746e-01   6.0877233e-02  -4.1651263e-01   3.0676661e-01   1.7992984e-03  -4.0574334e-01  -2.3791502e-01   9.5428339e-02   2.6167250e-01   2.5015633e-01   2.3334469e-01  -1.0763614e-01   2.7448992e-01   4.4270668e-01   2.5747303e-03  -3.0893328e-01   2.7466760e-01  -4.4634714e-02   2.9068920e-01   2.9284112e-02   1.5498992e-01   3.8640921e-01   3.9719134e-01  -4.3736416e-01   5.9625580e-01   1.3455686e-01   1.1029285e-01  -3.4307553e-01   5.8855944e-02   2.1763567e-01   1.9843111e-02  -3.6349133e-01  -2.7836432e-01   3.9339604e-01  -5.9099339e-02   1.1174167e-02   1.1159380e-01  -1.3884620e-01   2.2525875e-01  -2.3122958e-01   1.4195384e-01  -3.1533299e-02   1.0945774e-01  -2.0695359e-01   2.6800151e-01  -3.8623234e-01   3.4444170e-02  -1.8626003e-02  -3.0709987e-01   1.9502993e-02  -7.3517960e-02   2.0906214e-01  -5.1655298e-02  -3.3084679e-01   4.2806234e-01   1.1848681e-01  -2.5360154e-01   5.8396936e-01   1.6837319e-01  -7.2401067e-02   1.6579724e-02  -1.9328742e-01   3.0469078e-01   1.9883477e-01   5.6303728e-01   3.9776168e-01   3.7273504e-02   7.4540379e-02  -3.6477684e-01  -4.4250620e-03   2.6313947e-01   7.1926128e-02   2.8390166e-01   2.1090578e-01  -2.7573931e-01  -2.4880006e-01  -2.2504601e-01   6.2213776e-02   5.0381784e-01   1.4932811e-01  -2.4782838e-01   3.8990285e-01   5.2603967e-02  -4.6714273e-02   2.3269702e-01   9.6232460e-02   2.3674244e-01   2.5126723e-01  -1.3719398e-01  -1.4330401e-01  -6.8162853e-02   4.3561836e-02  -1.1803536e-01   2.7468396e-01   1.0788685e-01   5.0188185e-01  -2.9899962e-02   2.5946666e-01   2.8327553e-01  -4.4228203e-01   3.7413813e-01   1.8481813e-01  -2.0751905e-02  -1.8890205e-02   4.4116327e-02   3.2745106e-01   1.9846469e-01  -4.4665144e-01  -1.6936291e-01   3.2227988e-01   9.8083178e-02   2.4118948e-01   3.7205753e-01   1.2310407e-01   1.9776858e-01   3.3908844e-01   5.1287658e-01   3.3918134e-01  -3.4140557e-01   4.8637799e-01   2.8522087e-01   3.9047708e-01  -2.5961989e-01  -3.2024469e-01  -3.4836853e-01   6.2438679e-01   2.7949174e-02  -8.1495390e-02  -4.5458965e-02   2.3008863e-01
  -3.8499306e-01   4.5015075e-01   4.3405620e-01  -1.1241895e-01   6.3342762e-02   2.5078108e-02   2.9134843e-01  -2.8146942e-02   2.2416130e-01   2.8120273e-01  -2.6330634e-01   0.0000000e+00  -1.1952271e-01  -4.4841074e-03   3.2069385e-01   3.0701000e-01   3.6868725e-01  -2.1468935e-01   3.9213735e-02   1.2343575e-01  -1.7152320e-01  -8.0016366e-02  -1.5268909e-01  -4.2577709e-01   1.2897954e-01  -1.8179648e-01  -1.2839891e-01  -1.7558223e-01  -1.5295888e-01   1.9083617e-04   1.8559316e-01  -2.7469321e-01   1.7384564e-02  -5.7140932e-02   3.8338010e-01  -1.7308597e-01   9.3027603e-02   1.8975478e-01   3.1372326e-01   1.6248314e-01  -1.3841214e-01  -1.3195175e-01   4.7858187e-01   1.7209791e-01  -1.9224295e-01  -4.5181755e-01  -2.0140974e-01   3.6253691e-01  -2.4979234e-01   2.1876574e-01  -2.1011030e-01   1.2550055e-01   1.3876939e-01   1.5196331e-01  -1.9686100e-01  -2.5696883e-02  -3.1701912e-02  -1.9380007e-01   2.3358642e-01   5.6197528e-03  -2.9608462e-01  -9.4889609e-02   1.8526831e-01  -2.5307441e-01  -6.4647000e-02   6.7117461e-02   5.6970554e-02   8.9970168e-02  -5.1520684e-02  -2.4607857e-01   3.5960946e-01  -3.0349997e-01  -4.1524656e-02   1.4583920e-01   1.9438269e-01   5.0519857e-02  -3.1695078e-01   1.2362739e-01   2.2422488e-01   2.6424640e-01   2.3133362e-02   9.0389381e-02   2.7247336e-01   4.5467146e-02   6.6419111e-02   6.1427459e-02  -1.8201996e-02  -8.4448130e-02   2.7658591e-01  -4.3947873e-01   4.8496224e-02  -1.9671842e-01   3.5054655e-01  -4.2025570e-02  -2.3386326e-01   2.3731805e-01   1.4277198e-01   1.4475875e-01  -1.3712609e-01  -1.6942310e-01   1.6999768e-01  -3.2276025e-02   2.1587724e-01   3.2126328e-01  -1.8516561e-01  -2.4546016e-01   1.8632722e-02   7.4627657e-02  -1.1900014e-01   1.0071127e-01   7.2432842e-02  -1.2856511e-01  -3.8541981e-01  -2.7234002e-01  -1.2450076e-01   5.6388990e-02  -3.6421575e-02  -2.1265451e-01   4.4102301e-02  -1.8442133e-01  -3.4162540e-01   4.2656879e-01   4.8910989e-01   6.6387828e-02  -4.9369628e-01  -2.2770639e-03  -2.7758364e-02   1.3841969e-01  -2.8501022e-01   2.5117645e-01   1.0358816e-01  -1.1136026e-01   4.4091367e-02   4.9791541e-02  -2.2536439e-01   1.6701140e-01   2.8140835e-01   2.2147781e-01   1.0178376e-01  -1.4643462e-01  -1.4692267e-01  -2.2359841e-01  -2.9960839e-01   3.8269837e-01   2.1301075e-01  -1.2252353e-01   3.5872116e-01  -4.1590954e-02   1.4654843e-01  -7.7931413e-02  -1.2262699e-01   1.2184525e-01  -3.0747897e-01  -3.8799444e-02   6.0100492e-01  -1.6507380e-01  -3.4010061e-01   2.0246822e-02  -1.5975404e-01   2.4451452e-02   1.6923938e-01   8.1665021e-02  -2.5155185e-02  -2.5521209e-01  -2.4310948e-01   2.4913810e-01   4.8807542e-02   7.7480554e-03  -2.7251097e-01   3.9926611e-02   3.7291435e-01  -2.1335437e-02  -2.9614758e-01   5.1940052e-01   3.5269288e-02   1.6070782e-01  -1.8314651e-01
   1.8358537e-02   4.3958308e-02  -7.7447484e-02   3.5214716e-01   1.0700915e-01   2.2114948e-01   2.0700206e-02  -1.0727710e-02  -6.0900324e-02   5.6277357e-02   1.9799102e-01  -1.1952271e-01   0.0000000e+00  -1.3684535e-02   1.3370634e-01   3.1699390e-02  -1.8421449e-01   1.1210164e-01   1.6524026e-01   1.4207901e-01   2.3978863e-01   2.6498511e-01   1.1794673e-01  -2.2153241e-02  -3.8022951e-01  -2.4729578e-02   1.2153544e-01  -2.0878899e-02  -4.0637690e-02   2.0230776e-01   1.3437607e-01  -3.4409063e-03   1.5870097e-01  -1.9657055e-02   7.4845163e-02   2.7380175e-01  -1.0762309e-01  -1.3314581e-01   5.5468365e-02  -9.3566627e-02   4.8778728e-01   6.2635950e-02  -6.2244279e-02   3.8894337e-03   3.5280343e-01   4.7464222e-02   2.3854999e-01   1.2559918e-01   1.9836529e-01   4.5178065e-02  -1.6168382e-02  -2.1745147e-01  -1.2685624e-01  -2.4582715e-01  -6.0543923e-04   8.8626779e-02   9.0252880e-02   2.5753937e-01   5.8984349e-02   1.6038207e-01   3.1144878e-01   2.3040634e-01  -1.5633775e-01  -1.8762428e-02   3.6532001e-02   1.7505372e-01   1.8989198e-01  -1.8616466e-01   1.0538119e-01   1.0993350e-01  -9.8007055e-02   1.3277212e-01  -1.8898242e-01   1.7713412e-01  -2.0906398e-01   7.2028225e-02   2.0392013e-01  -1.7975255e-02  -5.4507975e-02  -1.1474738e-02  -2.9411974e-02  -1.8801400e-01   1.1050843e-01   1.3507011e-02   5.5372089e-02   1.2065946e-01  -6.0966022e-02  -5.8672366e-02  -1.6421652e-02   3.8605349e-02   1.3803806e-02   2.5010257e-01  -1.3571055e-01   2.0871945e-01   4.1724276e-02   3.0008664e-02  -7.7408310e-02   1.5650197e-02   6.5235467e-03  -1.5070520e-02  -1.6146211e-01   9.2136024e-03   1.1646762e-01  -8.9083204e-02   7.2762226e-02   8.5966199e-02  -2.4050018e-01   6.2555120e-02   1.0533471e-01   2.0157536e-01   1.7180434e-01   1.9404721e-01   4.4720562e-02   1.3527711e-02  -9.7601888e-02  -1.0439571e-01  -8.9850127e-02   1.8642048e-01  -8.4276124e-02   2.6922547e-01   2.1446415e-02   8.1254852e-02  -2.8138917e-01  -1.4549288e-04  -5.8313524e-02   1.9758250e-01   7.2183398e-02  -1.7817014e-01   1.8005275e-01  -1.2411044e-01  -2.1375379e-01   1.3973736e-01   1.3933027e-02   1.6254492e-01   1.2913037e-01  -8.3719688e-03  -3.1752892e-01  -2.3948401e-01   2.7865209e-02  -6.4799315e-02  -6.8190561e-02   4.2940818e-01  -4.8682660e-02   8.5291353e-03   7.1334462e-02   1.0103334e-01  -1.2361975e-01   2.0027287e-01   1.6121350e-01  -8.2871781e-02   4.0501889e-02   2.1904198e-02  -9.1072503e-03   5.6520291e-02  -1.6933726e-01  -1.3943272e-01   5.4982173e-02   2.4099186e-01   1.5492816e-01   1.9916389e-02  -1.8190138e-01   1.4127530e-01   1.9958857e-01   2.0600779e-01   2.5805115e-01  -2.1111053e-01   2.2258373e-01  -5.3272616e-02  -1.5546335e-02   3.3612817e-02  -5.5370769e-02  -1.6746159e-01   2.9374937e-01   1.1437535e-01   2.0599037e-01  -2.5211034e-01   1.6742871e-01
   2.3581281e-01   4.2752296e-01   2.2926491e-01   1.2421350e-01  -1.2844707e-01   2.4243461e-01  -1.3911856e-01   1.0953624e-01  -2.0596214e-02  -1.3081427e-01   4.9798923e-02  -4.4841074e-03  -1.3684535e-02   0.0000000e+00   1.9039955e-01  -3.2601125e-02   5.6709253e-02   1.3752841e-02  -1.9829410e-02  -3.1704505e-01   1.0271079e-01   1.9939040e-01   6.9940543e-03   3.3615100e-01  -2.1907895e-01   5.1534539e-03  -3.8472464e-01   3.4543999e-01   7.2607912e-02   4.2303606e-02   4.9856075e-01  -6.5025109e-02   1.4391579e-01  -4.4568330e-01   8.3126314e-02  -2.8529650e-01   2.1003204e-02  -1.7083310e-01   5.7652589e-02  -2.5439250e-01   1.1187322e-01   6.6150636e-02  -1.2495136e-01   4.4580455e-01   5.1852033e-02   1.2901962e-01   1.1675625e-01   3.3145985e-02   3.7829767e-01  -6.9981789e-02   3.0926217e-02   2.2291448e-01   4.3871450e-02   7.3616674e-02   4.8165763e-01   4.0240435e-01   1.3127092e-01   1.7243711e-01   6.7828989e-02   1.3379345e-02   2.5551547e-01   7.0225234e-02  -1.1784718e-01   2.6936276e-01   1.3079020e-01  -3.1476205e-01   3.0928470e-01   7.2684450e-02  -5.1080099e-02   2.0680151e-01  -3.7455653e-02  -1.1012929e-01   7.5697967e-03   4.1955256e-01   2.6031915e-02   1.3190073e-01   2.3211227e-01  -1.3481158e-02  -2.2524750e-01   2.6070422e-02   1.3137216e-01   1.7279770e-01   2.9784462e-01  -7.7246764e-02   6.7061596e-01   1.3015664e-01   4.4022136e-01   6.0510177e-01   3.4262194e-01   1.6537990e-01  -2.7384539e-01   2.9424713e-01  -1.4127886e-01   7.9727082e-02   5.0492223e-02  -3.4266526e-01   1.7249740e-03   8.7769930e-02  -3.7370389e-02  -2.0664739e-01   4.6939012e-01   2.2653179e-01   5.1480980e-01   6.3714252e-02   3.5942056e-02  -5.4990321e-02   1.0801284e-01  -2.0466183e-01   2.3194464e-02   3.4857697e-03   1.0860599e-01   1.2568360e-01  -1.0924636e-01   1.7029418e-01   2.9557493e-01  -1.9836727e-01   3.7605675e-02   2.0035910e-01   4.9886874e-01   7.5738423e-02   2.9092443e-01  -3.1342923e-01   3.9731171e-02   4.8186790e-01  -7.5797169e-02   3.8971501e-01   4.6965770e-01   1.6694694e-01  -7.9759830e-02   2.6661680e-01  -1.2400485e-01  -1.1590632e-01   6.2680889e-01   5.2998483e-01   3.1431136e-02   5.4770400e-02   4.4850813e-03   1.7407816e-01   7.2571163e-02  -8.0893280e-03   2.9936153e-01  -6.8883213e-02  -2.3469352e-02   3.1905364e-01   9.6434103e-02   5.7289727e-01  -1.8232066e-01  -2.8761558e-01  -3.3317233e-01   1.9833199e-01   5.1727972e-01   4.2767937e-01   3.8667350e-01  -7.2967930e-02  -5.2358107e-02   7.4639906e-02   1.8945777e-01   1.4875001e-01   1.8016535e-01   3.8552305e-01  -4.1167963e-02   2.3750862e-02  -6.5026231e-02   1.9813646e-01   3.4217444e-02  -4.6412083e-01  -2.4956992e-01   3.0392257e-01   2.1902016e-01  -5.0887345e-02  -4.6270202e-01   5.1764749e-02  -8.4611927e-02   1.8510774e-01   1.6889888e-01   1.2345770e-01   4.3095424e-03
