   0.0000000e+00   1.4550880e-01  -2.8661557e-01   7.4182760e-02   1.0799998e-01  -3.3548614e-01  -1.8518818e-01   6.4536998e-02   3.8628587e-01  -5.6620002e-02  -1.2298371e-01   1.1156405e-01   9.9971687e-02   1.2125597e-01  -3.7983533e-01   2.8488200e-01  -2.0430381e-01  -1.4293943e-01   6.2240744e-03  -7.9691248e-02  -3.1264772e-01  -2.8430466e-01  -4.1730713e-01   5.7413507e-01   9.4191603e-02   9.4568688e-02  -7.7469545e-02   2.0330525e-02   4.2365082e-02  -8.8129780e-02  -1.5641208e-01  -9.9950134e-02   3.6986986e-01  -1.1976513e-01   2.2261462e-01  -2.0376106e-01   3.1225503e-02  -2.2328483e-01   3.4016715e-01  -1.5523611e-01   5.5793118e-02   2.3187781e-01   3.1930202e-01   5.2693878e-02   1.4235678e-01   7.8352079e-02  -3.4900174e-01   1.1984913e-01   1.3781389e-02  -1.2233327e-02  -7.9252375e-02   5.1915845e-02   9.1964474e-02   5.7676216e-02   8.9505355e-03   5.3676401e-02   2.6370973e-02  -7.8358695e-03   8.2257180e-02   2.0697725e-01   2.9619073e-01   6.7494038e-02   3.4769506e-01  -2.5847737e-01   2.2604043e-01  -3.1552145e-01  -2.9828117e-01   2.1571953e-01  -1.7062445e-01  -2.7490740e-01   2.5108162e-01  -4.0353757e-02   2.0821901e-01   1.6916455e-01   1.5056453e-01  -1.8749306e-01   1.8345459e-01   2.1486977e-01   2.2283959e-01   3.0395496e-01  -4.8581895e-02   3.7681940e-01  -3.3047748e-01  -4.3059987e-02  -2.9025888e-01  -2.7377901e-01   2.7176327e-01   2.8513477e-01   4.5820684e-01   7.5953471e-01   2.4499742e-01  -9.3958197e-02  -1.1203848e-01   1.8115253e-01   1.9534549e-01   1.5719026e-01   2.1514648e-01   1.1239007e-01   1.5497455e-01  -3.2876916e-01  -1.1374016e-01  -2.8408330e-01  -3.7058093e-01   2.4414469e-01  -4.0704075e-03  -6.6632272e-02   1.5979666e-01   9.7183025e-02  -1.1076728e-01   2.2397508e-02  -4.9623287e-01  -1.9437781e-01   1.1155045e-01   4.9985455e-01  -3.9048849e-01   2.0523894e-01   6.0706615e-02   2.2561513e-01  -4.9834647e-01   1.6748363e-01   3.1731424e-01   2.0560743e-01   3.1561119e-01   2.2297934e-01   3.2435059e-02  -8.3455948e-02  -7.9457113e-02   2.0329565e-01   2.0411777e-01  -3.2538065e-01   3.5982044e-01  -1.1709589e-01   2.7635267e-01  -1.0392388e-01   2.0665233e-01  -2.3962674e-01   8.1561294e-02  -3.8169179e-01  -1.9990542e-01   3.3032141e-01   4.9880886e-01   2.5197205e-01   2.7184960e-01  -3.6685994e-01  -4.2227492e-01   7.8003643e-02  -1.7518576e-01   2.2403586e-02  -4.2920170e-01  -2.5164969e-01  -2.3791568e-01  -2.9537200e-01   2.1011640e-01  -2.6233978e-03   1.0333979e-02   3.0277323e-01   1.9868518e-01   5.7387917e-02  -8.8587446e-02  -8.0494857e-02   1.9802121e-01   1.8024877e-01  -1.9875918e-01   1.0672825e-01  -8.1098666e-02  -1.3500238e-01   3.5616980e-02   1.6707599e-01   1.1101456e-01  -2.1396563e-01   4.4347314e-02   4.2682106e-02  -4.0163216e-02  -2.4441747e-01  -5.1720624e-02   2.3669294e-01  -8.0348757e-02
   1.4550880e-01   0.0000000e+00  -7.9976718e-02  -2.2757786e-01  -9.6945887e-02  -2.9180428e-02   8.7677249e-02  -1.7646999e-01   5.6309498e-01  -1.9357367e-01  -7.2776240e-02   6.1786278e-01  -1.6577980e-01  -1.7370178e-02  -2.9080210e-01  -4.3335016e-02   5.2687118e-02  -8.4678827e-02  -1.0083228e-01  -2.4140074e-01  -2.1425002e-01  -2.2460735e-01  -3.8341710e-01  -1.6252885e-02  -6.8354593e-02  -3.8511478e-02   1.9034922e-01  -1.0576466e-01   2.3087763e-01   1.6382513e-01   9.6969052e-02  -2.7499827e-01   8.3922143e-02  -5.0439500e-02   2.6752574e-01  -2.9595419e-01   8.4786415e-02  -2.0739009e-01   9.7271054e-02   3.3648952e-01  -1.2225397e-01  -8.3812431e-03   3.4221282e-01  -1.3586629e-01  -7.7741857e-02  -2.0903818e-01  -2.8693486e-01   2.9382292e-01  -2.0739100e-02   2.4257186e-01  -1.1284602e-01  -2.9207299e-01   3.5804973e-01  -1.4394398e-01  -4.0207875e-02  -1.7461174e-01  -6.3171203e-03  -6.5578344e-02  -2.8929543e-01   3.1837932e-01  -1.3972636e-01  -1.9113846e-01   4.5638125e-01   1.6208559e-01   5.6511443e-01  -3.7430266e-01  -3.9465883e-02   2.2228790e-02  -2.9754499e-01  -2.6335832e-01   5.6853743e-01  -2.8870724e-01  -1.4409682e-01   2.9820273e-01   1.7987158e-01  -6.3105092e-02  -3.0630877e-01  -6.0005046e-02   2.3659597e-01   3.9888072e-02  -1.8223384e-01  -4.2474026e-03  -1.0452881e-01  -1.7798954e-01   8.4749672e-02  -8.1733300e-02   5.0178122e-01   5.1285845e-02   3.1402790e-01   1.7759372e-01   2.5984710e-01  -2.2775233e-01  -1.0980981e-01   1.2168936e-01  -2.6727166e-01  -8.2756421e-02  -1.1068042e-01  -1.1849971e-01  -1.0821117e-01  -4.1519129e-01   2.9431267e-01  -1.5796331e-01  -1.9152621e-01   2.8496218e-01  -5.2953101e-02  -4.9686495e-02   3.5790728e-02  -1.9216957e-01  -2.1475583e-01   6.9428665e-02  -3.2936610e-01  -6.7780736e-02  -5.1019880e-02  -1.0597597e-01  -2.6498438e-01   3.1769336e-01  -1.0432926e-01  -1.6937952e-01  -1.9147028e-01  -1.5356736e-01  -9.4115315e-02   1.1491838e-01   2.3203528e-01   6.0634996e-01  -1.5149505e-01   4.8414586e-03   2.8545776e-03   1.5508054e-01   2.4080015e-02  -2.4137845e-02  -1.7638832e-02  -8.2750680e-02   3.8853106e-01   3.4496515e-01   1.8161201e-01  -2.2872446e-01  -2.9023929e-02  -1.1104995e-01  -1.1765647e-01  -1.6793197e-01  -8.0681564e-02   5.4908536e-02  -9.0247959e-02  -7.8186018e-02  -2.9723539e-02   1.9176590e-01  -2.9052461e-02  -5.9504643e-02  -3.4268076e-01  -1.0922268e-01  -1.2864502e-01  -2.8842397e-01  -1.6049754e-01   3.8200823e-02   5.8059488e-01  -1.1919705e-01  -1.8029632e-01  -2.7975435e-01  -2.3428833e-01  -1.9013464e-01   8.7859096e-02  -2.5878754e-01  -1.5045062e-01   4.1661812e-02  -1.6569785e-01   1.8203464e-02  -4.5849703e-02  -4.0791017e-03  -6.7606317e-02  -6.3658987e-02   5.3518155e-02  -2.3783236e-01  -1.2510556e-01   2.7466616e-02   1.4915280e-01   4.4743618e-02  -3.7128926e-02
  -2.8661557e-01  -7.9976718e-02   0.0000000e+00  -1.7237493e-01   2.5000290e-01   6.2639156e-01  -1.0164043e-01  -3.2689128e-01  -3.3781509e-01  -2.4096485e-02   1.8753720e-01  -6.2822153e-02   6.9130408e-02  -2.4679858e-01  -5.8128145e-02  -2.0461232e-01   9.0064991e-01   3.3714898e-02  -2.8630077e-02   3.3830046e-01   1.2615093e-01  -5.1725881e-02   9.2397678e-03  -1.8713415e-01   1.1951086e-02   3.6449916e-02   3.5190503e-01  -8.6290768e-04   9.3622365e-02  -1.5911737e-01  -1.6832207e-01  -1.1875662e-02  -5.2690939e-02  -2.6242795e-01  -9.7507917e-02   4.2269409e-01  -2.3023104e-01   2.1688567e-01  -1.6067037e-01   2.5826578e-01  -1.4657213e-02   1.3241001e-01  -2.5593670e-01  -2.2632962e-01   7.3205771e-02   4.0402162e-01   4.6014306e-01  -3.4987621e-01  -1.5592675e-01   4.3295998e-01   6.3555989e-02  -2.7946393e-01  -1.5688653e-01   6.8158962e-02  -1.5007684e-01  -2.0484885e-01  -2.6449635e-01  -4.0457972e-02  -3.0387930e-01   5.4773567e-02   2.7208060e-01   3.0549525e-02  -2.0025034e-01   8.5180254e-02  -3.4808734e-01   1.6926260e-01   4.3433369e-01  -5.7960784e-02  -1.1056964e-02   7.6436158e-01  -2.7011173e-01   1.9924141e-01  -1.6808778e-01   9.1646022e-02  -2.6679509e-01  -2.2666287e-01   3.1523889e-01  -3.8811920e-01  -1.8089946e-01  -2.2115554e-01  -2.0134838e-01  -2.1742781e-01   3.0263774e-02   2.8184757e-02   3.1533178e-01  -8.8738763e-03  -3.3113592e-01  -2.0355389e-01  -1.2076506e-01  -2.4811914e-01  -1.8652080e-01   6.1024018e-01  -5.4709890e-02  -5.2784829e-02   2.3474475e-01   1.9576659e-01  -6.0165350e-03  -4.7437591e-01   6.7296984e-02   2.2722393e-01   1.7163408e-01   1.3146074e-01   3.3411808e-02  -1.1588946e-01   1.1765730e-01  -1.6851954e-02   7.7401303e-02  -2.0590443e-01  -9.2482754e-03   4.3738107e-02   1.2503989e-01   1.6706659e-01   5.1846463e-02   1.2641484e-01   1.9989949e-02  -1.6029422e-01  -2.9534068e-01  -2.1406201e-01   3.2823911e-01  -2.0884005e-01   1.7504037e-01   1.3543201e-02  -1.1804811e-01  -4.0040318e-01   3.2659151e-01   9.4067537e-03  -1.5499185e-01  -1.2194969e-01  -8.5239094e-02   8.4575432e-01  -1.4573908e-01  -7.9532916e-02   1.0755554e-01  -1.5367186e-01   1.2299257e-02  -2.8848234e-01  -9.7099148e-02   3.6521110e-01  -2.4900489e-01  -9.1940275e-02   8.3377360e-02   2.9577193e-02  -6.2879521e-03   4.7411706e-01   5.7851474e-03  -3.8400880e-01  -7.4874185e-02   4.0768775e-02   3.1019639e-01  -1.0938141e-01   2.8259684e-01  -5.4540965e-02  -4.9298424e-02  -1.2586370e-01   2.3910373e-01  -1.0954399e-01   2.3447378e-01  -1.1016687e-01   3.6174271e-01  -1.6512586e-01  -2.2033316e-02   3.7741010e-02   3.7110347e-01  -1.0577524e-02  -6.9023146e-02  -2.2861743e-01  -1.0508275e-01   2.7386336e-01   7.3105385e-02   1.0956338e-01  -3.9800529e-01   3.2542458e-01   1.8738593e-01   5.4075254e-01   1.0643460e-02   1.7326906e-02  -1.1448345e-01
   7.4182760e-02  -2.2757786e-01  -1.7237493e-01   0.0000000e+00  -2.0191325e-01   9.4662722e-02  -1.5155605e-01  -1.3113686e-01  -1.3978374e-01   1.5887775e-01   1.0220483e-01  -4.0798640e-01   4.2010308e-01   4.0528021e-01   1.4758780e-01   3.3955343e-01  -1.6072661e-01   2.6812944e-01   1.8005962e-01  -1.3262626e-01   3.3239218e-01   3.5687746e-01   2.3802724e-01  -4.1722838e-02   1.8896777e-01  -2.3781234e-01  -3.1139905e-01  -1.2673385e-01  -2.3133567e-01  -4.4953300e-02   1.5151388e-01   3.0440007e-01   3.9220747e-01  -1.1516410e-01  -1.3872622e-01  -1.6467430e-01   3.5576374e-02  -1.9248826e-01   3.8930524e-01  -3.5095931e-01   2.2021664e-01   3.8645081e-01  -1.9957405e-02   3.3133644e-02   3.4732463e-01   5.9286489e-02   1.4374268e-02  -2.3334684e-01   2.8192529e-01  -2.1579128e-01   3.2574145e-01  -2.4446150e-01  -3.9303072e-01   2.3825621e-01   3.0626704e-01  -1.1839706e-01  -1.0626294e-02   3.0687733e-01   5.6267188e-01   8.6880704e-03   3.2098253e-01   2.8670499e-01   2.2285620e-02  -2.0623774e-01  -6.9551286e-02  -1.9831027e-02   1.3335322e-01   3.1270816e-01   2.0394921e-01  -1.6307920e-01  -4.2620912e-01   5.6803252e-01   2.3220996e-01  -1.2903711e-01   1.3397400e-01  -4.6627713e-02   1.4439166e-01   2.3873745e-01  -2.6991073e-01   5.2987342e-01  -2.0913613e-01   4.4607925e-01   5.0918239e-02  -2.0610818e-02   1.5566405e-02  -2.6617958e-02   1.4526082e-01   1.5278560e-03   1.4903681e-01  -1.1251637e-01  -4.1223036e-01   1.0664303e-01  -1.7788214e-01   3.1438218e-01   1.7105775e-01  -1.0919847e-01   5.0453716e-01   7.1358941e-02   2.7968283e-01   3.7637636e-01  -1.7159421e-01  -9.5793365e-02   3.1827810e-02   4.7227054e-03   3.1075378e-01   4.7515355e-01   3.9333051e-01   1.8266832e-02   2.8294048e-01  -3.3298405e-01   1.3223570e-01   4.7819250e-02   6.7006716e-01   3.6047341e-02   9.3503485e-02  -4.2933305e-01   1.0042107e-01   3.4486261e-01   1.2626490e-01   7.5550126e-01   9.4950353e-02  -3.2246030e-01   2.6264028e-01  -2.1019345e-01   1.2345483e-01   3.4257139e-01   2.6903722e-01   2.6907343e-01   5.3080663e-01  -2.2011901e-01   4.2404933e-01   2.8033917e-02   2.6463468e-01   2.5276182e-02   2.8114303e-01  -1.0655774e-01   4.5609810e-01  -1.5638345e-01  -3.3626985e-01   1.5534406e-01   9.7261685e-02   1.1900502e-01   4.4548243e-01  -1.1384961e-01   1.8911961e-01   1.3737186e-01  -3.3362040e-02  -2.6711496e-01  -8.5561377e-03   3.3221805e-01  -2.5015518e-02   1.4077265e-02   7.4205052e-02  -6.6871098e-02  -4.8290531e-01   9.4313559e-02   4.6343247e-02   4.1830442e-01   1.1216069e-01  -4.1571337e-02   1.4940765e-01   3.3237854e-01   4.6259076e-02   4.4354537e-01   3.0295847e-01  -2.3160172e-01  -9.5222583e-02  -1.2984236e-01   2.1607003e-01  -2.3679547e-02  -3.1476991e-01   2.3370844e-01   3.8677575e-01  -3.8158668e-02  -3.1398851e-02   3.6241125e-01   3.1263692e-01
   1.0799998e-01  -9.6945887e-02   2.5000290e-01  -2.0191325e-01   0.0000000e+00  -6.4024171e-02  -1.8129395e-01  -2.2864631e-01   7.4535637e-02  -4.2055459e-02  -2.5545153e-01   2.2094369e-01   4.1386335e-01  -3.5389497e-01  -3.0696348e-01  -1.4168627e-02   3.0712741e-01   8.0761414e-02  -2.2153947e-01   8.2438000e-01  -1.3627580e-02  -1.0041580e-01  -2.5389575e-01  -1.2753608e-01   6.3213901e-02  -7.7575885e-02   6.8147771e-01  -3.3355274e-01   1.1823652e-01   7.2093222e-03  -3.3580528e-01  -5.3782344e-02   1.9335877e-01  -5.5464942e-02  -1.6450507e-01   6.9216990e-01  -3.5110533e-01  -9.2001947e-02   3.5648296e-02   3.2629984e-01   4.1912573e-01   2.4169988e-01   7.5538800e-02  -2.6785422e-01  -8.1130672e-02   8.4807879e-02   3.0627762e-01  -1.5807775e-01   7.4336476e-02   3.2736305e-01  -9.8305721e-02  -6.6619003e-02   1.3439059e-01   1.6189951e-01  -1.7259846e-01  -8.4379282e-02  -4.8240753e-01  -1.2953414e-01  -7.7991265e-02   6.3559072e-02   1.0842419e-01   3.2621975e-01  -2.0300946e-02  -3.6010099e-01  -1.1086587e-01   1.1480925e-01  -6.9351339e-02   3.2307562e-03   7.3988563e-02  -3.1312752e-02   1.3213235e-01   6.8090804e-03   2.7201881e-01   1.7543100e-01  -1.9655798e-03  -1.7298172e-01   3.9910969e-02  -3.1799821e-01   6.0040207e-01   8.5757936e-02  -2.3512142e-01   9.6470508e-02  -4.4563907e-01  -3.1259355e-01  -2.1290173e-02  -1.0584919e-01  -3.0976268e-01  -1.4698541e-01   5.2401895e-02   1.6929166e-01   6.3540990e-01   4.7542132e-02   8.9633654e-02   3.8622730e-02  -1.4208504e-02   8.6876887e-01   1.3221082e-01  -4.4828783e-01   3.2862929e-01  -1.6166759e-01  -1.9111751e-01  -2.0880409e-01  -2.4757498e-01   1.7628023e-02  -1.7946990e-01   1.1992865e-01   1.1662221e-01  -1.0282392e-01  -1.0103432e-01   3.7482749e-01  -2.4355239e-01  -9.4073454e-02   1.1104205e-02   7.4509953e-02  -3.8430388e-01   4.5297747e-01  -1.8463199e-01   2.0665728e-01  -3.1768009e-01  -2.5218034e-01  -1.0477941e-01   8.1031861e-01  -5.6338123e-03  -1.0370970e-01   5.4015306e-03  -2.9447277e-01   3.0303361e-02   9.5346036e-03  -7.7647166e-02  -7.3469583e-03   1.8363337e-01  -1.0777321e-01  -2.7361283e-02  -2.8267335e-01  -1.3357203e-01  -2.2281973e-01   2.0735210e-01  -2.9322487e-01  -2.0589163e-01  -1.2502600e-01  -5.4635119e-02   3.0182295e-01  -5.9199292e-02  -1.4369837e-01  -2.2753973e-01  -8.5285549e-02  -1.2110348e-01   3.0386293e-01   5.8035242e-02  -4.4538599e-01  -2.0368476e-01  -3.1768533e-01  -4.9351323e-02  -1.1970926e-02   2.7821328e-01  -1.4960060e-01  -6.4055367e-02  -1.5041626e-01   1.3013826e-01  -1.8247143e-01   2.5991172e-01  -1.7529387e-01   1.5540732e-01  -3.4675516e-02   1.3980108e-01   4.1200993e-02   1.3532538e-01  -1.3883420e-01  -2.1670524e-01  -8.0357951e-02   2.1851958e-01  -5.3532817e-02   1.3840658e-01  -7.5162481e-02  -7.2730836e-02   6.9282953e-03   1.2028949e-02
  -3.3548614e-01  -2.9180428e-02   6.2639156e-01   9.4662722e-02  -6.4024171e-02   0.0000000e+00   5.4771387e-03  -2.3146590e-01  -4.3633850e-01   2.1060514e-02   3.5918775e-01  -1.2272806e-01   9.8783803e-02  -2.9140477e-02  -2.8424439e-02   9.0107948e-02   5.5122542e-01   1.1287339e-01   2.8114642e-01   1.1314289e-01   1.0262255e-01   1.5270556e-01   7.0018569e-02  -1.8986114e-01   3.6522029e-02   1.4112387e-01   1.1282229e-01   3.6438481e-02  -1.2650023e-01  -9.9127348e-02  -1.7680086e-01   1.3283209e-01   3.3923314e-02  -1.8646141e-01  -1.4044292e-01   2.4896577e-01  -6.8839800e-03   4.6284147e-02   6.0814987e-02   9.9428820e-02  -2.6028790e-02   2.1654532e-01  -3.2994074e-01  -1.1934210e-01   1.5199938e-01   2.0584588e-01   4.5793048e-01  -4.0416800e-01   1.1012762e-03   2.6490033e-01   1.8519878e-01  -3.2011274e-01  -2.3989135e-01   1.5661863e-01  -6.8876673e-02  -2.1138154e-01   5.7721711e-02   1.6409555e-01  -2.7572277e-01   1.5417141e-02   2.0174353e-01   1.5604291e-01  -1.4477093e-01   1.8638984e-01  -3.1880924e-01   1.6051897e-01   8.0501641e-01   1.6661602e-01   2.1377558e-01   5.5969742e-01  -3.8645166e-01   4.0515264e-01  -1.2888832e-01   9.6631026e-02  -1.4607901e-01  -1.3087335e-01   1.4801550e-01  -1.2863576e-01  -2.9592521e-01  -2.8271484e-02  -2.8165513e-01   1.1989965e-02   1.7929391e-01   1.4199691e-01   4.5314330e-01   1.7198159e-01  -2.3799834e-01  -2.5443452e-01  -6.8655545e-02  -3.3871819e-01  -4.8979831e-01   5.4523961e-01   9.8184081e-02   7.2208027e-02   4.6504032e-02  -1.0770545e-01   1.9240614e-01  -1.8839584e-01   1.3438839e-01   2.8577695e-01   7.1440070e-03   3.1746969e-01   1.5772541e-01  -1.7842272e-01   4.0234779e-01   1.7167414e-02   2.4246927e-01   4.4584592e-02   1.6261526e-01  -6.8722583e-02   2.9284891e-01   3.0756638e-01   2.3925982e-01  -1.2047560e-01   3.6593685e-02  -3.3046310e-01  -1.6782960e-01  -1.1592753e-01   3.6347679e-01   8.6891488e-02   1.0982558e-01  -2.3006137e-01   3.6705706e-02  -4.4262483e-01   1.7732876e-01   1.8459484e-01  -1.2441970e-01  -6.9223676e-02   1.2387408e-01   5.8085873e-01   3.5993986e-02  -1.2920963e-01   1.7293346e-01  -1.4178392e-01   2.4773092e-01  -1.0853055e-01   5.0552239e-02   2.2456292e-01  -1.6937073e-01  -2.0349573e-01   2.4723391e-02   4.7145805e-02   2.2391499e-01   6.0509352e-01   6.6070690e-02  -3.6707458e-01  -2.9442593e-02  -2.0195221e-01   4.3240769e-01   1.1259863e-01   2.6225568e-01  -7.1175175e-02   5.5215503e-02  -1.3640402e-01   1.2310702e-01  -1.2251387e-01   1.2122478e-01   1.3392950e-01   3.5330369e-01  -1.0573141e-01   4.0546037e-02   2.9272559e-01   3.2657181e-01   6.1991184e-02   5.0450739e-02  -3.2201599e-01  -1.7236579e-01   2.3118393e-01   2.9644512e-01   1.4565987e-01  -4.7511497e-01   2.3552291e-01   2.7427317e-01   7.6660115e-01   1.1110977e-01   1.6248948e-01   9.4526433e-02
  -1.8518818e-01   8.7677249e-02  -1.0164043e-01  -1.5155605e-01  -1.8129395e-01   5.4771387e-03   0.0000000e+00  -6.4938757e-02  -5.5768316e-02   2.0565455e-01  -1.2514386e-01   4.2167103e-01  -2.8665928e-01  -2.1268220e-01   4.4006966e-02  -1.8443205e-01  -2.5131025e-01  -2.4245563e-01   4.9463898e-02   6.5942267e-02  -9.6603588e-02  -2.2183953e-02   1.9821578e-01  -7.8577256e-02  -3.2172104e-01  -7.2671906e-02   6.8407089e-02   2.9555570e-03   8.4221501e-03   1.1682406e-01  -6.3384007e-02  -1.9120559e-01  -2.7512840e-01   3.6871655e-01   2.1489639e-01  -2.1360974e-02   1.4254901e-01  -1.0517149e-01  -2.4673135e-01  -3.5106985e-02  -2.6396928e-01  -2.3360406e-01   1.4939837e-01  -8.7388576e-02   4.6935478e-02  -1.8109295e-01  -1.4957948e-01   3.9525980e-01  -3.3241096e-01  -2.9501076e-01  -8.4248731e-02  -6.2887747e-02   9.9298412e-02  -2.7621513e-01  -3.0595801e-01  -1.4591335e-01   2.4147305e-01  -1.6389779e-02  -1.8943453e-01   6.2242783e-02  -4.5929477e-01  -5.7741779e-02  -2.9483608e-01  -5.1691406e-02  -1.8780847e-01   4.9828552e-01   1.0491905e-02  -1.3410338e-01  -7.3857970e-02   7.0052663e-02   2.2908041e-01  -5.9399077e-02  -2.3068127e-01  -8.2816157e-02  -1.9957080e-01   6.6184207e-02  -3.6368655e-01   8.1063565e-02   5.8509065e-03  -3.1967317e-01   6.7361703e-02  -1.9440955e-01  -3.3037063e-02  -1.1660066e-01  -1.3885955e-01   2.7225627e-01  -8.6217795e-02  -1.0039861e-01  -8.0291378e-02  -9.9372846e-02  -1.0745744e-01  -4.0026154e-01   2.5585345e-01   1.6637030e-02  -2.9487043e-01  -2.0954889e-01  -1.4101975e-01   1.9920629e-01  -2.5550582e-01   2.2190855e-01  -8.5997459e-02   1.1758845e-02   1.0834195e-01   8.2209295e-02   1.6257629e-01  -1.6045148e-01  -2.4411928e-01  -6.6226712e-02  -1.8772923e-01   1.8223866e-02   5.7082271e-02   1.8023077e-01  -5.8239539e-02  -2.9795567e-01   5.1759674e-02  -1.5819951e-01  -2.8018325e-02  -1.8730888e-01  -6.1708821e-02  -2.2497953e-01  -2.0741398e-01  -1.5217475e-01  -2.3728064e-01   1.4680118e-02  -1.7666164e-01  -3.8445041e-02   6.2298974e-02  -2.8488765e-01  -2.0158182e-01   4.9694824e-03  -2.7371597e-01  -2.5421442e-01  -1.8023439e-01  -1.7991061e-01   9.8912394e-02   4.8791518e-02  -2.2207466e-01   3.9699017e-02   2.4985505e-01  -1.3674533e-01  -1.5249144e-01  -3.5222663e-01  -2.1292638e-01   3.1319117e-02   3.8992497e-02   2.2523555e-02   4.2174617e-01   2.3969505e-02   3.9274109e-01   1.0468464e-02  -2.0900930e-02  -3.8874579e-02  -9.7642221e-02  -3.2071876e-02   7.0676067e-02  -1.8178503e-01  -1.7883481e-01  -7.5052878e-02  -4.2074567e-01   5.8538651e-02  -7.1465219e-02  -1.0379177e-01  -1.7713746e-01  -4.1372327e-02  -6.4314847e-02   4.7331072e-01  -1.0867868e-02  -4.1584757e-02  -1.5651917e-01  -2.6336101e-01   3.2611133e-01  -3.2932188e-01  -1.6488497e-01  -6.2037569e-02  -9.9093784e-03  -2.7803966e-01   6.9862095e-02
   6.4536998e-02  -1.7646999e-01  -3.2689128e-01  -1.3113686e-01  -2.2864631e-01  -2.3146590e-01  -6.4938757e-02   0.0000000e+00   4.8341467e-02  -8.5676866e-02  -3.0847661e-01  -8.6219443e-02  -2.0860719e-01   2.6981513e-01   1.3597088e-01   9.6487285e-02  -4.1606258e-01  -4.3080568e-01   1.5418252e-01  -2.8511489e-01  -1.8143891e-01  -1.2122818e-01   7.6330648e-02   3.2121520e-01   8.3884205e-02   2.9555040e-01  -2.2459761e-01   2.1170422e-01   8.2155915e-02  -1.7602191e-01   6.0991891e-02  -1.5170898e-01   2.1724133e-02   3.2045009e-01   7.1408914e-02  -2.7220394e-01   1.4097241e-01   2.0344556e-01  -1.5619836e-01   2.7371195e-03  -9.5631837e-02  -7.0120807e-02   8.2472587e-02   5.9509582e-01  -2.1503223e-01  -1.5225612e-01  -3.3907363e-01   5.7873217e-02   9.9426616e-02  -4.4167781e-02  -4.4439541e-01   7.0688844e-01   1.4298214e-01   1.7709916e-01   2.7528266e-01   3.0529451e-01   6.6263195e-02  -3.4424541e-01  -7.1777112e-02  -3.2421388e-01  -8.5992569e-02  -7.9923847e-02   2.1015196e-01   1.4734977e-01   6.3339451e-02  -1.9467627e-01  -1.0339973e-01   1.7429698e-01   2.0947871e-01  -2.3123817e-01   1.6501221e-01  -3.0119040e-01   9.1174291e-02  -1.5012047e-01   9.7174094e-02   7.2629243e-03   3.1447522e-02   4.1743759e-01   4.1398825e-02  -6.5863872e-02   2.8516855e-01   1.3851011e-02   1.4781671e-01   4.1882949e-01  -7.4450220e-02  -1.7328931e-01   1.8358699e-01   1.8401628e-01   2.2424680e-02   8.6819319e-03  -8.3223981e-03   2.7821296e-02   1.9020560e-01  -2.6339357e-01   6.2581103e-02  -1.4551979e-01  -1.9971075e-02   2.8146005e-01   2.1565177e-02  -6.4329439e-02  -1.3864361e-02  -2.0376509e-02   1.3561851e-02  -2.0747704e-01  -4.8267680e-01  -3.5769725e-01  -1.7894940e-02   5.7180792e-01  -1.1844710e-01   2.4250941e-02   9.6001476e-02  -4.0638121e-01  -3.1542499e-01   1.4489769e-02   1.8817440e-01   9.3353037e-02   4.5889950e-01  -9.7673188e-02  -5.9865919e-02  -2.2843555e-02   1.5347107e-01   8.9753546e-03   9.6011992e-02   3.8368342e-02  -1.8782608e-01  -2.6035294e-02  -1.6129447e-01   1.8056849e-01  -3.9535343e-01  -3.3099239e-01  -2.1863448e-02   1.9001826e-01  -3.2003014e-01  -7.5731247e-02  -3.0968327e-01   3.9301404e-01  -6.0826815e-02  -3.0761462e-02   3.2903656e-01   2.4611636e-01   1.4946598e-01   3.3581677e-02  -8.1296827e-02  -6.4626105e-02  -1.1427794e-01   5.1533765e-04   2.5720036e-01  -1.4600287e-01  -2.0638166e-01   1.5556634e-01   4.0835033e-02   3.3688092e-01   3.5906232e-01  -1.1845757e-01  -7.3121119e-02   3.1851370e-01   8.3237891e-02  -7.0744399e-02   1.5002368e-01   5.5432464e-02   1.4439595e-01  -3.4084991e-02  -1.8550391e-01  -4.4200243e-01  -2.2296289e-01   1.0125623e-01  -1.3267525e-01   6.3031927e-02   2.1036328e-01   1.6155757e-01   2.3009211e-01   2.2795650e-02  -3.5951297e-01  -1.0714366e-01  -6.2792567e-02   5.4993774e-02  -2.4242722e-01
   3.8628587e-01   5.6309498e-01  -3.3781509e-01  -1.3978374e-01   7.4535637e-02  -4.3633850e-01  -5.5768316e-02   4.8341467e-02   0.0000000e+00  -1.3966915e-01  -1.3012290e-01   4.3434044e-01  -3.7580848e-02  -4.9355298e-02  -4.8470486e-01  -5.4423886e-02  -2.1105309e-01  -7.3293312e-02  -1.6185435e-02  -2.3417425e-01  -3.9630272e-01  -4.5564041e-01  -4.2581604e-01   2.7418361e-01  -5.9655191e-02  -2.6525940e-02   1.5414758e-01  -1.5605390e-01   1.2111547e-01   2.4047938e-01  -6.2176379e-02  -4.2927911e-01   1.1481465e-01  -4.0564398e-02   4.4318117e-01  -2.5735279e-01   2.3410793e-02  -5.1231251e-02   4.3534244e-02   9.0922277e-02   6.0794960e-02  -9.2889482e-02   6.7928793e-01   7.6241022e-02   1.6693092e-01  -5.6025736e-02  -4.5806829e-01   6.1081835e-01   8.6250063e-02   9.7001064e-02  -2.3116702e-01  -1.7656034e-02   3.7513491e-01  -1.8044198e-01  -9.4826911e-02  -1.2698445e-02   3.5706581e-02  -3.2215365e-01  -3.6078793e-02   1.4097159e-01  -1.4540654e-02  -2.2387859e-02   6.9988164e-01   5.4375505e-02   6.8430013e-01  -3.3043606e-01  -4.0897240e-01   1.3459337e-01  -2.4626627e-01  -3.4623858e-01   6.1248832e-01  -2.7243706e-01   1.0208721e-01   1.2493648e-01   5.4650015e-02  -2.2615821e-01  -3.5261895e-02   1.5341495e-01   3.9773933e-01   1.1487712e-01  -1.3611957e-01   1.4849590e-01  -2.4802561e-01  -1.8221818e-01  -3.3119334e-01  -2.8557418e-01   5.3072381e-01  -4.5214042e-02   5.3937606e-01   4.5072622e-01   5.0388102e-01  -2.4811663e-01  -2.1068947e-01   2.2365842e-01   5.0420847e-02   5.9793150e-02  -8.8843015e-02   1.2129156e-02   1.3404050e-01  -5.5765421e-01   4.4302971e-02  -3.2149492e-01  -4.7949114e-01   4.8412650e-01  -1.8899343e-01  -2.1546838e-01   3.7026680e-02   8.4592067e-02  -2.9866437e-01   2.0589002e-01  -4.5084264e-01  -3.8365654e-01  -1.1533718e-01   1.4937812e-01  -4.5349274e-01   4.6414839e-01   1.1170737e-01   5.9493655e-02  -5.4714728e-01  -1.5562962e-01   1.2831602e-01   2.5602236e-01   3.5497947e-01   7.7438484e-01  -7.8814323e-02  -2.3261493e-01  -6.3643388e-02   1.4837340e-01   6.9768934e-03  -3.0994491e-01   1.0622070e-01   1.6037631e-01   9.1142106e-02   2.2698077e-01   7.9152160e-02  -1.7195922e-01  -9.3105092e-02  -3.2779837e-01  -2.1175633e-01   1.2609335e-01   1.2966155e-01   1.4970362e-01   2.1407175e-02  -3.6615847e-01  -2.3574636e-01   5.1078325e-01  -5.8641061e-02   3.3328485e-01  -4.8643110e-01  -3.1085077e-01  -4.0765763e-01  -3.9452863e-01   2.9810055e-02   4.0437804e-01   2.7999254e-01   2.0011516e-01   9.1618604e-02  -2.6285892e-01  -1.5888304e-01  -2.4312452e-01   2.6963525e-01  -1.2227289e-01  -1.4907774e-01   1.0070153e-01  -2.6128815e-01   8.8383389e-02   3.7182676e-01  -7.2754859e-02  -1.2735814e-01  -1.7990766e-01   2.9081223e-01  -1.8692300e-02   4.2822568e-02  -3.5407724e-01  -1.8446605e-01   1.6175773e-01  -1.7649548e-01
  -5.6620002e-02  -1.9357367e-01  -2.4096485e-02   1.5887775e-01  -4.2055459e-02   2.1060514e-02   2.0565455e-01  -8.5676866e-02  -1.3966915e-01   0.0000000e+00  -2.6193388e-01  -1.1802100e-02   3.0390303e-01  -1.7100933e-01  -1.1945326e-01   6.2088909e-02  -7.5962926e-02  -9.5727024e-02  -1.7643217e-01   2.2508619e-01   4.9314374e-02  -1.6830821e-02   6.6212626e-01  -2.5556531e-01   1.7598910e-02  -3.7146626e-01   7.2595234e-02  -4.5355469e-01   4.0353286e-02  -1.8880590e-01  -8.6818107e-02   9.3182967e-02   4.0242938e-02   5.7066006e-01  -3.1419025e-01  -6.4213983e-02   6.1008460e-01  -3.1378456e-01   3.2298114e-02   2.8795598e-01   1.2214134e-01   1.1040852e-01  -9.8449892e-03  -1.7540238e-01  -3.7815587e-02  -3.6166626e-01  -1.4925220e-01   2.1399678e-03   1.4199453e-01   2.3590507e-01  -3.2023506e-02  -4.2548960e-02   3.4069067e-01   2.6396967e-02  -1.9202198e-01  -1.1680482e-01  -1.2608635e-03  -5.4809026e-02   2.0428843e-01  -4.1333338e-01  -1.8787253e-01   2.4207774e-01  -2.0454802e-01  -2.0692364e-01   6.6689914e-02   5.0698277e-01  -1.0562436e-01  -2.8295284e-02  -1.0025055e-01  -6.2332691e-02   1.1352473e-01  -4.0200177e-02   1.7112965e-01  -3.1173448e-01   5.4125955e-02   8.2004582e-02  -3.2399749e-01   7.0138625e-02   1.7029413e-01  -2.2905172e-02  -1.5114143e-01   1.2132890e-01   2.1714455e-01  -1.4564017e-01  -2.8567848e-02   1.0353367e-01  -1.2957685e-02  -3.3962306e-01  -1.7045097e-01  -1.8298040e-01  -7.6972220e-02  -3.5718097e-02   4.1727447e-01  -7.3844712e-02  -3.6185429e-01   6.3416899e-02   2.1887079e-01  -1.3419865e-02   3.3780546e-02   2.5174355e-01   2.0516636e-01  -9.7894699e-02  -1.3575923e-01  -3.6583659e-01  -1.5321714e-01   1.1184751e-01   2.7272160e-02  -1.0443540e-01   2.9939350e-01   1.0863659e-01   4.5722581e-01  -1.6608019e-01   1.3452877e-01  -4.0574655e-01   5.5378803e-02   5.9577054e-02   1.8879520e-01   2.5161535e-01  -1.5207450e-02   1.6114573e-01  -3.0805885e-01  -3.2932773e-02  -3.2538088e-02  -5.8015084e-02  -4.1885024e-01  -3.4764102e-01   4.6676354e-02  -9.8401435e-02   4.8687834e-02   1.7630374e-03   7.3416447e-02   1.5103498e-01  -3.6660490e-01   2.3607731e-01  -6.4806655e-02   6.0369704e-03   5.0274492e-02   4.0126330e-03  -2.8174548e-02  -3.5727093e-01  -3.3936519e-01   3.3898485e-02  -2.6024453e-03   1.4200830e-01  -1.9641467e-01  -2.5617448e-01   5.1198884e-01  -1.1777036e-01   3.0284243e-01   3.6570940e-01  -3.9784030e-02  -2.0920752e-01  -1.6673368e-01  -5.2438252e-02   7.2339240e-02  -2.7752769e-01  -3.7879713e-01   3.2711659e-01  -2.6402315e-02  -3.5054433e-01   3.6303192e-02   1.3865682e-01   2.3673013e-01  -1.5984899e-01   1.5960496e-01   4.4534828e-01  -2.7357467e-01  -4.1559566e-01  -1.9431409e-01   1.7488765e-01   2.6672337e-01  -3.2499778e-01  -2.2927935e-01  -7.4302027e-02  -2.6334836e-02   1.0424371e-01   6.7939013e-02
  -1.2298371e-01  -7.2776240e-02   1.8753720e-01   1.0220483e-01  -2.5545153e-01   3.5918775e-01  -1.2514386e-01  -3.0847661e-01  -1.3012290e-01  -2.6193388e-01   0.0000000e+00  -3.2975281e-01   1.2169269e-02   3.4814380e-02   6.3866151e-02  -1.9496752e-02   2.3159239e-01   5.8106617e-01   1.5121840e-01  -2.0436103e-01   2.0619378e-01   3.1959867e-01  -1.2134658e-01   5.2818317e-02   9.2095971e-02   2.9543283e-01  -3.6423094e-01   2.8686514e-01  -2.2437900e-01   3.3124707e-01   3.9282370e-02   3.6448604e-01  -1.8852686e-01  -5.6531976e-01   1.2104563e-01   1.0142616e-01  -2.8925037e-01   2.9182823e-01   2.3703665e-02  -5.5506253e-01   3.5286055e-02  -1.7892401e-01  -2.6557064e-01   8.6556783e-02   3.5561225e-01   4.2379977e-01   5.2400214e-01  -5.1694936e-02   9.9217569e-03  -3.7556245e-01   4.7678820e-01  -2.1338277e-01  -4.6969191e-01  -2.1809687e-01   6.8191443e-03  -2.5170052e-04   1.6303989e-01   4.1412287e-01   9.5893219e-02   2.9023026e-01   2.1424274e-01  -5.9678280e-02  -3.5200137e-02   5.1904592e-01  -1.5557739e-01   1.4474157e-02   3.1706832e-01  -1.1797725e-02   2.9517160e-01   3.9426655e-01  -5.4492035e-01   3.4861153e-01  -1.2725375e-01   1.6743814e-01  -9.1144999e-02   2.7580304e-01   3.9303035e-01   4.9896043e-02  -5.0443384e-01  -3.5924757e-02  -7.7887259e-02  -4.1662183e-02   1.8516348e-01   3.0692547e-01  -1.1890431e-01   3.3581021e-01  -1.6400469e-01  -1.7628539e-02  -1.5180897e-02  -3.2412298e-02  -3.0343690e-01   1.7098711e-01  -3.5597731e-01   1.0014427e-01   3.1540907e-01  -3.7402603e-01  -5.1016066e-02  -6.8920417e-02  -2.2904667e-02   5.0019541e-02  -1.9958541e-01   5.8139827e-01   3.1473937e-01   3.8606305e-01   7.0182976e-01   1.3822324e-02  -1.7122777e-01   1.6197203e-01   1.9054517e-01  -3.0306533e-01   8.1926160e-03   5.6452420e-01   2.4333748e-01   1.7612585e-01  -1.0351348e-01  -3.4502102e-01  -2.1345281e-01  -8.6231112e-02   9.8344219e-02   1.6502141e-01   3.0677999e-01  -5.0999384e-01  -1.1462186e-01  -1.2105363e-01   4.6341440e-01   2.5862498e-01  -1.4610482e-01  -2.4788040e-01   4.4089513e-01   2.7659110e-01  -3.9517116e-02   8.4233804e-02   3.1065552e-01  -3.8189345e-02   2.7128108e-01   1.5738322e-01  -9.4723662e-02   1.8514595e-01   1.4162439e-01   1.0150099e-01   1.3744040e-01  -6.4097975e-02   4.2890285e-01   7.7790668e-02   2.7486004e-01   2.5912651e-01  -5.5338074e-01   3.5022383e-01   1.3936893e-01  -8.7370821e-02  -4.0848368e-02   3.6848032e-02  -2.8720251e-02   5.4415860e-01  -3.7515931e-01   8.7142305e-02   3.4272103e-01   1.8175367e-01  -5.5776502e-02   2.1849380e-01  -2.0759492e-01   5.4450277e-01   1.2498643e-01   5.8231370e-01   8.8423025e-02  -4.2232555e-01   3.9652340e-01   4.0855354e-01   4.9586143e-02  -2.3730970e-01  -4.7548492e-01   3.3151152e-01   5.4768767e-01   2.4245026e-01   1.0486758e-01  -8.1774788e-02   1.2508175e-01
   1.1156405e-01   6.1786278e-01  -6.2822153e-02  -4.0798640e-01   2.2094369e-01  -1.2272806e-01   4.2167103e-01  -8.6219443e-02   4.3434044e-01  -1.1802100e-02  -3.2975281e-01   0.0000000e+00  -2.0020836e-01  -2.9153524e-01  -4.4783847e-01  -6.8409504e-02  -3.6691561e-02  -3.4834739e-01  -1.3255095e-01   1.2220748e-01  -4.7148859e-01  -3.4441852e-01  -3.4884330e-01  -3.3642108e-02  -1.4162248e-01  -1.7765821e-01   4.3337274e-01  -2.5914662e-01   3.8238310e-01   5.3164721e-02  -3.2130335e-01  -3.6638437e-01   2.3880535e-02   2.2316251e-01   3.1409455e-01  -1.1070591e-01  -1.8468751e-03  -2.0813086e-01  -7.3479037e-02   4.3180675e-01  -1.4229822e-01   2.6543101e-02   5.0813671e-01  -1.7774596e-01  -1.6954362e-01  -1.9083901e-01  -3.5944646e-01   2.4516072e-01  -2.5395602e-01   2.3457553e-01  -2.4627382e-01  -1.7120773e-01   4.0279688e-01  -7.4272769e-02  -2.7563666e-01  -1.7482584e-01  -1.5352832e-02  -2.5111955e-01  -4.0013853e-01   2.7714183e-01  -2.0353755e-01  -8.2534732e-02   2.5066518e-01  -2.0299112e-01   2.5331329e-01  -7.4310140e-02  -1.9801012e-01   5.6529284e-03  -2.7611838e-01  -2.5288985e-01   6.9722258e-01  -3.0039664e-01  -6.8013652e-02   3.1613503e-01   9.0246532e-02  -8.6015475e-02  -3.2503980e-01  -1.0492558e-01   4.5086980e-01  -2.1196283e-02  -2.6340199e-01  -8.6509182e-03  -3.9146126e-01  -3.7242943e-01  -4.5510856e-02  -5.7437337e-02   1.8193502e-01  -9.5735345e-03   2.4503401e-01   2.1059582e-01   4.4344200e-01  -2.9720186e-01   1.5429483e-01   1.1655784e-01  -3.1611141e-01   1.9670826e-01  -9.5668938e-02  -9.5705179e-02  -6.0680426e-02  -4.2080184e-01   2.3375040e-04  -2.5202364e-01  -3.2540348e-01   1.4232476e-01  -1.8434562e-01  -1.2374056e-01  -7.2004441e-02  -1.4238583e-01  -3.5199654e-01   1.2284925e-01  -3.9120531e-01  -1.8546121e-01  -1.3035965e-01  -1.6283368e-01  -4.3170997e-01   3.3601076e-01  -6.6271321e-02  -9.8991100e-02  -4.7704403e-01  -3.9040676e-01  -1.1248538e-01   4.2259523e-01   1.2391654e-01   3.6244221e-01  -1.8786524e-01  -2.2395025e-01   6.5645377e-02   6.5318243e-02  -2.0083723e-01  -1.6342806e-01  -1.0917857e-01  -3.6517082e-01   4.7355702e-02  -1.1519355e-01   9.6837978e-02  -2.0768391e-01   1.4003139e-02  -3.3298867e-01   2.5156361e-03  -2.0365895e-01  -1.2721568e-01  -5.5506152e-02  -2.9293557e-01  -1.0942203e-01  -1.5601253e-01  -2.8935650e-02   1.8700523e-01   4.5357996e-02  -1.5292922e-01  -3.7627168e-01  -2.1075026e-01  -4.2412493e-01  -4.8784979e-02  -6.2940076e-02   6.7142976e-01  -1.0817699e-01  -1.9059245e-01  -2.8964116e-01  -2.5886896e-01  -3.3098396e-01   2.0751079e-01  -3.6817588e-01  -3.0788016e-01  -1.8690289e-01  -1.6562135e-01   3.2483856e-01  -1.1244666e-01  -1.8261622e-01  -1.7063947e-01  -2.9342509e-01   4.0039370e-01  -3.2006738e-01  -2.9154681e-01  -7.4960785e-02   6.9717071e-02  -8.6450177e-02  -8.0770856e-03
   9.9971687e-02  -1.6577980e-01   6.9130408e-02   4.2010308e-01   4.1386335e-01   9.8783803e-02  -2.8665928e-01  -2.0860719e-01  -3.7580848e-02   3.0390303e-01   1.2169269e-02  -2.0020836e-01   0.0000000e+00   5.1352054e-02  -1.5605052e-01   3.6625699e-01   1.0643093e-01   3.0994217e-01  -8.9801801e-02   3.8089373e-01   2.3600118e-01   1.3618468e-01   1.0014911e-01  -2.0737654e-01   1.7642116e-01  -1.9548100e-01   1.3240898e-01  -4.6291260e-01  -1.1679939e-01  -1.6869831e-01  -4.3830970e-02   1.7229184e-01   3.7592606e-01  -7.0075947e-02  -2.0917258e-01   2.4002736e-01   9.2324556e-02  -3.0973585e-01   4.7205852e-01  -2.9979302e-02   7.8259190e-01   4.0438488e-01   5.5677614e-03  -6.6747822e-02   3.0134358e-01  -1.1594982e-01   1.9743517e-01  -2.6351079e-01   4.1633506e-01   1.6652067e-01   1.8674233e-01  -1.6064434e-01  -5.9037510e-02   1.0625165e-01  -9.4342283e-02  -1.0155368e-01  -2.9070835e-01   1.2982460e-01   3.1759148e-01  -5.4048263e-02   2.8623966e-01   5.4613289e-01   2.4573766e-02  -2.4813924e-01   4.1829812e-02   1.0462042e-01   5.2005383e-02   2.9311105e-01   4.9855619e-02  -1.0029032e-01  -2.1129267e-01   3.9228052e-01   5.4853234e-01  -1.2588755e-01   5.5678921e-02  -1.0344404e-02  -3.7595744e-03   6.9947712e-02   1.6055052e-01   2.7561634e-01  -3.8156358e-01   5.2422499e-01   1.6532645e-02  -6.6858184e-02  -1.3620414e-02   3.3793031e-02  -7.8558763e-02  -3.1354486e-01   1.6198814e-01   3.7409100e-02   1.5188488e-02   1.4229926e-01  -1.5088050e-02   2.5526638e-01  -4.0574897e-02   3.5251055e-01   4.8512444e-01  -2.4765068e-01   4.5433136e-01   1.7884575e-01  -1.2683978e-01  -1.6539147e-01  -1.6814671e-01  -1.0223477e-01   1.5184051e-01   1.9207371e-01   3.0873092e-01  -4.8647384e-02   3.6945043e-01   3.2006251e-02   1.2371541e-01  -7.2008928e-02   4.8089207e-01  -9.1286481e-02  -1.4515395e-01   5.1831527e-02   3.0621609e-02   6.4164065e-01  -5.6151604e-02   4.5830836e-01  -1.2816602e-01   1.4808583e-01   2.9721992e-01  -9.1572759e-02  -1.0805254e-01  -2.8894576e-02   1.8187792e-01  -4.4436701e-02   2.2644578e-01  -3.8201420e-02   6.0482071e-01   1.0464832e-01   1.8986488e-02   4.2452258e-02   1.8705132e-01  -1.2313188e-01   3.0270796e-01  -2.3441597e-01  -2.6983392e-01  -1.8024285e-01  -1.1278716e-01   5.5317930e-01   4.5772645e-01  -1.2202570e-01  -1.3343913e-01   6.8863670e-02  -1.1829891e-01  -4.9683487e-02   1.5980713e-02   1.1289521e-01  -2.8185703e-01  -2.4991986e-01  -1.9218395e-01   1.2755669e-01  -1.3719253e-01  -1.5988519e-01  -1.4526709e-01   3.8758571e-01   1.4550191e-01  -2.4540526e-01   2.9623916e-01   2.9684740e-01   2.5885170e-01   2.5720776e-01   2.1263916e-01  -9.2106719e-02   1.0040177e-01  -3.3405669e-01  -9.4138894e-02   1.2270657e-01  -1.1726466e-01   5.3233923e-02   3.8362358e-01  -1.8610343e-02  -1.0494583e-03   3.0153302e-01   1.3676957e-01
   1.2125597e-01  -1.7370178e-02  -2.4679858e-01   4.0528021e-01  -3.5389497e-01  -2.9140477e-02  -2.1268220e-01   2.6981513e-01  -4.9355298e-02  -1.7100933e-01   3.4814380e-02  -2.9153524e-01   5.1352054e-02   0.0000000e+00   2.8563614e-01   1.7692563e-01  -2.0521393e-01   3.8330194e-02   6.6319556e-02  -3.9217104e-01   1.1636512e-01   3.0325866e-01  -5.7350178e-02   2.0626910e-01   3.0107246e-01   4.1089607e-02  -4.1803280e-01   3.5905309e-01   5.4567039e-02  -1.6258447e-01   3.3515551e-01   1.4641830e-01   1.9277863e-01  -1.8002958e-01   1.3429793e-01  -2.8795532e-01   7.1157852e-02  -2.2509134e-02   1.6681242e-01  -2.7267471e-01   8.7427543e-02   1.1095518e-01   6.3679511e-02   3.6733176e-01   1.1355360e-01  -1.3980701e-01  -1.1162231e-01  -1.0462311e-01   3.5109767e-01  -1.5211457e-01  -5.0540752e-02   1.5981393e-01  -1.8964716e-01   1.6373013e-01   4.6381593e-01   1.9126803e-01  -2.5374820e-03   1.5906955e-01   2.3013505e-01  -4.4955427e-02   9.4501246e-02   6.5391899e-02   1.9067072e-01   1.1671529e-01   8.9466101e-02  -2.6508523e-01   1.4533606e-01   3.8357127e-01   1.3843169e-01  -2.1171224e-01  -1.6093194e-01   3.3881094e-01   1.5017657e-01  -1.2713203e-01   1.6802683e-01   6.3763931e-02   1.4545488e-02   2.1108287e-01  -2.4918854e-01   2.3537336e-01   2.7416952e-01   3.7903895e-01   2.8018961e-01   4.0948196e-01   1.1448457e-01  -1.4469630e-01   3.6484564e-01   3.0287494e-01   1.0446311e-01   3.1661661e-02  -3.2625824e-01   2.3838836e-02  -2.2392177e-01   5.0409093e-02   3.9678894e-02  -2.5877845e-01   2.8667765e-01   6.3629608e-02   2.6222561e-01   1.8134381e-01   8.5729856e-02  -1.0777538e-01   3.6944060e-01  -7.4479531e-02   2.3588336e-02   3.4843927e-02   2.9292276e-01   6.5574816e-02   2.6106863e-01  -9.9512097e-02   2.9318732e-02  -4.5667706e-02   3.3524897e-01   3.1573691e-02   2.7758161e-01  -2.6059550e-01   1.0700918e-01  -6.7632687e-03   3.2816878e-01   4.7905890e-01   1.4212056e-01  -3.3133282e-01   2.6378744e-01   6.0476505e-02  -1.0072380e-01   6.3751855e-01   9.1992701e-02   3.6737462e-01   6.3335670e-02  -1.5894471e-01   2.2720555e-01   1.7935191e-02   1.7335754e-01   1.6493266e-01   1.4510562e-01   5.7901021e-02   1.2460952e-01   2.6945532e-01  -5.2433173e-02   1.8032240e-01   2.5380054e-01   6.1279782e-02   2.6395941e-01  -6.5409417e-02   2.0532305e-01   1.8939851e-01  -1.1983210e-01  -3.9498303e-01  -2.5030438e-01   3.4321835e-01   6.3983014e-02   5.1783388e-01   2.0815368e-01  -1.3642215e-01  -2.5939344e-01   1.9473231e-01   1.0499809e-02   7.1972607e-02   1.3686393e-01   3.7872488e-01   2.6694160e-01   9.8929191e-02   3.4464865e-02   1.0840203e-01   7.9234566e-03  -2.9689343e-01  -2.4843466e-01   1.1683046e-01   3.9936182e-01   2.3784872e-01  -3.5885671e-01   1.2345379e-01   2.2072569e-01  -1.4470520e-02   7.6375749e-02   3.2656533e-01   6.8685120e-02
