   0.0000000e+00  -2.6578003e-01  -3.8561098e-02   1.1062563e-01   1.7814391e-01   4.8449794e-01   6.4628147e-02   8.2668546e-02  -2.9235808e-01  -1.8308539e-01  -4.9054069e-01   1.5867540e-01   2.7092117e-02   1.7464783e-01  -1.8548970e-02   8.1776266e-02  -3.7711556e-02   6.2769538e-02   5.7610773e-02   2.3892884e-01  -2.0223157e-01  -7.0827926e-02  -1.2622763e-01   5.7692205e-01   4.3998070e-02   5.8148003e-02   5.3460718e-02   1.3073223e-01  -7.2451419e-02  -3.4399564e-01  -4.0548937e-01  -4.3887358e-02   1.0048248e-01   2.5790395e-01   3.6971942e-02   7.8601958e-03   2.2529612e-01   4.4896754e-01  -1.2094455e-01   1.4591302e-01  -2.5539471e-01   1.1218194e-01  -1.2740031e-01   1.0675737e-01   1.9921670e-01   4.0049016e-01   2.2051181e-02  -3.2776797e-01  -3.3504372e-02  -4.4464270e-02   1.7273950e-01   2.4921941e-01  -1.4659078e-02   2.1158519e-01   1.0885676e-01   2.3743267e-01   1.3785965e-01   2.6516422e-02   1.8125481e-01   1.2648819e-01   1.8416243e-01  -2.8514122e-02  -1.6825715e-01  -3.2735080e-01  -2.4714264e-01  -1.2943842e-01   3.5946981e-01   4.0307038e-01  -1.5706584e-01   4.2921475e-01  -4.1944968e-01  -1.5414171e-02  -1.2477937e-01   1.4529078e-01   1.3092785e-01  -2.4477810e-01   3.6611030e-01   1.9168533e-02   1.5456140e-02   7.9599286e-02  -5.9699323e-02  -1.6563239e-02  -4.2937692e-01   7.8736445e-02   3.4616067e-01  -4.4554327e-02  -3.2752032e-01   2.7882809e-01   2.7811843e-01   8.5481054e-01  -3.1594541e-02   1.2579700e-01  -2.7902246e-02  -1.9653542e-01   3.4361310e-01   3.1740119e-01   4.0785975e-01  -1.0091490e-01   1.6595805e-01  -5.5327079e-02   5.0450642e-01   9.0942785e-02  -2.3427452e-01   2.2109604e-02   8.8620943e-02   5.3096959e-03   2.4331772e-01  -1.0428800e-01  -1.9354970e-02   1.7890409e-01  -2.0120715e-01   1.7358797e-01   1.0501361e-01   6.9186069e-01  -1.3777273e-01  -1.9401034e-01   1.1428800e-01   5.2958108e-02   1.7640497e-01   1.5522708e-01   3.6369295e-01   1.2104112e-01  -7.6811916e-03  -4.3079885e-01   4.0795048e-01   4.7844950e-01  -1.2846632e-01   5.5804336e-02   2.4032396e-02   1.6371290e-01   8.8199078e-02  -1.7479988e-01  -4.7495167e-02  -4.1101155e-01  -8.6979797e-02  -1.5580499e-01   1.0533421e-01  -1.5822765e-01   1.9065396e-02   4.7815333e-01   5.8149203e-01   1.8101046e-01  -1.9259826e-01   2.7045305e-01  -2.8093003e-01  -3.1411414e-01  -1.9773596e-01  -5.2661870e-02   5.9769636e-02  -3.7167248e-01   3.7200957e-01  -3.2002199e-01   6.2429646e-01  -3.1453842e-01   1.0590640e-01   6.1267930e-01   4.2959170e-01   8.1844088e-02  -8.7962384e-02  -1.6034518e-01   9.3762059e-02  -3.9479726e-01  -1.7505817e-01  -1.3163933e-01   6.3050436e-04  -1.6994898e-01  -7.8280243e-02   2.0744614e-01   5.6422808e-01  -3.1867377e-01  -4.0391177e-02   2.1180493e-01  -2.5409292e-01   2.8873168e-01   2.7573434e-01   1.4648386e-02   5.8877722e-03
  -2.6578003e-01   0.0000000e+00   3.7316749e-01  -2.8599691e-01   3.6214220e-01  -1.7493555e-01  -1.2778799e-01  -3.4843431e-01   2.1352127e-02   1.5793401e-01  -7.3938626e-02   5.1074703e-01   6.9544287e-02  -3.7011646e-01   2.0373116e-01   5.1724615e-02   5.3059634e-01  -2.2389021e-01  -2.9081085e-01   1.9896892e-01  -1.6657982e-01  -3.6936603e-01  -3.3647378e-01  -2.6402183e-01  -2.4832425e-01  -2.5471228e-01  -5.0205319e-02  -2.0812784e-01   3.2154527e-01   6.7779909e-02   2.0047913e-01  -3.8152125e-01  -1.3956384e-02  -1.2015056e-03  -2.1264700e-01   1.2906713e-01   2.5215458e-02  -1.7062673e-01   1.4951394e-01   1.1125123e-01   2.6558596e-01   5.5906602e-02   5.2552803e-01  -1.7957872e-01  -3.0357181e-02  -2.6338352e-01  -5.9193425e-02   5.1526272e-01  -1.4153597e-01   5.9095789e-01  -3.5468988e-01  -3.3218721e-01   6.2205203e-01  -8.0524474e-02   1.3587914e-02  -2.4804952e-01  -1.1255081e-01  -3.6550145e-01  -2.6134828e-01  -3.4139037e-01  -3.6430154e-02  -1.2154168e-01   3.9015696e-01   1.1502028e-01  -4.6567573e-02   6.0824385e-01   6.0143263e-02   9.1341868e-02  -3.8018143e-01  -2.2913116e-01   7.2433232e-01  -2.5097809e-01   2.2950213e-01   2.6233945e-01   4.5650575e-02  -4.0299542e-01  -1.3059664e-01  -3.6051056e-01   5.8350981e-01  -5.7598047e-02  -3.8624943e-01   4.5877078e-02   3.3150035e-01  -3.6607931e-01  -1.8330937e-01  -4.3713827e-01  -1.4474972e-01  -3.7145867e-01   1.2908763e-01  -2.1875241e-01   6.4994896e-01   8.2196453e-02   1.8744578e-01   1.7294152e-01  -2.6550828e-01   7.6430740e-02  -1.0182383e-01  -1.5388268e-01   1.2649642e-01  -3.5391545e-01  -3.2423373e-01   4.2645681e-02  -1.9364449e-01   2.5346700e-01  -4.2832443e-01  -2.1445117e-01   6.0383848e-04  -3.1260708e-01  -1.4761583e-02  -7.0675274e-03   4.1799204e-01  -3.6951429e-01  -4.5789004e-01  -3.4942998e-01  -2.2234468e-01   6.7522520e-01  -2.3135012e-01   2.3845129e-01   4.6394372e-03  -3.5136783e-01  -3.6519168e-01   4.4328542e-01   3.6159132e-01   4.4680446e-01  -2.8598405e-01  -4.6782276e-01  -2.3036443e-01  -3.4995275e-02  -3.3878879e-01   1.5386774e-01   2.8829756e-01   5.4951269e-01   3.6657002e-01   1.7143152e-01  -6.8635080e-02  -3.1922191e-01  -7.2404887e-02  -2.1714266e-01  -3.0439660e-01  -1.3859251e-01  -2.6230342e-01   4.2711740e-02  -3.4274250e-01  -1.5688885e-02  -8.1972266e-02  -1.6177177e-01   6.6631218e-01   6.1631237e-01  -1.1278090e-01  -1.2715890e-02  -1.2987979e-01  -1.8824541e-01  -2.0215973e-01   4.1142723e-01   4.7039681e-01  -1.7573504e-01  -4.7254963e-01  -1.9355212e-01   1.5421981e-01  -2.4607251e-01   1.5063662e-01  -1.2984098e-01   2.5796340e-01  -2.8982594e-01  -2.2838462e-01   5.1727780e-01   3.8592207e-01  -2.6822535e-01  -3.2440072e-01   3.2163829e-01   5.5734685e-01  -3.0502094e-01  -2.1676297e-02  -6.7980970e-02  -8.1251383e-02   4.3708008e-02  -2.7630515e-01
  -3.8561098e-02   3.7316749e-01   0.0000000e+00  -8.6924571e-02   1.8494071e-01   2.4355765e-01   1.0325110e-01  -1.7213944e-01  -2.2789022e-01   1.4425561e-01  -2.2923767e-01   3.4879768e-01  -5.1006376e-04  -1.8734740e-01   7.0378899e-02   2.5237195e-01   7.6868783e-01  -1.8520750e-01   1.0955848e-01   1.3263078e-01  -3.1425858e-02  -1.5001749e-01  -1.5023930e-01  -1.9073957e-01  -1.3110694e-01   7.8367079e-02   3.8804818e-02   1.3668204e-01  -1.2580801e-01  -1.6380589e-01  -2.2708320e-01  -1.5370402e-01   3.5237746e-01   1.4784387e-01   9.9452346e-03   2.2737727e-02   1.5807580e-01  -8.9258319e-02   8.1161075e-02   5.1396187e-01  -6.5417813e-03   2.0399633e-01   3.4774890e-01  -2.4580227e-01  -1.6710309e-01   5.5471501e-02  -4.7564939e-02  -3.1601498e-02  -2.1378330e-01   6.2551732e-01  -2.6904797e-01  -1.0210346e-01   2.0449537e-01   8.7740802e-02   2.1213641e-02   1.3368871e-02   1.2337522e-01  -9.5877178e-02  -2.7616133e-01  -1.9796604e-01   1.1910070e-01  -3.3529844e-02  -1.5042192e-01  -4.1184795e-02  -3.5548063e-01   3.9752014e-01   2.4377845e-01  -1.0637608e-01  -1.6925598e-01   3.3169167e-01   3.0425013e-01  -9.4380231e-02   4.1151669e-02   5.9410815e-01   1.0172019e-01  -1.2107555e-01   4.7735276e-02  -1.2988448e-01   1.2303133e-01  -6.7930592e-02   1.1443515e-02   2.0446995e-01   4.4512034e-02  -9.5858529e-02   2.3596445e-01  -2.5660116e-01  -2.1699269e-01  -1.1152785e-01   1.1959508e-03  -5.7429130e-02  -2.8105647e-02   5.0748538e-01   3.2655081e-01   4.7393253e-02  -2.9332886e-01   1.0248530e-01  -6.2438133e-02   5.1566978e-02   1.8357994e-01  -1.3966720e-01  -3.1578933e-01   5.3736387e-02  -8.7473424e-02  -1.5834708e-01  -2.7634425e-01  -1.1148800e-01   2.9374634e-01  -4.8672448e-02  -4.4561732e-02   2.1596124e-01   1.6823120e-01  -8.5086230e-02  -3.5782681e-01  -2.3241335e-01   6.2025810e-02   6.3746948e-02  -1.8363226e-01   2.1853952e-01   3.4035118e-01  -3.6687513e-03  -3.8236163e-02   1.9499202e-01   1.2652561e-01  -1.1053462e-01  -1.1680450e-01  -1.7731570e-01  -3.0275708e-01   3.2029177e-02  -1.5936192e-01   5.0430417e-01   1.6837579e-01   1.5163114e-02   4.0830798e-01  -9.4855734e-02  -5.4024865e-02  -9.0213290e-02  -1.2174845e-01   1.2780378e-01  -2.3261730e-01  -1.2781168e-01  -2.1503423e-01  -6.8401089e-02  -2.9556824e-01   3.8355440e-01  -3.4350392e-02  -2.5030741e-01   4.4577958e-01   1.5373960e-01   1.4527316e-01  -3.0065778e-01   1.7685298e-01  -1.1213442e-02   1.0987146e-01   2.3033385e-02   6.9421405e-01  -1.2626641e-01  -1.4392883e-01  -2.6365481e-01   5.5630057e-01  -4.5160808e-02  -9.0863982e-03  -1.6321207e-01   2.9081089e-01  -2.8732042e-01  -2.1699904e-02   3.2554034e-03   5.2629478e-02  -1.8233515e-01   1.4794247e-01   1.5665735e-02   1.2681069e-01  -1.4503742e-01  -3.0635286e-01   1.5619892e-01  -1.4399562e-01   1.3022377e-01  -2.1896214e-01
   1.1062563e-01  -2.8599691e-01  -8.6924571e-02   0.0000000e+00  -3.8175198e-02   6.3397181e-02  -1.3683466e-01   4.5557826e-02  -7.3279530e-02   5.9602414e-02  -1.0455887e-01  -2.1864803e-01   1.3662883e-01   1.3960470e-01   1.2008371e-01   6.6076455e-02  -2.5963819e-01   2.5522163e-01   9.8441059e-02   3.0101863e-02   2.3044963e-01   2.3759475e-01   9.1910557e-02   1.1519294e-02   1.9118315e-01  -5.3638583e-03  -5.8889619e-02  -1.5742600e-01   7.9556318e-03  -2.0546313e-01  -2.4344789e-02   3.0984448e-01   2.2310906e-01  -7.4806171e-02   1.8249415e-02   3.9813890e-02   1.7227968e-01  -1.7394295e-01   4.0946961e-02   1.8154265e-02   1.4289487e-01  -3.5251792e-02  -3.1735295e-01   2.7421036e-01   2.6682976e-01  -5.4405048e-02  -2.7314193e-02  -2.6777576e-01   4.9631787e-01  -1.1584807e-01   2.5791199e-01   1.3936704e-01  -1.9828640e-01  -6.8326973e-02  -9.5353408e-02   2.5084264e-01   1.0140423e-01   3.2239946e-01   5.1863565e-01   1.9091720e-03  -8.2247387e-02   2.3115484e-01  -1.6892105e-01  -1.9317603e-01   2.1807303e-01  -1.6441392e-01   5.0467726e-02   1.0671363e-01   2.0954608e-01  -8.0666032e-02  -2.6457724e-01   2.0305050e-01  -7.5074352e-03  -6.3099418e-02  -2.7188322e-01   4.9396143e-02  -5.6577019e-02   2.4228523e-01  -7.7847847e-02   2.5196971e-01  -7.3826732e-02   1.5093679e-01  -3.0205218e-02   1.2362970e-01   1.3138095e-01   1.7871752e-01   1.9827256e-01  -1.0189836e-01  -4.1212689e-02  -5.5125347e-03  -1.4801200e-01   1.7146429e-02  -6.5437462e-02  -1.8042886e-01  -9.7388297e-02  -6.8064841e-02   2.4532916e-01   1.8544526e-01   2.5254084e-01   1.0530437e-01  -5.0023563e-02  -5.3801801e-02   1.5692569e-01  -3.2696141e-02   1.6048027e-01   3.5759884e-01   1.4772133e-01   3.5248317e-01   5.6335861e-02   1.0777996e-01  -9.0529817e-02   1.9739456e-01   6.7660232e-01  -5.8393718e-02  -5.4078456e-02  -1.8411336e-01   1.7006920e-01   2.1179611e-02  -7.7874693e-02   5.3743800e-01   1.1131429e-01  -1.7395194e-01  -2.2475105e-01  -1.0068822e-01  -1.0367564e-01  -4.1311709e-02   3.0451112e-01   1.0717512e-01   1.9369685e-01  -2.3044120e-01   5.1149142e-02  -2.0555924e-01   1.1684512e-01  -8.8530907e-03   3.3540965e-02   3.5017207e-02   2.5549512e-01  -1.1745331e-02   1.4673035e-01  -3.9359016e-02  -1.3381733e-01  -1.4463975e-01   1.5070496e-01  -1.4963238e-01   2.0488234e-01   1.5930227e-01  -3.3871574e-01  -2.0429862e-01  -9.0758897e-02   5.1886234e-02  -1.5616643e-01   5.2415318e-02   1.5993425e-01  -1.5445695e-01  -1.7413887e-01  -1.6027916e-02  -1.9219558e-02   3.6321686e-01   3.5037171e-02   3.5553826e-02   2.0364240e-02  -5.8467713e-02  -2.2139043e-02   9.7691582e-02   9.3507568e-03  -1.3991154e-01  -5.3828980e-02  -1.0641107e-01   1.3558777e-01   4.3921207e-02  -9.7630021e-02  -6.3045960e-02   5.8077979e-02  -6.4520237e-02  -4.1162874e-02  -1.7392362e-02   1.0155158e-01
   1.7814391e-01   3.6214220e-01   1.8494071e-01  -3.8175198e-02   0.0000000e+00   2.8408685e-01   4.6472702e-02  -2.4471073e-01  -4.5319319e-01  -1.4814091e-01  -2.7663025e-01   4.0200309e-01   3.4656005e-01  -4.0138728e-01  -9.1903244e-02  -4.7714108e-02   3.4590273e-01   5.1406224e-02  -1.3994732e-01   8.5087762e-01   1.4295285e-01  -3.6280257e-01  -1.1279157e-01  -3.7880817e-03  -9.3429366e-02  -2.7989635e-01   9.3673372e-02  -1.9379983e-01   1.6783641e-01  -3.7020109e-01  -3.9005887e-01  -2.9610092e-01  -9.6449557e-02   3.2418436e-01  -1.0003550e-01   7.1582404e-01   4.0998368e-01   1.4220508e-01  -1.0258950e-01   3.1192983e-01   2.4783949e-01  -7.2394657e-02  -3.5693492e-02  -3.1231092e-01   2.6858198e-01   1.5051714e-01   4.4161308e-01   2.3075640e-01   7.1827895e-02   5.6371756e-01   3.8729066e-03  -1.4312062e-01   5.7302904e-01  -6.8647552e-02  -1.9086239e-01  -1.6969754e-01  -6.9146170e-02  -1.7568494e-01   1.6194311e-01  -1.7108053e-01   6.8594748e-02  -9.7754602e-02   7.1531100e-02  -3.5621173e-01  -2.8155662e-01   2.8512454e-01   4.8490121e-01   2.6673791e-01  -1.9575942e-01   7.8718526e-02   1.3299331e-01  -4.5120693e-02   2.4420802e-01   1.7306354e-01  -8.8127338e-02  -6.0150981e-01   1.5190899e-01  -3.0273482e-01   6.4463376e-01   1.5412411e-01  -3.3247101e-01   2.0771004e-01  -1.5048866e-01  -2.5002847e-01  -8.7283750e-02  -3.7389585e-01  -4.6595611e-01  -2.9303977e-01   1.1420277e-01   1.3565267e-01   6.4413880e-01   1.5724089e-01   3.5445156e-01  -2.7631513e-01   6.6430166e-02   7.5874976e-01   3.1974452e-01  -3.1046223e-01   4.4641549e-01  -2.6340260e-02  -1.3653805e-01   1.1010077e-01  -5.0414022e-01  -8.5337802e-02  -7.3129344e-02  -1.7283463e-01   1.7415237e-01  -1.9331169e-01   3.9444516e-02   4.5738823e-01   1.1419588e-01  -1.4784074e-01  -2.8419162e-02   1.4817250e-01  -4.9153801e-01   5.4846298e-01  -2.7322550e-01   2.4236288e-01   4.3133785e-02  -1.7547259e-01  -2.8599796e-02   8.4947806e-01   1.5242993e-01  -1.9057987e-01   4.3034481e-02  -1.5622331e-01  -1.3604407e-01   2.0149624e-01  -2.2243044e-01   2.1315167e-01   3.2084022e-01   3.9116819e-01   9.1964992e-02  -1.8536470e-01  -1.7355146e-01  -3.4764660e-01   7.1996227e-02  -3.8953151e-01  -2.3027155e-01   1.1205576e-01   5.7344277e-02   1.6851620e-01  -1.8422233e-01   9.4734088e-02  -3.5495603e-01  -3.0258683e-01   2.2492715e-01   5.9131371e-01   2.8216316e-01  -1.9593888e-01  -1.3719635e-01  -4.1012119e-01   1.1006413e-01   2.2518600e-01   3.3264879e-01   1.0879393e-01  -7.7018078e-02   1.1760918e-01   1.8435020e-01  -4.4580445e-01   2.2487810e-01  -2.7755038e-01   3.4522855e-02  -2.1264858e-01  -1.7499542e-01   3.6845070e-01   2.6642309e-01  -3.8727219e-01  -4.4256735e-03   1.7883872e-01   4.4557903e-01   5.3019109e-02  -7.3904518e-02   4.8056658e-02  -2.8101791e-02   1.6667067e-01  -2.3004579e-01
   4.8449794e-01  -1.7493555e-01   2.4355765e-01   6.3397181e-02   2.8408685e-01   0.0000000e+00   1.1865162e-01   2.9559815e-01  -2.4138609e-01  -4.3229994e-01  -5.5574741e-01   2.8622301e-01  -6.7010961e-02  -1.2171724e-01  -2.2821425e-01  -7.1094416e-02   1.5923160e-01   8.4358266e-02   3.8024745e-01   2.3011602e-01  -3.0946969e-01   1.0650777e-01  -2.6336468e-01   4.0071954e-01   3.3295181e-02   3.3135861e-01   1.0104241e-01  -8.0987401e-02   5.6708108e-02  -2.1968952e-01  -5.3794270e-01   1.0489942e-01   5.1600508e-02   2.7371122e-01   3.2023740e-01   7.9924803e-02   2.4810108e-01   4.5433350e-01  -2.7411852e-01   2.6168024e-01  -3.5351028e-01   1.6880295e-01   2.2143127e-02  -1.9791208e-01   1.9031415e-02   5.0354624e-01   2.1568889e-01  -2.1999522e-01  -1.5259255e-01   1.3406872e-01   2.5867318e-02   4.3143725e-01   5.8587557e-02   2.9034290e-01   2.1869884e-02   1.5430777e-02   5.6669573e-01   2.7007341e-01  -1.8612303e-02   4.4198051e-01   2.4458347e-01  -2.0670084e-01   1.2104776e-02  -3.3478234e-01  -3.5818661e-01  -2.1039932e-01   7.4418539e-01   2.1934512e-01   5.8128035e-02   4.8475788e-01  -3.6562749e-01  -7.8060283e-03  -3.5821053e-01   2.3664879e-01   1.0477481e-01  -2.1601030e-01   3.7150505e-01   2.0084664e-01   1.1778291e-01   1.2107053e-01  -1.2192150e-01  -3.3913869e-02  -5.1259988e-01   1.1223253e-01   1.1255373e-01  -4.2836460e-02  -3.3240633e-01   2.1248507e-01   2.7452930e-01   4.9925920e-01  -8.4112334e-03   3.3359695e-01   2.5274629e-02  -7.3117124e-02   3.0166951e-01   3.0428465e-01   3.2410382e-01   1.7449649e-01   4.1717227e-02  -1.3368837e-01   1.7353475e-01   8.8994932e-02  -4.0488581e-01   8.1316773e-02   1.9295382e-01   7.8099216e-02   3.4552330e-01   2.7475506e-01  -2.7499167e-01   3.0758991e-01  -2.9779623e-01   4.2235121e-01   1.4761013e-01   5.2412320e-01  -3.5668481e-01  -7.5991671e-02   1.8110333e-01  -1.5655155e-01   2.3236452e-01   1.1904581e-01   4.4246418e-01   1.8067525e-01   1.1247228e-01  -5.3688315e-01   5.5748102e-01   3.4162237e-01  -3.1508326e-01   1.0363058e-01   2.2157072e-01   3.1539963e-01  -6.5192235e-02  -2.1538699e-01  -1.3066373e-01  -5.4187291e-01   1.1444716e-01  -5.5940886e-03   9.1798615e-03  -3.9027557e-01   4.7997080e-02   2.9156318e-01   3.4921084e-01   1.4943619e-01   3.3628706e-02   5.0799411e-01  -5.2482032e-01  -3.9723588e-01  -2.3094659e-01  -1.5787231e-02   2.1574270e-01  -5.2340298e-01   1.5012094e-01  -3.5874037e-01   5.2064358e-01  -2.2946057e-01   2.8929512e-01   3.9538090e-01   3.9448558e-01  -1.9040110e-01   2.1721092e-01  -2.8140244e-01   2.1473502e-01  -2.5713266e-01  -3.0795088e-01  -1.5086935e-02   3.1329643e-01  -1.7119129e-01   1.9087380e-02   1.0414054e-01   4.2119658e-01  -3.4153661e-01  -5.4433390e-02   3.4525251e-01  -1.3659445e-01   5.3122499e-01   8.3527930e-02   2.5996168e-01   1.7835541e-01
   6.4628147e-02  -1.2778799e-01   1.0325110e-01  -1.3683466e-01   4.6472702e-02   1.1865162e-01   0.0000000e+00  -2.5177719e-01  -9.3316595e-02   2.0774380e-01   5.5625146e-02   2.8220380e-01   1.0849500e-02   7.6383231e-02   4.1809222e-01  -4.3042508e-02   4.9641993e-02   2.1170762e-01  -3.2040512e-01   1.2374733e-01   2.8806265e-01   8.1489020e-02   5.4045769e-01   5.7323555e-02  -2.3638729e-01  -4.8260977e-02  -7.2329956e-02   5.9057394e-01  -2.2432791e-01   9.1928795e-02  -6.5075830e-02  -5.4477746e-02  -3.4983180e-01   6.6638150e-01   3.8920014e-01   2.4984627e-01   1.2348925e-01  -1.0656981e-01  -5.7060559e-02   2.6811456e-01  -1.0972200e-01  -8.8872245e-02  -7.0353465e-03   8.4168344e-02   2.6947426e-01   1.7224573e-01   2.0415495e-01   1.8985450e-01  -1.0306062e-02  -8.7705851e-02   2.7455107e-01  -1.7207633e-01   1.1794303e-01  -4.0198273e-02   5.2378296e-02   3.0123156e-01  -3.2128939e-01  -1.9710671e-01   4.7690427e-02   1.1086802e-01  -2.3548618e-02   8.1088650e-02  -1.2368363e-01   2.2025871e-02  -9.1492120e-02   1.0387303e-01  -3.6713211e-02   8.3905873e-02  -1.1381679e-02   4.7321164e-01  -6.4157910e-02   2.2022168e-01   7.2851671e-02   1.3201813e-01  -1.6992011e-01  -1.5404310e-01  -3.8255019e-02  -2.0171648e-01   6.1764375e-02  -8.1656166e-02   6.0459346e-01   1.1159254e-01  -1.2550242e-01  -2.6832924e-01   1.4192595e-01   8.8523702e-02   1.0180432e-01   3.3531686e-01   1.7757990e-03   8.0017062e-02  -9.3283063e-02  -6.0043654e-02   2.7640851e-01  -1.5486298e-01  -2.4143089e-03   2.1486169e-01   8.2623392e-02  -4.2743670e-01   2.1680529e-01   3.7989742e-01   2.1014863e-01   5.1212937e-01  -8.7018346e-02   1.0673390e-01   2.6163379e-01  -3.1324851e-01  -1.5174677e-02  -3.4306821e-01   1.8558940e-01   2.1972556e-01   1.3322877e-01   8.1797076e-02   4.2735280e-02   7.2706020e-02   4.5852348e-01  -1.3613668e-01   3.8905531e-02   5.3732415e-02   1.7947956e-01  -3.7512046e-02  -9.4150577e-02   1.2640339e-01  -1.2572870e-01  -1.0093864e-01  -2.1745522e-02   2.1354476e-01   3.3515413e-01  -1.0567991e-01  -2.0909963e-01   3.4981135e-01   1.3319390e-01   2.1908133e-01  -1.4682425e-01   8.4990166e-02  -2.1070072e-01  -7.7422083e-02  -1.0131284e-01   3.8118850e-01  -9.6789239e-02   6.0538991e-02   1.7504172e-01   2.9421512e-02   1.8869450e-01   3.0715573e-01   1.9381296e-01  -4.3826181e-02   6.6426233e-02   1.7724787e-02   5.6950266e-01  -1.6371472e-01   9.0364572e-02  -7.7061761e-02  -1.3198921e-02  -5.9993322e-02   3.0048012e-01  -4.4476978e-02   1.9466275e-01   2.0861037e-02  -1.1148697e-01   1.6900376e-01   4.9187659e-02  -2.3570221e-02   1.5283032e-01  -7.7614014e-03  -1.4693870e-01  -1.2521395e-01   2.3864337e-01  -3.1464792e-02   7.1614771e-02  -1.7020576e-01   9.2397344e-02  -7.0964650e-02   1.3669266e-01   2.8135779e-02   1.2082381e-01   1.0753559e-02   4.1432738e-03
   8.2668546e-02  -3.4843431e-01  -1.7213944e-01   4.5557826e-02  -2.4471073e-01   2.9559815e-01  -2.5177719e-01   0.0000000e+00   2.7624728e-01  -3.7197881e-01  -1.4386956e-01  -2.2267318e-01  -3.5834715e-01   4.2409119e-02  -4.7382687e-01  -1.8830688e-01  -1.9122953e-01  -1.0370554e-01   5.4026426e-01  -2.4550861e-01  -4.2140616e-01   2.1938286e-01  -2.1174773e-01   3.0182155e-01   1.4142982e-01   5.9085404e-01   1.2165697e-01  -2.4953102e-01   6.8851955e-02   1.0308321e-01  -2.3297514e-01   2.4723341e-01   3.6406908e-02  -2.5874657e-01   1.8738344e-01  -2.6453823e-01   5.3795474e-03   3.6876635e-01  -3.3562969e-01  -2.1688954e-01  -3.7595545e-01   8.7844143e-02  -7.4150867e-02  -1.0382445e-01  -3.2457137e-01   3.2115332e-01  -2.0039166e-01  -1.0335746e-01  -9.4288605e-02  -2.8437471e-01  -6.0384238e-02   7.8249734e-01  -2.2551423e-01   3.0006444e-01   2.1294138e-02  -2.3669469e-01   4.3640974e-01   5.5285383e-01   3.0536289e-03   5.0503819e-01   2.2684233e-01  -2.2161024e-01   1.4897782e-01   8.5131620e-02  -1.4950649e-01  -4.2182496e-01   2.7566310e-01  -2.8679792e-02   4.6218553e-02   2.2981700e-02  -2.2783390e-01  -5.7128085e-03  -4.8024475e-01  -2.6745497e-01   1.0319311e-01   4.8301732e-01   2.6680012e-01   5.6877673e-01  -3.3503157e-01   1.4501935e-02  -7.0184581e-02  -2.7503643e-01  -1.7475814e-01   6.1171907e-01   2.0003004e-02   1.2345428e-01  -1.9196606e-01   1.1799887e-01   2.0490283e-01   8.8467274e-02  -2.3138564e-01   1.9049775e-01  -3.0857139e-01   3.2557564e-01   2.3595352e-01  -1.9346801e-01   9.1128369e-02   6.2797394e-01  -2.7281741e-01  -1.5785049e-01   1.0393750e-01  -1.2405729e-01  -7.7327752e-03   9.3352628e-02   1.4964141e-01   5.4807336e-01   1.1028631e-01   4.9502895e-01  -2.2798059e-01  -2.7207294e-01  -2.2371135e-01   2.7213711e-01   1.7977795e-01   3.4760474e-01  -2.2851707e-01  -1.7361206e-01  -1.7565039e-02  -2.5755923e-01  -2.7555388e-01   9.9058034e-02   4.6646679e-01  -3.1386963e-01   1.1973830e-01  -2.0044067e-01   5.1089052e-01   2.2147703e-01  -3.1518001e-01   5.8958347e-02   6.1167023e-01  -1.2738723e-01  -3.4051433e-01  -3.8600968e-01  -2.3531464e-01  -3.5966041e-01   4.4184516e-01   6.5967284e-01  -1.4402438e-02  -2.6941249e-01   5.0811260e-01   7.9408068e-02   2.7329797e-01  -9.6433282e-02   1.1274842e-01  -1.4016117e-01  -2.9068699e-01  -1.4892986e-01  -2.8502544e-01  -3.6677951e-01  -2.5556521e-01   1.4215537e-02   4.8084407e-02   6.7962963e-02   2.1164513e-01  -1.6510168e-01  -3.5125398e-01   1.7204178e-01   4.6856685e-01  -2.3472663e-01   7.5878008e-02  -7.1529206e-02   7.3904195e-02   1.4772566e-01  -2.7222554e-01   8.6851823e-02   5.9463213e-01  -1.2661299e-01  -1.9976717e-01   3.1202719e-01   1.4349421e-01  -5.2409875e-02  -3.1938621e-01   3.2804714e-01   1.6148241e-03  -2.2073866e-02   1.4454727e-01   5.0579611e-02   4.1796674e-01
  -2.9235808e-01   2.1352127e-02  -2.2789022e-01  -7.3279530e-02  -4.5319319e-01  -2.4138609e-01  -9.3316595e-02   2.7624728e-01   0.0000000e+00  -8.9344758e-02   2.3153441e-01  -9.0699463e-02  -1.6996446e-01   2.2359590e-01  -5.7188013e-02  -1.9855648e-01  -2.4206161e-01   3.1314918e-02   1.0700067e-01  -4.8505869e-01  -2.9328044e-01   1.6981234e-01  -9.8487975e-02   1.6322773e-01  -1.1794606e-01   1.7322337e-01  -5.8922206e-02  -9.2718774e-02   1.6395645e-01   5.5091430e-01   3.9528494e-01   1.1847511e-01  -6.8073510e-02  -4.2862740e-01   4.0072789e-01  -3.9212816e-01  -1.7038744e-01  -9.8391403e-02  -6.6804717e-02  -2.7766532e-01  -4.4640808e-02  -3.0208752e-02   3.1479264e-01   1.2002216e-02  -1.9056634e-01  -2.0341863e-01  -2.2348331e-01   2.1188175e-01  -6.4076366e-02  -3.6498797e-01  -1.2581012e-01   2.3707706e-01  -2.2043160e-01   4.2418715e-02   2.6198939e-01  -1.7341004e-01   2.0916545e-02   1.7237927e-01  -2.0243657e-01   4.2568003e-01  -1.9891127e-01  -2.6756766e-02   5.5153934e-01   3.7993512e-01   3.1766762e-01  -2.6070664e-01  -1.8141330e-01  -6.2188768e-02   1.8546888e-02  -2.1071067e-01   5.9850715e-02   1.7675612e-01  -1.6764396e-01  -2.2453207e-01   5.0230792e-02   4.2165570e-01  -2.9640751e-01   1.6357094e-01  -2.9984936e-01  -1.3782912e-01   3.3962645e-02  -1.9827954e-01   9.2264276e-03   2.0433313e-01  -3.3694708e-02   1.7831927e-01   4.2201066e-01   2.5327732e-01   1.5449241e-01  -1.7958917e-01  -1.1566527e-01  -1.9009788e-01  -3.4211996e-01   6.8543311e-01  -1.2032962e-01  -4.7071033e-01  -2.5378194e-01   2.8743541e-01  -4.0637121e-01  -7.9372629e-02  -4.1414443e-02  -2.7051884e-02   2.5179423e-01   5.2959641e-01   1.7272289e-02   2.2070606e-01  -1.4297567e-01   1.3059012e-01  -1.0110835e-02  -4.7720560e-01  -1.0067404e-01  -4.6206551e-02  -3.5788050e-03  -1.2380132e-01   1.3392505e-01  -5.0032974e-02  -8.7213275e-02  -2.1001154e-01  -1.8145955e-01   1.6774519e-02  -1.2093642e-01  -3.7050836e-01   3.4859529e-01   3.1031551e-01   2.7742717e-02   1.3015365e-01   1.0099761e-02  -2.0534158e-01   3.5196280e-01  -2.4101193e-01  -1.6752708e-01  -1.3100468e-01  -5.6069537e-02   2.2265798e-02   5.9043681e-01   4.2648941e-01  -1.8787182e-01   9.0399323e-03   3.4034908e-01  -6.1191451e-02  -2.1311301e-02  -5.9730505e-02   7.4220537e-02  -2.2453659e-01  -2.6506761e-02   2.4678417e-01  -3.4038157e-02  -2.9154269e-01  -3.2265556e-01   1.8473743e-01   7.5249802e-03   1.8446877e-01  -2.0129040e-01   5.4609348e-02  -2.4332262e-01   4.0526309e-02   4.4770515e-02  -1.5501375e-01  -2.1811400e-01   2.4961349e-01   8.8181660e-02   3.1641146e-01  -1.7726462e-01   3.7570684e-01   2.9451837e-01  -1.1878423e-01  -1.7470769e-01   2.3877912e-01  -2.2343078e-01  -8.0043906e-02  -3.0358173e-01  -2.5971530e-02   4.2997784e-01  -2.1800568e-01  -1.7483962e-03  -2.2622094e-01   2.2546230e-01
  -1.8308539e-01   1.5793401e-01   1.4425561e-01   5.9602414e-02  -1.4814091e-01  -4.3229994e-01   2.0774380e-01  -3.7197881e-01  -8.9344758e-02   0.0000000e+00   2.0430429e-01  -2.3415147e-02   2.5409177e-01  -8.0225366e-02   5.0782658e-01  -1.5922969e-02  -3.0717814e-02  -1.7381415e-01  -2.3749731e-01   5.4873790e-02   3.3978388e-01  -2.8800421e-01   4.8733364e-01  -3.1403985e-01  -1.8644339e-02  -1.7404665e-01  -1.1402249e-01   2.3688906e-01  -2.8489111e-01  -2.5122379e-01   1.9305380e-01  -3.4071597e-01  -7.1497454e-02   3.2871323e-01  -2.2893579e-01   9.6798378e-02   9.9202832e-02  -3.3393797e-01   5.3755033e-02   1.2330683e-01   1.8350563e-01  -2.6323032e-01   5.9382587e-02   1.2774704e-01  -1.8450378e-02  -3.1581442e-01  -3.3598595e-01   1.1479791e-01   1.8313563e-01   1.2423739e-02  -1.0910657e-01  -3.9770307e-01   1.1017838e-01  -2.8775972e-01  -2.0639110e-01   3.2807376e-01  -3.9168578e-01  -2.5255382e-01  -3.2848173e-02  -4.5503150e-01  -2.3015406e-01   3.8866372e-01  -1.9189650e-01   3.5533367e-02   7.1123492e-02   5.7195876e-01  -4.3524310e-01  -1.1148684e-01  -3.5808771e-01  -2.0386696e-02   3.3816990e-01  -1.6521082e-01   2.2680580e-01   1.7807253e-01  -2.6789414e-01  -6.6995077e-02  -2.9041532e-01  -2.8273740e-01  -4.7826675e-02  -2.3831411e-01   1.4663187e-01   1.3310372e-01   3.7681087e-01  -2.4604422e-02   5.3143429e-02  -1.3488059e-01   7.4967628e-02  -1.0026977e-01  -2.5922791e-01  -2.1670074e-01  -6.4969491e-02  -1.0467663e-01   4.8714635e-01  -1.3101885e-01  -2.2641062e-01  -4.9012353e-02  -1.4767353e-01  -1.0452327e-01   1.7506414e-01   4.0897732e-01  -1.4484723e-02   1.9455660e-01   1.6062984e-01  -1.6272705e-01  -3.8551464e-01  -1.3860181e-01  -1.9227908e-01  -4.5950828e-01   6.6516956e-01  -8.6345684e-02   6.0398665e-01  -4.6934757e-01  -1.6073169e-01  -3.2294118e-01   4.6896671e-01  -8.9418940e-02  -1.8240012e-01   2.7236177e-01  -1.8982216e-02  -7.8143898e-02  -3.6264233e-01  -2.4988613e-02  -1.6189495e-01   3.6250143e-01  -4.5040897e-01  -2.6543653e-01   2.8622631e-01  -1.6829245e-01  -2.8491859e-01   1.0974748e-01   1.5581691e-01   4.6529443e-01   1.2299340e-01   3.5103809e-01  -3.0176630e-01  -6.1094733e-02  -1.1702782e-01   3.3974318e-01  -1.1289127e-01  -1.1390250e-01  -1.8676625e-01   1.0762483e-01  -2.9873623e-01  -1.1059170e-01   6.9718628e-01   8.0667170e-02   4.6102823e-01   6.1057140e-02   2.4285495e-01   3.0939538e-01   1.4528179e-01   1.2433704e-01  -2.7320164e-01   1.3382205e-02   1.2960626e-01  -2.7122452e-01  -3.9550358e-01   3.0553806e-02  -2.6764964e-02   6.8280669e-02  -1.7073861e-01  -2.1991928e-01   5.1449502e-01  -5.2021206e-01  -4.2005203e-01   2.5014581e-01   2.1239308e-01  -2.2062569e-01  -2.0004100e-01   3.1403251e-01   3.0079964e-01  -3.0208373e-01  -2.7581741e-01  -2.1088206e-01  -1.3206238e-01  -2.0756707e-01  -2.1694393e-01
  -4.9054069e-01  -7.3938626e-02  -2.2923767e-01  -1.0455887e-01  -2.7663025e-01  -5.5574741e-01   5.5625146e-02  -1.4386956e-01   2.3153441e-01   2.0430429e-01   0.0000000e+00  -3.9724881e-01   8.3417991e-02   1.1001718e-01   2.4564669e-01   6.6670123e-02  -1.8160576e-01   3.2854965e-01  -2.6296319e-01  -3.6953208e-01   4.3278379e-01   4.7456125e-02   3.1758009e-01  -4.0174323e-01   5.7721584e-03  -1.0748809e-01  -1.5501321e-01   1.5291317e-01  -2.9547353e-01   4.0916190e-01   6.3383261e-01  -4.3503765e-02  -1.4548659e-01  -2.4817096e-01  -2.1300974e-01   6.4700562e-02  -4.3033582e-01  -1.4603198e-01   2.8289283e-01  -3.2686151e-01   3.5691806e-01  -2.5177201e-01  -1.6609802e-01   2.7371919e-01  -1.5653071e-01  -2.5735044e-01   2.0441183e-01   8.3907418e-02   7.4726646e-02  -2.9761718e-01   2.5290187e-01  -2.6699696e-01  -1.7035348e-01  -2.5554842e-01   1.0937502e-01   8.0319816e-02  -3.0030747e-01  -2.3513376e-01   1.2850667e-01  -2.2823014e-01  -3.2088611e-02   2.3224452e-01  -6.8999879e-02   6.0316048e-01   4.6860922e-01  -1.1114404e-01  -5.6053085e-01  -2.4093667e-01   4.1399660e-01  -3.7227117e-01   6.8198468e-02   5.5311558e-02   2.8397558e-01  -1.8512484e-01  -1.7904788e-01   1.7762041e-01  -1.7030354e-01  -6.2989413e-03  -1.5761396e-01  -7.3267456e-02   2.7303908e-01   6.3572368e-02   5.2931176e-01   4.4061302e-02   1.1847231e-02   2.1140197e-01   3.9441620e-01  -7.2436523e-02  -1.8020143e-01  -4.5737347e-01  -7.7339401e-02  -1.3184863e-01  -1.9755130e-02  -1.0793513e-02  -3.5340471e-03  -4.3140015e-01  -2.9729992e-01  -1.7237506e-01  -9.0928643e-03   2.0019132e-01   2.1485477e-02   2.0227505e-02   3.3913668e-01  -1.4563510e-01   3.5633071e-02  -1.3981654e-01  -2.5083069e-01   9.5951642e-03   1.6220722e-01  -1.5855589e-01   2.0857770e-01  -1.8236673e-01  -3.4814562e-02  -3.3841147e-01   3.5498838e-01   4.5547121e-02   2.8544753e-03   3.9534476e-02  -1.8851927e-01  -5.2204089e-02  -2.2861857e-01  -3.1520408e-01  -2.3409570e-01   4.9527536e-01  -2.8464193e-01  -2.3015328e-01   3.5527149e-01  -2.0722321e-01  -2.2869939e-01  -3.1973598e-01   1.2463550e-01   2.2186553e-01  -2.2046787e-03   6.2324601e-01  -1.9872529e-01   2.5390334e-02  -6.6837791e-02   3.7141300e-01  -9.5673545e-02  -1.6483814e-01  -1.8111439e-01  -1.0831564e-01   3.4944068e-01  -2.2080817e-01   4.9837778e-01   6.3041687e-01  -7.0185150e-02  -6.4145534e-02  -6.4508143e-02   3.8869704e-01  -1.0919649e-01   2.2293855e-01  -3.6417276e-01   4.3202418e-01  -3.7386563e-01  -3.2312541e-01  -2.1512763e-01   1.3328081e-01  -2.8070970e-02   3.0277029e-01  -2.4687636e-01   6.8988553e-01   1.8083140e-01   3.5329068e-01  -1.2513310e-01   5.7948815e-02   7.7297526e-02  -6.5513174e-02  -2.1077409e-01   2.9965122e-01  -2.0009074e-01  -1.3050149e-02   5.1640662e-01  -2.7606566e-01  -1.0891236e-01  -5.8643448e-02  -9.1714985e-02
   1.5867540e-01   5.1074703e-01   3.4879768e-01  -2.1864803e-01   4.0200309e-01   2.8622301e-01   2.8220380e-01  -2.2267318e-01  -9.0699463e-02  -2.3415147e-02  -3.9724881e-01   0.0000000e+00  -8.7534007e-02  -3.7757615e-01   3.5079592e-01  -3.5201331e-02   4.1888367e-01  -5.4411150e-04  -2.0935632e-01   3.4407811e-01  -2.0419602e-01  -1.6547980e-01  -3.2899438e-01   1.5962089e-02  -1.8147558e-01  -1.9309783e-01  -1.2610317e-01  -6.9437391e-03   2.6491825e-01   1.0071415e-02  -1.7708410e-01  -2.5184796e-01  -1.3884780e-01   3.5199254e-01   3.7757153e-01   1.3098384e-01   2.5995295e-01   5.8429512e-02  -1.1557839e-01   1.3772756e-01  -9.6637681e-02   2.4792160e-02   6.7161370e-01  -1.9319532e-01   2.8180118e-01   2.3733700e-01   8.3507635e-02   2.2469797e-01  -1.1000565e-01   4.1788618e-01  -1.4378178e-01  -1.0293704e-01   5.4445123e-01   4.0174133e-02   6.7400885e-03  -1.6161481e-01  -4.4305276e-02  -1.7123817e-01  -1.2202332e-01   9.1084514e-02   9.6021328e-02  -3.8227504e-02   3.3011899e-01  -1.0350536e-01  -2.8463060e-01   3.9246924e-01   4.3315203e-01   3.0899630e-01  -2.9403074e-01   1.6779508e-01   1.4382559e-01   5.3856653e-02   7.4210523e-02   4.1599143e-01   1.6260737e-02  -4.0057793e-01   1.4243388e-01  -3.6417759e-01   6.7908180e-01   2.4951218e-03  -2.4869783e-01   6.2334562e-02  -1.9415939e-01  -3.5756911e-01  -1.5932988e-01  -2.6904553e-01  -2.5004820e-01  -1.0771255e-01   3.2189901e-01   9.4060479e-02   5.2194171e-01   1.6176414e-01   1.3320278e-01   2.9531792e-01  -3.1237309e-02   2.8363596e-01   2.0089238e-01  -2.1754539e-01   3.1659153e-01  -3.5281677e-01  -1.5246255e-01   3.1843684e-01  -3.8468486e-01   3.3280035e-01  -3.2898205e-02  -2.9322440e-01   9.6096265e-02  -2.7011065e-01  -7.2942329e-02   1.3862387e-01   9.0671507e-02   5.1717190e-03  -1.7749391e-01   8.8434175e-02  -2.8942353e-01   4.3647961e-01  -9.8849581e-02   1.0285767e-01   1.3569973e-01  -8.2030882e-02  -5.2549688e-02   5.6335806e-01   5.4049178e-01   1.8742113e-03   7.0865734e-02  -5.1396498e-02  -7.9533593e-02  -1.0008914e-01  -1.7964533e-01   3.9447549e-01   2.0075205e-01   4.2139353e-01   3.6654196e-02  -1.4648569e-01   5.9403302e-02  -2.4235016e-01  -1.6323554e-01  -2.7779890e-01  -1.4770161e-01   1.3322691e-01   7.6255846e-02   1.5935649e-01  -2.0829750e-01   2.7267257e-01  -2.5920340e-01  -3.8054226e-01   3.8906683e-01   4.1965998e-01   8.5896852e-02  -5.2249613e-01  -1.0598481e-01  -3.2535154e-01   1.3954703e-01   1.5295017e-01   6.5181416e-01   7.8887053e-02   5.3070446e-03  -1.3421091e-01   1.4826948e-01  -2.8063444e-01   3.7819759e-01  -2.7192440e-01   5.2820712e-02  -1.6060639e-01  -2.3824455e-02   2.8001385e-01   4.3895041e-01  -1.6947248e-01   9.9428550e-02  -1.9122112e-01   5.7387554e-01  -1.4888524e-01   2.3147081e-02   1.9402940e-01   2.8439517e-02   1.6516665e-02  -1.8337462e-01
   2.7092117e-02   6.9544287e-02  -5.1006376e-04   1.3662883e-01   3.4656005e-01  -6.7010961e-02   1.0849500e-02  -3.5834715e-01  -1.6996446e-01   2.5409177e-01   8.3417991e-02  -8.7534007e-02   0.0000000e+00  -1.1781170e-02   1.6276236e-01   2.3430081e-01   4.9675008e-03  -5.4868300e-02  -1.7689809e-01   3.7942200e-01   2.0590711e-01  -5.7767536e-02   2.0813025e-01  -4.0790669e-02   1.1154662e-01  -3.0795245e-01   2.7319735e-02  -4.1888869e-02  -5.6316906e-02  -2.1514018e-01   2.0292209e-02   3.7671636e-02   2.3297385e-02   1.0731171e-01  -2.7927795e-01   3.9922066e-01   1.3342157e-01  -3.6645463e-02   3.4415034e-01   1.5343854e-01   5.7968317e-01   2.6968360e-02  -2.1574417e-01  -6.5435579e-02   2.2860302e-01  -2.1272244e-01   2.9422381e-01  -7.6129707e-02  -3.5975979e-03   2.5452057e-01   1.0785588e-01  -2.0431908e-01   4.4684822e-02  -1.7640226e-01  -2.7305595e-02   1.4651263e-01  -1.8584519e-01  -5.1364260e-02   1.4424647e-01  -1.9124202e-01  -2.0891067e-01   1.6089835e-01  -1.4323186e-01  -1.7394270e-01   5.7550261e-02   1.6821755e-01  -4.7379024e-02   4.9933859e-02   5.7628858e-02  -2.3055483e-02   6.9542134e-02   7.9683124e-02   4.4404608e-01   4.4291595e-03  -1.3534779e-01  -1.0459464e-01  -1.5370617e-01  -1.7859093e-01   1.2415893e-01   1.5497677e-01  -5.5092144e-02   3.4044102e-01  -3.8133965e-02  -1.7201371e-01  -8.9403551e-02   1.0341004e-01  -8.1783897e-03  -9.5120173e-02  -2.6679492e-01   5.3750716e-02   1.4109128e-01  -1.1575156e-01   1.3506155e-01  -3.4202723e-01  -6.3806526e-02   3.5999150e-01   1.1522767e-01  -2.3957956e-01   1.7373407e-01   2.3206893e-01  -1.1070895e-01   3.7740424e-02   4.7573833e-02  -4.4949361e-02  -5.5362773e-02  -3.1750948e-02   8.8641169e-02  -8.6765365e-02   3.4449390e-01   1.5247549e-01   1.4799214e-01  -8.0469247e-02   1.3673197e-02  -1.0042737e-01   4.9443065e-03   6.9233836e-02   3.9272454e-03   5.0158895e-01   7.9538322e-03   1.1590522e-01  -1.7794994e-01   3.4428143e-01  -1.3475440e-01  -1.7968425e-02  -2.2283826e-01   4.3611427e-02   2.9305299e-01   1.2357360e-01  -8.4213000e-02  -3.1562941e-02   4.0780138e-01   1.9451858e-01   1.5748912e-01   1.2172873e-02  -1.7111061e-01  -1.3153108e-01   2.3472038e-01   3.2375088e-03   5.7048840e-02  -1.0647806e-01  -1.8089258e-01   4.7370320e-01  -9.4915492e-02  -2.5653338e-02   1.6168564e-01   5.1231381e-02   5.4914715e-02   1.9228006e-01   1.2262146e-01   1.5427126e-02  -1.1542635e-01  -5.9336151e-02  -1.8318055e-01  -8.6698157e-02   2.3439129e-02   3.7728477e-02  -3.5195279e-01   4.7133115e-01  -5.5340850e-02   8.3040020e-02  -5.1154399e-02  -7.9084890e-02   2.2731503e-02  -9.1362305e-02  -2.4807450e-01   1.5647985e-01   1.1581564e-01  -2.6335618e-01  -1.6984439e-01   1.1859750e-01   1.4961979e-01  -2.2078005e-03  -8.4269790e-02  -2.1710836e-02  -6.5892668e-02   4.4648551e-02  -5.6149619e-02
   1.7464783e-01  -3.7011646e-01  -1.8734740e-01   1.3960470e-01  -4.0138728e-01  -1.2171724e-01   7.6383231e-02   4.2409119e-02   2.2359590e-01  -8.0225366e-02   1.1001718e-01  -3.7757615e-01  -1.1781170e-02   0.0000000e+00   9.7618863e-02   1.6665961e-01  -3.1631149e-01  -3.5990004e-02   9.2664629e-02  -3.6069516e-01   1.3199712e-01   3.2807335e-01   1.6091056e-01   1.5781723e-01   1.5169511e-01   1.1054386e-01   2.2983442e-03   3.1557564e-01  -2.5060334e-01   1.0226358e-01   3.1631797e-01   2.1709505e-01   2.8503208e-01  -2.0675904e-01   5.6991432e-02  -3.2590323e-01  -1.2657315e-01  -2.3310680e-01   1.6475418e-01  -1.7203626e-01   5.1586754e-02   8.3769568e-02  -9.6415767e-02   3.1608077e-01   1.0671203e-02  -1.7866934e-01  -1.1472689e-01  -2.2588823e-01  -3.7229985e-02  -3.5926254e-01   1.5116187e-01  -1.9528622e-02  -3.5889451e-01   1.0707812e-01   3.6509062e-01   2.8881877e-01   7.6268159e-02   1.0146233e-01   1.5754644e-02   5.5865878e-02  -1.7083322e-01   2.2579221e-02  -6.2889330e-02   1.8572868e-01   3.5316302e-01  -2.2753383e-01  -2.9884710e-01  -1.1394838e-01   1.7166444e-01   3.0517140e-02  -3.7775246e-01   2.5856432e-01  -1.0470735e-01   2.1505845e-02   2.6724289e-01   4.6768046e-01  -2.1566018e-01   2.0492073e-01  -4.1102719e-01   1.6340793e-01   4.4283739e-01  -1.2151824e-01   8.8365187e-03   1.8563524e-01   3.1696624e-01   3.9799550e-01   5.6756517e-01   5.1993627e-01  -4.5781182e-02   1.1642734e-01  -4.2482186e-01  -1.9094214e-01  -2.1776435e-01  -4.8911251e-03  -2.5726776e-01  -3.0154898e-01  -1.5738120e-02   1.7945795e-01  -2.0047027e-01   9.6020217e-02   1.9536818e-01  -1.1505572e-01   6.4005786e-01   1.7016633e-01  -1.5511000e-02   9.0473485e-02  -4.4311960e-02   1.1037977e-01  -3.6460645e-03  -5.9814647e-02  -2.6887499e-01   2.2438009e-01   1.2430176e-01  -9.9305985e-02   3.3967048e-01  -3.5376181e-01   2.8085209e-01  -2.0232219e-01   1.9831751e-01   3.1173805e-01   3.5078130e-02  -4.2157533e-01  -1.1090996e-01  -8.6356345e-02  -8.2813903e-02   4.4568949e-01   1.0948105e-01  -6.2840423e-02   2.1153096e-01  -2.5865714e-01   1.1952882e-02  -4.3396509e-01   2.7234199e-01   1.1437798e-01   1.2371691e-01   2.1656526e-01   1.0405206e-01   4.6377273e-01   1.4280044e-01  -2.2307841e-01  -2.2277901e-02  -5.8354925e-02   1.1232106e-01   8.9253533e-02   1.6146604e-01   3.8921133e-01  -2.9717921e-01  -3.1907486e-01  -2.0469602e-01   9.2303993e-02   1.6705889e-01   5.3796732e-01   1.0025024e-03  -2.4267236e-01  -1.7334347e-01  -1.2087933e-02   2.5329985e-01  -6.3727788e-02  -2.6415716e-01   5.8115127e-01  -3.5542580e-02   6.3626393e-02  -7.2323192e-02   2.8878826e-01  -1.2007357e-02  -3.5839700e-01  -3.2836938e-01   4.8231098e-01   1.8017917e-01  -2.1233108e-01  -4.5235260e-01   1.9748744e-02   6.0281004e-02   1.8087554e-03   1.9171292e-02  -8.7364817e-02   7.2813735e-02
