   0.0000000e+00  -3.4123282e-01  -1.1305051e-01  -2.6372431e-01   2.4726523e-01  -3.2920190e-01  -2.5475317e-01   1.4594693e-02  -2.7318148e-01  -2.0286829e-01  -1.1217084e-01  -9.9334284e-02  -5.3797706e-02   6.2100922e-01   1.0826380e-01  -2.5296677e-03  -1.1909367e-01  -7.2818018e-02  -9.7075697e-02   2.0078330e-01  -2.7307973e-01  -1.2872632e-01  -9.9721952e-02   6.9263414e-01  -1.5136026e-01  -1.3831782e-01  -6.4303866e-02   3.2446085e-01   1.3763505e-01  -3.6457605e-01  -1.4632454e-01   9.8606090e-02   2.6735927e-02  -2.2008686e-01  -4.0084337e-01   2.3334651e-01  -1.0242014e-01  -4.2993892e-02   1.5285833e-02  -4.0139558e-01  -1.3005444e-01  -3.5017596e-02  -5.9837766e-02   1.1425936e-01   1.1824575e-01  -8.7054824e-03   4.5114156e-02  -3.3513201e-01  -5.4488476e-02  -9.7340312e-02   5.4603692e-02  -7.3431617e-02  -2.1743594e-01   2.5302969e-01   3.1888487e-01  -7.5116976e-02  -1.6687827e-01  -2.6318407e-01  -8.3469028e-02  -3.3929377e-01   3.8646887e-02   1.4755774e-01  -1.9476059e-01  -1.9894987e-02  -3.4817173e-01  -1.7983417e-01  -5.0259089e-01   1.0126791e-01  -1.3456478e-01  -1.1420304e-01  -3.4524065e-01   7.6481914e-02  -5.5695615e-02   1.7468637e-01   2.2781564e-02   1.5089145e-01  -1.1476342e-01  -2.3691904e-02   1.7289617e-01  -6.3761469e-02   7.6001696e-02   1.2800199e-01  -1.2640443e-01   1.6853121e-01   4.7652899e-01   2.1571962e-01  -4.9626017e-01   6.8614813e-01   1.7271616e-02   8.5197004e-01   1.3882005e-01  -4.0051940e-02  -2.5467003e-01  -2.6686596e-01  -7.9600564e-02   1.3684884e-01  -9.4905263e-02   3.9606231e-02   2.0086624e-01  -2.2538473e-02   2.0180840e-01   2.1229231e-02  -1.9931201e-01  -4.1695787e-01  -1.2436257e-02   8.2982193e-02  -1.0026414e-02  -1.2685582e-01  -1.7250450e-01  -8.9553852e-02  -1.9298146e-01  -1.1685228e-01  -2.5158905e-02   7.3460190e-01   2.2786775e-01  -9.1295211e-02  -9.2718584e-02  -5.2456906e-02   1.4859677e-01  -2.6025163e-01   1.0302583e-01   1.7316973e-01  -8.0636696e-03  -3.9174583e-01   2.2457171e-01  -1.6600630e-01   7.0849591e-02   5.2928484e-03  -2.1647721e-01  -2.3723779e-01  -1.2227695e-01  -1.7534279e-01   2.4080075e-01  -3.6637520e-01  -3.2267702e-01  -6.1747397e-02   9.5366345e-03  -2.4899155e-01  -4.2583983e-02   3.1073850e-01   6.6215685e-01   8.8813625e-02   6.9592619e-02  -2.7746408e-01  -3.2413444e-02  -1.3327235e-01  -2.0203255e-01  -9.8512838e-03  -9.9827364e-02  -3.5385744e-01   3.2891512e-01  -4.7497855e-02   1.8515036e-01  -1.4199774e-01  -2.9624307e-01   4.3641787e-01  -8.6627099e-02  -2.1613961e-01  -2.6080419e-02  -1.2292250e-01   3.2818284e-02   4.0334003e-02  -1.1251505e-01  -1.2892953e-01  -1.5882571e-01  -6.6871428e-02   2.0803391e-01   1.7768761e-01   2.3726852e-01  -1.7189482e-01   7.2019370e-02  -3.5703386e-01  -1.6971699e-01  -2.4062385e-01  -1.8313325e-01   7.1061353e-02  -1.6473924e-01
  -3.4123282e-01   0.0000000e+00   3.7351676e-01  -6.4632383e-02  -7.4153155e-02  -1.6473978e-01   1.4244297e-03  -1.8831086e-01   4.4320520e-01   5.3434764e-02  -5.2286077e-01   6.4207676e-01  -4.5052755e-01  -2.7951864e-01   1.2287233e-02  -4.1919320e-01   4.4190987e-01   3.6599053e-01  -2.3531200e-01  -2.1751797e-01   2.4368059e-02  -5.2053549e-02  -2.3868228e-01  -4.8089468e-01  -2.6464188e-02  -1.5607327e-01   3.5166993e-01  -4.5285558e-01  -2.6014395e-01   7.3511359e-01   1.7079754e-01  -2.4641988e-01  -2.2563276e-01   4.1969370e-01   4.6040995e-01  -1.4058080e-01   9.2918789e-02  -3.5870374e-01  -3.2756793e-01   4.3095603e-01  -2.4883055e-01  -3.6347582e-01   1.8531019e-01  -3.8639422e-01   5.2827739e-02  -1.4504637e-01  -3.4009919e-01   7.2939727e-01   9.5368439e-03   4.2602933e-01  -4.6951456e-01  -2.1041732e-01   7.0718727e-01  -4.0410796e-01  -1.3166941e-01  -3.7876289e-01  -3.6041214e-01  -1.4785751e-01  -9.5471571e-02   1.1589824e-01  -1.4073620e-01  -3.1085173e-01   4.0449837e-01  -4.6010288e-02   5.7361599e-01   1.4021366e-02   1.5963507e-01  -2.2218847e-01  -9.0111494e-02  -6.6120736e-02   7.1263995e-01  -5.0506117e-01  -2.3711455e-02  -1.5441842e-01  -1.8455948e-01   2.5736831e-01  -6.6980659e-02  -2.6380902e-01   4.3546025e-01  -6.5145711e-02  -2.7115478e-01  -1.8689479e-01   1.0777500e-01  -3.1596307e-01  -6.8573481e-02   2.3736995e-02   5.8557541e-01  -3.5848867e-01   2.8966880e-01  -2.8289913e-01   1.1362535e-01  -3.1809507e-01   2.2916529e-01   1.2647046e-01  -1.4868485e-01   4.6545941e-02  -2.6570001e-01  -2.2378875e-01  -3.8496527e-01  -4.8801388e-01  -3.1147330e-01  -2.2928121e-01   1.8818588e-01   7.4473466e-02  -2.9323541e-01  -3.8374318e-01  -2.2905916e-01  -2.3089091e-01  -3.0588703e-01   3.0797525e-01  -1.5356458e-03   2.1921621e-01   1.8462939e-01  -3.9783726e-01  -4.2876753e-01   5.4099411e-01  -2.0251965e-01  -7.4839749e-02  -2.3697696e-01   1.2679662e-01  -3.9194536e-01  -1.3998467e-01  -8.6305761e-02   5.6901322e-01  -2.9691116e-01  -4.0007532e-01   1.5289884e-01  -3.0237337e-01  -2.6138269e-01   2.7062496e-01  -1.2218858e-01   3.3554658e-02  -2.6893974e-01   5.5717668e-01  -6.3339294e-02   9.3910135e-03  -2.9672943e-01   1.0205778e-01   1.8872982e-01  -2.0137181e-01  -3.3533145e-01  -3.5379055e-01  -5.0591902e-01  -1.4185666e-01   1.2234905e-01   6.8422826e-02   6.1148867e-01   2.5234663e-01  -9.4767959e-02   2.4145587e-01  -3.0231976e-01  -5.0341706e-02  -4.0551920e-01   5.5296406e-02   6.1005494e-01  -1.3375344e-01  -3.4800708e-01  -5.4096786e-02  -3.0017082e-01  -2.5425057e-02  -5.8532657e-01  -4.8290364e-01   3.7924759e-01  -3.6940160e-01   1.1674645e-01   4.9146085e-01  -4.5581758e-01  -4.8040941e-01  -4.8052423e-01   3.3454803e-01   5.4752483e-01   1.1264210e-01   8.2465701e-02  -9.7047859e-02   3.0501880e-01  -4.1805990e-01   5.8903490e-02
  -1.1305051e-01   3.7351676e-01   0.0000000e+00  -7.3314071e-02  -1.1596322e-01   2.1352798e-01   2.0051233e-01  -1.9778526e-01   7.5447916e-02   2.9901331e-01  -2.7414973e-01   6.6867174e-01  -2.2856090e-01  -1.6022863e-01   2.1856620e-01  -1.1196230e-01   7.6155691e-01   1.2209737e-01  -2.0924753e-01  -7.8537035e-02  -1.8825384e-02  -8.6864532e-02   1.2696191e-02  -1.6816711e-01  -1.7184727e-01  -1.2858910e-01   3.1634607e-01   1.5199574e-02  -8.7619387e-02   3.3710721e-01   4.9605608e-02  -1.3090893e-01  -1.3877540e-01   4.2743428e-01   2.5621854e-01  -5.7729521e-02  -1.2670405e-02  -3.5234374e-01  -1.8381104e-01   5.7314161e-01  -3.5688711e-01  -2.3932079e-01   3.6930751e-02  -4.4514451e-01   2.2636537e-02  -5.3654417e-02  -1.6998746e-01   1.5825859e-01  -2.6871652e-01   6.0867311e-01  -2.0631253e-01  -2.1231841e-01   8.5601739e-02   2.4291010e-02  -1.4616487e-01  -2.5185420e-02  -1.8557744e-01  -1.4227497e-01  -3.1307071e-01   1.9353725e-01  -1.3155618e-02  -9.4241055e-02   4.2180787e-02  -3.3864377e-01  -1.2141192e-01   3.0996895e-01   2.0119449e-01  -9.5204552e-02  -1.1573618e-01   4.4224874e-01   2.4771633e-01  -3.7890969e-01  -9.2418213e-02   1.4699163e-01  -6.5609888e-02   6.1349323e-02   6.4641018e-02  -4.2082606e-01   8.6675263e-02  -3.7941799e-01  -5.5515686e-03   3.6412866e-02  -2.1940307e-02  -2.8284458e-01   1.4998380e-01  -1.3773823e-01   1.2174860e-01  -1.5841766e-01   8.0252897e-02  -9.1480086e-02  -1.5811190e-01   2.1744799e-01   4.1403887e-01  -1.6303564e-02  -1.7380636e-01   1.5939408e-03  -1.8258954e-01  -2.0320795e-01  -4.5398029e-01  -2.0602391e-01   6.6306360e-02   7.4897227e-02   3.5847812e-02  -5.8283196e-02  -3.0927793e-01  -2.5740759e-01   4.3557671e-02  -1.8580579e-01  -7.3944606e-02   1.1167034e-01   4.1169693e-01   1.3888615e-02   6.0128236e-02  -2.3675166e-01  -1.5990346e-03  -5.1526074e-02  -2.5280013e-01   1.4777200e-02   1.6745562e-01  -2.9937151e-02  -2.7729291e-01  -1.0598137e-02   1.8530640e-01  -7.3752982e-02  -1.1931291e-01  -2.3962954e-01   5.0389265e-02  -3.5178192e-01  -3.0482894e-01   6.7671043e-01  -2.0350065e-01   6.8757655e-02  -8.3627268e-02   1.7204430e-01  -2.2601962e-01  -1.8010425e-01  -2.7383961e-01   1.9626342e-01  -5.5525799e-02  -1.1556713e-01  -1.8094178e-01  -3.8178438e-01  -3.7977891e-01   3.1944444e-01   2.9929417e-01  -1.3935680e-01   4.9454755e-01   1.0298141e-01   1.3712432e-01  -1.6788352e-02   1.6726934e-01   3.4206638e-02  -1.2590344e-01  -3.0883765e-01   6.5333491e-01  -4.5219502e-02  -3.0905816e-01  -1.3078651e-01  -1.1147864e-01   1.0888142e-02  -2.7175417e-01  -4.8917849e-01   2.3160463e-01  -4.7890008e-01   1.4001712e-01   3.2156345e-01  -2.2539004e-01  -1.7700178e-01  -2.8802592e-01  -1.2843086e-01   3.3860233e-01  -8.1330624e-02  -2.6462301e-01   2.1177618e-01   3.4026800e-01  -3.6352787e-01   1.4888809e-01
  -2.6372431e-01  -6.4632383e-02  -7.3314071e-02   0.0000000e+00  -9.3385553e-02   1.2410588e-01   2.0164476e-01  -1.6293357e-01   4.5403859e-02   1.4503321e-01   7.4006346e-02  -4.2434987e-02   2.5228311e-01  -1.9060739e-01  -2.3818614e-02   1.9844769e-01  -1.0774190e-01   4.5771004e-02   1.1796698e-01   1.3167148e-01   1.6923802e-01   2.7909998e-01   2.8864579e-01  -3.3100944e-01   2.7527790e-01  -1.0804797e-01   4.3995125e-02  -2.7951022e-01   7.5254450e-02   9.2529736e-02   9.8292319e-02  -2.1016030e-02   3.0986657e-01   7.6830337e-02   2.3756424e-01   1.5992184e-01   5.2707673e-02  -4.3267680e-02   1.1957839e-01   1.7388260e-01   4.1021417e-01   3.5188893e-01   2.8170842e-01   1.9295152e-01   2.2642990e-01  -3.3791655e-01   8.1155660e-02   2.2766911e-03   2.1062254e-01  -3.0268553e-01   2.9547876e-01  -4.2651719e-02  -1.1785204e-01  -5.8984177e-03  -2.8126942e-01  -5.5711586e-02   1.0360312e-01   3.1445715e-01   5.0629750e-01   1.5406552e-01  -2.8060001e-01   2.1963593e-01   7.2289214e-02   1.5332899e-01   1.9256229e-01   2.9426174e-01   1.0007524e-01  -1.1859579e-02  -3.8845923e-02  -1.3749930e-01  -1.6249275e-01   2.6653929e-01   1.8061974e-01  -1.3483647e-01  -9.8542617e-02  -1.7419672e-01  -2.5388829e-01   1.2498910e-01  -1.2190045e-01   3.1738947e-01  -1.7186400e-01   2.0679951e-01   1.1957536e-01  -1.2235058e-01  -1.6944729e-01  -7.8959859e-03   1.8711215e-01  -3.1256415e-01  -4.3382852e-02  -2.4275136e-01  -6.6649709e-02  -8.0980682e-02   8.1803278e-02   3.3622245e-01  -1.5609129e-01   3.6002844e-02   3.2910744e-01  -5.2698715e-02   2.2500447e-01   4.8523080e-01  -2.5553948e-01  -1.1353109e-01   9.4616953e-02   1.8632702e-01   1.5266188e-01   2.8411839e-01   1.5522437e-01  -8.0665406e-02   1.9884324e-01   1.9188397e-01   8.3028861e-02   1.7889160e-01   3.3704432e-01  -3.2235293e-01  -1.8018750e-01   7.7935941e-02   5.6326599e-02   1.5962871e-01  -1.7388894e-01   2.5804915e-01  -3.0867855e-02   9.0857568e-03  -1.1054586e-01   8.9689620e-02  -3.6532596e-01   1.5570346e-01   1.5871983e-01   1.9697152e-01   1.2136801e-01  -1.4739915e-01   1.9189176e-01   1.2297311e-01  -1.5924698e-01   1.1168127e-01   4.4678297e-01  -1.7343896e-01   1.1116812e-01   2.1658790e-02  -1.0596101e-01   1.2641054e-01  -1.1087694e-01   1.5408610e-01   1.0156762e-01   1.2425884e-02   1.3146220e-02   3.4484876e-02  -4.6239930e-02   9.6914765e-02   2.6620558e-01   2.9692630e-01  -2.6120993e-01  -6.5612792e-02  -1.3459755e-01   2.1928269e-01  -8.6061722e-02   8.2946737e-02   6.0152658e-02   4.3580164e-01  -4.9467532e-02   1.1959448e-01   1.1291724e-01   1.8573013e-01   7.9182317e-02   4.8532465e-01   1.1043061e-01   9.5363082e-02   2.6397379e-01  -5.7982998e-02  -6.5010942e-02  -5.8220734e-02  -5.8176255e-02   7.6618438e-02   3.6785835e-01   1.8050154e-01  -1.3918245e-01   2.2617142e-01   2.0360443e-01
   2.4726523e-01  -7.4153155e-02  -1.1596322e-01  -9.3385553e-02   0.0000000e+00  -5.8049885e-01  -5.9392072e-01   1.0532434e-01  -1.2993379e-01   1.8019515e-02  -6.4709197e-02  -1.3083272e-01   7.3154416e-02  -1.2661002e-01  -3.8473909e-01  -5.5537872e-02   3.4083354e-01  -6.0271883e-04  -3.8773348e-02   7.8561836e-01  -2.9818468e-01  -2.2081183e-01  -4.3278875e-01   8.8687274e-02  -1.0850960e-01  -5.1550870e-02   4.6879616e-02  -1.6281220e-01   2.4757913e-01  -3.3035538e-01  -3.5752199e-01   2.6312997e-02  -1.9360693e-01  -1.9878266e-01  -4.3965469e-01   4.9846584e-01   2.1984753e-01   1.5270523e-02   1.1782302e-01   2.3285003e-02   2.6976949e-01  -8.1584016e-02   3.9184438e-02  -2.9316818e-02  -2.1150385e-01  -1.2373355e-01  -2.8048712e-01  -3.5450200e-01   2.0183083e-01   3.4057590e-01  -3.1299462e-01   1.5341343e-01   1.6669749e-01  -9.8131943e-02  -3.5770913e-01  -3.6315959e-01  -2.8256967e-01  -8.9341858e-02  -1.7380348e-02  -4.6641097e-01   1.9786080e-01   2.3487857e-02   3.7917206e-01   3.0577986e-01  -1.0649422e-01  -3.3224847e-01  -3.5491799e-01  -4.8078727e-02  -8.1465023e-02  -4.5443990e-01   1.6328219e-01  -2.8135808e-01   9.6999620e-02  -4.4282757e-01   2.5498084e-02  -4.5319824e-02   1.3613933e-02  -1.2869943e-01   6.1170676e-01  -6.0389328e-02  -3.4773044e-01   1.3787020e-02   2.1325985e-01  -1.0970040e-01  -3.4761807e-02   1.3219817e-01  -6.3283504e-01  -1.8161263e-03   2.7482472e-01   2.7163168e-01   8.1418052e-01   7.4534798e-02  -1.6905949e-03  -1.5738770e-01  -1.4446245e-02   8.9020579e-01  -4.1453618e-01   6.6521823e-02   1.0578849e-01  -2.7458194e-01  -2.6054227e-01  -3.5786717e-01  -4.1668311e-01  -5.2521207e-01  -3.7343083e-01  -5.4240219e-02   2.2653598e-02  -6.4808375e-02  -1.8944080e-01   1.8306174e-01  -6.0227617e-02  -4.1977530e-01  -2.5656366e-02   2.2013160e-01  -3.6034243e-01   5.5333857e-01  -1.2884598e-01   1.6162313e-01   1.0024959e-01  -5.4041151e-01  -2.3956111e-01   8.1816286e-01   2.3999040e-01  -1.3825542e-01  -2.2216491e-02  -3.5372283e-01  -1.4216923e-01   1.1785295e-01   4.0740315e-02  -3.6596535e-01   3.9461842e-01   2.9088439e-01  -3.8769824e-01  -8.2024531e-02  -2.7661744e-02   1.4301373e-01  -9.1920701e-02  -4.8628393e-01   6.5236571e-02  -1.2803015e-01  -8.7064346e-02   4.2154885e-01  -1.7599523e-01  -3.9232362e-01  -3.7528480e-01  -3.6462478e-01  -1.4896382e-01   1.2376033e-01  -4.0348775e-01  -2.5323388e-01  -1.6563655e-01  -5.4942526e-01  -3.4430304e-01   5.4970384e-02   1.0906069e-01  -1.5200271e-01  -1.4953994e-01  -2.9203439e-01   2.7696335e-01  -9.1368744e-02  -1.6871824e-01  -1.2872399e-01  -1.4902512e-03  -1.4102122e-01   1.0249798e-01   1.0477487e-01  -1.4185826e-01  -1.0674698e-01  -2.6755327e-01   4.2228471e-01   1.0980103e-01  -2.9165873e-01  -1.7420900e-01  -2.2196220e-01  -1.0197496e-01  -2.6111801e-02  -2.2921951e-02
  -3.2920190e-01  -1.6473978e-01   2.1352798e-01   1.2410588e-01  -5.8049885e-01   0.0000000e+00   7.0217988e-01   2.0058303e-01  -3.6008466e-02   1.4023282e-01   3.5619588e-01  -4.0124848e-02   2.1615183e-01  -2.8560309e-02   2.7550978e-01   6.1296666e-02  -1.6185948e-01  -3.2800831e-01   3.8846179e-01  -3.5449677e-01   1.5230616e-01   3.8227660e-01   4.0583297e-01  -7.5126672e-02   9.0021974e-02   3.9629757e-01   4.8131185e-02   3.6742067e-01  -2.2323270e-01   1.1648187e-01   1.3404018e-01  -2.1010604e-01   7.1134450e-02   2.0430731e-01   1.2367971e-01  -2.8880225e-01  -2.1138655e-01  -1.9346758e-01  -1.1929139e-01   1.3563163e-01  -1.1889298e-01   2.6572508e-02   2.4588803e-02   1.4068087e-01  -6.8014125e-02   6.1947553e-02   3.1692622e-01   1.1936192e-01  -3.5902498e-01  -2.1752719e-01   1.4792470e-01   2.6411364e-01  -2.3079691e-01   1.2691920e-01   8.8143225e-02   5.9329725e-01   5.3896361e-01   1.2222887e-02   3.5898361e-02   3.2728188e-01  -3.7578653e-01   8.9214620e-02  -2.4717055e-01  -1.9187079e-01  -2.0291819e-01   3.9244089e-01   6.8595173e-01  -9.8026624e-02   3.7298265e-01   4.6019881e-01  -1.5106909e-01   1.9780770e-01  -8.8213147e-02   3.3958618e-01   1.5287224e-02  -1.0552823e-01  -2.1606607e-01   2.1187811e-01  -5.9846102e-01  -6.2085864e-02   5.4783215e-01  -4.7548939e-04  -6.7382484e-02   3.4388459e-01   3.8146606e-02  -1.3395235e-01   2.9055124e-01  -1.0939120e-01  -1.4913236e-01  -2.5057181e-01  -6.0468961e-01  -6.8030082e-02   2.9372314e-01  -4.9653011e-02  -2.3122937e-01  -4.7546563e-01   4.1755232e-01   3.1103730e-01  -5.3431285e-02   4.8242547e-01   3.7650018e-01   5.8541657e-01   3.9169610e-01   3.3811765e-01   2.2591745e-01   1.7305204e-01   2.4780113e-03   4.7790847e-01   2.1462332e-01  -1.3683803e-01   3.5847341e-01   2.8180120e-01   9.5604291e-03  -1.4309080e-01   4.2560499e-01  -5.0692798e-01   2.1813404e-01  -7.0089748e-02   1.9815550e-01   3.3980357e-01   1.3269995e-01  -5.0365318e-01  -7.5585936e-02  -1.4832816e-01   9.9721638e-02   2.9759153e-01  -2.0981393e-01  -1.2507425e-02  -1.0069896e-02   3.4971419e-01  -2.4280484e-01  -2.5858118e-02   2.5267912e-01  -6.3759103e-02   1.1399669e-01   1.0802242e-01   4.2086265e-02   5.4200108e-01   6.5593808e-02   1.0574939e-01  -8.8697915e-02  -1.8234908e-01   3.3245814e-01   6.5186516e-01   1.6514062e-01   4.8908095e-02   4.7778919e-02  -2.0589161e-01   4.6735769e-01   1.1692668e-01   3.2561725e-01   5.1889171e-01   1.4618618e-01  -2.1085482e-01   1.9554896e-02   1.4527666e-01   1.2081174e-01   3.1913234e-01  -2.8379939e-01   3.5196754e-01   3.1401362e-01   1.6188459e-01  -1.8942951e-01   8.0374381e-02   3.0845766e-02  -2.2483451e-01   2.4928347e-01   3.6415478e-01   1.6606039e-01  -2.4248777e-01  -2.4486117e-01   6.2695030e-02  -9.3780424e-02   5.5707985e-01   6.2314000e-02   6.6785436e-02   1.0179274e-01
  -2.5475317e-01   1.4244297e-03   2.0051233e-01   2.0164476e-01  -5.9392072e-01   7.0217988e-01   0.0000000e+00   1.7277101e-02  -6.4608619e-02   3.8083345e-01   8.8757875e-02   1.6572168e-01   1.7042571e-02  -1.1817902e-01   5.0800095e-01   6.4774903e-03  -2.1686102e-01  -2.2453181e-01   8.7073224e-02  -3.1263870e-01   1.0647919e-01   3.4104991e-01   6.5438640e-01  -1.3797800e-01  -8.7070461e-02   2.0418323e-01   2.0221846e-01   2.2088695e-01  -4.9786125e-01   2.8900953e-01   3.9106028e-01  -2.4346414e-01  -5.2634483e-02   6.0260187e-01   2.7581743e-01  -1.2356381e-01  -1.6177552e-01  -2.7525867e-01  -2.4991087e-01   1.8807669e-01  -2.2515411e-01  -1.0017915e-01   4.1642197e-02  -7.4471821e-02   1.4412733e-01  -2.1167428e-02   2.2467073e-01   3.4124829e-01  -3.8519152e-01  -2.0899836e-01   1.5958023e-01   3.9974659e-03   3.3558316e-03  -5.5990425e-02   2.3919225e-02   5.4297020e-01   2.0071136e-01  -5.0269236e-02  -3.3116671e-02   3.6268941e-01  -4.1485414e-01   1.6135116e-01  -3.3957222e-01  -2.2716512e-01  -1.6006660e-01   6.1565931e-01   4.8950106e-01  -3.8453927e-01   2.6424667e-01   3.9130829e-01   3.4769236e-03   2.2496478e-02   9.6502129e-02   4.2246669e-01  -1.3504839e-01   9.6933805e-02  -2.4548389e-01   5.5598960e-02  -4.1492169e-01  -1.6864398e-01   5.2646698e-01   9.8683381e-02  -1.8666058e-01   1.3999643e-01   1.0676898e-01  -4.5879881e-02   3.1039517e-01  -1.0723292e-01  -3.2378081e-01  -2.7189186e-01  -6.2201432e-01  -2.6550540e-01   4.6642241e-01   2.6392107e-02  -2.4729760e-01  -4.3896944e-01   2.0661369e-01   3.2781686e-02  -3.3555495e-01   5.6269286e-01   3.5322776e-01   6.2634029e-01   4.2568033e-01   3.2032675e-01   2.3404304e-01   8.2775952e-02  -2.2169849e-01   2.1578534e-01   4.1205366e-01  -1.4803641e-01   4.9352950e-01   3.6806497e-01  -1.7697896e-01  -2.5522468e-01   4.5748380e-01  -3.5365167e-01   4.0293890e-02   5.5854154e-02  -6.8945199e-02   4.2118316e-01   5.2644236e-02  -5.4747822e-01  -3.5866097e-01  -1.4278621e-01  -4.1981427e-02   2.6308445e-01  -1.8391270e-02  -2.6822696e-01  -1.0936421e-01   2.0353939e-01  -2.4097112e-01   2.4089683e-01   2.0932153e-01   1.0865964e-01  -9.0910277e-03   9.5414851e-02  -7.2444577e-02   5.4294619e-01   1.4235484e-01  -3.6970699e-02  -8.2896436e-02  -3.0377077e-01   3.1229500e-02   3.7497995e-01   4.5900355e-01   5.9975829e-02   4.3006317e-01  -2.4304237e-01   5.1953742e-01   1.3465510e-01   3.6328902e-01   5.3905815e-01   9.1087431e-02  -3.7333193e-01   2.7910973e-03   4.8203185e-02  -5.6117221e-02   1.7123246e-01  -4.6667594e-01   4.1354921e-01  -6.9136767e-02  -1.2976037e-01  -1.5631557e-01  -1.0104766e-01   2.8488968e-02   2.0155299e-01   2.8856481e-01   8.5555602e-02   1.8892730e-02  -2.0590788e-01  -6.2648203e-03   1.4453082e-01  -2.1232332e-01   1.4548005e-01   6.0222468e-02  -1.8949400e-01   2.7594111e-01
   1.4594693e-02  -1.8831086e-01  -1.9778526e-01  -1.6293357e-01   1.0532434e-01   2.0058303e-01   1.7277101e-02   0.0000000e+00  -1.8152984e-02   8.0737608e-04   2.6682167e-01  -2.1439412e-01   5.6182695e-02   1.0485246e-01  -4.3998327e-02  -2.8366533e-01  -1.2984378e-01  -3.1399365e-01   2.6302111e-01  -6.6127508e-02  -2.4784081e-01   4.2348274e-01  -1.8834740e-01   1.2777731e-01   2.6845147e-02   5.9186126e-01  -1.0429194e-02   3.4954423e-01  -2.0856448e-01  -1.0675303e-01  -1.5347959e-01  -1.5515291e-01  -2.6882957e-01  -7.3794590e-02  -2.6191792e-01  -1.5658255e-01  -1.5024479e-01  -2.0606635e-01  -2.8294140e-01  -8.1281097e-02   2.1461248e-02  -2.5409707e-01  -1.6674976e-01   3.9890280e-01  -2.4427333e-01   1.3681746e-01   7.0207361e-02  -1.0949539e-01  -4.1358030e-01  -1.1687821e-01  -3.0179105e-01   7.2415130e-01   1.2150327e-01  -9.7152326e-02  -1.6867412e-01   2.3927305e-01   2.1119501e-01  -3.5156030e-02   1.0729113e-01  -1.0450038e-01  -1.5866208e-01  -2.5236733e-01   1.7010215e-01   2.9399570e-01  -2.1931520e-01  -2.0951866e-01   2.8113592e-01  -3.0976694e-01   4.9080428e-01  -7.9876436e-04   7.4636483e-02  -1.5931255e-01  -1.5102660e-01  -8.4841870e-02  -5.6353600e-04   2.0266974e-01  -2.5252413e-01   2.8361397e-01   1.2454923e-02  -8.2354318e-02   4.1999263e-01  -2.6088976e-01  -4.8987804e-02   6.6401345e-01  -1.2101721e-01   2.9218812e-01  -1.6216716e-01   7.6724403e-02   2.1427639e-01   1.7183025e-01   1.1344752e-01  -2.8026552e-01   6.5721594e-02  -2.2177416e-01  -2.0879701e-01   9.3270487e-02   4.3082232e-02   3.9941651e-01  -4.3735125e-02   8.2060438e-02   6.4825163e-02   2.2890905e-01   3.2500134e-01  -8.0810972e-02   3.1862253e-02   1.7481381e-01  -1.6357825e-01   6.3238290e-01  -2.0852366e-01  -4.2093524e-02  -4.6839841e-02   1.6322488e-01  -2.5066034e-02   3.0821013e-01   3.6671094e-02  -4.0183578e-02   2.4256777e-01  -2.8190264e-01  -4.7318626e-02   7.9085036e-02  -1.6220769e-02  -4.2132171e-02  -5.0993187e-02  -1.2246271e-01   2.7312241e-01   4.2102934e-02  -3.8186603e-01  -7.0092941e-02   3.1267150e-01  -1.4497614e-01  -1.9604655e-01  -1.1499490e-01  -1.4561550e-01  -1.6316213e-01   4.3952030e-03   6.6636595e-01  -1.1573497e-01  -5.1299059e-02   5.9069577e-01   1.9751244e-01  -3.3488109e-02  -9.3701282e-02   4.2336656e-01  -7.7061063e-02  -5.6519586e-02   1.5367706e-01  -6.0157064e-02  -4.0278846e-02  -1.0502286e-01  -2.1253752e-01   1.0866751e-01   2.3676678e-01  -4.0642037e-03   3.2147273e-02   1.6756603e-02  -3.1800231e-04   9.5652368e-02   1.1329392e-01  -1.3481051e-01   4.5588810e-01   4.5537209e-02   2.1665230e-01  -1.5623835e-01  -2.3110381e-02  -1.2361753e-01  -2.2670887e-01   6.1342427e-02   3.9817412e-01   1.0456964e-01   2.8072037e-01  -7.9547462e-02  -3.2550320e-01  -3.6282282e-01   3.1427856e-02  -1.6919847e-01  -8.3147727e-02   4.2935629e-03
  -2.7318148e-01   4.4320520e-01   7.5447916e-02   4.5403859e-02  -1.2993379e-01  -3.6008466e-02  -6.4608619e-02  -1.8152984e-02   0.0000000e+00  -2.1400859e-01  -6.3713613e-02   6.7174562e-02  -2.4270654e-01  -2.3013853e-01  -3.6570332e-01  -8.9465502e-02   1.3765313e-01   3.9213516e-01   1.1075868e-01  -1.7018230e-01  -8.7421409e-02  -2.3864497e-01  -2.9586131e-01  -2.5464001e-01  -1.2096257e-01   1.3765859e-01   2.2164260e-01  -3.1559853e-01  -1.7696318e-02   4.1855488e-01  -2.7149099e-01  -4.8227765e-02   9.9181827e-02  -8.2236048e-02   4.1623844e-01  -8.6268276e-02  -1.5422769e-01   5.1624037e-02  -1.3129612e-02   1.2467795e-01  -3.0413419e-02   7.8028112e-02   2.8368449e-01  -9.2608575e-02   1.4144929e-01   1.2964082e-01  -1.4931228e-02   3.8480887e-01   4.2318306e-02  -7.4904389e-02   7.2518181e-03   1.1633244e-01   2.4811789e-01  -3.3842649e-01  -1.0206656e-01  -1.9451700e-01   6.0094681e-02   3.8462858e-02  -4.1789347e-02   3.6304112e-02   6.3199784e-02  -1.3929877e-01   3.8213205e-01  -1.7170724e-01   7.3216102e-01  -6.1601742e-02   8.7272673e-03   9.6434303e-02   6.2795367e-02   1.2126875e-01   2.0824107e-01  -5.2340993e-02  -2.1479314e-01  -4.2089791e-01  -1.5391968e-01  -1.4654949e-01   7.8249302e-02   8.9769794e-02   1.6400246e-01  -7.0729398e-02  -2.0913929e-01  -8.7031864e-02  -4.3572122e-02  -7.6488297e-02  -5.2047597e-01  -1.0627442e-01   4.4675554e-01  -3.7905130e-01   5.1102344e-01  -2.9641199e-01   7.6105149e-02   1.1335747e-02  -3.2414181e-02   4.8101435e-01   1.3610336e-01  -7.1409635e-02  -1.9181036e-01   4.7719124e-02  -9.2039160e-02  -2.6518074e-01  -4.1052993e-01  -3.2623165e-01   5.0138631e-02   1.1137613e-01  -2.0158799e-02  -2.6213555e-01  -1.9559681e-01   1.1313620e-01  -4.4884016e-01   2.5192172e-01  -2.2525125e-01   5.5658350e-02   9.8129564e-02  -2.1789900e-01  -3.4113486e-01   1.5523605e-01   6.9405760e-02  -1.6029492e-01  -2.7853108e-01  -7.0931336e-02   6.8759669e-02  -9.9122066e-02   7.5668776e-02   6.7727591e-01  -1.2545670e-02  -7.6974720e-02   1.3762673e-01  -1.5489038e-01   7.3043990e-02   1.6772688e-01  -8.8767651e-02  -1.5810927e-01  -3.1761022e-01   6.9009977e-02   1.9426061e-01  -3.4951323e-02  -1.6838868e-01  -1.2763135e-01   1.7661209e-02  -2.6004783e-03  -1.4091834e-01  -1.1375324e-01   2.5903440e-02  -1.3291485e-02  -2.7172529e-01  -3.9740420e-02   5.5299784e-02   2.9219479e-01   8.4989790e-02   3.4599616e-02  -4.3769343e-01  -2.2402246e-01  -5.2132200e-02   3.5747910e-01   3.2653252e-01  -1.0855516e-01   2.0019781e-01   3.3376853e-02   6.5772175e-02  -7.5769981e-02  -4.2136120e-02   1.0748038e-02   2.0776201e-01   1.8058049e-01  -1.0674467e-01  -5.5197322e-02  -1.8395989e-01  -1.0748592e-01  -5.4688467e-03   7.1637968e-02   2.2079667e-01   2.6664372e-01   4.3678222e-01   1.0750876e-01   7.5010605e-02  -7.4885216e-02  -2.5129955e-01
  -2.0286829e-01   5.3434764e-02   2.9901331e-01   1.4503321e-01   1.8019515e-02   1.4023282e-01   3.8083345e-01   8.0737608e-04  -2.1400859e-01   0.0000000e+00  -3.1200331e-01   3.3214270e-01   1.0841373e-01  -2.6165893e-01   1.4274971e-01   3.9868919e-02   1.3243163e-01  -1.8970236e-01   6.3592765e-02   2.6739733e-01   1.7770547e-01  -5.9179967e-02   2.9575616e-01  -1.7962718e-01  -1.2836655e-02   7.0202755e-02  -2.8391130e-02  -5.6442351e-03  -9.8877412e-03   5.6694916e-02   3.4055017e-01  -2.6653235e-01  -4.2946331e-02   6.9478943e-01   2.8502585e-01  -1.6429767e-01   3.2571548e-01  -2.4053915e-01   1.9763532e-02   4.9622354e-01   4.3830662e-02   7.1546099e-03   2.4485558e-01  -5.8427059e-02  -8.6035608e-03  -3.0186368e-01  -4.9960492e-01   8.2452265e-02  -7.0196864e-02   2.5326825e-01  -1.5314836e-01   2.1874109e-01   2.3162472e-01  -3.0574359e-02  -3.0996000e-01   6.2877154e-02   3.6740916e-02   3.0750043e-02  -7.9372837e-02   8.4552281e-02  -1.9329560e-01   3.0406164e-01   1.0569786e-01   4.8804365e-02  -1.0035855e-01   4.7435617e-01   2.8143599e-01  -1.6034908e-01  -1.9321400e-01  -7.5036944e-03   2.9783736e-01  -3.0527458e-01   1.4430500e-01  -7.7581486e-02   7.0937875e-02   5.1887633e-02  -1.7076753e-01  -7.4268292e-02  -6.4741372e-02   9.8958456e-03  -3.1720771e-02   5.0847565e-02   3.1889712e-01  -1.2119868e-01   9.9780496e-02  -1.6151181e-01  -1.2834513e-02  -3.0127627e-01  -9.2299957e-02  -1.7635479e-01  -1.7342348e-01   8.9034019e-02   4.2269203e-01  -7.3833421e-02  -3.6282354e-01   1.1433016e-01   2.5900054e-02   1.1693321e-01  -2.2136867e-01   3.6426487e-01   1.3435161e-01   1.8902303e-01  -1.9231773e-01  -5.3481280e-02  -3.7006452e-01  -3.9898616e-02   4.1547893e-02  -2.0288372e-02   4.7782937e-01  -8.8214425e-02   7.8900705e-01  -3.6574442e-01  -6.5510687e-02  -1.7420456e-01  -7.4146987e-02   2.0021014e-02   2.2282435e-02   2.8664563e-01   6.7731599e-02   4.6491231e-02  -1.1699447e-01   8.0404053e-02   2.0936771e-01  -1.7590754e-01  -2.6910140e-01  -1.0885682e-01  -8.3144684e-02   2.5794881e-02  -1.4148273e-03   3.4699153e-02   1.2133508e-01   2.4775928e-01  -2.4654359e-01   3.6332252e-01   2.8251747e-01   1.1756429e-01   5.2316793e-02   3.6424049e-01   3.0463029e-02  -6.6971488e-02  -1.9320555e-01  -6.0112882e-02  -2.5245148e-01  -3.7179277e-02   2.7698103e-01  -1.0608928e-01   5.7893438e-01  -2.6852966e-01  -9.0781119e-02   2.4220345e-01   1.2837063e-01   1.2168599e-01  -2.8198407e-01  -2.4871640e-01   2.5894348e-01  -1.2334875e-01  -2.1442897e-01   1.0871410e-02  -2.7078121e-02   1.1252453e-01  -8.3902236e-02  -2.7206741e-01   1.2894968e-01  -2.3137624e-01   9.7585940e-02   5.5498959e-01   1.8257564e-02  -6.2502997e-02  -2.1648614e-01   1.4469314e-01   5.6678689e-02  -1.0204860e-01  -3.1918932e-01  -9.0112528e-03   1.2137823e-01  -1.5015777e-01   2.1408340e-01
  -1.1217084e-01  -5.2286077e-01  -2.7414973e-01   7.4006346e-02  -6.4709197e-02   3.5619588e-01   8.8757875e-02   2.6682167e-01  -6.3713613e-02  -3.1200331e-01   0.0000000e+00  -5.1600655e-01   2.3809496e-01   6.5655864e-03   6.2121792e-02   9.5047030e-02  -2.8358772e-01   2.0804384e-02   1.6325944e-01  -1.0649757e-01   9.8531572e-02   2.8487213e-01   1.7988204e-01   1.7726663e-01   1.4321935e-01   1.6505512e-01  -2.3915017e-01   2.3789747e-01  -8.0362947e-03  -1.9148129e-01   1.8697028e-02   5.2344405e-02  -3.8046568e-02  -3.4897902e-01  -4.1924016e-01   1.5613534e-01  -7.9044715e-02   4.0030596e-02   3.4077800e-02  -3.0213556e-01   2.8600071e-01   2.4434731e-02  -2.1514734e-01   4.1751195e-01  -1.9704598e-01   2.3249041e-01   6.4048827e-01  -3.2030895e-01   6.4979896e-02  -4.0946950e-01   3.2561706e-01   1.9808439e-01  -3.5625707e-01   2.6117038e-01   1.2333822e-01   5.0856802e-01   4.6570544e-01   3.6340954e-02   4.3223686e-01   5.3093265e-02  -3.4822221e-02   3.7452284e-02  -2.1874745e-01   2.7467636e-01  -2.2654549e-01   6.9796613e-02   1.0243927e-01   9.5421192e-02   4.1175957e-01   1.7868406e-01  -3.9746482e-01   4.5723367e-01   9.8496392e-02   1.1089656e-01  -3.7540993e-02  -1.6451036e-01   1.4105192e-02   2.7961190e-01  -3.4895340e-01   1.7220340e-02   3.3370476e-01   2.0377128e-01   2.7954145e-02   3.7819545e-01  -1.9603362e-01   8.5230988e-02  -1.8391751e-01   1.5964737e-01  -9.6433518e-02  -4.6066727e-02   1.9881148e-02   3.5709057e-02   1.0339933e-01  -1.1000779e-01   5.7746305e-02  -1.6014239e-01   3.0655769e-01   7.5764490e-02   2.7806248e-01   2.5542390e-01   1.8584690e-01   2.5927016e-01   1.5365438e-01   2.4065000e-01   3.7725603e-01   2.9241286e-01   1.0487178e-01   3.7826395e-01   1.4127291e-01   1.1867283e-01  -8.6773431e-03   1.2169613e-01   6.0674362e-02   1.3735535e-01   3.0941057e-01  -2.3976767e-01   1.9382277e-01   6.0562256e-02   9.6571748e-02   1.5365067e-01   2.4014722e-01  -6.5600770e-02  -1.0827682e-02  -8.3654079e-02   2.6524795e-01   3.5674343e-01  -2.2080088e-01   1.7887473e-01   1.9604132e-01  -7.0073722e-03  -7.0967485e-02   2.6485371e-01   1.7532162e-01  -1.8616345e-01   1.0646905e-01   8.2096510e-02   1.0047992e-01   2.2174999e-02   2.0959898e-03   1.1351718e-01  -1.8836917e-02   1.1975290e-01   5.3129057e-01   3.3613802e-01  -1.5158416e-01   2.4145815e-01  -5.5536115e-01   1.7985540e-01   4.1534858e-01  -1.2876214e-01   1.2687789e-01   1.1253424e-01   3.6064730e-01   2.8223801e-01  -3.4229343e-01  -5.3752639e-02   3.1958171e-01   2.5832355e-01   7.3681841e-02   1.7903217e-01   4.5498204e-01   4.8839688e-01  -1.3364248e-01   5.1511010e-01  -8.9867263e-02  -6.0419758e-01   4.9357521e-01   2.8508768e-01   3.4523208e-01  -9.0504555e-04  -3.6568604e-01   2.4225593e-02   2.2325693e-01   3.1099299e-01  -1.8824255e-01   2.7390012e-01  -1.0865240e-01
  -9.9334284e-02   6.4207676e-01   6.6867174e-01  -4.2434987e-02  -1.3083272e-01  -4.0124848e-02   1.6572168e-01  -2.1439412e-01   6.7174562e-02   3.3214270e-01  -5.1600655e-01   0.0000000e+00  -3.1079685e-01  -1.9427340e-01   3.9260139e-01  -3.4518771e-01   5.2449144e-01   1.8318510e-01  -3.0120922e-01  -1.1744144e-01  -4.5117645e-03   3.1717932e-02  -7.6260526e-02  -3.7960606e-01  -1.6547285e-01  -2.4030268e-01   3.3839231e-01  -2.5187945e-01  -1.6877063e-01   6.1143907e-01   1.6273635e-01  -2.0366526e-01  -1.2204562e-01   5.3112690e-01   5.3322614e-01  -1.0175890e-01  -4.1342296e-02  -5.1223427e-01  -3.1694864e-01   4.2469322e-01  -2.9958699e-01  -2.6364971e-01   3.0284987e-01  -4.4785395e-01   3.3918223e-01  -2.6975038e-01  -2.6806610e-01   4.1160429e-01  -1.5060148e-01   5.2368557e-01  -2.7544725e-01  -3.0188456e-01   3.0699414e-01  -1.1768008e-01  -1.7656183e-01  -3.1531587e-01  -3.6605157e-01  -2.1689565e-01  -2.3795044e-01   3.7525259e-01  -1.6881359e-01  -4.8941687e-02   2.2171729e-01  -2.8907906e-01   1.1231075e-01   1.3838171e-01   1.9159270e-01  -1.6617333e-01  -2.1708061e-01   1.1720159e-02   3.9239982e-01  -3.6322892e-01  -3.6060301e-03   5.6777098e-02  -5.3983509e-02   2.9078443e-01  -1.4385850e-01  -3.7263510e-01   2.3693910e-01  -8.3247767e-02  -2.4336882e-01  -3.7154830e-02   3.7073004e-02  -3.4566086e-01   1.9100475e-01  -1.0983008e-01   3.0258307e-01  -2.4432193e-01   1.2524176e-02  -1.7742068e-01  -1.2283708e-01  -1.2315883e-01   2.7606547e-01   2.0027012e-01  -3.2743156e-01  -4.0948300e-03  -8.9731788e-02  -2.9933406e-01  -3.5457176e-01  -3.0170072e-01  -1.4077779e-01  -1.9211378e-02   6.8869894e-02   7.4750546e-02  -3.3229893e-01  -3.2810377e-01  -1.8057968e-02  -3.2912996e-01  -8.9405260e-02   1.9356491e-01   3.2699471e-01   7.6013565e-02   1.5369626e-01  -3.0738644e-01  -2.4525973e-01   1.5043964e-01  -2.1424638e-01   4.8720189e-02  -4.6591247e-02   9.0886471e-02  -3.9001862e-01  -5.1645689e-02   1.3116602e-01   9.3317061e-02  -3.2953780e-01  -3.6023387e-01   3.7665175e-01  -3.1572016e-01  -3.0026192e-01   2.9762818e-01  -2.2483208e-01   3.3353560e-02  -1.6548026e-01   3.4290800e-01  -1.6601211e-01  -1.8760486e-01  -1.3721124e-01   9.1642508e-02  -4.1381623e-02  -9.2278889e-02  -1.5961622e-01  -3.9594582e-01  -5.5059683e-01   4.1672160e-03   4.7603909e-01  -2.5401120e-02   6.9051962e-01   9.8284038e-02  -7.0286230e-03   3.4556523e-02  -5.0896936e-02  -5.4007185e-02  -3.2148917e-01  -2.5047246e-01   5.6795164e-01  -2.7100665e-02  -4.2898168e-01  -6.9907475e-02  -2.5184210e-01  -1.4806564e-01  -4.2877483e-01  -5.8118926e-01   2.2313234e-01  -5.1841414e-01   6.2348676e-02   5.5555210e-01  -3.5947378e-01  -3.5686531e-01  -3.7225503e-01   8.1714221e-02   5.6425720e-01  -1.1677456e-01  -1.2848072e-01   4.9299981e-02   3.2133078e-01  -3.4778076e-01   2.7229981e-01
  -5.3797706e-02  -4.5052755e-01  -2.2856090e-01   2.5228311e-01   7.3154416e-02   2.1615183e-01   1.7042571e-02   5.6182695e-02  -2.4270654e-01   1.0841373e-01   2.3809496e-01  -3.1079685e-01   0.0000000e+00   1.6438690e-01  -5.2636412e-02   3.8812664e-01  -3.0868456e-01  -2.5580049e-01   1.5102626e-01   3.6753813e-01   6.3774167e-02   4.0010052e-02   1.4176711e-01   6.9024858e-02   2.4153878e-01   8.1481158e-02  -3.6484840e-02   2.2169489e-01   3.8362586e-01  -4.1244464e-01  -1.4962214e-01  -8.1273095e-02   3.6298307e-01  -2.8928351e-01  -3.7968866e-03   3.4614968e-02  -1.7236103e-01   2.5011411e-01   4.0763502e-01  -4.1558493e-02   5.8124348e-01   4.5516114e-01   1.4977361e-01   2.3606925e-01   1.8342383e-01  -1.3882058e-01   2.1126637e-01  -3.2317795e-01   1.5321813e-01  -2.6293541e-01   3.7288440e-01   8.3151410e-02  -4.2075558e-01   2.8700855e-01   1.6846657e-02   1.6118308e-01   2.7046463e-01   1.0430685e-01   1.0147595e-01   3.5884321e-02   6.6102258e-02   4.8652071e-01  -5.6205697e-02   1.1905432e-02  -1.7072956e-01  -3.2935871e-03   7.3961395e-02   3.0600639e-01   2.1637547e-02  -1.5377036e-01  -2.9386910e-01   4.1593670e-01   1.2509666e-01  -2.1115474e-02   3.3214690e-01  -3.5319687e-01  -2.7013877e-03   1.9611783e-01  -3.0821982e-01   3.4041893e-01  -1.8317458e-02   1.2069126e-01   2.1533426e-04   1.3473779e-01   1.4748378e-02  -3.0798522e-01  -1.2247839e-01  -5.6957626e-02  -1.8791865e-01  -1.2021583e-01  -1.4503401e-01   1.7360295e-01  -1.7697154e-01   1.6636708e-01   4.9166056e-02   4.2493423e-02   4.2679075e-01   1.2213828e-01   4.6474197e-01   4.8403041e-01   4.5681939e-02   1.1969610e-01  -2.0970019e-03  -1.1835956e-02   1.9122821e-01   1.8735553e-01   3.1490765e-01   2.0068774e-01   2.6626585e-01  -2.4624576e-01   1.5101165e-03  -1.5098754e-01   9.4755162e-02  -3.7962401e-02   1.4719958e-02  -3.0216580e-01   2.8619302e-01   3.3373784e-01   1.8167385e-01   4.0374545e-02   2.1406487e-01   1.5105288e-01   1.1149876e-01  -2.9163386e-01  -1.1311785e-01   2.5572668e-01   9.2817591e-02   4.0417112e-01   2.8220305e-01  -1.9191815e-01   4.6350210e-01  -6.8364457e-02   1.6288621e-02  -3.2490980e-01   2.0797773e-01  -1.3865936e-01   3.7699594e-01   3.3736944e-02  -2.5389981e-01   9.7914253e-02   1.4133191e-01   4.6914438e-01   3.1680510e-01   4.7824273e-02  -1.7684902e-01  -1.0132177e-01  -3.6096987e-01  -3.0005923e-01   3.8125087e-02   9.9284593e-02  -6.2157349e-02   4.4529276e-02   6.9402201e-02  -6.6164484e-02  -2.9146553e-01   1.0816907e-01   2.5034433e-01   3.3953476e-01   3.1077709e-01  -1.3676406e-01   4.7203668e-01   3.7426089e-01  -1.8775816e-01   4.0115863e-01  -1.2735267e-01  -1.8926662e-01   1.7828101e-01   3.8207962e-01   2.7658529e-01  -2.8736023e-01  -2.6130016e-01  -5.8339620e-03   1.4116322e-01   2.6227294e-01  -1.4941399e-01   4.5946564e-01  -3.2003662e-02
   6.2100922e-01  -2.7951864e-01  -1.6022863e-01  -1.9060739e-01  -1.2661002e-01  -2.8560309e-02  -1.1817902e-01   1.0485246e-01  -2.3013853e-01  -2.6165893e-01   6.5655864e-03  -1.9427340e-01   1.6438690e-01   0.0000000e+00   2.8818193e-01   1.6015153e-01  -2.8707281e-01  -1.2193267e-01  -5.0329886e-03  -1.2350499e-01  -1.1708910e-01  -6.5821323e-02  -5.4474503e-02   6.1178408e-01   4.4078608e-02  -1.9632778e-02  -7.9701038e-02   4.7202669e-01   1.6855724e-01  -3.3277667e-01   3.5401465e-02   2.9297512e-02   2.1257733e-01  -2.8698327e-01  -2.5517209e-01  -1.5095724e-01  -2.6334608e-01   2.0070191e-02   1.0769463e-01  -4.0826032e-01  -7.2819779e-02   7.6137926e-02  -5.3032834e-02   1.9181506e-01   1.8211843e-01  -3.3775314e-02   2.3905806e-01  -2.2165889e-01   9.5859749e-02  -2.9244691e-01   6.9161470e-02  -6.4430509e-02  -2.7717475e-01   4.3823246e-01   5.9131962e-01   1.6276303e-01  -3.9749602e-02  -1.5948118e-01  -1.1171228e-02  -1.5107489e-01   2.5527688e-02   1.5537815e-01  -1.7965275e-01   3.6007568e-02  -1.9637359e-01  -2.6907506e-01  -1.6290094e-01   1.2838254e-01   1.3523832e-01  -9.6308394e-02  -3.1632039e-01   2.1019481e-01  -1.1404615e-01   3.6789699e-01   1.8202706e-01   1.0119255e-01  -9.8711521e-02   8.3133409e-02  -1.5701022e-01   1.2115366e-01   2.8863604e-01   3.0703296e-03  -8.1296171e-02   3.8272347e-01   5.4114311e-01   1.1098443e-01  -5.4912615e-02   6.9782188e-01  -9.5128701e-02   5.9485604e-01  -1.8759287e-01   7.5587962e-03  -3.6568826e-01  -1.9706750e-01  -8.3789551e-02  -1.9430841e-01   2.7213807e-01   1.3596266e-01   3.0845985e-01   8.6009425e-02   3.1044690e-01   2.1681557e-01   2.8032522e-01  -1.0567783e-01   1.8422129e-01   1.8385520e-01   1.7850984e-01   1.2151125e-01  -1.4159065e-01  -2.3487093e-01  -2.9559611e-01   1.6863548e-01   1.1783579e-01   4.2213866e-01   2.4982434e-01  -3.2402933e-01   9.7337504e-02  -1.5311964e-01   1.9596285e-01   2.0677786e-01   1.9911909e-01  -1.6089704e-01  -4.5667018e-02  -3.1410646e-01   1.0812742e-01   1.1108389e-01   1.8125362e-01   1.2570150e-01  -1.0322098e-01  -1.0137466e-01  -8.7127700e-02  -4.6024683e-01   4.8522320e-01  -3.5494622e-01  -1.7873424e-01   7.7241101e-02   1.5217953e-01  -2.3656228e-03   1.1074809e-01   3.1316338e-01   6.4127333e-01  -1.0223535e-01   3.2308745e-01  -1.3578998e-01  -4.3243558e-02   1.3581281e-01  -2.9043526e-01  -1.6327899e-01  -6.7951893e-02  -8.0523255e-02   3.6971196e-01   3.8893555e-01   3.1031590e-01   6.7125696e-04  -3.3701392e-01   5.1287024e-01   3.6851896e-02   1.1691087e-01  -5.2926072e-02   6.4107663e-02   2.1336622e-01   3.2181962e-01  -1.5424406e-01   5.5319959e-02  -1.8900152e-01  -2.6307019e-01   1.7821771e-01   3.3422663e-01   3.8252000e-01  -3.6589740e-01  -4.8094343e-02  -1.6527839e-01  -6.8074002e-02  -2.5005032e-03  -1.6980471e-01   2.0641908e-01  -2.3913749e-01
