   0.0000000e+00  -2.4835721e-01  -4.7899462e-01   3.0211640e-01  -5.1768153e-01  -4.1802601e-01  -4.4845549e-01   4.0298706e-01   1.8521414e-01  -4.6256487e-01   4.4421911e-01  -1.6800265e-01  -1.2579041e-02   3.1676705e-01   5.4246214e-01   2.7781811e-01  -5.3139231e-01   1.8577393e-01  -3.3238064e-01  -4.6484757e-01  -3.1132617e-01   3.0360502e-01   8.9999217e-03   8.0695757e-01   5.8573080e-02   1.4846350e-01  -5.4246781e-01   2.4339704e-01  -3.2712300e-02  -1.0590243e-01   2.5606916e-01   3.6078840e-01  -1.3819148e-01  -2.8436456e-01   1.3675176e-01  -5.5927812e-01   3.1026773e-01  -1.5202038e-02   2.4466310e-01  -6.1676543e-01   7.7551083e-02   7.8738058e-02   3.7226397e-02   1.8380574e-01   1.1101007e-01   1.3971941e-01  -1.2717123e-01  -4.2122338e-01   2.0788142e-01  -4.9851030e-01   1.0287654e-01   3.4938468e-01  -3.5886193e-01  -9.5829592e-02   1.5713401e-01   7.0903070e-01   3.4750819e-02   4.7026795e-01   3.0408030e-01   5.4731739e-01  -2.3063742e-02  -1.7962685e-01   5.1912768e-02   5.4839094e-01   2.3415015e-01  -4.5170622e-01  -4.9465948e-01  -3.1057542e-01  -1.0227279e-01  -1.5594240e-01  -5.1036417e-01   2.8550327e-01   1.5111557e-01   7.1970053e-01  -3.9948863e-02   3.3481717e-01  -1.2238498e-01  -7.5190299e-03  -2.6900467e-01   1.2030344e-01   1.2457064e-01   1.8974765e-02  -1.5893166e-01   2.7043704e-01   3.7532872e-01   8.8723009e-02   8.2212990e-02   7.2626515e-01   2.9566315e-02   9.3134066e-01  -2.3386958e-01  -2.1453565e-01  -5.1452998e-01   2.5959973e-01   1.4077825e-01  -4.4889556e-01   9.7673906e-02   2.5329005e-02   1.5856903e-01  -2.6213527e-01  -3.0387584e-01   3.4632572e-01   7.2619313e-02   5.6737886e-01   3.9921087e-01   4.2232529e-01  -2.9091548e-01   3.1754719e-01   2.0013264e-01  -6.0788180e-01   1.2628115e-01   2.4165629e-01   3.3690542e-01   9.1177581e-01  -2.0106733e-02  -2.9298247e-01   1.4771128e-01   1.2642183e-01  -1.7432736e-01   3.3923752e-01   2.3494381e-01  -3.3365234e-01  -1.6945175e-02  -6.9371037e-02   2.7524625e-01   5.4580039e-01   4.2488180e-01  -9.7500944e-02   4.4608241e-01  -5.0034279e-01  -9.2909637e-02  -2.1547969e-01   7.2226211e-01  -4.9300610e-02   5.0471550e-01   4.8047431e-01   4.9914630e-02  -2.7383498e-01   3.7648962e-01   8.4503127e-01   8.7671025e-01  -1.2388329e-01   2.8920372e-01  -5.4936736e-01   3.8304320e-01   2.7288654e-01  -4.2873713e-01  -2.6291048e-01  -3.0154869e-01  -1.6912832e-01   6.4144296e-01   1.2956361e-01   4.2074496e-01   1.1617464e-01  -5.7486242e-01   6.4170334e-01   3.1078980e-01   4.8607210e-01  -2.4837390e-01   2.0737657e-01  -1.6386354e-01   3.8042073e-01  -4.2348656e-01   3.9717146e-01   4.3296528e-01  -2.0535912e-01   2.3506448e-01   5.5321095e-01   5.6493054e-01  -5.4526216e-01  -2.4114739e-01  -8.8302520e-02   4.4470401e-02  -5.4167450e-01   1.8640922e-01  -3.1282288e-01   5.1953661e-01
  -2.4835721e-01   0.0000000e+00   4.3822334e-01  -1.8118881e-01   6.4793406e-01  -4.0546151e-02   2.9810382e-01  -8.1255550e-02   1.1690804e-01   2.2355402e-01  -4.7097181e-01   6.4984056e-02   8.9538939e-02  -6.0245232e-01  -1.8387949e-01  -1.8820712e-01   3.2475444e-01  -3.5591940e-01   1.8912230e-01   4.1461552e-01  -9.8626724e-02  -4.5288914e-01  -3.8393026e-01  -3.0752350e-01  -1.2205589e-02  -1.6033530e-01   4.5435348e-01  -3.8522511e-01   1.6196426e-01   5.4831136e-01  -1.4746165e-01  -2.8042262e-01   3.8447591e-02   3.7031409e-01   3.5670113e-01   2.0844416e-01   1.2854537e-02   9.1324897e-03  -3.6468990e-02   6.2858368e-01   6.1212364e-03  -5.8251879e-02   5.7107082e-01  -4.3267247e-01  -2.0229198e-01  -5.3368753e-02  -2.9185829e-01   4.3206002e-01   1.8203050e-01   6.6360186e-01  -4.0744511e-01  -2.1224301e-01   2.6178893e-01   2.3397341e-01  -3.7707422e-01  -4.3950418e-01  -3.5605427e-01  -4.3008380e-01  -1.4450549e-01  -3.0585873e-01  -3.0271195e-02   1.3153304e-02   2.5559915e-01   6.3837983e-02  -5.0499864e-02   9.5812667e-02   1.0086070e-01   4.0169416e-01  -1.6429964e-01  -2.9838468e-02   7.0962455e-01  -4.6118954e-01   1.7081821e-01  -1.0762659e-01   1.2293743e-01  -2.6969834e-01   4.4376038e-02  -1.5024253e-01   7.1177671e-01   4.1266816e-03  -5.6960896e-01   1.6973725e-02  -3.6042566e-01  -4.7824277e-01   6.9935169e-03  -3.0932151e-01   9.2474167e-02  -3.4456882e-01   2.4681076e-01  -2.6560937e-01   6.3466365e-01   6.5221978e-02   4.0293792e-01   1.0437853e-01  -6.1642081e-02   5.3910428e-01  -1.3339359e-01   2.5511863e-01   3.8487160e-02   1.5242470e-02  -1.5077331e-01  -3.7268809e-01  -7.4123128e-01  -2.1866204e-01  -4.7230561e-01  -2.4289109e-02   3.1111185e-01   1.5760021e-03  -3.7703371e-01   1.7789548e-02  -3.8524672e-01  -4.5019648e-01  -2.6110601e-01  -3.1574862e-01  -4.3712659e-01   7.4830359e-01  -2.9227550e-02   9.9060820e-02  -2.7484333e-01  -4.5132904e-01  -1.3568547e-02   6.9095329e-01   4.9753682e-01   3.7926061e-01   1.7213554e-02  -4.8064684e-01  -4.6987993e-01   2.0154582e-01  -4.1002331e-01   1.7108249e-01   1.8899769e-01   1.1630399e-01  -2.6506823e-01   2.7159837e-02  -3.0620658e-01  -2.4440421e-01   1.1634535e-01  -3.2463738e-01  -4.7692287e-01  -2.5934302e-01  -2.6209344e-01   1.8841563e-01  -9.6175812e-02   9.4242250e-02  -3.9288910e-01  -5.7214403e-01   7.2038578e-01   4.0175745e-01  -1.6381702e-01  -2.6317518e-01  -3.7593793e-01  -6.0657113e-01  -8.8923382e-02   1.0327048e-01   6.7245287e-01  -1.9435132e-01  -6.4038786e-02  -2.3042464e-01   1.0981986e-01  -5.8413254e-01   2.1963919e-01  -2.2939897e-01   1.6131026e-01  -3.8390564e-01  -1.1375139e-01   5.6994354e-01  -9.8278736e-02  -5.7299616e-01  -1.5155196e-01   3.7872479e-01   6.0943456e-01  -7.9420544e-02  -1.6243207e-01   1.5863683e-01   9.3498045e-02   2.5697319e-01  -2.1603222e-01
  -4.7899462e-01   4.3822334e-01   0.0000000e+00  -8.4759041e-02   3.6269587e-01   6.6846873e-01   3.6515254e-01  -5.4186406e-01  -3.7174724e-01   4.4190334e-01  -3.3087728e-01   6.0006838e-01  -1.2755584e-01  -4.6808791e-01  -2.7032157e-01  -1.4939798e-01   9.4796770e-01  -1.9377171e-01   3.5809518e-01   3.3081536e-01  -3.5532581e-02  -2.5237519e-01  -4.9765395e-02  -3.7839965e-01  -1.9458473e-01  -2.5780369e-01   5.6683434e-01  -2.4713132e-01   4.3524707e-02   2.2382317e-01  -4.4679812e-01  -3.1131620e-01   3.9788037e-01   1.2337541e-01  -1.4892953e-01   4.9822812e-01  -4.9612630e-02   3.4722935e-01  -1.9433241e-01   6.4228891e-01  -3.8310973e-01   2.6380414e-01   2.2690587e-02  -2.8247875e-01  -1.4362625e-01   3.1348284e-01   1.0674015e-01   2.0833129e-01  -1.6466397e-01   6.2140717e-01  -1.0883238e-01  -4.7909981e-01  -9.2621575e-04   2.4639861e-01  -1.7187154e-01  -4.7961959e-01   2.1847140e-01  -2.6705204e-01  -4.4402928e-01  -2.5731182e-01   4.2842789e-01   5.9934572e-02  -1.5154866e-01  -4.2959028e-01  -4.6413028e-01   6.0312185e-01   6.3019199e-01   1.6878630e-01   3.5773358e-02   5.0841550e-01   3.0804967e-01  -2.0350396e-01  -4.0653134e-02  -1.7604657e-01  -1.6934017e-01  -3.9902065e-01   4.8139511e-01  -2.0868781e-01   1.7266487e-01  -3.3118415e-01  -2.9720799e-01  -1.6794431e-01  -4.9590968e-02  -4.4996291e-01   2.4976016e-01  -7.8676709e-02  -2.5369694e-01  -4.6870945e-01  -1.1262038e-01  -5.2695404e-01   3.0413304e-02   6.6574554e-01   4.5301745e-01  -3.7444595e-01   2.3797354e-01   4.5089965e-01  -7.0526379e-02   8.9892428e-02   3.4907702e-03   1.9246317e-01   2.4609764e-01  -2.0633822e-01  -3.1553973e-01  -1.8573922e-01  -3.5809689e-01  -2.1170795e-01   3.8539758e-01  -3.8794615e-01  -3.8591215e-01   4.5931395e-01  -1.5459340e-01  -2.1541519e-02  -4.1435847e-01  -5.6416587e-01  -7.9141376e-02   1.7844167e-01  -4.0201341e-01  -3.0146630e-01   3.4026854e-01  -2.8630915e-01  -1.1150531e-01   2.3115511e-01   1.3257124e-01  -1.4931786e-01   1.7185745e-01  -3.0731577e-01  -3.4947868e-01  -3.9309767e-02  -3.1980039e-01   6.8852546e-01  -1.1341615e-01   1.2193706e-02  -3.4020806e-01  -1.8284152e-01  -3.8391680e-01  -5.0676317e-01  -2.0651421e-01  -2.0680019e-01  -4.0603396e-01  -4.4320923e-01  -3.6598411e-01  -1.4487798e-01  -3.3544367e-01   6.7430029e-01  -2.6832112e-01  -4.4654348e-01   3.9667360e-01   1.5745774e-01   5.2169360e-01   1.6878336e-01  -1.3343036e-01  -4.5738078e-01   1.9333281e-01  -2.6721534e-01   7.5587920e-01  -3.0021807e-01   3.3756832e-02  -4.3252816e-01   6.3889636e-01  -3.5908422e-01   4.7497309e-02  -2.3054816e-01   3.6659622e-01  -3.5262834e-01  -6.5061740e-02   1.0143018e-01  -2.6099428e-01  -3.2309426e-01   5.2091195e-02   4.0798985e-01   6.3155246e-02   4.7579434e-02  -1.4684923e-01   7.5182400e-01   1.7799278e-01   2.0657527e-01  -1.8123919e-01
   3.0211640e-01  -1.8118881e-01  -8.4759041e-02   0.0000000e+00  -2.7580485e-01   7.7400013e-02  -2.2828005e-01   1.2975242e-01  -8.4163143e-02  -1.0253090e-01   3.8700103e-01   1.7764803e-01  -1.8779362e-01  -8.8109693e-03   2.6847529e-01   9.7455425e-02  -6.3778319e-02   4.2952285e-01  -1.6309602e-02  -1.6849692e-01  -2.1003597e-01   5.3858013e-01   9.0581843e-02   1.5191745e-01   1.2386112e-01   8.7619524e-02  -3.9250125e-02  -1.0201205e-01   2.2182489e-02  -7.0768491e-03   2.4220090e-02   2.8705813e-01  -1.2370198e-01  -2.3243158e-01  -1.1690258e-01  -1.6564976e-01   1.2005738e-01   5.9364195e-02  -1.3135699e-01  -2.0827878e-01  -2.4552776e-01  -1.1144655e-01   1.5627199e-01  -3.3664013e-02   5.2856876e-02   2.2117033e-01   3.8294926e-01  -3.8579442e-01  -4.1121631e-02  -2.7771787e-01   3.2914586e-01   1.5204394e-01  -3.8295046e-01  -9.6027281e-02  -7.4685493e-02   2.8390073e-01   2.4507467e-01   3.9519361e-01   2.2193444e-01   5.4530505e-01   8.3027206e-02   6.6816557e-03   2.6673235e-01   2.0176668e-01  -6.7932098e-03   4.6832999e-02   7.7277398e-02   1.5662202e-01   4.0761053e-01   1.3553463e-01  -3.5911628e-01   5.2762408e-01  -5.7986273e-02   1.7105290e-01   1.2515551e-01   2.0751099e-01   7.7817484e-02   1.0578124e-01  -2.3540247e-01   1.5560075e-01  -2.6838366e-02   2.0549121e-03  -1.0133825e-01   4.9041983e-02   2.2838914e-01   6.7125471e-02  -2.8931979e-01   1.8756380e-01   2.9969437e-01   2.1085096e-01  -1.6598438e-01   4.1142347e-02  -3.2992191e-01  -2.0892355e-01   2.2584588e-01  -2.2879213e-01   2.5060582e-01   2.7191269e-02   3.4373336e-01  -2.1417491e-02  -2.3133767e-01   2.5609842e-01   2.0140284e-01   3.8959536e-01   4.3578531e-01   7.8680264e-01  -1.0997472e-01   1.4584149e-01   5.3855604e-02  -2.1159021e-01  -1.3690709e-02   6.3552089e-01   4.0265110e-01   3.3370620e-01  -1.2952368e-01  -3.1306041e-01  -2.8892336e-02  -4.3907681e-02  -6.5317142e-02   5.4329358e-01   8.1843559e-02  -2.6261986e-01   5.4746346e-02  -1.7825446e-01   1.8120936e-01   2.9848474e-01   3.1038728e-01   2.8193704e-03   5.3750319e-01  -3.8285235e-02  -2.7150225e-01  -2.9195792e-01   3.1795837e-01  -1.6103964e-01   3.7586773e-01   2.1168122e-01  -4.0750724e-03  -2.8336953e-01   2.4885687e-01   3.1296894e-01   3.4220453e-01  -2.4121764e-01   3.7272851e-01  -1.6142489e-01   2.1453207e-01   9.8792125e-02  -2.5127444e-01  -2.0149128e-01   5.2525781e-02  -6.0296703e-02   2.7095667e-01  -8.9569128e-02   2.0969490e-01  -2.0852754e-01  -2.2932710e-01   7.1215201e-02   1.8261623e-01   1.6272392e-01   1.0853894e-02   6.5183772e-02   1.5915921e-01   3.6030224e-01  -2.1365881e-01   4.8317938e-01   5.9689586e-01  -2.3321463e-01   1.0453043e-01   3.0391995e-01   2.4853802e-01  -3.4685336e-01  -2.1149659e-01  -8.4696387e-02   2.9249167e-01  -1.6548368e-01   3.8531464e-01  -1.4086692e-01   5.8050122e-01
  -5.1768153e-01   6.4793406e-01   3.6269587e-01  -2.7580485e-01   0.0000000e+00   4.2547591e-02   2.4642929e-01  -1.6245647e-01  -5.5740798e-02   4.4188168e-01  -5.0473106e-01  -6.7747154e-02   2.7738692e-01  -4.0777976e-01  -3.4701461e-01  -2.6153808e-01   3.3313617e-01  -1.7971247e-01   1.5193926e-01   7.6655061e-01   2.0188117e-01  -4.7761976e-01  -1.9329272e-01  -4.9434611e-01   6.7878981e-02  -1.6998196e-01   5.5758326e-01  -3.7421795e-01   1.1080351e-01   1.9983668e-01  -2.9943663e-01  -3.7755190e-01   8.0107091e-02   2.7302112e-01   1.0815626e-01   6.1368927e-01  -1.2215299e-01  -7.5537256e-02  -1.2112337e-01   6.6138693e-01   1.1890226e-01  -5.1702155e-02   3.5653959e-01  -4.1673100e-01  -5.3197970e-02  -1.7445312e-01   4.3376788e-02   5.0036376e-01   6.7254237e-02   6.5593054e-01  -2.2392443e-01  -2.7624027e-01   3.8828010e-01   3.0817016e-01  -1.8816688e-01  -5.7243518e-01  -3.8569323e-01  -4.8217125e-01  -1.7500773e-01  -3.6982413e-01  -9.3608025e-02   2.2047218e-01   1.9711976e-01  -1.9384504e-01   2.0665975e-02   2.8089704e-01   2.2802400e-01   4.2610559e-01   2.0368154e-02  -1.7385051e-01   6.5088827e-01  -3.7220611e-01   1.3766153e-01  -2.8838642e-01   2.0050096e-01  -4.0639565e-01  -1.5993627e-02  -1.4125972e-01   7.9991882e-01   3.3175289e-02  -5.0956967e-01   8.9488015e-02  -1.6954691e-01  -3.7132602e-01  -2.3024601e-01  -3.6966823e-01   6.4526675e-02  -4.5883284e-01   1.3176796e-01  -4.5424020e-01   7.1555054e-01   1.0042129e-01   5.0190611e-01  -2.5233879e-02  -1.7498673e-01   8.1652900e-01  -7.3803918e-02   1.1312006e-01   2.4296379e-01   1.2425909e-01   5.5067750e-02  -4.1360330e-01  -5.2132531e-01  -3.8850854e-01  -4.1161089e-01  -2.1619519e-01   3.9531723e-01  -6.9947048e-02  -1.8403301e-01   4.2699884e-01  -3.3506085e-01  -4.5716500e-01  -3.0657353e-01  -5.3765295e-01  -3.7375328e-01   7.6409294e-01  -1.0418052e-02   1.2125408e-01  -2.1544293e-01  -3.9372394e-01  -2.1120487e-01   8.2285139e-01   2.3938693e-01   2.2526995e-01  -2.1558550e-01  -5.0722172e-01  -3.1695061e-01   3.3087285e-01  -4.3976590e-01   1.1758750e-01   3.5162706e-01   3.0421860e-01  -4.0020252e-01   1.6283036e-01  -2.6747574e-01  -3.3406626e-01   1.5241958e-01  -5.6942413e-02  -5.4641964e-01  -5.2898930e-01  -5.4263130e-01   2.8778098e-01  -1.8454946e-01   8.0882068e-02  -3.6010049e-01  -4.0625313e-01   5.3102223e-01   4.3707401e-01  -1.7755485e-02   9.2247465e-02  -6.0122616e-01  -3.2708272e-01  -2.6412453e-01   6.9623560e-02   5.4761555e-01  -4.7723353e-01  -2.2397917e-01  -3.1127655e-01   1.7968833e-01  -4.9248799e-01   2.2835502e-01  -4.1410347e-01   4.1639025e-01  -3.9776085e-01  -2.3051970e-01   4.9895332e-01  -9.9173053e-02  -5.6916912e-01  -3.2540270e-01   6.1470735e-01   6.2955825e-01  -2.2607663e-01  -7.7582697e-02   1.8798403e-01  -3.9113255e-02   2.7541600e-01  -3.3854403e-01
  -4.1802601e-01  -4.0546151e-02   6.6846873e-01   7.7400013e-02   4.2547591e-02   0.0000000e+00   3.0856572e-01  -5.5957476e-01  -5.4192292e-01   4.5786873e-01  -1.1033892e-01   7.2753788e-01  -2.3411239e-01  -3.2433465e-01  -3.3560257e-01   5.1610794e-02   7.0337209e-01   2.1422854e-02   3.7711747e-01   1.4977853e-01  -1.5623830e-01  -1.0821476e-02   7.3361526e-02  -4.4291914e-01  -3.2551564e-01  -8.2024239e-02   5.0785802e-01  -1.6472272e-01  -1.4802254e-01   1.2185774e-02  -4.5712186e-01  -1.4746050e-01   3.1135290e-01  -3.3626508e-02  -3.3917916e-01   3.7494759e-01  -1.1952663e-01   2.2779867e-01  -1.2707780e-01   3.6435842e-01  -4.6269708e-01   2.9500783e-01  -2.1480763e-01  -5.8354457e-02  -1.1135479e-01   2.3147881e-01   3.8825724e-01  -5.9040668e-02  -3.5295638e-01   2.8043864e-01   2.4314752e-01  -2.8669783e-01  -2.0160071e-01   5.2676244e-02  -2.1758159e-01  -2.9135802e-01   5.9946861e-01   4.1006620e-02  -3.1835419e-01   3.8830003e-04   3.5192679e-01   1.2152901e-01  -2.5512654e-01  -5.6748357e-01  -5.9485962e-01   7.3662497e-01   8.8284251e-01  -1.1752997e-01   2.9134513e-01   6.0637774e-01  -5.9706739e-02   1.0088558e-01  -2.4360289e-01  -2.6847822e-01  -2.8073269e-01  -4.2558581e-01   3.3120563e-01  -5.2811154e-02  -2.5347064e-01  -3.8482066e-01   1.8398748e-02  -2.3097001e-01   1.5139035e-02  -2.5510151e-01   1.9251101e-01  -8.9439605e-02  -4.3284060e-01  -4.6226027e-01  -2.2746814e-01  -5.2341600e-01  -3.4928184e-01   5.6597332e-01   2.1230330e-01  -5.6779751e-01   1.8948126e-01   2.0689136e-01  -1.6545383e-01  -1.0031195e-02  -5.0253100e-02   2.4462095e-01   1.9069853e-01   5.1572572e-02   7.1414874e-02  -2.1465516e-02  -4.2467232e-02  -1.7324553e-01   2.7522894e-01  -3.8877291e-01  -1.0886912e-01   4.6210744e-01   1.6853584e-02   3.6882596e-01  -1.7164357e-01  -5.0664540e-01   1.1939482e-01  -2.2357751e-01  -3.2752645e-01  -3.8612580e-01   5.2652444e-01   1.2476251e-01  -2.4121596e-01  -1.7242942e-01  -1.3809069e-01  -5.0307725e-01   7.5393913e-02  -6.4979155e-02  -1.2313794e-01  -3.0689574e-01  -7.9132011e-02   7.1626473e-01  -1.1814756e-01  -2.6150624e-01  -2.9004526e-01  -4.9217072e-01  -5.5526181e-02  -5.8393104e-01  -3.2650067e-01  -2.4790079e-01  -3.1011034e-01  -4.2156453e-01  -3.6629913e-01  -2.0212677e-02  -2.1823416e-01   7.7281256e-01  -2.8983869e-01  -3.4430046e-01   3.8077953e-02  -1.6497123e-01   7.3841365e-01   2.5284916e-01   1.3807655e-02  -3.2141044e-01   9.5470755e-02  -4.6367756e-01   4.4706556e-01  -3.5605178e-01  -2.1163750e-02  -3.9950915e-01   4.9127928e-01  -4.1879428e-02  -1.2472011e-01  -3.8048822e-02   3.0805443e-01  -7.2608752e-02   1.1974914e-02  -1.6552868e-01  -2.6782258e-01  -1.0310475e-01   4.9534614e-02   2.0607503e-01  -3.0678905e-01   4.0174064e-02   1.0950598e-01   8.7276260e-01  -5.8715745e-02  -3.6580953e-02  -3.7301034e-02
  -4.4845549e-01   2.9810382e-01   3.6515254e-01  -2.2828005e-01   2.4642929e-01   3.0856572e-01   0.0000000e+00  -4.0928056e-01  -2.5482026e-01   6.6006678e-01  -5.2938555e-01   3.6963995e-01   3.7122465e-02  -3.6328859e-01  -5.1854400e-01  -1.4317825e-02   3.4141683e-01  -1.7592348e-01   2.9345165e-01   4.8957549e-01   2.5732295e-01  -3.2735875e-01   2.2452643e-01  -4.8168156e-01  -1.6751202e-01  -2.5159569e-01   4.8707423e-01  -1.5804266e-01   2.4701350e-01   2.8333250e-01  -2.3920439e-01  -3.5016272e-01   3.9041064e-02   7.2343932e-01  -6.6548310e-02   4.8320609e-01  -2.7760425e-01  -8.9881771e-02  -1.1846867e-01   4.4067014e-01  -1.1355415e-01  -2.6334396e-02   1.1755721e-01  -2.2459760e-01   1.3592252e-01  -2.4280404e-01  -1.8987223e-01   5.4062624e-01  -1.9679444e-01   2.0721698e-01  -1.2203243e-01  -3.5883254e-01   3.0413204e-01  -2.2323834e-02  -4.1375552e-01  -5.5819675e-01   5.0891234e-02  -3.4252452e-01  -3.6387255e-01  -5.5013893e-01  -1.2963076e-01   2.6698591e-01  -2.9140453e-01  -4.1849417e-01  -4.5108333e-01   6.0621183e-01   1.9873166e-01   1.5117124e-01  -1.1605015e-01   1.5034374e-01   4.7310195e-01  -2.9274876e-01   2.9000968e-02  -4.5964128e-01  -1.8094794e-01  -3.3021067e-01  -1.1704434e-01  -2.1157092e-01   8.8105447e-02  -2.9210262e-01   1.6737890e-01   1.0579375e-01  -4.5967351e-02  -2.8038892e-01  -3.8725524e-01  -1.0357523e-01  -1.3334157e-01  -6.0305284e-01  -1.2915908e-01  -4.3312368e-01  -8.9040621e-02  -3.8030031e-02   5.6348585e-01  -3.0014659e-01  -2.7872931e-01   2.7123793e-01  -1.6220040e-01  -1.4392691e-01  -4.5740187e-02   6.4542969e-01  -4.5801261e-02  -3.4836188e-01  -1.7271726e-01  -3.9055017e-01  -2.5879058e-01  -3.2688407e-01   7.0416895e-02  -4.5245527e-01  -1.9901982e-02   3.1089901e-01  -5.3546480e-02  -1.9796396e-01  -3.7757444e-01  -4.8231255e-01   1.4113672e-01   1.7306012e-01  -2.6952803e-01  -1.2995537e-01   1.2031247e-01  -3.2246321e-01  -2.9457284e-01   1.0141016e-01   1.0157988e-01   1.1035602e-02  -3.1536622e-01  -4.3920898e-01  -4.0370548e-01  -9.5415466e-02  -4.9430412e-01   4.1312696e-01   1.5869240e-01   1.9049626e-01  -5.2953843e-01  -2.2190091e-01  -3.9491463e-01  -4.9703136e-01  -1.2804000e-01  -3.1722094e-03  -3.9427817e-01  -4.7426040e-01  -4.4929286e-01   1.0515745e-01  -4.3458305e-01   6.3631121e-01  -2.8064748e-01  -4.8630688e-01   6.1953831e-01   1.7168474e-01   4.1666482e-01   6.3683652e-02  -3.2043429e-01  -2.3374945e-01  -3.7210077e-01  -2.2501397e-01   4.1839655e-01  -3.9102015e-01  -3.8287364e-01  -3.3816953e-01  -7.9416720e-02  -3.4618404e-02   9.2096477e-02  -4.1110902e-01   3.3522451e-01  -4.0667721e-01  -3.2517997e-01   5.1135311e-01  -1.4714462e-01  -4.3845281e-01  -4.5785432e-01   2.2188331e-01   2.4781572e-01  -5.4449862e-02  -1.0439517e-01   4.4557393e-01  -2.3251070e-02   1.8279881e-01  -3.6479784e-01
   4.0298706e-01  -8.1255550e-02  -5.4186406e-01   1.2975242e-01  -1.6245647e-01  -5.5957476e-01  -4.0928056e-01   0.0000000e+00   2.6608114e-01  -4.7623202e-01   3.9863050e-01  -4.5347321e-01   1.9371034e-02   1.6194599e-01   2.7309706e-01   2.3725154e-01  -6.0369155e-01   3.5331520e-02  -2.8957754e-01  -2.5042191e-01  -5.7429385e-02   1.9094415e-01  -2.3707879e-01   3.2767903e-01   2.4653296e-01   4.0806778e-01  -4.1211778e-01   1.5013552e-01   2.8490139e-02  -5.8737579e-02   2.6390965e-01   4.0597305e-01  -8.1889388e-02  -1.9411757e-01   3.1839143e-01  -4.7813878e-01   3.3382869e-03  -1.4375689e-01   2.4620857e-01  -4.0227064e-01   1.4043286e-01  -5.9026576e-02   2.1312193e-01   2.1426398e-01  -2.7641884e-02  -3.1914552e-02  -8.0524545e-02  -1.8831544e-01   1.2258445e-01  -2.9297295e-01  -1.6652275e-02   6.3688297e-01  -9.4294171e-03  -7.0813353e-02   8.0392886e-02   4.9125080e-01  -2.7040466e-01   2.0279358e-01   3.0464368e-01   2.9613576e-01  -1.7343100e-01  -3.6188417e-01   2.0692704e-01   5.0941904e-01   3.4852140e-01  -6.1706356e-01  -4.7731798e-01  -3.5539850e-02   5.4875252e-02  -3.0879587e-01  -1.1866751e-01   1.2095649e-01   2.6178157e-03   3.2946587e-01   2.3082969e-01   5.1040976e-01  -1.7167221e-01   2.0369807e-01   7.4048468e-04   3.1718689e-01   1.0121186e-02  -6.1363585e-02  -1.1140064e-01   3.0233463e-01  -2.8007394e-02   7.6667527e-02   1.6490210e-01   3.9325636e-01   2.6973231e-01   4.4440021e-01   1.1218209e-01  -3.5398499e-01  -3.4260256e-01   4.7529920e-01   7.5205817e-02  -2.7004666e-01   1.0501454e-01   1.3881115e-01  -1.1692627e-01  -3.8937747e-01  -3.1009081e-01   2.5380780e-01  -3.3119971e-02   1.7441624e-01   1.8790949e-01   4.2182063e-01  -2.3021911e-01   6.1695203e-01  -6.8215915e-04  -4.6202945e-01   5.4126075e-02  -3.6708082e-02   3.2018145e-01   5.0448963e-01  -1.2721302e-01   1.0743840e-02   4.7891691e-01   1.9883104e-01  -3.6368028e-01   1.9995666e-01   2.5101564e-01   6.9599260e-03   5.0113365e-02   1.9929142e-01   1.4293899e-01   1.8144556e-01   1.7546234e-01   9.7338794e-02   4.2373082e-01  -5.1684999e-01   3.8002595e-03  -7.2195866e-02   3.8555066e-01   1.7690583e-01   3.5038971e-01   6.5420809e-01   2.1218256e-01   3.3779068e-02   3.3557133e-01   4.1241362e-01   3.9521062e-01   1.1487980e-01   5.0235342e-01  -6.1373525e-01   7.8674971e-02   1.5014014e-01  -1.3007276e-01  -1.3431792e-01  -5.5464232e-01  -3.8761788e-01   9.7828897e-02   1.7936456e-01  -6.3531715e-02   3.1956692e-01  -4.1229346e-01   2.4879244e-01   2.1088911e-01   4.3459459e-01  -3.2972133e-01   7.8984037e-02   2.8068782e-02   3.7142772e-01  -4.4025167e-01   3.2319178e-01   2.7784522e-01   2.9425347e-02   3.0771461e-01   2.7731203e-01   9.6312052e-02  -2.4218259e-01   7.6783147e-02   1.2794977e-04   8.4951898e-04  -6.7337479e-01  -9.1044028e-02  -1.3356838e-01   3.1798564e-01
   1.8521414e-01   1.1690804e-01  -3.7174724e-01  -8.4163143e-02  -5.5740798e-02  -5.4192292e-01  -2.5482026e-01   2.6608114e-01   0.0000000e+00  -3.7343878e-01   1.9968134e-01  -3.5887058e-01   2.4202134e-01   2.6692010e-01   1.5459667e-01   2.3753652e-02  -3.8378513e-01   9.5136649e-02  -3.1332329e-01  -2.5363747e-01   1.4699197e-01   2.0680310e-01  -1.5713872e-01   1.5119716e-01   1.7704177e-01   8.4732353e-02  -3.1529094e-01   5.4053001e-02   2.7403193e-02   3.6312030e-01   4.8108775e-01   4.8762342e-02  -2.6952889e-01  -1.9216553e-01   5.0134178e-01  -2.6186324e-01   4.3212332e-02  -2.4128199e-01   2.1625848e-01  -2.6900242e-01   3.9103354e-01  -3.4959350e-01   5.3049581e-02   9.6134636e-02  -5.6527315e-02  -1.7155634e-01  -2.7432044e-01   1.3014438e-01   1.3050787e-01  -2.0033367e-01  -2.3803790e-01   2.6026884e-01   1.7588248e-01  -7.0513063e-02   2.0313578e-01   3.4313081e-02  -3.9591473e-01   1.5274193e-01   1.2244306e-01   1.4386704e-01  -3.8496020e-01  -2.3839465e-01   1.3912719e-01   4.0628442e-01   5.6755047e-01  -4.5362128e-01  -4.3735339e-01  -9.8921214e-02  -1.1814919e-01  -4.1223742e-01   7.2902908e-03  -1.2312760e-01   2.1034115e-01   3.1050686e-01   4.4614736e-02   2.6978283e-01  -3.2607051e-01   2.3754637e-01   2.2269315e-02   2.2135499e-01  -7.0275755e-02   9.8850297e-02   6.6040456e-02   1.4088151e-01  -2.0807795e-01   2.8087755e-01   5.8436815e-01   1.4824767e-01   8.5737465e-02   2.0854105e-01   2.2403399e-01  -4.3350750e-01  -3.2789764e-01   7.7922660e-01  -1.4669360e-01  -2.7723001e-01   1.4537561e-03   3.3036200e-02  -8.2824790e-02  -3.5166582e-01  -1.6990066e-01   5.1253484e-02   2.3309111e-02   2.8697549e-01  -2.4520766e-02   2.5065111e-02  -2.2044530e-01   3.3794462e-01  -4.2892876e-02  -3.3705229e-01  -1.8205380e-01  -2.4171692e-01  -2.7308782e-02   2.5259819e-01  -8.2235520e-02   9.6210295e-02   3.5776847e-01   2.7866486e-01  -2.9548236e-01  -1.1027727e-01   3.4729200e-01  -1.8428604e-02   1.1554215e-01   5.3157284e-01   6.4762999e-02  -1.1737751e-03  -2.7430848e-02   2.4903295e-01   1.1840754e-01  -4.4027827e-01   1.3654379e-01   1.1940179e-01   3.1968400e-01   3.5332614e-01  -6.1093455e-02   3.2638760e-01   2.1291657e-01   2.3552877e-01   1.3311513e-01   1.6473071e-01   7.2996633e-02   4.1784056e-02   2.4544762e-01  -4.1462074e-01  -4.4758511e-02   2.8126760e-01  -1.3770064e-01   2.7715070e-01  -4.6198645e-01  -9.6928999e-02  -1.3235426e-01   2.0548327e-01  -1.5931282e-01   4.8663088e-01  -3.0284578e-01   2.0355734e-01   6.1616504e-02   2.8547026e-01  -3.8828062e-01  -9.4916656e-02  -8.3756880e-02   1.4325829e-01  -8.6601811e-02   9.8741090e-02   1.7490152e-01  -1.7490024e-01   7.7338691e-02  -4.6644965e-02  -1.1226403e-01  -1.2741382e-01   4.9951983e-02  -2.3062424e-01   7.2923559e-02  -4.7460641e-01  -7.3697173e-02  -9.3755752e-02   1.6674119e-01
  -4.6256487e-01   2.2355402e-01   4.4190334e-01  -1.0253090e-01   4.4188168e-01   4.5786873e-01   6.6006678e-01  -4.7623202e-01  -3.7343878e-01   0.0000000e+00  -5.2212180e-01   4.6398612e-01   1.7372653e-01  -2.7025617e-01  -4.1339726e-01   4.1152833e-02   4.0847180e-01  -7.5833247e-03   2.8577570e-01   6.5469324e-01   3.3764027e-01  -3.5366498e-01   2.4920695e-01  -4.8301649e-01  -1.4766954e-01  -4.1783547e-01   4.9659143e-01  -2.5114257e-01   1.2975931e-01   7.7129569e-02  -3.8031576e-01  -4.6503027e-01  -3.5025346e-02   6.1282136e-01  -1.9994498e-01   7.2056624e-01  -3.0816980e-01  -1.6762890e-01  -1.8975960e-01   4.6932699e-01  -1.5778887e-01   1.5263548e-03   9.2964920e-02  -2.1958080e-01   2.5262651e-01  -3.1883576e-01   5.3805436e-02   3.6480099e-01  -2.5096052e-01   2.5435996e-01   9.9902997e-02  -5.3057931e-01   2.3714747e-01   1.1855958e-01  -2.5665217e-01  -5.5876483e-01   1.7271773e-01  -3.5971535e-01  -2.8772322e-01  -3.8227841e-01  -1.2737892e-01   4.8833573e-01  -2.3043817e-01  -4.3769151e-01  -5.4430814e-01   8.3450618e-01   3.6960502e-01   1.2001172e-01  -7.0376113e-02   5.6576053e-02   3.0569400e-01  -2.5730669e-01   1.4545455e-01  -3.5655009e-01  -7.6851899e-02  -4.4385242e-01  -1.2719963e-01  -2.1043522e-01   9.7964677e-02  -3.1355126e-01   3.2563585e-03   2.5464520e-01   4.9128444e-02  -2.7116520e-01  -1.4356641e-01  -2.2848890e-01  -3.5055729e-01  -4.7132086e-01  -1.7501616e-01  -4.6485733e-01  -5.4994217e-02   1.4116933e-01   5.6774400e-01  -3.9423078e-01  -3.2962368e-01   4.6069064e-01  -2.0244956e-01  -1.9512434e-01   2.4208268e-01   7.2525805e-01   1.6255363e-01  -3.4844777e-01  -1.3009567e-01  -2.7079492e-01  -2.4531602e-01  -2.6928051e-01   2.6986694e-01  -6.2883504e-01   1.3939214e-02   5.8179639e-01   7.4545278e-02  -8.0123680e-02  -4.0286344e-01  -5.4346458e-01   1.2774754e-01   1.2210763e-01  -3.6348023e-01   9.6436403e-03   3.5042013e-01  -1.6815018e-01  -3.8456094e-01   1.5138487e-01  -5.1505378e-02  -1.0634274e-01  -4.5406207e-01  -2.5147308e-01  -2.1831936e-01   2.2181121e-02  -4.2334581e-01   3.8440377e-01   2.3952447e-01   1.2292845e-01  -4.3809262e-01  -1.0366412e-01  -2.3247235e-01  -6.2349762e-01  -1.7498311e-01  -2.4543744e-02  -5.1224762e-01  -5.8048242e-01  -4.8024901e-01   1.2896783e-01  -4.5305628e-01   6.7680629e-01  -1.2624283e-01  -4.0154573e-01   3.9334952e-01   2.0675117e-01   6.4244167e-01   2.9614253e-01  -1.8335701e-01  -2.3018108e-01  -1.3683731e-01  -4.0909685e-01   4.6321911e-01  -4.6796041e-01  -4.3552778e-01  -4.3831031e-01   3.9756028e-02  -8.0760585e-02  -1.7477537e-02  -4.6912322e-01   6.2815797e-01  -3.2897305e-01  -2.9434372e-01   3.6289879e-01  -8.7349518e-02  -3.6696223e-01  -2.6000262e-01   3.5280174e-01   2.2720615e-01  -2.3516180e-01  -6.5157921e-02   5.9937146e-01   2.5124985e-02   6.8094036e-02  -3.0860035e-01
   4.4421911e-01  -4.7097181e-01  -3.3087728e-01   3.8700103e-01  -5.0473106e-01  -1.1033892e-01  -5.2938555e-01   3.9863050e-01   1.9968134e-01  -5.2212180e-01   0.0000000e+00   2.9500981e-02  -1.9063462e-01   2.9547320e-01   5.9575304e-01   2.9011037e-01  -3.1981469e-01   4.7554334e-01  -2.7171494e-01  -5.6240946e-01  -1.6024219e-01   6.7912256e-01   1.1320403e-01   3.7310970e-01   9.7004071e-02   3.0463655e-01  -4.7660906e-01   1.4087447e-01   1.1217419e-01   6.2858698e-02   5.1225836e-01   4.2055258e-01  -1.9340680e-01  -5.7726686e-01   6.3430851e-02  -3.5861518e-01   1.6434233e-01   1.7185228e-01   1.9441381e-01  -7.3497929e-01   3.1791774e-02  -1.2590368e-01  -2.2262799e-01   5.0645996e-01  -6.4229424e-02   3.8774378e-01   4.2053106e-01  -4.8390078e-01   2.1605865e-02  -6.4189590e-01   4.2371760e-01   4.2688578e-01  -3.6573116e-01  -3.7468926e-01   1.9818630e-01   5.3307583e-01   2.4799839e-01   5.4563562e-01   1.9196596e-01   6.4634209e-01   2.4093832e-01  -4.3152235e-01  -5.8160840e-02   5.0840651e-01   3.4803272e-01  -2.9931644e-01  -2.1752798e-01  -2.6518539e-01   2.9129289e-01   8.0105705e-02  -7.1231330e-01   6.0984607e-01   8.9558620e-03   3.9835116e-01  -1.3967428e-01   3.5211035e-01   2.0071749e-01   3.6152298e-01  -4.8608948e-01  -9.0119137e-02   2.8537346e-01  -5.2565629e-02   7.6312861e-02   3.6747784e-01   2.1008035e-01   3.2407162e-01   1.4649103e-02   3.8752695e-01   6.1228191e-02   3.9126810e-01  -3.1279751e-01   4.7935701e-02  -7.2253357e-01   3.3997460e-01   4.2008688e-01  -6.6999775e-01   1.1225631e-01  -3.2499249e-02   1.0689269e-01  -5.1362953e-01  -3.2194723e-01   7.3523138e-01   4.3692117e-01   5.9585254e-01   6.1750120e-01   3.4101030e-01  -4.9969199e-01   4.1236478e-01   3.6391303e-03  -4.4859657e-01   2.0411392e-01   5.1601453e-01   2.8136264e-01   5.1767939e-01   1.3899482e-02  -4.4664873e-01   2.5406380e-01   4.0596590e-02  -9.1421386e-02   3.9868836e-01   2.4845703e-01  -5.2847650e-01  -1.2212099e-01   3.5359087e-02   4.4814140e-01   4.6495219e-01   4.7007356e-01  -2.7143369e-01   7.0439317e-01  -2.8860770e-01  -3.0186421e-01  -4.6082497e-02   5.3168468e-01  -3.1903330e-02   3.7772611e-01   5.4619931e-01  -2.0542071e-01  -1.0877028e-01   4.8226872e-01   4.4978046e-01   4.6713472e-01  -2.8575124e-01   6.7172847e-01  -3.5543052e-01   2.3331005e-01   4.7684642e-01  -6.7956319e-01  -9.0898204e-02  -2.6371199e-02  -1.6458447e-01   3.8730755e-01   2.2524338e-01   1.7614201e-01   3.8817066e-01  -6.4354325e-01   2.8365324e-01   4.2621841e-01   4.8480411e-01   1.1355601e-02   3.0815659e-01  -7.6266960e-02   7.8511293e-01  -2.9421121e-01   6.5852103e-01   5.5536019e-01  -5.8400427e-01   4.1345628e-01   5.1546054e-01   2.8808115e-01  -5.5516306e-01  -2.7671822e-01  -1.6945930e-01   4.5328044e-01  -3.8309451e-01   1.0707927e-01  -4.6845125e-01   5.8923606e-01
  -1.6800265e-01   6.4984056e-02   6.0006838e-01   1.7764803e-01  -6.7747154e-02   7.2753788e-01   3.6963995e-01  -4.5347321e-01  -3.5887058e-01   4.6398612e-01   2.9500981e-02   0.0000000e+00  -1.2307158e-01  -1.3477687e-01  -4.2469491e-02   2.9993707e-01   5.5654653e-01   1.0005381e-01   2.6419132e-01   5.0068951e-02  -6.4949680e-02   1.2437060e-01   2.5840982e-01  -2.9299874e-01  -2.4262472e-01  -1.7119963e-01   2.3516040e-01  -7.9603222e-02   1.5564661e-01   2.2079000e-01  -1.8702390e-01  -1.1505684e-01   7.2700238e-02   1.2975716e-01  -1.6008115e-01   2.7570522e-01  -1.9494794e-01   1.2890966e-01  -2.2428899e-02   1.3536067e-01  -3.8425674e-01   1.1464601e-01  -7.7160316e-02   1.3872600e-01   6.9464052e-02   1.2675271e-01   1.8235657e-01  -4.8320363e-02  -3.5532834e-01   2.5118967e-02   2.5668228e-01  -3.1523283e-01  -2.8979377e-01   5.6295630e-02  -8.3179700e-02  -1.7216485e-01   5.7419197e-01   7.9668786e-02  -4.0057466e-01   9.8723540e-02   2.5349405e-01   1.4890626e-01  -2.8670650e-01  -3.1575027e-01  -5.6766725e-01   6.8068132e-01   4.8888893e-01  -2.6391426e-02   6.8567599e-02   3.2721578e-01  -2.0528620e-01   9.7756786e-02   7.1349037e-02   2.5725502e-02  -3.1048584e-01  -2.3728546e-01   1.8778984e-01   5.8861274e-02  -3.1996236e-01  -4.8806017e-01   2.1790948e-01   1.3376651e-02   9.7380059e-02  -7.3136875e-02   3.2051858e-01   1.1185697e-01  -3.8682666e-01  -2.5063793e-01  -1.5840445e-01  -2.8372089e-01  -4.7175540e-01   4.0083080e-01   1.4178344e-01  -3.9797864e-01   9.0969773e-02  -6.0255485e-02  -8.0531435e-02  -8.2786146e-02   1.9848020e-01   3.0298588e-01   6.1877676e-02   1.2246823e-01   1.5652133e-01   2.3726828e-01   7.4204429e-02  -7.7268622e-02   1.1377932e-01  -4.6253467e-01  -7.8249421e-02   2.5170710e-01   1.2330429e-01   4.2781474e-01  -2.9366191e-01  -2.2535397e-01   2.4366275e-01  -3.2353991e-01  -3.3089610e-01  -1.9969002e-01   5.0366208e-01   6.2370096e-02  -2.3162695e-01  -2.8081617e-01  -2.0512932e-02  -2.2595202e-01   6.2973304e-02   1.8911941e-01   6.0842388e-02  -3.1666253e-01  -1.1031418e-02   4.1287491e-01  -7.7088389e-02  -1.4953722e-01   1.4888402e-02  -2.8981240e-01  -1.6973278e-01  -4.0257023e-01  -3.7770044e-01  -2.5060272e-01  -1.3412657e-01  -2.6923036e-01  -1.3164699e-01  -2.3543330e-01  -1.5202577e-01   7.0055374e-01   3.0461204e-02  -1.7413536e-01   5.4859031e-02  -8.9903826e-02   7.8621957e-01   2.0186092e-02   2.7925776e-01  -2.0213212e-01   1.7601587e-01  -3.5318821e-01   3.2072186e-01  -1.7360024e-01  -1.2191488e-01  -1.7985770e-01   2.2179383e-01   1.2038042e-01  -9.5920457e-02   1.0811238e-01   2.3558854e-01  -1.6807983e-02   1.4337253e-01  -1.5597719e-01  -5.7282074e-02   2.6624426e-02   6.4225638e-02  -9.9113568e-02  -1.9390082e-01  -2.3514253e-01   1.4199192e-01   6.7672463e-01   2.1287496e-01  -1.3316930e-01   1.5124713e-01
  -1.2579041e-02   8.9538939e-02  -1.2755584e-01  -1.8779362e-01   2.7738692e-01  -2.3411239e-01   3.7122465e-02   1.9371034e-02   2.4202134e-01   1.7372653e-01  -1.9063462e-01  -1.2307158e-01   0.0000000e+00   1.6285473e-01  -5.1793736e-02   1.0213558e-01  -2.0285421e-01   3.0434947e-02  -3.2415373e-01   3.4977085e-01   1.3762064e-01  -1.2841224e-01   5.6685254e-02  -5.3265290e-02   1.9108111e-01  -9.8727349e-02  -8.3325721e-02   7.6250159e-02   1.1407298e-01  -1.0013171e-01   9.8128735e-02  -5.0796827e-02  -2.1509677e-01   1.5103933e-01   2.1117339e-01   1.2826764e-01  -3.0713922e-01  -2.6972126e-01   1.4304314e-01   4.1099131e-02   6.7890888e-01  -6.0157479e-02   6.2373195e-02  -1.6057063e-01   3.4588378e-01  -3.4472716e-01  -1.5571449e-01   1.1815786e-01  -4.3438974e-02   6.7080703e-02   1.1530445e-01   5.1039769e-03   1.6537862e-01   1.9901101e-01   1.7373043e-01  -1.2336410e-01  -3.2923158e-01  -5.1645829e-02   5.0348555e-02  -7.1041111e-02  -2.8045796e-01   3.7942339e-01  -3.3274242e-02   7.6286803e-03   4.8061027e-02  -3.2367336e-02  -2.4406852e-01   6.3780353e-02  -1.1055424e-01  -4.8096773e-01   1.0645912e-01  -6.7283124e-02   4.5892627e-01   9.0940302e-02   1.6390590e-01  -8.0335990e-02  -2.8459127e-01  -1.5615392e-02   2.0608505e-01   1.5636629e-01   6.4738585e-02   5.9090501e-01  -3.2275821e-02  -7.9190910e-02  -1.6085739e-01  -4.1682925e-02   2.7564862e-01  -2.5733574e-02  -6.1274125e-02   4.6821396e-03   2.0588921e-01  -1.5178046e-01   1.3479515e-01   1.8611614e-01  -2.8179369e-01   2.2724282e-01   1.2320145e-01  -9.1018901e-02   2.3148723e-01   1.3714934e-01   2.8960651e-03  -3.9247681e-02  -1.0714445e-01   6.3326886e-03   7.2123698e-02  -1.7261919e-01   9.1586238e-02  -2.3086802e-02   2.0906245e-01   2.3065248e-02   4.5262936e-02  -2.2230657e-01  -1.2111763e-01  -3.7983066e-02  -1.3282220e-03   2.0912065e-01   1.3443986e-01   7.3084598e-01  -9.2155703e-02   5.7410720e-02  -9.3751463e-02   2.7567530e-01  -4.0121047e-03   1.6521819e-01  -3.1235861e-01  -9.6355842e-02   1.0755774e-01   3.6820668e-01  -2.6699140e-02  -3.7439528e-01   5.3948563e-01   1.0474305e-01   8.0965767e-02   1.7946868e-01   5.6781897e-03  -5.7815321e-02   2.8559127e-01   1.4715012e-01  -1.8887884e-01  -5.8797216e-02  -9.0496159e-02   3.0832233e-01  -1.1830321e-01  -1.0793471e-01   9.8344184e-02   2.7088760e-02   7.7177204e-02   2.4689769e-02  -7.7938872e-02  -1.2750994e-01  -1.2919956e-01   1.4349362e-01  -6.8055837e-02  -4.8374275e-02  -1.2086057e-02  -9.3546368e-02  -2.4983392e-01   2.3508851e-01  -2.3027485e-01   5.2359354e-02  -8.9678806e-02  -3.0964549e-01   2.0899842e-02  -2.2169471e-02  -8.6999123e-02   1.3713559e-01  -1.0614287e-01  -1.4041874e-01  -1.5589718e-01   1.1544335e-01   2.2862586e-01  -4.4068823e-01   1.7137371e-02  -1.3797001e-01  -4.4761953e-02  -5.9043758e-02  -7.6075688e-02
   3.1676705e-01  -6.0245232e-01  -4.6808791e-01  -8.8109693e-03  -4.0777976e-01  -3.2433465e-01  -3.6328859e-01   1.6194599e-01   2.6692010e-01  -2.7025617e-01   2.9547320e-01  -1.3477687e-01   1.6285473e-01   0.0000000e+00   2.2167854e-01   2.5244037e-01  -4.3436626e-01   1.4454881e-01  -3.7730717e-01  -3.4978129e-01   3.2616812e-01   3.5674528e-01   5.0351125e-01   3.9524271e-01   5.1287073e-02   1.1137495e-01  -6.5630069e-01   5.9750507e-01  -2.1401082e-01  -4.4030422e-01   3.5710488e-01   3.0218342e-01  -1.3672207e-01  -3.1165616e-01  -1.3703962e-01  -1.5256405e-01  -1.5510923e-01  -2.3410795e-01   2.4623853e-01  -6.0006222e-01   3.0942146e-01   3.9030987e-02  -4.8517901e-01   3.7256343e-01   2.2220214e-01  -1.9647964e-01   2.7245011e-02  -1.3542879e-01  -2.0664611e-01  -5.2694156e-01   9.7394902e-02   2.4983059e-01  -2.7669468e-02  -8.8857067e-02   7.1083880e-01   4.9214597e-01   2.7167410e-02   2.9986336e-01   3.4446021e-02   1.9295542e-01  -1.5159224e-01  -3.1956643e-02  -2.3826636e-01   6.0142440e-02   1.9469085e-01  -3.5179723e-01  -4.6229364e-01  -4.4585918e-01  -1.0528505e-01  -4.3331133e-01  -5.1030911e-01   1.0935379e-01   1.5683228e-01   3.9831803e-01  -1.0327104e-01   3.0279356e-01  -2.2883997e-01   1.8489456e-01  -4.1379428e-01  -5.0046893e-02   6.1285580e-01   1.0835485e-01   5.6025558e-01   6.2267122e-01   1.2948682e-02   2.8927390e-01   3.1730634e-01   5.6104167e-01  -2.9481259e-01   3.5894398e-01  -3.4471555e-01  -2.1163081e-01  -3.2728969e-01   1.3221073e-01  -1.2736504e-01  -4.6184322e-01   6.9913033e-03  -1.8680011e-01   3.5760634e-02  -1.0754041e-01   3.1392511e-01   2.1333428e-01   7.0693289e-01   2.4773331e-01   3.5085068e-01  -3.6120684e-02  -2.1326448e-01   3.1356091e-03   2.8118284e-01  -2.5488741e-03   4.8295264e-01   1.7283253e-01  -4.2283596e-02   3.8978846e-01   5.7663254e-01  -5.1567427e-01   2.1477236e-01   1.7683161e-01   2.8354457e-01   1.7420030e-01  -8.4882621e-02  -4.4312576e-01  -5.9002781e-01   2.8153244e-03  -1.8360035e-01   6.7948450e-01   5.5100281e-01   1.7366415e-02   2.6135710e-01  -5.2961743e-01   1.3961586e-01   1.7503906e-01   5.1662507e-01   4.1497279e-01   1.1974429e-01   2.2768950e-01  -2.8927780e-02   6.0893228e-01   4.2252134e-01   2.5491130e-01   2.9720713e-01  -7.8328956e-02  -1.7986066e-02  -2.4967437e-01   6.7224532e-01   8.3205753e-01  -6.3553400e-01  -3.0894951e-01  -5.1451320e-02   2.3413639e-01   3.9893010e-01   8.9979710e-01   9.4986040e-02   7.1147144e-03  -6.3072957e-01   2.4361196e-01  -1.0941771e-01   2.6123490e-01  -2.9935897e-01   7.1328344e-01  -4.5254786e-01   7.0256921e-02  -7.6848798e-02   1.8542758e-01   1.6732312e-02  -4.5641107e-01   7.2150036e-02   5.5534753e-01   1.6864962e-01  -2.1187716e-01  -4.4108333e-01  -1.7142111e-01  -7.7326794e-02  -3.4525771e-01  -2.9824787e-02  -3.0711671e-01   1.4479628e-01
