   0.0000000e+00   2.7213984e-02  -2.2433898e-01  -1.9400256e-01  -7.2759552e-02   1.1776498e-01   1.1183005e-01   1.9356088e-01   1.5475027e-01  -1.0781292e-01   1.4004858e-01   6.9526651e-02  -1.4203289e-01   1.8059777e-01   2.6848933e-01  -7.0290570e-02  -3.5184319e-01  -4.0334653e-02   4.1407518e-02  -1.2237559e-02  -2.0613269e-01  -1.3358621e-01  -2.3929286e-02   6.9031905e-01   5.4053959e-02  -2.8860753e-01   8.5698929e-03   3.1335189e-01   1.9767769e-02   6.2142207e-02  -3.6547364e-02  -2.0063650e-01  -2.0213901e-01   2.8348415e-02   1.4712884e-02   5.9128070e-02   7.4626856e-02  -7.1624945e-02  -1.0805673e-01  -1.1512065e-01   3.6584137e-02  -2.2124757e-01  -2.7226115e-01  -1.6077712e-01   2.4302086e-01   5.9590268e-01   5.0142630e-02  -8.5031358e-02   2.4962526e-02  -2.2603666e-01   7.9130376e-02  -4.2665341e-02  -4.3527650e-02  -1.5853089e-01  -5.7781619e-02  -1.0904957e-01  -1.5032823e-01  -1.0385654e-01  -9.5264646e-02   5.2843176e-02   2.2691319e-01   3.1256749e-02  -7.0698810e-02   2.3102017e-02   7.5265604e-02   1.7302533e-01  -8.4440515e-02   1.4016309e-01  -1.5676127e-01   1.5958044e-01  -2.8200205e-01   2.3754936e-02   1.6029795e-02   2.0019619e-01   1.9240419e-01   7.4412996e-02   4.1687586e-01  -2.1382792e-01  -1.5360137e-02  -1.8700268e-01   7.3372462e-02  -9.2543682e-02  -2.0284672e-01  -1.4035418e-01   5.4468968e-02   4.4332763e-02  -1.9102455e-01   4.7413583e-01   1.8804235e-01   8.0895474e-01  -5.9620278e-02   4.5484096e-02  -1.9590163e-02   5.4561358e-02   2.5176724e-01   1.7327634e-01  -2.8079186e-02   1.1461749e-02   1.6226443e-03  -1.7398277e-01   4.3464988e-01   4.3137894e-01  -3.3736143e-02  -9.6292403e-02  -1.8561451e-02  -1.1692111e-01  -2.7076698e-01   5.5345822e-02  -9.0537687e-02   4.6782388e-02  -6.4066964e-02   6.7615535e-02   2.6955936e-02   7.3385729e-01   7.1133480e-01  -9.4417213e-03  -3.5999010e-01   3.8117891e-02   3.7834488e-01  -1.0759962e-01   5.2644425e-01   1.3230440e-01   1.8904804e-02  -1.1112814e-01   2.8996150e-01   2.3039292e-01   2.0875911e-01  -1.3784885e-01  -5.7104963e-02  -8.5049253e-02   3.0267611e-02  -1.0864435e-01   1.5706593e-01  -1.9196158e-01  -1.7525280e-01   6.5941738e-02  -1.3626706e-01  -1.2272869e-01   3.0166355e-01   5.8761004e-01   7.9577012e-01  -2.6373414e-01  -2.7697908e-01  -1.7792555e-01  -2.0880948e-02  -1.1637940e-01  -2.7116782e-01   2.8269507e-01   2.3067520e-01  -5.1524092e-02   6.0992448e-01   5.9249817e-03   1.9026435e-01   4.8953385e-02  -1.8389697e-01   6.6273129e-01   5.6269890e-01   5.4300295e-02  -1.1260841e-01   4.9502726e-02   1.6739949e-01  -6.9621595e-02   7.5949257e-03  -3.9737038e-02  -3.2844245e-01  -1.0891324e-02   3.3327251e-01   1.5932782e-01   3.8802481e-01  -1.0519308e-02   3.4413326e-02  -1.0927293e-02   5.3381538e-02  -2.1517756e-01   4.7090571e-02  -1.1028753e-01  -1.3596201e-01
   2.7213984e-02   0.0000000e+00   1.7568350e-02  -2.1149757e-01   3.2789328e-01  -1.9932665e-01  -1.7008427e-01   7.7190470e-02   1.1081962e-01  -1.5871567e-01  -2.1203027e-01   4.5510682e-01  -8.2988275e-02  -2.7334904e-01  -1.5497883e-01  -5.2675907e-02   2.5486298e-01  -4.1486396e-01   1.9721304e-01   1.5794421e-01  -3.9374379e-01  -3.8979408e-01  -4.5183804e-01   1.4688465e-01  -7.3764896e-02   1.1250674e-01   1.1634863e-01   1.2081381e-01   1.8312597e-01   1.6802829e-01   1.0171303e-01  -1.4353611e-01   2.5706480e-02   3.2418300e-02  -1.4516278e-01   4.5473771e-02   3.7571478e-01  -2.0744110e-01   1.5689454e-02   1.4485085e-01  -2.2673211e-02  -7.2462369e-02   2.7051312e-01   2.1246031e-02  -1.5988820e-01  -1.6799644e-01  -2.6718412e-01   3.8320785e-01   1.1033382e-01   2.1028226e-01  -3.5368442e-01   1.1053685e-01   4.6886279e-01   4.6254059e-02  -1.1332498e-01  -1.8030142e-01  -1.2665805e-02  -1.8135589e-01   9.8115568e-02   3.6408229e-02  -1.8808286e-02  -2.2039862e-01   2.5309915e-01   2.3002290e-01   3.7614275e-01  -9.5489479e-02  -1.4191124e-01   1.3361615e-01  -1.4888559e-01  -3.6871628e-01   4.7002230e-01  -3.4716140e-01   1.3792328e-01   2.1003265e-01  -2.9318396e-04  -3.1786087e-02  -2.0933065e-01  -8.2644884e-02   4.2067050e-01   4.0419891e-02  -2.0981529e-01   2.1547590e-02   4.5105747e-02   6.4997214e-02   2.0136995e-01   2.6388668e-02  -1.9789357e-01   9.2133885e-02   1.0681709e-01  -9.4759476e-03   5.7246533e-01  -1.3845818e-02   2.0024906e-01   1.6515527e-02  -2.1527621e-01   2.7037234e-01  -1.1611803e-01   1.0467103e-01   6.8817260e-02  -2.1934866e-01  -1.3522910e-01  -1.5033264e-01  -2.9298628e-01   1.6282635e-02  -2.0912011e-01  -1.0006272e-01   1.1814269e-01   6.9344480e-02  -2.0313711e-01  -8.1110299e-02   7.6669497e-03  -1.3164890e-01  -1.5591462e-01  -1.7906691e-01  -1.0018991e-01   5.6014660e-01   1.6315651e-01  -7.8697331e-02  -8.6573211e-02  -1.4250015e-01  -1.6596542e-01   4.0253138e-01   6.9623051e-03  -7.2456181e-02  -3.0144040e-01  -1.1263353e-02  -6.9578288e-02   6.5777719e-02  -2.4312965e-01  -4.5312645e-02   7.0710645e-02  -5.2699637e-02   5.2890089e-01   8.6032874e-02   5.0102845e-02   6.1895213e-02  -1.8665259e-01  -1.0570540e-01   3.1859868e-02  -1.2105169e-01   8.1693706e-02  -2.1364854e-02   3.7434127e-03  -1.1033444e-01  -2.5437435e-01  -6.2225938e-02   2.3001992e-02   2.9216856e-01  -1.0869216e-02   2.5252473e-01   7.1552538e-04  -1.8609663e-02   1.4176946e-01   3.3078481e-01   2.9869364e-01  -8.7437911e-02  -1.2312925e-01  -1.7818399e-01   2.3638513e-01  -1.1213833e-01   3.7618673e-02  -1.4738326e-01  -1.3515717e-02  -2.2087591e-01   1.3102089e-03   2.7932651e-01  -9.8794327e-02   9.1271897e-02   5.8264512e-02   3.5244542e-01   2.5630932e-01  -1.9452763e-01  -9.3495344e-03  -1.8785009e-01  -6.8480429e-02   5.8166230e-02  -1.4262390e-01
  -2.2433898e-01   1.7568350e-02   0.0000000e+00   3.1162373e-02  -1.9809740e-02   8.5468851e-02  -3.0070876e-01  -1.2270113e-01  -2.5571489e-01  -5.7818177e-02  -2.4189267e-01   1.2133142e-01  -2.5994734e-02   1.7644667e-01  -2.6613496e-01   7.2255056e-03   7.8654125e-01  -1.6590671e-01  -9.6317542e-02  -3.1262888e-03  -3.1879301e-02  -9.6758115e-02  -3.0080047e-01  -2.7149873e-01  -4.2159446e-02   1.4116253e-01  -1.3328248e-01  -4.2846753e-02   8.9012011e-02  -2.8443898e-01   5.9206946e-02   1.2962588e-01   2.3258813e-01  -1.8373304e-01  -9.3488948e-02  -1.7421383e-01  -2.7341161e-01  -4.1864303e-02   3.3413164e-02   1.8759638e-01  -7.8857517e-02   3.6546326e-01   8.9059648e-02   2.5868354e-01  -3.5857299e-01  -1.6239509e-01  -1.9795579e-01  -5.7602398e-02  -2.2161115e-01   4.2015163e-01  -3.3261130e-01   1.7634870e-01   3.6120602e-02   4.2621963e-01   2.5295593e-01   1.7873361e-01   1.2658998e-01   3.6852649e-02  -9.3025859e-02  -3.2406871e-02   4.1560849e-01  -1.5966358e-01   1.8184939e-01  -1.5361372e-01  -1.5571964e-01  -1.8359958e-01   1.1391243e-01  -8.0056775e-02  -7.1861139e-02   1.0989470e-01   2.0193755e-01  -1.9873757e-01  -4.2904336e-02   5.1668862e-01   1.6177683e-01  -3.9199766e-02   6.0717307e-02  -4.2636086e-02  -2.3175732e-01   7.8174972e-02  -1.7217277e-01   1.1251927e-01   2.0660757e-01  -7.9593874e-02   5.8087813e-01  -1.3868646e-01   1.3817944e-01   2.0038730e-01  -2.0317370e-01  -2.4900610e-01   8.2618180e-02   5.9026676e-01   9.5432587e-02  -1.2610689e-01  -7.2310535e-02  -2.0472217e-01  -1.1273727e-02   4.2282995e-03  -1.7292735e-01  -1.5397558e-01   2.4749895e-01   1.1568535e-02   1.9183368e-01   5.4325599e-02  -2.2145226e-01   1.3892644e-01   4.6355151e-01  -9.5222351e-02  -2.5693134e-01  -2.1358060e-01   1.2693339e-01  -1.5095269e-01  -4.3256770e-02  -3.0446527e-01   2.6405288e-02  -7.2216468e-02   1.7817696e-01  -5.7799588e-02   2.8209199e-01  -7.9384727e-02  -1.1742609e-01  -1.7733339e-03   3.8860872e-02   4.8550117e-02  -1.1068143e-01   1.2314704e-01  -1.7544460e-01   2.0968784e-01  -1.9338416e-03   2.8214486e-03  -1.6095556e-01  -4.0742132e-01   6.0757239e-04  -7.6300936e-02  -8.8031338e-03  -9.4062296e-02   1.2780248e-01  -3.4549704e-02  -9.5446549e-02  -4.2301745e-01  -5.9497152e-02  -4.0711359e-02   7.2357458e-02   3.1690896e-01  -2.1550980e-01  -2.6492268e-02   1.7823886e-01  -2.0130037e-01  -3.6884863e-01  -1.7718400e-01   2.4084046e-01   2.1573051e-02   4.9778764e-01  -5.1205927e-02   4.3781714e-01  -4.5922770e-01  -1.2665962e-02  -1.0578113e-01   4.5527842e-01  -6.2643326e-02  -1.1637936e-01  -6.6002115e-02  -1.1153813e-01  -1.7949806e-01   2.4028525e-01  -1.7984872e-01  -2.4620172e-01   8.5037578e-02   4.0734286e-01  -2.2960843e-02  -2.0623018e-01  -2.0086622e-01  -8.7994286e-02   2.0946695e-01  -7.9921509e-02   2.3143387e-01   7.5362137e-02
  -1.9400256e-01  -2.1149757e-01   3.1162373e-02   0.0000000e+00   1.1099695e-01   5.1472041e-02   6.6127736e-02  -1.4102899e-01   1.6300377e-01   1.3311330e-01   6.8348345e-02  -1.8368656e-01   3.1691284e-01   2.2190668e-01   5.6591704e-02   4.3827477e-01   6.5479555e-02   5.0839857e-01  -7.4170027e-02   1.6076046e-01   3.3903740e-01   5.6083761e-01   2.9024594e-01  -2.3190245e-01   3.2083499e-01   6.8462394e-02   4.3172255e-02  -2.3363458e-01  -8.7048409e-03   4.9527010e-02  -2.0638341e-01   5.7769966e-01   5.2463433e-01  -1.5473097e-01   3.1440269e-01  -8.5071382e-02   9.6925878e-02   2.4736766e-02   4.2721317e-01  -1.7223452e-01   3.8159295e-01   5.6832532e-01   1.0437998e-01  -1.6808101e-01   4.9450996e-01  -1.2148411e-01   1.9512293e-01  -2.7628494e-01   2.9138574e-01  -6.1790537e-02   5.1157007e-01  -1.6642521e-02  -3.3735977e-01   3.5458043e-01   1.4275378e-01   1.0322502e-01   1.7350898e-01   4.6615317e-01   8.9675289e-02   2.0855361e-01   7.5469690e-02   3.9033126e-01   1.7218004e-01  -3.1373552e-01   1.9592267e-01   8.3705401e-02   2.1562017e-01   3.6669281e-01   2.2525277e-01  -4.1928418e-02  -2.4559273e-01   6.8087667e-01   1.1083980e-01  -1.3761026e-01   2.5612863e-01   6.0388781e-02   6.3398078e-02   3.3196075e-01  -1.1950253e-01   5.9290656e-01  -1.3383549e-01   1.6014877e-01  -1.4750017e-01   1.2188314e-01  -2.3912996e-01   2.9981978e-02   3.4319028e-01   4.4054826e-02   1.4144050e-01  -2.0935508e-01  -1.4966521e-01   1.2119425e-01  -1.3505496e-01   3.5855785e-01   2.0873264e-01   1.5542390e-01   6.0344616e-01  -2.0167938e-01   2.3042448e-01   2.1922667e-01  -2.2343467e-01  -1.1658434e-01  -4.7076919e-02   4.7229436e-01   5.3022545e-01   6.4038886e-01   2.9653589e-01   1.1543600e-01   4.2518501e-01  -1.2637636e-01  -6.8829112e-02   3.3433477e-01   5.9168208e-01  -8.1952656e-02  -2.9142843e-01  -3.4944169e-01   1.7545472e-01   2.9742331e-01  -2.2453002e-01   7.4971048e-01   2.1225830e-01   1.3141629e-01   2.3925316e-01   2.0580437e-01  -1.5352957e-01   2.5169679e-01   3.6568969e-01   2.4923409e-01   5.8841538e-01  -2.8259814e-01   2.3565805e-01   2.1583826e-02   8.7038465e-02  -8.7390159e-02   5.8937231e-01  -1.1801458e-01   6.8399769e-01  -1.4629071e-01   1.1287452e-01   6.0355150e-02  -2.2905098e-01   4.1483256e-01   2.5245127e-01  -1.7643893e-01   8.6500045e-02   2.4036036e-01  -2.0890716e-01  -2.1265918e-01  -1.1526982e-01   1.2588629e-01  -3.0806284e-01  -2.0824879e-01   1.1021383e-01  -2.1723601e-01  -3.4889093e-01  -3.6444254e-02   2.1504658e-01   2.7895690e-01   2.9056546e-01   7.6149223e-02   3.6450279e-01   1.1916891e-01  -1.3138732e-01   5.1291205e-01   4.7489381e-01  -1.9012457e-01  -1.5639160e-03  -1.6355679e-01   5.6378303e-03  -3.3765457e-01  -1.1585640e-01   2.1485038e-01   4.5396757e-01   1.1975487e-01   2.3087171e-01   4.9284604e-01   6.3013338e-01
  -7.2759552e-02   3.2789328e-01  -1.9809740e-02   1.1099695e-01   0.0000000e+00  -3.2887156e-01  -1.2480576e-01  -3.6627473e-02   5.9604665e-02   2.0840945e-01  -3.0064292e-02   1.1002890e-01   5.0187424e-01  -4.0087538e-01  -2.2575356e-02   1.1894697e-01   2.2400135e-01   1.0086849e-01  -2.3132998e-01   8.5578081e-01   9.4283642e-03   5.0973159e-02   1.0362434e-01  -5.8606522e-02  -1.3560078e-01  -2.0728972e-01   3.9508376e-01  -1.5106065e-01   2.3553853e-01  -1.6050282e-02  -1.3432040e-02   2.3778942e-01  -2.2130927e-02  -6.0717160e-02  -1.8809892e-01   5.5017918e-01   3.7524315e-01   5.0459340e-02   3.2149878e-01   2.4140908e-01   3.4031178e-01  -5.1751338e-02   9.1116431e-02  -1.5538141e-01   1.2952026e-01  -9.7755214e-02   2.0383246e-01   9.3575579e-02   3.0458943e-01   9.0524917e-02   2.0267075e-01  -5.8053458e-02   3.4661361e-02  -1.4915576e-01  -1.0274552e-01  -4.5539546e-01  -2.2518479e-01   2.7167312e-01   3.4094347e-01   6.7496361e-02  -8.2265575e-02   2.9873455e-01   1.2207684e-03   7.2148607e-02   1.7682384e-01   1.4353996e-01  -3.7310324e-02  -1.3991863e-01  -1.2441864e-02  -2.6257019e-02   1.4237695e-01  -3.0988741e-02   4.4809013e-01  -9.5051140e-02  -1.8252974e-01   2.1045154e-01  -2.7802701e-01  -3.0347703e-01   6.9207810e-01   6.1520110e-02  -2.5070241e-01   1.6944946e-01  -1.3911028e-01  -2.0821981e-01  -1.9254086e-02   3.2452682e-01  -1.2783425e-01  -2.3639368e-01  -1.2376222e-01  -4.2323390e-02   5.2424729e-01  -1.0411024e-01  -1.9062821e-02   4.4695926e-02  -2.2723514e-01   7.6663729e-01   9.1909531e-03  -2.5219968e-01   2.8795943e-01   2.6786345e-03  -2.5614654e-01  -2.2429844e-01  -1.8228823e-01   2.3347393e-02   1.4335816e-01   2.7959150e-01  -1.4962060e-01  -1.5596819e-01   1.9548736e-01   8.5104272e-02  -2.5821892e-01   9.3804476e-02  -6.6772631e-02  -2.6257316e-01  -2.0597543e-01   3.1973803e-01  -6.4118061e-02   2.2392187e-01  -4.6745852e-01   1.8707494e-01  -2.0348306e-01   6.6535295e-01  -4.0707156e-04   1.9878254e-01  -1.7952565e-01  -1.8334923e-01   1.9418000e-01  -2.0017963e-01   2.0946293e-01  -3.2206646e-02   2.6034492e-01   1.8187486e-01   1.9369594e-01   1.5432500e-01   3.1374098e-01   8.9507699e-02  -1.4091570e-01  -7.1399672e-02  -6.9146306e-04  -2.2082043e-01  -7.7850998e-02   3.4605089e-01  -1.7374402e-01  -4.2829803e-01   9.8912565e-03   3.4048165e-02  -3.2574143e-02   2.3469286e-01   7.4673039e-02   2.1061387e-01  -1.7060253e-01  -2.7975810e-01  -1.5535029e-01   5.8360314e-02  -6.1677568e-02  -1.2867408e-01  -1.9367070e-01  -1.6536271e-01  -2.2537092e-02  -1.2224096e-01  -6.6346982e-02  -1.5276970e-01   3.2450355e-02   5.3475440e-02   2.9054321e-01   3.4022600e-01  -7.0993320e-02  -1.5320867e-01  -2.3905691e-01  -6.6392435e-03   2.1372343e-01  -2.5834511e-01   1.8807723e-01  -4.8277127e-01  -2.9031435e-01  -2.3907074e-01   1.8871476e-01
   1.1776498e-01  -1.9932665e-01   8.5468851e-02   5.1472041e-02  -3.2887156e-01   0.0000000e+00   2.8006190e-01   3.1318721e-01  -2.3945282e-02  -1.0109744e-01   2.1020109e-01  -3.0880911e-02  -1.3415517e-01   1.3186874e-01   2.5236722e-01   1.6674598e-01   2.1823342e-02   1.8750513e-03   4.0100875e-01  -1.0838248e-01   2.0244766e-01   3.8090310e-01   7.7648195e-02   1.3165568e-02   2.4971868e-01   4.5319864e-01   1.3787315e-01   2.8186488e-01   5.5176899e-02   8.2223177e-02  -9.0118180e-03   5.4840722e-02  -1.2628026e-01   3.2915071e-01   1.9242866e-02  -8.5818444e-02  -1.0823419e-01  -3.2386954e-01   2.7565431e-03   2.6247697e-03   8.7688464e-03   4.7980058e-02  -5.9312480e-02   2.2950129e-01  -5.1490865e-02   9.5308889e-02   3.2848732e-01  -3.0734068e-02  -5.5812174e-02  -5.3530698e-04   5.3163761e-02   2.6639203e-01   1.5470827e-01  -6.0434765e-02   6.8606285e-03   3.3348941e-01   6.0612016e-01   1.2418198e-01   1.3930928e-01   2.7983953e-01   6.8047907e-02   8.8133144e-02  -1.2415279e-01  -2.8492666e-02  -3.8334741e-01   2.2681353e-01   7.7617249e-01   1.5098236e-01   4.5782755e-01   3.0997953e-01  -2.1399288e-01   1.2929266e-01  -1.1199615e-02   5.9869824e-02   1.6832619e-01   7.0757998e-02   2.4624503e-01   2.7260812e-01  -3.5535787e-01   6.9438636e-02   3.8922751e-01   9.1365938e-02   2.2935277e-01   4.9636985e-01  -1.1807227e-01   3.8835222e-02   1.7909556e-01   1.7486080e-01   9.9230087e-02   3.3882287e-04  -3.1854529e-01   1.9087149e-01   1.4159367e-01  -2.7075190e-01   9.2839909e-02  -2.0781037e-01   1.6223197e-01   2.0415568e-01   1.7434667e-02  -1.1417815e-01   2.1721039e-01   3.6066751e-01   2.6582714e-01  -7.1909019e-02   2.0969399e-01   2.7275066e-02  -3.9769598e-02   5.3290438e-01   5.4183239e-03   2.8387637e-01   3.7096790e-01   3.0263688e-01   1.8135780e-01   1.1040677e-01   2.4721200e-01  -1.9279095e-01   1.1183603e-01  -1.2597609e-02   2.7120108e-01   3.0553727e-02   2.4791161e-01  -2.8040970e-01   4.4933945e-02  -2.1424516e-01   3.8719428e-02   4.0272499e-01  -1.4137365e-01   7.2693539e-02   2.1967579e-01   1.1646388e-01   1.2543721e-01  -2.4770853e-02   1.6545299e-02  -2.7073310e-01   5.4519028e-03   1.7562871e-01   6.4641998e-02   1.4814415e-01   3.8536795e-01   1.0570954e-01   1.1577296e-01  -5.6504891e-02   5.9073099e-02   2.9998628e-01   9.7440091e-02  -2.8369328e-02   3.3717409e-02  -2.5009772e-01   2.5172977e-01  -3.6668045e-01   7.3745912e-02   2.4235693e-01   8.5172772e-02  -2.9748996e-02   1.7226305e-01   1.4289418e-01   3.0058753e-01   5.0059482e-02  -6.8904874e-02   4.0424471e-01   1.4001514e-01   2.4253073e-01  -1.6029745e-01   9.0510491e-02   6.8511008e-02  -2.4907710e-01   3.5957346e-01   2.3906691e-01   1.4340841e-01   1.1765354e-01  -1.1572204e-01   5.5138120e-03  -1.5178519e-01   5.3423817e-01   2.8312878e-01  -2.3355245e-04   1.4658418e-01
   1.1183005e-01  -1.7008427e-01  -3.0070876e-01   6.6127736e-02  -1.2480576e-01   2.8006190e-01   0.0000000e+00  -1.7483092e-01  -1.1565131e-01   2.4639654e-01   3.1077809e-01   1.2364076e-01  -8.2708962e-02  -6.0034398e-02   3.2750351e-01   1.1315843e-01  -4.3013728e-01   2.4003548e-01  -2.7572760e-02  -1.8281653e-02   3.5450242e-01   4.3896397e-01   6.3232041e-01  -1.3899661e-01  -8.6039720e-02  -2.5263362e-01   8.7052884e-02  -2.5607033e-02  -1.4797264e-02   4.1210986e-01  -5.2363910e-02  -4.5940870e-02  -5.1550024e-02   4.8272136e-01   4.3846598e-01   1.9845668e-01  -6.5331958e-02   3.0363995e-01  -9.4977172e-04  -1.5513356e-01  -7.5823424e-02  -4.3494841e-02  -4.8135696e-01  -2.6058816e-01   4.7503224e-01   3.6258181e-01   3.1233486e-01   1.3841887e-01  -7.0429600e-02  -3.8797226e-01   3.8345367e-01  -4.0802925e-01  -2.8102796e-01  -3.4978204e-01  -5.0735351e-01   1.3618605e-01   6.7478762e-02   2.3718224e-01  -8.7334012e-02   3.9182804e-01  -1.8549615e-01   1.7779012e-01  -4.1895812e-01  -1.8056002e-01  -2.4031183e-01   6.0042037e-01   1.7835031e-01  -1.0149311e-01  -9.3527651e-02   4.0809600e-01  -4.4841789e-01   3.7646425e-01  -5.0928498e-02  -2.9448112e-01  -1.7253319e-01   2.0165229e-01   1.5723433e-01   3.6822714e-02   5.5982505e-02  -1.2054810e-01   4.0666919e-01  -5.5394361e-02  -8.4802549e-02  -9.3542924e-02  -4.5529716e-01  -1.2223058e-02   8.1844802e-02  -3.1270165e-01   8.2719333e-02  -3.5769506e-02  -5.3313904e-01  -2.5772255e-01   4.1919768e-02  -3.7429003e-02   3.2510319e-01  -4.3073845e-04   1.5647717e-02  -2.2658628e-01  -1.1072137e-01   4.8136915e-01   9.0331492e-02   3.0989060e-01   1.9015653e-01   1.7553752e-01   3.6846098e-01  -9.3200622e-02  -3.7657360e-01  -1.9094924e-01   2.9696941e-01  -1.1028894e-02   3.4002350e-01   2.8977199e-01   1.2000467e-01   3.8013575e-01   1.5461399e-01  -4.6030471e-01  -1.7891145e-01   6.9461951e-02   7.4889109e-02   1.4839393e-01   2.3009818e-01   4.6800102e-02  -2.0143217e-01  -9.8431233e-02   3.1047915e-01   6.2057089e-02   4.3923587e-01  -3.9102055e-01   5.8980285e-02   1.6869679e-02  -4.1271597e-02   4.3343537e-01  -1.7065284e-01  -5.5450970e-02  -1.9728333e-01   2.3542335e-03   8.2002945e-02   2.5382326e-01   1.0747451e-01   3.9763482e-01  -7.8762396e-02  -1.0385138e-01  -1.5634143e-01   2.5071639e-01   6.3008532e-01   2.9195677e-01   2.4406429e-01  -5.1486310e-02   5.0989984e-01   1.0624890e-02  -1.4588548e-01  -1.7542668e-01  -4.7931734e-01  -2.1297992e-01  -2.3435647e-01   1.5185600e-01   2.4050417e-01   8.6136192e-02  -2.3193480e-01   2.0261948e-01  -1.4455181e-02   3.4385491e-02  -6.3683720e-03   3.8908884e-01  -1.3624112e-01   1.5628723e-01   3.7416854e-01  -2.0518714e-01  -3.0566106e-01  -3.5183309e-01   9.2453818e-02   3.6614675e-01   9.1675891e-02   1.6636810e-01   8.2094599e-02  -1.4026953e-01   2.0427735e-01
   1.9356088e-01   7.7190470e-02  -1.2270113e-01  -1.4102899e-01  -3.6627473e-02   3.1318721e-01  -1.7483092e-01   0.0000000e+00   1.2357240e-01  -3.1072355e-01   3.1562421e-01  -9.7817240e-02   5.2081436e-02  -3.0689791e-01   1.8414014e-01  -4.8240258e-02  -7.5437682e-02  -1.9820259e-01   3.4227086e-01   7.2074997e-02  -1.9372370e-01  -6.1373240e-02  -7.8694179e-02   2.8649668e-01   1.2806824e-01   4.2270916e-01   6.6618391e-02   2.3713814e-01  -2.3987137e-02   7.3078078e-02   1.0423918e-01  -4.7353711e-02  -3.1714133e-01  -2.9832194e-03  -2.1028816e-01   1.1849400e-01   3.8172747e-03  -3.0055506e-01   4.7759652e-02  -6.1257611e-02   1.1596594e-01  -7.1454991e-02   2.4100350e-01   2.4111480e-01  -1.7372628e-01   1.3066558e-01   2.8774526e-01  -1.3245585e-01   1.0485486e-01   4.9219635e-02  -1.0895245e-01   6.8912331e-01   3.5011907e-01  -1.5488734e-01   2.2243250e-02   1.8793253e-02   8.6398555e-02   7.4979975e-02   1.3750329e-01   2.1594749e-02  -1.8203898e-02  -2.7561273e-02  -8.2765399e-02   4.0262704e-01  -1.9657753e-02  -8.3059807e-02   1.8312297e-01   4.2022851e-02   4.3849360e-01  -1.1185031e-01   6.3331629e-02  -4.2734968e-02   1.1867792e-01   4.1666846e-02   6.5564327e-02   1.2616966e-01  -2.6717515e-02   1.5685263e-01  -3.2313733e-02  -1.7287897e-02   1.9737664e-01   1.6412413e-01  -3.5454654e-02   4.9451930e-01   2.8419009e-02   2.6479188e-01  -2.3369165e-01   1.4363368e-01  -5.2746917e-02   3.2551784e-01   2.1335971e-01   9.1868824e-02   1.2074015e-01  -1.9063633e-01  -2.2313442e-01   9.6341680e-02  -2.6011644e-02   3.8681983e-01   9.8317560e-02  -3.2341325e-01  -1.7131733e-02   3.1728825e-01  -1.0733910e-01  -1.5756800e-01   1.0103265e-01   4.4534006e-03  -1.5870930e-01   6.0880696e-01  -1.6477164e-01   2.9469714e-01   8.0155968e-02   6.7002732e-02  -1.3135219e-01   1.1252351e-01   6.6235029e-02   3.2437671e-01   8.4012834e-02   5.0822593e-02  -3.1939931e-02  -2.3002836e-01   2.0236151e-01   1.1235891e-02  -7.6856940e-02  -1.1147913e-01   1.3407800e-01   1.1445878e-01  -2.4330481e-01  -5.1522570e-03   1.5760185e-01  -5.4325833e-02   8.9941250e-02   1.1587538e-02   1.5222013e-01  -3.5006744e-02   4.1932859e-02   5.1986287e-01  -8.8516346e-02  -4.6112987e-02   4.6138305e-01   5.1586881e-02   1.4449611e-01   2.9947617e-02   3.1492654e-01  -2.8381603e-01  -1.4839884e-01  -9.5173576e-02  -7.9414481e-02   1.6191871e-01   1.5018613e-01  -2.0422570e-01   1.1431192e-01   2.7150568e-01   1.4011213e-01   3.5592963e-01  -9.6457263e-02   3.1617494e-01   7.8661399e-02  -6.2421320e-03  -3.9575591e-02   2.2647390e-01  -8.0523461e-02   4.1716389e-01  -7.3834741e-02  -9.2121609e-02  -1.5304024e-02  -7.9078965e-02   2.2813295e-01   4.3545681e-01   2.0909361e-01   3.5654212e-01   5.4091336e-02  -1.4357677e-01  -5.8836145e-02  -7.8022591e-02   1.7300139e-01  -1.2963750e-01  -1.0714024e-01
   1.5475027e-01   1.1081962e-01  -2.5571489e-01   1.6300377e-01   5.9604665e-02  -2.3945282e-02  -1.1565131e-01   1.2357240e-01   0.0000000e+00  -2.5778984e-02   1.0105806e-01  -7.5992769e-02   2.2284687e-01   7.7218667e-02   1.4641723e-01   1.2954669e-01  -1.8187897e-01  -3.9738363e-03   2.2579151e-02   3.3585883e-02  -1.8815749e-01  -3.1226943e-02  -1.7846520e-01   2.3778547e-01   3.3473245e-01  -6.3130825e-02  -4.0686619e-02   9.7172822e-02   5.5289569e-02   1.7510916e-01  -8.1172017e-02   5.4459820e-02   3.5408557e-02  -9.6716862e-02   2.9814447e-01  -7.2810803e-02   1.7141724e-01  -2.5993479e-01   1.3109659e-01  -1.3824866e-01   2.7830396e-01  -1.0933924e-01   2.6193974e-01   3.7888027e-02   2.5573181e-01  -7.0770399e-02  -9.5778031e-02  -6.3746726e-02   2.2677308e-01  -1.8394052e-02   8.5041851e-02   6.2978392e-02   5.9384761e-02   1.2665772e-01   1.6933541e-01  -2.1616212e-01  -2.7102915e-02   8.3145324e-03   3.8652804e-02   2.2849634e-01   9.6301864e-02   2.9657863e-01   3.5382275e-01   3.4152805e-01   4.4311061e-01  -8.8536385e-02  -1.1232227e-01   4.0984961e-01   1.5517248e-02  -1.6973902e-01   1.9298676e-02   2.7535501e-01   3.7409312e-02  -1.9622634e-01   1.3501021e-01   8.9126225e-03   1.8350099e-01   3.7551933e-02   3.6337758e-02   3.5901712e-01  -1.2472585e-01  -1.4580488e-02  -7.2742975e-02   8.5573232e-02  -1.2523880e-01   1.5423982e-01   2.0870655e-01   1.9595309e-01   4.1220461e-01   9.0412936e-02   6.1026650e-02   1.6007784e-02  -3.0071148e-02   5.6845982e-01   1.7661428e-01   2.4587416e-01   3.3134890e-01   2.0576234e-01   1.8828758e-01   6.2994654e-03  -1.8489656e-01  -1.8458844e-03  -2.2557743e-01   3.2863192e-01   1.2638752e-01   1.6507277e-01  -2.2704670e-02   1.7220705e-01   8.4781053e-02  -1.3254085e-01  -6.2804649e-02  -8.2724391e-03   3.5599701e-01   1.3190891e-01  -2.5713495e-02   8.7168770e-02   9.4411658e-02   9.1062724e-02  -2.7236025e-02   2.0040577e-01   1.5751912e-01   5.2272281e-02   4.9460155e-01   2.6524701e-01  -2.0572874e-01  -5.9646055e-02   1.4050815e-01   1.9298657e-01   1.9441406e-01  -1.4937940e-01   2.4234535e-01  -7.7415433e-03   2.7715446e-01  -4.7663013e-02   3.9308777e-01   1.9374014e-01   1.1814669e-01  -5.0121989e-02   2.2843157e-01   2.8302702e-01   1.2632507e-01   8.6174985e-02   3.2430806e-02  -1.5473490e-01  -3.8335724e-03   5.1985302e-02  -1.0634588e-01   1.2273736e-01  -9.8568474e-02   1.5753678e-01  -3.9270498e-02   3.3138266e-03   5.4369394e-02   3.5876742e-01  -1.1147944e-01   2.5837961e-01   1.6546372e-01   2.5334400e-02   7.4334003e-03  -1.2428027e-01   5.0545799e-01   3.2874668e-02   9.5714919e-02  -4.5894196e-02  -3.1864688e-02  -3.2737728e-03   2.0181386e-01   8.6541943e-02   4.8282623e-02   7.9424093e-03   1.4038307e-02   7.2291755e-02   3.9551637e-01  -7.6857559e-02   7.5884855e-02   2.1360054e-01   2.0709833e-01
  -1.0781292e-01  -1.5871567e-01  -5.7818177e-02   1.3311330e-01   2.0840945e-01  -1.0109744e-01   2.4639654e-01  -3.1072355e-01  -2.5778984e-02   0.0000000e+00  -1.3067477e-01  -1.9847433e-02   3.6663067e-01   2.6555437e-02   6.7968787e-03   1.6659714e-01  -1.0556627e-01   1.5174451e-01  -6.8834296e-02   2.2306859e-01   1.3152982e-01   4.7048211e-02   3.1876394e-01  -1.7275640e-01  -3.0385510e-01  -2.6656212e-01   3.7990748e-02  -1.8803990e-01  -1.0137388e-01  -9.8065682e-02  -2.7713979e-01   1.4485674e-01   1.8815014e-02   2.8466017e-01   2.8783664e-01   9.6786872e-02   2.7073526e-01   1.7678518e-01   9.8077157e-02   1.4723768e-01   1.3565036e-01   9.1425472e-02  -9.7264030e-02  -1.1467517e-01   2.1535508e-01  -5.0835257e-02  -1.2661826e-01   8.3968038e-02  -1.4050004e-01  -1.4142319e-01   2.1164226e-01  -2.9104480e-01  -2.8392643e-01  -2.3791925e-02  -2.3048697e-01  -1.6129174e-01   9.8420827e-02   6.0846165e-04   2.0076293e-01   2.6082502e-01  -1.0328694e-01   3.6427784e-01  -1.9055884e-01  -1.0255577e-01  -1.2033654e-01   3.7815901e-01  -9.2458124e-02  -2.8475073e-01  -3.1493491e-01   2.1733304e-01  -1.2962203e-01   1.4307553e-01   2.6498146e-01  -1.0091084e-01  -6.2361457e-02   1.4520790e-01   3.2057953e-02  -1.7427187e-01   1.2643728e-01   1.2520036e-01  -1.7673158e-02   1.1382330e-01   1.6139040e-01  -3.2542994e-01  -2.9489768e-01   1.6333575e-01   1.5713348e-01  -2.7967842e-01  -1.9029576e-01  -1.5015811e-01  -3.1707260e-01  -1.2773901e-01   8.2502750e-02   8.1112548e-02   1.1362696e-01   6.9521678e-02   7.0604236e-02  -1.2593613e-02   9.9280067e-02   7.2953771e-01  -1.6086295e-01  -6.8062027e-02  -9.8899953e-02   1.8608475e-01   6.6566592e-02   3.4324385e-02  -1.3037785e-01  -3.5068277e-01   3.4250994e-01  -2.8580536e-02   1.7719837e-01  -1.5376292e-01  -8.6424608e-02  -1.0484174e-01  -2.0894604e-01  -2.3026794e-01   1.4701931e-02   1.4415738e-01  -1.6887767e-01   1.9397371e-01  -1.6541550e-01  -1.2370919e-02  -3.8406841e-02   2.9363631e-02  -9.6654997e-02  -6.1967571e-02   1.2614824e-01  -1.2821244e-01   1.4386191e-01   7.9746436e-02   1.6656508e-01   2.2235304e-01  -2.1212664e-01   1.1381981e-01   1.4332655e-01  -8.6837174e-02   1.0981843e-01   2.2726439e-01  -6.7350908e-02   1.2701925e-02  -8.4808339e-02   8.2976925e-03  -2.0712355e-01   3.1292063e-01   5.7441906e-01   8.3788857e-02   3.3416625e-01  -1.5562510e-01   2.6255579e-02   2.8407577e-01  -2.4289315e-01  -2.9007314e-01  -2.9945782e-01  -1.7808979e-01  -6.9145391e-02  -1.2279363e-01   1.6078477e-03  -1.2006613e-01  -9.0053731e-02  -2.2962173e-01  -6.5425028e-02  -2.6816260e-01   3.0446623e-01   1.2796983e-02  -1.7902944e-01   2.2215212e-01  -1.3750253e-01  -2.7377067e-01  -2.7727753e-01  -2.3382283e-01   1.4781653e-01   1.5989218e-01  -1.7880118e-04   1.2602130e-03  -3.1235638e-01  -8.5345702e-02  -4.4171051e-02
   1.4004858e-01  -2.1203027e-01  -2.4189267e-01   6.8348345e-02  -3.0064292e-02   2.1020109e-01   3.1077809e-01   3.1562421e-01   1.0105806e-01  -1.3067477e-01   0.0000000e+00  -5.4856069e-01   8.5197524e-02  -2.7039172e-02   4.2197037e-01   1.9069322e-01  -3.4266751e-01   4.4084336e-01  -4.7648331e-03  -7.5903719e-02   2.8025312e-01   4.1653351e-01   5.0095632e-01   5.0275346e-02   9.3801241e-03   2.7552366e-02  -1.3089531e-01   1.7224917e-01  -1.3413447e-01   5.3182633e-01   1.3122683e-01   1.5093736e-01  -1.3817787e-01  -6.6332740e-02   2.1251827e-01   4.7678290e-01  -5.0360952e-02  -4.2754392e-02   2.3694306e-01  -5.0104858e-01   4.0117688e-01  -5.2305811e-02  -4.3022018e-01   2.5856240e-01   3.1891221e-01   4.1524514e-01   7.3739975e-01   9.7289749e-02   2.4861389e-01  -4.1865043e-01   5.0444159e-01   1.3240262e-01  -2.1895137e-01  -3.3451083e-01  -7.7553425e-02   1.5404694e-01  -6.2260330e-02   4.2403377e-01   1.4413823e-01   8.3458313e-02   2.0436647e-01   2.3242005e-01  -3.9179127e-01   3.7709086e-01   8.8667711e-02   3.2084672e-01   1.5125799e-01   1.9980214e-02   4.8216755e-01  -2.5573430e-02  -1.8909815e-01   4.2688841e-01   2.6749567e-01  -2.1047949e-01  -1.0655302e-01   3.5464559e-01   3.8235283e-01   2.4729355e-01  -1.0211059e-01  -5.5917476e-03   3.9810484e-01   1.1802993e-01   3.7696412e-02   2.4316815e-01  -2.2987862e-01   3.4718584e-01   1.8597313e-01  -1.3397627e-01  -5.3828788e-02   1.5914558e-01  -2.8678578e-01   1.9365689e-01  -3.3005111e-01  -9.5249936e-04   3.5212496e-01   7.5565713e-02   3.0397709e-02  -2.8627098e-02   3.6561078e-02   5.0670475e-02   2.0526051e-01   5.2909621e-01   2.5094465e-01   1.2837799e-01   6.1066417e-01   1.5722599e-01  -3.2777537e-01   1.7319355e-01   1.9836160e-01   4.4274553e-01   1.2749602e-01   4.7805345e-01   1.3280779e-01   2.6067526e-01   2.1878476e-01  -2.7069766e-01   9.3291230e-02   2.3290413e-01   8.4970200e-02   6.9851448e-02   4.7246810e-01   6.4313377e-02  -1.8221080e-01   3.2937089e-01   4.1472524e-01   1.4034847e-01   3.6946849e-01  -2.0344836e-01   2.0470360e-01  -2.4992742e-01   1.7619263e-01   5.5085353e-01  -3.9162222e-01   1.3952625e-01  -1.0518128e-01   4.5265528e-01  -1.9901743e-02   2.2470177e-01   4.3328975e-01   3.5466148e-01   7.9675158e-02   1.4933124e-04   2.2920260e-01  -7.6789632e-02   1.9877466e-01   4.1744574e-01  -1.2038794e-01   3.6256771e-01   3.6917588e-01  -1.9586158e-02   1.1009757e-01   1.6027424e-01  -9.0605323e-02   4.0144492e-01  -6.0174416e-01   2.6208800e-01   3.5825388e-01   1.6972103e-01  -4.3263251e-02   3.3667652e-01  -5.8861235e-02   6.2667090e-01   3.5311163e-01   5.9266131e-01   3.0998548e-03  -3.0754851e-01   6.4037196e-01   2.0464650e-01   7.8272052e-02  -1.7979036e-01  -3.2337511e-01   8.9368102e-02   4.5095385e-01   5.9757483e-02   1.0379148e-01  -1.6638098e-01   2.6839779e-01
   6.9526651e-02   4.5510682e-01   1.2133142e-01  -1.8368656e-01   1.1002890e-01  -3.0880911e-02   1.2364076e-01  -9.7817240e-02  -7.5992769e-02  -1.9847433e-02  -5.4856069e-01   0.0000000e+00  -2.0634718e-01  -2.2365719e-01  -1.3061705e-01  -1.2746063e-01   1.3669715e-01  -4.4201498e-01   4.6757008e-02   2.2837177e-01  -3.6508782e-01  -3.1428750e-01  -2.7971659e-01   1.4045701e-01   2.3325213e-02  -1.5482694e-01   1.7153768e-01  -8.3448361e-03   4.0491266e-01  -1.4771222e-01  -1.7714761e-01  -2.0390546e-01  -1.7455149e-02   4.8472245e-01  -4.9305637e-02  -1.2879975e-01  -1.0455386e-01  -3.9354703e-02  -1.7906459e-01   3.9065960e-01  -3.6254431e-01  -2.1726288e-02   3.4127229e-01  -3.0676122e-01  -9.4429772e-02  -2.1479153e-01  -3.9921248e-01  -3.1172099e-02  -1.9772549e-01   2.8985918e-01  -3.6604818e-01  -1.3635757e-01   2.2062334e-01   3.4256524e-02  -2.8533784e-01  -1.2323514e-01   8.4722170e-03  -2.3066051e-01  -2.2738589e-01   2.8515477e-01  -1.7418581e-01  -2.2439542e-01   2.3899265e-01  -3.4025977e-01  -1.0108983e-01   1.1372621e-01  -1.1730739e-01   5.1951637e-02  -3.9512351e-01   8.4056364e-02   9.8228706e-03  -2.9863889e-01  -1.5143100e-01   1.7654776e-01   7.0879158e-03  -5.9140816e-02  -2.8517544e-01  -1.2805615e-01   3.1487413e-01  -1.2749091e-01  -2.0348490e-01  -2.7349994e-02  -1.7341889e-01  -1.4379419e-01   8.4501190e-02  -1.9255497e-01  -4.0197151e-01   1.8176807e-01   2.2406147e-01  -3.9293589e-02   1.9071198e-01  -2.1802883e-01   7.0335844e-01  -3.9089716e-02  -2.8864818e-01   1.2992245e-01  -1.2011970e-01   6.1189990e-02  -9.4988172e-02  -9.2624933e-02  -1.5056426e-01  -1.9927142e-01  -2.3233729e-01  -1.5294849e-01  -3.2416371e-01  -1.3995356e-01  -9.6868541e-03  -1.0201515e-01  -2.2538767e-01  -3.5970994e-01   2.9319357e-01  -2.9645588e-01  -8.9183571e-02   2.0843513e-02  -5.7709516e-02   2.9641366e-01  -1.2437066e-01  -6.6757020e-02  -4.5370104e-02  -1.7834116e-01  -1.8977888e-01   2.9990422e-01   9.4317482e-02  -4.3322821e-01  -3.0157144e-01   3.9563613e-03  -1.0197029e-02  -3.4845544e-02  -1.8120340e-01  -2.4928266e-02  -1.3507883e-01  -3.2532575e-01   5.5779712e-01  -2.9337328e-01  -2.7336579e-02  -2.0105441e-01  -1.4371759e-02  -3.1220753e-01  -1.8139413e-01  -1.1303772e-01   7.1136373e-02   3.1559219e-03  -2.4763402e-01   1.1143222e-01   3.0568582e-02  -3.5921250e-01   2.7573945e-01  -1.7022200e-01   2.1685787e-01  -1.6507572e-01  -6.6613923e-02  -1.7453339e-01   2.1182047e-03  -1.6416398e-01   5.0902736e-01  -1.4524551e-02  -1.4226934e-01  -1.2999720e-01   1.1266244e-02  -1.1195858e-01   5.8540022e-02  -4.1394190e-01  -4.5397144e-01  -3.9142977e-01  -2.3420013e-02   6.1458602e-01  -1.7436833e-01  -8.4620361e-02  -1.0826549e-01   1.9555076e-01   6.2638352e-01  -1.0548017e-01  -2.6549129e-01  -2.2761083e-01   1.0539931e-01   2.0233657e-03  -1.2342334e-01
  -1.4203289e-01  -8.2988275e-02  -2.5994734e-02   3.1691284e-01   5.0187424e-01  -1.3415517e-01  -8.2708962e-02   5.2081436e-02   2.2284687e-01   3.6663067e-01   8.5197524e-02  -2.0634718e-01   0.0000000e+00  -1.4658872e-01   2.8552446e-03   3.5082395e-01   1.6275413e-01   1.6008744e-01  -1.3690467e-01   5.5426050e-01   2.2621771e-01   1.8602241e-01   2.1889988e-01  -1.0361220e-01  -1.5304370e-01  -1.1876107e-01   1.4497490e-01  -1.3146544e-01  -1.6703897e-01  -1.4822951e-01  -1.7592578e-01   3.6855617e-01   1.3740649e-01  -4.8296276e-02   1.4063845e-01   1.7927257e-01   3.7866389e-01   1.1714869e-01   5.0606602e-01   4.4613793e-02   6.7160318e-01   3.1179914e-01   1.8074943e-01   2.9983008e-02   1.9026304e-01  -2.0555084e-01   1.7067681e-01   2.3467200e-03   1.4659654e-01  -1.6170038e-02   3.4406289e-01  -3.7300054e-02  -1.0534999e-02   5.5776240e-02  -7.2945820e-02  -3.9952899e-01  -9.8249915e-03   2.7712509e-01   4.0090595e-01   2.8257557e-01   9.3596062e-02   5.6996799e-01  -1.1765347e-01   1.5454174e-01   1.7041838e-02   1.4293633e-01   5.2819764e-02  -1.8825076e-01   4.2463147e-02  -3.9584865e-02   4.1718155e-02   3.4179114e-01   5.4039968e-01  -7.2893074e-02  -6.8118514e-02   3.2870517e-01  -1.1084257e-01  -1.6625178e-02   2.9387297e-01   4.4895847e-01  -1.3495098e-01   3.8587726e-01   1.1031293e-01  -1.2078969e-01  -1.7347867e-01   4.6000086e-01   1.2099307e-01  -1.7778697e-01  -2.3015857e-01  -9.5987005e-02   8.3416516e-02   9.3532928e-02  -5.6201001e-02   1.3824909e-01  -6.5528513e-02   3.9570716e-01   2.7258994e-01  -9.4118185e-02   2.3808778e-01   3.3110455e-01  -2.4670258e-01  -1.1426222e-01  -1.7996751e-01   2.0640494e-01   3.5821673e-01   2.0846998e-01  -1.0465662e-01  -9.1081999e-02   3.6365339e-01   1.2087486e-01  -8.5561031e-02   6.4899188e-02   6.5600929e-02  -1.9885530e-01  -1.3621656e-01  -1.7141817e-02   8.2932934e-02   5.8186787e-01  -2.4095863e-01   3.4023982e-01  -2.2362279e-01   2.1668601e-01   1.4514514e-01   1.7715866e-01  -2.4663756e-01   1.3268270e-02   7.8710604e-02   2.6540662e-03   4.8403860e-01  -1.7128112e-02   4.7073691e-01   1.9544165e-01  -8.7385277e-02   1.3302593e-01   5.0812225e-01   2.9038707e-01   3.0412480e-01   1.0742509e-01   3.0441292e-01  -1.1618823e-01  -1.4118948e-01   5.6333349e-01   1.1196917e-01  -1.2022297e-01   1.5321726e-01   1.7792731e-01   1.5590008e-01  -7.6165005e-02   3.9987993e-03   1.4264113e-01  -1.8615742e-01  -2.9158196e-01  -1.1641764e-01  -1.4136808e-02  -2.2668623e-01  -1.7015477e-01  -1.2668698e-01  -7.9917042e-02   1.9546142e-02  -1.7912678e-01   3.1173097e-02   1.0960281e-01   1.3131943e-01   1.6207840e-01   7.2398487e-02   8.1279273e-02   8.7791406e-04   4.3219683e-02  -1.3196509e-01  -1.2588108e-01   1.1730024e-01   5.7728755e-03   1.5791812e-01  -1.4897379e-01  -2.7305340e-01   2.8259432e-02   1.2760767e-01
   1.8059777e-01  -2.7334904e-01   1.7644667e-01   2.2190668e-01  -4.0087538e-01   1.3186874e-01  -6.0034398e-02  -3.0689791e-01   7.7218667e-02   2.6555437e-02  -2.7039172e-02  -2.2365719e-01  -1.4658872e-01   0.0000000e+00  -3.7290174e-03   1.3120588e-01  -4.4715093e-02   2.3956685e-01   7.5166264e-02  -3.6837931e-01   2.1588014e-01   1.2439545e-01   1.5813979e-02   6.1285882e-02   1.7589958e-01  -4.9092934e-02  -2.7027277e-01   2.0823467e-01  -9.8336087e-02  -1.1795395e-01  -5.9081891e-02   8.7351371e-02   2.1547230e-01  -1.6292399e-01   1.9160848e-01  -2.6805464e-01   1.9336474e-02  -1.6364913e-01  -5.8956336e-02  -2.6039811e-01   1.1597613e-01   1.9113748e-01  -1.8060501e-01   2.4119024e-01   1.6517521e-01   4.6789885e-02  -5.9950826e-02   1.1510028e-02  -2.0944215e-02  -1.2436817e-01   1.0237104e-01  -1.9135326e-01  -2.2214084e-01   2.8071273e-01   2.7061213e-01   4.7914010e-01   2.1657626e-01  -1.7232862e-01  -6.4524534e-02  -1.1284725e-01   2.5229476e-01   1.3214351e-01   4.6674400e-02  -1.8101141e-01  -5.0863068e-02  -3.8348180e-02   1.1640415e-01   1.6492010e-01  -4.7958086e-02   6.0129593e-02  -2.3336306e-01   1.9956541e-01  -1.0417154e-01   1.2229704e-01   2.7891920e-01  -1.8062256e-01   3.7026799e-01   8.9688294e-02  -5.3481704e-01   1.6620588e-01   1.6094651e-01  -1.6306836e-02   2.2233354e-01  -3.3066807e-02   1.2384953e-01  -2.0266472e-01   3.5690160e-01   4.0422732e-01   6.9930509e-02   4.5122615e-02  -4.6484386e-01   2.2879831e-01  -2.6355216e-01   1.7258314e-01   3.7232502e-01  -3.0049665e-01   2.1223811e-01  -7.0940180e-02  -5.8938410e-03   6.1298656e-02   5.0310188e-01   2.1918572e-01   4.6172434e-01   9.0172054e-02   9.3177106e-02   9.3822278e-02   3.0566742e-01  -1.2249309e-01   7.0628296e-02  -2.0070015e-02   2.0111981e-03   1.9316378e-01   1.8854490e-01   2.1096597e-01   2.9888157e-01  -4.1704726e-01   5.3325742e-02   9.0275732e-02   5.2434203e-01   2.8996050e-01   1.8336075e-01  -3.4625951e-01   1.7245873e-01  -4.9084102e-02  -5.1784976e-02   4.1093683e-01   1.3248742e-01   1.6587179e-01  -6.7827541e-02  -1.4622599e-01   1.8238550e-02  -2.4217803e-01  -1.4798715e-01  -7.9321599e-02  -7.7420945e-02  -3.1016788e-01   2.8086267e-01  -1.0699080e-03  -9.6828910e-02   1.7261343e-01   3.4396837e-01  -1.2953383e-01  -4.4001109e-02   2.5685008e-01  -5.1895621e-02   1.0327978e-01  -2.3777035e-01  -1.9497821e-01  -1.6066188e-01  -2.3054420e-02   3.6243549e-01   3.4427428e-01   3.3803776e-01  -2.0872828e-01  -1.5229778e-01   1.0690329e-02   3.9938145e-01   2.9046730e-01   1.0180219e-01   2.3921840e-01   2.0087932e-01  -8.9813015e-02   1.4913705e-01   1.1589173e-01  -9.1119430e-02  -4.1407953e-01   3.2231705e-02   2.6037407e-02   3.7562773e-01  -2.0898793e-01  -3.6337690e-01   6.8533218e-02   3.2446088e-02   3.5246134e-01   2.4179564e-01   2.8926910e-01   5.6973505e-02
