   0.0000000e+00  -1.6443027e-01  -1.2443610e-01  -9.8286442e-03  -1.7665482e-01  -3.0859906e-01  -3.6936770e-01   1.5432962e-01  -2.4896281e-01  -1.1810756e-01  -1.3387470e-01  -2.8885354e-01  -5.1568329e-02   3.2962360e-01  -6.2873263e-02  -4.8211979e-03  -1.9670314e-01  -2.7366478e-02  -1.2532966e-01  -2.4151514e-01  -7.2596637e-02  -2.2168878e-01  -2.5103383e-01   7.6595163e-01  -1.6459935e-01   2.1957915e-01  -2.5765747e-01   6.3749424e-01  -1.3243327e-01  -3.0063222e-01   1.5673438e-02  -5.3923318e-02   1.9842462e-01  -1.9604161e-01  -1.2730398e-01  -2.2693608e-01  -3.9158568e-02   1.7337356e-01  -6.9421498e-02  -1.2932286e-01   8.8106773e-02   6.5276363e-02  -1.7245228e-01  -5.2994943e-02  -1.3897749e-01  -1.1984481e-01  -2.0306000e-01  -2.6030623e-01  -1.3656925e-02  -1.5381682e-01  -9.9295615e-02   1.3036148e-01  -1.8614866e-02   2.9716840e-01   3.6457175e-01  -2.0203859e-02   2.0794629e-01  -2.0808202e-02  -1.6892249e-01  -2.9455572e-01   2.0833555e-02  -1.4678988e-01   6.2668414e-02  -2.5173892e-01   2.5111162e-02  -2.7837324e-01  -2.9491060e-01   2.5283896e-02  -1.5474018e-01  -3.5841785e-01   7.1367743e-02  -1.4641680e-01  -5.7037609e-02   8.5109376e-02   2.5484355e-01  -6.3222385e-02  -1.6253520e-01  -1.5136413e-02  -5.0957305e-02  -4.5645161e-02   4.7775307e-01   9.7882424e-04  -1.2291740e-01   3.1924402e-01   5.1207493e-01   2.3936952e-01   1.2376882e-01   2.4597367e-01  -1.2796176e-01   8.3284133e-01   1.9839628e-02  -4.0260084e-02  -2.0474047e-01  -2.2371224e-01  -2.5800203e-02  -9.1644743e-02   2.6533813e-02   2.2872176e-02  -1.0334877e-01  -2.3995222e-01   4.3360608e-01  -1.5322665e-01  -1.3063386e-01  -1.2803517e-01  -1.3553116e-01  -1.2498599e-01   2.7765114e-01  -1.4555004e-01   1.1922082e-02  -1.7763014e-01  -1.9342557e-01  -2.3017273e-02  -3.4772331e-02   7.2788107e-01   6.5762838e-01  -7.5026918e-02  -9.3341236e-02   3.3541110e-02   1.2402152e-01  -6.4541742e-02   3.1774585e-01  -1.7341847e-01  -2.4479008e-01  -1.2106064e-01   3.5229149e-01   2.2217696e-01  -1.5020269e-01   1.5111027e-01  -3.6986580e-02  -2.5141395e-01  -1.8798388e-01  -2.5274745e-01   1.3752855e-01  -6.9270229e-02   1.2481301e-01  -6.5035428e-02   4.5819741e-02   2.6403534e-01  -2.7782893e-02   3.4249581e-01   7.3831608e-01  -1.2523868e-02  -1.2778589e-02  -2.7300396e-01  -3.1865777e-01  -5.3638614e-02  -4.6143384e-02  -1.4250035e-01  -2.0033037e-01   2.2876250e-02   6.2364430e-01  -1.3952097e-03   5.0722122e-01  -7.2854700e-02  -1.3720030e-01   6.1680156e-01   1.1138808e-02   6.2651167e-02   2.3487131e-02   1.2625570e-01  -1.8690942e-01   6.2751757e-02  -8.7667845e-02  -7.1869305e-02  -1.3070479e-01  -1.3386191e-01  -2.6268121e-01   4.9468581e-01   2.7895284e-01  -8.7940590e-02  -4.9696810e-02  -9.0181362e-02  -1.0121837e-01  -1.9862746e-01   1.6717080e-01   2.6044544e-01  -9.7220506e-02
  -1.6443027e-01   0.0000000e+00   1.4718294e-01  -2.1650533e-01   4.3612797e-01  -8.4929541e-02   2.2737827e-01  -2.2757234e-01   5.6023417e-01   2.7369653e-02  -5.0816634e-01   5.0204818e-01  -7.3457631e-02  -2.1921264e-01  -1.6609501e-03  -1.3348981e-01   2.9739759e-01  -4.2172300e-01  -1.5423484e-01   3.1468251e-01  -4.6535465e-01  -1.2670079e-01  -4.2689050e-01  -3.1669101e-01  -6.2572796e-02  -3.4648985e-01   2.5278411e-01  -3.0257965e-01   1.0159766e-01   4.6654263e-02  -1.1593421e-01  -3.0286069e-01  -1.0310464e-01   1.0370349e-01   4.1446994e-01   2.6696285e-01  -2.6351874e-01  -2.6958524e-01  -1.3075043e-01   3.1972170e-01  -9.9779643e-02   2.5129829e-02   5.4820484e-01  -4.7702729e-01  -4.2186249e-01  -3.3985245e-01  -1.1521082e-01  -3.0016428e-01   1.4525165e-01   2.7915595e-01  -4.7884419e-01  -1.1212150e-01   1.0418550e-01  -5.9920610e-02  -2.0832049e-01  -4.3788643e-01  -4.7187413e-01  -1.4701287e-01  -1.2008244e-01   4.8830548e-01  -3.4199237e-01   2.1259252e-02   6.2573837e-01   9.3212087e-03  -2.2226687e-03   3.1521337e-01  -1.2118744e-01  -6.5957888e-02  -2.5737752e-01  -3.9384641e-02   4.4152533e-01  -3.6049272e-01   1.4492817e-01   1.9768292e-01   2.5928722e-02  -1.7587833e-02  -1.5116515e-01  -2.3769444e-01   4.9142342e-01  -7.3817112e-02  -4.5488333e-01   8.5122370e-02  -8.6885178e-02  -2.7623656e-01  -2.0365684e-01  -1.5181556e-01   7.2850081e-03   7.3176456e-04   4.8123738e-01  -8.6746264e-02   4.9713513e-01  -1.8078346e-01   1.2017653e-01   3.2849171e-01  -2.8139881e-01   4.2463850e-01  -1.4783223e-01  -1.1683569e-01  -5.5033054e-02  -4.3209496e-01  -3.3685377e-01  -1.9580389e-01  -2.2305742e-01   1.7955044e-01  -3.9893156e-01  -1.0995153e-01  -1.2276898e-01  -1.0673972e-01  -9.4550226e-02  -1.2436755e-01   1.6488666e-01  -2.6889178e-02  -1.8671563e-01  -1.6931577e-01  -3.2031033e-01   6.1728764e-01  -2.7526735e-01  -1.5159690e-02  -1.6134816e-01  -1.8985522e-01  -2.7497514e-01   5.0778894e-01   4.3839786e-01   3.5087829e-01  -2.1414689e-01  -2.2367962e-01  -2.9164251e-01  -1.1294998e-01  -2.3440801e-01   1.4422440e-01   8.6177809e-02   5.0608753e-01  -5.7243950e-02  -6.2434748e-02  -1.5603331e-01  -1.6087836e-02   6.3846129e-02  -3.1328508e-01  -2.4361291e-03  -1.7050331e-01  -1.9690185e-01   1.0663534e-01  -2.6067309e-01   1.2537188e-01   1.4762506e-02  -3.5258045e-01   6.4507401e-02   1.4887555e-01  -1.0762061e-01  -8.8670663e-02  -1.4120312e-01  -3.0458006e-01  -2.0966589e-01   1.4867656e-01   6.4117923e-01  -2.6752109e-01  -1.9108208e-01  -1.3189419e-01  -8.1298634e-02  -3.1728165e-01   3.9265605e-02  -3.5168685e-01   4.1115688e-01  -4.4350451e-01   7.1505758e-02   5.0327784e-01   2.2459783e-01  -1.2341151e-01  -2.5987036e-01   5.6607351e-01   3.9652096e-01  -1.3154881e-01  -2.0197207e-01   2.2093383e-01  -1.0031017e-01  -3.1264131e-02   4.1233345e-02
  -1.2443610e-01   1.4718294e-01   0.0000000e+00  -2.4335931e-01   1.7171218e-01   4.3155315e-01   1.4325981e-01  -7.1861283e-02  -2.7177466e-01   1.4598373e-01  -7.0757617e-02   4.2963281e-01  -1.1135296e-01  -1.5419940e-01   1.7451085e-01   1.5431567e-01   8.0999160e-01  -5.3448496e-02   2.6110965e-01   1.7899641e-01  -2.0433777e-01  -1.6315214e-01  -7.4827065e-02  -1.3986362e-01  -1.9365122e-01  -2.4193382e-01   3.5710567e-01  -9.9036273e-02   6.5038661e-02   5.3125071e-03  -2.5246645e-01  -1.7449488e-01  -7.0220648e-02  -8.6950357e-02  -1.6715104e-01   1.2859483e-01  -1.3322588e-01   6.4509033e-02  -8.3568704e-03   3.2572998e-01  -2.2193208e-01   1.5830783e-01   2.8538857e-01  -3.0800936e-02  -8.6687174e-02  -2.5488086e-03   7.6805479e-02  -1.6033588e-01  -1.3494268e-01   6.2208113e-01  -3.3277192e-02  -1.8566477e-01  -4.0026408e-01   1.6045438e-01  -1.7235663e-01   9.9665615e-02  -7.9913191e-02  -2.1504815e-01  -2.0355590e-01   1.4322064e-02   2.9560808e-01  -7.5886694e-02   7.9478701e-02  -3.1024254e-01  -4.6883039e-01   7.1012193e-02   2.0200511e-01  -1.5546248e-01  -8.7077276e-02   5.8944365e-01  -2.2425142e-01  -1.3528312e-01  -1.2445732e-01   2.3869227e-01   8.2126264e-02  -4.4725947e-02   8.7615292e-02  -1.8277642e-01   9.1449792e-02  -2.8589103e-01  -1.7051238e-01  -3.7135001e-02   1.3391046e-01   5.2804002e-02   1.9076769e-02  -4.2814250e-02  -4.1013114e-01   8.7329211e-02   9.7159178e-02  -3.3928127e-02  -1.8967439e-03   6.4006015e-01   3.8567561e-01   5.3900788e-02   4.2300008e-02   3.0297677e-01  -2.8414550e-01  -2.4506308e-01  -4.7812844e-02  -1.9551758e-01  -1.6408288e-01   2.3375811e-01   6.2170520e-03  -2.4001163e-01  -1.2009173e-01  -3.6532288e-02   3.0255979e-01  -2.8638927e-02  -1.8683016e-01   2.7029640e-01   2.1006468e-01  -9.8205052e-02  -1.6903303e-01  -5.0921531e-02   6.2836769e-02  -1.2837254e-01  -1.5775764e-01  -6.5698693e-03   3.8100564e-01  -2.5073354e-01  -1.9009922e-01   1.1179133e-01   1.4294297e-01  -3.5645008e-01  -2.3941308e-02   4.2302512e-02  -2.9409912e-03  -1.9474014e-01  -1.2251224e-01   4.6456369e-01  -8.4492769e-02  -1.6304178e-01   3.4583027e-02  -2.5691208e-01  -2.2355644e-01  -7.1066948e-02   6.5446453e-03  -2.2231136e-01  -4.8009077e-02   1.1050435e-01  -3.2577788e-01  -1.1208716e-02  -1.0588061e-01   5.8020277e-01   1.9111198e-02  -3.2968007e-01  -5.0125650e-02   6.2415124e-02   2.1963036e-01  -4.1529062e-01   2.0413418e-01   5.2778061e-03   1.5431284e-01  -2.1608727e-01   3.5285894e-01  -2.4461984e-01  -2.0479769e-01  -2.3771977e-01   6.2717458e-01  -1.4480661e-01   2.5151990e-02  -1.4427573e-01  -1.0246078e-01  -1.5822099e-01  -7.7544922e-02  -6.2332966e-02  -1.1248724e-02   8.0875164e-02  -6.7736481e-02   1.3091009e-01   7.6277025e-02  -8.4828800e-02  -2.5850843e-01   5.1621189e-01  -1.2946112e-01   1.9047090e-01  -9.0911672e-02
  -9.8286442e-03  -2.1650533e-01  -2.4335931e-01   0.0000000e+00  -3.1516340e-01  -1.0657561e-02  -1.2974550e-01   6.8048844e-02  -1.8007821e-01  -2.6474575e-01   2.1989195e-03  -2.5702921e-01   8.5214006e-02   4.4962494e-01  -5.5362265e-02  -2.1256315e-02  -2.8116457e-01   4.2778736e-01  -8.3076386e-02  -3.1397264e-01   4.1678210e-01   5.0182183e-01  -3.0720096e-02  -1.2369878e-01   2.7836887e-02   2.7180912e-01  -1.4108481e-01   3.4885266e-02  -1.9168749e-01   4.3309586e-01   1.5593428e-01   5.4736243e-01   2.1387566e-01  -2.7543808e-01  -2.4582284e-01  -2.8514789e-01   2.2244923e-01   1.9628340e-02   3.4561180e-02  -2.0360463e-01   4.1469200e-01   9.7173052e-02  -2.2710104e-01   3.2570992e-01   3.7901115e-01   3.0827877e-01  -3.0407656e-02   3.7424070e-01   1.2603610e-01  -4.7456465e-01   2.9895501e-01   2.3065982e-02  -4.2044862e-02   1.3804830e-01   3.7517872e-01   2.4100392e-01   2.4951354e-01   5.9127593e-01   4.1867848e-01  -2.0902858e-01   2.1761901e-01   1.8833242e-01  -2.8385860e-01   2.5429921e-02   2.4254705e-01  -3.1041444e-01   1.5560138e-01   1.2086591e-01   4.5334305e-01  -4.1547070e-02  -1.7791406e-01   5.5380691e-01   6.6879104e-02   1.4736266e-01  -1.3011727e-01   2.6254119e-01   2.9311772e-01  -1.9972854e-01  -3.4236139e-01   2.3472292e-01   1.5287035e-01   7.2344420e-02   1.0777866e-01   1.1682825e-01   1.1795050e-01   4.8763843e-01   2.8145696e-01   1.4136059e-01  -4.1957430e-02  -2.1025647e-01  -2.6188669e-01   2.5840202e-02  -3.1605176e-01  -1.9705142e-01   3.0123976e-01  -3.6585862e-01   4.0083783e-01  -3.4370840e-01   2.1807537e-01   2.1399199e-01   2.4619570e-01  -3.9508000e-02   6.2555240e-01   1.8139462e-01   5.8231072e-01   6.1057566e-01   7.9337777e-02   1.4602805e-02  -9.5245790e-02  -1.3242025e-01  -2.9521628e-01   4.8030242e-01   7.1862186e-01  -1.1710740e-01   7.1933064e-02  -3.2609008e-01   7.1559412e-02  -1.4102049e-02  -3.2949304e-02   7.8085895e-01   2.9169091e-01  -4.0067773e-01  -2.3461340e-01  -9.9184223e-02   1.2228008e-01   3.9112384e-01   1.6032503e-01   9.6064021e-02   6.3007648e-01  -2.5905072e-01  -2.2271693e-01  -3.1312614e-01   4.0281407e-01   1.9569222e-01   6.8664281e-01   1.9427835e-01  -2.9024088e-02   2.0654139e-01   2.2838135e-01   5.6375077e-02   1.0030451e-01   2.2996668e-02  -3.2179111e-02  -1.2777537e-01  -5.3211375e-02   4.4732040e-01  -1.2956135e-01  -3.6203240e-01  -1.2198367e-01   9.6032233e-02  -6.6511740e-02   3.9335501e-01   9.2314819e-02  -2.8352195e-01  -4.2597262e-01  -7.8803926e-02   2.3841929e-01   3.7871072e-01  -5.3910498e-02   5.9757815e-01  -1.4429247e-01  -9.1105767e-02  -3.4359872e-01   6.2902365e-01   3.3129747e-01  -3.8331736e-01  -3.3785659e-01  -1.0754173e-01   4.4872296e-01  -3.2591867e-01  -3.4777052e-01   2.7926282e-01   2.7274911e-01  -6.3555533e-02   2.8026285e-01  -2.3483494e-01   3.4132452e-01
  -1.7665482e-01   4.3612797e-01   1.7171218e-01  -3.1516340e-01   0.0000000e+00   2.2887580e-01   2.8461895e-01  -2.7679025e-01   4.1344898e-01   6.2715977e-02  -6.3317078e-02   5.6370289e-01   2.5221721e-01  -6.1816469e-01   6.0788535e-02   1.9896936e-01   3.2287563e-01  -2.2137007e-01   2.7088440e-02   8.7263718e-01  -5.2765095e-01  -1.0702676e-01  -9.6258057e-02  -3.1849811e-01   9.3461908e-03  -4.0826641e-01   5.6800227e-01  -2.9572805e-01   6.0273533e-01  -5.3303287e-02  -5.1499486e-01  -3.3124463e-01  -1.8995699e-01   1.9016723e-01   3.6496566e-01   8.9272380e-01  -1.6081919e-01  -3.2102609e-01  -9.1409086e-02   2.5162862e-01   4.5344100e-02  -2.8829537e-02   6.3377179e-01  -4.0349251e-01  -1.2751691e-01  -3.8931293e-01   5.6728936e-01  -4.5193839e-01   2.7477252e-01   3.4241885e-01  -2.5841625e-01  -1.5816517e-01  -2.4410557e-01  -9.1062022e-02  -5.6616532e-01  -3.8413225e-01  -3.9726289e-01  -4.1226045e-01  -1.7581070e-01   6.1484507e-01  -2.9264923e-01   4.1179437e-01   5.9850225e-01  -1.8982918e-01  -3.0572407e-01   6.0330855e-01   1.1542763e-01   1.7021513e-01  -1.7062714e-01   3.0263190e-02  -1.4800476e-02  -1.1803277e-01   2.0825877e-01  -3.3656313e-02   1.1155785e-01  -1.4817845e-01  -2.6394252e-01  -5.0846746e-02   8.6114239e-01  -2.1525043e-01  -4.8357791e-01   3.4395117e-01  -1.1085316e-01  -2.0691297e-01  -3.9244651e-01  -3.4026071e-01  -5.4315067e-01  -1.8858489e-01   3.9299534e-01  -9.8366891e-02   8.3336636e-01  -1.1998565e-01   6.5234001e-01   6.8524650e-01  -2.9105839e-01   8.5667274e-01  -9.1752528e-02  -2.0340380e-02   4.4344923e-01  -2.8307703e-01  -7.0368411e-01  -7.8661212e-02  -2.9787504e-01  -1.3657380e-01  -3.8251408e-01  -1.3550750e-01  -1.7009131e-01   1.1001377e-01  -5.7817495e-02   5.0634406e-01   2.5871831e-01  -1.5698774e-01  -1.4618799e-01  -1.5880150e-01  -4.1097322e-01   6.8468448e-01  -1.2195682e-01   3.4254722e-01  -3.4876902e-01  -2.0319650e-01  -3.4617486e-01   8.6836532e-01   6.4276884e-01   1.8474040e-01  -3.1117996e-01  -4.1910587e-01  -1.4337438e-02  -1.4256367e-01  -2.0968186e-01   1.2380198e-01   4.4220674e-01   6.6184344e-01  -2.5756731e-01  -4.7230410e-01  -3.1127330e-01  -1.2534176e-01   5.8402246e-02  -7.0316589e-01  -8.2592051e-02  -4.0899117e-01  -3.6015029e-01   4.0937295e-01  -9.3950207e-02   8.8094657e-02   1.9155476e-01  -4.3764786e-01  -1.7907568e-01   6.1536665e-01   4.9538412e-01  -4.2052507e-01  -2.7488457e-01  -3.8031765e-01  -2.5855844e-01   3.3734076e-01   4.7837282e-01  -3.2054090e-01  -1.3090476e-01  -1.3194438e-01  -2.1183212e-02  -3.5885145e-01   5.1114650e-01  -3.5811679e-02   3.4257084e-01  -3.9715520e-01   5.2385781e-03   7.2711773e-01   5.5259005e-01  -1.3098284e-02  -4.1072151e-01   6.1798213e-01   7.4713750e-01  -2.0470921e-01   3.0634881e-02   1.4671840e-01  -1.0824519e-01  -1.1616267e-02   3.1432230e-02
  -3.0859906e-01  -8.4929541e-02   4.3155315e-01  -1.0657561e-02   2.2887580e-01   0.0000000e+00   3.3011512e-01  -3.5893294e-02  -1.4533590e-01  -2.1650203e-02   1.8414869e-01   4.3824704e-01  -1.2354641e-02  -2.6376960e-01   1.4862759e-01   2.9054860e-01   4.3860217e-01  -1.4608347e-02   6.8268622e-01   3.9348310e-01  -1.7694206e-01   5.5422508e-02   1.7417046e-01  -2.9010610e-01  -1.7986810e-02  -5.6831025e-02   5.5966648e-01  -1.7341762e-01   3.5882198e-01   1.7612347e-01  -4.7454601e-01  -1.7234058e-01   5.8016251e-03   8.9849409e-02  -2.4931719e-01   4.1334046e-01   9.5100652e-02  -8.6433348e-02  -5.2209569e-02   1.6616321e-01  -1.2793741e-01   1.6617007e-01   2.7683206e-01   8.2459466e-02   2.6104976e-01  -1.0845916e-01   5.0315983e-01   3.0138178e-02  -1.4181494e-01   2.8913525e-01   1.8020773e-01  -1.9015870e-01  -5.4772352e-01   1.3488673e-01  -3.1714475e-01   2.6833146e-01   2.1672908e-01  -2.7305547e-01  -1.4306223e-01   1.3124509e-01  -7.1358679e-02   1.7787683e-01  -1.1112925e-01  -2.9248047e-01  -5.1915909e-01   2.3404554e-01   8.4779771e-01   1.9595287e-01   1.4684901e-01   5.4462753e-01  -4.7841581e-01   1.5268482e-01  -2.1709584e-01   3.2179128e-01  -3.1003144e-02  -2.8942537e-01  -5.1629692e-02   2.0189655e-02   1.3733351e-01  -2.8788898e-01  -2.2996330e-01  -1.8422557e-01   3.3330664e-01   2.0725536e-01  -6.2382382e-03  -1.7044302e-01  -5.1338776e-01   1.1104211e-01  -7.5674522e-03  -1.9628298e-01   8.9071410e-03   2.6904767e-01   7.1239567e-01   2.3140958e-01  -1.2548520e-01   3.2963947e-01  -5.5979488e-02  -1.0506770e-01   1.5587005e-01   1.5755390e-01  -3.2332778e-01   4.6978265e-01   8.9127245e-02  -9.3784738e-02   1.8124559e-01  -5.5918155e-02   3.6856636e-01   4.0881035e-01   1.1489779e-01   6.2819578e-01   4.0908400e-01  -4.3835896e-02   1.1262343e-01  -2.5285571e-01  -1.1086215e-01  -2.8129179e-01  -2.6631742e-02  -2.6747746e-02   3.0481172e-01   3.1650077e-03  -2.3072616e-01   2.3420749e-01   1.3835056e-01  -4.9509285e-01  -2.4107600e-01   1.0364753e-01   2.2582108e-01  -1.7689456e-01   8.4888337e-03   3.6666539e-01   1.1434245e-01  -1.1859097e-01   1.6382084e-01  -4.3192791e-01   4.9839299e-02  -3.1039002e-01   1.1844876e-01  -3.9964347e-01  -2.5945395e-01  -1.7134825e-01  -5.0170100e-01   1.3423766e-02  -5.8363076e-02   6.7361103e-01  -4.3062750e-02  -2.4668323e-01  -7.2541638e-02   6.1563569e-02   5.0262543e-01  -5.5454965e-01   7.6856617e-02   6.3726046e-02   7.5439977e-02  -2.2967620e-01   7.1809836e-02  -2.9781260e-01  -2.0002744e-01  -2.7071100e-02   2.4270674e-01  -1.2658264e-02   2.2424158e-01  -1.2948327e-02  -3.3967008e-01   3.4472003e-02  -1.8270169e-01   4.7352653e-02   2.0426088e-01   8.2088830e-02  -1.1613748e-01   2.0305609e-01   1.6627104e-01  -9.8616547e-02   4.9757877e-03   6.8230322e-01  -1.3655237e-01   1.4020555e-01  -7.2677049e-02
  -3.6936770e-01   2.2737827e-01   1.4325981e-01  -1.2974550e-01   2.8461895e-01   3.3011512e-01   0.0000000e+00  -1.8717880e-01   3.2987257e-01   5.1058098e-01  -9.5078918e-02   7.0741451e-01  -1.5505333e-01  -4.4349865e-01   1.4577799e-02   1.8697351e-01   3.2915055e-01  -2.2716999e-01   1.4928070e-01   4.7863609e-01  -3.5756330e-01  -1.8586114e-01   4.2617268e-01  -4.3105853e-01  -2.3785394e-01  -2.6446929e-01   4.5262805e-01  -3.1345372e-01   4.7295854e-01  -7.7911460e-02  -4.3327466e-01  -4.3449442e-01  -9.8907106e-02   6.2892732e-01   5.8550802e-01   4.7242095e-01  -4.2639578e-01  -2.6583440e-01  -1.4603555e-02   2.7025632e-01  -3.8352770e-01   3.9881291e-02   3.4522999e-01  -1.4300782e-01  -3.5002861e-02  -1.7903305e-01   7.9247877e-02   1.2752326e-01  -3.2454637e-01   2.6289329e-01  -2.4094914e-01  -1.7119896e-01  -5.9967680e-02  -2.1960737e-01  -4.6989525e-01  -1.7054089e-03  -4.2132863e-01  -4.7945341e-01  -2.5147003e-01   5.1321995e-01  -2.9200621e-01   4.4719547e-02   1.1863063e-02  -2.5119508e-01  -4.1494521e-01   7.3927777e-01   1.6120691e-01   2.0928142e-02  -4.1601748e-01   3.9229987e-01   8.4587398e-02  -2.8735507e-01  -1.1585950e-01  -1.0423515e-01  -1.0930881e-01  -3.2186215e-01  -3.2220884e-02   4.8189783e-02   3.5735550e-01  -3.7513843e-01  -1.6562894e-01   3.8352005e-03   5.4716057e-02  -9.3180120e-02  -4.4195543e-01  -3.8917178e-01  -3.3895561e-01  -2.3889741e-02   7.0656688e-02  -2.7583859e-01   2.1844895e-02  -1.6977884e-01   4.9861615e-01   5.1415530e-01  -1.9847105e-01   3.8638810e-01  -2.6672726e-01   1.7841141e-01  -4.6243083e-02   3.3884034e-01  -4.3552311e-01   2.7831405e-01  -2.1137741e-01  -2.5490147e-02  -2.7062588e-01  -1.4554673e-01  -1.9888815e-01   6.5691030e-02  -1.5900285e-02   2.7817928e-01   6.0822054e-01  -4.4676317e-01  -1.7269083e-01  -2.7480199e-01  -2.9426694e-01   1.6370852e-01  -8.5400273e-02  -1.3416121e-01   6.3595458e-02  -2.5336447e-01  -2.5469697e-01   4.5804184e-01   3.0685478e-01  -4.9314837e-02  -3.2299264e-01  -2.5837222e-01  -4.6591423e-02  -2.7810293e-01  -3.1195926e-01   5.2038159e-01   1.4956280e-01   3.7014341e-01  -2.1939760e-01  -3.6489158e-01  -3.0069917e-01  -2.3309026e-01  -1.1372134e-01  -2.7215760e-01  -3.2051636e-01  -1.9449981e-01  -5.0853787e-01   5.0013295e-03  -2.9081923e-01   4.1748425e-01   1.9774869e-01  -3.7323363e-01   5.4056589e-01   3.6475268e-01   2.3200962e-01  -2.9009470e-01  -3.1483553e-01  -1.3555439e-01  -3.2051979e-01   9.2668254e-02   4.5687529e-01  -3.4736858e-01  -1.8320948e-01  -2.9536052e-01  -6.1047100e-02  -3.5740931e-01   3.2709236e-01  -2.0141399e-01   2.5012306e-01  -3.0473238e-01  -3.3201297e-01   4.5200644e-01   4.6859074e-01  -3.8133943e-02  -4.1826345e-01   1.8371748e-01   2.6190867e-01  -9.9882064e-02  -2.4345456e-01   2.2239177e-01  -3.1867642e-01  -1.6034977e-01  -2.3454984e-01
   1.5432962e-01  -2.2757234e-01  -7.1861283e-02   6.8048844e-02  -2.7679025e-01  -3.5893294e-02  -1.8717880e-01   0.0000000e+00  -1.2866197e-01  -2.5804123e-01   1.1424158e-01  -2.8411369e-01  -1.9295231e-01   1.0819029e-01  -2.2196379e-02  -1.0820623e-01  -2.5004481e-01   8.1769681e-02   2.4940026e-01  -2.9471248e-01   4.9173159e-02   4.7615846e-03  -1.3994075e-01   1.9085456e-01  -3.2405430e-02   4.5568496e-01  -1.6781155e-01   4.5459115e-01  -1.8502905e-01   1.0036731e-01   1.2090842e-01   2.3257118e-01  -7.5873569e-02  -2.1761745e-01  -2.6213455e-01  -2.8563389e-01   3.7956800e-02   2.1308907e-01  -7.1276217e-04  -2.5331931e-01  -1.0465898e-01  -3.6228970e-02  -2.1372828e-01   1.1215169e-01   3.6726535e-02   1.6546586e-01  -3.8818493e-02   8.2891652e-02   1.9664467e-02  -2.2472997e-01   1.4117760e-01   5.7778825e-01  -9.8708685e-02  -1.6541722e-01   8.9616723e-02   1.0017369e-01   4.2402184e-01   1.8099270e-01   8.1078784e-02  -1.6711469e-01   2.6896195e-01   1.2428026e-02  -1.8484543e-01  -2.8949863e-02   1.1414087e-01  -2.3020688e-01   6.2084731e-02  -1.3069598e-02   2.9019271e-01  -1.2408401e-01  -1.7201021e-01   1.3273103e-01  -1.9622557e-01   1.5399931e-02   2.1016607e-03   1.2770345e-01   4.1257092e-02   9.7773710e-02  -2.9429664e-01  -1.4036850e-02   3.0412578e-01  -1.2170570e-01  -1.3582661e-03   2.7406807e-01   2.6061798e-01   4.1921139e-01   1.2717904e-01  -3.5765220e-02  -2.5083927e-01   1.9464969e-01  -2.1644593e-01   1.4624853e-01  -1.2519159e-01  -1.5652741e-01   1.1258133e-01  -3.0514491e-01   1.0789886e-01   2.5845560e-01   2.6545370e-02  -1.1257197e-01   2.8314225e-01   3.2625762e-02   5.2020935e-02  -7.1530056e-02   1.8737700e-01   7.9563285e-02  -4.3086868e-02   4.2681052e-01  -3.0745520e-01   3.4660054e-02  -2.0041220e-01   1.8526079e-01   2.1427825e-02   1.7935386e-01   3.8410615e-01  -2.8107413e-01   1.0427016e-01  -1.9123723e-01   1.2360288e-01  -5.0347665e-02   1.0436657e-01  -2.5136134e-01  -2.7447284e-01  -1.8412981e-01   1.7365874e-01   2.4604303e-01  -1.7277241e-01   3.1597483e-02   1.8877393e-01  -1.6750488e-01  -2.8280237e-01  -2.4115337e-01   4.9474227e-02   5.5360959e-02   1.7359483e-01   1.9260476e-01  -1.5499629e-01   2.2171968e-01   2.1536337e-01   1.7351523e-02   2.4163351e-01  -1.4453887e-01   3.1745168e-01   3.2768890e-02  -1.8411168e-01   4.4594993e-02  -1.2260935e-01  -1.3207288e-01   8.4719080e-02   8.7035695e-02   2.9702882e-01   4.9765658e-02  -3.0797079e-02  -3.4583701e-02  -2.8172513e-01   2.2285777e-01   3.0163201e-02  -7.9125162e-02   1.2398085e-01   2.7294766e-01  -1.5467719e-01   2.1321615e-01  -1.3721154e-01   1.9511317e-01  -5.3612108e-02  -2.8464254e-01  -2.8968759e-01   2.7271630e-01   1.9565510e-01  -1.7396139e-01  -2.4105110e-01  -2.1207959e-02  -4.5745755e-03   5.0585084e-02   4.0059319e-02  -4.6167885e-02   2.1131013e-02
  -2.4896281e-01   5.6023417e-01  -2.7177466e-01  -1.8007821e-01   4.1344898e-01  -1.4533590e-01   3.2987257e-01  -1.2866197e-01   0.0000000e+00   3.3119855e-02  -6.3439715e-02   3.2129648e-01  -1.1120862e-01  -2.9115110e-01   3.1457165e-02  -2.2367115e-02  -1.0313843e-01  -2.3572743e-01  -2.1094143e-01   3.1938237e-01  -2.6249174e-01  -1.2957631e-01  -1.0227963e-01  -2.7743914e-01   2.0330657e-02  -1.0461283e-01   2.1677281e-01  -2.4709586e-01   3.5463257e-01   7.4084916e-02   1.1342798e-03  -2.5819232e-01  -1.5714517e-01   1.8120044e-01   5.9201572e-01   3.4701138e-01  -2.1000922e-01  -8.0638443e-02  -6.1810923e-02   1.7055001e-01  -5.0143865e-02  -9.3344611e-02   4.2225371e-01  -3.6078686e-01  -1.9265611e-01  -2.1738902e-01   1.1377020e-01   4.3058044e-02   3.6837774e-01  -2.1098902e-02  -2.2345425e-01   3.2365806e-02   2.6247067e-01  -1.4261919e-01  -2.3479199e-01  -3.8747577e-01  -3.4468081e-01  -2.3523411e-01  -1.3657234e-02   6.1776454e-01  -2.8039092e-01   2.0961816e-01   5.0043031e-01   2.3455111e-01   2.6025199e-01   3.5716156e-01  -1.4713981e-01   2.1841935e-01  -1.5970608e-01  -1.4895767e-01   3.7995915e-01  -1.3264504e-01   2.4134084e-01  -2.3225506e-02   8.5469424e-02  -1.5083707e-01  -2.4493212e-02  -5.6607488e-02   4.0026527e-01   4.5479583e-02  -2.8319583e-01   1.2143009e-01  -1.4481391e-01  -2.8011867e-01  -4.1143371e-01  -2.6366860e-01   2.1000761e-01  -1.5125295e-01   2.1288447e-01  -1.6234020e-01   3.8189650e-01  -3.2440235e-01   3.1004092e-02   4.9790086e-01  -8.1256346e-02   2.9471073e-01   9.9115057e-02   1.0218908e-01   2.2373290e-01  -1.5998391e-01  -3.3264007e-01  -1.5169505e-01  -3.9354616e-01   3.7885785e-01  -2.6849029e-01  -1.6742454e-01  -3.5442650e-01   3.6652360e-02  -1.5686838e-02  -1.4637623e-02   6.8761105e-02  -9.4115616e-02  -1.3144661e-01  -1.8909428e-01  -3.1927023e-01   5.7304840e-01  -9.8663297e-02  -2.9634092e-02  -4.4660266e-01  -8.3762990e-02  -1.7845973e-01   4.2168555e-01   5.0678932e-01   5.9403348e-01  -8.3745093e-02  -2.5444649e-01  -1.1522742e-01  -4.7947010e-02  -2.6933120e-01   2.4680322e-02   2.2383274e-01   6.3040592e-01  -2.3947191e-01   4.2604804e-02  -4.9801208e-02  -3.5740132e-02   3.0039174e-02  -2.1882825e-01  -4.6443529e-02  -2.8107689e-01  -1.3985755e-01   1.0574428e-01  -4.3294451e-03  -2.1795180e-01   1.5698599e-01  -1.6186711e-01   1.2629466e-01   3.7790053e-01   6.3037665e-02   1.6238720e-01  -3.1425184e-01  -3.9104094e-01  -3.2836063e-01   5.2106981e-01   3.3455997e-01  -1.4689847e-01   7.5378932e-02  -8.4616444e-03  -1.9807763e-01  -3.5076196e-01   3.6879255e-01  -1.1245521e-02   5.7235119e-01  -2.2291746e-01   5.6530103e-02   4.2907969e-01   3.3230120e-01  -1.8225694e-01  -3.3914173e-01   2.8558807e-01   2.8528881e-01   9.6788369e-02   2.3910703e-01  -1.5907351e-01  -9.5658974e-02  -1.3297003e-01  -9.8756064e-04
  -1.1810756e-01   2.7369653e-02   1.4598373e-01  -2.6474575e-01   6.2715977e-02  -2.1650203e-02   5.1058098e-01  -2.5804123e-01   3.3119855e-02   0.0000000e+00  -1.3784866e-01   3.1047427e-01  -8.0773208e-02  -4.1339313e-01  -5.4462841e-02   6.4823412e-02   3.4179523e-01  -2.0528402e-01  -3.6969172e-02   2.1057216e-01  -2.6492071e-01  -2.0856401e-01   4.8127066e-01  -9.9090535e-02  -9.2153576e-02  -3.2795999e-01   1.0327020e-01  -2.7414859e-01   1.8047005e-01  -3.8220760e-01  -2.1900371e-01  -3.3074780e-01  -1.8430545e-01   7.0442464e-01   3.9259864e-01   1.4496948e-01  -3.1155344e-01  -1.4250244e-01  -5.8840439e-02   3.0133469e-01  -3.6255313e-01   6.7530955e-02   7.8589834e-02  -2.2266808e-01  -1.1880049e-01  -2.5536177e-01  -3.0671401e-01  -1.0319915e-01  -4.3655016e-01   3.9964382e-01  -3.1037744e-01  -1.7561348e-01   1.2972398e-01  -2.0657276e-01  -4.2202592e-01  -7.4064576e-02  -4.6825592e-01  -2.9756763e-01  -1.4716405e-01   8.5472440e-02  -2.1496395e-01  -1.8202939e-01   3.0271832e-02  -1.9139671e-01  -2.3371168e-01   5.8621371e-01  -2.4199463e-01  -1.3037071e-01  -5.3106750e-01   2.3563553e-01   2.6036388e-01  -5.4433902e-01  -1.2037811e-01  -3.3383160e-01  -5.7767454e-02  -3.2487157e-02  -1.2507770e-01   6.5264008e-03   1.2554222e-01  -6.8534621e-02  -1.4322184e-01   2.2532904e-02  -1.0718192e-02  -2.3117260e-01  -3.5477038e-01  -3.7476339e-01  -2.0607848e-01  -1.2867939e-01  -1.3620814e-02   8.0453179e-03  -6.1352455e-02  -1.6186153e-01   2.3609221e-01   9.3765130e-02  -2.8470934e-01   2.8525091e-01  -3.8298174e-01   1.8565941e-01  -2.5746961e-01   4.8267248e-01  -3.1090846e-01   1.7803163e-01  -3.2065414e-01  -2.8236287e-01  -4.3255862e-01  -1.3256117e-01  -2.4276900e-01  -2.0549715e-01   2.1184738e-01  -7.5000145e-02   6.3489492e-01  -4.2004586e-01  -3.4254201e-01  -9.3728001e-02  -2.2504587e-01   1.3518468e-01   2.6901153e-02  -2.2635612e-02   4.4610206e-03  -4.6544487e-01  -1.3582506e-01   2.1027943e-01   1.7854434e-01  -2.8913208e-02  -1.3735152e-01  -4.8960412e-01  -1.5040437e-01  -1.6773304e-01  -2.8112367e-01   4.2868780e-01   8.1521734e-02   3.0121490e-01  -4.6343926e-01  -1.2152028e-01  -3.5845607e-01   1.8547972e-02  -1.0310080e-02  -1.6602532e-01  -5.3678257e-02   4.1920899e-02  -2.5733361e-01  -3.9783302e-02  -2.9190426e-01   2.1679964e-01   2.5524908e-01  -4.2779489e-01   6.1985240e-01   1.4280867e-01  -1.2103271e-01   8.4372623e-02  -1.8665026e-01  -2.1152560e-01  -2.0710272e-01  -5.9058290e-03   4.9131688e-01  -3.4759137e-02  -2.1771109e-01  -3.0869039e-01   1.8970927e-02  -4.1232784e-01   1.1780799e-01  -1.4414771e-01   4.6653823e-01  -4.6744083e-01  -2.8952278e-01   2.9012683e-01   3.0688630e-01  -3.5883836e-02  -4.6967892e-01   1.3149511e-01   9.2965012e-02  -1.7025025e-01  -3.5907586e-01  -1.8159156e-02  -3.6699157e-01   1.0078079e-01  -1.0742918e-01
  -1.3387470e-01  -5.0816634e-01  -7.0757617e-02   2.1989195e-03  -6.3317078e-02   1.8414869e-01  -9.5078918e-02   1.1424158e-01  -6.3439715e-02  -1.3784866e-01   0.0000000e+00  -2.0002178e-01   3.8933967e-02  -2.0286058e-02   2.8467194e-01   2.1816298e-01  -2.8193855e-01   4.0126865e-01   1.6572240e-01   4.2184677e-02   2.9953345e-01   9.2423387e-02   4.0154718e-01   8.7465244e-02   1.5848601e-01   7.1760729e-02  -3.0389910e-03   2.8004478e-02   2.0432278e-01   1.7001322e-01   1.8693934e-01   2.2792656e-01   8.8398417e-02  -4.3037242e-02  -1.9769268e-01   9.9640937e-02   4.6210223e-02   8.4168412e-02   1.3065270e-01  -1.0231209e-01   2.1765174e-01  -1.8423182e-02  -2.7967481e-01   3.0668057e-01   3.0892384e-01   2.6093831e-01   5.6318856e-01   2.8264035e-01   9.6784399e-02  -1.9419047e-01   6.2956919e-01  -1.0490437e-02  -7.3177974e-03  -1.4316661e-01  -6.1808180e-02   3.6684366e-01   2.3253518e-01   1.8579703e-02   1.4362745e-01  -1.3561843e-01   3.1561457e-01   1.2104751e-01  -3.0647288e-01   3.0250445e-01   1.1426462e-01  -1.4645451e-01   2.3161553e-01   1.2174436e-01   3.8629639e-01   1.4890582e-02  -3.5714201e-01   4.6961198e-01   2.0316538e-01  -2.2611216e-01  -4.8831585e-02  -1.2324539e-01   1.5152450e-01   1.6166097e-01  -2.2619894e-01   6.0667609e-02   1.7500938e-01   6.0169811e-02   9.6314479e-02   7.4857871e-02  -6.3305540e-02  -1.2529480e-02   3.1204787e-04  -7.8779198e-02  -2.1571301e-01  -1.2600573e-01  -2.1087509e-01   1.5062907e-01   8.3643658e-02  -5.2145164e-02   2.4892590e-01  -1.8935570e-01   2.2859881e-01   2.7209342e-03   1.9840650e-01   1.8239343e-01   1.0449770e-01   3.8096674e-01  -4.1749223e-02   1.4968615e-01   3.7228011e-01   5.9013352e-02  -1.2158328e-01   2.4997509e-01  -1.7237154e-01   4.2100538e-01  -1.2769384e-02   8.4765530e-02   3.5323466e-02  -9.1494941e-02   9.3258871e-02  -2.3180452e-01   1.7730217e-01   2.3635256e-01  -1.3918094e-02   1.8614497e-01   1.8813634e-02  -1.9833421e-01  -1.8132510e-01   1.2319487e-02  -4.4412614e-02   1.0453752e-01   2.7003718e-01   1.8176210e-02   8.1826258e-02  -1.2418208e-01   1.5021673e-01  -1.0981856e-01  -9.6905527e-02   9.0969912e-02  -1.0020590e-02  -1.1073308e-01  -6.7742143e-02   1.4040398e-01  -9.4431696e-02  -9.4873568e-02   1.2270071e-01  -8.4884228e-02   5.0894545e-01  -1.4588859e-01   1.8437593e-01   2.5592022e-01  -1.6790766e-01   2.8572262e-01   4.0826622e-01   3.3500864e-02  -3.4490382e-02  -1.3965954e-03  -7.3692089e-02   3.9832748e-01  -4.6256638e-01   1.5373249e-01   2.1282184e-01   2.3333206e-01  -7.2817628e-03   1.0440560e-01   2.6616786e-01   5.5838915e-01  -1.6127342e-01   3.8459963e-01   5.5842354e-02  -2.6741675e-01   1.1774331e-01  -7.3569038e-02   7.8087065e-02  -2.4798336e-01  -1.8881302e-01   1.1618949e-01   5.1097622e-01  -9.4029004e-02  -7.3109392e-02  -2.9261165e-02   2.6168786e-02
  -2.8885354e-01   5.0204818e-01   4.2963281e-01  -2.5702921e-01   5.6370289e-01   4.3824704e-01   7.0741451e-01  -2.8411369e-01   3.2129648e-01   3.1047427e-01  -2.0002178e-01   0.0000000e+00  -3.4269197e-02  -5.7402269e-01   1.6135171e-01   2.3983154e-01   5.5724968e-01  -3.0344821e-01   1.2627441e-01   6.6519555e-01  -6.2745929e-01  -2.2084291e-01   6.6137099e-03  -4.4010905e-01  -2.4549149e-01  -4.1590415e-01   6.2978967e-01  -4.2897890e-01   4.9003012e-01  -1.5247147e-02  -6.3989179e-01  -4.5395412e-01  -4.0284560e-02   3.4902104e-01   4.5319048e-01   6.1937919e-01  -4.2543608e-01  -3.4439993e-01  -5.0170776e-02   4.6082923e-01  -1.9204836e-01   2.4168303e-01   7.1947322e-01  -3.7807922e-01  -1.6234805e-01  -3.5445209e-01   2.5491972e-01  -2.1869420e-01  -1.5689852e-01   5.0446268e-01  -2.7163232e-01  -3.0201151e-01  -2.6666178e-01   2.3250883e-02  -5.5735825e-01  -2.0294193e-01  -4.7634042e-01  -5.1102330e-01  -3.0175875e-01   7.2618215e-01  -3.2279287e-01   1.6627708e-01   2.9406253e-01  -2.8386621e-01  -5.0305272e-01   6.3138626e-01   2.1755851e-01   5.2675310e-02  -3.8037490e-01   4.2029617e-01   2.3694439e-02  -2.6877817e-01   2.4606109e-02   1.9483252e-01   5.8585983e-02  -3.3632770e-01  -1.2857987e-01  -1.4386276e-01   6.1039908e-01  -3.7807358e-01  -4.6911006e-01   8.4836414e-02  -2.9823432e-02  -1.9399305e-01  -4.2253709e-01  -3.8789768e-01  -5.1914570e-01   9.0736956e-02   2.7350165e-01  -1.6370001e-01   3.4203157e-01  -1.1979204e-02   6.6973356e-01   6.5663712e-01  -3.2091406e-01   6.7273005e-01  -2.3605608e-01  -7.7843833e-02   1.0626034e-01  -1.2118931e-01  -6.5681677e-01   2.3573518e-01  -3.5660061e-01   6.0135771e-02  -3.0868836e-01  -1.4818693e-01  -2.3105325e-02   1.0646232e-01  -1.2863617e-01   4.3935416e-01   5.4480153e-01  -3.1343022e-01  -2.2403658e-01  -2.7711114e-01  -3.6623909e-01   3.2780927e-01  -2.9872903e-01   6.2902417e-02  -5.2568990e-02  -3.0018025e-01  -3.4518551e-01   7.1395696e-01   6.0762147e-01  -6.8328963e-02  -3.5677485e-01  -2.2608213e-01  -3.9762264e-02  -2.7301514e-01  -2.9229213e-01   5.2289460e-01   2.1072607e-01   3.7426801e-01  -1.7449190e-01  -5.4190530e-01  -2.9398160e-01  -2.5385731e-01   1.4443822e-01  -6.3539162e-01  -2.7256900e-01  -2.3213013e-01  -5.2724679e-01   1.2726556e-01  -2.7930259e-01   5.2143697e-01   2.2522489e-01  -5.1677019e-01   2.2913483e-01   4.5739153e-01   4.2013076e-01  -5.0008925e-01  -1.9942398e-01  -3.3472717e-01  -1.9148479e-01   7.8671452e-02   6.7213800e-01  -3.9209988e-01  -2.1921943e-01  -1.9936832e-01   1.1259905e-01  -4.6623227e-01   3.1225699e-01  -1.6452031e-01   2.0384037e-01  -3.6326847e-01  -2.2040547e-01   6.2501717e-01   4.9513389e-01  -8.9871652e-02  -4.3001052e-01   4.0821792e-01   6.1265914e-01  -1.9614326e-01  -2.2014544e-01   4.1468663e-01  -2.4961366e-01   4.4886293e-02  -1.2767082e-01
  -5.1568329e-02  -7.3457631e-02  -1.1135296e-01   8.5214006e-02   2.5221721e-01  -1.2354641e-02  -1.5505333e-01  -1.9295231e-01  -1.1120862e-01  -8.0773208e-02   3.8933967e-02  -3.4269197e-02   0.0000000e+00  -1.1247391e-01   3.6744831e-02  -7.8921764e-03  -1.5935308e-02   9.5365166e-02  -3.6816943e-02   1.9179039e-01  -7.3177137e-02   3.1624213e-01  -1.0272213e-01  -6.3809447e-02   1.1568273e-01  -6.2080662e-02  -4.5060412e-02  -1.4090826e-01   7.7554017e-02   3.5240999e-02  -1.3602602e-01   2.1835993e-01   4.7948960e-02  -1.7206053e-01  -2.1340245e-01   1.5785166e-01   1.0821655e-01  -1.5256754e-01  -1.2846102e-01  -4.8451367e-02   4.1902881e-01   3.8541812e-02   5.6294316e-02   1.3276331e-01   1.0473785e-01  -4.7602597e-02   1.7432172e-01  -1.8556365e-01   1.5129407e-01   8.6148830e-02   1.2846731e-01  -2.3264954e-02  -1.6756724e-01  -7.4539259e-03  -1.4261900e-01   2.7355988e-02   2.1198168e-02   1.3841792e-01  -1.1009384e-02  -4.5500351e-02  -1.7422557e-03   2.2666759e-01   1.0366866e-01   1.0620890e-01  -9.7149106e-02  -4.0270222e-02   2.3873059e-02   7.8417131e-02   1.8680603e-01  -5.7628845e-02  -1.8016233e-01   2.1377913e-01   1.6495650e-01  -7.9505858e-02  -1.6236238e-01   7.2801731e-02   2.4867692e-02   1.4925043e-01   1.5253802e-01   7.3707210e-02  -1.2216656e-01   2.2119576e-01   5.2616316e-03  -7.9142980e-02  -1.2346539e-01  -1.1347053e-01  -2.1208114e-01  -1.1342052e-01   2.9350867e-01  -1.3424312e-01   1.9147020e-01  -6.1494979e-02   1.2092461e-01  -1.8062135e-02  -6.3129359e-03   1.4167751e-01   1.4458879e-01  -1.1767274e-01   7.9290244e-02  -1.2989759e-01  -2.5276021e-01   2.3902729e-02   2.0529701e-01  -2.2789796e-02   6.4597243e-02   1.8318863e-01  -7.8636553e-02   1.0658416e-01  -3.8056594e-03   1.2734813e-01  -7.8750780e-02   1.5846419e-01   1.5841275e-01  -1.6952261e-01  -2.6686291e-01   9.2041340e-02   2.0257274e-01   5.9812897e-01  -1.2106105e-01   3.5123682e-01   2.1354798e-02   1.2898071e-01   9.5560546e-02  -6.4989159e-03  -1.1367174e-01  -1.0507088e-01   9.0132587e-02  -1.9119334e-02   2.5047152e-01  -1.0683000e-01   4.0983897e-01   1.9709841e-02   5.0027873e-02  -1.3896113e-01   7.6839029e-02   3.0811579e-02  -3.1248392e-03  -1.8498292e-01   3.2883137e-02  -1.6923624e-01  -4.4447826e-02   5.7876745e-01   1.3876586e-01  -4.1481627e-02   2.5532008e-02   1.2541992e-01  -2.6650112e-01   8.3815640e-02   8.4480808e-02  -1.2550199e-01  -2.3381316e-01   2.6511109e-02  -4.5621695e-02   8.5318308e-02  -1.7095583e-02  -4.0798118e-02   1.2610857e-01   3.0633769e-01  -1.0783372e-01   1.8657949e-01   1.9503499e-02   2.5154930e-01  -9.1063612e-02   1.1522620e-01   2.0793550e-01   1.3006831e-01   1.6054715e-01  -2.2229021e-01   7.2640257e-02   3.1006748e-02   1.3486234e-01   3.1220093e-02   1.1761901e-01  -1.8266005e-02   1.0056459e-02  -1.6127121e-01   2.0128880e-01
   3.2962360e-01  -2.1921264e-01  -1.5419940e-01   4.4962494e-01  -6.1816469e-01  -2.6376960e-01  -4.4349865e-01   1.0819029e-01  -2.9115110e-01  -4.1339313e-01  -2.0286058e-02  -5.7402269e-01  -1.1247391e-01   0.0000000e+00   4.1781046e-02  -2.4290442e-01  -3.3827473e-01   3.9098874e-01  -1.2174357e-01  -6.9772946e-01   6.3869340e-01  -3.3188874e-02  -2.0900622e-01   2.8142457e-01   6.7673000e-02   3.8191086e-01  -5.6621989e-01   4.3818278e-01  -4.4658024e-01   1.4871749e-01   6.4464864e-01   3.0708329e-01   2.1423658e-01  -5.0845673e-01  -3.6782734e-01  -6.4908942e-01   3.7102642e-01   2.1279544e-01  -2.3442707e-02  -4.0962077e-01   1.7005599e-01  -1.5361591e-01  -4.6402174e-01   5.5667570e-01   2.1241354e-01   2.4752844e-01  -2.6649391e-01   4.1977878e-01   2.1618820e-01  -4.4852495e-01   2.3378895e-01   2.1221726e-01   1.0955981e-01   3.4953377e-01   8.6587410e-01   4.5641689e-01   3.0928913e-01   3.1268683e-01   2.2843114e-01  -5.4399437e-01   2.2797238e-01  -9.2500024e-02  -3.0461285e-01   2.5882338e-01   4.3505519e-01  -6.6064678e-01  -5.9393491e-03  -5.6621715e-03   2.9260133e-01  -2.6799953e-01  -8.5500263e-02   2.5852242e-01   7.0221645e-03   7.6460991e-02  -5.9025609e-02   1.2756254e-01   1.0963993e-01   2.6849047e-02  -6.0767250e-01   2.9346305e-01   5.7324965e-01  -8.2232929e-02   2.0421492e-01   3.3640716e-01   6.0038220e-01   3.9932052e-01   5.4958296e-01   3.4170853e-01  -1.9104095e-01   7.2366894e-02  -4.6424460e-01   5.4768158e-02  -6.1846334e-01  -5.9482820e-01   2.5212727e-01  -6.7418799e-01   2.3796724e-01  -1.9277589e-01  -8.3907637e-02  -2.4527533e-02   8.4753537e-01  -5.2384674e-02   5.2705491e-01   1.4177357e-01   3.5149723e-01   5.5244179e-02   3.8045676e-01  -2.9818235e-01   5.1386412e-02  -3.7276820e-01  -5.6218746e-01   1.0250822e-01   2.8202749e-01   1.6030160e-01   4.9697828e-01  -4.4922489e-01   2.1285133e-01  -1.6299126e-01   4.4653197e-01   4.4144112e-01   2.0990505e-01  -7.0737390e-01  -5.4447329e-01   1.5141762e-02   2.4394931e-01   6.9506496e-01   1.8360237e-01   2.2197089e-01   1.3584368e-01  -3.6536954e-01  -3.4249842e-01  -4.9605890e-01   5.3443275e-01   5.2689369e-01   2.8040824e-01   4.6552594e-02  -6.1805726e-02   7.4008705e-01   5.2256329e-02   3.8379061e-01   4.1705769e-01  -2.8672385e-01   1.7610859e-02  -1.6269471e-01  -2.5000320e-01   6.2187914e-01  -2.6871569e-01  -5.1215791e-01  -4.3994792e-01   3.2199031e-01   2.9114009e-01   6.6104646e-01   4.9106694e-01  -1.8237026e-01  -5.2701262e-01   9.7396285e-02  -6.9355749e-02   2.3533598e-01  -8.0163910e-02   5.0891973e-01  -4.0204048e-01  -7.5754613e-02  -3.4260156e-01   4.4704485e-01  -5.7164249e-02  -6.7512510e-01  -4.8996390e-01   2.1492573e-01   6.7610480e-01  -3.7084098e-01  -5.9355906e-01   8.3299244e-02   2.2982260e-01  -4.3550841e-02   3.0822250e-01  -7.5575566e-02  -2.2341724e-01
