   0.0000000e+00  -3.5062993e-01  -1.2126371e-01   1.0325839e-02  -3.3834183e-01  -2.0936184e-01  -5.5226368e-01   4.0344207e-01  -2.3053902e-01  -1.2564389e-01   2.4777957e-01  -5.1362308e-01  -1.9173137e-02  -4.3749021e-02   1.4650314e-01  -1.0564739e-01  -1.8231520e-01   2.4197478e-01  -1.2324022e-01  -3.3402546e-01  -2.0941529e-01   1.6715386e-01  -1.3895791e-01   7.9693930e-01   1.0953861e-01   5.4448074e-02  -3.5811309e-01   2.1928388e-01   1.2754564e-01   1.6201648e-01  -2.9190264e-01   1.8252741e-01  -1.3047132e-01  -3.7077428e-01  -2.7316082e-01  -2.0733387e-01  -2.8750980e-01   1.0686845e-01  -1.7333481e-01  -5.1013866e-01  -9.6340914e-04  -4.8204914e-02  -1.8581492e-01   1.2251261e-01  -2.3417423e-01   5.4156482e-01  -5.4448108e-02  -2.5029503e-01  -2.6810050e-01  -3.9430586e-01   2.8182566e-01   4.3233732e-01  -4.0329995e-01   9.1749370e-02   2.2001438e-01  -1.8949943e-01   1.1748803e-01   1.9002976e-01  -9.1416127e-02   2.9377659e-01   3.1163615e-01  -7.2553901e-02  -3.6390092e-01   2.7824341e-01  -3.6629601e-01   1.9613880e-01   7.5153925e-02  -6.8212777e-02  -1.5559031e-01   2.0259147e-01  -5.1359219e-01   3.3414247e-01  -1.8030979e-01   4.9154031e-02   5.8427536e-02   1.9076312e-01   3.5991003e-01  -8.8834115e-02  -5.7346318e-01  -1.0123421e-01  -3.0308818e-01  -6.8437562e-02   1.7318532e-01   1.1572124e-01  -1.9662185e-01   6.3475956e-02  -4.1198181e-01   3.1546810e-01  -2.0015654e-01   5.0421249e-01  -3.8033163e-01   2.4771915e-01  -3.3026531e-01   1.1697915e-01   6.0493270e-01  -3.1550483e-01  -5.2389475e-02   1.1931030e-01   3.0949416e-02  -1.4848282e-01  -1.7641482e-01   4.7822232e-01   1.1688090e-01   1.5228189e-01   3.4931350e-01   7.2815822e-02   1.0440816e-01   1.1076387e-02  -2.0571700e-01  -1.8107907e-01   1.4650631e-01   1.5328131e-01   4.5827806e-02   6.5746402e-01  -1.0468828e-01  -5.0741434e-01  -8.0159272e-02  -4.3296907e-02   6.1134651e-02   8.4192268e-02   6.3721996e-01  -4.4514297e-01   3.6700879e-02   6.5908542e-02   5.7949917e-01   4.1332907e-01   1.9851972e-01   7.3751820e-02   1.5540874e-01   2.6707435e-01  -1.4364420e-01  -1.0502790e-03  -1.4141434e-01  -3.7390284e-01   1.5031571e-01   3.4197024e-01   1.3236645e-01  -3.7746893e-01   3.0805867e-01   6.8563454e-01   5.2186661e-01  -5.2806154e-02  -1.9574609e-01  -3.1887861e-01  -1.9180279e-02   1.4529181e-01  -5.6767894e-01   3.2144011e-01   6.7347480e-02  -4.0341940e-01   5.6556702e-01  -1.9499631e-01   3.5174295e-01   1.8658520e-01  -3.6306344e-01   5.9287915e-01   6.5430844e-01   1.0762565e-01   1.9263047e-01   7.1772325e-02   5.9733289e-03  -9.0425615e-02  -1.9729195e-01   2.6480199e-01   9.5943720e-02  -5.2508323e-01   2.1149465e-01   1.6212272e-01   4.6667854e-01  -4.4753465e-01  -5.3377929e-01   3.6316887e-01  -4.6634169e-03   2.6214526e-01   1.2306405e-01  -1.3538614e-02   2.4976404e-01
  -3.5062993e-01   0.0000000e+00   1.8192042e-01  -2.8253038e-01   3.9778952e-01  -8.7311503e-02   3.1241602e-01  -1.0634798e-01   6.4367128e-01  -1.1616939e-01  -3.9468131e-01   5.7590055e-01  -3.5511705e-02  -3.0339982e-01  -5.0786679e-01  -2.6049079e-01   3.5242167e-01  -3.8688784e-01  -6.8102871e-02   2.1375348e-01   2.5068508e-01  -3.2964665e-01  -3.4211218e-01  -2.9882597e-01  -8.1497008e-02  -4.1262974e-03   1.5476167e-01  -2.6175751e-01  -9.8728986e-02  -1.6905584e-01   3.7785215e-01  -9.9703593e-02  -6.2249523e-03  -8.9006260e-02  -2.5573492e-02  -2.2784147e-01   9.6821249e-02  -3.0170691e-01  -9.1105272e-02   6.4850268e-01  -1.3203407e-01   1.0582256e-02   3.0059001e-01  -5.3641860e-03   8.2851134e-02  -3.0930346e-01  -4.5037722e-01   5.3709967e-01   7.0685506e-02   3.9780655e-01  -4.8521617e-01  -3.7619531e-01   5.4726724e-01  -9.6753473e-02  -1.6080978e-01  -3.2231266e-02  -5.2066500e-01  -2.8314762e-01  -2.2012154e-02  -2.6160079e-01  -1.1134675e-01  -6.2716409e-02   6.2089103e-01  -4.3071563e-01   5.9824212e-01  -3.9531866e-01  -7.4818672e-02   1.7054194e-01  -6.1688018e-02  -4.2731303e-01   6.5969797e-01  -4.8473465e-01  -1.3522892e-02  -8.6416734e-02   6.9940331e-02   1.9277328e-01  -1.7772316e-01   1.3399089e-02   7.0008681e-01  -1.8022942e-02  -7.4653281e-02  -1.2758730e-01  -4.3916131e-01  -2.5525638e-01   3.1266335e-01   9.1750202e-02   6.0192444e-01  -4.2205360e-01   5.2230995e-01  -4.0087507e-01   5.2330398e-01  -2.4966026e-01  -9.2818225e-02  -7.1138593e-02  -3.7385691e-01   4.2352223e-01  -9.9635147e-02  -1.8090249e-01   3.9237484e-02   4.7218686e-02   8.9623928e-02  -2.6071763e-01  -3.7600328e-01   1.0497212e-01  -4.1552181e-01  -2.3896960e-02  -1.4631042e-01   1.3111984e-01  -1.5123632e-01  -5.4010163e-02  -5.4835772e-01  -4.1516241e-01   7.3927559e-02  -4.6021458e-01  -4.6858806e-02   6.8988222e-01   5.7832326e-03  -1.1056829e-01  -1.4208708e-01  -2.1355934e-01  -3.2421632e-01   4.0962699e-01   2.1797765e-01   8.2764730e-02  -4.2472550e-01  -4.0356551e-01  -4.1908884e-01  -9.7546742e-02  -2.3410616e-01  -2.1801431e-01  -2.6499040e-02  -3.9256438e-01   6.0554955e-01   6.5444853e-01  -2.6681508e-01  -2.0184816e-01  -1.6152725e-01   1.6910723e-01  -4.7847158e-01  -4.2583209e-01  -3.3274284e-01   1.4392166e-01   3.0118486e-01   7.5743262e-03  -2.8586775e-01  -1.9731452e-01   4.6767825e-01  -3.3678943e-01  -3.2529209e-01   4.0981348e-01  -6.0581219e-01  -2.0981899e-03  -2.3326866e-01  -4.4124252e-01   7.0282456e-01  -3.8893217e-01  -2.7379808e-01  -1.2915271e-01  -4.3434484e-02  -4.2722795e-01  -3.0584373e-02   5.3592426e-02   3.0567263e-01  -3.9312716e-01   4.6972687e-03   2.5211991e-01  -3.9266224e-01  -4.2036153e-01  -3.7023584e-01   3.2634568e-01   5.1747548e-01  -2.0234200e-01   7.8031180e-02  -3.6125630e-01  -2.1162724e-01   2.3150014e-02  -1.9770389e-01
  -1.2126371e-01   1.8192042e-01   0.0000000e+00  -2.9374476e-01   2.5284515e-01   5.8558293e-01   1.0841495e-01  -5.4438850e-02  -6.7131408e-02  -1.6870808e-01  -3.8529586e-01   4.4652660e-01  -2.2140491e-02   2.4639331e-03  -2.1972303e-01  -1.1253004e-02   9.1032078e-01  -3.0094007e-01  -2.5908503e-01   2.9792851e-01  -1.4545963e-01  -1.0476236e-01  -6.0735510e-02  -9.9896709e-02  -4.1337455e-02  -1.5765345e-01   4.7612537e-01  -2.3861304e-01  -4.7927243e-02  -2.3891978e-01  -2.3361128e-01  -2.3714937e-01   1.2703925e-01  -3.5779384e-02   9.8059869e-02   1.4604895e-01  -6.3197186e-02   2.6609511e-01  -5.9568796e-02   4.8476251e-01  -2.6764087e-01   5.3108678e-02   2.2292850e-02  -3.4131203e-01  -8.8319882e-02   4.1396792e-01   8.5558292e-03  -1.0227723e-01   3.8201380e-02   6.0013395e-01  -3.6110565e-01  -1.9920019e-01   7.2023669e-02   2.5409430e-04   7.1854218e-02  -2.8316451e-01   2.3848036e-01  -6.4764540e-02  -2.5082117e-01  -3.7260472e-02   6.0823074e-01  -1.3683562e-01   1.8751010e-01  -3.5075826e-01  -5.2194400e-02  -9.9365514e-02   3.0023016e-01   5.8636811e-02  -8.7419075e-02   4.7361193e-01   2.2115244e-01  -2.4897787e-01  -7.2478841e-02   3.9438694e-01  -1.5333092e-01  -1.0489960e-01   4.4561083e-01  -2.1651782e-01   1.8505388e-01  -2.4527472e-01  -1.1399147e-01   3.6825194e-02  -2.6949832e-01  -1.5157656e-01   6.1285915e-01  -1.7246808e-01   4.6870459e-02  -1.5508558e-01  -7.3157452e-02  -2.6601208e-02   2.2222090e-01   5.4240873e-01   3.5176776e-01  -1.2822609e-01   2.0667786e-01   3.3148792e-01  -1.2454492e-01  -1.0849807e-01  -5.9577143e-02  -2.6795138e-01   2.9755278e-01  -3.4336527e-01  -6.7582825e-02  -5.7170335e-03  -2.6109080e-01  -1.3951304e-01  -1.4110470e-01  -8.9346434e-02   4.7999258e-03   9.7398289e-02  -2.4687458e-01  -5.3525048e-02  -1.7179484e-01  -2.7102524e-03  -7.7118788e-02   6.0379735e-02  -3.3363876e-01  -3.4578605e-02   1.8446638e-02  -9.0037041e-02   9.7169340e-02   2.3427485e-01  -1.5485266e-01  -3.2281606e-01   1.5252850e-01  -7.4638825e-02  -3.1731750e-01  -2.1369904e-01  -3.5862569e-01   4.0082561e-01  -1.1332841e-01  -2.8472675e-01   8.8904019e-02   1.0541396e-01  -2.7343374e-01  -1.6272623e-01  -2.9566060e-01   1.3619726e-01  -3.2165323e-01   1.5652399e-01  -5.7354648e-02   1.3491316e-01  -2.4959025e-01   2.1025093e-01  -1.6713606e-01  -1.8504746e-01   3.6938277e-01  -8.1518306e-02  -6.6750878e-02   6.2248972e-04  -8.3982955e-02  -3.8529984e-02   5.9278164e-02  -2.9654822e-01   4.5285979e-01   3.1867626e-02   1.5288126e-01  -1.9800488e-01   4.7659571e-01  -1.1188055e-01  -7.4568589e-02  -3.5141223e-01   5.0758246e-02  -2.7993731e-01   1.6358319e-01  -1.2967192e-01  -2.7334187e-01  -1.9238410e-01   1.4724271e-01   2.4471202e-01   1.6579962e-01   2.0744808e-01  -3.4886658e-01   8.9739618e-02  -1.6096211e-01  -1.1167956e-01  -6.3278322e-02
   1.0325839e-02  -2.8253038e-01  -2.9374476e-01   0.0000000e+00  -3.6666123e-01  -1.2827899e-01  -4.8205330e-02  -1.2771990e-02  -2.4757227e-01   1.2073372e-01   3.9465079e-01  -2.9202775e-01  -9.9943916e-02   3.4746303e-01   4.8495174e-01   3.4702599e-01  -3.3828891e-01   5.0408156e-01  -8.5707414e-02  -2.7591344e-01   1.1975255e-01   5.5652409e-01   3.7176281e-01   3.6110063e-02   3.0853539e-01   3.2137243e-02  -5.9440459e-02   2.8119392e-02   2.4223361e-02   4.4467572e-01   4.5812136e-02   2.6639694e-01  -4.4693017e-02   2.5604944e-01   1.5895467e-01   1.9797657e-01  -1.2331850e-01   8.1899707e-02   2.1016898e-01  -3.8576218e-01   1.7236136e-01  -1.4360628e-01  -1.3821109e-01   2.4192140e-02   8.7338626e-02  -1.0430082e-01   4.8630972e-01  -8.3634957e-03   5.6775227e-02  -3.0063329e-01   5.6765992e-01   3.0644922e-01  -7.3068413e-02  -1.7662037e-01  -8.9427227e-02   1.9261896e-02   1.1261235e-01   4.6113115e-01   3.1684996e-01   2.8871494e-01  -1.4690718e-01   8.1085054e-02  -3.1516207e-01   3.0924769e-01  -4.3753984e-02   3.4854803e-01   6.0691850e-02  -2.7995369e-02   1.6226968e-01   8.7514539e-02  -3.3429916e-01   6.5497730e-01   2.5349745e-01  -3.2971789e-01   3.0144622e-02  -9.5174236e-02  -1.3702102e-01   8.8596671e-02  -3.3551520e-01   1.1753366e-01   1.5208433e-01   4.1157965e-01   3.2376052e-01   8.0662707e-02  -4.0391944e-01   1.2223698e-01  -1.6942285e-01   2.6080578e-01  -1.2217461e-01  -1.2613303e-01  -3.3991143e-01  -1.2266629e-01  -5.8842501e-02   2.4178107e-02   2.8109098e-02  -4.8410824e-01   2.2643749e-01  -6.8446668e-03   6.6130151e-02   2.0433738e-01  -2.0912550e-01   2.3318634e-01   5.1403520e-01   1.0492382e-01   5.8637343e-01   2.9363297e-01  -1.5617837e-01  -7.2446223e-02   7.0146660e-02  -1.6667297e-01   3.4898227e-01   4.7230889e-01   2.3276763e-01   3.2822327e-02  -1.7105699e-01  -1.4478651e-01   1.4271988e-01   3.4452635e-01   5.7142148e-02   6.0135947e-01  -3.1941297e-02  -3.8541224e-01  -8.8558894e-03   3.7714666e-01  -6.9602224e-04   3.7590467e-01   5.6238520e-01   2.5546592e-02   4.9397073e-01   7.7673872e-02   2.1789823e-01   4.1600681e-01   1.6069124e-02  -1.8135008e-01   4.8145373e-01   2.1234896e-01   3.5693752e-02  -2.1604340e-02   4.9319719e-01   7.3484297e-02   1.3705493e-01  -9.3393703e-02  -1.3303391e-01  -1.1186788e-02   4.4786253e-01   4.7294228e-01  -3.9771843e-01   2.2331989e-01   2.3168089e-01  -1.0526102e-01   1.4735110e-01   8.1058594e-02  -9.2657513e-03   2.5702894e-01  -3.5638986e-01  -4.3109434e-02  -2.4715790e-02   4.1384791e-01  -2.2753433e-01   3.8712148e-01   9.3202004e-02   4.1329740e-02  -1.9215050e-01   6.2342088e-01   8.6544211e-02   1.2238307e-01   3.6550432e-01   2.8080699e-01  -6.1805578e-02  -3.2453496e-01  -2.8415438e-01  -1.5703513e-01   4.0879269e-01   1.6541254e-02   2.3090132e-01  -1.1971703e-01   2.0620851e-01
  -3.3834183e-01   3.9778952e-01   2.5284515e-01  -3.6666123e-01   0.0000000e+00   3.7095694e-02   5.2517280e-02  -7.9975931e-02   4.5491803e-01  -1.0822613e-01  -3.3533462e-01   3.4388707e-01   2.4971313e-01  -3.3466848e-01  -5.7682172e-01  -2.1008457e-01   3.8238989e-01  -3.9924571e-01   2.8219184e-01   8.2396761e-01  -1.6782168e-01  -3.8501729e-01  -2.5822894e-01  -2.7994458e-01  -1.6270280e-01   5.2465566e-02   3.1903598e-01  -3.6158580e-01   5.3720635e-02  -3.2987304e-01   1.2593313e-01   7.9898950e-02   4.7954871e-02  -2.8791848e-01  -3.9256608e-02   1.3361042e-01   2.5601557e-01  -2.4253823e-01  -9.4178999e-02   5.9840876e-01   3.0904146e-02   3.0348034e-01   4.6693639e-01   1.8488640e-01   1.5410780e-01  -1.5343902e-01  -3.0619857e-01  -5.6178113e-02   2.8242350e-01   5.6838822e-01  -5.1715392e-01  -3.0536930e-01   1.5601691e-01   3.2619345e-01  -1.9872351e-01   2.8173789e-01  -4.2437765e-01  -2.6287050e-01  -1.5020648e-01  -3.7271444e-01   6.9601129e-02   1.3227297e-01   5.7621505e-01  -4.3316645e-01   3.5507015e-01  -3.9737526e-01  -1.9077245e-01   8.0508576e-02   1.8093910e-01  -2.3701545e-01   4.1303689e-01  -5.4069315e-01  -9.3976488e-02   8.3821940e-02   2.8901079e-01   1.6917242e-01  -4.1982073e-04   1.0183674e-01   7.4149272e-01   2.9891410e-02  -3.6114967e-01  -1.6537990e-01  -5.0336744e-01  -2.6591353e-01   3.5621931e-01   1.1207903e-01   1.5994267e-01  -4.0313144e-01   3.4731458e-01  -2.3881301e-01   8.9399071e-01  -2.6346669e-02   1.8922109e-01   1.0763738e-01  -3.4033064e-01   8.3997077e-01  -4.0492556e-02   3.4764179e-02   3.4420142e-02  -2.4605146e-01   5.9979837e-02  -1.9272323e-01  -5.8626639e-01  -2.6487447e-01  -5.0366239e-01   3.4130010e-02   1.8477449e-01   3.5149775e-01   1.2245571e-01   1.5361349e-01  -5.5583522e-01  -5.6663723e-01  -1.8363947e-02  -4.4224272e-01  -1.4898257e-01   5.2228445e-01   1.0638407e-01  -1.8202158e-01  -3.9154846e-01  -3.0354146e-01  -3.4859881e-01   7.8505144e-01   1.8852076e-01  -2.6552372e-01  -2.5765116e-01  -4.2473782e-01  -5.7231064e-01   1.7691957e-02  -1.5429991e-01  -3.4108954e-01   4.2169662e-02  -4.2214133e-01   1.4933848e-01   3.3570394e-01  -1.4121252e-01  -2.3255748e-01   1.1444600e-02  -1.9791345e-01  -4.8109383e-01  -4.4133470e-01  -3.5842124e-01   3.8945977e-01   5.0845019e-01  -6.9752757e-02  -4.3605229e-01  -3.7772595e-01   3.8876649e-01  -3.7817863e-01  -2.8361783e-01   4.3428066e-02  -4.8137921e-01  -4.1214648e-01  -2.8241866e-01  -2.5733505e-01   5.7826584e-01  -3.0612900e-01  -3.5508284e-01  -3.4898580e-01   2.9328553e-01  -5.8996349e-01  -2.1092170e-02   3.3056164e-01   1.3420904e-01  -5.4164106e-01  -3.3938264e-02   6.7720396e-02  -4.1439460e-01  -4.5375233e-01  -3.5773977e-01   5.7466674e-01   6.5757099e-01  -4.9125589e-02  -2.4547270e-01  -3.0590954e-01  -3.4934052e-03   2.5177732e-01  -1.2898332e-01
  -2.0936184e-01  -8.7311503e-02   5.8558293e-01  -1.2827899e-01   3.7095694e-02   0.0000000e+00   4.3137206e-01  -1.0225006e-01  -2.7853960e-01   1.7179429e-01  -1.6752721e-01   2.6818407e-01  -1.8785021e-01   1.2370958e-01  -1.7293301e-02   3.0670991e-01   4.4791341e-01  -1.5371477e-01  -8.0092145e-02   2.0277957e-01  -1.3912188e-01  -4.1752247e-02   6.4304796e-02  -2.4114999e-01   1.2860980e-01  -2.0329575e-01   6.1101815e-01  -1.1965207e-01  -8.4487603e-02  -1.1294942e-01  -3.5661770e-01  -3.4885618e-01  -1.5752370e-01   1.8422001e-01  -1.4355102e-02   2.8156022e-01   9.5721011e-02   4.2283472e-01   1.0914329e-01   2.9833340e-01  -1.5661548e-01  -2.1749599e-01  -9.0441683e-02  -3.3222218e-01   1.5260735e-02   1.5648087e-01   3.2689153e-01   5.0861062e-02   7.9059002e-04   4.6768183e-01  -1.3882882e-01  -9.1841994e-02  -6.6469709e-02  -8.5892575e-02  -2.8962950e-02  -1.6432628e-01   6.7701362e-01  -1.3083798e-01  -1.3106650e-01  -5.3701858e-02   1.3419880e-01  -4.1069319e-03  -2.1706170e-02  -2.8759321e-01  -1.3519808e-01   2.3244785e-01   7.1297611e-01   1.8619046e-01   1.4120602e-01   5.3216221e-01   5.5214471e-02  -1.3695463e-01  -5.7857889e-02   2.8050981e-01  -8.6855611e-02  -2.7090578e-01   1.3255207e-01  -2.3737750e-01   4.2910740e-02  -1.4460652e-01   1.6078494e-01   1.0130845e-01  -1.6823016e-01  -8.7380917e-02   1.9503165e-01  -2.2989946e-01  -1.4538093e-01  -4.2072338e-02  -8.4807060e-02  -1.3658769e-01   5.2691980e-03   1.9750824e-01   5.4971870e-01  -2.3764545e-01   9.2032411e-02   1.0924395e-01   1.0082877e-01   2.6761682e-01   1.2005629e-01  -8.4296224e-02   2.1489326e-01  -2.8180434e-01   1.2160207e-01  -2.0996752e-01  -1.1491091e-01  -3.4285653e-01  -2.5702280e-01   1.7176875e-01   8.6834987e-02   2.2435112e-01  -1.5903669e-02   2.2159819e-01  -2.6438192e-01  -1.2458962e-01   9.7753421e-02  -2.0660896e-02  -3.4142893e-01  -1.0515943e-01   6.2691218e-02  -3.1241425e-03  -1.2235082e-01   2.0539218e-01  -2.1066895e-01  -1.5671149e-01   7.8996123e-02  -1.7032397e-02  -2.2513687e-02  -1.3195112e-01  -4.2111002e-01   4.1744410e-01  -2.1325447e-02  -1.5654065e-02  -5.8331865e-02  -1.6598190e-01  -2.7575700e-01  -2.4195341e-01  -2.1986739e-01   2.1988999e-01  -9.6374467e-02   1.3971395e-01  -7.8632779e-02  -1.3805507e-01  -3.0002206e-01   5.6804967e-01  -4.6565395e-02  -1.0398704e-01   3.4132345e-01   5.7328804e-02   3.3750809e-01  -1.4117367e-01  -1.1125213e-01   1.9743460e-01  -1.0049379e-01  -3.0606724e-02   2.0990785e-01  -1.3072472e-02  -9.1313607e-02  -6.6828184e-02  -2.0572250e-02   2.8232647e-01   1.0383436e-01  -2.3951331e-01   1.4946794e-02  -9.5384439e-02  -1.1708127e-03   1.7888149e-01  -6.8887012e-02  -1.3446585e-01  -6.8634283e-02   2.0844446e-01   1.7956141e-01   2.9879500e-02  -1.9177179e-01   4.0070050e-01  -2.0066804e-01  -3.7405744e-02  -2.7902353e-01
  -5.5226368e-01   3.1241602e-01   1.0841495e-01  -4.8205330e-02   5.2517280e-02   4.3137206e-01   0.0000000e+00  -3.3867861e-01   7.1647567e-03   3.2797524e-01  -3.2644797e-01   4.0240230e-01  -7.9154277e-03   4.4938293e-02  -1.2383976e-01   4.6857027e-02   7.7975369e-02  -2.4055434e-01  -2.1219057e-01   1.2574878e-01   3.2241171e-01  -1.0408631e-01   1.2133723e-01  -5.3177714e-01  -8.6599064e-02  -9.1585599e-02   3.5539612e-01  -1.3999312e-01  -3.1197626e-01  -7.3411959e-02   1.9974506e-03  -3.9500141e-01  -1.7552171e-01   3.6386898e-01   8.2845682e-02   7.5595649e-02   2.9047674e-01   7.7403309e-03   4.8166748e-02   3.3903143e-01  -8.7177555e-02  -2.6667979e-01  -9.8483957e-02  -3.0884805e-01   1.5853900e-01  -3.4774882e-01   7.2576524e-03   5.7506395e-01   2.2685577e-02   1.7917587e-01  -1.4473778e-01  -2.7602930e-01   4.2671005e-01  -2.7867378e-01  -9.9327583e-02  -1.8126617e-02   1.1566570e-01  -1.6814254e-01   4.7321208e-02  -1.1119351e-01  -2.0427065e-01  -1.4355015e-02   7.9028829e-02  -3.1720850e-01   2.8930032e-01   1.7865311e-01   1.6995520e-01   3.6253588e-02  -1.1038432e-01  -5.9952306e-02   4.5813560e-01  -2.1196705e-01   1.4282248e-01  -3.7936993e-02  -1.9140396e-01  -1.1949106e-01  -2.7609532e-01  -1.5171602e-01   4.0639188e-01  -1.1867384e-01   4.7465410e-01   2.1422820e-01  -2.8721865e-01  -3.8644516e-02  -3.9920690e-02  -1.7802051e-01   3.2770827e-01  -1.6446087e-01   5.7859623e-02  -4.5087682e-01   1.8589316e-01  -2.2755492e-01   3.2326833e-01  -2.6210208e-01  -3.1151821e-01   7.4557885e-02  -6.9560202e-02  -4.2510132e-02  -7.3512088e-02   2.8366490e-01   6.9898936e-02  -4.1843507e-01   7.4638389e-03  -1.2968773e-01  -1.4063536e-01  -3.2206230e-01  -2.9661057e-01  -1.8370714e-02   1.2174398e-01   2.2038431e-01  -2.0563446e-01   1.9041101e-01  -2.3825410e-01  -4.6274070e-01   1.8892320e-01   3.3040468e-01  -2.8718606e-01   4.7694673e-02  -4.4062142e-03  -8.0862784e-02  -4.3337103e-01   3.7047494e-01  -2.0032869e-01  -1.5175689e-02  -3.5286658e-01  -1.6577708e-01  -3.7396644e-02  -1.4825428e-01  -3.5489330e-01  -6.0884749e-02   7.7427022e-02  -7.1925465e-02   8.4021410e-02   1.3525263e-01  -3.2607902e-01  -3.6056299e-01  -1.0786038e-01   5.0545007e-01  -2.0840207e-01  -3.5531861e-01  -3.6132043e-01  -2.1490528e-02  -1.3168012e-01   4.9649118e-01  -8.4060001e-03  -6.8121496e-02   5.7555604e-01  -6.8136094e-02   3.0486652e-01   3.1543230e-01  -4.8117618e-01   4.1886939e-01  -2.8464793e-01  -2.2364791e-01   1.9523483e-01  -4.6459387e-01  -3.9703157e-01  -6.2900239e-02  -3.1503431e-01   2.7495870e-01  -9.4666903e-02  -1.7229811e-01   1.7532848e-01  -1.1126491e-01  -7.9598960e-02   5.3478195e-01  -1.3345492e-01  -1.8599510e-01  -4.0994062e-01   2.5730435e-01   4.0654070e-01  -4.0546100e-01   7.8700953e-03  -3.7692135e-02  -2.4579471e-01  -1.7422784e-01  -2.9283098e-01
   4.0344207e-01  -1.0634798e-01  -5.4438850e-02  -1.2771990e-02  -7.9975931e-02  -1.0225006e-01  -3.3867861e-01   0.0000000e+00   8.0839616e-02  -2.2531917e-01   3.2762471e-01  -9.4635407e-02   1.5637595e-02  -2.9354411e-01   2.8558178e-02  -3.0388768e-01  -1.3749380e-01  -6.4364983e-02  -1.6171719e-01  -1.8350692e-01  -3.9990133e-01   1.9612094e-01  -2.0458754e-01   3.8980099e-01   8.6738896e-02   2.9712360e-01  -2.9271449e-01  -2.5738806e-02   8.1822260e-03   1.4032383e-01  -2.8546138e-02   1.0751498e-01  -1.4406133e-01  -2.4214238e-01  -2.3322303e-01  -1.7789113e-01  -3.3820576e-01   4.5741067e-03  -4.0455965e-01  -2.3815689e-01  -6.1691236e-02  -1.5641880e-01   2.6945376e-01   5.6762693e-01  -3.0901295e-01   2.2217229e-01  -1.4110049e-01  -2.3499965e-01  -2.2001945e-01  -2.4431166e-01  -2.2729336e-02   6.0193517e-01  -2.7394774e-01   6.1081693e-02  -5.3549822e-02   1.3267178e-01  -2.8116905e-02   2.3123191e-01  -1.6961695e-01   2.3641633e-01   1.4549194e-01  -1.6066996e-01   3.3784338e-02   3.8340021e-01  -3.2169600e-01  -3.8687962e-02  -2.8884619e-02  -1.8399237e-02   3.2241450e-02  -5.6085993e-03  -2.4436823e-01   7.0889988e-02  -2.4779148e-01   1.8483608e-01   2.0601255e-01   3.8995865e-01   2.0701805e-01   2.2466940e-01  -2.5793977e-01  -1.9617411e-01  -2.8728062e-01  -1.2235116e-01   7.7617708e-02   2.6098193e-01   3.1615915e-02   3.3358741e-01  -3.5652078e-01   9.2466987e-02   1.0161186e-01   1.7525576e-01  -1.3524903e-01   2.1390010e-01  -7.7556665e-02   2.3896320e-01   2.9806103e-01  -6.6366308e-02  -3.9440882e-02   1.2994308e-01  -2.7780403e-02  -2.7015114e-01  -1.1780177e-01   5.6226541e-01   9.9627317e-02   1.2104047e-01   1.4935672e-01   3.2973497e-01  -9.9346884e-03   2.9504667e-01  -2.6501640e-01  -1.4599277e-01   8.7409206e-02  -2.3334709e-03   1.0138546e-02   2.1680326e-01  -8.0334221e-02  -2.2726330e-01   2.0854022e-01  -1.0361322e-01  -1.8714093e-01  -3.5391230e-02   3.3949585e-01  -2.3225221e-01   2.1002248e-01  -5.0347867e-02   2.6484741e-01   1.7622717e-01  -6.5662639e-02   1.7548668e-02   3.2481382e-01  -6.8887298e-02  -2.1534646e-01  -6.6255294e-02   6.2414596e-02  -2.4179255e-01   2.5035021e-01   7.3090365e-01   2.0682951e-01  -3.9587521e-01   4.9343368e-01   3.5188532e-01   8.4667335e-02  -8.2212141e-02   1.7883000e-01  -3.0962733e-01  -3.8554222e-04   1.2300589e-02  -1.6217379e-01   7.8337613e-02   9.7617531e-04  -2.5806526e-01   2.1995079e-01  -1.6728290e-01   9.1401268e-02   2.0548262e-01  -7.6996470e-02   2.0149631e-01   3.5114348e-01  -6.8010600e-02   7.1236777e-02  -1.2016208e-01   6.8287166e-02   3.1488999e-01  -1.1555100e-01   2.8506335e-02   6.4459704e-02  -2.4566585e-01   2.5232842e-01  -4.5889917e-02   1.7034497e-01  -3.3007101e-02  -1.8104653e-01   1.5018256e-01  -1.6947991e-01   4.4761749e-02   1.3837740e-01  -1.3914398e-02   2.8852259e-01
  -2.3053902e-01   6.4367128e-01  -6.7131408e-02  -2.4757227e-01   4.5491803e-01  -2.7853960e-01   7.1647567e-03   8.0839616e-02   0.0000000e+00  -4.6663019e-02  -2.4464844e-01   4.0904809e-01   4.3380504e-02  -3.8408405e-01  -5.4907149e-01  -1.9017286e-01   8.0706651e-02  -3.1849576e-01   1.7164054e-01   2.8243895e-01   1.6857159e-02  -2.1957109e-01  -3.9008469e-01  -1.7316739e-01  -9.1424281e-02   1.7945678e-01  -9.9801302e-02  -1.6616723e-01   9.2098089e-02  -1.0672825e-01   4.2564701e-01   5.9577278e-02   4.9129388e-02  -2.5515975e-01   1.2094548e-01  -2.4639691e-01  -1.9143148e-02  -2.4250532e-01  -2.9502657e-02   4.2096562e-01   3.1898351e-02   2.0988667e-01   5.7928422e-01   2.6881106e-01   9.8263829e-02  -2.8814461e-01  -4.8610827e-01   1.8826728e-01   6.6138282e-02   2.4826946e-01  -3.8461320e-01  -1.9898633e-01   1.6991344e-01   2.2903330e-01  -1.7417249e-01   9.9918950e-02  -5.4823226e-01  -1.0915596e-01  -3.5113762e-02  -1.7860182e-01  -8.8575578e-02  -4.4263068e-02   7.1179412e-01  -2.6272558e-01   3.5139273e-01  -4.3695142e-01  -2.0326271e-01   2.0564981e-01  -7.2223540e-02  -5.0341212e-01   3.6052193e-01  -4.0792127e-01  -8.9785718e-02  -3.1248634e-02   1.8061750e-01   2.0482506e-01  -1.0937215e-01   1.6906477e-01   4.9278457e-01   7.8607987e-02  -1.5940179e-01  -1.4049335e-01  -3.8097082e-01  -1.4578065e-01   2.1454095e-01   5.5130805e-02   4.7175397e-01  -3.1745306e-01   5.7141082e-01  -1.7808333e-01   4.0847798e-01  -2.1101217e-01  -1.8441312e-01   4.1078287e-01  -2.5614740e-01   4.1950167e-01   2.3150861e-02  -1.5746250e-01   1.0603675e-01  -5.5143945e-03  -3.6715401e-02  -1.2346324e-01  -3.6313186e-01   2.1763245e-01  -3.2847873e-01   1.9740571e-01   2.0777779e-01   1.5909138e-01  -1.1553411e-01  -1.7014400e-01  -5.2128823e-01  -4.8870323e-01   2.8909728e-01  -3.4409980e-01  -9.3484473e-02   3.9100852e-01   1.3307318e-01  -4.4165748e-02  -2.3827688e-01  -9.7558105e-02  -1.7269039e-01   3.2148765e-01   4.7263103e-01   2.9017684e-02  -3.2782594e-01  -3.4172031e-01  -3.9669048e-01   7.0361762e-02   7.9938069e-02  -4.1397658e-01   1.8415572e-02  -3.2598089e-01   3.4319508e-01   4.4969190e-01   3.4598927e-02  -5.1720651e-02   1.0605371e-01  -1.2999916e-01  -3.0944165e-01  -3.3932302e-01  -1.8042111e-01   9.4462011e-02   3.8333180e-01  -3.2261586e-01  -3.3817345e-01  -2.6520838e-01   2.8783594e-01  -3.5097997e-01  -4.2024759e-01   1.5037475e-01  -3.9572792e-01  -1.6839817e-01  -1.1555375e-01  -3.8172367e-01   4.1822485e-01  -1.7212565e-01  -1.1416465e-01  -1.3225546e-01   5.6523538e-02  -4.4379703e-01   1.0167368e-01   2.5537680e-01   8.5318460e-02  -3.9091106e-01   4.1925870e-02   4.8091467e-02  -3.7968044e-01  -3.3729572e-01  -1.8311389e-01   1.6191613e-01   3.2322244e-01  -1.0784740e-01   8.6959905e-02  -4.7305544e-01  -1.4361188e-01   2.2850294e-01   5.5071615e-02
  -1.2564389e-01  -1.1616939e-01  -1.6870808e-01   1.2073372e-01  -1.0822613e-01   1.7179429e-01   3.2797524e-01  -2.2531917e-01  -4.6663019e-02   0.0000000e+00   2.3918325e-02  -1.9864398e-01  -1.0910267e-01   1.1087342e-01  -2.4894012e-02   2.3288195e-01  -1.4385350e-01   6.3552527e-02  -6.6065677e-03   7.5397334e-02   1.7019108e-01   9.2516864e-02  -2.2900608e-02  -2.8543282e-01  -7.0903856e-02  -5.2950464e-02   1.1850906e-01  -4.1624907e-02   1.4819817e-01  -1.5485378e-02  -1.3702446e-01  -3.0063661e-02  -1.3021968e-01   8.9074542e-02   4.9081004e-02   1.3517439e-01   3.9218129e-01   3.7272704e-02   2.0228295e-01  -6.9072868e-02   5.3657138e-02  -9.4768273e-02  -1.0446286e-01  -6.2298488e-02   2.8376749e-01  -1.6385711e-01   7.2619302e-02   2.2394221e-01   5.2466754e-02   2.2116175e-03   2.1699978e-01   6.1233655e-02   1.0158400e-02   5.2009992e-03  -1.1660501e-01   1.9243588e-03   1.6791210e-01   5.3170698e-02  -8.7277837e-02  -6.7102022e-02  -2.0820257e-01  -6.4275893e-02  -1.7405165e-01  -7.6611105e-02   1.7246288e-01   3.8351926e-01   2.3461149e-01   6.8765238e-02  -5.3272139e-03   5.3240902e-02   1.0316069e-01   8.5361529e-03  -1.8272972e-02  -2.5609533e-01   3.7107532e-02  -1.9109788e-01  -1.3197125e-01  -6.1548785e-02  -2.7975095e-02  -8.5117969e-02   2.2657150e-01   1.6184113e-01  -2.7292133e-02  -6.1850021e-02  -3.1101845e-01  -1.6755740e-01   1.5966872e-02  -7.1698854e-02  -1.5860677e-01  -6.1943502e-02  -3.8601263e-02  -1.8008100e-01   2.6142953e-01   9.4652377e-02  -6.5566319e-02  -1.0756956e-01  -8.7611473e-02   6.8419977e-02  -8.1949570e-03   4.5326804e-01  -9.3318206e-02  -1.1126861e-01   1.3236677e-01  -6.5836661e-02   1.0190646e-01  -1.8537229e-01   1.0643531e-01   1.6988293e-02   3.4170439e-01   9.0844465e-02   1.3217788e-02   1.1863479e-01  -9.8662446e-02  -5.3938617e-02   2.9778678e-02   8.6827517e-02  -2.7471406e-02  -6.5678393e-02  -1.2960718e-02   2.1789259e-01  -1.1309696e-01   6.9002557e-02  -8.5298987e-02   4.8699420e-02  -4.1412153e-02  -6.5859680e-02   2.4471701e-01   9.2443091e-02  -1.2924803e-02  -1.1192007e-02   3.9368656e-02   2.8397674e-01  -1.4541268e-01  -1.9464750e-01   3.6358260e-02  -2.5633487e-01  -5.8749279e-02   2.1718155e-01   6.6166956e-02  -4.3445868e-02   2.0437222e-02  -1.0219298e-01  -1.2630740e-01   1.6051390e-01  -7.7883961e-02  -5.4994221e-03   1.1289813e-01   1.0980027e-01   4.7987362e-01   9.9011116e-02  -1.2848606e-01   1.8225445e-01  -8.7129951e-02   4.3321704e-02  -2.0792354e-01  -6.3769610e-03  -1.2923377e-01   2.2755857e-01  -2.5665303e-01   2.9377845e-01   1.3354977e-02  -8.7389886e-03   1.2283850e-01   8.3010192e-02  -1.2103586e-02   3.6515572e-01  -8.0494053e-02  -1.5468060e-02  -7.9108211e-02  -1.8699523e-02  -3.9215433e-02  -1.4246898e-01   1.3712609e-01  -1.4989486e-02  -1.6540577e-01   7.8250686e-02  -9.9249667e-02
   2.4777957e-01  -3.9468131e-01  -3.8529586e-01   3.9465079e-01  -3.3533462e-01  -1.6752721e-01  -3.2644797e-01   3.2762471e-01  -2.4464844e-01   2.3918325e-02   0.0000000e+00  -4.0493148e-01  -8.7280473e-02  -8.2107621e-02   4.1329801e-01   1.0420937e-02  -4.5711690e-01   3.6195241e-01   5.8681020e-02  -3.0531420e-01  -2.5747987e-01   4.6943250e-01   1.3526109e-01   2.6454476e-01   1.7302800e-01  -1.1789787e-02  -2.5405508e-01  -1.2784491e-01   4.0494360e-02   3.9574370e-01  -2.4514997e-02   2.7227556e-01  -1.7551564e-01  -7.3169030e-04  -7.7849892e-02   1.8304741e-01  -3.6915680e-01   8.4559677e-02  -6.1170746e-02  -4.4278627e-01   1.9424725e-01  -1.0244790e-01   5.6374276e-02   4.5825207e-01  -9.3614324e-02   1.2946196e-01   4.4043210e-01  -2.5984840e-01  -2.1943157e-01  -3.7500204e-01   5.2282481e-01   3.4656775e-01  -3.6749336e-01  -5.2947128e-02  -7.5547598e-02   3.2394245e-01   6.2722028e-02   4.9735874e-01   2.0892592e-01   3.5294768e-01  -6.6822170e-02  -3.6923564e-03  -3.2694583e-01   5.5102689e-01  -3.4929967e-01   3.3653311e-01  -8.5920676e-03  -3.5374149e-02   4.1021691e-01   3.5910242e-02  -4.7791429e-01   5.6596249e-01  -3.5405284e-02  -1.8466073e-01   2.5966143e-01  -7.6144369e-02   6.7240129e-02   2.9176450e-01  -4.1613884e-01   1.5571529e-01  -2.7308129e-01   1.7059034e-01   5.0830577e-01   5.4358428e-02  -3.8762572e-01   1.5433577e-01  -4.3901134e-01   1.4800190e-01  -4.4474399e-02   2.8899413e-02  -3.4175843e-01   1.2295302e-01   5.8658103e-02   1.6038426e-01   2.5131975e-01  -3.5662852e-01   2.1598346e-01   1.0464198e-01   1.1803904e-01  -8.5546892e-02  -3.0826923e-01   5.9507841e-01   1.5019558e-01  -1.8851136e-04   5.8737468e-01   2.9138514e-01  -7.6852486e-02   2.4856686e-01  -2.0170078e-01  -1.8832828e-01   4.7991745e-01   2.3439153e-01   1.9431834e-01   1.7405171e-01  -1.3228204e-01  -2.8242594e-01   3.7635963e-01   1.2502534e-01  -2.6511592e-01   1.3776181e-01   2.7414201e-01  -3.5593386e-01   1.8964822e-01   1.9517203e-01   2.0230071e-01   3.3404292e-01   4.6748913e-01   1.0752425e-01   5.8922442e-01  -6.7331072e-02  -9.5840266e-02   4.9029279e-01  -1.2007199e-01  -4.0924973e-01   5.4985442e-01   4.2332677e-01   2.8078220e-01  -4.2629655e-01   4.9140272e-01   2.5194011e-01   4.8800807e-02  -1.8132295e-01   7.0445001e-02  -2.6166063e-01   3.6013021e-01   4.2291813e-01  -3.8027982e-01   3.1064059e-01   2.7998859e-01  -3.0188860e-01   1.3211274e-01  -2.4022024e-01   1.1169602e-01   6.4613878e-01  -3.6036070e-01   1.3014614e-01   2.3177861e-01   8.3071513e-02  -3.3107747e-02   4.6831987e-02   1.7626070e-01   4.3531582e-01  -1.0629522e-01   5.8000594e-01   1.4954660e-01   1.7489245e-02   6.9891172e-01  -5.8339663e-03   1.4069791e-01  -1.9232081e-01  -2.5044102e-01   1.4417046e-01   1.3365124e-01   1.8854808e-02   4.0537673e-01   6.8145203e-02   3.2255758e-01
  -5.1362308e-01   5.7590055e-01   4.4652660e-01  -2.9202775e-01   3.4388707e-01   2.6818407e-01   4.0240230e-01  -9.4635407e-02   4.0904809e-01  -1.9864398e-01  -4.0493148e-01   0.0000000e+00  -1.1478676e-01  -1.0669564e-01  -2.8518790e-01  -8.5929964e-02   4.4207825e-01  -4.1794650e-01  -8.1410818e-02   3.3279771e-01  -9.5934816e-02  -2.7228224e-01  -7.0051070e-02  -3.7787813e-01   1.9606692e-02  -5.0827883e-03   2.5692131e-01  -1.9658706e-01  -3.7401281e-02  -1.5735536e-01   1.4281257e-01  -1.0487876e-01  -1.1329128e-03   2.6977511e-01   2.6416031e-01  -2.0738026e-02  -4.0264896e-02  -6.1842319e-02  -1.0692161e-01   5.6357508e-01  -2.1317963e-01  -2.5911470e-02   3.8782837e-01  -1.7462001e-01   2.1641924e-01  -2.1875726e-01  -2.2258061e-01   1.6816783e-01   6.6307567e-02   3.4572698e-01  -5.0480416e-01  -3.3017362e-01   1.8603042e-01   1.8517961e-03  -6.9733956e-02  -8.7758806e-02  -1.3844021e-01  -2.2695324e-01  -1.2723743e-01   1.2579971e-02   2.8773918e-02   1.0692618e-01   5.8097085e-01  -3.4868342e-01   2.1093137e-01  -3.4604444e-01   8.7971665e-02   1.6717178e-01  -2.2761890e-02  -1.9297024e-01   3.6884109e-01  -4.9493947e-01  -7.0060795e-02   3.5892127e-01   7.9055501e-03   1.2922892e-01  -1.0086057e-01   3.2334090e-02   6.1169157e-01  -1.1189713e-02   8.7850988e-02  -4.4988037e-02  -3.3205258e-01  -1.4248074e-01   4.7734026e-01   1.3013268e-03   3.2028986e-01  -2.4328477e-01   4.3145197e-01  -3.4841808e-01   2.9426649e-01  -4.6413976e-03   2.7035236e-01  -2.9699342e-02  -2.8323827e-01   4.0611739e-01   3.9269090e-02  -1.2415630e-01   8.9956996e-02   5.4793256e-02   2.1370151e-01  -3.7001542e-01  -2.4874808e-01   7.6519509e-02  -4.5143364e-01   6.4127269e-03  -1.6366792e-01   4.7349946e-02   5.6930601e-02  -1.4191739e-02  -3.3947860e-01  -2.3422076e-01  -6.4843662e-02  -3.7179826e-01   1.0252153e-01   3.3717769e-01  -1.0915074e-01  -3.1675694e-02  -1.0633462e-01  -1.5428444e-01  -3.0116923e-01   4.2502298e-01   2.1309747e-01  -1.4035955e-01  -3.6081027e-01  -2.5825663e-01  -2.5982078e-01  -7.4852305e-02  -3.0493945e-01  -1.9509098e-01  -1.0851229e-01  -3.6278555e-01   3.0408985e-01   3.3945554e-01  -2.8947429e-01  -1.1101564e-01  -1.3091938e-01   1.2067782e-01  -3.3175864e-01  -2.9461900e-01  -2.5103165e-01  -6.4734466e-02   1.3589907e-01   1.1556418e-01   1.1813243e-02  -3.4212556e-01   6.2252648e-01  -3.4665928e-01  -2.3441871e-01   9.8077592e-02  -4.3754328e-01   4.4184230e-02  -1.5246240e-01  -3.9056282e-01   5.0336831e-01  -4.0328163e-01  -2.4741248e-01  -2.4233485e-01   3.0933249e-02  -2.4727552e-01   5.4905462e-02   1.7107263e-03   1.0109769e-02  -4.2588292e-01   1.3305924e-01   3.1001962e-01  -3.7776690e-01  -2.5222431e-01  -1.7896628e-01   3.2675730e-01   6.2067858e-01  -2.2742863e-01  -1.5494735e-01  -2.6049086e-01  -7.7522380e-02  -4.2987862e-02  -1.7325614e-01
  -1.9173137e-02  -3.5511705e-02  -2.2140491e-02  -9.9943916e-02   2.4971313e-01  -1.8785021e-01  -7.9154277e-03   1.5637595e-02   4.3380504e-02  -1.0910267e-01  -8.7280473e-02  -1.1478676e-01   0.0000000e+00  -1.8127268e-01  -2.5690628e-01  -1.5555631e-01  -3.3933491e-02  -3.2754349e-02   3.1925873e-02   1.5628048e-01  -6.4246811e-02  -4.9762970e-02  -2.0127068e-01   2.6312379e-02  -1.3967578e-01   7.5882238e-02   1.0240642e-01  -5.8082469e-03  -2.4576075e-01  -1.7882306e-01   1.0079337e-01  -6.4365191e-02   2.7902283e-01  -1.5897101e-01  -1.6629068e-01   2.9546718e-02   1.0850141e-01  -3.1211135e-01   7.1984909e-02   1.7085527e-01   3.8865439e-01   2.8375947e-01  -8.3388176e-03   5.4072795e-02  -2.2827029e-01   6.0861543e-02  -1.1566719e-01  -2.0712758e-01  -9.5284214e-02   2.9620827e-02  -6.8223358e-02  -2.3419175e-01   1.2868884e-01   2.4251561e-02  -2.2683311e-01   1.4000648e-01  -1.6743929e-01   5.9728244e-02   6.1644783e-02  -1.1071337e-01   1.9460957e-01  -2.3600189e-01  -4.3434846e-02  -1.0204680e-01  -6.4027565e-02  -2.0917615e-01  -3.8143023e-01  -3.8295905e-01  -1.0803643e-01  -8.3186098e-02   1.1378727e-01  -6.9552900e-02   1.9272032e-01   1.1929142e-01  -8.7830885e-02   1.3728494e-01   2.4142553e-01   3.0057351e-02   1.6344732e-01  -6.1612770e-02  -1.3983525e-01  -4.0203755e-02  -1.6009249e-01  -1.4061980e-01   1.4865527e-01  -5.7446829e-02  -1.5511111e-02  -1.3891636e-01  -3.8072208e-02  -3.9454695e-02   2.5518647e-01   1.5573971e-01  -2.7080607e-02   3.1226538e-02   1.8860921e-02   2.6260271e-01  -3.1463578e-01  -1.5440166e-01  -4.0038170e-01  -1.7485143e-01  -1.4408617e-02  -1.6594133e-01  -2.8201560e-01  -9.0658475e-02  -1.1963955e-01  -2.5999044e-02   1.7205593e-01  -1.6193014e-01   6.0420775e-02   1.4380063e-01  -1.4896141e-01  -1.9978272e-01  -1.6783460e-01  -1.9044684e-02   1.2934120e-01   8.9757151e-02   3.9980114e-02   2.6045247e-01  -7.9207406e-02  -2.3507858e-01   6.6944998e-02   2.6325170e-01  -1.8723382e-01  -1.1690786e-01   1.3105939e-02  -6.2152690e-02  -2.3257608e-01   1.5274431e-03   3.5073028e-02  -1.6471133e-01   3.6829418e-01  -1.1779344e-01  -3.6432051e-02   1.9650952e-02  -1.2224604e-01   1.6266349e-02   1.0377196e-01  -7.1349395e-02  -2.1622706e-01  -1.5540967e-01  -1.1167718e-01   6.6071406e-01   1.2186387e-01   4.9113681e-02  -2.6787223e-01   1.5440394e-02   1.4180403e-01  -1.3650841e-02  -1.2593718e-01   9.3724016e-02  -3.8643938e-02  -2.4597300e-01  -4.9944275e-02   3.6476619e-04   1.5986463e-01  -1.7660120e-01   8.5488979e-02  -1.2997555e-02   2.3035485e-01  -3.1472857e-01  -3.8733442e-01  -4.9071760e-02   7.6333684e-02  -1.2462767e-01  -2.8155006e-02  -1.8485404e-01   4.6330724e-02  -1.3613441e-01   1.3502457e-02   1.4579559e-01   5.1157374e-02   3.1156263e-02  -2.1225974e-01  -8.0509638e-02   8.7854115e-02  -1.5496947e-01   9.5443449e-02
  -4.3749021e-02  -3.0339982e-01   2.4639331e-03   3.4746303e-01  -3.3466848e-01   1.2370958e-01   4.4938293e-02  -2.9354411e-01  -3.8408405e-01   1.1087342e-01  -8.2107621e-02  -1.0669564e-01  -1.8127268e-01   0.0000000e+00   6.1390840e-01   3.8600360e-01   3.7013279e-03   4.2534318e-01  -5.6315563e-02  -2.1765446e-01   4.2744495e-01   4.9883010e-02   5.9963855e-01   6.0834536e-02   2.4028608e-01  -4.1106633e-02  -9.3850776e-02   3.1009650e-01  -3.2249608e-02   6.8729975e-02   1.5814345e-01   1.0051884e-01   3.4864319e-02   5.9375618e-01   3.3221027e-01   6.7963838e-03   2.1913218e-01   1.6708307e-01   2.0442384e-01  -1.7455088e-01   8.6361854e-02  -1.1794653e-01  -2.8665013e-01  -3.0953657e-01   3.1701365e-01  -1.7667956e-01   3.0834494e-01  -6.9274996e-02   4.4635138e-01  -7.5900279e-02   3.3464616e-01   1.6053325e-01   1.4386166e-01  -2.7551144e-01   4.5268919e-01  -2.0404228e-01   3.3276417e-01  -5.5249895e-02   7.7308547e-02   6.4783247e-02  -1.8923565e-01   3.1844590e-01  -1.9515183e-01   3.2629288e-01   1.4333576e-01   1.2074274e-01   1.6261562e-01   2.1793291e-01  -1.8894944e-03   1.0198375e-01  -1.7777786e-01   2.5261083e-01   1.0919479e-01   3.7848789e-02  -1.7360519e-01  -1.8102724e-01  -3.1258720e-01  -2.1709933e-01  -2.8952007e-01   2.6840461e-01   5.8631393e-01   3.5839352e-01   5.1151584e-01   3.5384842e-01  -5.6181746e-02   1.2211428e-02   2.1129949e-01   6.1121790e-01  -2.0507355e-01   1.2464274e-01  -3.4604059e-01  -2.0808318e-01   8.8493201e-02  -9.4417489e-02  -1.4665276e-01  -2.9352850e-01   2.5444560e-01   9.8712698e-02   2.5851274e-01   4.1140506e-01   3.7343883e-01  -1.9749374e-01   5.2298601e-01   9.4112015e-02   1.2616253e-01  -5.5795576e-02  -1.4220808e-01  -1.7810426e-01   5.1400775e-01   1.0363676e-01   5.5157615e-01   3.3580258e-01   1.2409817e-01   2.4383087e-01   2.5083956e-01  -8.7667960e-02  -1.9179982e-01   2.8644847e-01   6.4193134e-01   4.2003019e-01  -1.4367469e-01  -3.6874161e-01  -1.9308305e-01   2.3835603e-01  -1.0142530e-01   1.3096247e-01   3.9654144e-01   1.2161178e-01  -6.0390780e-02   2.6936051e-01   1.0880592e-01   4.0844116e-01  -5.4142667e-02   1.8336109e-01   7.4391730e-02  -9.4509307e-02   1.7108579e-02   5.3170861e-01   2.8844577e-01   3.5810881e-03   4.1940512e-01  -2.1420800e-01  -1.5718010e-01   1.8670473e-01   3.9614139e-01   2.2127690e-01  -1.3750491e-01   4.3359847e-03   3.1478345e-02   2.4899704e-01   3.4946398e-01   5.3361475e-01   1.3927445e-01   1.1619222e-01  -3.0152625e-01  -3.7376067e-02  -1.6790600e-01   3.7811396e-01  -2.8403251e-01   5.5716442e-01   1.9310396e-01  -2.0204525e-01  -1.3506263e-01   2.7555674e-01  -1.8015441e-01   2.0735420e-01   4.2105464e-02   7.4304136e-01   1.0963124e-01  -8.4502717e-02  -2.8885929e-01  -2.9682296e-01   3.2149950e-01   1.4420974e-01   2.6987709e-02   2.5588299e-02  -1.9256681e-01
