   0.0000000e+00   1.1938201e-01  -2.3414772e-02  -1.8821151e-01   5.7012191e-02  -8.9124260e-03  -1.2965978e-01   1.3917448e-01  -2.2641066e-02   4.2051752e-02  -3.0682958e-01   3.2480227e-02  -2.8290174e-01  -2.8244950e-02   9.5227860e-02   3.1790833e-02   1.6275704e-02  -4.8399616e-01   5.8116713e-02   3.9714483e-02  -2.5853486e-01  -2.4075296e-01  -2.2765056e-01   7.6173010e-01  -1.1573476e-01  -1.3125053e-01  -2.3916494e-01   3.7890450e-01  -1.4990521e-02  -2.3375765e-01  -5.0716350e-02  -8.2996499e-02   8.3779364e-02   3.5063439e-02  -4.2801449e-01  -2.1047702e-01   8.9885936e-02   3.3982035e-01  -5.2973222e-02  -1.3437230e-01  -1.8280900e-01   7.1073988e-02  -7.7911602e-02  -3.3620207e-01  -2.3651508e-01   1.1048392e-01  -3.8988500e-01  -1.3367246e-01  -1.2335813e-02   1.7612425e-01  -4.0174972e-01  -3.5548486e-01   6.2539315e-02   1.7593988e-01   5.8289677e-02  -1.7852336e-01  -2.6153295e-02  -2.6417740e-01  -1.4136062e-02  -2.7404866e-01  -1.2133812e-01  -1.6014008e-01   3.5304655e-02   1.5235687e-01  -1.1086712e-01  -2.2284228e-01  -5.3459230e-03  -2.1079632e-01  -2.6167483e-01  -1.4159658e-01   3.9248820e-02  -2.9902158e-01  -8.2450461e-02   2.7472328e-01   3.1176379e-02  -1.8942732e-01   3.4563627e-02  -2.4794161e-01   8.1388918e-03  -8.5101625e-02  -8.2429573e-02  -1.0450512e-01  -6.7555578e-02   2.2396475e-02   4.1358778e-01  -2.7855456e-01  -1.2234447e-02   7.2943576e-01  -1.8184469e-01   7.2760843e-01  -3.3303082e-02  -2.1570805e-01   8.6999169e-02  -2.1447565e-01   1.3073121e-01   3.1621337e-03  -2.0233341e-01   1.0006594e-02  -8.5002973e-02  -2.0290190e-01   3.2609898e-01   7.6701416e-02  -3.3217750e-01  -1.4657156e-01  -4.1326413e-01  -5.0411795e-02   1.4797812e-01  -1.7958112e-01  -6.8646812e-02  -1.3687415e-01  -4.5763391e-02  -4.3986220e-01  -1.0229358e-01   7.1144871e-01   2.5488700e-01   4.2729871e-02  -3.4376926e-01  -1.8475823e-01   1.4365495e-01  -2.4712636e-01   1.0004940e-01   1.7802489e-01  -3.0820970e-01   9.8515044e-02   3.7683401e-01  -1.6211120e-01  -8.6116058e-02  -1.8383954e-01  -1.6099431e-01  -9.5671674e-03  -1.1115087e-01  -3.3485301e-01   4.3823285e-01  -7.7081555e-02  -1.1732312e-01   1.7974642e-02  -1.2985885e-02  -1.3358793e-01  -2.0223298e-01   5.2657117e-01   6.1974912e-01  -5.4579662e-02  -1.6450153e-01  -6.1806751e-02   1.7262719e-01  -3.1713394e-01  -2.4075400e-02  -2.0383927e-01  -1.5540474e-01  -1.0051798e-01   2.9726188e-01  -2.5414486e-01   3.3740731e-01   5.9718728e-03   3.7437511e-02   7.7428466e-01   1.2929288e-01  -1.9450801e-01  -3.2336690e-02  -1.8433320e-01  -2.5833443e-01  -3.7037955e-01  -1.3073224e-01  -3.7827769e-01  -2.1568452e-01   5.0493610e-02   1.0420997e-01   3.0349599e-02   4.3025711e-01  -8.7748617e-02   1.1238266e-01  -4.6818837e-02  -3.6480876e-01  -8.6405744e-02   1.4900166e-01   5.8294694e-04  -1.2003483e-01
   1.1938201e-01   0.0000000e+00   4.6420705e-01  -2.4445701e-01   2.9936617e-01  -7.9448006e-02  -2.9682140e-01   4.3083022e-02   4.9103873e-01   2.8161691e-01  -4.3757575e-01   5.7750234e-01  -6.5889076e-03  -5.6268061e-01  -2.0263211e-01  -1.6746434e-01   5.8852439e-01  -3.9266768e-01   7.6040619e-02   2.5196504e-01  -4.8884796e-01  -3.8407544e-01  -5.4263618e-01  -2.1717066e-02  -2.8736990e-01  -2.1807842e-02   2.5883170e-01  -3.3679974e-01  -2.2563741e-03  -1.5818597e-01  -1.4424089e-01  -2.0601066e-01   5.5312115e-02   1.1118969e-01  -2.6527206e-01   4.5891291e-02   1.7551936e-01   1.0225188e-02  -7.3379547e-02   3.5758212e-01  -5.4598152e-02   7.5786919e-03   6.7815729e-01  -3.4746061e-01  -3.8954667e-01   2.7038352e-02  -3.1162445e-01  -7.2243045e-02  -1.2799425e-01   3.1225076e-01  -3.8389369e-01  -4.2033575e-02   7.2792792e-01  -4.6940834e-02  -3.0443821e-01  -4.1266281e-01  -3.7314510e-01  -4.9932732e-02  -1.5673448e-01   3.1049125e-01  -2.6555286e-02   5.0342750e-03   7.1535138e-01   2.5077587e-01   4.9281412e-02   8.6806169e-02   2.6567856e-01  -3.5991825e-03  -4.2592482e-01   2.9824519e-01   7.8197535e-01  -3.3687019e-01  -1.1192623e-01  -1.6788370e-01   1.8260800e-02  -1.2289464e-01  -1.0658976e-01  -1.9383732e-01   6.2660857e-01  -1.9418226e-02  -5.4380734e-01  -1.6301629e-01  -1.5387944e-01  -1.1911525e-01   9.7374592e-02  -2.4998018e-01  -6.5180623e-02  -1.1638907e-01   4.5072182e-01  -2.0020431e-01   6.3899387e-01   7.8330067e-02   3.2464641e-01   1.7356806e-01  -1.4674343e-01   5.1223092e-01  -2.5076689e-01  -3.3482352e-01  -6.8263385e-02  -5.3808581e-01  -3.3256097e-01  -3.9565988e-01  -4.1797292e-01   4.0615846e-01  -5.5316253e-01  -1.8188006e-01   2.5378386e-02  -2.2547128e-01   1.4134078e-01  -1.8530031e-02  -3.7435468e-01  -3.1500357e-01  -1.5651674e-01  -3.3911375e-02  -4.5638192e-01   6.3035921e-01  -2.5322922e-01   5.8876343e-02   3.6165418e-01  -3.2711373e-01  -1.6453113e-01   7.1606927e-01   2.1281055e-01   4.9523365e-01  -2.6172870e-02   1.8248454e-01  -4.0480482e-01   1.6416730e-01  -1.2533329e-01   5.1855501e-01  -5.1883882e-02  -2.8437493e-01  -2.1566593e-01   4.6268029e-01   2.4439370e-01   5.8518982e-03   2.0909578e-02  -5.9693655e-01   1.8858996e-02   1.8612641e-01   4.3296279e-02  -1.1032689e-02  -3.4197644e-01   4.2623025e-01  -1.6609149e-01  -5.4643591e-01   3.3448705e-01   7.7066386e-02  -1.2408534e-01   6.1034453e-02  -3.9791975e-01  -4.7961900e-01  -1.8347931e-01   1.7753105e-01   8.3945524e-01   1.9569947e-01  -9.8232103e-02  -2.3531064e-01   8.8539056e-02  -3.8652811e-01  -1.9223632e-02  -2.9864656e-01   3.1532956e-01  -3.8386078e-01   1.4904074e-02   2.8575107e-01  -1.2027759e-02  -1.5175376e-01  -2.0092213e-01   7.8616510e-02   4.5770640e-01  -1.0250896e-01  -1.5463620e-01   7.8801626e-02  -1.4595590e-01   1.8342043e-01  -1.2196046e-01
  -2.3414772e-02   4.6420705e-01   0.0000000e+00  -3.0360784e-01  -7.0613247e-02   3.4221059e-01   4.7594089e-02  -2.0381818e-01  -1.6329350e-01   1.7345305e-01  -4.5501719e-01   6.5189744e-01  -8.3715193e-02   6.2528001e-03  -2.0515746e-01  -1.7099773e-01   8.6751406e-01  -4.1853214e-01   2.0863090e-01  -3.6873090e-02  -1.1308656e-01  -4.0671082e-01  -1.7335769e-02  -1.1258672e-01  -1.0283085e-01  -1.3933356e-01   2.1248708e-01  -1.1089970e-01  -1.1177059e-01  -1.4362857e-01  -2.2987764e-01  -2.9962634e-01  -1.3599593e-02   1.3464785e-01  -1.6595392e-01  -6.0829299e-02   7.1056728e-02  -1.0421178e-01  -5.6861571e-02   4.9874859e-01  -7.6169610e-02  -1.0197675e-01   2.0785487e-01  -1.3042256e-02  -2.3916990e-01   3.2681461e-01  -3.0839060e-01   1.2369552e-01  -3.2740338e-01   6.0598258e-01  -3.0900881e-01  -1.9122128e-01   3.9487656e-01   4.5996616e-03  -4.8483613e-02  -1.0357841e-01   1.4112839e-01  -2.7160524e-01  -4.1829553e-01  -2.5425736e-02   3.5609976e-01  -1.2339106e-01   2.0616080e-01  -1.8216118e-01  -3.9556074e-01  -2.1596235e-02   3.4149426e-01   3.8216265e-02  -3.2516475e-01   6.6676249e-01   4.5023770e-01  -4.3549324e-01  -1.5523251e-01   4.3505797e-01  -1.9779445e-01  -2.9440491e-01   8.7670700e-02  -9.3471775e-02   2.5036243e-01  -2.3256894e-01  -1.5566026e-01  -1.6525421e-01   3.4274441e-01  -8.8108114e-02   5.2695433e-01  -4.8108952e-01   2.5363942e-01  -5.1869494e-02   8.2146542e-02  -2.0899030e-02   9.0097051e-02   3.0824061e-01   3.0980498e-01  -1.3206019e-01  -6.2722741e-02   1.8020751e-01  -3.1930064e-01  -1.4154810e-01  -8.3744325e-02  -1.6061681e-01   8.8630743e-03  -2.7986688e-01  -6.5764513e-02  -3.0308901e-02  -4.8613536e-01  -3.1153152e-01   2.6070646e-01  -1.0233517e-01  -2.0610208e-01   2.7931839e-01  -1.9082494e-02  -2.9364426e-01  -3.3044704e-01  -1.4240863e-01   1.3087590e-01   2.2860473e-01  -5.1205000e-02  -1.3135285e-01   5.3320112e-01  -4.0507651e-01  -1.0900001e-01   3.3918410e-01   8.8634714e-02  -1.8135569e-01   2.3754541e-03   1.8286237e-01  -1.4540085e-01   1.1311895e-01  -3.3840357e-01   6.8297111e-01  -1.1825027e-02  -2.3862194e-01  -7.9292543e-02   5.7640482e-02  -2.4262434e-01  -1.9124615e-01  -6.2401600e-02   6.3765394e-03  -2.4910466e-01   5.6687036e-02  -5.9843542e-04   4.9269278e-02  -3.3056734e-01   6.7743208e-01  -2.0784022e-01  -2.6691964e-01   5.0940622e-01  -3.0822718e-01   2.8098707e-01   7.8640904e-02   1.5385421e-01  -1.2121766e-01   5.3900430e-03  -2.6906691e-01   5.1493045e-01  -1.2176644e-01  -1.2777506e-02  -3.6365349e-01   3.5447350e-01  -2.4604136e-01  -8.4490701e-02  -2.3779755e-01  -1.8136702e-02  -4.9019947e-01  -2.0947701e-01   2.6791380e-02  -2.3625693e-01   8.7578847e-02  -9.2507307e-03   9.8801773e-02  -3.0129197e-02  -1.7525285e-02  -4.1099530e-01   1.9971943e-01  -2.8940049e-01   1.5530767e-01  -4.2939986e-01
  -1.8821151e-01  -2.4445701e-01  -3.0360784e-01   0.0000000e+00  -1.2069537e-01  -1.6894135e-01  -8.0059590e-02   2.1918195e-01   4.8169699e-02  -3.6952753e-01   1.2714716e-01  -2.4256733e-01   7.1509339e-02   9.4695329e-02   1.0303869e-01   1.3355963e-01  -2.8308562e-01   3.4716640e-01  -1.0795921e-01  -7.1083765e-02  -4.7151846e-03   4.3150877e-01  -5.2936617e-02  -2.8495175e-01   2.1966681e-01   5.3657044e-02  -3.1940464e-02  -1.7063252e-01   8.7995492e-02   2.7490820e-01  -1.6215750e-01   2.5005649e-01   4.2409552e-01  -2.6791568e-01   3.8819266e-01   5.4334897e-03  -4.8277444e-02  -1.3692508e-01   5.5713916e-02  -1.4134858e-01   7.0264562e-02   4.8162510e-01  -2.1852662e-01   2.7634501e-02   3.0387805e-01  -3.6580953e-01   2.5205237e-01  -2.6750729e-01   2.1217535e-01  -4.2383012e-01   3.7056478e-01   1.3328471e-01  -3.6530879e-01   1.3880656e-01   9.2371280e-02  -5.8820235e-02  -4.7493260e-02   3.2927709e-01   1.4025657e-01   2.0400860e-01  -1.5520290e-01  -8.8802769e-02  -1.2416215e-01  -1.2648160e-01   1.4746996e-01  -9.8332996e-02  -3.6432131e-01   7.3864625e-02   2.0302325e-01  -3.0384570e-01  -4.0979949e-01   4.9214380e-01   7.1618811e-02  -1.2943705e-01   9.7255300e-02   1.7686841e-01  -2.2069655e-01   1.6159017e-01  -1.4722411e-01   4.0449342e-01  -1.2995846e-02   1.3882795e-01  -2.4542756e-01   4.1965195e-02  -3.3394403e-01   2.3369482e-01  -5.2221304e-02  -5.1875183e-02  -3.9484044e-02  -2.8106685e-01  -1.1030330e-01   1.2149086e-01  -3.5791061e-01   2.4830020e-01  -9.4798424e-02  -8.7000456e-02   2.2716764e-01   1.8304185e-01   2.1314794e-01   2.3855731e-01  -2.6317556e-01  -4.5207568e-02   1.4119817e-01   2.6541759e-02   4.7719303e-01   3.9717424e-01   7.8303543e-02   1.5754015e-01   6.0711141e-02  -1.8091916e-01  -8.8695494e-02   4.7732566e-01   3.7357013e-01  -2.3990344e-01  -2.7587807e-01  -2.4869042e-01   1.9549474e-01  -8.8724636e-02  -3.9925865e-01   6.1586130e-01  -2.5335196e-01  -1.0219579e-01   3.1035899e-01  -3.5904926e-02  -3.0280827e-01   3.0924242e-01   2.5988038e-01  -7.9654594e-02   4.1304919e-01  -3.4790552e-01  -2.7922262e-03  -9.4366790e-02   1.2052669e-01  -3.5993922e-01   2.6381640e-01   2.6389298e-02   2.4398384e-01  -1.4552827e-01  -2.7321500e-02  -3.0034060e-01  -3.6751743e-01   1.9851093e-01   2.6240606e-01  -2.1369455e-01   1.6368619e-01   1.8198902e-01  -3.7554120e-01   3.4994287e-02  -1.5885369e-01  -3.0572568e-01  -1.8644673e-01  -1.3563550e-02  -1.6873387e-01  -2.4343349e-02  -2.0600473e-01  -3.2797250e-01  -2.9942246e-01   1.6238839e-01  -2.4949550e-02   1.4469700e-01   2.0721711e-01   2.4942513e-01  -2.1350571e-01   5.2792562e-01   2.9885768e-01  -1.6578789e-01   3.6662319e-02  -1.4106392e-01  -2.0358077e-01  -1.2229297e-01  -1.1054719e-02  -2.8066940e-01   3.2556307e-01  -5.6935096e-02   2.5195004e-01  -1.9920455e-01   4.8082334e-01
   5.7012191e-02   2.9936617e-01  -7.0613247e-02  -1.2069537e-01   0.0000000e+00  -3.2607438e-01   3.4251335e-02  -1.1876525e-01   2.2059123e-01   3.3927260e-01   4.7105688e-02   4.4329005e-02   4.8661658e-01  -4.0088099e-01   1.2545657e-01  -7.9832426e-02   3.4116407e-02   1.6168111e-01  -3.1761293e-01   8.1997704e-01  -1.1308134e-01  -8.7644181e-02  -1.6801095e-01   8.5307238e-02  -1.3309530e-01  -1.6609035e-01   8.3933251e-02  -2.5848666e-01   1.3376084e-01  -1.4956018e-01   1.2068396e-01   2.0636434e-01  -6.5222921e-02   1.0761107e-01  -1.3764320e-01   6.1040457e-01   3.2652745e-01   7.0625551e-02   3.2135287e-02  -4.5084012e-02   3.5360768e-01  -1.1598991e-01   2.8433149e-01  -2.1310509e-01   6.6994221e-02  -3.2945382e-02   2.1707012e-01  -1.3520879e-01   3.9436482e-01  -1.2082250e-01   1.1851326e-01  -5.5683278e-02   2.4028873e-01  -7.4934597e-03  -5.5018059e-02  -1.8522665e-01  -5.6993369e-01   1.7602790e-01   1.2439423e-01   2.9685692e-01  -6.3773002e-02   5.0597387e-01   9.3686810e-02   2.1779565e-01   2.4794787e-01   2.7891229e-01  -7.5828694e-02   8.0365787e-02  -4.4229025e-02  -3.3013959e-02   2.2238866e-01   2.0756207e-01   3.2303682e-01  -1.7841758e-01   3.1826589e-01   1.0545261e-01   1.7202726e-02  -4.8915492e-01   5.2823807e-01   2.8976681e-01  -1.8266455e-01   2.5793358e-01  -3.0434202e-01  -4.1608922e-01  -1.4638308e-01   2.7501679e-01  -1.4021555e-01   1.3737457e-02   2.1998589e-01  -9.2016004e-02   6.1825566e-01  -1.6273722e-02   3.3747611e-01   3.4341102e-01  -1.2955416e-01   7.8285594e-01   3.7215488e-01  -4.5626993e-01   4.2097221e-01  -5.9654091e-02  -8.1162238e-02  -6.4147166e-02  -2.7391930e-01   2.1819044e-01   5.7247597e-02  -3.0964174e-02  -1.1786034e-01  -1.8634785e-01   6.3274211e-01  -1.0192071e-02  -1.4367594e-01  -1.8097504e-01   8.8169811e-02   1.1307077e-01  -2.7530282e-01   5.0052304e-01  -1.8629735e-01   4.1821953e-01  -1.2515051e-01   1.7271314e-02  -3.9913844e-02   4.9383278e-01   3.6463735e-01   4.1960291e-01   3.1048445e-02  -6.3707772e-02   1.6733990e-02   1.5871018e-01   1.2497242e-01   3.6636729e-03   7.7557366e-02   2.4949849e-01  -9.2294243e-02   2.9501732e-01   4.4384975e-01   4.3140522e-02   2.6376588e-01  -4.0920858e-01   3.0770032e-01  -2.2935380e-02  -1.5326312e-01   3.7258866e-01  -1.0661089e-01  -1.0800431e-01   2.9118794e-02  -2.0380579e-01   9.1548010e-03   3.5991585e-01  -1.2034892e-02   1.9270873e-01  -1.7980303e-01  -2.4882890e-01  -6.1243026e-02   1.9087883e-01   3.2357457e-01   9.9908066e-02  -1.9630820e-02   1.9620872e-01  -2.1734561e-02   3.9339213e-02   2.7725483e-01  -8.9257298e-02   5.2866397e-01   2.2854186e-02   3.1176941e-01   4.2057718e-01   6.1516573e-02  -4.0537094e-01  -5.1850804e-02   6.8161095e-02   5.3620826e-01  -4.8778265e-02   3.2816307e-01  -3.5628173e-01   2.1462688e-01   9.1729034e-02   1.3357471e-01
  -8.9124260e-03  -7.9448006e-02   3.4221059e-01  -1.6894135e-01  -3.2607438e-01   0.0000000e+00   5.4562273e-02  -5.5880492e-02  -3.6030544e-01   6.0135253e-02  -5.4811688e-02   2.7257587e-01  -4.0114103e-01   2.6258345e-01   2.4422971e-02   8.0638169e-02   3.1333701e-01  -2.7783208e-01   5.2415926e-01  -2.3500557e-01   1.4218913e-01   1.1945449e-01   2.3317313e-01  -1.0036768e-01   2.1626493e-02   1.7196751e-01   7.0563877e-02   1.8467331e-01  -1.7404252e-01   1.5646488e-01  -1.0687101e-01  -1.0932808e-01  -1.4463791e-01   3.0132928e-01  -5.6216555e-02  -1.9166098e-01  -4.0891624e-02  -3.1576069e-01  -4.9102646e-02   3.5490671e-01  -3.0949655e-01  -2.8413338e-02  -5.3519853e-02   2.3634459e-01  -8.7961450e-02   2.5563140e-01  -1.6038852e-01   2.3694123e-01  -2.4084687e-01   3.6218491e-01  -1.0476315e-01  -6.8396823e-02   2.7692619e-02   2.1860819e-02  -1.1855312e-01   3.9212588e-01   7.0583452e-01  -2.0387518e-01  -2.2953026e-03  -1.8251896e-01   1.4278158e-01  -1.0540605e-01  -1.1129581e-01  -1.9371170e-01  -3.4380202e-01  -6.9908497e-02   6.4244246e-01  -1.2296178e-01   1.8344608e-01   3.7829348e-01  -4.1878508e-02  -3.1067421e-01  -1.8397560e-01   3.6917102e-01  -3.1731855e-01  -2.0756937e-01  -4.1111453e-02   3.1207652e-01  -2.7015263e-02  -2.3015101e-01   5.5316268e-02  -2.1859801e-01   4.4552564e-01   3.4052845e-01   3.6651269e-01  -3.0266252e-01   3.4368358e-01  -3.6727117e-02  -7.5097530e-02   1.3805562e-01  -2.9653972e-01  -3.9706539e-02   9.4492703e-02  -4.9261975e-01  -1.3077403e-01  -2.3132627e-01  -1.3159904e-01   5.3677845e-01  -3.4211459e-01  -4.2769501e-02  -2.4237187e-02   2.0057054e-01   2.2017394e-01  -2.3465258e-01  -8.4413649e-02  -2.6386246e-02   5.2109809e-02   3.5442697e-01  -3.5890802e-01   3.8971971e-01   3.0610669e-01   1.9871064e-03  -1.5333108e-01  -1.9261341e-01   2.8385817e-01  -1.8685300e-01   5.7515169e-02  -2.9473770e-01   3.3035071e-01  -2.4124103e-01  -1.5041347e-01  -8.4919084e-02  -1.3091741e-01  -3.9605485e-01  -5.3778694e-02   2.6000005e-02  -2.7733516e-03  -3.0443338e-02  -5.1015336e-02   2.6351686e-01   1.9395452e-02  -1.9634949e-01  -5.8487433e-03  -2.8559947e-01  -2.6724193e-01  -7.9603390e-02  -3.0060066e-02   3.4340808e-01  -1.5897894e-01  -1.4582620e-01  -9.4070510e-02  -1.4440378e-01   6.9769369e-02   3.0237323e-01  -1.4231549e-01   1.5079394e-01   1.7611928e-01  -3.0644624e-01   2.9952986e-01  -1.4144808e-01   1.5035109e-01   7.5885889e-02  -2.1210074e-02  -2.3774194e-01  -3.5045738e-02  -1.8776684e-01  -1.3955694e-01  -2.4447990e-01   4.9223419e-02  -1.6226745e-01  -2.6573953e-01   2.6718255e-02  -1.0302747e-01  -1.4229347e-01  -2.2558181e-01  -1.3928014e-01  -1.2460117e-01   2.3042950e-01   1.0354793e-02   1.3534955e-01  -2.6556226e-01  -1.6697680e-01  -4.2409621e-01   4.1425028e-01  -2.9353724e-01   3.7552276e-02  -1.3879062e-01
  -1.2965978e-01  -2.9682140e-01   4.7594089e-02  -8.0059590e-02   3.4251335e-02   5.4562273e-02   0.0000000e+00  -1.6030473e-01  -3.6065562e-01   1.3393697e-01  -1.8119340e-03   1.6442682e-01   8.3435761e-02   2.2030531e-01   6.6073488e-02   2.5636643e-02  -1.8333553e-01   1.6564383e-01  -1.4751516e-01  -1.6581365e-02   4.5023227e-01   2.0419765e-01   6.1014564e-01  -9.5501115e-02  -1.7411630e-02  -3.8583789e-02  -1.2314527e-01   2.7628353e-02   2.2747190e-01   2.3505980e-01   3.1296378e-01   2.3147348e-01  -3.3638867e-01   2.9071393e-01   1.5386199e-01   1.3941694e-01  -7.2449758e-02   1.6279197e-05   2.0335818e-01  -1.7361082e-01   1.8083960e-02  -3.5564664e-01  -4.2794253e-01   3.9217888e-02   3.4888222e-01  -2.4566188e-01   1.4727669e-01   5.6791089e-01  -8.4871372e-02  -5.4061148e-02  -1.8550813e-02  -2.0718617e-01  -2.3256087e-01  -1.0658238e-01   1.9334317e-01  -3.4874250e-02   8.4418485e-02   2.4152606e-01  -1.4581409e-01   2.3570988e-02  -2.8744733e-01   9.1631035e-02  -3.8567628e-01   2.1868637e-02   4.5422817e-03  -3.4843536e-02  -1.6194215e-01   8.1310581e-02   1.7792803e-01  -5.0747388e-02  -7.0395619e-02   2.4634850e-01  -1.7401972e-02   2.7665040e-01  -6.1920245e-02   2.5798221e-01  -1.0370393e-01  -3.9253797e-02  -2.1709535e-01  -1.4287818e-01   6.4656908e-01   5.8110572e-02   2.0151576e-01  -1.1239764e-01   8.7299533e-02  -6.2555804e-02   2.3113419e-01   5.8704402e-02  -2.6386392e-01  -6.1673933e-02  -4.0499453e-01  -2.7212630e-01   1.7677391e-01   1.5416955e-02  -2.4671955e-01  -6.4164529e-02   1.5012844e-01  -8.4317174e-02   5.8765979e-02   5.5359854e-01   2.8337082e-01   1.4621109e-01   3.2076972e-01   1.0699011e-01   3.1430284e-01   9.1745675e-02  -1.6699271e-01  -8.2743026e-02  -1.7057814e-02   1.3364835e-01   2.8951598e-01   9.5229023e-02   6.3641787e-02  -9.8938777e-02   4.8185917e-01  -3.0450423e-01  -1.5534448e-01   8.3949021e-02  -5.0797189e-02   1.3727261e-01  -2.1218610e-02  -2.8522968e-01  -2.1006104e-01  -2.4867397e-01  -9.8951690e-03  -9.9735405e-02   3.5176351e-01  -9.2277985e-02   1.7504386e-02  -2.6645890e-01  -6.4828897e-04   4.5085791e-01   1.0359097e-01  -2.9276000e-02  -2.6844216e-01   1.7280279e-01  -4.4004322e-02   4.4614495e-01   3.1377233e-02  -1.3511151e-01  -4.6596804e-02   4.3951494e-02  -2.5011209e-01   7.1343577e-02   3.7449283e-01   3.5399973e-01   4.4973447e-01  -2.1601483e-01   1.6704416e-01   3.3200311e-01   4.7275218e-01   4.7462622e-01  -1.3365006e-01  -3.0961040e-01  -3.6240240e-01   2.3709863e-02  -6.5564362e-02  -6.2398365e-02  -3.5416512e-01   4.9395299e-01   8.6462167e-02  -1.8069448e-01   1.3976804e-02   2.2671854e-01   2.3207276e-01   3.6400072e-02  -2.2447677e-01   1.4206388e-01  -1.0620813e-01   1.0044230e-01  -1.8435850e-01  -2.6035109e-02   7.3965423e-02   5.3601518e-03   3.8880529e-02  -1.4159823e-01   6.9855302e-02
   1.3917448e-01   4.3083022e-02  -2.0381818e-01   2.1918195e-01  -1.1876525e-01  -5.5880492e-02  -1.6030473e-01   0.0000000e+00   1.5968795e-01  -4.1959871e-01   2.0824870e-01  -1.9576404e-01  -1.4539253e-01   2.3937043e-02  -8.4608873e-02  -8.6381444e-02  -2.1630499e-01  -3.7738480e-02   5.5356252e-02  -1.9152278e-01  -8.4912261e-03   1.1673059e-02  -2.9987735e-01   1.3521479e-01  -9.8407244e-02   3.2411240e-01  -1.5722100e-01   2.5469703e-01  -9.3865770e-02   1.5962798e-01   1.1528550e-01   4.7428212e-02   9.0209461e-02  -3.3273009e-01  -1.1391486e-02  -1.9618150e-01   1.3012991e-02   1.4331195e-01  -1.2861358e-01  -2.5583844e-01   5.8859538e-02   1.5201600e-01  -9.2581345e-02   3.0366830e-01  -3.0273440e-01  -3.7391567e-02   9.4097108e-02  -2.7597340e-02   1.9951135e-01  -1.0114152e-01  -5.0173725e-02   3.5439635e-01  -6.2200780e-02   1.3631648e-01  -1.9737131e-02   7.5040874e-02   1.6248059e-02   1.4090464e-01   1.9439361e-01  -1.0974447e-01  -6.2829989e-02  -1.8484340e-01   1.0287016e-01   2.8587364e-01   1.3017435e-01  -2.6009076e-01   1.2289394e-01  -8.4867408e-02   2.6048379e-01  -2.5948378e-01  -6.8399096e-02   1.3375081e-01  -1.3692271e-01  -1.1490565e-01  -1.1586656e-01   2.8724667e-01   2.8521140e-02   3.5200664e-01  -2.2555343e-01   2.0735379e-01   2.7963969e-02  -1.4498989e-01  -2.4172757e-02   5.1465718e-01  -9.7660592e-02   2.3522921e-01  -8.1359214e-03   1.6144946e-01   5.6358841e-03   4.1788729e-02  -5.7581549e-02   7.4224822e-02  -2.5189272e-01   9.0996543e-02   2.3612782e-01  -1.6357940e-01  -1.1177386e-02   2.7959546e-01  -8.5653551e-02  -1.8632174e-01   1.6321790e-02   2.4333497e-01   1.5444794e-01   1.5182196e-01   3.8311896e-02   2.5405532e-01   9.5545427e-02   4.4792624e-01  -7.4697076e-02  -6.8053071e-02  -2.6538901e-01   2.1296943e-01   2.2986979e-01   1.3350698e-01  -1.1417664e-01   5.8595764e-03   1.1782556e-01  -1.6129941e-01   9.4438635e-03   1.9430657e-01   1.9687714e-01  -7.1166780e-02  -1.7468022e-01   1.3184840e-01   1.4664240e-01   4.4648479e-02  -1.1444729e-01  -9.4574900e-02   2.0172427e-01  -1.5444780e-01  -1.0811709e-01  -3.0244242e-01   2.0162686e-01  -3.7469376e-02   1.2268200e-01   5.8910045e-01   4.5339662e-02  -5.2836057e-02   3.8364938e-01   1.4125660e-01   2.8713977e-02  -1.4069697e-01   3.6345461e-01  -1.1047519e-01  -1.0557257e-01   1.9274881e-01  -3.5010357e-01   5.7964135e-02  -4.0453681e-01  -1.4085874e-01  -9.6011385e-02   1.6083912e-01   1.4370481e-01   5.1907191e-02  -8.1229914e-02   1.4670946e-01   1.2225499e-01   4.9344993e-03   4.1423243e-02   1.0493572e-02  -9.5784300e-02   3.8411938e-01  -2.3914997e-01   2.9862279e-01   1.4805968e-01  -7.5268766e-02  -4.8449961e-03   1.7882884e-01   1.3788873e-01  -1.0062838e-03  -7.4500563e-02   9.1042623e-02   3.8264478e-02   9.8593263e-02  -3.7975896e-02   1.1254676e-01   1.6456357e-01
  -2.2641066e-02   4.9103873e-01  -1.6329350e-01   4.8169699e-02   2.2059123e-01  -3.6030544e-01  -3.6065562e-01   1.5968795e-01   0.0000000e+00  -3.7691075e-02   1.2535248e-02   5.3212454e-02   1.6907935e-01  -4.5519934e-01  -1.1946560e-01  -8.7909108e-02  -7.6816487e-02   2.1207335e-02  -1.3225665e-01   1.8336500e-01  -2.2879554e-01  -1.8416153e-02  -5.1020587e-01  -8.1497353e-02  -1.5361268e-01   3.5500256e-02   6.6761969e-02  -3.5611819e-01   7.9903503e-03   6.6036902e-03   6.3152995e-02   3.5664788e-02   7.9718914e-02  -1.6555775e-01   8.4687775e-02   4.2547363e-02   6.9065336e-02   2.7039621e-02  -1.6765366e-02  -9.1960704e-03   1.5119588e-01   9.3673531e-02   4.0760386e-01  -2.2767391e-01  -2.5949947e-01  -2.2042820e-01  -9.1228247e-03  -2.7810014e-02   2.2397523e-01  -1.4600859e-01  -7.4610862e-02   6.2526798e-02   3.6196224e-01  -1.4736264e-01  -2.3307897e-01  -3.5365553e-01  -4.9925218e-01   2.5830421e-01   1.0051911e-01   3.7111993e-01  -1.5337863e-01  -2.8505739e-02   5.3826209e-01   4.7307295e-01   4.3713817e-01  -8.5956442e-02  -2.2465321e-02  -1.6315578e-02  -1.6423643e-01  -2.7488702e-01   4.1856626e-01  -2.7087691e-02   1.8710364e-02  -5.1509141e-01   1.6411464e-02   1.4689055e-01  -1.2574972e-01  -1.9595184e-01   2.6215051e-01   2.1819323e-01  -4.1810982e-01  -4.9325376e-02  -2.9774378e-01  -9.8053427e-02  -3.5386584e-01   1.7739228e-01  -1.3223058e-01  -1.8559214e-01   3.4956821e-01  -2.8023468e-01   5.7115632e-01  -5.2250317e-02  -1.7540835e-02   4.2197534e-01  -1.8126144e-02   2.4891269e-01  -9.2941196e-02  -2.3247079e-01  -7.0507700e-02  -4.2850401e-01  -3.5587903e-01  -3.0541510e-01  -2.9622453e-01   4.6265322e-01  -6.7817212e-02   4.3800647e-02  -1.2962139e-01  -1.8813955e-01   1.5694930e-01  -1.7295828e-01  -3.0597382e-01  -1.5420723e-01   1.1732480e-01  -6.6862361e-02  -5.9245759e-01   4.7080348e-01  -1.3514744e-01   1.4127961e-01  -1.3438274e-01  -2.3527709e-02  -4.6425900e-02   3.1072963e-01   1.7460376e-01   6.4710592e-01  -7.7024358e-02  -6.2904921e-02  -2.2141501e-01   6.6901095e-02   2.6872812e-01  -8.6847750e-02   4.0360959e-02  -6.9035792e-02  -2.6710862e-01   4.6905680e-01   4.6016754e-01   1.9690696e-01  -4.1217057e-02  -5.1091619e-01   3.3387218e-01   2.9118206e-02  -6.9398997e-02  -5.8416602e-02  -8.5551686e-02  -2.0948034e-01  -8.2971868e-02  -1.4786623e-01  -6.7282982e-02   4.0490503e-01  -4.2009530e-01   1.4169512e-01  -5.2023655e-01  -1.8421399e-01  -2.1579163e-01   4.6723482e-01   3.8702207e-01   7.6322382e-02  -4.2542495e-03   2.0457494e-02  -8.1689483e-02  -2.0936566e-01   6.0068112e-02  -5.3990217e-02   2.0349840e-01   3.7856975e-02   2.0709487e-01   2.0249054e-01   1.1590875e-01  -2.1886963e-01  -2.3133108e-01   1.4845140e-01   3.4830495e-01  -2.3334635e-02   2.2430842e-01  -9.5760811e-02   9.1959192e-02   3.8995368e-02   1.9722348e-01
   4.2051752e-02   2.8161691e-01   1.7345305e-01  -3.6952753e-01   3.3927260e-01   6.0135253e-02   1.3393697e-01  -4.1959871e-01  -3.7691075e-02   0.0000000e+00  -1.8304013e-01   3.6652342e-01   1.4842586e-01  -2.3110981e-01  -4.3046338e-02  -4.4364175e-02   2.6667887e-01  -8.0189706e-02  -4.9544728e-02   3.7445270e-01  -8.0524487e-02  -2.2102019e-01   2.5891303e-01   5.9929675e-02  -2.2302785e-01  -1.9478516e-01   7.0173197e-02  -2.3807361e-01   4.5244690e-02  -2.7691352e-01  -3.6755321e-02  -1.1508479e-01  -2.1724010e-01   6.3844537e-01  -2.6057129e-01   3.7194359e-01   3.9884066e-01   1.3187681e-03   2.0691599e-02   9.2130805e-02  -4.1663723e-02  -2.4918856e-01   5.2964347e-01  -1.2780504e-01   1.3977782e-01   2.6413022e-02  -4.8559366e-02   9.7619901e-02  -9.0139305e-02   9.6306616e-02  -1.2130320e-01  -1.3454076e-01   3.4289889e-01  -2.2859762e-01  -1.5787959e-01  -1.2266183e-02  -1.0950219e-01  -1.8880460e-01  -5.0614725e-02   6.7153241e-02   9.5123856e-03   3.0363561e-01   7.9737714e-02  -4.6921074e-02  -3.6847781e-02   4.9003341e-01   1.3689939e-01  -9.4001078e-02  -1.6530340e-01   2.0576891e-01   4.0393084e-01  -1.9582765e-01   1.5840609e-01  -1.7092155e-02   5.9628851e-02  -1.2461564e-01   4.9975827e-02  -1.4993185e-01   5.5282597e-01  -2.0774264e-01  -1.9140923e-01   2.5776430e-02   1.0748868e-01  -3.2696180e-01   2.2044669e-02  -1.7448567e-01  -1.7645760e-01  -1.2801336e-01   1.1566693e-01  -1.1690368e-02   2.2325083e-01  -1.5345061e-01   5.6411328e-01  -6.9830306e-02  -1.8951612e-01   3.7472264e-01  -1.3611285e-01  -2.6920157e-01  -7.3233855e-02  -2.0035128e-02  -1.4613316e-01   1.1808381e-03  -1.0726443e-01  -7.0885616e-02  -2.1757952e-01  -2.6593448e-01  -2.4824286e-01  -2.1875876e-01   3.5845076e-01   2.4835647e-01   1.7860358e-01  -2.4272034e-01  -2.2348618e-01   5.8884534e-02  -6.0905328e-02   2.3600998e-01  -3.0167916e-01   1.7748416e-01   3.0925409e-01  -2.5983147e-01  -4.7872370e-03   3.7225677e-01   6.3214422e-02   1.1921869e-01  -1.0271522e-02   6.2195730e-02  -2.3175157e-01   3.7304976e-02  -1.5919437e-01   2.0423195e-01   2.5012777e-02   2.4550447e-01  -3.3209760e-01   3.7234222e-01   2.1923910e-01  -1.9471666e-01  -1.7543288e-01  -2.5150499e-01  -8.8066250e-02   3.6083594e-02   1.1059175e-01   7.8422092e-02  -3.3468259e-01   1.8347901e-01   1.1058796e-01  -2.3399153e-01   5.1310166e-01   1.9458628e-02   4.6108297e-01   3.4040661e-01  -1.3688556e-01  -2.3360756e-01  -1.0765602e-01   1.4580372e-01   2.2122170e-01   1.7634810e-01   4.1669062e-02  -1.4017633e-02  -8.3600936e-02  -8.5262516e-02  -7.7874330e-02  -3.1047971e-01   6.6891631e-01  -2.9955271e-01  -9.4063931e-02   4.9109892e-01   2.3652402e-01  -1.5748041e-01  -1.9649188e-02   1.2567516e-01   3.5650283e-01   3.5074306e-02  -1.1954705e-01  -2.0578392e-01  -1.2615185e-01  -1.1772144e-01  -2.1791676e-01
  -3.0682958e-01  -4.3757575e-01  -4.5501719e-01   1.2714716e-01   4.7105688e-02  -5.4811688e-02  -1.8119340e-03   2.0824870e-01   1.2535248e-02  -1.8304013e-01   0.0000000e+00  -5.1771772e-01   2.1130210e-01   7.4470896e-02   1.4031253e-01   1.8245599e-01  -4.4619063e-01   5.0345970e-01  -1.1127446e-01  -2.1873447e-02   2.5012048e-01   2.7042369e-01   5.6358569e-02   9.2648258e-04  -9.6415672e-02   3.6949512e-01  -3.0412105e-02   1.9968084e-01  -3.3081885e-02   2.9539360e-01   1.9583666e-01   3.2326810e-01  -1.1669457e-01  -3.0333315e-01   2.6365712e-01   2.6332108e-01  -1.7788247e-01   1.2485720e-02   8.5422922e-02  -2.7346081e-01   2.7046801e-01  -1.3917191e-02  -2.0537490e-01   2.9826860e-01   1.9346454e-01   1.0112008e-01   6.1154217e-01  -9.7842276e-02   2.4482318e-01  -2.1483506e-01   6.2017242e-01   3.3638085e-01  -4.4422980e-01  -1.9271474e-01   1.0835662e-02   3.1250157e-01   1.1420901e-01   3.3778444e-01   3.4258270e-01  -3.8417269e-02   2.6394872e-01   1.3229161e-01  -2.7024397e-01   2.5200063e-01   2.7373368e-01   1.9656939e-01   1.8726064e-02  -1.6908671e-01   7.1015017e-01  -2.1651973e-01  -4.9937196e-01   4.5672212e-01   3.1520479e-01  -2.3726030e-01  -1.6757076e-01   2.5554939e-01   3.4052849e-01   1.9496189e-01  -2.9468334e-01   4.9748489e-02   2.8516966e-01   2.4175039e-01  -1.5551089e-01   2.2764759e-01  -4.2821296e-01   5.7278590e-01  -2.1972044e-01  -1.5688244e-01  -3.5430909e-02  -8.8675374e-02  -5.0831711e-02   3.2709860e-01  -3.6553630e-01   1.8091820e-01   2.8003079e-01  -1.5989139e-01   2.0995713e-01   3.1514666e-01  -1.1183979e-02   7.4621204e-02   1.8501713e-02   3.8700961e-01   1.3934488e-01   3.0658346e-02   5.7027134e-01   1.2968587e-01  -2.2560195e-01   4.5057376e-01   1.6009258e-01  -5.9534537e-02  -9.5266983e-02   3.1480643e-01   2.2842858e-01  -4.4507423e-02  -3.1287284e-02  -1.7598608e-01   3.4784451e-01   2.7594935e-01  -2.0259247e-01   4.1663594e-01   2.9881422e-01  -3.6493376e-01  -9.7728617e-02   1.9202025e-01   1.0573575e-01  -1.2884344e-01   1.0863396e-01  -2.5236258e-01   2.4729900e-01  -4.0957261e-01   1.9364485e-01   3.7762271e-01  -7.1356610e-03  -4.0003904e-02   2.1195623e-01   2.6927063e-01  -3.8427656e-02   1.6730647e-01   4.5992838e-01  -1.5776398e-01  -1.3373114e-01   1.8706034e-02   6.9497366e-01  -4.2905373e-01  -1.1018555e-01   3.3371236e-01  -4.8466957e-01   5.4314259e-01  -1.4131815e-01  -9.7995816e-02  -1.8755653e-01   2.2084421e-01   1.5553866e-01   3.3436391e-01  -4.5417500e-01  -2.4506502e-01   2.8354958e-01   5.3354898e-01   2.0679334e-01   3.6987480e-01  -6.3261185e-02   6.5106540e-01   1.0470545e-01   5.3654810e-01   3.1772066e-01  -1.0432525e-01   2.1003078e-01   1.9422193e-01   1.2286203e-01  -5.4739019e-02  -6.7382495e-02   1.9570476e-01   4.9038397e-01   3.5064989e-02   2.8749071e-02  -1.2311751e-01   2.1582335e-01
   3.2480227e-02   5.7750234e-01   6.5189744e-01  -2.4256733e-01   4.4329005e-02   2.7257587e-01   1.6442682e-01  -1.9576404e-01   5.3212454e-02   3.6652342e-01  -5.1771772e-01   0.0000000e+00  -9.3210421e-02  -3.4876079e-01  -4.9638710e-02  -9.9225655e-02   5.8501963e-01  -4.4633717e-01   2.0253919e-01   1.6649984e-02  -3.1004595e-01  -1.7478098e-01  -5.4168693e-02  -1.1799696e-01  -1.1988336e-01   8.1083186e-02   2.2616673e-01  -2.5424603e-01  -4.4292610e-02   6.4314088e-02  -2.3759771e-01  -1.4449210e-01  -8.4513622e-02   4.0892445e-01  -1.0935613e-01  -8.4794512e-02   3.1239986e-02  -6.5874247e-02  -6.8848860e-02   3.9824674e-01  -2.1676164e-01  -7.6020094e-02   4.0525493e-01  -2.7442472e-01  -2.3391262e-01   8.1977541e-02  -4.1798188e-01   6.5083438e-02  -4.2335127e-01   4.1982470e-01  -3.0843035e-01  -1.8388335e-01   4.3836707e-01  -2.1940491e-01  -2.9047376e-01  -3.2126037e-01  -8.3401906e-03  -9.0351393e-03  -3.7714164e-01   3.0985973e-01   4.7748905e-03  -1.4478881e-01   4.0800179e-01  -1.1530094e-02  -3.3034449e-01   1.1268785e-01   1.9104214e-01  -1.4054605e-01  -3.4096087e-01   4.8178700e-01   5.1697247e-01  -3.3756935e-01  -2.0629415e-01   2.4603731e-01  -1.3828925e-01  -1.3455740e-01  -1.1307378e-01  -7.5669158e-02   3.5024916e-01  -2.1422334e-01  -2.7323275e-01  -1.2057627e-01   1.6475009e-02  -9.8091474e-02   2.0562948e-01  -4.1815214e-01   7.1233373e-02  -7.7471011e-02   2.2917757e-01  -1.5894339e-01   1.3599719e-01  -2.5619248e-02   4.1319797e-01   4.8246124e-02  -1.5510293e-01   2.3660884e-01  -2.4026653e-01  -2.0632282e-01  -2.1539319e-01  -2.6235555e-01  -3.1377697e-01  -2.5400322e-01  -2.7577465e-01   2.6181253e-01  -4.0577229e-01  -2.3087794e-01  -5.5112309e-02  -1.5875058e-01  -2.2191503e-01   3.5125464e-02  -2.6010048e-02  -2.7583044e-01  -1.8198094e-01  -1.0680849e-01  -5.0016238e-02   1.8186194e-01  -2.4786996e-01  -1.1320058e-01   3.7518187e-01  -2.8984392e-01  -1.9082715e-01   4.8327344e-01   1.1169809e-01   6.4280808e-02   4.0806993e-03   2.2853104e-01  -1.2514837e-01   3.6373019e-02  -1.9895023e-01   5.0533432e-01  -8.9006011e-02  -2.7732938e-01  -7.0764225e-02   1.5879702e-01  -5.0235051e-02  -1.2158032e-01   5.8642962e-03  -2.2845511e-01  -2.5600630e-01   8.6786243e-02  -4.5971862e-03   3.2230327e-02  -3.9087641e-01   6.4007818e-01   4.8247688e-02  -3.7129024e-01   7.0670172e-01  -2.4774884e-01   7.1408128e-02   4.4866663e-02  -8.0830215e-02  -3.1960533e-01  -2.0282157e-01  -2.1164668e-01   5.5335564e-01   6.3041090e-02  -1.0665569e-01  -3.1204960e-01   4.4728778e-02  -2.5463382e-01  -2.0020073e-01  -3.2290169e-01   1.0904417e-01  -4.0365723e-01  -1.8050113e-02   2.0143651e-01  -1.3579496e-01   1.2812037e-02  -1.8267291e-01  -6.8213428e-02   2.1905326e-01  -1.0992045e-01  -3.9590659e-01   2.4501828e-01  -1.1342529e-01   3.7486790e-02  -1.1775340e-01
  -2.8290174e-01  -6.5889076e-03  -8.3715193e-02   7.1509339e-02   4.8661658e-01  -4.0114103e-01   8.3435761e-02  -1.4539253e-01   1.6907935e-01   1.4842586e-01   2.1130210e-01  -9.3210421e-02   0.0000000e+00  -6.1503712e-02   1.5992099e-01   2.8043180e-03  -8.3554047e-02   4.2765369e-01  -3.3940021e-01   3.8268218e-01   2.2767107e-01   2.0520550e-02   8.8495467e-02  -8.0690600e-02   3.9225116e-02  -1.3458172e-01   1.0824051e-01  -2.5812812e-01   1.3031920e-01  -7.5541180e-02   2.4471053e-01   2.5093410e-01  -1.1622238e-01  -3.3667622e-02   2.2570463e-01   4.2276649e-01   2.1821800e-01  -1.0095356e-01   1.4110508e-01  -1.2221177e-01   7.7134511e-01  -1.9818019e-01   6.7253768e-02   4.9564960e-02   2.5787230e-01  -1.8959214e-01   3.2121201e-01  -3.9144374e-02   2.7743245e-01  -3.6293193e-01   3.9837269e-01   1.6494410e-01   4.8429525e-02  -2.6684400e-01   8.7124673e-02  -4.3674919e-02  -4.6441457e-01   2.5961528e-01   1.0038326e-01   2.9100065e-01   1.3106912e-02   3.4916083e-01  -1.5803169e-01   7.0275337e-02   3.5427618e-01   1.4783674e-01  -2.8671050e-01   1.5331672e-01   1.2428428e-01  -9.8956096e-02   2.4240678e-02   3.4333588e-01   5.9305724e-01  -2.4719198e-01   1.4852240e-01   1.8813382e-01   5.9963060e-02  -2.4846330e-01   1.5570951e-01   2.4167006e-01   6.4429126e-02   3.7475732e-01  -7.9294903e-02  -3.5962301e-01  -3.1241046e-01   3.8606321e-01  -1.0405152e-02  -1.6874571e-01   1.0848363e-01  -2.2251789e-01   3.1165614e-01   3.5593282e-02   9.2364797e-02   4.5601993e-01  -2.0309457e-01   3.3230553e-01   3.8030934e-01  -2.9087472e-01   4.4244273e-01   1.6676441e-01  -6.3055430e-02   1.8197596e-02   3.0424105e-02   1.3732128e-01   2.8079065e-01  -1.2338354e-01  -2.2591498e-01  -1.4546258e-01   5.0808541e-01   2.8449192e-02  -8.8959639e-02   5.5506274e-02   1.7305918e-01  -1.9337201e-01  -1.7419553e-01   2.9270356e-01   2.3548661e-02   6.6122199e-01  -1.9996199e-01   2.7222714e-01  -3.1443429e-03   2.8549828e-02   3.5706201e-01   2.8349079e-01  -2.0704804e-01   4.0024810e-02   8.9501122e-02  -2.2480470e-03   8.2585482e-02  -1.2015492e-01   3.6735057e-01   4.2385837e-01  -1.5128485e-01   3.0687970e-01   3.4462286e-01   2.8259134e-02   1.2677852e-01  -1.3812091e-01   3.3692139e-01  -2.0865061e-01  -2.5456686e-01   7.2494272e-01   4.7552457e-02  -1.5841835e-01   1.6217442e-01   9.0669746e-02  -3.1311094e-02   2.8600256e-01   3.5617071e-02   3.5506976e-01  -1.7025346e-01   5.9606795e-02  -8.6820086e-02   1.6101889e-01   2.5225085e-02  -1.9363206e-01   5.5317604e-02   3.6322456e-01  -6.2389651e-02   2.5667227e-01   3.0538256e-01   1.0202497e-01   3.3019762e-01   2.0263371e-01   3.7570848e-01   1.9531099e-01   7.0064307e-02  -3.4578255e-01  -7.4075704e-02   1.1064955e-01   2.0601289e-01  -3.5282738e-02   4.7172398e-01  -3.1863432e-01   2.1637741e-01  -6.9064109e-02   1.2066557e-01
  -2.8244950e-02  -5.6268061e-01   6.2528001e-03   9.4695329e-02  -4.0088099e-01   2.6258345e-01   2.2030531e-01   2.3937043e-02  -4.5519934e-01  -2.3110981e-01   7.4470896e-02  -3.4876079e-01  -6.1503712e-02   0.0000000e+00   5.8441271e-02   1.7310663e-02  -1.5296897e-01   2.9296909e-01   5.3302333e-02  -3.6480277e-01   5.6793639e-01   1.7878224e-01   4.1852144e-01   2.7208174e-02   3.2336570e-01  -1.1646553e-01  -1.6427841e-01   4.0233745e-01   2.4780894e-02   7.2514767e-02   2.1418063e-01   5.6335044e-02  -2.7322087e-02  -1.7698456e-01   3.3330697e-01  -1.6537842e-01  -1.7584648e-01  -8.1313507e-02   2.0741344e-01  -1.8319097e-01   7.5936444e-02  -1.7631622e-01  -4.8699876e-01   4.7094962e-01   2.6127288e-01   8.7208227e-02   1.7939362e-01   2.4492903e-01   2.0035813e-03  -9.5241032e-02   1.2807264e-01  -1.2599524e-02  -4.0168763e-01   1.9271131e-01   5.9262478e-01   4.3678962e-01   4.8385802e-01  -1.6721366e-01   1.4010816e-01  -3.3987601e-01   1.3027525e-01   5.7082401e-02  -4.1951129e-01  -3.3618091e-01  -1.4314851e-02  -2.4164044e-01   1.2276238e-01   2.4691380e-01   2.4669373e-01  -2.9606887e-02  -4.5969454e-01   1.0026706e-01   1.0312983e-01   3.5827438e-01  -4.8228854e-02   3.2822549e-02   8.7562737e-02   1.7433218e-01  -4.4943964e-01   7.9270930e-02   5.7373321e-01   2.0712334e-02   4.5537986e-01   2.7784249e-01   2.9681506e-01  -7.0219823e-02   4.7579373e-01   2.4061365e-01  -3.7044167e-01   2.6600643e-01  -6.2742460e-01  -1.1388916e-02  -3.3821105e-01  -2.6872696e-01  -2.7499064e-02  -5.2496162e-01   1.7504289e-01   3.2541568e-01   1.7405837e-01   4.0272912e-01   5.2507855e-01   1.2875573e-01   7.2956622e-01  -2.2619987e-01   2.1872669e-01   2.6134271e-02   2.5594158e-01   1.8846088e-01  -1.8870187e-01   2.6267953e-01   1.0874279e-01   2.5192457e-01   7.6707064e-03   7.6718731e-03   5.2972564e-01  -5.1529187e-01   1.5446919e-01  -1.2013828e-01  -1.4712532e-02   2.0246633e-02   2.3686625e-02  -6.4705128e-01  -1.1206328e-01  -5.3692721e-01  -1.4400803e-02   2.0449765e-01   3.2619625e-01  -7.1722686e-03  -4.8221857e-02  -1.4977449e-01   6.4345014e-02   1.0877980e-01   2.6699473e-01  -3.2262547e-01  -4.5446532e-01   7.5489781e-03  -2.0176765e-02   7.3565179e-01  -1.3982072e-01  -7.4307780e-02   1.7011209e-01  -3.8306229e-02   5.1629287e-02  -1.3827755e-01   3.1552508e-02   5.4200332e-01  -2.5454257e-01  -3.5036945e-01   1.9198925e-01   5.5961756e-02   5.2048554e-01   6.2284024e-01   2.2645415e-01  -3.5622283e-01  -5.5932160e-01  -1.8678059e-01   1.2449564e-02  -9.2441081e-02  -2.1282350e-02   3.7978454e-01   1.5028306e-01   5.5021619e-02  -2.7789165e-01   1.4923939e-01  -1.6152251e-01  -4.5495680e-01  -2.9262357e-01   2.7058373e-01   2.4674538e-01   5.9175921e-02  -6.3198730e-01  -1.1224618e-03   3.4209444e-03   2.1963698e-02  -2.8082281e-02  -1.2146005e-02  -1.2263965e-01
