   0.0000000e+00  -3.2720218e-02   7.2072826e-02  -2.3439281e-01  -2.4702593e-01  -3.4136345e-01  -5.7263875e-02   4.0955056e-01   5.7101662e-01  -3.5189525e-01   1.2202649e-02  -2.7758227e-01  -3.1676510e-01   3.9205167e-01   2.6294513e-02  -3.8697774e-01  -2.9038694e-01  -2.3795516e-01  -2.4740315e-01  -2.5414695e-01  -4.5792748e-01  -1.1026997e-01  -3.2651752e-01   8.7795085e-01   3.0819857e-01   4.1011612e-01  -3.7659819e-01   3.0480790e-01   7.6062380e-02   2.2772875e-01  -7.6514452e-03  -4.4188220e-02   3.8772137e-02  -3.6465688e-01  -4.3476086e-01  -2.6651663e-01  -2.8602515e-01   2.8624446e-01  -5.2787700e-01  -2.5130725e-01  -3.6243882e-01   3.7479369e-02   3.2204600e-02   3.3675936e-01  -2.4257598e-01   2.1822129e-01  -3.1175278e-01  -2.5059647e-01  -1.3703401e-01  -1.4704775e-01  -3.0079286e-01   4.8534009e-01  -2.2156604e-01   3.5040171e-01   6.8751935e-01   2.5273304e-01  -1.6361163e-01  -2.4272174e-01  -2.9356501e-01  -2.1082013e-02   3.8661215e-01  -1.3397622e-01   2.8251038e-01   5.0950551e-01  -8.2044947e-02  -3.5527118e-01  -2.9909874e-01   3.4259035e-01  -1.3890196e-02  -1.8706338e-02  -8.3121790e-03  -3.1322495e-01  -3.5721917e-01   7.9877663e-01   3.4809094e-01   3.2131589e-01   5.2990855e-01   4.1813493e-01  -7.8844779e-02  -7.9593637e-02  -2.4709479e-01  -2.7587414e-01  -1.0369941e-01   4.4829986e-01   2.9331123e-01   3.3337334e-01  -1.7800416e-01   6.2643003e-01   4.2464187e-01   8.2517830e-01  -1.2173256e-02   4.0284597e-01  -1.4730649e-01   2.5408856e-01   5.1217163e-01  -7.1959173e-02  -7.8563152e-02   4.0224648e-01   7.6727170e-02  -5.6374073e-01   4.4806050e-02   4.6375895e-01  -2.0121121e-01   3.0150473e-01  -2.6323833e-01   1.8430155e-01   1.4697123e-01   2.0928369e-01  -1.5370824e-01  -2.1241239e-01  -9.1351068e-02  -3.7216297e-01   1.4745832e-01   8.6477992e-01   4.1557139e-01  -1.0632718e-01   4.1189234e-01  -3.6905439e-01  -1.5443741e-01  -2.4740212e-01   6.1591048e-01  -2.5631126e-01   1.7599332e-01  -3.6269966e-02   6.0017874e-01   7.4102455e-02  -3.0485201e-01   9.0348664e-02   4.1334585e-01  -4.2289768e-01  -3.7425117e-01  -3.4097752e-01   7.4480092e-01  -2.7640990e-01   6.4491309e-02   6.2356034e-01   9.7944929e-02  -2.1611573e-01   4.6052659e-01   2.8614773e-01   8.3325084e-01   1.3529955e-01   3.3302576e-01  -4.8158384e-01  -2.8739317e-01  -4.6230703e-02  -9.7549220e-02  -1.4174305e-01  -2.0494255e-01  -1.6933868e-01   3.5847181e-01   3.8963927e-02   6.6486008e-01   1.9320792e-01  -1.0785153e-01   4.8633463e-01   6.7384649e-01  -4.9389452e-01   1.3308083e-01  -1.2982034e-01  -1.6035266e-01   2.8901434e-01  -4.7057007e-01  -1.7277360e-01  -6.3111777e-02  -2.0673812e-01   1.3399947e-01   5.6662985e-02   6.2831729e-01   4.1163906e-02  -2.6751291e-01   4.3368790e-01  -7.2819581e-02  -3.6264643e-01  -4.3622343e-04   1.6480685e-01   9.9268283e-02
  -3.2720218e-02   0.0000000e+00   1.6536824e-01  -3.9106085e-02   1.9121918e-01  -1.2115334e-01   2.4700144e-01   1.0862424e-01   4.1871134e-01  -1.5873338e-01  -1.2716439e-01   1.7597835e-01  -2.0422927e-01  -7.7280374e-02   1.0250583e-01  -2.8276207e-01   2.0306861e-01  -1.8924127e-01  -3.1083801e-02  -2.5513576e-01   1.1397947e-01  -9.8600205e-02  -2.5756743e-01   3.4922013e-02  -1.7351279e-01  -1.6802614e-01  -1.5521750e-01  -1.6345429e-01   2.0186314e-01   3.1781104e-01   2.7728019e-01  -8.0342220e-02  -2.4679893e-01  -6.8088327e-03  -3.2205211e-02  -2.5046382e-01  -1.0533031e-01  -1.4663223e-01  -1.0048251e-01   6.8263687e-02  -2.0080572e-01  -4.2905679e-01  -5.9068357e-04  -1.4465738e-02  -1.2613654e-01  -2.4186790e-01  -1.4147486e-01   4.7260992e-01   3.3834393e-02   8.4735923e-02  -2.6129489e-01   3.5564836e-02   4.4261180e-01  -1.0537791e-01   5.2167931e-02  -3.2600748e-02  -2.0392403e-02  -1.4780490e-01  -2.0592635e-01  -3.2808312e-02  -6.5025622e-02  -3.3482803e-01   4.8121616e-01   5.4388159e-02   3.1207518e-01  -1.4903890e-01   1.1737833e-01  -1.1570384e-01  -1.0950057e-01  -3.4847859e-01   6.3624756e-01  -3.9662247e-01  -7.9051701e-03   9.0420322e-02  -1.7216485e-01   1.8138622e-01  -1.0095770e-01   1.5525584e-01   2.5562292e-01  -2.9865188e-01  -1.3923546e-01   8.9054702e-02   1.2956895e-01  -1.1866258e-01   2.4195704e-01   2.1485188e-01   1.1531632e-01   1.7658498e-01   4.1374944e-01  -6.1300688e-03   5.5713940e-01  -1.1912561e-01   4.7050871e-02   2.8948660e-01  -1.5979760e-01  -7.9794510e-02  -2.7740044e-01   4.3313794e-02  -3.8767693e-01  -2.7225205e-01   2.3705486e-01  -1.0726332e-02   3.1143502e-02   3.4905515e-01  -1.5508433e-01   9.1466112e-02  -2.1730609e-01  -1.7384605e-01  -1.4089492e-01   2.2264245e-02  -1.6337702e-01  -2.2973098e-01  -1.4059280e-01  -1.5901947e-01  -1.4623567e-01   4.0501982e-01   7.7704547e-02  -2.0613150e-02   8.0866949e-02  -3.0596390e-01  -1.9403429e-01   3.2280973e-02   4.0286912e-01   6.5655135e-01  -1.4128319e-01  -7.8807203e-02   1.8955325e-03  -7.5570924e-03  -2.3395093e-02  -1.4202354e-01  -6.5429856e-02   1.7267320e-02   6.9757714e-02   3.3364229e-01  -1.3389868e-03   1.6260241e-01  -2.5327307e-01   2.7299960e-01   2.0829424e-01  -7.8961761e-02   3.2528312e-02   1.5567129e-01  -1.4964137e-01  -1.2735171e-01   7.4021261e-02   2.5054007e-01   1.5972741e-01   6.1090580e-02  -3.9687763e-02   2.4355862e-01  -5.4496884e-02   1.7913062e-01  -1.8499362e-01   1.3306551e-01   4.2080676e-01  -7.0282039e-02  -2.0328616e-01  -7.3812095e-02  -1.4284303e-01  -3.3721034e-02   1.0839422e-01  -1.0824432e-01   1.0893732e-01  -3.0788565e-01   4.7453897e-02  -1.7028690e-01  -2.6062919e-01  -1.9775960e-01  -2.2862478e-01   5.6645311e-01   1.9853359e-01  -7.2336436e-02  -1.0051729e-01  -6.2128916e-02  -4.1244165e-02  -2.8838360e-01  -5.2865770e-02
   7.2072826e-02   1.6536824e-01   0.0000000e+00   1.0442871e-01   1.8007839e-01   3.9973375e-01   1.4456700e-01  -6.0609089e-02  -6.0192700e-02  -1.8336845e-01  -9.3692991e-02   3.5080553e-01  -2.1110641e-01  -1.4060473e-01   8.2128860e-02  -1.5934618e-01   7.1463026e-01  -2.8207505e-01  -8.3082714e-02   2.3448094e-01  -2.8367902e-01  -6.0419510e-02  -2.5888672e-01   4.7319503e-02   2.2391344e-01   5.1803674e-02   1.3064309e-01   1.5421927e-01  -1.5823750e-01  -1.0300211e-01   9.9558075e-02  -1.1191105e-02   1.5835236e-02  -1.7575776e-01  -2.0969023e-01  -5.0572145e-02  -3.9155088e-01  -3.2886922e-02  -1.6638057e-01   4.7934181e-01  -1.3185242e-01  -1.2043521e-01  -5.1112440e-02  -3.6653206e-02  -2.8945372e-01   1.8480761e-01  -6.1605231e-02  -2.7788751e-01   1.3190342e-01   5.7303989e-01  -1.5416300e-01   4.8484596e-02  -2.4418796e-01   5.5074431e-02   7.4615641e-02  -9.0165006e-02   3.5267429e-01  -1.3132422e-01  -2.1456444e-01  -2.8049248e-01   4.6100410e-01  -3.5155961e-01  -9.0994322e-03  -1.4759865e-01  -3.8621579e-01  -3.2686603e-01   2.1053287e-01  -2.3404942e-01   1.3670642e-01   1.3560816e-01   1.3326511e-01  -4.2334032e-01  -1.5306115e-01   3.4537021e-01   1.6829501e-02   2.2584401e-01   2.0657921e-01   6.6839512e-02   3.2338623e-01  -2.4688642e-01  -8.2739773e-02  -6.1491323e-02  -6.5215546e-02  -3.5209187e-02   4.3464339e-01   2.7093020e-01  -2.5159211e-01   8.3791383e-02   3.9381982e-01   3.7228044e-02  -5.8314119e-02   5.1109280e-01   2.8405785e-01  -9.9454792e-02   1.5682961e-01   2.1173973e-01  -3.3027960e-01   1.2080299e-01  -8.9076159e-02  -3.2070532e-01   1.4875775e-01  -1.7225910e-01  -9.9798053e-02  -1.5559333e-01  -3.6582517e-01   3.8299085e-01   2.4785718e-01   2.0658907e-01  -2.3607031e-01  -1.3396290e-01  -3.0077792e-02  -2.6849989e-01  -5.5870412e-02  -1.5751496e-02   2.4634539e-01  -1.9405057e-02   4.4371647e-02  -2.5384142e-01   6.7288682e-02  -2.2361638e-01  -1.2763367e-02   3.2730374e-01   3.0807989e-03  -1.4932466e-01   8.4033253e-02  -1.1891771e-01  -2.3014889e-01   2.4389248e-02   5.2140369e-03  -1.9651949e-02  -1.7515486e-01  -2.1383567e-01   2.8421475e-01   2.5613587e-02  -1.8820568e-01   2.5294451e-01  -2.5777685e-01  -4.4577014e-02   1.7300865e-01  -2.2501647e-01  -5.3653699e-02  -1.2819277e-02   3.0279481e-02   8.4728305e-02   1.0892446e-02  -6.7419361e-02   4.8509109e-01  -2.7732763e-01   6.5873205e-02  -2.2000322e-01   2.9363848e-01  -2.6160970e-01   1.9680150e-01  -2.1339136e-01   4.5609456e-01  -1.9899642e-01   2.4671940e-02  -3.9759031e-01   5.6065914e-01  -2.7419984e-01  -3.4825452e-01  -2.0283002e-02  -2.1171964e-01  -2.1124425e-01   6.6452456e-02  -2.0485079e-01  -1.3814942e-01  -2.0610312e-02   7.6318569e-02   1.2193162e-01  -1.2433787e-01  -1.2868124e-02  -4.3793395e-01   5.9650858e-02  -3.2593102e-01  -1.4165976e-01   1.3272933e-01
  -2.3439281e-01  -3.9106085e-02   1.0442871e-01   0.0000000e+00   3.5664232e-02   1.9782662e-01  -2.3620919e-02  -5.8759114e-02  -2.2697354e-01  -1.2141824e-04   2.8873136e-01   3.0957302e-01  -1.1971984e-01  -2.3751989e-01  -9.0589492e-02   1.9066093e-01   1.4280072e-01   3.3719607e-01   1.3052110e-01   1.6303897e-01   1.3959431e-01   4.4573385e-01   1.3763546e-01  -1.7802211e-01   3.7676582e-01  -2.2604226e-01   1.2933634e-01  -2.0360756e-01   2.3716282e-01   6.4542879e-02  -1.5373437e-02   2.2573131e-01   6.8294929e-03   5.5247933e-02   1.0955260e-01   2.2729119e-01   1.5252977e-02  -1.0693565e-01   2.5731790e-01   2.8083208e-02   1.0683254e-01  -2.3464228e-01   3.6258101e-01  -5.6974727e-02   1.8636980e-01  -3.5030140e-03   2.9094268e-01   1.1761894e-01   3.8761679e-01   5.0215566e-03   5.3870787e-01  -2.8529534e-01  -1.4883340e-01  -1.8191884e-01  -1.5284999e-01  -1.4225153e-01   1.3009610e-02   1.5177186e-01   5.0045795e-01   2.7380784e-01   1.8841464e-01   6.1956451e-02   3.8579974e-02  -4.1004890e-01   9.3724042e-02   1.7727830e-01   3.1101325e-01  -8.5348784e-02   1.4993253e-01   3.9892593e-02  -1.5376836e-01   4.0587740e-01   1.4767599e-01  -1.4778768e-01   6.9948065e-02  -1.8217020e-01   1.1907847e-01  -8.5130669e-02   1.4421166e-01   9.5941504e-02   6.3842961e-02   2.2554498e-01  -2.4171001e-02  -2.2934380e-01  -1.3044123e-01  -1.3326726e-01   2.3439179e-02  -8.6413634e-02  -1.6721302e-01  -2.8481275e-01  -2.3686238e-01   2.9356258e-02   1.0912305e-01   2.4904562e-02  -3.7224995e-02   1.5741995e-01   4.4812504e-02  -3.7548544e-02   1.9404167e-01   3.2690936e-01  -5.0139944e-02   3.0787632e-02   1.1816480e-01   1.1304970e-01   3.4160435e-01   4.6438013e-01   8.6075441e-02   1.8231754e-01  -9.2330650e-02   5.1679214e-02   3.9456466e-02   2.3715298e-01   5.8804734e-01  -2.4915407e-01  -2.0526605e-01  -1.9259131e-01  -1.2522443e-01   1.8540758e-02  -6.6277492e-02   4.4109685e-01   4.0700970e-02   1.0349995e-01   1.8263427e-02  -1.8933119e-01  -1.2036827e-01  -1.4374519e-02   1.3166973e-01   3.3880694e-01   4.3194161e-02   3.8854177e-02   2.3115438e-01   2.1249125e-01  -1.0375142e-01   3.5477148e-02   3.9318245e-01  -8.6701301e-02  -1.1910249e-01  -5.0189036e-03   5.3974240e-02   3.7078636e-02  -1.5416599e-01   5.6856840e-02  -3.6018756e-02   1.2253656e-02   1.6005338e-01   3.7838206e-02  -5.8079801e-02   1.1769778e-02   1.1032425e-01   2.8255192e-03  -2.1085814e-01  -1.4910980e-01  -1.2430891e-01  -1.4982996e-01  -1.6276402e-01  -3.2248780e-02   4.7137503e-02   2.4079699e-01   1.3711797e-01  -1.7824731e-02   3.0778337e-01   5.4041421e-02   1.4170540e-01   6.2412417e-01   1.2190055e-01   3.3693711e-02  -1.3993720e-02  -4.1895922e-03  -4.9025120e-02  -1.0866537e-01   4.0934885e-03   1.1876923e-01   1.6021563e-01   1.4535068e-01  -6.4782571e-02  -1.3102141e-01   8.9138196e-02
  -2.4702593e-01   1.9121918e-01   1.8007839e-01   3.5664232e-02   0.0000000e+00   3.3357969e-01   1.8262992e-01  -3.3751257e-01   7.5979688e-02   1.6027387e-01   3.0384137e-02   9.9560063e-02   3.5814898e-01  -4.3278545e-01  -1.7749001e-02   2.2467920e-01   2.1807982e-01   3.4369708e-01   1.9074750e-01   6.1874546e-01   1.0607906e-01  -5.4511185e-02   4.6831603e-02  -1.6931679e-01   8.1094123e-02  -2.2105366e-01   4.2295034e-01  -2.7459676e-01   7.1294579e-02   2.9021490e-02  -2.0714198e-01  -1.4266228e-01   1.0547044e-01   1.7693680e-03  -7.1762230e-02   5.7908577e-01   3.3875166e-02   6.1639229e-02   3.7618997e-01   3.5230552e-01   4.1087883e-01  -7.3531577e-02   9.2271329e-02  -1.6179744e-01   3.4230532e-01  -6.6527520e-03   1.0579063e-01   2.5931084e-01   9.2444796e-02   2.0431021e-01   4.0272192e-02  -2.2449892e-01   2.7796492e-02  -5.0841438e-02  -2.2814181e-01  -1.4654207e-01   4.9199190e-02  -1.1306919e-01   1.4609847e-01   5.8379139e-02  -1.7506136e-02   2.6094717e-01   2.8173452e-01  -2.8950897e-01   2.9062826e-01   3.6855980e-01   4.6637655e-01   1.2273762e-01   1.1750062e-01   4.6124896e-02   1.8158515e-01   1.0540785e-01   3.5707054e-01  -1.8432981e-01  -5.3300750e-02  -2.6570560e-01  -9.9858148e-02  -1.7624638e-01   5.6562235e-01   2.0540348e-01  -6.6408228e-02   3.0520494e-01  -1.3737865e-01  -3.8419218e-01  -1.7878099e-01  -7.2745051e-02  -3.3701877e-01  -1.7942110e-01  -3.4798813e-02  -7.9637793e-02   5.0642101e-01  -1.9332532e-02   1.3288520e-01   2.5881865e-01  -1.0081458e-02   6.7926256e-01   1.3580737e-01  -1.4905150e-01   3.6316024e-01   1.3453926e-01  -3.4467229e-01  -3.1947592e-01  -3.4456116e-01  -1.8912423e-01  -4.7016163e-02  -5.5367162e-03  -2.4734586e-02   3.8721894e-02  -1.2115255e-01   2.8603100e-01  -6.5923359e-02  -6.2288275e-02  -9.1896332e-02  -1.5755775e-01  -3.1781134e-01   4.9486988e-01  -2.0056242e-01   3.1278167e-01  -3.5431549e-01  -8.3187139e-03  -6.6857177e-03   7.0704973e-01   1.3585203e-01   2.8671175e-01  -6.2578728e-02  -2.7265014e-01  -1.3384466e-02   2.8043682e-02  -1.9562383e-01   4.5934343e-02   3.8791584e-01   3.1844059e-01  -1.1293890e-01  -1.6711205e-01  -3.4942911e-02  -2.1409667e-01   1.0930491e-03  -2.4858600e-01  -2.9943825e-01   5.3266796e-02  -1.1420542e-01   1.3036121e-01  -2.1897920e-02   7.9746440e-02  -3.6553662e-02  -2.4394453e-01   4.0623749e-02   2.9578207e-01   5.0185234e-01  -1.8455908e-02  -3.4812109e-01  -5.4071556e-01  -1.2941668e-01   2.3665372e-01   2.1396360e-01  -2.5065475e-02  -1.2334350e-01   1.5264355e-01   1.2085153e-01  -1.0827200e-01   3.1210435e-01   1.2086439e-02   5.4414997e-01  -1.4047305e-01   2.0223671e-01   6.1177702e-02   6.8347687e-02  -3.9693761e-01  -1.4761931e-01   3.3577261e-01   3.9439375e-01  -1.5894989e-02   4.6311454e-01   2.0711071e-01  -1.4469002e-01  -1.0483906e-01   1.1229151e-01
  -3.4136345e-01  -1.2115334e-01   3.9973375e-01   1.9782662e-01   3.3357969e-01   0.0000000e+00   2.0917810e-01  -3.4597557e-01  -4.4221363e-01   2.5941181e-01  -2.5716944e-02   4.7226999e-01   4.8741402e-02  -2.8615827e-01  -8.3375266e-02   2.2617980e-01   4.2734393e-01   1.0086182e-01   3.9235149e-01   4.1124489e-01   5.1462288e-02   2.3992128e-02   1.5175270e-01  -3.0558775e-01   1.1033805e-01  -1.3649435e-01   4.3945015e-01   1.0750681e-01  -8.0051953e-02  -1.6419004e-01  -1.5857370e-01  -2.4046680e-01   1.0945335e-01   1.3910986e-01   1.9927524e-01   3.0788424e-01  -7.5710282e-03   1.0637310e-01   2.3275270e-01   4.4849068e-01   3.1897412e-01   5.5714005e-02   2.6741690e-01  -2.4767026e-01   1.4259225e-01   1.4876201e-01   1.7707344e-01   4.1936443e-02   2.5968698e-01   3.1663452e-01   2.3215068e-01  -2.0853792e-01  -1.6973460e-01  -1.1281776e-01  -2.7992438e-01  -2.7273493e-01   4.1239092e-01  -1.6111357e-01   2.1154231e-01   9.6018945e-02   1.0015539e-01   1.5279152e-01  -4.5628729e-02  -3.8648907e-01  -1.9718625e-01   2.0775576e-01   6.9328087e-01  -8.8166592e-02   1.8994134e-01   3.0561191e-01  -7.2874500e-02   1.5636408e-01   8.7835445e-02  -2.0603344e-01  -5.8851955e-02  -3.5970293e-01   3.7037781e-02  -1.5515801e-01   3.2181442e-01   6.1835753e-02   4.0628506e-01   1.2131877e-01  -2.3624048e-02  -1.2110540e-01   5.1400488e-02  -2.7100468e-01  -8.8976481e-02  -3.0115421e-01  -2.3951596e-01  -2.4051392e-01  -1.3074022e-01   1.8558302e-01   2.8023881e-01  -1.6507809e-01   4.9737852e-02   3.5939512e-01   9.1482069e-02  -4.1341115e-03   1.7164200e-01   3.2434036e-01   4.7271242e-02  -2.2457948e-01   2.2558380e-02  -3.1561761e-01  -2.2335895e-02  -1.0106080e-01   2.0009835e-01   1.2289918e-01  -1.5372848e-02   1.4885041e-01   1.3920236e-01   1.4829663e-01   2.4695932e-02  -2.6334737e-01   1.1991745e-02  -4.5318648e-02  -1.9257803e-01  -4.9159622e-02   1.2701354e-01   1.8911310e-01   3.5526218e-02   3.7004300e-01  -1.7459533e-01  -2.9055842e-01  -8.0459685e-02  -8.9853679e-02   1.1169817e-01  -5.9831594e-02  -4.0679445e-01   3.1088109e-01   3.9312697e-02   2.9982208e-01  -1.0506102e-01  -7.5550255e-03   8.0070854e-03  -2.6341256e-01  -1.3798023e-01  -4.7460851e-02  -2.7509465e-01   9.4975378e-03  -2.2200515e-01  -3.4716069e-04  -1.6375177e-02   4.2081335e-01   1.5657910e-01  -3.3716014e-01   2.6333202e-01   1.0158001e-03   3.6351714e-01  -4.1855697e-02  -6.1835836e-02  -2.9459125e-01  -1.1503935e-01  -2.0629022e-01   1.8225995e-01  -6.9632461e-02  -1.2913537e-01   1.0003610e-01   3.5672371e-01   1.0334656e-01  -1.3697180e-01  -6.2647032e-03   3.1228556e-01  -4.5122943e-02  -7.9192540e-02   4.2063973e-02   1.3327567e-01   1.3193543e-03  -5.5070679e-02  -3.1984751e-02  -3.9507653e-02   9.7390363e-02  -3.2694864e-02   5.4530543e-01  -1.3007430e-01   7.5987532e-02  -6.4263376e-02
  -5.7263875e-02   2.4700144e-01   1.4456700e-01  -2.3620919e-02   1.8262992e-01   2.0917810e-01   0.0000000e+00  -1.9722618e-01   2.2251533e-01   5.1606619e-01  -4.1979724e-01   2.4731620e-01  -8.7408520e-02  -3.6563033e-01   6.5162776e-02  -5.0674606e-02   9.0325525e-02   9.2271692e-02  -2.2174845e-01   2.6698287e-01   4.4872175e-02  -2.6034646e-01   1.6745293e-01  -1.1318891e-01   9.8738921e-02  -3.7141300e-01   2.3521986e-01  -8.1972682e-02   1.8804234e-01   1.0560909e-01  -2.3222853e-01  -2.2084111e-01  -2.4155185e-01   6.4431417e-01   1.5085125e-01   1.6819281e-01   2.4287851e-01   1.2098574e-01   3.8712091e-02   3.6976395e-01   1.0487764e-01  -1.8250424e-01   3.2899171e-01  -3.5132844e-01   1.8510200e-01   3.1486376e-02  -3.3960860e-01   5.1968108e-01   6.7165301e-02  -2.1351945e-03   1.0540775e-01  -1.7974927e-01   4.8003743e-01  -2.6209423e-01  -2.4324497e-01  -3.3197821e-01  -3.2864135e-01  -3.1437602e-01   2.6367000e-02   1.8174924e-01  -2.1965884e-01  -2.9994847e-02   1.5981044e-01  -3.1030387e-01   2.9851086e-01   2.5463044e-01   9.5123750e-03  -4.0538785e-02  -2.9312806e-01   1.2376389e-01   5.3143706e-01  -1.2082985e-01   1.9545131e-01  -1.5703849e-01  -1.9939209e-01  -2.2984998e-01  -1.4121566e-01  -1.9219843e-01   4.8546611e-01  -1.4481513e-01   2.3525443e-01   2.9126989e-01  -3.9183079e-01  -3.1938454e-01  -2.0335068e-01  -1.0334363e-01  -3.5296626e-01  -2.8406384e-01   1.1149874e-01  -3.0429645e-02   3.0217250e-01  -1.8609999e-01   5.5314439e-01   3.4022722e-01  -2.7250501e-02   3.8550125e-01  -1.3392773e-01  -8.7543621e-02   8.1858047e-02   5.7543078e-02  -2.7258112e-01  -1.4640413e-01  -3.6205379e-01  -4.8338051e-02  -2.3778469e-01   2.5904130e-02  -2.1607134e-01  -1.3857467e-01   1.5549999e-01  -5.6945717e-02  -1.2690911e-01  -3.8519205e-01  -4.8683346e-02   2.1136795e-02  -2.7361553e-01   2.4403463e-01  -3.5235735e-02   9.2342236e-02  -2.3343767e-01  -3.6257615e-01  -7.9635019e-02   4.4364544e-01   2.3384035e-01   2.7862172e-01   4.9197826e-02  -4.5906112e-01   1.6994340e-01  -2.5168958e-02  -2.6180854e-01   4.3288175e-02   6.2970486e-02   3.1159096e-01  -9.7866829e-02   1.9122594e-01  -2.0139193e-01  -1.3800585e-01  -2.4833729e-01   3.4070753e-01  -1.9896459e-01   1.7659502e-01  -5.7930692e-02  -2.0222972e-01  -1.5532111e-01   3.5674499e-01   1.0405254e-01  -2.0107540e-01   5.9101744e-01   2.8817145e-01   4.1014932e-01   4.4761234e-01  -3.3055332e-01  -1.1452892e-01  -2.4690344e-01   5.5356774e-02   4.9985716e-01   8.6682436e-02  -2.1728217e-01  -2.6131613e-02  -1.5440696e-01   7.1429341e-02   1.6098015e-01  -2.8266357e-01   1.1648901e-01  -3.1500847e-01  -1.3162448e-01   2.7081293e-01  -1.4325881e-01  -3.5174777e-01  -2.2653707e-01   2.5490582e-01   4.0732726e-01   5.8157336e-02   2.1341790e-02  -1.3300226e-01  -1.9730128e-01  -2.0593069e-01  -1.1152555e-01
   4.0955056e-01   1.0862424e-01  -6.0609089e-02  -5.8759114e-02  -3.3751257e-01  -3.4597557e-01  -1.9722618e-01   0.0000000e+00   3.7181649e-01  -3.2077007e-01   2.8651518e-01  -2.3985148e-01  -1.7657737e-01   3.3628144e-01  -1.0894725e-01  -2.3764993e-01  -1.8728637e-01  -1.5117077e-01  -4.3563958e-03  -3.4054608e-01  -2.6959667e-01   3.0963120e-01  -3.7025461e-01   2.8783880e-01  -4.4004183e-03   4.5412856e-01  -3.3262083e-01  -2.4794903e-02   5.7532621e-02   3.5667798e-01   4.5478037e-02   3.5286439e-01   7.4842733e-03  -3.5158635e-01  -1.6652369e-01  -3.6768105e-01  -1.7555649e-01  -1.2576750e-01  -2.7919584e-01  -3.1586474e-01  -2.8081933e-01   9.7474555e-02   5.4758660e-02   6.8815709e-01  -3.0315107e-01  -4.0660234e-02  -1.0541241e-01  -1.8514426e-01  -1.9307427e-01  -1.3038593e-01  -1.8682576e-01   5.7204921e-01  -1.8841230e-01   2.0115326e-01   4.4766281e-01   3.9367969e-01   7.9698720e-02   3.3651511e-01  -1.3117767e-01   1.3360632e-01   2.7728296e-01   9.5387747e-02   1.3542678e-01   5.5767168e-01  -1.9152570e-01  -3.0621179e-01  -1.3900077e-01   1.8121519e-01   3.3061504e-01  -2.4728800e-01  -3.4508856e-02  -3.2150333e-02  -1.6234483e-01   3.4036907e-01   2.7025781e-01   4.6448073e-01   1.9969868e-01   4.9615628e-01  -4.4574000e-01   2.9930853e-02  -2.0552126e-01  -1.3612902e-01   1.9676403e-01   5.5413268e-01   1.8869364e-01   3.2634288e-01   1.0533096e-01   3.2513130e-01   2.5762689e-01   2.4661491e-01  -1.1029187e-01   1.6718283e-01  -2.8274208e-01   2.4637032e-01   1.0766436e-01  -3.7597006e-01   1.4852199e-01   4.7655596e-01  -6.0874601e-02  -3.4537138e-01   6.8877746e-02   4.8199030e-01   1.2720005e-01   4.0556378e-01   1.4563516e-01   3.3361297e-01   2.1323338e-01   4.6334096e-01  -4.4763028e-02  -1.5290225e-01   4.4257454e-02   9.8989708e-02   1.5817309e-01   3.2289120e-01   7.4347762e-02  -1.4541210e-01   5.2884522e-01  -1.1292146e-01   1.5663996e-02   1.3541772e-01   1.7441569e-01  -4.8704447e-01   1.9767516e-01   7.6586786e-02   1.3567294e-01   1.8374353e-01  -2.7383650e-01   2.4701151e-01   6.2953194e-01  -2.2358324e-01  -1.9066534e-01  -3.7656227e-01   2.5944216e-01  -1.6259247e-01   3.3725158e-01   6.9979082e-01   1.8814205e-01  -1.6129181e-01   5.8141213e-01  -9.3123755e-05   3.8050752e-01   6.1815129e-02   3.1198763e-01  -4.0366580e-01  -2.7228150e-01   2.0874291e-01  -2.1128093e-01  -1.2693044e-01  -4.9437442e-01  -2.0966366e-01   1.2264234e-01   2.9526299e-01   3.0014940e-01   1.9119224e-01  -1.6745311e-01   1.0044075e-01   3.8311686e-01  -4.0073418e-02   2.4151846e-02  -1.1222288e-02   1.8778581e-02   4.1864173e-01  -2.8640979e-01   1.4297292e-01   2.8765467e-01  -1.5672515e-01  -2.3126660e-02   3.6174197e-02   3.5998899e-01  -9.6256787e-03  -3.8318982e-01   7.6303703e-02  -3.0384537e-03  -1.8773027e-01   1.9748662e-01   2.6352552e-01   4.1488380e-01
   5.7101662e-01   4.1871134e-01  -6.0192700e-02  -2.2697354e-01   7.5979688e-02  -4.4221363e-01   2.2251533e-01   3.7181649e-01   0.0000000e+00  -1.0572862e-01  -1.9824807e-01  -4.1700693e-01  -2.5554189e-02   1.7453560e-01   1.7577440e-02  -2.4292786e-01  -1.9296292e-01  -1.2332403e-01  -3.3221986e-01  -1.4288225e-01  -2.8721146e-01  -2.1554232e-01  -3.1545606e-01   4.8067494e-01   1.1905586e-01   5.8826746e-02  -2.3353760e-01  -2.2928064e-02   2.7513183e-01   4.4506916e-01   5.9399113e-02   3.8142850e-03   4.2692589e-02  -1.3452193e-01  -2.8574723e-01  -2.7505456e-01  -5.9984285e-02   3.3010768e-02  -1.8667853e-01  -6.8950905e-02  -1.6052520e-01  -3.7228248e-02   1.9999048e-01   2.4715725e-01  -1.5880799e-02  -2.0008377e-01  -5.5571809e-01   1.3178530e-01  -3.3848856e-02  -1.6337958e-02  -3.8619776e-01   3.4864651e-01   1.8765051e-01   3.8593958e-01   4.9693788e-01   2.0607953e-01  -2.8207409e-01  -2.6462133e-01  -2.4895983e-01   6.7534502e-03   7.1739848e-02   1.5188304e-02   6.7644707e-01   3.2967006e-01   4.0326254e-01  -2.6308550e-01  -2.0551539e-01   5.0621947e-01  -2.0488296e-01  -3.6322092e-01   3.8397369e-01  -3.5271035e-01   5.9850105e-02   3.7715428e-01   2.7943892e-01   2.0632086e-01   1.2051579e-01   3.1828268e-01   2.0222554e-01   9.2308039e-02  -3.5286906e-01   4.7390827e-02  -1.1181762e-01   6.4962898e-02  -1.1992158e-02   3.4667627e-01   6.6434895e-03   4.0790037e-01   6.1432011e-01   4.6477015e-01   4.0003324e-01   3.8717521e-03   2.9983790e-02   6.4696844e-01   1.1728510e-01   8.5954531e-02   5.9581374e-02   3.6289396e-01   1.0525296e-01  -4.9262219e-01  -1.1833383e-01   1.9576937e-01  -3.4319791e-01   4.5990196e-01  -2.9580358e-01   2.6094943e-01   6.8766533e-02   1.6656850e-01   2.5210273e-02  -1.5480164e-01  -1.6806858e-01  -5.3030734e-01   1.6191243e-01   4.0204097e-01   2.3283647e-02   2.7213351e-01   4.8483117e-01   2.6856725e-02  -2.6681388e-01  -3.6211629e-01   2.3067616e-01  -5.2170333e-02   5.1473355e-01   5.6207554e-01   2.0595831e-01  -1.1251781e-01  -1.1655761e-01   3.3023464e-01   4.2534700e-01  -4.4394131e-01   4.1606938e-02  -1.3533129e-01   2.4779470e-01   2.6387553e-03   1.0804604e-01   4.7167909e-01   2.0997718e-01  -2.0328202e-04   3.1691471e-01   1.7776038e-01   5.5617118e-01   2.3631766e-01   2.2846297e-01  -3.7059833e-01  -2.2742966e-01   1.3662689e-01   5.8830831e-02   5.4927121e-02  -1.6576567e-01   1.7862623e-01  -5.8795263e-02   8.3546267e-02   2.6982917e-01   4.1976115e-01   1.9969846e-01   2.5639411e-01   2.8873015e-01  -2.8922763e-01  -1.6618237e-01  -1.6979654e-01   1.9071168e-01   9.9128952e-02  -2.0732090e-01  -2.8132848e-01   3.3072739e-02  -5.5486390e-02  -1.8663231e-01  -3.0455023e-01   2.8640294e-01   3.7926703e-01   2.9163227e-02   1.4962512e-01   1.6155828e-01  -4.7853988e-01   1.2277673e-01   1.3599153e-01   1.3384244e-01
  -3.5189525e-01  -1.5873338e-01  -1.8336845e-01  -1.2141824e-04   1.6027387e-01   2.5941181e-01   5.1606619e-01  -3.2077007e-01  -1.0572862e-01   0.0000000e+00  -2.4146725e-01  -4.6975369e-02   2.7871882e-01  -2.8709627e-01   2.7186528e-02   3.3687033e-01   7.9645515e-02   2.4978430e-01  -8.7849007e-02   2.6134616e-01   2.8200066e-01  -2.1249048e-01   5.7023949e-01  -3.3499189e-01  -1.1031092e-01  -3.0721734e-01   2.8981064e-01  -1.3828665e-01   1.1734418e-01  -2.5549443e-01  -2.3755153e-01  -1.4661666e-02   7.8636359e-02   7.6334110e-01   4.6065275e-01   1.6760015e-01   5.0378995e-01  -4.1201496e-02   3.3741599e-01   2.1170248e-01   2.4759085e-01   8.0585590e-02   3.7874881e-01  -3.3598136e-01   2.8438579e-01  -1.4033134e-01  -1.7600250e-01   4.5593634e-01   6.0977574e-02  -8.9242251e-03   2.2488993e-01  -2.4766040e-01   3.9127649e-01  -5.1789834e-02  -3.8692641e-01  -3.5279395e-01  -2.0617099e-01  -1.2751819e-02   1.7178543e-01   2.4850588e-01  -3.2752600e-01   3.2850502e-01   4.5366966e-02  -3.3744685e-01   1.8657269e-01   5.2434839e-01  -7.1801738e-03   6.7300676e-02  -3.9725019e-01   5.5347595e-02   1.6846516e-01   2.7628182e-01   2.4841816e-01  -5.2020999e-01  -4.1050134e-02  -4.3420485e-01  -3.9325969e-01  -3.9295253e-01   2.0974466e-01   1.9784273e-01   3.4762661e-01   1.7989007e-01  -4.3509445e-02  -3.7979481e-01  -4.2217352e-01  -3.1021921e-01  -5.3037483e-02  -3.7845814e-01  -2.7212322e-01  -2.5031018e-01   1.2009595e-01  -3.8046089e-01   4.7708526e-01   1.1491351e-01  -3.1404695e-01   2.9156389e-01   2.7725785e-01  -2.2963428e-01   1.0499561e-01   4.9680582e-01  -2.7750712e-01  -2.5008521e-01  -1.7935906e-01  -2.3123560e-01   1.1298242e-01  -2.7534961e-01  -7.7200427e-02  -2.1762671e-01   5.2397386e-01   5.7433758e-02   9.6601405e-02   5.8941904e-02  -1.1941305e-01  -2.0288487e-01  -4.3713196e-01   1.4115028e-01  -1.7988657e-01   3.1754283e-01  -1.2358017e-01   8.1820593e-02  -1.7389851e-01   3.5796324e-01   1.5987208e-01   4.7650041e-02  -1.8205480e-01  -2.7010592e-01   3.7855028e-01   1.1319700e-03  -2.7564071e-01   2.2805629e-01   3.4550556e-01   4.0577674e-01  -4.6035475e-01   2.7801703e-01  -1.5345591e-02  -4.2436559e-01   1.3242054e-01   2.5152599e-01  -4.5638552e-01   8.3810749e-02  -2.4863193e-01  -1.6812110e-01  -6.8397496e-02   4.4743843e-01   1.2107826e-01  -2.0683641e-01   2.8699579e-01   3.7302865e-01   3.8464368e-01   5.4975213e-01  -4.9619134e-01  -9.2135864e-02  -3.1613784e-01  -1.4108701e-01   7.4616780e-02  -6.9225838e-03  -3.4772956e-01   2.9563788e-01  -2.4819670e-01   2.9825215e-01   1.9579683e-01  -2.4785432e-01   5.2934227e-01  -1.1649419e-01  -1.8041276e-01   3.8329005e-01  -2.5129460e-02  -2.4482665e-01  -2.4201014e-01  -5.5796022e-03   2.1043389e-01  -1.7800063e-01   1.3231196e-01   1.9286759e-02   1.3455354e-01   1.1107810e-01  -2.0735926e-01
   1.2202649e-02  -1.2716439e-01  -9.3692991e-02   2.8873136e-01   3.0384137e-02  -2.5716944e-02  -4.1979724e-01   2.8651518e-01  -1.9824807e-01  -2.4146725e-01   0.0000000e+00   3.5073489e-02  -6.8158225e-02  -1.5670733e-02  -1.4359009e-01  -4.5082118e-02  -2.0647373e-01   3.3748547e-01   3.9744253e-01  -8.8896400e-02   1.5884114e-01   5.4209711e-01  -2.2353720e-02  -3.6675539e-02   5.0458434e-02   3.5948931e-01  -2.0985837e-01  -1.8226678e-01   1.1980237e-01   2.7917783e-01   7.7313790e-02   1.5204697e-01  -1.9922165e-03  -3.1268998e-01  -1.0741747e-01   2.8357650e-01  -1.2336548e-02  -1.8875547e-01   6.2427816e-03  -4.4542991e-01   6.5602457e-02  -1.5361000e-01  -1.0455904e-01   3.2371259e-01  -1.1884654e-01   1.4450251e-01   5.8829770e-01  -9.2658793e-02  -4.0261772e-02  -2.9233412e-01   2.3421113e-01   8.1796280e-02  -3.4594480e-01  -1.4747827e-01   1.6022088e-01   4.4217662e-01   2.4699218e-01   3.4816483e-01   2.3455691e-01   1.7301518e-01   2.5980986e-01   8.3528845e-02  -1.0146071e-01   1.6467549e-01  -7.3938166e-02   2.1154624e-01   1.8121971e-01   5.4783394e-02   5.8486641e-01  -1.2480378e-02  -4.2331668e-01   3.4689698e-01  -2.2439594e-02   1.2076688e-01  -6.9842826e-02   1.5536331e-01   3.3448211e-01   2.0714748e-01  -3.3628205e-01   6.9056048e-02  -2.7677151e-02  -1.3139163e-02   2.2640689e-01   3.0965229e-01   1.5909897e-01   5.4711281e-02  -2.2492159e-02   1.3400840e-01  -2.2624776e-01  -1.0214395e-01  -1.3953626e-01   2.4735170e-01  -3.1060450e-01  -1.3027554e-01   8.1334465e-02  -1.2488955e-01   9.9486940e-02   1.5208589e-01   1.0037476e-01   6.0861722e-02  -7.4562572e-03   3.1224813e-01   3.0394322e-01   1.2276425e-01   3.9857149e-01   2.2995098e-01   1.4487019e-02   1.8428602e-01  -2.1453581e-01   3.6759388e-01   4.4297519e-02   4.6782415e-01   1.9618734e-01   2.2508553e-03  -8.5819453e-02  -2.4665551e-01  -7.8453140e-03   2.4944099e-02  -5.0888422e-02   3.6112005e-01   2.0031146e-01  -2.2735005e-01  -2.9469393e-02  -1.6752072e-01   7.1803804e-02   1.6802323e-01  -2.5021942e-01   1.0843248e-01   2.5369791e-01  -2.8582856e-02  -5.1127942e-02   5.5266735e-02   1.2679265e-01  -1.2259475e-01   3.4195098e-01   1.5514019e-01  -2.3014290e-02  -2.7227975e-01   2.1293189e-01  -1.3683495e-01   1.9408908e-02   1.3322339e-01   2.2034123e-01  -3.7745094e-01  -1.4247173e-01   2.9698226e-01  -4.9242333e-01   1.6844943e-01   4.6389014e-02  -2.5111239e-01  -5.6503446e-03  -2.0839888e-02   2.1810219e-01   1.5769776e-01  -4.9679076e-01  -1.4734065e-01   3.2505497e-01   1.9115308e-01   1.6957313e-01  -4.3885094e-02   1.3652547e-01   5.3126408e-01   1.4639425e-01   5.7544726e-01   2.1907059e-01  -2.1455770e-01   4.3321575e-01   1.9954291e-01   2.9390998e-01  -1.9525978e-01  -2.9494155e-01   2.9273227e-02   3.0002305e-01   3.1091769e-01   8.0234437e-02   7.6831039e-02   2.7100325e-01
  -2.7758227e-01   1.7597835e-01   3.5080553e-01   3.0957302e-01   9.9560063e-02   4.7226999e-01   2.4731620e-01  -2.3985148e-01  -4.1700693e-01  -4.6975369e-02   3.5073489e-02   0.0000000e+00  -2.1586014e-01  -2.5497177e-01   1.0788322e-01  -4.0559878e-02   1.6377458e-01   7.3050475e-02   1.7310778e-01   1.9106549e-01   3.4271681e-01   2.7454792e-01   1.4013557e-01  -2.4535835e-01  -2.1139212e-02  -8.6380418e-02   1.4462917e-01   1.8007954e-02  -1.4842552e-01   1.3273717e-01   6.4273187e-02  -5.2795152e-02  -2.4517421e-01   1.7516436e-01   1.9640026e-01   2.9312570e-01   9.4266158e-03  -2.5144339e-02   3.6087188e-02   1.3013940e-01   1.2767479e-01  -3.7220761e-01  -5.7656545e-02  -1.5586984e-01   7.8985475e-02   9.9682273e-02   3.9424354e-01   9.1669656e-02   2.5559918e-02  -3.5714057e-02   2.5888040e-01  -1.6314317e-01   4.2083438e-02  -4.2260644e-01  -2.4418425e-01  -1.9497893e-01   2.7927415e-01   9.2462745e-03   2.5610600e-02   2.2746647e-01   4.0201449e-02  -2.5737748e-01  -2.8533918e-01  -2.5970525e-01  -3.4528471e-02   1.9384133e-01   1.9981454e-01  -3.8621487e-01   2.4338564e-01   1.1670486e-01  -2.9028340e-02   4.2257210e-02   7.7461975e-04   5.6514665e-03  -3.1475356e-01   5.1642036e-02   3.5720767e-02  -8.9774744e-04   1.8187011e-01  -3.1236387e-01   3.5743635e-01   1.5078015e-01   1.7925290e-02  -9.9803272e-02   1.3780353e-01   1.4796127e-02  -6.5696921e-02  -1.3879018e-01  -9.5879690e-02  -2.8960378e-01  -3.5747130e-02   9.0063507e-02   2.0307983e-01  -1.2153639e-01  -1.4255090e-02   3.1285818e-02  -3.4158275e-01  -5.7382160e-02  -2.0887550e-01   2.6964014e-01   1.2660994e-01   2.2658153e-02   3.0794546e-01   7.0912658e-02   1.5352619e-01   5.7982916e-02  -1.1620359e-01   1.6240280e-02  -2.8062223e-01   1.6982575e-01   5.0867563e-02   2.4930801e-01  -1.9758908e-03  -3.0658703e-01  -7.1348486e-02  -1.4542038e-01  -1.3779579e-01  -1.1591816e-01   1.5441564e-01   4.5645214e-02  -1.5788686e-01   2.1061309e-01  -7.3552583e-02  -1.3984363e-01  -9.4373253e-02   2.6150827e-02   1.6115336e-01  -1.8882262e-01  -2.1736803e-01   1.3158394e-01  -1.2829917e-01   1.7804844e-01   3.6218380e-02   1.6098920e-01  -5.3320552e-04  -6.6325833e-02  -4.8781602e-01   6.9654182e-02   4.4349434e-02  -1.5754835e-01  -3.0221052e-01  -1.2212172e-01   7.1779021e-04   1.5363082e-01   3.5334370e-01   1.2556182e-01   2.3751612e-01   3.2513129e-02   3.5682566e-01   2.1791859e-02   3.8885882e-02  -4.5604476e-02  -2.9392660e-01  -1.1261223e-01   2.8536454e-02  -1.9407607e-01  -2.1190522e-01  -2.4493733e-02   1.2867572e-01   1.6922898e-01  -1.1555641e-01   5.7875358e-02   2.5038325e-02   1.3323572e-01   7.8107010e-02  -7.9116276e-02   1.1346628e-01   3.4989643e-02  -2.7470250e-01  -1.6544492e-01   1.1392733e-01   6.5331281e-03  -8.9726003e-02   3.7096652e-01  -3.4528187e-01  -2.6583443e-01   1.1392147e-02
  -3.1676510e-01  -2.0422927e-01  -2.1110641e-01  -1.1971984e-01   3.5814898e-01   4.8741402e-02  -8.7408520e-02  -1.7657737e-01  -2.5554189e-02   2.7871882e-01  -6.8158225e-02  -2.1586014e-01   0.0000000e+00  -1.4311132e-01   1.3265554e-02   6.0571730e-01   2.8858385e-02   1.5542858e-01  -3.0034629e-02   2.9773164e-01   1.3526952e-01  -1.0907129e-01   4.4274157e-02  -3.0154302e-01  -1.2319841e-01  -1.5171559e-01   3.2100228e-01  -1.1368931e-01  -2.8118565e-03  -2.4293759e-01  -1.4881021e-01   3.2867617e-02   4.4782112e-01   7.2962484e-02   2.3029669e-01   1.6651007e-01   2.4737652e-01  -8.1613142e-02   6.9299257e-01   1.4076839e-01   6.3389150e-01   4.7819140e-01   8.1668410e-02  -2.1862048e-01   4.2651425e-01  -2.6746043e-01  -3.5146363e-02  -8.3323566e-02  -4.5157534e-02   1.9968777e-01   3.1967602e-02  -3.0861090e-01   4.7131222e-03   1.6829899e-01  -2.4309302e-01  -4.5774988e-02  -6.6618431e-02   7.6943238e-02   3.3095563e-01   1.0939891e-01  -2.3995137e-01   4.8977732e-01  -1.2797933e-02  -1.2465598e-01   2.1893768e-01   2.1490172e-01   4.6369180e-02   2.8189948e-01  -1.3868154e-01  -7.1452629e-02  -1.1508850e-01   3.3509786e-01   6.2438139e-01  -3.2138258e-01   2.0234990e-01  -3.3641390e-01  -4.0798673e-01  -2.0842356e-01   3.9630336e-02   6.1631604e-01   6.9667730e-03   4.4235879e-01  -4.3746469e-02  -2.2395384e-01  -3.9845817e-01  -2.8632027e-01   5.3993064e-02  -3.1346826e-01  -1.7082972e-01  -1.5509220e-01   5.2808872e-02  -3.0549071e-01   4.0930138e-02   1.9194702e-01  -2.6756064e-01   2.5186954e-01   4.8079566e-01  -1.5040268e-01   3.3597525e-01   3.3616388e-01  -2.9044258e-01  -2.6603866e-01  -2.1356522e-01  -2.3407062e-01   1.5559474e-01  -1.9913350e-01   1.1874275e-01  -6.2899452e-02   2.8716229e-01  -5.8838186e-02   9.7026854e-02   1.2529243e-01  -1.1943639e-01  -1.9587906e-01  -3.0270361e-01   1.4843647e-01  -1.6466252e-01   7.8265738e-01  -2.6589060e-01   1.8115855e-01  -1.8985496e-01   2.2583870e-01  -3.8857612e-02   1.6483130e-01  -3.2693622e-01   3.6675695e-02   1.1211837e-01   1.3321890e-01  -5.4397630e-02   1.1487564e-01   6.8722682e-01   2.3259771e-01  -4.3913382e-01  -7.9180475e-02  -5.6747595e-02  -3.6848312e-01   5.1457335e-01  -1.1657142e-01  -5.0569722e-01   5.3955981e-02  -1.9143417e-01   2.6350829e-01   6.3571589e-02   1.1286832e-01   9.0840657e-03  -1.1925599e-01  -1.2173110e-01   5.7681295e-02   7.1383300e-02   8.3104530e-02  -3.1090104e-01  -2.0080013e-01  -2.1634981e-01   5.7601947e-02  -2.8327913e-02  -6.5249107e-02  -2.3928831e-01   5.1499676e-01  -9.8016754e-02  -8.0258121e-02   2.1499116e-01  -1.4320106e-01   2.9181270e-01  -6.1646349e-03   1.3354069e-01   2.0029653e-01   4.7768350e-02  -2.2143514e-01  -1.9099224e-01   2.6404595e-02   1.3856480e-01  -1.8527612e-01   3.8744803e-01  -2.4082333e-02   1.3681639e-01   2.4738777e-01   1.3292238e-01
   3.9205167e-01  -7.7280374e-02  -1.4060473e-01  -2.3751989e-01  -4.3278545e-01  -2.8615827e-01  -3.6563033e-01   3.3628144e-01   1.7453560e-01  -2.8709627e-01  -1.5670733e-02  -2.5497177e-01  -1.4311132e-01   0.0000000e+00   1.4032320e-01  -9.3831394e-02  -2.0519162e-01  -2.2542342e-01  -1.3397833e-01  -4.6904967e-01  -1.6116199e-01  -6.9626841e-02  -2.5392939e-01   3.7117220e-01  -5.5021037e-02   3.7222025e-01  -3.5471921e-01   4.8089754e-01  -1.6035954e-02   2.6124953e-02   4.5165474e-01   1.8041665e-01   2.4501475e-01  -3.4013560e-01   1.5725171e-01  -5.0108635e-01  -3.6295389e-01  -1.4385747e-01  -2.8177428e-01  -2.5126626e-01  -1.8954426e-01   2.6028178e-01  -2.0090902e-01   4.4273565e-01  -9.2299669e-02  -1.2898503e-01  -2.7245129e-02  -3.5295788e-01  -2.5327463e-01  -1.6297024e-02  -3.1501055e-01   4.0132325e-01  -2.5717913e-01   4.5581245e-01   5.3903056e-01   2.2472402e-01   7.1979469e-02   9.7880068e-02  -9.5705217e-02  -2.3409826e-01   2.4068933e-01   1.5208432e-02  -1.3065538e-02   5.5206358e-01  -1.6905627e-01  -5.1153716e-01  -2.4466631e-01   1.7880326e-01   2.1841498e-02  -2.2659958e-01  -2.1207978e-01  -1.8042799e-01  -2.6484472e-01   3.5549712e-01   2.1330469e-01   4.4856883e-01   1.1773376e-01   2.2226038e-01  -3.7459127e-01   3.7765350e-02  -4.3133677e-02  -2.9009635e-01   3.2783579e-01   4.5105175e-01   4.2331369e-01   2.9885185e-01   5.5154341e-01   5.7821127e-01   2.5749842e-01   1.7170334e-01  -2.2660506e-01   2.1088262e-01  -2.7590513e-01  -4.1400813e-03   4.1854410e-02  -4.2131828e-01   1.5970143e-01   1.0438119e-01  -9.7145658e-02  -2.5155434e-01   5.2531497e-01   1.6634963e-01   4.5124683e-01   2.4680858e-01   2.3947899e-02  -1.0934296e-01   3.3718580e-01   3.8506073e-02  -1.0072697e-01  -2.1820513e-01   3.7726316e-01   9.8352632e-02   8.1147169e-02   1.9091554e-01   5.8698654e-01  -1.5662189e-01   9.3865818e-02  -2.6517246e-01   4.4544625e-01   1.0670182e-01   1.1684469e-01  -4.9777864e-01   5.3320973e-02  -8.4020812e-02  -2.2376137e-02   7.1158261e-01  -1.5732674e-02   3.7409481e-02   3.7789916e-01  -1.9289929e-01  -2.5825977e-01  -2.7235598e-01   3.6176041e-01  -5.8967102e-02   1.8047372e-01   3.7372912e-01   2.6786319e-01  -7.0470903e-02   3.6288611e-01  -2.1969249e-01   2.9073127e-01   1.4139078e-01   1.2121174e-01  -3.2441909e-01   1.1941959e-01   3.0834178e-01  -1.4354457e-01  -3.2882168e-01  -4.6453714e-01  -2.2061511e-01   5.8860517e-01   5.7860463e-01   4.5187982e-01  -1.3182255e-02  -3.1501420e-01  -1.0418276e-01   2.5497863e-01  -1.2681635e-01   1.2302675e-01   1.9848418e-01  -2.1084845e-01   6.2778608e-02  -3.9690562e-01  -2.4532778e-02  -8.1880500e-02  -1.3171672e-01  -9.5298441e-03   4.5429200e-01   4.7056437e-01  -2.0678233e-01  -3.5515356e-01  -2.2314759e-02  -2.0120768e-01  -2.1863902e-01   2.8986323e-01   2.7712366e-01   2.0395396e-03
