   0.0000000e+00   9.4749947e-03   1.3993422e-01  -4.9015277e-02  -2.4387205e-01   5.4018375e-01   4.7422109e-02   2.5111065e-01   1.9040638e-01  -2.2304596e-01   1.4305552e-01   5.4033288e-02   6.6996164e-02   3.6238739e-01  -5.8949322e-02   6.2504807e-02   1.7904945e-01   1.0083238e-01   1.4442228e-01  -2.8634673e-02   1.0589308e-01   1.1003520e-01  -1.7663034e-02   7.4722877e-01   2.6003811e-01   9.1974321e-02   1.9361486e-02   5.2237888e-01  -2.0026144e-01   3.2155696e-01  -1.9516738e-01  -9.9175922e-02   1.8477495e-01  -3.4217788e-01  -2.5815442e-02  -8.1521057e-02  -1.9504187e-01   4.6916826e-01  -1.8188102e-01  -2.2483705e-01   1.6231014e-03   1.6379856e-01  -9.8954139e-02   2.0516313e-01   1.2939971e-02   5.6136178e-01   9.6628082e-02  -2.3359065e-01   3.4561386e-02  -1.0228015e-01   9.4618214e-02   3.0679736e-01  -4.0153133e-01   3.8745990e-02   4.1181780e-01   1.9147644e-01   2.9598219e-01  -6.6157150e-02   2.4210700e-01   4.3494103e-01   4.3306837e-01   8.0273943e-02   4.9055291e-02   3.7465254e-01  -2.2549220e-01   2.5757174e-02   4.9095269e-01  -2.8135510e-03   8.0172218e-02   2.5445982e-01  -3.6108317e-01   2.4175969e-01  -2.1569797e-01   4.6351132e-01  -2.8429490e-02  -1.8305373e-01   5.5627536e-01   3.6349339e-02  -2.1842936e-01   7.2452638e-02   3.6597516e-01  -2.2088258e-01  -7.7392467e-02   2.4918382e-01   2.4896239e-01  -3.8470782e-02  -2.5949446e-01   5.1740019e-01  -6.5791182e-02   7.4043349e-01  -2.6575648e-01   4.4799943e-01  -3.8615640e-01  -7.2295908e-04   6.0702906e-01  -6.3236771e-02   3.8398746e-02   1.2368868e-01   1.0107576e-01  -4.4175338e-01   4.4627495e-01   3.8600074e-01   2.0622742e-01   4.2289157e-01   5.2586640e-02   1.0556588e-01   1.5539492e-01   2.4907016e-01  -4.7745035e-02  -1.4766355e-01  -3.4086710e-01   2.1232854e-01  -5.6344070e-02   5.7539859e-01   5.0923665e-01  -3.5521277e-01   1.5541907e-01   2.6537166e-02   5.4471426e-01   2.2255921e-02   6.1411754e-01  -9.1639579e-02  -8.8296186e-02  -1.9981542e-01   5.2391630e-01   5.3625350e-01  -1.3716767e-01   1.4089160e-01  -1.4721130e-01  -2.9377702e-02  -1.5308773e-01  -3.3769428e-01   4.5220267e-01  -2.1781532e-01  -1.3412448e-01   1.4756345e-01  -2.3123702e-01   1.4978533e-01   2.3357464e-01   2.4564298e-01   7.4804376e-01   6.0114107e-02   2.2021659e-01  -1.3855624e-01  -9.4805480e-02   2.7389932e-03  -3.5295392e-01  -1.6129843e-01   1.4618290e-01  -4.7279066e-01   5.3067983e-01   8.8566888e-02   5.6463111e-01   8.4922943e-02  -3.2325815e-01   4.1970773e-01   5.8637597e-01  -9.1535647e-02   4.8719144e-01   3.9380161e-01  -1.6721331e-01   1.3918721e-01  -3.0567539e-01   2.4090227e-01  -6.0189232e-02  -4.5874954e-01   8.3359099e-02   3.4941769e-01   5.0594035e-01  -4.7253098e-01  -3.0020067e-01   4.3367811e-01  -2.2434280e-02   2.6351651e-02   8.7347098e-02  -2.2325027e-01   9.4622080e-02
   9.4749947e-03   0.0000000e+00   4.6123271e-01  -1.6891191e-01   3.7635820e-01  -1.4629267e-01  -1.1716450e-03  -1.1389727e-02   3.1873476e-01   3.1259077e-01  -2.6128663e-01   4.2838827e-01   3.0055632e-01   7.0870328e-02   1.5927891e-01   2.4817826e-01   4.2519012e-01   3.3544372e-02  -1.4172208e-01   2.8619153e-01   6.5245977e-02  -1.9435478e-01  -3.5288582e-01  -4.8227861e-02   1.3066829e-01  -5.7542818e-03   3.3649842e-01   3.1480268e-02  -1.3873438e-01   4.9947866e-01  -1.1141519e-01  -2.3981423e-01   5.7332088e-01   3.5578809e-01   2.6520408e-01   1.8712743e-01   1.8815555e-01  -2.7349595e-01   2.3994125e-01   5.3610027e-01   2.8247147e-01   4.2478876e-01   2.3308968e-01   2.1703040e-01  -3.5129310e-01  -2.8012756e-01  -3.0669809e-01   6.4153186e-01  -1.2038749e-01   5.3046749e-01  -2.3243470e-01   6.4941379e-02   5.1136835e-01   3.7652823e-01   1.4981936e-01  -1.1442314e-01  -5.3583995e-02   5.3807883e-02   2.0921713e-01  -1.9236371e-01  -2.5969698e-01   1.1862101e-01   9.3874782e-02   2.6104551e-01   2.8934106e-01  -7.7342773e-02  -1.2668175e-01   2.3562633e-01  -1.5538990e-01  -2.0115132e-01   5.8169085e-01  -3.4331575e-01   3.7731469e-01   1.7083109e-01   7.4409423e-02  -1.8788023e-01  -1.7886884e-01   1.8450663e-01   5.3381935e-01   1.1690294e-01   5.1887088e-02   1.3966084e-01   1.4010443e-01  -1.3071808e-01   2.8105059e-02   1.0297072e-02   5.2321228e-01   4.2426043e-03   3.3761700e-02  -4.1875030e-02   4.8509998e-01   2.2952237e-02   2.3065979e-01  -1.1733839e-01  -8.3234185e-02   2.8183334e-01  -3.3842645e-02  -6.9563595e-02   4.2782941e-01   3.1081228e-01   2.5087805e-01  -2.6851535e-01  -1.6996210e-01   1.4881041e-01  -2.9367146e-01   2.9299946e-01   5.1763761e-01  -1.1307715e-01  -1.6739277e-01   5.2707446e-01   1.0105087e-01  -1.9064157e-01  -2.7774483e-01  -3.5727125e-01   1.5253879e-01   5.2571106e-01  -4.5139852e-02   4.5014683e-01  -1.1513204e-01   6.1568174e-03  -8.8026647e-02   4.2270133e-01  -9.6522580e-02   6.4027231e-01  -3.2408912e-01   5.6493035e-02   1.3381134e-01   4.4616576e-02  -2.2890372e-02   2.8606167e-01   4.0271823e-01   4.7090529e-01   1.1406674e-01   3.4311041e-01   1.6363366e-01  -2.3514742e-02  -8.2587330e-02   3.3573156e-01  -3.5653699e-01  -2.0271203e-02   2.6823419e-01  -2.8881567e-02  -2.2290124e-01   7.8559651e-02  -1.4071874e-02  -3.1311771e-01   4.9950957e-01   5.4691845e-02  -5.2636532e-01   2.5080697e-01  -1.2283832e-01   1.2525604e-01   1.5496218e-01   2.0175116e-01   5.5975370e-01  -1.0151587e-01   4.3197091e-02  -9.0238391e-02   1.7849221e-01  -7.6643249e-02  -1.2471856e-01  -1.1988532e-01   4.2241380e-01   7.8556557e-02  -8.6144929e-02   1.3375822e-01  -6.2150347e-02  -3.2363219e-01  -5.6611181e-03   4.7311252e-01   1.4606069e-01   3.6941522e-03   1.9301077e-02  -1.4420502e-01  -3.6294533e-02  -8.2655165e-02  -2.6397743e-01
   1.3993422e-01   4.6123271e-01   0.0000000e+00  -1.2553477e-01  -2.2962748e-02   1.9835549e-01  -1.4370748e-01   8.4697530e-02   2.2177542e-01   1.0457226e-01  -9.5474502e-02   3.1318988e-01   1.6391018e-01  -4.8617653e-02  -2.0061027e-02   9.0124249e-02   8.0847050e-01  -8.0238667e-03   4.0553510e-02   1.3408722e-01  -2.9988781e-02  -2.0158206e-02  -2.8859350e-01   1.5614334e-01   1.7117718e-01   3.2130037e-02   8.5328588e-02   1.5584527e-01   3.6938658e-02   3.6942468e-01  -1.5498629e-01  -2.5162650e-01   3.9874270e-01   1.9732110e-01   2.8679132e-01  -9.1053696e-02   1.8690490e-02   3.3478390e-02  -6.1396636e-02   3.9695854e-01   2.8533135e-03   3.7334510e-01  -2.2828214e-02   1.9920388e-01  -1.2609784e-01   1.6774355e-01  -9.3137661e-02   1.3178906e-01  -7.7903346e-02   6.9870334e-01  -6.4515210e-02   2.3343037e-01   1.2678632e-01   3.4305283e-01   2.0890653e-01   1.7925185e-01   9.5051068e-02  -6.8309283e-02   1.6645289e-01   7.3158261e-02   2.9686617e-01   1.4204264e-01   1.3953252e-01   4.1246727e-01   1.5750466e-01  -1.5921540e-01   1.0739811e-01   2.9500502e-02   1.1479193e-01   2.9936958e-01   2.9034551e-01  -2.7443341e-01   6.8158803e-02   5.1671398e-01   1.1735402e-01  -2.3210907e-01   2.5695467e-01   1.7944737e-01   2.6682137e-01   1.4922334e-01   2.0354841e-03   6.4070540e-02   8.8445574e-02   7.0597348e-02   2.8591903e-01  -1.0071100e-01   1.7795267e-01   3.5925996e-01   1.4548407e-01   5.3997883e-02   1.3393560e-01   5.9011544e-01   2.3950903e-01  -1.2303657e-01   2.2031817e-01  -5.1809005e-02   5.7882339e-02   7.8363809e-02   1.2767394e-01   1.9213189e-01   3.2938130e-01   7.9858991e-02  -1.8454269e-03   2.8398597e-01  -5.4249285e-02   1.8599050e-01   4.5027386e-01   1.9280211e-02  -5.0665020e-02   1.1916147e-01   7.3877637e-02   1.5182269e-02  -2.3862149e-01  -1.2712119e-01   1.3143767e-01   1.1559806e-01   8.3938595e-02   2.7535734e-01   2.1888668e-01  -1.1085096e-02   2.3985686e-01   8.0227133e-02   1.4341621e-01   3.0828224e-01   1.1713119e-01   1.4655126e-01   7.3593412e-02   1.6973955e-01  -7.0672944e-02   5.2075736e-01   1.1294781e-01   4.2298474e-02   2.4376626e-01   3.1817944e-02  -5.8485239e-02   1.0375715e-01  -1.4860087e-01   2.6011057e-01  -9.2031116e-02  -2.6453210e-01   3.0585959e-01   4.6180670e-03  -1.4690298e-01   2.7136354e-01   6.5089809e-02  -2.6419598e-01   2.8971523e-01  -3.5166221e-01  -2.5298331e-01  -9.7405621e-03   3.1435749e-01  -1.1520994e-01   3.9071788e-01   1.3916845e-02   5.0789831e-01  -9.7647927e-02   3.5391502e-01  -1.4374631e-01   6.1301070e-01   8.4859227e-02  -1.9920238e-02   1.9560794e-03  -2.0988525e-02   7.2439089e-02  -7.1998882e-02  -1.3946744e-01  -1.1383835e-01  -6.8391355e-02   2.1110612e-01   5.8723492e-02   4.6247768e-02   3.3634978e-01  -2.2818896e-01  -3.3692977e-02   1.2463502e-02  -4.1749121e-02  -7.9079173e-02
  -4.9015277e-02  -1.6891191e-01  -1.2553477e-01   0.0000000e+00   3.3524316e-02   5.7035317e-02   9.5640883e-03   2.2316984e-01   3.0753221e-01   9.1002920e-02   2.9246320e-01  -7.5865462e-02  -1.0623641e-01  -2.6848876e-02   2.0522890e-02   1.0398592e-01  -2.2488645e-01   2.8691512e-01   1.3075233e-01   7.7028431e-02   1.7543627e-01   4.8282077e-01   1.7463492e-01  -1.6820184e-01   8.7365285e-02   1.8872910e-01  -1.3124635e-01  -1.2727719e-01   1.9276992e-01   1.9492092e-01  -9.2550984e-02   4.3943351e-01  -7.4542692e-02  -1.1843200e-01  -7.9324555e-02   1.6727585e-01  -3.4510653e-01  -2.7711872e-02   1.7765693e-01  -1.9226452e-01  -1.0736642e-01  -1.5409706e-01   2.3522591e-01   2.1998714e-01   2.0540632e-01  -5.0632585e-02   3.2286986e-01  -2.2333210e-01  -1.3662437e-01  -2.2363783e-01   1.8777386e-01   6.9803979e-02  -3.0052717e-01  -1.7762834e-01   3.5038702e-02  -2.0729404e-02   1.4799078e-01   4.3959459e-01   2.7283670e-01   3.0220695e-01   2.6134312e-03   3.0525381e-02   1.3094759e-01   1.1363763e-01   3.6661958e-02   1.1800337e-01   1.6279291e-01  -1.3526512e-01   3.5572257e-01  -1.0485543e-01  -2.7265156e-01   2.6792245e-01  -3.2755177e-02  -1.9871076e-01  -9.9322765e-02   2.1290100e-01   4.9733730e-02   3.9218594e-02   4.3793112e-02   5.4053604e-03  -4.5651390e-02  -1.7424199e-01   4.2198739e-02   1.6942323e-01  -2.5250798e-01   3.1648374e-01  -1.4106101e-01  -1.2746255e-01   1.8872401e-01  -1.7460815e-01  -1.4773898e-01  -4.3934927e-02  -1.2942807e-01   2.7799150e-01   1.0589839e-03  -8.8239870e-02   1.0804209e-01   1.5891731e-01   8.5625984e-02  -2.0631286e-02  -3.1900207e-01  -4.4643420e-02   3.1431107e-01   3.0151315e-01   4.3802202e-01   3.5302330e-01  -1.3470109e-01   2.0544054e-01  -9.2899725e-02  -1.5554647e-01  -5.4015701e-03   3.4719488e-01   4.8365855e-01  -1.0247818e-01  -2.2841036e-01  -1.3105605e-01   1.2437225e-01  -1.3697998e-01  -2.5290164e-01  -3.9125552e-02   3.6342162e-02   7.2699162e-02  -1.0542610e-01  -2.6289025e-02  -6.8469159e-02  -7.7561047e-02   1.5747885e-01  -2.0112400e-01   5.5541846e-01  -1.5573454e-01   6.7005278e-02  -7.9189396e-02  -3.8886362e-02  -6.5872595e-02   3.4107693e-01   5.5745933e-02   9.5390382e-02  -1.5509572e-01   6.9254734e-02   2.1523101e-01  -5.2138060e-02   4.8979232e-02   2.6951662e-01  -2.5764245e-01  -7.0014084e-02   2.8937117e-01  -2.7520047e-01  -6.0769831e-02   6.1814702e-02  -3.4355569e-01  -2.3113783e-01   1.6078601e-01   1.4188440e-02   2.0558533e-01  -2.6167684e-01   1.7322908e-01  -1.7483079e-02   8.5149275e-02   8.8918691e-04   1.0453117e-01  -1.5119618e-02   3.6889564e-01  -1.0261689e-01   4.1097706e-01   3.9668193e-01  -2.2665556e-02   2.3971023e-01  -1.1239188e-01   1.0333208e-01  -1.7631832e-01   5.4450421e-03  -1.4760000e-01   2.5114181e-01   8.5792615e-02   2.2512848e-01  -8.1570671e-02   3.4915516e-01
  -2.4387205e-01   3.7635820e-01  -2.2962748e-02   3.3524316e-02   0.0000000e+00  -3.8411859e-01   1.2120541e-01  -5.5398153e-02   6.2995609e-02   6.5300808e-01  -1.7369705e-01   2.6277598e-01   3.9946459e-01  -1.5789347e-01   2.7328790e-01   1.2047566e-01   9.4655537e-02   6.6300216e-02  -2.8358212e-01   7.9826169e-01   2.3589696e-02  -1.6532257e-01   4.9690823e-02  -3.4591542e-01   3.6373005e-02  -5.3663891e-02   6.0248364e-01  -2.0189006e-01   1.9377978e-02  -6.7269224e-02  -7.6392177e-02  -2.7410391e-02   9.5923149e-02   4.2254734e-01   2.1638874e-02   5.8770252e-01   1.2202695e-01  -3.5007224e-01   2.7992906e-01   4.9935806e-01   4.8707706e-01   2.3389999e-02   4.4024457e-01   4.4389273e-02   9.4526227e-02  -5.0935719e-01  -2.0584111e-02   3.5877214e-01   6.5252257e-02   3.9320688e-01   2.1664946e-02  -8.3623192e-02   4.2857632e-01   1.2978422e-01  -1.1273428e-01  -1.0677974e-01  -3.0107999e-01   6.0300073e-02  -1.2959712e-04  -3.3457820e-01  -4.6775453e-01   4.3604578e-01  -7.9119905e-02  -2.0998011e-01   2.2187574e-01   4.0640943e-01  -2.7066566e-01   2.8351424e-01  -1.5534317e-01  -3.4162818e-01   3.9292603e-01   1.4247739e-01   4.1839090e-01  -2.2389348e-01   1.0201438e-01  -2.0010087e-02  -4.1671813e-01   1.4982749e-01   7.5448384e-01  -1.0712582e-02  -8.8728186e-02   1.1516021e-01  -9.1420353e-02  -2.6688002e-01  -2.5508869e-01  -2.0122084e-02   2.5169449e-01  -3.0289647e-01  -6.4825900e-02  -3.6006285e-01   6.7576138e-01  -4.0616363e-01   4.7509174e-01   1.8674668e-01  -3.9010852e-01   7.6508925e-01   1.8018492e-01  -2.5372801e-01   4.8041545e-01   2.8165920e-01  -2.8824074e-01  -1.8233400e-01  -1.9748097e-01  -2.9544886e-01  -1.3753167e-01  -6.8623116e-02   2.9169099e-02  -7.8790360e-02   1.8093781e-01   5.9065961e-01   2.2729042e-01  -1.7917859e-01  -3.2611343e-02  -2.6381312e-01  -2.7402533e-01   6.3812200e-01  -1.9695127e-01   3.4522026e-01  -3.6713710e-01   1.7088205e-01  -3.8877499e-01   8.4301078e-01  -1.0162328e-01   2.4576008e-01  -5.4899620e-01  -3.0771782e-01   2.9809921e-01  -7.8742017e-02   1.1454626e-01   5.0247749e-02   5.2254634e-01   5.8162382e-01  -2.3463123e-01   1.5119423e-01   3.7327131e-01  -6.7428982e-02   3.5394518e-01  -1.2718835e-01  -2.1170407e-01   1.9212145e-01  -2.3689238e-01   3.9537269e-02  -1.2211454e-01  -1.3233490e-01  -1.4024122e-01  -2.4660855e-01   2.8741882e-01   4.8242579e-01  -1.1648032e-01   2.4952950e-01  -5.5929544e-01   6.3487993e-02  -2.5539110e-01   7.6384229e-02   4.2035571e-01  -1.3910508e-01  -3.4513201e-01   1.7208779e-01  -3.0901999e-01  -1.4598151e-01   1.2360485e-01  -1.8746654e-01   6.2621842e-01  -9.2847304e-02   5.9667473e-02   5.1525126e-01   2.7550173e-01  -2.7324803e-01  -2.8786061e-01   5.1706395e-01   6.9345292e-01  -3.3189769e-01   3.5792324e-01  -1.3405563e-01  -8.2609167e-02  -9.0406024e-03  -3.2069300e-01
   5.4018375e-01  -1.4629267e-01   1.9835549e-01   5.7035317e-02  -3.8411859e-01   0.0000000e+00   2.2622610e-01   4.1908791e-01  -1.3569707e-01  -2.3289244e-01   3.7377902e-01   4.0573289e-02  -4.7693941e-03   4.3917507e-02  -4.2569192e-02   1.0610775e-01   1.6170501e-01   2.2487615e-01   3.2612109e-01   2.1359784e-03   1.4632354e-01   2.6821751e-01   1.5062442e-01   3.6908475e-01   3.4336421e-01   3.6177950e-01   8.2688151e-02   5.3223512e-01   9.8680233e-02   3.9993525e-01  -2.4239300e-01   6.4885233e-02   2.3202661e-01  -3.2497215e-01  -1.0264781e-01   2.7728550e-02  -5.4618092e-02   3.2009887e-01  -2.3464664e-01  -1.5425989e-01  -1.5393894e-01   1.6708670e-01  -1.9237308e-01   3.9589761e-01   1.3353924e-01   5.9672143e-01   3.2216902e-01  -2.1887666e-01   4.8086143e-02   1.5281268e-03   1.7367101e-01   4.8641303e-01  -4.7734134e-01   9.4956409e-03   3.5409831e-01   2.8473907e-01   5.6761256e-01   2.5330210e-02   1.6117047e-01   3.9060907e-01   4.3008546e-01   2.3553097e-01  -2.0409294e-01   4.6468321e-01  -3.1709489e-01   4.1847641e-02   8.4160417e-01   8.1372986e-02   3.8522501e-01   5.2837311e-01  -4.5724423e-01   3.6582711e-01  -3.7525319e-01   3.7954701e-01   3.8873568e-03   6.8156546e-02   5.6300624e-01   3.2519426e-01  -3.4247949e-01   2.5256302e-02   3.7351596e-01  -2.5884997e-01   7.0335714e-02   4.7663192e-01   1.2326850e-01   9.1192441e-02  -4.4284652e-01   3.6022997e-01  -2.7307603e-02   4.0731194e-01  -5.0163562e-01   5.2332179e-01  -3.3982049e-01  -1.8999893e-01   5.0545184e-01  -5.6494162e-02   1.5575901e-01   3.7560894e-01   1.3666413e-01  -3.3808652e-01   3.1757321e-01   4.7510808e-01   4.3681031e-01   2.8140075e-01   2.3752182e-01   3.7404571e-01   1.9614597e-01   5.6948572e-01   1.5007849e-01  -1.7149158e-01  -1.0336637e-01   4.1345252e-01   1.2571082e-01   2.8060280e-01   3.1463806e-01  -4.6957210e-01   3.1233603e-01  -1.0602044e-01   3.7151778e-01   1.9770416e-01   4.7217130e-01  -3.2124709e-01  -2.0312886e-01  -3.6285617e-01   5.5959875e-01   3.8318304e-01  -2.0979565e-01  -6.6061713e-02   1.4031652e-01   1.6957060e-01  -2.1678307e-01  -3.0156563e-01   2.8589230e-01  -1.4396235e-01  -2.9306517e-02   2.7744365e-01  -3.0138933e-01   1.6004605e-01   1.9204082e-01  -7.5486437e-02   4.9125518e-01  -9.7067228e-02   4.6708914e-01   4.7790624e-02  -8.2538997e-02   7.3387262e-02  -3.2318904e-01  -3.2099554e-01   2.7879327e-01  -4.2027304e-01   4.8786852e-01   1.8696758e-01   4.0222337e-01   2.6763387e-01  -3.2265620e-01   2.0465055e-01   5.1790895e-01  -1.1575125e-01   4.8491413e-01   5.1208006e-01  -3.7146086e-02   4.1237281e-01  -3.6938242e-01   2.9720019e-01   1.7772575e-01  -4.2077301e-01   2.2727050e-01   1.8198449e-01   4.0683721e-01  -4.4801503e-01  -4.3386748e-01   2.9776847e-01   1.4298339e-01   4.1615621e-01  -2.1122953e-01  -2.2608652e-01   2.4523496e-01
   4.7422109e-02  -1.1716450e-03  -1.4370748e-01   9.5640883e-03   1.2120541e-01   2.2622610e-01   0.0000000e+00  -1.9800561e-01  -2.6563670e-01   3.9828399e-01   3.0487617e-02   5.8408953e-01   2.5515079e-01   1.4266261e-01   6.0572688e-01   2.1760851e-01  -7.9943607e-02   3.6250185e-01  -2.2431038e-01   3.2983585e-01   4.2423929e-01  -1.4074919e-01   6.5054350e-01  -1.9567443e-01   2.3722626e-02  -1.2607883e-01   4.5324036e-01   1.2550042e-01   1.0213969e-01   1.6653647e-01  -7.3859473e-03  -9.0374474e-02   8.4340627e-02   3.3120503e-01   3.1715933e-01   5.2689091e-01   3.5232403e-01  -1.4676499e-01   3.9754664e-02   3.1380190e-01   3.8709454e-01   3.8906150e-02   1.3039277e-01   1.7578458e-01   3.2171669e-01  -5.9873375e-02   2.2808861e-01   4.7023570e-01   2.0059196e-01   1.6209384e-01   3.2308258e-01  -2.5975953e-01   4.7106077e-02  -1.6060303e-01   1.0397948e-01  -1.5728978e-01  -5.5974826e-02   1.2487119e-01  -2.2082764e-02  -2.8937544e-02  -2.6987743e-01   3.5964710e-01  -4.9948743e-01  -1.0190323e-01  -6.4139582e-02   5.5493259e-01   1.7063677e-01  -1.1052519e-01  -1.7752244e-01   3.3558531e-01  -1.5088590e-01   4.3874375e-01   6.0236452e-02  -8.5939238e-02  -2.7091873e-01  -2.0935709e-01  -1.0909102e-01   1.4870597e-01  -6.0496104e-03   3.2222813e-02   1.6668138e-01  -1.5245654e-01   3.1061465e-01  -1.2438025e-01  -5.1968674e-02   3.7420769e-03  -1.1629598e-01  -1.6704468e-01  -4.1462296e-01  -1.3908534e-01  -1.0399035e-01  -2.2370047e-01   1.3797668e-01  -5.7910104e-02  -8.7132218e-02   4.7720926e-01  -4.3851052e-02  -2.9368424e-01   3.6653103e-01   2.9780713e-01   6.8079532e-02  -2.0542827e-01   2.3257247e-01  -1.3255038e-01   1.4093740e-01   9.4548260e-03   6.7150227e-02  -2.1363953e-01   4.4539556e-01   3.2012990e-01   5.0763737e-01   9.9601058e-02  -1.3142496e-01  -1.1561137e-01   1.1283418e-01  -1.1546391e-01  -1.9400069e-01   5.4238446e-02  -1.2954284e-01   2.9492372e-01  -1.4231177e-01   2.1158314e-01  -5.9523484e-01  -3.9118888e-02  -1.4556580e-01   2.1220500e-01   4.2340263e-01  -2.9552117e-01  -3.7116726e-02   2.5929633e-01   1.4345628e-01   3.5570443e-01   7.2010975e-02   4.2814015e-01   2.3506397e-01  -3.0803460e-01   8.4785918e-02   1.6964639e-01  -3.6695616e-01   1.4591161e-01  -1.6339440e-02  -8.5464245e-02  -4.0614520e-02   2.5720364e-01   3.2776616e-01  -3.3399664e-02   2.3140863e-01   2.9135557e-01   4.9477399e-01   1.9731720e-01  -1.0584272e-01   2.7154605e-01  -2.3511584e-01   1.6309870e-01  -3.6312795e-02  -4.0359848e-03  -9.0143149e-02   3.9985937e-02  -2.2923943e-01  -1.1546188e-01  -1.6346965e-01  -8.9525597e-02   3.9222259e-01   1.4769116e-01  -2.4940516e-01   2.5822628e-01   4.1775557e-01  -3.0623728e-01  -7.8810638e-02   5.5291461e-02  -1.4724340e-03  -2.2126410e-01   3.3240692e-01   4.9237067e-01  -4.0784576e-01  -4.0897837e-01  -9.2839706e-02
   2.5111065e-01  -1.1389727e-02   8.4697530e-02   2.2316984e-01  -5.5398153e-02   4.1908791e-01  -1.9800561e-01   0.0000000e+00   1.9177172e-01  -1.8242647e-01   1.3242322e-01  -2.1460440e-01  -7.9145969e-02  -1.1468462e-01  -2.2842319e-01  -6.7552726e-02   4.5361241e-02   1.3783246e-02   2.9046218e-01   5.3085246e-02  -7.4151265e-02   4.7778708e-01  -1.8300198e-01   3.4872503e-01   3.9884123e-01   4.3702864e-01   5.0882020e-02   2.3953613e-01   1.4565449e-01   1.8900827e-01  -9.1420887e-02   6.8896799e-02   2.0088517e-01  -1.3199306e-01  -1.1498055e-01  -1.0887478e-01  -1.9626183e-01   3.9595166e-01  -1.8533515e-01  -1.5048691e-01  -1.3540646e-01   1.9717305e-01  -6.0408476e-02   4.1245338e-01  -1.2469173e-01   3.3993907e-01   1.3921932e-01  -2.4274347e-01  -4.9427678e-02  -1.2868114e-01  -1.0785970e-01   7.7918425e-01  -1.7067294e-01   1.8955840e-01   4.1386195e-02   3.9487748e-01   3.3619483e-01   1.1246597e-01   9.3814769e-02   2.2274174e-01   3.3866425e-01  -5.5561288e-02   9.0619735e-02   6.1544805e-01  -1.3027498e-01  -9.0278703e-02   4.0696371e-01   3.4759954e-01   5.3054321e-01   1.7851802e-02  -5.1680399e-02   7.2816072e-02  -1.8364713e-01   9.8508467e-02   1.7205324e-01   1.4819877e-01   3.3513767e-01   4.1120683e-01  -3.7284911e-03   2.0775764e-01   3.4257856e-01  -4.6700349e-02  -2.4645138e-01   3.3467080e-01  -1.3306116e-01   1.4355240e-01  -2.1316300e-01   1.9075393e-01   1.5387511e-01   2.5637270e-01  -1.0784032e-01   3.1858074e-01  -1.3789314e-01   7.8058383e-02   3.7730197e-01  -7.9843093e-02   2.4950747e-01   6.1464218e-01   2.1638146e-01  -2.5473205e-01   1.8013128e-01   4.8641807e-01   3.4022623e-01   2.8192597e-01   1.3829972e-02   3.3709276e-01   1.2971746e-01   6.2669074e-01  -1.7016108e-01  -1.9381924e-01  -2.2727442e-01   3.0664304e-01   2.8690061e-01   1.1479240e-01   1.0895906e-01  -1.0945033e-02   4.8536545e-01  -6.6720035e-02   2.3785534e-01   4.0518154e-02   3.1490638e-01  -1.4695280e-01   1.7674901e-01  -1.7940609e-01   3.4143380e-01  -1.9274472e-03  -1.9844244e-01   1.3486729e-01   2.5852310e-01  -9.3188307e-02  -2.1198564e-01  -3.2006613e-01   1.1419978e-01  -2.5096274e-01   3.2847788e-02   6.6459161e-01  -2.4435094e-01   1.1068890e-01   3.7177112e-01   2.0587550e-03   3.0964045e-01  -1.0021311e-03   3.3364434e-01  -2.2341879e-01  -1.8645444e-01  -4.9340876e-02  -1.4598371e-01  -3.0952515e-01  -1.4923244e-01  -2.3814955e-01   1.6318206e-01   4.3518749e-01   3.1546040e-01   3.7107582e-02  -1.4163525e-01   3.0125052e-01   3.5208733e-01  -1.8253264e-01   3.5100312e-01   5.8144263e-01   1.9321541e-01   5.0943489e-01  -3.0394704e-01   2.1299624e-01   3.7923752e-01  -2.4173488e-01  -1.0483780e-01  -2.8125292e-02   1.5659347e-01  -1.2876461e-01  -6.8245558e-02   4.0720663e-01   8.2081874e-02  -3.5285058e-02   1.3519734e-01   3.9879099e-02   1.5724525e-01
   1.9040638e-01   3.1873476e-01   2.2177542e-01   3.0753221e-01   6.2995609e-02  -1.3569707e-01  -2.6563670e-01   1.9177172e-01   0.0000000e+00   1.3483231e-02  -8.7392488e-02   9.0405656e-02   1.0835932e-01   2.4675499e-01  -1.6466768e-01   8.2064474e-02   1.3398682e-01  -1.3084357e-02   4.2429128e-02  -1.0124435e-01   1.8159465e-02   3.0352755e-01  -2.8663085e-01   2.4502667e-01   1.4548910e-01   8.7385697e-02  -1.1365066e-01  -1.4321338e-01   7.2427163e-04   2.6841049e-01   7.9775350e-02  -7.5549663e-02   2.2192281e-01   2.5781042e-02   2.6361464e-01  -2.4741622e-01  -5.4229733e-02   1.4253969e-01   3.4458600e-02   2.5910448e-03   1.1275407e-01   2.7696730e-01   2.0985231e-01  -3.8255238e-03  -1.2494770e-01  -1.3546415e-01  -1.7705189e-01   2.4072252e-02   7.3924277e-02   3.2552674e-02  -1.6354811e-01   2.1627163e-01   9.2098133e-02   3.2237114e-01   3.1210511e-01   4.7600835e-02  -7.8136713e-02   1.6647432e-01   1.3844360e-01   2.2959427e-01   3.0033342e-02  -7.1819068e-02   6.8405407e-01   1.5769966e-01   2.9489708e-01  -1.4649768e-01  -9.1879263e-02   1.8053531e-01   1.8590281e-01  -3.4356091e-01   2.5021975e-01  -1.1240882e-01   1.6564386e-01   1.2198945e-01   9.0555787e-02  -7.0723193e-02  -8.4249032e-03   1.1472220e-02   2.2778488e-01   3.1557996e-01   7.0705971e-03   9.3556760e-02  -8.2049871e-02  -1.8404907e-01   1.9990916e-02   1.2402658e-01   3.6151715e-01   3.0608177e-01   3.6256837e-01   6.4182435e-02   2.6579424e-01   1.0492374e-01   2.2335595e-03   4.2879311e-01   4.8269206e-02  -1.5340492e-01   2.2398536e-01   1.2363043e-01   1.4386483e-01   7.8229990e-02   6.2153617e-02  -8.6976776e-02   8.2120133e-02   5.6371601e-01  -3.3221606e-03   1.4581829e-01   2.9896054e-01   6.8605174e-02  -1.6799448e-01   6.2753531e-02  -2.0952410e-01   4.2103048e-02   2.3057714e-01  -1.0709334e-01  -5.0582118e-02   2.1475872e-01   6.5393104e-02   2.2683183e-01  -6.9385192e-02   1.1527704e-02   1.7082286e-01   7.5510115e-02   4.1654864e-01   3.6616370e-01  -1.6552513e-01   8.4234435e-02   5.1825933e-02   3.7238362e-01   1.5751523e-01  -9.9029517e-02   2.9937659e-02  -7.4918064e-02   1.9409463e-01   5.4021223e-03   1.4227072e-01   2.2969868e-01   1.6028633e-01  -1.1348674e-02   1.2552632e-01   2.3514557e-01   2.1378777e-01   2.6587231e-01  -7.8407259e-02  -1.1783744e-01  -9.3795827e-02   1.1111747e-01   4.8032654e-02  -1.2374062e-01  -3.0754567e-01  -4.2489971e-02  -1.0394550e-01   8.3828736e-03   3.0766139e-01  -4.3103169e-02   1.3549192e-01   2.7690895e-01   1.9489651e-01  -4.5497195e-02   2.8489840e-01   8.6409360e-02   1.6019782e-01   9.2112847e-02   2.4403478e-02   2.7621572e-01   1.6907526e-01  -1.0726660e-01  -2.6573670e-01  -2.0502257e-01   2.2479039e-01   9.8509772e-02  -1.2809902e-02   1.8805212e-01   1.1665296e-02  -2.8665468e-01   4.6496414e-01   1.3688554e-01   1.5581476e-01
  -2.2304596e-01   3.1259077e-01   1.0457226e-01   9.1002920e-02   6.5300808e-01  -2.3289244e-01   3.9828399e-01  -1.8242647e-01   1.3483231e-02   0.0000000e+00  -1.5841194e-01   4.7238636e-01   4.8705893e-01  -4.2026880e-02   4.9939645e-01   1.2680530e-01   1.3948625e-01   1.4809018e-01  -2.5682658e-01   6.7821580e-01   3.6595850e-01  -2.1632753e-01   3.8337440e-01  -4.1591189e-01  -9.9680082e-02  -1.7465121e-01   5.4271661e-01  -3.3389969e-01   5.6238531e-02   4.1553632e-02   9.7268843e-05  -3.0807834e-02   1.1753558e-01   6.6162133e-01   2.4196458e-01   6.4803605e-01   2.0151200e-01  -3.9172036e-01   1.8992237e-01   5.7676781e-01   4.9110491e-01   6.9906041e-03   4.7781248e-01   2.6297585e-02   2.8318184e-01  -3.4069210e-01  -2.4326728e-03   5.3754119e-01   7.4269046e-02   3.9983923e-01   3.2037351e-01  -1.0277399e-01   4.9481471e-01  -4.2809072e-02   5.8694562e-02  -2.8903687e-01  -3.2845070e-01   1.2630984e-01   1.2852214e-01  -2.0323724e-01  -3.9434714e-01   6.0143828e-01  -2.4703011e-01  -1.4653689e-01   3.3389674e-01   6.7284467e-01  -1.2936326e-01   2.4567613e-02  -1.8471693e-01  -2.7044200e-02   2.3394653e-01   1.8852784e-01   3.4898262e-01  -2.4604459e-01   1.8061813e-02  -1.6747421e-01  -2.4903246e-01   8.0289553e-02   5.7582186e-01  -3.3214117e-02  -2.1156882e-01   1.7178778e-02   1.4720681e-01  -3.4285973e-01  -2.2477252e-01  -9.9929064e-02   2.9352688e-01  -3.4955648e-01  -2.6165468e-01  -4.9843541e-01   4.7949807e-01  -2.7106791e-01   5.9935837e-01   2.2862239e-01  -3.3739135e-01   7.0354209e-01   1.2563914e-01  -3.6999715e-01   4.5632926e-01   7.0513911e-01  -1.9570666e-01  -3.1121931e-01  -1.4470805e-01  -2.1660230e-01  -7.8601843e-02  -1.9050539e-02   3.8229367e-04  -1.5416117e-01   4.6143179e-01   5.2963722e-01   4.6192023e-01  -2.1022652e-01  -1.4755178e-01  -3.5013954e-01  -2.7174464e-01   4.3304444e-01  -2.6648104e-01   3.8949813e-01  -3.6708792e-01   2.1321583e-01  -2.6437966e-01   7.2948950e-01  -3.1712881e-01   3.4432757e-01  -4.4710809e-01  -2.7378610e-01   5.4599840e-01  -2.2692248e-01   6.5139007e-02   2.7750350e-01   4.9005783e-01   6.9810121e-01  -1.9055751e-01   4.1161919e-01   3.8323308e-01  -1.8510912e-01   3.1939258e-01   1.5565306e-02  -2.7612707e-01   6.5522690e-02  -2.0616932e-01   8.2089210e-02  -2.8480731e-01   3.9909614e-02   1.7349814e-01  -1.9064447e-01   4.4886249e-01   4.7286084e-01   8.6745150e-02   3.1455762e-01  -4.5838798e-01   1.4303583e-01  -2.5025402e-01   1.0478519e-01   3.8455851e-01  -2.3966028e-01  -2.0156219e-01   1.2168125e-01  -2.6069367e-01  -2.9500851e-01   4.3276920e-02  -2.9270333e-01   6.8128618e-01   2.1679252e-02  -5.5191044e-02   6.2722831e-01   2.7356601e-01  -4.1930380e-01  -1.8165421e-01   4.3316291e-01   5.8876529e-01  -3.3063348e-01   3.0628876e-01   8.1643161e-02  -2.6397902e-01  -2.5911854e-01  -2.9647489e-01
   1.4305552e-01  -2.6128663e-01  -9.5474502e-02   2.9246320e-01  -1.7369705e-01   3.7377902e-01   3.0487617e-02   1.3242322e-01  -8.7392488e-02  -1.5841194e-01   0.0000000e+00  -2.6581732e-01   1.5780435e-02   8.2407171e-03   3.7056082e-02  -1.1753232e-02  -3.5390998e-02   4.6186902e-01   2.2130901e-01   8.9966086e-02   1.7698669e-01   4.0592647e-01   2.8942811e-01  -6.1165354e-03   2.3974836e-01   2.9362205e-01  -7.9414314e-02   2.5913244e-01   4.5985850e-02   3.3224067e-01  -8.0648431e-02   2.8396512e-01  -3.0450848e-03  -3.6676055e-01  -1.8647064e-01   2.6835657e-01  -1.0017811e-02  -6.1932739e-02  -8.3565503e-02  -2.9029642e-01  -1.1768651e-01  -1.4640669e-01   7.8596444e-02   4.9056820e-01   3.7906120e-01   2.6594802e-01   7.0164960e-01  -4.2320214e-01   8.6663246e-02  -1.7468526e-01   2.5121663e-01   7.4956107e-02  -5.2454047e-01  -2.5201582e-01   2.1348693e-01   2.2140679e-01   4.9371989e-01   2.5138161e-01   6.3539566e-02   3.8181231e-01   2.8654861e-01   2.1587281e-01  -1.3652104e-01   2.3543030e-01  -5.9315944e-02   5.7638772e-02   4.5705740e-01   5.2584407e-02   5.4963328e-01   1.3143588e-01  -5.4571361e-01   5.3798883e-01  -2.8436474e-01  -1.3288754e-01  -9.7024162e-02   2.0089793e-01   3.1543375e-01   2.4163245e-01  -2.2118895e-01  -1.4226728e-01   5.9992239e-02  -3.8015620e-01   1.7119234e-01   4.6486881e-01  -2.2490879e-01   2.9170182e-01  -3.1503137e-01   7.6584318e-03   8.5309260e-02  -5.0719238e-02  -4.5588581e-01   2.4167922e-01  -3.4032454e-01   1.5460466e-01   2.7311907e-01  -4.3677775e-03   1.2143285e-01   1.4481476e-01   1.2441301e-02  -2.9635375e-01  -1.4364541e-01   3.0095536e-01   3.8299520e-01   2.2317993e-01   6.5949725e-01   3.8928909e-01  -8.4468874e-02   4.7471892e-01   1.2155132e-01  -2.3270220e-01  -7.4326766e-02   4.6762925e-01   4.1422296e-01  -6.9067076e-02  -9.3149958e-02  -3.7113916e-01   1.3330957e-01  -1.2748651e-01  -1.6096573e-02   1.4451000e-01   2.5511998e-01  -1.4079989e-01  -1.7436996e-01  -1.6815978e-01   2.3345545e-01   6.5832930e-02  -1.4438376e-01  -1.5294527e-01   4.1636571e-01  -5.3427412e-02  -5.9508956e-02  -2.6185689e-02  -1.4499499e-01  -9.3985482e-02   2.9152098e-01   2.1836601e-01  -1.2727276e-01  -1.1947557e-01   2.0873325e-01  -9.0386487e-02   1.1239709e-01  -8.7391791e-02   7.6030258e-01  -3.8511892e-01  -1.7743713e-02   4.0899935e-01  -4.7709170e-01  -2.3330990e-01   4.2217259e-01  -3.3691099e-01   7.9283828e-02  -3.6941612e-02   1.0572309e-01   6.3203662e-01  -4.7777341e-01  -5.7655646e-02   2.4762670e-01  -8.3895594e-04   2.2315518e-01   1.5979717e-01  -5.6080673e-03   6.9027227e-01  -2.9191642e-01   5.4677017e-01   3.0646944e-01  -2.6078102e-01   5.9792242e-01   1.7036062e-01   2.0746823e-01  -4.8661237e-01  -1.5972650e-01   2.6676029e-02   4.6127975e-01   1.2973791e-01  -1.1711450e-01  -1.6636250e-01   3.9778911e-01
   5.4033288e-02   4.2838827e-01   3.1318988e-01  -7.5865462e-02   2.6277598e-01   4.0573289e-02   5.8408953e-01  -2.1460440e-01   9.0405656e-02   4.7238636e-01  -2.6581732e-01   0.0000000e+00   3.3896376e-01   1.0793282e-01   5.6010065e-01   2.6112544e-01   1.4347995e-01   1.5244751e-01  -1.6635109e-01   3.0791968e-01   2.7850089e-01  -2.3307934e-01   1.9439605e-01  -1.2375709e-01   4.6502671e-02  -1.7678188e-01   3.4022585e-01   3.1927071e-02   1.1449808e-01   2.7570510e-01  -4.4294364e-02  -1.5861544e-01   2.5080386e-01   5.3498968e-01   6.2557015e-01   2.5576733e-01   3.0900603e-01  -2.3263764e-01   3.8373114e-02   4.7777033e-01   3.9608155e-01   2.5921635e-01   1.8568014e-01   1.7453421e-02   1.6638759e-01  -2.0098306e-01  -7.6044700e-02   5.2573869e-01   1.3789841e-01   4.2617989e-01   1.6755497e-01  -1.4189776e-01   2.5383972e-01   2.2928919e-01   1.2353247e-01  -1.6054464e-01  -2.0050346e-01  -4.3487887e-02   1.5173232e-01   4.7261106e-02  -2.5769451e-01   2.6760241e-01  -7.5965117e-02   1.3904642e-02   1.8125948e-01   3.6745956e-01   1.1159889e-02  -1.4780336e-02  -2.1881568e-01   9.0098511e-02   2.3634726e-01   6.0621102e-02   2.4657122e-01   3.4550806e-01   6.3477673e-03  -2.6373930e-01  -1.4048239e-01   1.1253207e-01   3.2947480e-01   2.0741454e-01   5.0060563e-02   1.2579968e-01   1.6165799e-01  -2.1784151e-01   1.3844127e-01  -6.5257055e-02   2.7144994e-01   1.1937406e-01  -7.0539932e-02  -1.2585029e-01   2.3908322e-01  -7.4266656e-02   4.0247619e-01   6.7736368e-02  -1.6000250e-01   2.9125463e-01   2.5248852e-03  -2.7228662e-01   3.3711216e-01   4.5701757e-01   1.3376204e-01  -2.8380184e-01  -6.2450043e-02   1.0266047e-01  -6.4774539e-02   3.2261394e-02   2.5980850e-01  -3.3686653e-01   2.2882384e-01   4.2480962e-01   4.1849310e-01  -1.4288340e-01  -2.4965799e-01  -1.6575716e-01   1.1459781e-01   1.7851776e-01  -1.1542988e-01   3.3084091e-01  -7.3645296e-02   1.2417790e-01  -1.4886972e-01   3.7734899e-01  -1.2988733e-01   2.6386448e-01  -2.7951099e-01   3.5317797e-01   5.1758003e-01   4.1644391e-02  -1.4143594e-01   2.5854447e-01   3.0107458e-01   3.5789894e-01   2.2159491e-01   4.0343271e-01   9.4172272e-02  -2.1627777e-01   2.0963917e-01   1.5124823e-01  -3.8913796e-01   5.7898936e-02   7.2512825e-02   1.2150415e-03  -3.0673607e-01   3.3345964e-01   3.4804971e-01  -2.3252697e-01   5.1036779e-01   2.0550261e-01   3.3150148e-02   2.2025480e-01  -3.3557434e-02   8.6961972e-03  -4.4194307e-02  -6.0227147e-02   3.7261123e-01  -5.8835796e-02  -8.0975719e-02   1.5255132e-01  -1.9131593e-02  -1.4469655e-01  -1.0322602e-01  -2.7212753e-01   3.7046832e-01   2.4429740e-02  -2.4908164e-01   2.7524566e-01   1.5052940e-01  -2.6698486e-01  -6.3825336e-02   2.6294213e-01   2.1922832e-01  -1.5735331e-01   4.3190070e-02   1.0670050e-01  -1.2674205e-01  -3.2220064e-01  -2.2271822e-01
   6.6996164e-02   3.0055632e-01   1.6391018e-01  -1.0623641e-01   3.9946459e-01  -4.7693941e-03   2.5515079e-01  -7.9145969e-02   1.0835932e-01   4.8705893e-01   1.5780435e-02   3.3896376e-01   0.0000000e+00   5.9136011e-02   3.8967471e-01   2.8525696e-01   2.8161360e-01   1.7570134e-01  -2.5118665e-01   4.7264643e-01   3.3831941e-01   4.4252248e-03   2.1371340e-01  -1.0954444e-01   2.2040292e-01  -2.6833956e-01   4.4018842e-01  -1.3198624e-01   4.5170654e-02   2.6959550e-01   6.9433350e-02  -1.1666447e-01   3.4992229e-01   3.2968233e-01   3.1832089e-01   3.9595210e-01   4.7584481e-01  -2.2036719e-01   1.3804905e-01   3.8896069e-01   8.2268516e-01   3.1713798e-01   2.8037772e-01   1.3760944e-01   2.3694011e-01  -1.5646246e-01   7.0257987e-02   3.1071718e-01   3.5084810e-01   3.9746928e-01   1.7438977e-01  -2.5806073e-03   2.9084798e-01   3.0830048e-01   3.8170835e-01  -5.9457288e-02  -2.0340028e-01  -5.4801487e-02   2.2022702e-01  -6.7117925e-02  -1.1250392e-01   6.4254787e-01  -1.4042015e-02   1.4502262e-02   3.4515016e-01   3.4147276e-01   2.9602956e-02   2.6467934e-01   8.2992022e-02  -1.9960419e-01   1.0377373e-01   3.1901807e-01   5.5188511e-01  -4.6433136e-02   1.8438822e-01  -1.2053468e-01  -4.5739836e-02   1.5861753e-01   3.7635763e-01   3.4914680e-01  -5.0388079e-02   2.5421914e-01  -4.6171511e-03  -3.4750859e-01  -1.7987011e-01  -9.3232718e-02   1.5922105e-01  -1.4745115e-02   1.2460882e-02  -2.2153928e-01   3.8147527e-01   5.3666212e-02   2.4029291e-01   1.6755369e-01  -5.3615497e-02   5.5211571e-01   3.6424578e-01  -2.2700734e-01   5.0457686e-01   3.8113800e-01   5.1649063e-03  -8.5713106e-02   2.5154166e-03  -2.8554684e-02   6.6691955e-02   1.1161063e-01   2.7442052e-01   6.3535379e-02   5.1470653e-01   4.5053347e-01   1.4564276e-01  -5.2692498e-04   6.2490238e-02  -2.0196783e-01  -1.6604848e-01   2.3030092e-01  -2.1409144e-01   7.0330990e-01  -2.4200377e-01   5.3417149e-01   2.1504955e-02   4.4935910e-01  -3.6265145e-02   3.6359050e-01  -2.9741477e-01   1.4617685e-02   3.1949586e-01   2.6242734e-01   1.9096227e-01   6.9118817e-02   5.4793379e-01   4.8409663e-01  -8.4869362e-02   3.7665003e-01   3.6263431e-01   4.1305563e-02   3.8629013e-01   6.3299763e-03  -2.4092133e-01   5.0171035e-02   4.5940780e-02   5.3884076e-01  -7.2582935e-02  -1.7268583e-01   1.9515382e-01  -1.5606499e-02   2.1964515e-01   3.1252041e-01   1.2224089e-01   3.8550175e-01  -2.6811964e-01  -1.5896962e-02   1.9445354e-02   1.7802301e-01   2.0803644e-01  -9.0939692e-02   1.3701231e-01   3.9372408e-01   4.1246439e-02  -1.0413929e-01   1.5241092e-01  -8.4466722e-02   4.8382781e-01   2.2958771e-01   1.2722009e-03   2.1280981e-01   1.8884047e-01  -3.6187106e-01  -2.9738308e-02   2.0957285e-01   3.0498695e-01  -9.7041646e-02   3.2163127e-01  -4.9869124e-02  -1.6697616e-01  -1.5005284e-01  -7.0967916e-02
   3.6238739e-01   7.0870328e-02  -4.8617653e-02  -2.6848876e-02  -1.5789347e-01   4.3917507e-02   1.4266261e-01  -1.1468462e-01   2.4675499e-01  -4.2026880e-02   8.2407171e-03   1.0793282e-01   5.9136011e-02   0.0000000e+00   1.2772562e-01  -3.1259765e-02  -5.2594173e-03  -1.2630331e-02  -1.8102436e-01  -2.1467334e-01   1.0446808e-01  -5.2415236e-02   1.3456954e-01   2.0389790e-01   2.0394503e-03  -8.5959263e-02  -1.1453316e-01   1.2818444e-01  -4.1833119e-01   7.0858059e-02   3.1786949e-01  -2.3925836e-01  -1.5308882e-01  -2.1759440e-01   2.4942445e-01  -8.2361038e-02   7.3878153e-02   1.3984122e-01   3.7544053e-02  -1.5704599e-01   1.7283117e-01  -1.1697349e-01   1.0647811e-01   5.0870002e-03   2.3908122e-01   1.2053951e-01  -1.1091620e-01   1.6443134e-01   4.1891319e-01  -1.7639130e-01   1.1942227e-01  -1.0628267e-01  -6.9106138e-02  -5.0092625e-02   5.5377615e-01   1.0400770e-02  -6.7856441e-02   5.1065594e-03  -9.9321125e-02   1.0388551e-01   6.0537457e-02   9.2054686e-02   8.7780899e-02  -9.0584809e-02   2.0573205e-01  -8.1356269e-02   1.3550584e-02  -8.0137573e-02  -2.6974047e-01   1.0934176e-01  -1.6260898e-01   8.8768625e-02   6.2698422e-03   2.1778342e-01   2.6308933e-02  -9.3553672e-02   1.3167326e-01  -2.0623642e-01  -2.7842074e-01   3.9766767e-02   2.7975342e-01  -1.9946721e-01   3.5847934e-01   3.1315731e-02   5.1714865e-01  -2.4376228e-02   3.6363215e-01   3.8387476e-01  -4.9663318e-02   2.2309049e-01  -1.4073201e-01   7.3132478e-03  -3.8090595e-01   9.4390677e-02   1.7391982e-01  -1.9246143e-02   5.7608650e-02  -2.9717814e-01  -1.2623988e-01   2.4480301e-02   3.6218039e-01  -1.0811897e-02   2.2663738e-01   1.9780492e-01  -6.9492958e-03  -2.1591125e-01  -4.6871745e-02  -1.4951509e-01   1.4922997e-01  -1.7483482e-01  -3.6383712e-02   1.4549735e-02  -1.6108781e-02   2.2248774e-01   4.1518080e-01  -2.4891418e-01  -2.2725228e-01  -7.3210859e-02   3.3002774e-01   3.1622824e-02   2.4603912e-01  -5.6407635e-02   8.6907415e-03   3.3957542e-01   7.2417672e-02   5.5171478e-01   8.0091958e-02   5.5548281e-02  -2.4022095e-01   1.1896009e-02   8.4380297e-02  -4.2515855e-02   3.6125653e-01   3.4291283e-01  -6.9312835e-02  -9.8687896e-02   1.3178885e-01   3.1747290e-01   8.9625713e-02   1.7551709e-01   1.9996347e-01   7.5536324e-02  -9.1114992e-02   1.6896110e-02   3.0927565e-01   3.4713260e-01  -1.4446526e-01  -4.5101263e-02   2.1144299e-01   2.2793166e-02   3.2996402e-01   1.7307044e-01   4.3798712e-02  -1.0691432e-01  -2.2828844e-01   1.5294736e-01   2.7248580e-01  -7.5755900e-02   1.5655292e-02   4.3024214e-02  -6.7409954e-02  -2.4402899e-01  -4.9491960e-02   1.8788376e-02  -1.8461987e-01  -2.7797554e-01  -1.3047017e-01   1.9605713e-01   2.9315007e-01  -1.8285942e-01  -1.4742511e-01  -8.7004846e-02   7.2559877e-02   1.9031320e-03  -6.3450841e-02  -1.9736252e-01  -6.4237748e-02
