   0.0000000e+00   1.6633453e-01  -3.1876306e-02  -2.1673020e-01   1.0706398e-01  -8.8046585e-02  -1.1211634e-01   3.6505651e-01   1.1935113e-01  -1.2244051e-04  -3.1360604e-01   6.7497052e-02   1.6815222e-02   1.7694785e-01  -1.8785674e-01  -3.2130644e-01   2.2915428e-03  -9.5006851e-02   2.2183907e-01   1.1336682e-01  -3.5064303e-01  -1.7292503e-01  -1.5221890e-01   6.4734122e-01   2.1310416e-01   3.1777196e-01   5.2479928e-02   5.7487495e-01  -3.3118315e-02  -2.1117970e-01  -1.7083002e-01  -1.0298512e-01   3.7133192e-02   3.2876614e-02  -4.5851918e-02  -4.5656916e-02   1.5496979e-01   2.4389743e-01  -3.4975986e-01   8.3987687e-02  -2.3540028e-01   8.3084561e-02   9.1713256e-02  -1.9078852e-01  -2.2031383e-01   2.6523263e-01  -2.6381747e-01  -4.1696753e-01  -1.3123904e-02  -6.0074687e-02  -1.9736704e-01   1.4950106e-01   5.4675754e-02   1.5417617e-01   2.9118200e-01  -1.9005278e-01   1.6430414e-01  -1.9502886e-01  -1.4570258e-01  -2.6266348e-02  -2.8151639e-01   2.4173187e-02   1.4075788e-01  -3.0490640e-04  -8.5087233e-02   3.2114984e-03  -1.5469760e-01  -9.2646885e-02  -2.1036763e-01   2.9083746e-01  -8.5488558e-03  -3.4861853e-02  -1.4265590e-01   5.5355795e-01   1.8152253e-01  -9.0313225e-02   5.3228836e-02  -5.4792625e-02   1.5739760e-01   3.7606268e-02  -1.9930258e-01  -1.6461332e-01  -2.8082471e-01   2.5858150e-01   2.6898768e-01  -1.4968761e-01  -2.4062425e-01   1.8551538e-01   2.4725531e-01   7.8112300e-01   2.0167775e-01   1.1094387e-01   1.9353298e-02   1.1002768e-01   1.0552154e-01   2.2626044e-01  -3.9837029e-02   2.9944117e-01   3.1584212e-01  -4.2698797e-02   2.8843059e-01  -1.5442431e-01  -3.6042394e-02   1.4438825e-02  -2.0013844e-01   3.0848903e-02   1.5331681e-01   2.0788144e-01   8.0864511e-02  -2.4067966e-01  -1.8939693e-01  -2.0638935e-01  -9.6227490e-02   8.3385825e-01   2.0284889e-01   1.1607590e-01   1.0569007e-01  -4.6100490e-02  -1.6558032e-01  -1.8494041e-01   3.8755028e-01   7.0609638e-02   2.2576681e-03  -9.8681551e-02   6.2565717e-01   1.8633401e-01  -2.5052373e-01   1.8533550e-01  -1.0994385e-01   5.8783358e-02  -8.2103380e-02  -3.5425527e-01   4.6645363e-01  -3.5918745e-01   1.7206039e-01   4.6083011e-02   8.2380987e-02   1.1800675e-01  -2.3217456e-02   6.1043505e-01   8.3355911e-01  -7.9458704e-02   1.8942011e-01  -2.2026947e-01  -2.3084376e-01  -3.6560095e-01  -1.6892657e-01   1.5557967e-01  -1.7173013e-01  -1.8743265e-01   6.0274407e-01   5.7046493e-02   3.2229550e-01   1.5017643e-01  -2.4088181e-02   4.9073044e-01   5.5735282e-01  -1.9985297e-01   1.5881857e-01  -2.3342986e-01   1.2825393e-01   8.2039805e-02  -2.5082567e-01  -1.7942691e-01  -1.8370244e-01   2.5287928e-01  -4.1330163e-02   4.7695922e-01   5.7260998e-01   5.5825900e-02   2.0846966e-01   2.5809388e-01  -8.3028584e-02  -2.4526580e-01   1.7873217e-01  -2.5019781e-01   9.0673018e-02
   1.6633453e-01   0.0000000e+00  -3.5917422e-02  -5.2063773e-01   5.2888940e-01  -5.8064810e-01  -6.3425642e-01   2.0710130e-01   6.3244614e-01   8.6088660e-02  -4.6738896e-01   2.7311294e-01   8.1833581e-02  -2.3538011e-01  -3.6959916e-01  -4.3024955e-01   3.8058916e-01  -2.8328275e-01   3.3368347e-01   1.3113883e-01  -6.3183689e-01  -3.7677936e-01  -7.0855264e-01   5.7831101e-02   2.6701114e-01   2.8564114e-01  -2.1258421e-01  -1.6969128e-01   1.0961500e-01  -1.1715604e-01   4.2792299e-01  -3.1625945e-01   1.1928879e-01  -2.3145784e-01   1.5488884e-01  -2.8185347e-01   6.0266168e-01  -2.4074708e-01  -1.3326599e-01   6.8916483e-01  -2.1411227e-01  -5.7222835e-02   6.2775744e-01  -2.2872030e-01  -1.3229331e-01  -2.4955231e-02  -6.3480864e-01  -3.4539527e-01   1.0251934e-01   5.4851577e-01  -6.2735120e-01   1.8120453e-01   7.9283144e-01   4.2843906e-03   5.0521516e-02  -6.0640074e-01   3.8529468e-02  -2.3540014e-01  -3.2544337e-01  -3.5367196e-01  -1.7084788e-01   1.4881256e-01   7.5484697e-01   7.3906137e-01   5.0004618e-01  -4.5127003e-01  -3.0834663e-01   1.8490873e-01  -3.1159173e-01  -2.8580947e-01   8.0439579e-01  -4.4542686e-01   8.7950470e-02   2.2635457e-01   2.0006179e-02   1.8789517e-01  -1.8751960e-01  -3.6260085e-01   7.3901713e-01   1.1429892e-01  -6.5549391e-01   2.6388363e-02  -6.1549091e-02   2.9522795e-01   4.1783356e-01  -7.9598781e-02   5.2417172e-02  -3.9849854e-01   6.3090754e-01   2.3011088e-01   7.6055032e-01  -6.2402579e-02  -1.8789410e-01   3.0084798e-01  -2.5175441e-01   3.2312551e-01   2.5692492e-01   1.4201596e-01   3.1561065e-01  -4.4234296e-01   3.0001719e-01  -5.4061081e-01  -3.2620101e-02   3.5479362e-01  -7.1446908e-01  -1.0997430e-01   7.2552717e-02   2.5196393e-02   1.9339096e-01  -2.0739601e-01  -6.2003420e-02  -5.6012301e-01  -1.2450169e-01   7.3875463e-02  -4.1416933e-01   8.6583544e-01  -1.4904668e-01   1.4609638e-01  -4.8389207e-01  -5.6449989e-01  -2.0085202e-01   5.9027136e-01   4.3436131e-01   4.6160117e-01   2.2608695e-02  -5.0236966e-01  -3.4098817e-01   3.0529947e-01  -1.1071678e-01  -8.1132670e-02  -4.2256472e-02   9.7867236e-02   6.3065238e-01   4.5209619e-02   4.6974265e-01   1.1897104e-01   1.5805401e-01   1.3099937e-01   4.0634136e-03  -1.0569174e-01   2.1508840e-01   1.5984381e-01  -4.8176135e-01  -5.6628484e-01  -4.0698496e-01  -5.3410859e-02   4.7080211e-02   7.3989742e-01  -5.6423238e-01   3.1827154e-01  -2.4392874e-01   3.6392033e-02  -2.8395507e-01   6.5562872e-01   6.3898055e-01  -1.1545396e-01  -9.9158890e-02  -5.4401095e-01   1.0390700e-01  -6.1605471e-01   6.4098972e-02  -1.9901697e-02   2.4006976e-01  -4.0150281e-01  -4.5031204e-03   5.0880124e-01  -2.4423625e-01   1.0027733e-01  -2.3192874e-01   6.0813913e-01   5.5561534e-01  -2.4894991e-01   1.0805317e-01  -6.0479459e-01   8.0018436e-03  -1.6050132e-01  -2.1991458e-01
  -3.1876306e-02  -3.5917422e-02   0.0000000e+00   8.9573511e-02   2.4277866e-01   2.5966991e-01  -9.0715814e-03  -3.0769425e-02  -4.9208034e-02   1.0771649e-01  -1.0668703e-01   4.0444917e-01   1.4829566e-01  -1.1330099e-01   1.1100369e-02   1.6354602e-01   6.7971682e-01  -1.9170717e-01   1.2986588e-01   4.4667221e-01  -6.3033076e-02   8.5955612e-02  -3.9949881e-02  -3.3688662e-01   1.0381181e-01  -5.8214450e-02   2.1400075e-01  -5.3578787e-02   8.4344160e-02  -3.4327942e-01  -1.7156348e-01   1.5973501e-01   3.3200531e-01  -5.0148253e-02   3.4697385e-02   2.6863687e-01  -2.4603634e-01  -2.0008784e-01   1.2257593e-01   4.3307624e-01   1.7930718e-01   4.2595971e-01   2.1508019e-01  -7.8489663e-02  -1.0407401e-01   1.9345516e-01   6.7820493e-02  -1.7849744e-01   3.6959346e-02   4.5956063e-01  -1.9654316e-02  -4.7039577e-02  -9.3178883e-02   3.0315740e-01  -7.3520259e-02  -8.0896340e-04   1.7570213e-01  -3.3250181e-02  -3.4993090e-03   1.8262551e-01   2.9020677e-01   2.2847394e-01   8.3824918e-02  -2.5467769e-01  -2.7510233e-01  -3.6280045e-02   3.2139223e-01  -2.9237600e-02   1.6446080e-02   3.0456420e-01  -7.0960472e-02   6.7869986e-02  -9.7475466e-02   3.4356184e-01   1.2651557e-01  -1.0999297e-01   2.7530912e-01   3.5412878e-02   1.0179342e-01   1.0497385e-01  -1.2836403e-01  -1.0210877e-01   3.3636935e-02   2.7228020e-02   3.2252583e-01  -1.5152195e-01  -1.0560257e-01  -1.6038803e-01   4.3347608e-02  -1.8201033e-01   6.6122012e-02   5.0488659e-01   3.9861451e-01   4.8513844e-02  -2.4864467e-02   3.2358458e-01   1.4438264e-01  -4.4118574e-03   2.3170989e-01  -9.0327059e-02   5.4888910e-04   6.4051234e-02  -1.0008044e-01  -1.7796468e-01  -7.1612914e-02   2.5844200e-01   1.5208985e-01  -8.6174382e-02  -1.1192803e-01  -9.1014834e-02   1.8365664e-01  -9.6949468e-02  -1.2137954e-01  -1.6813344e-01   1.7508501e-01  -8.9534825e-02  -3.1823504e-02   2.3398788e-02   6.3944663e-02   1.1836331e-01  -1.0289639e-01   2.0518624e-01   4.7112670e-02  -1.4257183e-01  -8.1017427e-02  -1.8111461e-02   4.9804248e-02   2.2656623e-02   1.1449871e-01   4.2989502e-01   1.2733140e-01  -1.7002536e-01   1.0897734e-01  -3.6639497e-01   2.1992140e-01  -1.9003964e-01   1.4637243e-01  -1.0653036e-01  -1.1273156e-01  -3.1180256e-01  -2.3747672e-01  -1.2210541e-01  -6.8929089e-02   3.7099111e-01   1.8060179e-01  -2.3209197e-01   3.8936588e-01  -1.6636457e-01   7.0561463e-02  -1.8975885e-01   6.2062405e-03  -7.6786284e-02   1.4077277e-01  -1.1529216e-01   4.0706773e-01  -3.0312636e-01  -5.8110930e-02  -1.3539808e-02   3.2958308e-01  -1.3270966e-01  -5.6640237e-03  -1.2675235e-01  -1.6268173e-01  -2.0158902e-01   1.6602259e-01   2.0560715e-01   2.7597430e-01  -3.0349574e-02   1.5143329e-02   1.3400040e-01   4.0018947e-03  -2.5177449e-01  -3.6563066e-01   2.7705300e-01  -2.4331837e-02   7.9122558e-02   2.7383330e-01
  -2.1673020e-01  -5.2063773e-01   8.9573511e-02   0.0000000e+00  -2.1707997e-01   6.2487312e-01   4.0297870e-01  -2.8521452e-01  -3.1086285e-01   3.8312581e-02   2.7842789e-01   2.7808240e-02   3.5714722e-02   2.7794381e-01   1.6591993e-01   2.9202094e-01  -3.0066493e-01   1.4543611e-01  -1.6583219e-01   8.5775746e-03   3.9993839e-01   5.1666575e-01   4.2882149e-01  -9.6417029e-02  -2.8870787e-01  -3.8755935e-01   1.3747970e-01  -7.8193406e-02  -7.1159379e-02   4.4936735e-02  -4.8335315e-01   3.1406902e-01   6.7553814e-04   1.4405225e-01   2.7761796e-01   2.6433461e-01  -2.8942345e-01   5.2429283e-02   9.3590175e-02  -3.2771889e-01   3.8393431e-01   1.2657878e-01  -1.9415072e-01   1.4102010e-01   3.4408431e-01  -1.8963073e-01   4.6557858e-01   2.2425454e-01  -1.1795705e-01  -2.8291742e-01   5.9312071e-01  -2.8538195e-01  -4.1084942e-01   1.2384166e-01  -7.5917321e-02   4.3924917e-01  -8.2743344e-02   1.8341903e-01   4.1756251e-01   4.3293037e-01   2.3699785e-01  -8.7351404e-02  -4.0983030e-01  -6.0901414e-01  -3.7103293e-01   3.1215554e-01   5.1072571e-01   2.4315671e-02   3.6432915e-01   1.2683826e-01  -5.5459420e-01   6.1970020e-01  -9.1693694e-02  -1.5749484e-01   1.4691005e-01  -3.2724699e-01  -2.9137260e-02   2.4800272e-01  -3.9695089e-01   1.1143960e-01   4.3606762e-01  -3.1299438e-01   7.5895608e-02  -3.4002071e-01  -2.1453466e-01  -1.5948847e-01  -1.0096413e-01   1.7982648e-01  -4.1912293e-01  -2.8803020e-01  -3.8416348e-01   2.2420668e-01   2.3092145e-01   7.1777201e-02   5.9450688e-02  -1.7969812e-01  -1.6846725e-02  -2.1646875e-01  -2.1046248e-01   4.0937194e-01  -4.2967231e-01   3.7278625e-01  -1.9781933e-02  -2.5117042e-01   6.1450577e-01   3.0205479e-01   7.4610615e-02  -1.1409260e-01  -1.9682629e-01   2.4452880e-01   5.7248704e-02   5.0740690e-01   1.8701037e-01  -3.1569851e-01   2.6711814e-01  -5.0475180e-01   1.0756997e-01  -9.2765610e-02   3.2068679e-01   7.7271958e-01   8.7080640e-02  -2.6597154e-01  -1.7456173e-01  -3.0253733e-01  -2.1506559e-01   4.2816512e-01   5.1001716e-01  -1.0240467e-01   3.8797263e-01   3.4860361e-02   1.3539806e-01  -1.0159163e-01  -4.4600148e-01  -2.6754035e-01  -2.0584456e-01  -3.3581579e-01  -7.9117149e-02  -2.6941819e-01  -1.6534837e-01  -3.1246199e-02  -3.1100774e-01  -2.5536826e-01   2.2767289e-01   5.0047491e-01   2.6466244e-01  -1.1646624e-01   8.0165356e-02  -4.7895157e-01   4.7783843e-01  -2.5635291e-01   9.9616378e-03  -1.6951892e-01   3.8586678e-01  -4.8134907e-01  -2.9755156e-01  -3.3058992e-02  -7.1226253e-02   5.0894348e-01   6.6305335e-02   4.8949115e-01   3.3592286e-03  -2.4116399e-01  -3.3054536e-01   4.8458603e-01   1.3582213e-01  -1.3252244e-01   2.4049888e-01  -1.7910851e-01   1.0461659e-01  -3.2931586e-01  -3.0474299e-01  -5.4726748e-02  -9.5552881e-03   5.6298304e-01  -1.4623392e-02   3.7677586e-01   4.5281550e-01
   1.0706398e-01   5.2888940e-01   2.4277866e-01  -2.1707997e-01   0.0000000e+00  -2.6345610e-01  -3.4925562e-01  -1.3391608e-01   3.1335559e-01   3.1865567e-01  -3.0743097e-01   2.8897989e-01   4.0360357e-01  -2.3353228e-01  -2.0006703e-01  -1.3415804e-01   3.4613385e-01  -2.0556213e-01   1.7976538e-01   7.0473141e-01  -2.5926151e-01  -3.1966111e-01  -3.9130328e-01  -1.4735939e-01   1.0227773e-01  -1.0615745e-01   2.8861741e-02  -2.8764911e-01  -3.8174766e-02  -4.4413750e-01   1.5634258e-01  -3.0396447e-01   1.5468734e-01   2.4361605e-03   9.9096262e-02   2.7575774e-01   3.9336974e-01  -3.9598714e-01   1.2875691e-01   6.9245435e-01   1.4488015e-01   1.3366022e-01   5.3302594e-01  -2.4886998e-01   1.2810636e-01  -2.4579990e-01  -2.9485086e-01  -2.8511987e-01   4.2005184e-01   6.1060120e-01  -3.7508569e-01  -1.3083160e-01   5.9303414e-01   1.4046034e-01  -1.5193562e-01  -4.1167309e-01   2.6139459e-02  -2.9071653e-01  -1.7384773e-01  -2.8713139e-01  -1.0814675e-01   5.6149293e-01   4.6613835e-01   2.6006065e-01   1.3785252e-01  -5.0267972e-02   2.9499669e-02   1.0177263e-02  -3.5736455e-01  -2.0420764e-01   4.1393010e-01  -2.7727361e-01   2.1728626e-01   1.6456736e-01  -1.9677990e-02  -1.7463039e-01  -2.7424320e-01  -2.7811665e-01   7.6744580e-01   3.5016304e-02  -6.0027521e-01   2.9064594e-02  -1.7944780e-02  -3.1150493e-02   3.6948576e-01  -3.5956701e-01  -1.6057251e-01  -4.6266603e-01   3.6025543e-01  -4.8622805e-02   6.8250611e-01  -6.2578206e-02   3.1774274e-01   1.0425131e-01  -3.4020279e-01   7.6528123e-01   6.4099591e-02  -4.0881655e-02   4.5023755e-01  -2.0173317e-01   1.4609631e-01  -2.9641883e-01  -3.1646795e-01  -9.2686414e-02  -5.3339918e-01  -1.3146523e-01   1.7061670e-01  -2.8179436e-01   2.3525538e-01   9.9707140e-02   1.5993295e-01  -5.0615545e-01  -1.1809021e-01  -1.0174193e-01  -2.6826903e-01   5.6588120e-01  -2.8103807e-01   1.6647443e-01  -3.5548443e-01  -2.1346236e-01  -1.8051091e-01   8.1279317e-01   3.6704487e-01   2.6329190e-01  -1.6259180e-01  -4.9175576e-01  -3.7197181e-03   2.0231296e-01  -1.1546613e-01  -3.8047627e-02   4.3278543e-02   8.1556960e-02   2.8536260e-01  -1.7501338e-01   4.6582467e-01  -2.4830958e-01   1.5894821e-01  -1.4478671e-01  -2.8935627e-01  -3.1490904e-01   5.4766421e-02   2.2930956e-01  -4.0726334e-01  -2.6518930e-01  -1.4442138e-01  -2.1681911e-01   2.7760371e-01   5.6955524e-01  -1.3468222e-01   2.0342907e-01  -2.7897779e-01  -2.0859079e-01  -5.5056285e-02   4.9921542e-01   5.5570370e-01  -3.4706329e-01  -6.7058880e-02  -2.3409142e-01   9.8262861e-02  -5.7447773e-01   9.1354042e-02  -2.9054434e-01   3.5598318e-01  -3.0670655e-01  -3.5869457e-02   5.7513545e-01   1.3911769e-01  -9.9830473e-02  -7.9844606e-02   5.9706620e-01   5.8685967e-01  -3.9446680e-01   3.7481691e-02  -2.6244171e-01  -1.4633983e-02  -2.0354187e-02   5.1102584e-02
  -8.8046585e-02  -5.8064810e-01   2.5966991e-01   6.2487312e-01  -2.6345610e-01   0.0000000e+00   4.5035108e-01  -1.3777540e-02  -1.9397504e-01  -8.4247557e-02   3.0770846e-01   2.4275160e-02  -9.1629342e-02   3.1895343e-01   5.5615267e-02   2.5771505e-01  -2.4712534e-01   2.0357009e-01   1.1185079e-01  -3.2981200e-02   4.3775894e-01   4.3424131e-01   4.3261495e-01  -1.8378689e-01  -1.1824447e-01  -1.4966859e-01   2.9005728e-01   1.5854645e-01  -1.2469332e-01   1.3576204e-01  -4.9630695e-01   2.0267710e-01   2.9036348e-02   1.3209635e-01   2.9609817e-02   3.1132309e-01  -2.3363146e-01  -4.8122253e-02   1.4676895e-02  -3.5973779e-01   3.0676323e-01   1.8760521e-01  -3.2840615e-01   4.2216308e-01   1.8708260e-02  -6.5267437e-02   4.5428330e-01   2.6819788e-01  -1.7350930e-01  -3.1869160e-01   4.3402403e-01  -6.8460618e-02  -3.5565207e-01   2.0991725e-01  -3.1424636e-02   7.1030553e-01   2.9350025e-01   8.3554430e-02   2.7396539e-01   3.8867441e-01   1.3805539e-01  -2.2789034e-01  -4.3539807e-01  -6.5861835e-01  -5.4459913e-01   3.4736368e-01   8.0734278e-01  -5.6803230e-02   4.5285420e-01   1.1503792e-01  -6.7603919e-01   4.5896762e-01  -7.9324623e-02  -7.1757610e-03   1.7845478e-01  -2.4844584e-01   7.9907379e-02   5.4502667e-01  -3.0086342e-01   2.7352994e-02   5.6204639e-01  -2.1348276e-01   2.3414682e-01  -4.5552241e-02  -1.4461113e-01  -7.5520590e-02  -1.6945569e-01   2.0728178e-01  -4.5239166e-01  -2.9181619e-01  -4.2579797e-01   2.6089498e-01   3.4245419e-01   5.7859852e-03   4.6516592e-02  -1.6181348e-01  -6.5908638e-02   2.3167207e-01   3.0004450e-02   3.2897486e-01  -3.9991126e-01   2.8742497e-01   2.0690041e-01  -2.2141409e-01   4.6747869e-01   2.2554872e-01  -1.4282213e-02   2.4862321e-01  -1.8408241e-01   3.5035748e-01   9.7077742e-02   4.4501822e-01   1.0592905e-01  -1.2532408e-01   4.6287225e-01  -6.0330640e-01   3.3868798e-01  -4.4083191e-02   5.2531387e-01   6.0561921e-01   3.9490225e-02  -3.5747524e-01  -1.8380265e-01  -4.0698971e-01  -1.3218515e-01   4.4963076e-01   2.2166932e-01  -1.4106315e-01   3.3249820e-01   7.9767237e-02  -5.2987603e-02  -2.6238880e-01  -3.1597322e-01  -2.7346719e-01  -1.7105233e-01  -1.8073946e-01   1.3858632e-02  -2.2133587e-01  -1.1300566e-01  -5.4453941e-02  -2.3927118e-01  -1.7764447e-01   2.3651461e-01   6.7225680e-01   2.0118280e-01  -1.2377264e-01   9.1476031e-02  -4.3635137e-01   4.5780532e-01  -3.4639561e-01   2.4193700e-01   2.1952266e-02   3.0038452e-01  -3.6773552e-01  -2.1910821e-01  -3.2219155e-02   2.3814569e-02   3.4957236e-01   1.1896708e-02   5.9317785e-01  -5.6513480e-03  -5.7582069e-03  -3.5151239e-01   3.6910776e-01   1.2575940e-01  -1.6122088e-01   2.8765229e-01   1.2548637e-01   1.6849877e-01  -3.6804695e-01  -3.5206565e-01  -9.4788928e-02  -1.0921536e-01   7.9670635e-01   1.0592262e-01   1.4817769e-01   4.3570150e-01
  -1.1211634e-01  -6.3425642e-01  -9.0715814e-03   4.0297870e-01  -3.4925562e-01   4.5035108e-01   0.0000000e+00  -4.9037893e-01  -5.7169701e-01   3.2566928e-01   3.4825656e-01   1.0484666e-01   6.1155369e-02   1.1172605e-01   5.5497848e-01   6.2511607e-01  -4.1114449e-01   1.7598965e-01  -2.9648155e-01   3.1888003e-02   5.8221301e-01   2.5889239e-01   8.7217688e-01  -1.3474439e-01  -1.1212981e-01  -5.5619854e-01   2.8013962e-01   1.1284127e-01  -1.0555877e-01   5.1936139e-02  -4.3984802e-01   6.8084186e-02  -1.0262730e-01   6.6751598e-01   1.2141821e-01   4.2527216e-01  -2.7840540e-01   1.7859366e-01   2.6892627e-01  -4.1201906e-01   2.8199829e-01  -8.5928634e-02  -5.0680826e-01   9.9323749e-03   2.4048878e-01   7.9078710e-02   5.5896096e-01   4.6691052e-01  -2.0243015e-01  -5.5919428e-01   5.8600746e-01  -4.7225163e-01  -5.1072881e-01  -2.3095206e-01  -2.4003642e-01   5.5729496e-01  -1.3523156e-01  -4.2659341e-02   3.3858730e-01   2.8193226e-01   8.7453027e-02   6.4389617e-02  -7.4600443e-01  -6.7962688e-01  -4.4004461e-01   7.3356738e-01   2.5744750e-01  -6.3215803e-02   1.7781493e-01   3.3945855e-01  -5.3419727e-01   2.5785135e-01   5.7769377e-02  -2.3924194e-01  -2.0526675e-01  -4.2576022e-01   1.5349175e-01   3.0415536e-01  -4.5587825e-01  -3.0473316e-01   6.3950872e-01   4.3866612e-02  -1.2504364e-02  -4.8737640e-01  -2.7834231e-01  -2.1300555e-01  -1.1390770e-01   2.8869955e-01  -5.3795384e-01  -2.1245675e-01  -6.7263634e-01  -1.0486610e-01   2.6870311e-01  -4.1026397e-01   2.2527607e-01  -1.8246653e-01  -2.7363645e-01  -2.1044245e-01  -1.6851682e-01   7.4658956e-01  -3.6606435e-01   7.0189881e-01  -1.8704037e-01  -5.5086091e-01   5.6763879e-01  -1.1946520e-01  -2.2010664e-01  -2.9216014e-01   1.1968472e-01   2.6436801e-01   3.2368747e-01   5.9772565e-01   1.1933333e-01  -1.1882309e-01   4.7308728e-01  -6.1485710e-01   1.8948139e-02   7.8972498e-02   4.8855442e-01   4.1729038e-01   2.3151801e-02  -5.4839227e-01  -1.7673530e-01  -4.8365416e-01  -8.2661679e-02   4.7457522e-01   3.1555891e-01  -5.9280172e-01  -9.6637016e-02   2.8810751e-01   2.4512230e-02   4.6737698e-02  -5.8166623e-01  -3.0394977e-02  -6.1812929e-01  -3.7973568e-01  -3.0891344e-01  -1.1513119e-01  -3.4998553e-01   7.5384128e-02  -2.4596446e-01  -2.5847320e-01   4.1069181e-01   6.0139537e-01   5.9441853e-01  -1.4001386e-01   1.5601499e-01  -5.7340447e-01   6.2487318e-01  -2.2577347e-02   2.7839488e-01  -3.6310147e-01   3.9948380e-02  -5.7046510e-01  -5.2726512e-01   9.3567313e-02   2.8096222e-03   5.1585339e-01  -1.4177841e-01   5.6911130e-01  -6.7359703e-03  -7.1742103e-02  -1.1371167e-01   2.9029809e-01  -1.9124656e-01  -1.2717438e-01   2.4719775e-01  -1.8382858e-01   1.5851994e-01  -5.6572504e-01  -1.8249172e-01   1.2410428e-01  -1.6981567e-01   5.9000135e-01  -2.9663386e-01  -1.8439165e-01   1.1186003e-01
   3.6505651e-01   2.0710130e-01  -3.0769425e-02  -2.8521452e-01  -1.3391608e-01  -1.3777540e-02  -4.9037893e-01   0.0000000e+00   5.2025340e-01  -3.0206493e-01  -4.3353222e-01  -1.9447619e-01  -3.6397640e-01   2.4466863e-01  -4.7717305e-01  -5.7117304e-01   1.4854141e-01  -2.6919316e-01   4.6550019e-01  -2.5297564e-01  -4.7260041e-01  -4.7590701e-02  -5.4268556e-01   2.4311388e-01   1.3667200e-01   8.2120865e-01  -1.5566467e-01   4.4092023e-01   1.1874281e-01  -8.7008919e-02   1.1781693e-01   1.5948086e-01   2.5611768e-02  -5.2028171e-01  -1.0651528e-01  -5.3407033e-01   1.1308920e-01  -1.3586685e-02  -5.6291024e-01   9.7021200e-02  -4.8256017e-01   8.5739278e-02   1.8091359e-01   3.6806561e-01  -5.2435664e-01   1.4949972e-01  -5.3550338e-01  -3.4455525e-01  -6.5677496e-02   1.8832653e-01  -5.3600958e-01   8.4434879e-01   1.0145006e-01   3.1522464e-01   3.8962797e-01  -1.0069359e-01   4.8069201e-01   1.3684816e-01  -4.1518181e-01  -6.3233157e-02  -1.7949932e-01  -3.9744022e-01   3.8809625e-01   3.2498498e-01   9.7010489e-02  -5.3664369e-01  -3.7629200e-02   1.2701118e-02  -8.8055162e-03  -3.5658952e-02   1.5110525e-01  -1.9352149e-01  -3.1617705e-01   4.2237294e-01   3.5778695e-01   4.8017562e-01  -1.5922041e-02   1.9684139e-01   1.3946038e-01   3.4379865e-01  -1.3279816e-01  -2.3779586e-01   1.8200368e-01   8.5044490e-01   1.6193601e-01   3.4296776e-01   6.9892757e-02  -1.3110313e-01   3.3218790e-01   3.2025465e-01   2.2793617e-01   2.3751742e-01   6.2681618e-03   3.5664748e-01  -4.7788095e-02  -1.5172664e-01   2.5606432e-01   5.7911142e-01   6.9378570e-02  -3.3258394e-01   3.3617202e-01  -4.5901572e-01   6.3235584e-01   4.2612678e-01  -3.3634010e-01   3.9296100e-01   2.0649009e-01   8.0024226e-01  -2.4621741e-01  -3.5926884e-01  -9.0511602e-02  -4.4254734e-01  -1.6788353e-01   4.2200856e-01  -4.5241593e-02   2.3189500e-01   4.2178618e-01  -2.9084708e-01  -1.4196828e-01  -3.3978022e-01   5.7274200e-02   8.1918403e-02  -3.8642148e-02   2.2074018e-01   3.5735919e-01  -9.1752539e-02  -3.9314516e-01   5.3516925e-01   3.3632339e-01  -3.1641058e-01  -2.4217915e-01  -1.9196871e-01   6.0778798e-01  -1.6927271e-01   4.3389696e-01   4.9716207e-01   3.1692252e-01   2.9413348e-01   4.5298940e-01   1.2685732e-01   3.8206316e-01   1.0159427e-01  -1.9555984e-01  -3.1646884e-01  -6.5095642e-01   2.2330669e-02  -3.2051726e-03   1.7721359e-01  -5.8861889e-01  -1.9112083e-01   9.6055905e-02   7.5766905e-01   1.1522333e-01   3.1598162e-01   1.9204990e-01   1.2448357e-01   2.6700892e-01  -5.2022731e-01   2.1831587e-01  -1.6839790e-01  -7.0178609e-02   4.0416179e-01  -3.6809766e-01  -1.8898206e-01   1.7598197e-01   1.8058075e-01  -2.1692292e-01   6.4343559e-01   1.3734335e-01   2.8180124e-01   7.4420118e-02   1.4959131e-01  -8.2982640e-02  -2.5430373e-01   4.9299499e-01   4.0398613e-02  -2.6039337e-02
   1.1935113e-01   6.3244614e-01  -4.9208034e-02  -3.1086285e-01   3.1335559e-01  -1.9397504e-01  -5.7169701e-01   5.2025340e-01   0.0000000e+00   2.4689653e-02  -4.2138953e-01  -4.4250488e-02  -1.5566910e-01  -3.0610213e-02  -4.5369026e-01  -6.5942239e-01   2.5486937e-01  -1.1054280e-01   5.0852869e-01  -3.0868124e-02  -5.9013979e-01  -1.6270641e-01  -6.9926766e-01   2.2000424e-02   1.4166922e-01   5.4019073e-01  -1.9446697e-01  -1.7124942e-02   8.9580387e-02   2.7424036e-02   3.4076823e-01  -2.5874574e-01  -3.6382923e-02  -3.3542486e-01   1.6731877e-01  -2.9212248e-01   5.8241854e-01  -2.9592897e-01  -5.0387735e-01   4.3369981e-01  -2.7003456e-01  -9.2319296e-02   6.2961944e-01   1.7041645e-01  -1.9874400e-01   1.2618150e-02  -6.6934449e-01  -3.0501527e-01  -7.9450232e-02   4.1553313e-01  -5.6720159e-01   5.2110576e-01   5.5103405e-01   1.9793555e-01   1.7472221e-01  -3.4461106e-01   4.1812207e-01  -3.9730642e-02  -3.1916163e-01  -2.4445066e-01  -3.7649965e-02  -4.3787447e-02   7.3194108e-01   6.3438453e-01   3.6859586e-01  -4.8320947e-01   1.1541572e-02   1.8927544e-01  -5.7318864e-02  -3.1571169e-01   5.0532961e-01  -2.3730330e-01  -1.7628548e-01   1.2628457e-01   2.5585713e-01   2.9539762e-01  -6.6716949e-02  -6.1413501e-02   6.0995375e-01   2.0017244e-01  -4.5064921e-01  -2.9827198e-01   9.1625685e-02   5.6053866e-01   2.0737158e-01   3.9566005e-02   2.2518973e-02  -4.0236533e-01   4.1335367e-01   1.6866964e-01   5.9212680e-01   1.6289669e-01  -6.1948611e-02   6.2627952e-01  -2.5544677e-01   1.2207263e-01   3.7730187e-01   4.7416227e-01   2.8883613e-01  -3.7436283e-01   2.9355774e-01  -5.9115724e-01   3.7903989e-01   6.4200660e-01  -5.9096041e-01   1.1873417e-01   6.8135328e-02   4.3892042e-01   1.0180451e-01  -7.2704231e-02  -6.1405818e-02  -6.3829908e-01  -1.7584675e-01   1.1381892e-01  -3.6421079e-01   5.6843239e-01   2.1289281e-01  -8.3221649e-02  -3.7103190e-01  -4.2865226e-01  -1.0103607e-01   4.1422939e-01   4.1635865e-01   3.7469749e-01   2.4894692e-02  -4.6554633e-01  -2.7274890e-01   5.6388439e-01   3.5044520e-01  -2.7063875e-01  -1.8771132e-01   1.3591902e-02   4.5318758e-01   6.0798162e-02   6.1309688e-01   3.0435974e-01   2.1631649e-01   1.7480127e-01   1.2041230e-01  -1.4797952e-01   2.1233282e-01   2.1849713e-01  -5.2946878e-01  -5.0659555e-01  -6.5003092e-01   2.6961386e-02   1.3833869e-01   6.5460490e-01  -6.0152134e-01   1.7332454e-01  -2.6652119e-01   4.2897079e-01  -1.0608625e-01   5.8391728e-01   4.9244894e-01  -1.1602062e-01   1.0566264e-01  -5.5145802e-01   8.7351085e-02  -4.6659269e-01  -1.1203170e-01   1.9787874e-01   8.9310795e-02  -1.6224319e-01   1.3420266e-01   3.8053761e-01  -1.9825328e-01   4.1154433e-01  -1.6212113e-01   4.3644695e-01   3.8361322e-01  -2.2965501e-01   1.4355171e-01  -3.7670356e-01   3.1730294e-01   8.4475012e-02   2.8711701e-02
  -1.2244051e-04   8.6088660e-02   1.0771649e-01   3.8312581e-02   3.1865567e-01  -8.4247557e-02   3.2566928e-01  -3.0206493e-01   2.4689653e-02   0.0000000e+00  -2.1644577e-01   2.0367273e-01   1.3673682e-01  -1.2723155e-01   1.9518098e-01   6.6603470e-02   3.9442483e-02  -1.8959581e-01  -8.6671041e-02   4.0570918e-01  -9.5707192e-02  -2.0542768e-01   1.9337556e-01  -1.7103942e-02   8.3129802e-02  -2.0679386e-01  -5.3318901e-02  -3.3979999e-02   4.8842011e-02  -4.0796653e-01  -1.7181790e-01  -2.0689007e-01  -1.1187739e-01   4.6034839e-01   1.4723596e-01   2.6775382e-01   1.7176310e-01  -1.2132577e-01  -2.8081812e-02   2.5175502e-01   1.1192513e-01  -9.0345253e-02   2.3564262e-01  -1.7241906e-01   7.4983761e-02  -1.3683405e-01  -1.3212359e-01  -1.1595191e-01   1.1293331e-01   1.1320539e-01  -8.4718408e-02  -1.6869098e-01   6.6324095e-02   1.5948239e-02  -2.6178953e-01   7.7533683e-02  -1.2919994e-01  -2.6304603e-01  -9.4201084e-02  -1.3343314e-01  -9.7907178e-02   3.5598770e-01  -4.0001889e-02  -1.6843536e-01  -3.7816515e-02   3.4055135e-01  -7.2152991e-02   1.8880478e-01  -2.3137335e-01   4.5006744e-02   8.4339005e-02  -1.4590917e-01   8.4505558e-02  -8.3884718e-02  -1.9004584e-02  -3.9209551e-01  -1.7079560e-01  -4.7863430e-02   2.5748690e-01  -7.6549130e-02  -1.2317255e-01  -5.0170066e-02  -2.2832858e-02  -1.9762786e-01   1.3825549e-01  -4.1801904e-01  -3.4805004e-01  -7.4835530e-02   1.7720319e-01  -7.1414441e-03   1.2169057e-01  -8.2521102e-02   4.5583751e-01  -1.1042745e-01  -1.3045032e-01   3.4946291e-01   1.3764880e-01  -1.7032056e-01   1.7467501e-01   4.9084968e-01  -1.1825861e-01   1.9383083e-01  -3.4861184e-01  -3.9113330e-01  -1.6466719e-01  -1.5231534e-01   5.8606817e-02  -2.9432334e-01   3.2894942e-01   8.3063488e-02   5.9478441e-01  -1.6426286e-01  -1.7065875e-03  -1.1695280e-01   7.7359203e-02   1.1102590e-01  -2.8095873e-02   2.3879754e-01  -1.5040021e-02  -4.2398936e-02  -1.4039353e-01   2.6182783e-01   2.6587253e-01  -1.0864223e-01  -1.8965920e-01  -5.2797657e-02   9.8066216e-02  -1.8297231e-01  -5.9779307e-02   7.3894541e-02   1.1768947e-02   1.2609768e-01  -1.2338870e-01  -1.0315770e-01   1.7295708e-02  -4.9166501e-01   2.3802503e-03  -2.4030703e-01  -4.4491136e-01  -1.4321353e-01  -5.1266461e-03   5.2858005e-02  -1.2594349e-01   5.6194293e-02   1.3148922e-01  -3.7671717e-01   4.4696547e-01   1.0700986e-01   1.2378818e-01   2.4911318e-01  -4.7012983e-02  -3.2229380e-01  -1.8552835e-02  -3.7964150e-02   8.7165252e-02  -9.8775628e-02  -1.5110665e-01  -3.9172858e-02  -1.3554380e-01  -2.0545382e-01  -4.3233281e-02  -3.0183512e-01   2.2783916e-01  -1.9216741e-01  -1.5880249e-01   4.7306365e-01   9.5437303e-02  -2.2507311e-02   3.7209888e-02   4.2337810e-02   3.5005765e-01  -2.1608945e-01  -1.3707238e-01   4.4965131e-02  -2.1932334e-01  -9.7530166e-03   4.9204450e-02
  -3.1360604e-01  -4.6738896e-01  -1.0668703e-01   2.7842789e-01  -3.0743097e-01   3.0770846e-01   3.4825656e-01  -4.3353222e-01  -4.2138953e-01  -2.1644577e-01   0.0000000e+00  -2.5915371e-01  -4.6680924e-02  -1.0560347e-01   2.8847377e-01   5.8405338e-01  -2.9229307e-01   6.6302750e-01  -5.2224334e-01  -1.3960665e-01   5.6289512e-01   9.7361400e-02   5.3189005e-01  -1.2298371e-01  -4.0144510e-01  -4.3870409e-01   3.3997944e-01  -1.6866583e-01  -2.1052465e-01   4.3414235e-01  -7.4959925e-02   8.3262884e-02  -1.7000762e-01   2.6540973e-01  -2.0974112e-01   3.3969628e-01  -2.7869584e-01   3.6132509e-01   5.5450264e-01  -4.8926323e-01   3.6592780e-01  -1.9746887e-01  -5.7479000e-01   1.2267011e-01   3.4493980e-01   1.3049214e-01   7.1070709e-01   4.7334575e-01  -2.0113690e-01  -4.2238622e-01   6.6906737e-01  -4.3473573e-01  -1.5430302e-01  -3.7079516e-01  -1.0710020e-01   3.4631452e-01  -1.7154789e-01   7.5441986e-02   4.6083216e-01   1.1229902e-01   3.1770651e-01  -1.5273695e-01  -4.1948687e-01  -1.8037573e-01  -1.2701588e-01   4.0950669e-01   2.1499904e-01  -2.8687803e-01   4.0309276e-01   1.8239788e-01  -4.3226538e-01   2.6955613e-01   2.3909000e-01  -4.4608767e-01  -3.6396684e-01  -2.9140512e-02   3.2677309e-01   5.4580563e-03  -4.0301719e-01  -2.4561357e-01   4.1183329e-01   2.5438306e-01   1.4076508e-02  -4.3729380e-01  -3.7645226e-01   1.7935897e-01   1.0534028e-01   1.8246919e-01  -5.3316363e-01  -1.8589770e-01  -4.6484917e-01  -1.2531168e-01  -2.0605360e-01  -3.4215596e-01   4.2390123e-01  -2.4964533e-01  -3.2501363e-01  -4.0830007e-01  -1.0397363e-01   1.2311728e-01  -2.4614087e-01   4.6830796e-01  -1.9978639e-01  -5.5804296e-02   5.5196534e-01  -2.2834810e-01  -3.4126014e-01  -1.7761313e-01  -7.8778553e-02   4.2340200e-01  -1.6767940e-01   4.3815303e-01   5.9871872e-02  -1.7120294e-01   1.3269976e-01  -4.6191147e-01  -1.8015601e-01   7.8130113e-02   3.0405718e-01   3.9577025e-01   2.3727235e-01  -3.6110093e-01  -3.1838683e-01  -1.9541777e-01  -7.4231210e-02   1.6113273e-01   3.6098861e-01  -3.6096642e-01  -1.8048523e-01   2.5073179e-01   2.0086484e-02   1.8479550e-01  -5.6521276e-01   3.8385856e-01  -5.1349807e-01   1.3205551e-01  -2.9390508e-01  -8.8686449e-02   1.3773041e-01   1.3994818e-01  -2.5437479e-01  -7.0219678e-02   5.4988494e-01   3.5585744e-01   4.5172265e-01   3.1157904e-01  -2.5375462e-01  -2.5507914e-01   5.9630763e-01  -6.8078649e-02   7.3878097e-02  -2.7270879e-01   6.3013769e-04  -1.7240880e-01  -3.3261580e-01   1.6294686e-01   5.0384538e-03   5.3337070e-01  -1.9476304e-01   4.1682272e-01  -1.1890865e-01   2.8002629e-01   2.8344663e-01   5.9105167e-01  -9.8779180e-02  -5.6347669e-01   3.8302150e-01  -3.8707419e-01   2.0098026e-03  -4.0796419e-01  -3.7397415e-01   2.4828668e-01   3.4062179e-01   3.5295968e-01  -1.6860116e-01  -4.4641884e-02  -1.0947958e-01
   6.7497052e-02   2.7311294e-01   4.0444917e-01   2.7808240e-02   2.8897989e-01   2.4275160e-02   1.0484666e-01  -1.9447619e-01  -4.4250488e-02   2.0367273e-01  -2.5915371e-01   0.0000000e+00   2.4219999e-01  -8.2547375e-02   7.4891740e-02   1.7181650e-01   2.7775300e-01  -2.9527612e-01   7.5449822e-02   3.9040818e-01  -3.3637910e-02   1.3892063e-01   5.3165594e-02  -1.4286511e-01   2.3221852e-01  -2.1376050e-01   1.4026865e-01  -1.5350929e-02   8.6701748e-02  -2.4139214e-01  -1.3322601e-01   2.4609094e-02   3.1344849e-01   3.2463370e-01   4.1374747e-01   3.3301071e-01  -1.3336186e-02  -2.4404349e-01   1.5169241e-01   4.6141721e-01   2.3411127e-01   2.4414415e-01   2.7924027e-01  -2.2106169e-01   1.0498787e-01  -3.1213569e-03  -5.1477059e-02  -1.4565742e-01  -3.3301384e-02   2.1722666e-01  -1.3080502e-02  -2.2140716e-01   1.3469692e-01   4.1699046e-02  -1.0125575e-01  -7.7492486e-02  -1.4145833e-01  -1.1657337e-01   4.6931812e-02   3.9331983e-01  -1.0364075e-01   2.5527779e-01  -2.7390051e-02  -1.8271447e-01  -2.6391126e-01   2.5444291e-01   8.2947038e-02   2.0387165e-01  -2.9855061e-01   3.4209657e-01   5.7693913e-02  -2.4312971e-02   2.0448253e-02   4.3784302e-01   2.6488672e-02  -1.9005300e-01  -7.1256870e-02  -3.1494143e-02   3.1210794e-01   8.6320940e-03  -1.6031570e-01  -2.3473796e-02  -1.0163193e-01  -1.5822241e-01   2.8835896e-01  -2.1725508e-01  -1.6236844e-01  -7.8945758e-02  -6.8448480e-03   4.0133828e-02   8.4371573e-02   3.3289047e-02   2.7035094e-01   2.0569899e-01  -2.3671250e-01   3.1628271e-01   1.5138963e-01  -9.3022592e-02   2.1795593e-01  -1.5170110e-02  -2.0278575e-02   1.8125754e-01  -2.3775123e-01  -2.3466201e-01  -9.6610493e-02   1.0746222e-01   3.9451181e-02  -2.9515389e-01   4.0401028e-02  -6.2173307e-02   1.4475292e-01   4.3286236e-02  -3.8338475e-02  -1.1579119e-01   2.1095295e-01   7.7387242e-02  -9.4382440e-02   2.0572876e-01   5.6969252e-02  -1.5291619e-02  -2.3175846e-01   2.7348262e-01   3.4578254e-01  -7.1417287e-02  -5.3157632e-02   9.6531186e-02   9.9225505e-02  -1.1389853e-01  -7.6643028e-02   4.4210588e-01   2.0912252e-01  -2.0773042e-01   2.4035052e-01  -3.7218994e-01   5.4192041e-02  -4.0229973e-01   4.6988923e-03  -5.1483026e-02  -2.5830369e-01  -2.3992464e-01  -1.5411300e-01  -1.4454419e-01  -3.4655793e-02   3.5514157e-01   4.4975587e-01  -2.1907874e-01   2.1020517e-01   9.8618051e-03   1.6124813e-01  -7.1039794e-02   8.8130423e-02  -3.4884275e-01  -8.4212507e-02  -2.6842290e-02   4.4032125e-01  -1.7770786e-01  -1.8845731e-01  -1.1024017e-02   1.0529979e-01  -1.3045979e-01   1.8778422e-01  -2.1448033e-01  -9.7384080e-02  -2.6634478e-01   6.6663247e-02   4.3262699e-01   2.0173862e-01  -1.3632057e-01  -1.1507316e-01   1.1854233e-01   2.4400980e-01  -2.8803942e-01  -4.1145292e-01   2.0581679e-01  -1.6093407e-01  -1.7580060e-01   2.0388896e-01
   1.6815222e-02   8.1833581e-02   1.4829566e-01   3.5714722e-02   4.0360357e-01  -9.1629342e-02   6.1155369e-02  -3.6397640e-01  -1.5566910e-01   1.3673682e-01  -4.6680924e-02   2.4219999e-01   0.0000000e+00  -6.1923037e-02   9.5664012e-02   1.4524972e-01   9.2214183e-02   3.7217210e-02  -1.1199478e-01   4.6716883e-01  -5.8202421e-02  -1.7830321e-01   6.4522793e-03  -1.4390733e-01   1.3949357e-01  -3.2843580e-01  -7.4372544e-03  -2.0334150e-01   2.9060464e-02  -2.1658470e-01  -1.5592318e-01  -1.3502642e-01   1.2344200e-01   2.4427441e-01   1.4551823e-01   2.5900958e-01   1.1058704e-01  -2.2496876e-01   2.2213641e-01   1.9399618e-01   4.2526205e-01   2.2375139e-01   1.5671635e-01  -1.9453483e-01   2.5445773e-01  -1.9881115e-01   7.0395031e-02  -4.2704350e-02   1.1208623e-01   7.5857112e-02   3.2587365e-02  -3.3450026e-01   9.9846167e-02   1.5997016e-01  -2.4430336e-01  -6.7341353e-02  -9.6531227e-02  -1.8108030e-01   2.0249641e-01  -5.8282878e-02   1.2015973e-01   3.8626860e-01   4.2129413e-02  -8.8408470e-02  -1.1183768e-01   9.4402927e-02   5.1183211e-03  -1.0423954e-01  -2.4205103e-01  -1.4801789e-01   4.3943043e-02   1.1109769e-01   2.4418714e-01  -1.4403720e-01  -4.7497768e-02  -3.4996025e-01  -1.7992045e-01  -1.2596829e-01   2.6265867e-01  -3.1223946e-02  -1.1815623e-01   1.5493092e-01  -9.8622390e-02  -2.4495539e-01  -3.7240967e-02  -3.6387296e-01  -2.1815523e-02  -1.2236467e-01   1.9861175e-02  -1.8392782e-01   5.1103445e-02  -9.4340648e-02   3.6226487e-02  -1.3587281e-01  -2.4694011e-01   4.9756553e-01  -9.5249983e-02  -1.8116331e-01   1.0361511e-01   6.9529749e-03  -9.4623632e-02   1.1855966e-01  -3.3741491e-01  -2.9060517e-01  -4.4746157e-02  -1.8524829e-01   1.3301873e-01  -3.3442153e-01   3.4880857e-02   1.3012389e-01   1.0601411e-01  -1.2103185e-02   5.0766861e-02  -1.9441166e-01  -9.2447181e-02   1.1768768e-01  -2.7107315e-01   1.7840201e-01  -6.7538183e-02   1.1464443e-01  -1.3951413e-01   2.6924336e-01   1.8771119e-01  -2.9429778e-02  -1.6410568e-01  -3.0804828e-02   1.9099171e-01  -1.3232119e-01  -1.9833685e-01   1.4163098e-02   2.1215787e-01  -2.6500825e-02  -8.3874059e-02  -9.5972445e-02   1.4606902e-01  -4.2963721e-01   8.5405435e-02  -8.1858441e-02  -3.6197817e-01  -1.2267118e-01  -1.3089901e-01   2.2908877e-01  -1.6246694e-01   1.8020818e-02   2.0244646e-01  -2.3570743e-01   1.9646691e-02   7.2596307e-02   1.5099013e-01   7.7224226e-02  -2.2909104e-01  -3.0586673e-01  -1.8468774e-02   1.0773843e-01   1.3589922e-01  -2.6792025e-01  -7.0623988e-02   2.6795050e-01   5.3568004e-02  -1.0733688e-01   2.1636586e-01  -2.6803370e-01   7.3651278e-02  -2.8089363e-02  -1.1146838e-03   2.5011169e-01   1.4431266e-01  -6.3981089e-02  -1.2534136e-01   6.0241590e-02   3.1826986e-01  -2.4665508e-01  -1.0485222e-01   2.3968161e-02  -8.0085055e-02  -3.5559366e-02   2.2320119e-02
   1.7694785e-01  -2.3538011e-01  -1.1330099e-01   2.7794381e-01  -2.3353228e-01   3.1895343e-01   1.1172605e-01   2.4466863e-01  -3.0610213e-02  -1.2723155e-01  -1.0560347e-01  -8.2547375e-02  -6.1923037e-02   0.0000000e+00   1.2303410e-01  -2.8005992e-02  -1.7029544e-01   1.3674342e-01   1.3014797e-01  -2.3045457e-01   1.8519641e-01   3.9864147e-01   1.3690590e-01   2.0916217e-01   8.9650840e-02   2.0297652e-01  -1.2910023e-01   6.2388223e-01  -1.2236844e-01   6.8016987e-02  -9.8321228e-02   3.6552906e-01   8.4188207e-02  -2.4640672e-01   1.0835573e-01   8.3979645e-03  -5.7635161e-02  -1.8777079e-01  -7.7663809e-02  -2.5057754e-01   6.0669031e-02   1.4264200e-01  -2.0012174e-01   5.9264514e-01  -2.5458925e-01  -2.3084570e-01   1.8113117e-01   2.5811033e-01   4.0970136e-02  -2.2390017e-01   1.7390894e-01   2.3762801e-01  -2.2063709e-01   1.8870157e-01   5.0914605e-01   4.8607807e-01   7.8369615e-02   2.4742031e-01   1.5613553e-01   1.9873639e-01  -6.0994168e-02  -3.8126638e-01  -1.8930358e-01  -2.5928735e-01  -2.5100143e-01  -7.2232219e-02   2.5434596e-01  -2.3376302e-01   6.9656773e-02  -2.8675930e-02  -2.7328109e-01   2.5012102e-01  -1.2850614e-01   2.2834229e-01   1.1242699e-01   1.1533328e-01  -2.2979361e-01   5.2259304e-01  -2.1327011e-01   1.1266605e-01   5.4197758e-01  -1.0441489e-01   5.4487834e-01   1.9132082e-01   1.4293617e-01   2.1057051e-01   3.2115755e-01   4.5367086e-01  -1.9610777e-01   3.5363301e-02  -2.6840359e-01   4.4834986e-02   9.8301372e-02   2.7699876e-03  -2.0977943e-01  -2.8973973e-01  -9.6664446e-02   2.0921906e-01  -1.0428408e-01   2.4009539e-01   1.6528094e-01   7.5193857e-02   5.9403198e-01   2.1374380e-03   2.4439403e-01   3.8552213e-01   2.1953190e-01   3.0746326e-01  -2.5086562e-01   2.1970647e-01   9.6107913e-02   2.7172739e-01  -4.9931647e-02   5.9582863e-02   4.8509921e-01  -2.7034860e-01   3.8285349e-01  -2.1758793e-01   6.0581115e-01   2.2573229e-01  -4.6078550e-02  -3.0399931e-01  -2.0704240e-01  -4.0666728e-02  -6.4109504e-02   6.2515015e-01  -7.3615604e-03   9.4432619e-02   3.7508866e-01  -8.3552238e-02  -7.5024776e-02  -1.4471965e-01   2.3165125e-01  -6.8012444e-02  -3.3135106e-02  -1.0862700e-02   3.9558204e-02   4.9036812e-01   1.0388949e-01   6.4807485e-02   1.0163125e-01  -7.2332170e-02   6.7131602e-02   3.0505356e-01  -7.5432382e-02   1.8842321e-01   8.7152672e-02  -3.1654857e-01   3.3274508e-02  -5.7815560e-02   1.9511488e-01   4.7478779e-01   2.2555372e-01  -2.0536266e-01  -1.3839016e-01   3.7678903e-02  -7.8972637e-03   1.5740102e-01   1.2136158e-01   4.6685075e-01   5.9440677e-02   2.2995342e-01  -2.9912010e-01   2.0840747e-01   1.4297112e-01  -2.0794859e-01  -5.3470348e-02   4.9045909e-01   1.7176235e-01   7.5837624e-03  -3.5705655e-01  -1.2760575e-01  -2.1529947e-01   3.8838044e-01   1.0453684e-01  -1.8752934e-02   2.0002678e-01
