   0.0000000e+00   3.4420923e-03  -3.9825759e-01  -7.2638746e-03  -2.5542168e-01   8.7743977e-02   7.7392768e-02   1.1505173e-01  -3.3821109e-02  -2.9827684e-01   1.5393105e-01  -3.3986384e-01  -2.4822836e-01   7.5310785e-01  -3.4234243e-01  -2.3634976e-01  -3.0291875e-01   1.6637741e-01  -5.5080033e-03  -5.2532831e-01   2.4591380e-01  -2.5223141e-02  -1.0635146e-01   7.6061891e-01   1.8348866e-01   1.4276292e-01  -4.5288825e-01   4.4823823e-01  -1.9866846e-01   1.3690130e-01   2.9271308e-01   1.1927337e-01  -1.9190906e-01  -4.0240580e-01  -2.8454148e-01  -5.7524306e-01  -6.2884875e-02   6.3755414e-01  -1.9713906e-01  -4.4196177e-01  -1.9542626e-01  -7.2143472e-02  -2.5501088e-01   1.1959613e-01   9.2417100e-02   1.5826526e-01  -2.5645932e-01  -9.7086996e-02   1.1055133e-01  -3.6276717e-01   2.2320853e-01   4.0859277e-01  -9.0686772e-02  -3.4526338e-01   5.8022481e-01  -1.6673221e-01   1.2475858e-01   1.1155790e-01   1.1021653e-01   5.5882696e-02  -9.2283403e-02  -2.2365988e-01  -4.9291831e-02   3.9367625e-01   1.4787828e-01  -2.9409327e-01  -1.2909861e-01   6.1293808e-02   8.9170386e-03  -5.2568618e-03  -3.7219805e-01  -1.6149166e-01  -1.9659054e-01  -1.1828970e-01   1.9403652e-02   8.3799077e-03  -7.2728277e-03  -1.7426848e-01  -2.9276991e-01  -2.4138776e-02   1.3790031e-01  -2.5455089e-01  -8.6498012e-02  -2.1921308e-01   6.6170047e-01   4.2349424e-01   1.0081085e-01   3.8377081e-01   3.6376785e-03   7.7965480e-01  -9.7923961e-02  -4.0728112e-02  -4.2358356e-01  -4.3397587e-02   3.6864419e-02  -3.3966895e-01  -2.5491789e-01   1.0180427e-01  -2.3910399e-01  -3.3283700e-01   2.2116147e-01  -1.4943687e-01   1.2520269e-01   1.3405540e-01   2.5843390e-01   5.3997997e-02  -6.2872046e-02   9.2872954e-02  -2.1640442e-01  -1.8048476e-01  -4.0667042e-01   2.6399706e-01  -2.7889416e-02   7.7269395e-01   3.0489763e-02  -1.2489085e-01   2.5836863e-01  -4.3675931e-02  -9.9483095e-02   1.6072370e-01   5.5380074e-01  -1.5029979e-01  -4.4264424e-02   1.3782052e-01   3.0722494e-01   1.8791085e-01   3.3231729e-01  -3.0180173e-01  -6.8522402e-02  -3.2688750e-01  -1.4593047e-01  -1.3868535e-01   6.7498331e-01   2.0618067e-01   1.4134792e-01   9.7469862e-02  -3.2221584e-02  -2.0082970e-01   4.9625328e-01   3.6247078e-01   7.8827859e-01  -1.2983259e-01   3.3365144e-01  -4.2911259e-01  -1.3644229e-01   2.1928686e-01  -4.8672762e-01  -5.4811625e-02  -3.8010955e-01   1.3185188e-01   2.3583085e-01   1.2986582e-01   5.3678407e-01  -2.5248113e-01  -3.7944785e-01   7.8565811e-01   1.4054561e-01  -2.9090397e-02  -1.7001663e-01   2.2355266e-01  -3.6067302e-02   1.4849513e-01  -2.2211088e-01   2.4840374e-01  -1.1889407e-01  -1.0650968e-01  -2.2120861e-01   6.1909975e-01   6.5709917e-01  -1.8254113e-01  -2.8259011e-01   1.8910174e-01   1.0330421e-01  -4.3242597e-01   1.2600111e-01  -3.4657544e-02   2.2727009e-01
   3.4420923e-03   0.0000000e+00   5.1969398e-02  -3.2491791e-01   1.1297435e-01  -1.5247488e-01  -4.9002900e-01  -2.7595886e-01   2.1417546e-01   2.3804283e-02  -3.8333038e-01   5.3311334e-01  -1.4460667e-01   3.9430650e-03   6.0100491e-02  -2.2983849e-03   7.1443796e-02  -4.9051984e-01  -4.4534908e-02   8.4905365e-02  -1.7294473e-01  -3.8482904e-01  -1.0431302e-01   4.3643667e-02   1.2645763e-01  -6.3463480e-02  -9.9846932e-04  -1.6882787e-01   1.5446209e-01   5.7595160e-02  -9.2888966e-02  -1.8130028e-01   8.9872798e-02  -2.1928691e-01   1.9743765e-01  -1.3035055e-01  -1.8485735e-01  -1.2868745e-01  -1.4183600e-01   3.8576189e-01  -1.1644019e-01   1.2149476e-01   4.7226767e-01  -2.1651958e-01   4.5839582e-02  -1.0722820e-01  -2.5643232e-01  -1.8451540e-01  -4.1091835e-01   5.6598144e-01  -4.0734599e-01  -1.5255238e-01   2.5305520e-01   4.3345867e-01   9.4833727e-02  -1.6731744e-01  -1.0544469e-01  -3.7411863e-01  -2.5813976e-01  -7.9929116e-02   2.1126074e-01  -1.7073996e-01   3.6033899e-01  -2.9350830e-01   5.9871000e-02   1.8356812e-01   2.7221302e-01   2.0951842e-01  -3.6196622e-01  -3.2238888e-01   5.7136334e-01  -3.9809911e-01  -4.3354311e-02   7.6034585e-01   1.7846467e-01  -3.3681582e-01  -3.2901984e-02  -1.5703889e-01   3.6902677e-01   3.1059265e-01  -3.4520942e-01   4.4143007e-02   3.9532991e-02  -1.6208819e-01   2.0554371e-01  -1.6544112e-01   1.2120552e-01   1.4107869e-01   2.7025975e-01   4.1517824e-02   5.2743510e-01   3.4394444e-01   1.6140832e-01  -3.4945775e-01  -2.1661058e-01   2.0305972e-01  -1.6195095e-01  -5.3976995e-02  -1.0375024e-01  -4.0522933e-01   3.8325345e-01   5.9537576e-02  -3.1544831e-01   2.3281485e-01  -4.0673783e-01  -4.1420249e-01   5.3737257e-01  -2.5227865e-01  -1.8517248e-01   1.4345998e-01   3.2673552e-01  -2.4672363e-01   7.5673754e-02  -1.5474169e-01  -1.2713275e-01   2.8963461e-01  -7.9892211e-02  -1.5136054e-01  -2.1325289e-02  -2.6736147e-01   3.5678455e-02   3.3346452e-01   2.0521271e-01  -2.9617331e-01  -1.8943483e-01   1.7630867e-01  -5.0448316e-01   3.6247795e-01  -4.0733718e-01  -1.2603380e-01  -8.4825265e-02   6.2146429e-03  -2.4148491e-03  -2.7510739e-01  -2.8491027e-01  -2.4755611e-01   2.6683952e-01  -1.7940228e-01  -3.1364024e-01   3.7219403e-02  -8.6039567e-02   3.7149463e-02  -2.5918133e-01   2.8314686e-01  -2.6542710e-01  -3.5695912e-01   2.6749037e-02  -6.6060132e-02  -1.6304471e-01  -1.8003534e-01   2.0304859e-01  -2.9642519e-01   3.3012831e-01  -5.8560691e-02   4.1149454e-01  -8.8802377e-03  -3.7529199e-02  -1.9437197e-01   4.6246614e-01  -3.2256169e-01  -1.0765682e-01  -1.4900646e-01  -7.9952850e-02  -3.8647814e-01  -1.6995618e-01   2.4849757e-01  -2.3276691e-01  -1.1887241e-01   1.0198650e-01   1.4888024e-01   3.5782690e-01   4.7055688e-02  -2.3167188e-01   3.4106687e-01   2.2586338e-02   2.5760221e-01  -2.1437300e-01
  -3.9825759e-01   5.1969398e-02   0.0000000e+00  -3.8145325e-03   8.6382661e-02   6.4569120e-02  -6.9029733e-02  -3.4734923e-01  -5.2125369e-02   1.5779576e-01  -1.6406520e-01   5.9763624e-01  -1.2112696e-01  -4.4307272e-01   2.1182351e-01   1.4383096e-01   9.1697406e-01   9.5132362e-02  -6.8451826e-03   4.2415783e-01  -4.1742594e-01   6.6656537e-02   3.8110380e-02  -3.3803383e-01  -2.4165706e-01  -1.6970017e-01   6.8992006e-01  -3.0367227e-01   1.5503104e-01  -5.6750121e-02  -4.1641849e-01  -8.5614589e-02   1.2078678e-01   1.6689390e-01   2.8654258e-01   4.3765826e-01   5.7568535e-02  -1.2321360e-01   4.5372617e-02   5.6289484e-01   1.0902264e-01   1.9306377e-01   2.6482357e-01  -2.2731388e-01  -1.6009932e-01   1.1791670e-01   2.4265043e-01   6.0577272e-02  -2.6334764e-01   4.9559034e-01  -3.6553043e-02  -2.7428416e-01   1.9166422e-02   2.7311101e-01  -3.2117141e-01  -3.5096112e-03  -2.9487821e-01  -3.8376293e-02  -1.7880885e-01   1.0828884e-01   3.7819139e-01   1.0071709e-01  -3.4157586e-02  -5.0735533e-01  -2.7944146e-01   1.9836621e-01   3.9323650e-01  -8.4709659e-02  -7.3045230e-02   5.4564922e-01   2.7719159e-01   3.0288166e-01   9.4849780e-02   1.7993993e-01  -5.0148186e-02   5.1144160e-02   3.2919351e-01  -1.9643829e-01   9.6391911e-02  -1.9929859e-01  -2.7383992e-01   1.8291978e-01  -3.6161674e-02  -7.4192519e-02  -2.6308015e-01  -3.0068665e-01  -3.3929530e-01  -1.3741219e-01   9.1110433e-03  -3.9434057e-01  -1.0546157e-01   3.1656638e-01   2.9925052e-01   7.0829560e-02   1.2146219e-01   3.3972772e-02   2.5907386e-01  -3.6763693e-01   2.9150576e-01   2.4040954e-01  -6.4527949e-02   3.2729345e-01  -2.5291312e-01   6.5180620e-03  -2.7972064e-01  -1.2226825e-01   2.8394809e-01  -2.9129883e-01   2.7145118e-01   1.0858486e-01   3.2655314e-01  -8.5185319e-02   2.7560036e-01  -2.5979993e-01   9.4169486e-02  -1.4974632e-01  -1.3348015e-01  -1.9998983e-01   2.2072604e-01   2.4191367e-02  -1.5518662e-01  -1.0143002e-01  -6.1336147e-02  -2.3224491e-01   5.1530609e-04  -1.0943504e-01  -3.4129690e-01   7.3659922e-02  -5.7009442e-02   8.1472723e-01  -2.9220074e-02  -5.2633799e-02  -3.3242161e-01  -3.3028218e-01   6.3823078e-02  -3.6730293e-01  -7.5221911e-02   1.4838849e-01  -3.3034831e-01  -1.9737850e-01  -3.0230479e-01  -1.9165529e-01  -1.7281214e-01   4.6659552e-01   8.4291883e-02  -3.6816244e-01   4.6772116e-01   3.7940327e-02   3.3428710e-01  -2.6118751e-01   1.4053485e-01  -2.3747234e-01  -1.9575924e-01  -2.0230042e-01   6.4153499e-01  -3.2911271e-01   1.2927660e-01  -4.4825500e-02   3.7988979e-01  -2.6461279e-01  -4.5106871e-02  -1.6714860e-01   2.8669276e-01  -2.1288501e-01   4.7308619e-02   9.1266534e-02   3.3948700e-02  -4.2549661e-01  -1.4192647e-01   4.9013038e-02   9.8315190e-02  -1.2109503e-02   4.4645893e-02   4.9493857e-01  -1.9491566e-01   5.7855705e-02   1.8445333e-02
  -7.2638746e-03  -3.2491791e-01  -3.8145325e-03   0.0000000e+00  -2.8691964e-01   5.5420073e-01   3.5278723e-01   3.4829015e-01  -3.1573294e-02  -1.9755182e-01   2.9063863e-01  -1.3568479e-01  -2.5255553e-02  -4.0823053e-02   6.7334627e-02   3.8003529e-03  -2.4909696e-02   5.3253798e-01   2.5027337e-01  -1.5222034e-01   7.7907337e-02   5.5770420e-01   3.4938480e-02  -1.8359293e-01   1.1531740e-01   3.2232118e-01   1.5052099e-02   9.3451286e-02   5.1029620e-02   1.3155080e-01   2.0012995e-01   2.9327097e-01  -2.1854011e-02   9.4715162e-02  -1.6739709e-01  -8.9059565e-02  -1.0638685e-01   1.7715505e-01  -2.3731903e-03  -2.5426033e-01   2.3795986e-01   7.8593705e-02  -2.8070733e-01   3.8741494e-01   9.6342485e-02   1.6295530e-01   2.8624693e-01  -1.7467615e-01   9.2614073e-02  -2.8368270e-01   4.6927246e-01   2.1210393e-01  -3.3029551e-01  -7.8791431e-03  -1.3106038e-02   1.7058708e-01   2.1160458e-01   3.3669923e-01   5.7956481e-01   2.0767286e-01   6.5642315e-02   1.7013242e-01  -2.9889747e-01   4.7130837e-02  -5.4319545e-02  -1.6063230e-02   2.5453735e-01  -3.1819698e-01   6.0730853e-01   2.0870705e-01  -3.1676592e-01   3.0328573e-01  -3.0982032e-02  -2.0291678e-01  -1.8018059e-01   4.2893270e-01   2.0816020e-01   3.7386698e-01  -3.7181176e-01   1.5083507e-02   4.1452289e-01  -8.8885893e-02  -3.0309503e-02   4.2575517e-01  -7.8365658e-03   3.1696039e-01  -7.4136328e-03  -5.4021870e-02  -1.5823033e-01  -7.3588497e-02  -4.0226986e-01  -4.7491823e-02  -1.8247266e-01   3.7001494e-01   1.0710605e-01  -1.2761767e-01   2.9511202e-02   1.7612008e-01  -3.9077574e-02   1.3049328e-01  -1.9059438e-01  -1.0798349e-01   3.9424278e-01  -5.6844863e-02   3.2495404e-01   5.2848159e-01  -1.3512053e-01   4.4647825e-01  -3.8268358e-02  -7.2407241e-02  -1.8044573e-01   3.8982649e-01   7.0798855e-02   4.2276310e-03   1.2453588e-01  -3.3975241e-01   2.1472915e-01  -1.4309763e-01   3.2655567e-02   7.0846396e-01  -1.0791202e-01  -3.2656452e-01   1.0818740e-01   1.3428535e-01  -6.3202602e-02   5.4875936e-02   2.6481821e-01  -7.8678902e-02   5.8959565e-01  -1.8659266e-02   1.0729227e-01  -1.5978303e-01   9.9935982e-02  -8.6503385e-03   5.1926106e-01   3.7156672e-01   2.4541998e-01  -2.0098447e-02   2.8974963e-01  -1.1281318e-01  -1.0152166e-01  -1.3354913e-01   2.9720758e-01   6.3380005e-02   1.7892654e-01   3.3482081e-01  -8.7175211e-02  -2.4184356e-01   1.1087785e-01   1.6676438e-01  -1.5911462e-02   6.7678990e-02  -8.6525239e-02  -2.1396015e-01  -2.0005085e-01  -1.8773825e-01  -6.5999346e-02   4.2459932e-01  -1.1083051e-01   2.6936520e-01   1.9844854e-01   2.5324461e-01  -1.9529913e-01   5.9868705e-01   3.5152641e-01  -3.1092729e-01  -1.5872381e-02   1.6960063e-01  -7.7689990e-02  -9.6090882e-02  -2.0269635e-01  -2.7224534e-01   2.7125943e-01   4.4184014e-02  -4.8526052e-02  -1.8435926e-01   3.6562068e-01
  -2.5542168e-01   1.1297435e-01   8.6382661e-02  -2.8691964e-01   0.0000000e+00  -1.1119921e-01  -2.0427940e-01  -1.8883467e-01   1.8208548e-01   2.1748258e-01  -8.7623899e-02   1.7036690e-01   2.1313271e-01  -3.6679450e-01  -1.4136972e-01   1.2002228e-01   1.3470695e-01  -2.4807234e-01   8.1465754e-03   5.9839130e-01  -2.2695967e-01  -1.2417097e-01   4.5281167e-02  -2.1807819e-01  -1.3586139e-01  -1.9820514e-02   1.5124997e-01  -4.5384247e-01   4.3413977e-03   1.1092817e-01  -3.5855301e-01  -6.8770598e-02  -8.8321519e-02  -1.2125335e-01   3.9868676e-01   3.6740235e-01   7.3460093e-02  -1.9900480e-01   1.4199707e-01   3.5554622e-01   2.1956503e-01  -2.5773900e-01   3.3705878e-01  -1.4426448e-01   4.7149635e-02  -1.9634181e-01  -9.8242542e-02   4.4196373e-01  -9.9419307e-02   3.3091496e-01  -2.4324703e-01  -2.4295513e-01   1.2461583e-01   7.0306962e-02  -4.8214362e-01  -1.8534012e-01   9.6304026e-02  -1.4921338e-01  -9.9152235e-02   8.8840210e-02  -8.7161055e-02  -8.4298580e-02   2.5068364e-01  -5.1541494e-02   1.4099474e-01  -2.0831794e-02   1.1322377e-01   7.9887825e-02  -1.9478545e-01  -3.4448567e-01   3.4028798e-01  -1.0943047e-01   2.3226015e-01   1.4482872e-02   2.6552984e-01  -2.7220508e-01  -1.4096359e-01   1.7348643e-01   6.5999567e-01   4.8703267e-02  -1.9430584e-01   8.4369548e-02  -2.0769393e-01   9.1605605e-02  -3.6261765e-01  -4.4584389e-01  -3.5060296e-01  -3.3367864e-01   1.4797337e-01  -2.9681165e-01   4.6629032e-01  -4.6889624e-02   1.8569285e-01   1.7453292e-01  -2.0512134e-01   5.6083437e-01   4.1879549e-02   9.3302679e-02   3.3049481e-01   6.2979774e-02  -2.7247994e-01  -5.9457265e-04  -2.5431018e-01   1.4723559e-01  -2.0000101e-01  -1.0302891e-01  -3.9260137e-02   3.6069685e-02  -5.2594604e-02  -2.4945531e-02  -2.3607596e-02  -2.8544012e-01  -2.2336980e-02  -2.6641803e-01  -4.0277242e-01   5.6668285e-01  -2.4313484e-01   2.8902900e-01  -3.3561323e-01  -3.6242581e-01  -3.6584164e-01   6.9088562e-01   1.3695641e-01   1.3236359e-01  -2.0030874e-01  -1.8276426e-01  -6.1441152e-02   5.6613802e-02  -1.9336786e-01   3.2281630e-02   9.6380209e-02   3.9527362e-01  -2.7658865e-01  -1.2343822e-01  -2.8924759e-01  -2.5800280e-01  -1.7429041e-01  -1.7197311e-01  -3.7416844e-01  -2.2553486e-01  -2.4076756e-01   2.2548266e-01  -2.2198529e-01  -8.8600558e-02  -2.0364433e-01  -3.4818998e-01   1.6612335e-01   3.6254344e-01   2.5286847e-01  -3.2306713e-01  -4.7238303e-01  -2.4713452e-01  -2.4168376e-01   2.7201911e-01   2.8958768e-01  -2.4628353e-01  -2.7987782e-01   3.7297320e-02   3.4582490e-02  -2.7165883e-01   1.0882368e-01  -1.5566541e-01   1.8160368e-01  -3.5375716e-01   1.4899358e-02   3.7828650e-01   3.5959937e-01  -2.3648042e-01  -4.0412431e-01  -4.0763921e-02   2.2309439e-01  -1.4681140e-01  -1.3685593e-01   1.7608165e-01  -4.6516135e-02  -8.2072084e-02  -1.4436195e-01
   8.7743977e-02  -1.5247488e-01   6.4569120e-02   5.5420073e-01  -1.1119921e-01   0.0000000e+00   3.6445044e-01   3.1082393e-01  -2.8808519e-01  -1.5691048e-01   4.3869565e-01  -7.4224392e-02  -1.1186313e-01   6.8572029e-03   9.7060191e-02   2.8954861e-01   4.4517077e-02   4.4369224e-01   2.9076625e-01  -5.2053351e-02   3.3613499e-03   5.4017450e-01   2.9835218e-02  -3.4051778e-02   4.0150720e-02   4.9868282e-01  -1.2666991e-02   2.2190665e-01  -2.2427875e-02   9.2579455e-03  -2.4613621e-02   5.1230451e-01  -2.6044095e-01   1.2940708e-01  -2.0369710e-01  -2.1077423e-02  -1.0808473e-01   2.9206374e-01   1.2735160e-01  -2.3040070e-01   2.2096461e-01  -1.5941181e-01  -2.5202610e-01   5.0158431e-01  -1.4740721e-01   2.9068568e-01   2.6393676e-01  -1.2716804e-01  -5.8752167e-02  -1.6322681e-01   5.3383789e-01   4.3234978e-01  -2.8779349e-01  -1.4070268e-01   4.6634252e-02   3.4717315e-01   2.7226632e-01   4.8867976e-01   4.6954950e-01   3.1824167e-01   2.3735163e-01   1.1581718e-01  -4.1900091e-01  -5.4192667e-02  -2.9827136e-01   1.4584699e-01   6.2519841e-01  -3.4704979e-01   6.5201081e-01   3.1784420e-01  -2.6320840e-01   1.5046096e-01   2.0948733e-01   2.4622970e-02  -3.0707878e-01   2.6514590e-01   2.6410863e-01   2.8540073e-01  -4.5444943e-01  -2.7936036e-01   5.5360339e-01   1.3917235e-01   1.1786211e-01   4.3945274e-01   2.4557810e-01   2.6630220e-01  -5.7396416e-02  -5.2136042e-02  -2.4121377e-01   2.1746074e-01  -3.1010040e-01  -5.8662494e-02   3.8272092e-02   4.6765285e-01   1.4557902e-01  -3.0578318e-01  -6.8229410e-02   2.3636596e-01  -1.1378658e-01   1.2687692e-01   2.4054931e-02   6.3992033e-02   2.4228766e-01  -1.8967053e-02   4.9285461e-01   5.2177680e-01  -1.1366285e-01   4.8005054e-01  -8.6626764e-03  -9.7324473e-02   4.1721865e-02   3.8472920e-01  -1.1402688e-01   1.0853546e-01   2.8508274e-01  -2.4946950e-01   2.8273647e-01   8.5086440e-02   1.6807645e-01   4.7917871e-01  -1.3467864e-01  -3.3256865e-01   7.5549748e-03   7.8195398e-03   1.9410959e-01   1.4655613e-01   3.2268022e-01  -3.8043822e-01   4.0629069e-01   8.4367475e-03   2.8238313e-01  -5.3026349e-02   3.6658162e-01  -1.0895472e-01   3.8142526e-01   2.4053419e-01  -1.2049547e-01  -5.0497007e-02   3.7211393e-01  -8.7190064e-02   1.1849851e-01  -1.3884219e-01   4.0498943e-01   3.1291508e-01   1.0830577e-01   2.9435461e-01  -6.2288237e-02  -2.4278112e-01   1.6321512e-01  -5.6128527e-02   5.0634633e-02   9.6379338e-02  -3.6455528e-02  -1.0001833e-01  -1.4250058e-01   1.8426301e-03  -6.7106001e-02   5.3128951e-01  -1.0395884e-01   4.0003322e-01  -1.0885142e-01   1.9497670e-01  -4.6875792e-02   3.2603507e-01   4.0466508e-01  -1.8793904e-01   2.0740609e-01   2.8303060e-01   8.5163318e-02   7.2253195e-02  -3.4746839e-01  -2.8741692e-01   7.4918490e-02   3.3163548e-01  -3.1202743e-01  -3.7383830e-01   5.3072419e-01
   7.7392768e-02  -4.9002900e-01  -6.9029733e-02   3.5278723e-01  -2.0427940e-01   3.6445044e-01   0.0000000e+00   2.7135707e-01  -2.1263605e-01  -1.5038826e-01   3.8619950e-01  -1.6119569e-01   6.4561431e-02   2.2975370e-01   2.3706775e-01   1.2759220e-02  -1.5483825e-01   5.3486090e-01   1.8016225e-01  -3.4029355e-01   1.4141156e-01   2.6621617e-01   1.1871782e-01  -7.3648317e-02   1.8797914e-02   3.1704197e-02  -5.7163782e-02   3.3636659e-01   1.4828658e-02   2.4526705e-01   3.0103285e-01   2.2409365e-01  -2.7408399e-01   6.0025388e-02  -2.1716242e-01  -1.6390700e-01   5.2255571e-03  -6.0605633e-03   8.2437329e-02  -5.1653971e-01  -1.9547322e-02  -2.8388587e-01  -4.5223136e-01   2.1428981e-01   1.6157791e-01  -4.5609294e-02   2.3013567e-01   2.0790578e-01   4.1426463e-01  -6.7735390e-01   5.4825225e-01   1.1560619e-01  -3.2804593e-01  -5.4116546e-01   2.5158774e-01   3.9482119e-01   7.2867958e-02   2.2540859e-01   2.7017764e-01   5.2832275e-02  -1.9815337e-01   1.1773695e-01  -3.4139752e-01   2.3819658e-01  -1.8710839e-02  -1.1246625e-01   5.1686346e-02  -6.8872896e-02   3.7950953e-01   3.8554826e-01  -7.0906347e-01   4.2823029e-01  -1.0990354e-02  -3.8420991e-01  -1.7567273e-01   3.2506761e-01  -1.6891209e-01   1.3847766e-01  -4.9907585e-01  -2.8915113e-01   5.2859121e-01   4.2448894e-02   5.1454433e-02   1.6881175e-01   1.2027441e-01   2.5102708e-01   1.9934792e-01   4.6200415e-02  -2.1982537e-01   1.4576780e-01  -6.5426089e-01  -5.2918282e-01  -2.4927819e-01   1.8538070e-01  -1.6264357e-02  -3.2030595e-01  -8.6216672e-03   1.4915166e-02  -1.5358366e-02   1.5901469e-01  -2.9335375e-01   1.2768666e-01   7.6023784e-01  -3.5208251e-02   7.3234600e-01   1.4359510e-01  -5.7259162e-01   1.9058308e-01  -3.0461144e-02  -2.3881591e-01  -2.7038841e-01   4.2091492e-01  -2.4041439e-02   6.3099936e-02   3.2935390e-01  -3.8574115e-01   1.9776485e-01   7.3182413e-04   2.6272457e-01   2.7410851e-01  -5.2758400e-02  -4.5623975e-01   2.4300355e-02   2.7238372e-01   4.3018575e-02   3.6462697e-01   7.4336951e-01  -6.1210323e-01   1.0246239e-01  -3.5688998e-02   8.1795008e-02   2.2206230e-02   3.4740393e-01   2.6465778e-01   2.1151601e-01   3.5980934e-01  -3.1431324e-01   2.2390736e-01   3.4149070e-01  -7.2329436e-02   1.0892849e-01  -4.2137780e-02   3.3884226e-01   6.4173098e-02   4.0235521e-01   4.8742164e-01  -3.2213557e-02   4.2292222e-02   2.6875926e-01   8.8508088e-02   4.8591829e-02   5.5872036e-01  -1.4562818e-01  -3.1470128e-02  -4.2078191e-01  -6.5304901e-02  -6.4681868e-02   1.9022247e-01  -6.1320601e-01   4.0661659e-01   7.7837400e-02   2.0977737e-01  -2.1260328e-01   4.1817844e-01   1.8030069e-02  -2.6642916e-01   3.2334785e-01   3.5491963e-01  -9.9217257e-03   7.5806446e-02  -4.2055696e-01  -2.8594193e-01   2.7735987e-01   9.2136903e-03  -7.8576502e-02  -1.8276610e-01   1.7874790e-01
   1.1505173e-01  -2.7595886e-01  -3.4734923e-01   3.4829015e-01  -1.8883467e-01   3.1082393e-01   2.7135707e-01   0.0000000e+00  -1.3302168e-01  -1.7172176e-01   5.7793716e-01  -3.2784874e-01   1.2610995e-02   2.4864276e-01  -1.5766355e-01   4.8402400e-02  -3.9553381e-01   2.0726867e-01   2.7685715e-01  -3.7002111e-01   2.5629609e-01   4.3392101e-01  -1.3797240e-01   1.7789776e-01   3.8421381e-01   5.5993024e-01  -3.1675362e-01   3.4909163e-01  -3.4437979e-02   3.7725512e-02   4.1765242e-01   2.0946970e-01  -2.5367038e-01  -7.6717082e-02  -3.6777995e-01  -1.8933513e-01  -5.1364696e-04   1.9964091e-01   7.1331927e-02  -5.6070958e-01  -4.4273969e-02  -3.6479738e-01  -3.1988673e-01   6.5266267e-01   1.8464265e-02   1.8589638e-01   9.5868262e-02  -1.3730271e-01   3.0812950e-01  -4.9081066e-01   3.0281751e-01   5.6046127e-01  -2.2292060e-01  -2.3613078e-01   1.7959141e-01   3.4346299e-01   3.8269139e-01   2.5589882e-01   3.2225852e-01   2.9317939e-01  -3.1719764e-01   1.2415965e-01  -1.6664552e-01   3.9961819e-01   1.9915048e-01  -2.1024541e-01  -1.2918055e-01  -7.2147901e-02   4.9010543e-01  -5.6751288e-02  -4.1121413e-01  -5.2545211e-02  -2.6718416e-02  -1.5932746e-01   9.5111690e-02   3.4987287e-01  -2.1550804e-01   6.5085632e-01  -3.3746553e-01   8.2383084e-02   5.9158716e-01   9.9887399e-02   1.3562584e-01   4.6026020e-01   1.1769864e-01   3.3802253e-01   1.5231603e-01   1.2127825e-01  -2.1734850e-01   1.5828699e-01  -1.8909002e-01  -2.8739441e-01  -3.2463682e-01   1.8281955e-01  -1.2158099e-01  -1.9989982e-01   1.1385478e-02   5.0380983e-01   2.4495834e-02  -1.3535932e-01  -6.8423009e-02  -7.9361858e-02   3.4288111e-01  -2.3055615e-02   3.3781706e-01   5.6465271e-01  -2.7499232e-01   6.6111326e-01   5.1316142e-02  -1.3385770e-01  -2.3526014e-01   2.5421929e-01   2.7769808e-02   8.2397711e-02   1.3214314e-01  -2.6286972e-01   4.0653369e-01  -3.7994419e-02   1.4477415e-01   1.4710652e-01   2.4396515e-02  -1.3666133e-01  -7.0757286e-02   1.3104684e-01   2.1234390e-01   1.5406212e-01   3.5181705e-01  -1.5693248e-01   4.4013456e-01  -3.8492875e-01   1.0557275e-01  -1.0731635e-01   2.9618684e-01   3.8019964e-01   1.0386026e-01   7.5155945e-01   5.0335168e-02   2.1866932e-02   3.6433859e-01  -7.6356368e-02   2.0813147e-01  -5.0400424e-02   5.2610305e-01  -1.3179490e-01   3.0877214e-01   5.4701605e-01  -3.1162258e-01   1.7999009e-02  -2.2648485e-01   1.7539783e-01  -9.8161950e-02   3.1228486e-01   3.3155005e-02   1.6592299e-01  -5.4406644e-01   9.5645835e-02  -2.0954206e-01   1.8291887e-01  -3.9243967e-01   4.6198377e-01   1.5771451e-01   5.1767970e-01  -1.4152587e-01   3.3861764e-01   5.2236873e-01  -3.4252246e-01   2.0526930e-01   3.3315599e-01   8.0746247e-02   1.9449143e-02  -4.8992633e-01  -2.3726563e-01   2.8467986e-01  -1.7574309e-01  -4.7878014e-02  -2.5189538e-01   4.2456064e-01
  -3.3821109e-02   2.1417546e-01  -5.2125369e-02  -3.1573294e-02   1.8208548e-01  -2.8808519e-01  -2.1263605e-01  -1.3302168e-01   0.0000000e+00   2.8250229e-02  -1.5256557e-01   2.6022163e-01  -5.7918205e-02  -2.3444986e-01  -8.2032393e-02  -3.4809543e-01   2.8173171e-02  -1.4331108e-01  -2.3522590e-01   3.5362773e-02   8.5878804e-02  -8.2960015e-02  -2.7687164e-02  -1.9258084e-01   1.5118909e-01  -1.2132448e-01   1.9752519e-01  -3.3955227e-01  -2.3969562e-01   5.0238419e-01   2.6523400e-02  -1.2791646e-01   1.2159929e-01  -1.1484205e-01   5.3309202e-01  -2.2158440e-01   6.1563114e-02  -1.1283507e-01  -3.2452063e-01   2.5498040e-01  -1.6055345e-03   2.7875752e-02   5.4138497e-01  -2.9428378e-01   3.6621357e-01  -2.8351016e-01  -2.5843341e-01   2.2631560e-01  -1.6185656e-01   1.4297355e-01  -2.9445504e-01  -1.1760278e-01   3.0928354e-01   1.4122034e-01  -3.1406339e-01  -5.2048866e-01  -4.8819873e-02  -2.1731474e-01   2.1151339e-02   2.3541066e-01  -1.7370633e-01  -3.0429667e-01   7.4671060e-01   3.0288513e-01   5.2741558e-01  -1.8287629e-01  -1.6567299e-01   4.4433977e-02  -2.1857066e-01  -1.6723163e-01   2.8975425e-01  -6.1257199e-03  -2.4209734e-01   2.1931600e-03   8.4455817e-02  -1.8972312e-01  -6.8356147e-02  -1.1702154e-01   3.6878154e-01   3.1975153e-01  -3.8199180e-01  -3.3022596e-01  -1.2298234e-01  -1.6738618e-01  -3.6477032e-01  -2.9615222e-01   2.3563155e-03  -2.1302077e-01   3.6565397e-01  -3.1387590e-01   3.5719222e-01   6.5080545e-02  -9.6633526e-02   1.1286616e-01  -2.6586173e-01   1.4186487e-01  -2.1222375e-01  -7.6203979e-02   4.9682106e-02  -1.5884109e-01  -9.5624676e-02  -2.3542620e-02  -1.8088741e-01   5.6948680e-01  -2.7064828e-01  -6.3707980e-02  -3.9323308e-02  -1.1332597e-02  -1.6668152e-01   1.0402776e-01  -1.0083540e-01  -3.3659556e-01   1.7318771e-01  -2.6787507e-01  -3.6233147e-01   2.8474441e-01  -3.4277432e-01  -2.2379006e-01  -3.7664539e-01   7.2384709e-02  -2.2722099e-02   3.7539648e-01   4.5725230e-01   2.4653921e-01  -4.1458687e-01   4.4634581e-02  -1.1926704e-01   1.2281703e-01   2.6587333e-03   1.0459088e-01  -2.7005269e-01   3.0292793e-01  -3.8503246e-01   1.6838224e-01   2.1147400e-01  -2.6132240e-01   2.1386428e-01   3.6613947e-02  -7.9795462e-02  -1.0710112e-01  -3.1544880e-01  -1.2256190e-02  -2.3985152e-01  -2.9191176e-01  -1.0806420e-01  -2.9126445e-01   1.4784403e-01   1.3251018e-01  -2.2896483e-02  -2.1390785e-02  -2.8472796e-01  -2.6525236e-01  -9.4397158e-02   1.8939218e-02   3.6346771e-01  -1.6446513e-01  -5.5385878e-02  -5.8104853e-02   8.1920365e-02  -3.3391352e-01   3.6203405e-01  -1.5892385e-01  -1.3570797e-01   1.2063921e-01  -7.7518698e-02   1.2704564e-01  -1.0987626e-01  -3.2307553e-01  -2.7130370e-01  -2.8352777e-01   2.8582393e-01   5.6401792e-02  -1.6438638e-02  -2.6897389e-01   1.7766094e-01   2.2018905e-01  -2.3098205e-01
  -2.9827684e-01   2.3804283e-02   1.5779576e-01  -1.9755182e-01   2.1748258e-01  -1.5691048e-01  -1.5038826e-01  -1.7172176e-01   2.8250229e-02   0.0000000e+00  -2.3170403e-01   1.2502497e-01   4.0960246e-01  -3.1100042e-01   2.5373617e-01   1.1471663e-01   1.4808862e-01  -2.8384139e-01  -7.2896727e-02   5.0184109e-01   4.2094917e-02  -2.3516512e-01  -1.2807244e-01  -2.8087513e-01   3.1231660e-02  -2.4214869e-01   3.6762296e-01  -3.1528164e-01  -6.3953779e-02  -3.2287899e-01  -2.2122457e-01  -2.4975970e-01   3.0556549e-01   4.6062091e-01   3.0508488e-01   3.4207100e-01  -1.1155389e-01  -2.2809640e-01   6.9094914e-02   4.8213861e-01   2.5256337e-01   1.6184277e-01   3.7320944e-01  -2.4480753e-01  -2.2352474e-01  -2.8824401e-01  -2.7794445e-02   1.5076961e-01  -1.4393195e-01   3.3963335e-01  -3.2896065e-01  -3.2385722e-01   3.2146701e-01   2.9298836e-01  -4.1529990e-01  -1.2023202e-01  -1.4615917e-01  -2.9929781e-01  -1.0244715e-01  -1.4456220e-01   9.8426922e-03   1.0224264e-01  -4.2229032e-02  -2.7374443e-01  -2.3922063e-01   9.4559173e-02   2.6644013e-02   8.8198200e-02  -3.6861982e-01   4.4903841e-02   4.0824117e-01   2.5052079e-01  -2.5920026e-02  -1.0905785e-01   3.4634527e-01  -3.8653263e-01  -1.2278151e-01  -1.9293160e-01   1.6031253e-01   1.1380968e-01  -3.3630403e-01  -1.6558299e-01   3.2880380e-01  -2.2600369e-01  -1.7774778e-01  -3.4276097e-01   3.4802364e-02  -1.7423628e-01  -6.0621316e-02  -2.2235817e-01   1.8610128e-01   1.6777106e-01   6.1835309e-01   7.1598518e-02  -2.3481372e-01   4.5293564e-01  -1.4269267e-01  -1.9157066e-01   9.3164433e-02   2.3197912e-01   2.2975591e-01   7.8864346e-02  -2.3009275e-01  -1.1414127e-01  -4.0749102e-01  -1.8326951e-01   1.5173279e-01  -2.5809718e-01   3.9736619e-02   2.2698926e-01   3.4985886e-01  -4.6203519e-01  -1.9800961e-01  -3.4452652e-01  -2.2356896e-02   3.0318816e-01  -4.4133895e-01  -6.1531800e-02   1.3943219e-01  -7.0164436e-02  -3.7441421e-01   1.3409758e-01   2.5930593e-02  -1.9376217e-01  -1.0707882e-01  -2.5606167e-01  -2.7058946e-01   2.4467045e-01   5.7449201e-03   2.4082328e-01   1.1023334e-01   3.7331953e-02  -2.9027781e-01  -2.2554739e-01  -1.4365008e-01  -8.1885687e-02  -1.8283966e-01   2.8980332e-01  -3.5099861e-01  -1.8640613e-01  -4.0543476e-01   3.4304590e-01  -4.2017429e-01   1.9575671e-01  -1.5358040e-01  -3.1779255e-01   3.9941544e-01   1.8659537e-01   1.9774195e-01   1.3908106e-02   4.5401196e-02   6.8655897e-02  -1.8214078e-01   1.9537099e-01   2.8672578e-01  -2.1231299e-01  -2.5080309e-01   2.9902897e-02   2.4695857e-01  -1.8292950e-01  -2.6980167e-01  -4.0750933e-01   4.6851910e-01  -2.3266787e-01  -2.6628801e-01   1.6779975e-01   1.7172082e-01  -2.4438463e-01  -3.7603157e-01   4.3760899e-01   2.8689114e-01  -2.2772687e-01  -3.0934298e-01   1.4851943e-01   5.3155945e-02   4.9551646e-02  -1.8986697e-01
   1.5393105e-01  -3.8333038e-01  -1.6406520e-01   2.9063863e-01  -8.7623899e-02   4.3869565e-01   3.8619950e-01   5.7793716e-01  -1.5256557e-01  -2.3170403e-01   0.0000000e+00  -2.8468478e-01  -1.1131385e-02   2.1617122e-01  -1.8927811e-01   1.7778635e-01  -1.5660623e-01   6.3014834e-01   2.2341475e-01  -2.6697509e-01   2.3192947e-01   4.4839892e-01  -2.3916899e-01   1.9452235e-01   4.9684575e-02   4.4696772e-01  -2.3795804e-01   3.5880209e-01  -1.6152426e-02   2.0954766e-01   5.1892603e-01   4.5536153e-01  -3.2820062e-01  -7.2279550e-02  -4.2894575e-01   9.5438089e-02   5.7216017e-02   2.9503944e-01   1.7902071e-01  -5.9981311e-01   1.9322849e-01  -3.9619902e-01  -3.8498118e-01   6.5621060e-01  -4.1313521e-02   4.4209468e-01   5.0546873e-01  -9.2110548e-02   4.0258912e-01  -5.1861649e-01   5.8844224e-01   5.1252856e-01  -2.1699002e-01  -3.9580301e-01   1.4695177e-01   4.6188028e-01   2.4680178e-01   5.0089290e-01   4.1472513e-01   3.3023845e-01  -7.7407296e-02   1.3209172e-01  -2.4929309e-01   5.2616849e-01   1.5239108e-01  -2.5185345e-01   1.0512354e-01  -8.6073902e-02   6.1135123e-01   2.6779560e-01  -5.2346545e-01   2.5045701e-01   2.5633661e-01  -3.0220262e-01  -1.6735115e-01   3.5246610e-01   1.2471075e-02   3.9310553e-01  -3.4126356e-01  -1.3807190e-01   5.5537990e-01   1.9146007e-01   2.2118273e-01   2.7832725e-01   2.6865993e-01   4.6339457e-01  -2.7918083e-02   4.4160027e-02  -2.9533971e-01   2.2457081e-01  -3.3667214e-01  -1.7706124e-01  -2.3856979e-01   2.9300023e-01  -1.3167704e-02  -3.5802990e-01   1.6469203e-01   3.4338795e-01   1.7815025e-01  -8.6115609e-02  -7.9025709e-02   1.2294567e-02   4.1768458e-01   6.1529334e-02   5.4379970e-01   4.4891388e-01  -3.1239978e-01   5.4202992e-01   2.4455226e-02  -1.2541227e-01  -2.7738710e-01   4.4718181e-01  -5.9726445e-02   1.1915463e-01   2.1354696e-01  -4.1648308e-01   4.2938397e-01   2.5046465e-01   1.6376304e-01   2.7320872e-01   1.5911093e-02  -2.7329981e-01  -1.8575153e-01   3.3357344e-01   3.8348570e-01   1.4404221e-01   4.8247317e-01  -4.3299875e-01   2.7674105e-01  -1.9700194e-01   2.6351045e-01  -2.7813229e-02   3.1947629e-01   5.4389651e-01   2.8916668e-01   4.6556824e-01  -1.5559599e-01   4.7271050e-03   5.6400786e-01  -3.1021148e-02   2.7570696e-01  -1.3722435e-01   7.1713697e-01   5.1379536e-03   3.1454302e-01   6.1587102e-01  -4.0419034e-01   2.3134542e-01  -5.5814455e-02   6.9498754e-02  -7.2287651e-02   3.7241740e-01  -4.3492017e-02   3.0812446e-01  -5.4637777e-01   1.7996839e-01  -1.4629433e-01   4.6267489e-01  -3.6186703e-01   4.3812721e-01   1.4313005e-01   5.8847528e-01   2.9601806e-02   3.7326935e-01   4.4830047e-01  -4.5201954e-01   2.7931299e-01   3.7331771e-01   1.1432962e-01   1.2485498e-01  -6.6619661e-01  -2.3241797e-01   5.1111884e-01  -1.7452491e-02  -2.1114668e-01  -4.0101652e-01   4.9587390e-01
  -3.3986384e-01   5.3311334e-01   5.9763624e-01  -1.3568479e-01   1.7036690e-01  -7.4224392e-02  -1.6119569e-01  -3.2784874e-01   2.6022163e-01   1.2502497e-01  -2.8468478e-01   0.0000000e+00  -1.3942687e-01  -3.2990676e-01   3.5828057e-01   9.0684190e-02   5.6014153e-01  -1.6878349e-01  -1.2191663e-02   3.1392403e-01  -4.3068853e-01  -4.6245142e-02  -4.6927462e-05  -2.9163173e-01  -4.9930716e-02  -1.4815949e-01   4.9473236e-01  -3.6279573e-01   1.6451643e-01   2.3932265e-01  -3.1328229e-01  -1.5691569e-01   1.2066912e-01  -3.7637784e-02   4.7774027e-01   1.3864663e-01  -1.2647405e-01  -2.9694720e-01  -6.6402485e-02   5.2323762e-01   9.8178124e-03   6.9078343e-02   6.6619008e-01  -2.3243943e-01   1.5596009e-01  -1.1390533e-01  -2.4259464e-02   1.3961849e-02  -4.6068864e-01   5.1689020e-01  -1.9676150e-01  -2.7516974e-01   1.0598664e-01   2.5144842e-01  -2.2497821e-01  -1.3915053e-01  -1.3059005e-01  -1.9907508e-01  -1.9095295e-01   2.5440412e-01   1.5920591e-01  -4.5262878e-02   3.3160330e-01  -3.7663352e-01  -4.0234427e-02   2.2343135e-01   3.8442521e-01   1.1346847e-01  -2.5387248e-01   7.5101398e-02   3.7832370e-01   5.5035901e-02   3.6285503e-02   5.8437623e-01   1.0400909e-01  -4.3077574e-02   8.3178817e-03  -1.2732417e-01   3.3668195e-01   1.1925665e-01  -3.8507750e-01   1.9863444e-01  -1.4820259e-01  -9.4433197e-02  -2.0062040e-01  -2.7321682e-01  -2.5913828e-01  -8.4742092e-02   1.6063840e-01  -3.6924874e-01   1.9595252e-01   1.4305694e-01   2.8765564e-01  -2.3305473e-02  -1.5631867e-01   1.4195667e-01   1.1901540e-01  -2.3414477e-01   1.5121274e-01  -1.1069757e-01  -3.7371519e-02   3.8319376e-01  -2.0483569e-01   2.7879069e-01  -3.2721894e-01  -3.4528111e-01   2.5900531e-01  -2.5307686e-01   1.8195656e-02   4.5994914e-02   3.7227681e-01  -1.7209951e-01   3.0048887e-01  -4.1849324e-01  -1.1887689e-01  -1.3102405e-02  -1.1500130e-01  -1.8621892e-01  -1.6522045e-02  -1.5777079e-01  -8.0945170e-02   2.4494262e-01   2.6352595e-01  -2.7733204e-01  -2.3243579e-01   2.7121793e-01  -3.2944413e-01   1.5726846e-01  -2.0864582e-01   4.2051927e-01  -7.2408762e-02  -4.9767423e-03  -3.2848337e-01  -3.0635448e-01  -4.3657311e-03  -3.2846872e-01   1.7943029e-01  -7.5402181e-02  -3.3903210e-01  -2.1490676e-01  -3.2313439e-01  -1.2229899e-01  -2.1750737e-01   4.1732109e-01   3.0827009e-02  -4.4900597e-01   3.8101434e-01   4.7680695e-02   2.3269218e-01  -3.9004455e-01   5.2348985e-02  -3.7351368e-01  -9.9554125e-02  -1.2898282e-01   6.6169783e-01  -3.2806112e-01   3.7620201e-02  -7.7973593e-02   3.0738139e-01  -4.2634224e-01   1.5675910e-01  -1.2311350e-01   3.7898231e-02  -3.0269310e-01  -4.4784650e-02   2.6046982e-01   2.3070707e-02  -3.4959815e-01  -1.3837551e-01   4.5064203e-02   3.2546555e-01  -3.3230244e-02  -4.4381023e-02   5.1850024e-01   3.3204200e-03   1.8842612e-01  -5.7231498e-02
  -2.4822836e-01  -1.4460667e-01  -1.2112696e-01  -2.5255553e-02   2.1313271e-01  -1.1186313e-01   6.4561431e-02   1.2610995e-02  -5.7918205e-02   4.0960246e-01  -1.1131385e-02  -1.3942687e-01   0.0000000e+00  -1.3429993e-01  -6.3390557e-02  -1.8896445e-01  -1.1234533e-01  -3.2857204e-03   1.6080247e-01   1.2522927e-01  -1.1634677e-01  -1.0235195e-01  -2.3271855e-01  -2.6343062e-01   2.1509470e-01  -1.5209408e-01  -9.7261688e-02  -1.1277659e-01   1.9639345e-01  -9.9744928e-02  -1.5086100e-01  -1.4488615e-01   1.4523302e-02   3.2136180e-02  -6.2641721e-02   5.9805802e-02  -2.1330543e-01  -2.1320436e-01  -5.9832578e-02  -1.3576700e-02   1.9094724e-01  -8.0932787e-02  -1.9186934e-02   4.3954500e-02  -1.4398280e-01  -1.1959860e-01   2.6497931e-02   5.5868094e-02   1.7454251e-02  -1.1280663e-01  -2.1990365e-02  -1.8485190e-01  -1.6791507e-01  -4.1057558e-02  -1.8531257e-01  -2.6749163e-04   7.4496504e-02  -2.7623210e-01  -3.2936846e-02  -2.0307040e-01  -4.5157149e-02  -8.1765774e-02  -1.1705621e-01  -1.6446701e-01  -2.2934119e-01  -7.8414349e-02   4.2858086e-04  -3.3560523e-02   2.2423225e-02  -3.3444154e-02   7.7786761e-03  -1.8473823e-02  -8.5638877e-02  -2.9993087e-01   9.2522068e-02  -9.2461661e-02  -8.1807769e-02   7.9150024e-02  -1.0227380e-01   9.0625359e-02  -8.9856957e-02  -3.0623569e-01  -1.0892286e-01  -4.8023942e-02  -6.3040349e-02  -1.6358039e-01  -1.7512357e-02  -2.4791332e-01   2.2981550e-02  -2.2976978e-01   1.1929995e-01  -1.7011034e-01   2.4539795e-02  -5.3112743e-02  -1.1910742e-01   5.3661049e-01  -2.8416299e-02   9.4649577e-02  -1.0843016e-01  -6.1239503e-02  -3.8480735e-03  -1.9220607e-01   1.7097331e-01  -1.8148206e-01  -1.6445586e-01  -1.8525392e-01  -8.6496174e-02   9.5563292e-02  -8.4201814e-02  -1.2602682e-01  -1.5066160e-01  -8.6518366e-02  -1.5282974e-01  -2.1006018e-01  -1.0546045e-01   6.0678483e-03  -1.1331388e-01   2.1978399e-01   4.3398826e-02  -7.0057694e-02  -2.6496952e-01   1.3626408e-01   1.1708743e-01  -2.1027875e-01  -1.0811203e-01  -2.4842544e-01  -4.2028115e-02   1.8921998e-01  -2.3302744e-03  -5.1692061e-02   1.9273784e-02  -2.3473628e-01  -1.2519310e-01  -1.9229218e-01  -7.6386008e-02   6.9389151e-02   6.6760372e-02   2.6793172e-02  -1.1819439e-01  -4.9068846e-02  -2.4386647e-01   6.1691143e-01  -1.3616502e-01   2.5974706e-02  -1.7028927e-01  -5.2693681e-02  -6.5271431e-02   1.6960839e-01   1.1013726e-01  -6.4810312e-02  -1.0229891e-01   5.9676691e-02  -2.2418480e-01   8.0185368e-02  -7.3685549e-02  -1.5585529e-01  -2.1180811e-01  -1.3211123e-02  -8.3704780e-02  -4.7363566e-02  -7.8533106e-03  -7.5413809e-02  -3.9659900e-02  -9.2625160e-02  -1.0197386e-01  -2.0742130e-01  -5.0739141e-02  -1.9959535e-02  -3.1726801e-01   1.2318771e-01   4.8670905e-02  -2.5337215e-01  -1.7119670e-01   5.7791248e-02   2.2982055e-01  -6.2495122e-02  -1.7784109e-01
   7.5310785e-01   3.9430650e-03  -4.4307272e-01  -4.0823053e-02  -3.6679450e-01   6.8572029e-03   2.2975370e-01   2.4864276e-01  -2.3444986e-01  -3.1100042e-01   2.1617122e-01  -3.2990676e-01  -1.3429993e-01   0.0000000e+00  -1.7833664e-01  -1.8737441e-01  -4.2811380e-01   1.4325696e-01   1.0937000e-01  -6.7186890e-01   1.5707214e-01  -9.5096503e-02  -1.1628256e-01   8.2606480e-01   2.1426396e-01   1.2491863e-02  -4.9484100e-01   7.6596143e-01  -2.0607514e-02  -3.6195966e-03   5.3210107e-01  -4.7874891e-02  -2.3646177e-01  -4.2354766e-01  -5.6167635e-01  -4.9429808e-01  -1.9342907e-01   4.5814735e-01  -1.3302446e-01  -6.0689743e-01  -3.3643388e-01  -5.8449269e-02  -3.6010828e-01   2.2684227e-01   3.7372886e-02   8.9813983e-02  -1.4331445e-01  -2.4427524e-01   2.5801919e-01  -5.1025488e-01   2.8429693e-01   3.2159467e-01  -2.6608688e-01  -2.8563842e-01   8.6524603e-01   1.5408174e-01   7.9874600e-02  -9.5356847e-03  -2.7230685e-02  -8.8373907e-02  -1.6615704e-01  -6.9661629e-03  -1.6790603e-01   2.9157916e-01   7.9168034e-02  -2.1133534e-01  -2.0850098e-01   6.4263505e-02   3.6089232e-02   5.1177777e-02  -5.4609032e-01  -1.4586499e-01  -2.1575221e-01  -2.2541394e-02   5.6302440e-02   1.2571350e-01  -2.1606798e-01  -1.5337744e-02  -3.0946624e-01   2.8876678e-02   3.2932653e-01  -1.0114967e-01  -3.0277548e-02  -1.3232213e-01   7.4159003e-01   6.5481981e-01   3.1026678e-01   6.9853381e-01  -2.1186678e-01   8.0723707e-01  -2.1173376e-01  -1.7940592e-01  -4.4623093e-01  -3.0569029e-01   2.6869265e-02  -3.5687967e-01  -1.0158512e-01   1.6243074e-01  -1.7387032e-01  -3.7634156e-01   2.4455559e-01  -1.6041679e-01   3.1014338e-01  -1.3031581e-01   3.3695208e-01  -1.0078595e-01  -2.4025873e-02   5.0113200e-02  -1.5284512e-01  -3.3914451e-01  -3.6265657e-01   3.9332608e-01   8.7770602e-02   5.3706489e-01   3.2462491e-01  -2.7951557e-01   4.4454492e-01  -9.4595983e-02   1.3553801e-01   1.1683279e-02   5.6070119e-01  -2.8680021e-01  -1.7686045e-01   1.4410277e-02   3.0415878e-01   2.2883927e-01   2.8531231e-01  -2.2967074e-01  -1.4820687e-01  -4.9309535e-01  -1.6802917e-01  -2.7077221e-01   7.3318928e-01   1.9056208e-01  -6.6688713e-02   3.7604183e-01  -1.5372864e-02  -2.1883582e-01   4.6511927e-01   4.8312850e-01   7.5641648e-01   6.2637235e-02   4.1812333e-01  -2.3179396e-01   5.1173333e-02   3.6992825e-01  -5.6489907e-01  -5.4874926e-02  -4.2242616e-01   9.0424088e-02   4.2916476e-01   3.8584537e-01   6.3700436e-01  -1.7062123e-01  -5.9412603e-01   7.6670290e-01   1.4552813e-01  -1.2876115e-01  -3.1565101e-01   4.3098529e-01  -1.2895074e-01   2.9399149e-01  -3.1815413e-01   1.3929616e-01  -1.5647236e-01  -2.2136843e-01  -2.2022200e-01   7.4300959e-01   6.9554722e-01  -9.7595889e-02  -3.4020021e-01   1.9283715e-01   2.1988010e-01  -3.1587545e-01   3.5245981e-02  -2.4962459e-02   1.4017838e-01
