   0.0000000e+00  -2.5400581e-01  -8.4062271e-02   2.3577246e-02  -1.3770485e-01   1.2807111e-01  -2.7478478e-01   3.6454691e-01   8.6140331e-03  -3.7556598e-01   2.3269718e-01  -2.8713974e-01   1.5527657e-01   4.3832971e-01  -8.7198024e-02  -2.9442510e-02  -8.1945485e-02   4.9419348e-02  -1.6244990e-02  -1.3254762e-01  -1.6781573e-01  -4.1035738e-02  -5.2507097e-02   6.9922831e-01   7.4725001e-03  -3.1274891e-02  -1.5014949e-01   3.0461361e-01   1.1877976e-02  -3.5336927e-01  -2.0636120e-01   7.3711798e-02   1.3957292e-01  -3.8306003e-01  -3.8660969e-02  -2.0415662e-01  -2.7152811e-01   5.5503386e-01  -1.4642973e-01  -2.4440951e-01   2.4560843e-01   1.3440819e-01  -1.6867485e-01   9.7376327e-02  -8.1245552e-02   5.0541521e-01   1.3403104e-01  -4.9628853e-01  -1.9429020e-01  -9.5798891e-02   7.4909206e-02   2.8320607e-01  -3.3564183e-01   9.5050770e-02   1.6479106e-01  -3.5616773e-02   5.7974712e-02   8.0937235e-02   1.9004361e-01   4.0257329e-02   4.7549110e-01  -6.6559809e-02  -9.7109444e-02  -7.4196355e-02  -1.9039206e-01   5.5815010e-02   3.1388149e-02  -4.5248210e-02   2.2564022e-02   3.8780679e-01  -3.9791711e-01  -2.4355310e-02  -1.8794888e-01   5.4112223e-01   3.2960989e-02   2.2237214e-02   4.8635004e-01  -4.9281796e-02  -1.8131099e-01   1.4056865e-01  -1.5251229e-01  -1.5454242e-01  -2.7386666e-01  -1.5213146e-02   6.5598796e-01   1.5559364e-01  -5.1081542e-02   3.5753309e-01  -1.0358963e-01   7.7377964e-01  -9.3724666e-02   3.6966265e-01  -2.7169912e-01  -3.0312602e-03   5.2351896e-01  -1.4784189e-01  -1.7744064e-02   4.1268330e-02   7.0931329e-02  -4.1358246e-01   4.3089247e-01   3.0601347e-02  -8.5834909e-02   1.6590539e-02   8.6397983e-02  -2.9047419e-02   2.7713451e-01  -2.6530227e-02  -7.8150501e-02  -9.2354396e-02  -3.9955307e-01   9.2521898e-02  -8.5453341e-02   8.7524861e-01  -4.2425470e-02  -2.2450697e-01   1.5157662e-02   1.5072411e-05   7.7543709e-02  -1.3621127e-03   6.9384385e-01  -1.1460471e-01  -1.2054764e-01  -1.9889647e-01   7.3655721e-01   3.6766751e-01   2.8807119e-02   1.0207250e-01   7.1961279e-02  -1.0882082e-01  -2.9275547e-02  -4.1683088e-01   4.1291216e-01  -2.0984030e-01  -1.0207887e-01   1.9115767e-02  -4.8966785e-02  -3.3772384e-01   7.4403217e-02   6.6501347e-01   8.2652382e-01  -1.1208236e-01   2.3711225e-01  -4.5904854e-02  -1.6117696e-01  -7.4051710e-02  -4.6288668e-01   1.4262148e-02   1.2903744e-01  -5.8218973e-01   5.3811675e-01  -1.8679103e-01   7.8913096e-01  -1.2304859e-01  -3.2932283e-01   6.4031330e-01   5.1741493e-01   2.4388183e-01   1.5019727e-01   6.5102258e-02  -1.4101515e-01   2.0444952e-01  -3.7081961e-01   1.5700059e-01  -1.2750036e-01  -1.9901731e-01   3.7709941e-02   6.4730063e-01   8.0100606e-01  -3.6842971e-01  -2.4138741e-02   4.6015717e-01   1.8529950e-02  -3.2830489e-02  -3.5512899e-02  -1.2743837e-01  -4.0825086e-02
  -2.5400581e-01   0.0000000e+00   5.2767123e-02  -1.3706698e-01   5.2027991e-01  -5.9410429e-01  -5.2551706e-02  -3.0842624e-01   5.4401566e-01  -8.9229292e-03  -4.7457972e-01   6.5518353e-01  -1.1194776e-01  -3.1240407e-01  -3.4190310e-02  -1.2142171e-01   2.2508798e-01  -5.9288254e-01  -2.1935688e-01   4.7019230e-01  -4.8480944e-01  -3.2313857e-01  -6.5137210e-01  -4.4075498e-02   7.0487658e-02  -2.1107208e-01   5.2797705e-02  -4.2042605e-01   5.3945732e-01   9.8396646e-02  -8.9214642e-02  -3.2300770e-01   2.1970959e-01   3.9054166e-01  -2.1715803e-01   1.4733553e-01   7.6025699e-01  -3.0131742e-01   1.5039936e-01   4.4322638e-01   1.6224612e-02   1.4790416e-01   7.5265798e-01  -4.4329231e-01   2.6857667e-01  -4.3711200e-01  -3.9605302e-01   5.6976740e-01   7.7589229e-02   3.8502805e-01  -5.4634895e-01  -1.4038100e-01   8.0624845e-01   3.5967225e-01   7.4218095e-02  -3.8194615e-01  -1.4951329e-01  -3.2120703e-01  -2.5664368e-02  -3.5887263e-01  -3.0535413e-01  -1.1790230e-01   8.2981399e-01   2.6075224e-01   3.7138784e-01  -2.0358321e-01  -4.7270377e-01   1.4811873e-01  -4.6747916e-01  -4.9706836e-01   7.3204777e-01  -1.8046118e-01   3.6450096e-01  -3.4873233e-01   3.1084651e-01  -1.8000219e-01  -3.1846233e-01  -1.8525865e-01   7.6424885e-01   2.3248064e-01  -3.6340709e-01   3.0914988e-01   3.0250229e-01  -3.0105719e-01  -3.7059123e-01  -2.9520074e-01   3.1966665e-01  -1.4945560e-01   6.3756507e-01   4.3443477e-04   7.3061019e-01  -6.7830657e-02   3.3886203e-01   2.6797566e-01  -4.0133815e-01   5.0353454e-01   6.6709571e-02   2.1432474e-01  -8.8522189e-02   3.9332240e-02  -6.6900467e-02  -3.6751618e-01  -4.7764673e-01   2.7965334e-01  -5.2948912e-01  -2.3011521e-02   1.2585985e-01  -3.2433991e-01  -1.0030423e-01  -3.3458254e-02   1.5950612e-01  -5.1899875e-01   3.5868500e-01  -2.8699601e-01   5.2500214e-02   8.5971615e-01  -2.7623599e-01   1.3690472e-01  -4.0613158e-01  -3.9690236e-01  -3.4417931e-01   7.1571544e-01   6.1687078e-01   5.7881847e-01  -3.4843790e-01  -4.5734554e-01  -4.4069611e-01   4.1708067e-01  -1.2248312e-01  -1.4829876e-01   6.0379956e-02   3.0108868e-01  -3.5176411e-01   1.4438143e-01   4.9626015e-01  -1.8768717e-01   2.9989591e-01  -1.7612874e-02  -2.9295847e-01  -2.6407670e-01  -2.2600634e-01   1.0723182e-01  -4.8976486e-01  -5.6484972e-01  -2.7696208e-01  -2.4511013e-01   6.2104599e-01  -4.6668853e-01  -4.2679848e-01   1.7797761e-01  -2.9202817e-01  -2.6327679e-01  -3.3631928e-01   3.2989062e-01   5.1800434e-01  -1.4346580e-01  -3.8821911e-01  -7.6635336e-02   7.5084774e-02  -4.7373766e-01   4.1646742e-01  -3.3571607e-01  -1.2060236e-01  -2.8860422e-01   8.3355574e-03   7.4331920e-01  -1.3249959e-01  -3.8931028e-01  -3.6737877e-01   6.3088755e-01   5.2670874e-01  -3.3420250e-01   2.6531831e-02  -6.2781053e-01   1.5794901e-01   3.6302467e-01  -6.1180996e-02
  -8.4062271e-02   5.2767123e-02   0.0000000e+00   1.8856832e-01   3.6150767e-01   2.3736035e-01  -5.0568990e-02   6.7910465e-02   1.1591441e-01   1.1446704e-01  -9.6104862e-02   3.0302498e-01   1.7009913e-01  -3.3650077e-01  -5.5387435e-02   2.7919321e-01   8.6128992e-01   3.2239406e-02  -5.2254857e-02   3.8590952e-01  -1.9007224e-01   2.3658240e-01   7.4347589e-02  -3.6195394e-01   9.8316969e-02   1.2282307e-01   4.1587868e-01  -4.4897695e-01  -6.8928178e-02   4.5671987e-02  -3.0682919e-01   3.3779162e-01  -4.1778609e-02   1.9955033e-01   6.0955805e-02   3.7776569e-01   8.8836143e-02  -1.5537832e-01   2.8474427e-01   5.4064085e-01   1.8320893e-01   1.4482241e-01   2.5740100e-01  -1.7778924e-01  -3.1077767e-02   3.1516063e-02   3.0091020e-01  -1.5232003e-01   4.5081363e-01   6.0401051e-01   1.4741904e-01   1.0595441e-02   1.8584167e-03   2.3702138e-01  -3.5590895e-01  -2.7655085e-01  -1.2907452e-01   3.0876499e-01   1.6023205e-02   3.3098304e-01   5.8807327e-02   2.6485743e-01   1.5300297e-01  -2.4454130e-01  -2.0507145e-01   2.1349872e-01   2.9969877e-01   1.9955060e-01   1.9873885e-01   3.6338640e-01   1.6052816e-01   2.4055614e-01   2.3093196e-01  -1.3408876e-01   5.4509584e-02   1.4614221e-01  -4.2270207e-02  -6.6175918e-02   1.3427900e-01  -2.2763356e-02  -4.5918154e-01   3.3269155e-01  -2.2783704e-03   9.3784121e-02  -5.6650640e-02  -8.2630157e-02  -2.3251026e-01  -4.4103905e-01  -2.4872989e-02  -2.1615553e-01  -1.9823842e-02   5.2033437e-01   2.6774374e-01   2.8450534e-01  -9.1672776e-02   3.3147218e-01   8.9794319e-02  -1.4181850e-01   1.4394820e-01  -4.4462877e-03  -2.1971894e-01  -1.4149075e-01  -2.1732339e-01  -9.8059274e-02   1.5297184e-01   3.4982858e-01   2.0876696e-01   6.2190140e-02   1.3751838e-01   9.4465465e-02   3.8159862e-02   1.9044657e-01   1.8654293e-01  -1.4998660e-01  -3.0493730e-01  -2.5410192e-02   3.9119180e-03   3.5129014e-01  -1.4668126e-01   1.8736491e-01  -1.0833611e-01   1.8192597e-01   1.9944169e-01  -1.3055094e-01  -8.3075054e-02  -3.6481036e-01  -2.1324826e-01   1.7157594e-01   3.2577470e-01   5.7570865e-01   1.5651371e-01  -1.8297486e-01   6.3722003e-02  -1.0361650e-01   4.1983904e-01   7.9929139e-02   1.6440724e-01  -7.4437678e-02   1.3295249e-01  -2.4156798e-02  -1.5621865e-01   3.6241713e-01   5.4921252e-02   2.3803409e-01  -2.0797497e-01  -1.8281573e-01   1.6755337e-01   1.1668081e-01   2.7911376e-01  -4.6383857e-02  -1.8511952e-01  -3.8483202e-01  -6.4522477e-03   4.6324808e-02   6.4207354e-01  -1.4056891e-01  -6.0917678e-02   2.9599716e-02   4.6540140e-01  -3.4672937e-01   2.1554573e-02  -8.9907558e-02   1.4995686e-01   2.1733631e-01   3.8137417e-01   1.9961820e-02   2.7626637e-02  -2.7309739e-01  -6.8127149e-02  -4.0548699e-02   2.9565065e-02  -2.0288869e-01   9.3919855e-02   1.6600153e-01  -1.4004381e-01   1.4306406e-01   2.5648991e-01
   2.3577246e-02  -1.3706698e-01   1.8856832e-01   0.0000000e+00   7.7881039e-02   3.4595644e-01   1.3206522e-02   7.4561495e-02   3.6819652e-01   1.6329908e-02   1.5660920e-01   9.8921621e-02   2.5539816e-01   9.5070563e-02   2.0025180e-01  -3.9993445e-02   9.8766883e-02   5.5099939e-01  -2.6288144e-02   1.5962175e-01   1.5446507e-01   6.2455509e-01   1.9547512e-01  -2.5519966e-01   6.0132925e-01   2.7465541e-01   3.1272352e-01  -7.2084891e-02   1.3270817e-01   3.0188825e-01  -9.6646754e-02   5.7252056e-01  -1.1890535e-02  -2.8937474e-02   3.9464993e-01   1.9289680e-01  -1.1332871e-01  -6.7001947e-02   2.5498201e-01  -1.6669039e-01   3.7481527e-01   3.3563829e-01   3.4285177e-02   1.2820446e-01   2.6579505e-01  -8.1119790e-02   5.1950843e-01  -1.8288902e-01   1.9140053e-01  -2.5754923e-01   5.4675043e-01   1.2426546e-01  -1.7804208e-01   2.0643073e-01  -6.1570817e-02  -2.4047979e-01   3.2078662e-02   5.4168557e-01   5.2235554e-01   4.4985102e-01   7.4838661e-02   3.2008150e-01   3.8157928e-03  -1.9769330e-01   2.9788808e-01   2.2231920e-01   4.7621064e-01   7.2072213e-01   6.2715316e-01  -2.3200029e-02  -2.8601462e-01   6.9426046e-01   1.7865572e-01  -3.4326567e-02   2.0626701e-01   4.0235918e-01  -2.5589340e-01   2.7806524e-01   6.3722932e-03   5.2285339e-01  -1.9340367e-01   1.3982721e-01  -2.6378857e-01   3.1461580e-01  -8.4873217e-02   3.5861236e-01   1.1722431e-01  -1.4065042e-01  -1.6038760e-02  -1.5855754e-01   8.7005509e-02   1.9400571e-01  -2.9666546e-01   4.9035389e-01  -4.9143202e-02  -2.3217761e-02   5.4325099e-01   2.7514059e-01   5.2945690e-01   1.1161261e-01  -2.8764936e-01   7.7892249e-02   1.3998212e-01   3.2449817e-01   4.9060343e-01   7.6556812e-01   2.8216083e-01   5.2679906e-01   2.4643420e-01   1.5214236e-01  -2.8525205e-01   4.1095323e-01   6.1662194e-01  -4.4482056e-02  -4.4669430e-01  -1.7185535e-01   3.7830349e-01   1.1189430e-01  -2.6899153e-01   5.4338181e-01   2.1979493e-02   5.1131366e-02   4.3073654e-02   7.0069226e-02   6.6097409e-03  -7.3032746e-02   4.3163556e-01   2.5763540e-01   7.5998740e-01  -1.3910116e-01  -3.2731908e-01  -1.5767046e-01   7.4868979e-02  -9.3362942e-02   4.0944739e-01   2.3585643e-01   5.4999795e-01  -2.7010040e-01   3.3681767e-01   2.2990433e-01   1.4570006e-01  -2.1528538e-02   2.4377594e-01  -1.2584429e-01  -4.8441294e-02   3.2595330e-01  -2.4145190e-01   2.4486598e-01   2.6999542e-01   2.6160672e-02  -2.4417749e-01  -1.3753374e-01   7.0503739e-02  -6.9796362e-02  -8.8345928e-02   1.0051002e-01   1.0117449e-01   4.9840573e-01   1.8730580e-01  -2.0966922e-01   3.5991172e-01   3.8477254e-01   1.6272765e-02   6.8923894e-01   5.8694657e-01  -1.0170417e-01   1.2398918e-01  -1.1045063e-01   1.5027122e-01  -2.8791096e-01   2.5680654e-02  -2.2038908e-01   6.6008578e-01   2.2916442e-01   1.1445169e-01   2.6289751e-01   7.3725637e-01
  -1.3770485e-01   5.2027991e-01   3.6150767e-01   7.7881039e-02   0.0000000e+00  -3.4691128e-02   1.4016649e-01  -1.7910353e-01   4.6081037e-01   1.8973440e-01  -4.6999649e-01   6.0165676e-01   1.0736897e-01  -4.7737400e-01   3.3043935e-02   4.1489376e-02   4.3982092e-01  -2.4246538e-01  -1.0670243e-01   9.0682659e-01  -5.4875544e-01  -7.9050987e-02  -1.6523712e-01  -1.8111252e-01  -2.3958340e-02  -5.8593432e-02   5.8573098e-01  -4.1532340e-01   3.1967565e-01   1.5041426e-01  -5.3368634e-01  -3.1074462e-02  -1.2195828e-01   5.7021694e-01   7.9779360e-02   6.8988903e-01   4.8126417e-01  -1.9230123e-01   3.5123659e-02   4.7641013e-01   1.4258506e-02   1.5712677e-01   5.3179957e-01  -4.7085860e-01   3.8593233e-01  -1.8175611e-01   1.3375576e-01   8.0024405e-02   3.9008624e-01   4.5542774e-01  -4.3344354e-02   3.3768723e-02   5.3009833e-01   7.5093306e-02  -4.3964238e-01  -6.1545469e-01  -1.6165375e-01   2.9695260e-03  -6.6940959e-02   1.4542405e-02  -2.1992979e-01   4.9227377e-01   5.4318703e-01  -3.3510096e-01  -1.2496583e-02   4.6965798e-01   1.0507716e-01   2.4703428e-01  -1.2920079e-01  -1.1275309e-03   2.8736418e-01   2.8504792e-01   1.0064306e-01  -2.9130157e-01   2.1978760e-02  -1.9720401e-01  -3.0876421e-01  -1.8182130e-01   8.2981380e-01   6.9856768e-02  -6.1338348e-01   2.8975021e-01  -2.0512580e-01  -1.5319936e-01  -2.4749277e-01  -2.9757194e-01  -1.1148731e-01  -4.2181696e-01   3.9889686e-01  -2.7207260e-02   7.5068516e-01   1.2158560e-01   1.9169234e-01   3.5910744e-01  -2.4310099e-01   6.1524536e-01   2.8295366e-01   9.9347385e-02   2.6603445e-01   6.1356149e-02  -3.1360636e-01   1.3246989e-03  -5.2030859e-01  -7.3725734e-02  -1.0631152e-01   2.2437858e-01   3.0667682e-02  -8.5399833e-02   4.8398774e-01   1.2857851e-01  -4.4765330e-02  -1.1906601e-01   3.7227894e-01  -1.4633231e-01  -3.9883867e-01   6.5621638e-01  -6.1809917e-02   1.9459199e-01  -5.6745366e-01   4.0982249e-02  -2.2816780e-01   6.8396947e-01   5.8284908e-01   1.2526585e-01  -8.8085297e-02  -4.7739781e-01  -1.7348174e-01   1.5536305e-01   1.6445683e-01   2.1485568e-01   3.6453655e-02   1.5223059e-01  -1.5968517e-01  -2.5210976e-01   4.7106302e-01  -3.0234170e-01   2.2631189e-01  -4.1307163e-01  -1.5811430e-01  -8.5563241e-02  -1.3495768e-01   2.6604997e-01  -1.2248013e-01  -3.6974648e-01  -4.1400534e-01  -5.0712709e-01   2.6821364e-01   6.8783303e-02   3.2868123e-01  -1.6203135e-01  -3.7047552e-01  -6.2729855e-01  -1.8500539e-01   1.4306290e-01   6.2216671e-01  -5.8230054e-02  -1.5783938e-01  -9.9803014e-02   2.0312287e-01  -4.9028143e-01   5.5532677e-01  -3.7271137e-01  -6.4952473e-02  -2.6252153e-02   1.6730794e-01   6.9064632e-01   3.1521558e-01  -2.6301169e-01  -2.1187829e-01   1.0103484e-01   7.4942481e-01  -2.5014376e-01   2.5836773e-01  -1.9091427e-01  -4.3733526e-02   2.4204868e-01   1.1053953e-01
   1.2807111e-01  -5.9410429e-01   2.3736035e-01   3.4595644e-01  -3.4691128e-02   0.0000000e+00   2.2674993e-01   2.5921134e-01  -2.9913292e-01   1.3702040e-01   9.6908264e-02  -2.7388775e-01   4.5174027e-02   2.0635945e-01   6.9603373e-02   2.9424892e-01   2.0331584e-02   4.0407593e-01   3.2576724e-01  -4.6099165e-02   1.8289675e-01   3.7595595e-01   5.5934548e-01  -1.5595460e-01   3.0302770e-02   3.7992060e-01   3.2270806e-01   2.4937014e-01  -3.3632692e-01   2.8370417e-01  -2.3415810e-01   3.3756589e-01  -2.5067888e-01  -4.8343069e-02   3.0578268e-01   1.4130747e-01  -5.3030394e-01   1.9509596e-02   6.6890870e-04  -1.0389599e-01   2.6163264e-02  -8.0373041e-02  -4.2120622e-01   2.5289808e-01  -1.2904085e-01   2.6910176e-01   3.1831299e-01  -3.9998447e-01   6.2449927e-02  -1.1451548e-01   4.2624251e-01   2.6366015e-01  -3.7946716e-01  -2.3282737e-01  -2.8672218e-01   4.3883550e-02   1.9868976e-01   2.9109366e-01   1.2494381e-01   4.9097543e-01   1.3903463e-02   2.7407601e-01  -4.6276298e-01  -3.1165904e-01  -2.8442868e-01   3.9159592e-01   9.0476760e-01   7.4966944e-02   4.8015346e-01   5.7406692e-01  -4.7918247e-01   3.3870718e-01  -2.1812634e-01   4.8699031e-01  -1.8271917e-01   1.0144021e-02   7.0493971e-02   1.2144784e-02  -3.0517430e-01  -1.5866137e-01  -1.1260718e-02  -7.4469416e-02  -2.6963840e-01   4.4765139e-01   4.2185254e-01   5.8798511e-02  -8.8163069e-02  -1.5116527e-01  -3.6323474e-01  -6.9750954e-02  -2.5763568e-01   8.1374259e-02  -1.9171101e-01  -8.9839088e-02   1.2119086e-01  -2.1687596e-01   2.2284472e-01  -1.3693377e-01   2.9863869e-01  -6.3919187e-02  -2.9207562e-02   2.6352971e-01   3.8417352e-01  -6.1310551e-02   4.5348438e-01   1.4484548e-01  -2.7577864e-02   4.6923600e-01   2.7095831e-01   2.3770362e-01  -1.7508542e-01   6.2030095e-01  -5.3133564e-02   2.1169078e-02  -2.9281468e-01  -4.3115298e-01   2.6988325e-01  -9.1540328e-02   1.5102325e-01   4.9771244e-01   2.2399092e-01  -3.2323688e-01  -1.7086131e-01  -4.4284017e-01   2.5592670e-01   3.4296533e-01   3.3075039e-01  -3.0776017e-01   1.8297952e-01   2.6568477e-01   2.8807712e-02  -2.7888950e-01   3.1767599e-01  -2.9101562e-01  -1.1619403e-01   9.3516708e-02  -1.2955488e-01  -2.0606551e-01   2.4053105e-01   1.8243788e-01   7.5063645e-02  -1.7994974e-01   3.8523406e-01   4.8095052e-01  -1.0244597e-01   5.5397464e-02  -4.1223547e-01   4.8354768e-01   6.5607469e-01  -3.0936375e-01   2.4236770e-01  -2.1410459e-02   2.9615524e-01  -1.6945792e-01  -8.3147443e-02   5.3673864e-03   2.0431001e-01   2.3238603e-01  -6.1984814e-02   2.7543791e-01  -1.0265889e-01   1.4726606e-01   5.3522871e-03   2.7840808e-01   1.7640060e-01  -3.3489057e-01   1.8735763e-01   2.9506776e-01   2.9950554e-01  -4.3171976e-01  -1.4475512e-01  -6.4292763e-03   1.1002456e-01   8.1395862e-01  -7.7658607e-03  -1.8102789e-01   2.1382793e-01
  -2.7478478e-01  -5.2551706e-02  -5.0568990e-02   1.3206522e-02   1.4016649e-01   2.2674993e-01   0.0000000e+00  -1.4806281e-01  -7.2961360e-02   6.4753421e-01  -1.4904185e-01   3.3596551e-01  -3.1115914e-01  -2.1851241e-01   4.1775794e-01   1.9211286e-01  -2.3514271e-01   5.5255127e-02   1.0646558e-01   1.2920471e-02   1.4563336e-01  -1.1595349e-01   4.2086323e-01  -3.2395687e-01  -1.8284653e-01  -1.4406197e-01   2.0210826e-01   2.1640081e-01  -1.0087934e-01   5.4918828e-01  -3.8368694e-03  -1.0610798e-01  -2.4459888e-01   7.2628564e-01   3.3332076e-02   3.7823206e-01  -2.0568392e-02  -3.6565235e-01  -7.9065162e-02   6.5336941e-02  -2.0025973e-01  -1.5404862e-01  -8.6434638e-02  -2.5010395e-01   3.5642685e-01  -1.9626978e-01  -1.0467247e-01   3.6861845e-01   6.8646992e-02  -2.3818552e-01   1.1549954e-01  -1.0526929e-01   2.9888682e-01  -3.8454100e-01  -2.0992946e-01  -2.5293067e-03  -3.3658492e-02  -1.8645318e-01  -1.2258126e-01  -1.2660349e-01  -4.2202339e-01   1.6928674e-01  -2.4014426e-01   1.0014435e-02  -1.2163089e-02   3.0996882e-01   2.0148666e-01  -1.7553201e-02  -2.3766546e-01   1.2056248e-01  -1.8461013e-02   1.1041425e-01   1.5643814e-01  -9.0783924e-02  -3.1476813e-01  -1.6409398e-01  -2.6900088e-01  -3.1102573e-01  -3.1745777e-02  -3.5755082e-01   1.4953056e-01   3.0875949e-01   3.8185650e-02  -2.0529842e-01  -1.3572833e-01  -1.3616010e-01   2.7257887e-02  -1.4512277e-01  -2.5524275e-01  -3.0299544e-01   1.7230890e-02  -3.8797547e-01   2.1200498e-01  -9.1051043e-02  -3.1452730e-01  -3.4657415e-01  -2.8776826e-02  -5.6971185e-02   8.0898521e-02   6.0662519e-01  -1.5115216e-01   5.1157776e-01   9.2951607e-02  -1.0540261e-01   6.9120040e-02  -1.5356289e-01  -2.7263392e-01  -1.0446239e-01   5.0664409e-01   1.7249020e-01   5.2933388e-01  -3.7930655e-02  -1.2160821e-01  -2.9545989e-01   1.7409938e-01  -3.0426140e-02  -2.0311974e-01  -5.0555842e-02   3.0835132e-02   8.7014889e-02  -1.9346410e-01  -2.1820625e-01   9.6878742e-02   1.2136690e-01  -1.5553742e-01  -1.5740857e-01   2.1364404e-01  -4.2434049e-01  -1.9133846e-01   1.5449046e-01   1.6141318e-01   5.5807644e-01  -1.1343212e-01   4.8074114e-02  -1.7293265e-01  -2.4823337e-01  -2.3408606e-01   1.5790794e-02  -1.3314268e-01  -2.4555490e-01  -2.7858828e-01  -2.4209291e-01  -1.9176386e-01   2.7388392e-01   3.5283598e-01  -3.4616620e-02   2.8948881e-01   3.0838185e-01   4.0094386e-01   1.5802680e-01   1.2079642e-02   2.6309556e-02  -2.7000554e-01   3.0439078e-01   8.6088471e-02  -3.5074293e-01  -1.5429591e-01  -7.9756608e-02  -3.1566761e-01   7.0533820e-02   1.2126653e-01  -1.6692748e-01   2.6491572e-01  -1.2318102e-01  -2.0382307e-01   9.5222282e-02   4.1047975e-01  -1.8426272e-01  -2.0419112e-01   4.3040195e-02   4.3558853e-02  -2.7292697e-01   2.4185795e-02   8.5623500e-02  -1.0341227e-02   3.9634809e-02  -1.0586780e-01
   3.6454691e-01  -3.0842624e-01   6.7910465e-02   7.4561495e-02  -1.7910353e-01   2.5921134e-01  -1.4806281e-01   0.0000000e+00  -1.4382081e-01  -1.7472963e-01   1.9888611e-01  -3.3242172e-01   1.5150154e-01   1.6434704e-01  -2.1927544e-01   2.3201200e-01   3.0521701e-02   3.5708244e-02   2.6894155e-01  -1.7394330e-01  -4.6887137e-02  -3.4576014e-02  -1.2332345e-02   1.9818741e-01   1.0432064e-01   4.8338412e-01  -6.0523461e-02   6.9186658e-02  -4.3068686e-03  -2.4069625e-01  -3.0722961e-02   1.8038656e-01   8.4178617e-02  -2.4991295e-01  -2.0859461e-01  -2.9724662e-01  -2.2226999e-01   2.7336850e-01   4.4474208e-02  -2.1458585e-01   1.4240126e-01   7.8812072e-02  -1.5733595e-01   2.4081826e-01  -2.4662016e-01   3.1783171e-01   1.2180332e-02  -3.0980641e-01  -1.6819799e-01   5.6047432e-02   1.9731278e-02   6.7410932e-01  -2.7009990e-01   1.2366889e-01  -5.2747639e-02   1.3146524e-01   1.7940475e-01   1.3436384e-01   2.8787085e-01  -1.2317806e-01   2.4865829e-01  -1.2329477e-01  -1.1464716e-01   2.8270520e-02  -1.7982802e-01  -4.6899311e-02   2.1576928e-01  -9.0686169e-02   1.3512366e-01   2.3045675e-01  -1.7469356e-01  -7.2637252e-02  -1.2874101e-01   2.2129160e-01   5.5942823e-02   1.3418601e-01   3.2696695e-01   1.9821873e-01  -2.0323160e-01   1.3416337e-01   7.5171614e-02  -1.0114094e-01  -5.0148527e-02   4.3800236e-01   2.7302362e-01   9.7162660e-02  -2.1824956e-01   2.0085546e-02  -1.3255135e-01   2.8768921e-01  -2.3130862e-01   3.1264586e-01  -6.2358264e-02  -1.2420948e-01   2.9984003e-01  -3.9628457e-02   3.1984713e-02   9.8360009e-02   6.1502378e-02  -2.2464225e-01   1.9871130e-01  -2.7697923e-02   2.3805132e-02  -1.7198959e-01   5.6965071e-02   1.6671844e-02   1.5822336e-01   2.8112938e-01  -2.4458925e-01   1.0686320e-01  -1.7195708e-01   7.2943651e-02  -2.4418553e-02   3.4772470e-01  -7.1076757e-02  -2.5272832e-01   9.8456667e-02  -3.5603542e-02   1.1986031e-01   1.6905741e-01   2.9867702e-01  -1.3996223e-01  -8.2380030e-02  -2.5135472e-01   3.2576063e-01   1.1098464e-01  -5.8431987e-02   4.6786898e-02   7.5056616e-02  -7.4582734e-02   1.2249477e-01  -3.4572385e-01   2.5469891e-01  -8.9428233e-02  -3.5747046e-02   3.9191686e-01   4.6433902e-02  -5.6179008e-02   2.9045041e-01   2.2105528e-01   2.5118888e-01  -1.2959034e-01   2.1788516e-01   3.6363703e-02  -5.9698929e-02  -1.0390449e-02  -1.8990144e-01   8.0236456e-02   6.0657431e-02  -2.1547207e-01   2.3170024e-01   4.7191507e-02   3.2943873e-01  -2.6999288e-02  -1.5651609e-01   1.6357794e-01   2.1287740e-01   2.6111316e-01   1.7784854e-01   2.2210935e-01  -2.5716410e-01   2.2559644e-01  -1.1628551e-01   1.3095320e-01   2.4539654e-02  -2.7607205e-01  -2.0862001e-01   3.5529032e-01   3.0504168e-01  -2.0283315e-01  -1.5393179e-01   1.8888240e-01  -6.8034159e-02   1.3617115e-01  -1.4775594e-01   7.2092876e-03  -2.1086123e-02
   8.6140331e-03   5.4401566e-01   1.1591441e-01   3.6819652e-01   4.6081037e-01  -2.9913292e-01  -7.2961360e-02  -1.4382081e-01   0.0000000e+00  -4.6741635e-02  -4.9299144e-02   4.9090167e-01   1.8861453e-01  -8.2525385e-02   1.1623050e-01  -2.2852983e-01   2.1289778e-01   3.6233493e-02  -1.7023708e-01   4.2767458e-01  -3.8146632e-01   1.7241961e-02  -3.4825614e-01   2.6001815e-02   3.1233973e-01  -7.8869496e-02   2.7230213e-01  -2.7077461e-01   3.8931165e-01   1.7151575e-01  -2.2180928e-01  -6.9477261e-02   8.0968905e-02   2.4941244e-01   6.6033522e-02   3.6012589e-01   4.5688016e-01  -9.5718392e-03   1.3690889e-01   1.8189545e-01   3.2926809e-01   3.3365591e-01   6.0953091e-01  -1.7105525e-01   4.4611048e-01  -1.9819348e-01   2.3255055e-01   7.2420944e-02   1.7902266e-01   6.1831287e-02   4.3532983e-02   9.0854128e-03   3.9754212e-01   3.2330907e-01   6.9834969e-02  -4.1438021e-01  -9.7979342e-02  -1.4211644e-02   2.0573869e-01  -6.3413221e-02   2.7973774e-02   1.7032641e-01   6.9973109e-01   9.4862911e-02   5.5565198e-01   1.8974878e-01  -1.5799920e-01   6.1474400e-01  -6.1097916e-02  -2.2525598e-01   2.1411956e-01   3.8701885e-01   2.9999596e-01  -2.8513337e-01   2.8911214e-01   4.3266282e-02  -2.6513740e-01   3.8501868e-02   5.2114498e-01   3.5615841e-01  -3.8143820e-01   1.9250937e-01  -4.0398468e-02  -1.8506147e-01  -2.3078570e-01  -1.1649100e-01   3.4138908e-01  -1.1329784e-01   5.0932553e-01   1.0121533e-01   5.6430094e-01   1.6399092e-01  -1.1179452e-01   7.0946781e-01  -1.0018606e-01   2.5208546e-01   2.4974922e-01   3.5295874e-01   3.9358938e-01  -4.8920666e-02  -8.6863694e-02  -2.5212468e-01  -3.1633952e-01   5.7277477e-01  -1.6406544e-01   3.5437985e-01   3.2206766e-01  -6.9195135e-02   1.9959572e-01   9.8006109e-02  -1.6570937e-01  -2.0073006e-01   7.0804016e-01  -1.8297012e-02  -2.4927241e-01   3.5068807e-01   2.5178575e-02   3.1617773e-01  -4.0931466e-01  -1.4144431e-01  -9.4327469e-02   4.2088140e-01   4.5406649e-01   5.5200764e-01  -6.8152505e-02  -3.5287803e-01  -1.0536762e-01   3.8447379e-01   3.5061702e-01  -6.8967216e-02  -3.3254833e-01   7.2153037e-02  -1.8775183e-01   1.4868322e-01   6.2290425e-01  -8.3622471e-02   3.8291147e-01  -2.3772049e-01  -1.6146559e-01   1.6228006e-01   1.5744185e-01   8.7431738e-02  -2.3652758e-01  -4.6700168e-01  -3.3390996e-01  -7.8550643e-02   6.3594614e-02  -1.2395092e-01   1.6170831e-02   2.2490335e-02  -2.5852284e-01  -3.4051232e-01   1.8273796e-03   2.7369562e-01   2.6816803e-01   2.2685638e-01   1.7017407e-02   1.8265237e-01   2.6684653e-01  -4.8606960e-01   6.3719826e-01   9.1577292e-02  -1.0470612e-01   2.0154354e-01   2.2883339e-01   3.9187968e-01   1.3230350e-01  -1.5210407e-01   1.4492083e-02   1.3688719e-02   3.5006516e-01  -1.6284679e-01   6.4852747e-01  -4.1899540e-01  -5.8618457e-02   3.5101814e-01   2.5132532e-01
  -3.7556598e-01  -8.9229292e-03   1.1446704e-01   1.6329908e-02   1.8973440e-01   1.3702040e-01   6.4753421e-01  -1.7472963e-01  -4.6741635e-02   0.0000000e+00  -1.5951121e-01   1.5104153e-01  -2.1694011e-01  -4.2529338e-01  -7.2022229e-03   8.9830482e-02  -2.6879577e-02  -4.3598181e-03   1.4405622e-01   2.0444838e-01   1.8872544e-01  -6.3366559e-02   4.0351106e-01  -4.4179979e-01  -1.6973576e-01  -8.9286563e-02   2.7415459e-01   8.4241151e-02  -1.0891090e-01   2.6504739e-01  -1.5463431e-02  -1.1181214e-01  -1.6599269e-01   6.2966930e-01  -2.7193750e-01   5.3709532e-01   1.9577775e-01  -4.4862955e-01  -8.9595910e-02   1.9950493e-01  -1.6689787e-01   9.6447968e-03   4.0806826e-03  -3.5965923e-01   1.4759884e-01  -2.2680009e-01   2.8523155e-02   3.3989473e-01   3.4481102e-01  -2.6901512e-02   4.6423859e-02  -1.0955112e-01   1.5960591e-01  -2.1255801e-01  -3.1628964e-01   8.3101000e-02   1.6938098e-02  -1.3836957e-01  -8.6981205e-02  -1.8983736e-01  -3.4898954e-01   2.3234174e-01  -1.3605608e-01   9.5741610e-03  -7.8314049e-02   2.9607191e-01   1.2138659e-01  -1.4478037e-02  -2.3571611e-01  -2.2451601e-03   7.4308809e-02   9.9183011e-02   1.6135954e-01  -2.7908259e-01  -2.4613375e-01  -2.2346038e-01  -2.4362804e-01  -2.3193238e-01  -3.7846523e-03  -3.1753989e-01   4.3340560e-02   2.1195106e-01   1.3062557e-01  -1.8752854e-01  -3.5468100e-01  -2.6840815e-01  -2.7742348e-01  -3.4434188e-01  -2.7981364e-01  -3.7430152e-01  -2.9840646e-02  -1.9361980e-01   5.4474673e-01  -7.6424812e-02  -3.3195775e-01  -6.9999353e-04  -2.8755067e-02  -5.8646339e-02   1.3977088e-01   7.9500009e-01  -2.3417869e-01   2.3570365e-01  -1.5107787e-01  -6.0706455e-02  -1.4694470e-02   3.8169441e-02  -2.2068952e-01  -1.3110801e-01   5.4658086e-01   1.9923524e-01   6.7616721e-01  -1.1766206e-01  -1.1491299e-01  -4.0519155e-01   1.9809060e-01   8.2432481e-02  -2.4670334e-01  -6.0739464e-04   1.0692181e-01   6.8261778e-02  -3.1160902e-01  -2.1351666e-02  -1.0504601e-02   1.1036974e-01  -3.0218199e-01  -3.0963414e-01   2.2079936e-02  -2.7429757e-01  -5.1251089e-03   1.5995760e-01   3.9764361e-02   5.3538155e-01  -4.2465909e-02   3.4925179e-02  -1.6123420e-02  -2.2494903e-01  -1.5527841e-01   1.2967571e-02  -2.3226276e-01  -2.7584750e-01  -3.4948752e-01  -1.2004830e-01  -2.6801152e-01   3.7042964e-01   2.6305603e-01  -1.5443702e-01   3.7761526e-01   3.4816196e-01   3.2296409e-01   3.2318945e-01  -1.2666511e-01  -6.0165297e-02  -3.5520096e-01   3.2048323e-01   1.7152566e-01  -3.8948648e-01  -2.9921434e-01  -4.8295653e-02  -1.0276392e-01  -8.6490836e-02   8.0935731e-02  -2.4252540e-01   5.2517447e-01  -1.3373080e-01   2.8584552e-02   1.3872411e-01   1.4941984e-01  -2.9794980e-01  -3.5140349e-01   2.4937160e-01  -1.4827927e-02  -3.6540184e-01  -7.5314999e-03   9.8511877e-02  -7.1230873e-02   7.5642353e-02   8.7056636e-02
   2.3269718e-01  -4.7457972e-01  -9.6104862e-02   1.5660920e-01  -4.6999649e-01   9.6908264e-02  -1.4904185e-01   1.9888611e-01  -4.9299144e-02  -1.5951121e-01   0.0000000e+00  -4.4658879e-01   2.7988618e-01   2.0705172e-01   5.7202216e-02  -9.9440903e-02  -1.5735950e-01   5.8918048e-01   2.8900809e-02  -4.9688322e-01   5.2528979e-01   2.4522771e-01   3.8816769e-01   7.0062513e-02  -3.0736607e-02  -6.2725112e-02  -2.3778293e-01   1.2798724e-01  -2.8858865e-01   6.1832344e-02   2.9860412e-01   2.9513101e-01  -2.1656872e-01  -4.3551033e-01  -2.5384239e-03  -8.7501508e-02  -4.4743322e-01   1.9466347e-01  -1.5712177e-02  -4.7265224e-01   4.4707038e-01  -2.8230699e-01  -5.3672779e-01   4.4080513e-01  -1.7919909e-01   2.2591906e-01   5.2091427e-01  -2.4565752e-01  -1.4458004e-01  -4.0742803e-01   4.7668879e-01   1.1904348e-02  -4.6339776e-01  -2.7768128e-01   4.3908751e-02   2.8231214e-01   1.6780635e-02   2.1948536e-01   3.9176156e-01   2.1090043e-01   1.7936648e-01  -1.5167052e-01  -4.0842426e-01   3.2460161e-01   9.9876279e-02   1.2305401e-01   1.2872185e-02  -1.3732487e-01   4.1169191e-01   1.1520135e-01  -4.3407921e-01   1.0558783e-01   9.8501256e-02   6.5915963e-02  -3.2554318e-01   4.5154940e-01   1.8680514e-01   1.3691800e-01  -5.9021721e-01  -8.8912896e-02   2.7863493e-01  -1.9148219e-01  -2.4691154e-02  -5.1626573e-02   1.8519707e-01   4.5341945e-01  -7.7526650e-02   6.9683454e-02  -2.8220572e-01   1.0422492e-01  -4.1803892e-01  -2.7226751e-02  -3.4056003e-01   9.0566939e-02   2.3830110e-01  -4.0407294e-01  -2.3081743e-01  -1.6864171e-01   2.3757311e-02  -9.3534223e-02   9.4510371e-02   1.9064058e-01   3.3915786e-01   1.4737781e-01   3.4289974e-01   5.0544968e-02  -1.2880803e-01   2.0015267e-01  -1.3058872e-01   2.9537102e-01  -1.7336664e-01   2.7451672e-01  -1.9126989e-01   3.0243065e-01  -4.9513455e-02  -6.2563395e-01   1.5344539e-01   2.8288415e-01   2.7042299e-01   1.7689858e-01   1.4451287e-01  -6.0320602e-01  -6.0945697e-01   8.4921037e-02   1.9202430e-01   1.7929206e-01   2.2132911e-01  -3.0062848e-01   1.1205476e-01  -7.9745486e-02  -6.3570634e-02  -4.4522042e-02   1.9293407e-01   3.3513551e-01  -3.8601740e-01   4.3484537e-01  -3.3549062e-01   1.8296616e-01   3.8103108e-01   2.4148771e-01   1.7305316e-01   1.6930223e-02   4.9552297e-01   2.1371536e-01   2.6791184e-01   4.8975875e-01  -5.3923222e-01   3.9901215e-01   2.0569839e-01  -3.8624570e-02   1.1804322e-01   2.1834657e-01   1.1625031e-01   2.4520021e-01  -4.8407499e-01   1.2587337e-01   2.0356395e-01   3.6813399e-01  -8.8599891e-02   1.8664441e-01  -3.9087822e-01   7.8455776e-01   2.5248701e-01   3.8474059e-01   5.4659254e-02  -7.0432064e-01   2.1613196e-01   1.9757203e-01   1.8417939e-01  -3.9742263e-01  -5.5859178e-01   1.8062949e-01   1.5040398e-01   1.3866990e-01  -1.4005449e-01  -2.9018658e-01   7.6180532e-02
  -2.8713974e-01   6.5518353e-01   3.0302498e-01   9.8921621e-02   6.0165676e-01  -2.7388775e-01   3.3596551e-01  -3.3242172e-01   4.9090167e-01   1.5104153e-01  -4.4658879e-01   0.0000000e+00  -7.8342876e-02  -3.1267831e-01   4.9317017e-01   3.7612069e-02   3.0792314e-01  -3.1131311e-01  -1.0917184e-01   5.2406270e-01  -3.5305820e-01  -1.6675008e-01  -3.5247877e-01  -2.7468445e-01   1.5899460e-01  -2.5213381e-01   2.8529080e-01  -2.9610289e-01   4.5968719e-01   3.3323355e-01  -1.4538442e-01  -1.5003207e-01   6.4277092e-02   7.1023482e-01   2.2618642e-01   4.1477018e-01   4.2040086e-01  -4.0155492e-01   1.3291464e-01   4.8027253e-01  -2.0177070e-02   2.4667952e-01   7.0520272e-01  -3.0862487e-01   5.7042275e-01  -4.7165727e-01  -1.4304382e-01   3.9465011e-01   1.0375125e-01   2.7684802e-01  -2.3144445e-01  -1.3127887e-01   6.5551376e-01   3.2653001e-01  -6.0294070e-02  -3.7465196e-01  -1.0715538e-01  -2.2457338e-01  -8.8827320e-02  -1.3565327e-01  -3.4927409e-01   1.4735633e-01   5.4508007e-01  -8.4149061e-02   2.8875121e-01   1.3308025e-01  -1.1612052e-01   3.7526876e-01  -2.7513830e-01  -2.5614123e-01   4.7587368e-01   1.4709610e-01   3.8908288e-01  -2.9670739e-01   2.4427183e-01  -1.2657744e-01  -4.7796614e-01  -1.7507464e-01   6.7839120e-01   1.5602155e-01  -3.6802695e-01   4.9269028e-01   1.2767499e-01  -3.0783200e-01  -2.3909799e-01  -2.1304380e-01   3.0518907e-01  -1.4376944e-01   4.2027102e-01  -2.1475970e-01   5.7771796e-01  -3.0155187e-02   2.6177782e-01   3.7152916e-01  -5.0507076e-01   2.5178983e-01   2.7674949e-01   1.8152662e-01   7.0461356e-02   2.2320033e-01  -1.2986427e-01   5.3571510e-02  -2.5844010e-01  -2.8344248e-03  -2.6460125e-01   1.0869890e-01   2.3104100e-01  -2.7239637e-01   2.3450743e-01   9.4633807e-02   2.1604835e-01  -3.4429989e-01   3.9606141e-01  -3.3826246e-01  -7.5342828e-02   5.2491584e-01  -1.7013691e-01   1.7776777e-01  -3.7088465e-01  -2.6608236e-01  -4.1684058e-01   5.9494077e-01   7.8130691e-01   3.5551979e-01  -3.7717322e-01  -5.1478937e-01  -6.4685577e-02   3.1792212e-01   1.5736610e-02   5.9745333e-02   7.7160889e-02   3.5682898e-01  -3.9938389e-01   9.0165451e-02   4.9253230e-01  -2.8033859e-01   3.9180730e-01  -1.1082725e-01  -2.0708248e-01  -2.5323229e-01  -2.3612554e-01   1.5365207e-01  -3.8414490e-01  -3.4116932e-01  -6.1480748e-02  -1.7278688e-01   5.6870462e-01  -1.7294000e-01  -2.7711294e-02   1.5862224e-01  -2.8591444e-01  -2.9026812e-01  -2.6819879e-01   2.6947494e-01   6.2587088e-01  -2.2389954e-01  -3.6732919e-01  -1.5250821e-01   1.2058706e-01  -4.9948760e-01   5.9794872e-01  -3.5712242e-01  -4.1419308e-02  -1.4732806e-01  -1.9359824e-02   7.0483413e-01   2.8675914e-01  -3.7207050e-01  -2.9081034e-01   2.9753605e-01   6.2102785e-01  -4.8077994e-01   1.9951795e-01  -3.2129642e-01   1.4305075e-01   3.6999445e-01  -8.9996309e-03
   1.5527657e-01  -1.1194776e-01   1.7009913e-01   2.5539816e-01   1.0736897e-01   4.5174027e-02  -3.1115914e-01   1.5150154e-01   1.8861453e-01  -2.1694011e-01   2.7988618e-01  -7.8342876e-02   0.0000000e+00   1.8819357e-02  -2.0250786e-02  -7.0965955e-02   2.1946962e-01   2.9592805e-01  -2.4847386e-01   1.9536824e-01   3.7652260e-02   3.2648866e-01   1.6287209e-01  -5.3869691e-02   1.8807598e-01   1.0633864e-01   1.5137297e-01  -1.7656185e-01   7.9468852e-02  -1.0890660e-01  -1.1791400e-01   2.6566553e-01  -2.0278003e-01  -2.5023866e-01   1.8686947e-01   8.4654859e-02  -1.1765600e-01   1.7625089e-01   1.1442843e-01  -6.5155943e-02   5.8314882e-01   8.8689712e-02  -4.3515369e-02   2.7951317e-02   2.7150318e-02   2.0081114e-01   4.8875930e-01  -3.3063543e-01   2.9349354e-01  -2.7442447e-02   3.2261179e-01   5.3262766e-02  -2.2635945e-01   1.1845027e-01  -8.0145186e-02  -2.4867602e-01  -1.7097719e-01   3.3798999e-01   2.6969257e-01   2.4195159e-01   2.9646995e-01   2.7909702e-01   4.8929535e-02  -2.2896729e-01  -3.9935347e-03   1.7373676e-01   9.7707009e-02   1.8685890e-01   4.0442305e-01   1.0042830e-01  -1.9800842e-01   2.4848812e-01   1.5349752e-01  -1.0236874e-01   1.1719954e-01   2.7394623e-01   7.8071768e-02   7.7540381e-02   1.2631555e-02   2.6840234e-01  -2.1605216e-01   5.9321423e-02  -2.4850271e-01   1.6132766e-01   2.1062473e-02   2.1612617e-01  -1.3331536e-01  -6.5434375e-02   1.1685324e-01   1.6175939e-02   3.9010935e-02   2.5893530e-01  -2.5731551e-01   3.2193571e-01   1.9252566e-01   2.5441154e-01   1.3050817e-01   4.3850600e-02   7.3854882e-02  -1.6001358e-01  -1.0353326e-01  -1.0108107e-02  -7.5670676e-02   4.0925672e-02   2.9887027e-01   3.6517202e-01   9.4771871e-02   2.3527170e-01   5.6744047e-02   1.3368991e-01  -3.9290706e-01   2.7544406e-01   1.6723739e-01   1.6526922e-01  -3.9843947e-01  -1.7423349e-01   1.6668727e-01   5.7059640e-01  -1.6957019e-01   2.0887286e-01   1.0879461e-01   7.4303325e-02  -4.5764534e-02  -1.1887897e-01   1.9626084e-01  -3.6337996e-02   1.4675055e-01   1.1533828e-01   3.8800801e-01   3.8878783e-03   5.5731996e-03  -2.8645667e-01   2.2882089e-01  -6.9184954e-02   1.1033814e-01   2.5691290e-01   1.5466544e-01  -2.0390059e-01   3.1103403e-01   2.3220225e-01   1.2523182e-01   4.0689299e-01   3.4561901e-01  -1.4038625e-01  -1.7196327e-01   3.6357119e-02  -3.2712627e-01   1.6084848e-01   1.9568958e-01  -1.9342825e-01  -1.8647918e-01  -1.6523321e-01   1.2844026e-01  -1.3087684e-01  -5.5960287e-02   1.1847294e-01   1.7150387e-01   2.7021359e-01   2.7387629e-01  -6.5151640e-02  -3.5826017e-04   3.0474637e-01   1.0795560e-02   3.4500618e-01   3.0992863e-01  -1.6588742e-01   5.6519264e-02  -5.1289959e-03   1.4962124e-01  -2.4963516e-01   5.7578710e-04   6.9511948e-02   2.4446578e-01   1.0419973e-02   5.3242014e-02  -8.9256444e-03   3.4267969e-01
   4.3832971e-01  -3.1240407e-01  -3.3650077e-01   9.5070563e-02  -4.7737400e-01   2.0635945e-01  -2.1851241e-01   1.6434704e-01  -8.2525385e-02  -4.2529338e-01   2.0705172e-01  -3.1267831e-01   1.8819357e-02   0.0000000e+00   1.7691224e-01  -6.2531704e-02  -4.2572548e-01   1.6749962e-01   1.0798790e-01  -5.0115664e-01   1.4912578e-01   3.4375847e-02  -2.2271847e-02   5.2616485e-01   1.1223495e-01   5.2774809e-02  -4.0713663e-01   5.9884534e-01  -7.7617986e-02  -6.9097884e-02   3.0312836e-01  -1.8518503e-01   1.1413972e-01  -4.6509330e-01   1.4474198e-01  -4.0932445e-01  -2.8451101e-01   1.3043188e-01   6.9449888e-03  -4.2405918e-01   8.8362199e-02   7.2959603e-02  -2.6386366e-01   5.9086109e-01  -9.0918384e-02  -4.7129832e-02  -4.7167779e-02  -2.8812644e-01  -3.8203508e-01  -4.0808475e-01   5.4094796e-02  -5.1206738e-02  -2.6706172e-01   2.6280487e-01   6.5160222e-01   4.6947291e-01   2.5316503e-01  -1.6897588e-01  -7.9926507e-03  -3.9740788e-03   1.3915792e-01  -3.1402062e-01  -1.6619667e-01   1.2456497e-01   2.3914188e-01  -2.8420018e-01   1.4083485e-01   8.5211146e-02   5.5592427e-02  -1.0254203e-01  -2.9369723e-01  -9.8339947e-02  -7.0011586e-02   6.9342115e-01   2.3876420e-01  -2.4677150e-02   3.4910897e-02   1.7433344e-01  -3.4690610e-01   6.9693001e-02   4.0677087e-01  -2.4784061e-01   1.3455897e-01   1.8030492e-01   6.7449764e-01   1.6590286e-01   4.9005552e-01   7.6961233e-01  -4.6046887e-02   4.1523186e-01  -2.4566424e-01  -3.8836634e-02  -2.6719302e-01  -2.4541226e-01   5.2124537e-02  -4.6466112e-01  -9.2598519e-02  -2.0266313e-02   1.0416316e-02  -3.9533374e-01   6.0960494e-01  -8.2421258e-02   6.0472118e-01   2.3906092e-01  -3.3388711e-02  -1.4929718e-01   4.0773830e-01  -7.4743492e-02  -3.0357395e-01   8.7097314e-02  -1.7091982e-01   1.3333559e-01  -3.7314918e-02   2.6747715e-01   2.7758639e-01  -3.2634844e-01   2.2722717e-01  -1.4208216e-01   5.3442137e-01  -1.8416674e-01   2.1828954e-01  -3.2685351e-01  -1.9138813e-01  -9.4308789e-03   1.1230942e-01   7.3114720e-01   3.1690997e-01   1.4386768e-01  -1.1546118e-01  -4.4968838e-01  -1.4983954e-01  -2.2836731e-01   2.0001567e-01   1.3255389e-01  -2.7334297e-01   1.4669696e-01  -1.0709485e-02   2.8491697e-02  -4.0047826e-02   1.7487638e-01   4.9615859e-01  -2.5220752e-01  -2.0373592e-03   2.2642000e-01   1.2772886e-01   4.1330860e-01  -4.2755951e-01  -6.4825897e-02  -1.2121086e-01  -1.6624070e-01   6.1176165e-01   5.3920615e-01   5.2524124e-01  -1.2776396e-01  -4.8437465e-01   3.1425203e-01   1.0144699e-01   5.3150694e-02  -1.4438710e-01   5.7176036e-01  -1.3103378e-01   2.1558353e-01  -2.7107459e-01  -2.7233154e-02  -2.7832466e-01  -3.2516788e-01  -1.1499310e-01   6.2070161e-01   4.7184290e-01  -1.9627777e-01  -2.6838965e-01   5.7436798e-02   2.6435329e-02   3.5558563e-01   4.6498694e-02  -8.5093320e-02  -1.2185049e-01
