   0.0000000e+00  -1.0877408e-01   2.9012193e-02  -2.1021882e-01  -3.0891581e-01  -6.8333599e-02  -2.6130464e-01  -6.5488760e-02  -2.7028494e-01  -2.3293299e-01  -1.4847467e-01   9.4386788e-02   1.1220857e-01   5.1600262e-01   1.0780167e-01  -6.9160263e-02   5.7366694e-02  -2.6655912e-01  -4.5490302e-02  -3.7786020e-01  -9.8354687e-03  -2.5044838e-01   1.1331435e-02   8.0072638e-01  -2.1015420e-02  -3.2111759e-01  -4.8356369e-01   3.3768125e-01  -7.6856331e-02  -2.9957267e-01  -1.1525815e-02  -1.6948472e-01   6.9620623e-04  -2.4364899e-01   1.9440677e-01  -4.5105246e-01  -1.5941498e-01   2.9659498e-01  -6.7955430e-02  -3.2379913e-01   9.9068047e-03   9.1007692e-02  -2.2750949e-01  -2.3259932e-01  -2.9753186e-01   3.5341657e-01  -3.7347378e-01  -2.9560963e-01  -3.0738586e-01  -7.5489096e-02  -1.7706747e-02  -1.2596990e-01  -2.0516800e-01   1.4071998e-01   4.6822727e-01  -3.2231127e-02  -7.3392213e-02  -2.2650134e-01   5.7210885e-02   2.5219415e-01   2.4092338e-01  -4.1403492e-01  -2.4960020e-01  -9.6073990e-02  -2.4901960e-01  -2.5837609e-01  -1.0761568e-01  -3.1995393e-01  -2.4747608e-01   3.0096856e-01  -1.8289294e-01  -3.2853774e-02   4.1948294e-02   6.9613264e-01   1.3074507e-02  -6.1505476e-02   1.6863179e-01  -3.1118007e-01  -2.4729754e-01   8.3892249e-02   2.4584901e-01   2.9763533e-01  -2.4114740e-02  -4.5177737e-01   6.9630782e-01   3.4407347e-02   1.5342877e-01   7.6038654e-01   1.2920242e-01   6.8310312e-01  -2.7684371e-01  -1.6754629e-02  -1.4344419e-01  -3.1439403e-01   5.5454779e-01  -2.7450727e-01   1.0351297e-01  -1.3885987e-01  -2.9297645e-01  -1.7456912e-01   4.2492594e-01   8.0657047e-02   5.7206439e-02   3.0208942e-01  -1.0958014e-02  -1.5906316e-01   3.2936646e-02  -3.3315323e-01   8.0830268e-02  -1.9047924e-01  -4.8914374e-02   1.3639169e-01  -1.3222642e-01   7.2634327e-01   3.7175728e-01  -2.2989446e-01  -3.9473186e-01  -1.6498434e-02   1.9521365e-02  -8.9082833e-02   3.0349964e-01  -3.0298320e-01  -1.2169779e-01   1.0238913e-02   1.5233939e-01   4.7934048e-01  -1.0447878e-01   1.0250028e-02  -2.0807905e-01   2.5850173e-01   3.6122489e-02  -2.1027640e-01   2.7469606e-01  -2.9990469e-02  -1.6241807e-01  -6.4383573e-02  -1.8189742e-02   3.8566268e-01   3.7792876e-03   6.6426755e-01   7.9402241e-01  -8.0849770e-02  -1.3602418e-02   4.4635144e-02   2.4051015e-01  -1.1756470e-02  -1.4597452e-01  -3.7165872e-01  -7.5790111e-02  -9.5192040e-02   6.5356753e-01   9.5351543e-02   6.2264586e-01  -2.7818777e-01  -3.1176878e-01   5.5909284e-01   3.8078078e-01   1.6606794e-01   3.9466789e-02   9.1029510e-02  -2.0254716e-01  -3.2863505e-01  -2.2185417e-01  -2.5476076e-01  -2.8211694e-01  -2.3242037e-01  -2.0759945e-01   3.0816043e-01   5.1414189e-01  -6.7775211e-02  -2.5580796e-01   3.0876682e-01  -3.8629821e-01  -1.8268976e-01   1.3198708e-01   8.5715266e-02  -1.9038035e-01
  -1.0877408e-01   0.0000000e+00   1.5628421e-02  -1.4095113e-01   2.9085905e-01   1.1880708e-01   7.6383741e-02  -2.8631093e-01   9.5401451e-02  -2.4292217e-01  -5.0964064e-01   5.3394801e-01  -1.7192887e-01   7.8227745e-02  -8.2722265e-02  -1.2505116e-01   2.3589118e-01  -1.1967904e-01   1.2320729e-01   1.9996112e-01  -2.0027124e-01  -2.2093091e-01  -4.8509821e-01  -2.6873641e-02   1.0023737e-01   1.0555540e-01   2.9665271e-01  -1.5037674e-01  -2.6886095e-01   4.5828476e-02   1.2792214e-01  -2.5473789e-01  -8.2010326e-02  -2.9735340e-02   1.2176349e-01   1.1593562e-01   2.1168894e-01  -1.6752552e-01   1.0172087e-01   3.5395905e-01  -6.3585360e-02  -1.0641192e-01  -3.3097460e-02   1.0172462e-01   4.3309451e-02  -3.8502994e-01  -2.4639165e-01   3.5606915e-01   1.4606795e-01   4.3521223e-01  -3.7084175e-01  -2.4905322e-01   5.7578232e-01   4.3253589e-02  -1.4065460e-01  -1.2110030e-01   1.9066210e-01  -1.7035071e-01  -2.1632580e-01  -3.3583990e-02  -1.9784639e-01  -6.9714802e-02   2.3819179e-01   9.9066698e-02   2.5799530e-01  -2.5860638e-01   5.2419726e-01  -2.4002917e-02  -1.2818401e-01  -3.8284096e-01   7.0960091e-01  -3.0748252e-01   1.1010660e-01   7.8534097e-02   1.7367602e-01  -3.6112436e-01  -4.1309854e-01   1.2837198e-01   3.3116651e-01  -2.0149643e-01  -2.7363585e-01  -1.8022678e-02   4.5344643e-01   1.4300512e-01   2.6881462e-02  -3.1400077e-01   2.4980497e-01   5.4106422e-02   2.1711355e-01   7.4357061e-02   3.6818988e-01  -9.2076935e-02   9.7583772e-02   7.0102354e-02  -2.7871545e-01   3.5794137e-01  -1.4359185e-01  -1.7956481e-01   1.0211413e-01  -2.9358451e-01  -9.0108978e-02  -2.5191535e-01  -1.1372067e-01   1.4629699e-01  -4.3315900e-01  -2.7788130e-01   2.7730698e-01  -6.3548135e-02  -1.6685492e-02   6.9586993e-02   3.3387764e-03  -3.4043046e-01  -1.9797888e-01  -1.5427925e-01  -2.6561299e-01   2.8939464e-01  -3.1764512e-02  -8.1241982e-02  -3.3997438e-02  -5.7153535e-02  -3.9278933e-01   1.5267280e-01   2.2631589e-01   6.1828501e-02  -3.1401971e-01   1.3621261e-01   1.8707220e-01   1.2719794e-01  -2.8933789e-01  -2.2560117e-01   5.0362810e-02   2.8491802e-01   1.7547072e-01   2.1267959e-01  -1.5595359e-01  -2.8294377e-01  -6.0479311e-02  -4.6251777e-02  -2.5286213e-01  -1.0408798e-01  -2.0408821e-01   1.7533673e-01  -4.7994654e-01  -3.7071869e-01  -3.8473934e-01  -3.5182669e-01   9.4970650e-02   1.6789939e-01  -3.5196451e-01   2.7303459e-01  -1.7001769e-01  -7.9196215e-02  -7.9027837e-02   2.9038724e-01   5.1047274e-01  -1.3416641e-02  -3.4644119e-01  -1.3103076e-01  -4.0591286e-02  -3.1485131e-01  -6.1129182e-02  -2.6906835e-01   2.4771769e-01  -2.9545187e-01  -1.2063700e-01   1.4475577e-01   1.4957147e-02  -6.7722002e-02  -2.7347324e-01   5.7776150e-01   1.0259100e-01  -1.0295503e-01  -1.0801750e-01   4.5269381e-01   2.2142637e-01   7.6072534e-02  -1.7091297e-01
   2.9012193e-02   1.5628421e-02   0.0000000e+00  -5.9603706e-02  -1.8268915e-01   3.2582846e-01  -1.5291414e-01   3.3415216e-02  -3.1900442e-01   1.0451529e-01   1.2938813e-01   3.2060866e-01  -1.9070997e-02  -2.3559785e-02   1.0676116e-01   2.5303379e-01   8.1300161e-01  -8.0076709e-02   2.9957976e-02  -6.4633167e-02   2.4613364e-02   8.2024839e-02   1.3018960e-01  -1.2928896e-01   2.5041276e-01   2.3647217e-02  -1.1797648e-01  -2.1772738e-02  -7.7746598e-03  -2.8688693e-01  -1.4665865e-01   2.1354060e-01   1.2850112e-01  -6.4699726e-02  -1.9273439e-01  -7.8633317e-02  -2.5997825e-01  -1.7056824e-01  -3.0823227e-02   1.0378739e-01  -7.0815708e-02   7.6802175e-02  -8.1074424e-02   2.6633721e-01  -2.7546219e-01   4.5382241e-01   9.6408947e-02  -3.6830378e-01  -1.9586171e-01   4.4563727e-01   1.4479302e-01   2.8084893e-02  -1.7166966e-01   2.8937047e-01  -1.5251443e-02   2.0924463e-01   8.8601270e-02   1.7909330e-01  -4.9644052e-02  -3.4875710e-03   6.3748464e-01  -5.8009522e-02  -3.9186148e-01  -3.1255264e-01  -3.8432935e-01   1.0338440e-02   3.0476275e-01   1.1438105e-01   2.8383218e-01   5.4734017e-01  -1.1475679e-01   2.1419425e-02  -1.9079383e-01  -7.3313807e-02   5.4036191e-02   1.8149879e-02   4.1977129e-01   1.0493132e-01  -1.4333039e-01  -1.9451861e-01   8.0168226e-02   7.5552820e-02  -8.1239514e-02  -5.6154190e-02   1.2492388e-01   1.0818219e-01  -1.6409744e-01  -1.3529919e-01  -1.8176187e-01  -1.2485955e-01  -1.5664650e-01   7.0759832e-01   1.3658350e-01  -1.9953777e-01   1.7795085e-01  -6.2874245e-02  -8.4112810e-02  -6.8358867e-02  -1.0020376e-01  -1.3259417e-01   8.4269607e-02   1.9801739e-02   6.3172651e-02   3.5134163e-02   2.7430541e-01   1.0063395e-01   3.8892979e-01   7.0910866e-02  -1.8043382e-01   3.1041872e-02   1.3455147e-01   3.9157729e-02   9.8576623e-03   1.6577002e-01   7.2829105e-02  -3.8925655e-01   1.9153752e-01  -7.5867577e-02   4.0448678e-01   1.5200767e-02   3.4612316e-01  -1.1546773e-01  -2.2044191e-01  -2.2394613e-01   3.7706483e-01  -2.2124984e-01  -5.5603833e-02   1.3641462e-01   1.3654426e-01   6.6436582e-01   1.1622197e-02  -2.7675755e-01   4.7083247e-02  -1.3053220e-01  -1.2085060e-01   1.5421148e-01  -5.4293621e-02  -2.3522408e-02   1.9177905e-01  -2.1611038e-02   8.5425306e-02  -6.3452367e-02   2.2921588e-01   4.3345614e-01   5.6040526e-03   9.0087316e-02   2.3200872e-01  -2.5513788e-01   8.9299464e-02  -4.2834286e-01  -2.4483837e-03  -1.1392004e-02   3.0039974e-01  -3.2060615e-01   2.1599912e-01  -2.3343816e-01   3.7379509e-01  -4.4348387e-02   5.2228268e-01  -5.7785894e-02  -3.3857111e-02  -5.8041030e-04  -4.7894515e-02   1.3404171e-01   1.3447309e-02  -2.2135569e-01  -2.7171830e-01  -9.7309642e-02   3.3797591e-01  -6.7911923e-02  -1.7555642e-01   7.4049702e-02  -2.4321843e-01   4.9394760e-01  -5.2499651e-02   4.3874787e-02   3.1974213e-02
  -2.1021882e-01  -1.4095113e-01  -5.9603706e-02   0.0000000e+00  -1.5618421e-01   2.1691840e-01  -6.5920758e-02   2.0929064e-01  -7.1263266e-02   1.8082132e-01   1.6429148e-01  -2.3257507e-01   5.4720801e-02  -8.7865612e-02   9.1056357e-03   9.1058407e-02  -7.9445700e-02   7.7253655e-02   4.4583929e-02  -6.2371645e-02   1.6786023e-01   4.0865254e-01   1.9338437e-02  -1.4862528e-01   2.2930703e-01   6.5522940e-02   4.0770171e-02  -2.3719634e-01   1.5255128e-01  -1.5345209e-01  -1.1299229e-02   4.8896918e-01   3.2879073e-01  -3.0686014e-02  -1.0457550e-01   2.2276710e-02   1.8716166e-01  -2.4309784e-01   1.1032789e-01  -4.6306228e-02   1.4037360e-01   2.7745049e-01  -1.3776937e-01   1.6862705e-02  -1.6720024e-01  -1.1151371e-01   1.6573902e-01   2.4256056e-02  -2.1579115e-02   1.9592299e-02   1.6734540e-01   1.2773024e-01  -6.6458847e-02   2.6274596e-01  -2.4686150e-02  -2.6322184e-02   3.0855777e-02   4.2209205e-01   4.8278876e-01  -2.3679093e-01  -5.6683070e-02   3.8862289e-03  -1.4349311e-01  -1.9147434e-01  -2.6247479e-01  -1.2724957e-01   1.0490608e-01   1.8691534e-02   3.3274767e-01  -7.7285869e-02  -6.8457018e-02   3.4016861e-01   4.7146767e-02  -2.0733278e-01   1.3216674e-01   3.8707619e-01   1.2528229e-02   1.6546052e-01  -2.8100820e-01   4.1207946e-01  -6.7774265e-02  -9.8896543e-02   1.0410273e-01   1.6007985e-01  -1.8682483e-01   3.1773181e-01  -2.5262581e-02  -2.4428175e-01  -2.4015734e-02  -3.4591803e-01  -2.9044665e-01   1.0897362e-01  -2.3159254e-02  -1.5686044e-01  -3.5887531e-01  -1.3501396e-01   3.7598330e-01   1.3567858e-01   9.2603659e-02   1.2487275e-01  -1.5521720e-01  -2.5405020e-01   3.5178954e-02  -6.6858971e-02   3.9198509e-01   5.6907480e-01   1.6319290e-01   2.6633150e-01   1.1004861e-01   1.3053969e-01   4.1495929e-03   2.4338848e-01   5.7979456e-01  -3.0720347e-01  -1.9026340e-01  -6.5990380e-02   1.6960992e-01   8.8357158e-03  -7.1897519e-02   6.9595372e-01   2.7252310e-02  -3.1349875e-01  -1.3384939e-01  -2.7528329e-01  -1.3019138e-02  -1.6744100e-01  -2.8972913e-01   2.4396229e-01   6.2618283e-01  -1.1732876e-01   3.8730181e-02   1.4699704e-01   5.8127228e-02  -6.0097080e-02   3.5970336e-01   2.3629516e-01   3.6786358e-01  -1.5465911e-01   2.7116484e-01  -3.2230166e-01  -2.3875761e-01  -1.1024682e-01   1.4633714e-01  -1.9233409e-02   2.6831955e-02   3.0469261e-01   5.5745021e-02  -1.4353751e-01   5.4540679e-02   1.8726667e-02  -1.6225666e-01   3.3817623e-02   3.7771399e-02  -1.5629976e-01  -1.9864811e-01  -3.4051100e-01   9.1109844e-03   2.8660058e-01   1.4595938e-01   5.1875844e-02   8.4164326e-02   5.9349554e-02   5.7163860e-02   4.8510037e-01   4.8576210e-01  -3.3861562e-01  -3.0219276e-01  -1.3182540e-01   6.3445283e-02   1.1980981e-01  -3.3304869e-01  -1.3695318e-01  -6.1543639e-02  -2.3411252e-02   4.7923647e-02   3.4814420e-01   4.7114007e-01
  -3.0891581e-01   2.9085905e-01  -1.8268915e-01  -1.5618421e-01   0.0000000e+00  -3.1185514e-01   2.7917669e-01  -4.2126413e-01   5.2881277e-01  -1.3578007e-01  -1.8403693e-01   1.7186470e-01   1.4818535e-01  -6.1513095e-01  -2.8193349e-01  -2.2103277e-01  -1.1914802e-01   3.2081644e-01  -2.9052728e-01   8.7798831e-01  -5.0785896e-01  -1.1834032e-01  -4.4481844e-01  -3.4628335e-01  -4.1197921e-01  -7.7485120e-02   7.8312401e-01  -5.5264662e-01  -6.1196389e-02   6.6903642e-01  -3.7146012e-02  -3.7393407e-01  -4.2090399e-01   1.7243909e-01  -1.3559869e-01   7.9254896e-01  -1.0906539e-01   7.2486534e-02   1.6680495e-01   7.2737405e-01   2.3387598e-01  -3.0282203e-01   4.8456019e-01  -3.5265582e-01   5.9916982e-01  -5.7731300e-01   3.0368012e-01   4.5866742e-01   4.2145111e-01   3.2891962e-01  -2.3402015e-01  -3.1473334e-01   5.5132450e-01  -2.6356320e-01  -6.0143052e-01  -3.6739386e-01  -2.1159072e-01  -8.6663829e-02   1.8140458e-02  -2.1183291e-02  -3.4815770e-01   5.1936654e-01   6.7405630e-01   5.4738366e-01   6.3472851e-01   1.1293941e-01   1.3332435e-01   2.0326688e-01  -2.1007057e-01  -5.8500786e-01   5.3760152e-01  -1.9160086e-01   3.8220045e-01  -2.8172629e-01   4.6267747e-02  -3.3318089e-01  -4.7820043e-01  -1.4056293e-01   8.5580343e-01   1.6385494e-01  -4.6217355e-01   1.6004098e-01  -1.7274928e-01  -1.3645156e-02  -4.9675208e-01  -4.3288972e-01  -2.6118794e-01  -2.1402872e-01   1.7176918e-01   1.0219239e-01   8.8926768e-01  -1.3726946e-01   1.1532792e-01   5.7762460e-01  -2.9236684e-01   8.4884089e-01   1.3763935e-01  -2.0496669e-01   6.5053047e-01  -3.3016778e-01  -5.4459378e-01  -4.1678846e-02  -6.0239350e-01  -7.4359821e-02  -4.2881865e-01  -3.9037159e-01  -2.1132714e-01  -9.8089109e-02  -4.0380098e-01  -2.4985544e-02  -2.0881039e-01  -1.4367266e-01  -2.9307193e-01  -1.4211721e-01  -4.1933877e-01   7.4125302e-01  -6.5061116e-02   2.6381001e-01  -5.8717736e-01  -2.3635870e-01  -4.9049292e-01   8.6206786e-01   4.8782111e-01   2.5441456e-01  -5.2004567e-01  -2.6349828e-01   4.4365638e-01   1.4569416e-01  -2.5541847e-01  -4.1118814e-01   4.5136626e-01   2.4526778e-01  -4.1119425e-01   6.3746185e-02   1.5411964e-01  -3.6494039e-01   2.0694944e-01  -4.9699270e-01  -3.0199977e-01  -8.4306687e-02  -4.7988266e-01   3.3689233e-01  -2.7837931e-02  -5.1325658e-01  -6.0940663e-01  -6.5941510e-01  -4.3815327e-02   8.0646874e-01  -1.9664910e-01   1.9349181e-01  -3.8301694e-01  -5.7850673e-01  -4.8338232e-01   6.4261542e-01   6.6607784e-01  -1.1433282e-01  -5.3222688e-01   2.0988314e-01   9.2072500e-04  -5.1868868e-01   4.4745904e-03   2.1969768e-01   3.6239719e-01  -2.1428649e-01  -1.1253615e-01   6.3275656e-01   3.6137020e-01  -2.0109535e-01  -5.6277367e-01   3.4250619e-01   5.7357219e-01  -4.5170508e-01   5.8879505e-01  -1.3112937e-02   6.9406101e-02  -2.6283154e-02   1.9868622e-02
  -6.8333599e-02   1.1880708e-01   3.2582846e-01   2.1691840e-01  -3.1185514e-01   0.0000000e+00  -4.1174830e-02   2.9997968e-01  -5.1681648e-01   3.5121473e-01   1.7712757e-01   8.1283758e-02  -3.0817036e-01   1.8762432e-01   1.5011327e-01   2.8428464e-01   2.9322535e-01   1.8458268e-01   4.9337897e-01  -5.3769489e-02   2.3834955e-01   2.1354377e-01   3.5542819e-02  -1.0013607e-01   3.8333102e-01   1.3208450e-01   1.5013155e-02   9.5730966e-02  -7.8378900e-03  -2.7006908e-01  -3.4756030e-01   3.0968978e-01   2.0738106e-01  -3.4589901e-02  -3.4139300e-01  -1.0204005e-01   2.5342857e-01  -2.3873899e-01   3.9347254e-02  -1.6832053e-01  -1.9768603e-01  -1.3496904e-01  -1.2112346e-01   2.6750245e-01  -1.6898101e-01   1.9756565e-01   1.6202873e-01  -1.9045043e-01  -2.4380981e-01   2.7677135e-02   4.8143301e-01   1.5561244e-01  -3.2368276e-01   1.1830223e-01   2.1714566e-02   4.6870686e-01   4.7592761e-01   2.5596866e-01   1.4476629e-01   4.9672112e-02   1.6726517e-01  -2.4011553e-02  -4.7911281e-01  -3.7574675e-01  -3.8452876e-01   7.8221592e-02   6.3292695e-01   1.6126468e-01   5.6230871e-01   3.7001675e-01  -2.2159819e-01   2.9456383e-01  -2.8562445e-01   9.5733346e-02  -4.9227299e-03  -4.2976833e-02   1.1243200e-01   2.8192865e-01  -3.5995581e-01  -2.1716179e-01   1.0034111e-01  -1.4727256e-02  -3.0184026e-02   1.0510135e-01   1.3606337e-01   6.5224288e-02  -1.2168053e-01  -7.7820740e-02  -2.5479344e-01  -2.2987548e-01  -4.3942460e-01  -2.9446176e-02   4.3947090e-02  -4.6735223e-01  -1.8100303e-01  -3.5322986e-01   1.8434080e-01   2.7423179e-01   6.0843733e-02   3.8285530e-01   4.9733810e-03   3.3392023e-02   1.7284531e-01   2.6064006e-01   4.5720622e-01   2.9053723e-01   2.4985202e-01   5.1719358e-01   1.2847887e-01   3.6753229e-01   8.5031128e-02   3.8356284e-01   3.0801940e-01  -1.9259741e-01  -3.0580561e-02  -3.5891167e-01   2.5228215e-01  -2.5385271e-01   3.9297185e-01   2.2351860e-01   1.3313530e-01  -3.5618924e-01  -5.6669356e-01  -4.5139066e-01   2.2531804e-01   1.0745787e-01  -1.5979861e-01  -1.6221531e-01   2.4083476e-01   3.9507954e-01  -1.4703986e-01  -1.0357752e-02   5.1065115e-01  -3.2380549e-01  -3.2208357e-02   7.3729797e-02  -1.3847958e-01   1.2278184e-02   1.6464275e-01  -3.3783322e-01  -1.4200363e-01  -2.3399340e-01   1.3409865e-01   3.9055655e-01   1.3640328e-01   2.1573496e-01   1.1722547e-01  -2.5798643e-01   4.0241465e-01  -7.3537752e-02   4.0695441e-02   2.1806615e-02   2.2393360e-01  -3.5957538e-01  -2.0161094e-01  -2.2380986e-01   1.7216380e-01   1.4778669e-02  -1.3075628e-01   2.9675439e-01   2.9046374e-01  -1.4328288e-01  -1.4754509e-02   3.4649457e-01   3.3417030e-01  -4.8389949e-01  -1.8821059e-01   1.7426215e-02   2.4159872e-01   7.9627279e-02  -3.7074026e-01   1.3728509e-03  -2.3451410e-01   4.8774611e-01   2.6310603e-02  -1.1756559e-01   3.4227037e-01
  -2.6130464e-01   7.6383741e-02  -1.5291414e-01  -6.5920758e-02   2.7917669e-01  -4.1174830e-02   0.0000000e+00  -2.0442433e-01   3.6440474e-01  -1.7162379e-02  -4.7230540e-02   2.2717858e-01  -5.2273950e-02  -3.6107362e-01   5.3400299e-01   1.9869530e-01  -2.5574232e-01   1.4000918e-01  -1.7192161e-01   4.1381391e-01  -2.5898505e-01  -2.5518410e-01   3.1430396e-01  -1.6033851e-01  -1.3094998e-01  -7.6666656e-02   4.8046076e-01  -5.4060004e-03   8.3073442e-02   4.3048680e-01   4.8537848e-02  -2.7582589e-01  -1.3313114e-01   7.8408354e-01   2.9138566e-01   3.1357415e-01  -1.6836719e-01   4.3641863e-03   2.2450565e-01   3.2622109e-01   1.9578911e-02  -8.7536877e-02   3.8169471e-01  -3.3008279e-01   4.4199067e-01  -3.9876156e-01   7.0813814e-03   6.3996916e-01   4.0488012e-03   7.3522575e-02  -7.0136477e-02  -2.2695890e-01   2.5532359e-01  -2.5102195e-01  -3.5100504e-01  -2.3504330e-01  -1.1495893e-01  -3.6917887e-01  -1.3752401e-01  -2.4437708e-02  -2.5725570e-01   3.5689427e-01   3.3602614e-01   3.0903582e-01   4.2355053e-01   4.9222397e-01  -1.0198458e-02  -1.8218748e-02  -3.0597397e-01  -3.6988964e-01   3.0431889e-01  -3.7997479e-01   6.9928783e-02  -3.1618263e-01  -6.9694401e-02  -1.9066855e-01  -2.7828802e-01  -1.0340127e-01   2.8855990e-01  -1.4254948e-01   3.6805833e-01   8.6305515e-02  -1.0236817e-01  -8.2751061e-03  -4.1585606e-01  -2.8341495e-01  -4.2482326e-02  -1.4492219e-01  -2.4881035e-01  -1.2156503e-01   2.7177372e-01  -1.8448665e-01   5.5136388e-01   3.8867733e-01  -2.5676133e-01   2.3603917e-01  -2.1968541e-01  -3.3691522e-02   1.9147234e-01   1.5172684e-01  -3.1943083e-01   3.6157587e-01  -2.8070170e-01  -1.9228599e-01  -3.4309875e-01  -9.2318570e-02  -3.1403945e-01  -6.7021348e-02  -6.3677603e-02  -6.6387084e-02   5.4772482e-01  -3.0598256e-01  -3.0684143e-01  -1.8209253e-01   2.5289387e-01   3.4935140e-01  -6.0719563e-02   1.1761008e-01  -2.3110983e-01  -2.6706681e-01  -4.0080216e-01   3.4443576e-01   2.2164240e-01  -8.0897041e-03  -3.8924634e-01  -3.4358197e-01   3.9952341e-01  -1.3816095e-01  -2.6079648e-01  -3.5966789e-01   1.5855364e-01   5.7682698e-01  -3.6870270e-01   1.1419436e-01  -1.5758038e-01  -1.2694517e-01  -1.3352531e-01  -1.1609817e-01  -2.9216012e-01  -2.8221343e-02  -2.6334707e-01   1.5062304e-01  -2.7564670e-01   1.6067157e-01   1.1000844e-01  -3.0705245e-01   6.8951458e-01   3.1144513e-01  -8.5484435e-02   1.4897627e-01  -2.6028026e-01  -1.5554997e-01  -3.3348555e-01   3.4910304e-01   4.2830941e-01  -3.4688523e-02  -4.5819729e-01  -9.6537856e-02  -1.1636134e-01   1.2305166e-01   1.3482552e-01   2.5334809e-03   6.6635805e-02  -2.0504361e-01  -2.1428133e-02   3.9647450e-01   4.0534175e-01  -2.7449281e-01  -4.7267817e-01   2.7100255e-03   5.7278129e-01  -2.3821431e-01   1.8514133e-01  -4.6774873e-03  -2.1703354e-01  -1.2560998e-01   2.9781912e-02
  -6.5488760e-02  -2.8631093e-01   3.3415216e-02   2.0929064e-01  -4.2126413e-01   2.9997968e-01  -2.0442433e-01   0.0000000e+00  -2.0669420e-01   1.3274055e-02   1.8363244e-01  -9.1528652e-02  -1.6666165e-01   2.2594541e-02  -7.4182721e-02   3.5894336e-01   1.6637954e-02   1.5265408e-02   5.2619049e-01  -2.8916686e-01   2.2942509e-01  -3.9805992e-02   1.8314049e-01  -8.1219667e-03   2.5046123e-01   3.8466747e-01  -2.4535753e-01   5.8616556e-02   5.9322911e-02  -2.7089834e-01  -1.0917070e-01   4.8803831e-01   3.3969300e-01  -1.9049257e-01  -2.5935154e-02  -3.3300181e-01   9.1382828e-02  -2.6960123e-01   9.8443672e-02  -3.5195283e-01  -1.4218577e-01   1.1698375e-01   7.1718653e-03   1.8707815e-01  -1.5056090e-01   3.3148622e-01  -9.7797759e-02  -2.1753445e-01  -2.9181439e-01  -3.0509820e-01   1.7209156e-01   8.1154122e-01  -3.3430239e-01  -3.1488271e-02   2.0070125e-01   1.7952384e-01   2.9704945e-01   1.1816778e-01   5.3667226e-02   1.4155961e-01   2.3200234e-01  -1.2304662e-01  -2.7372765e-01  -2.0330747e-01  -3.0515027e-01  -7.9609442e-02  -2.0327843e-02   1.4475129e-01   3.5667030e-01   3.5673106e-01  -3.4532606e-01   2.8422698e-01  -1.8797543e-01   4.9052676e-03   5.3412507e-02   5.2113420e-01   2.9838479e-01   2.7433994e-01  -3.2386026e-01  -1.1611484e-01   5.5164556e-02  -8.5838283e-02  -4.5665810e-02   3.3897735e-01   9.3339997e-02   4.4783292e-01   5.1037443e-02  -1.1871147e-02  -1.2332440e-01  -2.0811792e-01  -4.1054615e-01   9.1119058e-02  -1.3172480e-01  -1.5924322e-01  -2.7996601e-02  -4.6358097e-01  -3.2557930e-02   6.9320325e-01  -1.0709611e-01   1.4247675e-01   1.2686871e-01   2.6405428e-02   2.2424118e-01  -7.9181471e-02   4.3909409e-01   7.0310444e-01  -6.1007921e-02   5.5046595e-01   1.6724895e-01  -6.3451364e-02  -2.7053944e-02   6.8082910e-02   2.7880822e-01  -2.3784911e-01   5.3874143e-02  -2.9833594e-01   1.8403362e-01  -7.8886198e-02   6.4422760e-02   2.0803960e-01   4.1154050e-01  -4.0938842e-01  -2.2978890e-01  -1.3931745e-01   4.0498943e-01  -6.6550482e-02  -8.1526182e-02  -1.3450296e-01   4.6767711e-01   2.1354211e-01  -2.5923269e-01  -1.5318746e-01   7.0363939e-02  -1.9447582e-01   1.1660901e-01   7.1453254e-01  -2.0415848e-01  -5.8221423e-03   4.3647668e-01  -2.7188483e-01  -3.5644295e-02  -2.5936750e-01   1.6885804e-01   8.4465355e-02   1.2917089e-01   4.4857740e-01  -9.3255610e-02  -4.1026042e-01   1.1134225e-01  -2.5666605e-01   2.3401984e-01   1.6779502e-01   2.6166315e-01  -3.0093487e-01  -3.8330153e-01  -1.7897420e-01   2.5369820e-01  -1.4334474e-01  -1.0619505e-02   8.6861882e-02   3.1130461e-01   9.5216676e-02  -1.9887068e-01   3.3483028e-01   5.6603905e-01  -2.6339460e-01  -3.7802548e-02   2.0542636e-01   2.4722140e-01  -2.7698801e-01  -2.2299348e-01  -9.3241304e-03  -1.9379725e-01  -1.9080301e-01  -2.0655768e-02  -2.0731824e-02   3.7217880e-01
  -2.7028494e-01   9.5401451e-02  -3.1900442e-01  -7.1263266e-02   5.2881277e-01  -5.1681648e-01   3.6440474e-01  -2.0669420e-01   0.0000000e+00  -3.4197198e-01  -1.4259602e-01  -3.3780925e-02   1.4731509e-01  -4.5126341e-01   2.4627697e-02  -2.1744430e-01  -2.9434638e-01   8.9150252e-02  -2.3250919e-01   3.9088190e-01  -4.1411563e-01  -8.3886134e-02  -1.0875352e-01  -2.3411770e-01  -3.2123346e-01   2.4512806e-02   5.3330433e-01  -4.5108284e-01  -5.7772550e-02   6.5600307e-01   3.0812708e-01  -3.1479880e-01  -3.2607983e-01   2.4147160e-01   4.1390669e-01   3.0139053e-01  -1.2569240e-01   1.9864643e-02   1.0192809e-01   4.5859558e-01   1.6837341e-01  -6.3575029e-02   5.0002581e-01  -3.5892732e-01   5.9096281e-01  -5.8004518e-01  -5.8417624e-02   4.1041649e-01   3.6678084e-01   1.2981557e-01  -3.2510799e-01  -1.6318633e-01   4.1692472e-01  -1.7004468e-01  -3.0570797e-01  -5.3326813e-01  -2.0023839e-01  -1.8784665e-01   1.9339959e-03  -8.3376432e-02  -4.2383639e-01   2.1753044e-01   8.2249255e-01   7.7826900e-01   8.1876741e-01  -1.1790262e-01  -8.2418122e-02   1.8365242e-01  -3.5195135e-01  -6.3624013e-01   3.8313653e-01  -1.9151058e-01   1.9356998e-01  -2.7057635e-01   1.0134635e-01  -8.0830480e-02  -4.7376805e-01  -1.3780426e-01   6.1769653e-01   1.4868114e-01  -1.3275544e-01  -3.0056834e-02  -4.5525276e-02  -2.6923539e-02  -4.2574914e-01  -3.1037042e-01   1.0109440e-01  -1.2173425e-01   2.8060364e-01   1.5580971e-01   6.8020551e-01  -1.4577399e-01   4.1276242e-02   8.0702485e-01  -2.4468595e-01   4.2286567e-01  -2.7810193e-02   5.7917059e-02   2.8971228e-01  -1.9852632e-01  -3.2417568e-01   8.2002396e-02  -4.1055541e-01  -5.3625076e-02  -4.9548581e-01  -2.0288027e-01  -3.4179477e-01  -5.0383735e-02  -1.6396883e-01  -4.7876083e-01   2.7602619e-02  -4.7184274e-01  -2.0316425e-01  -1.3407920e-01  -1.1992730e-01   6.5898376e-01  -5.9913731e-02   1.7205095e-01  -6.4824264e-01  -1.5642681e-01  -5.4597316e-01   5.4223310e-01   7.7132571e-01   7.0236606e-01  -5.2525372e-01  -2.9666628e-01   4.7782933e-01   1.0929017e-01  -2.6264597e-01  -5.9502519e-01   2.3417122e-01   4.5955418e-01  -5.1092129e-01   3.4484802e-01   1.9079472e-01  -1.1184050e-01   2.3897385e-02  -3.1847254e-01  -2.9836006e-01   6.8405399e-02  -3.5620979e-01   3.0238220e-01  -1.3576165e-01  -4.5846442e-01  -1.8105434e-01  -3.6157099e-01   2.1769546e-01   4.0214640e-01  -5.2269612e-01   4.4939397e-01  -2.8618205e-01  -2.6347426e-01  -3.6322253e-01   6.9519611e-01   4.8459998e-01   2.0352885e-02  -6.1262260e-01   1.1863480e-01  -6.4029930e-02  -3.7251925e-01   1.2060348e-01   2.5431982e-01  -4.8204739e-02  -2.4979724e-01   3.6526972e-02   6.7730361e-01   3.8300833e-01  -2.0715186e-01  -5.2591794e-01  -2.2143592e-02   5.6722599e-01  -4.6373135e-01   5.4511782e-01  -3.8776220e-01   2.3543421e-02  -1.0532556e-01   6.9084617e-02
  -2.3293299e-01  -2.4292217e-01   1.0451529e-01   1.8082132e-01  -1.3578007e-01   3.5121473e-01  -1.7162379e-02   1.3274055e-02  -3.4197198e-01   0.0000000e+00   3.3992177e-01  -3.0627679e-01   7.1348727e-02  -1.8384334e-01  -6.6097990e-02  -1.1952566e-01  -1.2690661e-02   2.6374850e-01   5.3357839e-02  -2.2438872e-03   1.4304212e-01   2.9153539e-01   9.1346415e-02  -3.1988448e-01   4.7105405e-02  -3.6035723e-02  -1.5969195e-02  -3.1758541e-02   2.2076809e-02  -8.2040002e-02  -3.9804492e-01   1.2100966e-01  -7.0844330e-02   1.4766239e-01  -5.3140145e-01   2.7546558e-01   3.3201339e-01   2.8552388e-02  -1.7263256e-01  -1.0767116e-01   1.1391526e-01  -1.8474119e-01   2.7009495e-02   2.1562614e-01  -7.1641606e-02   1.1766291e-01   5.1177819e-01  -2.2067479e-01   7.9429648e-02  -1.2512701e-01   3.8590733e-01   1.8127387e-02  -2.8034235e-01  -1.2413291e-01  -1.9485459e-01   4.1271497e-01   1.5847307e-01   3.0289911e-01   1.7011585e-01  -1.9438700e-01   1.0818756e-01   1.9971118e-01  -3.2890805e-01  -3.2461968e-01  -2.6663572e-01   5.7731061e-01  -3.9629360e-02  -4.4588082e-02   3.9592502e-01   2.3606407e-01  -2.9935126e-01   2.9614873e-01  -8.7704453e-02  -3.1622819e-01  -7.8450825e-02  -3.7867117e-02   2.8237983e-01   2.7863407e-01  -3.2312363e-01  -4.3371842e-02  -1.2904990e-01  -4.1684270e-02  -1.7408997e-01   4.5335362e-02  -2.8658063e-01  -1.2370242e-02  -3.8116163e-01  -4.0381298e-01  -2.8389335e-01  -3.1054981e-01  -2.9947706e-01   6.8264044e-02   1.6686987e-01  -2.6596317e-01  -8.0094444e-02  -1.4474998e-01   8.7303475e-02   6.6458443e-03   1.6341135e-01   3.4879393e-01  -2.4665373e-01  -4.2176775e-02   8.6445675e-02  -1.7791752e-01   3.1550348e-01   1.0805779e-02  -6.4179377e-02   2.6110789e-01   4.0590712e-02   5.3912217e-01   8.3414433e-02   3.4347878e-01   2.4042494e-01  -1.2214951e-01  -2.1733210e-01  -3.2320137e-01   4.1693477e-01  -2.5439463e-02   2.4042038e-01   1.4962553e-01   1.5353155e-01  -8.4424497e-02  -3.9697626e-01  -4.6517089e-01   1.6832690e-01  -2.3719428e-01  -3.3719941e-01  -2.1401661e-01   2.5448647e-01   2.3010026e-01  -3.2161296e-02  -2.9278773e-01   4.2129689e-03  -4.0542435e-01   1.4420545e-01  -1.2309043e-01  -8.5206700e-02  -1.5771502e-01   5.6896994e-02  -2.5264589e-01  -1.3572617e-01   2.6363076e-02   3.3937084e-01   3.6859762e-01  -3.1883370e-02   1.3884867e-01  -1.3654278e-01   1.3798566e-01   7.3022599e-01  -3.9032180e-01  -2.3778536e-01  -1.0994203e-01  -2.6682647e-01  -2.8745956e-01  -1.8095825e-01  -1.9143505e-01   1.7285750e-01   3.4309206e-02  -1.0298364e-02   2.3615164e-01   1.1980160e-03   2.2884840e-01   2.1557654e-01   3.8967102e-01  -6.8729113e-02  -3.3264301e-01  -1.5191337e-01  -2.0708339e-01  -3.5706753e-03   8.8368949e-03  -2.2592805e-01   5.6946314e-02   1.4459045e-01   2.7812500e-01  -1.4663329e-01  -1.2676781e-01   1.3734066e-03
  -1.4847467e-01  -5.0964064e-01   1.2938813e-01   1.6429148e-01  -1.8403693e-01   1.7712757e-01  -4.7230540e-02   1.8363244e-01  -1.4259602e-01   3.3992177e-01   0.0000000e+00  -3.5117924e-01   1.3269276e-01  -2.1168326e-01   1.1431821e-02   1.4197449e-01   1.7305407e-02   5.5259402e-01  -3.1315217e-02  -7.1222242e-02   3.7932280e-01   3.4258173e-01   3.2426441e-01  -2.8691071e-01  -2.0134234e-03  -1.3032483e-01  -4.2618277e-02  -1.4004945e-01   2.5366567e-01   8.2751467e-02   4.5417184e-02   3.4463289e-01   1.9341708e-01  -1.2052454e-01  -2.6803662e-01   1.1273774e-01   9.5892464e-02  -2.4089266e-02   4.4822934e-02  -1.8352375e-01   1.7433319e-01   5.9507013e-02   2.9569491e-02   1.2931929e-01   5.5336056e-02   3.0122082e-01   6.1829853e-01  -1.3012214e-01   1.4991062e-01  -2.0470906e-01   6.1557780e-01   1.1668685e-01  -4.5987649e-01  -1.4048169e-01   7.8488757e-02   3.0256213e-01  -2.1203933e-02   2.5462578e-01   1.1649754e-01   4.1954151e-02   2.4596496e-01   2.0982238e-01  -2.7051110e-01  -1.0231517e-01  -2.1980632e-01   1.9584557e-01   5.4133738e-03   2.5476328e-02   5.4300737e-01   3.4012074e-01  -4.3907656e-01   3.9280317e-01  -6.6642270e-02  -3.5847072e-01  -1.6724875e-01   2.9862838e-01   3.7485907e-01   1.1319791e-01  -3.3256502e-01  -1.5832239e-02   5.2471303e-02  -8.1889151e-03  -2.3694391e-01  -1.8468789e-03  -2.1885667e-01   2.0166079e-01  -6.4820808e-02  -3.6766938e-01  -6.0260990e-02  -2.5429504e-01  -2.8490492e-01   2.2730100e-01  -1.4345349e-01  -6.1025321e-02   1.0234971e-01  -2.0895114e-01  -2.0347606e-02  -4.6651992e-02   1.2030135e-01   2.3523226e-01   2.4196659e-02   2.2410387e-01   1.0470370e-01  -5.2951220e-02   5.3248245e-01   2.0088412e-01  -8.7927178e-02   2.9590667e-01   1.3280232e-01   2.4911713e-01  -6.6474449e-02   3.4242264e-01   2.9384460e-01   3.9031452e-02  -5.4490628e-02  -3.2734887e-01   2.5016996e-01   7.2951330e-02   1.2825794e-01   1.2275164e-01   2.8865920e-01  -9.9624288e-02  -2.5330097e-01   1.2981160e-02   3.8279128e-01  -3.1749008e-01  -3.8958956e-02  -8.6140760e-02   3.4733052e-01   3.3818946e-01   7.3317820e-02  -5.2131761e-02  -5.6826165e-02   3.9868666e-02   1.7525729e-01   1.9190176e-01  -1.5584130e-03  -4.6198695e-02   1.3271533e-01  -6.9154856e-02  -5.3505118e-02   3.0638706e-02   6.4670324e-01   2.3739676e-01   3.1448737e-01   4.6397689e-01  -1.4198348e-01  -9.4234359e-03   4.9561860e-01  -9.5284994e-02  -1.8904816e-01   1.2715337e-01  -6.5323477e-02  -1.8019372e-01  -3.0268495e-01  -2.0299656e-01   3.0176575e-01   2.7833447e-02   1.3726561e-01   2.0390914e-01   1.5124784e-01   4.8266083e-01  -1.8609523e-02   5.2165837e-01   1.2568401e-01  -2.6486480e-01  -5.5553778e-02   1.4631538e-02   2.3477166e-01  -3.0907176e-01  -2.9220823e-01  -7.3544634e-02   2.3692533e-01   3.2970342e-02  -3.2162071e-01   4.5229025e-02   2.1551634e-01
   9.4386788e-02   5.3394801e-01   3.2060866e-01  -2.3257507e-01   1.7186470e-01   8.1283758e-02   2.2717858e-01  -9.1528652e-02  -3.3780925e-02  -3.0627679e-01  -3.5117924e-01   0.0000000e+00   1.1230991e-02  -2.7288001e-02   1.7134547e-01   1.0191665e-01   3.1710759e-01  -2.0041525e-01   2.6299625e-02   2.1627758e-01  -3.4248459e-01  -4.6804054e-01  -1.9537719e-01   1.7456802e-01   1.4923224e-01  -6.5045974e-02   1.2645223e-01   1.6371307e-02  -1.4784922e-01   2.2733005e-02  -9.0794911e-02  -2.7587868e-01  -1.4302344e-01   1.9998496e-01   1.3548634e-01  -4.7310520e-03  -1.8809336e-01  -9.5585202e-02   2.1565880e-02   2.5774743e-01  -8.3946590e-02   2.9374339e-02   6.1501428e-02   6.6505647e-03   1.7884395e-01  -2.4759204e-02  -3.1413214e-01   6.7235394e-02  -2.3418199e-01   3.0916559e-01  -3.1245939e-01  -9.8518049e-02   2.1567954e-01   5.8847251e-02  -1.8004835e-01  -1.8250530e-02   1.2113850e-01  -4.5836172e-01  -1.8334868e-01   4.9472446e-01   1.4146442e-01  -2.0467121e-02   1.2599443e-01   1.3171710e-01   1.4733966e-01  -2.2936077e-02   2.7919634e-01   2.6100019e-02  -2.7936998e-01  -3.5543441e-03   3.0829421e-01  -2.8805798e-01  -7.4095111e-02   1.3596023e-01   5.7533401e-03  -3.1883454e-01  -5.1027159e-02  -1.0168409e-01   3.2230677e-01  -1.8154851e-01   5.3206098e-02   1.9997720e-01  -5.5287363e-02  -5.4348297e-02   1.2013382e-01  -2.6658088e-01  -6.2948643e-02   2.2852849e-01  -4.2331832e-02   9.5288086e-02   2.6490838e-01   1.5363278e-01   2.3675418e-01   1.6210257e-01  -3.4354505e-02   2.5320414e-01  -1.1459140e-01  -1.4099293e-01   4.3718651e-02  -1.6347749e-01  -9.0717271e-02   2.8031043e-01  -2.8197735e-01   3.3925718e-01  -3.2243492e-01  -1.9934976e-01   1.0298639e-01  -2.0787016e-01  -1.0029571e-01  -1.9156617e-01   1.4932798e-01  -2.7555578e-01  -3.7843228e-01   9.2320706e-03   5.1735447e-02   1.2760869e-01  -1.0009894e-01  -7.8353496e-02  -3.2124415e-02  -2.0833789e-01  -8.3378199e-02   2.4997494e-01   2.1296076e-01  -1.3268757e-02  -7.3457883e-02  -6.1949010e-02   4.1142740e-01   9.4831899e-02  -3.1405617e-01   1.1413421e-01   8.2436869e-02   9.2429642e-02   5.7302791e-02   2.1451487e-02  -2.7482206e-01  -1.8657403e-01  -7.3315868e-02   8.8981066e-03  -1.8425403e-01   2.4502161e-02   6.3565034e-02   1.6531904e-01  -1.5797953e-01  -8.3286177e-02  -6.7162410e-02  -3.8639079e-01   2.7207411e-01   2.5766114e-02  -2.5697097e-01  -2.3330942e-02   1.3369117e-01  -1.6105262e-01   2.6696110e-01   1.1233976e-01   5.1746984e-01  -1.4834784e-02  -5.6229368e-02  -6.5648866e-03   1.0690833e-01  -3.3565223e-01  -1.5013952e-02  -1.9324364e-01  -1.5394064e-02  -4.1016962e-01  -2.1639355e-01   2.9627013e-01   2.4422267e-01   2.6401032e-02   5.3558584e-03   7.5794752e-02   3.1865476e-01  -8.0623347e-02  -1.9979266e-01   3.3760039e-01   1.3104312e-01   7.6522251e-02  -1.8943269e-01
   1.1220857e-01  -1.7192887e-01  -1.9070997e-02   5.4720801e-02   1.4818535e-01  -3.0817036e-01  -5.2273950e-02  -1.6666165e-01   1.4731509e-01   7.1348727e-02   1.3269276e-01   1.1230991e-02   0.0000000e+00  -1.3951867e-01  -4.5642182e-04  -3.7561988e-02  -1.2163085e-01  -1.7186481e-03  -2.2076624e-01   6.1698750e-02  -7.7918499e-02   6.5535792e-02   1.3610872e-01  -7.2759592e-02  -1.8053045e-01  -6.7426006e-02  -5.8975384e-02  -4.8073113e-02   2.7939541e-02   6.1728939e-02   1.2186168e-01  -3.4611181e-01  -1.2275023e-01   1.5283741e-01  -4.4525267e-03   1.4741329e-01  -2.4509384e-01   1.6567491e-01   2.8144645e-01   7.7953836e-02   8.3343609e-01  -8.8162717e-04   1.6230756e-01   1.1275441e-02   5.7351015e-02   1.3956914e-02   8.6493071e-02  -1.1278451e-01   1.7167145e-01  -2.1581208e-02  -9.9955497e-02  -1.3271043e-01   1.7995668e-01  -1.6745106e-01  -1.6807908e-01  -6.5943164e-02  -2.2935163e-01  -1.0624981e-01   5.0248120e-01   5.5663579e-02   5.7649537e-02   3.1853986e-03   1.1527488e-01   1.4194944e-01   7.5541475e-03   9.5842916e-02  -1.4259332e-01  -2.9346063e-01  -4.3026150e-02  -6.8945220e-02  -7.5049902e-02  -1.9341053e-01   4.5873166e-01  -1.1989489e-01  -2.2114710e-01  -1.8544710e-01   1.0063230e-01  -1.8096412e-01   5.9061639e-02   5.7067030e-01   1.1049151e-01   5.5825982e-01   1.0849756e-02  -4.1347780e-02  -9.5833879e-02  -2.8905468e-01  -2.1871838e-01  -7.8087908e-02   5.9225008e-02   1.1901704e-01   9.8619737e-02   5.0777478e-02   1.9115744e-01   1.1262363e-01   2.3373440e-02   2.0258731e-01   3.1632428e-01  -1.6239157e-01   1.8261646e-01  -7.8270378e-02  -4.6503234e-02   7.4142803e-02  -1.0537734e-01   1.8926872e-02  -2.6019468e-01  -3.1560828e-01  -2.7756011e-01  -8.4580747e-02  -2.4321738e-01   6.0104928e-02   1.8842635e-01  -9.8616319e-02  -2.6408601e-01   2.5368189e-01   6.1251652e-02   1.4045655e-02  -9.7677288e-02   7.4657346e-01  -1.2433457e-01  -1.8638350e-01  -1.3961820e-01   1.7412063e-01   1.8904799e-01   5.4201674e-02  -8.9951401e-02  -2.3974106e-01   1.3217843e-02   7.9340450e-02  -2.1938081e-01  -3.2071521e-02   6.8251874e-01  -3.2384385e-04  -1.1948776e-01   1.7871563e-01  -1.2460558e-01  -2.3764470e-01   2.1802775e-01  -1.3468023e-02  -2.7552800e-01   1.6232978e-01   4.8170894e-02   3.8664949e-01   1.2969795e-01   5.1296573e-02   5.6463032e-02  -1.3127862e-01  -2.4776454e-02   1.6200252e-01   6.9664910e-03  -1.5431322e-01  -5.7559170e-02  -3.9283703e-02  -1.4286843e-01   9.3721018e-02   1.0890444e-01  -8.0882812e-03  -5.0283437e-02   6.1070485e-01   1.2031845e-01  -4.0334801e-02  -2.6431648e-01   5.4612592e-02   2.7400459e-02  -1.2656517e-01  -3.3265635e-01   2.0144515e-01   8.3248690e-02   1.0909980e-01  -6.0669739e-02  -5.3529372e-02   9.4009103e-02  -1.7154001e-01   7.1034292e-02  -3.2425681e-02  -1.5823880e-01   1.3957163e-01  -9.9876358e-02
   5.1600262e-01   7.8227745e-02  -2.3559785e-02  -8.7865612e-02  -6.1513095e-01   1.8762432e-01  -3.6107362e-01   2.2594541e-02  -4.5126341e-01  -1.8384334e-01  -2.1168326e-01  -2.7288001e-02  -1.3951867e-01   0.0000000e+00   1.6993965e-01   4.5036640e-03  -1.4643934e-02  -3.5114692e-01   1.6617772e-01  -6.3679029e-01   4.0246449e-01  -2.2047443e-02   6.3767076e-02   5.4303858e-01   2.5824832e-01  -1.0487358e-01  -6.1736600e-01   6.6621916e-01  -1.1827125e-01  -5.5364788e-01   1.5329476e-01   8.7000708e-03   2.0458495e-01  -2.6750060e-01   2.0527795e-01  -6.9291795e-01   1.0217368e-01   1.0333200e-02  -1.7626389e-01  -5.2208647e-01  -1.8386556e-01   1.8996298e-01  -5.2514666e-01   2.7914361e-01  -5.3048579e-01   2.7919418e-01  -4.6929518e-01  -2.5136611e-01  -1.8051631e-01  -1.9531049e-01  -2.8051805e-02   1.5578473e-03  -2.1509795e-01   2.6216014e-01   7.0545452e-01   2.6277579e-01   1.0991211e-01  -1.5681727e-01  -2.7359854e-02   1.1602796e-01   1.2845341e-02  -5.4335995e-01  -4.0962708e-01  -3.9999306e-01  -4.1169746e-01  -3.2438763e-01  -6.3874191e-03  -2.8260943e-01  -9.4844767e-02   2.8893554e-01  -1.8508768e-01  -1.3867790e-02  -2.1120066e-01   6.8399365e-01  -8.8621072e-02  -4.2608215e-02   6.5381303e-02  -1.6861958e-01  -5.2876828e-01  -5.6164001e-02   3.3785564e-01  -1.3274692e-01   3.6153302e-01  -1.8519762e-01   7.5507308e-01   1.8297990e-01   3.9796810e-01   5.7252632e-01   1.5202617e-03   2.6865799e-01  -5.6098369e-01  -2.1256715e-01  -2.0965420e-01  -5.2980946e-01   2.3324087e-01  -5.4018981e-01  -1.1369084e-02  -6.2315725e-02  -5.1741699e-01   8.1862068e-02   6.8991200e-01  -1.3199796e-02   6.5309481e-01   2.5388374e-01   2.4727341e-02  -1.3867308e-02   2.8693420e-01  -2.8347510e-01   2.2657869e-01   6.1354865e-02   4.2187020e-02   1.0891965e-01   9.6697437e-02   2.4656198e-01   4.0012408e-01  -4.1320980e-01  -2.2981465e-01  -2.1892653e-01   5.7037702e-01   3.0925826e-02   1.7538315e-01  -6.2733199e-01  -3.6091621e-01  -1.0237451e-01   1.4441667e-01   7.0416606e-01  -3.7097266e-01  -2.3228232e-02  -1.8005769e-01   1.7797986e-01  -3.4575080e-01  -1.8768309e-01   6.0199388e-01   4.4687095e-02  -3.1153803e-01  -1.8518755e-02  -8.2199496e-02   7.3008826e-01   8.0044369e-02   2.1773607e-01   4.9885207e-01  -1.9886513e-01  -2.5259607e-01   2.3319732e-01   4.3057120e-01   3.4502699e-01  -9.9919171e-02  -5.8173048e-01  -3.6128116e-02   1.0544523e-01   5.2466038e-01   5.9122390e-01   5.3166280e-01  -4.5544025e-01  -4.8612345e-01   3.3683708e-01   2.2614686e-01  -4.5468109e-02  -2.5288326e-01   4.4596900e-01  -1.3538793e-01  -4.5487935e-01  -2.6244669e-01  -1.1521214e-01  -1.4188900e-01  -4.5307996e-01  -2.5715289e-01   3.1629675e-01   4.5653288e-01   4.2035931e-03  -4.2993813e-01   3.1326062e-01  -5.3058929e-01   3.5355347e-02   1.3115755e-01   1.9605121e-02  -2.5813772e-01
