   0.0000000e+00  -4.3094935e-01  -3.8598884e-01  -9.0845684e-02   9.9692345e-02   8.3340561e-02  -2.0226678e-01  -3.8006132e-02  -3.2529571e-01  -6.3839819e-02   2.6998309e-01  -4.8427667e-01   1.4621960e-01   6.3509807e-01   2.7494120e-01  -1.8556364e-01  -2.7810607e-01   3.3771276e-01  -4.4475483e-02   2.1219215e-01  -1.5108242e-02  -7.8362582e-02   7.8089373e-03   6.6030810e-01  -9.7851670e-02  -1.9074195e-02  -4.1965938e-02   5.4949248e-01  -2.1900485e-01   8.0678335e-02   1.0470497e-01  -9.8691227e-02  -1.4502533e-01   1.7664380e-01  -4.1219212e-01   3.4327787e-01   1.6460893e-01   3.2151942e-01  -6.1419789e-02  -4.6211270e-01   2.8354116e-01  -1.0682281e-02  -3.0328447e-01  -5.7948751e-02   2.0084363e-01   3.5669933e-01   3.2021619e-01  -2.6975010e-01   3.0844661e-01  -3.1111226e-01   2.8727654e-01   4.2779429e-02  -2.2392319e-01   3.5425221e-02   4.3878380e-01   2.7485338e-01  -1.3409433e-02   1.3706479e-01   2.4740094e-02  -3.5839416e-01   2.4801913e-01   6.3337249e-02  -3.1218632e-01   1.6864973e-01   8.4932909e-02  -1.0881280e-02   1.5338585e-02  -8.5441069e-02  -1.1364496e-01   2.8936074e-02  -4.9062833e-01   1.4234369e-01  -7.5210972e-03  -6.2390167e-02  -1.5461139e-01  -8.0186706e-02   2.5899390e-01  -6.2616412e-02   9.4790044e-02  -6.6830867e-02  -1.6614597e-01  -7.0987365e-02  -4.1308720e-01   3.1358533e-01   6.0236297e-01  -2.0942268e-02  -9.3088111e-03   6.5539495e-01  -3.1658458e-01   6.7313759e-01  -8.4887050e-02  -2.8670351e-02   1.6270518e-01  -6.1765435e-02   1.8571026e-01  -3.9200869e-03  -1.1553068e-01  -1.6429939e-01   1.9575693e-01   3.4248537e-01  -3.4342379e-02   3.9764906e-01   1.7721526e-01   7.7839809e-02   1.1442175e-01  -2.8721400e-01  -1.5319662e-01  -1.1842256e-01   1.1727470e-01   3.6307659e-01  -4.3050995e-01   2.6295555e-01  -2.0123604e-01   9.0380384e-01   2.8807570e-01  -5.8111991e-02   5.6114504e-04   3.9946161e-02  -5.1747045e-02  -1.9892591e-02   1.4910433e-01  -7.7534082e-02  -4.5354901e-01   2.7530722e-02   2.4992274e-01   2.6617812e-01   1.5193372e-01  -2.1958868e-01  -2.9611295e-01   1.8023223e-01   3.8267265e-02  -3.9725092e-02   3.4841699e-01  -2.0362160e-01  -3.3305399e-01   8.8219113e-02  -8.2482413e-02  -1.1512295e-01   1.8120228e-01   3.4171862e-01   5.6354050e-01   5.3106492e-02   2.7365947e-01  -2.7769958e-01   2.7620291e-01   1.7746274e-01  -5.3430556e-01   4.5937845e-01   4.4971961e-01  -1.9944692e-01   5.4255307e-01   1.2858621e-03   4.4743471e-01  -6.8275369e-02  -4.0680854e-01   5.6557177e-01   9.4096551e-02   1.2423733e-01  -5.8704233e-02   2.5534020e-01   5.0169394e-02   8.1884750e-02  -9.1350659e-03   1.6272237e-01  -2.6613396e-01  -1.4614122e-01  -1.2525387e-01   4.4636040e-01   5.1373371e-01  -8.2814793e-02   2.1641238e-02  -9.9713157e-02   1.7665752e-01  -1.2221595e-01  -2.8351091e-01  -2.7007082e-01  -2.0535596e-01
  -4.3094935e-01   0.0000000e+00   5.1892507e-01  -6.3615937e-02   2.5534353e-01  -2.2698308e-01   2.2633018e-02   2.8740940e-01   6.3233663e-01  -3.8681025e-02  -4.3838370e-01   7.3224441e-01  -4.0196685e-01  -4.6458598e-01  -5.1622448e-01  -3.5129716e-02   4.3741143e-01  -4.2353228e-01   1.5591463e-01   1.1099870e-01  -3.0236543e-01  -1.2427428e-01  -5.0803900e-01  -1.6638862e-01   8.4785090e-02   2.1896666e-01  -9.0264717e-03  -3.1804762e-01   1.2457234e-01   1.7674017e-01  -3.6442838e-01  -9.3748223e-02   1.7226425e-01   7.4779656e-02   5.6127118e-01  -2.7803492e-01  -3.2757781e-01  -4.3698822e-01  -4.0919506e-02   6.7043920e-01  -2.8882277e-01  -8.0832038e-02   6.8992652e-01  -1.2725393e-01  -1.1046536e-01  -5.4661571e-01  -4.2019737e-01   4.7966191e-01  -4.4655495e-01   7.2958004e-01  -5.7509026e-01   1.1364398e-01   6.1667251e-01  -3.2137358e-02  -3.5655250e-01  -5.6284264e-01   1.9606552e-01  -1.7663310e-01   8.1156752e-02   6.1634444e-01  -4.6177620e-01   1.3745147e-01   7.2415543e-01  -1.9363233e-01   2.7670046e-01   2.6261132e-01  -1.6949529e-01  -3.1497632e-02  -1.1443171e-01  -3.6175792e-01   8.4523545e-01  -3.3331583e-01  -7.9237400e-02  -9.2141611e-02   9.4100601e-02   9.9137963e-02  -4.3976584e-01   2.9048316e-01   2.8734457e-01   2.1514045e-01  -2.6354990e-01  -8.6572044e-02   3.2460886e-01  -4.6859448e-02  -5.4662624e-01   9.9354921e-02  -2.1083016e-01  -4.4470508e-01   5.8933844e-01  -2.1028261e-01   4.0193311e-01  -2.8000583e-01  -3.0512506e-02   2.3882233e-01  -4.4345721e-01   4.2358664e-01   2.2399918e-02   2.8173607e-01   1.1208778e-01  -3.1651749e-01   1.7480519e-01  -2.4698311e-01  -3.3013477e-01  -1.5631221e-01  -2.3246216e-01   4.6396549e-02   6.9788021e-02   2.1292279e-01  -3.7600857e-01  -4.8971429e-01   3.7924671e-01  -2.7697371e-01   2.6160212e-01  -5.0910355e-01  -4.7481713e-01   5.4573008e-01   1.2020435e-01   2.7847233e-02  -3.1438090e-01  -1.5280552e-01  -2.0337848e-01   5.3367734e-01   7.3057485e-01   1.8247830e-01  -3.0631658e-01  -2.6818915e-01  -6.6403723e-03   2.8596227e-01  -4.3656633e-02  -2.0117725e-01  -7.6097924e-02   3.1966605e-02  -1.3920017e-01  -5.8477745e-02   3.1327585e-01   1.0994674e-01   2.5483626e-01  -1.0055124e-01   5.4598496e-02  -4.4484858e-01  -4.5616226e-01  -2.6246374e-01  -1.9444420e-01   7.5231536e-02  -5.3429428e-01  -4.4921849e-01   3.4694585e-01  -4.5456740e-01  -4.9591480e-01   3.1063029e-01  -4.0983845e-01  -3.4545520e-01  -2.3376007e-01   2.0169736e-01   7.0561997e-01  -2.7423102e-01  -3.3834123e-01  -1.1397590e-01  -1.2366357e-01  -3.3591206e-01   2.0041945e-02   8.7005621e-03   2.8500444e-02  -3.6036261e-01   1.2119228e-01   5.6215797e-01   8.6893689e-02  -1.0957686e-01  -2.9245740e-01   4.6613914e-01   4.6804563e-01  -2.3492867e-01  -2.6895052e-01   5.0581412e-02   1.7363060e-01   4.3512667e-01   5.1814627e-02
  -3.8598884e-01   5.1892507e-01   0.0000000e+00  -8.5446109e-02   3.3340059e-02  -1.7900751e-01   1.0186276e-01   1.1120931e-01   3.4345364e-01  -1.3196144e-01  -4.0493892e-01   7.3032494e-01  -3.4872533e-01  -4.4128144e-01  -4.3917753e-01   6.6414559e-02   8.3550729e-01  -3.9473050e-01   9.8271750e-02   8.8582861e-02  -5.1158621e-01  -2.2739808e-01  -3.7182634e-01  -2.0638098e-01   9.3187571e-02  -2.8339925e-02  -3.5733821e-02  -1.9147076e-01   3.2565859e-02   2.8615695e-02  -4.0642808e-01  -2.3831270e-01   2.2176113e-01  -1.0110413e-01   2.8993097e-01  -2.2372279e-01  -5.6602600e-01  -2.3669560e-01  -4.9958029e-02   5.3871408e-01  -3.6242718e-01   8.8353907e-02   4.6516821e-01  -9.6296662e-02  -9.5414188e-02  -3.7905186e-01  -3.5334464e-01   9.7902451e-02  -3.1016267e-01   7.3819367e-01  -4.6615520e-01  -7.8338064e-02   2.2260875e-01   2.4811067e-01  -2.5413384e-01  -4.8018515e-01   1.3416632e-01  -2.9573244e-01  -3.8346694e-02   5.5616270e-01  -2.5014886e-01   1.2357233e-01   5.7737918e-01  -2.3849485e-01  -1.3428624e-03   2.2720343e-01  -8.1323608e-02   2.5927993e-01  -1.3468268e-01   1.4540791e-01   4.8541524e-01  -2.3433290e-01  -1.4947320e-01   7.9449477e-02   1.4581749e-01  -3.9289836e-02  -2.9643147e-01   1.2242483e-01   1.6781025e-01   4.7944856e-02  -1.1767230e-01  -1.8676613e-01   5.9865808e-02  -1.6115133e-01  -3.8651283e-01  -4.1124420e-02  -3.5539488e-01  -3.1324913e-01   4.5404301e-01  -2.2092343e-01   1.3738762e-02   2.2603160e-01   9.6061372e-02   1.7085042e-01  -2.4828270e-01   2.0839048e-01   3.9878237e-02   1.1384290e-01   2.6385474e-01  -3.6066670e-01  -9.9333582e-02  -3.0391173e-01  -4.1135742e-01  -2.8651308e-01  -3.8915560e-01  -7.5762123e-03   4.1021311e-01  -6.0706073e-02  -2.3457307e-01  -4.3867983e-01   2.5866998e-01  -3.1649940e-01   2.9701945e-01  -3.1103613e-01  -3.4422031e-01  -1.0406172e-01  -8.4184085e-02  -2.6472852e-01  -1.4607795e-01  -1.3885702e-01  -1.6674914e-01   3.1471038e-01   6.4578322e-01  -2.4537621e-02  -2.3285093e-01  -1.9827130e-01  -1.3182423e-01   1.8570665e-01  -2.4097798e-02  -5.6275909e-02  -1.9920255e-01  -3.1279810e-01  -2.9727451e-01  -8.1802782e-02   3.1361121e-01   1.3749285e-02   1.5978024e-01  -9.8409262e-02  -1.4222405e-01  -2.8130185e-01  -3.5481053e-01  -2.2991113e-01  -2.9848334e-01   3.0075970e-01  -3.8509968e-01  -5.0061092e-01   3.2412676e-01  -3.6771035e-01  -3.4661779e-01  -1.4729370e-01  -2.2884175e-01  -3.6088795e-01  -5.5052990e-02  -2.2072242e-02   7.6933220e-01  -1.6642107e-01  -1.9319445e-01  -2.1984897e-01   1.7208935e-01  -4.1513957e-01  -5.7012227e-02  -1.5417316e-01  -2.2138770e-01  -3.2841870e-01  -5.0608355e-03   1.5799029e-01  -3.8579259e-03  -2.2485404e-01  -1.8293143e-01   1.4304401e-01   1.8035326e-01  -1.3189091e-01   8.1145259e-02   1.8003334e-01   1.3704184e-01   2.4999986e-01   1.9390476e-02
  -9.0845684e-02  -6.3615937e-02  -8.5446109e-02   0.0000000e+00  -1.6917034e-01   5.2632666e-01   8.0425919e-02   3.7366263e-02  -1.7032657e-01  -3.2567528e-01   1.1012474e-01  -1.2322191e-01  -1.1102956e-01   3.4434920e-03  -1.2655166e-01   4.7542655e-01  -4.0127385e-02   2.0371011e-01   1.6512388e-01  -1.4750008e-02   2.2455486e-01   6.8195354e-01   4.0535997e-02  -1.9813683e-01   1.1116195e-01   1.7721819e-01   3.9767612e-01  -1.9254337e-01   5.4097995e-02   2.0587994e-01   4.0395018e-02   5.9430501e-01   3.2757267e-01  -1.3552807e-01  -1.1466120e-01   1.3508200e-01  -1.0136973e-01   6.2038089e-03   3.9603870e-01   1.8670503e-01   9.3985191e-02   2.1480346e-01  -3.4340018e-02  -9.7464477e-03  -1.4419532e-01   1.5341416e-01   4.1362891e-01   6.3120201e-03   2.2813468e-01  -1.2042724e-01   1.6093007e-01   1.4543480e-03  -1.3623009e-01   9.3652173e-02   1.2961197e-01   5.7780265e-02   3.8046195e-01   5.6211205e-01   3.9057298e-01  -2.1175205e-02   1.4001817e-01  -1.7485917e-01  -1.1092055e-01  -9.1531265e-02  -1.1794821e-01  -2.0726435e-01   5.7254870e-01   2.1492905e-01   4.1172716e-01   1.0356450e-01  -4.2450592e-02   4.4821593e-01  -1.4891691e-01   1.6816241e-01   3.0200296e-01   2.6208463e-01   1.1635350e-01   5.8968156e-02  -2.2695414e-01   4.5291291e-01   9.4653584e-02  -9.0527680e-02   6.9171361e-03   4.8574520e-02   8.6947611e-02   3.1126138e-01  -6.3236448e-02  -1.6605661e-01   2.7696583e-01  -7.5842760e-02  -4.2328387e-01   1.4834773e-01   1.8919612e-01   1.3034636e-01   3.6590486e-02  -2.4540625e-01   2.8364960e-01   1.2535047e-01   1.2032641e-01   2.6141650e-02  -4.7491668e-02   1.7030729e-02   3.3198240e-01   2.9852954e-01   4.9203076e-01   5.7412565e-01   1.5156237e-01   3.4600525e-01  -1.8757119e-01   2.4133132e-01  -6.6093754e-02   4.5735748e-01   6.0654038e-01  -9.8955913e-02  -1.3639334e-01  -1.3693664e-01   1.8131295e-01   1.8690893e-02  -4.7019874e-02   5.6597708e-01  -5.7065847e-02  -3.2033676e-01   2.2308160e-02  -1.3887917e-01   8.2156358e-02   7.7227987e-03  -5.9715329e-02   3.1927751e-01   5.6780314e-01   1.3242352e-01   2.1747254e-01  -5.2413233e-02   3.1205421e-01   1.2757633e-01   3.4063353e-01   1.5331071e-01   3.0803675e-01  -4.5803936e-02   1.6099956e-01  -5.8966021e-02   3.2124280e-02  -3.5494391e-01   2.9620262e-01   9.5833232e-02   7.5171875e-02   1.2543366e-01  -1.2162383e-01  -2.7467512e-01   2.3728940e-01  -1.2312203e-01  -1.2531608e-02   1.3500033e-02   2.4091740e-02  -1.6615776e-02   1.1517800e-01  -1.7899253e-01   1.1056025e-01   3.0199981e-01   2.5254052e-01   1.9203768e-01   1.3191487e-01   3.1714331e-01  -2.5496146e-01   5.0480214e-01   3.9462411e-01  -4.7362680e-02  -1.5706215e-01  -2.4498178e-02   2.9227109e-02   9.4091854e-02  -2.8907279e-01  -9.3451268e-02   4.8522818e-02   4.0456507e-01   4.2497445e-01   8.4224638e-02   6.7991699e-01
   9.9692345e-02   2.5534353e-01   3.3340059e-02  -1.6917034e-01   0.0000000e+00  -5.1446765e-02  -2.1864958e-01   1.7710362e-01   3.1688490e-01   1.9609549e-02   2.4891526e-01  -1.8244270e-02   2.9187096e-01  -9.9331984e-02  -2.1569997e-01  -1.0531120e-01   3.6211681e-02   1.8082133e-01   6.3296312e-02   8.4456647e-01  -1.4913708e-01  -3.3779722e-02  -2.8376022e-01   6.9400851e-02  -1.6666056e-01   2.0099832e-01   2.9033283e-01  -1.5989205e-01   1.3452982e-01   2.5578453e-01  -1.2561020e-01  -1.5502250e-01  -8.8816668e-03   3.4211880e-01  -1.5476667e-01   5.7756781e-01  -1.1017274e-01  -2.3565857e-01   1.8996643e-01   1.8009560e-01   3.7091554e-01  -1.4930521e-01   2.8415046e-01  -9.1906458e-02   2.8352740e-01  -3.1533295e-01   1.4590630e-01   1.2434575e-01   5.1405552e-02   3.1109445e-01   2.1959862e-03   2.8897384e-01   4.6079182e-01  -2.6173634e-01  -2.7263612e-01  -2.1853844e-01   1.4621510e-01  -2.1098040e-01   1.2162202e-01  -5.8269180e-03  -2.2271889e-01   4.6723343e-01   3.2228598e-01  -6.0491857e-02   3.5625788e-01   3.3884872e-01  -7.0604496e-02  -1.5725821e-01   4.6738682e-02  -3.2062282e-01   1.0804094e-01  -1.8648655e-01   2.2820223e-01  -4.3823152e-01  -2.1719549e-02   1.4788859e-01  -1.6181135e-01   1.3318635e-01   7.4223495e-01   1.1449451e-01  -2.4248937e-01   2.6202755e-01  -3.8251593e-02   6.3899930e-02  -3.1167158e-01   3.0757532e-02  -2.7896576e-01  -4.6221621e-02  -7.8672547e-02   1.4878837e-02   5.2450216e-01  -4.0281433e-01   2.6452526e-01   1.0566316e-01  -2.0738295e-01   6.7586112e-01  -1.1496821e-01   6.7812327e-02   3.5643781e-01   1.4964990e-02  -2.3190194e-01  -1.5273611e-01  -1.4631902e-01  -2.6866671e-01  -1.2349882e-01  -7.0130736e-02  -2.5437154e-01   2.6843839e-01  -6.3546981e-02   2.3674255e-02  -9.6596066e-02  -1.2193849e-01  -2.0033394e-01   1.4349041e-01  -4.3080298e-01   5.7502967e-01   9.1776578e-02   3.1071163e-01  -4.0415816e-01  -3.6779659e-03  -2.5421971e-01   6.7774027e-01  -1.6313035e-02   4.4788543e-01  -3.1221902e-01  -3.3988868e-01   3.0334527e-01  -5.2241952e-02  -2.0605481e-01  -2.5644927e-01   2.9281139e-01   3.8177234e-01  -1.8544317e-01  -1.3882672e-01   5.3038815e-02   1.9061084e-01   2.4535103e-02  -2.3259299e-01   1.2140494e-01  -2.6494091e-01  -1.6736515e-01   1.1068688e-01  -1.1905831e-01  -2.7827916e-01  -3.4485477e-01  -1.4828412e-01  -2.9030919e-01   4.1432726e-01  -4.3177491e-02   1.7469550e-02  -3.3298661e-01  -2.7884220e-01  -2.0882377e-01   3.0833036e-01   1.5531658e-01  -4.5201126e-02  -3.2821129e-01   7.5184517e-02  -3.1750503e-01  -1.3516093e-01   1.2270012e-02   7.3853264e-02   3.2097827e-01  -1.7925623e-01   2.8880448e-02   3.8288266e-01   1.2005852e-01   7.6637648e-02  -2.0921974e-01   3.2331360e-01   5.9805813e-01  -3.3604672e-01   1.2435293e-01  -3.0979688e-02  -1.1311400e-01   4.4157423e-02  -4.8422975e-02
   8.3340561e-02  -2.2698308e-01  -1.7900751e-01   5.2632666e-01  -5.1446765e-02   0.0000000e+00   1.8489688e-01   3.7834068e-02  -3.8120165e-01  -7.5730669e-02   3.2328472e-01  -2.8189610e-01   9.0210479e-02   1.7828322e-01  -5.4509419e-02   3.2428109e-01  -1.8250156e-01   3.4716329e-01   1.7572712e-01   1.6048474e-01   3.3679327e-01   5.6705871e-01   1.8197404e-02  -2.3278172e-02   8.8013651e-02   2.6234936e-01   5.2566055e-01  -1.1643008e-03  -1.9927616e-02   3.4177311e-01   2.0371788e-02   4.0105625e-01   2.2341591e-01  -1.0420088e-01  -4.3815620e-01   3.5515914e-01   1.2915084e-01  -2.6848782e-02   4.1561939e-01   7.4917631e-03   2.2685420e-01   2.4574425e-01  -1.5657575e-01   1.1217787e-02   7.4861747e-02   2.3120944e-01   7.0157724e-01   1.0459669e-01   3.8138786e-01  -3.5496342e-01   3.4906224e-01   1.5405087e-01  -3.5421194e-01   1.5937441e-02   9.4902944e-02   3.3881498e-01   3.3371562e-01   5.0515265e-01   3.9851732e-01  -1.9601514e-01   1.6355985e-01  -2.1005585e-01  -3.0511369e-01  -1.9149887e-01  -2.0245683e-01  -4.3597320e-02   9.1070261e-01  -8.2552644e-02   6.2771016e-01   2.3179907e-01  -2.3375994e-01   5.8461918e-01  -1.0748715e-01   4.6070538e-01   8.2514669e-02   2.0776221e-01   1.5621508e-02   3.8203884e-02  -2.5852980e-01   3.3973645e-01   7.4273795e-02  -3.6207672e-02  -1.9279903e-01   2.1828525e-01   3.0178840e-01   2.2033559e-01  -1.2399970e-01   2.5348593e-02  -6.2096241e-02   6.4244964e-02  -3.9764153e-01   7.0971324e-02   4.8217157e-01   1.5094575e-01  -1.0201456e-01  -1.4795594e-01   2.3833835e-01   5.1401823e-02  -8.2210356e-03   4.2084113e-01  -1.5197195e-01   1.2387394e-01   5.2673223e-01   4.0882307e-01   6.0533200e-01   4.1120499e-01   8.9674733e-02   4.8988972e-01  -2.0493075e-01   6.7322447e-01  -2.2806498e-01   7.0706507e-01   3.8963351e-01   8.1297945e-02  -1.5710296e-02  -1.8794242e-01   3.0427775e-01  -3.5569453e-02  -6.5618084e-02   5.5373497e-01  -1.6995250e-01  -3.3263974e-01  -2.7377819e-01  -1.5061910e-01   1.2963489e-01   1.5252745e-01  -5.3700554e-03   2.0579637e-01   5.1228405e-01   2.0518882e-01   1.8405763e-01   2.8258280e-02   4.6280373e-01  -8.2159187e-02  -6.8630706e-02   1.5006659e-01   3.1277117e-01  -2.7542958e-01   1.5127203e-01  -1.2825812e-01   2.1577090e-02  -1.4253205e-01   5.1545298e-01   3.7675696e-01   1.1956476e-01   3.1420954e-01  -3.1960883e-01   5.0435876e-02   6.5013866e-01  -3.9241279e-02   2.0542708e-01   7.1606323e-02  -4.8954415e-02  -1.0750745e-01   6.0336660e-02  -1.0371156e-01   5.3749150e-02   4.0183924e-01   3.0416870e-02   4.6367798e-01   3.3258167e-01   3.3500290e-01  -3.1577423e-02   7.5260886e-01   3.5810247e-01  -1.6077538e-01  -2.0838635e-01   9.0559769e-02  -1.5326546e-02   2.3378322e-01  -3.2313436e-01  -2.6435633e-01   1.6974730e-01   6.9984176e-01   2.0066491e-01  -2.2303805e-02   4.2387791e-01
  -2.0226678e-01   2.2633018e-02   1.0186276e-01   8.0425919e-02  -2.1864958e-01   1.8489688e-01   0.0000000e+00  -3.3992917e-02  -4.3517704e-02   5.3708557e-01  -7.6865775e-02   4.2260124e-01  -2.4746845e-01  -2.5940156e-01   2.0234652e-01  -1.3774919e-02  -1.5721466e-01   8.6105224e-02  -7.1469811e-03  -3.4389431e-02   4.7407463e-02   1.0336406e-01   2.6022550e-01  -3.3838419e-01  -2.0866034e-02  -9.1117787e-02   1.1939795e-01   9.0582311e-02  -9.5782818e-03   1.0137062e-01  -1.7741613e-01  -1.2080379e-01  -1.5364074e-01   4.7315316e-01   3.4126773e-01   9.0787772e-03   8.5402140e-02  -2.9425837e-01  -8.5612619e-02   3.8640470e-01  -1.0793660e-01  -1.5008837e-01   2.0857945e-01  -8.1835631e-02   2.4433386e-01  -2.1989193e-01  -9.2795771e-02   5.7720009e-01  -1.6242742e-01  -1.2615158e-01   1.7478521e-02  -1.8026694e-01   6.1067738e-02  -1.9930779e-01  -2.2151312e-01   1.6027317e-01  -4.0673256e-02  -6.8266463e-02   1.2652221e-01   3.7062463e-01  -1.7692666e-01  -1.6961015e-02  -9.1901017e-02  -1.3508577e-01  -1.5728406e-01   6.3778095e-01   1.8312971e-01  -1.5977292e-01   2.7682745e-02   3.7496843e-01   1.6114819e-01   2.0655967e-03   5.9427599e-02   1.5685826e-01  -2.5482487e-01  -3.0081397e-02  -2.4929601e-01  -2.2610035e-02  -2.5057643e-01  -1.7832350e-01   6.4902122e-01   1.6104620e-02   1.1353257e-01  -1.1776064e-01  -1.9899453e-01  -7.6481586e-02  -1.8396325e-02  -3.5696951e-01  -1.2341333e-02  -3.0685077e-01  -3.2417382e-01  -1.7155347e-01   4.6578835e-01   3.7324868e-01  -2.7933538e-01  -2.6817963e-01  -1.3387272e-01   5.4029745e-03   3.4781465e-02   3.0909966e-01  -2.6806172e-02   1.9276235e-01  -2.7685513e-02   1.0632805e-01   5.5905419e-02   1.2864302e-02  -1.0892440e-01  -8.2262921e-02  -9.2123501e-02   1.9895578e-01   5.7093414e-01   7.6170826e-02   4.7223489e-02  -1.7114737e-01   1.0865298e-01  -1.3951070e-01   1.1028797e-01  -1.4601742e-02   5.4638578e-02   4.7278886e-02  -4.0341976e-01  -1.9709538e-01  -4.6231934e-02  -2.5662638e-01  -3.3469457e-01  -5.2575206e-02  -4.0545726e-02  -1.5192685e-01   3.2911751e-02   8.5435151e-02  -9.8090308e-02   3.9632184e-01  -3.1618952e-02   7.4941817e-02   8.4074178e-03   7.3286340e-02  -1.0633761e-01   1.3940475e-01  -8.0792498e-02  -1.9835783e-01  -2.3574341e-01  -1.6844136e-01   3.7680086e-02   7.3887391e-01   9.8083405e-02  -5.0041522e-02   5.9386818e-01  -2.2052670e-01   3.6893470e-01   4.5258204e-01  -1.5815945e-01   1.8783719e-01  -3.3519281e-01  -1.1812003e-01   3.3156203e-01  -3.2595605e-01  -3.0054573e-01   8.1634432e-02  -2.5654327e-01  -9.5561587e-03   2.6054136e-01  -8.4798531e-02   1.9807024e-01   1.0507472e-01  -4.2887142e-02   3.3493781e-01   4.4567444e-01  -1.8799299e-01  -3.5904350e-01   2.7010189e-01  -7.1341162e-03  -2.5282369e-01  -1.2961921e-01   3.3830900e-01  -5.7837867e-02  -1.6415908e-01   4.6637775e-02
  -3.8006132e-02   2.8740940e-01   1.1120931e-01   3.7366263e-02   1.7710362e-01   3.7834068e-02  -3.3992917e-02   0.0000000e+00   1.5395342e-01  -1.3927136e-01  -2.1475233e-01   2.5611558e-01  -3.7580565e-02  -2.2885809e-02  -1.9875041e-01   1.1195644e-01  -1.0604112e-01  -2.0989769e-01   5.1995910e-01   1.5370657e-01   6.7553207e-02   2.0981737e-01  -1.7558308e-01   3.5198070e-02  -8.6584481e-02   7.1975670e-01  -3.6178266e-02   1.1883943e-01   1.4589723e-02   6.0662100e-02   2.0891831e-02   1.2343286e-01   1.8326653e-01  -4.9114154e-02   2.4458828e-01  -9.3253510e-02  -2.2626844e-01  -4.4730198e-01   2.4580942e-01   2.3600978e-01  -4.3271035e-02   4.6937092e-02   2.8351811e-01   3.9679531e-01  -2.1083330e-01  -3.3589209e-01  -2.0096417e-01   1.4855583e-01  -5.9765701e-02   1.7233275e-01  -3.6479591e-01   6.7063879e-01   6.4694835e-02  -8.6962598e-02   2.5623719e-02  -1.5578247e-02   4.2331881e-01   4.4851076e-02  -2.9849510e-03   3.1526772e-01  -4.7196048e-01  -6.4607789e-02   1.7613089e-01   1.4331524e-01   3.6278491e-02   6.0960558e-02   1.4683981e-02  -2.9652211e-01  -1.4438731e-01  -2.7011279e-01   2.2381657e-01  -1.9069070e-01  -8.9452600e-02   5.6198615e-02  -6.5240887e-02   5.2737391e-01  -5.0425575e-01   5.2683868e-01   9.3727317e-02   1.0858537e-01   1.8813279e-02  -1.6535956e-01   1.2590201e-01   5.7423243e-01  -2.5461997e-01   3.5092279e-01   3.2171786e-02  -1.4496212e-01   1.2558397e-01  -1.3306309e-01   1.9624281e-01  -4.0663663e-01   2.1296960e-02   2.2375465e-01  -4.9987244e-01   2.3722270e-01  -1.1696309e-01   5.7674437e-01  -4.9136180e-02  -1.2909752e-01   8.7202942e-02   9.4823839e-02   4.5044617e-02   6.2297868e-02  -9.9345829e-02   2.8286833e-01  -1.1057642e-01   5.8539148e-01  -2.4153118e-01  -2.3371249e-01   1.7350872e-01  -1.6143705e-01   6.2562930e-02  -7.8819608e-02  -2.0490488e-01   3.0716718e-01   5.2844074e-01   2.9786514e-02  -1.4415294e-01  -3.5149346e-02  -2.9973833e-01   2.4376594e-01   2.8328368e-01   7.1483281e-02  -2.5100884e-01  -1.5433483e-01   4.4011673e-02   1.6541392e-01   1.1733455e-01  -2.1187326e-01   2.9122673e-02  -4.3914179e-03   1.4317514e-01  -1.9474975e-02   2.2923636e-01   7.3746745e-01   2.2370617e-01   9.0654612e-03   5.5352619e-01  -3.8460828e-01  -3.5642524e-01  -1.2702924e-02   7.9471804e-02  -1.3819186e-01  -1.0091217e-01  -1.1713629e-03   3.4477004e-02  -1.5756407e-01  -2.0878276e-01   2.2566860e-01  -1.4465033e-01   1.7011060e-01  -2.2347307e-01   5.1193317e-02   1.6378064e-01  -1.9812964e-01  -3.3073106e-01  -1.1318356e-01  -3.3522611e-01   4.4350142e-02   4.0239000e-02   2.6037985e-01  -1.2535590e-01  -1.7605904e-01   5.9655462e-02   3.0548780e-01  -3.0505480e-02   3.2550073e-01  -3.1850011e-01   2.0178783e-01   1.9412230e-01  -4.3043026e-01  -2.4416979e-01  -5.3076851e-02  -1.2704984e-01   2.1742372e-01   1.4628470e-01
  -3.2529571e-01   6.3233663e-01   3.4345364e-01  -1.7032657e-01   3.1688490e-01  -3.8120165e-01  -4.3517704e-02   1.5395342e-01   0.0000000e+00  -1.6012568e-01  -1.5937153e-01   4.2553886e-01  -3.3907595e-01  -4.4944810e-01  -4.1378419e-01  -6.8704183e-02   3.5416345e-01  -5.9532396e-02   1.7167913e-02   1.3160659e-01  -4.3557254e-01  -1.7916211e-01  -5.4556483e-01  -1.8093776e-01  -1.3614864e-01   1.4135943e-01  -4.5661765e-02  -3.2941073e-01  -2.9010135e-02   4.7677717e-01  -3.0473339e-01  -1.8609052e-01   1.1644947e-01   1.9789003e-01   3.0208547e-01  -1.0396316e-01  -3.9700005e-01  -2.4516757e-01   5.2165043e-02   3.0387903e-01  -1.5965761e-01  -1.5276060e-01   5.8345343e-01   1.8687675e-01   1.7700128e-01  -3.4601933e-01  -3.6507781e-01   3.5437194e-01  -4.3126676e-01   5.1268268e-01  -3.7265484e-01   1.2617602e-01   7.7373290e-01  -9.6531106e-02  -3.5353589e-01  -4.8007733e-01   1.2181208e-01  -2.9030444e-01   1.3934239e-01   6.3955212e-01  -2.2501457e-01   3.8991019e-01   7.9151135e-01   2.0971715e-01   6.8203223e-01   2.0494492e-01  -3.2989413e-01   1.6547207e-01  -2.2768193e-01  -3.1200917e-01   4.7611826e-01  -4.4007380e-01   1.4789095e-01  -2.1537568e-01  -1.3226434e-01   9.0852630e-02  -2.0210999e-01   2.2491245e-01   5.9800526e-01   1.2416875e-01  -2.3883071e-01   5.1575641e-02   2.0567746e-01  -7.9167115e-02  -4.7114692e-01   6.3422167e-02  -2.6007769e-01  -3.9132230e-01   4.4295995e-01  -8.6351219e-02   4.4161683e-01  -1.8520108e-01  -1.6727288e-01   4.7881488e-01  -1.5441446e-01   1.6524502e-01  -1.2104767e-01   1.1863715e-01   3.0369024e-01  -2.1878039e-01  -2.2502729e-02  -1.0824492e-01  -3.5281192e-01   2.3341936e-02  -3.4313251e-01  -7.3550724e-02   6.7744373e-03   1.4761545e-01  -3.5676883e-01  -4.7044427e-01   1.1468962e-01  -3.3471556e-01  -2.1784332e-02  -3.0450585e-01  -4.5813600e-01   4.3930718e-01  -3.1053208e-02   1.1328156e-01  -2.3820367e-01  -1.4426329e-01  -2.2440748e-02   5.2522494e-01   3.5642629e-01   7.1744971e-01  -2.1781938e-01  -2.5854685e-01   4.7490816e-01  -5.3628507e-02  -1.3410725e-01  -1.6731046e-01  -2.7527699e-02   7.6551353e-02  -3.0197411e-01   7.3198235e-02   2.5778725e-01   4.6709070e-02  -3.9315242e-02  -7.6131888e-02   7.8092433e-02  -3.9485532e-01  -3.2958036e-01  -2.0153294e-01  -2.9239073e-01  -1.4761339e-01  -4.8432888e-01  -3.2511346e-01   1.1981469e-01  -6.6242449e-02  -4.7224795e-01   1.7589831e-01  -3.8868051e-01  -2.8690391e-01  -8.3059597e-02   3.4168168e-01   4.9523549e-01  -2.0205417e-01  -1.6096843e-01  -3.2454891e-02  -5.5433926e-02  -2.6912620e-01   1.6084204e-02   6.1696802e-03   1.5737241e-03  -4.4848259e-01   6.3791952e-02   4.4881837e-01  -9.3234775e-04  -1.9950829e-01  -1.3787065e-01   2.5022994e-01   5.1935491e-01  -9.8323552e-02  -1.2328526e-01  -8.9080208e-02  -6.6361956e-02   2.3026179e-01  -4.2238319e-02
  -6.3839819e-02  -3.8681025e-02  -1.3196144e-01  -3.2567528e-01   1.9609549e-02  -7.5730669e-02   5.3708557e-01  -1.3927136e-01  -1.6012568e-01   0.0000000e+00   1.6176591e-02   1.9128979e-01   1.2106358e-01  -9.7903480e-02   2.4406547e-01  -2.6256897e-01  -2.5824785e-01  -4.4598659e-02  -1.7338595e-01   8.6632305e-02   5.2037776e-02  -7.7615744e-02   2.4325971e-01  -1.5155728e-01  -5.3504567e-03  -1.4174391e-01  -1.1754646e-02   1.3794845e-01   1.1653793e-01  -1.8231222e-01  -8.6956634e-02  -3.0046216e-01  -4.1679747e-01   5.1096118e-01   1.9340796e-01   6.8462938e-02   4.5870735e-01  -1.8276222e-01  -2.3323173e-01   1.6033404e-01  -5.9557996e-02  -3.3112776e-01   4.8893755e-02  -2.5200158e-01   1.0337210e-01  -1.6121460e-01  -1.1133031e-01   3.7655663e-01  -1.6055545e-01  -1.4340092e-01   5.9504921e-03  -1.0727771e-01   4.7110045e-02  -4.2355736e-01  -3.3147156e-01   1.9310387e-02  -2.8622151e-01  -2.6683295e-01  -1.8808798e-01  -5.8687890e-02  -1.2739493e-01  -4.5046157e-02  -2.1565964e-01  -2.0618814e-01  -2.5157857e-01   5.8998760e-01  -1.3772659e-01  -2.1203010e-01  -4.2089496e-02   1.7066058e-01   7.9540294e-02  -2.1517224e-01   8.6535850e-02  -1.7798611e-01  -1.8912034e-01  -1.5366914e-01  -1.2354106e-01  -4.8352646e-03  -1.5205909e-01  -3.1077814e-01   4.3529448e-01   2.4958236e-01   9.8488481e-02  -1.6155036e-01  -2.1256615e-01  -2.3757571e-01   5.4799844e-02  -1.3312128e-01  -2.5290760e-01  -2.7157465e-01   1.2421692e-01  -2.6341603e-01   3.1547427e-01  -3.9470047e-02  -1.8473426e-01   1.7841321e-01  -2.5797324e-01  -1.5983627e-01  -1.9603102e-01   8.4372976e-02   1.7435652e-02   4.2917847e-02  -1.3904689e-01  -2.2206978e-01  -1.8772275e-01  -1.5318811e-01  -3.9513756e-01  -1.8588404e-01   2.1768139e-01   2.0204920e-01   3.9292364e-01  -1.3978788e-01  -3.4151776e-01  -1.0911686e-01   2.0409151e-01   3.9810821e-02  -3.8116194e-02   3.3104226e-02   5.3249675e-02  -2.7676670e-01  -3.2539450e-01   7.4484897e-02  -1.8898130e-01  -2.8443824e-01  -3.1262640e-01  -1.6352077e-01  -2.8477476e-01  -2.1350777e-01  -2.0514604e-01  -1.3005674e-02  -5.1226485e-02   4.6504276e-01  -1.5643607e-01  -6.5339703e-02  -2.3824826e-01  -9.2559045e-02  -3.0891805e-01   1.7052733e-01  -1.8657906e-01   5.7127668e-03  -3.7756351e-02   1.3308844e-01  -9.4361376e-02   4.3507999e-01   2.3455018e-02  -1.7598770e-01   4.5328990e-01   9.7450597e-02   1.9652295e-01   2.8497851e-01  -1.9697295e-01   1.2004695e-01  -3.8580891e-01   1.3741741e-02   6.8766747e-05  -2.3500144e-01  -2.3639943e-01  -9.6464952e-02  -3.5032044e-01  -1.2750284e-01   1.7665799e-01  -1.4601724e-01   5.4539375e-01  -1.2431761e-01  -2.2438215e-01   1.5243821e-01   4.0883760e-01  -8.0322501e-02  -3.0027477e-01   5.0571876e-02   1.4095668e-01  -1.2915199e-01  -2.3663291e-01  -1.0670073e-02  -2.0323570e-01  -2.3503349e-01  -1.4568168e-01
   2.6998309e-01  -4.3838370e-01  -4.0493892e-01   1.1012474e-01   2.4891526e-01   3.2328472e-01  -7.6865775e-02  -2.1475233e-01  -1.5937153e-01   1.6176591e-02   0.0000000e+00  -5.2623998e-01   4.2170111e-01   1.1732055e-01   4.5204709e-01   1.7153231e-01  -1.9804947e-01   7.8892049e-01  -1.2547288e-01   2.7053263e-01   3.0290794e-01   2.0362997e-01   2.1169409e-01   1.0231083e-01  -3.6548756e-02  -5.3131659e-02   2.5303271e-01   5.9915188e-02   4.4212678e-02   1.3995238e-01   4.3405722e-01   1.3574031e-01  -2.5780666e-02   3.1394546e-01  -4.7551438e-01   6.8936859e-01   2.0896265e-01   2.7156664e-01   4.1042631e-01  -2.9683127e-01   5.2670074e-01   3.4691815e-02  -5.0401359e-01   2.7439708e-01   2.6890902e-01   4.3813020e-01   6.5147747e-01  -1.4089488e-01   2.4999733e-01  -2.9641769e-01   6.0182629e-01   1.2646469e-01   5.0738061e-02  -2.6943312e-01  -4.1690804e-02   4.3874161e-01  -5.7188645e-02   6.2799063e-02   4.3055176e-01  -4.8901223e-01   5.1649795e-01   4.5739730e-02  -3.6585125e-01   4.8720732e-01  -7.0196586e-02  -5.1704983e-02   3.1920843e-01  -3.7391132e-02   4.2544164e-01   6.2615543e-02  -3.5717374e-01   6.2506309e-02   4.9091428e-01  -1.7721303e-01  -9.3397013e-02   1.8058656e-01   5.3315553e-01   4.8895505e-02   1.0534405e-01   1.0509952e-01   1.0538600e-01   5.3139436e-01   1.6376138e-01   1.2151034e-02   2.9585112e-01   1.7067438e-01   6.7928525e-02   1.9309168e-01  -3.8985128e-01   2.9721827e-01  -5.0811473e-02   9.0883889e-02   3.2302127e-01  -2.4209903e-01   3.7891488e-01  -2.6871998e-02  -6.9261872e-02  -1.8549238e-01   9.3429965e-02   3.3799723e-01   2.4307039e-02   4.0614357e-01   1.1073815e-01   7.4296557e-02   2.2199995e-01   7.1630163e-02  -2.7194068e-01   1.7067057e-01   6.9191242e-03   5.7332215e-01  -1.5688567e-01   2.4882108e-01  -2.8725887e-01   3.1920182e-01   1.0186170e-01   5.9287886e-02   1.5480684e-01   5.1043843e-01   8.1874475e-02   1.6995775e-01   1.8523929e-01  -1.7849037e-01  -5.8992825e-01   2.6755508e-01   2.9336975e-01  -1.5112792e-01   1.5214059e-01  -2.8087779e-01   1.1549387e-02   1.7605401e-01   5.4988029e-01   5.1172842e-01   3.9882846e-02   2.5285468e-01  -3.8579173e-01  -3.9468912e-02   2.3874053e-02   9.0354586e-02   8.7801601e-02   7.0822622e-02   4.0635970e-01  -8.2839924e-02   5.1244077e-01  -1.8549032e-01   3.5851550e-01   4.4958777e-01  -3.2070243e-01   5.3598382e-01   4.1412505e-01  -7.2345358e-02   2.0020547e-01   5.7687582e-02   1.5861733e-01   4.5110396e-01  -3.5936991e-01   8.1526585e-02   2.7301538e-01   5.0003067e-01   1.7129144e-01   2.1400955e-01  -1.5961908e-01   5.0131393e-01   3.0788112e-01   2.9054228e-01   6.6437709e-02  -1.8280527e-01   2.7672544e-01   3.8295946e-02   2.6750535e-01   7.7931711e-02  -1.3355568e-01   8.8719532e-02   3.4532136e-02   1.4271041e-01  -4.4377779e-03  -2.0445270e-01   1.6269723e-01
  -4.8427667e-01   7.3224441e-01   7.3032494e-01  -1.2322191e-01  -1.8244270e-02  -2.8189610e-01   4.2260124e-01   2.5611558e-01   4.2553886e-01   1.9128979e-01  -5.2623998e-01   0.0000000e+00  -4.1075197e-01  -5.8726795e-01  -3.3758888e-01   1.0087585e-02   4.5820245e-01  -4.6280784e-01   1.5320000e-01  -2.1083785e-02  -3.8317728e-01  -1.7479977e-01  -2.8103907e-01  -3.5346280e-01   7.1336169e-02   9.0773667e-02  -1.9772725e-01  -1.7041279e-01   8.5827432e-02  -6.0434460e-02  -4.0645405e-01  -1.8467776e-01   1.2217830e-01   1.5449041e-01   6.7386182e-01  -3.7531708e-01  -4.3807726e-01  -4.6642401e-01  -1.0242584e-01   7.3939605e-01  -3.7175511e-01  -2.7200309e-02   6.8009946e-01  -1.2874865e-01  -1.2457817e-01  -5.8097467e-01  -5.6623372e-01   3.9026683e-01  -4.9046763e-01   6.8357005e-01  -5.9482075e-01   2.0508592e-02   4.1198419e-01  -3.4126396e-02  -4.0599637e-01  -4.3193318e-01   1.0714384e-01  -3.0555890e-01   2.1314191e-02   6.7989242e-01  -4.2530678e-01   1.2962190e-02   5.8594372e-01  -2.2456859e-01   9.5234888e-03   4.8344476e-01  -1.8783150e-01   1.3165768e-03  -1.6565798e-01  -1.1452182e-01   7.7133839e-01  -3.8826590e-01  -1.9645681e-02   2.6708852e-02   4.2813816e-02   4.6222224e-02  -4.7136508e-01   2.3348089e-01   8.3932201e-02   8.2808841e-02   9.2739582e-02  -4.9907632e-02   3.0930818e-01  -1.2048250e-01  -6.0237691e-01   2.1671364e-02  -2.4605797e-01  -5.5676297e-01   5.2205097e-01  -3.6859151e-01   7.2718025e-02  -1.2564181e-01   1.1548760e-01   2.3944530e-01  -4.5215226e-01   2.3340219e-01  -1.0114123e-01   2.0668942e-01   1.0312418e-01  -2.8544807e-01   7.5652587e-02  -1.5102717e-01  -4.7158051e-01  -2.8645277e-01  -3.6774187e-01   7.7500090e-02   1.4541934e-01   2.7669628e-02  -3.5439365e-01  -5.2237877e-01   6.6694029e-01  -4.1416408e-01   2.3417024e-01  -4.9450257e-01  -3.2121632e-01   1.7317012e-01   1.0669055e-01  -3.1503713e-02  -2.4322890e-01  -1.8227891e-01  -2.7992670e-01   3.7363798e-01   7.3681269e-01  -6.4865052e-02  -4.1386244e-01  -3.1716419e-01  -1.1846878e-01   2.0854065e-01  -1.1476238e-02  -2.8301489e-01  -1.4306388e-01   2.4185052e-02  -2.7782998e-01  -4.7649229e-02   3.2479186e-01   1.2504906e-01   2.0748451e-01  -1.8721399e-02  -3.3889175e-02  -4.1290205e-01  -5.2054964e-01  -2.5905053e-01  -2.6988339e-01   3.9935024e-01  -4.1203319e-01  -5.1330735e-01   7.0476053e-01  -5.9800269e-01  -4.2714158e-01   2.8278620e-01  -4.1662110e-01  -2.4916985e-01  -3.1128295e-01   3.4438806e-02   7.3706573e-01  -3.6951181e-01  -3.4954162e-01  -1.3627393e-01  -6.8866537e-02  -4.4755140e-01   7.4995392e-03  -1.2469536e-01  -5.7026168e-02  -3.7235737e-01  -6.0331393e-03   5.5681064e-01   2.7191572e-01  -2.4478192e-01  -3.9186330e-01   3.5085638e-01   3.0890955e-01  -2.2731888e-01  -2.9688080e-01   5.5828916e-02   1.0978765e-01   2.9132534e-01   3.4881801e-02
   1.4621960e-01  -4.0196685e-01  -3.4872533e-01  -1.1102956e-01   2.9187096e-01   9.0210479e-02  -2.4746845e-01  -3.7580565e-02  -3.3907595e-01   1.2106358e-01   4.2170111e-01  -4.1075197e-01   0.0000000e+00   8.0553349e-02   2.0075290e-01  -1.2414665e-01  -3.0150257e-01   2.0373937e-01   1.1612514e-02   2.2834566e-01   2.9833654e-01   7.2987349e-02   2.6610195e-01  -8.1998040e-02   6.4644139e-02  -2.6994907e-03   7.9039469e-02  -9.5240460e-02   1.5725341e-01  -2.7110610e-01   2.5566588e-01  -7.0634493e-03  -1.7560172e-01  -1.7726496e-02  -3.4244247e-01   3.4561316e-01   1.6053198e-01   2.5667253e-01   9.8295561e-02  -2.7290202e-01   6.2530819e-01  -1.1122145e-01  -3.9724447e-01  -2.8527689e-02  -4.6793725e-02   1.7499444e-01   3.4102166e-01  -3.2612253e-01   3.2746319e-01  -2.6501161e-01   2.2987233e-01   1.0886710e-01  -2.3466948e-01  -4.4451642e-01  -1.6776062e-01   1.7997521e-01  -5.0512440e-02  -2.0074717e-01  -2.7740510e-02  -4.9575526e-01   2.0496160e-01  -3.4365502e-02  -3.7479525e-01   7.5702612e-02  -2.5064425e-01  -5.3097013e-02   4.2396928e-02  -2.3872047e-01   3.4999902e-01  -4.3415464e-03  -3.3058178e-01  -5.3424051e-02   3.8004315e-01  -3.8231244e-01  -4.1684247e-03   2.8081250e-02   2.7606454e-01  -4.5413181e-02   7.7312329e-02  -1.4246441e-01  -4.5164073e-02   4.9119118e-01   5.0434069e-02  -5.9637956e-02   4.6591699e-02  -1.0465162e-01   5.9543265e-02   5.0654043e-02  -4.8976299e-01  -5.5507939e-02   1.6142848e-01  -3.5023792e-02   4.3185577e-03  -3.6066548e-01   2.7399133e-01   1.9843550e-01  -9.7355666e-02  -7.6540991e-02  -2.1615547e-01  -2.2724499e-03  -9.9111676e-02  -5.1873064e-02   1.2536482e-02  -2.4178749e-01   8.9640517e-02   8.4136301e-02  -3.7536477e-01   1.2688858e-01   1.9012573e-01   2.4787425e-01  -1.1464883e-01  -4.5476766e-02  -3.6304317e-01   2.1281470e-01   9.3360763e-02   3.3776253e-02   1.7755021e-02   3.9482411e-01   3.8103329e-02  -3.2171496e-02   1.1624762e-01   6.3055376e-02  -3.5477309e-01   3.4714924e-02   1.2268251e-01  -1.9604889e-01  -1.3794791e-02  -3.4126620e-01   1.2038876e-02  -1.0798447e-01   4.7137497e-01   2.2252367e-01  -1.6717891e-01   8.3440806e-02  -2.3081513e-01   5.1412993e-02  -8.0806550e-02   2.8615851e-03   2.0208641e-02   3.2660208e-01   2.2448814e-01   4.5962274e-01  -3.7691910e-02  -2.0325662e-01   1.0746045e-01   9.1646952e-02  -1.9181468e-01   3.9573043e-01   1.0528502e-01  -1.9016431e-01  -2.6462784e-02   3.7864220e-02  -1.0945577e-01   7.4855811e-02  -4.3186532e-01  -3.4439178e-02   1.7517167e-01   2.0551688e-01  -6.6626521e-02  -1.0164576e-02  -1.7280638e-02   1.5716657e-02   2.3675077e-01   6.9944685e-02   7.9360133e-03  -1.8114364e-01   1.8598713e-02  -4.6857352e-03  -3.1487603e-02  -1.7713422e-01  -2.6504155e-02   1.6665055e-01   2.3612199e-03  -2.2580736e-01  -1.3923635e-01  -2.4170231e-01   2.4343649e-03
   6.3509807e-01  -4.6458598e-01  -4.4128144e-01   3.4434920e-03  -9.9331984e-02   1.7828322e-01  -2.5940156e-01  -2.2885809e-02  -4.4944810e-01  -9.7903480e-02   1.1732055e-01  -5.8726795e-01   8.0553349e-02   0.0000000e+00   3.8909065e-01  -1.5184967e-01  -3.5477043e-01   1.2006263e-01   7.3540592e-02  -2.6368247e-02   2.3314049e-01   7.8602734e-02   2.5282505e-01   5.3246304e-01   5.9654374e-02   8.0541327e-02  -1.8845044e-02   6.4267184e-01  -2.2998893e-01   7.0081173e-02   3.4318652e-01   1.1543370e-01  -2.0975424e-01  -2.0783734e-01  -3.5049675e-01   1.1070862e-01   3.3513965e-01   1.9319257e-01  -1.0167268e-01  -5.8774547e-01   9.0167535e-02  -4.4627493e-02  -3.6814387e-01   1.0550304e-01   2.1094463e-02   3.6380665e-01   2.6747705e-01  -3.3424022e-01   4.1823000e-01  -4.7968704e-01   2.1002574e-01  -5.0030926e-02  -4.8023437e-01   1.8697922e-01   7.2512946e-01   4.3292474e-01   3.9169369e-03   3.4539148e-01  -1.4650341e-01  -3.9377001e-01   1.2009163e-01   1.7326666e-02  -3.9761711e-01   1.2463413e-01   4.8172782e-02  -2.5756217e-01   6.1607288e-02  -1.6367740e-01  -1.0943012e-01   1.2255991e-01  -5.9757582e-01   3.2872701e-01  -1.7871011e-01   2.6916062e-01  -6.5707781e-02  -9.5077223e-02   8.0034929e-02  -1.4266671e-01  -5.8409999e-02  -6.9761787e-02   6.0906896e-02  -2.0916297e-01  -4.3088694e-01   5.5769110e-01   7.0713667e-01  -8.7040517e-02   2.8185210e-01   7.4750713e-01  -3.6391635e-01   4.4694692e-01  -1.2281428e-01  -9.3125289e-02  -1.6604638e-01  -1.3184050e-01   6.9658393e-02  -7.7727595e-02   6.8051187e-03  -2.2125234e-02   5.1201230e-02   3.1582117e-01   8.5768292e-02   2.0448672e-01   6.7936129e-01   2.5946889e-01   1.6951089e-01  -1.4407211e-01  -9.6738471e-02  -9.8197738e-02   4.4593724e-01   3.3093282e-01  -5.4675773e-01   4.4667756e-01  -6.0395200e-02   5.5309190e-01   5.3066310e-01  -2.1163128e-01  -8.2233856e-02  -1.5875782e-01   3.4756357e-01   2.1454776e-02   6.1688858e-03  -1.6738789e-01  -3.9552171e-01  -5.4134072e-02   2.7338390e-01   6.5625470e-01   8.9057792e-02  -5.3319208e-02  -4.8684441e-02   2.8147221e-01  -2.3441067e-01  -2.5905951e-01   6.0816734e-01  -1.3272613e-01  -2.6992647e-01  -1.0850630e-02  -1.2329642e-01   9.6583915e-02   8.6832466e-02   2.8588362e-01   3.9156785e-01   1.3710647e-01   2.2575008e-01  -2.0496930e-01   5.4884081e-01   4.8032644e-01  -5.2219696e-01   3.7306702e-01   3.3132664e-01  -2.2868416e-01   6.2369523e-01   4.4414890e-01   2.4276656e-01  -1.8147225e-01  -5.2847649e-01   3.8954495e-01   5.2193075e-02  -5.3503733e-02  -1.9855348e-01   6.4661931e-01   1.4445813e-01   4.7000984e-03  -1.5057999e-01   3.4037213e-01  -1.3800535e-01  -2.7576808e-01  -2.7352150e-01   5.4266798e-01   3.0510651e-01  -3.5953969e-01  -1.1762779e-01  -5.0359994e-02   2.7745350e-01  -5.5253848e-02  -1.4877577e-01  -2.5609011e-01  -1.0751496e-01
