   0.0000000e+00  -4.4887319e-01  -4.8455794e-01   3.3586285e-02  -3.7258011e-01  -3.7872855e-01  -4.0550408e-01  -2.6353415e-01  -4.6902351e-02  -2.6195944e-01   9.8538201e-02  -5.3748354e-01  -2.4230355e-01   5.8934261e-01   4.6996424e-01  -1.6208419e-01  -5.1082283e-01  -7.5478842e-02  -1.1287910e-01  -4.2760390e-01  -8.4500536e-02  -8.6699401e-02  -4.0684340e-02   8.5809808e-01  -9.1059273e-02  -1.4741337e-01  -3.2133173e-01   7.5608388e-01  -1.2883059e-01  -3.0424525e-01   3.1103028e-01   9.7536272e-02  -4.8509740e-02  -4.3222351e-01  -7.7548269e-02  -3.0363249e-01  -2.5432263e-02   2.3063506e-01  -1.7553187e-01  -4.2594914e-01  -1.0253708e-01   7.2794676e-02  -4.3905126e-01   9.8278550e-02   8.9708991e-02  -2.0012145e-01  -1.7164832e-01  -2.3269799e-01  -1.8756357e-01  -4.6686252e-01   4.6031916e-02  -2.9258292e-02  -4.1633910e-01  -1.5076814e-01   4.2161340e-01   4.1282758e-01   1.7817453e-01   2.6093378e-01   1.1841045e-02  -3.4405816e-01  -3.7271188e-01  -1.0335685e-01  -1.7611919e-01   2.6461439e-01   2.3038542e-01  -3.7932966e-01  -5.8575813e-01  -2.8509582e-01  -1.4434561e-01  -2.0079375e-01  -4.4267985e-01   5.2100091e-02  -1.2819557e-01   4.4293200e-01  -2.1260151e-01   2.4381836e-01  -2.8431682e-01  -3.8629127e-02  -2.8147038e-01  -1.6770761e-01   4.5133802e-01  -3.5954923e-02  -3.2401631e-01  -7.6099914e-03   2.3404332e-01   2.1134115e-01  -8.3290837e-02   5.2840582e-01  -2.1902501e-01   9.2244265e-01  -1.0198358e-01  -2.3672542e-01  -4.9341946e-01  -1.7100807e-01  -6.1336671e-02  -3.3269948e-01  -2.8954073e-01  -5.8445454e-02  -2.6638219e-01   2.1326324e-01   3.2537845e-01   2.0150100e-01   1.4015279e-01  -1.4455246e-01   2.3157971e-01  -7.9911022e-02  -2.2825823e-01  -3.4939686e-01  -1.9291172e-01  -4.1616640e-01  -4.3762637e-01   1.0194711e-02  -3.0815409e-02   6.9554482e-01   6.1981362e-01   9.4381968e-02  -1.5519625e-01  -3.2572933e-01   1.5875628e-01   2.2535581e-01   2.7144047e-01  -4.3237022e-01  -4.5374184e-01   1.2904105e-01   4.3915397e-02   4.8782496e-01   2.3222596e-01  -1.5765985e-01   4.5327695e-02  -2.7016710e-01  -2.2372261e-01  -2.7189051e-01   1.4360727e-01  -2.7168456e-01  -9.8639424e-02   1.0928421e-01  -2.7812081e-01   4.4694459e-01   1.2319574e-01   7.5269524e-01   8.1811407e-01  -7.9253798e-02   2.8180842e-01  -2.8419617e-01   2.8949924e-01   5.7144248e-02  -2.9270908e-01  -1.0108793e-01  -2.2877495e-01   1.2337972e-01   7.3829634e-01  -1.5087654e-03   4.5903324e-01   6.0230472e-02  -5.3605634e-01   7.9864838e-01   1.1422596e-01   1.6271505e-01  -2.5774325e-01   1.8635583e-01  -9.5903940e-02  -1.3446883e-01  -3.3434194e-01  -1.7037868e-03  -1.1320811e-01  -1.2111558e-01  -8.6027703e-02   3.3037127e-01   4.7595582e-01  -1.1638809e-01  -2.0111878e-01   3.7482424e-01   3.1123872e-02  -4.2869117e-01  -7.8730415e-02  -1.2872885e-01  -4.7810039e-02
  -4.4887319e-01   0.0000000e+00   5.1313044e-01  -2.2905494e-01   5.0889118e-01  -9.1921365e-02   4.1202091e-01  -7.4144441e-02  -1.6564300e-01   2.6891391e-01  -5.8675189e-01   7.0928174e-01   2.9332664e-01  -6.1835343e-01  -5.9109956e-01  -6.3504578e-02   6.6009873e-01  -2.0845783e-01  -5.6887248e-02   4.8010844e-01  -2.8348160e-01  -4.3314396e-01  -3.4476414e-01  -4.2834453e-01  -7.4557828e-02  -1.0821690e-02   6.0831323e-01  -4.9354553e-01   2.0222443e-01   1.2222405e-01  -3.9208389e-01  -2.6826514e-01  -1.8977796e-02   3.4187153e-01  -2.4230166e-01   2.4876047e-01   1.7587044e-01   3.2755523e-02   4.0935186e-02   7.1668964e-01   1.1534128e-01  -8.9036302e-02   5.8939637e-01  -5.9211699e-01  -2.5366695e-02   6.7977342e-03  -2.9144387e-01   1.0881588e-01  -1.7066642e-01   7.3822925e-01  -4.5554746e-01  -1.1586202e-01   7.1555419e-01   5.0816586e-02  -5.3325731e-01  -6.1469916e-01  -4.0785073e-01  -5.0790607e-01  -1.8653434e-01   1.1236484e-01   1.5799508e-01   1.2252119e-01   2.1990490e-01   2.9023575e-02   1.7659331e-01   4.8998035e-01   3.1672287e-01   3.0727829e-01  -3.4614024e-01  -4.5960980e-02   5.5695433e-01  -4.7840651e-01   1.8124619e-01  -4.4102383e-01  -8.5948010e-02  -4.1628590e-01   2.5375696e-01  -2.2018853e-01   7.2285452e-01   1.6025490e-01  -5.6949694e-01   8.7441775e-02   5.2505069e-01  -1.9751918e-01  -2.4513926e-01  -2.1346461e-01  -1.4597052e-01  -5.4164668e-01   5.4060134e-01  -3.2169997e-01   4.9791495e-01   2.8416543e-02   6.7849191e-01   1.8188160e-01   2.7909209e-02   5.8429722e-01   1.9616385e-01  -1.1382184e-02   5.1847689e-01  -1.3834231e-01  -4.6886939e-01  -4.8213574e-01  -5.4280051e-01   6.9718688e-02  -4.7826512e-01  -1.6050794e-01   1.4576661e-01   2.9392353e-02   2.0611017e-01   5.8270193e-01   3.7719822e-01  -4.1766824e-01  -3.7405115e-01  -3.2902438e-01  -5.1976684e-01   4.6155644e-01  -1.0836541e-01   3.4927138e-01  -5.2359965e-01  -3.7281463e-01  -1.5564686e-01   5.1730529e-01   5.1169066e-01  -1.5399492e-01  -8.0676574e-02  -3.2685269e-01  -4.0602037e-01   8.4469450e-02  -3.3256157e-01   8.5634159e-02   2.0258987e-01   1.8365673e-01   2.1183909e-02  -2.8408074e-01  -3.7482594e-02  -1.9856902e-01   2.6126094e-01  -6.0566772e-01  -1.6837788e-01  -1.8836643e-01  -4.2002978e-01   1.1111108e-01  -5.0451592e-01  -1.9533674e-01  -6.6660518e-01  -3.7184969e-01   1.6167007e-01   4.5483995e-01   7.7543218e-02   2.0464172e-02  -4.6828876e-01  -5.3048394e-01  -2.1271701e-01   2.3649294e-01   7.9052867e-01  -3.2991165e-01  -7.0709958e-02  -2.1134188e-01   1.9373241e-01  -5.3842277e-01   1.2104340e-01  -3.1856450e-01   3.7195973e-01  -3.0575466e-01  -8.0387149e-02   3.4334408e-01   3.0840021e-01  -3.3355462e-01  -2.7615696e-01   5.9059195e-01   7.1253527e-01  -9.2507279e-02  -2.3500764e-01   6.6707236e-02   7.5461920e-02   8.3450865e-02  -2.3437330e-01
  -4.8455794e-01   5.1313044e-01   0.0000000e+00  -7.9128368e-02   2.1855229e-01   4.1369057e-01   2.2623286e-01  -6.2498944e-02  -1.2078050e-01   2.7932467e-01  -4.4312570e-01   5.5737918e-01   1.9536244e-01  -4.5003645e-01  -1.9455358e-01   1.0341163e-01   9.2613254e-01  -3.3928167e-01   1.6279397e-01   2.8104333e-01  -3.9667229e-01  -3.7479146e-01  -3.7778257e-01  -4.1086762e-01   2.4317519e-01  -1.6540162e-01   3.5850364e-01  -3.5355597e-01   1.7154263e-01  -1.6177245e-01  -1.3638892e-01  -3.2672055e-01   3.2068269e-01   2.9504133e-01  -3.9955317e-02   9.7750396e-02  -2.7140548e-01   1.0659956e-01  -6.3918646e-02   6.9994260e-01   3.2716129e-02   3.1506677e-01   3.5931414e-01  -2.8463175e-01  -4.3615087e-01   2.0122664e-01  -2.1166919e-01   1.0215087e-01  -2.1892476e-01   7.9441995e-01  -4.2417662e-01  -2.4520104e-01   2.9544151e-01   5.9693313e-01  -3.4533821e-01  -2.6424615e-01  -1.9067640e-01  -4.7585413e-01  -2.7069686e-01  -2.0874702e-01   5.2648486e-01  -5.6868003e-02   2.1666889e-01  -2.5710907e-01  -2.2334612e-01   2.1583609e-01   5.4160271e-01   1.2474875e-01  -3.0741780e-01   5.0663990e-01   5.9318356e-01  -4.5926554e-01  -2.8032218e-02  -1.1115622e-01   1.2230741e-01  -1.9769570e-01   5.1447878e-01  -2.7794273e-01   2.7519352e-01   2.0196223e-01  -1.7468559e-01  -6.7981139e-02   4.1721153e-01  -2.4621275e-01   2.2651609e-01  -8.8567016e-02  -7.9881654e-02  -3.7679333e-01   2.3290246e-01  -4.2682574e-01   2.4581623e-02   6.5910481e-01   5.7584163e-01  -1.3893374e-01   1.8032736e-01   4.2999149e-01   1.4417021e-01  -5.0877851e-02   1.2309541e-01  -1.6016274e-01   1.5481705e-02  -3.0710620e-01  -3.8254666e-01  -1.7117008e-01  -6.3119018e-01  -1.4008785e-01   7.1789998e-01  -1.2107761e-01  -9.8258245e-02   3.7227169e-01   5.6019941e-01  -4.6538855e-01  -1.9700908e-01  -2.2638380e-01  -2.0357703e-01  -2.9741968e-02  -1.6208648e-01   1.7818385e-01  -5.1715972e-02  -3.1499236e-01   7.0801314e-03   2.1272876e-01   4.3274053e-01  -4.0810266e-02   7.9982360e-02  -3.5452339e-01  -1.0324011e-01   2.4473769e-01  -3.1120813e-01   5.2697494e-01   5.5739328e-02  -4.5179968e-04   1.3774541e-01  -1.3431127e-01   1.2146582e-02  -2.5455307e-02   3.8314857e-01  -2.3237917e-01  -1.2116513e-01  -3.3708797e-01  -3.7232637e-01   5.4445641e-02  -4.6298471e-01   4.4357570e-01  -3.7584556e-01  -2.4023079e-01   5.3500740e-01  -9.3788534e-02  -8.7082988e-02  -2.0253285e-02  -2.4685696e-01  -2.6643454e-01   2.3098891e-02  -2.7493249e-01   6.7954279e-01  -3.7315199e-01   6.4367746e-02  -2.7753355e-01   7.4054794e-01  -2.7768445e-01  -1.0133482e-01  -2.3293957e-01   2.7111513e-01  -4.9461160e-01  -2.0508951e-01   1.1960386e-01  -8.7675129e-02  -2.9956925e-01  -2.7282440e-02   2.4228505e-01   2.3274808e-01  -3.6781648e-02  -2.4467222e-01   3.3040747e-01   1.6305196e-01   4.4620041e-01  -2.6306252e-01
   3.3586285e-02  -2.2905494e-01  -7.9128368e-02   0.0000000e+00  -1.9364641e-01   1.0034861e-01  -3.9924455e-01   4.1944953e-01   4.4549586e-01  -2.5302954e-01   3.3263919e-01  -2.8285841e-01   1.5069008e-02   1.9111522e-01   1.8098214e-01   2.8463757e-01  -1.5764751e-01   1.7248469e-01   3.1227237e-01  -1.9560475e-01  -1.0188778e-01   5.3642796e-01   3.3237887e-02   1.0417743e-01   3.6150492e-01   3.0080009e-01  -1.5277221e-01   1.5126966e-01  -1.5039238e-01  -1.7469048e-01  -9.5972630e-03   6.6399965e-01   2.2363085e-01  -3.5988735e-01   1.5989012e-01  -1.4436840e-01  -3.3487347e-01   3.4606895e-02   1.9701166e-01  -2.7424914e-01   2.9414065e-02   2.8851427e-01  -1.9595290e-01   3.6131080e-01   7.1041251e-02   4.2438550e-02   3.0075404e-01  -3.4531045e-01   1.7466055e-01  -1.7507336e-01   3.9826678e-01   4.7621900e-01  -4.1898894e-01   2.3478234e-01   3.2929100e-01   3.1070436e-01   3.2568468e-01   6.0000718e-01   4.7560953e-01   8.9865793e-02   1.3608077e-01   1.4869056e-02   2.5214365e-01  -1.1592482e-01  -7.5240597e-02  -3.3619967e-01  -3.0717750e-02   1.1107656e-01   6.2848965e-01   3.0076344e-02  -3.7557691e-01   4.4112421e-01  -1.3652977e-01   1.3514195e-01   2.5283696e-01   5.0168612e-01   2.9762554e-02   2.4295520e-01  -2.7335858e-01   3.1879312e-01   1.5443581e-01   9.5006191e-02  -3.6238202e-01   2.4789918e-01   4.3976602e-02   4.2223855e-01   1.8812128e-01   2.5730730e-01  -7.2611004e-02   4.2434181e-02  -1.9900496e-01   2.5416822e-01  -3.2847713e-01   2.5797873e-01  -3.5137281e-02  -2.1734874e-01   9.5097825e-02   2.9041950e-01  -1.9022660e-01  -5.0494028e-02   3.8564179e-02   2.2186714e-01   3.3491807e-01   2.0856335e-01   4.6172073e-01   6.7176907e-01   8.7463724e-02   3.6653548e-01  -2.0449652e-01  -3.0674602e-01  -3.1146762e-01   3.5349347e-01   5.5475463e-01  -5.4060463e-02   6.6019527e-02   2.0841736e-02   3.2753051e-01  -6.3057976e-02  -2.9723635e-02   7.9944019e-01   1.4433735e-01  -2.9943418e-01  -1.0076334e-01   2.7066654e-02   7.2957408e-02   3.9973949e-01   3.2735540e-01   1.0409340e-01   6.4878669e-01  -1.6285556e-01   6.2906188e-02  -2.4449559e-01   1.7062629e-01  -1.2325607e-01   5.3061158e-01   4.4215104e-01   4.5621494e-02   1.5934498e-01   5.1548379e-01   1.0386136e-01   2.3976285e-01  -1.4829794e-01   4.9718613e-01  -7.9720714e-02   2.1233795e-01   2.1684422e-01  -2.7552694e-01  -3.8721289e-01  -1.8427308e-01  -2.0074334e-01   1.3740065e-01   1.7926173e-01   1.1366524e-01  -8.3531204e-02  -3.3692881e-01   1.3415066e-01   1.9908195e-02   4.9098748e-01   1.0889227e-01   1.4205707e-01   1.9080423e-01   3.0668522e-01  -3.3545017e-01   2.8818193e-01   5.8927675e-01  -1.8284006e-01  -1.4461110e-01   6.5876166e-02   9.4955781e-02  -1.8208886e-01  -1.6428089e-01  -7.9362011e-02   3.1722858e-01  -1.1301499e-01   3.1936294e-01  -2.9382977e-02   6.9140900e-01
  -3.7258011e-01   5.0889118e-01   2.1855229e-01  -1.9364641e-01   0.0000000e+00   4.6885072e-02   4.6407516e-01  -1.3518550e-01  -2.3552373e-01   4.5725811e-01  -1.6153151e-01   4.9452387e-01   5.1598554e-01  -4.2367499e-01  -4.9264147e-01   2.0389656e-01   3.9731779e-01   2.5746706e-01  -2.7386976e-01   8.6753340e-01   2.6739722e-01  -1.0135418e-01   2.3644707e-01  -3.3668956e-01  -2.2645091e-01  -1.4947454e-01   7.1864508e-01  -5.2378574e-01   1.7904663e-01   4.9536982e-01  -3.4292174e-01  -2.3225617e-01  -6.1722297e-02   3.9015376e-01  -1.1484938e-01   8.1979048e-01   4.5234493e-01   9.7805772e-02   2.9190234e-01   4.2285337e-01   4.3112245e-01  -1.5936221e-01   5.3550915e-01  -4.1148195e-01   3.7173449e-01  -2.8196470e-02   3.1912729e-01  -4.9347115e-03   3.3813010e-01   4.1444982e-01   3.5011843e-02  -2.4634795e-01   5.9718697e-01  -1.7713373e-01  -4.6228203e-01  -5.6496857e-01  -4.2653742e-01  -2.9367838e-01   7.5951872e-02   3.1808479e-01   1.3147336e-01   4.0789608e-01  -7.3211473e-02  -8.8958439e-02  -3.8473963e-02   6.8083561e-01   4.2042309e-01   8.3900206e-02  -1.2702334e-01   4.5159792e-02   1.9229473e-01  -1.3696613e-01   3.6017623e-01  -4.6070162e-01  -3.1602150e-01  -4.6499804e-01   2.2181858e-01  -1.2733356e-01   6.8384371e-01   6.1003393e-02  -5.3086755e-01   1.8442321e-01   1.8561205e-01  -3.4245019e-01  -3.0336536e-01  -4.1506849e-01  -1.4647803e-01  -5.0684481e-01   2.9745148e-03  -3.0038713e-01   4.7642067e-01  -1.7932080e-01   4.9802635e-01   2.0275838e-01   8.3340000e-02   5.0151759e-01   4.1065207e-01  -2.7988238e-01   5.6515780e-01  -2.2732001e-01  -5.8974614e-01  -1.4255063e-01  -2.9378074e-01   7.9105399e-02  -1.8232379e-01  -2.5693865e-01  -5.6213807e-02   2.4006654e-02   4.8057491e-01   5.7898744e-01   2.5531727e-01  -8.0025808e-03  -1.6564964e-01  -4.2065531e-01  -5.9404071e-01   1.7020526e-01  -9.5689106e-02   5.6495540e-01  -3.0988414e-01  -2.5507590e-01  -1.7135259e-01   8.4193108e-01   2.6312641e-01  -2.1654809e-01  -1.1607283e-01  -2.9886062e-01  -3.1052882e-01  -1.1582082e-01  -3.1463338e-01   2.7163995e-01   4.7161270e-01   4.9549525e-01  -3.1404338e-01   1.9359766e-01  -3.6723610e-01  -3.9701446e-01  -3.4211430e-03  -5.9048803e-01  -3.5420986e-01  -2.4442268e-01  -3.9501149e-01   2.9954723e-01  -3.7793594e-01  -1.9573367e-03  -3.7853281e-01  -2.9868976e-01  -4.5959953e-02   5.0139422e-01   5.0612951e-01  -2.5396314e-02  -5.3120094e-01  -3.1829591e-01  -3.1288701e-01   2.4973004e-01   5.3643593e-01  -2.6861004e-01  -1.6752289e-01   5.9346174e-02  -6.8898723e-02  -3.2200704e-01   1.7667131e-01  -1.3255400e-01   6.7793413e-01   8.6209624e-02  -2.7050016e-02   2.8861780e-01   4.7391599e-01  -3.3422787e-01  -2.6046333e-01   9.7515570e-02   4.3060933e-01  -1.1661394e-01  -6.0352379e-02   3.1682987e-01  -1.3646402e-01   5.8120477e-02  -1.2138586e-01
  -3.7872855e-01  -9.1921365e-02   4.1369057e-01   1.0034861e-01   4.6885072e-02   0.0000000e+00   2.0384464e-02   1.0279079e-01  -5.3286660e-03  -2.3922777e-02   1.2040282e-02   1.4219523e-01  -4.0843956e-02  -1.9706427e-02   1.0226400e-01   1.5486753e-01   2.5955792e-01  -5.2175929e-02   2.8549776e-01   1.0338600e-01  -5.9908350e-03   1.8973964e-01   6.7928989e-02  -2.0935496e-01   3.0313404e-01   2.7596273e-02   4.6150048e-02  -1.6776085e-02   9.5892655e-02   1.7087910e-01  -2.1244536e-01  -6.9729412e-02   2.5310061e-01   5.8781165e-02   4.1599743e-01   1.0131118e-02  -3.1177016e-01   1.1342231e-01   6.6507994e-02   5.8990133e-02  -1.7603393e-02   1.4185123e-01   1.3446595e-01   2.1478003e-01  -1.3815577e-01   3.8059444e-01   2.3636151e-01  -1.0963744e-01   1.6934030e-01   5.6075830e-02   8.6786088e-02  -1.5676425e-01  -9.0794594e-02   4.3771226e-01  -7.3080010e-02   1.8736864e-01   3.4634142e-01  -6.2498693e-03  -8.8743016e-02   1.6351423e-01   3.2847837e-01  -1.0649539e-02   9.6609046e-02  -3.1951937e-01  -3.9318303e-01  -1.2210254e-01   7.6723890e-01   4.8061648e-02   2.2686824e-01   6.2504427e-01   7.9341206e-03   4.6793395e-02  -1.7544490e-01   3.8412681e-01   1.1988971e-01  -3.4783780e-02   3.1340260e-01  -3.6946740e-03  -1.6547865e-01   8.1092860e-02   1.3831118e-01  -9.5047734e-03  -1.4180762e-01   2.8427981e-02   5.4693402e-01  -7.0776284e-02   2.8883047e-01  -8.1782312e-02  -9.9217740e-02  -3.3474058e-01  -2.2723590e-01   3.8087716e-01   3.3842062e-02  -1.5310561e-01   2.1496867e-01   2.2472045e-02  -1.3126862e-02   7.2912870e-02  -7.9693716e-02  -2.0285173e-01   1.6770699e-01   2.7957549e-01   1.2080062e-01   1.2958890e-01  -3.6614320e-02   9.9559174e-02   4.1656337e-01   2.3656727e-01   5.8157919e-02  -3.8105071e-02   1.8638111e-01   2.2700325e-01   2.4791999e-01  -3.2566765e-02   2.9366036e-02  -4.1750237e-01   4.0772551e-02  -7.9713300e-02   4.7656305e-01  -3.6168760e-03   2.8874005e-01   1.8398680e-01   1.5177636e-01  -2.2472767e-01   3.7560546e-01  -9.5889116e-02   9.3097450e-02   1.5768207e-03  -2.3046532e-02   5.7790720e-01  -9.3945208e-02  -1.8749013e-01   1.5365249e-01   3.1097366e-01   5.6251888e-02   1.4294942e-02   5.9998599e-02   7.6543074e-02  -1.0329238e-01  -2.7314976e-01  -1.8674549e-01  -3.1820978e-03   1.9747269e-02   7.3305202e-01   1.4518570e-01  -2.9569070e-03   2.5970899e-01  -3.8865832e-01   8.8637173e-02  -4.0097535e-01   5.5768189e-02   8.2806534e-02   2.5334411e-01  -3.2236651e-01   7.0282829e-02  -2.4170404e-01   2.5893218e-01  -1.3753526e-01   2.5272843e-01   5.0063563e-02   2.7663772e-02   1.5955176e-01  -7.8724312e-02  -3.1201092e-03   1.4110631e-02  -1.3098478e-01  -7.1116972e-02   1.0292828e-02   2.8309685e-01  -2.6923861e-01  -1.9313481e-01  -3.2952538e-02   1.6189733e-03   6.5914646e-01   1.4962031e-01   7.5383882e-02   4.0018532e-02
  -4.0550408e-01   4.1202091e-01   2.2623286e-01  -3.9924455e-01   4.6407516e-01   2.0384464e-02   0.0000000e+00  -8.1666711e-02  -3.2881242e-01   6.1531279e-01  -4.0600030e-01   8.1173309e-01   2.4298576e-01  -5.1520848e-01  -2.6971347e-01  -4.2513020e-02   3.6108396e-01  -2.5217781e-01  -2.2244076e-01   6.8035813e-01  -5.0211472e-02  -3.2294993e-01   3.1582526e-01  -4.6508764e-01  -3.6878935e-01  -2.5539756e-01   5.5629414e-01  -4.8874653e-01   1.9052056e-01   3.9838244e-01  -3.6667535e-01  -3.4158878e-01  -1.8283864e-01   8.7189304e-01   2.1178742e-01   4.0961712e-01   3.0691038e-01  -1.3806268e-01  -1.8545488e-01   4.4182008e-01  -2.7403565e-03  -1.2024557e-01   7.1661097e-01  -4.6721863e-01   1.4574942e-01   3.0924320e-02  -1.7468663e-01   3.4956512e-01   5.1483367e-02   3.4684297e-01  -1.4667527e-01  -2.4092408e-01   4.8889725e-01  -1.3085744e-01  -6.9093011e-01  -6.0816796e-01  -4.3329429e-01  -4.7247051e-01  -2.3730979e-01   3.8315355e-01  -2.3076545e-02   3.1545443e-01  -1.8481123e-01  -2.0954811e-01  -2.4544311e-01   7.9714212e-01   2.2524064e-01   1.4418557e-01  -3.8587161e-01   5.9620744e-02   3.6393382e-01  -2.8853768e-01   2.4123643e-02  -3.9421893e-01  -1.2590958e-01  -3.4806362e-01   3.0026672e-02  -2.1722970e-01   5.5549378e-01  -1.5387335e-01  -2.4641072e-01  -1.0391389e-01   1.9800654e-01  -1.9676613e-01  -3.5743246e-01  -2.5706885e-01  -3.6147625e-01  -5.1323520e-01   7.0622352e-02  -4.3440421e-01   6.0955031e-04  -2.0535246e-01   6.8684883e-01   2.4915250e-01   4.0420276e-02   5.1874340e-01   2.4149062e-01  -1.3300996e-01   2.6741462e-01   2.8361305e-01  -4.7698869e-01  -1.6700376e-01  -3.8280356e-01  -2.1731265e-01  -3.2081267e-01  -2.3009200e-01  -6.2425490e-02  -1.5481266e-02   5.2471904e-01   2.6506613e-01   6.5436482e-01  -2.2851748e-01  -3.9224227e-01  -3.1133688e-01  -4.5409011e-01  -1.3403019e-01  -1.4238541e-01   4.0688632e-01  -2.8680080e-01  -4.4316274e-01  -2.2310801e-01   5.6026856e-01   3.9591335e-01  -3.5973837e-01  -1.4967121e-01  -4.7062306e-01  -2.3521601e-01  -1.6403161e-01  -3.4133895e-01   1.4751060e-01   3.1363856e-02   4.3741245e-01  -3.2944818e-01   8.5845612e-02  -2.9866612e-01  -2.2173110e-01   9.3573482e-02  -5.2961440e-01  -2.7379093e-01  -3.9223440e-01  -5.2534481e-01   2.8939244e-02  -4.8082368e-01  -1.7704670e-04  -2.8787579e-01  -6.0703487e-01   4.8234534e-01   1.9400657e-01   4.8556284e-01  -4.8100532e-02  -5.2927854e-01  -2.0276291e-01  -3.4714189e-01   4.4699840e-02   5.3109598e-01  -4.2373089e-01  -1.1578409e-01  -2.2132750e-01  -1.1649126e-01  -9.2627582e-02   2.5478032e-02  -3.2294637e-01   4.1651673e-01  -2.3897703e-01  -2.4651403e-01   6.2867306e-01   4.3183908e-01  -1.4974467e-01  -3.3184638e-01   6.3707343e-02   4.6184879e-01  -1.1757449e-01  -4.6729382e-01   4.4874585e-02  -1.4283246e-01  -9.0141311e-02  -1.9615604e-01
  -2.6353415e-01  -7.4144441e-02  -6.2498944e-02   4.1944953e-01  -1.3518550e-01   1.0279079e-01  -8.1666711e-02   0.0000000e+00   4.8097553e-01  -4.9461803e-02   2.5875228e-01  -7.9624269e-02   6.3347974e-02  -1.9121077e-01  -2.6946019e-01   7.7699679e-02  -7.4862791e-02   1.0877820e-01   3.0326533e-01  -7.7714691e-02   1.2215809e-01   3.6838068e-01   1.0823493e-01  -2.3886307e-01  -1.4231206e-02   6.4866581e-01  -1.7095528e-01  -1.2526966e-01   1.0326920e-01   1.5040123e-02  -3.3658908e-01   4.7939925e-01   2.1856313e-01  -1.0711601e-01  -1.7749430e-01  -1.2362752e-01  -1.0087347e-01  -5.0494262e-02   3.6136197e-02  -2.6156532e-01  -9.0621633e-02   2.5386077e-02  -4.0172161e-02   3.7830224e-01   1.0058125e-02   2.8572937e-01   2.6520098e-01  -2.4898467e-01   7.2093924e-02  -1.1757893e-01   3.7390839e-01   7.7880933e-01  -2.3004609e-01  -6.7609496e-02  -3.5128733e-02   8.4350200e-02   3.1824971e-01   1.7693221e-01   3.8880510e-01   2.0070225e-01   2.2143483e-01  -1.9897755e-01   5.8647273e-02  -6.6280877e-02  -1.6623169e-01  -1.1759379e-02   6.0567399e-02  -4.3730760e-02   5.1770431e-01  -1.4471396e-02  -2.9391531e-01   3.1440437e-01  -1.9190622e-01  -1.6433993e-01   5.8668194e-02   4.8122101e-01   6.0144448e-02   5.9960016e-01  -3.1532559e-01  -1.2554980e-02  -1.3020919e-01  -1.1852157e-01  -3.4816665e-01   6.6097059e-01  -2.2156295e-01   4.3493154e-01  -2.0237472e-01  -5.6642201e-02   1.5925938e-01  -2.3463820e-01  -2.1355284e-01   2.3405973e-01  -1.8742091e-01   2.9365293e-01   3.6704615e-02  -1.2796477e-01  -1.0206457e-01   5.6933288e-01  -1.5334090e-01  -3.0127000e-01  -1.9692531e-01   9.5856159e-02   1.4555311e-01   1.8373427e-01   3.7378064e-01   5.5080181e-01  -2.0036308e-02   7.1474749e-01  -6.3889245e-02  -6.8817707e-02  -2.7518884e-01   2.0642566e-01   3.3023481e-01  -1.6852658e-01  -2.4536506e-01  -1.3161231e-01   6.3084580e-01  -6.3836280e-02  -1.3942612e-01   3.5565920e-01   3.5298621e-02  -8.9291170e-02  -4.6968959e-02  -3.2449491e-01   2.3450188e-01   4.2135382e-02  -2.5612735e-01  -1.8343524e-01   5.5403096e-01  -8.7347164e-02  -9.4213975e-02  -2.1252582e-01   1.0690479e-01  -9.5518177e-02   3.5083787e-01   5.5137523e-01  -1.7565955e-01  -1.1066174e-01   6.0024845e-01  -1.8668301e-01  -1.7643544e-01  -1.4908409e-02   4.0834290e-01  -1.3544002e-01  -1.3365270e-01   2.5630134e-03  -2.3015676e-01  -8.9197879e-02   1.6973972e-01  -2.5180458e-01  -1.4979952e-01   9.8999517e-02  -2.4096478e-01  -6.0786260e-02  -1.6865954e-01  -1.7473007e-01   5.1846084e-03   1.7384341e-01   1.6529957e-01   9.6060657e-03  -5.3565507e-02   3.9627822e-01  -1.2918498e-01   3.9410960e-01   5.2896132e-01  -2.9863499e-01  -7.2598453e-02   1.2079841e-01  -1.8627025e-01  -3.4246401e-01  -1.4081462e-01  -6.4579808e-02  -6.3774724e-02   2.6195020e-02   3.4355726e-02  -7.7575118e-02   5.1079986e-01
  -4.6902351e-02  -1.6564300e-01  -1.2078050e-01   4.4549586e-01  -2.3552373e-01  -5.3286660e-03  -3.2881242e-01   4.8097553e-01   0.0000000e+00  -1.7862353e-01   3.2604275e-01  -3.2947829e-01  -1.0460757e-01  -1.1937808e-01   7.7438109e-02  -4.1925807e-02  -1.8460275e-01   2.9702687e-01   3.9177904e-01  -2.5317268e-01   1.2764834e-01   3.2936037e-01  -9.1338268e-03  -6.5297959e-02   2.6377313e-01   2.4381718e-01  -1.8692299e-01  -1.9216328e-02  -5.8810445e-02  -1.7177572e-01  -4.5872494e-02   3.9941409e-01   1.7022531e-01  -2.5240938e-01  -1.1209920e-01  -2.0990978e-01  -7.3522982e-02  -2.0362424e-01  -1.9792493e-02  -1.9991451e-01  -1.8594358e-02   1.6589849e-01  -2.3287976e-01   1.3209852e-01  -5.5450332e-02   2.9815552e-02   1.2830649e-01  -2.1665427e-01   4.6588209e-03  -1.5041569e-01   2.6795804e-01   4.1019602e-01  -2.8208215e-01   1.2227781e-01   3.0235928e-01   1.0383266e-01   2.4960218e-01   2.7003035e-01   3.8534447e-01   6.0750490e-02   1.9611023e-02  -2.5852261e-01   5.7022698e-01   1.8951546e-01   3.5359404e-01  -2.4990154e-01  -9.3385074e-02   9.4460680e-02   4.1436465e-01  -1.4727816e-01  -2.9200822e-01   3.3072679e-01  -1.2496399e-01  -1.3604537e-01   2.9484609e-01   4.9678728e-01  -1.0792624e-01   2.7498123e-01  -2.9041230e-01   2.1760393e-01  -5.3880392e-02   2.9449314e-02  -2.3235419e-01   3.3084208e-01  -1.4598296e-01   5.0358889e-01   1.7500092e-01   4.8845876e-02   8.3795035e-02  -7.3864349e-02  -9.1234322e-02   1.2994495e-01  -2.9148363e-01   4.4913907e-01  -2.1865834e-01  -2.0708863e-01  -5.6097654e-02   4.1379661e-01   3.8161700e-02   4.8047176e-03  -2.3878009e-02   8.2951478e-02   4.5172891e-02   3.5822276e-01   3.2338222e-01   4.0846508e-01   1.0192455e-01   3.7675547e-01  -1.8851368e-01  -1.6476179e-01  -2.9404991e-01   9.0109570e-02   3.0793148e-01  -1.6277450e-02  -8.7705540e-02   1.6458357e-01   2.1048768e-01  -8.4904717e-02  -1.7590482e-01   3.9184831e-01   8.1402504e-03  -3.2187289e-01   7.5326628e-02   8.8747846e-02   7.9706826e-02   7.9461412e-02   1.0376535e-01   2.3832110e-01   6.3164566e-01  -2.9117306e-01  -1.2116326e-01  -1.0319139e-01   1.1379174e-01  -1.5963547e-01   6.7246844e-01   4.6252940e-01   8.4859432e-02  -2.1352471e-02   4.8511350e-01   4.6490338e-02   9.5637675e-02  -2.3173300e-01   3.9179890e-01  -2.2167833e-01   1.1949244e-01   4.7230428e-01  -2.2945961e-01  -6.0507826e-02  -1.3968181e-01   6.0338186e-02  -7.3288523e-02  -2.7995285e-02  -1.0455552e-02   1.2652502e-01  -2.9588413e-01  -3.1503340e-02   7.7650966e-02   1.7232584e-01   1.2536448e-01   2.7392573e-02   1.5528598e-01   4.7090789e-01  -2.2438141e-01   4.0715139e-01   3.9423631e-01  -2.5483140e-01  -2.2727080e-01   5.7409697e-02  -3.6128459e-02  -1.3081402e-01  -2.3684165e-01  -1.9896537e-01   3.0373185e-01  -1.7871367e-01   2.1519579e-01   8.5892260e-02   5.9929375e-01
  -2.6195944e-01   2.6891391e-01   2.7932467e-01  -2.5302954e-01   4.5725811e-01  -2.3922777e-02   6.1531279e-01  -4.9461803e-02  -1.7862353e-01   0.0000000e+00  -2.5854484e-01   5.1305820e-01   2.7024767e-01  -4.9347583e-01  -2.0396937e-01  -7.4497907e-02   3.3299556e-01  -2.1577118e-01  -1.3863561e-01   5.8836480e-01  -1.0152324e-03  -3.7169201e-01   2.9089988e-01  -3.5596747e-01  -3.3535672e-01  -2.8716276e-01   3.9765079e-01  -4.0548359e-01   1.5097298e-01   1.1997407e-01  -1.8346375e-01  -3.0780931e-01  -3.0001197e-01   6.9538314e-01  -1.4038466e-01   5.1986061e-01   3.4113622e-01  -1.4536017e-01  -2.2910453e-01   4.3324156e-01   6.8373469e-02  -7.5610021e-02   4.1430288e-01  -4.4412840e-01   4.2999390e-02  -3.7488474e-02  -3.4967388e-02   1.6605683e-01  -9.5872911e-02   3.7858120e-01  -7.2038489e-02  -2.3977745e-01   3.4297302e-01  -1.0287955e-01  -3.5518461e-01  -4.3155772e-01  -2.1168769e-01  -4.9297796e-01  -1.4215351e-01   5.8682548e-02  -1.7857326e-02   6.1630435e-02  -5.2206825e-02  -1.0391061e-01  -1.8803117e-01   7.1192107e-01   1.1631749e-01  -1.3647925e-01  -3.7760517e-01   5.5889311e-02   3.2027310e-01  -1.7717760e-01  -1.7453093e-02  -4.1417144e-01  -2.0153895e-01  -3.2815750e-01   1.6338835e-02  -2.2388060e-01   4.8915578e-01  -1.5006902e-01  -3.0663083e-01  -4.5460606e-02   2.0330279e-01  -3.3411641e-01  -2.9067188e-01  -1.9852168e-01  -3.6701764e-01  -5.3252411e-01  -1.0198326e-02  -2.8617262e-01  -2.9311323e-02  -8.7880283e-02   6.5602130e-01   1.1632216e-02  -3.6049936e-02   6.1317618e-01   1.4326256e-01  -1.4991476e-01   2.3331934e-01   3.1762894e-01  -3.4438220e-01  -1.0306161e-01  -4.9954704e-01  -3.5892711e-01  -2.7275278e-01  -3.1734991e-01   6.6853661e-02  -1.6426178e-01   3.9893036e-01   4.2136723e-01   5.5947083e-01  -3.5707736e-01  -3.6004085e-01  -3.1488025e-01  -3.9615151e-01  -2.4506374e-02  -2.4788211e-01   2.6149974e-01  -2.7695101e-01  -2.0128553e-01  -3.0877307e-01   3.9985763e-01   1.1897345e-01  -1.8754340e-01  -1.3330808e-01  -4.9077449e-01  -2.5738841e-01  -1.0491953e-01  -2.3000698e-01   1.3206399e-01   6.8169563e-02   4.0138877e-01  -3.9694199e-01  -1.7294822e-02  -2.4659443e-01  -1.7336009e-01   1.1018206e-01  -4.5343733e-01  -1.5191650e-01  -2.5874281e-01  -3.6063807e-01   1.1508912e-01  -2.7274472e-01   1.0169691e-01  -3.2702516e-01  -4.9911682e-01   3.5702943e-01   2.1740943e-01   5.8779723e-01   2.8565277e-01  -3.8339732e-01  -3.4295946e-01  -2.8631899e-01  -5.6454965e-02   4.2541719e-01  -2.8963347e-01  -2.3907752e-01  -1.2639230e-01   2.4309531e-02  -2.7601679e-01  -1.6612676e-01  -2.5212353e-01   7.2000528e-01  -2.3324230e-01  -1.8620703e-01   3.3689267e-01   1.7174416e-01  -1.7255996e-01  -2.7490939e-01   5.6763830e-02   2.9289023e-01  -5.8585871e-02  -3.6026953e-01   5.4971708e-02  -1.0886038e-01   4.7698734e-02  -1.3672760e-01
   9.8538201e-02  -5.8675189e-01  -4.4312570e-01   3.3263919e-01  -1.6153151e-01   1.2040282e-02  -4.0600030e-01   2.5875228e-01   3.2604275e-01  -2.5854484e-01   0.0000000e+00  -5.9870496e-01  -5.2695625e-02   2.9218461e-01   1.7177833e-01  -1.4115563e-02  -4.5328283e-01   6.6275216e-01   4.7060743e-02  -2.7526580e-01   5.4745198e-01   6.0770476e-01   4.7952502e-01   1.3998434e-01   1.3362621e-02   1.6518789e-01  -4.4863706e-01   1.2690385e-01  -2.0846560e-01   1.2738571e-01   2.3906184e-01   3.7389676e-01  -8.1615881e-02  -3.5989428e-01  -7.9862538e-02   1.3199913e-01  -4.3422962e-02  -7.2663503e-02   1.6734748e-01  -6.5375014e-01   7.1426197e-02  -2.0798409e-01  -4.4829496e-01   5.7295080e-01   2.6184289e-01   1.1783243e-01   7.2308225e-01  -1.6579626e-01   2.6194972e-01  -5.6814191e-01   7.2353872e-01   2.9323887e-01  -4.5740663e-01  -2.2326507e-01   4.3110872e-01   3.7150554e-01   3.2012132e-01   5.2241720e-01   5.3467169e-01   3.3822722e-02   4.4267086e-02  -9.1887287e-02  -5.9133025e-02   2.5579162e-01  -7.5665462e-02  -2.3369560e-01  -5.4410319e-02  -1.5074114e-01   6.4051843e-01  -1.3863332e-01  -5.0339494e-01   6.9570737e-01   3.2563426e-02  -2.1061773e-02   1.4811870e-02   4.1033468e-01  -1.1490969e-01   3.4247270e-01  -5.2389715e-01   1.0621421e-02   1.3175244e-01   2.2352087e-02  -3.6953167e-01   3.1218361e-01  -8.8522320e-02   1.9681802e-01   1.1458404e-01   3.2102496e-01  -2.6723654e-01   5.6153256e-03  -2.1644951e-01  -8.4702543e-03  -5.7345081e-01   1.0386955e-01  -4.4031444e-02  -5.6164593e-01  -6.1012982e-02   1.0447469e-01  -2.2169114e-01  -1.2573069e-01   1.0905923e-01   4.5093385e-01   4.4994146e-01   2.0937774e-01   6.1044487e-01   3.8556807e-01  -2.3986245e-01   3.4356268e-01  -2.0655272e-01  -1.6007311e-01  -4.6910648e-01   5.1210670e-01   5.7806326e-01  -2.0672445e-02   3.0888645e-02  -2.0274690e-01   2.1651599e-01  -8.6969589e-02   2.2920396e-01   3.8800335e-01   2.3112081e-02  -2.8075684e-01  -4.6995359e-01   4.8677807e-02   1.5454942e-01   1.5875422e-01   1.3749074e-01  -1.8287452e-01   4.9805238e-01  -2.1500504e-01   8.0208205e-03   1.9277793e-01  -2.0583580e-02   2.7870495e-01   1.3130080e-01   2.4680559e-01  -3.4911550e-01   3.5117676e-01   2.6178312e-01   9.3073809e-02   2.2797496e-01   3.6579281e-02   6.7406653e-01   3.1923005e-03   4.7186167e-01   5.2257907e-01  -4.7711105e-01  -9.1809877e-02   1.9678837e-01  -4.9782251e-02  -2.2767543e-03   3.9525519e-01  -8.1235127e-02   3.5399498e-02  -5.6030674e-01   1.3286230e-01   4.8205357e-02   3.9276260e-01  -9.5085338e-02   3.0932926e-01   9.3513120e-02   7.3027906e-01  -1.2906587e-01   6.5844209e-01   2.7737129e-01  -4.0695608e-01   3.0390326e-03   2.5963616e-01   4.1140955e-02  -4.4068588e-01  -5.4492357e-01  -1.4666189e-01   4.9784184e-01   1.6174010e-01  -8.4525014e-02  -5.6553850e-03   3.9808223e-01
  -5.3748354e-01   7.0928174e-01   5.5737918e-01  -2.8285841e-01   4.9452387e-01   1.4219523e-01   8.1173309e-01  -7.9624269e-02  -3.2947829e-01   5.1305820e-01  -5.9870496e-01   0.0000000e+00   2.6859675e-01  -6.0400874e-01  -4.0153883e-01   3.1270339e-02   6.5614853e-01  -3.5469550e-01  -9.9253064e-02   6.8328767e-01  -2.5799957e-01  -4.4218636e-01  -6.5936123e-02  -5.3896645e-01  -1.7941980e-01  -1.8699889e-01   6.6928699e-01  -5.4922847e-01   2.6038625e-01   2.0593579e-01  -4.5158153e-01  -3.7369499e-01   1.4392472e-02   7.3422197e-01   1.6092602e-01   3.1032903e-01   8.3858820e-02  -4.1593812e-02  -1.2987491e-01   7.1508056e-01   5.2846625e-02   6.1458454e-02   8.0144275e-01  -5.3465532e-01  -3.7407360e-02   6.4471162e-02  -2.9802763e-01   2.6096744e-01  -5.8112766e-02   6.6492408e-01  -3.4220691e-01  -2.5714019e-01   5.9510930e-01   1.4157482e-01  -7.1303639e-01  -6.1946544e-01  -4.2498438e-01  -5.8416039e-01  -2.5452561e-01   2.9908737e-01   1.5886397e-01   2.4404976e-01   9.0525417e-03  -3.3384137e-01  -2.3940576e-01   6.7972061e-01   4.1660506e-01   2.4384310e-01  -4.1583746e-01   1.7286453e-01   5.7487506e-01  -4.6924912e-01   2.1066291e-02  -3.6576718e-01  -3.4392491e-02  -4.0359131e-01   2.3375531e-01  -2.9691726e-01   6.4958621e-01   6.5421956e-02  -3.6314189e-01  -8.4297123e-02   3.7842586e-01  -2.2279061e-01  -1.9308506e-01  -2.4230361e-01  -2.5721241e-01  -5.6957394e-01   2.7003587e-01  -5.0232346e-01   1.4820807e-01   3.3755714e-02   8.5318382e-01   1.8374624e-01   8.9653973e-02   6.7947783e-01   2.4991155e-01  -8.4668218e-02   3.3393340e-01   5.4035919e-02  -4.2110496e-01  -3.0037955e-01  -4.6741904e-01  -2.1559873e-01  -5.3773834e-01  -1.6047521e-01   2.5807741e-01   1.3058936e-02   3.3223318e-01   4.2071182e-01   7.1207806e-01  -3.6952541e-01  -4.2702680e-01  -3.6378090e-01  -4.7783268e-01  -2.3212866e-02  -1.4798230e-01   4.0404291e-01  -3.0691064e-01  -4.3982968e-01  -1.7810443e-01   5.9798155e-01   5.5460487e-01  -3.0190039e-01  -1.0540077e-01  -4.7528919e-01  -2.5324336e-01   8.1715775e-03  -3.8977982e-01   2.9831696e-01   8.8291448e-02   2.3324066e-01  -1.7942269e-01  -6.9075338e-02  -1.8258747e-01  -2.0216549e-01   2.7977086e-01  -5.7501939e-01  -2.5588101e-01  -4.3663713e-01  -5.9417600e-01   6.5881254e-03  -5.8440339e-01   8.6462041e-02  -4.9098634e-01  -6.1188014e-01   5.3229844e-01   1.2520101e-01   2.7020733e-01  -7.5506393e-02  -5.2657230e-01  -3.3105971e-01  -2.9346760e-01  -4.4292263e-02   7.9799272e-01  -4.7341330e-01  -1.2455276e-01  -2.2865810e-01   1.6186749e-01  -3.1963412e-01   4.8757915e-02  -3.8904598e-01   3.9949022e-01  -4.1548205e-01  -2.3378861e-01   5.4813081e-01   3.4087963e-01  -2.9288747e-01  -3.1447748e-01   2.8784930e-01   6.1262384e-01  -1.0776598e-01  -4.6730369e-01   1.5830541e-01   8.0179119e-02   4.1550644e-02  -2.7338932e-01
  -2.4230355e-01   2.9332664e-01   1.9536244e-01   1.5069008e-02   5.1598554e-01  -4.0843956e-02   2.4298576e-01   6.3347974e-02  -1.0460757e-01   2.7024767e-01  -5.2695625e-02   2.6859675e-01   0.0000000e+00  -3.3718811e-01  -3.3828799e-01   2.1711519e-01   3.0439558e-01   1.4741492e-01  -1.6717386e-01   5.1388445e-01   2.3890674e-03  -9.0026034e-02   7.0424624e-02  -1.9870162e-01  -1.3497909e-01  -1.1102846e-01   2.8150909e-01  -3.9022776e-01   2.1219914e-01   1.4265432e-01  -3.9084596e-01  -1.6541885e-01  -1.2500478e-01   1.8260864e-01  -1.5380782e-01   5.4780048e-01   1.2093217e-01   2.0207702e-01   2.0806351e-01   2.2102723e-01   6.9611408e-01  -8.3483529e-02   4.2963144e-01  -2.8217156e-01   3.3734026e-01   1.0889268e-01   2.3225309e-01  -1.8126103e-01   1.5606105e-01   3.3069043e-01   1.7730490e-01  -1.4121184e-01   2.0254086e-01  -1.0684233e-01  -1.4476579e-01  -4.1697732e-01  -3.0078710e-01  -2.5956054e-01   2.7614068e-01   1.7983851e-01   2.9141977e-01   2.7035777e-01  -2.0508640e-02  -1.2339358e-02  -9.3943226e-02   4.0188357e-01   1.9285586e-01  -1.5467737e-01  -9.3137781e-02   5.8769906e-02  -7.2533530e-03   2.8242590e-02   5.0723466e-01  -3.1429904e-01  -2.1180014e-01  -2.1646501e-01   3.7213806e-01  -1.0235787e-01   4.8304619e-01   1.1493225e-01  -4.3788961e-01   2.1954548e-01  -1.8243642e-02  -1.6551567e-01  -1.7081793e-01  -2.6355661e-01  -2.3766738e-01  -3.2872901e-01   7.1812193e-02  -2.1006889e-01   2.5128955e-01   9.3962458e-02   3.1251620e-01   1.6341739e-01   2.9519674e-01   3.3470728e-01   4.9265815e-01  -1.6332002e-01   2.7904425e-01  -1.7503611e-01  -4.4194396e-01  -1.4851675e-01  -3.1492753e-01  -9.3039504e-02  -8.9196123e-02  -2.9340609e-02  -2.6233405e-02   5.7671391e-02   2.4960492e-01   2.8625953e-01   1.1912615e-01  -6.9894014e-02  -5.2935899e-02  -2.5247052e-01  -4.3026965e-01   5.7208390e-02  -4.1451681e-02   6.7825313e-01  -3.9286238e-01  -9.6893190e-02  -1.0494447e-02   4.7235540e-01   1.8597088e-01  -3.1529612e-01   3.0694250e-02  -2.0993181e-01  -1.8069306e-01  -2.1108093e-01  -1.1689782e-01   1.6453398e-01   5.8875117e-01   2.8190295e-01  -9.7453740e-02  -1.6572535e-01  -1.8881234e-01  -1.1224041e-01   2.1371627e-02  -4.0130419e-01  -1.6225221e-01  -1.1033919e-01  -2.8030741e-01   6.1361612e-01  -1.2209653e-01  -5.1858125e-02  -3.3289471e-01  -2.3931478e-01  -1.6707023e-02   2.3971298e-01   2.9573720e-01  -1.6997561e-01  -3.3238326e-01  -3.4584572e-01  -2.2730348e-01   9.4776568e-02   2.7981402e-01  -1.5366166e-01  -7.4372136e-02   3.1844370e-01   9.2218872e-02  -2.9389464e-01   1.0395403e-01   1.4175705e-02   1.8644507e-01   4.1521083e-02  -7.9342991e-03   1.1458615e-01   2.8803377e-01  -2.2173047e-01  -9.3313574e-02   3.1464421e-02   3.4955175e-01   1.2303013e-01  -5.9451689e-02   1.1247851e-01  -2.2221895e-01   9.3837273e-02   6.1175395e-02
   5.8934261e-01  -6.1835343e-01  -4.5003645e-01   1.9111522e-01  -4.2367499e-01  -1.9706427e-02  -5.1520848e-01  -1.9121077e-01  -1.1937808e-01  -4.9347583e-01   2.9218461e-01  -6.0400874e-01  -3.3718811e-01   0.0000000e+00   5.3040715e-01   1.6338982e-01  -5.2658876e-01   4.8363010e-02  -8.3764490e-02  -5.2037195e-01  -2.7418201e-04   3.2275754e-01   5.3316983e-02   6.2049558e-01   1.7010236e-01   4.3272503e-02  -4.9864451e-01   7.5865370e-01  -2.9712632e-01  -1.6988145e-01   4.5456052e-01   1.8793457e-01   5.6281010e-02  -5.3020042e-01   3.3072003e-01  -3.8541897e-01  -2.4597611e-01  -1.3328094e-02   1.0680103e-01  -6.0996931e-01  -1.4697534e-01   6.9351948e-02  -5.4025997e-01   5.8391092e-01  -3.3620863e-02  -1.7224393e-01   1.0524198e-01  -7.0186335e-02   8.7782439e-02  -6.0408227e-01   1.9321871e-01   1.1026900e-01  -5.5509903e-01   1.4885959e-02   4.8624918e-01   7.4680583e-01   2.6995658e-01   5.7772768e-01   5.7893010e-02  -1.7499116e-01  -2.4798641e-01  -3.2981645e-02  -2.9235580e-01  -1.2892829e-02  -8.2888902e-02  -5.8325794e-01  -2.8736839e-01  -2.0850206e-01   2.0012283e-01   4.0976502e-03  -3.8524732e-01   1.7844977e-01  -1.9302851e-01   6.9647160e-01   3.1829168e-02   2.8891350e-01  -3.1484480e-01   9.6698125e-02  -5.2286741e-01  -1.1170315e-01   7.3920226e-01   3.3296306e-02  -3.3877863e-01   1.5313558e-01   4.1478445e-01   6.2882604e-02   3.0788264e-01   7.7300211e-01  -3.5136202e-01   5.5196619e-01  -2.3975293e-01  -1.1566843e-01  -5.9988262e-01  -2.9457809e-01  -1.8872674e-01  -6.3600960e-01  -2.5902471e-01  -1.7290015e-01  -4.6769525e-01   5.8349251e-02   5.6651310e-01   3.9377918e-01   7.5848808e-01   1.0959758e-01   2.5603068e-01   1.2064868e-01  -2.1170714e-01  -2.0128928e-01  -3.1493500e-01  -5.3371807e-01  -4.1685782e-01   3.8880772e-01   2.5289537e-01   3.0326534e-01   7.7560219e-01  -2.1188083e-01   8.1232617e-02  -3.4126895e-01   5.8112963e-01   2.4672781e-01   1.7573018e-01  -4.3707441e-01  -4.7056031e-01   1.9444559e-01  -4.1181754e-02   6.9799777e-01   4.1676226e-01  -6.7591389e-02   8.1245176e-02  -1.3775356e-01  -1.5530120e-01  -2.8270512e-01   2.9335276e-01   1.9552928e-01  -1.0207531e-01   5.1109814e-02  -2.4767889e-01   7.6299706e-01   3.3155733e-03   3.1575824e-01   5.7308737e-01  -2.0906506e-01   3.3384208e-01   7.6145764e-02   5.6906468e-01   3.3456412e-01  -2.2438535e-01  -4.4431421e-01  -3.1073488e-01  -6.1720698e-02   7.1931068e-01   6.2444845e-01   3.3615994e-01  -2.5396682e-01  -6.3324354e-01   5.0041270e-01   3.6316527e-02   1.3726497e-01  -2.0891106e-01   5.9899522e-01  -3.0221516e-02   4.3802426e-02  -4.4563494e-01   1.2669939e-01  -2.5918164e-02  -2.4085488e-01  -2.8406793e-01   3.2376424e-01   3.8146791e-01  -2.6622920e-01  -4.9845607e-01   1.4202524e-02   2.4518857e-01  -1.0681947e-01   5.7591419e-02  -1.8733574e-01   5.3265715e-02
