   0.0000000e+00  -4.5799750e-02   9.0175763e-02  -5.6042454e-02  -2.9419739e-01  -4.4544282e-02  -3.0156411e-01   4.9930741e-01   3.1473379e-01  -2.7728106e-01   1.2579175e-01  -1.5581965e-01  -1.5477504e-01   6.5551904e-01   4.0984894e-01  -2.6070623e-01  -6.8186492e-02  -3.3620598e-03   1.4702239e-01  -3.3135801e-01  -2.3166293e-01   1.2354628e-01  -1.3169727e-01   4.4477593e-01  -1.5444644e-01   3.9256656e-01  -2.7394916e-01   1.5636874e-01  -2.7463450e-02  -2.0540118e-02  -3.6225707e-01   6.4851394e-02  -3.4269818e-01  -3.4851644e-01   7.6249881e-01  -5.0911064e-01  -1.8198265e-01   1.4035891e-01  -4.6693271e-01  -3.8624670e-01  -2.2364987e-01  -3.1707762e-01   3.1853700e-01   1.2826217e-01  -1.2582484e-01   4.9481856e-01  -1.4483400e-01  -3.0050739e-01  -3.3087189e-01  -2.5652035e-01   9.7500274e-02   4.4105754e-01  -3.6677528e-01   4.9006374e-02   4.1173483e-01   1.8915032e-01   1.7046580e-01   3.2520861e-01  -1.9453960e-01   7.1296519e-01  -4.8890878e-02  -1.3271102e-01   1.0562593e-01  -2.1730961e-01  -3.4825049e-01  -2.8803867e-01   1.7084127e-02  -1.3917986e-01   2.0622373e-01   3.8727488e-01  -2.9225712e-01   2.8382997e-01  -5.3419102e-01   8.3995262e-01  -2.3325066e-01   1.4847483e-02  -3.8935429e-03   2.1803773e-01  -2.0744981e-01  -3.9205361e-01  -3.0309889e-02  -4.2347484e-01  -3.7006805e-01   3.5262288e-01   1.2964473e-02   3.4141924e-02   4.0028511e-01   6.5959121e-01   1.6196667e-01   5.7911079e-01  -3.4509857e-01   2.3619027e-01  -3.8236095e-01   4.4639593e-01  -1.3580101e-01  -2.7629872e-01  -2.2902266e-01   2.9034132e-01  -2.3931215e-01  -2.9817118e-01  -1.9157310e-01   4.4205348e-01   1.6968754e-01   5.8314639e-01   3.5962920e-01   6.7409372e-02  -5.7981872e-01   3.7238989e-01  -2.3638180e-01  -1.3981613e-01  -3.2205384e-01   2.1146133e-01  -2.1090515e-01   7.2949194e-01   2.9832800e-01  -1.8963487e-01   3.4145632e-01  -3.3681407e-01  -5.5218451e-02  -1.7694991e-02   2.9623931e-01  -1.8754569e-01   1.4983447e-01  -2.2110628e-01   7.0972804e-01   8.7023092e-01  -2.8525233e-02  -4.1973583e-01   2.4347365e-01   2.7508317e-01  -4.0626445e-01  -4.2919479e-01   3.0316267e-01  -4.0872695e-01   3.0183683e-01   3.0687175e-01  -3.9251630e-01  -2.0297487e-01   5.2944386e-01   3.8005755e-01   5.7044333e-01   2.9516676e-01   2.5424405e-01  -1.9454954e-01   2.3898475e-01   1.0019182e-01  -4.0103510e-01  -4.7058105e-02  -2.0391135e-01  -4.4641622e-01   5.8335991e-01   9.0770345e-02   4.7266753e-01   7.5824713e-02  -2.1346682e-01   1.2777751e-01   3.4565819e-01  -2.5094589e-01   2.2859272e-01  -1.9241821e-02   2.4665409e-01   1.7845304e-01  -3.7330679e-01   1.2008312e-01   2.3727100e-01  -1.6864889e-01  -9.9709769e-02   2.4465725e-01   2.6658561e-01  -3.4178328e-01  -2.4990664e-01  -4.9947320e-02  -2.8278728e-01  -7.6831881e-02  -2.1461521e-01  -3.2674540e-01   2.0895337e-01
  -4.5799750e-02   0.0000000e+00   2.7541084e-01  -3.4408074e-01   5.5854044e-01  -4.3771462e-01   4.8702645e-01  -5.1334372e-03   3.7130628e-01  -3.9809649e-02   5.8389714e-02   4.4433474e-01  -1.6494492e-01  -2.5636434e-01  -3.8211559e-01  -1.4913248e-01  -3.9162924e-02  -3.4428194e-01   1.1332861e-01   5.2812233e-01  -5.5968619e-01  -4.6479010e-01  -6.1967612e-01   3.2554820e-03  -1.4274957e-01   7.2207174e-02   1.7513025e-01  -3.9654629e-02  -4.9316665e-03  -9.4461007e-02   2.5816519e-01  -1.6342431e-01   9.5865628e-03   2.6304625e-02  -2.3115840e-01   2.8012324e-01   3.2223734e-02   3.7688344e-02  -4.7193929e-02   2.9894401e-01  -5.9464121e-02  -6.2634675e-02   2.3568899e-01   3.7071901e-01   2.2771871e-01  -2.6972583e-01  -2.7170091e-01   2.1926054e-01  -4.7686333e-01   4.2973002e-01  -5.3874489e-01   1.2789016e-01   8.0378615e-02  -3.5884312e-01  -1.4688100e-01  -1.0485592e-01  -2.6104136e-02  -4.3162359e-01  -2.8207010e-01   1.9196338e-01   1.9509488e-02   5.3283174e-02   2.8972357e-01   5.9618086e-01   5.8745017e-01  -1.9763299e-01  -3.4106880e-01   5.0058689e-01  -2.2669716e-01  -2.9356173e-01   5.4672040e-01  -4.3126941e-01   3.8276246e-02  -1.6865660e-01  -1.5346383e-01  -1.1771064e-01  -5.4196619e-02   1.1926227e-01   6.9060403e-01  -2.5497643e-01  -3.7958814e-01   4.6856192e-02   7.8146499e-02   1.9088673e-01  -2.3050943e-01  -9.8002249e-02   3.1522466e-01  -1.6664843e-02   5.1726130e-01  -1.1388219e-01   6.4238840e-01   1.3562191e-02   1.3239756e-01  -1.1475273e-02  -1.7421129e-02   5.7001996e-01  -2.5140681e-01   2.7591863e-01   3.5448517e-01  -1.5709796e-01  -6.1443985e-02  -1.5807551e-01  -1.2057530e-01  -5.7570402e-02  -3.4310076e-01  -2.3758555e-01  -1.7010677e-01   4.8381987e-02  -1.7592385e-02  -1.1361019e-01   2.2182709e-01  -1.4843038e-01  -2.9718784e-01  -1.8724098e-01  -2.8519617e-01   8.0316785e-01   1.7422932e-01   2.0689853e-03  -1.0329389e-01  -3.7581785e-01  -2.3987740e-01   6.2275898e-01   6.1657822e-01   1.2760224e-01  -2.3458896e-01  -9.3739139e-02   3.0626224e-02  -2.0843982e-01  -3.1987809e-01  -2.5348011e-01   6.2657899e-02   3.4394007e-01  -3.0046485e-01  -4.1237132e-01   5.3622669e-02  -2.5232125e-01  -1.4404354e-01  -2.0832681e-01  -1.9911207e-01  -7.4367432e-02  -1.0471816e-01   1.0166609e-01  -1.1514241e-01  -1.7841269e-01   1.6769870e-01   5.1730439e-01   2.5722545e-01   6.8925502e-01  -4.1010846e-01   1.7106860e-01  -4.1989630e-01  -2.6816948e-01  -2.5470342e-01   6.3285511e-01   5.0084862e-01  -2.3142477e-02  -3.1953067e-01  -1.9180400e-01   4.5864158e-02  -2.2446534e-01  -2.2303534e-01   2.8078722e-01  -2.7538639e-02  -3.1038249e-01  -4.0071308e-01   7.8469002e-01   3.4304444e-01  -2.0056989e-01  -2.6287252e-01   4.0110823e-01   6.0119069e-01   1.1558441e-01  -1.3783208e-02  -1.8338132e-01  -1.5765179e-01  -3.3823642e-02  -3.4329336e-01
   9.0175763e-02   2.7541084e-01   0.0000000e+00  -1.7637907e-01   2.2284922e-01  -1.4548123e-01   2.7318088e-01   7.4321150e-02   2.3480209e-01  -1.8946435e-02   4.2004492e-02   2.7378003e-01   4.4488192e-02  -2.1810231e-01  -1.4908461e-01   6.4959122e-02   8.0279146e-01  -1.0467115e-01   2.9665518e-01   2.6304814e-01  -4.4029566e-01  -3.0329718e-01  -5.6621153e-01  -1.7281401e-01   9.1315931e-02   6.7298236e-02   4.4518590e-02  -1.3321075e-01  -1.7686361e-01  -4.1193958e-01   3.0109078e-01  -1.9624696e-01  -7.2514446e-02  -1.6518978e-01  -2.4626438e-02  -4.5841250e-02  -2.6372346e-01  -3.1541779e-02  -7.4143140e-02   4.1484406e-01  -1.0437451e-02   1.0059758e-01   4.6411826e-02   2.4284690e-01  -3.5153185e-02   1.6730972e-01  -2.1281395e-01   9.9992555e-02  -3.9973971e-01   6.7566552e-01  -3.2453628e-01   3.7877386e-02  -1.2328308e-01  -2.7872258e-02  -3.1710854e-02  -1.7916957e-01   1.6090406e-01  -2.9614182e-01  -3.2046546e-01   1.7489294e-01   1.7297819e-01   1.1698840e-01   2.5186066e-01   1.7770985e-01  -2.4006481e-02  -2.6059756e-01  -7.2565913e-02   1.6370646e-01  -1.6908482e-01   4.6959845e-01   3.2642480e-01  -1.8907050e-01  -1.8307205e-01   1.1103900e-01  -4.5673797e-02  -8.0292589e-02   8.7013914e-02   2.8061872e-02   2.6482414e-01  -2.1564205e-01  -3.1882117e-01  -3.2253841e-01  -1.5352703e-02   6.1253059e-02   9.8716765e-02  -3.1230874e-02   2.6285891e-01  -6.2805867e-02   3.4094364e-01  -5.2867236e-02   2.3023923e-01   5.1422999e-01   1.8549450e-01   1.2896956e-01  -4.5781973e-02   3.3150873e-01  -2.3352529e-01   2.5236613e-01   1.6806107e-01  -5.1872526e-01   1.1296623e-01  -2.1955784e-02  -3.6233535e-01   1.5209101e-01  -1.8609015e-01  -2.4487002e-01   2.4950040e-02   8.3357685e-02  -4.2711764e-01  -1.8591883e-01   1.9422753e-01  -2.4766058e-01  -2.1018286e-02  -1.4233410e-01   2.5823350e-02   1.9109648e-01   1.3502011e-01  -6.5399005e-02   8.4615526e-02  -3.6350937e-01   4.1788881e-02   4.3321425e-01   3.7655295e-01  -1.9235762e-01   1.2318564e-01   9.3751251e-02  -1.9618806e-01  -1.3432008e-01  -1.5785402e-01   3.5247441e-01  -6.1290266e-02  -2.5051043e-02  -1.2943507e-01  -2.0952488e-01   3.3115174e-02  -1.4056370e-01  -7.7661575e-03  -1.7514188e-01  -1.2203447e-01  -1.3244800e-01  -1.7572221e-01  -3.9043835e-02   8.1645993e-02  -3.2825669e-02   2.2538040e-01   9.8644379e-02   4.9109318e-01   2.4532624e-01  -4.0563797e-01   1.0477790e-01   8.6672494e-03  -3.3540912e-01   1.3134269e-01   1.8599910e-01   7.1371346e-01  -1.5030270e-01   5.3841206e-02  -3.1735981e-01   3.3204148e-01  -4.3860987e-01  -3.8770377e-02   1.7901426e-01   1.8756457e-01  -2.9225745e-01  -2.5449534e-01   2.7438654e-01  -5.1353655e-02  -1.9265060e-01  -1.3146745e-01   3.2450106e-01   2.5715957e-03   1.7887654e-01  -1.2513922e-01   1.2127135e-01  -1.7522569e-01   1.2709801e-01  -1.7810297e-01
  -5.6042454e-02  -3.4408074e-01  -1.7637907e-01   0.0000000e+00  -2.9118801e-01   3.7169628e-01  -4.0633354e-01   2.9018087e-01   2.6214579e-01  -1.3535720e-01  -1.3799625e-01  -1.9472314e-01  -1.9980444e-01   2.2252351e-01   2.1809244e-01   2.5180159e-01  -7.3098647e-02   2.1785256e-01   1.7962423e-01  -3.9248296e-01   2.7923921e-01   6.5227959e-01   3.3379579e-01  -4.3542399e-02   3.2542677e-01   1.6231187e-01   1.5656970e-01  -1.5322655e-01  -1.2123487e-01   2.5787194e-01  -3.7077917e-01   6.1329533e-01   2.2045362e-01  -2.5677185e-01   1.6306340e-01  -1.9213357e-01  -1.1698611e-01  -1.7709353e-01   1.6639649e-01  -2.0448007e-01  -1.2040872e-01   2.5920310e-01   2.5254817e-02  -1.7073174e-01  -4.2026935e-02   2.2646775e-01   2.5111800e-01  -3.8533129e-01   2.6899720e-01  -2.6429426e-01   4.6083514e-01   2.3282046e-01  -3.1141523e-01   4.0461386e-01  -1.2289280e-02   8.4080723e-02  -6.9295087e-02   6.0662040e-01   4.1798322e-01  -6.0816078e-02   1.1670056e-01  -1.0366719e-02   1.7551262e-01  -5.6167251e-01  -2.8246476e-01  -9.4682370e-02   4.5543585e-01  -5.3751811e-02   3.3943768e-01   7.5247805e-02  -4.2773814e-01   6.3549350e-01  -1.8375423e-01   3.3364331e-02   2.2004247e-01   2.7141271e-01   3.3484651e-02   1.6151119e-01  -3.0143811e-01   4.3925253e-01   3.1720975e-02  -2.4872984e-01  -2.9570859e-01   1.6620296e-01   8.7954467e-02   1.6359410e-01  -2.3479684e-01   1.3400461e-03  -1.4556155e-01   8.2692173e-02  -3.3321670e-01   1.4119838e-01  -1.3976557e-01   3.6709555e-01   9.2786966e-03  -3.5297397e-01   4.0689612e-01   5.7522466e-02  -6.8413285e-02   1.7389375e-01  -1.8729416e-01   1.4535971e-01   2.3222480e-01   2.1072634e-01   5.7855859e-01   6.3074974e-01   2.6613372e-01   3.5038280e-01   6.9550431e-02   1.6473226e-01  -4.0982614e-01   1.4603915e-01   6.4433233e-01   7.2684804e-02   7.1069447e-03  -3.6889783e-01   8.0156591e-02  -2.4097499e-01  -6.7302170e-03   8.2781051e-01   3.2317219e-01  -3.6987481e-01  -1.9278119e-01  -5.6645468e-02   2.3590148e-01   6.6625073e-02   8.0140788e-02   2.2738153e-01   6.4347994e-01  -3.4245712e-02  -1.6319541e-01  -4.3781183e-01   3.9852858e-01   8.9520828e-02   6.2953425e-01   4.4096711e-01   2.2760106e-01  -1.9108455e-01   3.8287051e-01   3.1649644e-02   4.4922734e-02  -9.8649184e-02   1.1393512e-01  -4.7332740e-02  -1.2288091e-01  -7.8912245e-02  -2.7491332e-01  -3.1110007e-01   1.7349036e-01  -3.7172743e-01   2.9411878e-01   1.0377931e-01   3.3236693e-01  -3.4947363e-01  -3.5052788e-01  -4.9784834e-04   3.2156759e-01   3.9494480e-01   1.8924683e-01  -5.9491156e-02   4.5267649e-01  -3.6032932e-02  -2.8709548e-01   5.0934017e-01   6.3664898e-01  -3.5936662e-01  -1.8286709e-01   3.0546780e-01   3.3516391e-01  -3.4704211e-01  -2.9095036e-01  -9.7423232e-02   9.4104002e-02   1.5522299e-01   3.3489014e-01   2.6071944e-01   7.2288243e-01
  -2.9419739e-01   5.5854044e-01   2.2284922e-01  -2.9118801e-01   0.0000000e+00  -3.7921377e-01   5.0801873e-01  -3.2490972e-01   1.8637847e-03   3.4086651e-01   1.5526082e-01   2.5216259e-01   3.1289577e-01  -4.8434099e-01  -5.5094655e-01  -2.7383817e-02   1.0509790e-03  -1.4694231e-01  -5.2883508e-02   8.8125346e-01  -3.2979901e-01  -6.1727246e-01  -5.4307995e-01   3.2709443e-02  -4.8492666e-02   5.4470117e-02   5.1087057e-01  -2.0543962e-01  -3.5485753e-01  -1.7614701e-01   1.5972823e-01  -4.0930009e-01  -2.1796632e-02   1.2286009e-01  -4.6084362e-01   7.0889553e-01   4.0338052e-01   4.1274158e-02   1.1862568e-01   3.5142703e-01   3.4582050e-01   1.5085715e-01   2.8271120e-01   1.0013165e-01   3.9057769e-01  -4.4705388e-01   5.1285190e-02   4.0148728e-01  -2.7199860e-01   5.9650838e-01  -4.7583506e-01  -1.3722451e-01   2.3076443e-01  -3.4261062e-01  -2.7728590e-01  -1.7199682e-01  -1.0918385e-01  -6.3205615e-01  -1.4303385e-01  -1.0270196e-01  -1.0675966e-01   5.1136269e-01   1.0491751e-03   5.6854387e-01   4.5903781e-01   1.6786088e-01  -2.1787774e-01   4.9346115e-01  -2.5387578e-01  -3.5364881e-01   4.9245930e-01  -4.9484882e-01   3.9972425e-01  -3.2177818e-01  -4.6878933e-02  -3.0824062e-01  -1.8072056e-01   9.5360423e-02   8.2710227e-01  -1.1472049e-01  -4.7238370e-01   2.7032471e-01   9.7572891e-03  -2.8002074e-02  -3.6486345e-01  -3.0715341e-01  -6.2785376e-02  -8.6317396e-02   2.8986878e-01  -1.8003346e-01   7.4796590e-01  -8.6371896e-02   3.1499200e-01  -2.5568598e-01  -2.3286799e-02   6.9876901e-01  -6.9487422e-02  -1.4193645e-02   6.0753817e-01  -1.1634876e-01  -2.0548242e-01  -3.2755946e-01  -3.9548976e-01  -3.5092079e-01  -6.2235227e-01  -4.2881326e-01   1.0277822e-01  -1.1202218e-01  -2.7189573e-02   2.0435024e-01   2.0236698e-01  -1.2748032e-01  -1.5375678e-01  -3.2672152e-01  -4.8396111e-01   7.4512066e-01   1.5282400e-01   4.2744359e-01  -1.2792990e-01  -3.8297762e-01  -3.9226329e-01   6.7826194e-01   4.5639054e-01  -5.1200499e-02  -4.5173054e-01  -2.9355499e-01   9.4728109e-02  -2.2130204e-04  -5.8904675e-01  -2.6838739e-01   4.2711881e-01   5.4082728e-01  -4.8516421e-01  -3.1689464e-01  -1.5117157e-01  -4.9275596e-01   2.9704891e-02  -3.1795697e-01  -4.8499255e-01  -1.7243555e-01  -1.0250384e-01  -4.2040341e-02  -2.0400098e-01  -1.9624339e-01  -1.3075666e-02   1.9674678e-02   2.8334234e-01   8.0087627e-01  -1.5669372e-01   2.9700369e-01  -5.3951187e-01  -3.9893978e-01  -4.2676759e-01   6.4164894e-01   6.1518157e-01   2.8344815e-02  -3.5957889e-01  -5.7405502e-02  -1.5900410e-01  -1.9203612e-01  -1.7829863e-01   1.2188388e-01   3.8289963e-01  -3.9587947e-01  -5.6004388e-01   6.9277957e-01   3.5675181e-01  -3.0728303e-01  -2.5589317e-01   4.6636048e-01   7.1422903e-01   1.5715913e-01   1.6636409e-01  -1.6776618e-02  -2.4030745e-01   2.7395271e-01  -5.1430125e-01
  -4.4544282e-02  -4.3771462e-01  -1.4548123e-01   3.7169628e-01  -3.7921377e-01   0.0000000e+00  -4.7814429e-01   2.0878455e-01  -6.8026937e-02  -1.0800490e-01   6.1939761e-02   4.1224536e-02  -1.4210045e-01   1.7043936e-01   2.9747753e-01   6.4030599e-02   1.8856106e-01   3.0983474e-01   2.1955959e-01  -4.7142333e-01   4.8815642e-01   6.2680897e-01   4.5256061e-01  -9.2456643e-02  -1.0076621e-01   1.1857250e-01  -6.3442104e-02  -1.4525598e-01   4.9875952e-02   4.0656624e-01  -3.7493357e-01   2.0619027e-01   1.2860979e-01  -1.5439791e-01   2.3024875e-01  -3.4349678e-01  -1.0174276e-02  -1.5175014e-01   2.2933433e-02  -3.5429626e-01  -1.0674811e-01  -2.7789384e-02   5.4285547e-02   3.2029329e-02  -2.2516996e-01   3.7087380e-01   2.3141868e-01  -3.0930151e-01   3.2018136e-01  -3.8977019e-01   4.6099019e-01   1.4313864e-01  -7.4072203e-02   2.6351942e-01  -3.5482395e-02   2.9623055e-01   4.7729605e-01   6.0261170e-01   1.6914303e-01   9.3028041e-02   2.3173626e-01  -1.4885360e-01  -2.0661050e-01  -4.4924769e-01  -6.1312714e-01   2.4430587e-01   7.3991281e-01  -3.9913504e-01   4.9145647e-01   2.7081914e-01  -4.4760106e-01   4.4280679e-01  -1.9078862e-01   1.3438689e-01   4.6877467e-02  -2.2740993e-02   1.6336082e-01   1.4556318e-01  -5.3084045e-01   3.3997173e-02   2.5901521e-01  -2.2190177e-01  -7.4805526e-02   1.1093836e-01   4.9477796e-01  -2.5622459e-02   2.4485222e-02  -1.4244349e-01  -2.9339841e-01  -3.0000448e-02  -5.9238503e-01   2.3220307e-01   1.0974970e-01   3.2210233e-01  -1.7865284e-02  -5.3397424e-01   7.9592458e-02   6.8706024e-02  -3.2770606e-01   3.9403304e-02   1.0022822e-01   3.8008457e-01   1.4084319e-01   2.1868513e-01   3.0291701e-01   1.2001770e-01   1.6506810e-01   2.9841126e-01  -2.9370964e-02   4.7653694e-01  -1.5549804e-01   4.0912147e-01   1.6075141e-01   9.1572286e-03   2.1566420e-01  -5.9355083e-01   1.5582290e-02  -1.3690286e-01   3.5598953e-01   4.2220711e-01   2.2560437e-01  -5.6210458e-01  -2.6778840e-01  -9.8908551e-02   2.3907074e-01  -2.1263329e-03   8.3805525e-03  -8.0309790e-02   2.3335296e-01   3.0005449e-01  -2.2107183e-01  -4.7401453e-01   6.3106230e-01   4.1423621e-01   1.7971901e-01   2.8035529e-01   3.4396741e-02   1.0167397e-01   6.2414451e-02  -1.3547349e-01  -1.8668675e-01  -3.5812919e-02   3.4090550e-01   4.7329730e-01  -1.7045000e-01  -2.7185491e-01  -1.3514959e-01  -4.1337473e-01   4.5363256e-01  -3.0510625e-01   4.3859675e-01   2.9246137e-01   3.0131723e-01  -4.0500644e-01  -3.2582585e-01  -3.7495042e-03   3.5014065e-01   1.5773400e-01   3.1390313e-01   1.3003721e-01   1.4852043e-01   8.7291773e-02  -2.3432310e-01   4.1125074e-01   5.8767618e-01  -4.9563959e-01   1.5603746e-01   5.5449843e-01   2.3002153e-01  -2.0853826e-01  -4.4305124e-01  -2.9442751e-01  -1.5493083e-01   6.8604679e-01   8.3267199e-02   6.7717973e-02   5.8912642e-01
  -3.0156411e-01   4.8702645e-01   2.7318088e-01  -4.0633354e-01   5.0801873e-01  -4.7814429e-01   0.0000000e+00  -4.6996331e-01  -1.2599262e-02   3.5440326e-01  -4.1356852e-01   1.6574393e-01  -5.4132286e-02  -5.4060143e-01  -5.4654194e-01   3.1187812e-02   9.7830765e-02  -6.2801282e-01  -1.5126628e-01   6.4386518e-01  -4.9801988e-01  -6.7495093e-01  -4.8307021e-01  -3.1307652e-01   1.2366934e-02  -2.8109441e-01   5.6156365e-02   1.1354472e-01   2.3642511e-02  -5.2284774e-01   6.0137052e-01  -2.9487231e-01  -8.8256198e-02   7.2161984e-01  -5.4644978e-01   5.0034853e-01   1.1486973e-01   5.2510225e-02   5.3838428e-02   6.5490393e-01  -1.0964397e-01   1.3492857e-01  -1.5185091e-01  -7.1428975e-03  -7.3233095e-02  -5.3571959e-01  -4.7391632e-01   7.0793882e-01  -3.6847925e-01   5.8824579e-01  -6.8992105e-01  -2.5401621e-01   6.4851990e-01  -3.1417410e-01  -1.7095623e-01  -3.7477289e-01  -2.2723175e-01  -6.8324072e-01  -3.6637656e-01  -4.1355385e-01  -2.8665088e-01  -1.1424161e-01   6.5449916e-02   7.1079842e-01   5.0176543e-01  -8.8753135e-02  -4.8033576e-01   1.9321635e-01  -7.5787418e-01  -2.7241671e-01   8.9195798e-01  -5.8589136e-01   2.1394691e-01  -5.1259281e-01   7.4746367e-02  -9.8177664e-02  -2.0751396e-01  -3.0832495e-01   4.3452313e-01  -1.4212649e-01   6.5009253e-02   2.2812781e-01   5.8554109e-01  -2.9128521e-01  -1.0672024e-01  -1.3224450e-01   1.4631875e-02  -4.2163650e-01   1.8973978e-01  -4.1129298e-01   5.8607009e-01  -1.5358870e-01   5.7634083e-01  -3.9608044e-01   4.5220135e-02   6.4979124e-01  -3.2678739e-01  -2.2640304e-01   1.0401904e-01   1.4373557e-01   3.3677264e-01  -4.8035330e-01  -2.5785313e-01  -4.9885976e-01  -5.6906565e-01  -3.3869545e-01   6.3854379e-02  -5.2472116e-01   2.2401545e-01  -2.8542777e-01   7.7017108e-01  -5.1164438e-01  -3.0130930e-01  -3.8810954e-01  -1.1617483e-01   5.8820408e-01  -2.6730113e-01   1.3948948e-01   7.7300355e-02  -4.4003636e-01  -3.3476016e-01   5.4568131e-01   1.3417003e-01  -2.0202913e-01  -4.6615161e-01  -3.9918880e-01  -2.8233875e-01   1.6144750e-04  -5.2707367e-01  -1.4166387e-01   6.6682343e-02   6.8292387e-01  -5.9270489e-01   1.3784135e-02  -2.5284364e-01  -4.6673206e-01   1.0947171e-01   2.4784692e-01  -4.7444183e-01  -1.0385395e-01  -2.6363345e-01  -1.8367455e-01  -6.5108322e-01   6.7149676e-02  -1.6210762e-01  -2.1496803e-02   7.1599580e-01   3.3855269e-01  -1.6976929e-01   7.4311157e-01  -5.8392721e-01  -2.6480308e-01  -4.5525151e-01   1.5096098e-01   6.1741963e-01  -2.5382575e-01  -3.7341600e-01  -2.1492946e-01  -2.8168820e-01   1.8310163e-01  -4.6284443e-01  -3.9386158e-01   4.5692708e-01  -7.1341797e-01  -6.0007564e-01   6.6999908e-01   1.0931557e-01  -5.7366002e-01  -3.8941434e-01   7.0473082e-01   5.8003710e-01   1.6843520e-01  -1.4334920e-01  -3.5111254e-01  -4.5786510e-02   4.3710749e-02  -5.5676647e-01
   4.9930741e-01  -5.1334372e-03   7.4321150e-02   2.9018087e-01  -3.2490972e-01   2.0878455e-01  -4.6996331e-01   0.0000000e+00   6.0457980e-01  -4.8416838e-01   8.5009791e-02  -2.8799958e-02  -1.6837464e-01   5.1666593e-01   3.5928421e-01  -2.1093886e-01  -5.1137866e-02   8.3725750e-02   4.3842292e-01  -4.4432448e-01  -1.1753126e-01   5.0296819e-01  -3.9148623e-02   1.3432092e-01  -2.7664828e-02   4.9394360e-01  -1.8142479e-01  -1.5374385e-01  -1.9645581e-02   1.4413937e-01  -4.0468550e-01   3.8353327e-01  -2.7765379e-01  -5.5292957e-01   4.7230817e-01  -6.1127407e-01  -2.5364359e-01  -8.2222603e-02  -4.0679294e-01  -3.5310760e-01  -2.3335020e-01  -3.5500533e-01   2.4355733e-01   2.9675111e-01  -1.9068324e-01   5.1166805e-01  -4.0246089e-02  -5.4075938e-01  -1.3260600e-01  -2.7831633e-01   2.5505629e-01   7.1545626e-01  -4.8512851e-01   7.1146798e-02   3.1932845e-01   2.2477298e-01   2.6767972e-01   5.8372986e-01  -7.9610801e-03   5.8837840e-01   7.2106190e-02  -2.3597082e-01   4.9372488e-01  -3.9098902e-01  -3.5443064e-01  -4.0406213e-01   2.6012998e-01  -4.9871547e-02   5.6225072e-01   2.6792842e-01  -4.1165152e-01   5.3616569e-01  -5.0387457e-01   5.8818969e-01  -1.5906743e-01   3.2102850e-01   1.5533462e-02   4.3713525e-01  -2.4725489e-01  -1.0882726e-01  -2.3846709e-01  -4.7865478e-01  -4.1153080e-01   6.1716752e-01   2.9809797e-02   3.1487759e-01   3.0967179e-01   3.4474282e-01   2.4506571e-01   3.3242626e-01  -3.1792264e-01   2.7834579e-01  -3.6093864e-01   5.5412405e-01  -2.3017492e-01  -3.0557703e-01  -3.1194547e-02   6.3023817e-01  -2.5958984e-01  -4.0903167e-01  -2.6491607e-01   4.6620030e-01   2.4037326e-01   6.7272359e-01   5.8995725e-01   3.9096348e-01  -3.8165123e-01   8.3283790e-01  -1.8523495e-01  -2.6412673e-02  -4.3978904e-01   1.4260765e-01   2.1031781e-01   3.8408623e-01   8.9951130e-02  -2.0683840e-01   4.4390374e-01  -3.4054280e-01  -1.0536319e-01   2.4786932e-01   3.7678454e-01  -2.5476878e-01   1.8230739e-01  -6.6169521e-02   6.2594200e-01   5.8030577e-01  -9.7477556e-02  -2.3947722e-01   6.3283301e-01   1.0819691e-01  -3.7708758e-01  -6.7828992e-01   4.9938849e-01  -2.7505455e-01   5.5009082e-01   6.6607792e-01  -2.1621206e-01  -3.3221119e-01   6.2767517e-01   2.7113594e-02   1.0777148e-01   1.7394269e-01   5.2095514e-01  -2.3800992e-01   2.1621488e-01   2.4916403e-01  -3.8470636e-01  -1.4359710e-01  -2.2857798e-01  -5.7223711e-01   4.7331349e-01   1.6590823e-02   4.2038880e-01  -9.7467594e-02  -2.8798848e-01   1.9397339e-02   3.3684480e-01  -8.0352173e-03   2.2943660e-01  -3.3336045e-01   3.8481184e-01   4.2521467e-01  -5.1238201e-01   3.3089109e-01   4.5195784e-01  -2.2822653e-01  -5.5226369e-02   4.2212324e-01   1.5832378e-01  -3.5157901e-01  -3.7947003e-01  -1.4071658e-01  -1.7378391e-01   5.7825102e-02  -3.0678718e-02  -2.9830899e-01   5.1036797e-01
   3.1473379e-01   3.7130628e-01   2.3480209e-01   2.6214579e-01   1.8637847e-03  -6.8026937e-02  -1.2599262e-02   6.0457980e-01   0.0000000e+00  -2.2721223e-01  -5.2042458e-02   1.6893026e-02  -2.2720482e-01   1.7202701e-01   1.3262323e-01  -2.4195858e-01   7.0696129e-02  -1.5964331e-01   3.9073959e-01  -7.3257427e-02  -3.5190757e-01   1.6681483e-01  -3.1713954e-01   8.4947780e-02  -1.0711704e-01   2.9829032e-01   1.0933887e-02  -7.9185568e-02  -1.2686513e-02   3.2596450e-02   6.3727256e-03   2.4563052e-01  -2.1826055e-01  -2.5684347e-01   2.8881925e-01  -2.4504074e-01  -1.8494219e-01  -9.7527201e-02  -3.2130787e-01  -2.2468141e-02  -1.5686231e-01  -2.0399908e-01   3.3435817e-01   2.6212318e-01  -2.9156888e-02   2.3852632e-01  -2.1873455e-01  -1.0722721e-01  -3.1551009e-01   4.8478537e-02  -7.2065221e-02   5.6866543e-01  -2.0428091e-01  -1.5787115e-01   1.2471177e-01   6.0582008e-02   6.7247152e-02   2.5944356e-01  -2.0939275e-01   4.2283170e-01   8.7727338e-02  -1.2381526e-01   6.8222771e-01   2.0795521e-02   4.3372293e-02  -3.9364644e-01   1.4708735e-01   1.3791434e-01   1.4354602e-01   1.3327261e-01   9.8045919e-02   2.3792142e-01  -3.3371388e-01   2.7517816e-01  -1.2510280e-01   1.8054388e-01  -6.5842995e-02   2.4197844e-01   8.0270175e-02  -1.5892132e-01  -2.5128290e-01  -3.9410729e-01  -1.0628895e-01   4.6467051e-01  -1.1071836e-01   1.1913486e-01   4.9635491e-01   9.5307375e-02   4.6737306e-01   2.1115396e-01   1.5781288e-02   1.9115980e-01  -1.7198775e-01   6.1383858e-01  -1.8485195e-01  -4.0480827e-02  -1.8077976e-01   5.0144413e-01  -2.7674060e-02  -1.8883056e-01  -1.5364870e-01   2.0548777e-01   7.2217978e-02   5.4373353e-01   2.8300720e-01   1.7838692e-01  -3.3326048e-01   5.4877420e-01  -9.3796068e-02  -1.2359612e-01  -1.5486160e-01  -6.2943139e-02   1.5568192e-01   1.6506327e-01  -3.2911165e-02   1.5467316e-01   3.4782805e-01  -2.9165095e-01  -9.5964055e-02   1.3739904e-01   1.8702986e-01   3.3812059e-02   2.8584886e-01  -1.0633077e-01   3.4958588e-01   3.5363816e-01  -9.4840944e-02  -1.9263308e-01   3.8317627e-01   9.8164472e-02  -3.1373953e-01  -2.4290109e-01   1.1163951e-01  -2.8011069e-01   6.9996725e-01   3.0728436e-01  -2.2318947e-01  -2.5055695e-01   3.3875951e-01  -4.4157612e-02  -2.3636860e-03   6.2729760e-02   9.7429066e-02  -2.5758041e-01   1.9922014e-01   4.4658620e-01  -1.0322545e-01   1.4874705e-01  -2.9067048e-01  -8.6752101e-02   1.6026149e-01  -1.6053016e-01   2.1207716e-01   2.7357047e-02   4.0466246e-02  -2.6153161e-02   1.5383651e-01  -1.3426079e-01   1.8333507e-01  -2.3924532e-01   1.3372480e-01   2.4414802e-01  -2.1419983e-01   6.9721471e-02   2.1674746e-01   1.1747693e-01  -7.3911596e-02   6.4110563e-02   2.5577768e-02   2.2825270e-02  -1.6803112e-02  -3.4208347e-02  -3.8568664e-02  -8.9258703e-02  -3.5845752e-02  -1.7411620e-01   3.2204922e-01
  -2.7728106e-01  -3.9809649e-02  -1.8946435e-02  -1.3535720e-01   3.4086651e-01  -1.0800490e-01   3.5440326e-01  -4.8416838e-01  -2.2721223e-01   0.0000000e+00   1.0883789e-01  -2.5801251e-01   2.9814161e-01  -4.1094497e-01  -1.5298786e-01  -5.2603683e-02   6.4738181e-02   1.1667200e-01  -2.2488134e-01   3.4684116e-01   2.5916372e-01  -3.2637904e-01   7.7219028e-02  -1.1581678e-01  -4.8821820e-03  -3.4990593e-01   3.6193889e-01   1.7371094e-02  -1.8501672e-01   3.1161729e-02   3.0469653e-01  -2.9252836e-01  -4.3846455e-02   5.0766686e-01  -3.5854375e-01   6.0692668e-01   5.0134740e-01  -5.5690704e-02   1.2258530e-01   2.8851224e-01   3.3302239e-01   6.6812134e-02   6.1172679e-02  -1.9065652e-01   2.2240673e-01  -2.3147793e-01   2.3413334e-01   5.6476445e-01   8.5440369e-02   2.0463807e-01   5.0202335e-02  -3.8545620e-01   5.6121886e-01  -1.2586054e-01  -1.8373660e-01  -2.0427130e-01  -1.8446971e-01  -2.2923328e-01   1.2942959e-01  -3.5769528e-01  -1.1533575e-01   7.9507249e-02  -2.3902957e-01   4.0672697e-01   8.3791151e-02   5.7791136e-01   1.3468735e-02   6.5620143e-02  -4.2013243e-01   3.5618888e-02   3.4111351e-01  -2.2785129e-01   4.9820622e-01  -3.1931687e-01  -1.3672282e-02  -2.6670192e-01  -6.5233259e-02  -2.7094815e-01   3.7288395e-02   5.6609668e-02   1.6357682e-01   3.9982432e-01   3.5230494e-01  -4.7334905e-01  -1.7109040e-01  -3.0882357e-01  -1.7676036e-01  -2.2608599e-01  -1.0501193e-01  -2.5334550e-01   1.3441270e-01  -3.1764980e-01   2.2577322e-01  -2.5789310e-01   7.2857933e-02   4.0906751e-02   1.5817418e-01  -3.1596318e-01   3.2922856e-01   3.0426073e-01   3.1543708e-02  -1.4333844e-01  -1.1118663e-01  -4.3007193e-01  -2.7864352e-01  -3.3926705e-01   1.9452364e-01  -4.3171213e-01   1.9930191e-01   3.4463167e-01   2.3615700e-01   3.5534692e-02  -7.1049400e-03  -2.4812396e-01  -1.6586099e-01   3.7257731e-02  -2.0915541e-01   4.0558723e-01  -2.5099110e-02  -9.5362483e-02  -3.2997155e-01   6.0539981e-02  -2.7592178e-01  -1.9687894e-01  -3.5656196e-01  -3.6992315e-01  -2.4816032e-02   1.1590813e-02  -3.6802858e-01   2.1172240e-01   3.1161213e-01   4.6342377e-01  -3.9819498e-01   3.0448553e-01  -1.9907388e-01  -3.5806982e-01  -3.5449168e-04   2.0446865e-01  -4.1244965e-01  -1.3636164e-01   2.9752538e-02  -5.1623760e-02  -3.3865939e-01  -1.9620230e-02  -8.6684327e-02  -1.4430620e-01   1.3180122e-01   2.3949519e-01   4.9261899e-01   4.8087342e-01  -2.1001224e-01  -1.1936477e-01  -2.7653126e-01  -2.8776097e-02   1.2285419e-01  -1.6996484e-01  -9.2509077e-02   2.0061902e-01  -2.1334950e-01   3.8764504e-01  -1.2575001e-01  -2.3411773e-01   7.4224573e-01  -9.9509754e-02  -2.3423109e-01  -8.2655501e-03   1.6995136e-01  -4.2282236e-01  -2.6434493e-02   2.3281042e-01   2.7102860e-01  -3.8068571e-02   2.5460846e-01  -1.8249134e-01  -9.7094647e-02   1.1570620e-01  -2.8711527e-01
   1.2579175e-01   5.8389714e-02   4.2004492e-02  -1.3799625e-01   1.5526082e-01   6.1939761e-02  -4.1356852e-01   8.5009791e-02  -5.2042458e-02   1.0883789e-01   0.0000000e+00   7.7508414e-02   2.7667519e-01  -4.7383531e-03   2.4893565e-01  -6.4860247e-02  -2.3107046e-02   6.5434635e-01   3.3156273e-02   2.6672830e-02   2.2676834e-01   4.2014057e-02   7.9560040e-02   3.2094855e-01  -1.8214006e-01   1.1644362e-01   2.0408777e-01  -7.2954632e-02  -2.5310686e-01   3.6558235e-01  -1.4592287e-01  -2.0783891e-01  -1.9618405e-04  -3.8724241e-01   1.5908524e-01   1.2979980e-01   8.3154356e-02   3.9421105e-02   7.4199437e-02  -3.2125205e-01   3.9181698e-01  -1.1108930e-01   2.2984343e-01   2.8513043e-01   4.3054234e-01   1.6946151e-01   7.1441634e-01  -1.7125243e-01  -3.3434969e-02  -9.0470854e-02   3.8035269e-01  -5.5528942e-02  -3.0633499e-01  -1.5360950e-01  -9.3622575e-02   2.2664024e-01   2.2276680e-01   1.0274508e-01   1.7397588e-01   3.9563007e-01   2.2037477e-01   3.3800687e-01  -1.6084584e-01   1.7879505e-02  -1.6037932e-01   3.7535878e-01   1.6323078e-01   1.0682464e-01   4.8689255e-01   2.4838903e-01  -3.6534744e-01   1.2590063e-01   1.7667020e-01   2.1902417e-01  -1.4861790e-01  -2.5723136e-01   1.3232511e-01   2.8417994e-01   1.3087470e-01  -7.9792279e-02  -1.9960597e-01   1.0563042e-01  -3.0745261e-01   5.8514134e-02  -3.2121081e-01  -1.9569659e-01   1.1520743e-01   2.8122279e-01   4.1705404e-02   1.8011200e-01  -8.4771897e-02  -9.0413310e-02  -2.4848460e-01   1.2120966e-01  -8.7234183e-02  -1.7008008e-01   1.2210819e-01   1.4704102e-01   3.5388672e-01  -3.2338106e-01  -3.8794190e-01   3.5170428e-01  -6.5929047e-02   1.9822942e-01   8.3175009e-03  -2.1500869e-01  -1.1714312e-01   2.3259454e-01  -3.3196735e-01   5.0764891e-01  -3.1252548e-01   4.4735435e-01  -2.8704557e-02   5.9992133e-02  -1.9934257e-01  -8.7231579e-02   2.8945631e-01   2.5678746e-01  -1.2933218e-01  -3.4603323e-02  -1.0791977e-01  -2.4449551e-02   1.4955093e-01   1.7490271e-01   2.8207997e-02   1.8102066e-01   3.3943315e-01  -1.3766768e-01  -6.4981562e-02   1.8507630e-01   3.1883017e-01  -2.2695321e-02   1.1859045e-01  -1.0341641e-01  -9.8786607e-02  -6.1810501e-03  -1.5540339e-01  -2.0009811e-01  -1.6506665e-02   3.7503018e-04   1.6589359e-01   2.2317622e-01   6.0413955e-01  -1.1085845e-01   3.6704230e-01   1.9372821e-01  -4.2681185e-01   3.5971021e-01   2.1731923e-01  -4.0202629e-01   1.7912829e-02  -3.6064685e-02  -1.5767755e-02   4.7633854e-01  -4.6196726e-02   2.0939720e-01  -6.4210480e-03   7.8956884e-02   4.2829487e-02  -1.6149213e-01   2.2079713e-01   6.8744542e-01   9.1259612e-02   3.7114231e-01   6.5649624e-02  -1.4877540e-01   2.7765717e-01   2.4513429e-01   1.1382183e-02  -2.7472090e-01  -5.8521372e-02  -1.5202203e-01   3.8569995e-01   2.9379049e-01  -1.9510714e-01   3.7458137e-02  -1.1880272e-02
  -1.5581965e-01   4.4433474e-01   2.7378003e-01  -1.9472314e-01   2.5216259e-01   4.1224536e-02   1.6574393e-01  -2.8799958e-02   1.6893026e-02  -2.5801251e-01   7.7508414e-02   0.0000000e+00  -1.2127784e-01  -8.1345345e-02  -6.2791710e-02   5.8343283e-03   1.3326025e-01  -1.4507279e-01  -1.0244150e-02   2.9141812e-01  -2.6071676e-01  -1.0673778e-01  -1.8612433e-01  -1.2752920e-01  -9.4666843e-02   8.6673287e-02  -7.3746160e-02  -1.3726971e-01  -6.2490259e-03  -9.0223069e-02   7.8391696e-02  -9.9025913e-02   1.2783655e-01  -1.1406663e-01  -1.8139198e-02   2.8438971e-02  -2.6492392e-01   3.9549253e-02   6.5162412e-02   8.1896452e-02  -9.8770875e-02  -4.5806036e-02   8.0087007e-02   3.7430711e-01   1.7553365e-01  -2.4129171e-01  -2.6327321e-02  -1.7895609e-01  -3.7362300e-02   2.2728884e-01  -3.4246365e-01  -5.5570130e-02  -1.0202596e-01  -1.2019102e-01  -4.6975210e-02   1.1029904e-01   2.1830919e-01  -2.7978839e-01  -1.5914639e-01   2.6215817e-01   1.3408883e-01   2.0244338e-01   4.5612624e-02   1.6065583e-01   1.8625124e-01  -2.7717122e-02  -1.6114106e-01   4.0305998e-02   1.0092606e-01  -2.3208341e-01   1.0111347e-01  -2.8832886e-01  -9.7064251e-02  -1.4366245e-01  -4.1360329e-03   3.7455912e-02  -2.2998939e-02   2.6039397e-01   4.9060942e-01  -1.1064686e-01  -2.4547950e-01   3.3243088e-02  -4.3810009e-02   1.7384525e-01   2.0392442e-01   1.1746351e-01   2.4819347e-01  -1.2296604e-01   1.0263298e-01  -2.1964843e-01   3.3801098e-01   2.1950448e-01   4.0927068e-01   1.2629482e-01  -8.8547604e-03   4.3160148e-01  -1.4509765e-01   1.7553739e-02   2.1504017e-02  -1.5738573e-01   1.0082645e-01   8.9187000e-02  -3.0265654e-02   9.2768715e-02  -2.7450432e-01  -1.9557796e-01   5.2327747e-02   9.6551835e-03  -1.3101468e-01   3.6725375e-02   2.8144876e-01   1.4478981e-01  -2.7048801e-01  -2.8486995e-01  -1.1518669e-01   3.9065743e-01   1.6849152e-01   1.5288177e-02   2.1118761e-01  -2.7958243e-01  -1.7768017e-01   5.1872764e-01   4.8322189e-01   3.4036573e-01  -2.7729041e-01  -1.0772539e-01   3.2575164e-01  -8.2862233e-02  -2.6510079e-01  -2.3580132e-01   4.2809204e-02   8.0151087e-02   1.8202889e-01  -3.7416282e-02  -1.4894721e-01  -3.7212038e-02   9.7850213e-03  -1.2554891e-01  -1.0318676e-01  -1.3672276e-01  -3.0436371e-01   9.0209730e-02   2.1087647e-01   2.1804492e-01   3.3271866e-01   1.2330518e-01   3.9361616e-01   2.4417287e-01  -2.1556789e-01  -6.3527797e-02  -3.1791642e-01   2.7921736e-02  -2.0749440e-01   3.4073109e-01   4.8658761e-01  -5.0011345e-02  -1.9659559e-01  -3.3563346e-02   1.5715348e-01  -2.7799712e-01  -2.6817503e-01   3.2704940e-01  -2.5801278e-01  -1.8624590e-01  -2.0699585e-01   4.9602608e-01   5.0102452e-01   1.4954395e-01  -2.0636160e-01   3.2722617e-01   3.6975272e-01   1.9052657e-02  -2.2234817e-01   4.1857726e-01  -1.4952489e-01   8.7236851e-02  -1.1690872e-01
  -1.5477504e-01  -1.6494492e-01   4.4488192e-02  -1.9980444e-01   3.1289577e-01  -1.4210045e-01  -5.4132286e-02  -1.6837464e-01  -2.2720482e-01   2.9814161e-01   2.7667519e-01  -1.2127784e-01   0.0000000e+00  -1.6660232e-01  -7.5991152e-02  -7.4794977e-02   4.4998663e-02   3.2050452e-01   4.2560325e-02   2.5295071e-01   2.1726225e-01  -1.4954006e-01  -1.8671179e-02   9.6690973e-02  -6.1621067e-02  -6.6490369e-02   2.1460248e-01  -1.2712286e-01  -1.9285454e-01   2.4532638e-02  -4.5160726e-02  -3.7462684e-01  -2.2976066e-01  -1.5077051e-01  -1.9368965e-01   2.2887677e-01   2.8051788e-01  -6.0803019e-02   2.3614743e-02  -4.9491606e-02   8.5292539e-01  -8.9010158e-02  -1.6291629e-02  -8.1111308e-02   2.1122922e-01  -1.1653030e-01   2.8721603e-01   5.4714192e-02   1.6939211e-01   1.5851077e-01   1.0255471e-01  -1.5416812e-01  -1.5297575e-02  -1.8011183e-01  -8.6254538e-02  -3.4418553e-02  -2.3169929e-02  -2.0007115e-01   2.3983062e-01  -4.6092190e-02  -6.2556740e-02   4.1242043e-01  -7.7859655e-02   6.0686993e-02  -5.1977063e-02   2.6622010e-01  -7.6287919e-02   1.5122216e-02   5.1016380e-02  -2.9714488e-02  -9.0861752e-02  -1.8804860e-01   4.9180969e-01  -1.5398181e-02  -1.4070843e-01  -1.8170335e-01  -8.9523277e-02   9.0376560e-02   1.5122241e-01   6.6078889e-02  -2.3017549e-01   3.0669560e-01  -1.6228652e-01  -1.0187359e-01  -2.5868534e-01  -1.5162404e-01  -2.2226561e-01   2.3002925e-02  -1.7232020e-02   6.2895014e-02   1.2146068e-01  -2.3617336e-01  -6.6455089e-02  -2.4364999e-01  -9.5728232e-02   6.4037228e-02   9.8438227e-02   5.0256078e-03   2.4873201e-01  -6.8625727e-02  -2.5375553e-01   2.6349692e-02  -1.6129157e-01  -4.6240307e-02  -2.0101909e-01  -2.5076933e-01   6.1159406e-02  -5.2036972e-02  -4.6440619e-02   2.3402944e-01  -9.7352612e-02   1.1349962e-01  -2.3359527e-03  -4.8745485e-02  -2.5272002e-01  -2.8998511e-02   8.0193837e-02   7.4532268e-01  -1.4085556e-01  -3.1580675e-01  -1.3576840e-01   9.8384117e-02  -1.2236808e-01   2.9084529e-02  -1.5466194e-01  -1.1860612e-01   1.4081245e-01   1.0437939e-01  -1.8979963e-01  -5.2352436e-04   5.7469299e-01   4.9831286e-02  -1.7724623e-01  -4.8014379e-02  -3.3821049e-01  -2.1106309e-01  -8.5971935e-02  -1.2902413e-01  -1.9368077e-01  -7.9647140e-02   5.3717563e-02  -4.3322650e-03  -5.6940481e-03  -1.8728501e-01   1.0755325e-01  -9.5899925e-02  -9.4191477e-02   2.0342767e-01   5.3771145e-02  -3.0138924e-03  -1.0740577e-01  -1.0692111e-01  -2.4164907e-01   1.6983317e-01   8.4643688e-02   1.4897997e-01  -7.7486508e-02   1.6891057e-01  -2.8118460e-01  -1.0961372e-01  -6.4496118e-02   9.5064541e-02   3.5435836e-01  -7.2609925e-03  -2.3125056e-01  -9.1140671e-02   2.5827729e-02  -1.4399215e-01  -3.0611477e-02  -5.6306775e-02  -3.4867633e-02   7.6216525e-02   2.5249156e-01   1.1057567e-02  -2.9496602e-01   3.0662211e-02  -2.6914206e-01
   6.5551904e-01  -2.5636434e-01  -2.1810231e-01   2.2252351e-01  -4.8434099e-01   1.7043936e-01  -5.4060143e-01   5.1666593e-01   1.7202701e-01  -4.1094497e-01  -4.7383531e-03  -8.1345345e-02  -1.6660232e-01   0.0000000e+00   5.5124668e-01  -2.2453807e-01  -2.1130436e-01   9.7095460e-02   7.2856460e-02  -5.5107354e-01   7.3362352e-02   5.1091746e-01   2.9576060e-01   3.4731915e-01  -1.5177149e-01   4.4222453e-01  -3.3298697e-01   3.0848930e-01   1.7863390e-02   2.5773671e-01  -4.2921471e-01   2.4009106e-01  -1.8691303e-01  -4.3473092e-01   7.7906184e-01  -6.1056174e-01  -2.3253722e-01  -1.1241498e-01  -3.5108508e-01  -4.8388545e-01  -2.3048581e-01  -3.7482836e-01   1.6985711e-01   1.6687594e-01  -1.8795563e-01   3.1657338e-01   8.9146037e-03  -4.9239573e-01   9.3199512e-02  -4.7648357e-01   2.9201731e-01   5.6861939e-01  -4.2514312e-01   1.6900641e-01   5.7321891e-01   4.3688027e-01   9.2693174e-02   5.3461043e-01  -2.5767120e-02   5.1719098e-01  -1.3801911e-01  -1.3557464e-01  -2.3457355e-03  -4.2877630e-01  -4.2146561e-01  -2.7613314e-01   1.5175457e-01  -3.7361053e-01   4.3545443e-01   1.8543767e-01  -5.5302494e-01   4.4717994e-01  -4.9978579e-01   5.7730661e-01  -1.8045191e-01   1.1215263e-01  -1.4635980e-01   3.1279772e-01  -3.8655213e-01  -1.5224144e-01   2.1351570e-01  -3.0070098e-01  -3.4957754e-01   4.3987787e-01   1.9575707e-01   1.3832690e-01   3.1029537e-01   5.3883652e-01  -9.0059692e-02   4.4678520e-01  -5.1042604e-01   2.9857472e-02  -3.7306024e-01   3.6827088e-01  -2.5573227e-01  -4.2970646e-01  -5.9821018e-02   2.4336903e-01  -3.3175475e-01  -7.6898350e-02   3.0003584e-02   4.7476124e-01   5.9105517e-01   5.3658522e-01   5.5121069e-01   3.0368740e-01  -4.4415682e-01   4.4910018e-01  -1.0722094e-01  -4.0944041e-02  -3.9889322e-01   3.1851591e-01  -5.5322000e-02   5.7341680e-01   4.6206487e-01  -3.9316818e-01   3.2158159e-01  -3.0809300e-01   1.4171561e-01   1.7787209e-01   1.8756917e-01  -3.8443348e-01  -7.2048971e-02   1.3244766e-01   4.8995807e-01   7.0260039e-01   9.2309281e-02  -2.2443522e-01   4.0683093e-01   1.4142923e-01  -3.6073909e-01  -5.8137169e-01   5.5746903e-01  -1.1361511e-01   2.3622128e-01   4.3728150e-01  -2.9324135e-01  -7.9315937e-03   7.0930250e-01   3.1559522e-01   4.1767822e-01   2.7046116e-01   3.1528198e-01   2.4870416e-02   2.3421987e-01   1.3376295e-01  -4.7064712e-01  -3.4749770e-01  -1.1842549e-01  -5.7899398e-01   4.8490957e-01   5.4078527e-01   2.5831029e-01  -1.5013415e-01  -4.8246068e-01   2.3322561e-01   2.2539718e-01  -1.0211639e-01   6.3932199e-02   1.4883475e-01   2.0294292e-01   2.0612350e-01  -5.0208493e-01   3.9569016e-01   3.8772162e-01  -3.7005504e-01  -6.8002190e-02   4.5023243e-01   1.6420009e-01  -4.2254735e-01  -3.9345115e-01  -2.0851667e-01  -2.6071217e-01   5.2088864e-02  -9.5614614e-02  -3.1214894e-01   4.1414921e-01
