   0.0000000e+00  -5.3556385e-03  -6.0678257e-02  -1.5986331e-01   4.5203922e-01  -2.8146032e-01  -3.2271892e-01  -1.5592613e-01   1.7561237e-01   3.1399244e-02  -1.0071019e-01  -1.5526484e-01   2.2224696e-01   6.9204650e-01   2.8468849e-01  -1.9347684e-01  -1.2978817e-01  -2.9944589e-01   7.4504037e-02   3.3347423e-01  -4.0544882e-01  -2.0771446e-01  -2.5564436e-01   7.3937251e-01  -1.6295032e-01  -1.4554696e-01   1.1905852e-02   4.5411187e-01   2.8993135e-01  -1.9949205e-01   8.6088547e-02  -2.1208521e-01  -5.8787035e-02   2.2587603e-03  -3.0189885e-01   5.7761413e-02   5.2758678e-01   1.4918757e-01  -2.3894758e-01   1.3130373e-01   1.3147022e-01  -1.1917151e-01   1.9919237e-01  -9.6645865e-02  -1.2782247e-01  -2.1413259e-02  -1.4988847e-01   1.4553510e-01   2.1319347e-01   1.1592991e-01  -1.4349443e-01   1.0076100e-01   3.1950811e-02   1.7301951e-01   2.8435761e-01   9.7900163e-02  -3.9462738e-01  -1.5468934e-01  -5.6004335e-02  -1.2919697e-01  -4.5029903e-02   8.8529511e-02   2.1233683e-01   4.0488026e-02  -7.1553715e-02  -2.7956196e-01  -1.6601139e-01   8.5751580e-02  -3.2516495e-01  -1.1332503e-01   3.3474219e-01  -1.3270327e-01   3.1617207e-02   3.6901071e-01   1.4814533e-01  -2.7929574e-01   5.6837424e-02  -3.1724370e-01   2.9131739e-01   1.1938244e-01  -2.1672500e-01   3.5564412e-02  -2.1175975e-01  -1.0156230e-02   6.3242311e-02  -2.0420057e-01  -2.2084328e-01   5.7289610e-01   1.4311779e-01   6.9689789e-01   3.2205544e-01  -1.6047218e-01   1.0084483e-01  -1.6248731e-01   7.0032433e-02   3.4786915e-01   1.4940435e-01   2.5614912e-02   9.8445667e-02  -1.0465969e-01   8.0405135e-02   1.0882733e-01  -3.0583597e-01   1.6662682e-02  -3.4489064e-01  -2.5414220e-01  -5.5615701e-03  -2.3104246e-01  -2.0386235e-02  -2.0833815e-01  -4.0399337e-01  -1.9792399e-01  -1.5515634e-02   6.1788276e-01  -1.0008895e-01   3.3244757e-01   1.2692558e-01  -3.4716163e-02  -3.4319843e-01  -1.0474650e-01   7.6636852e-02   2.7446810e-01   1.5462884e-01   1.9875743e-01   1.4746459e-01   5.9630409e-01  -1.0870291e-01   1.3425950e-01  -9.3580430e-02  -2.2214740e-01  -7.7257086e-02  -1.7305162e-01   2.5173214e-01  -7.8710231e-02  -5.0295149e-02  -1.8166507e-01  -2.7323923e-02  -1.8214183e-01  -2.0246964e-01   2.6543002e-01   7.1793669e-01  -5.0165936e-02  -2.6608491e-01  -3.1990799e-01  -4.3485636e-02  -3.0252755e-01   4.2737683e-02   1.3315545e-01  -4.2667475e-02   3.7452409e-02   2.5979484e-01   4.9200929e-02   3.9423342e-01   2.0087051e-01   2.9138976e-02   4.2363224e-01   7.8877534e-02   5.1049815e-02  -1.0890543e-02   5.0744505e-02   7.4720799e-03  -3.6028965e-01   2.9248452e-01  -2.5066075e-01  -1.4611195e-01   1.4072652e-01   1.0195453e-02   5.8031310e-01   2.6324729e-01   1.3727370e-01   2.6920132e-01   4.0874315e-01  -9.5973199e-02  -3.8867352e-01  -2.1870760e-01  -8.3227259e-02  -4.7694701e-02
  -5.3556385e-03   0.0000000e+00   4.1327176e-01   1.2468646e-01   9.9362637e-02   5.6902496e-02  -4.3047422e-02   2.2210207e-01   2.1554018e-01  -1.9938035e-01  -5.7239589e-02   2.7644104e-01   8.0922796e-02   1.2201310e-01   4.3667156e-02   1.7119454e-01   4.9989581e-01  -1.1775042e-01   1.4077989e-01   2.2820619e-01  -1.4404137e-01   2.7125810e-01  -2.0891975e-01  -1.2807571e-01  -4.0684333e-01   2.6863161e-01   9.2453451e-02  -2.3821684e-01   2.3311156e-01   2.1469772e-01  -1.2629870e-02   3.6463453e-01   4.7293524e-01  -2.7774299e-02  -7.6426638e-03  -1.2373319e-01  -1.0098236e-01  -1.2272538e-01   1.6601194e-01   1.4110962e-01   1.1441311e-01  -8.8266048e-02   4.5372624e-01   7.2578541e-02  -2.4842584e-01  -1.3168737e-02   2.2544030e-02  -4.8884563e-02  -6.4754162e-02   3.1478612e-01  -1.5137798e-01   1.6489472e-01   8.7026181e-02  -2.1733254e-01   2.2242829e-02   1.2064936e-01   1.5305661e-01   1.4494964e-01   1.9568566e-01   3.1579892e-01   1.1734907e-01  -3.2956446e-01   2.6327410e-01   1.6850097e-01  -1.1858398e-01  -9.4797811e-02   3.4553300e-01   1.1657901e-01   1.4046343e-01   3.6942888e-02   3.4931577e-01  -1.7648430e-01   3.2773945e-02   2.4634623e-01  -4.2582946e-02   3.1492013e-01   7.4306544e-02   2.1433081e-01   3.6697070e-01  -2.8172536e-02  -3.3521146e-01  -2.0475820e-01   6.9133589e-02   2.7865914e-01   9.8686277e-02   3.0029106e-01   5.0439897e-02  -5.8087846e-02   8.7019376e-02  -4.0417081e-02   2.5660768e-01   2.3547415e-01   4.1495358e-02   2.6302430e-01  -1.6214454e-01   2.3162497e-01   5.2595276e-03   3.4250497e-01  -4.4627540e-02  -2.6394866e-01   6.4028705e-02  -1.1160707e-01  -5.4344025e-02   4.6464923e-01  -1.1112055e-01   2.1354366e-01   1.3198448e-01   2.5100556e-01  -1.3518863e-01  -1.9299788e-02  -1.5133628e-01   3.0061757e-01  -3.3914032e-02   7.8819475e-02  -9.8683105e-02   1.9560136e-01   1.8581337e-01   1.9724817e-01  -1.1785980e-01   1.2365687e-01  -1.5266727e-01   3.6026267e-01   4.0267585e-02   2.9933084e-01   7.0458666e-03   1.6135798e-01   1.4262945e-02   2.7788269e-01   2.8716842e-01   1.9667216e-01   1.9533987e-01  -1.6981191e-01   2.7245235e-01  -2.0451704e-02   3.1919844e-01   3.6631451e-01   2.3245225e-01  -5.5033880e-02   3.0781998e-01  -1.8544568e-01  -1.7097519e-01   3.9544065e-01   1.2938238e-01   1.1418142e-01   2.7986757e-02  -2.2033811e-01   2.7836696e-01   6.5002882e-02  -6.9621452e-03  -2.0182226e-01  -2.3027306e-02  -1.3065335e-01  -2.3826491e-01   7.2474537e-03   3.2168479e-01  -1.9869050e-01  -1.3997377e-01   8.0055202e-02   2.6011874e-01   6.0952799e-03  -4.3756797e-01   1.5976973e-01  -2.5942147e-02   1.0093715e-01   4.0545486e-01  -2.0807394e-02  -8.8483016e-02  -2.9131251e-02  -7.7720273e-02   3.6944042e-02   2.8471232e-01  -1.5034753e-01  -1.7114523e-01   1.6719262e-03   1.4756136e-02  -3.0011426e-01  -4.2028854e-02
  -6.0678257e-02   4.1327176e-01   0.0000000e+00  -2.0707149e-01   1.5637049e-01   1.7253555e-03  -3.1803115e-01  -6.1037703e-02  -1.8049533e-02  -3.8174946e-02  -2.9675311e-01   7.2825730e-02   1.0650566e-01  -1.0968992e-01   1.9469557e-02   1.4444889e-01   9.1785503e-01  -3.8200884e-01   2.1427446e-02   3.4739490e-01  -3.3978674e-01  -3.1444202e-01  -8.2991785e-02  -7.1675144e-02  -1.2261990e-02  -1.7776251e-02   1.5636399e-01  -7.1908833e-03   2.5435723e-02  -3.2390095e-01  -8.0576190e-02  -1.7250053e-01   2.4180852e-01   4.1979991e-01   1.0332897e-01  -1.1999918e-01  -1.7623562e-01  -1.8698263e-01  -3.6398889e-02   5.8572030e-01  -1.3897938e-01   2.5613872e-01   5.2592861e-01  -2.2306970e-01  -2.3074301e-01  -7.7174593e-02  -2.0489408e-01  -1.1391954e-01  -1.3865532e-01   6.7629423e-01  -3.8363667e-01   4.1600610e-02   1.5325992e-01   3.0617544e-01  -9.6867849e-02  -3.5556599e-02   1.8545763e-01  -2.0077685e-01  -2.3386079e-01   2.9674377e-01   1.1822928e-01  -2.3825036e-01   1.7001420e-01  -3.5914743e-02  -3.0727977e-01  -2.4704594e-01   5.3081372e-02   1.6660263e-03  -4.3806282e-02   4.8352056e-01   4.9104734e-01  -3.8238873e-01  -6.2194583e-02   2.4559515e-01  -2.0829250e-01  -1.0707401e-01   2.3500382e-02  -4.6620634e-02   3.9420655e-01  -2.3992615e-01  -8.9480586e-02  -1.3838067e-02   1.7126764e-01  -1.1198161e-01   2.1948441e-01  -9.5842348e-02  -1.4590513e-01   9.8780164e-02   3.9051721e-01  -8.4441846e-02   5.5048600e-02   4.6965327e-01   5.6505772e-01  -1.1505006e-01  -1.1358732e-01   4.4741210e-01  -1.6252018e-01   3.4404702e-02  -1.6879577e-01  -5.7837126e-02   2.8793005e-01  -2.5802735e-01  -3.5975664e-01  -3.5203838e-02  -4.4046572e-01  -1.4971096e-01   4.6099905e-01  -5.8285967e-02  -1.0808468e-01   1.0010125e-01   1.6780986e-01  -1.9901682e-01  -2.4827246e-01  -1.5096637e-01   3.3724165e-01   1.8426483e-01  -8.7040253e-02   1.5485148e-01   1.5366042e-01  -2.1863898e-01  -1.5350129e-01   4.4474280e-01   2.8897825e-01  -2.0106318e-01  -1.2713468e-01  -4.5580985e-02   1.5251622e-01   9.6768820e-02  -1.8174560e-01   6.3360754e-01   4.7356305e-02  -1.9114698e-01  -4.9175656e-02  -4.1556665e-02   2.3609724e-01  -4.2397752e-02  -7.1181740e-03  -5.1573262e-02  -6.3242648e-02   1.3592506e-02  -6.3955216e-02   2.1278818e-01  -1.8958981e-01   3.8130705e-01   7.6803956e-02  -4.9445866e-01   6.5889455e-01  -2.8233085e-01   2.8157701e-01  -3.0343187e-01   4.3511066e-01  -2.4416608e-01  -1.2681755e-02  -9.7068846e-02   8.7024515e-01  -8.2668338e-02  -2.2340568e-01  -2.3954240e-01   3.2159513e-01  -2.2167797e-01  -1.1752007e-01  -2.0362622e-01   5.4870405e-02  -4.6926715e-01   7.7046558e-02   2.4322152e-01  -2.3028650e-02  -1.4235366e-01  -2.0264753e-01   2.7262841e-01   4.7748908e-01  -1.2813177e-01  -4.8228113e-01   1.7831670e-01  -7.1316000e-02   7.5182963e-02  -1.5000310e-01
  -1.5986331e-01   1.2468646e-01  -2.0707149e-01   0.0000000e+00  -1.4289801e-01   3.4537456e-01   2.8476915e-01   4.5084855e-01   1.6528147e-01  -1.8018798e-01   4.5332434e-01   1.4395799e-01   2.6587855e-01  -5.7795324e-02  -8.6605780e-02   3.8515246e-01  -1.3271870e-01   4.3451383e-01   3.1932757e-01  -2.5907178e-01   2.4005527e-01   5.0334571e-01  -1.6080622e-01  -1.1275812e-01   3.6352054e-01   3.6704369e-01  -9.8228116e-02  -2.3119811e-01  -1.7274925e-01   6.0211857e-01  -7.9884941e-02   5.0888396e-01   5.3713580e-01  -4.3974806e-01  -1.6112748e-01   9.8784630e-02  -8.7566635e-02   1.8905792e-02   4.5070655e-01  -3.7289494e-01   4.8091533e-01   3.6418335e-01  -2.0888484e-01   3.1451790e-01   7.1593765e-02   5.4184368e-02   3.4394123e-01  -8.7740060e-02  -4.1476941e-02  -4.9981358e-02   3.2375909e-01   2.0780522e-01  -8.2368060e-02  -1.8540895e-01   1.7221533e-01   3.5054839e-01   2.8340868e-01   5.7060536e-01   6.2742148e-01  -1.1686818e-01   1.7107784e-01   1.7288536e-01   1.9550246e-01   1.0314053e-01   1.0807554e-01   8.4902861e-02   2.9679816e-01   1.8239958e-02   4.1019676e-01  -2.0136659e-01  -1.5131299e-01   4.5191194e-01   1.6178056e-01  -1.0494384e-01   1.0768343e-01   4.6082185e-01   2.0675641e-01   4.0488438e-01  -2.2254742e-01   3.8495477e-01  -1.1389650e-01  -1.7136449e-01  -1.0205172e-01   3.4980438e-01  -8.9576185e-02   4.1919469e-01   1.7856093e-01  -1.1906911e-01  -3.0333027e-01  -1.3779787e-01  -2.5260344e-02   9.0753785e-02  -3.7400784e-01   1.6042086e-01  -4.1561035e-02  -3.2805113e-01   2.9182540e-01   3.2080664e-01   4.9889238e-01  -7.7971793e-02  -2.8826211e-01   4.3100916e-02   3.6554614e-01   5.3872503e-01   3.1105017e-01   5.8362029e-01   1.0675832e-02   6.1895670e-01   1.1699947e-01   1.3448137e-01  -2.4649731e-01   5.8047057e-01   6.0834376e-01   1.2851131e-02  -3.0554734e-01  -5.4160592e-02   2.8898266e-01  -1.0300107e-01  -2.1924567e-01   7.6211109e-01   1.0665127e-01  -3.4472049e-01  -2.5766660e-02   1.3083089e-01   9.9405394e-02   8.7237105e-02  -2.1217499e-01   1.9122393e-01   4.3888045e-01  -2.1669451e-01   2.1532080e-01   8.3191020e-02   3.7334448e-02  -7.2434488e-02   2.0834135e-01   4.3682656e-01   4.2938630e-01  -8.8290132e-02   4.5047402e-01  -1.0673666e-01  -1.2039948e-01   3.6633498e-02   5.1854117e-01  -1.4038097e-01  -2.8497100e-01   1.6726218e-01  -3.6129644e-01   1.3180923e-01  -1.0941967e-01  -2.2406840e-02  -3.8408182e-01  -7.7389572e-02   2.2813993e-02  -2.7277204e-02  -2.7992773e-01  -1.3605121e-01   3.3508999e-03   5.3148507e-01   2.1232584e-01   2.6924066e-01  -6.1724998e-02   4.5926838e-01  -1.6928404e-01   4.8677520e-01   3.5569846e-01  -1.0675839e-01  -7.9317734e-02   3.8303676e-02   1.1962073e-01  -1.0982077e-01  -3.0751132e-01   1.2508141e-02   3.9114499e-01   1.4575376e-01   2.5854135e-01   2.2946777e-02   5.1204681e-01
   4.5203922e-01   9.9362637e-02   1.5637049e-01  -1.4289801e-01   0.0000000e+00  -3.5657000e-01  -4.5026123e-01  -1.3987586e-01   3.0922036e-01   1.2845568e-01  -2.9966021e-01  -2.6137188e-01   2.3270201e-01   1.5912222e-01  -2.3521566e-01  -1.5873857e-01   1.1537065e-01  -3.4957630e-01   4.9399721e-02   6.8497771e-01  -5.3870005e-01  -1.2798360e-01  -3.1994309e-01   3.5964328e-01  -5.2939830e-02  -2.0764313e-02   1.5129853e-01   4.9987591e-02   2.8540675e-01  -1.7735458e-01  -1.7752113e-01  -2.1674483e-01  -1.6344159e-01   1.5183460e-01  -2.8645437e-01   2.1597235e-01   4.6549999e-01  -1.5056221e-01  -9.3021970e-02   3.9811123e-01   2.0814727e-01   1.1576019e-01   3.3448107e-01  -3.2132221e-01  -9.0220431e-02  -3.4540726e-01  -2.0860990e-01   2.0846372e-01   3.5321423e-01   3.8504403e-01  -3.2139547e-01   1.6305811e-01   2.6649807e-01   1.9443260e-01  -9.8853847e-02  -4.4514380e-02  -2.2530251e-01  -4.2424241e-02  -1.5942618e-01   2.7265398e-03  -2.1066566e-01   8.2326449e-02   3.8025207e-01  -2.6883024e-01   4.9060950e-02  -2.9112641e-01  -1.2038697e-01   3.7703432e-02  -1.9574988e-01  -1.6728884e-01   5.9593932e-01  -3.2393107e-01   2.4845480e-01   7.8020171e-02  -2.0258294e-02  -2.3268021e-01  -2.5366740e-01  -8.2179334e-02   6.7550731e-01  -5.6747650e-02  -3.7019059e-01   2.7230272e-01  -2.1568368e-01  -1.6511974e-02  -2.4744485e-01  -1.9769233e-01  -3.5266471e-01   2.5633552e-01   1.8958392e-01   2.8248162e-01   4.4480248e-01  -2.1903806e-01   3.2180705e-01  -6.4031981e-02  -1.3886417e-01   6.4760991e-01  -2.2269212e-02   1.4203984e-01   1.5475984e-01  -4.7935487e-02   5.1657928e-03  -2.5774103e-01  -4.9650337e-01  -8.2921349e-02  -4.3000582e-01  -1.7263542e-01  -1.5050768e-01  -4.9929826e-02  -5.0313188e-02  -2.2799470e-01  -3.5275906e-01  -1.1270333e-01  -1.9760973e-01   1.2801466e-01   5.5415280e-02   6.1335730e-01   1.7312175e-01   3.9714145e-01  -4.4272245e-01  -1.1838341e-01  -2.4658605e-01   5.0025430e-01   1.8697403e-01   1.9069018e-01  -1.9929736e-01   2.4818980e-01  -2.0334704e-01   7.7586321e-02  -1.5079015e-01  -6.8215322e-02   6.5453883e-02  -2.4508600e-02  -1.4385576e-01  -9.7638861e-02   9.9166356e-02  -1.4305431e-01  -1.7870617e-02  -2.8882742e-01  -1.9385846e-01   2.2407754e-01   3.4952005e-01  -5.6022286e-02  -2.5354050e-01  -3.5312402e-01  -1.6646336e-01  -4.2924111e-01   2.0344796e-01   1.2248674e-01   1.1249778e-01   8.5162585e-03   4.0374631e-02  -1.1232793e-02  -2.5255358e-02   2.5053950e-01   3.1804588e-01   3.3966063e-01  -1.7670937e-01  -1.7850856e-02  -1.1690329e-01  -1.4091905e-01   1.0931103e-02  -2.8467900e-01   2.9928355e-01  -4.0034053e-01   1.7229299e-02   3.8570792e-01   1.0231850e-01   8.0748451e-02  -1.6041234e-01   3.7918810e-01   5.2182381e-01  -1.0075616e-03  -1.8977808e-01  -4.0951556e-01  -2.9668559e-01   8.6779866e-02   8.5344572e-02
  -2.8146032e-01   5.6902496e-02   1.7253555e-03   3.4537456e-01  -3.5657000e-01   0.0000000e+00   6.5733386e-01   1.2756637e-01  -2.9284718e-01  -1.6574989e-01   4.2877033e-01   3.2999081e-01   4.8142563e-02  -1.1551012e-01   3.2407733e-01   3.4139708e-01   1.0744443e-01   3.6532597e-01   1.2370839e-01  -1.9753024e-01   3.8102514e-01   1.5478757e-01   8.2789714e-02  -1.3364783e-01   1.5195356e-02   1.6495782e-01   2.0175187e-01   2.7118548e-02  -1.4240848e-01   3.8172169e-01   9.5039251e-03   5.5720325e-02   2.5048225e-01  -3.2398838e-01   2.7777342e-01   2.3856369e-01  -3.8928199e-01   3.4379225e-01   1.4406141e-01  -2.1264011e-01   1.1615014e-01   9.3361205e-02  -4.4788671e-01   4.9141490e-01   1.6229233e-01   4.9887573e-01   5.2736867e-01  -3.0592152e-01  -2.1716514e-01  -3.1050657e-01   2.8276854e-01  -1.7329853e-01  -4.3941066e-01  -1.9292241e-01   1.5060560e-01   4.8702512e-01   2.9699441e-01  -1.3433613e-02   3.2810470e-01  -3.3019613e-01   3.6930613e-01   9.9014211e-02  -3.0217795e-01   1.3726122e-01  -3.8653069e-02   4.9157446e-01   7.0713633e-01   8.3620104e-03   4.4243090e-01   4.0201818e-01  -4.3533122e-01   2.6405786e-01  -1.6736448e-01   1.5429015e-01  -1.1595313e-01   9.4276618e-02   4.4510359e-01   1.6760876e-01  -4.1921256e-01   7.2515610e-02   3.0605263e-01  -3.2244917e-01   1.8401420e-01   2.9862882e-01   4.4570828e-01   1.2977873e-01   3.2561475e-01  -2.2841001e-01  -3.6045050e-01   3.7301666e-02  -4.2220263e-01   3.0938630e-01  -4.1605570e-01   7.0150969e-02   2.9062560e-01  -4.8205468e-01  -3.6555330e-02   4.3636377e-02   3.0465395e-01   3.6415093e-01  -1.1337672e-01   2.9886219e-01   3.5268380e-01   1.9403184e-01   5.0166997e-01   3.7153473e-02   2.0994911e-01   3.9823986e-01  -3.0198985e-01   3.8537732e-01   2.6065289e-01   3.1460470e-01   2.3707566e-01   7.5050351e-02  -5.8407965e-02  -4.6695080e-01  -4.2920164e-02  -1.7773890e-01   4.0269504e-01   2.6227721e-01   3.7149000e-01  -5.5679380e-01  -2.1049243e-01  -6.8915398e-03   4.2025060e-01  -5.3530684e-02   2.2162459e-01  -3.6584055e-02   1.0684421e-01   2.6253076e-01  -9.7768652e-02  -6.9246513e-02   7.0910021e-02  -1.0316555e-01  -1.8779327e-01   4.9723493e-02   3.6587084e-02   2.3435155e-01  -3.1327511e-02  -2.3630755e-01  -1.2953007e-01   4.3444996e-02   2.2958191e-01   5.3750290e-01   4.8813605e-03   1.6500231e-01  -3.8619169e-01   1.7278658e-01   1.8932529e-01  -1.4276995e-01   1.4626202e-01  -1.7295421e-01   2.0223833e-01  -1.5095351e-01  -2.4425839e-01  -1.5289247e-01   3.2550130e-01   2.8620350e-01   3.9502289e-01   1.3513649e-01  -2.9016127e-01   2.1774182e-01  -2.4149070e-01   4.0648763e-01  -7.1361841e-02  -3.8343466e-01   1.3149361e-01   2.4227786e-01   3.1700821e-01  -4.0790162e-01  -4.5657496e-01   2.5125713e-01   2.9822894e-01   7.4021145e-01   9.3882695e-02  -1.1066503e-01  -1.5785948e-01
  -3.2271892e-01  -4.3047422e-02  -3.1803115e-01   2.8476915e-01  -4.5026123e-01   6.5733386e-01   0.0000000e+00   1.0673981e-01  -4.3567235e-01   7.7583286e-02   3.5593821e-01   5.0393807e-01  -4.9751308e-02  -1.7095648e-01   1.5550105e-01   3.4380942e-01  -1.8529052e-01   4.7358827e-01   1.2162491e-02  -3.2917225e-01   5.5236778e-01   3.7237896e-01   2.6126474e-01  -2.3388714e-01  -1.2583835e-01   1.8651192e-02   2.5939070e-01  -8.4906183e-02  -1.1686643e-01   4.0057822e-01  -1.7715302e-01   2.5382810e-01   6.2853221e-02  -3.3282320e-01   2.7085558e-01   2.6273412e-01  -3.6455499e-01   2.3761458e-01   2.2874207e-01  -3.6095536e-01  -6.2713902e-04  -1.2523649e-01  -6.2376083e-01   2.9420499e-01   3.4547159e-01   3.9376586e-01   5.0237976e-01  -1.5032768e-01  -2.0679948e-01  -5.3929516e-01   5.2435581e-01  -2.2674152e-01  -5.1786014e-01  -3.0085522e-01   6.3049407e-02   2.3682328e-01   7.3216520e-02   1.6308480e-01   2.7427120e-01  -1.9464127e-01   1.8841263e-01   1.9680955e-01  -4.2766888e-01   2.3136282e-02   1.1034425e-02   6.8713769e-01   6.1895472e-01   7.3290568e-02   3.7361540e-01   2.5884910e-01  -6.1878818e-01   5.2726799e-01  -1.1592669e-01  -5.4759087e-02   2.0605858e-02   2.1114207e-01   2.9397725e-01   1.4449442e-01  -5.2284670e-01   1.0018124e-01   4.1882093e-01  -1.2128950e-01   1.4396076e-01   2.1002680e-01   2.5687333e-01   1.9684782e-01   3.8270298e-01  -2.8497155e-01  -2.4792193e-01  -9.1565809e-02  -4.8020844e-01   6.9407617e-02  -4.8391824e-01   2.1507163e-01   1.2329608e-01  -5.8256195e-01   1.2844283e-01  -3.6767337e-02   8.2700571e-02   4.5319261e-01  -2.5553843e-01   2.8871621e-01   5.6415186e-01   1.0902344e-01   6.8420222e-01   1.8709347e-01   4.2037791e-02   2.5304909e-01  -2.1919827e-01   3.5101658e-01   3.4028624e-01   3.8136919e-01   2.7449391e-01  -2.9718869e-03  -1.2245524e-01  -6.0834019e-01  -1.0925073e-01  -8.3714255e-02   3.5205138e-01   2.5571280e-01   2.2727372e-01  -6.3100207e-01  -4.6056419e-01  -2.5051283e-02   2.5823500e-01  -7.3651567e-02   1.8083169e-01  -1.8116203e-01   2.6796938e-01   9.2172719e-02  -4.0344036e-02   3.7580459e-02   7.0280121e-02  -1.4249040e-01  -1.2885466e-01   5.5894470e-02  -8.1310315e-02   2.2811723e-01   5.1247215e-02  -1.6952884e-01  -2.3510286e-01  -1.1700012e-01   2.8764276e-01   3.6335403e-01   6.3428090e-03   4.6657257e-01  -4.9770288e-01   1.2307571e-01   2.0904493e-01  -4.5319960e-03  -1.1200794e-01  -4.6455370e-02   1.1749867e-02  -2.0736479e-01  -5.0396320e-01  -1.6747179e-01   2.3888391e-01   2.3593576e-01   1.0104139e-01   1.6602657e-01  -2.2591131e-02   1.8103713e-01  -1.9560481e-01   5.9888341e-01  -1.0601071e-02  -4.7018455e-01   1.8213062e-01   7.0041307e-02   2.5073882e-01  -5.2299288e-01  -7.0839974e-01   6.9508876e-02   3.7999460e-01   5.1373757e-01   1.3380322e-01  -2.0767892e-01  -2.5869854e-02
  -1.5592613e-01   2.2210207e-01  -6.1037703e-02   4.5084855e-01  -1.3987586e-01   1.2756637e-01   1.0673981e-01   0.0000000e+00   2.0602526e-01  -1.1518599e-01   3.8463970e-01   1.9918345e-01   1.3494835e-01   1.0679548e-02  -3.4096173e-02   2.3505664e-01   1.8702924e-03   2.4972927e-01   3.9174823e-01  -9.6955185e-02  -4.9956725e-02   4.1481993e-01  -2.3737398e-01   4.8927912e-03   2.4845519e-02   3.7652118e-01  -1.4902404e-01  -3.1911219e-01  -7.9913684e-02   2.4781135e-01  -2.0368748e-01   5.2841953e-01   3.3572731e-01  -1.9122651e-01  -3.2696345e-01   5.7322673e-02  -4.9357320e-02   1.4886776e-02   2.5963376e-01  -3.6803610e-01   3.6212359e-01   1.7550838e-01  -2.2097779e-03   2.4707622e-01  -8.4992450e-02   1.9837178e-02   2.0129567e-01  -1.2770528e-01  -1.1469231e-01   2.5188415e-02   2.5151270e-01   5.4837427e-01  -3.7916797e-02  -1.4836694e-01   1.0982199e-01   2.6602721e-01   3.6573488e-01   4.0465621e-01   5.9601175e-01   1.3495552e-02   3.1089341e-01  -6.5163350e-02   4.9159585e-02   1.9133351e-01  -1.0932833e-01   3.7286547e-02   1.0788771e-01  -6.0518454e-03   3.5193802e-01  -3.1810284e-01  -4.6815538e-02   2.0977323e-01   1.0875480e-01   5.7154271e-02   1.5826851e-01   5.3007305e-01   3.2941999e-01   3.9493349e-01  -4.9953986e-02   2.8036879e-01  -3.6390405e-01  -1.0797133e-01  -3.7833069e-02   5.5419749e-01  -2.5707050e-01   5.4418914e-01  -5.0309054e-02   2.9888499e-02  -1.6075039e-01  -1.0174929e-01  -8.6094162e-03   2.3876490e-01  -1.3873711e-01   1.4493095e-01  -6.0304362e-02  -9.1931874e-02   2.9450798e-01   5.6446777e-01   2.2110845e-01  -1.9569771e-01  -3.6290210e-01   2.0738789e-01   1.9900711e-01   3.2291915e-01   1.3090522e-01   5.7579240e-01  -9.0228618e-02   4.9088174e-01  -7.3598795e-02   4.9738526e-02  -1.6958957e-01   3.6430626e-01   3.0122148e-01   3.1339917e-02  -3.4379440e-01  -1.0069120e-01   3.1916268e-01  -1.9627375e-02  -3.7967140e-01   4.1242533e-01   1.8358685e-01  -8.7311423e-02   3.6559827e-02   6.7543371e-02   1.4699087e-01   1.6190314e-01  -2.2796392e-01   1.4194935e-01   3.6340804e-01  -2.3211047e-01   1.5114832e-01  -1.0172391e-02   6.7240982e-02  -5.3805518e-02   1.5926855e-01   5.7794690e-01   3.3593982e-01  -3.1473424e-01   5.5143222e-01  -9.7035106e-02  -7.3791645e-02   8.4943180e-02   6.0514505e-01  -1.6301782e-01  -2.7632990e-01  -1.0358849e-01  -1.5814192e-01   2.3065961e-01  -4.4584297e-02  -1.2769919e-01  -3.3353669e-01  -1.5784523e-01   1.1162494e-01   6.9215692e-02  -2.0273734e-01   2.8822485e-02   7.5298289e-02   4.7273032e-01   2.0550576e-01   1.8460036e-01  -7.6435566e-02   5.6666902e-01   3.5861498e-02   3.4858312e-01   3.3354577e-01  -8.2523984e-02   7.2179658e-02  -8.4593648e-02   1.8592491e-01  -9.6619113e-02  -1.9138505e-01   5.2373889e-02   1.9301155e-01  -2.2299502e-02   2.2314551e-01  -1.0963432e-01   2.8953022e-01
   1.7561237e-01   2.1554018e-01  -1.8049533e-02   1.6528147e-01   3.0922036e-01  -2.9284718e-01  -4.3567235e-01   2.0602526e-01   0.0000000e+00  -7.4921218e-02  -2.2539666e-02  -9.3372881e-02   3.6075098e-02  -6.3034090e-03  -1.3807203e-01  -1.9925038e-01   4.0501057e-03  -8.9934890e-02   2.4027497e-02   5.0256712e-02  -2.3547638e-01   3.3750938e-02  -2.9370667e-01   4.6297784e-02  -8.8858072e-02   1.7867656e-01  -6.5361534e-02  -1.5595273e-01   4.9548981e-03   1.2012426e-01   1.8660272e-01   1.1441287e-01   2.2166578e-02   5.2451750e-03  -3.2908921e-01  -1.8744614e-01   3.2138772e-01  -1.4050912e-01  -8.4468331e-02   5.1767339e-02   1.9852839e-01   6.4610164e-02   3.2582994e-01  -2.4810251e-01  -2.2166954e-02  -2.6172212e-01  -1.5816728e-01   3.9138745e-01   2.2281420e-01   1.0965422e-01  -2.7161958e-01   1.0800586e-01   4.0581033e-01  -1.0841816e-01  -5.7691159e-02  -1.2912333e-01  -6.6953219e-02   1.8778899e-01   1.5274853e-01   1.8735861e-01   3.3832398e-02  -8.8080422e-02   6.4437857e-01   2.9420724e-02   3.2705924e-01  -2.4753883e-01  -3.9665881e-02   5.2867659e-02  -1.3206277e-01  -3.3118721e-01   4.2103611e-01  -7.3587776e-02   2.2773289e-01  -1.0909841e-01  -6.4523631e-02   1.5356450e-01  -3.6276910e-02  -2.0630286e-02   3.7673411e-01  -3.0350984e-02  -4.8370563e-01  -1.1743228e-01  -2.0499168e-01  -4.7825593e-02  -3.2373099e-01   1.3472755e-01  -8.7144047e-02   1.6747136e-01   1.4177010e-01  -1.1448459e-01   5.0348263e-01  -1.3523277e-01   1.8231391e-04   3.1323933e-01  -1.0677996e-01   1.7555373e-01   1.3163744e-01   1.8677188e-01   1.5485097e-01  -4.1311213e-01   7.4817439e-02  -1.4524286e-01  -2.7306696e-01   2.7032895e-01  -2.8586201e-01   1.3712170e-01  -2.7192036e-01   9.6913037e-02   1.5161953e-02  -1.2441276e-01  -3.8336029e-01   3.5866920e-04   4.4221012e-02   1.0685735e-02  -1.4141325e-01   5.4624365e-01   1.1819956e-01   1.1437509e-01  -3.2402873e-01   1.3842740e-01  -1.0556193e-01   3.0224852e-01   2.0817530e-01   3.5363868e-01  -1.8719290e-01  -4.5648495e-02  -2.3004212e-01   7.8283055e-02   8.1043112e-02  -1.1396160e-01  -4.0946082e-02   7.1681498e-02  -4.9578900e-02   3.2698243e-01   3.2154353e-01   3.0443251e-01   1.5246419e-01  -1.1528798e-01   2.9520284e-01   1.2225815e-01   1.9657391e-02   7.8424255e-02   4.5210812e-02  -3.6471796e-01  -6.2814030e-02  -1.7005122e-01   1.1829526e-01   2.1699760e-01  -1.9810442e-01   1.0571282e-01  -3.1781364e-01   5.5210354e-02  -1.3815905e-01   3.8029797e-01   1.2112637e-01   8.5721018e-02  -1.8055308e-01   4.4294361e-02  -1.0518950e-01  -1.8391411e-01  -3.0307836e-02   1.5546989e-01   1.3680245e-01   7.7434386e-03   8.9141371e-02   3.2697135e-01  -1.4948282e-01  -1.2727160e-01  -1.8977117e-01   2.7225605e-01   4.3524585e-01  -1.3706651e-01   5.8754428e-02  -2.7248771e-01  -6.3021196e-02  -1.3412059e-01   1.9613518e-01
   3.1399244e-02  -1.9938035e-01  -3.8174946e-02  -1.8018798e-01   1.2845568e-01  -1.6574989e-01   7.7583286e-02  -1.1518599e-01  -7.4921218e-02   0.0000000e+00  -1.8353570e-01   8.8949932e-03   1.3615144e-02  -1.3529626e-01  -2.1404757e-01  -3.2884029e-02  -1.0084125e-01  -4.2630543e-02  -1.8195351e-01   3.1284259e-01  -4.8939573e-02  -4.9018177e-02   1.0622384e-01  -6.1520406e-02  -1.4711572e-02  -2.2008366e-01   2.1164759e-01  -5.9101606e-02  -1.0183200e-01  -9.5686171e-02  -3.4585586e-01  -9.3348418e-02  -2.0861852e-01   3.0270697e-01  -1.6628238e-02   2.2617778e-01   6.6575209e-02  -2.6507345e-01  -1.0128175e-01   3.1033622e-01  -5.7262838e-02   2.4964792e-02  -1.3468393e-02  -2.8278472e-01   1.2796060e-01  -2.6681148e-01  -7.0729095e-02   1.0762274e-01   1.5986389e-01   8.9918305e-02  -9.6443053e-02  -1.9727822e-01   1.1673233e-01  -4.9223047e-02  -3.2589332e-01  -2.3761773e-01  -2.8118820e-01  -1.2186117e-01  -1.2996563e-01   2.5881686e-03  -2.4275981e-01   1.8232218e-01  -1.2403731e-01  -2.5316547e-01  -1.4647409e-01   2.3487904e-01  -2.5537134e-02  -3.4506779e-02  -2.6442047e-01  -9.0185697e-03   9.1212422e-02  -1.0933796e-01   7.0852656e-03  -3.2345825e-01  -6.2419341e-02  -4.7966031e-02  -2.0494957e-01  -2.4925059e-01   1.2817302e-01  -2.3098435e-01   8.3263158e-02   1.7038070e-01  -1.0883286e-01  -3.1073857e-01  -1.6736464e-01  -1.3003989e-01  -8.0370797e-02  -9.7683293e-03   1.6740099e-01  -6.6974210e-02   6.3104245e-02  -2.3885431e-01   3.8190210e-01   5.6154451e-02  -2.4437824e-01   3.0643473e-01   2.3817573e-03  -1.9107303e-01   3.1059138e-02   2.8793220e-01  -4.2962964e-03   3.0511732e-02  -1.2516855e-01  -1.5946450e-01  -9.8422423e-02  -8.8000656e-02  -3.5617722e-02  -2.0467359e-01  -9.2421014e-02   1.0307858e-01   2.3255421e-01  -1.7236247e-01  -1.1189123e-01  -7.1328749e-02   1.9269878e-01   6.4593019e-02  -2.6072861e-01   3.5510689e-01  -1.0923717e-01  -2.0534809e-01  -2.2064328e-01   1.5237135e-01   7.3710588e-02  -4.6319090e-02  -2.7905157e-01  -2.3219826e-01  -4.5013655e-02   6.8997150e-03  -7.3098185e-02   5.6891307e-02   8.4848110e-03   2.0584943e-01  -1.6010826e-01  -1.2483830e-01   5.9945896e-02  -2.9537459e-02  -1.0173494e-01   2.2239261e-02  -4.6890985e-02   1.3046310e-01  -2.4386936e-02  -2.6230648e-03  -1.0856060e-01  -1.9129449e-01  -5.9305823e-02  -7.7126703e-02   1.5113049e-01  -3.6717387e-02   4.4179233e-01   2.9656148e-01  -1.0639317e-01  -7.3801469e-02  -2.1646439e-01  -7.7182615e-02   7.0847034e-03  -1.5917692e-02  -1.5930394e-01  -5.6039418e-02  -2.4423860e-01  -2.4581502e-01   1.2733186e-01  -1.7166508e-01   3.4651998e-01  -1.3313009e-01  -2.3738849e-01   1.8262269e-01   2.6921816e-01  -1.7670268e-01  -2.1886799e-01   7.5310507e-02   1.7391213e-01  -1.7862912e-01  -1.1452043e-01  -1.8656396e-01   6.4192494e-03  -3.2072264e-02  -8.5925611e-02
  -1.0071019e-01  -5.7239589e-02  -2.9675311e-01   4.5332434e-01  -2.9966021e-01   4.2877033e-01   3.5593821e-01   3.8463970e-01  -2.2539666e-02  -1.8353570e-01   0.0000000e+00   2.3526755e-01   2.7258040e-01   8.9107106e-02   1.9342925e-01   3.6321933e-01  -2.1257094e-01   6.0808484e-01   2.4572579e-01  -2.1351013e-01   1.9311077e-01   3.1948851e-01  -1.7684614e-01   2.5897439e-02   2.2551682e-01   2.6784060e-01  -1.3743599e-01  -1.1976352e-01   7.7327173e-03   2.8336422e-01  -1.5618892e-01   4.2989058e-01   3.2355104e-01  -5.0936041e-01  -2.6047105e-01   3.5283496e-01  -2.1053836e-01   4.4205593e-01   3.1842355e-01  -5.0036611e-01   4.7047584e-01   2.1591162e-01  -4.1536998e-01   6.1001980e-01   1.1512883e-01   5.2920642e-01   5.9575206e-01  -2.6777030e-01  -3.3053951e-01  -4.2848169e-01   6.3368472e-01  -4.1130452e-02  -4.8268305e-01  -4.0276279e-02   3.3136963e-01   5.0340320e-01   3.2994310e-01   2.8338121e-01   6.4049410e-01  -3.5511989e-01   5.3367139e-01   2.5975470e-01  -6.7107987e-02   3.1984890e-01  -5.6005223e-03   3.8277747e-01   2.3455619e-01  -1.2529729e-02   5.6641948e-01  -8.5881282e-02  -4.9934583e-01   5.7808540e-01   1.1621162e-01   2.2108546e-01   3.2906430e-02   3.3300666e-01   5.3748232e-01   3.3244993e-01  -2.7680448e-01   3.7842482e-01   2.0442397e-02  -1.0505558e-01  -1.0067551e-01   4.8110092e-01  -2.4693428e-02   4.3732608e-01  -5.5416943e-02  -5.7088325e-02  -4.0063798e-01   1.5626167e-01  -2.3183279e-01   3.0413134e-01  -4.9393935e-01   7.4020557e-02   4.2594615e-01  -3.9612318e-01   3.5798865e-01   2.7708722e-01   4.8549371e-01   6.8173492e-02  -4.5799054e-01   5.6781023e-01   2.6077568e-01   2.4272501e-01   5.5470710e-01   3.8610982e-01   9.4661152e-02   6.0924526e-01  -2.1530944e-01   6.6984341e-02  -1.4492596e-01   2.8932042e-01   4.8370031e-01   2.2467494e-01  -4.5390413e-01  -3.7773608e-01   2.7301886e-01  -8.9198385e-02  -1.3583889e-01   5.5586319e-01   5.0169500e-01  -4.1354978e-01  -1.5835343e-01  -1.5297492e-02   5.0195724e-01   1.3391230e-01  -5.3753849e-02  -1.7888392e-02   3.7534766e-01  -1.3286779e-01   2.2165457e-01   1.4449786e-01   3.4642722e-01  -1.2580168e-01   5.6249916e-02   3.0489553e-01   2.3065371e-01  -6.0970308e-02   3.4920498e-01  -2.4285519e-01   4.6170040e-02   9.5120650e-02   7.1399675e-01  -4.9979751e-02  -2.9164356e-01   1.2900634e-01  -4.5060698e-01   3.3062019e-01   2.0854164e-02  -2.3930602e-01  -2.5305253e-01  -2.1270236e-01   3.8584425e-01   1.0580257e-01  -4.3163494e-01  -3.4766015e-02   4.8942879e-01   6.1619596e-01   3.4337591e-01   2.4496708e-01   6.6049751e-02   6.9653632e-01  -2.4405964e-01   6.7129823e-01   1.9132987e-02  -1.3396778e-01   3.2044756e-01   3.0097578e-01   5.6588234e-01  -5.3084572e-01  -3.8375899e-01   3.2272020e-01   5.9618385e-01   2.7567993e-01   1.9829890e-01   6.8545110e-02   1.9534836e-01
  -1.5526484e-01   2.7644104e-01   7.2825730e-02   1.4395799e-01  -2.6137188e-01   3.2999081e-01   5.0393807e-01   1.9918345e-01  -9.3372881e-02   8.8949932e-03   2.3526755e-01   0.0000000e+00  -2.8197755e-02  -1.0524614e-01   2.7168563e-01   2.9727184e-01   9.7490274e-02   2.1375953e-01   2.1351352e-01  -1.6878552e-01   2.5603711e-01   3.6445466e-02   1.1584346e-01  -1.0356620e-01  -1.5467805e-02   1.1093711e-01  -5.2867793e-03  -5.0779531e-02  -2.2292612e-03   1.3381197e-01  -4.9823478e-02   2.1159590e-01   1.9523626e-01  -5.8254024e-02   7.4507510e-02   4.3429685e-02  -1.6219943e-01   1.1408302e-01   2.4625669e-01  -2.1185638e-01  -5.6787527e-02   4.0868385e-02  -1.9594099e-01   2.1403797e-02   1.9079873e-01   2.2444577e-01   1.4198512e-01   1.1267215e-01  -2.1962205e-01  -1.2501832e-01   2.7069718e-01  -6.9379291e-02  -2.8869803e-01  -1.3583591e-01   4.8353035e-02   2.9731850e-02   2.5704774e-01  -4.3588014e-03   2.9972662e-01   3.5278432e-01   1.7252003e-01  -9.9726301e-02  -9.7279743e-02   9.4825127e-02  -3.8331719e-02   5.6635625e-01   3.7293539e-01   7.2419594e-03   1.4695105e-01   2.1279068e-01  -2.8425830e-01   2.5316832e-01  -1.9448218e-02   1.7961292e-01  -1.2913920e-01   8.0894110e-02   2.2484802e-01   2.0355202e-02  -7.3022803e-02   2.6222592e-02   2.3800523e-01  -9.9577001e-02   1.5537420e-01   1.9224972e-01   4.0831531e-02   4.3792130e-02   1.5439339e-01  -5.7966443e-02  -3.7648402e-02  -8.2365372e-02  -2.2182769e-01   2.4404310e-01  -1.4356127e-01   3.3873125e-01  -3.9849850e-02  -2.7166330e-01   6.9395570e-02   3.1511646e-03  -1.8676223e-02   1.4425199e-01  -1.8581479e-01   2.6747144e-01   2.0502304e-01   1.5946366e-01   3.1241488e-01   1.1285527e-01   2.6444932e-02   1.5463440e-01  -1.3383404e-01   2.0831323e-01   1.8834213e-01   3.8725447e-02   5.7030793e-02   1.5642449e-02  -5.6011245e-02  -2.2176635e-01  -1.0350550e-01   1.4095934e-02   2.2087978e-01   1.6344348e-01   6.0190497e-02  -1.8625132e-01  -5.3078040e-02   2.2285078e-01   1.6455230e-01   2.9913454e-02   3.0760857e-01  -6.5423878e-02   1.0881155e-01   1.0804586e-01  -2.6103466e-02  -1.8362978e-02   1.4295396e-01   3.2547206e-02   4.6776709e-02  -1.4047779e-02  -5.6687757e-03   7.7567602e-02   4.2011702e-02  -4.0041050e-02  -1.5530732e-01  -1.8455800e-02   1.6652267e-01   2.5334415e-01   9.5980120e-02   2.1760082e-01   5.3139260e-02   1.7556707e-01   3.3188533e-01  -1.2567346e-01  -2.5995241e-02  -7.8330252e-02  -1.1698101e-01   8.9852849e-03  -2.6157506e-02  -1.1103585e-02  -3.9112676e-02   2.4929765e-01   1.3644596e-01  -1.6306423e-02   6.0652049e-02   1.1390494e-01  -1.0082643e-01   3.4608794e-01   6.7653438e-02   5.1231637e-03   3.1393021e-01   1.4164903e-02   2.0787072e-03  -2.5905640e-01  -1.5974944e-01   9.2319116e-03   2.9191302e-01   3.6116489e-01   2.6818055e-01  -6.5361932e-02  -2.3520260e-02
   2.2224696e-01   8.0922796e-02   1.0650566e-01   2.6587855e-01   2.3270201e-01   4.8142563e-02  -4.9751308e-02   1.3494835e-01   3.6075098e-02   1.3615144e-02   2.7258040e-01  -2.8197755e-02   0.0000000e+00   1.7960600e-01   1.7368715e-01   4.4676408e-01   8.1556930e-02   2.0101633e-01   1.2946814e-01   2.9635691e-01  -1.5617064e-01   1.2233071e-01  -1.7094470e-01   1.6592440e-01  -8.6457342e-03   1.1704698e-01   6.2327628e-02   4.5659284e-02   1.5175516e-01   1.1364610e-01  -1.3205429e-01   1.7749403e-01   3.0185589e-01  -1.0081012e-01  -7.8601148e-02   3.6354005e-01   5.3190727e-02   5.2210180e-02   4.0793513e-01  -4.7935831e-02   6.4664558e-01   1.9455423e-01   6.6093548e-02   2.1693438e-01   6.8731366e-02   6.2523868e-02   3.1015991e-01  -2.2011269e-01  -1.1276476e-01   6.2939468e-02   2.3993467e-01   1.7542084e-01  -1.7472137e-01   8.8755665e-02   6.5727102e-02   2.8692607e-01  -7.7952301e-03   1.5264253e-01   3.3072081e-01  -1.8477384e-01   1.3722134e-01   2.5880301e-01   1.4656412e-01   1.5415521e-01  -1.3193154e-01  -1.4169685e-01   8.9759938e-02   2.0740500e-02   2.1035882e-01  -5.1746342e-02   8.7012072e-03   2.4757187e-01   3.3337298e-01   1.5477418e-01   4.2370656e-02   1.0373533e-01   1.5305054e-01   1.6378889e-01   1.5353742e-01   2.1933029e-01  -9.6029554e-02   1.5158578e-01  -8.1024719e-02   2.6587188e-01  -3.6482830e-02   1.7710706e-01  -2.2106827e-01   1.2011500e-01  -4.1610989e-02   2.4052970e-01   2.4857556e-02   1.4439120e-01   3.4870937e-02  -1.0077456e-03   4.0996036e-03   1.7743097e-01   2.5686930e-01   1.7486772e-01   3.7144870e-01   1.0170708e-01  -2.0028651e-01   1.3540193e-01  -1.3212201e-01   1.9553368e-01  -1.9896677e-02   1.5023221e-01   1.8780969e-01   2.8542065e-01  -1.0959222e-01  -1.0230484e-01  -1.2828729e-01   1.1544469e-01   2.6489291e-01   1.6956204e-01  -1.0226994e-01   4.2477031e-02   2.0910379e-01   4.8112602e-01  -2.3959379e-01   3.1366600e-01   2.9485994e-02  -1.8967235e-02   9.9304749e-02   4.5304152e-02   1.0973675e-01   3.3150048e-01  -8.6196067e-02   2.6258619e-01   1.6942588e-01  -6.3105943e-02   5.5377860e-01   1.2569041e-01   1.3745562e-01  -1.9430806e-01   1.1018941e-01   1.4043995e-01   1.7677640e-01  -2.2019332e-01   1.6096212e-01  -1.4214982e-01   2.1051912e-01   3.7924599e-01   2.1462266e-01  -1.0011667e-01  -1.1677619e-01  -2.3761964e-01  -5.5842273e-02   3.0371269e-02  -3.7264499e-02  -1.6316553e-01   1.2447585e-02  -1.6757418e-01   1.9015142e-01   5.0122610e-02   2.0087639e-02  -8.7399546e-02   4.2514247e-02   5.0626022e-01   2.0496393e-01   2.0647852e-01  -1.0433408e-01   1.2096587e-01  -7.3496320e-02   7.2636461e-02   1.8697200e-01   1.4633387e-01   3.1482536e-01   1.9872531e-01   1.4286832e-01  -1.1857205e-01  -1.2363886e-02   1.6058722e-01   1.6639351e-01  -5.1912992e-02  -8.5082102e-03  -4.7756032e-02   1.7085045e-01
   6.9204650e-01   1.2201310e-01  -1.0968992e-01  -5.7795324e-02   1.5912222e-01  -1.1551012e-01  -1.7095648e-01   1.0679548e-02  -6.3034090e-03  -1.3529626e-01   8.9107106e-02  -1.0524614e-01   1.7960600e-01   0.0000000e+00   2.8554073e-01  -4.6856213e-02  -1.5494183e-01  -2.0790794e-01   1.7602139e-01   2.1724701e-01  -3.2074193e-01  -2.4519548e-02  -2.8857091e-01   7.0198925e-01  -1.9624327e-01   1.6034501e-01  -8.1544726e-03   4.1218162e-01   2.5912479e-01  -4.4717041e-02   1.8656891e-02  -9.0528739e-02   1.0654517e-01  -2.6886343e-01  -2.3112561e-01   7.5777167e-03   2.7527842e-01   3.1703013e-01  -1.9072962e-01   2.4446503e-03   3.0283204e-02  -1.0953671e-01   1.4526789e-01   1.7365035e-01  -2.5066436e-01   2.9898402e-01   2.0385816e-02  -1.1782003e-01  -1.5744263e-01   3.8319439e-02  -2.0958490e-02   2.3104421e-01  -2.9454979e-01   1.3300224e-01   4.4110414e-01   2.9139703e-01  -2.0871039e-01  -8.8956941e-02   8.2241891e-02  -2.1076943e-01   1.3279319e-01  -3.4488156e-02   9.7062794e-02   8.1014014e-02  -3.3209596e-01  -2.4000641e-01  -1.2505507e-01   6.8170605e-02  -8.3677211e-02   1.5121722e-02   4.4792635e-02  -7.8536580e-02  -2.2911089e-01   5.8320480e-01   9.9051918e-02  -1.7122326e-01   2.2742441e-01  -1.0770597e-01   1.4946111e-01   1.8983084e-01  -1.8345363e-01  -1.7191696e-01  -2.6917583e-01   3.3805582e-01   1.3102773e-01  -1.1671650e-01  -2.0244207e-01   5.3604803e-01   8.0235570e-03   6.6564230e-01   1.3390810e-01   5.5853531e-02  -1.3580894e-01  -2.0765624e-01   2.5452712e-01   1.8064289e-01   1.0960003e-01   1.8397975e-01   3.8968239e-02  -1.7831946e-01  -6.7990205e-02   1.5254577e-01  -9.3163416e-02   1.5401611e-01  -1.6375890e-01  -1.4660787e-01   4.0984601e-02  -4.8680907e-03  -4.5027729e-02  -3.2864417e-01  -4.4905165e-01   1.9362513e-02   6.3360755e-02   6.0995245e-01  -1.9079181e-01   2.6856527e-02   2.6361447e-01  -2.3537983e-01  -2.5771062e-01  -1.5103475e-02   3.0623722e-01   1.1969874e-01   6.3674890e-02   1.2199896e-01   4.5958536e-01   7.2735270e-01  -1.9132245e-01   1.7726674e-01  -2.2390439e-02  -1.5467579e-01  -5.4287239e-02  -3.4498695e-01   5.7627705e-01  -2.4023461e-01  -6.1064833e-02  -5.8415711e-02   3.1757650e-02  -1.7934147e-01  -1.0110157e-01   6.5732399e-02   6.6709623e-01   7.2066508e-02   1.1128036e-02  -1.4271937e-01  -1.1183484e-01  -2.4318116e-01  -9.9619159e-02   1.8397044e-01  -1.4139151e-01  -2.1768758e-01   2.2627446e-01  -3.4175209e-02   5.0269592e-01   1.9705622e-02  -1.0000353e-01   3.0334153e-01   2.8971160e-01   1.3446626e-01   2.0090462e-01   2.5793389e-01  -6.4357792e-02  -1.5464437e-01   9.0124895e-02  -1.0389884e-01   3.2024155e-02  -1.1171866e-01  -7.5452782e-03   6.7484734e-01   4.8305427e-01  -2.2003775e-01   9.1797358e-03   4.3678094e-01  -8.9641486e-02  -2.2762796e-01  -1.0660343e-01  -1.6134442e-01  -6.8055334e-02
