   0.0000000e+00  -3.0580519e-01  -4.5476611e-02   5.2225221e-02  -2.3945118e-01   1.3229902e-01  -9.8916420e-02   2.7099837e-01  -3.5493701e-01  -3.3646909e-03   1.1360363e-01  -2.7454742e-01   6.0347796e-02   3.2980140e-01  -3.5336858e-02  -1.2447342e-01  -9.6686641e-02   2.5164952e-02  -7.3992311e-02  -5.3627635e-02   1.1662907e-01   4.6226729e-02   1.2585108e-01   5.6495362e-01  -3.4456550e-02   1.3675854e-01  -5.1857351e-02   2.6208899e-01   4.9475272e-02  -1.9247829e-01  -1.9527199e-01   7.1138775e-02  -1.9926723e-01  -1.8374982e-01  -1.4425106e-01  -1.5657393e-03  -1.3925382e-02   2.6214124e-01  -3.3294777e-01  -2.2906890e-01  -7.5423388e-02  -2.9468628e-02  -2.0498568e-01  -1.3959552e-01   7.4456010e-02   4.1834017e-01   5.9655413e-02  -2.6880549e-01  -7.4150973e-02  -1.6249321e-01   1.9545064e-01   9.7070785e-02  -1.4330588e-01  -1.4490900e-02   8.0416133e-02  -1.0287839e-01   2.1063851e-01   2.6201007e-01  -8.6568703e-02  -5.9568835e-02   2.6018477e-01  -1.3169220e-01  -2.8771726e-01   1.3343291e-02  -1.8866944e-01   7.1613466e-02  -1.9310785e-01  -6.6107611e-03  -1.1464944e-01   2.7144629e-01  -3.0549402e-01   2.4770294e-01  -2.5728197e-01   3.8220931e-01  -3.2901345e-02   4.5762015e-02   3.2004542e-01  -6.1726519e-02  -3.9904588e-01  -6.2932081e-02  -1.0386810e-01  -2.4970957e-01  -3.4531399e-01   2.0073438e-01   1.4902651e-01   2.3245680e-01  -1.8306305e-01   3.6822603e-01  -4.2936671e-01   7.5713030e-01  -3.2170514e-01   1.5349646e-01  -1.5529281e-01  -3.6859786e-03   1.8304931e-01  -2.1734008e-01  -6.7807477e-02  -4.9988596e-02  -2.9986698e-02   3.2005815e-02   1.9802492e-01   1.0442997e-01   1.4483180e-03  -6.1076567e-02   1.9635846e-01   9.7619047e-02  -1.1569805e-01   5.0253916e-02   6.3220075e-02  -4.8682497e-02  -3.6932606e-02   1.6472238e-01   1.1927162e-01   7.8153304e-01  -5.6720214e-02  -3.0881780e-01   2.3488575e-04  -1.8800878e-01  -3.2051104e-01   1.6826427e-01   5.2839280e-01  -2.8211107e-01  -2.9478983e-01  -2.5312839e-01   5.1896628e-01   4.4235980e-01  -4.1568133e-02  -7.3197257e-02   6.8969605e-02   1.4252516e-01  -2.1520558e-01  -1.9644964e-01  -8.0741682e-02  -3.0931322e-01  -9.0266800e-02   1.8126710e-01   6.4336712e-03   5.1849382e-02   1.8470899e-01   5.0398491e-01   2.1477288e-01  -1.8868180e-02   2.6338522e-01  -8.0156184e-02  -2.7306543e-02   9.6211577e-02  -2.4759780e-01  -9.2826490e-02   1.4253866e-01  -8.6047181e-02   4.3840225e-01   3.2407436e-02   5.3811290e-01  -4.7065484e-02  -2.9757220e-01   6.4110723e-01   4.6613747e-01  -2.9905805e-02   1.2238705e-01  -1.2265912e-02  -1.2444721e-01   1.1099811e-01  -3.7998163e-01   2.2564342e-01   1.5809025e-01  -1.7345465e-01  -1.8670036e-01   6.4820772e-02   5.1599522e-01  -2.9842336e-01  -1.6504400e-02   1.9644491e-01  -6.3182375e-03  -3.7361619e-01   1.8693281e-02  -8.7714215e-02   2.3146472e-01
  -3.0580519e-01   0.0000000e+00   3.8979580e-01  -4.2243403e-01   4.3199892e-01  -5.0927432e-01  -7.7428450e-02  -2.2386409e-01   7.9794275e-01  -1.8692791e-01  -4.2113281e-01   6.9771337e-01  -1.2583952e-01  -9.9493045e-02  -3.1468450e-01  -1.8104824e-01   4.2960568e-01  -4.6875815e-01  -1.5210212e-01   3.3595445e-02  -6.8242026e-01  -3.9563785e-01  -6.4884338e-01  -2.0330550e-01   6.7982252e-02  -2.2334083e-01  -3.1524492e-02  -1.7792997e-01   1.3739869e-01   1.6870197e-01   4.0293957e-01  -2.8256995e-01   1.7455195e-01  -1.5916804e-01   1.7157422e-01  -2.2799939e-01   3.2458963e-01  -3.0044713e-01   3.1355205e-01   4.3910740e-01   6.4465430e-04  -5.3578169e-02   3.3557938e-01  -1.4590556e-01  -4.0731749e-01  -3.3657263e-01  -4.7768472e-01   4.6558822e-01  -9.4752797e-03   4.9485238e-01  -6.9763960e-01  -2.6677391e-01   5.7452896e-01   2.3505338e-01   9.6207200e-03  -4.9408036e-01  -5.5348845e-01  -4.1083281e-01  -2.8744522e-01   7.7360593e-02  -2.8476543e-01  -2.9138905e-01   8.6729946e-01   5.2355317e-01   5.4193464e-01  -3.2075500e-01  -8.3390258e-02   1.5733460e-01  -3.7747598e-01  -1.0130251e-01   7.2186695e-01  -5.7524121e-01   2.3467675e-01   1.9511371e-01   4.9826449e-01  -8.8962736e-02  -3.2203184e-01  -1.3898000e-01   7.6858716e-01   1.5718548e-01  -2.7607593e-01  -1.4617873e-01   3.6379935e-01  -1.3241975e-01  -1.9725439e-01  -3.3005828e-01   3.8113031e-01  -2.4429747e-01   6.7122832e-01  -2.4138622e-01   7.8510626e-01  -1.0884852e-01   1.9801784e-01   1.8951616e-02  -1.9090920e-01   1.7143272e-01  -6.3756588e-02  -2.5876089e-01   1.3356470e-01  -2.5736422e-01  -2.4149065e-01  -3.9125158e-01  -3.2626579e-01   2.3077301e-01  -6.6087081e-01  -3.0673289e-01   2.5628512e-01  -4.0580591e-01  -3.5134024e-01  -3.0202034e-01   3.2064326e-02  -5.9615225e-01  -2.1568832e-01  -2.9221368e-01  -1.7209453e-01   8.1668477e-01  -3.1022409e-01   1.2270928e-01   1.8957647e-01  -4.4921287e-01  -3.8873557e-01   5.8092918e-01   6.5926335e-01   4.9442822e-01  -3.8558286e-01  -4.5256005e-01  -2.0849258e-01   3.8959230e-01  -4.2854808e-01   2.0945937e-01   1.6916341e-02  -7.3348323e-02   7.3909440e-02   2.7378667e-01   2.5558823e-01  -9.9954234e-02   2.1286573e-01   7.4848555e-02  -2.4065789e-01  -3.0688403e-01  -2.1791312e-01   2.0898778e-01  -3.7351150e-01  -7.5535950e-03  -3.5411286e-01  -2.9692384e-01   4.4321475e-01   3.0004597e-01  -4.8427255e-01   2.2863062e-01  -1.8702268e-01  -3.5473369e-01  -2.0169220e-01   2.1919271e-01   8.5217230e-01  -2.4877432e-01  -2.8248801e-01  -3.8810019e-01   1.2944404e-02  -5.7694310e-01   2.9474547e-01  -3.0006658e-01   5.9190166e-01  -5.3712502e-01  -1.7745262e-01   2.0677880e-01   7.7581313e-02  -2.2891983e-01  -1.1977942e-01   6.5870722e-01   2.2890906e-01  -1.0022009e-01  -1.4659115e-01   6.6176788e-01   1.1356041e-01   2.9145772e-01  -2.7640369e-01
  -4.5476611e-02   3.8979580e-01   0.0000000e+00  -2.2038879e-01   2.1723844e-01   1.4665489e-01  -1.6526066e-01  -1.1099008e-01   1.3274015e-01  -1.4422132e-01  -2.0382227e-01   5.1717030e-01   4.8035555e-03  -2.6396773e-01  -1.5128496e-01   1.5009115e-01   8.7345261e-01  -3.0078005e-01  -9.9272526e-03   2.0617970e-01  -3.7191310e-01   7.2350856e-02  -4.1051694e-01  -2.0305286e-01   1.0265102e-01  -2.0312685e-01   3.3003208e-01  -2.7196287e-01   7.2743844e-02   3.9438467e-02  -9.5319240e-02  -2.3921230e-02   3.1206827e-01  -1.2365387e-01  -1.8454095e-01   8.4205293e-02  -1.0971789e-01   1.6541116e-01   2.2801243e-01   5.0009089e-01   1.6214905e-01   3.8856212e-01  -7.3054802e-03  -2.2815355e-01  -3.1640305e-01   1.5903473e-01  -9.1375741e-02  -1.9979146e-01   5.8909116e-02   6.9850220e-01  -3.4001792e-01  -9.7290701e-02  -8.6455960e-02   3.8756094e-01  -1.5349787e-01  -7.7941461e-02   7.3900342e-02  -1.8164132e-02  -5.9787524e-02  -4.8372054e-02   2.5171943e-01  -3.3433825e-01   4.1822644e-01   2.7025310e-02  -1.4761999e-01  -2.5228098e-01   2.4183486e-01   1.9373001e-01  -1.7553296e-01   6.1259103e-01   1.9471203e-01  -3.2090941e-01   1.4905654e-02   4.2795477e-01   2.4696784e-01  -3.7734233e-03   1.7950419e-01  -8.9271573e-03   2.9819165e-01   6.8943322e-02  -3.0706932e-01   5.7061600e-02   5.2890953e-02  -6.9158643e-02  -1.0215793e-01  -1.2681805e-01  -1.8729940e-01  -2.6593978e-01   2.9302759e-01  -1.3368825e-01   3.3489101e-01   4.0645457e-01   5.9380599e-01  -1.4086129e-01   1.6472055e-01   1.9141621e-01   5.1123571e-02  -1.5349663e-01   2.0797105e-01  -2.5082041e-01  -1.8193981e-01  -2.5770045e-01  -2.3479450e-01  -2.7684618e-01  -4.1087226e-01   1.4650894e-01   4.4451828e-01  -2.0209270e-01  -3.8329875e-01  -1.7310795e-02   9.1327690e-02  -1.9984804e-01  -1.8697046e-02  -5.4589414e-03  -7.7657794e-02   2.3400560e-01  -4.6745854e-02   2.0221538e-01   4.1114952e-01  -1.9702231e-01  -4.7141641e-02   5.1768890e-01   3.5614015e-01  -5.3530082e-02   5.5802586e-02  -2.4604925e-01  -2.7452833e-01   2.6147370e-01   2.6536773e-02   5.8228938e-01   2.5532928e-01  -3.6213845e-01   3.7273099e-01  -3.9651333e-02   3.6260891e-01  -2.5627668e-02   1.3486299e-01  -2.2513600e-01  -7.2577832e-02  -4.8151252e-02   1.1192953e-01   6.0407890e-02  -2.2650513e-01   6.2298507e-01  -3.0188002e-01  -3.7195290e-01   4.1509646e-01   2.1450472e-02  -1.3926568e-01  -2.2182432e-01  -1.1940635e-01  -4.0635288e-01   1.4167538e-01  -2.1936148e-01   5.8060552e-01  -7.2566022e-02  -6.7056455e-02  -1.4121735e-01   3.5240604e-01  -4.1940064e-01   1.2520129e-01  -2.3958739e-01   1.3819534e-01  -4.0130245e-01  -2.4582115e-02  -1.3416322e-02   6.7216763e-02   4.9469051e-02   1.2102132e-01   4.1897184e-01   8.4545497e-02  -1.5250866e-01  -3.4261036e-01   6.8664927e-01   1.5000748e-01   1.2506465e-01   5.6110252e-02
   5.2225221e-02  -4.2243403e-01  -2.2038879e-01   0.0000000e+00  -4.8673537e-02   2.0809936e-01  -2.3016647e-01   2.8336185e-02  -3.0803410e-01  -1.4720511e-02   3.3748428e-01  -3.7880847e-01   3.2397565e-01  -1.7139842e-01   2.0416657e-01   5.2147074e-02  -2.0101872e-01   5.2046719e-01  -9.8842366e-03   2.0436536e-01   2.4495536e-01   5.4200414e-01   7.8809596e-02   3.2627735e-01  -1.2096643e-01   2.6778115e-01   8.6625208e-02  -2.3819686e-02  -5.2065883e-02  -6.9396390e-02  -2.2254415e-01   4.8110787e-01  -5.9928420e-02  -7.8967287e-02  -1.6239704e-01   2.0881845e-01  -2.5100734e-01   8.8840484e-02  -6.0880934e-02  -2.0068795e-01   7.3036204e-02   1.2877101e-01  -1.0033291e-01   3.7153177e-02   4.0366308e-01   9.2417683e-02   3.3357236e-01  -3.4647780e-01   1.3340196e-01  -4.2784898e-01   5.9322866e-01   1.3522384e-01  -3.5136176e-01  -1.9521008e-01  -1.8260748e-01   1.4265671e-01   3.0991411e-01   5.8297898e-01   3.9064733e-01  -1.1132130e-01   3.6683461e-01   1.9099975e-01  -3.2145387e-01  -2.8221823e-01  -2.6471713e-02   1.4371985e-01  -1.1639026e-02  -4.6666433e-01   3.9429598e-01  -3.5923323e-03  -3.2092881e-01   6.8598297e-01   1.6732361e-02  -2.3231972e-01  -3.9966738e-01  -1.2707957e-01   2.2315315e-01   2.8200146e-01  -2.6005091e-01   2.0348117e-01  -1.2183818e-01  -1.2128998e-01  -2.6482365e-01  -3.4985946e-03  -1.9141174e-01   1.3514005e-01  -1.9688922e-01   9.1377712e-02  -4.9239333e-01  -1.5560513e-02  -3.2659167e-01   3.1502828e-01  -1.7825953e-01   2.2829612e-01   1.3276361e-01   3.0764558e-02  -7.0840360e-02   1.8545958e-01  -3.0355491e-01  -6.9180570e-02  -8.9674837e-02   5.6319993e-02   6.5871059e-03   8.5089828e-02   5.9454367e-01   3.0080958e-01  -2.3695125e-01   4.0503014e-01   1.2412965e-01   1.3313363e-01  -2.4379702e-01   4.9407818e-01   5.2141958e-01   5.3535808e-02  -1.8989068e-01  -2.9516761e-01   2.7784447e-01   8.7301490e-02  -1.1652714e-01   7.7155709e-01   2.1658655e-01  -1.3468237e-01  -2.8523754e-01  -2.6163375e-01   1.4929916e-01   2.4221306e-01   3.5040500e-01  -3.0527394e-01   5.4569578e-01   8.8596951e-04  -7.7803116e-02  -9.8753564e-02  -1.0771082e-01  -2.4824588e-01   3.0965194e-02  -1.0947413e-01   2.5956707e-01  -2.3905614e-01  -5.5773329e-02   6.1807783e-02  -2.2412973e-01   3.2616078e-02   3.3163493e-01  -9.3063884e-02   1.5564702e-01   1.1493934e-01  -3.4888590e-01  -1.8072182e-01   6.6822276e-02  -8.1605243e-02  -1.9799680e-01   6.6902847e-02  -1.4507185e-01  -1.6263872e-01  -3.7263566e-01  -3.2597562e-02   2.4897703e-01   3.5705029e-01   2.8914232e-01   3.1431878e-01  -1.4943061e-01   3.7786573e-01  -2.6083711e-01   5.0566976e-01   6.4596282e-01  -1.4635013e-01   9.2367952e-03   2.4598797e-03  -1.5063611e-03  -3.1067481e-01  -2.3595365e-01  -1.2076528e-01   1.0083280e-01  -3.6814260e-01  -2.5566927e-01   1.2189054e-01   3.1355869e-01
  -2.3945118e-01   4.3199892e-01   2.1723844e-01  -4.8673537e-02   0.0000000e+00  -1.3235530e-01  -1.4755753e-01  -3.9738322e-02   5.0740794e-01   2.0623534e-01  -7.6177189e-02   2.4452372e-01   1.2611270e-01  -3.2764966e-01  -3.2282602e-01   1.1487493e-02   2.7726967e-01   1.8161404e-03   1.3892366e-01   7.5505119e-01  -3.0340697e-01  -1.0426515e-01  -2.2251294e-01  -2.3254000e-01   2.5947438e-02  -7.3354345e-02   2.4858299e-01  -4.4338122e-01   1.4159540e-01   2.5367786e-01  -2.3310239e-02  -1.0224347e-01   1.2374436e-01  -1.8661257e-01  -3.6892618e-01   6.1416407e-01  -3.1340018e-02  -7.5108893e-02   2.7311971e-01  -2.3760585e-02   3.1980401e-01   5.9461755e-04   1.0494518e-02  -1.4779242e-01   4.6537822e-02  -1.9425960e-02   1.3280098e-01   1.4499715e-01   2.7359670e-01   6.4844338e-02  -1.3977129e-01  -1.8898669e-01   5.8324346e-02  -1.1192637e-01  -1.8860752e-01  -2.7915017e-01  -5.0623544e-02  -2.1085015e-01  -6.6098864e-02  -2.6540541e-01   2.6358041e-02   3.5549519e-01   3.4873625e-01   2.2759868e-01   3.8428722e-01   2.8455453e-01   1.0194369e-01   1.3456426e-01  -8.4840447e-02  -6.8009073e-02  -2.9441841e-02  -1.0583603e-02   3.2234515e-01  -1.3662207e-01   3.4590049e-02  -1.2721091e-01  -4.8521692e-02  -4.5654646e-02   6.8402119e-01   1.9851736e-01  -4.0250443e-01  -4.3475340e-02  -7.3602402e-02   7.5932412e-02  -4.6361222e-01  -3.1923190e-01  -3.4574496e-01  -1.9493641e-01   4.0831483e-01  -2.1711075e-01   6.3521451e-01   6.0185138e-02   3.0303260e-01   2.1820291e-01  -1.0090675e-02   5.6425609e-01   5.9739090e-02   6.7836490e-02   6.2216117e-01  -2.7735565e-01  -2.9173291e-01  -3.2703518e-01  -1.0191421e-01  -8.7200136e-02  -2.3660249e-01  -2.3950145e-02  -7.5018204e-02   1.3109115e-01  -2.8059196e-01   2.6719129e-01  -2.0750924e-01  -2.1368781e-01   2.1108227e-02  -3.1172616e-01  -4.7398893e-01   6.0819015e-01  -1.7112172e-01   3.6142888e-01   1.6394032e-01  -2.1922854e-01  -1.0825915e-01   6.4502152e-01   1.4212889e-01   8.3625772e-02  -1.2135661e-01  -2.6603691e-01   2.7461212e-01   2.3507694e-01  -1.5296049e-01   2.2091757e-01   1.8142352e-01   2.7667179e-01   1.0591791e-01  -3.5722774e-01  -2.8913594e-02  -1.0256788e-01   7.9724939e-02  -2.9954588e-01  -1.8469869e-01  -3.5308174e-01  -2.0454495e-01   8.5391010e-02  -1.8034837e-01  -7.5926638e-02  -4.7448123e-01  -1.3374508e-01  -1.8161236e-01   6.5487297e-01   1.2335508e-01  -3.1406726e-01  -3.6508958e-01  -2.4148563e-01  -1.2479356e-01   2.1215231e-01   3.7593334e-01  -2.3929679e-01  -1.2973348e-01  -1.9921682e-01   1.1926187e-01  -2.1846603e-01   2.5377938e-01  -3.5623793e-02   4.3520573e-01  -1.5011774e-01  -9.3326822e-02   9.8665747e-02   4.7132289e-01   5.2151185e-02  -1.6902542e-01   3.9975337e-01   1.2932012e-01  -3.1489290e-01   2.5923561e-01   3.8138893e-01   5.3057092e-02   3.5344799e-01  -3.3769751e-02
   1.3229902e-01  -5.0927432e-01   1.4665489e-01   2.0809936e-01  -1.3235530e-01   0.0000000e+00   1.7426281e-01  -9.7751457e-02  -4.9709730e-01   3.6995331e-01   1.9758168e-01  -1.7183068e-01   1.1364734e-01  -1.9167538e-01  -3.7117527e-02   2.1092472e-01   4.9612856e-02   1.8675142e-01   4.1963625e-01   2.0722021e-01   2.8145051e-01   7.1648843e-02   4.1877700e-01  -2.6444093e-02   1.2513522e-01  -6.8697806e-03   2.3909039e-01  -1.1048257e-01  -1.6104329e-02  -1.9126193e-01  -4.3229158e-01  -2.9250851e-02  -1.6237002e-01   2.5886302e-01  -3.0016222e-01   2.8309559e-01  -3.5321660e-01   1.4707423e-01  -1.4078840e-01  -8.7669391e-02   9.7335195e-02   5.3451890e-02  -1.9426931e-01  -8.2406481e-02   2.4347879e-01   1.7973582e-01   3.1112657e-01  -3.9292615e-01   2.8106687e-02   5.2864217e-03   3.3995342e-01   4.8779356e-02  -5.7050949e-01   2.5798258e-02  -9.3411617e-02   5.1131207e-01   6.9164100e-01   4.9626469e-02   1.2521357e-01  -2.6231488e-01   2.1309093e-01   1.8987122e-01  -3.8096065e-01  -3.8093406e-01  -3.6918806e-01   4.0101643e-01   5.1888168e-01   5.9231126e-02   1.8460189e-01   3.0465483e-01  -5.4486191e-01   1.7429523e-01  -5.6849681e-02  -6.4009403e-02  -2.9292052e-01  -1.0192432e-01   1.5997971e-01   3.3675997e-03  -3.6692070e-01  -6.7236402e-02   8.3599358e-02   6.1464443e-02  -1.6425905e-01  -1.2054666e-01   4.6340547e-02   7.9825030e-02  -6.1329520e-01   7.0430431e-02  -3.7291311e-01  -5.7687377e-02  -4.0161493e-01   2.1085667e-01   4.0664996e-01  -2.0410513e-01   2.0639224e-01   4.1122257e-02  -3.2474968e-02   2.5020373e-01   7.8521769e-02   1.5795601e-01   1.0098469e-02   1.2704230e-01   1.1470048e-01  -5.1436153e-01   2.0458094e-01   7.4394176e-02   1.2020087e-02   3.4935780e-01   7.4648870e-02   5.3326078e-01   2.4823316e-01   3.8417562e-01   1.2660734e-01   1.2038566e-02   7.5215935e-02  -4.3562911e-01   1.8366923e-01   5.5492550e-02   9.2879029e-02   2.1640294e-01   1.9589437e-01  -1.6655213e-01  -4.2405235e-01  -3.8835359e-01   1.3870942e-01   2.2135890e-01   4.4558353e-02  -1.4468531e-01   6.2567905e-02   9.5343869e-02   3.1466900e-02   5.3733002e-02   2.1043688e-01  -4.0478472e-01  -9.0821500e-02  -7.7986591e-02  -1.8523884e-01  -3.0205844e-01  -5.2446069e-02   1.7319926e-01   8.1658456e-02  -1.3096609e-01   7.0648635e-02   4.7743851e-01  -7.5199373e-02  -7.8784642e-02  -1.4282074e-01  -1.3539015e-02   5.2586684e-01  -4.2547727e-01   6.0084647e-02  -2.2416274e-02   1.5996261e-01  -1.5733515e-01  -2.5898005e-01   4.1341533e-03   2.2807495e-01   2.5315172e-01   8.5824469e-02   3.2465871e-01  -2.0974055e-01   6.6728565e-03  -2.8887902e-01   1.7873327e-01  -6.1335604e-02  -5.7114432e-02   9.2918827e-04   3.0257782e-01   1.8090701e-01  -1.3129963e-01  -8.0199361e-02   8.1249196e-02  -2.5089268e-02  -8.5584151e-03  -8.7339665e-04  -1.1660965e-01   7.2124404e-02
  -9.8916420e-02  -7.7428450e-02  -1.6526066e-01  -2.3016647e-01  -1.4755753e-01   1.7426281e-01   0.0000000e+00   2.4126675e-02  -1.0066464e-01   6.2170279e-01  -2.8577611e-01   2.8332068e-01  -1.0581465e-01  -1.3951996e-01  -2.9097683e-01  -4.0606409e-02  -3.1286216e-01  -2.6293454e-01  -9.1563339e-02   2.6391777e-02   8.9353219e-02  -3.0153418e-01   5.4383124e-01  -7.2303387e-02  -6.4297554e-02  -1.7235300e-01   2.2369933e-01   6.6993183e-02   5.3932225e-02  -2.7437923e-01  -3.6462523e-01  -3.6545200e-01  -6.1906194e-02   8.2924748e-01   2.9453727e-01  -7.1025441e-02   2.2996339e-01  -3.4844801e-01  -2.8232354e-01   1.3728279e-01  -3.2231245e-01   1.2024755e-02   2.2427362e-01  -1.7323763e-01   2.3333915e-01  -3.4201081e-01  -4.0281557e-01   4.2691655e-01  -2.5495938e-01   3.8560281e-02  -1.4138798e-01  -1.6465076e-01   1.7234489e-01   5.5429042e-02  -2.4086083e-01   2.8296514e-01  -1.7834641e-01  -2.7583955e-01  -3.2354319e-01   2.1125818e-01  -3.9498691e-01   4.9447070e-02  -1.6403628e-01  -3.0744089e-01  -1.2744020e-01   3.7913142e-01   2.0734667e-01  -1.5720092e-01  -1.9525557e-01  -2.1881227e-01  -1.5262715e-02  -2.9361136e-01  -1.1967586e-01  -2.9907366e-01   6.7782175e-02  -4.6702691e-02  -3.6249296e-01  -1.7069995e-01  -9.8138196e-02  -2.5150533e-01   4.3941771e-01  -7.5107641e-02   3.5539780e-01  -1.5189037e-01  -4.5135655e-02  -1.3049306e-01   2.2801365e-02  -2.5003841e-01  -6.6798721e-02  -5.8185421e-02  -7.8169318e-02  -3.2311386e-01   2.8819640e-01  -1.4160096e-01  -3.4290970e-01   2.2525458e-01   3.3784393e-02   3.4234342e-02  -1.3518018e-01   7.2085944e-01  -1.2864120e-01   3.4484762e-01  -1.1115671e-01  -1.1615067e-01  -1.1809582e-01  -2.5983025e-01  -5.8167661e-02  -6.6865236e-02   3.4734139e-01   1.4053253e-01   7.4054403e-01  -2.3080863e-01  -1.9426056e-01  -2.1558349e-01   3.8726319e-01  -2.2188671e-02  -2.3173893e-01  -9.2558830e-02  -6.2902280e-02  -3.6274380e-01  -3.6327085e-01  -3.8441160e-05   2.3546835e-02  -1.1173032e-01  -3.1741735e-01  -2.7848847e-01   1.1672854e-01  -3.4033808e-02  -1.1828444e-01  -3.9624548e-01  -2.4216477e-01   4.6094329e-01  -2.9209951e-01  -1.3804041e-01  -5.9869521e-02   3.0099383e-02  -7.8530119e-02  -9.9583292e-02  -6.9123885e-02  -1.0166174e-01  -2.9312665e-02  -5.1724530e-02  -2.9367361e-01   1.2094834e-01   1.7347106e-01  -1.2734018e-01   3.4722350e-01  -7.4057635e-02   2.0094343e-01   2.7661230e-02   1.8239060e-02  -9.4792779e-02  -2.6374677e-01  -1.3276351e-01   4.8774087e-02  -3.6389311e-02  -3.6279054e-01  -2.0318231e-01  -3.1409466e-01   1.5285792e-01   2.1129912e-02  -2.6756964e-01   2.5315796e-01  -2.6893517e-01  -2.8677319e-01   6.6887585e-01  -1.6677764e-02  -6.3192624e-03  -3.4380612e-01   9.1039308e-02   2.3288256e-01  -3.2095805e-02  -1.8620017e-01  -5.4933721e-02   6.9528041e-03  -9.3002968e-02  -2.1606835e-01
   2.7099837e-01  -2.2386409e-01  -1.1099008e-01   2.8336185e-02  -3.9738322e-02  -9.7751457e-02   2.4126675e-02   0.0000000e+00  -1.1743473e-01  -1.0554215e-01   1.6129825e-01  -1.8155893e-01   6.8013646e-03   1.0988841e-01   2.0190392e-01  -2.5918701e-02  -1.1570569e-01   9.1295974e-02   1.1722848e-03   3.6338502e-02   1.0315818e-01   4.4487310e-02   9.3877760e-02   6.1183703e-02  -1.5316185e-01   4.7436508e-01   6.1882680e-02   2.4337247e-01  -1.9615955e-01   2.5576010e-02  -1.7615816e-02   1.6878195e-01  -6.4672173e-02  -6.7662153e-03  -7.8719504e-02   8.4633877e-03   8.8271613e-02   8.3583756e-02  -1.2393686e-01  -1.3213769e-01   3.6895309e-02   8.8502355e-03   1.7478420e-02   1.9645305e-01  -2.0386111e-02   2.1538783e-01   2.0746289e-02   1.0980112e-01  -5.5142974e-02  -2.1549522e-01   1.2938650e-01   5.2009847e-01   1.2638785e-01  -7.8683591e-02  -1.4425692e-02  -5.6588099e-02   8.8474281e-02   1.8970364e-01   7.4600717e-02   1.6184555e-01   1.6238438e-01  -7.7710625e-02  -2.3905913e-01  -1.8142393e-02  -1.0009380e-01  -1.1384749e-01  -1.4104741e-01  -1.0254914e-01   8.3956828e-02   1.1294768e-01  -9.0109303e-02   8.0115019e-02  -2.9657633e-01   1.8780671e-02  -1.6507925e-01   2.5769398e-01   1.4340101e-01   1.4300676e-01  -1.6569798e-01  -6.1985964e-02   1.6560174e-01  -3.6726056e-02  -7.3766558e-02   6.6631749e-01   6.3388000e-02   2.8340785e-01   1.2260901e-02  -1.6265211e-02  -2.1270411e-01   3.8305515e-01  -1.5014002e-01  -2.6521989e-02  -2.7036861e-01   1.8062115e-01  -9.5207517e-02  -5.1639627e-02  -1.0062555e-01   2.7855401e-01  -4.0106563e-02   1.5067822e-01   1.6464583e-01   3.4837027e-01   1.0845619e-02   1.3575258e-01   2.4145822e-01   3.2491089e-01  -6.9959006e-02   3.2832455e-01   9.1612241e-02  -7.1129336e-02  -1.3966018e-01  -4.3156099e-04   2.4560786e-02   1.8298850e-01   4.5137985e-02  -8.2598527e-02   1.1253020e-02  -3.4902182e-02  -2.1798249e-02   1.4316956e-02   8.0458851e-02  -1.3628803e-01  -1.7620890e-01  -2.2557345e-02   2.3743902e-01   3.6447358e-03   7.7092702e-02  -1.1024086e-01   2.4346569e-01   6.5244373e-02  -6.0503010e-02   3.5420627e-02  -2.0681362e-01  -3.9915575e-02   3.5178247e-02   5.6627245e-01  -1.1637539e-01   2.9727256e-01   4.3177792e-01  -5.4275164e-03   3.0971560e-01   2.1427887e-02   2.9800448e-01  -1.7553357e-01   1.1399227e-01   1.8866785e-01  -1.9041164e-01  -7.3627882e-02   3.3554724e-02   5.8313486e-02   2.3860157e-01   1.8957266e-01   1.5684019e-01  -1.2794385e-02  -1.8245950e-01   1.8187635e-01  -1.3663353e-02   1.3409293e-01  -7.0473722e-02  -9.7126806e-02  -2.2732639e-01   2.9450943e-01  -5.9859636e-02   2.2053626e-01   5.9630049e-02  -8.2877855e-02  -4.5850588e-02   1.6611203e-01   1.2859632e-01  -1.8183540e-01  -5.9921685e-02  -2.9209666e-01  -3.0278539e-02  -2.8901729e-01  -1.1905463e-01  -2.2569757e-02   2.7904654e-01
  -3.5493701e-01   7.9794275e-01   1.3274015e-01  -3.0803410e-01   5.0740794e-01  -4.9709730e-01  -1.0066464e-01  -1.1743473e-01   0.0000000e+00  -6.5417999e-02  -3.0536672e-01   4.6503614e-01  -1.1312773e-01  -1.2349436e-01  -2.5946705e-01  -2.3804800e-01   1.6155184e-01  -2.7828805e-01  -5.4661547e-02   1.4965049e-01  -5.7624514e-01  -3.4125576e-01  -5.4537418e-01  -2.4101951e-01   7.7363865e-02  -2.4349612e-01  -4.9084939e-02  -3.3973361e-01  -6.2532752e-02   2.2331662e-01   4.4734270e-01  -2.3870060e-01   2.3624517e-02  -1.7342866e-01   1.2265501e-01  -9.8444878e-02   2.1831752e-01  -2.6817373e-01   1.9379100e-01   1.8501773e-01  -4.8403705e-02  -1.1929654e-01   3.1397590e-01  -6.3618977e-02  -2.4150626e-01  -2.3511165e-01  -3.4960754e-01   4.7304104e-01   5.1336107e-02   2.4646164e-01  -5.1527440e-01  -2.7880173e-01   4.7067855e-01   2.0119700e-02  -7.4977301e-02  -5.0131794e-01  -5.0134525e-01  -3.7406115e-01  -3.1906719e-01   1.3357996e-01  -2.2289004e-01  -1.0863954e-01   7.6543077e-01   6.3794308e-01   7.3269007e-01  -1.8350700e-01  -2.1633991e-01   1.9792689e-01  -3.0124144e-01  -1.6081539e-01   5.2040818e-01  -4.4072901e-01   2.0067967e-01  -9.1985387e-02   3.3131609e-01  -1.2084886e-01  -2.4904675e-01  -1.9301054e-01   7.5243752e-01   6.8261462e-02  -3.2515219e-01  -1.4344989e-01   2.2623795e-01  -1.5679367e-01  -2.2810797e-01  -3.2148136e-01   2.7863296e-01  -2.2263041e-01   6.2982088e-01  -2.9154122e-01   7.0664170e-01  -1.3854739e-01   5.4286719e-03   3.0065293e-01  -1.2171097e-01   1.9711229e-01  -1.4269710e-01  -1.8211317e-01   1.8137802e-01  -3.1948749e-01  -2.0817892e-01  -3.6110228e-01  -2.4275867e-01   3.9726333e-01  -4.6757088e-01  -2.3555812e-01   2.3485221e-02  -2.7823161e-01  -2.8551301e-01  -2.5695793e-01  -1.5601015e-01  -5.0077912e-01  -1.0843097e-01  -2.7809351e-01  -2.6936478e-01   7.8615681e-01  -3.9309419e-01   8.1712928e-02   1.9349565e-01  -3.6613615e-01  -2.3574775e-01   4.4204908e-01   4.4063489e-01   6.1928792e-01  -2.8401559e-01  -4.9582472e-01   4.1104477e-03   2.3160713e-01  -3.5209483e-01   1.6073164e-01  -1.0641289e-02   1.2937227e-01   8.0912268e-03   1.8508603e-01   1.5292360e-01  -1.3311813e-01   1.0977769e-01   1.9526936e-01  -3.0082673e-01  -2.4399516e-01  -3.2704697e-01   2.7202844e-01  -3.4191238e-01  -1.2236763e-01  -2.9567356e-01  -1.4053011e-02   1.6725293e-01   4.2421725e-01  -3.7861535e-01   2.3122960e-01  -3.0697811e-01  -2.7198865e-01  -2.2292952e-01   4.2688778e-01   5.9998357e-01  -2.6456344e-01  -1.5018721e-01  -4.3935909e-01  -2.2782391e-02  -5.1133121e-01   2.3275294e-01  -2.8228730e-01   5.2140585e-01  -2.9205413e-01  -2.7240511e-01   1.7947863e-01   2.1130230e-01  -2.3193105e-01  -1.1627143e-01   4.0395622e-01   2.2277667e-01  -3.5484091e-02   1.2775640e-01   4.5499791e-01   3.1935762e-02   2.5204464e-01  -2.7971410e-01
  -3.3646909e-03  -1.8692791e-01  -1.4422132e-01  -1.4720511e-02   2.0623534e-01   3.6995331e-01   6.2170279e-01  -1.0554215e-01  -6.5417999e-02   0.0000000e+00  -1.0669675e-01   6.7429609e-02   1.4667250e-01  -2.5994487e-01  -4.2464531e-01   1.8403077e-02  -2.9128802e-01  -1.0086041e-01   1.0822705e-01   4.4055156e-01   9.8072365e-02  -9.0753094e-02   5.5389484e-01   6.5698737e-02  -4.8851140e-02  -7.7863800e-02   3.2521427e-01  -2.4215777e-01  -6.3025483e-03  -1.6714895e-01  -4.8791388e-01  -1.4371863e-01  -3.4626318e-01   5.1613884e-01  -2.2858915e-01   3.9126021e-01  -2.0879247e-01  -2.1420784e-01  -2.4384995e-01  -1.3600155e-01  -5.8042656e-02  -1.8201982e-01  -1.5497216e-01  -2.9798041e-01   3.6686151e-01  -1.0499245e-01  -5.9743050e-03   5.3950414e-02  -9.3422494e-02  -1.2027894e-01   1.5730620e-01  -6.9344594e-02  -1.8269392e-01  -3.2688012e-01  -3.4403612e-01   2.4936395e-01   1.5540044e-01  -5.3444220e-02  -1.6732459e-01  -1.4148648e-01  -2.0951208e-01   3.5195743e-01  -2.4316727e-01  -2.4829245e-01  -5.3097997e-02   7.3870247e-01   1.3421907e-01   2.6489528e-02  -7.6642420e-02  -7.5788810e-02  -4.0747752e-01   6.2323875e-02  -1.9203129e-02  -4.1405995e-01  -2.0440934e-01  -1.6582055e-01  -1.7152293e-01  -1.1718251e-01  -5.8628148e-02  -2.9395513e-01   1.0060390e-02  -7.1667871e-02  -8.7337894e-02  -1.4543908e-01  -2.3974598e-01  -1.3125448e-01  -4.6257898e-01  -7.7462149e-02  -1.6478625e-01  -3.5657780e-02  -3.0863968e-02  -2.3819468e-01   3.4377644e-01  -5.5700952e-02  -1.6913095e-01   3.9245955e-01  -4.0996395e-02   4.7523037e-02   1.3460060e-01   4.0672640e-01  -2.9439530e-01   5.2067624e-02  -3.6231922e-02  -2.8508961e-01   7.8204749e-02  -1.0836039e-01  -3.7581115e-01   2.0701680e-01   2.3033299e-01   3.8448138e-01   4.2412093e-01   1.0013618e-01   3.1495116e-03  -1.4704168e-01  -6.0491666e-02  -1.4314435e-02  -7.7714184e-02   5.8257747e-02  -4.0176783e-02  -8.2892942e-02  -1.1543099e-01   8.5049023e-02  -3.0976924e-01  -2.5386531e-01  -1.1134980e-01  -7.6115362e-02   2.1698387e-01  -1.2033904e-01   2.7421959e-03  -1.7281604e-01  -1.3391753e-01   4.0432867e-01  -1.3505025e-01  -5.6556363e-01  -3.0316598e-01  -1.9233405e-01  -1.8128005e-01  -3.3011815e-01  -2.3275667e-01  -3.6740166e-02  -1.4528323e-01   1.1017395e-02  -9.2946331e-02   1.5471917e-01  -1.6720346e-01  -6.7646162e-02  -1.7789845e-01   2.3473083e-01   5.1889764e-01  -3.7568694e-01  -1.3525005e-01  -1.7708075e-01  -2.3825316e-01   2.0488538e-02  -9.0035500e-02   1.5627429e-02  -1.3247840e-01  -6.7939249e-02  -2.7438066e-01   2.1654023e-01  -5.6815062e-04  -1.1567606e-01   1.2454811e-01   8.6306935e-04  -1.1265645e-01   4.0542467e-01   1.6441185e-01   1.3560670e-01  -2.3283415e-01  -7.1788857e-02   1.1227851e-01  -1.0162791e-01   1.1381441e-01  -1.2701013e-01  -9.2073920e-02  -9.3734222e-02  -7.1160260e-02
   1.1360363e-01  -4.2113281e-01  -2.0382227e-01   3.3748428e-01  -7.6177189e-02   1.9758168e-01  -2.8577611e-01   1.6129825e-01  -3.0536672e-01  -1.0669675e-01   0.0000000e+00  -5.2426407e-01   2.1018619e-01  -1.9571571e-02   1.7006911e-01   3.4194122e-01  -1.2377348e-01   5.0673606e-01   9.0827004e-02  -4.0812089e-02   2.6767055e-01   5.3539443e-01   1.9540400e-01   4.0721061e-02  -1.1650604e-01   4.8132732e-01  -2.2493084e-01   1.1655694e-01  -2.7744089e-01   4.0134073e-01  -3.3894564e-02   5.1738362e-01  -2.4586969e-01  -2.6129761e-01  -3.4695854e-01   3.7756584e-01  -4.4070035e-01   9.8679102e-02   2.0075253e-01  -4.5521642e-01   3.5937713e-01  -1.8503324e-01  -4.7091163e-01   6.0271261e-01   1.1430645e-01   2.7249064e-01   6.9213927e-01  -4.1830851e-01  -3.2717888e-02  -3.1840851e-01   6.6987079e-01   4.5561538e-01  -3.8887834e-01  -3.6068887e-01   1.0979489e-01   4.3786296e-01   4.1605809e-01   4.5264094e-01   4.5610292e-01  -2.7441734e-01   2.8286482e-01   1.2807456e-01  -3.3095040e-01   1.9041602e-02  -2.5622785e-01   1.1970638e-01  -6.0985179e-02  -2.8474571e-02   4.8289261e-01   5.6724348e-02  -4.0858462e-01   4.5039274e-01   2.9224290e-02  -1.8261998e-01  -3.6873189e-01   3.4463819e-01   2.5676158e-01   5.1124342e-01  -4.0717541e-01   5.8093709e-02   7.7339542e-02   6.1480842e-02  -3.8195242e-01   2.1161360e-01  -3.8491026e-02   5.1263571e-01  -3.0082959e-01   1.9984579e-01  -3.9516152e-01   1.0961489e-01  -4.0381115e-01   8.5570186e-02  -3.3679514e-01  -6.1798976e-02   4.9579384e-02  -3.7688334e-01  -1.2808275e-01   8.0332123e-02   3.3014358e-02  -3.4223094e-01   1.4577533e-01   3.1160205e-01   3.1743842e-01  -5.4961000e-03   6.0503867e-01   3.5647343e-01  -3.9432152e-01   4.0410411e-01  -1.1951452e-01   3.2787585e-01  -2.8142985e-01   5.8623200e-01   1.4310245e-01   1.1231460e-01  -1.5403063e-01  -3.9508783e-01   6.0133877e-01   8.5417446e-02   2.3351970e-02   4.8884967e-01   3.1071393e-01  -4.0630978e-01  -4.2887119e-01  -1.7432008e-01   2.0279130e-01   3.5271278e-01   8.6356822e-02  -2.7232417e-01   2.0443467e-01   1.4161480e-03   1.8017499e-01  -8.0969698e-03   1.3728838e-01  -1.3425850e-01  -4.1596776e-01   1.1701741e-01  -1.5698471e-01  -6.1728552e-02   2.8011518e-01   2.7230605e-02   2.0522157e-01  -3.1037144e-02   7.5251158e-01  -1.4168479e-03  -1.6890616e-03   4.9747380e-01  -4.2710465e-01   2.1696128e-01   4.5549791e-01  -2.8004840e-01   4.9584014e-05   2.8575154e-01   2.0698643e-01   1.6916482e-01  -4.4933130e-01  -4.3434305e-02   3.3573938e-01   4.4606144e-01   2.0345078e-01   3.7893992e-01  -1.9058211e-01   6.8009461e-01  -3.2886295e-01   5.8611850e-01   3.7615539e-01  -4.3948409e-01   8.8833722e-02   2.6561301e-01   2.0034664e-01  -3.5525789e-01  -4.0924620e-01  -1.3299481e-02   2.4130486e-01  -3.1977716e-01  -1.6007595e-01  -2.1494964e-01   4.4993618e-01
  -2.7454742e-01   6.9771337e-01   5.1717030e-01  -3.7880847e-01   2.4452372e-01  -1.7183068e-01   2.8332068e-01  -1.8155893e-01   4.6503614e-01   6.7429609e-02  -5.2426407e-01   0.0000000e+00  -1.0711381e-01  -1.3849783e-01  -2.7884772e-01  -1.7599405e-02   3.9583315e-01  -5.4670886e-01  -7.2226531e-03   1.6205177e-01  -4.1831069e-01  -3.1619216e-01  -3.4928817e-01  -2.1676434e-01   2.1219877e-01  -2.2237899e-01   8.8107520e-02  -1.6589255e-01   1.6913354e-01  -7.0624104e-03   4.6537710e-02  -2.9241305e-01   2.0157278e-01   2.6335700e-01   2.3659162e-01  -1.8422350e-01   2.0562600e-01  -3.6824362e-01   1.8244346e-01   4.8834961e-01   1.1126315e-02   1.1190259e-01   3.2681459e-01  -3.0815016e-01  -2.3895588e-01  -3.4255979e-01  -4.8492933e-01   3.1188958e-01  -5.7837373e-02   5.4066940e-01  -6.0598828e-01  -2.7700977e-01   3.5618769e-01   3.2326401e-01  -8.6329184e-02  -2.6825677e-01  -3.2395343e-01  -3.7776443e-01  -2.0289998e-01   2.6410445e-01  -3.1883254e-01  -2.6754166e-01   5.5864198e-01   1.5393399e-01   1.7423059e-01  -9.6788844e-02  -1.4208453e-02   1.6829423e-01  -3.9828722e-01  -1.6696851e-02   4.1395439e-01  -6.1747509e-01   1.6650982e-01   2.8174862e-01   4.9797339e-01  -7.6897767e-02  -3.4124695e-01  -1.2688741e-01   5.9438755e-01   3.2531565e-02  -1.4600205e-01  -4.0616573e-02   2.9799343e-01  -1.4168982e-01  -1.1763347e-01  -2.2100375e-01   1.0178580e-01  -2.8464712e-01   5.0575513e-01  -2.2501442e-01   6.0654217e-01  -7.8568781e-02   5.5706572e-01  -2.6845325e-03  -2.8805907e-01   2.0726526e-01  -5.7007535e-02  -8.9504639e-02   1.1361744e-01   1.0150480e-01  -2.3797255e-01  -1.7709684e-01  -2.8271438e-01  -6.5598532e-02  -5.8660279e-01  -2.2492348e-01   3.1471742e-01  -3.0436972e-01  -3.0389819e-01  -1.3837377e-01   3.6970769e-01  -5.4618526e-01  -2.3468383e-01  -3.3296971e-01  -1.6002121e-02   5.3660803e-01  -3.6578830e-01   2.0175108e-01   2.1806934e-01  -4.1001705e-01  -4.4046731e-01   6.1397100e-01   6.1630750e-01   1.8978891e-01  -4.4403338e-01  -4.1448208e-01  -2.2385650e-02   2.3015413e-01  -2.2515887e-01   1.2848938e-01   8.0191218e-02  -1.3284523e-01   2.0673489e-01   3.8083118e-02   2.8515985e-01  -1.1568569e-01   1.2734829e-01  -1.5346317e-01  -1.5477998e-01  -2.5948361e-01   1.9284731e-02   8.2103663e-02  -4.3164469e-01   2.4150298e-01  -1.6568641e-01  -3.4073773e-01   6.2577605e-01   5.2074315e-02  -3.0378269e-01   7.2231320e-02  -1.3268079e-01  -3.9658633e-01  -2.0932725e-01  -1.0389242e-01   7.1488924e-01  -3.3021848e-01  -3.8995907e-01  -2.2200206e-01   5.9460525e-03  -5.0722484e-01   1.7284768e-01  -3.9739868e-01   4.2695403e-01  -4.8965619e-01  -3.0883383e-01   5.1553738e-01   1.7570635e-01  -1.3469722e-01  -1.3956963e-01   5.0136733e-01   4.3158214e-01  -1.6962670e-01  -3.4420394e-01   6.1238695e-01   1.4514269e-01   7.0547520e-02  -2.2273387e-01
   6.0347796e-02  -1.2583952e-01   4.8035555e-03   3.2397565e-01   1.2611270e-01   1.1364734e-01  -1.0581465e-01   6.8013646e-03  -1.1312773e-01   1.4667250e-01   2.1018619e-01  -1.0711381e-01   0.0000000e+00  -3.9046686e-01  -1.8702285e-01   6.5990842e-02  -5.4928834e-02   2.7294738e-01  -6.8132570e-02   2.0764889e-01  -7.5551083e-02   1.9874403e-01   8.2554424e-02   2.2655702e-01  -2.0552040e-01   2.2787277e-01   2.2548852e-01  -1.7565647e-01  -1.1917667e-01  -1.2337481e-01  -3.3549651e-01   2.7496372e-01  -2.4679726e-01  -6.9356785e-02  -1.1745649e-01   1.7060306e-01  -2.0684230e-01   3.1734492e-03  -1.6996300e-02  -4.6596602e-02   5.2469389e-01  -4.4822297e-02  -4.1608864e-02  -1.3742015e-01   3.7687247e-01  -5.3741890e-02   1.3000831e-01  -2.4531304e-01   4.2510408e-02  -2.1114620e-01   3.5094590e-01   1.8404700e-01  -1.9869096e-01  -2.2025697e-01  -4.0812354e-01  -4.0715033e-04   1.3247770e-01   3.3946723e-01   1.9248482e-01  -2.6257382e-01   1.4113607e-01  -1.8659413e-02  -1.6078044e-01  -1.3536909e-01   1.0326101e-01   1.5373527e-01  -1.5164178e-01  -1.9960067e-01   1.5766042e-01  -1.4963637e-03  -1.7406402e-01   2.2175675e-01   2.1866492e-01  -1.5620626e-01  -1.1070834e-01  -6.9700199e-02   5.6116809e-02   1.3046955e-01  -1.1737040e-02   1.2929827e-01  -7.2246340e-02   1.4467395e-01  -2.8894854e-01   7.4266757e-02  -4.6045322e-01   9.1545796e-02  -2.3211737e-01  -6.2291981e-03  -3.0422969e-01   2.1178171e-02  -1.3302758e-01   8.6604911e-02   7.1929635e-03   3.6230834e-02   5.3487361e-02   1.4519156e-01  -1.4478493e-01   9.3802148e-02  -1.2861681e-01   3.2807054e-02  -4.3994826e-01  -4.7922477e-02  -3.3559935e-01  -1.5600478e-01   2.5879272e-01   1.4454537e-01  -2.9390588e-01   2.9195509e-01  -1.1413389e-02   3.9453006e-02  -1.2483006e-01   1.0589509e-01   1.4967780e-01   1.6194999e-02  -2.7626473e-01  -4.3029646e-02   1.6966801e-01   5.6914495e-01  -2.0467408e-01   3.8843181e-01  -8.3080525e-03   3.3878465e-02  -1.9017306e-01  -1.0956937e-01   8.2292610e-03   6.0068143e-02   1.9865016e-01  -6.5173458e-02   2.2611325e-01   2.7237242e-02   2.2698677e-01  -1.8806694e-02  -1.3488926e-01  -3.1237119e-01  -1.0520350e-01  -9.5087208e-02   1.7779800e-01  -3.1773429e-01  -1.0939069e-01   2.1171673e-02  -3.0323351e-01   5.4398895e-01   2.1328598e-01   3.7622696e-02  -2.3469503e-02   4.5931304e-03  -1.5920670e-01   5.7450629e-02   7.7362376e-02  -8.6096912e-02  -1.9392686e-01  -2.4221549e-01  -1.3312800e-01   3.6950153e-02  -1.0364387e-01  -1.0607445e-01   4.4442292e-02   2.8187883e-01   1.8356704e-01   3.7135540e-02  -1.1969780e-01   2.2287579e-01  -8.0320211e-02   1.9911196e-01   4.6093362e-01   3.2253937e-02   4.8466770e-02  -1.0585828e-01  -6.6135674e-02  -1.5154649e-01  -1.4361318e-01  -1.3356649e-01   1.0088947e-01  -1.6892213e-01  -1.8860476e-01   1.6275687e-01   2.5379524e-01
   3.2980140e-01  -9.9493045e-02  -2.6396773e-01  -1.7139842e-01  -3.2764966e-01  -1.9167538e-01  -1.3951996e-01   1.0988841e-01  -1.2349436e-01  -2.5994487e-01  -1.9571571e-02  -1.3849783e-01  -3.9046686e-01   0.0000000e+00   3.4643687e-01  -3.5317838e-02  -2.0261074e-01   5.0824842e-03  -1.0209914e-01  -3.1094774e-01   2.0875395e-01  -2.1860602e-01   2.5612301e-03   1.0769486e-01   3.1960621e-01  -3.6646992e-02  -5.6987192e-01   5.3476519e-01   1.6050664e-01  -8.5794177e-02   4.7238447e-01  -1.3043839e-01  -8.2012225e-02  -7.5527788e-02   2.0013647e-01  -2.5791506e-01   2.1804426e-01   6.2261310e-02  -1.5530018e-01  -2.7332676e-01  -2.5275119e-01  -1.2627672e-01   4.6316966e-04   3.1328212e-01  -2.1543350e-01   1.0852721e-01   2.4364941e-02   9.2081616e-02   4.4581227e-02  -1.9194946e-01  -7.7195960e-02   6.6546226e-02   1.4223257e-01   1.9786621e-01   7.1633633e-01  -5.7107136e-03  -7.4496485e-02  -1.2019096e-01  -8.8074388e-02   1.6965458e-01  -8.0929865e-02   2.3766820e-02  -9.9633572e-02   7.7921748e-02  -1.4580693e-01  -1.5887228e-01  -1.8455339e-01   1.4303972e-01  -2.9787006e-01  -1.1977046e-01   7.9803147e-02  -8.3743126e-02  -1.2942434e-01   3.0155858e-01   1.9354823e-01   1.8700201e-01   2.4486509e-02  -2.5493035e-01  -1.9347838e-01   2.0346478e-02   2.2624372e-01  -9.1710212e-02   1.5349506e-01   9.3150241e-02   6.6680994e-01   1.3309198e-01   3.2785546e-01   4.2203714e-01  -1.6668549e-01   3.6598809e-01  -1.8966771e-01  -6.3274997e-02  -2.3401637e-01   1.9649812e-02   1.3015357e-02  -3.6673150e-01   1.1829797e-02  -2.6380351e-01  -9.0561379e-02  -3.5310702e-02   7.6104268e-01   1.5823134e-01   5.0509673e-01   1.4734251e-01  -8.4901598e-02  -1.3522289e-01   1.9805685e-01  -3.8108652e-01   9.2677484e-02  -1.0646062e-01  -2.8047315e-02  -7.6297881e-02  -1.0966024e-01   2.8281447e-01   3.1312916e-01  -2.3921597e-01  -8.4884314e-02  -3.3018599e-01  -1.1322789e-01  -4.7638826e-02   1.4165511e-01  -3.3679503e-01  -3.9579132e-02  -3.1330471e-04   1.6229434e-01   4.2776866e-01  -1.2688867e-01  -7.0832412e-02  -1.2036504e-01  -1.4886104e-01  -2.3703055e-01  -6.6386388e-02   7.8577149e-02   3.6037447e-01  -2.3172519e-02   2.1918902e-01  -3.1956694e-02   4.2466231e-01   2.5911931e-01   1.8014616e-01   2.6585023e-01  -2.1009298e-01  -5.3875537e-02  -2.4330408e-01   1.8659827e-01   1.8938919e-01   1.8786620e-02  -1.6521990e-01  -9.3534284e-02   1.6038003e-01   5.2832422e-01   5.5439804e-01   2.9956445e-01   4.8041066e-02  -2.2913822e-01   2.6677094e-01   1.7945798e-01  -1.3151463e-01  -1.4935002e-01   1.1934561e-01  -5.6470753e-02  -1.6843418e-01  -1.5422212e-01   1.1614085e-01  -2.9330910e-01  -1.5119135e-01  -1.3435573e-01   2.1012938e-01   4.4260031e-01  -3.4804661e-02   1.5106700e-01   2.1022896e-01  -6.4788160e-02  -1.5951323e-01   2.2615262e-01  -1.6357788e-01  -1.8327631e-01
