   0.0000000e+00   4.3421146e-02  -2.1550327e-02  -2.9636630e-02   2.9608949e-01  -2.8553003e-01  -1.0653321e-01  -2.9137198e-01   1.1639981e-01  -9.7867830e-04  -2.8821507e-01   9.8159955e-02   3.9348893e-03   1.1111396e-01   3.1640704e-01   4.8392611e-02  -1.3430928e-02  -2.2959859e-01  -1.7226866e-01   3.0944161e-01  -4.0172514e-01  -3.6193232e-01  -3.6293652e-01   5.5257275e-01   1.5590299e-01  -1.6799478e-01   1.4156345e-01   6.6734303e-01  -1.7984791e-01  -2.3775053e-01  -3.8110259e-01  -1.1168056e-01   1.5082308e-01  -4.0503822e-01  -7.2872118e-02   2.2115283e-01  -4.7202788e-02  -1.1050414e-01  -9.9931976e-02   1.9795294e-01   3.0892905e-02   2.2135294e-01   8.3282303e-02  -3.8745107e-01  -2.8700108e-02  -1.6481037e-01  -1.8428444e-01  -4.2216445e-01  -1.7682554e-01   2.9070953e-01  -2.8079116e-01  -1.1389869e-01  -2.9140116e-01   1.0054088e-01  -2.8616434e-02  -4.9337111e-02  -9.4179238e-02  -1.5989783e-01  -2.3702146e-01  -3.4971139e-01  -9.9460217e-02  -4.2943766e-02   2.6754809e-01  -7.8800572e-02  -7.8818538e-02   3.9707859e-02  -3.4350724e-01   7.1392436e-02  -3.5006218e-01  -7.9784880e-02  -8.6436102e-02  -2.2821802e-01  -2.2135765e-02   6.8705895e-01   2.9266041e-01  -1.5662164e-01  -1.1212325e-01  -3.4966657e-01   3.8019798e-01   7.5840834e-02   1.6070292e-01  -1.4980709e-01   1.0963472e-01  -3.2401491e-01   2.1491873e-01   3.1249867e-02  -2.3890221e-01   4.8017251e-01   3.1748007e-03   8.5090918e-01   3.5776649e-01  -3.1906146e-02   2.2181677e-01   1.2363966e-02  -1.5032661e-01   3.1495317e-01  -2.4652444e-03  -2.7892932e-01   2.0456336e-01  -1.9885403e-01   5.8355896e-01  -5.2291789e-02  -2.4389919e-01  -4.0854096e-01  -2.1119949e-01  -3.6118916e-03   1.0959470e-01  -2.6079229e-01  -1.6148086e-01   1.1617998e-01   1.4923811e-01  -3.8886258e-01  -1.2425752e-01   6.7648318e-01   2.3494106e-01   1.6294532e-01  -2.8532575e-01  -1.6099037e-02   2.2548177e-01  -7.4631195e-02  -1.0589178e-01   3.4990333e-01   3.0967358e-01   5.6123698e-03  -2.2314710e-01  -1.1618354e-01   8.3639356e-02   3.9988898e-02  -8.0091108e-02  -2.4010776e-01   3.8515187e-02  -1.1195261e-01  -1.3763108e-01  -4.9422351e-01   1.4973457e-01  -1.1255196e-01   1.5517013e-01  -2.9772953e-01  -1.5532548e-01   5.9205178e-01   5.9032005e-01  -3.1240927e-02  -2.4031194e-01  -6.2057441e-02  -1.3973074e-01  -2.8638692e-01   2.1654438e-02   2.5489523e-01  -1.1826164e-02  -3.8961708e-01   4.8573614e-01  -1.6883549e-01   3.6202202e-01  -9.0137055e-02   1.5804677e-01   5.7346619e-01  -1.6185566e-01  -2.2224628e-01  -3.0514034e-02  -1.4483966e-02   5.9329037e-02  -1.8499366e-01  -4.9887065e-02  -2.6260704e-01  -2.1815464e-01   2.9946014e-01  -2.0704681e-02  -1.7055678e-01   2.0014615e-01   2.1389163e-01   2.4947503e-01  -2.2419592e-01   2.0854553e-02  -3.1178336e-01  -6.4281459e-03   2.1896867e-01  -4.9310902e-02
   4.3421146e-02   0.0000000e+00   8.0540679e-02  -1.7200157e-01   4.8318975e-01   2.8647539e-02   1.6364954e-01   2.0516298e-02   8.0563407e-02  -1.8949767e-01  -3.6807846e-01   6.0259465e-01  -3.1090894e-01  -2.8150464e-01   1.7614515e-01  -1.0338373e-01   1.2749861e-01   1.2804424e-01   2.9310993e-01   1.7021745e-01  -3.2012051e-01   1.0754915e-02  -6.0462362e-01  -1.4428497e-01   2.2637366e-01   2.5484207e-01   2.7772077e-01   1.4958271e-01  -1.3732433e-02   5.4572010e-01  -2.6765646e-01   6.6561860e-02  -9.9524967e-02  -1.1531296e-01  -8.2613368e-02   1.4035266e-01   1.3036206e-01  -1.3012528e-01   4.3717373e-02   4.0401690e-01  -2.3417258e-01  -1.9937704e-01   2.3025182e-01   7.1382620e-03   1.4746044e-01  -1.2701235e-01   8.0582759e-03  -5.0244116e-02  -1.6911885e-01   2.0441418e-01  -9.4134672e-02   1.0408807e-01   2.4580818e-01  -1.0198941e-01  -2.7268243e-01  -3.9653465e-01   1.2456092e-01  -7.4435167e-02   1.5722238e-01  -1.7055146e-01  -3.9471827e-02  -1.2001638e-01   2.5254082e-01   3.9474434e-01   2.0661236e-01   1.6036360e-01   1.2643798e-01  -1.0086643e-01   1.4639632e-01  -1.5687948e-01   4.4467335e-01  -1.0609546e-01   1.0128751e-01  -1.3252961e-01  -7.3350408e-02  -5.7181439e-02  -6.0400753e-02   2.2589588e-01   5.6054705e-01   9.9934402e-02  -1.9286402e-01   6.4557126e-02   4.7904719e-01  -7.7265290e-02  -7.8830901e-02   3.3429519e-03  -1.6061253e-01  -2.5430091e-01   1.5716719e-01  -9.3511839e-02   5.8576256e-01  -7.1816025e-02   2.7668155e-01   1.3409731e-01  -1.5645769e-01   4.5815545e-01  -1.1335494e-02   2.5481500e-01   4.2411004e-01  -3.5971602e-01  -1.1761133e-01   2.5225122e-01   9.3693878e-02   1.1737617e-01   8.2772810e-02  -6.9427182e-02  -6.1373951e-02   2.6992252e-01  -2.9802762e-01   3.7261545e-01  -1.0092900e-01   1.4562624e-01  -2.9899467e-01  -7.9400003e-02  -3.3649769e-01   3.7051744e-01   2.1128297e-01  -6.0496343e-02  -1.2985537e-01  -1.4368819e-01  -8.0417081e-02   4.7006647e-01   2.4579758e-01   4.1880288e-01  -1.7349232e-01  -3.0849318e-01   3.5851388e-01  -9.7005269e-03  -1.2795674e-01  -2.2198464e-01   7.0302859e-02  -5.7882518e-02   1.2303119e-02  -2.9268318e-01  -1.3646219e-01  -5.5839338e-02  -2.8272277e-01  -1.3912977e-01   3.5473587e-02   2.8203260e-02  -5.9102740e-02  -1.3419617e-01   2.2128737e-01  -1.4198207e-01  -3.8917486e-01  -1.7094217e-01  -2.2444339e-02   5.9354482e-01   3.6996528e-01  -7.3744467e-02   1.9663280e-02  -3.0933660e-01  -1.3944073e-01   1.9972820e-01   4.7390360e-01  -1.0826343e-01  -2.3056682e-02   1.3720540e-01  -7.3503283e-02  -2.0651647e-01   1.6945865e-01   4.1540450e-01  -2.1519361e-02  -1.1296437e-02   1.7749959e-01   3.0895769e-01  -1.0849604e-01   4.3911972e-02  -1.1541612e-01   3.3813265e-01   2.6467180e-01  -1.7248984e-01   1.5195229e-01   1.3440300e-01   1.8248554e-01  -1.0780981e-01   3.4065717e-02
  -2.1550327e-02   8.0540679e-02   0.0000000e+00   9.6362674e-02  -1.9550956e-01   5.0808203e-01   2.0794224e-02  -1.6215166e-01  -5.9206309e-02   1.9607698e-01  -1.8552366e-01   2.2394722e-01  -1.6372462e-01  -1.1431988e-01  -4.1168259e-02   1.0980530e-01   8.5107900e-01   2.0909569e-01  -1.6293853e-01  -5.0931972e-02  -1.4844203e-01   1.7353775e-01   2.3713844e-02  -4.6077665e-02   6.6218332e-02  -1.3232761e-01   8.5606277e-02  -9.5681512e-02   4.0464265e-02   3.2358914e-01  -3.0076945e-01   1.8258902e-02   2.9068616e-01   1.6850191e-01  -2.7261377e-02  -2.0275356e-01  -4.4001828e-01   5.6612868e-01   6.4755745e-02   1.2270445e-01  -1.7644222e-01   3.7934405e-01  -3.6648753e-02  -1.3923829e-01  -2.1094563e-01   7.0588507e-01   9.4431520e-02  -2.3175524e-01  -1.4919876e-01   3.2761349e-01   1.4917137e-01  -3.3388241e-01   3.6814954e-02   2.2126973e-01   1.2496139e-01   5.5314108e-02  -2.6956791e-01   1.6083881e-01  -1.5974645e-02   1.4853388e-01   7.9470876e-01  -2.5841419e-01   2.0205563e-01  -2.8437950e-01  -4.0476898e-01  -4.2765094e-02   3.2265674e-01  -8.9430997e-02   5.6503559e-02   7.7720775e-01  -2.8224108e-01   6.7745445e-02  -3.7133531e-01   1.3851667e-01  -1.3869446e-02  -9.5146777e-02   6.8429866e-01  -4.9291006e-02  -2.5429079e-01   6.1762577e-02   1.1491363e-01  -3.1737190e-01  -3.9363807e-01  -1.5019571e-01   5.7960771e-01  -3.0669261e-01  -1.8173918e-01  -3.1955886e-01   2.9987979e-01   1.9314015e-01  -3.4780424e-01   7.8580361e-01   1.0133103e-01   7.7204214e-02   6.0295240e-01  -2.6594634e-01  -5.4712413e-02  -2.2565263e-01  -1.3448760e-01   6.8412465e-03   2.6036878e-01  -1.5684966e-01   1.7146582e-02   4.1279173e-01   7.1120377e-02   2.4373631e-01   2.3443436e-01  -1.0131052e-02  -4.3220439e-01  -3.7732890e-02   1.0903774e-01   1.8916926e-01   2.1964839e-01   4.1995125e-01   2.0555621e-01  -5.7436591e-01  -2.0581407e-01  -4.5375272e-01   1.9250082e-01  -3.5918449e-02   5.4935020e-01  -2.6345142e-01   2.3740732e-01  -3.2552714e-01   6.5928921e-01  -2.0524869e-01  -1.5415331e-01  -6.0552243e-02   1.4997359e-01   7.1598613e-01  -2.7253689e-01  -4.6073517e-01   1.3971176e-01   1.5870237e-02   8.9114167e-02  -7.4274190e-02   1.3138037e-01   7.8468471e-02  -1.9365741e-01   2.8515102e-01   1.8814163e-01   1.5046293e-01   1.5717936e-01   4.7988428e-01  -7.1577751e-02  -1.2596230e-01   1.6169443e-01  -1.9270437e-01  -6.3848120e-02  -2.9982485e-01   6.3660106e-01  -2.1385494e-01   4.4194273e-01  -4.7340084e-01   3.9282619e-01   2.7977923e-01   5.9519209e-01  -1.3057742e-01   6.5959745e-01  -1.5262731e-01   6.8389955e-02   3.1507420e-03  -3.0444151e-01   1.5626922e-01  -2.2155518e-02  -4.4493096e-01  -1.5729582e-01   1.9105431e-01   5.7703401e-01  -2.7413634e-01  -2.7190165e-01   4.5689028e-01  -7.7104807e-02   4.8924388e-01  -6.8165531e-02   2.5540888e-01   1.1283917e-01
  -2.9636630e-02  -1.7200157e-01   9.6362674e-02   0.0000000e+00  -4.0362584e-01   3.5536121e-01  -7.3704864e-02   2.2407098e-01   7.7951564e-02  -3.0034240e-01   6.6179953e-02  -3.2249887e-01  -5.1306559e-02   3.1904168e-01   7.2883071e-03   1.1218221e-01   2.6817091e-04   2.3543726e-01   2.7123987e-02  -3.8938936e-01   1.3978574e-01   6.2768088e-01   2.5204751e-01  -1.4057913e-01   2.9924734e-01   1.5387041e-01   1.5976983e-01  -6.1660051e-02  -5.9859743e-02   2.0984381e-01   1.3110094e-01   3.6758303e-01   1.7141889e-01   1.0043615e-01   1.4456398e-01  -2.4182546e-01  -2.0477461e-01   9.8371658e-02   2.6565255e-01  -2.7346936e-01   5.1752545e-02   2.7337616e-01  -1.7262338e-02   1.7842991e-01   1.7099658e-01   1.6628020e-01   1.4068603e-01   1.7570476e-01   3.6285455e-01  -1.6666094e-01   5.3305298e-01   9.5586170e-03   1.1038128e-01  -2.3016431e-02   1.6123507e-01   9.7127859e-04   1.9955531e-01   5.2737831e-01   6.0867065e-01   4.3595726e-01   2.2783700e-01   5.4738059e-02  -1.2493472e-01  -1.7919635e-01   7.0210349e-02  -2.4094630e-01   3.4476556e-01   1.1379484e-01   5.1398107e-01   6.1519589e-02  -1.8137241e-01   6.0618098e-01  -6.1230967e-02   8.4319890e-02   8.1912299e-02   3.2985973e-01   1.9952308e-01   1.3433794e-01  -4.5597310e-01   3.9343483e-01   2.7734401e-01  -1.9162772e-02  -3.8583029e-01   1.7910937e-01   9.1959116e-02   1.0700203e-01   1.1894070e-01  -4.2367684e-02   8.0067751e-03  -9.0012181e-02  -2.7683191e-01   1.9796112e-01  -3.4837516e-01   6.4010622e-02   1.5161845e-01  -2.6301852e-01   1.6292215e-01  -1.1642158e-01   1.1552407e-02   1.4035371e-01  -6.1826035e-02  -2.5966333e-01   4.7101166e-01   4.5907817e-01   4.6627872e-01   7.1295224e-01   8.1651750e-02   2.8164871e-01   3.0228180e-02  -9.6720130e-02  -2.5238228e-01   4.4506038e-01   7.5362427e-01  -2.7119890e-03  -3.8386716e-02  -3.6239131e-01  -6.4008261e-02  -1.5929580e-01   5.4179203e-02   7.1106149e-01   1.2324745e-01  -3.8891918e-01  -9.3252591e-02   3.2422881e-02   1.6266671e-01  -1.1638324e-02  -8.9845184e-02   1.8402790e-02   7.8887303e-01   3.7181346e-02   5.6336437e-02  -1.4181276e-01   2.9813136e-01   2.7894888e-01   3.2508925e-01   3.1138574e-01   2.7009732e-01   2.5190506e-01   8.0189287e-02   1.9667657e-02   1.7871466e-01   8.4804064e-02   2.8796626e-01  -1.5462775e-01   2.0829362e-01   3.3990785e-01  -2.3368456e-01  -4.1975502e-01  -2.1706768e-01   1.3827705e-01  -4.9886895e-02   2.6715239e-01   8.4170866e-02  -2.5584470e-01  -3.2088091e-01   6.1711592e-02   2.4248842e-01   4.3931050e-01   4.4766815e-02   3.2324777e-01   2.0787360e-01   3.6192006e-02  -1.9136565e-01   6.1074006e-01   3.0904127e-01  -3.9749088e-01  -2.0394458e-01   2.4569808e-01   1.8157713e-01  -3.6115987e-01  -4.2736804e-01   1.6335288e-01   2.9156417e-01   2.3630556e-01  -1.8202175e-01   1.6082354e-01   5.6491802e-01
   2.9608949e-01   4.8318975e-01  -1.9550956e-01  -4.0362584e-01   0.0000000e+00  -1.9940349e-01  -1.0671390e-01  -6.6249278e-02   1.3879640e-01   1.5118884e-01  -2.7015524e-01   4.2668837e-01   2.1734608e-02  -2.2748776e-01   1.7271590e-01  -8.2897509e-02  -1.4332061e-02   8.3340168e-02   1.0136958e-01   7.7159040e-01  -3.2362551e-01  -3.0671138e-01  -5.5436932e-01   7.4044655e-02  -1.1959534e-01   9.7480258e-02   2.8842196e-01   2.7408727e-01  -2.7423029e-02   3.8473763e-02  -3.8722797e-01  -3.6262707e-02   3.4250650e-02  -3.6703182e-01  -3.1407267e-01   7.1069643e-01   2.4211401e-01  -3.2455687e-01  -2.8882874e-02   4.1780120e-01   1.2642115e-01  -6.3723250e-02  -7.6424976e-03  -1.3932278e-01   3.6442250e-02  -4.0755924e-01   2.3688590e-01  -3.7977811e-01  -4.4892796e-02   3.7569239e-01  -2.2506878e-01   1.9995340e-01   6.5477907e-02   3.7579180e-02  -1.3925285e-01  -3.7928317e-01   4.6919444e-02  -1.6372548e-01  -1.7178961e-01  -3.5030116e-01  -2.8620786e-01   9.9642615e-02   3.8511375e-01   1.4405183e-01   6.3756827e-02   2.2455799e-01  -1.5678190e-01   7.1160195e-02  -1.4193284e-01  -3.0691715e-01   1.7731631e-01  -2.2950638e-01   1.9456412e-01  -1.5403046e-02   2.0333229e-01   2.6309588e-02  -3.2938258e-01   6.3153364e-02   8.2175047e-01  -1.0255261e-02  -2.9299189e-01   1.0195316e-01   4.6944490e-01  -3.7187767e-02  -1.9007508e-01   2.4077659e-01  -4.2769227e-01   8.9561167e-02   6.2500728e-02   8.6421319e-02   6.5663819e-01  -2.6367086e-01   6.3972471e-01   2.2706769e-02  -3.3190947e-01   6.3777511e-01   3.0051746e-02   3.7115117e-02   5.9741718e-01  -2.7869212e-01  -1.8640979e-02   2.0720416e-01  -3.1747357e-03  -2.8710223e-01  -6.4111177e-02  -2.9244292e-01   7.0281540e-02  -1.2653951e-01  -1.6644876e-01   4.9753967e-01   1.4326164e-01  -1.0797534e-01  -3.6751674e-01  -3.9674145e-03  -2.0902791e-01   6.3908842e-01   1.1538897e-01   2.7898558e-01  -3.3446880e-02  -3.1684552e-01  -3.5645731e-01   8.0060284e-01   3.7601828e-01   3.3498966e-01  -4.0727227e-01  -7.1059977e-02   4.7277134e-01   1.2227420e-01  -3.9681357e-01  -3.2672459e-01   2.0765616e-01  -3.4876219e-02  -1.2810715e-01  -4.1832757e-01  -1.8438295e-01  -8.7966885e-02  -9.6186460e-02  -5.2738009e-01   1.4085995e-01  -3.5264067e-02   5.5669069e-02  -1.6087705e-01  -1.3836320e-01  -7.3209123e-02  -4.0850341e-01  -1.3457541e-01  -5.9558881e-02   7.6123755e-01   3.9286413e-01  -2.0287929e-01  -2.8587437e-02  -1.6740110e-01  -9.6956976e-02   2.0770570e-01   4.4961187e-01  -5.0346418e-03  -3.8423020e-01  -1.0482262e-01  -8.1552508e-02  -4.5458446e-02  -3.3112281e-02   1.7041713e-01   1.1786390e-01  -2.3317648e-01  -5.6741818e-02   6.2443163e-01  -5.2484212e-03  -1.2818249e-01  -2.5864959e-01   7.3681695e-01   5.9318481e-01  -3.1656654e-01   2.6020464e-01  -1.9860735e-01   5.7787090e-04  -9.0189128e-02  -2.0762343e-01
  -2.8553003e-01   2.8647539e-02   5.0808203e-01   3.5536121e-01  -1.9940349e-01   0.0000000e+00   7.3960930e-02  -1.3475775e-02  -1.8322507e-01   3.5698969e-02   5.9738015e-02   1.5204695e-01   5.2336847e-02  -7.3737993e-02   1.0020976e-01   2.2607905e-01   3.8909391e-01   2.2427342e-01   1.3665357e-01  -9.2222504e-02   2.7970299e-02   5.1538592e-01   1.0901579e-01  -3.0343291e-01   1.9479383e-02   2.6060288e-01   1.5640944e-01  -4.5143895e-02   2.9213468e-01   3.5940611e-01  -7.8517320e-02   1.4245315e-01   1.1579662e-01   4.3710584e-01   2.1393714e-01  -1.3092980e-01  -2.6893329e-01   3.4150841e-01   2.9612075e-01  -2.4027642e-02  -3.3552292e-02   2.4652797e-01   6.1048786e-02   2.3528969e-01   9.0624164e-03   3.5499253e-01   3.1563648e-01   3.6365050e-02   3.4735113e-02   1.2542397e-01   3.4595576e-01  -4.4239500e-02   3.1982086e-01  -2.2587662e-02   3.4144196e-02   2.1185008e-01   1.3073087e-01   3.4384889e-01   3.0804643e-01   4.6724214e-01   5.2475473e-01  -2.0900638e-01  -2.0499265e-01  -1.4807773e-01  -3.0318030e-01   2.3355066e-02   8.4950200e-01  -2.8839429e-02   5.5615893e-01   2.8211620e-01  -2.1841815e-01   3.2219620e-01  -1.6409998e-01  -9.7103054e-02  -1.8931423e-01   1.0817950e-01   4.2905562e-01   3.8185803e-01  -3.2682020e-01   1.5715091e-01   1.6617291e-01  -1.0024714e-01  -2.5750296e-01   4.6032697e-02   2.4248349e-01  -2.7326593e-01  -2.0845217e-01  -4.9885461e-01   6.9765124e-02  -2.2710616e-01  -3.1466349e-01   5.1031767e-01   1.1341193e-01  -4.2131819e-03   3.3530076e-01  -1.2215242e-01  -4.9385657e-02   2.1396975e-01  -6.8817787e-02   1.1909049e-01  -1.1910359e-01   8.1119597e-02   3.0371659e-01   5.0261058e-01   3.1756693e-01   3.0912353e-01   7.8489487e-02   5.3369235e-01  -3.1593024e-01  -1.3693426e-02   1.3150327e-01   4.8750020e-01   2.9716321e-01  -1.3158216e-03   1.3495416e-02  -4.0339947e-01   2.3406136e-01  -2.0917888e-01   1.8604569e-01   2.2263012e-01   3.8939315e-01  -1.8428321e-01  -3.5855981e-02  -2.2378749e-01   3.9820621e-01  -1.0394589e-01  -1.0153315e-01  -1.1779230e-01   4.1388607e-01   2.9626439e-01   5.0341838e-02  -2.0340501e-01   3.2349294e-01   1.7898171e-01   1.7420129e-01   9.1109344e-02   2.2120368e-01   1.4578816e-01  -3.2716940e-02  -8.5769583e-02  -1.8644672e-02   1.3391903e-01   5.8667494e-01   3.5956797e-01  -2.9691126e-03   2.1379262e-02   8.1535394e-03  -3.0280297e-01   6.5473779e-02  -1.4756004e-01   1.9756415e-01  -4.2435777e-02  -1.5769093e-04  -2.3804065e-01   1.8912595e-01  -6.2109438e-03   4.2292160e-01   2.0791150e-01   3.2748379e-01   1.2361841e-01   1.4531982e-01   2.3113022e-01  -1.4037424e-01   3.8044471e-01   3.4793010e-01  -3.4869600e-01  -4.3575127e-03   4.9615449e-01   2.5966924e-01  -1.5245025e-01  -2.4687790e-01   3.0008500e-01   3.3666342e-02   8.3339878e-01  -5.9782773e-02   4.7339228e-02   3.5208353e-01
  -1.0653321e-01   1.6364954e-01   2.0794224e-02  -7.3704864e-02  -1.0671390e-01   7.3960930e-02   0.0000000e+00  -2.3597776e-01   5.2906614e-02   2.4283741e-01   1.5708506e-01   2.3472070e-01  -8.9316030e-02  -3.7356663e-01   5.0482228e-01  -1.7358517e-01  -1.3843375e-01  -1.2181191e-01  -9.2610190e-02   9.2412173e-02   1.7945186e-01  -7.7167137e-02   3.9201727e-01   2.6324395e-02  -1.0040222e-01  -6.6144055e-02   1.2269392e-01  -2.7063776e-01   6.1773922e-02   8.7623931e-02   1.6591423e-01  -1.8672060e-01  -2.0267828e-01   5.1925362e-01   4.6581257e-02   6.4786118e-02  -8.1156295e-02   1.4432571e-01  -2.8285025e-01   1.6466567e-01  -3.2337149e-01  -1.7581014e-02   6.3223320e-01  -2.5093092e-01   2.9322815e-01   4.4435242e-02  -2.4023659e-01   4.2821006e-01  -2.5793640e-01  -1.9678590e-01   8.5081421e-02  -3.1122672e-02   9.1029802e-02  -9.6100334e-02  -3.0244130e-01   3.2375255e-01  -5.5739307e-02  -1.4395682e-01  -1.8635839e-01   4.7476731e-02  -1.1302063e-01  -1.9481096e-02  -1.2625020e-02   2.2115519e-01   5.5004288e-02   6.2044302e-01   5.4167651e-02   1.3032977e-02  -2.6279997e-01   2.9119793e-01   1.0784173e-01  -5.0526115e-02  -3.4083225e-02  -1.6915988e-01  -6.3712998e-02  -1.9212399e-01   1.1765530e-01  -3.0739846e-01  -4.3107402e-02  -2.0171790e-02   1.9395120e-01   1.9468138e-01   1.3442503e-01  -3.3093698e-01  -1.4243376e-01  -5.4637785e-02   1.1592300e-01  -2.0302566e-01   5.0323247e-02  -2.5108933e-02  -4.7047106e-02  -7.9759621e-02   4.4558109e-04   3.7633800e-01   5.4065043e-02   1.8838329e-03  -3.7875880e-03   1.8328284e-02  -4.3630216e-02   4.2232269e-01  -2.6486808e-01   4.6216838e-01  -3.5194646e-01  -5.5895357e-03  -9.0732036e-02  -2.2939741e-01  -1.9998229e-01  -1.0168942e-01   2.0941879e-01  -4.9501927e-02   4.0594978e-01  -1.8821459e-01  -7.6006696e-02  -1.9832030e-02   7.6079928e-02  -7.6233935e-02  -1.6523343e-01  -4.2818922e-02  -4.3315493e-01  -4.1849685e-02   8.9771966e-02   8.9146483e-03  -6.8122599e-02  -3.6452127e-02   1.3013488e-01  -2.6316800e-01   2.0395434e-01  -1.3307055e-01  -2.9511615e-02   9.8858015e-03  -2.7882095e-01   5.3502782e-01  -4.0360953e-01   8.1391308e-02   2.0597305e-01  -1.6150917e-01  -2.0560119e-02   9.7276648e-02  -8.4248607e-02   1.3827627e-01  -1.2784909e-01   4.8118552e-02  -1.4387180e-02   1.0226618e-01   5.2913303e-01  -1.8567243e-01   5.6036873e-01   9.5999537e-02   5.2861237e-01   7.2126978e-03   7.9369375e-02  -2.7757243e-01  -1.9318587e-01   2.2034102e-01  -4.0354773e-02   1.1173482e-01   3.6301805e-02  -1.4946957e-01  -2.1955942e-01  -1.2276961e-02   1.0767080e-01  -3.6944643e-02   7.8898068e-02  -1.9497391e-01  -5.6987393e-02   2.0592163e-01   5.3410111e-01  -1.0862557e-01  -1.8279939e-01  -2.3516189e-01   2.2446840e-01   6.3210431e-02   5.7668614e-02  -8.5239237e-02   1.1977943e-01  -5.0993441e-02  -9.5129178e-02
  -2.9137198e-01   2.0516298e-02  -1.6215166e-01   2.2407098e-01  -6.6249278e-02  -1.3475775e-02  -2.3597776e-01   0.0000000e+00   1.0590375e-01  -2.1857391e-01  -1.5596354e-01  -2.1303914e-01  -1.0351749e-02   1.2751501e-01  -1.5381402e-01  -1.2140394e-01  -1.0278487e-01   9.0345497e-02   2.6178885e-01  -2.6665840e-01   1.1596101e-01   2.4364164e-01  -7.0121592e-02  -4.0053602e-01   9.5114817e-02   4.2516474e-01  -1.8779197e-02  -4.8185590e-03   1.2710437e-01   7.4454419e-02   1.3802761e-01   7.5764951e-02  -1.4456494e-01  -9.5948643e-02  -5.9148401e-02  -1.8319331e-01   1.7847525e-01  -3.0405095e-01   2.0155816e-01  -7.2034859e-02  -2.2143724e-02  -1.9371787e-01  -8.7619407e-02   3.4269973e-01  -1.5428622e-01  -1.6728120e-01  -1.4179039e-01   4.2594025e-02   2.7887958e-01   7.8368785e-02  -5.9331107e-02   4.4313718e-01   1.1731729e-01  -1.5290606e-01   1.4145760e-02  -1.4614715e-01   2.8175473e-01   1.8168877e-01   2.3446036e-01   5.9243282e-02  -9.9297359e-02   1.7517902e-01   1.1338316e-01   1.5597044e-01   1.2461614e-01  -1.1449439e-01   7.2342146e-02  -2.5398571e-02   1.6532985e-01  -2.4538679e-01   8.8983230e-02   5.4794105e-02  -1.5107466e-02  -3.3405880e-01   5.0498237e-02   3.7237049e-01  -2.5885654e-01   3.7021602e-01  -1.0824709e-02  -1.9657508e-02  -1.0247673e-02  -4.0021904e-02   7.8366552e-02   8.0903722e-01  -2.4681649e-01   2.9833881e-01  -5.3281752e-02  -1.5466269e-01  -4.5567835e-02  -4.1879854e-01  -6.5224198e-03  -9.5963191e-02  -1.1738224e-01  -1.3956407e-01  -2.6747057e-01   1.5785304e-01   1.5998742e-01   2.1438596e-01   1.8046799e-01  -8.6791678e-02  -2.0889226e-01  -8.4770000e-02   3.4482992e-01   5.8745952e-02   4.0757450e-03   1.8140469e-01  -9.2058091e-02   1.7553513e-01  -6.0254715e-02  -2.3828839e-02  -1.8681824e-01   1.2771681e-01   1.7079021e-01  -4.3279441e-01  -2.5173698e-01   4.8959511e-02   3.1273706e-01  -2.1888795e-02  -6.0549246e-02   5.9885596e-02  -2.3656795e-01   4.0302751e-02   5.2026665e-02   2.1743648e-01  -2.3611016e-01   1.7074319e-01  -8.4811914e-02  -6.0335941e-02   2.4226507e-01  -1.1685920e-01   5.3076711e-02  -1.0143958e-01   1.5073787e-01   1.5406189e-01   1.3360673e-01   6.4786453e-01   1.3766085e-01   8.3309017e-02   4.3019832e-01  -4.4113746e-01  -1.3245491e-01   4.9288376e-02   2.9733620e-02  -2.4301495e-01  -1.6397369e-01   2.3617300e-01  -2.5181695e-01  -3.5441744e-02  -9.2073082e-02   1.7811912e-01  -4.7771842e-01   2.8100932e-01  -2.8100089e-01   1.0154708e-01  -7.9802077e-02  -4.3001906e-01  -1.0925383e-01   2.2795169e-01  -9.1932114e-02   1.8538868e-01  -7.1883558e-02   4.4471049e-02   7.3076655e-02   6.2837292e-02   3.6852903e-02  -8.7591491e-02  -1.2713061e-01   1.3348337e-01  -1.8749919e-01   1.3825897e-01  -1.6286005e-01  -1.9526407e-01  -1.8634170e-02  -6.9215145e-02  -1.6440371e-02  -3.0866856e-01  -1.7179763e-02
   1.1639981e-01   8.0563407e-02  -5.9206309e-02   7.7951564e-02   1.3879640e-01  -1.8322507e-01   5.2906614e-02   1.0590375e-01   0.0000000e+00  -6.8827360e-02   9.9832822e-02   2.0005812e-01   4.8643157e-02   5.4846552e-02   1.9859108e-01  -2.9640385e-01  -3.5839196e-02   1.4682439e-01  -6.6216483e-02   1.3493079e-01   7.4071047e-02   7.5806936e-02   5.7256344e-03  -4.0813933e-02   2.0489703e-01   1.9140785e-01  -1.0506199e-01   1.0232414e-02  -9.5415368e-02   6.8143992e-02   1.6963088e-01   9.7608760e-02  -8.3647162e-02  -8.3629750e-02  -1.4382457e-01   1.8084942e-01  -9.9575555e-02  -2.1048067e-01  -5.7168044e-02  -1.9388269e-02   1.4643739e-01  -1.6963291e-01   3.1523747e-02  -4.0315575e-02   8.2754451e-02  -1.3915500e-01   1.4970292e-02   7.0634687e-02   1.0182094e-01   9.2517719e-03   8.6831580e-02   3.7632619e-01  -2.6487736e-01   8.7912653e-03   2.9043243e-01  -6.5565964e-02   1.1123044e-01   2.4137480e-02   1.3976746e-01   2.4570047e-01  -1.2594507e-01   1.4408842e-01   2.2310426e-01   7.1421891e-02   2.4334521e-01   1.1670690e-01  -1.4688050e-01  -1.3940968e-01  -1.4810359e-01  -1.7147447e-01   1.3140541e-01   3.9821037e-02   1.5280847e-01   5.1398904e-02   2.4184497e-01   3.0130369e-02  -1.0075142e-01  -6.9015882e-02   1.4904381e-01  -9.3587804e-02   2.3647485e-02   6.7328626e-02   8.5794330e-02  -6.6311171e-03  -1.3565474e-02   2.5811768e-01   8.7585124e-02   1.2552269e-01  -2.2882300e-02   6.9602923e-02  -3.0404067e-02  -4.8251726e-02   6.0737438e-02   4.3769474e-01  -1.7342578e-01   2.1469223e-02   9.3099861e-02  -9.1449427e-02   1.0717583e-01   3.4013011e-02   6.6071010e-02   2.7887583e-01   2.8917947e-03   1.1959217e-01   9.8122320e-03   1.4901484e-01   1.0615674e-02  -2.5085940e-01   1.7098101e-01  -1.5677150e-02  -5.9428278e-03  -1.0147652e-01   1.3960381e-01  -2.9968273e-02   4.4401450e-02   1.2406981e-01   3.9887654e-02   2.4770237e-01  -4.9901623e-03   8.8894382e-02  -1.2299640e-01   9.6379163e-02   1.5933551e-01   2.4488899e-01  -5.1777759e-02   1.8055965e-01   2.5415508e-01  -2.7300777e-02   4.7093712e-02  -1.3992496e-01  -5.0868211e-02   1.2900697e-01   3.5790246e-02  -3.6642154e-03   1.4423496e-01   2.8047531e-01   2.2456837e-02   2.2580050e-02   2.4024539e-01   1.6098064e-04   3.4784234e-02  -1.7507879e-01  -1.2761124e-01  -6.6654249e-02   1.1327396e-01   1.1616247e-01  -4.8248301e-03   8.2055559e-02  -2.0430742e-02   1.2647041e-01   7.4011922e-03   9.4513053e-02   2.3965873e-02   1.0799703e-01   3.8042534e-02  -7.8693705e-03  -1.2249588e-01   1.9647980e-01  -3.6228021e-02   5.7508583e-02   1.6951860e-01   5.6368080e-02   7.9451327e-03  -2.0727336e-03   4.1634618e-02   1.9946798e-01   1.0294870e-01  -3.9471423e-02  -1.4266455e-01   7.0990500e-02   1.1800988e-01  -1.4315572e-01   1.9482711e-01  -1.9206522e-01  -6.9628341e-02  -1.4154761e-01   1.8811563e-01
  -9.7867830e-04  -1.8949767e-01   1.9607698e-01  -3.0034240e-01   1.5118884e-01   3.5698969e-02   2.4283741e-01  -2.1857391e-01  -6.8827360e-02   0.0000000e+00  -1.8732842e-01  -8.2626930e-03   3.7826529e-01  -2.2483645e-01   5.2461313e-02  -1.7226807e-01   1.6381755e-01  -9.9001808e-02  -1.2976985e-01   4.8314323e-01  -9.3671930e-02  -2.9961151e-01   1.5672274e-01   7.2355301e-02  -2.6694707e-01  -3.6271875e-01   3.5972118e-02  -2.0136899e-01   3.2202278e-01  -1.7312842e-01  -3.6081324e-01  -2.9051379e-01  -5.4389866e-02   2.0755434e-01   2.1494818e-02   2.3349465e-01   1.0119070e-01  -8.9075943e-02  -3.2019166e-01   1.9325933e-01   4.4490276e-02   7.4014773e-02   2.2368399e-01  -3.4418085e-01  -2.8059459e-01  -7.4860913e-02  -3.5900442e-02  -2.5068485e-01  -9.6778911e-02   2.6356567e-01  -4.2856714e-02  -1.1637733e-01   4.8620220e-02   3.6016728e-01   2.5676430e-02   2.1248805e-01  -2.1248063e-01  -3.2960704e-01  -4.6368425e-01  -2.1510062e-01  -2.6506568e-02   1.9652244e-02   2.3529316e-01  -4.2368819e-01  -4.1107031e-01   3.5338902e-01  -2.2704178e-02   6.5209056e-02  -4.3301767e-01   2.4440109e-01  -3.1079146e-01  -2.4979730e-01  -2.1120982e-01  -2.9589272e-02   1.7713009e-01  -2.3156660e-01  -6.5161577e-02  -3.4383326e-01   3.8443599e-02  -3.8192624e-01  -5.3177783e-02   1.0361262e-01  -2.0844564e-01  -1.5227428e-01  -1.6505887e-02  -1.3074072e-01  -2.6368237e-01   3.7428510e-02   2.4533287e-01   4.6177106e-02  -6.2653389e-02   2.2013602e-02   3.4705105e-01  -2.2343032e-02  -9.3565507e-02   5.8778824e-02   1.8783791e-01  -1.2501279e-01  -1.5056759e-01   2.3389149e-01  -2.4558723e-01  -6.5857277e-02  -2.8192638e-01  -1.1809495e-01  -3.7346043e-01  -4.1290344e-01   2.0722429e-01  -3.8691779e-01   1.3955162e-01   5.5769842e-02   4.6653585e-01  -2.0168364e-01  -7.7524820e-02   1.4952116e-03   4.6170967e-02  -1.2254094e-01  -1.1724714e-01   1.4711915e-02  -1.7398314e-01  -2.4097928e-01  -1.7372757e-01   1.8910275e-01   2.0086441e-01  -4.9845919e-01  -4.7495109e-02   3.4293130e-03   3.5413604e-02   3.4778943e-01  -4.1401102e-01   1.2157497e-01  -3.8224347e-01  -1.0884025e-01  -2.5291467e-01  -5.5566319e-02   1.3697364e-01  -2.5771024e-01   1.1031107e-01  -4.2768510e-01  -9.6578344e-02  -3.9505615e-02  -1.8277863e-01   2.7042907e-01  -4.1910934e-01   3.1959518e-01   7.6932889e-02  -2.3801815e-01   3.9820469e-01   8.6775181e-02   2.8197554e-01  -3.9636009e-01   1.3953338e-01  -2.9862427e-01  -2.0027279e-02  -2.3616786e-01   1.0128366e-01  -1.1507608e-03  -1.9013415e-01  -4.2208566e-01   1.5714234e-01  -1.7032439e-02  -4.1267479e-01  -3.2108308e-01   2.1657545e-01  -3.0510473e-01  -3.5080940e-01   5.3815178e-02   3.2341178e-01  -1.8503023e-01  -1.3415325e-01   8.7710959e-02   3.2814499e-01  -1.7790892e-01  -1.4993878e-01  -1.2496229e-01   3.6405284e-01  -3.1720138e-02  -3.6333341e-01
  -2.8821507e-01  -3.6807846e-01  -1.8552366e-01   6.6179953e-02  -2.7015524e-01   5.9738015e-02   1.5708506e-01  -1.5596354e-01   9.9832822e-02  -1.8732842e-01   0.0000000e+00  -1.7035018e-01  -1.4871856e-03   1.4090461e-01   1.8731372e-02  -7.3765355e-02  -2.1813080e-01   2.4814413e-01   3.7822058e-03  -1.9959694e-01   6.6816688e-01   1.0610990e-01   6.2792084e-01  -2.2332330e-02  -3.3011410e-01   8.4551229e-02  -2.4117064e-01  -2.1826793e-01  -1.1556866e-01  -1.0284496e-01   7.6571685e-01   1.1011220e-01  -1.2191275e-01   4.3281490e-01   3.3592468e-02   1.1486439e-01   3.8446812e-02   1.5505660e-01  -4.4127799e-02  -5.4411772e-01   1.7592904e-01  -7.2680194e-02  -2.4776478e-01   4.9274222e-01   3.5763082e-01   1.2695617e-01   4.2484204e-01   6.0378301e-01   1.5650527e-01  -5.9863168e-01   3.4568772e-01   1.3287053e-01   1.3285565e-01  -1.8958739e-01   6.0214692e-02   3.9534615e-01  -3.7169329e-02   1.4903762e-01   1.4509789e-01   4.3641095e-01  -1.0318632e-02   1.0404357e-01  -4.0128856e-01   2.0001177e-01   3.1939400e-01  -3.3113313e-02  -1.1534230e-02  -2.5693067e-02   2.4612768e-01   8.0977464e-02  -4.8254254e-03   2.6163863e-01   2.1006967e-01  -1.1032704e-02  -1.9452827e-01   9.9067871e-02   1.4198815e-01  -3.9597275e-02  -4.0697168e-01   6.7497166e-02   2.4697001e-01   1.4545039e-01  -9.4989314e-03  -8.3259827e-02   9.7037038e-03   2.2431309e-03   4.5363236e-01  -3.3724228e-02  -3.5888914e-01  -1.1078111e-01  -5.2036574e-01  -2.0304127e-02  -1.4405037e-01   1.2776149e-01   1.4398942e-01  -4.7168331e-01  -2.4949179e-01  -5.7004796e-02  -2.0944828e-01   3.1428146e-01   3.8673443e-02   3.8776449e-01   9.6629991e-02   1.4618504e-01   2.5579262e-01   9.7169499e-02  -2.0205229e-01  -6.6608889e-02   3.9337890e-01  -4.1292945e-02  -5.9873114e-02   1.8704472e-02   3.9170263e-02  -9.3265750e-02   2.9808161e-01  -1.1063503e-01  -1.3176159e-01   3.0227953e-01   2.3814784e-01   9.2400096e-02   1.1615930e-01  -4.5443901e-01  -4.2720618e-01   1.4396622e-01   2.7885605e-01   2.0422279e-01  -9.0335080e-02  -2.9667534e-01   1.1376936e-01   2.5679467e-01   2.9747354e-02   4.6275653e-01   1.9667637e-01   6.4670208e-01  -9.6779324e-02   8.5767534e-02  -7.9222683e-02   5.3874114e-01   6.2618136e-02  -1.1731598e-01  -1.3864176e-01  -1.5619899e-01   1.3999965e-01   1.9287466e-01   4.9753122e-01   3.8726319e-01  -5.5658109e-02  -2.7183721e-01   9.2827560e-02   4.8779515e-01  -1.0431596e-01   5.0211784e-01  -6.0748502e-02   4.4486679e-01  -3.5648763e-01  -1.2392105e-02   7.8859813e-02   1.7719408e-01  -1.3824716e-01   2.7094829e-01   3.1492786e-02   2.1569202e-01   2.5247781e-02   2.1553715e-01   9.6232221e-02  -1.2430706e-01   2.5234170e-01   1.7281145e-01  -1.3423293e-01  -1.8808698e-01  -2.0461030e-01   1.2471386e-01   2.0670867e-01   1.3930585e-01  -3.6078240e-01  -1.4321893e-01   6.4451326e-02
   9.8159955e-02   6.0259465e-01   2.2394722e-01  -3.2249887e-01   4.2668837e-01   1.5204695e-01   2.3472070e-01  -2.1303914e-01   2.0005812e-01  -8.2626930e-03  -1.7035018e-01   0.0000000e+00  -1.3000184e-02  -3.1132502e-01   4.4012226e-01   5.1582113e-02   2.0848744e-01   2.0222793e-02  -1.9455735e-02   4.7242998e-01  -4.1285904e-01  -1.6297846e-01  -4.5852901e-01  -7.8861780e-02   1.2559944e-01   5.3725612e-02  -4.6075316e-02   5.6078155e-02  -2.8538201e-02   1.5873844e-01  -2.6374154e-01  -4.5201289e-02   1.8501948e-01   3.2189482e-02  -2.3235777e-01   2.7193638e-01  -1.6146409e-01  -3.6024097e-02   5.9449244e-02   4.5778603e-01  -4.0275989e-02   9.2604028e-02   2.1658920e-01  -6.9999594e-02   1.0773460e-01  -1.1215577e-01   1.0668553e-01  -2.8410045e-01  -2.4555481e-01   3.3383526e-01  -2.4223546e-01   1.0298985e-01  -8.2530976e-02   2.9111939e-01  -1.2223246e-03  -6.5619503e-02  -2.1567903e-01  -1.2395164e-01  -2.6955668e-01   8.6330897e-02   8.9846134e-03  -5.6888994e-02   2.8695198e-01   8.5098842e-02   6.2176742e-02   4.6383213e-01  -3.4975939e-02   4.1677696e-04  -1.1215186e-01  -4.1460812e-03   2.0382516e-01  -2.4291627e-01  -4.4425402e-02   8.7456468e-02   1.1147242e-01  -1.3285951e-01  -6.9580760e-02   6.4062426e-02   5.5373375e-01   1.3420841e-01  -3.3474426e-01   2.1562798e-02   3.6645699e-01  -2.4732748e-01   3.0069383e-01  -3.6324337e-02  -2.5755088e-01  -2.2727775e-01   1.3456468e-01   3.0744364e-02   3.3281713e-01   1.4263563e-01   6.4739298e-01   4.9339320e-01  -8.8930681e-02   4.3847956e-01   3.4463014e-02  -6.3170200e-02   3.1475649e-01  -3.0340483e-01   8.8604431e-02   4.9625592e-01  -2.0481986e-01   6.6835178e-02  -7.8027887e-02  -1.5321463e-01   3.0419964e-01  -7.6906730e-02  -1.7851595e-01   8.3175671e-02   4.0888322e-01  -1.6933082e-01  -2.6961335e-01  -1.6974792e-02   7.1691272e-02   2.7732058e-01  -2.3130376e-02   6.5280547e-02   1.0939939e-01  -2.6803922e-01  -1.1026639e-01   5.1902190e-01   5.3013777e-01   2.6677641e-01  -1.1152183e-01  -1.5583868e-01   5.3561807e-01   3.2004252e-02  -1.9121885e-01  -1.6957036e-02   8.3663570e-02  -3.2666708e-02   8.9720887e-03  -3.0891187e-01   8.0251979e-02  -2.1033935e-01  -3.0865551e-02  -2.8132346e-01  -1.4719391e-01   4.6935127e-02  -9.8569439e-02  -1.1908626e-01   9.2203932e-02   4.0310338e-01  -2.0998791e-01  -1.8369292e-01   3.3983534e-01   3.7193977e-01   3.6086578e-01  -2.0958814e-01   3.2697660e-01  -4.1950516e-01   6.7721427e-02   2.2222783e-02   6.8571447e-01   4.2882942e-02  -8.3079934e-02  -1.1778264e-01   9.4082497e-02  -3.6881511e-01   2.4036351e-01   1.8541453e-01  -1.6696512e-01  -1.2485521e-01   1.1470199e-02   4.8833070e-01   1.0841843e-01  -1.0294957e-01   1.9650084e-02   2.9365754e-01   4.7415081e-01  -1.1525800e-01   6.0010689e-02   1.8116723e-01   6.4277025e-02   1.1773165e-01  -2.0658181e-02
   3.9348893e-03  -3.1090894e-01  -1.6372462e-01  -5.1306559e-02   2.1734608e-02   5.2336847e-02  -8.9316030e-02  -1.0351749e-02   4.8643157e-02   3.7826529e-01  -1.4871856e-03  -1.3000184e-02   0.0000000e+00   1.1441423e-01  -8.0129416e-02  -1.0894408e-01  -1.9929301e-01  -2.0515381e-01  -1.2055752e-01   2.5157985e-01  -1.2080725e-01  -1.9860656e-01   6.6307413e-02  -3.9542204e-02   4.2237299e-02  -2.6815998e-01  -2.0661988e-01   2.8230326e-02   1.5189371e-01  -2.9601835e-01  -1.3743102e-01  -3.4262046e-01  -1.3845042e-02   6.6400393e-02   1.7720551e-01   6.0262392e-02  -7.6284557e-03  -2.0568802e-01  -1.3114979e-01  -7.0785981e-02   7.0101627e-01   1.4737208e-01   8.3303587e-02  -3.4795141e-03  -1.5783549e-01  -2.9136841e-01   7.1478078e-02  -1.9160666e-01   6.0891912e-02   8.6663170e-02  -2.5969343e-01   2.1464426e-02  -2.8796603e-02   2.4534748e-01   1.3284935e-01   2.0942376e-01  -2.0819970e-01  -3.3451182e-01  -2.5436724e-01   4.2000552e-02  -1.7824981e-01   7.0481022e-02   1.0193530e-01  -3.5498492e-01  -3.1582358e-01   5.2655341e-02  -8.2712396e-02   1.2176429e-01  -1.4404642e-01  -1.7395210e-01  -2.4093461e-01  -1.7066221e-01   2.4955644e-02   9.4684317e-02   1.3177676e-01  -2.1551857e-01  -2.2850626e-01  -6.4923658e-02   1.3064217e-02   4.3610172e-02  -1.8033645e-01   6.9670998e-03  -1.1166320e-01  -3.8579695e-02  -1.2732577e-02  -2.8521493e-01  -1.1168846e-01   2.0085693e-02   4.6656405e-03  -3.6525860e-02  -5.5390877e-03  -1.0253730e-01   2.4542728e-01   8.9929107e-03  -2.0757933e-01   2.6739869e-01   3.2665401e-01  -7.0376970e-02   1.3463878e-01   1.3914084e-02  -6.5730510e-02   1.1072735e-02  -2.0413100e-01  -1.5300191e-01  -3.6373431e-01  -3.1336387e-01   2.2500035e-01  -1.2551988e-01  -1.3055091e-02  -8.2497788e-02   3.2747990e-01  -2.8458138e-01   2.7459624e-02  -1.0645108e-01   1.2236333e-01   2.9041496e-02   4.9365873e-02   3.7267264e-01   1.0145516e-01  -6.5080201e-02  -1.7256309e-01   1.9154819e-01   1.4904101e-01  -2.9166328e-01  -2.2269156e-01   2.0981422e-01  -8.0034916e-02   2.2145406e-01  -2.2396143e-01  -1.7181344e-01   1.6410755e-01  -1.7232540e-01   6.2290988e-02   7.9308847e-03   2.3520736e-01  -2.4466699e-01   3.5665862e-01  -2.9286870e-01  -3.6180354e-01  -1.6608071e-01  -1.1388633e-01   3.6273806e-01  -1.7565875e-01   2.0235559e-01  -9.0828600e-02  -1.1144884e-01   1.3841846e-01  -2.4097447e-01  -5.5208254e-02  -2.0519930e-01  -1.8815379e-02  -3.5197704e-02  -1.0140162e-01  -7.2073487e-02  -5.8852601e-02  -8.2354369e-02  -2.6601563e-01  -2.1869619e-01  -3.8184261e-02  -3.4624575e-02  -1.2751391e-01  -1.9070592e-01   1.6973748e-02  -1.9919032e-01  -1.9394201e-01   8.6710081e-02   1.5086948e-01  -8.8878436e-02  -7.6391169e-02   9.0587865e-02   1.7263799e-01  -1.4054160e-01  -1.3342996e-01  -3.4266669e-02   2.2192094e-01  -4.8272420e-02  -1.2370726e-01
   1.1111396e-01  -2.8150464e-01  -1.1431988e-01   3.1904168e-01  -2.2748776e-01  -7.3737993e-02  -3.7356663e-01   1.2751501e-01   5.4846552e-02  -2.2483645e-01   1.4090461e-01  -3.1132502e-01   1.1441423e-01   0.0000000e+00  -1.1933406e-01   3.4940687e-02  -4.1835353e-03   1.6823311e-02   7.5683238e-02  -2.8456141e-01   7.5932206e-02   3.2418635e-01   8.8182180e-02   5.7955828e-02   2.8705895e-02   2.3192118e-01  -1.7157094e-01   3.1753776e-01  -5.0978214e-02  -1.8357221e-01   2.3092270e-01   3.0494056e-01   1.9166276e-02  -2.1779685e-01   2.8987919e-01  -1.7833565e-01  -1.2118051e-01  -2.0814765e-01   1.2341339e-01  -2.0255159e-01   2.6018916e-01  -4.3736699e-02  -3.4751837e-01   3.1463785e-01  -1.1382642e-01  -6.7311794e-02   1.2460729e-01   2.8309911e-02   1.3101687e-01  -7.0352124e-02   1.4584757e-01   1.4414953e-01  -2.5223328e-01  -1.2948976e-02   2.8959298e-01   8.0981539e-02   1.3675805e-01   3.0911157e-01   1.8264354e-01   1.9481708e-01  -4.5337708e-02   4.9144543e-02  -9.2019236e-02  -2.1173432e-01  -8.7961453e-02  -3.0524560e-01  -2.4865657e-02  -5.8094549e-02   2.3485890e-01  -1.4025114e-01  -2.6848321e-02   1.5498951e-01   3.5802405e-03   3.7931619e-01  -1.7962563e-02   1.6339401e-01  -1.7921116e-01   9.4169143e-02  -3.0475593e-01   4.1636006e-02   3.0484485e-01  -3.7781627e-02  -2.1493950e-01   2.2184380e-01   5.7909577e-02   1.3501510e-01   3.4377516e-01   2.7011997e-01  -6.6462783e-02   4.7939471e-03  -2.7439082e-01  -4.3604205e-02  -2.2948001e-01  -8.0541869e-02  -1.2046062e-01  -2.0170758e-01   4.7248131e-02  -4.4007983e-02  -2.2819985e-01  -1.8858247e-01   4.0150139e-01  -3.0891369e-01   3.9005216e-01   1.1804293e-01   1.5513811e-01   3.2626654e-01  -8.5852598e-03   1.2416336e-01   2.3653366e-04  -2.7408139e-01  -2.5614541e-01   1.6938813e-01   2.3753783e-01  -5.3693891e-02   3.3126196e-01  -1.8629616e-01   4.2211653e-02   7.9714727e-02   5.1211781e-01   3.5338742e-01  -1.5093785e-01  -2.3245606e-01  -1.5141978e-01  -8.5995075e-02  -1.1572112e-01   4.9419664e-01  -2.6660729e-01  -3.0866468e-02   3.7434207e-01   5.0177928e-02   1.4622534e-01  -2.4519747e-01   6.7827710e-01   2.1602607e-01   9.6418380e-02   1.4026326e-01   3.4095649e-02   2.9272669e-01   1.5035048e-01  -1.9015314e-01   1.9847258e-01   1.0485882e-01  -2.3883179e-02   7.7403330e-02   4.9671438e-02   1.9489011e-01  -1.6130579e-01  -2.8751636e-01  -3.8467905e-01   1.0298119e-01  -8.3048040e-02   5.9416385e-01   1.9505436e-02  -1.7043156e-01  -1.2300070e-01  -1.5970276e-01  -9.0680717e-02   1.7171273e-01  -9.3268434e-02   3.6201408e-01  -6.1040349e-02  -1.0270166e-01  -9.2643811e-02   2.2574467e-01   1.9807779e-01  -3.3376453e-01  -3.6976765e-01   2.3711469e-01   8.4162238e-02  -2.1943810e-01  -4.3035423e-01  -2.3036659e-01  -1.2699223e-01   1.1501830e-02  -1.6960868e-01  -1.4616562e-03   3.3177131e-01
