   0.0000000e+00  -9.6193535e-03  -2.2946548e-01  -3.4668469e-01   2.3644873e-02  -4.5401358e-01   1.0072314e-01   3.9678945e-02  -1.0372232e-01  -1.0179732e-01  -1.1170233e-01  -1.6880588e-01  -2.5319675e-01   3.5635491e-01   2.0678871e-02  -1.2869544e-01  -3.5499401e-01  -2.1264125e-01  -1.2451172e-01   9.2467191e-02  -4.3335369e-02  -1.7149605e-01  -5.8980822e-02   6.4821322e-01  -6.7671907e-02   1.5929554e-01  -1.4081599e-02   2.4884964e-01   4.1036626e-02  -2.5050381e-01  -1.1960025e-01  -2.0052506e-01  -9.9705821e-02   2.1241154e-02  -6.1417532e-02  -1.4352417e-02   1.7128613e-02   2.9788250e-01  -2.2151877e-01  -7.7259646e-02  -2.2118558e-01  -1.2924061e-01  -2.6797971e-02  -3.5076859e-01  -3.4687891e-02   1.0154257e-01  -1.6288162e-01  -1.5751288e-01   1.1886707e-02  -7.2606301e-02  -1.1708033e-01   1.4519675e-01  -2.4195223e-01  -4.2239277e-02   1.2703670e-01  -3.0775646e-01  -3.1436413e-01  -1.3840180e-01  -1.9359757e-01  -1.0027351e-01  -1.8149355e-01  -1.3956884e-01  -3.5186211e-02   8.2825650e-03   1.9588727e-01   7.6904360e-02  -4.4729897e-01  -1.2578506e-01  -2.6076753e-01   7.8139915e-02   5.9323073e-02  -1.9945429e-01  -1.0067579e-01   5.0667467e-01  -1.7520084e-01  -4.0390329e-02   1.3365281e-01  -3.6627742e-02   2.3865512e-01  -1.8597293e-01  -2.1228411e-02  -7.5094807e-02   6.0467717e-02  -5.3707700e-02  -2.0840967e-01  -9.7412344e-02   1.0490287e-01   2.6908941e-01  -1.3534908e-02   6.9349160e-01   2.0188230e-01  -2.1730498e-01  -1.8826728e-01  -1.0904706e-01   2.1920753e-01   8.9228921e-02  -2.3430560e-02   1.3396532e-01  -2.7450162e-02  -9.0505414e-02  -1.0056785e-01   2.8008219e-02  -3.8682253e-01   1.0539201e-01  -5.4644208e-02  -2.8988873e-01  -2.9071893e-01  -5.3298871e-02  -1.1094845e-02   6.0979636e-02   5.3053723e-02  -1.7726139e-01  -2.8755758e-02   8.0827921e-01  -3.9026952e-01   2.6697742e-01  -6.2426894e-02  -8.8139262e-02  -2.6534181e-02  -3.4325627e-01   3.6380498e-01   2.0445764e-01   1.0444412e-01  -1.8407604e-02   1.7020893e-01   4.7731524e-01  -2.6728457e-02  -1.6342086e-01  -5.2862315e-02  -3.6529323e-01  -1.6383335e-01   1.0674077e-01   2.3834597e-01  -4.5227251e-02  -1.4813885e-01  -3.1897187e-02  -1.9023505e-01   2.1513939e-01   3.7617093e-02   6.0128175e-01   7.2370963e-01   4.1351058e-02  -5.7210522e-02  -3.4718118e-01  -9.9420688e-02  -8.1171897e-02  -1.8157639e-01   6.7796374e-02  -5.5070186e-02  -1.0418419e-01   3.1213209e-01  -1.3687195e-01   1.4587191e-01   1.6748086e-01  -2.5472269e-01   5.2598935e-01   2.4054673e-01  -1.9057766e-01  -1.9890425e-01  -2.3631044e-01   5.5970853e-02   1.2121298e-01   1.5942385e-02   2.1879705e-03  -6.6883499e-02   2.0607362e-01   1.2315067e-01   1.4920026e-01   2.8877508e-01  -1.0707581e-02   3.1760852e-01   2.4412448e-01   4.8322312e-02  -4.2024895e-01   1.7660770e-02  -1.3140618e-01  -4.5104933e-02
  -9.6193535e-03   0.0000000e+00  -4.2965996e-02  -6.9405036e-02   5.4551227e-01  -2.2825043e-01   6.0922779e-01  -6.9855436e-02   6.1647156e-01  -3.0150070e-01  -3.9905982e-01   3.7263733e-01   4.8989559e-02  -1.1913734e-01  -2.4173373e-01  -1.9908737e-02   1.8630684e-01  -1.0969331e-01   4.0736520e-02   4.3552145e-01  -1.7859914e-01  -1.5917074e-01  -2.7548282e-01  -1.6665909e-01   1.0548556e-01   4.7425246e-02   3.8220075e-01  -2.1992050e-01   2.1009793e-01  -4.1326054e-02  -6.9025620e-02  -1.2348216e-01   2.7908444e-02  -2.6562303e-02   1.5008848e-01   3.5002870e-01   1.0534127e-01  -4.9109738e-01   5.5517305e-03   2.7865774e-01   7.0215666e-02  -1.2646655e-01   5.3405267e-01  -2.4956796e-01   3.9347860e-01  -3.4503801e-01  -1.4551835e-01   4.8733836e-01   2.6199178e-01   4.9064308e-01  -2.3588781e-01   5.9927254e-02  -6.1641167e-02  -7.2457254e-02  -1.3672900e-01  -4.0244469e-01  -5.4018655e-02  -1.3723021e-01   4.4831089e-02   1.7555491e-01  -2.4499833e-01   1.0343099e-01   6.6244360e-01   2.5679727e-01   4.5862947e-01   2.5302391e-02  -1.7139478e-01   2.2665081e-01  -2.0659235e-01  -1.4374865e-01   5.7888201e-01  -1.5502014e-01   5.9759608e-02  -1.0393356e-01   1.9872527e-01  -2.4749558e-02  -3.1087783e-01  -2.7976568e-01   6.5578600e-01   2.2971555e-01  -2.4418909e-01  -3.4194163e-02   5.0910983e-01  -5.1653882e-02  -2.0400360e-01  -6.7686321e-02   1.3507179e-01  -1.1438960e-01   5.4807077e-01  -6.4223171e-02   7.0332868e-01  -2.2774882e-01  -1.6540709e-01   1.8676756e-01  -3.2375093e-01   4.8260433e-01   2.4207529e-01   1.3700985e-01   4.5163178e-01  -5.4994129e-02  -1.3963764e-01  -2.1709462e-01  -1.6431969e-01   4.3945862e-01  -1.7603938e-01  -6.9110422e-02   1.2155049e-02  -6.9042860e-02  -1.5021059e-01  -6.6559882e-02   1.8960619e-01  -2.2552097e-01   7.8435026e-02  -1.0287499e-01  -3.9964677e-01   4.2768636e-01  -1.3649835e-01   1.9218520e-02  -3.7340794e-01  -5.8874578e-02  -5.0590036e-01   6.3100173e-01   4.3036716e-01   3.7873446e-01  -3.2906485e-01  -6.0587950e-02   1.4224137e-01   1.8149554e-02  -1.6296480e-01  -1.7834446e-01   1.7191782e-01   5.6468276e-01   3.6705028e-01  -2.2387040e-01   4.0594404e-01   9.2699762e-02   2.3627380e-01   1.8586299e-01   4.5897857e-02  -8.5136046e-02  -1.9879810e-01   5.6666034e-02  -1.2504129e-01  -3.6523683e-01  -2.3386574e-01   1.3265701e-01  -6.9130946e-02   3.3658934e-01  -4.7311864e-02   1.8936677e-01  -2.7897021e-01  -2.6231344e-01  -3.5270751e-01   5.5348860e-01   4.9002088e-01  -1.6417215e-01  -2.4860459e-01   3.8497779e-02  -2.5859994e-01  -3.0218550e-01   1.5102395e-01  -9.0595446e-03   3.3998169e-01  -4.5688020e-02  -1.0740046e-01   4.7379340e-01   3.5226080e-01  -1.9314122e-01  -3.2971235e-01   3.1828322e-01   3.8985953e-01  -4.4073873e-01   1.1628525e-01  -1.6697425e-01   1.6378196e-01   4.0682687e-02  -1.0437813e-02
  -2.2946548e-01  -4.2965996e-02   0.0000000e+00   6.0991486e-02  -2.6515166e-02   2.2507001e-01  -8.3280194e-02  -2.9726366e-01  -1.4682034e-02   1.2190496e-01   1.3288594e-01   3.4184626e-01   2.0832450e-01  -1.6490987e-01   1.4227086e-01   1.5323050e-01   8.6246532e-01   2.7559436e-01   2.3736545e-02   1.0504363e-01   9.6377535e-03   3.1386357e-02   2.0892848e-02  -2.4397531e-01  -1.0066086e-01  -1.8301224e-01   4.9733026e-02  -8.3685557e-02  -1.7425620e-01  -2.9716048e-02   8.5394601e-02   3.7804383e-02   1.2779192e-01   9.2138836e-02  -2.4471457e-01   1.2723004e-01  -2.5385745e-02  -1.6943029e-01   2.3471470e-01   3.6015998e-01   1.2795202e-01   4.9369680e-01   1.0141821e-01   1.2917274e-01  -7.7208051e-02   3.6394492e-01   2.2022042e-01  -1.2497392e-01  -1.8830881e-01   4.2920468e-01   2.4024247e-01  -2.4057505e-01   1.3710668e-01   2.7884999e-01  -1.0193610e-01   1.3852437e-01   1.3981317e-01   2.5661225e-02   1.9477245e-02   1.6334724e-02   7.3592089e-01   6.8689904e-02   7.5359246e-02  -2.1544917e-01  -3.3003693e-01  -7.6647470e-02   1.4370737e-01   2.0667996e-01   8.9513953e-02   5.8071374e-01   4.6781496e-02   2.3520704e-01   1.3902409e-01  -2.5153598e-01   1.2039779e-02  -2.9280707e-02   3.3263521e-01   1.3118087e-03  -2.2744836e-01   1.9785130e-01   1.6531849e-01   6.1515552e-02  -6.8924090e-02  -1.2823733e-01   1.1111603e-01  -1.1355074e-01  -9.2464022e-02  -1.3881388e-01  -1.4305895e-02  -1.4221493e-01  -1.6915545e-01   7.0924294e-01   1.0582110e-01   1.1764651e-01   1.7338344e-01  -8.3978393e-02   8.4535372e-02  -4.0947830e-01  -8.2012875e-02  -8.9629963e-02   3.5019196e-01  -9.7799217e-02   3.3895766e-02  -2.1189456e-01   4.5800531e-02   2.5922904e-01   3.8419132e-01  -3.4191613e-01  -5.3928320e-02  -1.0881345e-01   4.0122022e-02   5.0592918e-02   7.5982113e-02  -1.6489533e-01   3.6666856e-01  -3.0886666e-01   4.7311212e-02   2.1927765e-01   7.1334304e-02   1.8079119e-01  -2.8189308e-02  -1.1703326e-01  -2.3068837e-01  -2.8226894e-01   1.9906120e-01  -1.9615649e-01  -9.8249168e-03   1.5626352e-01   2.6405462e-01   4.9899554e-01   1.0148142e-01  -2.4230892e-01  -1.3549844e-01   2.8082460e-02   1.8527893e-01  -1.5655398e-01   2.2822822e-01  -9.4609426e-02  -1.2903294e-01  -1.3949107e-01  -9.2745899e-02  -4.6617742e-02  -2.4175903e-02   3.5324547e-01   1.3395126e-01  -1.4933957e-01   3.8075534e-01  -1.0483796e-01  -1.3544625e-01  -2.2731131e-01   8.2431186e-02   6.5099060e-03   1.7044661e-01  -2.5215105e-01   5.7698105e-01  -3.2566328e-01   1.8359159e-01   1.3409207e-01   5.5542486e-01   5.6544708e-02  -8.6083125e-02  -2.8799263e-01   1.4469891e-01  -4.9633562e-02  -3.9793043e-03  -1.8276810e-01  -2.4699604e-01  -1.4242095e-01   7.9389398e-02  -1.3207413e-01  -2.4653065e-01  -8.4216915e-02   2.6245786e-02   3.1721952e-01  -1.9364112e-01   2.3566818e-01   8.2240618e-02
  -3.4668469e-01  -6.9405036e-02   6.0991486e-02   0.0000000e+00  -1.2016252e-01   3.0668378e-01  -2.8850602e-01   1.4098784e-01  -1.9352224e-02  -9.2643482e-02   9.5967634e-02  -6.9192513e-02   2.8109991e-01  -2.9859435e-02  -1.0075968e-01   4.3210527e-01   7.9846718e-02   4.7586394e-01   1.8631972e-01  -2.5351785e-01   2.9875076e-02   4.8904554e-01  -6.5107201e-02  -3.6172189e-01  -7.0530947e-02  -6.7205949e-02  -3.9574324e-02  -3.2276487e-01   1.8318552e-03   4.7864921e-01  -7.4662450e-02   5.6847562e-01   3.0818883e-01  -3.4091683e-01  -5.6035766e-02   4.2743938e-02  -1.0224534e-01  -1.9858641e-01   5.0430728e-01  -2.7956949e-01   3.0041657e-01   3.0044010e-01  -2.7216682e-01   3.9420948e-01   2.9790795e-02   2.0224627e-01   3.0856872e-01   4.0334478e-02  -6.6390856e-02  -2.4716942e-01   5.1738262e-01  -2.4235866e-01  -2.4036599e-02  -2.0412442e-02   3.8504805e-02   2.7266928e-01   3.8250232e-01   5.7175119e-01   5.4240457e-01   3.2195565e-01   2.0758036e-01   9.2558386e-02  -7.4909266e-02  -1.2643880e-01  -1.6810346e-01  -2.4594038e-01   3.4742148e-01   6.4890839e-02   4.8703692e-01  -8.9382629e-03  -3.6410208e-01   3.7995976e-01   2.8483349e-01   3.4466778e-02   1.6935279e-02   7.5370405e-02   9.0901988e-02   3.1555842e-01  -2.5433832e-01   2.0445615e-01  -1.5731333e-01   3.6713798e-01  -2.4180102e-01   3.4354576e-01   1.0004586e-01   1.7771100e-01  -1.8862340e-01  -5.4997686e-02  -1.4826874e-01  -3.5923964e-01  -2.7547165e-01   1.9882599e-01  -8.6464116e-02   1.3965579e-01  -9.3216539e-03  -2.0349434e-01   3.5038532e-02  -3.6188085e-01   1.5023080e-01   9.0467200e-02  -1.0960296e-01   1.1864373e-01   5.4286986e-01  -1.9014537e-01   2.3927808e-01   6.2013247e-01   1.2290845e-01   9.5533519e-02  -2.5912735e-01  -5.3952792e-02  -3.4447719e-01   5.2931823e-01   1.3289824e-01  -3.7804370e-01   1.7157455e-01  -3.4206807e-01   3.6692689e-01   1.8868682e-01  -1.1256404e-02   8.3433640e-01  -6.2983296e-02  -4.1617329e-01  -2.6710624e-01   1.0739155e-02   1.4978586e-01   1.1921417e-01   1.4579125e-01   1.7868995e-01   4.7126762e-01   2.7590077e-01   4.0860868e-01  -2.2000144e-01   2.4063865e-01  -2.2633735e-02   7.8956309e-02  -9.7487062e-03   2.6532697e-02  -2.0994033e-01   1.0866367e-01  -2.3369175e-01  -2.7816050e-01  -8.1101355e-02   2.9732341e-01   1.8111050e-01   5.0371967e-02   1.6061151e-01  -2.7605114e-01  -1.0246502e-01   4.7800251e-02   5.0595086e-02  -4.3554413e-02   1.8249709e-01   1.3709581e-01  -1.8910187e-01   6.1969075e-03  -4.0759262e-01   9.4519986e-02   4.8531683e-01   2.2925760e-01   2.5544633e-01  -2.1178374e-01  -9.2913717e-02  -1.1786166e-01   9.0366626e-02   4.4253857e-01  -4.6490952e-01  -1.0727218e-01   2.3429329e-01   1.1688869e-01  -1.8351676e-01  -3.0350697e-01  -3.1994738e-01  -2.6513159e-02   3.7723441e-01  -3.9816664e-02   8.0115511e-02   5.1389474e-01
   2.3644873e-02   5.4551227e-01  -2.6515166e-02  -1.2016252e-01   0.0000000e+00  -1.6395340e-01   4.0726327e-01  -1.2715342e-01   6.7604071e-01  -2.1519461e-01  -9.8116074e-03  -1.6794534e-02   1.2917293e-01  -3.5171046e-01  -3.8024461e-01  -1.0726278e-01   8.0919784e-02   2.8692418e-01  -8.0630662e-02   6.9173026e-01  -2.1886349e-01  -2.9657188e-03  -4.8721611e-01  -2.2122283e-02   1.9462917e-03  -4.6269987e-03   5.5828880e-01  -5.2205851e-01   7.0028027e-04   1.1891105e-01  -2.9172852e-01   1.0988508e-02  -1.2115798e-01  -9.2275435e-02  -1.2784694e-01   7.2223025e-01   2.3525228e-01  -1.2833369e-01  -5.7319031e-02  -6.8296955e-02   1.1421573e-01  -2.7692175e-02   2.5414515e-01  -3.8623471e-01   5.7875582e-01   5.8137230e-02   4.2541640e-01   6.1233724e-01   2.2148087e-01   1.2507719e-01   1.3683776e-01  -2.0700885e-02  -1.3123445e-01  -3.1942630e-01  -3.4256457e-01  -4.5904640e-01  -1.4223497e-01  -2.6947739e-02   8.7916551e-02   2.4213972e-01  -2.9873289e-02   1.7703415e-01   4.2764956e-01   2.9674872e-01   5.7062053e-01   4.5731853e-02   3.0877666e-02   2.2732051e-01   7.8843999e-02   2.6371411e-02   2.0705156e-01   1.9678606e-01   1.5667695e-01  -2.2729290e-01   4.3447169e-02  -1.7180762e-01  -5.5838777e-02  -2.7084669e-01   7.5259506e-01   1.0335181e-01  -5.1433659e-01   2.6912641e-02   1.5117188e-01  -2.2818404e-01  -2.9625509e-01  -1.4336643e-01  -1.6185195e-01  -2.5055791e-01   3.6818882e-01   1.1794741e-01   6.1973127e-01  -8.5103936e-02  -1.2320965e-01   4.7334538e-01  -3.1404934e-02   6.1195671e-01   2.3875543e-01   1.3207779e-01   6.0397531e-01   1.2256406e-03  -4.7143931e-01   3.3800091e-02  -2.7223424e-01   4.7392859e-01   2.5008920e-01  -4.8786417e-02  -1.9509017e-01   1.5763554e-01  -1.7443388e-01   4.3571889e-01  -9.4599834e-02  -1.9148531e-02   2.5195644e-01   7.4929925e-02  -5.3861740e-01   4.2113925e-01  -2.2961284e-01   9.5746372e-02  -6.4937682e-01  -1.4850502e-01  -2.8771639e-01   4.6180862e-01   3.0936400e-01   9.2249931e-02   1.7379902e-02  -1.4164572e-01   2.6234894e-03  -1.8606511e-01   2.9973144e-02  -2.1204009e-01   1.3357101e-01   6.5474517e-01   6.9130752e-03  -4.7652465e-01   2.3836351e-01  -1.5465702e-01  -1.6561667e-02  -1.7244823e-01  -5.8347247e-02   4.5540193e-02  -1.2428922e-01   1.4158945e-01   7.2437679e-02  -4.1429736e-01  -2.1768019e-01   1.5804687e-01  -4.5671415e-01   6.3394359e-01   3.2782865e-01   1.5802106e-01  -2.1296320e-01  -5.3868632e-01  -1.9855706e-01   5.0000647e-01   4.6057800e-02  -1.1442754e-02  -6.1831896e-02   7.3686206e-02  -1.2691449e-01  -2.5960451e-01   2.1334034e-01   3.1137743e-01   2.0737045e-01   3.9401618e-01   4.5795042e-02   2.8580541e-01   2.7759408e-01  -1.1204565e-01  -2.3082870e-01   4.9958992e-01   5.4073907e-01  -2.7696830e-01   2.9340161e-01  -2.3742750e-01   1.2043001e-01   6.2946235e-02  -9.0989904e-02
  -4.5401358e-01  -2.2825043e-01   2.2507001e-01   3.0668378e-01  -1.6395340e-01   0.0000000e+00  -1.0549780e-01  -5.2144207e-02  -2.0171286e-01   1.5423870e-01   2.5794536e-01   1.6501944e-01   1.0141041e-01  -1.9639207e-02  -8.3727124e-02   2.9302837e-01   1.9945084e-01   2.6490080e-01   2.3378224e-01  -2.1504573e-01  -3.2836554e-01   1.2759297e-01  -1.1870575e-01  -2.4488391e-01  -1.3553954e-01  -3.2232535e-02   1.3815439e-01  -2.7584918e-01  -3.0736758e-02   4.5210479e-01  -2.5450635e-01   2.4249627e-01   1.3630133e-01  -4.8071753e-02   5.8767246e-02   2.4519500e-02  -3.0673237e-01  -1.4687120e-03   1.9339541e-01  -2.2026743e-01   7.3795368e-02   9.6595152e-02  -4.5087760e-01   5.3483144e-01  -6.2260808e-02   3.3418774e-01   3.5349636e-01   1.1657745e-01  -3.3432821e-01  -2.2285006e-01   3.5866269e-01  -1.1992107e-01   8.2316882e-02  -1.6686973e-02   6.3753119e-02   6.8290534e-01   6.6414627e-01   2.1062547e-01   2.4578175e-01   3.5187129e-01   3.2098302e-01  -1.6018609e-01  -3.6390712e-01  -2.7758288e-01  -4.1903885e-01  -1.4322272e-01   8.0005854e-01  -2.7806182e-01   5.7144169e-01   1.8638936e-01  -5.1777589e-01   2.0987174e-01  -4.5295156e-03  -9.5377098e-03  -7.6711812e-02  -4.1092558e-02   3.0174766e-01   2.7107607e-01  -4.2650220e-01  -1.0035150e-01   4.0928686e-03   1.5034585e-01  -4.4334491e-01   6.2948561e-02   4.4627228e-01   4.3053111e-04  -4.4514847e-01  -5.8636598e-03  -2.9776001e-01  -2.4609901e-01  -4.7146606e-01   2.1301771e-01   5.7608181e-01   7.4399125e-02   1.8225774e-01  -3.0368187e-01  -1.2309055e-01  -2.4220565e-01  -1.4040490e-01   1.1146461e-01   4.5185554e-02   4.4210576e-01   4.7871743e-01  -2.8766093e-01   2.0599460e-01   9.0429953e-02   3.8678541e-02   1.1794208e-01  -3.3912450e-01  -1.0808360e-01  -3.3662941e-02   5.5162200e-01  -2.9841405e-01  -2.6572339e-01   5.0959762e-01  -5.3599427e-01   2.9358552e-01   4.3673073e-02   5.9152773e-02   4.4224435e-01   2.6463192e-02  -4.3559409e-01  -2.9971874e-01  -3.1427832e-01   3.1326706e-01   1.1967175e-01  -8.3262927e-02  -8.9086880e-02   1.2098061e-01   5.0863895e-01   9.6418378e-02  -2.7283428e-01   2.5991755e-02  -3.3252225e-01  -1.7391704e-01  -1.4265027e-01  -2.0429011e-02  -6.1560961e-01  -8.8012946e-03  -1.7062913e-01  -3.1891717e-01  -2.2941420e-01   4.2147702e-01   6.3777434e-01   1.7267722e-01  -3.7473681e-02   1.0625452e-01  -3.0515469e-01   2.7735490e-01  -2.7746434e-01   2.2609269e-01   2.1739483e-01  -4.9563591e-02  -3.8517867e-01   9.4419950e-02  -3.2347174e-01   1.3494799e-01   2.1618558e-01   2.7934055e-01   5.1283566e-01  -3.2562869e-01   6.8039044e-02  -5.6045433e-01  -1.1242174e-02  -5.1002838e-02  -3.1335093e-01  -1.7613970e-01   8.0889850e-02   1.3921483e-01  -5.0285674e-02  -2.9539636e-01  -1.3063668e-01  -3.6622582e-01   7.7632781e-01  -1.0119102e-01  -1.1482244e-01  -7.5463583e-02
   1.0072314e-01   6.0922779e-01  -8.3280194e-02  -2.8850602e-01   4.0726327e-01  -1.0549780e-01   0.0000000e+00  -1.8935895e-01   3.4309368e-01  -3.9033381e-03  -3.3448992e-01   3.0779742e-01  -2.0672586e-02  -1.9831095e-01  -2.1241134e-01  -8.8468440e-02  -5.4235166e-03  -1.8639689e-01   3.2636098e-02   5.6234946e-01  -2.6793070e-01  -4.1505914e-01  -9.9117209e-02   2.1219359e-02  -2.3483434e-02  -6.3323443e-03   4.4354973e-01  -9.6624963e-02   1.3783561e-01  -1.7772382e-01  -3.2361142e-01  -2.8481960e-01  -1.6558265e-01   5.3959402e-01   2.3009024e-01   3.0128203e-01   1.1049051e-01  -3.5991256e-01  -2.4830709e-01   2.0591518e-01  -5.4013805e-02  -2.2484422e-01   4.0021351e-01  -4.0458419e-01   4.6578698e-01  -2.9414048e-01  -1.7485690e-01   4.8761653e-01  -9.8673176e-02   3.1486003e-01  -2.7581956e-01  -1.0812088e-02  -9.0583009e-02  -2.7337913e-01  -1.2184846e-01  -2.7532917e-01  -1.6367538e-01  -3.2569718e-01  -1.2105308e-01   1.0347816e-01  -3.4043205e-01   1.8336822e-01   3.5581712e-01   1.3146684e-01   3.4720260e-01   4.7785488e-01  -1.6517964e-01   7.8020359e-02  -3.2058943e-01   2.1420634e-02   3.0437064e-01  -1.6645082e-01  -7.5762211e-02  -2.2066831e-01   8.3303582e-02  -4.3309805e-02  -3.4757568e-01  -3.8538598e-01   5.1824484e-01  -1.4671744e-02  -3.6256976e-02  -8.3258508e-02   2.6067602e-01  -2.3500660e-01  -2.3800623e-01  -1.4708736e-01  -1.8511172e-01  -2.1322069e-01   4.6888124e-01  -2.2699964e-02   4.8599444e-01  -4.1159616e-01   1.7406102e-01   3.2351766e-02  -3.9017475e-01   5.6991778e-01   9.5956892e-02   1.1754595e-01   3.3165819e-01   2.7688519e-01  -3.4250515e-01  -3.6258337e-02  -2.6989846e-01   3.3001108e-01  -2.0318561e-01  -2.8416100e-01  -3.0190586e-01  -1.7889553e-01   1.0837608e-01  -3.4005415e-02   5.6813447e-01  -2.9106506e-01   2.9259199e-02   3.7960514e-02  -2.9462208e-01   3.5000217e-01  -2.8642801e-01   1.8747475e-02  -4.3225255e-01  -3.1949548e-01  -4.7905434e-01   6.1929607e-01   5.8577361e-01  -2.6851660e-02  -3.1366841e-01  -1.6287953e-01   2.2926293e-01  -2.0065563e-01  -3.4361498e-01  -1.3046657e-01  -4.0302714e-02   6.3914671e-01   8.7784996e-02  -4.6621041e-01   1.9766114e-01   2.2010484e-02  -1.4326835e-01   6.0715873e-02  -5.7877980e-02   1.1994396e-01  -1.7446330e-01  -1.1952607e-01  -1.3351177e-01  -2.4485603e-01  -2.5684068e-01  -1.1517409e-01   1.2000133e-01   3.0621662e-01   2.6902669e-01   2.2544634e-01  -3.3680245e-01  -3.4698308e-01  -3.3493088e-01   3.0672813e-01   3.4957714e-01   1.1358658e-01  -3.0706861e-01  -5.0458512e-02  -4.1738236e-01  -1.2993944e-01   1.1689095e-01  -4.8409021e-03   7.7803038e-02  -7.8458088e-02  -3.5485890e-01   7.1322369e-01   6.7372493e-01  -2.0578853e-01  -4.2639553e-01   2.7291282e-01   7.0717632e-01  -3.9304784e-01   1.3501693e-01  -2.1340429e-01   1.5662810e-01  -5.7557604e-02  -3.5410641e-01
   3.9678945e-02  -6.9855436e-02  -2.9726366e-01   1.4098784e-01  -1.2715342e-01  -5.2144207e-02  -1.8935895e-01   0.0000000e+00  -2.8133281e-02  -1.8400297e-01  -7.0681551e-03  -1.6145194e-01   1.1425753e-01  -9.6039353e-02  -1.0793804e-01   2.9000140e-01  -3.2937415e-01  -1.0132807e-01   1.9180698e-01  -2.6329251e-01   3.8955298e-02   1.9657285e-02  -5.9238846e-02  -1.1035396e-01   1.4980238e-01   5.8422997e-01  -2.0690074e-01   2.3101527e-02   2.0816621e-01   2.7331484e-02  -1.7766300e-02   6.6693025e-02   2.8316349e-01  -2.1345616e-01  -7.9668143e-02  -2.7379055e-01  -1.9253019e-01  -2.2247005e-02   3.2238156e-01  -1.8718657e-01   2.9633087e-01   4.0323038e-02  -1.0835082e-01   5.2058823e-02  -2.4021231e-01  -5.6251281e-02  -7.1061621e-02  -3.8715777e-02  -6.1593632e-02  -1.5233413e-01  -2.5924952e-02   6.5034507e-01  -3.9190600e-02   4.6031635e-02  -3.6467413e-02   4.0100844e-02   2.0169276e-01   2.6792733e-02   4.0901789e-01  -8.4447421e-02  -8.2154798e-02  -2.8029845e-01  -6.7899318e-02  -3.7221168e-02   2.9589796e-02  -1.0398922e-01   1.0102055e-02  -1.1315018e-01   2.4027333e-01  -3.2868633e-01  -3.3397888e-02  -2.2855027e-01   2.2096810e-01   9.6603349e-02   1.5209800e-01   3.5634261e-01   9.4829985e-02   5.1325009e-01  -7.9354470e-02   3.3811764e-01   3.4286548e-02   2.3812586e-01  -6.5482764e-02   5.9162437e-01  -2.1240803e-01   3.5804491e-01   1.3001086e-02   9.2243433e-02   5.4367343e-03  -7.8407786e-02   4.5745104e-03  -1.0290090e-01   2.3028046e-02  -5.3605992e-03  -1.6357558e-02  -1.1034178e-01  -9.1566785e-02   3.3427787e-01  -4.1421069e-02  -1.6060869e-01  -2.0138370e-01   1.6719938e-01  -6.7964405e-03  -1.8074829e-01  -7.9764210e-02   8.1632376e-02   3.5278019e-02   5.5368581e-01  -9.3011305e-02   1.7372693e-01  -7.0822201e-02   4.9150730e-02  -1.4114799e-01  -9.7929965e-02  -2.0272330e-01   5.4803765e-02   4.8060721e-01   1.9402896e-01  -2.0244501e-02   8.1354647e-02   6.1341155e-02   4.6930862e-03  -7.7183313e-02  -3.3042276e-02  -5.7105127e-04   2.7102340e-02  -2.8022607e-01   2.4490580e-01   4.9139281e-02  -4.0174008e-01   2.5963862e-01  -1.4765675e-01   1.4308223e-01   1.1265872e-01  -1.7391228e-01   4.7763492e-01   2.0524438e-01   4.2484910e-02   4.1624882e-01  -8.6360568e-02  -2.4029374e-02  -1.4391335e-01   3.3660687e-01  -2.9670396e-01  -1.0429573e-02   3.7116306e-02  -1.7148463e-01  -1.4065209e-01  -5.9866178e-02  -1.3548928e-01   5.6567536e-02   2.2100315e-01   9.3069093e-02  -3.7651333e-03  -2.7977685e-01  -2.3533579e-01   8.6010154e-02   3.5505284e-01   3.4090043e-03  -9.6312891e-02  -1.2655250e-01   2.9037052e-01   1.8509301e-02   1.6829757e-02   9.8216419e-02  -6.6638160e-02  -1.0304370e-01   4.7265265e-01   1.0911974e-01   9.6778141e-02  -4.9479826e-02  -1.4657479e-01  -2.4334479e-01  -1.9378006e-01   1.5670406e-01   6.6616195e-02   1.9207184e-01
  -1.0372232e-01   6.1647156e-01  -1.4682034e-02  -1.9352224e-02   6.7604071e-01  -2.0171286e-01   3.4309368e-01  -2.8133281e-02   0.0000000e+00  -2.1446841e-01  -7.4211792e-02   9.4859869e-02  -6.1280278e-03  -3.3700208e-01  -2.6629345e-01  -7.3442907e-02   1.5877678e-01   7.8886757e-02  -1.7760315e-01   3.1370839e-01  -3.9886743e-02  -8.3703066e-02  -3.6927644e-01  -7.8451666e-02   8.3132877e-02   3.3353297e-02   4.2111375e-01  -3.9485941e-01   3.6998482e-02   6.9868983e-02  -1.2459789e-01  -2.4231090e-02  -4.6425821e-02  -7.2938401e-02   1.1158889e-01   3.9141914e-01   2.8894174e-01  -2.6655172e-01   3.3531684e-02   7.6327154e-02   4.0230293e-02  -9.2394072e-02   3.8473094e-01  -2.6008871e-01   4.9021903e-01  -1.6423242e-01   1.5634976e-01   6.9043544e-01   1.4503794e-01   2.3738341e-01   6.5668367e-02   3.0890858e-02   6.2166319e-02  -1.5536256e-01  -3.2043808e-01  -3.4170397e-01  -1.5616066e-01  -2.2532199e-01   9.5423840e-02   1.6806968e-01  -1.3883928e-01   1.1057942e-01   6.4507792e-01   4.4621953e-01   5.6206182e-01  -4.5182487e-03  -8.8341646e-03   3.0316897e-01  -3.2261442e-02   2.0359163e-03   3.5231698e-01   1.2040078e-01   9.0700557e-02  -3.2396633e-01   7.3025114e-02  -8.1220943e-02  -2.0238167e-01  -2.2638304e-01   5.8935148e-01   1.1136092e-01  -3.9972723e-01   3.5784745e-02   1.9428362e-01  -4.9647610e-02  -2.1834453e-01  -1.3560245e-01  -1.3229551e-01  -1.5534358e-01   4.2335167e-01  -8.5625535e-02   4.7928230e-01  -1.2499409e-01  -1.1806128e-01   5.8088299e-01  -2.0456871e-01   3.0218243e-01   2.4360134e-01   6.8084467e-02   5.0393544e-01   4.8579688e-02  -1.8902425e-01  -7.6492416e-02  -2.2238604e-01   4.9343460e-01   1.2674929e-01  -7.3318264e-02   2.8353755e-03   1.2779864e-01  -1.2059483e-01   2.6433857e-01  -7.4209368e-02  -2.0023035e-01   2.6597132e-01  -1.0156502e-01  -3.4788521e-01   2.7568102e-01  -7.9947405e-02  -2.2996177e-02  -3.9905523e-01  -6.5600532e-02  -4.2962607e-01   3.6312314e-01   3.8613683e-01   1.5766954e-01  -2.3445040e-01  -2.6095530e-01   1.0350860e-01  -4.5268972e-02   3.3465291e-02  -6.0428358e-02   5.3852006e-02   5.3690285e-01  -7.6969471e-02  -2.7967340e-01   3.3900067e-01  -7.3373320e-02   4.7110247e-02  -6.3838948e-03  -1.6688870e-02  -4.8511457e-02  -1.4941766e-01   8.5281959e-02   5.6949990e-02  -2.4953074e-01  -1.5018361e-01   2.1745241e-01  -2.4694126e-01   5.1674654e-01   2.1454460e-01   2.8537569e-01  -2.7817277e-01  -4.3105951e-01  -2.2265066e-01   4.9404906e-01   2.7143791e-01  -5.4835327e-02  -2.4713830e-01   5.8441985e-02  -2.3044569e-01  -2.0388573e-01   1.6288341e-01   2.7823552e-01   2.5856882e-01   3.3255849e-01  -1.1479884e-01   1.6416503e-01   1.8102094e-01  -7.8153236e-02  -3.4312719e-01   3.1373169e-01   2.9444373e-01  -2.6206196e-01   2.6769468e-01  -6.6382752e-02   1.4330964e-01   1.8110344e-01  -1.2315291e-01
  -1.0179732e-01  -3.0150070e-01   1.2190496e-01  -9.2643482e-02  -2.1519461e-01   1.5423870e-01  -3.9033381e-03  -1.8400297e-01  -2.1446841e-01   0.0000000e+00   2.8370846e-01   4.6949875e-03   1.7461056e-02  -1.2166528e-01   1.3837697e-01  -1.3138439e-01   7.6864404e-02  -5.8111529e-02  -1.8487580e-01   5.0632439e-03   2.6592888e-01  -2.1014268e-02   5.7375525e-01  -1.3845512e-01  -3.0092896e-02  -1.4942753e-01  -1.2722216e-01   8.6769298e-02  -2.0366052e-01  -3.6440815e-02   1.5609915e-01  -1.9749096e-01  -1.1866280e-01   5.8191620e-01  -8.6859281e-02  -3.8322009e-02   2.4548878e-01  -2.8905576e-02  -2.5221285e-01   2.0075366e-01  -3.1713757e-02  -1.1928933e-01  -1.4755813e-01   5.4810739e-02  -1.7087359e-01  -1.2392282e-01  -6.4265406e-02  -3.4934210e-02  -9.3560957e-02  -5.3721356e-02  -2.5535864e-02  -7.8330818e-02   1.9682951e-01  -1.0324738e-01  -1.8107663e-01   2.5512634e-01  -1.0673097e-01   1.3872030e-02  -1.4211276e-01  -1.6422240e-01  -6.1138735e-02   4.5223802e-02  -1.0889063e-01  -2.3053627e-01  -2.7692130e-01   5.0724853e-01   3.0540558e-02  -2.4458180e-01  -1.7973820e-01  -8.0099752e-02  -9.3382112e-02  -8.5760388e-03  -1.1491498e-01  -7.7085056e-02  -2.6608347e-01  -6.4175490e-02  -9.8116770e-02  -2.4336120e-01  -3.0348118e-01  -2.9473344e-01   3.3271613e-01  -8.6452356e-02   5.5592329e-04  -2.4174982e-01   1.3456267e-01  -7.9717123e-02   4.1909565e-02  -3.8244887e-01  -2.4202559e-01  -2.2245648e-01  -1.9700434e-01  -6.6686766e-02   5.1398487e-01  -3.2711935e-02  -1.0595682e-01   1.7958506e-03  -2.2762605e-01  -4.4801553e-02  -1.9998086e-01   2.4817393e-01   1.3010334e-01   1.8060047e-02  -3.0372285e-02  -6.7006504e-02  -1.0319441e-01  -1.0093444e-01  -5.7836886e-02  -4.0266701e-01   4.5162915e-01  -5.7628456e-02   3.5696542e-01  -8.3633698e-02  -7.7497738e-02  -1.9120333e-01   3.2934961e-01  -2.0476351e-01  -2.1738323e-01   4.0242533e-02   1.3017976e-01  -8.9182105e-02  -3.6995752e-02  -7.2528147e-02  -4.6361538e-02  -1.4495407e-01  -1.8262493e-01  -1.9469623e-01   1.1469660e-01  -2.0508342e-01  -4.8962595e-02   1.7099281e-01  -1.2805773e-01  -6.2618045e-02  -2.1545447e-01   1.2472997e-01   1.9152198e-02  -8.2091766e-02  -9.9612816e-02   5.5877489e-03  -1.4648777e-01   1.5918464e-02  -1.6855431e-01   1.5172319e-01  -1.9619798e-01   2.5035602e-01   7.4226706e-02  -1.5309198e-01   3.3711106e-01  -7.0836952e-02   1.8178766e-01   3.0133889e-02  -1.7563439e-01   2.1128802e-01  -2.3213860e-01  -2.3096969e-01  -2.1578414e-02   2.7378949e-02  -1.8699553e-01  -1.3235150e-01  -5.0673521e-02   1.9592660e-01  -1.2887759e-01  -1.6619503e-01   1.3865975e-01  -1.7739699e-01  -7.5027831e-02   2.1202447e-02   4.5205375e-02  -1.9262950e-01  -1.9053480e-01  -2.2834204e-02   7.6457792e-02   1.5848817e-01   6.4833746e-02   6.0520811e-02  -2.0905736e-02   2.6102408e-02   4.0375780e-02
  -1.1170233e-01  -3.9905982e-01   1.3288594e-01   9.5967634e-02  -9.8116074e-03   2.5794536e-01  -3.3448992e-01  -7.0681551e-03  -7.4211792e-02   2.8370846e-01   0.0000000e+00  -1.9921957e-01   2.2577404e-01  -1.1295184e-01   3.4591384e-01   1.7236081e-01  -4.2946627e-02   4.6865166e-01  -1.9859346e-01  -1.7598104e-01   2.8742972e-01   1.5972066e-01   1.5838382e-01  -8.9082337e-02  -2.3795448e-01  -8.6382792e-02   5.8906579e-02  -3.8152026e-02  -2.0448214e-01   3.0796461e-01   3.4588206e-01   1.2622895e-01   1.5182210e-02   8.0739050e-02  -1.7948773e-01   1.7845314e-01  -3.3543219e-02   3.3164017e-01   2.1340334e-01  -1.3008828e-01   2.9048779e-01   3.0230350e-02  -4.8936642e-01   3.3827007e-01   3.4010228e-03   3.5847145e-01   5.2654501e-01   1.5547049e-02  -1.5289623e-01  -2.0822093e-01   4.8626938e-01   3.5535029e-02   5.8438931e-02  -1.8773359e-01  -3.3011120e-02   3.3298349e-01   1.8246977e-01   1.6785716e-01   2.4599295e-01  -4.1220247e-02   3.6500202e-01  -2.5661773e-02  -2.5848824e-01   1.4027597e-01  -8.5195094e-02  -8.6284869e-03   4.0615466e-01  -2.9238139e-01   4.8292585e-01   1.3519437e-01  -3.8953493e-01   2.4793383e-01   3.3549109e-01  -2.3420554e-01  -2.8213427e-01  -2.2935767e-01   4.9460347e-01   2.4889447e-01  -1.9192642e-01  -2.8761823e-01   2.3507885e-01   3.0168606e-01  -2.7376397e-01   2.3745269e-02  -1.2502541e-02  -1.0546097e-01  -1.8076707e-02  -1.8406893e-01  -3.5621731e-01  -1.8396593e-01  -2.5478461e-01   2.8205788e-01   2.6366586e-01   1.9130775e-01   3.8351030e-01  -2.6303296e-01  -2.4515438e-01  -1.6078389e-01  -1.3075501e-01   1.6063575e-01  -8.1842245e-02   2.9905294e-01   2.3031741e-01   2.0519228e-02   3.1029796e-01   7.2060314e-02  -9.0022146e-02   2.3295744e-01   1.2664586e-02   2.2324160e-01  -1.3175891e-01   2.7020295e-01  -1.5847584e-01  -1.8835153e-01   2.3088438e-01  -3.2468590e-01   1.9959127e-01   3.2189745e-01   5.8179310e-02   1.3183518e-01   2.4910582e-01  -2.6271033e-01  -3.4543971e-01   5.2942301e-03   2.9812954e-01  -2.0777264e-01   7.6699517e-02  -3.1034961e-01   1.9964203e-01   1.3006291e-01   2.3518475e-01  -2.8771814e-02  -2.6521340e-01   1.8819601e-01  -1.7775880e-01  -2.3174217e-01  -2.1869719e-01  -1.8769552e-01  -1.4293883e-01  -4.2098255e-02  -1.3316251e-01  -1.3017709e-02   4.2002185e-01   1.6513096e-01   4.1655496e-01   3.0903775e-01  -6.2553666e-02   4.6478731e-02   3.0357528e-01   4.4221416e-03   2.5316839e-02   2.5515841e-01  -3.6611952e-02   6.9899048e-02  -2.5391609e-01  -1.4642750e-01   2.3143152e-01   1.5327712e-01   2.9705652e-01   3.9742612e-01  -2.9688496e-01   4.9198777e-01  -1.1024277e-01   3.4685127e-01   1.5791839e-01  -3.0769575e-01  -7.0303536e-02  -4.7571286e-02   9.2242554e-02  -8.3702170e-02  -7.1247364e-02   2.9324502e-01   7.3967076e-02   1.7713286e-01  -1.6350494e-01  -2.5645909e-01   1.7219082e-01
  -1.6880588e-01   3.7263733e-01   3.4184626e-01  -6.9192513e-02  -1.6794534e-02   1.6501944e-01   3.0779742e-01  -1.6145194e-01   9.4859869e-02   4.6949875e-03  -1.9921957e-01   0.0000000e+00  -8.9469406e-02   2.1556306e-01   3.1267505e-01   6.3263449e-02   3.7410571e-01  -8.2432065e-02   8.3760881e-02   1.1799449e-01  -2.4070709e-01  -4.2527864e-02   1.0691951e-01  -1.7021312e-01  -6.1119292e-02  -9.4671346e-02  -8.8815056e-03   1.6894838e-01  -1.6621109e-01   1.4589565e-01   5.7647165e-02  -2.9363782e-02  -4.7991726e-02   9.5237891e-02   4.7392673e-01   1.6134987e-02  -4.3853543e-02  -4.8302256e-01  -3.0003536e-02   1.4054673e-01  -7.0333989e-02   1.4133985e-02   3.9018021e-01   2.0290892e-01   1.7953336e-01  -2.3880881e-01  -1.5696794e-01  -2.5044915e-02  -5.8438562e-02   1.8289752e-01  -6.5636863e-02  -4.3437416e-02   1.0492245e-01   3.2156789e-01   1.0367390e-01   2.4647516e-01   1.4327144e-01  -1.1875793e-01  -7.1149962e-02   4.5066585e-01  -3.7894936e-02  -1.5637849e-02   2.8798487e-01  -1.2111234e-01  -1.5827464e-01   4.8191308e-02   5.4536159e-02   2.4309031e-01  -7.3305755e-02  -5.1633837e-02   4.6993172e-02   1.0059550e-01  -3.1775158e-02  -1.1836276e-01   2.2169820e-01   1.5536577e-01  -1.9389715e-01  -9.6420242e-02   6.8377349e-03   1.5755069e-01   3.9837143e-01  -7.9627369e-02   2.9132408e-02  -1.1362431e-01   3.8830044e-01   3.9763518e-02   5.2596040e-02   8.2616350e-02   3.6757775e-02  -2.8689960e-01  -4.6468760e-02  -3.2772952e-02   1.5241821e-01  -1.2202513e-02  -1.5719933e-01  -1.0464534e-01   2.9424604e-01  -7.2185305e-02   1.8845909e-02   2.0111703e-01   2.6444638e-01   3.6534164e-02   2.0234631e-01   2.1677129e-01  -3.3655799e-03   3.2541091e-02   3.3619449e-01  -2.7268572e-01  -7.0257173e-02  -3.8327151e-01   3.1156072e-01   8.7132387e-02   3.5690806e-02  -2.2157664e-01   3.3012885e-01  -8.7303375e-02   4.9676850e-02   4.5148838e-02   1.8966267e-01  -2.4157598e-02  -3.9637085e-01   1.9952118e-01   3.4879799e-02   3.2452482e-02  -2.0984291e-01   9.4306072e-02   4.4836687e-01   1.6849759e-01  -3.5997398e-03   1.9639472e-01  -9.3555020e-02  -1.2114526e-01   1.6406524e-01  -9.1053211e-02   4.6208874e-01   1.5166178e-01   1.5885764e-01  -9.1968580e-02   1.2342673e-01  -2.6987716e-02  -3.6770368e-02  -4.1562006e-02  -1.1792618e-01   3.3529903e-01   4.1703918e-01   1.8955855e-01   4.5945131e-01  -2.7931135e-01  -1.7111832e-01  -1.3900451e-01   3.6806671e-02   2.4987355e-01  -1.2505723e-01  -2.0161881e-01   5.0851577e-01  -2.1185674e-01  -2.0035900e-01  -2.3564802e-02  -1.8975765e-01   2.8655122e-01   3.2729149e-02  -3.2157185e-01  -9.7411412e-02  -7.9972562e-02  -2.1713026e-01   1.6519054e-01   5.6853257e-03  -2.8803699e-01  -9.2490691e-02  -2.1202630e-01  -6.8523515e-03  -3.2694628e-01   1.2369530e-01   2.8512500e-01  -7.9880205e-02  -3.9861691e-02  -7.6577061e-02
  -2.5319675e-01   4.8989559e-02   2.0832450e-01   2.8109991e-01   1.2917293e-01   1.0141041e-01  -2.0672586e-02   1.1425753e-01  -6.1280278e-03   1.7461056e-02   2.2577404e-01  -8.9469406e-02   0.0000000e+00  -3.8142964e-01  -1.3709397e-01   2.3099165e-01   2.3978484e-01   3.3724172e-01   1.1776784e-01   1.7754041e-01   1.9833465e-01   1.5264882e-01  -1.0351396e-01  -4.0002006e-01   1.1179714e-01  -5.4363135e-02   2.7396182e-01  -2.9929553e-01   1.3242199e-02   6.5147295e-02   4.7844188e-02   2.0432649e-01   1.8315593e-01  -1.0990401e-01  -3.6206605e-01   3.1009998e-01   4.9257283e-02  -1.3191639e-01   3.4415735e-01   1.1930748e-01   8.0216479e-01   1.2236781e-01   1.2665484e-02   2.4607609e-02  -6.2075324e-02   1.1171775e-01   2.9657260e-01  -8.9583817e-03  -5.0719948e-02   2.3032697e-01   2.8497524e-01  -1.1488051e-02  -1.4703808e-02  -1.8347880e-01  -2.6638484e-01  -4.8876564e-02   1.8212239e-01   2.7517824e-01   4.5425651e-01  -6.1415044e-02   2.3727236e-01   1.3196681e-01   1.2951851e-01  -2.0826406e-01  -1.1022973e-01   2.9042731e-02   1.4137490e-01  -1.2559091e-01   2.8177391e-01   6.1979933e-02   3.0586268e-02  -2.9338019e-02   3.9417680e-01  -1.4561449e-01   8.1071159e-03   5.9747621e-02   1.8142168e-01   1.5522565e-01   3.6209725e-02   3.1699553e-01  -8.4095890e-02   3.1574479e-01   4.2385145e-02   1.1604617e-01  -2.2952732e-01   1.0189171e-01  -4.9191304e-02  -3.4025959e-01   1.4043996e-01  -2.0287792e-01   1.5330077e-01   1.6267223e-01   1.2045328e-01   2.0784885e-01  -5.3520538e-02   1.6065973e-01   1.1080942e-01  -1.4440901e-01   1.9094712e-01  -1.7113057e-01  -1.9585903e-01  -3.5729909e-02   6.8269019e-02  -1.7007450e-01   7.5475666e-02   3.1388827e-01   3.6398184e-02   1.6932059e-01  -8.1339813e-02   1.9070020e-01   2.5272896e-02   1.0674001e-01  -8.6588935e-02  -3.3886000e-01  -6.1511351e-02  -6.9695625e-03   7.1558997e-02   6.4462271e-01  -2.3406763e-01   2.7163644e-01  -1.5040251e-01   3.3199237e-02  -1.1605517e-01  -4.8971474e-02   5.9056088e-02  -2.3609754e-01  -1.3489401e-01   4.8061827e-02   1.8794857e-01   9.3302991e-02   5.7597475e-01   5.9951048e-02   7.1250696e-02  -4.4130844e-02   1.0204676e-01   2.3624025e-02   2.7433769e-01  -5.4216053e-02   4.1948191e-02  -3.9943361e-01  -4.4905034e-01   3.4234318e-01   2.3374835e-01  -1.0627588e-01  -4.5095424e-02  -8.4038699e-02  -1.5056088e-01   1.6316028e-01   1.1983702e-01  -1.2380153e-01  -3.1364944e-01   1.2326368e-02  -2.6409034e-01   1.9361577e-02   1.7167820e-01  -3.6410681e-01  -7.6837463e-02   5.0195003e-01   2.7599141e-01  -4.9445363e-02  -5.6739515e-02   7.1890340e-02   2.4782795e-01  -2.9295671e-02   3.6233477e-01  -3.0537401e-02  -2.2067349e-02  -1.1470858e-01  -1.9241713e-01   2.6099023e-01   8.2362157e-02  -1.7586795e-01  -1.3783216e-01  -2.7691089e-02   1.6444567e-02  -9.2554359e-02   3.1617997e-01
   3.5635491e-01  -1.1913734e-01  -1.6490987e-01  -2.9859435e-02  -3.5171046e-01  -1.9639207e-02  -1.9831095e-01  -9.6039353e-02  -3.3700208e-01  -1.2166528e-01  -1.1295184e-01   2.1556306e-01  -3.8142964e-01   0.0000000e+00   4.1341290e-01  -4.6967708e-02  -2.2592303e-01  -1.5052753e-01  -8.9685601e-02  -3.5318356e-01  -7.9650076e-02   3.9899913e-02   1.2535208e-01   3.8705489e-01  -1.3346066e-01  -6.0684913e-02  -4.2550672e-01   4.4588024e-01  -1.1945893e-01   1.0012219e-01   2.1043568e-01   8.7689716e-03  -1.1370547e-01  -1.7238616e-01   4.1917045e-01  -3.1778580e-01  -1.5587496e-01   1.5545356e-01  -9.9965231e-02  -2.9353735e-01  -3.1190553e-01  -1.6352029e-01  -1.5896515e-01   3.4838322e-01  -2.1640228e-01  -4.8972785e-02  -2.7755597e-01  -3.7004144e-01   5.4555903e-02  -3.3177996e-01  -6.1608447e-02  -8.1016561e-03   2.9409465e-03   3.4207977e-01   5.0579206e-01   3.0633548e-01   1.5889689e-03   1.4604382e-02  -1.9424801e-01   8.9200414e-02  -1.4037171e-01  -1.0496711e-01  -2.2683443e-01  -8.9383843e-02  -3.0862074e-01  -1.4489670e-01  -3.2807689e-02  -1.0820519e-01  -5.6471746e-02  -1.0968681e-01  -2.3258084e-01  -7.9484625e-02  -2.2815041e-01   5.1002251e-01  -1.3018463e-03  -8.5864092e-02   3.7155954e-02   1.6188682e-02  -2.1456814e-01  -1.6408190e-01   3.0368926e-01  -2.1726333e-01  -1.0405685e-01   4.2524699e-02   5.4359855e-01  -6.8067732e-02   2.7192150e-01   5.2026771e-01  -3.2674583e-01   2.4446535e-01  -2.9573324e-01  -1.1632618e-01  -7.1493527e-02  -2.4230989e-01   1.8331490e-01  -4.3430358e-01   3.9399710e-03  -9.9407090e-02  -3.5172896e-01   6.0139212e-02   3.5250012e-01   7.7840924e-02   3.8551703e-01  -1.2395680e-01  -7.1171167e-02  -8.9663079e-02   9.0532140e-02  -1.4280938e-01  -1.4243345e-01  -4.3558493e-01  -1.0293133e-01   1.3268497e-01  -1.4563364e-01   3.4679382e-01   3.1561402e-01  -2.2648320e-01   1.7254850e-01  -3.1168108e-01   5.6956864e-01   3.1664426e-03   2.6324357e-01  -2.0613896e-01  -1.6479615e-01   1.3729729e-01   1.2682696e-01   6.5001764e-01   1.6662822e-01   1.0041088e-01  -1.2014881e-01   5.5750235e-02  -3.1402546e-01  -3.3249891e-01   3.7011880e-01   2.2717746e-01  -1.8029141e-01  -1.3809070e-05  -4.6551336e-02   5.1213103e-02   4.3675535e-02   2.8742410e-01   5.5479952e-01  -1.5871112e-03  -1.0443553e-01   2.8158276e-01   2.7281727e-01   1.6323323e-01   1.0954256e-01  -4.3437316e-01  -2.2878363e-01  -8.0840056e-02   5.0426256e-01   4.6991375e-01   2.0146269e-01  -2.5713113e-01  -1.6271552e-01   2.5287623e-01   2.3822396e-01  -2.3140452e-01  -1.4931826e-01   3.1465431e-01  -6.9384836e-02  -2.3712167e-01  -2.7739051e-01  -2.0054175e-01  -1.2308667e-01  -1.9888970e-01  -2.4750993e-01  -4.6508170e-02   4.4232523e-01  -3.6349836e-01  -2.3859534e-01   2.4860810e-01  -1.2381035e-01   2.1166516e-01  -1.5197503e-01  -2.6387031e-01   2.1105957e-02
