   0.0000000e+00   3.0694141e-01   9.8527711e-02  -2.2537160e-01  -2.3825504e-01   1.0697218e-01  -2.6260335e-01  -2.8065982e-02  -1.0831726e-01  -2.7628789e-01  -1.1578865e-03   2.6320908e-01  -5.6387925e-02   3.4261222e-01   2.2930144e-01  -2.2191970e-01   1.3958518e-01  -1.1049050e-01   6.8456606e-02  -1.9694701e-01  -1.0140675e-01  -7.6350431e-02  -1.2333864e-01   4.7749813e-01  -7.9453655e-02   1.6891607e-02  -1.2270660e-01   1.8995853e-01  -5.4933344e-02   1.3461102e-01  -2.7760757e-02  -1.0138744e-01  -1.8588936e-01  -2.0959297e-01   2.3886832e-02  -3.1801300e-01  -3.0744319e-01   5.1793003e-01  -2.4005192e-01  -4.5722704e-02  -6.9647476e-02  -2.7216649e-01  -2.2909898e-01   7.6934526e-02  -1.5431278e-01   1.5280076e-01  -1.8352253e-01  -3.1107346e-01  -2.7178157e-01  -2.2052083e-01  -1.4733826e-01  -1.3183798e-01  -3.3796183e-01  -9.2290768e-02   3.2518502e-01  -3.6757399e-02   2.2793085e-01  -1.3225248e-01  -5.6972806e-02   2.6669951e-01   1.1174408e-01  -1.8162760e-01  -4.5459802e-02  -1.8172589e-01  -3.4340245e-01  -1.4752907e-01   1.4598838e-01  -1.4571981e-01  -6.0413265e-03   1.2927212e-01  -1.7760238e-01  -1.5033224e-01  -1.1490523e-01   4.8695732e-01  -2.3444986e-02   1.5624266e-01   1.3242811e-01  -1.0621001e-01   1.9095314e-03  -1.5339260e-01   3.0919155e-02  -2.0824800e-03  -2.8103568e-01  -3.6524797e-02   3.8736318e-01   1.5218004e-01  -1.4192287e-01   5.3568730e-01  -4.0991523e-02   8.4165645e-01  -1.9716106e-01  -3.2606180e-03  -2.9020250e-01   1.9219585e-01   3.2103710e-01  -2.4696833e-01  -5.0061784e-02   1.5510096e-01  -4.2040888e-01  -1.9302759e-01  -2.9697503e-01   1.1851177e-01  -1.3662787e-01   2.1393980e-01  -1.3377053e-01  -1.1231942e-01  -1.7637767e-01   4.1902137e-02  -2.3873990e-01  -7.2845910e-02  -1.0687147e-01  -1.2144382e-02  -1.9617967e-01   8.1244437e-01   2.7906667e-01  -5.7626160e-02  -1.4665081e-01  -2.4607704e-02   9.3702084e-02  -1.9296252e-01   2.9029733e-01  -1.8920795e-01   3.1528224e-02  -5.4845962e-02   3.2794972e-01   5.2188158e-01   4.3591263e-02  -1.2387191e-01  -5.6656540e-02   5.2108841e-02  -3.0524203e-01  -3.4206748e-01   4.4030537e-01  -2.6271150e-01  -3.6101561e-03   7.8491528e-02  -1.4886053e-01  -3.2433906e-01  -4.2771441e-02   6.2730098e-01   7.8320451e-01  -1.3023480e-01   1.0173920e-01   5.0758281e-02   1.0351887e-01   3.7606421e-04  -2.2299503e-01  -1.8424761e-01  -1.6717881e-01  -1.9226161e-01   3.6532924e-01  -2.4926417e-01   2.7859138e-02  -1.7691921e-01  -2.3850139e-01   6.2836221e-01   2.8528101e-01  -1.1198636e-02  -3.4030886e-02  -2.4255187e-01   5.6775100e-02   1.4732074e-02  -1.2242089e-01  -1.2304735e-02  -1.0733581e-01  -1.2960063e-01  -2.2389809e-01   2.3770933e-01   1.4099588e-01  -3.3240874e-01  -1.7514183e-01   1.3683022e-01  -1.6959729e-01  -5.6910955e-02  -1.1726696e-01  -4.0310461e-01  -1.6958931e-01
   3.0694141e-01   0.0000000e+00   2.8609994e-01  -2.7524147e-01  -1.6432682e-02   3.9739000e-01   2.2599755e-01   1.4563695e-01   3.1865153e-01  -2.2513156e-01   6.8629209e-04   8.5199872e-01  -2.5490144e-01   6.5853396e-02   1.8583942e-01  -4.9454342e-01   3.2294998e-01  -1.5108186e-01   3.1955692e-01  -1.4732764e-01  -3.2436467e-01   2.2560053e-01  -3.9066405e-01   5.9303978e-02   2.1086773e-01   1.5607506e-01  -1.5881080e-01   3.3881050e-02  -2.0785162e-02   4.7485961e-01   3.2983104e-01   2.6451108e-01  -4.9179529e-01   1.7497111e-03   3.1349041e-01  -1.2611209e-01  -2.4489176e-01   1.4579699e-01  -4.8998834e-01   3.9565630e-01  -2.4461250e-01  -4.4262770e-01   9.7712888e-02   1.0148867e-01  -5.6778235e-02  -1.3969267e-01  -3.9480510e-01   3.5962783e-02  -4.0833554e-01   1.6812332e-01  -1.9320174e-01   1.9195517e-02   5.9969370e-02  -1.2805322e-01   1.3351885e-01  -1.0623300e-01   4.0063315e-01  -3.5274361e-02  -1.4948309e-01   6.2072678e-01   4.7492849e-02  -5.0053766e-02   3.8235570e-01   1.6641350e-01  -9.1257625e-02  -3.9719558e-01   4.4036797e-01  -3.9248383e-03   2.3248441e-01  -1.9795955e-01   4.5616673e-01  -2.4610747e-01  -3.0997260e-01   4.4621535e-01   1.2384150e-01   5.4313174e-01  -2.8662532e-02  -7.3606573e-02   4.7128236e-01  -3.2301523e-01   1.4785999e-01  -3.3621530e-01   1.9017446e-01   2.1889087e-01   8.8418125e-02   3.6558702e-01   3.4935947e-01   1.7073007e-01   4.1382057e-01   1.6167680e-01   1.6399763e-01   2.6893948e-02  -8.3415591e-02   6.1219652e-01  -1.6110054e-01  -1.6178521e-01   2.1433358e-01   3.9894766e-01  -2.7599592e-01  -2.1855806e-01   9.9886930e-02   1.0888741e-01   2.2677817e-02   6.9314029e-01  -1.1848937e-01   3.1096609e-01  -2.0713610e-01   3.7033887e-01  -1.4095052e-01  -2.6135386e-01   6.6410676e-02   8.2418011e-02  -1.1286591e-01   3.2762837e-03   3.6760735e-02   3.0871297e-01  -1.2363978e-01  -1.9048318e-01  -2.7234265e-01  -3.0029288e-01  -1.9323709e-01   2.7103480e-01   5.0253540e-01   2.2711956e-01   4.2596972e-03   4.3388403e-01   7.9189812e-02  -1.2917457e-01   9.9513204e-02  -2.1434619e-01  -3.9514618e-01   2.9034867e-02   5.5476627e-01   1.0287455e-02   2.5034396e-01   4.0466406e-01  -1.3080879e-01   1.0223100e-01   1.8728820e-01   1.2970085e-02   1.6713762e-01  -2.4381583e-01   1.4451831e-02  -3.1839149e-01   3.5664103e-01   3.1442609e-01   2.7544987e-01  -1.7327952e-01  -4.4605839e-01  -1.3873598e-01  -8.7226569e-02  -5.6533411e-02  -4.1947812e-01  -4.6151269e-02   1.3488336e-01   2.4941911e-02  -2.6740323e-01  -1.9503313e-01  -1.4503603e-01  -1.8036362e-01   4.8772812e-01   7.1131949e-02  -4.9181514e-01   5.2977713e-02   2.9592732e-01  -1.0644175e-01  -1.2147656e-01   1.4241973e-01  -3.5355196e-01  -2.0183126e-01  -1.8933062e-01  -9.0340149e-02  -3.0407641e-01   3.0210575e-01  -4.5066546e-02  -6.1859943e-01   7.2461685e-02
   9.8527711e-02   2.8609994e-01   0.0000000e+00   1.0118923e-01   1.9497569e-01   6.9051874e-01  -1.0521780e-01   1.7857502e-01  -4.8811891e-04  -8.7159611e-02  -1.0580169e-02   4.8918412e-01  -1.7376591e-02  -7.1017574e-02  -1.1163424e-01  -7.9236030e-02   9.5392505e-01   8.3335202e-02   4.4033508e-01   1.6316297e-01  -4.1641788e-01   7.7941969e-02  -1.9224245e-01  -4.1180232e-02  -2.1739826e-02   1.4538491e-01   1.0923808e-01  -1.9239027e-02   2.6532834e-02   1.8523763e-04  -3.1795421e-01   1.9689872e-01  -9.9482651e-02  -2.5985328e-01   1.8204228e-01  -1.0575091e-01  -3.1449106e-01   2.4543799e-01  -1.6038547e-01   2.2648091e-01  -2.5476179e-01   1.4071202e-01   2.8540451e-01   2.9756851e-01  -3.0057434e-01   6.9836075e-01  -2.9669721e-01  -3.1492208e-01  -3.6938879e-01   4.9546196e-01  -1.3899316e-01   6.3148538e-02  -4.1871215e-01   3.6260186e-01   2.4694772e-02   1.8610402e-01   5.9976525e-01  -3.8364143e-02  -1.3085586e-01   3.7562121e-01   7.5637104e-01   1.0810114e-01   1.3471273e-01  -3.4484948e-01  -3.4648628e-01  -1.6816461e-01   6.7891566e-01   7.6192057e-02   2.3359907e-01   5.2370251e-01  -7.9764655e-02   7.3742152e-02  -2.6527314e-01   3.2368513e-01   2.1446665e-01  -5.7598773e-02   6.8993506e-01   2.8473072e-01   1.9562626e-02  -8.3170743e-03  -1.5817819e-01  -3.1419846e-02  -2.0543389e-01   1.1005692e-01   3.9636064e-01  -7.0024563e-02  -1.2329420e-01   1.2502946e-02   4.5880718e-01   7.2039798e-02  -2.3062535e-01   8.5933166e-01  -1.1988314e-02   2.8498417e-01   1.4868742e-01   1.4237998e-01   2.1808317e-01   3.8751829e-01  -1.5216247e-01  -3.0453817e-01   2.0467077e-01  -6.8944230e-02  -3.9306314e-01   3.4919757e-01  -1.7749744e-02   2.8001498e-01   4.5077488e-01   3.4260945e-01  -2.3520707e-01  -2.7736292e-01   1.1248480e-01  -1.6684468e-03   2.2882690e-01  -2.7505063e-02   2.9228529e-01  -2.4851968e-01   1.1139871e-01  -3.8959646e-02   2.1115376e-01  -2.2084731e-01   3.5201686e-01  -2.4169169e-01   4.5461639e-01  -1.2774353e-02   6.0965515e-01   1.8246001e-01  -1.5632797e-01   2.5765307e-01   2.1955822e-01   6.0210894e-01  -4.2521206e-01  -3.7648059e-01   3.2050865e-01  -3.0400973e-01   1.6689244e-01  -3.3362755e-03   2.0678362e-01  -2.5122814e-01   5.7783831e-03  -1.6644223e-01   7.7576993e-02  -1.3177525e-01   1.2118743e-01   2.7515527e-01  -7.0038141e-02  -2.7164517e-01   4.0220314e-01  -1.6089713e-01  -2.8266321e-01  -4.0535872e-01   2.9325857e-01  -4.2330174e-01   4.5133047e-01  -2.6592991e-01   2.9050122e-01  -2.4507940e-01   1.5256824e-01  -3.0651308e-02   6.7982127e-01  -3.6334253e-01   1.3628620e-01  -4.8575321e-02  -4.0299985e-01   3.4176544e-02   4.9704845e-01  -2.9220791e-01  -2.5230942e-01   1.1621031e-01   4.3311353e-01  -3.2382553e-01  -3.5791662e-01  -2.3710541e-01   2.2625754e-02   6.0711144e-01   1.8620028e-01  -2.9369167e-01   5.6014459e-01
  -2.2537160e-01  -2.7524147e-01   1.0118923e-01   0.0000000e+00   5.0478252e-01  -1.6311902e-01   9.1749281e-02  -1.8705707e-02   1.0848200e-01   3.9587751e-01   2.1216022e-01  -2.8162901e-01   1.4394610e-01   8.6495017e-02   6.3915185e-03  -4.2366597e-02   1.0811991e-01   7.2155659e-01  -9.1555948e-02   5.4361133e-01   3.4582839e-01   4.4483745e-01   4.7257560e-01  -5.0728340e-01  -2.0204374e-01  -1.0914255e-01   2.7207556e-01  -9.5213104e-02   2.1908016e-01   1.2615963e-01   9.5432665e-03   4.8704823e-01  -6.7280400e-03   1.4275970e-01   2.1956376e-01   4.7663040e-01   2.3973412e-01   2.1643189e-02  -4.0799544e-02  -1.6469266e-01  -4.7528337e-02   2.2253110e-01   3.5328269e-01   4.3904114e-02   2.4944145e-01   1.1144983e-01   4.9977746e-01   2.9309676e-01   1.4904297e-01   3.8224787e-02   7.5431829e-01   5.9745192e-03   1.5303849e-01   2.2505607e-01   3.4867451e-02   2.3982700e-02  -2.6488391e-01   4.6185552e-01   5.9259510e-01  -1.3455746e-01   3.6767050e-01   2.7686496e-01   1.7117961e-01   1.1676386e-01   2.3630806e-01   4.0956405e-01   1.0782351e-01   3.5241573e-01   4.5477803e-01  -1.1923717e-01  -1.5407330e-01   6.9666364e-01  -2.2095862e-02  -2.9443113e-01   1.6770544e-01  -2.5796652e-01   2.9462646e-01   6.4932639e-02  -2.9575574e-01   1.8497732e-01   6.3684376e-02   1.7339127e-01  -1.5905994e-06  -5.5725247e-02  -1.2141604e-01  -2.1685443e-01   1.1371270e-01  -5.2625311e-01   2.6800554e-01  -3.6133330e-01  -1.1757521e-01   3.1150752e-01   1.4549115e-01   2.5170234e-02   2.2019456e-02   3.2382143e-01   3.0219487e-01  -2.5365279e-01   2.0473543e-01   4.4409465e-01  -1.7160669e-03   5.5739668e-02   3.0012715e-01   9.3221733e-02   6.8597806e-01   5.4966119e-01   4.3937432e-01  -6.7603993e-02   3.3842136e-01   3.1375196e-01   1.8585066e-02   2.9780871e-01   5.5706879e-01  -2.9955872e-01  -1.2725174e-01  -1.4589912e-01  -7.5117722e-03   2.1693772e-01   4.6111158e-02   5.1740114e-01  -2.4599741e-01  -8.9310515e-02  -4.1065438e-02   3.7555324e-01  -4.3649660e-02  -3.7021432e-01   3.1673222e-01   3.7225328e-01   7.1807323e-01  -6.7849390e-04  -8.3960545e-02   1.3097679e-01  -2.6005518e-01   2.2128211e-01   3.5171507e-01  -1.1406841e-01   4.4409991e-01   9.5004333e-02   6.9472554e-02  -3.1173825e-01  -3.1467861e-01   4.8261638e-02   1.0610943e-01  -2.3275562e-01   1.3986219e-01   4.9712929e-02   4.4128836e-02   9.0149363e-02   2.9316414e-01   3.5012697e-01  -1.6355573e-01   2.6898643e-01   1.5952096e-01   2.5247996e-01  -1.3447150e-02  -4.4571759e-01  -1.6833670e-01   5.7995097e-01   3.2840318e-01   3.3909289e-01  -2.4467392e-01  -5.9589695e-02   1.9584617e-01   7.1807428e-01   3.9814520e-01  -5.9166568e-02  -1.2497182e-02  -9.4313877e-02   1.7922675e-01   3.2135982e-01   1.9833163e-01  -4.7040570e-01   5.4054102e-01  -1.3977499e-01   1.9620877e-01   1.0020339e-02   5.5392198e-01
  -2.3825504e-01  -1.6432682e-02   1.9497569e-01   5.0478252e-01   0.0000000e+00  -1.1475767e-01   3.2766889e-01  -1.9683582e-01   9.4656801e-02   4.0485003e-01   2.7226814e-01   6.6447084e-04   1.1481296e-01  -3.4570868e-01  -3.1498691e-01  -4.8920499e-02   1.8916630e-01   6.3602985e-01  -1.1352240e-01   8.7357286e-01   2.3345371e-01   2.8063183e-01   2.2916989e-01  -3.8003960e-01  -1.4481078e-01  -2.8408094e-01   4.4655419e-01  -3.7657407e-01  -7.4673335e-03   7.1841200e-02  -3.5389558e-02   4.1767189e-01  -2.2344095e-01   1.3265957e-01   2.6994693e-01   7.2401032e-01   3.1093397e-01  -7.9932015e-02  -7.0353778e-02   1.3869364e-01   3.3559236e-02   1.1204788e-01   5.6910703e-01  -2.0630441e-01   3.3688889e-01  -8.6018952e-02   2.2942504e-01   3.7241505e-01   2.2798241e-01   3.8998408e-01   3.8221629e-01  -2.3185275e-01   2.3901488e-01   2.6164902e-01  -1.8749106e-01  -2.0631262e-01  -1.0841285e-01   1.4948463e-01   2.3488585e-01  -1.4316493e-01   3.4876149e-01   4.1781359e-01   2.7038884e-01   1.9823926e-02   2.6407166e-01   2.8486471e-01   9.3694685e-02   3.9290881e-01   2.1430409e-01  -2.7047451e-01   1.4167841e-01   4.8608962e-01   1.7094707e-01  -2.5764236e-01   3.6900079e-01  -2.8938141e-01   3.1845363e-01  -7.1507332e-02   3.1934664e-01   1.6934576e-01  -1.9937463e-01   1.5982963e-01   4.2688574e-02  -2.0321953e-01  -4.2305534e-01  -3.4282998e-01   2.3455151e-01  -5.1911434e-01   3.8262024e-01  -3.9271886e-01   3.6852374e-01   2.5351820e-01   1.6167750e-01   1.0365559e-01  -2.5355751e-02   6.8874870e-01   2.8165348e-01  -9.9897402e-02   3.0224125e-01   3.0937427e-01   1.0859168e-01  -2.9307127e-01  -2.6432939e-02   2.0389733e-01   3.9078364e-01   4.5485541e-01   5.3304970e-01  -9.0067330e-02   4.5372062e-01   2.6164715e-01   7.7466542e-02  -9.6437466e-03   5.7452317e-01  -4.1527980e-01  -3.6895704e-01   2.3540961e-01  -1.0719614e-01   2.3129070e-01  -2.9726603e-01   7.3979969e-02  -2.3856915e-01   4.6008748e-01   3.4030673e-01   5.0663103e-01  -1.5552799e-01  -4.3985518e-01   3.1961181e-01   5.0966976e-01   5.8863058e-01  -1.6340637e-01  -1.0726551e-01   2.6957676e-01  -3.4665094e-01   2.3177136e-01   1.9448401e-01  -2.3536307e-01   5.2962412e-01   1.6354128e-01  -2.1934525e-01  -2.4594954e-01  -2.5166426e-01   7.7248142e-02  -7.1785411e-02  -2.3282482e-01   9.1400035e-02   5.5064886e-02   1.3173232e-01   4.6798463e-01   1.2790620e-01   2.0637605e-01  -3.7333563e-01  -2.7921745e-02   3.6945610e-03   2.7303370e-01   2.7117889e-01  -2.6285242e-01  -2.3543384e-01   2.3791936e-01   2.2338191e-01   9.4739567e-02  -1.9208931e-01  -1.6943602e-01   1.4808182e-01   4.8940228e-01   3.3103672e-01   1.0338526e-01   1.7934722e-01  -4.1544736e-01  -2.8472506e-04   3.2305022e-01   3.8197662e-01  -2.8658644e-01   5.7259731e-01  -5.8670568e-02   4.0595217e-02  -9.6543669e-02   4.5055419e-01
   1.0697218e-01   3.9739000e-01   6.9051874e-01  -1.6311902e-01  -1.1475767e-01   0.0000000e+00  -1.7508044e-01   4.1390130e-01   3.0654893e-03  -2.7818016e-01  -1.0696103e-01   5.9900963e-01  -1.7579838e-01   7.6386270e-02   3.6984544e-03   8.3104021e-03   6.7857745e-01  -2.4228771e-01   6.4037638e-01  -1.6078070e-01  -6.2357635e-01  -8.1033498e-02  -4.5354965e-01   1.3027120e-01   1.7043434e-01   4.7955441e-01  -4.6123826e-03   2.7878860e-01  -3.9229596e-02  -8.5286435e-02  -2.6945820e-01   1.3554980e-02   3.7547552e-02  -2.3458440e-01   9.9339925e-02  -4.3644642e-01  -4.9534928e-01   8.6054341e-02  -2.0315033e-02   3.7144843e-01  -1.9727282e-01   1.8927925e-01   1.4060815e-01   5.4932497e-01  -5.3745609e-01   3.0106122e-01  -5.4554559e-01  -4.2100291e-01  -4.3382613e-01   4.5179227e-01  -4.0650193e-01   2.7524814e-01  -4.1420823e-01   3.1166353e-01   1.4580322e-01   3.7611900e-01   8.1454881e-01  -1.0119738e-01  -3.1184474e-01   5.6063139e-01   2.9656743e-01   1.0319393e-01   6.8203760e-02  -2.8549604e-01  -4.8946322e-01  -4.4428742e-01   7.7029289e-01  -4.2407124e-02   1.6531721e-01   3.9104336e-01   2.0916368e-02  -1.7815103e-01  -3.4498663e-01   4.4417651e-01   7.3293611e-02   1.1710319e-01   2.3402001e-01   3.8544655e-01   3.9091008e-03   5.0540274e-02   2.0815221e-02  -1.4921468e-01   4.3075240e-02   4.1642962e-01   4.8737622e-01   1.4178696e-01  -8.5732272e-02   2.4133758e-01   3.7304670e-01   2.3751534e-01  -2.7194597e-01   5.8514908e-01   4.5599121e-02   2.7447540e-01  -9.8217786e-02   1.0282989e-01   4.4475500e-02   6.7670261e-01  -2.1802551e-02  -5.0475803e-01   3.5008226e-01   4.4827971e-03  -3.4469214e-01   3.2412283e-01  -2.4136951e-01   6.8871732e-02   2.0625282e-01   5.7800774e-01  -4.3160937e-01  -4.2344861e-01   2.8358369e-01  -6.6490009e-02   3.8423747e-02   8.2002963e-02   5.1344363e-01  -2.2410572e-01   3.0136106e-01  -2.0108414e-01   2.7899054e-01  -2.6895739e-01   1.9571944e-01  -2.9177497e-01   4.9783682e-01  -2.6466579e-01   3.1527448e-01   4.6504547e-01  -4.3528038e-01   4.5256647e-02  -1.2293275e-01   4.2067229e-01  -3.1661723e-01  -3.9198608e-01   5.3389977e-01  -4.6479679e-01   1.4480808e-01   2.4911016e-01  -6.3954319e-03  -2.1655059e-01   1.9232669e-01  -9.7041040e-02   8.1899631e-02  -1.1531839e-01   1.3169569e-01   2.3443694e-01  -1.7906637e-01  -2.6580515e-01   4.9065829e-01  -3.9405496e-01  -4.6417956e-01  -4.9105612e-01   2.9004488e-01  -3.1212075e-01   2.8071923e-01  -1.6610552e-01   3.3229195e-01  -8.3942830e-02  -1.1443276e-02  -2.2736105e-01   4.4675140e-01  -4.6589051e-01   2.5854785e-01   1.5211492e-01  -4.7299107e-01  -2.6939930e-01   3.9245735e-01  -2.4010149e-01  -1.5881243e-01   3.5919855e-01   1.7853355e-01  -3.2338150e-01  -4.9753462e-01  -1.9239888e-01  -2.6220978e-01   8.0454092e-01   2.6503339e-01  -2.3309225e-01   4.2375175e-01
  -2.6260335e-01   2.2599755e-01  -1.0521780e-01   9.1749281e-02   3.2766889e-01  -1.7508044e-01   0.0000000e+00  -1.2540574e-01   2.2942086e-01   4.7654791e-01  -3.5595847e-02   9.5441773e-02  -8.1377099e-02  -4.7216040e-01  -2.4019858e-01   4.0478672e-02  -1.4393953e-01   9.2828192e-02  -8.5703331e-02   3.0282163e-01   1.7063658e-01  -6.9353353e-02   1.8317343e-01  -4.0318140e-01  -7.6195083e-02  -2.6077938e-01   3.0546124e-01  -2.7284812e-01  -1.1688843e-01   6.9090757e-03   2.9048253e-01   6.4472425e-02  -1.8850015e-01   7.2471530e-01   6.7226615e-02   3.3571946e-01   4.8094292e-01  -4.2918287e-02   3.8934161e-02   4.3054654e-01  -3.1865865e-02  -1.6658140e-01   4.2925995e-01  -2.6066290e-01   2.6755876e-01  -4.0671971e-01   4.9756220e-02   7.0348721e-01   1.1541603e-01   1.6309206e-01   1.7315635e-01  -6.1107903e-02   7.0235680e-01  -1.9617989e-01  -1.6685570e-01  -2.6872332e-01  -2.0551667e-01  -6.1863663e-02   1.7943815e-01  -1.8885968e-01  -1.1250551e-01   2.8531782e-01   3.2776624e-01   4.1613784e-01   4.4360812e-01   1.3284225e-01   6.3387626e-03   1.3215631e-01  -1.0136782e-01  -5.3087037e-01   6.9982453e-01   5.3673354e-02   1.5017386e-01  -3.7559345e-01   7.4150428e-02  -4.3012869e-02  -1.2147414e-01  -1.5784143e-01   2.7082087e-01  -1.4625842e-01   2.8351041e-01   8.3710970e-02   4.7535006e-01  -1.2651959e-01  -6.0559658e-01  -1.3711976e-01   4.7721096e-01  -3.3639405e-01   2.3711721e-01  -4.6752032e-01   5.0380187e-01  -1.4426658e-01   4.8713080e-01   2.4063473e-01  -1.9600336e-01   2.9603662e-01   2.0070393e-01  -3.9516480e-02   7.1130598e-02   3.0649169e-01   2.7554341e-01  -9.1592916e-02   1.2749596e-01   1.4566969e-01   1.6761687e-02   1.8590663e-01  -3.5906514e-02  -3.9444907e-02   5.0763104e-01   8.1501877e-02   3.1230194e-01   6.7006677e-04   1.3237528e-01  -4.4924931e-01  -3.5148953e-01   5.2043018e-01  -1.6029782e-01   2.3319844e-01  -4.3156201e-01  -2.5458351e-02  -4.2392161e-01   6.9335461e-01   3.2733116e-01   2.5485416e-01  -3.6667517e-01  -4.3761091e-01   2.3641966e-01   1.1738513e-01   1.6403911e-01  -4.1535282e-01   1.7629208e-01   6.8827025e-01  -3.0702162e-01   3.6959205e-01   2.0835702e-01   3.3797092e-02   1.5507997e-01   7.8129812e-01  -4.4122866e-02  -2.3921767e-01  -3.6469926e-01  -2.2203006e-01  -2.7578033e-01  -4.2212196e-01   2.5626450e-01   1.3183737e-01   4.7091585e-01   2.3576974e-01   3.9215395e-02   4.2997803e-01  -6.1597169e-01   3.5476282e-01  -4.8359061e-01   3.8682709e-01   4.9051638e-01  -2.4227651e-01  -3.8089450e-01   8.8302589e-02  -2.7228107e-01   3.7763028e-01   5.2086115e-02  -1.6325433e-01  -3.0872537e-02   1.2931677e-01  -1.7228461e-02   5.4006869e-01   5.1888733e-01  -4.0596844e-01  -4.6879084e-01   5.0393256e-01   5.3414471e-01  -2.2969902e-01   1.4690634e-01  -1.6506074e-01  -1.5914734e-02  -1.5898693e-01  -7.9752582e-02
  -2.8065982e-02   1.4563695e-01   1.7857502e-01  -1.8705707e-02  -1.9683582e-01   4.1390130e-01  -1.2540574e-01   0.0000000e+00   4.7484620e-01  -8.9287368e-02   9.7033953e-02   2.2950411e-01   1.7150403e-01   5.5837129e-02   3.2611128e-01  -2.7888314e-02   7.3911642e-02  -2.8901255e-01   5.6621648e-01  -2.6232728e-01  -2.7150045e-01   1.6798258e-01  -1.1680496e-01  -2.9991970e-01   3.9233071e-01   6.8145676e-01  -1.5512733e-01   5.4129016e-03   2.0820151e-01   1.2930024e-01   2.4840497e-01   3.5870822e-01   9.4281288e-02  -9.0476300e-03  -2.5925966e-01  -2.2087825e-01  -2.4573241e-01  -3.2662169e-01   1.0552954e-01   2.5548482e-01   3.1889479e-01  -3.8955207e-03  -1.4198485e-01   5.6739925e-01  -1.8685989e-01   8.6632922e-02  -1.6610717e-02  -8.2450134e-02  -1.3790758e-01   2.6556163e-02  -1.4182707e-01   7.8028689e-01  -1.2585815e-01  -2.2935797e-02   1.4996108e-01   1.9081165e-01   3.8495649e-01   3.5423472e-01   1.9138035e-01   2.6454303e-01  -2.0688586e-01  -1.2236408e-01   2.0888393e-01   3.2584045e-01   2.4965690e-02  -1.4554404e-01   3.7455983e-01   1.4700752e-01   3.5557676e-01   1.5262756e-01   1.9486777e-01  -2.1555096e-01  -6.9203223e-02   2.9865740e-01   5.1652375e-02   5.2422448e-01  -3.4286556e-01   5.8103735e-01   3.3035429e-02   1.2379543e-02   7.9250064e-02   2.6135714e-02   1.5698140e-01   8.7291978e-01   2.7969648e-01   6.0939121e-01  -2.1240044e-02   6.5040350e-02   3.5262205e-01   9.6431780e-02   6.0364731e-02   7.9423022e-02  -1.1969280e-01   2.9104712e-01  -5.7030418e-01  -2.5347991e-02   2.7141597e-01   4.0266235e-01   1.9204767e-01  -4.4284120e-02   3.0727377e-01   5.1967779e-01   8.2252623e-02   2.0177646e-01   1.6324250e-01   3.1760722e-01  -1.8905376e-01   5.7002734e-01  -2.5972799e-01  -3.8091763e-01  -1.0791391e-01  -1.0365376e-01  -2.2310334e-01   6.0440669e-02   1.1814608e-01   7.6798531e-02   5.0472162e-01   2.2165901e-01   7.1185308e-04   1.8683954e-01  -2.8022706e-01  -2.5533086e-01   5.0585419e-02  -5.0431669e-02   1.8443632e-01   2.7228040e-01  -2.6855748e-01  -2.2793213e-01   1.1185677e-02   3.0693261e-02   2.6547113e-01  -3.8472848e-02   4.6248882e-01  -2.9759732e-01   3.6258185e-01   7.6906523e-01  -1.5928951e-01   2.9508198e-03   7.0585925e-01  -2.7004286e-01  -1.0037176e-01  -2.7096657e-01   3.1859881e-01  -2.7335332e-01   2.0233833e-01   2.8774633e-01   9.2675488e-02  -2.2500697e-01  -2.1482632e-01  -1.3457102e-01   1.3253601e-01   1.5613409e-01  -3.3746357e-02   1.5806632e-01  -5.3615150e-02  -3.0690120e-01  -4.5420392e-01   4.0261002e-02  -2.5406277e-02  -1.8529937e-01   4.9022040e-01   5.9060124e-01  -3.1276590e-01  -1.3381636e-01   4.3686424e-01   1.2026786e-01  -3.4595063e-02   8.6437973e-02  -3.2270000e-01  -2.4563600e-01  -4.1819153e-01  -4.9670727e-01  -3.5191189e-01   7.1483622e-02   3.2638697e-01  -8.3456870e-02   3.1044680e-01
  -1.0831726e-01   3.1865153e-01  -4.8811891e-04   1.0848200e-01   9.4656801e-02   3.0654893e-03   2.2942086e-01   4.7484620e-01   0.0000000e+00   4.8673319e-02   6.3123629e-02   1.9189253e-01   1.8377751e-01  -6.8134136e-02   5.0285317e-02  -3.2867871e-01  -4.9166848e-02  -1.2278165e-01   2.1952675e-01   1.2638699e-02  -1.1591373e-01   3.3398595e-01  -8.7887088e-02  -3.1869848e-01   2.9131813e-01   1.7069463e-01  -7.8982349e-02  -2.7377750e-01   3.3830340e-01   3.7601534e-01   5.3627523e-01   4.9152879e-01  -2.0488725e-01   8.9971201e-02  -2.5534237e-02   6.6932413e-02   1.0022823e-01  -3.1046714e-01  -1.9400620e-01   3.9791450e-01   2.3785709e-01  -2.2754594e-01   1.4503101e-01   1.4433573e-04   1.4322713e-01  -2.0463540e-01   9.4554239e-02   2.7299057e-01  -1.1365100e-02   2.1219173e-01   8.1348288e-04   4.3003195e-01   2.1147454e-01  -2.9254992e-02   2.3966024e-01  -3.0233174e-01   2.4062414e-02   2.9864430e-01   3.1316271e-01   6.2009221e-02  -1.8259508e-01  -2.1660495e-02   6.9411042e-01   4.4149273e-01   5.0208740e-01  -1.8960054e-01   1.3008159e-01   1.6198977e-01   3.1051825e-01  -3.0310488e-01   6.2988777e-01  -1.0123710e-01   5.9455991e-02  -7.7204829e-02  -5.4889021e-02   4.2672885e-01  -3.4886612e-01   5.5119330e-02   3.8482590e-01  -4.4417766e-02  -3.7959783e-02  -7.4102082e-02   2.9757967e-01   3.9367589e-01  -2.5664382e-01   4.4077051e-01   5.7978130e-01  -6.6426134e-02   4.6414635e-01  -2.3632151e-01   4.6637975e-01  -7.0785154e-02  -1.4162362e-01   6.0741278e-01  -4.9253828e-01   8.9055975e-02   2.7564894e-01   1.3659629e-01   2.2497548e-01   1.8049448e-01   4.8040360e-01   1.9843315e-01   1.5380893e-01   3.2281866e-01   2.9342021e-01   4.4219484e-01  -2.3165333e-01   3.2251613e-01   7.0627581e-03  -4.3983829e-01  -1.9448204e-01  -2.6534715e-01  -1.0529512e-01  -2.8427794e-01  -1.6645816e-01   5.4810409e-01   9.7949469e-02   2.3057930e-01  -3.1893841e-01   2.6293465e-01  -5.5636833e-01   2.0722628e-01   1.2047891e-01   4.1592878e-01  -2.0251122e-01   9.4245230e-03   7.9186851e-03  -2.3068589e-01   3.1470411e-01  -3.1312565e-01   2.0789355e-01   4.2023362e-01   5.8086553e-02   2.2769514e-01   5.3141628e-01   5.2444424e-01  -1.1592608e-01   4.2322968e-01   4.5457570e-01  -3.1811011e-01  -1.8169100e-01  -4.7774881e-02  -7.8321605e-02  -5.5233753e-01   2.4704532e-01   5.3976029e-01   1.9996986e-01  -4.4880894e-02  -3.5702168e-01   1.7945458e-01  -2.4605628e-01   1.3531842e-01  -2.7800512e-01   2.1719077e-01   5.1233296e-02  -2.8638453e-01  -5.7717579e-01   1.5690497e-01  -9.9710819e-02  -9.8366206e-02   3.6312872e-01   3.7162012e-01  -2.9285957e-01   1.1576069e-01   2.8624430e-01   1.5175798e-01  -9.5946729e-02  -2.5827782e-01  -4.1367134e-01  -7.4665578e-02  -2.6473033e-01  -4.2231743e-01  -1.4412045e-01  -1.5124404e-01   1.0439895e-01  -1.6735667e-01   1.1661292e-01
  -2.7628789e-01  -2.2513156e-01  -8.7159611e-02   3.9587751e-01   4.0485003e-01  -2.7818016e-01   4.7654791e-01  -8.9287368e-02   4.8673319e-02   0.0000000e+00  -1.3460223e-02  -2.7190803e-01   1.7742574e-01  -3.4035872e-01  -1.0139357e-01   5.2228922e-02  -1.5493506e-01   3.1477731e-01  -1.5398476e-01   5.0185757e-01   4.4117665e-01   3.5675566e-02   7.6816854e-01  -3.9145810e-01  -1.4661615e-01  -2.5147737e-01   2.6327369e-01  -1.7165491e-01  -4.9985980e-02  -2.1958196e-01   1.0254878e-01   1.0976976e-01  -5.2844938e-02   6.1661060e-01  -1.0907203e-01   4.5221353e-01   4.7559176e-01  -6.4026994e-02   5.1849061e-02   1.0460284e-01   7.3851479e-02  -3.0873803e-02   2.8486985e-01  -2.0401708e-01   8.4433941e-02  -8.9708732e-02   2.4463170e-01   4.0865567e-01   2.6087849e-01   5.8299230e-02   3.2609562e-01  -3.4185718e-02   4.5843394e-01  -9.7253230e-02  -1.4639163e-01  -1.9833611e-01  -2.2731673e-01   3.1086188e-02   2.4206263e-01  -3.9388998e-01   7.7409886e-02   2.2808971e-01   1.0213718e-01   2.8148047e-01   3.8339844e-01   7.4997046e-01  -1.3545830e-01   3.4925400e-01   6.5418907e-03  -2.5553390e-01   1.8797069e-01   1.8536991e-01   1.5284123e-01  -3.5251885e-01  -3.3218825e-02  -2.7054081e-01   7.2027375e-02  -1.1081115e-01  -2.4483275e-02  -2.0281740e-02   1.0057990e-01   1.3787634e-01   2.1069583e-01  -1.3196784e-01  -3.9616934e-01  -2.3152881e-01   9.2988480e-02  -4.4273596e-01   1.1772469e-01  -4.0027735e-01   1.2961106e-01  -3.7932489e-02   4.6451452e-01  -8.8289031e-02  -1.8652342e-02   3.2432595e-01   1.0577307e-01  -3.2200215e-01   1.4304518e-01   6.1664231e-01   1.2510951e-01  -2.1850094e-02   1.1055834e-01  -1.2495210e-01   2.2566241e-01   2.0066409e-01   1.6539019e-01  -2.2826722e-01   4.0404221e-01   3.3589880e-01   1.7800142e-01  -3.0723406e-02   2.8739908e-01  -3.3164232e-01  -2.6833025e-01   2.3909341e-01  -1.4541358e-01   3.6404201e-01  -9.9313521e-02   1.1865431e-01  -1.9597284e-01   3.7181879e-01   3.5384908e-02   1.5801393e-01  -1.2103879e-01  -5.5500521e-01   9.2446089e-02   2.0829955e-01   3.0666934e-01  -1.3340378e-01   1.0914311e-01   4.2435623e-01  -3.2953820e-01   3.7209896e-01   1.5200170e-01  -1.4036562e-01   2.1063103e-01   3.8462006e-01  -8.3344788e-02  -2.5638506e-01  -3.1303716e-01  -1.3334117e-01  -2.0976256e-01  -2.0461644e-01   2.7362504e-01  -4.4937189e-02   9.3802617e-02   2.5627651e-01   5.1789114e-01   5.4977757e-01  -3.8851396e-01   2.9622684e-01  -1.4423407e-01   2.2208969e-01   2.1841844e-01  -3.0470150e-01  -1.2699167e-01   1.9683556e-01  -6.6162086e-02   3.4878336e-01  -2.0610771e-01  -2.6243600e-01   2.7242991e-01   2.5335301e-01  -3.7340837e-02   4.3659727e-01   3.4164909e-01  -3.0002176e-01  -1.2115857e-01   4.9104109e-01   5.2851081e-01  -2.1631632e-01   3.0518082e-01  -3.0397264e-01  -4.9451204e-02  -6.1813822e-02   4.9320559e-02
  -1.1578865e-03   6.8629209e-04  -1.0580169e-02   2.1216022e-01   2.7226814e-01  -1.0696103e-01  -3.5595847e-02   9.7033953e-02   6.3123629e-02  -1.3460223e-02   0.0000000e+00   4.3458289e-02   1.7570694e-01   6.3716490e-02   1.8741487e-01  -3.6554972e-02  -4.3361632e-02   3.5554622e-01   2.8133829e-02   3.2393941e-02   2.2829718e-01   2.4239487e-01   2.9086910e-01  -3.3865898e-01   8.5936198e-02   9.6123607e-02   1.5531803e-02  -5.4186487e-02  -7.9865595e-02   4.1672496e-01   2.1031545e-01   3.0653135e-01  -9.0804081e-02   1.8131120e-01   9.6259889e-02   4.6375104e-01   1.5625112e-01  -3.7927992e-02   3.5801049e-02  -1.6657572e-01   1.7087106e-01  -1.4534247e-01  -2.3532638e-01   1.9345595e-01   2.5902672e-01   5.5167447e-02   4.6442497e-01   2.8799393e-01  -1.0399426e-02  -8.8924969e-02   3.6094447e-01   3.6853058e-02   3.0733097e-01  -2.4864266e-01  -1.2486889e-01   1.6451348e-01  -6.2636724e-02   3.5194483e-01   3.6594358e-01   1.0677552e-01   4.7119549e-02  -1.5019969e-02   5.3224157e-02   3.7751637e-01   1.0266533e-01   2.7591075e-01  -5.1819189e-02  -1.4830767e-01   2.9217647e-01  -2.9432276e-02  -1.3093020e-02   5.1540450e-03   1.0308555e-01   4.7530086e-02  -1.5750441e-01  -5.6025801e-02   2.5626904e-02   8.2228677e-02   9.0092880e-02  -1.5145707e-01   1.0389864e-01   2.3541743e-01   1.4455038e-01   4.5181232e-02   1.5751921e-02   1.5861016e-02  -4.0579244e-03  -1.7350658e-01   5.1994386e-02  -4.9577931e-02   2.7472381e-01  -4.1889354e-02   1.0051682e-01  -1.3807824e-01  -7.7334824e-02   5.0928242e-04   1.5177407e-01  -1.4481363e-01  -9.7049377e-02   9.2552721e-02  -4.4419710e-02   3.4169528e-01   2.2937190e-01   1.8365417e-01   2.3930831e-01   2.7081957e-01  -1.0574992e-01  -9.8598386e-02   8.6782986e-02   2.6998163e-01   1.9975991e-01   2.7386160e-01  -1.3427283e-01  -3.3088792e-02  -1.9725776e-01  -3.1330724e-02   1.7266138e-01   2.3464556e-01  -1.4740731e-01   3.1805761e-01  -1.5887180e-01  -1.1335203e-03  -3.3096993e-01   4.2225242e-01   2.6905680e-02  -1.1046464e-01   2.6135070e-01  -1.7492898e-01   1.8445899e-01  -5.0304995e-02   1.9172736e-01   2.9927329e-01   1.4085256e-02   1.8696501e-01  -1.1709138e-01   3.5227173e-02  -1.4248017e-01   2.9358015e-04   1.6477689e-01  -6.9017622e-02  -2.4153402e-02   4.3282541e-02   5.6346244e-01  -1.0925773e-01   2.2191303e-01   3.3970398e-01  -7.9253165e-02   4.3267745e-01   3.0648683e-01   1.1595154e-01  -5.1769009e-02   1.9507992e-01  -1.3205429e-01   5.4788252e-01  -1.6391008e-01  -8.3003258e-02  -7.1371384e-02   3.7456427e-01   1.1688213e-02   2.8200034e-01  -3.7499406e-02   4.0170088e-01   2.6222755e-01   3.0925644e-01   2.3303609e-01   6.8752044e-02   2.5514166e-01  -4.2345087e-02  -9.9167819e-03   2.5765983e-01   6.3893442e-02  -1.9844483e-01  -1.3271570e-03  -1.1704563e-01  -1.2890057e-01  -4.5087847e-02   1.0861466e-01
   2.6320908e-01   8.5199872e-01   4.8918412e-01  -2.8162901e-01   6.6447084e-04   5.9900963e-01   9.5441773e-02   2.2950411e-01   1.9189253e-01  -2.7190803e-01   4.3458289e-02   0.0000000e+00  -2.2561004e-01   4.4938383e-02   1.9008027e-01  -3.8302686e-01   5.1065763e-01  -2.4960212e-01   4.6686491e-01  -1.4373528e-01  -5.2450603e-01   1.0923649e-01  -4.5089853e-01   1.0953659e-01   2.8428968e-01   2.6432804e-01  -1.0492068e-01   8.7994979e-02  -6.2007184e-02   3.2831538e-01   1.0673256e-01   2.3296122e-01  -3.5371841e-01  -9.3993939e-02   3.3394416e-01  -1.9651504e-01  -4.0136396e-01   1.6121553e-01  -3.9986060e-01   4.5930098e-01  -2.6716503e-01  -2.6634414e-01   7.3433504e-02   2.3778795e-01  -2.9303655e-01   7.4748284e-02  -4.5499469e-01  -1.7581309e-01  -5.7520025e-01   3.4442436e-01  -3.2881784e-01   9.3130936e-02  -1.3103098e-01   2.0429985e-02   1.3902573e-01   7.3730934e-02   5.7477230e-01  -5.4865940e-02  -2.5713586e-01   6.5670893e-01   1.5195075e-01  -3.3150950e-02   2.3401370e-01   3.8811859e-02  -3.3563400e-01  -4.2854705e-01   5.6888875e-01  -2.4343582e-02   2.3139627e-01   7.7734470e-02   3.5604310e-01  -3.2129806e-01  -3.3836253e-01   6.0532628e-01   1.7063238e-01   4.7968888e-01   1.2070339e-01   1.0508739e-01   3.8162864e-01  -2.6599400e-01   1.0775490e-01  -3.0630081e-01   1.2220861e-01   2.8281230e-01   2.9976080e-01   3.8691568e-01   1.0749609e-01   2.3341770e-01   4.8473922e-01   2.5912793e-01   5.8117503e-02   2.0522482e-01  -1.0283258e-02   5.2547508e-01  -1.1167283e-01  -3.3658791e-02   2.1220822e-01   4.9656690e-01  -3.1722554e-01  -4.2918649e-01   2.2826985e-01   9.2145150e-02  -1.7648527e-01   6.0076611e-01  -2.2005156e-01   2.6673329e-01  -8.0541513e-02   4.2450263e-01  -2.8389504e-01  -3.4882770e-01   1.8524337e-01   2.1179836e-02  -1.1691030e-01   7.9093829e-02   2.3075825e-01   1.2694906e-01   3.6548895e-02  -2.1944942e-01  -1.0657326e-01  -3.3506282e-01   2.0624119e-02   9.1720284e-02   5.9742660e-01   8.0117732e-03   2.1981209e-01   5.2413009e-01  -1.3901050e-01  -2.8529348e-02   2.1487863e-02   6.2427564e-02  -3.8629719e-01  -2.0427769e-01   6.4095914e-01  -1.8933096e-01   1.7917971e-01   3.9645161e-01  -8.4440412e-02  -5.6897642e-02   2.1774870e-01  -1.0798141e-02   2.3757016e-01  -2.1106385e-01   1.3824134e-01  -7.1445553e-02   2.2647025e-01   1.2283819e-01   4.3001821e-01  -2.4164051e-01  -4.5492322e-01  -3.6390729e-01   1.1852532e-01  -2.4273742e-01  -1.5779503e-01  -1.2225068e-01   2.4084888e-01   2.5864225e-03  -1.1614568e-01  -2.4334729e-01   5.9468085e-02  -3.5381233e-01   4.6771413e-01   1.2807695e-01  -5.2152506e-01  -7.4199805e-02   3.8348005e-01  -1.6687839e-01  -1.5172393e-01   2.3149851e-01  -1.3974892e-01  -2.8080187e-01  -3.2269334e-01  -6.5560955e-02  -3.7982049e-01   4.8215916e-01   8.5973392e-02  -5.5561074e-01   1.8411644e-01
  -5.6387925e-02  -2.5490144e-01  -1.7376591e-02   1.4394610e-01   1.1481296e-01  -1.7579838e-01  -8.1377099e-02   1.7150403e-01   1.8377751e-01   1.7742574e-01   1.7570694e-01  -2.2561004e-01   0.0000000e+00  -2.4012347e-01  -1.2094751e-01   1.2772155e-01  -9.8418954e-02   8.0705912e-02  -3.6919914e-02   8.4477388e-02   1.9285766e-01   5.7991918e-02   2.1805852e-01  -1.6255803e-01   1.2850456e-02  -1.5438054e-01   4.1674886e-02  -4.0710097e-01   2.3060354e-01  -3.7583348e-03  -7.8502381e-03   4.5815952e-02  -1.9921363e-02   5.8935132e-02  -2.1245156e-01   2.0974995e-01   1.3320326e-01  -3.6479695e-02   1.8564058e-01  -7.2280428e-02   7.4060514e-01  -4.7417335e-02  -6.9592553e-02  -1.1713811e-01   1.5943697e-01   1.7243457e-01   3.0620355e-01   1.0960404e-01   1.1338858e-01  -5.3521806e-02   6.3939818e-02   4.0913499e-02   8.6169541e-02  -8.6066326e-02  -1.3195527e-01  -1.7327737e-01  -9.9130428e-02   7.9002206e-02   3.3452083e-01  -2.4986457e-01  -7.1615598e-02  -2.2905729e-01   1.6977867e-01   1.0306066e-01   2.4304901e-01   2.0888720e-01  -1.8482271e-01  -4.8182941e-02  -5.8037620e-02   7.7876658e-02  -2.4969838e-02   8.7233186e-02   3.7153554e-01  -1.1774439e-01  -1.9644472e-01  -1.3718934e-01   6.4466723e-03  -1.9110929e-03   2.6281655e-02   1.3256148e-01  -2.0593838e-01   2.7515590e-01  -3.0813175e-02   2.2086911e-02  -7.5078759e-02  -1.1020896e-01  -5.7661773e-02  -1.9897633e-01   2.9246018e-02  -1.0318017e-01   2.0119388e-01  -8.0284804e-02   4.3482725e-02  -1.2481745e-02  -7.4627620e-02   1.2863572e-01   1.7649516e-01  -2.6308263e-01   1.4817970e-01   2.9991298e-01  -4.1600349e-03   1.0767625e-01   3.6802614e-02  -1.8637053e-01   2.1109472e-01  -1.5744033e-02   1.9557897e-02  -2.3521437e-01  -1.0930655e-01   8.4789057e-02  -1.6501985e-01  -1.2188781e-01   2.9986517e-02  -2.0767447e-03  -3.1089085e-01   5.7154157e-02   5.9395923e-03   5.4051032e-01  -1.8188885e-01   3.7431391e-01   4.7331653e-02  -2.0203063e-02  -3.1236455e-01   1.8105442e-01   1.3416023e-01  -2.4913944e-01   1.0236368e-01  -1.7578044e-01   1.8366022e-01   5.5525862e-02   3.2376900e-01   1.4325319e-01  -1.9130002e-01   1.5026803e-01   1.4936012e-01  -7.1416435e-02   2.0282576e-02  -2.3656660e-02   4.4257547e-03  -7.1087976e-02   1.0578289e-01   3.6832852e-01   4.2887178e-02  -4.5271412e-02   4.5547184e-02   3.1954586e-02  -1.6666548e-01   3.2793474e-01   1.4569738e-01   1.9131644e-01  -1.0936192e-01   4.1547232e-03   5.5418345e-02   1.8191762e-01  -8.9147174e-02  -5.0889826e-02   1.0814815e-02   3.5400639e-01   5.1223463e-03   4.2239950e-02  -1.0414632e-01   1.8175996e-01   1.2123739e-01   6.3647604e-02  -6.5775379e-02   4.6487848e-02   2.1134752e-02  -3.5795699e-01   8.4304335e-02   1.3910770e-02  -5.4965267e-02  -1.0310321e-01   4.5512081e-02  -1.7917261e-01  -1.2995727e-01   2.5644891e-01  -1.5979594e-01
   3.4261222e-01   6.5853396e-02  -7.1017574e-02   8.6495017e-02  -3.4570868e-01   7.6386270e-02  -4.7216040e-01   5.5837129e-02  -6.8134136e-02  -3.4035872e-01   6.3716490e-02   4.4938383e-02  -2.4012347e-01   0.0000000e+00   6.4238658e-01  -4.0217904e-01  -3.0267296e-02   8.5302703e-02   4.3858014e-02  -3.1364061e-01   1.5769115e-01   3.0314203e-01   2.4838503e-03   1.3434957e-01   1.4042046e-01   2.6435218e-01  -4.0359050e-01   6.4061269e-01   1.9154474e-01   3.1374864e-01   2.5312057e-01   6.8138467e-02  -1.9346670e-01  -2.9403375e-01   2.5406227e-01  -2.8260526e-01  -2.0156437e-01  -2.5063249e-02  -3.8856405e-01  -4.5317117e-01  -2.2627246e-01  -2.2631698e-01  -2.1588183e-01   3.8951116e-01   2.3772818e-02   3.1954544e-02   5.0474324e-03  -1.4010993e-01  -1.6287751e-01  -5.0806311e-01   2.5038450e-01   1.6607453e-01  -1.8758339e-01   5.2514578e-02   6.4994668e-01   3.7591994e-01  -4.9308281e-03   2.9871415e-01   9.5561963e-02   4.6627947e-01  -2.4379203e-02  -1.1075911e-01  -1.6284559e-01   9.4447630e-02  -1.3669006e-01  -1.0055643e-01   1.3874364e-01  -1.0452974e-01   2.1622390e-01   9.1307554e-02  -3.3778312e-01   1.1493089e-01  -2.7989263e-01   4.0550256e-01  -1.5350007e-01   2.8559476e-01  -1.1143283e-01   1.0565600e-01  -3.8988618e-01  -2.2277094e-01   4.1070912e-01  -1.9227060e-01  -5.1074767e-02   1.6671326e-01   5.4516280e-01   3.6883503e-01   6.3815640e-02   3.8275370e-01  -8.9682920e-02   4.0220832e-01  -4.7023297e-01  -5.7640683e-02  -2.5362814e-01   1.4780288e-01  -1.3587887e-01  -4.6180851e-01   3.3930083e-02   7.7951971e-02  -1.3483468e-01   4.8529919e-02  -1.4540468e-01   4.8260681e-01   4.5889547e-01   3.2584598e-01   1.2803636e-01   4.5033778e-02  -1.9909034e-01   1.4530079e-01  -1.5675340e-01   5.9539561e-02  -5.4539561e-02   4.1960466e-01  -1.0678394e-01   2.9534308e-01   5.5269596e-01  -3.7973326e-01   2.7609273e-03  -2.3601361e-01   4.8784884e-01   1.6026764e-01  -8.7276400e-02  -5.0779724e-01  -1.9585433e-01  -3.2140547e-02   9.3269337e-02   5.9473433e-01   1.3973336e-01  -1.4072670e-01   3.4595367e-02   6.6749431e-02  -2.8312757e-01  -2.7843560e-01   4.7427116e-01  -7.8683887e-02   1.3471590e-01   1.9099803e-01  -1.9571847e-01  -1.9591352e-01   2.8830665e-01  -3.5766569e-02   2.2809841e-01  -8.0421803e-02   2.7171639e-01  -7.9556803e-02   2.9044474e-01   2.8832733e-01  -2.1055170e-01  -4.6561748e-01  -1.1073280e-02   8.4878840e-02   5.3903654e-01   2.8594142e-01   2.8850621e-02  -7.0766174e-03  -6.0453986e-01  -3.4106449e-02  -9.7441111e-02   3.1683831e-04  -3.8162410e-02   1.8409439e-01  -4.2156194e-02   1.8583409e-01  -2.2971709e-02   2.2622720e-01   7.2720565e-02  -3.2556691e-01  -2.4742641e-01   6.2935295e-01   1.3438623e-01  -8.8000156e-02  -2.9952057e-01  -1.6647736e-01  -9.0575555e-02  -5.7793677e-02  -8.7419629e-02  -1.9005075e-01   7.5722298e-02
