   0.0000000e+00  -4.2724715e-01  -2.8538885e-01   1.0787632e-01  -3.7532367e-01   1.0119219e-01  -5.7684874e-01  -8.2625115e-02   3.0502873e-02  -3.9741437e-01  -4.4893529e-02  -3.4811985e-01   8.8352630e-03   4.4098577e-01   3.3139011e-01  -1.2945353e-01  -2.4783145e-01   1.6106463e-01  -1.0683483e-01  -4.1221186e-01   1.4164648e-01   2.5775160e-01   1.2810777e-01   4.9389564e-01   1.7476680e-01   1.2846756e-01  -3.0240094e-01   5.8407748e-01  -1.5490877e-02   1.5101031e-01  -1.8136768e-01  -7.9011132e-02   1.2450496e-01  -4.7021033e-01   3.6934657e-01  -2.8619170e-01  -2.7948976e-01   4.1269806e-01  -2.6911926e-01  -3.9423003e-01  -9.6223221e-02   1.4209603e-01  -5.3704107e-01  -3.8028182e-01  -1.6320651e-01   5.9618150e-01   5.6847432e-02  -4.1189575e-01   3.9034846e-02  -4.1622508e-01   3.4865493e-01   4.8803922e-02  -4.4629458e-01   2.4271282e-01   3.6411270e-01   2.7912963e-01   2.5779826e-01   4.4152703e-01   5.3396497e-03   3.0185758e-01   3.3428771e-01  -2.8511429e-01  -1.3770663e-01  -3.7537425e-01  -3.5871477e-01  -1.6410514e-01   1.7033799e-01   1.6859724e-01   1.7604181e-01   3.8132330e-01  -4.3868872e-01   1.3413603e-01  -2.9768777e-01   8.1115624e-01  -1.3622377e-01   2.9739738e-01   3.4666921e-01   5.6346968e-02  -4.0693040e-01  -1.1980780e-01   1.9276541e-01  -1.9365509e-01  -4.4341302e-01   1.1151768e-01   3.7709592e-01   4.1492602e-01  -1.7775532e-01   5.2988934e-01  -2.4458346e-01   5.1849941e-01  -3.7832211e-01   2.3471968e-01  -1.7719253e-01   1.5725546e-01   5.0654271e-01  -3.6905422e-01  -1.2132098e-01  -2.1057742e-02  -3.9071336e-01  -4.5926658e-02  -2.9404051e-01   2.7211219e-01   1.2392028e-01   4.0357881e-01   3.5806413e-01  -3.7682267e-02  -2.4165290e-01  -1.2445889e-02  -4.1916659e-01   1.3745376e-02  -4.9423341e-01   2.5693820e-01   8.7251168e-03   7.6524979e-01   1.2366817e-02  -3.8203206e-01   7.1633891e-02  -1.1282977e-01   3.7591030e-01   1.8527934e-02   4.8503012e-01  -3.5384328e-01  -3.2330380e-01  -7.5709004e-02   5.1955302e-01   7.5935169e-01   4.1941365e-01  -7.2504487e-02   3.1331201e-01  -7.5468077e-02  -9.8305873e-02  -3.4098868e-01   3.5431851e-01   2.1902322e-02   7.3584137e-02   2.4061259e-01  -2.4494545e-01   4.6073274e-02   3.3982591e-01   5.3999605e-01   5.0798934e-01  -9.9327509e-02   3.7273191e-01  -2.5766391e-01   2.9151462e-01   6.5759528e-02  -5.2405232e-01  -2.6023036e-01   2.5097266e-01  -4.4494279e-01   6.4519151e-01  -3.6683550e-02   6.3787864e-01  -2.5766811e-01  -3.1189584e-01   3.7752887e-01   6.4726719e-01   1.1115933e-01   1.4975238e-01   2.5970267e-01  -3.0177166e-02  -1.0170361e-01  -4.2408181e-01   2.4455948e-01   8.5584025e-02  -3.9640387e-01  -3.1574142e-01   6.1671299e-01   6.4469176e-01  -3.7377871e-01  -3.6273538e-01   3.5946309e-01  -2.1497003e-02   9.9031707e-02   4.7055329e-02  -1.9671981e-01   1.7729413e-01
  -4.2724715e-01   0.0000000e+00   6.1538679e-01  -3.0294202e-01   6.0863378e-01  -2.4619291e-01   4.5741158e-01  -8.7597334e-02   1.0367340e-01   2.0105311e-01  -1.8660203e-01   6.4062191e-01  -1.2890639e-01  -4.9620982e-01  -5.5492370e-01  -1.2395401e-01   5.8295840e-01  -5.0118728e-01  -2.3169028e-02   4.8682273e-01  -5.7828933e-01  -5.4592742e-01  -4.5608972e-01  -8.5890079e-02  -7.5070397e-02  -3.1980764e-01   2.8093170e-01  -3.8058447e-01   1.4239830e-01  -2.1246585e-01   1.3503614e-01   2.5116810e-02   1.4797865e-03   2.4519659e-01  -5.0706795e-01   2.7134129e-01  -2.7586493e-02  -1.8062738e-01   2.0001058e-01   6.2349786e-01   2.6298796e-02   1.5969358e-02   5.2510998e-01   1.8226778e-01   2.1111141e-01  -1.8734232e-01  -4.2420733e-01   3.4311866e-01  -1.6911842e-01   6.5255196e-01  -6.2902400e-01  -7.1633151e-02   4.7319398e-02   8.1909941e-02  -2.8917325e-01  -5.6913948e-01  -4.6350281e-01  -6.1909844e-01  -3.4236619e-01  -1.8236095e-01  -1.0353762e-01   7.4089599e-02   6.2567656e-01   6.2597147e-01   6.9334719e-01  -9.2965660e-02  -3.2914082e-01  -3.5587353e-02  -5.2008423e-01   1.4202155e-01   8.0858462e-01  -3.5102821e-01   3.8176164e-01  -4.1580498e-01   3.5827406e-01  -3.3941411e-01  -5.9336545e-02  -3.2483021e-01   7.7482511e-01   8.1408898e-02  -4.4223613e-01   1.6096053e-01   4.8270119e-01  -4.1167360e-01  -2.2421865e-01  -4.4087494e-01   4.2508152e-01  -1.6295111e-01   6.2683156e-01   1.1754165e-02   7.7963460e-01   2.8328053e-02  -2.5271942e-01  -1.3428297e-01  -1.9828305e-01   6.0852480e-01  -5.8217410e-02  -2.3900644e-01   1.7612909e-01  -2.2316361e-01   3.9629182e-01  -1.0380470e-01  -6.1816161e-01  -3.9454950e-01  -4.8338215e-01  -5.0601810e-02   5.1592943e-01  -3.1127308e-01   1.6588015e-01  -2.1475381e-01   4.1404106e-01  -3.6616450e-01  -1.3075718e-01  -3.5421251e-01  -1.7296007e-01   7.0216751e-01  -3.1737978e-01   6.0154948e-02  -4.9581373e-01  -1.9808800e-01  -1.7203281e-01   7.0544233e-01   6.9368061e-01   4.3733580e-01  -3.0381547e-01  -5.3115424e-01  -4.5566957e-01   3.5813501e-01  -3.3988833e-01   1.5289743e-01   8.0328448e-02   2.8033013e-01  -3.0245479e-01  -5.1054196e-01  -2.2684765e-01  -2.4214483e-01   3.1140069e-01   5.8014788e-02  -4.8053102e-01  -1.0959592e-01  -1.4281354e-01   1.6887917e-01  -4.5073995e-01   1.9991238e-01  -5.2080799e-01  -4.0957254e-01   5.3237376e-01   3.3402212e-01  -6.9264686e-01   2.2682462e-01  -2.2930365e-01  -3.4368602e-01  -2.8863160e-01   6.1936093e-01   6.4494937e-01  -1.7593736e-02  -3.5201466e-01  -3.3556963e-01   9.6262437e-02  -6.3922393e-01  -1.4265144e-02   2.5973303e-01   3.1897683e-01  -4.1131947e-01  -2.8563279e-01   5.2299818e-01   5.4906158e-01  -2.7309998e-01  -3.0221772e-01   6.2405210e-01   4.2165858e-01  -1.3256722e-01  -1.2493835e-02  -2.4441808e-01   1.4103122e-01   2.8730330e-01  -3.8865790e-01
  -2.8538885e-01   6.1538679e-01   0.0000000e+00  -4.0056061e-01   6.5835997e-01  -1.1318132e-01   2.6692626e-01  -3.9230986e-02  -3.3197179e-02   1.4045786e-01  -5.8512286e-01   8.6262461e-01  -1.9417973e-01  -4.8729916e-01  -4.6848108e-01   1.4479136e-02   9.2431034e-01  -6.9247833e-01  -1.1160185e-01   5.4496018e-01  -5.2873491e-01  -4.9262748e-01  -5.2396628e-01  -1.2392773e-01  -3.9943227e-02  -4.2645286e-01   1.6471236e-02  -2.6006197e-01   4.0445415e-02  -6.0239291e-01   1.9673382e-01  -5.0059751e-02   3.1891665e-02   1.2281842e-01  -5.7999743e-01   2.2421574e-01  -1.3430925e-01  -1.8578919e-01   2.4877105e-01   8.5622466e-01  -7.7722113e-02   9.1704076e-03   4.9229744e-01  -5.3654502e-02   1.2460048e-01  -5.7287345e-02  -4.8325766e-01  -5.3977677e-02   3.7018832e-02   8.9339442e-01  -7.6704255e-01  -3.0261290e-01  -1.7746521e-01   3.5731613e-01  -2.2596501e-02  -5.4990402e-01  -5.0826603e-01  -5.7381608e-01  -4.3074284e-01  -1.6145139e-01   8.6969355e-02  -1.0999154e-01   5.7143492e-01   3.7955740e-02   1.7387556e-01  -3.3132901e-01  -2.3989993e-01   9.0479823e-02  -5.7738206e-01   3.5024762e-01   7.6674927e-01  -3.4753502e-01   3.0161236e-01  -3.1250237e-01   6.3481016e-01  -9.0772102e-02   6.9996732e-02  -3.3008121e-01   7.3296590e-01   1.7846567e-03  -4.9528924e-01   1.2202521e-01   4.6783276e-01  -4.6516588e-01   1.4075977e-01  -2.4873594e-01   6.6021835e-02  -1.2484520e-01   3.4134012e-01   5.2718743e-04   6.5056786e-01   4.2935138e-01  -1.7623879e-01  -2.4214594e-01  -1.8651843e-01   7.6523650e-01  -1.1454489e-01  -3.1603444e-01   2.2626280e-01  -4.4523660e-01   5.7801759e-01  -1.5005762e-01  -5.9159770e-01  -4.5339034e-01  -5.2667073e-01  -1.1542034e-02   7.2711497e-01  -4.6720458e-01   2.2194854e-01  -6.8469857e-02   4.3526284e-01  -4.2720014e-01  -3.7350848e-02  -2.7786418e-01   4.6947297e-02   6.8718690e-01  -4.2371061e-01   4.0606229e-02  -3.2630717e-01  -3.1519358e-01  -2.3811150e-01   8.0221926e-01   6.9022581e-01   4.9746239e-03  -1.9512351e-01  -4.6690751e-01  -6.8372098e-01   4.5494759e-01  -2.7613297e-01   2.4369829e-01   1.4612723e-01  -1.5000329e-01  -1.0595811e-01  -3.6250355e-01  -1.4384526e-01  -1.0780021e-01   4.0412674e-01   2.7468662e-02  -5.2464781e-01  -1.5361718e-01  -1.7557651e-01   2.8086331e-01  -6.0583771e-01   5.2119363e-01  -5.5633749e-01  -5.3871021e-01   7.2502194e-01   7.3830151e-02  -7.6451473e-01   1.2173256e-02  -1.4741150e-01  -3.1300664e-01  -2.3166824e-01   1.2845418e-01   9.3130779e-01  -8.2062820e-02  -3.8114819e-01  -3.1726143e-01   4.3327315e-01  -8.3926704e-01  -1.4899990e-02  -2.0024052e-01   3.3990007e-01  -5.8510964e-01  -2.7914970e-01   3.8619684e-01   7.2808905e-02  -2.9780507e-01  -2.9217776e-01   7.7786483e-01   3.6515182e-01  -1.3149036e-01  -2.0488280e-01  -7.0453001e-02   8.6104845e-02   2.5202578e-01  -3.6054133e-01
   1.0787632e-01  -3.0294202e-01  -4.0056061e-01   0.0000000e+00  -1.9433358e-01   5.1219254e-01  -2.7969087e-01   1.6109141e-01   2.2056614e-01  -8.4720807e-02   3.5191721e-01  -4.2250556e-01   4.1332926e-01   3.7025801e-01   5.6369613e-02   1.0831066e-01  -3.0117905e-01   4.8663359e-01   4.1837423e-01  -1.7580696e-01   3.4861290e-01   6.3389731e-01   3.3421270e-02  -8.8361414e-02  -8.2678716e-02   4.5160276e-01   3.5536393e-01   2.6476684e-02  -1.7816428e-01   4.3721018e-01  -1.4034605e-01   2.0208358e-01  -1.1147805e-01  -2.1230490e-01   3.8423977e-01   3.0788162e-02   1.2871179e-01  -1.5426483e-01   2.6474247e-01  -3.8605308e-01   3.2622043e-01  -8.0522122e-02  -2.8693364e-01   2.0461147e-01   9.4794546e-03  -2.1551083e-01   5.6913896e-01  -8.6803657e-02   1.6725265e-02  -4.0876934e-01   5.0571551e-01   1.1556861e-01   2.4581537e-01  -6.1166567e-03   2.8415294e-03   4.4071414e-01   5.4833472e-01   5.5956252e-01   7.0935646e-01   1.3591667e-01  -1.0705299e-01   1.0132464e-01  -1.5932048e-01  -3.3235341e-02  -7.6949718e-02   6.7348734e-02   5.3825816e-01  -2.3519362e-01   6.9081812e-01  -2.7071573e-01  -3.8613869e-01   4.7634222e-01  -1.1170388e-02   1.5140083e-01  -1.8733260e-01  -1.8558189e-02  -1.8920676e-01   5.0706170e-01  -2.7205229e-01   3.4259348e-01   7.8518679e-02   1.7667662e-01  -1.4689559e-01   4.8293517e-01  -3.7077002e-02   9.1478075e-02   5.5675815e-03  -2.1274444e-02  -1.6685748e-01  -2.3369592e-01  -3.1594438e-01  -1.0602392e-01   2.5117579e-01   1.6575358e-01  -1.0167074e-01  -3.8173742e-01   1.7320614e-01   5.6558174e-01   1.5467062e-01   2.2181499e-01  -2.5644679e-01  -6.7059963e-02   4.0582233e-01   3.7515993e-01   4.0512087e-01   2.3577640e-01  -1.0842441e-01   7.2033726e-01  -7.1014128e-02   3.8962522e-01  -2.4527336e-01   4.1737205e-01   1.4299405e-01  -5.0120187e-02  -1.7448934e-01  -3.3205925e-01   4.4522719e-01   1.6869657e-01   1.8861596e-01   7.6413543e-01  -6.0659819e-03  -3.2857814e-01  -2.8141559e-01  -4.9954586e-03  -1.5795270e-01   3.2200776e-01   3.0558283e-01  -1.0959381e-01   2.9045051e-01  -1.3909110e-01   4.7138398e-02   1.9090284e-02   3.2058114e-01   2.9541601e-02   2.8002550e-01  -1.6115803e-02  -5.0328368e-02  -1.3912524e-01   4.9196439e-01  -9.2103947e-02  -8.7732609e-02  -2.1609332e-01   2.6073990e-01  -1.8883382e-01   5.2092347e-02   1.7197022e-01  -4.0830928e-01   1.3491906e-01   3.1212413e-01  -3.7205353e-03  -1.4578053e-01   2.1261545e-01  -5.5743288e-02   7.0559914e-02  -3.8561827e-01  -1.2660199e-01   7.2549115e-02   6.8201190e-01  -1.8575304e-01   3.9099502e-01  -1.1118893e-01   1.6509597e-01  -1.4475957e-01   6.0017121e-01   5.9500183e-01  -1.7538897e-01  -3.4481729e-02   1.2670934e-01  -1.7583659e-03  -2.7250580e-01  -2.4564374e-01   5.8231458e-02   3.0744584e-01   4.3722710e-01  -2.4574704e-02  -1.0175249e-01   5.8005002e-01
  -3.7532367e-01   6.0863378e-01   6.5835997e-01  -1.9433358e-01   0.0000000e+00   1.6670981e-03   4.0190266e-01   6.1418368e-02  -1.1234840e-01   3.4544376e-01  -3.3982571e-01   6.2686680e-01   2.8013759e-02  -4.4413195e-01  -5.4361594e-01  -3.8703431e-03   6.2589577e-01  -5.1805247e-01  -1.0957755e-02   8.2540417e-01  -4.8631072e-01  -2.9795281e-01  -5.3380785e-01  -2.3498256e-01  -4.4487476e-02  -2.3930709e-01   4.3990558e-01  -3.8826129e-01   4.0127360e-02  -3.9153611e-01  -4.0858834e-02   3.2626589e-02  -1.1526755e-01   1.4057918e-01  -4.9319282e-01   5.5724280e-01   2.3383171e-01  -3.0757763e-01   3.7318492e-01   6.7113545e-01   1.3260613e-01  -2.8758647e-02   5.9870262e-01   1.4391656e-02   2.7120925e-01  -2.6139340e-01  -1.7457448e-01   6.7024361e-02  -9.8960247e-02   7.0443747e-01  -5.8634736e-01  -1.1831536e-01   4.2933450e-02   1.6749071e-01  -2.9708029e-01  -4.7416431e-01  -3.5702606e-01  -3.6212454e-01  -2.7463897e-01  -2.0867344e-01  -1.0366774e-01   2.2237800e-01   4.3969856e-01   2.0698458e-01   3.5731655e-01  -2.4669708e-02  -5.5419100e-02   2.1639323e-02  -3.6709697e-01   5.3232052e-02   6.3804306e-01  -2.6409847e-01   4.0733393e-01  -4.2598458e-01   4.2119078e-01  -3.3500392e-01  -2.1995471e-01  -2.1637990e-01   8.2722733e-01   1.3163221e-01  -5.2783966e-01   2.6446096e-01   3.1393123e-01  -1.9684166e-01  -1.5295140e-01  -3.8175895e-01  -8.6345724e-02  -2.3625871e-01   3.0148327e-01  -1.5084936e-01   7.9538340e-01   6.8015281e-02  -5.8873481e-02  -2.0683014e-01  -3.0301864e-01   7.6942450e-01  -5.5510846e-02  -1.8393935e-01   4.5365079e-01  -1.4321932e-01   2.0406892e-01  -2.2891753e-01  -4.2821826e-01  -4.9119987e-01  -4.1614662e-01   2.3126838e-02   5.0225677e-01  -1.9613152e-01   2.3926787e-01   1.0132404e-01   4.1720211e-01  -2.9904658e-01  -4.0719124e-02  -4.0475979e-01  -2.8463270e-01   7.6032720e-01  -2.5533196e-01   1.8992766e-01  -4.4693702e-01  -1.0328503e-01  -3.5118309e-01   8.5056696e-01   5.4788048e-01  -2.4069310e-02  -3.5350491e-01  -5.1037299e-01  -4.5001353e-01   4.2497683e-01  -2.3814560e-01   1.5536970e-02   3.6289718e-01   1.6735354e-01  -1.8401484e-01  -5.7106307e-01  -1.3447586e-01  -1.9629459e-01   3.2720900e-01  -1.5288643e-01  -3.1878178e-01  -2.7386129e-01  -2.7722275e-01   2.0534215e-01  -4.7703192e-01   2.6392352e-01  -4.8465386e-01  -5.7554758e-01   4.4166850e-01   4.3289259e-01  -5.7720091e-01   2.8722104e-02  -3.4351379e-01  -2.8257791e-01  -4.1490140e-01   3.6479098e-01   7.1315516e-01  -2.4181087e-01  -4.6186978e-01  -1.8477890e-01   1.9301422e-01  -5.3850030e-01   1.6275816e-02  -2.3254815e-02   3.9789557e-01  -4.4809194e-01  -1.1052380e-01   6.0431772e-01   3.7712926e-01  -3.2120659e-01  -4.0378639e-01   6.9449093e-01   5.6269743e-01  -2.4434569e-01  -3.2336524e-02   1.7326660e-02   6.1624843e-02   8.9210594e-02  -3.1183962e-01
   1.0119219e-01  -2.4619291e-01  -1.1318132e-01   5.1219254e-01   1.6670981e-03   0.0000000e+00  -3.2396664e-01  -1.1123966e-01   7.2229122e-02  -1.3412126e-02   8.9464676e-02  -1.6105682e-01   2.0622051e-01   2.3551504e-01  -1.7431140e-01   3.4156770e-01  -5.6263937e-02   2.3909972e-01   3.4692068e-01   7.8489012e-02   2.1961425e-01   5.3743564e-01  -2.3699795e-01  -2.1803426e-01  -5.2033620e-02   4.5770385e-01   3.8988907e-01   1.2960280e-01  -9.8954522e-02   2.0069046e-01  -2.0505340e-01   6.8632518e-02  -6.2223971e-02  -3.2456938e-01   6.4605586e-02   2.2771571e-02   2.4384262e-01  -3.2021795e-01   4.0905553e-01  -1.0141051e-01   3.0441838e-01  -1.0545012e-01  -1.3822920e-01   1.2715963e-01  -1.9745084e-01  -1.6600131e-01   5.4549128e-01  -2.2085246e-01  -8.8108063e-02  -1.4622294e-01   1.9393232e-01  -7.3149170e-02   1.7595968e-01   2.7310616e-01   8.4561835e-02   5.3013887e-01   6.8324609e-01   4.5892802e-01   4.8371454e-01   2.6712765e-02  -6.5398174e-02  -1.6293805e-02  -2.2486157e-01  -1.9963042e-01  -2.9575099e-01   2.5849873e-02   8.4154313e-01  -2.0690322e-01   6.6711781e-01  -1.0007789e-01  -3.1032239e-01   2.3068835e-01  -1.5842350e-02   2.1571118e-01   1.2256719e-01  -5.2952176e-02  -2.0148080e-01   3.8830854e-01  -2.2126131e-01   3.0996712e-01  -7.9412978e-02   1.3761202e-01  -1.1288916e-01   3.4655170e-01   2.6330843e-01   1.6802190e-02  -2.6486290e-01  -1.0987984e-01  -3.0579936e-02  -2.9757203e-01  -2.6922073e-01   1.5544826e-01   5.3106154e-01  -2.0258893e-01  -3.3329622e-01  -1.2872663e-01   1.4988965e-01   5.6696954e-01   2.0116807e-01  -7.8381464e-02  -1.4809617e-01  -2.9578029e-01   1.9333278e-01   1.2969909e-01   2.0869242e-01   2.0878727e-01  -5.8054863e-02   6.7444594e-01  -2.6088664e-01   6.1558980e-01  -2.4065293e-01   3.8277106e-01   1.2710312e-01  -7.1016138e-02   1.2594791e-01  -2.7846827e-01   4.2605244e-01   1.6227885e-01   3.8043501e-01   5.3398804e-01  -2.2350125e-01  -1.6188333e-01  -9.1180823e-02  -1.7148329e-01  -1.8073009e-01   2.6419265e-01  -2.0585992e-03  -9.3281475e-03   7.8154857e-02   3.5474163e-02   1.7222294e-01  -1.4283291e-01   4.4279136e-01  -1.0800906e-01   1.2237891e-01   1.1270666e-02  -1.6447764e-01  -1.9682905e-01   3.6106669e-01  -2.7799976e-01  -1.3949799e-01  -1.0729215e-01   2.2964647e-01   3.5011851e-01  -1.5331875e-01  -1.1942427e-01  -7.9696924e-02   6.4731473e-02   2.3215334e-01  -2.5712482e-01  -6.6054622e-02  -4.4659822e-02  -2.3266593e-01   2.4150659e-02  -4.1270572e-02  -2.8381220e-01  -1.4441069e-01   4.6469207e-01   1.7899104e-02   2.0149968e-01  -8.4243882e-02   1.6668208e-01   3.8712022e-02   3.2428450e-01   6.0930108e-01  -2.2569655e-01  -2.1758009e-01   2.4101245e-01  -4.2153615e-02  -1.6081370e-01  -1.7948216e-01  -2.3453030e-01   1.4109332e-01   8.5721390e-01  -7.6512658e-02  -1.7650080e-01   4.3673262e-01
  -5.7684874e-01   4.5741158e-01   2.6692626e-01  -2.7969087e-01   4.0190266e-01  -3.2396664e-01   0.0000000e+00  -2.6927962e-02  -1.6279839e-02   6.7965758e-01   5.3767118e-02   5.0416049e-01  -1.1883886e-01  -5.6261739e-01  -2.0607297e-01  -5.1220833e-03   1.6992541e-01  -2.7270937e-01  -1.4032550e-01   4.9410458e-01  -2.0678666e-01  -5.2156949e-01   8.6922509e-02  -2.3805341e-01  -1.8661199e-01  -3.4581423e-01   2.1599930e-01  -4.6561552e-01   6.0157712e-03  -3.6591221e-01   1.5734091e-01  -4.0116184e-02   4.1889347e-02   7.9582566e-01  -3.1610564e-01   3.8124120e-01   3.0589397e-01  -2.2299435e-01   9.3019107e-02   5.3171429e-01  -9.6782851e-02   5.2911936e-02   7.6757115e-01   5.7262195e-02   1.9797217e-01  -4.2227386e-01  -2.7119295e-01   6.7540499e-01  -1.6552096e-01   4.1395154e-01  -3.5171481e-01   3.3937381e-02   3.4394022e-01  -1.0081374e-01  -4.2251926e-01  -3.9165101e-01  -5.1442632e-01  -5.1890374e-01  -3.1372369e-01  -3.4072285e-01  -2.5042387e-01   2.1954161e-01   2.2424502e-01   3.2609655e-01   2.6751280e-01   4.8421339e-01  -3.8829423e-01  -1.4982342e-01  -4.0586892e-01  -1.8023595e-01   6.0391715e-01  -1.7907039e-01   1.8923171e-01  -6.9510769e-01   4.5324526e-02  -2.4848951e-01  -3.0600863e-01  -2.4331616e-01   4.3548554e-01   2.3400259e-02  -2.7443386e-02   1.3083562e-01   4.7729645e-01  -4.2195865e-01  -5.5117545e-01  -3.6763446e-01   1.2047220e-01  -3.4727293e-01   1.1825917e-01  -1.9933928e-01   4.8892070e-01  -2.7535760e-01   1.9879961e-01  -8.6626549e-02  -2.5250194e-01   4.5155200e-01  -4.6847074e-02  -2.2269726e-01   2.0759011e-01   2.5186161e-01   3.0091504e-01   5.9336557e-02  -3.5604526e-01  -4.4223286e-01  -3.5359491e-01  -5.2858175e-02   2.3304356e-01  -2.3853603e-01   5.1544500e-01  -2.8510666e-01   8.1586951e-01  -3.2665348e-01  -8.3414857e-02  -5.0618405e-01  -4.4842671e-02   4.6444733e-01  -2.4657765e-01  -3.3208951e-02  -4.9784590e-01  -2.0919215e-01  -3.5398181e-01   4.4642110e-01   5.0616234e-01  -1.4250488e-02  -4.0456533e-01  -7.2241611e-01  -3.3292137e-01   8.3835562e-02  -1.1893435e-01  -2.3598187e-03   4.5993571e-02   6.0670714e-01  -6.2990154e-01  -3.8191109e-02  -1.2121165e-02  -1.9722742e-01   2.7335708e-01   1.2241348e-01  -3.3643209e-01  -2.1781725e-01  -2.7597097e-01   1.7354406e-01  -3.8346052e-01   9.4536329e-02  -4.8481059e-02  -1.0581153e-01   5.8622559e-01   9.9631865e-02  -2.5348950e-01   6.0963045e-01  -4.5189300e-01  -1.5099161e-01  -4.6846779e-01   1.7955888e-01   2.7152177e-01  -1.1522449e-01  -4.0758632e-01  -2.8633693e-01  -1.8641667e-01  -1.5920967e-01  -1.3592940e-01  -1.3695474e-01   4.9532406e-01  -4.1645999e-01  -3.0991518e-01   6.8739106e-01   5.0298232e-01  -5.1720753e-01  -4.0693577e-01   4.7740868e-01   6.2560862e-01  -1.8520621e-01  -2.0636468e-01  -4.3133789e-01  -1.2917113e-01   2.2306351e-01  -3.4880026e-01
  -8.2625115e-02  -8.7597334e-02  -3.9230986e-02   1.6109141e-01   6.1418368e-02  -1.1123966e-01  -2.6927962e-02   0.0000000e+00   8.6466062e-02  -1.0240971e-01   2.4986417e-01  -1.5368308e-01  -5.9347756e-03   2.6343316e-02  -6.7683422e-02  -4.4195752e-02   2.6006887e-02   1.0648398e-01   2.0379944e-01  -2.1989855e-02   1.3976543e-01   1.0985994e-01  -2.4468119e-02  -1.0933413e-01  -1.6313318e-01   1.8321020e-01   1.5549628e-01  -2.3901678e-02  -1.2321601e-01   9.1232342e-02  -2.5934090e-02   3.1151149e-01  -1.2861901e-01  -5.0503990e-02   1.3977847e-01  -5.6653910e-02   1.1406801e-01  -7.0884353e-02  -1.1974030e-01  -1.5444912e-01  -1.1144098e-01   8.3179373e-02  -9.5481665e-02   3.2435398e-01   9.9809747e-02  -4.2516503e-02   7.3247220e-02   5.6149098e-02   3.3446213e-02  -1.7627378e-01   2.5999272e-01   5.5160101e-01   1.1717252e-01  -1.9367512e-01  -9.8264536e-02   2.0556494e-02  -2.7064195e-02   5.3816981e-02   2.6945337e-02   7.8524518e-02   1.4586949e-01   1.8818437e-01   3.5440944e-02  -4.8376750e-03  -1.1773842e-02  -1.0891309e-01   8.3933085e-04  -2.1345845e-01   1.3755568e-01   3.0588582e-02  -4.1559708e-02   4.0185098e-02  -2.0484012e-01  -2.3678785e-01  -1.8802490e-01   2.1561128e-01   4.3191642e-02   4.4231694e-02  -3.6322795e-02  -2.2422010e-01   5.6788674e-02   9.2567054e-02   1.0687008e-01   3.1507873e-01  -1.7981110e-01   2.1929984e-01   2.9246586e-02  -1.8718006e-01  -1.0125911e-01  -2.0531756e-01  -2.6038611e-02   4.1877491e-02  -8.7115068e-02   2.7752329e-01  -9.1600577e-03  -6.5910611e-02  -7.8352295e-02   7.1677582e-02   1.1252842e-01   1.2476556e-01   3.7416742e-02   8.3963654e-02   3.8495144e-01   1.1631536e-01   3.4374379e-01   1.6543341e-01  -2.7584180e-02   1.6076388e-01   1.3148232e-01   2.1427991e-02   8.2876293e-02   1.7329190e-02  -1.9305107e-01  -1.9524378e-01  -1.0696605e-01   5.9418506e-03   1.3087225e-01  -1.9077276e-01  -5.9061345e-02   1.6711541e-01   7.6384906e-02  -2.1600456e-03  -1.2707278e-01   6.4945049e-02  -1.3019173e-01  -1.1185310e-01   1.6590147e-01  -9.1849629e-02   4.8049355e-01   9.8893904e-02  -1.6890830e-01   7.2299488e-02  -3.3975172e-02   1.8211562e-01   9.9537755e-02   3.3766313e-01   1.0834632e-01   1.1277037e-01   3.1370304e-01  -1.4228550e-01  -1.6460267e-01  -9.9351590e-02   8.6497227e-02  -1.1195249e-01   4.2265528e-02   4.0069850e-02  -1.2561455e-01  -1.4916200e-01   7.8410448e-02   1.8824373e-02  -1.8972561e-01   4.2313569e-01  -3.7233025e-02   7.3066201e-02  -2.0965239e-02  -1.5225813e-01   1.6762867e-02   3.3973616e-02  -2.4393907e-02   1.3658210e-01  -1.6732931e-01   9.4607627e-02  -6.8567281e-03   2.4692963e-01  -1.1433105e-02   1.1493790e-01   1.6588872e-01  -1.5567741e-02  -4.8967850e-02   1.0928169e-01  -1.2542348e-01  -1.4827513e-02  -2.7813407e-02  -1.4384341e-01   1.1998283e-01   1.8771114e-01   4.4666821e-02
   3.0502873e-02   1.0367340e-01  -3.3197179e-02   2.2056614e-01  -1.1234840e-01   7.2229122e-02  -1.6279839e-02   8.6466062e-02   0.0000000e+00  -6.7304853e-02   1.9021200e-01  -1.2387978e-01   2.2184393e-01  -2.1063000e-01   7.1261125e-02  -2.4145128e-01   1.4376534e-02   2.4133591e-01   4.3009674e-02   4.0393126e-03   2.7814631e-02   1.2276581e-01   3.1894131e-02   1.8442675e-01  -5.8636960e-01  -8.8825521e-02  -1.1880323e-02   8.1970743e-03  -3.5672204e-01   3.0490535e-01  -3.7778939e-02   2.4813724e-02  -2.1237035e-01   1.0706128e-01   2.0881072e-01   9.1214367e-02  -2.3683412e-02   2.3086590e-01  -6.1053670e-02  -1.0470723e-01   1.3944639e-01  -1.1550671e-01  -3.3381176e-02   1.0754456e-01   1.6553909e-01   2.7661678e-01   2.1774055e-01   6.7709930e-02  -9.8553422e-02  -1.3672856e-01   1.7137093e-01   7.4529825e-02   1.3111198e-01  -3.3450803e-02   3.6387505e-02   8.5117897e-02   8.9801580e-02   2.0782682e-01   1.4932207e-01   1.8794097e-01  -1.2984042e-01  -1.7283068e-01   3.1683140e-01   1.7512681e-01   2.2332330e-01  -1.5401083e-02   6.6677960e-02  -5.5261817e-01   1.2261940e-01   6.5604215e-02   3.5580429e-02   2.1628529e-01   3.2972788e-02   9.0193730e-02  -6.5035858e-02  -8.4706352e-03   2.4434265e-01   1.4361374e-01  -5.0438905e-02  -1.1525559e-01   1.1773740e-01   1.0744299e-01  -5.8363654e-04  -2.0282494e-02  -9.8934013e-02   5.7425675e-02   4.9717914e-01   7.1297234e-02   4.5074200e-02   1.1645969e-01  -6.9793962e-02   5.0134106e-02   1.4517380e-01   3.6275331e-01   1.9172343e-01  -1.2860892e-01  -2.5698909e-01   2.4030058e-01  -3.5571202e-02   1.9639148e-01  -7.3969982e-02   1.7589925e-01  -1.4815505e-02   3.5011282e-01   2.1247214e-01  -2.2596014e-02   4.3682015e-02   1.0172061e-01   1.4325039e-03   2.7372086e-01  -6.5028652e-02   3.0215032e-01  -1.0014523e-01   1.4998041e-01  -9.5225858e-02  -6.9251677e-02  -5.6790374e-02   6.2785817e-02  -1.1495578e-02   2.7103902e-01   2.1084452e-01  -8.5430509e-02   1.7073234e-01   3.8977193e-01   1.4336244e-01   1.7962878e-01   1.9462194e-01  -1.4545469e-01   3.8257405e-01   1.5371683e-02  -2.0864337e-01  -3.4782266e-02  -5.7579333e-02  -2.9786222e-03   4.5485394e-01   1.2321741e-01   2.7624704e-01   2.1922124e-01   1.5015152e-02   2.6642660e-01   1.5415450e-01   4.0141039e-01   7.7744512e-02  -8.2158516e-02  -1.4434205e-01  -6.3102984e-02  -8.1882353e-02   3.9755497e-02   1.6454623e-01   2.0174108e-01   7.5632826e-02  -7.9932421e-02   9.4386885e-02   2.8019750e-01  -7.1423840e-02   1.6567072e-01   1.4879234e-01   9.9254192e-02  -1.2316973e-01   3.6800395e-02  -4.5501615e-01   2.0344498e-01  -2.4378542e-02   3.7039159e-01   3.3730563e-01  -2.6388443e-02   1.9047836e-01   2.3782618e-01   1.5025731e-01  -7.6143909e-02  -1.1924259e-01   3.3316091e-01   1.4589442e-01   8.1610385e-02  -1.3219323e-01   2.5212776e-01   4.3751372e-01
  -3.9741437e-01   2.0105311e-01   1.4045786e-01  -8.4720807e-02   3.4544376e-01  -1.3412126e-02   6.7965758e-01  -1.0240971e-01  -6.7304853e-02   0.0000000e+00   6.9424916e-02   2.7549632e-01   1.9403702e-01  -3.9620931e-01  -1.5854078e-01   1.1551629e-02   6.3671463e-03  -1.8039017e-01  -7.1587783e-03   5.0604441e-01  -9.5755975e-02  -2.6952519e-01   8.8612298e-02  -1.6980301e-01  -4.8027035e-02  -1.1999835e-01   2.3443609e-01  -2.7756116e-01   5.3492898e-02  -3.9543912e-01   4.3413716e-03  -2.0804386e-02  -1.6228620e-02   5.5866809e-01  -3.2600234e-01   4.2374852e-01   3.1568058e-01  -1.5713240e-01   7.0565249e-02   3.6209780e-01   2.4841439e-01   1.2696650e-01   4.7916942e-01  -9.5238633e-02  -1.4336772e-01  -4.5282395e-01   1.9895611e-03   3.0690418e-01  -3.4261587e-01   2.4688941e-01  -1.8637864e-01  -6.5740532e-03   3.4880523e-01  -1.0854441e-01  -4.5989152e-01  -1.1345384e-01  -1.5509168e-01  -2.3507814e-01  -3.0346615e-02  -5.3274631e-01  -1.2896124e-01   1.4042798e-01  -7.8934094e-02   9.3470426e-02  -4.3788195e-02   5.2279984e-01  -1.6118609e-01  -1.2997077e-01  -1.8737718e-01  -2.7467056e-01   3.2306491e-01  -2.5843195e-01   1.1304107e-01  -4.6708683e-01   4.0746333e-02  -2.0378652e-01  -2.9483795e-01  -8.9215529e-02   2.3152360e-01   1.0289516e-01   7.5856739e-02   7.5615651e-02   2.4635576e-01  -2.8237407e-01  -5.0758183e-01  -2.4185082e-01  -2.2687275e-01  -2.4278185e-01   8.6390958e-02  -1.6667528e-01   2.6200916e-01  -1.2911081e-01   3.6214043e-01  -2.6209736e-01  -2.5661989e-01   3.4735578e-01  -6.4097163e-02  -1.0234739e-02   1.6027488e-01   1.7525315e-01   7.0291183e-02  -9.7974625e-02  -3.0725774e-01  -4.6085416e-01  -1.5791076e-01   8.6501916e-02   4.7957195e-02  -6.9861281e-02   2.7093845e-01   5.9572640e-02   5.7315209e-01  -3.6004158e-01  -1.5874948e-01  -3.6696278e-01   1.0318820e-01   2.0895808e-01  -1.0907693e-01   1.5981936e-01  -3.6571550e-01  -3.6361487e-02  -3.3357571e-01   2.4513674e-01   2.8303101e-01  -1.9927559e-01  -3.4713036e-01  -4.6219598e-01  -3.7709954e-01  -1.1531392e-01  -7.2055616e-02  -1.4166587e-01   1.8549520e-01   3.6225533e-01  -5.4153471e-01  -7.1380986e-02  -1.0778950e-01  -1.5852683e-01   2.0582877e-01  -4.8052876e-02  -2.0500519e-01  -1.5398489e-01  -1.8484469e-01   1.0418339e-01  -2.7633115e-01   1.7115431e-01  -1.0773131e-01  -2.0555757e-01   4.3953544e-01   2.2500363e-01  -8.4495998e-02   3.3979696e-01  -3.1784784e-01  -2.0914093e-01  -3.9689996e-01   6.8418594e-02   1.4290582e-01  -4.0066931e-02  -3.2729968e-01   3.1624316e-03  -1.4562225e-01  -6.9472654e-03  -1.2685928e-01  -1.0324785e-01   6.4432344e-01  -3.4074823e-01  -8.9047021e-02   3.5823896e-01   2.6126139e-01  -3.4060566e-01  -3.4429607e-01   2.8126005e-01   3.7880434e-01  -1.7922491e-01  -3.3892741e-01  -1.6057350e-01  -1.6018326e-01   1.2188386e-01  -1.9531882e-01
  -4.4893529e-02  -1.8660203e-01  -5.8512286e-01   3.5191721e-01  -3.3982571e-01   8.9464676e-02   5.3767118e-02   2.4986417e-01   1.9021200e-01   6.9424916e-02   0.0000000e+00  -5.6280374e-01   9.1650717e-02   2.7216593e-01   2.6485670e-01   4.2736122e-02  -5.1444480e-01   6.2339851e-01   1.0937467e-01  -1.8211154e-01   3.2659756e-01   2.1033599e-01   4.2966076e-01   1.8299652e-03  -1.5716976e-01   3.6372722e-01   2.5360406e-01   1.2455411e-01  -4.2301588e-02   4.4649184e-01   1.7818593e-01   1.0873872e-01  -1.1275782e-01   2.7324720e-01   3.1524632e-01  -1.2438308e-02   1.1713496e-01   4.1867980e-02  -1.4138399e-01  -4.6704999e-01   2.6825020e-02   1.1652276e-01  -1.5953331e-01   5.0964685e-01   4.3689273e-02  -9.0349311e-02   4.0887139e-01   3.9049242e-01  -3.4330149e-02  -5.7131582e-01   5.6610138e-01   4.7553514e-01   3.9983842e-01  -2.8633404e-01  -1.2339901e-01   4.1851314e-01   2.6122889e-01   1.8197808e-01   2.3780706e-01  -2.0770919e-02   8.6056169e-03   2.8638879e-01  -3.4716901e-01   3.1835324e-01   1.2311446e-01   2.3837638e-01   1.2131377e-01  -3.7700789e-01   3.7596426e-01  -1.9982239e-01  -3.5641943e-01   1.3888701e-01  -2.4444962e-01  -3.4514391e-02  -5.0409591e-01  -2.8380044e-02  -1.5374412e-02   3.6386851e-02  -3.6204420e-01  -1.2148382e-01   5.3662508e-01   1.3899270e-02  -2.2683278e-02   1.5756416e-01  -3.0116489e-01   2.8398806e-02   1.3310299e-01  -1.1548266e-01  -5.8127870e-02  -1.3538751e-01  -3.4503489e-01  -3.2528147e-01   2.0508721e-01   2.2730075e-01   8.5584438e-02  -4.4008683e-01   4.6284988e-02   2.0112950e-01  -5.4993346e-02   4.1402179e-01  -7.7412355e-02   2.3348831e-01   3.6566133e-01   2.3264868e-01   2.4171583e-01   1.5153117e-02  -4.6066599e-01   3.8004020e-01   1.0440006e-01  -1.0530242e-02   3.0047406e-03   1.5345750e-01  -1.2335897e-01  -4.3867440e-02   1.1786531e-01  -3.8709610e-01   2.9644774e-01  -1.7331533e-01   2.1702873e-01   2.8256850e-01   1.0744906e-01  -4.4185833e-01  -3.6588625e-01   2.9385365e-01  -2.7375528e-02   1.1712178e-01   3.8285181e-01  -3.3763728e-01   2.4700168e-01   1.3031091e-01  -1.6720367e-01   5.4088404e-01  -1.2765569e-01   4.2477500e-01   9.5297114e-02   4.9585532e-02  -8.0919617e-02   3.3783262e-01   2.9893973e-01  -2.5299341e-02  -4.7966969e-02  -2.4511455e-01   4.1614152e-01  -2.1808602e-01   3.3841823e-01   4.3674527e-01  -2.4813675e-01  -2.4148385e-02   4.2445167e-01   3.1349674e-01  -6.7930907e-02   3.5200882e-01  -2.4604908e-02   2.7041364e-01  -5.3036563e-01  -4.0257586e-02   1.8396333e-01   1.4477976e-01  -3.9856329e-01   5.8985224e-01  -2.4333242e-01   4.0420807e-01   3.0266888e-02   3.6653378e-01   1.6891867e-01  -1.9183759e-02   3.8371270e-01   1.8402294e-01   1.1570755e-01  -3.2961786e-01  -1.9365036e-01   4.8452277e-02   1.5256592e-01  -4.9869223e-02  -1.9214246e-02   7.5968384e-02   1.4019558e-01
  -3.4811985e-01   6.4062191e-01   8.6262461e-01  -4.2250556e-01   6.2686680e-01  -1.6105682e-01   5.0416049e-01  -1.5368308e-01  -1.2387978e-01   2.7549632e-01  -5.6280374e-01   0.0000000e+00  -2.2886360e-01  -5.0556755e-01  -3.9161273e-01   1.8997601e-02   7.4279110e-01  -7.0904214e-01  -1.6826954e-01   5.7024746e-01  -5.5507232e-01  -5.8069364e-01  -4.0862303e-01  -1.6181995e-01   1.6473158e-02  -4.8042351e-01   7.0639858e-02  -3.0161614e-01   2.8195347e-03  -6.5248076e-01   1.6816667e-01  -1.3907030e-01   4.1922652e-02   3.3147394e-01  -5.1439558e-01   2.2716600e-01   1.7661935e-02  -2.6225078e-01   2.2191833e-01   8.9810784e-01  -1.0048746e-01   2.9279115e-02   6.2701296e-01  -7.7661906e-02   1.5682349e-01  -2.3268275e-01  -5.6898667e-01   2.0073106e-01   2.7125779e-03   8.7844036e-01  -7.9529155e-01  -2.5610871e-01  -1.0634437e-01   4.1170061e-01  -1.2105700e-01  -5.7214328e-01  -5.6747076e-01  -6.2688626e-01  -5.1316106e-01  -1.5292640e-01  -1.5869645e-01   1.6334145e-03   5.3293474e-01   9.0681392e-02   1.8299609e-01  -1.6908733e-01  -2.8574804e-01   8.8186740e-02  -6.3826857e-01   1.7771323e-01   8.4344695e-01  -2.9341614e-01   3.0534688e-01  -4.0696622e-01   6.1010205e-01  -1.7813897e-01  -1.6056031e-01  -3.4513596e-01   7.0519352e-01   9.1803436e-02  -4.1616235e-01   1.1532975e-01   5.5668774e-01  -4.7911877e-01   7.5502947e-02  -3.4288752e-01   6.6696788e-02  -1.4251586e-01   2.7900181e-01  -2.4902022e-02   6.8867929e-01   1.4788248e-01  -4.4135855e-02  -2.3588460e-01  -2.7486432e-01   7.5528853e-01  -2.9957330e-02  -3.8733838e-01   2.3972255e-01  -3.2204224e-01   5.4880395e-01  -7.0490672e-02  -6.2704552e-01  -5.2130122e-01  -6.1903925e-01  -7.2768833e-02   7.1768438e-01  -5.0025192e-01   3.5422073e-01  -2.0058475e-01   6.3795379e-01  -4.0610611e-01  -1.1298266e-02  -3.1947969e-01   9.3100658e-02   7.0624171e-01  -4.2992096e-01   7.0555278e-02  -3.7062063e-01  -3.4953803e-01  -3.6422529e-01   8.1675279e-01   7.4840755e-01  -7.0314683e-02  -3.3589159e-01  -5.7028299e-01  -6.4734236e-01   4.8130510e-01  -3.4704571e-01   1.1545761e-01   1.4847624e-01   5.1537926e-02  -1.8779976e-01  -3.6676090e-01  -1.5057777e-01  -2.4386063e-01   3.4120332e-01   3.5728210e-02  -4.9526461e-01  -1.7260539e-01  -1.6586767e-01   2.3557968e-01  -6.2177984e-01   4.7649461e-01  -4.6947923e-01  -4.9535083e-01   8.0358797e-01   9.2068014e-03  -7.3158101e-01   1.0651317e-01  -1.9002627e-01  -2.9364281e-01  -3.2379193e-01   1.0050714e-01   8.4565860e-01  -1.0021586e-01  -4.5225222e-01  -3.7150137e-01   2.2026579e-01  -7.3996033e-01  -3.1208306e-02  -2.4883266e-01   3.3244998e-01  -6.5261939e-01  -3.8400925e-01   5.7621839e-01   1.9808664e-01  -3.4608591e-01  -3.4578670e-01   7.7114546e-01   5.8559609e-01  -2.2947274e-01  -2.5727503e-01  -1.5559580e-01   1.2095289e-01   2.4347131e-01  -4.0490156e-01
   8.8352630e-03  -1.2890639e-01  -1.9417973e-01   4.1332926e-01   2.8013759e-02   2.0622051e-01  -1.1883886e-01  -5.9347756e-03   2.2184393e-01   1.9403702e-01   9.1650717e-02  -2.2886360e-01   0.0000000e+00  -1.0260763e-02   4.9246769e-02   3.4167323e-02  -1.6895350e-01   2.8430219e-01   1.4670647e-01   8.7611680e-02   5.7998464e-02   2.7337184e-01  -1.1785694e-02   4.1377035e-02  -1.0932631e-01   2.6479676e-01   9.3684041e-02   3.6735907e-02  -1.2980895e-01   1.9619167e-01  -2.8365016e-01   5.3153968e-02  -1.1050160e-01  -9.4412254e-02   1.2991032e-01   3.5931260e-01   1.1283832e-01   8.0958291e-02   2.4097350e-01  -2.2624737e-01   7.4020485e-01  -1.6326539e-02  -2.0738126e-01  -9.9316000e-02  -5.1570360e-02  -8.0058425e-02   4.9749429e-01  -2.3390444e-01  -1.8618771e-01  -1.9697543e-01   3.1708369e-01   3.5517725e-02   1.6063029e-01  -1.8399550e-01  -9.8118405e-02   1.9100959e-01   2.2519308e-01   3.6520096e-01   6.1066418e-01  -2.2185658e-02  -1.3598728e-01   8.3688862e-03  -3.5546543e-02  -4.0409038e-02  -2.7641754e-02   1.0760008e-01   2.8192866e-01  -1.8064478e-01   3.2451293e-01  -2.3965023e-01  -1.6306935e-01   9.2786690e-02   3.3626308e-01   1.0290397e-01  -1.0034142e-01  -2.0774374e-01  -3.4740789e-02   3.3791492e-01  -6.2611375e-02   3.2756314e-01  -2.6178810e-02   3.8162545e-01  -1.2233286e-01   2.5350650e-01  -9.7201102e-02  -6.5605631e-02  -8.0298567e-02   4.2148319e-02  -2.1978330e-01  -1.7006667e-02  -8.4122792e-02   4.3736497e-02   2.7175665e-01   7.4649281e-03  -1.4871953e-02  -2.3196995e-01  -1.0259883e-01   3.4833428e-01   1.3912331e-01   2.2272707e-01  -3.4775395e-01  -6.6852794e-02   3.3521371e-02   8.8829517e-02   2.7239437e-01   6.4165397e-03  -1.5696286e-02   3.1641347e-01  -4.3398961e-02   3.7948673e-01  -1.1754613e-01   1.8905317e-01  -7.4307043e-02   5.4214605e-02  -2.6766796e-01  -1.1509189e-01   1.7173038e-01   6.5703007e-01  -1.1418283e-01   3.7270422e-01   1.3482645e-02  -1.5314384e-01  -1.6476043e-01  -8.0170024e-02   2.5368520e-02   1.4567776e-01   2.2078027e-01  -1.3182205e-01   1.0397903e-01  -3.9591822e-01   4.2589632e-01  -1.9641804e-02   3.4138374e-02  -1.7815329e-01   1.4581215e-01  -1.3532539e-01   5.2160292e-02  -3.0394899e-01   1.3340022e-01   1.2206823e-01   8.5127380e-03   1.5029285e-01   8.5021961e-02  -2.2405064e-01  -1.0847484e-01  -1.8290480e-01  -3.1604058e-01   3.4008557e-01   2.3060517e-01  -8.3700190e-02  -5.9980838e-02  -6.9322913e-02   2.1964282e-02   1.5028733e-01  -2.0119183e-01   1.3346408e-01   2.6738376e-02   5.8366709e-01  -4.7091833e-03   1.7856254e-01  -2.2764247e-01   1.2090315e-01   3.5138661e-02   3.2931861e-01   3.8678600e-01  -5.6319192e-02   2.2101486e-02   1.1651961e-01  -1.3991349e-02  -9.6560555e-02  -8.7162219e-02   1.7583835e-01   6.6773114e-02   1.8836254e-01  -1.0668908e-01   1.7393336e-01   4.0714805e-01
   4.4098577e-01  -4.9620982e-01  -4.8729916e-01   3.7025801e-01  -4.4413195e-01   2.3551504e-01  -5.6261739e-01   2.6343316e-02  -2.1063000e-01  -3.9620931e-01   2.7216593e-01  -5.0556755e-01  -1.0260763e-02   0.0000000e+00   3.8562801e-01   3.1351022e-02  -3.9415835e-01   4.0129379e-01  -3.1888840e-02  -3.6472790e-01   5.6081943e-01   6.8492204e-01   3.3085931e-01  -5.6238705e-02   2.3306785e-01   4.5507381e-01  -2.0202039e-02   4.8994001e-01   6.2898454e-02   4.8810272e-01   7.0040934e-02   2.6263255e-02  -1.2410591e-02  -3.4956669e-01   5.9800734e-01  -3.4246097e-01   3.6071342e-03  -6.3078262e-02  -1.0875208e-01  -5.5495717e-01  -1.1469993e-01   6.3033477e-02  -4.9386886e-01   2.0382567e-01  -7.4917243e-02  -1.5696154e-02   2.4561334e-01  -1.9551167e-01   3.2177703e-01  -5.7435023e-01   5.6678938e-01   1.6626907e-01  -1.9116494e-01   1.0509406e-02   4.3261796e-01   5.6228119e-01   3.8947760e-01   4.4972207e-01   2.5020118e-01   4.0344952e-01   8.3270085e-02   1.6967856e-01  -4.0203596e-01  -2.8133200e-01  -3.1732157e-01  -1.0609696e-01   2.4729536e-01   4.9083105e-02   3.7043940e-01  -1.5152906e-02  -6.5429335e-01   1.9749807e-01  -3.6221333e-01   3.7413170e-01  -2.6239436e-01   1.6705670e-01  -1.6977750e-01   1.3692853e-01  -4.9278765e-01  -8.9669031e-02   3.9844644e-01  -1.9912455e-01  -3.0274495e-01   5.1750175e-01   4.6966658e-01   1.8725287e-01  -1.4545210e-01   1.2591473e-01  -3.7696554e-01  -1.0462676e-01  -5.3518944e-01  -2.2670476e-01   6.4061338e-02   2.3583017e-01  -4.4498541e-02  -4.6963292e-01   1.4696093e-01   2.6044694e-02  -1.7464274e-01   1.3417007e-01  -9.9236931e-02   5.3266731e-02   7.0103001e-01   5.0654798e-01   2.8902978e-01   7.4793103e-02  -3.2772569e-01   2.2255113e-01  -1.1425573e-01  -5.7510106e-02  -4.4275296e-01   3.7820262e-01   1.2049776e-03   1.5402067e-01   3.4005996e-01  -5.7181804e-01   2.7321992e-01  -1.4664657e-01   6.8491237e-01   2.5585392e-01   2.3168387e-02  -4.7815596e-01  -5.6679311e-01   3.1173871e-02   8.6476887e-02   5.8485688e-01   5.1273837e-01  -1.9922239e-01   1.9238622e-01   2.0487549e-01  -2.6135402e-03  -1.0521519e-01   7.1802126e-01   2.9942705e-01   7.2920422e-02  -5.9490381e-02  -3.0209742e-01   1.5130585e-01   4.8224919e-01  -6.4691817e-02  -1.0324631e-02  -3.7284874e-01   3.8076785e-01   8.9059027e-03   3.9236172e-01   4.5013929e-01  -4.3785428e-01  -3.2138195e-01   3.6002893e-01  -3.1606770e-01   1.7577971e-01   6.0751256e-01   7.8547560e-02  -2.8035598e-01  -3.7540094e-01  -1.7474338e-01   1.7543406e-01   1.7112883e-01  -2.7669152e-01   5.6482680e-01   1.3217502e-01   5.0422239e-02  -3.8684453e-01   4.4910818e-01   1.2604357e-01  -4.5231684e-01  -2.3987281e-01   3.6559879e-01   1.0476031e-01  -5.3492015e-01  -4.0917866e-01  -9.1427073e-02   7.2575664e-02   3.1334800e-01   3.2963739e-02  -3.4208589e-01   1.0768373e-01
