   0.0000000e+00  -8.4482532e-02  -1.7215437e-01   2.3882025e-01  -2.3717493e-01   2.1094440e-01  -1.1506089e-01   7.7035787e-02  -1.6334266e-01  -2.9438293e-01   2.5205365e-02  -3.7843047e-01   1.5068335e-01   5.5125325e-01  -1.2709484e-01  -2.6665164e-02  -4.7294340e-02   1.3021516e-01   1.3983164e-01  -1.1753036e-01  -8.1568733e-03   9.5146259e-02   2.5999545e-02   6.7119076e-01  -1.3614893e-01   2.0382706e-01  -1.0507573e-01   4.7873953e-01  -1.8831718e-01   7.3806201e-03  -1.5319273e-01   1.8392436e-01  -1.3121193e-01  -2.0626374e-01   1.9253152e-01  -2.7807620e-01  -2.1063909e-01   3.7838886e-01  -1.7595470e-01  -1.1195949e-01   1.3296555e-01  -6.6966201e-02  -3.5750861e-01   1.0302431e-01   1.3841715e-01   2.3715755e-01   1.1469152e-01  -6.3188857e-02  -1.7367559e-01  -7.5784445e-02   3.3073635e-01   4.2398747e-02  -1.4197253e-01  -7.4986995e-02   2.6999946e-01   2.8633753e-01   1.8218934e-01   3.0313325e-01   3.1063575e-01   7.5624417e-02   1.5287906e-01  -1.1925998e-01  -2.5947097e-01  -4.8324307e-02   5.5729469e-02   4.7383988e-02   7.5234277e-02  -3.4688365e-01   3.6000124e-01   1.7005412e-01  -2.9358338e-01   2.6236484e-01  -1.1620464e-01   3.3785599e-01  -9.3085222e-02  -1.4099390e-01   2.6501142e-01   6.1995290e-02  -2.0510736e-01  -1.7426540e-01   5.2708883e-01  -1.5431944e-01  -2.5236029e-02   1.8735388e-01  -3.4936066e-02  -1.4806126e-01   1.1178148e-01   4.3667258e-01  -2.5085881e-01   7.9689786e-01  -2.1405899e-01   1.1361347e-01  -2.0325603e-01  -2.2837241e-01   2.7626683e-01  -1.5024515e-01   1.2081797e-01   1.6446612e-01  -1.3343199e-01   5.2389295e-02  -2.6078916e-01   3.2497052e-01  -1.2772016e-01  -2.5047200e-03   3.0079341e-01   1.2673812e-01  -2.0163050e-01   3.1414202e-01  -6.6767219e-02   1.3278437e-01  -1.3118734e-01   2.9136487e-01  -7.0356162e-02   7.7130272e-01   2.4106200e-01  -4.7114256e-02   2.3623158e-01  -5.5617478e-02   2.6845671e-01   6.3296209e-02   5.7362183e-01  -2.7891028e-01  -2.2934907e-01  -6.2723752e-02   5.2332559e-01   6.3246282e-01   1.3767999e-01  -2.3453063e-01   1.5742030e-01   4.7238844e-02  -1.3185543e-01  -1.4579083e-01   3.7053764e-01  -2.4113688e-01  -3.0250539e-02  -8.5276128e-02  -1.8836177e-01   1.0366536e-01   1.5336511e-01   5.6804795e-01   5.7773514e-01  -5.6773797e-02   2.8939523e-01   2.7413872e-02  -1.5238822e-01  -2.4603012e-02  -2.9074765e-01  -1.2344594e-01  -3.6122265e-02  -2.0553819e-01   5.9506424e-01   6.8111469e-02   5.1140951e-01   3.6177604e-02  -2.4647538e-01   7.1636305e-01   3.6508404e-01   4.1465847e-01   1.1571688e-01   2.7741462e-01  -3.3177362e-01   1.6145188e-01  -2.4014514e-01   1.8643304e-01  -4.6264452e-02   5.0525610e-02   1.8415113e-02   3.0781219e-01   6.6064001e-01  -1.0517321e-01  -1.2391493e-01   2.0589887e-01  -7.3892844e-02  -2.3335287e-02  -1.3024550e-01  -1.3126346e-01   6.0727319e-02
  -8.4482532e-02   0.0000000e+00   3.2762697e-01  -7.1627558e-02   4.3577906e-01  -4.9788246e-02  -9.8969852e-03  -2.7017004e-02   4.1727380e-01   1.2749305e-01  -3.3804553e-01   6.0753434e-01  -1.3107191e-01  -2.7239288e-01   2.1374965e-01   1.4642327e-01   3.4261629e-01  -3.3171102e-01  -8.3848769e-02   2.8191220e-01  -4.0492780e-01   4.0740552e-02  -3.0421264e-01   4.8192898e-02   7.7559855e-02   1.8985377e-01   2.3472759e-01  -3.2260597e-01   1.7096992e-01   1.4724116e-01   3.3668247e-01   1.4748307e-01  -2.3584249e-02  -1.7466020e-01   1.6114119e-01   1.6705322e-01  -7.9073935e-03  -2.5009511e-02   2.7747185e-01   3.0991988e-01   1.3070677e-02  -1.2654641e-01   3.0315363e-01  -2.6180604e-01  -1.7096636e-02  -3.3647261e-02  -3.6874079e-01  -3.0257427e-01  -2.1253374e-02   4.3169318e-01  -2.7480592e-01   5.0375999e-02   2.2502175e-01  -2.1465362e-01  -1.6058669e-01  -2.0836996e-01   2.5802418e-01   9.1298545e-02   7.6328626e-02   2.8246879e-01  -1.8360032e-01   2.8510569e-02   3.0366644e-01  -4.2465024e-02   3.9057165e-02   7.9569492e-02   1.1036384e-02   2.6660805e-02  -3.9136769e-01  -9.4458464e-03   6.2849549e-01  -2.9958835e-01   3.1920139e-01   1.3939031e-01   8.2208582e-02   2.2775558e-01  -1.5907255e-01   7.2844377e-02   4.0478242e-01   2.5205609e-01  -4.1108160e-01   7.3065355e-02  -2.8490000e-01  -7.4128252e-03  -6.0958941e-02   1.5875602e-01   1.2925182e-01  -6.4717524e-02   2.7097716e-01  -3.5127803e-02   3.7302174e-01  -1.5879232e-01   2.3174565e-01   4.3391003e-01  -7.1086933e-02   1.3136976e-01  -3.2906045e-02   1.9590910e-01   3.6705786e-02  -3.6368388e-01   5.5286604e-02  -4.2045191e-01  -3.2661594e-02   3.7764014e-01  -5.6497352e-02   1.1547645e-01   2.2245976e-02   4.2167863e-02  -1.0053348e-01  -2.6172152e-01  -9.8706049e-02  -1.3276315e-01  -2.1456226e-02  -2.9065828e-02  -3.6557572e-01   3.9284286e-01   1.4649732e-01   2.6484204e-01  -3.6483148e-01  -1.1828041e-01  -7.1288661e-02   3.9541325e-01   3.0396481e-01  -1.1737286e-01   1.7017095e-02  -3.7904266e-02  -1.0732575e-01   1.8584694e-01  -7.6182315e-02  -4.4295496e-02   3.0474133e-01  -2.2108100e-03   7.6632478e-02  -3.6324856e-02   2.2121585e-02   3.3114503e-02   1.2387014e-01  -3.6603117e-01   9.2225842e-03  -6.9870824e-03   9.5558106e-02  -3.1320663e-01  -6.0183561e-02  -1.1831525e-01   2.3373153e-01   1.9576586e-01   1.2021844e-01   2.8778261e-01  -2.5369895e-02  -1.6061390e-01  -1.1850900e-01  -1.4077882e-01  -9.5590094e-02   4.0965805e-01   5.1064421e-01   6.6541483e-02  -3.3493413e-02   7.2071515e-02  -2.8079878e-01  -4.4394513e-01  -3.6312691e-03   2.9243228e-02  -9.9823261e-02  -2.4323674e-01   4.0847297e-01   2.2573399e-01   3.0185068e-01  -1.2755814e-01  -7.1150458e-02   2.3029694e-01   4.1854895e-01   3.3942463e-02  -3.1274455e-01  -1.5860861e-02   6.3224605e-02  -3.9094490e-01   2.9657487e-01
  -1.7215437e-01   3.2762697e-01   0.0000000e+00  -3.2376427e-01   4.8611237e-01   1.5077763e-01  -9.7494330e-02  -7.4909457e-02   1.2449459e-01   3.1003589e-01  -1.7953469e-02   6.3164638e-01   4.1146366e-02  -4.1701914e-01   1.6248488e-02   1.4441495e-01   8.9037904e-01  -3.2359080e-02  -5.9065048e-02   5.4169941e-01  -3.2634390e-01  -1.0928560e-01  -1.7019730e-01  -1.8959138e-01   4.6328456e-03  -1.5434840e-01   3.8109421e-01   6.1419353e-03   3.0885590e-01  -2.8460741e-01  -1.2634635e-01  -4.5895828e-02  -1.3806190e-01  -1.9925127e-01  -2.5429741e-01   4.6361901e-01   1.6281617e-01   1.1380906e-01   8.8548009e-02   5.6301216e-01   8.2311004e-02  -6.2037117e-02   3.5416789e-01  -1.7668560e-01  -2.6062967e-01   3.8217953e-01   1.8817785e-01  -5.4032150e-01  -1.0060313e-03   5.5592273e-01  -9.9638209e-02  -1.9124930e-01  -3.0386698e-01   1.3342397e-01  -2.7303965e-01  -1.8194305e-02   9.9175555e-02  -1.1081366e-01  -1.4557715e-01   1.1133589e-01   3.3472440e-01   3.5198541e-02   2.0576919e-01  -1.1409053e-01  -5.7720333e-01   3.8832456e-01   1.6422801e-01   1.3113927e-01  -1.6259700e-01   7.0617047e-01   2.6458807e-01  -4.2225623e-01  -6.1395309e-02   1.8005362e-01   8.9273261e-02   1.7592639e-01   1.5005194e-01   1.0565786e-01  -3.9572056e-02   5.8405905e-02  -2.5413241e-01  -9.1876717e-02  -2.7770196e-01  -2.2870671e-01   1.1666382e-01   9.2631609e-02  -4.5751876e-01  -2.3159518e-01   1.3048988e-01  -1.9260748e-01   4.6152673e-02   3.9889058e-01   3.7016921e-01   1.8286869e-01   1.6119373e-01   2.4664045e-01  -2.4478180e-01   2.1439420e-02   1.0306647e-01  -2.5722454e-01   2.9242059e-01  -2.4764788e-01  -1.3953501e-01   1.5186725e-02  -1.1365810e-01  -3.5083820e-02   2.4175049e-03  -2.5247982e-01  -2.9900380e-01   6.1932950e-02   1.3339100e-02  -2.1161564e-01  -1.8717326e-01  -1.3256629e-01   7.2738923e-02  -9.4600008e-03   2.6188438e-02   1.0424103e-01  -1.8014983e-01  -2.0461776e-01  -1.4170517e-01   3.9581940e-01   4.3284530e-01  -2.8632558e-01   1.7315310e-01  -3.2950122e-01  -1.3443969e-01   6.1805049e-02  -1.2079290e-01   6.3107876e-01   2.5316024e-01  -1.3582434e-01   1.0663367e-02  -1.7470448e-01  -7.0635617e-02   4.1493746e-02   1.7913695e-03  -4.2166622e-01  -1.3563705e-01  -1.8359058e-01   2.2753501e-02   3.6366960e-02   2.6413271e-02   3.6545863e-01   7.4619593e-02  -2.1519043e-01   1.5692715e-01   8.5663199e-02   4.2728668e-01  -2.5775366e-01  -7.3453169e-02  -2.5680342e-01  -1.1030419e-01  -7.3345680e-02   8.2835316e-01  -9.8822428e-02   1.0966729e-01  -7.0216750e-02   2.2082680e-01  -3.3133721e-01  -5.7546344e-02  -5.3009792e-02   7.5374811e-02  -2.9992740e-01  -1.3596081e-02   7.2044056e-02   1.1375580e-01  -4.2604878e-02   6.0263567e-03   4.8326030e-02  -1.5749495e-02   4.3210019e-02  -2.6105138e-01   3.2991203e-01   2.4262457e-04  -2.6818522e-01  -1.8431543e-02
   2.3882025e-01  -7.1627558e-02  -3.2376427e-01   0.0000000e+00  -3.7535771e-01   5.2343411e-01   3.1053629e-01   3.5592351e-01  -7.3757630e-02  -4.3247727e-02   5.2253882e-02  -3.0169817e-01   1.3061312e-01   3.8677332e-01  -2.5983775e-01  -5.5650458e-02  -2.8631585e-01   2.8266148e-01   8.2738984e-02  -2.7862891e-01   2.8973140e-01   5.3834503e-01   1.8866545e-01  -8.0347600e-02  -7.6934640e-02   6.1406864e-01  -1.9721724e-01   3.5452755e-01  -3.6643814e-01   1.5004810e-01  -2.3111742e-01   5.3095299e-01   2.3962148e-01   2.7385145e-01   3.3558913e-01  -2.5385669e-01  -1.8271285e-01  -2.3437471e-01  -1.9316623e-01  -2.6969215e-02   1.8328075e-01   3.3898584e-01   1.0122781e-02   3.9055585e-01   2.1401899e-01  -4.0738066e-01   1.4961626e-02   4.3853954e-01  -6.5436867e-02  -6.4296248e-03   2.7362504e-01   4.6005457e-01   2.4174388e-01   1.0608765e-01   6.1814333e-02   4.6295304e-01   2.5574041e-01   4.1509070e-01   5.6685679e-01   2.6242865e-01  -1.5737318e-01   3.6506755e-02  -3.4563363e-01  -2.9995162e-02   3.2719212e-01  -3.1469437e-01   5.6351381e-01  -3.4923695e-01   4.7405390e-01  -1.4710764e-01   6.3204706e-03   5.2208098e-01  -1.5238026e-01  -6.4491180e-02  -1.5449425e-01  -4.1134429e-02  -7.4017184e-02   3.3472597e-01  -1.6273279e-01   1.7924409e-01   4.3375566e-01  -2.7691796e-01   5.1654407e-01   5.5490270e-01  -5.6790044e-02  -5.3161152e-02   4.9256723e-01  -2.3846345e-01  -2.2754234e-01   5.4691615e-02  -3.2491735e-01  -2.5125032e-02   1.4449468e-01  -7.8885856e-03  -1.7064833e-01  -2.6818052e-01   4.5067050e-01   3.0915664e-01  -1.0805621e-01   3.7360720e-01  -5.8916341e-02   1.7637172e-01   2.3455528e-01   1.0874116e-01   5.6019714e-01   6.5561537e-01   2.7346216e-01   6.5087429e-01   3.1869169e-01   5.2665006e-01   3.5156484e-01   2.4403232e-01   3.7889278e-01  -4.5214018e-02   1.3350276e-01   1.6130557e-01   3.6557789e-01  -2.5786325e-01   4.5419247e-01   7.6902640e-01  -4.7575892e-02  -1.6675711e-01   2.4563479e-02   2.0613633e-01  -3.2145629e-01   2.4746255e-01   2.1444864e-01  -1.2696539e-01   7.3436791e-01  -2.8274471e-02  -1.4567779e-01   4.6876409e-01   3.2929329e-01   3.2768250e-01   6.2428099e-01   5.7157902e-03   4.9144408e-02   3.0125284e-01   2.6485400e-01   2.4827900e-01  -1.4989311e-02  -2.1332822e-01  -5.5860450e-02   2.8964955e-01  -3.8880958e-01  -1.7083136e-01   2.1201664e-01  -2.4196926e-01   9.3079622e-02   3.6968266e-01  -6.8740024e-02   4.9802101e-01  -7.3359604e-02  -1.7682386e-02  -2.3869899e-01   1.9628221e-02  -1.8832856e-01   3.9869927e-01   1.1959265e-01   3.8532523e-01  -5.2504442e-02  -1.4172445e-01  -9.2369724e-02   4.7865052e-01   3.1280550e-01   2.4394548e-01   1.7034807e-01   2.9215875e-01   1.7140209e-03   3.1390844e-01  -1.5194142e-01  -2.9208371e-01   2.1609303e-01   3.0563549e-01   1.9791917e-01   1.3330538e-02   5.6120199e-01
  -2.3717493e-01   4.3577906e-01   4.8611237e-01  -3.7535771e-01   0.0000000e+00  -6.0253814e-02  -2.7406745e-01  -8.8997114e-02   5.1014557e-01   1.8212064e-01  -5.4640274e-02   3.5032421e-01   2.1528246e-01  -4.9898867e-01   2.2877785e-02   2.3554146e-03   4.6075078e-01  -3.2182518e-01   1.7193027e-01   8.1685142e-01  -4.3993885e-01  -2.4089517e-01  -3.7929324e-01  -4.8042201e-02   1.6460712e-02  -9.4697013e-02   2.8576331e-01  -9.9376872e-02   2.3505491e-01  -3.4623077e-01   1.1776269e-01  -2.7473355e-02  -6.0055361e-02  -3.1987347e-01  -2.7339819e-01   5.1228064e-01   1.7937427e-01   1.5305801e-01   1.8216395e-01   3.6477219e-01   2.2849185e-01  -1.1542182e-02   3.3327148e-01  -2.6112605e-01  -2.9216845e-01   3.0352049e-01   6.5014432e-02  -6.2611709e-01   2.1016570e-01   3.1441380e-01  -2.6962671e-01  -1.3711887e-01  -1.7940828e-01  -1.1793399e-01  -2.6264421e-01  -2.1557466e-01   1.2196742e-01  -2.2412770e-01  -3.7187389e-02   4.9209818e-02   1.6890733e-01   9.2656103e-02   5.5418040e-01   1.1567047e-01  -2.1101375e-01   1.5429258e-01  -7.1273932e-02   4.4042155e-02  -4.5316446e-01   1.4117019e-01   3.6759363e-01  -5.0657243e-01   7.5700197e-02  -2.3717833e-02   1.3236833e-01  -7.5754236e-02   1.5767358e-01   5.1555432e-02   3.4893652e-01   1.6892852e-01  -2.6408371e-01   2.8228707e-03  -3.2445181e-01  -1.1039041e-01   2.1777447e-02   3.3036128e-02  -4.2618297e-01  -9.8534754e-02   3.1710511e-01  -1.4643487e-01   6.1526734e-01   8.3723023e-02   1.6476840e-01   4.6862059e-01   1.7324998e-01   5.5695333e-01  -1.5057114e-01   3.9635584e-02   5.6066620e-02  -5.2238338e-01   3.5898763e-02  -3.4512730e-01  -3.7323691e-01   3.3585325e-01  -2.7494468e-01  -1.3843606e-01  -1.0973269e-01  -2.5230861e-01  -1.6249778e-01  -3.3203705e-01  -2.1624098e-01  -5.4123489e-01  -1.8977331e-01  -8.6166806e-03  -2.4873844e-01   3.3479374e-01   5.6499755e-03   2.5920665e-01  -2.5473362e-01  -1.8186639e-01  -1.3506463e-01   6.4872213e-01   3.9091845e-01  -1.3588647e-01   1.7082929e-01  -1.5618270e-01  -1.8055086e-01   2.9257108e-02  -2.4910121e-01   7.6933104e-02   2.9441740e-01  -4.3509699e-02  -1.4197280e-01  -2.4932663e-01  -6.5924517e-03   1.3981853e-02  -3.9755230e-02  -4.9009736e-01  -2.3860852e-01  -1.9885335e-01  -1.4709423e-01   1.9518176e-01   2.7250304e-02  -6.7118963e-02   6.2697730e-02   1.0366808e-01  -7.6754528e-02   4.2537624e-01  -4.6983036e-02  -3.4398065e-01  -1.7934798e-01  -3.2746773e-01  -1.2843754e-01   3.2143050e-01   5.7012323e-01  -1.0296961e-01   2.7331598e-02   6.6953754e-02   7.2968787e-02  -5.5447661e-01   3.5823550e-02   1.3510389e-01   6.7409780e-02  -2.1738505e-01   1.0843463e-01   2.3122113e-01   2.9166924e-01  -7.4282742e-02  -1.9507594e-01   2.6655706e-01   3.3407275e-01   1.1602153e-01  -2.1002899e-01   9.3135042e-02   1.2312575e-02   1.8922818e-02   1.0810424e-02
   2.1094440e-01  -4.9788246e-02   1.5077763e-01   5.2343411e-01  -6.0253814e-02   0.0000000e+00   2.7708841e-01   4.2687734e-01  -8.4500081e-02   1.0027623e-01   3.7010287e-02  -2.6033599e-02   2.1599924e-01  -2.9289350e-02  -3.6860667e-01  -5.0330610e-02   1.0697128e-01   9.6848257e-02   2.4427292e-01   1.6507725e-01   2.4113923e-01   3.4487403e-01   8.5539939e-02  -6.1765005e-02  -3.4221787e-01   6.4398837e-01   1.1423748e-01   6.1004335e-01  -2.4364861e-01   1.5574352e-02  -5.8262307e-01   4.2246242e-01  -2.3064330e-02   1.0014712e-01   7.6608381e-02   1.1585346e-02  -2.1110071e-01  -9.6678382e-02  -1.9042444e-01   2.5130314e-01   2.3199170e-01   1.9698368e-01   2.6159189e-01   2.0809181e-01  -4.0884281e-02  -1.0038278e-01   2.2656207e-01   1.9342766e-02  -1.2606744e-01   1.5464209e-01   2.4117304e-01   4.8924266e-01  -1.0139880e-01   1.7173926e-01  -1.8723672e-01   5.9850990e-01   2.7185373e-01   3.4689885e-01   2.1079099e-01   2.8442581e-01  -4.0100213e-02  -1.1406746e-01  -3.1411387e-01  -1.9423889e-01  -1.5681332e-01   1.9477400e-01   8.5119390e-01  -3.3608314e-01   5.1789541e-01   3.7018226e-01  -3.8135631e-02   2.5576349e-01  -1.9709493e-01   1.4452699e-01  -2.8939219e-01  -2.3124877e-01   1.5607118e-02   3.2329330e-01  -2.1472940e-01  -1.3387409e-01   4.6380165e-01  -2.4445549e-01   2.3431600e-01   5.2912567e-01  -1.5968226e-01  -1.5906078e-01   1.7441059e-01  -1.2830892e-01  -1.6302657e-01   1.5168143e-01  -2.6462556e-01   7.5767329e-02   3.1742550e-01   1.1111208e-03  -1.4620897e-01  -1.1578423e-01   1.3788547e-01   4.4434906e-01  -2.4457873e-01   2.6100476e-01  -1.6283379e-01   1.4388111e-01  -1.1148610e-01   1.3541235e-01   3.9209350e-01   4.6189715e-01   4.0867468e-02   6.7769208e-01   1.5580064e-01   5.6987384e-01   3.2270259e-01   1.7098707e-01   1.3126679e-01   6.8754899e-02   2.8859353e-01   8.9005214e-02   3.9588327e-01  -2.5872338e-01   3.9206547e-01   4.9195958e-01  -5.0255706e-02   1.6565280e-02   2.6640784e-01  -1.9545504e-01  -7.1289875e-03   2.0145409e-01   5.7375922e-03  -2.5942550e-01   5.3313485e-01   2.8742323e-01   1.0688669e-02   2.9144779e-01   3.3363334e-01  -6.8938104e-02   4.7963778e-01  -3.9780689e-02  -1.1266388e-01  -1.3148695e-01   3.1689229e-01   5.8481776e-03  -4.7445384e-02   1.1247986e-01  -6.4374736e-02   6.6472271e-01  -4.9752684e-01  -4.2892886e-01   2.6156648e-01  -1.5489546e-01   4.8954876e-01  -4.5519808e-02   3.7817688e-02   1.9683444e-01   2.3339400e-03  -1.3062939e-01   1.6661020e-01   1.6006972e-02  -1.6830641e-01   2.4947862e-01   1.4747840e-01   2.9307049e-01  -2.0774394e-01  -7.8301272e-02   1.0954623e-02   2.2348635e-01   2.0828830e-01   2.5224818e-01   3.1107337e-01   3.2524747e-01  -1.1680948e-02   1.8372973e-01  -1.7852247e-01  -2.6130933e-01   7.2435607e-02   8.0735602e-01  -1.7477292e-01  -7.3369418e-02   4.9337066e-01
  -1.1506089e-01  -9.8969852e-03  -9.7494330e-02   3.1053629e-01  -2.7406745e-01   2.7708841e-01   0.0000000e+00   2.7154500e-01  -2.0760231e-01   4.7691232e-01  -1.5560137e-01   3.0430817e-01  -1.0685906e-02  -1.7005872e-02   2.7607078e-01  -1.2292685e-02  -2.9218543e-01  -7.5305431e-02  -1.8325527e-01  -1.2500729e-01   1.0851497e-01   8.2058064e-02   6.2572727e-01  -3.1085866e-01  -8.5377631e-02   1.8282637e-01   7.6081058e-02   1.0403154e-01  -1.1033128e-01   8.7985372e-02  -2.3517425e-01   5.4858082e-02  -2.3940542e-02   7.9317550e-01   4.8213388e-01   1.8620511e-01  -1.6073267e-01  -4.4141257e-01  -1.7795785e-01   2.9831202e-01  -1.0075159e-01  -1.1005609e-02   4.3044251e-01  -8.6194044e-02   2.6716297e-01  -5.4326409e-01  -1.5941156e-01   4.7849856e-01  -1.8674191e-01  -1.6898923e-01   4.2202421e-03   2.4476427e-01   2.2507737e-01   7.3520041e-02  -1.3251419e-02  -5.7765813e-03  -1.2701179e-01   1.9760639e-02  -3.9173600e-02   7.0604424e-02  -4.5908235e-01   2.1084029e-01  -3.4455015e-01  -3.6937725e-01  -4.6618883e-02   3.9298967e-03   3.1635050e-01   4.2709268e-02   1.0274302e-01   7.7486566e-03   2.1982895e-01   2.6643934e-01   5.6708312e-02  -8.2400312e-02  -1.0364080e-01   2.9109927e-02  -4.9615877e-01  -7.4981510e-02   1.2256997e-01   6.4909956e-02   1.3881696e-01   8.8645749e-02   1.9167503e-01   4.3300988e-02  -3.9976589e-02   8.9701883e-02   3.8486023e-01  -1.8950432e-01  -5.9170425e-02  -2.0864884e-01  -2.5613395e-01  -3.8892994e-01   4.4978942e-01   1.2980271e-02  -4.2977786e-01  -1.5327784e-01   2.3857860e-01   1.4326400e-02   1.1937129e-01   5.7477103e-01   9.5999628e-02   1.2169983e-01   1.0228661e-01  -2.6484991e-01   1.5526245e-01   2.2166733e-01   7.8993735e-02   2.2945616e-01   2.6443208e-01   2.2357146e-01   7.1867884e-01   2.8664824e-01   2.4797724e-01  -2.6641055e-01   4.2075476e-01  -1.4034836e-01  -1.2119819e-01  -4.1966591e-02  -1.4712552e-02   3.5610144e-01  -2.8623058e-01   7.4170159e-02   1.8476323e-01  -2.2894881e-01  -4.5115155e-01  -1.9542576e-01   9.8635391e-02   4.8070123e-02   2.4482178e-01  -1.7912731e-01   5.3846705e-02   3.3257248e-01  -2.3911316e-01   2.6288749e-01   3.5234804e-01   3.0947302e-02   5.9182328e-02  -4.5074466e-02   3.0194235e-01  -3.1921028e-02  -1.2254740e-01  -9.4556953e-02  -3.1777368e-01   3.6804004e-01   1.2304075e-01  -3.7844431e-01   8.2252337e-01  -2.3897150e-01   4.0610516e-01   3.2578783e-01  -5.2595890e-02   1.5980850e-01  -1.8979892e-01  -1.8404568e-01  -3.5526240e-02  -2.4735954e-01  -4.1210680e-01   1.7129150e-02  -4.0451698e-01   4.6209949e-01   2.6273642e-01  -2.8532890e-01   9.9256567e-03  -6.4347643e-02   2.4653753e-01  -1.5363827e-03   3.1355661e-02  -6.9308959e-02  -1.4423117e-01   4.8328798e-02   5.1979869e-02  -3.1926925e-01   1.2405184e-01   6.7400705e-02   9.6235971e-03  -5.9371622e-02   2.6449760e-01
   7.7035787e-02  -2.7017004e-02  -7.4909457e-02   3.5592351e-01  -8.8997114e-02   4.2687734e-01   2.7154500e-01   0.0000000e+00  -1.4959885e-02  -9.2640277e-02   1.0613647e-01  -6.5964477e-02   6.6572348e-02   2.2361879e-02  -6.6112375e-02  -1.1918346e-01  -1.6900738e-01  -1.3230659e-02   3.7525256e-01  -7.9142830e-02   2.0265493e-01   2.1201723e-01   1.9285856e-01   2.9187792e-03  -8.3371625e-02   4.6519704e-01   1.3351820e-01   3.3799604e-01  -2.5369703e-01   6.4112697e-02  -1.4888626e-01   3.3489107e-01   3.2952699e-02   2.1085669e-01   9.6976560e-02   1.7686215e-02  -1.4057105e-01  -8.5251538e-02   8.9557952e-03   6.9838619e-02   1.1943454e-01   1.4259633e-01   1.7050194e-01   2.2539808e-01   5.7234479e-02  -2.1721878e-01  -1.5026478e-02   2.6123875e-01   7.9332074e-02  -4.9108315e-03   1.2771995e-01   7.0025414e-01   1.4118101e-01   5.4921429e-02   9.3364048e-02   2.7633586e-01   2.9782429e-01   1.5220374e-01   1.5040139e-01   1.1509441e-01  -1.0333199e-01   7.7956148e-02  -1.6980373e-01   5.4633469e-02   1.7181068e-01  -1.1800176e-02   5.1624081e-01  -2.7890434e-01   2.6699182e-01  -1.4896872e-02   1.2654754e-01   2.4440945e-01  -2.0511158e-02  -4.3466425e-02  -1.3171176e-01   4.4226203e-02  -2.4128256e-02  -1.5367267e-02   8.8575651e-02   1.0310921e-01   4.2848342e-01   1.6356055e-02   2.2851815e-01   4.9457520e-01  -1.1424730e-01   1.3981189e-01   2.3445422e-01  -3.8136079e-02   1.7384161e-02   1.2838718e-02  -3.3721479e-02   3.5272878e-02   1.9037609e-01   7.1419639e-02  -6.9479795e-02  -1.0476900e-01   1.8883851e-01   4.5056460e-01  -1.6314309e-01   2.3486903e-01  -4.0133973e-02   1.7724212e-01   3.4926232e-01   1.2163080e-01   2.2311067e-01   3.6767073e-01   1.4379023e-01   5.2648125e-01   2.6395307e-01   2.8607533e-01   1.9588715e-01   2.1120589e-01   1.7500270e-01  -5.1253475e-02   7.3561372e-02   1.3094563e-01   8.7599397e-02  -2.0684577e-01   2.1064625e-01   3.3799161e-01  -7.0898039e-02  -1.0725598e-01   1.2945440e-01  -1.9966809e-02  -9.6875808e-02   1.4297975e-01   9.8309701e-02  -5.8865899e-02   3.7828315e-01  -1.7466744e-01   4.4175981e-02   2.7645299e-01   5.3232718e-02   1.4718600e-01   2.9664535e-01   3.1024339e-01  -8.1265087e-02   1.4032840e-01   4.9877812e-01   1.9588124e-02   3.0061967e-02  -4.9448875e-02   3.9888879e-04   2.1596935e-01  -1.8832185e-01  -1.2055619e-01   2.0936848e-01  -4.2330669e-02   1.1878561e-01   9.9870582e-02  -5.3573626e-02   6.0481599e-01   1.7267935e-02   4.6461414e-02  -7.1965475e-02   8.2355599e-02  -1.3888466e-01   1.4236029e-01   8.2884611e-02   4.0666992e-01  -2.1907356e-02  -1.5776615e-02  -5.6867164e-02   1.8744475e-01   9.4849373e-02   9.4018656e-02   2.2477335e-01   3.4495233e-01  -2.6747080e-02   2.3332853e-01  -2.4336620e-02  -1.2380784e-01   1.6268117e-01   2.8504314e-01   5.5297564e-02  -4.4339589e-02   2.6942829e-01
  -1.6334266e-01   4.1727380e-01   1.2449459e-01  -7.3757630e-02   5.1014557e-01  -8.4500081e-02  -2.0760231e-01  -1.4959885e-02   0.0000000e+00  -2.5871532e-02   2.0123762e-01   5.5288623e-02   4.6286373e-02  -3.5735025e-01   1.8946368e-01   2.0611631e-01   2.5375631e-01  -1.2402904e-01   8.0331432e-02   4.2197157e-01  -3.3998258e-01  -3.0140286e-01  -3.0398940e-01  -2.1884778e-03   1.9676290e-01  -4.4419415e-02   2.8317806e-01  -2.3494531e-01   3.0394647e-02  -7.3012942e-02   4.2648607e-01   2.0632030e-01   1.7776395e-01  -2.1945669e-01  -1.6339856e-01   1.7240763e-01   2.7385986e-01   1.8230789e-01   3.4830753e-01   1.4594079e-01   9.2022856e-02   4.2737528e-02   3.8009776e-01  -1.9222916e-01  -5.7956819e-02   2.2724382e-01   1.0621658e-01  -4.2707347e-01   2.6136488e-01   1.9031766e-01  -1.3446077e-01   6.5290320e-03  -5.8871306e-02  -1.4222182e-01  -2.3422276e-01  -2.5708911e-01   2.2329620e-01  -2.7279946e-01   3.1488579e-01   3.6328682e-02   1.9049356e-01   1.8657117e-01   4.7549192e-01   4.5222444e-01   2.0351658e-01   3.0186965e-02   4.7399427e-03  -9.8389707e-02  -2.1437731e-01  -6.2341766e-02   3.2794980e-01  -1.7076270e-01   2.7128436e-01  -3.2325861e-01   6.9913015e-02   9.7571153e-02   2.5393960e-01   5.6435558e-03   2.1159495e-01   1.9124828e-01  -2.1447439e-01   2.1488857e-01  -3.1113502e-01  -7.3061046e-02  -3.0934367e-01   2.2568609e-01  -2.1581773e-01  -1.6683672e-01   3.1950911e-01  -2.1832969e-01   3.7536141e-01   3.5565699e-02  -7.7192159e-02   7.9678182e-01   2.5266977e-01   3.4549182e-01   1.3932241e-01   8.0395460e-02   2.9423193e-02  -4.1976110e-01  -5.1033459e-02  -2.6633302e-01  -3.3316372e-01   6.4826196e-01  -2.7447402e-01  -1.5769915e-01   5.5034374e-02   9.9029527e-02  -3.2578441e-02  -3.6521755e-01  -3.4454652e-01  -4.6784797e-01   6.7736623e-02  -1.5398928e-01  -4.0922027e-01   4.9602594e-01   5.0801498e-02   1.3438066e-01  -3.4535598e-01  -1.5100789e-01   1.1790076e-01   2.3755720e-01   2.2830083e-01   1.0497531e-01   2.2429632e-02  -2.1785451e-01  -1.6678209e-03   6.1824322e-02  -7.2653913e-02  -8.0723714e-02   2.4706415e-01   1.5375374e-01  -1.0211686e-01  -1.4557681e-01   1.2906241e-01   3.4991760e-01   4.1203048e-02  -3.3811092e-01  -3.4940831e-02   1.3872882e-01   4.3564450e-02   8.8851581e-03   1.6826577e-01  -3.3383077e-01   1.1358545e-01   4.3244753e-01  -1.4566309e-01   5.5737545e-01  -3.1274061e-01  -1.8105814e-01  -3.6870742e-01  -2.7845488e-01  -1.1314659e-02   5.1743740e-01   3.1986692e-01   6.3922364e-03   2.7650719e-01   2.7577711e-01   1.5947183e-01  -4.8996211e-01   5.5433601e-02   2.4672817e-01  -2.1287115e-02   1.0801387e-01   1.5696219e-01   2.2612662e-01   2.8053769e-01  -1.0480249e-01  -1.4830959e-01   1.5503213e-01   4.1299821e-01   2.6094251e-01   1.1478139e-01  -1.0998878e-01   3.3782858e-01   1.7171018e-01   4.7344786e-02
  -2.9438293e-01   1.2749305e-01   3.1003589e-01  -4.3247727e-02   1.8212064e-01   1.0027623e-01   4.7691232e-01  -9.2640277e-02  -2.5871532e-02   0.0000000e+00  -1.8356463e-01   4.4190180e-01   6.2280125e-02  -2.5717910e-01   8.9695625e-02   3.0784963e-02   1.4665872e-01  -1.9783670e-01  -9.0487466e-02   2.7421094e-01  -5.1335212e-02  -3.0865415e-02   2.5153515e-01  -3.0784042e-01  -5.6012070e-02  -1.1176617e-01   8.9975351e-02  -5.6034365e-02   1.7301918e-01  -1.4989993e-01  -2.5995824e-01   6.6958824e-02  -2.0816496e-01   3.6645598e-01   1.7591075e-01   2.9598471e-01   4.2794555e-02  -3.6067897e-01  -2.1184001e-02   3.5287244e-01   4.4893532e-03  -2.0238905e-01   5.7237073e-01  -2.2284205e-01   7.5480985e-02  -2.7007271e-01  -1.2138973e-01  -6.5787112e-03  -1.6329331e-02  -1.2195408e-01  -2.3802147e-02  -2.0475191e-01  -3.6058547e-02   4.0632148e-02  -2.0421213e-01  -1.0616608e-01  -2.6240775e-01  -3.2611403e-02  -1.6814558e-01   3.5594237e-02  -3.3273261e-01   4.7026746e-02  -1.6000700e-01  -3.2748986e-01  -3.5387927e-01   2.2259738e-01   6.6560926e-02   1.5177116e-01  -2.3263955e-01   1.6902036e-01   3.0190780e-01  -6.6415251e-02  -2.3695463e-02   4.3239094e-03   5.5279492e-02   1.3508775e-01  -4.0364717e-01   1.4678587e-02  -1.2865034e-02  -1.2344936e-01  -1.7210860e-01   2.6234037e-03  -7.3134210e-02  -1.9232801e-01  -2.3255328e-02   4.9990364e-02  -1.0371870e-01  -1.9021474e-01  -3.0736884e-02  -2.8362917e-01   4.9089026e-03  -2.9780889e-01   2.8607986e-01   1.6286515e-01  -3.6793048e-01   2.8313104e-01   5.8122000e-03  -4.9464145e-02   2.3617050e-02   1.3091412e-01   6.1721084e-02  -2.2392503e-01  -1.5480830e-01  -2.5305748e-01   1.3776715e-02   6.2884856e-02  -1.5051098e-01  -1.9710185e-01   7.9539223e-02   7.6852802e-02   3.6899010e-01  -2.5408384e-02  -7.5168683e-02  -1.9899144e-01   1.8059436e-01  -1.5521585e-01  -1.0323735e-01   9.2335254e-02  -9.8656476e-02   3.8883107e-02  -3.9073738e-01   4.3129710e-01   3.5310095e-01  -3.3285601e-01  -2.2000482e-01  -1.5896683e-01  -1.5430305e-01  -5.8060187e-02  -9.4552575e-03   1.2451643e-01   1.7492990e-01   9.7207069e-02  -1.9193685e-01   1.2641263e-01   1.9779835e-01  -4.9652636e-02  -1.2156323e-01  -2.5568095e-01  -1.3642694e-01  -2.1668555e-01  -2.2549755e-01   1.6393675e-01  -2.5859629e-01   3.0909171e-01   6.5114280e-02  -3.4254448e-01   5.3982532e-01   4.1587448e-02   3.7456428e-01   1.0565392e-01  -1.4639310e-01  -2.2108009e-01  -3.7136779e-01  -1.1775577e-01   3.1425723e-01  -3.8519626e-01  -3.5977768e-01  -5.8642938e-02  -3.9133513e-01  -7.6149373e-02   2.8341590e-01  -1.7371207e-01   3.2071458e-01  -3.7040371e-01   2.2526513e-01   5.9511386e-03   6.5411728e-02  -1.0155804e-01  -2.8654146e-01  -5.1968170e-02   9.2069417e-02  -3.4755601e-01  -2.0563378e-01   1.5002276e-01  -6.2048904e-02  -2.1179137e-01   6.5676243e-02
   2.5205365e-02  -3.3804553e-01  -1.7953469e-02   5.2253882e-02  -5.4640274e-02   3.7010287e-02  -1.5560137e-01   1.0613647e-01   2.0123762e-01  -1.8356463e-01   0.0000000e+00  -3.2025333e-01  -9.5389873e-03   8.2319163e-02  -9.8961813e-02  -8.5498367e-02   1.1907020e-01   5.8096009e-01   1.7548762e-01  -7.1859225e-02   3.4718825e-01  -4.5038309e-02   2.3812606e-01  -1.2114670e-01  -1.1173740e-01   3.0317254e-02   1.3341069e-03   2.8131269e-01  -1.9150920e-01   9.0930571e-02   7.4631239e-02   3.8903490e-02  -7.0665506e-02  -3.3792382e-02  -2.1251254e-01  -4.1317372e-02   7.9382735e-02   3.4860095e-01   3.4438751e-03  -2.6481802e-01  -3.9572450e-02   8.5439780e-02  -1.2197406e-01   4.0750359e-01   5.5786039e-02   3.0051612e-01   5.4883815e-01   9.0752040e-02  -4.4690311e-02  -2.2142666e-02   3.1126807e-01   7.4129651e-02  -1.3594056e-01  -2.1750022e-01  -2.1004638e-02   3.3637774e-01   8.5880786e-02  -1.8616839e-02   1.9471125e-01   8.7864441e-02   4.5238565e-01   7.2513997e-02  -9.3919091e-02   6.5509784e-01   7.3159211e-02   1.5400877e-01  -7.7847573e-03  -3.1644143e-01   2.3186115e-01   1.2156621e-01  -3.5714516e-01   4.8455451e-02  -1.5063473e-01  -2.0711160e-01  -3.2937812e-01   4.1727506e-02   5.1619711e-01  -1.4275996e-01  -4.4735277e-01  -3.2644107e-01   3.8025236e-01  -1.8234561e-01   3.1849133e-01   1.6650129e-01  -4.5990255e-02   4.0301973e-02  -6.0245285e-02  -3.0550678e-01  -3.1992441e-01  -7.8621964e-02  -2.9915051e-01   4.1588218e-01  -1.3347633e-01   1.6263472e-01   3.8173402e-01  -1.2536774e-01  -1.3156376e-01   2.0265201e-01  -2.1923279e-01   1.2139974e-01   1.3726964e-01   4.8793483e-01   7.5059650e-02   3.8344351e-01   7.2249510e-02  -3.8467188e-02  -1.7850475e-01   1.4811599e-01  -7.2584999e-02   1.5173611e-01   8.0413743e-02  -9.6566777e-02  -2.0676974e-01  -3.7915257e-02   1.1170069e-01  -8.5372885e-02  -3.1313312e-02  -1.9848603e-01   2.8360841e-01  -7.2772351e-02   1.8017256e-01  -3.3934551e-01  -1.2575581e-01   4.7652071e-01   1.3170335e-01  -4.2565776e-02   4.6018227e-01  -3.4843885e-01  -3.4746314e-02   1.9946131e-01  -1.5906802e-02   3.2761155e-01   1.4972732e-01   1.6905395e-01  -1.5300029e-01   2.5717826e-01  -1.6484020e-01   3.2170861e-01  -8.7847749e-02   1.4065426e-01  -9.4850989e-02  -1.4501447e-02   5.6776982e-01   5.3099263e-02   1.0488880e-02   3.1887134e-01  -2.9660863e-01   8.0499473e-04  -7.6894911e-02   1.4501547e-01  -1.6624016e-01   2.7261113e-01  -1.4945006e-01   2.3167022e-01  -1.5897873e-01  -5.2646786e-03   2.0621283e-01   8.8203019e-02   3.9193024e-01   1.9775304e-01  -9.4274478e-02   4.6908141e-01   2.2958587e-01   3.4687307e-01  -1.4215818e-01   1.0579492e-01   2.4386911e-01   3.8409698e-01  -1.2356782e-01   4.4065044e-02  -3.3265213e-01   1.5785980e-01   1.0784323e-01   8.1037684e-02  -9.1252372e-02   9.4158769e-02  -2.1806544e-01
  -3.7843047e-01   6.0753434e-01   6.3164638e-01  -3.0169817e-01   3.5032421e-01  -2.6033599e-02   3.0430817e-01  -6.5964477e-02   5.5288623e-02   4.4190180e-01  -3.2025333e-01   0.0000000e+00  -2.0060801e-01  -4.4791102e-01   3.0547354e-01   1.4514926e-01   4.5324757e-01  -2.4771154e-01  -1.3377878e-01   3.7447721e-01  -2.7516746e-01  -3.9885897e-02   1.5036379e-02  -3.8236576e-01   1.0585490e-01  -4.9475240e-02   3.2605994e-01  -3.4620866e-01   2.8388637e-01   6.0571046e-02   4.2905693e-02  -1.5712236e-01  -1.2112593e-01   1.2801662e-01   1.3287671e-01   4.8921397e-01   4.8358651e-02  -2.4428514e-01   1.1671585e-01   4.8714650e-01  -1.2349880e-01  -1.9047485e-01   5.3113846e-01  -3.1689245e-01  -1.1070999e-01  -1.0184791e-01  -2.1050553e-01  -1.8379743e-01  -7.0613393e-02   3.3812919e-01  -3.5956261e-01  -5.5704880e-02   1.1328316e-01   7.4377288e-04  -1.7863257e-01  -2.5498343e-01   1.1844572e-02  -9.0009712e-02  -2.8926759e-01   2.7297980e-01  -2.1943103e-01   8.3070800e-02   1.6357124e-01  -2.8576189e-01  -3.7344754e-01   3.1115897e-01   7.6648369e-02   2.9752175e-01  -4.1700979e-01   2.8066282e-01   5.2276612e-01  -3.4528349e-01   1.7727296e-01   8.9616764e-02   9.6843877e-02   1.9121511e-01  -3.5671416e-01  -6.3515984e-02   3.0386346e-01   2.3454729e-01  -4.9312854e-01   8.9422776e-02  -2.6727466e-01  -2.3185507e-01   5.0960170e-02   1.4665226e-01  -3.8427565e-02  -2.7948488e-01   2.0751637e-01  -3.9668857e-01   1.7502709e-01  -1.6821858e-01   5.2575508e-01   2.2099884e-01  -2.5855738e-01   1.4327818e-01  -1.7798935e-01   8.4558358e-03   2.6003288e-01  -1.2113667e-01   2.7558533e-01  -4.0195436e-01   1.7399912e-02  -9.4803723e-03  -2.0688487e-01   3.2666998e-03   7.7143627e-03  -2.3275277e-01  -1.5217288e-01  -8.1757505e-02   2.6904392e-01  -6.7558199e-02  -5.4642626e-02  -3.2838320e-01  -4.7508805e-02  -7.8642068e-02  -1.2879783e-01   1.8690969e-01  -4.0108497e-01  -2.1526828e-01  -3.8885354e-01   4.9067663e-01   4.7973204e-01  -3.1095361e-01  -1.9511846e-01  -4.4503571e-01  -1.7308789e-01   2.9829649e-01  -1.5911343e-01   1.7753035e-01   3.1631721e-01  -1.0675640e-01  -1.7599153e-01   7.5963906e-02   1.3447702e-02  -1.0423397e-02   1.8000155e-01  -4.1498978e-01  -4.5192355e-02  -2.0131903e-01  -8.4151625e-02  -1.6605902e-01  -2.4313173e-01   2.3075111e-01   3.8455647e-01  -1.3601659e-01   4.7569081e-01   6.4400546e-02   4.4464766e-01  -4.6419567e-02  -2.2381350e-01  -2.1651555e-01  -2.9190760e-01  -5.7110040e-02   6.7726259e-01  -2.9025886e-01  -2.5704945e-01  -2.4679230e-01  -3.5686100e-01  -3.1611782e-01   1.0029084e-01  -1.8276746e-01   1.4699366e-01  -4.1382722e-01   2.5264111e-01   4.3069739e-03   7.6280535e-02  -2.4131942e-01  -1.4809299e-01   4.9644934e-02   2.1918043e-01  -1.7702097e-01  -2.6928278e-01   1.2746801e-01   4.6209963e-02  -4.1632492e-01   1.4261948e-01
   1.5068335e-01  -1.3107191e-01   4.1146366e-02   1.3061312e-01   2.1528246e-01   2.1599924e-01  -1.0685906e-02   6.6572348e-02   4.6286373e-02   6.2280125e-02  -9.5389873e-03  -2.0060801e-01   0.0000000e+00  -3.6253316e-03   3.4132885e-03  -2.3386512e-02   2.6140865e-02  -3.0393815e-02   1.8633029e-02   1.8999465e-01  -9.2654056e-02   1.6698851e-01  -3.6027215e-02   2.0380219e-01  -1.9593897e-01   8.7439238e-02  -2.0803778e-01   3.0924174e-01   7.2251399e-02  -3.8262580e-01  -1.3079786e-01   7.6383272e-02   2.2140534e-01  -5.6322990e-02  -7.8822910e-02   1.5343167e-02   2.1757235e-01   1.1273739e-01   7.4384401e-03   9.3791030e-02   8.5260221e-01   4.2201192e-01   1.9137837e-01   8.2037451e-02  -8.3495637e-02   1.5084772e-01   1.7903121e-01  -1.4477761e-01  -2.7870615e-02  -1.1456933e-01   1.4282735e-01   3.8866129e-02  -5.5191131e-02   1.2622158e-01  -6.3514897e-02   1.1212052e-01  -2.8369405e-02   1.0655248e-02   2.5944754e-01  -8.1756772e-02   1.5470572e-01   3.7236545e-02  -1.1064348e-02   1.1371417e-01   3.0757814e-02  -9.9440823e-02   5.4201126e-02  -6.3879529e-02   1.1952770e-01   5.4179443e-02  -2.4786271e-02  -1.0995819e-01  -2.2971595e-02   1.9438751e-02   1.6315275e-02  -2.7995120e-01   1.8695125e-01   3.1274275e-01  -4.5603107e-03   8.6111327e-02   3.3461724e-01  -4.4910243e-02   2.0410162e-02   2.5707398e-01  -3.3484299e-02  -1.5645486e-01  -2.1389892e-01   1.2825896e-01  -7.9455157e-02   2.6877224e-01   1.4100745e-01   1.6319758e-01   4.8950244e-02   2.0018452e-01   1.5655497e-01   9.3763236e-02   1.2866269e-01   7.2643248e-02  -2.1545861e-01   6.5821665e-02  -3.8239834e-02   2.1505226e-01  -1.9875661e-01  -4.7510809e-02   4.6670033e-02  -1.2951286e-02   7.1753733e-02   7.5305631e-02   7.5659388e-03   7.0852028e-02   2.3899172e-02  -2.2956503e-01  -4.1969281e-02   2.9467948e-01   1.2718035e-01   2.4892934e-01   2.5634796e-01   2.2375584e-01   1.8371971e-01   2.6631186e-01  -4.9181493e-02   1.8311150e-01   1.4026477e-01  -9.0376496e-02   1.3237992e-01   2.3756208e-01  -4.3303664e-02  -1.6667908e-01   1.3913660e-01   5.0257903e-03   4.3634097e-01   8.9293112e-02   2.8456365e-02  -9.3862535e-02   2.3499902e-01  -9.0501616e-02  -2.0094903e-01  -5.0313255e-02   4.7419969e-02  -2.6453840e-02   1.1589378e-01   6.0424960e-01   9.0478689e-02   6.5774253e-02  -1.6777134e-01  -6.5747995e-02   1.6161544e-02   9.4184836e-02  -6.5903652e-02   2.3366822e-02   9.0997767e-02   8.0109795e-02   4.5865335e-02   1.8528732e-01   7.5482802e-02   1.2370528e-01   3.7013341e-02   3.3463251e-01   2.0501815e-01   1.0413223e-01  -1.1614700e-01   2.2199011e-01   1.4720107e-01   2.1481859e-01  -9.3058607e-03   2.2463582e-01   1.1217515e-01  -5.1135823e-03  -9.9880461e-02   2.4617031e-01   6.5574402e-02   4.6170502e-02   1.1597042e-01   2.0290596e-01  -7.3217904e-02   1.0642214e-01   1.9442224e-01
   5.5125325e-01  -2.7239288e-01  -4.1701914e-01   3.8677332e-01  -4.9898867e-01  -2.9289350e-02  -1.7005872e-02   2.2361879e-02  -3.5735025e-01  -2.5717910e-01   8.2319163e-02  -4.4791102e-01  -3.6253316e-03   0.0000000e+00  -6.0002222e-02   7.9298225e-02  -3.9000918e-01   3.2312007e-01   1.6194278e-01  -4.8184595e-01   3.6437433e-01   3.2589200e-01   1.9134746e-01   2.4142751e-01  -1.6329945e-01   1.9464086e-02  -3.1907864e-01   1.5364588e-01  -4.6732980e-02   2.4898024e-01   4.9936077e-02   9.3018833e-02  -6.5659487e-02   7.3909858e-02   3.6640868e-01  -3.6568987e-01  -1.7349512e-01   2.3986920e-02  -1.1020881e-01  -3.6654169e-01  -6.3533821e-02   6.0207356e-02  -4.8487753e-01   4.3610921e-01   2.6706824e-01  -9.2173538e-02   1.1338873e-01   4.8829222e-01   1.9904242e-02  -2.6425704e-01   2.7361797e-01   7.7770623e-03   8.8290552e-02   7.6208475e-02   5.8596905e-01   2.0259015e-01  -9.1219680e-02   2.6903945e-01   2.1596469e-01   2.7587794e-02  -6.9752461e-02  -2.5182006e-02  -3.2046367e-01   5.4182588e-02   1.4099908e-01  -2.2466893e-01  -3.3420786e-02  -1.3436018e-01   3.7802277e-01  -1.0559659e-01  -3.6853008e-01   3.6900452e-01  -1.6682476e-01   2.9504491e-01  -5.3722598e-02   2.9828081e-03   2.6333478e-02   1.2499654e-01  -1.8250022e-01  -7.6811280e-02   4.6807123e-01  -1.3475719e-01   3.9323301e-01   3.0605765e-02   3.1985235e-01  -1.7662479e-01   3.4421792e-01   2.4090702e-01  -2.7440755e-01   3.8753868e-01  -2.4431756e-01  -4.7501514e-03  -2.4678205e-01  -4.4052508e-01   2.1460125e-02  -2.8178034e-01   2.0590941e-01   4.6041753e-02  -1.2591999e-01   2.5142838e-01   7.3175672e-02   4.2179820e-01   3.8816723e-01  -1.8962104e-01   2.8962341e-01   9.9863935e-02   8.0747798e-02   1.0119659e-01   6.2505118e-02   3.8299494e-01  -1.0190550e-02   4.3430162e-01   2.2625119e-01   3.8365617e-01   3.2094624e-01  -1.5697375e-01   9.6590053e-02  -1.9700341e-01   4.6220827e-01   2.0226039e-01   1.9510017e-01  -4.1308301e-01  -2.8034193e-01   2.6420033e-01   7.6395118e-02   5.4313132e-01   2.7829984e-01  -8.5205033e-02   1.0772750e-01   9.4129850e-02  -2.7365240e-01   2.5232544e-02   4.9914859e-01   1.6158362e-01  -6.9348369e-02  -1.2892089e-01  -1.8670297e-01   6.8772555e-01   5.7268076e-02   3.4471051e-01   2.9440155e-01  -1.3561682e-01   1.6667864e-01   2.0513004e-03   9.1870044e-04   1.2477434e-01  -1.5519069e-01  -3.2926598e-01  -2.6263901e-02   1.2245317e-01   4.8307745e-01   4.3180942e-01   1.8173686e-01  -1.6362017e-01  -4.8514098e-01   2.6545560e-01   3.5311089e-02   7.0464365e-02  -2.4132814e-02   5.1690229e-01  -3.1690028e-02   2.3699848e-02  -2.9025940e-02   1.8498084e-01  -1.6351755e-01  -1.1964122e-02  -1.8573400e-01   1.9423282e-01   4.1170926e-01   3.1948360e-03  -2.0532368e-01  -3.5649637e-02   1.5500179e-01  -1.0903329e-01   2.4857044e-02  -3.1702552e-02  -1.2040648e-01
