   0.0000000e+00   3.0967337e-01  -1.1254970e-01  -2.8388736e-01  -1.0270872e-01  -3.1469491e-01   1.3830823e-02   7.7402235e-02   2.0273315e-01  -9.6255166e-02  -1.7559915e-01   6.1701653e-02  -1.5772338e-01   3.3883675e-01   1.5643354e-01   3.8877776e-03  -5.8437337e-02  -1.6189397e-01  -3.9847287e-02  -1.7197561e-01  -3.4926648e-01  -7.6864521e-02  -2.0085613e-01   5.4951957e-01   1.7186173e-02   5.0738275e-02   1.0172034e-01   5.0495195e-01   2.7674752e-02  -1.0504820e-01   7.4584666e-02  -1.1763757e-01  -1.5776657e-01  -1.5392762e-01  -2.0305228e-01  -1.6886174e-01   2.7330566e-01  -9.8642361e-03  -2.0414882e-01  -3.8554556e-02  -1.1148583e-01  -2.3136613e-01  -6.3071054e-02   4.8401715e-02   7.7516400e-03   7.2433458e-02  -3.0126348e-01  -1.4048853e-01   5.3313121e-02  -3.2582731e-02  -1.6824012e-01   2.3011111e-01   2.4617887e-01   7.6416754e-02   2.5312318e-01  -2.0788966e-01  -1.2237865e-01  -1.6494357e-01  -1.0558207e-01   1.0327027e-01  -1.8575531e-03   1.5945368e-01   1.7539886e-01   3.0626777e-01   1.2135992e-01  -1.0492646e-01  -2.3006521e-01  -4.5764858e-03  -2.3158459e-01  -5.9638393e-02   3.8659332e-02  -8.9664290e-02  -1.8839133e-01   3.0553309e-01   2.5268140e-01   8.3439697e-02  -4.3902969e-04  -1.1055606e-01   8.4250763e-02   5.5899151e-02   1.2097498e-01  -1.0670917e-01  -8.9994071e-02   1.6292728e-01   1.2563186e-01  -2.0865548e-02   1.9837238e-01   4.4676244e-01   1.4004176e-01   7.6493682e-01   1.4943751e-01  -1.2179210e-01  -3.3916986e-01  -8.9875725e-02  -6.5545898e-02   1.0750614e-01  -1.2641506e-01  -9.3373129e-02  -2.2828001e-02   1.7984478e-02   6.8551893e-02   5.4826014e-02   1.2719093e-01   2.0096260e-01  -1.2358143e-01  -8.0882868e-02  -8.3275091e-02  -2.4926700e-01  -8.6279737e-03  -3.2189872e-01  -7.8384103e-02  -8.1444525e-02  -1.7037962e-01   7.5905290e-01   4.4275093e-02   2.1261724e-01  -1.6409765e-01  -3.5036263e-01   4.6342643e-01  -1.0692970e-01   3.5469228e-01   3.1084676e-02   1.2246483e-01  -3.6990827e-02  -1.9389367e-02   1.7388485e-01  -4.0881706e-02   2.0833972e-01  -1.2419950e-01  -6.4883397e-03  -2.0337207e-01  -1.1471402e-01   2.0519845e-01  -1.2959901e-01  -7.5978791e-02   2.3341446e-01   1.2431019e-01   2.1600023e-01   1.7991167e-01   5.2650423e-01   7.8575603e-01   2.5213923e-02  -1.5871970e-02  -1.8707445e-01  -9.4117901e-02  -1.4073018e-01  -1.1336386e-01   1.0260921e-01  -1.8751646e-01  -8.4344212e-02   5.1803002e-01   1.5974856e-01   2.5113430e-01   3.7371675e-02   2.7832565e-02   4.0666594e-01   2.2064514e-01   2.6812608e-02   5.5862202e-02   1.5722395e-01  -1.2406522e-02   4.7310017e-02  -5.5845623e-02  -1.7791424e-01  -6.7572599e-02   4.6598874e-02   1.6203371e-01   1.2478289e-01   4.4554484e-01   4.5467251e-02  -4.4781396e-03  -3.2399410e-02  -6.8653150e-02  -1.8461809e-01   7.2117864e-02  -1.4759342e-01  -5.3592244e-02
   3.0967337e-01   0.0000000e+00  -6.3914247e-02  -4.6722855e-02   3.9629515e-01  -1.2920524e-01   2.5364653e-01   1.8536379e-01   3.6647191e-01  -1.2232034e-01  -2.8885133e-01   4.4517941e-01  -5.1622213e-02   1.1069164e-01  -2.2149065e-01  -1.0917528e-01  -5.2388339e-03  -2.1670920e-01   1.0667891e-01  -6.4734137e-03  -2.8884717e-01  -4.4897863e-02  -4.2379145e-01   2.4807353e-01  -5.9343175e-03   2.0232256e-01   2.1246049e-01   1.9673961e-01   8.2803780e-02  -9.0662076e-02   7.6100580e-03   7.5696618e-03  -1.7077760e-02  -9.2208633e-02  -2.3388279e-01  -6.3104974e-02   7.2024489e-03  -1.0173497e-01   1.9391619e-03   8.6358319e-02  -5.0965831e-02  -3.2889942e-01   1.6004646e-01  -1.5692495e-02  -8.0949796e-02  -3.7083833e-02  -7.3265783e-02   1.2520166e-01  -2.6450880e-01   1.5019426e-01  -2.5039778e-01   9.5706321e-02   7.1757130e-01   5.2838011e-03  -4.2742207e-02  -4.4703178e-01  -9.3963995e-02   1.6240775e-02  -5.0636504e-03   3.0723710e-01  -1.2237946e-01  -1.3038306e-01   5.9307060e-01   4.3932472e-01   2.9035260e-01  -1.0665370e-02   2.0538870e-02   1.1864983e-01  -4.7891742e-02  -9.7478888e-02   4.0109326e-01  -1.2406885e-01   4.3552116e-02   1.9469472e-01   9.2607051e-02   1.7571279e-01  -1.1538532e-01   1.6746090e-01   6.1586039e-01  -7.4260277e-02  -2.9296088e-01  -6.6698733e-02   6.7398312e-02   1.2623910e-01   1.1889954e-01   9.7941982e-02   3.1484748e-01  -8.4722477e-03   3.9912395e-01   3.7661620e-01   5.4486692e-01  -1.1938414e-01  -2.8006289e-01  -7.8669930e-02  -2.0333787e-01   2.0861420e-01  -1.8432163e-01   1.5357856e-01   4.3126454e-02  -2.5951616e-01  -6.4102525e-02  -3.7889871e-02   1.5575856e-01   3.8831244e-01  -2.8363920e-01   9.1934293e-02  -6.1995910e-02   1.1540355e-01  -3.8589044e-01   2.4478154e-01  -8.3436797e-02   3.4332363e-02  -2.3788013e-01   2.1357324e-01  -2.0618140e-01   5.5267422e-01  -1.0941050e-01  -1.8833365e-01   2.4653933e-01  -2.8884457e-02  -1.6240570e-02   4.7602921e-01  -2.6035789e-02   1.0740865e-01  -1.1424021e-01   9.3010468e-02  -2.6030029e-02   8.9829218e-02  -7.1021154e-02  -8.7273536e-02  -1.5758194e-01  -2.4850237e-01   3.1276847e-01  -1.5617492e-01   1.4823467e-01   1.3476606e-01  -5.0345799e-02  -1.4134725e-01   1.3202512e-01   2.0070902e-01   3.0869811e-01  -1.1786308e-01   3.2121081e-02   3.5510320e-02  -3.4383782e-01  -2.4742834e-01  -2.0825829e-01   5.8339946e-01  -1.0169683e-01  -1.2739136e-01   2.3078718e-01  -1.1253632e-01   3.2711911e-02   1.3688526e-01   4.5679022e-01   1.3403850e-01   1.6419101e-02  -2.9082818e-02  -1.3104417e-01  -7.8669858e-02   9.5376511e-02  -1.5355054e-02   3.0883577e-01  -1.2540144e-01   5.1022407e-02   2.2227343e-01   3.4331752e-01   9.0028909e-02   1.5522611e-01   2.4365647e-01   4.0967905e-01  -1.9825627e-01   1.7548325e-01   1.3071496e-01   1.5962162e-01  -1.1640762e-01  -2.4170329e-02
  -1.1254970e-01  -6.3914247e-02   0.0000000e+00   1.1080790e-01   9.1657493e-02   5.0500206e-01   5.0981551e-02  -8.1557280e-02   2.2017697e-01   2.4622197e-01   2.1952522e-03   4.6995881e-01   1.7309007e-01  -2.4730049e-01   1.1618263e-01   1.9794523e-01   8.4743248e-01  -4.2335471e-02   1.9470207e-01   4.5136309e-01  -3.3230189e-02   1.0693396e-01   3.5040737e-02  -1.7740086e-01   1.5522359e-01  -3.2742014e-02   5.0437844e-01  -1.1161231e-01   2.1288298e-01  -1.5926263e-01  -2.7046324e-02   3.6730105e-02   2.0405510e-01   1.2429969e-01   4.4845306e-01   1.0681457e-01  -2.1023570e-01   3.1722150e-01   8.3478656e-02   5.9510275e-01   1.3362743e-01   2.3862711e-01   1.9838384e-01  -2.3738372e-01   9.6872212e-02   5.4051374e-01   7.4163760e-02  -1.8120009e-01   8.4987104e-03   6.9231445e-01   1.2262204e-01  -4.4235920e-02  -2.7359340e-01   4.7901284e-01   9.1004635e-02   6.8858836e-02   4.3639519e-01   4.8226429e-02   1.2707980e-01   1.6681052e-01   7.0007881e-01   2.7181815e-01   5.5542734e-02  -2.0298646e-01  -3.0222971e-01   6.7305985e-02   4.6772136e-01   1.7397826e-01   2.3373778e-01   5.9546524e-01   1.4995520e-01   9.2365085e-02   2.9479072e-02   2.8151063e-01   2.8258968e-01  -1.9038432e-01   6.1390578e-01   1.5681859e-01  -2.4644716e-01   1.1439269e-01  -8.4943923e-02  -1.6341574e-01  -1.7208370e-01  -4.4695085e-02   1.7637684e-01  -2.4197803e-01  -1.6218444e-01  -5.1199291e-02   1.5888790e-01  -2.9570609e-01  -1.3118803e-01   7.1946063e-01   3.2170662e-01   2.2399705e-01   5.3895656e-01   2.0931548e-01   2.8138298e-01   1.3500656e-02   2.3179613e-01  -2.3566007e-02  -9.0170921e-02  -2.4908306e-02  -3.0025873e-01  -8.1903066e-02  -3.1506708e-02   6.4036669e-02   6.0064044e-01   1.7546794e-01   6.1508105e-02  -5.0901690e-02   1.7613255e-01  -1.1038950e-01   3.3245838e-02  -1.1586124e-01   1.4282172e-01  -2.3643203e-01  -1.1553470e-01   2.8617756e-02  -7.9020373e-02   1.9005704e-01   2.8163237e-01   6.5088462e-02   3.0730914e-01  -8.6509394e-02   4.8071091e-01  -1.1464609e-01   1.0193798e-01   3.7066794e-01   1.2210587e-02   2.7054857e-01   2.9458537e-02  -4.8963603e-02   2.0811846e-02  -7.0517434e-02   3.5489970e-01  -9.8002833e-02   3.0177566e-01  -1.6344722e-01  -1.8628588e-01  -5.3374993e-02  -9.2458586e-02  -1.5407476e-01   4.9771192e-02   2.5165926e-01   1.0117400e-01  -1.4825770e-01   4.5057155e-01  -2.4040672e-01   9.9181541e-02  -2.9761317e-01   2.3004834e-01  -1.6668254e-01   5.4136466e-01  -2.1498873e-01   4.2490311e-01  -3.6782065e-01   5.4800229e-01   1.4748035e-01   6.8064259e-01  -2.8130519e-01   7.7104226e-02  -1.2743567e-01  -2.0881990e-01  -7.6996676e-02   9.4399506e-02  -1.3723763e-01   3.2136915e-02   7.1070821e-02   4.9481164e-01  -2.8423157e-01   9.5443684e-02  -3.7602985e-02  -1.9270394e-01   2.9987384e-01   2.7436891e-01   1.8828566e-01   1.0825617e-01
  -2.8388736e-01  -4.6722855e-02   1.1080790e-01   0.0000000e+00   5.6026041e-02   3.7271582e-01   7.2963504e-02   1.2690280e-02   1.1760642e-01  -1.8334080e-01   4.0343864e-01  -6.9689344e-02   1.3616010e-01  -8.6579250e-02  -1.4437531e-01   2.6370772e-01   1.1986785e-01   4.6534492e-01   3.6051820e-01   2.6571144e-02   3.9913180e-01   7.2984016e-01   3.8456125e-02  -3.4860983e-01   1.5234718e-01   6.8121731e-02   2.2512608e-01  -2.8968235e-01  -2.6035384e-01   6.4678498e-01  -7.0658734e-02   6.9159946e-01   8.8090465e-02  -3.3214576e-02   1.4479061e-02   3.5926907e-01  -1.3280795e-01   2.8042578e-03   3.0104989e-01  -1.9672779e-01   3.1305577e-01   6.4277399e-02   1.5908989e-01   1.2481487e-01   2.7326965e-01   1.7510832e-01   6.2062553e-01   2.6166752e-01   2.1466092e-01  -4.4046463e-02   5.2076137e-01  -1.8644002e-01  -2.0633531e-01   6.0911246e-02  -1.3320670e-01  -3.8298638e-02   2.7801208e-01   6.7419702e-01   6.8024055e-01   2.3603618e-01   3.3655907e-01   1.6013210e-01   1.7084687e-03  -2.0077378e-01   9.0526339e-02   1.1034623e-01   4.8993788e-01   2.3087289e-01   6.6290665e-01   5.2676046e-02  -2.0386265e-01   6.7321430e-01   2.8621525e-01  -6.0162933e-02  -8.9748607e-03   2.1090435e-01   2.6330443e-01   1.9337976e-01  -5.1363428e-02   2.5291428e-01  -2.7090597e-01   1.8327434e-01  -8.0885324e-02   3.1094365e-01  -1.2162962e-01   2.8750871e-01  -8.5859010e-02  -3.0440024e-01   6.8022039e-02  -2.6039768e-01  -1.7649549e-01   1.8067024e-01  -1.4834106e-01   4.8529148e-01   2.0750385e-01  -2.2647903e-01   4.7736261e-01   4.9655425e-01   3.5693812e-01   5.3943933e-02  -3.4918723e-01  -9.6632374e-03   1.4431971e-01   2.5620060e-01   5.4940685e-01   7.1666119e-01   1.0589067e-01   4.9004058e-01  -1.0745609e-01   3.0714455e-01  -2.7643923e-01   5.9987409e-01   6.3037747e-01  -1.9969135e-01  -2.9007727e-01  -1.7029261e-01   3.8261918e-01   1.0316659e-01  -3.0823671e-01   8.1272424e-01  -8.0223799e-02  -1.9249087e-01  -1.0092964e-01  -1.8385698e-02   1.8426664e-01   5.1443344e-02   3.4484375e-01   4.0015662e-02   6.6488624e-01  -1.2083566e-01   1.8683442e-01   4.3804346e-02   1.6971226e-01   9.7427983e-02   4.7577042e-01   2.0165074e-01   3.8490596e-02  -2.4569483e-01   3.1134764e-01  -2.1429795e-01  -1.2506891e-01  -3.8108863e-02   5.2078268e-01  -1.3594502e-01   1.3892628e-02   2.6381563e-01  -2.0604850e-01   5.0931969e-02   2.3736139e-01  -9.9153553e-03  -2.7354425e-01  -6.1429740e-02   9.1245632e-03   8.2706039e-02  -1.8357267e-01  -3.4596467e-01   1.4022397e-01   5.4379806e-01   1.6382100e-01  -7.0319153e-03   2.3973132e-01   4.2738228e-01  -9.5671478e-02   6.5628109e-01   7.0170440e-01  -2.1543200e-01  -1.2277264e-01   1.9094520e-01   3.0760305e-02  -1.4559716e-01  -2.7124654e-01  -2.3630336e-01   3.6439307e-01   1.7279726e-01   1.4350731e-01  -3.2893570e-02   7.7504577e-01
  -1.0270872e-01   3.9629515e-01   9.1657493e-02   5.6026041e-02   0.0000000e+00   2.4927030e-01   6.8328354e-02   2.5359614e-01   2.6319596e-01   7.7724873e-02  -5.7990488e-02   2.8030302e-01   4.9511588e-01  -4.0336347e-01  -1.4125999e-01   1.3500253e-01   1.6300304e-01  -6.6643973e-02   3.0533141e-01   5.6292884e-01  -1.5412137e-01  -2.4235356e-03  -2.4992506e-01   1.6403317e-01  -5.8113357e-02   3.9306904e-01   3.5039080e-01   1.8945659e-01  -9.9198258e-02  -3.3726554e-02  -2.7769987e-01   2.5842359e-01   1.8594729e-01  -1.8109345e-01  -3.2279796e-01   4.7833561e-01  -3.7301993e-01  -2.9352717e-02   3.7289068e-01   1.3552154e-01   2.0393479e-01  -2.9024567e-03   4.3685192e-01   2.0860472e-02   1.3024932e-01  -2.4814961e-02   1.8622659e-01  -1.6007756e-01  -2.6202328e-01   3.4391732e-01  -6.1940491e-02   2.2693641e-01   1.7283160e-01   3.3702064e-02  -1.6518087e-01  -1.5860575e-01   2.5001483e-01   2.4116149e-01  -1.0985424e-02   1.7665129e-01   8.4067719e-03  -2.7429636e-02   4.7801766e-01   4.9383553e-02  -5.6019228e-02   2.3570154e-01   2.3786443e-01   3.2733696e-01   1.0960517e-02   6.7231408e-02   4.1645358e-02   2.5351699e-02   1.7025402e-01  -7.5745497e-03  -1.8302506e-01   1.5825948e-01  -8.1930042e-02   3.1846526e-01   5.4049784e-01  -2.4992877e-01   9.2173023e-03   7.7345143e-02  -2.2876499e-01   1.6815889e-01   8.8041681e-02   1.9363997e-01  -3.4547075e-01  -3.3572426e-01   2.4638530e-04   1.3408715e-01   3.0427804e-01   7.0595502e-02   2.3036796e-02   1.0984289e-01  -1.6244109e-01   2.3354375e-01   1.2734526e-01   2.1478791e-01   4.0015419e-01  -2.3432145e-01  -2.8505479e-01  -1.0711672e-01   8.7445844e-02   1.1694055e-01  -1.2596635e-02   6.7936336e-02  -1.6836616e-03   3.5820323e-01  -4.4975409e-01   4.1003924e-01  -1.4645596e-01   9.6523765e-02  -1.5305313e-01  -5.3883724e-02  -5.9107775e-02   2.0381463e-01   9.0280840e-02   1.6703592e-01   3.5703260e-02   6.6644039e-02  -2.9898587e-01   5.7013310e-01  -1.2395420e-01  -2.9444736e-01  -1.1494209e-01   2.4378033e-02  -7.5094080e-02   3.4650603e-02   1.5748298e-01  -5.5133672e-02   2.1913090e-01  -1.9958675e-01  -5.7454675e-02  -4.0749468e-01   3.5756364e-01   1.4157598e-01  -1.0211122e-01  -2.1208949e-01   1.5670777e-01   2.5051140e-02  -1.1496846e-01   1.6654653e-02   5.6171068e-02   1.5666180e-01  -3.8087171e-01  -4.0122963e-01  -2.4888860e-01   6.0332181e-01   2.7745225e-01  -4.5997631e-01   7.1548113e-02  -5.7138704e-02   2.4929378e-02   1.4104020e-01   4.3655473e-01   2.6894633e-02  -4.4703902e-02  -9.7392337e-02   1.0864453e-02   1.4556315e-01   3.6361431e-01   3.1660711e-02   2.3626147e-01  -6.3196124e-02   1.0649168e-01   1.8631587e-01   4.8996717e-01   1.4454964e-01   3.0649084e-02  -2.6916600e-02   2.9068541e-01  -3.0318096e-01   3.0290615e-01   3.0197244e-01   1.3323340e-01   6.5898377e-02   6.1058910e-02
  -3.1469491e-01  -1.2920524e-01   5.0500206e-01   3.7271582e-01   2.4927030e-01   0.0000000e+00   1.6288848e-01   1.1241032e-02   1.3767716e-02   1.5994596e-01   2.0531637e-01   2.0868865e-01   3.1994890e-01  -2.0154366e-01  -9.7476705e-02   4.8587703e-01   5.8128039e-01   1.2176449e-03   5.2840632e-01   4.8691504e-01   2.6589683e-01   3.3729879e-01   1.3507153e-01  -3.9842066e-01   9.5497470e-02   1.7497847e-01   5.9626062e-01  -1.1407200e-01  -1.3305824e-01   2.8745729e-01  -2.6665254e-01   2.1373087e-01   1.9483885e-01   1.6652119e-01   1.4856562e-01   5.3703199e-01  -2.1850987e-01  -4.9547452e-02   3.2599390e-01   2.3842413e-01   2.1910574e-01   1.8235635e-01   2.7651419e-01   5.3719649e-02   1.0846595e-01   3.4120706e-01   5.4011327e-01   2.5727793e-02   1.9904777e-02   3.1963172e-01   2.9531546e-01   4.8196287e-02  -3.9072183e-01   2.8794446e-01  -1.3100319e-02   2.5246298e-01   6.9676689e-01   1.6267231e-01   2.7983305e-01   8.9117348e-02   4.0069630e-01   1.5614100e-01  -1.7226249e-01  -5.2074723e-01  -4.2115080e-01   3.1190049e-01   8.6004818e-01   5.0850220e-02   5.5482525e-01   4.9230229e-01  -1.6485444e-01   3.4335163e-01   1.6817579e-01   8.7574402e-02   4.8708591e-03  -1.1083615e-01   2.9212174e-01   4.3485416e-01  -1.3933738e-01   1.7571875e-01  -5.4267097e-02   2.5317121e-01  -2.0831431e-01   2.5670656e-01   1.8990886e-01  -1.2823888e-01  -3.7654995e-01  -2.0305159e-01  -7.8233528e-02  -3.9470578e-01  -2.7200343e-01   3.0292260e-01   3.6225324e-01   2.4784395e-01   2.6365587e-01   5.4131829e-02   3.6143921e-01   3.8269991e-01   2.9402485e-01   1.5680259e-01  -2.3784633e-01  -7.8915455e-02  -2.4656520e-03  -1.9902839e-01   1.6777041e-01   1.5168282e-01   4.6275004e-01   6.0732163e-01  -1.8782769e-01   4.3038836e-01   7.4209037e-02   3.3583185e-01   1.7481932e-01  -2.1869759e-01   1.5651054e-01  -3.5095577e-01   4.6603953e-01   1.3700159e-01  -1.0554687e-01   4.3278579e-01  -1.8202674e-01   4.8463505e-03  -3.5742458e-02  -4.0730270e-01   3.3050798e-01   7.4085549e-02   1.5462645e-01   1.5017401e-01   9.9548485e-02   3.9179024e-01   2.5397736e-01  -1.2265143e-01   6.4593726e-02  -4.2721211e-02   2.1063902e-01  -2.1374800e-02   1.8072429e-01  -1.4072368e-01  -1.4891535e-02  -1.9140629e-01  -3.7273048e-01   1.1093285e-01   4.0875107e-01   3.6433076e-01  -1.3216606e-01  -1.5960307e-01   1.4849556e-01  -1.1135042e-01   5.1618886e-01  -2.9272511e-01   8.8162694e-02  -1.1425456e-01   1.6060498e-01  -2.4013446e-01   1.8675063e-01  -4.9653736e-01   1.1221107e-01   2.7092615e-01   3.9034502e-01   8.6037042e-02   1.6636975e-01   2.7539258e-01  -1.8479410e-01   1.6325847e-01   3.6273655e-01  -4.7681305e-02   1.0170415e-01   3.5183060e-01   9.0710538e-02  -3.2397721e-01  -1.7813528e-01  -3.2324301e-01  -8.3840134e-02   5.3926306e-01   1.5005407e-01   8.8767875e-02   3.5745415e-01
   1.3830823e-02   2.5364653e-01   5.0981551e-02   7.2963504e-02   6.8328354e-02   1.6288848e-01   0.0000000e+00  -2.1283039e-01   2.3313626e-01   5.6708230e-01  -1.8935788e-01   2.0177011e-01   2.3017560e-01  -2.0913017e-01   4.2603406e-02   2.1802686e-01   2.4222273e-01   7.4036672e-02  -8.5904705e-02   2.8595410e-01   1.7330813e-01   7.9244818e-02   4.3019205e-01  -1.1899113e-01  -1.3500836e-01  -1.0378794e-01   3.4919341e-01  -1.5398003e-01  -2.8895217e-01   1.0766813e-01  -1.2508915e-01   4.3937223e-02  -1.5261142e-01   6.0975606e-01  -4.2047646e-02   2.4778169e-01   2.2681208e-01  -1.3717523e-01   4.1336904e-02   8.3915928e-02   1.4865473e-01  -1.3218192e-01   5.4003895e-01  -1.3548331e-01   4.0851764e-01  -3.9017316e-02   4.4149567e-03   4.9683958e-01  -1.0451509e-01  -1.9826895e-01   3.6145690e-01  -2.2966725e-01   1.5709371e-01  -2.4567894e-01  -2.8181060e-01   2.1259983e-01  -3.0645709e-02   9.4309550e-02   4.8411985e-02   3.2211636e-01  -5.7556234e-02  -2.9285632e-02  -5.4943272e-02  -2.3767729e-02  -8.6005290e-02   6.1765227e-01   1.2624797e-01   1.7433155e-01  -1.3375211e-01   4.8615827e-01   2.2896014e-01   2.3476274e-01   9.4492070e-02  -1.7688774e-01  -1.8441648e-01  -2.7961611e-01  -1.6005410e-02   4.4674186e-03  -8.5817450e-03  -4.7380104e-02   6.3643838e-02   1.2757077e-01  -1.3371594e-01  -1.4354324e-01  -3.6395533e-01  -2.2363364e-01  -7.4046834e-03  -1.5323113e-01  -2.0486035e-01  -2.0118621e-02  -4.0367478e-01  -1.8760911e-01   4.8705032e-02   3.5539573e-01   2.6848315e-02  -2.5510184e-01   7.1535307e-02  -2.1385853e-01   2.6673898e-01   5.5687055e-01  -2.6870941e-01   2.6449868e-01  -3.1539751e-01  -2.3540061e-02   3.2284442e-01  -4.9246340e-02  -2.0748311e-01  -1.7771520e-01   2.1213896e-02   2.0767316e-02   5.3467784e-02   8.1984995e-02   8.8588459e-02   1.5085239e-01  -9.9811145e-02   1.7603589e-01  -6.4187989e-02   2.4260287e-01  -3.0583181e-03   1.5645780e-01  -9.2127347e-02  -1.5837457e-01  -7.0746210e-03  -8.8433139e-02   3.0555477e-02  -1.4776363e-01   1.5493011e-01  -2.0816319e-01  -4.9760703e-02   2.3816797e-01   1.9323804e-01   2.6395084e-01  -1.8442784e-01   2.1403878e-01   1.5468661e-01  -2.1871569e-01  -1.4823000e-01  -6.9634740e-03  -2.0016052e-01   2.9027952e-01  -4.7354154e-03  -1.0986415e-01   3.8261781e-02   1.3561025e-01   2.4489474e-01  -2.3404297e-01   2.4119896e-01   3.4840602e-02   3.3252244e-01   1.5393177e-01  -7.9388640e-02  -1.5990602e-01  -9.9522067e-02  -1.3829209e-01   2.1952888e-01  -1.4554750e-01  -3.8859296e-02   1.8566019e-01  -2.0507030e-01   2.9627679e-02   2.5736300e-01  -1.0259125e-01   3.0086025e-01   1.3535447e-01  -6.3563373e-03   4.1648127e-01   4.8469911e-02  -5.7858361e-02  -1.1153870e-01  -4.0239810e-01  -9.0837208e-02  -1.0161319e-01   5.0988832e-02  -1.6009229e-02  -2.5781834e-04  -1.9756709e-01  -2.3594914e-02
   7.7402235e-02   1.8536379e-01  -8.1557280e-02   1.2690280e-02   2.5359614e-01   1.1241032e-02  -2.1283039e-01   0.0000000e+00   7.7480366e-02  -1.9222339e-01   1.6924105e-01  -1.4485258e-01   5.5201186e-02  -6.2137250e-03  -1.2831974e-01  -4.7664134e-02   1.8108220e-02  -7.2650016e-02   3.9470267e-01  -2.1599961e-02   5.2969932e-03   4.5271737e-02  -1.2245238e-01   1.7806470e-01  -1.4906711e-01   6.7311278e-01   9.3640549e-02   2.7323909e-01  -3.6588225e-02   3.9414200e-02   1.2975697e-03   2.0042596e-01   7.5126466e-02  -3.0717233e-01  -2.3268950e-01   4.6937013e-02  -1.8101592e-01  -1.7006287e-01   2.6870098e-03  -7.3070207e-02  -1.6827205e-01  -1.0012213e-01  -3.5402083e-02   3.0446248e-01  -1.3767045e-01   8.2941780e-02   7.7258007e-02  -5.1806755e-02   1.3262355e-02   4.4894989e-02  -1.3074509e-01   6.0624368e-01   1.0101408e-01   7.8424476e-04   8.3533441e-02  -1.8044197e-01   1.1898425e-01   5.8195721e-02   4.6723399e-02  -1.0697994e-02  -6.9080399e-02  -1.5025448e-01   2.5981111e-01   1.9733782e-01   1.6322786e-01  -5.3636078e-02   3.9098117e-02  -1.2603536e-01   8.6920987e-02   6.9447987e-03   3.4311880e-02  -4.9306995e-02   5.8178221e-02  -1.9327788e-02  -1.4144640e-01   3.9905905e-01  -8.9054426e-02   1.9039034e-01   1.5006528e-01  -8.9944069e-02   9.8504542e-02   8.7709452e-02  -2.4645106e-02   5.2450573e-01   2.5344677e-02   3.0985096e-01   1.3373823e-01  -6.5729055e-02  -8.9958329e-02   2.2494801e-01   3.1546711e-01  -7.4222921e-02  -3.2413474e-01  -5.6539289e-02  -1.2834643e-01   7.6314494e-02  -6.7064380e-02   4.0269035e-01  -7.8859809e-02  -2.0687915e-01   1.0379543e-01  -2.3017860e-01   4.2120492e-01   2.9644304e-01  -3.8103803e-02   2.8125142e-01  -3.2184709e-02   3.0662897e-01  -1.6012980e-01   3.2320757e-02  -2.2861685e-01   8.2820270e-02  -1.2796649e-01   2.8405039e-01   7.7884527e-02   2.1836163e-01   7.8050828e-02  -1.8223654e-01   2.7352805e-01   2.1121686e-02  -1.0592395e-01   2.1775828e-01  -3.6099790e-01   5.3888655e-02   2.6161572e-02   7.1441815e-03  -1.8600428e-02   5.6889575e-02   4.1732911e-02   1.0119924e-01  -1.3227448e-01  -8.4186322e-03  -9.5249062e-03  -3.7953711e-02  -1.0648001e-01   5.0872660e-01  -8.1054825e-02   1.7660381e-01   4.2933198e-01   2.6680563e-02   2.9604180e-02   2.0416993e-01   2.0260445e-01  -2.2153064e-02  -1.5895334e-01   8.4045555e-02  -2.5944084e-01   3.8411511e-01  -3.2928978e-03  -1.5677977e-01   2.8850054e-01   3.6480522e-01   4.5605541e-02   2.7239130e-01   7.5716030e-02  -3.8741553e-02  -8.6212920e-02  -1.4493482e-01  -5.7243327e-02   3.4217839e-01  -2.5402072e-02   3.1656815e-01   7.3076314e-02   4.5347263e-02   1.5167603e-01  -8.5569612e-02   8.2694676e-02   2.8161805e-01   2.7660565e-02   8.0445643e-02  -4.5932044e-03  -1.6318774e-01   8.0467507e-02   9.4577218e-02   2.5182920e-03  -1.0629742e-01   1.0995878e-01
   2.0273315e-01   3.6647191e-01   2.2017697e-01   1.1760642e-01   2.6319596e-01   1.3767716e-02   2.3313626e-01   7.7480366e-02   0.0000000e+00   1.5199560e-01  -3.6543626e-03   2.4562586e-01   2.5224071e-01  -4.4064911e-02   3.6651420e-02   2.4759885e-02   2.8303251e-01   3.7797711e-01   3.7056464e-02   2.3787315e-01   3.3341533e-02   1.6488275e-01   2.0373413e-02  -5.4142190e-02  -2.5128234e-03   5.4282282e-02   3.8053889e-01  -1.2370194e-01  -1.5205893e-01   1.0052999e-01   8.4675582e-02   9.5092521e-02  -1.0538019e-01   1.9875759e-02   6.7463993e-02   1.3673304e-01   1.0650183e-01   1.7879816e-01   1.2872292e-01   1.6628286e-01   3.2479913e-01  -1.2771572e-01   3.8770809e-01  -1.9157195e-01   3.9010858e-01   8.5739784e-02   4.8206282e-02   2.4020672e-01   6.2376010e-02   1.2405734e-01   1.9815920e-01  -1.2867631e-01   3.0900215e-01   1.8020832e-02  -1.8806601e-02  -2.4232103e-01  -1.4173392e-02   1.3862056e-01   2.0671345e-01   4.8591023e-01   1.9866626e-01   1.4422086e-01   4.5439626e-01   4.7374702e-01   4.0646876e-01   1.8548165e-01   1.2391041e-01   1.4653844e-01   6.1698556e-02   2.0843676e-01   3.1773249e-01   1.7404042e-01   1.7903180e-01   7.2727375e-02   8.6187705e-02  -6.9972107e-02   1.7452561e-01  -4.5100275e-02   1.0386225e-01   9.4091072e-02  -1.8594504e-01  -1.1706070e-01  -5.9804103e-02   1.2469284e-01  -2.8161756e-01  -9.0868157e-02   3.3182567e-01  -4.1792085e-02   2.4326444e-01   1.6434018e-01   6.6028706e-02   8.9840390e-02  -2.6378114e-01   5.1476312e-01   1.9583095e-01   6.1534325e-02   6.1417100e-02  -1.0544428e-03   2.6177089e-01  -4.7036989e-03  -2.0928776e-01   6.5333890e-03  -2.2102637e-01   5.7611343e-01   4.9170188e-02   1.5332422e-01   3.3899229e-02  -4.8035900e-03  -9.2467666e-02  -6.2867141e-02  -2.3237261e-01   3.8716489e-03   9.7119631e-02   2.0022318e-01  -2.2543379e-01   3.2058205e-01  -3.2775576e-01   2.0728646e-01   2.4279848e-02   1.7780649e-01   1.0492271e-01   1.0287659e-01   6.5661950e-02   2.9810528e-01   1.2402482e-01  -9.3355617e-02   2.4077281e-01   1.3520336e-01   1.1015701e-01  -4.7777197e-02   1.7048185e-01   8.6672358e-02  -2.0118171e-01   1.4994899e-01   3.4164851e-01   9.7182183e-02   6.0027250e-03  -1.3983987e-01  -1.4576825e-02   2.9610900e-01   1.2216265e-01   9.1791326e-02   1.0403794e-01  -7.9575113e-02   5.8286324e-02   9.8644924e-02  -2.7924196e-02   3.6117010e-01   1.0612407e-01   2.3342289e-02   7.7551409e-03  -1.2531785e-01   1.8872633e-01   1.9814533e-01   3.7213083e-01  -1.4668230e-02   2.0035511e-01   1.8683867e-01   1.4011055e-01  -2.0993660e-01   2.5572275e-01  -1.6662865e-03   3.4523336e-01   1.7739973e-01   8.8560804e-02  -1.6124909e-01   1.6334119e-02   3.7244625e-02   1.3568717e-01  -1.9026702e-01   4.1546787e-02  -4.8868113e-02   3.8567177e-01   1.5230112e-01   1.9345798e-01  -6.2879248e-02   1.8297214e-01
  -9.6255166e-02  -1.2232034e-01   2.4622197e-01  -1.8334080e-01   7.7724873e-02   1.5994596e-01   5.6708230e-01  -1.9222339e-01   1.5199560e-01   0.0000000e+00  -2.2271292e-01   1.9511907e-01   4.9190135e-01  -3.2053624e-01   3.6429197e-01   3.2932093e-01   3.0646834e-01   6.4294485e-02  -1.8581987e-01   6.3390703e-01   2.7844741e-02  -1.3844954e-01   5.8562167e-01  -1.2402793e-01  -1.9026717e-01  -1.7414624e-01   2.6601714e-01  -1.6142501e-01  -1.5679510e-01  -2.2832457e-01   7.1209371e-02  -2.0547896e-01  -5.5199075e-03   6.3385524e-01   1.9297284e-01   2.3820795e-01   1.8186977e-01   2.2364464e-02   1.4055619e-01   4.4004815e-01   2.6877676e-01   1.2736631e-01   4.2708104e-01  -1.5350848e-01   4.2047948e-01  -1.5135621e-01  -2.7741981e-01   1.8354688e-01   1.6137677e-02   1.2779135e-01   2.5428033e-01  -2.0691084e-01  -4.2025336e-02  -1.7700709e-01  -1.1318463e-01   4.2280946e-01  -7.7381744e-03  -6.4098999e-02  -1.5552360e-01   7.6169126e-02  -6.0523024e-02   1.0870394e-01  -1.8753169e-01  -7.8487372e-02  -2.9284396e-01   6.4520907e-01   2.1257481e-02   5.6843873e-02  -3.2475203e-01   3.9717837e-01   3.6104347e-01  -9.9858177e-02   1.6926861e-01  -1.8347581e-01  -2.9746083e-01  -3.9818594e-01  -6.7541627e-02   1.3583099e-02  -9.2544479e-02  -1.5917507e-01   3.3130351e-01   6.8311826e-02   1.0994085e-03  -2.2172685e-01  -2.6962474e-01  -3.7887567e-01  -1.0747219e-01  -1.5313264e-01  -3.0823295e-01  -1.4074667e-01  -3.9001850e-01  -8.9623481e-02   3.8451252e-01   1.9035199e-01   4.7471328e-02   2.5142078e-03   8.4179018e-02  -3.4699925e-01   1.9823228e-01   6.2306496e-01  -1.8600445e-02   2.2711354e-01  -4.2298984e-01  -2.2145913e-01   1.5982932e-01  -3.9012129e-01  -1.8604501e-01  -2.9213779e-01   4.7081836e-01  -2.5175261e-01   2.8645424e-01  -2.8416043e-01  -1.6736450e-01  -2.0915336e-02   1.6566092e-01   5.3358303e-02  -1.1513826e-01   3.6435237e-01   3.2010559e-02  -9.4315547e-02  -1.0613488e-01  -8.6118325e-02   1.5244555e-01   1.5509400e-02  -4.0615530e-02  -2.3084230e-01   6.6138335e-02  -2.2627214e-01  -2.5107936e-01   2.0362246e-01   3.7577852e-01   4.3184784e-01  -3.8388909e-01   2.2934892e-01   1.4427109e-01  -3.3005269e-01  -1.8302798e-01   1.6047906e-01  -5.0567794e-01   1.4039485e-01  -1.2498944e-01   3.0945008e-02  -2.7700047e-01   2.7241338e-01   5.8770551e-01  -1.8904852e-01   5.9441261e-01  -3.3763032e-01   2.8525685e-01   2.4781639e-01  -8.4086464e-02  -1.8028401e-02  -9.8763976e-02  -2.0107192e-01   2.6502341e-01  -1.2611952e-01  -7.1133018e-02   9.6719192e-02  -1.2220987e-01  -2.7542992e-02   2.4012668e-01  -2.6798686e-01   4.5982949e-01  -2.1039398e-01  -2.4826241e-01   3.6156686e-01  -5.8822835e-02  -1.3067663e-01  -1.4643179e-01  -3.1753686e-01  -4.2126006e-02   7.6065940e-02  -1.9084013e-01  -2.4284700e-02  -6.9235218e-02  -6.5743297e-02  -1.8525371e-01
  -1.7559915e-01  -2.8885133e-01   2.1952522e-03   4.0343864e-01  -5.7990488e-02   2.0531637e-01  -1.8935788e-01   1.6924105e-01  -3.6543626e-03  -2.2271292e-01   0.0000000e+00  -3.7119477e-01   1.7520044e-01  -3.1653117e-02   1.5306894e-02   2.1373037e-01   4.6610554e-02   5.3554640e-01   2.8785497e-01  -7.2657986e-02   4.2222483e-01   3.6875460e-01   1.7751952e-01  -9.6868204e-02   1.4958661e-02   1.9279468e-01  -1.4347887e-03  -1.2250358e-02  -1.7580131e-01   3.5043760e-01   7.2026518e-02   4.9421053e-01  -6.3808180e-03  -7.6244164e-02  -2.0754747e-01   4.3546524e-01  -1.2032437e-01  -6.8878194e-02   2.2719726e-01  -3.2006121e-01   3.3173335e-01  -5.3410691e-02  -8.3835388e-02   4.5158089e-01   1.1403500e-01   1.8497603e-01   6.5667233e-01   1.4906159e-01   2.2434978e-01  -2.1902875e-01   4.8780334e-01   5.0089983e-02  -2.7081186e-01  -5.1129116e-02  -3.2201054e-02   2.4411993e-01   2.1368634e-01   3.4452688e-01   5.1353098e-01   1.0029890e-02   2.2676858e-01   5.2513282e-02  -8.2502825e-02   9.2449590e-02   1.5437488e-01   1.1490947e-01   2.1020618e-01   7.5771078e-02   5.4986210e-01   1.1313762e-01  -1.5925416e-01   3.9661497e-01   2.6058131e-01  -1.4947254e-01  -1.1785159e-01   1.1086011e-01   1.1053105e-01   2.0647855e-01  -2.0350713e-01   1.4799092e-01   2.8654993e-02   2.6739848e-01   3.8197672e-02   3.2796758e-01  -1.1320695e-01   1.6163291e-01  -4.8163251e-02  -6.8998643e-02  -2.1627650e-03  -2.0722784e-02  -2.0651655e-01   1.0839775e-02  -1.9081983e-01   2.2299931e-01   8.9284903e-02  -3.2642647e-01   2.5841913e-01   3.0828819e-01   2.0042418e-01   4.1222949e-02  -7.4451802e-03   7.4092443e-03   1.5438120e-01   2.5115068e-01   4.1383276e-01   4.4511530e-01   3.0458662e-03   3.4276579e-01  -1.1435999e-01   1.4797112e-01  -2.7331414e-01   3.9556017e-01   3.3435437e-01   6.9993544e-03   4.0325744e-02  -1.2463177e-01   4.1364754e-01   2.2304512e-01   8.0233889e-02   3.3483014e-01  -1.2655461e-01  -3.3706759e-01  -2.1760746e-01   1.1438011e-01   1.9549847e-01  -2.3425822e-02   1.6632274e-01  -1.1923115e-01   3.9901196e-01  -4.8519518e-03   1.9877652e-01   3.4945792e-01  -6.2137997e-02   2.9746659e-01   1.0347641e-01   1.8463064e-01  -7.2872022e-02   1.8988114e-01   3.0489847e-01  -4.6826225e-02  -1.3288521e-01   6.9093374e-02   6.4331970e-01  -2.5070634e-02   9.2617279e-02   4.3675613e-01  -2.3355044e-01   8.8302360e-02   3.4436555e-01   1.8425553e-02  -4.9552325e-02   1.7723257e-01  -2.4963015e-03   5.4946505e-01  -3.2378796e-01  -1.1460374e-01   4.6704888e-02   4.0586460e-01   6.7214730e-02   2.5961122e-01  -3.8062039e-02   6.0923845e-01  -1.0557544e-01   5.3604950e-01   4.5666191e-01  -3.7228927e-01   8.8780985e-02   2.5809356e-01   9.3966622e-03  -1.2388338e-01  -4.5474206e-01  -2.2364332e-01   2.6674095e-01   1.4265929e-01   2.3423337e-02  -2.4423338e-01   4.4873430e-01
   6.1701653e-02   4.4517941e-01   4.6995881e-01  -6.9689344e-02   2.8030302e-01   2.0868865e-01   2.0177011e-01  -1.4485258e-01   2.4562586e-01   1.9511907e-01  -3.7119477e-01   0.0000000e+00   1.3602396e-01  -2.0833310e-02   1.5006381e-01   1.3585896e-01   3.5628973e-01  -2.7674779e-01   1.2976497e-01   3.8359155e-01  -3.1956322e-01  -4.5729156e-02  -3.8793928e-01   1.2599891e-02   7.3670806e-02  -1.1853145e-01   2.9399275e-01   2.6934847e-02   2.8781765e-01  -2.1590517e-01  -1.8309039e-01  -1.7150318e-01   2.4988922e-01   1.8745033e-01   2.7813808e-01  -1.1496046e-01  -2.7406943e-01   2.4989715e-02   1.3758239e-01   5.0913296e-01  -3.6870947e-02   8.6185375e-02   3.7447742e-01  -2.7780896e-01   5.5561599e-02  -1.4292323e-02  -1.9732785e-01  -1.8742786e-01  -3.5072596e-01   6.4407914e-01  -2.1600964e-01  -1.3064755e-01   1.5456377e-01   4.3906433e-01   7.2282839e-03  -1.7721914e-01   2.1478122e-01  -5.9735628e-02  -1.6343262e-01   3.9868871e-01   9.7248009e-02   2.8135948e-02   3.7123960e-01  -2.3967204e-02  -2.2784643e-01  -2.7757258e-02   2.2993434e-01   5.9840662e-02  -2.2399619e-03   7.9221460e-02   2.1436606e-01  -2.1360088e-01  -2.3976096e-02   2.8989957e-01   2.2340298e-01  -5.1829898e-02   1.2689103e-02   1.5577982e-01   1.9018149e-01  -3.7953352e-02  -1.4365409e-01  -2.3948057e-01  -1.0615750e-01  -8.1787070e-02   3.3512589e-01  -1.2729382e-01  -9.4747411e-02  -4.4487904e-02   3.1502668e-01  -5.9433248e-02   2.1959199e-01   2.3354145e-01   3.4721062e-01   1.3188567e-01  -1.4181358e-02   3.9371643e-01   4.7418583e-02  -7.5131081e-02   9.3025222e-02  -2.5138529e-01  -7.7620136e-02   3.4877535e-01  -7.8871787e-02   1.3745722e-02  -3.2783148e-01  -1.3590541e-01   3.8896926e-01   5.6749734e-02  -1.4302716e-01   5.6343912e-02   3.0417114e-01  -1.8094821e-01  -1.9292808e-01  -3.3049651e-02  -3.3678999e-02  -5.4858497e-02  -2.3230201e-01  -5.7192207e-02   9.3737855e-02  -1.1947568e-01  -8.3624042e-02   5.3651837e-01   3.9612735e-01  -1.6410073e-01  -9.4616815e-02   1.6587158e-01   7.2712576e-03   3.3011350e-01  -1.4469907e-01   1.1623896e-02  -5.5116301e-02  -3.5805463e-01   2.3831050e-01  -2.5981137e-01   3.0032683e-01  -1.5903897e-01   2.7044009e-01  -1.8242163e-01  -2.4866176e-01   1.0181030e-01   5.3005958e-02  -1.7497300e-01  -1.5418428e-01   4.2094509e-01   6.8541072e-03  -3.1385805e-01   3.8776542e-01   2.9879609e-02  -1.7214562e-01  -3.9727657e-01   1.0167066e-01  -1.0092825e-01   2.3957683e-01  -2.3650579e-01   6.8968673e-01  -8.5325329e-02   1.4078369e-01  -1.0462567e-01   1.8370285e-01  -3.0232273e-01   2.2912775e-01  -2.3918327e-01  -6.4444133e-02  -3.3246717e-01  -1.5738683e-01   3.0396714e-01   2.9232357e-01   6.5045245e-02   2.3561950e-01  -8.4334686e-03   5.9517619e-01  -1.2996481e-01  -1.3350702e-01   4.3740913e-01   2.9743320e-01   2.8692038e-01  -8.7671724e-02
  -1.5772338e-01  -5.1622213e-02   1.7309007e-01   1.3616010e-01   4.9511588e-01   3.1994890e-01   2.3017560e-01   5.5201186e-02   2.5224071e-01   4.9190135e-01   1.7520044e-01   1.3602396e-01   0.0000000e+00  -2.8688243e-01   2.2418903e-01   4.1796062e-01   2.5960655e-01   3.3385465e-01   1.7876428e-01   6.0549738e-01   1.7883735e-01   7.2968137e-02   2.6992372e-01  -2.8943453e-02  -9.1863606e-02   1.9014776e-01   2.8642263e-01  -4.9277593e-02  -2.6158516e-01   1.6367743e-02  -4.7923009e-02   2.3801190e-01   2.3973961e-01   3.0176787e-01   4.3615415e-02   5.6406054e-01  -3.1592940e-01   5.0644292e-02   4.6007787e-01   2.3304681e-01   6.1025518e-01   1.7137119e-01   4.6954255e-01   8.4718814e-02   3.8896800e-01  -7.7181654e-02   2.5462297e-01   6.8542248e-02  -3.8100348e-02   1.9162314e-01   3.7360510e-01  -9.2463473e-03  -1.4393330e-01  -1.2945259e-02  -4.2293578e-02   3.0327067e-01   1.7193531e-01   2.8366557e-01   1.9898018e-01   2.0363782e-01   1.1799512e-01   6.0234261e-02   2.5387178e-02   2.4374799e-02  -1.4015683e-01   5.1783878e-01   2.2053378e-01   3.7741122e-02   9.6725972e-02   2.3759780e-01   1.3228057e-01   1.4138305e-01   4.0927644e-01  -1.9151678e-01  -3.7264887e-01  -3.0214977e-02  -3.1309465e-02   1.7285610e-01   6.1732937e-02  -2.5391080e-01   2.1426198e-01   1.3003901e-01  -1.1887277e-01   8.3142215e-02  -5.8441482e-02  -4.2966901e-02  -2.2522762e-01  -2.9867005e-01  -2.1302328e-01  -6.9403410e-02  -2.2466039e-01   4.4336207e-02   2.1975357e-01   2.9354504e-01  -8.5174274e-03  -1.0574456e-01   2.8589099e-01  -9.9117874e-03   3.8661176e-01   2.6520772e-01  -7.9807919e-02   1.4269614e-01  -3.5950504e-02   9.0381999e-02   3.0602579e-01  -2.4630150e-02  -5.2061766e-02   6.9036331e-02   3.2374259e-02   1.6575117e-01   6.4320355e-02   1.1003981e-02  -5.9504287e-02  -2.3757258e-02   6.5848528e-02  -5.2069069e-02   1.2248067e-01   6.2368687e-01   4.3436829e-02   1.5584856e-01  -2.8261497e-01   3.0725903e-02  -1.4787969e-01  -6.6865152e-02  -5.1951351e-02  -7.2462128e-02   1.3749194e-01  -7.0416436e-02   1.5974850e-01   5.1701623e-02   5.8218773e-01   2.2759322e-01  -2.2893301e-01   6.2998150e-02   3.4496885e-01   6.4087683e-03  -1.9573802e-01   7.8683462e-02  -1.0996702e-01   1.1139378e-01  -1.6780763e-01   2.0851321e-01   5.3332410e-02   2.5336309e-01   2.4117986e-01  -5.5711981e-02   1.7084750e-01   8.1518396e-02   4.3075489e-01  -9.7221587e-02  -1.0273690e-01   8.9296370e-02   8.4600226e-03   9.1676687e-02   2.0803710e-01  -1.4869669e-01  -3.8096068e-02   2.4307606e-01   1.1128148e-02   1.5656570e-01   4.0005698e-01   8.2505586e-02   3.1104485e-01   1.5512631e-01  -3.3913667e-02   8.1376083e-02   2.5038660e-01   1.1496522e-01  -1.5741594e-02  -3.0045182e-01  -7.7514646e-02  -1.4500829e-01   2.4445625e-01   2.2901672e-01   6.6058427e-02  -8.9524165e-02   3.4026800e-02
   3.3883675e-01   1.1069164e-01  -2.4730049e-01  -8.6579250e-02  -4.0336347e-01  -2.0154366e-01  -2.0913017e-01  -6.2137250e-03  -4.4064911e-02  -3.2053624e-01  -3.1653117e-02  -2.0833310e-02  -2.8688243e-01   0.0000000e+00   1.3489120e-01  -1.0690531e-01  -2.0223621e-01  -5.5847664e-03  -1.6900220e-01  -4.0020198e-01   1.1839843e-01  -1.0458877e-01  -1.6306657e-01   2.8003984e-04   2.3162872e-02  -1.1554078e-01  -1.3476009e-01   1.8278027e-01   5.2662547e-03   1.4493587e-01   2.7788180e-01  -2.0221369e-01   9.1138346e-02  -7.9697412e-02   1.2453744e-01  -2.3855807e-01   2.0840804e-01  -2.0584273e-01  -1.1075751e-01  -1.3997462e-01  -9.4246997e-03   1.4826549e-02  -4.6338280e-01   2.4799455e-01  -1.0773535e-01  -2.3739589e-01  -2.3418258e-02   1.4781431e-01   2.2925288e-01  -1.6446437e-01  -6.4011597e-02   2.4750465e-02   1.6373191e-01   4.4710490e-02   5.4042388e-01  -9.5477489e-02  -2.2712095e-01  -2.8758854e-01   6.3278675e-03   1.1539350e-01  -2.3477490e-01   7.9700709e-02  -9.0968032e-02   1.2147766e-01   2.3505559e-01  -2.5623675e-01  -1.1006801e-01  -2.5232370e-01  -3.0057843e-02  -2.3683481e-01  -9.0389642e-02   6.0260604e-02  -1.2282821e-01   1.4747491e-01   2.0111946e-01   1.0904458e-01  -2.4130825e-01  -4.1488000e-02  -1.1903591e-01   3.5914827e-01  -1.2403044e-01  -9.0608455e-02   2.4137269e-01  -2.1515624e-02   2.6737885e-01   2.1844850e-02   4.3490695e-01   5.3238516e-01   2.3120954e-01   2.4794669e-01   6.3552984e-02  -3.1343673e-01  -2.2382678e-01  -1.2312245e-01  -1.6695078e-01  -1.8389272e-02  -1.0289524e-01  -1.0905262e-01  -2.0047826e-01  -3.8553832e-02   4.5503507e-01   1.6298083e-01   2.0369829e-01   2.5920958e-01  -1.7427359e-01   4.8499616e-02   1.4237680e-01  -1.8957936e-01   4.9877936e-02  -2.2433133e-02  -3.5285819e-02  -1.7775578e-02   1.3885942e-01   2.3442772e-01   1.4486865e-01  -8.3157638e-02  -4.4789816e-02  -1.6179982e-01   3.2836418e-01  -1.3832204e-02   5.2346756e-02  -1.3814436e-01  -7.8977154e-02   1.8752472e-01  -1.9735590e-01   4.6691366e-01   2.9885931e-01   5.2457740e-02  -1.5569268e-01   1.2479688e-01  -6.1340878e-02  -1.1259828e-01   5.2220066e-01   2.2896478e-01  -3.0197884e-01   3.3354143e-02   1.9723305e-01   2.8970322e-01   1.4316889e-02   1.3247929e-01   3.3840128e-01   5.9331491e-02  -6.6307297e-02   8.5661413e-02  -5.5590091e-02   3.5498557e-01  -1.3869832e-01  -1.2258227e-01  -1.9123315e-01   2.0840652e-01   1.6703889e-01   2.4713982e-01  -1.4814211e-01  -6.0255110e-02  -8.3289246e-02   3.2416862e-02  -1.8931864e-01   3.0432879e-02  -1.9906199e-01   5.3464907e-02  -7.5183635e-02   2.2148548e-03  -1.6900796e-01   1.0259606e-01  -7.0552487e-02  -2.3514427e-01  -6.9092487e-03   1.6071019e-02  -4.7190104e-02   2.4584021e-01  -1.0306391e-01  -8.5627496e-02  -2.4469345e-04   6.2935961e-02  -1.8198062e-01   3.7060749e-03  -8.8082121e-02
