   0.0000000e+00  -2.6611055e-01   5.5509658e-02  -5.2949016e-01   4.7916975e-02  -1.6785797e-01  -3.8240009e-01   5.0450710e-01   2.2306134e-01   3.9141474e-01  -2.7009665e-01  -1.8256742e-01  -5.6135314e-02  -6.4035543e-02  -1.7475452e-01  -2.5470569e-01   6.9408322e-02  -4.8792924e-01   1.7788086e-01   5.9166977e-02  -1.4829709e-01  -4.4449853e-01  -2.3647044e-01   4.6895493e-01  -3.5892678e-02   2.7602395e-02  -2.7660494e-01   3.5256289e-01  -2.4987966e-01  -5.3516009e-01  -1.8422522e-01  -5.4463365e-01  -3.3160423e-02   5.1739091e-02  -4.4478665e-03  -9.6711168e-02   1.7966963e-02   2.4714728e-03  -4.3046906e-01   4.7171235e-02  -1.6861490e-01   5.7268665e-02   1.6116733e-01  -9.8478723e-02  -3.6099526e-01   5.2758959e-01  -3.2392886e-01  -3.9384005e-01  -5.9263806e-02   7.2366542e-03  -5.4792538e-01   4.1925840e-01  -5.9974192e-02  -5.2311989e-02   1.1237687e-03  -1.5989312e-01   4.7291069e-02  -3.9493944e-01  -3.7406469e-01  -1.9832815e-01  -8.2912021e-02  -4.1366189e-01   2.2888354e-01  -6.1641630e-02  -2.2535920e-01   1.3892762e-01  -5.0315304e-02  -1.5014325e-01  -3.1908729e-01   1.6306123e-01  -1.0295881e-01  -5.0545984e-01  -1.4835768e-01   3.9225203e-02  -9.2797028e-02  -4.2590144e-01   1.3769933e-01  -1.0977607e-01   2.1120910e-01  -1.4076317e-01  -1.2960423e-01  -1.6197962e-01   6.6402932e-02   1.9158822e-01   3.9310686e-02  -3.9455363e-01   1.0105452e-01   5.2205893e-02   8.9308379e-02   2.2830152e-01   1.7087632e-01   1.7287867e-02   2.4703873e-01   1.0254797e-01   4.6879704e-02   2.5821397e-01  -4.1094713e-01   9.3023866e-02  -2.9415782e-01  -2.4699900e-01  -4.4390273e-02   1.7685169e-01  -4.1367996e-01   2.3883632e-01  -5.4426477e-01  -3.8453773e-01   5.8992394e-02  -6.1203221e-03  -2.4324578e-01  -1.7160202e-01  -1.2454335e-02  -4.9143711e-01  -2.1461673e-01   4.9954494e-01  -6.8073749e-02   4.1400113e-02  -3.8940744e-02  -1.6042250e-01   1.3707336e-01  -6.3898898e-01   2.8992288e-01   1.9869243e-01  -1.1547510e-01  -3.5474392e-01   5.3092892e-01   3.1017539e-01  -5.1857244e-01   4.8865358e-02  -3.4268563e-01  -1.0705096e-01   5.6525871e-02  -2.0823060e-01   2.1846704e-01  -9.2455205e-02  -4.0901894e-02   4.8765283e-02  -1.5913292e-01  -1.4970369e-01   9.0166449e-02   3.2994846e-01   5.7132483e-01   1.9626599e-01  -1.5389179e-01  -4.8976181e-03  -3.9218522e-01  -2.1833039e-01  -2.1672578e-02   1.8531009e-01   9.7522782e-02  -2.1511408e-01   1.2771393e-01  -1.1656509e-01   1.2073363e-01  -5.5660701e-02  -4.4967520e-02  -9.9413303e-02   3.5121524e-01  -4.6944154e-01   1.2766279e-01  -1.9918855e-01  -3.9679013e-01  -2.9978597e-01   1.0209401e-01  -5.0429221e-01  -4.2697705e-01   5.6855785e-02  -7.9727764e-02  -3.0148564e-03   1.9852873e-01  -3.1174466e-02   2.0515830e-01   1.5808737e-01  -1.9093073e-01  -1.0080661e-01  -3.5058060e-01   2.1141370e-01  -3.1202369e-01
  -2.6611055e-01   0.0000000e+00   1.3099933e-01   1.9032630e-01   1.9000645e-01  -1.2420429e-02   2.0469870e-01  -1.8825211e-01   4.2024594e-01  -4.6813384e-01   3.2125268e-01   4.5745009e-01   9.7526026e-02  -3.8595364e-02   1.6744254e-01   2.2011750e-01   7.9603479e-02   3.0172128e-01   1.8143532e-02   2.5651447e-02  -5.2733634e-03   3.6019687e-01   2.9819974e-01   6.8034499e-02  -3.6052013e-02  -1.7620851e-01   3.1579821e-01  -2.2947833e-01  -3.5100831e-02   4.2216024e-01   5.6285036e-01   3.0081170e-01   7.1285766e-03  -1.0570447e-01   5.2916710e-01   2.3285985e-01   1.3895066e-01   5.6522189e-02   4.0231594e-01   7.7749272e-02   1.2707425e-01  -1.2285520e-01   8.7438453e-02  -5.9374065e-02   4.7133207e-01  -1.4513120e-01   1.0659113e-01   2.4002870e-01  -2.1994508e-02  -5.7768054e-02   2.4934091e-01  -2.8292265e-01   3.5824167e-01  -3.2947284e-01  -1.3974238e-01  -8.6694890e-02   4.3189983e-02   1.9856300e-01   2.8714016e-01   3.4478719e-01   1.2187422e-01   2.2802650e-01  -4.2761820e-02   2.8506200e-01   5.8688199e-01   1.1989266e-01   1.6048884e-02  -1.2433689e-01   6.3078304e-02   3.8067353e-02   5.6019027e-01   3.1510088e-01   2.9622242e-01  -3.4327147e-02  -2.3737488e-01   3.8653574e-01   3.2975432e-02  -3.6635170e-02   1.9783807e-01   8.4226489e-02  -1.6823382e-01   1.8202926e-01  -8.0911661e-02   2.1532948e-02   7.7891264e-02   1.7621288e-01   7.4085401e-02  -3.3325365e-01   1.0917152e-01  -1.7629235e-01   4.2319645e-02   3.9479261e-02  -2.7468544e-01   2.3702518e-01   7.3680583e-02  -1.9443325e-01   1.2667513e-01  -9.9133286e-02   6.1427489e-02   5.5389256e-02  -2.3871520e-01  -1.2963202e-01   3.9113143e-01   5.3115993e-01   3.8973680e-01   2.8036164e-01  -2.3103522e-01  -3.6272974e-02   2.0166883e-01   5.6508041e-01  -3.5879401e-01   1.7725536e-01   1.7089541e-02   1.0736882e-03  -3.0992230e-01   1.8935371e-01  -2.8605987e-01  -6.7583179e-03  -3.0617316e-01   1.4225125e-01  -7.8943028e-03   2.1509531e-02   9.4356305e-03   3.5598636e-01  -1.4801357e-01   2.0454161e-01   3.3835479e-01  -1.4168418e-01   3.2669062e-01   7.7259932e-02   4.0562029e-02   2.6620305e-01   3.9732441e-01   9.4917273e-02  -1.3263631e-02   8.1730563e-02   1.9265720e-02  -1.1496634e-01  -2.9526942e-02   3.5012300e-02  -3.0163249e-02  -8.5117273e-02   9.1500500e-02  -4.9945371e-02   1.2282873e-01   2.8821704e-01  -1.1116728e-02   1.5320730e-01   3.2994448e-01   3.7452468e-01  -2.2146159e-01  -6.7131239e-02  -6.6860137e-02   3.0691220e-01   2.6269129e-01   8.1794702e-02   3.3583097e-02   1.2977780e-01  -2.3421046e-02  -1.1595336e-02   5.0674642e-02   3.1935618e-01  -1.1273220e-01   3.3938933e-01   1.4001512e-01  -3.4094975e-02   3.1315813e-02  -1.3907240e-01   2.5725253e-02  -1.5229667e-02   9.2795040e-02  -1.1880889e-01   4.8291456e-01   1.8204680e-01  -3.4724479e-02  -1.2293252e-01   1.1568333e-01
   5.5509658e-02   1.3099933e-01   0.0000000e+00  -1.1848804e-01   3.5094274e-02   5.0581573e-01  -3.7818735e-01   9.5886924e-02   1.4554927e-01  -7.3148678e-02  -1.5610225e-02   3.5087286e-01   6.8517642e-02  -3.9833913e-01  -4.1413904e-01   1.8977618e-01   8.1432497e-01  -2.3373719e-01   3.1661793e-01   9.2516862e-02  -4.5017916e-01   1.8085762e-01  -3.8178539e-01   9.1523412e-02   2.0282717e-01   2.0580324e-01   3.6868192e-01   8.3259939e-02  -2.8923872e-02  -1.0199468e-01  -3.0212778e-01  -1.8559445e-03   1.4504512e-01  -3.3349325e-01  -1.7454297e-02  -1.0417453e-01  -3.1892324e-01   4.0969515e-01   8.5398850e-02   5.8836726e-01  -6.3511808e-02   1.8181703e-01   4.4613020e-02  -1.7407617e-01  -3.3781761e-02   2.3858377e-01   1.0016815e-01  -3.9720756e-01  -2.9655982e-01   6.0550302e-01  -1.2541435e-01  -2.7191945e-02   4.2064189e-03   4.9932110e-02  -2.2458596e-01  -9.1083015e-02   3.4952756e-01   1.1153312e-01  -1.4038343e-01   1.5997685e-01   5.8470908e-01   4.1553339e-02   3.0862616e-01  -2.3703554e-01  -2.1142663e-01  -1.6981370e-01   3.6922528e-01  -4.1201577e-02   1.1884359e-01   6.4844688e-01  -5.4141446e-02  -1.0069558e-01  -2.5395111e-02   1.4169978e-01   5.4173892e-02  -1.4638259e-01   5.7958417e-01   9.1562038e-02   1.7887336e-02   1.2327737e-01  -1.4147168e-01   2.7715586e-04  -1.1729982e-01   3.4966136e-01   3.5698889e-01  -3.9663301e-01  -3.5455926e-01  -3.5018798e-01   3.1587584e-01   1.1141860e-01  -7.6884631e-02   5.9140633e-01   1.2949914e-01   6.8472972e-02   4.2127204e-01   2.0991104e-01   1.2943454e-01   2.2952657e-01   8.1221379e-02  -2.7491703e-01  -1.8443704e-01  -2.4116269e-01   1.7951517e-02   9.8280914e-02  -2.8228510e-01  -2.1937837e-02   1.2018390e-01   2.9626215e-01  -4.8811218e-02   1.8556003e-01  -1.5472138e-01  -1.6064568e-01   2.3684525e-02   1.0397407e-01  -7.7435564e-02  -1.3359252e-01   7.7913047e-02  -1.2935767e-01   1.6620402e-02  -1.1209728e-01   2.1792658e-01   5.8075956e-02   1.6019052e-01  -3.9498767e-01   2.1460552e-01   2.4562534e-01  -2.5736243e-01   1.2180044e-01   3.0472466e-03   4.7776201e-01   2.9342606e-02  -3.7371744e-01   3.1476333e-01  -4.3244590e-01   7.7713728e-02   3.7699782e-02   1.0896437e-01  -2.6739334e-01  -9.7296530e-02   1.4415159e-02   1.2485949e-01   2.3683535e-02  -2.4843159e-02   5.3416132e-01  -3.4683083e-01  -4.5522267e-01   3.7350624e-01  -1.2861565e-01  -1.0029544e-02  -4.0328892e-01   7.7056903e-02  -1.9191252e-01  -1.4904595e-03  -1.3218217e-01   6.5381700e-01   4.2529288e-02   2.8072521e-01  -1.5737815e-01   5.6725140e-01  -3.5933672e-01   1.8377869e-01  -2.0198645e-02  -1.9952658e-01  -3.1515882e-01   2.3340113e-01  -2.2439723e-01  -1.7450273e-01  -1.1457180e-01   2.2589516e-01   1.0603404e-01  -1.2391900e-01   3.0944130e-01   3.9146660e-02   3.9424886e-01   7.5697213e-02  -3.4145572e-02   3.5137944e-01
  -5.2949016e-01   1.9032630e-01  -1.1848804e-01   0.0000000e+00   3.5004952e-01  -6.0867702e-03   5.9443399e-02  -3.2755529e-01   7.2807544e-02  -2.0640263e-01   2.9111809e-01  -3.1299913e-03   1.2495721e-01  -1.8790944e-02   5.5918557e-02   2.5497267e-01   8.2536732e-03   6.4440213e-01  -1.4736658e-01   2.9549289e-01   5.4025485e-02   4.8269513e-01   2.1957800e-01  -1.4695724e-01   1.0792567e-01  -2.6072750e-02   2.5117332e-01  -4.8140332e-01   2.2250821e-01   3.3635266e-01   2.1619642e-01   6.6722787e-01   1.3776159e-01   1.7442867e-02   1.0662243e-01   4.2778317e-01   1.8832859e-01  -1.9477480e-01   3.7405244e-01  -5.4246085e-02   3.4249507e-01   1.0608000e-01   3.3648777e-03   7.2252977e-02   4.2327163e-01  -4.1875884e-01   4.8899951e-01   1.3733263e-01   2.8131389e-01   1.2796655e-01   6.1533293e-01  -1.5255147e-01   9.2758175e-03   3.4391725e-01   1.3237082e-01   2.0267150e-01  -3.9688692e-02   5.6234291e-01   5.7001760e-01   3.2172948e-01   1.1981456e-01   5.6395902e-01   1.4554079e-01   8.6592524e-02   3.2259247e-01   4.8405824e-02   3.9110912e-02   4.0525120e-01   4.2829337e-01  -4.1866060e-01   5.0554148e-02   6.0658027e-01   2.3202224e-01  -2.7121538e-02   6.3297390e-02   3.4916778e-01  -1.6240348e-01   5.8714859e-02   6.1898139e-02   3.1006353e-01  -1.1192839e-02   9.2317328e-02   2.9714641e-02  -2.4017461e-01   2.1067573e-02   3.8775008e-01  -1.4226593e-01   2.3619584e-01  -6.3668572e-02  -2.1161240e-01   1.2915373e-01   7.1526901e-02  -2.1083538e-01   2.9634199e-01  -2.6850783e-01  -3.0460436e-03   4.5065266e-01  -3.3369726e-02   4.7702733e-01  -4.6365700e-02  -1.5252296e-01  -1.0175459e-01   4.3665540e-01  -3.0953991e-02   5.1538429e-01   7.0991488e-01   4.2107440e-01   2.2396559e-02  -4.8753087e-02   1.2947205e-01   2.7426674e-02   4.5701888e-01   5.5473376e-01  -4.5018089e-01  -2.5097678e-01   1.6097838e-01   6.3404908e-02   2.8536492e-01  -3.4694703e-01   7.8016539e-01  -1.9617092e-01   1.2840346e-01   2.1569762e-02   3.3943949e-01  -4.5048992e-01   9.7598522e-02   4.1148644e-01   2.0197291e-01   5.4131988e-01  -2.4515416e-01  -1.2795400e-01   3.3128792e-01  -5.3628177e-02   1.2225495e-01   3.5596665e-01   6.4861611e-02   2.8296547e-01  -1.6551574e-01   1.2519837e-01  -2.6197005e-01  -2.4767804e-01  -1.7766973e-01   1.7885254e-01  -3.9590276e-01   2.3917112e-01   2.0488179e-01  -1.9006469e-01   7.9063613e-02   1.9906995e-02   1.1649535e-01  -2.0711434e-01   2.7504556e-02   1.9305588e-01   2.6138697e-01  -7.0396894e-02   8.8938174e-02  -1.7659982e-01   4.7145939e-01   5.4606357e-02   2.1881500e-01   3.7723754e-01   3.5136742e-01  -7.5474275e-02   6.1453853e-01   5.2614059e-01   1.3440737e-01   2.9958734e-01   2.8967519e-03  -9.3859646e-02   1.2264524e-01   6.7363643e-02  -4.1196928e-01   3.6324162e-01  -9.5056275e-02   2.2657550e-01  -5.8796553e-02   3.9120603e-01
   4.7916975e-02   1.9000645e-01   3.5094274e-02   3.5004952e-01   0.0000000e+00  -9.8807142e-02  -2.0948528e-01  -1.6364288e-02   3.8778089e-01   1.3973762e-01   1.0117445e-01  -1.2688912e-02   3.5213797e-01  -2.2911617e-01   4.8769118e-02   2.1577852e-01   2.2376271e-01   4.2930169e-02  -1.7861541e-01   8.3544254e-01  -1.0443797e-01  -1.1590731e-02  -6.9521680e-02   2.6870357e-02  -4.9988454e-02  -5.1545915e-03   3.7849629e-01  -1.8169570e-01  -5.6250844e-02  -1.3268240e-01   2.5965862e-01   1.2729807e-01   8.6659335e-02   3.1290401e-01   1.9024042e-01   7.4824559e-01   2.1975266e-01  -2.7865926e-01   2.1279613e-01   3.3874529e-01   3.8355790e-01   1.8216376e-01   3.5086239e-01  -6.3112418e-02   1.5606311e-01  -1.6438866e-01   2.8683383e-01  -1.8213383e-01   2.5590994e-01   3.4641215e-01   9.1360023e-02   8.3525747e-02   4.2620772e-01   1.8577774e-01  -7.2965989e-02   6.3088541e-02  -1.5615212e-01   1.8276036e-01   2.6116608e-01  -3.1989619e-02  -2.6550084e-02   3.3597604e-01   4.6306967e-01   2.5819759e-01   1.9814937e-01   3.8685343e-01   9.7155163e-02   1.8789158e-01   1.5592628e-01  -2.3528592e-01   2.4961069e-01   1.4270586e-01   3.6117276e-01  -4.2522967e-02  -2.7542120e-01   1.7379574e-02  -1.2473520e-01  -5.6255971e-02   7.9475637e-01   2.3050139e-01  -2.4913769e-01   2.4637824e-01   2.6357946e-01  -9.0377142e-02   2.4442439e-01   9.0299203e-02  -1.1125893e-01   2.7788555e-03   1.8245055e-01  -1.1630316e-01   6.7610018e-01   9.6533056e-03   1.9852518e-01   3.5632969e-01  -3.7221819e-01   5.9852449e-01   9.2521326e-02  -1.7213671e-01   2.1694919e-01  -2.7451779e-01  -2.9317528e-01   1.8419889e-01  -1.2370447e-02   2.2024196e-01  -3.0740463e-02   1.2904736e-01   2.2767486e-01   1.2453375e-01  -1.7110774e-01   2.5205660e-01   1.6015735e-01  -9.8090451e-02   1.9728752e-01  -2.6589984e-01  -3.7836638e-01   6.7520043e-01   8.2867260e-03   4.6128599e-01  -3.4310472e-01   1.8021212e-01  -2.1427128e-01   7.0687831e-01   2.1293065e-01   5.4833998e-02  -2.4248575e-01   1.0838817e-01  -2.0166279e-01   3.8349068e-02   1.3557549e-01  -2.8562756e-01   8.1026841e-02   4.3999973e-01   5.0342088e-01   3.4663495e-02   4.7421793e-01  -2.1001110e-02   2.4317973e-01  -4.1603898e-01   2.1318625e-01  -2.3135234e-01  -4.9483092e-03   2.2553927e-01  -3.3765512e-02  -3.1134401e-01  -1.0968877e-01   4.6045151e-02   2.7543598e-02   4.9857422e-01   3.7753845e-01   1.5252018e-01  -1.8235053e-01  -2.4850510e-01   1.0569084e-01   4.7996763e-01   2.8032348e-01  -9.0664923e-02  -2.0895266e-01  -4.3729121e-03  -4.4877239e-02  -1.1377336e-01  -5.6890560e-03   5.8427156e-02   2.0597950e-01   9.6422139e-02   2.1729192e-01   5.3144329e-01   3.4634119e-01  -2.2581103e-01  -1.8079834e-01   4.4087298e-01   6.3574378e-01  -4.7075057e-01   2.9771940e-01  -1.2230790e-02  -2.4181728e-02   3.7765288e-02   4.0688879e-02
  -1.6785797e-01  -1.2420429e-02   5.0581573e-01  -6.0867702e-03  -9.8807142e-02   0.0000000e+00   1.2278899e-01   1.4767777e-01  -3.2176866e-01   7.5934934e-02   2.6767674e-01   3.3910340e-01  -1.2741203e-01   3.8130497e-02  -2.1679425e-01   2.1040150e-01   2.4968185e-01  -2.1059075e-02   7.7628413e-02   6.2131405e-02  -6.5300420e-02   6.1208855e-02  -3.5886599e-02  -9.7795750e-02  -1.0467201e-01   2.9485727e-01   2.0477255e-01   3.0224242e-01  -1.3744414e-01   2.7348756e-01  -3.4559109e-01  -7.5818630e-03  -3.3250252e-02  -3.0503040e-03  -1.1405957e-01  -3.0501450e-02  -2.0806235e-01   8.4299768e-02   1.5948737e-01   1.0739160e-01  -2.0745531e-01  -6.3658885e-03   1.7455703e-01   3.0545772e-01   8.7322809e-03   2.3980940e-01   3.8287435e-01   7.8166571e-02  -1.1936333e-01   1.7227206e-01   2.4755151e-02   1.4755297e-01  -8.7127484e-02   2.0301983e-02   7.7955460e-02   3.9388514e-01   5.0970066e-01  -4.0896649e-02  -6.8689764e-02   1.4073960e-01   2.5764045e-01   8.3365010e-02  -2.6846838e-01  -1.4816651e-01  -1.2391324e-01  -1.2707222e-02   6.9291289e-01  -3.4931105e-02   3.3730487e-01   4.6990719e-01  -3.6384737e-01  -1.8680693e-02  -9.4269918e-02   4.6748743e-01  -2.2403033e-01  -1.8396192e-03   3.1937660e-01   2.2729050e-01  -8.4918077e-02  -1.7260776e-01   3.1867567e-01   3.5903180e-03  -2.6257105e-04   3.0673654e-01   3.3422844e-01  -1.4624415e-01  -5.9639364e-01  -1.0044249e-01  -1.0390823e-01   2.6571950e-01  -2.0482555e-01   3.8060849e-01   3.2498339e-01  -1.9788191e-01   1.4871539e-01  -8.5857272e-02  -4.0045484e-03   7.4723624e-02  -7.0576403e-02  -2.1630306e-01   1.6161227e-01   8.0463954e-02   5.1927492e-02  -3.8876380e-01  -2.4263055e-03   1.6658240e-02   1.2453213e-01   2.9469535e-01  -9.5305814e-02   1.9946420e-02   2.9959480e-01   8.6940389e-02   1.1085866e-02   1.8985711e-01   3.3199141e-01  -3.1729036e-01   2.3273789e-01  -6.8827919e-02   3.4809030e-01  -1.6698844e-02   1.7993524e-01  -5.1400250e-02  -1.9129297e-01  -9.6091972e-02   1.7092157e-01   5.5629676e-02   3.9616254e-02  -2.7374965e-01  -3.7335901e-02   3.9714065e-01  -2.5821041e-02  -1.6137796e-02  -1.8942263e-01   1.9172930e-02  -8.3481043e-02   1.7209723e-01  -6.0812817e-02   1.6648991e-01   9.0015529e-02  -2.0042842e-01  -8.2777454e-02  -4.6464774e-02   2.4763645e-01   4.6141441e-01  -2.2708902e-02  -1.7591215e-01   2.2059482e-01  -5.8298426e-02  -3.1305146e-03  -4.1799375e-01   3.8668176e-01   1.5073485e-01   1.4442187e-01  -1.8011965e-01   2.0067532e-01  -1.6107796e-01   1.2855585e-01  -1.7948932e-02   2.1024145e-01   9.2436237e-02   3.4382074e-02   1.7606836e-01  -3.8196372e-01   1.1559170e-01   1.1141918e-01   9.6887848e-03   1.1099628e-02   1.1718148e-01   2.2049871e-01  -1.6457808e-01  -1.2679682e-01   7.7241955e-02  -1.0265675e-01   6.5812063e-01  -1.1150466e-01  -6.6436042e-02   2.2614898e-01
  -3.8240009e-01   2.0469870e-01  -3.7818735e-01   5.9443399e-02  -2.0948528e-01   1.2278899e-01   0.0000000e+00  -2.3013689e-01  -2.6593799e-01  -1.5677835e-02   1.3125879e-01   2.3458386e-01  -2.4495194e-01   3.7811428e-01   6.4211941e-01  -2.7675861e-02  -4.6743898e-01   2.6221746e-01  -3.4333393e-01  -1.6700305e-01   4.4813457e-01  -7.4697169e-02   5.1199016e-01  -3.4762082e-01  -3.3766946e-01  -5.4212602e-02  -9.8972511e-03   5.6874726e-02  -2.5168766e-01   4.8313623e-01   2.1542546e-01   4.3144549e-02  -2.3164152e-01   3.8880522e-01   2.2170408e-01  -1.2462785e-02   1.0449673e-01  -3.7467247e-02   1.7479272e-01  -3.1164345e-01  -1.6872251e-01  -3.2021965e-01   1.3177043e-01   2.2763128e-01   1.3681468e-01  -1.7425192e-01  -8.1530185e-02   6.7412887e-01   8.7956980e-02  -5.3135462e-01   2.2179817e-01  -9.2148057e-02  -2.4526296e-02  -2.9848611e-01   2.0592855e-01   2.8224393e-01  -1.5067821e-01  -1.9185254e-01   8.2368005e-02  -2.9752001e-02  -3.3001106e-01  -5.0016370e-02  -5.4549827e-01   1.7835248e-01   2.9751627e-01   1.9503690e-01  -3.1152837e-03  -1.5899571e-01  -8.1851246e-02  -1.0582117e-01   1.5156900e-01   7.1441375e-02   9.9408572e-02   7.4367378e-02  -2.6825807e-01   2.5706097e-01  -2.8305741e-01   2.4739255e-02  -1.3130868e-01  -2.5794424e-01   3.9978529e-01   1.4061882e-01  -5.1052087e-03  -9.8084782e-02  -1.4581618e-01   3.8894320e-01   1.2136711e-01   7.0629195e-03  -3.4471930e-01  -1.4005313e-01  -1.2194848e-01  -3.5465992e-01   8.5027691e-02  -1.8153617e-01  -9.3197494e-02  -3.5259738e-01  -2.2222847e-01  -3.2016579e-01  -2.6050887e-01   5.3853282e-01   2.6556477e-01   2.5835872e-01   9.6377705e-02  -1.7056131e-01   4.6119177e-01   1.6949325e-02  -3.4609047e-01  -9.7926191e-02   9.4325147e-02  -7.9644823e-02   2.7942475e-01   3.1835912e-01  -1.3793897e-01  -4.7092350e-02   4.6930238e-01  -7.2728046e-02   3.4460035e-02   1.9846446e-02   8.4495212e-02   1.0045462e-01  -8.8190860e-02  -1.2488670e-01  -1.4347433e-01   3.9625458e-01  -1.5406145e-01  -1.9859667e-01   5.9588190e-01  -4.2758893e-01  -7.2325591e-04   4.6329705e-03  -1.3566324e-01   3.8283323e-01  -3.4057173e-01   3.9387768e-01  -2.2945068e-01  -1.3157093e-02  -1.9653219e-01   4.8874204e-01  -2.2733491e-02  -1.7142411e-01  -2.7642754e-01  -1.6402287e-01   1.6841186e-01  -5.9323120e-02   5.5569697e-01   3.3356637e-01   2.5895390e-01  -6.5975006e-02   1.1019158e-01   3.2166466e-01   1.7206429e-01   3.2559376e-01  -9.0920959e-02   4.0399358e-02  -3.0205358e-01  -1.2353229e-01  -2.4950884e-01   2.0163758e-01  -4.6652676e-01   4.9516411e-01  -2.1151627e-01   8.6237451e-02  -9.4379386e-02   4.5389193e-01  -1.6187879e-01   1.7885676e-01   1.5047799e-01   6.3483448e-02  -1.0563643e-01  -3.4618078e-01   1.3407549e-02  -1.0094819e-01  -2.3397983e-02  -6.3794805e-02  -1.8650133e-01  -1.0097919e-02  -2.0321259e-01
   5.0450710e-01  -1.8825211e-01   9.5886924e-02  -3.2755529e-01  -1.6364288e-02   1.4767777e-01  -2.3013689e-01   0.0000000e+00  -2.1445595e-02   2.8636423e-01   1.6797808e-01  -8.0158947e-03  -1.9504355e-01  -1.9064530e-01  -9.5487918e-02  -3.4262692e-02   7.6803789e-03  -2.9452955e-01   1.5505787e-01  -1.4150758e-02  -9.9750602e-02  -2.9376223e-01  -1.4780207e-01   2.5680727e-01  -8.6534891e-02   2.5920290e-01  -1.2672685e-02   5.3936402e-01  -1.1225604e-01  -3.6668766e-01  -1.1526242e-01  -1.7714141e-01  -6.3345083e-02   2.0865840e-01  -9.3402826e-02  -9.5597415e-03   1.5400193e-01   7.1711446e-02  -2.3525181e-01  -2.6441138e-02  -4.0751837e-01   8.2290945e-02   2.0267879e-01   5.6282824e-02  -1.7584679e-01   6.7509568e-01  -1.4109050e-02  -1.8654001e-01  -5.7727967e-02  -6.1440513e-02  -4.0766366e-01   7.9300317e-01  -1.9029756e-02  -2.6772736e-02  -8.1743546e-02   6.6053331e-02   2.1025094e-01  -1.7687276e-01  -4.2836159e-01  -6.4660428e-02  -1.2181083e-01  -2.5177925e-01   3.7441697e-02  -5.9647486e-02  -1.2972025e-01   1.4034699e-01   3.0066319e-01  -1.0353349e-03   1.0934507e-01   3.1886563e-01  -1.3934892e-01  -1.4731794e-01  -2.5172881e-01   1.5997221e-01  -2.0489180e-01  -1.9014810e-01   2.0095413e-01   4.2763086e-02   1.5774474e-01  -1.4080309e-01   1.0483773e-01  -3.5168514e-02   1.7877493e-01   4.5040822e-01   8.6538751e-02  -5.8779651e-02  -1.0824374e-01  -1.9855405e-02  -5.5213955e-03   3.4513291e-01   1.4528459e-01   8.1032588e-02   2.9698394e-01   8.3130167e-02  -7.1972888e-04   9.0321225e-02  -1.8783323e-01   1.5877933e-01  -2.6237221e-01  -2.4866714e-01   7.7180797e-02   2.1599070e-01  -6.8164829e-02   3.5983433e-02  -2.4005674e-01  -1.0296325e-01   1.7477929e-01   3.3195411e-01  -1.6718538e-01  -1.9101509e-01   2.1629543e-01  -2.5694329e-01   5.2101418e-02   3.8089316e-01   1.0080608e-01   3.4842498e-02   2.0267160e-01  -2.1854158e-01   2.4273304e-01  -3.0617552e-01   4.7958179e-01   1.1203561e-01  -2.2273278e-01  -2.5266683e-01   6.4553839e-01   6.3003430e-02  -3.1523559e-01  -1.0946315e-01  -1.2487223e-01   8.5610660e-04  -1.9406314e-01   7.8050200e-02  -3.4332535e-02   6.4112058e-02   1.6163808e-01   5.0311694e-01   8.2826104e-02   1.3344644e-01   5.0903270e-01   2.3356239e-02   3.5498962e-01  -1.5822946e-01   2.6527092e-01   9.4918607e-02  -1.9772340e-01  -1.6051742e-01  -7.2689663e-03   1.2789953e-01   1.8223951e-01  -2.4508858e-01   3.0193010e-01   1.6588792e-01   2.7215314e-01   1.1768569e-01  -8.8107309e-02  -3.1687296e-01   4.1419060e-01  -4.4669513e-01   1.0138164e-01   9.9990551e-02  -1.5684902e-01   1.9918457e-01  -9.8626545e-03  -2.4993776e-01  -2.2361724e-01   2.4285929e-01   1.6102771e-01   5.0692792e-02   2.9397718e-01  -1.0989494e-01   2.3275432e-01   5.6967340e-02  -1.3240364e-01   1.1124266e-01  -3.4448430e-01   1.5943741e-01  -1.3330135e-01
   2.2306134e-01   4.2024594e-01   1.4554927e-01   7.2807544e-02   3.8778089e-01  -3.2176866e-01  -2.6593799e-01  -2.1445595e-02   0.0000000e+00   1.7080765e-02  -7.2398282e-02  -1.4854323e-01   2.6918878e-01  -4.0018715e-01   8.3699349e-02  -8.0328888e-02   2.5975217e-01  -8.6148591e-02   2.4038600e-01   2.3913093e-01  -2.9124808e-01   1.0021627e-01  -7.2010675e-02   2.7039857e-01   2.1360152e-01  -2.7661938e-02   2.0977925e-01  -1.9504857e-01   9.1318215e-02  -1.4798198e-01   2.6122303e-01   3.0971716e-02   2.1517571e-01  -3.2861638e-02   2.7678524e-01   2.7797254e-01   9.9127115e-02   1.3514162e-03  -2.3650282e-03   2.3390164e-01   2.7197894e-01   1.6596581e-01   9.3710020e-02  -4.0386491e-01   1.8354803e-02   7.8469546e-03  -1.6062178e-01  -3.4273198e-01  -2.9072791e-02   1.5518986e-01  -3.0007576e-02  -6.5088115e-02   1.4531486e-01  -4.6019302e-02  -2.7301738e-01  -3.0747240e-01   1.1538124e-02   1.1111462e-01   7.0236926e-02   1.0362763e-01   1.1620104e-01   3.6032072e-02   4.8506948e-01   5.9774306e-02   2.6804062e-01   1.0434375e-01  -1.1581908e-01  -3.5972001e-02   4.8149424e-02   3.8256936e-03   3.7832707e-01  -7.0549431e-02  -1.4269238e-02  -2.1383340e-01   1.6978578e-02  -1.9325684e-01   4.9582200e-02  -3.0481556e-02   3.6755040e-01   1.2708325e-01  -3.6081293e-01  -1.4117647e-01  -1.6259744e-01   1.2032509e-01  -1.2574446e-01   6.7991284e-02   1.4896979e-01  -1.0105551e-01   4.7779758e-01  -2.0909042e-01   2.5830350e-01   1.2582608e-01  -1.7565293e-01   5.9973474e-01  -3.4199538e-02   3.3040197e-01  -2.3263431e-02   2.4690383e-01   8.0039932e-02  -2.0248504e-03  -5.3855594e-01  -1.5785969e-01  -1.4018797e-02   7.3462995e-01  -5.0964366e-02   2.1581938e-02  -1.1311354e-01   1.8584549e-01  -7.9780288e-02   2.2725946e-01  -3.7901433e-01  -1.1135008e-01  -2.0408258e-02  -7.2872255e-02  -4.5221207e-01   4.3716081e-01  -7.3388426e-02   6.7036216e-02  -4.8595269e-01  -4.1382348e-02   9.0790147e-02   2.6986377e-01   2.4885057e-01  -2.0821363e-01   1.2400194e-02   2.5916481e-01  -2.0805103e-01   1.7112515e-01   7.9232006e-02  -1.9733178e-01  -7.4258319e-02   1.3738584e-02   4.8773600e-01  -3.2495594e-01   2.6718269e-01  -8.6476105e-02   6.2816958e-02  -4.9149005e-01  -4.3998930e-02   8.2879403e-02   1.5496575e-01   6.2985492e-02   4.0308413e-02  -3.0702483e-01  -1.7764216e-01  -1.6923892e-01  -3.7702594e-02   9.3356656e-02   2.2239064e-01   2.3615355e-01  -3.7183336e-01  -1.9727232e-01   9.4995191e-03   3.9000545e-01   9.6206358e-02   5.9088067e-02   1.2002809e-01  -5.9459404e-02   1.5068142e-01  -2.3347382e-01  -9.4447718e-02  -1.3849946e-02   6.6416061e-02  -1.5357464e-01   2.0438290e-01   2.9606290e-02  -3.7409114e-02  -1.9818041e-01  -8.5043147e-02   9.2082626e-02   2.4050434e-01  -8.9963041e-02   2.4369300e-01  -2.0438698e-01   2.1644371e-02   7.0257571e-02   1.7617861e-01
   3.9141474e-01  -4.6813384e-01  -7.3148678e-02  -2.0640263e-01   1.3973762e-01   7.5934934e-02  -1.5677835e-02   2.8636423e-01   1.7080765e-02   0.0000000e+00  -1.3546609e-01  -2.5215192e-01  -8.6157920e-02  -1.3763143e-01   1.6183016e-01  -1.0672162e-01  -7.6285320e-02  -3.1497708e-01  -1.0584756e-01   2.8069223e-01   7.8814915e-02  -3.6377072e-01  -2.8150148e-02   3.8633960e-02  -1.8991181e-01   6.8346405e-02  -6.5377539e-02   2.5430117e-01  -2.9513859e-01  -4.0888427e-01  -3.0234772e-01  -3.4670392e-01  -1.0743615e-01   5.1596843e-01  -2.2608414e-01   1.9339722e-01  -1.0911141e-02  -8.8728916e-02  -2.5556616e-01   7.0453569e-02  -8.9621664e-02   7.2044694e-02   4.0524342e-01  -3.4963475e-02  -5.1593321e-01   1.7697127e-01  -1.2008019e-01  -2.5114997e-01   3.5517161e-02  -1.8715301e-02  -3.8603806e-01   4.7896138e-01  -2.5012174e-01   1.0451841e-01   1.9849880e-02   1.5938507e-01  -1.3060246e-01  -2.3519835e-01  -2.8081046e-01  -2.7922312e-01  -2.4087146e-01  -2.8040814e-01   1.8166777e-01  -1.0636466e-01  -3.1639206e-01   4.7687423e-01  -2.7509609e-02   9.2368879e-02  -1.0868983e-01   4.1465347e-02  -3.1972880e-01  -3.5811312e-01  -1.6089185e-01  -3.3274572e-02  -1.5857145e-01  -3.3726036e-01  -5.4386749e-02   1.0932092e-02   2.4875221e-01  -2.7221264e-01  -1.7818676e-02  -7.8033670e-02   1.7383606e-01  -9.3263157e-02  -1.2730612e-01   5.5788222e-02   4.0694151e-02   1.5707334e-01  -6.8095445e-02  -6.6065199e-03   3.4677609e-01  -9.2469014e-02   6.1717012e-01   6.0428551e-02  -2.4068582e-01   3.4945625e-01  -4.4824100e-01  -8.0969582e-02  -2.4593325e-01   9.2161523e-02  -8.1335911e-02   4.7791133e-01  -4.6341141e-01  -4.6546489e-02  -4.0110991e-01  -2.3891469e-01   9.4698410e-02   2.4744443e-02  -4.2111943e-01  -4.1778822e-01   4.8954741e-01  -2.6894800e-01  -1.0749332e-01  -5.7745046e-02   1.1680050e-01   1.3361465e-01   2.2764958e-01   2.6805951e-01  -7.2328339e-02  -2.8904683e-01   6.6469937e-02   4.6025915e-01  -2.4764134e-02  -2.0933137e-01   2.1856849e-01  -7.3050299e-02  -3.5196888e-01  -8.1227260e-02  -2.7393386e-01  -2.2215839e-01  -5.0427136e-02   8.2829334e-02  -1.0833612e-01   4.0647671e-02   1.7466775e-01   1.5127589e-02  -2.5107133e-01  -1.3323117e-01   2.7388006e-01  -1.3745802e-01   1.5240007e-01   1.0017290e-01   9.1954317e-02  -1.0257355e-03  -7.1401861e-03  -2.2243932e-01   1.8609993e-01   1.9910701e-01   2.7676070e-01  -1.8704421e-01  -7.2832763e-02  -1.5091532e-01   1.9376569e-02   5.2540601e-03  -1.8817487e-01  -3.1158585e-01  -4.3123805e-03  -2.0295914e-01  -1.3535473e-01   2.7593322e-02  -3.5057616e-01  -1.7914593e-01   2.5165981e-01  -2.8670528e-01  -1.6112634e-01   4.0376907e-01   1.1479845e-01  -1.5143643e-01  -1.0709303e-01  -8.9831091e-02   3.8383654e-01   1.8105481e-02  -3.7848605e-01  -1.7436574e-01  -3.0689040e-01  -2.3429711e-02  -2.2091347e-01
  -2.7009665e-01   3.2125268e-01  -1.5610225e-02   2.9111809e-01   1.0117445e-01   2.6767674e-01   1.3125879e-01   1.6797808e-01  -7.2398282e-02  -1.3546609e-01   0.0000000e+00   2.0311929e-01  -3.4763456e-02  -9.6602535e-02  -3.4422043e-02   2.7848077e-01  -6.5938590e-02   4.7855663e-01  -1.5612938e-01   1.7185872e-01   9.6439229e-02   4.4233877e-01   2.7466669e-01  -1.0613860e-01  -5.7973885e-02   9.6296330e-02   1.3876740e-01   4.9392517e-02   4.4759698e-02   3.5131821e-01   2.0422927e-01   4.5388821e-01   7.3782356e-02   8.6116701e-02   2.0692541e-01   3.9240957e-01   2.4446394e-01   8.2683359e-02   2.9684730e-01  -1.9002203e-01  -9.7156140e-02   9.5535752e-02   5.6294486e-02   2.9904537e-01   3.5037530e-01   1.2168202e-01   6.6349664e-01   2.0053273e-01  -7.2921001e-02  -1.5513592e-01   2.5074846e-01   2.6268615e-01   8.4003979e-03  -1.6101582e-01   7.9146915e-02   4.8974343e-01   1.4753589e-01   4.4521830e-01   8.4867941e-02   4.4936959e-01   2.1625857e-01   1.6906350e-01  -1.9800766e-01   1.0722290e-01   1.7404020e-01   2.4268093e-01   3.3848535e-01   1.5411992e-01   6.1261148e-01   7.7693436e-02   5.0438314e-03   4.8716107e-01   2.0289909e-02   1.7703378e-01  -2.7071392e-01   4.4382940e-01   1.4461268e-01   1.9195276e-01   3.5824348e-02   1.3029854e-02   2.1540593e-01   2.4748796e-01   2.9670830e-01   6.5683856e-02  -1.1122042e-01   3.7996179e-01  -1.9694604e-01  -1.2795406e-01  -1.6698532e-01   1.0401147e-01   3.7777105e-02   2.3388117e-01   1.2533027e-01   1.7252392e-01   4.0552579e-02  -2.2838291e-01   6.0023947e-02  -1.3983292e-01   1.1245453e-01  -1.4115279e-01  -1.1804050e-02   1.3603047e-01   5.4875031e-01   2.5075048e-02   5.0651583e-01   5.1089323e-01   7.5367262e-02   3.5255557e-01  -7.9914215e-02   1.7094048e-01   1.3969106e-01   4.1760676e-01   2.6377050e-01  -5.5195646e-02   1.2737868e-02  -2.1435540e-02   6.9520045e-02   1.8172882e-02   5.1836161e-02   3.0254990e-01   1.3661974e-01   2.4192446e-02  -2.0602192e-01   2.3396720e-01   1.2859876e-01  -8.8894006e-02   2.6907838e-01  -2.8925717e-01   5.1691863e-01   2.2685247e-02  -6.2401120e-02   4.3369830e-01  -1.4704982e-01   2.3058405e-01   1.2785388e-01   5.8908724e-01   1.3771598e-01   1.6990436e-01   4.5811974e-01  -2.8677656e-01  -1.3557841e-01  -2.7732094e-01   6.2569428e-01  -3.6215642e-02   1.0046210e-01   1.5781685e-01  -2.5704588e-01   1.5372388e-01   3.2406830e-01  -8.3868898e-02  -3.7761191e-02   2.7972713e-01   1.4362553e-01   5.1832630e-01  -1.1162640e-01  -2.0881001e-01   1.3207571e-01  -2.1518055e-03   5.9253874e-02   3.7915646e-01   2.3193917e-01   8.2738265e-01  -1.4196721e-01   4.4691909e-01   3.5906258e-01   2.4970128e-01   4.8788011e-01   1.1003990e-02   1.3160504e-01  -1.0642898e-01   1.3471445e-01  -1.1928871e-01   3.7798679e-01   2.2976738e-01  -1.4701679e-01   6.5487491e-02   2.8502460e-01
  -1.8256742e-01   4.5745009e-01   3.5087286e-01  -3.1299913e-03  -1.2688912e-02   3.3910340e-01   2.3458386e-01  -8.0158947e-03  -1.4854323e-01  -2.5215192e-01   2.0311929e-01   0.0000000e+00  -1.0835586e-01   1.2213383e-02   3.6550677e-02   2.2252711e-01   2.5189833e-01   8.0059765e-02  -1.7901741e-02   2.3260760e-02   1.3518809e-02   1.5157525e-01   8.4640188e-02   5.2582984e-02  -5.5297399e-02  -2.3846235e-02   3.1048505e-01   8.1582590e-02  -7.8585596e-02   3.4271997e-01   2.0208380e-01   1.6154381e-01  -1.1378817e-01   6.1908748e-02   3.8847159e-01   3.9447211e-02  -3.7876996e-02   1.8786172e-01   2.6119590e-01   2.1003357e-01  -6.6867701e-02  -9.0184708e-02   2.5742820e-01   1.7210544e-01   2.9173557e-01   3.7589682e-02   1.0093558e-01   3.2003027e-01  -7.1813767e-02   1.1791931e-01   1.0923708e-01  -4.8217931e-03   3.1470237e-01  -1.0262512e-01  -4.7016459e-03   1.3932790e-01   2.0913560e-01   4.0321010e-02   1.2305117e-01   3.7874457e-01   1.5356170e-01   1.4973950e-01  -1.5259164e-01   1.3168234e-01   1.8804958e-01   1.3031755e-01   1.8056938e-01  -5.6900730e-02   7.7835299e-02   1.8207059e-01   2.5499372e-01   1.3633085e-01   2.5620005e-01   3.2315262e-01  -3.3102302e-01   3.9827426e-01   1.5154103e-01  -8.5471969e-03   1.2304761e-01  -3.3912609e-02   1.9672812e-02   2.7768992e-01   7.0292381e-02   1.3484870e-01   3.2690429e-01  -5.0518577e-04  -1.8400312e-01  -2.5345763e-01  -4.8704519e-02   1.5860977e-01  -1.0474197e-01   4.7119812e-02   6.8710196e-02  -2.2810537e-02   2.4388199e-01  -1.4185071e-01   1.2774415e-01  -2.4206279e-01  -1.1050094e-03  -2.0858588e-02   9.7638393e-02   1.0186515e-01   2.6945346e-01   6.4273152e-02   1.1343118e-01   1.4132229e-01   3.0152977e-02  -1.2066593e-01   1.9087142e-01   2.3248863e-01   7.7419570e-02   1.5728373e-01   3.0048365e-02   2.2122723e-01  -1.7296283e-02  -5.6828003e-02  -2.5833214e-03  -1.0579334e-01   6.6845509e-02   4.1043954e-02   5.8639645e-02   6.5882868e-02   6.5787548e-02   1.4625499e-01   1.0295527e-01   2.9246021e-01   2.5169616e-01  -1.7624160e-01   1.2307289e-01   3.2325921e-01  -6.4061963e-02   6.9934438e-02   2.0159688e-01   1.9906657e-01  -1.1621100e-01   2.2520686e-01   1.7388456e-02   1.0805776e-01   7.6409951e-02   1.6362549e-02   1.0732481e-03  -1.5899190e-01   1.6652862e-01   2.9015948e-01   9.2839053e-02   1.1425032e-01   4.4738042e-01  -1.6859547e-02   2.5889285e-01   1.3325836e-02   2.1227733e-01  -7.1669404e-02   6.8818004e-02  -5.0024134e-02   4.0607502e-01   6.8941022e-03   8.2381258e-02   5.6302257e-02   6.5625559e-02  -1.2793045e-02   3.1783251e-02   1.9532694e-01  -2.7070731e-01   2.1828037e-01   8.5470156e-02   2.0091699e-02   2.3695534e-01  -5.8690017e-02   2.1093007e-01  -9.9140368e-02   7.5144683e-02   7.0757566e-02   1.1045180e-01   2.8760302e-01  -9.3920107e-02  -6.5943087e-02   4.3910195e-02
  -5.6135314e-02   9.7526026e-02   6.8517642e-02   1.2495721e-01   3.5213797e-01  -1.2741203e-01  -2.4495194e-01  -1.9504355e-01   2.6918878e-01  -8.6157920e-02  -3.4763456e-02  -1.0835586e-01   0.0000000e+00  -1.6957544e-01  -1.7703616e-01   1.7649647e-01   1.3315652e-01   8.9833699e-02   4.3690815e-02   3.7765455e-01  -2.6963790e-01   1.3495323e-01  -2.9263938e-02   1.4227791e-01   3.7484251e-02   4.0704167e-02  -4.2483980e-02  -2.5217833e-03   7.6628207e-02  -7.4725004e-02   1.7746244e-02   1.3258779e-01   1.5959412e-01  -1.1870651e-01   5.0237791e-02   1.7161349e-01   1.1935341e-01  -1.8348653e-01   7.3600926e-02   1.0624898e-01   6.9040909e-01   7.4486801e-02   2.0883106e-01  -2.0023585e-01   2.3560406e-01  -8.0396559e-02   9.1547528e-02  -2.4596605e-01   8.2029840e-02   8.3002239e-02   2.4350794e-01  -1.3867985e-01   6.2875615e-02   5.5540997e-02  -1.6996417e-01  -1.5797228e-01  -4.0261099e-02   2.2272586e-01   1.6415385e-01   2.9851545e-02  -6.7234194e-02   3.7592437e-01   2.4325555e-01  -9.9723666e-02   1.8787320e-01  -8.8878912e-03  -1.2835063e-03  -2.0056279e-02   3.3392226e-02  -8.9461437e-02  -1.8735605e-02   2.6612084e-01   2.7020621e-01  -1.9953333e-01  -9.9760559e-02   3.6005859e-02  -9.4937899e-02  -4.8446403e-02   2.0763952e-01   3.5014297e-01  -2.6424759e-01  -9.1006304e-02  -2.0534793e-01  -1.3262030e-01   3.0536274e-02  -4.7556512e-02  -1.0360647e-01  -3.8215387e-02   2.1692856e-01  -2.7512846e-02   2.8147162e-03  -1.8445309e-02  -2.5641221e-02   3.7987494e-01  -1.7736754e-01   1.6747488e-01   3.7170460e-01  -3.2920469e-02   3.4984904e-01  -5.8347938e-02  -3.1525600e-01  -1.7251189e-01   8.6376090e-02   5.5234651e-02   9.6117290e-02   2.8765131e-02   4.7147238e-02  -3.4624391e-02   1.5147503e-01   2.1552683e-01  -1.8769947e-01   6.4082633e-03   1.4660127e-01  -6.1368383e-02  -3.7976941e-01   1.3177793e-01  -1.5910712e-01   3.9405342e-01  -2.9055854e-01   2.3779662e-01  -2.0889063e-02   1.0226281e-01   2.8282334e-01  -1.3749528e-01  -8.9400421e-02   1.2069542e-01  -9.8217551e-02   1.2585978e-01   2.7309334e-01  -1.4668396e-01   2.3351299e-01   1.6737879e-02   1.9384283e-01  -2.4184218e-01   3.0282266e-01  -3.6723213e-03   2.9876956e-01  -3.9546608e-01   3.8184661e-02   1.3173118e-02   8.0626078e-02   5.2668341e-01  -3.6229671e-02  -1.2843280e-01  -2.2844840e-01  -7.0960587e-02  -1.9763820e-01   3.2259280e-02   8.2446155e-02   9.2271314e-02  -1.5045064e-01  -3.7449856e-01   9.5707002e-02   1.7332492e-02   8.5710215e-02   5.8175077e-03   1.0114652e-03   1.9412651e-01   5.7074930e-03  -2.0254701e-01   1.0085879e-01  -3.9177133e-02  -4.3767824e-02   1.2627918e-02   1.7644155e-01   9.3515907e-03  -1.0155888e-01  -2.3302355e-01  -1.4725691e-02   5.9069050e-02   7.6505283e-02  -1.4888783e-01   3.6327374e-01  -7.9796953e-02   7.8851771e-04  -6.8685255e-02   2.0673540e-02
  -6.4035543e-02  -3.8595364e-02  -3.9833913e-01  -1.8790944e-02  -2.2911617e-01   3.8130497e-02   3.7811428e-01  -1.9064530e-01  -4.0018715e-01  -1.3763143e-01  -9.6602535e-02   1.2213383e-02  -1.6957544e-01   0.0000000e+00   1.3879899e-01  -1.2865120e-01  -4.1267020e-01   1.4416080e-01  -1.8923087e-01  -2.4711167e-01   4.7978139e-01  -5.9306129e-02   1.5938078e-01  -7.4776727e-02  -1.4840182e-01  -2.3272736e-01  -4.0387101e-01  -9.8972573e-02  -3.8988880e-02   4.2108231e-01   1.3998480e-01  -1.1689475e-01  -2.0284790e-01   1.0067023e-01   2.2935796e-03  -2.0060282e-01   1.3954437e-03  -3.0156259e-01   3.4169977e-02  -4.5130300e-01  -2.0497381e-01  -3.0160669e-01  -2.3251959e-01   5.1369753e-01  -1.0689471e-01  -1.2526819e-01  -1.1986629e-01   6.5132357e-01   3.0449964e-01  -3.0117520e-01  -1.7771922e-02  -2.2508684e-01   3.9909172e-02  -5.7959147e-02   5.8577456e-01   2.1920225e-01  -9.6356435e-02  -1.8450505e-01   1.7498225e-03  -7.5729904e-02  -3.1428330e-01  -5.3146398e-02  -5.1653427e-01   3.5616651e-01   9.1073655e-03  -8.9866195e-02   3.4116101e-03  -2.1218103e-01  -1.7603737e-01  -2.0978357e-01  -1.0701649e-01  -1.9390561e-01   1.1031776e-01   2.1631350e-01  -1.1538767e-01   2.1917014e-01  -3.1174275e-01  -1.0531503e-01  -1.8022383e-01  -2.2920466e-01   2.5882794e-01   5.5284238e-02   2.2521375e-01  -2.1877378e-01   1.8970532e-01   2.7959564e-02   2.7363872e-01   2.9534703e-01  -3.4086818e-01   9.3521851e-02  -1.1941190e-01  -2.6646036e-01  -2.0416644e-02  -2.7218950e-01  -2.1969877e-01  -3.7111476e-01  -1.1158184e-01  -2.4516147e-01  -2.4804425e-01  -1.5298205e-02   6.1772966e-01   2.0891732e-01   7.0351071e-02  -3.5718596e-01   1.1939416e-01  -1.8480901e-02  -9.1838331e-02  -3.7453858e-01  -7.5607104e-02  -1.0923966e-01   1.7825509e-01   1.8491521e-01  -2.4772341e-01   1.0899590e-01   3.2667896e-01  -2.2073182e-01  -2.3497665e-01  -5.4763269e-02   4.5189917e-01  -1.7547669e-01  -1.2101909e-01  -1.7364140e-01  -2.9621214e-01   4.3457348e-01  -1.6359240e-01   1.5247584e-02   1.6860439e-01  -1.2300260e-01  -2.5367514e-02   1.0168134e-01   1.2165456e-02   1.1221334e-01  -2.3776049e-01   5.5774382e-01  -2.9648114e-01  -3.8516445e-02  -2.8129158e-01   4.9769866e-01  -5.6298812e-02   5.9386750e-02  -7.3696549e-02   6.5447903e-02  -1.4581076e-01   3.9935977e-02   2.1313245e-01   4.7130133e-01  -2.4688493e-01   8.7979945e-02  -1.9450568e-01   1.5343024e-01   1.9335523e-01   4.0827012e-01  -4.0773026e-02  -1.0534624e-01  -2.3819775e-01   7.8865588e-02  -1.8033306e-01  -2.3265300e-03  -2.9244039e-01   2.4309097e-01  -1.8019052e-01  -1.2945515e-01   1.1781318e-01   2.0862002e-01  -3.0536687e-01  -2.0182382e-02  -4.0284454e-02   1.1878789e-01  -6.3791152e-02  -7.5238012e-02  -6.7871001e-02  -2.7779928e-01  -3.0927374e-01   1.6437575e-01  -4.2349216e-02   1.0706321e-01  -2.2436902e-01
