   0.0000000e+00  -5.8759910e-02  -5.6359255e-01   9.3342134e-02  -3.1751991e-01  -4.1744697e-01  -2.6256999e-01   1.0177871e-01   7.8153955e-02   5.5323905e-02  -2.6492487e-02  -2.9941316e-01  -2.2606331e-01   2.9613791e-01   4.8238763e-01  -1.5330697e-01  -4.1219991e-01   8.8924543e-02   7.0794071e-02  -1.2780639e-01  -7.0755950e-02   1.2362332e-01   1.1294140e-01   6.4176448e-01  -1.2550795e-01   3.7248971e-01  -4.7057390e-02   1.2719392e-01  -9.3676516e-02   3.9542695e-02   2.1805268e-01  -1.8427065e-01  -3.2883384e-01   3.2626799e-02   3.8889569e-01  -9.2990343e-02   3.0385353e-01   4.0460791e-01  -2.2497115e-01  -8.7402420e-02  -2.8881575e-01  -2.5789240e-01  -2.4971550e-01  -3.5815890e-03   2.2548811e-01  -2.7248503e-01  -8.0552497e-02  -4.3130321e-02  -1.9257105e-01  -3.1159614e-01   2.1849144e-01   3.7410220e-01  -7.7390503e-03  -1.0102151e-01   3.8710752e-01   5.0539828e-02  -1.3760017e-01  -6.7955253e-03   1.4115937e-01   1.3539214e-01  -5.4430585e-01  -1.4033042e-01  -1.8472080e-01   2.5665129e-01   2.9740061e-01  -1.5488761e-02  -3.1552460e-01  -1.1278563e-01   4.9948975e-02  -4.7239247e-01  -1.9207281e-01  -4.0318256e-02  -2.2921675e-01   4.7610319e-01  -1.3767712e-01  -1.5044952e-01  -3.1047672e-01   4.3417994e-02  -1.5224197e-01  -1.7732983e-01   9.6422561e-02  -3.4721680e-02  -2.8926937e-01   2.6592435e-01   5.3363211e-01   5.6236155e-02  -1.9342648e-02   5.6174805e-01  -1.2328733e-01   8.1305415e-01  -1.4317825e-01  -5.5597157e-01  -1.2641462e-01  -5.2981345e-02  -1.9059542e-02  -3.3123898e-01  -1.6981544e-01  -3.8531506e-02  -3.4958572e-01   1.6297023e-01  -2.1919321e-01   1.6060364e-01  -6.6324954e-02   1.4309116e-01  -2.0533769e-02  -2.4547693e-01  -3.1706606e-01  -1.7579238e-02   2.0530254e-01  -1.4798328e-01  -1.8020532e-01   2.0261771e-01  -1.1282793e-01   7.4554640e-01   4.9960242e-01  -1.3859269e-01   1.3518331e-01  -2.3407164e-01  -2.1934578e-01   1.8138427e-01   1.6258362e-01  -2.9718856e-01  -1.5307987e-01   4.7500598e-02   5.6975347e-02   6.7624761e-01   8.3276331e-02  -2.7576308e-01   5.2622986e-02  -7.0488480e-03  -2.0103499e-01   7.1240916e-02   2.0592378e-02  -1.6327455e-01  -3.9839741e-02  -9.3023970e-02  -1.4587986e-01   1.6140856e-02   2.7086272e-01   6.8220955e-01   5.8945776e-01  -1.4295467e-01   5.9827634e-02  -1.3745522e-01   1.8133126e-01  -1.1696977e-01  -3.4991927e-01  -1.6682140e-01  -4.3594403e-02   1.0085183e-01   5.0026196e-01   1.8775636e-01   4.0314075e-01  -8.3924610e-02  -2.5993783e-01   6.1703020e-01   6.5210560e-02   2.3657151e-01  -6.1108922e-01   3.3911698e-01  -2.3235902e-01   1.0217308e-01  -2.9515332e-01   6.3228572e-02   5.5289087e-02  -1.4167643e-01  -9.7575220e-02   5.6028200e-01   2.8481285e-01  -2.0645213e-01  -1.2454174e-01   2.8355661e-01  -6.5471911e-02  -4.0617307e-01  -1.5600158e-01  -2.1906535e-01   1.3962046e-01
  -5.8759910e-02   0.0000000e+00   5.5425449e-01  -2.1546450e-01   4.0771793e-01   1.5320093e-01   4.5499638e-01  -1.6514223e-01   3.8594542e-01  -3.7378265e-02  -5.8246100e-01   7.4836844e-01  -1.8670168e-01  -3.6349383e-01  -1.2740912e-01  -9.1441663e-03   6.9574366e-01  -5.9720837e-01  -1.3402203e-01   3.0163015e-01  -5.2587975e-01  -7.9861498e-02  -6.0198894e-01  -1.2164112e-01   1.5135896e-01  -3.5597251e-01   3.1569721e-01  -3.4383995e-02   1.7114045e-01  -1.8186403e-01  -9.3260913e-02  -1.7034490e-02   3.4263687e-01  -1.2603433e-03  -1.6523071e-01  -3.8318769e-01   1.6899707e-01  -2.5152580e-01  -8.4016151e-02   7.0550634e-01  -2.6935671e-01   3.7901810e-01   1.4428159e-01  -5.3034780e-01  -1.3548786e-01  -4.3989454e-01  -3.9528954e-01   1.1281463e-01  -3.9703690e-03   7.5126124e-01  -5.0570690e-01  -5.1442112e-01   1.4150630e-01   3.6171747e-01   1.6916153e-01  -5.4357200e-01  -5.6165202e-02  -2.9174748e-01  -7.7514991e-02   1.6190775e-01  -3.2747608e-01  -2.1555198e-01   6.6368489e-01  -7.2993258e-02  -1.6808407e-02  -1.4755042e-01   1.5776735e-01   2.8956013e-01  -8.7602558e-02  -1.6528020e-01   8.2105950e-01  -4.2034242e-01  -3.7025952e-02  -2.6241551e-01   2.4068166e-01  -1.9194238e-02  -3.7817462e-01  -7.2439998e-02   4.8473258e-01   2.1697882e-01  -1.2114769e-01   1.2354403e-01  -1.0188454e-01  -3.5463421e-01   4.5377271e-03   1.6216525e-02   3.5767922e-01   1.9809961e-01   3.5444338e-01  -1.1055152e-01   4.4983304e-01   1.7774442e-01   5.9101447e-01   4.4226882e-01  -3.8007219e-01   3.8018720e-01   2.9323871e-02   1.2867633e-01  -1.0264353e-01  -5.1450906e-01   3.9069803e-01  -6.6923288e-01  -4.9209256e-01   3.4890654e-01  -3.4251332e-01   1.2634048e-01   4.8191541e-01   8.3744295e-03   2.0097814e-01   1.8503691e-01   9.6453297e-03  -3.0057129e-01  -3.8329176e-02  -2.0409305e-01  -7.9607507e-02   5.2107569e-01  -2.1508390e-01  -2.1118195e-01  -4.0262333e-01  -1.2305493e-01  -2.9114388e-01   5.4949918e-01   5.3723954e-01   4.7289109e-02  -2.9388580e-01  -3.1591259e-01  -2.5468270e-01   4.1628737e-01  -1.6918327e-01  -2.4414419e-01   7.9846630e-02  -3.5668232e-01   1.2196231e-01  -5.4848171e-01   8.2845218e-02  -4.5906514e-02   2.5844117e-01   2.4050851e-01  -2.8687731e-01  -8.1420569e-02  -4.2801718e-02  -1.5241691e-01  -2.8670724e-01  -2.3988155e-01  -2.8970517e-01  -5.5664854e-01   2.1430172e-01   3.1277738e-01  -9.9545666e-02  -3.9832027e-01  -1.0528961e-01  -5.4076645e-01  -1.7670503e-02   5.6479527e-02   7.4589118e-01  -1.6437252e-01  -2.9968183e-01  -2.5183904e-02  -6.3944018e-03  -5.7665125e-01   1.8270505e-01  -2.6037346e-01   4.6071857e-01  -4.3098028e-01   1.0425789e-01   5.3262570e-01  -1.2096873e-02  -2.5771593e-01  -8.9916900e-02   7.7385137e-01   4.8366425e-01  -6.4240707e-02  -9.4028902e-02   1.4973715e-01   1.5932992e-01   3.0901752e-01   1.3509914e-01
  -5.6359255e-01   5.5425449e-01   0.0000000e+00  -1.2549049e-01   4.1664250e-01   6.0066466e-01   2.9560915e-01  -1.2872258e-01   2.9750703e-02  -4.3652560e-02  -4.3685525e-01   7.8756629e-01  -1.5334528e-02  -3.5185006e-01  -3.7415882e-01   1.4532332e-01   8.9805446e-01  -4.4477168e-01  -1.2262925e-02   3.6204590e-01  -4.2206812e-01  -8.5126324e-02  -4.4228732e-01  -3.6995267e-01   1.7707344e-01  -3.0860687e-01   1.4484508e-01   5.5234430e-02   2.4036449e-01  -2.2033091e-01  -3.2641176e-01   2.0659433e-01   4.0499985e-01  -1.5020665e-01  -4.4623154e-01  -3.5205421e-01  -2.7022743e-01  -4.3588621e-01   1.3276501e-01   5.9554355e-01  -1.3445227e-01   4.0425643e-01   1.0268577e-01  -2.5473532e-01  -2.9968629e-01  -1.3627855e-02  -2.4488014e-01  -1.9737779e-01   1.2018252e-01   8.0229969e-01  -4.2856463e-01  -5.2301893e-01  -1.2184159e-01   5.0639974e-01   4.2522631e-02  -1.9625480e-01   2.6116281e-01  -1.0035452e-01  -2.4136705e-01  -3.0825126e-02   2.3549207e-01  -6.5576229e-02   5.6897523e-01  -4.2384442e-01  -3.9255969e-01  -2.8609278e-01   4.5409135e-01   2.1487602e-01  -1.7199518e-01   4.8517959e-01   5.6500542e-01  -2.3893167e-01  -1.2727713e-02  -2.9614552e-01   2.2860757e-01   1.0648888e-01   8.0002349e-02  -7.3331914e-02   1.9815216e-01   1.4325434e-01  -1.2412125e-01   8.2504854e-02   3.8265275e-02  -3.5400429e-01  -4.6816937e-02  -3.7014352e-02   1.6455164e-01  -1.9583150e-01   2.2263785e-01  -5.0858013e-01   2.0727746e-01   6.9424470e-01   5.3341815e-01   1.9319000e-01  -1.6482747e-01   4.5882353e-01   9.2615838e-02   1.4435903e-01   4.0518789e-02  -4.8235256e-01   6.0054521e-01  -4.6626192e-01  -2.9375887e-01  -1.2424524e-01  -2.4705941e-01   2.0952763e-01   6.6945608e-01  -1.1103811e-01  -2.2200527e-03   1.6681066e-01   2.1997391e-01  -2.4155695e-01   6.0368264e-02  -5.5820130e-01  -2.1884211e-01   2.1656132e-01  -1.7318032e-01  -6.3430311e-02  -3.0589644e-02  -7.3746401e-02  -1.4855405e-01   4.5065530e-01   5.4063724e-01  -2.7207079e-01  -1.3453380e-01  -4.9358204e-01  -3.5190454e-01   4.4432687e-01  -5.4723261e-02   1.3028098e-01   1.2618575e-01  -4.5949313e-01   2.0670191e-01  -2.9053452e-01   1.8503386e-01  -7.6868443e-02   2.0054997e-01   6.9664521e-02  -3.2292201e-01  -4.2551436e-01  -3.8304893e-01   4.5921944e-02  -1.8877878e-01   1.6385879e-01  -3.2018196e-01  -3.7814193e-01   5.3339931e-01   4.1020641e-02  -3.5517133e-02  -5.0972705e-01  -2.5290365e-01  -4.5326234e-01  -1.4393703e-01  -1.5499586e-01   7.6548078e-01  -5.2577139e-01  -2.0611751e-01  -1.4915014e-01   5.3860667e-01  -6.5793337e-01   2.4969984e-01  -2.8591125e-01   4.5339784e-01  -3.2953788e-01   5.9186551e-02   3.1563215e-01  -9.4651762e-02  -3.5457784e-01  -9.3702088e-02   5.3445010e-01   1.4819829e-01  -2.5600036e-01  -2.7887630e-01   5.7885693e-01   2.1829762e-01   2.2466154e-01   1.8341209e-02
   9.3342134e-02  -2.1546450e-01  -1.2549049e-01   0.0000000e+00  -1.5806592e-01  -1.1118286e-01  -8.1705411e-02   5.9764512e-02   2.9914361e-01  -4.9453758e-02   3.2439679e-01  -3.1743972e-01  -1.5558265e-01   2.4109251e-01   3.9583075e-02   1.5430417e-01  -2.4377384e-01   2.7482283e-01   1.7224570e-01  -9.6192455e-02   1.1358391e-01   6.0810355e-01   1.0536035e-01  -1.1406004e-01   2.4268228e-01   1.6684247e-01  -1.9327747e-02  -5.3843870e-02  -1.8042676e-02   5.6847512e-01   1.9982491e-01   4.5213236e-01   5.1834801e-02   1.3987791e-02  -1.1122194e-02   1.8341695e-01  -2.4564336e-01  -1.0150020e-01   3.2088780e-01  -2.6047825e-01  -1.4391710e-01  -2.2852866e-01  -1.0716585e-02   3.0869512e-01   2.5835837e-01   1.5746351e-01   4.0126247e-01  -3.2543551e-02   1.1834877e-02  -2.3035611e-01   4.0526952e-01   2.1428132e-01  -2.0854931e-01  -2.6875045e-01   2.7610607e-02   2.3247191e-01  -5.8035015e-02   4.9033397e-01   4.8839311e-01   6.9995361e-02   2.4200757e-01   3.1063489e-02  -9.1017417e-02   2.9951890e-02   1.8825718e-01   1.2560282e-02   1.2922860e-01  -1.2959374e-01   4.3940602e-01   2.2123514e-02  -3.8000722e-01   5.3467871e-01   5.3185899e-03  -6.2622184e-02   4.1753699e-02   4.4573527e-01   1.8383029e-01   2.9598984e-01  -2.0973082e-01  -6.7262267e-02  -1.1867257e-02  -1.1903156e-01  -4.0290700e-02   1.5720176e-01  -2.7173785e-02   3.6640029e-01   2.5491603e-02  -2.7951018e-01  -2.8000748e-01  -1.6085665e-01  -2.2157826e-01  -5.0294004e-02  -2.1235141e-01   2.2067309e-01  -2.8584897e-02  -3.5961760e-01  -9.9354402e-02   1.7786038e-01  -1.0087242e-01   1.7068377e-01  -2.2915315e-01   9.5853049e-02   3.8793736e-01   7.8702188e-02   4.4819860e-01   4.3279551e-01  -1.3478516e-01   2.8167428e-01  -1.1344747e-01  -2.1811478e-01  -2.2126413e-01   5.6643482e-01   2.5001744e-01  -6.5528325e-02  -2.6259183e-01  -3.4579733e-01   3.8783162e-01  -2.5530900e-02   6.0595056e-02   6.7808318e-01   7.2571225e-02  -3.3117904e-01  -1.2340229e-01   8.2708304e-02  -1.0328309e-01   1.4775668e-01   3.4501662e-01  -1.1511609e-01   5.8441339e-01  -9.1466042e-02  -2.1547720e-01   1.1446694e-01   2.0521958e-01   1.5504615e-01   3.5155374e-01   2.1685863e-01  -3.4675074e-02  -2.4140925e-01   2.6151423e-01  -1.0574654e-02  -2.7840341e-02  -7.7510774e-02   3.5686199e-01  -1.2974796e-01   1.7638024e-02   2.7718833e-01  -2.4373297e-01  -2.8042163e-01   4.6830485e-02   9.9227627e-02  -1.8764141e-01   1.6646230e-01  -2.1799459e-02   2.2514929e-02  -3.6647116e-01   4.6622590e-02   1.5168099e-02   3.4738543e-01  -5.5389066e-02   1.9917012e-01  -4.0306881e-02   2.7772394e-01  -3.6751155e-01   5.8179430e-01   5.4679898e-01  -2.8380879e-01   1.8748594e-01  -7.7398023e-02   9.4292200e-02  -3.1677018e-01  -1.6714414e-01  -1.4215234e-01   2.1106189e-01  -1.5402693e-01   2.2033162e-01  -1.3107198e-01   4.7153316e-01
  -3.1751991e-01   4.0771793e-01   4.1664250e-01  -1.5806592e-01   0.0000000e+00   2.1396977e-01   2.7252779e-01   1.0512469e-02   9.1651984e-02  -2.4375995e-01  -2.4475528e-01   4.6251990e-01   4.1247802e-01  -3.6716698e-01  -3.7103960e-01  -7.8772301e-02   4.2715426e-01  -3.5418661e-01  -1.6634597e-01   7.2341716e-01  -3.0561194e-01  -2.5403860e-01  -3.6871348e-01  -1.4019742e-01   2.2501328e-01  -1.8537123e-01   3.0383825e-01  -6.5966547e-02   3.2401571e-01  -2.4955720e-01  -1.4112627e-01  -5.6268635e-02   4.4674837e-01  -1.5570166e-01  -5.4364129e-01   1.7332431e-01  -1.9151791e-02  -2.8594138e-01   1.5778230e-01   3.2146942e-01   2.2365871e-01   3.1844038e-01   1.3723803e-01  -1.9512344e-01  -3.0674159e-02   2.0168050e-02  -4.7215531e-02  -9.5868368e-02   3.6035383e-01   4.1922842e-01  -3.2537455e-01  -3.5229979e-01  -4.3809740e-02   1.4147094e-01  -2.4140308e-02  -2.4195669e-01  -1.2544884e-01  -1.7676401e-01   1.0637028e-02  -1.3952166e-01   8.2892446e-02   1.6416948e-01   3.6022545e-01  -4.3463435e-01  -2.0281010e-01   8.1706194e-02   2.0681567e-01   4.1014154e-01  -3.6309036e-02   1.3670074e-01   3.7318168e-01  -2.4182840e-01   1.3146872e-01  -1.7521060e-01   1.7880667e-01  -1.5758991e-01  -1.1306014e-01  -1.0480432e-01   5.6072391e-01   1.0863716e-01  -1.9393981e-01   3.0675712e-01  -7.9145670e-02  -3.0384318e-01  -4.3316826e-02  -1.1494594e-01   9.4159766e-02  -9.8732321e-02   1.0941711e-01  -2.1546491e-01   3.7198782e-01   3.3071390e-01   3.4510193e-01   2.0843285e-01  -2.2878828e-01   5.0279975e-01   4.5472954e-02  -8.0515108e-02   3.9180032e-01  -4.9596968e-01   1.8211687e-01  -5.1570940e-01  -2.8617893e-01  -1.7883975e-01  -2.3001450e-01   1.6164636e-01   2.7725163e-01   2.2568061e-01  -5.7917243e-02   1.7923523e-01   1.5334047e-02  -3.2165606e-01  -1.9940335e-01  -1.8835815e-01  -1.7308553e-01   3.6303178e-01  -2.0533639e-01   2.5503084e-01  -1.2195297e-01  -2.6223495e-01  -1.8835586e-01   6.8575077e-01   3.8072818e-01   3.1747697e-02  -1.0667503e-01  -3.7398392e-01  -9.5648802e-02   3.6006724e-01  -1.9278918e-01  -3.6645211e-02   4.7182475e-01  -2.6679242e-01  -4.2375294e-02  -3.0047202e-01  -6.3130226e-02   1.9777107e-02   5.7371513e-02  -1.1562331e-01  -1.6900581e-01  -3.7743959e-01  -2.3180505e-01   8.8957139e-02  -2.9846151e-01  -2.3669117e-01  -4.9108829e-01  -2.6193313e-01   8.1147787e-02   3.9620754e-01  -4.5630861e-02  -2.2737808e-01  -6.0477047e-02  -3.6386410e-01  -1.7910936e-01   2.3938331e-01   3.5979277e-01  -3.6546909e-01  -2.5912901e-01   6.8755230e-03   2.1967160e-01  -3.8350692e-01   3.2816598e-01  -7.5717097e-02   5.0227690e-01  -1.7982494e-01  -3.2464114e-02   4.9433011e-01   3.2148996e-01  -3.2823464e-01  -2.4795777e-01   4.7042607e-01   2.2164090e-01  -8.5075470e-02   1.1468370e-02   1.0621617e-01   3.2645791e-01   1.7777442e-01  -9.0851972e-02
  -4.1744697e-01   1.5320093e-01   6.0066466e-01  -1.1118286e-01   2.1396977e-01   0.0000000e+00   5.5734992e-02  -1.3149017e-01  -1.3636319e-01   9.3561556e-02  -1.1399931e-01   6.0828619e-01   3.1058551e-02  -6.6443804e-02  -1.7038207e-01   2.8478489e-01   5.2364744e-01  -2.2259584e-01   2.8563508e-01   1.6681119e-01  -1.4974835e-01  -2.7938980e-02  -1.1921274e-01  -4.3886720e-01   1.4349987e-02  -2.0276405e-03  -1.0259058e-01   1.8431016e-01   6.0346116e-02   1.5349966e-02  -2.7584916e-01  -4.3960744e-02   2.2072206e-01  -1.5440580e-01  -1.5661728e-01  -2.2172738e-01  -2.3431359e-01  -4.7947315e-01   1.2261658e-01   2.0996315e-01  -4.3508989e-02   2.4643278e-01   1.0832687e-02  -2.9669119e-02  -2.1916628e-01  -2.1746284e-01  -7.6181494e-02  -1.6743799e-01  -1.2091248e-03   3.6842639e-01  -2.7908711e-01  -2.4864251e-01  -3.0329424e-01   4.5212486e-01   2.8827021e-02   2.1540809e-01   6.1760357e-01  -4.6440102e-02  -1.8104257e-01   1.1663715e-01   9.2534475e-02  -2.5979485e-02   3.3045099e-01  -3.4432679e-01  -4.2595580e-01  -1.4044416e-01   7.3143203e-01  -4.0785208e-02  -2.2470559e-02   2.8403788e-01   1.8153698e-01  -6.0492762e-02   8.9812570e-02  -1.1143562e-01   1.4713061e-02  -5.5517137e-02  -8.1937374e-02  -5.0406736e-02   7.4816859e-03   5.3480980e-03   1.5698061e-02   1.1491640e-01   1.8699731e-01  -1.3774799e-01   3.3174934e-02  -2.1893414e-01  -5.2172351e-02  -4.6663178e-02   1.6484816e-01  -4.5914381e-01  -1.6566276e-01   3.6584849e-01   3.7658851e-01  -1.6067568e-01  -3.3081636e-01   2.0567030e-01   1.8534049e-01   3.5344358e-01  -9.6974843e-02  -2.0742120e-01   5.9239802e-01  -3.8842114e-03  -1.1140493e-01  -3.6713225e-01  -2.4092233e-01   9.2581488e-02   5.3463646e-01   4.0168301e-02  -4.0739729e-02   2.5653518e-01   3.7018345e-01   4.2372109e-02   4.0352248e-02  -3.2866966e-01  -1.5954609e-01  -8.1183875e-02  -6.2101135e-02  -1.5385287e-02   2.6453019e-01  -2.5637862e-02  -3.9773922e-01   9.4321629e-02   4.0310039e-01  -4.7484497e-01  -2.1722542e-01  -1.5031277e-01  -2.0097379e-01   2.2850889e-01  -4.9074283e-04   4.0233772e-01   1.1665734e-01  -2.1797314e-01   4.3898199e-01   1.5691291e-01   1.3013112e-01  -1.8192826e-01   1.2425975e-02  -3.2709577e-02  -2.4641081e-01  -3.6526057e-01  -2.9070984e-01   5.5731113e-02  -7.9789073e-02   6.0376526e-01  -6.9188261e-02  -2.0205571e-01   6.9092719e-01  -1.5431243e-01   2.6548140e-01  -3.1298067e-01  -1.6170190e-01  -1.6706543e-01  -2.1965622e-01  -2.6407298e-01   4.6294849e-01  -4.2405797e-01  -4.2462983e-01  -1.0290186e-01   2.2551773e-01  -2.4163120e-01  -1.1653931e-03  -1.2476486e-01   2.1302040e-01  -2.1022640e-01  -3.0135407e-02  -2.6072134e-02  -2.2580893e-01  -1.2588904e-01  -2.1700847e-01   1.4920650e-01  -8.1643576e-02  -2.5299964e-01  -3.6030989e-01   8.6119573e-01   1.2329288e-01   1.5277749e-01   2.7390971e-02
  -2.6256999e-01   4.5499638e-01   2.9560915e-01  -8.1705411e-02   2.7252779e-01   5.5734992e-02   0.0000000e+00  -4.2522233e-01   3.7500637e-01   4.5505761e-01  -4.0032390e-01   4.3634386e-01   6.6887233e-02  -6.5310410e-01  -3.0085507e-01   2.4746392e-02   2.5705680e-01  -3.7731909e-01  -1.0379854e-01   3.2237817e-01  -2.1678315e-01  -2.0966552e-01   6.2607736e-02  -2.8219902e-01   9.9313232e-02  -5.0491712e-01   3.8392986e-01   4.3468054e-02   4.2415446e-01  -1.2696890e-01  -2.9740276e-01  -1.8367742e-02   5.4331906e-02   6.4606526e-01   1.4104022e-02   8.3977523e-02   1.9918515e-02  -5.1074987e-02   5.7804297e-03   3.2451215e-01  -4.9734645e-02   1.3806692e-01   3.8455041e-01  -5.1759224e-01   1.3318500e-01  -5.7159416e-02  -2.1757039e-01   4.3115707e-01   1.7544582e-01   2.8209451e-01  -2.9779081e-01  -5.7473794e-01   3.5398508e-01   8.1417455e-02  -3.5109603e-01  -4.9952283e-01   1.6305595e-01  -1.7009618e-01  -2.1725019e-01   3.0739382e-01   4.7796989e-02   1.4586091e-01   2.2906596e-01  -2.2143415e-01  -1.2456725e-01   4.9646243e-01  -5.2575687e-03   3.3004222e-01  -3.0484940e-01  -4.6462401e-02   5.0524710e-01  -3.4295183e-01   7.7198200e-02  -3.5315252e-01   2.2721684e-01  -9.1140235e-02   8.7518834e-02  -1.3505028e-01   3.8522335e-01   1.2883570e-02   4.3315235e-01   2.7020592e-01   5.4659547e-02  -3.2704945e-01  -3.5201923e-01  -1.8376139e-01   2.4126091e-01  -3.0085310e-01   1.6981454e-01  -2.8239718e-01   1.6525216e-01   2.2244036e-01   5.0904394e-01   2.3701028e-01  -1.7551346e-02   1.9591702e-01  -5.5340004e-02  -9.9760494e-02   2.5701207e-01   1.3230588e-01  -7.1429866e-02  -4.7682488e-01  -4.3984566e-01   3.4415015e-01  -1.4066714e-01   9.6004485e-02   6.2322957e-02  -4.1348727e-02   3.2750998e-02   1.4761410e-01   4.9085256e-01  -3.8258228e-01   6.2501009e-02  -2.6444882e-01  -2.7564227e-01   1.1057025e-01  -1.7380355e-01   1.1251526e-01  -4.4579529e-01  -2.8135404e-01  -1.0185928e-01   2.7097531e-01   4.1947154e-01   8.0539980e-02   2.7252422e-02  -6.2574850e-01  -2.2647059e-02   1.1878813e-01  -1.8897020e-02  -3.9393958e-01   2.5156665e-01   1.4314173e-01  -2.7660326e-01  -1.4552844e-01  -1.2145487e-01  -6.8833509e-02   4.7746812e-02   1.8683133e-01  -4.5473908e-01  -1.9910119e-01  -2.1405761e-01  -9.5820660e-02  -3.8190600e-01  -1.9761202e-01   1.8569380e-02  -3.0049152e-01   2.2624090e-01   2.8100616e-01   3.1857495e-01   1.2398209e-01  -2.4615519e-01  -5.8292018e-01  -1.7841215e-01   1.5379204e-01   3.1221587e-01  -1.9675370e-01  -2.5936409e-02  -1.4593293e-01   1.6869724e-01  -2.2482211e-01   1.7290769e-01  -2.6619579e-01   3.8074051e-01  -2.4923910e-01   1.4095536e-01   5.0072194e-01   2.7341494e-01  -3.8200309e-01  -1.9660511e-01   3.3290640e-01   5.3497457e-01  -7.2210765e-02   7.3153859e-02  -1.7566475e-02   1.7407310e-01   2.1031037e-01  -1.5428664e-02
   1.0177871e-01  -1.6514223e-01  -1.2872258e-01   5.9764512e-02   1.0512469e-02  -1.3149017e-01  -4.2522233e-01   0.0000000e+00   2.2683568e-02  -3.9847968e-01   2.8220417e-01  -2.1794290e-01   3.8452165e-02   1.7075932e-01   4.5021891e-02  -1.1612159e-01  -1.1712533e-01   1.7799881e-01   1.3766536e-01  -1.1899422e-01   1.9257061e-01   2.0748690e-01  -1.5700179e-01   1.9471162e-01  -1.0493442e-01   3.3766775e-01   1.3041725e-01   1.7200714e-02  -1.5818314e-01   1.7035181e-01   1.5382107e-01  -8.4274620e-02  -4.2027470e-02  -4.3441647e-01  -3.7681521e-03   1.4891434e-02   1.3112491e-01  -9.7372219e-02   4.9490068e-02  -3.5058754e-02   1.8051230e-01   8.7559597e-02  -1.9877390e-01   4.6405610e-01  -1.1719879e-01   8.6381646e-03   2.7455420e-01  -2.4950403e-01   9.2594498e-02  -4.4574388e-02   1.8761783e-01   3.7943356e-01  -1.6151064e-01  -1.3563316e-01   1.0325229e-01   1.6446190e-01  -2.0978568e-01   1.0513308e-01   2.4373471e-01  -1.2307220e-01  -4.7792378e-02  -1.3721427e-01   5.9734213e-02   2.1309315e-01   1.5079830e-01  -1.4840292e-01   6.8702601e-02  -1.5616234e-01   3.4592001e-01  -7.1532773e-02  -1.7681882e-01   3.9352652e-02  -5.2108755e-02   7.7631600e-03  -4.8737780e-02   1.5415725e-01  -1.2940941e-01   3.5386770e-01  -1.3671771e-01  -2.0957796e-02  -3.1855191e-01  -4.0076332e-02  -7.8549894e-02   3.4383163e-01  -1.1863882e-01   9.4218994e-02  -1.2843478e-02   1.1199987e-01  -1.1829096e-01   1.1093481e-01   3.4863436e-02  -1.0885920e-01  -1.8001868e-01   1.3153742e-01  -4.6639985e-02  -4.9579323e-03  -1.4783147e-01   2.4411046e-01  -1.5015446e-01  -1.4268068e-01  -8.2087575e-02   1.3614080e-01   2.9556674e-01   6.3212378e-02   6.9718260e-02   1.0669140e-01  -1.4990340e-01   3.3815414e-01  -8.1766860e-02   2.5619410e-02  -3.6038624e-01   1.7725692e-01  -3.2129864e-01  -6.0269676e-03   2.2952934e-02   1.2562585e-01   3.0896219e-01   1.9966722e-01   1.2666174e-01   9.0297194e-02  -6.8257060e-02  -1.1966641e-03  -1.8863051e-01   5.6486711e-02  -2.1066253e-01   2.2638431e-01   8.6800230e-02  -8.5363436e-02   1.0389711e-01  -6.6929556e-02   1.0528432e-01  -1.6574728e-01  -3.1132875e-02  -3.1901654e-02   3.4223498e-02   3.6798736e-01  -1.4447507e-01  -8.8795911e-02   4.1582322e-01  -4.2154394e-02   2.0281759e-02  -1.2120741e-01   3.8193335e-01  -1.6607082e-01  -2.6820119e-01   1.4609791e-01  -2.1482979e-01   2.7126314e-02   1.4193009e-02  -1.7235473e-01  -1.3030603e-01   3.0885927e-01  -1.3083122e-01   8.9580051e-02  -1.6273830e-01   7.0172538e-02  -1.2585299e-01   1.7625440e-01  -9.1219873e-02   6.1147139e-02  -8.5558764e-02   4.0062358e-01  -1.4465810e-01   2.7191464e-01   1.3972500e-02  -1.3953144e-01  -2.3691304e-02   3.7701676e-02  -1.9328185e-01  -3.9037119e-02  -1.8982912e-01  -1.5090627e-01   6.6068674e-02  -1.9368372e-01  -5.9586807e-02   4.3687440e-02   1.1293688e-01
   7.8153955e-02   3.8594542e-01   2.9750703e-02   2.9914361e-01   9.1651984e-02  -1.3636319e-01   3.7500637e-01   2.2683568e-02   0.0000000e+00  -2.7870112e-02   1.3433995e-01   5.7192341e-02  -2.2890127e-01  -1.9103395e-01   1.0867156e-01   1.5710671e-01  -4.9450254e-03  -1.3956261e-02   7.7288361e-02   4.3352326e-02  -3.2596442e-02   3.1466907e-01  -1.9728655e-01  -8.3309361e-02   1.8434107e-01   2.2679146e-02   4.3888194e-01   3.6064748e-02   1.2199172e-01   4.6679000e-01   3.0007045e-01   1.3295867e-01  -1.1370388e-02   2.3213649e-01  -9.1694932e-02   1.0149533e-01   1.0134500e-01  -1.6926328e-01   2.8995818e-01   1.6668019e-01  -1.5017040e-01   2.2884025e-02   2.3779407e-01  -1.4635205e-01   2.6440036e-01  -4.0823681e-02   2.1886325e-01   2.2268926e-01   4.1995929e-02   9.1144423e-02   1.9335380e-01  -1.3835145e-01   1.8023972e-01  -1.7309853e-01  -1.1903868e-01  -2.7936118e-01  -1.7817396e-01   1.9973875e-01   3.5131341e-01   3.0081118e-01   3.5583129e-03  -7.4275622e-02   2.4317270e-01   3.2193926e-01   2.3120849e-01   1.9605300e-01   2.3173187e-02   5.2111327e-02   2.7662192e-01  -1.9964884e-01   2.1978531e-01   7.4683901e-02  -2.6140055e-02  -3.5927569e-01   1.9497178e-01   3.1434894e-01   3.4333890e-02   1.4394260e-01   3.5217384e-01   4.7033846e-02   7.6021277e-02   1.5374901e-01  -6.0100330e-02   1.0200177e-01  -2.5450895e-01   2.4032027e-01   2.6856806e-01  -1.7718412e-01   2.4624328e-02  -1.9211664e-01   1.8136524e-01  -9.0290282e-02   1.1243042e-01   5.2902073e-01  -9.3354668e-03  -1.1629329e-01  -5.7372158e-02   2.2738539e-01  -1.1738251e-01   3.3261168e-02  -1.9164552e-01  -1.4351564e-01  -5.2712907e-02   5.6858041e-01   2.7776717e-01   2.1316591e-01  -1.6334522e-01   3.6562994e-01  -1.7857534e-02   1.2699073e-01  -1.4329430e-01   1.4963133e-01   1.5640800e-01  -9.0769524e-02  -1.8171496e-01   2.0471873e-01   3.2065550e-01   1.0481582e-01  -2.1063702e-01   3.2372781e-01  -1.5607877e-01   1.0078057e-01   2.1898601e-01   4.3578305e-01  -9.6415265e-02  -2.6444426e-01   3.0377046e-01   1.5144387e-01   4.2355535e-01  -2.7541095e-01   1.4622764e-01   2.1099100e-01  -1.7418527e-03  -9.3902103e-02   2.0635646e-01   3.8685084e-01   1.4102519e-01   2.2227549e-01   8.9275727e-02  -4.5439533e-02  -1.3450695e-01  -2.6156326e-01   1.6216026e-01  -3.0433571e-01  -9.8164626e-02  -4.4323867e-02  -2.6105180e-01   3.1378238e-01   9.4447496e-02  -9.2932221e-03  -3.2524413e-01  -1.6252836e-01  -1.5462760e-01   3.2292656e-01   1.5950773e-01  -1.2036185e-01  -1.3510385e-02   3.0656218e-01  -1.3351268e-01  -3.8027869e-02   6.0703203e-03   2.7664595e-01   3.0974221e-03   3.0725448e-01   2.4746195e-01   3.2137632e-01   3.3400559e-01  -9.7015474e-02  -2.3135190e-01   1.8717753e-01   3.7356127e-01  -8.3675448e-02   3.6114807e-01  -9.7957442e-02   2.4389565e-01   1.0719360e-01   2.5073803e-01
   5.5323905e-02  -3.7378265e-02  -4.3652560e-02  -4.9453758e-02  -2.4375995e-01   9.3561556e-02   4.5505761e-01  -3.9847968e-01  -2.7870112e-02   0.0000000e+00  -2.8149905e-01   1.6019275e-01   5.9629336e-02  -2.3363350e-01   3.4712045e-02   1.0940339e-02  -7.7551352e-02  -1.9529890e-01   1.4154068e-02   1.0471638e-01  -3.7738110e-03  -1.3823799e-01   5.0154338e-01  -8.7622624e-02   3.9722687e-02  -3.3274752e-01  -2.4328914e-01   2.9902071e-01   2.2905793e-01  -9.7041018e-02  -1.6326244e-01  -8.2900829e-02  -2.4963033e-01   6.3142368e-01   4.1607805e-01   4.1701866e-02   1.5115332e-01   1.8971893e-01  -2.4638448e-01   4.6532066e-02  -8.4771656e-02  -8.4391717e-02   1.5422205e-01  -2.7636620e-01   4.6748153e-02  -8.0206093e-02  -3.2772602e-01   3.1820550e-01  -2.1874738e-01  -1.4955591e-01  -1.1575886e-01  -2.9243611e-01   3.6931868e-01   5.0958204e-02  -1.8844965e-01  -7.2019219e-02   4.8978968e-01  -3.1507582e-01  -1.8218327e-01   3.3606826e-01  -6.2198684e-02   1.6121510e-01  -1.5604661e-01  -1.5936657e-01  -5.0422014e-02   4.9627509e-01  -1.7262065e-01   4.4235241e-02  -4.5087285e-01  -1.1226334e-01   3.9818383e-02  -3.0404324e-01   3.5080252e-03  -5.2013628e-02   1.1907871e-02  -1.4290424e-01   9.3498047e-02  -1.8884792e-01  -5.9621137e-02   3.9668192e-02   5.6186780e-01   6.2258974e-02   2.2336004e-01  -1.5243163e-01   1.7503621e-02  -1.6889161e-01   2.3477354e-02  -8.6417771e-02   2.4418110e-02   5.0291548e-02  -2.5892707e-01   4.3501609e-03   4.0803450e-01  -1.8033410e-01   8.6421704e-02  -1.7290515e-01   9.2826196e-02  -3.3434081e-02  -1.2570337e-02   5.1804906e-01  -3.8031225e-02   2.9487415e-02  -2.9594827e-01   2.7350927e-02  -2.5484820e-01  -9.9628544e-02  -1.0840362e-01  -4.2354175e-01   2.5557297e-01   2.0145071e-01   7.0544802e-01  -1.6408285e-01   1.5125646e-01   4.5757498e-02   1.5143740e-01  -2.6325996e-01  -1.8345013e-01   1.3071489e-02  -2.0109408e-01  -2.2261149e-01   2.9166415e-02  -2.6516639e-01   7.7214268e-02  -2.1043846e-01   2.1293977e-01  -1.5851840e-01  -7.7890293e-02  -2.1173291e-01  -6.0296515e-02  -8.5144273e-02  -8.4626899e-02   2.8553428e-01  -2.1503687e-01   1.7508920e-01  -2.0481531e-01  -2.9189356e-01  -1.5433637e-02   1.7806750e-01  -4.3915206e-01   1.4321098e-01   2.0340008e-01   1.4567038e-01  -3.4820552e-01   2.1322906e-01   5.8090318e-01  -3.3159533e-02   3.9608799e-01  -3.1465237e-01   4.3750322e-01   3.4781915e-01   1.1405261e-01  -1.4772853e-01   1.5937869e-01  -3.1064758e-01  -4.9287514e-02   2.0719007e-01   1.5426229e-02  -1.1443239e-01  -1.1137164e-01   8.4190504e-02   4.0025054e-02  -4.0893760e-01  -1.1360384e-01  -2.9727868e-01   1.6030406e-02  -1.6468061e-01  -2.3158929e-01   2.2837381e-02   1.2921987e-01  -6.3255046e-02   2.8478808e-01   3.2257072e-02  -2.6581117e-01   7.0487944e-02  -1.0626899e-01  -1.6173908e-01  -5.4057258e-03
  -2.6492487e-02  -5.8246100e-01  -4.3685525e-01   3.2439679e-01  -2.4475528e-01  -1.1399931e-01  -4.0032390e-01   2.8220417e-01   1.3433995e-01  -2.8149905e-01   0.0000000e+00  -6.5710107e-01  -1.2133589e-02   3.3539913e-01   6.8448951e-02   1.3811309e-01  -5.7547863e-01   7.0560865e-01   1.2002076e-01  -3.5064170e-01   6.8887146e-01   2.8913248e-01   1.8679729e-01  -8.8605614e-03  -9.9564559e-02   4.1118813e-01   3.9766400e-02  -1.9196408e-01  -2.7262194e-01   5.2307024e-01   3.5552395e-01   7.0117233e-02  -2.1041645e-01  -1.1558529e-01  -5.9579767e-02   4.3572198e-01  -1.1932054e-01   2.9830807e-02   3.4557282e-01  -6.0708035e-01   2.0409507e-01  -3.4043592e-01  -3.9740375e-02   5.3771640e-01   2.0936239e-01   3.3988010e-01   7.3815744e-01   8.9100044e-02  -2.0427758e-03  -5.6516632e-01   6.3003833e-01   4.9361763e-01  -8.8895489e-02  -5.1782946e-01  -1.3511840e-01   5.2133154e-01  -1.5140052e-01   3.6917198e-01   3.5088887e-01  -1.5505279e-01   3.0462055e-01  -3.0761146e-02  -4.2020027e-01   4.1391137e-01   1.3824829e-01   1.2674891e-01   6.6825590e-02  -2.4495653e-01   5.0088729e-01   2.9796503e-02  -5.5774205e-01   5.7400648e-01   1.4830603e-01  -1.2184942e-02  -1.9371562e-01   3.6119057e-01   2.3171406e-01   2.3514233e-01  -1.4949125e-01  -2.2378692e-01  -1.2661116e-01  -7.7061938e-02   1.3334306e-01   4.5148422e-01  -2.0382519e-01   3.1533911e-01  -2.1798928e-01  -2.6450060e-01  -3.1038336e-01  -8.3900748e-02  -2.4853765e-01  -2.4889960e-01  -7.1466767e-01  -1.5376664e-01   1.8945064e-01  -4.4089317e-01  -1.1409521e-01   1.1821221e-01  -7.8431855e-02   2.8155184e-01  -4.0358977e-01   5.5497625e-01   5.9239755e-01   2.6795743e-02   5.6712911e-01   2.0093291e-02  -4.6553950e-01   4.0518748e-01  -3.5541258e-01   5.8435244e-02  -3.3418451e-01   4.3401162e-01   1.1097360e-01   1.1041488e-01  -2.1138841e-01  -2.2824398e-01   4.7050899e-01   2.6063528e-01   4.3229549e-01   2.8182450e-01   4.3997461e-02  -4.1378916e-01  -5.4141087e-01   2.6552523e-01   5.5454015e-02   1.6434726e-01   3.5614015e-01  -2.8599324e-01   3.8816593e-01   2.2797026e-01  -2.4363743e-02   3.5706809e-01   9.5582496e-02   5.3029066e-01   4.5838212e-03   4.7603909e-01  -2.2936810e-01  -1.5125842e-01   5.1352322e-01   3.4547900e-02  -1.2117560e-01  -2.9943532e-02   6.8018377e-01   1.3260975e-01  -3.3787168e-02   6.3015574e-01  -4.6512250e-01   8.3752617e-03   1.8249806e-01   3.4060858e-01  -2.3656134e-01   4.5338605e-01  -1.6621108e-01   3.8768328e-01  -5.1350425e-01   8.0464875e-02   1.4706840e-01   2.0941971e-01  -5.8768210e-02   5.3960149e-01  -2.3709538e-01   6.5759795e-01  -3.2832730e-01   7.4902375e-01  -9.0491171e-02  -3.9622528e-01   2.9814620e-01   7.5226593e-02  -3.0649142e-02  -5.0885091e-01  -3.2777472e-01   2.3975391e-02   3.9687995e-01  -5.0394939e-02  -5.3934970e-02  -1.5232089e-01   2.1797698e-02
  -2.9941316e-01   7.4836844e-01   7.8756629e-01  -3.1743972e-01   4.6251990e-01   6.0828619e-01   4.3634386e-01  -2.1794290e-01   5.7192341e-02   1.6019275e-01  -6.5710107e-01   0.0000000e+00   1.5107969e-02  -4.0983312e-01  -2.2924288e-01   1.1679382e-01   8.2307773e-01  -6.8081010e-01   2.5115308e-02   4.2529380e-01  -5.8076176e-01  -1.9060001e-01  -4.3548818e-01  -2.7825125e-01   1.6933824e-01  -4.1378807e-01   9.3706123e-02   1.0885309e-01   2.8131123e-01  -3.1103768e-01  -3.7722029e-01  -9.0123353e-02   3.5309900e-01  -4.1702914e-02  -2.3631158e-01  -4.2172774e-01  -4.1294502e-02  -3.6308052e-01  -7.9094309e-02   6.6486795e-01  -1.7165601e-01   4.5892811e-01   1.5545602e-01  -4.8664455e-01  -2.2446476e-01  -3.6125490e-01  -5.1793928e-01  -9.0984515e-02   5.4958934e-02   7.6053701e-01  -6.3620587e-01  -6.2578967e-01  -5.5821443e-02   5.6978563e-01   1.2912699e-01  -4.0214737e-01   3.4296069e-01  -3.2328405e-01  -3.1397531e-01   2.1977843e-01  -1.6916021e-01  -3.2528524e-02   6.7595278e-01  -4.3492288e-01  -3.2562445e-01  -1.5289135e-01   3.9672000e-01   2.7810776e-01  -2.4930564e-01   1.1126732e-01   6.9219787e-01  -4.9204200e-01  -3.8116058e-02  -1.8087575e-01   2.4521961e-01  -1.6017391e-01  -2.4558916e-01  -1.5803619e-01   3.4617963e-01   2.1117859e-01  -4.4438947e-02   1.9051267e-01  -1.9550887e-02  -4.6246117e-01   5.3477643e-02  -2.2153273e-01   1.7425695e-01   1.1716254e-01   3.8918622e-01  -2.6896262e-01   2.0997283e-01   4.0329991e-01   7.5909941e-01   2.2730539e-01  -3.7798510e-01   5.0314529e-01   1.2710363e-01   1.5288681e-01  -6.1540718e-03  -4.7971058e-01   6.0354224e-01  -5.5690763e-01  -5.4141241e-01  -6.1053471e-02  -5.0931277e-01   1.1266163e-01   6.7070866e-01  -1.7054397e-01   1.7548046e-01   2.6819041e-01   3.5735071e-01  -3.2479158e-01   1.2708525e-02  -3.2105278e-01  -8.0967834e-02   2.8046626e-01  -3.3005057e-01  -1.4544095e-01  -2.8339945e-01  -2.2846902e-01  -3.2789453e-01   5.0642606e-01   7.0670213e-01  -3.3769083e-01  -2.1012036e-01  -3.7082121e-01  -4.1736807e-01   4.8468083e-01  -2.5903358e-01  -2.7764852e-02   1.7793929e-01  -4.3922999e-01   1.8972102e-01  -3.9463044e-01   8.3842073e-02  -2.8373077e-01   2.0958777e-01   9.8870880e-02  -4.6593540e-01  -3.1129728e-01  -1.9671875e-01   2.3028918e-02  -4.2071681e-01   1.1095678e-01  -2.0992524e-01  -6.1738290e-01   6.2888420e-01   8.8584633e-02   7.9371273e-02  -4.9033646e-01  -6.8637508e-02  -5.6443300e-01  -7.4008647e-02  -1.9238940e-01   7.8885423e-01  -3.6396095e-01  -3.7750853e-01  -1.7880455e-01   1.5683669e-01  -6.4646831e-01   2.1930337e-01  -4.3043902e-01   4.7882216e-01  -5.7992954e-01   3.7436434e-02   3.9493646e-01  -1.9715195e-01  -2.8833757e-01  -1.5531722e-01   6.5944069e-01   2.9914069e-01  -1.4362389e-01  -3.5666164e-01   5.4013409e-01   1.9761598e-01   2.9736929e-01   1.8910121e-02
  -2.2606331e-01  -1.8670168e-01  -1.5334528e-02  -1.5558265e-01   4.1247802e-01   3.1058551e-02   6.6887233e-02   3.8452165e-02  -2.2890127e-01   5.9629336e-02  -1.2133589e-02   1.5107969e-02   0.0000000e+00  -3.3387369e-01  -2.7510587e-01  -2.8468803e-01   3.1397483e-02  -1.5948275e-02  -7.6677786e-02   3.4653676e-01  -5.5094068e-02  -2.4382556e-01   2.3464766e-01  -6.4790424e-02  -8.8130524e-02  -1.5922183e-01  -4.7280387e-02   6.9512760e-02   2.2863349e-01  -2.3992083e-01  -2.7535391e-01  -1.9194318e-02  -6.3491869e-02  -5.6856298e-02  -1.1874384e-01   1.7876053e-01  -2.1344352e-02   2.4438355e-03  -2.1142358e-01   6.8544415e-03   6.0787989e-01  -7.7207135e-03   5.3968141e-02  -5.2452267e-02   5.1455894e-02   3.6536740e-02  -6.3002104e-02  -2.3038331e-01   3.8568685e-01  -8.0935372e-02  -6.5841168e-02  -1.3981351e-02  -6.2272187e-02  -1.1173281e-02  -2.5157425e-01  -8.9057525e-02  -2.9548371e-02  -4.4548289e-03  -3.9292927e-02  -4.5525808e-02   9.8367381e-02   4.2534501e-01  -1.6877092e-01  -3.0442457e-01  -1.5355532e-01   8.2681270e-02  -7.3453825e-02   2.5434600e-01  -7.8866794e-02   7.0124672e-02  -3.6214782e-02  -9.0914696e-02   4.6915811e-02  -1.0162843e-02  -2.6738767e-02  -1.4180301e-01  -1.2966353e-01  -4.1676604e-02  -1.2358493e-02   2.2779845e-02   1.4174441e-01   1.1459669e-01  -2.1762781e-01  -1.9277750e-01  -1.6261192e-01  -4.7208806e-02  -4.3184668e-02  -1.8621688e-01  -1.0324449e-01  -5.8829771e-02   1.7670267e-02   1.7911732e-01   6.9657747e-02  -1.1364303e-01  -1.8024931e-01   2.7705940e-01   2.9899831e-02  -2.3183277e-01   4.4866639e-01   6.8883532e-02  -1.0726668e-01  -4.7416968e-02  -2.1863457e-01  -2.5027182e-01   4.4364048e-02   2.0485986e-02  -7.2245773e-02   5.0458476e-03   3.9846765e-02  -1.1157008e-01   1.2749065e-01  -1.8180554e-01  -2.6347434e-01  -1.1300956e-01  -6.0406037e-03  -3.1079147e-02  -1.4949961e-01   4.0832515e-01  -1.8587576e-01  -2.9791607e-01  -1.8322333e-01   2.4469245e-01   5.3717875e-02  -1.7318885e-01  -4.2523711e-02  -2.3685599e-01  -7.4090435e-02  -4.2516045e-02  -1.0375053e-01  -3.9122436e-02   3.3799967e-01  -8.3569111e-02  -2.3675901e-01  -2.0820847e-01  -2.0050291e-01   1.0534930e-02  -1.0135683e-01  -1.4135371e-01  -7.9058527e-02  -2.8779210e-01  -2.7786207e-01   3.9406229e-01  -1.6494733e-01  -4.4466497e-02  -5.8809156e-03  -5.3749102e-02   1.6212104e-01   4.0863457e-02  -5.0523239e-02  -2.2311104e-02   4.8947500e-02  -1.7308394e-01  -3.2550789e-01  -1.4486994e-01  -8.1422495e-02  -8.3275777e-03  -2.7150495e-01   1.9093063e-02   9.2790335e-02   2.4959390e-02   2.9101030e-02  -3.0535718e-02   1.9753969e-01  -4.1596127e-02  -5.0636825e-02  -2.6438328e-02  -9.9127556e-02  -1.2705166e-01  -1.9642472e-01  -1.3923875e-01  -9.8482271e-02  -4.5941836e-02  -6.7020967e-02  -9.6484025e-02   3.9338371e-02   2.5012317e-02  -1.2424708e-01
   2.9613791e-01  -3.6349383e-01  -3.5185006e-01   2.4109251e-01  -3.6716698e-01  -6.6443804e-02  -6.5310410e-01   1.7075932e-01  -1.9103395e-01  -2.3363350e-01   3.3539913e-01  -4.0983312e-01  -3.3387369e-01   0.0000000e+00   4.9892945e-01  -2.1284165e-02  -3.5342191e-01   3.3085577e-01  -5.0938295e-04  -4.8509985e-01   2.4332267e-01   3.0107150e-01   8.3064021e-02   1.8325316e-01  -1.6553291e-01   4.4100700e-01  -4.1337561e-01  -2.3592941e-02  -3.8433692e-01   2.9249663e-01   5.8243114e-01   9.5385861e-03  -1.9131115e-01  -2.8311619e-01   2.8398010e-01  -7.9749835e-02  -1.2952904e-01   1.1329375e-01   5.1176378e-02  -5.1773535e-01  -1.3948791e-01  -4.0100970e-01  -2.4989030e-01   5.8881091e-01   9.5712593e-02   7.1348365e-02   1.8338591e-01   1.5702227e-02  -2.7295946e-01  -4.6664134e-01   2.5467721e-01   6.6944451e-01  -3.6072995e-01  -1.0408945e-01   4.6015689e-01   5.5450234e-01  -1.2328980e-02   2.2150095e-01   2.4512149e-01  -6.4527407e-02  -2.0655691e-02  -1.1492390e-01  -3.5098771e-01   2.7463385e-01   1.7876836e-01  -2.2642439e-01   2.2617631e-02  -3.3497666e-01   2.5861688e-01  -7.9413347e-03  -5.8871560e-01   3.9884341e-01  -6.2415893e-03   3.3467077e-01  -3.2300824e-01   7.7738302e-02   6.8033493e-02   3.3540885e-02  -3.0315751e-01  -6.7791256e-02  -1.4382418e-01  -2.0439815e-01   2.1908734e-01   3.7542646e-01   3.9224911e-01   1.6929520e-01  -1.7805367e-01   3.0642947e-01  -1.5451610e-01   2.3447995e-01  -3.8537755e-01  -2.6674659e-01  -5.1411266e-01  -2.8704994e-01   1.4052309e-01  -4.7660855e-01  -7.0998968e-02   2.1509425e-01  -2.8018806e-01   9.2447653e-02   1.5153831e-01   5.8774290e-01   6.0887747e-01  -2.3606145e-01   1.0639065e-01   4.3042919e-02  -1.7005086e-01   8.2641678e-03  -2.2784817e-02  -1.2891656e-01  -2.4470306e-01   5.2522505e-01  -7.4401554e-02   2.5790739e-01   2.2766544e-01  -3.6461990e-01   2.0028429e-01  -2.1897382e-01   6.3119585e-01   3.0982780e-01   1.3352236e-01  -5.5723303e-01  -4.4517491e-01   6.2075466e-02   1.0765494e-01   7.2020307e-01   2.1936181e-01  -1.9424203e-01   7.4717092e-02   3.9656938e-01  -3.6697150e-01   1.7274646e-01   4.6024411e-01   3.9304349e-01   8.3335678e-02  -3.2096603e-02  -1.9005307e-01  -8.7027246e-02   4.7512269e-01   2.5686780e-01   3.4314213e-01   1.1608384e-01   2.2986056e-01   3.0449634e-01   2.2668375e-01   3.7520456e-01  -1.0855653e-01  -4.7796878e-01  -2.8872111e-01   1.3290969e-01   2.4492107e-01   8.0015627e-01   2.1595661e-01  -1.2513150e-01  -3.6088618e-01   3.0434294e-01   1.4128309e-01   9.1869413e-02  -2.9343868e-01   5.1619874e-01  -1.8985898e-01   8.7028670e-02  -5.4618627e-01   3.0208977e-01   6.1427712e-02  -5.0129279e-01  -1.1756575e-01   4.9852407e-01   1.7465291e-01  -4.3448163e-01  -5.4350723e-01   7.7390103e-02   2.1501357e-02   5.2871298e-02  -1.5689581e-01  -2.7756374e-01   1.5362367e-01
