   0.0000000e+00  -4.5167547e-01  -3.0778602e-01  -2.1942117e-01  -6.7160492e-02   2.9176332e-01   1.0507616e-01   9.7807306e-02  -1.0490242e-01   2.0332400e-01  -3.6258854e-02  -2.8175003e-01  -8.4709628e-02   6.7346118e-01   1.2439854e-01  -1.3564750e-01  -4.1911054e-01   9.8424398e-02   9.0526168e-02  -1.7433097e-02  -4.7625818e-02  -1.6687880e-01   7.4160501e-03   6.1061024e-01  -5.7841634e-02   3.5134423e-02   4.8199013e-02   4.6455743e-01  -7.7797387e-02  -3.2899239e-02  -1.7472072e-01  -2.3351108e-01  -2.6897985e-01   1.0630106e-01  -2.1276107e-02  -6.4072540e-02  -1.5188655e-01  -3.1366778e-01  -2.4308936e-01  -1.5991522e-01  -1.2300359e-01  -1.8992129e-01  -1.4214473e-01  -1.7522851e-01   1.4992956e-01  -1.0514072e-01   1.1786471e-01  -9.9925338e-02  -2.3560491e-01  -3.1480160e-01   1.0736801e-01   1.1027653e-01  -2.2975189e-01  -2.7589847e-02   1.4326583e-01   5.3316729e-02   2.0089957e-01  -2.1796387e-02  -1.4716049e-01  -3.1092873e-02  -4.4802219e-01  -7.1599379e-02  -3.3296141e-01  -1.8289824e-01  -3.6487430e-02   2.0706682e-01   4.6835479e-03  -2.1238024e-01  -2.5093342e-01   2.6207517e-01  -2.5231699e-01   1.7962035e-01  -1.3612081e-01   3.4816426e-01  -1.3668553e-01  -2.1507718e-01  -3.1702609e-01  -1.6787419e-01  -2.7735259e-01  -6.2350224e-02   3.0563654e-01  -2.6709726e-01  -3.7995049e-01   7.9804093e-02  -2.1219192e-02  -1.4276717e-01  -2.7382893e-02   5.5488010e-01  -6.7593216e-02   7.4147817e-01  -2.9658036e-01  -2.9296193e-01   6.0747394e-02  -1.5306061e-01  -3.2628387e-01  -1.1195999e-01  -1.1049844e-01   1.5007390e-01   1.6587532e-02   2.7281188e-01  -6.7985546e-02   3.6081523e-01  -1.0475644e-01  -2.6245216e-01   1.7606655e-01  -9.0765188e-02  -2.0896891e-01  -1.5296395e-01  -1.2179480e-01   5.8727497e-02  -2.1037292e-01   1.1917350e-01  -3.3444401e-02   6.2082293e-01   2.8289596e-01  -2.3786472e-01  -1.6223165e-01  -1.9600424e-01   1.6518533e-01   7.8402294e-02  -1.0300861e-01  -1.5959241e-01  -2.9522437e-01  -6.4656583e-02   1.3130360e-01   4.1290366e-01   7.2717208e-02  -2.2291506e-01  -6.2088573e-02   5.9381831e-03  -2.1237342e-01  -2.2272772e-01  -2.4605739e-01  -3.3344944e-01  -1.8255657e-01  -2.1745189e-02  -1.9053857e-01   1.1382541e-01   2.0499104e-01   3.7835288e-01   5.0216351e-01   3.0698162e-02   1.5066309e-01   4.0548761e-02  -1.4745955e-01  -1.8996306e-01  -6.1125473e-02  -1.5378527e-02   1.9767113e-01  -4.9285494e-04   4.9920693e-01   2.2840350e-02   6.6788598e-02  -1.0573712e-01  -2.8742734e-01   5.3809978e-01  -7.8011872e-02   7.5872931e-02  -4.1164579e-01   2.6166494e-01  -2.4264728e-01   2.4815801e-02  -1.5811305e-01   3.8454808e-03  -5.5675692e-02  -1.6004958e-01  -8.3965767e-02  -1.3111990e-02   4.5261856e-02  -2.9341633e-01  -1.7843564e-01  -7.7373866e-02   7.2453868e-02   6.9058573e-02   9.1126068e-02  -2.9101867e-02   2.6123558e-02
  -4.5167547e-01   0.0000000e+00   6.4143667e-01  -1.9694185e-01   4.8108192e-01  -3.7767498e-01  -2.3074919e-01  -2.9953370e-01   2.8026177e-01  -3.6732428e-02  -3.4604936e-01   6.4998146e-01   1.4107565e-02  -2.1747704e-01  -4.6181016e-01   1.0170911e-01   7.5945171e-01  -2.6074386e-01   1.5142995e-01   3.9388592e-01  -4.3353251e-01  -1.0928002e-01  -5.6029763e-01  -4.0622173e-01   9.2291953e-02   1.9318503e-01   1.7151981e-02  -5.3530836e-01   6.5688046e-02  -6.0460098e-02  -1.3208059e-01  -1.2612159e-01   6.1091676e-02  -2.6661516e-01  -9.8933459e-02   7.9117019e-03  -3.6422476e-04  -1.0992810e-01   7.4098246e-02   4.8509196e-01  -5.0909673e-02  -3.9524656e-02   2.8365670e-01   9.9178141e-03  -1.1928282e-01  -1.7429299e-01  -4.1179662e-01  -2.2786711e-01   1.1980697e-01   6.5358348e-01  -5.7695066e-01  -5.4121032e-02   2.8138744e-01   2.8484316e-01   5.9567479e-02  -1.9511549e-01  -9.1872236e-02  -2.4674770e-01  -3.2885055e-01   1.0583312e-01   3.5114779e-01   7.5378138e-02   6.7918917e-01   9.1843826e-02   3.1878774e-01  -7.2016097e-02  -5.2880160e-02   2.9032627e-02  -1.7544683e-01  -1.7997369e-01   7.5087395e-01  -3.3614525e-01   5.4770364e-02  -1.8668738e-01   2.7041849e-01  -7.5172536e-02  -8.3102703e-02   1.2267029e-01   7.8355157e-01   1.5010690e-01  -5.2854576e-01   1.1562334e-02   6.4537867e-01   8.0235561e-02   1.7105791e-01  -1.4097165e-01  -1.6767457e-01  -3.3671259e-01   6.9700896e-01  -4.1910318e-01   6.4161002e-01   3.1245208e-01   3.0641811e-01   2.0055856e-01  -1.5339234e-01   5.5073735e-01  -6.5374149e-02   7.1412859e-02   1.4184472e-01  -2.0108124e-01   5.9726646e-02  -6.5609257e-01  -3.5060969e-01   2.2419414e-01  -6.0882305e-01   6.5038041e-02   4.5777641e-01   1.0324659e-01   1.5223750e-01  -5.5971062e-01   6.1057975e-01  -5.9814565e-01   2.3991303e-01  -4.7691415e-01  -2.5369924e-01   7.2389508e-01   9.1143208e-02  -8.4556571e-02  -8.9406098e-02  -2.7079001e-02  -2.6536869e-01   5.4976516e-01   7.0462947e-01   2.5854647e-01  -3.6430104e-01  -7.9725268e-02   1.3917618e-01   1.7070715e-01  -6.9580551e-02   1.1245394e-01  -7.6406408e-02   1.3811970e-01   5.7457410e-01   1.6445069e-01   2.9049819e-01  -2.6080332e-01   2.0603927e-01  -2.9295125e-01  -3.8025708e-01  -1.7437366e-01  -1.0610428e-01   1.3373385e-01  -4.5001387e-01  -3.7419859e-02  -9.7615369e-02  -2.6363291e-01   2.8639218e-01   8.1026834e-02  -4.1549794e-01   2.4390831e-01  -4.8454256e-01  -4.6249306e-01  -2.6361132e-01   3.0313814e-01   7.7104460e-01  -3.2572493e-01  -1.0965532e-01  -1.7763690e-01   3.5444241e-01  -5.7668230e-01   8.9803168e-02  -1.8761458e-01   1.9414804e-01  -4.0884163e-01   4.5706524e-02   5.9264549e-01   1.3111037e-01  -7.2575725e-03  -1.0836541e-01   6.6195467e-01   4.6839833e-01  -2.2923612e-01  -1.3234231e-01   2.5235698e-02   1.3768612e-01   1.3430426e-01  -1.7193083e-02
  -3.0778602e-01   6.4143667e-01   0.0000000e+00  -1.3063804e-01   4.7143364e-01   2.2538216e-01  -3.1457429e-01  -3.9441383e-01  -4.9253449e-02   1.4348223e-01  -3.6848294e-01   8.1666818e-01  -4.5491897e-02  -1.5018307e-01  -3.6587492e-01   1.5396471e-01   8.7574780e-01  -1.8565828e-01   1.6050941e-01   6.4648964e-01  -4.5633102e-01   1.8139580e-02  -3.7170881e-01  -3.2672733e-01   1.1766299e-01   1.9599191e-02   4.5050204e-01  -1.7181055e-01   1.4709143e-02  -3.6397485e-02  -3.7379072e-01  -1.5506664e-01  -1.6320525e-02  -2.3069766e-02   1.7874204e-01   2.7891505e-01  -4.2462428e-01  -1.6754846e-01  -7.0192431e-02   4.7688040e-01  -1.8034002e-01  -4.6987022e-02   3.7043368e-01   2.8078948e-01  -7.4225522e-02   2.4489502e-01  -7.7664653e-02  -3.3354800e-01  -1.9755370e-01   5.2191783e-01  -3.5829562e-01  -1.7762758e-01   8.6933623e-02   3.6314651e-01   1.1220546e-02   1.5861621e-01   2.7689371e-02  -4.9754063e-02  -3.1919531e-01   4.1063092e-01   2.3024557e-01   1.3413004e-01   1.3020656e-01  -2.1582730e-01  -1.6742198e-01   1.2510801e-01   4.3000259e-01  -8.1313944e-02   1.1977973e-01   3.8700835e-01   3.1651512e-01  -5.8836656e-02  -1.2564000e-01   2.2983214e-01   2.4585617e-01  -3.2591927e-01  -1.6407718e-01   2.5862329e-01   5.2299479e-01  -6.5180521e-02  -2.4628644e-01  -3.7859778e-02   2.4266167e-01   4.5726668e-02   3.4074104e-01  -1.7694032e-01   2.5185562e-01  -3.3893525e-01   4.1478835e-01  -3.3139124e-01   1.4527161e-01   2.7619672e-01   5.5192621e-01   1.6706075e-01  -1.5248496e-01   4.9486182e-01   6.5779886e-02  -9.9166346e-03   2.9711339e-01  -2.1752557e-01  -9.3036959e-02  -2.4412420e-01  -3.4676383e-02   2.3388626e-01  -3.3565866e-01   3.7453765e-02   4.8294846e-01   2.9908803e-01  -2.7004153e-01  -1.8426297e-01   6.9911066e-01  -1.8582252e-01   1.8379749e-01  -3.1202875e-01  -1.3331203e-01   3.0844618e-01   3.0903409e-01  -1.8875169e-01   3.2620586e-01   8.8984080e-02  -2.9515493e-01   4.6112073e-01   5.4453577e-01  -1.8203835e-01  -1.6923939e-01   2.6390256e-04   2.0030698e-01   1.0623888e-01  -7.4819133e-02   5.1082657e-01  -1.5232210e-01  -1.1392469e-01   5.7427246e-01  -2.5621681e-01   2.3447734e-01  -3.7385261e-01   1.4181165e-01   1.4979924e-01  -2.9847693e-01  -1.9726873e-01  -8.2583688e-02   3.1213134e-01  -1.9008731e-01   3.6421786e-01   1.4176039e-01  -4.2592781e-01   3.6715213e-01  -2.0073283e-01  -7.4582234e-02  -3.4461850e-01  -2.0353302e-01  -4.4559963e-01  -8.4703877e-02   5.5821490e-03   7.1373415e-01  -3.2924300e-01  -1.5570065e-01  -2.2344221e-01   1.9112569e-01  -3.9812458e-01   1.8462511e-01  -2.9884997e-01  -6.9568266e-02  -2.6954605e-01   7.8339721e-02   4.9274176e-01   1.0215490e-01   2.2340373e-01  -7.2585631e-02   3.3052778e-01   5.0238845e-01  -3.4354178e-01  -3.7914482e-02   4.2780549e-01   1.4727756e-01   8.3097113e-02   8.6386873e-02
  -2.1942117e-01  -1.9694185e-01  -1.3063804e-01   0.0000000e+00  -2.9688611e-01  -9.6949499e-02   9.7896469e-02   4.0212057e-01  -9.9221661e-02  -2.6531857e-01   5.7485355e-02  -3.1616023e-01  -1.5349342e-01  -1.8136008e-01   6.8815162e-02   2.0783664e-01  -7.2166817e-02  -2.1856796e-01  -4.0817362e-01  -3.4120516e-01   1.2620974e-01  -8.6173766e-03   1.0594950e-01   4.4464063e-02  -1.2738680e-01  -9.3654456e-02  -8.9727809e-02  -5.6282803e-02  -7.0520166e-02  -5.1396854e-02   2.9797505e-01   5.1834528e-01   5.8109571e-01   4.4910099e-02  -2.1740588e-01  -2.7605813e-02   1.3555629e-01   1.8686213e-01   1.9714021e-01  -9.7925148e-02   2.1726971e-01   5.6812390e-01  -3.1736244e-01  -1.1697301e-01  -3.2564956e-01   1.4739784e-01   1.2601277e-01   3.2792536e-01   2.4467933e-01  -2.3287319e-02   1.7985292e-01   1.0424807e-01   1.2796911e-01  -3.7481101e-01   1.2650147e-01  -2.4046535e-01  -3.0201143e-01   3.0388011e-01   4.9680631e-01  -9.4336921e-02  -4.6646076e-02  -1.7999030e-01   8.4181411e-02   1.5693347e-01  -8.0113007e-02  -1.7263706e-01  -1.6552118e-01   4.7633348e-01   3.7443510e-01  -1.2477402e-01  -5.7404100e-02  -1.2573628e-01   8.5558292e-02  -1.7535984e-02  -2.8019079e-01   2.9155673e-01   1.9859831e-01  -1.7867594e-01  -2.5089538e-01   1.7616074e-02   6.8557712e-02   1.9668531e-01   1.0520151e-01  -1.7534627e-01  -3.8080735e-02   3.6925977e-01   1.0269983e-01  -2.0348154e-04  -3.3158299e-01  -2.7890530e-02  -7.7967834e-02  -1.5130850e-01  -3.0085380e-01  -1.0899490e-01   1.8333563e-01  -2.6781261e-01   3.2915934e-01  -3.3842076e-01  -2.5088416e-01  -2.4246001e-01   1.2858193e-01   1.3135077e-01   1.8794520e-01  -9.7455268e-02   1.7348779e-01   9.1364644e-03   6.7481502e-02   1.6775632e-01  -7.2250928e-02   2.1357183e-01  -1.4970181e-01   2.4443465e-01  -3.0535415e-01  -4.6426733e-02  -1.9104016e-02  -9.5863565e-02  -3.4486695e-01  -1.5615927e-01  -2.6739364e-01  -7.9359466e-02   1.0250859e-01  -1.8522375e-01  -1.7039165e-01  -9.8676972e-02   2.0564186e-01   8.6352622e-02  -4.0450281e-01  -6.6368546e-02  -2.2076265e-02  -2.1958394e-01   6.7454844e-01   2.6775830e-01  -1.6780505e-01   1.6799223e-01  -9.2432099e-02   3.0910084e-01   2.4122255e-01   3.4620978e-02   4.0135718e-01  -2.5236620e-01  -5.5099451e-02  -4.8307187e-01   7.0072049e-02  -2.4524048e-01  -1.2192521e-01   1.3890395e-01  -3.9290447e-02  -8.8437390e-02   3.4375699e-02   4.3388207e-02   7.5315539e-02   1.8378581e-01   2.4519217e-01   3.5922621e-02  -3.2709230e-01  -2.4946917e-01  -1.4203332e-01   1.8788795e-01   2.0793056e-01   1.3770987e-01  -9.9809938e-02  -7.2427423e-02  -9.1352754e-02   2.5540978e-01   2.8372398e-01  -1.2687791e-01   2.3091259e-01  -6.3491730e-02   6.8151733e-03  -1.5288393e-02  -1.7496905e-01  -1.0616290e-01  -5.2120041e-02  -3.1387307e-01  -1.1271331e-01  -3.5922096e-01   8.7224189e-02
  -6.7160492e-02   4.8108192e-01   4.7143364e-01  -2.9688611e-01   0.0000000e+00   7.1331252e-02  -2.2553639e-01  -4.7198039e-01   6.5841476e-03   4.4125360e-01  -3.1482029e-01   4.8325215e-01   2.8783170e-01  -5.6741015e-02  -3.7790629e-01  -4.1382602e-02   5.0144152e-01   4.7432248e-03   7.0645583e-02   7.9574967e-01  -2.9255185e-01  -1.4749303e-01  -3.1406608e-01  -2.8661619e-01   1.2408354e-02   8.5941765e-02   4.0002243e-01  -2.6517729e-01   1.6791701e-02  -1.5425259e-01  -3.1760975e-01  -2.6055432e-01  -1.3451913e-01   8.8553593e-03  -1.9214715e-01   4.6969101e-01  -3.0087018e-02  -1.3072410e-01  -1.0287665e-03   6.1403572e-01   3.1225867e-01  -1.7890767e-01   1.3512659e-01  -1.2503018e-01   1.5479162e-02  -1.2919855e-01   6.2023679e-02  -3.6582120e-01   1.1126378e-01   5.5093672e-01  -2.4147683e-01  -2.0672172e-01   2.7228751e-01   1.5771937e-01  -2.3061041e-01  -1.0319455e-01  -1.2093578e-01  -1.6009911e-01  -3.1264163e-01  -6.7166724e-02   2.2377935e-01   1.9969730e-01   1.8997021e-01  -3.1741231e-01   1.1253838e-01   3.7537788e-01   2.5615949e-01  -1.9302757e-01  -2.6413448e-01   3.7175973e-02   5.3732037e-01   3.4534646e-02   2.1286584e-01  -1.7611222e-02   1.4523376e-01  -2.0958701e-01  -2.0007934e-01  -1.5813871e-01   6.8062277e-01   3.1215402e-02  -3.5946699e-01  -1.8503179e-02   3.3219692e-01   2.0987437e-02   1.1843869e-01  -1.6444971e-01  -2.4309180e-01  -3.0617638e-01   4.6270946e-01  -1.4982709e-01   4.8995246e-01   1.7845596e-01   5.8511114e-01   9.5958952e-02  -7.4894225e-02   8.4044506e-01  -8.5440541e-02  -7.9883182e-02   4.0158302e-01   5.4454616e-02  -2.0029437e-01  -4.4294235e-01  -3.9277082e-01  -1.6192270e-01  -3.5281096e-01   7.6418998e-02   3.1939734e-01   2.3211880e-03   8.4119767e-02  -1.0289363e-01   5.0841692e-01  -3.6753087e-01   1.6645537e-01  -1.2545598e-01  -1.2389331e-01   5.2557472e-01   3.3293805e-03   2.4588693e-01  -1.1556945e-02   6.4464468e-02  -3.2019639e-01   7.2888016e-01   4.9628086e-01   5.7980223e-02  -2.5357188e-01  -8.1385910e-02   3.9751717e-01   3.0929311e-02  -5.9777760e-02   1.8620907e-01  -1.5759394e-01  -1.7397902e-01   1.4495230e-01  -1.3237396e-01   2.0398239e-01  -3.2939537e-01   1.4115044e-01  -2.7911606e-01  -3.7248626e-01   7.7149086e-02   4.6972014e-02   3.2832488e-01  -4.5368515e-01   8.7902497e-04  -9.6190462e-02  -3.9049788e-01   3.2733095e-01   2.4597958e-01   5.4846209e-02  -1.9960095e-02  -2.2826081e-01  -4.8376198e-01  -1.8364538e-01   2.9236324e-01   6.2594104e-01  -7.7095641e-02  -1.0403085e-01  -6.2281200e-02   2.4878799e-01  -4.1587811e-01   1.8506281e-01  -3.3870364e-01   2.2863532e-01  -2.8276530e-01  -4.8647179e-02   4.0814950e-01   1.4991939e-01  -2.5460614e-02  -3.9665866e-03   5.7969934e-01   6.7965596e-01  -1.8372601e-01   1.0113427e-01   5.1696418e-02   1.4428149e-01   1.9303494e-01   2.9454340e-02
   2.9176332e-01  -3.7767498e-01   2.2538216e-01  -9.6949499e-02   7.1331252e-02   0.0000000e+00  -1.9120120e-01  -9.2630683e-02  -7.3037888e-02   2.6353396e-01  -3.4912798e-02   1.3970309e-01   7.0002414e-02   1.8723190e-01  -1.1369607e-01  -1.3663233e-01  -3.8288971e-02   2.5734921e-01   2.5452145e-01   3.2186845e-01   1.1631339e-01   2.8453688e-01   1.7710953e-01   2.3227294e-01   7.1171842e-02  -4.9623394e-02   6.5842429e-01   3.4464853e-01  -1.0577149e-01   2.4779759e-01  -3.2894753e-01  -6.1719096e-02  -4.3296304e-01   3.1140247e-01   4.3580283e-01   3.8942980e-01  -5.4853110e-01  -1.5714681e-01  -2.5667469e-01   3.1087212e-02   9.7207911e-03  -3.4153041e-01   2.6535511e-01   1.6707933e-01   8.6783605e-02   5.0020068e-01   5.3168316e-01  -1.1855979e-01  -3.6349635e-01  -3.2030845e-01   2.6957626e-01  -1.1885804e-01  -5.2539582e-02   7.4105307e-02  -1.0316735e-01   2.7313917e-01   4.2079600e-01   3.1829298e-01   1.3941275e-02   4.2354767e-01  -1.4262197e-01   1.3416400e-01  -5.8203402e-01  -5.4453907e-01  -2.8920833e-01   4.3437450e-01   8.0083302e-01  -3.6710500e-01   3.5866874e-01   5.5638172e-01  -4.4531017e-01   5.0413711e-01  -1.6799104e-01   4.8009525e-01  -3.6354646e-02  -2.1627058e-01  -8.9466033e-02   1.1572509e-01  -1.4776077e-01  -1.1498760e-01   1.0961791e-01  -2.0296047e-01  -5.6732788e-01   1.5385950e-01   7.6518747e-02  -8.1158473e-03   4.9655248e-01  -7.8799867e-03  -2.7319745e-01   2.3865175e-01  -5.4194462e-01  -8.4653983e-02   2.4567302e-01   2.1838110e-01  -9.7132354e-03  -5.5932873e-02  -3.5901335e-02   1.7076259e-01   2.6332552e-01   1.3725138e-01  -3.6991803e-01   3.2626457e-01   2.3897972e-01   1.7678867e-01   4.0862445e-01   1.5981263e-01  -1.2014015e-01   4.1106516e-01  -5.6813216e-01   5.1582026e-01  -8.1396597e-02   5.1541037e-01   8.0494122e-02   2.9352415e-01  -1.1333724e-01  -3.1916942e-01   2.9551649e-01  -6.2339257e-02   4.7695731e-01   3.7083266e-01  -5.8489745e-02  -7.0087735e-02  -3.1995073e-01  -1.6775552e-01   3.3013868e-01   1.2383425e-01   3.2913246e-01  -7.6894942e-02   1.4365608e-01   3.3128608e-01  -3.3357565e-01  -1.9780240e-01  -1.3662507e-03  -5.7316557e-01   2.6729433e-02  -9.6825325e-02  -1.9003560e-01   3.3984230e-01   1.7924055e-01   1.8467611e-02   1.9956847e-01   2.6928856e-01   3.5369779e-01   4.8534102e-01   2.2986421e-01  -1.4998469e-01  -1.1997171e-01  -8.7437444e-02   5.2754515e-01  -4.7900364e-01   2.1873511e-01  -1.0771283e-01   1.8036974e-01  -9.5925607e-02  -8.2252281e-03   1.5218723e-01   2.2807184e-02   8.8465597e-02  -4.0460533e-01   6.4551490e-02   2.6403321e-02   3.4018553e-02  -2.9566409e-01   2.9691571e-01   1.8935447e-01  -6.4766415e-02  -8.1921454e-02   3.7054062e-01   1.2424550e-01  -3.9952487e-01   2.1242926e-01  -1.9996496e-01   2.6321803e-01   5.5151098e-01   1.3683273e-01  -1.0688079e-02   2.6571237e-01
   1.0507616e-01  -2.3074919e-01  -3.1457429e-01   9.7896469e-02  -2.2553639e-01  -1.9120120e-01   0.0000000e+00   1.8110888e-02  -5.2910890e-02   3.2951715e-01   2.1799231e-01  -3.2142253e-01   4.3123245e-02  -1.8376767e-01   4.8425095e-01   1.9117808e-01  -2.3172118e-01  -1.3296288e-01  -2.6733373e-01  -2.1523104e-01   4.1107369e-02  -1.2110098e-01   4.4644367e-01   5.8552619e-02  -1.6494013e-01  -1.2677196e-01  -1.0518344e-01   1.1640917e-01  -8.6898595e-02  -2.6279396e-01   2.2532843e-01   1.9966242e-02   1.8942690e-01   3.8600406e-01  -3.9931609e-01   4.2385920e-02   1.4652090e-01  -7.7259287e-02   2.0867328e-03   6.8409854e-02  -4.6670207e-02   2.0257061e-01  -7.0200828e-02  -2.8576808e-01  -4.2502445e-02  -1.5113151e-01  -1.5496911e-02   4.8883239e-01  -1.2237163e-01  -5.9844226e-02   1.5745743e-01   1.7301849e-02  -2.2058892e-02  -2.0517226e-01  -7.7401037e-02  -2.1672516e-02  -3.1999125e-01   3.3983030e-02  -7.0252374e-02  -3.4675183e-01  -1.7064699e-01  -1.4069381e-01   1.2722362e-02   1.9986795e-01  -1.8076941e-01   1.2490777e-01  -3.1369172e-01  -8.9611299e-03  -1.8212556e-01   1.2264121e-02   1.2184953e-01  -1.3581982e-01   2.7541735e-02  -2.1568220e-01  -2.5584001e-01   1.5685578e-01  -4.7406276e-02  -2.3053615e-01  -3.3188836e-01  -2.4488567e-01   2.9429755e-01   2.3753176e-01   6.0773954e-02  -2.2854793e-01  -1.6659885e-01   8.8974977e-02  -3.7342876e-01  -2.2134090e-03  -2.1132700e-01   2.4097821e-02  -4.2095534e-02  -2.2722783e-01   1.0324116e-01  -1.6584145e-01  -8.9321781e-03  -1.0918215e-01  -6.0133353e-02  -2.6548374e-01  -2.4320291e-01   1.6419057e-01   2.9721322e-01   3.2581883e-01  -2.3539105e-01  -1.7770010e-01   1.0483907e-01  -6.5009811e-02  -1.5436929e-01  -2.3889783e-01   2.9905268e-01  -4.0849594e-02   5.5125504e-02  -1.6964028e-02  -2.4582704e-01   6.2142882e-02   4.4009428e-01  -1.6297205e-01  -4.2107136e-01   7.3339529e-02  -2.4510294e-01  -2.8537313e-01   4.1028766e-02  -1.3421909e-01  -1.0782313e-01  -1.6556399e-01   9.6295635e-02  -2.8259276e-01  -3.4566970e-01  -1.4432307e-01  -1.5229581e-02  -1.6654131e-01   2.8435769e-01   2.1418939e-01  -3.9695869e-01   2.0745508e-01   9.2745459e-02   1.4615888e-01  -7.2432305e-02  -3.7959037e-02   2.5633511e-02  -6.0674256e-02   2.2959710e-02  -3.0237128e-01   1.0062151e-02  -3.2704126e-01   4.0074287e-02   9.4498000e-02   5.7042020e-01   3.9767232e-02   9.1959453e-02   4.9629694e-02   2.1152490e-01   1.7051164e-01  -2.6182599e-02  -9.5218708e-02  -2.0766822e-01  -1.3544046e-01  -1.1250287e-01  -9.2160185e-02   4.2184962e-02   2.8047866e-01  -1.6560171e-01  -6.3754166e-02   6.1601475e-02  -6.2084914e-02  -1.1050245e-02  -4.5964917e-03   1.9925686e-01  -5.0372200e-01   1.6529291e-02   1.3238733e-02  -2.2157628e-01   3.1478113e-02  -1.9310723e-01  -4.1368197e-01  -2.6648410e-01  -2.5003468e-01   2.1618980e-04
   9.7807306e-02  -2.9953370e-01  -3.9441383e-01   4.0212057e-01  -4.7198039e-01  -9.2630683e-02   1.8110888e-02   0.0000000e+00   1.4184519e-01  -4.7102148e-01   1.7248871e-01  -3.9059985e-01  -1.6336204e-01   2.8318750e-01   1.9512876e-01   8.4867426e-02  -3.6214298e-01  -4.1485146e-02  -1.7252361e-03  -5.3956803e-01   1.1231672e-01   2.1598148e-01   1.9445958e-01   2.0637587e-01   6.3679153e-02   2.6051366e-01  -3.5917986e-01   1.7460970e-01  -5.9998861e-02   3.0635191e-02   1.1432123e-01   5.2002564e-01   1.9365666e-01  -2.3543088e-01  -1.7957155e-02  -3.7720486e-01   9.1024296e-02   1.6267402e-01   1.8627756e-01  -4.5113849e-01   3.6253582e-02   2.4817794e-01  -2.7964447e-01  -1.3266348e-01  -1.5878730e-01   3.0721289e-02   1.7700368e-03   4.6129201e-02   1.1804216e-01  -3.2721131e-01   2.5098619e-01   4.1685848e-01  -2.9117486e-01  -1.2488915e-01   2.4068058e-01  -1.0614075e-01   8.9526810e-02   3.7006791e-01   2.9546224e-01  -1.0431319e-01   1.5914423e-01  -2.7325236e-01  -6.0704011e-02   1.3534076e-01  -2.6906134e-03  -3.4252677e-01  -2.1566290e-01   2.0229312e-01   2.5987191e-01  -2.5221636e-01  -2.9631952e-01  -2.9630966e-02   1.8901002e-02   3.0550355e-02  -9.7788490e-02   5.3055050e-01   2.6297915e-01   6.5582215e-03  -4.0165367e-01   8.2635609e-02   2.7039830e-01  -7.6876816e-02  -1.6475212e-01   3.2991173e-01  -1.4212060e-01   5.1121254e-01   8.4346715e-03   3.2070807e-01  -3.1858212e-01   1.1562868e-01  -1.8070063e-01   6.2677001e-02  -5.0345633e-01  -2.6735238e-02   1.0158225e-01  -5.3492611e-01  -2.1228891e-02   2.0558017e-01  -2.8098085e-01  -1.8308739e-01  -1.3848580e-02   1.8220681e-01   2.2605619e-01   7.5342244e-02   3.9826144e-01   2.6693298e-01  -1.1476726e-01   2.6063029e-01   4.7058571e-03   6.3626421e-02  -3.9590915e-01   2.6403353e-01  -9.5003572e-02   6.6548361e-02   7.7714303e-02  -2.7298433e-01  -5.7323214e-02  -1.0285095e-01  -2.3820339e-01   9.9300573e-02   2.3662062e-01  -4.5631694e-01  -3.7198531e-01   2.8155617e-02   1.0917061e-01   2.8464233e-01  -2.4574543e-01   6.5011134e-02   2.7442615e-01  -4.2203739e-01   1.9643265e-01  -2.6252353e-02  -2.0057653e-01   9.8304791e-02  -1.4415464e-01   6.6981041e-01   1.0891246e-01   2.7664315e-02   6.3936837e-01  -1.5093408e-01  -9.4514511e-02  -2.4794576e-01   4.4881557e-01  -2.0321046e-01  -8.1006085e-02   3.2903915e-01  -2.4693969e-01  -8.3825803e-02  -1.3694754e-01   4.3059417e-02   1.3886097e-01   4.8130712e-01   1.8688490e-01  -1.2139538e-01  -5.7283285e-01  -9.9310227e-03   1.4429283e-01   7.7922575e-02   8.7682472e-02   3.7776983e-01  -1.6635402e-01   3.0439606e-01  -2.2994402e-01   3.7337330e-01   3.3393318e-01  -3.6685637e-01  -1.7046529e-01   2.1281074e-01  -5.7663160e-02  -2.8929185e-01  -4.5843818e-01  -8.1539514e-03  -7.0733975e-02  -2.2364012e-01  -6.9292684e-02  -1.4302416e-01   2.0373388e-01
  -1.0490242e-01   2.8026177e-01  -4.9253449e-02  -9.9221661e-02   6.5841476e-03  -7.3037888e-02  -5.2910890e-02   1.4184519e-01   0.0000000e+00  -1.4642530e-01   1.0397626e-01  -9.9482741e-02   1.0227449e-01   4.6794196e-02  -3.2035774e-01  -3.7747468e-01   4.7704460e-02   3.4938591e-01   3.2236807e-01  -2.8026467e-02   1.3383363e-01   5.1179749e-01  -1.3985848e-01   1.3628638e-01   1.6611998e-01   2.0435014e-01   1.7537831e-01  -5.2244610e-01   5.8959073e-03   3.9542710e-01   1.7618041e-01   2.9905095e-01  -3.4055035e-01  -4.0797048e-01   1.4211352e-01  -7.8677745e-03   2.4294511e-01   4.6530714e-02   1.1214045e-02   6.7444661e-02   1.8799280e-01  -2.8524827e-01   3.4608978e-01  -4.5895091e-01   1.2505522e-01  -8.1032468e-03   1.6560470e-01   8.4834405e-03   3.5140407e-01  -1.9114689e-01   3.5990349e-02   6.5049534e-02   2.3121280e-02   1.8665723e-01   1.0313750e-01  -5.9451580e-01   3.1266869e-01   3.0095408e-01   2.3182867e-01  -1.3303274e-01   3.3965612e-01   1.9198820e-01   5.9647577e-01   1.3625308e-01   7.0444082e-01  -2.1881100e-01   1.8776676e-02  -1.8512086e-01   1.0028104e-01  -4.6746247e-01   2.1507701e-01   2.9227720e-01   1.0265255e-01  -4.4596507e-01   1.8749005e-01   4.5409871e-01   3.5898989e-01  -4.9719867e-02   2.2067156e-01   3.7555644e-01  -4.2950143e-01  -2.3862968e-01   3.7912299e-02   3.8378082e-01  -4.1601024e-01   2.0356631e-01  -2.1777639e-01  -1.1992183e-01   2.7903723e-01  -1.5433138e-02   1.8974819e-01   3.5055003e-01  -3.8983839e-01   7.7658329e-01   1.3409842e-01  -1.0688800e-01  -1.0990214e-01   4.2644177e-01   3.0072616e-01  -5.3642802e-02   2.2199954e-02  -5.4024043e-01  -2.9621825e-01   5.7210808e-01   2.3296500e-01   6.0491820e-01   3.3537542e-02   2.6063361e-01   1.4615084e-01  -1.5638215e-01  -2.8203485e-01  -2.1526001e-01   5.5625354e-01  -8.0355066e-03  -3.7812234e-01   2.9384950e-01  -1.5694861e-01  -1.0489155e-02  -5.0536585e-01   5.4725385e-01   2.0521948e-01  -1.0045265e-01   3.8959484e-02   7.1696615e-01   2.7184479e-01  -1.4201965e-01   3.4408752e-01   3.1078668e-01   5.9523086e-01  -5.0500280e-01  -3.4341161e-01   6.3715674e-02   1.5029162e-02   3.8974690e-01   6.4290569e-01   4.0181776e-01  -2.8297785e-02  -4.2109126e-01   1.5163531e-01   4.8895239e-02   1.4261363e-01   9.0391118e-02   2.4825283e-02  -4.4598641e-01  -1.7385332e-01   3.9864737e-01  -2.6696581e-01   3.6001780e-01  -2.1389158e-01   5.3518801e-01  -5.0462385e-01  -1.5219160e-01   1.6124205e-01   3.5581923e-01   2.9330913e-02   1.2159829e-01   2.9507117e-01   1.4961903e-01  -9.5094902e-02  -3.3928805e-01   1.2953011e-01   3.1630920e-01   1.0762244e-01   4.5410242e-01   5.3640784e-01  -3.1798840e-03  -3.1377439e-01   4.9168788e-02   3.6447769e-01   1.6577023e-02   8.6285625e-03  -2.1644890e-01   4.7907579e-01  -1.9856449e-01   2.6677371e-01   1.2927246e-01   4.8895560e-01
   2.0332400e-01  -3.6732428e-02   1.4348223e-01  -2.6531857e-01   4.4125360e-01   2.6353396e-01   3.2951715e-01  -4.7102148e-01  -1.4642530e-01   0.0000000e+00   3.5624195e-02   1.6536586e-01   1.5463462e-01  -1.2621231e-01   5.2734682e-02  -4.1519697e-02   6.3340152e-02   1.8051508e-01  -1.5892287e-01   4.9713200e-01  -7.8096336e-02  -2.0414994e-01   1.4234009e-01  -3.5738002e-02  -2.9502784e-01  -1.2639475e-01   3.4550486e-01   1.1800544e-01  -8.0911173e-02  -1.5336875e-01  -2.0173741e-01  -3.7175015e-01  -1.7685782e-01   6.3231936e-01  -1.6057137e-01   5.6817434e-01  -1.0452667e-01  -2.8520170e-01  -1.7774186e-01   3.1003330e-01   6.1690410e-02  -2.0367887e-01   1.8823101e-01   3.0793108e-02   1.7357069e-01  -9.5728578e-02   2.5470996e-01   1.4192518e-01  -3.1280983e-01   1.4406567e-01   1.7265158e-01  -2.7965555e-01   2.9876430e-01   3.2157441e-02  -3.9974415e-01   2.4466423e-01  -1.9287057e-01  -1.5391618e-01  -2.5333769e-01  -1.0559368e-02  -9.1151601e-02   2.4607307e-01  -2.1517128e-01  -1.9612829e-01  -2.0721114e-01   6.1560248e-01   2.2498853e-01  -2.7711344e-01  -2.4513410e-01   3.3461155e-01   1.4389943e-01   1.6526256e-01  -1.0811047e-01   8.4251279e-02  -5.2438622e-02  -3.4510068e-01  -2.7484486e-01  -8.7758717e-02   9.0905256e-03  -2.8486467e-01   4.9679834e-04  -1.0772232e-02   6.2601036e-02  -1.6291283e-01   1.0349370e-01  -2.4212190e-01  -1.5853101e-01  -2.6427747e-01   2.2716568e-02   3.9692692e-02  -3.8184548e-02  -8.8537311e-02   6.5202889e-01  -5.8200570e-02  -1.2817330e-01   3.8502822e-01  -4.4270620e-02  -2.3228875e-01   2.1471169e-01   3.9481113e-01  -7.1110569e-02   1.6802560e-01  -2.7537095e-01  -2.1980612e-01  -1.0330453e-01  -1.3740721e-01   3.2886747e-02  -2.0311636e-01   1.2954307e-01   2.2571426e-01   3.7519933e-01  -9.5996049e-02  -2.3450053e-02   7.5340498e-02   1.4712943e-01  -8.7632722e-03  -1.8090268e-02   1.6458265e-01   1.6683887e-01  -7.3719899e-02  -1.9529844e-01   2.6476560e-01   7.9640673e-02  -1.3464528e-01  -1.1598530e-01  -2.2387256e-01   2.3209783e-01  -1.8301820e-01  -1.3080945e-01   2.6621441e-01  -1.1995009e-01   5.9172295e-02  -1.7352522e-01  -2.0796698e-01   1.7724423e-01  -3.4029048e-01  -8.9328743e-02   1.2097726e-02  -3.4104693e-01   7.3723078e-02   9.9919034e-02   1.2454624e-01  -9.5549934e-02   1.1730551e-01   1.8035740e-01  -2.8660494e-01   4.6085809e-01   1.6029652e-01   4.5330050e-01  -1.4522704e-01   8.4444516e-02  -2.1975982e-01  -6.0807285e-03   1.2880516e-01   2.6181088e-01  -4.6333362e-02  -1.4718501e-01   2.2713399e-02  -6.5464437e-02  -1.3241848e-01   1.0584899e-01  -1.5054035e-01   3.4460300e-01  -1.5476274e-01  -2.0794944e-01   1.1757098e-01   2.6248448e-01  -2.5235236e-01   4.6181945e-02   2.0324099e-01   2.3376571e-01  -9.9125508e-02   8.5689039e-02   6.7463903e-02  -4.9069438e-02  -2.6058962e-02  -1.0633245e-02
  -3.6258854e-02  -3.4604936e-01  -3.6848294e-01   5.7485355e-02  -3.1482029e-01  -3.4912798e-02   2.1799231e-01   1.7248871e-01   1.0397626e-01   3.5624195e-02   0.0000000e+00  -2.8478315e-01   3.0890738e-02  -3.8598258e-02   5.3590502e-01  -1.1409479e-01  -3.7664922e-01   6.5483696e-01  -1.0325749e-01  -4.3303088e-01   5.1325149e-01   2.1928398e-01   4.6891676e-01   1.2499010e-01  -3.2687503e-01   7.1057280e-02  -2.5443032e-01   7.0803029e-02  -1.0855396e-01   3.8014449e-01   5.0015987e-01   2.0158107e-01  -2.2279536e-01   1.2129284e-01   1.7825506e-01   1.8591035e-01   1.5219048e-01   1.0619029e-01   1.7958289e-01  -4.5321130e-01   1.7687515e-01  -2.7710362e-01  -8.4183506e-02   2.8658533e-01   3.3691116e-01   1.2164243e-01   5.1933868e-01   5.0890595e-01  -8.3658961e-02  -4.3063084e-01   6.7894231e-01   8.2057745e-02   1.3463684e-01  -1.3982750e-01   1.3859661e-02   2.7735240e-01  -3.9227005e-02   1.0263465e-01   4.8017397e-01  -1.9660308e-02   3.8219192e-02   2.3702111e-01  -1.1778193e-01   4.7218578e-01   4.5260998e-02   1.4214084e-02  -4.8852048e-02  -2.5778518e-01   3.4926355e-01  -3.3400444e-02  -3.9549064e-01   2.6596621e-01   1.9479030e-01  -3.1496216e-02  -3.0163970e-01   2.4111661e-01   2.3358185e-01   2.2189490e-01  -4.5294644e-01  -1.0543037e-01   2.3780126e-01   1.3902766e-02  -1.5674892e-01  -3.9893140e-02  -2.2361564e-02   7.9524504e-02  -8.9597189e-03  -3.3027169e-02  -4.9755894e-01  -5.8986846e-02  -2.9540167e-01   5.5429970e-03  -2.5829347e-01   1.0122019e-01   2.3806744e-01  -4.8311081e-01  -1.7473895e-01   5.0303763e-02  -2.5986641e-02   7.9556866e-02   2.2275392e-01   3.2785303e-01   2.1444513e-01   8.5392884e-02   3.5074380e-01   6.7633726e-02  -2.3873895e-01   5.9528844e-02   1.5532968e-01   4.6822983e-01  -3.7990946e-01   3.1130689e-01  -2.5092767e-01   7.5374882e-02   1.5123472e-01  -3.6508184e-01   1.4527747e-01   2.3507097e-01   2.5790287e-02  -9.5780396e-02   2.6023314e-01  -5.4217972e-01  -4.9756991e-01   2.6863674e-01   1.0807859e-01  -3.2667762e-01   1.3117925e-01  -3.0722464e-01   1.5029450e-01  -1.2514833e-01   1.3873194e-02   3.8178745e-01  -2.8047274e-01   3.4805760e-01  -3.1119003e-02   2.8599933e-01  -3.0096989e-01   2.5845997e-01   1.0015553e-01  -4.3876380e-02  -1.9896479e-02  -2.1809143e-01   5.0471608e-01   4.0704968e-02   3.9225130e-01   6.2409228e-01  -3.0326551e-01   4.3451565e-01   2.6651791e-01   1.6419183e-01   1.1141164e-01   5.3227841e-01   2.1911035e-01   3.2174909e-01  -4.1686526e-01  -4.2886082e-02   1.2524907e-01   3.8979845e-01  -1.7832486e-01   3.3491935e-01  -9.1157322e-03   6.7054746e-01   2.9983321e-01   2.8420317e-01   6.3851853e-02  -4.7773329e-01   5.7423940e-02  -1.3098895e-01   2.5879822e-01  -2.5706428e-01  -2.7421551e-01   9.2848854e-03   2.9099766e-01   3.6567401e-02  -3.4271589e-01  -3.2124012e-01   1.4839532e-01
  -2.8175003e-01   6.4998146e-01   8.1666818e-01  -3.1616023e-01   4.8325215e-01   1.3970309e-01  -3.2142253e-01  -3.9059985e-01  -9.9482741e-02   1.6536586e-01  -2.8478315e-01   0.0000000e+00  -6.8753463e-02  -9.0068033e-02  -3.6985789e-01   1.0311786e-01   6.4001679e-01  -7.8654396e-02   1.6577658e-01   5.9950012e-01  -3.8836740e-01  -5.1974360e-02  -3.2891491e-01  -2.8779544e-01  -2.2654438e-02  -2.1032422e-02   2.9405274e-01  -1.6362396e-01  -1.6066225e-02   1.4831501e-01  -4.3207689e-01  -2.6068505e-01  -1.6678040e-01   1.3799965e-01   3.0605309e-01   2.9682962e-01  -4.6975399e-01  -2.0387252e-01  -1.0026229e-01   2.0173681e-01  -1.9545558e-01  -2.4582418e-01   4.6187426e-01   4.4875258e-01   7.1832361e-02   7.3911245e-03  -6.5710577e-02  -2.8447303e-01  -2.7031241e-01   3.5644229e-01  -3.1860328e-01  -2.6286679e-01   2.2050032e-01   3.0387663e-01  -5.1227566e-02   2.8657168e-01   6.2587545e-02  -2.3198078e-01  -2.6253262e-01   5.7959643e-01   1.4511473e-01   2.6104572e-01   1.6470426e-02  -2.2810084e-01  -1.1927310e-01   3.4974270e-01   3.5614297e-01  -1.9709063e-01   5.3495554e-02   2.3871340e-01   2.4976516e-01  -7.8421601e-02  -6.6489085e-02   3.1751995e-01   2.8985714e-01  -3.1788566e-01  -2.4981233e-01   4.0046885e-01   5.8294724e-01  -1.1959895e-01  -2.9950326e-01  -1.3959248e-02   1.6271493e-01   4.3455131e-02   3.1155608e-01  -1.9777559e-01   3.1717519e-01  -3.0639783e-01   3.3183095e-01  -3.3486945e-01   9.3304681e-02   1.5190718e-01   5.9548099e-01   8.3070675e-02  -2.2072267e-01   4.1948828e-01  -2.6591732e-02   4.3246278e-02   3.3653027e-01   1.0280380e-01  -3.0412243e-01  -2.1389335e-01   5.6527380e-03   2.2205940e-01  -4.3055222e-01  -2.6154900e-02   3.1220469e-01   2.0854324e-01  -2.7869392e-01  -1.5332121e-01   6.9939077e-01  -1.0189556e-01   8.1708742e-02  -3.3441492e-01  -2.6249772e-01   3.3852701e-01   4.0727594e-01  -1.0259212e-01   4.6226027e-01  -1.6628123e-02  -3.4738069e-01   4.4632935e-01   4.7340961e-01  -5.1052687e-02  -3.3874772e-01  -5.3519916e-02   4.4143175e-01  -1.0131665e-02  -1.6106444e-01   4.2650875e-01  -2.2427387e-01   1.1717396e-02   6.4532598e-01  -3.6329712e-01   7.9757067e-02  -3.7511258e-01   8.5123579e-02   1.1230865e-01  -3.8334512e-01  -2.4962926e-01  -1.0610846e-01   2.2175468e-01  -1.3586268e-01   4.7273941e-01   3.5955987e-01  -3.5860846e-01   2.6202123e-01  -6.9658627e-02   3.6506796e-02  -2.7408899e-01  -3.0903526e-01  -4.3861275e-01  -2.1494627e-01   7.9785231e-02   6.2515771e-01  -2.5862969e-01  -2.2393383e-01  -5.7206916e-02   5.4567798e-02  -3.9946789e-01   1.5730813e-01  -1.5579189e-01  -9.9896234e-03  -2.8801944e-01  -1.0464718e-01   5.5875022e-01   2.1382211e-01   1.7197811e-01  -2.3001367e-01   2.3110612e-01   6.0819250e-01  -3.1367061e-01  -4.0126722e-02   5.1635921e-01   1.5258978e-01   1.6284919e-02  -3.8502725e-02
  -8.4709628e-02   1.4107565e-02  -4.5491897e-02  -1.5349342e-01   2.8783170e-01   7.0002414e-02   4.3123245e-02  -1.6336204e-01   1.0227449e-01   1.5463462e-01   3.0890738e-02  -6.8753463e-02   0.0000000e+00  -2.2293461e-02   3.7035681e-02   1.4034632e-01   4.4864892e-02   1.3710114e-01   2.5701703e-01   2.5343259e-01   5.4322600e-02   3.4251715e-01   1.1556035e-01  -2.1873528e-01   5.2624239e-02   1.3867406e-01   1.2492011e-01  -1.1253395e-01   6.0504714e-03  -2.2284247e-01   9.2536779e-02  -4.3421508e-02  -2.7185228e-01  -1.3015814e-01  -1.9410317e-02   2.1650288e-01   7.3996805e-02  -9.2463509e-02   3.7445874e-01   2.7466609e-01   6.5375755e-01  -1.5744605e-01   1.1107735e-01  -2.0616389e-01   1.2525271e-01  -1.9892745e-01   5.9892698e-02  -1.2252510e-01   2.6899268e-01   1.0280630e-01   2.0856193e-02   3.1834574e-02  -9.0903929e-02   1.4016895e-01  -1.4305775e-01  -4.5394534e-02   2.4951850e-01   3.5431968e-01  -1.0179449e-01  -8.7451796e-02   9.0312340e-02   1.1543331e-01   2.6802579e-02  -3.4494777e-02  -2.1770831e-03  -3.1004406e-02   1.2550980e-01  -2.6316812e-01  -1.3188910e-01  -1.1833622e-01   1.3069583e-01   1.9380063e-01   4.7497457e-01  -2.2119534e-01   1.2124272e-01   9.2303857e-02  -1.5199147e-01  -1.5588617e-01   9.0948852e-02   2.5587613e-01  -2.1172020e-02   3.4331023e-01   3.8506830e-02   4.2692779e-02  -3.9918116e-02   1.5259249e-02  -1.7258884e-01  -2.0694407e-01   1.1663793e-01  -2.0789111e-01   2.7282087e-01   9.2575340e-02   5.8560989e-02   2.6414600e-01  -8.9582653e-02   3.5335293e-01   1.4362056e-02   1.8665744e-01   6.7050121e-02  -1.0322814e-01   6.9832926e-02  -1.8341216e-01  -8.1881260e-02   1.1985874e-01   9.9200362e-02   2.5975591e-01  -2.5679305e-03  -5.2459747e-02   1.2962565e-01  -6.6167382e-02  -3.4243927e-02  -1.5359349e-01   1.9898898e-01  -1.4382716e-01  -3.7837311e-02   5.9106529e-03   1.3327397e-03   6.3787065e-01  -1.3581833e-01   2.6090127e-01  -1.7069709e-01   2.4490313e-01   3.9164048e-02  -5.2891101e-02  -1.3194501e-01  -5.5688986e-02   1.5858217e-01   1.8155444e-01   3.8658789e-01  -1.3419852e-02  -1.4426311e-01  -2.2629050e-01  -3.1484247e-02   1.7687083e-01   3.0177984e-01   9.9086162e-02   9.9279093e-02  -6.1689133e-02  -1.5968674e-03  -3.9180376e-02   4.8722409e-02   5.2795525e-01  -7.6723064e-02  -1.2862976e-01   3.7648908e-02   3.2481810e-02   4.5700321e-02  -7.4698877e-02  -1.1200936e-01   1.2227704e-02  -4.4563469e-02  -4.4837312e-03  -2.6130438e-01  -9.3890191e-02   9.8456427e-02   4.4277771e-02  -2.9067634e-02   1.4782625e-01   5.9426613e-02  -4.6376388e-03   1.8843415e-01  -1.7409074e-01   1.5041521e-01  -5.8156673e-03   2.7758661e-01  -8.6043668e-02  -2.1399283e-01   7.9091376e-02  -2.2281734e-03   1.8861117e-01   1.2676162e-01  -1.3597810e-01   5.6298928e-02  -9.2044403e-02   4.3449633e-02   3.0264142e-01   3.9641821e-01
   6.7346118e-01  -2.1747704e-01  -1.5018307e-01  -1.8136008e-01  -5.6741015e-02   1.8723190e-01  -1.8376767e-01   2.8318750e-01   4.6794196e-02  -1.2621231e-01  -3.8598258e-02  -9.0068033e-02  -2.2293461e-02   0.0000000e+00   8.7185645e-02  -2.7804574e-01  -3.0437211e-01   2.0107053e-01   2.3065863e-01   9.6105654e-03  -1.3426462e-01   1.3922964e-01   1.2653144e-02   5.3973582e-01   1.5448175e-01   1.8687165e-01   5.8209574e-03   4.1666660e-01  -1.3966256e-01   1.4041204e-01  -1.9776998e-01  -6.2690433e-02  -3.6701979e-01  -2.5040182e-01   3.1012851e-01  -1.8551804e-01  -1.5090835e-01  -3.7716388e-01  -2.5394395e-01  -2.6548962e-01  -1.1484143e-01  -2.8473927e-01  -1.7090981e-02   5.1615989e-03   2.6817313e-01  -1.7859996e-01   1.0033505e-02  -3.1048202e-01  -1.8898015e-02  -3.7071513e-01   1.3751757e-01   2.2591007e-01  -4.0114327e-01   1.7743984e-01   4.6381832e-01   5.8362248e-02   3.6286653e-01   1.5790376e-01  -6.3895130e-02   1.2963857e-01  -3.0306498e-01   1.3818281e-01  -1.6554652e-01  -1.2910508e-01   9.0975368e-02  -7.7506206e-02   6.8796898e-02  -1.3189364e-01   5.0495301e-02   1.2938015e-01  -3.2609226e-01   2.9632158e-01  -2.3287863e-01   4.4641486e-01   7.0585164e-02  -1.2584171e-01  -3.2503804e-01   1.1530628e-01  -1.5436423e-01   2.4436021e-01   3.7125466e-01  -4.1146662e-01  -4.1449351e-01   3.4132811e-01   2.4419930e-02  -8.1160979e-02   2.6506723e-01   6.8466228e-01   1.3301638e-02   5.6367366e-01  -2.7666634e-01  -1.1817264e-01  -1.5253977e-01   5.5893926e-02  -4.6277569e-01  -1.4840606e-01   6.2579182e-02   3.2121521e-01   2.1914196e-01   1.3152850e-01  -7.3424641e-02   2.1068148e-01   2.3087249e-01  -1.9980162e-02   1.9580680e-01   1.0942472e-01  -3.4776818e-02   3.0396700e-02  -3.0139542e-03  -9.0860163e-02  -2.9754698e-01   2.1685616e-01   1.8308336e-01   2.3304373e-01   1.7669824e-01  -1.9603822e-01   1.2692126e-01  -3.3852062e-01   1.5968574e-01   3.2845123e-01  -1.9746484e-01  -2.1362187e-01  -2.0067264e-01   2.0000657e-02  -1.1588308e-01   6.3196656e-01   1.7205763e-01   4.9759194e-02   1.0553632e-01  -6.6982102e-02  -3.4661828e-01  -3.0925974e-01  -2.8409167e-02  -3.0644054e-01  -3.8042567e-02   9.4674823e-02   4.4399540e-02   2.4794093e-01   3.3979489e-01   2.0193627e-01   3.7909799e-01   1.3495809e-01   2.9589387e-01   9.4784403e-02  -5.7996315e-02  -1.3600188e-01  -3.1164727e-01  -1.9590188e-01  -5.8980707e-02  -2.2097080e-02   3.3139839e-01   2.0026839e-01   1.6619351e-01  -1.3398618e-01  -2.8112064e-01   5.3405836e-01  -1.3559471e-01   8.7945577e-02  -4.0519285e-01   3.4254259e-01  -3.1169785e-02   8.4851518e-02  -3.3730095e-01   1.3243027e-01   1.4880788e-01  -1.2152203e-01  -3.2099491e-01   3.6949440e-01   1.0015022e-01  -3.4842720e-01  -1.4984404e-01  -3.3707159e-01   2.1091566e-01   1.2251537e-01   3.3934327e-01   9.3594521e-02   2.3318521e-01
