   0.0000000e+00   6.5551589e-02   4.7107012e-02   2.3489605e-01  -4.4463365e-01   5.0847878e-02  -1.9317055e-01   2.2717607e-01  -2.9627148e-01  -2.1505264e-01   2.2182314e-01  -3.4022492e-01  -9.6959315e-02   5.6545361e-01   4.7512466e-01  -2.1716213e-01   2.6832137e-03   8.5635648e-02   1.2100819e-01  -4.1225443e-01   1.8295892e-02   3.8069929e-01  -1.2843246e-01   6.9711037e-01  -4.9965323e-02   2.7545534e-01  -1.6855036e-01  -3.8952934e-02  -2.5956258e-02   1.9504113e-01   1.0128488e-01   2.1870750e-01  -1.4036478e-01  -5.1308270e-01  -3.2740372e-01  -2.2792866e-01  -2.5181438e-01   4.9011780e-01  -3.2438707e-01  -3.2795041e-01  -2.6626371e-01  -5.4857086e-02  -4.0100961e-01  -1.7194959e-01  -1.3103222e-01   6.1282756e-01  -2.9606545e-02  -1.4310336e-01  -1.2388623e-01  -3.8911627e-01   2.4421046e-01   3.1079610e-01  -4.6226423e-01   1.8483926e-01   2.6548312e-01  -1.0197110e-01   3.4523626e-01   3.1478581e-01   2.3718585e-01  -3.1128430e-02   4.9999931e-01  -1.8556200e-01  -1.5757913e-01  -1.0557582e-02  -1.6326342e-01  -4.1875970e-02   2.2995129e-01  -1.4712359e-01   3.2237603e-02   5.1904602e-01  -5.0161703e-01   4.0079189e-01  -3.2501559e-01   6.6362070e-01   3.8142499e-02   1.7958652e-01   4.9576578e-01   5.0746933e-02  -4.5771500e-01  -9.2078421e-02  -1.4558002e-01  -2.5427928e-01  -4.3703188e-01   1.2236262e-01   5.5155970e-01   1.7423518e-01  -3.5637824e-01   6.9758705e-01  -2.5176359e-01   9.0428156e-01  -2.6051644e-01   2.6720040e-01  -4.1944074e-01  -3.3001638e-01   6.6652014e-01  -1.8962709e-01   4.8954109e-02   1.8016150e-01  -1.8935124e-01  -2.3911410e-01  -2.5063023e-01   3.2630587e-01   2.2757109e-01   1.5229391e-01   3.4800985e-01   1.4168880e-01   1.1906423e-01   2.2825094e-01  -3.2069268e-01  -3.6166484e-01  -4.1580713e-01   4.1336770e-01   2.0557145e-01   9.4881647e-01  -2.9454877e-01  -3.0093713e-01   2.2447690e-02  -3.1122298e-01  -4.1312089e-01   3.2243825e-01   5.7886415e-01  -5.1557488e-01  -4.6027591e-01  -1.2882411e-01   6.8756185e-01   7.3194805e-01  -6.4830217e-02  -1.8327254e-01   2.2272780e-01   2.1362323e-01  -2.7252890e-01  -5.0481442e-01   7.4585158e-01  -4.6575103e-01   1.5092880e-02   2.5652534e-01  -1.8343469e-01  -4.7451473e-01   1.2010501e-01   7.7046797e-01   7.6181391e-01   1.2455323e-01   2.0183065e-01  -1.7935902e-01  -1.2200737e-02   2.1112550e-02  -5.0289330e-01  -9.8304761e-02   9.5154963e-04  -2.7312653e-01   8.3443933e-01   3.3456812e-02   7.3571590e-01  -1.6281658e-01  -4.2677559e-01   3.5766297e-01   6.2610904e-01   2.9142586e-01   5.2733317e-01   2.6600583e-01   8.1635458e-02   1.3303106e-01  -1.8479165e-01   2.2893558e-01   2.5402102e-01  -4.9571223e-01  -2.3811474e-01   2.1848013e-01   7.3207132e-01  -4.3022756e-01  -4.0700529e-01   1.0666827e-01   1.6928744e-01  -1.8857961e-01   7.3140186e-02   1.7785458e-02   1.8500696e-01
   6.5551589e-02   0.0000000e+00  -2.3121190e-01   3.6678174e-01   9.9516684e-02   2.6607012e-01   1.9634372e-01  -4.8090340e-02   8.6152501e-02  -5.7907969e-01   1.5791796e-01   4.0112775e-01   1.4827095e-01   1.4940704e-01   3.4954436e-01  -2.6265021e-01  -5.7780608e-02   2.9031734e-01   2.6769369e-01   3.3356334e-02   6.2438288e-01   2.4668556e-01   2.0521213e-02   1.0038424e-02   2.1997549e-01   6.5332940e-02  -1.4904813e-01  -3.5382726e-01   8.3163832e-02   6.4406067e-01   5.0590904e-01   2.0812586e-01  -1.3525654e-01  -3.6311203e-01  -2.5605920e-01  -1.7613347e-01  -4.2713834e-01   2.4659842e-01  -6.3449097e-02  -1.4907742e-01   1.6887922e-01  -2.9140281e-01  -3.1336528e-01  -2.3883395e-01  -3.7399624e-02   1.9378604e-01   1.6589473e-01   7.4914314e-01   5.0126416e-02  -2.9132863e-01   1.5984802e-01  -2.1281463e-02  -1.2970186e-01  -6.3725498e-02   2.1235245e-01  -5.8206246e-01   3.0302939e-01   1.8787896e-01   3.0115807e-01   6.9489054e-01   7.1858725e-02   1.9679363e-01   3.9826373e-01   3.4681339e-01   4.4635840e-01  -4.0980253e-01   4.5750189e-01   1.0763821e-01   2.7849374e-01   1.4071667e-01  -1.6843018e-01   3.9930497e-01  -5.6921782e-02   3.0916841e-01   1.9298360e-01   1.7433347e-01   2.7461066e-02   1.1244325e-01   1.2348366e-01   4.5578123e-01  -5.9174323e-01  -1.8159114e-01  -2.2040215e-01  -5.2873022e-02   4.8019868e-01   1.7847419e-01   3.3123262e-01  -7.6310959e-03   2.3231238e-02   1.8911659e-01   1.2498260e-01  -2.1083345e-02  -5.3235150e-01   3.9025140e-01   1.0495128e-01  -4.6040915e-01   4.4953216e-01   3.1225992e-02   3.8080400e-01   2.7207917e-01  -3.2042200e-01   1.2974323e-01   4.8757646e-01   7.9960882e-01   3.6250718e-01   6.4697511e-02   2.1788336e-01   2.7187274e-01  -5.8182770e-01  -2.9354663e-02  -5.6644571e-01   3.8907170e-01   5.0050268e-01   6.7056181e-02  -4.8843801e-01   2.0606634e-01   1.7486803e-01  -1.2576791e-01  -1.9158959e-01   4.2848593e-01  -6.3250040e-02   1.4876527e-01   1.1162708e-01   4.5396898e-01   5.5856958e-02   1.2797217e-01   3.7667947e-01   4.0147158e-02   1.3303304e-01   4.6606734e-02  -5.8772385e-02  -1.1455202e-01  -4.5265961e-02  -1.6931585e-01   1.7942545e-01   3.5551997e-02   1.1011651e-01  -3.1906113e-01   1.2450933e-01   1.7206295e-01   4.7381650e-02  -7.1765743e-02   3.4738286e-01  -3.9258892e-01   1.4000465e-01   4.9495081e-01  -4.9137623e-01   2.8613208e-01  -2.0667765e-01   3.3058121e-01  -1.5137386e-02   6.8515622e-02   4.9836910e-02   7.3950772e-02  -2.7231530e-01   1.6379809e-01  -1.8642925e-02   1.5546077e-01   7.8779083e-02   1.2479686e-01   1.8667798e-01   2.3985277e-01  -4.4147693e-01   4.5322242e-01   2.7644737e-01  -2.5934898e-01  -5.2201772e-03   4.0548756e-01   1.5424606e-01  -3.3024146e-01   1.9196413e-01  -2.3408080e-01   3.4463184e-01   2.6786595e-01   3.9720573e-01  -2.6559118e-01   7.5772044e-02
   4.7107012e-02  -2.3121190e-01   0.0000000e+00  -9.3749867e-02  -1.3905116e-01   5.2418808e-01   6.5617741e-02  -3.3160580e-01  -4.2535676e-01   2.1003743e-01   1.5961899e-01  -6.2853213e-03  -2.6621758e-01  -1.1689196e-01   1.6961423e-01   4.1481772e-01   8.7109804e-01  -2.9092506e-02  -7.4988840e-03  -2.3581594e-02  -2.6497433e-01  -2.4948718e-02  -3.7767418e-03   1.6484505e-02  -9.2178896e-02  -3.2796326e-01   4.5568434e-01   2.6714393e-01  -1.0511840e-01  -1.9927723e-01  -2.2215568e-01  -1.4361407e-01   1.4610447e-01  -8.1551542e-02  -1.1506654e-01   7.0638656e-02  -1.6087663e-01   5.3016889e-02   2.3904788e-01   4.2682246e-01  -3.5165096e-01   3.7827448e-01   3.2820515e-01  -1.3588377e-01  -2.1147830e-01   2.8418399e-01   1.5376567e-01  -5.2000118e-01  -2.6535937e-01   5.2645105e-01   1.1055136e-01  -3.2730602e-01  -3.2804363e-01   3.1913753e-01   2.9655267e-02   2.7066098e-02   5.0404553e-02   9.0611482e-02  -9.2614960e-02  -3.1234249e-03   3.5210421e-01  -2.9322779e-01  -2.0310730e-01  -3.1453331e-01  -3.8481274e-01   1.5331335e-01   3.4925833e-01  -1.3136031e-01   7.7696656e-02   5.1554581e-01  -1.3845486e-02  -8.6837566e-02  -1.2107690e-01  -4.0693187e-02  -1.8779010e-01  -3.7278193e-01   2.3282715e-01  -2.0949525e-01  -3.3787684e-01  -2.5987286e-01   6.2020592e-02   1.2425159e-02   2.1632214e-01  -2.3243474e-01   7.4682902e-02  -2.9961177e-01  -2.8274766e-01   1.5714451e-01  -2.3254797e-01  -1.4936328e-04  -4.0625884e-01   6.4501153e-01   2.9405734e-01  -1.1430931e-01   1.5273673e-01   4.3125288e-01  -2.5306036e-01  -1.7057318e-01  -3.7994535e-01  -4.8839861e-01   2.9419482e-01   1.6706308e-01  -1.8735176e-01  -2.0920685e-01  -1.2107920e-03  -1.3731999e-01   2.5742812e-01  -1.8121474e-01  -8.1094821e-03   2.7745868e-01   2.1835584e-01   7.2064192e-02  -1.2298189e-01   5.0651738e-02   3.1518359e-01  -6.1301542e-01  -2.6266879e-01  -9.3408484e-02   2.0769876e-01  -1.4177094e-01   3.6407346e-02  -3.8101751e-02   9.9116031e-02  -4.1668814e-01   7.6455757e-02  -6.8031299e-02  -6.7016575e-02  -2.8535741e-02   9.6736386e-02   6.7091768e-01  -3.6080576e-02  -3.9788970e-01   6.4424050e-02  -2.1612372e-01   3.1187317e-01  -3.7660970e-01  -1.0109936e-01  -4.5023358e-02  -4.0274148e-01  -8.2286430e-02   9.9151406e-02   8.0586093e-02   6.1739151e-02   5.1832304e-01  -2.0286344e-01  -3.0751029e-01   2.8157013e-01  -3.0783966e-01   4.2112635e-01  -6.6590619e-01  -6.4911700e-02  -4.6166206e-01   1.5495217e-01  -3.5473536e-01   4.1521904e-01   1.4000617e-02   5.1367994e-02  -1.0148140e-02   4.6310272e-01  -7.4385826e-02  -2.8414909e-01   5.8745869e-03   2.5533013e-01   5.9467351e-02   3.9577987e-02   1.5895523e-02  -1.2632811e-02  -1.7952421e-01   5.9277866e-02   2.0072820e-01  -2.5820200e-01   1.3633076e-01  -8.7686695e-02   3.8398094e-01  -2.5248262e-01   1.0373805e-01   9.0016673e-02
   2.3489605e-01   3.6678174e-01  -9.3749867e-02   0.0000000e+00  -2.6904652e-01   2.7895329e-01  -1.4459660e-02  -1.2154613e-01  -2.2511595e-01  -2.8834308e-01   2.5140274e-01  -1.4882364e-01   3.2387674e-01   1.0262773e-01   2.9852396e-01  -9.1302272e-02  -9.5724419e-02   3.8153808e-01   4.4799075e-02  -1.0021103e-01   3.6484163e-01   4.2837575e-01   1.1474394e-01   1.9128837e-01   6.4688112e-02  -4.5879754e-02   1.4741659e-01  -3.2494331e-01   6.8250129e-02   6.3791158e-01   8.4668363e-02   3.6441864e-01  -2.2700932e-02  -5.5089654e-01  -2.8314493e-01   3.6676172e-02  -2.4567558e-01   3.5113652e-01   7.1334726e-02  -1.9854406e-01   1.3485835e-01   2.1001222e-02  -4.6091689e-01  -2.9672817e-01   1.9961990e-01   3.3308741e-01   4.1485830e-01   2.6939212e-01   2.2819589e-01  -3.2918676e-01   4.6067778e-01   1.9140405e-02  -3.0180381e-01   3.7359214e-02  -4.9409800e-02  -3.5284965e-01   2.8708196e-01   5.3670823e-01   3.6346762e-01   3.0717752e-01   4.0115269e-01   2.0769985e-01  -5.7678238e-02   2.0604450e-03   2.2296417e-01  -1.3810265e-01   3.3678850e-01   5.3269888e-02   4.4811103e-01   2.6876974e-01  -4.1760522e-01   7.1113632e-01  -1.0201665e-01   3.8729825e-01   1.9478722e-01   6.5482935e-02   3.2042626e-01  -1.1629086e-01  -3.6874103e-01   4.0364905e-01  -3.1903706e-01  -2.2370524e-03  -3.4499197e-01  -8.5807521e-02   2.3071566e-01   8.2556417e-02  -2.5767687e-02   1.7290490e-01  -2.3161410e-01   3.3503767e-01  -1.7116806e-01   2.5420428e-01  -4.6022469e-01  -7.2146012e-02   3.8741697e-01  -1.5619898e-01   5.4176737e-01  -1.8199560e-01   2.7339880e-01   3.0306638e-02  -3.9206391e-01   1.5310214e-01   5.2865600e-01   5.8120260e-01   5.9060291e-01   3.5893507e-01   5.7547295e-02   1.7448736e-01  -2.3256664e-01  -1.4374862e-01  -4.5412863e-01   6.4575945e-01   7.3886308e-01   2.2550947e-01  -4.5779122e-01  -3.1957494e-01  -3.3485258e-02  -1.5724807e-01  -3.3315390e-01   8.6891647e-01   1.3835371e-01  -2.9358210e-01  -1.8145311e-01  -1.0010138e-01   2.5677038e-01   3.7505851e-01   1.1137118e-01   4.9439809e-02   6.1398889e-01   1.4858315e-02  -1.2088872e-01  -3.4165409e-01   2.8805249e-01  -3.4624575e-01   2.6993912e-01   8.9844827e-02   1.2660062e-01  -4.0268295e-01   9.3567550e-02   2.6963012e-01   1.5912785e-01   2.7119477e-01   1.5619500e-01  -3.2062545e-01  -7.7984648e-02   1.9921634e-01  -4.9897989e-01  -8.1436633e-02   1.6903736e-01  -8.4005245e-02   2.6262833e-02   8.5067476e-02   1.6933675e-01  -8.9398885e-02  -4.6571422e-01   2.7017860e-01   2.0734897e-01   4.9313861e-01   3.8847011e-01   3.4858454e-01   1.2814728e-01   9.6685263e-02  -1.6595072e-01   6.6154709e-01   5.2148160e-01  -5.9908747e-01  -1.8882193e-01   5.0683032e-02   8.3092053e-02  -5.0322293e-01  -2.6303412e-01  -3.4707451e-02   4.2833616e-01  -5.2029888e-02   9.1538596e-02   1.1876483e-01   4.6762262e-01
  -4.4463365e-01   9.9516684e-02  -1.3905116e-01  -2.6904652e-01   0.0000000e+00  -6.9905359e-02   1.7083483e-01  -1.2694910e-01   3.6411846e-01   5.8595453e-02  -1.4426571e-01   5.5534409e-01   6.7621554e-02  -4.4619999e-01  -2.6286967e-01   2.1328024e-01   6.2787865e-02  -5.1008507e-02  -7.8519393e-02   7.7027693e-01   2.7132885e-02  -3.0729261e-01  -3.0255540e-01  -2.5856593e-01   1.6858928e-01  -8.0146983e-02   2.7292979e-01  -2.7077105e-01  -4.4650635e-03  -7.6234298e-02   3.6095249e-02  -3.0265275e-01   2.7872530e-01   3.4536179e-01  -9.8112956e-02   5.3762519e-01   2.2123223e-01  -2.5737546e-01   4.0329635e-01   2.2473196e-01   3.5968233e-01   7.4350179e-03   3.7524901e-01   1.9347316e-01   9.9043727e-02  -5.0688938e-01   1.9903470e-01   2.6364755e-01   1.5753295e-03   3.5755364e-01  -3.1682552e-01  -2.5291772e-01   3.9879749e-01  -1.3449407e-01  -2.0514914e-01  -8.5434504e-02  -3.1531433e-01  -3.7550778e-01   1.0035369e-01  -9.0096551e-02  -4.0645997e-01   2.8308882e-01   5.5758709e-01   1.7969477e-01   2.7496233e-01   5.3810383e-02   2.0155607e-02   2.5665325e-01   9.4185628e-02  -5.0206789e-01   5.1440871e-01  -2.9606931e-01   3.0860149e-01  -4.8582361e-01  -8.1474216e-02  -9.9688952e-02  -4.4489323e-01   8.1666743e-03   7.3038683e-01   2.0668477e-01  -1.0340360e-01   2.2188643e-01   1.0218756e-01  -5.5238040e-02  -3.5778155e-01  -1.5942199e-01   2.8518053e-02  -4.9712088e-01   3.1812711e-01  -4.6586117e-01   6.1227030e-01  -1.7607244e-01   2.7700835e-01   4.0731055e-01  -4.9120721e-01   2.7002791e-01  -7.3143722e-02  -6.2818717e-02   4.7079952e-01   5.8978188e-02   1.2284331e-01  -3.3128227e-01  -2.1924251e-01  -4.2367037e-02  -4.0842999e-01  -1.6828485e-01   8.4154345e-02  -1.4949261e-01   3.8998119e-02   4.3098313e-01   1.7327689e-01  -3.7076728e-01  -1.3857954e-01  -5.4686646e-01   5.9357672e-02   4.4278572e-01   3.7063484e-02   3.5891068e-01   6.3081490e-02  -3.4472821e-01  -1.8930899e-01   8.4756942e-01   4.0726006e-01   3.7491124e-01  -4.1465809e-01  -4.5653694e-01   1.9820382e-01   2.4037333e-01  -3.1966977e-01  -2.4210494e-01   5.4386702e-01   4.1960357e-01  -4.6304939e-01   2.8765510e-01   1.3702929e-01  -1.3473258e-01   1.7496282e-01   3.2301429e-01  -6.5829597e-02  -4.2236563e-01  -3.6758420e-01  -1.9444665e-01  -2.3672212e-01  -1.0313870e-01  -1.8300533e-01  -4.4631300e-02   3.3865776e-01   5.4624260e-01  -6.4684373e-02   2.3121031e-01  -4.1055451e-01  -1.2854194e-01  -3.8752569e-01   3.0017076e-01   4.0604924e-01  -3.1958440e-01  -2.8374240e-01  -8.6851101e-02  -2.8004045e-01  -4.8914087e-01   2.4117433e-01  -2.0666522e-01   1.6963733e-01  -2.6296940e-01  -3.0112644e-01   5.3472454e-01   3.0661836e-01  -2.5738993e-01  -2.6559929e-01   4.5621170e-01   6.5973388e-01  -1.8427030e-01   6.7100548e-02   2.6444392e-01   7.9182277e-02   7.3747955e-02  -9.8361092e-02
   5.0847878e-02   2.6607012e-01   5.2418808e-01   2.7895329e-01  -6.9905359e-02   0.0000000e+00   4.0401126e-01  -1.8575951e-01  -6.0535809e-01   2.4570844e-02   2.3253929e-01   5.8209719e-02  -8.1650228e-03  -5.0567534e-02   3.2920766e-01   1.8063259e-01   4.5501955e-01   1.5215229e-01   3.8261956e-01   1.0956597e-01   1.9093752e-01   2.3172947e-01   1.4459799e-01  -1.0705558e-02   7.3883829e-03  -2.0292863e-01   3.5232451e-01   3.2008694e-02  -4.5385143e-02   2.5066890e-01  -1.5357523e-01   1.1019228e-01  -1.3532191e-01  -3.6971022e-01  -3.2340198e-01   1.0339335e-01  -3.4969241e-01   2.3865648e-01   4.6731077e-02   1.1350234e-01  -1.8970314e-01   6.3122188e-02   2.1971204e-03  -2.2744278e-01   1.6642815e-02   3.5462198e-01   3.1201551e-01   3.0367440e-02  -1.0801492e-01   3.9184465e-02   2.8451666e-01  -1.4926953e-01  -5.8120517e-01   1.3818661e-01  -1.2995606e-01  -9.0832330e-02   4.7443666e-01   3.4011065e-01   2.4925330e-02   3.3030279e-01   3.0636586e-01  -4.4563697e-02  -1.8512729e-01  -4.1193993e-01  -2.3077097e-01   1.0866882e-01   6.8693175e-01  -7.1151299e-02   2.6029871e-01   5.9152837e-01  -3.7118158e-01   2.1954462e-01  -2.2783757e-01   3.9160596e-01  -1.2351463e-01  -1.1725791e-01   1.9668257e-01   1.5369054e-03  -2.9389441e-01  -1.0563269e-01  -1.6932888e-01  -1.1661370e-01  -1.0519487e-02  -7.8182675e-02   3.6530765e-01  -9.5716820e-02  -2.3524583e-01   5.0304363e-02  -5.0775522e-01   1.3760173e-01  -4.6149990e-01   4.7929699e-01  -5.9673239e-03  -1.1851843e-01   2.2908342e-01   1.9296382e-01   1.1693558e-01  -1.1634456e-01   2.5709259e-02  -1.2303248e-01  -1.6991639e-01   1.6708532e-01   3.5543268e-01   2.5554312e-01   3.0787266e-01  -7.4160987e-03   1.8697346e-01   9.4258285e-02  -2.6527691e-01   3.9409484e-01  -7.4568315e-02   4.6978104e-01   2.5822215e-01   5.4058985e-02  -1.2313225e-01  -5.8866316e-01   5.5142357e-03  -1.6416979e-01  -2.0818970e-02   3.1110679e-01  -1.4947562e-02   8.1315950e-02  -6.5052577e-03  -2.4551751e-01   1.7933767e-01   1.3384698e-01   1.5100211e-01  -1.8406402e-01   3.2795440e-01   5.2203827e-01  -1.7198818e-01  -3.5295576e-01   1.7109935e-01  -5.4916253e-01   2.6083608e-01  -1.8512588e-01  -1.1964125e-01  -4.0291878e-01  -1.2057978e-01   2.4455543e-02   1.3183056e-01   1.8817950e-01   2.9056829e-01   3.8617262e-01  -1.1011035e-01  -2.2774416e-02  -1.0593059e-01  -1.4804851e-01   6.1698633e-01  -4.7653677e-01  -1.1399399e-01  -1.5997438e-01   1.5394200e-01  -3.8510704e-01  -2.1718769e-02   4.7593111e-02   9.4138786e-02   2.2158313e-02   3.8566795e-01   2.8762666e-01  -1.7092442e-01   6.9994030e-02   6.1699423e-02   2.7752550e-01   3.3283177e-01  -3.2874366e-01   8.1353668e-02   9.4295654e-03   2.9130409e-02  -1.6809452e-01  -1.8764159e-01  -7.6534259e-02   1.0776746e-01   6.4211987e-01  -8.1495281e-02  -1.2286157e-01   1.8638628e-01
  -1.9317055e-01   1.9634372e-01   6.5617741e-02  -1.4459660e-02   1.7083483e-01   4.0401126e-01   0.0000000e+00  -1.5696913e-01  -8.0092575e-02   3.9143182e-01   1.8420868e-03   3.8534680e-01   9.4787956e-02  -2.4764004e-01   1.2849008e-01   1.7521269e-01  -5.2739946e-02   1.0192428e-01  -4.7506779e-03   3.6462228e-01  -5.8365850e-02  -7.2190862e-02   2.3269710e-01  -2.2336985e-01  -4.4887090e-02  -3.2572917e-01   2.1977977e-01   3.4401245e-01  -1.8338502e-03  -1.7292608e-02  -3.0385982e-01  -2.5595198e-01  -2.5819974e-01   3.4876724e-01  -3.2175138e-02   3.1348624e-01   2.7550370e-01  -9.3835550e-02  -7.1648514e-02   2.5510844e-01   4.0456344e-02  -1.1276309e-01   2.5884196e-01  -2.5081838e-01   4.1334124e-01  -2.7425861e-02   4.3888469e-02   3.3563858e-01  -3.2236702e-01  -1.2150365e-01   1.0696389e-01  -2.4889549e-01  -6.3657204e-02  -1.1777699e-01  -2.6975774e-01  -5.4306577e-02   1.9558032e-02  -1.1187321e-01  -1.7303891e-01   3.1696361e-01  -1.2462780e-01   1.9627038e-01  -2.8978888e-03  -2.1006752e-01  -5.6247637e-02   4.7412489e-01   1.8112575e-01   2.7685325e-02  -2.2625118e-01   2.3164715e-01  -1.8154820e-02  -2.6947414e-02   1.5218803e-01  -5.8258926e-02  -1.6146008e-01  -2.0039711e-01  -1.4564595e-01  -2.6110198e-01   7.2801180e-02  -2.3377158e-01   3.2625300e-01   1.6427281e-01   3.9246914e-02  -3.2244368e-01  -5.4264950e-02  -2.5338188e-01  -1.3546440e-01  -2.0276886e-01  -2.2647380e-01  -1.6247239e-01  -2.6135258e-01  -1.0875958e-01   2.5425306e-01   2.0808482e-01  -1.8914743e-01   4.6953224e-02  -9.2860697e-02  -2.7399532e-01   2.5543152e-01   5.2515332e-01  -6.5908447e-02   1.7457993e-01  -2.1471249e-01   1.7524655e-01  -8.3218117e-02  -2.0666701e-01  -1.6868488e-01  -2.5500111e-01   5.4586914e-02   1.5951739e-01   2.5276719e-01  -8.8684130e-02  -4.6376566e-02  -1.4319593e-01   1.2928557e-01  -3.6826731e-02  -2.1964377e-01   1.4981977e-01   4.9079867e-02  -7.1988686e-02  -4.1309130e-02   2.8622145e-01   1.4025408e-02   5.6178793e-02  -1.3560174e-01  -1.3112894e-01   2.8324156e-01  -3.5094245e-01  -1.6589556e-02   1.8544822e-01   7.0365803e-02   2.9801387e-01  -7.0619885e-02  -1.7233908e-01  -4.5155867e-02  -2.3714788e-01  -1.7720877e-01  -5.0137697e-02  -2.5581751e-01  -2.8567657e-01   1.5674726e-02  -1.2757243e-01  -7.4787476e-02   3.2514432e-01   1.4186337e-01  -1.8952003e-01   1.7968501e-01   4.0401109e-02   4.3369915e-01   5.8230977e-02  -2.2716145e-01  -2.8424474e-01  -2.1954635e-01  -1.6129892e-01   8.3144377e-02  -7.7477767e-02  -1.7066401e-01  -6.0920287e-02  -1.4693437e-01   1.1288813e-01  -8.1588781e-02  -2.2278281e-01   5.1308456e-02  -5.9842512e-02  -1.2807690e-01   7.7007492e-02   3.9856391e-01  -1.9092370e-01  -1.2824431e-01   6.8583252e-02   3.0223102e-01  -1.5285214e-01   7.6458338e-02   1.6576907e-01   1.2030951e-01  -2.9069199e-01  -9.5431332e-02
   2.2717607e-01  -4.8090340e-02  -3.3160580e-01  -1.2154613e-01  -1.2694910e-01  -1.8575951e-01  -1.5696913e-01   0.0000000e+00   1.6468919e-01  -1.9842899e-01  -6.9101813e-02  -4.8847024e-02  -1.3460093e-01   2.8924025e-02  -9.1661698e-02  -4.6684418e-01  -3.6029117e-01  -1.9988445e-01   3.6350873e-01  -2.7088922e-01  -5.5972780e-02   1.9821555e-01  -2.0049800e-01   1.3494318e-01   1.1726485e-01   8.1964924e-01  -4.3304502e-01  -7.3119355e-02  -2.9245048e-02   1.2986795e-01  -3.6484455e-03   4.8026610e-01  -3.4356413e-01  -9.1872662e-02  -1.2390490e-02  -3.6336435e-01  -8.4614271e-02   5.0781966e-02  -4.6648827e-01  -2.8391025e-01  -5.0776602e-02  -5.0625860e-01  -1.5146273e-01   1.5107537e-01  -2.1376746e-01   9.0706316e-02  -3.5565376e-01   1.0886168e-01  -1.3011413e-02  -3.0148033e-01  -1.9524850e-01   8.8302217e-01  -7.1813567e-02  -7.1423975e-02  -1.7343802e-02   1.0791521e-01   2.0294606e-01   1.2437562e-01   3.4475907e-02  -5.1993614e-02   2.3030382e-02  -1.3349989e-01   1.3931981e-01   4.4338921e-02  -5.4859607e-02  -1.7519470e-01   7.4097207e-02  -7.2206707e-02  -3.1930340e-02   1.8193125e-02  -1.4235281e-01  -8.9251224e-02  -5.3816669e-02   1.1569670e-01   2.1587444e-01   6.1820825e-01   1.3502311e-01   4.4376746e-01   5.6163298e-02  -1.0023723e-01  -9.6712111e-02  -2.7832296e-01  -3.8539209e-01   7.2393557e-01  -2.1306305e-02   5.1563042e-01  -2.4589678e-01   6.3787329e-02   1.6794119e-01   2.0921485e-01   5.8725938e-02  -1.7720066e-01  -2.6517194e-01   5.9191646e-02   1.2263968e-01  -4.0011366e-01   7.2023669e-02   6.0986198e-01  -9.3244383e-02   8.7311807e-02  -3.1417618e-01  -8.8243140e-02   2.5063534e-01  -6.1521594e-02   1.2136917e-01   4.5564362e-01  -3.0009310e-01   6.8049360e-01  -2.6397516e-01  -3.8483368e-01  -2.3885415e-01   6.9369124e-02  -1.4075246e-01   2.6645341e-01  -2.0506580e-01   2.0353000e-01   5.9279858e-01  -8.7233309e-02  -2.6572417e-01  -1.8720257e-02   1.3290806e-01  -1.7214631e-01  -1.7427798e-01   1.8896330e-01   2.6770096e-01   2.1187010e-01  -2.5206123e-03  -9.0932638e-02   8.4532715e-02  -2.4696243e-01  -1.4120561e-01  -5.5583466e-02   1.5621198e-01  -4.2563151e-02  -2.1167086e-01   7.4302197e-01  -1.2051025e-01  -2.0729431e-01   7.5881664e-01   3.0953480e-01   7.7915960e-02  -2.0707829e-01   2.2934177e-01  -3.1775794e-01   1.2516547e-01   1.6592119e-01  -2.6978466e-01  -4.4753841e-02  -3.2899085e-01   1.2918471e-01   2.5361427e-01   3.2576474e-01   2.4465880e-01   2.9070637e-02  -2.9305282e-01  -1.3401208e-02   1.4284543e-01  -2.8722965e-02  -3.5940589e-02   1.2507009e-01   2.0563209e-01   3.8311437e-01  -2.7451157e-01  -1.2435293e-01   3.0735713e-01  -2.7265852e-02  -2.0038042e-01   6.0194480e-02   1.7608355e-01  -2.8659117e-01   4.1725848e-02  -2.0104653e-01  -1.6184069e-01  -3.1797505e-01   2.3573625e-01  -3.2279206e-01   5.5112764e-02
  -2.9627148e-01   8.6152501e-02  -4.2535676e-01  -2.2511595e-01   3.6411846e-01  -6.0535809e-01  -8.0092575e-02   1.6468919e-01   0.0000000e+00  -1.3108970e-01  -3.0555431e-01   2.5537237e-01   4.2378678e-02  -1.6072624e-01  -4.9408118e-01  -2.1238691e-01  -3.0102026e-01  -2.4928425e-01  -1.5863436e-01   2.2465239e-01  -5.4776569e-03  -4.4551021e-01  -1.9852179e-01  -2.1683816e-01   8.7192639e-03   2.1692024e-01  -2.4523083e-01   2.9448437e-02   4.6177122e-02  -7.8912109e-02   2.5584076e-01  -1.6215298e-01   1.1506398e-01   4.2299879e-01   3.2768896e-01  -9.3422976e-02   1.9197488e-01  -2.6642004e-01   1.4319217e-02   9.8786687e-02   2.5603638e-01  -1.6969641e-01   1.0366352e-01   1.4196689e-01  -1.3536072e-01  -4.6131177e-01  -2.7072539e-01   3.9234203e-01  -1.1407400e-01   1.0688091e-01  -4.3498059e-01   5.2836712e-02   6.2236012e-01  -2.0146202e-01   4.8483517e-02  -5.5482785e-02  -3.0568828e-01  -5.1211091e-01  -4.5305748e-02  -6.3517287e-02  -4.1049484e-01   3.9450878e-02   5.5933009e-01   5.7193244e-01   2.8995955e-01  -3.1757147e-01  -2.5317879e-01   6.4554979e-02  -1.6181043e-01  -5.5345280e-01   4.7547305e-01  -2.8607462e-01   2.6057250e-01  -4.3029132e-01   1.4941877e-01   1.0900749e-01  -3.4720328e-01   6.9759409e-02   5.5221128e-01   1.8498858e-01   1.0563820e-01  -7.0223105e-02   5.0869475e-03   3.6645962e-02  -3.3098794e-01   2.1758528e-02   3.5377164e-01  -3.9400366e-01   5.9630033e-01  -3.3245457e-01   6.0068099e-01  -4.5818622e-01   3.7102226e-03   5.7482236e-01  -4.2552327e-01  -2.9064042e-01  -6.2139812e-02   1.4001471e-01   1.0843931e-01   3.0954535e-01   1.0743252e-01  -3.6297961e-01  -2.9441231e-01   1.7069904e-02  -3.8603903e-01  -7.3030540e-02  -5.5939352e-02   6.1622437e-02   4.8279567e-02  -2.4532347e-01   3.1783734e-02  -5.7954477e-01  -2.3193464e-01  -3.1990513e-01   1.2899392e-01   7.9910423e-01   1.1762022e-01   1.6072712e-01   1.4509752e-01  -3.1072559e-01  -3.5513490e-01   2.8332945e-01   2.8911493e-01   5.5619846e-01  -4.1139542e-01  -4.0339030e-01  -2.0695777e-02   1.6979388e-01  -4.5285891e-01  -3.9140112e-01   2.9385804e-01   4.1763888e-01  -4.8184279e-01   4.7725684e-01  -1.9234998e-01   1.3240100e-01  -2.3522786e-02   4.5472837e-01   1.1582891e-01  -2.5241647e-01  -3.8177234e-01  -3.5320405e-01  -3.1782264e-01  -3.2846310e-01   1.8867830e-02   3.7853832e-02   1.7090549e-01   3.8250666e-01  -6.2510005e-01   6.2765291e-01  -1.3501552e-01   8.5008308e-02  -3.5525560e-01   5.3395449e-01   1.9131775e-01  -7.0561581e-02  -4.5906388e-01  -1.4608009e-01  -4.2264210e-01  -3.0954502e-01   1.6992497e-01  -1.7076307e-01  -3.0425006e-01  -2.2158445e-01  -3.5315273e-01   4.5743348e-01  -7.2428186e-02   4.6685903e-02  -2.7827534e-01   2.3572863e-01   4.5011405e-01  -2.7549389e-01  -6.8837725e-02  -3.0745991e-01   2.3843159e-01  -1.5129127e-02  -2.6724668e-01
  -2.1505264e-01  -5.7907969e-01   2.1003743e-01  -2.8834308e-01   5.8595453e-02   2.4570844e-02   3.9143182e-01  -1.9842899e-01  -1.3108970e-01   0.0000000e+00  -3.3605700e-01  -1.7995578e-01  -5.5122933e-02  -2.1781328e-01  -3.7523268e-01   3.7048151e-01   2.7556924e-02  -2.6466749e-01  -3.1003625e-01   1.7487501e-01  -6.4620915e-01  -8.4105475e-02   1.5759730e-01  -2.9732161e-01  -2.3470550e-01  -4.0291021e-01   3.5606758e-01   5.6574949e-01  -1.1409351e-01  -5.2416826e-01  -6.5968506e-01  -4.4420495e-01   1.2353876e-02   6.5397123e-01   3.3506384e-01   3.4037474e-01   6.4389174e-01  -3.2064138e-01   1.6303709e-02   5.0213961e-01  -2.0846439e-01   2.1466863e-01   5.2681796e-01  -7.9132263e-02   3.5659616e-01  -3.5708370e-01  -2.3602058e-01  -4.6745552e-01  -2.2280350e-01   2.9568224e-01  -1.1907430e-01  -2.7235977e-01   2.4569149e-01   3.1078713e-02  -3.3386726e-01   3.9329157e-01  -2.9955467e-01  -1.4281045e-01  -4.0819975e-01  -3.8162356e-01  -3.0610359e-01  -1.2163427e-01  -3.7514536e-01  -5.0015374e-01  -4.6946306e-01   6.5586271e-01  -3.4144721e-01  -1.3936104e-01  -4.8048102e-01  -5.8111292e-02   2.9342611e-01  -4.3141562e-01   6.3450307e-02  -3.5909051e-01  -2.9895095e-01  -3.0076579e-01  -2.8656699e-01  -3.0894821e-01  -3.4748918e-02  -5.2684762e-01   7.6284640e-01   2.0907778e-01   3.2048971e-01  -2.9736946e-01  -3.9498040e-01  -3.1853601e-01  -1.1250008e-01  -2.0245838e-01  -2.1877133e-01  -3.7765901e-01  -3.2979376e-01  -2.0433025e-01   7.4855359e-01  -1.9461720e-01  -3.1167987e-01   5.4553331e-01  -4.6741628e-01  -2.6429359e-01  -1.6552205e-01   2.1626953e-02   4.3660941e-01  -1.3095879e-01  -6.1638351e-01  -5.4518212e-01  -4.3552708e-01  -2.3211699e-01  -1.2336007e-01  -5.2912267e-01   7.0479397e-01   2.2299255e-01   7.7219920e-01  -3.2261401e-01  -4.4973459e-01  -2.4827282e-01   6.4199401e-01  -1.4330848e-01  -3.3739704e-01   1.1198703e-01   3.2753857e-01  -4.0392256e-01  -1.3318511e-01   3.3123285e-02  -3.2940625e-02  -4.9997332e-01  -3.4293347e-01  -2.4871202e-01  -3.2518122e-01  -1.4489339e-01  -1.9898790e-02   1.4839131e-01   2.1705413e-02   3.9149820e-01  -3.5523055e-03   1.3887623e-01  -6.1334154e-02  -2.7713924e-01  -1.2413907e-01   4.3323420e-01  -3.4420610e-01  -3.1554461e-01  -6.2077934e-02  -5.3107997e-02  -4.9267403e-01   6.3597472e-01  -1.3643690e-01  -6.7908072e-01   6.6979245e-01  -3.8440690e-01   4.3329054e-01  -1.5978619e-01  -1.8226816e-01  -3.5070097e-01  -3.5637269e-01  -2.9008419e-01   3.9882592e-01  -2.3241044e-01  -1.2924853e-01  -1.7979993e-01  -3.5657672e-01  -2.5988941e-01  -3.2576870e-01  -4.9712296e-01   5.8197299e-01  -5.1763426e-01  -2.2118676e-01   3.3140310e-01   2.3084266e-01  -4.8438180e-01  -2.2299460e-01   4.8601786e-01  -1.0535307e-01   1.1496321e-01  -4.2871533e-01  -6.5347620e-02  -3.1017295e-01   6.7365398e-02   3.0233865e-02
   2.2182314e-01   1.5791796e-01   1.5961899e-01   2.5140274e-01  -1.4426571e-01   2.3253929e-01   1.8420868e-03  -6.9101813e-02  -3.0555431e-01  -3.3605700e-01   0.0000000e+00  -2.9452187e-02   2.0472539e-01  -4.7932894e-02   6.6487890e-01   1.2198780e-01   1.4842004e-01   7.7028242e-01   9.8293306e-02   2.5371526e-02   5.0416193e-01   3.1883184e-01   2.9940028e-01   2.3633110e-01   1.7869413e-01  -4.3680353e-02   1.3356161e-01  -2.7225492e-01   1.1156495e-01   4.4995248e-01   3.5525302e-01   1.9454367e-01  -2.3171762e-02  -6.1964565e-01  -5.8266895e-01   2.8563824e-01  -3.9392961e-01   2.2716028e-01   2.2276683e-01  -4.7010017e-01   2.8081288e-01   2.6593618e-02  -5.7290880e-01   1.3815296e-01   3.3906943e-01   7.0823059e-01   7.5596508e-01   1.2012190e-01   8.1306131e-02  -4.5260452e-01   8.0772769e-01  -6.1342089e-03  -5.4997556e-01  -1.7831536e-01   2.4444116e-02  -1.2090219e-01   3.0986810e-01   3.1679002e-01   5.4622352e-01   2.1819051e-01   5.7809912e-01   3.7882486e-01  -1.4385596e-01   2.9152442e-01   3.4429704e-01   2.5001778e-01   3.5907484e-01   2.8057319e-01   6.3205564e-01   4.9071992e-01  -6.9553074e-01   6.6305528e-01   9.9834918e-02   2.2799940e-01  -9.8636021e-02  -1.4175245e-01   4.4713376e-01  -1.0136103e-01  -4.7949891e-01   2.7404457e-01  -4.0335383e-01   1.9985824e-01  -1.9475447e-01   6.3645079e-02   1.2966307e-01  -1.4129258e-01  -3.6353187e-01   3.1422339e-01  -1.1080684e-01   2.7095355e-01  -3.1817812e-01   3.8726564e-01  -5.6029627e-01  -4.1177043e-02   3.9481402e-01  -1.6656188e-01   3.3243988e-01  -8.4751985e-02   3.1005364e-01  -1.0140567e-02  -5.6374667e-01   6.8891323e-01   3.5805753e-01   4.2489650e-01   6.0913706e-01   1.2202085e-01  -2.6656299e-01   2.2489230e-01  -4.4221045e-01  -2.0099657e-01  -4.6401950e-01   4.4222421e-01   4.6034389e-01   2.7257093e-01  -6.1931148e-01  -3.5587925e-01  -1.4952761e-01   1.8316286e-01  -3.4698633e-01   3.7813288e-01   3.4436411e-01  -2.4696104e-01  -2.9607199e-01   2.7153814e-01   4.3629632e-01   2.3496467e-01   5.5133342e-01  -1.6142345e-01   2.8158875e-01   7.5255429e-02   2.6128540e-01  -2.1311983e-01   2.4005280e-01  -2.8689147e-01  -5.4402692e-02  -1.1492926e-01   4.7047238e-02  -6.5633499e-01  -7.5416883e-02   3.1507196e-01   2.9469677e-01   2.1766451e-01   5.9612822e-01  -2.5893486e-01   3.7188738e-01   5.2772194e-01  -6.3930683e-01   2.6452519e-01   2.8612144e-01  -1.8480088e-01   1.4188264e-02  -3.3515403e-02   3.4642068e-01   3.0918617e-01  -5.1884318e-01   2.6143190e-01   3.2037318e-01   4.1304105e-01   5.0229831e-01   4.7048169e-01   2.6238524e-01   5.5028547e-01  -1.2774735e-01   7.2370127e-01   2.0356823e-01  -5.9745053e-01   2.8084298e-01   1.2591313e-01   1.5647105e-01  -5.9870475e-01  -8.6453212e-02  -3.8470441e-03   8.2513861e-01   4.5993687e-03   2.3806522e-03   1.1951279e-02   6.5615010e-02
  -3.4022492e-01   4.0112775e-01  -6.2853213e-03  -1.4882364e-01   5.5534409e-01   5.8209719e-02   3.8534680e-01  -4.8847024e-02   2.5537237e-01  -1.7995578e-01  -2.9452187e-02   0.0000000e+00   5.4937211e-02  -4.3063181e-01   7.8299451e-02   2.1918809e-02   1.2245844e-01   3.0424184e-02   1.9270637e-02   4.8063967e-01   1.7538942e-01  -1.4266842e-01  -1.2587750e-01  -2.0116942e-01   2.2588549e-01   6.5654930e-03   8.6270801e-02  -2.4801336e-01   8.5854303e-02   1.6466228e-01   1.2174168e-01  -1.4478377e-01   6.0798435e-02   2.0185228e-01  -1.9704879e-01   1.6949954e-01   2.3124213e-02  -1.2072930e-01   1.6677684e-01   2.0060934e-01   2.4824583e-01  -8.3072742e-02   3.3091906e-01  -7.6990392e-02  -2.2735984e-02  -2.9593090e-01   9.0922482e-02   4.5930016e-01   4.0559247e-03   1.5304021e-01  -2.3322525e-01  -1.5537279e-01   2.2050222e-01  -1.2487834e-02  -1.3634432e-01  -3.4060396e-01  -1.7028332e-01  -2.3577259e-01   5.2131835e-02   4.5099658e-01  -2.9597003e-01   2.9201435e-01   6.6977324e-01   2.1512676e-01   3.3363673e-01  -9.0365613e-02   1.7260545e-01   1.6430778e-01   2.4678563e-02  -2.0999541e-01   3.3959223e-01  -1.1158428e-01   3.1361919e-01  -3.3598950e-01   1.0978068e-01   1.0154753e-02  -2.4239992e-01   4.8557809e-02   5.0725643e-01   2.7781830e-01  -2.8532746e-01   2.3246841e-01  -8.4230548e-02  -1.0961292e-01  -1.4433268e-01  -5.7587357e-02  -2.2024361e-02  -3.2359277e-01   3.7975432e-01  -2.9508877e-01   4.3987921e-01  -1.3691930e-01   7.7612493e-03   6.2508659e-01  -3.7862075e-01  -8.8129167e-03   1.4262654e-01  -3.8494969e-02   3.1960674e-01   2.4200698e-01  -8.2557747e-02  -6.6877775e-02  -4.3357022e-02   2.6242027e-01  -1.5513173e-01  -6.7506608e-02   1.0709847e-01  -1.6856398e-02  -2.3679174e-01   1.3289023e-01  -1.1666169e-01  -1.7638480e-01   4.3146728e-02  -3.4224160e-01  -7.8489846e-02   3.2035646e-01   7.0002475e-02   2.3719462e-01  -5.5022991e-02  -1.5137241e-01  -1.2691735e-01   6.5968993e-01   4.7171140e-01   4.6321816e-01  -1.9281125e-01  -2.2771025e-01   4.9144499e-01   1.5987076e-01  -2.6107771e-01  -6.9191409e-02   3.8718525e-01   1.0851928e-01  -4.0179531e-01   1.8810941e-01   2.9190253e-01  -4.7773420e-02   1.5025436e-01   3.1191687e-02   2.7611810e-02  -3.6351246e-01  -3.0648370e-01  -1.0973899e-01  -1.1872960e-02  -2.2701142e-01   1.7447867e-01   2.0316080e-01   1.0626371e-01   3.0049677e-01  -1.9509723e-01   2.0126935e-01  -3.4030941e-01  -1.8323433e-01  -1.7804304e-01   9.4878410e-02   3.0456510e-01  -2.9160355e-01  -2.6451805e-01  -5.2346059e-02  -1.9704077e-01  -3.2125961e-01   2.7542994e-01   2.4735001e-02  -1.2078966e-01  -3.1361512e-02  -1.3919973e-01   4.8422302e-01   1.6556050e-01  -1.2530103e-01  -1.3815673e-01   1.3457630e-01   7.6564744e-01  -2.7304284e-01   1.1673434e-01   2.0171912e-01   3.0438153e-01  -1.6283328e-01  -1.0279104e-01
  -9.6959315e-02   1.4827095e-01  -2.6621758e-01   3.2387674e-01   6.7621554e-02  -8.1650228e-03   9.4787956e-02  -1.3460093e-01   4.2378678e-02  -5.5122933e-02   2.0472539e-01   5.4937211e-02   0.0000000e+00  -1.0413222e-01   4.4731570e-02   1.0226578e-01  -2.0836604e-01   4.0718430e-01  -2.4020801e-01   2.4302546e-01   1.4194245e-01   8.3811907e-03   2.7824694e-01  -8.3244203e-02   3.1202266e-02  -1.3749570e-02   2.2174329e-01  -9.9001254e-02   1.0615721e-01   2.6860414e-01   3.5663153e-02   4.0045250e-02   1.2862593e-01  -1.7171018e-01  -8.7721749e-02   1.8462226e-01   1.7943310e-02  -3.7208019e-02   1.0826300e-01  -5.2265110e-03   5.8336887e-01   9.8625087e-02  -1.9625366e-01   7.0544627e-03   4.0135533e-01  -1.7330070e-02   2.7356812e-01   2.1424918e-01   2.6851361e-01  -1.6936677e-01   2.8823731e-01  -7.8086725e-02   3.6452445e-02  -2.3602848e-02  -1.5579659e-01  -1.2135322e-01  -9.1885471e-02   6.1413304e-02   3.9090699e-02   2.1157773e-01  -5.8959279e-02   5.1958965e-01   4.0857682e-02   1.5915766e-01   2.2272945e-01   1.2032112e-01   1.8093312e-02   1.3182649e-01   2.2264642e-01  -5.6723945e-04  -1.4778495e-01   3.5493350e-01   9.6622584e-02  -3.7798529e-02   1.3623597e-01   3.5905609e-02  -1.3602440e-01  -1.2639413e-01  -2.1057030e-01   3.6513013e-01   2.3201152e-02   1.4067630e-01  -7.9733991e-02  -1.3027861e-01  -1.7053007e-01   5.6788908e-02   1.1105787e-01  -1.2113658e-01  -2.7883209e-02   1.1320480e-02  -2.4934530e-02  -2.0066673e-01  -1.8637246e-01   2.1124962e-02  -1.3006338e-01   2.2394254e-01   5.1895295e-01  -3.3447114e-01   5.4059150e-01   2.1313220e-01  -1.3881004e-01   1.9091583e-02   4.8948240e-02   3.1160567e-01   8.5107359e-02  -9.7631504e-02  -5.5347555e-02  -1.2724939e-01   4.0608077e-02  -2.2318009e-01  -1.2690390e-01   8.6507945e-02   4.4368811e-01  -8.1347868e-02  -1.2513232e-01  -1.0575546e-01   4.2447430e-02   3.1283863e-01  -8.4420132e-02   3.4955551e-01  -1.1922607e-01   1.1138789e-02   5.1888771e-02  -2.2310900e-02  -1.3304634e-02   2.0504774e-01   7.3987760e-02   1.4171242e-01   8.7931605e-02  -1.9118118e-02   2.0057256e-01   6.1256464e-02   5.7609670e-02  -2.5687902e-02   8.7653398e-02  -3.5767316e-02   1.7433354e-01  -9.7353763e-02   6.2949108e-02  -1.1972658e-01  -2.5268271e-01   4.6623369e-01  -2.8968990e-03  -1.1348295e-01   1.0820807e-01   5.1293638e-02  -1.9632079e-01   3.3557844e-02   3.1115230e-02   8.0655561e-03  -7.2755016e-02   9.4837011e-02  -1.3734186e-01   1.7631784e-01  -1.1911553e-01   4.6385612e-02  -2.6203629e-01   1.1449871e-01  -1.0287515e-01   1.0946719e-01   1.3688219e-01   2.7062215e-02  -5.9160530e-02   2.5609378e-01   8.7148093e-02  -2.3931535e-01  -2.8290252e-02  -2.3222466e-02  -3.0249034e-01  -2.4476789e-01   1.0111826e-02  -4.1383334e-01   3.6298432e-01  -9.9800561e-02   1.5022510e-01   7.9280644e-02   8.3306389e-02
   5.6545361e-01   1.4940704e-01  -1.1689196e-01   1.0262773e-01  -4.4619999e-01  -5.0567534e-02  -2.4764004e-01   2.8924025e-02  -1.6072624e-01  -2.1781328e-01  -4.7932894e-02  -4.3063181e-01  -1.0413222e-01   0.0000000e+00   2.7278790e-01  -2.2317750e-01  -1.0041960e-01  -3.4046991e-02   2.6894975e-02  -5.6074432e-01   1.1472054e-01   8.8385926e-02   8.5800419e-02   2.8841967e-01  -7.9386431e-02   6.6662608e-02  -4.1069391e-01   1.8981716e-01   3.7672688e-02  -1.0487135e-01   3.4596092e-01   6.8294377e-02  -1.2864144e-01  -2.6124551e-01   1.9309384e-01  -4.2551437e-01  -2.9318354e-01   2.2396844e-01  -2.5235590e-01  -2.9458155e-01  -2.6692111e-01  -2.1175025e-02  -3.9725419e-01   1.1254615e-01  -1.4661019e-01   2.8747444e-01  -2.7506249e-01  -1.2042074e-01   7.3433181e-02  -3.0552974e-01   3.5100422e-02   1.1879879e-01  -1.9071393e-01   1.2468535e-01   6.3873866e-01   7.6075936e-02   2.5954834e-01   1.0398725e-02   7.7476891e-02  -6.4733775e-02   1.9040587e-01  -1.5867762e-01  -2.3771676e-01   9.5329300e-02  -1.3654850e-01  -2.6007340e-01  -2.6869531e-02  -1.8403440e-01  -1.9766746e-01   1.6226576e-01  -2.6631656e-01   1.6594294e-01  -2.6678017e-01   6.5341031e-01   8.3088493e-02   9.2300356e-02   1.1522730e-01   6.0142837e-02  -3.2981948e-01  -8.5420795e-02  -2.7920724e-02  -2.8505878e-01   1.1834921e-01   9.5259819e-02   7.0510787e-01   1.3417714e-01   3.0523883e-01   5.7977096e-01  -1.7393152e-01   5.0698977e-01  -1.3156337e-01   7.5619617e-03  -2.7040842e-01  -4.1699767e-01   3.7604672e-01  -3.1451982e-01  -1.5978019e-02   4.1972344e-02  -2.3251277e-01  -4.6327976e-02   9.7765991e-02   1.6612543e-01   3.0488600e-01   6.6882132e-02   1.1884193e-01  -5.2164635e-02   2.8763483e-01   1.6279159e-02  -1.1715722e-01  -1.7516789e-01  -1.6133517e-01   1.7222249e-01   1.6475156e-02   5.2867672e-01  -3.7956465e-02  -1.0348481e-01   2.1258959e-02  -3.5265931e-01   1.6453880e-01   1.7682862e-01   1.7133437e-01  -4.9073917e-01  -2.4537508e-01  -1.6899731e-01   2.8143825e-01   3.5764115e-01  -2.4035036e-01  -1.1052157e-01  -7.5359868e-02   1.8435530e-01  -3.5078265e-01  -2.0419945e-01   4.0292218e-01  -1.1025562e-01  -2.3307593e-01   6.3544842e-02  -7.1307569e-02  -5.3056387e-02  -5.1940157e-02   4.8546979e-01   4.9405320e-01  -5.2187787e-02  -4.4202608e-02   9.9619118e-02   8.0568999e-02   1.0104164e-01  -2.7087563e-01  -1.4969862e-01  -1.6293638e-01   3.5191711e-02   7.0462200e-01   5.1780223e-01   3.5237858e-01  -4.3019953e-02  -2.5636363e-01   2.9629366e-01   2.0071609e-01   3.4556309e-02   1.7732596e-01   3.2856310e-01  -4.0350730e-02  -7.3956490e-02  -2.1364507e-01   5.9815651e-03  -1.7860583e-02  -3.7149808e-01  -1.5819748e-01   5.8346437e-01   5.1336094e-01  -1.7292412e-01  -4.9005787e-01   4.4663029e-02  -9.2645611e-02   4.2846723e-02   8.8477397e-02   7.1974975e-02  -6.6918754e-02
