   0.0000000e+00  -4.4444320e-02   8.5671366e-03  -2.6136907e-01  -1.3199986e-01   2.5707757e-01  -3.0802688e-01   1.5087946e-01   9.2623535e-02  -2.9059413e-02  -8.0257441e-02   3.3397915e-02  -1.6383493e-02   2.9937406e-01   8.9783652e-03   6.1560605e-02  -9.6709510e-02  -2.5622523e-01   2.0467839e-01   3.2293242e-02  -4.0819537e-01  -1.8745908e-01  -1.1371927e-01   7.3087982e-01   1.2085992e-01   1.5096545e-01   1.6139416e-01   6.1413305e-02   2.6896126e-02  -2.8249590e-01  -3.8003246e-01  -1.1938441e-01  -1.4274340e-01  -1.6338079e-01   1.7049864e-01  -1.5710909e-02  -2.2351129e-01   3.5627897e-01  -2.8886690e-01  -2.6869034e-02  -1.5962595e-01   1.8562524e-01   2.2958644e-01  -3.0254105e-01   1.0548374e-01   4.7822172e-01  -1.9583574e-02  -4.7024649e-01  -7.9646752e-02   1.1020391e-01  -1.0936680e-01   2.6192795e-01  -1.4094193e-01   2.1751551e-01  -1.3361407e-01  -1.5731387e-01   1.7442196e-01   6.3082802e-02  -3.3969101e-01   1.4009334e-01   3.6647288e-02  -1.8750618e-01   2.4062406e-01  -3.2456607e-01  -1.2222059e-01   2.7069120e-02   2.5306713e-01   1.0468396e-01   1.8505499e-02   2.8274427e-01  -1.2969063e-01   1.1068910e-01  -1.0701564e-01   1.8294865e-01   1.0204571e-01  -1.6861946e-01   3.8450901e-01  -9.8854270e-02  -1.5530303e-01  -3.4187620e-02  -2.8702604e-01  -1.0705229e-01  -4.3300779e-01   1.4850255e-01   1.9193553e-01  -1.4823953e-01  -2.0175693e-01   4.8423849e-01   2.9191329e-01   7.8908925e-01   1.4090608e-01   1.3852116e-01  -3.5202321e-02   1.2148419e-01   6.0992541e-01   2.7342985e-01   9.0269983e-02   1.2560440e-01  -1.4094259e-01  -8.9769880e-02  -3.6902826e-02   1.1583230e-01  -3.2228398e-01   1.0913612e-02  -6.2898780e-02  -1.4830538e-01   2.4365154e-01   7.6412694e-02  -1.1226487e-01  -6.2295913e-02  -1.7082767e-01  -1.2437731e-01  -2.2451931e-02   8.5182441e-01   8.0216484e-02  -1.5892975e-01   5.9206329e-02  -2.1965303e-01  -1.3788301e-01   7.8797664e-02   4.8097888e-01   1.1061913e-01   2.1591903e-01  -3.6855319e-01   8.0212765e-01   5.9386636e-01  -4.1159262e-02   1.7083511e-01  -3.9177359e-02  -1.3631762e-01  -3.3526409e-01  -4.9279154e-01   4.1909600e-01  -2.6043877e-01   2.1898204e-01  -5.1007932e-02   7.2539501e-02  -4.7301780e-01  -1.7880524e-01   5.7794660e-01   7.9432206e-01  -7.7664739e-02   1.3309262e-01   1.1322738e-02  -1.2011994e-01  -5.2754440e-01  -1.3672486e-01   8.6310707e-02   1.0385910e-01  -2.1483970e-01   3.8505582e-01  -3.5332549e-01   6.0676868e-01  -1.3818518e-01  -2.8566233e-01   4.3161058e-01   4.4781844e-01  -2.1442265e-01   1.2117005e-01  -3.2258024e-01  -1.0773934e-01   2.7728805e-02  -1.1835844e-01  -2.8437448e-01   1.5478093e-03  -6.8931598e-02  -1.9242722e-01  -4.3776530e-02   5.3738000e-01  -1.6094887e-02   1.0207234e-01   3.1757427e-01  -1.2985387e-01  -5.7945775e-02  -1.4055130e-01   1.0147866e-02   1.1975212e-01
  -4.4444320e-02   0.0000000e+00  -1.7744188e-01  -1.3659404e-01   1.5256175e-01  -1.9524044e-01   2.2979689e-02   1.3994540e-01   5.8873334e-01   2.0660458e-01  -2.9155045e-01   6.3715776e-01  -1.4232162e-01  -2.4001977e-01  -2.2474098e-01  -5.4808431e-02   5.1100123e-02  -1.5716522e-01   1.8719149e-01  -2.0972936e-02  -2.8749533e-01  -1.4169157e-01  -3.7637627e-01   6.1248271e-02   2.6178112e-01   1.9099161e-01   1.7111262e-01  -2.1923971e-01   2.1147364e-01   2.6259210e-01   7.2444455e-01  -2.7647635e-02   1.5694602e-01  -7.3860554e-02   4.9075948e-01  -1.2916484e-01   4.1342049e-01  -5.5043566e-02  -2.0348558e-02   1.2830700e-01  -4.1184857e-03  -4.0286625e-02   4.9169900e-01  -9.6881979e-02   1.1554715e-01  -3.5155351e-01  -3.2267851e-01   1.8025662e-01   4.0214305e-02   3.3907174e-01  -3.5159574e-01   7.4238850e-02   5.5724778e-01   1.4760618e-01   5.3957911e-02  -4.0082997e-01  -1.4929165e-02  -2.9432862e-01  -1.0591712e-01   1.5557905e-01  -2.2358945e-01  -3.1617672e-02   3.5210215e-01   6.1279361e-01   3.3381089e-01  -1.1714082e-01  -2.2600018e-01   5.3504331e-02  -1.3791062e-03  -5.7808577e-01   6.4180580e-01  -5.6012089e-02   6.0350897e-02  -2.7707928e-01   1.3168268e-01   1.5938225e-01  -2.1056821e-01   2.5326887e-02   4.4148042e-01   7.9183327e-02  -1.8296560e-01  -5.9162598e-02   4.9941329e-03   1.1391452e-01  -2.2105086e-01   1.5880739e-01   5.5171511e-01   1.3867442e-02   4.7746188e-01  -3.1102964e-02   7.0700562e-01  -2.0601216e-01   8.9932460e-02  -9.9166100e-02  -4.5447525e-02   2.0227816e-01  -1.0283289e-01   2.9470479e-01  -4.1516072e-02  -3.9836026e-02   2.3111172e-01  -4.1121666e-02  -1.7772028e-01   4.6351178e-01  -1.3254314e-01   9.8468660e-02   1.7642537e-01   2.9614854e-01  -3.6727339e-02   1.9502775e-01   7.2257733e-02  -2.4068543e-01   8.1060341e-02  -9.3369277e-03  -1.9987529e-01   5.8103098e-01  -2.0481812e-01   6.7344030e-02  -2.8328618e-01  -2.6827866e-01  -1.3048569e-01   3.4112991e-01   3.2741431e-01   4.0645380e-01  -1.8730764e-02  -7.1797146e-02  -8.4438701e-02   3.0538817e-01  -1.2682910e-02  -3.8397339e-01  -1.8441157e-01  -6.0616608e-02   3.0591495e-01   2.1728590e-01   2.6328306e-01   2.1017645e-01   1.2371076e-01  -1.6651615e-01   3.5033903e-02  -3.8458393e-02   2.0754461e-02   4.2444916e-02  -1.6654447e-01  -4.2099200e-01  -4.5228661e-01   3.8355647e-01   1.0986680e-01   4.9455812e-01  -1.9630072e-01   1.1648306e-01  -2.9310716e-01  -7.0406775e-02  -1.3083736e-01   2.3672386e-01   1.4248116e-01   6.4728880e-02  -1.4119834e-01  -2.7533541e-01  -6.6590048e-02  -2.1488054e-01   1.3674619e-01  -2.6417328e-02  -1.3631892e-02  -2.8775171e-02  -2.2470184e-02   2.9353816e-01   3.1891794e-04  -4.3354224e-02  -6.7885165e-02   4.9177473e-01   4.1375794e-01  -1.7471511e-01   1.5028875e-01  -2.0045156e-01   8.0184818e-02   8.0460555e-02  -2.8676751e-02
   8.5671366e-03  -1.7744188e-01   0.0000000e+00   6.4636979e-02   1.7180283e-01  -7.8368311e-02  -2.0064065e-01  -1.4522931e-01  -1.5087071e-02   1.1142822e-02   9.8120228e-02   1.7265466e-01   4.7007414e-02   1.3227959e-01   8.6748164e-02   1.6707393e-01   7.1601501e-01   8.0364543e-02  -2.8383985e-01   3.9057188e-01  -2.0270111e-01   9.2685018e-02   2.8804169e-02  -8.3085919e-02  -1.3647837e-01  -4.8848018e-02   4.1091820e-01  -2.5066753e-01   1.3756219e-01  -5.3396574e-02  -3.2055124e-01  -1.0178327e-01  -1.2344730e-01  -1.3292104e-01   2.1261692e-02   3.0287090e-01  -2.5618538e-01   5.8076501e-02   1.6693006e-01   3.9061069e-01   1.3102774e-02   7.2589694e-02   8.1309664e-02  -4.2832570e-02  -3.6569629e-02   2.3862374e-01   2.1018915e-01  -3.2282857e-01   3.7526370e-02   4.4332612e-01   1.2447552e-01  -2.6559819e-01  -3.9414733e-01   2.0148304e-01  -2.1633812e-02  -4.6961837e-02  -3.3771776e-01   5.1827016e-02  -3.9929927e-02   3.1872901e-01   3.1053431e-01   5.3977395e-02   1.3622988e-01  -3.3489649e-01  -2.4856390e-01   4.7052769e-02   1.6074228e-01   1.4444926e-01  -1.6284955e-02   3.1555957e-01  -1.3404567e-01   1.1416857e-03  -8.2410397e-02   3.5466514e-01  -1.3152825e-01  -1.3574483e-01   1.2757231e-01  -2.4848236e-01  -8.8200960e-03  -1.3583050e-01  -2.9663347e-02   1.7380922e-01  -1.5892979e-01  -2.8906132e-01   2.6191254e-01  -3.9095089e-02  -1.6425586e-01  -6.6044229e-02   1.2090088e-01   7.0026617e-02  -1.2268315e-01   4.5301399e-01   5.2312725e-02  -5.9410036e-03  -1.8598330e-02   2.6945635e-01   1.4154436e-01  -2.0995073e-01   3.8121624e-02  -8.0858435e-02  -6.1986761e-02   4.3569095e-02   1.0514450e-01   2.7896495e-02  -5.0163806e-02  -2.1177020e-02   3.0421981e-01  -1.7488017e-01  -1.3433719e-01   1.1431786e-01  -2.0594909e-01  -2.2946479e-02  -1.4266653e-01   7.2428066e-02   6.2754214e-02  -3.4824751e-01  -2.2969555e-01   5.4551229e-02   1.3235302e-01   4.1577908e-02  -1.2850150e-01   1.1037744e-01  -2.6683887e-02  -1.9899949e-01  -5.4395102e-02   1.0844337e-01   1.3486891e-01  -1.2757130e-03   1.3480752e-01   6.7951366e-01  -2.1669570e-01  -1.9877778e-01   1.2329024e-01   2.2190504e-02   1.3929082e-01  -1.0763591e-01  -7.2296303e-03  -5.0318525e-02  -1.0493393e-01   2.4729971e-01   5.6251995e-02   1.5318613e-01  -8.2065267e-02   1.9009636e-01   1.5608819e-01  -2.0276360e-01  -2.8322560e-02  -1.9592502e-01   5.2956017e-02  -1.8570642e-01   1.4244016e-01   1.2821721e-01   1.1488130e-01  -1.3898697e-01   5.7008715e-01   9.4507476e-02  -3.4602375e-02   1.7434040e-03   4.2751328e-01  -1.1801689e-01  -8.5228219e-03  -7.1357599e-02   1.0368491e-01   2.6464188e-02  -8.3084470e-02  -1.7918835e-01  -1.6180281e-01  -2.9115853e-01   8.2996165e-02  -1.5997914e-01  -3.2762823e-02   5.1439315e-02  -1.6977047e-01   9.3918638e-02  -1.4144753e-02  -2.8907935e-01  -4.8676063e-02
  -2.6136907e-01  -1.3659404e-01   6.4636979e-02   0.0000000e+00   1.7118897e-01   2.0458072e-01   5.9783977e-02  -1.4536434e-02  -3.3714701e-03  -2.6441117e-01   1.9866060e-01  -1.7579215e-01   1.4757882e-01   1.7057299e-01   2.1336693e-01   2.5290054e-01   1.1897155e-01   4.4645030e-01  -7.0621858e-02   9.4528513e-02   3.5276464e-01   6.0127083e-01   1.3904698e-01  -3.2395628e-01   2.8178150e-01  -1.3090141e-01   1.7655339e-01   1.7382896e-01   2.2395197e-01   3.5294924e-01  -3.8591950e-02   5.2071930e-01  -1.1468423e-01  -1.7577358e-01  -7.7118175e-02   2.1531240e-01  -8.5100382e-02  -7.1287677e-02   2.2531511e-01  -1.2785660e-01   1.7605153e-01   1.2533428e-01  -1.2251878e-01  -9.1902201e-02   1.5412233e-01   6.9454149e-02   4.4347591e-01   2.5697947e-02   2.4841938e-01  -1.2797081e-01   4.7968330e-01   2.0586015e-02  -2.5087982e-01   2.7301285e-01   8.3280731e-02   6.1439552e-02   6.7853967e-02   4.0507988e-01   4.1451190e-01   4.8756466e-02   3.3760264e-01   1.7681234e-01   8.3502422e-02  -1.7017697e-01   1.0885184e-01   4.3299086e-02   2.9181582e-01  -8.9062053e-03   3.3058852e-01   5.3582300e-02  -3.1755497e-01   6.7023336e-01   1.5658019e-01   1.4415180e-01   1.8448463e-01   7.1496545e-02   1.5456940e-01  -6.1084089e-03  -3.2513670e-02   5.0391991e-01   5.7482708e-02   2.3952822e-01   3.4706788e-02  -6.5092895e-02   5.8029537e-02   2.2266369e-01  -1.1515021e-01  -3.2587475e-01  -5.9134196e-03  -3.6575278e-01  -1.2488745e-01   3.7096634e-01  -2.0303732e-01   1.8325579e-01   2.0116417e-02  -1.9348751e-01   4.0870857e-01  -1.3288938e-01   3.3399122e-01   1.7194216e-01  -3.3536448e-01  -1.7375583e-01   3.1723039e-01  -4.1554823e-02   6.1546656e-01   4.6306827e-01   2.2454558e-01   4.4981025e-02  -2.0962083e-02  -1.0367682e-01  -2.7984904e-01   4.7937502e-01   5.3865594e-01  -3.5720126e-01  -1.9055732e-01  -2.8332540e-01   1.0817175e-01   1.7413304e-01   4.9938643e-02   6.8961711e-01  -4.7112542e-02  -9.0905887e-02  -1.6237470e-01  -1.3669386e-01  -3.2611355e-01   4.1456998e-02   2.7539606e-01   8.4083735e-02   5.9923573e-01   1.0689116e-01  -1.0118737e-01   1.1119504e-02   1.8892217e-02  -1.4910805e-01  -1.8556251e-01  -1.0707800e-01   3.4692993e-01   9.1059428e-02   1.3587930e-01  -7.6503811e-02  -1.5672059e-01   2.3929855e-02   2.1872481e-01   2.1373220e-01   7.3587599e-02   1.5107882e-01  -2.3231324e-01  -1.5836056e-03   1.6180169e-01  -9.7113172e-03  -1.8378787e-01   1.9333433e-01   8.6636136e-02  -7.4359477e-02   1.4275990e-01  -2.4548465e-01   1.9172793e-01   4.2394025e-01   3.1924882e-01   2.8725123e-01  -1.4166428e-01   7.7053382e-02  -6.6212901e-02   6.0041316e-01   4.0408732e-01  -2.1537913e-01   1.0450329e-01   1.5887575e-01   1.1733248e-01  -3.1634073e-01  -2.6635916e-01   9.6723408e-02   1.2819151e-01   2.9602858e-01   1.2294113e-01  -3.1647143e-02   4.1832932e-01
  -1.3199986e-01   1.5256175e-01   1.7180283e-01   1.7118897e-01   0.0000000e+00  -1.4516577e-01  -2.3680811e-01  -2.7938015e-01   1.6437855e-01  -1.3326173e-01   1.4349924e-01   3.1939880e-01   1.7201326e-01  -8.1316778e-02   1.6284365e-01   3.0267358e-01   3.9854271e-01   3.7033131e-01  -9.8625509e-02   7.8531558e-01  -4.9304192e-02   1.9662276e-01  -2.0519455e-01  -2.2157517e-01   1.4740085e-01  -6.6534433e-02   5.4460598e-01  -3.4153314e-01   1.3769956e-01   4.0791846e-01   1.6761948e-01  -8.6998018e-02   5.8248406e-03  -2.1025770e-01   3.0048980e-01   5.6603823e-01  -2.1242609e-01   1.9697630e-02   3.2221985e-01   1.6623625e-01   3.0123658e-01   4.5151212e-02   2.2604070e-01  -2.5814983e-01   4.0289096e-01  -3.4298077e-02   3.1193729e-01  -2.5048916e-01   2.2098337e-01   5.1007327e-01   2.1253605e-01  -3.5182154e-01  -1.7080761e-01   1.0368484e-01  -1.9671609e-01  -4.5178730e-01  -1.3932973e-01  -2.0055928e-01   2.5442904e-01   3.9681927e-01   1.9693200e-01   1.4929671e-01   3.4624257e-01  -8.2011532e-02   2.0584866e-01   3.6940395e-01   1.4818930e-01   2.7901605e-01   8.6239899e-02  -2.9064677e-01  -8.3100677e-02   2.4102035e-01   1.3017076e-01  -1.2007664e-02  -8.8661356e-02  -3.1146000e-02  -6.2133915e-02  -7.6294003e-02   5.0765137e-01   2.0773048e-01  -4.0420888e-01   1.2435759e-01  -2.1022159e-01  -2.3784858e-01  -4.4519047e-02  -6.8487477e-02   7.4967758e-03  -2.7280736e-01   1.8206394e-01  -9.3336612e-02   5.7281879e-01   1.3945371e-01   2.3068977e-01   9.5204344e-02  -8.2230251e-03   5.3070639e-01   2.5534604e-01  -8.0247237e-02   6.5557657e-01  -2.2776277e-01  -3.6701163e-01  -9.4277416e-02   1.6570390e-02   1.0226894e-01   1.2525897e-02   6.4557495e-02   1.1538690e-01  -7.9995939e-02  -2.5257764e-01   4.8993947e-01  -3.0573135e-01   5.6908897e-02   1.6206816e-01  -6.1914432e-02  -5.6165774e-01  -1.7273724e-02  -3.2978422e-01   2.1963215e-01  -2.7899200e-01  -1.8963168e-02  -1.4622441e-01   6.8989662e-01   1.4149228e-01   1.3756470e-02  -1.7695178e-01  -9.0994443e-02   4.9069261e-01  -5.7011914e-03   1.1577864e-01   8.1513302e-02   6.2617260e-02  -2.3928596e-02   6.4731955e-02   6.4826618e-02   5.6361195e-02  -1.6385936e-01   8.8576104e-02  -2.9052223e-01  -7.1944933e-02   7.3489595e-02  -1.6807228e-01   1.3856059e-01  -1.6647611e-01  -1.7288912e-01  -1.2382426e-01  -3.6860835e-02  -4.5086371e-01   4.1234047e-01   3.0922261e-01  -1.0046434e-01  -4.3065281e-01  -3.5221747e-02  -1.4612050e-01   1.2745698e-01   2.9755967e-01  -7.2487436e-03  -1.3777971e-01   1.7583130e-01   3.2250076e-01  -1.8235697e-01  -1.8954682e-02  -1.8033606e-01   3.9784993e-01   1.7931531e-01  -6.1971717e-02   1.4451708e-01   2.7150701e-01   2.7731654e-02  -7.5562469e-02   2.1613405e-02   2.6317184e-01  -3.2955244e-02   3.2591100e-01   1.0378300e-01  -1.0701554e-01  -5.6513838e-02  -1.0673646e-02
   2.5707757e-01  -1.9524044e-01  -7.8368311e-02   2.0458072e-01  -1.4516577e-01   0.0000000e+00  -2.5689474e-01   3.7346082e-01  -1.5484171e-01  -5.9743142e-01   1.1654098e-01  -4.4250348e-01  -1.7746787e-01   6.0497845e-01   2.1801230e-01   2.7105983e-01   9.4566224e-02   7.4331810e-02   4.7387334e-01  -3.0761609e-01   2.1776265e-01   3.1582461e-01   8.3141332e-02  -1.2356531e-02   1.6603212e-01   1.5242064e-01  -4.4406276e-02   4.6344028e-01   7.5704820e-02   2.1286167e-01  -2.5149524e-01   3.8206376e-01  -7.2694608e-02  -5.0287287e-01  -2.2381809e-01  -2.2268011e-01  -3.4638400e-01   2.2974638e-01   2.6988048e-02  -4.4055098e-01  -1.3939516e-01   8.4201037e-02  -2.2219513e-01   9.4087385e-02  -3.4393901e-01   4.3983548e-01   3.8388937e-01  -1.9603139e-01   3.4773414e-03  -1.3675324e-01   1.5538586e-02   4.1077649e-01  -3.8160758e-01   2.0717977e-01   1.9351623e-01   3.4110626e-01   6.9467300e-01   2.2014157e-01   1.4136005e-01  -5.0287666e-03   3.2498435e-01  -2.0795065e-01   1.1298519e-01  -1.5453799e-01  -1.1299637e-01  -2.0139712e-01   8.0185712e-01  -1.9426281e-02   4.2273316e-01   3.7962305e-01  -4.7550912e-01   3.1847417e-01  -9.9633575e-04   5.1121226e-01   8.1879032e-02   3.5429227e-02   3.9746045e-01   2.0647685e-01  -5.3050528e-01   1.3454657e-01   2.4420519e-02  -1.2682149e-01  -1.2371397e-02   3.9612123e-01   5.0966322e-01   1.4359710e-01  -4.0209287e-01   8.5293942e-02  -4.8229990e-02   1.6648095e-01  -2.1756169e-01   3.5482142e-01  -4.8778868e-01   1.2438328e-01   3.6857055e-01  -2.8625507e-01   2.3173679e-01   3.1373231e-01  -8.7090835e-02  -2.3258975e-01  -2.8054749e-01  -1.0389231e-01   2.9708280e-01  -8.6506537e-02   3.9784436e-01   2.0556523e-01   1.4908891e-01   4.2002191e-01  -2.6504308e-01  -3.2910126e-01  -4.8405967e-01   5.3162634e-01   6.2959530e-02   5.0290865e-02  -7.2478600e-03  -5.6882766e-01   4.0589386e-01  -1.0454177e-01   4.7251710e-01   3.5074091e-01   2.9169182e-01  -1.8321036e-01  -2.5695324e-02  -4.2965020e-01   1.5068392e-01   4.9424531e-01  -3.6059271e-02  -3.9034313e-02   3.0790604e-01   1.2579623e-01  -2.3038886e-01  -3.6838018e-01   3.3795336e-01  -5.3180581e-01  -1.4052045e-01   4.9822370e-02   1.1220790e-02   1.2813516e-01   1.5797542e-01   1.1933562e-01   4.3024361e-01  -2.3518012e-01   4.4058641e-01   6.1804162e-01  -8.5433502e-02  -9.4405192e-02  -4.7367929e-01  -1.6310055e-01   1.7458157e-01  -3.7246616e-01   1.7397265e-01   3.4765020e-02   4.2192394e-01  -1.3823060e-01  -7.7805997e-02  -2.1087769e-01   3.9676985e-01   1.1268030e-01   1.8726452e-01   2.8631965e-01  -2.3911123e-01   3.3491453e-01  -4.3469614e-01   2.8167640e-01   3.4052860e-01  -4.2235179e-01  -2.8912837e-02   4.1800931e-01   4.4989906e-01  -3.6658793e-01  -4.8514916e-01   3.0560110e-01  -5.9917747e-02   6.7195017e-01   1.7811917e-02  -1.9994389e-02   2.9726147e-01
  -3.0802688e-01   2.2979689e-02  -2.0064065e-01   5.9783977e-02  -2.3680811e-01  -2.5689474e-01   0.0000000e+00   5.8908832e-04  -1.6259868e-01   2.3462772e-01  -4.0784193e-02  -1.0861262e-01   2.1500305e-01  -4.1548794e-01   6.2927035e-03  -1.7119495e-01  -4.7620865e-01   1.4157347e-01  -7.2859893e-02  -2.5362403e-01   3.3598314e-01  -1.9597198e-01   6.1916040e-01  -2.9407528e-01  -3.4171627e-01  -1.8238261e-01  -2.8013823e-01   2.8663186e-02  -1.2789392e-01   1.8934517e-02   1.7154885e-01  -2.1431740e-01  -1.4746705e-01   7.2530247e-01  -1.2248883e-01  -5.8230870e-02   5.0637179e-01  -1.3642684e-01  -1.7628732e-01   2.4313856e-01   1.7977078e-01  -2.3675338e-01  -4.2737539e-01   1.0421132e-01   2.2158084e-01  -2.2011865e-01  -2.5258753e-01   7.7155610e-01  -5.8440529e-02  -6.0533444e-01   3.1094355e-01  -1.1727673e-01   5.1075251e-01  -2.2493818e-01   1.2944774e-01   4.7026471e-01  -1.1457414e-01  -1.9345353e-02   1.1917642e-01  -3.9025096e-01  -9.8813832e-02   4.3679203e-01  -5.9896045e-01   5.9645298e-02   3.6317087e-01   2.5848172e-01  -3.0784501e-01  -2.3639268e-01  -3.4319480e-01   5.8736419e-02   2.5006580e-01  -2.4237303e-01   1.6055331e-01  -3.1314630e-01  -1.5615971e-01  -4.6826845e-02  -2.9446649e-02  -3.0965595e-02   1.5745209e-01  -2.5416106e-01   5.9537395e-01   2.9624296e-01   5.2984537e-01   7.9267177e-03  -2.3033605e-01  -2.2061353e-01   3.7105356e-01  -2.8064305e-01  -3.8529392e-01  -3.1535865e-01  -2.5802915e-01  -1.9493615e-01   3.2073307e-02  -4.4786426e-02  -1.2833529e-01  -5.3927625e-01  -4.1290888e-01  -1.9675316e-02  -8.1520077e-02   6.6282138e-01   3.9237247e-01   6.5108871e-02  -1.3917155e-01  -1.7609784e-01  -5.1703478e-02  -2.3547101e-01  -3.5177468e-01  -1.2760607e-01   6.4234917e-01  -2.2572474e-01   6.7960061e-01  -8.8549937e-02  -2.4200547e-01  -3.2658111e-01   4.2822317e-01   3.9334675e-01   3.0856380e-02   3.4475619e-01  -5.9685551e-03  -6.6901683e-02  -1.2357381e-01  -5.5413614e-01  -5.4456850e-01   5.0115954e-01  -2.4216723e-01  -4.8603657e-01   8.2419794e-02  -1.8574902e-01  -2.6121474e-01  -1.1672096e-01   1.3303761e-01   7.8988907e-01  -4.4526683e-01   4.7504979e-01  -4.0890770e-01  -2.2163158e-01  -1.5851108e-01   3.5318811e-01  -2.2264674e-01  -3.2392344e-01  -4.2701173e-01   7.5553500e-02  -1.5143425e-01  -1.0805506e-01   5.0246143e-01   3.5795969e-01   6.6103289e-01  -2.4666548e-01  -2.5848870e-02   6.6755792e-01   1.6005294e-01   1.3153554e-02  -2.8727685e-01  -4.9403382e-02  -1.9763899e-01  -2.4846279e-01  -4.7924484e-02   1.8867379e-01  -2.8314173e-01   3.2445456e-01  -1.6583167e-01  -2.9811351e-01   4.0418372e-02   7.6325802e-02  -1.4319139e-01   1.6498551e-01   3.6121015e-01  -2.8850298e-01  -2.3075536e-01   1.7876990e-02  -8.3428130e-02  -1.2037240e-02  -1.8109804e-01  -3.0940343e-01  -2.3896219e-01  -2.5786297e-01  -7.4884505e-02
   1.5087946e-01   1.3994540e-01  -1.4522931e-01  -1.4536434e-02  -2.7938015e-01   3.7346082e-01   5.8908832e-04   0.0000000e+00   1.9180704e-01  -1.0776082e-01  -2.6543034e-01  -1.4512851e-01  -9.5353295e-02   1.2457152e-01  -2.7206703e-01  -1.5187962e-01  -1.1105248e-01  -2.4273917e-01   6.0148362e-01  -4.2103863e-01  -1.6622645e-01   3.3559378e-02  -2.0702447e-01   1.6504698e-01   1.4874415e-01   5.6921673e-01  -2.7676175e-01   1.5144395e-01  -3.2963854e-02  -1.5009667e-01   1.1773451e-01   1.8924289e-01   2.0225789e-01  -2.2389070e-01  -1.1546737e-01  -3.9144759e-01   5.3922663e-02   1.9961805e-01  -2.4045802e-01  -9.0368027e-02  -1.1866343e-01  -1.0918482e-01   7.3765923e-02   3.5479783e-01  -4.4986053e-01   1.8570552e-01  -2.2786862e-01   1.3569241e-01  -2.4724428e-01  -8.1839496e-02  -3.5490787e-01   6.6601816e-01   1.2874319e-01  -4.2062704e-02   1.0043050e-01   7.3878705e-02   4.1640976e-01   1.3638326e-01  -1.7916939e-01  -8.6815325e-02  -1.2754375e-01  -2.3035340e-01  -3.9274779e-02   2.5218774e-01  -1.7750691e-01  -4.2379008e-01   2.0261282e-01  -1.7615559e-02   1.5616537e-01  -3.7486248e-02   1.0669425e-01  -1.0136893e-01  -2.2470609e-01  -1.2820923e-01   1.8500506e-01   4.5164587e-01   6.7429832e-02   3.7549080e-01  -2.3690216e-01  -1.3540122e-01   1.7330507e-01  -2.4343417e-01   6.0948615e-02   7.7355351e-01  -3.8248468e-03   3.1683478e-01   7.9181433e-02  -4.3818399e-03   2.5404915e-02  -5.7206299e-02  -8.4839397e-02  -1.6928073e-01  -3.3276597e-01   8.4679549e-02   2.1761306e-01  -1.7630828e-01   5.4906988e-02   5.3436031e-01  -3.0713847e-01  -1.6892849e-01   1.8743399e-01  -3.1692476e-02   2.8674317e-01   2.9332501e-01  -8.2051716e-02   3.3656945e-01  -1.1886937e-01   5.5677748e-01  -5.7132621e-02  -1.7906633e-01  -6.0673857e-02  -1.0110254e-01  -5.1730295e-02  -1.6207310e-02   1.2023243e-01  -2.9965043e-02   2.4264907e-01  -1.9335932e-01   1.0225627e-01  -1.4167695e-03   9.4556189e-02  -1.9065104e-01   1.8131587e-01  -1.0539990e-02   2.2288953e-01   2.6801765e-01  -3.4741356e-01  -2.4732330e-02   8.5957670e-02  -1.2940407e-01  -1.1138111e-01  -2.0689823e-01   3.7710532e-01  -1.1495782e-01   1.7822442e-01   5.4042349e-01  -1.1792150e-01   1.5958513e-01   4.0601559e-01  -7.1235922e-02   1.6253259e-01  -7.4482298e-02   1.7447940e-01  -4.9840993e-02  -2.3447766e-01   6.1757328e-02   2.8972748e-02  -2.1833786e-01  -3.4003969e-01  -1.2149648e-01   3.6692011e-02   3.3668259e-01  -5.2854306e-02  -3.4722918e-02  -9.5406311e-02  -1.9129677e-01   8.1555759e-02  -2.1424308e-01  -3.0127900e-01   4.5497419e-02  -1.8903130e-02   2.5336268e-01  -2.1166213e-01  -1.1280997e-01   1.7985536e-01  -1.7697103e-01  -2.6957250e-01   2.4945616e-01  -4.9051297e-02   6.7977508e-02  -3.3173714e-01  -1.7654712e-02  -9.9434484e-02   4.4078590e-02   1.9063997e-01   5.0042163e-02   2.0187440e-01
   9.2623535e-02   5.8873334e-01  -1.5087071e-02  -3.3714701e-03   1.6437855e-01  -1.5484171e-01  -1.6259868e-01   1.9180704e-01   0.0000000e+00   3.3551182e-01  -1.9544717e-01   4.8630989e-01   3.3006156e-03  -1.0383155e-01  -3.2439660e-01  -3.2623946e-02   9.5102744e-02   6.9471143e-03   2.6544924e-01   1.2560641e-01  -4.3477378e-01   7.6566365e-03  -4.2965430e-01   2.2212889e-01   2.7484578e-01   2.9620321e-01   1.0913556e-01  -2.6669222e-01   3.2315419e-01   7.6741127e-02   6.0935754e-01  -9.8636630e-03   8.2787694e-02  -7.5325426e-02   3.7178455e-01   1.3488988e-02   3.1179917e-01  -3.8927361e-02  -2.4090846e-02   9.7080931e-02   1.2454082e-01   1.4573201e-01   6.4048178e-01   6.1606078e-02   1.1137146e-01  -2.1138005e-01  -3.3494574e-01  -5.8628067e-02   2.8614358e-02   3.8243067e-01  -2.0842414e-01   1.0953075e-01   3.1887119e-01   2.6375239e-01   8.7645003e-02  -3.6926643e-01   5.2976246e-02  -1.4825307e-02  -2.1507132e-01   2.6564104e-01  -4.4646660e-02  -7.6167726e-02   5.1498540e-01   5.4878708e-01   2.0068175e-01  -1.9333011e-01  -1.3430899e-01   1.2729096e-01   1.2342635e-01  -5.2367589e-01   3.8074785e-01   5.9434693e-02   1.7132317e-01  -1.9127296e-01   1.6208728e-01   2.2788840e-01  -6.8072286e-02   1.3890622e-01   4.6256061e-01   1.9137356e-01  -2.1399794e-01  -3.0084164e-02  -8.9540558e-02   1.3008670e-01  -2.2746853e-01   2.0106852e-01   4.7466517e-01   4.3604136e-02   4.7028245e-01  -6.0929833e-03   4.4099173e-01   1.1080813e-02   1.2583452e-01   9.6688435e-02  -4.5663999e-02   2.8679806e-01   1.1947392e-01   2.4037407e-01   5.6861771e-02  -2.4711134e-02   1.2466291e-01  -1.4449494e-01  -5.4070740e-02   8.0763570e-01  -1.8281261e-01   2.0501570e-01   2.4045798e-01   2.9181681e-01   1.9545070e-02   1.6370862e-01   5.6574035e-02  -3.1856860e-01   2.0277550e-01   4.0077478e-02  -1.6773336e-01   4.4512554e-01  -1.1105018e-01   4.0927224e-02  -3.0428100e-01   1.9060973e-02  -1.1168016e-01   3.3873770e-01   2.7330708e-01   3.1969197e-01   8.7236422e-03   7.7193729e-02  -1.1203392e-01   2.8240869e-01   1.0907705e-01  -3.3959231e-01  -1.7846480e-01  -1.0125436e-01   3.7483918e-01   1.9219460e-01   5.9627455e-01   3.8026901e-01   2.1627581e-01  -2.5904497e-01   1.3460186e-01   1.0053158e-01   1.0359988e-02   7.1781789e-02  -3.3280736e-01  -4.2774512e-01  -3.1260958e-01   2.2135527e-01   4.3827868e-02   3.0816582e-01  -3.5938825e-01   6.7442965e-02  -1.8838495e-01   5.1984850e-04   2.1150646e-02   1.8459100e-01   3.5614662e-02   1.7244308e-01  -1.5754704e-01  -2.9086398e-01   1.7183058e-01  -3.1073546e-01   8.4088003e-02  -3.4065672e-02   2.8928449e-02  -4.0980573e-02   1.1801777e-01   1.7054542e-01  -2.0545521e-01  -8.0445784e-03   1.3891797e-02   4.0289838e-01   2.6819090e-01  -1.0745065e-01   2.5012889e-01  -2.7269001e-01  -6.9165101e-02   8.7424213e-02   2.9662283e-01
  -2.9059413e-02   2.0660458e-01   1.1142822e-02  -2.6441117e-01  -1.3326173e-01  -5.9743142e-01   2.3462772e-01  -1.0776082e-01   3.3551182e-01   0.0000000e+00  -3.5067020e-01   5.5064685e-01   2.8685010e-02  -3.4315542e-01  -4.3606131e-01  -2.3321835e-01  -1.6130757e-01  -2.0930812e-01  -7.2617626e-02   4.8203398e-02  -2.9047987e-01  -3.7163541e-01  -1.5340946e-01   1.9517926e-01  -1.0670909e-01   1.4347713e-01  -1.2232960e-01  -1.9906195e-01   1.0172850e-01  -3.7908179e-01   1.9132988e-01  -2.5165892e-01   7.8402225e-02   5.4624397e-01   2.4367481e-02  -1.1685510e-02   4.9321418e-01  -2.8971841e-01  -1.9077200e-01   3.5018672e-01   4.3422256e-02   5.4165260e-02   2.4822125e-01   1.0392539e-01   1.7918034e-01  -4.1572421e-01  -5.9087022e-01   1.2591271e-01  -1.6425171e-01   4.6985417e-02  -2.1289802e-01  -1.2910428e-01   4.9637673e-01   4.7298368e-03  -1.6019032e-01  -6.7162311e-02  -3.2567345e-01  -2.1973467e-01  -2.1740135e-01  -1.9496737e-01  -2.8294776e-01   1.0580812e-02  -1.8009351e-02   3.2672492e-01  -8.5285523e-02   4.2866641e-02  -5.8088190e-01  -6.6813626e-02  -2.8999233e-01  -3.4356096e-01   4.7261001e-01  -4.2840383e-01   4.0530980e-02  -2.6111931e-01   4.8573987e-02   1.5328445e-01  -3.0434674e-01   2.9378529e-02   3.6021060e-01  -6.8639972e-02   5.0722144e-02   1.8662926e-02   1.1557850e-01  -1.2487660e-01  -3.7048572e-01  -7.8520011e-03   2.9575886e-01   9.7181562e-02   1.2364745e-01  -1.6105710e-03   9.3928164e-02  -2.6520283e-01   5.8424081e-01  -2.9870121e-01  -3.3358250e-01   1.5596075e-01  -2.0070711e-01  -1.8510528e-02  -1.7878740e-01   2.2582052e-01   3.3622528e-01  -2.5368840e-02  -2.9667137e-01   2.6187626e-01  -4.4020645e-01  -1.2035961e-01   1.2884757e-02  -8.0394093e-02   3.2651440e-01   2.1551850e-01   6.7047421e-01  -5.7302256e-01  -1.3664210e-01   6.6785187e-02   1.9847386e-01   5.7797358e-01  -1.8895664e-01   4.2554483e-02  -2.6801103e-01  -1.8845376e-01  -2.1683399e-01   6.3158120e-02   9.5679877e-02   2.7210687e-01  -7.1214563e-02  -2.6974189e-01  -3.0518320e-01   1.8547212e-01  -2.2134265e-01  -2.3952890e-01   7.9351753e-02   2.0651502e-01  -7.6200793e-02   4.5098377e-01   1.1974825e-01   1.9394257e-01   6.2310218e-02  -1.5631489e-01  -6.3387556e-02  -2.4819752e-02  -1.4911789e-01   5.0270681e-02  -4.7515136e-01  -4.1502691e-01  -7.5358530e-02  -4.2087315e-02   6.3397150e-01  -4.9701369e-03  -3.7310716e-01   3.0535962e-01   2.8273445e-02  -8.0497947e-02  -1.8350245e-01  -5.5415557e-02  -4.0942673e-03   2.5469476e-01  -2.3823285e-01  -2.0052415e-01  -1.4864400e-01  -2.2679990e-01   1.2857889e-01  -2.1663742e-01   2.8080958e-01  -3.3900370e-01  -1.8810570e-01   4.9893944e-01  -1.0104329e-02  -1.5485636e-01  -1.3892909e-01   4.5397275e-01   3.7373542e-01  -3.2628496e-01  -1.3787037e-01  -5.1378158e-01  -9.3596921e-03   1.3310566e-01  -1.1217990e-01
  -8.0257441e-02  -2.9155045e-01   9.8120228e-02   1.9866060e-01   1.4349924e-01   1.1654098e-01  -4.0784193e-02  -2.6543034e-01  -1.9544717e-01  -3.5067020e-01   0.0000000e+00  -2.2108733e-01   1.4589199e-01  -3.2350996e-02   4.7895791e-01   2.8760899e-01  -4.1226869e-02   5.0819313e-01  -2.6284143e-01   1.6862820e-01   2.5564457e-01   1.4646354e-01   1.0659611e-01  -2.6108576e-01  -1.7240305e-01  -3.4420354e-01   3.0325311e-01  -1.3064244e-01  -1.2344915e-01   2.1423360e-01  -1.0452372e-01  -2.1416239e-02   7.1414748e-03   2.0714443e-02   9.0138211e-02   4.3806850e-01  -2.4371992e-01   1.7580932e-02   3.0308646e-01  -1.1475742e-01   2.8576421e-01   7.0538201e-02  -1.1029055e-01   1.0858924e-01   2.4087383e-01   1.5418778e-01   6.6722478e-01  -4.1808742e-02   1.4382308e-01  -1.4693158e-01   5.6090479e-01  -2.1329850e-01  -2.0971021e-01  -1.7124788e-01  -8.7382979e-02   8.4936051e-02  -1.5881801e-01   2.9208223e-02   3.5192804e-01   2.3293127e-01   2.6378841e-01   9.4728205e-02  -1.6333609e-01  -2.2727531e-01   9.2244460e-02   3.3000385e-01   2.2520194e-01  -2.1318922e-02   6.4182303e-02   2.7957052e-01  -3.0403336e-01   3.0179363e-01   2.1012582e-01   7.7483136e-02  -1.9947163e-01  -2.4665578e-01   2.6569520e-01  -1.4610872e-01  -1.5658524e-01   8.7178694e-03  -6.4692953e-02   2.2762387e-01  -3.8052501e-02  -2.5723425e-01  -4.1279264e-02  -3.0456367e-01  -2.0257168e-01  -1.7154468e-01  -2.2493777e-01  -4.6256972e-02  -2.4408408e-01   1.7440347e-01  -3.5585428e-02   3.5665463e-01   5.6378638e-02  -4.2301426e-02   4.0732056e-02  -3.1669923e-01   4.3895753e-01   3.3244155e-02  -2.8036270e-01   3.9189234e-01   3.6400469e-03  -1.9915673e-01   1.8584704e-01  -1.0015566e-01  -1.6909136e-01  -2.7306616e-01  -1.3585736e-01   2.3324798e-02  -8.6717277e-02   1.9468263e-01   1.0605422e-01  -4.1901517e-02  -1.3022910e-01  -2.6595817e-01  -7.4922669e-02   2.0824116e-01   7.0645441e-02   1.0322397e-01   2.3502691e-02  -1.2772885e-01  -1.3759621e-01  -2.4566333e-02  -6.3017125e-02  -1.2616657e-01   4.5791801e-01  -2.6617511e-01  -1.8937389e-03   2.8856533e-01   2.2121843e-01   1.6170282e-01  -3.4366826e-01  -3.0052593e-02  -3.1883399e-02  -2.8694015e-01  -1.6786532e-01  -1.1121488e-02  -1.8123949e-01   5.4233284e-02  -4.3508138e-02   1.8922378e-02   3.2063595e-01   1.7913079e-01   3.5570281e-01   1.6916757e-02  -2.2106318e-01   2.0172870e-01   4.8645366e-01  -1.7613481e-02  -6.3699632e-02  -7.3083293e-02   1.0062761e-01   4.3330917e-01   5.1535580e-02  -1.3408604e-01   1.1314748e-01   3.6012518e-01   8.0646563e-02   6.6460408e-02  -4.2432960e-02   2.0437973e-01   1.0663556e-01   3.2706878e-01  -1.4688947e-01  -7.3161421e-02   2.6742868e-01  -8.4268189e-02  -7.1836750e-03  -3.4826779e-01  -1.5464765e-01   1.8008523e-01   4.2390075e-01   2.1244721e-01  -7.3538625e-02  -7.5578031e-02  -1.3507281e-01
   3.3397915e-02   6.3715776e-01   1.7265466e-01  -1.7579215e-01   3.1939880e-01  -4.4250348e-01  -1.0861262e-01  -1.4512851e-01   4.8630989e-01   5.5064685e-01  -2.2108733e-01   0.0000000e+00  -7.2177436e-02  -2.0382219e-01  -1.6612239e-01   9.9255733e-02   2.4739064e-01  -1.5504636e-01  -6.2651324e-02   3.5342738e-01  -4.5700550e-01  -1.8490436e-01  -4.5081481e-01   1.4054964e-01   2.0980328e-01   1.5368638e-01   3.2911066e-01  -4.5049552e-01   1.9151171e-01   7.1103595e-02   3.6493393e-01  -2.1653546e-01   1.6109812e-01   1.1818912e-01   4.9399773e-01   6.8446623e-02   2.1922529e-01  -1.3943605e-01   2.7354208e-02   4.6546386e-01   1.2044473e-01   1.3609240e-01   6.4350643e-01  -2.0154291e-01   2.9894124e-01  -3.3081116e-01  -2.8338795e-01  -1.3364042e-01  -3.3426665e-02   6.0379367e-01  -2.5862477e-01  -1.7338214e-01   3.1407498e-01   2.2454447e-01  -2.3253978e-01  -4.7670054e-01  -3.3728814e-01  -3.9142025e-01  -9.6158550e-02   3.2559384e-01  -1.7123326e-01  -1.5206237e-02   4.4218141e-01   3.2616513e-01   8.7841232e-02   9.2321382e-02  -2.3790200e-01   2.2213416e-01  -1.1302312e-01  -5.5512343e-01   5.1981989e-01  -1.2195455e-01  -6.2385062e-02  -6.7195198e-02   1.6053166e-01   4.7505695e-02  -1.9393846e-01  -1.4836369e-01   5.3078731e-01   8.8731420e-02  -3.8495753e-01   4.2292126e-02  -1.6131716e-01  -2.3790719e-01  -2.2394807e-01  -4.7797801e-02   3.5674507e-01   3.5594237e-02   4.9589395e-01   9.6193487e-02   6.3236478e-01  -6.5645796e-02   5.5270566e-01  -1.8931551e-01  -1.2044070e-01   5.4472155e-01   8.8777484e-02   3.8050331e-02   5.5194418e-02  -1.6731006e-01   7.0881976e-02   8.6168584e-02  -3.0462468e-01   4.0613679e-01  -3.2139292e-01   4.1835242e-02   2.8260314e-01  -2.6477549e-02  -7.1012042e-02   4.2150645e-01   2.4866697e-01  -4.0865829e-01   8.0636217e-02   1.5602262e-01  -2.6155698e-01   4.3078983e-01  -4.8431004e-01   1.4043963e-01  -3.9155603e-01  -2.3139185e-01  -1.3938904e-01   5.9400897e-01   5.0766487e-01   1.7854033e-01  -1.6802139e-02  -1.4169961e-01   5.6037082e-02   3.5023180e-01  -4.1185164e-02  -2.6002305e-01  -8.4690485e-02  -1.4142641e-01   2.3175696e-01   1.6818386e-01   3.0035142e-01   1.1921855e-01   2.0811014e-01  -4.5651338e-01  -1.7296383e-01   9.0444263e-02   6.0711085e-02   1.3167136e-01  -3.3108762e-01  -4.2691934e-01  -3.2229985e-01   8.6632163e-03   2.1410820e-01   4.1207360e-01  -1.4229368e-01   1.2848031e-03  -2.4596689e-01  -1.2404875e-01  -1.6565909e-02   1.0317825e-01   3.6576677e-01   2.6494837e-01  -1.4560157e-01  -2.0176020e-01   1.0024728e-01  -4.4751992e-01   2.4884165e-01  -1.4758851e-01   1.4037006e-01  -1.4419957e-01  -1.7329875e-01   4.9531695e-01   1.1051235e-01  -1.9490303e-01  -1.5011009e-02   4.9435550e-01   6.6115694e-01  -1.7308427e-01   1.6580252e-01  -2.2252667e-01   1.0903337e-01   1.3413171e-01  -1.4358172e-01
  -1.6383493e-02  -1.4232162e-01   4.7007414e-02   1.4757882e-01   1.7201326e-01  -1.7746787e-01   2.1500305e-01  -9.5353295e-02   3.3006156e-03   2.8685010e-02   1.4589199e-01  -7.2177436e-02   0.0000000e+00  -2.6854316e-01  -5.3410069e-02  -4.3596242e-02  -1.1676494e-01   2.0263777e-01  -8.9151964e-02   3.1227464e-01   1.4961445e-01  -2.1651547e-02   2.5607249e-01  -4.7333121e-02  -1.7509766e-01   4.8081253e-02   6.7757485e-02  -2.4257877e-01  -2.1147894e-01  -3.0837802e-02  -6.2558325e-02  -1.7574306e-01  -7.7811535e-02   2.0486689e-01  -4.0351283e-02   3.8078533e-01   7.0515140e-02   5.3043413e-02   6.7089232e-02   1.3513866e-01   7.0255738e-01   7.6865489e-03  -1.0461709e-01  -5.2818737e-02   2.1641287e-01   4.0143070e-02   8.6551995e-02   6.1980116e-02   1.0858002e-01  -9.4368159e-02   2.9681868e-01  -1.0002287e-01   7.4973207e-02  -7.3776882e-02  -4.7755605e-02  -2.3506260e-02  -1.6287853e-01   8.0627620e-02   2.1226311e-01  -6.4254682e-02   1.0334142e-01   2.5003330e-01  -1.1296641e-01  -6.0325248e-02   9.2072341e-02   2.2241544e-01  -1.3182805e-01   4.5340362e-04   2.7529157e-04  -1.2371249e-02   7.1735631e-02   6.9090925e-02   2.9980627e-01  -1.2040255e-01  -1.1747661e-02  -5.3137089e-02   1.3848012e-01  -3.8284893e-02   2.2668868e-01   7.8354127e-02  -7.0811331e-02   3.7370341e-01   5.6565113e-02  -1.9148061e-01  -1.5683085e-01  -7.7605360e-02   1.2986692e-01  -1.7735880e-01  -9.2195904e-02  -3.0707389e-02  -4.4998314e-02   5.3594990e-02   1.5604021e-01   8.7774026e-02   6.5375835e-02   4.5395160e-02   1.2106189e-01  -2.2265825e-01   2.8993161e-01   2.9652639e-01   9.5765431e-02   2.6531643e-02  -5.3241964e-02   1.2082443e-01  -7.6921922e-02  -1.4243692e-01  -5.4498766e-02  -1.6095082e-01   2.6491319e-01   1.8381366e-01   1.9265935e-01  -7.8509825e-02  -1.7338514e-02   1.7237619e-02  -4.0918262e-02   1.1613927e-01  -1.5750922e-01   6.6143254e-01  -2.2656455e-01   1.1173156e-01   2.6773283e-02  -3.3655233e-02  -1.3561212e-01   1.0339505e-01  -4.8465818e-03  -2.1342698e-01   6.4456807e-02   1.4628296e-01  -1.4064359e-01   2.6326624e-03   4.1280690e-01   2.2179840e-01  -1.4298643e-01   2.3475434e-01  -3.2548993e-02  -3.7262035e-02  -1.3900238e-01  -1.0639540e-01  -1.5411088e-01   1.3982743e-01  -1.5860108e-01   2.9256489e-01  -6.3734466e-02  -2.0757304e-01   1.4929562e-01   1.0754824e-02   1.9096528e-01  -1.2363678e-01   1.2318117e-01   2.7009089e-01  -5.2371664e-02  -7.0441291e-02  -6.2740873e-03  -3.2383896e-04  -2.0727204e-01   9.4702670e-03   8.8660893e-02   3.5540295e-01  -7.2207197e-03  -1.5880068e-01   2.2833085e-02  -3.4353180e-02   2.7150835e-01   9.7024810e-02   7.3160049e-03  -8.7355054e-02   8.3440281e-02  -1.2632479e-01  -4.9454673e-02   1.2176272e-01  -3.2860950e-02   1.5230039e-01   1.4563524e-01  -2.1010102e-01  -4.7632647e-02  -3.8057239e-02   1.5176866e-01
   2.9937406e-01  -2.4001977e-01   1.3227959e-01   1.7057299e-01  -8.1316778e-02   6.0497845e-01  -4.1548794e-01   1.2457152e-01  -1.0383155e-01  -3.4315542e-01  -3.2350996e-02  -2.0382219e-01  -2.6854316e-01   0.0000000e+00   1.1176168e-01   2.0498520e-01   3.0697527e-01   1.4782336e-01   1.8013347e-01  -8.9766721e-02   1.6366936e-01   4.2026045e-01   5.3315376e-02   1.1989345e-01   2.2747042e-01  -7.8368343e-04  -5.2233948e-02   4.4951355e-01   1.5882798e-01   1.9169679e-01  -2.5279144e-01   4.0324346e-01  -1.1372436e-01  -5.3931440e-01  -1.6554800e-01  -1.6586215e-01  -3.3779241e-01   2.6238937e-02   3.5234494e-02  -3.2845333e-01  -2.3366396e-01   2.0825946e-01  -7.0074014e-02   5.4809631e-02  -2.3124110e-01   2.9739084e-01   2.3379171e-01  -2.9631588e-01   1.1378717e-01   1.1407194e-01   4.6899845e-03   2.5304581e-01  -5.0817822e-01   4.1628530e-01   3.3291282e-01   2.4373854e-01   3.3244421e-01   3.3069421e-01  -3.2739152e-02   7.6465949e-02   4.1066780e-01  -2.0885054e-01   2.7879960e-01  -1.9408892e-01  -9.9502782e-02  -2.7007447e-01   6.4757245e-01  -1.5398472e-01   3.7089936e-01   2.5416549e-01  -4.9080826e-01   2.7539387e-01  -1.8230553e-02   6.3077013e-01   1.4392882e-01   1.2515858e-01   2.8905628e-01   1.5582496e-01  -3.2934944e-01   3.1592579e-01   3.0415121e-02  -7.6064141e-02   1.1426923e-02   1.7741062e-01   6.8966161e-01   2.6134704e-01  -3.4770852e-01   2.9135366e-01   1.5060278e-01   1.9214888e-01  -1.6348639e-01   5.5435191e-01  -3.5964894e-01  -4.3801607e-02   2.2730413e-01  -8.5344241e-02   2.4465338e-01   8.9938369e-02  -9.2621940e-02  -3.1011241e-01  -2.6021209e-01  -3.3821597e-01   4.6445568e-01  -5.5094603e-02   3.1296123e-01   3.6815023e-01   4.2116625e-01   1.8507498e-01  -2.9872503e-01  -1.6988492e-01  -5.5754123e-01   4.2096474e-01   1.3065985e-01   7.0040208e-02   5.6944043e-02  -5.3421034e-01   3.6753613e-01  -1.6922802e-01   5.5357500e-01   3.6140275e-01   1.7015976e-01  -2.3507745e-02   5.6077503e-02  -3.8654899e-01   5.2112019e-02   6.4288827e-01   2.1859189e-02   1.2315772e-01   5.1116125e-01   1.6904267e-01  -3.8381080e-01  -4.2931739e-01   4.8370469e-01  -4.8247779e-01  -3.7532575e-02  -4.2857051e-02   2.7752084e-01   2.1028769e-01   2.5003086e-01   1.1712973e-01   4.9638832e-01  -5.1018388e-02   4.4851566e-02   5.5069511e-01  -8.1621599e-02  -7.3882622e-02  -4.9468646e-01  -1.5638639e-01  -3.8395798e-02  -3.7811746e-01   3.2020342e-01   1.8510843e-01   4.3922694e-01  -3.0997446e-01   1.1487618e-01  -1.0614942e-01   3.2369203e-01  -5.2791102e-02   4.5137788e-01   2.7293538e-01  -3.5722411e-01   1.8129194e-02  -2.9872777e-01   1.4758644e-01   3.0710101e-01  -3.5804825e-01  -2.2195426e-01   2.9223812e-01   4.9864313e-01  -2.5773239e-01  -3.4439901e-01   1.6496795e-01  -2.5785338e-01   4.8821837e-01   5.3838950e-02  -1.1079258e-01   3.6476191e-01
