   0.0000000e+00  -1.3915029e-01  -2.9940975e-01   7.7121808e-02  -5.7452000e-01  -1.1126089e-01  -2.0299221e-01   1.0758167e-01  -2.0525634e-01   9.4574252e-03  -3.7767569e-01  -1.6597110e-01  -4.3100621e-01   7.2004405e-01   3.5121118e-01  -8.0495868e-02  -1.7937681e-01  -1.3142715e-01   1.5431873e-01  -5.7039740e-01   1.0918705e-02   6.5698156e-02   5.8358313e-02   6.5193358e-01  -8.5375986e-03   4.5581672e-02  -3.7865562e-01   3.3283712e-01  -6.5946681e-02   1.5078300e-02   5.8447933e-02   8.5558618e-02   1.3988426e-01  -3.9254233e-02  -1.0436357e-01  -6.5317990e-01   2.6528038e-02   2.6146376e-01  -2.5375295e-01  -4.9276087e-01  -3.2765449e-01   2.0331913e-01  -2.9351623e-01   1.2851833e-01   4.2028449e-02   4.0763229e-01  -4.9814257e-01  -1.9164628e-01  -3.1158814e-02  -3.0359586e-01  -1.2675038e-01   1.4064795e-01  -3.1298055e-01   2.4777928e-02   6.0938521e-01   3.0108813e-01   5.2625656e-02  -2.8039488e-02  -1.1879043e-01   7.7428923e-03   2.5757040e-01  -2.6015735e-01  -2.9215816e-01  -1.6669410e-01   4.3126918e-02  -2.9190675e-01  -1.3385828e-01   1.9999152e-01  -1.1722665e-01  -6.7134960e-02  -3.7854449e-01   8.0175920e-02  -3.7504850e-01   5.0326810e-01  -4.5782138e-02   2.6806750e-01   1.8421912e-01   1.4798639e-01  -4.9744586e-01  -1.0216352e-01   2.2655088e-01  -3.3644244e-01  -3.6493353e-01   5.3154240e-02   5.3121351e-01   1.4984790e-01   4.7319932e-02   4.7876639e-01  -1.9596585e-01   7.8980895e-01  -4.3630026e-01   3.3110046e-01  -4.1051238e-01  -1.3286621e-01   1.8043026e-01  -5.0945619e-01  -1.3893784e-01   1.4960454e-01  -3.0853054e-01  -2.4460397e-01   2.8277101e-01   8.5971917e-02   2.2239888e-01   4.0047394e-01  -1.9244347e-02   8.6136921e-02   1.5402403e-01   1.5739232e-01  -4.0849593e-02  -1.8006076e-01  -3.8773176e-01   2.5011212e-02  -9.4302823e-03   7.3242556e-01   3.2953093e-01  -3.7955798e-01   2.1801626e-01  -2.7952400e-01   2.5877059e-01   3.5256765e-02   6.1912801e-01  -2.0405096e-01   9.4487409e-02  -7.9391180e-02   6.0550062e-01   4.3085747e-01  -3.4613039e-03   1.1671996e-01   2.5362188e-01  -1.6613184e-02  -4.2181186e-01  -2.8324339e-01   7.6811411e-01  -4.1818811e-02  -6.7027983e-03   2.0349983e-01  -3.1788746e-02   2.0079917e-01   1.5902892e-01   3.5537052e-01   4.9447479e-01  -3.6040999e-01   5.4763739e-02   1.7445337e-01   8.4281552e-02   1.2287135e-01  -3.4556785e-01  -3.1129398e-01  -1.1048815e-01  -2.5814398e-01   2.7097947e-01   2.5097939e-01   6.0551397e-01  -3.9857571e-01  -2.8969595e-01   5.5597949e-01   4.8845654e-01  -2.3099646e-02   3.6900666e-01   2.0872217e-01   2.3661869e-01   8.1145228e-02  -5.0016799e-01   3.3879064e-02   9.8121262e-02  -1.1784581e-01  -2.1030860e-01   1.1551070e-01   6.6150682e-01  -3.5601879e-01  -4.9965676e-01   2.1312841e-01   3.4100002e-02   5.8199334e-03   4.9814516e-02   6.4666307e-03   1.3321485e-02
  -1.3915029e-01   0.0000000e+00   5.6848220e-02   1.9901797e-02   1.3533786e-01   1.1892493e-01   1.5728875e-01   1.7572725e-01   6.2890808e-01   1.8955238e-01  -3.6125605e-02   4.8762514e-01  -1.6194213e-01   1.2689336e-01   3.8949277e-02  -4.4883876e-01   2.4088299e-02   7.7435651e-02   2.4493024e-01  -3.3515426e-02   4.4159348e-01   1.0329910e-01  -2.9441754e-03  -3.3445791e-01  -6.5281992e-02   8.9745963e-02   8.5767308e-02  -2.0727780e-01   6.3048404e-02   5.1263073e-01   3.1676294e-01   1.2285852e-02  -2.2453236e-01   1.8939558e-01   3.2837797e-01   2.9497678e-01   4.2576173e-02  -2.7031401e-01  -3.5156502e-01   1.8175911e-01  -9.2274468e-02  -2.3779771e-01   3.1928564e-01   1.5237407e-01   1.8150179e-01  -2.8257811e-01   1.1173539e-02   4.6377573e-01   3.1135321e-01   4.9263722e-02  -5.6571804e-02   1.1575312e-01   6.4723491e-01  -9.4499394e-02   1.9801690e-02  -3.9833381e-02   9.9137004e-02  -8.1370175e-02  -4.5571987e-02   4.3888512e-01  -2.7691804e-01   1.3071414e-02   4.8291231e-01   4.6543457e-01   4.7576380e-01  -2.2859891e-01   8.3118915e-02  -5.9350300e-02   6.2637683e-02  -2.5802156e-01   5.9085239e-01  -1.8787509e-03  -5.5647140e-02   4.3704865e-02  -2.0349256e-01   1.4618169e-01  -3.3298828e-01   2.2459066e-02   3.7552142e-01  -2.5574218e-01   4.1934823e-02  -1.5775276e-01   4.2939015e-01   1.5997711e-01  -1.0826511e-01   1.5966357e-01   5.3566764e-01  -1.6052984e-01   4.0334901e-01  -2.9865459e-01   3.1019952e-01  -2.4117010e-01  -2.3646571e-02   4.5300531e-01  -2.6078558e-01   3.7347724e-02  -8.0077198e-02   1.5820001e-01  -3.6114999e-02  -4.3283842e-02  -4.2711172e-02  -1.1247911e-01   1.4016985e-01   4.8947153e-01  -8.8350840e-02  -1.2039584e-01  -5.1816550e-02   1.1647267e-01   1.6957294e-01   3.7434487e-01   1.7561290e-01   1.0660054e-02   6.5545338e-02  -2.8413796e-01  -1.6383350e-01   4.7242683e-01  -1.5444814e-02  -1.3809476e-01  -1.5331648e-01  -1.4978345e-01  -3.2928801e-01   5.5121961e-02   3.8211696e-01   5.3517316e-01  -3.6772068e-01  -7.4744086e-03  -1.6085790e-01   5.6334678e-02   1.7471882e-01  -1.6600208e-01  -2.6193275e-01   2.3766798e-01  -3.5661919e-02   4.1731001e-01   3.0296708e-01   1.8626205e-01  -2.1625841e-01   2.8195983e-01   1.6403937e-01  -8.8508114e-02  -3.7781093e-02   3.2460090e-02  -2.0017306e-01  -9.7172670e-02   2.2648863e-01   3.4725955e-01   9.9924846e-02   2.8818192e-01  -8.6719680e-03   4.9561253e-01  -2.2685756e-01   1.7521446e-01  -3.4676959e-01   3.8577131e-01   1.9826589e-01  -2.5895938e-01  -2.6804856e-01  -1.3433622e-01  -2.4791347e-01   2.0102823e-02  -5.3394177e-03   1.2116950e-01   5.7729733e-02  -4.7608103e-02  -8.6009322e-02   2.1949774e-01   1.9163473e-01  -7.8061554e-02  -1.8055687e-01   3.0642556e-01   1.5422605e-01  -3.8516504e-01   1.2500945e-01  -6.9824808e-02  -4.8492281e-03  -1.2717299e-02   4.1124823e-02
  -2.9940975e-01   5.6848220e-02   0.0000000e+00  -4.1624187e-02   2.7745658e-01  -1.7315456e-01  -3.5874240e-01  -2.0053487e-01   2.5184989e-01   2.4633169e-01  -2.0583402e-01   2.9656421e-01   2.2619463e-01  -3.3289832e-01  -3.8775782e-01   1.2634929e-01   8.9572502e-01  -2.6583851e-01  -1.3711231e-01   3.0221905e-01  -1.6668008e-01  -1.7419653e-01  -2.5520629e-01  -4.0985540e-01  -1.9294363e-01  -1.5859769e-01   1.7142476e-01  -3.4508763e-01  -2.0387061e-01  -4.6864437e-01  -1.6588218e-01  -1.6374168e-01   3.2281730e-01   1.7997340e-01  -7.9334545e-02   2.8167230e-01  -3.9034817e-02   1.4732136e-01   2.1580988e-01   6.9602801e-01   2.4434258e-01   2.1887443e-01   3.6658625e-01  -1.6628644e-01  -2.9868422e-01   1.8357937e-01  -6.3913659e-02  -2.9234084e-01  -1.1711917e-01   8.2730899e-01  -2.6931147e-01  -1.2215150e-01   2.3662143e-01   1.3731744e-02  -3.3868084e-01  -2.1059826e-01  -1.8169283e-01  -1.1211590e-01   2.4835379e-02  -4.6830752e-01   4.3647249e-01   1.5081087e-01   5.0064286e-01  -1.2945985e-01  -2.9939320e-01  -5.2202290e-02  -1.8465888e-01  -4.2386991e-03  -3.2864624e-01   5.7953643e-01   4.8182505e-01  -1.9583909e-01   2.6401847e-01  -2.1842885e-01  -2.2420907e-01  -1.2827267e-01   3.9890177e-01  -3.8239619e-01   3.9381794e-01   1.4794572e-01  -3.4673106e-01   5.3228087e-02   4.0356003e-01  -1.7625591e-01  -1.3494309e-01  -1.5306245e-01  -1.2064722e-01  -4.9052980e-01   1.8721376e-01  -4.3176768e-01   5.3627032e-01   4.9445941e-01   7.1904074e-01  -2.2904188e-01   2.5389117e-01   5.3457207e-01   7.3974717e-02  -2.8720955e-01   2.1788404e-01  -6.3881500e-02  -1.1122884e-01  -3.5317769e-01  -5.2912244e-01  -1.6142725e-01  -4.7413676e-01  -2.2707736e-02   2.7728627e-01  -2.1465173e-01  -1.3158613e-02  -1.6189380e-01   5.0894970e-01  -3.1551470e-01   1.6607381e-01  -3.0882183e-01  -3.4737505e-01   2.7309748e-01  -1.3356472e-01   2.4311749e-01  -3.3126198e-01  -8.5094959e-02  -1.3210292e-02   2.8275388e-01   3.7119888e-01  -1.6415164e-01   3.7872275e-02  -5.0837164e-01  -3.8327771e-01   7.9292942e-02  -2.0387060e-01   4.9280505e-01   2.5807609e-01  -1.3311869e-01  -3.7605025e-01   1.7721061e-01   9.7155300e-02  -1.7008949e-01   1.6995346e-02  -1.9998610e-01  -2.0040880e-01  -1.3351393e-01  -1.3251891e-01   2.2429898e-01  -3.2668217e-01   9.7243592e-02  -2.6493329e-01  -4.1532352e-01   4.6810857e-01  -1.8575175e-01  -5.3424299e-01   2.0002451e-01  -1.5957209e-01  -4.1860658e-01  -1.4495682e-01   2.2902401e-01   7.8055322e-01  -2.5304233e-01   8.7959062e-02  -9.6898493e-02   4.3585263e-01  -3.6884340e-01  -3.6763162e-03  -2.3284798e-01   2.1743077e-01  -3.0124939e-01  -4.2063647e-02  -1.4197733e-02   1.4180889e-01  -1.7773951e-01  -5.2101367e-02   5.4986468e-01   4.2765756e-01   2.1262167e-01  -2.1964061e-01   9.6498701e-02  -2.1073477e-01   2.5726780e-01  -3.8526995e-02
   7.7121808e-02   1.9901797e-02  -4.1624187e-02   0.0000000e+00   3.7668919e-02   1.8418911e-01   1.3459862e-01   9.8803590e-02   1.1345021e-02  -1.7376651e-02   2.0200509e-01  -2.9188654e-01   3.6665815e-02   3.5801697e-01   1.8091326e-01   1.3596882e-02  -1.8546955e-02   5.1200123e-01   9.4445390e-02   7.0756863e-02   1.1039106e-01   3.4569160e-01   2.4483373e-01  -1.0607276e-02  -2.0999931e-02  -1.0446467e-01   3.1460333e-01  -6.1361058e-02   1.5439624e-01   2.8296773e-01   2.0259566e-01   3.7242435e-01   1.8175465e-01  -3.3114963e-03   1.3430888e-01   4.4557230e-02  -1.1246633e-01  -4.1708368e-02   1.3625294e-02   2.2625977e-02   2.8954545e-01   2.1147049e-01   1.8358023e-01   1.3739028e-01   2.6455079e-01  -2.8000526e-01   2.4384120e-01   3.4924829e-01   2.1281946e-01   5.3995112e-03   5.1220924e-01   4.6805437e-02  -3.4392344e-02   1.0143829e-01   1.3936883e-01  -3.8949011e-02  -1.9184645e-02   1.3381001e-01   5.4723023e-01   7.6654723e-02  -8.4435487e-02   2.6746802e-01  -2.0236359e-02   2.2395621e-03   2.7684354e-01  -5.4896556e-02   3.3969855e-01   3.4929461e-01   3.3925620e-01  -1.0529581e-01   1.0282553e-01   5.4976029e-01   1.1620999e-01  -2.0631434e-01  -1.1151006e-01   3.0904398e-02  -1.8107372e-01   6.1091601e-02  -2.3506981e-01   4.5335798e-01   9.0298824e-02   1.9437754e-01  -1.3559127e-01   1.0880925e-01   9.1237855e-02   2.0863088e-02   1.9634761e-01  -5.5189823e-02  -1.2547302e-01  -6.2721352e-02  -1.1961987e-01  -3.5757636e-02  -4.7038909e-03   1.1676341e-01  -1.4789579e-01   4.1054144e-02   2.6366546e-01   3.3406502e-02   2.2773470e-01   2.8280787e-01   2.4245018e-02   1.6114064e-01   3.4885374e-01   1.8761310e-01   3.4014809e-01   4.1789641e-01   1.5999601e-01   2.4149767e-01  -1.1073653e-01   3.6306733e-01  -1.3372421e-01   2.5078769e-01   3.3110163e-01  -9.9792957e-02  -9.4155257e-02  -1.8655775e-01  -9.3275827e-02   1.8750693e-01  -2.4179163e-01   5.7739714e-01   1.5057731e-01  -9.5210669e-02   2.7632384e-02   1.7858047e-01  -1.3824990e-01   2.8875615e-02   2.8819509e-01   2.8188045e-01   3.9849971e-01  -2.2918077e-01   1.6877994e-01  -1.5423005e-01   9.1838499e-02   8.6658106e-02  -8.3264182e-02   1.2785078e-01   2.8361090e-01   2.2754474e-01   1.1831450e-01   9.5161758e-02   1.2588190e-01  -1.2483153e-01   2.0275850e-01  -8.0182876e-02   6.2213272e-02   1.8789745e-01  -8.9898384e-02  -4.8936490e-03   5.0984810e-02   1.7160273e-01   6.7759590e-03   2.1389424e-01   7.8108498e-02  -2.8090607e-01  -7.9753106e-02   3.2877681e-02   2.2065047e-02   5.8692323e-01   1.3983212e-02   9.5651840e-02   2.0461457e-01   2.6751777e-01   1.2152138e-01   5.2455548e-01   3.3702767e-01  -2.3014399e-01  -2.2312926e-01  -8.9661161e-02   2.1446997e-01  -1.3917156e-02  -2.9284196e-01  -4.8927016e-02   5.4711071e-01  -1.1420199e-01   2.4270314e-01   1.5432949e-01   3.8285694e-01
  -5.7452000e-01   1.3533786e-01   2.7745658e-01   3.7668919e-02   0.0000000e+00   1.5076864e-01   1.1515191e-01  -1.7148911e-01   4.5563502e-01  -6.7941054e-02   4.1022171e-01   1.8934520e-01   4.8821057e-01  -4.0426191e-01  -3.4475723e-01   2.5364230e-01   1.3171950e-01   1.4224068e-01  -1.6936458e-02   8.7311691e-01  -2.2968965e-01  -1.3863030e-02  -2.6579261e-01  -5.0605868e-01  -4.0219806e-02  -2.2477031e-01   4.9735653e-01  -5.0100534e-01   1.8365414e-01   4.5621599e-02  -1.4640117e-01  -1.2941801e-01   1.6100059e-01  -2.8597191e-03  -2.4416538e-02   7.8131958e-01  -1.4998152e-01  -3.2605578e-01   4.0266273e-01   4.0900337e-01   4.5510437e-01   1.2569310e-01   3.7342827e-01  -1.0983388e-01   1.4904843e-01  -4.6704430e-01   5.4630538e-01   1.3206348e-01   4.0825090e-03   3.5482946e-01   1.8731654e-01  -1.9435515e-01   4.0497219e-01   1.2178844e-01  -4.4832910e-01  -3.8884535e-01  -6.8672523e-02  -3.5361068e-03   8.4015883e-02  -1.0001418e-01  -2.7656539e-01   3.1091865e-01   4.5706267e-01   8.3889198e-02   1.5897873e-01   3.6316591e-01   1.4869160e-01  -2.7968102e-02  -1.2446412e-02   1.6739337e-02   3.8090322e-01   1.0441683e-01   4.6707914e-01  -5.2081190e-01   1.0311782e-01  -2.9271333e-01  -2.8739040e-01  -1.9141071e-01   7.2716832e-01   2.7458249e-01  -5.2182496e-01   4.8884342e-01   3.3650357e-01  -1.9063571e-01  -3.1334287e-01  -2.6200905e-01   4.4611221e-02  -3.8139761e-01   1.8984495e-01  -5.8472860e-01   5.3892072e-01  -3.9494702e-01   4.8645720e-01   1.7197694e-01  -2.3179559e-01   7.3177700e-01   3.7656642e-01  -1.1021270e-01   5.5816746e-01   1.9329965e-01  -3.3527238e-01  -1.8038979e-01  -3.1968303e-01  -2.8884387e-01   7.9332389e-02  -3.1232587e-02   4.6128034e-02  -8.3878180e-02  -1.3029176e-01   1.5755133e-01   2.1261135e-01  -1.2518053e-01   2.8946308e-01  -4.7966373e-01  -4.8987508e-01   4.8063476e-01  -3.0858453e-01   3.4869596e-01  -2.2803475e-01   2.3017272e-01  -5.3812882e-01   3.7352691e-01  -2.4249412e-02   1.9775305e-01  -6.0300391e-01  -4.3835962e-01   1.8971883e-01   3.9121204e-02  -1.6284140e-01   1.3967918e-02   4.8655084e-01   4.1171036e-01  -5.5192850e-01  -1.2579594e-01  -5.0067996e-02  -2.3715347e-01   2.6633160e-01  -4.2737116e-01  -2.4964075e-01  -2.4932818e-01  -3.6780579e-01   4.4306376e-01   7.5056627e-02  -5.1956072e-02  -1.5916026e-01  -1.9621712e-01   8.9613663e-02   4.7547628e-01   7.6618156e-02   1.9036202e-01  -7.5496426e-02  -4.3692475e-01  -4.5005872e-01   3.8780496e-01   3.5179245e-01  -4.2179818e-01  -4.7579488e-01   2.0934724e-01  -3.8093884e-01  -4.3308091e-01  -1.0135336e-01  -7.2646822e-02   4.9297162e-01   1.6886148e-01  -3.1121006e-02   1.8785331e-01   2.8644025e-01  -1.7663161e-01  -4.5791269e-01   4.5402354e-01   6.2917855e-01  -3.3437063e-01   2.4012497e-01   8.7622967e-02  -5.6022666e-02   1.3861194e-01   1.2797519e-01
  -1.1126089e-01   1.1892493e-01  -1.7315456e-01   1.8418911e-01   1.5076864e-01   0.0000000e+00   2.2266974e-01   4.5420991e-01   2.7541234e-02  -1.9885276e-01   1.3583335e-01  -5.2621582e-02   1.6515187e-01   2.5780993e-02  -2.0515582e-02   6.1284098e-02  -2.4567764e-01   2.9791396e-01   4.4380349e-01   1.7578278e-01  -1.1235156e-01   3.4589611e-01  -5.1337054e-02  -2.2249080e-01   1.5342911e-01   4.9777466e-01   2.6820422e-01   2.0959716e-01   1.8580926e-01   3.3478805e-01   9.0301179e-02   4.5608915e-01  -1.2110738e-01  -3.1505484e-01  -1.0495897e-01   6.0912872e-02   1.6034120e-02  -4.5319164e-01   1.2455815e-03  -2.1025970e-02   4.7882452e-02  -7.7418996e-02   7.5076589e-04   1.7779086e-01  -8.6234729e-02  -2.2054404e-01   2.2661000e-01   1.6469708e-01  -8.5559365e-02  -1.9947201e-01   3.0601342e-01   4.5129490e-01  -1.1126251e-01   1.2682241e-01  -1.8966246e-02   5.3415641e-02   6.4882741e-01   3.7920685e-01   2.0405052e-01   1.1211801e-01  -4.6808655e-01  -9.1969854e-04  -6.4053531e-02   9.2771685e-02   1.4306267e-01   6.4471956e-02   8.6937924e-01   3.7533127e-02   5.5988452e-01  -2.0086031e-01  -8.6013141e-02   2.1368949e-01  -1.5535019e-01   1.3662323e-01   3.3178759e-01   2.8085870e-01  -3.5991614e-01   4.3315321e-01  -1.8904837e-02   7.0494428e-02   1.6240731e-01  -7.3531152e-02  -7.9746220e-02   3.8116787e-01  -1.0367141e-01   2.9198123e-01  -1.5868555e-01   6.2358545e-02  -2.8572917e-02  -1.8662220e-01   5.3327875e-02  -2.6156803e-01   2.6625138e-02   1.9389056e-01  -5.1528674e-01   7.2491164e-02   1.0630971e-01   5.4604430e-01   2.4561511e-01   9.7742461e-02  -2.3232915e-02   1.4365943e-01   3.0718440e-01   7.9641544e-02   4.5313560e-01   4.1877543e-01  -7.3575739e-02   5.6888604e-01  -1.6801564e-01   1.8356517e-01  -9.3825459e-02   3.5036177e-01   1.0746069e-01  -3.4178232e-01   8.2286623e-02   1.8289298e-01   2.2611197e-01   5.3401873e-03   6.4516902e-02   2.1815668e-01  -2.6409302e-01   1.1429581e-01  -2.9778957e-01   1.1639025e-02  -2.2082037e-01   1.6837490e-01   2.3956477e-01   8.6687125e-03   3.0427330e-01  -2.0915971e-01   2.0232070e-02   9.8945888e-02   4.3176145e-02  -2.5047839e-01  -1.9642919e-03   3.8024324e-01   1.1963398e-01  -3.0204441e-02   3.8168774e-01  -4.4502575e-01  -4.2763328e-01  -5.0416640e-02   3.2372102e-01   1.2410372e-01   8.5933510e-03   2.6726237e-01  -1.6103931e-01   7.6166168e-02   2.2367572e-01  -7.1569489e-02   1.6623548e-01   1.5269170e-01  -1.5242239e-01   5.8528543e-02  -1.5353608e-01  -3.7479871e-01  -4.3752627e-01   8.0440897e-02  -3.5376185e-01   2.2739207e-01  -3.9267826e-02   3.0166082e-01  -1.6611510e-02   3.4026119e-01   4.8204631e-01   5.7977562e-02   7.0402342e-02   3.3628616e-01  -2.5742370e-01   4.5080664e-02   1.1933264e-02  -4.9918502e-01   2.3571854e-01   5.2242036e-01   1.5275968e-01  -1.9829465e-02   5.2327351e-01
  -2.0299221e-01   1.5728875e-01  -3.5874240e-01   1.3459862e-01   1.1515191e-01   2.2266974e-01   0.0000000e+00  -1.2562878e-01   1.9705910e-01  -1.9334755e-01   5.9294885e-01   2.9061267e-01   7.4943721e-02  -6.0783877e-02   2.6765465e-01   5.3733127e-02  -4.5318288e-01   6.1418844e-01  -1.4819873e-01   1.5205310e-01   2.4717853e-01   3.5446376e-02   4.0313433e-01  -3.0733580e-02   1.9475623e-01  -1.4872870e-01   2.9370829e-01  -9.5214096e-02   1.7867601e-01   4.3820827e-01   1.9005454e-01   5.4163232e-02  -2.7120494e-01   3.9633455e-01   3.4944033e-01   2.5065297e-01   5.9175960e-02  -1.1444194e-01  -4.8387237e-02  -2.2898537e-01   1.8550801e-01  -2.0501141e-01  -2.2404951e-01   9.3396286e-02   5.4654681e-01  -3.7576811e-01   5.0423484e-01   7.7003619e-01   1.8906178e-01  -3.8810203e-01   5.2758239e-01  -1.2517034e-01   1.3482577e-01  -2.9805311e-01  -1.1928461e-01  -1.1977820e-01  -4.8411055e-02   1.0574423e-01   2.9556326e-01   5.5491407e-01  -3.4926725e-01   2.9357461e-01  -3.1393194e-01   3.9091914e-01   3.2138889e-01   3.1414394e-01   2.4075082e-01   4.1920875e-02   2.7214376e-01  -1.4532923e-01  -1.3138906e-02   1.1330491e-01   1.5889734e-01  -9.1269398e-02   2.1640590e-01  -1.7192938e-01  -3.3398628e-01   1.6649356e-02  -4.0931457e-02   5.1556076e-03   1.9394323e-01   1.2524259e-01   3.5751019e-02  -1.5811270e-01  -2.4058138e-01  -7.8401542e-02   1.2830507e-01  -6.2089214e-02   7.9887043e-02  -1.0556393e-01  -4.4891923e-01  -4.5422859e-01  -1.6123991e-01   4.1825327e-01  -1.8403410e-01  -2.1915890e-01  -6.2333892e-02  -3.3039988e-02   2.7503477e-01   3.5950301e-01   1.7762117e-02   4.4698745e-01   3.1721404e-01   8.7516555e-02   5.1238882e-01  -7.9232252e-02  -3.0999317e-01  -4.7450354e-02   1.7488494e-01   3.5531353e-01   4.6237691e-02   1.1446852e-01  -1.5544165e-01  -5.0778429e-02  -2.9984165e-02  -1.2803576e-01  -2.2029988e-01   2.0917474e-01   8.7945047e-02   6.2467435e-02  -3.2229786e-01  -1.8178864e-01  -4.4186392e-01   5.8085304e-01  -3.9479055e-01   1.6215016e-01   5.8953976e-01  -3.3686869e-01  -3.1323909e-02  -2.0151465e-01   1.0961152e-01   5.8668838e-01  -2.4506211e-01   2.1617665e-01  -2.8630864e-01  -1.2274112e-01  -4.4954469e-02   3.2854885e-01  -6.0368776e-02   1.2502809e-01  -3.7835752e-02   4.9859955e-02   2.1296541e-01   1.3007904e-01   5.5719193e-01   2.3678946e-01   1.6229197e-01   3.5506374e-01   6.1312033e-01   2.7301782e-01   2.1685577e-01   1.1935320e-01  -2.1265199e-01  -9.1822294e-02  -2.1504783e-01   6.4865691e-02  -1.9587103e-01   2.8491626e-01  -4.3193271e-01   1.3352012e-01  -1.4754162e-01   1.6485778e-01   7.3130544e-02   3.6836381e-01  -2.2990374e-02   3.2975661e-01   7.4542674e-02  -1.2551318e-01  -2.7360189e-01  -2.6031874e-01  -8.0665744e-02  -3.0700107e-01   3.7815543e-01  -4.5293902e-03   8.2583488e-02  -1.5561866e-01   1.3777531e-02
   1.0758167e-01   1.7572725e-01  -2.0053487e-01   9.8803590e-02  -1.7148911e-01   4.5420991e-01  -1.2562878e-01   0.0000000e+00  -1.4960954e-01   2.7125461e-03  -3.0546386e-01  -1.9239969e-01  -2.0025487e-01   1.8713881e-01   2.9186589e-01  -3.2916908e-01  -2.1173084e-01  -4.6755856e-02   4.6158371e-01  -2.5809232e-01   7.0394718e-02   2.5333676e-01   8.8533155e-02   2.8440946e-02   9.3702627e-02   7.4232888e-01  -4.3790542e-02   5.4608644e-01   1.4827638e-01   3.1792773e-01   3.0782587e-01   6.5257293e-01  -3.1363099e-01  -1.2945434e-01  -5.1083134e-02  -2.4336570e-01   1.0447023e-01  -1.8767860e-01  -4.1293325e-01  -2.0093536e-01  -1.4641799e-01  -2.3968979e-01   6.0012355e-03   4.6082335e-01  -4.3075762e-03  -1.4639080e-01  -3.8574862e-01  -1.0810032e-01  -8.5015179e-02  -1.6631175e-01   2.6214625e-02   8.8614626e-01  -9.5761513e-02  -7.3794683e-02   2.3653548e-01   3.9258923e-01   5.5726218e-01   3.9992628e-01   7.8669882e-02   9.1158061e-02  -2.7211779e-01  -4.9146203e-02   9.8489250e-02   2.1789178e-01   1.9266946e-01  -1.5255114e-01   5.6559688e-01   7.8888669e-02   3.7064925e-01  -4.8555628e-01  -2.5590235e-01   1.2161591e-01  -3.6119268e-01   3.6777709e-01   7.4347344e-02   8.0711294e-01  -2.0015954e-01   6.1759774e-01  -1.2012033e-01  -1.2035673e-01   5.9801052e-01  -3.2534316e-01  -2.2556797e-01   8.5949516e-01  -5.0296437e-02   8.4725280e-01  -1.6157932e-01   1.6814429e-01   1.0820513e-01   1.1278215e-01  -1.4690295e-02   6.4116571e-03  -1.2323148e-01   2.4782750e-01  -3.3728325e-01  -1.8593078e-01  -1.0281281e-01   6.2106200e-01  -1.9037625e-02   1.9833353e-02  -1.0762596e-01   2.9498667e-01   5.6124661e-01   3.5311111e-01   1.8954357e-01   4.7212902e-01  -1.9571871e-01   6.5704670e-01  -5.6065121e-02  -1.2418894e-02  -1.2853612e-01   3.5225454e-01  -2.4242227e-02  -1.0077861e-01   2.1350706e-01   1.9295981e-01   5.6597120e-01  -5.3158695e-02  -9.4280644e-02  -8.5905390e-02   1.2641715e-01  -4.7090795e-02   1.2994336e-01  -4.0788212e-02   1.8803399e-02   4.0185349e-01  -1.0590378e-01   5.1020741e-02   5.0763099e-01  -5.3368485e-01  -3.2365269e-01  -6.3414505e-02   3.3687108e-01  -2.7204930e-02   3.7106225e-01   9.1746917e-01  -1.0082960e-01   1.4928288e-01   9.2239695e-01  -1.9851378e-01  -9.5039214e-02  -1.4189019e-01   1.5326499e-01  -3.8646214e-01   1.6136927e-01   5.4862572e-01  -1.6919531e-01  -4.2887710e-02   9.7169114e-03  -6.3863249e-02  -1.6794040e-01   6.9676122e-01  -8.2039736e-02  -2.3119801e-02  -3.4687155e-01  -5.0852549e-02  -5.7241569e-02  -4.3819968e-02  -1.7539390e-01   6.9464938e-01   1.8557079e-01   3.7236202e-01  -1.6673265e-01  -1.8584641e-02   4.9650827e-01  -2.0428131e-02  -1.7944319e-02   5.2060234e-01   5.1669739e-02  -1.1390397e-01  -7.0612831e-02  -2.5604634e-01   1.6655429e-02  -1.8022680e-01   2.2657782e-01  -2.6630578e-01   4.0792965e-01
  -2.0525634e-01   6.2890808e-01   2.5184989e-01   1.1345021e-02   4.5563502e-01   2.7541234e-02   1.9705910e-01  -1.4960954e-01   0.0000000e+00   9.3129795e-02   1.3927484e-01   6.1260488e-01   1.2483452e-01  -8.3861410e-03  -1.7210946e-01  -4.6973637e-02   2.2960033e-01   7.5612472e-02  -1.8679597e-03   3.3508559e-01   1.7000529e-01  -5.1259108e-02  -6.8982739e-02  -4.3571268e-01   7.7355777e-02  -1.5420177e-01   2.3672850e-01  -4.8829450e-01   8.3922208e-02   2.0381641e-01   1.5413837e-02  -1.2717303e-01   6.5949617e-02   2.3494145e-01   3.1032091e-01   4.6314492e-01  -8.1137318e-02  -2.1650336e-01  -3.3315009e-03   3.8962959e-01   1.1262932e-01   6.0971434e-03   3.0387163e-01  -1.1355931e-01   1.4720927e-01  -2.0860125e-01   1.9664738e-01   3.3584960e-01   1.6272087e-01   2.4350925e-01   2.5757324e-02  -1.4976526e-01   6.4169230e-01   7.1335050e-02  -1.1628748e-01  -3.0329384e-01  -1.6752548e-01  -1.0747265e-01  -8.3973698e-02   3.0343403e-01  -1.1996820e-01   7.9185279e-02   5.3653769e-01   2.4011771e-01   3.9956294e-01   8.9199400e-02  -5.1202290e-04   2.7359659e-02  -2.1865644e-01   9.2611128e-02   5.6555164e-01  -1.1441926e-02   1.3786235e-01  -1.7931433e-01   1.9379499e-02  -1.2995527e-01  -1.6632331e-01  -1.5059881e-01   5.8071954e-01  -1.3697060e-02  -3.4049883e-01   9.3047307e-02   3.9066647e-01  -1.6635694e-01  -2.3574943e-01  -1.2018288e-01   5.4107963e-01  -2.4240921e-01   4.4618157e-01  -4.4813415e-01   3.4990459e-01  -2.3371709e-01   2.7389218e-01   3.8882539e-01  -1.5834684e-01   2.5599682e-01   5.7496858e-02  -1.0816524e-01   2.5282873e-01   3.5295296e-02  -1.4150878e-01  -2.1972039e-01  -2.4993288e-01   2.8484150e-01  -1.0307028e-01  -2.0288683e-01   7.0895560e-02  -1.5759378e-01   8.5831661e-02   1.7152933e-01   1.8538765e-01  -2.6819340e-01   2.5731878e-01  -3.2686151e-01  -4.2009860e-01   3.6563626e-01  -2.2847495e-01   1.0313081e-01  -1.2543314e-01   6.6671134e-02  -4.2834500e-01   2.1992423e-01   2.6377635e-01   4.3495922e-01  -3.9041748e-01  -3.1760709e-01   5.1168553e-02   6.7688731e-02  -3.3870610e-02   1.8979799e-01   2.4471539e-02   3.5879982e-01  -3.1801635e-01   3.2277528e-01   3.7222422e-02  -1.5990976e-01   1.3103349e-02  -1.4987950e-02  -1.9850347e-01  -1.6363762e-01  -1.8225747e-01   1.1842560e-01  -1.4352784e-01   1.2707220e-01   1.3326738e-01  -2.7977831e-02   2.0321918e-01   3.3346358e-01   2.2217740e-02   4.3240298e-01  -1.5608436e-01  -2.4488384e-01  -3.1835084e-01   2.6896369e-01   4.9794111e-01  -3.2724414e-01  -3.4920271e-01  -1.1855873e-02  -1.6163181e-01  -3.8668855e-01  -1.9961271e-02  -3.3324273e-03   2.1771808e-01   1.9538578e-02  -1.8112992e-01   2.7710520e-01   1.6563823e-01  -2.0148800e-01  -2.6272988e-01   3.2003064e-01   3.1629018e-01  -3.8141815e-01   1.4114083e-01   1.1914891e-01  -4.3289628e-02   1.2176648e-01  -7.3960693e-02
   9.4574252e-03   1.8955238e-01   2.4633169e-01  -1.7376651e-02  -6.7941054e-02  -1.9885276e-01  -1.9334755e-01   2.7125461e-03   9.3129795e-02   0.0000000e+00  -1.6075989e-01   1.6406620e-03   1.1794252e-02   1.7238604e-01  -1.2154977e-01  -1.7258379e-01   2.7461602e-01  -3.5190466e-02   9.3283187e-02  -3.1536370e-01   4.8053109e-02  -2.6894910e-01  -1.9066118e-01  -3.5400579e-03  -2.3148474e-01  -6.0462232e-02  -8.7964583e-02  -6.4881567e-02  -4.8477481e-01  -8.3060579e-02   5.1486382e-02  -1.4653349e-01  -7.9249305e-02   6.5351819e-02  -7.5297350e-02   6.8113637e-02   3.8556645e-01   5.2315053e-02   7.2842265e-02   5.9696587e-02   2.3609263e-01  -1.2897991e-01   1.8775015e-01   1.6619148e-01  -1.5673465e-01   6.7319199e-03  -1.1956699e-01  -4.1524909e-02   2.4292999e-01   1.8625509e-01  -3.3466418e-01   2.7734370e-02   2.1427146e-01   1.2054793e-01   1.3262969e-01   8.3111332e-02  -2.8665688e-01  -4.0638110e-01   1.1935332e-01  -2.7818834e-01   1.9338440e-01   1.5881461e-01   3.2070521e-01  -6.2428196e-02   3.4623740e-02  -4.3522959e-01  -1.7952402e-01  -1.5042103e-01  -2.6412175e-01   1.4649866e-01   3.8966053e-01  -2.8595246e-01   1.2232778e-01   1.5999968e-03  -4.8020121e-01   2.3784836e-02   8.1200253e-02  -2.6793258e-01   1.2796023e-01  -3.4428570e-02   6.2999392e-04  -7.0325225e-02   7.8873246e-02   4.2062077e-03   4.5746955e-01  -5.4026857e-02   1.2721474e-01  -1.6241194e-01   2.3296741e-02   7.8317177e-02   1.3932883e-01   1.7327933e-01   1.2811369e-01  -1.3671498e-01   8.0511069e-02  -7.1737157e-02  -1.2532540e-01  -1.1685387e-01  -1.3795788e-01  -4.2981641e-01   2.6473659e-01  -1.7884102e-01  -1.8702298e-01   1.3756097e-01  -5.6479385e-01  -1.9742146e-01   3.5505931e-01  -6.4980400e-02   1.8362251e-01   6.6266218e-02   1.1276285e-02  -4.6985165e-01   7.9878839e-02  -3.2413737e-02  -9.5938535e-03   4.8298597e-02   2.6065547e-02  -6.3873153e-02  -7.9880954e-02  -3.7704630e-01   7.2620661e-02  -2.3529422e-01   4.5665677e-01  -8.8359013e-03   6.6035608e-02  -1.9488047e-01  -4.9906260e-01   4.4572001e-01  -9.4256161e-02   1.0545384e-01   1.0228119e-01  -2.0745920e-01   1.1186724e-01   1.7189958e-01   2.5080079e-01   8.1699622e-02  -2.6332694e-01   1.1385311e-01  -5.6404190e-02   2.2428702e-01   3.8716365e-01   3.9989157e-02  -1.0567010e-01   1.4790857e-02  -2.3947592e-01   6.3971867e-03   1.4068349e-01   5.4757185e-02  -2.3535260e-01  -8.6082395e-03  -3.6205757e-02   9.5040518e-02   6.2408494e-03   2.7085579e-01   3.3326542e-01   5.3192380e-02   1.2701988e-01  -1.4843201e-02   1.1692525e-01  -1.4185848e-01  -8.3394037e-02   2.0148999e-02   3.1015440e-01  -1.8248822e-01  -2.8076732e-01   7.1819803e-03  -7.4882888e-02  -2.2640993e-01   2.0446077e-01   3.3630420e-01  -5.0851841e-02   6.6583262e-02  -6.1828858e-02  -2.9528543e-01  -7.7557300e-02   8.6643949e-02  -2.6812640e-01
  -3.7767569e-01  -3.6125605e-02  -2.0583402e-01   2.0200509e-01   4.1022171e-01   1.3583335e-01   5.9294885e-01  -3.0546386e-01   1.3927484e-01  -1.6075989e-01   0.0000000e+00   3.1752677e-02   3.4914801e-01  -1.9662147e-01   1.4353614e-01   1.2238380e-01  -2.8749046e-01   6.7287981e-01  -5.3100085e-02   4.6605315e-01   1.7052783e-01   1.3061829e-01   3.2235121e-01  -3.1404213e-01   6.5866938e-02  -2.5281438e-01   3.4080027e-01  -2.1437902e-01   3.0093153e-01   2.6278552e-01   1.1427113e-01   1.5800372e-02  -2.1792402e-01   1.6283240e-01   2.0082750e-01   5.2362676e-01  -2.0690446e-01  -2.5076951e-01   1.4773382e-01  -5.6411265e-02   3.3733444e-01  -1.6456978e-01  -1.0320148e-01   6.3271196e-02   3.9216076e-01  -4.1130885e-01   8.3085142e-01   5.4623838e-01   1.8855632e-01  -1.5050483e-01   6.6977409e-01  -3.4665970e-01   1.2416999e-01  -9.9885921e-02  -3.1312904e-01  -1.3435394e-01  -1.1648965e-01   6.0476159e-02   3.5741772e-01   2.9063662e-01  -3.9696300e-01   2.4672719e-01  -2.2111612e-01   2.7516876e-01   2.4836635e-01   4.0314359e-01   1.3426244e-01  -5.2676873e-02   2.7467735e-01   1.4211415e-02   8.9341470e-02   1.3734437e-01   4.4708391e-01  -3.7733390e-01   1.6865036e-01  -4.2662638e-01  -3.9183958e-01  -1.4073273e-01   9.6570725e-02   1.8358289e-01  -9.7931254e-02   3.7905147e-01   2.5370738e-01  -3.3386903e-01  -1.3434075e-01  -3.1108257e-01   1.3134850e-01  -1.9014198e-01  -1.2073902e-01  -2.9712076e-01  -1.0135575e-01  -5.9255686e-01   6.3137542e-02   2.2691513e-01  -2.4438258e-01   6.4974992e-02   1.0084575e-01  -1.0248895e-01   3.8152998e-01   3.6319035e-01   1.4792792e-01   2.8735197e-01   9.1589724e-02  -1.3882314e-01   5.2488966e-01  -1.4549799e-02  -2.1843109e-01  -1.5462964e-01  -3.9481888e-02   3.0368463e-01   1.7611220e-01   6.1931367e-02  -9.4620996e-02  -1.9192432e-01  -1.9661197e-02  -3.3919421e-02  -3.6499514e-01   2.7938767e-01   3.4945945e-02   1.9610256e-01  -5.2356729e-01   2.3221549e-03  -5.2720143e-01   4.0595757e-01  -4.6477939e-01  -1.5784805e-01   5.8670240e-01  -2.0305308e-01  -1.5865388e-02  -5.7376040e-02   3.8134655e-01   4.8687175e-01  -3.2084900e-01   1.4611573e-01  -3.7624252e-01  -3.8229426e-01   1.7226554e-01   1.4732936e-01  -2.9757205e-01  -7.6312829e-02  -2.2032040e-01   2.6599732e-01   3.6042746e-01   9.9603808e-02   3.0347370e-01   1.2166099e-01   1.9838318e-01   4.6581790e-01   5.5214750e-01   2.2377863e-01   2.5601813e-01  -1.1754606e-01  -3.6188230e-01   1.8245980e-01  -1.3099264e-01  -2.7182151e-01  -4.2922165e-01   4.8616700e-01  -5.0372617e-01  -1.2933082e-01  -3.5448227e-01   2.3179786e-01   2.7936541e-01   4.4694893e-01  -1.5117643e-01   1.8419313e-01   2.2083466e-01  -2.1639828e-01  -4.1842387e-01   1.3844043e-04   1.0153661e-01  -3.9414244e-01   2.6470005e-01  -8.3667873e-03  -1.3742447e-01  -1.1094025e-01   1.3141233e-01
  -1.6597110e-01   4.8762514e-01   2.9656421e-01  -2.9188654e-01   1.8934520e-01  -5.2621582e-02   2.9061267e-01  -1.9239969e-01   6.1260488e-01   1.6406620e-03   3.1752677e-02   0.0000000e+00  -2.6894602e-02  -1.4784219e-01  -2.9874238e-02  -4.7100262e-02   1.9263836e-01  -6.0565376e-02  -2.2837328e-01   1.3840671e-01   7.6626262e-02  -2.1929750e-01  -7.8539716e-02  -2.9467577e-01   1.2133247e-01  -5.1360317e-02  -4.3651515e-03  -3.0190359e-01   1.0668644e-01   3.8199201e-02  -1.2726979e-02  -2.4741622e-01   9.4553410e-02   4.0857909e-01   2.0226648e-01   2.6805960e-01  -1.6583840e-01  -9.5597699e-02  -1.2063879e-01   1.5616709e-01  -4.7499560e-02   4.7354197e-02   1.2693105e-01   9.8234861e-03   1.0229274e-01  -5.2539317e-02   3.1936526e-02   1.7957019e-01  -6.8570172e-02   1.8017229e-01  -1.1839733e-01  -1.2053869e-01   4.9502412e-01   2.0260833e-02  -7.4705372e-02  -6.8856016e-02  -6.6826902e-02  -1.0339073e-01  -1.1884513e-01   4.1966118e-01  -5.2380394e-02  -5.9832679e-02   2.7188495e-01   3.5046194e-01   1.5025139e-01   9.7890655e-02  -1.5478040e-01   8.6273347e-03  -2.2509100e-01   5.2719293e-02   3.0550824e-01  -6.9315603e-02   4.7866962e-02   1.9523933e-01   2.4120888e-01  -1.9394048e-01  -3.4230126e-02  -1.3013926e-01   4.1499188e-01  -6.2372220e-02  -2.1306317e-01  -4.1758122e-02   4.4698128e-01  -2.6172616e-01  -3.7123283e-01  -8.9034303e-02   1.9481028e-01  -8.2750862e-02   4.7813231e-01  -2.7611200e-01   1.2278433e-01  -7.7227454e-02   2.2987748e-01   3.5523777e-01  -7.1695626e-02   8.9558752e-02   2.4494765e-02  -1.0862953e-01   1.0935747e-01  -2.5223057e-02  -2.4734788e-01  -1.8270517e-02  -3.3547294e-01   2.7462213e-01  -1.0980462e-01  -3.5477612e-01  -8.6442346e-02  -1.4060088e-01   1.2646271e-01  -5.8672088e-02   3.3446341e-01  -2.1100887e-01   9.0281826e-02  -2.0270010e-01  -2.9197448e-01   2.0850212e-01  -2.5583461e-02  -2.7971712e-03  -3.5393932e-02  -8.2937443e-02  -3.0665430e-01   1.6308397e-01   1.9485704e-01   2.6466235e-01  -1.6634766e-01   2.7648236e-02  -3.8968629e-02  -1.8800347e-01  -2.2640016e-01   1.6096662e-01  -1.2531173e-01   3.4545507e-01  -2.5484680e-01   2.9343500e-01   1.7743601e-01  -2.2545352e-01  -7.7533556e-04  -5.3005680e-02  -1.9125458e-01  -1.6440696e-01  -2.4766546e-01  -3.0615656e-02  -1.3466567e-01   2.4676834e-01   2.1945681e-01  -1.4925803e-01   2.2066107e-01   1.6696203e-01   2.5339483e-02   3.0592475e-01  -4.5978119e-02  -3.0377485e-01  -2.0701277e-01   2.7265946e-01   4.7388374e-01  -2.1488627e-01  -2.0851779e-01  -2.0612478e-01  -7.1782680e-02  -2.4551472e-01   7.3216619e-02   1.8305380e-02  -1.7019818e-01  -1.9887067e-01  -2.0863654e-01   3.1358243e-01   3.4471666e-01  -1.6407409e-01  -3.1966447e-01   1.6402982e-01   3.3231488e-01  -2.1088778e-01   1.4239648e-02   1.3249117e-01  -4.9081112e-02   1.4614572e-01  -2.4104170e-01
  -4.3100621e-01  -1.6194213e-01   2.2619463e-01   3.6665815e-02   4.8821057e-01   1.6515187e-01   7.4943721e-02  -2.0025487e-01   1.2483452e-01   1.1794252e-02   3.4914801e-01  -2.6894602e-02   0.0000000e+00  -3.4961985e-01  -2.1412380e-01   3.0394523e-01   1.6951329e-01   1.4323548e-01  -2.1306404e-01   5.6248384e-01  -1.0034244e-01  -4.2180848e-02  -3.9820515e-02  -3.2616861e-01   1.4894954e-01  -1.5629307e-01   2.6052353e-01  -2.7903044e-01   4.2391530e-02  -2.1389777e-01  -1.1732797e-01  -1.0775984e-01   3.0712913e-02  -9.1955289e-02   8.7374897e-03   5.1776811e-01  -5.8659453e-02  -1.8163873e-01   4.8052482e-01   3.5464237e-01   6.6461535e-01   3.4344151e-02   6.9668021e-02  -2.5270825e-01  -8.7239750e-02  -2.2627791e-01   5.3762782e-01  -2.4177954e-02  -1.0973709e-01   2.7763806e-01   2.3133092e-01  -2.4564889e-01   4.0328131e-02   6.6865338e-03  -3.9516230e-01  -4.3410718e-01  -7.0337265e-02   6.9120046e-03   2.8079376e-01  -3.1230855e-01  -1.4564153e-01   2.5524451e-01   8.4470204e-02  -8.0783058e-02  -2.4317477e-01   2.9898113e-01   1.5098662e-01  -1.9393854e-01  -8.0845080e-02   2.5913878e-01   1.7247247e-01  -1.4121822e-01   5.7659972e-01  -3.6887904e-01   5.9860382e-02  -2.5732072e-01  -7.3597315e-02  -1.1089413e-01   3.3514852e-01   3.3308624e-01  -3.7371185e-01   3.9973367e-01   1.1761221e-01  -2.0697918e-01  -2.5353794e-01  -2.4801307e-01  -2.6839588e-01  -2.3393412e-01   1.6674804e-02  -3.8780604e-01   3.1617280e-01  -2.9812939e-01   4.6951641e-01  -6.5590673e-02  -1.1545048e-01   5.2347397e-01   2.4512055e-01  -2.5139682e-01   4.3108648e-01   3.0357023e-01  -2.1052684e-01  -1.9240163e-01  -2.0855950e-01  -4.5408781e-01   9.2129834e-02   6.0234913e-02  -9.8223312e-02  -2.3183140e-01  -1.0705227e-01   8.2163852e-02   2.2756343e-01  -1.7485829e-01   1.5870271e-02  -3.8485700e-01  -3.0091019e-01   2.4865487e-01  -3.3036852e-01   6.2406118e-01  -1.4605393e-01   4.8691382e-02  -4.5683289e-01   2.4145341e-01  -2.4192282e-01  -1.6588424e-01  -3.7660531e-01  -3.5247728e-01   2.3651410e-01  -2.4450488e-02  -2.0765942e-01   1.3106116e-01   6.6521795e-01   1.4668081e-01  -4.1808615e-01  -1.0844691e-01  -2.3599176e-01  -1.9250006e-01   2.1333362e-01  -3.0707534e-01  -2.3918123e-01  -2.6181092e-01  -3.1182721e-01   4.9699160e-01   6.7339520e-03  -2.8376850e-02  -1.4928787e-01  -2.6106874e-01   2.4635550e-01   1.9829457e-01   3.0842864e-02   1.5497849e-01   3.9380012e-02  -3.4778376e-01  -3.7437401e-01   1.2515327e-01   2.1863088e-01  -3.3357502e-01  -4.1825503e-01   2.8852494e-01  -2.7572362e-01  -3.7081813e-01  -4.0296139e-01  -1.5766182e-01   4.1620796e-01   1.1461716e-01  -3.7894324e-02   1.4536389e-01   1.4330302e-01  -6.0950330e-02  -4.4869643e-01   3.0278423e-01   5.2487141e-01  -1.8032352e-01   4.7684461e-03   1.1647652e-01  -1.8975896e-01  -3.2418161e-02   1.4784869e-01
   7.2004405e-01   1.2689336e-01  -3.3289832e-01   3.5801697e-01  -4.0426191e-01   2.5780993e-02  -6.0783877e-02   1.8713881e-01  -8.3861410e-03   1.7238604e-01  -1.9662147e-01  -1.4784219e-01  -3.4961985e-01   0.0000000e+00   4.5960019e-01  -2.8216441e-01  -2.1253599e-01   2.4056667e-01   2.5950346e-01  -5.2487315e-01   1.4071893e-01   1.1575459e-01   1.4653752e-01   5.2192024e-01  -2.3538864e-02   4.6285011e-02  -3.1226830e-01   2.3724314e-01  -3.2679267e-02   3.9528600e-01   2.8539956e-01   1.6969852e-01   5.7257281e-02  -8.1927359e-02   1.3553127e-01  -4.6117764e-01   5.8040288e-02  -7.6521634e-02  -3.2420569e-01  -5.1249253e-01  -1.9634820e-01   1.2191028e-01  -9.6632263e-02   3.5007007e-01   1.9710645e-01  -4.6680715e-02  -3.1239764e-01   5.9196222e-02   2.6601280e-01  -3.7305584e-01   9.0900070e-02   1.7674000e-01  -1.9151174e-01   2.0164137e-01   7.6526863e-01   2.8987973e-01  -1.9024027e-02  -2.2346885e-01   1.0534151e-01   1.3988676e-01  -7.0526617e-02  -9.4519862e-02  -6.9644934e-02  -4.8423374e-02   4.4320610e-01  -4.2412819e-01   5.6445239e-02   3.2179125e-01   4.7251950e-02  -2.5863702e-01  -1.4516334e-01   2.6234407e-01  -3.1582605e-01   3.8257899e-01  -1.0409159e-01   2.3213591e-01  -2.3199193e-01   1.5685484e-01  -3.2312042e-01   4.5534386e-02   2.9916986e-01  -2.3490746e-01  -3.5135474e-01   9.5292469e-02   5.4456459e-01   1.3236601e-01   3.4725231e-01   4.8214522e-01  -3.6741691e-02   5.6996171e-01  -3.7001522e-01   3.1218865e-02  -4.6064777e-01   8.5025295e-02  -2.0961541e-01  -5.1182689e-01  -5.2869340e-02   1.9166616e-01  -1.9816450e-01  -2.0036901e-01   3.2889123e-01   1.1273716e-01   3.5293409e-01   6.3319380e-01   6.5668791e-02   1.0417433e-01   3.1773471e-01   3.2397584e-01   1.7104173e-02   1.2154457e-01  -4.6792608e-01   1.7257793e-02   2.1371303e-01   3.6062739e-01   2.7469505e-01  -2.5579144e-01   1.2672838e-01  -3.0927792e-01   1.8956416e-01   1.2772321e-01   4.1212818e-01  -3.9270998e-01   1.7009405e-01   1.2431758e-01   1.8077838e-01   4.4790133e-01   8.3221289e-02   3.6220593e-01   4.0255708e-01  -2.3930876e-01  -3.6366796e-01  -1.5642612e-01   7.4799999e-01   8.1112513e-02   9.5773819e-02   2.6531260e-01   4.3749119e-03   3.8685287e-01   1.6790361e-01   3.2819494e-01   5.1006913e-01  -4.0453687e-01   1.6035197e-01   1.0327499e-01   1.2272373e-01   4.1197017e-01  -3.5743459e-01   2.2671160e-03   6.5235857e-02  -1.1126767e-01   2.8090638e-01   4.0222803e-01   4.5940180e-01  -3.0088129e-01  -2.6410267e-01   4.0036814e-01   1.9649328e-01   1.0024139e-01   7.7376544e-02   2.2665095e-01   3.2491795e-01   2.4663981e-01  -3.4249417e-01   3.2510076e-01  -4.8371798e-02  -6.5940135e-02  -2.8493039e-01  -3.3466417e-02   6.2097716e-01  -2.6590108e-01  -4.9787276e-01  -7.3956625e-02   3.9479319e-01  -1.2201999e-01   1.7334412e-01   9.7314315e-02   8.9672336e-03
