   0.0000000e+00   5.4791737e-02   2.0707806e-01  -3.2794932e-01   2.0293966e-01  -1.8243905e-01  -4.6848983e-01  -4.3192541e-02   8.9508833e-02   3.8309186e-01  -2.6566902e-01   2.3506862e-03   2.0393591e-01  -2.5798273e-01  -1.2188238e-01  -2.3215623e-01   4.3085348e-01  -4.5017313e-01   1.0961920e-02   2.2659191e-01  -3.5939313e-01  -6.3364454e-02  -4.4237250e-01   1.2448216e-01  -4.4915344e-01  -1.3008123e-01  -2.4239379e-03   8.1343849e-02   2.9596491e-01  -3.0111788e-01   3.8219650e-02  -3.0903460e-01  -1.7522528e-01   3.5295751e-02   2.9200269e-01   1.7406061e-01   6.7175350e-03   8.2384246e-02  -2.6964633e-01   2.7589725e-01  -1.6103438e-01   2.1759283e-01   4.0672823e-01  -2.9707566e-02   5.6495577e-02   4.2635434e-01  -4.8942456e-02  -3.9696783e-01  -1.7940873e-01   3.7323422e-01  -4.1093921e-01  -3.9118149e-02  -2.0099858e-02   2.2164540e-01   7.1430054e-02   4.9068076e-02  -5.5605599e-02  -1.3705619e-02  -4.0453749e-01  -7.2205342e-02   5.0536781e-01   5.2429643e-02   2.1523853e-01   3.8784961e-02   1.1450360e-01  -1.3973777e-01  -3.3443265e-02  -9.7675589e-02  -1.7681349e-01   2.6919135e-01   4.4849950e-02  -4.0648781e-01  -1.9869362e-02   4.4194279e-01  -1.5436507e-01  -5.7182229e-02   4.5152964e-01   1.5062755e-01   2.4151378e-01  -3.5034749e-01  -1.7904688e-01  -3.0836496e-02   3.0814705e-01  -6.1348398e-02   4.0051388e-01  -1.6575649e-01   2.2059611e-01  -3.6525600e-02   3.0258233e-01   4.6154784e-01   1.7309609e-01   5.5954198e-01   2.6520702e-01  -9.3907349e-02   2.1236482e-01   3.6797656e-01  -4.1449636e-01   1.7913705e-02  -1.5763877e-02  -1.0399696e-01   6.1745415e-02  -1.8141408e-02  -4.7446112e-02   1.4097532e-01  -5.3428659e-01  -1.7932096e-01   2.8168974e-01  -2.0667088e-01   1.0385189e-01  -2.6825114e-01   3.6255756e-01  -2.0180835e-01  -1.6615395e-01   5.4233324e-01   2.1794349e-01  -5.1052900e-02  -2.7986678e-01  -6.9201988e-02   5.2661929e-02  -2.9725217e-01   7.5968490e-02   3.5512898e-01   2.8550380e-01   1.4418940e-02   2.9608068e-01   2.7674000e-01  -9.1267875e-02  -1.1784397e-01  -5.5910069e-02   3.4011748e-01  -1.0839091e-01   3.9274493e-02   4.9666375e-01  -4.1316689e-02   5.5270279e-02   1.0880995e-03   1.6371411e-02   1.1410152e-01   2.4562179e-02  -8.7436154e-02   1.5332318e-01   2.8790154e-01  -3.7718531e-01   5.6202335e-02  -5.3348951e-02  -3.6568576e-01  -5.0433560e-02  -4.7148256e-01  -4.7543154e-01   3.3731143e-02   4.4796826e-01  -8.9259311e-02   2.0888423e-01  -2.0857026e-02   3.0998926e-01  -6.9565273e-02   1.6348528e-01  -3.3831706e-01   5.5022017e-01  -8.6913408e-02  -1.4764258e-01  -2.8592103e-01  -4.9030954e-02  -4.4136746e-01  -1.0172412e-01   3.0428647e-01   1.9584544e-01  -3.3441287e-02   1.2520741e-01   2.9727524e-01   1.4025172e-01  -1.3665623e-01  -1.4806969e-01  -1.5145884e-01  -4.3572208e-01   2.3567405e-01  -3.4482142e-02
   5.4791737e-02   0.0000000e+00   2.8949879e-01  -3.3496786e-01   3.1081897e-01  -5.9427229e-02   1.3988230e-01  -6.4654128e-02  -2.7856751e-01   5.4727201e-01  -5.5969249e-03   4.0868802e-01   5.5130395e-03  -1.5038678e-01   1.6418463e-01  -1.8489964e-01   4.5803557e-01  -2.3179512e-01   1.7305820e-04   3.8404224e-02   6.4664105e-02  -3.9128921e-01  -7.8839969e-02  -6.9870104e-03   8.1559405e-02  -7.6324441e-02  -1.2053632e-02  -2.6023223e-01   2.7542763e-01  -2.2518230e-01   4.7001143e-01  -2.9899822e-02  -1.7107883e-01   2.4294591e-01   4.2383827e-01   6.9288947e-02   5.3273941e-01  -9.6925083e-02  -1.2253746e-01   3.2946150e-01  -5.8048721e-03  -2.6174385e-01   2.3980417e-01  -2.2889613e-01   3.9803841e-01   2.1761442e-02  -3.7415589e-01   1.6640610e-01   7.3635515e-02   2.7386547e-01  -1.0420081e-01  -2.4879877e-01   7.4502193e-01  -6.9828583e-02  -6.5798605e-02  -3.5049144e-01   2.5045423e-01  -2.3828471e-01   7.4750781e-02  -1.7395743e-01  -6.0975194e-02   2.9052581e-01   3.6438593e-01   6.9597122e-01   5.2101708e-01   5.1082635e-01   1.3568688e-01   3.9605228e-02  -3.5882769e-01  -3.5613387e-01   6.5986477e-01  -2.3440592e-01   2.2085502e-01   2.4203172e-01  -7.0907587e-02  -1.7728762e-01  -1.2578219e-01  -3.1191169e-01   3.2525256e-01  -7.9693436e-02  -1.8767171e-01   2.1132159e-01   2.3706398e-01  -3.1744129e-02   3.1674306e-01  -1.9016860e-01   6.1075072e-01  -1.3005873e-01   3.8638454e-01  -2.6582083e-01   2.9723726e-01  -3.3058489e-01   2.7824912e-01  -6.6319474e-02  -1.8946026e-01   1.5256464e-01  -1.0476211e-01   1.2190758e-01   2.0057338e-01   3.0558036e-01  -1.5252502e-01  -9.9652694e-02  -3.9116788e-01   3.3527746e-01  -1.5163296e-01  -1.7678873e-01  -1.5568550e-01   2.2725294e-02   3.4353553e-01  -2.0233511e-01   3.6902030e-01  -3.3710678e-01  -1.4405146e-01  -2.5142280e-01  -1.8823286e-01   1.7682083e-01  -1.2752130e-01   2.7782946e-01  -4.0359556e-01  -2.7908131e-01  -1.5428761e-01   1.0850387e-01   2.5393601e-01   4.0413712e-01  -8.2753321e-02   4.3046176e-02   1.9365463e-01   1.2227523e-01  -3.1296801e-01  -3.2490406e-01  -5.0879701e-02   6.3553132e-01   6.5271441e-01   1.4669455e-01  -8.1994416e-02  -1.1460798e-01  -7.2835263e-03  -1.5261279e-01  -5.7977070e-02   1.7561029e-01  -2.4722948e-01   8.4806244e-02  -9.8406100e-02  -3.7542155e-01   1.0243152e-01  -1.6321081e-01   4.4444181e-01   1.8359986e-01   8.0688270e-02   5.7997093e-01  -4.4642659e-02  -1.1827317e-01  -3.2007811e-02   3.1860422e-01  -5.9256000e-02   2.1592783e-01  -2.6635691e-01   2.0804751e-01  -1.9819310e-01  -2.4034957e-01   1.8960728e-02  -7.3122331e-02   1.2184232e-01  -1.2759310e-01  -5.7161233e-02   4.1287817e-01   4.3347600e-01  -1.9355390e-01  -2.8844751e-01   2.3192109e-01   1.4124666e-01  -4.7558344e-02  -2.2169929e-01  -2.8992575e-01  -3.2452749e-02  -4.5239138e-01  -1.3364520e-01
   2.0707806e-01   2.8949879e-01   0.0000000e+00  -2.8206312e-01   2.0867196e-01  -1.4813115e-02  -3.3441351e-01   2.6805272e-02   4.4361090e-03   3.4292114e-01  -1.5046840e-01   2.7246792e-01   1.1795507e-01  -3.7493715e-01   1.2555687e-02  -3.8089483e-03   7.7996086e-01  -2.2682056e-01   1.9389023e-01   3.0410200e-01  -2.3193479e-01  -2.3086935e-01  -3.5617210e-01  -6.7337657e-02   2.2328332e-01  -1.3270796e-02   5.2696953e-01  -1.3105620e-01   1.7922332e-01  -3.8952167e-01  -5.6274891e-03  -1.1791841e-01   1.4016831e-01   5.2958109e-02   4.9846604e-01   1.9136383e-01   1.2195410e-01  -3.1442189e-01  -1.3149504e-01   6.1888396e-01   1.9562300e-01   1.3813268e-01   4.4789232e-01  -1.6155697e-01  -1.5938367e-02   4.8182991e-01  -5.2504311e-02  -2.7842869e-01  -3.7523924e-01   5.7202099e-01  -2.1073565e-01  -5.9367233e-02  -2.0155930e-02   2.8083489e-01   5.1296379e-02  -1.9654795e-01   2.3826824e-01  -2.5854161e-01  -3.3132144e-02  -2.1293856e-01   5.4562164e-01   1.1079959e-01   3.6571568e-01   1.3525430e-01   7.1773231e-02   3.8820375e-02   2.8257306e-02   9.2928993e-02  -1.8051601e-01   2.5121907e-02   1.9484756e-01  -2.3630771e-01   7.6825294e-02   6.3992935e-01   2.5754689e-01  -1.0198985e-01   3.7165038e-01  -1.2932399e-01   2.5032749e-01   5.7482070e-02  -1.8095502e-01   2.1175499e-02   1.3424175e-01   1.9833959e-02   4.7198765e-01  -2.9196273e-01   3.2513469e-01  -1.4789219e-01   5.1323293e-01   1.2558017e-01   3.0553552e-01   3.0956825e-01   3.8498844e-01  -2.7221119e-02  -2.7912952e-01   1.2742033e-01   2.1184632e-02   4.5390504e-02   8.6465913e-02  -8.1196387e-03   6.7236446e-02  -1.8781968e-01  -1.4494947e-01   2.6022552e-01  -4.2367978e-01  -2.1756733e-01   2.2341738e-01   1.1311590e-02   1.2638740e-01   8.9122130e-02   4.3423770e-01  -4.1642761e-01  -1.6288050e-01  -4.8752854e-04  -1.7383396e-01   6.6249458e-02  -2.9210423e-01   1.7248560e-01  -2.4378043e-01  -3.1732342e-01  -2.6181581e-01   2.8290101e-01   1.4784890e-01  -1.7415014e-01   6.0565786e-02   4.2117140e-01  -5.8486639e-02   3.4523282e-01  -2.8944325e-01   1.5824527e-02   7.3711478e-02   2.1148610e-02   3.6445696e-01  -1.5039337e-01   5.8565349e-02  -1.0324965e-01   2.4738923e-01  -2.4354477e-01  -8.2687935e-02  -8.3923462e-02  -2.4095572e-01   1.0671272e-01  -1.9562571e-01  -2.7565829e-01  -9.4155855e-02  -3.3184024e-01   1.3195979e-01  -6.0134074e-02  -9.1376185e-02  -1.1258819e-01   2.4443292e-01   1.9818298e-02   2.1005990e-02  -3.5782581e-02   5.4349912e-01  -4.0456646e-02  -2.5344860e-01   1.0546896e-01   4.4453252e-01  -1.1216183e-01   1.3377532e-02  -8.7161759e-02  -4.0690464e-02  -3.8377072e-01  -7.3492228e-02   3.9714968e-01   2.3963215e-02  -3.6720845e-02  -2.0119653e-01   1.8438818e-01   3.0349881e-01  -3.1722889e-01  -2.7095795e-01  -2.8188241e-01   2.0004197e-02  -2.0953664e-01  -9.1304056e-02
  -3.2794932e-01  -3.3496786e-01  -2.8206312e-01   0.0000000e+00  -1.4319094e-01   2.0882697e-01   1.4287944e-01   2.8977787e-01   2.2707018e-01  -3.0977599e-01   2.4158237e-01  -1.4113336e-01   2.8275787e-02   2.1336998e-01  -1.9181731e-02   2.8755078e-01  -4.2447215e-01   4.9091349e-01  -1.4805240e-01  -7.8679736e-02   3.5262481e-01   3.3420002e-01   2.3637083e-01   6.5744399e-02   1.6262595e-01   3.1392121e-01  -1.1938460e-01   1.3655414e-01  -1.8835359e-01   2.2017418e-01  -1.1621184e-01   4.7750712e-01   4.9792356e-02  -1.3645358e-01  -2.3649216e-01  -9.1588003e-02  -2.2592698e-01   2.6852362e-02   3.8504066e-01  -1.8831556e-01   2.5499373e-01  -1.7305929e-01  -2.8223409e-01   1.1752841e-01  -3.0559490e-02  -3.6563649e-01   1.0730345e-01   2.6377444e-01   2.2005569e-01  -3.4925200e-01   4.5812759e-01   2.9512226e-01  -1.7068056e-01   8.5205668e-02   3.5406484e-02   2.2579852e-01   6.2098648e-02   2.6694681e-01   4.0852586e-01   2.1047061e-01  -2.9725692e-01   8.3899174e-02  -1.3329821e-01  -1.5289923e-01  -1.0667049e-01  -2.1269301e-01   1.2979923e-01   1.0974004e-01   9.5743972e-02  -8.3929007e-02  -2.7180282e-01   6.7509571e-01   1.3699153e-01  -3.4550356e-01   2.7840827e-02   2.8676317e-01  -1.2716398e-01   2.3874856e-01  -1.1702144e-01   3.8949054e-01   1.5235716e-01  -1.0311013e-02  -1.3428466e-01   2.8942004e-01  -3.2524865e-01   3.2411326e-01  -2.2773687e-01   1.0909724e-01  -3.4973186e-01  -1.8271849e-01  -1.1660565e-01  -1.9580773e-01  -1.3395099e-01   4.7225794e-01   4.4869566e-02  -1.3073397e-01   3.3155913e-01   2.1326589e-01   3.4249499e-02  -9.2619821e-02   6.9426517e-02   6.0576291e-02   2.8963798e-01  -4.6783454e-02   3.9879714e-01   4.7567339e-01  -1.2492638e-01   2.8751150e-01  -1.8499497e-01   2.8068999e-01  -3.1634065e-01   3.2476834e-01   2.9940401e-01  -1.8604589e-01  -1.6076617e-01  -6.3266595e-02   3.3035846e-01   4.7121852e-02   1.1519711e-01   7.0179090e-01   1.2004874e-02  -1.7460068e-01  -1.2297022e-01   7.1698434e-02  -1.0859922e-01  -1.6478917e-01   1.3355056e-01   1.6024756e-01   2.5067053e-01  -5.6392321e-02   3.9786307e-01  -9.5443200e-02  -4.5142364e-01   1.1928188e-01   7.9498322e-02   2.5242386e-01   1.1529149e-01   9.2623432e-02   3.4129203e-01   2.1329181e-04   7.0153686e-02   3.1527336e-02   4.4387515e-01   1.1772720e-01   1.7935274e-02   3.4996865e-01  -2.3829624e-01   1.2768739e-01   2.8796125e-01  -4.7311883e-02  -2.4785138e-01   2.2676984e-01  -2.1772340e-02   8.9203267e-02  -1.4382766e-01  -8.1384008e-03   7.9780185e-02   2.9646717e-01  -2.4842438e-01   2.4052250e-01   4.3383543e-02   4.2049459e-01   4.0279477e-03   5.0237924e-01   4.8541932e-01  -2.4761554e-01   2.7091678e-02   1.1270401e-01   7.1864523e-02  -1.4606669e-01  -6.4971680e-02  -9.1789531e-03   6.6789777e-01   1.7926468e-01   1.2644819e-01   1.3643798e-01   4.5264377e-01
   2.0293966e-01   3.1081897e-01   2.0867196e-01  -1.4319094e-01   0.0000000e+00  -3.9898211e-01  -4.1326699e-01   4.9577478e-02   8.8176222e-03   4.6392751e-01  -1.9577226e-01  -4.0060539e-01   5.2982370e-01  -5.6757594e-01  -5.1627340e-01  -1.9648715e-01   4.9108805e-01  -2.4718351e-01   1.7988450e-01   7.9580386e-01   3.1522544e-02  -3.5790935e-01  -3.4350538e-01   2.0126707e-01   1.6557815e-02   4.2772278e-02   2.0041478e-01  -3.5375798e-01   2.2068098e-01  -6.4801276e-01   2.7487100e-02  -1.9723228e-01   1.9306772e-01  -9.3972061e-02   2.1453429e-01   7.1782992e-01   3.2321512e-01  -3.1012639e-01  -5.5854568e-02   6.3929431e-01   3.6518906e-01   2.0039503e-01   2.5588599e-01  -5.2188882e-01   3.7245201e-01  -1.2358013e-01   3.4968514e-02  -1.0593132e-01   1.1529095e-01   6.0363286e-01  -3.2305594e-01  -1.4805087e-01   4.1426621e-01   2.2777377e-01   5.3764508e-02  -4.4110409e-01   2.7512939e-01  -1.6538409e-01  -8.3529203e-02  -2.8940688e-01   2.5562334e-01   3.3717714e-01   3.8264613e-01   3.0796663e-01   5.1177880e-01   2.7958357e-01  -1.0488599e-01   1.3283316e-01  -3.2718974e-01  -5.1788021e-01   2.4910385e-01  -2.4160603e-01   3.7686757e-01   3.7217322e-01   9.2438330e-02  -1.3986528e-01  -6.7778993e-02  -3.6854502e-01   7.0073569e-01  -5.7439297e-03  -2.1772734e-01   3.9123764e-01   4.8234158e-01   2.7240734e-02   5.9308457e-01  -3.8730831e-01   3.9265975e-01  -3.1247201e-01   3.8352942e-01  -2.9042455e-01   7.3058198e-01  -4.9695172e-02   6.7921688e-01   5.4330329e-02  -3.5216831e-01   7.2951393e-01  -6.9105188e-02   1.6069215e-01   3.5555997e-01   7.5966028e-02   6.0361130e-02  -6.9235121e-01  -2.6121610e-01   1.0046395e-02  -4.5026096e-01  -1.9809823e-01   2.8688012e-01  -6.8577323e-02   2.8371121e-01  -1.3919598e-01   4.8718225e-01  -5.0120751e-01   6.9899168e-02  -3.2289917e-01  -3.4813614e-01   5.5225644e-01  -4.4888901e-01   4.1785596e-01  -5.0694559e-01  -1.0676280e-01  -3.6928034e-01   7.6547948e-01   2.9663703e-01   1.5373844e-01  -3.7481800e-01  -2.9897501e-01  -1.3971855e-01   2.9918911e-01  -1.8532324e-01  -4.1084485e-01   2.4071849e-01   2.2484519e-01   5.4983819e-01  -2.1638633e-01  -8.5794996e-02  -1.8291775e-01   2.6334959e-01  -4.0288769e-01  -1.0078707e-01   2.3667002e-02  -3.1584053e-01   2.9934585e-01  -3.9643612e-01  -5.6368033e-01  -3.9695548e-01  -3.0619693e-01  -2.1909608e-01   1.2738264e-01  -1.9603400e-01   3.0268577e-01   2.4268741e-02   4.9523044e-02  -1.4174533e-03   4.0727780e-01  -6.9512662e-02   7.8597996e-02  -2.8569772e-01   1.7839980e-02   2.9879154e-01  -2.1158831e-01   1.5010584e-01  -3.6000540e-01   1.4901037e-02  -4.1955993e-01   1.5158640e-02   5.6917465e-01   9.5678372e-02  -3.4540223e-01  -2.4655026e-01   7.6051033e-01   4.3454497e-01  -3.1860470e-01   4.2567675e-02  -6.1770325e-01  -6.2873563e-02   2.8615065e-02   2.3885841e-02
  -1.8243905e-01  -5.9427229e-02  -1.4813115e-02   2.0882697e-01  -3.9898211e-01   0.0000000e+00   4.2140399e-01   1.4320665e-01   1.0857501e-01  -1.0645991e-01   3.6482502e-01   4.2761058e-01   5.3393299e-02   4.8215194e-01   3.4126895e-01   3.4566305e-01  -2.5724277e-01   3.7021038e-01   7.1027478e-03  -1.7739934e-01   2.6352771e-01   3.5529438e-01   5.3242186e-01  -6.0960405e-02  -1.2635506e-01   2.6753071e-01   1.3766690e-01   3.8961819e-01  -1.4719539e-01   5.8434551e-01  -8.5599835e-02   2.8514267e-01  -1.1592927e-01   2.6144015e-01  -8.3167701e-02  -1.2916700e-01  -6.8784625e-02   1.5995145e-01   3.5545851e-01  -3.1611115e-01   1.9904955e-01  -2.3637553e-01  -1.6338136e-01   5.1365242e-01   1.2465158e-01   3.9149592e-02   2.2754489e-01   1.4586457e-01   4.2066536e-02  -3.7426717e-01   6.1148539e-01   2.7077250e-01  -1.8345632e-01   7.6514363e-02   5.8979604e-02   4.4799498e-01   2.8672820e-02   1.3193974e-01   3.5715857e-01   3.5331645e-01  -8.2226180e-02  -1.4113820e-01  -1.2994583e-02  -9.1045981e-02  -2.8074920e-01  -9.3925374e-02   7.5658822e-01  -2.1376370e-01   4.8073599e-01   4.5881905e-01  -1.1011543e-01   4.7017086e-01   1.6906990e-01  -3.5967875e-01  -9.2083019e-02  -1.0582400e-01   4.3389879e-02   4.4364939e-01  -4.4990274e-01   7.9479152e-02   2.3898152e-01   7.5248460e-02  -2.7741905e-01   2.6258101e-01  -4.1982108e-01   2.2887684e-01  -2.1248963e-01   3.2577019e-01  -3.0735754e-01   1.6883419e-01  -3.6966142e-01   5.6992853e-02  -3.4381058e-01   3.0524928e-01   9.1085389e-02  -3.6479330e-01   8.7751153e-02   2.9223653e-01  -1.2211897e-01   2.2494244e-01   7.0230742e-02   6.6522159e-01   3.0651352e-01   1.0332723e-01   5.0308480e-01   2.2781465e-01  -2.5234225e-02   5.1752484e-01  -1.8332724e-01   3.9745216e-01  -3.6369074e-01   4.2522410e-01  -1.0591515e-01   2.4216374e-01   2.1247805e-01  -5.4337971e-01   4.4845775e-01   7.9248480e-03   5.2046528e-01   3.5369108e-01   2.5720827e-01  -4.9534730e-01  -1.7222584e-01  -1.3784175e-01   4.1415479e-01   1.8462496e-01   2.9467324e-01  -7.6659010e-03   1.1797662e-01   4.1567441e-01   2.5028493e-02  -1.4421823e-01  -4.4582912e-01   2.1802143e-01   2.0412108e-01   9.0913967e-02   4.3511494e-02   3.9937326e-01   5.9977492e-02  -1.7719546e-01   2.8111924e-01  -8.3993686e-02   4.8793996e-01   6.1126920e-01   3.2987266e-01   2.6001981e-01   2.6527752e-01   2.2431325e-01   4.5317769e-01  -1.7661995e-01  -4.8723600e-02   1.7921640e-01   2.2855115e-01  -1.9147428e-01   3.3834277e-01  -1.6168783e-02   2.1721476e-01   3.6324126e-01  -1.6121269e-01   3.7138205e-01  -1.8491354e-01   4.1617176e-01   2.7638418e-01   4.7710895e-01   2.9893600e-01  -4.1819335e-01   1.7145465e-01   4.3486228e-01   2.1892326e-01  -5.2335170e-01  -3.7955344e-01   4.8108468e-02   3.8719564e-02   6.6229181e-01   6.4953022e-02  -1.4893501e-01   2.8114196e-01
  -4.6848983e-01   1.3988230e-01  -3.3441351e-01   1.4287944e-01  -4.1326699e-01   4.2140399e-01   0.0000000e+00  -8.6246526e-02  -4.2896750e-02  -2.7506254e-01   3.8105911e-01   4.1701113e-01  -2.1156965e-01   5.8790638e-01   6.7307756e-01   3.1522565e-01  -5.4433530e-01   4.4699272e-01  -1.6892261e-01  -3.7179995e-01   3.4292497e-01   2.5880015e-01   7.0281778e-01  -1.5991491e-01   5.8153568e-02  -1.1831331e-01  -6.0702093e-02   1.3364551e-02  -7.1657439e-02   6.1176276e-01   3.0264661e-01   2.1887169e-01  -7.5148186e-02   1.7033057e-01  -7.1764909e-02  -2.2751687e-01  -4.1754094e-02   4.5477680e-02   2.1483784e-01  -4.0881131e-01  -2.1146769e-02  -2.8288417e-01  -3.0636953e-01   2.4540457e-01   1.8010098e-01  -3.0758495e-01   1.6099744e-01   6.0542061e-01   2.6321962e-01  -5.6923560e-01   6.0874309e-01  -1.1495610e-01   8.5318178e-02  -2.7437082e-01   2.7612150e-02   1.3915732e-01  -1.1584532e-01   4.7288927e-02   3.1504852e-01   3.8416533e-01  -5.7378487e-01  -5.2461261e-02  -1.5928063e-01   6.4046990e-02  -2.7817683e-02   1.7292773e-01   3.2847447e-01  -1.2131885e-01   2.8306861e-01  -5.1284642e-03   1.4160590e-01   4.4253002e-01   3.7021066e-02  -5.6493921e-01  -9.0192446e-02  -2.1345725e-01  -4.4452394e-01  -5.1549772e-02  -4.6548834e-01   1.6813713e-01   3.8357880e-01  -3.4436971e-02  -4.1051747e-01  -9.9280105e-02  -5.0448150e-01   2.4893919e-01  -6.0495710e-02   3.1602624e-01  -2.7522660e-01  -2.7806083e-01  -4.1564200e-01  -5.5755275e-01  -4.3382723e-01   1.0535227e-01  -5.0910088e-02  -3.3833971e-01   3.0315799e-01  -1.0426896e-01  -2.7002616e-02   3.8562772e-01   1.2094938e-01   4.8658119e-01   1.9730709e-01   1.5816655e-01   7.2464143e-01   1.1912665e-01  -3.0026349e-01   1.0115292e-01  -1.4027200e-01  -2.8947889e-02  -4.0553196e-01   5.1178214e-01   4.1073878e-02  -1.7553337e-01   3.0813027e-01  -3.3010803e-01   4.2937372e-01  -7.4451526e-02   1.0591249e-01   3.0913549e-01   5.9907060e-02  -6.0020254e-01  -3.2906834e-01   2.5427606e-01   2.7603624e-02   1.5863623e-02   4.6241239e-01  -8.2284172e-02   7.0095803e-02  -7.3948921e-02   2.1605649e-02   1.7446929e-01  -4.0535806e-01   3.3323531e-01   9.7565057e-02  -4.0523491e-02  -1.6892873e-01   3.8933114e-01  -8.0505771e-02   1.3759742e-01   8.1406226e-02  -2.3216311e-01   3.9512296e-01   1.3360095e-01   6.4695817e-01   5.2374248e-01   4.6082916e-01   3.1412480e-01   5.4059223e-01   2.9089698e-02  -1.3746035e-01   7.9813029e-02  -2.9639966e-03  -1.9475111e-02  -2.8349314e-01   5.6319140e-02  -6.6124131e-02   2.9469343e-01  -6.2453058e-01   2.8413389e-01   2.5996946e-02   1.9575196e-01   1.6085278e-01   5.1302737e-01   7.2051122e-02  -4.2490653e-01   1.6387679e-01  -1.9321077e-02  -1.5188915e-02  -4.9025881e-01  -4.1473090e-01   1.7532932e-01   9.4979048e-02   3.2474727e-01   1.3195286e-01  -2.1047960e-01   4.9006484e-02
  -4.3192541e-02  -6.4654128e-02   2.6805272e-02   2.8977787e-01   4.9577478e-02   1.4320665e-01  -8.6246526e-02   0.0000000e+00  -1.2749394e-01  -6.2815399e-02   2.7033400e-01  -1.6794451e-01  -1.3420534e-01  -3.0391811e-02  -1.1067431e-01  -5.7793479e-02   5.5734534e-03   2.3955080e-01   1.1774537e-01  -8.5410068e-03   5.4256761e-02   1.9314154e-01   5.9886989e-02   1.3565893e-01   1.6519895e-02   7.6003301e-01  -6.4512099e-02   5.3502922e-01  -1.7478009e-01  -3.5823824e-02  -2.2264127e-02   3.6398157e-01  -1.1948439e-01  -3.1490951e-01  -2.2764854e-01  -1.0012813e-02   1.7709783e-02  -2.2948237e-01   1.7876021e-01  -1.4749141e-01   2.0240146e-01  -3.1860113e-01  -2.1102026e-01   2.8306382e-01  -1.6049962e-01   1.8313244e-02   2.4362743e-02  -1.1112006e-01  -1.2414423e-02  -5.3277611e-02   1.3643329e-01   7.7383129e-01  -2.6929184e-01  -2.5876445e-01  -2.8237574e-01   1.2012083e-01   3.3476250e-01   4.4304065e-02   4.4263224e-01  -2.1922547e-02   1.0378347e-01  -6.2676707e-02  -1.4705801e-01   6.4544825e-02  -1.2420573e-01  -8.6404163e-02   2.0285936e-01  -9.1734965e-02   2.7414974e-01  -1.5747782e-01  -1.7564890e-01   2.3258773e-01   1.8663281e-01  -1.1602965e-01  -1.0003989e-01   2.2819877e-01   1.6395894e-01   3.7048675e-01   1.0362940e-01  -8.0515976e-02   4.6767247e-01   1.1606968e-01  -8.2720784e-02   7.8591917e-01  -6.0521324e-02   2.3707149e-01  -1.7030621e-01  -1.8086020e-01  -4.7886185e-02  -2.7146320e-01   3.8154651e-02  -1.4397571e-01  -2.6336768e-02   3.2406132e-02  -6.4892777e-02  -2.3197945e-01  -1.6181416e-01   6.2777723e-01   3.4160361e-02  -6.7707262e-02   6.9616455e-02   2.2489829e-02   3.8925742e-01  -1.3158824e-03   2.1373303e-01   2.6760988e-01  -3.1870506e-01   6.8179141e-01  -7.9801330e-02   2.1279541e-01  -1.3337121e-01   1.4683514e-01  -3.1678982e-02  -1.6544711e-01  -1.4673683e-01  -8.1504583e-03   4.2057841e-01  -6.9017028e-02   1.4445048e-01   2.2671423e-01  -6.3335066e-02  -2.8346854e-02  -2.6092975e-01  -1.4698249e-01  -1.1114865e-01  -2.6603211e-01  -2.6937806e-01  -2.2264219e-01   2.4189685e-02  -1.2353248e-01  -9.1743392e-03  -5.3415032e-03  -1.1946569e-01  -1.2937229e-01  -2.3988050e-01   3.6151369e-01  -1.6700544e-01   2.2557296e-01   4.1045528e-01  -4.0011153e-01  -5.7079991e-02  -3.4299464e-01   5.3947102e-01  -3.3288705e-03  -1.6248220e-01   2.9542801e-01  -2.0434616e-01   1.9717650e-01   1.5951658e-01  -3.9928319e-02  -2.4752181e-01   7.2009440e-01  -1.5821820e-01   2.1209548e-01  -1.9053572e-01  -1.9971145e-01   1.8637551e-01   2.5608697e-01  -1.4813995e-01   4.9442287e-01  -1.5294516e-01   6.0203445e-01  -2.5974393e-02   2.5329055e-01   3.9718637e-01  -6.2333873e-02   1.5101055e-01   4.9480793e-01  -6.3494816e-02  -8.0792432e-02   5.4759651e-02  -3.2316388e-01   1.7324519e-01  -1.5300060e-02   2.0343852e-02  -1.7066050e-01   4.5957960e-01
   8.9508833e-02  -2.7856751e-01   4.4361090e-03   2.2707018e-01   8.8176222e-03   1.0857501e-01  -4.2896750e-02  -1.2749394e-01   0.0000000e+00   2.1748372e-02  -2.1461681e-01   4.8233820e-02   2.3992501e-01   4.1041795e-02  -9.8703793e-02   2.2951469e-01  -1.7091012e-01  -5.1652785e-02   1.4834194e-01   2.6315913e-01  -3.6556194e-02   4.0153389e-01   6.5269594e-02  -1.8263300e-01  -2.7728592e-01   5.8489843e-02   1.7497371e-01   3.2941575e-02   4.3553422e-02   8.6067690e-02  -1.5826530e-01  -8.6890630e-02   1.4773163e-01   6.7521407e-02   3.6232454e-01   2.8055689e-01  -1.7887069e-01  -1.8359889e-02   7.5981733e-02   4.4727678e-02   6.7778424e-02   3.5825542e-01   4.4290547e-01   3.9339438e-02  -1.1178526e-01   1.2502048e-02   2.7437223e-01  -7.8415965e-02  -1.4373567e-01  -1.7110066e-01   2.4114592e-02   2.7740358e-02  -3.0301041e-01   3.2332759e-02   1.2499332e-02  -1.0265361e-01  -9.0554176e-02   5.5978475e-01  -2.5097961e-01   6.3787419e-01  -1.0849613e-01  -8.3925442e-02   1.8821869e-01  -2.8573801e-01  -1.9865342e-01  -5.4690865e-02   2.0120189e-01   9.4042420e-02   1.6576758e-01   6.8596242e-02  -6.8293614e-02   2.6615249e-01  -5.9016180e-02  -7.9239668e-02  -1.0690454e-01   5.4128863e-02  -1.4484033e-01   1.3000000e-01  -2.2182374e-01   8.2350829e-03   9.8414585e-02   1.2989658e-03  -7.5202613e-02  -1.4569337e-02  -1.6629653e-01   3.9520677e-02   1.4159587e-01  -7.1424918e-02  -1.2784132e-01   1.3042271e-03  -2.5830583e-01   1.2083412e-01  -7.5868364e-02   6.8571883e-01  -6.6595697e-02   4.8329936e-02   9.3917313e-02  -3.0304206e-02  -1.3327693e-01   3.9017607e-02   1.5398835e-03   1.7448529e-02   2.9759478e-02   4.1164499e-01  -3.0613077e-02   1.3079995e-01   1.8714556e-02  -4.6496364e-02  -1.6114290e-01  -1.7597803e-01  -6.3640178e-02   1.6944803e-01   1.4119566e-01   5.3589566e-03   9.1702405e-02  -3.1205477e-01  -6.0244634e-02  -8.8926490e-02   1.2309362e-01   1.8860154e-01  -1.3382129e-01  -5.5971046e-02   1.5816554e-01  -1.8021769e-01   6.6886957e-02   2.4940338e-01   3.6938357e-02  -8.7937802e-03   4.6647861e-01   1.3438147e-01   1.4011852e-01  -1.3374958e-01  -1.5646139e-01  -4.5242146e-02   7.7764911e-01   2.5685898e-02   1.8591414e-01  -1.2009551e-01   3.6695262e-02  -5.6355576e-02  -3.4018309e-01   2.6652422e-01  -9.1593796e-02   1.0271027e-01   2.9229449e-02  -1.2168642e-01   1.4275461e-03  -1.8670555e-01  -2.0440412e-01  -1.6510547e-01   4.7618935e-02   2.1502729e-02  -1.7704571e-01  -1.7673887e-01   2.4988146e-01  -2.2652067e-01  -3.4255590e-02  -1.7864515e-01   3.7351376e-02   8.4408097e-02   2.1274289e-02  -1.7754565e-01   2.0697545e-01  -5.0276672e-02   4.2038943e-01  -9.7949340e-02  -3.3140139e-02   2.7234088e-02  -6.9403950e-02  -9.8152899e-02  -2.2165124e-01  -1.7774903e-01   1.3362754e-01   2.6317189e-01  -1.6605791e-01   3.2540329e-01   3.9225201e-01
   3.8309186e-01   5.4727201e-01   3.4292114e-01  -3.0977599e-01   4.6392751e-01  -1.0645991e-01  -2.7506254e-01  -6.2815399e-02   2.1748372e-02   0.0000000e+00  -2.3781465e-01   1.9116547e-01   2.1272137e-01  -3.8848095e-01  -1.7571104e-01  -8.6176923e-02   5.3371853e-01  -5.0751297e-01   2.9743579e-01   3.6130851e-01  -1.6861700e-01  -2.2971073e-01  -2.5836804e-01  -8.3528386e-02  -1.9544491e-01  -7.2809728e-02   5.8967024e-02  -1.4035821e-01   3.5326050e-01  -4.0612120e-01   1.0852852e-01  -3.1184375e-01  -2.3888791e-01   3.1932227e-01   4.6084334e-01   3.6668674e-01   4.9963186e-01  -1.8131450e-01  -1.0566317e-01   4.4079223e-01   8.8018052e-04  -1.0494061e-01   4.5844793e-01  -2.6198538e-01   4.4842178e-01   1.6818785e-01  -2.0400069e-01  -3.6074528e-01  -1.1497141e-01   4.3282245e-01  -3.8534491e-01  -1.0350773e-01   3.5999694e-01   8.7433548e-02  -2.0621231e-01  -3.2463195e-01   2.8720692e-01  -9.7169752e-02  -2.5207583e-01  -1.8726150e-01   1.5926812e-01   2.8660345e-01   4.5591450e-01   3.8797028e-01   4.1617552e-01   5.5986813e-01   9.8938553e-02   1.3691901e-01  -3.9965984e-01  -2.2316352e-01   3.1352472e-01  -2.7695311e-01   2.8213950e-01   4.5129527e-01  -8.6096404e-02  -1.0295365e-01   6.7663618e-02  -5.1387533e-02   4.7758630e-01  -1.6066493e-01  -2.3399473e-01   2.7448527e-01   2.9284098e-01   1.8954507e-02   3.9615160e-01  -2.5967539e-01   5.4156738e-01  -2.7176661e-01   4.5795624e-01  -1.1806198e-01   4.0058483e-01  -1.1397098e-02   4.8903221e-01  -3.1413290e-02  -1.9965090e-01   4.5978070e-01  -2.8787609e-01   2.2097265e-01   1.7905900e-01   2.6903820e-01  -2.2254721e-01  -1.9405727e-01  -2.8691064e-01   1.8495439e-01  -4.8195397e-01  -2.6400631e-01  -7.8493180e-02  -7.3438854e-02   4.0583298e-01  -1.6443700e-01   5.1708861e-01  -3.8721024e-01  -5.4755798e-02  -9.8993344e-02  -7.5348217e-02   1.8401559e-02  -4.0640168e-01   2.4589681e-01  -2.3576626e-01  -3.8706902e-01  -1.7974577e-01   4.6197265e-01   5.0488277e-01   7.6539873e-02  -5.5265919e-03   5.7399779e-02  -4.3915508e-02   1.7030226e-01  -1.9602475e-01  -1.4049405e-01  -7.6736642e-02   3.7820130e-01   6.3386934e-01  -9.7316510e-02   4.7701617e-02  -1.0217957e-01   1.7568030e-01  -2.6959898e-01  -4.7466908e-02  -5.0887737e-03  -2.0862900e-01   3.1477360e-01  -3.9309789e-01  -2.3651278e-01  -1.3590124e-01  -4.5054361e-01   2.8857629e-01  -1.0533072e-01  -1.5925888e-01   2.7843147e-01   9.5439521e-02  -7.4558505e-02  -7.1972132e-02   1.9121510e-01   1.6980185e-01  -2.5388997e-02  -1.9010694e-01  -7.7645174e-02   1.2155872e-01  -2.2299831e-01  -4.8764367e-02  -2.7431583e-01   7.6218004e-02  -3.6630966e-01  -5.2616222e-02   6.0714020e-01   4.5381729e-01  -1.6724533e-01  -2.7581605e-01   3.3997781e-01   2.5909785e-01  -2.3336722e-01  -8.1355962e-02  -1.8824832e-01  -3.0385037e-01  -1.3896529e-01  -6.4658722e-02
  -2.6566902e-01  -5.5969249e-03  -1.5046840e-01   2.4158237e-01  -1.9577226e-01   3.6482502e-01   3.8105911e-01   2.7033400e-01  -2.1461681e-01  -2.3781465e-01   0.0000000e+00   4.6152930e-02  -8.5657950e-02   3.0043547e-01   2.9662628e-01   3.1698146e-01  -1.4519691e-01   7.1544506e-01  -1.8038495e-01  -1.7170155e-01   5.9614469e-01   1.5241796e-01   4.9656702e-01  -1.2836162e-01   8.6174604e-02   2.1843563e-01   1.5843671e-01   1.0286953e-01  -2.3026996e-01   3.4121475e-01   3.3442585e-01   3.7080665e-01  -1.6135600e-02   1.0087590e-05  -3.0492459e-01  -7.3058691e-02   1.1120580e-01   8.4536123e-02   4.3430267e-01  -3.3080557e-01   1.8796211e-01  -2.4083810e-01  -4.3689155e-01   4.4423338e-01   8.1800800e-02   2.1965774e-02   3.3490535e-01   3.1219316e-01   3.4411329e-01  -3.0179648e-01   6.0354345e-01   2.5947379e-01  -1.0055988e-01  -1.7255619e-01  -9.1528457e-02   4.2968025e-01   1.0414246e-01   1.0985192e-02   4.5984596e-01   3.1634701e-02  -3.6065484e-02  -4.5471101e-02  -1.1535887e-01   3.0416216e-01  -2.4631226e-02  -8.5843840e-02   3.9888325e-01  -2.5060824e-01   3.5152782e-01   2.0216771e-02   3.6691477e-02   4.3175057e-01   4.1224266e-01  -4.5231929e-01  -4.7964111e-02  -3.8393804e-02   7.4518140e-02   1.5212390e-01  -2.8398041e-01   7.7576315e-02   2.0751774e-01   1.2933778e-01  -1.4876696e-01   1.7473857e-01  -2.6946980e-01   3.6633564e-01  -1.4713280e-01  -1.2553883e-02  -3.1903920e-01  -2.1365841e-01  -1.8655657e-01  -2.4159907e-01  -3.4051579e-01  -4.0916866e-02   1.5555924e-01  -2.9604190e-01   3.1757142e-02   1.5839589e-01  -1.2168118e-01   1.0517831e-01   1.0573389e-01   3.9190037e-01   1.8254248e-01   8.6681215e-02   5.8436632e-01   3.5977960e-01  -1.3531600e-01   3.6785949e-01  -2.1298156e-01   3.5806432e-01  -3.9406240e-01   3.3143745e-01  -8.0100278e-02  -2.4710155e-02  -9.5915546e-02  -2.4059980e-01   5.1462549e-01   2.9613153e-02   1.1291495e-01   2.4907676e-01   2.0829172e-01  -3.6257732e-01  -4.3662851e-01   1.5023973e-01   1.6489822e-01  -2.5127527e-01   1.0333218e-01   5.3928699e-02   1.5788775e-01   2.9980701e-02   2.0424879e-01   1.8507983e-01  -4.1221785e-01   4.6205938e-01  -1.3791350e-01   2.2369475e-01  -8.0777087e-02   3.2861989e-01   5.6170054e-02  -1.1729614e-01   7.9485988e-02  -2.1537191e-01   5.7841349e-01   1.0824562e-01   2.2657170e-01   5.4942237e-01   4.9785605e-02   4.1113937e-01   4.6640000e-01   1.0263690e-01  -3.9021809e-01   1.4895422e-01   1.5377272e-01   2.9511762e-01  -9.7722148e-02   1.3347331e-02   1.9628396e-01   2.7517504e-01  -2.2132913e-01   2.5842229e-01  -2.1962158e-01   5.5285476e-01   1.7471840e-01   6.6079943e-01   1.1391645e-01  -3.8330871e-01   2.1363339e-01   8.1170799e-02   2.2018358e-01  -2.8985059e-01  -3.1561237e-01   1.0694260e-01   3.5944928e-01   1.8712400e-01   1.0635357e-01  -1.4417285e-01   1.5580718e-01
   2.3506862e-03   4.0868802e-01   2.7246792e-01  -1.4113336e-01  -4.0060539e-01   4.2761058e-01   4.1701113e-01  -1.6794451e-01   4.8233820e-02   1.9116547e-01   4.6152930e-02   0.0000000e+00  -1.5711072e-01   3.7418168e-01   5.7613496e-01   2.1112012e-01  -2.3643785e-02   4.3837066e-02   1.5842840e-02  -3.5871998e-01  -1.0167883e-01   1.3583456e-01   2.0789046e-01  -3.2354969e-01  -6.2024219e-03  -1.4478605e-01  -8.3268716e-02  -1.5393422e-02   7.2890282e-02   3.6858630e-01   1.6748949e-01   1.1741531e-02  -9.7320987e-02   3.9494480e-01   5.3473259e-01  -3.1746276e-01  -3.8126375e-03   8.9520574e-02   1.2613628e-02  -1.8982892e-01  -1.1009854e-01  -1.3469862e-01   2.4989551e-01   1.9321274e-01   1.6398040e-01   9.7533199e-02  -1.7198143e-01   4.2357892e-02  -2.2632027e-01  -2.8943430e-01   2.9403580e-01  -1.3731934e-01   9.9358353e-02  -2.4186137e-02  -3.4634332e-02   5.7687182e-02  -3.4089453e-02  -5.7603641e-03   7.0456606e-02   3.1215673e-01  -1.8375707e-01  -1.5350398e-01   1.4767994e-01   8.8483741e-02  -6.4188941e-02   1.7192704e-01   3.3421970e-01   4.9300542e-03  -9.4464148e-03   2.3679667e-01   1.3395596e-01   1.1164121e-01  -4.5761258e-02   8.5162112e-03  -9.5399447e-02  -1.4483634e-01  -3.3630047e-02   2.4667946e-02  -3.6952336e-01   8.3094300e-02  -8.3525733e-02  -4.1189505e-02  -3.6593474e-01  -1.0956575e-01  -3.3616559e-01   3.3317799e-02   2.9890094e-01   1.6738539e-01   9.0537474e-02   1.2670165e-01  -3.4851971e-01  -4.9216767e-03  -2.6123011e-01   1.0676674e-01   4.7181778e-02  -3.2269093e-01   1.8256090e-02  -6.5644408e-02  -6.1665113e-02   1.2343326e-01  -2.8140466e-01   5.9718829e-01  -4.5090227e-02   4.8330345e-01   1.6682679e-01  -4.1716139e-02  -1.3253036e-01  -5.1404304e-02  -1.6241006e-01   1.1436452e-02  -7.0429068e-02   1.4149038e-01  -6.6648064e-02   1.7098939e-01   9.4883758e-02  -4.8279200e-01   9.1974863e-02  -1.9621220e-02   1.1630495e-01  -1.4561847e-01   7.0970366e-02  -4.5330757e-01   1.3783595e-01   8.0775751e-02   2.4074090e-01   6.6085970e-01   4.4855389e-01   1.5005992e-02  -6.1015864e-02   1.7037205e-01  -1.8585141e-02   1.8147008e-01   5.4478920e-02   1.8121604e-01   2.5292822e-01  -4.6221534e-02   4.4996588e-07   3.4832620e-02  -7.0787239e-02   1.2009431e-01   7.3917291e-03  -2.9836101e-02   1.5379572e-01   2.1271061e-01   5.6460962e-01  -4.4758297e-02   6.2436678e-01   1.8399851e-02   2.4891030e-01  -6.3589181e-02  -3.9795751e-02  -1.3033516e-01   1.1269173e-02  -3.5145223e-01   3.6506558e-01  -5.9966136e-02  -2.7822425e-02   1.8540223e-01  -1.9589988e-01   3.1876065e-03  -5.6669481e-03   2.9173398e-02   1.8973829e-01   1.5135157e-01   8.6759067e-03  -5.3335240e-02   3.2271101e-01   4.8389265e-02  -2.1025671e-04  -5.4673272e-01  -3.0286898e-01   1.2796983e-01  -1.2673707e-01   3.9655045e-01   8.2197959e-02  -1.5233975e-01  -7.5665552e-02
   2.0393591e-01   5.5130395e-03   1.1795507e-01   2.8275787e-02   5.2982370e-01   5.3393299e-02  -2.1156965e-01  -1.3420534e-01   2.3992501e-01   2.1272137e-01  -8.5657950e-02  -1.5711072e-01   0.0000000e+00  -2.9823824e-01  -4.2571595e-01   9.5398569e-02   1.3141637e-01  -8.6077910e-02   7.7460037e-02   6.0910245e-01   1.8491511e-01  -1.7818997e-01  -9.0912399e-02   9.3566556e-02  -1.3876947e-01  -6.2469948e-02   2.2518045e-01  -2.0907073e-01   2.5066672e-01  -3.2683959e-01  -1.9613437e-01  -2.4973711e-01   1.9005141e-01   5.0326675e-02   1.1345486e-01   5.7032147e-01   9.3773334e-02   2.4839252e-02   1.5267175e-01   3.3120113e-01   5.8065925e-01   3.2893442e-01   2.4680510e-01  -3.0701373e-01   2.6925772e-01  -8.6160035e-02   2.2078858e-01   4.8757951e-03   5.8526869e-02   1.5354153e-01   5.3634023e-03  -2.4649912e-01   1.2220944e-01   4.7150759e-01   4.0511116e-01  -6.9956238e-02  -8.9253508e-03  -1.2781917e-01  -9.3185295e-02  -3.3904452e-02   1.5259055e-01   3.9679020e-02   3.7291879e-01   4.5224537e-03   1.9966918e-01   2.7770066e-02   2.2881037e-01  -7.6020602e-03  -6.9818187e-02   3.7752309e-03   1.2724018e-01  -4.7267282e-03   3.2990843e-01   6.5996431e-02   9.2347019e-02  -2.8853923e-01  -5.8109890e-02  -9.5515266e-02   8.3939722e-02   1.2795500e-01  -2.1924659e-01   2.5031017e-01   1.6633570e-01  -8.4054325e-02   1.7673871e-01  -3.6720205e-01   1.7140973e-01   1.6265410e-02   9.0298907e-02   9.9450682e-02   2.1266998e-01   2.2596392e-01   2.9098011e-01   1.3763608e-01  -9.0131546e-02   6.0790083e-01  -1.0212941e-03   1.8905492e-02   1.3846823e-01   1.5113929e-01   1.2530656e-01  -2.7327442e-01  -2.0781606e-01   3.4024481e-02  -2.6674223e-01  -1.6425266e-01   4.2303517e-01  -7.7314314e-02  -3.5936882e-02  -2.5013036e-02   1.1746480e-01  -3.4363256e-01   2.0772687e-02   3.9821775e-02  -1.4140413e-01   7.0416787e-02  -2.9191090e-01   4.1290361e-01  -1.5198827e-01  -3.3359817e-02  -1.7950791e-02   3.1060993e-01   3.2312735e-01   2.1736499e-02   8.1713011e-02  -3.6154634e-02  -1.6110864e-02   3.8437367e-01   4.9882481e-02   6.1500476e-02   3.1517202e-01  -8.5896590e-02   7.5157760e-02  -9.5034919e-02   2.3533938e-01  -2.1480598e-01   4.4040512e-01  -1.6110765e-01  -2.7448952e-01   7.0412375e-02  -3.1294371e-02   6.0837414e-01  -2.8612032e-01  -8.1887768e-02  -2.3044143e-01  -2.9658173e-01  -1.1630063e-01   1.0678651e-01  -8.8661513e-02   1.0727299e-01   1.1452630e-01  -7.7400524e-02   3.2434038e-01   3.6730167e-02   2.1931769e-01   1.1303245e-01  -5.0562920e-02   8.4237258e-02   3.2434780e-01  -1.9209912e-01   7.4161910e-02  -2.4690341e-01   2.6237574e-01  -1.7597777e-01  -9.4487436e-03   1.2207145e-01  -1.7387100e-01  -1.6480843e-01   1.8058224e-01   3.5157945e-01  -1.9948481e-02  -5.1316838e-02   1.5979460e-01  -1.3200210e-01  -1.4033684e-01   2.7473509e-01   2.9795224e-02
  -2.5798273e-01  -1.5038678e-01  -3.7493715e-01   2.1336998e-01  -5.6757594e-01   4.8215194e-01   5.8790638e-01  -3.0391811e-02   4.1041795e-02  -3.8848095e-01   3.0043547e-01   3.7418168e-01  -2.9823824e-01   0.0000000e+00   5.4254528e-01   3.9694767e-01  -5.2652133e-01   4.6402869e-01  -1.9504972e-01  -5.6933359e-01   1.3484002e-01   5.5527140e-01   3.9818457e-01  -1.4972499e-01  -4.7571449e-02   1.9058949e-02  -2.0714583e-01   2.1406473e-01  -3.2087380e-01   8.4689739e-01   2.1704705e-01   2.2765830e-01  -4.2579296e-02  -1.5958350e-01  -1.4769639e-01  -4.9698968e-01  -2.2436677e-01   1.7513003e-01   3.0034244e-01  -6.0986996e-01  -2.4804655e-01  -1.1868272e-01  -2.6933158e-01   5.2338894e-01  -2.6836370e-02  -4.7398435e-02   1.9524552e-01   3.2413551e-01   2.1884748e-01  -6.7143228e-01   5.0982080e-01   5.2514774e-02  -1.6981402e-01  -1.3849937e-01   8.4337983e-02   3.0387327e-01  -3.4729486e-01   2.1582768e-01   1.6884415e-01   4.7984929e-01  -5.0162482e-01  -1.5629830e-01  -1.6423844e-01  -2.8918306e-01  -1.6071298e-01  -2.6927307e-01   3.4462669e-01  -1.2978279e-01   4.3298602e-01   3.6197644e-01  -2.7982069e-01   4.5890701e-01  -1.6605142e-01  -5.9394549e-01  -2.5554396e-01  -7.3775189e-02  -2.3946907e-01   1.9952599e-01  -5.4227483e-01   7.5419536e-02   1.9213499e-01  -1.3436666e-01  -4.9942673e-01   1.8096144e-03  -6.5205023e-01   3.7540913e-01  -1.7278439e-01   3.8833633e-01  -3.6010107e-01   5.4495563e-02  -5.4473464e-01  -1.6955556e-01  -6.8354150e-01   8.9185898e-02   1.4369127e-01  -4.5469093e-01   1.0452507e-01  -1.0288124e-02  -1.3635451e-01  -1.2299523e-01   4.8765094e-02   6.2500649e-01   4.4225201e-01   1.7819535e-01   6.7285228e-01   2.1370763e-01  -1.4411015e-01   1.5906321e-01  -3.1080825e-01   1.2054908e-01  -6.4691249e-01   6.8738303e-01   1.2649274e-01   1.2543507e-01   1.9826559e-01  -4.2722652e-01   5.5483781e-01  -2.6154079e-01   4.3615649e-01   3.3167344e-01   2.7606538e-01  -6.4757418e-01  -2.2756615e-01   2.0698436e-01   1.8304267e-01   3.0386332e-01   4.9510301e-01  -1.4319889e-01   2.8939032e-01   3.4409541e-01  -9.0616420e-02  -1.4340768e-01  -4.8620551e-01   3.6471045e-01   2.0871169e-01   5.9333801e-02  -1.5055905e-01   4.3982552e-01  -2.8016645e-02  -4.1791473e-02   3.2251549e-01  -1.4451390e-01   4.6658308e-01   4.7417138e-01   6.1104841e-01   5.8049089e-01  -3.1965820e-02   1.5419475e-01   4.2658266e-01  -2.7130672e-01  -2.4764753e-01   5.6434422e-02   2.5719043e-02  -2.3226677e-01  -6.3294112e-02  -2.8106392e-02   1.5993235e-01   6.4973477e-02  -4.1821315e-01   2.3770233e-01  -1.4020871e-01   2.5730336e-01  -4.9600888e-02   6.3854688e-01   1.4003297e-01  -4.9358861e-01   1.1906140e-01   1.9067740e-01   2.1900908e-01  -6.6402661e-01  -3.7555069e-01   2.0561181e-01   1.3680862e-01   6.1297014e-01   9.1720041e-02   2.5428751e-02   1.0294534e-01
