   0.0000000e+00  -1.5983627e-01  -2.4374041e-01   8.7589962e-02   1.2361463e-01  -2.4790173e-01  -3.2052275e-01   3.9701608e-01   2.3519783e-01  -2.1017295e-01  -1.6398437e-01  -1.8548060e-01   2.0335711e-02   1.6210172e-01   2.9515002e-01   7.7606785e-02  -3.9653999e-02  -1.0199261e-01   2.0128535e-01   3.2858252e-02  -1.1625963e-01  -1.1628613e-01  -3.1782746e-01   4.6241076e-01  -8.7828358e-02   3.5959282e-01  -1.1426195e-01   2.1302050e-01   2.2802173e-02  -2.5379298e-01  -1.0203246e-03   2.7941032e-01   2.4082384e-02  -2.2100450e-01  -1.3294984e-01  -1.3797899e-01  -1.7749787e-01   3.2796248e-02  -3.7134260e-02  -1.4322527e-01   6.3249785e-03   2.0633819e-01  -1.1927583e-01   1.7696962e-01  -2.3858839e-02  -1.0889187e-01  -1.6447794e-01  -3.7011274e-01  -1.6663123e-01  -6.8333510e-02  -1.5716145e-01   3.9777789e-01  -6.3178960e-02   2.0405097e-01   2.5757613e-01   1.2716468e-01   1.7418177e-01   1.2045021e-01   1.2673203e-01  -9.8568086e-02  -1.2441953e-01  -9.1227377e-02   1.4244353e-01   2.4235437e-01   1.0222342e-02  -1.6072170e-01  -2.0835186e-01  -4.8478114e-02  -3.0770509e-02  -3.6865059e-01  -2.7578582e-01   7.9676966e-02   3.7425795e-02   2.4054077e-01   5.3711614e-02   6.5177801e-02  -6.3202629e-02  -2.4939950e-02  -5.4629896e-02  -1.0460815e-01   8.6154196e-02  -5.3364991e-02  -3.2011290e-01   2.5536328e-01   2.0589527e-01   2.5412598e-01  -8.4779087e-02   5.9832727e-01  -4.5946879e-02   7.8878834e-01   1.6405463e-01  -8.7634575e-02  -1.0242781e-01   6.1610619e-02  -9.3771879e-02   1.9073112e-01  -9.4142164e-02   3.4864529e-01  -1.8217848e-01  -2.4860781e-01  -3.7816723e-02   4.3994517e-02   3.2783151e-03   2.3040412e-02   1.9944536e-01   1.5812979e-01  -6.7076078e-02   1.3202275e-01  -8.4482600e-02  -2.3975761e-01  -3.0636371e-01  -2.4320278e-01   1.4195643e-01   7.0716355e-01   1.3937727e-01   6.3244072e-02   2.5873255e-02   3.8706460e-02  -6.7587472e-02   1.1453784e-01   8.4806736e-02   7.9644336e-02   6.6402207e-02   1.8689280e-01   2.1455231e-01   2.8179069e-01   1.4054419e-01   1.5172194e-01   2.5802329e-01  -3.4724517e-01   8.1506383e-02  -1.8368004e-01   3.7909155e-01  -1.9239414e-01   8.6570441e-02   4.7081080e-01  -6.3109112e-02   9.0400056e-02   5.2769568e-01   1.2233177e-01   7.0875539e-01  -1.1370644e-01   5.0024047e-03  -4.1510253e-01  -5.5193370e-03  -3.4215581e-02  -2.7858199e-01  -1.2342065e-01  -3.1167224e-01  -2.8393705e-01   1.2097335e-01   2.3968721e-01   4.3803231e-01  -5.1144630e-02  -2.3496646e-01   3.6354322e-01   2.2891908e-01   1.9291247e-01  -6.6914818e-02   4.3510164e-02   6.0790540e-02  -6.6042203e-02  -1.9729374e-01   1.4226759e-01   1.5224782e-01   1.1732858e-01  -1.5889040e-01   3.0686422e-01   4.8638781e-01   6.6142885e-03  -8.9660343e-02  -4.7504860e-02  -6.0613001e-02  -2.5443395e-01   6.3509381e-02   6.2661202e-02   1.2242240e-01
  -1.5983627e-01   0.0000000e+00   3.1370754e-01  -5.5509536e-01   5.1624989e-01  -5.7158283e-01   5.7352365e-02  -2.8705966e-01   3.3839787e-01  -1.5785258e-01  -3.7389839e-01   6.4171093e-01   2.0595822e-01  -4.5871275e-01  -7.0068318e-02  -3.4253391e-01   3.9324229e-01  -3.8312635e-01   5.9030002e-02   3.8110575e-01  -1.3243346e-01  -6.0165262e-01  -1.7357496e-01  -1.4793800e-01  -2.2387759e-01  -1.3072713e-01  -6.8558625e-03  -3.4677381e-01   1.9770114e-02  -4.3113460e-01   1.1536968e-01  -3.6306984e-01  -1.3910543e-01   3.0114472e-01   1.2628981e-01  -6.3824459e-02   4.2625724e-01  -2.5210471e-01  -8.1402722e-02   5.0571724e-01   1.5858760e-01  -4.1360478e-01   2.7822376e-01  -1.6767288e-01  -1.7359606e-01  -2.3723284e-01  -4.8507533e-01   5.7831922e-02   3.9984923e-01   6.0413340e-01  -5.4716994e-01  -2.2878663e-01   6.3477711e-01   2.1251829e-01  -1.1855994e-01  -5.0061539e-01  -2.5112537e-01  -4.2864990e-01  -3.2408832e-01   3.6003678e-01  -1.2393644e-01  -3.6927888e-02   6.3883828e-01   7.7182374e-02  -7.0596249e-02  -6.0096654e-01  -4.1890297e-01  -1.5595867e-02  -4.8272807e-01  -3.7531242e-02   6.2210123e-01  -4.7737033e-01   8.4384767e-02  -1.3327079e-01   4.7648268e-03   2.0355895e-01  -1.9376941e-01  -2.0428621e-01   5.7217539e-01  -5.0818134e-02  -2.9452377e-01   6.5083148e-02   1.4743907e-01  -1.6567231e-01  -1.6169428e-01   1.4350585e-02   8.6272250e-02  -1.2527336e-01   4.5261468e-01  -1.5712799e-01   4.0629812e-01   1.9556213e-02   5.9217492e-01  -5.1153658e-02  -2.3882271e-01   4.6904534e-01  -2.0090560e-01   8.8736444e-02  -1.3575120e-02  -1.9099401e-01   6.6294512e-03  -6.1678200e-01  -4.4315367e-01   6.5781662e-01  -4.9134059e-01  -3.9418546e-01   1.4902699e-01  -4.0600802e-01   9.2768893e-02   5.2389497e-01   1.3586201e-01  -5.8885342e-01  -1.1555246e-01  -2.6161328e-01  -1.2656374e-01   6.1675149e-01   1.4511542e-01   1.4676253e-01  -3.7754657e-01  -5.1398428e-01  -2.7675900e-01   5.2249851e-01   5.5506079e-01   3.9017959e-02  -3.8461156e-01  -3.3845077e-01  -5.1737012e-01   9.7401451e-02  -4.5745042e-01   1.0570007e-01   1.7663901e-01   1.1656323e-01   3.1951914e-01   4.4193380e-01   2.9347534e-01   4.5703820e-02   5.3074002e-02  -2.9187433e-01  -1.2675268e-01  -9.4389604e-02  -5.2700305e-02   9.7200296e-02  -4.9490832e-01  -3.7086193e-01   1.7675037e-02  -3.6404511e-01   4.2710378e-01  -2.9388427e-01  -2.9430723e-01  -2.0411164e-01  -3.3598872e-01  -3.9134630e-01  -3.1108304e-01   7.6797242e-02   5.3400923e-01  -1.3088136e-01  -3.9362027e-01  -1.5274169e-01   8.7365057e-02  -4.9023125e-01   2.5598900e-01  -3.1848088e-01  -1.7358816e-01  -6.6347471e-01  -2.9096498e-01   3.0471389e-01  -1.4185154e-01  -4.5624945e-01  -3.6506654e-01   6.4429359e-01   2.4682348e-01  -2.0822434e-01  -2.4630628e-01  -5.1436536e-01  -2.6245107e-01   3.4356728e-03  -3.9198849e-01
  -2.4374041e-01   3.1370754e-01   0.0000000e+00  -2.3706569e-01   8.3473861e-02   1.9895252e-01  -1.0242920e-01  -2.1018254e-01  -1.4398206e-01   8.7551335e-02  -1.8124784e-01   6.9239425e-01   1.4889934e-01  -3.4543182e-01  -3.6875826e-02  -1.4911406e-01   8.6764762e-01  -3.0183024e-01   7.8786704e-05   2.9449094e-01  -3.0528969e-01   7.0925328e-03  -2.5733016e-02  -2.7475137e-01   1.5016542e-02   5.0567333e-02   2.0100453e-01  -1.2152048e-01  -2.8161239e-02  -2.3375337e-01  -4.6601962e-01  -1.7149340e-01  -1.8877634e-01  -3.9355190e-02  -3.1686868e-01  -1.0348404e-02  -1.8820609e-01   9.5809065e-03  -3.0717390e-01   2.1576102e-01  -1.1891232e-02  -1.6257422e-01   1.6095122e-01  -2.7430935e-01  -1.9383493e-01   2.6993044e-01  -1.4548843e-01  -2.2426947e-01  -2.7832889e-01   6.7051546e-01  -2.2776052e-01  -1.1787904e-01  -2.1730838e-01   2.6739797e-01  -2.9783079e-01  -2.9414110e-01  -1.2379498e-01  -5.0449075e-02  -2.9347526e-01   5.2376782e-01   1.3980051e-01  -3.3115454e-01   7.4477247e-02  -3.5392743e-01  -4.7189941e-01  -8.7412368e-02   1.5583515e-01  -3.6543060e-02  -1.3687587e-01   7.7261357e-01  -5.8636336e-02  -1.8921790e-01  -2.0805524e-01   6.0138973e-02   7.4379162e-02  -3.6669748e-02   1.5010281e-01   4.4097711e-02  -7.6055948e-03   1.1563957e-02  -1.1066167e-01  -1.8724264e-01   1.4544418e-01  -3.8331101e-02  -7.0523075e-02  -1.5264089e-01  -5.0024019e-01  -1.7311145e-01   1.9791453e-02  -4.1293109e-01  -1.1569535e-01   3.9084902e-01   3.9153993e-01   2.1958796e-01   1.0789971e-01   3.2304128e-02  -1.5602326e-01  -1.8175177e-01   6.7752915e-02  -1.5275452e-01   2.4830499e-02  -1.4321261e-01   2.7726787e-02   1.2354354e-01  -1.1372739e-01   1.2847220e-02   1.6073246e-01  -3.5685305e-02  -3.6722303e-01  -7.4414617e-02   6.4446980e-02   4.3122399e-03  -2.0317858e-01  -4.3662229e-01  -3.7917284e-03  -2.0455304e-01  -5.7528522e-03  -2.0749749e-01   1.9324663e-01  -3.0121457e-01  -8.8382294e-03   7.0124192e-02   4.3995158e-01  -3.7760945e-01  -1.0449370e-01   3.1547123e-03  -2.5499860e-01  -1.2166302e-01  -1.8197326e-01   6.8646245e-01  -1.7322300e-01  -4.5402315e-01  -1.6089197e-01  -2.6418737e-01   2.8893900e-01  -9.2857122e-02   7.0344260e-02  -1.8960688e-01  -1.6458712e-01   5.7304026e-02  -3.1484798e-01   3.1604069e-01  -2.1809472e-01   4.1877013e-01  -2.2476719e-01  -4.1132131e-01   2.4626435e-01  -1.7295995e-02   1.2495353e-01  -2.2895641e-01   2.3696324e-01  -1.1113540e-02  -2.1278977e-01  -2.0130885e-01   8.5643719e-01  -2.8877460e-01  -8.6166402e-02  -2.3610674e-01   2.7855377e-01  -3.2024305e-01   3.7583310e-03  -2.3185662e-01   3.0799596e-02  -3.6207678e-01  -7.6415381e-02  -2.7981178e-01  -6.5083710e-02   7.5238648e-03  -1.9467601e-01  -2.5562213e-01   1.5392040e-02  -7.1604619e-02  -2.9647918e-01   1.9454080e-01   2.8580856e-02  -6.9062806e-02  -7.3809160e-02
   8.7589962e-02  -5.5509536e-01  -2.3706569e-01   0.0000000e+00  -1.6259884e-01   3.9842340e-01  -8.1017912e-02   3.9073961e-01  -5.5962949e-02   1.6427867e-01   4.0707504e-01  -4.6570238e-01  -1.4977862e-01   3.0626759e-01  -2.8537397e-02   3.4667328e-01  -2.4781233e-01   4.3944971e-01   3.7155093e-03  -8.8349485e-02  -2.6513693e-02   4.7705247e-01  -8.6985793e-03   5.6547308e-02   3.4212536e-01   3.5731436e-01   5.0561837e-02   1.6547574e-01   1.7800188e-01   2.8212620e-01  -1.4134130e-01   5.1224843e-01   2.0582792e-01  -2.9573679e-01  -1.2991547e-01   2.6597671e-01  -2.3356324e-01   8.9600523e-02   2.6826288e-01  -3.2930791e-01   8.2881623e-02   3.6100193e-01   1.5821657e-02   2.7109383e-01   2.4991162e-01   1.5779768e-01   5.4893712e-01  -1.4947514e-01  -1.5812612e-01  -3.9308056e-01   5.6675113e-01   3.6308800e-01  -4.2877632e-01  -8.4875144e-02   5.5115449e-02   3.5418428e-01   1.6789756e-01   3.4453839e-01   4.8553516e-01  -2.9283320e-01   1.9013698e-01   1.8438023e-01  -1.9787881e-01   5.1714857e-02   1.6004244e-01   3.8241282e-01   3.2006501e-01   3.6983507e-02   5.3563955e-01  -1.3433317e-01  -4.4969593e-01   6.7802542e-01   9.7470159e-02  -7.2172782e-02   1.7024322e-02   4.9173990e-02   2.0147793e-01   1.8511815e-01  -3.0512832e-01   4.0122419e-01   1.3851743e-01   5.5661907e-03  -2.1274424e-01   2.8310271e-01   1.3629248e-02   9.3542558e-02  -1.2316216e-01   1.0535388e-01  -1.9555335e-01   1.3209828e-01  -1.1141184e-01   1.0793646e-01  -4.2876145e-01   1.9458742e-01   1.8608308e-01  -1.2947277e-01   5.2515809e-01   7.8792303e-02   3.1943116e-01   1.5546948e-01  -1.3086568e-01   3.8480414e-01   2.2399940e-01  -3.7734514e-01   4.4462807e-01   4.8920114e-01   6.2792629e-03   4.6721870e-01  -1.7321082e-01  -3.3553287e-01  -2.1337983e-01   3.4800502e-01   5.2000801e-01   5.6106174e-02  -8.0303692e-02  -3.3059691e-01  -1.0082595e-01  -3.6725964e-03   1.8348893e-01   6.9747057e-01   5.9759732e-02  -2.8718171e-01  -3.0123607e-01   7.0908187e-02   3.3714786e-01   2.0548955e-01   2.9817819e-01   1.1440247e-01   5.6261391e-01  -2.1210062e-01  -1.3459026e-01  -3.1306917e-02  -5.6840325e-02  -3.4916745e-01   9.4328893e-02   1.7906005e-01   2.8786603e-01   4.8937534e-02   2.3677258e-01   5.9851014e-03   7.2947846e-03  -5.5481290e-02   4.3638370e-01   1.7434051e-01  -1.7974176e-01   1.6520663e-01  -3.6074806e-01   1.9771961e-01   1.3737049e-01   3.6962575e-02   5.5366877e-02   1.8841347e-01   2.7405963e-01   3.8799620e-02  -2.5709178e-01  -1.2103840e-01   3.0250566e-01   3.8104057e-01  -1.8864468e-02   1.9904317e-01   6.4570237e-02   3.4620748e-01   1.4606281e-01   7.1433228e-01   3.7725788e-01  -3.3705403e-01   7.7028673e-02   3.6221358e-01   1.1900752e-01  -4.2284865e-01  -2.0720886e-01   5.5814898e-02   5.0459722e-01   3.4314061e-01   1.7009685e-01   4.0925636e-02   4.4944081e-01
   1.2361463e-01   5.1624989e-01   8.3473861e-02  -1.6259884e-01   0.0000000e+00  -5.6091019e-01  -9.2275864e-02   4.7317896e-02   3.3722095e-01   7.1495675e-02   1.2178636e-02   2.6783228e-01   4.2609491e-01  -5.6002999e-01  -1.8248511e-01  -9.3579238e-02   2.1053291e-01  -5.6163307e-03  -2.1229811e-02   7.4843614e-01  -1.9401357e-01  -3.9997193e-01  -2.2471523e-01  -6.5416182e-02  -1.8370799e-01  -1.1277877e-01   1.1564601e-01  -5.1498266e-01   1.4657159e-02  -3.1722033e-01  -1.2962230e-01  -1.4434597e-01   7.8168641e-02   6.2293858e-02  -2.5004177e-01   4.8184964e-01   1.7914060e-01  -2.2830186e-01   2.4539958e-01   1.3460206e-01   3.7198770e-01  -2.4458778e-02   3.8156921e-01   1.6669578e-01   1.6140327e-01  -1.4128742e-01  -4.5702635e-02  -3.1279603e-01   2.1230407e-01   4.5961512e-01  -2.2917984e-01  -1.4412836e-02   3.4687003e-01   9.7989043e-02  -3.7463021e-01  -3.4586643e-01  -3.5867838e-01  -2.3297083e-01  -1.5847998e-02   1.9873874e-02   8.5028599e-02   2.2614196e-01   7.2094748e-01   3.8248881e-01  -1.4466451e-02  -2.6846451e-01  -4.2195759e-01   1.6579681e-01  -1.1108248e-01  -3.5030318e-01   2.6907343e-02  -1.9685605e-01   3.5609447e-01  -3.5710283e-01  -2.4101880e-01   2.2993834e-01  -5.7315492e-02  -9.9379673e-02   6.7332338e-01  -8.5469483e-02  -4.2126388e-01   2.7412044e-01  -1.8418637e-01  -1.6031021e-01  -4.2588478e-01   1.9620518e-01  -3.2129299e-01  -3.7680514e-02   3.4388742e-01   4.3232959e-02   7.9713302e-01   2.4990073e-01   3.1224290e-01   2.4615506e-01  -1.4527881e-01   8.8771474e-01  -6.2391338e-03  -1.1913007e-01   2.8046668e-01  -2.1134458e-01  -5.3127476e-01  -2.6840225e-01  -5.5951588e-01   4.0651149e-01  -3.1527191e-01  -2.5380195e-01  -5.8839996e-02  -2.8752896e-01   2.8492609e-02   3.0926323e-01  -1.0154403e-01  -5.7289133e-01   1.3543984e-01  -1.3603062e-01  -4.7955155e-01   7.1756494e-01  -1.3171933e-02   4.0341376e-01  -5.1158754e-01  -2.1575093e-01  -1.7308509e-01   7.8019291e-01   3.9878863e-01   1.9410603e-01  -2.6479962e-01  -5.7796800e-01  -2.1617102e-01  -4.3150427e-02  -1.4526138e-01  -3.8077573e-01   5.4647837e-01   2.9570221e-01   2.9936857e-01   2.4741918e-01   4.3270826e-01   1.6149175e-01   1.1040154e-01  -6.1783826e-01   1.5976355e-01  -1.6299984e-01   1.8481200e-01   3.1407941e-02  -2.6604103e-01  -5.9065052e-01  -2.2619039e-01  -4.6823298e-01  -8.2024868e-02   1.2662492e-01  -2.3473723e-01  -2.9928683e-01  -6.0959369e-01  -5.2902756e-01  -9.3251919e-02   4.0974769e-01   2.0937329e-01  -1.8587169e-01  -1.5106885e-01   1.0512411e-01   3.4999762e-01  -5.6280795e-01   1.3412279e-01   2.7438357e-02   2.3808896e-01  -3.3444300e-01  -4.9476701e-02   3.4490251e-01   2.1371233e-01  -7.7232468e-02  -2.1078777e-01   4.7590594e-01   3.5196484e-01  -1.5405982e-01   1.2510458e-01  -5.1212175e-01  -3.0353714e-01   1.6419281e-01  -2.0938545e-02
  -2.4790173e-01  -5.7158283e-01   1.9895252e-01   3.9842340e-01  -5.6091019e-01   0.0000000e+00   2.5968347e-01   4.2833153e-02  -4.4660468e-01   3.9715463e-01   2.0229080e-01  -1.7674784e-01  -2.8902041e-01   3.3743414e-01   1.2811388e-01   4.3256270e-01   1.0827982e-01   1.3020763e-01  -2.1134298e-02  -2.3783466e-01  -1.2331521e-03   5.1417791e-01   4.1667101e-01  -1.2528296e-01   1.7956102e-01   3.0003289e-01   2.8406490e-01   4.2104080e-01  -7.4728756e-02   3.5184823e-01  -1.9841102e-01   2.8301477e-01  -2.5579489e-02  -3.2229340e-02   3.8830009e-02   6.6527270e-02  -2.7885372e-01   1.7552774e-01  -3.2945329e-02  -1.7428366e-01  -1.9111362e-01   1.9976327e-01  -1.8141948e-02  -2.1453509e-01   1.6223964e-02   2.3530284e-01   3.8623851e-01   3.2300250e-01  -2.8805467e-01  -2.3887491e-01   5.2536387e-01   9.4898242e-02  -5.5584757e-01   2.2785195e-02   5.8328897e-02   5.0845693e-01   2.8192874e-01   3.0146409e-01   1.2887894e-01   1.9514397e-02   5.1108436e-02   3.9849200e-02  -6.8847599e-01  -4.7522300e-01  -1.5280803e-01   6.0822851e-01   8.1391556e-01  -5.8729006e-02   4.6545117e-01   5.1173012e-01  -1.9292511e-01   4.1260422e-01  -1.8768968e-01   1.4246844e-01   1.3303191e-01  -3.0460252e-01   1.2032165e-01   2.0061855e-01  -5.3341015e-01   1.2635201e-01   4.8508754e-01  -1.1509728e-01   1.9245173e-01   2.0119805e-01   3.0553878e-01  -2.6035545e-01  -3.0187795e-02  -1.7783903e-01  -4.7759505e-01  -1.9393737e-01  -6.4916457e-01   4.4192184e-02  -1.6128488e-01   6.2776954e-02   1.8053121e-01  -5.2006766e-01   2.0867633e-01  -2.4417959e-02   8.1112502e-02   4.2946501e-01   3.2694442e-01   4.2104131e-01   4.5969367e-01  -5.2455623e-01   3.2102166e-01   3.4547147e-01   2.3335996e-01   6.0755407e-01  -8.7407942e-02  -2.8782680e-01   2.9725148e-01   7.8347173e-01  -4.5010769e-02  -1.7111449e-01   2.9234315e-01  -7.2991650e-01  -1.9587531e-02  -2.0509440e-01   6.2965912e-01   4.1155990e-01   2.6731219e-02  -5.4655428e-01  -3.3650259e-01  -3.6371308e-01   1.8201394e-01   4.0855352e-01   3.0893343e-01   2.8668067e-02   2.0335445e-01   4.7044916e-01  -4.0519402e-01  -1.6507087e-01  -6.1354216e-01  -3.9185109e-01  -2.3125948e-01  -2.6054054e-01  -4.3401292e-03   4.3540439e-01  -1.6783952e-01   2.2856841e-02  -3.0835124e-01  -5.6049589e-02   4.1017879e-01   7.9231506e-01   9.7373863e-02   1.4313198e-01   5.6378825e-02   1.0376725e-01   6.6609984e-01   2.1615243e-01   4.4863859e-01   4.0221249e-01   9.3561821e-02  -3.1985619e-01   4.1392226e-02  -1.4313121e-01   1.3333103e-01   9.6142791e-02  -1.4174456e-01   5.1668507e-01  -1.5094326e-01   8.1406244e-02   1.5117439e-02   3.8805185e-01   1.9986387e-01  -3.3776295e-01   8.7677322e-02   3.3018755e-01   7.8913747e-02  -6.0591977e-01  -1.3260367e-01   3.6142197e-02  -4.7797764e-03   8.1126392e-01   3.2317283e-01  -8.9577517e-03   2.0982935e-01
  -3.2052275e-01   5.7352365e-02  -1.0242920e-01  -8.1017912e-02  -9.2275864e-02   2.5968347e-01   0.0000000e+00  -3.6969131e-01  -2.3368679e-01   5.6139461e-01  -1.5993075e-01   2.5293780e-01   3.7207430e-02  -1.0030685e-01  -2.7788781e-02   1.7459395e-01  -2.4450455e-01  -1.1896023e-01  -5.2801170e-02   2.1965158e-01   5.6559102e-02  -1.8033005e-01   7.0847950e-01  -4.6804246e-01  -8.5577515e-02  -1.3598457e-01   3.7507464e-01   3.6111158e-01   7.5655747e-02   1.1539970e-01   1.9828416e-01  -2.4486934e-01  -1.6878894e-01   8.5040134e-01   6.0726537e-01   1.3485979e-01   3.0166001e-01  -3.7416360e-01  -7.3677349e-02   1.9862857e-01  -2.0295979e-02  -4.6279062e-02   3.9092518e-01  -4.1186266e-01   3.3077194e-01  -4.2959298e-01  -8.4075968e-02   6.0968048e-01   3.3943453e-01  -1.6244661e-01   1.6549463e-01  -4.1865618e-01   2.4604451e-01  -1.8587789e-01  -2.1178601e-01  -1.8590777e-02  -5.3754960e-02  -3.6942161e-01  -1.4856069e-01   2.3739233e-01  -3.8035812e-01   5.5456271e-01  -3.5114119e-01  -3.1682507e-01  -1.4099605e-02   1.4460336e-01   1.1005820e-01  -5.6763730e-02  -1.5593739e-01   9.5721827e-02   4.9998843e-01  -1.0205379e-01  -2.6471867e-02  -3.0337988e-01   6.2280925e-02  -1.9114072e-01  -4.3468629e-01  -1.4659921e-01   3.3869515e-01   6.6405379e-02   6.0120162e-01   1.7014622e-01  -2.9918664e-04  -1.9177054e-01  -7.6758053e-02  -2.1911322e-01   1.8907862e-01  -3.9074798e-01  -3.7080102e-02  -1.5764092e-01  -2.7009857e-01  -4.2437337e-01   2.1999380e-01  -1.3484965e-01  -3.6656580e-01  -1.2229353e-01   1.0534227e-01   6.4384794e-03   1.3936836e-01   7.4453978e-01   1.9046020e-01  -3.1456582e-01   1.7908234e-02  -8.6609386e-02  -3.1769572e-01  -2.1840767e-01   1.6253421e-02   1.3545456e-02   5.7680432e-01   1.0310185e-01   7.4348022e-01   1.5903426e-01  -1.3044780e-01  -2.0643835e-01   3.4535735e-01  -6.6375364e-02  -2.2272398e-01   1.2742071e-01   6.6216276e-02  -1.0629897e-01  -5.1654990e-01   1.8782360e-01  -4.6122302e-02  -3.1414897e-01  -3.8858734e-01  -1.4518592e-01   1.3626593e-01   1.4360743e-01  -3.1146660e-01   4.7447098e-02   6.4852500e-02   4.3534147e-01  -5.5178489e-01   3.4630215e-01  -1.9886294e-01  -4.0323559e-01   3.0536229e-02   3.5361902e-01  -3.6024214e-01  -3.3155578e-01  -3.3142563e-01   4.5887158e-02  -1.3536961e-01   1.7417161e-01   5.4673581e-01  -8.0236534e-03   5.2644497e-01  -1.5963620e-01   4.6422869e-01   4.5976516e-01  -1.2725018e-01  -1.0355632e-01  -3.4969838e-01  -7.4358173e-02  -9.4063134e-02  -3.2144831e-01  -5.0541989e-01  -6.7891853e-02  -4.6030462e-01   4.6962896e-01   1.4752942e-01  -2.8717018e-01   2.1024177e-02  -1.4558859e-01  -4.1303502e-01   4.0164325e-01   1.9218631e-01  -2.4305544e-01  -4.3466914e-01  -3.1279836e-02   4.8496731e-01  -3.4341713e-01  -1.5634471e-01   6.5121238e-02   1.5423891e-01  -1.1514575e-01  -3.0166675e-01
   3.9701608e-01  -2.8705966e-01  -2.1018254e-01   3.9073961e-01   4.7317896e-02   4.2833153e-02  -3.6969131e-01   0.0000000e+00   3.5100649e-01  -1.8555199e-01   4.0542886e-01  -3.6626737e-01  -2.1896590e-01   6.6255962e-02  -6.9205379e-02   2.0988293e-01  -4.2803921e-02   3.4836990e-01   3.6530074e-01  -9.7848450e-02   4.5655081e-02   3.3529036e-01  -3.9096688e-01   3.7226621e-01   5.5449114e-02   5.8820044e-01  -7.5566382e-02  -2.0082051e-01  -2.1044034e-02   1.9509425e-01  -1.7694430e-01   5.7056176e-01   1.9533446e-01  -4.5086207e-01  -3.6177611e-01   1.7786351e-01  -2.6702941e-01   2.8946404e-01   2.5337316e-01  -2.8040492e-01   5.6538114e-02   2.2526904e-01  -2.7008994e-02   6.9872128e-01  -3.1646392e-02   3.6655459e-01   2.3351324e-01  -2.5144053e-01  -2.6160731e-01  -2.1982425e-01   1.6103641e-01   7.5009731e-01  -1.9524739e-01  -1.3176262e-01   6.9632252e-02   3.5421641e-01   3.5096349e-01   4.1536706e-01   5.8352763e-01  -2.2925749e-01   3.5243669e-01  -2.0487485e-01   1.1926413e-01   5.2293181e-01   1.0086712e-01   1.2527630e-01   9.1951889e-02  -1.2061453e-01   5.0875496e-01  -2.0827308e-01  -3.8281153e-01   4.0579638e-01   9.7184963e-02   1.4687132e-01  -1.0011264e-01   3.6990475e-01   3.5228550e-01   3.5212586e-01  -2.4649532e-01   7.4020199e-02  -1.4936145e-01  -1.8566399e-01  -1.9189513e-01   6.5751020e-01  -1.1546226e-01   4.0648191e-01  -1.4268633e-01   2.8754521e-01  -1.3327558e-01   3.0604770e-01   2.3609282e-01   2.8336096e-01  -3.0623408e-01   3.6208599e-01   2.8950648e-01   7.1733398e-02   1.4151658e-01   4.4669818e-01  -6.0902007e-02  -3.4702422e-01  -3.6264463e-01   4.9268640e-01  -2.7451793e-02  -2.0839741e-02   4.8578060e-01   4.8079469e-01  -2.0561469e-01   6.6138113e-01  -3.3045306e-01  -1.8413643e-01  -4.0781028e-01   1.6538808e-02   2.6635467e-01   2.0304431e-01  -2.6334951e-01  -2.4591900e-02   3.9566487e-01   5.2811331e-02  -1.2347480e-01   3.2977516e-01   3.3068057e-01  -1.2088014e-01  -1.8506954e-01   3.7540535e-01   4.6785199e-01   1.5520152e-01   4.3266605e-02  -1.1045258e-01   6.4815359e-01  -3.2423193e-01  -1.0522278e-01  -3.8454328e-02   3.9729804e-01  -2.7408361e-01   1.7494260e-01   6.8296811e-01  -7.1261006e-02  -1.7465187e-01   6.5327578e-01   2.4560250e-01   2.9290569e-01  -2.8260235e-01   4.8921407e-01  -2.7154648e-01  -3.5425349e-01   1.5189778e-01  -4.1867526e-01   2.9601918e-01  -2.0723605e-01  -2.5840114e-01  -1.1773746e-01   1.8906926e-01   2.5725261e-01   3.3083824e-01  -2.0636305e-01   2.1857762e-01   4.3502848e-01   4.8506075e-01   2.8459444e-01  -1.3799817e-01  -5.7719702e-02   6.2926910e-01   1.5434944e-01   5.5767458e-01   5.6579139e-01  -1.0164363e-01   1.0907372e-01   4.1595827e-01   2.8988068e-01  -1.1038064e-01  -1.9764143e-01   1.2219780e-01   2.9304566e-01   8.8065707e-02   3.7792571e-04   1.0298554e-01   6.0583217e-01
   2.3519783e-01   3.3839787e-01  -1.4398206e-01  -5.5962949e-02   3.3722095e-01  -4.4660468e-01  -2.3368679e-01   3.5100649e-01   0.0000000e+00  -1.4089321e-01   2.1350390e-01  -4.1668806e-03  -1.8969222e-01  -1.0249808e-01  -9.9639684e-02  -1.3190938e-01   6.0215756e-03   2.3094961e-01   2.9725841e-01   1.2154466e-01   1.8472529e-01  -1.6728335e-01  -4.6573335e-01   2.1377099e-01  -8.8124756e-02   9.9065798e-02  -1.3945951e-01  -4.0698684e-01  -6.4520846e-02   2.8169253e-02   4.6601456e-02   5.8293330e-02  -9.2649069e-02  -8.9376574e-02  -7.8960034e-02   2.5779913e-01   2.5962063e-01   8.1297909e-02   2.0800183e-01  -1.1985606e-02   8.6055320e-02  -2.8507859e-01   2.2637384e-01   4.7761874e-01   8.8351343e-02   1.4970986e-01   2.6157799e-02  -5.4730160e-02   1.1641323e-01  -7.7034856e-03  -1.8515489e-01   1.8299841e-01   3.8949320e-01  -1.7333682e-01   1.1934132e-01  -1.4636822e-01   2.4049567e-03  -6.0875708e-02   2.0988208e-01   7.9740890e-02   2.6591422e-01  -1.1666619e-01   5.4100264e-01   6.4822149e-01   4.3449534e-01  -1.7379905e-01  -2.5254567e-01  -8.8820859e-02   3.3354479e-02  -3.7092128e-01   1.6368962e-01  -5.7334228e-02   1.9429294e-01  -7.1956162e-02  -1.9751731e-01   1.5077314e-01   2.6508981e-01   1.6152969e-01   2.9760816e-01  -1.1553801e-01  -3.8555829e-01  -4.6429515e-03  -5.6061256e-02   1.7828398e-01  -3.0212927e-01   9.3298071e-02   1.0688066e-01   1.6308674e-01   4.5025325e-01   3.3654581e-01   5.6007726e-01   1.2471472e-01   6.1436453e-02   3.7531346e-01   1.7122797e-01   2.4520552e-01  -4.6060580e-02   2.6083238e-01   6.0399371e-02  -3.9406332e-01  -3.1967833e-01  -4.5398707e-04  -3.5011316e-01   6.7517601e-01  -8.8401339e-02  -2.9668076e-02  -1.4776264e-01   5.3608357e-02  -1.5043373e-01   2.8783715e-01  -3.1362678e-01  -4.4467606e-01   2.5382168e-01   2.3441897e-01  -3.5088102e-01   5.3826053e-01   1.1933163e-01   6.7826745e-02  -3.9551158e-01  -1.4530177e-01   8.6258385e-02   2.5012465e-01   1.9739535e-01   6.8728705e-01   1.5345428e-01  -1.9986401e-01  -1.8894208e-01  -9.6029146e-02   6.1654557e-02  -3.3382266e-01   5.2269712e-02   2.8923181e-01   5.8987363e-01   3.0686011e-01   3.5737452e-01   2.3589922e-01  -1.8240347e-01  -2.8735707e-01   2.3570126e-01   1.3007635e-01   2.3479960e-01  -3.1181512e-01   3.4397268e-03  -5.6660881e-01  -3.0632023e-01   2.5401337e-02  -2.2854560e-01   2.7747764e-01  -3.8248015e-01  -1.4931093e-01  -4.3710901e-01  -2.2930224e-01   1.1243772e-02   6.1010986e-01  -4.0064379e-02   1.7163968e-01   1.7973418e-01   4.2720178e-02   2.1104390e-01  -4.1739282e-01   1.9923990e-01   3.4112501e-01   2.2204128e-01   4.0948102e-02   2.2221546e-01   1.2997228e-01   1.3139752e-01   4.4537569e-02   7.8968369e-02   4.0613629e-01   6.6503743e-02   4.2631426e-02   3.4152624e-01  -3.3252047e-01  -1.2279496e-01  -1.3300983e-01   3.0290309e-02
  -2.1017295e-01  -1.5785258e-01   8.7551335e-02   1.6427867e-01   7.1495675e-02   3.9715463e-01   5.6139461e-01  -1.8555199e-01  -1.4089321e-01   0.0000000e+00   2.6689488e-01   1.3237384e-01   6.7102540e-02  -6.4181360e-02   7.1791713e-02   3.4705765e-01   1.6568088e-02   2.0647744e-01  -6.6653758e-02   3.3381415e-01   4.1661172e-02   8.9907865e-02   4.9123906e-01  -3.8244538e-01  -1.5251869e-03  -5.3639624e-02   4.4191230e-01   2.1337016e-01   4.8633258e-03   3.4067741e-01  -1.5874499e-01  -1.1185497e-01  -1.2619502e-01   4.1495125e-01   7.2547054e-02   6.1605333e-01   5.8425112e-02  -1.9486668e-01   1.7972615e-01  -1.0101433e-01   1.5252436e-01   3.6223136e-02   4.7655442e-01  -1.3815101e-01   3.7456926e-01  -2.1917462e-02   4.5600249e-01   3.1027997e-01  -1.2595746e-01  -1.6420908e-01   4.1860607e-01  -3.3525755e-01  -1.8541960e-01  -1.8035050e-01  -3.3993849e-01   1.0503442e-01  -1.5418761e-01  -1.4727948e-01   8.2128648e-02   1.1391479e-01   2.7785321e-02   3.4424152e-01  -2.9682382e-01  -9.1008344e-02  -4.8099877e-02   5.5139008e-01   2.0903091e-01   4.3751156e-02   1.3534517e-01   2.0508562e-01  -2.6895792e-02   1.1021626e-01   8.8690014e-02  -2.1636087e-01  -3.2822720e-02  -2.4501823e-01  -8.6259270e-02  -4.4382640e-02   1.6079673e-01  -2.9551880e-02   3.3304228e-01   1.4263478e-01   7.6132714e-02  -1.4119684e-01  -1.4964855e-01  -2.5328951e-01  -2.5503266e-01  -2.8145931e-01  -1.1253876e-01  -9.3664198e-02  -7.9717573e-02  -3.8579374e-02   6.2482279e-02   2.6158737e-01  -8.8033392e-02  -3.9498681e-02   1.7839830e-01  -2.2357215e-01   3.8434742e-01   5.2253428e-01  -5.6462511e-02   6.5678328e-02   5.5186886e-02  -1.8978225e-01  -1.8623648e-01  -7.6959759e-02  -8.1043185e-02   2.4495224e-02   1.3982619e-01   5.9084678e-02   4.4255991e-01   2.8179223e-01  -9.5665259e-04  -2.4731233e-01   8.8378301e-02  -1.5822611e-01  -2.2084964e-01   1.4192824e-01   2.4552423e-01   1.1847422e-01  -2.9643655e-01   1.1079339e-01  -6.5917352e-02  -2.2051790e-01  -6.4721720e-02  -1.2476286e-01   1.7892553e-01  -3.6807374e-02  -1.6610456e-01   7.5445668e-02   1.6551579e-01   3.4238154e-01  -5.0392819e-01   6.0737779e-02  -6.8345246e-03  -4.1418383e-01  -5.1631199e-02   1.0710299e-01  -3.2475151e-01  -3.0369940e-01  -2.7301009e-01   3.6320070e-02   4.7559698e-02   2.8442485e-01   1.2584445e-01  -7.7825292e-02   7.6677319e-02   3.5461623e-01   6.2839115e-01   3.1066956e-01  -1.0141622e-01  -1.1823836e-01  -1.5039248e-01   1.9134339e-01   4.3751635e-02  -3.7143194e-01  -1.8658849e-01   1.3000413e-01  -4.3548503e-02   2.4539168e-01   1.1988165e-01   7.1328275e-02   4.4483640e-01   9.2687733e-02  -1.7373464e-01   1.8926656e-02   3.4668684e-01   1.1249256e-01  -2.9025073e-01  -2.8583552e-01   3.8909812e-01  -2.6567227e-01   1.4515977e-01   2.6718352e-01   3.3339775e-01  -4.0532651e-02  -1.0607651e-01
  -1.6398437e-01  -3.7389839e-01  -1.8124784e-01   4.0707504e-01   1.2178636e-02   2.0229080e-01  -1.5993075e-01   4.0542886e-01   2.1350390e-01   2.6689488e-01   0.0000000e+00  -4.1445921e-01  -1.4371181e-01   1.0932021e-01  -3.4332651e-02   2.4706834e-01  -1.2129954e-01   7.8824769e-01   2.4219776e-02  -9.7114046e-02   3.4849236e-01   5.4489038e-01   7.7632827e-04  -2.5858743e-02   9.7609716e-02   4.3756709e-02  -2.6015768e-02  -2.3708449e-01  -7.3239492e-02   6.0791257e-01  -1.0674096e-01   2.9220772e-01   1.0831372e-02  -3.0773744e-01  -3.7633769e-01   6.1128971e-01  -1.5376377e-01   1.8524058e-01   4.6190921e-01  -3.8145686e-01   1.3606988e-01   1.2753334e-02  -8.6849501e-02   6.0067766e-01   2.8252561e-01   4.6374506e-01   8.2007779e-01  -2.6736280e-02  -1.8969716e-01  -2.9052435e-01   6.3426795e-01   1.3148947e-01  -2.8446176e-01  -4.2354117e-01  -1.5383253e-01   3.5868462e-01   9.6099502e-02   3.7378460e-01   5.8935830e-01  -3.1441634e-01   4.6653315e-01   6.5105798e-02  -4.5626376e-02   5.3393256e-01   2.2332158e-01   6.6241098e-01   2.3296809e-01  -4.9283204e-02   6.4797432e-01  -6.3048109e-02  -3.4988181e-01   3.5019969e-01   2.9134137e-01  -5.0666275e-02  -2.0236299e-01   9.4651499e-02   3.9776272e-01   1.8960026e-01  -1.7132993e-01  -5.4017328e-02  -1.7325959e-01   6.2592207e-02   1.4377127e-01   4.1513642e-02  -1.8076794e-01   1.0214421e-01  -1.8306337e-01  -3.9520711e-02  -6.1052548e-02  -8.0110701e-02   1.4709649e-01   2.5383828e-01  -4.2485042e-01   3.0145688e-01   3.7212533e-01  -8.3452745e-02   2.2440235e-01  -2.1532136e-01   2.8676299e-01  -3.3483451e-02  -3.7000286e-01   6.7368119e-01   3.2914309e-02  -1.2329165e-01   2.8093556e-01   2.8240449e-01  -1.8333898e-01   3.0387957e-01  -2.9617114e-01  -3.4594478e-02  -2.7972960e-01   3.4344192e-01   2.0076622e-01  -1.5598998e-01  -4.0732291e-01  -6.7298048e-02   4.0043148e-03   1.4952284e-01   1.8568459e-02   2.9295178e-01   2.5393499e-01  -1.8277417e-01  -3.8262124e-01   2.8509012e-01   4.1007280e-01  -8.6543737e-02   1.9928700e-01  -2.9174667e-01   3.5499925e-01  -1.5263153e-01   8.4505251e-02   3.3448086e-01   8.3358240e-02  -5.9198586e-02  -4.6953696e-02   3.0760486e-03  -2.5328402e-01  -1.6094212e-01   1.1938498e-01   2.2374429e-02  -8.7479682e-03  -1.8452791e-01   6.1875621e-01   2.1933601e-02  -2.6434648e-01   2.0592975e-01  -4.7689461e-01   6.5643025e-01   1.5027733e-01   5.1465934e-02  -2.0470808e-01  -1.1046391e-01   7.1412150e-02   5.4708517e-01  -2.2373802e-01  -1.9641073e-02   3.0422950e-01   3.3083733e-01   3.1020737e-01  -5.4669162e-02  -4.7496313e-02   8.1882653e-01   5.2974474e-01   5.9867471e-01   4.2558812e-01  -3.4317147e-01   4.6886991e-01   3.5501981e-01   7.6049770e-02  -1.5792179e-01  -1.7321228e-01   1.7281078e-01   5.9709332e-01   3.0897104e-01  -2.5558300e-02  -5.5034423e-02   4.1839637e-01
  -1.8548060e-01   6.4171093e-01   6.9239425e-01  -4.6570238e-01   2.6783228e-01  -1.7674784e-01   2.5293780e-01  -3.6626737e-01  -4.1668806e-03   1.3237384e-01  -4.1445921e-01   0.0000000e+00   2.3921234e-01  -5.0204469e-01   3.8143020e-02  -2.8056436e-01   5.7381020e-01  -4.8498490e-01   4.6258531e-02   4.5209799e-01  -2.7668089e-01  -3.5089581e-01   4.3275257e-02  -3.4229248e-01  -2.0711371e-01  -8.9075640e-02   1.7884110e-01  -8.3566943e-02   8.4711553e-02  -3.4096238e-01  -2.2811741e-01  -3.9736533e-01  -2.5169485e-01   4.2119104e-01   1.0829043e-01  -6.8698306e-02   6.5577684e-02  -2.1273490e-01  -3.2334504e-01   3.5034373e-01   1.1685885e-01  -2.8870594e-01   3.8402491e-01  -4.1296204e-01  -5.1878320e-02  -1.2259065e-01  -4.5399902e-01  -1.4219786e-02   7.0275196e-03   5.7780209e-01  -4.6057959e-01  -3.2320211e-01   2.1860981e-01   1.3183490e-01  -3.2799826e-01  -4.2682101e-01  -2.8850164e-01  -4.2839319e-01  -3.8661410e-01   7.8080134e-01  -1.4515285e-01  -1.6835151e-01   1.9861829e-01  -2.9358502e-01  -3.4925233e-01  -3.2114384e-01  -1.7083614e-01  -1.2800329e-01  -5.0141566e-01   4.1411426e-01   2.9311212e-01  -5.1788548e-01  -6.4084151e-02   1.1707834e-02   2.9355195e-02   2.8164947e-02  -1.6862335e-01  -1.8977671e-01   4.3538777e-01  -6.7318511e-02  -3.7216416e-02   5.9543880e-02   1.1966101e-01  -1.2578796e-01  -1.9657696e-01  -1.2887124e-01  -2.8699114e-01  -1.9694558e-01   1.8766135e-01  -2.8312777e-01   7.0574398e-02   1.7160320e-02   6.4608739e-01   2.0408827e-01  -1.7460928e-01   2.0946983e-01  -2.6402011e-01  -4.3578595e-02  -4.8150420e-03  -3.1382139e-02   2.0690235e-02  -4.6405220e-01  -6.3070288e-02   3.7970624e-01  -4.6190200e-01  -1.8749063e-01   5.4448565e-02  -2.8267287e-01  -5.7026864e-02   1.6977696e-01   3.0392801e-01  -2.9063642e-01  -3.3777477e-01  -3.5086202e-01   7.9608395e-02   1.2408923e-01  -2.8253671e-02   1.0894191e-02   4.9477995e-03  -5.5668473e-01  -2.9989928e-01   4.8337909e-01   6.0156124e-01  -3.3511215e-01  -3.5885458e-01  -1.0086954e-01  -2.1081368e-01  -7.0964918e-02  -4.5056294e-01   4.2248479e-01   4.9085602e-02  -1.7228913e-01  -7.7967633e-02   6.8622968e-02   3.0783031e-01  -1.0584870e-01   2.3600784e-02  -1.5529840e-01  -2.7906479e-01  -6.5972720e-02  -2.6787034e-01   3.2641174e-01  -4.7393426e-01   6.8799841e-02   7.1938977e-02  -3.6806743e-01   4.9911604e-01  -2.1757105e-01   1.4864476e-02  -1.4230097e-01  -5.8379825e-02  -1.1142905e-01  -3.6384577e-01  -1.1206586e-01   7.2418823e-01  -2.5134122e-01  -3.9658829e-01  -2.1329507e-01  -4.1689438e-02  -2.6571288e-01   1.8054980e-01  -4.7981954e-01  -6.5506848e-02  -6.3584688e-01  -3.7210447e-01   2.2907707e-01   8.4092881e-02  -2.5192547e-01  -4.1935227e-01   1.1747614e-01   4.1809753e-01  -2.8004472e-01  -4.4199692e-01  -1.5953595e-01  -1.4180178e-01  -1.5954801e-01  -3.9180517e-01
   2.0335711e-02   2.0595822e-01   1.4889934e-01  -1.4977862e-01   4.2609491e-01  -2.8902041e-01   3.7207430e-02  -2.1896590e-01  -1.8969222e-01   6.7102540e-02  -1.4371181e-01   2.3921234e-01   0.0000000e+00  -4.4410953e-01  -6.5254828e-02  -2.0458022e-01   1.2283850e-01  -1.7650419e-01  -2.8056836e-01   5.8450510e-01  -2.1976489e-01  -2.4927102e-01   8.5302344e-02  -2.0736343e-01  -1.0567891e-01  -1.4707552e-01   2.5479248e-02  -1.0978620e-01   1.7602533e-02  -3.4655639e-01  -1.1162948e-01  -2.9240326e-01  -1.1908672e-02   1.6891532e-01  -1.7344213e-01   9.8330596e-02   3.5902762e-02  -2.5364890e-01  -1.3680785e-01   4.8594933e-02   5.0168265e-01   1.9872766e-02   1.8369296e-01  -1.0604252e-01   7.1268681e-02  -1.7868705e-01  -1.8807858e-01  -2.2703686e-01   1.7104386e-01   3.0055701e-01  -5.2260456e-02  -1.4602273e-01   3.6149844e-02  -8.4370741e-02  -4.6892559e-01  -2.6622750e-01  -3.7456048e-01  -1.8861095e-01  -2.3234640e-01   7.1081686e-02  -1.0195996e-01   1.3008197e-01   1.6918294e-01  -4.9117947e-02  -2.9593734e-01  -2.2955577e-01  -3.3908029e-01  -8.2906375e-02  -2.8465455e-01  -8.6359809e-02  -4.2088991e-02  -1.3859964e-01   2.4800196e-01  -2.9698925e-01  -1.6598213e-01   8.8908664e-02  -1.9993847e-01  -1.9444754e-01   3.0652207e-01  -4.3197913e-03  -6.9480754e-02   3.7577074e-01  -1.0351923e-01  -3.2337842e-01  -2.0209870e-01   7.4628704e-02  -2.8023233e-01  -2.5369854e-01  -1.1005602e-01  -9.1940217e-02   1.8550756e-01   2.3185229e-02   2.8920044e-01  -2.5840872e-02  -1.9304662e-01   4.6557154e-01  -1.1945174e-01  -2.8291455e-01   2.6124907e-01   1.2477727e-01  -2.3866761e-01  -3.1314904e-01  -2.7213129e-01  -2.7148700e-02  -1.7015814e-01  -3.1919877e-01  -1.9675099e-01  -3.5759176e-01   7.8080502e-02   2.7697805e-02   1.2785715e-01  -3.2462438e-01  -2.2025330e-01  -1.5199794e-01  -1.4543242e-01   1.8603554e-01  -1.4587820e-01   4.5977027e-01  -2.0613407e-01  -1.2985668e-01  -1.9444849e-01   3.8547223e-01   1.8389892e-01  -1.6603333e-01  -3.3417403e-01  -3.6817564e-01  -2.1320234e-02  -1.7544976e-01  -1.1591812e-01  -1.5651850e-01   4.4423855e-01  -1.2224326e-02  -6.7025586e-02   4.8985948e-02   2.6524873e-01   5.0890060e-03   1.9792397e-01  -3.0610893e-01  -1.6124642e-03  -1.0484819e-01  -5.0674798e-02   5.2324660e-01  -3.4139609e-01  -1.2624853e-01  -3.7277040e-03  -4.5469335e-01   1.1982429e-01  -1.3353572e-01  -1.8300651e-02  -1.0241236e-01  -1.6212367e-01  -3.1915885e-01  -1.9186711e-01  -3.5119342e-02   2.2282643e-01  -2.8776221e-01  -1.9099662e-01   3.0125009e-02   6.2241569e-02  -2.3147565e-01  -7.5973128e-02  -2.7140363e-01   1.6839709e-02  -2.9004997e-01  -2.2082039e-01   9.8530509e-02   1.4612859e-02  -2.5785194e-01  -2.8488139e-01   8.7153736e-02   2.0045160e-01  -1.5157610e-01  -1.2995293e-01  -2.2711312e-01  -5.0432694e-02   6.6441022e-02  -8.3890440e-02
   1.6210172e-01  -4.5871275e-01  -3.4543182e-01   3.0626759e-01  -5.6002999e-01   3.3743414e-01  -1.0030685e-01   6.6255962e-02  -1.0249808e-01  -6.4181360e-02   1.0932021e-01  -5.0204469e-01  -4.4410953e-01   0.0000000e+00   3.6560034e-01   1.8626707e-01  -3.3635278e-01   2.4702248e-01  -1.8728750e-02  -6.2857737e-01   2.8610438e-01   3.7421056e-01  -4.7863149e-03   3.8880018e-01   5.0698198e-02   1.5866602e-01  -1.3192012e-01   3.9363528e-01  -1.3172417e-01   4.0156224e-01   4.1626172e-01   2.7120468e-01  -3.5984260e-02  -2.7333250e-01   1.3836215e-01  -1.3746016e-01  -4.7703122e-02   1.9682821e-01   1.6594633e-01  -2.0050823e-01  -2.4157298e-01   2.8804005e-02  -4.3964821e-01   9.0086334e-02  -1.3346941e-01   9.2438161e-02   2.6680966e-01   3.6019115e-01  -1.6313987e-01  -5.2200141e-01   2.7802996e-01   1.6503757e-01  -2.3952543e-01   3.3427888e-02   6.8249691e-01   5.4605188e-01   3.0193761e-01   3.0683544e-01   2.8438773e-01  -3.6309902e-01  -5.6251599e-02  -4.6527892e-02  -3.9100528e-01  -3.5370472e-03   4.2501624e-01   2.5100827e-01   3.7094693e-01  -9.6906720e-02   2.4692125e-01  -9.6005249e-02  -8.5161833e-02   2.6746906e-01  -3.3775215e-02   2.5307325e-01   2.1811897e-01  -2.0132783e-01   1.0740978e-01   8.0741061e-02  -5.0664270e-01   1.7729144e-02   2.9097807e-01  -8.7228594e-02   2.8703255e-01   2.0487381e-01   5.6387036e-01  -1.2117356e-01   4.7506089e-01   3.4399968e-01  -3.0816718e-01   2.1375217e-01  -3.9386271e-01  -1.5435595e-01  -3.6390886e-01  -1.6445702e-01   1.9025205e-01  -4.2816740e-01   4.5207138e-02   1.4820757e-01  -1.4881768e-01   9.9327068e-02   5.0850137e-01   3.5303261e-01   6.2083651e-01  -3.3454906e-01   3.2788115e-01   2.2449716e-01   1.6416254e-01   3.0802815e-01  -9.4482803e-02  -2.9335854e-03  -9.5361557e-02   4.1981575e-01  -1.3884385e-02   2.8028244e-01   2.6754653e-01  -3.2916337e-01   6.2382334e-02  -1.6434987e-01   5.1797029e-01   3.5672820e-01   1.5538719e-01  -5.8906292e-01  -5.0598792e-01   1.5781960e-01   2.7914501e-01   5.1431650e-01   2.3465615e-01   2.2442821e-01   1.5916745e-01   4.4651361e-02  -2.0099226e-01  -7.7840709e-03   3.7848573e-02  -8.0056854e-02  -4.9489135e-01  -3.1215880e-02  -1.9202221e-01   5.8835781e-01   1.0049517e-02   1.7011006e-01   1.5324095e-01  -2.3539297e-01   3.5013356e-01   3.1503292e-01   1.7062063e-01   6.3395156e-01  -2.0151882e-01   2.2337608e-02   1.2634558e-01   2.3957172e-01   4.2041102e-01   5.7878115e-01   3.2103728e-01  -1.4463612e-01  -4.1589032e-01   2.7906028e-01   2.4197914e-01   1.9290595e-01  -2.1580367e-01   5.4271926e-01  -1.6238166e-01   1.2752017e-01  -1.6495948e-01   5.1477820e-01   4.1591394e-02  -2.8521601e-01  -1.2523585e-01   1.8853394e-01   4.0243442e-01  -1.3395792e-01  -3.7427375e-01   1.2993468e-01   2.1596608e-01   3.6257203e-01   1.4507803e-01  -1.6742417e-01  -4.5568953e-02
