   0.0000000e+00  -2.0000232e-01  -8.5846590e-02   1.3643242e-02  -1.8475504e-01  -1.6306155e-01  -3.0271644e-01   3.5305060e-01   9.2816679e-02  -1.2898936e-01   2.4571028e-01  -1.9737720e-01  -7.9268388e-02   4.2051213e-02   3.0985094e-01  -1.5475561e-01  -2.3333371e-01   4.4934249e-02  -1.3022774e-01  -2.5136568e-01  -2.5171770e-01   1.4258452e-01  -1.1226432e-01   3.2714946e-01   6.8483309e-02   5.5599611e-02  -1.7179138e-01   3.0717146e-01  -2.7474129e-02   5.8784931e-03  -2.5146770e-01   7.5071369e-02  -5.9777151e-02  -1.6610376e-01  -7.4116937e-02   6.4741069e-03  -1.0493896e-01   5.5159373e-01  -2.1693231e-01  -2.8097079e-01  -2.0365181e-01   9.2913290e-02  -2.0525454e-01  -9.3556487e-02   8.5555405e-02   4.7103608e-01   1.6067929e-01  -2.1501283e-01  -2.3395137e-01  -2.2335192e-01   1.9746649e-01   3.6243948e-01  -1.0450208e-01   1.0990296e-01   3.4352962e-01   2.6398452e-01   6.4798849e-02   6.4075623e-02   1.0097968e-01   3.0665716e-01   3.1051506e-01   9.1926154e-02  -2.0393318e-01  -3.1097408e-01  -3.4264746e-02   1.1965113e-01  -2.3354253e-01  -1.0252075e-01   2.6278935e-02   3.2054410e-01  -2.1669546e-01   1.2671291e-01  -2.0236459e-01   4.9667992e-01  -1.5751167e-01   2.3217311e-01   4.7351436e-01   8.7226406e-02  -2.0910689e-01  -1.8132376e-01   1.3212690e-01  -3.2620061e-01  -3.4433065e-01   8.2818859e-02  -6.7092694e-03   2.9220884e-01  -3.1887454e-01   3.3392088e-01   5.4643468e-03   8.3870588e-01  -1.9643891e-01   3.6434505e-01  -2.6725811e-01   3.2768271e-01   4.4353435e-01  -2.0056261e-01  -2.5118661e-02   3.0545907e-02  -4.5945206e-02  -8.6064466e-02  -2.7034818e-01   5.4520452e-01  -3.1775259e-02  -1.2801208e-01   1.3521180e-01   2.3060220e-01  -5.2909242e-02  -8.1571212e-02  -1.3268473e-01   2.2904735e-02  -2.6804193e-01  -6.8547728e-03   6.7182607e-02   7.8964594e-01   3.3096360e-01  -1.0098948e-01   4.4830728e-02  -1.6499877e-01   1.4332254e-01  -1.6669322e-01   4.3441398e-01  -2.1960472e-01  -1.6079301e-01  -5.0212894e-02   4.3994746e-01   7.5966647e-01   2.3464938e-01  -6.1861334e-02   2.1541605e-01  -1.3738472e-01  -1.9125299e-01  -2.6064315e-01   4.7909753e-01  -3.2197812e-01  -1.7077721e-03   1.8031399e-01  -6.3355510e-02  -1.3532067e-01   3.3165432e-01   6.1680939e-01   7.0651882e-01  -2.0416482e-01   2.2305126e-01   1.2836042e-01   1.8020486e-01  -9.0283978e-02  -3.6011147e-01  -9.3738833e-03   1.5376955e-01  -3.0613578e-01   5.2218696e-01  -7.0773185e-02   6.1841767e-01  -6.7905035e-02  -2.2295853e-01  -5.8121949e-02   4.3180399e-01   1.4153897e-01  -3.3569713e-02   1.2219741e-01   2.3837840e-02   2.0719724e-01  -2.8693919e-01   8.2233687e-02  -8.1773189e-03  -1.8124242e-01   5.1424424e-02   3.7064798e-01   4.5510649e-01  -2.2911433e-01   2.9152919e-02  -2.3232008e-01   1.1910832e-01  -2.0194481e-01  -1.1087871e-02  -2.6076720e-01   6.0221608e-02
  -2.0000232e-01   0.0000000e+00   4.5830893e-01  -5.8613131e-01   5.7160339e-01  -3.0091560e-01   3.6746323e-01  -3.1972056e-01   6.9049253e-01  -1.4486643e-01  -2.2709521e-01   5.3290515e-01  -5.5547690e-02  -4.2773529e-01  -4.5955157e-01  -5.2448616e-02   4.8676750e-01  -1.5898131e-01  -3.4809613e-01   3.5779683e-01  -5.3744691e-01  -5.1798083e-01  -4.5998448e-01  -2.7117677e-01   4.5174862e-02  -5.7749355e-01  -9.8290843e-02  -4.8839456e-01   1.0398219e-02  -5.1710299e-01   1.4104029e-01  -4.6615364e-01   7.7317340e-02   1.7560951e-01  -5.2768042e-01  -9.6061376e-02   2.2750912e-01  -1.0074911e-01   2.9480740e-01   2.6468417e-01   2.0738226e-01  -1.3507548e-01   3.8110996e-01  -3.5221826e-01   4.7138670e-01  -2.2456860e-01  -1.3133252e-01   2.3543336e-01  -3.8389654e-01   3.6988346e-01  -5.5811930e-01  -5.8789785e-01   4.4663677e-01  -1.4944759e-02  -3.2009988e-01  -6.8538643e-01  -5.4870032e-01  -4.7769383e-01  -3.0023931e-01  -4.6714567e-01  -5.2368573e-02   2.6074736e-01   6.3300966e-01   6.3563160e-01   2.9300670e-01  -5.4787546e-01  -1.8143418e-01   6.7007002e-01  -5.8088111e-01   3.3163041e-02   5.9846861e-01  -4.2225523e-01   4.5371657e-01  -3.4334751e-01   1.4106238e-01  -3.2049784e-01  -2.9837535e-01  -3.3266771e-01   5.4794438e-01   3.7185232e-02  -6.5010256e-01   2.2432823e-01   8.9757618e-02  -5.1385561e-01   3.8084605e-01  -4.8399477e-01   1.9145930e-01  -2.1155348e-01   5.0846889e-01  -8.6179595e-02   4.1532587e-01  -2.2327776e-01   2.9161789e-01  -1.5834559e-02  -3.0704259e-01   4.7802965e-01  -2.2231264e-01  -4.0273630e-01   4.7032385e-01  -4.7826964e-01   2.0017117e-01  -2.9090742e-01  -4.0400944e-01  -3.1308370e-01  -6.0599000e-01  -4.6258767e-01   2.2431387e-01  -3.3020666e-01  -4.4656013e-01  -4.5801306e-02   1.1050334e-01  -2.4339497e-01  -3.0127605e-01  -2.2949787e-01  -5.6112536e-01   7.7674689e-01  -3.5115303e-01   2.7320142e-01  -4.3663700e-01  -4.4916651e-01  -4.1327397e-01   2.8535340e-01   4.1367930e-01   5.6930847e-01  -3.2881442e-01  -2.6557649e-01  -1.9491755e-01   1.2850181e-01  -6.0956932e-01  -1.3771927e-02   3.3100366e-01  -5.1156707e-02  -1.6293296e-01   3.4874384e-01   5.8205310e-01  -5.4586472e-02   9.4509050e-02  -2.8304304e-01  -5.2394495e-01  -2.9942587e-01  -2.0651159e-01   1.1185464e-01  -4.1141105e-01  -2.2817477e-01  -5.0254843e-01  -3.7147119e-01   1.5330643e-01   5.8547368e-01  -1.8532151e-01   1.6813891e-01  -1.7199361e-01  -4.3378698e-01  -3.5124101e-01   3.9159108e-01   6.4761099e-01  -4.6861932e-02  -2.9104697e-01  -3.9630680e-01   1.3019621e-01  -5.9622982e-01   1.3555967e-02   3.1611911e-01   3.6879449e-01  -3.8120345e-01  -4.5501653e-01   7.0783747e-01   5.1087416e-01  -3.1268448e-01  -1.8519979e-01   5.6424549e-01   6.9636908e-01   1.7741796e-01   2.1919075e-01   5.9996274e-02   6.5858843e-02   1.9264199e-01  -4.8129280e-01
  -8.5846590e-02   4.5830893e-01   0.0000000e+00  -4.8214945e-01   4.9882095e-01  -7.5952814e-02   3.5721022e-01  -2.2868277e-01   5.0756210e-02   4.2899130e-02  -4.0328450e-01   7.0207587e-01  -1.6442421e-01  -5.0397171e-01  -5.4286707e-01   2.1282003e-01   8.8677422e-01  -5.9256417e-01  -1.5803348e-01   4.1151481e-01  -5.4096780e-01  -3.6479022e-01  -4.5968911e-01  -1.0063288e-02   1.0511092e-01  -1.8487315e-01   3.8425197e-02  -2.5368128e-01   1.4103163e-01  -4.7152711e-01  -4.1702597e-01  -3.4820358e-01   3.8499183e-02  -3.6184733e-02  -4.5653563e-01  -2.8226109e-01  -6.1556626e-02   2.1609478e-02   1.3294980e-01   5.8321540e-01  -1.3830874e-01   9.6661823e-02   3.3862999e-01  -3.9444543e-01   1.3182840e-01  -3.0533424e-02  -4.2290882e-01  -4.3543598e-01  -4.5114476e-01   6.6402572e-01  -6.4004951e-01  -3.1705797e-01   1.1037026e-01   5.0315108e-01  -9.3851934e-02  -4.7609604e-01  -4.4891254e-01  -2.7350869e-01  -3.7927897e-01  -3.4244237e-01   3.8692853e-01   3.7090512e-02   7.3614345e-01   1.3320541e-01  -3.6755008e-01  -6.6939680e-01  -1.1158031e-01   3.9767411e-01  -4.2529946e-01   5.3552509e-01   5.2055730e-01  -4.2042839e-01   8.9005633e-02  -1.5661304e-01   5.4764156e-01  -3.7018618e-01  -2.3034914e-01  -1.6892497e-01   6.1119628e-01  -1.2205215e-01  -5.7066936e-01   7.0091865e-02   1.8198939e-01  -1.9170061e-01   5.2324378e-01  -5.1778483e-01  -1.3483502e-01  -7.4097814e-02   4.3581956e-01   5.7601580e-02   4.6595507e-01   2.1253583e-01   2.9857774e-01  -1.7270196e-01  -6.8031522e-02   6.0600655e-01  -8.5107267e-02  -1.0064027e-01   2.1018112e-01  -5.6748996e-01   2.7522615e-01  -2.1985903e-01  -5.1111040e-01  -5.9126465e-01  -3.9747359e-01  -3.8750373e-01   5.5013224e-01  -1.1273382e-01  -3.9994200e-01  -2.6087650e-01   3.5124844e-01  -7.7339153e-02  -8.1876636e-02  -4.7674616e-02  -2.3859359e-01   3.6692669e-01  -6.3274988e-02  -1.0294341e-01  -2.4075582e-01  -3.7835031e-01  -1.5122695e-01   5.2831958e-01   6.7376602e-01  -1.0124230e-01  -1.1328849e-01  -1.0051750e-01  -3.3489233e-01   3.9759408e-01  -4.7831618e-01   3.7832460e-01   1.2361361e-01  -5.1643209e-01  -1.4507947e-01  -3.1277849e-02   5.5011140e-01  -3.2601031e-01   2.9435567e-01  -3.5002572e-01  -4.4993038e-01   4.2485948e-02  -1.2487000e-02  -6.0125498e-02  -1.3555944e-01   1.0784674e-01  -5.2723905e-01  -6.1240687e-01   4.6302564e-01   8.4074595e-02  -3.7789695e-01  -1.5013773e-03   1.7724596e-01  -6.8917772e-01  -2.2861447e-02  -8.1482065e-03   8.1425663e-01   2.2924674e-03  -9.1296342e-02  -3.5121552e-01   6.1866821e-01  -6.5196959e-01   1.1997435e-01   1.1295103e-04   2.7855211e-01  -5.4958864e-01  -1.7587478e-01   6.1408806e-01   4.0713877e-01  -2.9640123e-01   1.9674898e-01   6.2973492e-01   5.2474203e-01  -3.1513226e-02  -2.7392241e-01   3.3474585e-01   7.6635698e-02   3.7367622e-01  -1.2265702e-01
   1.3643242e-02  -5.8613131e-01  -4.8214945e-01   0.0000000e+00  -5.3278316e-01   4.1989214e-01  -3.1851625e-01   3.8541717e-01  -3.1274839e-01   8.5265529e-02   3.1862860e-01  -5.0829592e-01   3.8055902e-01   4.4060067e-01   4.0051843e-01   2.9015017e-02  -4.5741592e-01   3.7907763e-01   4.3153988e-01  -3.2986406e-01   4.0089889e-01   6.0552574e-01   3.7444133e-01   1.5698060e-01  -4.0427208e-01   4.9700840e-01   2.1718193e-01   2.8695581e-01  -1.1732442e-01   7.2159856e-01   2.3802590e-02   6.0703121e-01  -1.3070713e-01   2.9857897e-02   5.2984137e-01   2.4132276e-01  -1.1007136e-01  -5.8187240e-02  -2.4411559e-01  -4.0977916e-01   2.9633818e-02   2.4810700e-01  -3.6112246e-01   4.6027553e-01  -1.1713404e-01   1.6757975e-01   4.0069774e-01  -4.4714847e-03   3.7657114e-01  -5.2471179e-01   6.8054396e-01   4.1720521e-01  -3.4232853e-01  -6.8002537e-02   1.1176412e-01   6.1976262e-01   6.1427030e-01   6.4078318e-01   4.6342547e-01   3.9021411e-01   4.7321483e-02   4.3800467e-02  -5.8188828e-01  -4.3741720e-01   7.0514072e-02   6.0508114e-01   4.3342897e-01  -6.2227535e-01   6.8386499e-01  -1.7019728e-01  -5.8429746e-01   5.7181283e-01  -1.5573446e-01   2.8154360e-01  -2.3964810e-01   2.9945771e-01   3.5650808e-01   4.7926577e-01  -5.4647678e-01   2.0089564e-01   5.8795869e-01  -5.8862821e-02  -2.5842132e-01   4.5910352e-01  -2.9554581e-01   4.7233903e-01  -1.1606258e-01  -5.2661465e-03  -4.5622173e-01  -1.5298642e-01  -5.6038515e-01   2.0801869e-01  -2.8700116e-01   8.7222229e-02   1.9622242e-01  -4.9607298e-01   4.5963381e-01   3.3545358e-01  -1.9152855e-01   5.3446420e-01  -2.9312195e-01   1.9986823e-01   5.7450348e-01   5.3764429e-01   7.0500670e-01   6.6781794e-01  -1.4273856e-01   3.7732078e-01   3.3325675e-01   2.0916879e-01  -2.1163791e-01   3.6515975e-01   2.7366829e-01   4.7551795e-02   2.8187559e-01  -5.4167868e-01   3.8909499e-01  -7.3912447e-02   3.1825227e-01   7.9145283e-01   2.6857230e-01  -4.8893714e-01  -5.4416494e-01  -3.0969104e-01   1.7295510e-01   9.6371580e-03   4.1744133e-01  -3.4444311e-01   7.4350272e-01  -3.6547533e-03  -3.5821309e-01   2.0282543e-01   3.0356698e-01  -1.9904606e-01  -3.4729893e-01   1.0016507e-01  -2.2230025e-01   1.5507490e-01   4.9373805e-01   2.2146666e-02  -1.2632841e-01   1.1037082e-01   3.2892983e-01   8.6805089e-02   5.6745967e-01   5.1002995e-01  -2.5207549e-01  -2.4396558e-01   4.1402822e-01  -1.7517400e-01   9.3543295e-02   4.3902177e-01   1.3361560e-01  -2.3139058e-01  -6.0076260e-01   2.4411951e-01   1.2111277e-01   4.5688708e-01  -9.2057956e-02   6.3714301e-01  -2.3186972e-01  -1.9702192e-01  -4.1352568e-01   6.8369409e-01   4.5748559e-01  -6.3712256e-01  -3.4960994e-01   2.6475029e-01  -2.7787689e-02  -5.3722771e-01  -5.2527992e-01  -2.8162723e-01   9.7080138e-02   1.1103831e-01   1.2664311e-01   8.9551885e-02   5.9047404e-01
  -1.8475504e-01   5.7160339e-01   4.9882095e-01  -5.3278316e-01   0.0000000e+00  -4.5851823e-01   5.8809698e-01  -4.0552284e-01   4.0399331e-01  -2.0645265e-03  -3.8095658e-01   3.4419422e-01  -8.6934127e-02  -5.0661197e-01  -6.6161285e-01   7.2594232e-02   5.9133155e-01  -2.8494478e-01  -3.0252319e-01   8.3932735e-01  -3.9396053e-01  -5.5842870e-01  -5.1726287e-01  -1.5691916e-01   7.4297845e-02  -4.6537489e-01   1.8417893e-01  -6.6583462e-01   5.8907222e-02  -6.8550550e-01  -5.5677707e-02  -4.1821936e-01   2.4420043e-01   4.8856164e-02  -6.1058548e-01   8.8105732e-02   3.3986343e-01   6.8948171e-03   3.7570086e-01   6.2485228e-01   1.3301081e-01  -9.2406977e-02   4.7786759e-01  -6.0654982e-01   2.1062819e-01  -4.0360957e-01  -2.1173991e-01  -1.3281366e-01  -1.4610246e-01   6.3468648e-01  -6.0729342e-01  -5.0980006e-01   5.5713413e-01   6.9562159e-02  -2.9656578e-01  -7.8556133e-01  -7.1957922e-01  -4.6413094e-01  -2.3702609e-01  -7.4965441e-01  -9.4645778e-02   3.2002073e-01   6.0420872e-01   4.2284614e-01   8.6947553e-02  -5.6486385e-01  -3.1963817e-01   5.9607235e-01  -4.8806207e-01  -2.0565793e-02   8.0096270e-01  -4.5193017e-01   3.8756675e-01  -5.2158556e-01   3.7494147e-01  -4.1588380e-01  -2.9195027e-01  -3.2858995e-01   8.5460233e-01   1.2392194e-01  -7.0157777e-01   1.1648428e-01   3.4535623e-01  -4.1209062e-01   1.5791049e-01  -5.4841988e-01   1.3813467e-01  -2.4723444e-01   5.8954107e-01  -7.0214202e-02   8.0132573e-01  -3.4320823e-01   5.4334349e-01  -3.9075544e-01  -3.3519173e-01   8.5635745e-01  -1.0212903e-01  -2.6824211e-01   6.6853284e-01  -5.0753897e-01   2.8958255e-01  -5.2399307e-01  -6.4879712e-01  -6.1862872e-01  -5.7747936e-01  -5.2215001e-01   4.1148652e-01  -1.6632708e-01  -2.5084311e-01  -1.3313334e-01   1.6359612e-01  -5.4779716e-01  -1.4839821e-01  -3.5483985e-01  -5.7157089e-01   8.0360389e-01  -2.5611529e-01   1.9304094e-01  -6.9341583e-01  -4.5786208e-01  -4.3897636e-01   7.1320786e-01   5.8976806e-01   3.9432555e-01  -4.5477130e-01  -2.0222494e-01  -4.9025875e-01   3.8012440e-01  -6.4182206e-01  -1.4009167e-01   2.5928893e-01   9.4060765e-02  -3.6007956e-01   8.6351202e-02   4.1957035e-01  -2.1561709e-01   2.6639617e-01  -4.5602915e-01  -5.2097191e-01  -2.6508153e-01  -1.1516340e-01   1.0770710e-01  -4.6316452e-01  -4.6312005e-01  -7.3640474e-01  -5.9122493e-01   2.3879747e-01   5.4759899e-01  -2.6560905e-01   1.5938322e-01  -4.4949850e-01  -5.4605409e-01  -3.3459636e-01   3.7199596e-01   7.8327675e-01   6.0936930e-02  -2.6313890e-01  -2.3965677e-01   1.5751941e-01  -7.0771346e-01  -6.3730092e-02   1.6639587e-01   5.6178758e-01  -4.6240486e-01  -2.2433646e-01   6.9165389e-01   4.8876767e-01  -4.8828596e-01  -3.1034740e-01   8.6546015e-01   6.6854499e-01   2.2574467e-01   2.0106766e-01  -1.3340582e-01   6.1580185e-05   3.0408517e-01  -3.5343172e-01
  -1.6306155e-01  -3.0091560e-01  -7.5952814e-02   4.1989214e-01  -4.5851823e-01   0.0000000e+00  -3.4019749e-01   2.5711875e-01  -3.3087485e-01   3.3673912e-02   3.2298632e-01   6.6324915e-02   5.0281468e-02   1.6809926e-01   1.5130285e-01   2.2024983e-01  -9.3539572e-02   1.8520072e-01   5.0138629e-01  -1.8389547e-01   3.5424347e-01   4.5288785e-01   1.6230311e-01  -5.6917533e-03  -5.0055532e-02   3.8936733e-01   3.9341731e-01   1.7821676e-01  -2.8298704e-01   6.2406202e-01  -3.3404878e-01   2.5209061e-01  -5.2453400e-02  -3.5923689e-02   4.4527998e-01   2.2414148e-01  -2.2066292e-01  -1.6828162e-01  -1.2522270e-01  -3.1944150e-01  -1.4459750e-01   2.4521688e-01  -1.4012056e-01   6.0141810e-01  -2.4889977e-02   2.1317286e-01   3.7010989e-01   7.7604401e-02  -4.5214025e-03  -3.5046647e-01   3.8051508e-01   2.3622203e-01  -5.7409764e-01   2.2126191e-01   4.8183543e-02   5.2629761e-01   7.6554461e-01   2.0960511e-01   1.1101500e-01   5.4600786e-01   1.8170687e-01   9.4170521e-02  -2.2331784e-01  -5.1984136e-01  -2.6568871e-01   5.0687450e-01   8.0395513e-01  -3.6582152e-01   4.1560243e-01   1.9982123e-01  -6.0519517e-01   3.1242870e-01  -2.9278974e-01   3.3849345e-01  -1.1559579e-01   1.3344202e-01   6.2770244e-02   4.4775809e-01  -5.9551064e-01  -1.2784800e-01   4.4390183e-01  -4.3800128e-02  -2.7202708e-01   3.7267804e-01   1.2281823e-01   2.8155570e-01  -3.6578930e-01  -1.7335771e-02  -2.6260024e-01  -2.7209717e-01  -6.5102408e-01   3.2645769e-01  -2.2939709e-01   2.6406016e-01   1.3528630e-01  -5.8178924e-01   1.8113791e-01   1.9502809e-01  -2.4639778e-01   3.3725496e-01  -4.3471586e-01   1.9258159e-01   5.7880792e-01   3.4305101e-01   3.0247231e-01   3.1024266e-01   2.0624608e-02   2.0648046e-01  -5.7743985e-02   4.3193005e-01   2.1924477e-03   6.6761394e-01   4.0308522e-01   1.3639031e-02   1.9951973e-01  -5.6935683e-01   2.2650023e-01  -1.4918298e-01   5.2959748e-01   3.5944472e-01   3.6534075e-01  -4.9553441e-01  -3.0818521e-01  -5.1682767e-01   2.7260671e-01  -1.5994374e-01   4.0758700e-01  -1.5249227e-01   4.6743591e-01   4.3997816e-01  -1.6491786e-01  -6.8718282e-02   2.0296868e-01  -3.7887029e-01  -7.5193253e-02   3.1242318e-02  -9.1309115e-02   5.9746504e-02   3.3238367e-01   6.7891670e-02  -1.7789696e-02  -1.7359142e-01   2.6688510e-01   6.7855329e-01   5.0749768e-01   4.9788736e-01  -4.0839750e-02  -2.1296000e-01   3.1280564e-01  -4.0744865e-01   3.5766947e-01   2.8482163e-01   1.2553032e-01  -2.9065998e-01  -3.4540508e-01  -1.6584260e-01   1.6043983e-01   8.5291496e-02   1.8629428e-01   5.5232955e-01   2.6828042e-01  -1.0152525e-01  -3.7836420e-01   4.1763483e-01   1.3406743e-01  -3.8134197e-01  -1.7579714e-01   1.1095865e-01   3.2363609e-01  -3.7788130e-01  -3.2920323e-01  -3.2798072e-01  -2.3776620e-03   6.0568932e-01   5.0858522e-02  -8.8498985e-02   3.0548009e-01
  -3.0271644e-01   3.6746323e-01   3.5721022e-01  -3.1851625e-01   5.8809698e-01  -3.4019749e-01   0.0000000e+00  -3.1602298e-01   1.6455942e-01   5.2341545e-01  -6.4290122e-01   4.6572356e-01  -2.1361943e-01  -4.4762690e-01  -3.1492157e-01  -9.3235311e-03   3.7707454e-01  -4.0052616e-01  -3.6483120e-01   4.8475650e-01  -1.2775904e-01  -4.6987345e-01  -1.1196215e-02  -1.9952070e-01   5.3506884e-02  -3.1073775e-01   8.0982802e-02  -3.0280790e-01   2.6226853e-01  -6.1012194e-01   2.0429858e-01  -3.7020381e-01  -2.0326034e-01   6.2087736e-01  -3.9544862e-01  -9.1032454e-02   3.6355847e-01   4.1822332e-02   5.8957409e-02   6.6791658e-01  -1.0817388e-01  -2.9951636e-01   7.4602505e-01  -4.8260886e-01   1.3727837e-01  -5.7080280e-01  -5.1094493e-01   1.9430963e-01   8.9692888e-03   5.0806361e-01  -5.5710521e-01  -2.5814795e-01   6.9096959e-01  -5.4220714e-02  -3.4979356e-01  -6.4982818e-01  -6.3541418e-01  -3.9097398e-01  -3.1969707e-01  -5.5114422e-01  -2.6333293e-01  -6.6030737e-02   4.6922465e-01   4.9400080e-01   1.0874235e-02  -3.8589694e-01  -3.1353706e-01   2.6344580e-01  -4.3637370e-01  -2.2715092e-01   7.5366075e-01  -4.4341145e-01   1.3581130e-01  -5.9607329e-01   2.5709312e-01  -4.0116476e-01  -2.9254544e-01  -3.2652524e-01   6.5794060e-01  -1.4281288e-01  -3.2553180e-01   1.1524892e-01   5.3589862e-01  -3.6155713e-01   8.8804410e-02  -4.8979622e-01   2.9634658e-01  -4.4219050e-01   4.0816938e-01  -1.9256899e-01   5.7329884e-01  -4.2142597e-01   9.0007150e-01  -2.6268684e-01  -3.2912974e-01   5.9102022e-01  -1.0619521e-01  -1.7183250e-01   2.0844547e-01  -8.9289239e-03   4.5399478e-01  -3.7753472e-01  -5.3529067e-01  -3.6306368e-01  -4.6698843e-01  -3.9218376e-01   2.4360244e-01  -1.4421078e-01   5.8021878e-02  -2.8181712e-01   7.0293273e-01  -2.7715554e-01  -7.4588778e-03  -3.5244970e-01  -2.1030452e-01   4.7824415e-01  -2.3420835e-01   6.6665494e-02  -5.5647817e-01  -3.3437735e-01  -4.5107493e-01   7.6166393e-01   6.5142071e-01   2.5758031e-01  -5.4265064e-01  -4.5698999e-01  -5.7661745e-01   2.2395626e-01  -5.5703012e-01  -1.9609578e-01  -4.1118947e-02   2.0961057e-01  -5.2552853e-01   3.2443929e-01   3.7944593e-01  -2.6115403e-01   1.7992605e-01  -1.4076023e-01  -4.3929229e-01  -2.6739090e-01  -2.0450530e-01  -8.6815826e-03  -5.0026030e-01  -4.9409485e-01  -6.0529890e-01  -5.7949690e-01   6.5731251e-01   1.2596299e-01  -9.1922958e-02   4.5937237e-01  -4.6607466e-01  -2.8419076e-01  -5.5634403e-01   1.4410865e-01   6.0422819e-01  -3.2210730e-02  -4.1106161e-01  -2.3094703e-01  -1.8825912e-02  -3.1006875e-01  -4.3750636e-02  -2.5747810e-01   4.4913918e-01  -5.6981012e-01  -7.5649500e-02   6.7011577e-01   4.7474765e-01  -5.2740301e-01  -4.2325284e-01   6.2007666e-01   4.0403687e-01  -8.5047704e-02  -1.2858606e-01  -2.8033147e-01   8.8630858e-02   1.2303935e-01  -2.2602930e-01
   3.5305060e-01  -3.1972056e-01  -2.2868277e-01   3.8541717e-01  -4.0552284e-01   2.5711875e-01  -3.1602298e-01   0.0000000e+00  -7.0618619e-02  -7.0039244e-02   1.9968744e-01  -2.3969321e-01  -4.8131622e-02   3.5434088e-01   3.8247411e-01  -1.0389398e-02  -2.4902154e-01   1.1765974e-01   3.0433777e-01  -4.6566784e-01   1.2727519e-01   3.6735343e-01   2.1245910e-01   1.9341096e-01   1.0250084e-01   4.0361682e-01  -2.9580142e-02   2.6364440e-01   4.2860578e-03   3.4376826e-01   3.9153142e-02   5.0062370e-01  -9.8506909e-02  -6.6519491e-02   3.2968187e-01  -1.6006342e-01  -2.9149979e-01   1.5557276e-01  -9.6827311e-02  -3.4312268e-01  -2.7094595e-01   5.9770777e-02  -2.8821302e-01   3.6986814e-01  -1.3829452e-01   2.4237219e-01   1.1789981e-01  -1.3195851e-02   1.0985418e-01  -2.7541309e-01   2.5226333e-01   7.0642628e-01  -2.6205058e-01   1.3706591e-01   3.0825562e-01   4.2469803e-01   4.0473166e-01   2.0750739e-01   1.9507381e-01   3.7554969e-01   1.7012598e-01  -1.8852189e-01  -1.8998586e-01  -2.7409853e-01   2.1443889e-02   2.4319004e-01   1.7957845e-01  -1.6391309e-01   4.4583229e-01  -3.5886623e-02  -4.3590092e-01   2.2274127e-01  -4.1196413e-01   2.4268962e-01  -1.0531925e-01   5.8538720e-01   4.0111255e-01   4.6059898e-01  -3.9379715e-01  -4.1108997e-02   2.8962604e-01  -2.4472628e-01  -2.1840592e-01   5.2908028e-01  -1.1699771e-01   4.7703188e-01  -2.3684871e-01   7.3718937e-02  -1.0287060e-01   2.1012106e-01  -3.4332239e-01   1.9920041e-01  -3.3170628e-01   2.0107918e-01   2.4352618e-01  -3.6437245e-01   2.3931522e-01   4.4674653e-01  -2.5435924e-01   2.0209435e-01  -2.4729637e-01   5.1477499e-01   4.8248313e-01   1.5681314e-01   3.6350538e-01   6.4675637e-01  -4.2320571e-03   3.3199090e-01   1.2566930e-01   4.1722654e-02  -1.6118002e-01   1.1409188e-01   4.0040055e-01   2.9478186e-01   2.2238311e-01  -3.0036085e-01   5.1442538e-01  -2.5838167e-01   2.9119613e-01   2.1431004e-01   3.4523367e-01  -2.5988211e-01  -2.1628057e-01  -8.2022495e-02   2.3729517e-01   3.1971749e-01   2.3974953e-01  -8.7296037e-02   5.8411301e-01   3.2582991e-02  -2.6840731e-01  -6.9896238e-02   3.6874707e-01  -1.3856290e-01  -6.2009626e-02   6.1937557e-01   4.1518310e-02   6.1472763e-02   5.8511961e-01   3.1994539e-01   3.3012663e-01  -2.8910940e-01   3.2224514e-01   1.2854691e-01   3.0558824e-01   3.0235808e-01  -2.6367297e-01  -2.1752968e-01   1.2026527e-02  -1.6545707e-01   2.5610710e-01   3.8943858e-01   2.1150619e-01  -1.1567308e-01  -3.7257974e-01  -1.9839986e-01   1.7184638e-01   2.5655009e-01   5.1822328e-02   3.3168338e-01   1.4171749e-01   6.2007445e-02  -4.1202074e-01   2.9641694e-01   3.1921360e-01  -3.3255957e-01  -1.5152760e-01   4.1940955e-01   2.2828130e-01  -3.6477529e-01  -2.7894297e-01  -3.5763493e-01   3.7171926e-02   4.1684252e-02   2.6553009e-01  -2.5520191e-01   4.8661195e-01
   9.2816679e-02   6.9049253e-01   5.0756210e-02  -3.1274839e-01   4.0399331e-01  -3.3087485e-01   1.6455942e-01  -7.0618619e-02   0.0000000e+00  -1.3066098e-01   1.3168475e-01   1.0899932e-01   4.2399793e-02  -3.4806534e-01  -3.3255762e-01  -2.3626566e-01   3.3891869e-02   2.4262768e-01  -2.9437894e-01   2.7801738e-01  -3.5580558e-01  -2.4080735e-01  -5.1755009e-01  -1.3753694e-01  -1.0296875e-02  -4.9049392e-01  -8.9584814e-02  -4.1952590e-01  -6.7374796e-04  -3.4007457e-01   1.6310614e-01  -2.5191645e-01   1.8600352e-01   6.3858862e-02  -4.8034526e-01   1.9359741e-01   4.6306403e-01   7.0612506e-02   1.8725945e-01  -7.3312948e-02   2.9290293e-01  -6.1697637e-02   2.0921848e-01  -2.1931837e-01   4.7420839e-01   1.5124050e-02   2.4494563e-01   3.5032571e-01  -2.8412314e-01  -7.0762053e-03  -2.0081347e-01  -3.0262942e-01   4.7747655e-01  -2.3797933e-01  -2.5557252e-01  -4.5580565e-01  -3.7062845e-01  -3.3013477e-01  -1.0772151e-01  -3.7960588e-01  -9.8898824e-02   4.2065574e-01   3.1579666e-01   4.9807777e-01   5.4558181e-01  -2.2063231e-01  -1.8948431e-01   5.3805757e-01  -3.9789609e-01   5.2199020e-03   3.7363136e-01  -1.7951041e-01   4.1031699e-01  -1.7236627e-01  -6.6877140e-02  -1.6829011e-01   6.1780346e-03  -2.4699852e-01   2.5327294e-01   6.6813831e-02  -4.3412793e-01   2.2039611e-02  -1.5106435e-01  -3.5485302e-01  -8.1401010e-03  -2.7682452e-01   1.7611418e-03  -1.6880587e-01   3.5735894e-01   1.4694519e-01   1.8518936e-01  -2.0334217e-01   1.2494313e-01   1.6667283e-01  -1.3322971e-01   2.3466846e-01  -2.4162729e-01  -3.2939039e-01   5.4054930e-01  -4.2146454e-01  -1.0138888e-01  -1.1696424e-01  -2.5775101e-01  -2.1417917e-01  -4.3464731e-01  -2.0689375e-01  -4.8746033e-02  -2.7541410e-01  -4.2785189e-01   2.1782890e-01  -1.8888253e-01  -3.6064293e-01  -2.1045397e-01   1.2039269e-03  -4.9145104e-01   6.7136382e-01  -2.7582612e-01   3.2598254e-01  -3.8043007e-01  -3.3438271e-01  -3.0468705e-01   2.0157303e-02   1.1549107e-01   6.3357092e-01  -1.4834968e-01  -8.2912547e-03   2.1402813e-02  -1.0108125e-01  -2.9105325e-01  -1.8923451e-01   2.0473359e-01   1.5507369e-01  -1.1851989e-01   1.8975952e-01   4.3439563e-01   1.4148185e-01  -2.0608756e-01  -2.7373333e-01  -3.1707926e-01  -1.7660640e-01  -1.5214095e-02   2.0833640e-01  -3.6039056e-01  -2.9265606e-01  -3.2025847e-01  -1.3562751e-01  -2.5075949e-01   7.4925761e-01   9.6401624e-02   4.7015634e-02  -1.9863502e-01  -2.3593780e-01  -1.5032530e-01   5.3282942e-01   2.7612620e-01   3.6739320e-02  -9.7843783e-02  -1.9317532e-01  -1.8375909e-01  -3.8374581e-01  -1.1507719e-01   5.3011606e-01   3.4159814e-01  -4.4011155e-02  -4.4531832e-01   4.1232026e-01   3.9227096e-01  -9.5558761e-03  -2.3728785e-01   2.6313206e-01   6.2115207e-01   1.8874393e-01   5.8419646e-01  -1.2629855e-01  -3.9485951e-02   2.0892369e-02  -3.3503417e-01
  -1.2898936e-01  -1.4486643e-01   4.2899130e-02   8.5265529e-02  -2.0645265e-03   3.3673912e-02   5.2341545e-01  -7.0039244e-02  -1.3066098e-01   0.0000000e+00  -2.8065313e-01   1.4645876e-01  -9.4434622e-02  -1.6440909e-01   2.3157994e-01  -5.2809238e-02   5.7356692e-04  -1.9981995e-02  -2.1098397e-01   1.2906808e-01   1.9612501e-01   8.3957528e-02   3.3911496e-01  -1.1900857e-01   1.1656993e-01  -4.8016568e-03   1.0378063e-02   8.7019552e-02   1.4720348e-01  -4.9959645e-02   2.4535846e-01  -3.7487273e-02  -4.3892831e-01   6.7799049e-01  -9.0915604e-02   1.6804608e-01   2.7143197e-01  -1.5441852e-02  -2.8772327e-01   2.2385627e-01  -2.5889652e-01  -2.7772188e-01   5.4545239e-01  -1.0650381e-01   1.8759476e-01  -2.7781985e-01  -2.0439371e-01   2.0424276e-01   1.9857309e-01   7.3223220e-02   6.5721151e-02   1.2907453e-01   2.1811871e-01  -1.2647643e-01  -1.8770700e-01  -1.1829686e-01  -1.3452623e-01  -1.1022502e-01  -1.2507093e-01  -2.0294085e-02  -2.2486678e-01  -1.1652616e-03  -1.1759771e-04   1.2673734e-01   1.4149681e-02   2.7339325e-01  -1.2469628e-01  -1.2356928e-01  -1.4942968e-01  -1.5307159e-01   1.1725921e-01  -8.6493477e-02  -3.0224439e-01  -1.7563412e-01  -5.7967126e-02  -8.8043647e-02  -1.1202005e-01  -2.1239521e-01   5.7286896e-02  -2.3757263e-01   1.9249846e-01  -4.4536488e-02   2.0180320e-01  -9.5863344e-02  -2.3224931e-02  -1.9582131e-02   1.9169664e-01  -3.2276504e-01   8.4595945e-03  -1.5613889e-01  -2.4422035e-02  -2.3523131e-01   6.0233370e-01   1.2222568e-01  -1.4263457e-01   3.9159298e-02   6.7128077e-02  -1.9040335e-02  -4.9917676e-02   4.7098087e-01   1.6637449e-01   1.0957507e-02  -9.7489124e-02   1.0958525e-01  -7.9299345e-02  -5.7921311e-02  -7.3528961e-02  -1.3595654e-01   2.6634429e-01  -9.5382764e-02   5.2004239e-01   2.0853989e-01   2.0684000e-01  -6.4523399e-02   7.9302833e-02  -1.1372944e-01  -9.1779410e-02   1.6925575e-02  -1.1441175e-01  -6.6295690e-02  -8.4726941e-02   3.0067945e-01   1.4139771e-01  -7.2707575e-02  -1.6964467e-01  -2.4241697e-01  -9.6232762e-02   4.2630066e-03  -4.6692923e-02  -9.7170278e-02  -1.8686213e-01   3.9258342e-01  -2.7292556e-01   2.8068696e-01   6.4571971e-02  -3.9466794e-02  -9.9722375e-03   1.6798701e-01  -7.0971278e-02  -1.1141602e-01  -2.6447467e-02  -1.7003276e-01  -2.1658389e-01  -1.3753806e-01   2.1146340e-02  -1.0599680e-01   3.7829551e-01  -1.6970493e-01   3.6449672e-01   4.5665958e-01  -1.2216875e-01   1.6006796e-02  -3.4509066e-01  -1.8266037e-01   8.4206347e-02  -1.9873819e-01  -2.1359203e-01  -5.5681542e-02  -1.5945199e-01   2.2801135e-01   1.2023050e-01  -3.8329159e-01   1.5965039e-01  -1.7147040e-01   1.6272066e-01   1.7926696e-01   2.2256243e-01  -1.5623970e-01  -2.1553800e-01   1.0470168e-02  -4.8646267e-03  -3.5715725e-01  -7.6989501e-02  -9.9087075e-02   1.2394701e-02  -1.9848027e-01  -2.2766474e-02
   2.4571028e-01  -2.2709521e-01  -4.0328450e-01   3.1862860e-01  -3.8095658e-01   3.2298632e-01  -6.4290122e-01   1.9968744e-01   1.3168475e-01  -2.8065313e-01   0.0000000e+00  -4.4715463e-01   3.9422818e-01   5.6898748e-02   2.2375312e-01   1.1825872e-01  -5.0120148e-01   7.2098187e-01   3.4570618e-01  -1.6101628e-01   1.7098617e-01   4.7865147e-01  -1.6732338e-01   2.6200373e-01  -1.5063970e-01   2.5545436e-01   4.5418203e-02   5.0494513e-02  -3.5266029e-01   5.2830367e-01  -1.9897085e-01   3.2660955e-01   1.1719715e-01  -3.7367997e-01   2.3502910e-01   5.1698356e-01   1.1646075e-01  -3.9062815e-03   1.3249175e-01  -7.0586097e-01   3.8965149e-01   1.5159979e-01  -5.2565092e-01   4.4715229e-01   2.1526314e-01   5.7350319e-01   7.8072299e-01   1.2088197e-01  -1.3743422e-01  -6.4569452e-01   7.1768063e-01   1.8056694e-01  -3.4340195e-01  -2.3340497e-01   3.7165735e-02   5.3579437e-01   4.8852353e-01   3.6973970e-01   5.2948527e-01   5.0338235e-01   1.2475225e-01   4.6792237e-01  -4.0042948e-01  -3.9373653e-01   2.2091685e-01   5.3539903e-01   4.6873495e-01  -2.2884805e-01   4.3486240e-01   1.7731511e-01  -5.8845889e-01   4.6810705e-01   2.2179330e-01   4.0145153e-01  -4.1827060e-01   2.2275296e-01   2.9378715e-01   3.4304321e-01  -6.6215956e-01   2.6772802e-01   3.3851167e-01   9.1245711e-02  -5.9294490e-01   3.3450628e-01  -3.6227766e-01   3.3195291e-01  -4.4823176e-01   1.0688736e-01  -1.6183214e-01   1.7138485e-01  -5.8501757e-01   2.1669430e-01  -5.7953550e-01   5.2581040e-01   3.2668513e-01  -5.7452819e-01   9.6945164e-02   1.7894679e-01   1.7139234e-01  -6.0630081e-02  -6.4533895e-01   3.9110345e-01   3.6633505e-01   2.0734734e-01   3.8877384e-01   3.6114503e-01  -3.6796232e-01   2.1297347e-01  -2.2847826e-01   6.7685899e-01  -6.1515859e-01   2.8822224e-01   9.9382714e-02   2.8878935e-01  -4.7930862e-02  -3.0716495e-01   1.6795657e-01   3.6610008e-01   2.9753576e-01   3.3906344e-01   4.2984518e-01  -6.9790282e-01  -6.1797485e-01  -3.0560466e-02   4.8899893e-01   2.2374440e-01   7.7389347e-01  -3.2075509e-01   5.5962070e-01   3.8736431e-02   1.1616120e-01   9.8264523e-02   3.6246625e-01  -3.2963645e-01  -1.4232234e-01   2.7274083e-01  -3.6306883e-01   3.8490562e-02   2.5676349e-01   2.1436766e-01   1.6592007e-01   1.2042122e-01   4.6922147e-01   2.8597355e-01   5.9940044e-01   5.9533752e-01  -7.0965908e-01   3.0411471e-01   5.3749754e-01  -4.7204074e-01   2.0847815e-01   2.0895426e-01   4.0064223e-01   2.5615206e-01  -5.7455317e-01   1.5272080e-01   4.4698114e-01   4.1238887e-01  -2.6145406e-01   3.4618044e-01  -1.1935135e-01   6.1779648e-01  -1.5548279e-01   7.7005688e-01   4.2350817e-03  -4.8334639e-01  -9.1328643e-02   5.0579141e-01   2.7304865e-01  -5.2714986e-01  -1.0755684e-01  -2.2385779e-02   5.2698085e-01   1.8878204e-01  -1.1102304e-01  -1.1268157e-01   2.3429215e-01
  -1.9737720e-01   5.3290515e-01   7.0207587e-01  -5.0829592e-01   3.4419422e-01   6.6324915e-02   4.6572356e-01  -2.3969321e-01   1.0899932e-01   1.4645876e-01  -4.4715463e-01   0.0000000e+00  -3.1970597e-01  -3.7318538e-01  -3.8447421e-01   2.9883818e-02   6.2008271e-01  -4.8658332e-01  -2.7675685e-01   2.4481017e-01  -3.4586876e-01  -4.7567231e-01  -1.7173050e-01  -1.9111713e-01   1.2922513e-01  -3.7071801e-01  -1.1492508e-01  -1.6328455e-01   2.4732721e-01  -4.7370921e-01  -1.6516663e-01  -4.8185544e-01  -8.3983245e-02   2.5286835e-01  -3.4704663e-01  -2.8808604e-01  -1.7572852e-02  -1.2656423e-01   1.6732088e-02   3.8237201e-01  -2.4166318e-01  -7.8963981e-02   4.9867120e-01  -1.9531588e-01   2.7551570e-01  -2.7841673e-01  -4.0016651e-01   2.0099722e-02  -3.6346219e-01   4.6892854e-01  -6.3734604e-01  -3.3872189e-01   1.4811868e-01   4.6088398e-01  -8.9150133e-02  -4.7676038e-01  -3.6284124e-01  -5.3076602e-01  -5.6415961e-01  -2.2662500e-01   2.0851322e-02   1.8054173e-02   6.7474677e-01   3.0402812e-01  -2.4256754e-01  -4.9317123e-01  -3.7087558e-02   4.0468300e-01  -5.4131248e-01   1.9684074e-01   4.6195877e-01  -4.9981407e-01   1.8396828e-02  -1.1744490e-01   4.3976478e-01  -3.0318708e-01  -3.7617261e-01  -2.8287439e-01   4.5974187e-01  -2.6068689e-01  -5.0092608e-01   1.4686855e-01   2.7515436e-01  -3.8429752e-01   6.8898446e-01  -4.7623827e-01   1.1790719e-02  -2.3524629e-01   4.6686578e-01  -9.0135980e-02   3.0058231e-01  -3.9097113e-02   4.4340264e-01  -6.0955262e-02  -2.7144333e-01   3.5755012e-01  -2.2780090e-01  -3.1130093e-01   5.8213159e-02  -3.3006975e-01   3.0665243e-01  -1.9792355e-01  -3.6306830e-01  -3.5578937e-01  -6.2023089e-01  -4.6545425e-01   5.1418825e-01  -2.8929419e-01  -3.6131818e-01  -1.5842723e-01   5.9211009e-01   8.8371396e-02  -1.0993489e-01  -4.9685594e-02  -1.0316712e-01   2.6397441e-01  -2.2630166e-01  -1.2483642e-01  -6.4823723e-02  -4.7876685e-01  -3.2234329e-01   4.7431909e-01   6.5053903e-01  -9.1371896e-04  -2.5999281e-01  -3.3179883e-01  -2.7143557e-01   2.8223447e-01  -5.8934864e-01   1.6540049e-01   2.4840633e-02  -3.4544812e-01  -2.9518948e-01   1.1841021e-01   5.9267882e-01  -2.5646482e-01   2.7502558e-01  -2.7249402e-01  -4.8142395e-01  -1.8678938e-01  -1.8220292e-01  -1.0311381e-01  -4.0829353e-01   1.8777035e-01  -4.5801683e-01  -5.1316020e-01   6.4754001e-01   9.2554005e-02  -2.5344546e-01   3.6195524e-02   1.9784815e-01  -3.8367341e-01  -2.2238283e-01   4.7584019e-03   6.6330777e-01  -1.6309351e-01  -3.3195093e-01  -5.5922844e-01   3.4837999e-01  -4.0166148e-01   1.9062109e-01  -1.4709623e-01   2.0578462e-01  -5.9983251e-01  -3.8013409e-01   6.3624670e-01   4.1616067e-01  -3.0008437e-01   7.5939011e-02   5.0632593e-01   5.1615788e-01  -6.0092246e-02  -2.2937372e-01   3.7340450e-01   4.0076285e-02   2.0624761e-01  -3.1972878e-01
  -7.9268388e-02  -5.5547690e-02  -1.6442421e-01   3.8055902e-01  -8.6934127e-02   5.0281468e-02  -2.1361943e-01  -4.8131622e-02   4.2399793e-02  -9.4434622e-02   3.9422818e-01  -3.1970597e-01   0.0000000e+00   1.9655938e-02   2.2146283e-02   8.2287872e-02  -1.5374373e-01   3.4053083e-01   1.6366508e-01   8.8003582e-02   1.0992529e-01   2.4734024e-01  -3.9740133e-02   2.0147066e-01  -5.9130317e-01   1.7237872e-01   2.4340255e-01  -1.4276131e-01  -8.4354206e-02   3.3031853e-01  -8.8978204e-02   3.2254207e-01  -1.7346497e-02  -1.8151572e-01   2.1099947e-01   2.6651243e-01   4.6564406e-02  -1.0804957e-01   5.5228362e-02  -1.8952622e-01   7.4915800e-01   1.9937396e-01  -3.0710077e-01   1.1680944e-02   1.9145488e-01   1.6372015e-01   2.9846599e-01  -2.9938649e-03   3.5552613e-03  -2.6176945e-01   4.0219998e-01  -1.5369384e-01  -2.3684576e-01  -2.5009131e-01  -2.3002592e-01   9.6478299e-02   1.2167221e-01   4.8301801e-01   5.2163969e-01   1.4047856e-01  -3.0607370e-02   2.8274063e-01  -2.4422287e-01  -2.2052587e-01   1.4947984e-01   2.3725571e-01   2.8825032e-01  -2.4957959e-01   2.2817114e-01  -2.1981780e-02  -2.1493292e-01   2.3741564e-01   5.1751545e-01   2.2910840e-03  -1.2485803e-01  -1.3152220e-02   8.4142432e-02   6.1726059e-02  -1.8412505e-01   5.4873291e-01   9.3998835e-02   4.1652522e-01  -2.9967455e-01   2.4642706e-02  -2.7193485e-01   8.6143909e-02  -1.1292357e-01  -1.0133558e-01  -2.5795550e-01  -1.4432286e-01  -1.5394005e-01   7.3278626e-03  -3.1463136e-01   1.5352179e-01   1.7485760e-01  -1.0691012e-01   1.2185758e-01   8.7929185e-02   2.0540260e-01   5.3368198e-02  -2.0444587e-01  -1.0877988e-01   1.1643130e-01   1.9494181e-01   3.7111801e-01   1.3005224e-01  -1.5383821e-01   1.5638312e-01  -2.3868585e-02   2.8057092e-01  -4.2816558e-01   1.6231831e-01  -2.4045186e-01  -4.4444020e-02  -2.1187195e-01  -2.3899364e-02   1.0653726e-01   5.6745640e-01  -9.7813050e-02   4.7940680e-01   1.0113044e-01  -2.8219190e-01  -3.3761598e-01   5.7140486e-02   1.8251310e-01  -1.3480813e-01   4.3256881e-01  -3.0495378e-01   2.6168704e-01  -1.9285579e-02   9.2868539e-02   6.9133337e-02   1.3587345e-01  -1.6987864e-01  -8.4015190e-02  -3.2031637e-02  -2.3791414e-01  -1.9118900e-02  -4.7473526e-02  -3.6013868e-04  -2.7598263e-01   6.4162798e-01   9.4478521e-02  -1.6501710e-01   3.0985713e-01   2.5423528e-01  -3.6733334e-01   1.5727265e-01   2.2748567e-01  -1.5264815e-01  -1.2247790e-01  -7.9537392e-02  -8.4277721e-03   1.1868399e-01  -2.1267815e-01   5.4107839e-01   1.5885344e-01   4.3847086e-01  -2.3577191e-01   9.2382519e-02  -4.5846533e-01   2.1834429e-01  -3.4400657e-02   4.8225065e-01   1.5365566e-01  -1.4837276e-01  -3.0330589e-02   5.4634501e-02  -2.3518734e-01  -1.7135298e-01  -1.3545875e-02   4.0066806e-03   2.6627809e-01  -2.8808918e-04  -3.4350316e-02   3.4278728e-01   8.7957495e-02
   4.2051213e-02  -4.2773529e-01  -5.0397171e-01   4.4060067e-01  -5.0661197e-01   1.6809926e-01  -4.4762690e-01   3.5434088e-01  -3.4806534e-01  -1.6440909e-01   5.6898748e-02  -3.7318538e-01   1.9655938e-02   0.0000000e+00   4.7963234e-01  -7.2956128e-02  -3.5414352e-01   1.8744368e-01   2.5236932e-02  -4.4655128e-01   5.6878914e-01   3.6426054e-01   5.8882960e-01   4.3974896e-02  -1.1941142e-01   1.4722259e-01  -6.4815632e-02   4.8895399e-01   3.3116808e-02   3.6857736e-01   3.6886167e-01   3.3884657e-01   5.4107500e-02  -1.6544426e-01   4.1805924e-01  -1.7593261e-01  -4.2273538e-01  -1.1349897e-01  -1.3312164e-01  -3.4240508e-01  -1.1681335e-01   1.5515300e-01  -3.5227981e-01   5.3128161e-01  -3.1625261e-01   4.5218747e-02   6.4483936e-02  -2.5294120e-03   5.6831196e-01  -3.5821773e-01   3.0879985e-01   3.3299502e-01  -3.6786536e-01   1.4914454e-01   6.7600115e-01   4.1310712e-01   3.8403515e-01   2.8699462e-01   1.2043014e-01   3.0043005e-01  -4.6290105e-02  -2.9772628e-01  -4.5381766e-01  -9.1623948e-02   5.0013903e-02   2.7904327e-01   1.0118180e-01  -3.9316915e-01   3.2650066e-01  -3.0034113e-01  -4.9667670e-01   2.3149865e-01  -2.5467191e-01   2.9503176e-01  -6.7670244e-02   4.1166633e-01   1.6453953e-01   1.5343141e-01  -4.1328725e-01   9.2404712e-02   3.8602270e-01  -1.0390134e-01   8.7743944e-02   2.1060663e-01   4.8582456e-02   4.0735798e-01   3.0287572e-01   2.8885978e-01  -5.1015820e-01  -9.5014836e-02  -3.2950512e-01   5.4184023e-02  -3.7371869e-01  -9.5873646e-02   7.4389899e-02  -3.8468603e-01   2.5670518e-01  -1.3125598e-02  -3.5152639e-01   4.1332749e-01   1.0733064e-01   1.5889232e-01   6.0394232e-01   5.9654760e-01   3.0045007e-01   4.6395747e-01   2.5807846e-02  -2.8103669e-02   4.5447809e-01  -8.4475797e-02  -1.5617644e-01   4.3580155e-02   7.2205527e-02   9.0670507e-02   5.2772547e-01  -4.2465354e-01   1.1127103e-01  -2.4698836e-01   5.9793549e-01   2.8825035e-01   4.9802983e-02  -3.7641909e-01  -4.0677330e-01  -2.0936675e-01   4.6731275e-02   1.0154471e-01   1.6717233e-01  -4.6615197e-02   4.1591950e-01   8.7868155e-02  -1.5300033e-01   1.0961145e-01   3.0366324e-01   9.2177749e-02  -4.7096690e-01   2.1051799e-01   1.4084308e-03   4.7935628e-01   3.4266460e-01   4.1122428e-02   5.1101790e-02  -1.7489777e-02   8.0665343e-02   1.4853415e-01   3.5970664e-01   4.7595291e-01  -1.1270462e-01  -4.6643637e-01  -8.3787664e-02   8.9749359e-02   1.7820121e-01   7.0332231e-01   1.7555899e-01  -2.5633254e-01  -5.3740902e-01   3.8270550e-02   2.8782699e-02   9.9071538e-02  -7.0129083e-02   3.8251669e-01  -3.9325165e-02  -2.7674549e-01  -3.4565439e-01   2.2525030e-01   1.4377637e-01  -5.5296097e-01  -5.2246727e-01   4.1307916e-01   1.1153077e-01  -4.3664258e-01  -6.2583521e-01  -2.0553272e-02  -1.8143439e-01  -1.3799088e-03   4.0816767e-02  -4.3408135e-02   1.6693677e-01
