   0.0000000e+00  -3.5579234e-01  -1.2735004e-01   1.6334617e-01  -2.8420909e-01   7.3225554e-02  -3.6202692e-01   1.5939563e-02  -1.3052728e-01  -4.0018436e-01   2.9714950e-01  -2.5078508e-01   4.9491116e-03   5.1912868e-01   5.1344181e-01   6.7176475e-02  -1.8873380e-01   1.2087284e-01   2.7658343e-02  -1.5661846e-01  -4.1813573e-01   1.5846501e-01  -3.3084455e-01   6.5728872e-01   6.4546502e-02   3.8317434e-01  -3.2747794e-01   6.6621433e-01   2.9978453e-02  -3.2880789e-02  -6.9522520e-02   1.8791601e-01  -7.5555150e-02  -5.0716304e-01   2.2437731e-02  -3.2736262e-01  -3.7776492e-01   5.0635133e-01  -1.5325595e-01  -4.4206926e-01   5.3997032e-03   9.7831011e-02  -4.1719774e-01   3.3831858e-01  -1.6832023e-01   5.2549820e-01  -3.4342698e-03  -2.2179902e-01  -2.9711347e-01  -2.3380627e-01   2.0303875e-01   1.3588736e-01  -4.5794147e-01   2.1285807e-01   2.2085030e-01   5.4889669e-01   1.9525789e-01   2.3470281e-01   2.7166446e-01   3.9201086e-01   2.3185524e-01  -2.3129998e-01  -7.6114673e-02   5.0320081e-02  -2.7413971e-01   2.2816490e-01   1.0879844e-01   1.1742186e-01   1.0348763e-01   2.0582414e-01  -4.5439624e-01   1.6069058e-01  -3.1825089e-01   7.5218663e-01  -1.2631002e-01  -4.1773602e-02   3.5562321e-01  -2.4329799e-01  -2.2907539e-01   1.7520780e-01   5.9790938e-01  -1.7488735e-01  -3.4437511e-01   4.9311710e-01   7.1244591e-01   2.6392370e-02  -3.9007072e-01   5.8383752e-01  -3.8964980e-02   7.4586757e-01  -2.4562191e-01   1.7820234e-01  -3.6975420e-01  -4.0629996e-02   4.6726311e-01   4.6118594e-02   1.3931428e-01  -1.8728989e-01  -3.4703960e-01  -1.7968894e-01   1.8661915e-01   4.6775517e-01   1.7585492e-01   2.2175817e-01   3.3818340e-01   1.5703817e-01   5.1160313e-02  -1.6193304e-01  -2.5292322e-01  -3.6776828e-01  -2.9904404e-01   2.8561176e-01   2.3006563e-02   8.4245879e-01   2.8304419e-01  -4.4589969e-01   2.4145416e-02  -2.3277504e-01   1.5756127e-01   2.1516336e-01   7.3035923e-01  -1.3779383e-01  -1.7024483e-01  -4.1484980e-01   7.2862673e-01   7.0243740e-01  -2.8404058e-01  -1.1771959e-01   1.3691650e-01  -1.0137989e-02  -1.6115654e-01  -5.7018743e-01   7.0848669e-01  -5.1129518e-01   5.3456463e-02  -5.6461764e-02   5.6273418e-02   4.1998856e-01   3.4762480e-01   7.7282915e-01   8.1939108e-01   5.0715100e-02   1.3774632e-01  -1.3910475e-01   1.7453558e-01  -5.3548595e-02  -3.0194470e-01  -2.4745352e-01  -2.5580820e-01  -4.8770942e-01   7.4277823e-01   2.4527203e-01   7.0586867e-01  -4.7803561e-01  -3.5792717e-01   6.4003202e-01   6.8645443e-01   2.8441055e-01   9.6866291e-02   3.3611800e-01   2.5394141e-01   1.9275765e-01  -3.4736882e-01   2.6411839e-01   1.7518497e-01  -4.2508697e-01  -1.1685008e-01   3.4903049e-01   5.8277164e-01  -4.4198606e-01  -1.9218994e-01   4.2968397e-01  -6.5459216e-03  -3.1886522e-01   5.8906070e-02  -1.4754883e-01   1.7712791e-01
  -3.5579234e-01   0.0000000e+00   7.5145663e-02  -3.0011256e-01   5.5554430e-01  -6.8414723e-03   4.4244685e-01  -1.5433368e-01   2.4678418e-01   1.9571734e-01  -4.3912788e-01   7.4037403e-01  -3.2317744e-01  -2.3831271e-01  -5.5161998e-01  -2.7282400e-01   1.5466333e-01  -4.4969189e-01   4.7902945e-02   4.0504889e-01  -2.0411493e-01  -6.0477423e-01  -1.7507039e-01  -4.3946025e-01  -5.9927509e-03  -4.7353533e-01   4.3181269e-01  -2.1216860e-01   2.9497261e-01  -2.6390955e-01   7.5931232e-02  -4.9175380e-01   8.0125240e-02   4.1705885e-01   8.7195198e-03   3.7552524e-01   3.5277209e-01  -4.3052257e-01  -1.5605735e-01   6.0463636e-01  -1.0305226e-01  -1.4952349e-01   5.6593735e-01  -4.3441826e-01  -1.4868103e-02  -4.9970890e-01  -1.0562037e-01  -7.7910101e-02   3.6472969e-01   3.6962574e-01  -5.6452303e-01  -1.9592842e-01   8.2121000e-01   3.3182535e-03  -1.1819924e-01  -4.9358523e-01  -8.6946492e-02  -3.8316496e-01  -5.5862856e-01  -3.8893779e-01  -3.5702851e-01   1.5350826e-01   2.4606064e-01  -1.4806511e-02   5.5478226e-01  -1.1554602e-01  -1.4339602e-01   1.3105407e-01  -4.5598739e-01   5.3356723e-02   6.6751684e-01  -3.8755748e-01   2.6628965e-02  -4.1208676e-01   1.1241819e-01  -1.2508189e-01  -3.6475350e-01  -1.7882995e-01   4.9752163e-01  -1.8541041e-01  -2.4326091e-01  -2.7946211e-01   3.2371374e-01  -4.5753115e-01  -1.9153852e-01  -2.9697295e-01   3.3250175e-01  -2.6704440e-01   6.1861821e-01  -1.9982777e-01   6.1818167e-01  -2.9747277e-01   4.1513786e-01   2.4436016e-01  -2.8672502e-01   1.4342234e-01  -3.6928748e-03  -2.0642751e-02   4.8324619e-01  -2.6425788e-01   5.1098742e-02  -5.6664509e-01  -5.7229649e-01  -2.3332965e-01  -5.0092087e-01  -4.9742677e-01   1.0140687e-01  -1.9855064e-01   3.8156431e-01   3.1867502e-01   5.9494810e-02  -4.8776049e-01  -1.4116004e-01  -4.1150777e-01   3.2568135e-02   6.6294642e-01  -4.2657406e-01  -3.5147266e-02   9.5081360e-02  -3.2269509e-01  -5.0332572e-01   5.4126216e-01   4.8033665e-01   1.2148155e-01  -4.4408043e-01  -2.1441762e-01  -2.4792908e-01  -1.0142269e-02  -4.1846865e-01   3.8166593e-01   2.0452104e-03   3.1951029e-01  -3.2034989e-01   4.0075566e-01  -1.5122082e-02  -1.8555886e-02  -2.3892826e-01  -1.7579775e-01  -4.4228189e-01  -3.9240886e-01  -3.4712339e-01  -4.7592378e-02  -5.4044861e-01   4.3369506e-01  -2.7160645e-01  -4.4505218e-01   5.2844287e-01   1.5478389e-01   2.2411187e-01   8.9624235e-02  -2.4880598e-01  -3.2822472e-01  -3.9236263e-01   3.9700373e-01   6.6945240e-01  -4.1093212e-01  -4.8261675e-01  -4.6458152e-01  -2.0491326e-01  -4.6493343e-01  -1.4176405e-01  -3.3465871e-01   3.7075634e-01  -6.9550876e-01  -4.5712869e-01   6.0329056e-01   6.8274792e-02  -3.3514349e-01  -2.5584279e-01   4.3784064e-01   3.8387529e-01  -4.1962812e-01  -2.0052346e-01   3.3075147e-01  -1.0863987e-01   1.7598688e-01  -4.1740025e-01
  -1.2735004e-01   7.5145663e-02   0.0000000e+00   4.7954822e-02   6.1148405e-02  -1.5856745e-01  -2.7528247e-01   5.5012481e-02   3.6534170e-01  -3.6782881e-02   1.6265885e-01   7.2054453e-02  -7.3304140e-02  -3.4574723e-01  -1.8510930e-01  -1.1865838e-01   8.3944886e-01   1.1965751e-01   5.7091124e-02   1.7504315e-01  -7.8741441e-02  -3.6361731e-02  -2.2049019e-02  -1.8563976e-01   2.1418884e-01  -1.5804390e-01   1.4708520e-01  -2.6847275e-01   1.6909635e-01  -5.0238211e-02  -3.8510671e-02   9.1463944e-02  -1.5814807e-02  -1.7850317e-01  -2.5849263e-01   1.2313043e-01  -1.3629830e-01   2.4643407e-01   2.8902471e-01   3.1721499e-01   5.2841407e-02   2.3946642e-01   2.3628748e-01  -1.8741765e-01  -4.9100588e-02   4.1603660e-01   2.7455649e-01  -4.0929708e-01   1.6517824e-01   5.9047001e-01  -1.0848722e-01  -8.5195305e-02   1.3541714e-02   3.3092880e-01   4.5012771e-02  -1.9833215e-01  -3.9332678e-01  -2.7115520e-02   3.0050365e-03  -3.8957490e-01   7.1588160e-01   2.3280649e-01   4.8849624e-01   1.7290064e-01   1.8469150e-01  -3.0969705e-01   8.5646717e-02   1.4699120e-01   9.2130013e-02   7.0468837e-01   2.5631870e-01  -3.0746072e-03   1.0504934e-01  -2.6257188e-01   1.8588213e-01   2.5510838e-01   5.8037426e-01  -2.0845960e-02  -5.3581988e-02   2.3481519e-01  -4.0712263e-01   7.3857234e-02   7.6723457e-02  -2.9782758e-01  -1.2727427e-01   2.3920161e-01   4.2190704e-02  -3.4800131e-01   2.8174420e-01  -2.7017164e-01   2.7773174e-01   7.9709519e-01   1.3050934e-01   1.6746162e-01   4.9248237e-01   2.9104916e-01   1.3333485e-01   9.4709709e-03  -4.5286211e-02  -3.8993201e-01  -1.5658864e-03  -1.8885604e-01  -2.4557010e-01   1.4040590e-02  -1.8301396e-01  -9.1295208e-03   4.0354601e-01   1.1678308e-01   9.5179163e-02  -8.3944924e-03  -1.9736307e-01  -2.7194731e-01   1.5109208e-01   6.6986157e-02  -1.5255586e-01   3.6592062e-02   1.3922590e-01  -3.2619597e-02  -4.7746996e-03   7.9280725e-02   1.5582512e-01   2.2932212e-01   3.9661086e-01  -6.0023836e-02   8.1520959e-02  -3.5759534e-01  -2.2821919e-01   3.2036898e-01   1.4918283e-01   6.6793061e-01  -1.2106929e-01  -1.7473080e-01  -3.1286703e-01  -4.4417634e-02   3.0101793e-01   2.1663867e-01   2.5479587e-01  -2.7342435e-01   4.3129732e-02  -1.2374969e-01  -1.9366938e-01   2.1907128e-01  -7.4481408e-02   1.1090639e-01  -2.7083116e-01  -2.7017626e-01   4.5540662e-02  -5.9423023e-02  -1.4154596e-01  -3.1325935e-01  -1.3838569e-01  -4.5289460e-01   1.1641021e-01  -1.2203753e-01   3.7069477e-01  -1.3772853e-01   2.1418329e-01   1.9199653e-02   7.8430841e-01  -4.7250203e-01   9.5320169e-02  -5.2865740e-02  -4.8919676e-02  -1.5819436e-01   2.0980607e-02  -1.5539269e-01  -9.9051418e-02  -2.5400397e-01   2.5388521e-01   5.9569335e-02  -2.7692557e-01   1.0907401e-01   1.9919022e-01   7.1908929e-02   6.3411250e-02   1.7108314e-01   1.3099078e-01
   1.6334617e-01  -3.0011256e-01   4.7954822e-02   0.0000000e+00  -1.7121698e-02   1.8901094e-01  -1.5177282e-01  -2.1011063e-01   1.0644968e-01   1.4907883e-01  -3.0857095e-02  -1.4799823e-01   2.2453716e-01   1.6806370e-01   1.4965037e-01   1.1503010e-01   1.0444370e-01   3.0241905e-01  -1.6749376e-01   2.3120992e-01  -1.7277626e-01   5.5947818e-01  -1.6942522e-01   2.3609286e-01   4.5503547e-01   1.7284168e-01   8.4788511e-02   1.0434636e-02   9.4695936e-02   2.8560412e-01  -4.4428753e-01   5.3874325e-01   1.3216967e-01  -3.5367273e-01   1.3475334e-01   9.1176336e-02  -2.6740382e-01   8.8310132e-02   2.5474593e-02  -1.0483739e-01  -2.2887668e-01   6.1124600e-01   6.6506681e-02  -4.6258067e-02   2.3054730e-01   1.0187818e-01   3.5368354e-01  -2.7569549e-01  -9.8814681e-02  -2.4205781e-01   4.0674896e-01  -8.8454420e-02  -4.0472397e-01   5.2650402e-01   9.8315685e-03   1.5037988e-01  -2.2597648e-01   7.2756232e-01   2.0759050e-01   4.9694254e-01   2.3668913e-01   2.5785302e-01   4.1476577e-01  -3.9989679e-01  -2.6987369e-01   2.3853857e-01   3.3792458e-01   3.0363184e-01   3.8529849e-01   5.5439160e-02  -3.2871544e-01   8.5580381e-01  -2.7734691e-01   1.6454385e-01   9.8392361e-02   6.2748607e-02  -3.9741106e-02   1.6680789e-02  -1.8738295e-02   6.5627393e-01  -9.6583438e-02   5.8540089e-02  -5.3858049e-01   6.8676484e-02   1.3001518e-01   1.0693757e-01   2.5874649e-01   4.1765386e-02  -4.3354400e-02   1.0456952e-01  -2.0893778e-01   1.7329587e-01  -3.2667424e-01   1.4136975e-01   1.0178441e-01   9.9160458e-02   6.8013054e-01  -1.6030502e-01  -3.4245135e-01   4.1697248e-01  -1.6061496e-01   2.1595290e-01   2.2167440e-01   4.6540310e-01   4.6694120e-01   7.1593050e-01   4.9448455e-01   1.5277600e-01  -3.9105403e-02  -2.7848589e-01  -3.8946871e-01   4.4816360e-01   7.7130839e-01   1.9597371e-01   3.6881070e-02  -3.4543267e-01   2.3650295e-01  -2.0208206e-01  -4.0539965e-02   9.1812797e-01   1.1045698e-01  -1.0887809e-02   1.0802015e-01  -3.1126399e-01   8.2870147e-02   2.5052138e-01  -4.8690317e-02   3.4126779e-02   7.7957295e-01   1.2688890e-02  -5.0783333e-01  -3.8464303e-01   2.3330780e-01  -4.2941544e-01   6.0925076e-01  -1.0675031e-01   5.9323576e-01  -1.8402436e-01   1.5098070e-01   1.2666554e-01   1.1429573e-01   5.3972765e-01   4.5773931e-02  -1.1869635e-01   4.1705250e-02  -1.3894223e-01  -2.7331089e-01  -2.1590352e-01  -9.7466632e-02  -5.5550300e-02   1.2268068e-01  -1.4893965e-01   1.5948349e-01  -6.2096700e-01  -2.5339179e-01   4.0883533e-02   1.3690151e-01   3.0947497e-01   3.2801002e-01   1.7613700e-01   2.8673676e-01  -3.2724521e-01  -3.2233054e-01   4.8689202e-01   6.6961933e-01  -2.6563755e-01  -2.2232593e-01  -1.4018717e-01   4.9953090e-01  -3.8108421e-01  -2.3813956e-02  -1.3658415e-02   3.4300762e-01  -1.7679827e-01   2.9868314e-01   8.2475189e-02   7.6337261e-01
  -2.8420909e-01   5.5554430e-01   6.1148405e-02  -1.7121698e-02   0.0000000e+00   2.2542998e-01   4.9294342e-01  -1.6697049e-01  -1.0674728e-01   5.0678673e-01  -2.3810939e-01   5.4303568e-01  -3.8075355e-02  -5.1663651e-01  -4.6210994e-01  -1.1729351e-01   3.4955692e-01  -3.4461074e-01  -9.1957739e-02   8.6339979e-01  -1.9249741e-01  -3.3350836e-01  -3.0414054e-01  -2.8470979e-01   1.1257255e-01  -3.5693143e-01   4.8768923e-01  -3.6061201e-01   2.9210426e-01  -2.8324225e-01  -3.4013094e-01  -7.8235138e-02  -1.2084486e-01   2.9628070e-01  -3.6764809e-01   8.8022634e-01   1.9045927e-01  -3.9542374e-01  -1.8912469e-01   6.8262550e-01   7.9601420e-02   2.1278759e-02   5.2279632e-01  -5.5822799e-01   1.1973940e-01  -4.2556042e-01   4.1774364e-01  -4.2454882e-01   1.4800156e-01   4.6307114e-01  -1.9340761e-01  -2.0481791e-01   5.5185810e-01   9.6273579e-02  -4.6421862e-01  -4.9547705e-01  -3.1950637e-01  -3.4160168e-02  -3.9540561e-01  -2.7018413e-01  -3.4971088e-01   3.0608569e-01   2.6416814e-01  -3.5282129e-01   2.3852121e-01   2.0506014e-01   1.7455863e-01   2.1732720e-02  -7.7936712e-02  -1.0569795e-02   5.6489738e-01  -9.5200747e-03   2.3979996e-02  -2.7422633e-01   8.1543627e-02  -1.8050807e-01  -3.4656956e-01  -1.3739383e-01   8.3110934e-01  -8.3190738e-02  -4.2653802e-01  -1.0514267e-01   4.5413581e-02  -4.8038904e-01  -2.8723152e-01  -2.4351995e-01  -6.8832601e-02  -3.3002158e-01   2.6468211e-01  -1.5131179e-01   6.7096495e-01  -2.7461403e-01   5.7589807e-01  -1.0260024e-01  -3.2350365e-01   5.1254790e-01   2.4254360e-01  -1.6051818e-01   4.7269637e-01  -2.8466147e-03  -3.8302112e-01  -4.0376114e-01  -5.6022712e-01  -4.6765047e-01  -9.1176966e-02  -2.1834156e-01   2.2165654e-01  -1.2461607e-02   1.3135056e-01   4.8314075e-01  -1.1205297e-01  -2.3681287e-01   4.7475873e-02  -2.9800450e-01  -2.4430744e-01   6.1126436e-01  -3.1231454e-01   8.5893992e-02  -1.9161541e-01   3.6453742e-03  -4.3196370e-01   7.8449600e-01   5.1257257e-01  -4.8330458e-02  -3.3410766e-01  -2.3114018e-01  -2.1201566e-01   1.1845890e-01  -4.3620531e-02   3.0009982e-01  -1.1627704e-01   3.1023505e-01  -1.8040522e-01   2.2584354e-02   4.8600874e-02  -1.9048737e-01   5.1691648e-02  -4.9690232e-01  -3.3384310e-01  -4.3049730e-01  -3.1480600e-01   7.7763377e-02  -3.8061431e-01   2.7033581e-01  -4.0703712e-01  -5.4150425e-01   3.5966331e-01   2.6657289e-01   5.9421340e-01   6.1953184e-02  -2.7785472e-01  -5.0436497e-01  -2.9564073e-01   1.5622424e-01   5.8375523e-01  -4.3672413e-01  -4.3010076e-01  -2.7018299e-01  -6.9014212e-02  -4.5399027e-01  -2.5232306e-01  -4.6734373e-01   3.1212902e-01  -3.8100826e-01  -3.3737156e-02   5.5208640e-01   3.2777255e-01  -4.2531613e-01  -1.9410847e-01   5.5475054e-01   6.6624856e-01  -5.1529659e-01  -2.5225556e-01   2.5128630e-01  -5.9620293e-02   9.6186114e-02  -9.6779130e-02
   7.3225554e-02  -6.8414723e-03  -1.5856745e-01   1.8901094e-01   2.2542998e-01   0.0000000e+00   4.4385209e-01  -6.5342153e-02  -4.5009128e-01   1.5262448e-01   1.3034465e-01   3.0488447e-01  -8.6122079e-02  -9.0387777e-03   2.9299554e-01   4.7933977e-01   1.4689970e-02  -2.0162607e-01  -3.3639317e-01   2.9569826e-01  -4.1971808e-01   1.7016427e-01  -4.4354684e-01   1.1625295e-01  -1.0663275e-01   2.0462195e-01   4.8352953e-01   1.3974612e-01  -1.3844395e-01   1.4592479e-01  -6.1203041e-01   2.9435183e-01  -8.9896865e-02  -9.1717957e-02  -1.7066084e-01   2.1576086e-01  -5.2744350e-01  -5.1086842e-02  -1.7655451e-01   1.2839009e-01  -2.5392499e-01   6.0189434e-02  -1.6049592e-01   3.1287936e-02   6.0001608e-03  -5.6668376e-02   4.0119823e-01  -4.0818071e-02  -4.1851105e-01  -7.7074518e-02   4.1842939e-01  -2.0044062e-01  -2.0126964e-01   8.3356021e-03  -5.8589778e-01   2.1802136e-01   3.7340372e-01   2.7860144e-01  -3.3096723e-02   5.6568702e-01  -1.9356157e-01  -2.9162902e-01  -1.8743526e-01  -6.2065239e-01  -4.2756356e-01   6.5389241e-01   8.1199783e-01  -2.0807343e-01   4.1159741e-01   1.8621717e-01  -2.1105075e-01   4.1920362e-01  -3.0323547e-01   1.5204326e-01  -3.3131190e-01  -1.7673114e-01  -2.0906094e-01  -2.2001029e-02   1.1683673e-01  -2.0220419e-01   2.0966337e-02  -1.9579768e-01  -4.0172782e-01  -7.3122837e-03   1.8843574e-01  -4.3493496e-02  -2.3596020e-01  -7.6331410e-02  -1.1654254e-01   2.6432990e-01  -1.0714438e-01  -1.0124900e-01   2.8235187e-03  -2.5864640e-01  -2.7467145e-01   1.1707937e-01   2.1817095e-01  -4.5608277e-01  -8.3150400e-02   3.5070873e-01  -6.4904868e-02   3.8986661e-01   1.4914171e-01  -2.3049732e-01   5.1992807e-01   3.2399018e-01  -4.2817844e-03   1.7841338e-01  -3.7344099e-01   2.2589636e-01  -2.0897488e-01   6.5027469e-01   1.6625329e-01  -3.2662388e-02   3.0592533e-02  -2.5484672e-01  -9.1570860e-02  -2.1232233e-01   8.4366759e-02   2.5002958e-01  -3.4314997e-02   2.0299951e-02  -1.4336273e-01  -5.2297984e-01   7.2965330e-02   2.9469130e-01  -3.5067005e-01  -3.3458037e-01   1.7321801e-01   1.6860507e-01  -1.1729812e-01  -2.2591569e-01   1.5001359e-01  -4.7954089e-01   1.6786994e-01  -1.7187722e-01  -1.8842470e-01  -1.6571298e-01   3.1045073e-01   1.3712948e-01  -6.9908870e-02  -1.9691257e-01   3.4751664e-01   2.4434625e-01  -1.0415157e-01  -4.1246021e-01   6.6461179e-03   8.7763606e-02   5.5067300e-01  -2.2549086e-01   1.4993337e-01  -9.0086705e-02   9.2468956e-02  -2.0519424e-01   7.7830993e-02   1.0934000e-01  -3.7425273e-02  -1.9796349e-02  -1.0390335e-02   2.2740573e-01  -1.5577707e-01  -4.2914908e-02  -2.2921985e-01   2.1681934e-01   4.0501073e-01  -4.7225242e-02   2.8209906e-01   1.4602948e-01   4.7461970e-02   1.6678561e-02   3.6148510e-01  -4.1546486e-01  -2.6918135e-01   5.2146803e-01  -1.0428842e-01  -2.6004068e-01   6.8335486e-02
  -3.6202692e-01   4.4244685e-01  -2.7528247e-01  -1.5177282e-01   4.9294342e-01   4.4385209e-01   0.0000000e+00  -3.0604478e-01  -3.4931587e-01   6.0550945e-01  -3.8178920e-01   6.8377536e-01  -1.3426798e-01  -2.0156267e-01  -3.0762598e-01   1.1240978e-01  -5.4462132e-02  -3.5650877e-01  -2.1226944e-01   4.4892802e-01  -1.3238162e-01  -3.5762656e-01   3.6360222e-02  -3.1881017e-01  -1.7825877e-01  -4.0404086e-01   4.5233355e-01  -1.2311033e-01  -7.4545029e-02  -3.1569267e-01  -2.5331822e-01  -2.5042344e-01  -9.1504502e-02   6.8590519e-01   8.7184881e-02   5.0657490e-01   1.6710926e-01  -3.9912797e-01  -2.9478033e-01   4.3099370e-01  -1.5315511e-01  -1.6286669e-01   3.2645566e-01  -4.2981272e-01   1.9947288e-01  -5.7417502e-01   5.9543011e-02   2.5196465e-01  -1.4054939e-01   2.5213729e-03  -1.2151900e-01  -3.4271872e-01   3.5843523e-01  -1.5712987e-01  -4.9230425e-01  -2.9605643e-01  -9.5492576e-03  -1.5070348e-01  -4.6440715e-01  -1.0036512e-02  -5.5542180e-01   1.0085889e-01  -1.4431171e-01  -5.2910006e-01  -3.3514849e-02   3.5244133e-01   1.4599829e-01  -1.9955230e-01  -3.1154465e-01  -1.7424983e-01   2.6682445e-01  -1.1870722e-01  -5.5518675e-04  -2.6229539e-01  -1.3799954e-01  -2.2356182e-01  -5.3645386e-01  -2.1264381e-01   3.7911650e-01  -3.9885112e-01  -7.3081956e-02  -1.0067333e-02  -3.4953342e-02  -4.5276131e-01  -1.4713462e-01  -2.8454934e-01  -1.6142686e-02  -2.5272383e-01   1.7190714e-02  -7.8206488e-02   7.6825130e-02  -5.0099139e-01   4.8144926e-01  -2.9027783e-01  -4.9008809e-01   9.3957220e-02  -1.3815688e-03  -2.5261151e-01   4.7088067e-01   3.8299476e-01  -4.8716502e-02  -3.4499620e-01  -2.8035427e-01  -5.1014767e-01  -1.4671997e-01  -2.3562902e-01  -7.4049203e-02  -3.4814588e-01   2.2597808e-02   4.8827130e-01   4.0157186e-01  -6.4061782e-02  -1.3579420e-01  -4.2652875e-01   6.4973335e-02   2.2606479e-01  -4.2881254e-01   5.6677877e-02   1.2601792e-01  -2.3956504e-01  -5.5509787e-01   2.2142063e-01   6.8450532e-02  -6.1265140e-02  -4.6691131e-01  -1.3338412e-01   8.6007494e-02  -1.1710835e-01  -2.0332748e-01   2.5962972e-02   8.6390787e-02   4.1483973e-01  -2.4866929e-01   7.0305231e-02  -2.1276781e-01  -2.0018212e-01  -2.8906141e-01  -1.6895739e-01  -2.6497958e-01  -3.3085359e-01  -3.1434523e-01  -1.0492013e-01  -3.0886991e-01   4.5136502e-01  -1.4615660e-02  -2.9018829e-01   6.1476482e-01   2.1591418e-01   7.5061735e-01   1.9584132e-01  -2.3578617e-01  -1.9066208e-01  -3.9056957e-01   3.0004321e-01   2.9720242e-01  -3.0335143e-01  -5.1057445e-01  -4.0935716e-01  -3.7716959e-01  -1.5845673e-02  -3.5057896e-01  -3.5685925e-01   3.1977858e-01  -3.8966571e-01  -2.2453951e-01   5.6045630e-01   3.4823936e-01  -2.3723383e-01  -3.2770102e-01   3.4427611e-01   6.2428219e-01  -5.8835490e-01  -3.7240022e-01   2.1382069e-01  -1.0536963e-01  -1.2104810e-01  -3.2246511e-01
   1.5939563e-02  -1.5433368e-01   5.5012481e-02  -2.1011063e-01  -1.6697049e-01  -6.5342153e-02  -3.0604478e-01   0.0000000e+00   1.8271466e-01  -2.4254569e-01   1.9777064e-01  -2.8157617e-01   1.2983131e-01  -2.2009749e-01  -1.7595831e-02  -4.7838047e-02   8.3065683e-02  -4.4897363e-02   4.2055822e-01  -2.0573616e-01   2.0546278e-01   2.7757857e-01   1.9068088e-02  -1.3926336e-01  -1.5005953e-01   3.9757361e-01  -1.9273094e-01  -2.4729727e-01   3.8466524e-02   6.2316005e-02   1.2804747e-01   1.6912541e-01   1.0844035e-01  -1.7113981e-01  -2.8673966e-01  -3.1274727e-01  -4.6120236e-02  -1.7366831e-01   1.8713798e-01  -4.4913847e-02   2.9716254e-01  -1.3660631e-01   3.0300697e-02   2.0896218e-01  -4.3870601e-01   1.3894049e-01  -1.8629872e-01  -1.4666359e-01   1.3662817e-01   2.6416061e-01  -1.8217890e-01   6.3614483e-01   4.1275865e-02  -1.4312860e-01   1.9099650e-01  -1.5468457e-02   2.7205272e-01  -7.9923371e-02   1.9047483e-01  -1.2296184e-01   1.0828917e-01  -2.8190354e-01   6.6217604e-02   3.8177652e-01  -7.6608942e-02  -3.6811796e-01   1.4628881e-02  -1.0107763e-01   2.1461685e-01  -6.3070437e-03   2.2390291e-01  -1.9443283e-01   1.7561109e-01   7.2703203e-02  -8.7425811e-02   3.6367258e-01   8.7624689e-02   3.2588076e-01  -1.5644381e-01   1.9881770e-02  -8.8870194e-02  -9.7747563e-02   2.3001995e-01   2.6221674e-01  -2.6896611e-01   3.3545533e-01  -1.7576098e-01  -1.0308719e-01   2.8715567e-02  -2.1473116e-01   6.4139525e-02   2.1814864e-01   9.5988878e-02   1.8582326e-02  -1.2628350e-01   1.6086090e-01  -1.5160347e-01   3.8666393e-01  -7.5003826e-02  -4.2990308e-01  -1.1757634e-01   1.9571312e-01   6.8944479e-02   1.4142263e-02  -2.1956765e-03   1.0136789e-01  -1.1463017e-01   5.6298608e-01  -7.3548037e-03   3.6639752e-02  -4.1974052e-02  -1.5757847e-03  -9.8873294e-02  -1.5499784e-02  -4.0603637e-01   1.1188554e-01   3.7852511e-01   1.7373849e-01  -3.8748945e-01  -1.6324880e-01   1.0635426e-02  -1.8744678e-02  -2.4054966e-02   2.2479519e-02  -2.3977896e-03  -9.0275043e-02  -1.6798914e-01   2.0294309e-01  -1.2226381e-02  -3.3948635e-02   1.9383687e-01  -1.0469130e-01   6.4712822e-02   1.9219196e-01   1.3941270e-01   5.0283513e-01   6.3976528e-02  -9.9546206e-02   4.7408968e-01  -1.1555135e-01  -1.4193355e-01  -1.9195764e-01   2.9433523e-01  -4.4357832e-01  -2.5907649e-01   1.2162603e-01  -2.3530741e-01  -1.3611407e-01  -1.3119539e-01  -4.0383205e-02  -1.9325598e-01   7.8750366e-02  -5.8569583e-02   6.7385482e-02   1.2551079e-01  -9.9318987e-02  -5.3457725e-03   2.0188104e-01   1.7915436e-01  -1.2987817e-01  -4.0510705e-02   2.6751597e-01  -4.1426171e-02   2.4735283e-02   1.7986190e-01  -1.9968437e-01  -4.6838756e-02   2.0125937e-01  -1.9359378e-01   2.3289263e-01  -3.6329951e-01   2.3388409e-02  -9.8736905e-02   1.0700111e-01  -6.9707753e-02   9.0458334e-02   9.9294295e-02
  -1.3052728e-01   2.4678418e-01   3.6534170e-01   1.0644968e-01  -1.0674728e-01  -4.5009128e-01  -3.4931587e-01   1.8271466e-01   0.0000000e+00  -1.0696246e-01  -6.4234145e-02   4.1734716e-02  -1.2795035e-02  -1.1873177e-01  -1.8643440e-01  -3.5280800e-01   2.3067518e-01   2.9853383e-01   3.2264889e-01  -1.0207495e-01   2.5518752e-01   8.0041459e-02   2.0341898e-01  -3.1023059e-01   2.4491133e-01  -4.5467139e-02  -9.6885571e-02  -2.7913023e-01   3.2515806e-01   3.9766873e-01   3.7598237e-01  -2.0907723e-01   2.1338598e-01  -1.6054953e-02   4.6162844e-02  -1.6684822e-01   2.9470571e-01  -1.6514248e-01   2.8735423e-01   9.2510759e-02   2.0143537e-01   9.0221633e-02   3.9764759e-01  -8.2157432e-02   1.4350104e-01  -1.2382614e-02  -2.1551910e-01  -1.8025522e-01   5.3768887e-01   2.3087876e-01  -3.4904660e-01   1.3208678e-01   2.1718633e-01   1.0717492e-01   5.2329713e-01  -3.0874469e-01  -1.7802950e-01  -1.2665474e-01   3.8844771e-02  -2.4466993e-01   2.9278871e-01   3.4406650e-01   5.3494524e-01   5.7804518e-01   5.8452952e-01  -4.9191682e-01  -3.5653748e-01   3.7974839e-01  -1.8859799e-01   8.9544055e-02   3.0306478e-01  -1.4905839e-01   1.5397594e-01  -2.4726394e-01   1.7611721e-01   1.4000369e-01   7.5708839e-02  -5.6340541e-02   4.2379763e-02   3.4611099e-01  -2.4323760e-01  -3.5372699e-02   2.5859034e-01  -1.0028466e-01  -2.8700079e-01  -2.2646536e-02   4.8409053e-01  -2.2063782e-01   4.9608045e-01  -3.1628122e-01   3.3423991e-01   2.8981315e-01  -4.7317189e-02   7.1658222e-01   1.0092042e-01  -1.0814205e-02   1.2924203e-01   2.5485370e-01   1.0293199e-01  -3.3729163e-01  -1.6380295e-02  -3.3017925e-01  -1.7034408e-01   5.7020308e-01  -4.5999916e-01  -5.4619095e-02   1.5039002e-01   4.7250116e-02   5.9911469e-01  -1.3908379e-01  -9.9552766e-02  -3.6534929e-01   1.7493981e-01  -1.0518003e-01  -1.8948622e-01   2.6762952e-01   5.8321130e-02   3.2464067e-02  -1.6030135e-01   1.0131386e-01  -1.4695536e-01   1.8257554e-01   3.4837849e-01   3.3065698e-01  -2.1251438e-01  -2.4595437e-01   1.3654182e-02   2.4373840e-01   6.4906666e-03   1.3723421e-01  -5.9281656e-04   5.1891918e-02  -1.9604499e-01   4.2597049e-01   3.8706659e-01   2.1535585e-01   2.1029870e-01  -9.9970721e-02  -1.6008958e-01  -2.5540190e-01  -2.2564346e-01   1.8885746e-01  -3.3977159e-01  -1.9592857e-01   4.9095883e-02   7.1075973e-02  -1.0617725e-01  -1.9679787e-03  -4.8654604e-01   8.2524942e-02  -3.2294018e-01  -1.4095457e-01  -2.5623169e-01  -1.3364951e-02   2.3406272e-01  -3.0888074e-01  -1.4470007e-01   8.8462005e-02   2.4883369e-01  -3.8395273e-01   3.1643842e-01  -1.1693885e-01   1.3864088e-01  -1.3092165e-01  -4.6510935e-02   3.9158529e-02  -3.4393633e-01  -2.4314733e-01  -2.8469716e-02  -2.9827949e-02  -3.5908983e-01  -1.6109929e-02   4.9660223e-01  -7.3573093e-02   1.3798445e-01   2.1688323e-01   2.7847297e-01
  -4.0018436e-01   1.9571734e-01  -3.6782881e-02   1.4907883e-01   5.0678673e-01   1.5262448e-01   6.0550945e-01  -2.4254569e-01  -1.0696246e-01   0.0000000e+00  -3.2644485e-01   3.2162209e-01   2.3983635e-01  -3.7685008e-01  -4.4785064e-01   3.9676309e-02   1.8032413e-01  -5.9163416e-02  -4.2445912e-02   5.3698153e-01   4.0365922e-02  -1.0299386e-01   2.4396630e-01  -2.7675016e-01   7.1843935e-02  -3.4503380e-01   2.5135926e-01  -3.1546752e-01  -7.4407868e-02  -2.2300247e-01  -2.8484214e-01   6.1523096e-02  -1.6114313e-01   5.0104717e-01  -3.5178400e-02   6.2739172e-01   2.2988165e-01  -3.1120474e-01  -7.8970401e-02   3.3164945e-01   1.6975331e-02   7.6188687e-02   4.3158702e-01  -5.1456101e-01   2.7302490e-01  -5.0424481e-01   1.9362329e-01  -3.8479759e-02  -5.2298575e-02   4.7510289e-02   3.9765804e-02  -7.9890520e-02   2.1635197e-01   5.8592986e-02  -3.4530841e-01  -3.4472636e-01  -3.2723217e-01   6.0491519e-02  -3.0081785e-01  -2.4174170e-01  -2.9901195e-01   4.8211845e-01   1.0771784e-01  -4.6194570e-01   1.4094792e-02   2.5401424e-01   7.0800584e-02  -7.1935525e-02  -1.9549376e-01  -2.0967812e-01   2.4178651e-01   1.2348468e-01   5.0690580e-02  -2.1807049e-01   7.2905199e-02  -1.8493564e-01  -4.1329535e-01  -9.5010665e-02   3.4070227e-01  -2.4846615e-02  -2.4078654e-01   1.7764998e-01  -1.1852266e-01  -4.1243909e-01  -4.0267011e-01  -2.1628673e-01  -1.4089941e-02  -3.0113332e-01   7.5318391e-02  -2.2980760e-01   8.5740586e-02  -2.7644646e-01   3.7836097e-01  -2.5517114e-01  -3.9764060e-01   1.9253709e-01   2.5313888e-01   6.7552749e-02   4.1505375e-01   4.5686520e-01  -3.0644411e-01  -4.1098535e-01  -2.9832397e-01  -3.5016340e-01  -1.0799466e-01   1.6246817e-02   1.5892362e-01   1.3373975e-02   9.5317081e-02   3.5954449e-01   2.6311127e-01  -1.3825108e-01   6.7059957e-02  -4.2537980e-01  -1.1626375e-01   1.7488502e-01  -8.7302786e-02   1.4657596e-01  -6.0194785e-02   1.0138208e-01  -5.7293566e-01   2.2417246e-01   1.9713996e-01  -5.8973703e-02  -5.0585533e-01  -2.4433904e-01   1.6563782e-01   2.3470505e-01   1.7742907e-01  -2.9088458e-02  -9.0374194e-02   3.4975450e-01  -2.4356950e-01   1.0308349e-01   8.1331759e-02  -2.1647630e-01   1.7150280e-01  -3.5560480e-01  -3.1185525e-01  -3.9656418e-01  -3.2624801e-01   1.4962405e-01  -2.6508324e-01   1.7009797e-01  -1.1014250e-01  -2.8269411e-01   3.7091308e-01   2.4866219e-01   5.7363085e-01   2.4540131e-01  -3.9485277e-01  -3.4222263e-01  -4.1919731e-01   6.6187856e-02   1.9540736e-01  -3.1941389e-01  -5.4294220e-01  -1.9456929e-01  -1.3727175e-01  -8.0657819e-02  -1.6812312e-01  -5.1232093e-01   5.0082924e-01  -2.1965939e-01   6.2293989e-02   2.7324379e-01   1.7556486e-01  -3.8484942e-01  -2.4675085e-01   1.7923833e-01   3.8228088e-01  -4.6011946e-01  -5.3333395e-02  -8.5581908e-02   7.0488382e-02  -1.4808568e-02   4.6842171e-02
   2.9714950e-01  -4.3912788e-01   1.6265885e-01  -3.0857095e-02  -2.3810939e-01   1.3034465e-01  -3.8178920e-01   1.9777064e-01  -6.4234145e-02  -3.2644485e-01   0.0000000e+00  -4.1825749e-01   9.6073892e-02   4.8213550e-02   6.1928468e-01   1.1472816e-01   1.0107963e-01   5.1483097e-01   3.9160714e-02  -2.8665015e-01   1.1328887e-01   2.6119817e-01  -1.2838855e-01   2.1445359e-01  -7.4455307e-02   3.1499013e-01  -1.0518406e-01   1.2528717e-01  -8.9356683e-02   4.2330749e-01   9.8738681e-02   3.6045291e-01  -1.8010996e-01  -4.8099114e-01  -2.2269568e-01  -7.2193108e-02  -5.2496030e-01   3.8895746e-01   2.9361196e-01  -4.5213223e-01   2.8519416e-01  -8.6487939e-02  -5.8071819e-01   4.5739121e-01  -1.6811388e-02   5.4667238e-01   4.6511425e-01   7.2550911e-02  -3.4657496e-01  -2.1673168e-01   5.3136232e-01   1.2642076e-01  -4.3911239e-01  -1.0604037e-01  -3.1195776e-03   4.9671238e-01  -9.2433515e-02   2.1748606e-01   6.4855984e-01   2.1482359e-01   4.3587113e-01  -3.0002754e-01  -3.3144549e-01   2.8998565e-01  -9.0897464e-02   3.1854189e-01   3.2504966e-01  -4.7429441e-02   5.5524241e-01   2.2147013e-01  -4.4562107e-01   1.3510357e-01   1.6430492e-01   2.6073093e-01  -2.7055106e-01   1.6040244e-01   4.5966082e-01   9.4027668e-02  -3.0034017e-01  -9.7769658e-03   1.1404156e-01   1.1831842e-01   2.9972904e-02   2.5724688e-01   1.4378959e-01   3.2316835e-01  -3.6932706e-01  -2.7802971e-02  -1.5651878e-01   1.9726947e-01  -1.4541033e-01   3.6517079e-01  -4.0885529e-01   4.1342429e-02   2.7623818e-01  -1.9353147e-01  -1.7051864e-01  -1.7264499e-01  -2.2248052e-01  -1.3395455e-01   7.0766846e-02   4.6264160e-01   4.5026393e-01   1.5986690e-01   4.1699550e-01   2.6405408e-01  -2.4003733e-01   2.6482079e-01  -5.2199953e-01   1.9850749e-01  -2.1081152e-01   3.2334563e-01  -8.0148996e-02   2.9749201e-01  -1.1369036e-01  -3.9666160e-01   3.4126120e-01   1.3356684e-01   1.1223626e-01   7.1949369e-02   3.9773257e-01  -2.6357336e-01  -2.7729522e-01  -7.9592260e-03   4.3127608e-01   1.1959696e-01  -8.9878986e-02  -2.5924228e-01   1.3762133e-01   7.4201938e-03   4.0487707e-02  -1.0144164e-01   1.6303157e-01  -2.0439161e-01  -9.5111556e-02   1.5151824e-01  -1.3496205e-01   1.5991580e-01   4.6669042e-01   2.4865113e-01   1.2756925e-01  -1.8904438e-01   6.3377147e-01  -3.0094332e-01   1.6882570e-01   2.6703263e-01  -6.2678311e-01   3.7707335e-01  -1.1891872e-01  -3.4977988e-01   1.8200941e-01   2.2562116e-01   2.1223170e-01  -1.6752451e-02  -3.1650971e-01   3.0436525e-01   3.8255510e-01   5.5291008e-01   2.3153145e-01   2.3940357e-01   9.2198701e-02   6.6184250e-01  -3.4162029e-02   5.1331719e-01   1.6218645e-01  -4.2150023e-01   3.7525190e-01   1.7292117e-01   1.3947944e-01  -2.0439049e-01  -1.8901882e-01   1.7714970e-01   3.0610929e-01   5.7722013e-02  -1.6235239e-02  -2.1166586e-01   8.4486494e-02
  -2.5078508e-01   7.4037403e-01   7.2054453e-02  -1.4799823e-01   5.4303568e-01   3.0488447e-01   6.8377536e-01  -2.8157617e-01   4.1734716e-02   3.2162209e-01  -4.1825749e-01   0.0000000e+00  -2.7616157e-01  -1.2703877e-01  -3.5235049e-01  -1.2451703e-01   1.8362828e-01  -4.3015624e-01  -1.9051880e-01   5.6790573e-01  -3.0052935e-01  -5.3608203e-01  -2.0909682e-01  -3.7078964e-01   1.6303532e-02  -5.2622310e-01   4.8425117e-01  -7.8471718e-02   2.5002315e-01  -3.2863174e-01  -2.0255857e-01  -4.3241927e-01   1.2066651e-02   4.9321053e-01   9.1761629e-02   4.5919734e-01   1.3481667e-01  -3.7027613e-01  -3.2476668e-01   5.9697069e-01  -9.3846798e-02  -4.7756723e-02   5.5023757e-01  -4.6695885e-01   1.1156263e-01  -4.3306878e-01   8.1452597e-02  -1.0776104e-01   7.9917529e-02   3.0907507e-01  -3.9756156e-01  -3.7210688e-01   5.2153809e-01   1.0381593e-01  -2.6192650e-01  -4.2396340e-01  -2.4822816e-02  -2.4106076e-01  -5.1802421e-01  -1.2984425e-01  -3.4925077e-01   1.9162908e-01   2.0793131e-01  -2.8833350e-01   2.6797446e-01   1.4855646e-01   4.5472197e-02   8.7294729e-03  -3.6178376e-01   1.5010509e-01   4.7955612e-01  -2.1234944e-01  -5.8611565e-02  -3.7029244e-01   7.3839004e-02  -1.8958996e-01  -3.7335236e-01  -3.1862865e-01   4.7546148e-01  -2.0259900e-01  -1.7588543e-01  -2.3563592e-01   1.3106195e-01  -5.1732783e-01  -9.8828585e-03  -3.0989442e-01   1.9970945e-01  -2.2904864e-01   3.7230422e-01  -1.2377536e-01   4.0701561e-01  -2.7168223e-01   5.3903324e-01   1.3062541e-01  -2.9106473e-01   2.5230608e-01   1.7447522e-01  -2.4835263e-01   4.0254430e-01  -8.4788409e-02   1.0246102e-01  -4.5983631e-01  -5.1237309e-01  -2.6952244e-01  -3.2832106e-01  -4.1287875e-01   2.0555665e-01  -3.5646139e-01   3.3374472e-01   3.9197429e-01   7.1895139e-02  -3.1082776e-01  -5.0858497e-02  -2.7224716e-01   1.1975832e-01   3.7565848e-01  -5.5026447e-01  -2.9722009e-02   1.7455674e-01  -1.8026354e-01  -4.0846470e-01   5.5301215e-01   4.5892170e-01  -9.4851651e-02  -3.1988479e-01  -9.8302664e-02  -2.1396294e-01   2.9077948e-02  -3.0075626e-01   3.8537890e-01  -4.7999884e-02   1.3973565e-01  -2.6092182e-01   6.5950280e-02  -2.6125695e-02  -1.5318994e-01  -1.7429945e-01  -1.6917081e-01  -3.8386693e-01  -3.4502567e-01  -2.7203459e-01   4.6420602e-02  -5.1167742e-01   5.8906616e-01  -1.2804955e-01  -4.4376431e-01   6.5912894e-01   8.7835223e-02   5.3601131e-01  -9.4859946e-02  -1.0177498e-01  -3.5722903e-01  -2.7024081e-01   1.6470090e-01   6.3514416e-01  -3.8923106e-01  -3.8625501e-01  -4.1046909e-01  -1.2178349e-01  -3.6420786e-01  -1.3918647e-01  -3.5738685e-01   2.2785565e-01  -5.5848798e-01  -3.7467810e-01   6.0780523e-01   1.8403727e-01  -3.5088761e-01  -1.0947920e-01   3.8587552e-01   5.4600036e-01  -5.1290351e-01  -3.2624961e-01   3.0161314e-01  -4.2622627e-02  -4.2349262e-03  -3.5209208e-01
   4.9491116e-03  -3.2317744e-01  -7.3304140e-02   2.2453716e-01  -3.8075355e-02  -8.6122079e-02  -1.3426798e-01   1.2983131e-01  -1.2795035e-02   2.3983635e-01   9.6073892e-02  -2.7616157e-01   0.0000000e+00   1.3818313e-02  -1.7587155e-02   8.7307872e-02   2.9664726e-02   2.7081348e-01   5.9766821e-02   3.7965432e-02   1.1129190e-01   3.6343635e-01   1.2311556e-01  -7.7200904e-02   2.1004095e-01   9.4234146e-02  -1.6911626e-01  -1.7355601e-01  -6.5154947e-02   1.2069953e-01  -1.5270956e-01   2.5406817e-01   2.8204663e-02  -1.9983813e-01   8.2219693e-02   9.6045149e-02  -1.6804001e-02  -1.7412931e-01   3.1565922e-01  -2.0160534e-01   5.4930768e-01   2.5296775e-01  -3.0373694e-02   6.5567533e-02  -1.1095849e-02   2.5359317e-02   1.9045651e-01   2.1445356e-04  -9.3404414e-02  -1.5416465e-01   2.2259859e-01   2.8638488e-01  -2.5923560e-01   1.0016928e-01   4.0316176e-02   8.4971934e-02  -1.2440666e-01   3.3578021e-01   3.7952519e-01   1.1096599e-01   1.2497129e-01   2.1736154e-01   3.4203137e-02  -5.5864863e-02  -2.4000663e-01   6.0621003e-02  -1.1899085e-02   6.1488121e-02   2.4339021e-01  -2.5391912e-01  -1.4461319e-01   2.3491506e-01   2.4951066e-01   4.9776449e-02   8.7797990e-02   6.8058829e-02  -8.1065387e-02   1.9039023e-01  -5.7500915e-02   4.3755215e-01  -3.8507040e-02   4.2192531e-01  -7.6641479e-02   7.7592519e-02  -1.1405357e-01   1.0627856e-01  -3.3341628e-02  -9.7085983e-02  -1.8610631e-01  -1.4774094e-01  -2.1985802e-01   4.6423078e-02  -1.4240480e-01  -7.0946734e-02  -1.0361123e-01   7.8014608e-02   2.5075327e-01   1.5753263e-01   3.7818168e-02   2.6728667e-01  -1.3545686e-01   1.0228909e-01   3.0763717e-01   1.4902569e-01   1.5615399e-01   2.8684428e-01   1.0836835e-01   1.8316283e-01  -1.3206549e-01  -7.1045497e-02   1.3018700e-02   1.9491512e-01  -5.7340450e-03   3.5787098e-02  -1.7581722e-01  -1.8700375e-01   3.1016377e-01   5.5593419e-01  -1.2944053e-01   2.7391248e-01  -7.3588736e-02  -9.7206071e-02   2.3040534e-03  -8.6054484e-02  -8.8205828e-02   9.0865632e-02   1.1502504e-01   1.8362952e-01   2.6336838e-01  -2.1731622e-01   1.6898106e-01  -2.6889865e-02   1.6875811e-01  -8.9243574e-02   2.1401144e-01   9.6265012e-02   4.1842240e-01  -9.2650117e-02   2.1940726e-01  -4.3219640e-02  -1.8208739e-02   1.5276007e-01   1.8430397e-01  -3.1591732e-01  -2.3998479e-02   1.9860956e-01  -2.1725743e-01  -3.7814046e-02  -1.8845635e-02   9.1430799e-02  -1.2331183e-01   4.3432231e-02  -1.2645320e-01  -2.0763296e-01  -2.5426425e-01  -1.4222813e-01  -5.4373404e-02   4.8501454e-01   9.8175733e-02   2.6003862e-01  -1.0757027e-01  -3.2218706e-02   5.7053397e-02   2.5356212e-01   2.8782729e-01  -3.6581958e-01  -1.5426698e-02  -1.1063327e-02   6.2841867e-02  -1.0857932e-01  -9.5639290e-02  -1.6514336e-01   1.8065826e-01  -1.7638023e-01   2.5930082e-01  -8.3114637e-02   3.1307291e-01
   5.1912868e-01  -2.3831271e-01  -3.4574723e-01   1.6806370e-01  -5.1663651e-01  -9.0387777e-03  -2.0156267e-01  -2.2009749e-01  -1.1873177e-01  -3.7685008e-01   4.8213550e-02  -1.2703877e-01   1.3818313e-02   0.0000000e+00   4.7817603e-01   8.9636024e-02  -5.3754386e-01   1.3536689e-01  -1.6096455e-01  -3.6529174e-01  -1.3606657e-01   8.1270133e-03   2.9614766e-02   5.8740529e-01   1.4653229e-01   1.0507908e-01  -3.6970043e-01   8.1486056e-01   7.2894066e-02  -4.1873940e-03   2.0023589e-01  -5.1787973e-02   1.8920469e-01  -3.3278593e-01   6.6719338e-01  -4.9022426e-01  -2.2457572e-01   3.2283761e-01  -1.6061921e-01  -5.7649940e-01  -1.9115018e-01   1.8493183e-01  -4.8435609e-01   6.0155358e-01  -1.7762450e-02   1.4734238e-01  -2.6411724e-01   3.9936299e-01  -2.0976367e-01  -5.8857969e-01   1.1241061e-01   7.4706865e-02  -4.8341235e-01   3.0349535e-01   4.8407726e-01   6.6224624e-01   3.4585670e-01   1.7345406e-01   9.6849740e-02   4.3442555e-01  -7.3323006e-03  -5.6338800e-02  -2.0048060e-01  -1.1019948e-02  -2.3743173e-01   2.4000936e-01  -6.8297669e-02   1.8831332e-01  -9.0681366e-02  -5.7413202e-02  -5.5781959e-01   1.6184942e-01  -2.7878856e-01   4.7751475e-01  -7.3693057e-02  -1.5053570e-01   1.8900068e-02  -1.0881633e-01  -4.7580248e-01   1.7222030e-01   7.6672310e-01  -1.9058187e-01  -8.1248622e-02   5.7612052e-01   8.0912624e-01  -1.3381199e-01   4.8454718e-02   7.7166039e-01  -1.6553264e-01   5.0947227e-01  -6.0347146e-01  -8.6147607e-02  -4.6471638e-01   1.8381711e-02   2.5915536e-01  -3.3948479e-01   8.7824474e-02  -1.0720879e-01  -3.3776368e-01   9.6762095e-02   6.8639514e-01   4.0362653e-01   4.8836681e-01   3.2549735e-01   1.9099145e-01   4.8771037e-02   1.3789910e-01  -3.1481079e-01  -1.7725133e-01  -4.1151635e-01   7.2937906e-02   2.1629041e-01   4.0964367e-02   4.5069600e-01   7.5165513e-01  -6.2185260e-01  -1.0415046e-01  -1.7937632e-01   6.3303184e-01   2.0498594e-01   5.2175371e-01  -4.4174443e-01  -3.6385827e-01  -2.1283608e-01   4.0130105e-01   7.2771349e-01   7.8205619e-02  -1.9352226e-01  -2.2276240e-02  -2.0023173e-01  -1.8251246e-01  -4.1035857e-01   5.8535439e-01  -3.2719174e-01  -1.0720841e-01  -1.4899069e-01   7.0387961e-02   7.9381678e-01   9.1204442e-02   5.0696498e-01   6.8788849e-01   1.3310969e-01   3.2435370e-02   1.9062968e-01   5.0812349e-01   3.4617999e-01  -7.3357129e-02  -2.7742087e-01  -2.5292449e-01  -2.4452418e-01   7.5440999e-01   6.8293752e-01   5.6817311e-01  -2.8942786e-01  -5.3519951e-01   4.6373954e-01   4.5155797e-01   1.0823270e-01  -1.3437972e-01   6.5993267e-01   2.0366375e-01   2.6862797e-01  -2.8794521e-01   2.0905591e-01  -8.2930743e-02  -3.5383774e-01  -8.7449017e-02   2.9014126e-01   6.0277267e-01  -5.8239369e-01  -1.6613096e-01   2.8091116e-01   9.5336304e-02  -3.0814611e-01  -7.0894137e-02  -5.3010059e-02  -2.0147187e-02
