   0.0000000e+00  -1.2238049e-01  -1.8597433e-01  -2.5320570e-01  -1.9667986e-01  -2.8955401e-01  -1.8786662e-01   5.5162452e-02  -5.9440489e-02  -1.8707266e-01   1.1058929e-01  -3.3657433e-01  -1.3417637e-02   2.7261315e-01   2.0753497e-01  -6.3783810e-02  -2.1179816e-01   1.7123787e-02  -6.3788000e-02  -2.4753081e-01   6.9093548e-02  -1.0694500e-01  -3.6064060e-02   7.1834660e-01   9.4359569e-02  -1.9836853e-01  -1.9759404e-01   4.6826565e-01   1.2861772e-01   7.0968741e-02   1.0761473e-01  -1.3554928e-01   3.0695140e-02  -1.6422102e-01   2.2151507e-01  -1.5514647e-01  -6.1436540e-02   2.5713408e-01  -8.4708583e-02  -2.1169684e-01  -2.1602292e-01  -8.8926973e-03  -2.3201256e-01   8.8172061e-02   3.7620846e-03   2.6383229e-01  -9.0843361e-02   3.1484309e-02   1.4482699e-01  -2.2791171e-01  -4.1667456e-02  -3.6497286e-03  -2.3490685e-02   2.9367716e-02   3.0654121e-01   1.1603312e-01  -1.8071486e-01   5.2262904e-02  -3.3597255e-01  -9.4138041e-02  -3.7214968e-02  -2.8263301e-02  -5.8043296e-02   1.5306754e-01   2.1106195e-01  -5.4614769e-02  -3.5603216e-01   1.4808580e-02  -1.3679148e-01   6.8020989e-02   2.4163385e-02  -1.2689016e-01  -9.7839386e-02   6.5027178e-01  -1.4770176e-01  -1.0852303e-01   1.3719575e-01  -9.6974733e-02  -2.5811004e-01  -3.5352500e-01   2.6177593e-01  -1.8254164e-01  -4.0386224e-02  -7.7161523e-02   7.0886933e-01   8.0642681e-02   1.7054878e-01   4.9980197e-01  -1.9271528e-01   7.7671697e-01  -1.2245317e-01  -1.3875313e-01  -3.4450583e-01  -4.2290028e-02   1.5531778e-01  -2.0773164e-01  -2.8590042e-01  -2.2731007e-01  -1.7346060e-01   2.8173283e-03   6.8622316e-01  -4.2878419e-03   2.6068126e-01  -6.4574868e-02   6.0955500e-02  -1.3897485e-01   8.7256290e-02  -3.3571688e-01  -1.3308894e-01  -3.3033413e-01  -3.2550796e-01  -1.3392233e-01  -2.6302123e-01   5.9442861e-01   5.9503694e-01  -5.1514221e-02  -1.9547848e-01  -1.9809938e-01  -1.7851974e-03  -2.1633815e-01   4.8519873e-01  -1.7044247e-01  -1.4274078e-01   1.2024215e-01   3.4988188e-01   2.1650213e-01   4.7326136e-02  -1.0876952e-01  -2.1805233e-02   4.0630550e-04  -2.0394101e-01  -4.7688493e-02   2.7972189e-01  -4.1191577e-02  -4.4204770e-02   1.0667468e-01  -2.5071650e-01   4.0982614e-01   2.9105158e-01   2.7162009e-01   5.8331278e-01  -1.3441438e-02  -5.3269369e-02  -3.0978797e-01   2.6995338e-01   8.0819373e-02  -1.2635672e-01  -1.2201546e-01  -2.4044141e-01   3.7920744e-02   7.4664627e-01   2.4852642e-01   4.3359318e-01  -7.8407587e-02  -2.6130656e-01   5.5555110e-01   1.2970198e-01  -3.1096229e-01  -1.9543257e-01   7.7661611e-02  -8.0194266e-02  -7.3115592e-02  -4.8285425e-02   4.4523790e-03  -1.5837787e-01  -8.1991930e-02  -2.3377747e-01   2.3914600e-01   4.1887545e-01  -2.0840626e-01  -1.4123548e-01   4.7013119e-02  -8.1291388e-02  -3.2580498e-01  -1.1061750e-01  -1.8399986e-01  -2.3903152e-01
  -1.2238049e-01   0.0000000e+00  -1.9520431e-01  -1.5419228e-01   5.2118365e-01  -2.9332994e-01  -1.4386849e-02   2.5424237e-01  -2.7467362e-02   1.0733147e-01  -3.4512441e-01   5.9216858e-01  -1.2779422e-01  -1.5733003e-01  -4.3262547e-01   9.3453102e-02   5.6305651e-02  -2.5190594e-01   1.7645337e-01   3.9295100e-01  -4.5767157e-01  -5.1145920e-01  -4.8337532e-01  -1.4252627e-01   1.0544678e-01  -7.8712324e-02   1.3485029e-01  -2.5085783e-01  -1.1454656e-01  -1.7392758e-01  -5.2054135e-02   8.5535166e-02   2.8733484e-01   3.0380162e-02  -4.3899318e-01   2.9207642e-01   4.9464733e-01  -3.6460060e-01   2.8030025e-01   3.5255859e-01   1.6916099e-01  -2.7640442e-03  -3.7967500e-02   1.2166547e-01  -1.4514833e-01  -2.5991587e-01  -1.5052255e-01   3.2199704e-01   1.5058568e-01   3.9078023e-01  -4.5337038e-01   9.4271599e-02   5.1353904e-01   1.7297250e-02  -2.0939934e-01  -3.5006570e-01  -2.4448300e-01  -4.0715484e-01  -1.1873963e-01  -1.3074607e-02  -2.4446065e-01  -2.2332587e-02  -3.4682156e-02   1.3164236e-01  -5.2614679e-02  -2.7484025e-01  -2.3438158e-01   1.5387883e-01  -2.8498788e-01  -3.5558949e-01   6.7486641e-01  -2.9971774e-01   3.8439554e-01  -2.1798116e-01   8.2686700e-02   1.2450450e-01  -3.3588576e-01  -1.0105790e-01   5.4206013e-01  -9.6600830e-02  -4.8974726e-01   1.6341421e-01   5.0259251e-01   1.3125435e-01  -1.7427003e-01   5.6574266e-02   6.4769889e-02  -1.1692682e-01   4.0878506e-01  -1.5867151e-02   5.5293102e-01  -2.0810224e-01   4.8060921e-01  -2.8577562e-01  -2.0612921e-01   2.2564963e-01  -2.9489597e-01   1.7972269e-01   2.8817442e-01  -2.8187645e-01  -2.1047145e-01  -5.0894003e-01  -2.5948834e-01   5.0941703e-01  -4.1960579e-01   9.5891395e-02  -5.9201109e-02   4.0430269e-02   3.6613676e-01   1.9756088e-01   3.1494209e-01  -4.0280146e-01  -3.8877542e-02  -1.6030562e-01  -3.2912082e-01   5.9482981e-01   1.0310371e-01   1.2887130e-01  -3.1982859e-02  -1.8210597e-01  -3.5588078e-01   3.1578390e-01   3.7484377e-01  -5.9005787e-02  -4.9836463e-02  -2.5203299e-01  -1.6790927e-01   2.5578788e-01  -5.5794487e-02   1.1045121e-01   2.3973913e-01  -7.4265865e-02   7.5430198e-02   1.6850572e-01  -1.0850293e-01   7.7589842e-02   6.7243754e-02  -1.6472443e-01  -1.2536127e-01  -4.2770008e-01   6.6184307e-03  -2.2205371e-01  -3.6068559e-01  -1.2871539e-02  -3.9608561e-01  -1.3277482e-01   2.0422302e-01   2.8396271e-01  -2.9763264e-01   2.8846220e-02  -2.0793590e-01  -1.2444262e-01  -2.6611060e-01   4.7123705e-01   5.5328301e-01  -2.6318360e-01  -3.7661613e-01  -2.0537859e-01  -1.4549431e-01  -3.9419567e-01   6.9924725e-02  -3.2582183e-01   2.1292476e-01  -5.1232414e-01  -2.5599060e-01   2.3676427e-01   6.1050384e-02  -6.5882124e-02  -4.2722470e-01   8.8238208e-01   2.5557132e-01  -2.3474653e-01   3.1170852e-02  -3.3552204e-01   1.7566193e-02  -1.6696547e-01  -1.6747009e-01
  -1.8597433e-01  -1.9520431e-01   0.0000000e+00   1.5879202e-03  -9.4642048e-02   3.2560049e-01  -2.5667940e-01  -2.6481678e-01  -1.2095735e-01   2.2369163e-02   3.5448428e-01   4.2710014e-02  -5.4238407e-02  -2.7006190e-01   1.3038956e-01   1.5250553e-01   7.3707721e-01   1.6782284e-01  -1.8730153e-01   5.1308755e-02  -1.0121222e-01   1.6109148e-01  -1.1539699e-01  -2.5038658e-01   1.1192615e-01  -9.3448957e-02   6.3295695e-02  -2.1643120e-02   6.8656267e-02   1.9261422e-01  -1.6861273e-01  -7.9122131e-02  -1.2576459e-02  -2.2873046e-01  -1.5658793e-01   6.7079053e-02  -1.0433821e-01   1.7971733e-01   1.6706830e-01   3.8132192e-02  -5.9852618e-02   1.4659689e-01   6.6651424e-02  -6.6350773e-02  -8.5783334e-02   3.8464705e-01   2.8448102e-01  -3.2426541e-01  -1.6133434e-01   2.4344641e-01   3.9271229e-01  -2.8661754e-01  -3.8543985e-01   4.8020654e-03  -1.1927314e-02   2.6041804e-01   2.0623502e-01   3.1547675e-01   6.2879960e-02   1.5410122e-01   7.0005837e-01   2.1829066e-02  -8.4556971e-03   3.4374262e-02  -2.2259941e-01   8.7400281e-02   2.2792749e-01  -7.9770275e-03   3.7414767e-01   5.8607478e-01  -1.9362603e-01   2.9612232e-01  -1.1167057e-01  -1.6776434e-01   9.7056626e-02  -3.1796531e-01   5.1669706e-01  -1.8566873e-01   7.1768530e-03   1.8789676e-01  -1.4947728e-01   1.6110948e-01  -1.6684016e-01  -3.1844924e-01   1.1320787e-01  -3.1962800e-01  -1.1143716e-01  -3.0226878e-01   2.6336542e-01  -2.9340887e-01  -1.0235479e-01   7.4738025e-01   9.7955345e-02   1.6722175e-01   4.0176940e-01   7.9084524e-02   2.1715453e-01  -1.6764508e-01   9.6715767e-02  -3.6479137e-01   6.5189091e-02   2.4882386e-01  -3.0129773e-01  -9.7888747e-02   2.0493378e-01  -1.6664028e-01   7.6743312e-02   2.2385150e-02  -4.7706268e-02  -9.4897781e-04   4.3905664e-02   2.5677366e-01   1.2394887e-01  -9.0170884e-02   1.2788925e-01  -2.1756604e-01  -6.9107844e-02  -2.1627976e-02   1.9192617e-01   1.6043308e-01   1.9567663e-01  -1.6555045e-03   1.6198672e-01  -6.0017448e-02   3.8103656e-02   5.4373362e-02   5.0630102e-03   7.7708309e-03  -1.5712433e-01   5.5303041e-01   4.5692033e-02  -2.1109907e-01  -1.2451863e-01  -1.6482631e-01   2.1581933e-01  -3.8632514e-01   1.0771194e-01  -6.8242855e-02  -2.4829921e-01   2.2382911e-01  -2.0328087e-01  -1.0321148e-01   3.4687529e-01   4.8098949e-01   1.3807676e-01  -1.3952116e-01  -4.8094978e-02   7.5772990e-03   2.6050408e-01  -2.6832896e-01   1.5492558e-03  -2.7766192e-01   1.6928009e-01   9.4014285e-03   2.4621187e-01  -1.0314785e-01   2.2555864e-01   1.8578593e-02   5.9255466e-01  -2.7560813e-01   1.1457824e-01   2.5778688e-01  -1.1005051e-01   2.9665234e-01   3.9314112e-01  -3.2591118e-01   1.1648580e-01  -1.4477077e-01   4.7880134e-02  -1.4776072e-01  -7.1416584e-02  -3.5594887e-03   1.5006585e-01   2.0904769e-01   1.3260229e-01   9.6572858e-02  -6.6165989e-03
  -2.5320570e-01  -1.5419228e-01   1.5879202e-03   0.0000000e+00  -8.8153200e-02   1.5390493e-01  -2.3669702e-01   1.8315642e-01   9.8794737e-02  -8.8982215e-02   6.3162453e-02  -1.8526759e-01   1.3944991e-01   1.7412426e-01  -2.0265308e-01   7.7534503e-02   6.7125076e-02   6.9592314e-02   1.7248908e-01   1.4767980e-02   8.3777554e-02   3.8590776e-01   4.2269241e-02  -1.4125263e-01   3.8285574e-02   3.0399907e-01  -1.5318878e-01  -1.6166635e-02   1.1361376e-01  -8.8401223e-02  -7.3975492e-02   5.2001469e-01   1.6969349e-01  -2.4635333e-01   3.1452896e-02  -7.3409494e-02  -2.6338670e-01   5.8214055e-02   1.9897519e-01  -1.4212518e-01   2.0730792e-01   1.1478278e-01  -1.9711743e-01   4.5641272e-02  -3.6549684e-02  -8.5024323e-02   1.3760077e-01  -3.8709061e-01  -1.1945143e-01   1.2110465e-02   1.2727279e-01   1.0236842e-01  -3.0039679e-01   2.5915941e-01   1.1518526e-01   1.3357544e-01   4.4449214e-01   2.2627167e-01   5.6800417e-01  -1.8668978e-01   1.2121628e-01  -2.3985212e-02   2.5969637e-01  -1.0737618e-01  -9.2514967e-02  -1.1907494e-01   3.7162795e-01   1.3779269e-02   3.4146414e-01  -1.0638697e-01  -2.3940160e-01   3.1040272e-01   1.1417781e-02  -7.9142878e-02   2.1115343e-01   1.9130634e-01   7.2312210e-02   2.6056642e-01  -4.3808190e-02   5.5545340e-01  -1.3687542e-01   8.6941080e-02  -2.3551138e-01   2.5929081e-01  -6.8810173e-02   1.6403877e-01  -4.9358139e-03  -1.1202241e-02  -5.2443621e-02  -1.8663251e-01  -1.1962460e-01   1.8240510e-01  -1.9916102e-01   9.7640965e-02   1.3928887e-02   5.2365474e-02   5.4483205e-01   2.5489783e-01  -6.4372456e-02  -1.0142397e-01  -1.5669450e-01   7.5618105e-02  -2.8531060e-03  -9.3452281e-02   4.0474502e-01   5.0710026e-01   2.1538870e-01   3.7066957e-01  -1.3570903e-01   4.5348323e-02  -2.7924277e-01   5.8306333e-02   4.4164148e-01  -1.3006162e-01  -2.0140048e-01  -1.6672461e-01   2.8392608e-01   1.6574330e-01   1.4189133e-02   7.1554540e-01   5.3652950e-02  -6.2066752e-02   1.1590697e-01  -2.6537569e-02  -5.4186280e-02   2.2336232e-01  -1.1787447e-01   3.0737815e-01   5.8120188e-01  -1.1081908e-01   2.6072389e-01  -1.5396913e-01   1.0849836e-01  -1.6073747e-01   2.5772565e-01   1.0629158e-01   3.2315490e-01  -1.7768341e-01   2.1255584e-02   1.6996910e-01  -1.4309982e-02   2.1073256e-01   2.5233584e-01  -1.9748524e-02  -1.3645546e-01   1.2087404e-01  -2.8360452e-01  -1.6849427e-01  -9.0985242e-02  -1.4289935e-01  -1.5087484e-01  -1.3155739e-02   9.8511130e-02  -5.9215184e-02  -1.0252281e-01  -2.8307680e-02   1.1255306e-01   5.3382641e-01   6.9426936e-02  -1.6498539e-01  -3.7549362e-02   2.4436128e-01   5.4496648e-02   4.2818825e-01   4.1803330e-01  -8.5072305e-02  -5.5024377e-02  -1.0281639e-02   2.5616623e-01  -9.5872809e-02  -8.8234573e-02   1.3415795e-02   9.1340015e-02   3.4851743e-01   3.3636169e-01   2.9465309e-01   5.4030501e-01
  -1.9667986e-01   5.2118365e-01  -9.4642048e-02  -8.8153200e-02   0.0000000e+00   1.2181344e-01  -1.8109326e-01   1.1683885e-01  -3.1632017e-01   4.2936799e-01  -3.6653578e-01   4.9650189e-01   3.3214915e-01  -2.7892627e-01  -4.4144293e-01   2.7670796e-02   1.6577386e-01  -4.0055736e-01  -1.0684228e-02   8.5976852e-01  -5.0488682e-01  -4.9100246e-01  -3.8261393e-01  -3.9577934e-01  -1.0581471e-01  -7.0772879e-02   5.0659319e-01  -3.1401501e-01   7.2961671e-03  -2.4287367e-01  -3.8207528e-01  -1.3694539e-01   1.0879822e-01  -6.6350251e-02  -2.6964330e-01   6.4832083e-01   3.4847082e-01  -2.6933350e-01   1.0962700e-01   6.0492429e-01   4.9744038e-01   8.7956768e-02   1.7908010e-01  -1.9625249e-01  -2.8122196e-02  -2.2247286e-01   2.2727698e-01   2.7646493e-02  -4.7584259e-02   6.3709884e-01  -5.1855990e-01   1.1588747e-01   1.3735221e-01  -3.0768837e-02  -2.9102762e-01  -2.9887966e-01  -2.3124523e-01  -4.5888474e-01  -1.0855756e-01   1.7774090e-01  -1.5119595e-01   1.6788409e-01  -1.6559931e-01  -3.0882467e-01  -4.7546546e-01   2.0489108e-01   8.3085183e-02   1.8739092e-01  -2.3396405e-01  -1.4578381e-01   2.8901627e-01  -2.9366218e-01   3.7677444e-01  -2.9458941e-01   6.0907651e-02  -4.5910242e-02  -2.9126930e-01  -1.6531838e-01   7.8244109e-01  -1.3001114e-02  -4.9317376e-01   2.5117869e-01   6.5250330e-02   1.7736187e-02  -3.7690980e-01  -1.3627384e-01  -3.7377265e-01  -3.6961194e-01   3.6395920e-01  -1.3907593e-01   7.0939680e-01  -5.1033501e-02   6.2799679e-01   3.7440326e-02  -1.5283257e-01   6.9158982e-01  -1.5045421e-02   5.1653135e-02   5.6894797e-01  -6.2212313e-03  -3.1968986e-01  -3.0655528e-01  -3.7412861e-01   8.5832680e-02  -4.7094361e-01  -3.9030560e-02   9.5873544e-02   9.3214941e-02   3.0079926e-01   4.0565418e-01   2.5545933e-01  -2.1090745e-01  -2.0468484e-01  -1.1993387e-01  -4.2472946e-01   6.6726295e-01   6.5783775e-02   5.1133792e-01  -4.5100588e-02  -2.4253154e-01  -3.5938074e-01   7.0246592e-01   4.7937838e-01  -3.9428522e-01  -4.2746111e-02  -1.6577658e-01   7.0259098e-02   1.2481593e-01  -1.1693537e-01   2.3117747e-01   4.5294771e-01   1.2055745e-01  -8.5832151e-02  -2.4866654e-01  -1.7903792e-01  -4.0068166e-02   1.9699527e-01  -3.3824722e-01  -2.0347159e-01  -3.4977499e-01  -5.8332088e-02   1.4906953e-01  -3.7450667e-01   8.2196318e-02  -3.8304498e-01  -3.6361894e-01   7.9201003e-02   4.4479585e-01   7.5566688e-02  -2.3632093e-01  -3.3304030e-01  -2.6265995e-01  -3.7730261e-01   2.0817836e-01   7.1695321e-01  -3.5690414e-01  -3.3208220e-01  -5.2415385e-02   1.6728445e-01  -3.8671580e-01  -1.9331587e-02  -3.7496492e-01   3.4807671e-01  -5.2187641e-01  -3.2321391e-01   5.0731843e-01   3.0663630e-01  -1.4255697e-01  -2.9029042e-01   6.0482044e-01   6.2078802e-01  -8.6598106e-02  -3.8902863e-02  -2.8484604e-02  -1.8003500e-01  -7.6395684e-03  -1.9563765e-01
  -2.8955401e-01  -2.9332994e-01   3.2560049e-01   1.5390493e-01   1.2181344e-01   0.0000000e+00  -2.8013141e-01  -2.3143262e-01  -4.8189199e-01   1.9483325e-01  -4.9056184e-02   6.8645284e-02   2.9307745e-01  -3.6822195e-01   1.0198794e-01   3.7500841e-01   2.8750234e-01  -2.6286717e-01  -1.5086068e-01   2.7647590e-01  -6.1930317e-02   9.5925607e-02   5.1822800e-02  -3.3586919e-01   3.5189184e-02   4.8374239e-02   4.9331785e-01  -1.3823287e-01  -1.1258373e-01   6.7751294e-02  -6.0554687e-01   3.9855746e-02  -6.3126492e-03  -1.2617404e-01   2.5833905e-01   2.6440301e-01  -2.8968806e-01   1.7418058e-01   4.1995546e-02   1.8128920e-01   1.4590554e-01   3.1519394e-01   2.3273800e-01  -5.2761719e-01   2.4318352e-01   1.8807012e-01   4.4743401e-01  -5.9532658e-01  -1.0230764e-01   2.6892296e-01   2.9584828e-01  -2.3105163e-01  -6.2013558e-01  -1.7049618e-02  -2.6013820e-01   9.6748062e-02   4.0073870e-01   3.8292081e-01   1.8204066e-01   3.6977350e-01   2.1620484e-01   2.3500206e-01  -1.5812122e-01  -5.6669911e-01  -5.2989582e-01   4.6862745e-01   7.6191315e-01  -1.3529720e-02   4.3166722e-01   3.6480838e-01  -5.4119730e-01   3.6475050e-01   3.4923610e-03  -3.8059620e-02   1.2623383e-01  -1.9894959e-01   2.2617939e-01  -1.5693330e-01   1.7329451e-01   3.0542965e-01  -1.4291309e-01   2.9132533e-01  -6.1152246e-01  -2.5831658e-01  -2.5784318e-01  -2.1208446e-01  -3.3464179e-01  -4.6535661e-01   3.7876114e-02  -1.3715377e-01   1.1447484e-01   2.1203898e-01   2.0045192e-01   3.3253108e-01   1.6975972e-01   3.0365138e-01   4.3415695e-01  -1.5947838e-01   1.8323373e-01   2.6669391e-01  -3.2865353e-01   4.7974983e-01  -4.0309272e-01  -4.0427921e-01   2.6181520e-01  -5.2495455e-02   6.1563390e-02   3.2728498e-01  -5.0927858e-02   1.7785825e-01  -1.6346921e-02   6.2995639e-01   2.7905935e-01   4.6996609e-02  -1.7782847e-01  -1.4270816e-01  -1.0092264e-01   2.8110598e-01  -1.9447992e-01   2.3357519e-01  -5.7762944e-02   2.8718944e-01   2.4049981e-02  -4.9429670e-01   9.5511885e-02   2.9815361e-01   4.4126376e-01  -3.3650641e-02  -1.8311261e-01   1.7783028e-01   2.3851059e-01  -1.4920783e-01  -3.0903502e-02  -6.4257470e-01   1.0017029e-01  -2.0833934e-01   3.4294152e-01  -5.1141039e-01  -7.5439089e-02  -1.2933560e-02  -3.1828204e-01   1.9283114e-01   2.2275611e-01   1.3725554e-01   1.5123297e-02  -4.8016701e-01  -2.6285967e-01   1.2512686e-01   6.9398289e-01  -4.9098850e-01  -1.0330527e-01  -5.3098800e-01  -8.9511759e-02  -2.4440495e-01   2.1772719e-01  -3.3177575e-02  -1.8531169e-01   2.5293472e-01   1.9729112e-01  -5.0936202e-02   1.8278962e-01  -9.7151373e-02  -9.6530116e-02   6.5076757e-02   3.8011637e-01   1.6372556e-01   4.1867050e-01  -1.9127891e-01  -1.3360073e-01  -2.3939067e-01   3.7212293e-01  -1.1380759e-01   7.2787010e-03   5.6813332e-01   3.5226295e-02   2.7291568e-02   1.7897049e-01
  -1.8786662e-01  -1.4386849e-02  -2.5667940e-01  -2.3669702e-01  -1.8109326e-01  -2.8013141e-01   0.0000000e+00  -1.1489617e-01   2.0821280e-01  -5.1569260e-02  -3.1459636e-01   3.1369682e-01   4.1829142e-02   4.4750658e-02   1.9132342e-01  -1.3854419e-01  -3.7617756e-01   2.8413114e-02  -4.0557348e-02  -2.0779176e-01   2.1748535e-01  -7.8442149e-02   3.9583351e-01   1.9847447e-02   3.0720237e-02  -1.5612475e-01  -1.5081648e-01  -1.5799357e-01  -3.2506905e-02  -7.1522255e-02   2.8405828e-01  -2.4278575e-01  -1.7754746e-01   7.1420360e-01   1.1679672e-01  -2.4717139e-01   8.0248060e-02  -5.4196493e-02  -2.1249518e-01  -3.0694266e-02  -2.0573594e-01  -1.3071355e-01   1.4908507e-01  -1.0410407e-01   7.0385268e-02  -1.0148164e-01  -4.8213500e-01   6.0527411e-01   1.1890380e-01  -2.9250224e-01  -1.1345337e-01   8.6430101e-02   3.5956662e-01   8.5143775e-03  -7.7364620e-02  -3.3007023e-01  -3.2168431e-01  -3.3772008e-01  -3.1697070e-02   5.4156496e-02  -3.2582411e-01  -1.4055743e-01  -3.7658772e-02  -2.7739246e-02   2.6271672e-01  -9.4308879e-02  -3.2272541e-01  -3.2244422e-02  -4.0880936e-01  -7.7221721e-02   1.8982626e-01  -1.5022363e-01   5.4902615e-02  -1.1239298e-01  -9.1760797e-02   4.8479967e-02  -2.3093419e-01   4.3405378e-02  -2.1325889e-01  -1.5994715e-01   4.5259518e-01  -8.7020996e-02   2.0364911e-01  -2.3764760e-02  -2.1739493e-01  -8.1583537e-02  -1.3211882e-02   1.5327548e-01  -1.2185329e-01  -1.9504335e-01  -2.5304733e-01  -2.0759859e-01   1.4819336e-01  -3.6032741e-01  -2.0506042e-01  -1.2756995e-01  -2.6236371e-01  -4.2273433e-02  -1.2958801e-01   4.6243229e-01  -1.9008300e-01  -1.3329927e-02   4.4651077e-01   1.2723532e-01  -2.6730261e-01  -2.2736376e-01  -1.9469248e-01  -2.4521073e-01   2.5727251e-01  -1.7004063e-02   5.0825287e-01   3.8445375e-02  -7.1156961e-02  -2.0308063e-01   4.6845446e-03   1.8128709e-02  -1.1755346e-01  -1.8498167e-01  -7.4105350e-02  -2.8438175e-01  -2.1304842e-01  -1.7673963e-01  -2.8623684e-01   5.7628592e-02  -1.8137776e-01  -3.9709301e-01  -4.4874385e-02  -1.1431709e-01  -1.5933920e-01  -3.5254697e-01  -1.1576024e-01   1.6520502e-01  -1.7367117e-01   3.0729196e-01  -1.7932731e-01   7.6324170e-02  -1.8181371e-01   6.0625554e-02  -4.6571758e-02  -1.0120631e-01  -5.7056740e-02  -6.7069575e-02  -2.4586642e-01   9.8342057e-02  -1.0406493e-01   9.6223648e-02   7.3600378e-01  -7.2184070e-02   7.6286714e-02   3.7284885e-01  -1.6031422e-01   2.8968861e-01  -1.0152116e-01  -1.4415107e-01  -1.8893118e-01  -1.0752167e-01  -6.6756966e-02  -3.4045174e-02  -1.4156001e-01   6.4245405e-01   2.4233849e-02  -9.2248694e-02  -2.2727504e-01  -1.2576265e-01  -4.2178872e-01   2.2625746e-01  -3.9512402e-02   3.3216867e-02  -1.3362447e-01  -3.6895255e-02  -1.4867109e-01  -1.6214230e-03   3.5109430e-02  -3.4457433e-01  -1.9477621e-01  -7.1459990e-02  -2.1963102e-01
   5.5162452e-02   2.5424237e-01  -2.6481678e-01   1.8315642e-01   1.1683885e-01  -2.3143262e-01  -1.1489617e-01   0.0000000e+00  -3.1378118e-02   2.3415884e-02  -1.3695245e-01   2.2619131e-02   3.3132780e-02   1.0946787e-01  -4.6239915e-01   1.7397861e-01  -1.4275850e-01  -1.1027923e-01   4.8077743e-01   1.4735135e-01  -1.8776662e-01  -7.2498363e-02  -3.0906901e-01   1.3658830e-01   1.0541666e-01   4.8872213e-01   2.5124096e-02   4.6330627e-02  -3.2509522e-02  -3.7772211e-01   8.8652549e-03   5.3964242e-01   4.0945385e-01  -2.7506787e-01  -3.3926767e-01   1.4174445e-01   1.6769298e-01  -4.7576608e-02   1.7155599e-01   1.4262585e-01   1.3981518e-01   1.7445743e-01  -1.2641003e-01   2.9924065e-01  -1.6749892e-01  -1.7598360e-01  -9.6600854e-02   5.4520781e-02  -5.9285319e-02   1.5066962e-01  -2.9068326e-01   7.7332025e-01   4.5363291e-02   3.4344008e-01  -8.1277151e-02  -1.3492606e-01   6.7327233e-02  -1.1774158e-01   1.1603319e-01  -3.9623727e-01  -1.2792544e-01  -6.3892268e-02   2.2120940e-01   1.1712667e-01  -1.4469143e-01  -2.8214155e-01   4.9959128e-02   1.1146643e-01   1.4995306e-02  -2.9071190e-01   2.7197496e-01  -1.8229606e-01   2.5008285e-02  -8.2151406e-02   1.1308410e-01   6.5627510e-01  -1.3871050e-01   4.4004818e-01   1.7932117e-02   2.4716022e-01  -2.3445761e-01   5.4672113e-02   2.3161737e-01   8.1448897e-01   6.9829981e-02   6.4968142e-01  -1.0338528e-01   1.3283610e-01   9.8753057e-02   2.2311371e-01   2.0414768e-02  -1.4766460e-01  -3.4009057e-02  -2.9387073e-01   9.3028117e-03   1.1661828e-01   9.9180637e-02   5.3941841e-01   1.2868907e-01  -1.8204998e-01   3.1155991e-02  -1.6231906e-01   2.7506086e-02   2.3459722e-01   1.8086098e-02   7.4276506e-01   1.8335557e-01   4.7976467e-01   1.4613256e-01   6.1477977e-02  -1.1375423e-01  -5.1295374e-01   1.1842249e-01   2.3372843e-01  -1.9293989e-01   7.9721063e-02   4.9146355e-01   3.6920032e-03  -1.5926571e-02   5.8445470e-02  -1.0568131e-01  -1.5029683e-01   9.3077734e-03  -1.2655364e-01   3.5755046e-02  -8.3917926e-02  -3.1155501e-01   3.7926764e-01   5.8656723e-01  -1.8639996e-01   1.3631764e-01  -7.2403266e-02  -7.1483817e-02   3.8420139e-02   8.1402167e-02   7.9668188e-01   2.9284977e-01   2.8252029e-02   5.1996511e-01  -3.1169414e-02   1.9100324e-01   1.1351018e-02  -5.3895476e-02  -2.7119041e-01  -2.8900907e-01   1.0954530e-01  -1.0964375e-01  -8.0083574e-02  -3.3477401e-01  -8.3013786e-02   7.7086003e-02   4.2792094e-01  -5.8063973e-02   9.3379065e-02  -5.9488470e-03   2.4061462e-02  -8.7742929e-02  -9.0706953e-03  -1.6281908e-01  -2.0642432e-01   3.4977459e-02   1.7481399e-01   2.3575849e-01  -1.2355246e-01   6.3241917e-02   1.7037840e-02  -2.6358199e-01   1.7938302e-01  -7.1020015e-02   2.3157272e-01  -1.4413566e-01  -2.4686695e-01  -4.3016199e-02  -7.8221489e-02   2.9366878e-01  -5.8184745e-02   3.6306492e-01
  -5.9440489e-02  -2.7467362e-02  -1.2095735e-01   9.8794737e-02  -3.1632017e-01  -4.8189199e-01   2.0821280e-01  -3.1378118e-02   0.0000000e+00  -3.4924297e-01   2.9361488e-01  -3.1665327e-01  -1.2584656e-01   4.5194133e-01  -1.0298264e-01  -2.8057758e-01  -2.7135790e-01   3.5699823e-01   1.0534214e-01  -3.8605047e-01   1.3301402e-01   3.2015554e-01   5.2199945e-02  -8.8489643e-02  -1.2395643e-01   2.2950962e-02  -4.0222336e-01  -2.2515360e-02   2.4909353e-01   1.4548156e-01   6.0702329e-01   1.3574502e-01  -2.3063243e-02   7.5914729e-03  -2.3777109e-01  -2.8766535e-01  -1.1218007e-01  -1.2390138e-01   4.1165075e-02  -2.6756821e-01   2.1019439e-02  -2.4901919e-01   5.8036342e-02   4.2417616e-01  -2.6421932e-01  -9.8016148e-02  -1.6259669e-01   3.0770889e-01  -1.9001307e-01  -4.2171809e-01   7.9715642e-02  -6.5876355e-02   3.6104812e-01  -3.4685412e-02   2.9699030e-01  -6.1596930e-04   6.1477866e-02  -1.5918050e-01   1.3622169e-01  -4.1151400e-01  -6.2478134e-02  -3.1388479e-01   2.7292075e-01   6.0683558e-01   4.7026794e-01  -3.9524774e-01  -3.3992993e-01  -7.6662666e-02   3.3405634e-02  -2.2864574e-01   1.7616556e-01  -1.0996788e-01   1.0339722e-01  -1.3777724e-01  -4.4307867e-02   2.0256478e-01  -8.1565858e-02   2.6601914e-01  -3.5231757e-01  -4.0691731e-02   1.5602244e-02  -1.9172105e-01   2.2591170e-01   1.2597308e-01   7.5498235e-02   8.6047382e-02   3.4338168e-01   2.3139785e-01  -1.3689153e-03  -2.4553441e-01  -2.1766054e-01  -2.4073443e-02  -3.9885058e-01  -5.4152568e-02  -9.1052466e-02  -3.2512819e-01  -1.2208181e-01   2.3389012e-01  -2.9570284e-01  -2.4886996e-01   8.9421717e-02  -2.9414817e-01   2.2552807e-01   3.5351761e-01  -5.6923057e-02   1.0277117e-01  -2.1355368e-01  -7.6496383e-02  -1.7197726e-01  -1.9183584e-01  -2.2420059e-01  -2.8274545e-01  -3.8410636e-02  -2.1178183e-01   4.2311076e-02  -1.3775414e-01   1.4147923e-01  -6.8807998e-02   1.4413358e-01   3.7491488e-02   6.7521114e-02  -3.9401382e-01  -1.1335733e-01   5.8561191e-01  -9.1366926e-02  -3.1978255e-01  -2.9589640e-01   1.4071909e-02   2.2587261e-01  -2.1497282e-01  -3.0603487e-02   5.8592943e-02  -3.3842898e-02   4.7460167e-01  -3.3786972e-02   7.7699335e-02  -2.1258445e-01   3.7817485e-01  -1.9037827e-01   7.5581111e-02   1.0516582e-01  -1.7823299e-02   8.9537257e-02  -4.5869061e-02  -8.7293259e-02   7.4635412e-01  -1.4140509e-02  -2.7268726e-01  -4.9979870e-01   3.3459719e-01  -1.0158870e-01   1.9849343e-01  -3.2453244e-02   9.1905200e-02  -3.1845409e-01  -1.1423993e-01   1.2151569e-01   6.1528713e-02  -1.4226500e-01  -1.7625659e-02  -6.3002140e-02   4.7368523e-01  -8.8617815e-03   3.2799425e-01  -4.0844719e-02  -3.7905181e-01  -4.4375879e-01   4.6544918e-02   2.8003890e-02  -1.6181827e-01  -5.0490892e-01   4.3880511e-02   1.7147346e-01  -1.1665474e-01   7.4598046e-02   3.5021326e-02   1.4068439e-01
  -1.8707266e-01   1.0733147e-01   2.2369163e-02  -8.8982215e-02   4.2936799e-01   1.9483325e-01  -5.1569260e-02   2.3415884e-02  -3.4924297e-01   0.0000000e+00  -4.1491828e-01   3.9427273e-01   1.2452907e-02  -1.6931251e-01  -2.5981232e-01  -1.1627112e-01   2.8189040e-01  -2.9781690e-01   5.2852004e-02   5.2018342e-01  -1.2987717e-01  -1.8797506e-01   2.2786978e-03  -1.9060744e-01   4.3094620e-03  -5.1041876e-02   2.6821122e-01  -2.2962893e-01  -4.2264530e-02  -4.2318292e-01  -2.8977379e-01  -1.9635880e-01  -1.4112395e-01   1.1633608e-01  -1.5339374e-01   1.4712380e-01   4.9624930e-01  -1.4793261e-01  -1.2945763e-01   5.0802323e-01  -1.7180434e-02   2.0148546e-03   1.5130953e-01  -1.5062947e-01  -3.7903847e-02  -2.6492387e-01  -1.9824760e-01  -1.7180903e-01   1.5849440e-02   5.6708898e-01  -4.1872962e-01   1.0906816e-01  -7.5550325e-02   8.9724965e-03  -1.4123632e-01  -1.9060942e-01  -1.2181356e-01  -2.4241373e-01  -1.5782946e-01   1.7786579e-01  -1.5530584e-01   2.9903959e-03  -1.6779030e-01  -3.6171213e-01  -4.3157911e-01   1.4884625e-01   1.8045274e-01   8.5713774e-02  -3.0907827e-01  -1.2293467e-02   1.9558301e-01  -2.6748974e-01  -2.6586525e-02  -2.9405420e-01   1.6423731e-01   7.7170363e-02  -3.1595479e-01  -1.8534477e-01   2.9042487e-01  -1.4423065e-02  -1.7041003e-01   1.7143495e-01  -2.4690072e-02   1.1151553e-01  -1.9071941e-01   8.4513566e-02  -3.0910981e-01  -2.9653084e-01   1.7602860e-02  -5.0841239e-02   1.3185720e-01  -6.9608742e-02   5.1383913e-01  -1.8810364e-01  -2.0218691e-01   4.4489970e-01   2.2669147e-02   7.3448411e-02   5.1994890e-02   1.3073891e-01  -1.4531398e-01  -2.2354756e-01  -2.6583760e-01  -1.5548904e-01  -4.7698209e-01  -7.5585344e-02   2.6296262e-01   3.8875904e-02   4.9517544e-01   4.1380834e-01   3.1289688e-01  -5.2715564e-02  -5.8007014e-02  -3.8717076e-02  -2.7114067e-01   2.0932384e-02  -5.1209624e-02   1.9459798e-01   2.3657726e-01  -2.4965616e-01  -3.1171469e-01   3.2322638e-01   2.6324747e-01  -3.7814406e-01  -1.9269963e-01  -4.7115472e-02  -1.0388178e-01   1.8431390e-02  -1.1960764e-01   2.2067626e-01  -9.6413303e-03   2.2522816e-03  -1.8399131e-01  -5.7636935e-02  -2.0547110e-01   1.1199613e-02   1.7612250e-01  -1.1345072e-01  -1.0279528e-01  -2.2783947e-01  -1.9545324e-01   1.3076282e-01  -2.3210327e-01   2.7682013e-01  -1.5504926e-01  -2.7940190e-01   3.1427111e-01  -3.1415639e-02   2.1331573e-01  -8.4670082e-02  -2.6177270e-01  -1.2471855e-01  -2.1776661e-01  -2.8167235e-01   4.7591324e-01  -1.1667097e-01  -2.4744764e-01  -1.5501924e-01   1.7281823e-01  -1.4323016e-01  -7.6835269e-02  -2.8766356e-01   2.8133597e-01  -5.1168055e-01  -9.8305304e-02   3.7083992e-01   3.7875554e-02   5.1203305e-02  -8.0945682e-02   2.3863310e-01   2.1681056e-01   8.4176342e-02  -3.3133650e-01   4.8007053e-02  -1.9515071e-01   2.3286316e-01  -4.4162975e-02
   1.1058929e-01  -3.4512441e-01   3.5448428e-01   6.3162453e-02  -3.6653578e-01  -4.9056184e-02  -3.1459636e-01  -1.3695245e-01   2.9361488e-01  -4.1491828e-01   0.0000000e+00  -6.7126965e-01  -1.0091243e-01   2.3641713e-01   3.4181522e-01   4.1585056e-02   1.6601603e-01   6.9765614e-01  -1.8446123e-01  -3.7418964e-01   4.0198468e-01   3.7625900e-01   1.4433643e-01   1.3018912e-01   5.3457609e-02   2.6662551e-02  -8.5353391e-02   2.7155361e-01   1.7335614e-01   5.0134501e-01   4.1680306e-01   5.0916891e-02   4.6447509e-02  -3.8059348e-01  -2.8465625e-02  -7.5270894e-03  -2.0616402e-01   2.1690066e-01   2.3500817e-01  -3.1757897e-01   9.0445197e-02  -1.2734730e-01  -2.3575290e-01   5.2200000e-01  -6.8836705e-02   2.4037092e-01   5.2099376e-01  -4.1720302e-02  -9.4561114e-02  -2.9248147e-01   5.9215000e-01  -1.6752566e-01  -1.2655201e-01  -1.9873848e-01   4.1959951e-01   5.7613167e-01   1.0988164e-01   3.3555389e-01   9.9461321e-02  -2.2788547e-01   4.8704176e-01   2.6729278e-02   1.2692555e-01   5.0614534e-01   3.4605605e-01   3.3340949e-02   8.5847406e-02  -4.4101598e-02   4.9357738e-01   2.2855579e-01  -2.1873796e-01   3.1082047e-01  -1.6602132e-01   3.3062219e-02  -1.7406215e-01  -3.8166802e-02   4.2425020e-01   1.3999011e-01  -3.7663798e-01  -4.5044227e-02   1.6262318e-01  -2.2686002e-01   1.2328796e-01  -9.4284869e-02   2.7282041e-01  -6.2646645e-02   3.7677530e-01   2.3120770e-01  -1.9766363e-02  -3.3039278e-02  -2.4461063e-01   3.6033811e-01  -5.9899920e-01   2.8897477e-01   2.5342752e-01  -2.7575520e-01   2.7696432e-02  -4.7606653e-02   2.1332744e-02  -3.2713143e-01   4.2486175e-01   2.5251136e-01   2.1060685e-01   6.6811643e-02   4.4594936e-01   6.7640916e-02  -1.0828317e-01   1.0759245e-01  -4.4510054e-01  -1.7271417e-01  -4.2540034e-01   3.3623897e-02   3.9330094e-02  -1.3203702e-01   3.0117230e-01  -3.3790593e-01   2.5021519e-02  -1.3199786e-01   3.0487022e-01   1.6269100e-01   2.5415560e-01  -4.3609218e-01  -8.4565946e-02   5.4975591e-01   1.8993150e-02   1.0747586e-01   9.5031490e-02  -1.7107321e-01   9.9025883e-02   1.7682631e-01  -1.0090523e-01   2.4870165e-01   7.9927633e-02   2.4387016e-01   2.0772406e-01  -1.2384501e-01  -2.6914189e-01   3.9227751e-01   8.0182668e-02   1.5075722e-01   7.7759423e-03  -1.6274622e-01   4.4498305e-01  -3.2091961e-02   4.5490894e-01   4.1131331e-01  -4.9113977e-01  -6.4919269e-02  -1.0878839e-01   6.2095889e-02   1.2694817e-01   1.6041967e-01   9.5637037e-02   2.8081550e-01  -3.7669484e-01   1.0787945e-01   3.8957515e-01   7.0312525e-02   1.5976515e-01  -2.2163288e-02  -2.6799825e-02   5.3556434e-01   1.0207485e-01   6.0869055e-01   2.5884750e-01  -6.6673007e-01  -4.5885051e-02  -1.0557810e-01   1.5017609e-01  -3.6224556e-01  -3.4835046e-01  -1.0665743e-01   3.0653670e-01   2.0680406e-01   6.9811687e-02  -5.1392599e-02   1.1918320e-01
  -3.3657433e-01   5.9216858e-01   4.2710014e-02  -1.8526759e-01   4.9650189e-01   6.8645284e-02   3.1369682e-01   2.2619131e-02  -3.1665327e-01   3.9427273e-01  -6.7126965e-01   0.0000000e+00   3.7512182e-02  -4.7980743e-01  -3.0082548e-01   1.4341498e-01   8.5637907e-02  -5.4341882e-01   1.2214792e-01   5.3785114e-01  -5.2240000e-01  -4.6130511e-01  -2.6700195e-01  -2.5518416e-01   1.5911813e-01  -5.1625771e-02   1.7560480e-01  -3.2960527e-01  -2.1271247e-01  -3.8877770e-01  -4.1458641e-01  -1.1530889e-01   2.9205325e-02   4.0590251e-01  -1.8067943e-01   2.0656671e-01   3.8996845e-01  -1.7618245e-01   2.0455254e-02   4.1365174e-01  -6.3620817e-03   1.8994330e-01   2.3684037e-01  -3.6064104e-01  -2.6432081e-02  -6.8184550e-02  -3.1075519e-01   1.0917486e-01   6.9549427e-02   4.9457461e-01  -4.5333319e-01   5.7192182e-02   9.3175406e-02   1.1916949e-01  -4.7175524e-01  -3.8909389e-01  -2.0886578e-01  -2.9411149e-01  -1.5237488e-01   3.6580569e-01  -2.1312448e-01  -3.5012240e-02  -1.7102939e-01  -3.9243862e-01  -4.3263840e-01   7.1350339e-02  -6.1681300e-02   1.8516998e-01  -2.8574546e-01  -4.1075225e-02   3.2327670e-01  -1.5647756e-01   2.1859243e-01  -1.8464668e-01   1.9496719e-01  -3.8054354e-02  -2.2157278e-01  -2.3135162e-01   5.5502764e-01   1.6915058e-02  -3.4624058e-01   3.5119001e-01   1.0485844e-01  -5.4662564e-02  -4.0346977e-01  -1.1614798e-01  -3.8325373e-01  -3.6376461e-01   3.3559104e-01  -1.9753650e-01   3.8697485e-01  -1.0308278e-01   8.5952680e-01  -2.7767613e-01  -1.1991988e-01   3.9504942e-01  -9.3757440e-02  -4.1067449e-03   1.8322123e-01   8.5744655e-02  -5.3024161e-01  -1.8551487e-01  -3.8897800e-01   1.5777136e-01  -4.8128577e-01  -1.2954305e-01   3.6111600e-02  -7.7241175e-03   5.1207041e-01   2.1413248e-01   7.4425096e-01  -6.3553043e-03   7.4052068e-02  -1.3867694e-01  -3.3632768e-01   4.2675942e-01   1.0460737e-02   1.6201498e-01  -2.6699463e-01  -1.8730682e-01  -3.1826031e-01   5.1693571e-01   3.5187697e-01  -5.4028973e-01   4.8637887e-03  -1.7619101e-01  -8.7618545e-02   1.4761799e-01  -2.6141457e-01   5.6359219e-02   2.1633131e-01  -2.8101459e-01  -1.5185185e-01  -1.6252541e-01  -9.2087975e-02  -8.5632538e-02   3.0185526e-01  -5.3913334e-01  -1.9881591e-01  -3.1437577e-01  -1.3097371e-01  -7.3515602e-02  -2.9127008e-01   3.2998441e-01  -4.3058143e-01  -4.4796571e-01   6.0690404e-01   2.2623660e-01   2.4207259e-01  -2.0300070e-01  -2.4322892e-01  -3.1746937e-01  -1.5732668e-01   2.7519021e-02   6.0636922e-01  -2.8032621e-01  -3.3692970e-01  -1.4142387e-01   3.2772121e-02  -1.9053509e-01   1.9190718e-01  -3.9506697e-01  -5.8950225e-02  -6.0630629e-01  -1.6035912e-01   5.6135887e-01   1.9051178e-01  -3.4337218e-02  -3.8762790e-01   5.8860809e-01   4.7121828e-01  -7.8460088e-02  -6.6289257e-02  -2.1650666e-01  -6.2331446e-02   4.1039154e-03  -1.8218143e-01
  -1.3417637e-02  -1.2779422e-01  -5.4238407e-02   1.3944991e-01   3.3214915e-01   2.9307745e-01   4.1829142e-02   3.3132780e-02  -1.2584656e-01   1.2452907e-02  -1.0091243e-01   3.7512182e-02   0.0000000e+00   6.6622985e-02  -9.5115053e-02   6.9180973e-02  -4.4189942e-02  -1.0330306e-01  -8.2194631e-02   3.6143592e-01  -1.6773061e-01  -8.0162875e-02   2.3333194e-02  -2.2054287e-01  -1.2485822e-01  -8.7767540e-02   2.8542371e-01  -6.5799623e-02   4.4680507e-02  -5.4070289e-02  -2.8696195e-01  -5.3538290e-02  -1.5938296e-01   2.7984284e-02   8.5997708e-02   2.9091703e-01  -2.7991545e-01   9.0336675e-03   1.0650628e-01   2.1153740e-01   5.9414672e-01   9.5080297e-03   5.1849791e-02  -2.1398615e-01   1.9555112e-01  -2.8214165e-02   2.4160432e-01  -1.0347476e-01  -2.1844179e-02   1.9616103e-01  -4.2045362e-02   1.0581231e-01  -2.0695256e-01  -6.2740144e-02  -1.2118049e-01  -7.2664951e-02   5.8835229e-02  -1.0563594e-01   2.1081200e-01   1.1081471e-01  -1.4576632e-02   2.2666599e-01  -1.9938189e-01  -2.3311374e-01  -2.1466227e-01   2.0821492e-01   2.8517655e-01   3.2294301e-02   4.9033401e-03   5.3056887e-02  -1.7123508e-01  -7.8195567e-02   4.1720204e-01   6.9948439e-03  -2.9687474e-01  -4.9774045e-02  -4.9400229e-02  -7.0218955e-02   1.7730928e-01   9.8384642e-02   4.0510922e-02   2.7677779e-01  -2.7003574e-01  -5.0326436e-02  -1.4138098e-01  -1.4057562e-01  -1.4731549e-01  -1.8048231e-01   2.6550609e-02  -1.0526634e-01   2.6168089e-01   1.0920252e-01   1.2913619e-01   1.1326680e-01  -5.3791358e-02   3.0442494e-01   1.4217984e-01   5.1779794e-03   3.2174474e-01   2.4946355e-01  -1.0286529e-01   1.2123615e-01  -1.1258094e-02  -5.3926539e-03   4.3117222e-02  -5.0335955e-02  -1.6711853e-01   1.3308711e-01  -1.8858706e-02   3.6600110e-02   7.1777923e-03   9.1638599e-02  -2.2022588e-01  -6.6114021e-02  -8.6746308e-02   2.5062707e-01  -1.5936315e-01   4.9830797e-01  -8.0251795e-02   6.8189698e-02  -1.3920748e-01   3.3759434e-01   8.8892940e-02  -1.9214798e-01  -5.0126090e-02   1.8224360e-02   2.6096932e-01  -1.3065003e-01   1.0974969e-01   8.9108606e-04   5.1710521e-01   1.5434392e-01   3.5069464e-02  -3.8454197e-01  -1.4405849e-02   7.8313784e-02   5.5266913e-02  -1.6930764e-01   2.6109438e-02  -3.7065905e-02  -7.5591480e-02   5.1402747e-01  -2.0322158e-01   3.1055874e-02  -1.7662847e-01  -1.1568111e-01   6.4850846e-03   1.2460459e-01   1.7475369e-01  -1.4138503e-01  -1.0409128e-01  -3.5219327e-02  -2.2896128e-01  -1.0542624e-01   1.5730437e-01  -1.7274909e-01  -1.2447311e-01   2.7540865e-01   1.3982544e-01   1.4050335e-01  -2.6679804e-02  -1.2521965e-01  -3.6929473e-03  -5.2849812e-02  -2.2298750e-01   3.1414020e-01   1.5263979e-01  -1.5551925e-01  -7.7817207e-02  -8.4462149e-02   2.7688425e-01  -2.1946629e-01   1.7807378e-02   1.5829217e-01  -2.5233834e-01  -1.4392469e-01  -1.4331900e-01
   2.7261315e-01  -1.5733003e-01  -2.7006190e-01   1.7412426e-01  -2.7892627e-01  -3.6822195e-01   4.4750658e-02   1.0946787e-01   4.5194133e-01  -1.6931251e-01   2.3641713e-01  -4.7980743e-01   6.6622985e-02   0.0000000e+00   6.4804179e-02  -3.1018802e-01  -2.1407305e-01   4.0635732e-01  -1.0782861e-02  -3.3366529e-01   4.1472894e-01   5.2123631e-01   3.2207532e-01   2.1257685e-01  -8.8504404e-02   6.1567420e-02  -4.0386737e-01   2.5264713e-01   1.4519693e-01   8.0485419e-02   5.1531174e-01   1.4261057e-01  -1.2229838e-01  -6.1594423e-02   1.0912333e-01  -3.1793022e-01  -3.7367448e-02   2.4431245e-02  -4.9713864e-02  -2.9209125e-01   7.3189994e-02  -3.0243408e-01  -1.9648339e-01   4.1801931e-01  -1.4105626e-01  -7.1825221e-02  -1.7642234e-01   1.6224916e-01   5.6734379e-02  -3.5596691e-01   9.1760355e-02   3.6993868e-02   1.0342921e-01  -9.6030326e-04   4.0054776e-01   8.8857391e-02  -2.6931036e-02   5.5041464e-02   1.6976417e-01  -4.0156368e-01   4.9937689e-02  -1.6156464e-01   5.0049648e-02   3.6311738e-01   4.3685718e-01  -3.7298598e-01  -8.8241048e-02  -1.7016540e-01  -6.4161877e-02  -2.0546930e-01   2.4923713e-02  -1.6543489e-01  -5.5392708e-02   2.1488110e-01  -7.3955638e-02   2.1608799e-01  -2.9667493e-02   2.0606923e-01  -4.5654167e-01  -8.5488460e-02   2.9665881e-01  -1.9438885e-01   1.1061784e-01   2.0072314e-01   4.7686364e-01   1.5454694e-01   3.9450830e-01   4.2910708e-01  -3.8435480e-01   2.5503689e-02  -3.3294795e-01  -7.9069457e-02  -4.4391575e-01  -6.8534662e-02  -3.8553568e-03  -2.3730558e-01  -8.9765276e-02   9.0543286e-02  -2.9924780e-01  -5.3327686e-02   4.3935822e-01  -1.2614417e-02   4.8727074e-01   5.0160601e-02   1.6857258e-01   1.8218260e-01  -2.5931029e-02  -1.6123232e-01  -1.4484224e-01  -4.1003019e-02  -3.3154909e-01  -1.9099513e-01  -1.7228691e-01   4.5750958e-02   2.9429329e-01  -2.9008468e-01   1.9777045e-03  -8.6968676e-02   2.6112646e-01   6.8881486e-02   1.7064488e-01  -3.7166275e-01  -2.7584408e-01   4.2255367e-01  -2.0533939e-02   2.2875586e-01  -1.6481564e-01  -2.7481529e-02   2.9869746e-01  -2.7720747e-01  -1.5296343e-01   1.6390155e-01   4.1999877e-01   3.1593187e-01  -3.0083643e-02   2.6528847e-01  -2.6379717e-01   4.6168649e-01   1.5723045e-01   2.5081065e-01   3.5724736e-01   7.2202245e-02  -4.5240269e-03  -2.2863793e-01   1.8840154e-01   5.1877904e-01  -1.1156426e-01  -4.2949592e-01  -4.8308477e-01   2.5450673e-01   1.4890967e-01   4.0931226e-01   1.3488273e-01  -1.3814568e-01  -4.1749626e-01   3.2886313e-02   1.9611042e-01   2.5435593e-02  -1.3249149e-01   1.8761486e-01  -3.5326728e-01   1.6950492e-01   1.2118468e-01   3.6205983e-01  -9.3608025e-02  -2.9343863e-01  -3.6950251e-01  -1.5937429e-02   2.2318609e-01  -1.8626168e-01  -5.4708634e-01   1.0056659e-02  -1.4584355e-01   4.6442598e-02   5.0401627e-02  -1.0281293e-01   1.7655869e-01
