   0.0000000e+00  -4.2275965e-02  -2.5805254e-01  -2.4090253e-01  -2.0937923e-01  -1.9029271e-01   7.7569725e-03  -1.4965207e-01  -7.9074255e-02  -1.0407635e-01  -2.6591211e-01  -1.2980468e-01   1.1493227e-01   4.0910947e-01   1.2304892e-01  -9.8110312e-03  -2.1748762e-01  -4.1727090e-01   4.9460852e-02  -2.3144232e-01  -3.2052754e-01   4.7941534e-02  -1.5089548e-02   7.3708035e-01   8.3504597e-02   1.1245941e-01  -3.3244794e-01   5.1634284e-01   4.9418392e-03  -5.2830870e-02  -2.0720322e-01  -1.6918239e-01  -5.7519324e-02  -7.2610376e-02   3.6046696e-02  -3.3901173e-01  -1.3857908e-01  -2.0372623e-01  -1.3380997e-01  -9.9862039e-02  -9.1943781e-02   4.2330714e-02  -2.4359053e-01  -1.4573049e-01  -3.1987470e-01  -1.0125900e-01  -3.7483173e-01  -2.3780508e-01  -1.6143609e-01  -3.3329942e-02  -1.0826940e-01   3.9860270e-01  -2.1913322e-01   2.3330694e-01   1.1253847e-01   2.9750214e-01   1.0222222e-02   5.5963078e-02  -4.2606211e-02  -3.5611683e-01  -1.2754008e-01  -3.9319512e-01  -4.1931534e-02  -6.8237369e-02  -4.9668751e-02  -1.9943246e-01  -3.5944898e-01  -1.5188370e-01  -1.5630830e-01  -2.2252336e-01  -2.1403951e-01  -1.4362143e-01   2.2161770e-02   6.8615613e-01   9.1130719e-03   8.4291716e-02  -1.7766229e-01   1.2315985e-01  -1.6203858e-01   7.3140396e-02   1.6993517e-01  -1.5315352e-01  -1.8901084e-01   1.1343864e-01   3.1239255e-01   1.0732484e-01  -1.9929528e-01   7.5574369e-01   1.2190044e-02   7.3549538e-01  -1.1645427e-01  -1.6743779e-01  -1.6785550e-01  -3.2853373e-01   6.0577778e-02  -7.9673746e-02   6.4968986e-02   3.9400776e-02  -3.1151528e-01  -1.3446400e-01   2.1521572e-01  -5.3713022e-02   2.9658536e-01  -2.4023037e-01  -1.1539322e-01  -1.0002046e-01  -6.5698592e-02  -6.5796551e-02   5.0036485e-02  -2.9003463e-01  -1.1411230e-01  -2.2870068e-01  -2.5732544e-01   8.4809150e-01   2.3713255e-01   5.5625103e-03   8.7617625e-02  -1.2124378e-01   5.2568053e-01  -1.3456198e-01   2.4472605e-01  -8.7057105e-02  -1.9313400e-01  -2.1992798e-01  -5.5279505e-02   7.8667042e-01  -1.1209312e-01   8.6341088e-02  -1.9014322e-01  -1.9277295e-01   5.3542850e-02  -3.1547086e-01   1.8158843e-01  -3.2774435e-01  -1.1853496e-01   1.9193001e-02  -2.4941316e-02   2.2627145e-01   3.0260585e-01   7.5161227e-01   6.0449356e-01  -3.8236146e-02   1.2458343e-02  -2.9297476e-01   1.8807249e-01  -2.1865242e-01  -1.2950218e-01  -2.6038027e-01  -1.1001329e-01  -1.3459560e-01   5.3449636e-01   2.7323782e-01   4.8541027e-01  -3.1527977e-01  -6.3029812e-02   3.8597567e-01   1.9330353e-01  -6.6322010e-03   6.0634013e-02   7.1200683e-02  -1.2398018e-01  -2.5409647e-01  -1.4699843e-03  -3.6437057e-01   1.5610856e-01  -1.1794012e-01  -3.3318989e-01   4.2120180e-01   5.0140944e-01  -3.7604152e-02  -2.2050946e-01  -1.2607704e-01  -3.0811611e-01  -1.5523543e-01   1.7696884e-01  -1.6221673e-02  -3.6735896e-02
  -4.2275965e-02   0.0000000e+00  -1.7361664e-01  -3.2578073e-01   3.6832860e-01  -2.7109916e-01   1.9213539e-01   2.1974102e-01   7.2621427e-02   1.0596950e-01  -1.1286731e-01  -3.9826166e-02  -1.4409339e-01  -1.0852287e-01  -1.0926731e-01  -1.2007684e-01   1.2948935e-02  -1.7435391e-01   5.4615756e-03   1.5620428e-01  -1.2586495e-01  -2.2575526e-01  -5.2585565e-01   1.0508400e-01   1.3909890e-02  -2.2522519e-01   1.3795689e-01  -1.9697742e-01   3.3048162e-01  -6.8047838e-02   2.2064698e-01  -1.3019361e-01   6.3572504e-02   2.8190905e-01  -3.3750809e-01  -1.0843865e-01  -1.8534811e-02  -2.7737511e-01   1.1094355e-01   1.8922377e-01   4.2381705e-02  -2.3271204e-01   2.6842812e-01  -2.2000985e-01  -1.1261224e-01  -1.2136481e-01  -2.4708849e-01   3.7394575e-01  -3.3985264e-01   9.1284316e-02  -4.4357230e-01  -1.0475822e-01   4.1530515e-01  -2.3320841e-01   4.5679551e-02  -4.3950437e-01  -4.4997149e-01  -2.7572229e-01  -3.0368812e-02   2.9785807e-01  -1.1281421e-02  -1.8845765e-01   4.9261557e-01   6.9675972e-01   5.2259081e-01  -1.5304799e-01   4.8400738e-02   2.5865674e-01  -3.8331865e-01  -2.4777714e-01   4.0237393e-01  -3.9081919e-01   1.1385599e-01  -4.3162074e-02  -8.9218715e-02  -3.7504541e-02  -1.4192789e-01  -3.0961651e-01   5.8422439e-01   3.7890954e-02  -5.2672974e-01  -1.5935400e-02   3.8340576e-01  -6.3570006e-02  -3.6189116e-02   6.8687707e-02   3.3760241e-01   1.4328041e-01   3.9945942e-01   1.1850835e-01   6.2269091e-01  -2.0705195e-01  -1.0255550e-01  -2.5576669e-02  -1.3943842e-01   1.0439646e-01   2.4671253e-02  -9.5107813e-02   2.0544614e-01  -1.2407910e-01   6.8724324e-03   1.5770710e-02  -9.4147556e-02   3.5456266e-01  -3.7734779e-01  -1.4986447e-01  -1.0504649e-01  -9.9493543e-02  -2.1620490e-01   1.1316509e-01   2.4579615e-02  -3.3883948e-02  -1.2946632e-01  -2.6545460e-03  -3.9428125e-01   7.7534092e-01  -2.8185372e-01  -7.7783599e-02  -4.5208440e-02  -3.2653030e-01  -2.1971509e-01   4.8468111e-01   2.2493954e-01  -1.2601695e-01  -1.0022921e-01   1.8189143e-02  -4.2987038e-01   1.7657417e-01  -2.1004705e-01  -3.2617271e-02  -3.5110789e-02  -1.2283501e-01   5.9634659e-01  -2.9368756e-01  -5.9398109e-05   6.4420819e-02   2.2534760e-02  -2.3127395e-01  -1.5981794e-01   1.0080770e-01   8.4767318e-02  -7.7625145e-02  -2.1016475e-01  -1.2133955e-02  -2.6987672e-01  -1.0786001e-01  -1.3621593e-01   5.9928409e-01  -4.3372524e-01   5.3037389e-01  -1.7366636e-01  -6.1635712e-03  -1.4746364e-01   4.6834500e-01   5.0065462e-01  -7.5825893e-03  -2.5238330e-01   2.9699907e-02  -3.8235796e-02  -3.9733280e-01  -8.7304078e-02   1.4966703e-01   4.2573681e-01  -1.4941910e-01  -2.0110093e-01   5.7341071e-01   3.8386621e-01  -9.8031035e-02  -1.4979691e-01   6.9633382e-01   3.6550537e-01  -2.8571486e-01   3.1229497e-01  -2.7019520e-01   1.0940456e-01   1.4594894e-02  -9.0677994e-02
  -2.5805254e-01  -1.7361664e-01   0.0000000e+00   3.0634095e-02   1.8510058e-01   2.7713214e-01  -9.8170781e-02  -1.9672077e-01   1.6499755e-02   3.4408606e-01  -1.5776894e-01   4.2324561e-01  -1.1234594e-01  -2.3382977e-01  -4.6370047e-02  -1.5487725e-01   7.2245666e-01  -1.0783342e-01  -3.7817476e-02   2.6187992e-01  -1.0940271e-02   1.2351888e-01   8.7579915e-02  -2.3579545e-01   2.9509569e-01   1.8784270e-02   3.6744986e-01  -5.5906391e-02  -3.4162953e-01  -2.0347145e-01  -6.4546605e-02   1.8753498e-01  -2.3395226e-01  -2.1376658e-02  -2.7714958e-02   2.8725153e-01  -2.4104239e-01   3.4136494e-02  -1.8516204e-01   5.8355898e-01  -6.5601892e-03  -1.2713384e-01  -7.0449973e-03  -1.4754129e-01  -1.2973894e-01   6.3996805e-01   2.6526072e-01  -4.1421173e-01   3.4242775e-02   6.0264322e-01   1.1458742e-01  -1.0103720e-01  -3.5144848e-01   1.9683584e-01  -1.1456583e-01  -1.9859428e-01   1.0390320e-02   1.6893874e-01  -2.3206437e-01   1.0107870e-01   4.3293665e-01  -4.5193990e-02  -9.9608245e-02  -2.3222963e-01  -5.3817874e-01   3.0614478e-01   8.5299050e-02  -2.3162419e-01   1.5308520e-01   7.8472517e-01   5.0484535e-02   1.9472794e-01  -2.4889109e-02  -1.7305537e-01   4.5332408e-01   1.2980736e-03   4.4666626e-01  -1.7587016e-01  -2.1586401e-02  -4.5955057e-02   1.0508380e-01   3.9353823e-02  -6.2657146e-02  -2.1609903e-01   1.2903198e-01  -5.3971157e-02  -8.6058496e-02  -3.0842954e-01  -1.1853847e-01  -2.3138432e-01  -2.0836923e-01   6.4064383e-01   5.3284522e-01  -1.5769505e-02   2.9917700e-01   3.8734795e-01   1.9963973e-01  -2.2366045e-01  -9.7521097e-02  -1.4198456e-01   2.2790466e-02  -3.7061041e-01  -5.6881061e-02  -3.2045893e-03   1.6739358e-01  -7.9864138e-02   2.0372172e-01  -1.4605068e-01  -2.6624642e-02  -1.9627756e-01   2.6552403e-01  -7.5653577e-02   5.2859443e-02  -1.8850756e-01   3.4158001e-01  -3.3335373e-01  -2.5428597e-01  -6.1652767e-03  -6.6932037e-02   2.7455779e-01  -2.4476104e-02   8.0955830e-02   3.2344870e-01  -1.0981213e-01   2.3091214e-01  -2.6669230e-01  -1.0303246e-01   1.1623019e-01   5.9678421e-02   7.0148405e-01  -1.7422413e-01   7.6460262e-02  -9.0186371e-02  -1.2343927e-01   3.0078434e-01   6.3246945e-02   1.3043258e-01  -4.5582044e-02  -8.5771040e-02  -1.4351383e-01  -3.3833641e-01   5.2138104e-02  -6.1532019e-02   5.1520444e-01  -5.3318114e-02  -3.3200042e-01   4.4918499e-01  -3.3674744e-01   8.9786895e-02  -3.7466835e-01  -2.3862429e-02  -1.6454847e-01  -1.9499063e-01  -2.4547740e-01   4.6006790e-01  -2.0066163e-01   1.2097691e-01  -1.1350747e-01   3.3725112e-01   4.4263231e-02  -4.7454246e-03  -2.1324542e-02   7.4063534e-02  -2.2019693e-01   5.2600785e-02  -1.1176166e-01  -1.5157840e-01  -1.4596181e-01  -1.6160197e-01  -6.6057114e-02  -2.3058382e-01   2.2295401e-01  -2.2006905e-01   2.6539946e-01   1.2475214e-01  -7.1553474e-02   5.5753044e-02
  -2.4090253e-01  -3.2578073e-01   3.0634095e-02   0.0000000e+00   2.7779296e-02   2.2875496e-01  -1.5530897e-01   2.8065427e-02   4.1901686e-01  -1.8889563e-01   2.5124014e-01  -2.4407865e-01  -7.8776506e-03  -2.3704605e-01  -2.2894923e-01  -2.0173664e-01  -6.9155399e-02   3.0193564e-01   6.4428666e-02   2.0817501e-01   2.0470601e-02   6.7747722e-01   1.4652125e-01  -2.7194423e-01   7.7947741e-02   4.2464699e-01   1.2015870e-01  -4.3432870e-01  -2.1771142e-01   3.4450609e-01  -2.7209887e-01   6.5685732e-01  -2.6740183e-01  -2.0616231e-01   4.4914972e-01   2.7828385e-01  -2.5891621e-01   7.4340883e-02  -1.5637315e-01  -3.0753384e-01   3.7351380e-02  -1.9613744e-01   1.5096852e-01  -1.7752842e-01   5.2783360e-01  -9.9339146e-02   3.3891112e-01  -1.2243628e-01   1.4637677e-01  -2.2618355e-01   5.5961989e-01  -3.3956047e-02  -1.7018757e-02   7.0031241e-02  -2.3047274e-01   6.3697951e-02   1.3569270e-01   6.6870025e-01   4.0821680e-01   1.2705319e-01   4.5815333e-01   5.9681790e-02   3.2241444e-03  -4.0582437e-01   9.8253317e-02  -9.3611570e-02   3.4653926e-01   1.0310910e-01   5.7747091e-01  -3.9911073e-02  -2.2220819e-01   6.9374960e-01   1.6521662e-01  -3.0748221e-01  -1.1895289e-01   2.3993735e-01   2.7534622e-01   2.0854552e-01  -1.4593246e-03   2.4797308e-01  -1.1803239e-01   1.4325270e-01  -3.2173761e-01   2.8714064e-01  -4.3546890e-01   1.6772851e-01   7.9745770e-02  -2.3322829e-01  -1.3591123e-01  -2.3187650e-01  -1.5478166e-01   3.7034725e-01  -1.8725084e-01   4.1712217e-01   1.7197229e-01  -1.6319067e-01   2.3185970e-01   3.3454194e-01   2.4358554e-01   4.2322790e-01  -4.2881273e-01   2.6801822e-01   1.6435605e-01   3.0525909e-01   6.5932618e-01   7.0640876e-01   1.2049715e-01   5.8877333e-01   1.1870117e-01   3.2040154e-01  -2.8685842e-01   3.1142402e-01   5.4290787e-01  -3.1375233e-01  -3.0626159e-01  -2.0656183e-01   2.8723344e-01   1.7241598e-01  -3.9753242e-01   7.4570744e-01   5.7769848e-02  -1.4312527e-01   7.6441386e-02   2.7739388e-01   4.2662992e-02  -1.2819178e-01   4.8431877e-01   1.5647813e-01   7.5463315e-01  -3.1648970e-01  -2.9340534e-01  -1.0712336e-01  -2.4740675e-01   1.4222087e-01   3.5379568e-01   4.1404295e-02   2.9850593e-01  -2.6066955e-01   1.7731728e-01  -2.2731631e-01  -3.3461141e-01   3.5760895e-01   3.4933437e-01  -2.2279057e-01  -7.0592430e-02   1.6017859e-01  -3.0038271e-01   4.5665783e-02   1.2565887e-01  -1.1169534e-01  -1.7546465e-01   6.7750260e-02  -2.1405695e-02  -1.3561909e-01  -2.5307561e-01  -2.7755447e-01   2.1157391e-01   3.7996502e-01   4.0090342e-01  -6.2977736e-02   5.5286269e-02   1.7257539e-01  -3.2847841e-01   5.3577001e-01   4.5305733e-01  -1.2299795e-01   5.4528108e-02  -2.7439495e-02  -4.1415520e-02  -2.6493877e-01   7.2575110e-02   1.5108028e-01   9.5803122e-02   2.1579045e-01  -3.5494259e-02  -1.8533875e-01   7.1292630e-01
  -2.0937923e-01   3.6832860e-01   1.8510058e-01   2.7779296e-02   0.0000000e+00   9.8019143e-02   1.5879335e-02   1.2716004e-01   1.5190323e-01   3.4852822e-01  -4.6939510e-02  -6.1692156e-02  -2.7836736e-02  -2.7070366e-01  -3.4795418e-01  -6.9441776e-02   2.7184018e-01   2.3198848e-01  -1.1290257e-01   8.1699472e-01   3.0363150e-01  -1.7328092e-01  -1.7934994e-01  -2.1120981e-01  -9.6514300e-02  -2.4730533e-01   5.0970025e-01  -3.3005548e-01   7.5472920e-02  -2.1727302e-01  -7.0443457e-02  -1.8618560e-02  -7.8997579e-02   1.7779484e-01  -1.5199506e-01   6.8393799e-01   1.1106526e-01  -8.1059167e-02   2.0120143e-02   3.6700770e-01   2.8480940e-01  -1.8047097e-01   4.0070046e-01  -2.0738787e-01   3.1834677e-01   3.8802546e-02   1.7723537e-01   1.1749296e-01   4.4297527e-02   2.5110178e-01  -1.2952744e-01  -1.7794528e-01   3.0111659e-01  -9.4907948e-02  -2.4684614e-01  -3.6912575e-01  -3.6609912e-01  -1.4941571e-01  -3.6028062e-02   2.5162712e-01   1.1978455e-01   3.5301942e-01   2.7647351e-01   1.5302620e-01   1.7052359e-01   3.7545948e-01   2.4051659e-01   3.1696899e-01  -2.7586739e-01   3.9563939e-02   1.7098009e-01  -1.8690346e-02   2.6670059e-01  -2.8371033e-01   1.2229381e-01  -1.3783961e-01  -8.2099682e-03  -2.9500241e-01   5.6991931e-01  -3.6848992e-02  -4.0758430e-01  -3.0356225e-02   3.0740681e-01  -6.6827798e-02  -1.8617314e-01  -3.2790958e-01   1.5928910e-01  -2.4991305e-01   1.9988481e-01  -1.4983426e-01   6.1032866e-01   8.7352952e-02   3.4069978e-01   2.4982290e-01  -1.9608884e-03   7.0872715e-01   2.1614437e-01  -2.1450206e-01   4.8076279e-01   2.4244594e-02  -2.5170616e-01  -9.0844087e-02   6.1052996e-04   1.9697311e-01  -2.0145903e-01  -1.3650085e-01   5.3977613e-02   1.9974264e-02   1.4513680e-01   1.7651082e-01   1.8166169e-01   1.9498386e-02   1.9447509e-01  -1.6949622e-01  -3.1128516e-01   2.8613100e-01  -3.2813257e-01   2.4769519e-01  -1.2904594e-01   1.7815873e-01  -2.5611004e-01   5.8499193e-01   4.5162622e-01   3.3583994e-03  -1.5543076e-01  -2.9142743e-01  -1.1788762e-01  -1.5654595e-02  -1.4701302e-01   1.2538858e-01  -7.6332855e-02   2.1525790e-01   1.2562687e-01  -7.3008492e-02   2.9790659e-01  -2.5506441e-01   2.2960855e-01  -2.7413606e-01  -4.1736321e-01  -2.4931343e-02  -1.6051610e-01   1.3492542e-02  -3.9409011e-01   1.0762667e-01  -4.5932564e-01  -7.7913478e-02   4.7213044e-02   3.7634747e-01  -1.4982792e-01   3.5241286e-02  -3.9264242e-01  -9.6159827e-03  -3.5587297e-01   4.5827589e-01   3.6848522e-01  -1.6641622e-01  -4.8420466e-02   1.4663454e-01   1.7360297e-01  -1.5963293e-01   1.8378762e-01  -3.2221618e-02   3.8120720e-01  -3.0820019e-02  -2.8010104e-01   3.4664647e-01   4.5265707e-01  -1.5836350e-01  -1.9504450e-01   4.6754303e-01   4.7031276e-01  -6.0321441e-02   3.0266317e-01  -2.2017862e-01  -1.5020221e-01   6.4277853e-03  -6.2286621e-02
  -1.9029271e-01  -2.7109916e-01   2.7713214e-01   2.2875496e-01   9.8019143e-02   0.0000000e+00   1.5709519e-02  -3.6503647e-01  -1.5365145e-01   2.0909465e-01   1.7049978e-01   1.7712269e-01  -2.1911650e-01  -2.6575264e-01   1.9155658e-01   1.5986265e-01   2.7991930e-03   3.2051750e-01  -1.3888655e-01   2.8312812e-01   4.2512409e-02   5.3729793e-03   5.5093623e-01  -2.7403168e-01  -3.0677672e-02   1.1377623e-02   3.1254178e-03  -1.0070078e-01   1.3454411e-02   3.3597107e-01  -1.8806106e-01   2.9903603e-02  -7.4552647e-02   1.2905429e-01   4.3157551e-01   4.5839116e-01  -8.5888254e-02   3.8508939e-02  -7.2572044e-02  -1.1162517e-01  -1.2062503e-01   1.4312215e-01   2.5396625e-01   3.9862669e-02   4.4027056e-01   2.9950746e-01   4.6373483e-01   1.0931171e-01   3.2461814e-01  -1.9224727e-01   4.1775130e-01  -4.6862339e-01   1.3558243e-01   3.0639795e-01  -2.5419208e-01   3.5138924e-02   4.8214753e-01   2.4484754e-01  -1.1039405e-01   3.3212779e-01   6.5781165e-02   3.3277385e-01  -2.3938148e-01  -2.8017500e-01  -2.3554963e-01   4.4185961e-01   6.3187251e-01  -2.0071545e-03   1.5989450e-01   2.7909194e-01  -3.0869910e-01   3.6906321e-01  -8.9959513e-02  -4.5591331e-02  -7.0869400e-02  -3.4977922e-01   1.3814216e-01  -2.1783968e-01  -1.0430453e-01  -1.4259131e-01   2.3009923e-01  -7.1239862e-02   8.3283129e-02  -2.4230088e-01  -1.0685337e-01  -2.1478548e-01  -2.0860660e-01  -2.7794812e-01  -1.4098059e-02  -2.0546812e-01  -3.5293620e-01   2.6821454e-01   4.3458150e-01   4.5620903e-01   6.7329563e-02   1.9158009e-01   3.9471784e-02  -9.8413129e-02   1.6699468e-01   1.0007165e-01  -3.9651706e-01   2.6633972e-01  -3.8436052e-01   1.7174914e-03   2.2780794e-01   1.0670604e-02   7.9123630e-02   5.3653735e-02  -1.0701904e-01   1.4674217e-01   2.3724034e-01   6.4432421e-01   2.2627208e-01  -2.5843128e-01   1.1886587e-01  -5.6558749e-01  -1.5853260e-01  -1.1631160e-01  -3.0974810e-01   3.2885142e-01   1.0342823e-01  -1.2483477e-01  -3.9317637e-02   9.4099886e-02   1.8579451e-01  -2.1696754e-01   4.5612986e-01  -2.2656195e-01   1.4739907e-01   1.2845654e-01  -1.8261089e-01   2.2642791e-01  -3.5565800e-01   2.9760645e-01   3.3725716e-01  -2.2209233e-01   4.5597829e-02  -2.7237431e-01  -1.4511304e-01  -1.9532038e-01  -5.4548483e-01  -5.4529599e-02   1.1892010e-01   2.4019170e-01  -1.1071995e-01  -3.5295675e-02   3.1498350e-01  -5.8700182e-02   5.8798779e-01  -1.9312994e-01   8.9172913e-02  -2.8310076e-01   2.0955375e-01   3.7721557e-02  -1.4704822e-01  -3.3051554e-01   2.3395216e-01   5.8073391e-02   1.3615973e-03   5.1808656e-01   1.8970338e-01  -1.8677448e-01  -2.4224065e-01   2.3499042e-01   1.2788097e-01  -1.6105965e-01   1.8963071e-01  -4.4900738e-01   5.1501393e-02  -3.3775671e-01   1.2161837e-01   5.0203764e-03   1.4057284e-01   4.7742946e-01  -1.5721339e-01   1.9125511e-02   2.4391682e-02
   7.7569725e-03   1.9213539e-01  -9.8170781e-02  -1.5530897e-01   1.5879335e-02   1.5709519e-02   0.0000000e+00  -1.9816841e-01  -1.2092566e-01   2.9302258e-01  -2.8481448e-01   3.3339363e-01  -8.2789288e-02  -1.6670936e-01   3.8584964e-02   2.4322046e-01  -1.5673136e-01  -2.9590653e-01   1.0375188e-01   2.1837883e-01  -7.1546846e-02  -8.8916145e-02   1.4417584e-02   4.0569840e-02  -4.1904733e-02  -2.0334862e-01   2.6961787e-01   2.8164454e-01   1.9180358e-01  -3.6766415e-01   7.7286042e-02  -2.7217252e-01   2.9792417e-02   9.0102404e-01  -4.6185571e-01  -7.1119125e-02  -1.8137141e-01  -3.0925645e-01   1.2812944e-01   3.3228764e-01  -2.7427419e-01  -5.5858502e-02   1.6712792e-01   1.0657417e-02  -2.0930570e-01  -2.7051697e-01  -3.5112680e-01  -7.6607529e-02  -2.9146716e-01   1.6825377e-02  -3.8433114e-01  -1.4688974e-01  -2.6871500e-01  -3.1304792e-01  -1.9988910e-01  -8.4794204e-02   4.5755334e-02  -2.9338436e-01  -1.9519713e-01  -1.6315456e-01  -2.9553675e-01   1.2358845e-01   1.5544509e-01   1.7302426e-02  -2.1468356e-02   3.9161480e-01  -9.6401317e-02   1.1242615e-01  -3.3803060e-01  -4.4831003e-02   3.3389676e-01  -2.7210769e-01   3.4135498e-02   6.3836892e-02  -1.3860427e-01  -1.8850125e-01  -3.6490738e-01  -6.2191206e-02   2.6866670e-01  -2.4263469e-01   2.2732885e-01  -1.1832507e-01   2.5049937e-02  -8.4108308e-03   1.1904418e-02  -1.3637812e-01  -2.6718649e-01   1.9447845e-02   2.5742989e-01  -9.3300887e-02  -2.9230357e-02  -3.4126745e-01   2.8058405e-01  -4.1253102e-01  -4.2036438e-01   2.4026860e-01  -5.9774486e-02   6.1200789e-03  -3.0501583e-01   4.3413867e-02   1.5046150e-01  -2.4469903e-01  -1.7868967e-01  -4.1539301e-01  -2.7760052e-01  -5.5973835e-02  -1.7054488e-01  -9.6133055e-02   2.3763754e-01  -2.0995848e-01   7.3765328e-01  -9.1364874e-02   1.4398114e-02   1.8424873e-01   2.2202249e-01   1.5290929e-01  -1.7832692e-01  -1.4594977e-01   2.2018793e-01  -2.0003231e-01  -3.7260788e-01   3.6421288e-01  -2.0642165e-01  -4.0364881e-01  -3.4424728e-01  -1.6450331e-01  -3.5874712e-01  -7.8537691e-02   1.2321867e-02   3.8022611e-02   3.0119417e-02   2.6169040e-01  -8.1114415e-02  -1.4618238e-01   2.2325400e-02   2.0680212e-02   5.6465916e-02   3.8726403e-02  -2.9855624e-01   2.1733258e-01   1.1038889e-01  -1.4890556e-01  -9.0942718e-02   3.5306861e-02   3.3306130e-01  -3.9396595e-01   4.3826623e-01  -1.4202497e-01   2.2925319e-03   2.8642039e-01  -2.5085782e-01  -6.4862070e-02  -8.6159849e-02  -2.4755934e-03   1.5263424e-01   5.2039749e-02  -3.6431068e-01  -1.5900749e-01  -2.4294507e-01   1.4884157e-01  -1.8026798e-01  -1.2834631e-01   3.1162649e-02  -3.3792893e-01  -1.9507754e-01   6.7590763e-01   2.1184530e-01   1.6226728e-01  -1.2761072e-01   1.2012730e-01   1.9580410e-01  -3.5326493e-01  -1.7250690e-01  -1.1959720e-01   1.4777890e-01   2.7522484e-02  -4.9651463e-02
  -1.4965207e-01   2.1974102e-01  -1.9672077e-01   2.8065427e-02   1.2716004e-01  -3.6503647e-01  -1.9816841e-01   0.0000000e+00   2.1526281e-01  -2.0018185e-01   2.0301655e-01  -3.5137077e-01   1.0473501e-01  -8.0476615e-02  -8.2463470e-02   1.4782631e-01  -9.6643570e-02   1.2250503e-01   2.7511663e-01  -6.7480924e-02  -1.2261816e-01  -4.8085425e-02  -3.2034304e-01   5.9349697e-03  -1.2897412e-01   2.7193948e-02   1.5315872e-02  -1.1097818e-01   3.7220485e-03   1.9765457e-01  -6.2559226e-02  -3.7088848e-02   2.1552303e-01  -2.5232627e-01  -2.0919174e-01  -8.8582517e-02   4.1746997e-02   7.0881586e-02   2.7758592e-01  -2.4492084e-02   1.7741161e-01   1.0610082e-01   1.2306485e-01  -4.7969256e-02   1.1754731e-01  -7.4593067e-03   4.7496913e-02   1.4418628e-01  -2.9046774e-01  -6.7027164e-03  -1.4406087e-01   3.4428808e-01   3.2732406e-01  -3.7805862e-01  -3.0831162e-02  -5.9476495e-02  -1.6249551e-01  -1.9501067e-01   2.0914717e-01   7.8319500e-02  -1.0287439e-01  -1.0444071e-02   3.4652254e-01   1.3569303e-01   2.2095249e-01  -2.4884612e-01   9.3519510e-03  -4.0276049e-02  -9.6492344e-02  -6.5174380e-02   1.8570662e-02  -1.3559345e-01   1.8677857e-01  -1.7344915e-01  -3.8342047e-02   1.0537421e-01  -7.3562191e-02   1.8524790e-01   1.5036057e-01  -6.7464539e-02  -2.0444728e-01   1.1781505e-01  -1.4445688e-01   1.6898728e-01  -1.9885273e-01   1.6419664e-02   1.0447404e-01   9.7346402e-03   9.8097842e-02   1.2678159e-02   2.8510956e-01  -1.7162768e-01  -1.9784928e-01   1.6286385e-01  -2.8958526e-02  -1.3754100e-01  -1.3288382e-01   3.4399757e-01   2.4781709e-01  -2.4263586e-01  -1.1738610e-01   2.3709238e-01   2.3059980e-01   3.6450288e-01  -1.2275969e-01   1.0851603e-01  -2.6818755e-01   2.2827044e-01  -2.5604952e-01   3.7813889e-01  -2.8332997e-01  -2.0970747e-02  -2.4938846e-02  -1.5014770e-01  -2.9158450e-01   2.8563436e-01   1.4762198e-01   1.1533930e-01   2.4416268e-02  -2.5958735e-01  -9.8839566e-02  -6.1809089e-03   1.9044976e-01   3.0416187e-03   2.3565360e-03  -1.0706027e-01  -1.8721364e-01  -2.6505040e-02  -4.9067724e-02  -1.1846128e-01   2.0351648e-01  -2.3671603e-01   1.0170392e-01  -8.8158802e-02  -2.0629990e-01   2.6502804e-01  -9.5440654e-02   2.3407840e-02   5.2590318e-02  -8.2443713e-02   2.8913407e-02   4.4253870e-02   1.1680803e-01   1.0848093e-02  -3.5905420e-01   1.0575728e-01  -2.8719275e-01   3.4007627e-01  -2.2704419e-01  -6.5229922e-02  -6.4501327e-02   2.1558663e-01  -1.8509216e-01   2.3674884e-01   1.3002321e-01   8.1902147e-02  -2.1992237e-01   4.2255887e-02  -1.1567760e-01  -1.4985740e-01   8.4394262e-02   6.3369974e-01   3.7974858e-02   3.2783124e-01  -1.3282103e-01   2.1251552e-02   2.3142956e-01   8.2253732e-02  -2.8881662e-01   1.3944007e-01   2.1756880e-02  -9.8644031e-02   2.1203611e-01  -1.6323814e-01   9.8954227e-03   1.6530298e-01   8.6650168e-03
  -7.9074255e-02   7.2621427e-02   1.6499755e-02   4.1901686e-01   1.5190323e-01  -1.5365145e-01  -1.2092566e-01   2.1526281e-01   0.0000000e+00  -1.1208459e-02   3.4520080e-02  -8.6551856e-02   1.5345015e-02  -2.2278832e-01  -1.3981455e-01  -1.8379420e-01   1.0567024e-01   8.8111288e-02  -7.1297291e-02   1.7431092e-01  -7.9939606e-02   2.5384445e-01  -2.5529815e-01  -8.6770208e-02  -1.4762621e-01   2.1845760e-02   1.2016315e-01  -2.8420788e-01  -2.0658638e-01  -2.1829937e-02  -1.7858660e-01   2.3619291e-01  -1.2951004e-01  -1.8086893e-01  -7.1356704e-02   8.6004027e-02  -1.6718412e-01  -2.3169109e-02  -8.6282341e-02  -5.6384752e-02   7.2582044e-02  -2.7490240e-01   2.3673174e-01  -1.5564575e-01   2.3552256e-01  -1.9641038e-01  -1.8080336e-02  -1.9134863e-01  -2.8453493e-01   9.7911859e-02   6.6326402e-02   1.0196278e-01  -6.0068877e-02  -1.7396349e-02  -1.7134216e-01  -4.3203390e-02  -1.8056108e-01   1.5756959e-01   2.4365297e-01   2.1405378e-01   2.3567544e-01  -8.0164439e-02   3.7290181e-01  -1.0973179e-01   3.7938726e-01  -1.5636962e-01  -8.4402685e-03   1.4795156e-01   1.9419149e-02  -1.5474866e-01  -6.5301701e-02   2.0002804e-01   2.3129360e-01   1.3605095e-02  -5.4451755e-02   2.0703243e-01  -1.0581863e-02   7.2528572e-02   3.5869082e-01   1.0117786e-01  -3.0994396e-01  -1.2196455e-02  -2.4553510e-01   1.2967433e-01  -2.0330727e-01  -9.6098552e-02   4.4061740e-01  -6.1710079e-02  -1.7314574e-01   1.4104756e-03   3.5757790e-01   2.0455769e-01  -9.0421974e-02   2.8457041e-01  -9.2058996e-02  -9.4198493e-02   1.1956191e-01   1.3505888e-01   1.5689107e-01   2.3342276e-01  -2.2255405e-01  -2.8306853e-02   1.5151953e-01   5.7996828e-01   1.6915828e-01   2.2441571e-01   5.5609585e-02   2.9853675e-01   1.3088445e-01   2.0296150e-01  -1.9435435e-01   3.4520599e-02   4.2588804e-01  -8.8021524e-02  -1.6329566e-01   2.5000806e-01   7.3447966e-02   1.4631423e-01  -6.3080422e-02   3.3922979e-01  -1.8828447e-01   3.1497584e-01   2.9938606e-01   3.5853973e-01  -7.0573697e-02  -4.0342118e-02   1.3962680e-01   1.2460134e-01   2.0965150e-01  -2.3403531e-01  -1.9259401e-01  -2.1485136e-01   4.6200340e-02  -2.7065169e-01   2.9533440e-01  -1.5452051e-01   7.4860126e-02  -2.2141695e-01  -9.3978698e-02  -1.0597228e-01  -8.9856976e-02   1.1357402e-01  -8.6006670e-02   2.2624965e-02  -1.1953793e-01   5.8158234e-02  -1.4956003e-01   3.3440218e-01  -2.0620471e-01   8.2792444e-02  -1.5131988e-01  -1.7152156e-02  -1.1120653e-01   5.7265889e-02   1.9930405e-01  -9.6485626e-03  -1.1260162e-01   1.2009897e-01   1.9627114e-01  -2.3258355e-01   4.7738152e-02   2.0694958e-01  -7.9282959e-03   2.0916752e-01   1.1126746e-01   1.6846066e-01   1.5347643e-01   7.6044963e-02  -2.6036210e-01   8.2164123e-02   2.2264322e-01   3.3248370e-02   8.0380051e-03  -1.4542761e-02   1.8489180e-01  -2.0383996e-01   4.0421906e-01
  -1.0407635e-01   1.0596950e-01   3.4408606e-01  -1.8889563e-01   3.4852822e-01   2.0909465e-01   2.9302258e-01  -2.0018185e-01  -1.1208459e-02   0.0000000e+00  -2.6072823e-01   1.8754215e-01  -3.4865098e-01  -8.5755692e-02  -8.2632253e-02  -4.9696161e-02   2.6359056e-01   4.1126035e-02  -1.1320212e-01   5.8959015e-01   2.4326082e-01  -1.8743206e-01   1.4606463e-01  -1.5815768e-01  -2.6360177e-01  -4.5197322e-01   1.0645680e-01   1.5088228e-01   1.5513424e-01  -3.6519606e-01   1.0273875e-01  -2.0283329e-01  -1.8129050e-01   4.2402314e-01  -1.3980480e-01   3.1092205e-01  -1.2772928e-01  -1.6473067e-01  -1.8395657e-01   3.9809209e-01  -8.0731195e-02  -9.8428234e-02   4.6023700e-01   1.4446139e-01   7.9814063e-02  -7.7153029e-02  -1.5677787e-01  -2.3908816e-02  -8.7484810e-02   2.7179910e-01  -6.0758753e-02  -3.0702238e-01  -3.1199664e-02   4.3630955e-02  -2.7686251e-01  -6.0565006e-02  -2.7257305e-01  -9.8965455e-02  -4.4652730e-01   1.8899658e-01  -9.5508155e-02   2.6822400e-01   2.8718764e-02   1.1104866e-01  -2.1343741e-01   7.0298525e-01   1.1654912e-01   1.5026706e-01  -4.6431579e-01   2.0024892e-01   9.4741788e-02   5.8667396e-02  -8.0240061e-02  -1.5657521e-01   2.6769069e-01  -2.0557864e-01  -1.9835081e-01  -1.5717962e-01   3.6957236e-01  -3.9592981e-01   2.0143555e-01  -2.6466880e-01   2.5181651e-01  -3.0215934e-01   1.4451237e-01  -3.8307611e-01   4.2463810e-02  -1.8216595e-01   1.1220589e-01  -2.6613716e-01   1.6133118e-02   1.3139134e-01   4.6533063e-01   6.7332923e-02  -8.6718070e-02   6.0512044e-01   1.6544898e-02  -3.8498142e-01  -9.1638339e-02   1.6433528e-01  -2.4021173e-02  -3.9102015e-01  -8.7423919e-02   2.0978296e-02  -6.8644297e-02  -3.8056897e-01   8.1794670e-02  -4.1883019e-01   9.8356966e-02  -2.9308621e-01   5.6668449e-01  -4.8007899e-02   7.0330191e-02  -2.6214289e-02   3.0952029e-01  -3.1528851e-02  -3.6718904e-01  -5.7309392e-02   2.5428138e-02   1.9044082e-01  -2.9754611e-01   3.8620317e-01   3.9095612e-01  -6.5511614e-02  -3.2713606e-01  -3.4828221e-01  -8.9488821e-03  -1.5679675e-01  -1.4749977e-01   3.1555290e-01  -1.3926278e-01   3.1707816e-01   1.6068088e-02  -1.0605437e-01   5.2908715e-01  -2.9370100e-01   1.2175830e-01   2.6394876e-02  -4.6069671e-01   2.6791501e-02  -3.7882786e-03  -1.1336340e-01  -5.2792672e-01   4.7993055e-01   9.3257798e-02  -7.2836411e-02   4.8463410e-01  -5.7513922e-02   6.2347481e-02   1.0856401e-01  -3.0035315e-01  -1.9551469e-01  -3.4093904e-01   5.3967750e-02   3.4304560e-01  -1.5339628e-01  -7.9471326e-02  -2.0533225e-01  -6.1261891e-02   2.8884938e-01   1.9367636e-01  -3.1389278e-01   8.9417242e-02  -2.1278555e-01  -3.4602324e-01   2.9433762e-01   1.3062112e-01  -1.6958736e-01  -1.8894946e-01   1.7143681e-01   1.6572082e-01   1.3977921e-03  -3.0837181e-02  -8.1389241e-02  -2.1893353e-01  -8.9862228e-03  -2.1022301e-01
  -2.6591211e-01  -1.1286731e-01  -1.5776894e-01   2.5124014e-01  -4.6939510e-02   1.7049978e-01  -2.8481448e-01   2.0301655e-01   3.4520080e-02  -2.6072823e-01   0.0000000e+00  -2.9599656e-01   2.1561153e-01  -7.8109573e-02   5.8675950e-02   1.5349078e-01  -2.1554561e-01   5.9143243e-01  -1.8657191e-01  -1.2803412e-01   2.6400747e-01   2.4384341e-02   2.7452486e-01  -2.7850557e-01   2.3694305e-02   1.1843953e-01  -1.0655903e-01  -2.2935861e-01  -6.5958305e-02   4.6694095e-01   2.7966768e-02   9.8463963e-02   7.4429320e-02  -3.2573898e-01   1.9751876e-01   2.1445403e-01   2.3758997e-01   2.8617197e-01   1.8899447e-01  -4.6687254e-01   9.9167703e-02   7.6461956e-02   4.7771896e-02   1.6983453e-01   3.6957458e-01   1.5786942e-01   6.0286736e-01   5.1958323e-01   2.3265572e-01  -4.1360961e-01   3.2224538e-01  -1.2292433e-01   3.6506178e-01  -1.5575543e-01  -1.2780938e-01  -3.3001041e-02   7.6707025e-02  -4.2234176e-04   3.2696473e-01   6.9120981e-03   9.0978455e-02   2.1507467e-01  -1.9536311e-01  -8.7179766e-02   2.0307798e-01  -3.6779486e-02   1.6477412e-01  -9.0835905e-02   4.7169206e-01  -1.9230035e-03  -4.0978224e-02   9.0548397e-02   1.9152087e-01  -2.4468887e-01  -2.0801180e-01   4.3390959e-02   2.7045528e-01  -6.5347063e-02  -1.2023927e-01  -7.7685708e-02   3.2161539e-02   3.4482630e-01  -1.9280835e-02  -4.0629754e-02  -1.9574143e-01   6.7700637e-02   3.4466817e-03  -3.0987175e-01  -6.2813701e-02  -2.5502480e-01  -1.0086648e-01  -2.6856937e-02  -2.5982869e-01   4.0749529e-01   2.0443162e-01  -3.0756901e-01   1.5090310e-01   6.2247984e-02   3.3583171e-01   1.7629414e-02  -6.7575708e-02   4.3609019e-01  -2.1910059e-02   1.4920149e-01   1.5584847e-01   2.0771206e-01  -2.2866618e-01   2.3808800e-01  -3.1932063e-01   3.5348076e-01  -2.9776602e-01   3.1501082e-01   8.8560429e-02  -3.2317796e-01  -2.2791388e-01  -1.3814006e-01   5.2304095e-02   2.6008777e-01  -3.1030628e-01  -1.0783165e-02   8.8330018e-02  -3.6802031e-01  -1.6103696e-01   2.5358987e-01   2.8675507e-01  -2.5271614e-01   3.5775427e-01  -2.2702573e-01   6.9548998e-02  -7.3562649e-02   2.0594323e-01   2.4930012e-01  -2.7497458e-01   4.3268209e-01  -1.7334530e-01   6.4270715e-02  -2.5381454e-01   1.1283384e-01   1.5471614e-01  -3.8296284e-01  -2.4640623e-01  -3.3597165e-02   3.2482730e-01  -2.2164381e-01  -1.3472966e-01   4.7749348e-01  -2.5512601e-01   2.7003688e-01   2.3113910e-01  -6.2530242e-02   1.2741304e-01   8.3305448e-02  -5.1384760e-03   3.7503988e-01  -4.2129722e-01  -2.5215190e-01   1.3631674e-01   3.3546975e-01  -1.0702925e-01   1.8054220e-01   2.2035362e-01   2.8249614e-01  -3.0778805e-01   5.7157331e-01   3.3089480e-02  -2.7010275e-01   2.4708003e-01  -2.1433268e-01  -1.2683976e-01  -2.4050824e-01   9.0712653e-02   2.6379775e-02   2.9218996e-01   2.9760234e-02  -1.9994014e-01  -1.2336165e-03  -4.0587824e-02
  -1.2980468e-01  -3.9826166e-02   4.2324561e-01  -2.4407865e-01  -6.1692156e-02   1.7712269e-01   3.3339363e-01  -3.5137077e-01  -8.6551856e-02   1.8754215e-01  -2.9599656e-01   0.0000000e+00   9.6658375e-02  -9.9549270e-03   2.8279340e-01   5.8665801e-02   5.4060866e-01  -3.6121154e-01   2.8658986e-02   1.1609858e-02   5.0401183e-02  -2.1540344e-01  -1.5144160e-01  -2.6903420e-01   1.9764680e-01  -2.0058229e-01   1.3459812e-02   3.8794177e-02  -1.2760423e-01  -3.4645592e-01   2.2815890e-01  -2.5415772e-01   1.8374565e-02   3.7564284e-01  -2.3104874e-01  -1.2268153e-01  -1.5684190e-01  -1.8818575e-01   1.2370778e-01   4.0763509e-01   6.3992116e-03  -7.2532534e-02  -2.0764426e-01   2.9779736e-01  -4.6167706e-01   1.3678658e-01  -2.2369664e-01  -1.7705919e-01  -1.1642117e-01   5.2407650e-01  -3.8683175e-01  -2.6858448e-01  -4.1059692e-01   9.1640021e-02   1.4537423e-01  -1.6909972e-02   2.3523202e-01  -3.0806114e-01  -2.4644529e-01   2.2083866e-01  -2.3463179e-02   4.1991692e-02  -5.1448720e-03   1.4580715e-02  -2.5967546e-01   1.3356130e-01  -1.3264729e-01  -9.2294919e-02  -1.4698291e-01   1.7135527e-01   2.7499885e-01  -3.1635735e-01  -5.6822241e-02   1.0476467e-01   1.8974806e-01  -2.1494313e-01  -5.1178112e-02   3.4654462e-03   2.6450390e-02   6.8855391e-02   4.3452899e-02  -1.3108574e-01   3.0727826e-01  -1.1898242e-01   5.5040846e-01  -1.4375062e-01  -1.3141856e-01  -2.1037497e-01  -1.0189703e-01  -3.3407654e-01  -9.0809079e-02   1.2929540e-01   6.3470557e-01  -3.7689981e-01  -1.8603074e-01   2.3834917e-01   4.4509110e-02  -2.0420468e-01  -2.5227959e-01  -4.2693679e-02   3.1804553e-01  -4.4927600e-01  -2.2549843e-01  -3.4320860e-01  -3.7607540e-01  -2.8912316e-01   2.5523100e-01  -2.4929842e-01   1.8764935e-01  -4.1206577e-01   6.0565116e-01  -1.8762544e-01   7.3490134e-03  -1.3252254e-01   4.9055987e-01  -1.0174756e-01  -3.0965281e-01  -6.7971216e-02   8.8048371e-02  -2.2670797e-01  -3.4593634e-01   3.2113833e-01   7.7188757e-02  -1.7124321e-01  -1.0050255e-01  -2.3111489e-01  -2.4882748e-01   6.8179357e-02  -2.0458261e-01   3.3326951e-01   2.0342643e-02   2.7856936e-01   1.2242159e-01  -7.6941176e-02  -1.6095703e-01  -1.5624388e-01   1.2821373e-03   1.8538965e-02  -3.1353003e-01  -1.9792094e-01  -1.6460609e-01  -1.5533381e-02  -1.5393257e-01   6.2257037e-01   2.7421741e-01  -2.4475853e-01   7.9676480e-01  -3.9236174e-01  -9.9448244e-02   5.9577081e-02  -1.6877496e-01  -2.3481215e-01  -1.7591337e-01  -9.4239829e-02   4.3672606e-01  -2.2043534e-01  -2.3977501e-01  -2.5871553e-01  -5.1155745e-03  -5.2534517e-02  -1.5703821e-01  -2.1783980e-01   2.3134146e-01  -4.7384776e-01  -1.9301228e-01   2.5374182e-01  -6.8527264e-02  -1.1245625e-01  -8.5142347e-02   1.6337831e-01  -2.0587020e-01  -9.4718277e-02  -4.1810520e-01   4.1630785e-01   1.8832709e-01   3.0330634e-02  -1.9427719e-01
   1.1493227e-01  -1.4409339e-01  -1.1234594e-01  -7.8776506e-03  -2.7836736e-02  -2.1911650e-01  -8.2789288e-02   1.0473501e-01   1.5345015e-02  -3.4865098e-01   2.1561153e-01   9.6658375e-02   0.0000000e+00   1.6912802e-01   1.1390240e-01   1.6203864e-01   1.0634591e-01   8.4426967e-03   5.7051428e-03  -2.4933175e-01   9.7392907e-02  -2.3718297e-02  -1.1234964e-01  -3.6107681e-02   6.0605511e-02   1.8557805e-01  -8.8091150e-02   1.2958240e-02  -9.9647347e-02  -1.0779446e-01   7.7450260e-02  -9.9929134e-02   2.1046433e-01  -1.7898199e-01  -9.9641386e-02  -1.5740768e-01   1.9915195e-01   3.9350830e-02   3.9779766e-01  -2.5952929e-02   5.7926615e-01   4.5958411e-02  -4.5019426e-01   7.2732229e-02  -2.5283936e-01   4.7381364e-02  -1.6546532e-02  -3.5815564e-02   1.1726191e-01   9.8430553e-02  -1.1167960e-01   1.8850032e-01  -1.1016703e-01  -9.1908483e-02   2.1430338e-01   5.7782188e-02   1.8445319e-01  -1.8566478e-01   4.5097453e-01  -3.5354946e-01   2.9176739e-03   8.4578769e-02   1.1411989e-01  -4.9334749e-02   4.0604474e-02  -2.2498408e-01  -1.8437102e-01  -1.3745948e-01   1.9585587e-01  -1.2680670e-01   1.1057973e-01  -3.2091909e-01   4.0972058e-01   1.7926089e-02  -2.4616085e-01  -1.1042055e-01   7.4420117e-02   2.2436525e-02  -2.3450653e-01   3.1844632e-01   6.5277960e-03   3.9380422e-01   7.0213814e-02   2.7659302e-01   1.5278010e-01   1.2148922e-01  -1.9343045e-01   8.4475214e-02   9.3958401e-02  -6.4490239e-02  -4.1065701e-02  -1.0327466e-01   1.1147066e-02  -3.2264396e-01   1.5314575e-02  -7.3940801e-02   1.0155822e-01   1.3035661e-01   3.3433976e-02  -1.8774895e-01   2.1836085e-01  -3.2665657e-02   7.2391077e-02  -2.6698914e-01  -2.6069584e-01   4.3049651e-02   9.6371792e-02   1.8255901e-01   8.5848212e-03  -7.3173008e-02  -8.4777356e-02  -3.3911701e-01  -1.8179028e-01  -2.0063578e-02   4.3637686e-02  -1.5663324e-02   1.8271966e-02   6.0042227e-01   1.4782702e-02  -2.6787754e-01  -6.2560091e-02  -1.6634364e-01  -3.4563285e-01  -1.0465699e-01  -2.1796633e-02   1.3258619e-01  -2.1140955e-01   1.1752620e-01  -1.0184414e-01  -9.8292552e-02   3.9929022e-01   5.7935757e-02   3.5369764e-02   4.0252387e-02  -4.2338015e-01   1.3022046e-01  -1.0126298e-02   1.0579164e-01   1.6691621e-01  -2.3654060e-02   2.0118639e-01   1.6025132e-01   1.9697455e-01   7.1978420e-04   1.3050524e-01  -9.4256375e-02  -2.8946040e-04  -1.7864945e-01  -1.5596685e-01  -5.6613844e-02   7.2645980e-02   1.1553162e-01  -3.9023430e-02  -5.4102905e-03  -3.5740324e-02  -7.2225145e-02   6.4876486e-02   3.6591693e-01  -7.7744684e-03  -1.6427798e-01  -2.3557144e-01   1.0995789e-01   1.1449368e-01  -8.6758468e-02   2.4771498e-02  -1.3543576e-01  -2.2001886e-01   2.0273524e-01   1.4650944e-01   1.2666713e-01  -2.7119708e-01  -1.8060924e-01  -7.5714048e-02   1.1348458e-01   1.5733514e-01   2.0137693e-01  -5.2478290e-02
   4.0910947e-01  -1.0852287e-01  -2.3382977e-01  -2.3704605e-01  -2.7070366e-01  -2.6575264e-01  -1.6670936e-01  -8.0476615e-02  -2.2278832e-01  -8.5755692e-02  -7.8109573e-02  -9.9549270e-03   1.6912802e-01   0.0000000e+00   6.7642083e-02  -1.3628427e-01  -3.8379196e-03  -3.7019654e-02  -4.2107767e-02  -3.6242777e-01   2.7707533e-01  -1.6237922e-01  -1.7676851e-01   2.4591208e-01   1.1002702e-01  -2.8805650e-03  -2.5472537e-01   2.6525135e-01  -8.1932147e-03  -8.8306038e-02   4.0184072e-01  -2.3640595e-01   1.0105655e-01  -2.8237576e-01   2.1450551e-01  -3.6035859e-01   1.9114970e-01  -1.6123448e-01   5.2348992e-02  -2.3911112e-02   1.9007564e-01  -9.2518141e-03  -3.2024194e-01   3.2491126e-01  -3.5578274e-01  -1.8849982e-01  -3.8999454e-01   1.4328179e-01   1.4767415e-01  -5.3548972e-03  -1.0652512e-01   1.2789344e-01  -7.1797196e-02   2.6208343e-01   7.3260321e-01   1.8870573e-01  -8.5929243e-02  -6.6892264e-02   5.2365326e-03  -2.6361525e-01  -4.8259151e-02  -1.5931702e-01  -3.0865634e-01   2.8833949e-01  -2.1988856e-02  -2.9424206e-01  -1.6622844e-01  -4.4613457e-02  -6.9167953e-02  -2.6439598e-01   2.2139134e-01  -1.0286032e-01   6.3625695e-02   1.9497948e-01   9.9519632e-02  -3.1716856e-02  -1.6353151e-01   2.7027812e-01  -4.6103317e-01   3.1035666e-01   1.1262007e-01  -1.7113921e-02   2.5264846e-01   4.5460352e-02   5.6896687e-01  -6.5671930e-04   2.8900540e-01   2.9465771e-01  -2.4251457e-01   1.5358025e-01  -1.6236057e-01  -1.7232575e-01  -3.4067123e-01  -2.9389598e-01   3.8424839e-02  -2.2839397e-01   6.3230254e-02  -3.5187453e-02  -1.6304538e-01   2.4252075e-02   5.6356549e-01  -3.1660782e-01   1.5022053e-01  -1.5570085e-01  -2.1391463e-01  -3.0390428e-01   3.1401299e-01  -1.7856621e-01   6.1212845e-02  -3.6846560e-01  -1.6632921e-01  -4.5337469e-01  -2.9821015e-01   2.8479353e-01   2.1659820e-01  -1.0237980e-01   1.3747390e-01  -5.9192974e-02   1.3660999e-01  -1.4672236e-01   7.0609543e-02  -3.7581019e-01  -9.3571279e-02   1.8712865e-01  -1.7428511e-01   3.3565096e-01  -4.7278105e-02   1.6266864e-01  -2.6893219e-01   6.0686383e-02  -3.7633796e-03   1.0981183e-01   3.9951273e-01   2.2458454e-01  -1.9427681e-01  -1.9915539e-02   1.3411886e-02   4.3370083e-01   5.6899748e-02   2.7272301e-01   4.4646106e-01   1.7162142e-01  -1.2935071e-01  -1.4618718e-01   2.8299866e-01   3.5861721e-01   3.4238485e-02  -3.0023260e-01  -3.0333777e-01   1.0627896e-01   1.4014942e-01   2.2055511e-01   1.1627533e-01  -1.9042382e-01  -2.1825177e-01   7.3569640e-02   1.5791690e-01  -6.4183841e-02   3.3295094e-02  -5.4124355e-02  -1.5233794e-01  -1.5424776e-01   2.3603876e-01  -1.0737183e-01  -6.7017143e-02  -4.1281696e-01  -5.6242097e-01   1.6869438e-01   3.8098095e-01  -3.2888071e-02  -4.5931930e-01  -3.5409960e-02  -8.4020230e-02  -8.6870317e-02  -5.4728072e-02  -4.6588680e-02  -1.4142121e-01
