   0.0000000e+00  -3.3528579e-01  -2.5978171e-01   7.8874979e-02  -3.0714281e-01  -2.3879554e-01  -3.2163300e-01   3.7062759e-01  -5.7212838e-02  -3.2281410e-01  -3.2518179e-02  -3.1093401e-01  -1.9205597e-01   6.0696447e-01  -7.7151689e-02  -1.1536142e-01  -8.8791964e-02   2.0872496e-02  -4.4072963e-02  -2.0305197e-01  -2.7287154e-01   8.4169431e-02  -4.3865266e-01   9.0331660e-01   5.5470633e-02   2.0955855e-01  -3.3746346e-01   1.5344480e-01  -7.0506221e-02  -1.7061150e-01   1.1205762e-01  -3.4016307e-03   2.7211573e-01  -4.2458410e-01  -1.9648672e-01  -2.8796718e-01  -4.4337309e-01   6.4561115e-01  -2.1668067e-01  -2.6266112e-01  -8.3941044e-02   8.8141094e-02  -2.2715066e-01  -1.8144698e-01  -1.1231828e-01   4.8025402e-01  -1.9250949e-01  -4.5240127e-01  -1.2004834e-02  -2.5781632e-01  -6.0366152e-02   3.9712143e-01  -4.5390347e-01   1.0316567e-01   7.2452928e-01  -2.1183725e-01  -5.6546451e-02  -7.8059765e-02   2.2976411e-01  -3.5795367e-01   4.5809097e-01  -7.7298118e-02   1.8065938e-02  -2.8941309e-01  -2.6266314e-01  -2.8287761e-01   1.5276553e-02  -8.2080097e-02   1.0581069e-01  -8.4382578e-02  -2.9736716e-01  -1.9040326e-01  -1.8846838e-01   7.8748934e-02  -1.2315046e-01   7.0033268e-02   3.8489643e-01   2.0954844e-01  -3.7282267e-01  -1.0225225e-01  -3.1620535e-01  -2.8626440e-01  -2.9580415e-01   1.0456219e-01   6.2107732e-01   7.7042035e-02  -1.7858297e-01   5.5220662e-01  -1.5356036e-01   8.5220930e-01  -7.3359430e-02   2.9643061e-01  -1.6078590e-01  -6.3608488e-02   6.3019472e-01  -6.7450921e-02  -2.4873079e-03   8.0063863e-02  -1.7968381e-01  -4.4162272e-01   5.3576041e-01  -2.2910049e-01  -5.3641317e-02  -1.9237295e-01  -5.6121768e-02   4.7678242e-02  -9.5909926e-02   1.5039083e-01  -3.3168320e-01  -1.4532586e-01  -3.0912007e-01  -4.5924034e-01  -6.5191522e-02   8.5687374e-01   3.2504174e-01  -3.4274939e-01  -1.6309000e-01  -4.8902824e-02   5.4667767e-01  -5.5914034e-02   6.1460761e-01  -5.7531980e-02  -1.6228768e-01   1.5357482e-02   5.6962619e-01  -7.0483107e-02   9.0496538e-04  -1.8123350e-01  -7.0583957e-02  -7.3955696e-02  -2.3795508e-01  -3.9726704e-01   3.3578075e-01   1.5518156e-01   1.0022228e-01   3.1723553e-01  -1.1287404e-01   2.1485810e-01   1.4767143e-01   7.7963407e-01   8.5492254e-01  -1.9903951e-01   1.5887686e-01  -3.1943754e-01  -3.3400634e-01   8.5519472e-02  -4.2499653e-01  -2.6199652e-01  -3.0490781e-01  -3.1859377e-01   5.0206893e-01  -5.8772204e-02   6.9555240e-01  -2.2937639e-01  -2.9862343e-01   8.1927617e-01   5.5946221e-01   2.4650083e-01   2.5880761e-01  -1.8938349e-01  -8.0563998e-02   1.9435268e-01  -2.7317609e-01  -2.7572324e-02   5.1923177e-02  -2.9852763e-01  -9.7633438e-02   2.1607528e-02   7.1242491e-01  -2.3881409e-01  -2.0797608e-01   5.1137341e-01  -9.6183199e-02   5.6894943e-02  -2.1781258e-01   1.6719130e-01   1.4203317e-01
  -3.3528579e-01   0.0000000e+00   5.4723349e-01  -3.6844070e-01   6.3986789e-01  -3.0363279e-03   5.3941439e-01  -4.0349816e-01   5.3563825e-01   5.9405572e-01  -5.6305530e-02   7.9591851e-01   2.0080358e-01  -4.0919316e-01   1.6420009e-01   1.4759605e-01   2.7927768e-01  -4.8748102e-01  -1.2259101e-01   5.5083523e-01  -1.2423568e-01  -4.7146979e-01  -3.3019747e-02  -3.8219347e-01   1.9724848e-01  -5.5717690e-02   5.5595021e-01  -3.1262610e-01  -9.2284967e-02  -2.6025036e-01  -3.8995027e-01  -3.8560900e-01  -4.6964504e-02   7.1311698e-01  -7.4844121e-03   5.6650188e-01   4.8801608e-01  -6.1465801e-01   1.9276883e-01   7.9806396e-01   2.4356620e-01  -1.1176945e-01   5.4533609e-01   2.3305091e-01   1.1657989e-01  -5.8412927e-01   3.8434132e-02   5.3892031e-01  -4.8924913e-01   6.7680127e-01  -5.0026056e-01  -4.4565648e-01   6.3918397e-01  -7.6181722e-02  -4.7400118e-01  -2.1226391e-01  -3.8329742e-01  -4.4833981e-01  -2.6717508e-01   4.6325849e-01  -5.7770504e-01  -2.0080349e-01   3.1621078e-01   5.2678570e-01   4.1053181e-01   5.8600375e-01  -2.2783491e-01  -1.0539574e-01  -6.1616682e-01   3.7946289e-02   8.6695711e-01  -4.7974171e-01   3.7748125e-01   2.8779413e-02   2.1342858e-02  -3.0301288e-01  -4.4985715e-01  -4.9073744e-01   6.6086593e-01   1.1458716e-01  -3.5169460e-01   2.5487104e-01   7.2213799e-01   8.0435013e-02  -4.0007464e-01  -3.4627522e-01   5.1315668e-01  -5.1073588e-01   3.2062401e-01  -5.1489674e-01   3.0044591e-01  -3.4635369e-01   6.1270984e-01   4.7826091e-01  -6.2695485e-01   5.2560770e-01  -1.7144796e-01  -7.3972395e-02   1.4244015e-01   5.1845178e-01  -2.7872513e-01   5.5489913e-01  -5.7574697e-01   5.1592414e-01  -4.5469671e-01  -3.2587569e-01   1.3493968e-01  -3.0933498e-01   3.5563919e-01   5.5946747e-02   7.5921978e-01  -2.8662824e-01  -4.1461101e-01  -4.7637118e-01  -3.1425877e-01   5.7543094e-01  -3.7920493e-01   2.4889650e-01  -5.5910546e-01  -3.5310139e-01  -6.6532290e-01   4.3094922e-01   3.5933902e-01   2.1898214e-02  -5.8273596e-01  -1.5130282e-01  -2.6263778e-01   2.5290616e-01  -3.4485509e-01   9.8554367e-02   2.7358203e-01   5.0577995e-01  -4.3353953e-01  -4.1900789e-01   1.0043483e-01  -3.1833682e-01   1.7556666e-01  -2.2013986e-01  -1.9110828e-01  -2.5327301e-01  -3.6931091e-01   8.0755230e-02  -2.5584412e-01   7.2927574e-03  -5.5298229e-02  -2.2682390e-01   6.9771715e-01   5.2900180e-01   2.1046983e-01   4.0993561e-01  -3.7600231e-01  -4.6615064e-01  -5.7597521e-01   4.7201504e-01   6.8814591e-01  -3.1953650e-01  -6.7352940e-01  -1.8691598e-01  -3.6578400e-01  -4.1491255e-01  -3.8457392e-01  -5.7225557e-01   3.7880134e-01  -4.1266311e-01  -3.0011413e-01   5.7311163e-01   4.5960286e-01   3.2013810e-03  -5.7313439e-01   8.7477626e-01   4.1898159e-01  -5.8870912e-01  -2.6250429e-01  -2.6631330e-01   2.8882153e-01  -2.0899083e-01  -2.1805428e-01
  -2.5978171e-01   5.4723349e-01   0.0000000e+00  -2.6621406e-01   6.4556603e-01   4.2167543e-01   1.7449952e-01  -2.8895461e-01   3.0120740e-01   7.1376782e-01  -1.7137394e-01   6.0019082e-01   1.4988024e-01  -2.1036896e-01   2.9928335e-02   2.7519574e-01   8.0691767e-01  -3.3797400e-01   4.5548997e-03   6.4881612e-01  -1.5128833e-01  -3.5928504e-01   1.1217751e-01  -3.1191782e-01   6.2157628e-02  -1.2817986e-01   7.4611230e-01  -2.4236147e-01  -4.5376514e-02  -8.1675108e-02  -5.7505085e-01  -2.4774018e-01   1.1837906e-01   5.5743388e-01   2.7607741e-02   5.2296261e-01   1.9104788e-01  -4.0390617e-01   5.2576381e-02   7.3503366e-01   2.0148562e-01   2.1492635e-01   6.3544178e-01  -8.4325594e-02  -9.8570315e-02  -3.0142221e-01   1.7405225e-01   1.7650213e-01  -3.5934544e-01   8.1162619e-01  -2.4353414e-01  -3.9705788e-01   2.4167785e-01   2.5431827e-01  -3.5072869e-01  -4.0991777e-02  -7.0051271e-02  -2.7954419e-01  -8.8762438e-02   3.3867219e-01  -2.7438513e-01  -8.9185468e-02   3.2210543e-01  -3.1174315e-02  -1.2952752e-02   5.1057903e-01   1.0880709e-01  -1.7290545e-01  -2.6916289e-01   6.5344539e-01   5.6760782e-01  -2.9573784e-01   4.9427831e-02   5.3160092e-01   8.0466470e-02  -3.7140697e-01  -9.8488446e-02  -3.5194000e-01   5.1576988e-01  -8.8293897e-02  -1.9740195e-01   5.7863820e-02   9.1071611e-02   4.3011203e-02  -2.1488504e-01  -3.5386357e-01   1.3591976e-01  -2.9554968e-01   1.7209415e-01  -3.6664423e-01   2.0583699e-01   8.5325524e-03   5.1147520e-01   2.1853455e-01  -4.8495180e-01   4.9619585e-01  -8.0127750e-02  -1.4062047e-01   1.5383277e-01   2.6896847e-01  -3.1326585e-01   4.1454386e-01  -3.1727028e-01   1.2689093e-01  -4.2854501e-01  -2.5993718e-01   3.5080181e-01  -1.1499415e-01   1.6588990e-01   1.8955523e-01   5.9293708e-01  -1.1976442e-01  -2.9855565e-01  -3.5619662e-01  -2.9087318e-01   2.2744367e-01  -1.2192960e-01   4.5021404e-02  -3.7653106e-01  -3.5644701e-01  -4.9712394e-01   3.6416666e-01   3.8282192e-01  -2.2244158e-01  -3.4260347e-01   2.1317150e-01  -2.0504292e-01   1.5795079e-01  -2.4766660e-01   4.2670204e-01   2.8862655e-02   8.3686023e-02  -9.5445728e-02  -5.1766987e-01   1.0190478e-01  -2.4237409e-01   5.4896571e-02  -1.4419809e-01  -2.9978059e-01  -2.3065238e-01  -3.6604883e-01  -7.2334153e-02  -2.9851053e-01   5.8555440e-01  -1.7564820e-01  -4.1910480e-01   7.3228258e-01   3.6399069e-01   2.5220954e-01   5.4073856e-02  -2.1740344e-01  -3.1776465e-01  -3.7149295e-01   5.0891696e-02   8.6743027e-01  -3.5551490e-01  -5.1915045e-01  -7.1079003e-02  -3.2550955e-02  -2.9706071e-01  -2.8559524e-01  -3.8344412e-01   3.0541932e-01  -3.1427586e-01  -2.2145001e-01   2.8310422e-01   2.0183938e-01   1.5539252e-01  -4.0473037e-01   4.6063650e-01   3.1436836e-01  -5.7498435e-01  -1.2723269e-01   1.6786698e-01   1.1017766e-01  -9.6820034e-02  -2.1890549e-01
   7.8874979e-02  -3.6844070e-01  -2.6621406e-01   0.0000000e+00  -1.7684915e-01   1.9894173e-01  -3.2991326e-01   6.0157866e-01  -2.8578529e-01  -3.1717602e-01  -4.5151541e-02  -3.9007217e-01  -1.6418130e-02   4.0093185e-01  -1.3899941e-01   1.1825277e-01  -1.5319191e-01   3.4638601e-01   3.0213364e-01  -1.4223051e-01   1.9736587e-01   6.0662905e-01   2.0898005e-01   5.3704562e-02   3.3500020e-02   3.3054422e-01  -2.6973524e-01   1.0324681e-01   1.2869978e-01   2.3669430e-01  -4.9508062e-03   6.7285748e-01   8.4123037e-02  -3.8569796e-01  -5.2074988e-03  -1.6733479e-01  -1.0707833e-01   1.6396252e-01   1.6625544e-01  -2.4648732e-01   2.1673850e-01   5.2850395e-02  -3.2926937e-01  -2.3994451e-01   4.5475751e-03   1.3462522e-01   4.9885985e-02  -2.1277326e-01   3.2665433e-01  -2.3458748e-01   3.7352369e-01   3.9400688e-01  -3.3219713e-01  -4.1139579e-03   3.8205432e-02  -9.6866241e-02   5.0884941e-01   6.4321094e-01   6.0920792e-01  -2.8843269e-01   1.3657448e-01   2.1713130e-01  -1.5198518e-01  -3.4776922e-01  -1.9262067e-01  -3.1538301e-01   3.4476924e-01  -2.1274985e-02   5.3949494e-01  -1.7797011e-01  -3.4717941e-01   5.2128566e-01   2.7927276e-02  -1.2365036e-01   3.4254177e-02   4.5400705e-01   9.9607911e-02   6.0641561e-02  -2.6041575e-01   2.5897220e-01   2.3420458e-01   2.0289916e-02  -2.8952040e-01   3.0651294e-01  -6.5020285e-02   3.9723120e-01  -2.5462357e-01   1.1176891e-01  -2.2406729e-01   3.4208902e-02  -2.3020659e-01   1.5829801e-01  -2.5618539e-01  -1.3165252e-01   1.3526307e-01  -7.8992430e-02   5.7204010e-01   4.9479099e-01   2.6672400e-01  -1.9946438e-01  -1.2669155e-01  -3.5324646e-01   4.0185062e-01  -2.6693320e-01   4.2753804e-01   6.8532717e-01  -1.2465218e-01   6.2749685e-01  -3.7762612e-01   9.5386920e-02  -2.0465136e-01   3.2650681e-01   4.1999775e-01   2.7265008e-02  -1.6097933e-01  -1.5946408e-01   5.2253956e-02  -3.9906020e-02  -2.2850919e-02   7.6140546e-01   1.6608401e-01  -2.3391033e-01  -1.3433242e-01   1.0250524e-01   1.2768455e-01   1.3109601e-01   2.9696384e-01  -1.3974449e-01   6.0651425e-01  -2.1952630e-01  -4.4544269e-02  -1.9522376e-01   1.4403347e-01   1.4346833e-01   2.3256658e-01   4.2550573e-01   5.6753007e-02  -1.0025366e-01   3.6755289e-01   1.5867864e-01   4.2892956e-02  -2.4522309e-01   4.7221868e-02  -1.3121977e-01   9.6766061e-02   9.2090362e-02  -3.8869822e-01  -3.3802053e-01  -1.0740400e-01  -2.2864517e-01  -3.6296344e-02   3.7084888e-01   1.6331136e-01  -1.6439600e-01  -3.7817436e-01   7.5720193e-02   1.8022417e-01   5.0813647e-01   1.1514048e-01   3.4894242e-01   2.0188553e-01   2.7082082e-01  -3.6537835e-01   4.4063815e-01   6.0290300e-01  -8.8016214e-02  -2.0125202e-01   1.4834377e-01   1.3866825e-01  -2.8961528e-01  -1.2181128e-01   5.4824009e-02   2.2209909e-01   3.1885185e-01   1.3180736e-01  -5.1789250e-02   6.4168646e-01
  -3.0714281e-01   6.3986789e-01   6.4556603e-01  -1.7684915e-01   0.0000000e+00   3.5075029e-01   8.6081351e-02  -2.9225365e-01   3.0632091e-01   5.6846297e-01   5.1780630e-02   4.9403913e-01   4.6550864e-01  -3.1205978e-01  -4.8730479e-02   2.6002419e-01   4.4706390e-01  -2.2743743e-01   5.4447112e-02   8.3513156e-01  -6.9626682e-02  -4.4870758e-01   1.3694237e-01  -4.3967945e-01   2.0020178e-01  -8.3966563e-02   7.6586431e-01  -2.0167932e-01  -2.7277987e-02  -2.0667565e-01  -6.6458360e-01  -2.2992142e-01   3.3596087e-02   5.5819528e-01  -9.8336500e-02   7.1983265e-01   3.5076778e-01  -5.4960475e-01   1.6740848e-01   6.6928420e-01   5.0048158e-01   6.2550361e-02   5.9209400e-01  -4.2122443e-02   7.4909862e-02  -4.4084954e-01   4.0511426e-01   2.3927535e-01  -2.6506227e-01   7.4423103e-01  -1.1043684e-01  -2.8992131e-01   2.7621652e-01  -5.4496145e-03  -5.2336477e-01  -2.1021006e-01  -1.3533126e-01  -3.0009258e-01  -3.8338184e-02   4.0269438e-01  -4.2063240e-01   3.1722679e-02   4.7842795e-01   1.0893687e-01   1.8461023e-01   6.7498868e-01   5.0764294e-02  -1.0898230e-01  -3.5261872e-01   2.1181929e-01   5.0842022e-01  -1.9636415e-01   4.1045709e-01   1.0209698e-01   1.4717782e-01  -2.3396383e-01  -2.6789792e-01  -3.5335248e-01   7.2328480e-01   2.0458258e-01  -2.8246899e-01   3.1949127e-01   2.8336055e-01   3.2233592e-02  -3.7951171e-01  -2.3286143e-01   4.5819349e-02  -5.4105307e-01   3.3153671e-01  -5.1354999e-01   2.5284137e-01  -1.5751369e-01   6.1867798e-01   3.2215217e-01  -5.6332789e-01   5.7264928e-01   1.6626098e-01  -9.9276607e-02   3.9994621e-01   2.2574089e-01  -4.3713256e-01   3.5379012e-01  -4.2535705e-01   2.7393372e-01  -2.7997758e-01  -2.0787711e-01   2.0105571e-01  -1.1586234e-01   3.8976318e-01   1.8971393e-01   5.1737954e-01  -1.4078175e-01  -1.8245050e-01  -4.7367713e-01  -4.6970590e-01   5.5982306e-01  -1.3595479e-01   3.8504549e-01  -4.7166867e-01  -1.0552343e-01  -5.8754314e-01   5.2376808e-01   3.2352337e-01  -1.5867241e-01  -4.5301668e-01  -1.1148583e-01  -3.3616614e-01   2.4845896e-01  -2.6450850e-01   1.3966693e-01   3.1246266e-01   1.9517680e-01  -3.0681132e-01  -6.5483634e-01   1.8368113e-01  -1.5759796e-01   3.0073611e-01  -2.6604603e-01  -7.0391608e-02  -2.5975632e-01  -3.7748908e-01   1.3985691e-01  -1.2194258e-01   2.9198748e-01  -3.0026539e-01  -2.4574129e-01   5.1956702e-01   5.5543253e-01   4.8787291e-01   7.5960284e-02  -4.3623339e-01  -4.0015326e-01  -5.2337853e-01   2.7812426e-01   7.4107609e-01  -4.0289180e-01  -5.7939502e-01   1.5876999e-02  -1.8918533e-01  -3.1301730e-01  -1.8021146e-01  -3.4588129e-01   1.9748413e-01  -2.0992382e-01  -2.1879492e-01   3.5630917e-01   3.7022232e-01   1.3787562e-01  -5.0775406e-01   5.9228838e-01   4.9239776e-01  -6.4401159e-01   1.4121993e-01  -4.0321148e-02   3.9389717e-01  -6.8990027e-02  -2.0292234e-01
  -2.3879554e-01  -3.0363279e-03   4.2167543e-01   1.9894173e-01   3.5075029e-01   0.0000000e+00  -1.1754604e-01   1.0168650e-01  -2.8644669e-01   1.9937481e-01  -2.1797763e-01  -1.9153566e-02  -4.8875243e-03   5.7425244e-02  -3.2147695e-01   6.9568201e-02   5.2276888e-01   1.1614659e-01   2.3469161e-01   1.7737703e-01   3.6120632e-01   2.6448297e-01   4.5171066e-01  -2.8112183e-01  -1.5775669e-01  -7.5786107e-02   4.9965375e-01   3.8374088e-02   9.6191524e-02   5.1955254e-01  -4.8323910e-01   3.1394911e-01   1.6128269e-01   1.0315709e-01  -2.1495219e-01   1.7205882e-01   5.9439132e-02  -1.7974023e-01  -6.3196762e-03   1.1763077e-01   8.9372013e-02   9.0439120e-02   3.2065897e-02  -3.4879806e-01  -3.4361550e-01   5.5755056e-02   4.4649255e-01   1.3803834e-01  -3.9002150e-02   1.4177471e-01   3.6283470e-01  -1.3550119e-01   6.2082913e-02  -2.3114598e-02  -2.2204588e-01  -1.1501615e-01   6.6416296e-01   3.1458323e-01   1.9452361e-01   8.7201031e-02   4.9670676e-02  -1.1891269e-01  -8.7675069e-02  -3.8220580e-01  -3.3015133e-01   1.3060457e-01   7.9942316e-01  -1.2382492e-01   4.4778417e-01   5.4062789e-01  -3.3680304e-02   3.7891990e-01  -1.7531299e-01   3.2592209e-01  -5.6589860e-02   8.2630048e-02   5.1427234e-02  -2.2900466e-01  -1.3634996e-02  -2.4563387e-01   1.7691139e-02  -1.2914223e-01  -3.3594339e-01  -1.2009704e-01  -3.1100237e-01   4.1568440e-02  -2.2151899e-01  -1.6980563e-01  -3.0090900e-01  -2.5450023e-01  -1.1239935e-01   1.6463309e-02  -4.8654246e-02  -1.6308278e-01  -1.6766311e-01  -9.1153672e-02   1.1534827e-01   5.7435479e-02   7.6864287e-02  -2.1127436e-01  -3.7686691e-01  -6.8766270e-02   2.4846819e-01  -2.0025089e-01   3.4287329e-01   1.6047006e-01   7.2024359e-02   4.2264195e-01   1.5188186e-01   6.5619871e-01  -8.1280042e-02   4.2740702e-01   1.6379498e-01  -2.6702761e-01  -5.1188010e-01  -7.2744202e-02   8.0227234e-02  -2.1050503e-01  -2.2113826e-01   1.5698202e-01  -7.0647145e-02  -1.7363522e-01  -2.3224648e-01  -2.8828869e-01  -2.2700925e-02   4.4150502e-01  -2.2398639e-01  -1.3781153e-01   3.1229535e-01   3.6614705e-01  -7.9398284e-02  -1.9587137e-01   4.0518565e-01  -3.5045128e-01  -1.8857193e-01   7.8027584e-02  -1.3369055e-01  -2.2344636e-01   9.5536324e-03  -2.2694883e-01  -3.7093706e-01  -3.1316334e-02  -1.6063096e-01   5.9942126e-01  -2.4224387e-01  -9.5357255e-02   1.5032280e-01   3.6808756e-02   3.5265893e-01  -1.7897125e-01  -4.0317435e-01   9.0641032e-03  -9.6495236e-02  -2.5521775e-01   2.1313428e-01  -3.9919556e-01  -1.1215932e-01   1.7522725e-02   7.8951860e-02  -8.2798966e-02   6.3874534e-02   1.4957538e-01   1.1363606e-01   3.6229329e-01   3.3727647e-01  -2.4634585e-01  -1.5325985e-01   9.2867981e-03  -1.0321880e-01  -2.7744627e-02  -1.4785229e-01  -3.2219924e-01   2.6809460e-01   7.5048422e-01  -9.9129257e-02  -1.9364400e-01   1.9935549e-01
  -3.2163300e-01   5.3941439e-01   1.7449952e-01  -3.2991326e-01   8.6081351e-02  -1.1754604e-01   0.0000000e+00  -4.3238136e-01   3.8546052e-01   2.9114098e-01   3.2740244e-02   6.5573061e-01   1.0532136e-02  -2.8621216e-01   3.7782613e-01  -1.1449221e-01  -1.2590993e-01  -1.8204515e-01  -2.3065629e-01   7.9290067e-02   4.9406351e-02  -2.8517192e-01   1.1653371e-01  -2.4995798e-01  -1.2464422e-01  -7.4263084e-02   1.9681868e-01  -3.8807853e-01  -1.4188595e-03  -1.7810260e-02   1.5775480e-01  -3.1566736e-01  -2.1287860e-01   6.0048454e-01   2.8683820e-01   2.6727275e-01   3.4957476e-01  -4.8662266e-01   5.1965123e-02   4.0141251e-01   3.8830609e-02  -1.5400333e-01   2.1047149e-01   3.4247996e-01   2.1025373e-01  -5.7182203e-01  -1.9970614e-01   6.2626892e-01  -2.9595017e-01   2.2221905e-01  -3.0094568e-01  -4.8612751e-01   6.3208610e-01  -1.9142300e-01  -2.3890909e-01   2.2803537e-01  -2.7219904e-01  -3.8571818e-01  -2.9581577e-01   3.2164257e-01  -5.9330688e-01  -1.4608262e-01  -4.8619830e-02   6.2329394e-01   4.8471794e-01   2.2979484e-01  -2.9068531e-01  -1.1598322e-01  -4.0287145e-01  -7.8843707e-03   6.2645587e-01  -4.2419044e-01   2.2529638e-01  -2.1225752e-01  -7.9389528e-03  -2.9269670e-01  -5.7465630e-01  -3.4778482e-01   3.1426235e-01  -1.4704157e-02   1.6672810e-02   1.7211579e-01   6.2641862e-01  -1.4907585e-02  -2.8849323e-01  -3.0780969e-01   6.0006928e-01  -2.2669398e-01   3.5766037e-02  -3.3703469e-01   2.8581795e-01  -5.3959397e-01   2.0726742e-01   2.8872586e-01  -4.6203890e-01   4.2931965e-02  -2.8769904e-01  -7.4862625e-02  -8.2745045e-02   6.1703511e-01  -4.4860752e-02   4.5940196e-01  -2.8885453e-01   4.1752951e-01  -3.3344463e-01  -3.2700908e-01  -1.7242148e-01  -2.8760722e-01   3.5878440e-01   2.1898432e-02   4.8133638e-01  -5.0829111e-02  -2.8397353e-01  -3.5874725e-01   4.3871422e-03   2.8632871e-01  -2.4784522e-01   2.9949670e-02  -4.4578453e-01  -4.1107630e-01  -4.7385091e-01   7.3147002e-02   7.8980940e-02   3.3526367e-01  -5.3435748e-01  -5.7734699e-02   3.1741989e-02   9.1863785e-02  -2.7075021e-01  -2.5819888e-02   2.6973138e-01   7.2217228e-01  -4.0207673e-01   9.4155441e-02  -2.3726152e-01  -3.8495194e-01  -3.7135317e-02  -3.2212032e-02  -3.5247047e-01  -1.9293127e-01  -2.7149555e-01  -1.0472284e-02  -2.6687751e-01  -1.3181022e-01   4.3197426e-01  -6.4620323e-02   6.6372075e-01   1.5800927e-01  -1.1433201e-01   5.4941068e-01  -9.0657679e-02  -7.7777867e-02  -4.3987065e-01   3.7039820e-01   2.2858914e-01  -1.8337586e-01  -4.9348680e-01  -2.3770929e-01  -5.5070549e-01  -5.7617655e-02  -3.4065310e-01  -3.8686596e-01   4.2231698e-01  -2.5277697e-01  -3.2968539e-01   4.8521692e-01   2.4399216e-01  -2.6494453e-01  -4.6466259e-01   4.9797019e-01   4.6615767e-02  -3.5578320e-01  -2.2501178e-01  -2.7102129e-01   1.0818573e-01  -1.7767864e-01  -2.6819671e-01
   3.7062759e-01  -4.0349816e-01  -2.8895461e-01   6.0157866e-01  -2.9225365e-01   1.0168650e-01  -4.3238136e-01   0.0000000e+00  -2.7492934e-01  -4.0776635e-01  -5.8481901e-02  -3.6921229e-01  -1.3086271e-01   4.3946130e-01  -1.2125821e-01   1.8976400e-01  -8.2510203e-02   2.3829024e-01   3.6349869e-01  -2.3948236e-01  -4.1375109e-02   5.2360346e-01  -8.5660937e-02   3.0449993e-01   4.2012213e-02   3.6096982e-01  -2.3815033e-01   4.3121260e-01   2.7462258e-02   1.3198606e-01  -1.5029135e-02   6.6276389e-01   1.4132037e-01  -4.3777535e-01  -2.7858288e-01  -2.9073442e-01  -3.5095375e-01   4.2829430e-01   4.6582561e-02  -3.2552918e-01   2.3577700e-02   6.1696532e-02  -3.3930063e-01  -2.5845493e-01  -9.8489479e-02   4.9381150e-01  -4.1136355e-02  -3.9579361e-01   1.1012049e-01  -3.1591463e-01   3.3669226e-01   7.9529178e-01  -4.6806032e-01   4.1036954e-04   2.5784610e-01  -1.7617025e-01   3.6863303e-01   5.3356647e-01   6.6065734e-01  -3.2301919e-01   4.2707368e-01   9.4048272e-05  -6.1135835e-02  -4.7514770e-01  -2.8399720e-01  -3.7398539e-01   2.8910229e-01  -1.8208111e-01   5.7920114e-01  -1.0628471e-01  -4.2608107e-01   2.7165376e-01  -9.8119917e-02   6.9965780e-04  -2.9122916e-01   5.7162788e-01   3.7952523e-01   1.5527412e-01  -3.8223577e-01   8.1018948e-02   4.1042807e-02  -1.2841337e-01  -4.1044937e-01   3.0931454e-01   1.4171887e-01   5.1904411e-01  -3.2526682e-01   1.1676026e-01  -2.3814381e-01   3.1389279e-01  -3.9357096e-01   3.3255685e-01  -2.5861069e-01  -1.1436889e-01   4.1398959e-01  -1.2873391e-01   2.6838284e-01   5.3494952e-01   5.6372250e-02  -3.7397301e-01   9.5927440e-02  -3.4106442e-01   2.2989028e-01  -2.8264252e-01   4.3087499e-01   5.5711641e-01  -1.4656187e-01   7.0902059e-01  -4.8150673e-01   4.4963820e-03  -2.6493273e-01   9.8007938e-02   6.5850727e-02   3.5652494e-01   2.4468330e-02  -3.2083312e-01   9.5453930e-02  -1.1951326e-02   2.5709028e-01   3.4576387e-01   3.9634036e-01  -2.5843039e-01  -8.7794069e-02   5.1091680e-02   5.0246736e-01   4.5405176e-02   1.2894527e-01  -4.0331707e-01   4.8867526e-01  -1.3805304e-01  -2.3230707e-01  -4.0085672e-01   2.3217489e-01   1.4043565e-01   3.8856958e-02   6.5205747e-01  -1.4052997e-01  -5.0081526e-02   6.1339229e-01   3.2117966e-01   2.5108478e-01  -2.9489605e-01   2.7151405e-01  -1.6131102e-01  -8.5146755e-02   1.6084410e-01  -4.7563515e-01  -3.5581809e-01  -1.7129914e-01  -3.7921412e-01   1.4494710e-01   1.7824806e-01   3.9178974e-01  -2.2564854e-01  -3.8667391e-01   2.9509549e-01   4.2092798e-01   5.3339672e-01   2.6488990e-01   7.2827594e-02   6.9631914e-02   5.2534563e-01  -5.0801121e-01   4.4415691e-01   5.1899058e-01  -2.3153869e-01  -1.5961402e-01   2.8240332e-01   3.7633353e-01  -3.8668660e-01  -2.1464715e-01   2.5967461e-01   3.1373439e-02   2.6357095e-01   7.4877625e-02  -1.2687014e-02   5.3720773e-01
  -5.7212838e-02   5.3563825e-01   3.0120740e-01  -2.8578529e-01   3.0632091e-01  -2.8644669e-01   3.8546052e-01  -2.7492934e-01   0.0000000e+00   3.5302284e-01   2.2051911e-02   5.9118905e-01   7.5845095e-02  -1.7065633e-01   3.5783658e-01  -2.5262531e-02   3.9465383e-02  -2.4844604e-01  -7.1791383e-02   3.4727857e-01  -4.0479254e-01  -3.3208368e-01  -2.6962529e-01  -1.5006050e-01   1.7267585e-01  -8.7975550e-04   2.2704830e-01  -2.8374675e-01  -6.7879317e-02  -2.3134588e-01  -9.5117001e-02  -4.5589440e-01  -1.6493051e-01   3.3173104e-01   1.0930339e-01   2.8443553e-01   2.8605600e-02  -3.2842631e-01   1.4301916e-02   4.7824727e-01   1.3987861e-01  -1.7409210e-01   5.5196266e-01   5.9272457e-02   2.8589073e-01  -3.7588921e-01  -1.2754942e-01   1.4348348e-01  -4.0794341e-01   4.2128352e-01  -4.0648661e-01  -2.5475599e-01   1.3059344e-01  -1.0801807e-01  -1.7146745e-01  -2.4790817e-01  -4.5499788e-01  -3.6510072e-01  -2.0167832e-01   4.6812568e-01  -3.7715039e-01  -7.2152078e-02   4.4268906e-01   3.2315890e-01   4.2677581e-01   2.6847644e-01  -4.2301634e-01  -5.3115854e-02  -5.9757861e-01  -1.3361371e-01   5.2318016e-01  -3.9687325e-01   1.8880458e-01   2.1903629e-02  -3.4699039e-02  -2.0913515e-01  -3.1083061e-01  -4.0803491e-01   4.5504859e-01   1.8147441e-01  -4.5720887e-01   7.2683004e-02   3.7359903e-01   4.7355378e-02  -2.1317863e-01  -3.1024164e-01   5.7149469e-01  -2.8092409e-01   3.9766723e-01  -2.4959413e-01   3.0082079e-01  -1.8942406e-01   3.4920997e-01   6.2345527e-01  -3.2605649e-01   4.5424641e-01  -1.3278587e-01  -9.3038837e-02   1.7696794e-02   2.4871613e-01  -1.4916784e-01   3.7976549e-01  -5.4986299e-01   6.4164835e-01  -4.3529976e-01  -2.3571918e-01   9.4259142e-03  -3.3460747e-01   1.4476369e-01  -2.9387661e-01   4.5535594e-01  -3.7972887e-01  -2.3997007e-01  -1.4461922e-01  -1.7606342e-01   3.1768753e-01  -4.8570607e-01   1.2507580e-01  -4.2593404e-01  -2.7870290e-01  -3.7826075e-01   4.5645280e-01   4.0765027e-01   3.4305615e-01  -3.3563288e-01  -1.4162432e-01  -7.1036789e-02   1.6650598e-01  -2.1045097e-01  -1.9392021e-01   6.5326665e-02   2.2293706e-01  -4.5077411e-01  -2.0013252e-01   4.0566872e-01  -2.0340749e-01   1.6588702e-01  -2.4296147e-01  -8.1401612e-02   6.9997696e-02  -7.3099937e-02   6.1289192e-02  -5.9605747e-02  -1.3895496e-01  -1.3862981e-02   8.5245100e-02   4.5061799e-01   2.2243428e-01  -5.3185261e-02   1.7464358e-01  -2.0341469e-01  -4.1567546e-01  -3.5963959e-01   4.4421497e-01   5.4336872e-01  -4.1431729e-02  -4.0376249e-01  -1.1118574e-01  -2.6016559e-01  -4.8512583e-01  -1.8159221e-01  -3.0038543e-01   8.4118049e-02  -3.0884216e-01  -3.3934260e-01   3.5221922e-01   3.2834996e-01  -4.1932748e-02  -3.2100265e-01   3.9637457e-01   3.5125474e-01  -2.9364816e-01  -4.8484054e-02  -2.8029684e-01   2.6210076e-01  -8.4624380e-02  -1.5159427e-01
  -3.2281410e-01   5.9405572e-01   7.1376782e-01  -3.1717602e-01   5.6846297e-01   1.9937481e-01   2.9114098e-01  -4.0776635e-01   3.5302284e-01   0.0000000e+00  -7.7851229e-02   6.7420149e-01   1.3071719e-01  -3.7795927e-01   1.2372440e-01   1.8360502e-01   3.6383402e-01  -4.9216519e-01  -2.6611816e-02   6.3724178e-01  -2.5840312e-01  -3.9061121e-01  -2.3895957e-02  -4.2216833e-01   3.8437393e-02  -4.0990580e-03   5.3648958e-01  -3.2984590e-01  -6.2290820e-02  -2.0839192e-01  -4.8988859e-01  -3.8041407e-01  -1.6040554e-01   6.8488117e-01  -3.0504459e-03   4.9350326e-01   3.7610430e-01  -5.5269989e-01   7.2293357e-02   6.8773430e-01   1.2249993e-01  -7.0671398e-02   6.8618171e-01  -1.1419307e-01   1.1468440e-01  -5.3589298e-01   1.0581921e-01   1.9440313e-01  -3.3394161e-01   7.1329155e-01  -4.3383772e-01  -4.5238300e-01   3.0426121e-01  -4.2267991e-03  -5.1448447e-01  -1.9239821e-01  -1.5196611e-01  -3.8105813e-01  -2.2351250e-01   4.6576603e-01  -5.1461656e-01  -1.3866431e-01   3.1314204e-01   1.4026583e-01   1.7348814e-01   6.2778437e-01  -1.5339177e-01  -2.6429124e-01  -5.0190122e-01   1.9943509e-01   5.4795334e-01  -3.6479114e-01   4.9204231e-02   1.9013726e-01   8.3163111e-02  -4.1300435e-01  -3.8430121e-01  -4.3196701e-01   6.0528956e-01  -9.4564519e-02  -3.0604874e-01   8.3422881e-02   2.2632138e-01   1.6307304e-01  -3.8665727e-01  -4.9649691e-01   1.3484349e-01  -4.3745121e-01   2.4491032e-01  -5.1161177e-01   4.9670026e-01  -2.7508620e-01   6.2827973e-01   3.8856416e-01  -6.2420830e-01   6.8056743e-01  -2.5470755e-01  -4.7205364e-02  -5.0492203e-02   4.1155122e-01  -4.4004292e-01   5.0564251e-01  -4.7847790e-01   3.4800161e-01  -4.1161456e-01  -2.6641118e-01   1.2750816e-01  -2.1052561e-01   3.7147858e-01   2.0342825e-03   6.7701837e-01  -2.0611244e-01  -2.9369949e-01  -4.2777567e-01  -3.5393907e-01   4.5937765e-01  -3.2863915e-01   2.1850181e-02  -5.2381455e-01  -3.1145329e-01  -6.6640237e-01   6.4055263e-01   3.5105372e-01  -2.4321662e-01  -6.0309235e-01  -6.2752481e-02  -1.7845554e-01   1.4935694e-01  -2.3538171e-01   5.7707411e-02   5.2572317e-02   1.2821827e-01  -4.1140568e-01  -6.2606872e-01   1.5993570e-01  -4.6145419e-01  -5.5749318e-02  -3.0578829e-01  -2.9492959e-01  -2.7254868e-01  -4.3174407e-01   7.8335015e-03  -2.8410876e-01   2.7300110e-01  -1.1034193e-01  -2.3063781e-01   6.9068400e-01   5.0363876e-01   2.9130931e-01   1.2397997e-01  -3.7084314e-01  -3.9015838e-01  -5.8024314e-01   1.6197052e-01   7.5692140e-01  -3.9927542e-01  -7.0828928e-01  -1.8336677e-01  -2.9677268e-01  -3.5683956e-01  -3.4307431e-01  -4.9477429e-01   4.2167994e-01  -3.2556644e-01  -2.2563530e-01   4.9779448e-01   3.3927561e-01   8.5206541e-02  -5.9215030e-01   5.1357691e-01   5.9621647e-01  -6.5033677e-01  -2.6112391e-01  -9.4486467e-02   2.6218789e-01  -2.7473611e-01  -1.6756514e-01
  -3.2518179e-02  -5.6305530e-02  -1.7137394e-01  -4.5151541e-02   5.1780630e-02  -2.1797763e-01   3.2740244e-02  -5.8481901e-02   2.2051911e-02  -7.7851229e-02   0.0000000e+00   4.2978777e-02   2.7558612e-01  -2.1948388e-01   5.6097751e-01   3.4778898e-01  -2.9023382e-01   5.6462350e-02  -2.0712114e-01   9.3474611e-02  -2.4104217e-01  -3.7248716e-01   1.1768680e-02  -1.0370555e-01   1.4686939e-01   1.9317400e-01   1.1082026e-01  -9.8728238e-02  -1.4525326e-01  -3.3887635e-01   7.2671078e-02  -7.4056416e-02   9.5059287e-02   2.4727895e-01  -1.2536737e-01   3.4842677e-01  -8.1372505e-02  -1.2822187e-01   2.8669546e-01  -2.5708855e-01   2.7636834e-01   1.8505100e-01   7.6835577e-02   1.3650801e-01   4.7056377e-01  -3.9663433e-02   4.8925589e-01  -1.3964481e-01   4.5830320e-03  -8.0159179e-02   3.1186829e-01   5.3293076e-02  -8.4934215e-02  -9.0562973e-02  -2.2707764e-01  -1.1055238e-01  -9.5425208e-02  -1.9393709e-01   8.0316660e-02   4.4801172e-01  -6.7939577e-02   5.0481698e-02   1.2381662e-01   2.5181797e-01   9.2490107e-02   4.3238099e-01  -4.1214831e-01   1.0156500e-01  -1.4708891e-01  -2.0966204e-01  -1.8852103e-01  -2.0653802e-02   4.5174558e-01  -2.8298993e-01  -4.9545968e-02   7.9937026e-02  -1.0543404e-03   2.1517637e-02   1.1787212e-01   1.6931127e-01  -1.8051855e-03   4.4857053e-01  -2.5464460e-02   1.9621208e-01  -1.4457685e-01   8.8692593e-02  -2.5336532e-01  -1.3090112e-01   1.6142242e-01  -1.4869816e-01  -5.9240199e-02  -7.9747589e-02   3.0453319e-01   2.1844523e-01  -7.7515926e-02  -1.2293345e-01   1.7766762e-01   6.5779048e-02   2.8659764e-01   4.2750929e-02  -9.1373359e-02   4.4049247e-01  -2.4303311e-01   3.3205854e-01   1.2397518e-01  -1.5782417e-01  -1.4648384e-01  -4.5331978e-02   1.8270885e-01  -2.4493108e-01  -2.3750544e-02   2.4636650e-02  -6.0911672e-02  -1.5618685e-01  -1.1015563e-02   4.0963374e-01   3.4930453e-02   4.8619748e-01  -4.9963756e-02  -1.1836469e-01  -8.5204959e-02   2.9193327e-01  -7.0396074e-02   6.4690444e-02  -8.2970833e-03  -2.9080297e-01   2.4090326e-01   4.3125501e-02  -2.7207070e-01  -2.1743124e-01   3.2693736e-01   9.3673799e-02  -3.7894666e-01  -7.5405325e-02  -1.3774542e-01  -2.6166611e-02   2.6986091e-01  -1.1878240e-01   3.7311935e-01  -1.3481102e-01  -2.0885733e-02  -5.4954337e-02   6.8069391e-01  -2.0552775e-01   2.8431066e-01   5.2436502e-01  -2.1235958e-02   4.5883820e-01   5.5423871e-01  -1.4817562e-01  -9.4028108e-02  -1.4417960e-01  -8.4106899e-02   3.4668564e-01   1.3826447e-03  -8.2359599e-02  -6.4589426e-02   2.8772515e-01  -3.1243231e-02   2.3093091e-02   1.3951252e-01   3.3184117e-01  -1.6711928e-01   1.9095629e-01  -2.6033128e-01   1.1795096e-01   4.8980367e-01   5.9656174e-02  -1.3083654e-01  -1.7627816e-01   3.1820827e-01  -1.2993751e-01   2.2214297e-01  -4.8024779e-01   8.5322461e-02  -2.8947333e-02  -2.1051274e-01
  -3.1093401e-01   7.9591851e-01   6.0019082e-01  -3.9007217e-01   4.9403913e-01  -1.9153566e-02   6.5573061e-01  -3.6921229e-01   5.9118905e-01   6.7420149e-01   4.2978777e-02   0.0000000e+00   1.6019457e-01  -4.1131709e-01   4.8758323e-01   2.0058187e-01   1.7490417e-01  -5.2395675e-01  -9.2080409e-02   5.6500637e-01  -2.9878531e-01  -5.0820564e-01  -1.2736728e-01  -3.9491599e-01   7.3768481e-02   1.1246454e-02   5.7189389e-01  -3.6039759e-01  -3.8503054e-02  -2.7117156e-01  -3.9169793e-01  -4.3397014e-01  -2.4232668e-01   8.2208251e-01   9.3216478e-02   5.7932479e-01   2.5817397e-01  -5.8970951e-01   1.2756535e-01   7.8174760e-01   2.1352683e-01  -1.3602002e-01   7.4240507e-01   1.1606717e-01   3.6789202e-01  -6.0211613e-01  -8.8678329e-03   3.5732059e-01  -5.1217946e-01   6.3812480e-01  -4.6154280e-01  -4.3601293e-01   4.0592257e-01  -9.2900850e-02  -5.0538425e-01  -1.4750479e-01  -3.5077738e-01  -5.0548717e-01  -2.3285519e-01   6.4057709e-01  -6.3968238e-01  -1.4265870e-01   3.2976445e-01   3.7962728e-01   4.3185036e-01   6.1027360e-01  -3.6772729e-01  -1.6842212e-01  -6.1612619e-01   8.6311463e-02   6.8986841e-01  -5.0878949e-01   3.2859368e-01   1.2080282e-01  -3.8829589e-02  -3.5407293e-01  -5.0487821e-01  -4.9402445e-01   7.0410779e-01  -4.9881391e-02  -3.3418368e-01   2.7557794e-01   4.9233148e-01   1.6277814e-01  -4.5821107e-01  -4.0397748e-01   4.5244398e-01  -5.0854390e-01   2.9161643e-01  -5.0798629e-01   3.1958966e-01  -4.3614768e-01   7.4060533e-01   6.6396273e-01  -6.4515659e-01   4.8589805e-01  -2.6924747e-01  -3.1325254e-02   9.6027874e-02   5.6605331e-01  -3.6080582e-01   7.5609404e-01  -5.9775065e-01   6.2535680e-01  -4.6189282e-01  -3.3483936e-01  -4.6683016e-02  -2.9172499e-01   3.5927463e-01  -1.1723462e-01   8.5547199e-01  -2.7831426e-01  -4.8986098e-01  -4.6733646e-01  -2.5863821e-01   5.9609701e-01  -3.9707019e-01   2.3846094e-01  -6.0965165e-01  -4.7183196e-01  -6.6456782e-01   5.7493822e-01   4.5777545e-01   1.4106363e-01  -5.7550295e-01  -6.0306226e-03  -2.8893817e-02   6.1594324e-02  -3.5339660e-01  -6.9981076e-02   1.8821596e-01   4.4302625e-01  -5.4253813e-01  -4.5574102e-01   3.6166968e-02  -3.7383935e-01   1.8720055e-03  -3.2586993e-01  -1.7902923e-01  -2.7352785e-01  -4.0316618e-01  -3.4078362e-02  -1.4704539e-01   1.2134913e-02   1.1585651e-01  -7.1981438e-02   7.8049305e-01   4.7480161e-01   2.5397994e-01   2.2711878e-01  -3.0783451e-01  -4.8298656e-01  -5.6319934e-01   4.2060147e-01   7.1397358e-01  -3.1557918e-01  -7.1889047e-01  -1.1913060e-01  -5.0611936e-01  -4.0825063e-01  -3.7449387e-01  -5.2088546e-01   2.5318227e-01  -3.7134768e-01  -3.4907879e-01   7.2270697e-01   6.0435552e-01   3.9834073e-02  -6.1945885e-01   6.3687966e-01   5.6115366e-01  -6.1570760e-01  -2.9232092e-01  -3.1585900e-01   2.9161416e-01  -3.1504171e-01  -2.5158194e-01
  -1.9205597e-01   2.0080358e-01   1.4988024e-01  -1.6418130e-02   4.6550864e-01  -4.8875243e-03   1.0532136e-02  -1.3086271e-01   7.5845095e-02   1.3071719e-01   2.7558612e-01   1.6019457e-01   0.0000000e+00  -1.7293665e-01   9.4824412e-02   2.7175600e-01   9.1869006e-02  -4.3173647e-02  -1.1182449e-01   4.6257571e-01  -1.5759586e-01  -2.5887497e-01   2.2654812e-01  -2.9518532e-01   9.6559395e-02  -2.1319497e-02   3.4614850e-01   1.4900716e-01   3.1147706e-02  -2.2958417e-01  -2.8374946e-01  -8.0056589e-02  -4.5198930e-02   2.4543092e-01  -2.4230511e-02   4.3393698e-01   1.2097185e-01  -3.5667307e-01   3.4821690e-01   1.7388628e-01   7.3535003e-01   1.1436703e-01   1.8670349e-01   5.6419938e-02   2.1055390e-01  -2.1312197e-01   3.8952448e-01  -6.6296985e-02  -4.9170448e-02   2.4384304e-01   2.0718536e-01   7.2863291e-02  -3.5610526e-02  -8.6873766e-02  -2.9795279e-01  -1.8743307e-02  -1.8428997e-01  -9.6683070e-02   1.4596079e-01   2.5615712e-01  -2.0623124e-01   1.8232427e-01   3.0121682e-01  -2.7916549e-02   6.7402460e-02   3.5714636e-01  -1.4355104e-01   4.2239620e-02  -6.1933251e-02   5.7688233e-02   7.6553190e-02  -2.0336883e-02   5.9814697e-01  -1.6221114e-01   6.4687729e-02  -6.2073303e-02  -1.4202506e-01   2.0126207e-02   2.9845291e-01   2.7094966e-01   1.1412796e-01   6.1750533e-01   1.1985828e-01   4.2225708e-02  -2.5961669e-01   2.5652616e-02  -1.0324977e-01  -3.0856834e-01   1.4085411e-01  -3.5552547e-01  -2.5096516e-02  -1.2316148e-01   2.7741619e-01   2.4939952e-01  -3.5786014e-01   1.8656233e-01   3.3396645e-01  -1.4662469e-01   3.8558513e-01   2.6202435e-01  -1.7102659e-01   1.8548168e-01  -1.9245230e-01   1.6285212e-01   2.2164280e-02  -6.2759285e-02   1.5504650e-02  -6.3618699e-02   3.2311070e-01  -1.9775723e-01   1.7081232e-01   2.5831310e-02  -5.3333418e-02  -3.0229776e-01  -8.8225233e-02   2.2758799e-01   2.3426361e-01   7.5963004e-01  -1.3027633e-01   4.4877709e-03  -3.6080156e-01   2.5515712e-01   9.8681511e-02  -1.1672509e-01  -1.7070007e-01  -1.3069264e-01  -2.9694304e-02   2.0127820e-01  -1.0224804e-01   1.9749843e-02   6.2922870e-01   1.2983259e-01  -2.8889644e-01  -3.2804722e-01   1.3261258e-01  -3.0021685e-02   3.4033049e-01  -8.6164567e-02   4.6966476e-02  -2.3238226e-01  -2.6043134e-01   4.4218335e-01   1.9251543e-01   3.9939112e-02   4.4035929e-02  -1.6655681e-02   1.6057886e-01   2.3959671e-01   3.5999083e-01  -1.0488533e-01  -2.1583255e-01  -1.4109098e-01  -3.3576462e-01   1.9044498e-01   2.2621483e-01  -2.3459017e-01  -3.2238133e-01   2.8584588e-01  -1.7464474e-01   1.4568133e-01  -1.4643002e-01  -1.3858014e-02  -9.5731766e-02  -5.8225763e-02  -1.3839655e-01   1.2755868e-01   2.7880023e-01   2.5648172e-01  -3.5264492e-01   7.1557412e-02   2.9471497e-01  -3.9445939e-01   1.5906416e-01  -2.0060933e-01   2.0478736e-01  -3.7803095e-02  -1.1399664e-01
   6.0696447e-01  -4.0919316e-01  -2.1036896e-01   4.0093185e-01  -3.1205978e-01   5.7425244e-02  -2.8621216e-01   4.3946130e-01  -1.7065633e-01  -3.7795927e-01  -2.1948388e-01  -4.1131709e-01  -1.7293665e-01   0.0000000e+00  -1.7148148e-01  -1.6010922e-01   3.0459639e-02   3.4683212e-01   1.2086717e-01  -3.4054967e-01   8.1319117e-02   4.4596115e-01  -1.0443911e-01   5.7136133e-01  -1.2883851e-01   6.3552054e-02  -3.2120646e-01   2.4192481e-01  -1.1047517e-02   2.9052162e-01   1.4068064e-01   3.7491281e-01   1.6237878e-01  -5.1545598e-01  -2.6495456e-02  -3.4564423e-01  -3.8009100e-01   4.2568290e-01  -1.7531298e-01  -3.0308287e-01  -3.1243090e-02  -1.8308561e-02  -3.5348891e-01  -1.9768883e-01  -2.0718178e-01   3.3884308e-01  -1.3404037e-01  -2.2526922e-01   2.3054990e-01  -3.0207580e-01   1.7513180e-01   3.0170971e-01  -4.1346941e-01   5.1217701e-02   6.0428054e-01  -8.4949006e-02   2.2271162e-01   3.1039651e-01   3.8918287e-01  -3.9820745e-01   3.3537730e-01  -1.2377614e-02  -1.4679879e-01  -3.6540133e-01  -2.3936197e-01  -4.8336394e-01   3.6788649e-01  -9.3394778e-02   4.5847344e-01   7.7924267e-02  -2.8734843e-01   1.5337439e-01  -2.5610088e-01   1.0726535e-01   4.2144978e-02   1.9284874e-01   2.2476706e-01   1.2651882e-01  -4.0853715e-01  -7.2569456e-02   1.5098886e-01  -3.2173525e-01  -3.4900379e-01   1.2789140e-01   4.0489375e-01   2.0828898e-01  -8.6741360e-02   5.3286142e-01  -3.4886066e-01   5.3885475e-01  -1.3087053e-01   1.7423627e-01  -4.2194482e-01  -3.1517156e-01   4.0944122e-01  -2.2352282e-01   1.6154942e-01   1.5972486e-01  -2.8291925e-02  -4.2066337e-01   3.3530579e-01  -4.3546980e-01   3.6281819e-01  -3.4952109e-01   1.8896493e-01   2.8080188e-01  -9.1421523e-02   3.6431866e-01  -4.5618079e-01   7.6617596e-02  -4.1980174e-01   5.2881122e-02   7.4638199e-02   4.8436054e-01   1.7918285e-01  -4.5323015e-01   4.1050360e-02  -2.1601785e-01   3.4996010e-01   1.8765753e-01   4.0618360e-01  -3.5004105e-01  -3.2089468e-01   2.3854251e-01   3.8699858e-01   3.9011158e-01   1.1397057e-01  -2.1154233e-01   1.9177009e-01   5.3221505e-02  -2.0496003e-01  -3.2236706e-01   5.3385886e-01   2.8613348e-01  -3.7778063e-02   3.2252587e-01  -2.2006809e-01   2.6906902e-01   7.5975915e-02   4.3898037e-01   4.3931904e-01  -1.6606476e-01  -2.8881951e-02  -1.0592808e-01  -1.5556620e-01   9.0320689e-02  -4.2361752e-01  -4.2904652e-01  -4.0015603e-01  -1.8702497e-01   3.5662096e-01   3.7347404e-01   4.1770413e-01  -3.0642518e-01  -3.6057750e-01   4.4284868e-01   4.0331782e-01   2.6217011e-01   1.4694610e-01   1.8181892e-01   2.3277636e-02   2.9289018e-01  -2.3166648e-01   1.4698593e-01   3.6320563e-01  -4.0110699e-01  -3.6389568e-01   7.5434530e-02   4.5341419e-01  -3.2027085e-01  -4.2289729e-01   3.1112482e-01   2.3699856e-02   3.8082212e-01  -2.2362951e-01   1.2155414e-02   3.7134409e-01
