   0.0000000e+00  -1.7209582e-02  -2.0650476e-01  -2.9021541e-01   7.4999926e-02  -1.8767663e-01  -5.2940858e-02   2.6331297e-01   2.2881400e-01  -2.3997412e-01  -2.3516492e-01  -1.4486273e-01  -4.5311025e-02  -3.7237238e-02   4.9613747e-02  -1.9996438e-01  -1.0529486e-02  -3.5622797e-01   1.5347888e-01   3.5698931e-02  -3.9131813e-01  -2.3500987e-01  -1.0514846e-01   8.3243978e-01  -1.3902678e-02   1.5371523e-01  -7.1056398e-02   5.0874574e-01   9.2259044e-02  -1.8939314e-01  -3.7707752e-01   2.5250677e-02  -1.5123442e-01   4.2442589e-03  -1.5850163e-01  -3.0646936e-01  -2.0819954e-01   2.8841139e-01  -3.6229839e-01   6.2330591e-02  -1.3296033e-01   2.0142866e-03  -9.4913364e-02  -3.7013943e-01  -1.9894909e-01  -6.0788374e-02  -3.0327352e-01  -9.8616426e-02  -1.7017170e-02   1.8746666e-02  -2.4068547e-01   3.9702998e-01   3.1396770e-02   3.2059706e-03  -3.1838122e-02  -1.3161290e-01   3.0303784e-01  -1.6864634e-01  -2.6547790e-01   1.1629948e-01   6.6818185e-02  -3.7894041e-02  -8.5648130e-02  -2.8295628e-01  -2.1948704e-01  -1.0971584e-01  -1.1999106e-01   1.4948498e-01  -3.2730427e-01  -4.7048121e-02   1.0029533e-01  -1.8184592e-01  -2.2994728e-01   5.3689113e-01   6.5660616e-02  -9.3929954e-02  -1.9263770e-02  -1.7262329e-01  -6.8560974e-02  -1.0551463e-01   5.1490671e-01  -2.0042850e-01  -2.2214910e-01   1.1300169e-01   1.2471908e-01   4.1464107e-01   4.6515098e-02   7.4972926e-01   7.6057954e-02   8.1550691e-01   1.8249789e-01  -1.5971134e-01  -1.0912641e-01  -1.4393977e-01   4.5173556e-03   8.7254042e-02  -7.6909805e-02   1.0668396e-01  -1.4330824e-01   4.9133018e-02  -1.8233369e-01   5.2173408e-02  -1.2914457e-01  -1.3621687e-01  -1.9985108e-02  -1.7177835e-01  -6.8303947e-02  -1.0855469e-01   4.5190838e-02  -6.9740385e-02  -2.7043454e-02   7.0518923e-02  -1.2858247e-01   6.9132786e-01   1.2861458e-01   1.7683514e-01  -2.4662500e-01   4.8230177e-03  -3.2893573e-01  -2.2820044e-01   8.1972290e-02   9.8499238e-02  -5.9949123e-02  -3.1234438e-01   3.6858632e-01   2.5051334e-01  -3.0620819e-02   2.9714905e-02  -1.2926124e-01  -2.7221000e-01  -2.1276860e-01  -1.3539241e-01  -7.3650324e-02  -3.7125042e-01  -1.7213100e-01   7.4907401e-02   4.1822479e-02  -3.3968544e-01   2.6757406e-01   6.8590480e-01   8.0382090e-01   4.5643440e-02  -1.7953213e-02  -2.1063330e-01  -5.8617679e-03  -3.6201284e-01   7.6665126e-03  -8.3068446e-02  -2.6323228e-01  -3.6517622e-01   6.7289802e-01  -2.3699702e-01   4.3712613e-01   4.9425400e-02  -9.5553436e-02   7.5817934e-01  -1.0938430e-01  -2.0300678e-02   5.2600873e-02   2.0607833e-01  -1.9260597e-01  -2.2204932e-01  -2.7627473e-01  -3.6466704e-01  -2.2419933e-01   1.0272596e-01  -2.5029917e-01  -1.3519866e-01   7.6646295e-02   7.5512123e-02   6.9010796e-02   1.7766504e-01  -3.8479498e-01  -3.2969368e-01   4.1988533e-02   7.0386299e-02  -6.9854805e-02
  -1.7209582e-02   0.0000000e+00   3.8313403e-01  -8.6241135e-02   6.5754704e-01  -2.1703131e-01   5.7549651e-02  -5.8557357e-02   3.7947541e-01   2.2786463e-01  -4.6752458e-01   4.3537163e-01  -9.1471141e-02  -1.1783735e-02  -4.0848976e-01  -9.1083270e-02   5.4041203e-01  -4.1433928e-01  -1.5704569e-01   5.2930791e-01  -4.1303254e-01  -2.6481609e-01  -4.4991067e-01  -2.7689359e-02  -6.0863097e-02  -2.5748719e-01   5.4788682e-01   5.1620706e-02   2.3972092e-01  -1.1862191e-01  -1.9190523e-01  -4.1030563e-03   6.8266371e-02   1.6650191e-01   9.3969546e-02  -1.3128928e-02   1.4582956e-01  -3.4081487e-01  -8.9744639e-02   6.9562807e-01  -1.6769567e-01  -5.8595996e-02   6.1379385e-01  -4.8078723e-02  -1.8399891e-01  -2.5559852e-01  -3.1951488e-01   4.7921469e-01   3.2597194e-01   5.5075430e-01  -4.8329300e-01  -2.1336592e-01   5.3722737e-01   3.6155045e-01  -2.2439500e-01  -4.2139962e-01  -2.3049638e-01   3.0366870e-02  -2.6108383e-01  -2.4091916e-01  -1.4732906e-01   3.7774463e-01   4.4123437e-01  -1.1821293e-01   6.6764296e-02  -2.1337717e-02   8.3047772e-02   2.1356679e-01  -3.8671104e-01   2.8889070e-02   6.8078117e-01  -3.7065278e-01  -1.2552503e-01  -1.9522884e-02   1.2251366e-01  -3.0283495e-04  -2.4922544e-01  -1.1529992e-01   5.5941945e-01   1.3072858e-02  -2.9829807e-01  -5.1637242e-02   4.2391320e-01  -2.2321366e-01   3.1055156e-01  -1.9356668e-01   5.5167227e-01  -1.3035341e-01   3.7173637e-01  -3.9675360e-02   5.3501320e-01  -1.2797272e-01   3.4932960e-01  -2.7320002e-02  -2.4691864e-01   4.4614971e-01  -5.7260796e-02  -2.2820223e-01   1.3277895e-01  -3.7877403e-01   5.1995005e-01  -2.7655324e-01  -2.2178251e-01   6.1882016e-02  -4.4115790e-01  -1.0817776e-01   2.2930382e-01  -2.4407131e-01   4.4542109e-02   2.7133172e-01   1.4522733e-01  -2.7974216e-01  -1.2975588e-01  -1.6907985e-01   8.8360427e-02   6.1178771e-01  -2.2193687e-01   5.1626483e-02  -7.3686925e-02  -7.3548326e-02  -3.0881461e-01   4.5407559e-01   6.0204565e-01   2.3269266e-01  -2.2893213e-01  -1.1944986e-01  -2.5083093e-01   2.6662467e-01  -3.9042637e-01   1.6824774e-01  -2.1108990e-02   1.2281450e-01   5.2613346e-03  -2.8445909e-02   1.5561556e-01   2.3406190e-01   1.5707176e-01  -1.5686961e-01  -5.1676578e-02  -2.3778758e-01  -1.4753970e-01   1.3357805e-01  -5.1446488e-01   2.0901475e-01  -4.5111384e-01  -2.0779654e-01   5.9397138e-01   3.0795441e-01   8.1593955e-02   4.2449188e-02  -1.0002894e-01  -2.2034381e-01  -2.5436578e-01   1.4465160e-01   6.8498610e-01  -1.3683774e-01  -2.5998994e-01  -1.5746987e-01  -1.1593632e-01  -2.9163977e-01   2.9146884e-01  -4.6658060e-01   1.0706329e-01  -4.6284744e-01   4.1825686e-02   5.3611405e-01   1.1360784e-02  -9.4780075e-02  -2.6813934e-01   6.0356533e-01   6.2513881e-01  -2.2915310e-01  -3.0935786e-01   2.6848026e-01  -2.7934036e-02  -1.8585363e-02  -3.5488023e-02
  -2.0650476e-01   3.8313403e-01   0.0000000e+00   5.1762578e-02   2.9392607e-01   3.3951108e-01  -4.0772946e-02  -1.5272462e-02  -7.6658929e-02   1.4213622e-01  -3.4996408e-01   4.9951764e-01   3.2059551e-02  -1.7729458e-01  -4.2326852e-01   1.2558780e-01   8.5410378e-01  -3.3264023e-01  -8.2411666e-02   5.2802555e-01  -2.5911113e-01   3.3537590e-02  -2.5300996e-01  -2.1894388e-01   2.5091674e-01  -1.7970803e-01   5.2999240e-01  -6.1614280e-02   2.2454935e-01  -2.7102964e-01  -3.3853387e-01   3.5264828e-02   2.2074806e-01  -2.0550855e-01  -7.4985739e-02  -7.4596800e-02  -2.5377186e-01  -1.5097147e-01  -7.5776994e-02   6.6726529e-01  -1.2500917e-02   1.7936056e-01   4.1878318e-01  -1.7984478e-01  -4.6032690e-01   2.6602211e-01   8.2386353e-04  -2.0650834e-01  -1.1899440e-01   6.4252619e-01  -2.1523702e-01  -8.5912324e-02  -1.9780210e-01   3.8520764e-01  -1.7824532e-01  -1.6751074e-02  -2.8638124e-01   5.1923889e-04  -4.7988498e-02  -2.1231805e-01   2.5261479e-01  -2.0666230e-02   2.2648389e-01  -4.0464654e-01  -4.9238075e-01  -3.1085387e-01   2.6699927e-01  -7.6593606e-02   8.2996177e-02   6.6981721e-01   2.1779191e-01  -1.2504134e-01  -2.2424277e-01   4.2116481e-03   2.6576352e-02  -1.7403680e-01   1.1000728e-01   1.5095591e-01   1.5425194e-01   1.1580135e-01  -2.9243400e-01  -1.2049469e-01  -7.2013479e-03  -2.3048039e-01   4.2788853e-01  -1.9112285e-01  -2.0202719e-01  -3.3482892e-01   1.3610096e-01  -2.9478859e-01   4.6842147e-02   4.6715654e-01   3.5282840e-01  -1.1288776e-02   1.4226929e-02   5.4328672e-01   4.8386778e-02  -2.4202323e-01  -1.5870257e-01  -2.0073942e-01   2.8658719e-01   5.1980485e-02  -2.2674469e-01  -2.7451372e-01  -1.1272819e-01   3.8346263e-02   3.9635334e-01   1.8950899e-02  -3.0605280e-01   3.0212719e-01  -8.5207260e-02  -1.6413480e-01  -9.3319945e-02  -2.7544285e-01   1.9396643e-01   1.6770021e-01   2.0483872e-01  -1.8708635e-02   1.7428979e-01  -5.8862957e-02  -5.8420036e-02   2.2991190e-01   6.1822641e-01  -3.7417806e-01  -1.5138976e-01  -1.6392177e-01  -3.4412145e-01   1.0298028e-01   4.3224690e-02   7.0868299e-01  -1.7610164e-01  -5.1038665e-01   9.5031297e-02  -2.7310780e-01   1.4644965e-01  -1.2799359e-01   1.7258029e-01  -2.3333807e-01  -2.0372955e-01  -1.7097563e-01  -2.2713219e-01   9.2195963e-02   3.1476857e-03   6.6619678e-01  -3.7435031e-01  -3.1675542e-01   4.1283118e-01  -1.3570676e-01   2.8732790e-01  -1.3802393e-01  -1.4599820e-01  -3.3483295e-01  -1.6756377e-01  -2.0697825e-01   8.4367817e-01  -2.4100743e-01   8.1942997e-02  -3.0156325e-02   2.4523333e-01  -2.7860230e-01   6.3061762e-02  -1.5134956e-01   1.4855413e-02  -1.8226272e-01   4.9865264e-02   1.6918551e-01   6.3254604e-02   4.0997661e-02  -1.0745548e-02   1.0315223e-01   3.0187740e-01  -1.0253786e-01  -4.4912196e-01   5.3051392e-01   1.1547575e-01  -1.4607673e-01   1.0555801e-02
  -2.9021541e-01  -8.6241135e-02   5.1762578e-02   0.0000000e+00   2.9157432e-02   1.4569459e-01  -3.3753727e-02  -1.2645335e-01   1.3516462e-02   4.4511801e-02   2.2760263e-01  -8.2713639e-03   3.3374844e-01   1.1088568e-01   2.0568550e-02   5.8355198e-01   2.0552114e-02   2.4687627e-01  -5.6610640e-02   1.1540134e-01   1.0264024e-01   6.8588919e-01   7.8985776e-02  -1.2809392e-01   1.2800569e-01  -1.1058034e-01   1.9596215e-01  -1.0816350e-01   4.1851656e-02   1.2458442e-01   1.2326907e-01   6.4256749e-01   2.2159254e-01  -1.1297413e-01   1.4513386e-02   3.0789694e-01  -2.2682840e-02  -1.7775071e-01   5.1132382e-01  -2.9995985e-02   4.4828250e-01   1.8014003e-01  -1.7253330e-02   1.8264101e-01   8.0268623e-02  -2.1344327e-02   4.0309945e-01  -9.7978566e-02   1.0134461e-01  -9.6243364e-02   4.8508956e-01  -1.0700418e-01  -7.7494831e-02  -7.4113375e-02   7.5001693e-02   3.2199918e-01  -2.3865879e-02   6.3680389e-01   5.4389233e-01   2.6865988e-01   8.9967786e-02   3.1383321e-01   2.6379336e-01  -1.5958495e-02  -5.5809991e-02  -1.2388890e-01   1.6196412e-01  -3.7254347e-02   5.7232428e-01  -1.0220542e-01  -3.4139699e-02   3.4724992e-01   2.9235636e-01  -1.9040758e-01   2.9113945e-01   2.6741027e-01  -2.8779759e-03   4.0493737e-01  -4.0102820e-03   5.0042004e-01  -8.3018485e-02   4.6448540e-01   7.5867858e-02  -9.4381025e-02  -8.5808845e-02   3.4966625e-01  -5.8978289e-02  -2.2291492e-01  -1.1236861e-01  -2.4241583e-01  -2.1083782e-01  -3.5564439e-03  -8.3488090e-02   4.5973451e-01   3.2227999e-03   2.1330056e-02   2.5621869e-01  -1.9030632e-02   2.3466518e-01   7.1955252e-02   5.0100226e-02   1.3360937e-01   2.1630087e-01   1.8349764e-01   4.9465840e-01   6.1685242e-01   3.9406720e-02   3.3900270e-01  -5.9577722e-02  -2.0268057e-02  -3.4119865e-02   3.9790797e-01   4.7160785e-01  -3.3056242e-01  -1.7161148e-01  -8.5830054e-02   4.4111562e-01   3.2645216e-01   1.6522508e-01   8.0851617e-01  -1.1712324e-01  -1.5231386e-01  -9.7109825e-02   1.2587596e-02  -2.8993643e-01   6.1469850e-02   7.0765136e-02   1.2680523e-01   4.4014081e-01   1.0467423e-01   4.5757326e-01   2.2745680e-02   1.5980597e-01   1.4006083e-01   4.7618847e-01   7.4121389e-02   3.6968915e-01   1.4302858e-01   2.2946493e-01  -1.1007000e-01  -1.3408832e-01  -1.0199307e-01   3.6947850e-01  -1.2731496e-01   1.3528481e-01   1.2091915e-01  -1.2920266e-01  -2.5198156e-01   8.6038871e-02   1.5093769e-01  -2.5628371e-01   9.1423298e-02  -1.6568902e-01  -8.6595584e-02  -5.4958152e-02  -1.1841276e-01   1.1868620e-01   4.2568962e-01   2.6636591e-02   2.5916752e-01  -9.6754240e-02   1.5195860e-01   8.7805107e-02   2.6310244e-01   7.2157194e-01  -9.9187497e-02   1.7139525e-01   3.6409027e-01  -7.5780172e-02   2.9506683e-02  -6.4822626e-02  -7.8133575e-02   1.0391580e-01   2.0917186e-01  -1.0640905e-01   1.5774754e-01   6.8217635e-01
   7.4999926e-02   6.5754704e-01   2.9392607e-01   2.9157432e-02   0.0000000e+00  -1.2797374e-01  -2.4854163e-01  -5.3934906e-02   4.7049633e-01  -2.0058988e-02  -2.3494513e-01   1.9328825e-01   2.4550265e-01  -2.4098620e-01  -4.1929734e-01   6.5042102e-02   4.6710772e-01  -2.3980727e-01   8.6392194e-02   8.1916681e-01  -4.4707573e-01  -2.4685341e-01  -5.8183472e-01   1.5808713e-01  -1.3955554e-01  -1.9138185e-01   5.6277685e-01   5.2500960e-02   1.9186672e-01  -1.6291910e-01  -3.0796006e-01   1.3029819e-01   1.7255312e-01  -1.7183266e-01  -2.1922960e-01   3.3371855e-01  -2.2466379e-02  -1.4400292e-01   1.2815599e-01   5.9270280e-01   1.5189421e-01   7.1941202e-02   5.8487227e-01   3.3253285e-02  -2.6865487e-01  -1.6344440e-01  -2.4421635e-02   2.0544230e-01   1.8586164e-01   5.2099208e-01  -3.6836197e-01  -9.9168469e-02   1.6929916e-01   2.5733108e-01  -2.4678388e-01  -3.8683603e-01  -5.7681677e-02   1.8122256e-01  -1.3993711e-01  -1.5903494e-01   1.4621323e-01   5.0287590e-01   5.8848766e-01  -1.8744973e-01  -6.1546787e-02  -1.4413768e-01   2.5212554e-01   2.8813035e-01  -2.6066521e-01  -1.3119633e-01   5.0496736e-01  -3.4238907e-01   6.2290286e-02   1.0571439e-01   5.9468496e-02   1.6827630e-01  -6.2846232e-02  -4.6215079e-02   5.8238304e-01   2.3396343e-01  -1.9729636e-01   2.0131930e-02   4.0637533e-01  -3.6521874e-02   2.7477502e-01   1.2942690e-01   2.6275154e-01  -1.2078613e-01   5.6005626e-01   1.4548316e-01   6.8955925e-01   2.8325103e-02   2.5618436e-01   1.9968755e-01  -1.4044104e-01   6.6426704e-01   1.2154533e-01   2.2517077e-02   3.9972363e-01  -4.5059651e-01   1.8229399e-01  -4.1104389e-01  -3.7021541e-01   7.0385568e-02  -3.6713069e-01   2.9477025e-02   2.4969124e-01  -1.1975443e-01   6.6688285e-02   5.2198934e-01  -2.6100632e-02  -3.1494690e-01   1.1963225e-02  -1.4637902e-01  -1.7379857e-01   6.6831669e-01  -1.7794659e-01   2.4497399e-01  -2.0743992e-01  -4.1397781e-02  -2.1896519e-01   6.3106681e-01   5.9300448e-01   1.5184349e-02  -6.3234026e-02  -2.8377217e-01  -2.8373063e-01   2.9403489e-01  -2.2458379e-01  -5.1809359e-02   1.1411774e-01   2.3768428e-01  -2.1158598e-01  -2.5607536e-01   2.0914223e-01   2.7159388e-01   2.9793534e-01  -3.4950517e-01   5.4299208e-02  -2.2439443e-01  -3.9065380e-02   3.5850021e-01  -3.2754644e-01  -6.0841832e-02  -4.8739755e-01  -2.6545346e-01   3.5479082e-01   4.0707879e-01   4.6412157e-02  -9.5009720e-02   5.5381016e-02  -3.7699989e-01  -1.5044007e-01   4.1849665e-01   5.4071610e-01  -1.0698280e-02  -1.1428836e-01  -9.5700446e-02   2.1261743e-01  -3.7468774e-01   3.5561780e-01  -2.8374507e-01   3.2101046e-01  -4.5900545e-01   2.5691159e-01   5.2543637e-01   1.1235722e-01  -1.0588868e-01  -1.9975836e-01   6.0652111e-01   5.7672514e-01  -1.2805422e-01  -2.4089019e-01   2.6972497e-01  -2.2380863e-02   1.4594626e-01   2.0627584e-01
  -1.8767663e-01  -2.1703131e-01   3.3951108e-01   1.4569459e-01  -1.2797374e-01   0.0000000e+00   4.4447620e-02   3.4764786e-02  -3.0677334e-01  -2.4115924e-01   1.9217623e-01   3.0893173e-01   2.5065486e-02  -2.0971499e-01  -5.8209378e-02   2.7089300e-01   1.0221326e-01   1.3572779e-01   1.4631034e-01   4.5374933e-02   8.0509474e-02   3.4439593e-01   1.0359248e-02  -1.9046988e-01   1.4112459e-01   2.7490864e-01   3.0266753e-01  -3.6636374e-01   1.2681160e-01   1.6559368e-01  -2.6831226e-01   1.2574945e-01  -3.6775746e-02  -2.2372664e-01   8.7795434e-02   6.9479189e-04  -3.9363648e-01   9.0824233e-02   1.1070985e-01  -5.4550487e-02   5.5088143e-02  -3.3914278e-02   4.6456182e-02  -4.5728246e-02  -9.1761709e-02   2.8562879e-01   2.9668681e-01  -2.2500805e-01  -3.7018333e-01  -4.0101195e-02   3.2055300e-01   1.2494269e-01  -4.2056622e-01  -1.3089716e-01  -1.0268502e-01   1.7381607e-01   1.7669857e-01   1.4831764e-01   1.8817946e-01   3.2884272e-01   1.2066461e-01  -2.7330471e-01  -1.6495196e-01  -2.5576332e-01  -2.6914968e-01  -4.4718741e-02   5.7514046e-01  -1.4757685e-01   4.8959909e-01   4.8533150e-01  -4.3447476e-01   2.7236514e-01   1.6755201e-02   1.2613574e-01  -3.2243301e-02  -3.1754696e-02   2.2625355e-01   3.1246728e-01  -1.7366765e-01   4.4427656e-02  -2.3422437e-01   8.2946934e-02  -3.6220746e-01   1.4278316e-01   7.5652605e-02   9.1655491e-02  -4.4691480e-01  -2.2010484e-01   4.8944989e-02  -1.7669605e-01  -2.4365573e-01   1.0302240e-01  -9.5370530e-02   2.6333618e-01   3.3516887e-02  -4.3549728e-02   1.9444651e-01   1.1371885e-01  -6.2235946e-02   1.7804798e-01  -2.8554576e-01   4.1365511e-01  -2.9553637e-02   7.0322173e-02   3.8988606e-01   2.4541549e-01  -2.6520387e-02   4.5245415e-01  -4.5960195e-01  -6.1593646e-03  -2.6586919e-01   2.6080762e-01   1.2164591e-01   1.1839831e-02  -1.1017105e-01  -4.0958918e-01   2.9948800e-01   6.7948841e-02   1.0728238e-01   1.5385958e-01   1.9019307e-01   4.6404969e-02   3.4508933e-02  -3.5494712e-01   9.2824482e-02   6.1385679e-02  -2.4170440e-02  -3.1263516e-01   3.6946876e-01   3.9273215e-01   2.6105711e-02  -2.3010881e-01   2.6455337e-01  -6.0035034e-02   1.8796953e-01  -1.9678735e-01   1.0236516e-02  -2.2329385e-01  -2.3383433e-03  -1.0186903e-01  -1.1087619e-01  -4.7902403e-02   5.2411268e-01   3.4630831e-01  -2.1480554e-02  -1.4888803e-01  -2.6430283e-01  -2.1556095e-01   1.1585033e-01  -3.1710766e-01  -4.9694653e-02  -2.2973607e-01   4.6695587e-02  -1.6646735e-02   1.2002789e-01  -1.7438295e-01   2.6142648e-01   1.7718290e-01  -9.6746543e-02   2.5919760e-02  -8.4861984e-02   3.5265514e-01  -1.4590230e-01   2.9631512e-01   2.3900549e-01  -2.4269074e-01   3.9025933e-01  -5.2230628e-02   3.1625820e-01  -4.4333494e-01  -2.3150950e-01  -9.4095008e-02   4.4582804e-02   4.7672404e-01   9.9782477e-02  -1.7024740e-01   3.2448015e-01
  -5.2940858e-02   5.7549651e-02  -4.0772946e-02  -3.3753727e-02  -2.4854163e-01   4.4447620e-02   0.0000000e+00  -9.9948616e-02  -3.3544202e-01   3.2210420e-01  -2.6273641e-02   3.3126144e-01  -2.7690148e-01   1.7168636e-01   4.3638537e-01   5.2199284e-02  -1.0246360e-01  -1.5097198e-01  -2.2867051e-01   1.7719478e-02  -1.5526035e-02  -3.7221789e-02   6.2642408e-01  -2.0056671e-01  -6.8553891e-02  -8.6605653e-02   1.0204866e-01   9.4177671e-02   1.9049293e-01  -8.7029717e-02   5.6774660e-02  -2.7183795e-01  -2.2036656e-01   7.5076786e-01   6.5773090e-01   2.3489766e-01   9.2395567e-02  -1.6745893e-01  -1.8409776e-01   2.2876387e-02  -1.6926142e-01  -1.5838535e-01   9.8800510e-02  -2.4012657e-01   3.8999797e-01  -1.2170059e-01  -4.3336801e-02   4.4945480e-01  -1.7883220e-02  -1.4156769e-01   1.1002680e-01  -5.3829444e-02   2.6077795e-01   5.5330755e-02  -7.7342075e-04   2.3023388e-01  -1.4267098e-01  -1.2140361e-01   1.3809612e-02   6.2005838e-02  -2.7915260e-01  -8.8853250e-02  -3.7002962e-01  -1.4115477e-01  -1.0217686e-01   4.3036687e-01  -2.6364692e-01  -1.1781507e-01  -5.6314985e-02   2.2475012e-01  -8.8939403e-03   1.0219774e-01  -1.0644845e-01  -1.2731600e-01  -7.9984128e-02  -2.7456505e-01  -9.9272893e-02  -3.0902714e-02   2.3271566e-02  -3.5209942e-01   2.4343057e-01   1.3034050e-01   2.4040319e-02  -1.7335299e-01   1.8265869e-01  -1.9228114e-01   1.3249482e-01  -5.3602353e-02  -4.4947595e-01  -1.6402427e-01  -3.3807146e-01  -3.1025871e-01   3.9830556e-01  -3.6483988e-02  -1.8144184e-01  -1.4607891e-01  -2.1332272e-01  -1.6272427e-01  -2.9634317e-01   5.1662348e-01   2.5733717e-01   3.6858310e-01   9.2166974e-02  -1.8833426e-01  -1.4797302e-02  -2.1911622e-01  -8.1616215e-02  -1.4020518e-01   1.3264110e-01  -1.3351633e-01   6.8030630e-01   1.1549997e-01  -1.5385719e-01  -1.3610071e-02   4.6079693e-01  -2.3152491e-01  -1.7964938e-01  -1.6314774e-01   2.0649744e-01  -2.4504442e-02  -1.1883093e-01  -9.3564427e-02  -1.8470510e-01  -8.1306628e-02  -1.8396368e-01   2.0438213e-01   4.5565030e-01  -3.6332921e-01  -2.3087175e-01   1.8364944e-01  -2.6959314e-02   2.2244032e-01   9.1474558e-02   3.4865089e-01  -1.6500623e-01  -2.3285486e-01  -3.6297860e-01   2.1993915e-01  -2.3088088e-01  -4.1096428e-02  -8.3414623e-02  -8.0640342e-02  -4.1513782e-02   1.8744827e-01   3.5804869e-01  -2.0963338e-01   3.8917509e-01  -2.7284655e-01   3.1774076e-01   4.0030442e-02   7.6243202e-02   2.0759544e-01  -2.3444781e-01  -3.2306808e-01  -4.6994187e-03  -1.8055549e-01  -2.4664654e-01   2.1572355e-01  -4.1337729e-01   4.0059976e-01  -3.6829914e-02  -2.3675105e-01   1.7910441e-02  -8.9767998e-02  -1.9442021e-01   1.3807598e-01   1.1288546e-01  -2.0100873e-01  -9.3854951e-02  -1.4326614e-01  -7.9940967e-03  -1.4422541e-01  -9.7182444e-02  -7.5561880e-02  -1.8864866e-01  -4.4701137e-01  -1.6548629e-01
   2.6331297e-01  -5.8557357e-02  -1.5272462e-02  -1.2645335e-01  -5.3934906e-02   3.4764786e-02  -9.9948616e-02   0.0000000e+00   2.8310421e-01   1.2422635e-02  -1.2982663e-01  -1.6530719e-01   1.1500330e-01  -2.1517602e-01  -2.1444685e-01  -2.5396748e-01   7.1719758e-02  -1.0312951e-01   1.9838497e-01   1.7037582e-02  -1.9079160e-01  -5.5226964e-02  -1.7417675e-01   1.8729971e-01   1.7481839e-02   4.8379495e-01  -5.5813052e-02   1.2403230e-01  -1.7900213e-02  -4.1976893e-03  -1.3609221e-01   1.0045300e-01  -2.1973129e-02  -1.3649481e-01  -2.4952964e-01  -6.9138008e-02  -8.3730818e-02   4.4152825e-02  -3.4108590e-01   2.7970116e-02  -1.0023992e-02  -1.0102870e-01  -1.4460579e-01   7.8857537e-02  -2.9514090e-01   1.3593964e-01  -1.4583623e-01   1.7537704e-02  -9.0240742e-02  -3.4702763e-02  -1.6026802e-01   6.4568802e-01  -5.0108885e-02  -1.5798207e-01  -8.3147791e-02  -2.5113673e-01   2.9416416e-01   7.7848042e-02   1.0420939e-01  -1.3715709e-01   2.5404557e-01  -6.2968093e-02  -4.2766851e-02   3.6013350e-02  -5.9892446e-02  -1.9330002e-01   2.0512404e-01  -2.7461274e-02   6.4341622e-02  -4.1879069e-02   5.7962282e-02  -2.5295579e-01  -2.1080222e-01   2.1592287e-01  -1.2416531e-01   1.7000703e-01   2.1139253e-01   2.3829796e-01  -1.0431839e-01  -2.3390582e-02   9.0924207e-02  -1.8803168e-01  -1.0961479e-01   4.9650656e-01  -3.9683005e-02   1.8583427e-01  -2.7511565e-02   6.0024270e-02   1.0755189e-01   2.3948316e-01   5.5747165e-02   3.5664750e-02  -9.7771793e-02  -3.9080053e-02   9.2986434e-02  -1.8467198e-02  -1.0265952e-01   4.6350768e-01  -2.0429450e-01  -1.0500589e-01  -5.1898987e-02  -4.6198827e-02  -1.0832336e-01  -1.9725682e-02  -5.8659234e-02   1.5612625e-01  -1.7505137e-01   3.3380770e-01  -5.3775383e-02  -4.3469280e-02  -5.2096259e-02  -9.8213165e-02  -1.9645372e-01   2.0677852e-01  -1.4773358e-01   5.2621151e-02   1.0593527e-01   3.8033803e-02  -1.7176571e-01  -1.1364681e-01  -1.1410481e-02  -4.1401091e-02   3.7566687e-02  -1.0608773e-01   2.4824074e-01  -1.5128857e-01  -2.7851519e-01  -4.2131969e-02   1.1287327e-01  -1.3036586e-01  -2.0491640e-01  -1.6799698e-01  -1.5178675e-01  -1.7891565e-01   5.3905905e-02   3.8363640e-01   1.3633700e-01  -1.5212151e-01   5.0126561e-01   2.5448356e-01   5.5254848e-02  -8.1894436e-02   6.9144352e-02  -1.8297356e-01  -2.2660798e-01  -6.0385949e-02  -6.1933499e-02  -3.2735599e-02  -1.1712619e-01  -1.5027545e-01   1.2576898e-01   1.8926282e-02   2.0242602e-02   5.5054567e-02  -2.8143980e-02   2.4989421e-01   1.0770786e-01   1.0503003e-01   1.5659236e-01  -9.2493882e-02  -5.4339513e-02   6.9157338e-02  -6.6335233e-02  -4.2574858e-02   1.0992232e-01  -2.2783374e-02  -8.5165476e-02   1.4327316e-01   1.6717631e-02  -3.6734268e-02   2.0972721e-02   1.4114900e-01  -2.1206238e-01  -1.8643641e-01   8.7411429e-02  -5.8677675e-02   1.1202101e-01
   2.2881400e-01   3.7947541e-01  -7.6658929e-02   1.3516462e-02   4.7049633e-01  -3.0677334e-01  -3.3544202e-01   2.8310421e-01   0.0000000e+00   6.6302220e-02  -1.5114353e-01  -2.9471166e-01   1.1292646e-01  -1.5140881e-01  -1.7137681e-01  -1.4011517e-01   3.2077952e-02  -4.2095309e-02   1.1160323e-01   2.3652212e-01  -2.7428383e-01  -1.1750948e-01  -3.5381221e-01   2.0269368e-01  -1.3145544e-01   8.5471126e-02   1.1592641e-01   1.5655514e-01   9.1235965e-02   2.5790643e-01  -2.0213554e-02   2.1881241e-01   6.5047080e-02  -9.9130712e-02  -1.8691595e-01   6.3149065e-02   2.4750476e-01  -1.1287047e-01   7.9644364e-02   2.2087398e-01   1.3685349e-01  -9.4540445e-02   2.3592924e-01   2.6483796e-01  -2.1175854e-01  -2.8524596e-01  -1.3009157e-01   2.8176270e-01   1.0219511e-02   5.9573617e-02  -3.8570126e-01   2.3476321e-01   2.2139212e-01   6.6092754e-02  -2.5423647e-02  -4.2018244e-01   1.1605384e-01   1.7249936e-01  -1.0312221e-01  -1.9409076e-01  -8.0331089e-02   3.7635553e-01   4.1142076e-01   3.1911746e-01   3.1778129e-01  -1.8121047e-01   3.0512309e-01   1.6614073e-01  -2.3765913e-01  -4.0087862e-01   3.9395381e-01  -4.0720698e-01   1.5126708e-02  -2.9157195e-02   1.9973780e-01   3.9440029e-01  -1.7591519e-01  -2.4798145e-02   1.0801928e-01   1.5446909e-01   2.6076834e-03  -1.8787865e-01   3.4267668e-01   2.8622088e-01  -1.4294841e-01   1.6876126e-01   5.3654216e-01   2.8076035e-02   6.1344162e-01   2.1876477e-01   4.0902222e-01  -1.6176043e-01  -5.6697285e-02   3.6927998e-01  -1.1277611e-01   2.0065622e-01   2.2248521e-02   1.0347972e-01   2.3874295e-01  -4.4602711e-01   5.3173599e-02  -4.6857567e-01  -2.4576272e-01   4.7240758e-01  -3.7594546e-01   1.6867029e-01  -1.4118540e-01  -1.0717843e-02   1.9667319e-01   1.8932685e-02   1.5831374e-02  -3.6793737e-01   2.7086762e-02   1.4595810e-02  -2.5489969e-01   3.7183194e-01  -6.9729248e-02   1.2108717e-01  -3.2672139e-01  -2.3477935e-02  -1.6612861e-01   1.5075157e-01   2.9290822e-01   2.4218185e-01   8.3163276e-02  -2.3218311e-01  -2.3260437e-01   3.2761338e-01   1.9702073e-02  -3.9651143e-01  -3.3230619e-02   2.4938099e-01  -3.8575804e-01  -1.4547733e-01   2.6779152e-01   5.7218020e-01   2.7063095e-01  -6.6871621e-02   3.7796832e-01   1.3263312e-02   2.5522744e-02   1.3914610e-01  -3.4597328e-01  -3.1133843e-01  -3.3946532e-01   1.7042923e-01   6.6301978e-02   3.5439152e-01  -2.7007267e-01   4.0450435e-02   1.2297565e-02  -7.8812437e-02  -1.3635680e-01   4.8566867e-01   9.9263555e-02   2.0131125e-01  -4.5193854e-02  -1.8682728e-01   8.3861831e-03  -3.1909306e-01   1.7058639e-01   9.0669294e-03   1.7813984e-01  -1.9474363e-01   2.3082092e-01   2.2073536e-01  -1.7602418e-01  -4.6782238e-02  -2.5305154e-01   4.5048465e-01   2.3020214e-01  -2.6879992e-02  -3.3024765e-02  -1.2549949e-01  -1.6724628e-02   1.8386196e-01   2.3710356e-01
  -2.3997412e-01   2.2786463e-01   1.4213622e-01   4.4511801e-02  -2.0058988e-02  -2.4115924e-01   3.2210420e-01   1.2422635e-02   6.6302220e-02   0.0000000e+00  -3.8900104e-01  -4.9539447e-03  -2.0532293e-01   1.4717212e-01   1.1701115e-01   3.5903196e-02   1.5410502e-01  -2.7043301e-01  -1.0649185e-01   6.0569726e-02  -1.2667715e-01  -4.6887907e-02   1.2496832e-01  -3.0625772e-01  -3.4978039e-02   4.6166816e-02  -1.8509853e-01   2.9249340e-02   9.0159804e-02  -2.6825932e-01   3.7333487e-01  -2.8577127e-02   2.2433666e-01   5.4960277e-01   2.9242133e-01   1.3032693e-02   5.7064301e-01  -4.2409444e-01   2.9374928e-02   2.9858409e-01  -1.8933663e-01  -8.0477044e-02   3.2565517e-01   7.4241745e-03   3.3602874e-02  -3.3891138e-01  -3.6929582e-01   3.3047540e-01   1.1796885e-01   2.4652416e-01  -2.9727204e-01  -2.7010128e-02   4.4237505e-01   1.3735804e-01   1.1082379e-01  -1.0400933e-01  -2.7564734e-02   1.1530280e-01   2.8215871e-02  -3.0900128e-01  -1.8658459e-01   1.6870118e-01   2.4955978e-01   2.2835765e-01   8.2647344e-02   3.8855058e-02  -1.0563180e-01  -1.2452010e-01  -2.6139597e-01  -1.5755771e-01   4.6603665e-01  -3.8620580e-01  -2.5136248e-01  -3.4367230e-01   1.1181617e-02  -5.3311059e-02  -2.7315328e-01  -9.9265640e-03   1.6118193e-01   5.3932348e-02   1.1690661e-02  -1.2231364e-01   5.4397076e-01   1.0764648e-01   1.6891143e-01  -1.7999669e-01   3.8330986e-01  -3.0141265e-01  -2.1785210e-01  -2.9018388e-01  -1.9856708e-01  -5.1320506e-02   5.1377141e-01  -1.1611582e-01  -2.4978893e-01   1.4700125e-01  -3.5007214e-01   3.8469305e-02  -2.3043076e-01  -2.3639964e-01   6.4322022e-01  -9.3332548e-02  -1.2006519e-01  -1.6115696e-01  -3.1056766e-01   1.2506466e-01   1.2080218e-01  -3.2426399e-03   5.2479508e-01  -1.6432120e-01   5.8816900e-01  -3.6466484e-01  -1.8517277e-01  -3.1442955e-01   3.5777505e-01   1.5454235e-01  -5.4039295e-02  -2.3680379e-01   1.1438861e-01   3.0554183e-02  -2.9582001e-01  -2.9674328e-01   1.8662763e-01   2.6602823e-01  -3.7226318e-01  -2.2902851e-01   1.0535211e-03   1.8283461e-01  -1.1744890e-02   1.4976553e-02  -1.2637309e-01  -2.5668595e-02  -1.4634943e-01   1.8335677e-01   1.9364664e-01   2.2882023e-03   1.3701592e-01   3.7175532e-01  -1.0522811e-01  -1.7537896e-01  -3.1761124e-01  -9.5045773e-02  -3.0024011e-01   1.1095937e-01   1.0383798e-01   3.7385014e-02   5.4718146e-01  -2.2792281e-01   1.5696750e-01   5.7752321e-01  -1.8490092e-01   6.9516701e-02  -3.8244579e-01  -4.1586186e-01   2.5255297e-01  -3.2737504e-01  -2.0315741e-01  -6.9249127e-03  -9.7398186e-02  -2.5485518e-01  -9.1407124e-02  -3.2782087e-01   1.4870363e-01  -2.0751985e-01   4.6729041e-02   2.7939937e-01  -4.1662152e-01  -8.1095216e-02  -2.8970928e-01   3.7758120e-01   2.6127326e-01  -3.4326579e-01  -2.0884248e-01  -6.8169792e-02  -1.5007773e-01   1.7928374e-02   5.0184060e-02
  -2.3516492e-01  -4.6752458e-01  -3.4996408e-01   2.2760263e-01  -2.3494513e-01   1.9217623e-01  -2.6273641e-02  -1.2982663e-01  -1.5114353e-01  -3.8900104e-01   0.0000000e+00  -7.5519244e-02   1.3561246e-01   5.3955166e-02   3.5920447e-01   2.0170523e-01  -5.2240937e-01   8.5934806e-01   5.8358028e-02  -3.6394097e-01   7.1449984e-01   1.6344610e-01   3.1551864e-01  -2.2539241e-01  -2.6552975e-01  -8.2346080e-02  -2.6357273e-01  -3.3496923e-01  -1.7558220e-01   6.3881651e-01   3.4378012e-01   7.4614544e-02  -8.0515200e-03  -2.6299184e-01   3.2183055e-02   4.9015619e-01  -1.0131759e-01   1.2093955e-01   4.0914711e-01  -6.7937424e-01   4.1269833e-01  -1.4508443e-02  -5.2578008e-01   4.6990677e-01   5.1663331e-01   2.9510149e-01   8.1187864e-01   5.7097463e-02  -1.6827913e-01  -6.8960179e-01   7.0470350e-01  -1.1498397e-01  -3.5500557e-01  -3.9741030e-01   1.8939757e-01   4.5333206e-01   6.2137740e-02   5.2228719e-03   5.0869791e-01   3.7326720e-01   5.1071089e-02  -1.3109269e-01  -3.4920695e-01   3.7851262e-01   3.5899323e-01   2.2557745e-01   2.3404849e-02  -2.7972587e-01   5.3276384e-01  -1.2340003e-01  -5.5716878e-01   4.5280587e-01   4.8172316e-01  -7.4867582e-02  -9.3086524e-02   1.7832397e-01   3.5591083e-01   1.2577228e-01  -3.1035719e-01  -2.9457203e-02   3.0731650e-02   3.1437827e-01  -1.1211684e-01  -5.8328757e-02  -1.9569654e-01   7.6150426e-02  -2.6030139e-01  -1.1980664e-01  -1.0452055e-01  -2.5511466e-01  -2.3628926e-01   2.0617661e-02  -5.3263746e-01   3.0446277e-01   3.5044142e-01  -5.7152889e-01   1.3807639e-01  -6.5256434e-03   3.7215499e-01   2.4641675e-01  -4.1419275e-01   2.6763442e-01   4.8210682e-01   4.6124406e-01   3.4464323e-01  -2.3739192e-02  -1.7402144e-01   2.3271043e-02  -3.1846797e-01   1.0016504e-01  -2.5431768e-01   3.8620881e-01   1.9137391e-01   1.0120385e-01  -3.7574817e-01  -5.1743377e-01   2.7876095e-02   1.4440401e-01   2.8424022e-01   9.6950846e-02   3.0228151e-01  -1.2084477e-01  -4.5348814e-01   1.8388311e-01   1.9638044e-01   1.2243123e-01   4.1629394e-01  -4.8030575e-01   8.0375730e-02  -8.3478502e-02   3.5507590e-01   3.9177385e-01   2.3820922e-01   4.5592315e-01  -1.8862562e-01   1.5799483e-02  -2.8520444e-01   2.8049735e-01  -7.2409630e-02  -5.2002266e-02  -6.3339476e-02  -9.5052394e-02   3.9148207e-01  -2.4046427e-01   4.4726259e-01   5.4184936e-01  -5.7664469e-01   2.7935889e-01  -1.1374564e-02  -6.8130546e-02  -4.1546274e-02   4.4385782e-01   8.9479434e-02   4.1891778e-01  -5.2847872e-01  -2.0071766e-01   3.4843693e-01   2.6630736e-01   2.6926611e-03   3.4186903e-01  -3.7296914e-02   7.5459063e-01   1.6797296e-01   7.6282939e-01   1.2961858e-01  -5.3902683e-01   5.4701625e-01   8.6595608e-02   3.9096714e-01  -4.7643202e-01  -5.6196893e-01   2.7170056e-01   7.5014491e-01   1.6708283e-01  -1.6150460e-01  -2.2313653e-01   1.2081092e-01
  -1.4486273e-01   4.3537163e-01   4.9951764e-01  -8.2713639e-03   1.9328825e-01   3.0893173e-01   3.3126144e-01  -1.6530719e-01  -2.9471166e-01  -4.9539447e-03  -7.5519244e-02   0.0000000e+00  -1.9673323e-01   6.6529272e-02  -1.0659092e-01   1.1683306e-01   3.6705267e-01  -1.8809221e-01  -2.8131526e-01   3.6447374e-01  -9.6274162e-02  -3.1966776e-02  -1.3013857e-01  -2.1726081e-01   6.4448707e-02  -3.5117092e-01   4.7491237e-01  -2.2351985e-01   1.8606508e-01   2.1387149e-02  -3.3222537e-01  -1.6705924e-01  -2.1656805e-02   5.9556119e-02   4.0202729e-01   3.4087640e-02  -3.9691419e-01   2.8280752e-02  -1.0459358e-01   2.9953281e-01  -9.6067738e-02   1.2940480e-02   3.7635411e-01  -1.9420190e-01   3.9133815e-02   2.6925652e-01   1.6238466e-01   9.8144366e-02  -4.3301110e-02   1.7496885e-01  -4.8507112e-02  -2.8756979e-01  -5.7564528e-02   2.8134001e-01  -2.6998724e-01   1.4039668e-01  -2.5714458e-01  -2.2708962e-01   5.6816286e-03   3.1821739e-01   6.9681667e-02   4.4841811e-02  -4.3877055e-02  -4.3191558e-01  -3.2415837e-01   2.4421975e-01  -4.6027699e-02  -1.0256174e-01  -1.9899078e-02   4.9088348e-01  -2.1474421e-02   1.2475457e-01  -5.5909490e-02   1.7798535e-01  -7.6697386e-02  -1.7455101e-01   1.3623392e-01   2.4643328e-02   4.1601032e-01  -1.2206075e-01  -2.5737473e-01   1.1094237e-01  -1.2674493e-01  -4.4872398e-01   5.4674165e-01  -1.5775763e-01  -2.1319866e-01  -1.0642246e-01  -4.9569861e-02  -2.3771714e-01   4.3369172e-02   1.7347827e-01   2.1997520e-01   8.2352846e-02   8.5948955e-02   1.5506477e-01   1.6577395e-02  -3.8250503e-01  -7.3108496e-02   8.7018624e-02   1.8446947e-01   4.5449814e-01   1.8383081e-01  -8.0736428e-02   5.2920727e-02  -2.4928507e-01   3.1538250e-01  -3.0003770e-01  -3.8410134e-01   1.9319937e-01  -4.2347114e-02   3.0724467e-01  -1.3683952e-02   2.5261173e-02   2.4378506e-01   1.0633937e-01  -1.7551491e-01   7.9330554e-03   3.7276515e-01  -3.8793545e-02   3.6886226e-02   4.5744785e-01   4.7934281e-01  -2.0368927e-01   5.2638625e-02   3.3889854e-01   1.2791533e-01  -1.6239205e-01  -2.9724392e-01   5.1187984e-01  -1.4604003e-02  -2.0732003e-01   6.1484883e-01   8.1747490e-02  -4.8728306e-03  -1.3419109e-01  -8.0813646e-02  -2.5883910e-01  -2.9304639e-01  -1.5120474e-01  -4.5571567e-02   7.7280511e-02   2.6676462e-02   5.3700200e-01   3.8102368e-03  -2.3489597e-01   2.7153217e-01  -5.1843241e-03   3.5174678e-01  -3.7837829e-01   2.3913502e-02  -9.2561089e-02   1.9102416e-02  -1.5060670e-01   5.6636737e-01  -2.5736775e-01   6.3831849e-02   1.6044828e-01  -3.1451473e-02   1.7159884e-01   2.4340725e-01  -8.7130891e-02  -2.0102353e-01  -6.4196722e-03  -1.5100684e-01   2.7490826e-01   4.9606977e-01  -4.5115591e-02   2.9135039e-01  -1.3160396e-01   3.7409200e-01   6.8573030e-02  -2.2341941e-01   6.5378797e-01  -1.2077965e-01  -3.2849420e-01  -1.4282719e-01
  -4.5311025e-02  -9.1471141e-02   3.2059551e-02   3.3374844e-01   2.4550265e-01   2.5065486e-02  -2.7690148e-01   1.1500330e-01   1.1292646e-01  -2.0532293e-01   1.3561246e-01  -1.9673323e-01   0.0000000e+00  -2.0020895e-01  -2.1442765e-01   2.6334058e-01   8.3683894e-02   1.1989254e-01   8.2018743e-02   2.3033129e-01   1.1522007e-02   2.8877281e-01  -1.1105768e-01   7.8750994e-03  -3.7550757e-02  -2.6024897e-02   9.0200058e-02   9.6140494e-02   1.4054633e-01   5.1288747e-03  -5.9221843e-02   3.5189961e-01   8.4693024e-02  -4.0452453e-01  -3.8262318e-01   2.1961332e-01  -8.9706846e-02   5.9207632e-02   3.1172641e-01   5.8971680e-02   7.1180185e-01   5.7227263e-04  -1.1132480e-01   1.6170257e-01  -1.3338321e-01   1.8904362e-01   2.8744869e-01  -2.5264801e-01   2.8631931e-02  -4.4817838e-03   2.5645676e-01   1.0020262e-01  -2.4659615e-01  -2.3239931e-01  -1.8511076e-02  -9.0087603e-03   3.3854093e-02   3.7681777e-01   3.1055079e-01   1.2375459e-01   2.5287253e-01   1.4351169e-01   2.0620377e-01  -1.0240438e-01  -1.3163324e-01  -1.5163429e-01   1.4409933e-01  -2.2473612e-02   2.6206073e-01  -2.0245123e-02  -5.0357554e-02   1.4062124e-01   4.5514881e-01  -9.5693605e-02   1.5976232e-01   1.1284858e-01   1.0776824e-01   1.6834114e-01  -8.4634280e-02   3.5296810e-01  -4.3210474e-02   4.6424878e-01  -5.6545508e-02   1.7028964e-01  -1.0856899e-01   3.1402074e-01  -1.2697680e-01  -1.9483923e-01   1.6468802e-01   2.7665468e-02   1.0626540e-01   2.6310061e-02  -2.3667326e-01   3.0327103e-01   8.1116415e-02   1.6138068e-01   2.6212082e-01   8.9441450e-02   2.6098279e-01   4.4903937e-02  -2.1146985e-01  -1.7573454e-01  -7.1870905e-02   6.3446925e-02   2.3257123e-01   2.4673349e-01  -6.0042939e-02   2.2331204e-01  -3.4818874e-02   1.9961098e-01  -3.0735382e-01   7.0851902e-02   1.4339700e-01  -1.4514779e-01  -3.5220536e-01   6.8686663e-02   2.1910034e-01   7.3985275e-01  -4.8613846e-02   3.3014802e-01  -1.1058155e-01   1.0063922e-01  -3.0647125e-02  -1.0130519e-01  -3.2427791e-02  -1.9059274e-01  -1.8478412e-01   5.0932953e-02   2.7829162e-01  -6.5596214e-03   4.5164136e-01   3.5659073e-02  -1.2053495e-01  -2.5517341e-01   2.0164302e-01   3.8491516e-02   1.9004129e-01  -1.5583713e-01   1.5325417e-01  -7.2776819e-02   7.3922767e-03   3.0626499e-01   1.8211326e-01  -1.7002151e-01  -1.6147896e-01  -2.1800935e-02  -2.1765167e-01   1.4879460e-01   2.7727787e-02  -4.6343255e-02  -1.4283515e-01  -1.1230351e-01  -2.0126816e-01   1.6740516e-01   4.0194962e-02   8.4467054e-02   1.7875706e-01   3.9966949e-01   1.9087686e-01  -3.6020334e-02   1.1749814e-01   9.3049846e-02   1.5232949e-01   4.8902829e-02   3.8975442e-01  -1.7356391e-01   6.7430005e-02   1.4421803e-01  -5.3945420e-02   1.8858640e-02  -7.2894035e-02  -4.4637459e-02   3.7166575e-02   8.7652249e-02  -1.6207053e-02   1.7177350e-01   3.8047364e-01
  -3.7237238e-02  -1.1783735e-02  -1.7729458e-01   1.1088568e-01  -2.4098620e-01  -2.0971499e-01   1.7168636e-01  -2.1517602e-01  -1.5140881e-01   1.4717212e-01   5.3955166e-02   6.6529272e-02  -2.0020895e-01   0.0000000e+00   4.3662752e-01  -1.9291989e-01  -1.4687459e-01   2.4369644e-02  -3.0840187e-01  -3.1819747e-01   2.6166631e-01   2.2249071e-02   3.3929825e-01  -8.0355759e-02  -1.7735505e-01  -3.3585371e-01  -2.7064644e-01   2.7653032e-01  -2.0873598e-01   1.0718316e-01   5.1459091e-01  -1.3608876e-01  -1.0840297e-01   2.1521204e-01   3.8997467e-01  -1.1638228e-01   2.7758559e-01  -2.8268756e-01  -5.2306171e-02  -1.5828037e-01  -1.3379686e-01  -2.0101253e-01  -1.8224307e-01   1.5938777e-01   2.9650965e-01  -3.6010559e-01  -8.8296915e-02   9.2411246e-02   3.6932363e-01  -1.7650982e-01   1.1301284e-01  -2.2099066e-01   1.3531556e-01  -2.2969184e-02   5.3833327e-01   4.5348448e-01  -2.2605280e-01  -1.6064771e-01  -1.3664443e-01   9.0394749e-02  -3.7254528e-01   8.9982407e-02  -7.0804460e-02   2.9355965e-01   2.4145329e-01   1.6358762e-02  -5.1879523e-01  -2.1388722e-01  -7.5764733e-02  -5.5022721e-02  -1.3110999e-02   7.0715438e-02  -8.4746237e-02  -1.6081408e-01   9.5654216e-02   1.2601826e-01  -4.0643906e-01  -2.2107881e-01  -1.6090754e-01  -3.3818676e-01   3.9081687e-01   2.9439101e-02   2.2144337e-01  -3.1096541e-01   3.0913803e-01   4.5771362e-02   2.4480313e-01   3.2051655e-01  -3.3204328e-01  -1.3715988e-01  -4.1590972e-01  -2.8148028e-01  -1.6770228e-01  -1.4765271e-01  -2.9780393e-01  -2.8073565e-01  -2.6002019e-01  -3.4826007e-01  -1.5811647e-01   2.0983365e-01   3.9162715e-01   7.0025078e-02   6.5660029e-01   1.9161436e-01   3.4729354e-02  -3.5001749e-01   2.5350784e-01  -3.7304836e-01   8.4643651e-02  -2.4783392e-01   7.9271092e-02   1.2852570e-01   4.1749046e-02  -2.2281084e-01   4.7012943e-01  -2.8572549e-01  -1.0707140e-01  -1.8348557e-01   6.2419505e-01   5.9452589e-02  -4.2348523e-01  -4.2608859e-01  -2.2671540e-01   4.5864154e-01  -4.5282469e-01   5.3777211e-01   3.7559973e-01  -6.2199751e-02  -2.5033704e-01   1.8368924e-01   2.1667456e-02  -1.2897512e-01   4.1880180e-01   5.0805417e-01  -7.8722935e-02   1.3111313e-01  -2.8222055e-01   6.6964506e-01  -6.5354072e-02  -7.8746292e-03   5.9925442e-02   1.5722002e-01  -2.5294460e-01   1.0244458e-01   5.4184563e-01   4.6618184e-01  -5.1591162e-02  -2.1922418e-01  -3.0658121e-01   2.8316617e-01   3.2656727e-02   7.1145672e-01  -2.3482319e-01  -2.0972373e-01  -9.4676353e-02   9.1597633e-03  -3.7781825e-01  -1.7746976e-01  -2.7055189e-01   4.3982204e-01  -2.6062156e-01  -4.4981335e-02  -9.5650036e-02   1.7025913e-01  -3.4027149e-01  -2.8739077e-01  -1.6615652e-01   3.1299685e-01  -1.8364473e-01  -2.9846991e-02  -2.1362946e-01  -2.4195862e-01   8.9013512e-02   2.0937913e-02  -9.7729254e-02  -2.0694723e-01  -2.5161484e-01
