   0.0000000e+00  -2.1603821e-01  -1.0064694e-01  -1.3824006e-01   1.1602504e-01  -2.8742111e-01  -2.6664920e-01  -3.6893666e-01   9.4924941e-02   2.5352349e-01   1.6923451e-02  -1.1793640e-01   1.0881659e-01   2.0249519e-01  -5.8584362e-02  -2.7101503e-01  -5.8281598e-02  -7.0362948e-02  -2.4694225e-01   1.1852833e-01  -2.6823566e-02  -1.2181733e-01  -1.1258972e-01   6.7235475e-01   6.9402626e-02  -1.7955960e-01  -2.9635411e-01   3.0590818e-01   2.8280298e-01  -1.1462005e-01   4.1037687e-02  -2.9019651e-01  -1.5391916e-01  -9.8472500e-02  -1.2552632e-01   9.6907933e-02   3.1476926e-01   2.6393599e-01  -1.9330846e-01  -1.7059033e-01  -2.8968375e-02  -2.2451850e-01  -3.0325072e-02  -2.4793393e-01   9.4339643e-02   2.5014399e-01  -1.2797530e-01  -8.5521273e-02  -4.4374814e-02  -1.8376827e-01   4.0046899e-03  -1.2767503e-01  -4.3615651e-02   1.5338666e-01   1.3857853e-01  -1.5544331e-01  -8.0004022e-02  -1.2341267e-02  -4.6963126e-02  -1.9077100e-02   2.2423605e-01   1.4883331e-01   1.1395727e-01  -6.0621491e-02   1.1636283e-01   1.2850591e-01  -3.4609216e-01   9.0023540e-02  -1.8877387e-01   1.5424186e-01  -1.5825841e-01  -2.6229025e-01  -4.4981845e-02  -3.0295958e-02   1.5412712e-01  -1.4152129e-02   3.2616824e-01  -2.1586363e-02   7.2039300e-02   1.1846577e-02   1.8094282e-02   1.0474900e-02  -2.9136759e-01   8.4199547e-02   4.0668723e-01  -3.6671166e-02  -6.5781603e-02   3.6959225e-01  -1.9280197e-01   5.1679036e-01   6.6753757e-02   9.8999801e-02  -7.4058658e-02   1.4874842e-01   4.6238688e-01   1.4974357e-01  -4.2717626e-03  -7.7647136e-02  -4.3895575e-02   3.4804210e-02   4.1952670e-01  -6.1669028e-03  -4.1778520e-01   1.9274423e-01  -4.1200412e-03  -2.2618954e-01   2.6440318e-02  -2.0340977e-01  -9.0329634e-02  -3.4609924e-01  -1.2949979e-01  -2.0851733e-02  -2.4749218e-01   5.9120821e-01   2.6959013e-01   1.3585412e-01  -7.0957705e-02  -9.4196275e-03   1.6102932e-01  -2.3731336e-01   4.7266302e-01   1.0049138e-01  -7.6787518e-02  -3.6526768e-02   3.2306511e-01  -1.4395837e-01  -1.0295078e-01   7.9222998e-03   2.0307776e-02   1.0440070e-01  -2.4205628e-01  -2.2321413e-02   4.7942429e-01  -1.5121191e-01   9.6711253e-02  -1.9462794e-01  -9.7422706e-02  -1.1208379e-02   4.2215341e-02   4.1467635e-01   5.6437559e-01   9.0504275e-02  -1.2199599e-01  -1.1926993e-01   9.1750656e-02   7.3573790e-02  -1.0712563e-01  -2.4363013e-02  -2.3673231e-01   9.9877062e-02   3.9515929e-01  -3.5709752e-01   4.7623152e-01  -3.5025328e-03  -8.8342468e-02   5.6064110e-01   3.0010185e-01  -7.0458076e-02   8.8076751e-02  -3.2311692e-01   8.1658873e-02  -1.0100637e-01   6.2739867e-02  -2.9714456e-01  -4.0072538e-02   7.1095587e-02  -3.6415787e-02   1.8164433e-01   4.9420065e-01  -1.0099419e-01   2.6948463e-02   3.8618966e-01   4.6865654e-02  -1.3458728e-01  -2.0279977e-01  -7.3110829e-02   1.5270050e-01
  -2.1603821e-01   0.0000000e+00   1.9210340e-01  -1.2615978e-01   2.5331398e-01  -2.5388610e-02  -1.5839580e-01   3.6774504e-02   2.5530388e-01  -1.8517832e-01  -7.6807416e-02   3.2022640e-01  -6.7333843e-02   4.4363999e-02   2.0635977e-01  -7.6839771e-02   1.5175332e-01   7.2312866e-02   4.4221768e-02   8.1896010e-02   6.9573921e-03  -3.2899824e-02  -3.0008438e-01  -1.3870450e-01   7.0403590e-02  -1.3952123e-01   3.2658520e-01   9.5030513e-03  -1.5429010e-02   5.1120342e-01   1.4284797e-02  -1.8218239e-01   1.5312494e-01  -8.9252942e-02   1.0186989e-01   3.9025454e-02  -1.2590315e-01   2.0940526e-02  -4.3705264e-02   1.4858805e-01   7.6240639e-02   1.8666850e-02   2.1845433e-01  -1.0383762e-01   6.9107501e-02   4.5603555e-02  -1.2569799e-01   3.1440291e-01  -6.1554093e-02   3.2776079e-01  -3.2835620e-01  -1.7720931e-01   4.6194269e-01   1.4205141e-01  -8.5652902e-02  -2.9993829e-01  -2.0848035e-02  -1.2543642e-01  -4.3927079e-02   2.5061484e-01  -1.1517704e-01  -2.8560960e-01   2.2435075e-01   1.4473715e-01   2.3242142e-01   1.5885213e-01   2.0894083e-01  -1.4713323e-02  -1.0046417e-01  -5.9874924e-02   2.4274221e-01  -4.6528400e-02  -8.1968809e-02   1.4000629e-01  -8.1513693e-02  -8.2101663e-02  -7.0711713e-02  -6.4389572e-02   2.3515638e-01   1.7268573e-02  -2.6761097e-01  -1.1557198e-01   7.9074301e-02  -1.9868125e-01  -4.9930619e-04  -4.5142489e-02   3.3531968e-01  -1.3561965e-01   4.2747899e-01   1.9794656e-02   4.4977795e-01  -8.6115190e-02  -7.2468346e-02  -3.2357835e-02  -9.1431633e-02  -2.2774313e-03   5.9218560e-02  -1.2295633e-01   1.5353300e-01  -3.9593975e-01  -9.2235214e-02  -3.0924112e-01   7.9899273e-02  -3.9961656e-02  -2.3941798e-01  -1.8699514e-01   1.3096746e-01  -8.2759187e-02  -2.3687035e-01   2.4795423e-01  -1.5008204e-01   6.7487099e-02  -2.3337084e-01  -3.3461178e-01  -2.2441091e-01   2.9863242e-01  -1.0813547e-01  -1.8669476e-02   1.1069975e-01  -5.9811204e-03  -4.4447304e-02   2.5740925e-01   5.6789614e-02   3.6761943e-01   1.2073858e-01   1.1704075e-01  -1.9629160e-01   2.7141022e-02  -2.9717036e-01   1.0193742e-01  -4.6855984e-02  -4.3330479e-02   6.4712757e-02   2.0584170e-01   1.2281814e-01  -7.9583484e-02  -1.1451988e-01   1.6341465e-01  -1.0974013e-01  -2.5612278e-01  -2.5862512e-01  -1.5153085e-02  -1.4803054e-01   9.5629261e-03  -5.9100142e-03   2.6880071e-01  -2.4077913e-01   4.2481125e-01  -1.8000404e-01   6.3171220e-02  -2.2866963e-01   1.3179388e-01   1.3230733e-02   9.3758454e-02   4.6169983e-01  -2.8786902e-02  -1.2619661e-01   3.9449922e-02  -1.1099927e-01  -1.9347878e-01  -3.1377815e-02  -1.9907837e-01  -2.8385198e-02   1.4609537e-01  -4.9788410e-02   9.3925110e-02   6.2374613e-02  -6.4595269e-02  -1.1494288e-01  -5.4170111e-02   2.4817125e-01  -9.5218165e-03   8.1586916e-02   1.3600772e-01   8.8503561e-02  -9.1730006e-02  -1.1604305e-01
  -1.0064694e-01   1.9210340e-01   0.0000000e+00   2.0677333e-01   1.7470460e-01   2.3291653e-01  -9.8060135e-02  -3.2451726e-02  -1.3904225e-01   1.5992870e-01   1.2248205e-01   2.5639556e-01   5.0936689e-02  -2.2721959e-01  -1.2974501e-01   8.9048357e-02   8.3057401e-01   1.5592239e-01  -9.8472273e-02   3.6953971e-01   2.8188252e-01   2.8693596e-01  -5.6497663e-02  -7.8320631e-02   4.0387219e-02  -1.9192819e-01   7.3721580e-02  -8.9539297e-02  -1.0536343e-01   1.4179565e-01   9.8712473e-02  -2.2213278e-02   8.2418547e-02  -3.9634327e-02  -4.1610004e-01   3.4314535e-01  -7.8727145e-02   3.1223794e-03   2.0370091e-02   1.1316875e-01   3.0353961e-01   2.0741215e-01   2.6342836e-01  -7.6234808e-02  -1.3628066e-01  -6.8917945e-02   1.0825003e-01  -7.2266335e-02   7.9672060e-02   6.0633128e-01   1.0061901e-01  -2.6430800e-01   7.1713483e-02   3.7479425e-01  -4.7802053e-03   9.3669339e-02   9.5822127e-02   1.1712414e-01  -2.9709863e-02   7.0860327e-02   1.8885256e-02  -1.2534486e-01   2.3430883e-01  -3.4765515e-01  -2.7976543e-01   2.9138270e-01   3.6037793e-01   1.5399346e-02   6.7278371e-03   2.8180648e-01   3.4807977e-01   1.7851625e-01   2.8996831e-01   4.1928692e-01  -4.8693267e-02   1.1347797e-01   9.9903793e-02  -5.5587409e-02  -7.6181278e-03   9.8017948e-02  -1.2466319e-01   1.4549111e-01   2.4154091e-01  -1.5476301e-01   6.7830099e-02   1.6470380e-02  -5.2726358e-01  -1.2811883e-01   1.0013367e-01  -7.0428595e-02   8.5873027e-02   4.7021732e-01   6.2825532e-02   9.9839326e-02  -4.4449813e-02   3.5249354e-01   2.6770810e-01   4.1114366e-02   7.5534574e-02  -2.1681459e-01  -2.3542813e-02  -3.1413726e-01   3.9194287e-02  -9.1813450e-02  -2.2539090e-02   1.3669960e-01   5.1144597e-01  -1.2378173e-02  -2.7942984e-01   4.2576646e-01   1.6560327e-01   6.7932526e-02   3.4382287e-02  -8.7785356e-02  -2.0077429e-01  -2.2016710e-01  -1.3392424e-01   1.9373194e-01   9.8907671e-02   1.2277909e-01  -7.5560238e-03   4.1345954e-01   7.9342512e-02  -7.2575040e-02  -7.2570307e-02   1.1666146e-03  -2.2987019e-01   5.9649707e-02   7.7028575e-02   2.1990673e-01  -4.4772204e-02  -2.1883226e-01   1.4933956e-01   4.7879791e-01   3.0857459e-01   3.5681689e-02  -1.1324875e-02   8.4301530e-02  -1.3447585e-01  -3.9791657e-02  -9.4227975e-02  -9.2332222e-02  -4.3783043e-02   3.7502748e-01   3.3604568e-02   9.2630715e-02  -2.7194253e-02   1.1391515e-01   3.3438191e-02   1.0443022e-02  -6.3814356e-02  -3.9613782e-02   1.5087191e-01  -1.1178370e-01   6.3088209e-01  -2.3271557e-03  -4.8737967e-02   2.0308466e-01   2.5011386e-01  -1.3886212e-01   5.8759660e-02   3.0746028e-02   2.6369401e-01   5.7413313e-02   1.8674543e-01  -2.6186995e-01  -1.7872313e-01  -3.5660248e-02   1.4815101e-01   1.6316466e-01  -6.6764734e-02  -9.6854430e-02   5.7811524e-02   4.9169531e-01  -1.2397274e-01   1.6799324e-01   2.8365249e-01
  -1.3824006e-01  -1.2615978e-01   2.0677333e-01   0.0000000e+00   8.2716957e-02   2.4820813e-01  -1.3165021e-01  -7.6519443e-02   2.0115019e-01  -2.5876274e-01   8.5094293e-02  -1.0655725e-01  -4.6954133e-02   5.3509380e-02   2.4406697e-01   1.4305550e-01   2.0348908e-01   3.8107076e-01   1.6067149e-02   2.1197992e-01  -1.4737223e-01   5.8881137e-01  -1.1408926e-01  -9.1066999e-02   2.9995392e-01   3.0974792e-01   1.2408841e-01  -3.0262334e-03  -4.7727720e-02   2.5676673e-01  -1.7106354e-01   5.3926053e-01   2.3519848e-01  -2.9691936e-01   2.6613504e-02   1.8929361e-01  -1.6582782e-01   5.6780141e-02   1.2779523e-01  -1.2339964e-01   2.8477836e-01   4.2091689e-01   1.9769335e-01  -3.0426175e-02   3.5958662e-01  -1.4057695e-01   6.0401189e-01  -3.6957332e-01   2.5520405e-01  -3.6630254e-02   3.7815766e-01   1.0772225e-01  -2.4621583e-01   2.2677784e-01  -7.9857482e-03   7.0807608e-02   1.3550127e-01   5.4438814e-01   5.3717341e-01   4.8647484e-01  -2.6707475e-04  -4.8046470e-02   1.1104844e-01  -3.0042408e-01  -7.3000928e-02  -8.0484678e-02   3.9725949e-01   3.0789258e-01   5.8328044e-01  -2.5789433e-02  -1.7335583e-01   6.6624210e-01   9.2996382e-02   2.7833645e-01   2.6872484e-01   4.0713287e-01   7.2460378e-02   4.1117858e-03   1.7303422e-03   5.0362922e-01   7.1229063e-02  -6.8235627e-02  -1.8970838e-01   9.9838991e-03  -1.1721775e-01   4.3898868e-01  -2.4751380e-01  -3.7348674e-03   1.5712785e-01  -1.3079783e-01   5.0634066e-02   1.4745650e-01  -2.2514019e-01   4.5583246e-01   3.9173698e-03   3.0620138e-02   4.7774760e-01   2.0400577e-01   2.0448123e-01  -1.3917953e-01  -1.7244898e-01  -1.0486890e-01   1.6476628e-01   2.6968803e-01   5.6246292e-01   6.1290177e-01   2.0937972e-01   4.2847740e-01  -1.4974133e-01   1.5886507e-01  -2.4997070e-01   5.0704554e-01   5.0194288e-01  -5.5208387e-02  -3.1953086e-01  -1.8112251e-01   2.8414108e-01  -8.4291005e-03  -1.8795838e-01   8.0816050e-01   8.4197475e-02   6.2070099e-02   1.5375084e-01  -1.5690268e-01  -1.7810317e-01   5.0031474e-01   1.9438976e-01   6.3610066e-02   6.3078079e-01  -9.1953556e-02  -1.9443111e-01  -2.5114737e-01   1.4930163e-01  -2.1732435e-01   4.3176976e-01   1.8341806e-01   2.6892822e-01  -3.9143917e-01   1.8730986e-01   8.6234488e-02  -2.0790766e-01  -1.5518584e-01   3.9396619e-01   4.3674580e-02  -2.1155371e-02   1.7951082e-01  -2.6295847e-01  -1.1480255e-01   8.5523955e-02  -2.1843795e-01  -1.1738816e-01  -1.4399549e-01   9.4385301e-02  -2.8228365e-01  -5.6112700e-02  -7.8702371e-02   3.7454739e-02   5.0926513e-01   4.1285731e-02   1.5906454e-01   3.9921651e-01   3.0578480e-01  -9.2005851e-02   4.8923539e-01   5.6813874e-01  -1.1522552e-01   1.1590251e-01  -4.8640672e-02   9.8156441e-02  -1.1445727e-01   1.8175705e-02  -1.6837361e-01   3.6531984e-01   1.1105544e-01  -6.7427021e-02   3.2288250e-01   5.4528082e-01
   1.1602504e-01   2.5331398e-01   1.7470460e-01   8.2716957e-02   0.0000000e+00  -2.5530958e-01  -3.3094700e-01   2.6474016e-01   6.5597867e-01   2.1522762e-01   2.0522950e-01   3.7490284e-01   3.7153455e-01  -1.3332056e-01   1.6169092e-01   1.2159673e-01   1.7933338e-01   1.1452675e-01  -2.4915158e-02   6.4600973e-01   1.8008255e-01   5.2318199e-02  -3.0661261e-01   6.8915647e-02   3.8406335e-01   6.7970571e-02   2.9300092e-01  -1.4642117e-02   3.9759739e-01   1.2235697e-01  -2.8024228e-02  -8.2237234e-02  -4.9108460e-02   9.3551190e-02  -1.0644742e-02   4.6703870e-01   3.5638040e-01  -8.0138636e-03   1.8989088e-01  -7.7960080e-03   4.8210458e-01  -9.4492601e-03   5.2153163e-01   1.5015322e-01   3.6040599e-01  -1.8971045e-01   1.0279343e-01   1.6123250e-01   1.4490209e-01   3.7133462e-01   2.8771205e-02   6.6633007e-02   4.9055776e-01   1.3791440e-01   5.4859605e-03  -1.5990818e-01   2.0437910e-01  -3.5183525e-02   2.8965092e-01   2.5219567e-01  -1.9710168e-01   1.8800936e-01   4.9469220e-01   1.8756777e-02   1.1691727e-01   5.7963084e-01   6.8594481e-02   2.6886368e-01  -2.2105607e-02  -2.0930720e-01   5.7104278e-02  -4.9402543e-02   3.9862103e-01  -2.5373252e-01   1.1524232e-01   4.9331611e-02  -7.1545399e-02   4.0068427e-03   6.6845711e-01   5.0254484e-01  -5.3603206e-01   2.9749130e-01  -2.0388310e-02  -1.3014352e-01  -2.4648448e-01   1.0319559e-02  -1.3992469e-01  -5.8465234e-02   3.5467004e-01  -8.0717200e-02   7.6174294e-01  -1.7377083e-01  -7.7329149e-02   2.9371647e-01   3.1571830e-02   5.5272304e-01   5.1408194e-01   3.5083275e-01   6.5250583e-01  -1.8862585e-01  -2.5831328e-01  -2.4594711e-01  -2.9630502e-01   1.2828863e-02  -2.8245428e-01   2.1380468e-03   3.7688047e-02   2.6951230e-01  -5.3924992e-02   1.8392486e-01  -5.5151408e-02  -1.3870357e-01   1.0596228e-01   2.1164249e-01  -4.8630840e-01   4.5581767e-01   1.6894431e-01   3.5725461e-01  -3.3427174e-01  -3.6610094e-02   9.6412945e-02   7.0955069e-01   1.8824019e-01   8.1435737e-02  -8.8596934e-02  -6.8703380e-02  -6.6430904e-02   1.2876903e-01  -3.0861266e-02  -1.7943865e-01   2.1677689e-01   2.4437260e-01   2.2114317e-02   7.4502694e-02   3.3145689e-01  -4.6917560e-02   3.6263796e-01  -8.7749505e-02  -1.0176748e-01   2.7004429e-01   5.8678937e-03   2.2863606e-02  -1.6640042e-01  -2.6403052e-01  -1.0760249e-01   1.6475175e-01  -2.2264850e-01   4.8629326e-01  -1.7255301e-01   4.7131058e-02  -4.5948207e-01  -4.9910509e-01   2.6268986e-02   7.5634634e-02   4.5837427e-01   2.2190319e-01  -1.2193272e-01   2.7652623e-01  -1.4663100e-01  -4.0357451e-01   3.7728759e-01   2.1446426e-01   2.1170251e-01  -2.1730715e-01   2.3858648e-01   3.3278738e-01   2.9907344e-01  -2.4813922e-01   1.0730146e-02  -2.3515594e-02   4.8023987e-01  -3.9023063e-02   4.0410506e-01   9.4351768e-03   1.4554917e-01   3.7889875e-02   1.6215080e-01
  -2.8742111e-01  -2.5388610e-02   2.3291653e-01   2.4820813e-01  -2.5530958e-01   0.0000000e+00   3.0160321e-01   6.9221995e-02  -4.0232188e-01  -1.9575469e-01   9.6330410e-02  -1.6636767e-01  -6.8235993e-02  -1.0434924e-02  -1.0052181e-01   2.6721193e-01   2.3988639e-01   3.2196855e-01   2.1997332e-01   2.6578784e-02   1.1635141e-01   2.7677316e-01   1.6000408e-01  -3.0993024e-01  -1.2983657e-01   3.2968724e-01   1.9924533e-01   9.3413395e-02  -1.4708632e-01   9.9219007e-02  -1.4810113e-01   2.6302470e-01   6.6435106e-02   5.7871294e-02  -1.8753044e-01   7.4559171e-02  -3.2611683e-01  -1.1351697e-01   1.0290266e-01   1.2573189e-01   1.5860464e-01   2.9352508e-01  -1.2448800e-01   1.4980389e-01  -1.3995799e-01  -4.3979787e-02   4.8532110e-01  -2.2119267e-01   1.9861835e-01   5.7867589e-02   4.0044477e-01   1.9850229e-01  -3.2808853e-01   9.4069366e-02  -1.5732853e-01   4.8511823e-01   3.9354357e-01   6.9773874e-02   1.2249557e-01  -5.6159639e-02   1.0658826e-01  -1.5507435e-01  -2.0735323e-01  -3.4398363e-01  -3.0386198e-01  -3.0428883e-01   7.4105513e-01  -2.1571670e-01   4.1277215e-01   2.3168688e-01   5.7353637e-02   2.0948963e-01  -1.0678248e-02   5.9032645e-01  -1.7923962e-01   7.0126983e-02   5.3234778e-03   1.3283447e-01  -3.1951754e-01   2.4438417e-02   3.7073176e-01  -1.6449746e-01   2.4394540e-01   4.6876989e-02   1.8648408e-01   1.0460546e-01  -3.5884370e-01  -3.2381064e-01   5.8431465e-03  -1.9864713e-01  -3.2562321e-01   3.4649733e-01   8.6663680e-02  -1.5587621e-01  -8.5535946e-02   1.0261196e-01   1.0665102e-01   1.2764375e-01  -1.0961324e-01   1.5463020e-01   1.7915819e-01  -3.7626720e-02   1.8382305e-01  -2.4529396e-01   2.2421847e-01   1.3943918e-01   2.7101776e-01   3.2044282e-01  -1.8337645e-01   5.7482196e-01   2.3774614e-02   2.8847979e-01   5.8544278e-02  -3.4742334e-01   2.6990390e-02  -3.4203423e-01   1.8067895e-01  -1.8117976e-02   3.1104816e-01   4.0739396e-01  -1.1219836e-01  -5.6552272e-02  -4.0726048e-02  -3.0253661e-01  -7.6179089e-02   6.1011414e-02   1.0433790e-01   5.8235614e-02   1.6823524e-01   1.5017568e-01  -8.1485682e-02  -2.7506526e-01  -1.8240814e-02   5.9776828e-02  -1.8580964e-02   2.7658172e-02   2.8220577e-02  -1.1132310e-01   7.3573813e-02  -2.3481542e-01  -2.4722079e-01  -2.0187693e-01   3.1268579e-01   5.8012506e-01  -2.7544906e-01  -1.5834049e-01   7.3082096e-02  -7.5077482e-02   5.7721550e-01  -2.5642585e-01   2.8022452e-01   2.5569951e-01  -1.5891983e-02  -2.5876372e-01  -5.1230915e-02  -3.9823400e-01   5.0585934e-02   3.0324378e-01   2.6335897e-01   3.3328514e-01  -2.1407847e-01   1.3912396e-01   1.3487055e-02   2.3380774e-01   1.8699730e-01  -3.4669110e-01  -1.2023000e-01   7.8109119e-02   5.0312474e-02   1.3362804e-01  -2.2493713e-01  -1.4919820e-01  -2.1275206e-01   6.1707050e-01  -1.0300252e-01  -7.4439837e-02   1.6148513e-02
  -2.6664920e-01  -1.5839580e-01  -9.8060135e-02  -1.3165021e-01  -3.3094700e-01   3.0160321e-01   0.0000000e+00  -1.1972248e-01  -3.7400013e-01   3.6058727e-01   4.4890612e-02   2.8052737e-01   4.0890347e-02  -2.5402279e-01  -1.5793090e-01  -3.1399791e-02  -1.9884960e-01   8.9212989e-02  -1.2373116e-01  -8.5087183e-02   8.6018107e-02  -3.0278017e-01   7.4668049e-01  -3.3706191e-01  -9.5114214e-02  -1.6463306e-01   1.4892944e-02  -4.7230734e-01  -8.7287362e-02  -6.6843662e-02   1.2933751e-01  -1.5601680e-01  -7.6051457e-02   5.8693091e-01   4.1413718e-01   5.3851114e-02   4.4959722e-02  -4.3261922e-01  -2.1638565e-01   3.3469800e-01  -1.4807626e-01   5.4106602e-02  -8.8565086e-02  -3.6859945e-02   7.3417458e-04  -4.3890970e-01  -7.0101348e-02   3.9397570e-01   3.4730401e-02  -1.9913173e-01   2.3779740e-01  -1.7803136e-01  -2.4039746e-01  -7.1627399e-02   3.1749591e-02   3.7598581e-01  -7.8075159e-02  -2.6905866e-01  -2.2630488e-01  -1.5515636e-01  -3.7572772e-01   3.7495153e-01  -1.5045794e-01  -1.4914867e-01   1.1192554e-01  -2.4169216e-01   5.3907210e-02  -2.3971124e-01  -1.0206522e-01  -5.6888338e-02   2.5823017e-01   6.0022448e-02  -5.3096807e-02   4.9827629e-02  -1.2175300e-01  -1.2204411e-01  -4.0003079e-01  -1.0582067e-01   3.0247992e-02  -2.4738512e-01   4.5744114e-01   5.3629072e-02   3.8575309e-01  -3.0894688e-01  -3.9283371e-01  -2.9173997e-01   1.0840911e-01  -1.6646340e-01  -1.0581814e-01  -3.4620828e-01  -4.0134055e-01  -1.2938731e-01   4.7254726e-01  -2.6979649e-01  -4.4212861e-01  -6.9114142e-02  -1.6843536e-01  -1.5372905e-01  -2.4127449e-01   7.3815786e-01  -2.2328718e-01   4.4037368e-01   1.2140622e-01  -1.3988869e-01   2.7528975e-02  -1.8396253e-01  -1.0472639e-01  -1.2314384e-01   6.0520060e-01   1.1173082e-01   6.0125276e-01  -2.7694974e-01  -4.8425356e-02  -2.0547611e-01   2.5715940e-01  -3.0107058e-02  -2.5683744e-01   7.4390777e-02  -4.7843920e-02  -8.6628649e-02  -5.4299338e-01  -1.7613266e-01  -1.0035166e-01   1.8667440e-01  -4.7028621e-01   1.3739287e-01   4.5895334e-01  -3.3586334e-02  -9.7562527e-02  -2.5383139e-01   4.6457740e-02   3.7594426e-01  -3.1950752e-01   1.2252991e-01  -2.5159780e-01  -1.5617806e-01  -7.1743766e-02   3.0056875e-01  -2.8268647e-01  -1.3852035e-01   5.3690368e-02   7.3060206e-02  -1.4709840e-01   2.9252856e-01   2.1578737e-01  -3.6188528e-01   7.0383189e-01  -2.7459308e-01   6.3204010e-01   3.4817671e-01   5.9392639e-02   4.6282693e-01  -3.4682057e-01  -2.8768471e-02  -1.5936790e-01  -3.5431356e-01  -4.5771208e-01  -6.7475263e-02  -2.6188989e-01   4.5240067e-01  -2.1685072e-01  -1.2501103e-01   1.5188651e-01  -1.2635204e-02  -3.4930456e-01   3.6905445e-03  -1.1475383e-01  -1.1743602e-01  -3.4734490e-01   3.3975082e-01  -1.2491486e-01  -3.9049089e-01  -1.5875680e-01   1.1412925e-01   5.2811022e-03   6.0959367e-03  -2.3861451e-01
  -3.6893666e-01   3.6774504e-02  -3.2451726e-02  -7.6519443e-02   2.6474016e-01   6.9221995e-02  -1.1972248e-01   0.0000000e+00   1.9706095e-01  -1.3048545e-01   1.9208637e-01   1.3145376e-01  -3.6644623e-02  -9.9654644e-02   1.5008612e-01   3.9325148e-01  -1.8799553e-02  -5.8767239e-02   3.9884914e-01  -2.0598189e-02  -4.3945226e-03  -6.8480692e-02  -1.7752152e-01  -1.2693860e-01  -1.3310317e-01   5.6141025e-01   3.1817041e-01   2.1527774e-01   5.1628544e-02  -1.9792635e-01   3.2363234e-02   3.3936935e-01  -1.5384941e-01   8.3440558e-02  -1.7142198e-01  -1.1028602e-01  -1.2731658e-01  -1.2590538e-01   1.9826780e-01   1.2345923e-01   2.2740748e-01  -1.8558188e-03   5.9338108e-02   6.6956383e-01  -7.9973997e-02   6.5590050e-02  -4.9594859e-02   1.4023298e-01  -1.7524384e-01   3.3792988e-01  -5.9499320e-03   5.7678868e-01   3.6846140e-01  -4.3278179e-01  -1.7219269e-01   1.9958448e-01   3.3378585e-01  -1.6218446e-01   2.5604122e-01  -1.2604792e-01  -9.3603253e-02  -5.7781685e-02  -3.5210519e-02   3.8814270e-01  -1.8409049e-01   2.1665601e-01   1.3063914e-01   1.0086187e-01   1.1128272e-01   2.9200398e-02   1.7558801e-04  -1.4139912e-01   1.9407736e-01  -4.7840293e-02  -2.0585365e-01   1.5979580e-01  -1.7501341e-01   4.1287661e-01   1.7282600e-01   9.3092638e-02  -2.0438010e-02   1.2158329e-01   1.4745585e-01   3.9284614e-01  -1.1990686e-01   1.7646062e-01  -2.2820052e-02  -2.2061470e-01   3.4309462e-01  -3.8825402e-02   3.4133816e-01  -1.9871377e-01   2.7973836e-02  -2.6706660e-01  -1.6861717e-01  -2.7091924e-02   6.7412860e-03   5.5259836e-01   2.6258179e-01  -1.7537145e-01   9.5749228e-02   1.8649159e-01   3.0132264e-01  -4.1291262e-01  -2.0987490e-01   1.5617700e-01  -2.6496145e-01   5.0660494e-01  -7.7815870e-02   9.9237081e-02   4.7236978e-02  -1.4103615e-01   6.0948632e-02  -6.1095448e-02  -1.0224645e-01   1.6930203e-01   4.6991503e-01   2.5289856e-01  -6.8053621e-02   7.2370136e-02  -4.8679645e-02   4.9400208e-02   1.4727771e-01  -1.8908264e-02   1.0495943e-01  -2.5147404e-01   5.6519618e-02  -2.1733441e-01  -1.9554498e-01   5.2890520e-02   3.6504491e-01   1.8540008e-01  -3.2333854e-01   1.2559376e-01  -2.3390518e-01   4.2404876e-01   1.1320295e-02   5.5692573e-02   2.1373103e-01  -3.2815267e-01  -2.3387805e-01  -4.1996161e-01   1.9198456e-01  -1.1753961e-01  -7.0233646e-02   1.0853705e-01  -5.4129070e-03   1.1146618e-01  -2.0578416e-01  -1.6087305e-01  -1.2848821e-01  -1.6632729e-02  -1.3263401e-01   2.7288039e-01   9.4541649e-02  -1.5692090e-01  -6.5110731e-02   1.6650362e-01   2.5471666e-02   2.5273544e-02   5.2932382e-02   5.1278436e-01  -1.0800722e-01  -9.0428086e-02   2.1811244e-01   1.7138651e-01   2.9626998e-01   1.7366243e-01  -2.0280837e-01  -4.1487848e-02   8.5887311e-02  -1.6869932e-01  -1.2632125e-01  -1.0507122e-01   1.5177575e-02  -8.0298602e-02  -2.7644452e-01
   9.4924941e-02   2.5530388e-01  -1.3904225e-01   2.0115019e-01   6.5597867e-01  -4.0232188e-01  -3.7400013e-01   1.9706095e-01   0.0000000e+00  -3.9674622e-02   2.5037643e-01   2.3116253e-01   7.8896735e-02   5.4529710e-02   5.1428188e-01  -1.1104120e-01  -1.4133032e-01   2.1856809e-01  -2.5395745e-02   2.1420381e-01  -1.1124592e-01   1.0817082e-01  -3.7903766e-01   2.2304373e-02   4.5827846e-01   1.1594580e-01   2.0748539e-01   1.1011261e-01   3.5160307e-01   3.3635055e-01   1.0769566e-02   5.7658972e-02   3.3860539e-02  -8.1589104e-02   3.8118514e-01   1.9187770e-01   1.6218430e-01   1.2883593e-01  -4.3055096e-03  -1.9729790e-01   1.6613048e-01  -3.1372582e-02   5.0485953e-01   1.5718910e-01   6.0326542e-01  -1.8123176e-02   9.3145136e-02   2.3591322e-02   1.7003402e-01   6.2305457e-02   8.7573925e-02   1.6853268e-01   4.5473543e-01   3.4659356e-02   1.5078430e-01  -3.7310540e-01   8.9810960e-02   1.3780010e-01   2.9948903e-01   5.7517101e-01  -7.5080490e-02   9.9408040e-02   4.2223052e-01   1.8565150e-01   4.3062390e-01   4.4182331e-01  -8.4544113e-02   3.6682064e-01   1.4435290e-01  -2.7456123e-01  -2.9787991e-01   1.1519434e-01   1.1207219e-01  -3.1824471e-01   2.1267397e-01   1.3090870e-01   1.0802486e-01  -6.4082093e-03   6.6460896e-01   4.9857849e-01  -4.6446501e-01   9.6112355e-02  -3.3765667e-01   1.7414754e-02  -2.4520630e-01   1.6990099e-01   3.3265633e-01   7.9995271e-02   4.0848271e-01  -2.0557831e-02   7.6505182e-01  -2.7296432e-01  -2.7197904e-01   4.6528694e-01   1.8312013e-01   1.0034831e-02   3.4756851e-01   3.1147975e-01   4.0768649e-01  -2.7629108e-01  -2.6340982e-01  -1.2291299e-01  -1.1716930e-01   3.2800532e-01  -4.0498476e-02   1.2139070e-01  -9.1669255e-02   3.6343697e-01  -2.2465374e-02  -1.2312700e-01  -3.2967286e-01   3.2289556e-02   2.3773787e-01   2.0021998e-01  -4.4736481e-01   4.7296912e-01   1.8686423e-01   7.9543737e-02  -3.0814885e-01   1.2161795e-01   2.7547336e-01   2.6656161e-01   1.9812034e-01   2.4289256e-01   5.7740163e-02   1.9309045e-01   1.3394203e-01  -4.7756613e-03   1.5453573e-01  -2.0384045e-01  -1.2874861e-01   2.6354857e-01  -1.2607984e-02  -1.9477767e-01   4.7599711e-01   6.0186731e-02   2.5288164e-01  -2.4584013e-01   3.8193506e-02   2.6981476e-01  -1.5540681e-01  -8.3449855e-02   2.2838598e-02  -4.6804151e-01   4.0505383e-02   3.3454039e-01  -4.2807134e-01   3.1603588e-01  -3.3921787e-01   2.8688895e-02  -4.9528663e-01  -4.4729179e-01   4.5501464e-02   1.9221980e-01   1.7710658e-01   1.7448553e-01   5.2136210e-02   1.8456103e-01  -2.1138699e-01  -3.5525455e-01   4.0785237e-01   2.4736185e-01  -1.2695012e-01   1.3016662e-01   2.3365499e-01   3.1159038e-01   3.7703654e-01  -7.1723606e-02   5.8308228e-02  -3.1023168e-01   4.5120846e-01   1.4179662e-01   5.2903219e-01  -2.9555678e-01   8.8938066e-02   1.0964352e-01   2.5281257e-01
   2.5352349e-01  -1.8517832e-01   1.5992870e-01  -2.5876274e-01   2.1522762e-01  -1.9575469e-01   3.6058727e-01  -1.3048545e-01  -3.9674622e-02   0.0000000e+00   1.4879219e-01   3.7074390e-01   3.7728277e-01  -3.5673587e-01  -3.6451486e-01   3.3857414e-02   1.2346961e-01  -6.3581854e-03  -3.0593323e-01   2.2502935e-01   3.6897837e-01  -3.2544791e-01   5.6611864e-01   4.4416198e-02   5.8168819e-02  -3.6902794e-01  -1.8410312e-01  -3.9765396e-01   2.4633526e-01  -3.9886894e-01   4.1255639e-01  -3.5377638e-01  -2.4890638e-01   5.5763197e-01  -1.7512494e-02   3.5891293e-01   3.7465474e-01  -3.6390382e-01   4.5161268e-02   3.2494269e-01   1.6401479e-01  -2.4508529e-01   1.2568263e-01  -5.4948703e-02  -8.8433429e-02  -4.2191455e-01  -2.3476337e-01   5.2948401e-01   2.5044017e-02   1.7479703e-01   4.2144550e-02  -2.7966828e-01   1.9500299e-01   1.2395828e-01   6.8016663e-02   1.2938692e-01  -1.3002279e-01  -1.6794518e-01  -1.4741561e-01  -3.1176799e-01  -3.2257264e-01   4.3543798e-01   2.4202704e-01   3.1196069e-02   1.1762264e-01   2.9022281e-01  -2.7431518e-01  -1.1675623e-01  -3.5477499e-01  -2.8132305e-02   4.9607447e-01  -3.6505016e-01   3.3135010e-01  -2.5236509e-01   4.2059935e-02  -3.0563216e-02  -2.6400193e-01  -2.2196463e-01   1.7935103e-01  -6.2864446e-03  -7.5100147e-03   3.8209310e-01   4.7454854e-01  -2.9786528e-01  -3.8651889e-01  -2.3507670e-01  -1.0689548e-01  -4.2066537e-02  -1.1891763e-01  -2.3982112e-01  -2.5788522e-02  -6.3188819e-02   6.1944794e-01  -1.0959650e-01  -2.7370663e-01   3.9376232e-01  -9.6522593e-02  -1.0342510e-01  -1.1196820e-01   6.0040342e-01  -1.3888879e-01   2.8415300e-01  -1.3288113e-01  -9.4597894e-02  -2.7319431e-01  -3.0003908e-01   1.3141147e-02  -2.7194818e-01   3.1199234e-01   1.6076053e-02   6.3751321e-01  -4.8481973e-01  -1.2253748e-01   2.3011324e-01   1.2559057e-01   3.1250634e-01  -3.7038783e-01   2.4280460e-01  -1.8619129e-01  -3.8312110e-01  -2.8236538e-01   2.4660674e-01  -1.1655535e-01   1.7613703e-01  -4.2112119e-01  -2.6188835e-01   1.2480083e-01   5.9539639e-02  -2.4450684e-02  -2.8523301e-01   1.4796643e-01   3.8729956e-01  -1.3435371e-01   4.1551301e-01  -1.8628959e-03  -9.4813751e-02  -5.3683492e-02   5.4849934e-01  -2.0205487e-01   2.3091832e-01   3.1147737e-01   1.0924154e-01  -4.2893134e-01   4.4896383e-02   2.2819818e-01  -2.2620090e-01   6.4670008e-01  -1.3981029e-02   2.7924841e-01   5.2602071e-01  -6.9915413e-02   4.6970023e-02  -2.3199256e-01   1.5465615e-01   3.3558702e-01   8.6223309e-02  -3.7958530e-01   6.1825447e-03  -1.6638504e-01   1.3367289e-02  -7.9912577e-02  -1.2791829e-01   6.0842714e-01  -4.7038780e-01  -1.5617517e-01   1.1658633e-01  -2.7460987e-01  -1.2456208e-01  -1.2610113e-01   5.7995528e-01  -7.1053730e-02  -2.5444565e-01  -1.3024746e-01  -2.1822294e-03  -1.4296741e-01   1.5691057e-02  -7.4993478e-02
   1.6923451e-02  -7.6807416e-02   1.2248205e-01   8.5094293e-02   2.0522950e-01   9.6330410e-02   4.4890612e-02   1.9208637e-01   2.5037643e-01   1.4879219e-01   0.0000000e+00  -1.2465878e-03   1.6904048e-02  -9.6507473e-02   1.2999043e-01  -1.2026498e-03   5.8388612e-02   5.8621992e-01   1.8734544e-01   1.2331073e-02   5.1470250e-01   1.2866555e-01   1.7923312e-01  -2.2866279e-01   1.2855656e-01   2.2718704e-01  -9.9302584e-02   1.3338916e-01   2.3848808e-01   1.6911565e-01   3.2872834e-01  -3.2336703e-02  -2.9345367e-01   1.9035658e-01   4.2061908e-02   3.8772762e-01   8.2996918e-02   3.7230380e-02  -2.7053451e-02  -2.7420480e-01   2.9517688e-01  -1.5742121e-01  -6.8803696e-02   3.9164620e-01   2.6210812e-01  -1.9409175e-02   2.6732802e-01   1.4581865e-01  -7.8583657e-02  -4.6782840e-02   4.4653097e-01   1.0502247e-01   4.3230169e-02  -8.0956410e-02   1.5897021e-01   3.4742638e-01   3.1538375e-01  -5.5804595e-02   2.1693772e-01   1.2369912e-01   4.5671430e-02   1.9058667e-01   4.1550771e-02   7.5937590e-02   1.1273733e-01   2.8579984e-01   7.0164123e-02   1.7775007e-01   2.1169678e-01   1.1245838e-01  -7.1167289e-02   5.7132250e-02   3.3312490e-01  -1.2202925e-01  -3.9735727e-02  -1.1398417e-02   1.1344008e-01   1.6121631e-01   1.7451512e-01   1.4541786e-01   8.1418409e-02   1.5411542e-01   1.8950150e-01   2.4455316e-02  -1.2778860e-01  -6.8538839e-02  -4.3571850e-02  -2.3143850e-01   4.1339812e-02  -1.1277960e-01   1.9362769e-01   4.1570257e-02  -4.8733189e-02   8.4339307e-02   1.2253133e-01  -4.2346734e-02   7.1679797e-02   3.7070731e-01   1.6751546e-01   4.1688117e-02   2.7586268e-02   1.9353880e-01   9.4114423e-02   1.9095970e-01  -1.2241296e-02   5.3394771e-02  -4.3818482e-04   3.0715772e-01  -5.2091812e-02   2.1779800e-01   1.6883118e-01  -1.1463263e-01   9.6016711e-02  -2.6105911e-02  -1.7181582e-01   2.0424660e-02   1.3157911e-01   2.2844190e-01   1.2018080e-01   7.5062935e-02  -2.4981787e-03  -3.7090857e-02  -4.2384008e-02   3.3150872e-01  -4.5187391e-02  -1.1380546e-01   2.4242001e-01  -2.9022491e-01   3.8434065e-02   6.2167123e-02  -6.9689522e-02   4.7601135e-01  -1.1382777e-01   3.1794725e-01  -5.2079956e-04  -8.1161396e-02  -1.0808585e-01  -4.9707020e-02  -1.4746386e-01  -1.9707681e-01  -1.6324439e-01  -2.2770851e-01   2.5607357e-02   1.6792092e-01   2.3287319e-01   3.8630980e-01  -1.2496379e-02   2.6601476e-01   4.6359881e-02  -6.8558673e-03  -1.2532478e-01   1.1090734e-01  -6.3853999e-02   5.0314637e-01   2.3131242e-03  -1.1071379e-01   1.5631817e-02   3.0285133e-01   9.6610283e-02  -3.9950643e-02   1.8208253e-01   3.5437320e-01   9.5740308e-02   2.2107503e-01   3.4722562e-02  -1.3805558e-01   2.0009233e-01   2.0345042e-01   5.1894175e-02  -3.4132537e-02  -4.9302500e-02  -2.4813481e-02   3.4909121e-01   1.1865150e-01  -2.6618041e-01   2.8582431e-02   1.5344580e-01
  -1.1793640e-01   3.2022640e-01   2.5639556e-01  -1.0655725e-01   3.7490284e-01  -1.6636767e-01   2.8052737e-01   1.3145376e-01   2.3116253e-01   3.7074390e-01  -1.2465878e-03   0.0000000e+00   5.5541794e-02  -2.0383724e-01   2.5929834e-01   7.3346655e-02  -4.2579005e-02  -1.4546225e-01  -1.1107637e-01   2.8280134e-01  -1.3629537e-01  -2.3188205e-01   5.8973500e-02  -4.1034333e-02   5.3091447e-02  -1.1540069e-01   3.1022388e-01  -2.7258933e-01   1.3774106e-01   2.2198351e-02  -1.3018317e-02  -1.9255816e-01  -5.0974457e-02   5.4656739e-01   2.2801383e-01   1.0925788e-01   8.4733706e-02  -2.2388822e-01  -1.6722220e-01   3.6313929e-01   4.2875172e-02   9.0783403e-02   5.5362029e-01   7.2312925e-03   1.6363243e-01  -2.2691713e-01  -2.2053132e-01   4.1847457e-01  -2.0503258e-01   4.1434740e-01  -1.6535398e-01  -1.6738848e-01   5.0757092e-01  -6.1700149e-02  -1.1381171e-01  -5.6501161e-02   1.1228287e-01  -2.9865058e-01  -1.1332037e-01   1.2660939e-01  -3.6633115e-01   9.4164652e-02   2.7837336e-01  -1.1302891e-02   2.7655505e-02   5.4820231e-01  -1.7992600e-01  -2.7329902e-02  -2.2112660e-01   7.9576093e-02   1.6187759e-01   3.5145055e-02   6.0259834e-02  -2.8334928e-02   3.0666277e-02  -1.8345823e-02  -2.5731971e-01   4.3133735e-02   5.8230861e-01   4.6988817e-02  -1.2892205e-01   1.2448668e-01   1.2687472e-01  -2.3342473e-01  -3.1727208e-01  -1.1151165e-01   2.5670819e-02   9.9626866e-03   3.4820228e-01  -1.1030369e-01   4.3317420e-01  -3.2869002e-01   3.4099811e-01  -5.9746931e-02  -2.9690071e-01   1.9495815e-01   1.5607688e-01   1.0138056e-01   1.8499976e-01   9.4686938e-02  -2.5838570e-01   1.4640951e-01  -1.6709704e-01  -2.3603617e-01  -3.6927201e-01  -1.4273205e-01  -2.1763395e-01   5.3810338e-03   1.9584648e-01  -6.2904364e-03   4.1449391e-01  -2.1732240e-01  -3.9601824e-03  -4.1004928e-02  -4.1123416e-02   3.0036638e-01  -2.8125436e-02   9.6594169e-02  -2.5051075e-01  -8.5893860e-02  -1.8827000e-01   4.6939396e-01   3.1499435e-01   1.2444819e-01  -9.9750043e-02   1.2554824e-01   1.2462909e-01  -2.1695598e-02  -2.3143070e-01  -6.4751273e-02   1.4861922e-01   3.1863673e-01  -3.0005209e-01   1.4572577e-01   1.0889746e-01  -7.3264468e-02   1.0050415e-01   1.8382165e-01  -1.9934589e-01  -1.0252115e-01  -9.3753129e-03  -9.5962032e-02  -1.5050015e-01  -5.3519468e-02   2.3766766e-01  -1.1618124e-01   2.8188199e-01   1.2136285e-01   6.2312368e-02   1.5627277e-01  -1.9501442e-01  -1.9377229e-01  -7.5786851e-02   7.2384418e-02   5.7662103e-01   5.4616637e-02  -3.1310740e-01  -2.9118446e-04  -3.1624511e-01  -1.6682582e-01   1.4579287e-01   7.6547874e-02  -2.5786143e-02  -1.6847517e-01  -9.7475398e-02   4.5795183e-01   2.2777771e-01  -8.0510780e-02  -2.6422179e-01  -3.2026662e-02   4.5929612e-01  -2.0599832e-01   1.2540922e-02  -1.0410591e-01   1.4569667e-01   1.4996886e-02  -2.0076870e-01
   1.0881659e-01  -6.7333843e-02   5.0936689e-02  -4.6954133e-02   3.7153455e-01  -6.8235993e-02   4.0890347e-02  -3.6644623e-02   7.8896735e-02   3.7728277e-01   1.6904048e-02   5.5541794e-02   0.0000000e+00  -1.6311871e-01  -3.7902973e-01   1.1996107e-01   2.7213950e-01  -6.4995428e-04  -3.1154234e-01   4.9601608e-01   3.1643230e-01  -1.6653192e-01   1.5206946e-01  -5.0855017e-02   2.2955955e-01  -3.9343766e-01   1.6914270e-02  -2.1824953e-01   4.6340251e-01  -2.3432445e-01   1.3439700e-01  -2.6015003e-01  -7.8355428e-02   1.1950437e-01  -3.4005868e-02   3.4932090e-01   3.6320129e-01  -9.6289233e-02   2.7752335e-01   2.0695060e-01   6.2302228e-01  -1.9355301e-01   1.8095392e-02  -1.8882866e-01  -1.2027463e-01  -3.0995688e-01   2.4459290e-02   1.2553356e-01   3.4646267e-01   2.3700539e-01   5.9117043e-02  -2.2857545e-01   2.3476456e-02   2.6299005e-01   3.3311753e-01  -7.3728848e-02  -7.7565634e-02  -8.1087641e-02   1.2805137e-01  -1.6412059e-01  -2.1339426e-01   4.2918129e-01   3.8975144e-01  -1.6085385e-01   6.7128184e-02  -3.8908148e-02   7.0510202e-02  -1.0370001e-01  -2.0115078e-01  -1.9547203e-01   3.3125650e-01  -1.9172836e-01   3.5839743e-01  -1.3559977e-01   5.1201713e-02  -1.2018835e-01  -1.5363053e-01  -2.0870553e-01  -1.9872448e-02   4.2435693e-01  -2.7976703e-01   2.5240847e-01   2.1376212e-01  -3.4570315e-01  -2.4333972e-01  -2.2549585e-01  -1.7835427e-01   9.5745748e-03  -5.5898554e-02  -1.6700884e-01   4.5977763e-03   9.0494807e-02   2.8625439e-01   6.7041751e-02  -6.1496454e-02   6.5822340e-01   3.5517646e-01  -1.4265102e-01   2.3086790e-01   2.3813462e-01  -9.6300823e-02  -7.6576580e-02  -2.6612803e-01   2.9695509e-02  -1.5377577e-01  -2.4817730e-01   2.2332241e-01  -1.2774857e-01   1.7021916e-01   1.6978643e-01   9.9365634e-02  -2.3834259e-01   1.5494974e-01   1.8717959e-01  -1.5272872e-01   3.5850212e-02  -2.4634911e-01   5.0744960e-01  -9.8878689e-02  -1.5081399e-01  -1.1026583e-01   3.3700715e-01  -1.0742630e-02   7.1860955e-02  -2.6537027e-01  -1.4804595e-01  -5.8307126e-02   1.8473279e-01  -1.9747369e-02  -2.5379482e-01   3.3800727e-01  -6.7181843e-03   7.6162609e-02   1.9887735e-01   1.1959921e-01  -1.0336527e-01   2.9086483e-01   2.3673808e-01  -1.3007358e-01   2.1506277e-01   1.4085021e-01   5.1495852e-01  -3.8302809e-01  -9.7148562e-02  -2.2885547e-01  -1.4250975e-01   2.1254891e-01  -6.0186623e-02   1.2791707e-01   3.0933434e-01  -1.9183391e-01  -2.1396024e-01  -1.4185129e-01  -2.0062539e-01   2.0376258e-01   1.0002945e-01  -2.2330017e-01   2.8314191e-01  -2.5234900e-02   1.1553737e-02   6.7310716e-02  -1.4475331e-01   5.3215456e-01  -2.5379649e-01   2.0061252e-02  -2.3413136e-02  -3.4757326e-01  -1.3105034e-01  -4.9459152e-02   4.4915782e-01  -1.4249320e-01  -1.5060276e-01   1.4205128e-01   1.6610803e-01   1.4314110e-01   2.4961562e-01   6.4374922e-02
   2.0249519e-01   4.4363999e-02  -2.2721959e-01   5.3509380e-02  -1.3332056e-01  -1.0434924e-02  -2.5402279e-01  -9.9654644e-02   5.4529710e-02  -3.5673587e-01  -9.6507473e-02  -2.0383724e-01  -1.6311871e-01   0.0000000e+00   2.0053765e-01  -7.3598990e-02  -1.9067504e-01  -6.4221570e-02   1.3116890e-01  -2.8771580e-01  -3.2950956e-01   7.8669270e-02  -3.3422535e-01   3.0632217e-01  -8.1495150e-02   1.0242962e-01  -1.7283293e-02   4.4789848e-01  -1.6003755e-02   1.2012809e-01  -8.0354842e-02   1.5928994e-01   9.2324713e-02  -2.7921095e-01  -5.0004550e-02  -2.7921300e-01  -2.4588435e-01   6.6407165e-02  -1.0342685e-01  -1.7617028e-01  -5.1283230e-02   4.0014396e-02  -7.1940189e-02   4.5233850e-02  -7.0772870e-03   1.2310908e-01   1.6064428e-02  -2.6363732e-01   1.4269469e-01  -1.0654144e-01   4.1410086e-02   8.1346196e-02  -3.9775872e-02  -1.0172810e-01   2.5868542e-01  -4.9547983e-03   2.4779289e-02   3.2725248e-02   2.7388437e-02  -3.1664936e-03   4.9016558e-02  -1.4987532e-01  -4.4606612e-02  -3.9345635e-02  -1.1691012e-02  -2.8516262e-01  -9.1324089e-03   4.9024831e-02   9.5383653e-02  -8.9313496e-02  -2.2124836e-01   5.7873783e-02  -2.0937591e-01   2.2693073e-01   4.8488171e-03  -1.0272180e-02   9.7289690e-03   2.4225636e-01  -9.9766706e-02   8.2320976e-02   1.8925918e-01  -1.1829791e-01  -2.5989247e-01   3.4981390e-01   3.1238960e-01   1.3882364e-01   2.5016763e-01   4.6442780e-01   1.2790561e-01   3.7752215e-01  -4.3972211e-02  -9.6013235e-02  -2.0208144e-01  -1.4253414e-01   9.6762945e-02  -1.9572250e-01  -3.3315999e-02  -3.4066076e-02   3.0620819e-02  -2.9878816e-01   3.0898339e-01  -1.0492372e-01   1.8549242e-01  -3.1096924e-02   1.2323317e-01  -5.9564151e-02  -4.6603426e-02  -1.5303291e-02  -2.2351158e-01  -1.6783899e-01  -3.5108330e-01   3.9746248e-01   1.3723523e-02   1.2882296e-01   9.9127187e-02  -1.1459582e-01   2.6992834e-01  -1.9386417e-01   4.0586512e-01   1.6013060e-01   1.2185252e-01  -1.9171146e-01  -1.9687726e-02  -1.0523606e-01   1.8795986e-01   1.8958379e-01  -4.6004669e-02  -7.3823251e-02   1.7888820e-02   1.4842919e-02  -9.1086257e-02  -2.1139111e-01   2.2737752e-01  -2.5452181e-01  -2.0291059e-02  -9.6709249e-03   3.2044073e-02  -1.8902628e-01   1.2158503e-01   1.6238654e-01   1.8132073e-01  -6.3088256e-02   3.5101532e-01   6.5529506e-02  -3.4403086e-04   1.0012302e-01  -2.9777256e-01  -2.0947832e-01  -1.9194926e-01  -1.6385371e-01   2.4664793e-01  -2.1225940e-03   1.2023861e-01  -1.8887332e-01  -2.4095851e-01   2.1719159e-01   1.6730100e-01  -3.5499599e-02  -7.2554769e-02   1.4263088e-01   1.4406053e-02   1.4500856e-01  -2.4940566e-01   1.5191198e-01  -2.0722318e-02  -1.1534511e-01   6.6353409e-03   1.9871974e-01   1.8425782e-02  -2.6312419e-01  -1.3456924e-01   4.5716301e-02  -2.3112784e-02  -9.6573067e-02   5.3027354e-03   1.0125434e-01  -1.4687906e-01
