   0.0000000e+00  -3.0240634e-01   2.1649957e-01  -6.5934162e-02  -2.6900849e-01  -1.4267973e-01  -2.6072491e-01  -5.3887891e-02  -8.7562233e-03  -4.4891904e-01  -2.6335572e-01  -3.6570543e-01  -3.1174103e-01   1.0809316e-01   2.1567970e-01  -2.4017973e-02   1.1576136e-01  -1.7445161e-02  -1.9220413e-01  -3.8027025e-01  -1.6977420e-01  -1.3809378e-01  -1.6998249e-01   5.8627408e-01   2.4319063e-01   5.0919924e-02  -4.0496835e-01   5.2107265e-01   1.1716849e-01  -1.4340131e-01  -2.1799456e-01   3.0678640e-01   2.3393819e-01  -3.3255305e-01  -8.2718167e-02  -4.1897250e-01  -2.5481874e-01   5.0283168e-01   1.5850376e-02  -5.7919808e-01  -9.5611207e-02   3.2707301e-01  -2.1358477e-01   7.5821898e-02   1.6750234e-02   6.6102457e-01  -2.1774511e-01  -4.2342683e-01  -1.1609435e-01  -2.7544801e-01  -7.0333028e-02   1.4431125e-01  -2.7109185e-01   1.5422300e-01   2.4859437e-01   1.4526343e-02   5.5264775e-02  -4.7628377e-02   3.9163885e-02   9.6439264e-02   5.6314691e-01  -2.1227953e-01  -2.8656255e-01   1.7895223e-01   1.9848729e-02  -1.2904854e-01  -3.1207458e-01   2.0422865e-01  -1.0528080e-01   3.4135395e-01  -3.3487522e-01   3.2125290e-02   1.2747441e-01   6.2800969e-01   2.5601015e-02   3.7817840e-02   5.4951247e-01   3.2692423e-03   2.1983787e-04   6.7834319e-02  -3.1782202e-01   1.7007281e-02  -2.3887031e-01  -1.0785026e-01   6.3034216e-01   2.5441667e-01  -1.0463103e-01   6.5175499e-01  -1.7277244e-01   7.9916452e-01  -1.8802212e-01   5.1805696e-01  -3.2225180e-01   1.0421253e-01   6.0229426e-01  -2.6482581e-01  -5.8906286e-02  -1.5252963e-01  -1.6576417e-01  -3.4622741e-01  -1.5602851e-01  -5.6311477e-02   1.3751882e-01  -1.3278034e-02  -1.3930941e-01   5.7493869e-02   9.4406542e-02  -2.6750468e-01  -1.0435284e-01  -1.4516921e-01  -3.4758704e-01  -1.7280398e-01  -6.0191962e-02   8.6259871e-01   6.7444416e-02  -4.9159056e-02   6.4594750e-02  -1.5838414e-02  -3.1774605e-01  -3.3736266e-02   5.2307881e-01  -1.4370677e-01  -9.1852443e-02  -2.1191205e-02   6.1342571e-01   2.8037403e-01  -2.4118585e-02  -2.1296286e-01  -1.4465070e-01   9.6497890e-02   2.3077570e-01  -2.7757168e-01   2.6942130e-01  -3.6845098e-01  -1.6967928e-01   8.0020445e-02  -2.8062971e-02  -9.9676948e-02   1.5855650e-01   4.9242281e-01   7.0727038e-01  -1.2326855e-01   1.4231391e-01  -3.2029868e-01  -8.4452565e-02  -2.8729888e-02  -4.6522638e-01  -4.7836519e-02  -2.7755038e-01  -3.0301384e-01   7.2591274e-01   1.9048256e-03   7.3003832e-01  -4.8509801e-02  -4.0235860e-01   4.3061493e-01   6.2240214e-01   4.4321656e-02   4.7749551e-01   1.8155271e-01   1.0325992e-02   2.7451693e-02  -1.9757119e-01  -1.1544170e-01  -3.4144049e-02  -1.4584162e-01   1.5736724e-03   6.5248613e-01   6.8935306e-01  -3.0892888e-01  -7.1994384e-02   3.2402767e-01  -6.7805172e-02   3.1833379e-02   7.0706438e-02   1.3452394e-01  -4.1785886e-02
  -3.0240634e-01   0.0000000e+00   3.0117418e-01  -1.7282745e-01   4.2642629e-01   2.1579245e-02   2.0721582e-01  -2.1369247e-01  -2.7915014e-02   3.4354542e-01  -2.1109621e-01   7.0506455e-01  -6.3775581e-02  -1.5601135e-01  -9.6945797e-02   1.8334461e-01   2.9873256e-01  -2.0329160e-01   1.2097279e-01   3.5889227e-01  -2.9009571e-01  -1.3562314e-01   8.9846532e-02  -2.2250378e-01   6.0656008e-02   2.3248903e-03   2.8506900e-01  -2.5266568e-01   9.9038235e-02   2.4433061e-01  -2.5589544e-01  -2.3844377e-01  -1.4558063e-01   3.9335418e-01  -4.1277444e-03   2.2088583e-01  -1.0722953e-01  -3.3492828e-01   1.4750305e-01   3.8071640e-01  -5.2332273e-02  -3.6529204e-01   3.4857671e-01  -1.5348527e-01  -1.1453975e-01  -3.3844766e-01  -9.3302465e-02   9.7513885e-02  -1.5424106e-01   4.1169449e-01  -9.8898167e-02  -2.2780931e-01   6.1240884e-01  -1.6895945e-02  -1.4338623e-02  -7.4197478e-02  -1.0136559e-01  -1.7886570e-01  -1.0078411e-01   1.8019166e-01  -2.7618913e-01  -9.5881186e-02   2.5617231e-01  -1.0901376e-01  -1.7447699e-01   3.1139055e-01   2.5420965e-01   1.2033994e-01  -3.4993986e-03   7.9180986e-02   5.7451345e-01  -1.3341972e-01  -2.2085681e-01   9.3273100e-03   2.0366093e-01  -1.9038734e-01  -3.1146530e-01   1.7542601e-02   2.9168598e-01  -8.5988624e-02  -5.5996579e-02   1.6126229e-01   2.3650562e-01   9.5708253e-02  -2.3855444e-02  -2.2320835e-01   1.9393983e-01  -2.1296637e-01   4.4383310e-01  -2.9382391e-01   3.4968460e-01  -1.4650532e-01   3.3460349e-01  -8.0170389e-02  -3.8762272e-01   1.8050316e-01  -9.7993794e-02   1.2992028e-01   5.3063279e-02  -3.0120509e-02   7.7047435e-02  -1.0760410e-01  -2.4708378e-01   2.6087917e-01  -8.1790700e-02  -1.1736133e-01   1.9950726e-01   1.0642394e-01  -2.1271193e-01   4.3238370e-02   2.1500299e-01   4.5851712e-02   5.3169229e-02  -3.0562960e-01  -8.5962723e-02   3.3284969e-01  -1.0553975e-01  -1.9894539e-01   1.2188456e-01  -3.1500217e-02  -3.9972857e-01   3.3804188e-01   2.4165082e-01  -7.7579021e-02  -3.4124536e-01   1.9025699e-01   1.0534157e-01   2.1211366e-01  -5.4025841e-02   3.8958404e-01   5.3118905e-02   7.7508982e-02   1.9572817e-01   1.1273945e-01   1.4553230e-01  -1.6163657e-01  -3.8192357e-02  -9.2467339e-02  -2.3934715e-01  -1.2407322e-01  -2.9271017e-01   8.5335945e-02  -1.9496898e-01   3.0543832e-01  -1.5777801e-01  -2.8176174e-01   3.4924269e-01   1.7102822e-01   1.5964279e-02  -1.8704997e-01  -2.2327092e-01  -2.8595670e-01  -2.7933428e-01  -4.7509686e-02   7.0268996e-01  -2.6439118e-01  -3.9546353e-01  -2.0359953e-01  -3.3363986e-01  -2.0469036e-01   2.1776381e-01  -1.7912595e-01   4.4455547e-02  -1.6643988e-01   1.3577061e-01   2.5823593e-01   1.9936774e-01  -2.9128376e-01  -4.4992852e-01   4.2638799e-01   2.1847228e-01  -2.6006467e-01  -1.7864220e-01   1.3686606e-01   1.0044935e-01  -1.1204107e-01   8.0344420e-02
   2.1649957e-01   3.0117418e-01   0.0000000e+00  -1.9811805e-02  -6.1932821e-02   5.7971060e-02  -2.3616061e-01  -4.6083939e-02  -2.0365254e-01  -3.2921963e-01  -4.4019908e-01   1.3889765e-01  -4.6368202e-01  -9.9928822e-02   9.2607966e-02   3.5389736e-01   7.5271291e-01  -5.6270115e-02   6.7018963e-02  -6.4567507e-02  -2.5050773e-01  -2.3968517e-01  -1.8242253e-01   4.6802786e-02   3.0731953e-01   8.6983990e-02   8.2336459e-02   5.7032988e-02   3.0586653e-03  -7.0849941e-02  -2.0731555e-01   8.3410672e-02   1.7682945e-01  -6.1239159e-02  -9.0221793e-02  -1.7258853e-01  -3.1641989e-01   2.3838912e-01   4.0104834e-01   9.6355721e-02  -2.4103141e-01   9.2730421e-02   7.2345712e-02   3.4605391e-02  -3.9732146e-01   3.7645073e-01  -7.9112307e-02  -3.7634196e-01  -1.9797580e-01   4.9299238e-01  -1.0722103e-01   4.9847561e-02  -4.5532544e-02   2.4285645e-01   4.4820530e-02   1.2788737e-02   6.9215372e-02  -1.3869275e-01   2.2789908e-02   2.5260025e-01   4.4725691e-01  -3.4933830e-01  -5.7873923e-02  -9.9266490e-02  -1.8834868e-01  -3.9152509e-03   1.0596127e-01   3.9318862e-01   8.7919470e-02   6.6285494e-01  -5.9096728e-02  -1.0086230e-01  -2.5972091e-01   4.6212806e-01   2.7068128e-01  -3.5998378e-03   3.7779714e-01   6.1927109e-02   7.4600063e-02  -6.6634971e-02  -2.6126686e-01  -3.6719147e-02  -1.5468642e-01   1.6288346e-01   4.0020477e-01   3.2566189e-02  -2.3491727e-02   1.2008836e-01   1.6941425e-01   1.1272695e-01  -5.7147140e-02   6.2392151e-01   8.0196981e-02  -1.1093814e-01   2.9540395e-01   4.3270448e-02  -1.2319947e-01  -6.4139085e-03   1.1425125e-01  -4.1884898e-01   6.0773735e-02  -3.0339123e-01  -9.5308835e-02  -9.1551368e-02  -1.8952754e-01   1.3714192e-02   2.7083057e-01  -1.2650814e-01  -2.6361274e-01  -4.9129687e-03  -5.5536682e-02  -6.5901477e-02   7.3337487e-03   2.2838642e-01   1.5366378e-01   7.0126745e-02   1.7676822e-01  -2.7852748e-01   9.8363007e-02  -7.0457794e-02   2.0914226e-01   1.2839496e-01   5.1364779e-02  -2.5890720e-01   3.1918285e-01   2.1548225e-01  -1.5547182e-01   7.8553778e-02  -1.9781338e-01   5.2829142e-01   1.1257627e-01  -3.1104135e-01   1.5917150e-01  -2.8400507e-01   1.6479282e-02   4.9667436e-02   1.1346712e-01  -2.6721409e-01  -3.9371279e-02   2.9511323e-02   2.3346106e-01  -2.9890157e-01  -9.6281269e-02   1.9485411e-01  -1.9770339e-01  -8.3575286e-02  -3.1988010e-02   9.6288447e-03  -1.7150759e-01  -4.0070184e-01   3.6989798e-01  -1.3482085e-01   3.8575811e-01  -2.8994894e-01   2.8718135e-01  -1.1480656e-02   1.7360273e-01  -9.2977829e-02   3.8397154e-01   1.5654642e-02   2.3776878e-01   9.4443485e-04  -1.6853731e-01  -1.7155409e-01  -3.2406337e-02   1.1036465e-01  -1.6146856e-02   2.3228077e-01   1.3885813e-01   7.9035406e-03   9.1919176e-02   1.1453811e-01  -5.3445500e-02   2.2292070e-01   7.7834010e-02   2.8186230e-01  -3.5739186e-02
  -6.5934162e-02  -1.7282745e-01  -1.9811805e-02   0.0000000e+00  -4.1178831e-01   4.0299593e-01   2.5838005e-01   1.5976515e-01   1.9512760e-01  -1.8306304e-01   2.6882952e-01  -2.5988363e-01   1.0669790e-01   4.5766073e-01   1.3683022e-01   1.8026931e-01  -8.3955664e-02   5.0684647e-01   3.7632847e-01  -2.6180126e-01   3.2118317e-01   5.8934900e-01   3.5425514e-01  -1.0745721e-01   2.2401966e-01   3.2192758e-02  -9.7820362e-02   1.8165069e-01  -2.4331507e-02   3.9825081e-01   2.2230435e-01   5.9991100e-01   2.9780909e-02  -3.1582286e-01  -1.7538898e-01  -2.6473325e-01   1.1889682e-01  -1.9942399e-01   1.6137297e-01   1.5568029e-01   3.9931413e-02   1.1008723e-01   2.9273851e-02   1.6879849e-01  -2.2549356e-01  -1.5527662e-01  -3.5821031e-02   7.3038875e-02   2.1201890e-01  -1.9149303e-01   5.0600602e-01   2.6458272e-01  -3.8485524e-01  -1.6857542e-01   2.8328840e-01   1.7048993e-01   4.6730134e-01   6.7248860e-01   4.1170781e-01   2.2529168e-01  -4.9928609e-02   1.9613311e-01  -2.4865469e-01  -2.2017430e-01  -3.2493518e-01  -3.9435953e-01   3.3302469e-01   1.8260844e-01   3.9966037e-01  -1.3881918e-02  -2.9186212e-01   3.9772260e-01  -3.9364698e-01   9.8090777e-02  -2.7337011e-01   3.0225374e-01  -1.6037905e-01   2.8989581e-01  -4.7545014e-01  -1.1287270e-01   3.3968739e-01  -9.7793364e-02   1.1893441e-02   3.5822016e-01   5.4343331e-02   3.5645739e-01  -2.1017146e-01   2.3648194e-02  -4.8393773e-02  -1.8298871e-01  -3.9419571e-01  -2.3836956e-04   4.7641810e-02   4.5614291e-03  -1.8709885e-01   5.6095603e-02  -4.4704738e-02   2.0371609e-01   9.0704944e-02   2.8255010e-01   1.9482834e-01   4.2650865e-02   3.6724802e-01   1.3218889e-01   5.4070450e-01   4.4929604e-01  -1.6056800e-01   4.7437220e-01   1.2092686e-01   9.2922642e-02  -1.8074583e-01   5.8948517e-01   5.2909499e-01  -9.5569279e-02   3.0481915e-01  -3.6412692e-01   2.8901453e-01  -2.6109807e-01   1.8374554e-01   6.3478409e-01  -1.6305044e-01  -4.8832059e-01  -2.8002944e-01  -2.7464321e-01  -2.6513701e-01   1.9860559e-02  -5.8662377e-02  -2.5723672e-01   6.7197259e-01  -3.6904120e-02   4.8235284e-02  -2.0298754e-01   1.4884759e-01   7.4747092e-02   3.4434367e-01   1.9736700e-01  -1.9133561e-01   3.7480665e-01   2.2256072e-01  -1.1611995e-02   6.1549319e-02  -2.2995395e-01   2.9131580e-02   1.3126462e-01   2.7768815e-01   4.0221322e-01  -1.0675957e-01  -4.8251599e-01   5.8713721e-02   1.5402122e-01   9.4507878e-02   3.4063758e-01  -1.3670857e-01  -1.1127155e-01  -3.3097649e-01  -3.2427140e-01  -1.8914654e-01   2.6313990e-01  -5.5539293e-02   3.6435938e-01  -7.4644089e-02  -1.0523882e-01  -2.8502865e-01   3.9799675e-01   3.4970863e-01  -4.8296241e-01  -3.5480220e-01   1.6576051e-01  -1.3603777e-01  -2.1208926e-01  -5.4335041e-01  -3.1524047e-01  -9.0081353e-02   9.8253956e-02  -7.5314482e-03   1.9440392e-01   5.2791764e-01
  -2.6900849e-01   4.2642629e-01  -6.1932821e-02  -4.1178831e-01   0.0000000e+00   8.5692592e-02   1.0140738e-01  -8.6499439e-02   5.4607131e-02   3.6185729e-01  -6.6468536e-02   4.4694680e-01   2.5013447e-01  -4.6221392e-01  -3.2017476e-01  -1.0905908e-01   3.6527200e-02  -1.7014396e-01   7.9611329e-02   8.0614725e-01  -3.3083364e-01  -2.0212795e-01   1.3265119e-02  -2.7299294e-01  -1.3029839e-01  -1.0126026e-01   5.8164309e-01  -4.1182427e-01   1.4419691e-01  -1.7793767e-02  -2.9293994e-01  -2.7340264e-01  -5.3775417e-02   2.8237167e-01  -1.5243726e-01   6.3116899e-01   2.6804053e-02  -2.8448923e-01   1.6040158e-02   1.7753863e-01   2.6922948e-01  -2.6850511e-01   2.1531716e-01  -1.2189523e-01   1.5505607e-01  -3.1931183e-01   3.7810014e-01  -8.0308917e-02   8.7896681e-02   2.2882620e-01  -8.5507333e-02  -1.6516022e-01   5.0285852e-01  -1.0323934e-01  -3.6459092e-01  -2.3781023e-01  -4.5674332e-02  -1.5143996e-01  -1.6242230e-01  -5.6401011e-02  -2.3416506e-01   3.0704763e-01   3.1131264e-01  -5.3108243e-02   5.7997352e-02   5.5660957e-01   2.4529458e-01  -1.0028892e-01   5.1531544e-02  -1.6008100e-02   2.7989511e-01   8.2100989e-03   2.0807932e-01  -3.1497843e-01   1.0689887e-01  -2.0349494e-01  -2.8620061e-01  -3.1928325e-02   4.0398246e-01   1.0962289e-01  -3.1184378e-01   1.1522237e-01  -6.3645414e-02  -1.0558711e-01  -3.3807833e-01  -2.1605837e-01   4.5060802e-02  -2.8925104e-01   2.0405402e-01  -1.9740586e-01   4.0554379e-01  -2.6179747e-01   3.2106522e-01   3.2457761e-02  -2.8245772e-01   2.9754520e-01   2.6075099e-01   5.6420718e-02   1.6131107e-01  -1.7588880e-01  -3.4977754e-01  -1.6619764e-01  -3.7241688e-01   1.9690776e-01  -9.1762399e-02  -1.9863598e-01   5.3723619e-02   1.6694962e-02  -7.2649243e-03   2.1849429e-01   2.4284999e-01  -1.2542847e-01  -1.7868774e-01  -3.0995103e-01  -3.7313552e-01   3.3257442e-01  -2.3909814e-01   2.6809818e-01  -3.2511427e-02  -2.1481089e-01  -3.5008352e-01   4.9968652e-01   2.4643623e-01   8.6615381e-02  -2.9580074e-01  -2.1491752e-02   1.9459074e-01   2.3065268e-01  -1.3783399e-01   2.0534480e-01   7.6443452e-02   1.4313109e-01  -7.0337357e-02  -9.5509011e-02  -4.5253726e-02   4.4475648e-02  -4.7336633e-02  -4.4665686e-01  -1.1877183e-02  -7.4181988e-02  -3.6373277e-01   3.5561086e-01   8.8622607e-02   1.7986446e-01  -3.8193186e-01  -3.7931805e-01   1.0486383e-01   4.5738976e-01   3.4099480e-01  -2.1739757e-01  -3.9441849e-01  -4.7764596e-01  -3.3599502e-01   5.7760278e-02   4.7036867e-01  -1.1891323e-01  -3.9452792e-01  -2.3654592e-02  -2.1452186e-01  -1.3999295e-01   2.2979498e-01   1.1907334e-01   2.1823992e-01  -8.9176253e-02   9.6488382e-03   3.5537980e-01   1.4577202e-01  -2.5592809e-01  -2.7658644e-01   1.8688901e-01   4.0067015e-01  -2.2115932e-01   1.7971527e-01   5.3076865e-02   5.4912286e-03  -2.1784319e-01  -7.8507799e-02
  -1.4267973e-01   2.1579245e-02   5.7971060e-02   4.0299593e-01   8.5692592e-02   0.0000000e+00   6.5226388e-01  -2.4613297e-02   1.3387376e-01  -1.4805346e-01   3.9901206e-01   7.7048703e-02   1.7988570e-01   4.2545266e-01   2.6220251e-01   1.4725547e-01   1.4969366e-01   6.7705493e-01   7.1590853e-01   5.4971007e-02   3.7201254e-01   4.8868620e-01   4.8806308e-01  -3.4060514e-01   6.0922711e-02  -7.9739387e-02   2.9512502e-01   2.9595321e-01  -1.7476130e-01   6.5959397e-01   5.8458885e-02   3.4759911e-01   1.4903084e-02  -1.9527697e-01  -1.3206641e-01   9.9652627e-02  -1.0433670e-01  -2.4399928e-01  -7.4975254e-02   9.3227133e-02   1.7960701e-01   2.7717458e-02   3.5464697e-01   3.6738615e-01   1.0966861e-01  -1.1242531e-01   3.1048763e-01   5.2244758e-02   3.7616597e-01  -2.0607603e-01   7.0572319e-01   9.5075915e-03  -3.5384671e-01  -2.1870918e-01   1.9455428e-01   2.4470386e-01   7.8974112e-01   2.9187910e-01   1.8467672e-01   2.3190471e-01   7.7054384e-02   4.1673897e-01  -3.3598502e-02  -3.4975718e-01  -2.6372052e-01  -1.1424774e-01   8.6591529e-01  -6.7875135e-02   5.9701636e-01   3.5162557e-01  -4.9820829e-01   6.6290762e-01  -4.1311220e-01   2.6493817e-02  -3.0167316e-01   8.4571668e-02  -2.1189208e-01   3.3416251e-01  -4.2157296e-01   7.5330594e-02   2.2607690e-01  -3.0277190e-01  -4.5873750e-02   3.6454792e-01   1.8233485e-01   2.0266023e-01  -3.8771436e-01  -2.1201328e-01   7.7433352e-02  -3.4168614e-01  -5.1938640e-01   3.9042894e-02   3.6533647e-01   8.4762608e-02  -1.8764649e-01   1.8832157e-02   7.0105852e-02   2.2594004e-01   1.2264959e-01   1.5384522e-01   3.2893262e-02  -6.4854070e-02   4.0190320e-01   5.4544902e-01   6.6137394e-01   2.0012259e-01   7.5605714e-02   6.4729237e-01  -3.0131772e-02   6.4732920e-01  -2.9239779e-01   5.9297250e-01   5.2344851e-01  -1.6341976e-01   2.9752382e-01  -5.9596462e-01   3.3546768e-01  -1.6658155e-01   3.3103383e-01   6.1114302e-01  -2.7315169e-01  -5.0636843e-01  -2.2030358e-01  -3.3561608e-01  -2.2068495e-01   3.5262524e-01   2.9747231e-01  -2.7309250e-01   5.2004977e-01   2.7406312e-01  -1.6456438e-01  -2.3758145e-01   4.9465473e-01   6.4949672e-02   3.4466825e-01   1.7591383e-01  -2.4811693e-01   2.6445746e-01   2.1052749e-01  -1.5152856e-01  -2.1463216e-01   1.7367504e-01   3.3442774e-01   7.2450529e-01   2.5002096e-01   2.4821358e-01  -2.3985356e-01  -3.6426100e-01   5.6714725e-01  -2.6995981e-02   5.8733969e-02   1.3228679e-01  -3.2435165e-01  -1.5593987e-01  -1.9209460e-01  -3.9863427e-01  -3.1010239e-01   2.8954290e-01   1.2201950e-02   3.4007399e-01  -1.5893542e-01   1.9048529e-01  -2.4587540e-01   6.5911009e-01   6.3638895e-04  -5.2065223e-01  -5.2595855e-01   3.0236159e-01  -1.1084083e-01  -3.1017617e-01  -4.3139197e-01  -3.2483108e-01   2.7736511e-01   7.2758404e-01  -9.3850782e-02   6.2757969e-03   2.6971456e-01
  -2.6072491e-01   2.0721582e-01  -2.3616061e-01   2.5838005e-01   1.0140738e-01   6.5226388e-01   0.0000000e+00  -4.4459772e-02   3.0306226e-04   2.5427351e-01   6.0011135e-01   2.6331721e-01   2.0029156e-01   2.5032208e-01   3.8012520e-01   1.0242044e-01  -1.7472370e-01   5.7584007e-01   4.7169208e-01   1.5012310e-01   4.7930276e-01   3.9070379e-01   8.5510455e-01  -3.5808474e-01  -1.4309920e-02  -1.6085576e-01   2.6441632e-01   2.6362603e-01  -1.5850398e-01   7.1668482e-01   1.4400302e-01   1.5610159e-01  -1.7407276e-01   9.9031484e-02   3.2298996e-02   3.0944707e-01   1.6004030e-01  -3.5111954e-01  -1.1592284e-01   2.1745422e-01   3.9244286e-02  -2.9889849e-01   3.0025176e-01   1.5155965e-01   2.1125901e-01  -2.9333600e-01   3.2834002e-01   4.4752407e-01   4.3153204e-01  -3.3818540e-01   7.2412579e-01  -1.1346863e-01  -7.0766873e-02  -3.0156948e-01   1.0919819e-01   3.0230629e-01   4.0919606e-01   1.4119460e-01   1.5975111e-01   1.8374655e-01  -2.6482140e-01   6.2298732e-01  -2.1006670e-01  -3.0951301e-01  -2.9387925e-01   1.6046462e-01   6.0154764e-01  -2.9825879e-02   3.6910698e-01   6.5617590e-02  -2.1331470e-01   5.5561438e-01  -3.9501304e-01  -8.8414424e-02  -3.7151759e-01  -1.0120674e-01  -3.4593846e-01   1.2356195e-01  -3.5759359e-01  -1.9288222e-01   5.4355828e-01   2.2757194e-02   1.1002871e-01   1.4434353e-01   3.8920560e-02   4.9116892e-02  -3.3482187e-01  -2.8435427e-01   1.3347118e-01  -4.0882402e-01  -3.9841738e-01  -2.4005260e-01   4.3752320e-01  -1.1838193e-01  -3.6258202e-01  -5.1947384e-02   1.1033060e-01   1.1453441e-01   2.7470421e-01   4.9219689e-01   3.2491177e-02   3.5125979e-01   3.5006231e-01   3.8441098e-01   6.9422659e-01   6.3674086e-02  -1.5236276e-01   4.8153333e-01   2.6418759e-01   6.1200810e-01  -1.1956240e-02   5.1704378e-01   4.7727383e-01  -2.2234245e-01   2.3205044e-01  -4.1362354e-01   1.7178772e-01  -5.1377468e-02   3.2908116e-01   4.6498002e-01  -4.5777981e-01  -4.3906308e-01  -2.4050064e-01  -2.5006618e-01  -3.6157908e-01   1.3295504e-01   4.1282351e-01  -2.0098109e-01   3.7472479e-01   1.0779754e-01  -2.3511606e-03  -3.3740994e-02   2.7964919e-01   3.6610734e-01   2.7121762e-01  -7.7880107e-02  -3.2276879e-01   4.6089719e-01  -3.9650028e-02  -2.2403843e-01  -3.6248823e-01   3.3458756e-02   2.6757677e-01   5.6726122e-01   4.7342943e-01   2.1140540e-01   4.6475802e-02  -2.1782267e-01   6.9280365e-01   1.2641559e-01  -1.2107831e-01   1.7688148e-01  -4.5169908e-01  -6.7276436e-03  -1.6101030e-01  -4.3519027e-01  -3.8653443e-01   1.1302780e-01  -3.6635400e-01   2.2918237e-01  -5.4079007e-02   5.1082720e-02   9.3428734e-03   4.5720697e-01  -8.7610522e-02  -4.0782054e-01  -3.3200858e-01   1.2919868e-01  -2.8095253e-01  -1.6978433e-01  -3.4366899e-01  -2.7336205e-01   8.4689468e-02   4.0770452e-01  -6.4080086e-02  -4.1662898e-02   1.7846884e-01
  -5.3887891e-02  -2.1369247e-01  -4.6083939e-02   1.5976515e-01  -8.6499439e-02  -2.4613297e-02  -4.4459772e-02   0.0000000e+00  -1.8874794e-01  -1.2148156e-01  -1.0492644e-01  -2.6612822e-01  -5.9561363e-02  -8.4714806e-02  -6.0034473e-02   2.1186686e-01  -4.3991636e-02   4.8584061e-03   1.2832244e-01   1.0378777e-01  -4.7305697e-02   2.1242843e-01  -3.7798603e-02  -6.8980486e-02  -5.9220108e-02   5.3996601e-01   2.6277003e-01   1.1706584e-01  -1.4235000e-01   4.3082179e-02   3.7813759e-02   2.8299900e-01  -4.9498131e-02  -1.7099969e-01  -3.6612256e-01   9.9764080e-02  -6.6128364e-03  -8.4049133e-02   2.3207291e-01  -1.0038329e-01  -1.7376763e-01  -7.5605590e-02  -2.9541562e-01   2.8759128e-01  -1.9016753e-01  -9.3768580e-02   2.6661301e-01  -1.0740693e-01  -2.6924266e-02  -7.2922336e-02   2.6272241e-02   6.4324546e-01  -2.5574933e-01  -9.4316585e-02  -2.6120443e-02  -3.4494119e-02  -2.7607793e-02   6.6146669e-02   3.7781657e-02   5.7849147e-03   1.6743959e-02   1.6467364e-01  -1.3696052e-01  -2.1420934e-01  -1.0625685e-01  -9.3919257e-02   4.7960542e-02   1.4284102e-01   2.8279339e-01  -2.0254812e-01  -1.8123279e-01  -4.8824908e-02  -1.4015538e-01  -9.4793584e-03   3.8990261e-02   2.2319548e-01  -1.6377536e-02   1.7413458e-01  -4.9100405e-02  -2.1231576e-01   6.1493504e-02   5.5829588e-02  -2.2211411e-01   4.5728118e-01  -9.7340100e-02   1.0863367e-01  -2.2952937e-01   6.6186122e-02  -1.0744609e-01  -1.1757577e-01  -1.4989781e-01  -7.7194207e-02  -4.5996341e-02  -1.0939844e-01  -4.3818322e-02   1.0539096e-01   1.6286407e-02   1.9345706e-01   2.2704528e-01  -2.6732581e-02  -1.1876189e-01  -1.5812162e-01   2.5765703e-01  -2.5429797e-01   5.3876526e-02   3.0998157e-01  -1.5548014e-01   1.3766312e-01  -7.6709612e-02   7.6651760e-02  -7.4510102e-02   1.3226199e-01   1.0798498e-01  -1.3271825e-01   4.3572477e-02  -1.6473288e-01   3.1142104e-01   4.9600249e-03  -5.9273989e-02  -1.0120099e-01   5.3076150e-02  -4.2839388e-02  -2.9198638e-01  -3.2313247e-01  -8.5465754e-02  -8.7095490e-02  -2.0679520e-01   2.1657069e-02   5.7921292e-02  -9.7387616e-02   1.7185833e-01  -1.3830965e-01  -4.8705216e-02  -2.0083661e-01  -9.5236262e-02   3.1212385e-01  -3.8395417e-02   1.3411107e-01   2.8409753e-01  -2.5989207e-01   2.5320142e-02  -1.4516466e-01   7.9728160e-02  -1.5950247e-01  -8.5079907e-02   1.6025065e-01  -7.5354553e-02  -1.0113417e-01   8.2072028e-02  -1.3604816e-01  -7.3742921e-03   4.5176912e-01   4.5549486e-02  -3.1642731e-01  -1.5158307e-01  -4.2637305e-02  -5.9457629e-02  -3.4323683e-02   6.0522281e-02   2.6722875e-01   1.0155399e-02  -2.4366725e-03  -7.9315681e-02  -2.3599354e-02   1.3067720e-01  -1.9227132e-01  -2.0401864e-01   9.7843958e-02  -2.7002621e-02  -2.4931850e-01  -6.4576741e-02   2.8943493e-02   4.4080187e-02  -4.3907471e-02   1.4199830e-02   3.3688014e-01   1.4251826e-01
  -8.7562233e-03  -2.7915014e-02  -2.0365254e-01   1.9512760e-01   5.4607131e-02   1.3387376e-01   3.0306226e-04  -1.8874794e-01   0.0000000e+00   1.5374425e-01   1.3630388e-01  -1.0456196e-02   1.4389911e-01   2.1835845e-01  -1.3039719e-01  -4.7021049e-02  -1.4362988e-01   2.0834523e-01   1.1046189e-01   3.2245164e-02   7.2085956e-02   2.5354888e-01  -4.3838722e-02  -1.9339751e-02   6.8010465e-02  -4.8823625e-02  -3.1747526e-02  -4.8913248e-02   4.2638421e-02   6.8426690e-02   1.3641365e-01   5.8794171e-02   1.3121175e-01   5.2090903e-02   2.6262939e-01   6.0684989e-02   1.1584402e-01  -1.5742368e-01  -4.1041957e-02   1.8112138e-01   3.6918737e-01   9.3260415e-02   2.1597983e-01  -1.2586468e-01   1.1003289e-01  -1.0859188e-01   4.6690844e-02   1.4943850e-01   2.4506418e-02  -8.4364919e-02   1.3868095e-01  -1.3345802e-01   6.1761065e-02  -1.7773909e-01  -5.4819478e-02  -9.6190345e-02   1.1937476e-01   3.5976942e-01   1.4674053e-01   2.0639097e-01  -1.3936283e-01  -4.7734593e-02   3.3316892e-01   1.8208976e-01   2.3453089e-01  -2.8417193e-02   6.2054474e-02  -2.5215700e-02   1.5200896e-02   3.0976660e-02   2.7760929e-02   1.8737060e-01   2.1836926e-01  -5.9697315e-02  -8.7296057e-02  -1.8981182e-01  -2.1098690e-01   1.4727579e-01  -1.0300996e-01   2.6719444e-01  -1.1144417e-01  -2.3036585e-01   1.9563907e-01  -9.4233466e-02  -1.7414777e-01  -1.7405947e-01   3.5581011e-01  -1.7040625e-01   1.0921629e-01   7.6131645e-02  -2.2112095e-02  -1.5425805e-01  -9.7684136e-02   5.7338623e-01  -1.3086620e-01  -1.6045301e-01  -1.3069746e-02   5.2129234e-02  -1.0179955e-02   1.4276648e-01  -3.3536904e-02   7.4775997e-02  -2.6423971e-01   4.6596636e-01   8.6823767e-02   7.9578476e-03  -1.4761118e-01   2.0956704e-01   4.7463096e-02   4.9312982e-02  -3.0425770e-02   1.5511113e-01   7.0778766e-02   3.9171487e-02  -1.6132268e-01  -3.8214214e-03  -1.7866872e-01   1.0422318e-01   1.7778124e-01   2.6777778e-01  -1.4645416e-01  -1.1193308e-01   1.9512081e-01   1.6942866e-01  -1.4172002e-01  -7.7860820e-02   7.4919840e-02  -2.2383699e-01   3.3926742e-01   7.2282386e-02  -1.0540358e-02   7.7618797e-02  -1.9257228e-01   1.7893330e-01   2.8971294e-01  -1.6697497e-01  -1.9363927e-03  -3.2939402e-03  -7.3907196e-02   1.6606484e-01   2.9001930e-02   1.3502599e-01   1.8161333e-01   1.4104705e-02  -1.5255297e-01   1.1546109e-02  -2.9562126e-02   9.5750084e-02   5.8582332e-02   2.2352598e-01  -1.3486071e-01  -2.3529298e-01  -1.6894658e-01   2.6960940e-01   3.6224617e-02  -9.9233777e-02  -9.6709632e-02   3.1317748e-01  -7.8704521e-02  -2.1633317e-01  -5.2557997e-02   1.9106600e-01   1.5505425e-01   1.7668668e-01   2.1841232e-01  -4.6244006e-02   8.7077362e-02   4.3116550e-02  -5.7261522e-02  -3.3370947e-02  -2.1856283e-02  -2.5713450e-01   2.1149285e-01   6.9969736e-02  -3.0038717e-02  -1.9736370e-01   1.1565794e-01
  -4.4891904e-01   3.4354542e-01  -3.2921963e-01  -1.8306304e-01   3.6185729e-01  -1.4805346e-01   2.5427351e-01  -1.2148156e-01   1.5374425e-01   0.0000000e+00   2.0060703e-01   3.8564403e-01   2.0875470e-01  -2.0350155e-01  -1.1270355e-01  -1.6834669e-01  -2.9414917e-01  -1.8736668e-01  -1.6070508e-01   3.3573363e-01   1.5374222e-01   1.4257575e-02   2.6247487e-01  -2.0971560e-01  -1.7071240e-01  -1.6553392e-02   6.8298289e-02  -2.5720549e-01   1.9096219e-01  -1.1176628e-01   5.6498829e-02  -3.0394831e-01  -3.4614837e-01   5.4891723e-01   2.0791284e-01   3.3772124e-01   3.3913572e-01  -2.8407224e-01  -8.5027684e-02   3.5448867e-01   1.5880051e-01  -2.8966316e-01   3.3563805e-01  -3.1351559e-01   1.9233178e-01  -4.4611916e-01  -2.9814381e-02   3.9031502e-01   1.6767192e-01   1.1618986e-01  -7.8304682e-02  -1.6173392e-01   4.8899982e-01  -1.1273256e-01  -2.1550181e-01   4.1969189e-02  -2.9814167e-01  -4.6084285e-02  -4.9802201e-02  -8.4053672e-02  -4.1785524e-01   2.5304939e-01   2.5840611e-01   8.5804200e-02  -2.0715982e-02   3.9736393e-01  -6.5447131e-02  -1.8398498e-02  -2.3865079e-01  -3.6155323e-01   5.0796039e-01  -7.1878046e-02   1.1843139e-01  -3.4935778e-01  -4.4318848e-02  -3.7107420e-01  -3.3764255e-01  -8.3819501e-02   1.1575226e-01  -1.4222869e-01   1.7967839e-01   1.1658887e-01   4.1130733e-01  -2.9652495e-01  -4.3745896e-01  -4.2182524e-01   2.2630557e-01  -2.9946570e-01   2.8057838e-01  -2.6604672e-01   3.6731985e-01  -4.0710649e-01   3.3783894e-01   1.0910859e-01  -3.5159053e-01   2.8706771e-02  -8.5402420e-03  -2.1846635e-02   4.8268993e-02   4.0290181e-01   5.7297552e-02   3.9375210e-01  -2.6927880e-01   4.8066982e-02  -5.5956447e-02  -1.6366330e-01  -1.6687693e-01  -1.2766753e-02   2.5624276e-01   1.8620350e-02   4.8596154e-01  -9.6465883e-02  -2.8597236e-02  -3.6842869e-01  -2.0833217e-01   2.9413577e-01  -3.5246035e-01   2.4947226e-01   2.4333167e-02  -1.1153352e-01  -3.1865378e-01   2.7591172e-01   3.0128049e-01   8.4767309e-02  -3.5622309e-01  -2.2489687e-01   1.0369600e-01   1.3951111e-01  -6.7198718e-02  -2.0791119e-01  -6.5134583e-03   3.6282865e-01  -3.3549483e-01   4.7013818e-01   2.0802098e-01  -3.5218631e-01   5.4789136e-02   4.0211695e-02  -3.0353178e-01  -1.3277239e-01  -3.1922246e-01  -2.1776591e-03  -8.6484816e-02  -7.0123858e-02   7.5812768e-02  -2.6680380e-01   5.1029527e-01   2.7639585e-01   1.6838828e-01   3.3503569e-01  -4.7829045e-01  -2.0557348e-01  -3.5654404e-01   2.4209806e-01   3.3269926e-01  -1.0198207e-01  -2.8255346e-01   7.9689436e-03  -4.0699161e-01  -3.5707481e-01   1.2223728e-01  -9.6930023e-03   4.8760163e-01  -2.2126718e-01   4.0562499e-02   2.6821603e-01   2.5987477e-01  -3.3147523e-01  -2.7945499e-01   4.7249259e-01   2.0325307e-01  -6.8658435e-02   4.9921008e-03  -3.2421409e-01  -9.2937829e-02  -1.8367029e-01  -1.3276600e-01
  -2.6335572e-01  -2.1109621e-01  -4.4019908e-01   2.6882952e-01  -6.6468536e-02   3.9901206e-01   6.0011135e-01  -1.0492644e-01   1.3630388e-01   2.0060703e-01   0.0000000e+00  -8.9248754e-02   3.9402368e-01   2.6763324e-01   2.2675156e-01  -1.3009785e-01  -4.3465784e-01   6.3128386e-01   2.0211584e-01  -3.3197076e-02   6.3977161e-01   4.0549518e-01   5.5401462e-01  -2.4389936e-01  -1.8040732e-01  -2.3439572e-01   1.0245808e-03   1.7414097e-01  -1.2816138e-01   3.4452698e-01   4.7298633e-01   1.3063757e-01  -2.1029805e-01  -1.9487835e-02   1.2445715e-01   2.3898910e-01   3.3766383e-01  -1.1789236e-01  -1.7360302e-01   1.3528084e-01   2.7644155e-01   9.8895142e-03   2.1802948e-01   2.3375144e-01   4.3333937e-01  -1.4171672e-01   3.0077175e-01   4.9454608e-01   5.5674864e-01  -4.4983100e-01   6.0580061e-01  -3.8392512e-02  -2.3693438e-01  -3.7271658e-01   9.6653556e-03   3.4422410e-01   2.7085159e-01   2.2230726e-01   2.6303396e-01   7.9411955e-03  -1.8553903e-01   5.2640729e-01  -1.8884793e-01   5.8283288e-02   8.7937938e-02  -8.0158311e-02   2.9841721e-01  -3.4570519e-01   3.3208237e-01  -1.6117066e-01  -2.3529739e-01   5.3472718e-01  -8.7863674e-02  -2.1594029e-01  -4.1644616e-01  -3.2883988e-02  -1.7085441e-01   2.1796372e-01  -3.9867415e-01  -6.1833608e-02   5.4519633e-01   6.0585576e-02   2.2547913e-01  -1.2944950e-01  -1.8837405e-01   1.0351533e-02  -1.4693128e-01  -2.9257274e-01  -1.5647587e-01  -2.5553998e-01  -3.0974723e-01  -2.3946995e-01   1.6333439e-01   6.9602950e-02  -1.4210764e-01  -1.5471591e-01  -1.4525917e-01   8.0684068e-02   1.0046741e-01   6.2736682e-01   1.6329457e-01   4.5602518e-01   2.5599413e-01   8.8421199e-02   5.7384058e-01  -8.5295052e-02  -3.3203127e-01   4.2600212e-01   4.2576178e-01   3.9971854e-01  -8.3375398e-03   3.9570859e-01   2.6240935e-01  -1.4250698e-01   2.0674517e-01  -3.9576935e-01   1.3646101e-01   1.4640943e-01   3.0941791e-01   4.2225448e-01  -1.8302766e-01  -4.9945754e-01  -4.4100185e-02  -7.5559006e-02  -1.7806911e-01  -1.2887385e-01   2.0724978e-01  -2.9630342e-01   2.9177813e-01  -2.3797161e-01   1.4956596e-02   3.4859937e-01  -8.9095795e-02   5.2408513e-01   2.7963593e-01  -8.3396796e-02  -1.6312333e-01   5.1745765e-01  -7.0886708e-03  -4.4389822e-02  -2.8033703e-01   3.0853601e-02   3.3055275e-01   2.5021384e-01   5.0912489e-01   3.0570453e-01   4.3336969e-02  -1.6174568e-01   4.6556802e-01   5.4753769e-01  -1.7860766e-01   2.4719432e-01  -3.6874812e-01   2.8843929e-01  -4.0504224e-01  -2.4748427e-01  -1.5035639e-01   2.8179280e-01  -2.5845854e-01   1.9650083e-01  -3.1530432e-01   2.5795314e-01   1.5302122e-01   4.4168989e-01   1.2443167e-02  -4.2484767e-01  -1.8850596e-01  -7.9207588e-02  -1.8327357e-01  -8.6716372e-02  -4.3050566e-01  -1.7095869e-01   1.6317629e-01   7.1679203e-02  -3.0891498e-01  -1.2937202e-01   5.6909789e-02
  -3.6570543e-01   7.0506455e-01   1.3889765e-01  -2.5988363e-01   4.4694680e-01   7.7048703e-02   2.6331721e-01  -2.6612822e-01  -1.0456196e-02   3.8564403e-01  -8.9248754e-02   0.0000000e+00   3.9532125e-02  -2.9858751e-01  -2.5376453e-01   7.6919339e-02   1.6900454e-01  -2.3175364e-01   4.6794794e-02   4.9687462e-01  -3.0353690e-01  -1.3822867e-01   1.7838554e-01  -2.4325737e-01   1.6343394e-01  -1.0361870e-01   3.2820644e-01  -3.0604343e-01   3.0633978e-01   8.5496498e-02  -3.0772408e-01  -3.5836310e-01  -1.6536820e-01   4.6827482e-01  -2.9420321e-02   3.6674438e-01  -1.1252312e-01  -4.5995766e-01   7.8311055e-02   4.3131628e-01   5.3844762e-02  -3.0539329e-01   4.5173973e-01  -2.0132144e-01  -4.3313200e-02  -4.6773949e-01  -5.6572751e-02   7.5272627e-02  -1.6318258e-01   4.4419746e-01  -1.2312202e-01  -2.8778275e-01   5.7762816e-01   1.5274446e-01  -1.5755916e-01   1.6300969e-02  -1.5473870e-01  -1.0673894e-01  -2.2081886e-01   1.2177320e-01  -4.1666568e-01   3.5169419e-02   3.3524577e-01  -1.9812063e-01  -1.6070143e-01   3.9538027e-01   2.3609564e-01  -3.4719951e-02  -6.6727227e-02  -3.7787306e-02   5.3638456e-01  -1.0854414e-01  -2.1982930e-01  -1.6077735e-01   2.6073473e-01  -1.8609304e-01  -4.0843315e-01  -8.7820492e-02   3.1340323e-01   6.5731169e-02   4.4030878e-02   1.8776542e-01   1.9851162e-01  -1.3809282e-01  -2.2858709e-01  -2.2393115e-01   3.8983575e-03  -2.0353947e-01   1.9523177e-01  -3.4183905e-01   4.0478734e-01  -2.4429381e-01   5.1114067e-01  -8.1853571e-02  -5.1439460e-01   3.6290725e-01   2.2190313e-02  -4.9375132e-02   6.6662666e-02   5.2790861e-02  -5.6006458e-02   9.1236937e-02  -3.0532946e-01   2.0534841e-01  -1.3505630e-01  -1.7325357e-01   3.3429740e-01  -4.9904693e-02  -1.8329801e-01  -4.7402701e-02   4.2481696e-01  -4.0179057e-02   5.6325892e-03  -4.5615443e-01  -1.2411846e-01   3.4770194e-01  -2.3157542e-01  -4.1391402e-02   8.2292639e-02   1.9484874e-02  -5.3588423e-01   4.7809598e-01   3.7695099e-01  -1.2054820e-01  -4.7500868e-01   1.3711199e-01   1.1804843e-01   3.0104917e-01   1.9728764e-02   2.5134084e-01   3.8157328e-02   7.9443936e-02   8.6092169e-02   3.7086298e-02   2.0053166e-01  -2.1827838e-01   1.4229521e-01  -1.6932965e-01  -3.1482860e-01  -1.3886912e-01  -3.6171333e-01   1.0455341e-01  -2.5029314e-01   3.7945813e-01  -1.3617945e-01  -3.6729504e-01   5.0058243e-01   1.1997523e-01   9.9807624e-02  -1.5217818e-01  -3.8318201e-01  -2.9036438e-01  -3.5499572e-01  -3.8978412e-02   6.7799264e-01  -2.6144991e-01  -5.1894741e-01  -1.6836777e-01  -4.3819866e-01  -2.0898183e-01   1.8109335e-01  -2.5780319e-01   2.6209775e-02  -1.5091214e-01   9.5661202e-02   4.6930100e-01   1.8510713e-01  -3.7856980e-01  -4.8536782e-01   4.4635529e-01   2.4905423e-01  -3.1510702e-01  -1.7286673e-01   8.2341948e-02   2.6048195e-01  -9.8726823e-02   9.6800471e-02
  -3.1174103e-01  -6.3775581e-02  -4.6368202e-01   1.0669790e-01   2.5013447e-01   1.7988570e-01   2.0029156e-01  -5.9561363e-02   1.4389911e-01   2.0875470e-01   3.9402368e-01   3.9532125e-02   0.0000000e+00  -9.2676043e-03  -1.3675222e-01  -2.4888747e-01  -3.3505624e-01   2.2938157e-01   3.3390224e-02   3.7820201e-01   1.3156223e-01   2.4719740e-01   1.9167185e-01  -7.9172463e-02  -3.0251950e-01  -3.0715712e-01   2.7552518e-01  -2.6507573e-01   9.9857288e-02   6.2694885e-02   7.6551759e-02  -4.7029072e-02  -2.0958446e-01  -5.2530042e-02  -1.2873033e-01   3.1895720e-01   2.0944354e-01  -3.7047038e-01  -2.3555036e-01   1.8816918e-01   5.3204045e-01  -1.4134213e-01   2.6883615e-02  -1.1459625e-01   2.9866391e-01  -4.7910394e-01   2.7843049e-01   2.5337211e-01   2.9107936e-01  -1.1483301e-01   2.5955753e-01  -6.6842242e-02   4.0231609e-02  -2.7693850e-01  -7.6297910e-02  -1.4555823e-01   1.1446421e-02   2.2148415e-01   1.6908612e-01  -1.1948520e-01  -4.4028086e-01   4.0082749e-01   7.4904435e-02   1.7870500e-02   8.5635062e-02   1.2881029e-01   2.1597583e-01  -4.3372588e-01   2.1340008e-01  -3.3668480e-01   1.7471369e-02   2.5669939e-01   6.8942359e-02  -4.2642875e-01  -3.8920238e-01   2.5402052e-01  -4.4184936e-01   1.4695658e-02  -7.0587372e-02   1.5391705e-03   1.4564444e-01   1.4636901e-01  -1.7394841e-02  -1.6191490e-01  -4.7704359e-01   1.9885173e-01   2.8061141e-02  -1.5054375e-01  -9.2491227e-02  -1.7253075e-01   1.0927173e-01  -5.3515373e-01  -4.7346970e-02   1.5766491e-01  -4.2144559e-01   3.6543091e-01   3.1143149e-02   4.4276660e-02  -2.4160464e-02   2.6092839e-01  -1.0343387e-01   1.0559513e-01  -2.6360636e-02   1.7485922e-01   3.1386305e-01  -2.1172493e-02  -1.4246370e-01   2.8052014e-01   2.4615175e-01   2.3895918e-02   1.8377521e-02   1.4749305e-01   1.2392876e-01  -2.9651579e-01  -1.3086269e-01  -1.0370256e-01  -2.4747879e-01   3.4260733e-01   1.1677538e-01   1.8730673e-01  -3.1830106e-01   2.8429850e-02  -8.0346249e-03   1.1240125e-01  -4.4397677e-01  -1.6052939e-01   1.8976131e-01  -2.0540931e-02   3.5707852e-01  -1.7813637e-01   7.0565111e-02   1.0046561e-01  -1.8453152e-01   1.5799504e-01   3.1710442e-02   2.8502182e-01  -1.3153965e-01   6.1508141e-02   2.6377880e-01   9.6784630e-02  -2.5271498e-01   4.3404491e-01   2.0843898e-01   8.0071238e-03   1.2409023e-01   2.1424890e-01   2.3658465e-02   2.1900189e-02   2.6541958e-01   2.5865490e-01  -3.9717570e-01   3.8354392e-02  -4.7972339e-01   8.7924442e-02  -6.5359826e-03  -1.3204605e-01  -3.7601951e-01   3.1106726e-01  -3.8251790e-01   1.6608402e-02  -2.6500121e-01   1.6932314e-01   1.2853199e-01   3.4039940e-01   1.0880756e-02  -6.3811315e-02  -1.1322876e-02  -2.8678670e-01  -3.2062779e-01  -9.5137974e-03  -7.3517221e-02  -3.2299632e-01   1.5959838e-01  -1.4129356e-01  -1.7849075e-01  -1.7485669e-01   8.3348983e-02
   1.0809316e-01  -1.5601135e-01  -9.9928822e-02   4.5766073e-01  -4.6221392e-01   4.2545266e-01   2.5032208e-01  -8.4714806e-02   2.1835845e-01  -2.0350155e-01   2.6763324e-01  -2.9858751e-01  -9.2676043e-03   0.0000000e+00   4.7736960e-01   7.5816731e-02  -5.0053257e-03   4.4680107e-01   2.3530999e-01  -5.7367521e-01   5.0968429e-01   4.4287030e-01   1.3837533e-01   2.1301415e-02   8.5624451e-02   2.5818607e-02  -3.4097007e-01   4.3719746e-01  -1.8754407e-01   4.6395845e-01   3.9825696e-01   2.8318023e-01  -1.0426769e-01  -1.4174051e-01   2.4225380e-01  -3.3618081e-01   1.6566057e-01  -4.6683313e-02  -3.9764230e-02  -7.0944005e-02   5.0312434e-02   9.0040198e-02   1.9649080e-01   2.6095310e-01   1.4194614e-01   2.0791179e-02  -1.8603990e-01   1.5679976e-01   2.6588279e-01  -3.4102768e-01   3.3480382e-01   4.5118421e-02  -3.5528515e-01   3.0887549e-03   6.3956662e-01   2.6657678e-01   4.1592572e-01   1.8848941e-01   1.1288193e-01   1.0825569e-01   7.3236589e-02   4.7675157e-02  -2.0631482e-03   7.6826666e-02   3.0915678e-02  -4.5490745e-01   2.3985855e-01  -6.0010273e-02   1.6674940e-01   8.0855172e-02  -3.4245789e-01   3.6780157e-01  -1.7241697e-01   1.7659024e-01  -1.5908023e-01   5.0969216e-02  -7.3194716e-02   1.7280135e-01  -4.1475715e-01   1.0494254e-01   3.1811133e-01  -1.6929553e-01   1.7968204e-01   1.9347000e-01   4.4311893e-01   1.6837627e-01   5.1184775e-02   1.7262444e-01   1.1373489e-01  -5.6591903e-02  -4.1337494e-01   5.9668638e-03  -9.7254361e-02   1.2516615e-01  -1.6273505e-02  -4.0019238e-01   7.3120274e-03  -3.8075219e-02   1.1126230e-02   2.1306664e-01   4.9930453e-01   4.6952497e-02   6.3145263e-01   3.4125223e-01   3.2520453e-01   1.1497383e-01   2.6545836e-02   2.4113490e-01   8.2381718e-02   1.8750051e-01  -3.6467107e-01   4.7079420e-01   4.9037824e-01   1.1347283e-01   4.0884324e-01  -4.5283503e-01   2.6148692e-01  -2.2721242e-01   2.1893624e-01   4.8116510e-01   1.6367124e-02  -6.3488603e-01  -1.8781596e-01  -1.3346725e-02  -1.5856144e-02   3.2190766e-01   1.1625944e-01  -2.1962275e-01   3.0598041e-01   8.6239238e-03  -2.2271312e-01   2.7638287e-02   5.1236348e-01   3.0467597e-01   2.7289054e-01  -9.7886574e-02   3.1607230e-02   5.9156459e-01   2.6186869e-02  -3.0782567e-02   1.1969620e-01  -9.4876090e-02   8.2313903e-02   1.9826278e-01   4.7854808e-01   4.8032399e-01  -2.2721954e-01  -4.1623008e-01  -3.9270458e-02   3.1623374e-01   3.5113568e-01   4.8245863e-01  -4.4705617e-02   5.9887995e-02  -3.1498136e-01  -1.1124388e-01   2.9236032e-02   1.8265711e-01  -4.1302086e-03   3.6450145e-01  -1.5113086e-01   1.5349150e-03  -3.5633345e-01   3.3042621e-01  -1.3522228e-02  -5.0428892e-01  -2.9709897e-01   2.9781459e-01   1.5416236e-01  -1.3024835e-01  -4.2429234e-01  -1.1615521e-01   1.1788412e-01   3.5185789e-01   2.9890049e-02  -3.8008756e-03   3.4484069e-02
