   0.0000000e+00  -5.4507398e-02  -4.0159903e-01  -6.1108365e-02  -3.9466056e-01  -3.9074507e-01   2.2353935e-02   1.4759637e-01   1.7507000e-01  -4.0078950e-01   1.7521653e-01   9.2553517e-03  -2.1448534e-01   2.0386038e-01   6.0456199e-01  -4.6169869e-01  -4.4521332e-01  -3.6764541e-02  -1.8496615e-01  -3.8065016e-01  -2.6695812e-01   6.3056168e-02   5.7883274e-02   7.3887695e-01  -8.1818403e-02  -3.3546950e-02  -3.0261977e-01   5.7823727e-01   1.1485528e-01   2.3552337e-02   2.2304644e-01  -2.0443041e-02  -2.7612795e-01  -3.4180962e-01  -4.0958957e-02  -3.6236291e-01   1.0409150e-01   2.9917286e-01  -4.8827853e-01  -3.9686760e-01  -3.1781889e-01  -2.5139563e-01  -3.9025734e-01   6.6062313e-02   1.8956966e-02   4.2091408e-02  -1.2165156e-01  -2.0798778e-01  -8.8252752e-02  -3.7800715e-01   1.2273055e-02   1.8041402e-01  -2.3855386e-01   1.4296434e-01   1.1017599e-01   9.4808505e-02   1.3042935e-01   1.1028835e-02  -1.6014904e-02   6.3015283e-02  -4.0208274e-01  -1.7111025e-01   1.0288528e-01   4.3436770e-01   2.3273073e-01  -1.6743743e-01  -5.9393012e-01  -1.3613538e-01  -2.4737857e-01  -8.6359674e-02  -3.8186740e-01   1.3414743e-01  -3.9362466e-01   7.1200857e-01   3.4420902e-02   3.0713616e-01  -1.6251382e-01  -1.3550902e-01  -1.3668204e-01  -7.7267702e-02   3.4277917e-02  -4.1678389e-01  -1.4765517e-01  -1.3580462e-01  -6.3969258e-02   4.1583665e-01  -5.6164634e-02   6.3668136e-01   1.6606857e-02   8.2557332e-01  -9.6343044e-02  -2.8173746e-01  -4.6756249e-01   3.0954824e-03  -3.9361980e-02  -2.9448263e-01  -8.4162479e-02   4.9358837e-02  -4.4383496e-01  -1.5505466e-01  -2.6304698e-01   5.7297447e-01  -4.1270930e-02   3.7928694e-01   1.4386196e-01  -8.6037620e-02  -4.1896243e-02  -1.0170643e-01  -8.4318562e-02  -2.7677079e-01  -3.1314415e-01   8.8709321e-02   6.3483904e-02   8.9480116e-01  -1.2296315e-01  -2.1164549e-01  -1.7441485e-01  -4.1587276e-01   5.3475386e-01  -7.6998394e-02   2.4512227e-01  -2.7771941e-01  -1.9165335e-01   8.7706374e-02   4.6668011e-01   6.2042666e-01   6.4536596e-02  -1.9955580e-01   1.0158098e-01  -4.0615799e-01  -3.4604945e-01  -3.8201703e-01   2.3618992e-01  -1.3471539e-01  -1.1398133e-01   4.6943122e-01  -1.7065852e-01   1.5809824e-01   3.9227099e-01   7.3895852e-01   8.8187644e-01  -6.5483473e-02   2.1407357e-01  -4.7336679e-01   2.8533224e-01   1.9137881e-01  -3.6581824e-01   1.0920221e-01   1.1376031e-01  -3.6789138e-02   2.7981529e-01   2.1570805e-02   3.6823620e-01   1.1175368e-01  -4.3192378e-01   7.0829005e-01   1.2942944e-01  -8.1124254e-02  -3.7865643e-01   2.5154406e-01  -1.5119457e-01   2.8616100e-01  -7.7495558e-02   1.7223715e-01  -1.1865349e-01  -3.4887461e-01  -1.2429193e-01   8.1475174e-02   4.3425911e-01  -3.7551309e-01  -2.7236675e-01   2.8748237e-02   9.9986263e-02  -3.7198211e-01  -2.5265135e-02  -1.0595420e-01  -1.4412927e-01
  -5.4507398e-02   0.0000000e+00   2.4470406e-01  -2.5562807e-01   5.0465066e-01  -3.3140683e-01  -5.0982616e-02   2.2679279e-01   7.3265772e-01  -1.1430684e-01  -3.2325791e-01   1.5647704e-01  -9.6715768e-02  -4.8098845e-01  -3.7236528e-01  -1.9542138e-01   4.4651773e-01  -3.9518989e-01   9.6756858e-02   2.7079660e-01  -3.2345433e-01  -3.2899321e-01  -4.9988954e-01   6.7698489e-02   1.4332009e-01  -2.6577522e-01   3.2134042e-01   3.7068123e-03   1.0160456e-01  -1.8982072e-01  -3.1452920e-01  -8.0827379e-03  -4.2527884e-02  -9.8587209e-04  -4.6098142e-01   2.0326490e-01  -5.8770039e-02  -7.3516472e-02  -6.2843749e-02   3.5984879e-01   1.6696435e-01  -1.7722598e-02   4.8365225e-01  -3.6066125e-01  -1.8967525e-01  -6.6093029e-02  -4.0200157e-01   4.0881043e-01  -1.7157645e-01   4.0585988e-01  -4.7938815e-01  -1.8229213e-03   6.2949617e-01  -1.4519208e-02  -1.9041410e-01  -5.8230007e-01  -1.4827406e-01  -1.7050739e-01  -2.2610810e-01   1.8548340e-01  -2.1004753e-02  -2.3740924e-01   7.6714262e-01  -1.7413872e-01   6.5647386e-01  -2.9305187e-01   1.6670843e-01   7.2614282e-02  -3.9705229e-01  -2.4592076e-02   6.7378147e-01   6.4376947e-02   3.6732103e-01  -3.6786249e-01   6.7932913e-03   1.1296777e-01  -1.6837949e-01  -4.5675396e-02   8.1011204e-01   2.0706897e-01  -4.5042119e-01   5.8991393e-02  -8.6122656e-02  -2.5086322e-01  -8.8747864e-02   6.6440929e-02   5.7202753e-02  -1.9434699e-01   6.1364558e-01   7.3999517e-02   7.8203974e-01   6.8274860e-02   1.7030969e-01   4.9726702e-01  -1.6652918e-01   2.0604546e-01  -7.7235331e-02   1.9468742e-02   1.4488420e-01  -8.2147923e-02  -1.2743782e-01  -3.2522454e-01  -5.3081728e-01   6.4774494e-01  -3.3935371e-01   1.2095919e-01  -1.6685312e-01   1.2510182e-01  -3.4107104e-01  -3.2755905e-01  -1.1410271e-02  -4.3219503e-01   1.4191994e-01  -2.1919007e-01  -1.6689664e-01   7.3097954e-01   1.6652525e-01   1.5941319e-01  -2.3138185e-01  -1.5625979e-01  -1.1459914e-01   6.0708774e-01   5.8093190e-01   1.1594646e-01  -6.8052830e-02  -1.9500033e-01  -3.3906454e-01   1.1795952e-01  -1.6737602e-02   1.2919608e-01   2.3790561e-02   3.4547617e-01   3.3144830e-01   1.5144316e-01   4.8049608e-01  -3.3077013e-03   7.9270103e-02  -2.2985022e-01  -1.3686062e-02  -3.3767621e-02  -2.0616820e-02   1.3423164e-02  -5.1718050e-01  -1.4368920e-01  -2.9889730e-01  -4.1929674e-01   5.5774914e-01   8.9850197e-02  -3.6525632e-01   6.4260905e-01  -4.7912026e-01  -4.0420855e-01  -1.4060931e-01   6.2274003e-01   6.2198744e-01   8.4412222e-02  -9.8388749e-02  -2.2715543e-01   4.8749536e-02  -4.9095563e-01   2.2551352e-01  -1.8646365e-01   2.0599074e-01  -3.8552346e-01   3.6142106e-02   5.9939257e-01   4.0589756e-01  -4.0382492e-01  -1.4987353e-01   3.8561665e-01   2.4888165e-01  -2.6053543e-01   2.0109738e-02  -1.0994627e-01   4.3169385e-02   1.0140088e-01  -1.2031469e-01
  -4.0159903e-01   2.4470406e-01   0.0000000e+00  -9.6656128e-02   3.0941315e-01   2.8512632e-01  -1.4216268e-01  -5.9756460e-02   2.5318830e-02   1.2108097e-01  -4.7955285e-01   5.3584226e-02   6.7804254e-02  -3.5089795e-01  -4.6103785e-01   2.5981713e-01   8.9488088e-01  -3.4368643e-01  -2.7641568e-02   3.2053302e-01  -2.9641460e-01  -1.3038876e-01  -3.7476081e-01  -3.6669619e-01   5.2942288e-02  -1.7409107e-01   3.8323273e-01  -2.7158170e-02   3.9074531e-02  -2.2545011e-01  -3.0406740e-01  -9.3771921e-03   2.3540822e-01   2.6871727e-01  -2.3322369e-01   1.4227081e-01  -3.1652775e-01  -3.4694540e-01   2.4885605e-01   6.6833044e-01   1.1948685e-01   4.1271605e-01   5.0945621e-01  -1.3595442e-01  -2.5876429e-01   2.1531380e-01  -1.9845458e-01  -7.9413513e-03  -9.6450009e-02   7.7460892e-01  -2.5847280e-01  -1.7268887e-01   2.8913553e-01   1.7237505e-01  -8.0593635e-02  -4.1458939e-01  -1.5564765e-01   5.4985377e-02  -1.3861274e-01  -1.1101542e-01   6.1653279e-01  -1.7430791e-01   2.2081931e-01  -4.4447399e-01  -2.5811209e-01  -1.8983800e-01   4.5595508e-01   1.3598021e-01  -1.2523557e-01   4.6863540e-01   4.9926817e-01  -1.1119670e-01   2.1292132e-01  -3.9091567e-01   6.8002863e-02  -4.8868172e-03   7.9899766e-02  -1.2466501e-01   3.7400229e-01   1.4805350e-01  -1.6519417e-01   1.6969813e-01  -8.6743746e-02  -5.0873665e-03   2.0993079e-01  -2.9015636e-01  -1.1040874e-01  -2.8766022e-01   2.7051603e-01  -2.9280181e-01   2.0978117e-01   7.5411998e-01   3.1077893e-01  -4.4771596e-03  -1.9734329e-01   5.6987671e-01   5.0289824e-02  -1.0249964e-01   2.3844698e-01   7.6276953e-03   1.6644861e-01  -4.3469488e-01  -2.6677125e-01  -2.0834009e-01  -3.5784588e-01   1.3136279e-01   2.7744388e-01  -1.2661047e-02  -1.0574808e-01  -7.2285496e-02   2.3993028e-01  -2.1946095e-01  -1.0995964e-03  -4.0716764e-01   3.8988118e-01   2.8956436e-01  -1.1794273e-02   1.8893785e-01  -1.9629051e-01  -9.1950074e-02  -2.1662486e-01   4.9390306e-01   4.0434675e-01  -3.7628875e-01  -2.3464511e-01  -2.8656719e-01  -3.0789543e-01   2.3030856e-01   6.7467551e-02   6.1003374e-01   2.0517992e-01   3.9926007e-02  -1.3686066e-02   5.3680986e-02   5.3977432e-01  -9.4084406e-02   2.0623932e-01  -1.5122123e-01  -2.6118129e-01  -3.2298571e-01  -2.9757246e-01   1.1337888e-01  -3.7194046e-01   4.3510988e-01  -4.7134904e-01  -4.1997858e-01   6.9227476e-01  -4.4865522e-01  -4.3053964e-01   6.7815648e-03  -1.2397827e-01  -3.0111563e-01  -1.4167909e-01  -1.7620613e-01   7.5216043e-01  -3.1580206e-01  -9.0081637e-02  -9.1097903e-02   6.3513563e-01  -4.7263343e-01   2.8603592e-01  -3.7888282e-01   1.3725176e-01  -5.0339475e-01   2.6598227e-01   4.5509676e-01  -1.6218419e-01  -6.3293233e-02  -1.4571024e-01   4.5219356e-01   1.6512624e-01  -3.2022125e-01  -3.1728173e-01   3.2718838e-01  -6.3728806e-02   2.3377192e-01   1.5716813e-01
  -6.1108365e-02  -2.5562807e-01  -9.6656128e-02   0.0000000e+00   5.2738654e-02   2.6104762e-01   2.1093625e-01  -1.8422306e-01  -7.5272414e-02   6.3385719e-02   2.2677933e-01   1.5450737e-01   1.3800205e-01   3.1101283e-03  -4.9355907e-02   3.6955622e-01  -2.1846981e-01   4.1093415e-01   1.2594055e-01   2.1151097e-01   2.7942160e-01   4.4383603e-01   3.6931598e-01  -4.9264110e-03   5.7139747e-02   7.1420525e-02   2.9800950e-01  -1.7109075e-01  -4.6935070e-02   5.4579239e-01  -1.9154658e-01   3.3848230e-01  -1.6947595e-01  -1.2357614e-01   1.4466418e-01   2.4106634e-01  -1.5025433e-01   2.8664950e-01   2.0840533e-01  -1.6398698e-03  -3.4311778e-02  -8.0713295e-02  -1.2832732e-01  -2.3898482e-01   3.8210797e-01   1.4398532e-01   5.5541258e-01  -1.0430040e-01   2.1905137e-01  -2.1317537e-01   5.1500907e-01  -1.2853749e-01  -4.2567021e-01  -7.1872288e-02  -2.6766017e-02   1.0474189e-01   1.5656598e-01   5.3992168e-01   4.3795685e-01   3.3216753e-01   1.5377074e-01   3.5174589e-01  -2.8158274e-01  -1.9162314e-01   1.4405977e-02   3.2101323e-01   1.5610833e-01   1.0122260e-01   4.2931683e-01   2.3184471e-01  -2.5260592e-01   4.8901669e-01  -1.5111984e-01   6.0877672e-02  -1.3247537e-01  -2.9900593e-01   3.1057282e-01  -3.7913294e-03  -1.1781930e-01  -5.8864360e-02   1.1189304e-01   1.5155801e-01  -3.2636504e-01   1.0575619e-02  -2.6178045e-01  -1.8001010e-01  -2.2319236e-01  -5.8755043e-02  -2.5485924e-01  -1.7634496e-02  -2.6838488e-01  -6.0039625e-02  -5.9445872e-02   2.2110695e-01   3.1302203e-01  -1.0714666e-01   1.3528477e-01   1.2083057e-01   2.3764426e-01   2.7474658e-01  -3.0189349e-01   4.2509218e-02   8.3494454e-02   1.1632510e-02   4.6918176e-01   2.2134748e-01  -1.6690732e-01   1.8432625e-01   7.0396588e-02   9.9402650e-02  -2.1556567e-01   5.5168635e-01   4.6904088e-01  -1.1427631e-01  -2.3682083e-01  -2.2891727e-01  -8.5307233e-02   6.9219550e-03  -3.0829068e-01   7.4757269e-01   1.6599932e-01  -1.6435773e-01  -1.1983570e-02  -8.0004188e-02   7.0153906e-02   1.6811794e-01   4.7492818e-01  -8.5531208e-02   3.1353392e-01  -7.0330841e-02   5.8018827e-02  -3.3730060e-02   6.1483881e-02  -2.6344566e-01   5.1836002e-02  -3.3856514e-01  -8.9245551e-02  -2.1607914e-01  -9.1542005e-02   4.0917285e-02  -1.1336786e-01  -1.2157127e-01   2.5630238e-01  -1.4837408e-02   2.4819764e-01   1.5180935e-02  -2.7643367e-01   9.2514869e-02   4.0429808e-01  -3.3384703e-01  -1.3317603e-01   7.6366645e-03   7.1845861e-02  -1.2624170e-01  -2.1216060e-01   6.4711037e-02   2.5504589e-01   3.9492542e-01   2.8041235e-02   2.7541233e-01   8.5467181e-02   9.3716480e-02  -3.2338574e-01   4.7771583e-01   4.0977439e-01  -1.0129807e-01   5.3262250e-02  -1.4323701e-01   9.2595448e-02  -4.2291774e-01  -2.7653038e-02   2.2542138e-01   2.8359829e-01  -8.5696127e-02   2.9690544e-02  -1.2636799e-01   4.6923847e-01
  -3.9466056e-01   5.0465066e-01   3.0941315e-01   5.2738654e-02   0.0000000e+00   1.2576643e-01   4.7238701e-02  -7.7514490e-02   3.4354278e-01   2.8107314e-01  -1.8474112e-01   1.4157243e-01   4.5991013e-01  -6.2120640e-01  -5.8175472e-01   1.8313863e-01   3.9565774e-01   7.7967954e-02   1.4302492e-01   8.2413039e-01  -6.3318475e-02  -2.0774317e-01  -3.8645711e-01  -3.3290384e-01   1.1241880e-01  -3.6877627e-01   5.9423119e-01  -3.5527384e-01   1.9528789e-01  -7.6359437e-02  -5.6947337e-01  -7.3067561e-02   1.3086478e-02   6.3257298e-02  -4.3433271e-01   7.9822607e-01  -3.4036387e-02  -6.4587525e-02   2.3599399e-01   4.1864911e-01   4.8068553e-01   1.4593415e-01   5.9423130e-01  -3.7302966e-01   2.1665026e-01  -4.8366862e-02   1.2460589e-01   2.6017052e-01  -1.7978950e-02   3.9155326e-01  -4.0097132e-02  -3.1880484e-01   2.0987706e-01   1.1748574e-02  -2.0936991e-01  -5.1475140e-01  -5.2787775e-02  -1.7617599e-02   1.8580024e-02   1.5027997e-01   2.1656492e-01   2.2628839e-01   3.5207385e-01  -4.6902754e-01   3.9691560e-01   4.8290518e-02   5.5783781e-01   2.6486126e-01  -6.7148212e-02   2.8758925e-02   4.5601965e-01   2.4770211e-01   3.6926039e-01  -5.3564978e-01   2.4086174e-03  -2.6822410e-01   1.4506016e-02  -1.8127029e-03   7.4174329e-01   2.7543798e-01  -4.4331812e-01   2.9345339e-01  -2.5285138e-01  -1.7520647e-01  -2.8225677e-01  -3.2997868e-01  -3.1914477e-01  -4.1709780e-01   3.3137659e-01  -2.4731608e-01   4.9118427e-01   2.2222700e-01   5.1850821e-01   4.8154167e-01   1.3076149e-02   5.0387550e-01   2.1247993e-01   1.7371201e-02   7.2137497e-01   8.4099381e-02  -3.5787900e-01  -4.6199986e-01  -4.3757574e-01   2.0809417e-01  -2.3726806e-01   1.3537448e-01  -1.5208702e-01   1.1245651e-01  -1.8734321e-01   2.3870999e-01   7.9646513e-03  -1.9519491e-01   2.0475981e-01  -5.1266900e-01  -2.4278214e-01   6.3153848e-01   5.2692065e-02   5.0866559e-01  -5.9454786e-01   7.9017578e-02  -1.6445885e-01   7.6622621e-01   6.4655533e-01  -2.5242751e-01  -2.3561365e-01  -3.0346873e-01  -5.6541990e-02   1.4784562e-01  -6.4232076e-02   8.5819025e-03   3.1045744e-01   4.0577483e-01  -2.8528850e-02  -9.0764009e-02   5.1124411e-01  -4.2068699e-01   2.2964268e-01  -5.1709869e-01  -2.9638883e-01  -1.9115898e-01  -3.4844402e-01   3.2307612e-01  -3.4751853e-01  -7.0969658e-02  -4.3166435e-01  -5.2757664e-01   5.3140772e-01   2.6043554e-01  -9.6767169e-02   1.2301398e-01  -5.7969210e-01  -4.6976173e-01  -1.8999027e-01   3.4800834e-01   4.6994012e-01  -1.3756337e-01  -1.2631002e-01   4.2490674e-02   2.0720381e-01  -5.1762844e-01   3.3352703e-01  -1.7781327e-01   1.6910185e-01  -2.6325192e-01   1.9407841e-01   6.5514819e-01   4.6579214e-01  -4.1421507e-01  -2.6931410e-01   3.8302918e-01   5.7752293e-01  -1.6501124e-01   2.6948692e-01   6.0105562e-02   4.8694254e-02   1.4642758e-01   1.2583978e-01
  -3.9074507e-01  -3.3140683e-01   2.8512632e-01   2.6104762e-01   1.2576643e-01   0.0000000e+00   3.2011590e-01  -2.9122966e-01  -3.9496418e-01   1.8374375e-01   1.2681040e-01   3.2153803e-01   2.5212655e-01  -7.0809624e-04  -9.8651304e-02   4.5021227e-01   8.2424094e-02   3.0698090e-01   2.2868901e-01   2.9928576e-01   1.3605321e-01   8.3719411e-02   1.8079490e-02  -2.6571099e-01   5.5393419e-02  -1.1343308e-01   2.2429619e-01  -3.2835424e-01  -1.5335767e-01   4.4844455e-01  -1.6342376e-01  -9.5386279e-02   4.5520578e-02   3.8484738e-02   1.5806055e-01   2.2924123e-01  -2.1512383e-01   1.2597021e-01   3.0145713e-01   8.9464754e-02   2.5668018e-02   1.4934124e-01  -4.3456659e-02  -4.7177870e-02   1.5686609e-01   3.8893114e-01   4.0188707e-01   2.2171307e-01  -1.0669428e-01   9.5505858e-02   3.9506105e-01  -3.3650766e-01  -3.2629939e-01  -5.1641417e-02  -1.8858525e-01   1.2335614e-01   4.7742995e-01   9.3506067e-02   1.9138152e-01   1.6238067e-01   3.7421584e-01   2.6109766e-02  -3.8392107e-01  -1.6083398e-01  -3.6996041e-01   3.1636182e-01   6.1450506e-01  -2.1114861e-01   2.7527814e-01   3.6600067e-01  -2.4434163e-01   1.0334189e-01  -3.7733707e-02   1.3153302e-01  -2.7843980e-01  -3.7006848e-01   3.5076243e-01  -1.4709995e-02  -2.3345606e-01  -2.5060950e-01   2.8849930e-01   2.3502292e-01   4.1548402e-02  -4.7310295e-02   3.1260384e-01  -4.2189687e-01  -2.6457310e-01  -2.7765669e-01  -2.4908050e-01  -2.6358469e-01  -3.5462329e-01   2.9384384e-01   1.8164489e-01  -2.6236954e-02   3.2891198e-01   2.4194361e-02  -8.5262773e-02   1.4359610e-01   2.0813951e-01   1.8026680e-01   1.5909595e-02   3.9486235e-02   7.9886392e-02  -4.8952835e-01   1.7755372e-01  -6.7752224e-02   1.0316568e-01   1.2164921e-01  -7.0757867e-02   3.7236926e-01   4.3040121e-04   3.1718377e-01  -9.7435457e-03  -1.9653844e-01  -3.4704565e-04  -3.5055962e-01  -3.6478139e-01   1.4714421e-01  -2.2776181e-01   1.3930589e-01   1.5395061e-01  -1.3624353e-01  -2.1068862e-02  -3.2490229e-01   1.4876118e-01  -1.4176064e-01   9.2409340e-02  -1.2928531e-01  -1.1435316e-01   1.9812173e-01   2.4908747e-01  -8.2158017e-03  -2.9608724e-01  -2.7657240e-01  -3.5144693e-02  -3.0605135e-01  -1.5852175e-01  -1.7834586e-01  -4.5703484e-01  -2.7135478e-01  -3.0119825e-01   9.4093958e-02   2.0128502e-01   4.2925221e-01  -1.2739155e-01  -8.7606321e-02  -2.9259523e-02  -2.3464155e-02   2.6785862e-01  -4.8794397e-01   1.9780223e-01  -5.9210017e-02   2.0541427e-01  -3.8261762e-01  -4.3246181e-02  -1.6377401e-01   3.0997338e-01   1.9647542e-01   3.8122383e-01   5.3524217e-02  -2.0327014e-01   1.3386367e-02  -6.7450332e-02   1.3376425e-01   6.4487902e-02  -6.9552257e-02  -8.2059953e-02  -3.6618168e-03   2.4886409e-01  -6.3985291e-02  -7.6631895e-02   2.7735132e-01   4.3775510e-02   6.2182970e-01  -1.2732795e-01   4.9568373e-02   1.1219123e-01
   2.2353935e-02  -5.0982616e-02  -1.4216268e-01   2.1093625e-01   4.7238701e-02   3.2011590e-01   0.0000000e+00  -2.2525697e-01   3.8769642e-02   1.4586935e-01   2.2618726e-01   7.8043682e-01   2.5555764e-01  -3.2376976e-01  -1.3405642e-01   1.2887569e-01  -3.0594880e-01   2.4260670e-01   1.6703648e-01   3.2345488e-01   1.7823527e-01   2.7708489e-01   7.9107759e-02   1.1692347e-02  -7.2601586e-02  -2.0586381e-01   3.9215717e-01  -2.0393343e-01   1.1098709e-01   6.2323280e-01  -4.1177448e-01  -8.8122547e-02  -2.3464747e-01  -2.1130522e-02  -2.4173321e-02   2.4284277e-01  -1.4616241e-02   3.2535110e-01  -1.5784879e-01   4.2578799e-02   3.6411604e-02  -1.4691554e-01   2.2994550e-02  -2.5917142e-01   3.8783420e-01   3.4475474e-01   3.3457928e-01   4.7977339e-01  -4.3728636e-01  -2.9278433e-01   5.1586272e-01  -2.8968277e-01  -2.9284612e-01  -4.7633827e-01  -5.5595185e-01   6.0702764e-02   3.8978902e-01   2.7063866e-01   2.0680299e-01   7.0013709e-01  -5.0464398e-02  -1.2163731e-01  -3.0454010e-01  -1.5663383e-01  -1.7140629e-02   6.4182751e-01   2.0379408e-01  -1.4473781e-01   1.0044879e-01   3.9697803e-01  -1.7084296e-01   4.8827877e-01  -1.5985547e-01   1.0296365e-01  -4.5844279e-01  -3.4958523e-01   2.4844311e-01  -2.2009644e-01  -1.7690899e-01  -3.3119869e-01   2.8155187e-01   1.7211673e-01  -3.3874255e-01  -1.5018123e-01  -2.9163631e-01  -1.7483040e-01  -2.8935760e-01  -3.3662171e-01  -1.8680963e-01   5.6762234e-02  -2.3995988e-01  -2.2116186e-01   1.9175198e-01   5.1997792e-01   3.3705971e-01  -3.0441661e-01  -2.2684321e-01  -2.4339430e-02   2.5784636e-01   5.6753422e-01  -4.4079832e-01   2.6033146e-01  -1.7067954e-01  -1.8370862e-02   4.7807217e-01  -8.3235592e-02  -4.4992968e-01   1.4322861e-01  -3.2278383e-01   1.5246116e-01  -2.0165287e-01   4.6892414e-01   2.0760035e-01   7.1546000e-03  -4.5411899e-01  -3.2740030e-01  -3.9090512e-01   4.0660955e-02  -3.6763749e-01   1.8190600e-01   1.7918581e-01  -9.7779857e-02   2.1554844e-01  -2.8751399e-01   2.4135258e-01  -5.6745508e-02   2.5239360e-01  -4.2969362e-01   5.0772180e-02   3.6037607e-02   1.0458154e-01   1.0370673e-01  -3.5325279e-01  -4.2520760e-01  -1.0002148e-01  -2.3957089e-01  -3.4021804e-01  -2.4539031e-01  -3.0130596e-01   1.4233043e-01  -1.2061494e-01   1.5585155e-01   3.0185066e-01   1.3714279e-02   2.2880564e-01  -2.5046877e-01  -1.8294107e-01   3.1291764e-01   7.0032154e-01  -1.7490430e-01  -2.3739725e-01  -2.6556588e-01   1.4753786e-01  -2.4538590e-01  -1.4421450e-01   1.5807246e-01   3.0175709e-01   2.5557692e-01  -1.0627723e-01   1.6953988e-01  -1.4514384e-01   1.2171880e-01  -2.5391457e-01   2.6892468e-01  -5.3823933e-02   1.9436660e-01   4.5295186e-01  -2.5965787e-01   1.2274710e-01  -5.1044036e-01   2.4833987e-01   2.1051081e-01   3.3613275e-01   8.3682770e-02  -8.7554586e-02  -3.3158016e-01   5.4769012e-02
   1.4759637e-01   2.2679279e-01  -5.9756460e-02  -1.8422306e-01  -7.7514490e-02  -2.9122966e-01  -2.2525697e-01   0.0000000e+00   4.4720670e-01  -1.9443893e-01  -5.9912868e-02  -1.6144873e-01  -1.4335832e-01   1.4772719e-04   1.0295011e-01  -3.6308194e-01   4.1214983e-02  -2.4123432e-01   1.4872770e-01  -2.0288363e-01  -3.0693256e-01   1.5128071e-01  -1.6812570e-01  -1.3355227e-02   1.0564328e-01   3.6528359e-01  -1.2207532e-01   1.1891497e-01   7.3931902e-02  -8.5557893e-02   2.7829946e-02   2.5560770e-01  -1.4416931e-01  -9.8404844e-02  -1.7489098e-01  -2.2076060e-01  -1.1273794e-01  -3.5908601e-02  -4.0808377e-01  -1.0146400e-02  -7.8802045e-02  -1.2818264e-01  -3.5477045e-02   2.1729425e-01  -1.8525816e-01  -1.3498210e-01  -3.2191944e-01  -7.2895461e-02  -2.5550728e-01   1.0799034e-01  -1.9082138e-01   6.8968439e-01   7.0807275e-02   1.9643787e-02  -4.4574048e-02   1.2677126e-01   7.1695685e-02   1.6652113e-01  -8.1649873e-02  -1.8254756e-01  -2.1915828e-01  -2.2806369e-01   2.5369934e-01   2.3453508e-01   1.2743854e-01  -1.7041644e-01  -1.4279839e-01   3.0606536e-02   7.5105590e-02  -1.7212941e-01   5.6404425e-02  -7.3282300e-02   2.3678670e-02  -1.2427963e-01  -1.1509477e-01   6.2795614e-01  -3.6328413e-01   4.1602748e-01   8.3311135e-02   1.4055947e-01  -6.2005977e-02  -1.4352885e-01  -2.5085462e-02   4.0126208e-01  -1.0253529e-01   6.9986910e-01   1.0334258e-01  -1.0568428e-01   1.3855306e-01   6.8105482e-02   1.1485482e-01  -1.6781862e-01  -1.4202960e-01   3.7994879e-02  -2.2677839e-01   1.2732996e-02   3.0291340e-02   4.5400437e-01  -1.4136762e-01  -2.9193935e-01  -4.6533484e-02   1.3708258e-01  -4.6753208e-02   3.6536262e-01   4.5690179e-02   3.3159157e-01  -7.3418294e-02   5.2088078e-01  -2.9012534e-03  -2.9337524e-01  -2.6373779e-02   1.2770036e-02   8.2780246e-02   3.8789297e-02  -4.8075215e-02   5.5117075e-02   4.3304306e-01   2.7560184e-02   1.5836255e-01  -2.4721068e-01  -2.1840975e-01  -1.2870280e-02  -8.9530740e-02  -7.8057579e-03   1.1529892e-02   5.5034376e-02  -3.5285639e-01   2.4948488e-01   4.1937853e-01  -1.3774190e-01  -2.1376694e-01  -1.1018734e-01   2.5895596e-01   1.3280975e-02   1.0750937e-01   6.2356562e-01   2.4313221e-01   3.0369543e-02   5.5493888e-01  -4.3145201e-02  -2.2892200e-03  -2.9528924e-01   1.6744835e-01  -1.0927463e-01  -8.0069135e-02   3.4044354e-03  -9.9845781e-03  -6.4034634e-02  -1.5824973e-01   1.3786528e-01  -3.1000983e-02   5.6697093e-02  -3.2447345e-01   2.1737782e-01   6.1710479e-02  -6.3201272e-02  -2.2190965e-01  -1.8096300e-01  -2.8067882e-01   2.0222583e-02  -4.5652122e-04   9.9166750e-02  -1.8849389e-03   6.8687321e-02   2.2338045e-01  -8.1259662e-02  -8.2093031e-03   1.4113950e-01  -2.7126220e-01   7.3487835e-02  -9.9763014e-02  -1.8265083e-01  -1.2468183e-02  -1.9918860e-01  -3.3797686e-02   1.2701607e-01   1.8711543e-01
   1.7507000e-01   7.3265772e-01   2.5318830e-02  -7.5272414e-02   3.4354278e-01  -3.9496418e-01   3.8769642e-02   4.4720670e-01   0.0000000e+00  -1.7607065e-01  -2.3088790e-01   1.6282463e-01  -1.6993897e-02  -4.6698745e-01  -2.2578652e-01  -3.5278398e-01   1.7497949e-01  -2.7165933e-01   5.8549472e-02   2.0242034e-01  -4.3795371e-01   1.3723267e-02  -4.5614132e-01   2.2274799e-01   1.2570000e-01  -1.8488317e-01   2.3669511e-01   3.2962634e-02   1.6780434e-01  -4.1614055e-02  -3.7580695e-01   2.3197767e-01  -1.9710213e-01  -1.1973730e-01  -4.2875095e-01   1.4264220e-01   2.0662748e-02  -1.0251974e-02  -3.7494438e-01   1.8868705e-01   6.5542045e-02  -9.0423256e-02   3.7504210e-01  -2.5851515e-01  -4.3761759e-02  -1.2060590e-01  -3.1106426e-01   2.3878630e-01  -3.3602107e-01   1.5599074e-01  -2.7045680e-01   2.0938076e-01   2.5564363e-01  -5.5248961e-02  -3.7057649e-01  -3.5011539e-01  -4.7852393e-02   1.3501831e-01  -1.3198161e-01   2.0541620e-01  -2.4666037e-01  -2.2663435e-01   6.7745548e-01  -5.1471703e-02   5.9536714e-01  -2.3510560e-01  -1.2650953e-02   1.6069368e-01  -2.4200880e-01  -9.5874298e-02   3.2648150e-01   1.8865322e-01   1.5702537e-01  -2.6674960e-01  -1.9637006e-02   3.0713708e-01  -3.4185102e-01   3.7099830e-04   6.3216484e-01   2.1902529e-01  -3.9354871e-01  -7.3587625e-02  -2.3827495e-01  -7.2203333e-02  -3.1390648e-01   3.3451303e-01  -6.8460826e-02  -1.3087525e-01   5.4999849e-01   2.4230361e-01   5.0062545e-01  -3.4264429e-02   4.1545091e-02   6.5364904e-01  -2.2305871e-01   4.4638661e-02   7.6605491e-02   1.3773556e-01   1.5894273e-01  -6.1969490e-02  -3.7853680e-01  -8.6459733e-02  -4.7320851e-01   8.0295220e-01  -2.9795915e-02   3.2107760e-01  -2.6587095e-01   3.1521632e-01  -4.2869166e-01  -2.9691916e-01  -5.7110466e-02  -1.1557081e-01   3.7832477e-01  -6.1650847e-02  -2.8702106e-01   4.4720867e-01   1.8208897e-01   7.6039981e-02  -1.4293748e-01  -7.8634433e-02  -1.3429406e-01   3.6216113e-01   4.8893767e-01  -9.0453929e-02  -1.0675624e-02   1.2962078e-02  -2.8868518e-01   1.4692091e-01   3.7234304e-01  -1.3381717e-01  -1.2222169e-01   1.7983965e-01   2.8906461e-01  -8.4901759e-02   4.7718552e-01   2.4679807e-01   1.6768330e-01  -2.7511931e-01   2.4084511e-01   1.6026435e-01   6.4557371e-02   5.8432943e-02  -1.8199711e-01  -2.2579030e-01  -1.9333000e-01  -3.3423565e-01   3.2659760e-01   1.5309291e-01  -1.5751564e-01   4.2122643e-01  -4.5585182e-01  -3.7744084e-01  -2.2736156e-01   4.9046665e-01   3.1841414e-01   2.3578101e-01  -1.3194169e-01  -1.6666641e-01  -1.4078215e-01  -3.2197793e-01   1.9930891e-01   4.5385021e-02   7.7073740e-02  -8.0490570e-02   2.1101473e-01   4.0191045e-01   3.8223229e-01  -2.9940907e-01  -1.9630157e-01   9.0639937e-02   1.6752732e-01  -3.2741605e-01   2.1699725e-01  -2.6145265e-01   1.0356419e-01  -5.1081796e-02   1.2483696e-01
  -4.0078950e-01  -1.1430684e-01   1.2108097e-01   6.3385719e-02   2.8107314e-01   1.8374375e-01   1.4586935e-01  -1.9443893e-01  -1.7607065e-01   0.0000000e+00   4.2987371e-02  -9.2048624e-02   3.5146712e-01  -2.8218405e-01  -3.2452046e-01   2.9955084e-01   1.2785113e-01   1.5952282e-01   1.5128303e-02   4.6042991e-01   1.6680557e-01  -1.1926318e-01   1.3486879e-01  -3.8834941e-01  -2.7019895e-01  -1.8142562e-01   2.9504039e-01  -6.9753923e-02   9.4189935e-02  -1.8335601e-01  -1.3835943e-01  -9.6844707e-02  -2.6323155e-02   6.5895917e-01  -7.0205197e-02   5.7132217e-01   2.5576363e-02  -1.0849899e-01   3.0796031e-01   3.1087877e-01   3.1271051e-01   9.5303638e-02   3.4157940e-01  -2.0821770e-01   2.8588082e-01  -8.0614929e-02   1.7812131e-01  -1.0443315e-01   7.5643795e-02   2.2510045e-01   2.4715750e-01  -2.7933574e-01   9.8301297e-02   1.1386199e-02  -6.9335172e-02  -8.5922784e-03  -2.5706246e-01   2.0126280e-03   1.4750196e-01  -1.6611300e-01   1.6196165e-01   3.2929469e-01  -9.8636104e-02  -2.7922092e-01  -1.5277852e-01   5.3882144e-01   2.5672755e-01   2.1454443e-01  -1.4329783e-01   9.2954669e-02   2.2453744e-01  -3.9307350e-02   3.7021712e-01  -4.2974995e-01  -1.4271149e-01  -2.8970690e-01   4.1934703e-03  -7.9733843e-02   1.4283358e-02   7.1552339e-02   9.7457339e-02   4.4802742e-01  -4.3686366e-02  -1.3035026e-01  -1.0389443e-01  -3.1182879e-01   1.3455383e-02  -4.0479456e-01  -1.1559352e-01  -4.3192036e-01   4.9133533e-02   9.5088350e-02   7.4238032e-01   8.7721922e-02   9.3526310e-02   3.3228101e-01   5.0358391e-02  -2.6618844e-01   3.9829181e-01   3.4072552e-01   6.6329806e-02  -2.0262237e-01  -2.1868595e-01  -2.8493420e-01  -6.7955767e-02  -6.6715313e-02   7.1514746e-02  -2.3101096e-01   2.9025267e-01   2.5603787e-01   4.3055441e-01  -6.4749084e-02  -1.8756800e-01  -3.5929963e-01   1.8044542e-01   2.0217006e-02   9.0561695e-02   4.6513145e-01  -2.8700597e-01  -1.8395828e-02  -1.1913431e-01   3.0644959e-01   1.0921607e-01  -1.6929172e-01  -2.5878858e-01  -4.5491163e-01   7.9126757e-02  -3.0052040e-02  -1.4033053e-01   1.7373215e-01   3.5408066e-01   3.5149431e-01  -4.4550889e-01   1.9729997e-01   3.5842838e-02  -3.4111737e-01   8.3512204e-03  -1.1849436e-01  -3.9155540e-01  -3.6445045e-01  -3.4781999e-01   1.8163599e-01  -1.3274611e-01   4.2375504e-01  -1.7297827e-01  -2.3804176e-01   2.8778749e-01   1.0531321e-01   2.3420342e-01   1.2039225e-02  -1.7347211e-01  -2.4269734e-01  -1.5935881e-01  -7.2401708e-02   1.8798814e-01  -3.9702982e-01  -4.6692967e-02   2.7510227e-01   2.1287846e-01  -2.5902730e-01   6.2111425e-02  -1.5387083e-01   3.6314583e-01  -2.3255683e-01   9.9315125e-03   3.2016940e-01   1.9957078e-01  -2.7807596e-01  -1.2681413e-01   1.7834110e-01   5.3429705e-01   5.1881044e-02   6.6972556e-02  -5.7642428e-03   2.7186302e-03  -8.1788788e-02   5.8144843e-02
   1.7521653e-01  -3.2325791e-01  -4.7955285e-01   2.2677933e-01  -1.8474112e-01   1.2681040e-01   2.2618726e-01  -5.9912868e-02  -2.3088790e-01   4.2987371e-02   0.0000000e+00   2.7315147e-02  -1.9411399e-02   1.9800744e-01   3.9824368e-01   1.7795100e-01  -4.5843480e-01   7.3710125e-01  -3.2147141e-02  -1.9039594e-01   4.8511540e-01   2.0900382e-01   3.6296895e-01   1.5215012e-01  -8.8100527e-02   2.0794266e-01  -1.9550948e-01  -9.5904150e-02  -7.6756987e-02   3.2943859e-01   3.2999433e-01  -1.6587871e-01  -3.2294338e-01  -2.0743852e-01  -1.6606566e-03   1.3355382e-01   2.5514167e-01   1.2977959e-01   2.2522761e-01  -5.0640111e-01  -4.7039322e-02  -4.1154704e-01  -5.9738829e-01   3.2079666e-01   4.2666117e-01  -1.8221071e-02   6.3745031e-01  -9.9417695e-03   7.0418376e-02  -4.3712585e-01   6.2151759e-01  -3.8512614e-02  -3.3560755e-01  -3.1343394e-01   5.0622668e-02   5.7784067e-01   2.3937638e-01  -1.4203355e-01   3.8998233e-01   1.0497752e-02  -4.3490454e-02   1.3977208e-01  -3.9093294e-01   5.7371133e-01   9.5197561e-02   5.1647800e-01  -1.8088083e-01  -2.6002136e-01   3.1144457e-01  -1.8276112e-01  -5.4204613e-01   1.5861771e-01  -1.4686896e-01   2.4723914e-01  -3.7600669e-01  -1.1434248e-01   2.1021658e-01   5.9736057e-02  -4.4407907e-01  -8.4519555e-02   2.7512024e-01  -4.7437533e-02   1.6581882e-01   1.0264123e-01  -7.9281320e-02   3.6453106e-02  -1.9039777e-01   1.1915120e-01  -5.6829692e-01   3.6810558e-02  -3.9099209e-01  -3.5746404e-01  -1.9867289e-01  -1.3143674e-01   2.1649610e-01  -4.5911757e-01  -1.5517554e-01   1.3629435e-01  -5.9025496e-02  -7.2086795e-02  -1.0147961e-01   6.2813922e-01   3.5849336e-01  -2.4153580e-02   4.3668590e-01  -2.7323714e-01  -3.0705063e-01   5.5936391e-02   6.5644950e-02   4.3442964e-01  -1.1734103e-01   1.9570051e-01  -6.3215756e-02   2.0462158e-01  -3.5952565e-01  -4.6354701e-01  -1.2053489e-01  -1.3775770e-01   2.3752334e-01   2.5377529e-02   3.4505323e-02  -5.2525105e-01  -4.4274897e-01   1.8479753e-01   7.1037458e-02   7.7457363e-02   3.6351372e-01  -2.7920804e-01  -1.3548155e-01  -2.8493655e-01   1.8362281e-02  -2.7783191e-02  -1.9233176e-01   1.5951033e-02  -5.9194022e-01  -8.9631906e-03  -1.4517421e-01   2.5548161e-01   9.1428339e-02   1.2300675e-01   1.4253128e-01  -1.6601738e-01   5.7266164e-01  -6.1106330e-02   3.9973670e-01   5.1862759e-01  -6.2926734e-01   5.8932185e-01   6.4615247e-01  -2.5722313e-01   2.0399985e-01   3.1803128e-01   7.3389038e-02   1.5243547e-01  -5.8847663e-01   1.3779796e-01   1.8717541e-01   2.7215229e-01  -1.5271241e-01   4.7607334e-01  -4.1659815e-01   7.5622302e-01   6.7139783e-02   6.1235047e-01  -2.7434160e-01  -5.1756910e-01   1.3408178e-01   2.6435789e-01   1.3646579e-01  -3.0486109e-01  -2.3851081e-01   2.8263233e-01   4.8040260e-01   7.2037202e-02  -2.1576198e-01  -9.2429691e-02  -1.2059514e-01
   9.2553517e-03   1.5647704e-01   5.3584226e-02   1.5450737e-01   1.4157243e-01   3.2153803e-01   7.8043682e-01  -1.6144873e-01   1.6282463e-01  -9.2048624e-02   2.7315147e-02   0.0000000e+00   1.9968665e-01  -3.1906217e-01  -1.1422149e-01   1.2137893e-01  -1.1345040e-01   1.9610658e-02   2.0045082e-01   2.7767514e-01   5.2748223e-02   1.4347875e-01  -1.5915290e-01  -1.2349296e-02   7.9724184e-02  -3.3403637e-01   3.8285376e-01  -2.6923596e-01   9.1783872e-02   6.1308650e-01  -4.1694423e-01  -6.1169551e-02  -1.3312331e-01  -1.7253153e-01  -4.6710112e-02   1.3146043e-01  -6.2386873e-02   2.4993007e-01  -9.2888149e-02   7.1477637e-02   1.7044513e-02  -4.2785003e-02   7.3734512e-02  -2.4064446e-01   1.5105247e-01   3.0476325e-01   1.7946257e-01   4.7769861e-01  -4.3806497e-01  -9.9367235e-02   1.9640813e-01  -2.6511575e-01  -1.8911513e-01  -2.9076494e-01  -4.9824847e-01  -1.3640811e-01   3.6774175e-01   1.6691453e-01   1.0421477e-01   8.1897547e-01  -1.7945922e-02  -2.2893954e-01  -1.1472650e-01  -1.0510702e-01   1.4219917e-01   3.0986902e-01   2.8184596e-01  -1.1260052e-01   5.9694660e-02   3.3646020e-01  -1.0895229e-01   3.9140808e-01  -8.8618754e-02   1.3948264e-01  -3.6376658e-01  -3.1549737e-01   1.5421937e-01  -2.3131352e-01   8.3424841e-02  -1.8326757e-01   1.9985128e-02   7.2070020e-02  -2.6439412e-01  -1.1680597e-01  -1.2439409e-01  -1.8866521e-01  -3.0735174e-01  -2.8891305e-01   3.0402411e-02   5.3875042e-02  -5.6473953e-02  -6.2017513e-02   6.6958753e-02   6.0179690e-01   2.1307169e-01  -2.0021048e-01  -1.2645873e-01   2.9042158e-02   2.2585828e-01   3.5292223e-01  -4.3843485e-01   1.1187448e-01  -2.4851064e-01   1.9460280e-01   2.0992846e-01  -3.2501471e-02  -2.9472415e-01   1.7682702e-01  -4.4941658e-01   5.3563083e-02  -2.3957918e-01   2.8907048e-01   2.6535673e-01  -2.6727163e-02  -4.3255894e-01  -9.8017400e-02  -3.1745104e-01  -8.1026937e-03  -3.7027091e-01   1.3352232e-01   1.4198685e-01   8.7992751e-02   3.7021656e-01  -2.0702886e-01   2.2687751e-01   5.8697060e-03   1.3888745e-01  -2.2194366e-01   6.3979095e-02  -1.1287997e-03   8.8305817e-02  -3.7604246e-02   5.9995452e-03  -3.9522526e-01   1.5940391e-01  -1.9974409e-01  -1.9551859e-01  -3.1123039e-01  -2.7935905e-01   1.0492902e-01  -1.1358596e-01   1.3253616e-01   7.9432702e-02  -9.3261293e-02   1.9257255e-01  -3.0981334e-01  -7.2186698e-03   2.0327138e-01   3.8455454e-01  -8.7836166e-02  -2.1343972e-01  -3.1988306e-01   1.4712110e-01  -7.7271324e-02   9.3317601e-04   1.3408905e-01   2.5822475e-01   1.2745152e-01  -2.6658628e-02  -2.4864262e-02  -8.9364006e-03   5.1584980e-02  -2.2114272e-01   1.6128786e-01   5.6332409e-02   2.0741941e-01   3.8566937e-01  -2.2913627e-01   1.0895343e-01  -3.5405697e-01   9.7675346e-02   1.1870098e-01   2.4394690e-01   1.5148033e-01   3.6759388e-02  -1.5866493e-01   1.2082397e-01
  -2.1448534e-01  -9.6715768e-02   6.7804254e-02   1.3800205e-01   4.5991013e-01   2.5212655e-01   2.5555764e-01  -1.4335832e-01  -1.6993897e-02   3.5146712e-01  -1.9411399e-02   1.9968665e-01   0.0000000e+00  -4.1251496e-01  -3.7283488e-01   1.2149542e-01  -1.9017794e-02   2.0281662e-01   1.0320470e-01   5.9195874e-01  -4.9118823e-02  -1.4649028e-02  -1.3854882e-01  -2.4669312e-01  -4.8388675e-02  -3.3444387e-01   3.2351525e-01  -3.0842887e-01   2.9418127e-01   4.6190041e-02  -4.6598388e-01  -7.0045452e-02  -1.8164797e-01   1.5451651e-01  -2.5743012e-01   5.3664605e-01   8.6294375e-02   2.7992351e-02   1.6464338e-02   1.9231487e-01   6.5583015e-01   1.1499466e-01   3.2166779e-01  -3.1601960e-01   4.0552374e-01  -5.8590530e-03   2.2312797e-01  -1.3021736e-02   2.6425378e-02   1.3699882e-01   3.1618036e-01  -3.0253003e-01  -1.7309985e-01  -7.7570680e-02  -3.5945671e-01  -2.3473516e-01  -5.3956047e-02   1.8835151e-01   1.2881321e-01   1.7816852e-01   7.9694826e-02   3.0497050e-01  -7.0004552e-02  -3.9290276e-01   2.2126383e-02   3.0292517e-01   3.7011590e-01   2.1881361e-01   3.1796295e-02   8.4073910e-02   3.7082032e-02   3.3553631e-01   2.8764895e-01  -2.2873360e-01  -1.8858593e-01  -3.4530245e-01  -2.9201949e-02  -1.8754990e-01   1.9340016e-01   1.4693882e-01  -1.8742151e-01   4.5159242e-01  -2.6016354e-01  -1.3835834e-01  -2.8204360e-01  -2.8290194e-01  -2.9306723e-01  -3.9251105e-01   6.6754040e-02  -1.4558234e-01   2.7300793e-02   1.4494832e-01   4.3783423e-01   3.4085494e-01   1.0057746e-01   3.8076970e-01   4.0158355e-01  -1.5317461e-01   5.8471630e-01   2.9813934e-01  -3.5121860e-01  -1.0066869e-01  -3.5805781e-01  -4.7967983e-02   8.8764776e-02   6.5039236e-02  -1.9964837e-01  -5.7485430e-02  -1.6991044e-01   2.6423548e-01   1.8574200e-02   1.4706349e-01   2.2000713e-01  -2.5854979e-01  -2.4746066e-01   1.3667041e-01  -1.3616620e-01   6.6211213e-01  -4.8869590e-01   1.1656112e-01  -1.2781284e-01   3.5878329e-01   3.9483154e-01  -4.1872953e-01  -6.4160762e-02  -1.7016278e-01   1.2861908e-01   2.4727578e-02   4.0464153e-02  -1.4386369e-01   4.0351865e-01   1.3165421e-01  -1.6089462e-01  -2.4889650e-01   2.9681419e-01  -3.4897281e-01   1.2452820e-01  -4.9977018e-01  -3.1288589e-01  -1.3664050e-01  -3.1741734e-01   5.6110326e-01   2.9295728e-02  -6.4004978e-02  -1.8927597e-01  -3.9217879e-01   1.8789431e-01   1.0992553e-01   2.3077040e-01  -1.9976726e-01  -3.4084574e-01  -4.4481110e-01  -8.5262982e-02  -1.2504825e-01   8.7681975e-02  -7.3300013e-02  -6.2958042e-02   3.0034103e-01   1.0913790e-01  -2.3335842e-01   3.2623542e-01  -8.7685608e-02  -2.9017247e-02  -1.0519061e-01   1.0546605e-01   2.6655241e-01   1.7521819e-01  -2.6851531e-01  -2.4735946e-01   6.0088607e-02   3.7578382e-01  -7.7504275e-02   2.5769286e-01  -1.2746887e-02   8.9323454e-02   1.2182808e-01   1.5423379e-01
   2.0386038e-01  -4.8098845e-01  -3.5089795e-01   3.1101283e-03  -6.2120640e-01  -7.0809624e-04  -3.2376976e-01   1.4772719e-04  -4.6698745e-01  -2.8218405e-01   1.9800744e-01  -3.1906217e-01  -4.1251496e-01   0.0000000e+00   6.4327152e-01  -1.7564741e-01  -3.6510330e-01   1.2061203e-01  -1.0181597e-01  -7.3776078e-01   3.1410663e-01   3.3195405e-02   4.8475831e-01   1.9686777e-01  -1.1969499e-02   4.5146705e-01  -7.3942496e-01   1.8902292e-01  -3.8379595e-01   2.1295036e-02   7.6905235e-01   2.4532526e-02   2.3424790e-01  -1.2469240e-01   6.5090173e-01  -5.4957347e-01   9.0209211e-02  -1.2151119e-01  -2.3446356e-03  -6.5382386e-01  -3.0332529e-01  -1.6117322e-01  -6.6652873e-01   4.6745203e-01  -2.6429768e-01  -2.0210867e-01  -3.1186860e-02  -1.3588139e-01   3.4357604e-01  -4.2899688e-01  -1.1000588e-01   3.7154416e-01  -1.5551073e-01   1.2054749e-01   6.5497703e-01   5.1023341e-01  -4.1188845e-02  -2.6013376e-01   5.6796347e-02  -3.2229917e-01  -2.3476224e-01   4.4028569e-02  -3.8533888e-01   5.4611835e-01  -3.0138082e-01  -2.6200518e-01  -3.8502657e-01  -2.4702091e-01   1.1406023e-01  -3.6211556e-01  -4.7013433e-01  -3.9427530e-01  -2.2216469e-01   4.8504882e-01   2.7917095e-01   2.0295972e-01  -6.0262960e-02   1.5625799e-01  -6.2426701e-01  -1.0672131e-01   4.7816467e-01  -2.2753246e-01   5.2512557e-01   1.9539758e-01   4.7615703e-01   1.1338523e-01   3.3294287e-01   5.9667593e-01  -4.1199126e-01   5.4736261e-02  -3.7291586e-01  -2.9186063e-01  -4.7537236e-01  -6.3257337e-01  -1.2722859e-01  -4.2061072e-01  -1.1206657e-01   7.5402925e-02  -5.1134757e-01  -2.8432208e-01   5.1823311e-01   2.2653144e-01   7.4635983e-01  -2.8544256e-01   9.0117377e-03  -1.7118387e-01   3.5238149e-01  -2.2074449e-01   3.0101066e-01   1.1165897e-01   6.3538756e-02  -5.0090859e-02  -2.6029325e-01   3.4677638e-01   3.1313938e-01  -4.6401893e-01   1.8844219e-02  -4.1698356e-01   6.0336617e-01  -4.9026975e-02   5.7622250e-02  -6.3943558e-01  -6.9456698e-01   4.9631575e-01   2.9629641e-02   3.3031130e-01   1.8141618e-01   2.3210527e-03  -2.0247238e-01  -2.0175313e-01  -2.6216934e-01  -2.6783395e-01   1.8502777e-01   2.5950603e-01  -5.9178571e-01   2.5203661e-01  -1.1269377e-01   6.0179283e-01   3.0420639e-01  -4.6409320e-02   3.1470138e-01  -4.2602982e-01   1.4279806e-01   6.7600968e-02   4.1505935e-01   7.5958990e-01  -4.8950518e-01  -1.3867524e-01  -8.9297261e-02  -2.1765410e-01   7.6087501e-01   7.9186455e-01   6.2306432e-02  -1.8681416e-01  -5.8199964e-01  -1.4503676e-02  -7.1719510e-02  -1.2719629e-01  -3.0713843e-01   5.7033103e-01  -2.7331969e-01   1.0242669e-01  -6.2521373e-02   3.2359375e-01  -2.7852743e-01  -7.4387250e-01  -5.2735820e-01   5.4183630e-01   1.8259569e-01  -1.2861103e-01  -6.2726450e-01   1.1330768e-01  -2.2681135e-01   1.4963580e-01   3.8545171e-02  -4.9402023e-02  -2.5302743e-01
