   0.0000000e+00  -3.5970484e-01  -1.8030291e-01  -3.0655500e-02  -1.2900587e-01   3.8482605e-01  -1.7452584e-01   2.6061922e-01   2.0536665e-01   1.1399620e-01  -3.4870464e-01  -2.9271424e-01  -1.8170910e-02   5.8322696e-01  -4.5115344e-01  -3.3979903e-01  -1.8132501e-01  -5.2382392e-02   2.6031030e-01   3.6698191e-02   1.4954132e-01   3.0199784e-01   1.4144762e-01   6.0375485e-01   9.6370508e-02   1.7038893e-01   2.5992877e-01   4.7213156e-01  -9.1748283e-02   3.4247526e-01  -3.5413053e-01   2.0136659e-01  -3.9563964e-01  -3.9404590e-01   4.3168418e-01  -1.1693646e-01   1.0141326e-01   3.6701682e-01  -3.7371437e-01  -9.6017069e-02  -8.4455269e-02  -1.9957057e-01   1.6123700e-01  -3.0958404e-01   6.3648868e-02   4.5618616e-01  -4.2363708e-03  -8.5486039e-02   2.4521498e-01  -1.8879739e-01   7.0423045e-02   3.6576045e-01  -3.5962226e-01  -1.4653572e-01  -3.8812998e-02  -6.5946079e-02   1.2493981e-01   3.2687742e-01  -1.0103802e-01   1.9173398e-01  -2.6050063e-02  -6.1008743e-02  -1.4241957e-01  -3.6745158e-01   1.0517967e-01   3.3708896e-01   2.1023069e-01  -1.2029652e-01   1.6066865e-01   1.4247263e-01  -3.5004564e-01   3.6615495e-01  -1.9935057e-01   3.3098105e-02   8.6959632e-02  -6.9151407e-02   4.4599209e-01   1.7828124e-01  -3.3827370e-01  -2.2255425e-01   3.3729878e-01  -1.3752962e-01  -3.4473300e-01   2.8514449e-01  -1.6886091e-01   9.5324785e-02   3.9197042e-01   5.0234576e-01  -1.9223004e-01   5.2836977e-01  -1.5479697e-01  -7.1696980e-02  -3.4304789e-01   2.4490662e-01   2.7979224e-01   1.4947947e-01  -1.1754691e-01   2.6184643e-01  -2.3455312e-01  -1.6534302e-01  -1.4133173e-01  -1.5308195e-01   1.4001761e-01   3.1612307e-01   3.8664279e-01  -1.0725423e-01  -2.5743217e-01   3.9050311e-01   3.5313792e-01  -2.4935713e-01  -4.4581778e-01   3.6266434e-01   2.9037801e-02   6.8249151e-01   3.8236260e-01  -1.8612104e-01   2.2656664e-01  -9.8678880e-02   4.0496980e-02   1.3494732e-01   5.8259887e-01  -2.2542313e-01   1.3725578e-01  -7.4103380e-02   5.3839527e-01   3.2990202e-01  -3.5112253e-02  -2.5703525e-01   3.0591376e-01  -1.5153924e-01  -1.6157146e-01  -4.9969953e-01  -2.0371282e-01  -3.8603154e-01   2.4327611e-01   1.0730514e-01  -1.6562514e-02   9.3505786e-02   4.0992721e-01   2.8264043e-01   6.9187601e-01   3.6545620e-02   2.4294026e-01   1.2544326e-01  -4.6246260e-01   2.3882567e-01  -2.6365830e-01   1.2224356e-02  -1.2647683e-01  -2.8048520e-01   3.2534947e-01   1.4855552e-01   2.9193504e-01  -2.1142220e-01  -2.6599754e-01   4.3451437e-01   3.4501626e-01  -2.5549752e-01  -1.8363402e-01   2.7660701e-01   1.3849323e-01   2.2156588e-01  -2.2255058e-01   3.2809479e-01   2.3013390e-01  -2.7959984e-01  -1.3144804e-01   2.0753639e-02   4.8498567e-01  -3.8632032e-01  -1.7370648e-01   2.8605278e-01   1.2644588e-01   1.8725567e-01   1.1536437e-01  -2.0324788e-01   1.7703304e-01
  -3.5970484e-01   0.0000000e+00   3.8827156e-01  -2.9005706e-01  -4.9490773e-03  -6.4343122e-01  -2.7500631e-01  -3.3949835e-01   3.1333868e-01  -1.5322276e-01  -1.8081732e-01   3.9881135e-01  -2.6424795e-01  -4.3206499e-01   1.0709532e-01  -5.7816907e-02   3.8267232e-01  -2.8493256e-01   3.2929875e-02  -3.2705925e-01  -5.2845092e-01  -4.7425508e-01  -6.7778747e-01  -2.0830429e-01  -3.4294272e-01  -1.3015240e-01  -5.5621288e-01  -3.1770907e-01   2.4453411e-01  -2.7360483e-01   2.1749048e-01  -1.6022665e-01   9.9016310e-02   3.8312814e-01  -1.4692418e-01  -2.2582000e-01  -8.4165185e-02  -1.4661521e-01   2.7828195e-01   4.4327713e-02  -6.9235214e-02  -9.3211331e-02   2.5795581e-01  -2.0640802e-02   1.5655959e-01  -1.4663223e-01  -6.2492744e-01  -7.8548163e-02   4.7225956e-02   4.6759273e-01  -4.4209447e-01   3.5184516e-02   8.5653332e-01   9.6173394e-02  -1.8325024e-01  -3.7980188e-01  -2.6505676e-01  -3.9037877e-01  -2.5580379e-01   6.3984952e-02   1.6917814e-01   1.1191188e-01   6.5128814e-01   7.4488973e-01   3.3282211e-01  -5.3900926e-01  -6.1098533e-01  -5.7022155e-02  -5.3601830e-01  -3.0909791e-01   5.3246709e-01  -5.5922033e-01   3.2871305e-01  -7.8078869e-02   2.7139584e-01  -2.4268871e-01  -1.4207180e-01  -3.8951941e-01   7.4167198e-01   8.5983132e-02  -6.0620612e-02   1.7308852e-01   3.3333579e-01  -1.5230066e-01   2.1783153e-01  -1.7771057e-01  -1.2055867e-01  -1.3922476e-01   5.6880172e-01  -2.4640176e-01   7.1716811e-01   1.0700167e-01   2.4727592e-01  -3.7844477e-01  -1.7068703e-01   1.7064093e-01  -2.1315517e-01  -1.9185018e-01   1.2365952e-01  -2.3837079e-01  -1.5053170e-01   7.2216254e-03  -4.2797773e-01  -9.5632545e-03  -4.6851934e-01   2.0373963e-01  -1.1991280e-02  -5.1200851e-01  -4.6219291e-01   2.9143723e-01   1.7454191e-02  -4.7730813e-01  -1.9356576e-01  -2.5241572e-01  -5.3765224e-01   6.9342775e-01  -3.4909350e-01   1.2156099e-01  -3.4753379e-01  -3.8033178e-01  -2.8071899e-01   5.3082250e-01   1.8573062e-01   6.9595780e-01  -2.5371359e-01   5.4043442e-02  -5.0636540e-01   2.1106132e-01  -4.4374741e-01   2.0275301e-01   5.2612073e-02   1.6182165e-01   6.9057212e-01   4.7539715e-01  -1.2661913e-01  -3.0295474e-01   1.6630491e-01  -2.5547665e-01  -4.2525988e-01  -2.0390988e-01  -3.5968676e-01  -1.3572876e-01  -4.5717849e-01  -1.7391627e-01   8.4410252e-02  -4.2324736e-01  -1.3517784e-01   8.6009110e-02   1.1938034e-01   1.8406127e-01  -4.1550361e-01  -4.1981293e-01   8.5991899e-02   4.2100442e-01   5.5027579e-01  -1.7011306e-01  -2.7460909e-01  -4.7628665e-02   2.8134975e-01  -3.8615246e-01  -1.6200682e-01  -5.0378850e-01   6.4298587e-01  -4.2237278e-01   9.0053721e-03   4.5182291e-01   1.0383598e-01  -2.5539454e-02  -2.4355020e-01   4.9499196e-01   2.9916118e-01  -1.7810624e-01  -1.9701260e-01  -4.0112135e-01  -4.4093956e-02   6.8260956e-02  -1.5250159e-01
  -1.8030291e-01   3.8827156e-01   0.0000000e+00  -3.7047203e-01  -1.8877346e-04  -9.8155512e-02  -1.2245752e-01  -2.1867088e-01   5.4810931e-02  -8.3530344e-02  -2.0553874e-01   3.2984777e-01   1.1059329e-01  -1.6986042e-01   1.5257732e-01   1.8436473e-01   8.5273139e-01  -4.0029098e-01   2.0489676e-01   3.2529483e-02  -5.3247689e-01  -3.8156161e-01  -4.8310499e-01  -2.4331600e-01  -2.6681324e-01  -1.5248739e-01  -1.2285856e-02  -9.5179572e-02  -3.1432449e-02  -3.0776322e-01  -1.8013304e-01  -1.9729219e-01   1.1370412e-01   1.6749284e-01  -2.2558538e-02   1.0778404e-01  -7.3343899e-02   6.8609550e-03   2.0139118e-01   4.6604177e-01   5.3211445e-02   4.3349858e-01   2.8004838e-01  -5.5102815e-02  -1.2759123e-01   1.5485140e-01  -3.8134577e-01  -4.6933404e-01  -1.6079871e-01   6.6589758e-01  -3.0109608e-01   1.0406052e-02   1.9101827e-01   3.6499026e-01  -1.1773759e-01  -1.5355759e-01  -2.4206197e-01  -3.8896958e-01  -2.2980670e-01   2.7910105e-01   4.3775306e-01   1.0836627e-01   5.0715981e-01   1.2920910e-01  -2.4274056e-01  -2.7303859e-01  -1.9046131e-01  -3.5037307e-03  -3.6493270e-01   4.4921163e-01   1.1009171e-02  -5.2211625e-01   1.8866202e-01   5.1059114e-01   1.8969188e-01  -3.3252018e-01   1.2044965e-02  -2.6593517e-01   2.2786535e-01  -9.3657606e-03  -3.2387064e-03   2.0524450e-01  -3.5993799e-03   9.9557537e-02   3.4678011e-01  -2.8276186e-01  -2.5495759e-01  -9.5148530e-02   3.9266568e-01  -2.0573733e-01   3.2037735e-01   6.3414743e-01   5.6069230e-01  -2.7772074e-01  -1.4753113e-01   1.4967538e-01  -4.0660231e-02  -1.4836094e-01   7.5903963e-02  -2.7043642e-01  -1.3258420e-01   2.5037040e-01  -3.2781139e-01  -2.8040161e-01  -4.6023168e-01  -7.6751299e-02   4.6220462e-01  -3.4566856e-01  -2.0129974e-01   3.6608725e-02   2.3259923e-01  -3.2161771e-01  -3.2559629e-01  -6.2164797e-02  -1.5669224e-01   2.4931907e-01  -2.4138517e-01   3.3826866e-01   1.6242209e-02  -3.0602740e-01  -2.7325629e-01   5.5494956e-01   4.8293872e-01  -1.3734421e-02  -2.8782676e-01   2.1198586e-01  -5.2523642e-01   3.4862829e-01  -3.1414202e-01   5.9575244e-01   2.4919801e-01  -9.2846517e-02   5.4901977e-01  -5.9566803e-02  -1.4400229e-01  -3.3863015e-01   2.1208953e-01  -2.5348466e-01  -3.4950349e-01  -1.9216632e-01  -2.7035368e-01   2.8595262e-01  -2.7107472e-01   8.8139616e-02   6.9475336e-02  -6.3890318e-01   6.5074143e-02   6.2229138e-02   4.6076606e-01  -2.4749215e-01   1.3163897e-01  -2.0430351e-01   2.1903662e-01  -8.8297060e-02   7.9937746e-01  -1.9337164e-01  -2.1886825e-01  -9.4875650e-02   4.4473053e-01  -3.8596988e-01  -9.2460955e-02  -3.8139108e-01   8.6749220e-02  -5.3457888e-01  -5.3817174e-03   2.8292747e-01   6.1307793e-02  -4.2580066e-02  -3.6263171e-03   1.5380069e-01   1.4263827e-01  -1.2726485e-01  -2.9321724e-01  -6.4486971e-02  -2.1630211e-02   2.5143209e-01  -5.6298127e-02
  -3.0655500e-02  -2.9005706e-01  -3.7047203e-01   0.0000000e+00   3.6532031e-01   2.1283458e-01  -9.3220071e-02   1.8124060e-01  -1.2820125e-01  -1.4399776e-01   1.4122455e-01  -2.4066892e-01   2.4034668e-01  -1.3986406e-02  -1.6731064e-01   1.9298087e-01  -3.2778901e-01   3.5314760e-01  -2.8868050e-02   1.0957348e-01   5.7075025e-02   4.3372638e-01   1.0663569e-01  -1.1724023e-01   6.8581868e-01   1.5020058e-01   2.6061314e-01   1.9589038e-01   5.0624705e-02   3.0696456e-01  -2.3979811e-01  -5.0843384e-03   2.3100468e-01  -3.1813703e-01   3.7532742e-02  -3.0723063e-01  -8.3373257e-02  -1.7109393e-01   7.6381893e-02  -4.0370496e-01   1.9256017e-01  -1.0310691e-01  -3.4459891e-03   8.4711467e-03   2.9370196e-01  -2.5696649e-01   4.7607558e-01  -1.3716910e-01   1.4974817e-01  -1.1992844e-01   2.3566446e-01  -2.4026019e-03  -2.5967692e-01  -2.4013125e-01  -7.3075135e-02   2.3248301e-01   1.6872842e-01   3.6624672e-01   3.2373832e-01   4.7437707e-03  -9.8041798e-02   2.7993167e-01  -7.0553773e-02  -3.0816324e-01   1.0485367e-01   1.5977360e-01   2.5042017e-01   2.8444136e-01   4.0225119e-01  -2.3684708e-01  -4.3689057e-01   6.2616645e-01  -6.1684766e-03  -1.5687739e-01  -1.0005688e-01   2.8889600e-01  -1.2286571e-01   2.5294558e-01  -1.6795163e-01   3.0747406e-01   2.4579488e-01   2.0263438e-02  -3.6253232e-01  -3.3709459e-02  -2.3367398e-01   2.6737656e-01   7.6969809e-03   8.7358988e-03  -1.4553814e-02  -4.3984776e-02  -9.3575633e-02  -1.4127762e-01  -3.1284885e-01   2.9453860e-01  -1.1630170e-01   1.2292525e-02   5.9133112e-01   8.5863707e-02   5.0239752e-01  -1.1331355e-01  -1.6234993e-01   4.7752743e-02   3.9513681e-01   6.8192075e-02   4.0665290e-01   5.3162738e-01   6.5661482e-02   3.8793715e-01   1.8819166e-01  -3.9016454e-01  -1.9327184e-01   4.0405581e-01   8.8472005e-01  -1.5894041e-01   1.0652127e-01  -2.6711066e-02   3.7603842e-01   9.0771129e-02   6.3076749e-02   4.8809369e-01  -5.1514227e-02  -2.6093040e-01  -1.0527269e-01  -1.7909036e-02   3.7493844e-02   9.3493189e-03   3.2535704e-01   7.4496429e-02   3.4170920e-01  -4.4937773e-01   5.9676502e-02  -5.4273144e-02  -1.7039988e-01  -2.2343744e-01   1.7387190e-01   2.2925135e-01  -2.5265365e-02  -8.3600016e-02   2.8970837e-01  -9.5559388e-02   1.4885197e-01   1.2184771e-01   3.2868161e-01   2.8212807e-01  -1.0845480e-01   2.7726243e-01  -2.1768076e-01   2.3045177e-01  -1.8489689e-01  -3.5304895e-01  -8.5811044e-02   1.5888291e-01  -3.3297587e-01  -3.1927178e-02  -2.7574252e-01  -2.1871351e-01  -9.5733446e-02   2.9361337e-01  -8.1641743e-02   2.9639116e-01   3.9694165e-01   3.2552103e-01  -1.9232192e-01   5.8772890e-01   1.6505641e-01  -1.3849617e-03   1.5907352e-02   4.5533232e-02   4.0700241e-02  -3.4319405e-01  -1.6371882e-01  -1.4089650e-01   7.0525731e-01   3.0018122e-01  -5.7420726e-02  -7.9105985e-02   1.5677697e-01
  -1.2900587e-01  -4.9490773e-03  -1.8877346e-04   3.6532031e-01   0.0000000e+00  -1.1948591e-01  -8.4743363e-02  -3.9574069e-03  -2.9686780e-01   3.1669071e-01   2.0411087e-01  -4.6455005e-02   2.6569636e-01  -1.8522897e-01  -5.4741169e-03   3.3695159e-02   1.7448165e-01   1.8090589e-01  -5.6590500e-02   7.0067553e-01  -1.5155275e-01  -7.2727066e-03  -2.9476588e-02  -1.0568418e-01   3.1713884e-01   3.5587600e-03   1.6547432e-01   4.5165066e-02   2.1695741e-01  -9.5676144e-02  -1.6323903e-01  -2.9435332e-02   2.2205124e-01   7.2723150e-03  -1.6889714e-01  -1.6795917e-01   1.1537277e-01   3.8212117e-04   2.2029607e-01  -3.0347898e-02   2.2320549e-01  -1.9206031e-01   1.0054873e-01   1.0790829e-01   1.7750139e-01  -2.0399242e-01   2.4530659e-01  -3.2821618e-01   1.2597394e-01   3.2150850e-01   2.0856308e-01  -3.5233880e-02  -5.9089377e-02  -1.3842972e-01  -1.0574169e-01   1.1796178e-01   5.1671569e-02   8.0084071e-02   6.2995812e-02   3.3027000e-02   1.3679866e-01   4.0380327e-01   2.0101715e-01  -6.1175840e-02  -8.6255925e-02  -1.1705636e-02   1.4092730e-01  -2.6167203e-02   1.0896614e-01  -1.0700350e-01  -2.2328751e-01   2.1273530e-01   2.0787708e-01   1.5697289e-02  -5.9689882e-02   7.3589002e-02  -2.7796109e-01   8.4026419e-02   7.7675046e-02   1.0702508e-01  -4.0193092e-02   6.9993881e-02  -1.1942615e-01   8.3119237e-02   9.4095289e-02   1.5647058e-01  -2.7936658e-01  -1.9149302e-01   1.6286316e-01  -8.1489661e-02   1.7500520e-01  -9.2137011e-02   1.8734748e-02  -6.7454535e-03   1.1090394e-02   5.6569654e-01   5.3741983e-01   9.3769097e-03   3.6804486e-01  -9.7892816e-02  -1.4635204e-01   5.8386248e-02  -1.9226664e-02  -2.0751744e-01   2.6424797e-02   1.2908486e-01   2.5450859e-01   1.4675576e-01   2.6035089e-01  -8.4224078e-02   9.1256903e-02   4.1915993e-02   3.1174153e-01  -1.8484156e-01  -2.4593263e-01   3.8298725e-03   5.4514362e-02   2.7345948e-01   1.9938126e-01   4.9555862e-01  -3.0581508e-01   1.9129010e-01   6.8299810e-02  -1.0476293e-01  -2.7353332e-01   3.9879545e-02  -1.1419396e-01   2.1739576e-01   1.8225746e-02   4.3725910e-02   2.8115757e-01   2.8581506e-02   1.5030990e-01  -9.8554462e-03   8.8249156e-02  -1.1444424e-02  -1.0753104e-01  -2.3875141e-01  -8.5482321e-02   1.1292705e-01  -7.7386901e-02   4.7706102e-01   3.8361747e-02   9.5890680e-02  -4.3441578e-02  -2.3261592e-01  -1.6994267e-01   1.2645604e-01   9.2999679e-02  -2.6183174e-01  -2.2503031e-01  -5.1399505e-02  -5.4442263e-01   1.4647403e-01   2.0375028e-01  -2.8476221e-01  -6.5417689e-02   1.7081324e-01   1.4816464e-01  -4.6376566e-02   5.2729798e-01   4.5805022e-02   1.5043723e-01  -3.9135152e-02  -1.8681376e-01   8.8663369e-02   5.1742178e-02   1.2615803e-01  -4.0416715e-02  -8.9727512e-02  -9.4382108e-02  -2.7390671e-02   1.7768843e-01   9.7360653e-02   5.8784469e-03   2.0391238e-01  -9.4045059e-02
   3.8482605e-01  -6.4343122e-01  -9.8155512e-02   2.1283458e-01  -1.1948591e-01   0.0000000e+00  -1.5216462e-02   2.1626776e-01  -2.6781880e-01  -7.4176096e-02  -7.5069615e-02  -2.6240017e-01   2.3954375e-01   2.7583655e-01  -2.5329488e-01   1.9214937e-01  -2.0283186e-01   1.0303438e-01   9.6441571e-02   2.2805548e-01   1.0579255e-01   3.7070980e-01   3.1314703e-01   1.1446698e-01   3.5282862e-01   1.3964775e-01   6.3475652e-01   4.5156819e-01  -2.1073624e-01   4.9799954e-01  -4.9290794e-01   1.9140491e-01   1.3576622e-02  -4.1205312e-01   3.0078578e-01   1.9758028e-01  -3.6037643e-02   3.9234518e-02  -2.8000489e-01  -6.1353051e-02   1.4758557e-01   1.7406530e-01   4.2981529e-02  -1.1595093e-01  -1.0131220e-01   1.5573483e-01   4.4073230e-01  -1.0179045e-01   6.9679750e-02  -3.3509611e-01   1.8023146e-01   4.5009989e-02  -6.5180640e-01  -9.4742933e-02  -8.2812223e-02   3.1142648e-01   5.3940971e-01   4.2087676e-01   2.5999267e-01   3.1005100e-01  -1.1016367e-01  -2.8634504e-02  -3.7875639e-01  -6.7462754e-01  -2.9719064e-01   5.8155104e-01   6.6824983e-01   1.6301479e-01   5.9878536e-01   3.5516002e-01  -6.8767627e-01   4.8511860e-01  -2.2900709e-01   2.8950667e-01  -3.0525824e-01   1.3843274e-01   2.3714846e-01   4.1649350e-01  -3.9711725e-01  -2.3460436e-02   3.3802133e-01  -2.4216380e-02  -5.0796968e-01   1.6933828e-01  -1.2465104e-01   3.2494113e-01   1.3558721e-01   1.4717711e-01  -2.2756265e-01   2.2560900e-01  -4.5005293e-01   1.3903884e-01  -5.4037490e-02   2.7979084e-01   2.1352358e-02  -1.2092245e-02   1.7127668e-01   1.4468967e-01  -3.1524713e-02  -1.5626745e-01  -1.5437104e-01   6.5282025e-02   3.2985818e-01  -4.5802431e-02   5.0949985e-01  -1.8739405e-01   5.8484742e-02   6.5720485e-01   2.6686857e-01  -3.6611132e-01  -9.7855101e-02   6.0441487e-01   1.4710996e-01   1.8540778e-01   6.2968400e-01  -3.6828224e-01   4.2556664e-01   5.3953039e-02   3.3086551e-01   2.2832564e-01   2.6336376e-01  -2.5489821e-01   2.2102874e-01  -5.5223704e-01   2.6583060e-01   1.4488831e-01   1.8534247e-01  -2.4124439e-01   4.1670236e-01  -1.1266408e-01  -1.2419135e-01  -2.3071113e-01  -2.2046700e-01  -5.5859958e-01   2.0192772e-01   2.1948476e-01  -3.3358027e-02   3.4441509e-03   5.2309349e-01   7.9354550e-02   2.8157000e-01   6.2943001e-02   4.4649007e-01   5.8111621e-01  -2.4573664e-01   1.8202250e-01  -1.6787385e-01  -6.5783883e-03   5.3325697e-02  -4.9984185e-01   4.6572044e-01   2.5588798e-01   1.6959749e-01  -3.7354199e-01  -1.3936065e-01   8.7224956e-02   6.0659408e-02   1.2344145e-01  -2.5712825e-01   3.0490205e-01   1.2093889e-01   5.0761527e-01  -5.7835148e-01   3.2377475e-01   2.2011891e-01  -1.8505503e-01   7.1632958e-02   5.9201364e-02   2.9141968e-01  -4.8429547e-01  -2.4176034e-01   5.9427267e-02   1.2964491e-01   6.5803765e-01   2.1230331e-01  -2.0899342e-01   2.6186739e-01
  -1.7452584e-01  -2.7500631e-01  -1.2245752e-01  -9.3220071e-02  -8.4743363e-02  -1.5216462e-02   0.0000000e+00   4.1103799e-02   2.4089128e-02   9.8242163e-02   2.5857085e-01   3.6328624e-01  -8.3070941e-02  -3.8646325e-03   6.5590747e-01   3.6235215e-02  -1.6260025e-01   2.2206476e-01  -1.3598803e-01  -6.2755126e-02   2.5703163e-01  -5.1361849e-02   5.1389294e-01  -7.5637032e-02  -1.9206346e-01  -1.8360150e-01   1.5025275e-02  -1.7937399e-01  -1.9449256e-02  -1.2810356e-01   3.1276559e-01   2.6327056e-02  -1.1977593e-01   4.2897158e-01   2.8274678e-02   8.4191409e-02  -1.0011543e-01  -1.0768719e-01  -1.9284412e-01   2.9760130e-01  -9.4253101e-02   1.1058872e-01  -1.8068661e-01   3.3038596e-01  -1.0364415e-01  -8.1787858e-02   1.3103728e-01   3.8530114e-01  -3.7879167e-01  -2.7909745e-01   4.0329226e-01  -2.1941446e-02  -1.9107393e-01   9.2243236e-02   2.9918627e-01   2.0818953e-01   6.3841224e-02  -1.4207813e-01  -3.1747304e-02  -9.1307925e-02  -2.0087652e-01  -2.5097145e-01  -2.3858313e-01  -2.0715542e-02  -3.0538049e-01  -8.9353007e-03   9.5745723e-02  -8.6877210e-02  -1.7917760e-02   1.6479755e-01   2.4195893e-01  -1.4979748e-01  -1.4267914e-01   1.3884940e-01  -8.2106670e-02   7.8662211e-02  -1.4433170e-01   1.0234022e-01  -3.1843711e-01  -2.1832204e-01  -8.5389700e-03  -9.2971374e-02   2.8738251e-01   2.3216927e-03   6.2494925e-02  -4.6945495e-02   5.5897158e-02   5.4820215e-03  -1.7804291e-01   1.2671694e-02  -5.3049801e-01  -8.2063143e-02  -1.8524459e-02   1.4437730e-01  -9.0204971e-02  -4.5440846e-01  -2.7829139e-02  -1.6866099e-01  -3.4089130e-01   7.8272129e-01   4.0724653e-01   4.2939302e-01   3.7105242e-02   1.1339384e-01  -9.3202372e-04  -1.1178728e-01  -4.1671380e-02  -1.0803905e-01  -4.4614549e-02   3.1783004e-02   4.1614715e-01   7.3747783e-02  -1.1483387e-01  -2.1764896e-02   2.3536270e-01  -3.4589548e-01  -1.9896758e-01  -8.2247631e-02   1.9182253e-01  -1.5031089e-02  -6.6571768e-02  -3.6102252e-01  -7.8563916e-02  -2.7257525e-01  -6.6535274e-02  -3.2863277e-01   4.7874725e-01  -2.2919981e-01  -5.1938669e-02   7.4159694e-02  -2.1475176e-01   4.6737803e-01  -4.5390049e-01   1.3306221e-01  -1.3981346e-01  -6.2463391e-02  -8.2720810e-02   4.1950867e-01  -1.8067284e-01  -5.6212411e-02  -8.4499066e-02  -2.0636856e-01  -6.2309058e-02  -1.0392031e-01   6.9867722e-01   1.7125654e-01   7.8953620e-01  -3.6994552e-01  -2.4317770e-01   3.5735842e-01   2.7348356e-01   1.5162548e-01  -6.2225740e-02  -3.1009026e-02  -2.5101249e-01  -2.5350618e-02  -3.2406285e-02   1.5467899e-02  -2.1896289e-01   2.2174525e-01  -1.1572098e-01  -1.2723086e-02  -2.4569567e-01  -8.8007344e-03  -1.8655405e-01  -8.7834248e-02  -7.1234844e-02   9.7755794e-02  -5.3084382e-02  -1.0615565e-02   6.3483290e-02  -4.8384358e-02  -1.7843222e-01  -1.0482856e-01  -1.3332810e-01  -6.7365727e-02  -5.4757830e-02
   2.6061922e-01  -3.3949835e-01  -2.1867088e-01   1.8124060e-01  -3.9574069e-03   2.1626776e-01   4.1103799e-02   0.0000000e+00   9.6915695e-02  -1.6044810e-01   1.1385464e-01  -2.8202083e-01  -1.4347995e-02   2.0070796e-01  -2.4300325e-01  -1.7503813e-01  -2.6732136e-01  -9.2723675e-02   2.5813720e-01  -2.6669422e-02   4.1550763e-02   2.4347567e-01   9.4375130e-02   2.9751400e-01   2.3842570e-01   4.1503807e-01   1.6942133e-01   2.3542582e-01  -1.7131644e-01  -5.1829098e-02  -1.3215889e-01   3.0225645e-01  -5.8392665e-02  -2.1344179e-01   4.2225715e-01   2.8450782e-02  -1.5757919e-01   1.4024005e-01  -1.4808577e-01  -9.7826744e-02  -4.5463170e-02  -2.2996473e-02  -2.0485143e-01  -7.2339213e-02  -1.5126398e-01   2.7477746e-01   2.2299786e-01  -1.9628548e-01  -6.0230172e-02  -1.9067105e-01  -1.7030286e-02   3.9570765e-01  -1.9769770e-01  -5.1688501e-02   1.6037777e-01   6.5345073e-02   2.8847690e-01   3.5970573e-01   1.1222133e-01  -1.3003911e-01  -3.3943720e-02  -2.4940469e-01  -5.0430477e-02  -8.1436277e-02  -1.9633836e-02  -7.1869470e-02   3.1349938e-01  -1.3134084e-01   1.9468434e-01  -1.8774155e-01  -1.4683931e-01   2.1658427e-01  -1.3201578e-01  -2.3610471e-01  -9.4811423e-03   7.8323619e-02   1.5483838e-01   5.5465410e-02  -1.3122811e-01  -2.9226650e-03   2.0953672e-01  -1.7451784e-01  -3.2930671e-02   5.0324284e-01  -3.0906957e-01   2.7500585e-01   1.6346644e-01   2.6120178e-01  -3.0115373e-01   2.8432023e-01  -5.7115069e-02  -8.6526794e-02  -2.4692674e-01   5.2758755e-01   1.0347432e-01  -1.3000552e-01   5.9989517e-02   4.1554821e-01  -1.5439518e-01   5.3686056e-02  -1.8224625e-01  -1.6577134e-01   5.6952691e-02   2.7428663e-01   1.4176948e-01   1.8569183e-01   4.5705263e-03   3.0977289e-01  -3.9231722e-02  -1.0039353e-01  -2.3411693e-01   6.2181320e-02   2.7476738e-02   3.0004163e-01   1.1270717e-01  -8.8551104e-02   2.4122471e-01  -1.0103959e-01  -1.0448668e-01   3.2713306e-01   2.8172855e-01  -2.1936279e-01  -5.0534123e-02  -2.3178995e-01   3.3251732e-01   1.7438439e-01  -2.4943469e-02  -3.4347148e-02   3.5570871e-01  -4.0130547e-01  -7.3317000e-02   4.8364357e-02  -2.7534022e-01  -3.2553015e-01   2.6110686e-01   4.3179138e-01   1.8280242e-01   9.1643550e-03   4.7120990e-01   2.9081366e-01   2.4001284e-01   2.0918275e-02   1.9488207e-01  -1.3365215e-01  -1.6152804e-01   1.6501807e-01  -5.7350595e-02  -5.2225159e-02  -1.5851561e-01   1.2746889e-04   7.5040464e-02   1.4146397e-01   2.3517026e-01   4.5188568e-02  -3.4798746e-01   5.2254409e-01   2.0294817e-01   1.3345537e-01   4.5833677e-03   3.4557033e-01   4.4753665e-03   1.7466567e-01  -3.7585775e-01   2.0836951e-01   2.5702960e-01  -2.8294506e-01  -1.3132569e-01   1.2819054e-01   4.3266572e-01  -2.6226692e-02  -7.1017147e-02   1.0075744e-01   2.6987647e-02  -8.5802591e-04  -1.3285030e-01   3.7664015e-02   3.9179514e-01
   2.0536665e-01   3.1333868e-01   5.4810931e-02  -1.2820125e-01  -2.9686780e-01  -2.6781880e-01   2.4089128e-02   9.6915695e-02   0.0000000e+00  -4.8215993e-02  -3.0025775e-01   3.1294512e-01  -3.3580187e-01   7.2721387e-02   1.2251882e-02  -2.2009011e-01  -1.4600784e-01  -3.7607547e-01   2.4533732e-01  -3.3408638e-01  -3.2676319e-01  -1.3239819e-01  -2.3869566e-01   1.8402724e-01  -1.7357792e-01   9.4578637e-02  -2.5994199e-01   3.8687899e-02   2.9554123e-01  -1.9946797e-02  -1.2812024e-01  -2.0265345e-03  -2.6430695e-01   2.1859284e-01   2.7877412e-01  -2.0093189e-01  -2.7314307e-01  -8.8798060e-02  -1.8659284e-01  -1.6500174e-01  -2.9232269e-01  -1.0606986e-01   3.8762380e-01  -9.6291327e-02   4.0493358e-01   5.2510471e-02  -3.9122961e-01  -7.3317031e-02  -4.8898331e-02  -3.0111354e-02  -2.8512600e-01   3.6480537e-01   2.5652360e-01  -5.3378947e-02  -9.1884308e-02  -2.0936894e-01  -9.2499385e-02  -1.2105424e-01  -2.7957393e-01   1.6191418e-01  -1.8151713e-01   1.3620846e-01   4.9941157e-01   2.8762726e-01   5.0458361e-01  -1.1361145e-01  -2.8665735e-01  -2.0204689e-01  -2.8404795e-01  -1.5662939e-01   8.5488840e-02  -1.8454959e-01  -5.7395203e-02  -1.3818312e-01   1.0730702e-01  -1.8463844e-01  -1.3462265e-01  -6.0313308e-02   1.5472554e-01  -2.1532740e-01   1.7537908e-01  -2.0506760e-01  -2.7848546e-02   7.8901384e-02  -3.6709520e-01  -1.0610019e-01   3.8558529e-01   2.0643674e-01   3.9330774e-01  -3.6399901e-02   1.2732077e-01  -1.3192524e-01  -8.6277713e-02   8.2863844e-02  -1.0396706e-01  -3.8124837e-02  -2.4090569e-01   1.0783382e-01  -2.7922279e-01   3.1076321e-02  -2.8596572e-01   1.4773081e-01  -1.0975301e-01   5.4252527e-01  -6.9131553e-02   1.6423496e-01  -2.4117721e-01  -2.0370711e-01  -2.0774034e-01  -1.0155013e-01  -2.2085182e-01  -6.8989579e-02  -1.4730908e-02   2.2022632e-01  -6.5593671e-02   3.3752352e-01  -3.9529786e-02  -1.6183673e-01  -2.4740677e-01  -1.5439885e-01  -3.2418011e-02   7.4055547e-02   1.6872143e-01   4.3504850e-01   1.0054516e-01   7.5329802e-02  -1.6585572e-01  -1.3527683e-01  -6.0475146e-02  -1.7313793e-01  -2.9158659e-01  -1.0767474e-01   6.9133375e-02  -1.5122411e-01   1.3440213e-01  -1.1808661e-01  -7.4517123e-02  -1.1655733e-01  -4.3080986e-02  -4.7716195e-03   1.7793096e-01  -3.2209883e-01  -2.4771712e-01  -9.7867795e-02  -5.2249322e-02  -2.8304676e-02  -1.4247052e-02   3.1820654e-02   1.2398644e-01   1.6186472e-02  -1.0709044e-01  -1.2311783e-01   2.3284631e-01   3.0222290e-01   3.7320188e-02   1.3393163e-01  -1.8605920e-01  -3.8453811e-01  -1.7241666e-01   4.4299184e-02  -4.5996970e-02  -2.0518784e-01   1.6229121e-01   1.9704518e-02   3.0778661e-01   3.0214151e-01   1.4850466e-01   2.1885653e-01   4.5236470e-02  -2.9962126e-02   4.1000384e-01  -1.9172630e-01   2.3995345e-02  -1.3925012e-01   2.7366108e-02  -9.9619575e-02   1.0753482e-01
   1.1399620e-01  -1.5322276e-01  -8.3530344e-02  -1.4399776e-01   3.1669071e-01  -7.4176096e-02   9.8242163e-02  -1.6044810e-01  -4.8215993e-02   0.0000000e+00   9.5705213e-02   2.0464344e-01   8.8181436e-02   1.1547668e-01  -1.5746566e-03  -1.8365852e-02   7.2940504e-04   5.0418266e-02  -1.4360632e-01   4.5313564e-01   1.6195222e-01  -5.6178114e-02   2.8520382e-01  -7.3802812e-02  -9.7786623e-02  -1.1923939e-01   6.0638368e-02  -3.5509444e-04   2.2591216e-01   3.3979679e-02  -5.3160079e-02  -1.3777030e-01  -1.8278450e-01   2.5796343e-01  -2.4309837e-01   2.5901885e-01   2.2694549e-01  -2.8009246e-02  -1.1763693e-01   8.1877768e-02  -5.2130412e-02  -1.4845441e-01   1.5847351e-01   2.0529805e-01   3.3521962e-02  -2.2076450e-01   7.6968551e-02   8.2564630e-02   6.3428790e-02   7.8738337e-03   2.6287684e-01  -2.0981508e-01  -1.5532180e-01  -2.0255126e-01  -3.5830816e-02  -1.3715864e-02  -2.4599414e-01  -6.5384919e-02  -2.8295790e-02  -5.3976261e-04  -2.1537975e-01   3.9797046e-01  -1.1746514e-01  -1.4621604e-01  -1.0536232e-01   3.5984097e-01   1.6149704e-01  -1.6853133e-01  -2.0904674e-02   3.2559206e-01  -9.0980324e-02   3.5436673e-02  -1.3206258e-01   1.1990281e-01  -1.7523187e-01   3.5705493e-02  -3.4452246e-01   1.4624417e-01  -1.7639909e-01  -2.8601110e-01  -2.6783435e-01   6.1734247e-03   5.2577424e-02  -1.0871606e-01   1.4910223e-01  -2.1474209e-02   1.0593463e-01  -1.4346061e-01  -4.1794502e-02  -1.8995371e-01  -2.8510901e-01  -2.2067465e-01   8.9310771e-02  -8.0677231e-02  -8.1628193e-02   3.4836582e-01  -3.8454410e-02  -2.2612870e-01  -9.7439226e-02   2.7554493e-01   8.0546866e-02  -9.0161918e-03   7.4047131e-02  -1.6910010e-01  -6.7586765e-02  -3.4347454e-01  -6.5805718e-02  -3.8051207e-02   3.8537261e-01   1.9192563e-01   2.4570064e-01   4.5498389e-02  -1.2131739e-01  -1.0978050e-01  -3.0540694e-02  -3.3307488e-01  -5.1604194e-02   2.7483811e-02   2.6957899e-01   2.4192148e-03  -3.1995153e-01   5.4015372e-02  -7.1714830e-02  -1.6095963e-01  -3.5067715e-01  -2.3699081e-01   5.3887298e-02  -6.0566201e-02  -5.1080270e-02   4.1057993e-01   7.0777216e-02  -4.4490225e-02  -1.0128846e-01   8.2925750e-02   6.8248947e-02  -2.6246545e-02  -2.3186999e-01  -8.5441781e-02  -2.8408059e-01   1.1819512e-01   4.9746079e-02   1.5789541e-01  -9.2338305e-02   3.1816715e-04  -7.3424748e-02  -1.1589097e-01  -8.9603598e-03   7.0628915e-03   2.8958538e-01   5.1485312e-02  -1.2190354e-01   6.6325078e-02  -4.8713954e-01   7.9979103e-02   3.3365072e-02  -2.8987060e-01  -6.7163293e-02  -1.5341798e-01  -2.1910744e-01  -2.4377763e-01   7.2344837e-02   4.2307233e-02   2.1549722e-01  -1.9931142e-01  -3.0032469e-02  -2.9593860e-03   6.2792108e-02   1.1483813e-01  -3.1127162e-01  -9.5336726e-02  -5.4208784e-02  -2.8136046e-02  -1.8611235e-01   6.7098328e-02  -2.6704664e-02  -1.1809185e-01  -1.8735555e-01
  -3.4870464e-01  -1.8081732e-01  -2.0553874e-01   1.4122455e-01   2.0411087e-01  -7.5069615e-02   2.5857085e-01   1.1385464e-01  -3.0025775e-01   9.5705213e-02   0.0000000e+00  -3.2089978e-01   2.0842925e-01  -2.1914280e-01   1.7828130e-01   3.0070652e-01  -7.2099760e-02   4.1814739e-01  -8.9470222e-02   1.6072576e-01   2.8203729e-01  -1.6487566e-02   3.9852766e-01  -1.8915979e-01   1.0173433e-01   8.0176817e-02  -1.1495750e-02  -2.1197533e-01  -1.0400820e-01  -4.3477982e-01   3.8221339e-01  -2.3634923e-02   1.0041176e-01  -1.0060968e-01  -2.8064033e-01   3.4345484e-01  -9.2218110e-02  -1.0247230e-01   2.9542462e-01   3.5497471e-02   2.2732087e-01   1.5115181e-01  -4.8182091e-01   4.3813631e-01  -1.2050613e-01  -6.9523637e-02   5.9277107e-01   2.9947871e-02  -2.2048403e-01  -1.4211968e-01   4.4517919e-01  -2.2973698e-01  -2.1736588e-01  -1.2596509e-01   3.3582662e-01   2.0916453e-01   1.1937446e-02  -1.9307065e-02   3.7682645e-01  -4.2557698e-01   1.1445339e-02   3.0752004e-02  -2.2052352e-01   2.1303605e-01  -3.2715644e-01  -5.2839484e-02   6.9083415e-02  -4.7586481e-02   2.9710393e-01  -9.8573356e-02   1.1484036e-01   3.6888775e-02   3.4449164e-02  -2.8213295e-01  -2.5200275e-01   1.3224959e-01  -1.0650197e-01  -1.5435831e-01  -2.0790265e-01   1.7084765e-01  -3.9374799e-01  -2.4249193e-02   3.0726763e-01  -5.6675488e-02   1.2978308e-01   1.3625256e-01  -2.7573338e-01  -4.0763654e-01  -1.7074178e-01  -2.0563256e-01  -2.4374480e-01  -9.6858253e-02  -1.9738831e-01   1.3846866e-01   4.8773199e-02  -2.0623828e-01   2.0096357e-01  -4.8290014e-02   1.8409997e-01   3.8699698e-01   3.0774516e-01  -3.4481951e-02  -2.1803174e-01  -9.8670369e-03  -1.3350248e-01  -4.6040995e-02   4.5911974e-02   2.8375676e-02   5.2384518e-02   2.5556801e-01   1.4342637e-01  -3.1881394e-01   5.1490001e-02  -1.4010224e-01  -7.9985700e-02  -3.3009241e-01  -9.0485059e-02   3.6427775e-02   3.5078403e-01   4.9351151e-02  -1.3112218e-01  -1.7932681e-01  -4.3547695e-01  -1.1698460e-01  -5.4925356e-02  -3.8220347e-01   2.8812536e-01   1.3518533e-01   1.4300226e-03   4.8826031e-02   3.0742516e-01   5.6876153e-01  -2.8059142e-01   3.5201393e-01  -2.4942689e-01   3.3276697e-01  -1.1001889e-02   2.3640275e-01  -7.4910527e-02   1.1573143e-01  -2.1541476e-01   5.2911430e-02   3.1205291e-01  -6.4242612e-02   4.4460712e-01   3.1969601e-02   3.1803489e-01   7.0747066e-02   7.5883466e-02   2.5343159e-01   4.0062306e-02  -1.6127382e-01  -1.6773534e-01   2.5488849e-01  -1.3256893e-01   1.8550086e-02   1.5357230e-01   3.8293541e-01   7.8728766e-02  -2.0289375e-01  -1.8725242e-01   2.7643471e-01   4.6542957e-02  -1.1158196e-01  -2.3359788e-01  -2.5061894e-01  -1.4245961e-01  -1.1072552e-02  -5.6297238e-02   1.5964637e-01  -2.5571331e-01  -9.2442569e-02   4.1596206e-02  -1.6235669e-02  -2.2938869e-01   2.2324071e-01  -1.9221774e-01
  -2.9271424e-01   3.9881135e-01   3.2984777e-01  -2.4066892e-01  -4.6455005e-02  -2.6240017e-01   3.6328624e-01  -2.8202083e-01   3.1294512e-01   2.0464344e-01  -3.2089978e-01   0.0000000e+00  -2.9731093e-01  -2.0616659e-01   5.9233578e-01  -2.2491325e-02   1.2550831e-01  -1.7032579e-01  -6.6384746e-02  -1.6169489e-01  -3.5373881e-01  -3.5215719e-01  -1.4613945e-01  -2.8375073e-01  -2.7209456e-01  -3.2533199e-01  -2.2758383e-01  -1.8670993e-01   1.8780770e-01  -1.7108244e-02   3.3730746e-02  -3.1212723e-01   8.8759505e-03   7.4159338e-01   6.5194651e-02  -1.2027370e-01  -1.1909375e-01  -2.5156354e-01  -1.8615396e-01   2.2786725e-01  -2.7074559e-01   6.8684492e-02   4.8116461e-01   4.1096449e-02   9.9871813e-02  -2.7520966e-01  -4.8654443e-01   1.5402326e-01  -2.0332782e-01   8.7768421e-02  -1.8242362e-01  -5.3893590e-02   3.8588952e-01   9.0411281e-02  -7.4635479e-02   3.8835056e-02  -1.4053501e-01  -4.3266967e-01  -3.9044268e-01   4.0221802e-01  -2.0958646e-01   1.0951992e-01   3.4957033e-01   1.8543284e-01  -3.6355656e-03  -3.3814493e-02  -1.6673925e-01  -5.0934658e-02  -4.5879358e-01   2.1068003e-01   2.6500275e-01  -4.1289177e-01   3.0128383e-03   3.7592220e-01   8.1973269e-02  -2.8078843e-01  -3.9101144e-01  -2.8357282e-02   2.9751804e-01  -3.2481673e-01   7.7199155e-02   8.4758781e-02   2.8641625e-01  -8.5994898e-02   1.7785498e-01  -2.9264483e-01   1.6252244e-01  -1.5378847e-01   4.4525454e-01  -3.1807160e-01  -3.1758308e-03   4.6914736e-02   4.6512329e-01  -1.8556320e-01  -3.1339903e-01  -4.7979661e-02  -1.8356173e-01  -3.6147094e-01  -2.1541683e-01   2.6499396e-01  -9.9196251e-04   5.8365539e-01  -9.3469492e-02  -1.1861991e-01  -2.9199615e-01  -1.0928168e-01  -4.2970456e-02  -4.3161492e-01  -2.2603124e-01   3.7265612e-02   5.1176359e-01   1.1406707e-02  -1.5834430e-01  -3.5407660e-01  -1.0137318e-01   1.9614246e-01  -1.5018318e-01   2.3135455e-02  -1.5876187e-01  -2.7275240e-01  -4.1932936e-01   2.3547015e-01   3.9032748e-01   9.8495675e-02  -3.8630084e-01  -1.8313322e-02  -7.1762865e-02  -7.6515668e-02  -4.4159693e-01   3.3158415e-01  -2.8483680e-01   1.9762057e-01   3.2687156e-01   9.5427378e-02  -5.7856600e-02  -5.8198074e-01  -5.6456254e-02  -8.7564166e-02  -5.3830653e-01  -2.3579609e-01  -3.2076901e-01  -1.7145727e-01  -4.8802610e-01   3.0765962e-02   3.5011004e-01  -3.1519875e-01   2.8761539e-01  -2.6685899e-01   1.9366871e-01   1.2409104e-01  -1.2130760e-01  -3.9970950e-02  -1.6265369e-01   1.5733554e-01   3.5923400e-01  -3.5248302e-01  -4.9197301e-01  -2.3837577e-01  -1.8034909e-01  -1.3839323e-01  -7.0560959e-02  -4.5343593e-01   1.3532796e-01  -3.3020423e-01   7.4258322e-02   6.1724729e-01   4.1833475e-01   2.1124326e-02  -3.7261322e-01   1.8392893e-01   5.2870318e-01  -2.7268803e-01  -3.1009779e-01  -1.5230181e-01   1.2335175e-01  -1.8232420e-01  -1.4397051e-01
  -1.8170910e-02  -2.6424795e-01   1.1059329e-01   2.4034668e-01   2.6569636e-01   2.3954375e-01  -8.3070941e-02  -1.4347995e-02  -3.3580187e-01   8.8181436e-02   2.0842925e-01  -2.9731093e-01   0.0000000e+00   1.4916017e-01  -1.3741444e-01   4.6758316e-01   2.9364077e-01   1.4477827e-01   5.3556072e-02   5.2145588e-01  -3.9739379e-02   1.5378373e-01   2.4459835e-02  -3.5811626e-01   2.3596910e-01   9.5167738e-02   1.8744654e-01   1.2960381e-01  -8.3532792e-02  -7.5984967e-02  -2.1148224e-01   3.1504466e-01   1.7900625e-01  -3.7373082e-01  -9.9073450e-02   2.0221058e-01   1.7063213e-01  -3.1456672e-02   4.2154412e-01  -4.5577422e-02   8.1432959e-01   3.7644025e-01  -6.3939886e-02   1.2670442e-01   2.2635345e-03  -1.6421768e-01   2.9897991e-01  -3.1642601e-01   3.2655507e-02   1.8793032e-01   3.6101311e-01  -4.9621156e-02  -4.0859719e-01   1.6160712e-01   8.9274531e-02   9.6635766e-02   1.2859129e-01   1.5827040e-01   5.2916291e-01  -1.6606442e-01   3.1599882e-01   2.5055392e-01  -7.1611462e-02  -3.4648085e-01  -3.9746124e-01  -6.3495167e-02   2.9811894e-01   1.1858284e-01   3.4572852e-01   6.2563773e-02  -3.9245123e-01   1.8021913e-01   3.8225845e-01   3.0875232e-01  -8.0037565e-02   1.8268907e-01  -3.7979526e-02   9.7312938e-02  -2.9520778e-01   4.9879509e-01  -9.3139786e-02   3.8679684e-01  -2.7373849e-01   8.2360034e-02   1.9097077e-01   8.6645799e-02  -1.2562023e-01  -2.1577896e-01  -1.7344863e-01  -1.7438602e-01  -9.3937262e-02   3.2095874e-01  -2.4157264e-02   1.7736843e-01  -1.9877618e-01   2.6688548e-01   4.5830421e-01   2.0097524e-01   4.5732550e-01  -1.7747520e-01  -8.0184754e-02  -1.2937632e-01   5.9002926e-02  -9.9616820e-02   7.4263141e-02   7.0099028e-02   4.4525381e-01   2.9999013e-01   3.7319787e-01  -1.8438880e-01  -1.0971760e-01   1.8955847e-02   1.3504195e-01  -1.8952541e-01  -2.8380379e-02  -2.9035040e-01  -3.4662606e-03   7.2239625e-01   2.8759072e-01   2.9028012e-01  -2.1462378e-01   4.3124274e-02  -8.6372084e-02  -3.4704284e-01  -2.5542980e-01  -5.1843834e-02   8.0316339e-03   3.9872540e-01   2.5071862e-01   3.0516994e-02   6.0533308e-01  -1.9258058e-01   5.4602599e-02  -1.7440861e-01   1.9965244e-01   2.4365075e-01   2.7585325e-01  -1.9239070e-01   1.2179478e-01  -2.8160844e-01   1.0124660e-02   5.4282281e-01   3.3363397e-01   1.9719667e-01  -2.5924963e-02  -1.2735582e-01  -5.9081660e-02   4.1719955e-02  -4.4227168e-03  -2.7729752e-01  -3.9312389e-02   6.0389284e-02  -1.1102891e-01  -3.2916236e-01   7.4976028e-02  -1.8298427e-01   2.4101304e-02   5.4868131e-01   2.9773966e-01  -2.3089027e-02   1.9458009e-01   2.2989208e-01  -1.6578195e-01  -2.9985768e-02   1.5923559e-01  -3.1629952e-01  -2.9057275e-01   1.4773952e-01  -2.6717744e-02  -2.5618250e-01  -4.3930360e-01   4.5241175e-03   1.1303103e-02   2.9813578e-01   7.9007654e-03   4.0245392e-01   2.6347925e-01
   5.8322696e-01  -4.3206499e-01  -1.6986042e-01  -1.3986406e-02  -1.8522897e-01   2.7583655e-01  -3.8646325e-03   2.0070796e-01   7.2721387e-02   1.1547668e-01  -2.1914280e-01  -2.0616659e-01   1.4916017e-01   0.0000000e+00  -2.5052699e-01  -1.9847064e-01  -1.7064128e-01  -4.4365423e-02   1.4017213e-01  -3.1887649e-02   2.5508100e-01   4.5599246e-01   1.8368658e-01   4.0526748e-01   1.1199972e-01   1.0011158e-01   1.6859700e-01   4.0735807e-01  -3.3233174e-01   2.6522938e-01  -2.4325497e-01   2.2764698e-01  -7.4528538e-02  -2.0908083e-01   1.6567721e-01  -1.1536059e-01   5.4567176e-02   3.2078915e-01  -2.1744998e-01  -5.6550790e-02   8.8780426e-02   1.4882522e-02  -4.0159163e-02   4.1321184e-02  -1.7857983e-01   1.8625419e-01   1.7089292e-02   4.7190353e-02  -5.7217345e-03  -1.9611123e-01   1.2974431e-01   2.3304050e-01  -3.6529888e-01   1.2654571e-01   2.1562823e-01   1.5263227e-01   1.4463228e-01   1.6541834e-01  -6.5852972e-02  -1.3108277e-01  -6.3484073e-02  -1.5983231e-01  -2.2291161e-01  -3.9009404e-01   3.8856146e-02   2.3677046e-01   2.2411382e-01  -6.1560818e-02   1.3132353e-01   2.2577528e-01  -3.2031312e-01   1.9144441e-01  -1.3176050e-01   9.9940674e-02   1.9954445e-01   1.4717221e-01   2.1004517e-01   3.7190621e-01  -4.1626852e-01  -1.0674290e-01   4.5132048e-01  -9.9367644e-02  -2.6561783e-01   2.8109769e-01  -1.1774570e-01   7.5307116e-03   5.6612292e-01   3.2510553e-01  -2.7665724e-01   4.3825351e-01  -2.1861418e-01  -1.2417520e-01  -1.9525054e-01   1.8824210e-01   2.9070255e-01  -1.4958753e-01   4.6241972e-03   1.8238985e-01  -1.9332947e-01  -7.0654247e-02   6.4937700e-02  -2.2071308e-01   4.0783080e-01   2.1561239e-01   1.4758408e-01  -1.1636297e-01  -2.2518697e-02   2.1036507e-01   1.9526015e-01  -8.0704142e-02  -9.5531969e-02   3.1433916e-01  -6.6090591e-02   4.1858870e-01   3.6652406e-01  -2.2370771e-01   2.9553056e-01  -4.3771494e-02   2.1196660e-01   1.4407898e-01   3.2761292e-01  -2.8767597e-01  -1.4487555e-01  -2.1532949e-01   2.7895204e-01   4.1811982e-01   1.2494719e-01  -9.8899370e-02   2.6820358e-01  -8.4392375e-02  -1.2067726e-01  -4.0251336e-01  -2.1555044e-01  -3.2239582e-01   1.4962118e-01  -5.6454553e-02   1.7813090e-02   3.6216762e-02   1.7449223e-01   1.5392649e-01   6.0122616e-01   5.7933752e-02   9.9843291e-02   3.2415389e-02  -2.9223068e-01   2.8608538e-01  -2.9831615e-03   6.8640450e-02  -7.1440439e-02  -1.6077759e-01   1.9896802e-01   4.6007854e-01   9.1120570e-02  -1.3644882e-01  -2.7733617e-01   2.5235986e-01   3.5420662e-01  -1.5837600e-01  -1.8464364e-01   4.0786094e-01   3.4186012e-02   1.8749088e-01  -3.1878810e-01   2.6950793e-01   1.9080499e-01  -3.2798339e-01  -1.6886956e-01   1.7454406e-01   1.6706737e-01  -1.9574339e-01  -1.4890626e-01   3.0210238e-01  -7.3574643e-02   9.0019509e-02   2.7411005e-01  -1.2709796e-01   2.7185643e-01
