   0.0000000e+00  -3.6382627e-01  -5.6878450e-01   5.9116064e-02  -4.4292521e-01   9.9966486e-02  -2.5272015e-01   6.3338352e-01   1.3420420e-01  -3.1485163e-01  -1.4107836e-01  -5.2181488e-01  -1.4324168e-01   4.5825785e-01   1.0139931e-01  -3.5402761e-01  -5.2433364e-01  -2.0750784e-01   5.8939956e-01  -3.1131473e-01  -9.5217681e-02  -9.2487794e-02  -1.3191072e-01   8.2281389e-01   4.1594022e-02   5.6899739e-01  -3.1565879e-01   4.3043697e-01   3.0818922e-01  -8.4647749e-02  -1.4246755e-01   5.0998562e-01  -1.5165215e-01  -4.1544390e-01   6.6609855e-02  -3.0926491e-01   1.7538259e-01   6.2757253e-01  -5.1401451e-01  -4.3329224e-01  -2.2562235e-01  -2.6854631e-01   1.4002242e-01  -2.8502874e-01  -1.5034643e-01   1.9475965e-01  -3.4601434e-01  -2.5335444e-01  -1.3419557e-01  -6.5218364e-01  -1.2027294e-01   6.4625558e-01  -3.4734496e-02  -1.6654610e-01   2.0695025e-01  -2.7587383e-02   5.7372729e-01   2.9386456e-01  -2.9828918e-02  -1.0772925e-01   1.2576094e-01  -1.9661812e-01   5.7918436e-02   1.0037891e-01  -7.1370073e-02  -2.6352635e-01   8.0841092e-02   3.2407862e-02   1.3264691e-01  -5.0863001e-01  -4.4485631e-01  -8.2075463e-02  -1.5346955e-01  -4.1358490e-01   2.5000411e-01   4.0468275e-01   4.0166114e-01  -1.4855645e-01  -3.2580707e-01  -2.0699265e-01   6.5089333e-01  -7.3845749e-02  -2.3364293e-01   5.7721057e-01  -7.4143645e-02   3.3937193e-01   8.9020210e-02   6.7596771e-01  -3.3616395e-01   7.1259581e-01  -3.1844553e-01   5.2814808e-02  -5.3808118e-01   2.2675335e-01   7.2099417e-01  -3.6532067e-01  -2.6830680e-01   5.6463899e-01  -3.8265579e-01  -1.9500513e-01  -4.8964322e-02  -1.6771030e-01   1.5717229e-01   2.5070628e-02  -1.4528520e-02   3.3281902e-01   8.9939308e-02   4.0966345e-01   6.6764236e-02  -2.8277913e-01  -4.5951968e-01   1.6225061e-01  -1.6448997e-01   8.5240305e-01   3.1599225e-01  -1.8597567e-01   1.4775201e-01  -1.6119902e-01  -7.9608001e-02   5.0098303e-02   6.9434882e-01  -4.1134693e-01  -1.1049539e-01  -2.9124849e-02   6.4634418e-01   5.0721635e-01  -1.3262355e-01  -1.1420460e-01   1.0037926e-01  -5.4529656e-01  -4.4545884e-01  -3.8620892e-01  -3.8814347e-01   5.8648385e-03   1.4180086e-01   5.6417770e-01  -3.3493540e-01   3.7873045e-01   6.5955163e-01   7.1753647e-01   6.6518218e-01  -3.5906662e-01  -9.1142301e-02  -4.0031213e-01  -1.7150461e-01  -1.7153612e-01  -1.8457454e-01  -1.1650777e-01  -1.8345529e-01  -6.2750641e-02   1.7765114e-01   6.2044019e-01   5.2895539e-01  -1.4251026e-01  -5.8019596e-01   7.1591917e-01   6.8791421e-01  -1.6653856e-01   6.3897445e-02   7.4756059e-01   2.8531303e-01  -1.9562754e-01  -2.2682147e-01  -3.7765515e-01   5.1035175e-01  -3.9955481e-01  -2.0080443e-01   2.3078351e-01   3.8916463e-01  -3.8971726e-01  -3.7352130e-01   6.7328141e-01  -3.0199246e-01   2.3468764e-01   8.5119449e-02  -2.6151423e-01   1.7470719e-01
  -3.6382627e-01   0.0000000e+00   6.4322915e-01  -2.9526146e-01   3.7061727e-01  -1.1804135e-01  -1.6165566e-01  -4.0346212e-01   3.1599345e-01  -2.0531058e-01  -9.7982514e-02   3.8976944e-01   1.8449705e-01  -2.6661721e-01   1.4237925e-01  -1.7215703e-02   7.2743112e-01  -2.9495375e-01  -3.8790951e-01   2.3380109e-01  -3.7754228e-01  -1.9616335e-02   3.5631405e-02  -3.4192994e-01   3.4157167e-02  -1.7595568e-01   7.9619920e-02  -1.3382821e-01  -1.2018846e-01   2.8625761e-01   9.3147320e-02  -2.4800301e-01  -2.0413719e-01   3.6017746e-01  -1.0058033e-01   1.4025203e-03  -2.2654742e-01  -3.6292996e-01   1.0442165e-01   1.0432497e-01   1.0025543e-01   4.8009441e-02   1.5424635e-01   2.0658387e-02  -2.1489867e-01  -2.3616365e-01  -6.5794496e-02   1.3326377e-02   3.5050289e-02   4.7083468e-01  -1.8019625e-01  -2.9313635e-01   6.5187395e-01   2.6190322e-01  -2.2695872e-02  -7.3491434e-02  -1.7453991e-01  -8.4133064e-02   3.3509739e-02   5.2755240e-02   8.9326824e-02   6.2630844e-02   3.7214155e-01   3.6794907e-01  -2.5156294e-02  -1.2346828e-01  -3.3748316e-01   2.1923063e-02  -2.5829598e-01   1.0626586e-01   4.6446460e-01  -1.8713500e-01   1.7073189e-01   2.3491618e-01   7.7033000e-02  -2.9493682e-01  -4.3859913e-02   3.9147588e-02   6.4452691e-01   3.8685502e-01  -2.2096733e-01   2.8730119e-02   1.6788054e-01  -3.1662835e-01   5.5202325e-02   3.4264092e-02  -2.1402098e-02  -2.5156038e-01   4.0809384e-01  -2.3081117e-01   6.3489768e-01   4.1849757e-02   3.8278648e-01   1.3839506e-01  -3.4529043e-01   5.2682531e-01   2.2764581e-02  -3.4755260e-01   1.1257896e-01  -3.1425281e-02  -2.6820312e-01   3.6464075e-02  -2.0347031e-01   1.7339976e-01  -1.8305341e-01  -4.0237369e-01  -7.0967887e-02  -1.9815033e-01   1.8365981e-01   4.3084837e-02   2.8613203e-01  -2.0631036e-01  -1.2547165e-01  -3.3286082e-01  -1.5289934e-01   6.9594795e-01   1.7970612e-01   2.2154639e-01   4.3601403e-02   1.7336334e-02  -3.7957404e-01   6.8528202e-01   2.7303621e-01   1.9208410e-01  -4.3743922e-01  -3.2425958e-02  -1.4359697e-01   4.5500497e-02  -2.8904371e-01   3.1559216e-01   2.4068990e-02   2.0925093e-01   7.2187105e-01   1.0261081e-01  -3.3797073e-01  -3.4662262e-01   3.3597573e-01  -3.4811263e-01  -2.6609268e-01  -2.0910978e-01  -1.9130653e-01   9.4620145e-02   1.3719749e-01  -7.1333018e-02  -5.2803669e-02  -1.2222119e-01   1.2368953e-02   3.0620715e-01  -2.4010821e-01  -3.9993385e-01  -1.2823237e-01  -3.8327203e-01  -2.3673514e-01   5.5503712e-01   5.0989366e-01  -2.2681927e-01  -3.0294796e-01   1.8052500e-01  -6.6001076e-02  -3.4906452e-01  -2.8409245e-01   1.3943153e-01  -4.6818248e-02  -1.3519388e-01  -1.5799046e-01   4.4215438e-01   2.0430083e-01   9.9524920e-02  -2.3866902e-01   3.8142537e-01   6.1191363e-01  -4.2670679e-01  -2.0820825e-01  -2.1186839e-01   8.8746250e-02   1.5624617e-01  -2.7150784e-01
  -5.6878450e-01   6.4322915e-01   0.0000000e+00  -2.8483540e-01   4.8073200e-01  -5.4484844e-02   1.0925552e-01  -5.9514459e-01   8.4067970e-04  -1.9205573e-02  -3.3424386e-01   5.7841589e-01   2.9988416e-01  -4.4102432e-01  -2.3418941e-01   2.3878578e-01   8.7915603e-01  -2.1757112e-01  -5.0118103e-01   4.4014871e-01  -2.5159039e-01  -2.0824414e-01   3.0639659e-02  -5.4087887e-01   6.0287989e-02  -3.9002858e-01   4.4960845e-01  -2.9785746e-01  -1.9058423e-01  -3.9645345e-03  -5.3859410e-02  -4.5545808e-01   3.5853132e-03   3.8766439e-01  -1.7740386e-01   1.4837738e-01  -3.7357916e-02  -4.8816892e-01   2.4385767e-01   6.2994441e-01   8.8525994e-02   3.0060741e-01  -9.8910329e-02   3.6081391e-02  -1.7894539e-01   1.5483848e-01   3.6695790e-02   6.6811469e-02   1.4384969e-01   7.9459052e-01  -1.3204194e-01  -4.6582735e-01   3.1032163e-01   4.1129926e-01  -4.4663399e-02   1.3387364e-02  -4.0875504e-01  -3.3990442e-01  -1.0043624e-01  -1.2440346e-01   2.4838517e-01   1.5041310e-01   8.2827965e-02  -1.1048873e-01  -3.0854684e-01  -4.6697473e-02  -3.4026825e-02   9.3093163e-02  -1.5114385e-01   6.2515722e-01   5.5304021e-01  -1.6195634e-01   2.5238767e-02   5.8430065e-01   1.6963747e-02  -4.1622761e-01  -6.4295482e-02   1.1503597e-01   5.5910053e-01   2.9548434e-01  -4.0008922e-01  -2.7273917e-03   2.3721209e-01  -4.6995836e-01   2.5202372e-01  -2.3777729e-01  -2.0497935e-01  -3.1220163e-01   5.0547211e-01  -3.8686654e-01   5.8492153e-01   2.7010978e-01   6.9443565e-01  -1.8727296e-01  -5.5580486e-01   7.3320269e-01   1.8917822e-01  -5.1655484e-01   1.5806705e-01  -3.0246500e-02  -7.0239622e-02  -7.0817079e-02  -2.6109707e-01  -1.7787986e-01  -2.8656879e-01  -4.7473990e-01   1.6067174e-01  -3.7049583e-01   1.7999309e-01   1.2037952e-01   5.9542736e-01  -2.7636635e-01  -1.0873006e-01  -5.3249444e-01  -2.2087479e-01   3.5552220e-01   5.3303874e-02   1.1243903e-01   2.4143780e-01   8.7078977e-02  -5.0020949e-01   6.7657597e-01   2.8935344e-01  -2.2185981e-01  -4.1871205e-01  -1.5746996e-01  -2.4054550e-01   4.9463119e-02  -4.5950716e-01   6.4784992e-01   1.8047674e-01   2.2609591e-01   6.9514493e-01  -1.6346646e-01  -3.9376977e-01  -5.0766113e-01   4.0020469e-01  -4.6299753e-01  -4.4918213e-01  -4.9660166e-01  -3.7930335e-01   3.3127340e-01   3.8006275e-02   3.2528103e-01  -2.2440929e-01  -2.8673296e-01   2.9975899e-01  -7.3878980e-02  -9.7857288e-02  -2.2276270e-01  -8.6927733e-02  -5.5200819e-01  -1.9379950e-01   2.0290028e-01   8.5879965e-01  -4.3010187e-01  -5.2566138e-01   2.2016730e-01   1.4729933e-01  -5.4630210e-01  -2.4181600e-01  -6.0189104e-02   3.9644532e-02  -1.2811144e-01  -3.7254415e-01   5.4590772e-01   2.6490351e-02  -9.0038891e-02  -1.0926128e-01   5.0909627e-01   4.6491469e-01  -5.1700601e-01  -1.2258416e-01  -6.7705699e-02   1.4332635e-01   3.7119566e-01  -4.4105349e-01
   5.9116064e-02  -2.9526146e-01  -2.8483540e-01   0.0000000e+00   1.1394304e-01   1.5870955e-01   1.4923531e-01  -6.9981968e-02   1.2665245e-01   2.8620359e-01   2.2273991e-01  -1.2700237e-02  -9.5951382e-02   2.0175345e-01   4.3900477e-02   1.2563797e-01  -2.9460709e-01   5.0536836e-01  -5.3151885e-02  -3.3262762e-02   3.0407921e-01   4.5683790e-01  -8.8207626e-02  -6.4419096e-02   1.6879074e-01  -4.2976739e-02   3.3521497e-02  -5.7579997e-02   3.2707494e-01   2.9085734e-02  -1.0084233e-01   1.5283528e-01   1.6642538e-01  -6.1855421e-04   2.2485033e-01   2.1527845e-01   2.6191174e-02  -1.8247934e-01   9.2845469e-02  -1.5135856e-01   1.1137410e-02  -9.1192449e-03   2.4867957e-01   3.3978888e-01   6.6087206e-02  -1.0747452e-01   2.7125268e-01   1.8387653e-02  -3.2361568e-02  -2.0219080e-01   3.4659218e-01  -1.1036315e-01  -1.9549575e-01  -3.8746948e-01  -3.7665005e-02   1.0368420e-01  -8.8353195e-02   3.3337146e-01   1.6600107e-01   2.5220425e-01  -3.5623818e-01   2.8991204e-01  -3.2191398e-02  -2.4878757e-01   2.9268583e-01   2.3744091e-01   1.5963806e-01   4.5913929e-01   3.5954419e-01   1.9808316e-02  -1.2736293e-01   1.0141196e-01  -1.7868548e-01  -9.6943711e-02  -2.6053137e-01   3.4260444e-01  -3.8690783e-01   3.0021209e-01  -1.0639757e-01   1.0689139e-02  -1.8002286e-01  -6.6121349e-02  -1.6665889e-01  -3.6323243e-02  -1.7021823e-01   1.1993250e-01   6.2636233e-02  -2.6690275e-01   4.4538921e-02  -1.6634818e-01  -2.2872887e-01  -3.7463485e-01  -1.6482178e-01   5.2947948e-02  -1.4512956e-01  -2.1410589e-01   2.1059868e-01   7.9044260e-02   3.6467095e-01   3.4331785e-01   4.1315946e-02  -9.5862087e-04   1.0535303e-01   1.5782341e-01   3.6805318e-01   7.2111932e-01  -1.4058617e-01   3.3163624e-01  -2.4275562e-02   2.0169928e-01  -2.2246853e-01   2.4166097e-01   6.6221048e-01  -3.6714802e-02  -1.2610511e-01  -3.0516422e-01   6.7332299e-02   3.7407632e-02   3.2581647e-01  -1.7859463e-01  -2.0065122e-01  -2.5185158e-01   5.3423365e-02   4.7560505e-02  -1.5341238e-01  -2.4625175e-02   3.0600320e-01   5.1649114e-02   5.5998783e-01  -5.6285422e-02  -4.1542014e-02   7.3094616e-02  -1.8427596e-01  -1.5883062e-01   2.2994208e-01   1.4299104e-01  -7.6417668e-02   5.3092485e-02  -1.3200581e-03  -1.4389333e-02   1.1295815e-01  -1.7050323e-01   3.2735860e-01   2.7247288e-01   2.5434332e-01   3.8724752e-01  -1.4119352e-01   2.5076742e-02   3.7726174e-01   2.1442783e-01  -2.3921802e-01  -4.7888739e-02  -3.8453532e-01  -3.5089637e-01  -9.7877206e-02  -1.5606188e-01  -1.2816756e-01   1.0087488e-01  -2.9682403e-01  -9.5127391e-02   4.0943428e-01   3.0496041e-01   2.7638750e-01   5.1632770e-01  -2.1788161e-02  -9.0340758e-02   1.5825605e-01   1.0744456e-01  -2.5793969e-01  -3.2722226e-01  -3.2437125e-02  -1.9682685e-01   5.9258492e-01   5.4574399e-02  -1.8991539e-01  -1.2397497e-01   5.5427686e-01
  -4.4292521e-01   3.7061727e-01   4.8073200e-01   1.1394304e-01   0.0000000e+00   1.3577586e-01   1.3660086e-01  -5.4368479e-01  -1.9023223e-01   3.5962232e-01   6.6556126e-02   3.6883829e-01   3.8241390e-01  -3.7005134e-01  -2.8762333e-01   2.7839751e-01   5.4873298e-01   3.3974414e-01  -5.4078589e-01   6.7814559e-01  -1.0516007e-01  -9.3671100e-02  -1.7126210e-01  -5.0098617e-01   1.6753851e-01  -4.7200535e-01   4.8761217e-01  -3.9814042e-01  -1.8115421e-01   5.1498979e-02  -2.6848808e-01  -2.6601718e-01  -4.0925730e-03   3.3479817e-01  -2.1988134e-01   5.7365163e-01  -2.1492868e-02  -5.0813882e-01   3.2549045e-01   3.2124299e-01   2.1901594e-01   1.2338291e-01  -1.1480002e-01   2.1242993e-01   1.7093180e-01  -7.4255292e-02   3.4327413e-01  -7.6121463e-02   2.1097209e-01   3.7786557e-01   3.0914708e-01  -4.9446513e-01   3.5147955e-01   1.2700458e-01  -1.6221071e-01   2.4413671e-02  -4.6836865e-01  -1.9069595e-01  -8.0562871e-03   2.6720826e-02   1.3281044e-02   4.6691322e-01   1.6852361e-02  -3.9056219e-01   6.1930915e-02   4.7727122e-01   2.4002256e-01   2.7231923e-01   2.7160019e-02   2.9075750e-01   2.4611388e-01   1.8215794e-01   1.7058286e-01   2.8304297e-01  -1.8884487e-01  -3.1973224e-01  -3.5448159e-01   2.4856603e-01   6.1820270e-01   2.3540342e-01  -4.7630476e-01   1.2432670e-02   7.7909735e-03  -5.0933210e-01  -1.4744995e-01  -2.0615892e-01  -3.0598038e-01  -4.7588095e-01   3.7353881e-01  -5.1116358e-01   5.5450540e-01  -1.1190407e-01   5.9701322e-01  -3.6245582e-01  -5.2224202e-01   5.8360544e-01   2.5845511e-01  -4.9395666e-01   4.7777314e-01   2.7901684e-01  -2.9664265e-01  -1.5753371e-01  -1.8290315e-01  -2.3487494e-01  -1.4385968e-02  -2.1845776e-01   2.8278582e-02  -2.8488632e-01   2.8482534e-02   6.6983531e-01   2.0897361e-01   5.4759052e-02   3.1931117e-01  -4.8530909e-01  -4.1151800e-01   2.4260260e-01  -1.3059093e-01   1.4902669e-01   3.2655333e-01  -1.2694867e-01  -5.3194777e-01   6.1403545e-01   8.9750080e-03   1.4072579e-02  -4.3958140e-01  -3.1780058e-01   1.8579095e-01   7.8332593e-02  -1.4979824e-01   3.8639400e-01   2.0439763e-01   4.1876502e-01   4.3224806e-01  -2.5118759e-01  -2.0097706e-01  -5.0644837e-01   1.7680796e-01  -3.9706535e-01  -5.5185596e-01  -4.9891544e-01  -3.4683397e-01   1.5650605e-01   1.4501567e-01   4.4002452e-01  -8.9564861e-02  -8.5155150e-02  -1.5476211e-01   3.0632883e-01   3.9268079e-01   1.1444621e-01  -4.4346228e-01  -5.3594633e-01  -3.7468819e-01   3.9653322e-02   5.5374621e-01  -4.9979471e-01  -5.0046770e-01   1.4362938e-01  -6.8183849e-02  -5.1470456e-01  -5.5561696e-02   1.0625718e-01   5.9347517e-01   2.1299846e-01  -4.3449675e-01   2.7154831e-01   2.9570360e-01  -4.0267013e-02  -2.5473847e-01   3.1273411e-01   6.3173557e-01  -4.9656043e-01   4.0681813e-01  -1.3689725e-01  -2.0111804e-03   2.3280873e-01  -2.7793387e-01
   9.9966486e-02  -1.1804135e-01  -5.4484844e-02   1.5870955e-01   1.3577586e-01   0.0000000e+00   7.3729118e-02   1.9107723e-01  -1.9191807e-02   1.6052504e-01  -8.1012096e-02  -5.2964537e-02  -3.4911315e-02   8.0880028e-02   3.2609090e-01   2.5284341e-03  -9.1832119e-02   3.1128809e-01   4.4513219e-02   2.6231875e-01  -3.1435984e-01   1.9610032e-01  -2.7762067e-01   3.2767203e-02   5.4622329e-03   3.2699052e-01   3.2535056e-01   1.9411228e-01  -1.4864138e-01   1.3176025e-01  -5.6401233e-01   2.6827546e-01  -2.3094999e-01   9.5241048e-02   2.2332917e-02   3.1740618e-01  -3.6086589e-01   5.5405951e-03  -2.8452994e-01  -6.5342360e-03  -2.7385439e-01  -2.6496856e-01   2.5441328e-01   1.1084189e-01   1.6645572e-01   2.5163864e-01   5.0018513e-01  -4.7678206e-01  -3.3739048e-01  -3.3285908e-01   4.5149986e-01   8.7782764e-02   8.6707025e-02  -9.9405170e-02  -1.5174585e-01   1.7662422e-01   1.8468350e-01   1.5941894e-01   3.2787103e-01   3.5412245e-01  -1.2321681e-01   2.5816864e-01   1.9106607e-01  -3.5219505e-01  -2.7725323e-01   4.5266441e-01   4.8254279e-01   4.1586051e-02   3.8414374e-01   1.7520149e-01  -4.3488772e-01   3.8333427e-01  -1.7256994e-01   4.6663391e-02  -1.6093986e-01   8.9612637e-02  -1.4275018e-01  -1.8290186e-01   3.5532018e-01   2.7347241e-02   1.8696597e-01   9.9125355e-02  -2.8895428e-01   1.1781226e-02  -3.6202619e-01   1.4914661e-01  -7.4102283e-02   1.3156915e-01   1.2879626e-01   8.3985335e-02  -1.8350900e-01  -4.0748067e-01   8.5849330e-02   1.3210627e-01   7.1831545e-02  -1.8313803e-01   2.1830658e-01   1.0576480e-01   6.8785987e-02   2.8274470e-02  -1.8576165e-01   3.1117798e-01   1.7270578e-01   9.5708084e-02   3.7101244e-01   4.5911532e-02  -8.5164961e-02   2.1632517e-01  -4.3956871e-01   1.9101244e-01  -2.2426954e-01   4.4639433e-01   6.3427402e-02   6.8028719e-02   1.7682825e-01  -1.0244045e-01  -4.3973211e-02  -2.5978651e-01   2.2983901e-01   3.6407518e-01  -2.1779571e-02   4.2536374e-02   2.1054995e-01  -4.1757227e-01   6.1816859e-02   2.6731335e-01   2.0848846e-01  -3.6228320e-01   1.3818837e-01  -2.1879141e-01  -2.7321973e-01  -1.7501164e-01  -1.1331667e-01  -5.5600192e-01   1.5755262e-01   8.2313156e-02  -5.9206339e-02   2.0960271e-01   1.0918263e-01   8.0693377e-02   9.7287172e-02  -2.4383928e-01   1.1312716e-01   3.9976487e-01  -1.1994659e-02   3.5484497e-02  -2.5780376e-01   3.3059550e-01   4.3763054e-01  -2.8658343e-01   4.8434536e-02  -6.3436322e-03   2.6163647e-02  -1.9181149e-01  -1.2138869e-02  -2.7120485e-02   5.6801614e-02   1.2875311e-01  -2.4903307e-01   1.2583756e-01   6.9339188e-03  -2.7960261e-01   1.4082633e-01  -5.6436052e-03   1.2360711e-01  -3.8594522e-01   1.3782567e-01  -1.6013737e-01   8.6856287e-02  -4.4622335e-01   2.3470291e-01  -1.6794490e-02   1.6622516e-01   3.1756037e-01  -8.9052134e-03  -3.3362719e-01   2.9408473e-02
  -2.5272015e-01  -1.6165566e-01   1.0925552e-01   1.4923531e-01   1.3660086e-01   7.3729118e-02   0.0000000e+00  -3.9933757e-01  -1.6100007e-01   5.7347793e-01   2.1172876e-01   5.3404007e-01  -1.1781106e-02  -1.7900995e-01   6.8519839e-02   1.7782123e-01  -3.0258160e-02   4.3323333e-01  -3.0772489e-01   1.3446088e-01   3.3918194e-01   2.8720669e-01   3.9820907e-01  -4.2725719e-01  -3.6315813e-02  -4.2601588e-01   2.5221677e-01  -2.5511138e-01  -9.6061572e-02   1.3535617e-01   1.0179493e-01  -6.2024334e-02   4.1462225e-02   5.5245664e-01   2.3814786e-01   3.5354678e-01   1.2869478e-01  -4.4245452e-01   1.3558781e-01   2.4429773e-01   7.4771055e-04   5.0423515e-02   1.0682790e-01   2.3361599e-01   3.7429467e-01   3.1147553e-02   2.6857628e-01   4.2162059e-01  -2.1164042e-01   8.4215552e-02   3.7297935e-01  -4.3798033e-01  -2.5613024e-01  -1.6684902e-01  -6.8612930e-02   2.8162745e-02  -4.2048482e-01   1.3971528e-01  -1.2208078e-01   2.3297573e-01  -5.1844771e-01   2.5372195e-01  -2.2674387e-01  -4.1539302e-01   5.3660527e-03   4.6735833e-01   6.1067164e-02   1.3444405e-01   1.7975079e-01   5.2097197e-01   2.9434402e-01   3.4015756e-01  -2.7197118e-01  -2.1694416e-02  -3.8165053e-01  -1.2437864e-01  -5.3402155e-01   3.4428753e-01  -9.5744707e-02  -1.4823835e-01  -1.9545898e-01  -3.2725841e-02  -1.8435386e-01  -3.8505634e-01  -1.2705294e-01  -9.9194991e-02  -9.5195321e-02  -3.1318695e-01  -2.3073710e-01  -4.1063552e-01  -2.4943580e-01  -4.9688287e-01   1.8730339e-01  -1.0361385e-01  -3.8958675e-01  -8.7475966e-02   4.3101204e-02  -2.8661862e-01   3.2582577e-01   5.7553535e-01   3.0226026e-01   3.6213749e-01   3.2732378e-02  -1.7700006e-01   3.1250446e-01  -1.4317525e-02  -3.2212656e-01  -7.2023790e-02  -1.9988853e-02  -1.1044057e-02   2.3874079e-01   3.8824501e-01   1.9227164e-01  -3.4279295e-01  -3.3315721e-02  -3.7711930e-01   2.0986520e-02   3.3393360e-02   2.9599595e-01  -8.1839274e-02  -4.6509166e-01  -8.2883811e-02   1.5071391e-01  -1.2611229e-01  -4.3324046e-01  -1.7945331e-01   3.7870726e-01  -2.1230227e-01   1.1400062e-01   1.5569750e-01  -5.0986074e-02   4.1915231e-01  -2.3503518e-01  -6.5792047e-02   1.4722276e-01  -2.7577017e-01   1.2960499e-01  -2.5683754e-02  -3.0043592e-01  -3.0679555e-01  -2.4987840e-01   1.1666568e-03   2.8122452e-01   3.5407051e-01   5.7706422e-01   1.8582525e-01   4.8392744e-01  -1.0441001e-01   4.6610426e-01   4.0258181e-01  -1.7430808e-01  -2.9672498e-01  -5.2848013e-01  -3.5265193e-01   9.5850610e-02  -5.3802060e-01  -4.4317996e-01   1.5564407e-01  -4.7413129e-01  -2.4714813e-01   1.1754319e-01   7.1575506e-02   3.2693090e-01   4.0345069e-01  -2.3064730e-01   1.6950006e-01   2.5073833e-01  -6.4309336e-02  -4.8307078e-01  -2.0410549e-01   9.7032033e-02  -4.1160881e-01   3.8280180e-01  -1.3295746e-01  -2.5840826e-01  -1.9275355e-01   9.9410737e-02
   6.3338352e-01  -4.0346212e-01  -5.9514459e-01  -6.9981968e-02  -5.4368479e-01   1.9107723e-01  -3.9933757e-01   0.0000000e+00   1.0473085e-01  -3.6077517e-01  -1.7864646e-01  -5.9409907e-01  -2.3947991e-01   4.5571776e-01   1.9845004e-01  -4.0022633e-01  -5.5943571e-01  -2.4458383e-01   6.9315106e-01  -4.4090123e-01  -2.2674619e-01  -1.3907967e-01  -2.8640944e-01   6.4587173e-01  -1.0784735e-01   7.3171478e-01  -3.6848911e-01   4.5496392e-01   1.9341793e-01  -1.2671153e-01  -1.2320187e-01   4.9371308e-01  -8.0199203e-02  -4.7530557e-01   1.1701414e-02  -4.6353795e-01  -1.1662628e-01   7.5097365e-01  -4.9017838e-01  -4.3144298e-01  -3.4098658e-01  -3.0228572e-01   1.2636334e-01  -1.7002879e-01  -1.7986652e-01   2.0513905e-01  -2.4993089e-01  -4.2652592e-01  -3.6163470e-01  -6.6120985e-01  -2.2019904e-01   8.5111512e-01  -1.3537555e-01  -2.0607790e-01   6.5512479e-02   5.5798313e-02   7.3334101e-01   1.3090245e-01   1.1985077e-01  -5.7514090e-02   2.4107287e-01  -3.4324883e-01   1.2831621e-01   2.7818662e-01  -1.9933915e-01  -3.0026901e-01   4.3171595e-02  -2.0218777e-01   6.9894084e-02  -4.3819333e-01  -5.6221215e-01  -1.5449821e-01  -1.2474481e-02  -3.8027253e-01   3.1635236e-01   4.7876140e-01   5.2501092e-01  -3.0812449e-01  -3.3464070e-01  -1.7650317e-01   6.5418281e-01   3.9341103e-02  -1.2177228e-01   7.9055704e-01   3.9969692e-03   2.3036742e-01   8.6686470e-02   5.1178114e-01  -3.1791479e-01   7.1324990e-01  -4.3714939e-01   1.8172850e-01  -5.5096498e-01   3.3841148e-01   8.0037462e-01  -5.0893325e-01  -1.5832581e-01   6.8322485e-01  -4.8800153e-01  -4.3592286e-01   1.9417026e-02   2.2803474e-02   2.2734953e-01   2.2536723e-01  -7.5773447e-02   3.3903568e-01   7.7056588e-02   3.7752396e-01  -2.6419270e-01  -3.3949082e-01  -4.5840733e-01  -4.7107638e-02  -2.5213096e-01   6.8825576e-01   4.5152793e-01  -2.5435389e-01   3.2126769e-02  -1.4899336e-01  -2.7400716e-01   1.3309968e-01   7.9132258e-01  -4.7875679e-01  -9.0826106e-02  -1.6515087e-01   7.2931477e-01   3.3613469e-01  -1.3816255e-01  -1.8222561e-01   1.7982401e-01  -4.7791670e-01  -2.9365178e-01  -5.8036644e-01  -4.2981925e-01  -2.6466857e-02   1.8859180e-01   7.6475573e-01  -3.2617973e-01   5.8195847e-01   7.1392747e-01   6.4161387e-01   4.6765150e-01  -2.8301632e-01  -2.6991118e-01  -3.9223521e-01  -2.5679226e-01  -1.3297799e-01  -2.5548750e-01  -1.6250589e-01  -2.8370604e-01  -2.0094276e-01   3.8695954e-01   8.1628255e-01   6.3953092e-01   2.3677576e-02  -5.5602324e-01   6.8222121e-01   8.1742156e-01  -1.5457120e-01   2.5494714e-01   8.0983429e-01   8.1937100e-02  -1.5447487e-01  -3.7954857e-01  -4.0857716e-01   4.7584895e-01  -6.3083927e-01  -2.2582214e-01   8.4675962e-03   5.1563865e-01  -3.8730973e-01  -4.9981201e-01   7.7578142e-01  -4.0354404e-01   3.5192254e-01   1.8030416e-01  -2.7201009e-01   2.0490954e-01
   1.3420420e-01   3.1599345e-01   8.4067970e-04   1.2665245e-01  -1.9023223e-01  -1.9191807e-02  -1.6100007e-01   1.0473085e-01   0.0000000e+00  -2.8072846e-01  -1.1297890e-01   8.0413303e-02  -2.1142553e-01   2.6787232e-01   3.1408163e-01  -2.0047441e-01  -5.4249351e-02  -2.5026725e-01   2.1841588e-01  -3.0701805e-01  -6.8908351e-02   3.1770367e-01   2.0540355e-01   1.7951596e-01  -1.2998704e-01   2.6542764e-01  -1.6813127e-01   1.7524558e-01   1.3268607e-01   3.2723915e-01   3.6890785e-02   1.2495059e-01  -1.6726694e-01  -2.8069278e-02   3.4523592e-01  -2.3322129e-01  -8.3445603e-02   4.6817497e-02  -2.2910196e-01  -1.7521312e-01  -7.1316473e-02  -1.7464161e-01   4.5281429e-01   5.0981906e-02  -2.0960424e-01  -6.9985354e-02  -2.2476557e-01  -2.3154425e-03  -1.3516295e-01  -1.0087431e-01  -1.2987060e-01   1.4068184e-01   7.3931990e-02  -8.6893824e-02  -2.8628833e-02   6.8943017e-02   2.4657699e-01   2.3452018e-01   1.6860824e-02   2.6358558e-01  -5.8237382e-02  -1.4657886e-01   5.6634912e-01   4.5144948e-01   7.0836749e-02  -3.1268709e-01  -2.4296306e-01   8.8670695e-02   6.3928441e-02  -1.5511730e-01   3.1515311e-02  -1.2150360e-01  -1.4261527e-01  -9.3839281e-02   1.1877464e-01   2.1375106e-01   2.3362116e-02   1.2955349e-01   4.8400581e-02   2.0124730e-03   4.0458416e-02  -5.5626946e-02  -7.8392681e-02   6.7619599e-02  -1.5676870e-02   2.0707780e-01   5.0472002e-01   8.7697440e-02   2.2227061e-01   1.3955806e-01   1.8461396e-04  -8.6331750e-02  -1.4914675e-01   5.7028807e-01   1.6076442e-01  -1.5685297e-01  -7.3594166e-02   2.3588458e-01  -1.1854155e-01  -5.3104659e-02  -1.3068317e-01   4.2777695e-02  -6.2138324e-02   6.0152096e-01   7.5639641e-02   2.9384747e-01  -1.6559361e-01   3.8317177e-01   1.3387414e-01  -2.6232495e-01   3.1910788e-02  -1.0108712e-01   9.3401098e-02   1.4672112e-01   1.2422111e-01   2.3176038e-01   3.1736647e-01   7.5890908e-02  -2.2638116e-02   2.1858175e-02   7.4955344e-02  -1.3380148e-01   4.3786682e-01   1.2234260e-01   6.9059562e-02   2.8050906e-01  -2.0526922e-02  -1.9897044e-01   3.2790715e-01  -1.8375086e-01  -3.3758690e-01  -1.3106914e-01   1.7029821e-01   9.4863439e-02   2.8603721e-01   2.4719165e-01   6.3546459e-02   2.0409167e-02   2.7575024e-01   2.3744200e-01   3.1704880e-01  -2.0368335e-01   2.2348330e-01  -1.1770259e-01   6.5138379e-02   1.0220034e-01   4.0927985e-03  -2.6763977e-04  -1.8473970e-01  -3.7528228e-01   1.5181331e-01   5.3435221e-02   9.5004129e-02   1.1539814e-01  -2.2175197e-02   1.8888325e-01   1.6885488e-01   7.2995963e-02  -1.3751085e-01   6.0860819e-02   7.8342011e-02   3.6810972e-01  -3.4869308e-01  -1.9215341e-02   2.8060165e-01   9.1841699e-02   6.9221617e-02   1.9114958e-01  -8.3708231e-02  -1.9000968e-01   9.2666952e-02  -4.5599230e-02  -1.4602421e-01   3.8678719e-02   1.0098750e-02  -1.9820037e-01   4.6346434e-01
  -3.1485163e-01  -2.0531058e-01  -1.9205573e-02   2.8620359e-01   3.5962232e-01   1.6052504e-01   5.7347793e-01  -3.6077517e-01  -2.8072846e-01   0.0000000e+00   4.1156894e-01   3.6123416e-01   6.1460789e-02  -2.7209254e-01   2.3344595e-02   2.3090117e-01  -4.7201357e-02   7.3707574e-01  -4.1229319e-01   3.6922065e-01   3.3977244e-01   2.4809629e-01   1.2995695e-01  -4.3951556e-01  -1.2482463e-01  -4.8746221e-01   2.4443077e-01  -3.5047111e-01  -2.8199737e-01   1.7238685e-01  -1.1610410e-01  -1.5054062e-01   9.0512559e-02   4.7069845e-01  -2.2601041e-02   6.7534073e-01  -6.7595329e-02  -4.9966950e-01   2.7605934e-01   1.2742337e-01   1.2378050e-01  -8.6792956e-02  -5.2893659e-02   2.3124851e-01   6.4448959e-01  -7.6564564e-02   5.5875934e-01   1.8597215e-01  -4.1210742e-02   3.3337244e-02   5.8050864e-01  -4.8862952e-01  -2.0739507e-01  -2.3514442e-01  -1.9002183e-01   5.2793281e-02  -5.3529635e-01   2.9083529e-02   2.1684433e-02   2.0553270e-01  -4.9053835e-01   4.0691894e-01  -2.8115360e-01  -4.9221386e-01   2.0537803e-01   8.3045184e-01   2.0581180e-01   1.4725336e-01   1.4753859e-01   4.1001113e-01   8.8181667e-02   5.0641611e-01  -1.5793402e-01  -9.7202479e-02  -5.2621133e-01  -1.3838286e-01  -6.1483712e-01   2.2923015e-01   3.7730727e-02  -1.8135407e-01  -4.4465209e-01   5.1479298e-02  -2.7874247e-01  -4.1157537e-01  -3.5462041e-01  -2.0814630e-01  -1.9398961e-01  -5.1823282e-01  -4.4563744e-03  -4.8540059e-01  -1.6712846e-01  -5.5469300e-01   2.8520186e-01  -3.2207448e-01  -4.8148734e-01  -9.4386566e-02   1.4393271e-01  -4.1318158e-01   5.4241528e-01   6.1299357e-01  -1.3017843e-02   2.8284083e-01  -6.4406911e-02  -9.4248531e-02   3.6777541e-01   3.8736325e-02  -3.3322662e-01  -2.3544740e-01  -2.4116003e-01   4.8446891e-01   4.7145119e-02   4.1177976e-01   4.5274905e-01  -4.5424819e-01  -2.2006346e-01  -2.7934013e-01  -1.8481777e-01  -9.4957407e-03   1.9855500e-01  -3.1904620e-02  -5.3139333e-01   2.8237786e-03   3.8784088e-03  -1.5654825e-02  -4.9289426e-01  -4.0105812e-01   5.6121540e-01   8.7970628e-03   2.0833743e-01   7.8899711e-02   1.0088537e-01   4.2965406e-01  -2.1719605e-01  -1.4584319e-01   1.7757054e-01  -3.2144380e-01   4.2164989e-02  -2.2327990e-01  -4.8367003e-01  -4.8248796e-01  -2.7332635e-01   1.2566015e-02   2.7114955e-01   4.9592999e-01   4.5784151e-01   3.2785143e-01   6.0129308e-02   2.6451473e-01   7.3591218e-01   5.1277940e-01  -4.1977246e-01  -3.2283245e-01  -5.5578577e-01  -3.3397234e-01   1.5056643e-02  -5.6100325e-01  -4.9105057e-01   3.4216462e-02  -4.1847464e-01  -3.9865237e-01  -8.8441456e-03   8.7561148e-02   6.9486363e-01   5.7958982e-01  -4.5383012e-01   4.3769929e-02   2.5081182e-01  -3.1682623e-01  -5.0704135e-01  -1.5286822e-01   2.4959281e-01  -4.6551796e-01   7.2703664e-01  -2.0513493e-01  -3.1532482e-01  -7.0248488e-02   6.9057461e-02
  -1.4107836e-01  -9.7982514e-02  -3.3424386e-01   2.2273991e-01   6.6556126e-02  -8.1012096e-02   2.1172876e-01  -1.7864646e-01  -1.1297890e-01   4.1156894e-01   0.0000000e+00  -2.1007000e-02   5.7205318e-02  -1.5679550e-01   2.1612314e-01   3.7544058e-01  -3.0953330e-01   5.2571356e-01  -2.2977960e-01   4.6835935e-03   2.5314430e-01   3.0800029e-01   2.0486137e-01  -1.4952961e-01  -1.6296466e-01  -3.1578632e-01  -8.5037698e-02  -2.5016061e-01  -9.7738067e-02   2.6253271e-01   1.6307792e-01   9.4162045e-02   2.6081682e-01   9.3527590e-02   5.3895622e-02   3.7639460e-01  -1.4754566e-01  -3.0780936e-01   4.0527413e-01  -3.5735882e-01   3.0977693e-01   3.9969644e-02   1.0261343e-02   1.2234774e-01   5.8826098e-01  -4.4504672e-01   4.5332614e-01   2.1689250e-01   3.0187746e-02  -1.9377771e-01   4.4666548e-01  -3.2651776e-01  -1.9149374e-01  -1.6512288e-01  -1.0984598e-01  -1.3493056e-01  -2.5418032e-01   2.4210795e-01   1.1845745e-01   2.9074276e-01  -5.2994270e-01   2.4070405e-01  -1.4165636e-01   6.4443047e-02   6.2715336e-01   4.0643806e-01  -1.7603838e-01  -6.9552412e-02   2.4388311e-01  -1.9296420e-01  -7.8977436e-02   3.9467734e-01   1.9487816e-01  -3.8412936e-01  -2.7230363e-01   7.1928472e-02  -4.7590608e-01   1.0530246e-02  -1.7113412e-01   8.2943175e-02  -3.0629194e-01   2.1753797e-01  -2.6600737e-01  -2.8656523e-01  -4.2896891e-01   7.4056204e-02  -1.0471790e-02  -2.7559629e-01  -1.8046321e-01  -3.2309958e-01  -1.4136202e-01  -5.0182119e-01  -2.5118828e-01   3.8042949e-03  -2.4687018e-01  -3.1296830e-01  -6.1036684e-02  -1.5166389e-01   2.6439761e-01   2.9761917e-01  -1.7430497e-01   2.9751870e-01  -1.5505113e-01   8.8032365e-02   3.9703014e-01   3.9884819e-02  -4.0042187e-01   4.8325703e-02  -1.7075563e-01   1.6504888e-01  -1.5344514e-01   2.8424913e-01   2.0370658e-01  -1.7253682e-01  -2.3441753e-01   3.9012156e-02  -1.0144049e-01   2.4589940e-01   4.8752025e-02  -4.7026784e-02  -2.9846181e-01  -1.7335916e-01  -2.4906871e-01   5.2643660e-01  -3.9663561e-01  -2.9402993e-01   6.1350937e-01   1.3203446e-01   2.3402337e-01  -2.6791535e-01   1.7774618e-01   4.5150896e-01  -2.9173288e-01   3.9481870e-01   2.4323370e-01  -1.1153234e-01   4.7426084e-02  -1.1488983e-01  -1.8986587e-01  -2.0940073e-01  -1.2255675e-01  -1.5584992e-01   3.7441001e-01  -5.9672589e-02   5.7710672e-01   4.9208323e-01  -1.7886514e-01   5.0506830e-01   3.0106993e-01   2.2362888e-01  -3.1448233e-01  -2.4195362e-01  -4.6362407e-01   1.8989253e-01  -3.5560334e-01  -2.4460384e-01  -2.5749372e-01   1.3045341e-02  -4.2691171e-01  -2.2168544e-01   3.6572416e-02   3.5977007e-01   3.6703182e-01   5.4532037e-01  -2.7607579e-02   2.9548498e-02   3.9921439e-01   1.8801162e-01  -4.5708954e-01  -2.1955529e-01   1.1044940e-01  -2.5236670e-01   4.6744815e-01  -1.0127580e-01  -1.9320878e-01  -2.2831050e-02   1.7512485e-01
  -5.2181488e-01   3.8976944e-01   5.7841589e-01  -1.2700237e-02   3.6883829e-01  -5.2964537e-02   5.3404007e-01  -5.9409907e-01   8.0413303e-02   3.6123416e-01  -2.1007000e-02   0.0000000e+00   1.1370982e-01  -4.3113109e-01   9.1755234e-02   1.4795961e-01   4.5676734e-01   1.3319307e-01  -4.2943252e-01   2.6451176e-01   4.3189979e-02   1.1353933e-01   3.4965873e-01  -6.0671574e-01  -9.6783806e-02  -3.9778226e-01   2.2963126e-01  -2.1071772e-01  -7.5712346e-02   7.6642958e-02   1.0972473e-01  -2.6361168e-01  -1.5197771e-01   7.6479430e-01   1.2107704e-02   2.2011344e-01  -9.1845390e-02  -5.4961957e-01   1.5071309e-01   3.4809377e-01   6.9246949e-02   8.4601722e-02   8.2399206e-02   1.9059024e-01   1.2905954e-01  -7.3447305e-02   1.5875500e-01   3.0976672e-01  -1.5221407e-01   3.6424338e-01   2.0235425e-01  -4.7149832e-01   1.3724417e-01   6.5171676e-02  -2.1420694e-01   6.6502416e-02  -4.6883382e-01   2.7042865e-02  -4.6316979e-02   2.0187860e-01  -2.4958071e-01   1.9219150e-01   3.8711429e-02  -1.2957440e-01  -1.5050294e-01   2.6407746e-01  -9.3163642e-02   2.1360256e-01   1.5956378e-02   6.1553349e-01   5.1046167e-01   1.7265022e-01  -1.1239798e-02   3.5840772e-01  -1.9435120e-01  -2.3346749e-01  -3.9574437e-01   3.2945505e-01   4.2291337e-01   9.4829637e-02  -3.6234870e-01   4.7944447e-02   3.9147425e-02  -5.2470640e-01   1.4246630e-01  -6.2771678e-02  -1.9623416e-01  -4.6810998e-01   2.3552224e-01  -4.3078887e-01   2.2203229e-01  -2.3081695e-01   5.8963546e-01  -7.5775410e-03  -5.6012244e-01   3.4514908e-01   1.6343763e-01  -4.2819043e-01   3.2681802e-01   3.2387338e-01  -1.0447486e-02   2.8938126e-01  -2.1279833e-01  -8.4071019e-02   1.6490266e-01  -2.1776262e-01  -2.9672151e-01  -1.4836828e-01   3.3319018e-03   1.0580660e-01   5.7848122e-01   1.3229838e-01   1.3060980e-01  -5.1035924e-01  -8.8243348e-02   1.8038568e-01   1.8253506e-01   1.2530270e-01   3.2054174e-01   3.6800267e-02  -5.8652348e-01   3.9720309e-01   3.4733284e-01   2.1349068e-02  -5.5611967e-01  -1.5558658e-01   1.6448208e-01  -9.2390514e-02  -1.8810964e-01   5.0804030e-01  -4.6369919e-03   4.5194792e-01   3.6209164e-01  -1.1855038e-02  -1.3541736e-01  -3.7568505e-01   3.7481948e-01  -3.0941985e-01  -3.6435850e-01  -4.8646192e-01  -3.3298768e-01   1.2768337e-01   2.9766357e-01   4.2184238e-01   3.0644935e-01  -3.2552102e-02   3.9684711e-01   5.7605850e-02   2.9392090e-01  -3.5105910e-02  -7.0461894e-02  -5.5569861e-01  -4.3477156e-01   7.2590501e-03   5.2448160e-01  -5.3797388e-01  -5.3512631e-01   1.7715371e-01  -3.8457110e-01  -4.5343957e-01   4.6947198e-02   1.5712326e-01   1.9735790e-01   1.7423931e-01  -2.5552817e-01   4.6526354e-01   2.8373019e-01  -6.0733789e-02  -4.2707466e-01   1.7627102e-01   4.7847078e-01  -6.3909387e-01   1.6957323e-01  -2.0370993e-01  -1.1912337e-01  -7.7600753e-02  -4.4800336e-02
  -1.4324168e-01   1.8449705e-01   2.9988416e-01  -9.5951382e-02   3.8241390e-01  -3.4911315e-02  -1.1781106e-02  -2.3947991e-01  -2.1142553e-01   6.1460789e-02   5.7205318e-02   1.1370982e-01   0.0000000e+00  -8.3945649e-02  -4.7765210e-02   2.2304952e-01   3.2163196e-01   9.8577820e-02  -1.4683921e-01   3.6248837e-01  -1.0711166e-01  -2.3282566e-01  -5.5959936e-02  -1.8965350e-01   3.1282650e-01  -2.8151477e-01   3.2151224e-01  -1.2909449e-01   6.9257259e-02  -5.7253144e-02  -1.3440904e-01  -4.3382594e-02   1.6170635e-01   6.8062437e-02  -3.0669081e-01   2.0737337e-01  -8.6752550e-02  -2.8469350e-01   2.9086692e-01   9.5298133e-02   6.7442080e-01   3.4141856e-01  -2.7277036e-01   9.0231321e-02   1.3341318e-01  -2.1664317e-01   1.4937952e-01  -4.1197619e-02   2.6395709e-01   2.4558035e-01   1.9285180e-01  -1.9282701e-01   1.7669952e-01   4.1290847e-01  -3.3568238e-02   3.8397512e-02  -5.3440405e-02  -1.0848834e-01   3.4725739e-01  -1.0831156e-01   1.8553692e-01   2.9349668e-01  -1.4730066e-01  -5.6715734e-02   7.0063567e-02   1.2640871e-01   1.9321360e-01   1.1347123e-01  -1.4809898e-02  -2.7548548e-02   1.1163689e-01   2.2985074e-02   5.9337119e-01   2.4302805e-01   3.3770175e-01  -3.0520811e-01   3.0762278e-02   1.5544033e-01   3.5114787e-01   6.3906123e-01  -1.9616026e-01   2.8759021e-01   7.9009747e-02  -1.8787946e-01  -1.1501507e-02  -1.7196676e-02  -1.8674660e-01   3.8442949e-03   1.2885519e-01  -7.2735341e-02   4.6628068e-01   1.9044928e-01   4.0099495e-01  -3.1256646e-01  -2.5139028e-01   4.2584919e-01   5.2491862e-01  -1.3011542e-01   3.5172127e-01   9.9569476e-02  -2.0326075e-01  -1.2171316e-01  -9.4756620e-02  -2.6777352e-01  -5.7434265e-03  -3.5469535e-01   3.1059312e-01  -6.1531844e-02   9.3200032e-02   1.9201367e-01   2.2088188e-01   1.9114049e-02   1.8482972e-01  -7.0214281e-02  -1.5078940e-01   2.5953229e-01  -7.0365354e-02   5.9153663e-01   6.3798611e-02   4.1468214e-02  -1.7952046e-01   4.5509100e-01  -1.6627121e-01   9.4859113e-02  -1.6755367e-01  -2.0313041e-02   1.1377148e-01   4.1105512e-01  -3.3357480e-01   1.7607263e-01   4.3829803e-01   2.3779037e-01   3.7942426e-01  -1.0252185e-01  -3.3039545e-01  -3.3825717e-01   2.9368677e-01  -2.8874535e-01  -1.6861611e-01  -2.0187020e-01  -1.5192154e-01   4.1923633e-01   5.8715755e-02   1.5575610e-01   1.5462888e-02   1.0429259e-03  -1.8208449e-01   1.4515705e-01   1.0184909e-01   7.1884248e-02  -2.6523347e-01  -3.5848867e-01  -3.0489317e-02   1.3826377e-01   2.6061904e-01  -2.1509260e-01  -2.3965483e-01   3.9014069e-01   8.5282595e-02  -2.8203754e-01   1.2741142e-01   1.3450190e-01   1.2770636e-01   2.2023619e-02  -2.1146059e-01   3.4243072e-01   1.1052045e-02  -9.9144060e-02  -2.3912608e-02   3.4844424e-01   3.4091828e-01  -1.8421452e-01   1.0221994e-01  -7.7135122e-02   4.5331675e-01   5.1022941e-01  -3.9943236e-01
   4.5825785e-01  -2.6661721e-01  -4.4102432e-01   2.0175345e-01  -3.7005134e-01   8.0880028e-02  -1.7900995e-01   4.5571776e-01   2.6787232e-01  -2.7209254e-01  -1.5679550e-01  -4.3113109e-01  -8.3945649e-02   0.0000000e+00   2.8654234e-01  -1.3985402e-01  -3.7818510e-01  -4.1921391e-02   4.5105657e-01  -3.1494457e-01   1.7327643e-01   2.8968168e-01  -5.7554915e-02   3.4622194e-01   1.4540163e-01   4.6913022e-01  -1.5763808e-01   4.3199997e-01   3.3436618e-01   3.3954872e-02   7.2944240e-02   4.9538149e-01   3.4958275e-03  -4.9507074e-01   3.1428089e-01  -2.4960438e-01   1.4230645e-01   3.3135577e-01  -1.9424572e-01  -3.0723893e-01   2.4503082e-02  -7.0065250e-02   2.0306709e-02   2.6541561e-01  -8.8941543e-02  -4.5126157e-02  -2.5976386e-01  -1.2313497e-01  -2.6935644e-02  -3.8253729e-01   3.9225566e-02   4.5636740e-01  -1.8308012e-01  -1.1579691e-01   4.3741154e-01   3.9679971e-01   4.6157150e-01   3.9564537e-01   3.0754992e-01   1.2295048e-01   1.6739681e-01  -2.4257512e-02  -3.9414045e-02   1.7024880e-01   3.7738340e-02  -2.5378125e-01   7.6275649e-02   1.5359733e-02   2.8586623e-01  -3.7171850e-01  -3.2292877e-01  -1.8217827e-02  -1.0426755e-01  -6.9534469e-02   1.3262734e-01   3.7411113e-01   2.5929582e-01   2.3429096e-01  -2.6429328e-01  -2.4715104e-02   5.4545571e-01  -6.7470114e-02   2.1447429e-02   3.5688773e-01   2.3562845e-01   4.2041588e-01   4.6982923e-01   4.7886146e-01  -2.5521153e-01   3.2612415e-01  -2.2557574e-01   3.4760142e-02  -3.2338052e-01   3.3975214e-01   3.6585571e-01  -3.4316650e-01   2.1801113e-01   5.1844892e-01  -9.9667571e-02  -1.2437518e-01   3.9112590e-01   1.3247280e-01   6.2557409e-01   3.1035173e-01   1.5572030e-01   3.0302037e-01   1.8998072e-01   4.9754311e-01  -5.7972272e-03  -2.6362532e-01  -2.0247120e-01   2.7775108e-01   3.9853340e-02   4.2377449e-01   5.1581749e-01  -2.4015047e-01   3.4338373e-01   5.0722574e-02  -8.9161114e-02   5.2528862e-04   3.6865920e-01  -3.4819289e-01  -2.1039943e-01  -1.4893946e-01   3.1026570e-01   6.2470074e-01  -2.9312348e-02   2.4849619e-03   3.1057557e-01  -2.4405351e-01  -2.4339557e-01  -4.1688830e-01  -8.2199493e-02  -2.0285892e-01   1.9884071e-01   4.3979525e-01  -1.0408670e-01   6.3887878e-01   4.7628947e-01   4.3280623e-01   4.1446610e-01  -1.5025881e-01   1.4371403e-01  -1.3217245e-01   1.5674470e-02   2.5738379e-01  -1.5684303e-01  -2.0835465e-01  -9.6538553e-02  -1.1400702e-01   4.6177758e-01   4.9474746e-01   3.0871495e-01  -2.4124198e-01  -3.0759577e-01   3.5571748e-01   4.1431990e-01   1.7948925e-01   1.1245496e-02   4.9109652e-01   2.4786908e-01   2.6915476e-01  -3.2547005e-01  -2.8203812e-02   4.3220022e-01  -2.4411415e-01  -1.1672849e-01   5.7020368e-02   3.1154688e-01  -2.4027703e-01  -3.4256481e-01   3.6115484e-01  -1.5474294e-01   8.0137212e-02   2.5128174e-01  -1.7035997e-01   3.1311036e-01
