   0.0000000e+00  -4.6859597e-01  -4.6558654e-01   3.6500732e-02  -2.3093209e-01  -1.3056000e-01  -1.9578571e-01   4.4491263e-02   2.7439301e-01  -2.6564086e-01  -6.3971006e-02  -4.6346944e-01  -2.9801968e-02   3.1160607e-01  -1.9615796e-01  -6.2165783e-02  -3.6224185e-01   1.8708090e-01   8.1093273e-02  -1.7978996e-01   4.4234140e-02   8.4790667e-02  -3.2426782e-01   4.6856149e-01   2.2131184e-03  -4.7098266e-03  -6.1735876e-02  -1.2359123e-01  -5.5708127e-02   5.3844844e-03  -7.2333121e-02  -1.0461929e-02   6.3737271e-03  -3.3605308e-01  -2.2107312e-01  -8.7613764e-03  -2.4796557e-01   4.6206743e-01  -4.2708932e-02  -5.0409322e-01  -3.7395060e-02  -1.7025128e-01   1.2328738e-01   3.4048439e-01   6.0961103e-02   2.9976541e-01   2.1006291e-02  -3.0466491e-01   1.1077992e-01  -4.8412785e-01   1.3469612e-01   9.2105916e-02  -2.5906859e-01  -8.3218515e-02   1.3222340e-01  -2.1115020e-02   8.8408927e-02   2.0687183e-01   1.6847925e-01  -7.9677394e-02   3.4074453e-02  -1.0448127e-01   3.0427806e-01   3.6296604e-01  -1.7894726e-02   1.6004339e-01  -1.2066120e-01  -3.0075862e-02   1.9792057e-01  -5.0817689e-01  -4.8677511e-01   7.7693189e-02  -1.0601783e-01  -1.5298183e-01   1.8200820e-03   3.1238916e-01  -1.2888731e-01   1.0764370e-01   2.4940475e-02   8.1017380e-02   3.5439891e-02  -1.7305477e-01  -2.6761699e-01   8.7859393e-02  -8.8335438e-02   2.7005262e-01  -3.5802626e-01  -7.9313296e-02   1.9680542e-01   5.7038926e-01  -7.7336521e-02  -1.5654075e-01  -2.1123766e-01   1.2385822e-01   1.9908944e-01  -2.7836617e-01  -1.1406641e-01   1.1903486e-01   8.2467201e-02  -4.1159417e-01  -2.2643787e-01  -1.6779768e-01   8.0174272e-02  -2.2088969e-01   1.2440382e-01   1.3222977e-01  -1.6301777e-01   3.4298485e-01  -8.9943650e-02  -4.0303657e-01  -1.5556467e-01   3.2180770e-02   8.5324771e-02   6.7201763e-01  -3.5408474e-01  -3.6184889e-01  -5.4316879e-02  -4.3235977e-02  -2.6873388e-01   9.5575637e-02   2.3286330e-01  -1.1870657e-01  -6.8300585e-02  -1.4530462e-01   5.2512645e-01  -2.0074918e-01   5.7152641e-02   8.4524443e-02   2.0551642e-01  -5.0769180e-01  -5.0261537e-02  -1.0058273e-01  -2.1218940e-01  -1.3407724e-01   2.5344531e-01   2.3364012e-01  -6.2987210e-02   2.4961229e-01   1.6681504e-01   5.0429362e-01   6.9679550e-01   1.7350459e-02   1.8272849e-01  -4.2819822e-01   1.9929000e-02   1.3591962e-01  -4.6375705e-01   9.2537782e-02  -2.5418686e-01  -3.4779407e-01  -2.9857388e-01   1.1848017e-01  -1.3938735e-01   1.6761454e-01  -5.0145501e-01   5.3967496e-01   6.2864322e-01  -1.1084841e-01   1.4439538e-03  -1.1263306e-01  -1.1455233e-01   3.4914308e-01  -3.0592639e-01   1.4828510e-01  -3.7908550e-02  -2.5703340e-02   2.1250545e-01   8.1469161e-02   1.6065794e-01  -2.9423330e-01   1.3065363e-01   2.4155494e-01   4.4801896e-02  -1.5264026e-02   4.8187384e-02   4.5051366e-02   7.9578289e-02
  -4.6859597e-01   0.0000000e+00   4.6807166e-01   1.3255988e-01   6.5962738e-02  -2.0378000e-01   9.3705720e-02   5.1025431e-02  -9.7164314e-02   3.4193094e-01  -2.0079933e-01   6.1360962e-01  -1.2615305e-01  -3.9464940e-01   4.3951637e-01   7.8640068e-02   3.8908956e-01   6.5541068e-02   3.0573482e-02   3.3716521e-01  -2.1703455e-01  -2.4063416e-01   3.5733917e-01  -3.8420922e-01   1.1714258e-01  -3.0620229e-01   1.0866571e-01  -6.3091472e-02  -2.1119866e-01  -3.2423436e-02   3.4470274e-01  -3.0600219e-01   5.0500032e-02   6.1729100e-01   5.6851215e-01   7.3709573e-02   4.9528551e-02  -4.6336114e-01  -3.8847265e-02   6.6979562e-01  -1.6695337e-02   1.1262091e-01  -1.3962657e-01  -3.4737846e-01  -3.7330361e-01  -2.1744077e-01  -2.1549419e-01   5.8278978e-01  -3.8183948e-02   4.9811671e-01  -3.6117043e-01  -2.2433404e-01   5.9746153e-01   5.2712417e-03  -1.0734127e-01  -2.5219480e-01  -3.3762002e-01  -3.3981228e-01  -1.6685490e-01   2.5567504e-01  -1.4276063e-01   2.0098818e-02  -1.6285539e-01  -2.2066406e-01   3.0893102e-01  -4.2453505e-01  -1.9489193e-01   2.6896396e-01  -3.3688577e-01   4.9823052e-01   7.7142161e-01  -3.5142122e-01   7.9031915e-02   2.6318766e-02  -3.0533942e-01  -2.1514682e-01  -1.3157145e-01  -2.4714523e-01   3.1140817e-01  -1.7675206e-01  -1.7432368e-01  -1.6040664e-01   2.3021584e-01  -1.9646670e-01   3.0518511e-01  -3.0311106e-01   4.7476116e-01  -2.6486997e-02  -1.5130388e-01  -4.1906564e-01   1.8933238e-01   9.2357444e-02   4.7983214e-01  -3.1851340e-01  -4.1695143e-01   2.5310853e-01  -6.4772630e-04  -2.4915057e-01   1.2790929e-01   6.1409231e-01   1.5149232e-01   9.9859822e-03  -2.2851556e-01   4.1282899e-01  -3.2189986e-01  -4.6249478e-02   2.0000717e-01  -6.3744526e-01   1.0200239e-01   3.4260798e-01   4.2438792e-01  -2.3171746e-01   9.3281864e-02  -4.8154775e-01   1.2161375e-01   5.7790854e-01  -7.9462648e-02  -1.3793109e-01  -1.3204210e-02  -3.7935921e-01  -3.8109935e-01   3.3595253e-01  -1.4934874e-01   4.2113789e-01  -5.3191417e-01   1.9951161e-01  -2.6566605e-01  -5.4337450e-02  -1.6111351e-01   5.9578381e-01  -4.1016141e-02   6.8168898e-02   5.0766091e-01   2.0161164e-01  -3.8993344e-01  -3.9946220e-02  -1.4974284e-01  -1.0708532e-01  -2.8443276e-01  -2.3960036e-01  -3.2595522e-01  -1.7050211e-01  -3.5154283e-01   3.1259203e-01   6.1159771e-03  -2.4319967e-01   5.3466076e-01   1.5188184e-02   5.0691972e-01   3.9176671e-01   1.0927157e-01  -1.9579966e-01   4.6710003e-02  -1.2210172e-02   6.7915733e-01  -3.7894284e-01  -4.7308814e-01   3.2404076e-02   2.1456024e-01  -6.7415809e-02  -8.6852968e-02  -5.2528224e-01   1.6476256e-01  -3.6926532e-02  -3.9590058e-01   7.4047515e-02  -3.9208439e-01  -1.8879587e-01  -1.2984820e-01   7.1230036e-01  -4.6554810e-02  -3.2230385e-01   7.9182361e-02  -1.5604074e-01  -1.9907355e-01   1.8348941e-01   5.1007985e-02
  -4.6558654e-01   4.6807166e-01   0.0000000e+00  -1.3121527e-01   1.5024809e-01   1.2463879e-01   2.0807103e-01   1.5712419e-01  -2.6152328e-01   1.7893735e-01  -7.9316992e-02   4.8463837e-01   3.0047675e-03  -1.4872846e-01   9.6966496e-02   1.3970922e-01   8.7256362e-01  -2.5602137e-01   1.6917325e-01   3.6823516e-01  -2.9816498e-01  -2.2665106e-01   3.8313233e-01  -3.3454482e-01   1.1504818e-01  -4.1541102e-02   8.6346761e-03   1.4241251e-01   1.4252229e-01  -3.2999809e-01   3.1926095e-02   8.8472606e-02   2.5185362e-01   5.8553803e-01   2.8325751e-01   2.3677727e-02   3.8784652e-02  -2.0175682e-01  -1.1765691e-01   4.5453776e-01   5.1519095e-02   3.9243245e-01  -1.6919488e-01  -2.9492937e-02  -2.0913294e-01   2.5542061e-01  -4.6791782e-03   1.6494605e-01  -2.8771448e-01   5.9985688e-01  -2.5963022e-01   4.7428184e-02  -8.3092382e-03   3.3787290e-01  -1.9070274e-01  -3.2332787e-02  -1.2137503e-02  -4.4959266e-02  -2.2710626e-01   2.1179471e-01   4.7280473e-01   2.0981595e-01  -3.4195811e-01  -2.2838719e-01  -1.6301479e-01  -4.9080009e-01   2.0584539e-01  -8.0015598e-02   6.4477868e-03   7.6633313e-01   4.4756320e-01   3.5409922e-02   2.5431929e-02   4.0039440e-01  -8.3236947e-02  -2.5242488e-01   4.7944373e-01  -2.2651191e-01   1.1965266e-01   2.8588752e-02   7.9237565e-02   3.4441423e-02   2.0541815e-01  -3.3628462e-02   3.7124281e-01  -3.0215038e-01   2.2546543e-01   1.0838995e-01  -1.5095444e-01  -4.0246199e-01  -6.9935462e-03   7.2359882e-01   4.2448484e-01  -1.5529928e-01  -1.1728755e-02   3.7883909e-01   1.1610433e-01  -1.2970594e-02  -1.4508465e-01   2.5300396e-01   3.0896858e-01   9.5821694e-02  -1.3493928e-01   1.9188502e-01  -1.5446809e-01  -1.8008041e-01   4.9386952e-01  -4.1710501e-01   4.4457138e-02   1.9759863e-01   2.7105081e-01  -3.0706665e-02  -1.5950751e-01  -5.2583409e-01   4.8096412e-01   6.6473952e-02   1.0335678e-01   2.0621834e-02   4.6514940e-01   9.6323286e-03  -4.6238128e-02   3.3316379e-01   2.2006348e-02  -4.2837573e-02  -4.0922120e-01   2.5693408e-01  -2.9078137e-01  -9.1041558e-04  -2.5133546e-01   7.5710579e-01  -1.8458547e-01   1.4711089e-01   4.4910056e-01  -1.1353608e-01  -1.7028591e-01  -6.7546347e-02   1.2743763e-01  -1.6401929e-01  -1.0403546e-01  -8.1991403e-02  -4.8699549e-01  -2.7649179e-01  -2.9274393e-01   7.1434908e-01  -1.0095896e-01  -2.3312082e-01   4.9646865e-01  -3.7084992e-01   3.5880814e-01   1.9077205e-01   5.0662873e-01  -1.0303040e-01   5.0305861e-01  -2.2432201e-01   6.6524995e-01  -3.4350390e-01  -3.9501752e-01  -3.2749018e-02   6.0003455e-01   2.5139980e-01   1.9904582e-01  -3.9281784e-01  -5.1755890e-02  -2.2840847e-01   7.0271944e-02  -7.1163281e-02  -2.2532119e-01   2.6625207e-02   2.6367516e-01   1.5638088e-01  -2.5082943e-01   1.0169270e-01  -2.5891483e-01   1.3264317e-01   4.0553996e-02   2.8798634e-01  -1.9415312e-01
   3.6500732e-02   1.3255988e-01  -1.3121527e-01   0.0000000e+00  -1.4503183e-01  -1.1847771e-02  -1.0396550e-02   4.6887686e-01   2.8743705e-01  -4.2712356e-03   1.5895521e-01   2.7955492e-02   1.9524353e-01   2.3319500e-02   1.1227829e-01   1.9655485e-01  -5.1486171e-02   7.5610110e-01   1.2646503e-01   1.7365675e-02   3.6123859e-02   4.5048342e-01   3.4961272e-02   1.6764279e-01   6.5860399e-01   2.1867526e-01  -2.3505795e-01   2.1777340e-01  -4.4039821e-01   2.2221821e-01   1.9932964e-01  -5.2523742e-01   3.2055934e-01  -1.6931174e-02   7.2064812e-02   4.4265147e-02  -1.5234853e-01  -1.4060704e-01   2.5630765e-01  -5.0947952e-02   2.2930595e-01   2.0699757e-01   4.5707817e-01   1.1204982e-01  -2.9360830e-01  -3.4493726e-02  -6.0120087e-02   8.8049384e-05  -9.3210831e-02  -1.4054120e-01  -2.2918859e-01   2.4231133e-01  -3.3014486e-02  -1.7739985e-01   3.6922817e-01   2.5037486e-01   2.5006352e-01  -2.9727461e-01   3.6554557e-01   1.0015515e-01  -6.6185392e-02  -2.0102453e-01   3.3976962e-01   1.6404079e-01   4.0204516e-01  -1.9243192e-01  -1.1560843e-01   8.9632828e-01   2.0525820e-01  -6.7751993e-02   1.0847284e-01  -4.9206297e-01   8.9044529e-02   6.1194351e-02  -1.0849275e-01   3.0545007e-01  -3.3061268e-01  -2.0407512e-04   5.3774137e-02   1.1631648e-01   3.1905561e-01  -2.1478756e-01  -1.6422488e-01   4.2182288e-01   3.4315137e-01   3.3227743e-01   1.1420602e-01   1.6283471e-01   5.0194360e-01   1.0382318e-01  -2.4895178e-01  -2.1475870e-01   1.0516773e-02  -4.0504282e-01  -2.9024776e-01  -5.3445689e-01   3.4896353e-01   2.0791561e-01   6.0305054e-01   5.8141471e-02   7.7728764e-02  -2.2098412e-02   1.5401873e-01  -1.8176224e-02  -9.4677146e-02   8.4195531e-01   3.8226064e-01  -3.3622730e-02  -6.5794345e-02  -7.4875226e-02  -1.6290554e-02   2.0035555e-01   9.5641157e-01   8.5775278e-02  -6.3658582e-02  -8.1068610e-02   1.0532907e-01   6.6187156e-02  -3.9233730e-02  -5.4298553e-01  -2.1094949e-01  -1.0038829e-01  -7.4939773e-02   1.8230440e-01  -1.7388530e-01   2.2781667e-01  -1.7139565e-01   5.3446241e-01   6.1435580e-01  -2.7491208e-02   4.7241856e-02  -3.3003882e-01   3.3027442e-01   1.2154132e-01  -2.0985789e-01   6.0048730e-01   5.3314001e-02   3.0822268e-01   2.6006451e-01   1.2156232e-02   1.9071108e-01  -9.4156699e-02  -1.5463626e-01  -1.9845176e-02  -1.2420573e-02   2.4663617e-01  -1.9276572e-02   7.7597111e-02   1.2723026e-02   8.8517447e-02   8.7298796e-03   4.0018917e-01  -8.9845920e-02   4.5992476e-02  -5.1388895e-02  -1.1503077e-01  -7.3561718e-03   3.8702673e-01   1.5218362e-01   2.3301525e-01  -5.5698514e-01   1.2757538e-01   4.3849708e-02   8.3742127e-01  -4.6512061e-01  -2.5924469e-01  -3.4104261e-01   3.3647046e-01   2.8146522e-01   7.4949654e-03  -1.7548213e-01  -2.7174182e-01   8.3526945e-01   3.9553180e-02   1.5664657e-02   5.0277316e-01   9.0242128e-01
  -2.3093209e-01   6.5962738e-02   1.5024809e-01  -1.4503183e-01   0.0000000e+00   3.5845988e-01  -3.1901536e-02   2.6208270e-02  -5.6265057e-02   3.2582192e-01   2.3466200e-01  -1.2235689e-01   3.0376900e-01  -1.8523687e-01  -8.9910434e-02  -1.6079394e-03   1.0686781e-01  -2.1805997e-01   7.3796337e-02   5.9635468e-01  -7.6988690e-02   6.1884731e-02  -3.5138279e-02   6.0213968e-02  -1.1629012e-01   5.5476533e-02   2.9005015e-01   2.1723308e-01   3.7055921e-01   2.2599034e-01  -3.1186672e-01   2.7923842e-01  -4.7306571e-02  -1.8405594e-01   1.5233289e-03   1.5186533e-01   4.0392119e-01  -2.1975798e-01   8.1120027e-02   2.9391685e-01   2.9711844e-01   1.0860700e-01  -3.1304676e-01  -1.2784562e-01   3.4165637e-01   5.7065517e-02   2.8489402e-01   1.5331954e-01   3.6546275e-01   3.6572078e-01   2.8250504e-01   2.4554450e-01   9.7448193e-02   1.9487944e-01  -1.8992608e-01   2.9629305e-01   7.2938928e-02   2.4431367e-01  -1.6699757e-02   1.5568609e-01   1.8049806e-01   4.7506540e-01  -1.4085044e-01  -1.4887308e-01  -7.0200676e-02   4.0470092e-01   2.0820654e-01  -1.3689987e-01   3.7798122e-02   3.0129475e-01   9.1923105e-02   2.8598622e-01   4.2937767e-01  -7.1821688e-03   1.1769263e-01  -5.9570788e-02   3.6245452e-01  -5.7413546e-02  -5.3792448e-02   6.9090794e-02   1.6009081e-01   2.0656213e-01  -1.8101474e-02  -1.3183312e-01  -3.4281718e-01  -2.2045274e-02  -2.4891349e-02   1.6575714e-02   1.3818844e-01  -1.6556915e-01   3.4615105e-01   8.9213719e-02  -2.5202821e-01   2.5023558e-01  -1.2482634e-01   5.6168873e-01   2.1441474e-01   3.7643848e-02  -2.0038387e-02   7.8735676e-02  -9.2559467e-02  -4.8562292e-02   1.0597410e-01   2.0402503e-01  -2.2750920e-02  -1.6678796e-01   1.3394488e-01  -3.1332069e-02   5.9602265e-02   3.6070843e-01  -1.8245758e-01   1.9201978e-01  -2.2258860e-01  -1.7140729e-01   9.3066119e-03   3.2925136e-01   3.3547820e-01   2.1377352e-01   3.5652827e-02   2.6932345e-01   2.5529087e-01   6.7450568e-02   1.1035702e-01  -3.7639765e-02  -5.1625540e-02  -1.4545585e-01   9.7912630e-02  -9.2619750e-02  -4.9923118e-02   2.2874842e-01   2.6662755e-01  -2.2972219e-01  -8.4964205e-02  -7.3404588e-02   1.4954691e-01  -6.8411945e-02   3.8833124e-02  -2.9887681e-01   1.3510120e-01  -2.6123008e-01  -1.5796032e-01   2.5486817e-01   4.2576618e-02   1.1242482e-01   1.8931566e-02  -1.4347006e-01  -1.9459546e-01   1.3984049e-01   2.5955581e-01   5.8430120e-02  -1.1280684e-01   4.9587839e-02   1.5296655e-01  -1.7105370e-01   3.3199092e-01   9.3262305e-02  -1.2946283e-01   2.4420051e-01  -2.0747465e-01   1.6348453e-01   4.3916472e-01  -7.8097655e-02   6.0981148e-01  -1.6988252e-01   3.8866034e-01  -7.7254814e-02   8.4813429e-02  -1.5514234e-01  -1.8842081e-01   2.3980788e-02   1.1412803e-01   1.8937696e-02  -6.9325901e-02  -5.9381816e-02   1.4861223e-01  -2.5006695e-01  -1.6636104e-01
  -1.3056000e-01  -2.0378000e-01   1.2463879e-01  -1.1847771e-02   3.5845988e-01   0.0000000e+00   1.6636987e-01   2.2275678e-01  -2.4039124e-01  -6.1195119e-02  -4.4647566e-03  -2.3760911e-01   2.3421124e-01   3.2974276e-01  -4.5803243e-01   3.3508764e-01   1.0138441e-01  -1.4923349e-01   3.4777401e-01   2.2100834e-01   1.0007176e-01   4.0824278e-01  -1.8251071e-01   2.3543670e-01   6.1539424e-02   4.2010963e-01   3.7216248e-01   5.1386184e-01   3.2324137e-02   1.4094454e-01  -4.6506595e-01   2.0591561e-01   2.3827012e-01  -2.9994548e-01  -2.8661890e-01   1.0188793e-01  -1.0124188e-01   1.3722904e-02   1.8310352e-01   1.6628597e-01   1.8322695e-01   2.1857078e-01  -5.5857183e-02   2.0312073e-01   8.9062146e-02   3.6494484e-01   5.0597462e-01  -1.9697087e-02  -7.7631504e-02   1.5442924e-01   2.1144461e-01   3.2534891e-01  -3.2914001e-01  -9.0192599e-02  -2.1179526e-02   3.9866442e-01   2.3448654e-01   2.9283338e-01   3.8034247e-02   9.1550120e-02   2.8140335e-01   1.1787617e-01  -1.3524314e-01  -3.3975541e-01  -5.7498451e-01   1.4813416e-01   7.7186780e-01  -1.2013666e-01   4.9761159e-01   2.9500185e-01  -1.2785951e-01   2.3254639e-01   9.1231960e-02   2.3449346e-01  -1.2985145e-02   1.9930943e-01   3.4080411e-01   1.5313020e-01  -1.9669023e-01   1.1224838e-01   5.0895447e-01   1.6366602e-01   5.3195821e-02   4.1743320e-01  -1.4059633e-01   2.0676624e-01  -2.0506729e-01   3.6095023e-01   7.1608823e-02   3.1417231e-02  -1.8950039e-01   1.8537531e-01  -4.7137132e-01   1.4449299e-01   1.3295205e-01   8.0196533e-02   1.9124779e-01   4.6571713e-01  -1.1871575e-01  -1.3685931e-01   1.3747042e-01  -2.5077771e-01   3.1581310e-01  -1.4472610e-01   1.7711702e-01   9.4913250e-02   4.1694066e-02   3.8287522e-01  -3.5018926e-01   1.8179263e-01  -5.1949384e-01   5.2658734e-01  -3.1536641e-02  -3.2292132e-02   2.0891355e-01  -2.5429723e-01   4.5107006e-01   1.7809185e-01   4.1477891e-01   9.4226287e-02   2.4554296e-01  -1.3057749e-01   9.0491688e-02  -5.8881227e-01   1.3009561e-01   2.8199114e-01   7.0825144e-04  -6.3441119e-02   1.2102533e-01   2.4564512e-01   5.5495464e-02  -2.3291161e-01  -9.1214601e-02  -3.1126843e-01   1.3011922e-01   1.5628467e-01   4.8008816e-02  -5.4384100e-02   3.4701930e-01   1.3749866e-01  -1.6934627e-01  -1.0384126e-01   3.2715616e-01   3.4679415e-01  -1.1825808e-01  -8.7062663e-02  -2.1706170e-01  -2.6943754e-01  -3.4764308e-02  -2.2311246e-01   1.1814713e-01   2.9139807e-01   1.7115844e-01  -4.7201599e-01   2.0885297e-01   7.8371229e-02  -2.1011935e-03   2.3264765e-01  -2.0285709e-02   3.9760922e-01   1.6282390e-01   2.9632865e-01   3.8711484e-02  -2.4362740e-02   2.4003240e-01  -3.2313008e-01   5.1271552e-02   2.8010999e-01   1.7408075e-02  -4.1240489e-01  -1.9477514e-01   2.0685830e-01   4.0962297e-03   6.5333218e-01   1.5022267e-01  -6.8331677e-02   1.7284162e-02
  -1.9578571e-01   9.3705720e-02   2.0807103e-01  -1.0396550e-02  -3.1901536e-02   1.6636987e-01   0.0000000e+00   1.1643499e-01  -1.7131489e-01  -1.1772926e-01  -6.8752134e-02   4.1870022e-01  -2.9651300e-02   2.1193309e-01   1.9849712e-03   2.3139908e-01   1.4417502e-01  -9.2760591e-02   1.3380825e-02  -2.4853984e-02   7.0167740e-02   2.6763998e-01   4.3902005e-01   1.0165608e-01   4.6475010e-03  -1.1961718e-01  -2.1216400e-02   2.9846336e-01   2.4225593e-01   6.3954532e-02  -7.2722882e-02   3.3459800e-02   3.7602999e-02   3.0277842e-01   1.5334926e-01  -2.5740493e-01  -1.2638569e-01  -1.9476420e-02  -1.1477097e-01   1.6156299e-01  -1.6137293e-01   2.7375983e-01  -2.3530641e-01   5.7364177e-02  -1.7127216e-01   2.4450831e-02   1.1683205e-01   1.9701487e-01  -2.0224730e-01   1.7992943e-01  -2.4063958e-02  -6.6413152e-02  -1.6599453e-01   6.5224907e-02   9.1117379e-02   1.9010805e-01  -1.5720440e-01   1.9925850e-01  -2.1220665e-01   1.0276328e-01   1.4941628e-01   1.2833754e-01  -1.5904091e-01  -1.9154513e-01  -1.7804279e-01  -2.8806154e-01   2.2447146e-01   5.1531503e-02   1.6388891e-01   3.5097109e-01   2.0754643e-01   1.5192372e-01  -3.0379867e-01   5.4519768e-01  -1.9353486e-01   1.0116573e-02   2.5820776e-01  -2.0457261e-01  -2.8462005e-01  -1.0305314e-01   2.6224132e-01   1.3551022e-01   2.5557174e-01  -6.6681294e-02   2.7874930e-01   1.0840755e-02   1.0554320e-01   4.7472684e-01  -1.7302746e-01   1.4356653e-02  -2.8252178e-01   2.2456101e-01   7.6545929e-02  -1.8634094e-02   7.0206041e-02  -4.4305255e-02   2.7839711e-02   6.4343652e-02  -1.8551777e-01   2.0907525e-01   3.0270798e-01   2.9365948e-01   3.7172376e-01  -4.6617172e-02   4.3580816e-01  -1.1971411e-02   8.5934809e-03  -2.2797659e-01  -1.8063418e-02   9.0510996e-02  -2.2663605e-02   3.6715270e-01   6.0428952e-02  -2.5802191e-01   5.5651989e-01  -1.0425746e-01   4.6416390e-02  -6.6175156e-02   2.9609534e-01  -6.1641008e-02   1.0160853e-01  -8.8604562e-02   1.0300284e-01  -1.8972171e-01   1.6219869e-02   4.0184266e-01  -9.7609299e-02  -1.9829776e-01   6.7854135e-02   2.4203062e-01  -4.0784261e-02  -1.3921733e-01   2.6862513e-01   6.1369604e-03  -5.5706072e-02   5.9661153e-02  -5.9433146e-02   1.1464119e-01   5.3338313e-02  -1.0567160e-01  -1.0794959e-01  -5.8696745e-03   4.6948524e-02   3.5731508e-01   2.7161555e-01   1.1173950e-01   4.6609905e-01  -4.0178752e-01   4.0572347e-02   1.5540102e-02   5.3248360e-01   3.8214068e-01   2.1403854e-01  -3.9673638e-01   1.3317481e-01  -1.8355564e-01  -1.0156688e-01  -7.9390434e-02   1.6818437e-02   4.7649432e-01   1.3318619e-01  -2.1309956e-01  -1.5522576e-01   3.3445903e-02  -1.1507255e-02   3.8285079e-02  -1.2930722e-01  -3.0690978e-02  -4.2129656e-04  -2.0949389e-01  -2.8598459e-01   1.6626209e-01   1.6020960e-02   1.4716112e-01   1.0343998e-01  -1.8501993e-02  -4.5446144e-02
   4.4491263e-02   5.1025431e-02   1.5712419e-01   4.6887686e-01   2.6208270e-02   2.2275678e-01   1.1643499e-01   0.0000000e+00   3.6408819e-01  -4.0330500e-02   3.2771724e-01   2.0586922e-02   1.4362800e-01   2.2868944e-01   8.8903163e-02   3.3502729e-01   2.3192256e-01   2.7842191e-01   4.0082408e-01   1.4510821e-01  -6.7683852e-02   4.1546226e-01   1.5103578e-01   4.4302784e-01   6.7915981e-01   3.4655175e-01   5.8293176e-02   4.3756196e-01  -5.3007177e-02   3.0573623e-01   1.0303970e-01   1.0330434e-01   5.7438640e-01   5.1090837e-02   2.9747522e-01   2.6496462e-01  -2.5706619e-01  -1.7898023e-01   3.1050576e-01   6.4476056e-02   4.1331340e-01   5.8947996e-01   1.0728520e-01   1.5624327e-01   1.7392311e-02   2.4767767e-01   3.8004727e-01  -5.6321961e-02  -3.8788885e-01  -4.1949826e-02  -1.4057506e-01   4.7740916e-01  -2.3901108e-01  -2.4598074e-01   4.8146423e-01   2.9422131e-01   4.2897477e-01   2.4835290e-01   4.2544112e-01   3.6532044e-01   2.3096988e-01   7.6120040e-02   1.9204677e-01   8.9675395e-02   1.6482306e-01  -3.2131141e-01   1.7131003e-01   2.9724839e-01   5.3980105e-01   1.7112660e-01   1.1579092e-01   1.1174249e-01   3.1223015e-01   2.7497668e-01  -3.3768778e-01   4.4012744e-01   5.7783115e-02  -2.4432918e-01   6.5955637e-02   3.7346297e-01   4.3063853e-01   1.5321852e-01  -2.7963440e-01   5.7124944e-01   3.5302712e-01   4.7088282e-01   3.0467315e-01   3.3351458e-01   5.1096437e-01   2.2470165e-01  -2.8480780e-01   2.7228794e-01   1.0017291e-01   3.5674796e-02  -2.3221218e-01  -1.1569019e-01   5.8483178e-01   5.9036246e-01   2.8271135e-01   1.2759774e-01   1.7792719e-01  -1.0218446e-01   1.8939987e-01   1.6178419e-01   1.7445841e-01   4.8774379e-01   5.2073386e-01  -9.8679894e-02  -4.1040958e-02  -1.3803839e-01  -8.4999108e-02   3.0183325e-01   4.3431848e-01   1.3192254e-01   1.8229270e-01  -2.5849772e-01   4.2056332e-01   3.2385477e-01   2.6028432e-01  -2.2619988e-02   2.3614538e-01   8.1303157e-02  -1.3453081e-02   9.5854781e-02   4.2535253e-02   3.7552077e-01  -1.4611761e-02   3.6570356e-01   4.6886659e-01   1.6320388e-01  -4.2120334e-02  -7.1185105e-02   3.9478963e-01  -1.9353031e-01   2.2359290e-01   7.7982473e-01   2.2308060e-01   3.3145504e-01   3.8320786e-01   3.2470200e-01   9.1507747e-02  -4.5785203e-01   7.0062493e-02   1.7558065e-01   8.3226456e-02   3.6845471e-01   3.1788633e-02  -1.6705550e-01   7.8868589e-03   2.6837242e-04   1.6096278e-01   4.2214111e-01   4.8784323e-01  -8.6079676e-02   1.8517727e-01   1.3522589e-01   2.5461443e-02   3.7519291e-01   2.8368904e-01   4.3404544e-01  -9.2034543e-02   1.6805976e-01  -3.5707124e-02   2.9674535e-01   3.8861783e-02  -1.7801048e-01   1.2869949e-02   4.9759490e-01   5.3088676e-01  -1.4798245e-01  -2.9664460e-01  -2.2090454e-02   3.1781367e-01   2.0979349e-01   3.6221299e-01   5.1554302e-01   4.3523652e-01
   2.7439301e-01  -9.7164314e-02  -2.6152328e-01   2.8743705e-01  -5.6265057e-02  -2.4039124e-01  -1.7131489e-01   3.6408819e-01   0.0000000e+00  -7.0059505e-02   2.7304119e-01  -2.8112948e-01   6.7228570e-02   7.5509139e-02   9.6532416e-02   2.9948760e-02  -1.3796189e-01   1.5384294e-01  -6.4031165e-02  -9.4427661e-03  -3.1122142e-01   2.7998259e-01  -1.0911148e-01   4.0873985e-01   3.1402118e-01   2.1038352e-01  -6.2069420e-04  -4.9805098e-02   8.3711310e-02   3.8378904e-01   7.2105144e-02  -4.3665051e-02   1.3599271e-01  -2.1188206e-01   2.5892747e-01   4.4381929e-03  -2.5192472e-01   7.1164704e-02   2.5579408e-01  -2.6443918e-01   1.2981697e-01   5.0477618e-02  -1.7526498e-02  -6.8462636e-03   3.5119069e-02   4.7996286e-02  -1.5790724e-01  -1.9350040e-01  -6.0779900e-03  -1.9030399e-01  -1.3310541e-01   3.8981089e-01   3.1663151e-02  -1.7366057e-01   1.0432117e-01  -1.5420801e-02   4.8289629e-02   2.4882451e-01   1.4894184e-01   3.3415570e-01  -6.2657270e-02  -8.8957133e-02   5.7585619e-01   3.2717423e-01   4.4753224e-01  -2.9169655e-04  -3.0475233e-01   1.3024899e-01  -9.9247714e-03  -2.8202659e-01  -1.8815626e-01  -3.8539945e-02   4.0406785e-01  -2.3460867e-01   6.3999934e-02   5.5154812e-01  -1.1086285e-01  -8.8121625e-02   6.9205434e-03   1.4108031e-01  -6.1097221e-02   1.1028775e-01  -4.7170962e-01   6.2272413e-02  -1.8110976e-01   4.9340806e-01   7.0899626e-02  -9.3076110e-02   5.7640900e-01   1.8913824e-01   1.3693692e-01  -1.6699950e-01  -2.4725907e-02   2.7054476e-01  -1.2323244e-01  -2.3913663e-01   2.3190472e-01   1.0295240e-01   1.2404652e-01  -6.6375412e-02  -3.1620657e-01  -4.6168624e-02  -5.5378213e-02   4.3317952e-01   6.2227240e-02   3.1666802e-01   4.6044388e-02   3.2710012e-02   3.4805946e-02  -3.0826738e-01   1.0968045e-02   3.5723348e-02   2.4529470e-01   3.7387890e-01  -3.5412722e-01  -4.4806488e-02  -3.4131485e-02   1.5993942e-01  -4.1254728e-01   1.6837988e-02   1.1229698e-01  -2.0017245e-02   1.3061193e-01   4.8005613e-01   2.3009192e-01  -1.4151463e-01  -3.6896310e-02   1.6166609e-01   5.0950062e-01  -3.0788086e-01   1.2696806e-01  -2.2800731e-01  -7.6855275e-02  -1.1579483e-01   4.2831359e-01   4.6416170e-01   1.9920678e-02  -7.6401008e-02   3.5741836e-01   2.7029560e-01   4.7719782e-01  -1.2455595e-02  -7.6196224e-02  -3.0550340e-01  -7.5862345e-02   2.6455989e-01  -3.3166126e-01   3.3948967e-01  -1.7059647e-02  -2.3416552e-01  -3.7506464e-01   7.9884961e-02  -4.0282395e-02   3.1879634e-01  -1.5476935e-01   4.6672115e-01   3.1290919e-01   2.5384272e-01  -1.0488399e-01   7.4251966e-02   9.9536764e-04   2.7066103e-01  -7.5171155e-02   1.6362904e-01   1.4246384e-02   5.6371228e-02  -4.0977144e-02   8.6150635e-02   8.5078640e-02  -3.9042340e-02   2.0406270e-01   6.4512644e-02   2.0519964e-01  -2.8493113e-01   2.0083047e-01   1.4009409e-02   3.6159101e-01
  -2.6564086e-01   3.4193094e-01   1.7893735e-01  -4.2712356e-03   3.2582192e-01  -6.1195119e-02  -1.1772926e-01  -4.0330500e-02  -7.0059505e-02   0.0000000e+00   1.1059130e-01   2.4204112e-01   1.2154282e-01  -4.2014444e-01   3.2778992e-01   5.5195649e-02   1.4158456e-01   2.6632913e-02   6.3638181e-02   4.2216501e-01   4.2501295e-02  -2.2874074e-01   2.2974510e-01  -1.5461837e-01   5.7061006e-04  -5.1325726e-02   1.1670803e-01  -7.9173953e-02   1.1493811e-01   2.0048021e-01   1.9847917e-01   2.5864641e-02  -6.9221032e-02   1.4622349e-01   3.4856614e-01   2.1490275e-01   1.5016388e-01  -1.0287446e-01   1.2139509e-01   3.8165326e-01   1.6198205e-01   5.7355239e-02  -2.6722979e-01  -2.1346270e-01   1.3494615e-01   1.0161153e-04   1.8456483e-01   3.2255390e-01   1.2699660e-01   4.1963461e-01   1.1400281e-01  -1.2715356e-01   3.0467412e-01   5.4868713e-02  -1.2131040e-01   1.6585154e-01  -1.1330209e-01  -1.7885865e-02   3.2444103e-03   2.2872557e-01  -1.6368364e-02   4.1162205e-01  -2.8573386e-01  -1.1626024e-01   1.7820321e-01   2.6621509e-01  -1.9519156e-01   5.4750060e-02  -1.6370159e-01   2.3231400e-01   2.6213387e-01  -4.6857632e-03   7.7653590e-02   4.7770288e-02  -1.6229623e-01  -2.4252124e-01   1.4516163e-01  -2.9256569e-01   1.3851058e-01  -6.2960228e-03   1.3379845e-02  -5.3888094e-02   1.7621254e-02  -2.9852447e-01   1.0931878e-01  -8.5749431e-02   2.6168997e-01  -1.0076737e-01  -8.1306074e-02  -2.1938707e-02   1.1220493e-01  -1.7538408e-02   3.5122830e-02   1.2368732e-02  -7.5301825e-02   2.2591056e-01   1.2024404e-01  -3.2673680e-02   1.7370901e-01   4.7949545e-01   3.4091979e-02   6.9048588e-03  -2.2670526e-01   2.6799009e-01  -2.1599914e-01  -2.3251936e-01   1.4026758e-01  -3.1399973e-01   2.2800583e-01   1.4595688e-01   1.8979505e-01  -1.0945116e-01  -7.6322922e-02  -3.2721611e-01   5.8206794e-02   2.9692558e-01   9.0280831e-02   3.8580872e-02  -4.9031400e-02   6.0682032e-03   6.6988961e-02   2.5041896e-01  -2.7560646e-01   2.7018829e-01  -7.1221200e-02  -3.9276599e-02   3.3007107e-02   5.0307542e-02  -1.7406121e-01   2.5622251e-01   2.6636614e-01  -1.3933560e-01   5.6323058e-02   1.0830179e-01  -1.8863034e-01  -1.6310126e-01   5.6911701e-02  -1.6945502e-01  -1.2724108e-01  -1.7176719e-01  -1.6603255e-01  -1.3096193e-01  -4.4917638e-02   8.6365719e-02   1.8234812e-01  -1.3022170e-01   1.5784225e-01   2.7378561e-01   3.6883825e-01   2.2699697e-01  -2.5726508e-02  -1.7581124e-01   9.4892278e-02  -1.4147834e-02   3.6951823e-01  -8.0065285e-03  -1.4188631e-01   1.2893997e-01  -7.5932830e-02  -8.4298167e-02   1.9796509e-01  -1.1276408e-01   5.0171420e-01  -2.4492138e-02   2.2952769e-02  -1.4779233e-02  -2.2749418e-02  -1.8655298e-01  -8.2331959e-02   2.5842308e-01   9.6224333e-02   1.1294943e-01   1.3565743e-01   1.1594378e-02   3.0115348e-02  -6.2828531e-02  -1.2665214e-01
  -6.3971006e-02  -2.0079933e-01  -7.9316992e-02   1.5895521e-01   2.3466200e-01  -4.4647566e-03  -6.8752134e-02   3.2771724e-01   2.7304119e-01   1.1059130e-01   0.0000000e+00  -4.2365838e-02   3.3032966e-01  -1.5701878e-01   1.5646094e-01   1.7193488e-01   1.3113499e-02   2.7280750e-01   1.1118936e-01   8.2322220e-02   9.0312579e-02   1.0902347e-01   1.7652804e-01   1.1667521e-01   1.8325030e-01   1.4222855e-01   9.8198545e-03   3.8342205e-02   7.4038928e-02   2.9356402e-01   3.0644038e-01   2.5002731e-01   3.2888287e-01  -1.2180255e-01   2.7248429e-02   4.1996120e-01   7.9126888e-02   3.2381524e-03   3.0255279e-01  -1.3877279e-01   4.0578729e-01   3.1209629e-01  -9.8516732e-03   1.5120101e-01   5.0625701e-01  -8.3949647e-02   3.7757555e-01  -3.9365915e-02   1.0177617e-01  -8.0543402e-02   2.0871210e-01   2.7918563e-01  -1.4862748e-01  -3.3247500e-02   1.3577558e-01   3.2145322e-01   3.1967257e-01   2.1764031e-01   3.7012628e-01   1.3295895e-01   3.9547455e-02   3.5216874e-01  -1.4428712e-02   4.7113846e-01   2.6681318e-01   2.2445661e-01  -1.5892701e-01  -1.6026938e-03   3.3328998e-01  -1.3990755e-01  -6.1618451e-02   1.9761532e-01   3.3244064e-01  -8.4638768e-03  -9.2017994e-03   3.3156305e-01   5.3566222e-02   1.1940632e-01  -4.9657508e-02   3.3646874e-01   8.5476966e-02   2.6143529e-01  -7.0001957e-02   7.5917335e-02   8.2882447e-04   3.2109167e-01   5.6196856e-02  -1.5075015e-01   3.3389601e-01   1.0701868e-01  -8.0841787e-02   1.1624452e-01  -6.5729435e-02   2.7378533e-01  -1.7123562e-01   4.8663642e-02   3.7830811e-01   1.9465665e-01   2.3183901e-01  -8.4363371e-03  -1.0428543e-01   4.6232845e-01   3.5700744e-03   1.6365267e-01   1.0910735e-01   2.0257240e-01   2.3866964e-01   1.2597297e-01   6.4545229e-02  -1.6670004e-01   1.4429715e-01  -6.1402330e-02   5.0491884e-02  -7.1506400e-02   7.6874132e-03  -1.3660233e-01   1.6483565e-01   3.4652707e-01   2.6181383e-03   2.4269126e-01   2.7546500e-01  -2.7819092e-02  -2.7033174e-02   2.4867069e-01   1.0748741e-01  -1.0616043e-01   3.3533910e-01   2.3171040e-01   1.6229777e-01  -1.5403802e-01   1.2708572e-01   1.5522762e-01   8.0482558e-02   1.2799551e-01   3.0685930e-01   2.1288746e-01   3.7167697e-01   2.1679692e-01   3.3113116e-01  -8.8237092e-02   4.0537390e-03   5.6873169e-03   1.5924206e-01  -8.9110225e-04   3.2785827e-01   3.8576540e-01  -1.0716346e-01   1.8414898e-01  -1.4636835e-02   7.5727283e-02  -1.2761803e-01   1.1522940e-01   1.6920041e-01   3.0877524e-01  -1.6735950e-03   1.5575734e-01  -2.1581041e-02   3.6866902e-01   7.2329620e-02  -2.2390437e-03   3.9885325e-02   4.1451917e-01   1.6100810e-01   8.8424614e-02   2.9790856e-01   1.3416199e-01   2.6922477e-01   3.4070690e-02   2.7991510e-01  -1.0243415e-01   1.7019866e-03   4.2824061e-02   1.2010264e-01  -1.2121289e-02   1.4210891e-01   2.5410997e-01   7.1911154e-02
  -4.6346944e-01   6.1360962e-01   4.8463837e-01   2.7955492e-02  -1.2235689e-01  -2.3760911e-01   4.1870022e-01   2.0586922e-02  -2.8112948e-01   2.4204112e-01  -4.2365838e-02   0.0000000e+00  -1.5348947e-01  -4.4699259e-01   6.2527804e-01   9.3494572e-02   3.6140007e-01   4.6398624e-03   4.4659089e-04   1.1350236e-01  -7.3079001e-02  -3.1191250e-01   7.0327314e-01  -4.1476888e-01  -1.1906776e-02  -3.1327821e-01   4.8316591e-02  -1.6535949e-01  -8.7507689e-02  -1.3581543e-01   4.2301883e-01  -1.9110563e-01   8.2368131e-02   7.7166660e-01   5.7715388e-01   2.0994280e-02   1.3075989e-01  -3.0400869e-01  -2.6727077e-02   5.6140282e-01  -2.8910238e-02   2.1664040e-01  -1.1592247e-01  -2.3023401e-01  -2.8006488e-01  -2.2484764e-01  -1.1653692e-01   5.1949956e-01  -9.4396848e-02   3.4640314e-01  -3.3177431e-01  -3.2336568e-01   3.3076349e-01   1.1298309e-01  -4.9712032e-02  -1.9736621e-01  -2.6355136e-01  -3.9351973e-01  -1.8916719e-01   1.6376314e-01  -2.7856475e-03   1.1097463e-01  -3.0108592e-01  -8.3838193e-02   2.3368554e-01  -4.3336314e-01  -1.6557706e-01   1.7816071e-01  -2.4149480e-01   5.0980297e-01   6.7348849e-01  -2.2593620e-01  -1.2306728e-01   2.0819537e-01  -3.2466135e-01  -3.6797600e-01  -5.8108407e-02  -2.4513749e-01   2.3999453e-01  -2.2277239e-01  -1.7553287e-01  -9.1909687e-02   3.5904860e-01  -2.1007067e-01   5.0184623e-01  -2.9757226e-01   4.4458315e-01  -4.4000207e-02  -3.0626239e-01  -3.0539086e-01  -1.5519143e-02   2.6179152e-01   6.0155760e-01  -3.4566699e-01  -1.7862361e-01   1.4650601e-01  -8.1076019e-02  -1.3033437e-01   2.1448038e-02   5.8408023e-01   2.9771086e-01   3.7166973e-01  -2.2540566e-01   2.1572639e-01  -1.4294776e-01  -9.5774819e-02   1.4997672e-01  -5.4411618e-01   7.3201319e-02   2.2200707e-01   5.8903816e-01  -2.8817331e-01   5.7230920e-02  -5.0980278e-01   3.3464642e-01   2.9708225e-01  -2.3803920e-01  -1.1460482e-01   1.1171426e-01  -2.7099496e-01  -2.1685488e-01   2.7920218e-01  -1.7704089e-01   2.6574411e-01  -3.1104833e-01   3.6233930e-01  -3.0257790e-02  -2.3557125e-01  -2.5257202e-01   4.6688521e-01  -1.3968073e-01   2.9566730e-01   4.4738673e-01   3.3466159e-01  -3.8659951e-01  -9.7363051e-02  -3.2702675e-02   1.3539367e-02  -2.4729810e-01  -3.5459226e-01  -3.7119382e-01  -2.4523742e-01  -1.6516857e-01   3.6433052e-01   3.3770087e-01  -2.0827637e-01   8.6656101e-01  -1.6046433e-01   3.6384133e-01   4.1492152e-01   4.2034758e-01  -1.9091066e-01   1.4532635e-01  -1.1307077e-02   4.2983573e-01  -4.9411033e-01  -4.0149788e-01  -1.0743891e-01   2.7421316e-01  -8.0732760e-02  -1.1906176e-01  -3.6825244e-01   1.6470362e-01  -1.5191677e-02  -2.0539595e-01   2.6191732e-01  -2.7951642e-01  -1.9481323e-01  -1.9455832e-03   4.3326301e-01  -1.6473988e-01  -1.3146381e-01   1.3232129e-02  -1.0798770e-01  -2.1233462e-01   2.5359640e-01  -3.1194999e-02
  -2.9801968e-02  -1.2615305e-01   3.0047675e-03   1.9524353e-01   3.0376900e-01   2.3421124e-01  -2.9651300e-02   1.4362800e-01   6.7228570e-02   1.2154282e-01   3.3032966e-01  -1.5348947e-01   0.0000000e+00   3.4308431e-02  -2.0724664e-01   3.9981929e-01   3.1666310e-02   1.0996130e-01   1.7141654e-01   2.6577832e-01  -8.0097638e-02   1.8393812e-01  -5.4701374e-02   1.3989768e-01   3.3329334e-01   3.8067169e-01  -1.5060778e-01   1.4979205e-01  -8.1551276e-03   7.5560812e-02  -2.4152590e-01   2.0749797e-01   3.1247945e-01  -1.3291325e-01  -1.2309155e-01   2.4040621e-02   8.6626949e-02  -1.7418704e-02   3.7759271e-01  -1.7421051e-01   7.0502073e-01   2.4194216e-01   3.1143198e-02   1.8217720e-01   2.7286570e-01   8.9954720e-02   2.0117691e-01  -1.9495227e-01   9.4360562e-02  -4.7279673e-03   2.7108230e-01   3.9839131e-01  -2.9544061e-01   1.8423259e-01   6.7901617e-02   2.9680027e-01   3.6782651e-01   2.1583439e-01   3.3735794e-01   1.1851796e-01   1.8078104e-01   3.9026476e-01  -3.6891480e-02  -6.7657068e-02  -1.1668094e-01   2.4954855e-01   2.9605717e-03   5.2748104e-02   2.1675384e-01  -7.8317885e-02  -1.9533071e-01   1.0700833e-01   4.7281487e-01   9.9111077e-02   3.8120752e-01   2.8319776e-01   9.6309745e-02   2.4059760e-01  -2.5153687e-01   2.7682508e-01   2.8726299e-01   4.0533454e-01  -1.8789380e-01   1.1878695e-02  -1.3601765e-01   3.0675808e-01  -9.3706407e-02   7.7431732e-02   2.5768206e-01   1.1497656e-02  -1.5626889e-01   1.0475748e-01  -7.9025055e-02   1.9186536e-01  -1.6388367e-01   4.9123979e-02   5.2920368e-01   2.0170732e-01   2.0773101e-01   9.5633003e-03  -1.4621193e-01   1.1107707e-01   2.0724158e-02  -3.8492753e-02   6.0613413e-02   2.7364779e-01   2.2740963e-01   1.9467839e-01   1.6740294e-01  -6.8237934e-02  -1.0130885e-01   2.0983138e-01   1.1020575e-01   7.6556457e-02  -4.4618864e-02  -1.9861516e-01   3.6775236e-01   7.4999077e-01   4.0817413e-03   1.5269631e-01   1.1947366e-01  -5.3783776e-02   7.0189452e-02  -1.4251920e-01   2.2560903e-03   5.3645429e-02   1.6074081e-01   3.8653500e-01   1.8222265e-01  -9.4307932e-02   3.7861629e-01  -2.6958129e-01  -6.5033944e-02  -9.9901877e-02   2.0336022e-01   1.4993772e-01   2.6513772e-01  -1.0516965e-01   4.6908106e-01  -8.4604356e-02  -4.2573241e-02   2.9561341e-01   1.0286994e-01   9.5629507e-02  -7.8942888e-03  -2.0558666e-02  -2.9538846e-01  -2.3778362e-02   7.5163711e-02  -5.4092237e-02  -7.7215205e-02   8.6565403e-02   4.5969387e-02  -3.8018497e-02  -9.7589721e-03   9.2778424e-02  -5.9485473e-02   6.2709492e-01   9.9944542e-02   3.5152404e-01   8.7034331e-02   1.7024195e-01   9.2406676e-02   8.8572557e-02   2.0296036e-01  -1.6017824e-01   1.2718145e-02   6.6601834e-02   1.7478763e-01  -2.3221726e-01  -1.3251992e-03  -1.5529490e-01   3.1161706e-02  -3.9942437e-02   2.7639196e-01   5.8009405e-02   1.6014562e-01
   3.1160607e-01  -3.9464940e-01  -1.4872846e-01   2.3319500e-02  -1.8523687e-01   3.2974276e-01   2.1193309e-01   2.2868944e-01   7.5509139e-02  -4.2014444e-01  -1.5701878e-01  -4.4699259e-01   3.4308431e-02   0.0000000e+00  -5.3460448e-01   6.8079867e-02  -7.3048382e-02  -5.1862038e-02   9.7135843e-02  -2.8896338e-01   4.8170510e-02   5.5721502e-01  -2.2173269e-01   4.9308296e-01   1.1392661e-01   1.8451938e-01  -1.5116744e-01   3.6115102e-01   7.7746268e-02   1.3357211e-01  -4.2019561e-01   5.2009472e-02   3.1436008e-02  -3.8574652e-01  -3.4971321e-01  -2.8304063e-01  -2.9075219e-01   4.9424113e-02  -1.0053050e-01  -3.5278677e-01  -1.0053284e-01   2.1020729e-02   1.8162590e-01   3.0015264e-01  -7.8887728e-02   2.7777896e-01   2.2704938e-01  -3.2338676e-01  -1.9741034e-01  -1.8174706e-01   1.5736624e-01   1.4192297e-01  -5.3862847e-01  -5.8115313e-02   1.8642174e-01   1.2492668e-01   1.0945056e-01   2.7796001e-01  -1.0401002e-02   2.1199744e-02   1.5266131e-01  -1.2532140e-01   1.6276924e-01  -8.0550496e-02  -4.3613095e-01  -9.0273946e-02   4.1542911e-01  -3.9694940e-02   3.3347924e-01  -7.7637429e-02  -3.3086474e-01   1.7505999e-01  -1.8733945e-01   3.5835684e-01   6.3845281e-02   2.9605623e-01   1.4488790e-01   7.0451054e-02  -4.2914111e-01   1.3133424e-01   3.7866248e-01   9.2059475e-02  -1.9537681e-01   3.0097860e-01  -3.3077326e-02   1.0470955e-01  -2.2769367e-01   4.6174380e-01   1.2174299e-01   2.7420371e-01  -3.4405248e-01  -1.8457294e-02  -3.6575133e-01   1.1841126e-01   9.0162568e-02  -2.8662932e-01   7.2570420e-02   2.6760526e-01  -1.0139533e-01  -5.1009047e-01   1.5717176e-01  -2.6345857e-01   6.0314059e-01  -1.3863590e-01   2.6537849e-01   6.4406887e-02  -1.2278494e-01   2.7969350e-01  -3.4142609e-01  -1.2431632e-01  -5.5903002e-01   5.3938003e-01   9.3573905e-02   3.2292559e-01   2.2346946e-01  -5.2747919e-01   1.4627132e-01  -8.7946870e-03   3.7034850e-01   3.1023392e-02   1.3516639e-01  -3.1454492e-01   2.3632601e-01  -4.7814230e-01   1.4833269e-01   2.6678427e-01  -1.1699315e-01   3.0607021e-03   2.8987968e-01  -9.4853041e-02   2.7464216e-02  -2.7512848e-01   7.9495451e-02  -3.2632335e-01   1.4103381e-01   2.2521171e-01  -8.2233684e-02   2.6549797e-01   1.8605897e-01   3.9918291e-01   2.2924703e-01  -7.3858803e-02   3.6606462e-02   5.9151040e-02  -7.1167452e-02   2.4154766e-01  -2.3292847e-01  -4.3166955e-01  -3.7956511e-01  -3.9343433e-01   2.1605944e-01   6.0538196e-01   5.7035678e-02  -4.3552083e-01  -1.6332878e-01   2.1953320e-01   2.6974412e-01   5.2869355e-02  -7.7760063e-02   3.6686622e-01   1.6686902e-02   1.8739689e-01  -4.0983189e-01   1.0915045e-01   7.3877467e-02  -3.1746735e-01  -1.0843261e-02   3.6135961e-01   1.2441060e-01  -6.3964390e-01  -2.4060207e-01   1.7776864e-01   2.5579426e-02   3.7950460e-01   1.7673467e-01  -8.3630224e-02   9.1908335e-02
