   0.0000000e+00  -5.1729690e-02   3.1280927e-01  -2.1179225e-01   7.9581579e-02  -1.7289664e-01  -3.1622884e-01   2.6261662e-01   1.1832864e-01  -2.9612265e-03  -5.4006722e-01  -1.7643040e-01  -1.7757695e-01   2.1152467e-01  -4.3745482e-01  -3.1599035e-01   2.3367799e-01  -4.2573925e-01   2.4198777e-02   7.0961743e-02  -3.6119338e-01  -1.5783992e-01  -2.7561554e-01   6.6081432e-01  -8.2768399e-02   4.3988404e-01  -1.6175977e-01   5.0422750e-01   4.9542152e-02  -3.4473518e-01  -3.8068408e-01  -1.0260444e-01  -2.8685568e-02  -2.1480982e-01   8.9228242e-02  -2.8655402e-01   2.5521093e-02   4.2466213e-01  -5.7816636e-01  -6.5637518e-02  -3.4273473e-01  -1.1236447e-01   7.4373380e-02   2.0880097e-01  -2.6689940e-01   4.7974670e-01  -4.4848637e-01  -1.7811599e-01  -4.9733018e-02   1.2376312e-01  -4.4012673e-01   2.8942596e-01  -9.3256141e-02  -1.7039562e-02  -6.8135381e-04   3.1773415e-01  -8.2717441e-02   1.5218285e-01  -2.7356524e-01   1.3238178e-01   3.7245509e-01  -1.2037208e-01  -3.0538351e-03  -2.1088592e-01  -3.1453454e-01  -1.1483227e-01  -7.9907252e-02   2.2923723e-05  -4.6413428e-01   3.5768489e-01  -5.5238994e-02  -2.0325389e-01  -3.6768836e-01   6.9003485e-01  -1.4961670e-01  -7.4279066e-02   5.1607920e-01   2.1345951e-01  -1.4229629e-01  -2.9317557e-01   3.4332486e-01  -3.0612176e-01  -1.0577273e-01   1.8096434e-01   3.9477487e-01   1.1978796e-01  -1.7118751e-02  -7.8933094e-02   6.2311217e-02   7.1251953e-01   9.1907034e-02   3.7890961e-01  -1.4718102e-01   1.5798961e-01   5.2764888e-01   1.9014466e-01  -3.1882949e-01   2.2194557e-01  -1.0626956e-01  -2.4994136e-01  -1.1301066e-01  -1.8548093e-01  -8.1760761e-02   2.2737852e-01  -2.2392726e-01  -2.0300462e-01   2.1457018e-02  -1.7500366e-01  -7.3937669e-03  -1.0235010e-01  -3.1057711e-01  -1.3127225e-01  -2.1299541e-01   7.6783620e-01   1.5032783e-01  -2.5887140e-02   3.4872492e-01  -3.7860335e-01  -4.8858631e-02  -1.0585634e-01   3.4954163e-01  -4.6350059e-02   3.1250964e-03  -2.1432829e-01   5.6418318e-01   6.1250402e-01  -2.7935379e-01  -1.5122375e-01   1.0502499e-02  -1.9341658e-01  -3.8811726e-01  -3.7900240e-01   6.2904658e-01  -3.2863959e-01   4.6894046e-02   2.3647413e-01  -1.5704004e-01  -1.2732750e-01   1.7780613e-01   4.9957855e-01   3.5806653e-01  -2.2873083e-02  -3.0953286e-01  -3.8406212e-01  -3.5898914e-01  -3.1318052e-01  -2.7416098e-01  -2.9768918e-01  -3.2444072e-01  -1.2658485e-01   5.3918252e-01   9.1944831e-02   2.3785625e-01  -1.6221097e-01  -8.0339973e-02   3.0071939e-01   5.0953541e-01  -2.8433090e-01   3.7277921e-01   1.6521482e-01   6.1531194e-02  -3.2075764e-01  -1.8983820e-01  -4.4623739e-01   8.5133004e-02  -8.3934595e-02  -2.6557650e-01   2.7979430e-01   3.8140561e-01   7.8676057e-02  -1.4454709e-01   3.8491092e-01  -4.0670323e-01  -4.2395256e-01  -1.3427842e-02  -1.9941534e-02   1.1249311e-01
  -5.1729690e-02   0.0000000e+00   2.6936433e-01   1.7718166e-01   5.2594983e-01  -9.2923772e-02  -2.5611040e-01   1.2636903e-01   1.4910078e-01   2.5807812e-02  -2.0146741e-01   4.1619703e-01  -6.5262250e-02  -2.2629292e-01  -3.6121406e-01  -9.8657889e-02   4.6084831e-01  -2.1889356e-02  -8.9215068e-02   3.2540588e-01  -3.3576912e-01   5.5368943e-02  -3.8752373e-01  -1.3586727e-01  -4.7788712e-02  -1.7655356e-01   1.2997585e-01  -2.3694614e-01   8.3168191e-02  -4.6186176e-02  -8.3444976e-02   8.5194708e-02   3.0592366e-02   2.4431072e-03   2.0729452e-02  -2.3382592e-01   1.5745684e-01  -1.4214090e-01   6.7827614e-02   4.3903693e-01   1.0874848e-01  -1.3538489e-01  -5.6100321e-02  -5.1698288e-02  -2.3391575e-01  -6.2925026e-02  -2.3142357e-01   1.9592613e-01   1.8667191e-01   5.4938354e-01  -2.9864170e-01   4.4388443e-02   5.1475041e-01   2.5135348e-01  -1.2441587e-01  -2.7425319e-01  -3.7420799e-01   1.4328757e-01  -4.1587680e-02  -1.0665411e-01   1.4753795e-02  -3.6487994e-02   1.8282472e-01  -9.0663208e-02   2.3333712e-01  -2.6982305e-01   4.0218898e-01   3.1906645e-01  -1.5238787e-01   1.3781655e-01   7.5814994e-01  -2.1666898e-01   2.1999707e-01  -7.2108448e-03   2.5907999e-02  -4.9680120e-02  -1.3379618e-01  -4.6083855e-02   3.6727839e-01   4.4171653e-02  -3.6523267e-01  -3.7874650e-02   2.3302931e-01   8.4782488e-02  -8.3261586e-02   6.5747161e-02   4.2918934e-01  -2.7803164e-01   2.5685197e-01  -2.5139561e-01   6.4374622e-01  -1.2575941e-02   6.6959439e-02   1.2651024e-01  -1.4983305e-01   3.9483888e-01  -2.2343869e-02  -8.3177621e-02   3.4209583e-01  -2.3244177e-01  -1.6176612e-01  -2.0735414e-01  -1.2679459e-01  -1.7278877e-01  -9.9266126e-02   3.2548270e-01   2.0266615e-01  -1.9598198e-01  -2.8665361e-01   8.3416794e-02  -1.0300992e-01  -5.4325744e-02   1.4148337e-01  -2.3676864e-01  -4.5898381e-01   6.2796268e-01   1.0440950e-01   5.9515744e-02  -3.5389599e-01   2.1875400e-01  -2.4550626e-01   2.8728124e-01   2.7461044e-01   4.2832418e-01  -2.3299124e-01  -1.4048687e-01  -2.4019277e-01   2.2544430e-01   1.0786725e-01   4.6929334e-01   1.3115965e-01  -1.0415723e-01   2.2088009e-01  -3.0387065e-03   2.1994714e-01   5.5227814e-02   2.4101591e-01  -1.2414954e-01   1.0664126e-01  -2.4931153e-01  -3.8122994e-01   5.3301607e-02  -2.9636482e-01   8.7359679e-02  -3.4103916e-01  -1.3517791e-01   1.2009924e-01   2.1895320e-01  -3.2901678e-01   6.2369367e-03  -2.9584047e-01  -1.8995959e-01  -2.7505906e-01   2.6112836e-01   7.1756437e-01  -1.2680495e-01  -2.1135921e-01   6.9124947e-02  -5.8668598e-02  -1.8708068e-01   1.7746670e-01  -1.5944880e-01   2.8986527e-02  -1.1430334e-01   3.3709224e-02   1.0436625e-01  -1.9971672e-01   5.7546637e-03  -2.2799351e-01   5.1543233e-01   2.0054630e-01  -1.8034290e-01   7.3997181e-02  -7.5043651e-02   4.3537892e-02   1.0845532e-01  -2.1383589e-02
   3.1280927e-01   2.6936433e-01   0.0000000e+00  -7.4420541e-02   1.7806519e-01  -2.6013729e-02  -4.0680813e-01  -3.6001960e-02   1.0014962e-01  -5.5748513e-02  -4.4089123e-01   6.1873722e-02  -4.6841523e-02  -2.1656288e-01  -3.8821000e-01  -1.3075078e-01   7.5268085e-01  -3.3726739e-01  -1.1140966e-01   1.0844481e-01  -4.3132529e-01   4.7796406e-03  -3.1562900e-01   3.4955659e-02   2.7294561e-01   1.5682442e-01   3.2557264e-02  -1.3689172e-01   2.1836767e-01  -3.2489124e-01  -4.4944090e-01   2.5883172e-02   1.3729930e-01  -2.2964264e-01   1.5029259e-01  -1.4344971e-01  -8.0141357e-03   3.4083084e-01  -3.4206653e-01   1.9430805e-01  -1.2209164e-01   2.1944841e-01   8.1739325e-02  -1.0912441e-01  -4.0877879e-01   5.3544040e-01  -2.8879143e-01  -4.8035323e-01   4.6595979e-02   5.0560797e-01  -3.1169891e-01   2.0672255e-01   6.3604531e-03   4.1181953e-01  -2.9784299e-01   6.7772533e-02  -1.3780695e-01   2.6707339e-01  -1.2270695e-01   1.0424282e-01   6.9617418e-01  -2.7648888e-02   1.3688117e-01  -3.0234696e-01  -1.3288152e-01  -2.8354981e-01   1.5165096e-01  -2.3551452e-02  -2.7074913e-01   6.1974726e-01   1.5986601e-01  -3.2688536e-01  -1.9991270e-02   4.8335465e-01   9.1596638e-02   3.3466556e-02   5.4399709e-01  -4.0813766e-03   4.1631664e-01  -1.4403247e-02  -2.9719452e-02   1.1424904e-01  -1.1750615e-01  -1.8226947e-02   2.7151671e-01   2.0221254e-01   2.6908267e-03  -2.7456874e-01   1.2680467e-01   2.5919310e-01   3.5600727e-01   7.0196232e-01   1.3679966e-02   1.7418959e-01   4.7479496e-01   3.4261481e-01  -1.2179550e-01   8.2541672e-03   8.2508980e-02  -1.1980351e-01  -3.1226561e-01  -1.8146774e-01  -1.3350577e-01  -8.4764712e-04  -2.6961342e-01  -2.4549373e-02   3.7453586e-01  -9.2131589e-02  -2.9167457e-01  -3.0310763e-01  -1.4988063e-01   5.3091192e-03  -2.3539703e-02   3.4102475e-01  -4.2461145e-02   1.9971448e-01   1.7532993e-01   9.5870080e-02  -1.8405962e-01  -9.1741135e-02   4.1899458e-01   3.4152452e-01   2.0898184e-01   1.8179403e-02   4.8985024e-01   1.6886023e-01  -3.3338274e-01   8.1024064e-02  -5.3900062e-02   1.2273184e-01  -1.6879086e-01  -3.4930510e-01   3.7783246e-01  -4.2003963e-01   2.3151481e-01   6.2882541e-02   2.7400123e-01  -4.5742641e-01   1.3121813e-01   2.6941822e-01   1.2821066e-01   9.1302428e-03  -2.6513879e-01  -2.2538988e-02  -3.9283177e-01  -2.6407283e-01   3.3262291e-02  -1.6693020e-01  -4.2014443e-01  -2.6048661e-01   2.6088517e-01  -2.9259275e-01   3.5389586e-01  -1.2704413e-01   5.0243349e-01   1.5069224e-01   4.7716144e-01  -9.6305089e-02   5.5215998e-01   2.9165918e-02  -8.0049430e-02  -2.7296148e-01  -2.3401148e-01  -3.4123909e-01   1.3853525e-01   3.0941814e-01  -2.1758775e-01   5.6576545e-02   4.6182635e-01   2.3858799e-01   1.6070258e-01   1.6099014e-01  -2.4195501e-01  -1.2695570e-01   2.4436088e-01   4.0904983e-01   1.2017231e-01
  -2.1179225e-01   1.7718166e-01  -7.4420541e-02   0.0000000e+00   3.4009529e-01   1.5848115e-01  -4.8609337e-02   1.7109640e-01  -1.8589367e-01  -2.4750219e-01   1.2871400e-01   9.5922118e-02  -6.3726548e-03   1.0102955e-01  -3.7493749e-02   1.4950839e-01   1.0333480e-01   2.2239037e-01  -3.3023176e-02   2.8543953e-01   2.7220944e-01   4.2150822e-01  -5.2097094e-02  -1.9855296e-01   6.2770426e-02  -2.5555615e-02  -9.5908058e-02  -2.2432797e-01  -1.0609049e-02   4.2177834e-01  -7.9647198e-02   1.1286701e-01  -2.1441095e-01  -2.4509561e-01  -4.4827371e-01  -9.0751409e-02   2.0266506e-02  -2.4259106e-01   2.5544639e-01   1.6266623e-01   9.3325407e-02  -2.7345295e-01  -1.1757160e-01  -7.7941561e-02  -1.9703489e-01  -2.1749730e-01   3.1394101e-01   2.0148387e-01   1.8821156e-01   1.7045058e-01   9.2263426e-02   4.4360560e-02  -2.5615859e-03   1.0319565e-02  -1.3240462e-01  -7.5879397e-02   3.5803235e-02   1.9549622e-02   3.3097101e-01  -1.2422914e-01  -1.7009229e-01   7.3754156e-02  -2.0233146e-01  -4.1223888e-02   1.3384860e-02  -1.1578139e-01   2.5645764e-01   4.6427192e-01   2.8711523e-01  -1.7179749e-01   2.0344690e-01   3.2064260e-02   5.7416534e-04  -2.3681103e-01   2.6935439e-03  -6.5523787e-02  -1.1723724e-01   2.0010043e-02  -1.1535633e-01   3.5214761e-01  -1.7177566e-01   1.5055345e-01  -2.3838912e-02   2.1458486e-01  -2.6190062e-01   1.7570498e-02  -9.4799533e-02  -1.3213337e-01   1.5483444e-01  -3.3996181e-01   2.3940996e-02  -2.7622626e-01   3.5402112e-02  -4.0786024e-02  -2.0820490e-01   1.1050510e-01   2.9396050e-01   1.8741653e-02   6.0190409e-01  -2.1090060e-01  -1.7447192e-01   5.5937351e-02   3.1038755e-01  -1.3867515e-01   2.8195545e-01   7.1427808e-01   1.8560199e-01   3.5008615e-02  -6.4707081e-02   1.8974232e-01   5.7104889e-02   3.3959997e-01   3.2558029e-01  -1.9982571e-01  -3.3683715e-01  -1.0855799e-01   1.0528810e-02  -1.7394783e-01  -1.7337753e-01   2.9583861e-01  -3.1068195e-01  -2.0092405e-02  -2.7947646e-01  -1.0270690e-01  -2.5219215e-01  -2.9688750e-01  -1.2028159e-01   1.3686602e-01   2.7228076e-01   7.9113591e-02   1.4738019e-01  -3.1147553e-01  -1.3501135e-01  -4.5516646e-02   1.9987921e-01   1.1651405e-01   3.0391933e-01  -6.9890376e-02   1.8975075e-01  -3.1928706e-01  -2.3304226e-01   1.2163369e-02   1.4428392e-01   7.8906890e-02  -1.0886195e-01   1.5750066e-01   1.4082637e-02   2.1515466e-01   4.3803330e-02   9.3580663e-02  -4.4392062e-01   2.3180109e-01  -4.0084036e-01  -7.4713134e-02   1.6567792e-01  -1.2958463e-01  -2.6525255e-01   1.9770863e-01  -2.1621455e-01   1.3135719e-01   9.2837009e-03   1.1491961e-01   4.4277491e-02   4.3444048e-01  -1.2627458e-01  -2.8626361e-01  -1.6925566e-01  -7.9991062e-02  -1.4140022e-01  -1.4436308e-03  -1.6075791e-01  -3.1717549e-02   6.0250768e-01   2.7115365e-01   1.5993914e-01  -2.5342983e-01   2.8323112e-01
   7.9581579e-02   5.2594983e-01   1.7806519e-01   3.4009529e-01   0.0000000e+00   1.8960127e-02  -2.2554028e-01   5.4697913e-02  -1.4738043e-01   3.0367417e-01  -1.5441116e-01   1.7756641e-01   2.9786836e-01  -1.7822733e-01  -2.8687684e-01   4.1686871e-02   5.0707609e-01   1.4927467e-01  -3.5071836e-01   8.8801107e-01  -1.1337225e-01   1.0345201e-01  -2.9065692e-01  -6.3805414e-02   1.9789004e-01  -7.8178885e-02   1.3716613e-01  -1.1629232e-01   1.0977916e-01   8.4753135e-02  -2.5002237e-02   1.2402534e-01   1.4892945e-01  -1.8883088e-01  -3.3633228e-01  -4.3777038e-02   5.6553095e-01  -5.3501545e-02   2.3407165e-01   4.6036548e-01   3.7299082e-01  -2.2689898e-01  -3.5649312e-01  -9.9167607e-02   3.9384655e-02  -7.9537113e-02  -6.8872739e-02   2.9445193e-01   6.0547068e-01   4.8360732e-01  -2.2895897e-01   2.2559287e-02   1.8608482e-01   4.4939612e-02  -1.0916870e-01  -1.3394133e-01  -3.0285480e-01   1.7157405e-01   2.0723508e-03  -2.4508144e-01  -1.4094615e-02   4.1598626e-01  -2.5231795e-01  -9.6443612e-02   2.0992312e-01  -1.3062655e-01   5.2063730e-01   4.7001519e-01  -1.0032974e-01   1.7966066e-01   5.8612807e-01   3.6396851e-02   2.4706665e-01   6.2873535e-02  -3.2700024e-01  -5.4917983e-03  -5.9933384e-02  -5.1737339e-02   1.9758459e-02   3.1610036e-01  -1.9874188e-01  -5.6756409e-03   1.2196666e-01   7.1187913e-02  -2.3191525e-02   1.2294413e-01   2.1882535e-01  -3.0391089e-01   3.7009935e-01  -4.1110955e-02   4.3329688e-01  -8.1299441e-02   2.3804518e-03  -1.6566050e-02  -5.2693575e-02   8.1509336e-01   3.0037778e-01   9.2891316e-02   7.1778270e-01  -1.6885150e-01  -5.9860920e-02  -2.3001725e-01  -3.9238838e-02  -7.9805912e-02   3.2339834e-02   3.5505302e-01   4.3695091e-01  -1.3494552e-01  -8.1247180e-02   2.3684359e-01  -2.6920560e-01  -6.2003052e-02   2.1534043e-01  -7.1043535e-03  -1.6592940e-01   3.5162496e-01   1.0011769e-01   1.9228263e-03  -1.8129827e-01   3.2146532e-01  -1.4195404e-01   3.1709762e-02   3.3230868e-02   9.0743509e-02  -1.7428735e-01  -4.2189520e-02  -1.9158290e-01   2.6985717e-01   2.9391385e-01   3.7574348e-01   2.1306701e-01  -1.4853381e-01   1.4817794e-01   3.1380509e-02   1.3732324e-01   9.1544115e-02   2.2311068e-01  -5.2932229e-02   1.9791857e-01  -7.8373669e-02  -2.1099725e-01   4.9177715e-01  -2.7024754e-01  -1.2557442e-01  -3.5876188e-01  -1.8054607e-01   3.4579271e-03   2.3607629e-01  -2.9165056e-01   2.6000776e-01  -1.2390534e-01  -3.5450932e-02  -1.9852627e-01   2.2587269e-01   3.9702848e-01   3.0468952e-02  -1.1502239e-01   1.2344809e-01  -4.1805992e-03  -5.0039256e-02   2.6466202e-01   7.5807363e-03   1.3458110e-01  -2.0027516e-02   5.6760765e-02  -1.6288648e-01  -8.6727283e-02   8.2114180e-03  -3.6604220e-03   3.6074088e-01  -1.5639799e-01   6.5032051e-02   3.1363598e-01  -6.6533227e-02   1.9281632e-01   1.4484644e-01   1.0299404e-01
  -1.7289664e-01  -9.2923772e-02  -2.6013729e-02   1.5848115e-01   1.8960127e-02   0.0000000e+00   5.2263644e-01  -4.0777925e-01  -4.8564964e-01  -7.2666949e-03   3.7577924e-01   3.2467971e-01   4.6785588e-01   4.6452427e-02   3.9907633e-01   5.1918059e-01  -1.3103157e-01   3.5438716e-01  -6.2827859e-02   2.0810161e-01   2.9998500e-01   1.5345965e-01   4.8994135e-01  -7.7885501e-02   2.5292872e-01  -2.9978792e-01   4.6904251e-01  -1.5369744e-01  -5.2628411e-02   3.6119807e-01  -1.5472072e-01   8.8345655e-02   4.8127689e-02   2.0320120e-01  -2.7027214e-01   4.3113201e-01   1.9805268e-01  -2.3071490e-01   1.8811716e-01   4.0453228e-01   4.2537840e-01   3.4170576e-01  -5.6607093e-01  -3.0441994e-01   3.7293909e-01  -3.1172359e-01   5.3603586e-01   2.5260927e-01   3.0006490e-01   8.7194058e-02   5.9188942e-01  -4.9616270e-01  -5.2082801e-01   7.1699429e-03   1.0257596e-01  -1.4391538e-01   6.2585249e-01  -6.2600061e-02   3.9593100e-01   1.2301499e-01  -2.3251948e-01   5.5403394e-01  -4.2865947e-01   9.0877378e-02  -2.3166111e-01   3.6964285e-01   4.0732066e-01   4.8628449e-03   3.4060246e-01   2.8297252e-01  -2.7942450e-01   3.7531575e-01   2.5052314e-01  -2.0839866e-01  -1.8651379e-01   6.8809819e-02  -2.6502327e-01  -2.0702185e-01   7.4547656e-02   3.0692718e-01   6.2035932e-02   2.5019179e-01  -9.8222435e-02  -1.0096636e-01  -1.2848618e-01   1.1972589e-02  -4.2574333e-01   1.7785992e-01  -1.0386052e-01  -7.3383684e-02  -3.1692374e-01  -1.7873480e-01   3.9370417e-01  -4.7693369e-01  -2.9904980e-01   3.7100086e-02   4.8839520e-01  -4.7301885e-02   1.5221379e-01   3.8537135e-02  -1.0116815e-01   2.2307625e-01   3.1126187e-01  -2.9818170e-01   3.8845436e-01   8.9292682e-02   6.5323802e-02   3.3179562e-01   4.5205922e-01   3.5620043e-01   3.8180910e-01   4.2289378e-01   2.1721663e-01  -2.5381411e-01   7.3233158e-02  -3.6282784e-01  -3.3349468e-01   4.4835191e-01   3.0260959e-02   5.4425524e-02  -5.9538125e-02   1.5474299e-01  -2.3564406e-01  -4.6829260e-01  -1.3908745e-01  -1.2014878e-01   2.9120654e-01   1.4174273e-01  -7.6267890e-02   2.5389934e-01   3.4548734e-01   3.3426837e-01  -2.5199006e-01  -2.8331430e-01  -3.0253592e-01  -1.4751769e-01   1.1087590e-01  -1.6394405e-01  -2.4005952e-01  -1.5764786e-01  -1.1270319e-01   2.9666882e-01   3.4563366e-01   5.0167313e-01   2.8648592e-01   1.2240432e-01   3.0061099e-01   2.0003200e-01   4.8124652e-01  -1.9698642e-01  -8.4832234e-02   4.3364224e-02  -2.6237368e-02  -2.6821234e-01   2.4951092e-02  -7.1574470e-03  -2.7031998e-01   2.3443040e-01  -1.9857742e-01   2.1339449e-02  -5.8735289e-02   1.6333030e-01  -2.4591185e-01   5.1824147e-01  -1.5220572e-02   1.0840141e-01   4.4811450e-01  -1.9948901e-01  -1.7810457e-01  -2.4924997e-01   2.0961629e-01  -1.9524824e-01   3.7347898e-01   6.0037789e-01   2.2389528e-01   1.0335383e-01   1.0744963e-02
  -3.1622884e-01  -2.5611040e-01  -4.0680813e-01  -4.8609337e-02  -2.2554028e-01   5.2263644e-01   0.0000000e+00  -4.7948263e-01  -1.4892540e-01   1.9094786e-01   3.7342389e-01   3.7265393e-01   1.7903731e-01   2.6813836e-02   7.8048741e-01   2.5587255e-01  -5.3527376e-01   3.6076213e-01  -7.3891421e-02  -4.3490143e-02   5.2047690e-01  -2.3699499e-01   8.0315356e-01  -2.5176486e-02  -1.8081801e-01  -3.7980365e-01   2.2007815e-01   6.0782522e-02   5.2523078e-02   4.7513494e-01   2.1920366e-01  -2.7701456e-01  -2.7250317e-01   6.1122771e-01   9.5436128e-02   2.9300841e-01   2.2100188e-02  -3.5602819e-01   4.9405400e-02   4.6820440e-02   9.5555418e-02  -3.2734641e-02  -2.6152659e-01  -1.9663060e-01   6.1160201e-01  -3.3130714e-01   3.8884229e-01   5.2158690e-01  -1.0105965e-01  -3.6293143e-01   4.9015359e-01  -4.7187150e-01  -2.8611574e-01  -2.8156227e-01   2.1221767e-01  -1.7050020e-01   4.0979953e-01  -5.1379324e-01   9.8880625e-02   1.9370851e-01  -3.2910295e-01   3.3132139e-01  -1.7101157e-01   1.6029758e-01  -6.5460473e-02   7.5940624e-01  -9.4284251e-02   2.9925654e-02   1.3347872e-01   4.0387146e-02  -3.8705368e-01   2.7326122e-01   3.6118594e-02  -3.9107606e-01  -2.0213330e-01  -2.0143816e-01  -3.6471558e-01  -9.9093363e-02  -2.4402963e-01  -5.8757891e-02   1.3724180e-01  -2.1215171e-02  -2.9355020e-02  -1.7226762e-01  -1.4925093e-01  -3.6635983e-01  -1.7219878e-01   3.8753332e-01  -1.8595856e-01  -1.0220988e-01  -4.9110820e-01  -3.3831373e-01   4.6282313e-01  -3.0740023e-01  -4.0427617e-01  -4.2979276e-01   1.3446412e-01  -1.6395626e-01  -1.2180479e-01   4.3498320e-01   1.6018228e-01   3.9375445e-01   1.8051651e-01  -1.4551994e-01   1.9776829e-01  -1.4870298e-01  -2.1127406e-01  -7.2575101e-03   5.1874114e-01   4.0887617e-01   5.6632000e-01   2.0959615e-02   6.5000426e-03  -2.8783366e-01   3.1249308e-01  -3.9375471e-01  -3.8163201e-01   1.4424799e-01   1.7583403e-01  -7.2249164e-02  -1.2063639e-01  -6.6167925e-02  -2.5858169e-02  -1.9201875e-01  -1.8724695e-01  -8.7773964e-02   7.2993781e-01  -1.8941450e-02  -2.8384507e-01   9.2791527e-02   1.5472434e-01   5.8710633e-01  -5.3202521e-01   1.9744423e-01  -4.4684862e-01  -4.8834193e-01  -3.2172523e-01   2.5132522e-01  -4.4085123e-01  -1.7353825e-01  -8.3008059e-03  -1.1891697e-01   2.8854563e-01   4.0863343e-01   6.8970430e-01   1.3178266e-01   3.7292452e-01   1.3604611e-01   7.4932501e-01   9.4892332e-02  -4.2081630e-04   1.6875486e-01  -1.5486940e-02  -1.7632607e-01  -3.9296421e-01  -1.0899704e-01  -3.1577754e-01   2.1185057e-01  -3.5962686e-01  -9.3162198e-02   1.4306515e-02   1.9501290e-01   2.4376126e-02   3.0134832e-01  -3.5727017e-01   1.5112056e-01   5.1639086e-01  -2.1488271e-01  -1.6670089e-01  -3.5480085e-01   3.0457439e-01  -2.5667787e-01   2.3881609e-01   2.8646583e-01  -2.7198648e-01  -3.4321278e-01  -3.9019840e-01
   2.6261662e-01   1.2636903e-01  -3.6001960e-02   1.7109640e-01   5.4697913e-02  -4.0777925e-01  -4.7948263e-01   0.0000000e+00   3.1154523e-01  -2.7389202e-01  -1.6924150e-01  -2.1305344e-01  -1.9752591e-01   2.1995212e-01  -5.7867077e-01  -4.6878211e-01   1.9719095e-01  -1.9370026e-01   1.9787638e-01  -1.1336595e-01  -7.0593697e-02   3.6403576e-01  -4.0043137e-01  -4.0592925e-02  -2.4900513e-01   5.2661396e-01  -1.1816534e-01   3.6311138e-02   1.2827323e-01  -4.7180881e-02  -1.1852585e-01   1.8996960e-02  -3.6164568e-02  -3.2245292e-01  -1.1241731e-01  -1.4679051e-01  -1.0801193e-01  -1.4748361e-01  -1.1019076e-01  -1.8465992e-01  -1.7578780e-01  -4.7627914e-01   4.1607488e-01   6.4041723e-01  -3.8083162e-01   2.0870788e-01  -1.3551170e-01  -1.0208182e-01  -9.1703377e-02   1.0293195e-02  -2.0437383e-01   6.2528206e-01   1.5117816e-01  -1.4026486e-01  -1.8155165e-01   3.9497785e-01  -3.4254102e-01   2.4272683e-01   7.6245041e-02  -2.3328034e-01   1.4036033e-01  -2.5252378e-01   2.3166285e-01  -1.0878656e-01   8.3864741e-02  -2.8280768e-01  -1.0533065e-03  -2.4628119e-02   8.1075628e-02  -1.6977972e-01   2.0666014e-01  -1.7442355e-01  -1.6308535e-01   1.5579004e-01   6.4906139e-02  -3.1899942e-02   1.0264314e-01   5.2016038e-01   6.6165775e-02  -1.1562875e-01   7.3379900e-02  -1.1919263e-01   3.9067795e-02   7.3227089e-01  -1.4530419e-01  -6.0464156e-02   9.6835260e-02  -4.1559883e-01  -6.9513054e-02  -1.9792301e-01   3.7112834e-01  -5.3937048e-02  -2.8536998e-01   3.6322832e-01   6.5627700e-02   9.0715751e-02  -1.3094084e-01   4.9004728e-01   6.5142248e-02  -5.5512891e-01  -2.0370869e-01  -2.8441976e-01   3.6023711e-01   1.2467790e-01  -1.3142628e-01   6.8943113e-02   5.3996769e-02   2.3190048e-01  -1.4194312e-01   9.5606111e-02  -4.2938784e-01  -7.5490474e-02  -1.8363181e-01   7.6677209e-02  -2.9939605e-01   2.4945494e-01   5.8689266e-01  -3.4221093e-01   1.0537660e-01   3.0911309e-02  -2.8480605e-01  -7.8280533e-02  -1.0974186e-02   1.4205516e-01  -1.0054689e-01   1.2834816e-01  -4.3827743e-01  -1.2502375e-01   1.8142850e-01  -9.6774821e-02  -1.7004980e-01  -2.9247929e-01   4.6755828e-01  -1.0559787e-01   3.7625224e-01   6.7479324e-01  -4.1224694e-02   1.0337201e-02   3.7495851e-01  -2.3406270e-01  -1.5209228e-01  -1.3771069e-01  -6.2449341e-02  -4.1245257e-01  -5.4010698e-01   1.9167171e-02  -4.8174085e-01   1.5082952e-01  -2.4864628e-01  -9.8900388e-02  -3.1195062e-01   4.5084673e-01  -2.6716563e-01   2.0460004e-01   3.8141857e-02  -3.6332745e-01   8.6772797e-02  -7.0582363e-02   5.3984400e-02   3.5154433e-01   1.5396598e-02  -7.0409449e-02   8.4246309e-02  -1.0299203e-01   1.5365872e-01  -2.6203100e-01  -2.8835806e-01   5.1559530e-01  -7.6820135e-02   2.6166220e-01  -1.7271983e-01  -1.8759294e-01  -8.9284520e-02  -1.0530141e-01  -1.6427549e-01  -9.3028011e-02   5.4991428e-01
   1.1832864e-01   1.4910078e-01   1.0014962e-01  -1.8589367e-01  -1.4738043e-01  -4.8564964e-01  -1.4892540e-01   3.1154523e-01   0.0000000e+00  -5.6726092e-02  -5.3039829e-02  -2.3366213e-01  -4.3663535e-01  -1.2988098e-01  -1.5390969e-01  -5.1781363e-01   4.4374335e-02   6.6826819e-02   3.7714367e-02  -3.1747637e-01  -1.5247014e-01  -2.4494001e-01  -2.7288285e-02  -7.1773068e-02  -5.8997452e-01   1.5296043e-01  -1.1125914e-01  -4.0193770e-03   3.0532809e-01  -8.2151416e-02   2.1379676e-01  -3.5041226e-01  -3.0753432e-01   1.3772942e-01   3.7225332e-01  -3.1524468e-02  -2.8774788e-01  -2.0788199e-01  -2.9889473e-01  -1.7341092e-01  -3.3430965e-01  -4.1512865e-01   7.1227350e-01   3.4340016e-01  -1.3831304e-01   2.0055586e-01  -1.3934897e-01   2.9969460e-02  -4.4239469e-01  -1.4665711e-01  -2.3399436e-01   3.6752577e-01   2.0663664e-01  -3.6030881e-03  -3.1487238e-02   2.9489502e-01  -2.9657863e-01  -3.1251381e-01  -2.4667346e-01  -3.1000674e-01   1.7157292e-01  -4.2579753e-01   6.9315374e-01   3.0941863e-02   5.4284959e-01   1.6356907e-01  -2.9331515e-01  -2.3162576e-01  -1.8638902e-01   1.7520751e-02   1.0165420e-01  -3.4511897e-01  -6.1570174e-02   6.8357834e-02   2.6919008e-01   6.3360996e-02   8.9001044e-02   2.3532051e-01   3.7140407e-02  -4.3645668e-01  -7.9005928e-02  -1.7520240e-01   5.2004974e-02   1.5971014e-01  -1.9605536e-01  -4.5907207e-01   3.8456895e-01  -1.7487724e-01  -4.6211797e-01  -7.1944652e-02   2.7191604e-01   1.7079351e-01  -4.7527456e-02   4.2563440e-01  -1.0348742e-02  -2.8434623e-01  -5.4495797e-01   1.7080366e-03  -3.0248410e-01  -2.8001747e-01  -1.6287342e-01  -5.0425021e-02   1.0214268e-01   1.5972460e-01  -5.4926443e-01  -2.0012918e-01  -9.5131818e-02  -2.2539574e-01  -1.0104367e-02   2.9221304e-02  -5.6562172e-02  -5.1410837e-01  -5.9331086e-01   4.3138156e-02  -1.8018182e-01   2.2273748e-01   3.8033212e-01  -1.7890377e-01  -9.8983512e-02  -2.6403694e-01   2.5271623e-02   7.3103893e-03   2.4166705e-01   6.2849220e-01   5.4358975e-02   5.7404211e-02  -5.8122241e-02  -1.9152105e-02  -2.1630773e-01  -6.8622897e-02  -3.4365573e-01   6.6079777e-02   1.4166766e-01   1.6512098e-01   1.0829063e-01   1.3848842e-01  -2.9267580e-01   1.3480975e-02  -8.3837223e-03  -1.5742944e-01  -1.9729688e-01  -4.3445096e-01  -2.3433555e-01  -2.5407324e-01  -1.8713148e-01   2.9614652e-01  -3.5401017e-01   1.5540491e-01   8.7988362e-02  -1.7145183e-01  -3.6915807e-02   1.0090801e-01   2.5636347e-02   4.7289934e-01  -2.1034679e-02  -3.1597663e-01   1.4002924e-01  -2.5198475e-01   6.4788326e-02   3.9789334e-02  -1.6302310e-01  -1.1319423e-01   2.4450277e-01  -4.7407466e-01  -2.6487034e-01   1.5708508e-01  -6.4723141e-03   2.1704635e-01   9.7881452e-02   1.0194565e-01   2.6746802e-01  -2.3894592e-01  -1.5051840e-01  -3.3167665e-01  -4.1667789e-01  -3.3558132e-01  -1.8759418e-01
  -2.9612265e-03   2.5807812e-02  -5.5748513e-02  -2.4750219e-01   3.0367417e-01  -7.2666949e-03   1.9094786e-01  -2.7389202e-01  -5.6726092e-02   0.0000000e+00  -6.5827761e-02   7.5151088e-02   2.4401845e-01  -8.5604409e-02   1.6750873e-01   1.7002128e-01  -7.1936070e-02   1.3984015e-01  -3.0549142e-01   3.9555688e-01  -2.1736812e-02  -2.7896431e-01   1.2579964e-01   5.0225092e-02   2.4226959e-02  -1.3254191e-01   1.0946725e-01   5.6670126e-02  -2.5178096e-02  -1.0613164e-01   5.9485621e-02   1.3188295e-02  -1.3009735e-04   3.6952109e-01   1.0999741e-01   4.6254678e-02   4.5180243e-01  -3.7554942e-02   1.8463377e-02   1.7825854e-01   2.7446052e-01   1.2195254e-02  -1.5512403e-01  -1.5756717e-01   2.5564777e-01  -2.7813123e-01  -1.4909809e-01   1.2826403e-01   2.6374297e-01  -7.8797530e-02   7.7836834e-03  -2.0065844e-01   1.1653988e-01   1.4578454e-02   4.6672910e-02  -1.7021437e-01  -1.4911469e-01  -1.1566454e-01  -1.8610824e-02  -1.2041381e-01  -3.0710043e-01   3.6395754e-01  -1.9381183e-01   1.2196355e-01   9.0989921e-02   2.7471165e-01  -2.4424939e-02   9.8854496e-02  -2.1857772e-01   1.1706961e-01   1.8200935e-01  -1.8673275e-02   2.0782835e-01  -1.1032389e-01  -9.2426045e-02   6.8110253e-02  -2.5704062e-01  -1.9948969e-01  -1.2553824e-01   1.0141557e-01   8.7933360e-02  -9.9078170e-02   2.0302822e-01  -1.7285670e-01  -7.5263263e-02  -2.3531163e-02   1.8827654e-03   8.4114916e-02   2.9454630e-02   1.5835628e-01  -1.2667390e-01  -1.5809685e-01   1.8817579e-01  -1.4168086e-01  -1.4382810e-01   3.5585119e-01   1.2162778e-01  -1.5109276e-01   1.0387794e-01   3.2781979e-01   1.4865776e-01   1.6931589e-02  -1.8556126e-01  -1.6689339e-01  -7.0671400e-02  -1.9841432e-02  -3.8795183e-02  -1.6802424e-01   1.6087271e-01   7.5761755e-02   1.5371022e-01  -2.3994278e-01   5.2116171e-02  -6.6323262e-02   2.1962521e-01  -1.4175243e-02  -1.4794110e-01   2.1624367e-01   8.7110412e-02  -1.0183404e-02   7.0014221e-02  -2.4050525e-01   7.7930408e-02   1.1241883e-01  -1.1765098e-01  -3.8935537e-02   1.2225924e-01   1.8391375e-01  -5.5035444e-02   2.0040101e-01   1.0462203e-01   2.5759015e-01  -2.3715882e-01   7.7025409e-02  -2.1492043e-01  -1.2125050e-01  -1.3479500e-01   1.0507552e-01  -1.2804014e-01   7.2022082e-02   6.4741899e-02   2.0779696e-01  -2.0837315e-01   7.6482086e-02   1.2650704e-01  -7.2715640e-02   2.4720577e-01   4.2422772e-02   4.8189626e-03   2.6762589e-01   1.9180034e-01  -5.4087140e-02   9.1268131e-02  -4.5312005e-03  -7.6695149e-03   1.4286852e-01  -2.2147014e-01   1.1608020e-01  -3.0754081e-01  -1.4005245e-01   4.1079526e-02  -4.7207281e-02   2.8741229e-01  -1.3610286e-01  -5.9189384e-02   7.6901552e-02   1.0975557e-01  -7.7088786e-02  -1.4100244e-01   1.1636267e-01  -8.2606092e-02   2.0887549e-02  -2.9198785e-02  -2.7170306e-01  -2.0543877e-03   6.6387917e-02  -1.6379214e-01
  -5.4006722e-01  -2.0146741e-01  -4.4089123e-01   1.2871400e-01  -1.5441116e-01   3.7577924e-01   3.7342389e-01  -1.6924150e-01  -5.3039829e-02  -6.5827761e-02   0.0000000e+00  -8.0853706e-02   2.4320096e-01   1.0412013e-02   5.4175503e-01   3.8306236e-01  -4.1091721e-01   7.3869028e-01   5.7389946e-02  -1.4514565e-01   3.6718497e-01   1.3614046e-02   3.8763447e-01  -4.2469012e-01   4.7767034e-03  -2.1179379e-01   2.7569248e-01  -1.6406337e-01  -1.2429983e-01   4.0828677e-01   4.8353356e-01   1.3785562e-01   2.6637008e-02   1.4012039e-01  -2.2895478e-01   5.9818961e-01   6.7221479e-02  -4.1252833e-01   4.8134995e-01  -1.1758921e-01   3.6268531e-01   7.9944971e-02  -2.1952947e-01   6.2724800e-02   4.3106598e-01  -3.7486267e-01   8.1091871e-01   2.6524183e-01  -5.9723370e-02  -3.8838753e-01   6.8340324e-01  -3.4671674e-01  -8.6332053e-02  -3.4098035e-01   1.5241921e-01   7.4717797e-02   4.0674066e-01  -1.8548804e-01   5.5353610e-01  -1.3236971e-01  -2.7112868e-01   2.3136821e-01  -1.8007118e-01   4.6643780e-01   3.9065786e-01   3.4389155e-01   7.2369000e-02  -2.0347158e-01   7.4335005e-01  -2.1765285e-01  -2.2283771e-01   4.1899906e-01   3.1142552e-01  -4.9414518e-01  -6.5642871e-03   1.3700004e-01  -3.5160118e-01   2.8836174e-02  -2.6787116e-02   3.0151135e-01  -5.7680058e-02   3.9696303e-01   1.1072623e-01  -5.2154689e-02  -2.9604399e-01  -6.1989835e-02  -9.4125507e-02   1.2745910e-01  -9.5748787e-02  -4.3624243e-01  -2.5842959e-01  -2.7590075e-01  -6.3322362e-02  -3.5859693e-01  -3.8630606e-01  -3.1286396e-01   3.5943357e-01   8.9487386e-03   5.8224419e-02   4.0498446e-02   1.0694533e-01   4.0732565e-01   2.4745661e-01   1.2576505e-02   3.9845099e-01  -1.1000508e-03  -2.1800151e-01   4.8615806e-01   2.0860482e-01   2.4783658e-01   1.9052107e-01   2.2937583e-01  -2.7611339e-02  -4.7094044e-01   5.1673383e-02  -2.4892878e-01  -7.6530939e-02   3.8431969e-01   1.6699337e-01  -7.8347594e-02  -2.3385594e-01  -2.7313577e-01  -1.9289214e-01   6.0631184e-02  -3.4170571e-01  -4.1214309e-01   2.9747151e-01   3.9751484e-02  -1.0116247e-01   1.1422102e-02   1.6908256e-01   6.3033102e-01  -3.8694539e-01   3.8418843e-01  -2.2490291e-01  -3.5995339e-03   3.8699943e-02   4.8411091e-02  -7.4210518e-02  -3.0285659e-01  -1.9498385e-01   5.2042148e-02   5.8789998e-01   1.9594024e-01   4.7805597e-01   5.1248374e-01  -5.3145908e-02   4.0085114e-01   6.0431760e-01   3.2449679e-02  -2.7474898e-01   1.0012853e-01  -1.2156788e-01   3.0671606e-01  -2.8673926e-01  -3.0693089e-01  -3.3743840e-01   4.2911914e-01  -1.5000658e-01   8.2605619e-02  -2.5381586e-01   6.2780921e-01   3.3155029e-01   5.4206759e-01  -1.9877605e-01   3.0587236e-02   5.7028297e-01  -2.0628118e-01  -2.3090066e-01  -3.2134147e-01   1.1882432e-01  -3.5349528e-01   4.8952670e-01   4.3796034e-01  -4.0901533e-02  -8.3565700e-02  -3.4698387e-02
  -1.7643040e-01   4.1619703e-01   6.1873722e-02   9.5922118e-02   1.7756641e-01   3.2467971e-01   3.7265393e-01  -2.1305344e-01  -2.3366213e-01   7.5151088e-02  -8.0853706e-02   0.0000000e+00   5.0433232e-02  -1.7201425e-01   2.4986298e-01   1.0774722e-01   9.9955859e-02  -6.3419908e-02   4.4759523e-03   2.0876452e-01  -1.4029388e-01   4.0284525e-02   3.2617649e-02   3.2968329e-02   1.0360248e-01  -2.8504140e-01   1.4378536e-01  -1.3698018e-01   1.4568801e-01   1.3416805e-01  -5.1001236e-02   1.9407643e-01  -5.6069532e-02   4.4151973e-01   1.4010081e-01  -2.5433467e-01  -6.3526776e-03  -1.7913755e-01   8.0730451e-03   4.5264453e-01   1.2983099e-01  -1.3829402e-02  -3.4752802e-01  -2.9468798e-01   1.5847404e-01  -2.5138809e-01  -1.5523013e-01   2.7624502e-01   2.8552739e-03   3.3831741e-01   2.0135381e-04  -1.8222547e-01   1.4983848e-01   2.3606402e-01  -8.6313983e-02  -4.7274418e-01   1.1560037e-02   1.0879656e-01  -6.1757963e-03   4.3258209e-01  -1.9164706e-01   1.9844415e-01  -9.7856747e-02   3.3842206e-02  -1.2340370e-01   2.2890490e-02   1.9969829e-01   4.6093986e-01  -1.6084792e-01   9.0351029e-02   2.7252725e-01   2.1059253e-01   1.5557922e-01  -4.7558584e-02  -1.2598847e-01  -1.0153599e-01  -3.1906108e-01  -2.2372835e-01   7.7347998e-02   6.3734765e-02  -1.6406854e-01  -3.2331723e-02  -3.2409713e-02  -6.1999672e-02  -8.2104419e-02   1.3929528e-01   6.6461001e-02   1.2539889e-01   2.6075795e-01  -1.3405609e-01  -1.3877900e-02  -2.6306578e-01   5.2367843e-01   5.8876484e-02  -3.0396617e-01   4.2301314e-02   3.1096589e-01  -9.7992264e-02   2.0154109e-01   1.5560211e-01  -9.9284579e-02   1.8523725e-01  -1.2923902e-01  -2.5929645e-01   2.2789462e-01   3.2840502e-01   2.5960614e-01  -1.6252639e-01  -8.6453158e-02   1.6851863e-01   3.4517047e-01   1.7967656e-01   4.2495155e-01  -3.1334634e-01  -1.9671400e-01   1.4508729e-01  -2.8392718e-01   1.7172060e-01  -1.5371474e-01   4.6722724e-01  -2.8857367e-01   1.9620578e-01   3.1514354e-01   1.1621114e-02  -3.7065369e-01  -4.0616749e-03   3.2166616e-01   7.6205505e-02   1.2728962e-01   4.1091876e-01   1.8215486e-01   7.7979400e-02  -1.0163721e-01  -1.0039228e-01   1.1350043e-01  -1.8945496e-01   7.8555610e-02  -1.1822681e-02  -3.7068722e-03  -1.8728705e-01  -2.7769819e-01  -3.8639384e-02   2.9702467e-02   3.2415448e-01   1.9112025e-01  -2.4458663e-01   6.9303267e-01   9.3671992e-02   4.2125105e-02   2.5596902e-02  -2.6686645e-01  -1.8659157e-01  -1.7344207e-01  -9.1817332e-02   3.7174658e-01   1.4752651e-02  -3.7275710e-01   2.9642094e-01  -3.3705262e-01  -3.0491314e-01   5.8313337e-01  -1.4538215e-02  -1.1943952e-01   1.5948103e-01   1.6722103e-01   1.4184390e-01  -5.7179667e-03  -1.8323126e-01  -3.0773482e-01   1.8324741e-01   2.0148809e-01  -2.1253760e-01   1.5171692e-01   1.2473175e-01   1.3903872e-01  -3.7504201e-02  -1.6545026e-01
  -1.7757695e-01  -6.5262250e-02  -4.6841523e-02  -6.3726548e-03   2.9786836e-01   4.6785588e-01   1.7903731e-01  -1.9752591e-01  -4.3663535e-01   2.4401845e-01   2.4320096e-01   5.0433232e-02   0.0000000e+00   7.6994805e-02   1.7910825e-01   3.5699744e-01   1.1128403e-02   2.8772141e-01  -1.4251106e-01   4.3580534e-01   1.8836788e-01   1.8152929e-01   2.2678802e-01  -1.8080482e-01   3.8775263e-01  -3.0120133e-01   2.6305597e-01  -1.2691167e-01  -1.8333234e-01   1.7032900e-01  -5.2166423e-02   4.2489934e-02   3.5167500e-01  -2.5103597e-02  -3.2897078e-01   3.1960676e-01   4.8977157e-01  -1.0728296e-02   2.9753733e-01   1.6142993e-01   7.7529279e-01   2.6859124e-01  -4.8182859e-01  -3.8066693e-02   3.1254798e-01  -1.8902425e-01   3.1781616e-01   3.1701203e-02   6.3076407e-01   1.9904041e-02   3.9220362e-01  -3.1579810e-01  -3.4323551e-01  -6.4323144e-02   1.8623401e-01  -4.3535078e-02   1.4924885e-01   6.5453449e-02   3.0468657e-01   4.7048524e-02  -1.5771744e-01   6.1590196e-01  -4.8761547e-01   8.6876881e-02  -1.1145925e-01   1.0066712e-01   3.6908298e-01   6.8299696e-02   2.6356975e-01   9.6857135e-02  -1.8207654e-01   2.8587280e-01   4.7989605e-01  -1.0411964e-01  -3.9030367e-01  -1.4417913e-02  -1.8297657e-01   3.3174969e-02   1.5242066e-02   4.4634297e-01   3.9316967e-02   1.2303785e-01   4.4881475e-02  -1.5613773e-01  -3.5949356e-02   8.2414334e-03  -2.8957860e-01   6.0779707e-02   8.1339732e-02  -9.5476857e-02  -1.6876640e-01  -3.1330625e-02   1.0401330e-02  -2.8068632e-01  -1.9748631e-01   3.5810732e-01   4.7230947e-01   2.3244435e-02   3.3507910e-01   5.2393090e-02   7.0984097e-02   1.9471212e-01   2.0844810e-01  -1.1510515e-01   2.7387392e-01  -1.3472137e-01   2.5120385e-01   2.6830427e-01   1.8082454e-01   1.4563960e-01   6.6237147e-02   2.3134404e-01   2.3674080e-01  -2.6703005e-01   1.1615262e-01  -1.7617732e-01  -2.1904141e-01   5.4164438e-01   9.5612058e-02  -7.8221518e-02   2.1611249e-02  -1.2389556e-01  -1.0352280e-01  -3.3379087e-01  -6.3907801e-02  -1.1070215e-01   1.2458824e-01   1.7602707e-01   1.9720847e-02   1.1333269e-01   4.6131470e-01   2.3855873e-01  -5.1006293e-02  -1.2468055e-01  -1.1792729e-01  -4.5087533e-02   8.2870892e-02  -5.5889761e-02  -1.3599575e-01  -6.7825608e-02  -5.0093440e-02   8.1236798e-01   2.3437446e-01   2.8622188e-01   2.1645633e-01   2.5941377e-02   8.8420585e-02   1.2131948e-01   1.0126885e-01  -6.8338059e-02  -6.0045192e-02   9.6365914e-02   1.9185599e-02  -9.4174392e-02  -4.9514076e-02   5.2429840e-02  -2.2892281e-01   1.2891933e-01  -8.3024442e-02   5.1861976e-02  -3.4349068e-03   2.2187849e-01  -9.6222142e-02   3.3473442e-01   1.1961772e-01  -4.7371830e-02   2.5429098e-01  -9.1234909e-03  -5.4472072e-02  -1.4482947e-01  -1.3731746e-01   1.9831819e-02   2.3617087e-01   3.8273570e-01   2.0747480e-01   3.3299592e-01   1.3100096e-01
   2.1152467e-01  -2.2629292e-01  -2.1656288e-01   1.0102955e-01  -1.7822733e-01   4.6452427e-02   2.6813836e-02   2.1995212e-01  -1.2988098e-01  -8.5604409e-02   1.0412013e-02  -1.7201425e-01   7.6994805e-02   0.0000000e+00  -3.0060420e-02  -1.1696090e-03  -2.8541491e-01  -1.2742914e-01   2.0523767e-02  -1.3316607e-01   1.3576938e-01   2.2772685e-01   2.0301258e-01   2.2612740e-01   4.8368153e-02   2.6312634e-01  -1.2693383e-01   2.6215164e-01  -7.1692121e-02   1.8563561e-01   2.1038878e-02  -9.0022714e-02   6.8995725e-02  -2.4922037e-01  -2.7679793e-01  -9.8503782e-02   4.1280334e-02   6.4040847e-02   2.0957917e-02  -1.5151023e-01  -1.5731259e-03   1.9459428e-02  -1.2424018e-01   2.3034851e-01  -1.0733836e-01  -1.3194206e-01   3.7927768e-02   2.1526924e-02   1.1913573e-01  -1.5655108e-01   2.2737933e-02   4.7397005e-02  -2.1635231e-01  -1.2359758e-01   5.0692709e-01   2.4768629e-01   2.1684500e-01  -3.5530857e-02   1.7000114e-01   3.5600294e-02  -1.7945569e-01   6.4306558e-02  -2.4229108e-01  -2.9071147e-02  -2.3328660e-01  -2.4867224e-02  -9.2831901e-02   5.9933642e-02   8.4046375e-02  -1.5131627e-01  -1.8679501e-01  -5.9481503e-02  -1.6396401e-01  -6.1620807e-02  -3.2242215e-01  -1.6569498e-01   2.8951904e-02   2.0050640e-01  -3.0308721e-01   2.1845707e-02   4.7070597e-01  -2.9629648e-01  -3.3098319e-02   3.0924555e-01   2.7815914e-02  -1.0252157e-01  -2.4557346e-01   1.3990878e-01  -8.0644648e-02   1.0763893e-01  -2.9406493e-01  -1.9043478e-01  -2.1431637e-01  -1.0814287e-01   2.3997190e-02  -1.7289911e-01  -7.9858395e-02   1.2967411e-01  -2.8109513e-03  -6.1152145e-02   3.6717584e-01  -1.1246665e-01   4.6065473e-01  -8.1356112e-02   7.0690553e-02  -1.1295099e-01   4.2801371e-02   5.0686130e-02   1.5310495e-01  -1.1665005e-02  -5.8133343e-02   1.7322141e-01   6.9309975e-02   1.3900969e-01   2.5802937e-01  -3.8226738e-01  -1.6449110e-02  -3.2852707e-01   4.5708452e-01   2.0710920e-02  -9.0117836e-02  -3.2238292e-01  -3.2620398e-01  -2.4864323e-01  -9.9614422e-03   1.4834948e-01  -1.2785653e-01  -9.6860107e-02  -1.0483708e-01  -1.1026558e-01  -4.4468815e-02  -1.8512257e-01   1.2690736e-01  -6.2365367e-02  -2.5237279e-02   9.6366387e-02  -2.3652049e-01   4.9965364e-01  -1.3373244e-01   3.6030811e-02   3.3551184e-01   6.7189953e-02  -6.0192444e-02   1.5497237e-01   1.2266248e-01   1.8458306e-01   3.7662183e-02  -1.3431597e-01   1.8329033e-02  -5.7742997e-02   1.1261190e-01   6.0338228e-01  -1.3904544e-01  -2.5131628e-01  -2.7119054e-01   6.0325288e-02  -5.4909784e-02  -1.9603011e-01  -2.5174808e-01   4.5408700e-01   2.4471903e-02   2.2297678e-02  -2.0020108e-01   2.4375638e-01  -4.4103618e-02  -4.6356288e-01  -2.4513196e-01   2.2833885e-01  -7.4757125e-02  -1.9798158e-01  -4.1576266e-01   1.5995243e-01   2.9968839e-03   1.2121117e-01  -1.4188377e-01  -4.4407279e-02   3.2554465e-01
