   0.0000000e+00  -1.6551985e-01   1.1248300e-01  -2.2296485e-01  -4.5241204e-01   8.3062407e-02   1.3532449e-02   4.2593604e-01   5.4695332e-02  -2.3628456e-01  -5.6277099e-02   4.4243994e-02  -3.0929277e-01   5.4054641e-01   2.2282899e-01   7.6287937e-02  -6.4823528e-02  -1.4485187e-01   8.9267467e-02  -4.1675665e-01   1.5872999e-01   3.5830039e-01   1.1771697e-01   6.4328724e-01  -1.2507715e-01   6.0314494e-01  -5.9573795e-02   2.8878350e-01   2.2809934e-01   9.0630925e-02   1.0017369e-01   4.1263042e-01   1.0837591e-01  -5.2033552e-02  -1.2363103e-02  -2.8291289e-01  -2.1572117e-01   6.3308402e-01   1.6294684e-03  -6.2745862e-02  -2.7631100e-01   2.6570745e-01  -1.4596188e-01   4.9155520e-01   1.4136086e-01   5.2896203e-01  -1.9479638e-02  -2.1332588e-01  -1.8774338e-01   1.1449719e-01   2.1821968e-01   3.3279396e-01  -9.3671216e-03   1.4654542e-01   1.9863203e-01   2.5471576e-01   3.9836645e-01   3.6740938e-01  -1.9341328e-01   6.0116886e-02   1.4889727e-01   6.2199067e-02   5.2300500e-02   2.1157099e-02   3.1409468e-02  -5.1711220e-02   2.5421937e-02  -4.2388758e-01   3.1987688e-01  -4.7375456e-03  -1.4660913e-01   3.0874712e-01  -3.4687267e-01   4.2839133e-01   1.9248563e-01  -5.8506675e-03   4.6008210e-01   1.0563380e-01  -1.8436198e-01  -3.7662843e-01   2.2910969e-01  -2.4394430e-01  -1.0468596e-01   5.3345377e-01  -1.0202229e-01   1.3452404e-02   1.0083362e-01   1.5810292e-01   1.6156212e-01   6.0077191e-01   2.6180880e-02   4.6166198e-01   1.0818188e-02   1.3980127e-01   6.4004000e-01  -3.8826727e-01  -1.4840489e-01   5.3926247e-01  -8.2064856e-02  -1.1533158e-02  -1.5153246e-01  -1.3596044e-01   1.7808209e-01   3.8808867e-01   3.0759678e-01   1.6991546e-01   2.9387378e-01   3.5669750e-01  -2.1779791e-01  -3.0276382e-02   1.0888513e-02   3.1515285e-01  -1.6613038e-01   7.3557786e-01  -1.0656012e-02  -1.2339884e-01   3.8394934e-01  -1.8406757e-01   5.2362486e-01   2.9610530e-01   4.7837289e-01  -4.5496437e-01  -2.3058049e-02   1.3993610e-01   6.7929235e-01   3.2642266e-01   2.5377330e-01   6.7934118e-05  -1.2446776e-01  -9.3319839e-02  -4.4715002e-01  -7.6485778e-02   4.3092547e-01  -3.8033894e-02   2.1151339e-01   1.3515942e-01  -7.1510007e-02   2.7060210e-01   3.4218515e-02   8.0129142e-01   5.8663573e-01  -3.6740872e-01   2.1859088e-01   5.0229922e-03   2.3331490e-01  -7.9427546e-02  -1.2216047e-02  -2.7911370e-02  -1.1688702e-02  -2.5920641e-02  -6.9192459e-02   5.5704475e-01   3.7952454e-01  -1.0066514e-01  -7.2236060e-02   6.4506441e-01   5.1442348e-01  -1.8570794e-01   1.6944095e-01   4.0080851e-01   2.2546475e-02   2.3215808e-01  -3.5766599e-01  -1.3309083e-01   4.1085642e-01  -1.6791932e-01  -7.9524431e-02   2.9916135e-01   4.1168942e-01  -9.4261872e-02  -1.4922822e-01   5.6482230e-01  -2.8199308e-01   2.6366097e-01   2.2920378e-01  -3.9203048e-01  -9.2108925e-02
  -1.6551985e-01   0.0000000e+00  -1.3411213e-01   5.9386861e-01  -1.1268345e-01  -1.3517025e-01   3.0772428e-01   5.4901895e-02   2.4103378e-01  -9.8866836e-02  -2.0467965e-01   2.7177652e-01  -3.6024156e-01   1.4185494e-01   1.2634336e-01   9.5368142e-02  -2.2362865e-02   2.9130990e-01  -6.9414394e-02  -4.3468819e-02  -2.1744135e-02   1.3236853e-01  -2.2047380e-02  -1.6024871e-01   6.8300944e-02  -1.7743250e-01   1.2033242e-01   7.7741984e-02  -4.8702933e-01   3.1002192e-01   4.7306433e-01  -4.7984930e-01   7.4349797e-02   2.3994340e-01   4.8200516e-01  -1.9373182e-01  -9.1023406e-02   1.8804921e-02   2.0175677e-01   1.4297649e-01  -3.5588889e-01  -3.4968361e-01   4.1777799e-01  -2.1103400e-01  -4.9830671e-01   6.2855450e-02  -2.2293170e-01   1.6298974e-01  -2.7953276e-01  -1.6313456e-03  -4.3337070e-01  -4.8498402e-02   2.0810501e-01  -5.3130945e-01   1.1334750e-01  -3.2785882e-01  -2.1027732e-01  -2.8230557e-01   1.0874634e-01   3.0551818e-01  -3.3602360e-02  -5.4149601e-01   3.3409264e-01   3.6038969e-01   4.1320917e-01   1.8237665e-01   1.1010569e-01   2.6338499e-01  -3.0641474e-01   1.8107797e-01   4.3532852e-01  -6.0549678e-01  -1.2693323e-02   1.1887644e-01  -3.4296631e-01   3.4641877e-02  -2.3167196e-01  -2.5493768e-01  -1.5581625e-01   2.7557072e-01   2.5736362e-02   8.0653228e-03   1.2957968e-01  -2.5045632e-01   3.6760489e-01   8.4656816e-02   6.4623339e-01  -1.4061443e-01   3.9108362e-01  -1.6881396e-01   2.5446896e-01   1.0605638e-03  -2.0396879e-02   1.5965181e-01  -9.1252175e-02   9.2646028e-03   3.0644793e-01  -1.9844211e-01  -4.7923406e-01   1.4289020e-01   2.9574721e-01   3.3258614e-01  -1.9354459e-01   4.5435422e-01  -5.8403240e-01   4.2399306e-01  -2.3714537e-01  -1.0550958e-01  -1.7660409e-01   4.1954269e-02  -2.4025820e-02  -3.4532623e-01   5.9224897e-01  -5.9254367e-02   1.5367797e-01   9.4691633e-02  -1.8295669e-01  -1.6121510e-01  -1.3154513e-01  -2.9534277e-01  -1.2764610e-01  -9.7058733e-02   2.6134635e-01   2.0173192e-01  -2.2034497e-01   2.4880843e-01  -4.1080641e-02  -8.5555951e-02   5.7573113e-01   1.7889017e-01   2.0777731e-01  -6.4579120e-02   1.7530154e-01   1.5339434e-01  -2.9020011e-01   2.8671937e-01   7.2882183e-02  -2.6819612e-02   1.1029108e-01  -2.3455869e-01  -2.6510702e-01  -1.8662237e-01  -2.4594268e-01   5.5659305e-02   1.2369684e-01   5.7590011e-01   7.4902888e-02  -9.5175341e-02   1.5353725e-01   1.5973057e-01   4.6257111e-03  -2.6699736e-01  -8.8603862e-02   3.5063248e-01   1.2021324e-01  -1.4503018e-01   3.2348689e-02   4.6322938e-02  -9.6008077e-02  -2.2884749e-01  -4.1717984e-01  -1.1063600e-01  -6.5602366e-02   4.7740597e-01  -3.2658776e-01  -5.0468925e-02  -1.2473033e-01  -2.6773608e-01   7.6288750e-02   1.3226316e-01   4.1042066e-02  -1.2347047e-01   5.3359225e-01   1.0848680e-01   1.8164510e-02   8.3338293e-02   6.0399223e-01
   1.1248300e-01  -1.3411213e-01   0.0000000e+00  -3.6510806e-01   4.1989934e-02   6.3465190e-01  -2.4964046e-01  -1.5693390e-01  -1.0071685e-01   2.9146663e-02   1.0034553e-01   5.7770132e-02  -2.7022053e-02   7.1012252e-02   5.4829358e-02   1.7399142e-01   6.3675598e-01  -2.0020608e-01   2.1595755e-01  -7.9630216e-03  -3.0637691e-01  -1.1139455e-02  -5.8526231e-02   2.5195638e-02  -1.1369378e-01   3.1563607e-01   5.4160353e-01   3.7256899e-02   1.5628717e-01  -1.5767846e-01  -3.7190704e-01   2.2008877e-01  -4.2055823e-02   6.7552038e-02   3.0578315e-04   1.5317642e-01  -7.4169446e-02   3.3124357e-01  -5.3994640e-02   6.1124055e-01  -2.9110252e-02   3.5095143e-01  -6.4762428e-02  -1.1685485e-01   2.5076412e-01   4.3115568e-01   1.1247596e-01  -3.0248536e-01  -1.8525359e-01   4.9256630e-01   2.3498818e-01  -2.4084977e-02  -1.4983999e-02   4.8029891e-01  -1.0504480e-01   2.0167095e-01   2.7469449e-01   6.6998741e-02  -2.8908842e-01  -9.9058695e-02   5.5038606e-01   1.3625359e-01  -1.9371782e-01  -1.9457514e-01  -3.5026224e-01  -1.5280577e-01   4.3052903e-01  -3.2981469e-01   3.2363199e-01   7.2615173e-01  -8.6204610e-02   2.7071651e-01   2.1215754e-04   5.0295242e-01   3.6853996e-02  -2.5592036e-01   3.8256342e-01  -5.2911461e-03   8.9976089e-02  -2.1432755e-01   9.2059935e-02   1.1390379e-01  -8.1140500e-02   9.9614951e-02   2.6639424e-01  -9.2277628e-02  -1.8796908e-01  -8.0132833e-02  -4.0616831e-02   1.0586645e-01   1.9809555e-01   5.2436561e-01   1.6959054e-01   1.0686523e-01   2.5726565e-01  -1.8270849e-03  -2.1426749e-01   1.7899807e-01  -2.5441289e-02  -2.6937415e-01   3.8313247e-01  -1.2625062e-01  -1.6792302e-03  -1.3742177e-01   1.8752449e-01  -2.9901333e-01   3.3850368e-01   4.3988810e-01  -1.2544711e-01  -8.4201278e-02   7.2334540e-02   1.3274085e-01  -2.7119447e-01   4.8892445e-02   3.1970014e-01  -5.0190249e-02   1.8597830e-01   1.4504154e-01   1.5109506e-01   1.5937656e-01   1.1301668e-01   1.0177366e-01   1.3275766e-01  -2.2397693e-01   2.9141125e-01   3.0623156e-02   9.4467957e-02   1.3226317e-01  -2.4610658e-01   6.3452979e-01   6.7931338e-02  -8.9758933e-02   3.5120691e-01  -2.2640638e-01   8.5998055e-02  -8.4218359e-02   3.4841314e-02  -2.5397633e-01  -1.3390415e-01   2.1098084e-02   1.0092817e-01  -1.6160784e-01   1.5015623e-02   5.9943892e-01  -1.7967024e-02  -4.8267187e-01   4.2287961e-01   4.7611679e-02  -4.9326182e-02  -4.3873332e-01   5.2562350e-01   3.8199777e-02   4.6462193e-01  -1.2059691e-01   8.0112227e-01   1.9479306e-01   2.8516368e-01  -1.9907680e-01   3.6010493e-01   1.2808716e-01   1.9418502e-01  -4.5792376e-03  -4.3840251e-03  -2.9465889e-01   2.7429582e-01  -1.0014550e-01   6.9416746e-02   1.1868145e-01   2.1947556e-01   3.5925050e-02   1.4571910e-01   3.5919139e-01  -2.5898505e-01   2.3599584e-01   7.7472560e-02  -1.2899233e-01  -1.8199007e-01
  -2.2296485e-01   5.9386861e-01  -3.6510806e-01   0.0000000e+00  -9.6588136e-03  -2.0705751e-01   3.3826856e-01   1.6882217e-01  -1.4906991e-01  -9.0701866e-03   1.8499981e-01   6.6412442e-02  -2.5315430e-01  -9.7154889e-02   1.8320581e-01   1.5954618e-01  -1.6303554e-01   5.3958769e-01  -1.1991337e-01   8.8070078e-02   2.8867061e-01   1.9273931e-01   4.1326277e-03  -3.4709196e-01   3.7944723e-01  -2.0468556e-01   2.2113214e-02   6.9081689e-02  -4.4825696e-01   4.9688315e-01   4.4028300e-01  -5.4487386e-01   2.2576875e-01   8.2725356e-03   2.6495134e-01  -2.3531084e-02   2.9106835e-02  -2.0290901e-01   3.1623898e-01   7.2551414e-03  -2.2786299e-01  -3.6705410e-01   1.6408459e-01  -1.1223398e-01  -5.4884670e-01  -2.0618757e-01   1.5158350e-01   3.6462888e-01  -1.2434420e-01  -3.3694998e-01  -3.6072988e-01  -1.7679673e-02   4.2794787e-02  -5.6830339e-01   6.7023884e-02  -1.9316094e-01  -2.2534358e-01  -4.0562856e-01   4.3782132e-01   1.8348270e-01  -1.6250040e-01  -5.1131351e-01   2.0580674e-01   1.2628156e-01   4.1368661e-01   2.1311886e-01   4.7628985e-02   5.5319224e-01  -2.4359095e-01  -6.8004262e-02   1.7605702e-01  -7.2004288e-01   2.1670064e-01  -1.0372928e-01  -2.1268685e-01   1.4033315e-01  -3.5803339e-01  -1.5315041e-01  -1.0486777e-01   5.0353708e-01   2.9514529e-02   4.8285378e-02  -1.9137879e-02  -1.2783314e-01   1.0096181e-01   1.5949767e-01   1.9290495e-01  -1.7918464e-01   1.0385592e-01  -2.5221335e-01  -1.1068205e-01  -3.1265946e-01  -2.4978344e-01  -8.7838211e-02  -2.5014235e-01   1.2115164e-01   2.8447080e-01  -1.5013941e-01  -4.0478215e-01   3.2930176e-01   6.4604686e-02   4.8371591e-01   5.3494946e-02   2.1896362e-01  -7.1266725e-01   7.2336313e-01  -2.8948442e-01  -1.9827071e-01  -9.9391233e-03   9.1842699e-03  -1.9719438e-01  -2.6595219e-01   6.9490722e-01  -4.0593593e-02   1.3108961e-02  -2.3384772e-02  -2.4818412e-01   2.5984221e-02  -1.6754839e-01  -1.6090586e-01  -3.3277962e-01  -1.4769127e-01   9.2715350e-02   1.4507590e-01  -3.8380081e-01   3.0326972e-01  -2.4459729e-01   3.2612461e-02   6.6021099e-01  -1.0382590e-01   2.5532338e-01  -7.6328822e-02  -1.2266585e-01   1.9733012e-01  -5.4579517e-01   2.6793704e-01   1.7490376e-01   1.6152554e-01   2.1069991e-01  -2.6251665e-01  -2.7841051e-01  -9.5578845e-02  -5.6502381e-02  -8.2131701e-02   5.7179047e-02   6.0046690e-01  -1.7845437e-01  -1.6695098e-01  -5.1125829e-02   3.2235386e-01  -1.2330471e-01  -3.5278404e-02  -3.0732273e-01   1.7939323e-01  -1.8508001e-01  -3.5826836e-01  -1.9488399e-01   3.7010632e-01  -3.7209537e-02  -6.1591049e-02  -4.1108272e-01   3.8048298e-02  -2.6196425e-02   6.9553035e-01  -3.9862033e-01  -1.9472700e-01  -8.9421949e-02  -1.1504518e-01   2.5687826e-02  -1.0939085e-01  -2.5666069e-01  -2.9198977e-01   7.1824564e-01   1.1689422e-01  -2.5058083e-01   3.9126448e-01   7.9746547e-01
  -4.5241204e-01  -1.1268345e-01   4.1989934e-02  -9.6588136e-03   0.0000000e+00   1.1486968e-01  -1.6069064e-01  -2.5974739e-01  -1.1152727e-01   7.6680138e-01   1.4194542e-01  -1.9531872e-01   5.8926981e-01  -3.1165932e-01  -3.1175177e-01  -2.8203146e-01  -1.8271145e-02   1.0264023e-01   1.7188105e-01   9.2430831e-01  -1.1470697e-01  -3.8482439e-01  -1.5511219e-01  -4.0466834e-01   1.7381368e-01  -2.3579273e-01   2.1567040e-02  -2.0011008e-01   1.5938936e-01  -2.5078394e-01  -3.7102949e-01  -1.1693095e-01  -2.9939824e-02  -2.3078793e-01  -3.6617606e-01   3.0617769e-01   7.0712525e-01  -2.8107473e-01  -3.1375420e-01   1.0998602e-01   5.0087186e-01  -1.7302987e-02  -2.6948532e-01  -3.3918819e-01  -8.2765137e-02  -2.0746530e-01   2.1686046e-01  -7.5032205e-02   6.0951464e-01  -1.8472366e-01  -1.9598923e-03  -1.6020309e-01  -1.7259661e-01   1.3567926e-01  -2.5266279e-01   6.4441307e-02  -1.3155989e-01  -2.1320961e-01  -4.1559292e-02  -1.7457677e-01  -6.4555832e-02   5.0664794e-01  -2.2558058e-01  -2.5638712e-01  -6.7169311e-02  -1.9224311e-01   1.8059868e-01   1.7768351e-01  -2.8104510e-02   8.9491037e-02  -1.5467289e-01  -6.9469449e-02   2.3750200e-01  -1.8056390e-01   2.1594665e-02  -1.2924257e-01  -1.6539130e-01  -2.0090418e-01   1.2077251e-01   1.6046738e-01  -8.6185410e-02  -1.3024264e-01  -1.5511129e-02  -2.9849134e-01  -1.4227610e-01   2.3715947e-02  -2.6983410e-01  -2.0709667e-01  -1.5943287e-01  -3.3188190e-01  -2.9029055e-02  -3.3285563e-01  -1.5313240e-02  -3.8727683e-01  -3.5955868e-01   8.8437022e-01  -5.5739618e-02  -1.2154752e-01   3.4802819e-01  -3.8383216e-02  -1.2861586e-01   2.0526649e-02  -2.2875854e-01  -2.9498517e-01  -9.2504621e-02  -1.1020334e-01  -4.1334871e-02   7.5668173e-03   7.0276326e-01   1.2654928e-01  -6.6806594e-02  -9.2606056e-02  -2.0232574e-01  -3.5599502e-01  -5.9774854e-02  -8.1045907e-03  -7.2637396e-02   4.3385152e-01  -2.9733845e-01  -1.8169613e-01  -2.5319319e-01   6.1972678e-01  -1.5654111e-01  -2.3987481e-01  -2.2312741e-01  -1.8739002e-01  -4.2082858e-01  -2.5922858e-02  -6.5977363e-02  -1.1498649e-02   6.6380630e-02  -6.4412110e-02  -2.3323785e-02  -1.8756336e-01  -1.6312316e-01  -1.9217976e-01  -5.7409791e-02  -2.9026335e-01  -6.7602271e-02  -3.1849141e-01  -2.8740496e-01   4.5097320e-01  -2.0141594e-01   8.3640134e-02  -3.7978750e-01  -2.2868236e-01  -1.4513023e-01   1.5002430e-01  -1.3270163e-01   1.5470529e-01  -3.4442378e-03  -3.9105484e-01  -2.9651123e-01   3.6953617e-02   1.2465765e-01  -3.8081075e-01  -1.8508449e-01   5.3396329e-02   1.0749252e-01  -1.7639353e-01   1.6704382e-01  -6.3556960e-02   6.5087802e-01  -7.3026082e-02  -6.1336161e-02  -7.5595566e-02  -1.8699191e-01  -2.2993282e-02  -1.8223767e-01  -1.8901836e-02  -1.5972189e-01  -2.8396288e-01   4.4209861e-02   2.0310995e-02  -2.8529087e-01   4.1972786e-01  -6.8128786e-02
   8.3062407e-02  -1.3517025e-01   6.3465190e-01  -2.0705751e-01   1.1486968e-01   0.0000000e+00   2.3634566e-01  -8.7960317e-02  -3.2819100e-01   1.7446830e-01   1.1533421e-01   2.1234035e-01   2.3570866e-03   3.1529751e-02   2.2677877e-01   4.2777173e-01   3.4772569e-01  -5.5678597e-02   3.3672983e-01   1.1962091e-01  -8.9002700e-02  -1.0138097e-01   2.3603666e-01  -1.5052125e-01  -2.2315199e-02   3.6077749e-01   6.7540874e-01   2.4260700e-01   2.8184938e-01  -1.9877299e-01  -3.8606871e-01   2.2752423e-01   1.9055773e-01   2.8824581e-01   4.0066100e-02   1.9331601e-01  -1.5219930e-02   2.8660128e-01   8.8246271e-02   6.0858489e-01   2.7361962e-02   5.3658859e-01  -2.5690390e-01  -2.7358799e-01   3.1539993e-01   3.0187780e-01   3.0096354e-01  -1.4537153e-01  -8.0062153e-02   1.6792542e-01   3.9381870e-01   1.9271053e-05   3.1389806e-02   3.7142836e-01  -8.8857022e-02   2.4231097e-01   4.8279172e-01   6.2349932e-02  -2.8936039e-01  -6.4177758e-02   3.4764878e-01   2.5359284e-01  -1.8851298e-01  -3.1493861e-01  -3.9280026e-01  -3.1700888e-02   5.7786371e-01  -2.7443500e-01   4.9502678e-01   6.4485224e-01   1.1766232e-01   2.1895526e-01  -1.1218275e-02   4.2862066e-01   1.0385204e-01  -2.5478867e-01   2.6315282e-01  -1.6001323e-01   1.3954506e-01  -1.3611122e-01   3.3038685e-01   8.2372566e-02  -9.1611042e-02   7.2633775e-02   1.8164747e-01  -1.4990105e-01  -2.6880940e-01  -1.3811378e-01  -2.1348837e-02  -1.4335452e-01   2.1311195e-02   3.7401033e-01   2.0681604e-01   7.5309593e-02   1.9163256e-01   2.0207135e-02  -1.7514981e-01   3.8275905e-01   1.1216740e-01  -4.0708801e-02   4.6018386e-01  -1.8018216e-02  -1.7183418e-01  -2.7518193e-01   1.3108583e-01  -2.1001293e-01   2.0961429e-01   6.0995203e-01  -4.3107006e-03  -1.3755579e-01   3.9242967e-01   7.8253531e-02  -2.7017814e-01   1.2734697e-02   5.3490497e-01   6.7135941e-02   5.2777761e-02   2.4001952e-01   4.7887856e-04   2.2948505e-01  -8.9866360e-02   1.6516588e-01  -2.0914206e-02  -2.5008442e-01   1.7190174e-01   1.2599929e-01   1.4222050e-01   3.1621137e-02  -2.5877526e-01   4.9193073e-01  -1.3397977e-01   5.8752677e-02   3.0985939e-01  -1.3282687e-01  -1.3906959e-02  -1.8830151e-01   1.6023134e-01  -5.1431457e-02  -1.5230921e-01   5.3296266e-02   3.6563932e-03  -1.0872990e-01   1.5564003e-01   7.2389703e-01   1.7677775e-01  -5.5293686e-01   5.9358989e-01  -3.0008788e-02   1.7288501e-01  -3.6643284e-01   5.2621787e-01  -2.3938314e-02   3.1891040e-01  -2.4788452e-01   4.9392184e-01  -1.1192402e-02   2.3040070e-01  -3.2902177e-02   3.1399742e-01  -1.5834874e-02   2.1216036e-01  -2.1835783e-02  -3.9527002e-02  -2.0278898e-01   3.5500275e-01   1.6056487e-02   2.0689096e-01   1.4068309e-02   1.7268037e-01  -2.9210447e-01   5.3409525e-02   3.0519898e-01  -1.9537991e-01   2.8415585e-01   1.7677604e-03  -2.4388652e-02  -1.3234835e-01
   1.3532449e-02   3.0772428e-01  -2.4964046e-01   3.3826856e-01  -1.6069064e-01   2.3634566e-01   0.0000000e+00   1.4635515e-01  -9.1553017e-02   1.5687337e-02   2.0996829e-02   4.2903521e-01  -3.0974526e-01   1.6115592e-01   5.1564769e-01   3.2270513e-01  -1.9548084e-01   2.6211147e-01  -5.7413445e-03  -2.2719874e-02   3.2872193e-01   4.2817119e-02   6.1385141e-01  -1.9575576e-01   7.0220014e-02   1.1522921e-01   2.6167504e-01   5.3596664e-01  -1.0757333e-01   1.9245037e-01   1.4663437e-01  -6.1843792e-02   1.9987168e-01   4.2208222e-01   2.9186686e-01  -1.6235982e-01  -5.1828800e-03  -3.6820567e-02   1.9120247e-01   1.5182412e-01  -3.5800956e-01   4.5822679e-02  -5.4379299e-02  -1.7621443e-01   7.0154358e-02  -1.2261673e-01   7.2513950e-02   3.7186978e-01  -1.4884394e-01   1.1484313e-02   9.4906659e-02   2.1990971e-01   1.1806250e-01  -3.6599368e-01   1.1769381e-02   4.4715927e-02   1.2224992e-01  -3.5076584e-02  -1.2836206e-01   2.5373724e-01  -1.8838272e-01  -1.3029809e-01   3.2605229e-01  -1.8240775e-01   1.0168692e-01   4.3319644e-01   5.8253043e-02   1.0260736e-01   7.7194918e-02   7.3928161e-02   3.7056989e-01  -2.4534904e-01  -7.6001878e-02   1.4516310e-01  -2.5321377e-01   2.1830898e-01  -3.0054098e-01  -2.1792570e-01  -6.0888908e-02   8.5340526e-03   4.6478514e-01   3.4525324e-03  -1.1032489e-01  -2.2074981e-01   3.2585181e-02   3.0761862e-01   1.7020644e-01   6.5091254e-02   2.6817807e-01  -2.4001494e-01  -1.0276388e-01   8.3983192e-03   4.9722877e-02   9.3722331e-02  -1.2565421e-01  -6.9523410e-02   1.2742460e-01   1.3001343e-02  -2.1586715e-01   5.6951894e-01   2.3555128e-01   5.2554336e-01  -9.4786630e-03   3.6123610e-02  -1.8917004e-01   2.7528848e-01  -2.2631426e-01   7.1837849e-04   2.3565833e-02  -2.7875515e-01   3.4301093e-01   9.6662583e-02   2.8998050e-01   8.2687758e-02   3.3902077e-01   1.0173757e-01  -1.4874005e-01  -4.2156993e-02  -1.1678174e-01   7.5806284e-02  -2.2527586e-01  -1.1631342e-01  -7.4604819e-02   1.8607738e-01  -2.5302983e-01   4.3690857e-01   2.7466902e-01  -2.3326721e-01   2.4605493e-01   1.7999085e-02  -1.7323641e-01   1.5880778e-01  -1.2150377e-01   8.9875003e-02  -1.9001357e-01   4.2880172e-01   1.1741540e-01   2.1880533e-01   3.7152260e-01  -7.8332899e-02  -1.7332340e-01  -2.1065905e-01   1.2595392e-01   1.8075265e-01   5.7409006e-01   2.0942294e-01   3.3161040e-01  -2.5438433e-01   4.7620561e-01   2.5194126e-01   2.0291956e-01  -1.4607480e-01  -1.0915810e-01  -1.4864238e-01  -2.5376077e-01  -2.6576822e-01  -8.0316706e-02   2.1882714e-01  -1.2748597e-01   9.6577719e-02  -3.1020310e-01  -6.2579899e-02  -2.4914078e-01   3.3161731e-01  -5.6772731e-02   1.8906967e-01   2.8937930e-02  -4.0293368e-01  -2.6886690e-02  -3.8109063e-01   1.2846669e-01  -1.4353264e-01   2.2900010e-01   1.3179177e-02  -1.6849982e-01  -2.0453759e-02   2.5512289e-01
   4.2593604e-01   5.4901895e-02  -1.5693390e-01   1.6882217e-01  -2.5974739e-01  -8.7960317e-02   1.4635515e-01   0.0000000e+00  -7.1546875e-02  -1.5301031e-01   1.3312713e-01   7.9483990e-02  -2.8136431e-01   3.2176737e-01   1.5143764e-01   5.5653334e-02  -2.3422303e-01  -1.9890227e-02   1.4305785e-01  -1.9473955e-01   1.7687185e-01   5.5320477e-01  -5.5701228e-03   2.5309162e-01   1.3972077e-01   3.1286279e-01  -1.2357401e-01   1.7844304e-01  -6.7109931e-02   2.4214903e-01   3.1783941e-01   5.0608174e-02   1.1090967e-01  -1.3081579e-01   5.1485546e-02  -2.8329491e-01  -4.6487930e-02   3.4094998e-01   9.3089964e-02  -2.1747257e-01  -1.4694378e-01  -1.3873539e-01  -5.5218234e-02   5.2788488e-01  -2.5524415e-01   1.7625592e-01   1.4634229e-02  -1.9166235e-01  -1.5084662e-01  -1.4883407e-01  -4.9125230e-02   6.1352571e-01  -5.7291418e-03  -1.7793700e-01   1.1651649e-01   7.2999789e-02   3.1496697e-01   2.0367797e-01   1.2915293e-01   3.1343509e-01   2.1255542e-02  -1.9131103e-01   1.9236360e-01   2.0558639e-01   1.8342717e-01  -9.0669274e-02  -9.1326222e-02  -8.3232704e-02   2.9769375e-01  -1.5725471e-01  -2.2094787e-02  -1.5308256e-01  -1.4022302e-01   1.6979985e-01  -3.8050013e-02   4.7298175e-01   1.8634902e-01   1.4932417e-01  -2.5115935e-01  -8.6392307e-02   1.5116730e-01  -2.1304913e-01  -2.3014490e-01   6.2361246e-01  -1.9679381e-01   4.4230590e-01   1.0037161e-01   3.2309262e-02   7.4873295e-02   1.3098592e-01  -1.2752417e-01   1.1060003e-01  -1.6015799e-01   1.6184320e-01   3.9239375e-01  -1.5314531e-01  -8.0981984e-02   3.3330250e-01  -2.9113219e-01   8.5743152e-02  -1.8705302e-01   2.1678627e-01   2.2352749e-01   3.0111467e-01  -4.9707153e-02   5.1252905e-01  -8.7005581e-02   2.8770480e-01  -8.9324733e-02  -2.8395934e-01  -8.3884436e-02   2.3027269e-01   9.0772965e-02   3.0887949e-01  -2.7874849e-01   2.5038603e-03   2.9752800e-01  -1.0326384e-01   2.4735469e-01   2.4302532e-02   3.1348222e-01  -3.0184253e-01   4.1621558e-02   1.6560915e-01   2.0584424e-01   4.0682811e-01  -6.3712538e-02  -9.4730841e-02   1.7266330e-01  -2.9345700e-01  -2.4285376e-01  -1.1879842e-01   1.9448751e-01   2.5003666e-01  -8.6095462e-02   4.7938737e-01  -1.8438646e-01   3.8027234e-01   4.6287435e-01   2.1561691e-01   3.7080772e-02  -2.1920092e-01   4.1742712e-01  -9.8812943e-02   8.4487724e-02   1.4471250e-01  -1.8605470e-01  -1.8398475e-01  -1.2984709e-01   5.6135199e-02  -2.1606036e-01   5.4816731e-01   3.5704728e-03  -9.6913749e-02  -2.0702377e-01   2.6534615e-01   3.8040276e-01  -8.4899859e-03  -1.3420900e-03   2.8437592e-01  -2.2407336e-01   5.9905833e-01  -1.8483625e-01   6.6218054e-02   2.5025659e-01  -3.4904608e-01  -2.0147314e-01   3.0757114e-01   1.8212540e-01  -2.4694871e-01  -4.0399054e-01   3.3879148e-01   2.4013578e-02   2.4828190e-01   6.6073533e-02  -1.3784327e-01   3.4556099e-01
   5.4695332e-02   2.4103378e-01  -1.0071685e-01  -1.4906991e-01  -1.1152727e-01  -3.2819100e-01  -9.1553017e-02  -7.1546875e-02   0.0000000e+00  -9.8413878e-02  -2.0300810e-01   3.7598768e-01  -6.3434370e-02  -1.2074413e-02   9.3931781e-03  -3.1257146e-01   3.4859019e-02  -2.6025170e-01  -6.3329832e-02  -8.7276541e-02  -2.3504690e-01   8.1072115e-02  -2.1424347e-01   1.4561211e-01  -1.3827594e-01  -9.1401065e-02  -3.0925860e-01   5.6579382e-03  -2.5555060e-01  -2.6524326e-02   9.5262700e-02   2.6185518e-02  -4.5592856e-01  -2.2124505e-01   2.5239240e-01  -4.3224028e-01   3.3445399e-02  -7.3041968e-03  -2.7985159e-01  -1.7713778e-01  -8.6864529e-02  -2.8235870e-01   4.3107964e-01  -4.0515554e-02  -1.0481092e-01   1.3345635e-01  -3.6381440e-01  -3.6575102e-01  -1.1216669e-01   2.8085815e-01  -1.0298722e-01   1.1364424e-01  -9.5976851e-02  -2.3829704e-01  -4.9950149e-02  -3.2530362e-01   4.1123118e-03   1.8772489e-01  -5.3448233e-03   4.5949614e-01  -2.7428295e-02   1.8688857e-02   6.1455689e-01   1.9784310e-02   1.8353244e-01   1.0640046e-01  -3.2127353e-01   8.9475752e-02  -1.5944407e-01  -8.6114703e-02  -1.7621360e-01   8.3199094e-02  -1.0844668e-01   1.4761336e-01   1.3605561e-02   2.4386391e-01  -8.3350224e-02  -2.2738304e-01  -3.8296629e-01   1.4779753e-02  -3.7937596e-01   3.1120871e-02  -1.4752907e-01  -2.4330343e-01  -1.3159546e-02   2.2281423e-01   5.7133412e-01   3.9235369e-02   5.3981479e-01   1.2348978e-01   1.5485897e-01   1.2242253e-01  -2.1009116e-02   2.6645081e-01  -2.9021615e-02   2.4769256e-02   2.2619028e-01  -1.8866220e-01  -2.6170228e-02  -3.3784749e-02  -2.2678048e-01   9.7520668e-02  -1.9202746e-01   3.7350007e-01   1.8180115e-01  -1.1720900e-01  -1.4497895e-01  -1.2571261e-01  -9.2931112e-02  -5.7981002e-02  -2.4271629e-01   1.1369808e-01   9.4678176e-02   6.6360135e-02  -2.7501530e-01  -1.3716989e-01   2.4926212e-02  -1.0556547e-01   8.3754171e-03  -7.7823259e-02   2.3006405e-01  -1.2512158e-01   2.2919555e-01  -3.8377509e-02   3.6164959e-02   1.4139834e-01   2.9760677e-01   3.4969159e-03   2.7622823e-01  -8.5047626e-02   1.1771863e-01  -4.1968745e-01  -3.5734740e-02  -5.2205712e-02   3.9295015e-01   2.7094706e-01   9.3194332e-03  -2.9196502e-01   2.2547204e-01   1.8914619e-02  -1.0051193e-01  -7.7290502e-02  -2.0686021e-01  -1.8904264e-01   3.3118264e-02   2.4694697e-01  -1.2830786e-01  -2.1966526e-01   1.2455338e-02   9.5364607e-02  -2.6366012e-01  -2.9530931e-01   1.2970585e-01  -4.0158939e-02  -5.7215466e-02   1.6439059e-01  -5.1151057e-02  -1.0773882e-01  -2.7290532e-01  -1.6010264e-01  -1.2524863e-01  -4.7840066e-02  -1.3964199e-01  -2.1622483e-02  -5.4775167e-02  -1.0187829e-01  -2.9253001e-01  -2.2161466e-01  -1.6965083e-01   3.9138497e-02   1.6565856e-01  -3.4849209e-02  -1.0890474e-01   1.6715050e-02   1.4582558e-01  -3.0002601e-01  -1.0766875e-01
  -2.3628456e-01  -9.8866836e-02   2.9146663e-02  -9.0701866e-03   7.6680138e-01   1.7446830e-01   1.5687337e-02  -1.5301031e-01  -9.8413878e-02   0.0000000e+00   8.3528166e-02  -6.9739749e-04   4.3694248e-01  -2.2679884e-01  -1.3114525e-01  -1.6446130e-01  -1.8615119e-01   1.0037713e-01   8.0194236e-03   8.0779310e-01   1.0286913e-01  -1.7551124e-01   9.6079690e-02  -2.8680935e-01   1.0363843e-01  -1.2335736e-01   8.7082486e-03  -6.0700292e-02   3.1109537e-02  -3.4736466e-02  -3.2454683e-01  -4.3500691e-02  -1.6267622e-01  -9.9976859e-03  -3.1920750e-01   2.3336072e-02   6.8630267e-01  -1.8025854e-01  -2.1425161e-01   2.5748904e-02   3.5690175e-01   7.3338620e-03  -2.9191075e-01  -1.8249358e-01   7.2193188e-02  -1.5835785e-01   4.7249673e-02  -4.5646133e-02   5.4704110e-01  -6.6790172e-02   1.3830932e-01  -1.2015542e-01  -2.4764163e-01  -2.8811304e-02  -2.4850134e-01   6.0026876e-02   8.7540136e-02   1.0280178e-02  -1.2668077e-01  -7.5679309e-02  -2.0648277e-01   5.1766338e-01  -1.6485597e-01  -3.1703468e-01  -2.7346716e-02   8.0419572e-02  -4.9160745e-03   2.0938194e-01  -8.5424534e-02   1.3198797e-01  -2.1633227e-01   4.7413287e-03   1.1324010e-01  -1.0528230e-01  -5.8332319e-03  -8.6629602e-02  -1.6304783e-01  -9.9701542e-02  -1.4517696e-01   4.8501633e-02   5.6420127e-03  -1.0857398e-01  -1.7803970e-01  -2.0929112e-01  -2.3879791e-01  -1.8979496e-02  -2.1451206e-01  -1.6108249e-01  -9.8341342e-02  -2.9860768e-01  -2.5940950e-01  -1.7257315e-01   3.2427417e-02  -3.8293382e-01  -2.1846298e-01   7.6230751e-01   2.4134138e-02  -1.2501988e-02   2.8158605e-01   2.3318225e-01  -9.8233075e-02   5.8021301e-02  -7.9574976e-02  -2.3251924e-01   4.8917136e-02  -5.1757214e-03  -6.2353795e-02  -8.7956948e-03   7.0582261e-01   8.3213488e-02  -3.5523210e-02   1.4840165e-01  -8.2084453e-02  -1.5217952e-01   5.0991214e-02  -3.0024101e-01  -7.7776281e-02   4.2884503e-01  -1.6287947e-01  -9.9517047e-02  -1.7294709e-01   3.7752342e-01  -2.6289149e-01  -1.6942627e-01  -1.9422780e-01  -5.3797374e-02  -2.2373374e-01  -1.4917981e-01  -5.2232914e-02  -2.2940483e-02  -5.5046856e-02  -1.8659452e-01  -8.8384155e-03  -1.5599371e-01  -3.8784408e-02  -6.8887634e-02  -1.7669285e-01  -2.1700656e-01  -1.2038502e-01  -1.2977276e-01  -1.7180628e-01   3.9204029e-01  -8.9055397e-02   1.0974467e-01  -1.2773034e-01  -1.7147882e-01   2.1868171e-02  -3.9269733e-02   5.4517126e-02   1.8778687e-01   4.2003349e-02  -1.9843713e-01  -3.0423026e-01  -3.4155401e-02  -3.7677290e-02  -3.2133234e-01  -1.6376360e-01   6.3239934e-02  -7.5609112e-02  -1.0170888e-01   7.3077983e-02  -2.4553531e-02   6.1893237e-01   6.2132051e-02  -5.0270680e-03  -1.1791343e-01  -2.0849788e-01  -1.0046235e-01  -2.2625070e-01  -2.9081060e-01  -1.9358662e-01  -1.5901718e-01   7.3275901e-02  -8.2393051e-02  -1.3156516e-01   1.8052530e-01  -6.6401918e-02
  -5.6277099e-02  -2.0467965e-01   1.0034553e-01   1.8499981e-01   1.4194542e-01   1.1533421e-01   2.0996829e-02   1.3312713e-01  -2.0300810e-01   8.3528166e-02   0.0000000e+00   2.5078966e-03   4.1560761e-04  -1.4607536e-01   8.0374363e-02   1.0935579e-01   2.1012956e-01   1.7219106e-01   3.2384072e-01   2.2307739e-01   1.6211434e-01   9.9768107e-02  -2.0709784e-01  -3.2730663e-01   2.5596708e-01  -4.9015893e-02   1.7660372e-01   1.9744854e-02   6.3612236e-02  -6.1774453e-02  -3.0030085e-01  -4.1596766e-02   2.7084425e-01  -3.7463896e-01  -1.3745337e-01   4.8172862e-01   3.6103262e-02  -1.0744418e-01   1.4575721e-01   1.7424098e-02  -5.0907162e-02   4.1652623e-02  -2.9147087e-01   4.1299846e-02  -4.2413140e-02  -6.7359302e-02   7.2947233e-01  -1.5765052e-01  -1.4272804e-01  -1.8416330e-01   1.6480860e-01  -1.8970362e-02  -3.9924765e-01   8.2571635e-02  -1.9138702e-01   1.1775914e-01   3.0241160e-02  -1.4735641e-01   2.4252038e-01  -3.4443083e-02   2.1015242e-01   1.3105273e-01  -7.4263921e-02  -3.4579899e-01  -1.5250017e-01   1.6482193e-01   2.3076189e-01  -2.0828241e-02   3.3657058e-01   6.0099072e-02  -2.9810021e-01  -4.6342851e-02   2.4265210e-03  -3.3026963e-03  -7.2866664e-02   1.7644897e-02   1.1708460e-02   2.1762406e-02   1.2834166e-01   2.4485674e-01  -1.0898435e-01  -1.1067787e-01  -1.4135015e-01   3.7065720e-02  -1.8577351e-01   7.9497813e-02  -3.1525775e-01  -2.9262959e-01  -1.0659797e-01  -5.3967339e-02  -2.6493451e-01  -1.8040698e-01  -3.7396019e-01  -2.2631088e-01  -3.8683545e-02   1.9382267e-01  -3.6092305e-01   1.9623375e-01  -1.8810803e-02   3.2004840e-01  -1.4351983e-01   3.4548509e-01   6.6309090e-02  -1.3188289e-01  -4.7008615e-02   1.9762625e-01  -1.4683255e-01   2.6762162e-01   1.1876130e-01  -5.7281980e-02  -2.6357680e-01   8.6267111e-02  -7.3186099e-02   1.8100799e-01  -1.9165882e-01  -2.1913857e-01  -1.2255845e-01   3.8301989e-02   1.6839581e-01   7.4616213e-02  -2.7889342e-01   5.3652383e-03  -1.9872679e-02  -2.2651147e-01  -1.7476644e-01   2.1760969e-01  -2.3451242e-01   1.1100094e-01   5.8996572e-03   1.8446899e-02   1.7464275e-01   2.7128407e-02  -1.3634920e-01  -1.8645900e-01  -3.0235451e-01  -1.4700169e-02  -5.6372873e-02   3.7900657e-02   1.9427620e-01   3.9642197e-02  -8.3048936e-02  -2.2073377e-01   1.2204375e-01   2.1359784e-01  -1.7872636e-01  -1.9295425e-01  -2.7989344e-01  -2.7217223e-01  -3.3513567e-01  -5.0415095e-03  -1.1503958e-01   7.7143181e-02  -1.5864418e-01  -2.4065418e-02   2.9757247e-02  -1.6975371e-01  -2.3700449e-02   2.3587712e-01   3.0774635e-01   3.8786336e-02   9.1457092e-02   3.4060993e-01   6.1755469e-02  -3.9034736e-03  -5.0927873e-02  -2.6826450e-01   1.8356829e-01   8.1320525e-02  -5.9915120e-02  -3.3073639e-01  -3.4402483e-01   5.7377467e-02  -3.0954229e-02   4.1769618e-01  -2.4076401e-01   3.2461085e-01   8.4286040e-02
   4.4243994e-02   2.7177652e-01   5.7770132e-02   6.6412442e-02  -1.9531872e-01   2.1234035e-01   4.2903521e-01   7.9483990e-02   3.7598768e-01  -6.9739749e-04   2.5078966e-03   0.0000000e+00  -2.6898967e-01   7.0788274e-02   5.7820329e-01   2.0201089e-01  -8.2880490e-02  -2.3297397e-01   1.8489611e-01  -1.2871837e-01   4.4999812e-02   2.3601946e-01   8.1734030e-02  -8.7735872e-03   3.5470196e-02   1.2586478e-01   1.0913062e-01   2.6696841e-01  -2.3602465e-01   2.1479253e-01  -9.8676867e-02   1.3055861e-01  -2.9837846e-01   5.9309586e-02   6.4550653e-01  -4.1960473e-01  -6.8829521e-02   5.9794976e-02  -1.9921988e-03   7.5282069e-02  -2.9498750e-01  -4.9314376e-02   4.1424429e-01  -1.3700389e-01   8.9980248e-02   8.0829496e-02   2.6842783e-02  -7.2785103e-02  -2.8309833e-01   2.7088295e-01   2.3088080e-01   1.3195190e-01  -2.2698162e-01  -2.9005940e-01  -3.6033402e-02  -1.0644479e-01   1.6800006e-01   2.7045741e-01  -1.8742379e-01   6.2509472e-01  -7.1818253e-02   4.9589005e-02   5.5406255e-01  -2.3996277e-01  -2.4825856e-01   5.4886464e-01   4.5323477e-03   7.8401692e-02   4.9645767e-02   3.1180766e-01  -7.9202305e-02   8.0263547e-02  -2.5458559e-01   4.2498754e-01  -8.1120332e-02   1.9647588e-01  -2.1987840e-01  -1.5356578e-01  -5.1835098e-01  -4.0650022e-02  -1.7457346e-02   8.4594072e-02  -4.2756047e-01  -1.5928610e-01  -1.2819553e-01   1.1354223e-01   1.5489383e-01  -1.3687532e-01   6.2437967e-01  -3.8715839e-02  -1.1938135e-01   2.5940959e-01   1.2677885e-01   4.7598424e-01   8.8741542e-03  -2.3166112e-02   3.6194962e-01  -1.8927181e-03  -1.2678754e-01   3.4573647e-01   2.3047566e-02   4.6737416e-01  -4.6311825e-03   1.3561618e-01   1.8243297e-01   3.2846703e-02  -1.1680547e-01   1.0709283e-01  -1.7391251e-01  -1.2192030e-01  -2.2996787e-02   2.8533721e-01   2.4937268e-01   1.8033103e-01   9.2395992e-02  -2.3340026e-01  -7.7542559e-02  -1.0536042e-01   5.7572378e-02   1.8457582e-01   2.4767139e-02  -2.3414580e-01   2.5756207e-01  -2.8568260e-01  -1.0506925e-01   4.8162105e-01   5.3843378e-01  -2.2528929e-01   3.2836693e-01   1.2524566e-01   2.4535298e-02  -4.2738790e-01   7.2021643e-02  -1.4826496e-02   3.4335997e-01   2.5446078e-01   1.9139319e-01  -1.7541130e-01   2.0999138e-01   2.9252911e-02  -1.9679837e-01  -2.5207616e-01   8.9090711e-02   3.7376329e-01   4.5525582e-01  -2.4726265e-04   3.9203383e-01  -1.9141959e-01   2.5034504e-01  -3.7253446e-02   1.1134051e-01  -1.5215853e-01   1.3331530e-01  -2.9066555e-01   5.5179040e-02  -1.0437706e-02  -5.0700951e-02   9.8511496e-02  -3.1966834e-01  -9.3625612e-02  -1.0077800e-02   8.0451518e-02  -2.1730845e-01   2.1328816e-01   1.6293720e-01  -1.2345559e-01   6.5552415e-04  -2.6527778e-01  -2.7871036e-01  -4.1497107e-01   2.3105215e-01   3.9665363e-02   6.9414075e-03   2.8890360e-01   1.4057896e-01  -3.6753757e-01   6.2102687e-02
  -3.0929277e-01  -3.6024156e-01  -2.7022053e-02  -2.5315430e-01   5.8926981e-01   2.3570866e-03  -3.0974526e-01  -2.8136431e-01  -6.3434370e-02   4.3694248e-01   4.1560761e-04  -2.6898967e-01   0.0000000e+00  -2.3917739e-01  -3.7733058e-01  -2.4847736e-01  -2.1838497e-01  -8.8867472e-02   9.2434633e-02   4.8392631e-01  -2.6069994e-01  -3.7666744e-01  -9.2872466e-02  -1.1331911e-01  -1.3248369e-01  -1.5074141e-01  -1.4081804e-01  -3.3749498e-01   1.5554734e-01  -2.3327691e-01  -3.8938746e-01   1.1844662e-01  -1.4588799e-01  -1.8187249e-01  -5.1130065e-01   8.1614329e-02   3.9221539e-01  -1.3441844e-01  -2.6591508e-01  -1.1578806e-01   9.0002507e-01   3.7859073e-02  -2.8134080e-01  -1.9937792e-01   1.5146663e-01  -2.4767449e-01  -6.0977178e-02  -6.4617106e-02   7.6282617e-01  -1.8836071e-01   1.6458156e-01  -1.0384362e-01  -1.7569373e-01   2.1325202e-01  -3.9298866e-01   9.6538467e-02   2.2778443e-03   1.8419987e-01   6.4242459e-02  -2.0254944e-01  -1.0837809e-01   6.2840887e-01  -3.8010025e-01  -1.5803744e-01  -2.1295507e-01  -2.9521868e-01  -1.0641573e-01   4.9112920e-02   1.1367451e-01  -1.0956076e-01  -2.7261200e-01   2.1300263e-01   1.9305783e-01  -3.2089643e-01   2.0687167e-01  -5.0917727e-02   8.4950698e-02   2.2104369e-01  -2.1746622e-02  -1.2280216e-02  -2.1708266e-01   2.9838723e-02   1.2184941e-02  -1.2105180e-01  -1.7497258e-01  -1.1640390e-01  -4.8425635e-01  -1.7084483e-01  -3.2905169e-01  -1.2399440e-01  -1.9923064e-01  -2.0385437e-01   6.9442032e-02  -3.0023484e-01  -1.1229030e-01   3.2383150e-01   1.4820446e-01  -7.3040927e-03   6.6031374e-01  -1.4564693e-01  -1.9416845e-01  -1.8516561e-01   3.0050798e-02  -3.9578326e-01   2.5157659e-01  -2.9795584e-01   1.3605003e-01   3.9247790e-02   6.2411899e-01   1.9827962e-01  -1.4478453e-01   8.5872891e-02  -3.5354775e-01  -4.4719706e-01  -1.8130684e-01  -4.9135774e-02   7.0006763e-02   6.1415510e-01  -2.6351102e-01  -1.7799107e-01   1.2537543e-01   3.9403768e-01  -4.4959472e-01  -3.3985946e-01  -3.3388811e-02  -4.1287447e-01  -2.8278567e-01   6.5691197e-02  -1.3784646e-01  -1.7791849e-01   3.3542839e-02  -1.6394232e-01   4.6035416e-02  -1.6152765e-01   1.5086006e-01  -2.5040604e-01  -4.1269904e-02  -3.9571732e-01  -2.0088361e-01  -1.6546913e-01  -2.8062835e-01   8.4677173e-01   5.6537449e-02  -4.0926679e-02  -2.8594457e-01  -3.6067204e-01  -1.4387456e-01   2.8007113e-01  -1.0297804e-01  -1.6574529e-01  -1.1536434e-01  -3.0507841e-01  -2.0940490e-01  -1.0950620e-01  -5.3489905e-02  -1.1871075e-01  -1.1665547e-01   1.4845331e-01  -1.1795634e-01  -1.4070126e-01   2.1340253e-01  -8.5072376e-03   4.8735847e-01  -2.0117873e-01   2.1636373e-01  -4.1930691e-02   2.1509730e-02   1.9259249e-01  -1.5675127e-01   1.0241370e-01  -1.4166554e-01  -6.3564527e-02  -9.5112970e-02  -6.4371157e-03  -1.3350347e-02   1.5468496e-01  -2.7035592e-01
   5.4054641e-01   1.4185494e-01   7.1012252e-02  -9.7154889e-02  -3.1165932e-01   3.1529751e-02   1.6115592e-01   3.2176737e-01  -1.2074413e-02  -2.2679884e-01  -1.4607536e-01   7.0788274e-02  -2.3917739e-01   0.0000000e+00   2.3029937e-01  -5.9676804e-02  -9.3687073e-02  -1.4145271e-01   1.7706392e-01  -2.9442067e-01   2.1313080e-01   2.6367040e-01   5.1079925e-02   4.1293569e-01  -1.3103556e-01   4.3317482e-01  -1.6622696e-01   3.5386554e-01   1.7162709e-01   1.6226760e-01   1.4951629e-01   1.7259607e-01   1.6039858e-01   3.9659991e-02   3.7098725e-02  -2.2080614e-01  -2.2972768e-01   5.1758506e-01  -7.9291864e-02  -8.7522747e-02  -2.9970167e-01   3.0359178e-02   3.6847514e-02   4.3079040e-01  -1.0157631e-01   4.5738078e-01  -4.0872785e-02   9.6919650e-02  -2.2965737e-01   8.5911528e-02  -4.6094694e-02   2.4893701e-01   2.3973837e-01   6.5485478e-02   3.9003181e-01   2.7490866e-01   1.8951242e-01   1.2596682e-01  -2.5742182e-01   8.3460750e-02   1.0500050e-01  -1.1718371e-01   1.0765642e-01   1.0217117e-01  -3.8203580e-02  -4.4088207e-02   1.4721122e-01  -3.6541346e-01   2.9413827e-01   4.1059860e-02   4.9270220e-02   4.9733025e-02  -2.9108581e-01   3.9240295e-01   4.5217699e-02   4.8662344e-02   4.2051638e-01   4.6100545e-02  -1.2855001e-01  -3.3209661e-01   3.2362098e-01  -1.8434748e-01   1.5594777e-01   3.5443470e-01   1.2775078e-01   1.7273579e-01   1.8156898e-01   1.9834713e-01   2.5590887e-01   3.1330285e-01   1.2778170e-01   3.9208130e-01   7.8130722e-02   1.2193543e-01   4.7721001e-01  -3.0160603e-01  -8.5193719e-02   3.5434329e-01  -3.1438985e-01  -4.8189644e-02   5.3339355e-02  -1.7777144e-03   2.5410477e-01   3.4914859e-01   5.3791131e-02   1.3638805e-01   2.2428290e-01   2.4010224e-01  -2.7811194e-01   2.4107600e-02   2.4039124e-01   1.8542436e-01  -3.7043850e-02   4.5256853e-01   7.7314361e-02  -7.0041799e-02   2.8882889e-01  -1.6171505e-01   2.6338324e-01   2.7817346e-02   4.4653464e-01  -2.9124865e-01   6.3228630e-02   1.5325261e-01   5.5045616e-01   3.0981741e-01   1.0924013e-01   1.8290728e-01  -3.6795941e-02  -1.8141376e-03  -2.0676524e-01  -1.2278757e-01   6.2913226e-01   8.5613005e-02   5.7659412e-02   2.0813962e-01  -1.6651745e-02   3.6602002e-01   1.0968906e-01   4.0514445e-01   3.8561709e-01  -2.8726672e-01   1.5028310e-01   5.4717867e-02   1.3449033e-01   2.5616824e-02  -4.7432797e-02  -8.8971476e-02   1.3170211e-01  -9.5603048e-03   1.9255081e-01   4.4703553e-01   3.0118578e-01  -2.9739387e-01  -1.3819815e-02   5.0479275e-01   4.6717502e-01  -1.9240914e-01   2.1670172e-01   3.4089322e-01  -1.2412491e-01   3.0823817e-01  -4.2794781e-01  -5.7996598e-02   1.8504395e-01  -1.4048908e-01  -2.8681368e-01   2.2493310e-01   3.7736759e-01  -1.2360850e-03  -8.9668743e-02   3.9896777e-01  -1.9898375e-01   2.0836894e-01   7.3769629e-02  -3.2267089e-01   2.9636540e-02
