   0.0000000e+00   4.2126732e-01   4.6660092e-02  -4.4524640e-02   5.7965678e-01   4.8142436e-01   4.7007460e-01  -1.8357063e-01  -4.5335639e-01  -3.0376137e-01   8.6100077e-02   5.3098456e-01  -4.5423205e-01   3.8591242e-02  -2.0587279e-01   1.7972126e-01   2.5651629e-01  -2.3680141e-01   4.2159822e-01   3.2655973e-01  -2.8492933e-01   2.2035617e-01  -2.5322558e-01   5.8401165e-01   3.6575790e-01   1.5014664e-01   3.0603762e-01  -1.4780758e-01   4.0399096e-02   4.1284891e-02  -1.9627163e-01  -2.3127754e-02   2.5435405e-01  -5.5360418e-02   1.7799155e-01   2.5962250e-01   9.9942046e-03   2.7375143e-01   1.1301059e-01   1.7449568e-01  -2.6482350e-01   7.3091859e-02   1.9314737e-01  -3.7735240e-01  -9.7004041e-02   4.0826390e-01   1.2728572e-01   3.5048077e-01  -3.7086873e-01  -2.0816791e-01   1.7117580e-01  -1.0118426e-01   1.8189692e-01  -3.8540481e-01   4.5057141e-01   7.3776278e-02   1.0897850e-01   7.1175851e-02   6.4120863e-02   6.0561327e-01   1.3388853e-02  -2.3641243e-02   2.9366545e-01  -4.2855860e-01   3.1174505e-01   1.1030221e-02   3.9685751e-01   1.2133008e-01   5.0164246e-01   3.0290403e-01   3.2912097e-01   1.4724906e-01   6.5411358e-02   6.5813513e-01  -2.8304601e-01  -1.1960010e-01  -6.5702161e-02  -2.0637541e-01   4.0881688e-01  -1.1461270e-01  -1.2293567e-01  -1.5535729e-01  -1.6653732e-01   5.5496233e-02  -1.2000939e-01   3.7510262e-02  -3.3923329e-01   3.5085590e-01   3.9444463e-01   5.9364298e-01   4.4412569e-01  -3.3899397e-04  -1.6828521e-01   1.8546307e-01   2.6408396e-01   4.9517870e-01   4.1775282e-01   5.3814107e-01  -1.3230402e-01   1.6366750e-02  -1.8086968e-01  -2.7613773e-01  -1.6298380e-01   1.5013158e-01   2.8831436e-01  -9.1773310e-02  -1.5902855e-01   5.4797010e-01   5.0088731e-01   3.0137727e-02  -2.3641002e-01   3.3921595e-01  -8.5868498e-03   6.0804562e-01  -7.8214142e-02   3.7663972e-01   4.2232326e-01   7.9157555e-02  -1.7738786e-01   1.1774229e-01   2.3709290e-01   4.0228508e-01   3.1645534e-01   1.2654045e-01   5.2134860e-01   6.0121199e-01   2.8552503e-01  -8.8138251e-02   1.1528476e-01   2.6518718e-01   5.7150065e-02  -1.9177902e-01   3.3740394e-01  -1.1840520e-01   3.9805492e-01  -2.3840374e-01  -3.4227128e-01  -1.5702515e-01  -1.6587410e-01   2.6058304e-01   5.1261228e-01  -3.2199607e-01   4.6480958e-01   4.9825671e-01   3.2597789e-01   1.4505270e-01   3.2668483e-01  -3.1670027e-02   2.0317170e-01  -2.6688805e-01   4.6663529e-01  -1.5916201e-01  -2.4508235e-01  -9.2962081e-03   3.8120594e-01   6.0694134e-01   3.4724227e-01   1.1139112e-02   5.6024974e-02  -2.2825216e-01   2.4099527e-01   3.8382217e-01  -1.4224252e-01   4.5001714e-02   4.8669537e-02   3.0734477e-01   2.5676381e-01  -9.4853742e-02   1.9859199e-01   9.9664904e-02   4.5344140e-01  -7.7302382e-02   8.3165988e-02   1.5683542e-01  -2.1499838e-01   1.6047202e-01   9.6675488e-02
   4.2126732e-01   0.0000000e+00   2.6728416e-01   9.8633118e-02   7.7828669e-01   7.2469834e-01   4.5980058e-01  -3.6472679e-01  -4.6349032e-01  -5.8931010e-01  -3.0759936e-01   8.0239611e-01  -5.0296557e-01  -3.6122563e-01  -5.7622921e-01   1.5146215e-01   6.6341420e-01  -4.7373406e-01   3.9562611e-01   3.4942050e-01  -7.8743485e-01   1.5238687e-01  -6.5287524e-01   5.3688416e-01   3.0772909e-01   4.1887517e-01   3.9368305e-01  -4.7107593e-01   2.6800382e-01  -1.8977033e-01  -5.4162483e-01   1.5019851e-01   1.2446633e-01  -3.6889208e-01   1.8823122e-01   4.2465002e-01  -3.5147676e-01   1.5457950e-01  -3.6945505e-02   5.3646068e-01  -3.4256228e-01   3.6639408e-02   5.7483169e-01  -7.2115763e-01  -3.0807377e-01   3.6324162e-01   8.8912622e-02   7.5606252e-01  -4.1242339e-01   1.6339328e-01   1.4387903e-01   5.0916864e-02   2.7271635e-01  -3.0078582e-01   1.4173352e-01  -2.4696821e-01   1.7740625e-01   8.6381800e-02  -1.2209211e-01   6.0047918e-01   2.9911182e-01  -2.5838024e-01   6.9025884e-01  -8.1054425e-01   4.8841787e-01  -5.0188110e-02   7.5904743e-01   5.3765215e-01   5.2703317e-01   3.5170468e-01   6.8003468e-01   2.9711347e-01   4.2528920e-02   5.4029112e-01  -3.1045310e-01  -2.0307475e-01   3.9978090e-02  -2.8793120e-01   6.8652233e-01   2.5616914e-02  -5.0599908e-01  -1.3684649e-01  -4.7647605e-01  -1.0496494e-02  -1.8212987e-01  -8.3958867e-02  -3.2104555e-01   4.2390006e-01   5.2371554e-01   4.3319172e-01   8.4091169e-01   1.9895560e-01  -3.0646740e-01   3.8507619e-01   9.8817128e-02   8.6130593e-01   3.7574087e-01   5.6958324e-01   1.6261706e-01  -3.8611149e-01  -6.0567189e-01  -7.2355075e-01  -4.5983796e-01  -1.4659161e-01   1.4701575e-01  -1.9486576e-03  -7.2914817e-02   7.5349344e-01   4.7871334e-01   2.2804605e-01  -7.0939110e-01   1.4477994e-01   2.8831641e-01   3.0363338e-01  -4.1664322e-01   6.9490232e-01   4.9170434e-01  -2.9662343e-02  -6.3348688e-01   3.1001059e-01   1.5960960e-01   8.8124427e-01   6.6254341e-01   1.7546286e-01   4.4365326e-01   4.4028029e-01   1.9868177e-01  -3.0817903e-02   2.9356658e-03   1.1812183e-01   1.4267215e-01  -5.6263421e-01   4.4847529e-01  -4.3296003e-02   5.7336948e-01  -2.0099308e-01  -2.5358964e-01  -5.7917841e-01  -4.9435702e-01   1.4086127e-01   2.5870505e-01  -2.3916983e-01   5.4639793e-01   6.1314850e-01   1.7541137e-01  -2.9065542e-01   2.8600241e-01   1.5134749e-01   4.7188270e-01  -6.4953261e-01   6.3961333e-02  -5.4494193e-01  -4.5601104e-02  -4.8230308e-01   8.8162862e-01   4.6583994e-01   3.1041644e-01  -1.2997756e-01   3.8471500e-01  -5.6878523e-01   5.5486095e-01   2.6986169e-01  -6.1543093e-01   2.1937202e-01   2.3668553e-01   2.5004263e-01  -1.4378904e-01  -1.7612111e-01   3.0993095e-01   4.6445777e-01   5.9240065e-01  -1.2093356e-01   4.1158900e-01  -7.3959207e-03  -8.5519130e-02   5.5292444e-02   1.6370929e-01
   4.6660092e-02   2.6728416e-01   0.0000000e+00  -4.3216681e-02   1.2065510e-01   4.3773640e-01   3.0159582e-01   3.8547677e-03  -4.0629215e-01  -1.1214939e-02   6.3013290e-02   4.8742754e-01  -3.4174373e-01  -1.7504935e-01   2.7791258e-01   5.3808096e-01   6.6432196e-01   1.4880290e-01   1.7415886e-01   3.7291423e-01  -1.1931559e-01  -6.0481986e-02  -3.3363381e-02   2.8582723e-01   2.4713942e-01   2.2756785e-01   2.3699848e-01   2.2912873e-01  -3.7237395e-02   7.4140927e-02   2.8970695e-01   2.8112286e-01   4.1955132e-01   1.4155166e-01  -1.8163846e-01   2.0239006e-01  -1.3517703e-01   5.3389811e-01   4.3808908e-01   3.3089328e-01  -2.6007799e-01   3.6629050e-01  -8.7340211e-02  -1.6176728e-01   1.5772634e-01   4.9752984e-01   6.7461013e-02   1.8751429e-01  -1.9647076e-01   5.3859474e-01   1.1019270e-01   1.7914665e-01   1.8453869e-01   9.9567365e-02   2.6593943e-01   9.3999440e-02   3.7740264e-01   1.9901413e-02  -1.3002355e-01   1.8942065e-01   8.0978558e-01  -7.7287736e-02  -1.6761998e-01   1.5984567e-02  -1.9010857e-01  -2.2889094e-01   4.1618138e-01   5.2171070e-02   5.3026147e-02   7.1211188e-01   3.9560649e-01  -8.1694751e-02   1.2626181e-01   4.1601074e-01  -5.7557746e-01   2.5592161e-02   6.3981647e-01  -2.2841083e-01   5.5719786e-02  -1.3444687e-01   2.1522778e-01   9.0729173e-02   2.4821734e-01   6.4155981e-02   6.2280833e-01   1.5618980e-01  -2.8409578e-01   3.1131324e-01   2.2799147e-01   8.0140700e-02   6.1783162e-02   8.3124346e-01   1.0289839e-01  -5.2541720e-03   4.3228008e-01   2.6464525e-01  -7.2600923e-02   2.6137575e-01  -5.0790146e-02  -3.8989011e-01   2.8886521e-01  -3.5052106e-01  -2.1089872e-01  -1.3190961e-01   3.9431995e-02   1.7835470e-01   7.4234294e-01   1.6082129e-01  -2.0040887e-02  -1.5645095e-01   3.6953879e-02  -1.2563087e-01   7.8335573e-03   1.9492211e-01   3.8096598e-01   9.9033488e-03   2.2923317e-01  -4.2515134e-02   1.3698165e-01   9.6174896e-02   1.3249424e-01   1.8298212e-01   1.5446815e-01   3.6486364e-02   4.8890902e-01   1.1001175e-01   2.1358082e-02   1.0839962e-01  -5.9621037e-02   4.9614890e-01   1.9096023e-01   2.5802145e-01   3.8789707e-01   3.9624984e-01   2.1588047e-01   1.6801024e-01  -4.9438428e-01   3.1161115e-02   6.9288692e-02  -6.9905678e-02   1.1424843e-01  -3.4148900e-01   4.6394475e-02   4.5553402e-01   1.4352763e-02   3.2381540e-02   5.2009597e-01  -2.7560684e-01  -9.4701847e-02  -1.0229155e-01   3.4324383e-01   6.5646281e-02   6.8104360e-01   1.4980762e-01   4.1916521e-01   1.5749416e-01   2.8791102e-01  -2.3121495e-01   7.6042904e-01   1.2800618e-01   3.0610736e-01   1.5162188e-01  -2.6040586e-01  -7.8604615e-02   2.7030248e-01  -1.2943848e-01   8.8213853e-03   1.5674967e-01   6.8256379e-01   1.7677039e-01  -1.0958414e-01   1.4175995e-01  -4.6541955e-02   3.3021298e-01  -4.2878073e-01   1.3060288e-01   1.2512739e-01
  -4.4524640e-02   9.8633118e-02  -4.3216681e-02   0.0000000e+00   1.4561606e-01   8.4661174e-02  -9.5169494e-03   2.8095882e-01  -4.5904854e-02  -1.4407159e-01   3.7426859e-02   2.1886031e-01   1.3319352e-01   1.4802084e-01  -8.9937424e-02   1.3855100e-01  -3.3420381e-02   6.8452301e-02   1.1210682e-01   1.1958111e-01  -1.6573996e-01   4.2797130e-01  -1.6415365e-01   8.6120051e-02   8.6458173e-02   1.6354705e-01  -1.8428700e-01  -7.7978830e-02   2.7906599e-01   1.8713687e-01   5.6736684e-02   3.3568450e-01   1.7928933e-03  -3.2692238e-01  -1.8758774e-01   2.6210651e-02   1.8071700e-02  -2.3317854e-01   1.4203402e-01  -2.7182218e-01   2.1924339e-01   2.4210159e-01   1.1472761e-01  -1.7020318e-03  -1.0122972e-01  -3.2552430e-01   1.4756304e-01  -2.5983901e-02   2.3114451e-01  -2.4830684e-01   4.9257803e-01  -6.6682009e-02  -3.7157197e-01   1.8715168e-01  -7.8258798e-02  -3.9977235e-02   1.7501312e-01   2.6615687e-01   3.9311389e-01   2.3084749e-01  -1.3784615e-01   2.2576220e-01   1.9804723e-01  -6.5485866e-02   4.1334421e-02  -4.9245920e-02   8.0360947e-02   2.8151908e-01   1.4995360e-01  -1.7402477e-01  -1.0187469e-01   1.1046199e-01  -5.3000294e-02   4.9431201e-02   2.3625890e-01   3.1645112e-01  -1.6323976e-01   1.3848453e-01  -1.4297949e-01   3.7812374e-01  -1.8136557e-02   2.3301912e-01  -1.8047403e-01   1.5460290e-01  -7.3839931e-02  -3.3462835e-02  -2.3067380e-01   2.2599723e-01   9.6904962e-02   1.2197322e-02   1.3860997e-02  -1.3896628e-02  -3.9059897e-01   3.6077061e-01  -3.2065941e-01   5.5903959e-02   1.8017694e-01  -1.7440460e-02   2.7291765e-01  -6.7104371e-02  -1.9826974e-01   1.3335095e-01   3.3519666e-01   2.5397375e-01   1.9841071e-01   8.4689871e-01  -2.7475125e-02   1.0837852e-01  -1.4007554e-01  -3.1957318e-01  -6.8598790e-02   3.4448206e-01   6.9166417e-01  -7.7746375e-02  -1.7314002e-01  -3.1892270e-01   1.5575517e-01   1.1525975e-01  -1.8854663e-01   2.5635088e-01  -1.5208115e-01   1.4942403e-02   3.3015344e-01   2.3178212e-02  -6.0357186e-02   1.8856507e-01   1.1793274e-01   2.2459818e-03   6.3681954e-01  -3.2620951e-01   7.8385684e-02  -3.2611554e-01   1.1764558e-01  -1.2840620e-01   1.9119132e-01   3.1681264e-01   1.7517220e-01  -3.5814921e-02  -8.0760249e-02  -1.1028977e-01  -1.4321514e-01   9.4044314e-02   5.7677510e-02  -1.3288400e-01  -4.6705523e-02   1.5682433e-01  -1.3058894e-01  -7.5338755e-02  -8.4899481e-02  -2.9697076e-01  -8.3612893e-02   1.2701341e-01   1.1228296e-01  -7.4747548e-02  -3.2661356e-02   7.6679478e-02  -2.7080314e-01   3.2062032e-01  -1.3535849e-01  -6.5501049e-02  -4.8575085e-02   9.0088126e-02  -1.7733984e-01   7.4810296e-01   3.9253433e-01  -3.9179335e-01   3.2048476e-02   1.4955597e-01   7.4583905e-03  -3.4623554e-01  -8.7818826e-02  -3.2198633e-02   4.0226808e-01  -6.4345269e-02   2.2748269e-01  -2.5440378e-01   7.2709522e-01
   5.7965678e-01   7.7828669e-01   1.2065510e-01   1.4561606e-01   0.0000000e+00   7.2648000e-01   3.7104607e-01  -3.1176066e-01  -4.8209988e-01  -5.7642231e-01  -9.5551767e-02   7.3390124e-01  -3.5075042e-01  -1.4636301e-01  -5.3015704e-01   2.1945478e-01   4.5346290e-01  -3.0841317e-01   3.5366569e-01   4.0731833e-01  -7.0692102e-01   2.3788168e-01  -6.3558620e-01   5.0133882e-01   3.3555725e-01   2.4506942e-01   3.5690926e-01  -4.3254723e-01   3.6420094e-01  -1.0003247e-01  -4.9432585e-01   1.2643528e-01   2.9067528e-01  -4.8455406e-01   1.4394232e-01   5.8838987e-01  -1.4986945e-01  -3.1920424e-02   2.4899323e-02   3.3040682e-01  -9.7879769e-02   1.0891347e-01   5.0773957e-01  -5.1558170e-01  -3.2236177e-01   2.0765478e-01   2.7976370e-01   5.9909345e-01  -2.3060517e-01  -6.0085023e-02   2.9998115e-01  -9.8282397e-02   3.8252015e-02  -2.3534911e-01   2.0489312e-01  -1.2252238e-01   2.5229248e-01   1.6601938e-01   4.5876908e-02   6.5308942e-01   1.4987183e-01  -8.9152121e-02   6.5617067e-01  -7.0118080e-01   5.0531131e-01   1.0183625e-01   6.7376716e-01   4.8744155e-01   6.3495648e-01   1.9471483e-01   4.3644426e-01   4.2814299e-01   4.3217991e-02   5.6037893e-01  -1.4607594e-01  -1.3718380e-01  -1.3838071e-01  -2.1970619e-01   5.8243013e-01   2.2432038e-01  -4.5427464e-01  -1.2073526e-01  -3.4248475e-01  -5.9621694e-02  -2.2621984e-01  -1.3597308e-02  -3.3090233e-01   5.2186628e-01   3.9527054e-01   3.5891760e-01   7.7337917e-01   9.0224156e-02  -4.9640988e-01   4.7498268e-01  -6.3190477e-02   8.3802876e-01   4.7365898e-01   5.8499944e-01   2.6976008e-01  -1.8971854e-01  -5.1987700e-01  -5.3057542e-01  -2.6654260e-01  -7.6737726e-02   2.9758082e-01   1.5358610e-02  -1.7953560e-01   7.9809822e-01   3.6999269e-01   1.6964081e-01  -5.7573786e-01   3.2513262e-01   3.1609346e-01   2.7820444e-01  -4.5398242e-01   4.7005758e-01   4.6367156e-01  -8.6503290e-03  -4.8849192e-01   3.4318472e-01   1.3793450e-02   7.7865509e-01   7.0749973e-01   9.2430185e-02   3.5292128e-01   5.5257341e-01   2.0653687e-01  -2.9596571e-03   6.8008275e-02  -4.9299754e-02   5.4564728e-02  -5.1052526e-01   3.2297659e-01  -2.4865932e-01   6.0541939e-01  -2.3848341e-01  -1.6164151e-01  -4.7832640e-01  -4.0873948e-01   9.9220992e-02   1.9339393e-01  -1.1504496e-01   5.5160879e-01   4.4762735e-01   1.6847477e-01  -1.4194079e-01   7.3760523e-02   1.6543243e-01   2.6570682e-01  -5.8712899e-01   8.8923405e-02  -4.4658968e-01  -1.2127557e-01  -3.7605688e-01   6.7581285e-01   3.8584574e-01   1.0643158e-01  -3.8661525e-02   2.5060809e-01  -5.3083117e-01   4.5690069e-01   3.0738494e-01  -4.0039426e-01   3.3218935e-01   2.3103783e-01   7.2239498e-02   8.9028227e-02  -1.3789413e-01   2.2041280e-01   2.2294178e-01   4.8451245e-01  -2.4094268e-01   4.4489663e-01   4.3726823e-02  -4.5476413e-02   8.1548876e-02   1.8734725e-01
   4.8142436e-01   7.2469834e-01   4.3773640e-01   8.4661174e-02   7.2648000e-01   0.0000000e+00   4.1453803e-01  -3.4225847e-01  -5.9489769e-01  -5.8911878e-01   6.0507478e-02   7.7993436e-01  -5.5639713e-01  -3.6358514e-02  -3.8783343e-01   3.3159912e-01   6.0318789e-01  -2.3915719e-01   4.8025443e-01   3.4075126e-01  -5.9482862e-01   3.3804555e-01  -5.9044599e-01   5.3894783e-01   3.3468492e-01   2.1784800e-01   4.4738271e-01  -4.5869395e-01   2.9145031e-01  -2.8482913e-01  -3.8465886e-01   3.4713764e-01   4.0917808e-01  -3.0972973e-01   2.0924356e-02   6.8489619e-01  -3.1107750e-01   2.9614473e-02   2.0663550e-01   5.0564057e-01  -4.0205479e-01   1.8433323e-01   4.0345911e-01  -6.2481583e-01  -1.8378823e-01   3.2810648e-01   5.0956500e-01   4.5482203e-01  -3.6943308e-01   1.8330399e-01   3.7634070e-01  -1.6567175e-01  -8.6445849e-02  -3.3644907e-01   3.4094480e-01  -3.8112705e-02   4.0023562e-01   2.4553602e-01   4.9565638e-02   6.2221891e-01   3.1826776e-01  -1.1715270e-01   5.3093992e-01  -7.3968150e-01   2.2566957e-01   1.8693249e-01   8.6321526e-01   3.9159685e-01   7.5748531e-01   3.4742024e-01   3.7700080e-01   4.7981733e-01   6.6613485e-02   5.2485743e-01  -3.6578301e-01  -2.6366321e-01  -1.3316064e-02  -3.0928431e-01   6.0468614e-01   8.1844723e-02  -3.6883499e-01   7.7382812e-02  -1.5260105e-01   4.7910507e-02  -3.6298740e-02  -7.8892446e-02  -1.9287949e-01   5.2772299e-01   4.6483478e-01   2.4481528e-01   7.0016645e-01   3.3589017e-01  -3.5590346e-01   2.9851529e-01  -1.9771425e-02   8.0532019e-01   4.0235973e-01   6.4126780e-01   1.4829392e-01  -1.2747202e-01  -4.7920071e-01  -6.5635997e-01  -3.3686913e-01  -2.4546346e-01   4.4206242e-01   4.5447461e-02   1.5607410e-01   8.6824401e-01   3.6639094e-01   9.1229839e-02  -4.5885098e-01   3.6232173e-01   1.6445373e-01   2.8452216e-01  -3.6464106e-01   4.3316057e-01   5.0924330e-01  -1.2463897e-01  -4.0945034e-01   4.5495952e-01  -7.8408545e-03   7.7123736e-01   5.6676428e-01  -1.6268289e-01   3.9127439e-01   5.8597081e-01   2.8695348e-01   8.5424098e-02   3.2215171e-02   1.7746474e-01   1.5858894e-01  -3.2750577e-01   2.2298795e-01  -2.0850930e-01   6.7845433e-01  -3.9058594e-01  -2.6214403e-01  -5.3321475e-01  -4.9485779e-01  -3.6084764e-02   1.9232133e-01  -2.7211478e-01   6.8249891e-01   6.5263533e-01   3.4809028e-01  -3.2125951e-02   1.4971163e-01   2.9811111e-01   3.6675438e-01  -6.0832872e-01   1.4925705e-01  -3.5061559e-01   1.0467682e-01  -3.6910261e-01   7.8105786e-01   3.4258041e-01   1.1466857e-01  -1.3881937e-01   4.3767829e-01  -4.6951224e-01   6.4575023e-01   3.6970138e-01  -4.4790910e-01   2.0748402e-01   3.2675670e-01   1.1661470e-01   1.9377081e-01   9.6568920e-02   4.4703639e-01   3.0153528e-01   5.7217873e-01  -4.1122071e-01   1.4807628e-01   3.3342596e-01  -1.9990594e-01   3.7091955e-01   1.4637864e-01
   4.7007460e-01   4.5980058e-01   3.0159582e-01  -9.5169494e-03   3.7104607e-01   4.1453803e-01   0.0000000e+00  -2.9323231e-01  -2.6480656e-01  -2.6352571e-02   1.9275012e-02   6.1407460e-01  -3.9498503e-01  -2.6450776e-01   1.8938333e-01   4.2310808e-01   5.0580386e-01   1.7913405e-01   3.4654286e-01   4.2610882e-01  -2.3141665e-01   5.2064050e-02   1.1000139e-01   5.6300243e-01   5.8096793e-01   3.6156596e-01   3.7994342e-01   7.2031576e-02  -7.7602179e-03   9.0768229e-02   2.1449388e-03   6.1929411e-02   3.6680629e-01   3.7868903e-01   2.5226316e-01   2.0018448e-01  -2.1688058e-01   4.2460383e-01   2.1989221e-01   1.7812099e-01  -2.5850113e-01   2.4078203e-01   2.8556352e-01  -4.5925131e-01   3.9310895e-01   4.5458872e-01  -1.7669204e-02   5.9708559e-01  -3.6124081e-01   1.0882542e-02   2.5023627e-01   2.1597907e-01   5.4014716e-01  -1.4368340e-01   3.5846379e-01  -1.4181125e-01   1.9885370e-01   1.1448126e-01   1.4121875e-02   5.9897924e-01   2.5821297e-01   2.8991364e-01   3.2584361e-01  -2.6180721e-01   2.1532736e-01  -2.2319123e-01   3.5098065e-01   2.0003920e-01   2.1270298e-01   5.2469733e-01   4.5344256e-01   8.7531742e-02   6.9872784e-02   5.4733191e-01  -2.4101055e-01  -2.1413428e-01   1.5119866e-01  -2.3798505e-01   6.1234603e-01  -6.6162810e-02   1.8174786e-01  -1.2079750e-01  -1.5540259e-01   9.4202994e-02  -4.2885884e-02  -1.1576221e-01  -3.9751635e-01   1.8995299e-01   4.0443419e-01   4.6028153e-01   2.9018754e-01   2.3930435e-01  -1.1610742e-01   4.3051656e-01   4.1444589e-01   3.4713394e-01   4.2527323e-01   3.1322744e-01  -4.8382742e-02  -1.4860201e-01  -1.6625826e-01  -2.5810960e-01  -1.9855671e-01   2.9905906e-01   1.6624004e-01  -5.9356460e-02   1.1483375e-01   3.2846547e-01   4.7509160e-01  -1.1289039e-01  -3.5987906e-01   1.7059579e-01   2.2840204e-01   4.6584776e-01   1.2950851e-01   2.6126616e-01   3.1022584e-01   2.3320509e-01  -2.7001856e-01   1.5250473e-01   3.0777651e-01   3.7968929e-01   2.9369139e-01   2.7342281e-01   5.0838001e-01   3.9045744e-01   6.0589791e-01  -7.3658564e-02   8.4610896e-02   1.9579475e-01  -4.2919946e-02   9.9935915e-02   3.1989052e-01   3.4242133e-01   3.4267725e-01  -1.6489499e-01  -3.9220618e-01  -4.3885673e-02  -1.6576245e-01   3.3178689e-01   2.9154495e-01  -3.5992604e-01   1.5545716e-01   4.5999317e-01   6.8259552e-01   1.0555224e-01   6.3919515e-01  -2.5336461e-01   1.6797684e-01  -1.1712289e-01   3.7814850e-01  -1.6865085e-01   1.0357014e-01  -4.9387302e-02   4.5874387e-01   4.8779267e-01   4.0014699e-01   4.1115742e-02   2.2122177e-01   1.2832929e-01   3.8516187e-01   2.9853931e-01  -4.3250973e-01   1.4286131e-02   1.8231534e-01   4.2024215e-01   4.4211173e-02  -2.6722816e-01   2.8566709e-01   2.6648085e-02   3.8019660e-01   2.0858764e-01   2.6296284e-01   3.1062358e-01  -7.6166875e-02  -4.2980494e-02   1.6244824e-01
  -1.8357063e-01  -3.6472679e-01   3.8547677e-03   2.8095882e-01  -3.1176066e-01  -3.4225847e-01  -2.9323231e-01   0.0000000e+00  -9.0373125e-02   1.8686355e-01   2.2942726e-01  -2.0595002e-01   3.1869987e-01   3.5113251e-01   1.7390250e-01   1.0077370e-01  -2.6432613e-01   3.6811458e-02  -2.1902731e-01  -6.3506487e-02   1.7742845e-01   1.5293879e-01   7.0158147e-02  -1.0907221e-01  -1.3383264e-01  -2.2090828e-01  -3.9566779e-01   3.4010447e-01   6.6295651e-03   3.4041726e-01   3.9150733e-01   4.6537784e-02   5.8722517e-02  -1.4766422e-01  -6.1884144e-02  -3.8803141e-01   3.1734248e-01  -7.7931962e-03   2.2560299e-01  -3.8987036e-01   3.3274950e-01   2.0694449e-01  -2.2571970e-01   5.8515272e-01  -1.2156156e-01  -1.6753309e-01  -1.6382308e-01  -3.8673991e-01   3.6572992e-01  -1.0291158e-01   2.0888055e-02  -1.0936581e-01  -3.5409240e-01   2.7602748e-01  -1.3120047e-01   2.4806935e-01   9.2849657e-02   9.4503892e-02   3.0628556e-01  -1.2718754e-01  -3.3506372e-02  -8.0001368e-03  -4.5124755e-01   4.8112133e-01  -3.8225086e-01  -6.3634949e-02  -3.4293087e-01  -2.4494185e-01  -2.2431457e-01  -1.5491425e-01  -2.3474969e-01  -2.0105227e-01  -9.1381113e-02   2.5651320e-02   1.0026437e-01   3.5550864e-01   8.1270879e-02   5.0756752e-01  -6.2886309e-01   2.5256846e-02   2.6859419e-01   2.5602172e-02   9.4316616e-02   5.8275931e-01   2.5338198e-01   7.3201245e-02  -3.5059846e-02  -3.2149071e-02  -2.3247122e-01  -5.2645420e-02  -4.0997586e-01  -6.3549197e-02   1.4040203e-02  -1.2377042e-01   1.1503389e-02  -3.0670676e-01  -6.4375515e-02  -2.4629514e-01  -6.3049928e-02  -7.4201165e-02   2.8612134e-01   3.1640379e-01   5.4738583e-01   3.1134554e-01  -1.1822838e-01   3.9685325e-01   6.0841433e-02  -3.7324167e-01  -3.6116553e-01  -2.8424975e-01   3.6376565e-01   2.4430009e-03   1.1451224e-01  -9.8813736e-02   2.7438900e-01  -4.8010810e-01  -2.0232111e-01   1.1873033e-01   4.0004889e-01  -1.4630870e-01  -4.5884563e-02  -4.9462480e-01  -9.5439064e-02  -1.7270312e-01  -9.1881633e-02  -3.8031355e-04  -3.2230514e-01  -8.3323987e-02   3.2226108e-01  -2.6071116e-02   6.1980931e-02   1.3896384e-02   1.4385606e-01  -1.2783352e-01  -2.6094432e-01   5.0482851e-01   1.1942499e-01   4.6782509e-01   3.6564270e-01  -1.6533920e-01  -1.0577651e-01   1.1177475e-01  -2.7423241e-01  -3.0886261e-01  -4.3056761e-01   1.5669155e-01  -5.2269747e-02  -1.3765316e-01  -3.3317749e-01   1.1997576e-01   1.8813693e-01   6.3151184e-01   6.5066554e-02   4.5727668e-01  -3.7228109e-01   9.1582531e-02  -2.0071377e-01   3.3944273e-01  -8.7301122e-02   2.1328934e-01  -3.4786371e-01   6.6077685e-02   2.7443275e-01   1.5891668e-01   4.8258658e-02  -3.9202772e-01   8.1512937e-02   2.9510196e-01  -1.5470111e-01  -2.8043636e-01  -4.5747422e-01   2.1635345e-01  -6.6789948e-02  -1.1840137e-01   9.8522504e-03  -1.4890925e-01   1.9231067e-01
  -4.5335639e-01  -4.6349032e-01  -4.0629215e-01  -4.5904854e-02  -4.8209988e-01  -5.9489769e-01  -2.6480656e-01  -9.0373125e-02   0.0000000e+00   2.4925305e-01  -3.0313621e-01  -5.5121218e-01   4.3337684e-01  -1.7538766e-01   9.5599110e-02  -3.1023204e-01  -4.6167996e-01   1.2732422e-01  -2.3419778e-01  -4.3228142e-01   2.4082696e-01  -4.6354680e-01   3.2268287e-01  -4.7142968e-01  -2.9852221e-01  -1.4495342e-01  -2.2443219e-01  -5.2729221e-02  -2.5548051e-01   3.7770083e-03  -1.0219797e-01  -2.8601356e-01  -4.0604516e-01   2.2829470e-01  -6.0386959e-02  -3.0831723e-01  -7.2214592e-02  -2.3778899e-01  -2.9917721e-01  -2.1841128e-01   2.8019428e-01  -4.6007298e-02  -2.8858621e-02   2.7624075e-01   1.2823423e-01  -3.0495399e-01  -2.6360513e-01  -2.6004991e-01   2.0856157e-01  -1.3038236e-01  -2.6150833e-01   1.0386357e-01   3.4081730e-02   2.8721854e-01  -4.1201764e-01  -2.8333050e-01  -3.8700328e-01  -3.7484602e-01  -1.4396819e-01  -4.6608487e-01  -2.5030605e-01   1.5775852e-01  -7.2000645e-03   3.2555818e-01  -1.6432875e-01  -2.5922689e-02  -5.0199190e-01  -1.1823937e-01  -5.2891582e-01  -3.5523666e-01  -3.1157619e-01  -1.7910657e-01  -3.5626377e-02  -5.9117954e-01   4.3754922e-01  -1.4204058e-01  -1.2174579e-01   1.4705131e-01  -3.7992037e-01   4.0575551e-02  -3.8627952e-02   2.3228367e-01   6.1428624e-03  -2.6024358e-01  -1.5836003e-01  -2.4894527e-01   4.2717207e-01  -5.4050255e-01  -2.6065508e-01  -3.1666806e-01  -4.5215881e-01  -2.1308821e-01   3.1187779e-01  -1.4033419e-01  -2.0338811e-01  -4.5334029e-01  -3.4864148e-01  -4.7785073e-01   1.1148879e-01   5.8662130e-02   4.0938806e-02   3.6850927e-01  -9.7663899e-02  -3.5142069e-02  -4.0002243e-01  -2.0012290e-01  -3.9636726e-02  -5.1847136e-01  -2.5961688e-01   1.1983400e-01   1.4147495e-01  -3.4221456e-01  -1.0883979e-01  -4.1724300e-01  -2.9903832e-02  -1.9250066e-01  -2.7167444e-01   3.0867401e-04  -6.4800369e-02  -2.8083539e-01   5.3217290e-02  -4.4639282e-01  -3.3139509e-01   1.5488445e-02  -3.7775303e-01  -5.5104812e-01  -1.2307161e-01   1.6014086e-01  -2.8293156e-01  -3.0658698e-01  -1.6723139e-01   1.6249475e-01  -3.6205485e-01  -3.8971102e-02  -4.2311503e-01  -4.2426082e-02   4.2693092e-01   8.1273567e-02  -4.3298752e-02   1.3337146e-01  -1.9357418e-01   3.1039656e-01  -5.0155937e-01  -5.9087903e-01  -1.9013782e-01  -3.0138172e-01  -2.4882608e-01  -9.4999931e-02  -4.6761896e-02   2.1927221e-01  -4.0551574e-01  -1.5113464e-01  -2.8365485e-02  -8.6096335e-02  -4.6592906e-01  -4.3353948e-01  -4.8137392e-02  -4.8491575e-02  -2.8838321e-01   1.3824791e-01  -3.1718139e-01  -4.8512885e-01   1.2811421e-01  -2.6605157e-01  -3.6022689e-01  -1.3278009e-03  -3.4909177e-01  -2.0277667e-01  -4.1187857e-01  -1.6858766e-01  -2.8769839e-01   1.6760072e-01  -3.8227865e-02  -3.6503236e-01   3.7564099e-01  -1.8462289e-01  -2.5354115e-01
  -3.0376137e-01  -5.8931010e-01  -1.1214939e-02  -1.4407159e-01  -5.7642231e-01  -5.8911878e-01  -2.6352571e-02   1.8686355e-01   2.4925305e-01   0.0000000e+00   1.8238239e-01  -5.3242542e-01   3.2103571e-01   4.3173445e-03   6.8307825e-01  -1.4618565e-02  -2.4311546e-01   4.5381025e-01  -2.7311025e-01  -2.4769337e-02   6.5032377e-01  -3.1266098e-01   7.8656251e-01  -3.5060487e-01  -1.7574436e-01  -1.5330276e-01  -2.0142396e-01   6.5519201e-01  -2.7937798e-01   2.4865304e-01   5.8099111e-01  -2.5497061e-01  -2.2766662e-01   6.1961601e-01  -3.3567294e-01  -3.7731390e-01   1.8391143e-01   2.4714095e-01   8.7306013e-02  -4.1271017e-01   1.6116502e-01  -6.9539192e-02  -4.9382957e-01   5.0128303e-01   4.6448084e-01   1.7795860e-02  -2.9158169e-01  -2.2786758e-01   1.2781693e-01  -5.9231818e-02  -9.8810851e-02   9.0179993e-02   2.1009039e-01   3.0368519e-01  -2.2389605e-01   4.3630569e-02  -2.9753782e-02  -1.9241668e-01   5.8306497e-02  -4.4756699e-01  -8.2312569e-03   1.2187568e-01  -5.8713512e-01   7.0641428e-01  -4.6195431e-01  -1.5411348e-02  -5.2721829e-01  -5.2254749e-01  -6.4237229e-01   8.7487709e-02  -2.5532873e-01  -3.4336466e-01  -8.0103206e-02  -3.1011713e-01   7.1351312e-02   1.4585246e-01   3.0237352e-01   2.5518593e-01  -3.2901898e-01  -2.5463964e-01   6.5137286e-01  -9.9152573e-02   4.7078375e-01  -1.1016880e-02   2.4213284e-01   9.8885250e-02   8.1533501e-02  -4.2226557e-01  -4.5499125e-01  -1.9552474e-01  -7.0164416e-01  -4.5261952e-02   4.3328484e-01  -2.9058154e-01   2.4453929e-01  -6.6533800e-01  -3.5496284e-01  -4.2179335e-01  -3.7992212e-01   3.5755147e-01   6.1050010e-01   6.1558988e-01   2.8419516e-01   2.8806604e-01  -2.9961496e-01  -2.7491696e-02   6.5951063e-02  -6.6972499e-01  -3.5267299e-01  -5.0947151e-02   6.3098575e-01  -3.0449992e-01  -2.5598304e-01  -1.3236872e-01   6.2568829e-01  -4.7111472e-01  -4.2732256e-01   1.5750394e-01   6.1567194e-01  -3.2726988e-01   2.3462651e-01  -6.2563121e-01  -5.1917278e-01   3.4256729e-02  -8.2082963e-02  -4.9357905e-01  -1.0847609e-01  -1.2014612e-01  -2.4684337e-02   1.4053181e-01  -2.1062135e-01   7.5359560e-01  -1.3346467e-01   4.5827744e-01  -6.0064963e-01   2.4937331e-01  -1.4421997e-01   7.0069777e-01   4.2057162e-01   3.7527027e-02  -1.1874085e-01   6.0074813e-02  -6.3687970e-01  -2.7683637e-01  -7.8024859e-03   3.1304429e-01   1.2562588e-01  -2.1255396e-01  -1.7683877e-01   6.6957916e-01   6.4679099e-02   5.1666865e-01   1.5293575e-01   5.6566042e-01  -5.6048507e-01  -2.0033674e-01   1.5471020e-02   1.5600811e-01  -1.1568181e-01   6.2047746e-01  -4.8536925e-01  -2.0797036e-01   5.1476638e-01  -2.5994451e-01  -1.8259287e-01   2.9101973e-02  -2.4133825e-03  -6.0655992e-02  -2.0717086e-01  -1.8609079e-01  -5.0550065e-01   3.7751129e-01  -2.6797553e-01   1.1469997e-01  -5.2528928e-02  -2.4442298e-01  -7.3402369e-02
   8.6100077e-02  -3.0759936e-01   6.3013290e-02   3.7426859e-02  -9.5551767e-02   6.0507478e-02   1.9275012e-02   2.2942726e-01  -3.0313621e-01   1.8238239e-01   0.0000000e+00  -1.3418360e-01  -1.5876106e-01   4.6725019e-01   2.8088334e-01   8.8078451e-02  -1.1410197e-01   3.3674848e-01  -7.9046488e-02   6.0446027e-02   4.3138338e-01   5.0349849e-01   1.9716187e-01   2.0853676e-01   2.2779774e-01  -7.1142238e-02   2.3216176e-01   3.6970006e-01   3.7499585e-02   3.2113845e-01   4.0145887e-01   2.2523652e-01   2.7630653e-01  -3.2330396e-02  -2.3002718e-01   1.3988139e-01   4.2880546e-02  -3.9214493e-02   2.9516376e-01  -1.7392613e-01  -4.0135858e-02   1.2461416e-01  -3.6959745e-01   1.9125982e-01   1.1629005e-01  -4.6537636e-02   5.8287727e-01  -3.0128356e-01  -1.2011548e-01  -1.4430160e-01   4.1675344e-01  -1.5352127e-01  -2.5061943e-01  -2.0446969e-01   2.4634540e-01   5.7694314e-01  -3.5141688e-03   3.8641381e-01   5.5791112e-01   1.6040906e-01  -1.6291068e-01   2.0731263e-01  -3.5445599e-01   2.8838429e-01  -1.4542296e-01   3.5963887e-01  -7.3033766e-02  -3.4433095e-01   3.6820931e-01  -1.4017002e-02  -3.3179140e-01   1.8813443e-01   2.3154601e-01  -1.7840469e-02  -2.1350533e-01   9.4514947e-02  -5.8151983e-02   4.1103928e-02   2.7709844e-02  -3.1488419e-02   4.3077064e-01  -7.6895885e-02   4.4499627e-01   4.1641518e-01  -4.2113464e-02   2.6280100e-01  -2.4042323e-01   1.0091927e-01   8.8407167e-02  -3.3732491e-02  -1.5110560e-01  -1.8190928e-02  -2.5339195e-01   1.2495554e-02  -4.4363308e-02  -2.7731793e-01   1.0470243e-01   1.2853410e-01  -3.3985268e-01   2.0767529e-01   2.9144779e-01   3.5820449e-01   4.7685435e-01   2.7650865e-01   6.0416936e-01   2.4279268e-01   1.0977520e-01   5.7350241e-02   1.7381022e-02  -3.5932135e-01   4.3901815e-01   5.3420537e-01  -1.2575210e-01   4.9453835e-02   2.0317167e-01  -2.6451686e-01   6.4790452e-02   1.1088118e-01   4.8591918e-01   1.0590215e-01  -1.2975505e-01  -2.5363404e-01  -3.9641204e-01  -2.1096678e-01   7.0143984e-03   3.1097533e-01   8.2278444e-02  -7.3509649e-02   4.2122646e-01   1.4637066e-01  -3.2608912e-02   4.0431928e-01  -2.4937940e-01   1.6981617e-02   8.4682993e-02  -6.3232319e-02  -2.2519243e-01   4.3152534e-01   4.1813243e-01  -3.4187786e-01  -1.0674728e-01  -2.6907172e-01   2.7623390e-01   7.6798766e-02   1.7769065e-01   6.7096124e-01  -1.7583106e-01   8.1832157e-02  -3.0665051e-01   2.0728488e-01   3.0715227e-01   6.0148530e-01   9.7291689e-02   6.4489244e-01  -2.6650829e-01   8.0871675e-02  -3.4903456e-01   3.6321515e-01  -2.4405059e-01   3.7883476e-01  -4.4320835e-02   6.2000218e-01   3.6086857e-01   1.5041189e-01   2.5280557e-01  -1.3586160e-01   8.1330005e-01   3.9189527e-01   3.5293732e-02  -4.2768400e-01  -1.8329997e-03  -3.0641670e-01  -1.2367587e-01   4.3033604e-01  -2.7094070e-01   1.2897436e-01   2.6315056e-01
   5.3098456e-01   8.0239611e-01   4.8742754e-01   2.1886031e-01   7.3390124e-01   7.7993436e-01   6.1407460e-01  -2.0595002e-01  -5.5121218e-01  -5.3242542e-01  -1.3418360e-01   0.0000000e+00  -4.8645532e-01  -1.6933692e-01  -2.7989531e-01   5.0502822e-01   7.3573962e-01  -1.3525690e-01   4.7801671e-01   4.8752432e-01  -6.2945691e-01   2.4916334e-01  -5.2005386e-01   6.6899247e-01   5.3640183e-01   4.3786546e-01   3.2774261e-01  -2.6945176e-01   1.9799145e-01  -2.9775406e-02  -2.6524713e-01   2.9039468e-01   4.6283965e-01  -2.4298018e-01   1.7310078e-01   4.3281098e-01  -2.6719659e-01   2.5338546e-01   3.0257785e-01   4.1823960e-01  -2.2814137e-01   3.3717281e-01   5.1887790e-01  -5.8874191e-01  -6.3494735e-02   3.8829920e-01   1.2323217e-01   5.7150311e-01  -3.0650680e-01   1.6739168e-01   3.9827900e-01   4.8865054e-02   1.6373085e-01  -1.5061799e-01   4.4650220e-01  -1.7641494e-01   3.8111048e-01   1.9621274e-01   2.6878271e-02   7.5807270e-01   4.6153234e-01   1.9729612e-02   5.5739067e-01  -6.2951598e-01   3.4471666e-01  -1.5755410e-01   7.6063483e-01   5.0132578e-01   5.2494892e-01   4.6969848e-01   6.1313877e-01   2.9940558e-01   1.1503997e-01   7.5769962e-01  -3.5708817e-01  -5.5774159e-02   5.2813994e-02  -2.0454783e-01   5.1312405e-01   1.7825672e-01  -2.5460103e-01  -4.4122769e-02  -3.0379086e-01   5.8507651e-02   5.6797441e-02  -1.7257244e-02  -4.7308368e-01   5.1456053e-01   5.2691131e-01   4.4955433e-01   6.4439441e-01   3.4967641e-01  -3.1729794e-01   4.8497990e-01   1.8292814e-01   7.8531819e-01   5.2669354e-01   5.7607194e-01   2.2491182e-01  -3.2273956e-01  -4.0823950e-01  -5.9859280e-01  -2.8345387e-01   3.3779752e-02   2.8365654e-01   1.3028905e-01   2.1110249e-01   6.9567361e-01   4.6232734e-01  -7.3764614e-03  -5.7465269e-01   2.8524231e-01   4.5105017e-01   3.4745072e-01  -1.9772766e-01   3.8165824e-01   5.5467523e-01   7.7099212e-02  -4.5600770e-01   3.1604160e-01   1.3540373e-01   7.1481738e-01   7.4278896e-01   1.5133355e-01   5.3835419e-01   6.1539648e-01   3.5604392e-01   1.0292490e-01   1.4204590e-01   1.5382876e-01   2.0779542e-01  -4.0030816e-01   5.6418170e-01  -4.3865657e-02   6.6603118e-01  -9.3060345e-02  -3.0967821e-01  -4.0694833e-01  -3.6356056e-01   1.3504381e-01   3.1863942e-01  -3.2190450e-01   4.8577064e-01   6.4691129e-01   3.2828562e-01  -6.9262464e-02   5.0102129e-01  -5.8847819e-02   2.6084948e-01  -6.0345776e-01   2.9158022e-01  -3.6466701e-01   1.6164099e-01  -3.0033007e-01   7.9584526e-01   5.6662833e-01   2.9325013e-01  -5.6587054e-02   5.1481177e-01  -3.7614797e-01   5.5407262e-01   3.3772877e-01  -6.0491337e-01   3.3866307e-01   3.1804521e-01   1.1645951e-01  -1.2635238e-02  -1.2416387e-01   5.6277966e-01   2.1703430e-01   4.2288652e-01  -1.1250847e-01   4.2563795e-01   1.5206077e-01  -8.2921878e-02   1.3445983e-01   3.1053209e-01
  -4.5423205e-01  -5.0296557e-01  -3.4174373e-01   1.3319352e-01  -3.5075042e-01  -5.5639713e-01  -3.9498503e-01   3.1869987e-01   4.3337684e-01   3.2103571e-01  -1.5876106e-01  -4.8645532e-01   0.0000000e+00   4.0170399e-02   1.9460344e-01  -8.1946911e-02  -5.1108899e-01   2.1338311e-01  -3.6920545e-01   8.1761880e-03   2.2893609e-01  -3.0954645e-01   2.1360146e-01  -5.0102823e-01  -4.0166636e-01  -3.3564514e-01  -5.0799403e-01   1.9383299e-01   4.8287763e-02   1.0583377e-01   2.2532750e-01  -2.0075320e-01  -1.8379935e-01   7.3456039e-02  -4.7261193e-02  -4.4406999e-01   5.1066793e-01  -2.9326151e-01  -7.4340525e-02  -3.9498595e-01   8.2042530e-01  -8.5283837e-02  -1.8564975e-01   4.7417039e-01  -2.7551953e-02  -5.4071108e-01  -3.4797842e-01  -2.9149759e-01   7.4014361e-01  -3.5917446e-02  -1.7797610e-01  -6.4143676e-02  -1.7108498e-01   3.8677244e-01  -4.5090277e-01  -1.1240404e-01  -1.4139614e-01  -2.3513799e-01   6.3838654e-02  -4.7164376e-01  -2.8319110e-01   3.3468768e-01  -3.5853783e-01   4.6120015e-01  -1.2614579e-01  -1.2382996e-01  -4.9237084e-01  -1.0415092e-01  -5.3662301e-01  -4.1652453e-01  -2.8189014e-01  -1.9511167e-01   5.0095608e-02  -4.7662564e-01   4.4942009e-01   9.4501406e-02  -1.6706282e-01   2.4956174e-01  -6.0062531e-01   8.4587485e-02   8.8516332e-02   1.7004635e-01   1.2222893e-01   2.6551609e-02   2.7822604e-02  -2.2373702e-01   2.8431791e-01  -2.3498583e-01  -4.5753867e-01  -3.7273739e-01  -5.3271910e-01  -2.8999148e-01   1.5106192e-01  -2.6862563e-01  -2.8006162e-01  -4.2855772e-01  -1.7541728e-01  -4.9912290e-01   3.7056402e-01   6.8521301e-02   1.7490607e-01   3.4935471e-01   3.8383261e-01  -1.3702274e-02  -3.8209915e-01   1.0259539e-01  -6.0226575e-02  -6.1242987e-01  -6.0099560e-01   9.9559362e-02   2.1774551e-01  -3.3348308e-01  -1.1484071e-02  -4.4822675e-01   9.6953869e-02  -4.0616282e-01  -4.1480625e-01   2.4549598e-01   2.1654483e-01  -1.8811415e-01  -3.5868462e-01  -5.5380639e-01  -2.2095089e-01  -2.2544028e-01  -5.2141506e-01  -4.5926585e-01  -3.5907949e-01  -5.9144819e-02  -1.4076810e-01  -3.8177093e-01   1.4848245e-01   5.0346351e-02  -2.5092083e-01  -5.6798967e-02  -4.8736693e-01   2.0973994e-01   6.4043759e-01   3.3616313e-01   1.0660895e-01  -1.0734382e-01  -3.1126510e-01   8.4501959e-01  -6.0601523e-01  -5.3778050e-01  -3.1941189e-01  -1.7607404e-02  -2.3969540e-01  -9.1547950e-02  -2.9398615e-01   3.2855123e-01  -3.3954988e-01   2.5085364e-01  -9.1058484e-02   1.0027870e-01  -5.0836102e-01  -4.8508019e-01  -2.7590076e-01   3.3007317e-01  -3.0384800e-01   2.2537434e-01  -3.5969475e-01  -4.3854533e-01   2.7100059e-01  -9.2774954e-03  -1.9813584e-01  -2.5072463e-01  -2.9892041e-01   1.1176092e-01  -4.6291614e-01  -1.7849684e-01  -4.9989118e-01   2.5404561e-01  -8.8238121e-02  -3.3648634e-01   3.9223961e-01  -3.1659894e-01  -1.8099014e-01
   3.8591242e-02  -3.6122563e-01  -1.7504935e-01   1.4802084e-01  -1.4636301e-01  -3.6358514e-02  -2.6450776e-01   3.5113251e-01  -1.7538766e-01   4.3173445e-03   4.6725019e-01  -1.6933692e-01   4.0170399e-02   0.0000000e+00   1.3194646e-01   1.2454378e-01  -3.3019906e-01   1.1507711e-01  -1.3413698e-01  -1.5825506e-01   2.7009172e-01   5.5214417e-01   5.2772693e-02  -1.5274730e-02  -3.9720121e-03  -4.0234622e-01  -1.4207848e-01   1.5655415e-01   1.0660518e-01   1.4972824e-01   2.8582581e-01   1.9141348e-01   1.9221924e-01  -1.0695581e-01  -2.4532259e-01   6.2610842e-03   2.7838164e-02  -3.3985686e-01   3.3371744e-01  -2.8826767e-01   3.3195134e-02   5.4405216e-02  -3.2934701e-01   3.0599243e-01  -1.6319897e-02  -3.2604014e-01   2.5808161e-01  -5.1423111e-01   1.5931535e-01  -3.8535313e-01   2.0762741e-01  -3.3039731e-01  -5.6991475e-01  -1.9840905e-01   3.5313013e-01   4.0877763e-01   1.0855460e-03   4.4624094e-01   3.3682665e-01  -7.0100287e-02  -3.6338949e-01   1.2330241e-01  -1.9870544e-01   1.7994221e-01  -3.0009218e-01   2.4098258e-01  -4.6372273e-02  -2.1422533e-01   1.9528635e-01  -4.1051732e-01  -5.1157539e-01   1.7728395e-01   1.0016708e-01  -1.0265646e-01  -3.1058307e-02   1.7236781e-01  -3.5750946e-01   2.8822468e-01  -2.6365391e-01   1.5488471e-01   2.2188945e-01   1.6154912e-01   2.7106310e-01   2.3670683e-01  -6.2659517e-02   1.7005346e-01   1.1255830e-01   1.1767708e-01  -2.8622100e-02  -2.5340163e-01  -2.0721753e-01  -2.8050736e-01  -2.0234563e-01  -1.6104885e-01  -3.6953805e-01  -2.1557171e-01   1.2977587e-01  -1.5446247e-01  -1.2879823e-02   4.2158913e-01   1.3996004e-01   3.2475187e-01   5.2894307e-01   1.5518750e-01   3.6120203e-01   2.4593616e-01  -7.5238982e-02  -7.9866916e-02  -1.6387086e-01  -2.6880352e-01   3.5122377e-01   4.8461707e-01   2.8981891e-02  -6.5059767e-02   1.6390970e-02  -4.9233529e-01  -1.7713038e-01   1.5008222e-02   3.6713280e-01   5.8828715e-02  -2.2742038e-01  -2.5253675e-01  -1.0867185e-01  -3.4826851e-01  -2.6874147e-01   2.1563787e-01  -1.5742381e-02   1.4019616e-02   2.2001131e-01  -1.5943669e-01   6.3255989e-03  -6.2317056e-02  -1.9033139e-01  -2.7441296e-01   6.0256781e-02  -4.9516937e-02   1.7356559e-02   1.8205045e-01   2.1639165e-01  -3.4272290e-01   1.1589806e-01  -4.3479292e-02   8.2241663e-02  -1.4819545e-01   8.0142471e-02   3.8285582e-01  -3.1622219e-01   1.8645106e-01  -1.9808373e-01  -5.1582233e-02   1.9892379e-01   5.3684130e-01  -7.8118859e-02   2.7783843e-01  -2.7318813e-01  -8.8223820e-02  -3.8905471e-01   1.3071782e-01  -4.3299644e-01   2.2280938e-01  -2.4397664e-02   2.3069982e-01   2.3485656e-01   2.1000170e-01   1.3355825e-01  -3.5014386e-01   4.4116946e-01   5.4157417e-01  -8.8988144e-02  -3.0671246e-01  -1.6737888e-01  -3.8759495e-01  -1.3272874e-01   1.8707003e-01  -2.9233542e-02   1.1889542e-01   1.0875186e-01
