   0.0000000e+00   3.6227296e-02   4.2716850e-02   1.5279350e-01   3.1063145e-01  -1.3101782e-01  -1.0262096e-01   2.5525539e-01  -1.0835798e-01   8.1282123e-02  -9.9741719e-02  -3.0223858e-02   9.9030863e-02  -2.0993455e-01  -9.5070344e-02   1.8763235e-02   1.2888379e-01   4.8721199e-02   1.3424610e-01   2.9635170e-01   5.0217642e-02   2.7564249e-01  -7.0972311e-02   1.6524565e-01   1.0214909e-01   2.2081486e-02   6.5878287e-02  -2.5932478e-01   9.5151439e-02  -4.3645888e-02  -1.2809836e-01  -8.7445270e-02  -8.8592540e-02  -1.9928381e-01  -5.9847208e-02   2.7869820e-01   2.4399948e-01   3.0732667e-01   1.5908334e-01  -3.6536400e-02   1.4778121e-01   1.0670155e-02   9.2448596e-02   2.0409018e-02  -7.4100771e-03   3.3599299e-01   1.9025656e-02  -1.7643910e-01   2.0597072e-01   4.6657178e-02  -3.1508936e-02  -7.0715135e-02  -6.3492016e-02  -2.1712043e-01  -1.9988195e-01  -1.1009484e-01  -1.2884897e-01  -1.6999100e-02   6.9833970e-02   2.0939380e-02   2.5356927e-01   1.5676859e-03  -1.9767401e-01  -1.5382396e-01   9.3129319e-02  -2.7804791e-03  -2.0014214e-02   1.7133248e-01   4.5212831e-03  -3.3981367e-02  -9.4972804e-03   8.5440301e-02   2.4593482e-01   6.5446727e-02  -1.1066959e-01  -1.1878859e-02   1.3697003e-01   1.3866590e-01   8.6394459e-02   1.3180621e-01  -1.5552760e-01  -1.6495310e-01  -3.9724377e-02   1.8840365e-01   5.8185823e-04  -8.1529807e-02  -1.5366667e-01  -2.1781415e-01   2.4619544e-02   1.6227668e-01   2.1532245e-01  -1.5751176e-03   5.7652249e-04   5.5783205e-02   2.4175672e-01   2.8960841e-01  -9.1492805e-02   8.9666078e-02   1.8549021e-01  -9.4434175e-02  -1.7301583e-01  -2.9004768e-01  -7.6233935e-02  -1.6851164e-01  -8.7779770e-02   2.4090338e-01   8.4422426e-02   1.4780919e-01  -7.2697594e-02   9.6667643e-02  -2.6566170e-01   2.1245163e-02   1.2368307e-01   3.7211453e-01  -1.8314574e-01   3.0482217e-01  -8.1527061e-02   6.6320129e-02  -1.8807792e-01  -4.6191217e-02   2.2175569e-01   1.3344235e-01  -4.4966094e-02   2.5188530e-02   3.7921183e-01  -1.0960250e-01  -1.6936382e-01   5.5870802e-02   4.1055650e-05   1.2730607e-01   9.8736645e-02   1.8934306e-01   1.5653630e-01  -1.1985186e-01  -5.5305191e-02   7.0459396e-02   8.1787282e-02  -2.6100744e-01   2.3690468e-02   3.6723792e-01   7.1237037e-02  -8.6135102e-02   2.7579386e-02  -8.0528313e-02  -2.9745952e-01  -1.7981599e-01  -1.7724790e-01   8.9961960e-02  -1.9307137e-02   1.6419095e-01  -1.7075032e-01  -1.3627623e-01  -2.1128410e-02   6.7731799e-02   3.3183355e-02   3.6506412e-01   4.7252816e-01   1.4226256e-02   8.4870519e-02  -1.7058631e-01   4.9360323e-02   6.6420246e-02   3.0752468e-01  -3.1265726e-02   1.2681110e-01   1.3265841e-01  -8.6876472e-04  -5.9886089e-02  -7.4548628e-02   5.4883150e-02   3.5190665e-01   3.6293408e-01   1.6189189e-01  -5.5780595e-02  -1.1780757e-01  -1.8673728e-01   2.5668421e-01
   3.6227296e-02   0.0000000e+00   4.1263304e-01  -2.0039230e-01   4.4739088e-01  -1.6014917e-01  -3.0932444e-01  -7.2906696e-02   4.8642223e-01   2.6467225e-02  -2.7075128e-01   2.6993240e-01  -3.7297367e-01  -1.7985923e-01  -9.3125951e-02  -7.0226983e-02   2.4504334e-01  -4.1337163e-01   1.3279231e-02   5.6348542e-02  -6.3631572e-01  -1.2537861e-01  -5.3767266e-01   1.3189241e-01   2.5196417e-02  -3.4950943e-02   4.1152693e-01  -3.9024739e-01  -1.1987145e-01  -9.8441627e-02  -1.7058686e-01  -1.2489906e-01   8.2307736e-02   1.7292096e-01   5.4099355e-01   6.2632745e-02  -1.2332870e-01   4.6887234e-02  -8.4501226e-02   1.2802852e-01  -2.5404984e-01  -7.4166726e-02   5.1132132e-01  -2.2322671e-01   2.8757015e-01  -2.0355207e-02  -1.4867592e-01   6.1944363e-02  -3.4158509e-02   4.1881789e-01  -3.0996947e-01  -7.3576844e-02   3.4207000e-01  -2.5632461e-02  -2.2112073e-01  -3.1587263e-01  -1.4447419e-01  -2.2353502e-01  -1.2345329e-01   4.0008500e-01   3.8359834e-02  -2.8158959e-01   6.2511304e-01   2.8656796e-01   2.5720645e-01   2.8006675e-01  -2.5626500e-01   4.3096106e-02  -2.4178129e-01   2.4382891e-01   1.8156306e-01  -2.5834476e-01  -7.1122516e-02   1.2081423e-01  -4.6107726e-02   5.0110972e-04  -3.6243229e-02  -2.3311815e-01   7.5702108e-01   2.4630364e-02  -3.6589452e-01  -1.6788293e-02  -2.0554373e-01  -2.8191137e-01  -2.9511811e-01  -1.6902631e-01   6.1451523e-01  -3.7074425e-01   3.4741524e-01  -1.3083695e-01   7.2796143e-01   2.9018918e-02  -1.8793155e-01   7.7502346e-02   6.5060964e-03   3.8964680e-01  -1.0149020e-01  -1.2709680e-01  -3.2382168e-01  -4.9688414e-03  -5.0431467e-01   3.1983934e-02  -4.3849614e-01   3.5914451e-01  -1.8715876e-01  -1.9608320e-01   7.1245530e-02  -1.5811985e-01   7.9604380e-02  -3.4206571e-01   1.1739447e-01  -2.8553684e-01  -1.7765648e-01   3.1242569e-01  -5.4748597e-01   5.6679396e-01  -1.1752396e-01  -1.7225780e-01  -4.9061871e-01  -1.8649055e-01   6.1303564e-02   5.3723517e-01   6.6067942e-02   3.9567982e-01   7.7439417e-02   3.4238314e-01   2.2000293e-01   7.0025410e-02  -9.6077094e-02   4.6558594e-01  -2.5007129e-01   2.8445589e-01   5.8263558e-01  -5.7975547e-01  -1.2358154e-01  -7.8081557e-02   2.1600350e-02  -4.1802566e-01  -2.4624510e-01   4.6493958e-02  -3.1882764e-01  -3.1137768e-01  -2.8502289e-01   2.0090497e-01  -6.9557810e-02  -3.1485389e-01  -5.9805565e-02   5.6176193e-01  -8.3309901e-02  -2.1157615e-01  -2.1862354e-01  -6.7863148e-01  -1.4576485e-01   2.5238676e-01   7.8651738e-01  -3.6502260e-02   6.9314218e-02  -1.6927493e-01   1.3399948e-01  -5.8728899e-01  -5.0735384e-02  -2.6723375e-01   2.1483983e-01  -2.3719938e-01  -1.2515812e-01   2.9677600e-01   1.3271449e-01  -2.2208540e-01  -1.0511873e-01   9.3232183e-03   3.7809892e-01  -4.9578947e-02   6.8928859e-02   8.4230565e-02   1.3102794e-01   2.0280309e-01  -1.0488659e-01
   4.2716850e-02   4.1263304e-01   0.0000000e+00  -2.6931222e-01   2.5257237e-01  -5.9462127e-03  -5.6619617e-02  -5.6356096e-02  -1.6344721e-01   3.3863447e-01  -3.8565977e-01   2.7805105e-01  -1.3437760e-01  -4.0528556e-01   6.2755142e-03  -6.9621998e-02   8.2688136e-01  -4.8470681e-01  -5.3467786e-02   3.0020342e-01  -4.3266948e-01  -1.1734744e-01  -1.8026474e-01   6.3793553e-02   6.4806041e-02  -1.4347537e-01   3.0123409e-01  -2.2566945e-01  -9.2858783e-02  -2.7928753e-01  -2.9463286e-01  -2.1798004e-02  -3.9105112e-02   4.7142290e-02   1.6574960e-01   1.9453671e-01  -2.0420773e-01   3.6322146e-01  -1.3937261e-01   4.2369818e-01  -9.3855224e-02   1.5761742e-01   8.0566036e-03  -1.6714967e-01  -2.3111569e-01   2.6203783e-01  -1.3686206e-01  -3.6547395e-01  -1.4907027e-01   5.4403269e-01  -3.2152596e-01  -1.5244085e-01  -4.2090210e-02   3.6469241e-01  -2.3507428e-01  -9.8776396e-02  -2.7716390e-01  -2.2566187e-01  -2.4468872e-01   1.9615606e-01   5.1541598e-01   2.2720591e-02   1.1237617e-01  -8.1191514e-02  -3.1823989e-01   1.0375249e-01  -7.0243605e-02  -1.3249777e-01  -3.4054156e-01   7.2087751e-01   1.0408997e-01  -2.7000781e-01  -1.0594282e-01   4.4313677e-01  -1.1167748e-02  -4.5354851e-02   5.0884537e-01  -2.3053615e-01   2.0013286e-01  -3.3369912e-02  -2.0425599e-01  -8.7585904e-02  -1.2561273e-01  -3.1592655e-01  -2.0269559e-01  -1.6690527e-01   1.5306683e-01  -1.9966096e-01   6.9759343e-02  -1.2592969e-01   2.4703605e-01   6.9629978e-01   2.6687017e-01  -2.1252087e-01   3.0367524e-01   3.4074566e-01  -8.4515256e-02  -3.4505691e-01  -9.6750409e-02   7.5504913e-02  -2.2805219e-01  -3.1152678e-02  -3.7095694e-01  -1.1216497e-01  -3.9203402e-01  -1.8102426e-01   4.5437783e-01  -3.5487684e-01   1.3589052e-02  -7.3667400e-02   1.8820442e-01  -3.7225277e-01  -1.6939205e-01   2.6084062e-01  -5.3479757e-02   2.2104890e-01  -1.4734658e-01  -3.3889945e-02  -3.3372819e-02  -2.6598504e-01   1.1080974e-01   1.4846505e-01  -7.3948493e-02  -2.9452112e-01   8.2422687e-02   2.1845883e-01  -7.8866122e-02   1.4960456e-01  -1.6090898e-01   6.8125420e-01  -2.7082164e-01  -1.4284208e-01   4.2245470e-01  -4.3082122e-01  -2.0718400e-01  -8.5099849e-02   3.5088524e-02  -3.3929453e-01  -1.5828320e-01   3.7633221e-02  -4.2391883e-01  -2.8736698e-01  -4.1112188e-01   6.4317255e-01  -1.6304506e-01  -4.2908483e-01   2.5618677e-01   1.4297286e-01  -1.5789882e-02  -2.9202800e-01  -3.6645249e-03  -3.9972760e-01   1.4320791e-01   1.5073075e-01   6.7173254e-01   1.2672584e-01   5.8344814e-02  -1.5298483e-01   6.4717106e-01  -2.6152898e-01   1.2994988e-01  -4.3957519e-01   2.4891884e-02  -5.4221518e-01  -1.7353930e-01   3.3831941e-01  -1.0888432e-01  -2.2129831e-01   2.1424985e-01   1.2802816e-01   2.4869563e-01   2.6950091e-01  -2.3978960e-01   3.5553189e-01   1.9681093e-01   2.1260055e-01  -1.9466111e-01
   1.5279350e-01  -2.0039230e-01  -2.6931222e-01   0.0000000e+00   2.5240877e-01   1.1900433e-01  -2.0593587e-01   2.7797282e-01  -9.4186244e-02  -2.3569999e-01   3.2613492e-01  -1.6541830e-01   5.1108259e-02  -1.5826499e-01  -3.5844163e-01   1.3729896e-02  -2.0813929e-01   4.2094620e-01  -2.6723795e-02   1.7533889e-01   1.5722288e-01   4.8109770e-01  -1.8187692e-01   1.2010828e-01   8.0631449e-02   4.5961412e-01  -3.6525641e-03  -6.9771997e-02   3.5133481e-01   2.3960473e-01  -9.3429354e-02   1.3388838e-02  -2.7110799e-02  -4.9729107e-01  -1.3249318e-01   1.1855986e-01   2.8528005e-01  -2.4472291e-02   1.4837982e-02  -2.9137575e-01   1.0533073e-01  -1.2817863e-01   3.4731117e-02   3.5871692e-02   1.2042336e-01   6.5299633e-02   3.7079289e-01  -8.9635339e-02   3.2049083e-01  -2.5696192e-01   3.8863175e-01   2.7322252e-01  -1.8274998e-01  -1.6861663e-01  -7.3052073e-02   1.1787203e-01   2.6032415e-01   4.4802517e-01   3.4888712e-01   4.6225002e-02  -1.6831983e-01  -7.4806513e-02  -2.3620780e-03  -2.3574664e-01   1.3450735e-01  -1.0432724e-01   1.2203990e-01   6.2474823e-01   4.2222054e-01  -2.7534931e-01  -3.5605706e-01   2.4480298e-01   8.7965910e-02  -8.0799601e-02   8.9180180e-02   2.7759702e-01  -1.6148553e-01   3.2079698e-01  -2.7247206e-02   8.5018828e-02   8.0613883e-02  -1.0939180e-01  -1.9845890e-01   4.5300338e-01  -7.1653135e-02   3.5300931e-01  -4.2879140e-01  -8.5875253e-02   2.1155622e-02   1.6485146e-01   9.2844060e-02  -3.1567656e-01  -1.2485863e-01   1.7009387e-01  -6.8533951e-02   1.7739736e-01   1.6300148e-01   4.1350683e-01   3.0555982e-01  -3.1517805e-01  -7.0629664e-02  -1.0628048e-01   2.2411042e-01  -4.4210153e-02   2.6802687e-01   7.9399819e-01  -1.9545551e-01   5.3535956e-01  -3.4828983e-03   2.5525097e-01  -4.8169871e-01   3.9066127e-01   9.1223813e-01   8.6903795e-02  -2.3981046e-01   2.3939324e-02   1.3651219e-01   1.2454009e-03  -2.1431032e-01   8.4337692e-02   1.5193101e-01   2.2480709e-01   1.8664402e-02  -1.0241244e-02   2.1619633e-01  -9.4216589e-02  -1.4185977e-01  -6.4247008e-02   4.5919646e-01  -3.3008332e-01   1.0348446e-01   5.9457731e-02   9.2835950e-02   5.1715786e-02   5.1724128e-02   2.8730338e-01   2.1789518e-02  -2.0984114e-01   3.9508543e-01   9.5885599e-02   3.6317650e-02   1.7660407e-01   4.5359626e-01  -3.5392763e-01  -3.2086803e-01   2.4855125e-01  -4.6535879e-01  -1.7658029e-02   1.1113652e-01   2.7336393e-02  -1.7664632e-01   7.5067286e-02  -1.1451670e-01  -2.7023806e-01  -3.4629570e-01   2.2331123e-01   2.3843642e-01   1.9301453e-01  -2.3426053e-01   7.0747771e-02   6.2503415e-02   3.8603506e-01   1.5414811e-01   6.3460680e-01   4.0729247e-01  -5.6095627e-02   8.3065928e-03   2.4407025e-02  -1.8849586e-01  -9.1824969e-02  -3.9969153e-02  -2.3672064e-02   5.1111749e-01  -6.9912361e-02   1.0661795e-01  -1.3977833e-01   7.6394088e-01
   3.1063145e-01   4.4739088e-01   2.5257237e-01   2.5240877e-01   0.0000000e+00  -1.0712103e-01  -4.1940253e-01   2.6449713e-01   7.2364570e-02   1.3508565e-02  -3.2048978e-02   4.2127897e-02  -6.6883442e-02  -4.6444082e-01  -2.5727318e-01  -1.2501020e-01   2.4810935e-01  -1.2807028e-01  -1.2115241e-02   6.3362678e-01  -3.2478741e-01   2.9082995e-01  -3.5806027e-01   2.8962572e-01   9.7701295e-02   1.6365369e-01   3.9915574e-01  -3.9306812e-01   2.1320607e-01  -7.4209786e-02  -2.7639432e-01   1.8670085e-01   1.9571430e-02  -2.1998103e-01   1.8894668e-01   5.1950503e-01   2.9349593e-01   2.1743787e-01  -1.3828661e-01   1.0956994e-01   5.0379182e-02   5.7108554e-02   3.4702605e-01  -5.7765662e-02   3.6629361e-01   1.4958846e-01   1.6623884e-01  -2.2655652e-01   4.3317435e-01   2.1951212e-01   2.6655616e-02   1.1869229e-01   5.3835832e-02  -4.4396055e-02  -4.9192351e-01   7.2274763e-02  -1.5688508e-01   1.8544851e-01   1.5621057e-02   2.2622991e-01   1.6671306e-01  -7.0431891e-03   1.5704662e-01  -2.1942291e-01   1.7569220e-01   2.2730255e-01  -1.5294524e-01   3.7414748e-01   4.6735217e-02   3.1220482e-02  -2.9330651e-02   7.2721784e-02   8.5928904e-02   1.3097612e-01  -1.2740068e-01   1.0788010e-01   5.1921927e-02   8.2832770e-02   5.9894051e-01   2.9839718e-01  -2.6895519e-01  -1.5862226e-01  -1.7944579e-01  -3.1099486e-02  -1.6075687e-01  -4.8945468e-02  -2.1861425e-02  -3.9561504e-01   1.7173110e-01   6.8051761e-02   6.8532757e-01  -9.5924772e-03  -1.2119915e-01   1.7761162e-01   1.6259893e-01   7.9619727e-01   2.1716909e-01   8.7862855e-02   1.0053909e-01  -1.7865277e-01  -4.0800758e-01  -1.2319838e-01  -1.6737114e-01  -1.4178893e-02  -6.4198664e-02   3.1545551e-01   7.6026441e-02   9.4203720e-02   7.4593607e-02  -1.0776291e-01  -2.8102360e-01  -2.1519286e-03   2.0794819e-01   4.5943442e-01  -4.2649526e-01   6.6739913e-01   7.7486706e-02   1.6034366e-02  -4.6664559e-01   7.5134313e-02   2.1995636e-01   6.8427676e-01   8.3141353e-02   1.3242933e-01   2.5872634e-01   8.1948282e-02   1.9068196e-01   6.2960485e-02   7.1179384e-02   1.1670503e-01  -1.4266897e-01   3.4247703e-01   5.1343444e-01  -4.1336951e-01   1.0356316e-01   1.0940836e-01   3.7924110e-01  -4.9857363e-01   4.8493112e-02   3.5658019e-01  -1.3629568e-01  -1.2982613e-01   1.2142552e-02   3.4506312e-02  -2.6981254e-01  -3.3857494e-01  -3.8217300e-01   2.4742114e-01   6.6740326e-03  -9.7936226e-02  -2.9762072e-01  -4.6992601e-01  -5.9447829e-02   5.7331810e-02   3.5827050e-01   3.3957110e-01   4.5316715e-01   5.1968560e-02   1.6646683e-01  -2.9909740e-01   2.8982714e-01   1.3627363e-02   2.3716782e-01  -1.0389190e-01   3.0974108e-01   3.3093208e-01   1.3258592e-01  -1.7566089e-01  -9.6027523e-02   8.3691789e-02   4.9892382e-01   2.0525670e-01   1.6835836e-01   1.0325199e-03   2.1142536e-01  -2.7465157e-02   3.1244349e-01
  -1.3101782e-01  -1.6014917e-01  -5.9462127e-03   1.1900433e-01  -1.0712103e-01   0.0000000e+00   4.1973633e-01  -1.7326346e-01  -3.0881931e-01  -1.4094190e-01   3.5049847e-01   7.4470101e-01   1.8220733e-01   1.8625031e-02  -1.1633146e-01   5.4920079e-01  -1.5215560e-01   1.7642766e-01   3.8650417e-01   2.0937120e-01   4.9211659e-02   2.2588767e-01   1.9243745e-01  -2.0344547e-01   1.2549733e-02   1.5658065e-01   2.4568601e-01   3.3747664e-01   6.1098526e-02   6.6312329e-01  -5.4095074e-01   1.5422370e-01   1.9463660e-02  -1.5468766e-01  -2.6641043e-01   9.6790502e-02  -2.9293867e-01  -2.9052927e-01   2.1058207e-01  -2.8742889e-01   1.1932308e-01   3.3321337e-02  -7.7523271e-02   1.5023662e-01   8.1307123e-02  -1.7948728e-01   5.1708325e-01   4.7994073e-01  -1.8795988e-01  -3.7845116e-01   5.5945180e-01   1.5940573e-01  -3.6841333e-01   1.7175207e-01  -4.7499640e-02   3.7110549e-01   7.0897888e-01   2.5169440e-01   2.8424709e-01   4.3780229e-01  -1.9969923e-01   2.4685172e-01  -1.6234804e-01  -4.8850194e-01  -3.3890042e-01   2.8360874e-01   7.5258991e-01  -1.2637779e-01   4.6880733e-01  -2.4434794e-02  -4.0184210e-01   3.9928841e-01  -6.0424563e-02   5.0500419e-01   2.5343438e-01  -2.9878467e-01  -1.7113390e-01   1.9841747e-01  -1.3217845e-01   8.2698028e-02   6.2323552e-01   2.0363799e-01  -5.5104496e-01   4.0958059e-01   9.6508748e-02  -1.2937660e-01  -4.4489170e-01   1.3967613e-01   1.2542515e-01  -1.2104986e-01  -6.5878972e-02   2.0934207e-02   6.3322572e-01   1.6009258e-01  -3.6490244e-01  -2.0520744e-01   4.3730611e-01   1.3958258e-01   2.9754510e-01  -2.6662853e-01  -2.4506984e-01   1.3693890e-01   3.1059511e-01   1.6518554e-01   3.8829458e-01   1.9454765e-02   2.9757649e-01   3.9907026e-01  -1.1302232e-01   6.2851222e-01  -2.2735836e-01   6.2549216e-01   6.3359098e-02  -1.9314090e-01  -7.3858025e-03  -4.7771547e-01   2.4143079e-01   1.8908245e-01   1.8957925e-01   4.8953869e-01  -7.5462070e-02   1.8696223e-01   3.2771059e-01  -4.8835919e-01  -1.5626064e-01   3.9737355e-01   1.7729977e-01   1.5716663e-01  -2.4256115e-01  -3.3370585e-01   9.8499948e-02  -1.1660213e-01  -3.8387087e-01  -2.0895871e-01   2.1330397e-01  -3.8831857e-01   3.8873872e-02  -5.9776128e-02   2.9143443e-02  -1.9552417e-01   1.9395198e-01   1.8276178e-01   2.7146141e-01   2.9837332e-01  -1.1694407e-02  -1.0451882e-01  -1.4598984e-01  -1.3362421e-02   7.4074698e-01  -4.7064827e-01  -7.5882095e-02   9.2621368e-02  -1.9982668e-02  -3.1915428e-01  -2.8095708e-01  -3.0364843e-01  -7.9675508e-02   1.9382818e-01  -2.2259437e-01   4.3978893e-01   3.6802824e-01   9.5824866e-02  -1.9623517e-01   2.6914189e-01   2.5051550e-01  -2.3475530e-01   3.3000358e-01   3.8056877e-01  -6.4433085e-02  -2.4386393e-01  -2.1572638e-01  -1.8729336e-01   2.3175325e-01   5.1048095e-01   9.9581216e-02   7.0176139e-02   1.5489571e-01
  -1.0262096e-01  -3.0932444e-01  -5.6619617e-02  -2.0593587e-01  -4.1940253e-01   4.1973633e-01   0.0000000e+00  -4.2945939e-01  -2.3136960e-01   4.3481402e-01  -1.4174153e-01   4.1341030e-01   4.9883561e-02   1.1231345e-01   6.9149485e-01   3.3832186e-01  -1.4967897e-01  -1.4843078e-01   1.6278345e-01   7.0054873e-02   2.3144392e-01  -2.2744633e-01   7.6842575e-01  -2.7361490e-01  -2.7929341e-01  -1.9978051e-01   1.2545432e-01   3.2741803e-01  -2.3275451e-01  -5.3194394e-02  -1.5117982e-01  -7.9679028e-02   7.7849380e-02   5.6879989e-01  -2.9963407e-01   2.0016546e-01  -1.8983004e-01  -2.1034817e-01  -1.7030774e-02   3.3225322e-01  -1.2539132e-01   4.1857556e-02  -4.3865016e-01  -1.2559043e-01  -3.6620215e-01  -1.2973526e-01  -1.3492020e-01   3.5783534e-01  -3.3358217e-01  -1.5537761e-01  -5.4606957e-02  -1.1220945e-01   4.0886461e-02   1.0005307e-01   2.0472463e-01   8.3736579e-02   8.3100696e-02  -2.8925324e-02  -8.6968432e-02  -1.7030576e-01  -1.3021057e-01   2.5349137e-01  -3.3754430e-01  -3.7213855e-01  -3.8004398e-01   2.9264357e-01   3.3811992e-01  -3.2482684e-01  -4.2731998e-02   2.4262300e-01   2.3905553e-01  -2.7658741e-01  -9.9041605e-02   1.2530463e-01  -1.5051542e-02  -4.0119096e-01  -2.3265992e-04  -1.7712784e-01  -3.7392801e-01  -2.8418748e-01   4.3344419e-01  -8.4992284e-02   3.7557823e-02  -7.7309412e-02   1.3763185e-01  -1.5722062e-01  -1.0036069e-01   2.2126933e-01  -1.8037002e-01  -1.4203710e-01  -3.7290622e-01   1.2540978e-01   4.4570847e-01  -1.7528363e-01  -1.5906188e-01  -2.6704318e-01  -9.0328083e-02  -7.7240867e-02  -2.0185691e-02   4.0934788e-01   1.6000483e-01   1.2839409e-01  -2.1441305e-02  -2.4226235e-01  -8.6556861e-02  -3.0438148e-01   2.0560620e-01  -1.0676353e-01   3.0296068e-02   3.9172973e-02   5.5634911e-01   1.1077412e-01  -2.0117994e-01  -3.1858331e-01   4.3088993e-01  -2.9244409e-01  -1.2477115e-01   1.0292920e-01   3.1400155e-01  -2.5235332e-02  -2.2154726e-01  -2.8090286e-01  -3.0156992e-01  -3.5611052e-01  -2.3703684e-01   8.8609634e-03   1.3861280e-01   4.8570024e-02  -2.8164274e-01  -1.5447157e-01   1.5951084e-02   2.7353267e-01  -5.4573060e-01   2.0494761e-02  -4.7322193e-02  -4.1573752e-01  -2.2727561e-01   2.2304817e-01  -1.2217711e-01  -1.2200728e-02   1.8452043e-01  -7.6896840e-02  -1.7457366e-02   2.5461347e-01   3.2889362e-01  -1.6790574e-01   6.6317999e-01  -2.9430590e-01   2.4341808e-01   4.1174400e-02   1.7742744e-01   1.9996801e-01   1.1516084e-01  -2.6845401e-02  -8.6748518e-02  -2.6947372e-01  -3.2621445e-01  -5.0163962e-02  -4.6032193e-02   4.6880269e-01  -1.6092062e-01  -2.3448114e-01  -1.6303689e-01  -1.7048451e-01  -5.7614972e-02   2.3359055e-01   1.7951817e-01  -4.7934373e-02   1.2898256e-01   1.0032891e-01   1.0884502e-01  -1.2345829e-01  -2.6697698e-01   2.9872432e-03  -1.7374252e-01   1.5071139e-01  -1.6322633e-01
   2.5525539e-01  -7.2906696e-02  -5.6356096e-02   2.7797282e-01   2.6449713e-01  -1.7326346e-01  -4.2945939e-01   0.0000000e+00  -1.2315347e-01  -2.8560984e-01   1.5016875e-01  -3.3948347e-01   2.7753057e-02   2.8452852e-02  -3.5201361e-01  -2.6088440e-01   1.1395692e-03   7.3441915e-02   1.7398633e-01   9.4367918e-02  -1.7132417e-01   5.6915666e-01  -3.2974821e-01   2.7253722e-01   1.7240876e-01   3.0642734e-01  -5.5774304e-02  -3.6065632e-02   1.7974914e-01   1.3012785e-01  -3.3805520e-02   1.1535564e-01  -1.4278093e-02  -4.1520306e-01   5.0987451e-02  -2.8156859e-02  -8.4360893e-03   2.9672720e-01  -1.0941817e-01  -1.7935007e-01   1.6343215e-02   1.5072962e-01   1.8822726e-01   3.5015096e-01   1.5684609e-01   2.1805317e-01   9.7238398e-02  -3.3055250e-01   6.9504182e-02   5.8763597e-02   1.2208792e-01   3.5672678e-01  -2.9974248e-01   4.2210820e-02  -1.2948316e-01   3.0273518e-01   3.7952256e-03   3.1503015e-01   3.7906641e-02  -1.0385031e-01   9.6302228e-02  -1.8462689e-04  -1.8824530e-02   2.7014976e-02   1.8045976e-02  -3.2992689e-01  -1.9071388e-01   1.8332687e-01   2.9291517e-01  -1.8075957e-01  -3.2201116e-01   2.9132952e-01  -5.4660458e-02  -8.8256441e-02  -1.8376016e-01   3.4110122e-01   1.4518397e-01   6.0300026e-01   6.0872123e-02   1.4667868e-01   1.9139502e-02  -1.2742882e-02  -1.6290314e-01   4.8965330e-01  -1.6355616e-01   1.6923209e-01  -1.7357242e-01  -7.5808501e-02   2.4310464e-02   3.9346916e-01   1.0193665e-01  -7.0089741e-02  -2.3004812e-01   1.9353158e-01   2.1769740e-01   1.7849842e-01   1.2353690e-01   3.1326827e-01   1.3770814e-01  -2.0238993e-01  -1.7224584e-02  -4.4917963e-02   3.2396184e-01  -5.8114698e-02   9.7674845e-02   5.6679308e-01  -1.7615189e-01   4.1077763e-01  -2.1753222e-01  -1.7423125e-02  -4.1392679e-01   1.2439541e-01   1.6660908e-01   1.1635635e-01  -8.2607345e-02   7.1590346e-02   3.5345421e-01  -1.8034546e-01  -2.2004965e-01   1.3545406e-01   3.5093262e-01   1.1988257e-01   1.0060823e-01  -2.7408117e-02   3.1051359e-01  -9.6576208e-02  -5.6790618e-02  -1.9287479e-02   2.3422064e-01  -1.0496802e-01  -6.6180372e-02  -1.3150726e-01   1.4205339e-01  -5.4683017e-02   1.5674649e-01   5.6497982e-01   1.8417798e-01  -1.4197130e-01   4.0432400e-01   1.3951363e-01   9.5540212e-02   1.1240867e-01   2.8640949e-01  -3.2149859e-01  -2.9446457e-01   9.7703041e-02  -4.1041973e-01  -1.4246747e-01  -8.3301846e-02  -2.0379104e-01   5.0633347e-02   1.5708297e-01   1.0975461e-01  -1.8726834e-01  -1.9940927e-01   3.5068731e-01   3.3685552e-01   2.2848377e-02  -8.3177308e-02   7.6374739e-02   2.0967813e-01   5.9996978e-01  -2.6831932e-01   1.6949511e-01   3.3660616e-01  -9.0196898e-02   9.0804371e-02   7.8184482e-02  -7.3645523e-02  -7.4214006e-02   3.9068300e-02   3.1524327e-01   8.6611897e-02  -1.7731058e-01   8.9496147e-02  -2.6278616e-01   4.2226301e-01
  -1.0835798e-01   4.8642223e-01  -1.6344721e-01  -9.4186244e-02   7.2364570e-02  -3.0881931e-01  -2.3136960e-01  -1.2315347e-01   0.0000000e+00  -1.0785421e-01   2.0476571e-02  -9.7377666e-02  -4.7721773e-02   9.4819950e-02   1.3524135e-01   8.3507962e-02  -1.6854474e-01   2.7591702e-02  -3.2413090e-03  -3.3340293e-01  -3.2060759e-01  -2.1089308e-01  -2.0426278e-01   2.5348760e-01   2.2161878e-01   1.3234917e-01   8.2779192e-02  -2.5308795e-01  -1.0759024e-01  -1.8069065e-01   3.4874032e-01  -1.0777457e-01   2.4368204e-01   2.3544826e-01   6.4719561e-01  -9.7617879e-02  -1.1506783e-01   1.1378823e-01   1.3289573e-01   9.9397216e-02   4.3727807e-02   7.3505571e-02   4.4568829e-01  -3.0892220e-01   5.1012012e-01   1.4360935e-01  -1.5469679e-01   7.0302912e-02   8.7067648e-02   1.9235094e-02  -9.6559683e-02   3.8425879e-02   2.2496773e-01  -1.0180465e-01   5.9580014e-02  -3.5074511e-01  -5.0079349e-02  -7.3078310e-02   1.7814964e-01   2.7898906e-01  -8.8818264e-02  -2.6481670e-02   6.0122965e-01   5.9527635e-01   6.6506124e-01   5.5180574e-02  -4.0532964e-01   8.7794078e-02  -1.5625510e-01  -5.3210232e-03   1.5199581e-01  -1.1193734e-01   2.0216470e-01  -1.6028485e-01   8.5370863e-02   2.9549570e-02  -3.5334879e-02  -3.1466816e-01   4.5182883e-01   2.3121257e-01  -3.3712772e-01   8.6843526e-02   4.2147487e-02  -2.5609041e-01  -2.7267806e-02   2.3548758e-02   7.3171416e-01  -2.4197944e-01   4.9906496e-01   1.5548245e-01   3.5612846e-01  -2.0424770e-01  -4.6224681e-01   4.2638652e-01   1.2573956e-01   1.1267725e-01   3.7022135e-02   2.4180113e-01  -1.8227202e-01  -4.9256907e-02  -1.1370849e-01   7.9778535e-02  -3.7281829e-01   6.5396888e-01   2.1379037e-02  -1.5059202e-01  -1.7585225e-01   5.5585286e-02   1.1703812e-01  -4.3875704e-01   4.3539387e-02  -1.5218519e-01  -1.3029127e-01   2.7619835e-01  -2.6940526e-01   3.4599119e-01  -9.9320671e-02   4.3104939e-02  -3.7347312e-01  -9.9398628e-02   2.4542285e-01   1.6865050e-01   1.6719899e-01   6.3493468e-01   2.3052900e-01   1.6078566e-01   2.5987970e-01   8.2774055e-02   1.2118063e-01   1.9623992e-01   4.2985774e-02   2.9321840e-01   2.5155887e-01  -5.8653486e-02   1.7072905e-01   4.1552453e-02   1.9717213e-01  -2.2572841e-02  -1.5023030e-02   2.7319004e-01  -4.1823353e-02  -9.6966987e-02  -9.6293123e-02  -3.4087189e-01   2.9921293e-01   1.0193344e-01   2.4278073e-02   3.6828824e-01  -2.6800918e-01   1.1541760e-01   6.0806377e-02  -4.0905273e-01  -4.6762181e-02   2.2808592e-01   2.6015670e-01   1.7064052e-01   1.4383637e-01   1.6954288e-01  -1.5291327e-01  -3.8789801e-01  -2.0025359e-01  -9.0818012e-02   9.6424967e-02   2.8266663e-02   9.1848736e-02   4.8061570e-02   1.1690620e-01  -1.7465029e-01  -1.5159192e-01  -3.6359243e-02   1.2106024e-01   1.1179737e-01   2.3986898e-01  -3.8283766e-01   3.9068486e-02  -1.8783213e-01  -9.2997059e-03
   8.1282123e-02   2.6467225e-02   3.3863447e-01  -2.3569999e-01   1.3508565e-02  -1.4094190e-01   4.3481402e-01  -2.8560984e-01  -1.0785421e-01   0.0000000e+00  -6.6004531e-01   6.6906126e-02  -2.5338797e-01  -3.4463393e-01   4.1352269e-01  -1.1832087e-01   2.5159854e-01  -4.8707232e-01  -4.2516881e-02   3.0867426e-01  -6.3491266e-02  -3.8994042e-01   3.4551776e-01  -2.1617616e-01  -3.5543285e-01  -2.4896670e-01   2.5948399e-01  -2.3471533e-01  -3.3115502e-01  -5.5736012e-01  -1.2179638e-01  -2.0820402e-01  -6.4241151e-02   5.4144401e-01  -5.6136204e-02   5.4487154e-01   2.2998332e-02   3.3896123e-02  -2.4659245e-01   6.0254983e-01  -3.3792947e-01  -6.9416039e-03  -1.9126146e-01  -3.9942913e-01  -4.3511118e-01   9.8416209e-02  -4.2356389e-01  -1.3097607e-01  -1.7880002e-01   3.7812928e-01  -5.3674229e-01  -3.5280801e-01   3.0608734e-01  -1.3494135e-02  -1.2085295e-01  -2.9127432e-01  -3.8722916e-01  -3.1107861e-01  -4.5101324e-01  -2.9514071e-01   4.9154212e-02   3.6865967e-02  -1.2651039e-01  -2.8593619e-01  -2.7006094e-01   5.1634114e-01  -8.1373637e-02  -9.7923303e-02  -4.4967156e-01   4.1293501e-01   4.8308458e-01  -5.6941906e-01  -1.2985901e-01  -1.2732808e-01  -1.8807498e-01  -3.2852503e-01   1.2059014e-01  -4.3040666e-01   5.6729018e-02  -3.3249150e-01  -2.1945604e-01  -1.7572907e-01   1.5117796e-01  -3.9140804e-01  -1.0631152e-01  -3.2652099e-01   9.5563181e-02  -2.9691404e-01  -1.9539371e-01  -1.6933293e-01   1.4970831e-03   2.3300291e-01   1.9941294e-01  -3.3726385e-01   2.0141963e-01   1.3117852e-01  -4.1299843e-01  -3.4537275e-01  -2.5098969e-01   5.8213580e-01  -3.9191973e-02  -3.1974236e-01  -4.5113972e-01  -4.3740621e-01  -6.2360158e-01  -2.7948055e-01   1.0588196e-01  -4.6736726e-01   1.2707471e-01  -2.9367147e-01   5.9890502e-01  -4.2082361e-01  -1.7885880e-01   7.4184847e-02   6.8331527e-02   2.0553863e-01  -4.6728642e-01  -9.3462779e-02   2.9955579e-02  -3.6751150e-01  -1.5037978e-01   1.1285850e-02  -4.4413396e-01  -2.0382452e-01  -1.2683196e-01  -3.3133903e-01   5.8872944e-02  -1.5296045e-01  -2.9212634e-01   2.7119709e-01  -1.3269393e-01   3.4140509e-01  -1.1565820e-01  -2.3073076e-01  -3.0620360e-01  -3.2709761e-01  -2.3604416e-01  -2.0792741e-01  -3.9770478e-01   7.9324786e-03  -2.8258468e-01  -2.7680302e-01  -5.4853964e-01   2.3613255e-01  -1.2918223e-01  -4.9095704e-01   5.9585361e-01  -6.2287381e-02  -1.1336940e-02   1.9917077e-01  -1.6297856e-01  -2.0515199e-01   7.8381054e-02   1.6239876e-01   4.3323229e-01   1.3806489e-01  -2.0311218e-01  -3.4844215e-01   2.9980605e-01  -1.9242624e-01  -2.8556233e-01  -5.6731588e-01   2.6398034e-01  -5.2807241e-01  -2.4278132e-01   5.5047952e-01  -1.0553040e-01  -4.8398382e-01   1.1604409e-01   2.3765245e-01   5.5013425e-01   5.7192905e-02  -4.4005388e-01  -1.3673827e-01  -2.1319561e-01   4.5507456e-02  -1.7409085e-01
  -9.9741719e-02  -2.7075128e-01  -3.8565977e-01   3.2613492e-01  -3.2048978e-02   3.5049847e-01  -1.4174153e-01   1.5016875e-01   2.0476571e-02  -6.6004531e-01   0.0000000e+00   8.9070874e-02   4.6819650e-01   2.9623306e-01  -2.3299978e-01   2.4104557e-01  -3.1350878e-01   6.8924056e-01   5.1094773e-02  -7.9671728e-02   3.0687213e-01   4.1779210e-01   2.5140736e-02   4.8395200e-03   1.8609740e-01   1.9503182e-01  -1.3501859e-01   3.4992795e-01   3.9957543e-01   6.2536065e-01   1.5848116e-01   3.2592553e-01   1.6164093e-02  -4.3506939e-01  -6.0204535e-02  -1.3195015e-01   1.0664986e-02  -2.0585117e-01   2.8280841e-01  -4.4345863e-01   4.9948778e-01   3.7395182e-02   8.3734968e-02   4.2665513e-01   4.7711517e-01  -2.0531478e-01   7.1946532e-01   2.6605310e-01   2.9249677e-01  -4.8531285e-01   7.8590322e-01   2.7201887e-01  -2.6269168e-01   1.9749950e-02   1.5706647e-01   4.3730240e-01   4.7918689e-01   5.2850914e-01   6.0584692e-01   3.4707794e-01  -2.3690270e-01   3.9184352e-01   3.3712164e-02   1.4107831e-01   1.3546351e-01  -2.2863802e-01   3.1932938e-01  -2.7381028e-02   6.5336549e-01  -2.6125327e-01  -3.5084008e-01   6.1813819e-01   2.7276211e-01   1.0101815e-01   4.3248227e-02   2.5894773e-01  -2.3016090e-01   4.1615074e-01  -2.4689396e-01   3.2493475e-01   4.0160976e-01   1.2154577e-01  -8.3388142e-02   4.8262212e-01   1.4441101e-01   3.3402594e-01  -2.4256881e-01   2.8539081e-01   3.3130566e-01   1.7842369e-01  -2.2842695e-01  -3.1443576e-01   8.0864881e-03   4.7414388e-01  -3.3319403e-01  -2.4406492e-01   4.7925094e-01   3.6586495e-01   3.7213551e-01  -5.2838694e-01   1.5152419e-01   4.4937602e-01   5.7769954e-01   4.3687581e-01   6.6866580e-01   2.9072228e-01  -2.3156386e-02   5.2894185e-01  -1.9326892e-02   4.1376739e-01  -5.3536764e-01   6.1535134e-01   1.9965603e-01  -2.0149577e-01   1.1599995e-01  -3.6716975e-01   4.8724602e-01   2.8722400e-01   1.8117621e-01   4.7909611e-01   1.0520621e-01  -1.0086059e-01   4.8960673e-01   1.0315748e-01   7.4129960e-02   2.6983273e-01   1.5780652e-01   6.7101736e-02   2.6885277e-01  -2.8497520e-01   2.7341205e-01  -1.2898404e-01  -3.4890431e-02   3.4349350e-01   4.0083056e-01   2.3663962e-01   2.8974802e-01   3.2370720e-01   4.9174347e-01  -3.9791682e-02   2.8991043e-01   4.7214482e-01   6.2710247e-01  -1.7732240e-01   2.1918024e-01   5.1932335e-01  -3.8290995e-01  -8.8754895e-02   2.0849001e-01  -8.5858762e-02   1.8841951e-01   3.7603123e-01   1.2700715e-02  -4.3161849e-02  -5.6330257e-01  -9.7159304e-02   9.1374606e-02   5.2806129e-01  -3.5992335e-01   4.4737645e-01   2.7855790e-01   6.5136139e-01  -2.3437221e-01   6.5556185e-01   3.6616147e-01  -5.7611960e-01   3.2773233e-01   4.8544310e-01  -1.0485230e-01  -1.5961770e-01  -5.2152400e-01  -1.1635646e-01   5.1957025e-01   1.2471780e-01   8.7072551e-02  -1.5132699e-01   1.7303716e-01
  -3.0223858e-02   2.6993240e-01   2.7805105e-01  -1.6541830e-01   4.2127897e-02   7.4470101e-01   4.1341030e-01  -3.3948347e-01  -9.7377666e-02   6.6906126e-02   8.9070874e-02   0.0000000e+00   3.6098195e-02  -1.7520075e-01   1.2089289e-02   4.3342955e-01   4.6284107e-02  -1.0851093e-01   2.6575161e-01   2.8397738e-01  -1.7097816e-01  -2.3917983e-02   8.7584004e-02  -8.3405624e-02  -7.7212724e-02  -1.2398698e-01   4.1972564e-01   1.6500145e-01  -3.4593702e-02   4.0858327e-01  -5.3398482e-01   2.6556179e-02  -1.2381107e-02   1.2232363e-01   2.3502621e-02   2.0071302e-01  -3.3858977e-01  -2.0766644e-01   1.1402923e-01  -1.0267826e-01   3.3791456e-03  -4.6551817e-02   1.5119970e-01   8.7521954e-02   1.4779802e-01  -1.9835033e-01   3.1574860e-01   5.1986352e-01  -1.6144267e-01  -1.3846870e-01   2.1474130e-01   5.5450478e-02  -2.7788054e-03   1.1342016e-01  -9.4071013e-02   1.8979534e-01   3.6834983e-01  -1.0042757e-03   9.3380168e-02   5.9324762e-01  -1.2371809e-01   2.1485219e-01   2.5760376e-03  -3.4408007e-01  -3.2649834e-01   5.4289071e-01   6.1766545e-01  -2.3088775e-01   1.7364923e-01   1.2202505e-01  -1.3457198e-01   1.1155167e-01  -6.8402787e-02   5.1044439e-01   7.5437789e-02  -3.8744033e-01  -1.7403848e-01   1.6606941e-02   1.6883302e-01   1.8901505e-02   3.9997689e-01   1.4367775e-01  -4.5648161e-01   1.2193830e-01  -4.0166906e-02  -3.2297620e-01  -7.7423921e-02  -1.6730403e-02   2.6451005e-01  -2.5902545e-01   1.3774749e-01   9.6997520e-02   6.7435270e-01   1.6196563e-01  -3.0772354e-01  -7.4573842e-02   2.3951998e-01  -1.5921400e-01   1.2607938e-01  -1.6538660e-01  -4.2150568e-01   2.4199998e-01   1.3245820e-02   1.9950053e-01   1.4517094e-01  -2.3546340e-01   3.3315946e-01   2.9794954e-02  -6.8355833e-02   4.3470252e-01   5.7155818e-02   2.7450127e-01  -1.4840067e-01  -4.6846647e-02  -1.7221235e-01  -2.2072231e-01   9.2224315e-02   2.0196760e-01   5.4022858e-02   2.8106150e-01  -1.2156376e-01   2.8956904e-01   2.9178783e-01  -2.8801014e-01  -1.3822953e-01   4.8439420e-01   3.6443963e-01   1.0826508e-01  -4.1645255e-01  -2.1968969e-02   1.3651377e-04   1.1476756e-01  -1.4118738e-01  -4.3126218e-01   1.0414468e-01  -4.9166765e-01  -8.6760056e-02  -1.7925214e-01  -1.3884941e-01  -7.2175196e-02  -1.0330953e-02   1.4269228e-02  -1.2170433e-01   5.0624190e-01   3.8456555e-02  -3.2795344e-01   1.5170899e-02   2.4376114e-01   6.8770834e-01  -4.6720430e-01  -1.7469570e-01  -2.0403321e-01  -5.1344874e-02  -6.9874542e-02   1.8680256e-01  -2.8269968e-01  -9.1374181e-02   4.2936209e-02  -4.5891157e-02   1.6504880e-01   3.2886736e-01  -2.3364505e-01  -6.1877609e-03  -6.7114980e-02   8.2693608e-02  -4.4786813e-02   3.2834817e-01   1.3974789e-01  -3.1174095e-02  -1.0821095e-01   5.6800938e-02  -1.4326208e-01   1.6243262e-01   4.9599488e-01   9.0894502e-02   1.5659977e-01  -1.2000061e-01
   9.9030863e-02  -3.7297367e-01  -1.3437760e-01   5.1108259e-02  -6.6883442e-02   1.8220733e-01   4.9883561e-02   2.7753057e-02  -4.7721773e-02  -2.5338797e-01   4.6819650e-01   3.6098195e-02   0.0000000e+00   2.0006334e-01   6.6105350e-02   4.0506115e-01   3.3009302e-02   4.4193087e-01   3.1485250e-02  -4.9659840e-03   4.3860484e-01   9.3143990e-02   2.6923771e-01   1.1022375e-02   2.2827202e-01  -1.0707441e-01  -2.5830455e-01   1.1430222e-01   2.4867564e-01   1.3597910e-01   3.9952212e-01   8.9778925e-02  -7.9391588e-03  -2.2477651e-01  -1.1150378e-01   2.6950539e-02   9.4046057e-02   1.0071857e-01   5.9344918e-01   1.4041640e-02   8.4539046e-01   1.7399661e-01  -1.6327550e-01   2.6668191e-01   1.1702864e-01   9.4408193e-02   3.4201438e-01   1.0910607e-01   1.6202992e-01  -2.3320872e-01   4.7370700e-01  -7.2744500e-02  -9.5071198e-02   2.6792458e-02   3.2205223e-01   1.6268917e-01   1.4461845e-01   2.3997746e-01   4.8323561e-01   1.6005652e-01   6.0089166e-02   6.1762481e-01  -2.5898319e-01   6.2275712e-02  -3.6063023e-02  -2.7326540e-01   2.8603847e-01  -1.6923861e-01   1.6657657e-01   1.2007701e-02   8.0689844e-03   2.4530443e-01   6.6709824e-01   6.4990560e-02  -3.9309170e-03  -8.1538584e-03   1.4067421e-01   1.1951908e-01  -3.9859265e-01   3.7212290e-01   1.3448300e-01   3.2493074e-01   2.8225729e-01   1.7826123e-01   1.7616248e-01   5.1707895e-02  -2.0482900e-01   1.8837803e-01   1.2614194e-01   4.3544185e-02  -3.4533124e-01   2.7822214e-02   1.2968991e-01   2.0020608e-01   9.6236939e-03  -7.5892806e-02   4.1997299e-01   1.6041556e-01   3.8453655e-01  -2.0996215e-01   3.6958336e-01   8.2952060e-02   2.6175612e-01   1.4278678e-01   2.1041046e-01   1.4938522e-01   3.9707767e-02   2.0112646e-01   1.0908694e-01   2.1947363e-01  -2.5822429e-01   2.4191720e-01  -9.0972137e-02  -1.1855687e-02   3.2861257e-01  -2.3630293e-01   1.1564727e-01   7.9660240e-01   3.6804283e-01   1.2699176e-01   1.7617578e-01  -3.3519360e-01   1.7135793e-01  -9.8460129e-02   6.8495838e-02   4.4521385e-02  -7.6680335e-02   2.2578060e-01   7.5260438e-02  -3.7050407e-03   6.1214742e-01  -1.2698051e-01  -1.8632656e-01   5.4103952e-01   2.6990914e-01   5.3676244e-02   2.5690134e-01   4.8973048e-01   1.9323038e-01   6.3857662e-02   3.4919988e-01   5.6072273e-01   2.1510338e-01   2.0923502e-02   1.2260301e-01   3.0866654e-01  -8.6651412e-02  -2.3001695e-01   1.0599084e-02   1.9826858e-01   2.3475881e-01   4.0784186e-01   4.9148707e-02   1.3936900e-01  -3.5614441e-01   2.1396076e-01   1.2647381e-02   5.6100264e-01  -4.4946993e-02   2.7953068e-01   1.3954315e-01   2.6781760e-01  -1.1769228e-01   8.8386181e-02   2.0696447e-01  -3.7664165e-01   2.2288752e-01   2.6150849e-01   4.8665055e-02   2.7967520e-01  -3.7548734e-01   1.8221268e-01   2.0590562e-01   1.7673598e-01   1.8914512e-01  -2.4054388e-01  -2.5348481e-03
  -2.0993455e-01  -1.7985923e-01  -4.0528556e-01  -1.5826499e-01  -4.6444082e-01   1.8625031e-02   1.1231345e-01   2.8452852e-02   9.4819950e-02  -3.4463393e-01   2.9623306e-01  -1.7520075e-01   2.0006334e-01   0.0000000e+00   5.8190768e-02   1.0305234e-01  -3.0167250e-01   2.7797114e-01   4.3614281e-02  -5.7393133e-01   2.1126576e-01  -8.6716597e-03   9.8272586e-02  -8.5830869e-02   5.4042556e-02  -6.4768922e-02  -3.8455660e-01   4.8311486e-01   1.1860767e-03   2.9743619e-01   4.2353850e-01  -1.6035517e-02   8.7331306e-02   9.1485706e-02  -2.5691654e-02  -4.3342252e-01  -2.1466220e-01  -9.9284441e-02   1.7197960e-01  -2.1582109e-01   3.6594918e-02  -1.6792560e-02  -1.7294185e-01   3.6427524e-01  -1.3339198e-02  -2.6267488e-01  -1.0040129e-01   3.2578881e-01  -1.5045868e-01  -2.4819074e-01   1.1226041e-01  -4.8398867e-03  -2.6627322e-02  -6.1679117e-02   5.2150753e-01   2.5520409e-01   1.7458074e-01   1.0233143e-01   8.6566158e-02  -1.7873759e-01  -2.4344637e-01   2.1550357e-01   1.5632273e-01   3.4937322e-01   1.0725110e-01  -2.7714896e-01   4.4396691e-02  -3.1317152e-01   9.6037232e-02  -2.0220322e-01  -3.0989773e-02  -4.8505840e-02   1.5269336e-02  -1.4748690e-01  -1.0012194e-01   1.6740305e-01  -1.7777995e-01   1.4752133e-01  -2.5858617e-01  -2.4237560e-02   3.5276176e-01   1.0882596e-01   2.8707923e-01   2.3749497e-01   2.7034316e-01   1.4298148e-01   1.8017044e-01   5.6129611e-01   1.4515385e-02   6.7976726e-02  -3.3653265e-01  -1.9484780e-01  -1.9274913e-01  -3.1337937e-02  -1.0704791e-01  -5.4746839e-01  -1.6012950e-02   9.5520335e-02  -5.9034841e-02   3.7555845e-02   5.1505221e-01   3.4034914e-01   5.4866877e-01   2.5177889e-01   2.5336931e-01  -8.6586295e-02  -5.8204972e-02   5.3522129e-02  -1.0251505e-01  -8.9779761e-02   2.2706648e-02   2.2452810e-01  -2.1841212e-01  -3.8601501e-01   4.4773046e-01  -3.3001721e-01   2.4822340e-01   6.7893025e-02   3.2423197e-01   3.0035633e-03  -1.3936173e-01  -3.3987584e-01   1.4782619e-02   1.8134191e-01  -2.1692632e-01   1.5594136e-01   1.2015139e-01   1.0029478e-01   1.5712715e-02  -1.7105660e-01   1.6450492e-01  -1.2642678e-02  -9.2005952e-02   5.2650838e-01  -2.2104871e-02   1.2994824e-01  -5.2280094e-02   6.7044181e-01   2.4469240e-01  -2.4103234e-01   4.6040385e-01   1.1403575e-01   2.7408519e-01  -1.5458818e-01   4.1032955e-01   5.4430317e-01   7.2190398e-02  -2.6262511e-01  -1.2255100e-01   1.2670436e-01   3.9587622e-01   6.5606078e-01   4.1389042e-02   7.1502059e-02  -3.2103291e-01  -3.4266578e-01  -3.3662864e-01   1.2588332e-01  -2.5449439e-01   4.8623559e-01  -2.3804149e-01   3.6010618e-01  -3.5018905e-01   2.9673536e-01  -2.7083407e-02  -3.3022536e-01  -7.7997762e-02   5.6901401e-01   1.9882394e-01  -5.9319700e-02  -5.0086115e-01  -1.0395866e-01   1.6238490e-02   1.2022837e-02   1.7861184e-02   5.0510852e-02  -2.0474448e-01
