   0.0000000e+00  -7.1717806e-02   1.7239802e-01  -2.9164902e-02  -1.6191791e-01  -3.3912367e-02   1.0987288e-01   1.4456735e-01  -8.5221680e-02  -2.3679197e-02   2.8356223e-03   6.6819904e-02   1.7204204e-02   1.4420052e-03   1.2145026e-01  -1.1933934e-01   1.1098446e-01   2.3320033e-02   1.7351855e-01  -1.9698411e-01  -2.0378217e-01  -9.0863900e-03  -1.4485607e-02   4.5965503e-01  -6.1197334e-02   2.0907382e-01  -7.8988480e-02   3.1104858e-01  -2.9736025e-01  -2.2613809e-03  -1.1643876e-01  -8.2753190e-02  -2.6035373e-01   5.6828963e-02   9.2472768e-02   1.3080717e-03  -8.3411164e-02   3.2314617e-01  -2.0505398e-01  -1.2952901e-01  -1.1302059e-02  -1.8918511e-01  -6.4650771e-02   9.3086410e-02  -7.5509572e-02   3.4523117e-01  -8.2806741e-03  -1.3080827e-01  -5.8806802e-02  -2.0480021e-01  -1.7176431e-02   1.5077897e-01  -1.1062469e-01  -3.6079879e-02  -3.2530238e-02   1.0934246e-01   1.7230724e-01  -6.6055888e-02  -8.5093197e-02   1.6832604e-01  -8.8597282e-03  -1.2377364e-01  -9.3849491e-02  -3.6730050e-02  -2.2784745e-02   6.1395199e-02   5.5684158e-02  -3.9918203e-02   2.1115642e-01   5.1385824e-01  -7.5431763e-02  -1.5568204e-01  -3.3709676e-01   5.2574884e-01  -3.5361857e-01   1.3867995e-01   8.7997926e-02   3.0134285e-01  -1.4570059e-01  -1.8876843e-01   2.2562884e-01  -2.3475187e-01  -5.8880427e-02   2.7012014e-01   4.2956242e-01  -6.6906751e-02  -5.6261676e-02   2.3920660e-01  -2.2441152e-02   7.1337842e-01  -1.1512529e-01  -7.4017668e-02  -7.3167301e-02  -2.1318665e-02   1.9650201e-01  -1.7378541e-01   1.3569397e-02   1.4517788e-01  -4.3256184e-03   1.3082687e-01  -1.8099290e-01   1.5602467e-01   1.0897989e-01   8.3672500e-02  -8.1275832e-02  -1.6180824e-02  -1.4210898e-02   1.5553856e-01  -2.2149516e-01  -4.7727596e-02  -9.6159836e-02   1.5080292e-01   3.3631299e-02   7.2994945e-01   4.3042858e-01  -8.4378293e-02   3.5863971e-01  -2.4843771e-01   1.0339410e-01  -1.8914052e-01   2.2625917e-01  -5.6995969e-02  -1.7857442e-01  -3.8191597e-02   4.2505480e-01   3.9472610e-02   6.4905343e-02  -1.2414098e-01  -1.1581655e-02   1.9389934e-01  -2.6348838e-01  -8.4502285e-02   5.2309873e-01  -1.1575661e-01  -6.4189072e-02   1.0438399e-01  -4.3846767e-01   1.2429502e-01   8.8729016e-02   5.1563472e-01   5.7688746e-01   1.9715841e-01   1.0885178e-01  -7.6710168e-02   7.3933893e-02  -2.3533720e-02  -7.0317926e-02   2.5287390e-02   7.2950537e-02  -3.9230345e-02   4.6312013e-01   2.5257958e-01   6.4807102e-04   1.6827816e-01  -1.7497976e-01   3.8096128e-01   2.9700120e-01  -8.2300424e-03  -3.9778911e-02  -7.9622651e-03  -3.8564850e-01   1.0382022e-01  -1.6797210e-01  -2.1544401e-02  -1.3829453e-01  -2.0102929e-01  -3.8062194e-02   4.0719553e-01   6.1711522e-02  -2.1858146e-01  -1.4443372e-01   2.4116127e-01   9.1866311e-03  -7.5229038e-02   2.0228784e-02  -1.7519516e-01   2.5940815e-02
  -7.1717806e-02   0.0000000e+00  -3.4438815e-01   6.1436776e-01   2.1593286e-01   1.2840665e-01   1.5641705e-01  -3.0498711e-01   4.0954264e-01  -1.5542686e-01   2.4725087e-01  -9.2650489e-02   2.6759094e-01   1.3252749e-02   4.3839793e-01   9.1121873e-02  -3.5918133e-01   6.4474282e-01  -5.2194929e-01   2.0576032e-01   4.0563384e-01   4.3546732e-01   4.2576016e-01  -2.8712248e-01   4.4732119e-01  -2.6276982e-01   1.5929967e-01   5.5815669e-02  -2.3474437e-01   7.5193025e-01   4.0641833e-01  -2.8550472e-01  -9.3694958e-02   1.4705585e-01   2.4047066e-01   2.1423514e-01   4.0060591e-01  -4.0552256e-01   7.8613712e-02  -1.3000169e-01   6.8163671e-02  -4.4809975e-02   2.9417404e-02   4.7032928e-01  -4.8998670e-02  -3.1134165e-01   3.8972544e-01   4.8025474e-01   3.4736627e-01  -3.3751420e-01   4.0141302e-01  -3.6196871e-01  -2.9868083e-02  -2.5272811e-02   3.4934710e-01   3.0453341e-01  -3.4455840e-01  -4.4413449e-01   2.2261629e-01   3.5783744e-02  -2.2765024e-01   1.0718562e-01   2.0508965e-01   1.2054856e-01   7.4336011e-01   4.3239208e-01   2.3858735e-01   5.1029664e-01   6.1021766e-02  -2.3752488e-01   6.7720700e-02  -2.2507424e-01   4.6970919e-02  -1.5866605e-01   4.3983324e-02   1.4812291e-01  -3.2794273e-01  -2.4372963e-01  -1.5838581e-02   3.3918214e-01  -2.7589994e-02   1.8743138e-01   2.7028535e-01  -3.9741658e-01  -1.8191738e-01  -1.8340986e-01  -2.2165152e-02   2.0948734e-01   2.9820647e-01  -1.3122248e-01   2.3494416e-02  -4.5493060e-01  -1.9407401e-01   2.2918639e-01  -2.7114484e-01   2.1299064e-01   3.3481480e-01  -3.5268942e-01   3.8156640e-01   4.8245547e-01  -2.4479126e-01   3.2372559e-01   4.8187611e-01   4.6158848e-01  -1.4021629e-01   4.9188053e-01  -1.0965447e-01  -2.0451729e-01   8.9721548e-02  -1.9466933e-02   7.6872528e-02   1.4571380e-01   6.7529967e-01  -1.5815444e-01   2.5847507e-03  -2.1831366e-01  -1.0943140e-01   1.7529116e-01   1.1895686e-01   1.2185200e-01  -4.2889449e-01  -1.0172198e-01  -9.6024349e-02   7.2439787e-01  -2.0549937e-01   5.4036234e-01   4.0795131e-01  -1.5714261e-02   4.8583052e-01  -9.1442821e-02   1.5216329e-01   1.9980835e-01   1.3878248e-02   4.2160660e-01  -3.8460132e-01  -1.4502949e-01  -1.0071392e-01   2.0006664e-01  -2.6916857e-01  -1.5836082e-01   8.6607223e-02  -2.5350796e-02  -4.3151943e-01   1.3473411e-01   4.6485426e-01   5.0144865e-01  -1.8263334e-01   3.4037915e-01   2.9944926e-01   2.1047353e-01  -2.9111948e-01   1.2931094e-01  -4.2101492e-01  -1.4364713e-01  -2.0771261e-01  -2.8273797e-01  -1.2599254e-01   4.2703312e-01  -2.5919001e-01   1.3907514e-01  -2.3172847e-01  -1.8669301e-01   6.7393339e-02   6.3515872e-01  -4.6774508e-01  -2.0483004e-01  -1.0869911e-01  -1.0665456e-01  -2.2777930e-02  -2.8901373e-01   9.4212409e-02  -3.4328989e-01   7.4300732e-01   1.2831435e-01  -8.2777485e-02  -1.6851817e-03   5.3086088e-01
   1.7239802e-01  -3.4438815e-01   0.0000000e+00  -4.4256328e-01  -1.7828274e-01   2.0220120e-02  -2.3558964e-02   1.7613723e-01  -1.3023552e-01   8.3011584e-02  -2.8775504e-01   7.2741541e-01  -1.8999780e-01   2.5681537e-02  -6.4754180e-02  -1.6549292e-01   8.5563403e-01  -4.4581890e-01   1.6631617e-01  -2.9215212e-01  -4.3581538e-01  -2.2733321e-01  -1.4870605e-01   6.7540947e-02  -2.5880314e-01   2.6070729e-01  -3.4241408e-02  -1.3856065e-02  -1.9809405e-01  -5.0847464e-01  -2.1422252e-01  -4.1917140e-02  -1.8503862e-01   8.1141309e-02   1.9378827e-02  -8.2456674e-02  -5.7839378e-01   2.4352391e-01  -2.3109667e-01   5.6850874e-01  -1.0834506e-01   2.6111889e-01   2.9928624e-01  -3.9159493e-01  -3.7178489e-01   2.6855259e-01  -2.9174800e-01  -4.4832300e-01   6.4331034e-02   6.9182811e-01  -4.5649353e-01   3.3928349e-01  -1.1835809e-01   3.3659740e-01  -1.8463568e-01  -6.8444093e-02   3.8010631e-01   7.4546186e-02  -1.9326091e-01   2.1697236e-01   6.1487929e-01  -2.4421813e-01   3.8288651e-01   2.7146090e-02  -4.6123049e-01  -3.1966881e-01   3.1308340e-02  -3.2059168e-01  -2.2363901e-01   4.5707270e-01   1.5181589e-01  -2.2667886e-01  -1.5534534e-01   3.5849773e-01  -7.8600875e-02   2.7457309e-02   4.8269649e-01   8.3121122e-02   2.4154644e-02  -2.7845008e-01   1.9801937e-01  -1.1250917e-01   1.2071380e-01   2.0481198e-01   2.3861603e-01   3.8940926e-02  -1.6494969e-02  -1.0171369e-02  -2.7935946e-02   8.7163615e-02   9.6470459e-02   6.6789307e-01   5.0880690e-01  -7.5244028e-02   3.7322440e-01  -6.4179265e-02   2.2036261e-02   2.1240909e-01  -1.6288298e-01  -4.5360089e-01   5.2210552e-01  -4.6292130e-02  -3.9988220e-01  -5.2160702e-02  -2.7181059e-01  -3.6490868e-01   4.9250060e-01   1.2408720e-01  -2.1675286e-01   1.0747744e-01   3.4661373e-01  -1.9319952e-01  -4.5123057e-01   1.4335870e-02   2.3880238e-01   2.7256965e-01   1.6764650e-01  -8.1524109e-02   3.3497979e-03  -3.3096197e-01   3.1800205e-01   2.7366551e-01   2.8919063e-03  -3.0063130e-01   2.8927307e-01  -3.3909815e-02  -4.1696708e-01   5.1083018e-02  -3.5693943e-01   4.1889303e-01  -3.7172216e-01  -3.2774828e-01  -6.8825659e-02  -2.2934826e-01   1.0584760e-01   1.2478901e-01   4.5211330e-02  -1.2166543e-01   2.3710155e-01   1.5743615e-01   9.4196889e-02   6.9470576e-02   1.0155598e-02   2.9057275e-01  -3.6285361e-01  -4.1895020e-01   5.6544117e-01  -1.7236278e-01  -1.0268348e-01  -3.2324836e-01   3.5888750e-01  -1.5714811e-01   5.7325124e-01   1.9907431e-01   6.0023627e-01  -8.1253885e-02   3.5038012e-01  -9.2639058e-02   4.9982893e-01  -1.8741498e-01  -1.9095772e-01  -2.0725393e-01  -5.1939546e-02  -5.0715118e-01   1.3983953e-01   1.7477445e-01   2.8572703e-01   2.2563287e-01   2.7899350e-01   3.6507326e-01   1.0758857e-01  -9.9329975e-02  -4.3055836e-01   2.2104159e-01  -1.8645069e-02  -1.7079653e-01  -3.1088153e-01
  -2.9164902e-02   6.1436776e-01  -4.4256328e-01   0.0000000e+00   3.5472368e-01  -1.5711001e-02  -2.0348796e-01   3.2507117e-02   4.5006893e-02  -2.5091155e-01   3.5175922e-01  -3.0826585e-01   3.7761756e-01  -7.9386034e-02   1.2315207e-01   1.6716012e-01  -4.1889197e-01   7.3085466e-01  -3.3806143e-01   3.3013724e-01   1.7401471e-01   1.9663376e-01   1.6427008e-01  -2.6751159e-01   7.4454620e-01  -2.2157552e-01  -3.2619119e-02  -1.0462010e-01  -3.2171997e-03   4.3122568e-01   3.0991581e-01  -3.2155332e-01   1.7863392e-01  -1.5829803e-02  -6.7306790e-03   1.5310747e-01   3.7278347e-01  -1.8609995e-01   1.1745277e-01  -3.5009424e-01   2.3135590e-01  -1.6512512e-01  -2.8708644e-01   4.0673406e-01   6.8359985e-02  -2.4615797e-01   3.6192289e-01   1.1185433e-01   2.8406420e-01  -4.7938481e-01   3.5612937e-01  -2.7851009e-01   7.5694834e-02  -3.6045411e-02   1.3187391e-01   1.4007699e-01  -2.6388753e-01  -4.9055720e-01   5.1347208e-01  -5.9308509e-02  -2.6105306e-01   2.4679142e-03  -3.0751022e-01   1.1035493e-01   6.2827041e-01   1.6037095e-01   3.4279383e-02   6.1864323e-01   1.2709995e-01  -3.1646430e-01   7.1030750e-02  -2.0930107e-01   1.7923035e-02  -5.3509784e-02   1.6250845e-01   1.0534717e-01  -3.0626174e-01  -2.0666339e-01   7.6707142e-02   6.5809200e-01  -1.1173666e-01   2.6779210e-02  -3.3092461e-02  -1.2559107e-01  -2.2872879e-01  -1.0933637e-01   7.5202927e-02   5.1658967e-02   1.8016661e-01  -6.4410530e-02   2.5052806e-01  -4.4580442e-01  -3.7888180e-01   1.7248663e-01  -2.3407543e-01   1.4396639e-01  -8.9356733e-02  -2.1155842e-01   7.6992033e-01   4.0138557e-01  -3.7712161e-01   2.0493282e-01   3.0417854e-01   2.8104374e-01  -3.2756395e-01   8.9732042e-01  -2.4900319e-01  -5.2529164e-02   1.0382098e-01  -1.5665834e-01  -1.4710195e-01  -3.3778191e-03   8.9312006e-01   5.8745946e-02  -1.8004748e-01  -1.7420637e-01  -6.2382141e-02   1.9248347e-01  -9.8114370e-02   4.0921084e-02  -2.5165189e-01   9.0882716e-03  -1.6066813e-01   4.3184345e-01  -1.3005623e-01   1.8050805e-01   2.1395858e-01   1.9224789e-01   5.1498390e-01  -3.3617345e-01   2.2515944e-01   1.6084858e-01   1.0444413e-01   1.9448543e-01  -5.7821759e-01   6.1794777e-02  -1.7465019e-02   1.1922961e-01  -2.7436328e-01  -1.8587599e-02   5.7819871e-02   1.4276511e-01  -1.8267851e-01  -1.8814280e-01   2.7964683e-01   3.9296477e-01  -3.7788844e-01   2.2390643e-01   6.6739311e-02   2.0056030e-01  -1.9790089e-01   1.9027089e-01  -4.4895691e-01  -8.7155864e-02  -3.4279603e-01  -1.8524236e-01  -7.0665052e-02   3.5766522e-01  -1.3009123e-01  -7.7633567e-03  -2.1037126e-01   8.4668977e-02   2.6063152e-02   9.1331102e-01  -5.1004626e-01  -8.1108674e-02  -1.5285816e-01  -3.2198193e-02   9.7093802e-02  -3.3233423e-01   9.9403474e-02  -2.4705676e-01   8.6164608e-01  -8.5412002e-02  -2.6161718e-01   2.6982097e-01   8.8988132e-01
  -1.6191791e-01   2.1593286e-01  -1.7828274e-01   3.5472368e-01   0.0000000e+00  -2.5430356e-01  -1.8548005e-01  -2.3424475e-01  -2.3338501e-01  -2.3784465e-01   2.1477585e-01  -5.7596655e-02   2.9746441e-01   4.3436237e-02  -2.2184877e-01   2.0650145e-01  -3.8772339e-03   3.0142319e-01  -4.5584229e-01   8.8909158e-01  -5.4004841e-02  -2.1917067e-01  -3.7590339e-01  -3.2231473e-01   2.2956546e-01  -3.8140262e-01   2.6136344e-01  -2.0761889e-01  -4.0961264e-02   7.7383160e-02  -9.3611716e-02  -5.7048545e-01   5.4929730e-01  -2.3150310e-01  -2.7037078e-02   4.5241555e-01   3.7588720e-01  -2.1841275e-01   3.1210730e-01   1.8998461e-01   4.4092657e-01   6.0791880e-02  -1.2591383e-01   5.9777148e-02   6.9233151e-02  -4.9050002e-01   2.8581291e-01   9.6684595e-02   5.2044266e-01   8.6515284e-02   2.7762102e-02  -3.7332509e-01   3.3376781e-01   8.7452935e-02   4.8024675e-02  -2.6556769e-01  -2.9260800e-01  -5.7714272e-01   3.2010917e-01  -4.3937571e-01  -2.1810875e-01   2.6400685e-01  -2.5617820e-01  -1.0713632e-01   3.5610297e-01   6.1284968e-02   5.5550876e-02   3.6462374e-02  -4.2208444e-01  -5.7300858e-01   4.1856858e-01  -2.4388778e-01   3.7890164e-01  -2.7902100e-01   7.7193360e-05  -3.1710048e-01  -3.5351030e-01  -1.9136176e-01   7.2653319e-01   6.5157891e-01  -2.9853569e-01   1.7288021e-01   1.2533761e-01  -2.8339994e-01  -2.2076633e-01  -3.4817568e-01   2.6395404e-01  -2.6993287e-01   8.1291242e-02  -3.0670546e-01   7.3461459e-01  -3.3747594e-01   9.5245616e-02  -1.6335780e-01  -3.8865446e-01   8.2448080e-01  -3.3734193e-01  -3.6918508e-01   4.7916838e-01  -1.0299918e-01   2.4999911e-01  -3.4352336e-01   3.8292929e-02  -1.6193159e-01  -4.6963986e-01   2.9101839e-01   9.7837387e-02  -3.1728018e-01   3.9611336e-01   3.2210909e-01  -7.9136889e-02  -4.0906228e-01   2.2546245e-01  -1.1418810e-01  -3.7037135e-01   4.0376097e-01  -3.6132322e-01   2.1194362e-01  -1.1888424e-01  -2.0777854e-01  -2.9525390e-01   5.7748488e-01  -5.0856933e-02   9.5363700e-02  -4.7221054e-01  -1.4918413e-01  -1.8286334e-01   3.7478993e-01  -7.9682636e-02  -2.6639326e-01   5.1109306e-01   5.1427387e-01  -1.2256895e-01  -1.1121651e-01  -5.4107330e-01  -3.0959459e-01   1.7579687e-01  -4.9450920e-02  -5.3571110e-01  -1.0708151e-01  -1.3072862e-01   1.5495266e-01  -5.1408591e-01  -8.1225862e-02  -2.2359418e-01  -1.1759489e-02  -9.7724540e-03   4.1939283e-01   2.6349302e-02   1.0655583e-01  -2.9584940e-01  -1.8110818e-01  -4.4070674e-01   1.8230724e-01   1.8345025e-01  -1.7196054e-01  -3.5539807e-01  -2.4831890e-02   7.9902019e-02  -2.8172055e-01  -2.0070316e-01  -7.0477436e-02   5.0798759e-01   2.1271705e-01  -5.2234061e-01   2.9280574e-01   1.8510995e-01  -2.3791055e-02   1.2764477e-01   3.1729022e-01   4.2856724e-01  -3.2389271e-02   2.9054952e-01  -8.5605311e-02  -4.9832651e-01   5.8304526e-01   2.7741905e-01
  -3.3912367e-02   1.2840665e-01   2.0220120e-02  -1.5711001e-02  -2.5430356e-01   0.0000000e+00   1.9518216e-02  -2.0199958e-01   1.6368236e-01  -4.3240969e-03   1.9999974e-01  -1.3930704e-01  -1.2253566e-01  -1.7546235e-01   3.2210537e-01   3.7364341e-01   9.9290228e-02   2.2249607e-01  -4.4374816e-02  -1.4163065e-01  -1.2081032e-01   1.1061586e-01   5.9962554e-02  -1.3227912e-01  -9.2793599e-02  -1.0196904e-01   3.2114675e-01   2.4084995e-01   1.6154148e-01   2.5287190e-01  -4.1318249e-02   2.7327189e-01   7.0725245e-02  -4.0453651e-02  -4.1696525e-01   3.1097997e-01  -2.1446322e-02  -1.2747928e-01   2.9539822e-01   2.6382643e-01   1.1479834e-01   3.1887910e-01  -1.3524070e-01   3.1149896e-01   2.6265493e-01  -2.5801612e-02   4.5137091e-01   1.5272841e-01   5.0955817e-02  -5.1633689e-02   3.8923684e-01  -2.2681332e-01  -5.4973104e-01   3.9007285e-01   5.6122566e-02   3.8576964e-01  -1.3323743e-01   2.1399068e-01   1.1929909e-01   7.5017149e-02   5.3628939e-02  -5.2376688e-02   3.7635663e-02  -3.1629866e-01  -6.6453276e-02   3.8028958e-01   5.5618002e-01   5.0558779e-02   1.7018539e-01   1.8290679e-01  -5.4747212e-01   3.6273048e-01   2.3838275e-02  -6.5842055e-02   2.1004748e-01  -3.1631208e-02  -1.2879250e-02  -2.5813769e-01  -1.3607411e-01  -1.5330958e-01  -1.5141618e-02   8.4683993e-02  -4.8537397e-02  -2.3681821e-01   2.1152692e-01  -7.4243136e-02  -5.9539433e-01   1.3356835e-01  -6.8916286e-02  -1.8150194e-02  -4.0795149e-01   1.0511149e-01   4.0273757e-02   3.1701920e-02  -5.8980183e-02  -2.0504683e-01   1.8716117e-01  -2.4485320e-01  -4.6072920e-02   1.3928436e-02  -1.8113258e-01   5.5589490e-02   2.3513449e-01   5.6638072e-02   3.5003333e-01  -1.0611521e-01   2.5459706e-01   1.6357158e-02  -2.5363830e-01   5.8223148e-02   3.2161473e-02   3.5171653e-01   2.1480807e-02   3.3605592e-02   2.4436993e-01  -2.7434700e-01  -1.2911448e-01   3.3530432e-02   4.4997087e-01   4.6802055e-01  -2.1080052e-01  -2.1675235e-01   3.1884679e-01   9.6301259e-02  -1.0056608e-01   1.3288497e-01   2.6415318e-01   2.4265611e-02   1.1770523e-02   4.7995364e-01   1.3473484e-01   7.4596063e-02   1.1766098e-01  -2.6670465e-01   2.6818593e-01  -1.8796248e-01   1.5949518e-01  -7.7599024e-02  -1.0873885e-01   1.0030685e-01  -1.8567817e-01  -1.4966185e-01   4.1337194e-02   6.2936709e-01   2.9241594e-01   1.8086942e-01  -1.2153134e-01   1.2756658e-01   2.9472306e-01  -3.6075756e-01  -5.4014793e-02  -1.1210652e-01   1.7344353e-01  -1.6790476e-01   1.3046093e-01  -1.7186099e-01  -4.8180866e-02   1.4745068e-01   3.3454342e-02   3.0941674e-01   2.5638756e-01  -1.7468571e-01  -3.4736956e-01   3.5645752e-02   1.4541547e-01  -3.5405181e-01  -6.5818648e-02  -2.7149938e-02   5.7470977e-02  -1.3248396e-01  -3.8044610e-01  -1.8176361e-01   3.4116752e-02   5.8640390e-01   9.3756411e-02   2.8818746e-02  -1.1733994e-01
   1.0987288e-01   1.5641705e-01  -2.3558964e-02  -2.0348796e-01  -1.8548005e-01   1.9518216e-02   0.0000000e+00  -3.8049253e-01   1.0756925e-01   5.4301298e-01   6.1682449e-02   2.2929261e-01  -4.2536443e-02   1.8298302e-01   5.2900587e-01   1.7281848e-01  -1.2751985e-01   1.1015022e-01  -1.7859244e-01  -8.6877173e-02   2.4514855e-01  -7.3837258e-02   5.3375644e-01  -1.6100152e-01  -1.8119159e-01  -2.2782756e-01   2.2371876e-01   2.2424154e-01  -3.1919030e-02   2.5835466e-01  -9.6019237e-03   2.1639291e-02  -3.1502706e-01   6.3428064e-01   2.0209249e-01   1.8220965e-01  -2.2665112e-02  -3.6865179e-01   1.5654489e-01   7.7411351e-02  -2.0057077e-02   1.7794749e-01   1.9318549e-01   4.6016564e-02   1.3876696e-01  -1.2702951e-01   1.5915377e-01   5.3533635e-01  -9.7704473e-02  -6.4975723e-02   2.2398934e-01  -2.9098362e-01   8.7014710e-02  -5.7169923e-02   8.6891927e-02   2.0209811e-01  -2.5763237e-01  -8.9274345e-02  -4.5691985e-02  -1.0888730e-01  -2.0702220e-01   7.0186067e-02   1.5318804e-01  -8.6784019e-02   2.5887797e-01   5.3427475e-01   2.3640989e-01   1.0301138e-01  -1.6938375e-01   1.2765749e-01   1.3282864e-01   5.1098048e-02   7.5751755e-02  -1.8854813e-01  -2.6166588e-01  -5.2096653e-02  -1.7932257e-01  -2.4392666e-02  -9.6181701e-02  -3.1271902e-01   4.1890472e-01   3.2426824e-01   4.1167106e-01  -3.6039295e-01  -1.2611189e-01  -3.2234729e-01  -6.4812422e-03  -2.1101214e-02   7.9502408e-02  -1.2142615e-01  -2.2487553e-01  -2.7521925e-01   4.0369761e-01  -2.4082471e-01  -1.1436485e-01  -4.2337287e-03   4.0993737e-01  -3.1969412e-01  -2.8163847e-01   4.7780977e-01   4.8342434e-02   1.4516077e-01   2.1429608e-01  -1.1337873e-01   1.6707895e-01  -2.6825077e-01  -9.2757205e-02  -3.7895029e-01   4.4386310e-02   2.5226304e-01   5.1780528e-01   6.4440704e-02  -5.6120993e-02  -1.5225238e-01   3.7413337e-01  -1.3106354e-01   8.8449979e-02   2.1317274e-01   2.0667283e-01   7.2401403e-02  -3.4120320e-01  -1.1159745e-01  -1.7028735e-02   2.2640481e-01  -4.3992106e-02   5.3936024e-01   3.9599272e-01  -1.5380562e-01  -9.9410026e-02   1.1919749e-01   9.7332800e-03   2.9182365e-01  -2.0585442e-01   2.1508071e-01   8.7472128e-02  -3.5897512e-01   3.0722581e-02   4.1320543e-01  -1.0919579e-01  -2.3392776e-01   8.3791092e-03  -2.7992043e-01  -2.9191019e-01   2.5454364e-01   5.0085491e-01   7.5560887e-02   4.5841377e-01   2.6727179e-01   5.6180561e-01   1.9583395e-01  -1.3386337e-01  -3.2770738e-02  -2.3342038e-01   6.5921222e-02   1.5307887e-01  -2.1042741e-01  -1.9796874e-01   3.7080037e-01  -3.7880807e-01   2.1378080e-01  -4.3241041e-02  -3.7559942e-01   2.0034564e-01  -8.4736670e-02  -1.5366476e-01   6.1320733e-03   3.3183481e-01  -1.7837955e-01  -3.3830680e-01  -2.5909380e-02   2.0511885e-01  -2.2989831e-01   1.0219271e-02   2.5519040e-01   5.1547153e-02  -2.3451629e-01  -2.5191619e-01
   1.4456735e-01  -3.0498711e-01   1.7613723e-01   3.2507117e-02  -2.3424475e-01  -2.0199958e-01  -3.8049253e-01   0.0000000e+00  -4.0316071e-02  -3.3920571e-01  -2.7856825e-01  -3.5614037e-02  -7.1937027e-02  -1.0057602e-01  -2.2152624e-01  -4.7662744e-01   1.3745157e-01  -3.4044064e-01   5.7178467e-01  -2.9409086e-01  -1.6324855e-01   1.9942658e-01  -1.6809563e-01   4.3755416e-01   2.4597494e-01   7.3630862e-01  -5.1913730e-01  -3.9914834e-02  -8.7383222e-02  -3.6085484e-01   2.4908610e-01   5.3161813e-02   8.9965746e-03  -3.1142097e-01  -7.6394515e-03  -6.1065095e-01  -2.3850394e-01   6.3158729e-01  -5.4384301e-01  -3.7036315e-01  -2.9166809e-01  -3.3526380e-01  -1.8945077e-01  -3.5853570e-03  -3.1587405e-01   6.1179783e-01  -5.5906599e-01  -5.1069227e-01  -1.5870346e-01  -1.5853195e-01  -5.0342686e-01   8.2214424e-01  -4.1823914e-02  -3.3718008e-01  -7.0108829e-02  -1.0821268e-01   6.7715784e-01   2.1173239e-01  -1.8780113e-01   4.9529127e-01   4.0331526e-01  -1.3249204e-01   7.1901383e-03   3.6700596e-01  -3.6147117e-01  -5.8317672e-01  -3.6402679e-01  -2.0001170e-01   4.2462511e-01   4.0703627e-01  -9.3208838e-02  -2.8934895e-01  -2.9367827e-01   5.8370379e-01   5.9564592e-02   4.8427471e-01   4.0874067e-01   4.7693843e-01  -2.2001677e-01   3.1959369e-02   1.5468844e-01  -4.9237517e-01  -2.5239441e-01   8.5798649e-01   3.7167249e-01   6.0643954e-01   1.7851405e-01   2.0670703e-01  -4.0834849e-02   4.8342707e-01   9.8181873e-02   3.3400117e-01  -2.9181606e-01   3.3819986e-01   4.4421080e-01  -4.2848866e-01  -2.3285606e-01   8.2042188e-01   1.0323374e-01  -1.1752513e-01  -2.1243327e-01   1.2181524e-01  -7.2134467e-02   2.4796418e-01  -2.2589079e-01   2.0617410e-01  -5.1626782e-02   7.9071745e-01  -2.8989939e-01  -4.5204622e-01  -2.6925449e-01   1.4091898e-01  -2.9632903e-02   3.4766842e-01   1.4952487e-01  -4.1389726e-02   4.3158784e-01  -2.8337506e-01  -4.3166667e-01  -2.9376019e-01   5.3389093e-01  -1.5542548e-01  -3.1974254e-01  -1.8335217e-01   5.7034766e-01  -3.1637490e-01  -3.8300022e-01  -1.8270244e-01   1.6647324e-01  -1.5424544e-01  -5.4224940e-01  -4.4484794e-01   4.5384704e-01   4.8899096e-02  -5.5530903e-02   7.5197672e-01  -3.2976438e-01  -1.9456245e-01   7.1285115e-01   4.5652367e-01   1.8943720e-01   2.6289732e-01   6.7175099e-01  -4.5945297e-01  -2.8012160e-01  -1.2187692e-01  -2.5744028e-01  -5.6758304e-01  -5.3970736e-01   1.0635041e-01   5.6761356e-01   4.6435981e-01   3.0866806e-01  -3.9515799e-02  -3.8617823e-01   4.4553855e-01   5.4694205e-01  -3.9045080e-01   3.0934385e-01   1.7319092e-01  -6.8338593e-02   6.5578152e-01  -2.7892231e-01  -9.4259665e-02   2.9954651e-01   3.3146504e-02  -1.8496835e-01   2.6673788e-01   3.2203418e-01  -1.5949432e-01  -2.6069036e-01   4.7677399e-02  -2.4933513e-01  -4.7301111e-01   1.7113632e-01  -3.0248655e-01   2.1305237e-01
  -8.5221680e-02   4.0954264e-01  -1.3023552e-01   4.5006893e-02  -2.3338501e-01   1.6368236e-01   1.0756925e-01  -4.0316071e-02   0.0000000e+00  -2.5455700e-01  -2.5352530e-02  -8.1314608e-02  -9.6088283e-02  -1.6338982e-01   2.8997310e-01  -2.5107686e-01  -1.4589475e-01   3.8398208e-02  -1.3192223e-01  -1.0876824e-01   2.6204969e-01   6.6286022e-01   3.3692711e-01   1.0491004e-01   1.6008265e-01   1.2483402e-01  -2.4678714e-01   2.4152477e-03  -3.4860657e-02   2.7149433e-01   1.4010558e-01  -1.1436506e-02  -1.1722088e-01  -2.2633913e-02   2.6146669e-01  -3.2792002e-01   8.8468051e-02   1.1625819e-01  -3.0892418e-01  -2.7043740e-01  -3.8603544e-01  -7.4937984e-02   2.8766614e-01   2.5138862e-01  -8.2621632e-02   1.9096517e-01  -9.4701748e-02   1.1457102e-01  -5.6712155e-02  -1.7974683e-01  -3.9102762e-02   2.8163270e-02  -5.1865551e-01  -2.6041977e-01   4.0945835e-01   7.7085915e-02  -5.6700188e-02   2.3818808e-01  -1.8825693e-01   4.5368178e-01   1.9181633e-01   1.5232935e-01   6.5550208e-01   3.2532194e-01   2.4270375e-02   6.9747860e-02  -1.7799909e-02   1.7334473e-01   1.3121023e-01   2.0725400e-01  -3.9278302e-01  -6.9232265e-02  -2.7969160e-01  -4.7094459e-02   1.1154171e-02   1.5667840e-01   1.3774607e-01  -9.1853986e-02  -3.7486548e-01  -4.0319341e-02   1.5131769e-01  -3.0887888e-01   9.5640872e-02  -5.5438398e-02   6.8254646e-02   2.3650139e-01  -2.3448620e-01   2.7884099e-01   3.8039488e-01   2.1849121e-02  -2.6770929e-01   5.0902140e-02  -3.4888175e-01   6.9633671e-01   2.0283972e-01  -1.9780045e-01   3.4742457e-01   1.2647348e-01  -1.2047114e-01   1.4355133e-01  -4.1553394e-01   3.7586835e-01   1.7804112e-01   6.4553552e-01   1.2451612e-01   1.0646615e-01  -6.7226304e-02   1.6557007e-01   1.7231344e-02  -3.0494002e-01  -8.5398932e-02   4.4123300e-01   2.0293929e-01  -3.5108224e-02   9.6849458e-02  -5.2962192e-01   6.0788530e-03  -2.5506517e-01  -8.8776470e-02   2.1841195e-01   5.5424280e-02  -4.3433446e-01   1.5729995e-01   2.9545347e-01   1.6480468e-01   1.8225483e-01   3.2274001e-01  -3.2922783e-01   6.3032920e-01  -4.5367367e-02  -3.0780529e-01  -3.7023952e-01   1.4161443e-04   4.4530517e-01   1.6952177e-01   4.1729809e-03  -2.1438020e-01  -7.5923709e-02   1.8943200e-01   1.8805613e-02   4.2689455e-02  -1.1829541e-01   1.0128654e-02   1.0342884e-01   2.9168110e-01   2.3888427e-01  -2.2984300e-01  -1.5484675e-01  -4.9210013e-02  -1.6125179e-01   1.0868792e-01   2.5228722e-01  -1.2193450e-02  -3.2235270e-01  -3.4786800e-01   1.8537284e-01   2.1576027e-01  -3.9015398e-02   4.9055967e-02   3.2555463e-01   1.0658020e-01   1.1772168e-01  -3.5683421e-01   1.0247649e-01   1.7119913e-01  -3.5039545e-01  -2.4155971e-01  -3.6454535e-03   1.1599118e-01  -4.2908724e-01  -2.2383628e-01  -6.5533903e-03   1.2190075e-01  -1.5472511e-01   3.2326396e-01  -2.4981274e-01   1.5078549e-01
  -2.3679197e-02  -1.5542686e-01   8.3011584e-02  -2.5091155e-01  -2.3784465e-01  -4.3240969e-03   5.4301298e-01  -3.3920571e-01  -2.5455700e-01   0.0000000e+00  -9.1802769e-02   9.2098788e-02  -6.8059330e-02  -1.6290141e-02   2.0809982e-01   3.1180665e-01   1.9114280e-02  -6.7476614e-02   8.9427638e-02  -2.1045645e-01   3.9619183e-02  -1.9833412e-01   3.3935339e-01  -2.0967647e-01  -3.2412641e-01  -2.3616145e-01   1.8688123e-01   8.1019565e-02   1.6632626e-01  -1.8553206e-02  -9.6357755e-02   2.1756351e-01  -3.5541434e-01   4.8915584e-01  -1.9482710e-01   2.1505598e-01  -3.3742376e-01  -2.6401212e-01   3.1199361e-01   1.5786394e-01  -1.6549733e-02   8.6499863e-02  -8.1618482e-02  -2.6504922e-01   2.0608688e-01  -1.8580972e-01   4.1182922e-03   1.4186095e-01  -1.6285367e-01   1.6728435e-01   2.1649294e-01  -1.8220709e-01   3.2831305e-01   1.0363723e-01  -1.7647312e-01   2.1232497e-01  -1.3497389e-01   5.0057032e-02  -8.0408071e-02  -3.5274787e-01  -2.3725848e-01  -5.8776729e-02  -1.5967046e-01  -1.9961436e-01   5.8955053e-03   2.4508256e-01   2.1491099e-02   4.1820392e-02  -1.4411528e-01  -1.0432570e-02   2.8381715e-01   2.5784570e-01   1.2827350e-01  -1.9991225e-01  -1.4216020e-01  -3.7121868e-02  -1.9331702e-01  -1.4008956e-01   6.2135659e-02  -4.5117968e-01   2.2900692e-01   3.6922699e-01   3.6069906e-02  -3.0681645e-01  -2.4706127e-01  -2.3163033e-01   8.5566056e-02  -2.6572359e-01  -7.1448987e-02  -1.2737303e-01  -3.0375149e-01  -1.4046586e-01   3.9374938e-01  -5.2332804e-01  -1.0657860e-01  -1.1314045e-01   9.1586413e-02  -2.8110425e-01  -2.9874288e-01   1.9899596e-01   2.6633637e-01  -1.6652461e-01  -1.1636470e-01  -3.8689213e-01   2.0914104e-01  -2.8239260e-01  -1.8639612e-01  -4.3914740e-01  -5.7486960e-03   2.4917078e-01   3.2507590e-01  -1.5466243e-01  -2.1636862e-01  -2.3202906e-01   1.0789359e-01   1.5722321e-01   1.1539586e-01   2.5410940e-01   2.8250092e-01   1.2436707e-01  -2.8043800e-01   7.5561596e-03   3.8912918e-02  -1.2919631e-01  -9.0839455e-02   1.7294856e-01   1.0029242e-01   2.6172789e-02  -2.5475700e-01   1.4641786e-01   1.1010007e-01   2.0105576e-01  -1.6285958e-01   3.0090083e-02   1.5901596e-01  -1.6631566e-01   3.0031388e-01   2.6913545e-01  -1.4994126e-01  -3.1974545e-01  -2.2004826e-01  -3.7116470e-01  -2.0204721e-01   1.3514973e-01   1.8741363e-01  -1.4797100e-01   4.3177493e-01  -5.6177029e-04   4.6365270e-01   1.9436559e-01  -1.7146562e-01  -2.7789538e-01  -1.8153075e-02   2.1487420e-01   3.7446962e-01  -3.1153505e-01  -3.4416770e-01   2.0720209e-01  -3.8797006e-01  -3.4105177e-03   1.4395709e-01  -4.5355918e-01   1.9071339e-01  -1.4673365e-01   2.2945281e-02   1.8039020e-01   1.0772197e-01  -3.1072888e-01  -4.9192705e-01   9.9898784e-02   1.2169671e-01  -1.7683094e-01  -1.3492038e-01   2.8082246e-01  -6.4457837e-02  -1.1863823e-01  -3.0248394e-01
   2.8356223e-03   2.4725087e-01  -2.8775504e-01   3.5175922e-01   2.1477585e-01   1.9999974e-01   6.1682449e-02  -2.7856825e-01  -2.5352530e-02  -9.1802769e-02   0.0000000e+00  -2.0238389e-01   4.7866914e-02  -2.2371922e-01   1.4810610e-02   5.8710957e-01  -3.3184957e-01   4.6643841e-01  -4.3245347e-01   3.4175806e-01  -9.7534875e-02  -1.0220774e-01   5.9629252e-03  -3.3245773e-01   1.0529100e-01  -4.4059759e-01   3.8711419e-01  -1.5792811e-01   1.0883609e-01   3.1690390e-01  -1.0922535e-01  -1.0951423e-01   4.2625814e-01   5.5897683e-02  -1.4837340e-01   5.4351781e-01   1.5003808e-01  -3.1044172e-01   5.3908994e-01   3.8660211e-02   4.0699432e-01   2.1638878e-01  -7.1918357e-02   3.4375171e-01   4.0711947e-01  -4.4467385e-01   7.5971718e-01   1.9282712e-01  -1.4259520e-02  -3.3025359e-01   4.7386463e-01  -4.3744627e-01  -2.1070474e-02   2.8893275e-01  -2.6588028e-01  -1.8665569e-02  -5.8883993e-01  -1.6307535e-01   4.7322351e-01  -2.6210092e-01  -3.9179711e-01   4.9899157e-02  -3.5607432e-01  -7.6986455e-02   4.0757737e-01   3.5161885e-01   2.3964122e-01   1.8329743e-01   8.8605393e-02  -1.9195060e-01  -2.0894123e-01   1.7069873e-01   3.0259814e-01  -2.9009416e-01   1.3468466e-01  -1.5613231e-01  -3.9866429e-01  -4.9010298e-01   1.6319554e-01   2.5635504e-01  -2.9595268e-01   2.6838376e-01  -6.4750253e-02  -3.2846355e-01  -2.7084915e-01  -1.9466565e-01  -2.9856670e-01  -2.8510279e-01   3.0482201e-02  -2.0259563e-01  -3.6152202e-02  -3.4912895e-01  -1.9352510e-01   8.6461198e-02  -3.9123394e-01   1.0749212e-01  -1.0011045e-01  -4.2779412e-01   2.4858603e-01   1.1336544e-01  -2.8004328e-01   8.1201076e-02   1.4951374e-01  -1.9662464e-02   5.3670448e-02   2.0586924e-01  -1.9040708e-01  -1.7604052e-01  -1.1868188e-01  -2.1778133e-02  -5.1157978e-02   5.4224374e-02   2.4377700e-01  -1.9230892e-02  -2.2495902e-01  -2.1365374e-01  -4.2955351e-01   3.1669795e-01   1.1514635e-01   2.9283860e-01  -2.5759134e-01   3.0765874e-02   2.1708485e-01   2.0358265e-01  -3.4336941e-01  -1.5975021e-02   2.7917882e-01   8.5103306e-02   4.7706669e-02  -7.5073683e-02   5.2740816e-01   4.4879246e-01  -2.4886344e-02  -9.1274778e-02  -1.3987824e-01  -3.0257815e-01   1.6244455e-01  -3.5766985e-02  -3.4178867e-01  -1.1293051e-01  -2.2606965e-01  -1.2300417e-01  -1.2373047e-01   8.2852672e-02   2.2429555e-01   2.6297065e-01  -1.9888463e-01   3.5132951e-01   2.4756044e-01  -1.9510306e-01  -3.7019161e-01  -1.6905374e-02  -3.9361055e-01   2.8038366e-01   5.5566921e-03  -1.8436559e-01  -3.2722006e-01   3.7915020e-01  -1.8783504e-01  -1.4922772e-01   5.3007720e-03   8.1266110e-02  -2.6616939e-02   3.2239297e-01  -2.8010552e-01  -1.6946746e-01   1.2511547e-01  -6.8081430e-02  -1.5163450e-01  -2.5724388e-01  -5.8556760e-02  -4.1129429e-03   3.5429229e-01   1.2110189e-01  -2.7715750e-01   4.0064971e-01   1.8002358e-01
   6.6819904e-02  -9.2650489e-02   7.2741541e-01  -3.0826585e-01  -5.7596655e-02  -1.3930704e-01   2.2929261e-01  -3.5614037e-02  -8.1314608e-02   9.2098788e-02  -2.0238389e-01   0.0000000e+00  -6.2180592e-02   2.4782390e-01   4.3204531e-02  -1.6809623e-01   6.4448618e-01  -2.4265132e-01  -9.7143312e-02  -1.3992534e-01  -2.6671228e-01  -3.1751567e-01   7.9202076e-02  -1.0296638e-01  -8.2315844e-02   1.0846145e-01  -2.2011772e-02  -1.0061570e-01  -2.6127880e-01  -3.5477581e-01  -2.0695167e-01  -1.7848606e-01  -1.2173067e-01   3.0645016e-01   2.4864179e-01  -4.2076510e-02  -4.3192087e-01  -5.6498478e-02  -1.7725507e-01   5.0768940e-01   5.4758050e-02   3.1243573e-01   4.7792514e-01  -3.0954804e-01  -4.8803488e-01   3.4277881e-02  -2.2134909e-01  -1.8356752e-01   5.7250484e-02   6.5317883e-01  -3.3246149e-01   1.3728903e-01   4.1573960e-02   2.5454716e-01  -1.5170729e-01  -4.9619691e-02   1.6958737e-01  -1.8179621e-01   4.6006465e-02   1.9957965e-01   4.5085291e-01  -3.2386091e-01   4.7669233e-01   4.8486492e-02  -2.3365952e-01  -1.5242983e-01   1.0253436e-01  -1.4784700e-01  -4.1153633e-01   1.3770095e-01   4.0377038e-01  -3.8581211e-01   8.4299852e-02   1.6387189e-01  -8.0956184e-02  -9.2249544e-02   2.7407500e-01   9.0631805e-02   1.1940716e-01  -6.1533381e-02   2.0345579e-01   1.2260436e-01   3.7690009e-01   3.9933235e-02   1.0519518e-01  -1.3017171e-01   1.9708499e-01  -5.9459762e-02   1.3459528e-01  -1.4147269e-01   2.4481075e-01   4.1095547e-01   6.3344704e-01  -9.9254022e-02   1.5823875e-01   7.1515039e-02   1.6890263e-01   6.5598121e-03  -1.7807530e-02  -2.3915508e-01   6.1287835e-01   3.9112107e-02  -3.3171838e-01   9.2607037e-03  -4.0886208e-01  -3.2837610e-01   4.5463339e-01  -7.8110807e-02  -1.1978496e-01   2.3004888e-01   5.9904528e-01  -2.3997292e-01  -3.2641759e-01  -1.5109083e-01   1.9714087e-01   3.9290804e-01   1.5067294e-01   1.3451411e-01  -1.7040418e-01  -4.1413378e-01   5.8137155e-02   3.9424129e-01  -6.7729958e-02  -7.5189177e-02   1.0091060e-01   2.2941455e-01  -3.4453188e-01   7.1861916e-02  -4.0748270e-01   1.7715838e-01  -2.4691987e-01  -1.8691461e-01  -3.5498613e-01  -9.0924037e-02  -1.0823413e-01  -7.3286420e-02   9.7776539e-02   1.5280133e-02   5.6786409e-02  -3.8716840e-02   7.2797333e-02  -1.2987915e-02  -2.3196133e-01   2.5015737e-01  -1.7669486e-01  -2.9901079e-01   7.4841962e-01   7.1976196e-02   1.0201895e-01  -1.5268139e-01   2.0039938e-01  -2.5155335e-01   2.9814895e-01   2.2906263e-01   5.9806796e-01  -2.6723331e-01   1.7662063e-01   1.7428640e-01   3.7675866e-01  -2.3630086e-01  -3.4332928e-01  -2.9548244e-01   1.1803574e-01  -3.9709443e-01  -1.1256358e-01   3.5692044e-01   4.7857850e-01   2.0656064e-01   3.0946409e-01   5.0715741e-01   4.2376280e-01  -2.7131071e-01  -2.6962395e-01   2.4554363e-01  -9.1056328e-02  -3.2956436e-02  -2.5466413e-01
   1.7204204e-02   2.6759094e-01  -1.8999780e-01   3.7761756e-01   2.9746441e-01  -1.2253566e-01  -4.2536443e-02  -7.1937027e-02  -9.6088283e-02  -6.8059330e-02   4.7866914e-02  -6.2180592e-02   0.0000000e+00   2.4987665e-01   1.9156471e-01  -1.0498504e-01  -1.6125698e-01   2.8739157e-01  -1.0434370e-01   2.2083809e-01   6.7993444e-02   2.0306031e-02   8.0344751e-02   2.9926934e-03   2.9931672e-01  -8.2336509e-02  -9.6278059e-03   1.2697075e-01  -2.0722549e-01   1.6109583e-01   1.5784698e-01  -2.5215442e-01  -1.3456697e-01   1.6682168e-02   2.0616184e-01   1.0177435e-01   2.2258112e-01  -2.1637326e-01  -1.0006221e-01  -3.8639317e-02   3.5915237e-01  -9.6072391e-02  -1.4603366e-01   2.8274402e-01  -9.5620018e-02  -1.6207576e-01   8.7583961e-02   1.5413426e-01   2.6976537e-01  -2.1313035e-01   1.0840753e-01  -9.3400851e-02   1.1527754e-01  -1.5895423e-01   2.8496802e-01   3.1567083e-01  -9.8770860e-02  -3.9574649e-01  -3.0360391e-03  -7.7829529e-02  -2.2069994e-01   3.2413615e-01  -2.2558297e-01  -1.2282542e-01   2.1884848e-01   2.4763315e-01  -1.0575066e-01   3.8326946e-01  -1.4399627e-01  -1.7146095e-01   1.4249814e-01  -2.3610911e-01  -2.7375529e-02   1.6243341e-01  -2.3897428e-01  -3.0051920e-02  -3.0142266e-01  -6.3434990e-02  -1.8975870e-02   2.1220871e-01   1.3423549e-01  -7.2144308e-02   1.8195426e-01   4.2107431e-03  -7.7796189e-03  -2.6762913e-01   1.3138622e-01   2.3430060e-01  -3.8495060e-02   3.5806653e-03   1.1819657e-01  -3.1289184e-01   1.0600280e-01  -1.1522534e-01  -2.4351655e-01   2.7671850e-01   8.1217132e-02  -1.3952289e-01   4.2635183e-01   2.0926612e-01  -1.1008414e-03   9.4353595e-02   2.2064380e-01   1.2926543e-01  -2.2125118e-01   3.0766059e-01  -3.2950923e-02  -1.2922103e-01   1.6727435e-01   2.7246821e-01   2.2310331e-01  -1.2916655e-01   3.1354657e-01   5.5689394e-03   2.0964689e-01   2.4611090e-02   1.9833379e-01   2.6065070e-01   1.4126997e-01  -2.5629960e-01  -1.8810422e-01  -2.8919639e-02  -3.6969708e-01   1.8139634e-01  -7.1656897e-02   1.8721273e-01  -6.6999804e-02  -2.7213094e-02   1.2838706e-01   4.0421382e-02   1.3413204e-01   1.0462852e-01   9.8417414e-02  -1.0662807e-01  -3.2162055e-01   1.5214221e-02  -1.4729550e-01   2.9020454e-01  -2.4039537e-01  -2.9972112e-02  -3.9709271e-02   6.5120198e-01  -3.4777894e-01   5.3679170e-02   1.0664983e-01   2.2369481e-01   4.0891189e-02   2.5594661e-01   3.4251511e-01   1.2238335e-01   1.2013745e-01   2.5874760e-01  -1.0977855e-01   7.4167773e-02  -1.0905226e-01  -2.9661372e-02  -7.0408107e-02   2.1118060e-01  -2.3809852e-01   6.0082873e-02  -2.5997633e-01  -2.5635909e-01   2.6249630e-01   3.6662518e-01  -3.8673834e-01  -6.4807643e-02   9.6381322e-02   1.3463378e-01   2.4756689e-02   1.4105992e-01   1.3666078e-01  -1.6314911e-01   4.3678885e-01  -1.2710743e-02  -1.6593094e-01  -6.3283592e-02   3.1160308e-01
   1.4420052e-03   1.3252749e-02   2.5681537e-02  -7.9386034e-02   4.3436237e-02  -1.7546235e-01   1.8298302e-01  -1.0057602e-01  -1.6338982e-01  -1.6290141e-02  -2.2371922e-01   2.4782390e-01   2.4987665e-01   0.0000000e+00   2.1027723e-01  -1.5403703e-01   1.0426517e-05   6.0732147e-02  -1.2229981e-01  -5.1712419e-02   1.7276832e-01  -6.5951610e-02   5.8343498e-02  -3.2167441e-02   2.8214100e-02   7.5937175e-02   1.0371111e-01   3.2971355e-01  -2.3788591e-01  -1.1284797e-02   2.2041926e-01  -8.3147981e-02  -9.1829599e-02   1.0591752e-01   1.9618771e-01  -4.9618940e-02   1.9008674e-01  -1.3628601e-01  -7.3765649e-02   1.9258547e-01   9.0112683e-02   2.3465999e-01  -2.0124683e-03   1.8376999e-02  -3.8400424e-01  -1.7114751e-02  -7.0269149e-02   1.5950545e-01   2.3455396e-01   1.3766131e-01  -2.7728859e-02  -4.0359566e-02   1.4064083e-01  -3.5967259e-02   2.6944626e-01   1.5561519e-01  -8.6166522e-02  -2.3355299e-01   1.3816839e-01   5.1202537e-02   1.0201308e-01  -1.3620435e-01   3.8629639e-03  -3.6833112e-03  -1.6152461e-02   7.6684891e-02   1.8527677e-01   1.0250139e-01  -2.0964458e-01  -2.0581555e-01   2.2871216e-01  -2.3161637e-01   1.0223373e-01   1.5690191e-01  -2.6973682e-01   2.4158770e-02   1.2999712e-01   1.2823097e-01  -8.4371795e-02   5.0160389e-02   2.6212362e-01   2.5849421e-01   4.7702868e-01  -1.2401621e-02   1.1680196e-01  -1.2852926e-01   2.2293062e-01   1.0233718e-01  -1.1230847e-01  -9.8884446e-02   1.4566223e-01   8.5273857e-02   3.4494054e-01  -2.6923585e-01   5.1789668e-02   2.1617160e-01   3.1520214e-01  -1.0684377e-01   5.7200867e-02   9.7865985e-02   3.7152562e-01  -1.3488882e-03   2.0434192e-01   1.1061583e-02  -1.0977322e-01  -1.3878044e-01   2.8988567e-01  -2.2146296e-01   6.3000062e-02   1.9944025e-01   3.6258152e-01  -1.6451115e-01   3.1474102e-02  -2.3554442e-01   2.0722785e-01   1.6970989e-01   1.4885832e-01   7.9493239e-02   1.5603101e-01  -2.8249757e-01   2.1482842e-02   7.7621934e-02  -2.8428205e-01   1.0825206e-01  -3.9720181e-02   3.2331139e-01  -1.5573277e-01   1.0154397e-01  -2.0961338e-01   3.0180156e-02  -3.2506258e-02   1.9204822e-02  -1.0359525e-01  -1.5268380e-01  -1.6773559e-01  -7.7036201e-02   1.6491672e-02   2.5799257e-01  -8.0409272e-03  -1.5038670e-01   2.3539393e-01   2.2320226e-01  -2.4895812e-01   3.4318455e-02   3.8545192e-02   1.9272091e-01   3.3824711e-01   1.2611471e-01   1.3740004e-01   7.5938682e-02   8.4208925e-02   7.4986878e-02   1.0880848e-01  -7.2951655e-03   6.3983017e-02  -1.3509877e-01   1.4587657e-01   2.1929311e-01   6.7403292e-02  -8.8284489e-02  -2.1020530e-01  -3.0034801e-01   1.8749111e-01  -2.9889231e-02  -2.8429829e-01   1.0779362e-01   2.2594598e-02   4.8414673e-02   1.7256903e-01   3.7699317e-01   2.2039006e-01  -8.5613416e-02  -1.1911632e-02   8.5971810e-02  -4.2887734e-02  -8.1488432e-02  -9.6429586e-02
