   0.0000000e+00  -1.3598161e-01  -7.5602350e-03  -7.7932446e-03   7.9532631e-02   5.0033176e-02  -2.3036337e-01   1.4679624e-01   5.6187026e-02   7.1944385e-02  -2.8311724e-02  -1.7976430e-01  -3.0648003e-01   6.9489571e-01  -3.6062891e-02  -8.4204055e-02   2.0939042e-01   1.3718134e-03   1.0500982e-01   9.6433544e-02  -1.0981921e-01   2.4784220e-02   2.0907484e-01   4.9950760e-01   1.1338362e-01  -4.6656692e-02  -2.4444932e-01   3.5401075e-01  -2.1135539e-01  -1.3363939e-01   2.8190193e-02  -9.3000055e-02  -4.6914055e-02   1.2208597e-01   1.0766324e-01  -1.4044567e-01   1.1176216e-01   1.7924504e-01  -1.5950064e-01  -9.5294359e-02  -2.8427438e-01   1.4608067e-02   3.7498763e-01   1.1293186e-01  -1.3054788e-01   3.3327715e-01  -4.8743582e-02  -1.6197907e-01   2.1641849e-01  -3.1540902e-01  -1.5377253e-01   5.5015159e-02   1.6923989e-01   1.4487145e-01   4.4032992e-01   2.5790829e-01   2.0284121e-01   4.7641841e-02  -4.1176605e-01   5.3280576e-02   2.7965376e-01  -1.2851141e-01  -1.5806581e-01  -1.8361532e-01   2.3612105e-01   1.9030318e-01   3.3069933e-02   2.0753215e-01  -1.7093071e-02  -1.6293046e-01  -5.3121465e-02   2.0948522e-02  -3.0797813e-01   3.7924828e-01  -1.1330603e-01   8.9883221e-02   1.4147354e-01  -1.6121558e-01   9.1967586e-02  -3.3512899e-01   1.0401108e-01  -3.2299782e-01  -3.1675332e-02  -2.1644079e-01   2.6108916e-01   5.3575740e-02   3.4979296e-02   3.6511126e-01   1.2669643e-01   4.9733029e-01   4.6727417e-01   1.0134410e-01   4.9293817e-03   2.1540294e-01   1.7055656e-01   1.1492296e-01  -3.4260998e-01  -3.4986468e-02  -1.0164329e-01   2.9745886e-01   1.5567654e-01  -3.5580236e-01  -9.9932620e-03   6.9133005e-02  -6.5062805e-03   1.0133715e-01   1.2109072e-01  -3.3038806e-02   5.0664586e-02   1.0502275e-01   6.2131891e-02  -1.6266096e-01   1.7588874e-01   6.3737418e-01   4.9726492e-01   1.7738011e-01   1.3941715e-01  -3.0113650e-01   4.2845207e-01  -1.7812565e-01   4.4351519e-01   1.4498281e-01  -1.2372214e-02   1.2148092e-02   4.2408720e-01   3.5556210e-01   6.9180945e-02  -3.1511310e-01   6.2043877e-02   4.0813753e-02   2.2942501e-02   7.5875009e-02   2.4366557e-01  -4.1810171e-02   1.9795712e-01   3.1272661e-02  -3.5236012e-01   2.7617346e-01   7.0624887e-03   6.7641293e-01   8.1211971e-01   5.3290363e-02  -2.0177051e-01   7.9790689e-02   1.9183121e-01  -1.4529400e-02  -4.0276516e-02   9.1163348e-02   2.2552045e-02   8.3026939e-02   4.0669944e-01   9.7682896e-02   6.0251586e-01  -1.2454199e-02  -1.9047448e-02   6.1508672e-01   3.3421225e-01  -4.2950659e-01   2.1761117e-01   6.8932299e-02  -8.4722482e-02  -3.6262793e-02   1.2100935e-01  -7.1399918e-02   5.7370008e-02   1.5640197e-02  -6.1913619e-02  -5.4631426e-03   4.2139323e-01   5.2630086e-02   1.7219725e-01   2.9868264e-01   2.3037942e-01   2.7204038e-02  -2.8249466e-01  -3.3390503e-01   1.8134621e-01
  -1.3598161e-01   0.0000000e+00   2.8950958e-01  -1.9075987e-01   2.0437630e-01  -3.9420460e-01   4.7664337e-01  -4.5833638e-01   6.6117526e-01   3.0380217e-02  -2.1700567e-01   6.7528585e-01   2.0546428e-01  -8.1838034e-02   2.8280046e-01  -1.8416748e-01   5.4319105e-01  -2.7531398e-02  -2.7555369e-01   1.0321162e-01  -2.3224762e-02  -5.7099066e-01  -1.7230500e-01  -3.3404348e-01  -7.9403104e-03  -2.6385429e-01   1.9191120e-01  -5.2062177e-01  -3.3092389e-01  -1.5018895e-01   1.4542622e-01  -2.5396284e-01  -6.2420595e-02   4.3059803e-01   3.8115324e-02   2.4080982e-01  -2.4684546e-01  -2.7939427e-01  -1.1341571e-02   5.1253195e-01   2.6135334e-01  -1.3589254e-01   3.6614633e-01  -4.9793814e-01   1.1936458e-01  -6.6958855e-02  -1.0220323e-01   6.9228058e-01  -3.1442849e-01   3.8125449e-01  -2.7151779e-01  -4.6279123e-01   5.4860463e-01   8.6482612e-02   3.1251583e-01  -3.7699515e-01  -4.9688340e-01  -5.9855503e-01   8.9510237e-02   3.9227383e-01  -2.3656396e-01   2.3912035e-02   7.7235337e-01   1.7162351e-01   2.4249527e-01   6.3609764e-02  -3.3547281e-01  -1.0219538e-01  -4.5158077e-01   1.0915626e-01   7.0891095e-01  -5.1838034e-01   4.8450371e-01   4.5828596e-02   3.6518482e-01  -4.9713299e-01  -3.3798757e-01  -1.8890337e-01   5.7835750e-01  -1.1571834e-01  -5.8414752e-01   2.8998423e-01   6.0618021e-01  -5.8998849e-02   3.6908026e-01  -4.9304307e-01   5.9035842e-01  -1.7368622e-01   2.3446534e-01  -3.1884293e-01   3.0293329e-01  -1.4402146e-01   4.5603920e-01  -3.8660135e-01  -3.1115132e-01   4.6444657e-01  -7.1751722e-02  -2.8355275e-01  -2.1243315e-01   8.1952133e-02   2.8573596e-01   7.3132194e-02  -4.1828788e-01   3.9682903e-01  -3.2316834e-01  -3.3031390e-01   3.3306397e-01  -3.6062110e-01  -3.1834747e-01   3.7312835e-01   4.7735342e-01  -3.0219889e-01  -1.7048350e-01  -4.8540311e-01  -3.1952439e-01   7.3766966e-01  -3.6299288e-01   3.9867832e-01  -1.1550083e-02  -2.6393802e-01  -5.3097152e-01   2.3807162e-01  -1.8647838e-01   4.3584931e-01  -3.6238170e-01  -1.3542909e-01   7.8479081e-02   1.8054118e-01  -4.7480342e-01   4.1607797e-01  -1.8289262e-01   5.1267120e-01   6.8206751e-01   5.3874226e-01  -6.0721129e-01  -4.8795436e-01   2.5297634e-02  -1.6571911e-01  -4.4187842e-01  -3.5000144e-01  -2.4625646e-01  -2.1286388e-01  -3.1360566e-01   2.3731705e-02   1.4595596e-02  -1.1240726e-01   4.2042395e-01   1.2356710e-01   1.4744353e-01   1.7748992e-01  -2.1169743e-01  -5.1792866e-01  -3.6643870e-01   3.0783375e-01   4.7964940e-01  -4.3414527e-01  -4.8627656e-01   9.9487844e-02   1.6433101e-01  -3.1970385e-01  -3.4097896e-01  -2.4688032e-01   2.6485345e-01  -3.2416751e-01  -3.6488394e-01   4.9572751e-01   3.7423888e-01  -4.8982645e-01  -3.5976868e-01   6.3901140e-01   3.3319212e-01  -4.3058022e-01  -3.9202070e-02  -3.8595833e-01   3.1471548e-02   2.8534716e-01  -4.0408487e-01
  -7.5602350e-03   2.8950958e-01   0.0000000e+00   3.1760554e-02   3.8084958e-01   1.3068908e-01   4.2194182e-01  -2.8857220e-01   2.1206367e-01   3.9831908e-01  -1.8291022e-02   5.9612204e-01   2.0143327e-01   1.8936982e-01   1.3331851e-01   3.0177518e-01   7.1049787e-01   6.0360573e-02  -3.6534593e-02   2.9920201e-01   7.3311827e-02  -1.6410259e-01   3.3637954e-01  -1.9908373e-01   1.0436880e-01  -1.9108878e-01   4.1026424e-01  -1.8106005e-01  -3.5239459e-01  -5.0671300e-02  -1.3074883e-01  -6.2625442e-02   2.8011560e-01   5.4674746e-01   1.1556685e-01   2.2261408e-01   1.9308351e-01   1.5615478e-01   2.7947829e-01   7.4065871e-01   1.8783080e-01   2.4252200e-01   3.1646079e-01  -1.7087283e-01  -5.6858243e-02   4.8285664e-01   9.1415550e-02   1.1695030e-01   1.5460970e-01   5.1529905e-01  -1.3959790e-01  -2.3523199e-01   2.5723177e-01   2.3095468e-01   3.5300436e-01   1.1275136e-01  -1.3534652e-01  -3.0991502e-01  -2.0700978e-02   3.7830184e-01   2.4332073e-01   1.0794167e-01   2.8678600e-01  -1.0708581e-01   1.5249106e-01   3.8963763e-01   5.1861044e-02  -7.9221331e-02  -1.8132476e-01   6.4576479e-01   3.8853105e-01  -3.6405941e-01   1.6119375e-01   3.9329345e-01  -1.0782858e-01  -1.7168007e-01   1.9349734e-01  -3.4508699e-01   2.3451940e-01   1.2300216e-01  -1.6313156e-01   2.2957747e-01   1.9693310e-01  -2.4394428e-01   2.5799215e-01  -3.6946278e-01   1.8076181e-01  -2.4482260e-01   2.4514427e-01  -8.4790743e-02   2.7576450e-01   4.3917636e-01   6.0719441e-01  -9.5955169e-02   4.7206337e-02   2.1799844e-01   4.6296163e-02  -2.3037215e-01   1.5104863e-01   2.1580824e-01   1.8393068e-01  -6.7686377e-02  -2.3389290e-01   2.2975139e-01  -2.8018076e-01  -4.8036737e-02   5.6755357e-01  -2.4645061e-01  -5.1774744e-02   5.2320917e-01   5.5656436e-01  -1.9766191e-01   1.4372505e-02  -6.8478291e-02  -9.7221159e-02   1.0765087e-01  -3.8843816e-01   2.8368818e-01   1.6297557e-01  -1.8083380e-01  -3.3989446e-02   4.0241552e-01  -3.0406132e-01   6.6509611e-02   5.8566953e-02   7.7590824e-02   1.2940463e-01   4.6437695e-02  -4.8652715e-02   5.8168551e-01   1.2067661e-01   1.6963704e-01   3.1287380e-01   1.3388263e-01  -3.9428034e-01  -2.9836743e-01  -3.6246213e-02   2.4818526e-01  -2.6620843e-01  -8.2094432e-02  -4.3444207e-02  -1.4387669e-01  -3.2633236e-01   5.1917026e-01   2.8467160e-01  -1.5858346e-01   5.4114606e-01   2.9455013e-01   4.0779893e-01   1.4397746e-01  -6.1959031e-02  -3.2931258e-01   1.4457833e-01   2.3237166e-02   8.0040733e-01  -8.2998119e-02  -6.3177102e-02  -1.3833333e-02   4.1814598e-01  -1.5650130e-01  -5.0255847e-01  -2.0062402e-01   2.8905237e-01  -1.3814015e-01  -2.1189340e-01  -5.3324372e-02   1.3476336e-01  -2.2296155e-01   5.4188135e-02   3.3703586e-01   3.0462051e-01   1.3183602e-01   2.2536137e-01   3.9352615e-02  -3.2648206e-01   5.1920766e-02  -4.0888676e-02
  -7.7932446e-03  -1.9075987e-01   3.1760554e-02   0.0000000e+00   1.4825449e-01   6.7862359e-01  -2.9039753e-01   4.9936448e-01   1.5941295e-02  -4.7731912e-02   3.3937208e-01  -2.9017074e-01   1.1374370e-01   1.1789053e-02   1.5792082e-01   3.7965946e-01  -1.7629252e-01   2.3534878e-01   4.4258810e-01  -1.0837486e-01   3.7430058e-01   5.4690139e-01   3.5189020e-02   3.0671450e-01   2.6681371e-01   6.1744895e-01   3.1240105e-01   1.7775442e-01   1.4298020e-01   3.9548252e-01   3.2383619e-01   5.5604976e-01   3.5746387e-01  -3.5747896e-01   3.3276142e-01   5.5487189e-02  -1.3948137e-01   2.3088533e-02   3.1136634e-01   3.6339222e-02   1.7739370e-02   2.9387173e-01  -1.1700827e-01   4.3928232e-01   2.9503532e-01   3.1348032e-02   1.4062092e-01  -3.3092039e-01  -9.0626999e-02   1.2420849e-01   4.4229631e-01   4.2522960e-01  -2.5483767e-01  -2.1923377e-01  -9.5387515e-02  -7.0886871e-02   5.6003053e-01   4.2527329e-01   4.5396349e-01   4.7347079e-02   2.0346477e-01   3.0686008e-01  -1.2005487e-01   1.0963258e-01  -9.0971405e-02  -4.5576260e-02   6.0724280e-01  -1.4505707e-01   5.8740103e-01  -1.7065822e-02  -3.8181494e-01   3.9713590e-01  -5.1877268e-02   3.4340517e-02   8.2787858e-03   2.9564100e-01   2.1271721e-01   4.3678414e-01   4.0985179e-02   4.6094219e-01   2.9307195e-01  -7.8460539e-02  -3.4240712e-01   3.7057193e-01  -3.3698202e-01   3.8635808e-01  -1.8497236e-01   1.0379938e-01   1.1017434e-02   2.6089419e-01  -4.5679440e-02   2.7736040e-01  -1.0286213e-01   6.4494893e-01   4.1034901e-02  -4.5147804e-02   2.3083991e-01   6.2716513e-01   1.0939574e-01  -7.3135933e-02  -2.5706523e-01   7.3848715e-02   3.6673270e-01   1.6789248e-01   4.7317597e-01   8.4660592e-01  -1.4976242e-01   6.4099664e-01   9.7392999e-02   1.2533998e-01  -3.1747288e-01   3.7802352e-01   8.1353589e-01   2.0850008e-01  -3.1993536e-03  -1.0773362e-01   3.4318653e-01  -6.7068593e-02  -1.0822609e-01   4.1425050e-01   2.0092422e-01   6.2362043e-02  -1.4532945e-01   8.2565527e-02   2.9784543e-01   3.5507656e-01   2.9408318e-01   2.6544229e-01   4.7619707e-01  -2.0368847e-01   2.1646339e-01  -1.1849332e-01  -2.5829397e-02  -9.4184531e-02   2.7083316e-01   3.9519518e-01   1.1877411e-01   9.0312874e-02   4.1512555e-01   6.9197157e-02   4.6104453e-02  -5.8862648e-02   4.7510934e-01  -2.2317066e-02   2.3066977e-02   5.9346287e-01  -4.6706127e-01  -1.9912501e-03   9.7995705e-02  -1.4095167e-01   1.8444283e-01   2.5011055e-01   3.4263638e-01   1.0169931e-01  -1.6191424e-02   2.5716581e-01   2.6672922e-01   3.1522742e-01  -2.3566611e-01   2.5997347e-02   6.3499754e-02   3.4211687e-01  -3.7744816e-02   6.7815524e-01   4.9891927e-01   2.2414082e-05   5.0793193e-02   5.0300996e-01   3.3112439e-01  -1.7736685e-01  -5.2560477e-02  -2.7114499e-02   6.4493538e-01   4.5347659e-01   3.5502629e-02  -2.6387901e-01   8.3008305e-01
   7.9532631e-02   2.0437630e-01   3.8084958e-01   1.4825449e-01   0.0000000e+00   3.6020834e-01   6.2533731e-02   9.0194140e-02   2.7481620e-01   3.2600233e-01   5.6042450e-01   2.4186341e-01   3.1525514e-01   2.5793535e-01   1.6056580e-01   2.6707249e-01   2.1148719e-01   4.5355755e-01   5.3931875e-02   7.3584245e-01  -1.7672783e-01   1.3699397e-01  -7.4896055e-02  -5.9496650e-02   3.6634008e-01  -7.0694762e-02   4.6749601e-01   7.9504268e-02  -3.8847893e-01   1.7660603e-01  -1.4453627e-01   1.7575957e-01   1.5071243e-01   9.1011314e-02   3.8096905e-01   7.2404584e-01   2.3477047e-01  -1.0478394e-01   1.7300603e-01   5.5607899e-01   3.9664429e-01   2.6867638e-01   5.1227171e-01   1.2279246e-01   2.4969963e-01   9.6756388e-02   4.2909902e-01  -1.9162696e-01   4.8372162e-01   3.1871159e-01   2.9210214e-01   9.5116910e-02  -4.4343079e-02   2.2742131e-01   1.8507033e-01   3.7159280e-02   8.9930883e-02   5.9824261e-02   2.3693911e-01   5.4332365e-01  -3.5510794e-02   5.6843875e-01   2.1724079e-01   1.6599811e-01   2.3388551e-02   3.0285486e-01   3.3615334e-01  -1.1995757e-01   3.1201739e-01   2.8426831e-01  -4.7526858e-02   1.2398011e-01   3.2129999e-01  -8.0778721e-02  -1.8778137e-01   1.9010609e-01  -1.9068637e-03  -8.0354779e-03   5.3192161e-01   2.7064020e-01  -1.5135869e-01   2.3361056e-01  -4.1921383e-02  -1.5751463e-01  -2.3144967e-01   3.8238988e-02   1.6516978e-01  -7.1357826e-02   5.2617769e-01  -1.5887178e-01   4.8281625e-01   2.5697054e-01   4.3544830e-01   1.6465102e-01  -2.3747671e-01   7.3321545e-01   1.4394754e-01   7.3392978e-02   4.4578885e-01  -2.5959929e-01  -3.4503329e-01   2.4256092e-01   9.1948331e-02   3.8701113e-01   1.8020510e-01   2.0778584e-01   3.0403806e-01   1.6959746e-01   2.7463887e-01   4.8416955e-01   2.4452657e-01   1.4334154e-01   1.4735905e-01  -1.4560954e-01  -4.2056244e-01   1.5784098e-01   1.3921995e-01   3.9091957e-01  -3.9375291e-01   7.9751081e-02   3.5863795e-02   7.3666725e-01   7.4222258e-02   2.0269561e-01  -3.8612451e-02   2.1281912e-01   1.1725361e-01   2.7773963e-02   3.0960213e-01  -2.5463469e-01   2.5700882e-01   4.0284840e-01  -6.2085736e-03  -1.7708964e-01   5.6954523e-02   6.7534028e-02   1.6124409e-01  -1.2888940e-01   1.8769963e-01  -7.3365227e-02   8.3142429e-02   2.1217105e-02   1.8767765e-01  -1.3295862e-01  -6.8745814e-02   1.6179228e-01  -2.3801522e-02   1.3532000e-01   4.3832735e-01  -2.5910143e-01  -2.9905504e-01  -6.6255835e-02   1.0606449e-01   4.1301783e-01   2.2533484e-01  -5.7068143e-02  -1.0583941e-01   1.7825764e-01   1.6715681e-01   3.5193345e-03  -2.9392959e-01   3.3328591e-01   1.8357413e-02   2.1783456e-01   5.3603833e-02   1.1751652e-01   4.8408895e-01  -2.5553288e-01   2.1309598e-02   2.2644679e-01   4.1292996e-01  -5.4446797e-02   3.9494629e-01   1.6869669e-01  -2.2033824e-01  -1.3096562e-01   1.1981898e-01
   5.0033176e-02  -3.9420460e-01   1.3068908e-01   6.7862359e-01   3.6020834e-01   0.0000000e+00  -3.8440023e-01   6.8667645e-01  -1.4356494e-01  -1.7725184e-02   5.5080527e-01  -3.2840121e-01   1.2801109e-01   1.6964342e-02   7.0395900e-02   4.9593463e-01  -1.5548872e-01   3.5789051e-01   5.4255234e-01   1.7478154e-01   2.6403870e-01   7.4071399e-01  -3.0740165e-02   4.1434777e-01   4.3751180e-01   6.8363694e-01   4.1172779e-01   3.8523529e-01   1.7226917e-01   4.2509917e-01   1.0730739e-02   6.3882159e-01   5.0757139e-01  -4.0962241e-01   4.3050413e-01   2.6897869e-01   3.4820986e-02   1.2945349e-01   3.4017560e-01   9.2898193e-02   5.0617950e-02   5.2962453e-01  -1.0664082e-01   5.8097396e-01   2.5485321e-01   2.9084619e-01   4.2473692e-01  -6.3201573e-01   1.1900893e-01   2.1817105e-01   5.8944248e-01   6.6253217e-01  -4.0199017e-01  -8.1715876e-02  -8.1043329e-02   7.0891404e-02   7.6053546e-01   6.5978397e-01   3.7839053e-01   1.0622222e-01   3.6746738e-01   4.5500534e-01  -3.3518236e-01   6.0240602e-02  -6.4099494e-02   1.8894952e-02   8.1973563e-01  -1.2288072e-01   8.0271877e-01   1.3782783e-01  -5.6833688e-01   6.1428302e-01  -1.3454992e-01   1.5652970e-02  -1.8036022e-01   5.3902585e-01   3.9967004e-01   4.9458999e-01  -5.2072002e-02   5.1681881e-01   4.5537960e-01  -1.1379985e-01  -4.3587916e-01   3.9638671e-01  -4.9697395e-01   4.7671004e-01  -3.4985333e-01   7.7152887e-02  -6.7012594e-02   2.5176741e-01  -7.9015898e-02   5.2580285e-01  -7.5404717e-02   8.3388886e-01   1.2253814e-01  -4.2841990e-02   2.9588856e-01   7.3875728e-01   3.1525583e-01  -2.2291674e-01  -4.9559689e-01   6.7480600e-02   4.5922943e-01   1.6077320e-01   5.7499281e-01   7.8664224e-01  -5.6445986e-02   8.2836748e-01   1.7960515e-01   1.1301736e-01  -3.2571944e-01   4.5347515e-01   4.8002936e-01   3.4002032e-01  -3.5473322e-02  -3.0172764e-01   4.2544072e-01  -1.2748838e-01  -1.9582731e-01   5.3483425e-01   3.7888899e-01   9.0349000e-02   1.0729720e-01   1.1060495e-02   4.6443828e-01   4.7657770e-01   7.4754851e-02   2.8437748e-01   7.2614924e-01  -2.9092061e-01   3.7096690e-01  -1.4954137e-01  -2.3648682e-01  -2.8313444e-01   5.0284371e-01   5.5719056e-01   1.5088246e-01  -2.9593758e-03   6.6636958e-01   2.2359991e-01   9.0458157e-02  -9.4209049e-02   5.8027353e-01   4.9634222e-02  -9.2391831e-02   5.8599371e-01  -5.0419439e-01   3.3176988e-02   1.0962238e-01  -1.5639543e-01   1.7208521e-01   3.6759064e-01   4.6952170e-01   1.2940978e-01   2.3012420e-02   3.6984271e-01   3.9528254e-01   2.7358467e-01  -7.4704724e-02   2.6039677e-01   1.4583712e-01   4.2666993e-01  -6.7255122e-02   7.1507397e-01   7.2663606e-01  -2.0550256e-01   5.4580358e-02   4.9692517e-01   4.7323224e-01  -2.8637330e-01  -6.4307417e-02   1.0642223e-01   5.0433526e-01   7.0887227e-01  -4.6152979e-02  -2.4190214e-01   8.1777292e-01
  -2.3036337e-01   4.7664337e-01   4.2194182e-01  -2.9039753e-01   6.2533731e-02  -3.8440023e-01   0.0000000e+00  -4.9976168e-01   2.4444014e-01   1.4323900e-01  -1.0543131e-01   7.7083260e-01   1.9304146e-01  -1.8248559e-01   2.1459350e-01  -7.2849039e-02   2.5814036e-01   7.7518888e-02  -2.6679635e-01   7.4343282e-03  -1.0182031e-01  -5.5358244e-01   6.6212925e-02  -5.9397549e-01  -8.2522475e-02  -2.6097531e-01  -4.2296052e-02  -2.9277129e-01  -2.1331342e-01  -3.0396311e-01  -9.4781610e-04  -1.7755915e-01  -1.2333584e-01   5.8834772e-01  -1.8600644e-01   1.8175983e-01  -6.3411666e-02  -1.6971170e-01  -8.2813825e-02   3.8189904e-01   1.8869508e-01  -1.1428463e-01   2.0218451e-01  -3.2300408e-01  -1.0937913e-02  -1.3576919e-01  -1.6522583e-01   6.8805774e-01  -2.0480323e-01   1.3545059e-01  -2.3773363e-01  -3.6320626e-01   1.9480150e-01   3.0098115e-01   2.1331046e-01   1.4704349e-01  -3.1595413e-01  -5.3469921e-01   8.6037192e-02   1.4741111e-01  -3.0447167e-01  -1.5463790e-02   4.2275081e-01   2.4176668e-02  -1.8943585e-02   1.8480653e-02  -4.8078228e-01   3.4602081e-02  -5.1304172e-01   4.1948620e-01   6.3901586e-01  -5.0365423e-01   3.6337079e-01   2.0158684e-01   1.9204629e-01  -4.6531959e-01  -4.0783909e-01  -2.3247632e-01   2.7428034e-01  -1.6506906e-01  -1.3005699e-01   3.1732275e-01   5.5770238e-01  -1.3903966e-01   4.2404922e-01  -4.3008151e-01   1.5888298e-01  -3.3456709e-01   1.5361773e-01  -3.8679614e-01  -2.6866970e-02  -7.6477476e-02   3.0684286e-01  -3.8725203e-01  -3.5387890e-01   8.4796891e-02   7.5253174e-02  -3.6073659e-01  -7.9982767e-02   2.6857897e-01   3.9662859e-01   2.1293296e-01  -2.4682333e-01  -6.5809535e-03  -3.8916602e-01  -3.9550449e-01   3.4093540e-01  -4.1717734e-01  -3.1062905e-01   7.4412773e-02   6.5796821e-01  -2.2116169e-01  -3.3693031e-01  -4.9526758e-01  -1.3645882e-01   2.8015238e-01  -2.5793200e-01   4.0818723e-01   3.2610915e-02  -1.4803867e-01  -6.0150204e-01  -3.9161720e-02  -3.6162999e-01   1.3417896e-01  -4.1807229e-01  -3.1009217e-01   1.4441445e-01  -7.4357450e-03  -4.6203923e-01   3.7013717e-01  -2.0075538e-01   5.2138196e-01   1.3440000e-01   2.9516683e-01  -5.3112284e-01  -4.3801743e-01   2.0394681e-01   7.0452336e-02  -3.4518187e-01  -5.2969437e-01  -4.1797990e-01  -2.1426628e-01  -3.0605295e-01   3.4614467e-01   3.6523104e-01  -2.8925035e-01   8.3880801e-01  -6.0898066e-02   3.5984330e-02   1.9259553e-01  -9.8806081e-02  -3.1532552e-01  -4.0348823e-01   1.3148929e-01   3.6074293e-01  -5.1949281e-01  -5.6018356e-01   2.5818067e-01   1.2097510e-01   1.3741108e-01  -2.2237263e-01  -2.6475156e-01   1.5698489e-01  -3.6798260e-01  -2.9332812e-01   1.8521344e-01   3.5320297e-01  -3.2894364e-01  -4.6258647e-01   2.3545298e-01  -2.4285762e-02  -3.6215935e-01  -1.6441951e-01  -4.6082984e-01   1.5207456e-01   2.6169459e-01  -4.5848116e-01
   1.4679624e-01  -4.5833638e-01  -2.8857220e-01   4.9936448e-01   9.0194140e-02   6.8667645e-01  -4.9976168e-01   0.0000000e+00  -3.1967512e-01  -1.7471236e-01   3.6437863e-01  -4.4947365e-01  -1.6482596e-01  -7.0010542e-03  -1.1702971e-01   1.3209159e-01  -3.3464776e-01   2.3027766e-01   4.9777908e-01  -2.7304399e-02   1.1341766e-01   7.6080425e-01  -2.4004132e-01   5.2518149e-01   2.8120097e-01   6.3879455e-01   2.1625354e-02   5.1314871e-01   3.4402476e-01   2.5688237e-01   4.3449631e-02   5.4740469e-01   3.2778972e-01  -6.7097479e-01   2.8003213e-01   7.2921493e-02  -5.2303616e-02   1.9992527e-01   2.7263537e-02  -2.7042693e-01  -1.7430692e-01   3.0799836e-01  -1.5146851e-01   7.7049340e-01   7.7508358e-02   1.8734845e-01   3.0995445e-01  -5.6316002e-01  -1.4106097e-03  -1.2655010e-01   4.0371330e-01   8.2815456e-01  -4.6854527e-01  -1.9586119e-01  -1.5474096e-01   3.9269771e-02   5.9068400e-01   7.6542930e-01   1.7982396e-01  -1.1105294e-01   2.8645056e-01   1.5485727e-01  -3.9195689e-01   1.1823836e-01  -1.6561764e-01  -2.5922290e-01   6.8758307e-01   3.4123493e-02   7.0990024e-01  -1.7941260e-01  -5.8812482e-01   5.9406255e-01  -3.4772695e-01   2.7663729e-03  -1.0076571e-01   6.4159573e-01   2.6154721e-01   6.1042076e-01  -1.8750065e-01   2.3004286e-01   5.4369128e-01  -4.4698009e-01  -4.1316735e-01   6.4664385e-01  -3.8736392e-01   6.7214217e-01  -3.8508567e-01   3.7316803e-01  -1.7949781e-01   5.0064788e-01  -2.6981826e-01   2.9136963e-01  -4.7260565e-01   7.6537618e-01   2.2355254e-01  -2.1173728e-01   6.1255454e-02   7.0024678e-01   8.4403565e-02  -2.7965987e-01  -3.1427332e-01   4.0719662e-02   5.9662571e-01  -7.0267622e-02   6.2178315e-01   7.7287046e-01  -2.6894731e-01   7.8245971e-01   9.8329685e-02  -2.6784193e-01  -5.9016042e-01   3.5215962e-01   3.8451981e-01   5.0072742e-01   1.5822061e-01  -3.5976219e-01   5.3203341e-01  -4.2191117e-01  -1.2113020e-01   4.0545934e-01   4.5610655e-01  -1.7214141e-01   1.3115690e-01  -1.0869091e-01   4.6232128e-01   4.3172377e-01  -1.1822191e-01   1.0258225e-01   7.1562421e-01  -4.8451007e-01   1.3159911e-01  -1.9128210e-01  -3.2685528e-01  -3.4047336e-01   5.6841821e-01   7.8323076e-01   1.1236627e-01   7.3047751e-02   8.0022793e-01   3.0647856e-01   1.8298278e-01  -7.1716614e-02   5.8139255e-01  -3.2894022e-01  -2.5000526e-01   5.4771002e-01  -5.5533214e-01  -2.1218608e-01  -2.5210450e-01  -1.1337250e-01   3.8749418e-01   7.0515638e-01   4.3436326e-01  -2.9283554e-02  -3.0906219e-01   4.7730340e-01   4.7728930e-01   7.6961544e-02  -7.4637900e-02   3.9120502e-01   3.0911647e-01   3.4535043e-01  -1.5237503e-01   7.1724361e-01   7.2639123e-01  -2.6318563e-01  -1.5072769e-01   6.4871545e-01   4.9121641e-01  -3.7942628e-01  -3.1882259e-01   5.0063981e-02   3.5361136e-01   5.6789737e-01   1.2914269e-01  -1.9666760e-01   7.5696981e-01
   5.6187026e-02   6.6117526e-01   2.1206367e-01   1.5941295e-02   2.7481620e-01  -1.4356494e-01   2.4444014e-01  -3.1967512e-01   0.0000000e+00   1.4895684e-01   1.3025966e-01   3.2029419e-01   3.6383827e-01   8.1390797e-02   2.6954714e-01   1.6217567e-01   4.1139377e-01   1.4397036e-01  -1.1998510e-01   1.2476815e-01   2.6787313e-01  -3.9695631e-01   3.0182950e-01  -8.6421357e-02   9.5850403e-02  -1.1077311e-01   2.6426602e-01  -3.3584587e-01  -5.8078852e-01  -3.5758507e-02   2.8128331e-01  -4.3584039e-02   9.8924258e-02   4.6758587e-01   5.0473653e-02   2.3291009e-01  -7.0151411e-02   5.7970633e-03   3.2609100e-01   3.9876064e-01   3.8670839e-01   3.3420170e-02   3.0318252e-01  -2.1227501e-01   2.4135975e-01   1.6314790e-01  -3.8043626e-02   4.0627289e-01  -1.7245969e-01   2.9869027e-01   9.3385878e-02  -3.2688992e-01   6.4894712e-01  -4.4972055e-02   3.5484260e-01  -8.0497930e-02  -2.4073944e-01  -4.4637940e-01   1.9343288e-01   2.2948458e-01   1.7632122e-01   2.1773356e-01   5.7712127e-01   3.3651907e-01   3.9526987e-01   3.4862412e-01  -9.4377756e-02  -1.6747726e-01  -1.3934565e-01   1.5961204e-01   5.2556583e-01  -2.9473001e-01   5.2357958e-01  -1.2768026e-01   2.5059422e-01  -3.9254625e-01   1.4165041e-01  -1.7686512e-01   4.7307086e-01   1.2531401e-01  -4.5209336e-01   3.3614810e-01   5.0452353e-01  -1.7084383e-01   2.4410444e-01  -3.5724780e-01   4.9899349e-01  -2.9472109e-01   2.1914344e-01  -2.1439170e-01   4.7468509e-01   1.5927950e-01   4.3823746e-01  -6.1352719e-02   7.6823289e-02   3.4476836e-01   8.9834053e-03  -6.7933000e-02  -4.3432831e-02   2.5605553e-01   1.2162370e-01   1.5664965e-01  -4.2698647e-01   6.7324162e-01  -1.8225654e-01  -1.6152773e-01   3.2617907e-01  -1.3077909e-01  -8.1271385e-02   4.8036749e-01   4.6569331e-01  -2.8487093e-01   4.9509069e-02  -2.1060234e-01  -2.3470786e-01   6.9779472e-01  -2.2382065e-01   4.3941342e-01  -3.6528803e-02  -4.7529936e-02  -7.0828555e-02   2.7317026e-01  -1.5781102e-01   6.1148049e-01   3.0047843e-03  -1.7674375e-01   3.0733072e-01   2.8274950e-01  -2.8616983e-01   3.4635883e-01   9.2282808e-02   4.6391096e-01   5.4204411e-01   6.1947684e-01  -3.1362662e-01  -4.2606429e-01  -1.5256026e-01   1.1144516e-01  -2.9913065e-01   5.8050825e-02   2.1516263e-02  -1.9361143e-01  -6.0683923e-02   7.9775395e-02   2.2870481e-01   9.0211269e-02   2.0122660e-01   4.0449398e-01   3.8774762e-01   2.1036702e-01  -2.4106790e-01  -6.1847942e-01  -1.3416931e-01   4.7070735e-01   3.8467624e-01  -1.5021668e-01  -2.3179937e-02   1.7511045e-01   1.4617668e-01  -4.1054630e-01  -3.7689927e-01   9.5947977e-02   4.2110386e-01  -2.1633338e-01  -1.2785564e-01   3.1307021e-01   3.2300901e-01  -4.0769226e-01  -7.1685923e-02   5.6616970e-01   3.7419143e-01  -6.4074356e-02   1.3427004e-01  -2.4991282e-01  -1.4641827e-01   1.2709839e-02  -1.7799883e-01
   7.1944385e-02   3.0380217e-02   3.9831908e-01  -4.7731912e-02   3.2600233e-01  -1.7725184e-02   1.4323900e-01  -1.7471236e-01   1.4895684e-01   0.0000000e+00   6.9840885e-03   2.1512136e-01   7.5513329e-02   2.2760878e-01  -9.2509769e-03   2.0688805e-01   3.6760015e-01   3.4184832e-04  -1.5006903e-01   3.2753346e-01   6.3393910e-02  -9.6199589e-02   5.2496647e-01   1.2867594e-02  -1.2407851e-02  -2.8281561e-01   9.8997500e-02  -2.3996783e-01  -3.0074294e-01  -8.5983492e-02  -2.4562588e-01  -1.4221303e-01   4.8617481e-02   5.4076888e-01  -4.0259254e-02   8.7742037e-02   5.5407916e-01   1.7967584e-01   1.3774539e-01   1.7850413e-01   1.9147723e-01   3.8659070e-02  -2.1262088e-02   2.0283567e-02   1.5903149e-02   2.2914922e-01   3.8672541e-02  -1.3192244e-01   4.2138019e-01   8.3868896e-02  -1.5973132e-01  -1.6303180e-01   2.3959297e-01  -5.1923058e-02  -4.6723338e-02   2.7468545e-01  -1.7544876e-01  -2.1835047e-01  -2.1639702e-01   1.1991955e-01   9.7056599e-02   7.7563737e-02  -3.9708273e-02  -9.7552851e-02   1.0833043e-01   7.3036685e-01   4.0466597e-02  -1.2842954e-01  -5.6127178e-02   1.5187496e-01   1.2171014e-01  -2.5736476e-01   4.8479712e-02   7.7013727e-02  -2.9438425e-01   5.2636917e-02   2.7480062e-01  -3.4945786e-01  -7.5453827e-02  -1.9402481e-02  -1.7131639e-01   1.6056628e-01  -1.3654313e-02  -3.6657799e-01  -2.9530417e-02  -1.3301704e-01   9.4661796e-02  -1.1980347e-01   3.3810382e-01  -2.1286380e-03   3.0540338e-01   1.1368389e-01   5.4789996e-01  -1.5669252e-01   1.1462003e-01   1.1405614e-01  -1.6413350e-01  -3.0643525e-01   1.6960589e-01   3.7651338e-01  -7.0251414e-02  -1.0927928e-01  -2.1192811e-01   1.7176690e-01  -1.7143204e-01  -5.3581401e-02   1.9335735e-01  -2.1394751e-01   5.3467069e-01   4.6943371e-01   4.5171454e-01  -2.6134471e-01   7.0084148e-02   9.8648827e-02  -2.2040165e-01  -1.2843546e-01  -2.1767908e-01   1.4548429e-01  -6.2151628e-02  -2.7562116e-01   2.4219867e-01   4.6902295e-01  -1.5598561e-01  -1.1913928e-01   5.0714577e-02  -5.7516303e-02   1.0724222e-01  -1.9768411e-01   6.7278730e-02   2.0118870e-01   2.3486512e-01  -7.5265913e-02  -6.4732120e-03  -1.3551034e-02  -1.7758858e-01  -1.8689770e-01  -3.4133956e-01   1.9583588e-01  -2.1888083e-01   1.1547703e-01   1.5711209e-01   1.4682684e-01  -2.2760018e-01   2.8311135e-02   3.5318847e-01  -1.9376695e-01   2.1869211e-01   4.9788232e-01   5.9197183e-01   1.1791688e-01  -3.7228205e-01  -2.2716191e-01   1.0190618e-01  -1.7932658e-01   3.0208033e-01   1.3570198e-01   5.7065725e-02  -1.8887574e-01   2.2613678e-01  -2.4193102e-01  -4.0820497e-01  -4.4647429e-02   4.0934759e-01  -1.9465184e-01  -2.4395213e-01  -1.2110571e-01  -1.3580640e-02  -2.1549969e-01   2.5743909e-02   2.6310211e-01   3.2457894e-01   3.9130810e-01   4.8930505e-02  -7.4827872e-02  -3.8463962e-01   5.8095829e-03  -6.1695380e-02
  -2.8311724e-02  -2.1700567e-01  -1.8291022e-02   3.3937208e-01   5.6042450e-01   5.5080527e-01  -1.0543131e-01   3.6437863e-01   1.3025966e-01   6.9840885e-03   0.0000000e+00  -2.5950218e-01   4.6387691e-01  -8.4876550e-02   1.9354957e-01   4.0124191e-01  -3.1630202e-01   6.2122906e-01   2.3349720e-01   3.6485697e-01   6.6206580e-02   3.6936165e-01   1.0162932e-02   2.9475032e-02   3.6536602e-01   2.9645842e-01   3.2997894e-01   2.8637022e-01  -1.6180068e-01   2.8149963e-01   1.7726240e-01   5.6158355e-01   1.3536318e-01  -2.1553685e-01   2.7570093e-01   5.9047627e-01   1.7523668e-01   6.2959238e-02   2.8801194e-01   1.4126372e-01   4.9764372e-01   2.1388619e-01   1.5074675e-01   5.1427498e-01   4.0868175e-01  -6.8873722e-02   4.6306317e-01  -3.2248716e-01   3.4073622e-01   2.6779168e-02   7.6807204e-01   3.9240697e-01  -1.6513244e-01   6.6020229e-02  -8.3079874e-02   1.6403130e-01   3.9955496e-01   4.0129138e-01   5.9174452e-01   8.5640577e-02   3.5024053e-02   6.2910478e-01  -1.3937048e-01   5.2438225e-01  -9.6758586e-02   1.0811929e-01   4.0413878e-01  -1.3998005e-01   6.9619781e-01   1.5077008e-01  -2.9610723e-01   4.9315857e-01   3.5640307e-01  -2.8844067e-01  -2.4254570e-01   4.2859248e-01   1.6999359e-01   1.7834522e-01   2.1883152e-01   5.3956294e-01   1.8573385e-01   3.0720438e-01  -1.3664492e-01   1.1390658e-02  -4.1537600e-01   4.3398934e-01  -1.8878921e-01  -2.1298462e-01   2.7597118e-01  -8.9231647e-02   1.8902175e-01   2.2143393e-01  -4.5580510e-02   5.2176718e-01  -6.2630280e-02   2.5191924e-01   4.1411048e-01   4.6293112e-01   5.6567859e-01  -2.9096020e-01  -4.9545347e-01   4.6358784e-01   3.1889577e-01   3.5141091e-01   5.7296099e-01   4.3837652e-01  -2.3471455e-02   5.6713128e-01   1.5300577e-01   1.1785923e-01  -4.2103488e-02   3.1953986e-01   1.6910469e-01  -9.6574870e-03  -3.2203251e-01  -4.7693195e-02   3.4388800e-01   3.7897997e-01  -4.5373428e-01   5.1722569e-01   8.9178519e-02   2.4927201e-01   3.2494407e-02   2.4035846e-01   7.2418678e-02   8.0482300e-02   2.1229327e-01   1.2735611e-01   4.6522020e-01  -4.5701665e-01   3.6090368e-01   3.7945403e-01  -4.1729527e-01  -7.9454310e-02   3.9660364e-01   4.0218030e-01   2.0027284e-01   8.2767680e-02   5.8919972e-01   2.7509113e-02  -3.3109830e-03   9.9045670e-02   7.2427705e-01  -1.0129674e-01   4.0275568e-02   4.9250207e-01  -3.2363914e-01   8.3896965e-02   1.7923110e-01  -2.8040976e-01  -1.7585002e-01   1.1045400e-01   1.1047195e-01   6.7451867e-01  -1.0682809e-01  -7.3119977e-03   4.3497302e-02   5.3669519e-01  -2.0210485e-01   2.0716310e-01  -2.4197490e-02   8.4149759e-01  -5.8251760e-02   4.3803458e-01   4.6999842e-01  -2.1243524e-01   4.3350315e-01   1.6734460e-04   5.6329241e-02  -8.4297483e-02   7.6699884e-02  -5.1073657e-03   2.9200465e-01   2.1738086e-01  -6.3273816e-02  -2.4413070e-01   3.4089939e-01
  -1.7976430e-01   6.7528585e-01   5.9612204e-01  -2.9017074e-01   2.4186341e-01  -3.2840121e-01   7.7083260e-01  -4.4947365e-01   3.2029419e-01   2.1512136e-01  -2.5950218e-01   0.0000000e+00   1.2367796e-01  -4.0668348e-02   3.1233997e-01  -1.3289159e-01   4.7837235e-01  -2.5894467e-02  -1.9459568e-01   1.7416504e-01  -1.2870887e-01  -5.3359121e-01  -6.3692143e-02  -4.1727148e-01  -7.8464267e-02  -2.7542771e-01   1.0714312e-01  -3.4829254e-01  -2.6867869e-01  -2.7887326e-01  -1.1216697e-01  -1.8417398e-01  -5.1542437e-02   5.8857411e-01   7.7044051e-02   2.4331969e-01  -1.7883418e-01  -1.6059995e-01  -1.3094748e-01   5.0969396e-01   5.7337268e-02   2.5055860e-02   3.8881456e-01  -4.0518981e-01   7.9990153e-02   4.8786437e-02  -1.5513494e-01   5.5964551e-01  -2.4569590e-01   4.0069638e-01  -3.4055468e-01  -3.8924673e-01   2.3003547e-01   2.0527486e-01   3.0716227e-01  -2.6125516e-02  -4.1453808e-01  -5.6751441e-01  -3.3849127e-02   5.2968622e-01  -1.7027872e-01   8.1379316e-02   6.2283899e-01  -1.2620848e-01   1.2689371e-02   1.4719858e-01  -3.2702558e-01   9.0651316e-03  -5.1202024e-01   4.3570420e-01   5.6214393e-01  -5.7336415e-01   2.3481481e-01   3.2051851e-01   2.2833378e-01  -4.7134853e-01  -3.3643453e-01  -1.2946205e-01   4.4756017e-01  -2.1559617e-01  -3.2557203e-01   1.8651860e-01   4.8678434e-01  -6.5902597e-02   3.0878807e-01  -4.7783919e-01   3.5130977e-01  -1.1624759e-01   2.7078151e-01  -2.6853503e-01   4.2225245e-02   8.1932473e-02   6.0941198e-01  -4.3553286e-01  -2.9806247e-01   3.1365883e-01   8.6936453e-03  -3.8198973e-01  -1.6764764e-01   1.8259733e-01   2.8719809e-01   1.0678802e-01  -2.7569170e-01   1.1116972e-01  -4.1801956e-01  -3.4922169e-01   3.9143439e-01  -4.1941232e-01  -1.8633658e-01   2.4945876e-01   6.6120400e-01  -2.1616698e-01  -2.6526314e-01  -4.4686713e-01  -1.4273463e-01   3.7613998e-01  -2.4484610e-01   3.2967269e-01   3.8106455e-02  -2.8182390e-01  -4.7804992e-01   2.2585885e-01  -2.5346326e-01   1.3203575e-01  -2.1115302e-01  -1.0605509e-03   1.5109563e-01   3.5080780e-02  -4.4462649e-01   4.2902973e-01  -2.5903110e-01   4.2879432e-01   3.8173152e-01   2.4553063e-01  -6.0593842e-01  -4.7473139e-01   1.3470411e-01  -1.7031948e-01  -4.1596590e-01  -4.2565989e-01  -3.1985147e-01  -2.8811189e-01  -4.0308961e-01   2.9618139e-01   1.8435269e-01  -3.3887021e-01   7.3565050e-01   1.5878856e-02   2.4542287e-01   1.1437112e-01  -2.2558239e-02  -3.7685824e-01  -2.9361406e-01   1.0416747e-01   4.8791212e-01  -3.8452080e-01  -3.9659757e-01   1.1049782e-01   2.2298981e-01  -4.7705631e-02  -2.5810836e-01  -4.1862466e-01   2.1968744e-01  -3.6860458e-01  -3.0053012e-01   4.4344484e-01   3.9796405e-01  -3.3343950e-01  -2.7069029e-01   3.7870457e-01   2.5501727e-01  -3.9998207e-01  -5.7936505e-02  -2.6981113e-01   1.7026556e-01   2.2089217e-01  -4.3834184e-01
  -3.0648003e-01   2.0546428e-01   2.0143327e-01   1.1374370e-01   3.1525514e-01   1.2801109e-01   1.9304146e-01  -1.6482596e-01   3.6383827e-01   7.5513329e-02   4.6387691e-01   1.2367796e-01   0.0000000e+00  -1.6537093e-01   4.3744880e-01   3.6301879e-01   5.1697161e-02   5.4096776e-01  -1.8305375e-01   2.4158798e-01   2.1930935e-01  -1.3459588e-01   1.4457350e-01  -3.3114829e-01   3.9309013e-02   6.2157263e-02   2.7163003e-01  -2.3785184e-02  -3.8176374e-01   2.0103179e-02   3.3121464e-01   2.7352291e-01   3.7639835e-02   1.9647476e-01   8.1756187e-02   4.0170184e-01   2.1142832e-01   4.6406612e-02   4.0564482e-01   2.6961350e-01   8.1728435e-01   3.0689608e-02   1.3031167e-01  -2.8189709e-02   4.8084772e-01  -2.7229510e-01   2.1262518e-01   1.7018463e-01   2.4489529e-01   1.0425124e-01   4.4417452e-01  -1.0155019e-01   1.5866985e-01   2.8947553e-02  -1.1509579e-02   2.7332308e-02   4.3042338e-02  -1.2258638e-01   5.6027997e-01   8.4932902e-02  -2.7197852e-02   5.8347609e-01   1.5471833e-01   4.4828751e-01   1.5053265e-01   9.1270097e-02  -8.9628911e-02  -2.6880233e-01   2.0830905e-01   7.4799463e-02   1.3393559e-01  -2.0806130e-03   7.4313026e-01  -2.6667078e-01   8.9194774e-02  -9.9305651e-02   1.0855725e-01  -1.3250232e-01   3.2911963e-01   4.7583475e-01   4.3448205e-02   7.1938204e-01   1.9422494e-01  -2.3200535e-01  -2.9005075e-02  -1.6489762e-02   1.2629355e-01  -4.5596511e-01   2.6950648e-01  -2.5752431e-01   3.0269192e-01  -8.7217220e-03   2.6863026e-01   7.7986982e-02  -8.4101549e-02   2.0431465e-01   5.2502636e-01   1.9029893e-02   6.0659649e-01   7.7277993e-02  -4.9211276e-02   3.4793766e-01  -3.7654285e-02   3.5218297e-01   6.4833940e-02  -1.9335563e-02   7.5894704e-02   7.2516359e-02   1.1124430e-01   2.0138301e-01   3.2219610e-01   3.2033853e-02  -6.0868921e-02  -3.0379818e-01  -2.3521259e-01   2.4020458e-01  -2.7296449e-02   8.6702990e-01  -3.5255186e-01   3.2798371e-01  -2.7402708e-01   2.4049468e-01  -1.6932257e-01   4.0028647e-01  -1.9322617e-01  -2.1240336e-01   4.8147026e-01   1.5814430e-01  -1.2476126e-01  -4.4908327e-02   4.0646476e-01   4.0471139e-01   9.6332146e-02   3.0258219e-01  -8.0273409e-02  -1.1582940e-01   1.6751369e-01   2.8315228e-02   6.6962340e-02  -2.3240535e-01  -2.1620181e-01   3.5439132e-01   3.4120599e-01   8.2571325e-02   3.4222584e-01   2.2534663e-01   1.2006368e-02   5.9450086e-02   1.7895923e-01   7.7571130e-02  -3.1440767e-01  -2.4036066e-01  -2.0202346e-01   5.4425846e-01   1.6867396e-01  -3.5317201e-01  -2.6658439e-01   6.3943695e-01  -1.6702685e-01  -4.0161800e-02  -3.1079034e-01   4.7842721e-01   1.6876400e-01  -1.0127371e-01   1.1066611e-01  -4.6458005e-03   2.6000754e-01  -2.7947832e-01  -3.5864535e-01   2.2171348e-01   1.9977247e-01  -5.5131382e-02  -2.0386738e-02  -2.6742893e-01  -3.7710584e-02   3.5145406e-02  -9.2464417e-02
   6.9489571e-01  -8.1838034e-02   1.8936982e-01   1.1789053e-02   2.5793535e-01   1.6964342e-02  -1.8248559e-01  -7.0010542e-03   8.1390797e-02   2.2760878e-01  -8.4876550e-02  -4.0668348e-02  -1.6537093e-01   0.0000000e+00  -3.1075424e-03   9.7893110e-02   2.9933762e-01  -3.9289031e-02  -1.4013639e-01   2.1870827e-01  -2.0957773e-01   7.6207701e-02   2.5189247e-01   2.6900809e-01   2.1582191e-01  -2.9344403e-01  -1.0240622e-01   1.7711773e-01  -3.3470636e-01   5.7947788e-02  -2.0267391e-02  -1.7414532e-01   6.5346650e-02   2.6564767e-01   1.8833409e-01  -1.0550301e-01   1.3350919e-01   7.5222865e-02   1.2592691e-02   1.2868247e-01  -1.1318706e-01   5.5481553e-02   3.7937308e-01  -2.4814176e-02  -2.1952353e-01   2.9555525e-01  -3.3153024e-02  -1.8760715e-01   3.2323101e-01  -1.7982913e-02  -1.4184906e-01  -8.2642768e-02   2.1434521e-01   2.9149403e-01   5.5454469e-01   1.6546204e-01   9.6658702e-03   4.9458241e-02  -4.1745334e-01   2.3804188e-01   9.9623869e-02  -1.8336721e-01  -1.2961645e-01  -2.6460575e-01   1.4935188e-01   3.5353505e-01   3.6528295e-02   1.6371706e-01  -7.8076314e-02  -3.7958978e-02  -1.5064033e-02  -4.3151512e-02  -1.1648431e-01   2.5401052e-01  -2.8676933e-01   8.2823950e-02   8.8004273e-02  -3.2279173e-01   1.3867563e-01  -7.6993987e-02  -1.1523237e-01  -1.0426283e-02  -1.3862441e-01  -3.2558854e-01   1.8730286e-01  -1.3910020e-02   3.7386856e-01   3.6820278e-01   1.9137718e-01   2.2651356e-01   5.2664475e-01   6.6714285e-02   2.0222733e-01  -2.6139762e-02   2.7903619e-02   2.9091052e-01  -3.6831332e-01  -2.4036027e-01  -4.7481783e-02   1.9442337e-01   1.3499549e-01  -2.2707892e-01  -7.8829589e-03   1.9811230e-01  -6.0017716e-02   5.0807720e-02   3.5980753e-01  -1.6095138e-01   1.4078733e-01   3.1427140e-01   9.3601824e-02  -3.3615275e-03   2.0784553e-01   3.7362038e-01   1.9151874e-01   1.2691849e-01  -1.5032424e-01  -6.3372841e-02   3.5146525e-01  -2.3774016e-01   4.0905565e-01   3.8966985e-01  -4.2712071e-02  -5.9630645e-02   1.6925771e-01   1.7731534e-01   7.2437099e-02  -8.0712550e-02   6.1331142e-02   5.2262088e-02   1.8333774e-01   2.0030013e-02   2.6346948e-01  -1.2342345e-01   2.7880187e-02  -4.4563840e-02  -2.4368885e-01   1.8887523e-01  -1.0279172e-01   4.0772148e-01   7.2287408e-01   9.1572038e-02  -2.2469352e-01   4.2852543e-02   2.3087448e-01  -1.0858806e-02   3.2442002e-02   2.1313485e-01   2.8344917e-01  -5.3673165e-02   6.2765230e-02   3.8193979e-02   4.6355625e-01  -1.1347575e-01   1.0494537e-01   3.3471083e-01   2.1276340e-01  -4.3360276e-01   2.9290143e-01  -9.3154664e-02  -3.0916549e-01  -8.4230560e-02  -5.8683705e-03  -6.0546978e-02  -1.7085536e-01   3.0210769e-02  -1.4525254e-01  -1.9214664e-01   3.3878913e-01   1.5036635e-01   2.8093829e-01   4.1228139e-01   2.8553039e-01   2.7808834e-02  -5.8800298e-01  -2.1909022e-01   1.1239026e-01
