   0.0000000e+00   5.6895748e-02   1.1360103e-01   4.1503233e-01   3.0656391e-01   3.1809957e-01  -3.6159547e-01   3.0326109e-01  -1.4964987e-01  -1.9360632e-01  -1.2510024e-01   1.1395704e-01   1.4041680e-01  -7.3456938e-02  -3.3275624e-01  -2.3238774e-02   3.0867384e-02   1.7073852e-01   2.3508440e-01   2.0701237e-01  -5.7552081e-02   1.5078945e-01  -1.8580571e-01   5.8416270e-01   3.6564520e-02  -1.2379950e-01   2.5410573e-01   1.0689761e-01  -3.3958415e-01   1.4539010e-01  -2.2076830e-01  -2.9901280e-01  -1.2553248e-01  -2.7474069e-01  -2.2362621e-01   1.0411102e-01  -1.6345502e-01   4.0607700e-01  -2.1564092e-01   2.3109233e-01   1.6651538e-01   3.4404810e-01  -1.2223019e-01  -2.1708804e-01  -4.5541338e-01   4.5708208e-01   1.5867138e-01  -1.3110233e-01   1.3861240e-01  -1.0635239e-02  -2.7183037e-01  -3.2799525e-01   7.9728500e-02   7.5006992e-02  -1.2460451e-02  -2.7042745e-01   1.3291752e-01  -1.4628091e-01   1.0692943e-01   6.0051798e-02   1.5594490e-01  -3.2511954e-01  -2.0921895e-02  -1.2038397e-01   3.2287086e-02  -1.5995334e-01   3.2337302e-01   3.4306950e-01  -3.0551997e-02   1.4928144e-01  -4.2521182e-02  -3.4163689e-01  -2.0168545e-01   1.6928636e-01   6.5111174e-02   6.9369726e-02   3.1348247e-01   3.7986946e-01   4.4402568e-02   3.5706092e-01  -2.6554888e-01  -1.5856628e-01  -2.1803475e-01   7.7934837e-02  -1.5881281e-02  -1.2653095e-01  -2.6510956e-01   1.2807591e-01  -1.3761552e-02   3.9083091e-01   1.3480055e-01   4.5992646e-02   2.5472794e-02  -2.0729975e-01   5.7540867e-01   1.2531504e-01   8.9395958e-02   5.1051371e-02   3.5016671e-01  -3.4029525e-01  -3.2461966e-01  -2.8654906e-01   4.3981785e-02   1.1487186e-01  -2.4528923e-01   4.3635061e-01  -2.0937161e-01   1.7171144e-01  -1.4035993e-02  -1.4959711e-01  -1.8071453e-01   5.7611883e-02   3.2518946e-01   7.6651151e-01  -2.6486992e-01  -1.5691466e-01  -1.4030570e-01  -1.7064100e-01   6.3491983e-02  -2.7640736e-01   4.2062799e-01   1.2509548e-01   1.9714294e-01  -1.3181748e-01   4.7820107e-01   5.1620966e-01  -3.5788113e-01   5.7482927e-02   1.6757101e-01  -9.5772488e-02  -8.5018535e-02  -1.8116480e-01   4.7071181e-01  -2.0067497e-01  -1.6035924e-01   8.6132834e-02   5.8983449e-02  -1.1381513e-01  -3.2411169e-02   6.4256381e-01   4.7044658e-01   3.9172536e-01  -8.7345295e-02  -1.2603327e-01  -2.0690974e-01  -6.5169087e-02  -3.9370298e-01   1.8482835e-01  -2.4024035e-01  -7.6037931e-02   1.4067765e-01   9.6435131e-02   2.6043229e-01  -1.2639676e-01   1.0083800e-01   4.1227868e-01   6.0204457e-01   9.6234265e-02   1.7892988e-01  -5.9994302e-02  -2.8793550e-01   2.1087423e-01  -3.8760603e-02   2.6192708e-01  -2.1377299e-01  -2.4521181e-01   8.0146201e-02   7.7464549e-02   5.6555206e-01   1.3081108e-01  -2.1455108e-01  -4.7963218e-02   1.6805378e-01   1.2500870e-01   2.3803803e-01   2.0669184e-01   5.0955248e-01
   5.6895748e-02   0.0000000e+00   3.4663651e-01   2.7477006e-02   4.1317689e-02  -3.3990960e-01  -4.2900655e-01   1.8704244e-01   3.6773925e-01  -5.5783674e-02  -1.8985996e-01   2.6686022e-01   1.8134579e-01  -5.8021491e-01  -3.6270658e-01   4.8161374e-02   4.3678289e-01  -4.3248959e-02   2.8239207e-02   6.4306626e-02  -1.2832094e-01  -2.2775099e-01  -5.1395811e-01  -1.5116791e-01   3.5504676e-01   1.4456373e-02   4.3543623e-01  -2.3606605e-01  -6.8671602e-02  -3.4626070e-01  -1.7711586e-01  -3.3503699e-01  -1.9109487e-01  -7.0084690e-02   1.1437751e-01  -1.2030742e-01  -3.8568266e-01  -2.8273575e-01  -1.1668658e-01   2.9545109e-01  -1.0863811e-02  -7.9322129e-02   3.9849955e-01  -2.5079582e-01  -3.1162266e-01  -9.6705138e-02  -2.4686164e-01  -1.8166815e-01   1.8809552e-01   5.4690733e-01  -4.9216349e-01   3.1591398e-02   4.0921761e-01  -6.9994722e-02  -1.3318769e-01  -4.5188499e-01  -2.0104991e-01  -3.5332250e-01  -1.1018609e-01   4.4795599e-02  -1.6929476e-01   7.4877711e-02   1.6630120e-01   5.1448001e-01   2.3844829e-01  -4.1389092e-01  -3.2834192e-01   1.3361963e-01  -2.6303093e-01   5.5521586e-03   4.3700191e-01  -4.1498590e-01   3.2899304e-01   1.1653952e-03   1.2298493e-02  -1.9158296e-01  -1.2902181e-01   6.4751000e-03   5.6966124e-01  -2.0599295e-02  -3.9593083e-01   2.2169183e-01  -2.6117887e-01  -4.1956749e-02  -8.7520682e-03  -1.3597292e-01   3.4831783e-01  -9.4835737e-02   4.9756632e-01   4.6572726e-02   5.0062875e-01  -1.5836641e-01   9.2803908e-02  -1.7766455e-01  -9.4262297e-02   2.2593755e-01   2.2081171e-02  -7.7993534e-02   1.2719255e-01  -2.0932014e-01  -3.4676605e-01  -1.7405399e-01  -2.9086008e-01   5.6925466e-01  -4.0014513e-01   1.6301018e-01  -1.0999991e-01  -9.8892086e-03  -1.5325986e-01   4.1470098e-02  -4.0081952e-01  -4.3577683e-01   6.6632945e-02   1.0147635e-01  -4.6446669e-01   2.3898106e-01  -1.3753099e-01   3.8244371e-01  -5.1211940e-01  -2.8823464e-01  -2.1352405e-01   5.6483725e-01   1.1749540e-01   1.6051814e-01  -1.4407502e-01   5.9100536e-02   8.0296879e-02   1.1275074e-01  -2.2927739e-01  -3.0097503e-02   2.6030204e-01   1.9007931e-01   4.7799799e-01   3.6933314e-01   6.2530139e-02   6.7108601e-03  -8.9658437e-02  -3.2648307e-01   1.2548667e-01  -4.0237914e-02  -2.0921875e-03  -5.4518600e-03  -3.7390289e-01  -2.6651907e-01  -1.3497951e-01   1.8265919e-01  -1.7685970e-01  -1.0039044e-01  -5.7558771e-01   4.5839623e-01  -2.1738423e-01  -5.5528231e-02  -1.9430579e-01   4.1408785e-01   4.9515640e-01  -1.5874642e-01  -4.1972391e-02   1.2734381e-01  -1.3324696e-02  -2.2190659e-01  -2.5556564e-01  -1.2937008e-01  -1.5934413e-01  -2.3232226e-02  -1.4551742e-01   2.4731769e-01   2.4346625e-01  -2.1907523e-01  -1.3856900e-01   3.6594803e-01   3.4589858e-01  -7.9070258e-03   2.2634587e-02  -2.2313006e-01   2.7957870e-01  -1.0086480e-01   1.0090743e-01
   1.1360103e-01   3.4663651e-01   0.0000000e+00  -3.5917628e-02   2.0715001e-02   8.5756948e-02   1.0072372e-01   1.2229889e-01  -1.0844804e-01   2.7333517e-01  -3.3308671e-01   6.0679519e-01  -1.5110227e-01  -1.1048600e-01   1.5269492e-01   1.5342349e-01   8.7532392e-01  -2.1469189e-01   2.0989116e-01   5.0880448e-02  -1.2829986e-01  -3.3312238e-01  -5.4915182e-03   9.5233704e-02  -2.8912812e-02  -6.1780667e-02   3.3715164e-01   6.7518173e-02   2.4723868e-01  -3.8540583e-01   4.9065469e-02  -1.2390625e-01   1.3551093e-01   1.2390934e-01  -1.9842690e-01  -1.0790132e-01  -1.4998436e-01  -2.5502994e-01  -2.4221381e-01   6.2754238e-01  -3.5306387e-01   4.4806973e-01   4.9218081e-01   9.5523292e-03  -1.0206147e-01  -1.4976929e-01  -2.3956552e-01  -1.9764848e-01   1.5543544e-01   6.7878977e-01  -2.7382773e-01   1.5952398e-01   2.1168230e-01   2.9352531e-01  -1.5377170e-02   1.9138074e-01   9.8093560e-02  -6.5486572e-02  -9.6303867e-02  -7.3910281e-02   5.0583244e-01   1.0384566e-01   3.0339016e-02   1.3479557e-01   8.8937462e-02  -3.3993954e-01  -2.5802528e-02   3.1627113e-02  -2.1388023e-01   5.6689223e-01   2.5305207e-01  -2.5288861e-01  -2.2629808e-01   5.0247943e-01   3.8043011e-01   3.1161286e-02   8.4622069e-02   2.4997206e-01   2.4098076e-01   5.0178483e-02   1.7220144e-01  -2.9765155e-02   2.3286945e-01   2.0581600e-02   3.8187958e-01  -4.3258298e-02   2.4179243e-02  -9.7045638e-03   1.9037600e-01   1.1113772e-01   3.0571599e-01   6.4888217e-01   5.3621951e-01  -3.0996550e-01  -5.3543565e-02   3.4516038e-01   1.1022230e-01   6.1879623e-02   9.6331324e-02  -2.3724414e-01   2.1031923e-01   1.4226985e-01   2.0428304e-03  -1.1278524e-01  -2.5390294e-01   5.7985657e-02   3.3692155e-01  -8.0731190e-03   1.8252932e-01  -1.4490158e-01   3.8515486e-01  -2.6237088e-01  -6.6701408e-02   3.1618463e-02   2.5236089e-01   1.2714744e-01   1.4215029e-01   5.7167059e-02   6.6909894e-02  -9.7094198e-02  -9.2901483e-02   4.7906114e-01   5.4339750e-01   1.2200329e-01  -1.1436979e-02   3.2472033e-01   2.1337143e-02   3.3905612e-01  -2.4995932e-01   5.1456338e-01  -3.4720714e-01  -1.1393955e-01   4.2041333e-01   1.4785496e-01   3.4698508e-01  -3.8436610e-02   3.2605065e-01  -3.6480224e-02   5.8555435e-02  -3.1069748e-02  -5.3838707e-02  -1.5105072e-01  -3.0903297e-01   3.3837784e-01   1.5718841e-01   6.5350216e-02   4.0279426e-01  -2.0817978e-01  -5.9938781e-02  -1.1997399e-01   3.7929684e-01   5.4183923e-02   4.5626880e-01   2.0900477e-02   7.4493128e-01   1.8012109e-02  -9.9942671e-02  -9.8256948e-03   4.3969678e-01   2.8830895e-01  -8.2348723e-02  -2.1722757e-01  -3.7970944e-01  -1.4254469e-01   5.5384419e-02   3.1599960e-01   3.2101798e-01  -1.9625615e-01   2.1255262e-01   3.6038431e-01   2.4484501e-01  -2.1531259e-01  -1.7112294e-01   2.0363185e-01   2.2846935e-01   1.5039281e-01  -1.6248227e-02
   4.1503233e-01   2.7477006e-02  -3.5917628e-02   0.0000000e+00   6.0165382e-01   3.2779782e-01  -2.6181609e-01   3.0667035e-01  -3.4172420e-01  -4.0387955e-01   1.0018057e-01  -1.4314458e-01   8.3695419e-02   1.2707190e-01  -2.8312398e-01  -1.5198018e-01  -6.0786055e-02   7.6499431e-01   7.8891093e-02   5.7564283e-01   3.9512987e-01   4.9800591e-01  -2.0265196e-01  -3.5406173e-02  -2.5347375e-01  -3.0727493e-01   5.6805904e-02  -3.1719357e-01  -4.5219605e-01   3.3133762e-01   2.5985036e-01  -3.6228807e-01  -1.0676790e-01  -3.2566867e-01  -1.5478569e-01   4.1312790e-01  -6.6371490e-02  -1.7167205e-01  -2.6490817e-01  -7.6321949e-03   2.8617062e-01   3.7260296e-01  -1.8296177e-01   1.4316335e-01  -5.9554936e-01  -2.7890953e-02   4.6810292e-01   2.0232375e-01   6.3361104e-01  -2.5752204e-01  -3.0807768e-01  -4.9040151e-01   3.1532418e-01   3.5592648e-01  -8.2566743e-02  -3.2316442e-01  -1.1101403e-01  -2.9904513e-01   3.1572114e-01   2.8160592e-02  -4.3143469e-02  -3.2437259e-01  -1.6668729e-01   2.4154776e-02   4.4136012e-01  -4.4450751e-01   2.1817004e-01   8.7732402e-01   7.8972722e-02  -2.5559786e-01   1.8593573e-01  -3.7373568e-01  -1.1118287e-01  -6.1545630e-02   1.4666013e-01   4.1338810e-01  -3.1732481e-01   3.4689374e-01   1.1156879e-01   7.6418288e-01  -4.5551835e-01  -1.3213248e-01   1.0858938e-01   1.5465881e-01   1.4890607e-01  -2.5070102e-01  -2.7965590e-01   1.7702147e-03  -8.5291634e-02  -1.3439952e-01  -3.2251164e-02  -8.2695214e-03  -2.0973179e-01   9.1699712e-02   6.1789816e-02   3.9812353e-01   3.4915674e-01  -7.7799805e-02   8.4569044e-01  -3.5501919e-01  -3.0558272e-03  -4.5951633e-01   2.9553621e-01   1.1248701e-01  -4.0093907e-01   9.2390143e-01  -1.1164135e-01   7.3478838e-03  -1.3251627e-01   1.1241774e-02  -3.4432016e-01  -1.7883887e-01   9.2933061e-01   3.8748015e-01  -3.4986615e-01  -2.3453958e-01  -4.7629515e-01  -2.2107545e-01   1.0290431e-01  -3.2678103e-01  -6.7038833e-02   3.2448342e-02   1.8130850e-01   1.7710038e-01  -8.2389716e-02   2.4504133e-02  -5.3612911e-01   5.5087900e-01   5.0342560e-01  -1.5836387e-01  -1.2920275e-01   1.0207907e-01   1.7954618e-01   9.0553481e-02  -1.4760461e-01   3.4488086e-01   1.0623648e-01   1.8703209e-01  -3.1936063e-01   9.0687544e-02  -2.6844852e-01   7.4105098e-01   1.1961533e-01  -2.5168336e-01  -2.6954934e-01   1.9820825e-01  -2.6491508e-01   2.9243142e-01  -3.4142470e-01   2.1588504e-01  -2.3630840e-01   1.9483016e-01   4.7916986e-02  -1.8873795e-01   1.6313080e-02  -1.2680307e-01   2.3199093e-01  -1.4532019e-02   2.9155396e-01  -1.5354640e-01  -4.1502383e-01   1.7569756e-01   4.2493776e-02   8.5125674e-01  -5.2221024e-01  -2.4155052e-01   1.5670008e-01   6.0649744e-03   3.2236585e-01   2.3530764e-01  -3.9727293e-01  -5.0405515e-01   6.9036509e-01  -1.7131760e-01   4.1791790e-01   5.6389428e-01   8.8911122e-01
   3.0656391e-01   4.1317689e-02   2.0715001e-02   6.0165382e-01   0.0000000e+00   4.5801576e-01  -3.1511494e-01   2.3473221e-01  -3.4196398e-01  -3.2867277e-01   4.1936047e-01  -3.1659491e-01  -8.4258066e-02  -4.8384871e-02  -3.5263224e-01  -3.3233273e-01  -1.4874101e-03   5.3092065e-01   3.3175010e-01   9.2177486e-01   2.5448658e-01  -1.5445826e-02  -2.8518289e-01  -7.4135786e-02  -3.0456897e-01  -1.1772388e-01   3.0268628e-01  -3.8022720e-01  -3.9411537e-01   3.9371275e-02   8.8785256e-02  -1.5035419e-01   3.5471698e-01  -3.8030790e-01  -2.9504816e-01   8.4367898e-01   7.3559582e-02  -2.1548665e-01   4.0318903e-02   1.7517197e-01   2.2657986e-01   4.7552131e-01   4.9723072e-02   7.1122258e-02  -1.8716855e-01   1.0585765e-01   7.7278745e-01  -2.6922150e-02   4.7510825e-01  -1.5741135e-01   3.8176399e-02  -4.8871666e-01   4.0211537e-01   6.3193932e-01  -3.1352052e-01  -2.5103774e-01   7.7744266e-02  -3.3470695e-01   4.5623791e-01  -1.9575918e-01  -4.5802905e-02   1.0918844e-02  -1.6334498e-01   7.4722286e-02   4.2349626e-01  -4.6404733e-01   3.7441098e-01   4.5297904e-01   3.2788424e-01  -3.9517467e-01   1.9894562e-01  -1.0626630e-01   9.3466045e-02  -2.8168539e-01   4.6182851e-01  -6.8932570e-03  -1.9150867e-01   4.2439922e-01   4.3468613e-01   7.3002442e-01  -4.6159415e-01  -1.6304521e-01  -5.1574289e-03   1.4539136e-01  -1.7360732e-01  -3.8379120e-01  -2.5125823e-01  -1.3727550e-01  -2.8669136e-01  -2.4841544e-01   2.6070012e-01   1.9785013e-02  -2.0537726e-01   1.3265649e-01   5.0838219e-02   7.6498824e-01   6.0028466e-01   9.3597995e-02   6.7980416e-01  -2.4924459e-01  -6.9614105e-02  -6.0021367e-01   3.1284819e-02  -1.6368321e-01  -1.9922716e-01   5.2417091e-01  -2.3022855e-01   1.7173079e-01  -1.6832943e-01  -1.1324951e-02  -2.8733082e-01  -2.9958318e-01   5.1541978e-01   1.5889073e-01  -3.3930772e-01   5.1812983e-02  -3.1106742e-01   1.3120269e-02  -1.2567850e-01   4.3820305e-02  -3.3017701e-02   1.7839786e-01  -9.3488347e-02   2.4953768e-01   3.6257016e-02   6.6483026e-03  -4.5003928e-01   4.0256871e-01   5.0919011e-02  -1.3869564e-01  -2.5784985e-01   5.8931444e-01  -6.7710387e-02  -4.6613918e-02  -1.5519863e-01   5.3989194e-02   4.3653637e-01   2.6503542e-04  -3.9281273e-01  -8.7791962e-03  -2.7588612e-01   5.6501001e-01   8.5905404e-02  -4.2079157e-01  -4.3946691e-01   2.2822807e-01  -3.0690266e-01   2.8425087e-01  -4.8733782e-01   3.3476241e-01  -2.9691597e-01   1.5587445e-01   1.5023080e-01   9.1331886e-02   5.8917913e-02  -1.9714529e-01   2.1881538e-01   3.0611393e-02   1.5734918e-01  -2.5126425e-01  -1.8281871e-01   1.2713552e-01   9.4658278e-02   4.7331098e-01  -2.1256838e-01  -3.5599765e-02   2.6600306e-01  -6.9480133e-02   1.1280583e-02   2.8523369e-01  -2.5429317e-01  -6.7429706e-01   3.1685300e-01  -9.8820246e-02   2.0236722e-01   7.2890957e-01   4.5939394e-01
   3.1809957e-01  -3.3990960e-01   8.5756948e-02   3.2779782e-01   4.5801576e-01   0.0000000e+00  -3.4105090e-02  -2.2291210e-02  -3.4744236e-01  -7.0002751e-02   1.8681762e-01   1.4562802e-01  -1.9983610e-01   3.2495937e-01  -8.0356403e-02   1.9882511e-02   1.9562560e-03   2.0453522e-01   4.5352392e-01   3.7315911e-01   8.4629042e-02   1.4318333e-01   1.5931315e-01   1.4287589e-01  -3.4594730e-01   6.0374427e-02   1.8040580e-01  -2.1602592e-01  -7.6376171e-02   3.1569392e-01  -7.4172733e-02   5.8905084e-03   2.8725586e-01  -3.0143696e-01  -2.2814620e-01   4.4818911e-01   1.6668013e-01   4.9980158e-02   1.2594252e-02   2.0904860e-01   1.6296031e-02   3.6559326e-01   3.3465795e-02  -9.5519522e-02  -1.0071163e-01   8.6512311e-02   4.9387765e-01  -3.8543974e-02   2.4767971e-01  -1.9701572e-01   1.5227159e-01  -2.5312106e-01  -2.2519264e-01   4.1127118e-01  -7.9892867e-02   1.3050417e-01   5.1767941e-01   9.6062229e-02   1.9062890e-01   1.4848276e-01   1.2836978e-01   7.1468190e-02  -6.1992286e-02  -4.1643359e-01   6.9176900e-02   6.8129055e-02   7.2080413e-01   1.8129554e-01   3.6489013e-01   1.4705246e-01  -2.3518315e-01   4.0765847e-02  -2.2307929e-01   2.2792657e-01   3.2869791e-01   1.2782062e-01   1.0543981e-02   4.8948694e-01   3.3837584e-02   3.6807863e-01  -8.5002429e-02  -2.4297035e-01   1.0906305e-01   9.4857020e-03   6.2796626e-02   2.1369381e-02  -4.6413614e-01  -3.6548902e-02  -2.7060071e-01   1.0062146e-01   8.2161090e-03   2.5078009e-01   4.7670716e-02   8.6263706e-02   1.7099720e-01   2.8457245e-01   2.5741689e-01   4.5586398e-01   3.2168302e-01   1.7139121e-01   1.8766780e-02  -3.3889255e-01   2.1082653e-01  -2.6994464e-01   3.7864743e-02   2.1779915e-01  -1.0389874e-01   4.3051499e-01  -4.2742175e-02  -9.6618532e-02   1.4015406e-01   2.5150193e-01   2.2269713e-01   1.8878030e-01  -5.5325466e-03  -2.7967797e-01   1.6432089e-01  -2.4215714e-01   2.7185257e-01   4.8588555e-02   1.0182626e-01  -5.4303670e-02   2.5170486e-01   1.4882555e-02   2.3470018e-01   2.4158557e-01  -1.3759564e-01   2.3176233e-01   1.4878361e-01   1.8168490e-01  -4.0287897e-01   5.7336778e-02   1.5235930e-01  -3.3952629e-01   1.2128471e-01   1.3150960e-01   2.4265631e-01   4.0190015e-04  -1.5838350e-01   1.2199944e-01  -4.1920070e-02   2.5781106e-01   2.6075587e-01   2.3635186e-01   4.2645688e-02  -4.1368439e-02  -1.8037562e-01   2.3806155e-01   1.5410401e-01  -1.4964454e-01  -5.9195561e-02  -3.6140666e-02   3.1863111e-01  -2.0389132e-01   1.6414329e-01   4.0981763e-02   1.5126431e-01   8.9380257e-02   1.5134167e-01   1.1625181e-02  -6.3798083e-02   2.2445213e-01   8.1483919e-03   1.9353936e-01  -5.5996802e-02  -2.3227278e-01   3.4006544e-01  -3.9012037e-02   2.2113586e-01   6.4470860e-02  -2.0341797e-01  -4.2864076e-01   1.8203741e-01   5.0011034e-01   1.5157134e-01   3.7765935e-01   2.7397247e-01
  -3.6159547e-01  -4.2900655e-01   1.0072372e-01  -2.6181609e-01  -3.1511494e-01  -3.4105090e-02   0.0000000e+00  -5.1672700e-01  -2.2497568e-01   3.3671483e-01  -3.1360401e-02   1.4650000e-01  -1.0454771e-01   5.1125858e-01   8.1112852e-01   8.6558196e-02  -6.4594284e-02  -1.7191527e-01  -1.2757433e-01  -2.7827479e-01   3.4491516e-01   1.3378646e-01   7.4209608e-01   2.8776046e-02  -2.5960317e-01  -1.1960478e-01  -3.5621904e-01   3.1423683e-01   2.6439682e-01   7.5788526e-02   4.1504915e-01   1.2489709e-01  -6.1636623e-02   5.4498699e-01   1.8676828e-01  -1.9952019e-01   2.9795188e-01   1.7089417e-01  -5.2378028e-02  -1.3673239e-01  -1.7599502e-01  -7.6116710e-02  -2.6311119e-01   3.1326085e-01   2.2201816e-01  -3.3462703e-02  -9.7390923e-02   5.0291891e-01  -2.8084238e-01  -2.5422215e-01   2.0144662e-01   3.3079558e-02  -1.7895480e-01  -3.6571155e-02   3.0804251e-01   4.8994721e-01   1.6450867e-01   3.2468090e-01  -3.4794614e-01   7.8479698e-02   7.9463305e-02   9.3754109e-03  -1.2370243e-01  -2.5840105e-01  -2.8441510e-01   1.7528863e-01  -2.2182109e-01  -1.8238692e-01  -1.6706649e-02   2.7757336e-01   1.0894864e-01   1.7066555e-01  -3.1202547e-01   2.4855974e-02  -2.0635029e-01   8.7500169e-02   1.0572107e-01  -1.4471748e-01  -6.3177027e-01  -2.3055741e-01   7.0398584e-01  -3.2873558e-02   2.0043951e-01  -4.5479535e-01   2.0455824e-01   2.5638770e-01   3.3462269e-01   2.2721626e-01  -2.8524323e-01  -1.7325466e-01  -5.7709886e-01   3.6336019e-02  -3.2564009e-02  -3.9782627e-02  -4.4030084e-02  -4.2543548e-01  -2.1538061e-01  -2.0160082e-02  -2.7494527e-01   3.4684285e-01   6.4219013e-01   5.3831976e-01   3.0883934e-01  -1.9797799e-01   1.4185851e-01  -3.3655252e-01   7.2807111e-02  -2.3255223e-01   3.4146360e-01  -8.6090689e-02   3.1048466e-01   2.3873324e-01  -2.1924980e-01  -3.0361650e-01   7.6201265e-01  -3.0734252e-01   1.9909071e-01  -1.2105708e-01   2.2981984e-01   3.7372385e-02   1.0622638e-03  -5.3960916e-01   2.0836823e-02  -7.1848211e-02   1.6505829e-02  -7.2486122e-02   2.1969394e-01  -1.6252172e-01   7.5127426e-02   2.5403987e-01  -2.0533247e-01  -2.3178157e-01  -1.5166250e-01   7.8709164e-02  -4.3625474e-02  -1.0719802e-01  -5.4593581e-02   5.6026125e-01  -3.4478664e-02  -2.5666562e-02  -1.3554552e-02  -2.7547919e-01   2.2651715e-01   2.7796638e-01   4.8016905e-01  -2.2857156e-01   8.2849533e-01  -4.5914028e-01   4.8370201e-01  -3.8588768e-01   4.3818530e-01   1.6430652e-01  -3.3753656e-02  -2.7258632e-01  -1.9727274e-01   1.3335714e-01  -1.9743592e-01  -7.9221105e-02  -2.6631659e-01   4.5793493e-01   9.6672857e-02  -9.3873321e-02   7.9392494e-02  -1.0005987e-01   5.2895790e-02  -2.7184676e-03  -1.9842086e-01  -7.2471716e-03  -1.3364540e-01  -4.9185250e-01  -3.4661551e-01   2.2124669e-01  -1.6852424e-01   3.3698668e-02  -1.1923190e-01  -2.6521436e-01  -2.5563983e-01
   3.0326109e-01   1.8704244e-01   1.2229889e-01   3.0667035e-01   2.3473221e-01  -2.2291210e-02  -5.1672700e-01   0.0000000e+00  -8.6068864e-02  -1.3796540e-01   4.8817429e-02  -1.0403271e-01  -1.1729168e-01  -3.6820346e-01  -3.5246766e-01   1.3760132e-02   1.3059764e-01   1.0426754e-01   2.7445339e-01   2.6957801e-01  -2.3007088e-01  -9.6895668e-02  -4.6238558e-01   1.3277105e-02   2.8028653e-01   2.6817452e-01   1.5595754e-01   6.4296947e-02  -1.7884876e-01  -7.0739563e-02  -2.1744183e-01  -1.1319282e-02   1.0862493e-01  -2.7824169e-01  -1.9188737e-01   1.6594053e-01  -2.1274972e-01  -1.2603905e-01   7.4362295e-02   1.3576687e-01   7.1265939e-02   4.5717904e-01  -1.9119469e-02   2.8226724e-01  -1.7783652e-01  -5.9772964e-02   7.3327871e-02  -1.7553500e-01   1.7445686e-01   2.1001497e-01  -4.1318069e-02   1.4426112e-01   2.6458132e-01   2.4782005e-01  -2.4007278e-01   1.5266755e-02   7.6899635e-03  -1.6153891e-01   3.1514387e-01  -2.8592601e-01   8.7260348e-02  -1.0596673e-02  -2.8719105e-01   2.9389646e-01   7.4038531e-02  -3.8334170e-01   2.3815025e-01   1.8538036e-01   1.4201342e-01  -2.1955950e-01   9.2695347e-02  -1.3761009e-01   2.3304091e-01  -6.1789136e-02   3.5870726e-01  -1.2554359e-01   2.5005904e-02   3.4657362e-01   4.1478440e-01   2.1197590e-01  -1.3724300e-01   4.6322394e-02   2.9758692e-03   7.4898521e-01  -4.6397070e-02  -3.0033109e-01  -2.8820746e-01  -5.4782444e-02  -1.0610812e-01   1.3086394e-01   3.4638266e-01   2.3212211e-01   5.2074918e-03  -1.6716980e-02   8.1580483e-02   2.8645665e-01   2.5872964e-01   1.5800414e-01   2.0807720e-01  -3.3935167e-01  -2.3105448e-01  -2.5242504e-01   1.2580404e-01  -1.2393888e-01  -1.1927642e-01   3.5449906e-01   1.3640618e-01   3.2419059e-01  -1.6752174e-01   1.1446634e-01  -1.1338607e-01  -2.0386676e-01   1.6568189e-01   2.5728908e-01  -3.6154283e-01   1.4404808e-01  -6.2667835e-02   2.3757825e-01  -8.7717221e-02   5.2539463e-02   4.9098100e-02   3.2614058e-01  -4.8976987e-02  -1.7251294e-01  -5.3310587e-02   7.8448561e-02  -3.0232029e-01   4.4030790e-01  -1.1504717e-01  -1.6872437e-01   7.5599893e-02   1.6738646e-01   1.6693735e-02  -9.2585769e-02   3.6880085e-02  -1.0355723e-01   3.0587254e-01  -1.0553463e-01   1.3948475e-02  -5.8580340e-02  -6.6143732e-02   1.4332041e-01   3.4262849e-02  -2.6323513e-01  -4.2161573e-01  -7.6603161e-02  -3.5914191e-01   3.3621522e-01  -4.6434986e-01   1.9551685e-01  -2.8731346e-01   3.8793083e-01   2.4898753e-01   2.9514298e-01   1.3649819e-01   1.4838366e-02   8.5625914e-02   1.2901974e-01   3.4067150e-01   7.4997883e-02  -8.3893287e-02   2.5847855e-01   9.4492259e-02   4.1140359e-02  -1.8658163e-02   7.2467920e-02   1.3427712e-01   1.5676752e-01   1.6826960e-01   4.5319454e-01   7.2164981e-02  -3.0825415e-01  -4.4590384e-02  -5.5519855e-02   1.7092877e-01   2.5872455e-01   2.6558894e-01
  -1.4964987e-01   3.6773925e-01  -1.0844804e-01  -3.4172420e-01  -3.4196398e-01  -3.4744236e-01  -2.2497568e-01  -8.6068864e-02   0.0000000e+00   2.3761259e-03  -1.3800168e-01   1.0998883e-01   8.4745165e-02  -4.1489643e-01  -1.1655506e-01   2.0762689e-01   4.3995524e-02  -8.7262849e-02  -3.4626044e-02  -3.8540738e-01  -2.0970983e-01  -2.2375913e-01  -2.0956619e-01   1.1937419e-02   1.6537517e-01   1.9558862e-01   2.5479067e-01  -1.1851215e-01  -1.0230059e-02  -2.0950570e-01  -3.6394897e-02  -1.0692061e-01  -4.1322655e-01   7.8698620e-02   4.1309857e-02  -4.4665850e-01   2.8528686e-02  -1.6826843e-01  -7.1964999e-03   5.2718665e-02  -9.8050758e-03  -5.1203941e-01   2.4812004e-01  -3.1024319e-01  -1.3972314e-01  -9.1092109e-02  -4.3739868e-01  -2.4093917e-01  -1.1930937e-02   2.1760273e-01  -2.6987107e-01   3.8639780e-01  -4.4220658e-02  -4.3748925e-01   1.8236282e-01  -1.5163695e-01  -2.4625605e-01  -1.0990137e-01   5.8850072e-02  -3.1192041e-02  -2.5758796e-01  -8.4933483e-02   6.9656596e-01   2.9457253e-01   1.5433031e-01   1.3755610e-01  -2.6173805e-01  -1.7434903e-01  -1.0294160e-01   4.4071421e-02  -3.4130993e-02  -2.0813894e-01   3.4454702e-01   8.7786266e-02  -2.0205351e-01  -1.3426084e-02  -1.1814088e-01  -2.7583267e-01   1.3224275e-01  -4.6299192e-01  -1.4651785e-01   4.0467792e-01  -1.9604889e-01  -2.2934968e-02  -1.2852656e-01   2.1687749e-01   2.6481967e-01   7.7815318e-03   6.3012781e-01   1.3930772e-01   2.9875824e-01  -1.7805617e-01   6.6698777e-02   8.6000772e-02  -2.0856118e-01  -1.9797374e-01  -4.1045641e-01   5.4918478e-02  -2.6982612e-01   4.3396354e-02  -2.1850272e-01   1.4931016e-01  -2.1480258e-01   2.1751175e-01  -1.7260448e-01  -1.3783149e-01  -1.4886225e-01  -2.0033079e-02  -1.1089439e-01   1.0975028e-01  -1.0168832e-01  -7.6476100e-02  -2.6211817e-01  -1.1287661e-01  -8.0113272e-02   1.4314049e-01   1.7565476e-01   3.1467180e-01  -1.7495469e-01  -2.6324848e-01  -9.0257840e-02   1.9532497e-01  -2.6853669e-02   2.1848191e-01  -1.0520941e-01   8.8895720e-03   2.0332092e-01  -3.1434382e-01  -1.3612786e-01   2.4946237e-02   3.4888102e-01  -1.3208343e-01  -1.2997097e-01   2.3129793e-01   3.3496177e-02   1.1837073e-01  -4.0527576e-01  -1.7472503e-01   4.4329039e-01  -1.0443032e-01   1.4792939e-02  -3.5531621e-01  -3.7320408e-01   1.2057759e-02   1.0481452e-01   3.5878408e-01  -1.4212717e-01  -5.3867659e-02   1.5586381e-02   3.4407493e-01  -6.7330243e-02  -2.9367010e-02  -2.3057205e-01   1.7788120e-01   6.6161287e-02  -5.1590096e-02  -2.3077265e-01   2.4400134e-01  -1.1729613e-01   5.4969446e-02  -2.0273783e-01  -2.2291042e-01  -7.2134721e-02  -1.9013023e-01  -6.3228520e-02   3.8807190e-02  -2.3251693e-01  -1.3463465e-01  -1.7992627e-01  -2.6011065e-02   4.3476972e-01   2.8365298e-01   4.1074894e-02  -1.1820217e-01  -3.0569777e-03  -4.2465547e-01  -2.7936652e-01
  -1.9360632e-01  -5.5783674e-02   2.7333517e-01  -4.0387955e-01  -3.2867277e-01  -7.0002751e-02   3.3671483e-01  -1.3796540e-01   2.3761259e-03   0.0000000e+00  -2.7856058e-01   3.5918312e-01  -1.1342453e-01   1.3507131e-01   2.7780267e-01   2.2148519e-01   3.1589409e-01  -3.7622759e-01   6.0086083e-02  -3.4673661e-01  -9.4191973e-02  -2.8201558e-01   2.5120251e-01   6.2286836e-02   1.5108427e-01   2.4319787e-01  -1.5793509e-01   2.1564354e-01   2.7536951e-01  -2.1781754e-01  -2.7171989e-02   2.3334179e-02   1.4705521e-02   3.5205658e-01   1.3352953e-01  -3.0702618e-01   2.5627929e-01  -4.5747670e-02  -1.8913459e-01   1.7997927e-01  -3.1626723e-01  -2.3054319e-02  -9.9779639e-02   1.3118004e-01   1.7088361e-01  -1.1704543e-01  -3.4613787e-01   1.8838489e-01  -2.8604352e-01   1.9638960e-01  -1.4191834e-02   3.2390803e-01   1.4399456e-01  -8.8866994e-02   2.7469760e-02   3.6714111e-01   2.9217607e-01   2.4163104e-01  -3.9087500e-01  -1.0682009e-01   3.2440500e-01   2.7702338e-01  -1.4646312e-01  -3.3864966e-02  -2.4135005e-01   1.9497613e-01  -9.7235433e-02  -3.0765588e-01  -2.5487848e-01   4.7820161e-01   2.0393999e-01   6.9443884e-03  -1.3937568e-01   4.1301180e-01   3.9775390e-02  -1.8344362e-01   8.9210436e-02  -8.7404712e-02  -2.3307335e-01  -4.0005306e-01   3.6838492e-01  -1.1879723e-02   3.5212422e-01  -2.1932618e-01   3.5989685e-01   1.5713795e-02   1.1488979e-01   2.4159583e-01  -9.4867298e-02   1.2462597e-01  -1.3736629e-01   3.1617966e-01   2.1825029e-01  -2.0182333e-01  -1.8255287e-01  -3.5401783e-02  -3.0350404e-01   1.2909281e-01  -3.1027910e-01   1.9010746e-01   3.2401750e-01   3.4289470e-01  -3.0507714e-02  -2.9304983e-01  -3.4914601e-02  -3.7592137e-01   3.1954481e-01  -8.6273575e-02   4.8340243e-01   1.0904950e-01   4.7594209e-01   4.2031808e-02  -3.4028837e-01  -1.1620372e-01   4.7537054e-01  -5.4010584e-02   1.9421094e-01   4.0526404e-02   2.0500581e-01  -4.6087935e-03  -8.4170091e-02  -2.1494938e-02   1.1875646e-01  -1.2541950e-01  -3.0140815e-02   2.0923700e-01   2.0909829e-01  -1.1186607e-02  -2.3317508e-01   4.2714555e-01  -1.1841039e-01  -1.3193657e-01  -4.9539519e-02   3.1433998e-02   1.9394427e-01  -2.2982355e-01  -1.1145181e-01   1.5486452e-01   1.6296743e-01  -1.3650163e-01   2.8039236e-02  -3.6744225e-01  -6.1892784e-02   5.4353927e-01   1.7916166e-01  -2.6892393e-01   4.6519391e-01  -2.9990393e-01   3.0726396e-01  -2.2427134e-01   3.8258391e-01  -2.6293127e-02   2.1820060e-01  -5.9641052e-02   1.9934184e-01  -3.6430678e-02  -2.2592673e-01  -7.3682541e-02   2.1805620e-01   2.0211723e-01   2.8170456e-02  -2.3840309e-01   1.9026598e-01  -4.2764205e-01   1.1106868e-01   1.8220113e-01  -9.6801275e-02  -3.2896802e-01   1.7722681e-01   6.8034750e-02   8.9306406e-02   1.5864483e-01  -3.8857151e-01   3.4639807e-01   6.5638559e-02  -2.3334759e-01  -3.3728712e-01
  -1.2510024e-01  -1.8985996e-01  -3.3308671e-01   1.0018057e-01   4.1936047e-01   1.8681762e-01  -3.1360401e-02   4.8817429e-02  -1.3800168e-01  -2.7856058e-01   0.0000000e+00  -3.6042334e-01   1.8550446e-01  -2.2829859e-02  -3.7386492e-02  -1.7052545e-01  -3.3480547e-01   3.6971871e-01  -9.6425748e-03   4.3146942e-01   7.9057334e-02   9.9067117e-02  -5.6927849e-02  -4.1978789e-01  -2.2174320e-01  -3.9371747e-02  -6.2196123e-02  -1.7745779e-02  -2.7261111e-01   6.4860957e-02   1.1853971e-01   1.4302847e-01   3.7469324e-01  -3.2464651e-01   1.5010537e-02   6.0250707e-01  -8.7421909e-03  -4.6643318e-02   4.3473867e-01  -3.5103185e-01   4.8150030e-01   1.3916762e-01  -1.6692009e-02   3.0295930e-01   8.3282528e-02  -1.0070678e-01   7.3249870e-01   9.4617605e-02   1.7716169e-01  -4.1846990e-01   3.9327106e-01  -2.1133598e-01  -1.6125235e-01   2.1648962e-01  -2.3767903e-01  -8.0414218e-02  -1.0254269e-02   4.2404619e-02   3.9724988e-01   9.9558498e-02  -2.0053548e-01   3.4355081e-01  -1.2978153e-01   8.0720574e-02   3.1837010e-02   1.3362824e-01   1.7402291e-01   4.3276707e-03   5.6446836e-01  -5.1750413e-01  -1.7652681e-01   1.4348190e-01   2.2697717e-01  -4.7924639e-01  -5.0650579e-02   3.2512420e-02  -1.5665325e-01   1.7234425e-01   1.8163385e-01   2.2861629e-01  -1.4278004e-01  -4.8961006e-02   3.2592134e-02   1.2046141e-01  -3.4389316e-01   1.4503302e-01  -2.0865540e-01  -2.3856135e-01  -1.0649897e-01  -3.0062756e-01   3.2372462e-02  -2.2329964e-01  -4.2679457e-01   3.9406868e-01   5.2396499e-02   1.6303882e-01   1.6899043e-01  -1.5185183e-01   1.6859016e-01   9.5867840e-02   2.2025208e-02  -8.3194711e-02   9.5336268e-02  -4.7679947e-02   9.3822909e-02  -7.4190702e-03  -2.7687976e-01   6.8608772e-02  -2.2206464e-01   4.3423003e-01  -2.0112812e-01  -3.5745572e-02   4.7445403e-02  -1.2854205e-01  -1.3541881e-01  -1.6720046e-01  -2.4301166e-01   3.0577753e-01  -1.8005405e-02   9.9568638e-02  -7.2172672e-02  -2.5972787e-01  -3.8030226e-01   3.4897932e-02  -1.5895143e-01  -3.6393036e-01  -9.6849806e-02  -1.7934314e-01   8.9766636e-02  -1.1723539e-01   2.5592940e-02   5.8057687e-01  -3.9809294e-01  -5.0280959e-02  -1.6714175e-01   2.3178263e-02   7.7675053e-02   1.0174900e-01  -5.8581111e-02  -1.8039716e-01  -3.4781723e-01   2.7827460e-01   4.4638061e-01  -2.7515243e-01  -1.5301145e-01   1.8429682e-01  -2.0960552e-01   4.0047266e-01  -1.0786117e-01   2.6540068e-01  -3.0811701e-01   9.5291027e-02  -1.2972265e-01   3.4482633e-01  -1.3795463e-01  -1.9165643e-01  -7.0585083e-02   2.8657024e-01  -2.0368426e-01  -1.4772561e-01  -7.6599887e-02   3.9856220e-01   3.3034825e-01   1.8587934e-01  -7.2303529e-02  -3.2247371e-01   2.3797434e-01  -1.5205174e-02  -3.0177438e-01  -1.0151921e-01  -2.1615899e-01  -3.6853691e-01   8.6297475e-02  -1.0828127e-01  -2.3096601e-01   3.9283872e-01   6.7417090e-02
   1.1395704e-01   2.6686022e-01   6.0679519e-01  -1.4314458e-01  -3.1659491e-01   1.4562802e-01   1.4650000e-01  -1.0403271e-01   1.0998883e-01   3.5918312e-01  -3.6042334e-01   0.0000000e+00   4.2382661e-02  -3.6058388e-02   2.1962459e-01   5.2250242e-01   4.9756247e-01  -2.5291927e-01   9.8032402e-03  -3.6281691e-01  -2.9030724e-01  -8.1407953e-02   2.4874473e-01   8.3694740e-02   6.8791605e-02   7.2246264e-02   1.8524733e-01   5.1867439e-02   2.6347299e-01  -1.4669356e-01  -1.4965793e-01  -1.8750485e-01  -2.2388731e-01   2.6310233e-01   5.4983532e-03  -4.4583555e-01  -1.2107997e-01  -7.7269689e-02  -2.6980770e-01   4.4897349e-01  -1.9105915e-01   1.4920789e-01   2.7440398e-01  -2.0286415e-01  -1.8070686e-01  -2.6011981e-01  -4.1870117e-01  -1.0161559e-01  -1.4635784e-02   5.0729064e-01  -3.9354636e-01   2.8705513e-01  -1.1895256e-01  -1.6738003e-01   1.2545928e-01   1.5084856e-01  -4.3413960e-02   1.5576199e-01  -3.0146222e-01   1.5056349e-01   1.9335001e-01   1.1485810e-01   2.0269382e-01  -1.7383887e-01  -1.2582207e-01   1.5238931e-01  -5.7648498e-02   5.3172725e-04  -3.3518196e-01   5.9377388e-01   1.2424612e-02  -3.3631713e-01  -2.3921791e-01   5.6745722e-01  -9.6429202e-02   1.1306786e-01  -7.1960501e-02   2.3665420e-02   1.1536917e-02  -2.8872969e-01   1.9751112e-01   1.8212387e-01   1.9503603e-01  -1.5357076e-01   2.7821625e-01   3.0483528e-01  -1.1040578e-02   1.1509121e-02   2.9118740e-01   2.0058665e-01   1.9306928e-01   3.4404944e-01   5.4537271e-01  -4.2457768e-01  -4.1716626e-02  -7.9862134e-02  -3.9107926e-01   4.1340919e-03  -1.0359031e-01   1.6275764e-01  -7.0232254e-03   3.7354858e-01   7.9638397e-02   3.3911663e-02  -2.4532990e-01  -1.7668339e-02   2.7082539e-01  -3.1816698e-02   1.1398857e-01   8.0844767e-02   4.0060041e-01   7.1458362e-02  -1.2311528e-01   8.6991260e-02   1.6645082e-01  -2.4691245e-01   2.0250445e-01   3.6751025e-02   8.5554462e-02  -3.7803848e-01  -1.7385049e-01   3.4034327e-01   5.1024933e-01  -9.9513913e-02  -8.3503397e-02   2.2458185e-01   2.6809081e-01   5.0439433e-02  -4.2134349e-02   4.0591852e-01  -2.6722147e-02  -3.8104862e-01   4.3669531e-01  -6.3644781e-02   2.8693369e-01   1.0092060e-01  -1.1901797e-01  -8.3446569e-02   3.6132167e-01   3.3213403e-02   9.0115968e-02  -2.4983057e-01  -1.0045963e-01   5.5735688e-01   4.1744995e-01  -1.0578798e-01   2.5977908e-01  -1.0405663e-01   3.0947051e-01  -2.6139073e-01   1.5481258e-01  -5.3664079e-02   8.3046036e-02  -1.1643609e-01   6.1650828e-01  -2.2782595e-02  -1.6794350e-01   2.0850238e-01   2.1165233e-01   3.0527578e-01  -2.0067686e-01  -1.2467840e-01  -8.0578151e-02  -2.0150116e-01  -1.3086360e-01   1.3489529e-02   3.6553306e-01  -2.7775407e-01   1.9532099e-01   2.3975641e-01   2.7980678e-01   7.0735731e-02  -6.4714009e-02   2.0089744e-01   2.3580570e-01  -2.7807786e-01  -2.1671031e-02
   1.4041680e-01   1.8134579e-01  -1.5110227e-01   8.3695419e-02  -8.4258066e-02  -1.9983610e-01  -1.0454771e-01  -1.1729168e-01   8.4745165e-02  -1.1342453e-01   1.8550446e-01   4.2382661e-02   0.0000000e+00  -2.5345182e-01  -5.8189113e-02   3.5339083e-01  -8.1157490e-02   2.9635802e-01  -3.0631134e-01  -1.4997843e-01  -4.7268917e-02   2.3874441e-01   1.1360254e-02  -1.3590178e-01   7.7678838e-02  -8.5799240e-02   2.4600937e-01   1.2992141e-02  -4.5527816e-01   2.8632062e-02   4.7902143e-02  -3.0536593e-01  -1.7958083e-01   2.4888901e-02   8.0145133e-02  -1.9770523e-01  -1.4156734e-01   9.9163847e-02   1.2954574e-01   7.9918518e-02   6.7070193e-01  -1.8049313e-01  -7.9230080e-02  -1.5938931e-01  -2.0690642e-01   4.1023459e-03   8.4453467e-03   6.7021588e-02   3.0218980e-01   9.6978523e-02  -3.3971286e-01  -1.3534123e-02  -9.6237270e-02  -3.4757862e-01  -5.1004825e-02  -3.8069150e-01  -3.0425128e-01  -7.9654046e-02  -1.4352955e-01   1.4676604e-01  -4.7985744e-02   1.3317778e-01  -2.6661088e-02  -8.7022714e-02   1.1596893e-01   1.3207526e-01  -3.2653117e-02   2.2781962e-01  -1.1950339e-01  -1.0763133e-01  -9.2617760e-03  -3.5562034e-01   1.8070160e-01  -2.0095521e-01  -4.2533499e-01   2.0076406e-01  -6.8890812e-02  -4.3597186e-02   7.1390947e-03   2.8595428e-02  -2.4553859e-01   2.0972905e-01  -1.8453886e-02  -1.1645262e-01  -2.6206750e-01   3.1231939e-01  -1.0350494e-01  -1.1697307e-01   3.2745048e-01  -6.7625918e-02   1.4794931e-01  -2.6616640e-01   1.2064765e-01  -2.7453150e-01   9.9490842e-02  -1.9348457e-01  -3.5635270e-01  -3.2434352e-01   2.1997324e-01   1.4733965e-02  -2.7298507e-01   1.2103587e-01  -1.0759515e-01   3.7200124e-01  -2.9236787e-01   1.2928977e-01  -4.6383414e-02  -1.2882494e-01   3.5076949e-03   3.1280540e-01  -1.7991288e-01  -9.4212418e-02   1.6017687e-01   9.9428566e-02  -2.1734103e-01  -1.3764790e-01  -3.2570944e-01   2.7412700e-01   2.5951296e-02  -4.6536586e-01  -2.0172288e-01   1.5597993e-01   2.3716161e-02   5.4357229e-02  -1.1351703e-01  -1.6280457e-01  -2.4541375e-02  -1.4308933e-01   2.4845031e-01  -7.3716718e-02   5.7594478e-01  -3.8409459e-02   7.1300873e-02   1.2826057e-02  -2.4947270e-01   1.9293898e-01  -3.9719919e-01   3.6762838e-02   2.5886377e-01   6.7356592e-03  -4.1869670e-02   3.7567476e-01   8.5633550e-02  -5.0050731e-02   2.5744442e-02   1.5991215e-01  -1.8097088e-01   1.7280301e-01   6.7263559e-02   8.3754850e-02  -1.2954172e-01  -2.7820826e-02  -4.7654117e-01  -3.9643742e-02   1.6732700e-01  -1.7991023e-01  -3.0524871e-02   3.3059922e-01   7.4634607e-02  -1.8348925e-01  -2.9330457e-01   2.9606759e-01   1.2683535e-01   2.0660923e-01  -3.8044712e-01  -2.8085066e-01   1.4306166e-02  -2.0355422e-02  -6.2914117e-02   1.3500887e-01   2.3338336e-02   1.0182248e-01   3.2606777e-01  -2.4139660e-03   1.5467473e-01  -5.5179995e-02   2.0420256e-01
  -7.3456938e-02  -5.8021491e-01  -1.1048600e-01   1.2707190e-01  -4.8384871e-02   3.2495937e-01   5.1125858e-01  -3.6820346e-01  -4.1489643e-01   1.3507131e-01  -2.2829859e-02  -3.6058388e-02  -2.5345182e-01   0.0000000e+00   3.9690388e-01  -1.3737167e-01  -1.5290724e-01   8.7880839e-02  -1.4343564e-01  -3.5852295e-03   3.6989998e-01   3.7001408e-01   4.6611172e-01   4.0248428e-02  -2.4114976e-01  -4.2711034e-01  -6.2412138e-01   2.7181804e-01   8.9561509e-02   3.7290127e-01   3.5899701e-01  -3.6311042e-02  -2.8694512e-02  -5.0495284e-02   2.7344560e-03   7.9586705e-02   2.8371027e-01   1.3848280e-01  -2.7557864e-01  -3.2305270e-01  -1.7182589e-01   1.3519797e-01  -2.5858045e-01   1.8746277e-01  -2.4065508e-02  -4.3322182e-02   1.1898151e-01   4.4856429e-01  -1.4019481e-01  -5.3333475e-01   2.0471707e-01  -2.6040526e-01  -2.6122755e-01   1.7441282e-01   3.4735858e-01   3.7562890e-01   1.7986372e-01   1.3729385e-01  -2.0091310e-01   1.3946047e-01   2.1210440e-01  -1.0768751e-01  -8.1301134e-02  -2.9915922e-01  -2.1530473e-01   9.7900273e-02   8.1389690e-02   1.3058741e-01  -3.9222037e-03   1.3586940e-01  -1.9489041e-02   3.4045320e-02  -4.6370131e-01   1.6220115e-01  -1.5717918e-02   2.3880065e-01  -3.0173152e-02  -7.0912347e-02  -6.1834223e-01   3.8152705e-02   3.5983925e-01  -3.8097102e-01   4.1290153e-01  -3.0430574e-01   5.2766744e-01  -7.5888366e-02   5.9750976e-02   1.2935416e-01  -2.5637311e-01  -2.2043501e-01  -6.4477929e-01   1.7669665e-01  -1.4157456e-01   1.3133192e-01  -6.0626275e-02  -1.5217084e-01   5.5623953e-02  -8.7542094e-02   4.7293965e-02   1.4771764e-01   6.4581504e-01   1.1941141e-01   3.6356040e-01  -2.0396137e-01   3.7553308e-02   1.0894539e-02   1.0763434e-01  -3.2102564e-01   2.4906488e-01  -1.0912013e-01   2.9031029e-01   2.8844139e-01   1.7720501e-01  -7.6732581e-02   5.6694577e-01  -3.6542513e-01  -1.1066470e-02  -4.9417020e-01   5.1824350e-01   4.3521312e-03   9.0532971e-02  -5.4186695e-01   7.9447768e-02  -1.5650117e-01  -5.6996302e-02   6.2622474e-02  -1.6175566e-01  -1.6356633e-02   2.2229750e-01   2.4454015e-01  -3.9000183e-01  -3.3721617e-01  -4.4129136e-02  -2.1749145e-02  -1.8977452e-01   5.3777648e-03   2.6927574e-02   5.9830262e-01  -3.7283954e-01   1.2571741e-01   1.6554428e-02   1.2253697e-01   2.8390397e-01   4.2024021e-01   1.1549979e-01  -3.0812910e-01   3.8833778e-01  -1.9108208e-01   4.4454329e-01  -5.0200874e-01   3.1246710e-01  -7.3357602e-03   1.8412014e-01  -4.5654119e-01  -2.3533039e-01   4.6558253e-02  -5.2330133e-03  -2.5281951e-01   2.7458958e-02   1.3494741e-01  -7.6428318e-02  -1.0148467e-01  -6.5521761e-02   1.3909341e-01  -1.3175256e-01  -2.1187924e-01  -1.2399162e-01  -7.7153939e-02   3.3268250e-01  -3.3251933e-01  -4.8000701e-01   1.2450054e-02   1.1963182e-01   1.9794999e-01  -1.0816138e-01   1.0535608e-01   9.5376387e-02
