   0.0000000e+00   1.1119970e-01  -8.2978115e-02   4.2574239e-01  -3.6856781e-02  -1.1924439e-01  -2.3809172e-01   2.4410404e-01   2.5382626e-02  -8.5123479e-02   5.3351600e-02   1.0831251e-02  -7.2744248e-02   1.3486282e-01  -2.9954087e-01  -8.1845832e-02  -1.1455130e-02   1.2886408e-01   1.3745295e-01   7.9794898e-02  -2.2769857e-01   3.4334887e-01  -2.2126261e-01   5.0254331e-01   2.9462319e-01  -6.1495579e-02   6.3490498e-02  -1.2093132e-01  -1.6829276e-01   2.5627397e-01  -2.2575771e-01  -2.0329870e-01  -7.8453853e-02  -3.3995385e-01  -2.6159478e-01  -2.4294706e-01  -3.1732084e-01   2.5126166e-01  -1.4859492e-01  -9.9897085e-02  -2.1145036e-01   2.1602872e-02   5.3035337e-02   1.4111075e-01  -3.3263797e-01   3.0726683e-01  -2.2273571e-01  -2.2614265e-01  -2.9567997e-01  -9.3058700e-02  -2.5979497e-01   2.0415275e-01  -2.9609092e-01  -1.0941434e-01  -5.2152486e-02   3.0205538e-02   3.1020058e-01  -2.0409446e-01   1.2345129e-01   1.1552082e-01   2.8484635e-01  -3.2990186e-01   1.3214373e-01  -7.1222518e-02  -3.7969568e-02   1.6303643e-01  -1.2868439e-01   4.2663219e-01  -1.0554033e-01   1.1612406e-01  -1.6246252e-01  -2.6624826e-01  -2.3518650e-01   4.9531298e-01   1.8107743e-01   2.8497163e-01   3.1536194e-01   3.6972330e-01  -1.8215103e-01   1.6886973e-01  -1.0105684e-01  -7.0925585e-02  -2.6110844e-01   3.6049248e-01   5.5032804e-01   1.3536124e-01  -1.6020661e-01   4.0790571e-01   1.3432313e-01   5.8574295e-01  -8.9426652e-02   3.0517546e-01  -1.6831138e-01  -9.1597827e-02  -2.3777461e-02  -2.2673073e-01   2.7947989e-01   9.4930180e-02   3.1507123e-01  -1.8553122e-01   3.3988896e-02   1.5163079e-01   8.9056152e-02   4.4294054e-01  -2.4370312e-01   5.2793773e-01  -3.4521660e-02   7.6490832e-02  -1.9684794e-01  -1.6608169e-01  -3.3270341e-01  -5.1602732e-02   4.5883536e-01   6.5172721e-01  -1.6648031e-01  -4.7392935e-01  -4.7379665e-02  -1.1441863e-01  -1.0423379e-01  -1.0717434e-01   5.2784735e-01   1.1682304e-02   7.6448472e-02   2.1536429e-01   3.6569155e-01   2.2031707e-01  -3.5022289e-01   2.2384269e-01   5.2333444e-01   1.0631879e-01  -1.6719487e-01  -4.8919763e-01   5.1255207e-01  -2.5354830e-01  -1.5970238e-01   3.4495708e-01  -1.2345737e-01  -1.5032772e-01   1.9357907e-01   2.6450897e-01   6.5673652e-01  -1.7154421e-01   1.6553504e-01   5.5399436e-02  -2.9843317e-01   1.0855280e-02  -2.4496194e-01   1.5595770e-01  -4.1490493e-02  -3.0459835e-01   5.5182943e-01   1.8309421e-01   1.7511759e-01  -3.1651766e-01  -2.6503452e-02   6.3611837e-01   5.2917220e-01   1.7910431e-01   2.4384149e-01   1.1351253e-01  -3.4186183e-01   1.3437854e-01  -1.2577996e-01   4.7067389e-01  -2.3701532e-01  -2.4824153e-01  -2.8515761e-01   1.9533235e-01   3.5763899e-01  -2.4102129e-01  -5.0929036e-02   4.6328705e-01   4.5680370e-01   2.6107917e-01   3.1566632e-01   1.8144250e-01   5.1552134e-01
   1.1119970e-01   0.0000000e+00   4.2913771e-01  -1.9216074e-02   2.1317092e-01  -1.9835039e-01  -2.3146115e-01   2.2590073e-01   3.6753192e-01  -2.8774154e-01  -1.3565914e-01   4.6998030e-01  -1.6535359e-01  -5.0349364e-01  -4.7342576e-01  -1.3857567e-01   4.2177679e-01  -2.1725849e-01   4.3931334e-02   9.5980122e-03  -6.3106977e-01  -1.1722949e-01  -4.6650657e-01   3.8092712e-01   7.0863727e-03   2.5200228e-01   4.3661350e-01  -5.9876995e-01   2.7287186e-02   2.9152420e-01  -4.2199163e-01  -9.4294029e-02  -8.4568676e-02  -2.4107165e-01  -1.8853644e-01  -2.6753874e-01  -2.5929309e-01   1.3855005e-01  -1.5742647e-01   4.1917919e-01  -2.2135119e-01  -2.1427850e-02   1.2677754e-01  -3.2899866e-01  -1.4217089e-01   3.0653813e-01  -2.4854239e-01  -1.7221873e-02  -4.1381143e-01   5.1163851e-01  -3.7904405e-01   3.3874390e-01   5.0193539e-02  -3.7319936e-02  -3.5957703e-01  -3.3324665e-01   1.4022668e-01  -1.7900457e-01  -1.7836802e-01   1.3334320e-01   2.2338861e-01  -2.8880099e-01   7.2164343e-01  -8.7169007e-03   4.6807768e-01   1.6116025e-01   1.1580974e-01   1.0394077e-01  -9.7744770e-02   1.9894300e-01   7.2303753e-01  -2.2449735e-01   2.8078655e-02   3.1114216e-01   1.1000936e-02   1.0837455e-01   3.0424183e-01  -5.1284372e-02   4.7161335e-01  -5.3700529e-02  -6.3054726e-01   6.2874242e-02  -4.6503964e-01   1.8461424e-01   1.1658515e-01   1.1437694e-01  -8.7420746e-02   4.7572426e-01   8.1378688e-01   2.4697237e-01   6.8363649e-01   1.8508310e-01   2.0176820e-02   4.9276000e-02   5.8665221e-02   4.7798180e-02   1.0354022e-01   1.2800215e-01   2.8437188e-02  -3.1977900e-01  -4.6428170e-01  -7.2245335e-02  -6.0805843e-01   3.3423823e-01  -1.2960383e-01   8.2455795e-02   2.0373252e-01   3.4937837e-01  -2.4508678e-01   1.0028566e-01  -3.8031826e-01  -2.0651687e-01   6.9230791e-02   2.2201304e-01  -4.1856258e-01   1.8138898e-01   3.9571318e-02   1.4142851e-01  -3.4607234e-01  -4.4153521e-01   2.1975768e-01   5.4942255e-01   3.7317458e-01   4.3539609e-01   1.9970950e-01  -5.1147574e-02  -1.4582212e-01   4.5647476e-02   1.9171841e-01   5.3762859e-01  -1.3937029e-01  -4.7630450e-01   1.7644506e-01  -3.0056714e-01   6.3344752e-02   9.8076967e-02  -9.4628761e-03  -4.1515630e-01   1.6572057e-01  -6.7064192e-02   8.1640874e-02  -2.4340895e-01   4.2099086e-02   1.5482315e-02  -3.5345255e-01  -3.3240554e-01   1.9356350e-01   4.8680282e-01  -1.5023148e-01  -9.8963964e-02   2.3876415e-01  -4.3826296e-01   2.6416998e-02  -2.0556208e-01   7.2633158e-01   2.6132682e-01   2.0432378e-01   6.2609028e-02   2.7795990e-01  -4.0288280e-01  -9.8614637e-02   2.1479800e-02  -1.9400638e-01   1.4354016e-01  -2.3723710e-03   1.5128692e-01  -4.2788170e-01   1.0579559e-01  -5.1181567e-02   5.9167070e-01   5.4393293e-01   1.0428259e-01   1.2164081e-01   3.5548881e-01   1.3265366e-02  -3.7815449e-02   1.2647768e-01
  -8.2978115e-02   4.2913771e-01   0.0000000e+00  -3.0477830e-01   1.8699036e-03   8.5853523e-02  -4.0201076e-01   1.2576257e-01  -6.2081320e-02  -5.8438476e-01  -1.0761953e-01   3.3715198e-01  -3.0712686e-01  -1.3168475e-01  -4.3221798e-01  -1.3319042e-01   8.6206335e-01  -6.0281957e-01  -5.9461394e-02  -2.0053684e-01  -6.2240098e-01  -5.5250870e-01  -5.6264112e-01  -4.5076649e-02   7.9372331e-02   1.7746776e-01   3.1748455e-01  -3.2073447e-01   3.0793489e-01  -4.3719730e-01  -5.2799329e-01   1.9935701e-01   3.6671558e-01  -3.1193489e-01  -2.2323615e-01   1.6475369e-01  -3.1358623e-01   1.1510116e-01  -4.8074640e-02   5.3153665e-01  -1.1879827e-01   4.2472017e-01  -1.3745377e-01  -3.0104397e-01   3.9413823e-02   5.6650280e-01   2.1410644e-01  -4.3500415e-01  -2.4590807e-01   7.2468283e-01  -2.7890118e-01   1.2856214e-01  -3.2500935e-01   5.6269301e-01  -3.2329587e-02  -1.8259405e-01   1.4604734e-01   7.7724582e-02  -9.1409585e-02   5.3786569e-02   4.2746123e-01  -2.9753911e-01   3.3567677e-01  -2.9533732e-01  -3.0554994e-01  -1.6161902e-01   2.4145962e-01  -1.9570843e-01   7.5137279e-02   3.6344789e-01   4.2185220e-01  -4.4850986e-02  -1.0486016e-02   3.0251554e-01  -4.6756040e-02  -5.4920212e-02   3.9230152e-01  -9.9788351e-02   1.4990184e-01   1.0661717e-01  -4.1477992e-01  -2.0008400e-01  -3.5200375e-01   1.6944720e-01   2.8343411e-01   1.2339542e-02  -3.8229688e-01  -2.6832370e-02   5.1162865e-01   3.6070748e-02   4.7631979e-01   5.3438300e-01   2.4648943e-01  -1.8459591e-01   2.3784170e-02   2.0113454e-01  -4.3427181e-01   2.1250891e-01  -1.3189279e-01  -5.6643641e-01  -1.8367174e-01  -4.1375398e-01  -5.1967974e-01  -2.1050173e-01  -4.1497777e-02  -1.8208383e-01   4.5125592e-01   2.9506227e-01  -5.9153828e-02   1.9185216e-01  -1.3776365e-01  -3.3027702e-01  -2.6820571e-01   4.7190780e-02  -2.4687368e-01   2.2578565e-01  -6.1038182e-02  -1.6823609e-01  -1.4673493e-02  -1.6360793e-01   7.1220513e-02   7.2896656e-01   1.8394918e-01  -2.2066554e-01   5.2114518e-01   1.1117494e-01  -2.2823081e-01   2.6419319e-01  -3.5919207e-01   5.3688767e-01  -2.1398249e-01  -4.0201249e-01   2.8481897e-01  -4.8649620e-01   1.7272439e-01  -6.7202106e-03   5.1180989e-01  -4.1885655e-01   3.9217349e-02  -3.7428667e-01  -2.6928718e-01  -1.4983180e-01  -1.1563033e-01  -2.0878553e-02  -5.0766052e-01  -5.6590765e-01   4.0197121e-01   1.0272450e-01  -8.3147834e-02  -6.0488398e-01   3.4441676e-01  -3.3945917e-01   5.1187523e-01  -3.2531680e-01   7.8031297e-01  -9.9212109e-02   9.2747067e-02  -2.6579414e-01   5.0202175e-01  -4.0247354e-01   1.1435961e-01   2.8952909e-02  -5.5840193e-01  -3.7034176e-01   3.6886280e-01  -1.3837574e-02  -2.7436433e-01   1.0578125e-01   1.6047000e-01   6.0256731e-01   5.4886046e-01  -1.0277509e-01  -3.4764117e-01   4.1099729e-01   4.5061473e-02   1.0031438e-01  -8.0813969e-02
   4.2574239e-01  -1.9216074e-02  -3.0477830e-01   0.0000000e+00   2.3348426e-02  -1.6191346e-01  -1.5695154e-01  -3.9657686e-02   4.8087298e-04   2.9447272e-02  -1.3555045e-01  -3.2370645e-01   4.9004448e-02   1.5009922e-01   5.0811572e-02   8.7941983e-02  -2.4635744e-01   6.6685086e-01   1.1060145e-01   2.7956472e-01   2.4163113e-01   6.0252345e-01   1.2897414e-01   2.0748133e-01   4.8878691e-01  -1.0317659e-01  -1.4614350e-01   1.4770205e-01  -5.3152421e-01   3.4840700e-01   2.5118419e-01  -5.9188166e-01  -1.3018928e-01   3.9863296e-02  -2.2038188e-01  -2.6732935e-01  -2.9577712e-01  -2.5214103e-01   2.9672137e-02   1.5743850e-02  -1.8638854e-01  -1.5665641e-01   2.5401954e-01   3.8776728e-01  -6.1761118e-01  -9.0191152e-02  -3.1587153e-01   8.4627651e-02  -2.1272501e-01  -3.2041931e-01  -4.1020077e-01  -7.5778351e-02  -9.7632574e-02  -2.7989955e-01   4.5530965e-02  -1.1418235e-01   6.8971220e-02  -4.6467782e-01   2.7177102e-01  -1.6948919e-01  -1.2296247e-01  -3.3032549e-01   1.4509169e-01  -6.9699691e-02   1.1374787e-01  -1.9603347e-02  -3.4449869e-02   8.9841809e-01  -1.1442067e-01   1.6423594e-01  -2.9212368e-02  -4.7851284e-01  -3.1710885e-01  -7.2898995e-02   3.6210681e-01   1.5045594e-01  -1.9917932e-01   3.0486838e-01  -2.2462014e-01   3.8007937e-01   8.9733891e-02  -1.1129024e-01   1.1054635e-01   3.8193060e-01   1.8678250e-01  -6.7142058e-02   1.0053219e-01   2.9539880e-01  -4.9419245e-02   7.5063174e-02  -2.4643984e-01  -1.9910320e-01  -1.2447303e-02  -1.0384793e-01  -3.2606741e-01  -2.9597955e-01   4.5874882e-01  -1.3288855e-01   7.6249785e-01  -7.2475614e-02   2.2188586e-01  -1.1915289e-02   3.9804873e-01   4.6521667e-01  -5.0867336e-01   9.2431729e-01   1.4034618e-01  -2.3160068e-01  -2.5519879e-01   7.6164260e-02  -2.9445618e-02  -1.9573548e-01   9.7084803e-01   2.4321988e-01   1.1256525e-01  -2.5393027e-01  -1.6052060e-01  -1.2374905e-01   6.7316721e-02  -2.3502914e-01   1.4904749e-01  -2.0823748e-01   1.9374877e-01   4.1405330e-01  -1.4505705e-01  -4.6767638e-02  -2.0856162e-01   2.4250786e-01   7.7042861e-01   6.2337124e-02  -5.2162965e-02  -2.1701441e-01   2.2833748e-01   1.6589780e-01  -2.7677457e-01   2.8479461e-01  -3.0027403e-01   3.2884933e-01  -1.1390274e-01   2.9743110e-01   3.9394831e-01  -1.4365213e-01   1.6674652e-02   1.4079082e-01  -7.9802155e-02   5.1914411e-01  -1.4059183e-01  -2.9393259e-02   1.1546906e-01   4.9894881e-03   2.1288713e-02   4.6250633e-01  -2.7696259e-01  -1.7539450e-01  -1.7282365e-01   2.8319232e-01   1.7074500e-01   1.1032329e-01   4.9034536e-02   1.5388942e-01  -6.1469116e-01  -5.0622208e-02  -7.8707405e-02   9.0301392e-01  -6.4590196e-01  -1.3455608e-01  -2.7583262e-01   2.0508031e-01   4.9321836e-01  -2.1527493e-01  -1.3454095e-01   2.8080162e-01   9.0557442e-01  -6.3391097e-02   1.7903140e-01   5.0550991e-01   9.0820404e-01
  -3.6856781e-02   2.1317092e-01   1.8699036e-03   2.3348426e-02   0.0000000e+00  -1.7355616e-02  -8.4689978e-02  -2.5210121e-01  -1.9768656e-01   4.2348988e-02   1.1913822e-02   2.2092285e-02   5.5166474e-01  -1.5811811e-01  -2.0318759e-01  -1.0155089e-01  -6.3493329e-02   2.3988959e-01  -3.1112729e-01   7.7741386e-01  -5.9002602e-02   1.0576550e-01  -2.6006184e-01  -1.7932961e-01   1.9738545e-01  -2.9212281e-01   1.4817074e-01  -1.9239386e-01   1.2700821e-01   1.8983300e-01  -5.7602942e-02  -1.4430080e-01  -4.8808622e-02  -1.9265215e-01  -3.9752778e-01   1.8227887e-01   4.0443546e-01  -6.0513809e-02   1.2897121e-01  -4.0569877e-03   5.0000552e-01  -1.3788606e-01  -1.1398461e-01   3.2793105e-02  -4.6628483e-02  -2.3255747e-01   7.3871412e-02  -2.7501362e-02   3.8496050e-01  -3.1998269e-02  -7.5944464e-03  -3.2063521e-01  -1.3555246e-01  -1.0842646e-01  -9.4776569e-02  -3.4546508e-01  -3.6150554e-01  -1.4663480e-01   1.2852182e-01  -1.6498419e-01  -1.8578730e-01   4.2004084e-01   1.3708307e-01   9.6031068e-02   3.3495976e-01   2.0962996e-01  -2.2065809e-02   1.5366649e-01  -1.2478722e-01   4.7931686e-02   2.4583745e-02  -1.6209357e-01   3.2992965e-01  -2.0853477e-01   6.8724591e-03   2.3329718e-03  -1.9424921e-01  -1.4258195e-02   1.7886865e-01   2.9866020e-01  -3.3305895e-01   1.4410063e-01  -1.8693390e-01  -2.7852797e-01  -2.2713709e-01   3.4374815e-02  -1.9815968e-01  -9.2248276e-02   1.7777376e-01  -1.0622344e-01   3.0027237e-01  -1.7398815e-01  -9.4550355e-03  -1.9361599e-01  -1.1581807e-01   8.1530045e-01   2.6712855e-01  -4.2409654e-01   3.5779979e-01   3.5649837e-02  -3.3152450e-01  -4.1778388e-03  -2.1956315e-01   1.2224637e-02  -1.2721899e-01   1.5878174e-02   1.4725650e-01  -1.5458071e-01   4.8381095e-01   8.0489660e-02  -1.2652195e-01  -1.3681820e-02   6.5013727e-02  -1.2737635e-01  -2.1938465e-01  -9.1843350e-02  -2.2860247e-01   3.2141142e-01  -1.0856164e-01  -1.4445685e-01  -1.9426755e-01   2.3658429e-01   2.2000178e-01   1.4730629e-01  -2.8519764e-01  -4.2661395e-01  -3.8972969e-02  -6.5850587e-03   6.4602258e-02  -5.6113809e-02   3.0578381e-01  -1.1841583e-01  -2.6342343e-01  -8.2787508e-02  -2.2660495e-01  -1.8591831e-01   5.6025490e-02  -2.5528946e-01  -1.2104389e-01  -8.8600590e-02  -1.4676849e-01   5.5645780e-01  -1.3811216e-01  -5.3889510e-03  -1.6455803e-01   5.6490242e-02  -1.0022701e-01   2.7042519e-01   2.9983148e-02  -2.4588964e-02  -2.1666809e-01  -3.4181988e-01  -1.0682543e-01  -2.5906123e-02   1.6200276e-01  -2.3815835e-01  -2.0172669e-01   2.7095147e-01  -1.3412911e-01  -4.4209994e-01  -1.1054548e-01  -1.0921751e-01   3.3856061e-01   1.3806418e-01  -1.6546807e-01   1.4897996e-01  -2.1233257e-01  -1.3711411e-02   1.7486871e-02   7.9225376e-02   1.3412440e-01  -1.3387665e-01   1.3434684e-01  -1.0424251e-01  -1.2765032e-01   1.5079080e-01   6.4343863e-02
  -1.1924439e-01  -1.9835039e-01   8.5853523e-02  -1.6191346e-01  -1.7355616e-02   0.0000000e+00   6.0378515e-01   9.2711901e-02  -2.2528788e-01   2.4970114e-01   4.2842604e-01   4.2869807e-01  -1.4774909e-01  -1.4223750e-01   2.3778878e-01   3.2109868e-01  -1.0591879e-01  -1.3886989e-01   2.2502400e-01   1.3678666e-01   2.5241426e-02   3.1373637e-02   1.7147743e-01  -3.3130197e-01  -1.7062600e-01   9.5977261e-03   5.6214559e-01   1.1333193e-01   2.2012593e-01   4.5179977e-02  -1.3006437e-01   2.2359858e-01   2.6812588e-01   2.7104125e-01   1.4252918e-01   4.4069385e-01  -2.2160111e-03  -2.2733481e-01   2.8066820e-01   4.1337637e-01  -4.1374070e-02   1.6307151e-02   7.9188982e-02  -2.4621165e-01   2.5374479e-01  -8.9786684e-02   5.0261505e-01   2.1122443e-01  -1.3400628e-01  -1.8126284e-02   2.6926379e-01  -4.9829443e-02  -1.9430227e-01   1.5696899e-01  -2.3188183e-01   2.5097437e-03   1.7562848e-01   1.6968239e-01   1.3386269e-01  -1.4753968e-01  -1.8200811e-01   1.6333695e-01  -1.8356307e-01  -1.0558432e-01  -2.6027974e-01   2.1445312e-01   6.0801458e-01  -2.2345547e-01   5.6998772e-01   5.6779917e-01  -1.5264911e-01   2.4188143e-01  -2.4704345e-02  -2.3064614e-01  -2.7486470e-01   1.1016016e-01  -1.3796260e-01  -3.3792539e-02   1.3078073e-01  -8.2047379e-02   1.7454296e-01   1.3921567e-01  -2.1285536e-02  -2.7414577e-02  -2.8028513e-01   8.8967932e-02  -1.5993592e-01  -3.3281735e-01  -1.2203550e-01  -2.3600457e-01  -2.1323863e-01  -1.0451216e-01   2.9966001e-01   1.6500550e-01  -1.9376084e-01   8.8383363e-02  -9.0224652e-02   1.7722038e-01  -1.6222862e-01   3.1569313e-01  -2.4525586e-01   1.3097717e-01  -4.0915676e-02  -2.2874563e-01   2.8980938e-01  -1.9632508e-01   6.5360037e-03   3.5343083e-01  -6.8330308e-03  -8.4255190e-02   3.0997434e-01   1.0470347e-02  -2.0500537e-01  -1.0869117e-01   2.3390444e-01  -1.3799253e-01  -1.1398688e-01  -1.6263561e-02  -9.8528725e-04   1.4581036e-01  -1.9332425e-01   2.8825335e-02  -9.0712706e-02  -3.9303224e-01   1.6952925e-02  -2.2111485e-01   2.6248500e-01  -1.9970609e-01  -1.9180057e-01   1.7347501e-01   5.0444972e-02   1.8094448e-01  -1.6523337e-01  -1.2570618e-01   1.8574347e-01  -6.2859354e-02  -6.2730985e-03   2.7179429e-02  -1.3197509e-03  -2.3275364e-01  -1.6661503e-01  -9.8039859e-02   3.0088222e-01   6.1650148e-01   2.1304014e-01  -1.4679852e-01   4.4657992e-01  -1.9940650e-01   4.0255759e-01  -1.6116892e-01  -1.4243511e-01  -2.4354662e-01  -1.9925714e-02   4.2420078e-03   6.5177905e-02  -2.3933835e-01  -1.6429231e-01   7.9247469e-02  -2.5041629e-01  -2.7791006e-02   8.5525928e-02   3.4182107e-01  -7.3119527e-02  -2.2946658e-01   1.7083354e-01   3.0577078e-01   1.7122398e-01  -7.3167690e-02  -2.8355711e-01  -2.1622065e-01  -7.0481819e-02  -3.7749471e-01  -2.5339724e-01   1.7458196e-01   2.6770582e-02  -1.2752316e-01  -1.5372986e-01
  -2.3809172e-01  -2.3146115e-01  -4.0201076e-01  -1.5695154e-01  -8.4689978e-02   6.0378515e-01   0.0000000e+00  -1.7524492e-01  -4.6710118e-02   5.7627189e-01   2.2294194e-01   3.7756927e-01   9.4730187e-02  -1.7965806e-01   5.5664170e-01   4.8657106e-01  -5.4392722e-01   1.5438717e-01   2.7157318e-02   7.7955692e-02   3.7589396e-01   2.1323449e-01   5.3304185e-01  -2.3677495e-01  -3.4772845e-01  -1.1826223e-01   3.3976814e-01   2.6177573e-01   1.6254219e-01   3.2601853e-01   1.9106985e-01   1.0104274e-01  -4.6670788e-02   6.8559635e-01   3.8132150e-01  -1.9506134e-02   2.2342791e-01  -1.7225871e-01   3.3174958e-01   1.2940875e-01   9.0522934e-02  -8.3505407e-02   2.2027176e-01  -1.8188573e-01   3.6692747e-01  -3.8233170e-01   4.1764501e-02   6.2577460e-01   7.9710789e-02  -2.2182536e-01   4.2147167e-01  -1.7750605e-01   3.4908910e-01  -2.3979598e-01  -2.0900047e-01   5.6254200e-02  -2.0476134e-01   1.7078126e-01   3.8416928e-02  -2.4491398e-01  -4.3570362e-01   4.1721608e-01  -2.4187982e-01   8.6829911e-02   1.8463437e-01   3.1972898e-01   2.5213600e-01  -2.1458509e-01   1.2511366e-01   2.6498211e-01  -7.5326047e-02   3.7080717e-01   1.9748524e-01  -4.6415159e-01  -3.9007675e-01  -1.3487537e-01  -2.4685234e-01  -2.6061896e-01   1.6527847e-01  -2.9431348e-01   4.0001361e-01   4.8515238e-01   1.7833289e-01  -2.8700479e-01  -5.8045669e-01  -8.1866781e-02   2.0599639e-01  -2.0944331e-01  -3.1676773e-01  -2.7718834e-01  -3.0047100e-01  -4.9080073e-01   2.7298554e-01   2.9177979e-01   3.4016951e-02  -3.8579772e-02   1.4795914e-01  -1.1126209e-01  -1.6511227e-01   7.9310753e-01  -1.6964076e-01   3.5544293e-01   1.0089310e-01  -2.0285977e-01   3.9456317e-01  -2.9533942e-01  -1.7983502e-01   6.7752039e-03   1.2425078e-02  -5.4964063e-02   5.0630406e-01   2.1120296e-01  -1.7335202e-01  -2.1476808e-01   3.8008496e-01  -1.0265827e-01  -1.1325577e-02   3.0202947e-01   5.7259442e-02   1.6417055e-01  -2.5354375e-01  -3.7702750e-01  -2.2980207e-01  -9.1616108e-02  -3.5489046e-01  -3.5919265e-01   6.1049738e-01  -3.8594800e-01  -1.1445444e-01  -7.7004699e-02   3.0765654e-01   3.7042514e-01  -4.8558103e-01   2.9646193e-01   2.1559100e-01  -3.2229272e-01  -1.9931190e-01   3.2630080e-01  -1.6479363e-01  -4.2984912e-03  -2.8771058e-02   3.6823110e-02   2.2649734e-01   5.8189812e-01   6.8894612e-01   2.0406382e-01   3.7143455e-01  -6.1260715e-02   3.8460796e-01   4.9679633e-01  -4.5899420e-01  -1.6688916e-01  -3.8194446e-01   2.3689765e-01  -2.5932353e-01  -7.5101819e-02  -3.0898647e-01   2.5981234e-01  -6.1773728e-01   1.2200378e-01   2.5178158e-01   1.1940352e-01   3.3406434e-01  -9.4490896e-02  -6.5612383e-02   5.8267514e-01   3.7009511e-01  -1.2642486e-01  -5.3139633e-01  -3.8305331e-01  -9.6423249e-02  -2.7528305e-01  -1.1573722e-01  -8.0150772e-02  -1.3329916e-01  -3.6464043e-01  -3.2314810e-01
   2.4410404e-01   2.2590073e-01   1.2576257e-01  -3.9657686e-02  -2.5210121e-01   9.2711901e-02  -1.7524492e-01   0.0000000e+00   1.6076717e-01  -1.4807338e-01   4.0610017e-01   3.6420604e-01  -4.5374921e-01  -3.6614415e-01  -3.7474262e-01  -1.0161499e-01   1.7984046e-01  -1.9926096e-01   4.6577218e-01  -2.3660173e-01  -5.2174448e-01  -9.2635118e-04  -2.8537788e-01   2.9849958e-01  -7.3037785e-02   4.9079560e-01   2.6317636e-01  -4.1995793e-01  -9.0877973e-03   1.4334402e-01  -2.1195316e-01   2.2529478e-01  -2.3170344e-02  -3.9190217e-01   1.7918257e-02  -7.0743315e-02  -2.6571366e-01   1.1799705e-01  -2.1547539e-01   6.2074622e-02  -5.5945654e-01   4.2425744e-02  -7.6403602e-03  -8.3917071e-02   1.2436884e-02   3.7188076e-01   4.7875481e-02  -3.2032636e-01  -4.6817164e-01   1.6595616e-01   3.2724385e-02   7.5092293e-01  -3.1268963e-01   6.3671636e-02  -3.1743519e-01   6.2624169e-02   6.6354821e-01   2.4357615e-01  -7.8587988e-02   5.2815381e-01   3.8830269e-01  -3.0869347e-01   1.1391091e-01   3.7067083e-01  -2.6188235e-02   6.5984759e-02   1.4880432e-01  -3.5175853e-02   4.5597985e-01   8.5702696e-02   2.0295092e-02   7.6140179e-02  -3.4093564e-01   3.6689378e-01   1.2707128e-01   7.0650144e-01   4.3314864e-01   4.4382727e-01  -1.0864532e-01  -2.1575038e-01  -2.8555438e-01  -2.0155946e-01  -3.8865061e-01   4.8996988e-01   2.0936969e-01   7.3747573e-01  -1.5520579e-01   3.0531259e-01   3.8772748e-01   2.8665812e-01  -8.2387267e-03   3.3938357e-01  -3.2068531e-01   2.4018428e-01   1.7506842e-01  -3.6225978e-01   1.9032518e-05   7.0774439e-01  -2.5725008e-01  -3.0208378e-01  -2.3669161e-01   2.8509175e-01  -2.5956432e-01   3.2965804e-01   2.2891679e-01   2.0741307e-01  -9.5236414e-02   7.3368985e-01  -3.5292140e-01  -5.2178917e-01  -4.7435956e-01   2.3833572e-01   7.1433144e-03   3.4882295e-01  -3.4397326e-01  -3.1379296e-01   2.9533236e-01  -2.8367613e-01  -4.3359011e-01  -7.2344671e-02   3.5472265e-01   6.2973062e-02   6.5149962e-03   8.3204826e-03   3.8241606e-01   3.7297684e-01  -2.0823122e-01   9.4153530e-02   1.8008137e-01   2.2626237e-01  -3.2373003e-01  -2.8671093e-01   3.0781025e-01  -4.0369663e-01   1.9692600e-01   7.5287641e-01  -6.1762220e-02  -3.2660531e-01   8.1195880e-01   3.2027933e-02   1.7812082e-01  -5.3616467e-01   5.2666408e-01   5.6311903e-03  -2.2110027e-01  -3.1756435e-01  -7.9878142e-02  -9.4048501e-02  -2.8834036e-01  -2.6928523e-01   3.6045378e-01  -9.5689698e-02   4.9046209e-02  -6.9670539e-02   1.2627362e-01   2.7828430e-01   4.0865419e-01  -1.2514331e-01   2.7895497e-01   1.0159690e-01   1.4646986e-02   5.8171070e-01  -3.0383967e-01   4.9779348e-02   3.1031049e-01  -4.3040619e-01  -2.0106218e-01   1.3595505e-01  -1.4316280e-01  -7.7631779e-02  -1.4563155e-01   2.2963647e-01  -1.6564267e-02   4.2146236e-01   2.0758976e-01  -2.0130348e-01   2.1164303e-01
   2.5382626e-02   3.6753192e-01  -6.2081320e-02   4.8087298e-04  -1.9768656e-01  -2.2528788e-01  -4.6710118e-02   1.6076717e-01   0.0000000e+00   7.2655316e-02  -2.1745125e-01   1.0016306e-01  -1.8417673e-01  -2.2561979e-01  -7.1343871e-02  -2.0531592e-01   6.2762887e-02  -1.1983787e-01   1.9399520e-01  -1.5670256e-01  -1.8544368e-01   6.1616411e-02  -4.8549718e-03   5.1500180e-01  -4.9391405e-02   3.0562748e-01  -2.6243039e-02  -2.5957164e-01  -1.2230691e-01   2.9260709e-01  -9.7129806e-02  -7.6908643e-02  -4.0372158e-01  -5.0468108e-02   2.3427036e-01  -3.0649605e-01  -3.8662381e-01   2.7297486e-03  -3.3004680e-01   1.7991916e-02  -3.2933888e-01  -1.8312893e-01   4.5137115e-01  -2.0048440e-01  -6.5626779e-05   7.2013749e-02  -3.3918993e-01   3.8049089e-02  -4.7544898e-01   1.5051032e-01  -1.3468373e-01   3.6923422e-01   1.5662678e-01  -1.1098377e-01  -4.9043763e-02  -6.4906638e-03   2.2168025e-01  -1.0804519e-01  -3.9324447e-01   3.1116263e-01   4.0297305e-02  -2.0986424e-01   5.6034406e-01   1.5841031e-01   2.0434965e-01   1.1018718e-01  -1.4112297e-01  -3.2568879e-02  -1.1957794e-01  -7.4883860e-02   2.2824628e-01  -1.0896853e-02  -7.4849652e-02   3.6748071e-01   1.1698188e-01  -2.0763896e-02   1.1949137e-01  -6.9900153e-02   2.3861534e-01  -4.4798256e-01  -2.1371418e-01  -2.3756122e-03  -1.9684080e-01   1.3746423e-01   1.4669719e-01  -5.2040114e-02   5.2457032e-01   4.0683990e-01   3.2626236e-01   3.4751231e-01   2.1724217e-01   4.6145534e-02  -2.9112013e-02   5.0398646e-01   8.0054925e-02  -3.8464847e-01   1.3888595e-01   1.8904427e-01  -2.0395870e-01  -1.1620081e-01  -1.5135345e-01   2.6063328e-02  -2.5379516e-01   5.1209158e-01  -5.2719188e-02  -1.7593996e-02  -1.4209079e-01   1.3481516e-01  -4.3059983e-01   3.2241597e-02  -1.4957764e-01  -3.4084136e-02   6.2345083e-02   1.7298687e-01  -1.8038541e-01   1.8355003e-01   1.7712735e-01   9.8803762e-02  -1.9693229e-01  -1.7328007e-01   2.7470098e-01   7.5138293e-02   4.0529433e-01   3.9190453e-01   1.8720331e-01   2.7105610e-01   7.3481188e-02  -2.6476085e-01   2.3915233e-01   1.8345535e-01  -1.4667127e-01  -8.7511703e-02   1.2857362e-01   3.0340276e-02   2.7565125e-01   1.1958265e-02  -3.4874459e-01  -1.2895595e-01   1.2152675e-01   2.1542614e-01   1.6407319e-01  -3.2128040e-01  -7.1686476e-02  -1.2183553e-01  -2.7974053e-02  -1.3577968e-01  -6.7657882e-02   3.0721655e-01   3.2314187e-02   6.8158869e-02   2.8111370e-01  -1.1559242e-01   1.8783023e-02  -1.1932768e-02   9.4877015e-02   2.8930555e-01   2.4171303e-01   5.9205769e-04   2.0451817e-02  -1.0041819e-02   8.5923039e-02  -1.5494594e-01   8.7129441e-02   1.3776019e-01   2.2062965e-02   2.3152872e-02  -1.3188097e-01  -2.9228401e-03  -8.0286433e-02   1.8182564e-01   1.5959275e-01   1.9362733e-01   1.2494659e-01   1.6599622e-01  -9.0033506e-02  -2.8732895e-01  -1.1609735e-02
  -8.5123479e-02  -2.8774154e-01  -5.8438476e-01   2.9447272e-02   4.2348988e-02   2.4970114e-01   5.7627189e-01  -1.4807338e-01   7.2655316e-02   0.0000000e+00   1.4009809e-01   1.3528450e-02   3.5839296e-01  -5.6295610e-02   3.8662510e-01   9.4264813e-02  -5.3061529e-01   3.3694525e-01  -1.3670344e-02   2.6664407e-01   4.3157732e-01   2.7755675e-01   5.9768174e-01  -5.9002861e-03  -1.6868650e-01  -1.5516293e-01   1.2710639e-01   3.1735996e-01  -5.4110561e-02   2.8475403e-01   2.9403126e-01  -8.7756938e-02  -3.1524306e-01   4.3207937e-01   2.7316295e-01  -6.6537319e-03   4.0750737e-01  -1.9034312e-01  -3.6732749e-02  -8.1886337e-02   1.7511479e-01  -3.0017533e-01   1.5290427e-01   1.1914995e-02   1.3005961e-01  -3.7312400e-01  -8.9570386e-02   5.0856701e-01   1.1861365e-01  -3.4152603e-01   3.2389245e-01  -1.3482201e-01   3.1972270e-01  -4.4566112e-01  -8.4171306e-02   5.6989304e-02  -7.8370828e-02   4.0747276e-03  -7.5310690e-02   3.7579683e-02  -3.1350940e-01   4.6781634e-01  -3.2098651e-01   1.5259894e-01   1.1919797e-01   3.6652066e-01  -1.5387120e-02   9.6398049e-03   2.3301308e-02   1.5952983e-01  -2.2983689e-01   2.2084880e-01   1.1862054e-01  -2.5535273e-01  -1.2902080e-01  -9.0886047e-02  -2.6316061e-01  -3.9076087e-02  -7.1911770e-03  -2.2909653e-01   3.4881750e-01   3.6593662e-01   1.9137438e-01  -1.7775988e-01  -3.5501480e-01  -3.6368185e-02   1.2055720e-01  -1.8139523e-02  -3.3586663e-01  -6.0202007e-02  -3.9835695e-01  -4.1584645e-01   1.2614238e-02   3.0505395e-01  -4.3928480e-02  -1.2644257e-02   4.1493629e-01  -2.0303078e-01  -1.2917532e-02   6.4006695e-01  -2.1810923e-02   2.0787852e-01   2.1273868e-01   1.2624052e-01   1.4147193e-01  -6.5590242e-02  -3.5682576e-01  -1.9156902e-01   1.2785714e-01  -2.6829765e-01   2.6394251e-01   2.1867799e-01   3.6614043e-02  -5.8428171e-02   3.8097041e-01  -2.0800392e-01  -8.0014955e-02   3.9030591e-01   8.9751964e-02   4.9654500e-02  -1.2876259e-01  -4.9953806e-01  -1.4758606e-01  -1.6254573e-01  -3.1427541e-01  -6.9423069e-02   1.7423806e-01  -4.4203395e-01   1.3139118e-01  -2.4832493e-02   2.4360002e-01   3.9127747e-01  -2.7469050e-01   4.5307944e-01   6.5598346e-03  -1.7091711e-01  -4.0249719e-01   3.0724723e-01  -7.7838533e-02   1.7404960e-01   9.3142158e-02   1.5612068e-01   8.8344843e-02   4.0869470e-01   4.1545613e-01   1.0183874e-01  -4.7332214e-02  -5.8582983e-02   3.4701497e-01   4.7874301e-01  -2.3380415e-01   9.7062131e-02  -3.7702293e-01   3.0022191e-01  -4.1532050e-01  -1.0894401e-01  -1.0042051e-01   2.1629168e-01  -4.1433225e-01   2.4850133e-01   2.0400775e-01   1.3594630e-02   6.6949521e-01   7.4302456e-02  -1.5610023e-01   1.7424636e-01   3.6840359e-01   2.5010376e-02  -2.1704799e-01  -4.0836923e-01  -2.7013672e-01  -1.0270114e-02   7.3797287e-02  -2.8188153e-01  -1.2304679e-01  -2.4168889e-01  -1.4970818e-01
   5.3351600e-02  -1.3565914e-01  -1.0761953e-01  -1.3555045e-01   1.1913822e-02   4.2842604e-01   2.2294194e-01   4.0610017e-01  -2.1745125e-01   1.4009809e-01   0.0000000e+00   2.5647744e-01  -1.8019671e-01  -2.4193943e-01  -3.5619047e-02   1.5720882e-01  -2.6673246e-01   5.0625155e-02   6.2096817e-02  -4.1757842e-02  -9.6598025e-02   1.9071523e-01  -6.9324257e-04  -2.2717039e-01  -1.6753813e-01  -7.7615410e-02   3.5556967e-01  -1.6080962e-01   2.4296180e-01   1.7540964e-01  -1.9926583e-02   3.5796639e-01   1.7500300e-01  -1.2627490e-01  -1.1930150e-01   4.8467171e-01   1.7255590e-01   1.2692617e-01   2.1280801e-01  -6.9151696e-02  -6.8693061e-02  -7.0340253e-02  -2.6228045e-01   1.0699604e-01   2.7923607e-01   1.2724621e-02   6.4573079e-01  -1.5379843e-01  -1.3041816e-01  -2.6384454e-01   5.6976209e-01   5.5658872e-02  -2.5467788e-01   1.0379694e-01  -3.1287189e-01   2.0253470e-01   2.9705879e-01   4.0556187e-01   3.9693204e-01   1.5960322e-01   4.3084605e-02   1.5304929e-01  -3.5303438e-01   2.5830340e-01  -1.4589234e-01   3.4714284e-01   1.6281187e-01  -2.0844780e-01   6.5923954e-01   1.3208535e-01  -3.9693877e-01   2.6445704e-01   1.0257620e-02  -9.9009126e-02  -1.2738580e-01   5.3521912e-01  -1.7855713e-02   4.3455434e-01  -8.6623416e-02   6.5116950e-03   3.5842318e-03  -3.0578693e-02  -2.0287584e-02   4.6338112e-03  -2.4291070e-01   6.3724976e-01  -2.4871972e-01  -3.0837019e-01  -8.2491003e-03   4.5925169e-02  -2.6872811e-01   1.4280693e-02  -3.6275638e-01  -4.9179863e-02   9.6711613e-02   2.3088308e-02  -6.6853240e-02   1.5437256e-01  -1.5819708e-01   2.1212750e-01  -3.7819169e-01   4.7761984e-01  -4.8279948e-03  -3.6350067e-02   4.7585183e-01  -3.4836544e-02  -2.6177082e-01   4.4820095e-01  -3.4002344e-02  -6.3014218e-01  -1.3866026e-01   4.7447145e-01  -1.9654109e-01   1.2709777e-01  -1.0188790e-01  -3.0206463e-01   2.8993694e-02  -1.9103203e-01  -1.7558347e-01   2.8121112e-01   5.1933134e-02  -2.0661651e-01  -1.7638309e-01  -3.0975411e-01   1.0218712e-01  -8.0949232e-02   5.2308244e-02  -7.3760734e-02  -1.4526755e-02  -1.1351060e-01  -4.2168332e-02   1.6243070e-01  -7.0252188e-02  -3.9191450e-01  -1.0016019e-01   3.8384820e-01   2.3047168e-01  -2.0406269e-01   4.5269279e-01  -1.2652469e-01  -9.5593142e-02  -2.2229082e-01   7.6983568e-01   1.6519141e-01   7.1448035e-02  -2.5477801e-02  -8.0904724e-02  -1.3200001e-01  -2.1869807e-01  -1.3273137e-01  -1.3483754e-01  -2.3985932e-01   9.5830396e-02   3.0572137e-01  -2.0737873e-01  -1.7585804e-02   1.1231677e-01   2.1750498e-01  -1.2859247e-01   1.6017427e-02   5.0282126e-02   8.4262251e-01   3.9018031e-02  -1.0085979e-01   2.8848327e-01  -5.4757335e-02   2.0746883e-01   6.1307992e-02  -3.8596078e-01  -3.4655233e-01  -3.5441226e-01  -1.2111440e-01  -2.3515374e-01   6.5317745e-02   1.4994564e-01  -1.2335577e-01  -4.2704050e-02
   1.0831251e-02   4.6998030e-01   3.3715198e-01  -3.2370645e-01   2.2092285e-02   4.2869807e-01   3.7756927e-01   3.6420604e-01   1.0016306e-01   1.3528450e-02   2.5647744e-01   0.0000000e+00  -2.7655414e-01  -5.5893157e-01  -2.5998338e-01   2.0163775e-01   1.4435202e-01  -2.8926738e-01   1.6987546e-01  -4.7726431e-02  -4.6422096e-01  -1.5043310e-01  -2.7314347e-01   1.7827319e-01  -3.5130871e-01   2.3112133e-01   6.5117055e-01  -4.4877041e-01   2.9783427e-01   2.7059193e-01  -4.5293043e-01   2.2589994e-01  -8.2286242e-03  -6.4328682e-02   1.3920223e-01  -6.0960863e-02  -1.7045356e-01   1.3760616e-01   6.3136394e-02   3.1566815e-01  -2.8115946e-01   1.1299488e-01   2.0348183e-01  -4.6273741e-01   2.9168923e-01   2.1340415e-01   3.1839198e-02   5.5915041e-02  -4.2137408e-01   3.6395792e-01   7.3199544e-02   3.1550073e-01  -1.3658851e-01   7.9535668e-02  -5.0638601e-01  -1.3594215e-01   2.9068656e-01   1.7115245e-01  -1.4969275e-01   1.9567689e-01   1.3613922e-01  -8.5111254e-02   3.2818507e-01   4.2797627e-02   1.9998470e-01   5.2083483e-01   3.1759407e-01  -2.3551648e-01   1.7624682e-01   3.9367147e-01   2.7146410e-01   2.1224966e-01   1.1728877e-02   1.9238280e-01  -2.1901271e-01   2.2779647e-01   3.4034406e-01  -9.6053614e-02   3.2056243e-01  -2.6240994e-01  -3.4050740e-01   3.1545589e-01  -4.6767517e-01   1.5676074e-02  -1.4806042e-01   3.4241064e-01  -1.3374142e-01   2.1352478e-01   5.2950133e-01   1.5967379e-01   3.2575843e-01   9.7217884e-02   1.9348064e-01   2.7196537e-01   1.8751882e-01   1.7008323e-02  -5.1922892e-02   3.0984269e-01  -2.6518819e-01   1.2510095e-01  -6.0040586e-01   2.3078750e-01  -5.2485600e-01   2.1590092e-02   3.3906620e-01  -2.2580818e-01   1.0610831e-01   6.1191675e-01  -2.4303561e-01  -1.7619907e-01  -1.1865339e-01   1.3292946e-01  -2.5686372e-01   9.5543381e-02  -2.9909951e-01  -2.4706162e-01   4.6093051e-02   1.5375587e-01  -3.0852321e-01  -1.4070735e-01   1.7933837e-01   4.5096549e-01   2.1626043e-01   3.2429584e-02   2.1348899e-01   9.1950582e-03   2.6647914e-01  -9.9481890e-03  -1.0812812e-01   3.4966049e-01   7.5610712e-02  -3.1455650e-01  -4.5310435e-02  -3.6287448e-01   3.7634335e-01   1.3193579e-01   1.0113619e-01  -4.3487871e-01   3.3607787e-01  -7.2156709e-02   2.0943958e-02  -2.6327769e-01   3.0680445e-01   4.2090748e-01   7.2212257e-02  -3.8881876e-01   3.9187717e-01   3.3546387e-01   2.1737726e-01  -5.7862373e-02   9.8586283e-02  -5.5199543e-01   5.7149260e-03  -1.6320626e-01   5.0421875e-01   1.9398899e-01   1.2751764e-01   1.2076465e-01  -6.7386930e-02  -3.2455146e-01   2.2497252e-01   2.7962614e-01  -6.6804531e-02  -1.6865523e-01   2.1676782e-01   3.1177834e-01  -1.0318224e-02   1.0274438e-01  -4.0998068e-01   7.8202733e-02   3.5976275e-01  -3.3107617e-03  -1.9065276e-01   4.8189283e-01   1.5736231e-01  -3.3127110e-01  -2.0368486e-01
  -7.2744248e-02  -1.6535359e-01  -3.0712686e-01   4.9004448e-02   5.5166474e-01  -1.4774909e-01   9.4730187e-02  -4.5374921e-01  -1.8417673e-01   3.5839296e-01  -1.8019671e-01  -2.7655414e-01   0.0000000e+00   2.5850365e-01   2.8627059e-01   2.1272221e-01  -2.6620275e-01   3.8516175e-01  -4.3620678e-01   4.9977461e-01   3.3842169e-01   1.8674486e-01   3.0164107e-01  -2.2442996e-01   2.1023863e-01  -2.5161376e-01  -1.2185054e-01   2.6254099e-01   1.4192810e-01   5.9549843e-02   2.8234344e-01  -1.1577581e-01  -5.0046456e-02   1.5896669e-01   9.3059640e-03  -1.4071848e-01   4.8816344e-01  -1.2013957e-01   2.8074259e-01  -1.2758889e-01   8.2853183e-01  -6.1976913e-03  -3.2320840e-03   2.4262492e-01   7.3404364e-02  -4.3054111e-01  -2.3946167e-01   2.1064742e-01   6.0349330e-01  -1.6784453e-01   2.3740595e-01  -4.0241757e-01   8.9441442e-02  -3.0210267e-01   1.8854560e-01   1.0558635e-02  -4.3502828e-01  -1.1580376e-02   2.0601257e-01  -1.6373554e-01  -3.2641801e-01   6.5177254e-01  -2.5567993e-01   1.5429658e-01   1.9662943e-01   2.2715209e-02  -2.6060932e-01   8.6790248e-02  -2.4561252e-01  -9.1363139e-02  -1.7207449e-01   1.4870009e-02   5.2818253e-01  -3.6099384e-01  -1.0728204e-01  -2.9064149e-01  -3.1632215e-01  -1.4158688e-01  -1.9549425e-01   3.2043698e-01   1.1152110e-01   4.3566642e-01   1.4088839e-01  -3.8044722e-01  -3.1689821e-01  -1.9769590e-01   9.1914266e-03  -1.4585066e-01  -1.7411602e-01  -2.2223555e-01  -1.6675246e-01  -3.9742365e-01   3.4485239e-02  -2.5262228e-02  -1.2598199e-01   4.9419403e-01   5.0423457e-01  -4.6108274e-01   3.2450744e-01   2.1248456e-01   1.0425379e-01   1.3429099e-01   1.6788258e-01  -6.5707804e-02  -6.0354486e-02  -3.6682512e-02   2.9464891e-02  -4.8700630e-01   6.8990792e-01   6.1935208e-03   2.0454245e-01   1.1355363e-01   3.8333812e-02  -1.9809039e-01   2.3680358e-01  -1.8208248e-01  -1.5795292e-02   6.7894956e-01   3.9502363e-02   1.2081454e-01  -3.7625284e-01  -2.3368767e-01  -2.1569692e-02   2.4635038e-02  -5.0940797e-01  -2.7890972e-01   2.0436032e-01  -8.7635592e-02   6.3225296e-02  -2.4225970e-01   6.1834759e-01   2.0547160e-01  -3.1828712e-01   3.5198241e-01  -1.1183733e-01  -3.8945187e-01   1.8624209e-02   1.4010478e-01  -2.9388503e-01  -6.2133939e-02  -6.0524759e-02   8.0260283e-01  -3.7909478e-01   6.1935788e-02   2.4562847e-01   2.3902579e-01  -1.2860548e-01  -5.2352034e-02   2.0571255e-01   2.1107458e-01  -3.1607292e-01   7.4966914e-02  -3.0394473e-01   1.9839170e-01  -2.6667627e-01  -2.1698708e-01  -3.1192178e-01   5.2512176e-01  -3.0816691e-01  -3.7023890e-02   1.1034540e-01  -3.6572198e-01   4.8228386e-01   7.4452908e-02  -2.0608349e-01   1.0883731e-01   2.1913982e-01  -2.8372647e-01   1.1162976e-02  -1.5123182e-01  -1.0468805e-01  -1.7582510e-01   9.4371540e-02  -4.7374113e-01  -5.7745946e-02   5.0144934e-02  -3.4183936e-02
   1.3486282e-01  -5.0349364e-01  -1.3168475e-01   1.5009922e-01  -1.5811811e-01  -1.4223750e-01  -1.7965806e-01  -3.6614415e-01  -2.2561979e-01  -5.6295610e-02  -2.4193943e-01  -5.5893157e-01   2.5850365e-01   0.0000000e+00   2.6080609e-01   4.3674878e-02  -6.1634068e-02   6.7588156e-02  -2.5912270e-01  -8.6901437e-02   3.6245577e-01  -2.1740911e-02   1.9326634e-01  -1.5710689e-01   2.8387654e-01  -1.9155016e-01  -4.2989385e-01   6.6341875e-01  -1.2649794e-01  -4.1811825e-01   2.4695962e-01  -1.2971071e-01   3.0466482e-01   3.2872291e-02   1.9808506e-01   1.2066177e-01   5.4037536e-02   3.6556017e-02   1.7705344e-01  -2.2140389e-01   2.6395206e-01   8.5168195e-02  -9.5196329e-02   3.5931039e-01  -1.6665927e-01  -9.8141991e-02   7.4150102e-02  -6.9635549e-02   3.4502687e-01  -2.8709267e-01  -5.2693211e-02  -3.3063765e-01  -8.0891535e-02   6.6386635e-02   6.9357312e-01   3.3218431e-01  -2.1062572e-01  -7.9451652e-02   7.3970421e-02  -9.8598723e-02  -4.5744716e-03  -4.9602956e-02  -4.2594175e-01  -2.7887076e-01  -4.0570833e-01  -3.7020010e-01  -1.4490724e-01   1.0127338e-01  -1.1018819e-01  -1.7267855e-01  -3.6333079e-01  -1.3432637e-01   1.4659682e-02  -2.4508943e-02   2.1980473e-01  -3.5377214e-01  -1.4284438e-01  -3.8861609e-02  -4.2543174e-01   3.0278910e-01   5.4661364e-01  -5.7208161e-02   3.4995476e-01  -2.7463875e-02   2.2897476e-01  -3.7120422e-01   1.4778967e-01  -2.7463551e-01  -5.0402530e-01  -3.0847541e-03  -3.7117146e-01   5.2903516e-02   2.2903919e-02  -6.5756103e-02  -1.4127952e-01  -2.9478369e-02  -6.6623907e-02  -2.4706734e-01   1.8195375e-01  -9.8433807e-02   5.5955803e-01  -1.5180394e-01   5.7091893e-01  -2.3278983e-01  -2.7216316e-01   2.8912483e-02   1.1292425e-01  -5.1741471e-01   2.3336905e-01   1.4129717e-01   2.7600727e-01  -9.9026272e-02   7.0878237e-02  -2.8157416e-02   3.7052759e-01   3.1224271e-02   1.4116123e-03  -5.9700585e-02   4.5191109e-01   2.3398872e-01  -5.5021105e-02  -2.4597603e-01  -2.0498991e-01  -2.3836011e-01  -5.2282410e-02   1.8240319e-01  -1.4056608e-01   2.4974847e-01  -1.2782374e-01  -3.1819059e-01   1.5951576e-01   2.3309741e-01   5.8384004e-02   2.1051930e-01  -1.4480752e-01  -2.2920672e-01   1.0122777e-01   3.2732948e-01  -3.7044664e-01   4.7277547e-02   4.2624885e-02   3.6055831e-01  -3.2124202e-01  -1.7629662e-01  -2.6413255e-02   2.7001475e-01  -1.4113038e-01  -3.2253485e-01   5.0392286e-02  -1.5463417e-01   9.6523775e-02   5.9629876e-01   1.8447623e-01   9.9046159e-03  -3.3429852e-01  -4.6009251e-02  -9.4084278e-02  -3.4095500e-02   9.5242350e-02   3.5485875e-01  -1.5633201e-01  -3.4961249e-01  -4.9579250e-02  -5.6104008e-02  -1.5981762e-01  -1.7490827e-01   2.1896366e-01  -1.3715526e-01   4.8752368e-01  -2.0927322e-01  -1.9281574e-01   9.9439272e-02   2.0526212e-02  -3.4047725e-01  -1.4629245e-02   3.6516299e-01   4.6407318e-02
