   0.0000000e+00  -3.0249713e-01  -9.0673519e-02  -1.4139046e-01  -2.3097570e-01  -4.1260115e-01  -3.2951929e-01  -8.9138490e-02  -1.8233245e-01  -1.8827358e-02  -6.2099680e-01   3.7764971e-02  -2.3268005e-01   3.3110515e-01   2.8827875e-01  -3.0033079e-01  -3.5935731e-02  -2.4461718e-01   6.8698815e-02  -1.6470936e-01   3.0591224e-02  -3.7001750e-01   6.2700993e-03   8.0055346e-01   1.5958489e-01   1.1091329e-01  -5.5090296e-01   1.8997959e-01   1.2617733e-01   4.0415957e-04   2.2842242e-01  -1.8141873e-01  -2.1796955e-01  -2.0674780e-01  -3.9500655e-01  -5.1518616e-01   3.0312028e-01   4.7082797e-01  -3.9053420e-01  -3.6865998e-01  -3.5257167e-01   2.2899744e-01  -1.4715969e-01   6.1974166e-02  -2.6101501e-01   5.6508693e-01  -4.5414722e-01  -1.8723633e-01   5.4597617e-02  -2.9254433e-01  -2.3301473e-01  -1.6231762e-01  -8.1120452e-02   8.9797618e-02   4.2482112e-01   8.0276111e-02  -3.0832625e-01  -4.1968866e-01  -1.9583169e-01  -1.6284818e-01   2.7770479e-01  -4.0432798e-02  -2.2703868e-02  -1.8027802e-01  -1.8068699e-01  -2.0133050e-01  -4.9868973e-01   1.1570827e-01  -3.9596619e-01   2.4979043e-01  -3.0402782e-01  -2.3433967e-01  -3.3222285e-01   6.2797020e-01   2.0388835e-01  -1.3438321e-01   4.4235675e-01  -1.2531795e-01  -2.4456817e-01  -2.0858004e-01  -6.2230376e-02  -3.7395392e-01   1.4673139e-01   3.4852781e-01   1.6153381e-01  -1.3086330e-01  -1.8981950e-01   6.3860130e-01  -1.3528877e-01   8.0041585e-01  -1.2532742e-01   2.7497938e-01  -3.0813193e-01  -5.3964714e-01   5.1003737e-01  -3.0021994e-02  -8.0891296e-02  -1.6769264e-01  -1.5196223e-01  -1.6431768e-01   3.0280765e-01  -2.6084475e-01   8.3146911e-02  -3.0941810e-01  -2.7932143e-01  -2.5593478e-01   1.0964451e-01  -2.2981343e-01   2.3687818e-01  -7.2311951e-02  -1.9954134e-02  -1.3510463e-01  -1.9441098e-02   8.3495780e-01   8.9151636e-02  -1.3744924e-01  -5.1815198e-02  -3.4345697e-01   1.0647043e-01  -1.7890730e-01   5.1670272e-01  -3.0013214e-01  -1.7236123e-01  -1.1428507e-01   6.9313386e-01   2.1275756e-01   1.6072928e-01  -2.7183351e-01  -3.3195920e-01   2.8026962e-01  -4.7699350e-01  -4.4337836e-01   2.4259277e-01   3.1430527e-01  -2.1104237e-01  -3.1268480e-01  -3.6575310e-01  -1.0905552e-01  -2.6984331e-01   2.5480836e-01   6.4215921e-01  -1.7136760e-01  -2.7083204e-01  -4.9588942e-02   1.5478088e-02  -3.7972379e-02  -3.2985170e-01  -8.1500889e-02  -2.1373572e-01   3.3212414e-02   3.6175493e-01   3.5254512e-01   4.9598208e-01  -2.8497893e-01  -3.2885683e-01   4.5444631e-01   6.3035462e-01  -3.6615063e-01   2.1810278e-01   4.8644810e-02   8.5078779e-02  -3.2064394e-01  -1.9210494e-01  -1.2885867e-01  -3.3818828e-01  -1.2692208e-01  -4.5195548e-01   1.2982283e-01   6.2512785e-01  -6.9360367e-02  -1.7668930e-01   9.8561884e-02  -7.6229077e-02  -3.3019752e-01   2.1584374e-01   5.9184819e-02  -2.5914573e-01
  -3.0249713e-01   0.0000000e+00  -8.9849527e-02  -8.0976156e-02  -5.5756599e-02  -8.9624072e-02   2.8103929e-01  -2.0326409e-01   6.3928287e-01   6.6527312e-02   2.5700308e-02   5.6547780e-01  -1.1960102e-01  -6.6721447e-03  -4.3736045e-01  -4.9107108e-03  -2.0744216e-01  -2.1006687e-01  -3.3061647e-01  -1.5592196e-02  -1.6364751e-01  -1.7264062e-01  -1.5082573e-01  -1.4820155e-01   4.0322325e-02  -2.5110391e-01   4.6566415e-02  -4.2679869e-01   4.0265248e-01  -2.1338925e-01  -5.2662213e-01  -3.9609093e-01  -1.3133522e-01  -7.7114734e-02   5.6498148e-01  -2.4642322e-02  -2.5591141e-01   7.3935676e-02   3.2621711e-02  -2.5982792e-01  -1.2414129e-02  -2.8357023e-01   5.5019552e-01  -3.0976208e-01   1.2667894e-01  -3.2557551e-01  -8.9372673e-02   1.6767146e-01  -2.3501655e-01   2.5710419e-02  -2.0111052e-01  -2.2844393e-01   1.7696482e-01  -2.4654961e-02   6.5138274e-02  -3.0433061e-01  -1.3106834e-01  -1.4652318e-01  -1.1712095e-01   2.5335550e-01  -1.8733448e-01  -1.7071393e-01   5.8606060e-01   1.9204631e-01   2.9932540e-01   2.2511713e-01  -1.4792913e-01   1.2199231e-01  -2.5429199e-01  -4.3798894e-01   2.6801207e-01  -8.4980818e-03  -3.3691655e-04  -2.1906874e-01  -7.6113383e-03  -2.8097792e-01  -3.2171486e-01  -1.4666579e-01   5.6394182e-01  -1.0096595e-01  -3.0828157e-01  -8.8145455e-03  -2.8945772e-01  -4.4308570e-01   2.7470838e-02  -2.7170442e-01   3.8276866e-01  -7.2694058e-02   6.8826339e-01  -3.2938621e-01   5.5758389e-01  -2.9842008e-01   6.0879738e-02   2.9092336e-01  -6.9288589e-02  -1.2429898e-01   2.0968231e-02  -3.5080145e-01   9.4338054e-02   6.6334181e-02  -5.5651628e-01  -1.1643052e-01  -2.2296268e-01   7.4256151e-01  -1.9388811e-01  -2.0567176e-01  -6.2597208e-02  -2.7689911e-01   3.9812036e-02  -1.9465180e-01   1.7107661e-01  -2.1070610e-01  -4.8457312e-02  -3.0749451e-01  -3.4009627e-01   2.6613865e-01  -2.7857042e-01  -3.1269947e-02  -4.2913500e-01  -9.9179314e-02  -2.6530917e-01   2.8005211e-01   6.0693134e-01   4.2063697e-01  -2.9257806e-01   2.1291914e-01   1.4921208e-01   2.3691662e-01  -8.5381285e-02  -3.2177474e-01   1.2581400e-01   4.8790449e-02   2.8178752e-01  -4.7906697e-01   3.1081814e-01  -1.3706286e-01   9.0332576e-02  -1.2646090e-01  -1.6151689e-01   1.8125957e-01  -4.1329072e-02  -1.3974185e-01  -2.0666264e-01  -1.3516524e-01  -1.0319333e-01  -2.6691089e-01   2.1327055e-01  -4.3521646e-02  -6.0778835e-03  -1.1827106e-02  -3.6981238e-01  -4.6653896e-01  -2.0544664e-01   1.8756580e-01   5.8937668e-01   1.0519856e-01  -1.4773507e-01  -7.6067839e-02  -2.1855508e-01  -2.4240164e-01   5.5684567e-02  -2.1275819e-01   4.2301030e-02  -1.4989530e-01  -2.1176832e-01   2.3082584e-01   2.7029075e-01   8.3262455e-02  -1.3153728e-01   2.3181482e-01   5.1511031e-01   2.4542019e-01  -1.6623487e-01   8.5158440e-02  -2.0650555e-01  -4.0098448e-02  -1.8754366e-01
  -9.0673519e-02  -8.9849527e-02   0.0000000e+00  -2.0416947e-01  -3.3115565e-02   1.7893560e-01  -1.7012464e-02  -1.0330887e-01  -2.3534395e-01   1.0320703e-01   6.4928098e-02   1.9863728e-01  -1.0506097e-01  -4.8317270e-01  -1.8820067e-01  -5.5423316e-02   8.1416290e-01  -1.9126859e-01   2.1959048e-01  -7.7129988e-02  -3.1077194e-01  -7.1523003e-02  -1.7002640e-01  -1.4330089e-01  -1.1878938e-01   1.1899311e-01   1.5314952e-01   3.8207643e-02  -6.9583490e-02  -8.3693458e-02  -3.2687222e-02  -2.0203963e-02  -7.9737483e-02   2.2084566e-01  -1.6403453e-01   2.0014581e-02  -1.6416976e-01  -1.9029795e-01  -1.0427219e-01   3.4006409e-01  -1.9160955e-01   8.4191843e-02  -2.7069031e-01  -1.2164393e-01  -4.8213373e-02   4.4737963e-01  -9.3956391e-02  -6.5004240e-02  -5.9158675e-02   5.2501928e-01  -4.1626628e-02   1.7323456e-01   1.1520826e-02  -1.8988474e-01  -2.4778343e-01  -7.9583704e-02   1.9372815e-01  -3.1840963e-02  -1.6947357e-01  -2.1706325e-01   3.3867390e-01   1.9259719e-01  -2.9206005e-01  -1.9604579e-01  -1.3956784e-01   2.1727341e-02   1.0625554e-01  -7.6309092e-02  -6.2376721e-02   7.0553464e-01   2.9228166e-01  -1.7375806e-01  -1.0610588e-01  -4.1868889e-02  -3.4493742e-01   1.8462796e-01   2.6773621e-01  -2.5963793e-03  -1.4511491e-01  -1.2900189e-01   8.3536635e-02  -1.3579353e-01  -1.5095660e-01  -1.4389971e-01   1.6341272e-01   1.3801877e-01  -2.4459175e-01  -3.9180013e-01  -2.1068765e-01  -1.7074610e-02  -6.2944333e-02   5.0957298e-01   1.9389265e-01  -9.9514115e-02  -1.1388740e-01   9.7331529e-03  -1.9649540e-01   1.5484048e-01  -1.3205435e-01   3.2427911e-03  -1.3309069e-02  -1.2331278e-01  -7.7822678e-02  -3.0368477e-01  -1.8800658e-01  -5.1485813e-02  -5.4765733e-02   6.2392802e-02  -1.1323515e-01  -2.5253050e-03   1.8717631e-01  -7.2082998e-02  -5.6053305e-02  -6.3313273e-02   1.6138551e-01  -2.7073823e-02   2.0777995e-01  -1.5495003e-01   1.3259786e-01  -1.7846130e-01   1.7988749e-01   1.7508026e-01  -2.6594076e-01  -2.3515080e-01   2.5254463e-01  -2.7865163e-01  -3.6069474e-01  -2.9012997e-01  -7.6254567e-02   6.2128929e-01  -1.4006289e-01  -7.4967871e-02  -2.2458968e-01   1.0389144e-01  -2.2246475e-01   1.3364693e-01  -2.8632097e-01   6.4251146e-02   9.5598728e-02  -2.3361530e-01  -1.2131600e-01   2.9953584e-02   1.2353302e-01   2.3580984e-01  -3.3316556e-01  -1.3317562e-01   5.2446889e-01  -1.5045091e-02  -1.3721766e-01  -1.5470680e-01   3.6329797e-01  -1.1359238e-01   2.2974904e-01   1.6497728e-01   4.4043667e-01  -2.9452353e-01   2.3430261e-02  -6.7814832e-02   4.7767363e-01  -2.1440280e-02  -6.4632047e-02  -4.4701660e-02  -7.5425497e-02  -1.6213877e-01   7.2596222e-03   1.0281610e-01   2.3397436e-02  -2.2729923e-01   6.7959661e-02   2.2904207e-01   4.6097275e-02  -1.2929001e-01  -1.3940709e-01   1.0708432e-01  -9.6448225e-03  -2.1925701e-01  -7.9713315e-02
  -1.4139046e-01  -8.0976156e-02  -2.0416947e-01   0.0000000e+00   5.3999358e-02   2.5580813e-01   2.8853693e-01   6.6885283e-02  -7.9697247e-03  -3.1742438e-01   3.7219791e-02  -7.9501850e-02   1.0555696e-01   1.9947026e-01   1.7297520e-01   3.7563586e-01  -2.4051369e-01   6.6438539e-01   4.0732402e-02   1.8492344e-01   2.7990880e-01   2.4634977e-01   2.3656255e-01  -2.1699749e-01   1.3753492e-01  -9.4088808e-02   2.2033283e-01   1.3556893e-01  -1.3346921e-01   3.4315644e-01   2.0287949e-01   3.1280440e-01  -9.5191423e-02   5.5259504e-02   5.9448679e-02   1.6816169e-01  -1.6452402e-01  -1.4271069e-02   4.4942976e-01   3.5228255e-01   3.5074347e-01  -9.8363918e-02   6.7478502e-03   1.4256516e-01  -4.8854491e-02  -3.2622263e-01   2.0603420e-01   2.0076363e-01  -1.2387937e-01   1.5992198e-01   4.7484023e-01  -1.0993439e-01  -1.2344235e-01   1.2215194e-01   7.2929153e-02   2.5352968e-02   9.0564844e-02   3.5435658e-01   4.7253202e-01   2.7902946e-01  -3.1920959e-01  -1.3958899e-01  -1.6087307e-02   1.1086387e-01   2.0174396e-01  -6.3033837e-02   2.5737803e-01   4.7816099e-01   1.5873376e-01  -1.2482470e-01  -1.7352573e-01   3.5523935e-01   4.0463055e-01  -6.9718286e-03   1.0212442e-01  -1.7431793e-01  -1.0663833e-01  -1.1031053e-01  -1.4573242e-01   2.5730358e-01   2.6372523e-02   2.8669015e-01   2.1866017e-01  -2.0270793e-02  -1.5759350e-01  -8.3502517e-02  -6.7815719e-02  -1.4994657e-02  -1.1250679e-01  -1.9390774e-01  -3.0768166e-01  -3.7439887e-01   9.3149525e-02   1.8048969e-01  -1.4883538e-01   2.1929228e-02   1.3510748e-01  -1.6046224e-01   3.0222070e-01  -2.5981820e-02   2.3156901e-01   2.1707946e-01  -4.3790362e-02   9.1196934e-02   3.8387038e-01   6.5435292e-01  -4.6922656e-02  -5.6522279e-02  -2.3925228e-01   3.6753710e-01   2.8477116e-02   9.2165401e-02   6.8200775e-01  -2.1196863e-01   2.5813765e-01  -2.0538733e-01  -1.3667629e-01   3.6712490e-01   2.9343790e-01   6.6390265e-01  -3.1110667e-01  -8.1118358e-02  -7.4421221e-02   5.1283028e-02  -2.8217426e-01   1.7525289e-02   9.3710263e-02   1.1578173e-01   4.4016205e-01  -9.4885553e-02   3.2138449e-01  -1.3045404e-01   1.5795153e-01   1.1166940e-01   2.8844349e-01  -1.3268261e-01   4.2930662e-01   2.6970906e-01  -1.0500241e-01  -1.5640789e-01  -1.3852918e-01  -2.1104550e-01  -1.2994900e-01   2.6179497e-01   2.4346167e-01   1.9483434e-01  -1.0615191e-01   2.4718750e-01   3.5433401e-01  -1.3616287e-02  -4.2204379e-02   1.5024568e-01  -3.5334093e-01  -1.3030169e-01  -2.8969503e-03  -2.0286415e-01  -2.9304398e-01   4.8694270e-01  -3.6913972e-01   7.4871964e-02   9.5532114e-02   8.3106406e-02   5.7920940e-02   6.0423468e-01   2.6502772e-01  -1.2850300e-01   1.6167589e-01   2.4083205e-01  -2.3685375e-01  -2.3130151e-01  -1.0159583e-01  -1.4372718e-01   5.7347900e-01   3.4709524e-01   5.7853387e-02  -1.9556627e-01   4.9396078e-01
  -2.3097570e-01  -5.5756599e-02  -3.3115565e-02   5.3999358e-02   0.0000000e+00   1.8675836e-01   8.8200121e-02   1.1151756e-01  -3.5946262e-02   5.3822602e-01   3.0890892e-01  -2.0991640e-01   1.5211788e-01  -2.7154813e-01  -2.9056527e-02   1.5064516e-01  -1.6356432e-01   2.9584971e-01   1.5503673e-02   6.2055737e-01  -8.7174343e-03   1.9506532e-01   2.2857726e-01  -2.6750955e-01  -5.4194710e-02  -1.5627604e-02   5.3659006e-01  -1.1369032e-01  -1.2338720e-01   7.6923710e-02  -3.8719372e-01   2.1514945e-01   1.0261557e-02   1.4858384e-01  -2.9286319e-02   5.5824814e-01   2.0487353e-01  -2.6104209e-01   1.6913355e-01   4.6061325e-01   2.9243803e-01  -2.0289057e-01   2.0812868e-01  -1.0915473e-01   4.0962869e-01  -2.2930472e-01   5.4715727e-01  -5.8123572e-03   2.9087124e-01   1.8225244e-01   2.9742575e-01   5.7196950e-02   4.0578812e-02  -1.2867824e-01  -3.2347548e-01  -1.6683599e-01   2.9587636e-02   9.5872907e-02   1.0029232e-01   3.4271707e-02  -2.8502018e-01   3.3614600e-01  -5.9414928e-02  -5.9610908e-02   5.9075635e-02   4.3972752e-01   2.6769013e-01  -2.1604100e-02   3.5538940e-01  -7.9545525e-02   1.2288204e-01   8.7767525e-02   1.9044782e-01  -3.2669334e-01   1.1805540e-02  -9.0968546e-03  -2.9333753e-01   6.9262175e-02   2.3272211e-01  -4.8654105e-02   4.3162638e-03   2.3529472e-01  -2.3553965e-01  -6.3827842e-02  -2.8723397e-01  -7.1730323e-02  -7.3791478e-02  -2.7121970e-01   5.4470675e-03  -2.5179466e-01   2.8608705e-01  -2.8403228e-01   3.4771513e-01   9.5231967e-02  -3.0910863e-01   8.5169421e-01   7.8471921e-02   1.4898235e-01   2.8539907e-01   2.7080021e-01  -1.6460331e-01  -1.8095959e-03  -1.8797950e-01   2.0039607e-02   6.7351438e-02   7.6178574e-02  -4.7180136e-02   1.9365257e-01   4.5193315e-01   8.4972036e-02   7.9110150e-03   7.6067271e-02  -8.1485238e-02  -1.9547223e-01  -8.1574894e-03   1.7023749e-01  -1.0229735e-01   1.9487322e-01  -2.0184850e-01   7.7468104e-02  -4.1952687e-01   4.1955265e-01  -7.5383439e-02  -1.0419612e-01  -3.0569630e-01  -1.5507012e-01  -7.1317380e-02   2.6775653e-02   2.0258634e-01  -1.4532669e-02   2.4700513e-01   2.1025081e-01  -3.9139592e-01  -2.4293196e-01  -7.5858535e-02  -2.0455473e-03   8.5707988e-02  -2.1206519e-01  -7.0699521e-02  -1.5960649e-01  -1.9659923e-01   2.3872829e-01   1.4948369e-01  -3.6373133e-02  -4.5007777e-02  -1.3539066e-01   1.3454377e-01   4.7561844e-01   3.5831875e-01   1.3533734e-02  -2.8344844e-01  -3.2240201e-01  -3.8263383e-01   7.8385373e-02   8.2769392e-02  -3.8302241e-01  -3.6820022e-01   9.4593448e-02  -1.6973416e-01  -4.5512537e-02   3.1012082e-02   2.2810446e-01   3.5811198e-01   9.7538177e-02   1.0625597e-01   2.4649542e-01   6.0580601e-02  -3.6654451e-01  -3.4705728e-01  -1.0878088e-01   1.1307925e-01  -2.8308706e-01   2.5929941e-01   5.4661465e-02  -2.6549910e-01   1.3667163e-01   1.6262593e-01
  -4.1260115e-01  -8.9624072e-02   1.7893560e-01   2.5580813e-01   1.8675836e-01   0.0000000e+00   2.2093492e-01   3.2118447e-01  -1.5143624e-01  -2.1519467e-02   3.8263469e-01   4.6821353e-02   1.5903769e-02  -2.0022942e-01  -1.7038633e-01   3.4899917e-01   8.0046919e-02   4.1611174e-01   4.0312541e-01   4.7818256e-02  -1.2414607e-01   5.2688598e-01   2.1611200e-02  -4.1754642e-01   7.7372373e-02   7.5274849e-02   4.5156667e-01   5.4386158e-02  -9.7167355e-02   4.0169423e-01  -4.0993225e-02   3.5901673e-01   2.2410360e-01   8.3605480e-02  -1.1006580e-01   3.9225883e-01  -3.8681870e-01  -4.3747933e-01   2.9718930e-01   4.9941867e-01   1.5003297e-01   2.0752926e-01  -4.9769582e-02   1.4435357e-01   8.5107701e-02  -2.6527539e-01   3.6842241e-01   1.2278784e-01  -7.0302795e-02   3.6303901e-01   4.7682284e-01   1.7835354e-01  -4.3852667e-01   7.2042919e-02  -1.0162314e-01  -7.9640050e-02   8.6597640e-01   4.4311661e-01   2.1220872e-01   3.6663789e-01  -1.3733512e-01   1.8564852e-01  -1.6532190e-01  -1.8067868e-01  -3.5270858e-01   1.7148370e-02   8.7196495e-01   5.0469404e-02   4.5710238e-01   7.4462773e-02  -2.4668091e-01   8.1496879e-02   1.3659774e-01   4.5724267e-03  -2.0960765e-01   2.1729963e-01  -2.8699128e-01   2.0480033e-01  -3.4681513e-01   3.3509120e-01  -1.6916005e-02   2.0976821e-01  -1.1419947e-01   5.6802530e-02   2.0646922e-01   1.6956703e-01  -9.5133429e-02  -3.5153253e-01  -2.5030921e-01  -3.6433681e-01  -3.5065176e-01  -9.7385945e-02   2.9965674e-01   3.5204036e-01  -4.7188510e-01   1.2398860e-01   1.8980127e-01   3.2289405e-01   2.7889392e-01  -1.6071314e-03  -1.6934245e-02   1.8377074e-01  -1.6779815e-02   6.4883137e-02   4.0411160e-02   5.4142820e-01   2.6421056e-01   4.4898105e-01  -2.3064865e-01   2.6711070e-01   7.5109016e-02   3.4288537e-01   1.1280327e-01  -4.3066415e-01   1.4582357e-01  -4.4197989e-01   4.7991111e-02   5.9911747e-02   6.6482369e-02   3.3408510e-01  -3.8363546e-01   1.9643935e-01  -1.6211699e-01  -3.7119256e-01  -3.2456053e-01   1.1550694e-01  -3.1617842e-01   2.2876588e-01   4.1042915e-01  -9.2920158e-02   2.4744482e-01  -1.4411818e-01   1.6532964e-01  -1.5965849e-01   2.1542534e-01   2.5087417e-01   3.4729432e-01  -9.2247234e-02   1.7252191e-01  -4.4195505e-01  -4.6780291e-01  -2.1025808e-01   2.9218665e-01   4.1548699e-01   9.8386765e-02  -6.2577228e-02   8.0996984e-02   1.9635276e-01   4.4044406e-01  -4.6280918e-01   3.5766747e-02  -1.0015665e-01  -2.5223835e-01  -2.0722295e-01   3.1482397e-01  -5.4144884e-01  -4.4592120e-01   3.8223830e-01   1.9829553e-02   2.3427063e-02   1.7033555e-01   3.4491175e-01  -7.1228835e-02   3.4291204e-01   2.0083797e-01  -2.5002221e-01   3.3859994e-01  -9.2814543e-03  -2.5682219e-01  -1.5574734e-01  -5.0945514e-02  -4.1109650e-01   2.2811928e-01   6.6392856e-01  -2.6259387e-04   5.4130008e-02   4.3635832e-01
  -3.2951929e-01   2.8103929e-01  -1.7012464e-02   2.8853693e-01   8.8200121e-02   2.2093492e-01   0.0000000e+00  -2.1648006e-01  -9.2368509e-02   1.8425311e-01   2.1180535e-01   2.7473814e-01   1.2571844e-01   5.9647380e-02  -1.6591501e-01   4.7977571e-01  -1.7370484e-01   4.0237083e-01  -2.3023621e-01   2.0188752e-01   6.0943088e-02   2.5957677e-02   4.2017786e-01  -2.3533822e-01  -8.1967549e-02  -2.7316420e-01   4.6121957e-01   1.3786496e-01   6.3665025e-02   1.7410487e-01  -1.8352811e-02   1.9555732e-03  -1.3229290e-01   5.8622032e-01   1.8144120e-01   4.0954609e-01  -3.9849896e-01  -3.6315892e-01   3.5092400e-01   3.6447238e-01   1.1390109e-01  -2.6395007e-01  -2.3290699e-03  -1.6758021e-01   2.2762923e-01  -3.5533333e-01   3.6555955e-01   7.2063427e-01  -1.4034586e-01   1.8891694e-01   3.8453815e-01  -2.6222145e-01   1.1001175e-01  -9.8002736e-03  -2.4475034e-02  -2.6871679e-01   6.4634702e-02   1.6528934e-01  -1.7648907e-02   8.0770546e-03  -4.4474826e-01   1.4613186e-01  -1.6485066e-01   4.5549329e-02   7.0353042e-02   4.4003152e-01   1.3507784e-01   1.3351438e-01   8.6980508e-02  -1.9357814e-01   2.7257237e-01   1.7031336e-01   9.3866959e-02  -1.3727067e-01  -2.9796011e-01  -5.4284468e-02  -5.0986331e-01  -2.6566685e-01   6.6003469e-02  -9.6432641e-03   2.1915914e-01   1.4758172e-01  -1.5053609e-01  -2.3796742e-01  -1.9703630e-01  -2.1651971e-01   1.3872220e-01  -1.4371297e-01  -8.0954270e-02  -4.1885415e-01  -2.0888811e-01  -4.1485030e-01   4.4786007e-01   1.7801350e-01  -4.6190895e-01   1.1568865e-01   1.5878656e-02  -2.3828448e-01   2.7128873e-01   4.8049587e-01  -2.1032460e-01   6.2809180e-03   6.0521818e-02   8.4272668e-02   1.7675118e-01   3.0443586e-01  -7.7449282e-02  -1.8901652e-01  -4.8506531e-02   3.2956632e-01   2.9670940e-01  -1.3103198e-01   2.6538240e-01  -4.2942130e-01   5.5771369e-02  -1.3362737e-01  -2.1465352e-01   1.6228498e-01   4.4449732e-02   2.3011497e-01  -4.8479148e-01   3.3787014e-01   7.7652063e-02  -8.6593736e-02  -4.1157844e-01   5.0710672e-02   5.4082990e-02  -1.4033848e-02   3.7387724e-01  -3.5224125e-02   3.6526072e-01   9.0533179e-02   1.6536931e-01  -2.0286559e-01   1.5493747e-01  -9.2689884e-03   2.5003341e-01   3.9618389e-01  -1.9016560e-01  -1.7880402e-01  -2.7755376e-01  -1.7873260e-01  -1.1091686e-01   2.6330633e-01   1.1658910e-01   1.1471182e-01   5.0657691e-01   1.8213441e-01   4.2950382e-01  -1.3667035e-01  -2.7277210e-01   8.2202223e-02  -4.2277392e-01   3.4397332e-02   3.1683721e-01  -2.8571167e-01  -4.8281313e-01   2.7517483e-01  -3.6749136e-01   2.9315154e-02   5.1650201e-02  -5.2374509e-02   6.5579568e-02   3.8908856e-01   1.6490992e-01   2.7023668e-01   3.0755314e-01   1.3094906e-01  -3.7566065e-01  -1.1045595e-01   2.0078314e-01  -2.1805556e-01   2.9152437e-01   4.0949084e-01  -8.0872757e-02  -1.7168547e-01  -3.8918085e-02
  -8.9138490e-02  -2.0326409e-01  -1.0330887e-01   6.6885283e-02   1.1151756e-01   3.2118447e-01  -2.1648006e-01   0.0000000e+00   2.0004763e-01  -4.6991786e-02  -1.0364101e-02  -1.5468862e-01  -2.1925347e-01  -2.8188867e-01   1.8273640e-01  -1.6770595e-01  -6.9544336e-02   8.1604277e-02   3.5395573e-01   1.5529097e-01   1.7346754e-01   4.1123433e-01  -1.2580900e-01  -2.3605018e-01   7.1643429e-02   5.4246221e-01  -2.2939464e-01  -1.4503476e-01  -3.3714506e-01   3.0082008e-01   1.9578058e-01   3.7615457e-01   8.8560585e-02  -1.6440541e-01   4.3715327e-02  -2.5123492e-01   2.7149412e-01  -2.4711370e-01  -1.2704877e-01  -2.2365472e-01  -4.5945395e-02   1.2469588e-01   2.3780237e-01   6.6993220e-01  -3.4890481e-01   4.0464234e-02  -7.5493185e-02  -1.4470076e-01   2.3440667e-01  -2.9427365e-01  -6.4422426e-02   6.1443329e-01  -2.2408019e-02  -9.4515823e-02  -2.3498310e-01   3.1992875e-01   3.5695915e-01   2.7659691e-01   2.7700828e-01   2.0845677e-01   2.1104582e-01  -1.4493965e-01   9.5503265e-02   1.4389158e-01  -7.6467131e-02  -2.2117449e-01   3.7057356e-01   2.2415532e-01   4.5196949e-01  -9.3334266e-02  -2.0527340e-01  -2.2397467e-01  -1.5305684e-03   1.3818785e-01   3.0581984e-01   4.4780789e-01   8.3777360e-02   5.7973060e-01  -1.6772433e-01   2.1301284e-02   7.8370508e-03  -1.0776951e-01   2.0390149e-01   5.8928831e-01   2.8046106e-01   5.4847446e-01  -2.6002580e-01  -1.3950243e-01   2.0540370e-02   7.6547315e-02   1.0483815e-02   2.2490962e-01  -1.5176816e-02   1.9900861e-01  -1.7235576e-01   7.4667491e-02  -9.0254060e-03   5.6083908e-01  -2.7009079e-02  -2.6276182e-01   1.0180283e-01   2.7176276e-01   3.4123125e-01   7.4346253e-04   8.9786246e-02   2.1203016e-01   1.7188382e-02   6.4019787e-01   4.2289708e-02   5.2374925e-02  -1.7507980e-01   5.0209948e-01  -1.1264908e-01  -2.5237629e-02  -1.8745370e-01  -1.4639233e-01   4.5603904e-01  -1.7998036e-01  -4.6503360e-02   2.0679373e-01   6.3004699e-02  -1.6010164e-01  -9.2701244e-02   9.6613328e-03   1.0513855e-01  -2.6203674e-02  -8.3416863e-02  -2.2363496e-02   1.6828214e-01  -2.6228277e-01  -2.6555763e-01  -1.4857787e-01  -7.1992791e-02   8.6313000e-02   1.9221144e-01   3.9949249e-01   1.1240830e-01  -2.1931951e-01   5.6383059e-01  -2.7913780e-01  -3.1724695e-01  -1.3636834e-01   5.3155780e-01  -1.1615625e-01   1.6231610e-01   2.4728616e-01  -2.5352615e-01   2.0175376e-02  -8.7520152e-02   8.5955978e-02   1.3889828e-01   1.9640806e-01   1.2901601e-01  -5.9644503e-02  -1.6234128e-01  -2.6236736e-01  -8.5002751e-02  -2.8022565e-02   2.1637644e-01   3.5728656e-01  -1.0249041e-01   5.8931163e-01   4.5560009e-02   9.4973421e-02  -1.5995721e-01  -2.0696405e-01  -1.6341395e-02  -1.0940104e-01  -1.5633105e-02   9.2244162e-02  -2.6076847e-01  -4.4273297e-01   1.2213159e-01   6.9231032e-02  -8.2244883e-02   1.0282132e-01   4.0420658e-01
  -1.8233245e-01   6.3928287e-01  -2.3534395e-01  -7.9697247e-03  -3.5946262e-02  -1.5143624e-01  -9.2368509e-02   2.0004763e-01   0.0000000e+00  -9.0772654e-02  -9.3034323e-02   2.5187444e-01  -1.8926457e-01  -1.1398513e-01  -1.7049219e-01  -2.5914915e-01  -2.2735306e-01  -1.3213729e-01  -7.8856395e-02   2.1389498e-02  -3.3886648e-02   8.5096057e-02  -2.7038818e-01  -2.1512676e-01   1.6466227e-01  -4.3917839e-02  -2.7941634e-01  -4.4705290e-01   1.1506857e-01  -8.9101863e-02  -3.0514720e-01  -5.9546021e-02  -4.3361563e-02  -3.6891252e-01   5.6199008e-01  -2.7447791e-01  -3.5911099e-02   8.5655282e-02  -1.3318977e-01  -4.8608515e-01   1.5876289e-02  -1.8154586e-01   6.6271919e-01   1.2706432e-01  -9.4146938e-02  -2.4972541e-01  -2.3411860e-01  -8.1949687e-02  -2.3576213e-01  -2.3315105e-01  -1.7861171e-01   6.5707074e-02   1.9121752e-01  -1.6441689e-01  -5.7934257e-02   2.4156832e-02  -1.2069054e-01   1.0399508e-01   2.2069771e-01   4.5907687e-01  -2.3795561e-02  -2.3023687e-01   8.2273726e-01   2.8881395e-01   3.3583622e-01  -1.3793222e-01  -1.2507206e-01   1.6642990e-01  -5.2279752e-02  -4.5951305e-01   7.0051435e-02  -4.5589553e-02   1.0360423e-01  -1.0191230e-01   2.6039396e-01  -1.3437843e-01  -9.6532494e-02   2.1738580e-01   4.3756496e-01   7.1168575e-02  -3.0062379e-01  -8.8956711e-02   3.3045022e-02  -4.7084247e-02   1.0014525e-01   5.5592155e-02   3.4048602e-01  -1.7866484e-01   8.1700183e-01  -1.7564187e-01   4.9182178e-01  -7.6587743e-02  -1.4565443e-01   4.4756302e-01   3.2663027e-02  -2.0520910e-01   8.5029075e-02   4.8636850e-02  -5.4366035e-02  -2.0318672e-01  -3.1306259e-01   8.3466779e-02  -2.2894436e-02   7.6953606e-01  -4.3166246e-02  -5.7164371e-02  -1.1297401e-01   6.5083744e-02   3.3869894e-02  -2.0848669e-01  -1.3096025e-01   2.2120382e-01  -8.3800651e-02  -1.5843594e-01  -3.6336443e-01   2.6318464e-01   1.6530277e-02  -2.7100014e-02  -3.0980036e-01   1.1172158e-01  -1.4750668e-01  -6.0287674e-02   5.8978212e-01   5.8993792e-01  -1.5910457e-01   2.1302384e-01   1.5362764e-01   2.7471127e-01  -6.0363496e-02  -4.8486786e-01  -1.0581983e-01  -1.3456638e-02   1.2492997e-01  -3.5169276e-01   4.6437067e-01  -7.5235830e-03   1.8672019e-01  -2.5970118e-01   1.4919029e-01   1.6178716e-01  -6.8692489e-02  -1.7956716e-01   6.2507279e-02  -2.8995348e-01   5.2061969e-02  -7.5734078e-02  -1.3449807e-01  -1.3682202e-01  -1.6069033e-01   2.0806408e-01  -2.7525383e-01  -2.6749343e-01  -8.9196943e-02   1.1329275e-01   2.2357966e-01   8.8446124e-02  -4.4436936e-02   1.2493069e-02  -8.2528151e-02   6.2569474e-02   5.5178775e-02   1.2068272e-01  -6.1977585e-03  -1.0403729e-01  -1.7713382e-01   8.5331325e-03   1.5077108e-01   1.2039299e-01  -6.9393338e-02   2.6753314e-01   2.4514889e-01   1.4451772e-02  -1.3373973e-01  -1.5605082e-01  -1.0125042e-01   1.3056306e-01   1.4591463e-01
  -1.8827358e-02   6.6527312e-02   1.0320703e-01  -3.1742438e-01   5.3822602e-01  -2.1519467e-02   1.8425311e-01  -4.6991786e-02  -9.0772654e-02   0.0000000e+00   2.7156589e-02  -3.0750873e-02   1.0367665e-01  -2.6129437e-01  -8.8939925e-02  -1.1370716e-02  -1.4447725e-02  -5.9965463e-02  -2.0701330e-01   3.4902265e-01  -8.7752834e-02  -1.5419428e-01   2.9453412e-01   2.4862688e-02  -7.3678824e-02  -9.1889678e-02   1.8003194e-01  -7.3184758e-02   1.1980739e-01  -2.2979558e-01  -3.1140972e-01  -1.3181018e-01  -3.5393448e-02   4.7685032e-01  -5.7235258e-02   2.0231656e-01   3.2309830e-01  -3.1403809e-01  -5.5622099e-02   1.7330185e-01   3.1566416e-02  -2.0990795e-01   9.5980312e-02  -2.7146010e-01   2.2348496e-01   5.1993030e-02   1.4687250e-01   1.7734103e-01   2.4427387e-01   7.1154330e-02   4.8741765e-02  -2.7388543e-02   3.4546300e-01  -9.7601375e-02  -2.3596882e-01  -3.1090248e-01  -8.8141864e-02  -2.9781126e-01  -1.6526441e-01  -2.0753996e-01  -1.1710239e-01   4.3289512e-01  -1.9167317e-01  -1.7621215e-01   4.5400842e-02   7.1459596e-01  -6.0890678e-02  -6.6934982e-02  -1.0395978e-01   4.7598243e-02   5.0629909e-01  -1.9568241e-01   6.8210769e-02  -2.4764788e-01  -1.7483259e-01   7.9679820e-02  -2.5071164e-01  -2.0668894e-01   2.4428312e-01  -2.4204841e-01   5.0329714e-02   1.6129229e-01  -3.2395537e-01  -9.4956933e-02  -1.4314599e-01  -1.2960551e-01   1.2466773e-01  -1.2839314e-01  -7.4253470e-02  -3.3511147e-02   2.9125317e-01  -5.4614865e-02   3.7574404e-01  -1.3830209e-01  -2.7251861e-01   6.7678131e-01  -4.3401189e-02  -8.6121290e-02   1.2762073e-01   6.4760800e-01  -2.1890578e-01  -2.1116372e-01  -1.0938258e-01  -8.9791567e-02  -1.7641688e-01  -2.5191603e-01  -4.1468438e-02  -9.1703613e-02   5.2537797e-01   1.5036677e-01   2.5900067e-01  -1.8134788e-01  -2.4373268e-01   2.9145488e-03  -3.8038899e-02   2.9539036e-01  -1.9829844e-01   1.8905727e-01  -3.4835699e-01  -2.2573290e-01  -1.4992372e-01   4.9034513e-01  -7.5669810e-02  -1.5748392e-01  -2.6506309e-02  -1.4129071e-01   6.1323419e-02  -1.9140966e-01  -3.2573189e-02   1.5037950e-01   8.6223462e-02   2.0040980e-01  -3.5326686e-01  -6.0459888e-02  -2.5334010e-01   2.4320872e-02  -1.0461684e-01  -1.2297613e-03  -8.1717423e-02  -6.2811376e-02  -1.0381928e-01   1.8855917e-01   3.6782126e-02  -2.3648153e-02  -7.3591306e-02  -2.0528746e-01   4.4158810e-01   4.0132450e-01   2.4522249e-01   2.4034964e-01  -8.5775344e-02  -2.0247659e-01  -8.3791888e-02   1.1787703e-01   1.8300525e-01  -1.4342279e-01  -1.5961830e-01  -9.1340290e-02   3.3710617e-02  -1.7776852e-01   3.2533858e-02  -1.1616908e-01   4.5655702e-01  -1.1833498e-01  -2.2077492e-01   4.6930043e-01   1.1540507e-02  -3.0027293e-01  -8.0969275e-02   1.5826023e-01   2.6378684e-01  -1.9004965e-01   6.2593427e-04  -3.9644738e-02  -7.8893182e-02   1.2064127e-01  -2.8899439e-01
  -6.2099680e-01   2.5700308e-02   6.4928098e-02   3.7219791e-02   3.0890892e-01   3.8263469e-01   2.1180535e-01  -1.0364101e-02  -9.3034323e-02   2.7156589e-02   0.0000000e+00  -1.0890267e-01   1.6072644e-01  -8.8220872e-02  -7.9487550e-02   3.8214675e-01   3.4529773e-03   2.1868805e-01   7.7648870e-02  -3.7512439e-02   2.7073157e-02   1.6440666e-01   5.9148718e-02  -5.4628796e-01  -2.9131204e-01  -2.1181934e-01   5.3504933e-01   9.9427290e-02  -7.8568122e-02  -1.5549946e-02  -1.3594500e-01   8.7304254e-03   1.7706734e-01   1.7961861e-01  -2.5347103e-02   7.3677933e-01  -2.5323435e-01  -3.5061009e-01   4.1289881e-01   4.1744406e-01   3.0162521e-01  -1.1809324e-01  -9.6502719e-02  -9.7462575e-02   4.3736380e-01  -3.9787156e-01   5.8325137e-01   5.8518717e-02  -6.5575900e-02   2.1403378e-01   3.5633316e-01  -7.1712837e-02  -3.7339649e-02  -4.1173215e-02  -1.7784879e-01  -7.9239295e-02   2.7134022e-01   1.7607515e-01   4.5579202e-02   3.3947675e-02  -3.5998189e-01   1.0296602e-01  -2.1229984e-01   2.0186380e-01   7.8255307e-02   1.8208166e-01   3.9066105e-01  -2.7509171e-01   3.4270732e-01  -9.7640109e-02   7.2826498e-02   1.6610443e-01   3.1494037e-01  -5.6411689e-01  -3.6996735e-01   6.4671288e-03  -4.1725457e-01   1.0873032e-01   9.2771004e-02   1.6643146e-01   9.6090553e-02   3.6065965e-01   3.6936688e-02  -3.1889556e-01  -1.8236314e-01   2.3342754e-02   1.2895470e-01  -4.3423152e-01  -1.4024044e-01  -5.4894279e-01  -1.3641986e-01  -3.2716658e-01   2.0526359e-01   1.8930149e-01  -3.3901206e-01   5.5987740e-02   1.6726726e-01   1.2888471e-01   8.9186475e-03   1.0924642e-01   2.8187877e-02   3.6166599e-01  -2.4090627e-01   8.8348015e-02   4.1929812e-02   7.2130352e-02  -1.3203288e-01   1.3564264e-01  -2.2069805e-01   1.4306055e-01   9.1006515e-02  -1.5753722e-02  -1.0709922e-01  -5.3894743e-01   1.9787844e-01   3.9094687e-02  -1.0905418e-01   2.6910303e-01   1.5372586e-01   2.2315755e-04  -4.3591123e-01   2.4641836e-01  -1.2045338e-01   5.0046647e-02  -5.6292832e-01  -9.1306286e-02  -1.2470917e-01   7.9809069e-02   8.7966344e-02  -2.3644230e-02   4.3102310e-01   5.7818432e-01  -2.2273849e-01  -5.1043997e-02  -1.6699193e-01   2.0448468e-01   1.4513283e-01   1.9545079e-01   3.5413280e-02  -3.6648922e-02  -4.4658325e-01   1.4629906e-01   1.5028593e-01   2.3742082e-01   6.8312066e-02   4.0200185e-02   2.2846939e-01   1.7842348e-01   2.5216238e-01  -8.0185747e-02  -2.6602009e-01  -2.2376210e-01  -4.9402135e-01   4.0097674e-01   1.9843161e-01  -3.2424190e-01  -5.5216334e-01   3.7876726e-01  -2.9888069e-01  -1.9364135e-01   1.5971643e-02   3.0289251e-01   1.9724164e-01  -6.0215383e-02   2.4085378e-01   7.4646014e-02   5.1321223e-01  -4.0053558e-02  -5.7744918e-01  -8.3891449e-02   1.0756320e-01  -4.1800630e-02   5.6083803e-03   3.0249798e-01  -2.6154750e-01  -7.2207199e-02   1.2917611e-01
   3.7764971e-02   5.6547780e-01   1.9863728e-01  -7.9501850e-02  -2.0991640e-01   4.6821353e-02   2.7473814e-01  -1.5468862e-01   2.5187444e-01  -3.0750873e-02  -1.0890267e-01   0.0000000e+00  -3.0530199e-01   3.8626381e-02  -3.2922645e-01   1.9377567e-02  -1.5840842e-02  -2.1088460e-01  -1.4929914e-01  -2.2766023e-01  -2.5135349e-01  -2.3123164e-01  -2.0907477e-01   1.6152380e-01   1.3208621e-01  -1.6805718e-01  -8.0188869e-03  -1.2970714e-01   3.5112883e-01  -3.6617869e-02  -2.4769873e-01  -2.5459853e-01  -3.0520799e-02  -5.4367159e-02   1.8359046e-01  -1.1739354e-01  -4.9191846e-01   2.6920629e-01  -1.8731794e-02  -1.2209950e-01  -3.2898229e-01   2.5213079e-02   3.6626296e-01  -1.5981948e-01  -1.6917497e-01  -6.6295132e-02  -1.4770793e-01   9.8685791e-02  -3.8988091e-01   1.3658817e-01  -1.5554380e-01  -2.3121282e-01  -2.0212785e-01   1.4617288e-01   3.6669038e-01  -2.5796516e-01   1.1616571e-03  -1.3297056e-01  -2.4544259e-01   2.7918416e-01  -2.3580883e-02  -1.7952160e-01   4.2457733e-01  -8.4524031e-02  -2.3161102e-01  -6.0816941e-02  -1.2910491e-02   1.9477104e-01  -2.4810551e-01  -1.3918730e-01  -3.0675478e-02  -4.2578988e-02  -1.8301173e-01   2.4933461e-01  -2.6761869e-02  -2.2823812e-01   4.8850549e-02  -4.8662771e-02   1.5499275e-01  -7.4054381e-03  -1.7556066e-01  -2.6616265e-01  -1.1634745e-01  -2.0594905e-01   2.5716170e-01  -2.1742180e-01   1.4564313e-02   1.4393113e-01   3.2267051e-01  -9.1849683e-02   2.1820056e-01  -8.9791637e-03   9.0821588e-02   1.4598315e-01   1.4616271e-01  -2.9179518e-01  -1.7346588e-02  -3.1289535e-01  -6.3353943e-02  -1.6585696e-01  -2.7677683e-01  -6.6735703e-02  -1.6427960e-01   3.6844770e-01  -3.1563120e-01  -1.4875398e-01   2.0472849e-01  -2.7470597e-01  -1.4359687e-01  -1.3077743e-01   3.9336502e-01  -2.5247856e-01   4.0312114e-02  -7.0756474e-02  -4.2469827e-02  -5.8116312e-02  -2.1602851e-01  -3.0816884e-01  -1.1251141e-01   4.3787495e-03  -1.1117760e-02   2.1792639e-01   4.9278935e-01   3.7962361e-02   9.4574866e-02   3.7937199e-01   1.0200228e-01   2.4201728e-01  -8.8532600e-02  -1.0997805e-01   2.1774287e-02  -2.8425173e-01   4.0814639e-01  -2.3418578e-01   3.0585128e-01  -2.2253131e-01   7.2783829e-02  -9.8036618e-02  -1.9830629e-01   2.4992817e-01   2.1234278e-01  -2.6492666e-01  -2.3088208e-01   1.7168841e-01  -2.7900209e-02  -2.3227997e-01   4.0173022e-01  -1.8436132e-01  -1.0224471e-01  -3.2848260e-01  -1.2337191e-01  -2.3191016e-01  -4.0717147e-03   2.3785898e-03   7.0387506e-01   1.5296652e-01   7.1941121e-02  -1.6262140e-01  -5.1240075e-02  -1.6914001e-01   2.0221080e-01  -2.5723735e-01  -3.1636457e-01  -6.4241878e-03  -8.0901742e-02   1.4727712e-01   8.4599869e-02   2.0023504e-01   8.0735887e-02   1.5050810e-01   2.7605161e-01   2.7115230e-01  -1.2561904e-01   2.4980324e-01   4.0353402e-02   1.7066936e-02  -2.3173748e-01
  -2.3268005e-01  -1.1960102e-01  -1.0506097e-01   1.0555696e-01   1.5211788e-01   1.5903769e-02   1.2571844e-01  -2.1925347e-01  -1.8926457e-01   1.0367665e-01   1.6072644e-01  -3.0530199e-01   0.0000000e+00  -3.7455731e-02  -6.7031155e-03   2.5816642e-01  -1.5576461e-01   3.2340076e-01  -1.9991817e-01   2.5054626e-01  -6.4853728e-02   1.4861412e-01   8.1667621e-02  -1.5356038e-01  -1.9583599e-02  -3.4679885e-01   3.1737411e-01   5.2141173e-02  -2.8506918e-01   4.4618338e-02  -8.0585028e-02   4.1081496e-02  -9.8920347e-02   7.2384299e-02  -9.5062042e-02   3.3374193e-01  -1.3528423e-01  -1.8081798e-01   3.2387378e-01   2.6886871e-01   6.5225335e-01  -2.5905982e-01  -1.8182856e-01  -9.2392840e-02   3.7923529e-01  -3.1009169e-01   3.7210165e-01   8.2508153e-02   3.2235540e-02   1.9292169e-01   3.4112123e-01  -1.5667015e-01   7.5038500e-03  -1.5543305e-01  -1.4921115e-01   6.0404939e-03  -1.7514351e-02   2.8815987e-03   1.4154896e-01  -1.1065559e-01  -2.9199785e-01   4.4575704e-01  -2.2870879e-01  -5.8887960e-02   2.5032028e-02   1.6923270e-01   4.9450740e-02  -8.5187623e-02   2.1478168e-01  -1.4942582e-01   6.0770460e-02   3.7285663e-01   1.7708629e-01  -3.1125498e-01  -2.3126118e-01  -2.0705865e-01  -1.7634857e-01  -1.2130766e-01   5.8797409e-02   2.6816231e-01   2.7993277e-02   3.3796646e-01  -8.4839062e-02  -1.6070480e-01  -3.7082414e-01  -2.1705537e-01   3.0483539e-01  -1.4402549e-01  -5.5153139e-02  -2.6123535e-01  -2.4229518e-01  -3.2519104e-01   8.1639542e-02  -1.8731229e-02  -1.7505801e-01   1.4116417e-01   3.9433021e-01  -1.1751568e-01   3.7124015e-01   1.6318316e-01  -1.3396567e-01   1.1783926e-01  -5.5298761e-02  -1.0720876e-01   3.1069785e-01   3.8311111e-02  -1.2602088e-01  -5.3901045e-02  -1.7907505e-02   3.0597031e-02  -1.5031819e-01   4.5415882e-02   1.4543686e-01  -1.9564496e-01  -3.4468768e-02   5.3085452e-02  -1.4394770e-01   3.9978113e-01  -8.5547277e-02   1.7648237e-02  -2.3432066e-01   9.4857415e-02  -8.9347520e-02  -7.4547909e-02  -3.1892262e-01  -1.7913328e-01  -5.0507006e-02   1.3657617e-01   1.2387284e-01  -9.4108179e-02   4.3166562e-01   2.5484598e-01  -1.7506739e-01  -2.3300353e-01  -1.3622163e-01  -1.4127320e-01   2.3274828e-01   6.6270566e-02  -2.0057291e-01  -1.4706542e-01  -1.3842195e-01   6.1277844e-01   5.7600389e-02  -3.9437826e-02   3.8426603e-02  -8.2614547e-03  -3.2711722e-02   5.8543679e-02   2.8881921e-01  -8.3154997e-02  -2.4625658e-01  -1.3981882e-01  -3.1184375e-01  -2.0369825e-01  -1.3534101e-01  -1.1670922e-01  -2.7919945e-01   2.5163583e-01  -3.3970238e-01  -6.6793470e-02  -8.1931448e-02  -1.8371035e-02  -1.2878838e-02   1.1970424e-01   2.4777115e-01   1.7258988e-01  -3.3860321e-02  -3.1388180e-02  -2.5406051e-01  -1.8944007e-01  -5.3885576e-02   1.6578395e-01   1.8940469e-01  -4.2580670e-02  -9.9075200e-02  -3.2702161e-01   1.3432329e-02
   3.3110515e-01  -6.6721447e-03  -4.8317270e-01   1.9947026e-01  -2.7154813e-01  -2.0022942e-01   5.9647380e-02  -2.8188867e-01  -1.1398513e-01  -2.6129437e-01  -8.8220872e-02   3.8626381e-02  -3.7455731e-02   0.0000000e+00   1.4809687e-01   9.8857680e-02  -3.9212827e-01   3.7671821e-02  -2.8452286e-01  -3.0401177e-01   2.2401343e-01  -2.9578442e-01   2.1406220e-01   4.1505085e-01   1.1190250e-01  -3.2148826e-01  -1.6446705e-01   1.2815872e-01   2.0790677e-01  -2.8009344e-02   2.3493630e-01  -3.5621800e-01  -9.9120022e-02  -1.4192583e-01  -1.7927414e-01  -2.8529775e-02  -1.2641369e-01   4.0276611e-01   9.1085486e-02  -1.1401405e-01  -1.4580920e-01   4.6134386e-02  -7.4245771e-02  -2.6487413e-01  -2.5007790e-02  -1.9542298e-01   9.8354848e-03   1.7424554e-01  -2.9247624e-01  -1.6310971e-01  -8.2765092e-02  -4.2754523e-01  -1.2902009e-01   2.7932698e-01   7.9992848e-01  -1.8452551e-01  -2.5627925e-01  -2.0941090e-01  -2.9116830e-01   4.7108178e-02  -2.4714042e-01  -2.1984472e-01   9.7309376e-02   1.9160278e-02  -8.0792159e-02  -1.2878033e-01  -1.8457136e-01  -2.1109451e-02  -3.1851938e-01  -2.8427336e-01  -2.5554385e-01   1.0083454e-01  -3.0351881e-02   2.0409236e-01   6.4955895e-02  -2.6767957e-01  -7.4381674e-02  -3.4349272e-01  -1.4804351e-01  -2.6085198e-02  -3.5782576e-02  -8.1399181e-02   2.3866763e-01  -2.3674225e-01   6.2076536e-02  -3.2165777e-01   2.9699915e-01   6.2545678e-01  -9.3213748e-02   7.6355530e-02  -2.4487856e-01  -3.2550391e-01  -2.7708589e-01  -2.6131790e-01   3.2291535e-01  -2.7916374e-01   1.6983894e-01  -5.0629326e-01  -1.3663483e-01  -1.4810546e-02   3.3826013e-01  -1.2360195e-01  -9.3349739e-02   9.1780235e-02  -5.3584100e-02  -2.7839664e-02   1.8678117e-01  -4.7297202e-01  -4.8893964e-02   1.8184250e-01   4.6550195e-02  -3.7881941e-01   2.0639425e-01   1.2764895e-01   2.3889291e-01  -1.5171002e-01  -4.0466779e-01   2.0735625e-02   3.6329227e-01  -6.1091948e-02  -5.5456153e-02  -2.2586395e-01   4.6242987e-02   1.0801958e-01  -8.6828380e-02   4.0398961e-01   3.3674529e-01   2.0216796e-01  -1.1508288e-01  -1.4988181e-01   8.2953276e-02  -8.2477951e-02   5.1528856e-01   2.8845393e-01  -1.8508494e-03  -2.7359762e-01   6.1868134e-02   3.4433748e-01  -4.1674940e-01   3.7639974e-01   4.6716052e-01  -1.7194721e-01  -4.9134121e-01   1.3777243e-01   2.7790303e-01   3.3879638e-02  -2.6213710e-01  -2.7001949e-02   1.3314088e-02  -2.4600806e-02  -1.2249575e-01   2.5497572e-01  -7.5580990e-02  -2.2038086e-02  -2.1757579e-01   3.5830155e-01   1.4690847e-01  -1.3891597e-01  -3.3759563e-01  -3.1903835e-01   5.4004894e-02  -3.8426368e-01  -5.1743736e-02   8.2268224e-02  -4.0209372e-02  -2.0723426e-01   1.7385179e-02   4.6624887e-01   1.1123747e-01  -2.0102679e-01  -7.4216399e-02   3.7695447e-01   1.2412567e-01   9.9379142e-02   8.8440146e-02   2.8631220e-02  -1.8227175e-01
