   0.0000000e+00  -1.6815008e-01   2.4087096e-01  -3.2458765e-01   8.8667500e-02  -4.7782935e-01  -4.1464632e-01   3.5384187e-01   1.6768494e-01  -2.2122243e-01  -3.4971244e-01  -3.7290423e-01   5.3302708e-02   6.5448004e-01  -1.2780076e-01  -5.0739416e-01   5.5154106e-02  -3.8032526e-01  -8.9080464e-02   1.1509118e-01  -4.3457249e-01  -5.5715935e-02  -3.9069823e-01   5.8571994e-01   3.1186796e-01   2.2158039e-01  -4.3472332e-01   1.0906071e-01   1.7214165e-01  -2.8704204e-01  -5.0837985e-02   1.1414719e-02  -2.5463389e-01  -4.9730595e-01   1.0498589e-01  -5.8955945e-01   1.3750788e-01   4.2060564e-01  -4.9688037e-01  -3.4466362e-01  -6.8632524e-02  -6.5739433e-02   4.0944691e-02   2.4780307e-02  -2.6020027e-01   6.4595575e-01  -4.0929437e-01  -3.6342740e-01   1.0274699e-01  -3.5530615e-01  -4.2525628e-01   3.0804281e-01  -3.2156412e-01   1.8280852e-01   4.8175761e-01  -1.4156634e-01  -3.1524373e-01   1.2214825e-01  -3.3909632e-01   7.8675900e-02   4.2193346e-01  -1.8833730e-01   1.2953961e-01  -1.0879870e-01  -1.7125309e-01  -4.1461328e-01  -3.1750958e-01  -1.2260745e-02  -3.1297799e-01   2.2221366e-01  -2.1557592e-01  -1.7423717e-01  -4.0378948e-01   5.6230799e-01   1.0692761e-01   3.5355222e-01   4.6670985e-01  -2.7380425e-01  -3.0636652e-01  -1.3123229e-01  -1.3045161e-01  -5.6629258e-01  -2.5037961e-01   2.6363957e-01   7.4944375e-01   3.7834755e-01   1.0170800e-01   6.2235766e-01   3.4893718e-01   7.9800597e-01  -2.3213422e-01   4.5153621e-01  -3.8045513e-01   1.4309262e-02   5.4094109e-01   3.4158905e-01  -2.4027034e-02  -1.9485573e-01  -4.2595501e-03  -3.4691738e-01   4.8555406e-01  -2.5415351e-01   1.4863870e-01   2.0378357e-01  -6.7256487e-02   2.0129988e-01   2.6258155e-01  -1.9393725e-01  -3.8143513e-02  -2.0718492e-01  -3.7529749e-01  -1.5740754e-01  -1.4985941e-01   8.5052710e-01   4.5212904e-01  -4.9820883e-02  -2.7420179e-01  -4.7380167e-01  -1.2720788e-01  -4.1997911e-01   5.6504600e-01  -2.7016377e-01   8.7900145e-02  -2.0298377e-01   6.4505579e-01   6.3084179e-01  -2.6343574e-01   1.9178013e-01   2.5726016e-01  -1.6914067e-01  -3.2910757e-01  -5.3604062e-01   5.1839178e-01  -2.9362920e-01  -6.4009509e-02   4.3744548e-01  -4.2269018e-01  -1.2583887e-02   3.2215745e-01   5.7029859e-01   7.3260081e-01   1.9161541e-01  -3.8815805e-01  -3.8700461e-01  -2.3806999e-01   2.1154484e-02  -2.7570230e-01  -3.2365654e-01  -3.7304423e-01  -1.9219889e-01   7.4613467e-01   2.4911202e-02   6.2621378e-01  -3.2892800e-01  -3.1436929e-01   5.4735305e-01   6.3916460e-01  -4.5214047e-01   5.6509414e-01  -3.0567383e-02  -4.1122213e-02  -4.1416725e-01  -3.1570668e-01  -1.8916358e-01  -6.6794111e-02  -2.5736619e-01  -5.0819649e-01   7.0834288e-02   6.5294353e-01  -3.0025284e-01  -1.1050167e-01   4.8511105e-01  -2.3392593e-01  -2.4424359e-01  -3.1032779e-02  -3.3293794e-01   2.0049541e-01
  -1.6815008e-01   0.0000000e+00   3.1827218e-01   1.1773622e-01  -1.0721754e-01   1.9151770e-01   3.7027008e-01  -2.3435021e-01  -2.4274468e-02   3.9319382e-02  -2.1225983e-01   4.7763313e-01  -3.2627913e-01  -2.0322341e-01  -4.6043101e-02   2.9628683e-02   5.6502437e-01  -5.3507465e-03   7.7373047e-02  -8.7014362e-02   3.4487667e-01  -2.3588374e-01   2.1122128e-01  -4.2299092e-01   5.9144933e-02   8.7526254e-02   2.7358498e-01  -3.0573768e-01   4.0369464e-02   5.2655122e-01   8.7005820e-02   1.3550454e-02   3.6461398e-01   5.5095371e-01  -1.1634654e-01   8.8654342e-02   1.3240916e-01  -3.6848409e-01   1.3175624e-01   5.8261054e-01  -7.6195273e-02   1.6597692e-01  -7.5059430e-02  -1.5006755e-01  -2.0216755e-01   2.4347210e-02  -2.5784053e-01   6.2718109e-01  -5.6710182e-02   6.1843262e-01   7.4613222e-02   4.0772199e-02   7.7861498e-01   1.2894998e-01   2.4985375e-01   5.0205115e-03  -1.3542053e-01  -2.8301223e-01   9.6712723e-02   9.8246200e-03   2.5588817e-01  -1.9590184e-02   3.3167876e-01   1.4933251e-02   2.9351922e-01   1.1791991e-01   4.8930795e-01   5.4428558e-02  -1.3791126e-01  -1.8092383e-01   7.3151430e-01  -1.1810671e-01   2.8566382e-01  -7.0500133e-02   1.3565893e-01  -2.8085266e-01   2.0365379e-01   1.9238844e-01   5.2046725e-01   2.5983485e-01  -8.8045984e-02   7.1072539e-02   5.6931702e-02   6.5125772e-02  -1.4485366e-01   1.0069907e-01  -3.5144758e-02  -2.8948460e-01   2.9188621e-01  -3.1496037e-01   4.5645387e-01   1.2118877e-01   5.9298829e-01  -1.2052126e-01   6.7093344e-02  -1.4806496e-01   1.2539373e-01   4.3650815e-02   4.5551712e-02  -7.6396944e-02  -4.8139148e-02  -6.8693948e-02  -1.2294219e-01   3.7129844e-01   2.1200021e-02  -2.8169605e-01   2.9454463e-01   4.6560327e-02  -1.1382429e-01   7.5361554e-01   1.8005085e-01  -1.4075304e-01   1.2325183e-01  -1.6178894e-01  -2.0222696e-01   7.3039930e-01   1.6548242e-01   1.7951863e-01   2.2766812e-02   9.1019666e-02  -1.0534165e-01   2.3363533e-01   1.9431823e-01   4.8663632e-01  -2.4928373e-01  -3.5565831e-01   3.4030475e-03   2.1623182e-01  -1.9646181e-01   1.6667359e-01  -5.2800032e-03   2.3310122e-01   4.3484555e-01   5.1235899e-01  -1.6521506e-01  -2.2122598e-01   2.7122873e-01  -3.5321827e-02   2.8550149e-02  -6.4192233e-02  -2.0866752e-01  -3.2656208e-01  -1.0429226e-01   1.6106388e-01   2.7150021e-01  -7.4453762e-02   2.9675624e-01   2.9102062e-01   2.3015356e-01  -1.8548179e-02  -1.1721662e-01  -1.6146911e-01  -6.8047055e-02   7.8842686e-02   7.4708146e-01  -4.4370780e-01   1.3854950e-01   2.3394060e-01   1.4185540e-01  -6.8388835e-02   8.3396175e-02  -1.5692261e-01  -1.1482137e-01  -6.5942306e-02  -1.0195424e-01   4.8795650e-01   2.7780182e-02   2.4998978e-02   4.0611244e-02   5.6592971e-01   3.5514012e-01  -1.6467497e-01   3.9428468e-04   4.2044215e-01   2.1074464e-01   1.2854234e-01  -2.2884472e-01
   2.4087096e-01   3.1827218e-01   0.0000000e+00  -7.4914477e-02  -1.2088324e-01   2.3491208e-01  -1.9020938e-02   2.2711642e-01  -3.7395135e-02  -1.9836650e-02  -2.9152368e-01   3.0885571e-01  -2.2767021e-01   1.3025350e-02  -2.5144118e-03  -2.7365836e-01   7.0154071e-01  -4.3851588e-02   7.1419042e-02  -9.8419176e-02   1.2020364e-01  -1.9289723e-01   2.8320382e-02   3.5912347e-02   5.5620910e-03   2.5271842e-01  -4.3049960e-02   1.3892243e-02   1.0450870e-01   5.5936691e-02   1.1659830e-01   8.7831285e-02   9.0021224e-02   1.3014344e-01   1.1557534e-01  -1.9000566e-01  -9.7324455e-02   8.6416932e-02  -2.9087012e-01   8.2907671e-02  -5.0024761e-02   1.0391129e-01   6.1514577e-02   9.7495742e-02  -3.3254575e-01   4.9405985e-01  -2.9632265e-01  -5.1579957e-02   6.2972631e-02   2.5411368e-01  -5.6083314e-02   4.2297054e-01   1.7869838e-01   3.5540791e-01   3.5305325e-01   9.8425739e-02   8.7635175e-02  -5.8635028e-02  -1.0364312e-01   1.8481661e-01   6.3148042e-01  -1.2289104e-01   2.8508805e-01  -4.6561332e-02  -3.0380253e-02  -3.6547313e-02   2.6862389e-01  -5.0714228e-02  -1.6275923e-01   2.7023271e-01   2.2178542e-01  -3.2985388e-01   1.3209237e-02   4.0848509e-01   2.0378498e-01   1.7824134e-01   6.2824012e-01   1.2905243e-01  -1.6031706e-01   5.3247834e-02   2.3999053e-02  -2.2355188e-01   1.8443239e-02   2.5999171e-01   3.5292763e-01   3.5885895e-01   1.1885028e-01   1.2000262e-01   3.8147461e-01   2.8302005e-01   9.7989613e-02   7.0390205e-01   3.4719245e-01  -1.0742230e-01   3.8926552e-01  -1.1045342e-01  -2.5242668e-02   8.9371012e-03   3.4173274e-02  -2.6341602e-01   3.3469394e-01  -8.1136628e-02  -1.0457765e-02   3.2120102e-01  -1.5271220e-01  -4.1476928e-02   5.6401284e-01  -5.1003770e-02  -2.5181015e-01   2.5548720e-01   1.3998804e-01  -1.6467942e-01  -1.6004338e-01   2.7711024e-01   2.4788440e-01   1.1434698e-01   1.2267071e-02  -4.4820886e-02   1.6540146e-01  -2.8396660e-01   4.8359083e-01  -8.3078514e-02   1.5691355e-01  -2.2810111e-04   2.9357288e-01   2.4841233e-01  -3.2903771e-01   3.8062035e-01  -4.1019887e-02   2.3320433e-01  -3.2491231e-01  -2.8994851e-01   6.3142495e-01  -1.7306912e-02  -1.7463319e-01   2.4489929e-01  -1.3961678e-01  -1.2724118e-02   3.5907561e-01   3.5589316e-01   2.4737921e-01  -7.1391509e-02  -2.9921445e-01   2.3470240e-01  -4.6235476e-02   1.3935632e-01   3.3710027e-01   1.3390584e-01   2.1670349e-01  -2.1221347e-01   4.4312745e-01  -1.5825742e-02   5.4253991e-01  -4.5580058e-02   3.5658587e-01   6.9454952e-02   5.3569076e-01  -4.1314173e-02   5.3176656e-01   1.7742860e-01   2.7379976e-03  -4.0668769e-01  -1.1968752e-01  -1.7191376e-01   1.4258526e-02  -5.1524450e-02  -1.0212725e-01   6.8242586e-02   5.1033173e-01   3.5192434e-01  -2.3040987e-02   7.7496470e-02  -1.6269098e-01   3.1625360e-01   1.5915326e-01  -1.7397408e-01   6.4080241e-03
  -3.2458765e-01   1.1773622e-01  -7.4914477e-02   0.0000000e+00   4.6212347e-02   3.5474408e-01   3.8803803e-01  -2.1770404e-01   3.4293260e-01   2.3769089e-01   3.3768356e-01   2.7822161e-01  -5.5536355e-02  -1.8104475e-01   3.3776538e-01   3.4099249e-01   9.2255091e-02   4.1066497e-01   3.2739001e-01   1.0124065e-01  -1.9818722e-03   5.7214790e-01   3.3009139e-01  -3.7568892e-01   3.4973910e-01   1.6255808e-01   4.4841344e-01  -7.0767020e-02  -9.3433473e-02   3.9861751e-01   1.3296210e-01   3.9683875e-01   3.6919904e-01   3.9195974e-01   2.6444321e-01   1.5320493e-01  -1.5781078e-01  -2.8359814e-01   4.0123491e-01   3.5341473e-01   4.6652317e-02   4.6636848e-01   2.1599119e-01  -1.6706640e-01   4.6166623e-01  -1.7750497e-01   2.6240775e-01   6.6239155e-02   1.0215154e-01   1.6997500e-01   5.9305098e-01  -1.1747743e-01   1.3849024e-01   8.3611897e-02   4.5513556e-02   3.7145622e-02   1.9934478e-01   3.9241168e-01   5.6508037e-01   2.3738908e-01  -1.0612245e-01   4.5696745e-01   2.4264477e-01   2.6804084e-01   2.7003087e-01   3.9662466e-03   4.1306431e-01   1.6958096e-01   4.3006592e-01  -9.6541476e-02  -3.6219510e-02   6.0618785e-01   1.0998337e-01  -1.2835219e-01   4.7025286e-03  -2.4095949e-01  -5.9512789e-02   1.6062819e-01   8.9772858e-02   3.2522864e-01   2.3260261e-01   2.1128122e-01  -7.9537739e-02  -2.0004579e-01  -2.5966263e-01  -1.2127722e-01   2.0255706e-01  -3.4695761e-01   3.9337412e-02  -2.7584780e-01   3.4725575e-03  -2.5464814e-01   2.6790160e-02   3.9612091e-01  -2.5001478e-01  -9.6771169e-02   4.6175844e-01   3.6432600e-01   3.6978850e-01   3.7223922e-01  -1.8163262e-01   2.7314100e-01  -1.0171061e-01   2.7907918e-01   5.4196090e-01   4.6955276e-01   6.0718378e-02   5.1959161e-01   4.2154214e-01  -9.1055954e-03   1.1041972e-01   4.1239642e-01   5.8134753e-01  -3.5750932e-01  -5.8212656e-02  -6.8691809e-02   3.5252788e-01   2.2518484e-01  -1.6762848e-01   6.4759769e-01  -2.8356889e-01  -5.2348296e-02   3.8773985e-01   2.9505182e-01  -2.8158823e-01  -1.6361210e-01   3.7710211e-01   7.2675540e-03   3.8929428e-01   1.3336614e-01  -1.3360205e-02   2.9457474e-01  -7.4163619e-02   8.3312100e-02   4.8426917e-01  -2.4138152e-01   4.5441648e-01  -7.6329507e-02   1.0582223e-01  -3.2519333e-01  -3.9161194e-01  -3.7436577e-01   4.9496110e-01  -8.7368899e-02   3.8967519e-01   1.3419053e-01   1.8678147e-01  -2.0923884e-02   1.3497464e-02   1.5201661e-01  -1.9559324e-01  -1.4190989e-01  -2.1128294e-01   2.8354093e-02   1.0610674e-01  -3.5608160e-01  -2.7187002e-01   4.9631098e-01  -1.2697078e-01   1.1088774e-01   1.7064486e-01   4.5855403e-01   7.9600309e-02   6.0160822e-01   4.4447110e-01  -5.3724746e-02   2.2762538e-01  -1.2995492e-01  -1.9285591e-01   4.4762442e-03  -8.0162228e-02  -3.8828996e-01   4.3628423e-01   9.1512137e-02   3.3470684e-01   1.8583364e-01   3.6776531e-01
   8.8667500e-02  -1.0721754e-01  -1.2088324e-01   4.6212347e-02   0.0000000e+00  -5.2796653e-02   1.2149862e-02  -1.7745288e-01   7.5288069e-02  -2.2576372e-01   4.1763185e-02  -2.0748295e-01   5.2870631e-01  -1.4822211e-01  -1.0177592e-01  -1.6547372e-01  -1.7155198e-01  -2.9538468e-02  -8.2545954e-02   6.6781812e-01  -1.4025786e-01   6.9727224e-02  -2.3675634e-01   3.8444119e-01   1.9299656e-01  -2.2166821e-01   1.8634760e-02  -2.7473796e-01   9.2539584e-02  -1.9149918e-03  -2.3348618e-01   4.6726344e-03  -2.3193010e-01  -1.8196200e-01  -9.8193952e-02   8.7730515e-02   4.5441618e-01   2.0029056e-01  -1.5832311e-01   1.4484553e-02   2.9736081e-01   1.2375411e-01  -1.6847655e-02  -4.3785387e-01   2.2775258e-02   6.8416918e-02   3.0337478e-02  -2.7433482e-02   5.7545529e-01  -1.2029690e-01  -1.6929032e-01  -3.2154391e-01  -8.3767134e-02  -1.1340392e-01   4.0613548e-02  -4.5479859e-01  -1.0448432e-01  -1.2496287e-01  -6.2238514e-02  -6.5398509e-02  -1.5358806e-01   4.1911938e-01  -9.3497747e-02  -2.1008908e-02  -6.8997533e-03  -2.6376973e-01  -1.2799141e-01   6.9715732e-02   1.0278645e-01   1.5158216e-01  -1.0814283e-01   6.5220777e-02  -2.3269156e-01  -6.8186757e-02  -1.8252038e-02  -2.8477215e-01  -7.2829889e-02  -3.4256946e-01  -4.4097796e-02   5.3331587e-02  -3.0153391e-01  -8.6774228e-02  -3.3181826e-01  -3.2204231e-01   8.5323053e-02  -1.5327637e-01  -3.4529582e-01   2.1186716e-01   1.6207451e-01   2.5678291e-01  -2.6259403e-03   9.1445649e-03  -2.1757882e-01   6.7426553e-02   4.9568117e-03   7.1558987e-01   1.9450856e-01  -1.4665966e-01   1.6703596e-01  -2.4512765e-01  -1.4340950e-01  -1.9507481e-01  -2.2940244e-01  -1.1571143e-01  -2.6758188e-02   2.3896446e-01  -2.0256951e-01   1.7738030e-02   2.8964112e-01   5.6869284e-02  -3.5172642e-01  -1.5178274e-01   1.7707917e-01   2.4746800e-01   8.7302421e-02   5.5659074e-02  -4.0946784e-01  -1.4929240e-01  -3.1866411e-01   1.5987851e-01   7.6224747e-02   2.1152277e-01   1.2606783e-01  -1.6956100e-01   2.1758303e-01   1.8382840e-03  -4.6725296e-02  -6.1076372e-02   3.7616492e-02  -9.8926554e-02   1.4985434e-02   1.9751800e-03  -2.0062298e-01  -1.5108295e-01   7.0188965e-02  -9.3814928e-02  -7.0939220e-02  -2.3590747e-01  -1.5125648e-01   1.0214251e-01   1.5829191e-01   3.2344254e-01  -1.5977475e-01  -3.4050026e-01  -5.1911258e-02  -2.6459608e-01  -1.1563181e-01  -1.6399419e-01  -2.7384947e-01  -4.0513452e-02   1.3438849e-01  -3.4454206e-01   1.1933028e-01  -1.3850596e-01  -2.0176963e-01   3.7966306e-01  -5.9793839e-02  -3.7587283e-02   7.4017242e-02  -3.8381289e-01   6.1281418e-02  -1.1009640e-01  -8.2990942e-02   2.9256659e-02  -1.2988260e-02  -3.9916420e-02   6.2722246e-02  -3.4605214e-01   3.1685239e-02  -3.3227632e-01  -6.8257093e-02   1.3192636e-01   8.5001572e-02  -2.0203714e-01  -7.5466926e-02  -1.8608720e-01   1.9174704e-01
  -4.7782935e-01   1.9151770e-01   2.3491208e-01   3.5474408e-01  -5.2796653e-02   0.0000000e+00   4.6390128e-01  -4.3001121e-01  -1.3584111e-01   3.1162658e-01   2.1224612e-01   6.4249955e-01  -7.0010047e-02  -3.8665627e-01   9.0857439e-02   4.8172805e-01   3.4906096e-01   3.2613647e-01   1.9278022e-01   4.9405063e-03   4.4795500e-01  -2.7928070e-02   5.7752177e-01  -5.2830304e-01  -3.0722179e-01   1.4941380e-02   7.2235048e-01  -1.1292361e-02  -4.6507216e-02   1.7136896e-01   1.1800875e-01   9.1532502e-03   3.9082348e-01   5.6575973e-01  -5.4662705e-02   5.1066373e-01  -5.2279098e-02  -3.9524272e-01   4.8787014e-01   6.4925200e-01   7.1972063e-02   1.9737805e-01  -2.5936656e-02  -1.2833432e-01   2.2306414e-01  -3.0198211e-01   3.1704659e-01   2.9014985e-01  -5.2531717e-02   4.8260811e-01   3.8377529e-01  -2.1523245e-01   1.9122845e-01  -7.6123402e-03  -1.4017512e-01   2.2989547e-02   6.0413177e-01  -2.0746754e-01   3.2697383e-01   9.9031792e-02  -1.4172067e-01   3.0324262e-01  -7.7678993e-02   5.6400860e-02  -1.0270844e-02   4.1410516e-01   7.2129579e-01   7.1649840e-02   2.3168517e-01   2.7175763e-02   2.4807221e-01   5.4318926e-02   3.4733833e-01  -1.0224403e-02  -2.7289536e-01  -3.5491943e-01  -1.6957579e-01   2.2689506e-01   1.8413382e-02   1.4426927e-01   2.0103156e-01   3.6583514e-01   1.9539869e-01  -1.3540928e-01  -3.0801657e-01  -3.0724400e-01   2.2317514e-02  -5.2860026e-01  -1.6422723e-01  -4.0793319e-01   7.1025899e-02  -1.5640688e-01   5.4897831e-01   3.6098951e-02  -3.3932702e-01  -3.1115830e-01   4.8013473e-02   2.4785148e-01   1.5457092e-01   2.9041492e-01  -4.7883632e-02   1.9900110e-01  -3.0314100e-01  -1.4762031e-01  -6.4582619e-02  -1.3282147e-01   1.8704178e-01   3.0049834e-01   1.1871948e-01   1.6847998e-01   4.0994400e-01   2.7884929e-02   8.0783224e-02  -4.9367382e-01   9.2777726e-02  -2.5854207e-02   2.7909243e-01   2.7790302e-01   2.6784316e-01   1.9552516e-01  -3.2042070e-01   2.7495353e-02   5.9495841e-02  -7.1638341e-02  -4.8826839e-01  -3.6096299e-01   1.7761677e-01  -1.9539738e-01  -3.1025505e-01   6.8644274e-01   1.4464381e-01   3.4682782e-01  -7.1071373e-02   2.5807722e-01   7.6600177e-02  -4.5789053e-01   2.4109564e-01   1.1810734e-01  -1.8087926e-01  -3.9231065e-01  -5.5428991e-01  -2.4792431e-01   3.5088557e-01   5.7380572e-01   1.3856513e-01  -4.2278001e-02   6.4944152e-01   2.8640715e-01   5.4948572e-01   1.4702057e-01  -3.5657013e-01  -1.9472341e-02  -2.5179695e-01   2.8518734e-01   5.2580078e-01  -4.5208732e-01  -3.5585067e-01   4.0792152e-01  -2.7489413e-01   1.0423755e-02  -4.6078916e-02   2.7517471e-01   3.7387569e-01   1.2986089e-02   1.0679594e-01   1.4505792e-01   4.2809446e-01  -1.5951981e-03  -2.8903766e-01   3.5870399e-01   4.9111052e-02  -4.6295416e-01   1.2311438e-01   4.1295789e-01   5.9803919e-02   2.3531122e-01  -1.1061953e-01
  -4.1464632e-01   3.7027008e-01  -1.9020938e-02   3.8803803e-01   1.2149862e-02   4.6390128e-01   0.0000000e+00  -5.9183259e-01   7.6999949e-02   3.7427144e-01   9.8668642e-02   7.1573180e-01  -2.4398759e-01  -3.9191347e-01   4.0839974e-01   3.7312873e-01   4.6140668e-02   4.1284602e-01  -1.5369396e-01   1.9616790e-01   1.7574486e-01   1.9044423e-01   6.9164441e-01  -4.7177379e-01  -7.6831054e-02  -2.7719899e-02   5.9085160e-01  -3.2389253e-01   1.2506526e-01   4.7195743e-01   9.9561702e-02   2.4963054e-01   1.5819109e-01   8.4998007e-01   2.2017505e-01   2.8110507e-01   2.5686480e-02  -3.9279727e-01   3.5699088e-01   6.5903268e-01  -7.7943025e-02   3.0843878e-01   1.5912389e-01  -3.9174749e-01   4.7918459e-01  -2.6875354e-01   6.3786438e-02   4.9691981e-01  -5.8639562e-02   2.1729212e-01   4.9926583e-01  -3.8333269e-01   2.1505315e-01  -2.4396318e-01  -5.8848342e-02  -2.5353019e-01   2.2630985e-01  -6.7776463e-02   3.9732328e-01   3.9759181e-01  -2.1467147e-01   4.3951775e-01   4.9824760e-02   1.2896119e-02   5.4514293e-02   1.9724121e-01   3.7767705e-01   4.3412874e-02   1.1347601e-01   1.5073876e-01   2.1644858e-01   3.8788588e-01   1.6442212e-01  -2.3465494e-01  -2.8105087e-02  -6.2551068e-01  -1.4667284e-01  -2.7436884e-02   2.9512564e-01   1.7632327e-01   4.0132899e-01   4.3261262e-01  -2.2492394e-01  -3.0323708e-01  -4.2399360e-01  -3.4279970e-01  -1.0473133e-01  -4.4264936e-01  -1.1774359e-01  -3.5732963e-01  -8.7422359e-02  -2.6668789e-01   4.1138362e-01   2.2348472e-01  -1.9181329e-01  -7.5994563e-02   3.3413722e-01  -3.5555623e-02   1.6105056e-01   2.8347153e-01  -3.6797693e-01   2.6055179e-01  -2.6647551e-01   1.7534644e-01   2.4529252e-01  -1.5719351e-01  -7.8409350e-02   1.4788696e-01   1.7754068e-01   2.3366119e-01   2.2189222e-01   4.1616592e-01   2.9988172e-01  -3.9146614e-01  -5.1829989e-02   1.1404520e-01   1.0486757e-01   2.7043346e-01  -2.3832224e-01   4.3174611e-01  -3.7431814e-01   1.1265956e-01   2.2080264e-01   2.0616231e-01  -4.3883186e-01  -3.4647643e-01   6.5667613e-01  -1.8284326e-01  -1.9334953e-01   4.1204768e-01   7.0532885e-02   4.1633793e-01  -4.9201385e-02   4.7797748e-01   1.2544440e-01  -5.3668636e-01   4.8827931e-01  -1.8558257e-02  -1.8950804e-01  -3.0316828e-01  -4.4897116e-01  -3.0831957e-01   2.8401084e-01   1.2050017e-01   5.2956742e-01  -1.1223559e-01   5.5545267e-01   9.0013197e-02   2.3475839e-01   2.4347427e-01  -2.7630483e-01  -2.2562926e-01  -2.4922070e-01  -7.3718025e-02   2.4464604e-01  -4.0442925e-01  -2.6868196e-01   4.8996561e-01  -2.4042825e-01  -4.2691842e-03   2.0187369e-01   1.6529073e-01   1.3529841e-01   2.2110393e-01   2.0265760e-01   2.8843105e-01   4.3422654e-01  -3.2237333e-01  -2.1775386e-01   1.4027052e-01   8.8389782e-02  -3.4891921e-01   2.1604146e-01   1.2503266e-01   1.2018190e-01   3.1635720e-02  -6.9961432e-02
   3.5384187e-01  -2.3435021e-01   2.2711642e-01  -2.1770404e-01  -1.7745288e-01  -4.3001121e-01  -5.9183259e-01   0.0000000e+00  -1.4117614e-02  -3.3657940e-01  -2.1529690e-01  -4.6603111e-01   4.3169621e-02   4.1817602e-01  -2.3818094e-01  -5.2566134e-01   9.4431922e-02  -3.2836078e-01   2.8936411e-01  -2.4817088e-01  -7.1468146e-02  -1.4796888e-01  -3.7101971e-01   2.5312716e-01   1.4610330e-01   1.9046804e-01  -6.3073123e-01   3.7588053e-01   3.0821599e-02  -4.4849928e-01   2.0520855e-01   1.1949549e-01  -1.1394520e-01  -5.0585390e-01   1.1301898e-01  -4.1998684e-01  -1.6275102e-01   2.2009994e-01  -5.3307354e-01  -5.6993667e-01  -7.5994222e-02  -5.0329719e-02  -7.5477168e-03   6.5953956e-01  -4.0008870e-01   4.0985630e-01  -1.2881641e-01  -2.9555933e-01   4.1333803e-02  -4.0875223e-01  -2.8724844e-01   6.6863843e-01  -2.1253907e-01   3.6528309e-01   3.2490071e-01   3.7793596e-01  -4.0394861e-01   4.5488841e-01  -2.3223100e-01  -1.5833592e-01   4.5438335e-01  -3.6592527e-01   2.5202349e-02   5.7804459e-02  -3.7026080e-03  -3.5296415e-01  -2.5300830e-01  -1.4253267e-02   5.5572398e-02  -9.6117225e-02  -7.9654444e-02  -1.9761111e-01  -2.7567292e-01   2.2564352e-01   3.2887077e-01   8.1142556e-01   3.2829599e-01   1.0852676e-01  -3.7295727e-01  -4.4002490e-02   3.4774770e-02  -4.3753105e-01   1.6016575e-01   5.9098259e-01   3.0808166e-01   7.2603276e-01   1.9884791e-01   3.4639414e-01   1.9932658e-01   4.0809563e-01  -1.3973272e-01   4.4794902e-01  -3.0768720e-01  -7.1494041e-02   2.5736157e-01   8.2903631e-02  -1.1646252e-01   1.8993229e-01  -2.0022267e-01  -1.7650236e-01   3.5818016e-01  -7.1599055e-02   6.5919834e-01  -3.5385526e-02   2.4716749e-02   4.7607832e-01   1.7089404e-01  -4.5938718e-02  -4.9081737e-02  -1.3739312e-01  -6.9771178e-02  -2.0789357e-01  -2.2762129e-01   4.2972969e-01   3.2850045e-02  -1.0980624e-01  -3.6779712e-02  -2.2232094e-01   2.3297006e-01  -3.3787189e-01   3.9893761e-01  -3.3309559e-01  -5.1966974e-02  -9.4713475e-02   4.8468946e-01   5.0872121e-01  -3.5826291e-01   3.5148549e-01   5.1176372e-01  -4.2188232e-01  -3.7639044e-01  -4.3881858e-01   3.1738439e-01  -1.7149702e-01  -1.6258855e-02   8.9520420e-01  -2.9617064e-01   1.7199728e-01   5.5728209e-01   3.6008592e-01   3.9893521e-01   1.3313419e-01  -1.9398937e-01  -1.4888295e-01  -2.2342082e-01   5.0622852e-01  -2.6860683e-01  -2.1820859e-01  -2.8808113e-01  -1.6264554e-01   3.4304507e-01   4.2040717e-01   3.1818546e-01  -1.0877386e-01  -2.5232358e-01   2.5161976e-01   3.7551748e-01  -4.7617912e-01   4.0325687e-01   4.5319756e-01  -6.1691458e-02  -2.3259433e-01  -2.0180573e-01   8.3897035e-02   3.4344224e-02  -2.9736808e-01  -4.3945757e-01   3.9680169e-01   3.2415978e-01   8.7951475e-04  -1.4708290e-01   1.2254354e-01  -1.8320550e-01  -2.2966750e-01   1.7581972e-02  -3.1469547e-02   1.8799132e-01
   1.6768494e-01  -2.4274468e-02  -3.7395135e-02   3.4293260e-01   7.5288069e-02  -1.3584111e-01   7.6999949e-02  -1.4117614e-02   0.0000000e+00  -1.8502110e-01   1.5093242e-01   9.9436026e-02   3.4700858e-02   5.5303298e-02   2.2982493e-01  -2.4486929e-01  -4.6404749e-02   1.2776653e-01   3.8562603e-02   2.9539755e-01  -3.2830838e-01   5.7298174e-01  -3.8849668e-02   6.7704042e-02   3.1910080e-01   2.5956831e-01   2.6301776e-02  -1.4758788e-01  -7.6145072e-02   4.3208531e-01  -2.9734682e-02   5.8247750e-01  -5.2010953e-02  -7.3233662e-02   3.1141142e-01  -1.5334722e-01  -1.3292022e-01   5.2356670e-02  -2.9012280e-01  -5.5329219e-02  -9.7735521e-02   2.5406527e-01   6.8941386e-01  -2.8291950e-01   4.0576438e-01   1.6247460e-01  -5.0133900e-02  -2.4893568e-01   3.3848443e-01  -2.0702088e-01   2.1383046e-01   1.0027232e-01  -1.4593795e-01   3.4698051e-01   3.1164895e-01  -1.9638456e-01  -1.0687346e-02   5.1283429e-01   2.1372163e-01   4.8951811e-01   9.2924918e-02   3.3655849e-01   5.7042603e-01   3.1403628e-01   2.3012686e-01  -3.9468496e-01  -2.9341020e-02   1.9101495e-01   3.2827617e-01   7.4311667e-02  -2.6875234e-01   4.1276383e-01  -3.9530447e-01  -4.0249393e-02   3.9160732e-01   1.0907386e-02  -2.4998217e-03  -2.6874050e-01  -4.1410183e-02   2.5806533e-01   7.8347449e-02  -2.3631070e-01  -5.0289484e-01  -2.6788260e-01   1.4278353e-01   1.6378894e-01   9.6778539e-02   2.4018941e-01   4.2659587e-01   2.7545113e-01  -1.9820805e-01   5.1803407e-02  -3.5175036e-01   6.3770311e-01   1.4422074e-01   2.1388337e-01   3.0095114e-01   9.4848180e-02   3.0724433e-01  -6.8540524e-02  -1.4582256e-01  -2.9521703e-03  -7.2296317e-02   5.7285192e-01   4.0972412e-01   4.5835637e-01   1.3024827e-01   3.6317223e-01   2.7465950e-01  -2.4780582e-01  -3.6152170e-01   3.9919095e-01   4.9966219e-01   2.0764833e-01   1.5497887e-01  -1.6312953e-01   3.0293407e-03  -1.2224453e-01  -5.3159019e-01   2.8885593e-01   1.7697434e-01  -1.1549027e-01   5.6937270e-01   3.9717365e-01   1.7085784e-01   1.2099854e-01   2.9038589e-01   2.0263186e-01   6.1640964e-01  -1.3336912e-01  -4.2328639e-01  -5.7923925e-02  -1.7076010e-02  -1.6649712e-01   6.3826695e-01   1.3579237e-01   1.6928165e-01  -2.8276498e-01   3.5251183e-01   1.7084699e-01   2.7021807e-01  -3.5274458e-02   2.0561084e-02  -4.8626389e-01   3.3112296e-01   6.1007683e-02  -1.1545972e-01  -3.4779335e-01  -4.9919043e-01  -1.4845905e-01   2.0202556e-01  -3.9652280e-01   2.2314073e-01  -3.6574833e-01  -2.3304815e-01   1.3333646e-01   1.5863559e-01   2.9659621e-02   2.2751857e-01  -5.1379081e-02   2.7287944e-02  -1.0955960e-02  -2.5771380e-01   2.5156354e-01   5.9801617e-01  -2.8704655e-01  -4.0047338e-02  -4.0732255e-01   2.7609120e-01  -3.4588560e-01  -2.5602646e-01  -8.5655403e-02   2.8719627e-01  -1.8157881e-01   2.6245854e-01   1.4085476e-01   6.8864739e-01
  -2.2122243e-01   3.9319382e-02  -1.9836650e-02   2.3769089e-01  -2.2576372e-01   3.1162658e-01   3.7427144e-01  -3.3657940e-01  -1.8502110e-01   0.0000000e+00   2.4110839e-01   3.0962609e-01  -2.2835423e-01  -1.5648089e-01   2.6812326e-01   4.7432474e-01  -2.8535834e-02   3.0173877e-01  -2.1642527e-01  -1.0999253e-01   1.9402348e-01   3.4632740e-02   4.9815518e-01  -3.7644821e-01  -1.8199718e-01  -1.4072510e-01   3.9220259e-01   1.1220649e-01  -1.2525828e-02   1.3176610e-01   1.5698833e-01  -9.9377802e-02   2.4063753e-01   4.9337991e-01  -1.2607639e-01   3.5638589e-01  -7.6522033e-02  -2.9423712e-01   4.8049180e-01   2.8316652e-01  -3.7415421e-02  -1.6566016e-02  -1.5254477e-01  -2.3176239e-03   2.2130769e-01  -3.6307873e-01   3.4138334e-01   3.7856160e-02  -1.9212181e-01   2.0811003e-01   2.7283903e-01  -2.8932140e-01   1.4576030e-01  -3.1991971e-01  -2.9855322e-01   1.4003356e-01   3.2337848e-01  -1.6433217e-01   4.2493842e-01  -5.3082773e-03  -2.8419812e-01   1.1189506e-01  -6.4076305e-02   1.8986922e-01  -1.3246934e-02   4.8288541e-01   1.6107311e-01   1.6375075e-01  -9.3980658e-02  -2.5851538e-03  -8.6078275e-02   6.5482308e-02   3.8837241e-01   9.2764622e-02  -2.8570434e-01  -3.3517296e-01  -1.7367038e-01   1.0515897e-01   1.9633284e-01   3.1770478e-02   2.2479619e-01   3.3208712e-01   3.6365101e-01  -5.0080490e-02  -2.2716621e-01  -3.2744014e-01   1.2308361e-01  -4.6165117e-01  -1.5849019e-01  -3.1679900e-01   4.6785826e-03  -3.4766453e-01   2.8105264e-01  -1.5951348e-01  -2.4436428e-01  -2.5884440e-01   1.5294471e-01  -8.7220138e-02   2.2225388e-01   5.9265288e-01  -1.4626010e-01   3.0264155e-01  -1.9821947e-01  -2.4379830e-03  -5.5157422e-02  -2.3558215e-01  -8.8417540e-02  -9.6925339e-02   3.8392730e-02   6.3553407e-02   4.7702755e-01   1.9584091e-01  -1.2482127e-01  -3.1794176e-01  -7.4979785e-03  -2.1508964e-02   1.8466001e-01   3.0200463e-01   2.2438322e-01   1.1163954e-01  -3.3836839e-01   6.0817323e-02  -1.7484040e-01  -7.1977487e-02  -4.2176537e-01  -2.9345442e-01   1.9248309e-01  -2.1888641e-01  -3.4536256e-01   3.7695996e-01   2.5315746e-01   3.3254435e-01  -8.4302550e-02   1.0668128e-01  -1.4580595e-01  -4.0983520e-01   1.5326737e-01   3.1682300e-02  -2.2680707e-01  -2.5330268e-01  -3.9521565e-01  -2.7494244e-01   2.5499693e-01   4.1510383e-01   2.5657654e-01  -1.1066453e-01   1.7540290e-01   4.1336407e-01   5.3086260e-01   3.5904698e-01  -2.3970292e-01   7.5712764e-02  -2.7474963e-01   3.6403798e-01   2.7234857e-01  -3.4416196e-01  -2.4779162e-01   4.0765573e-01  -3.7810602e-01   1.2889331e-01   5.8464153e-02   2.2466318e-01   5.1278349e-01   6.2091604e-02  -1.7548936e-01   2.2911009e-01   2.8921906e-01   1.5254878e-01  -2.9175181e-01   2.1343287e-01   2.6724214e-01  -3.0121075e-01   1.9601483e-01   3.2309335e-01  -3.3420155e-03  -5.5098200e-02  -1.5874407e-01
  -3.4971244e-01  -2.1225983e-01  -2.9152368e-01   3.3768356e-01   4.1763185e-02   2.1224612e-01   9.8668642e-02  -2.1529690e-01   1.5093242e-01   2.4110839e-01   0.0000000e+00   1.7092163e-01  -7.7494696e-02  -2.8463521e-01   4.9030838e-01   4.0786077e-01  -2.9823232e-01   5.1911707e-01   2.2348926e-01   1.6966082e-01   9.6457808e-02   3.1119586e-01   2.4397186e-01  -3.6052131e-01  -6.3579377e-02   9.1175844e-02   3.0680767e-01   1.4192688e-01  -2.3161815e-01   2.0097541e-01   2.2206995e-01   2.7777729e-01   1.1538610e-01   4.8229832e-02   1.4185591e-01   3.4513125e-01  -1.7459717e-01  -3.0157060e-01   3.7307126e-01  -3.4318373e-04   1.2785203e-02  -1.4538593e-02   1.6907513e-01   2.4608625e-02   5.7380951e-01  -4.6965900e-01   6.1972176e-01  -2.7907339e-01   2.9686333e-01   5.9739155e-02   4.9533636e-01  -8.2632894e-02   2.3346788e-02  -2.0486563e-02  -3.4025912e-01   2.2433385e-01   2.9622453e-01   2.4318853e-01   5.0672359e-01   1.7809129e-01  -4.0576039e-01   3.8814688e-01  -3.4775973e-03   5.6635252e-01   4.7485329e-01   4.1337176e-01   1.2046956e-01   2.9190220e-01   6.5215360e-01  -3.1773978e-01  -4.2279089e-01   4.4110262e-01   2.6047745e-01  -1.6633748e-01  -8.5022020e-02  -2.4405289e-01  -4.4940918e-01   1.6174345e-01   2.4762491e-01   5.2567742e-02   1.2861303e-01   3.9665296e-01   2.3522080e-01  -1.3491975e-01  -3.2588823e-01  -1.2868302e-01  -8.8171906e-02  -3.7426413e-01  -1.5579842e-01  -3.4725580e-01   2.4498846e-01  -4.3822600e-01  -5.9857722e-02   3.5799993e-01  -4.4779722e-01  -8.0141098e-02   1.2108720e-01   2.9295568e-01   3.6087603e-01   3.9541649e-01  -3.3880745e-01   6.2519582e-01  -2.8611699e-01  -7.4215957e-02   5.2612725e-01   1.2432885e-01  -1.3534619e-01   4.4455901e-01   2.5389222e-01  -9.2757844e-02   2.0575603e-01   4.1690923e-01  -1.5159093e-02  -4.0113591e-01  -4.9493638e-04  -1.2120345e-01   2.9527781e-01   3.3980325e-01  -1.2608268e-01   4.7394366e-01  -3.2449336e-01   2.7731286e-01   1.8550372e-01   2.9333725e-01  -4.2751189e-01  -2.8888864e-01   3.4665088e-01  -2.3844020e-01   1.0776254e-01  -1.5174693e-01   1.3850122e-01   5.6242300e-01  -4.0615113e-01  -1.1852149e-01   4.1396233e-01  -2.5932918e-01   2.3909427e-01  -2.7926433e-01   1.1709847e-01  -4.2561037e-01  -3.9056582e-01  -3.5362140e-01   6.0811789e-01  -6.8558978e-02   4.0835238e-01   9.9967841e-02  -7.4922354e-02   2.9697284e-01   1.8069193e-01   3.3059236e-01  -3.0235884e-01  -1.5840517e-01  -2.4973857e-01   5.2166434e-01  -9.1298870e-02  -3.2763999e-01  -4.5440457e-01   4.0388858e-01  -4.2300936e-01   1.0614218e-01   1.7027382e-02   7.7529186e-01   3.8729687e-01   3.4719547e-01   2.3002576e-01   2.9538175e-02   6.1521183e-01   2.9820590e-02  -3.8892214e-01  -5.1531475e-02   1.9842071e-01  -4.5256017e-01   5.8465118e-01   2.4301801e-02   1.9635295e-01   1.4929915e-01   2.5002262e-01
  -3.7290423e-01   4.7763313e-01   3.0885571e-01   2.7822161e-01  -2.0748295e-01   6.4249955e-01   7.1573180e-01  -4.6603111e-01   9.9436026e-02   3.0962609e-01   1.7092163e-01   0.0000000e+00  -3.5567039e-01  -3.6152725e-01   3.4525516e-01   3.3445343e-01   3.5578276e-01   3.6949290e-01  -8.2073223e-02   7.5902609e-02   3.0158653e-01   3.7884211e-02   6.8787689e-01  -5.1788040e-01  -2.2781777e-01   3.1677906e-02   5.8418512e-01  -2.7357873e-01  -3.5025378e-02   4.2215358e-01   2.0398575e-01   2.1132351e-01   2.9645907e-01   7.9322557e-01   1.8253706e-01   3.3545048e-01  -1.0825859e-01  -3.8890508e-01   3.0847017e-01   6.1573035e-01  -2.2594995e-01   1.7042420e-01   2.0873118e-01  -2.3280636e-01   3.4492122e-01  -2.2803801e-01   1.3985456e-01   3.6451977e-01  -1.0050760e-01   4.6360733e-01   4.9836621e-01  -1.6139093e-01   3.3056188e-01   1.3033699e-02   3.3107780e-02  -6.6512385e-02   3.7199396e-01  -1.2104700e-01   2.9288778e-01   4.2360016e-01  -3.1968164e-02   2.8527191e-01   2.2910819e-01   9.6450071e-02   8.3369178e-02   3.3622074e-01   5.9385307e-01   4.9784468e-02   7.8388526e-02   4.1756171e-02   2.9924475e-01   1.4905722e-01   1.9998566e-01  -2.7058158e-02  -1.7072390e-02  -4.4214985e-01  -4.3252387e-02   1.7256600e-01   2.3650359e-01   1.3834386e-01   3.1902627e-01   3.0821655e-01  -4.0860001e-03  -1.2402866e-01  -2.5188362e-01  -2.1047690e-01   7.9717468e-03  -4.0526592e-01   9.5581119e-03  -3.3209540e-01   9.0138616e-03  -9.4188561e-02   6.3611610e-01   1.7375901e-01  -1.3947775e-01  -2.8199939e-01   1.3328922e-01  -6.4809340e-03   1.3181235e-01   2.1347307e-01  -1.8385404e-01   2.5723307e-01  -2.8348046e-01   2.5527096e-01   1.7888422e-01  -2.4142431e-01   3.1064824e-01   1.2814638e-01   3.5497934e-02   2.2302385e-01   3.7946074e-01   2.4117581e-01   1.2254588e-01  -3.6616205e-01   1.4747379e-02   9.7469981e-02   1.7487704e-01   2.6035418e-01  -1.8235395e-02   2.5601784e-01  -1.7709231e-01   5.7377989e-02   3.2716438e-01   2.8426608e-01  -4.2741160e-01  -3.4208512e-01   4.0415593e-01  -4.7827671e-02  -2.0891289e-01   4.7587239e-01  -7.5187334e-02   2.8907245e-01   1.3512028e-01   3.7718603e-01   1.5349959e-01  -4.6387814e-01   3.4383014e-01  -3.3692070e-02  -8.1237252e-02  -1.7976476e-01  -3.7294528e-01  -4.0946939e-01   2.2345159e-01   3.2795564e-01   4.5304660e-01  -2.4457807e-02   7.0819768e-01   1.8673864e-01   4.3885535e-01   9.8109172e-02  -2.2166438e-01  -1.5207122e-01  -7.7248373e-02   1.0699900e-01   5.0183462e-01  -4.4512476e-01  -9.3587780e-02   4.2067790e-01  -1.4159520e-01   1.3589548e-02   2.3020816e-02   1.4517442e-01   2.4687853e-01   5.1911422e-02   1.6570918e-01   2.6297699e-01   3.3313940e-01  -1.3073356e-01  -5.9021999e-02   3.9689245e-01   1.3737466e-01  -3.6756513e-01   1.3559691e-01   3.4819868e-01   2.4435598e-01   1.2281384e-01  -7.1388502e-02
   5.3302708e-02  -3.2627913e-01  -2.2767021e-01  -5.5536355e-02   5.2870631e-01  -7.0010047e-02  -2.4398759e-01   4.3169621e-02   3.4700858e-02  -2.2835423e-01  -7.7494696e-02  -3.5567039e-01   0.0000000e+00  -6.8031413e-02  -2.4517778e-01  -6.5898873e-02  -1.8673069e-01  -9.1225482e-02  -1.1044951e-03   2.0458401e-01  -2.6788508e-01   1.7217033e-02  -4.2708533e-01   2.7889623e-01   6.2529646e-02  -1.1132910e-01   2.2874046e-04  -1.9676461e-01  -6.3692584e-03  -1.3709956e-01  -3.4467066e-01  -9.2364444e-03  -2.2384598e-02  -3.8632941e-01  -2.0881649e-01   1.3251204e-01   2.0815807e-01   1.8176451e-01  -6.3868653e-02  -8.9923164e-02   5.1465234e-01   1.2656633e-01   5.0474897e-02  -1.3566008e-02  -3.9931826e-03   4.8135375e-02   1.1271046e-01  -2.2296516e-01   2.5438833e-01  -1.0325479e-01  -1.3028679e-01  -1.1923769e-01  -2.5960356e-01  -8.3222484e-03  -1.2588382e-01  -1.8687962e-01  -1.3370667e-01  -7.7002662e-03  -1.3511809e-01  -1.8288353e-01  -7.4056470e-02   1.6736986e-01  -1.6317799e-01  -1.0906578e-01  -2.4606305e-01  -2.2459801e-01  -1.9255720e-01   4.5976899e-02   1.1216418e-01   9.1048747e-02  -2.1128968e-01  -6.3777327e-03  -7.9557928e-02  -1.9014044e-01  -1.1264277e-02  -1.9443488e-02  -1.3458204e-01  -1.1360957e-01  -9.4339494e-02   1.3624840e-01  -3.8136795e-01  -4.6838632e-02  -2.2452890e-01  -2.0153449e-01  -6.4979479e-02  -1.0554291e-01  -2.6081572e-01   9.1968407e-02  -1.3799750e-01   1.2441698e-01  -1.1526631e-01  -3.6451267e-02  -3.1645274e-01   1.2860706e-01  -7.0026168e-04   3.8835767e-01   1.7609717e-02   5.1565922e-02   5.1428011e-03  -3.0350854e-01  -1.2021124e-01  -2.6837160e-01  -1.0506505e-01  -2.9802604e-01  -1.3440482e-01   1.7567371e-01  -2.7094782e-01   9.2781599e-02   2.5704212e-01  -1.3107245e-01  -4.1759939e-01  -1.8822185e-01   1.1765035e-01   1.5943656e-01  -5.2917311e-02  -1.4304671e-01  -1.4292428e-01   5.3833380e-02  -2.4655866e-01   2.5727984e-02  -2.7077401e-02   4.9008800e-02  -5.7029617e-02  -3.6257248e-01   1.4748287e-01  -2.5699626e-02  -1.9338940e-01   2.8110060e-02   7.1193082e-02  -3.9799457e-02   2.1154626e-01  -1.1445309e-01  -4.0141988e-01  -3.6146439e-01   6.6916986e-02   7.9470330e-02   1.7525641e-04  -1.9607148e-01  -1.0400125e-01  -5.5562540e-03   4.7189373e-02   5.6862696e-01  -1.2701781e-01  -2.9290904e-01  -2.9288370e-01  -1.8550998e-01  -2.2611545e-01  -1.6014196e-01  -2.7872014e-01  -2.2839165e-01  -2.8424311e-02  -2.1579151e-01  -4.9933801e-03  -1.9660549e-01  -2.7923314e-01   2.7658262e-01  -1.2907105e-01  -8.1251987e-02   8.8806547e-02  -3.3798140e-01  -1.7035172e-01  -1.0182860e-01  -2.5123210e-01  -1.9393362e-01   7.0089517e-02  -9.3322074e-02  -3.8715034e-02  -1.6582902e-01  -6.7367004e-02  -3.5597200e-01  -1.7672708e-01   1.1770439e-01  -1.2962617e-01  -2.8201073e-01  -2.4663090e-01   1.8995061e-01   2.1156441e-01
   6.5448004e-01  -2.0322341e-01   1.3025350e-02  -1.8104475e-01  -1.4822211e-01  -3.8665627e-01  -3.9191347e-01   4.1817602e-01   5.5303298e-02  -1.5648089e-01  -2.8463521e-01  -3.6152725e-01  -6.8031413e-02   0.0000000e+00  -1.1791913e-01  -3.7843126e-01  -3.6193407e-02  -3.6086146e-01  -9.4021442e-02  -7.9128694e-02  -2.0659331e-01   2.4151608e-02  -2.0745792e-01   3.2014821e-01   3.0915733e-01   1.4881978e-01  -4.3680161e-01   5.0508097e-01   1.0630134e-01  -3.9997849e-01   2.3676359e-01   6.5276997e-02  -1.4313084e-01  -4.2459292e-01   2.3120192e-01  -4.3758521e-01  -9.1933905e-02   1.2348336e-01  -3.7516830e-01  -3.7279647e-01  -2.0403579e-01  -8.4032144e-02   1.7697132e-02   2.3916710e-01  -2.4286717e-01   2.7630802e-01  -1.2572701e-01  -2.2734172e-01  -1.1652079e-01  -3.8087952e-01  -2.5538857e-01   3.0217335e-01  -3.4702829e-01   2.5660316e-01   4.8216930e-01   1.6219499e-01  -2.2640633e-01   3.2994620e-01  -1.1437928e-01   2.4488012e-02   2.1307119e-01  -1.8365056e-01   6.8495136e-02  -1.1672221e-02  -1.9447096e-01  -2.5352341e-01  -1.7590678e-01  -9.1026785e-02  -1.6189622e-01  -2.5758971e-02  -7.6718107e-02  -6.0695141e-02  -3.1169842e-01   5.1791935e-01   1.0817735e-01   5.0122561e-01   1.8836800e-01  -3.9219770e-02  -3.8062655e-01  -8.3549625e-02   2.2681596e-01  -3.8647385e-01   1.6781422e-02   4.5457102e-01   6.2384360e-01   3.7425591e-01   4.1199337e-01   4.1182232e-01   2.3871949e-01   4.3612217e-01  -3.6660372e-01   2.1317979e-01  -3.8447371e-01  -7.9787543e-02   1.4981171e-01   1.4405785e-01   7.8470877e-02  -9.7671336e-02  -1.7559663e-01   5.5746048e-03   6.4076782e-01  -7.0539569e-02   5.2404702e-01   8.0437016e-02   1.2251885e-01   3.6408033e-01   2.6099230e-01  -1.4949413e-01  -9.8535071e-03  -3.4896007e-01  -8.6650771e-02  -6.9124422e-02  -1.2723530e-01   4.8560922e-01   3.7967504e-01  -1.9238178e-01  -4.5139449e-02  -4.0911809e-01   1.4184468e-01  -2.4219844e-01   3.1892301e-01  -4.8006819e-01   1.9146688e-02  -1.8103768e-01   3.1310236e-01   5.8849445e-01   2.3679781e-04   2.3495498e-01   3.4111599e-01  -2.1318106e-01  -2.9464131e-01  -4.8192719e-01   4.1933770e-01  -9.7355522e-02  -1.2542585e-03   4.6501366e-01  -2.5312078e-01   3.8250567e-01   2.1856556e-01   2.3386494e-01   5.2575859e-01   5.9588468e-02  -1.9284115e-01  -2.1574098e-01  -3.6595199e-02   3.4215952e-01  -1.6515471e-01  -3.3681811e-01  -2.5710282e-01  -1.5078501e-01   4.4302497e-01   4.5855108e-01   3.7017266e-01  -2.3371578e-01  -2.3748593e-01   2.5121393e-01   3.6524585e-01  -3.0089338e-01   2.9894850e-01   2.6844540e-01  -7.6530299e-02  -1.6959559e-01  -1.1076151e-01   8.6665633e-02  -7.5616008e-02  -3.6981906e-01  -4.8730288e-01   3.0388860e-01   3.8478405e-01  -1.8918170e-01  -2.2097317e-01   1.9917816e-01  -2.3814995e-01  -1.3493869e-01   1.4918659e-01  -2.1185406e-01   1.2605770e-01
