   0.0000000e+00   1.2269703e-01   8.7594182e-02  -2.5662011e-01  -5.6706981e-02  -8.1978049e-02  -2.8714240e-01   2.2154606e-01   2.3706197e-01  -7.0544930e-03  -1.5435120e-01   2.7032305e-01  -1.2146619e-01  -1.4039544e-01   7.8928457e-04  -4.8469918e-01   1.8770794e-02  -2.9515811e-01   4.0536883e-01  -1.8102142e-01  -4.1428152e-01  -4.0208089e-02  -4.4669741e-01   6.4834943e-01   1.9114737e-01   5.1483371e-01  -4.4175985e-01   4.6256727e-01   3.2369596e-01  -3.6929167e-01  -1.7350407e-01   8.5647308e-03  -1.7565783e-01  -1.2966234e-01   1.0686519e-01  -4.7073348e-01  -2.5331506e-01   3.4110734e-01  -5.2970525e-01  -5.7854924e-03  -1.1754584e-01   1.8165314e-01  -1.5110168e-01   2.6222990e-01  -2.5930451e-01   6.0810974e-01  -3.1743223e-01  -5.1798008e-01   8.4632900e-02   6.0989661e-02  -3.3014348e-01   4.7522611e-01  -1.1973423e-01   2.0709677e-01   1.4120532e-01   4.0530002e-01   5.1844843e-01   5.8158677e-02  -3.5144736e-01   5.1001777e-01   4.4662752e-01  -2.2320769e-02   3.7801898e-01  -2.3657162e-01  -1.4981297e-01  -1.8429584e-01  -1.9800176e-02   4.8437554e-02  -1.0940539e-01  -2.3215427e-02  -4.1602442e-01  -1.7091606e-01  -3.5635772e-01   3.3013498e-01   3.4244684e-01  -2.1518384e-01   4.7000489e-01   3.0829340e-01  -3.0922230e-01  -1.2219980e-01  -2.9436763e-02  -2.8957377e-01  -2.2502153e-01   5.4706525e-01   1.6316632e-01   3.1540109e-02  -2.6747441e-01   4.9395862e-01   2.1333819e-01   5.2541753e-01   6.0924671e-02   4.2366380e-01   7.1713858e-02   2.2972545e-01   3.4767452e-01  -6.1473944e-02   2.0276257e-01   5.2644994e-01  -6.6176212e-02  -3.8359586e-01   5.3324925e-02  -8.3376662e-02  -6.1316684e-02   5.3809373e-01  -1.7840484e-01  -6.9424578e-04   1.0016739e-01   4.3393829e-01  -1.8941175e-01  -2.2345428e-01  -1.7670099e-01  -1.2925687e-01  -8.6815730e-02   5.3923418e-01   2.1179356e-01  -6.5806523e-02   2.1013469e-01  -1.0878376e-01   2.7077254e-01  -3.0163965e-01   4.6206447e-01   2.6209909e-02   4.2567287e-01   1.0122025e-01   6.4943738e-01   4.2049000e-01  -2.3093407e-01   4.6003154e-01   1.8591707e-01  -3.2827959e-01  -3.5940036e-01  -4.7548341e-01   1.0727323e-01  -2.2458726e-01   3.2847126e-01  -5.5533981e-02   3.1187422e-01  -2.0276647e-01   1.7725005e-01   1.6886954e-01   8.5747478e-02   2.4564233e-01   1.7391341e-01   5.2164257e-02  -3.4427817e-01  -3.9534332e-01  -3.3963716e-01  -1.4200549e-01  -2.9953899e-01  -4.0327452e-01   6.2214746e-01   1.8211372e-01   3.6156308e-01  -2.2939682e-02   2.1393321e-01   3.0804742e-01   4.6201312e-01  -2.5290861e-01   3.5362762e-01   1.6279959e-01   5.9862323e-02   1.7486580e-01  -1.0759580e-01  -3.1354026e-01   2.0596383e-01  -1.9452849e-01  -1.6996550e-01   2.5202390e-01   3.0602687e-01   1.3282086e-01   5.3020915e-02   3.5117592e-01   2.9068103e-02   1.0456060e-01   2.7317962e-01  -1.6413790e-01   1.4950706e-02
   1.2269703e-01   0.0000000e+00   1.1129524e-01  -1.4602113e-01  -1.5082476e-01  -5.2461593e-01   1.7667693e-01   4.6688214e-02   3.4228848e-01   2.6986881e-03  -1.6599972e-01   5.4361145e-01  -4.0010015e-01  -1.4071347e-01   1.7062427e-01  -2.6690695e-01   1.3886876e-01  -1.5419012e-02  -1.5539299e-02  -2.4629140e-01  -3.3572149e-01  -2.2622987e-01  -2.2060295e-01   1.9672741e-01  -1.1624867e-03   6.0688492e-02  -2.3861150e-01   1.7093994e-01   2.5602491e-01  -3.0402209e-01   3.8517795e-02   6.1890994e-02   9.0668041e-02   4.2305115e-01   4.0218937e-01  -2.6134657e-01  -3.8206567e-01   3.4954784e-01  -3.0020203e-01   1.4259972e-01  -2.5534552e-01   1.8848991e-01   5.9846566e-02  -1.3287328e-01   9.6373108e-02   1.8187782e-01  -2.6120187e-01  -9.5313441e-02   1.0915566e-01   2.5202280e-01  -9.5818331e-02   6.0671547e-02   6.3948408e-01   2.0219304e-01   6.0038892e-02  -7.3407104e-02  -5.8954789e-02   1.1300443e-01  -3.6328988e-02   5.3133975e-01   3.0184738e-01   6.1746439e-02   5.3119157e-01   2.1481764e-01   6.4810904e-01  -4.0203115e-02  -2.3378288e-01   9.2736542e-02  -1.7300114e-01  -1.3040284e-01   3.4121396e-01  -5.3789663e-02   5.6606710e-02   4.1675413e-01   2.2197971e-01  -1.7000953e-01   3.9286842e-01  -1.0554316e-01   1.2620602e-01  -5.2031814e-02  -2.2713991e-01  -3.5884104e-02   2.0918733e-01  -1.9569402e-02   2.6204194e-01   6.6050350e-02  -8.1176336e-02   1.0299144e-01   4.5416606e-01  -3.5845070e-03   2.9477565e-01   2.6381203e-01   1.4886294e-01   3.2587356e-01   3.5702465e-01  -5.5117182e-03  -1.1794551e-01   1.9385437e-01  -6.9349510e-02   4.2810491e-02   3.2854478e-02   3.4445589e-01  -1.9884887e-01   4.2281480e-01   4.9317806e-02  -6.2758047e-02   9.0155669e-02   2.3375261e-03  -1.5668048e-01  -4.6752364e-01   3.8301410e-02  -2.3209515e-01  -1.8120198e-02   2.0466003e-02   1.6939956e-01   3.3348602e-01  -2.3345227e-02  -2.9983570e-02  -2.4152818e-01  -1.5595818e-01   2.5205769e-01   2.8092056e-01   3.8766116e-01   5.6982334e-01   3.5884073e-01   4.7396781e-01   1.1669192e-01   1.0197923e-01   7.7125156e-02  -1.6990955e-01  -3.5656319e-01   5.6235081e-02   7.0129044e-01   4.7734395e-01   4.4638620e-01  -1.4225006e-01   1.6626773e-01  -1.2080035e-01   1.3671582e-01  -2.0886260e-01  -1.5675528e-01  -7.8369519e-02   3.2294624e-02  -3.7392776e-01   1.9908224e-01  -1.9876061e-01   2.5822582e-01  -2.5839195e-01  -2.7272150e-01   2.3969980e-01   2.2102407e-01  -5.3787196e-02   4.4358927e-02   3.1728862e-01   3.2555434e-02  -1.1882263e-02   3.0136943e-01  -3.3913507e-02   2.6448921e-01   7.4518336e-02   9.8330319e-02  -1.4032912e-01  -1.9020847e-01  -1.9380290e-01   4.5757683e-02   2.3495471e-01   2.3919321e-01  -9.9846825e-03   4.0510752e-02   4.0079039e-01   4.8882062e-01   1.8551909e-01   2.8007491e-02  -4.1367615e-01   1.2651112e-01  -5.5592660e-02  -5.5881851e-02
   8.7594182e-02   1.1129524e-01   0.0000000e+00   1.6236591e-01   4.7068578e-01  -6.1456342e-02   4.0924985e-01   2.6484947e-01   1.1174622e-01   2.0377145e-01  -2.1748734e-01   6.9069948e-01   2.2868761e-01  -9.9396914e-02   1.3066988e-01  -6.7854608e-02   8.0735720e-01   2.1888921e-02  -7.3429977e-02   3.8140607e-01  -3.8637050e-01   2.7596036e-01  -3.5377802e-01   1.4506323e-01   1.3656111e-01   1.1280626e-01  -5.7887765e-02   7.6299136e-02   9.7740929e-02  -9.3702465e-02  -9.4958147e-02  -2.6542130e-02   1.3512313e-01   1.6960209e-01   8.9831206e-02  -5.7371263e-02  -6.1100292e-01   1.9554126e-01  -4.0984309e-01   3.6033679e-01   2.4385124e-01   4.7390211e-01   5.1200036e-01   8.6723528e-03   3.1059605e-02   3.3850472e-01  -1.7007140e-01  -4.1999758e-01  -1.9412049e-01   6.0862052e-01   7.8108428e-02   2.5685648e-01   5.8947880e-03   3.3676009e-01   4.5242973e-01   3.1469869e-01  -1.4735556e-01   3.2186082e-01  -7.8051825e-02   3.2552618e-01   5.7190637e-01   2.0603054e-01   4.1526742e-01  -3.3989657e-03  -2.1771963e-01   3.8311155e-01   4.0352789e-02   1.4182488e-01  -1.0960583e-01   6.5685695e-01  -2.1364080e-01   1.5443433e-01   6.5194313e-02   4.2181809e-01   1.7122488e-01   4.4036978e-02   4.8286627e-01   2.6311661e-01  -1.0759955e-01   1.7485638e-01   1.3948291e-01  -7.5943057e-02  -7.0827925e-03   2.5938291e-01   9.7500555e-02   4.3016369e-02  -2.2871095e-01   1.0820139e-01   1.5831583e-02  -1.5813272e-03   3.5136728e-01   6.7046261e-01   5.7395615e-01   2.6617367e-01   2.7822670e-01   5.0623454e-01   1.4068591e-01   1.4828556e-01   1.4756277e-01  -1.2798390e-01  -1.2818206e-02   3.5348773e-01  -2.1327634e-02   2.8357423e-01  -4.2193409e-02   2.8926007e-01   4.8548767e-01   7.1954816e-02  -3.9787824e-02  -1.6895779e-01   2.0000467e-01  -2.9830687e-02   1.7680110e-01   5.6458164e-02   9.2563875e-02  -1.0684456e-01   1.9756035e-01   2.7433499e-01   2.5796473e-02   1.2834930e-01   3.7184680e-01   2.8995988e-01   5.2572048e-01  -1.1787272e-01   2.5312415e-01   4.2191325e-01   9.4124066e-05   3.2512717e-01   2.1884418e-01   2.0403260e-01  -4.5025736e-01  -2.4011287e-01   1.0168004e-01  -1.8807546e-01   5.1391497e-01   1.0071160e-01   3.7145938e-01  -1.7508005e-01   1.6934992e-01   1.6303017e-01   2.3124466e-01   8.7395426e-02  -2.6302444e-01  -1.7804266e-01   1.5055432e-01  -3.8270394e-01   1.6862126e-01   1.4239581e-02   1.4526647e-01  -2.5800409e-01   2.5022286e-01  -1.2088833e-02   4.6791766e-01   1.8592454e-01   4.5490329e-01   2.1122147e-01   3.8244465e-01   1.7576908e-01   5.9117222e-01  -3.0270207e-02   3.0176281e-02  -3.0802777e-01  -5.2956281e-02  -2.0500553e-01   3.2057222e-01  -6.9617215e-02   2.2303410e-01  -7.8442190e-02   5.1648698e-01   1.0954622e-01   3.2130706e-01   2.4210268e-01   9.0402357e-02   1.0758547e-02   9.7661289e-02  -8.7584614e-02   4.1579249e-01
  -2.5662011e-01  -1.4602113e-01   1.6236591e-01   0.0000000e+00   1.2809746e-01   2.9157932e-01   3.9783439e-01   2.6635151e-01  -2.7002090e-01  -1.8147578e-01   2.4007339e-01   2.1970647e-02   5.1900969e-01   4.8148942e-03   8.2764270e-02   4.1031608e-01   4.5071324e-02   7.7028791e-01  -1.0483836e-01   2.4286687e-01   3.4259896e-01   4.1993972e-01   5.0205759e-02  -3.8519882e-01   6.4154707e-01  -2.0199900e-01   2.1604575e-01  -4.4277953e-01  -1.6694517e-01   3.4869764e-01   2.9611737e-01  -4.1560000e-01  -4.7447461e-03   1.1172769e-02  -3.1559600e-01   3.2778841e-01   2.6819621e-01  -4.3763065e-01   2.4850719e-01  -1.3954261e-01   1.8408230e-01   2.0882897e-01   1.0577089e-02  -2.1125918e-02  -1.1749614e-01  -3.2331316e-01   3.0185942e-01   2.8584381e-01   2.7208986e-01  -1.4668196e-01   2.2275509e-01  -2.6356020e-01  -1.4584120e-01   2.1095690e-01   1.1453282e-01  -2.4307615e-01  -2.4884070e-01  -2.1206436e-01   3.7607567e-01  -3.5813148e-01  -3.5152264e-02   1.0029535e-01  -2.2514721e-01   3.9408731e-01  -2.1256177e-01   1.2137896e-01   3.0630065e-01   7.6542757e-01   3.6246615e-01   1.3553151e-01   1.4852277e-01  -1.0398456e-01   2.8561429e-01  -9.3377869e-02   1.8514281e-01   2.6913783e-01  -2.2963577e-01  -2.3346111e-02   2.4031990e-01   5.7643767e-01  -5.8547552e-03   2.6090981e-01  -2.3763746e-02   7.5175053e-02  -9.7463021e-02  -1.0473407e-03  -7.2576632e-02  -3.4076022e-01   1.8791316e-01  -3.4900383e-01  -4.5298133e-02  -6.8482756e-02  -3.7111559e-03  -4.5395014e-01  -2.0999140e-01   1.1725937e-01   3.4181356e-01  -2.3686741e-01   7.9095088e-01   1.4355386e-01   2.1382993e-02  -8.5586994e-03  -8.4880930e-03   7.2216741e-02  -3.5600576e-01   7.6589353e-01   4.0714044e-01   6.3480990e-02   3.8640825e-02   3.5255127e-01  -7.7045134e-02   1.8196633e-01   8.5490111e-01  -1.4434134e-01  -3.4290393e-01  -1.1696713e-01  -3.8957928e-02   1.6387357e-01  -1.3234676e-01   3.5294374e-01  -2.9780461e-01   6.9896632e-03  -2.2130751e-01  -7.3640800e-02  -3.7750454e-01  -8.8282408e-02  -1.7740033e-01   2.8082285e-01   2.9316647e-01   1.2050677e-01   3.2331658e-01   1.8466993e-01  -1.6971788e-01   5.8393546e-03  -1.4679568e-01   1.6806286e-01   2.7806981e-01   4.7309988e-01  -2.2589571e-01  -1.7144315e-02  -6.8960134e-02   1.8580482e-01   1.0307429e-01  -3.9251685e-03   2.3118265e-01   3.7436088e-01   1.7535938e-01   5.5741989e-02   6.0323983e-02   1.6776128e-01  -4.4330595e-01  -1.2090962e-01  -1.0797393e-01   1.9148183e-02  -7.1388342e-02  -2.2026907e-01  -1.7776778e-01   2.1937510e-01   3.4083838e-02  -2.6012771e-01  -3.7430560e-01  -3.0369729e-02   2.2476371e-02   7.2889170e-01  -1.1235387e-01   1.9638202e-02  -2.2254594e-01   1.3079800e-01  -1.8620818e-02  -3.0734529e-01  -2.1622495e-01  -2.2959473e-01   7.1073207e-01   9.7609296e-02  -1.2050163e-01   3.1025341e-01   7.0521876e-01
  -5.6706981e-02  -1.5082476e-01   4.7068578e-01   1.2809746e-01   0.0000000e+00   2.8323893e-01   1.9703186e-01  -6.5851464e-02  -2.3125086e-02   3.2852773e-01  -1.4233978e-01   1.8483144e-01   5.3033740e-01  -7.0585053e-02  -7.5586928e-02   1.6121780e-01   3.2316316e-01  -1.3740479e-01  -3.5315894e-01   8.0781714e-01  -9.6488644e-02   4.5019912e-01  -1.8406826e-02   1.1077926e-01  -6.1363107e-02  -7.5773658e-02   4.2531522e-01  -1.7229486e-01   8.2289281e-02   2.0239762e-01  -1.6117450e-01   5.3161910e-02  -2.5455966e-01   7.2283808e-02  -1.7175344e-01   1.3154490e-01  -2.5708186e-01  -2.0807516e-02  -9.1125358e-02   4.3862532e-01   1.1588892e-01   6.2059006e-02   3.4991223e-01  -1.0749156e-01   7.0145894e-02   6.7387810e-02   1.8151903e-01  -8.1051361e-02  -2.6260021e-01   5.2158167e-01   1.1078842e-01  -7.2822853e-02  -8.4685897e-02  -5.5130457e-02   1.9081287e-01   2.9350961e-01  -8.9333038e-02   2.0581710e-01  -1.6214354e-01   6.9057170e-03  -1.9229837e-02   3.1074902e-01   1.2214995e-01  -4.0017997e-01  -3.1794262e-01   6.0297547e-01  -2.2717880e-02   1.0477573e-01  -1.4783258e-02   2.8083180e-01   1.9821716e-02   4.7832947e-01  -2.4219137e-02   4.0211246e-02  -1.4359561e-01  -1.1424101e-01  -3.7415734e-02  -7.1158993e-02  -4.0900250e-01  -5.9403144e-02   5.3151039e-02   2.6229518e-01  -6.6271287e-02  -5.7495102e-02  -1.2333055e-01  -1.6123149e-01  -1.0590104e-03   4.4699455e-02  -1.9279410e-01   1.7757696e-01   8.9458351e-02   1.7203772e-01   3.9509705e-01   6.2582630e-02  -8.9222222e-02   6.0609342e-01   4.7744031e-01  -2.0236325e-01  -3.1520473e-02   7.2815417e-02  -4.1251542e-01   2.3852725e-02   6.3374186e-02   4.9054432e-02   6.5952410e-02   6.5687887e-02   7.5178628e-02  -4.7444880e-02   2.0573249e-01   4.2708148e-03   2.1961901e-01   1.0098296e-01   9.9285916e-02   1.0626760e-01  -2.4303818e-01  -4.4839788e-01   1.9671781e-01   4.8063770e-01  -2.8593123e-02   2.3804581e-01   1.7909731e-01  -8.0429483e-02   3.2664423e-01  -3.2604464e-01  -1.0615365e-02  -6.2767650e-02   4.5200954e-02   1.7161843e-01   1.9885690e-01   2.2342754e-01  -5.0457913e-02  -2.5032161e-01  -1.9658175e-01  -3.8483032e-01   2.2947816e-01  -1.2239482e-01   2.1219117e-01  -1.0477778e-01  -1.4803384e-01   1.0462172e-01   2.3866626e-01   1.7755198e-01  -5.2541896e-01   7.9993279e-02   2.2417645e-02  -6.6820092e-02   2.4572683e-02   3.3215610e-02   2.9486169e-01  -1.2418078e-01  -7.4365480e-02  -4.0689284e-02   2.6503841e-01  -2.1245086e-01   4.2705891e-01   2.5461889e-01  -3.7139860e-02   3.9766104e-01  -1.2761198e-02  -1.4840689e-01   3.6080442e-01  -4.0037999e-01  -4.9902777e-02   5.4320240e-02   1.4629502e-01  -1.7043237e-01   4.6129509e-02  -1.9271470e-01   3.7752069e-01   3.8119191e-02   6.6595869e-02   8.2153465e-02   1.3184295e-01   2.8422915e-01  -1.6987642e-01  -4.1422504e-01   1.5720489e-01
  -8.1978049e-02  -5.2461593e-01  -6.1456342e-02   2.9157932e-01   2.8323893e-01   0.0000000e+00   1.2264088e-01   4.6728131e-04  -4.9931600e-01   6.6688100e-02   3.6144792e-01  -2.4748026e-01   3.2722906e-01   5.8666444e-02  -4.8145861e-02   3.5881091e-01  -4.4849647e-02   9.4273367e-02  -1.7012244e-02   3.3610658e-01   3.9747030e-01   2.3584126e-01   2.4262279e-01   1.2337586e-02  -1.8239310e-02  -1.8632433e-01   3.8783189e-01  -2.7792033e-01  -2.2380021e-01   4.6889915e-01  -2.4816313e-01  -3.3219170e-01  -1.3365105e-01  -3.9455466e-01  -4.1093311e-01   3.1612143e-01   3.4916342e-01  -3.8455260e-01   2.4644098e-01  -1.1399202e-01   5.6258839e-02  -1.2737182e-01  -3.3944013e-03  -1.6890317e-01  -3.0788830e-01   1.0177071e-01   5.1308302e-01   2.4189992e-01  -1.4661509e-01  -1.8746246e-01   1.0546144e-01  -2.8854586e-01  -6.2109258e-01  -2.9029857e-01  -4.9548987e-02   1.2687676e-02   3.0929398e-01  -3.5559751e-01  -7.0625642e-02  -5.7163197e-01  -2.7978902e-01  -1.5786956e-01  -3.7792196e-01  -1.1013839e-01  -5.1128594e-01   1.9160931e-01   4.4937453e-01   1.0105958e-01   4.4382951e-01   2.6359809e-01  -1.0809146e-01   1.3303268e-01  -2.3853151e-01  -2.1025584e-01  -3.5430724e-01   5.4394110e-02  -3.9256039e-01  -8.0511059e-02  -2.8020795e-01  -4.2351880e-04   3.0427086e-02   7.9155887e-03  -3.6919150e-01   9.4352074e-02  -2.6671629e-01  -2.0777198e-01   7.5478642e-02  -6.9750290e-04  -3.6525828e-01   3.3909714e-01  -1.9763693e-01  -2.1204074e-01  -1.0449924e-01  -5.7481873e-01  -4.1620020e-01  -3.1463459e-02   1.4940418e-01  -2.5523441e-01   6.3260147e-02  -2.2102205e-02  -7.4945533e-02  -2.7943761e-01  -2.1258948e-01  -2.8688427e-01  -2.1960431e-01   3.8170045e-02  -2.3429732e-01   2.5900023e-01   1.2102184e-01   4.8337622e-01  -2.3145815e-01   2.4138127e-01   2.3645785e-01   2.9573973e-01  -1.1665012e-01  -5.4762059e-01  -1.6242167e-01  -3.3523274e-02   3.3722789e-01   2.4720132e-01  -9.8798761e-02  -4.7858009e-01  -1.9254385e-01  -3.8205625e-01  -2.2931285e-01  -3.3475777e-01  -2.0077789e-01  -1.4551589e-02  -2.6865318e-01   5.1683278e-01   1.9756488e-01  -6.7131490e-02  -5.2304133e-01  -4.4708639e-01  -4.8313537e-01  -7.2753785e-02  -1.3048673e-01   9.9598237e-02  -3.8410978e-01   4.5146458e-01   2.9617687e-01   1.1002472e-02  -1.7636961e-01   7.0717892e-01  -1.2051543e-01   1.9840350e-01  -1.3660721e-01   2.2432268e-01   3.8244661e-01  -1.8950358e-01  -2.0337305e-02  -1.9968031e-01   1.1797974e-01  -2.1094987e-01   3.4927162e-01   2.0956546e-01  -3.0722001e-01   1.9067149e-01  -1.6665109e-01  -2.6480238e-01  -1.6230042e-01   1.5402254e-01   1.1920758e-01   3.5020707e-01  -1.6376994e-01  -1.9766149e-01  -2.0974721e-01   8.5785381e-02   1.7155397e-01  -4.4880297e-01  -4.9652638e-01  -1.4735324e-01   1.2782159e-01   7.3220327e-01  -5.3954817e-01  -8.1043455e-03   2.1138065e-01
  -2.8714240e-01   1.7667693e-01   4.0924985e-01   3.9783439e-01   1.9703186e-01   1.2264088e-01   0.0000000e+00   3.1787778e-02  -2.4521451e-01   1.5526809e-01   1.5229181e-01   4.8608982e-01   2.0368201e-01   2.4436037e-01   5.7258251e-01   4.4330580e-01   1.5630180e-01   4.1491153e-01  -3.2312139e-01   3.9388305e-01   2.5930321e-01   2.2289711e-01   3.5338991e-01  -1.9688431e-01   9.3519282e-02  -3.4821605e-01   2.9492404e-01  -3.0171484e-01   2.1130423e-02   3.0133530e-01   2.1427050e-01  -7.8849064e-02   1.3169470e-01   5.6759106e-01   2.4367609e-01   2.6007353e-01   1.5835200e-02  -2.4713409e-01   7.1523521e-02   3.9393676e-02   2.3396138e-01   2.3918928e-01   4.8777904e-01  -1.7748399e-01   3.7357956e-01  -2.1257959e-01   3.0765632e-01   4.7891018e-01  -7.7069209e-03   8.1830997e-02   5.2858658e-01  -2.6138710e-01   6.2887137e-02   3.9971015e-02   2.7187942e-02  -3.0649301e-01  -4.1765057e-01   9.1856615e-03   3.2168607e-01  -4.7345834e-02  -8.1357813e-02   3.8757712e-01  -1.1813544e-01   2.7884308e-01   2.8862148e-02   2.3961649e-01   3.7443070e-02   1.9320307e-01   2.1655109e-01   4.5131177e-01   3.5167074e-01   4.1583982e-01   3.2411437e-01   3.6776170e-01  -2.4949191e-01   6.2264119e-02  -1.5866351e-01  -1.5735801e-01  -3.7384619e-02   3.0836858e-01   2.7172079e-01   3.9627332e-01   1.2411258e-01  -1.2638642e-01   1.4755359e-01   5.3534215e-02   3.9605508e-01  -2.5261074e-01   6.8706218e-02  -2.5349148e-01  -2.2292355e-01  -2.8570597e-02   3.6234441e-01  -1.3425430e-01  -1.7454191e-01   6.4329255e-02   1.5579174e-01  -3.2026966e-01   1.6720938e-01   5.7187376e-01   1.6203623e-01   5.2004117e-01   6.8927738e-02   8.0621907e-02   1.0774627e-01   2.1536413e-01   2.1735192e-01  -1.6668902e-01   2.8137474e-01   2.1701790e-01   2.5590585e-01   1.7254379e-01   3.3830533e-01  -2.5317224e-01   7.2795259e-02  -3.0748690e-01  -2.1076815e-01   4.0250136e-01  -1.8659909e-01   3.8346199e-01  -2.3790509e-01  -2.0916547e-01  -1.4833836e-02  -1.2929191e-01  -3.5238501e-01   2.2018408e-01   3.3985026e-01   5.1234962e-02  -2.4286074e-03   2.7245366e-01   1.4308072e-01   2.9595867e-01   2.8286086e-01   1.1406807e-01   6.4160130e-02  -1.1755309e-01   2.6857585e-01   3.8653851e-01  -4.9847812e-02  -8.2235650e-02  -1.8402386e-01  -1.6144976e-01  -3.1746090e-01  -1.4591453e-01   7.3201614e-01   3.2583294e-01   7.4170862e-01  -1.7994039e-01   4.1562796e-01   3.3689540e-01  -9.6481901e-02   2.3470714e-02  -1.4664082e-01  -8.3435170e-03  -1.7912514e-02  -1.4360258e-01  -1.3551509e-01   4.8015929e-01   1.9112234e-02  -1.5929258e-02   1.0949172e-01  -1.8311081e-01  -2.1402424e-01   3.3008686e-01  -1.1330119e-01   2.4483555e-02   7.2053082e-02  -1.5735473e-01  -5.7239215e-02  -1.7972582e-02   3.7293027e-02  -2.4641847e-01   1.4731613e-01  -1.4729842e-01  -2.7201234e-01   5.7744851e-02   2.7087954e-01
   2.2154606e-01   4.6688214e-02   2.6484947e-01   2.6635151e-01  -6.5851464e-02   4.6728131e-04   3.1787778e-02   0.0000000e+00   1.9716483e-01  -1.5146694e-01   7.8714908e-02   1.3287883e-01  -5.9805103e-02  -1.8008681e-01  -7.7396196e-02  -1.6355300e-01   2.7559543e-01   2.4834991e-01   2.9914748e-01  -1.0604727e-02  -3.7868363e-01   2.3403710e-01  -2.8602289e-01  -1.1116910e-01   3.9183628e-01   5.1708972e-01  -2.3896145e-01   7.5021394e-02   1.4546089e-02  -1.0669496e-01   9.3414602e-02  -2.1552381e-01   1.0825118e-01  -7.9983609e-02  -8.7318991e-03   3.0549812e-02  -1.3503626e-01   2.4626144e-02  -2.5315027e-01  -2.0150741e-01  -7.7718853e-02   4.4623686e-02   3.0944309e-02   3.4278087e-01  -1.7702717e-01   2.8704681e-01  -6.8710759e-02  -3.2903482e-01  -1.0064119e-01  -4.1025700e-02  -5.6551715e-02   5.1324205e-01  -1.0290411e-01   1.3501511e-01   9.8046944e-02   1.1058775e-01   9.7115430e-03   1.8385355e-01   1.0240792e-01   1.0108375e-01   4.2461079e-01  -4.2287310e-02   3.2344411e-01   3.4160408e-01  -6.7890330e-02  -1.4134502e-01   1.5863831e-01   2.7620799e-01   8.7295409e-02   1.7645610e-01  -2.4192394e-01  -2.6031690e-01  -2.3431273e-01   5.7448526e-02   1.8843719e-01   5.5744772e-01   3.1493453e-01   4.7433852e-01   2.2264564e-01   1.3805878e-01   2.3270932e-02  -3.8891682e-01  -1.9155815e-01   7.6566453e-01   2.5231348e-02   5.2655701e-01  -4.0274004e-01  -9.0098686e-02   3.7168077e-02  -5.8445075e-02   6.8571705e-02   3.2396614e-01   9.6935230e-02   2.7508859e-02   3.4253785e-01   1.7003649e-02  -1.8383198e-02   3.9442648e-01   3.0603674e-01  -3.4595574e-01  -8.0586487e-03   1.2366517e-01  -7.4662818e-02   1.6527599e-01  -1.8602673e-01   4.9084426e-01   2.4272474e-01   5.6174784e-01  -1.1293696e-01  -1.4737360e-01  -1.7136688e-01   1.5106969e-01   2.5760605e-01   1.9269364e-01  -1.6430068e-01   8.4823066e-02   1.1776908e-01  -3.3000238e-01   8.4183663e-02  -9.6395203e-02   7.4939749e-02   2.3975483e-01   1.3487362e-01   1.7713984e-01   1.7762055e-01   1.0639914e-01  -2.6617634e-01   2.8702457e-01   3.2487375e-01  -6.3819417e-02  -3.7261132e-01  -1.1151629e-01   7.8316497e-02  -9.9539400e-02   1.4311394e-01   7.2083514e-01   4.9318620e-02  -1.7847578e-02   4.9430211e-01   2.6413115e-01   6.5998715e-02  -9.8492918e-02   4.6158897e-01  -7.8805094e-02  -1.1309252e-01  -1.0863554e-01  -1.3333179e-01  -4.8515910e-02  -1.2059117e-01  -2.1432460e-01   1.3100227e-01   1.7966866e-01   1.0255266e-01   1.9480966e-01   6.0853854e-03  -8.0425821e-03   3.7822184e-01  -2.2393795e-01   4.4261329e-01   1.1235197e-01  -3.3332823e-01   2.5468350e-01  -3.4199823e-02   1.1952533e-01   3.0627104e-01  -1.7905685e-01  -6.9138345e-04   3.6254524e-01   8.7954920e-02  -1.1832149e-01  -1.0898715e-01   7.2003171e-02   2.6530725e-01  -7.4025833e-02   1.3822560e-01   2.6655767e-01   5.5954390e-01
   2.3706197e-01   3.4228848e-01   1.1174622e-01  -2.7002090e-01  -2.3125086e-02  -4.9931600e-01  -2.4521451e-01   1.9716483e-01   0.0000000e+00   1.4193694e-01  -4.4413452e-01   1.9943810e-01  -1.6155755e-01  -2.7945442e-01  -9.8469332e-02  -3.7821633e-01   9.5740463e-02  -2.8526638e-01   2.0240797e-01  -1.7730749e-01  -4.8447187e-01   1.8459715e-01  -3.0099724e-01   2.4646404e-01  -1.0515730e-02   5.0176396e-01  -3.7105528e-01   2.4805107e-01   1.7145613e-01  -3.7783060e-01  -2.4331532e-03   1.1691472e-02  -1.0985185e-01   2.0517282e-01   3.5501392e-01  -4.3634791e-01  -3.3347777e-01   3.7387940e-01  -4.0704984e-01   1.8024853e-01  -1.1735490e-01   1.6784142e-02   1.7846670e-02   4.6317264e-02  -1.2480211e-01   1.2911110e-01  -5.0562065e-01  -3.9747866e-01  -5.9722815e-02   2.5256936e-01  -3.8822598e-01   4.7958973e-01   3.7555404e-01   3.0272401e-03   1.1536677e-01   2.6605318e-01   3.7136857e-02   2.9845114e-01  -2.6141607e-01   5.7328277e-01   3.1523945e-01  -1.0256123e-01   6.6426090e-01  -2.5418375e-02   2.3983286e-01  -1.2551808e-01  -4.3476801e-01   8.3483073e-02  -4.1874640e-01  -1.3837269e-01  -1.9626507e-02  -1.7502170e-01  -1.0275370e-01   1.9305298e-01   2.0816224e-01   5.2549243e-02   4.1127357e-01   2.0616789e-01   1.4614739e-02  -1.7464604e-01  -8.4115130e-02  -6.4091791e-02   1.4466037e-01   2.7997497e-01   2.4143355e-01   2.0170146e-01  -7.0858148e-02   1.6027369e-01   3.2099658e-01   5.9869772e-02   1.6799230e-01   2.3466303e-01   1.5055712e-01   6.5453856e-01   4.3459055e-01   5.6603922e-02  -2.3315563e-01   4.2117182e-01  -8.6508914e-02  -7.0575511e-02  -7.1574780e-02   2.1762708e-01   2.6361029e-02   4.4076017e-01  -6.3181741e-02  -3.3402021e-02   1.0041508e-01   1.1995802e-01  -1.0459400e-01  -4.1597610e-01   2.0091434e-01  -2.0242033e-01  -1.5435249e-02   1.4065027e-01   6.9441923e-02   2.7187802e-01   2.1771030e-01   1.3689388e-02  -1.2513387e-01  -3.9180117e-01   4.0826440e-01   3.0352150e-01   3.8750927e-01   3.9236458e-01   4.5117649e-01   2.9759455e-01  -1.4753926e-01   4.4861786e-02   5.5101839e-01  -3.8704729e-01  -3.3944629e-01  -2.3411084e-01   3.4042884e-01   1.7250986e-01   5.1750452e-01   1.4156416e-01   2.3767183e-02  -2.2119449e-01   2.8744254e-01  -3.1632754e-02   9.2401071e-02   1.1240895e-01   1.5064722e-01  -3.2119130e-01  -1.9130261e-02  -2.7883339e-01   3.4427513e-02  -3.2688447e-01  -3.0809562e-01   4.0970390e-02   1.9737485e-01   7.3415302e-02   1.2957801e-01  -3.5786433e-02  -1.0406358e-01   1.7146837e-01   3.7293877e-01  -1.7825965e-01   1.3553717e-01   1.6284769e-01  -1.9886158e-02  -1.4221276e-01  -1.2173557e-01  -2.8901824e-01   1.7126466e-01  -8.2495227e-02   1.8792086e-01   5.5278549e-02   7.4163427e-02   3.9274525e-01   2.4568134e-01   3.2137413e-01   8.1388557e-02  -3.7372372e-01   3.2180843e-01  -2.4667068e-01   3.5259665e-02
  -7.0544930e-03   2.6986881e-03   2.0377145e-01  -1.8147578e-01   3.2852773e-01   6.6688100e-02   1.5526809e-01  -1.5146694e-01   1.4193694e-01   0.0000000e+00   2.7324623e-02   1.5223349e-01   8.6204794e-02  -7.2110517e-02  -7.3162155e-02  -2.0741313e-02   2.1870482e-01  -1.3134474e-01  -3.2661902e-01   3.2587860e-01   1.2634504e-01  -2.9506308e-02   1.7471554e-01   2.7198134e-02  -2.8806148e-01  -2.0105229e-01   1.2696261e-01  -1.1979174e-01  -9.5540236e-02  -4.9991303e-03  -2.9309189e-01   3.5750985e-03  -3.8884469e-01   1.9696313e-01  -2.5807667e-02   3.5910095e-02  -6.0996946e-02  -1.4936286e-01  -9.2585341e-02   2.9438640e-01  -2.3510729e-02  -2.1808782e-01   3.3399491e-01  -1.5486946e-01   1.2864079e-01   5.1969831e-02   5.7978274e-02   1.9376344e-02  -3.3107393e-01   3.4600278e-01   1.3663287e-01  -1.0684663e-01   4.7487768e-02  -2.3039630e-01  -4.2304345e-03   1.4790695e-02  -1.0286424e-01  -9.0041611e-02  -2.0657446e-01   4.9943419e-02  -1.1667954e-01   6.7091118e-02   1.7774053e-01  -7.6577050e-02  -5.0375657e-02   4.6421880e-01  -2.5498913e-01  -2.3108642e-01  -2.2497796e-01   1.4420434e-01   1.9873911e-02   1.7507288e-01  -1.5914488e-01   2.1120072e-01  -2.8972294e-01  -2.0203545e-01  -1.3343180e-01  -8.7697001e-02  -2.8070126e-01  -2.2625785e-01  -9.7467168e-02   1.4216570e-01  -6.7268029e-02  -9.1041520e-02   2.3719231e-03  -1.8607933e-01   1.8022357e-01   7.5456568e-02  -1.8972416e-01   1.0705520e-01  -2.5958806e-02  -6.1387901e-02   3.5740485e-01   1.2578698e-01  -2.2135324e-01   2.1854469e-01   9.2735583e-03  -1.6966976e-01  -2.7992995e-01   3.3346240e-01  -1.8721688e-01   1.0431503e-01  -1.3743337e-01   6.3877891e-02   1.5403370e-01  -3.2685686e-01  -1.3715607e-01  -2.6578913e-01   3.3594344e-01   1.2845674e-01   2.5913333e-01  -1.2054710e-01  -1.6482282e-01  -6.9932534e-02   1.5477327e-02  -2.8497579e-01   2.8394796e-02   1.4105227e-01  -1.1611832e-01  -6.9599497e-03  -2.9533575e-02  -1.7194162e-01   1.2564151e-01  -4.6024531e-02  -8.5755122e-03  -3.7855370e-02   8.4981780e-02   3.9032609e-03  -4.3194398e-02   2.8016222e-01   2.3271883e-02   3.5380755e-04   8.5906091e-02  -1.3837531e-02   1.0760494e-01  -2.5481690e-01  -7.6332994e-02  -1.7883777e-01  -1.0813095e-01   5.3038243e-02   3.7521349e-02  -1.4960220e-01  -2.7124851e-01   2.3670520e-01   8.3345844e-02  -1.1932496e-01   1.8982450e-01   1.1671158e-01   3.9705107e-01  -8.5478317e-03   5.7378494e-02  -1.9714724e-01  -7.5514811e-02  -1.3109510e-02   3.7834807e-01   8.9194546e-02  -2.0842922e-01   1.0854607e-01  -1.7506535e-01  -2.7943474e-01   2.5364610e-01  -7.6215390e-02   2.9794505e-01  -8.5973379e-02  -1.5237382e-01   1.2051113e-02   8.7786745e-02  -1.4012639e-01  -4.6426048e-02   2.8118806e-01   4.3451469e-02  -2.4681906e-02  -8.5778381e-02   1.8899625e-01  -2.4808910e-01  -2.8062044e-01  -2.2543102e-01
  -1.5435120e-01  -1.6599972e-01  -2.1748734e-01   2.4007339e-01  -1.4233978e-01   3.6144792e-01   1.5229181e-01   7.8714908e-02  -4.4413452e-01   2.7324623e-02   0.0000000e+00  -1.9436676e-01  -4.8992742e-02   1.8561296e-01   6.5062239e-02   1.3279527e-01  -1.6857333e-01   4.5117397e-01  -1.6079353e-01   1.4746082e-01   5.4701382e-01  -6.8405303e-02   4.9465445e-01  -3.9709229e-01  -6.7098042e-02  -4.5504702e-01   4.0168929e-01  -3.5604080e-01  -7.8825236e-02   5.8057334e-01  -3.2882091e-02   1.7727982e-02   6.4611240e-02  -2.1915283e-01  -2.4951780e-01   6.4921376e-01   5.2533259e-01  -3.1816665e-01   3.0037384e-01  -4.2082465e-01   2.1070507e-01  -2.8603825e-01  -4.1018294e-01  -5.7713711e-03   2.4256825e-01  -1.9486684e-01   8.0031995e-01   4.4231798e-01   3.7238556e-02  -3.5089532e-01   6.0228214e-01  -4.7480979e-01  -4.3086268e-01  -2.5653173e-02  -2.1898258e-01  -2.5733993e-01  -2.4725707e-01  -2.0469447e-01   4.4009589e-01  -3.6502915e-01  -3.6279455e-01  -9.1535447e-03  -3.3242999e-01   4.1827364e-01  -1.4390336e-01   1.5399095e-01   2.7393299e-01  -1.8331974e-01   6.4833872e-01   8.0426462e-02  -6.2969393e-02   1.4473060e-01   1.8790348e-01  -2.8211398e-01  -1.0662287e-01   2.4714076e-01  -3.7097801e-01   3.2522721e-02   2.9642103e-02   1.7265154e-01  -3.2880768e-03  -2.4932811e-02  -3.4775078e-01  -2.9911694e-02  -4.3552362e-01  -5.2283960e-02   1.1674661e-02  -1.6299032e-01  -1.4648873e-01  -1.2881891e-01  -3.1416098e-01  -3.4887319e-01  -2.1360215e-01  -3.7704355e-01  -3.0208698e-01  -2.4331216e-01   1.5773668e-03  -4.9546902e-01  -4.3879584e-02   8.7912709e-02  -8.8806670e-02  -8.2560053e-03  -8.5566271e-02  -1.5089738e-01   2.9376800e-01  -9.2981672e-02  -2.5007107e-01   2.9050167e-02   1.7772236e-01   4.9112538e-01  -1.1517291e-01   4.8112756e-01   2.6624692e-05  -1.7999399e-01  -1.9540319e-01  -3.0387954e-01  -2.5009262e-01  -1.8040917e-01  -7.4786328e-02   3.5101405e-01  -4.3848401e-01  -2.0153189e-01  -3.9281541e-01  -6.7740016e-02  -3.5456998e-01  -2.4378963e-01   1.7999303e-01  -7.6507442e-02  -2.6992178e-01   2.8550773e-01   2.3960528e-01   4.4870046e-01  -2.5076619e-01  -1.8268567e-01  -5.2927591e-01  -4.1919060e-02   1.5808881e-02   1.5850215e-01  -2.1526458e-01   1.3726625e-01  -1.8311117e-01  -4.6302061e-01   2.4220855e-01   4.4175790e-01  -2.3448126e-02   5.0110574e-01  -6.0719498e-02   2.6374849e-01   5.0125214e-01  -5.1809988e-02  -2.7819089e-01  -1.4582016e-01  -2.7149610e-01   2.3591989e-01  -5.5786589e-02  -1.7744474e-01  -3.0130451e-01   1.0663602e-01  -2.7175315e-01  -2.5966811e-01   5.1956185e-02   6.5193305e-01   8.0448676e-02   5.1057366e-01  -6.5160938e-02  -7.9055021e-02   4.9255574e-02   4.1416276e-02  -3.2849225e-01  -4.1221824e-01  -2.8362711e-01  -2.4718756e-01  -3.1033401e-02   2.8790424e-01  -1.3459573e-01   2.1494158e-01  -3.7378501e-02
   2.7032305e-01   5.4361145e-01   6.9069948e-01   2.1970647e-02   1.8483144e-01  -2.4748026e-01   4.8608982e-01   1.3287883e-01   1.9943810e-01   1.5223349e-01  -1.9436676e-01   0.0000000e+00   7.8724875e-03  -4.7537159e-02   4.0416582e-01  -2.0777065e-01   5.2529610e-01  -2.0846952e-02   3.1146750e-02   1.0846118e-01  -3.6646681e-01   1.3336758e-01  -3.2604594e-01   3.2824450e-01   6.4637005e-02   1.2586239e-01  -3.1008947e-01   1.2226315e-01   2.9442964e-01  -2.0301012e-01   3.6780150e-03   9.8088116e-02   1.1699784e-01   3.9156753e-01   4.0727002e-01  -2.8433270e-01  -6.3241512e-01   2.7632938e-01  -5.5357086e-01   2.0994947e-01   8.4001866e-02   5.3178143e-01   4.1202181e-01  -8.3407184e-02   5.5784140e-02   4.5262770e-01  -2.2358356e-01  -3.4934361e-01  -9.6129764e-02   4.3954840e-01   6.0829303e-02   2.6814740e-01   2.0473808e-01   4.2564935e-01   3.3243620e-01   1.9234025e-01   1.0365814e-02   3.2941796e-01  -1.9618837e-02   6.4359083e-01   6.3466765e-01   1.6547909e-01   5.5493347e-01   1.1526323e-01   1.0241942e-01   1.3185846e-01  -4.1026802e-02   1.3125892e-01  -8.5352834e-02   3.0390160e-01  -1.1455695e-01   1.7880843e-01   1.2716303e-01   7.0514222e-01   2.6985968e-01  -8.5272785e-02   6.1643979e-01   1.0372563e-01  -2.2581950e-01   8.7286009e-02   4.5592698e-02   9.3100019e-02   1.1489003e-01   2.0410948e-01   2.8718114e-01   1.5911854e-01  -6.5508907e-02   2.4955148e-01   3.4300290e-01   1.3694531e-01   2.7572815e-01   6.8290804e-01   5.2913845e-01   3.9180184e-01   3.7921645e-01   2.3892783e-01   1.2571924e-01   2.7756758e-01   1.0005558e-03  -9.6679260e-02   1.8579994e-02   4.5346318e-01  -6.3380070e-02   6.1631985e-01   5.8331872e-02   1.6417768e-01   4.4578512e-01   1.5070324e-01  -1.2812772e-01  -3.0199269e-01   1.5091422e-01  -2.1321001e-02   1.6003448e-01   1.9487836e-01   1.9202585e-01  -1.0483226e-01   5.7459626e-02   2.8966038e-01  -1.1828024e-01   8.7545058e-02   4.8947217e-01   1.5707734e-01   7.0856202e-01   2.2734471e-01   4.3448207e-01   7.6929518e-01   1.3041228e-01   4.5700299e-01   2.3597811e-01  -1.0389139e-01  -4.6182938e-01  -2.8363429e-01   3.9653977e-01   3.2934174e-02   6.9249685e-01  -1.5697145e-02   4.9908396e-01  -2.4482191e-01   2.7403323e-01  -2.2118274e-02  -2.9454688e-02   1.2294418e-01  -1.5929089e-01  -2.5375428e-01   2.9166388e-01  -2.8755084e-01   2.3900794e-01  -2.3136400e-01   2.2785337e-02  -1.1820368e-01   4.3019126e-01  -2.6794661e-02   4.4245259e-01   1.9180512e-01   2.9416592e-01   1.4102922e-01   5.1193737e-01   2.0952613e-01   6.2830106e-01   6.4406840e-02   1.6059185e-01  -2.0397697e-01  -2.3002071e-01  -2.1926364e-01   2.5316157e-01  -5.0933794e-02   2.0376597e-01  -1.5134523e-01   4.7665073e-01   2.9500563e-01   3.7600746e-01   3.1349820e-01   8.5663076e-02  -1.4796499e-01   1.6959219e-01  -1.3680924e-01   2.9792527e-01
  -1.2146619e-01  -4.0010015e-01   2.2868761e-01   5.1900969e-01   5.3033740e-01   3.2722906e-01   2.0368201e-01  -5.9805103e-02  -1.6155755e-01   8.6204794e-02  -4.8992742e-02   7.8724875e-03   0.0000000e+00   1.2576767e-01   5.8675688e-02   3.1014310e-01   1.0740667e-01   1.5688197e-01  -1.7194040e-01   5.0173951e-01   2.2106698e-01   4.9846606e-01   6.6672630e-02  -7.2121323e-02   2.9844495e-01  -2.3407127e-02   2.7319702e-01  -2.3988088e-01   2.5848808e-02   2.6702456e-01   1.4732524e-01  -1.4867620e-01  -1.3745805e-01  -6.7323938e-02  -2.3362107e-01   1.4052881e-01   2.8573040e-02  -2.7125274e-01   1.2488259e-01   1.8501044e-01   5.4490790e-01   2.4598583e-01   2.1188605e-01   5.6756788e-02  -1.4929751e-01  -1.9923514e-01   1.4112792e-01   9.4410597e-02  -9.4742086e-02   1.2724714e-01   1.1874038e-01  -1.0948038e-01  -3.2325904e-01   5.6279693e-02   3.4640473e-01   7.3171091e-02  -9.3871910e-02   1.9574687e-02   1.6530064e-01  -1.8613440e-01  -6.1641351e-02   2.5311168e-01  -1.5710533e-01  -2.1331817e-01  -5.2528708e-01   2.8826369e-01   2.0973185e-01   3.8726139e-01   1.4531601e-01   1.5383355e-01  -2.5757112e-02   1.9399917e-01   2.6195045e-01  -4.5367081e-02   3.0012152e-02  -4.5138125e-02  -1.5011840e-01   1.0086911e-01  -2.0914597e-01   4.0849302e-01   2.2288118e-01   4.4953664e-01  -1.7028975e-02  -2.6561805e-02  -5.3662671e-03  -9.5303497e-02   1.3477999e-01  -1.2420338e-01   1.2259494e-02  -5.0182150e-02  -5.8203322e-02  -8.4369967e-03   1.5973969e-01  -1.3863458e-01  -1.4695403e-01   3.4662907e-01   5.4055450e-01  -2.0926320e-01   3.0248704e-01   1.4634679e-01  -2.0400008e-01  -9.1755095e-02   3.0987625e-01   2.4947279e-02  -1.9391045e-01   3.7232822e-01   3.6258010e-01  -1.5118454e-02   1.8634979e-01   2.6303059e-01   1.2714402e-01   2.3026636e-01   4.7804113e-01   7.0452594e-02  -2.8334330e-01  -3.5977744e-01   2.2532146e-01   6.0268722e-01   1.4019358e-01   2.8752730e-01   3.5934062e-02  -1.8349341e-01   7.5641495e-02  -3.7789109e-01  -1.7890608e-01  -1.2164492e-01  -9.3425725e-02   3.8253872e-01   2.3857849e-01   1.2040590e-01   3.4287479e-01  -1.9227136e-01  -4.0814305e-01  -3.9748375e-01   8.6395892e-02  -8.3828025e-02   3.4388266e-01   1.3254703e-01  -2.0815464e-01   6.5750909e-02   1.9617900e-01   4.0733516e-01  -2.0879490e-01   6.8675157e-02   1.5521948e-01   2.4496905e-01   2.6884219e-02   5.4289923e-02   1.4490110e-01  -1.3135459e-01  -2.8177275e-01   5.7100649e-02   1.5599753e-01  -3.2769183e-01   7.6394251e-02   5.9299756e-02  -3.1194523e-02   4.8130228e-01  -5.6997804e-02   2.3932264e-03   1.6480183e-02  -1.8815662e-01  -5.4724566e-02   3.6017046e-01  -5.2386207e-03  -1.6112836e-01  -1.8197765e-01   1.1596530e-01   2.7101720e-01  -1.7432555e-01  -1.7375011e-01   1.1046998e-02   3.6469994e-01   2.3085916e-01  -2.5261220e-02  -5.6306325e-02   3.1606524e-01
  -1.4039544e-01  -1.4071347e-01  -9.9396914e-02   4.8148942e-03  -7.0585053e-02   5.8666444e-02   2.4436037e-01  -1.8008681e-01  -2.7945442e-01  -7.2110517e-02   1.8561296e-01  -4.7537159e-02   1.2576767e-01   0.0000000e+00   4.2551346e-01   2.0823593e-01  -2.1697631e-01   5.5563778e-03  -1.7939358e-01   1.1398393e-01   2.0737961e-01   1.0461000e-01   4.1282927e-01  -3.1562388e-02  -2.2304331e-01  -1.9265798e-01   1.2544095e-01   1.8491732e-01   1.6252152e-01   4.0324444e-01   4.0105911e-01   1.5089018e-01   1.5222035e-01   2.4902925e-02   2.5737935e-01   1.4683027e-01   2.3408896e-01   3.2697413e-02   2.0813089e-01  -2.5827312e-01   1.7035410e-01   1.2888281e-01  -6.2105693e-02   1.3273486e-01   2.1289658e-01  -2.3961718e-01   2.4844758e-01   3.6154608e-01   1.1272196e-02  -3.2388847e-01   2.3532999e-01  -1.3013508e-01  -3.1883792e-01  -5.4167986e-02   3.5044403e-01  -9.6740859e-02  -2.0957970e-01   8.1448871e-02   1.5573810e-01  -7.4960895e-02  -2.4658534e-01   1.9065017e-01  -2.5044156e-01  -4.8477563e-02  -1.6267601e-01  -6.0405028e-02   8.7037988e-02  -1.3540271e-01   2.3836377e-01   1.1426211e-01   6.4020277e-03   2.0808987e-01   1.8629989e-01  -3.8289562e-02  -2.7039212e-01   1.6328938e-02  -1.9211697e-01  -2.7933523e-02  -2.0264313e-01  -2.1590458e-02   5.6060458e-01   2.3718108e-01  -2.0046785e-02  -2.5046599e-01   2.3969005e-02   1.2802703e-01   5.6550569e-01  -3.3194178e-03  -1.3098655e-03  -5.7283906e-02  -3.1493968e-01  -2.3611865e-01  -1.0245041e-01  -4.7878847e-02  -9.0307343e-02  -1.7419777e-01  -4.0814135e-02  -2.6508474e-01  -1.9241330e-01   1.8323585e-01   3.4879340e-01   1.1784786e-01   4.5113547e-01   3.0253369e-04   1.4581053e-01  -4.4388585e-02  -5.6882302e-02  -6.6481258e-02   2.3507620e-01   1.5739874e-02   1.7327305e-01   3.5443205e-01  -3.6757080e-02   1.5006959e-02   1.6622858e-01  -2.8037859e-01  -5.6503953e-02   1.7372018e-01   1.7694350e-01   1.1543767e-01  -2.1671122e-01  -3.1744349e-01  -9.3793406e-02  -2.1031655e-01  -2.4260745e-01   1.0209921e-01   3.9122948e-01   3.3626018e-02  -8.6911038e-02   4.5236168e-02   2.9709538e-01  -8.9632072e-03  -1.6806462e-01  -2.0417056e-01  -1.4271827e-01  -2.0251795e-02   1.2231149e-01   3.0138714e-01   8.0889642e-02   1.0893470e-01   2.4354026e-01  -7.3236489e-03  -3.0237961e-02  -3.3127593e-02   3.4927475e-01   3.7361893e-01   1.4636289e-01  -1.2283893e-01   1.7683228e-01  -7.1638852e-02  -9.9025922e-02   5.0493129e-01  -8.8011248e-02  -2.2539682e-01  -3.3846454e-01  -7.7465110e-02  -8.0707451e-02   1.2178419e-01  -1.8581852e-01   4.1645196e-01   1.3450155e-01   1.6008389e-01  -2.9260719e-01   1.4594333e-01  -2.1768563e-03  -1.4543967e-01  -1.1342396e-02  -2.8154377e-02  -9.1643324e-02  -3.2295752e-01  -1.6345397e-01  -9.4629422e-02  -1.4214730e-01  -1.1019271e-01   5.4143334e-03   1.7700856e-02  -1.0589651e-01
