   0.0000000e+00   4.5917443e-02   4.6246233e-01  -1.7462772e-01   3.5651900e-02  -3.8526484e-01  -4.8648278e-01   5.2054602e-01   2.4805967e-01   2.0001209e-01  -7.5966858e-01  -2.5247988e-01  -1.3359710e-01   2.9621142e-01  -2.4019855e-01  -5.5212251e-01   2.3504672e-01  -3.6275619e-01   1.7601333e-01  -1.6538085e-01  -3.8996268e-01   1.0733247e-01  -1.7913678e-01   5.6049705e-01   1.6679960e-01  -4.5124163e-02  -4.6506968e-01   3.0980919e-01   1.1423837e-01  -3.6494181e-01  -1.4253318e-01   3.0909130e-01  -4.1721276e-03  -8.7747032e-02  -3.8119585e-01  -3.8026810e-01   9.7229991e-02   1.6017800e-01  -6.3454265e-01   7.9038206e-02  -6.1277402e-02  -1.2390983e-01   2.3097380e-01  -3.9910975e-01  -3.4358606e-01   8.1778169e-01  -5.4199194e-01  -5.1700139e-01   8.3830469e-03   5.6415488e-02  -3.8643178e-01   6.7100070e-01  -1.2279622e-01   7.5023905e-02   4.8905184e-01  -3.9081173e-01  -2.6405157e-02   1.5465586e-02  -2.1402223e-01   8.0468495e-02   1.1207186e-01   1.8306894e-02   2.3296582e-01  -3.2272537e-01  -4.7984873e-01  -2.6475756e-01  -1.3814990e-01  -1.7615997e-03  -5.7301688e-01  -6.3389625e-02   1.1333689e-01  -2.5056227e-01  -1.1372760e-01   5.0930706e-01   3.0327555e-01   2.3108426e-01   5.9809387e-02   1.0268318e-01  -1.2951216e-01  -1.8411071e-01   2.6377775e-01  -3.6209676e-01  -3.2148357e-01   5.0497753e-01   4.6633508e-01   8.4114186e-02   2.4409884e-01   4.5351457e-01   3.7224423e-01   4.7274679e-01   3.3154224e-01   3.5592127e-01   2.3539920e-01  -3.5911905e-01   4.1571779e-01   1.0558402e-02   1.0777387e-01   3.1974789e-01  -9.1542347e-02  -5.0083373e-02   5.6645773e-02  -7.1473886e-01   4.0542578e-02   2.3763269e-01  -4.5065651e-01   3.4600906e-01   4.7342373e-01   7.1423230e-02   4.6695792e-02  -9.8866883e-02   1.3068550e-01  -2.6472042e-01  -1.0687531e-01   7.2719375e-01  -9.9172347e-02   2.5526198e-01  -5.0173188e-01   1.6025210e-02  -1.4908976e-01  -2.3792985e-01   5.3911640e-01   4.7248348e-02  -8.0732399e-02  -3.5330913e-02   7.7541842e-01   1.6821773e-01  -1.4898867e-01   1.2478110e-01   1.3339969e-01  -3.1864499e-01  -2.4534592e-01  -4.7987466e-01   6.7155751e-01  -1.8951956e-01  -1.3620336e-01   3.9198835e-01  -1.3291438e-01  -6.2562917e-02   2.0979503e-01   5.0041333e-01   7.4905392e-01  -2.2502183e-02  -6.8742719e-01  -2.9760139e-01  -2.0565447e-01  -4.0654145e-01  -1.4622439e-01   1.3815174e-01  -4.1505374e-01  -1.8505535e-01   3.0857553e-01   1.3416502e-01   2.1266231e-01  -4.2210493e-01   1.7735833e-01   5.5448056e-01   4.9682675e-01  -3.4081927e-01   3.1305714e-01   5.3056540e-02   6.6104536e-02  -6.0311401e-01   7.6394163e-02  -4.2235236e-01   2.4143064e-01   1.0702827e-01  -4.3794935e-01   3.0649700e-01   6.6294734e-01   2.4674374e-01   1.2070382e-01  -5.6573584e-02  -2.7909423e-01  -3.3114591e-02   3.1367049e-01  -1.1028186e-02   1.0410267e-01
   4.5917443e-02   0.0000000e+00   2.0937254e-01  -3.0975269e-01  -1.2237015e-01  -2.5082020e-01  -1.5642356e-01  -2.1917182e-01   7.7037740e-02   2.7745168e-01  -1.3926868e-01   1.5873683e-01   5.5024074e-02   3.9235439e-01   1.1042042e-01  -1.7962596e-01   4.5925633e-01  -2.0042265e-01  -2.7853553e-01  -1.7441151e-01   1.0102216e-01  -4.7699936e-01  -9.0556159e-02  -1.9808485e-02   1.4503006e-01  -2.4867541e-01   2.6600011e-02  -8.9217307e-02   8.7413215e-02  -1.3693763e-02   1.0125597e-01  -1.3464635e-01   1.5191557e-01   2.3054045e-02  -7.8899950e-02  -7.4508755e-02  -2.0292326e-02  -1.1657523e-01   8.1911049e-02   1.9107817e-01  -2.0896204e-01  -2.7571426e-02   1.1405621e-01  -2.5281730e-01  -1.8688770e-01   3.0974600e-02  -5.1779509e-02   3.2226472e-01  -7.1763434e-02   2.4015198e-01  -1.7670129e-01  -1.8575117e-01   7.9769664e-01   5.7968098e-02  -3.1880189e-02  -9.5409857e-02  -2.0176638e-01  -3.2509143e-01  -1.9552402e-01  -3.3401454e-01  -9.0579403e-02  -2.1161154e-01   3.1834657e-01   4.7127241e-02   4.2159223e-03  -1.1678411e-01  -6.9016989e-02  -1.9986731e-01  -1.4134150e-01  -1.3486782e-01   8.5229555e-01  -1.2270024e-01   2.2981714e-01   8.4986327e-02   9.7798667e-02  -2.8737366e-01  -2.3081665e-01  -9.0688493e-03   4.5011150e-01  -1.1928347e-01  -1.6462836e-01   1.6508339e-01   1.7248792e-01  -1.2436354e-01   3.6789181e-01  -3.2509264e-01   4.8726058e-01  -3.9701466e-02  -1.0711654e-01   2.8374201e-01   3.8650604e-01  -1.4566000e-01   3.1802455e-01  -2.2613236e-01  -1.0230782e-01  -1.5827637e-01   6.4339728e-02  -3.3943614e-01  -3.1303678e-01  -1.8727748e-01   3.0146403e-01  -1.5630587e-01  -1.9499012e-01  -6.2111074e-02  -2.7860854e-01  -2.9114559e-01   1.1277103e-01  -4.0575380e-01  -1.8500236e-01   2.0340499e-01   2.4204273e-01  -2.6141201e-01  -2.2946791e-01   1.4423822e-01  -4.8197542e-02   6.8868207e-01   2.1234989e-02   2.9325243e-02  -1.8414668e-01  -1.0581026e-01  -8.6096214e-02   2.6673805e-01   3.2144157e-01   3.2928314e-01  -3.7992556e-02  -6.8046223e-02   1.3392973e-01   1.4908223e-01  -3.0473031e-01   2.6316348e-01   4.5779642e-04   2.0277679e-01   4.0873118e-01   3.6270555e-01  -3.7689096e-01  -2.1618389e-01   1.2476898e-01   1.0515816e-01  -2.7769444e-01  -8.7532562e-02  -4.1097344e-02   1.0298584e-02  -2.3263547e-01  -2.8139505e-01  -8.1768240e-02  -1.9941418e-01   1.0650651e-01   2.9383790e-01  -4.7100926e-02   2.3154057e-01  -7.0339554e-02  -1.5249018e-01  -7.6451705e-02   3.5351399e-01   6.8271531e-01  -4.8148031e-02   2.3121650e-02  -2.6787968e-02  -2.1213476e-02  -2.0337027e-01   6.4786421e-02  -7.2950943e-02   3.8547764e-01  -1.1180985e-01  -2.5466574e-01   1.8968423e-01  -7.9149540e-02   4.3745224e-02  -2.2088946e-02   7.5440071e-01   2.4905246e-01   4.2318371e-03  -2.0509145e-01  -8.5160968e-04   8.3510560e-02   1.9634763e-01  -1.4165831e-01
   4.6246233e-01   2.0937254e-01   0.0000000e+00  -3.7627613e-02  -2.4746765e-01   2.9653637e-02  -2.6989725e-01   2.5831828e-01   9.7959701e-02   1.4242513e-01  -3.4867780e-01   6.4133359e-02  -3.3182575e-02  -7.2810434e-02  -9.4130749e-02  -2.0203609e-01   6.9463180e-01  -3.5759937e-01   2.0185570e-01  -3.1549844e-01  -4.6005550e-01   9.7149571e-03  -2.5213137e-01   3.1285706e-01  -1.8101629e-02   9.7750137e-02   8.5495587e-02   2.8642747e-01   6.9145564e-02  -1.9979533e-01  -2.1692780e-01   3.4493662e-01   1.1190365e-01  -1.3882245e-01  -2.8326045e-01  -1.4908989e-01  -2.9855806e-01   3.8274673e-01  -2.9229603e-01   6.5619998e-01  -5.9707531e-02   1.8773252e-01   2.0518336e-02  -2.0881277e-01  -4.1510930e-01   5.8794305e-01  -2.4097314e-01  -4.2951973e-01  -2.9938391e-01   5.7720491e-01  -4.7512389e-03   3.2351466e-01  -1.7502887e-01   2.2542542e-01   3.0484502e-01  -1.9683988e-01   1.1051899e-01   1.5713988e-01  -8.3885364e-04   3.0158526e-02   4.9017634e-01  -2.2362972e-01   1.3461351e-01  -2.1412074e-01  -5.0011105e-01  -1.7881953e-01   1.3869228e-01  -8.3105593e-02  -2.4326811e-01   2.6045744e-01   1.0437781e-01  -2.3050907e-01  -3.2208408e-02   5.2748431e-01  -2.5778765e-02   2.6344042e-01   3.5147966e-01   7.7935747e-02   9.4530328e-02   2.1113096e-03   2.7720909e-01  -3.6923431e-02  -3.7566455e-01   2.5368775e-01   3.7377205e-01   1.7902923e-01   2.6089538e-01   1.6925111e-01   1.4395485e-01   2.4343395e-01   5.3575103e-01   6.4955045e-01   4.6944816e-01  -3.7048398e-01   4.9943623e-01  -2.9102485e-01   8.5424589e-02   1.8476704e-01  -1.0993768e-01  -2.4056659e-01   1.7308570e-02  -4.1258925e-01   2.0155635e-02   1.3343557e-01  -2.4299603e-01   2.9518101e-01   4.9787387e-01   3.2770212e-01  -2.2909807e-01  -1.8019690e-01   2.0704472e-01  -1.0797679e-01  -3.0676024e-02   4.3744561e-01   1.2151261e-01   2.2039021e-01  -1.8995760e-01  -1.1688011e-01  -1.7171793e-01  -3.8386746e-02   5.6634764e-01   4.2309292e-01  -3.3924140e-02  -1.4340327e-01   6.1525896e-01   3.3399481e-01  -2.0554258e-01   1.1213818e-01   9.7002626e-02   6.2672367e-02  -2.1902999e-01  -3.1638744e-01   4.4227513e-01  -3.2562263e-01  -2.4736598e-01   3.0156818e-01   3.6156525e-02  -1.7275422e-01   1.7108297e-01   2.1380574e-01   3.3375725e-01   6.6482905e-03  -2.8475151e-01   3.0566414e-02  -2.1224223e-01  -3.2987546e-01   5.4687242e-02   7.4485698e-02  -2.7060013e-01  -4.7626877e-01   5.6953734e-01  -1.4912250e-01   2.8027717e-01  -2.6044404e-01   5.8197315e-01   4.5378715e-01   4.8345241e-01   1.0575306e-01   5.2152507e-01  -1.6233120e-02  -6.7641498e-03  -1.0795040e-01   1.3211612e-02  -1.4870218e-01   1.8766548e-01  -3.4430179e-02  -2.8719224e-01   2.8257762e-01   5.1720271e-01   2.5967885e-01   2.6886655e-01   3.2088172e-02  -2.7235822e-01   1.3101140e-01   1.6876044e-01   9.6678343e-02  -4.4174660e-02
  -1.7462772e-01  -3.0975269e-01  -3.7627613e-02   0.0000000e+00  -2.0332109e-01   2.7895211e-01   2.3292143e-01   1.9536588e-02   2.0403765e-01  -2.3327243e-01   2.0740645e-01   9.3822505e-02  -7.9472925e-03  -3.6266868e-01  -2.1507030e-01   1.4582318e-01  -9.3782152e-02   3.5481384e-01  -9.5277425e-02  -1.2761167e-01  -1.4192939e-01   3.3739737e-01  -3.8481194e-03  -2.7293911e-01  -4.3702406e-01   6.0537125e-02   1.4851582e-01  -3.8586757e-02  -2.1819054e-01   2.4820308e-01  -9.7763522e-02  -2.6821410e-01   7.2294396e-02  -3.2290158e-02   4.6449481e-02   2.5115720e-01  -2.2905820e-01   1.0534045e-01   1.6007434e-01   2.8224856e-02   2.4020535e-01   1.3862121e-01  -3.0945963e-01   2.7859401e-01  -5.3996149e-02  -6.0682284e-02   1.8544316e-02   5.4704033e-02  -1.2012198e-01  -7.4398156e-02   2.0720605e-01  -1.0474334e-01  -3.1704526e-01   1.4894015e-01  -9.9032212e-02  -4.0755786e-02   2.3239529e-02   3.2920067e-01   5.1726284e-01   2.0374258e-01   3.0637880e-01  -1.2193485e-01  -2.1878165e-01  -1.6266859e-02   3.4778674e-01   8.8266295e-04   1.8550458e-01   2.5335652e-01   8.2917787e-02   1.5573886e-01  -2.4175548e-01   1.1831914e-01  -6.5838863e-02  -1.9727168e-01  -2.7266137e-01   1.0306709e-01   1.5732553e-02  -1.3714589e-01  -2.4574572e-02   5.1080850e-01  -4.9245115e-02   1.3111081e-01  -1.6459988e-01   1.6650424e-02  -2.4362108e-01   1.3398995e-02  -3.3648575e-01  -2.1149782e-01   1.2142559e-01  -1.0876487e-01  -7.8122683e-02   1.0605199e-01  -1.0110536e-01   1.4843394e-01   5.7543704e-02  -2.0814446e-01   2.6522844e-02  -5.9950343e-03   3.9921333e-01  -1.1163813e-01  -2.1276571e-01   1.4701707e-01   2.7519460e-01   2.1133457e-01   9.7224778e-02   2.7838672e-01  -9.9750256e-02   2.5847589e-01  -2.1758759e-01  -6.2932606e-02  -1.3250799e-01   2.9808075e-01   7.5728120e-01  -5.6370259e-02   1.8755043e-01  -1.7608521e-01  -1.3116858e-02  -6.7973749e-02  -2.8720818e-02   4.3787314e-02   5.0787569e-02   8.0331716e-02  -2.6749997e-01  -2.0307513e-01  -3.8847166e-02   4.3088272e-02  -9.7286924e-03  -1.8033658e-01   3.1568875e-01  -7.0392637e-02  -1.8982118e-01   3.7405732e-02  -3.2038596e-01  -1.9206223e-01   3.3009865e-01  -2.6434739e-02  -1.8203460e-02  -7.7874172e-02   1.1905457e-03  -4.0071122e-02   2.6702237e-02   4.8608464e-02   1.6192304e-01   1.7931301e-01  -1.3632220e-01   1.6222613e-01  -1.0366632e-01  -2.0653350e-01   8.6213821e-02  -2.1286002e-01   4.2555057e-02   2.1418949e-01   1.2999651e-01  -1.9580871e-02  -2.7250710e-01   6.9369178e-02  -2.6452981e-02   2.6325018e-01   1.3612630e-01   1.7934457e-01  -2.4098818e-02   2.5234613e-01  -1.8956200e-01   3.1779935e-01  -3.9950560e-02  -2.5966799e-01   3.5734329e-02   7.0915509e-02   7.5544652e-02  -3.3889047e-01  -8.7332966e-02  -1.8721482e-01   4.7200779e-01   1.9019670e-02  -2.1786469e-01   3.7529933e-01  -1.6599551e-01
   3.5651900e-02  -1.2237015e-01  -2.4746765e-01  -2.0332109e-01   0.0000000e+00  -4.2228399e-01  -4.3430183e-01   1.5328068e-01   5.7867909e-02  -6.4747400e-02  -1.6808690e-01  -4.2288537e-01  -4.8016596e-01  -9.2871083e-03  -2.8832081e-01  -3.6791981e-01  -7.5616752e-02   1.0013895e-01   5.7965369e-02   4.0491727e-01   7.0768383e-02   3.2776220e-01  -3.0108687e-01   3.2104259e-01   8.1858996e-02   3.7062327e-01  -2.3990749e-01  -2.3561498e-01   1.0071490e-02  -1.3633733e-01   1.5240264e-01   1.1493275e-01   6.1486730e-02  -3.3445480e-01  -2.7709105e-01  -2.7635849e-01   8.2387992e-01   1.2888377e-01  -4.2598919e-01  -3.0649114e-01  -2.4618691e-01  -8.6836002e-02   5.1747977e-01   2.3166797e-02   7.7665720e-02  -1.1064534e-01  -1.7761391e-01  -2.4770060e-01   7.4888427e-01   3.2460830e-02  -3.7023928e-01   3.0243389e-01   2.8976016e-03   2.4119829e-01  -3.8330903e-02  -2.0639170e-01  -1.7070155e-01  -4.2278883e-02  -3.3389973e-01  -1.1816204e-01   2.9271570e-02   1.9789950e-01   2.6366195e-01   2.0268613e-01  -3.7552134e-02  -2.0058739e-02  -1.3295983e-01  -1.7454975e-01  -1.1651338e-01  -3.6762081e-01  -1.6926282e-01  -1.6571630e-01  -4.7542941e-01  -1.0951519e-01   3.8237938e-01  -2.5489506e-02  -1.1171942e-02   4.8386855e-02  -3.0285773e-01  -1.7866815e-01  -3.1796529e-01  -4.8199525e-01   6.2973684e-02   1.2834792e-01  -8.4717366e-02  -2.8904557e-02  -1.5360474e-01   2.1334999e-01   1.7275281e-01  -1.9349084e-01  -3.1332477e-01   6.2192237e-02  -4.0843519e-01   6.9893211e-02  -9.4206693e-02   8.8949805e-01  -8.8326139e-02   8.3803629e-02   1.5381084e-01   1.4673731e-01  -1.1971803e-01  -2.3653457e-01  -2.2789865e-01   1.4703341e-01  -2.4974784e-01   1.9653262e-01  -4.6019946e-02   2.0126580e-02   6.2966222e-01  -2.2526710e-01  -1.6456285e-01  -1.3401496e-01  -1.1287746e-01  -9.3592440e-02  -5.2686087e-01  -1.3923737e-01   1.9628151e-02  -3.1208134e-01   1.4258497e-01  -2.6891732e-01  -2.4913008e-04  -6.5332934e-01   1.3029903e-01  -1.1105842e-01  -2.0797022e-02  -4.0194974e-01  -4.0734472e-01   2.8412025e-01   1.9472246e-01  -2.8997396e-01  -3.9086841e-01  -2.0282349e-01   3.1396437e-02   5.3741904e-02  -9.2025872e-02   1.5771416e-01  -1.3829091e-01  -1.3602812e-02   1.9713897e-01   2.5773631e-01   1.5352620e-01  -5.0498384e-01   9.2769228e-03  -1.5329358e-01  -3.3069988e-01  -7.9892194e-02  -2.7023790e-01   2.0504271e-01  -2.8702094e-01   1.4000101e-01  -4.2216800e-01  -5.6415647e-02   1.2229492e-01   8.5790188e-03  -1.7117723e-01   1.1987775e-01  -1.2270446e-02  -4.5137257e-01   2.6969985e-02  -2.9028825e-01  -1.5712891e-01  -1.8204907e-01   2.4044764e-01  -4.1541915e-02   3.3257483e-01   2.2320699e-01  -7.9958334e-02  -2.4735247e-01  -9.1453478e-02   1.6755349e-02  -2.8018959e-01  -7.7377665e-02   3.8922099e-03  -2.6294504e-01   1.5067146e-01   1.7025795e-03   1.7483079e-01
  -3.8526484e-01  -2.5082020e-01   2.9653637e-02   2.7895211e-01  -4.2228399e-01   0.0000000e+00   5.2437340e-01  -2.3034497e-01  -1.8818340e-01   7.6228687e-02   5.7588087e-01   4.1126006e-01   2.2882555e-01  -3.4560072e-01   2.4145435e-01   6.6384468e-01  -1.7329087e-01   2.3708719e-01   2.2587102e-01  -1.5624541e-01  -4.3967851e-02  -1.1488237e-01   2.0903577e-01  -5.2328300e-01  -3.3353281e-02   2.2284432e-02   5.0047885e-01   1.1847138e-01  -1.1101314e-01   3.5779612e-01  -2.0304491e-01   5.0141567e-02   2.1129767e-01   3.2556318e-01   2.7993246e-01   4.4300991e-01  -5.3369568e-01   5.9252623e-02   5.9450805e-01   2.6092577e-01   2.8065350e-01   3.2066100e-01  -5.0377302e-01   2.9230507e-01   3.6296104e-01  -3.0562174e-01   4.8915396e-01   2.7807894e-01  -3.5359235e-01  -1.2472112e-01   6.4389181e-01  -4.5270346e-01  -1.8986148e-01  -1.3370620e-01  -2.0532526e-01   3.3269464e-01   4.8865570e-01   1.9758429e-01   4.0652562e-01   7.3209193e-02   1.0417691e-01   3.3936465e-02  -3.7936903e-01  -1.9800292e-02   1.6485400e-01   1.7083923e-01   6.3333621e-01  -5.8412644e-02   5.3370024e-01   2.3675668e-01  -2.5702949e-01   2.7564387e-01   3.1508212e-01  -5.1331765e-02  -4.3813585e-01  -1.3258844e-02   1.5006433e-01   1.8617304e-01   1.5360394e-01   8.4985676e-02   1.7082802e-01   4.2827274e-01  -2.0524013e-03  -1.4620154e-01  -3.1389625e-01   1.4867054e-01  -1.6608819e-01  -2.7222397e-01  -1.9967593e-01  -1.5849380e-01  -1.0281328e-01   2.7783944e-02   1.2346923e-01   1.4083973e-01   4.3006565e-02  -4.4061285e-01   1.1284327e-01   1.5604367e-01  -8.8488821e-02   1.7283439e-01  -1.9526812e-01   5.2009266e-01   1.7062325e-01  -3.2840273e-01   5.7608398e-01  -7.3141606e-02   5.1623782e-02   3.9343745e-01  -3.9357344e-01   1.1240105e-01   8.6616153e-02   4.2467405e-01   9.4739095e-02  -1.1041557e-01   4.5404405e-01  -2.9455006e-01   2.3401918e-01   2.3455043e-01  -5.5342833e-02   4.3260197e-01  -9.7286549e-02   2.2977474e-01  -1.0724794e-01  -1.4281776e-01  -2.7147942e-01   3.4025871e-01   2.5563656e-01  -2.0467850e-01   1.6517152e-01   1.4950194e-01   2.8914070e-01   3.8469172e-01  -4.5273501e-01  -2.9893290e-02   1.4491872e-01  -2.1730530e-01   3.2908355e-01  -2.4987359e-01  -7.0989733e-02  -1.5042262e-01  -3.3241984e-01   1.3924194e-01   5.7201535e-01   4.4251804e-01   3.1221161e-01   4.0790248e-01   2.9081900e-01  -4.1485117e-01   3.8592423e-01  -7.1752213e-02   2.5773507e-01  -1.2568308e-02   3.5703249e-02   1.4481237e-01  -6.2191566e-04  -3.0919692e-01  -8.3714347e-02   4.8818510e-01  -5.5987611e-02   2.1869579e-01   4.2515869e-02   6.2770571e-01  -3.7888934e-01   4.5276470e-01   6.3697649e-02  -2.2448177e-01   3.8489303e-01   1.5752411e-01  -2.6039601e-01  -4.1331721e-01   2.1422953e-02  -3.2678460e-02   2.0421904e-01   5.9405049e-01   1.5577010e-03  -4.2645920e-02  -4.2635082e-02
  -4.8648278e-01  -1.5642356e-01  -2.6989725e-01   2.3292143e-01  -4.3430183e-01   5.2437340e-01   0.0000000e+00  -6.6289446e-01  -4.2461221e-01   2.4262534e-01   6.8504111e-01   6.7074716e-01   3.8233145e-01  -1.5043244e-01   6.4192066e-01   5.9986353e-01  -3.7923057e-01   3.4796495e-01  -2.0129695e-01   1.8079345e-02   2.2723326e-01  -4.5462973e-01   7.9222049e-01  -6.5104827e-01  -1.1401923e-01  -3.9655890e-01   5.9776505e-01  -7.3480921e-02  -2.1860884e-01   3.5997048e-01  -6.5521423e-03  -3.7478724e-01  -1.6384144e-01   6.4177802e-01   4.8640921e-01   4.4723332e-01  -5.3902522e-01  -3.3353669e-01   6.1087075e-01   1.5152518e-01   2.7031784e-01   1.9948357e-01  -5.7898195e-01   9.3765862e-02   4.3251392e-01  -5.0251996e-01   5.8956091e-01   6.8791413e-01  -4.3306488e-01  -4.2019402e-01   6.6872019e-01  -6.9558753e-01  -5.3456671e-02  -2.2966629e-01  -4.2807612e-01   5.0545356e-01  -2.8954152e-02  -1.1822609e-01   5.0649620e-01   7.4854430e-02  -3.4158501e-01  -7.7023228e-02  -5.0177698e-01  -1.4531334e-01   3.5908376e-01   5.3710230e-01   1.0214403e-01   9.9534833e-02   4.7072464e-01   4.7865564e-01   7.1465284e-03   2.9548440e-01   4.2898821e-01  -2.5779543e-01  -6.3754458e-01  -3.5316993e-01  -3.6484819e-01  -2.9255509e-01   2.7497614e-01   1.4361210e-01   3.8773398e-01   5.3886838e-01   5.8284455e-02  -4.7943017e-01  -4.4993325e-01  -2.1303556e-01   4.3606188e-02  -5.0128802e-01  -4.6461802e-01  -1.0353848e-01  -3.0485598e-01  -5.0842371e-01   8.4104034e-02   1.8147318e-01  -3.9543859e-01  -4.1595153e-01   7.0550680e-02  -3.4262540e-01   9.8513841e-02   4.5633649e-01  -3.6237000e-02   7.3541490e-01   7.6153621e-02  -4.5896688e-01   4.6890678e-01  -4.3219080e-01  -4.1319631e-01  -2.2974368e-01  -4.2022703e-01   7.3530290e-02   3.2143971e-01   3.0665489e-01   1.2753748e-01  -1.9392877e-01   7.1008111e-01  -1.7404205e-01   3.0730829e-01   3.9331770e-01  -1.5577927e-02   4.2672270e-01  -5.0647374e-01   1.5256699e-01   2.5343646e-02  -3.7178648e-02  -4.5469288e-01   2.1597188e-01   5.6341647e-01  -4.6491216e-01  -2.6084870e-01   3.5753766e-01   3.6689069e-01   6.3484811e-01  -5.7599472e-01   9.4912385e-02   1.3164243e-01  -5.7751464e-01   7.9640404e-02   1.3779936e-01  -5.0306306e-01  -5.0555651e-01  -5.2060697e-01   2.7208242e-01   4.2549868e-01   2.2264619e-01   6.8448638e-01   4.4761031e-01   6.8934856e-01  -3.9159968e-01   6.9320262e-01   2.5728670e-01   2.3270353e-01   4.1407742e-02  -3.4991996e-01   1.1111484e-01  -2.4210742e-01  -5.0337399e-01  -4.8212977e-01   6.1288593e-01  -4.7947616e-01   3.3850306e-01   1.5577301e-01   5.0187333e-01  -2.3752206e-01   3.5043103e-01  -4.5715013e-01   7.1144100e-02   6.3513466e-01   3.2263600e-02  -4.7841303e-01  -4.3705563e-01   2.7655209e-01  -2.6210583e-01   3.0347481e-01   1.2925743e-01  -1.7413157e-01  -1.8937458e-02  -2.6206027e-01
   5.2054602e-01  -2.1917182e-01   2.5831828e-01   1.9536588e-02   1.5328068e-01  -2.3034497e-01  -6.6289446e-01   0.0000000e+00   3.5541730e-01  -2.5919827e-01  -5.6756382e-01  -5.3586578e-01  -3.1428482e-01  -4.6941828e-03  -4.6830640e-01  -4.3689529e-01   1.3832239e-01  -2.6191027e-01   3.9070562e-01  -9.4371061e-02  -2.5434715e-01   6.4998884e-01  -4.5600460e-01   5.1779747e-01  -1.3425876e-01   4.4469860e-01  -6.2998817e-01   2.4262204e-01   8.0452082e-02  -2.4017663e-01   1.5940523e-04   4.4761627e-01   4.6433439e-02  -3.7433935e-01  -3.5914174e-01  -3.6579128e-01   2.2305575e-01   3.6389343e-01  -5.0696838e-01  -2.1933745e-01  -1.6347120e-01  -1.6662796e-01   4.4574510e-01   1.6860669e-01  -3.6014681e-01   5.7839958e-01  -4.7784145e-01  -6.6041995e-01   1.6957025e-01   1.5088176e-01  -4.1495271e-01   7.3673456e-01  -2.1539804e-01   2.5843525e-01   4.1782449e-01  -3.3697603e-01   4.2776964e-02   3.2277302e-01  -3.3074290e-01   1.0428465e-01   3.5002517e-01  -2.0825444e-01   1.5027853e-01   7.7934314e-02  -3.5677046e-01  -3.8824020e-01   7.9492350e-02   2.0466572e-02  -4.6465773e-01  -2.8770126e-01  -2.9408804e-01  -3.1857660e-01  -4.6156378e-01   1.7767450e-01   5.1407254e-01   6.0537361e-01   4.0425363e-01   3.6094264e-01  -3.1070023e-01  -1.7752007e-01   2.2366444e-03  -4.5751278e-01  -1.8170324e-01   7.8518099e-01   2.9757489e-01   4.9837445e-01  -1.0384385e-01   5.1821027e-01   3.7541745e-01   1.3624428e-01   1.6616553e-01   5.4753353e-01  -1.1145701e-01   2.6477267e-03   5.4026711e-01   8.4982388e-02  -3.0078750e-01   4.9720234e-01  -1.5386327e-01  -3.6577043e-01  -1.4509083e-02  -5.4667611e-01   1.7997507e-01   4.7746918e-01  -3.3539295e-01   6.8366447e-01   3.7631691e-01   4.5001933e-01   1.0203861e-01  -3.6342854e-02  -1.7365466e-01  -2.3437491e-01   1.3933929e-01   2.6996820e-01  -3.5872137e-01  -3.9602151e-02  -2.9990401e-01  -3.7704461e-01   7.4670492e-02  -3.5219748e-01   5.7639681e-01  -9.6409235e-02  -4.5864345e-02  -2.2159906e-02   5.6829154e-01  -2.6925314e-02  -4.2416435e-01   1.6088891e-01   3.8684985e-01  -4.4385914e-01  -4.4254369e-01  -4.8172262e-01   4.1912950e-01  -1.3111725e-01  -8.6138048e-02   7.6651182e-01  -3.1356686e-01  -1.3363032e-01   6.4199546e-01   5.5735401e-01   5.3941019e-01  -1.7088377e-01  -3.7582256e-01  -4.8025439e-02  -4.3830669e-01  -2.7240619e-01  -5.8570410e-01   1.5176987e-01  -4.6051421e-01  -3.5844721e-01   3.7659293e-02   2.3910695e-01   3.6242388e-01  -2.0318383e-01   4.5691540e-02   4.9115170e-01   4.9716785e-01  -4.9267760e-01   4.1710768e-01   1.0688716e-01  -2.4198014e-01  -4.3362465e-01   1.1802803e-02  -3.4156954e-01   4.7972860e-01  -1.8596098e-01  -3.2539991e-01   7.0677841e-02   5.4914585e-01   4.7505472e-02  -2.3422279e-01   1.4563483e-01  -7.2820703e-02  -4.3119377e-02   1.1492793e-01   1.4767031e-02   2.6398393e-01
   2.4805967e-01   7.7037740e-02   9.7959701e-02   2.0403765e-01   5.7867909e-02  -1.8818340e-01  -4.2461221e-01   3.5541730e-01   0.0000000e+00  -6.6990687e-02  -2.4212306e-01  -3.5530797e-01  -1.4573303e-01  -1.4683954e-01  -3.9257380e-01  -3.4017922e-01   1.2103813e-01  -3.8205467e-04   7.7505682e-02   1.0243444e-01  -3.3321260e-02   3.7471068e-01  -3.4244502e-01   1.8157155e-01   1.2872483e-01   2.6002599e-01  -2.1930768e-01   1.4422403e-01   1.3564183e-02   1.2349127e-01   8.7142276e-02  -3.7644866e-02   1.5798495e-01  -3.6502301e-01  -2.6869354e-01  -1.3951731e-01   1.6676320e-01   3.6322540e-01  -2.6757268e-01  -4.5596388e-02   2.5755850e-02  -3.3196252e-01   2.7872391e-01   2.2150815e-01  -4.4338253e-01   2.6537990e-01  -2.4047962e-01  -4.1671403e-01   1.0405030e-01   9.9801609e-02  -2.4808134e-01   3.4856554e-01   9.7579458e-02   1.2935325e-01   1.4634055e-01  -1.5876786e-01  -1.2389160e-02   1.2339524e-01  -1.5369497e-01   1.6699225e-02   3.5704501e-01   1.5357615e-01   5.8812367e-01   4.0634875e-01   1.7632528e-02  -2.4162596e-01   3.0476528e-03   2.3926942e-01  -2.1028391e-01  -4.7413047e-02   6.7273128e-02  -7.5817303e-02  -2.3061400e-01   8.3043141e-02   3.4853385e-01   2.8014171e-01   2.5282665e-01   1.5347655e-01  -1.7999590e-01   1.1624225e-01  -3.9268554e-02  -2.9064718e-01  -5.4418195e-02   1.9643807e-01   2.4217775e-01   1.7863725e-01  -1.4057118e-01   2.4819084e-01   5.5701345e-01   1.9884147e-01   1.8108892e-01   1.7268791e-01  -4.4248352e-02   7.0561098e-02   3.8561455e-01  -2.0183739e-02   3.8093097e-02   7.3598392e-02  -5.0847290e-02  -1.9415845e-01   3.6447098e-04  -2.6208627e-01  -9.0191274e-02   6.7830140e-01  -3.2676615e-01   1.0034572e-01   2.8501450e-01   7.3050067e-02   5.0467096e-02   3.3504766e-02  -2.8667445e-01  -9.3725771e-02   2.0976995e-01   3.2210396e-01  -2.9313667e-01  -6.1721522e-02  -9.9683732e-02  -2.7672784e-01   6.3267566e-02  -2.9874188e-01   3.9840666e-01  -2.8644319e-02   3.0878304e-02   2.7610689e-01   2.0184995e-01  -1.0798400e-01  -2.6960525e-01  -8.7928368e-02   1.9128532e-01  -7.4557564e-02  -2.9914461e-01  -3.6823333e-01   2.5370630e-01   4.0843013e-02   7.5202130e-02   2.3729243e-01  -2.6223696e-02  -8.4631843e-02   3.1539337e-01   5.1671973e-01   4.4347935e-01  -1.5074130e-02  -2.3526398e-01  -1.4637269e-01  -4.4017723e-01  -2.4458468e-01  -4.1379114e-01   1.8796673e-01  -2.2279466e-01  -1.1643682e-01   3.6929276e-02  -1.2750213e-01   3.1325955e-02   1.3469573e-01   4.2437326e-02   4.6862469e-01   4.4591522e-01  -1.8742230e-01   5.4331471e-01  -1.3508761e-01   2.2492289e-01  -6.4831840e-03   1.0833324e-01  -1.0031955e-01   9.3734266e-02  -3.6837171e-01  -4.1229330e-01  -1.4631018e-03   4.5919304e-01   2.1156155e-01  -3.0698029e-01   2.7998029e-01   6.9188269e-02  -7.6353280e-02   2.3589199e-02   2.3205489e-01   3.9265384e-01
   2.0001209e-01   2.7745168e-01   1.4242513e-01  -2.3327243e-01  -6.4747400e-02   7.6228687e-02   2.4262534e-01  -2.5919827e-01  -6.6990687e-02   0.0000000e+00  -2.7953236e-02   5.4096743e-01   5.2869289e-02   1.5642710e-01   3.8640886e-01  -1.0483589e-01  -1.1868820e-03  -4.4735464e-02  -8.9248052e-02  -1.8456323e-01   7.7583550e-02  -4.6146395e-01   3.8567476e-01  -9.8568792e-02   1.0778871e-01  -3.0561563e-01  -4.0108872e-03   5.7499941e-02   4.1457829e-02   9.3764828e-02  -3.5909332e-02  -6.5447424e-02  -1.2907780e-02   5.8696288e-01   1.4243373e-01  -9.1189676e-02  -8.0068558e-02  -2.1160452e-01  -4.4223444e-02   1.9023688e-01  -4.0290212e-02  -1.4558721e-02  -3.7356842e-02  -3.9830738e-01   2.1369079e-01   4.3613706e-03  -3.3777297e-02   2.6750100e-01  -7.8141444e-02  -2.3560787e-01   1.5873204e-01  -1.3516174e-01   2.0369886e-01  -2.2259851e-01  -1.3799896e-01   3.1302967e-02  -1.3414915e-01  -1.2798947e-01   4.4128963e-03  -3.1436509e-02  -2.2579071e-01  -9.9168042e-03   9.6676313e-03  -1.6424885e-01  -9.5809865e-02   3.2359211e-01   1.5036704e-01  -2.7616346e-01  -1.8826202e-01   2.1758830e-02   3.8140259e-01  -5.0712092e-02   2.5636423e-01   2.2966176e-01  -2.7437774e-01  -2.1639075e-01  -3.3655598e-01  -5.6839204e-02   9.4397354e-02  -2.5939117e-01   2.8212710e-01  -6.3803367e-03   2.8366876e-02  -9.5935175e-02   1.0896588e-01  -1.4074248e-01   3.0205410e-01  -1.8806603e-01  -3.0125424e-02   2.8172652e-01  -2.8659746e-02  -1.9453834e-01   4.4111826e-01  -2.2195395e-01  -2.2940598e-01  -4.4984640e-02   9.2463322e-02  -2.4130492e-01  -1.8306403e-01   4.7726325e-01   1.1621792e-02   9.8311514e-02  -1.3192875e-01  -8.5938484e-02   7.8764481e-02  -2.9263180e-01   2.0484793e-01  -3.0597793e-01  -4.5430673e-02   1.9528834e-01   6.4616444e-01  -5.7688261e-02  -2.0738169e-01   1.6523946e-01   2.2316219e-01   2.7416460e-01  -8.8454163e-02   2.5283207e-01  -2.1759677e-01  -4.5106889e-02  -8.7147036e-02  -1.0946166e-01   3.1419095e-01   1.1731883e-01  -8.6337571e-03   2.3108079e-01   4.3968054e-01  -2.2084789e-01  -1.6133483e-01   5.4769395e-02  -4.5304460e-02   3.0232655e-01   1.2174473e-01   1.9872027e-01  -1.5068657e-01  -2.9891326e-01  -8.3841714e-02  -5.8490782e-02  -2.5336852e-01  -1.3836885e-01  -2.1461553e-02   5.6043036e-04  -1.5009115e-01  -1.2649228e-01   4.2201268e-01   4.9438338e-02   5.9135094e-01   1.5182209e-01   3.0587725e-01   3.3997999e-01   2.9696252e-01  -1.0135217e-01  -2.2395849e-01   9.2848890e-02   3.1719271e-01  -1.5196313e-01  -1.0183170e-01   1.4955891e-01  -2.3260573e-01  -3.3397141e-02   2.9643098e-01   5.7854005e-02   1.4324638e-01  -6.2667223e-02  -2.3891638e-01   3.3300966e-01   2.4951023e-01   1.0366424e-01  -1.0817260e-01   1.7316768e-01   3.8206527e-01  -3.0121569e-01  -8.7208061e-02   2.1020994e-01   2.8636633e-01   9.5791651e-03  -2.3205910e-01
  -7.5966858e-01  -1.3926868e-01  -3.4867780e-01   2.0740645e-01  -1.6808690e-01   5.7588087e-01   6.8504111e-01  -5.6756382e-01  -2.4212306e-01  -2.7953236e-02   0.0000000e+00   4.5435596e-01   2.9008556e-01  -3.9520132e-01   3.1926911e-01   6.8617411e-01  -3.1602484e-01   4.4750859e-01  -1.3092827e-01   1.2655885e-01   3.4715079e-01  -2.1937815e-01   4.2911375e-01  -6.4265718e-01  -1.3240440e-01  -1.1736207e-01   6.8887452e-01  -2.7724674e-01  -2.1732923e-01   4.0080139e-01  -4.0652480e-02  -2.6585527e-01  -5.3947879e-02   2.3796418e-01   4.0070554e-01   4.7302274e-01  -3.3847085e-01  -1.9811292e-01   6.5002668e-01   6.2629362e-02   3.6394351e-02   2.8264680e-01  -4.3612456e-01   4.2044755e-01   3.9476149e-01  -7.2731892e-01   6.8776837e-01   5.6138363e-01  -1.2595788e-01  -1.2784076e-01   6.3913747e-01  -7.2698408e-01  -5.6733301e-02  -1.0080296e-01  -5.5048938e-01   5.1428057e-01   1.2408187e-01  -3.3269160e-02   3.1898667e-01  -5.4522569e-03  -1.8484496e-01  -1.1176192e-01  -2.6340291e-01   2.0774620e-01   4.8233356e-01   4.3755337e-01   2.2678123e-01   5.0898564e-02   7.8823494e-01   2.5685176e-01  -1.8751792e-01   4.2931057e-01   1.9764027e-01  -3.9258445e-01  -4.1489554e-01  -2.4177718e-01  -1.5566381e-01  -1.4581710e-01   1.6654886e-01   1.1893584e-01  -4.5717544e-02   4.1879946e-01   8.6700217e-02  -5.3769302e-01  -5.1457727e-01  -7.8830963e-02  -3.4160160e-01  -4.3651931e-01  -3.2013077e-01  -4.2425126e-01  -2.9404678e-01  -3.8068489e-01  -1.4252045e-01   3.5298065e-01  -3.5918173e-01  -1.6438340e-01  -1.4309782e-01  -2.8724891e-01   4.4486583e-02   2.3886738e-01  -2.1979966e-01   8.0982564e-01  -9.9320531e-03  -3.1906039e-01   6.0655254e-01  -3.6889055e-01  -4.2906768e-01  -3.2551854e-02  -2.7887340e-01   8.0692050e-02  -6.9508826e-02   4.2481145e-01   7.7083003e-02  -4.6276648e-01   3.2857244e-01  -3.7188001e-01   5.0550529e-01   1.1853780e-01   3.9944857e-02   4.4061738e-01  -5.3338843e-01   3.1030619e-02   3.1107652e-02   3.2624207e-02  -6.3696369e-01   6.4085905e-03   2.9712121e-01  -2.3345172e-01  -1.3574539e-01   3.3925349e-01   2.9312425e-01   6.1088966e-01  -6.1940414e-01   1.3337589e-01   2.0491038e-01  -4.1226103e-01   2.2464511e-01   3.8488724e-02  -2.0935408e-01  -4.8837704e-01  -6.2886588e-01   9.5284773e-02   8.2715209e-01   3.4041189e-01   3.1091062e-01   3.7903219e-01   2.4400707e-01  -2.2583709e-01   6.1913885e-01   1.1369280e-01  -1.4676406e-02  -1.9411200e-01  -2.7963946e-01   4.1227920e-01  -2.0272248e-01  -4.8615188e-01  -5.2860901e-01   5.0075484e-01  -3.4565129e-01   1.0351420e-01   5.8123826e-02   8.2091742e-01  -1.4275161e-01   5.4305425e-01  -2.4899538e-01  -1.8113835e-01   6.4371531e-01  -2.1630981e-01  -5.9104887e-01  -4.1538572e-01  -9.2261326e-02  -6.2414289e-02   3.7289860e-01   1.7351312e-01  -2.2288502e-01  -3.0373113e-02  -1.2597587e-01
  -2.5247988e-01   1.5873683e-01   6.4133359e-02   9.3822505e-02  -4.2288537e-01   4.1126006e-01   6.7074716e-01  -5.3586578e-01  -3.5530797e-01   5.4096743e-01   4.5435596e-01   0.0000000e+00   1.6902567e-01   3.7262601e-02   5.4173970e-01   3.4534954e-01  -2.3382008e-01   8.9584151e-02  -2.4383024e-01  -3.2539553e-01   4.5742541e-02  -4.9225840e-01   4.9367826e-01  -4.5948699e-01  -1.1240547e-01  -5.6514121e-01   3.6065090e-01  -2.1139361e-01  -5.0194183e-02   2.1898557e-01  -1.9505775e-01  -2.6068149e-01  -1.2565547e-01   6.5699566e-01   3.8317141e-01   1.7085943e-01  -4.6640292e-01  -2.6952639e-01   3.5073953e-01   2.3257821e-01   1.0776088e-01   2.9664753e-01  -3.7295957e-01  -1.4548786e-01   3.5635555e-01  -3.0379244e-01   2.7475437e-01   5.7890624e-01  -3.0041140e-01  -2.5876560e-01   4.3951552e-01  -5.4978251e-01   1.0304886e-01  -2.0505831e-01  -2.4912989e-01   1.3284623e-01  -1.3208312e-02  -3.5242027e-03   2.6326114e-01   2.2274414e-01  -3.4328080e-01  -1.4858826e-01  -3.1201232e-01  -2.6058073e-01   2.8285419e-01   2.8539489e-01   1.3026059e-01  -3.6026188e-02   2.1779233e-01   1.7511247e-01   2.6042734e-01   2.2054294e-01   3.6506784e-01   2.2241071e-01  -5.6759854e-01  -3.4452263e-01  -3.7191513e-01  -2.0228195e-01   3.1248047e-01  -1.2545700e-02   1.6860893e-01   3.6925511e-01  -4.7396528e-02  -4.0815208e-01  -1.9229020e-01  -2.6548711e-01   1.7464261e-01  -2.9937426e-01  -2.8437369e-01   5.5315008e-02  -8.6325401e-02  -3.1936158e-01   4.0081384e-01   1.2993258e-01  -3.1268350e-01  -3.5456494e-01  -8.2857702e-02  -4.0690798e-01  -2.7890440e-02   3.4387626e-01  -9.3065336e-02   5.0559477e-01  -6.9494410e-02  -3.0168658e-01   4.3845921e-01  -2.8713519e-01  -1.4626850e-01  -2.0547877e-01  -3.4817346e-01   6.9483953e-02   4.7797745e-01   3.3800887e-01   4.3943940e-02  -7.2839322e-02   4.9897105e-01   1.5234749e-01   2.9225557e-02   3.2394248e-01  -3.5157668e-01   2.5908340e-01  -3.1693497e-01   1.7603947e-01   2.0794183e-01   1.1485049e-01  -2.4084523e-01   5.1225362e-01   7.0656581e-01  -3.1280092e-01  -1.9077235e-01   8.6129776e-02   1.5626187e-01   5.2279363e-01  -2.4300024e-01   8.1380090e-02   1.9649820e-01  -5.3572553e-01   5.4843743e-02  -1.5783258e-01  -4.5604130e-01  -4.1692808e-01  -3.7174991e-01   1.4102299e-01   2.0810588e-01   1.2945834e-02   5.7847570e-01   2.5020283e-01   6.7051159e-01  -2.4164553e-01   4.6060173e-01   1.2484723e-01   3.0454107e-01  -1.7329719e-01  -2.6165592e-01   2.0398090e-01   6.9428512e-02  -3.6896388e-01  -4.1720058e-01   3.3313043e-01  -4.8221346e-01   1.7192303e-01   2.4558576e-01   3.7972332e-01  -1.8711101e-01   2.3652352e-01  -2.7463364e-01   2.3437985e-01   5.3004490e-01  -8.3482437e-03  -3.0850193e-01  -1.0028401e-01   4.5107945e-01  -3.0316464e-01   1.4903523e-01   1.8724496e-01   5.9213383e-03   1.5198024e-02  -4.2120099e-01
  -1.3359710e-01   5.5024074e-02  -3.3182575e-02  -7.9472925e-03  -4.8016596e-01   2.2882555e-01   3.8233145e-01  -3.1428482e-01  -1.4573303e-01   5.2869289e-02   2.9008556e-01   1.6902567e-01   0.0000000e+00  -8.1735474e-02   1.9982174e-01   4.2416553e-01  -6.5907436e-02   7.4427687e-02  -9.3394594e-02   9.7385814e-02   1.5791220e-03  -2.5418167e-01   2.9595695e-01  -1.6300810e-01   2.1161150e-01  -1.2248549e-01   4.1209526e-01   1.1172077e-01   3.6651555e-02   3.1702843e-01  -3.4877019e-01  -1.6325563e-01  -2.6689142e-01   1.0349260e-01   3.0226480e-01   5.6361746e-02  -4.9634867e-01  -3.0558675e-01   4.4336450e-01   5.3230264e-02   4.9037078e-02   1.4001173e-01  -4.3068683e-01  -1.0343403e-01   7.0004486e-03  -7.0915953e-02   4.1362443e-01   2.7362951e-01  -4.8890194e-01  -7.3386633e-02   3.9508569e-01  -3.2665898e-01  -1.0201296e-01  -2.6150218e-01  -1.3062145e-01   1.6587363e-01   2.4034750e-01  -6.5254695e-02   2.4802818e-01   8.1697382e-02  -1.8861146e-01   6.1154239e-02  -1.6892301e-01  -1.6571643e-01   3.3164408e-02   1.6435344e-01  -1.3708311e-01   1.4644084e-01   4.4577170e-01   3.4326438e-01   1.3723365e-03   1.7704933e-01   3.8969871e-01  -1.1634631e-01  -3.9218573e-01  -1.9505204e-01  -2.5418362e-01  -2.3964488e-01   1.9254088e-01   1.3955125e-04   2.7119700e-01   4.5954124e-01  -2.5319370e-01  -2.5660929e-01  -1.3977223e-01  -1.1206472e-01  -1.1339987e-01  -3.3033300e-01  -2.4164835e-01  -4.8964692e-02   9.6573154e-03  -3.5902934e-01   1.3546845e-01  -1.3918064e-01  -1.7475456e-01  -3.4356975e-01   3.4571679e-01   1.4749108e-02  -8.5626002e-02   1.8412488e-02  -1.9195953e-01   3.2707954e-01   2.0072145e-01  -2.0664116e-01   2.9474651e-01  -3.3527681e-01  -1.1465169e-01  -1.8751725e-01  -3.7412661e-01  -7.5419931e-02  -7.3550204e-02   3.1672614e-01  -2.1069358e-01  -1.9100426e-02   3.7267825e-01  -1.4395003e-01   2.0225254e-01   5.2057538e-01  -2.0332665e-01   3.7022797e-01  -3.1069894e-01   1.7666781e-01   1.7484732e-01  -8.7768874e-02  -2.2986935e-01   1.1603896e-01   2.0874690e-01  -2.8974458e-01  -4.7300197e-02   2.1000231e-01   6.1284354e-01   2.5138061e-01   3.9694284e-02  -2.4393009e-01  -6.2740136e-02  -2.3139137e-01   2.6081615e-01   2.4980153e-02  -1.9472172e-01  -3.2200560e-01  -1.7088083e-01   7.2798133e-01   1.5134280e-01  -1.0739539e-01   2.4657472e-01  -8.1988022e-02   1.4206655e-01  -1.4356987e-01   2.8724529e-01  -1.3693033e-01   9.9881498e-02  -4.9579246e-02  -6.3261238e-01  -2.6522327e-01  -1.7006550e-02  -1.5380843e-01  -2.6946101e-01   5.2939974e-01  -1.2872694e-01   2.8289456e-01   3.1419137e-01   2.6851844e-01  -1.5194673e-01   4.7640613e-02  -2.9082289e-01   4.7880228e-02  -1.6302188e-02  -1.9083639e-02  -1.8482003e-01  -2.1750315e-01   1.7676060e-01  -1.3148527e-01  -1.5983679e-01   2.1939674e-01  -1.0927573e-01  -3.0602285e-01   2.6544348e-01
   2.9621142e-01   3.9235439e-01  -7.2810434e-02  -3.6266868e-01  -9.2871083e-03  -3.4560072e-01  -1.5043244e-01  -4.6941828e-03  -1.4683954e-01   1.5642710e-01  -3.9520132e-01   3.7262601e-02  -8.1735474e-02   0.0000000e+00   1.5213564e-01  -4.5428247e-01  -8.2423154e-02  -3.9944360e-01  -7.5443768e-02  -1.0532723e-01   1.0655774e-02  -2.2166531e-01  -6.1214270e-02   2.2620658e-01   5.3677675e-02  -3.9510328e-01  -4.3104228e-01   4.7676335e-02  -7.9115910e-02  -1.8335353e-01   1.5808784e-01  -1.8670953e-01  -2.6002671e-01   2.6923660e-01  -6.1255706e-02  -4.0692711e-01   2.2359872e-01  -2.4145779e-01  -2.8099115e-01  -1.1843557e-01  -2.3972802e-01  -3.1421238e-01   1.9096393e-01  -1.7568690e-01  -1.5377724e-01   6.8257200e-02  -3.2004288e-01   3.3787876e-02   1.1265117e-01  -7.0765548e-02  -5.2863710e-01   1.1081833e-01   4.4737987e-01  -2.7258174e-01   3.4743941e-01  -1.1348493e-01  -2.2900811e-01  -4.1146703e-01  -4.7071222e-01  -3.0070742e-01  -3.5930725e-01  -9.5696590e-03   7.3996305e-02  -1.5861522e-01  -1.3932364e-01  -1.4944639e-01  -3.2147712e-01  -3.0366018e-02  -3.8407305e-01  -2.6870825e-01   3.3218009e-01  -2.7352212e-01  -5.4946111e-02   2.3569091e-01   6.7381053e-02  -2.2737736e-01  -3.5689814e-01   4.9025181e-02   1.1340798e-01  -2.8695450e-01  -4.3217398e-02  -2.1275372e-01   2.6640398e-01   1.0812682e-01   3.5341957e-01  -3.0432347e-01   5.4752050e-01   6.6617530e-02  -4.7940291e-02   1.6327251e-01  -1.4599533e-02  -2.2963650e-01   1.9989614e-01  -2.5972806e-01  -2.0790954e-01   1.2705280e-01  -5.8910733e-03  -1.0855643e-01  -2.4794172e-01  -1.2101763e-01   4.1199988e-01  -1.5876900e-01  -6.7230645e-02  -1.1787926e-01  -3.7622563e-01  -1.5727512e-01  -6.6533412e-02  -4.5074421e-01   1.8326787e-01   1.1256522e-01   3.1451530e-01  -4.1216458e-01  -1.8518857e-01   8.1324853e-02  -2.9078277e-02   3.6219356e-01  -3.1677624e-02  -4.2629795e-02  -6.6672485e-02  -3.7588127e-01  -1.9238747e-01  -5.4832911e-02   1.4340282e-01   7.4896656e-02   3.7097582e-02  -2.3391384e-02   1.1879047e-01   2.9546590e-02  -2.4232051e-01  -7.0963092e-02  -5.9539709e-02  -1.0746838e-01   3.4526261e-01   2.2426377e-01  -2.3070154e-01  -8.2762567e-02  -3.3746542e-01   1.0119059e-02  -2.0227084e-01   4.6030272e-02   1.8216331e-01  -5.3030957e-02  -4.2760620e-01  -2.0002860e-01   4.7587697e-02  -3.6284836e-02   1.5433168e-01   9.4148174e-02  -1.4029185e-01   1.5115491e-01  -2.0344132e-01   9.4355834e-02  -1.7714669e-01   6.6556531e-02   1.5638106e-01  -5.5596745e-02  -8.4645596e-02  -4.5452748e-01  -3.3029025e-01  -2.8999165e-02  -1.1110265e-01  -3.8306842e-01   1.4342529e-01  -3.8688684e-01  -2.0339410e-01   4.0692033e-01  -5.2431391e-02   4.3564584e-02  -1.0439168e-01   4.1302454e-01   3.5844011e-01   8.6618322e-02  -1.9575706e-01  -1.2298587e-02   2.6165884e-01  -4.5020607e-02  -1.9561557e-01
