   0.0000000e+00   1.1654237e-01   3.6150489e-01   2.8263132e-01   1.1803948e-01   1.4545497e-01  -8.9176878e-02   3.0415850e-01   6.3114334e-02   4.2276442e-02  -3.0424953e-01   1.4674847e-01  -3.8786700e-05   3.7590780e-01  -5.2854351e-01  -4.7991981e-01   3.3691739e-01  -4.1510413e-01   3.3289624e-01   2.0336539e-01  -2.8701281e-01   1.7907592e-01  -1.9045843e-01   8.5489090e-01  -1.2457128e-01   2.0560882e-01   2.5426710e-01  -5.9564271e-02  -8.8252274e-04  -1.9900309e-01  -6.1198651e-01   2.3662919e-01  -2.0807163e-01  -1.8706158e-01  -2.0970434e-01  -4.9616021e-03  -3.5623584e-01  -4.0620225e-01  -6.4518208e-01   1.7935463e-01  -4.7048568e-02  -1.1159738e-01   9.5222156e-02  -2.7209262e-01  -2.3840096e-01   6.1340100e-01   1.4845204e-01  -1.1801228e-01  -4.2778489e-01   2.4334481e-01  -2.7903771e-01   1.6233602e-01  -9.2249483e-02  -2.2254595e-01  -3.8731729e-01  -1.2305205e-01   1.4106216e-01   1.9320785e-01  -9.4628237e-02   1.0676230e-01   5.7373781e-01  -1.8353138e-01   2.7821546e-01  -3.7192190e-01  -5.3109225e-01   5.1464677e-02   8.9060249e-02   2.0566377e-01  -1.0023650e-03   3.4727138e-01   4.7050338e-02   1.1674108e-02  -9.6943395e-02   7.1025465e-01  -1.2961221e-01   2.5344140e-01   3.8234413e-01   1.4824800e-01  -1.9368551e-01  -2.3283225e-01  -2.1657077e-01  -1.4084721e-01  -3.5497338e-01   1.0223331e-01  -2.5677003e-01   2.2192742e-01  -6.0496085e-01   1.2252496e-01   1.9485508e-01   5.5381869e-01  -1.0787690e-01   5.1331799e-01   2.9478287e-01  -1.4458047e-01  -4.6582690e-02   3.2135857e-01  -7.9631853e-02   2.9879426e-01  -8.7150651e-02   2.5621493e-01  -1.2487433e-01  -1.9348454e-01  -1.8854630e-01  -8.4123968e-02   1.2342979e-01   4.7137037e-01  -1.3664143e-01   2.1501396e-01  -1.5646002e-01   4.1374566e-02  -2.2907330e-01   1.2510825e-01   2.9734934e-01   8.2832554e-01  -6.5335216e-02  -1.1041197e-01   1.9777168e-01  -1.0242314e-02  -2.8844715e-01  -7.6689884e-02   7.3744099e-01  -5.3055870e-02   5.8295651e-02  -3.9187140e-01   4.8551711e-01   6.4636030e-01  -4.1458985e-01  -4.7394844e-01   2.4185601e-01   1.5486980e-01  -4.5272352e-02  -5.1287462e-01   4.7760056e-01  -5.2298150e-01   1.2404102e-01   4.6791485e-01  -2.2644141e-01  -2.9003228e-01   3.2910257e-01   4.2459694e-01   7.9835048e-01   1.3383156e-01  -1.5564402e-01   1.4380564e-02  -4.8088397e-01  -4.9538430e-01  -1.7063942e-01   1.6594526e-01   4.5667383e-01  -3.5145287e-01   3.3125768e-01  -4.3451470e-01   2.9172267e-01  -2.5707601e-01   2.1658725e-01   6.3379495e-01   7.3721803e-01  -1.6798053e-01   4.2119060e-01  -9.5981279e-02  -1.1423174e-02  -1.1024331e-01  -2.0243709e-01  -1.0133594e-04   2.0193159e-01  -1.7738372e-01  -4.4444512e-02   3.8412452e-01   5.2479427e-01   4.7730545e-03   1.7297996e-01   2.0536699e-01  -1.2945316e-02   1.5361504e-01  -6.2049808e-03  -6.5156276e-02   2.7410770e-01
   1.1654237e-01   0.0000000e+00   2.2165019e-01  -8.7015826e-02   4.8346151e-01  -2.1713317e-01  -1.6430806e-02   2.8282309e-02   1.5838861e-01   5.1492035e-02  -6.9810617e-01   5.8579671e-01  -2.5248539e-01  -3.2762520e-02  -4.5106885e-01  -3.0601781e-01   2.3456344e-01  -5.4773144e-01  -3.0169147e-02   3.5109406e-01  -6.5232489e-01  -3.6533450e-01  -6.3793134e-01   2.1985684e-01   7.4626041e-05  -3.7244202e-01   3.3392421e-01  -5.9893178e-01   6.2635642e-01  -2.5479425e-02  -2.3400572e-01  -7.8079895e-02  -8.3802954e-02   2.9288426e-01  -9.0822438e-02  -1.2721198e-01  -1.2701641e-01  -1.0132387e-01  -2.0370799e-01   4.3142808e-01  -1.2478253e-01   6.0431110e-02   4.3561521e-01  -3.5213327e-01   2.8097446e-01  -4.2567518e-02  -6.0063634e-01   5.4782299e-01   9.2715688e-02   4.3169080e-01  -5.8328291e-01  -2.9418963e-01   6.3048460e-01  -1.7848732e-01  -1.8330765e-01  -5.2109055e-01  -1.7847725e-01  -2.2868253e-01  -3.3423099e-01  -1.6067084e-03   5.1929943e-02   3.8092836e-01   4.2240645e-01  -3.1689762e-01   1.7088821e-01   5.6597641e-01  -8.9993280e-02   1.4200688e-01  -5.3310260e-01  -2.2452943e-01   7.6192814e-01  -4.1559350e-01   1.1528824e-01   1.5354667e-01   1.3993761e-02  -9.6351015e-02  -4.6831904e-02  -1.5438717e-01   7.1399508e-01  -1.3611077e-01  -5.5386770e-01  -1.0732723e-01  -4.6039014e-01  -1.0103219e-01  -9.1238498e-03  -1.1139088e-02  -1.6465164e-02   1.8457289e-01   7.3441231e-01   2.0200931e-01   8.3166394e-01   5.2594649e-02   6.3921875e-01   1.8629364e-01  -1.8928949e-01   1.9791877e-01  -1.0641221e-03   7.9566136e-02  -3.4226584e-02  -4.3918451e-01   1.1039363e-01  -5.6339090e-01  -3.9167181e-01  -2.0198650e-02  -3.7268642e-01   2.0492883e-01   1.3298056e-01  -3.1316481e-01  -2.7576647e-04   4.5672445e-01  -4.7448848e-01  -3.2111938e-01  -1.8453737e-01   9.4929312e-02  -5.3317397e-01   8.5403405e-01  -1.3206189e-01  -6.2834055e-02  -5.4636568e-01  -2.2323305e-01   3.1992919e-02   6.9331553e-01   5.5756642e-01   3.9143516e-01  -7.8674589e-02  -3.2858793e-03   2.2604579e-01   9.0648321e-02  -1.3672589e-01   2.7701930e-02  -3.3758095e-02  -1.1894040e-01   4.2199613e-01  -2.4019939e-01  -1.6128224e-01   2.2733255e-02  -1.7637450e-02  -1.5922535e-01  -1.3081899e-01  -7.0762953e-02   1.2266417e-01  -9.0066222e-02  -5.0323951e-01  -2.9249714e-01  -3.6263123e-01  -5.2702910e-01  -3.4685137e-02   8.8516593e-02   3.9599215e-01  -4.7995399e-01  -1.1413095e-01  -4.8629950e-01   9.6939374e-02  -2.4637963e-01   5.0388078e-01   1.8357761e-01  -4.9561726e-02  -2.5702503e-01   1.4780961e-02  -5.9699351e-01   3.6540169e-01  -5.7111554e-01  -3.8213095e-01  -5.8630604e-01  -2.2157649e-01   7.4830789e-01   6.8265720e-03   1.0869921e-01   1.6952568e-01   4.3098679e-01   8.5690786e-01  -1.1629408e-02  -3.5718614e-01  -9.9730261e-02   2.9383797e-01  -1.1073903e-02  -1.4542114e-01
   3.6150489e-01   2.2165019e-01   0.0000000e+00  -1.6456033e-01   3.8421292e-01   2.7116648e-01   1.8642715e-01   8.6912175e-02  -9.8138522e-02   4.0737804e-01  -2.9557446e-01   5.8651928e-01  -1.9323403e-01  -1.3037487e-01  -2.3423255e-01  -7.9019764e-02   7.9813622e-01  -4.1040233e-01   1.2284282e-01   2.6296808e-01  -4.1618229e-01  -2.4062334e-01  -2.2868572e-01   3.3936691e-01  -1.9097963e-01  -2.1467811e-02   4.9238924e-01  -2.5892463e-01   4.7259823e-01  -2.7691542e-01  -3.5866797e-01  -3.4295789e-02   7.7173972e-02   1.6960670e-01  -4.0791426e-02   1.5263080e-01  -1.7508966e-01  -2.3485391e-01  -3.6755477e-01   6.7363228e-01  -1.2960876e-01   1.6445289e-01   3.2252687e-01  -3.9291778e-01  -4.1517703e-02   2.1367933e-01  -1.0686284e-01   5.4598687e-03  -2.2721000e-01   6.7774339e-01  -3.0997137e-01  -1.6382158e-02   1.5321120e-01   1.5359369e-01  -7.8763896e-02  -1.3738079e-01   2.4476995e-01  -2.2348100e-01  -1.0296306e-01   1.1569016e-02   5.5480737e-01   1.3173491e-01   2.2339821e-01  -2.3346041e-01  -4.2889849e-01   2.2569101e-01   1.8135154e-01   1.0691996e-01  -1.8356940e-01   5.6804948e-01   3.0934817e-01  -1.4794355e-01  -1.2022304e-01   3.0895105e-01  -6.7841577e-02  -9.6601784e-02   2.0391785e-01  -1.1666864e-03   8.4806892e-02  -1.5594923e-01  -1.9414870e-01   1.5315856e-02  -1.3817947e-01  -6.6200780e-02   3.4336795e-02  -1.4193093e-01  -4.3856417e-01  -6.0539297e-02   1.9119667e-01   7.8349490e-02   1.4067940e-01   6.1494593e-01   5.7816440e-01   2.4739250e-01  -1.3039568e-01   4.3314062e-01  -1.5110686e-01   3.4608581e-02  -1.5530541e-01  -1.2262334e-02   8.9556708e-02  -2.6694275e-01  -2.1804280e-01  -2.9474441e-01  -3.0140674e-01   1.0131998e-01   1.8368702e-01  -6.5034349e-02  -1.3806880e-01   1.2518503e-01   4.1728448e-02  -2.2752808e-01  -8.5989025e-02   1.6156275e-01   3.3087733e-02   9.5890732e-02  -8.8258796e-02  -6.7142659e-02  -2.1287572e-01   1.3441966e-02   2.1945331e-01   3.7659359e-01   3.8129234e-01  -2.3858121e-01   1.5139370e-01   8.4463662e-02  -5.8985924e-02  -2.8875879e-01  -1.4603674e-01   7.0610100e-01  -6.9749941e-02  -1.7793620e-01   3.4241620e-01  -2.8221616e-01  -1.5362736e-04   8.9125924e-02  -2.2783176e-01  -7.1930156e-02  -7.7661140e-02   1.3986754e-01   3.5613933e-01  -8.2453854e-02  -3.7631077e-01   2.4366039e-01  -2.5836651e-01  -6.0180247e-01   4.3784879e-01   1.8217148e-02   3.0361351e-01  -2.2390705e-01   2.3176881e-01  -4.8878105e-01   1.7984618e-01  -2.2507005e-01   6.8140041e-01   3.1445534e-01   2.4524034e-01  -4.9068716e-02   4.7829285e-01  -2.3789242e-01   3.1874666e-01  -2.8799597e-01  -1.7651185e-01  -3.3942462e-01  -4.5471582e-02   2.8215012e-01   1.1143829e-01   2.0203470e-01   2.4699438e-01   1.1055413e-01   4.0470687e-01   4.6194399e-02  -3.0702007e-01   2.0300131e-01  -2.1051334e-01  -2.4316908e-02  -1.2566266e-01
   2.8263132e-01  -8.7015826e-02  -1.6456033e-01   0.0000000e+00  -8.5017223e-03   2.8979031e-01  -2.2928193e-01   5.4977955e-02   4.7974894e-01  -4.5178883e-01  -1.4754135e-01  -2.7934108e-02   3.8654812e-02   4.3009760e-01  -3.7292322e-01  -1.8599705e-01  -9.0411490e-02   5.4714351e-02   2.4451316e-01   3.9401682e-01   2.1040425e-01   4.7698756e-01  -2.5078073e-01   1.2857691e-01   3.4318260e-01   5.5740180e-02   2.4144997e-02  -2.1657593e-01  -6.2267359e-02   2.4001415e-01  -2.7923588e-01   9.5580512e-03  -2.5945135e-01  -3.8651403e-01   1.8355849e-01  -1.0693196e-01  -3.1527888e-01  -2.3899171e-01  -1.3962847e-01  -2.0433033e-01  -1.7104669e-01  -8.3739152e-02   1.2854083e-01  -6.7209536e-02  -5.0510664e-02  -5.6033945e-02   2.8975996e-01  -2.8060713e-01  -1.0777477e-01  -1.6044965e-01  -2.4292589e-01  -2.0213299e-01  -2.3151262e-01  -8.4735121e-02  -2.0111692e-02  -9.6577835e-02   1.4131084e-01   3.1821017e-01   8.2856811e-02   2.8017636e-01   1.8045320e-01  -3.5479328e-01   3.5766755e-01  -1.8984075e-01  -1.1144278e-01   5.1901038e-02   2.2870785e-01   6.7075448e-01   3.8358379e-02  -2.8775938e-01  -1.5772793e-01  -1.7589871e-02  -1.3897289e-01   3.7801482e-01   1.1751117e-01   4.1218951e-01  -5.6607051e-02   3.3779097e-01  -1.3090494e-01   5.4895293e-02  -2.3553998e-01   2.0822587e-02  -1.4317184e-01  -1.4860647e-01  -1.0414970e-01   2.3386885e-01  -4.9888133e-02   2.0362389e-01  -9.6445240e-02   5.6255846e-02  -1.5543169e-01   9.9585173e-02  -6.3813948e-02  -2.1601010e-01  -1.5126555e-01   7.4503289e-02   1.2987003e-01   8.7962064e-02   3.0385126e-01   2.5535684e-02  -3.4891772e-01  -1.1622748e-01  -1.8025088e-01   3.9435060e-01   1.6092078e-01   7.6020761e-01   1.6572887e-01   2.3200779e-01  -3.0864714e-01   6.3432613e-02  -2.6576981e-01   3.0001012e-01   9.1133581e-01   3.2292440e-01  -3.1900251e-01  -2.1396497e-01   3.2113575e-02  -2.5679443e-02   5.2301257e-04  -2.3990245e-01   8.0349024e-02  -4.0819944e-02  -1.8613788e-01  -1.3509641e-01  -5.1750923e-02   3.5327574e-01  -2.9419479e-01   1.4398308e-01   6.4198785e-01  -2.6256427e-01   1.6906984e-03  -3.5635181e-01   2.8268511e-01  -2.8230071e-01   1.5328087e-01   4.1016874e-01   1.3668024e-01  -4.0910899e-01   3.0746079e-01  -1.2953346e-02   2.4402054e-01   2.1201627e-01   3.1438879e-01   8.7459760e-02  -3.0931103e-01   6.6811773e-02  -4.2218405e-01   2.2708904e-01   6.7632093e-02  -2.8703225e-01  -5.3524407e-02  -1.6287661e-01   8.2199456e-03  -2.2704815e-01  -6.2482988e-02  -1.0293019e-01   1.7240975e-01  -4.2926825e-02   1.5404753e-01  -8.9862580e-02  -1.9192533e-01   4.5416538e-02  -8.0130251e-02   4.3055367e-01   8.1253031e-02  -1.3630256e-01   6.7692655e-02   2.4648021e-01   3.2975503e-01  -1.3042292e-01  -8.3510052e-03  -2.0642335e-02   6.0137110e-01   2.7089229e-01   2.8569603e-01   1.9332280e-01   6.1309782e-01
   1.1803948e-01   4.8346151e-01   3.8421292e-01  -8.5017223e-03   0.0000000e+00   3.9453487e-01   3.9748679e-04  -8.7387083e-04   3.3655979e-02  -7.3168330e-03  -4.1724448e-01   5.1108082e-01  -1.1781782e-01  -1.1534899e-01  -5.0755260e-01  -1.3907337e-01   4.9311762e-01  -3.6788670e-01   3.1974557e-01   6.3057264e-01  -2.6511636e-01  -8.3615588e-02  -5.0825909e-01   6.5411771e-02   1.8330732e-02  -1.8811815e-01   6.6404288e-01  -3.5195499e-01   4.7557901e-01  -2.9532959e-02  -5.4809826e-01   1.3337572e-01   7.9209528e-02  -6.1257111e-02  -9.2344024e-02   3.2956369e-01  -3.5688645e-01  -3.2857411e-01  -1.2905703e-01   5.6344101e-01  -1.1025480e-01   1.6683985e-01   3.7228047e-01  -3.0405644e-01   1.0019328e-01  -1.9781822e-01   3.8848110e-02   1.4706908e-01  -1.4616544e-01   6.5724544e-01  -4.1893127e-01  -1.7371221e-01   7.6236127e-02   9.5433322e-02  -2.3106141e-01  -1.7286401e-01   2.1861536e-01  -8.8913063e-02  -1.1195169e-01  -6.0228904e-03   2.0006657e-01   2.9975210e-01   4.6100800e-01  -4.9843852e-01  -3.0945773e-01   4.6288186e-01   4.6092581e-01   8.0746105e-02  -6.6378723e-02  -1.0571337e-01   4.3427300e-01  -1.0591727e-01   3.1170567e-02   1.2279581e-01   2.7079091e-01  -7.8748754e-02  -1.4377865e-01  -5.0592520e-02   2.5349895e-01   6.2127523e-02  -4.2055617e-01  -1.5082029e-01  -2.6670632e-01   7.3431666e-02   5.1841644e-02   3.4659104e-02  -3.2381959e-01   5.2341519e-02   4.3402103e-01  -6.5285222e-02   4.7134715e-01   2.7362422e-01   5.2817129e-01   6.3735501e-02  -3.7080960e-01   7.6710942e-01   1.9456141e-01   6.6440912e-02   1.1674254e-01  -2.2862053e-01  -3.5129435e-01  -3.3126298e-01  -3.6507476e-01  -1.7683894e-01  -9.7639337e-02   1.9660567e-01   3.5300280e-01   1.6468541e-02  -2.8703156e-01   5.2456618e-01  -3.0283846e-01  -4.0568008e-02  -3.3955608e-02  -4.2492553e-02  -5.3875332e-01   3.0764164e-01  -8.7713932e-02  -9.7059058e-02  -1.2309433e-01   1.1987777e-01  -9.6849151e-02   7.0925015e-01   3.5994199e-01  -1.4802565e-01  -2.1930836e-01  -2.8281288e-02  -9.7491210e-02   9.3957725e-02  -2.3757878e-03   2.4272946e-01   2.1398691e-01  -3.3239243e-01   5.2171518e-01  -5.2100947e-01   1.3378097e-01  -9.0330249e-03   9.4070776e-02  -3.4057488e-01   8.2491811e-02  -1.6927180e-01   1.2614299e-01   1.6028384e-01  -2.6215442e-01   2.5035190e-01  -4.9726295e-01  -4.3990480e-01  -1.2397546e-01   4.4330051e-01   3.9234876e-01  -5.4513811e-01  -2.5109847e-01  -5.8549690e-01   8.8201140e-02  -2.7278705e-01   6.3889954e-01  -1.1980549e-02  -1.3059504e-01  -1.5738580e-02   2.7103117e-01  -2.2615231e-01   3.4849145e-01  -3.4557289e-01  -2.0794643e-01  -4.0920668e-01  -9.6097047e-02   3.3668896e-01   1.0939103e-01   1.5911535e-01   9.7434348e-02   3.1569210e-01   5.0778641e-01  -1.7499346e-01  -1.0330619e-01   3.9571772e-01   5.3165737e-02   1.4571040e-02  -1.0248633e-01
   1.4545497e-01  -2.1713317e-01   2.7116648e-01   2.8979031e-01   3.9453487e-01   0.0000000e+00   1.0843038e-01  -1.2861409e-03   1.7030101e-01  -2.3258744e-01  -4.7479140e-02   1.2660772e-01   8.4697824e-02   1.8588274e-01  -3.2664439e-01   1.3521080e-01   1.8417285e-01  -5.3638399e-02   5.0313845e-01   3.1255599e-01   3.1008139e-01   3.7661154e-01   2.9506881e-02   1.5801589e-02   4.8322045e-02   1.7431129e-01   5.7394326e-01  -6.8511660e-02  -7.1983149e-02   3.9656204e-01  -4.5157632e-01   1.3046146e-01  -3.3547981e-02  -3.6615063e-01   2.5168235e-01   2.9336994e-01  -3.5190806e-01  -4.4940619e-01  -1.5098015e-01   2.4675048e-01  -4.4882333e-02   9.5813789e-02   2.9191422e-01  -1.2545458e-01  -6.1514684e-02  -1.7485857e-01   5.7986463e-01  -2.4487311e-01  -2.7356283e-01   1.9114264e-01  -5.0268867e-02  -9.0065310e-02  -5.3812329e-01   1.8679635e-01  -1.7910831e-01   1.4032400e-01   5.7415655e-01   1.2807633e-01   1.5988258e-01   3.0057210e-01   1.4502334e-01  -1.4203529e-01   2.8490643e-01  -3.1971502e-01  -5.0540211e-01   7.6695151e-02   7.7249129e-01   1.4365153e-01   2.3855996e-01   8.0993983e-02  -3.4944247e-01   3.0444204e-01  -1.3418925e-01   3.2136408e-01   1.0028438e-01  -7.7313350e-02  -2.3451101e-01   3.7516101e-01  -3.2902970e-01   1.4994621e-02  -1.7677493e-02  -2.6295492e-03   9.9837724e-02   6.4388194e-02   1.1949372e-01  -9.7439477e-02  -2.3535463e-01  -1.2133033e-01  -2.0871928e-02  -6.9053523e-02  -2.1949445e-01   2.5128448e-01   1.1063377e-01   1.4972258e-02  -4.7080089e-01   5.7265521e-01   2.0701538e-01  -5.6666038e-04   1.7197752e-01   2.3521257e-01  -5.2286539e-01   2.8167936e-02  -1.7975877e-01   2.4041397e-01   3.3444707e-01   1.4007620e-01   1.4818047e-01   3.4906600e-01  -4.6464319e-01   2.4421430e-01   1.0864933e-01   4.0613253e-01   3.5994611e-01  -1.6562348e-02  -9.5944850e-02  -4.3193184e-01  -1.9789267e-02  -6.1047272e-02   3.2335337e-01   1.9834472e-01  -3.0083582e-02   1.6316084e-01  -3.3583214e-02  -4.0757749e-01  -1.6302023e-01   2.2899829e-01  -3.1234943e-01  -1.3006560e-01   3.1897382e-01   1.2238416e-01   8.8876859e-02  -4.1029219e-01   4.5416373e-01  -4.5808953e-01   4.0177451e-01   5.7914627e-02   1.1901189e-02  -3.6182346e-01   6.4511166e-02  -2.1727245e-01   1.8832008e-01   1.9963756e-01   2.8757160e-01   6.3193758e-01  -3.1093905e-01  -1.1957858e-01  -1.2237877e-01   4.9288647e-01   3.5410741e-01  -3.0000488e-01   2.3013148e-02  -2.1590448e-01   2.2237541e-02  -1.3818593e-01   3.1865728e-01  -1.0810615e-01  -7.4791489e-02   1.7288365e-01   1.4290781e-01   1.3152595e-01   4.0401179e-02   7.8143159e-02   1.0119544e-01   1.7293242e-01   1.2106156e-01  -2.1894651e-01   3.0282019e-01   2.2974182e-01   1.2453260e-02  -1.3711713e-01  -6.1084360e-02  -3.1056412e-01   3.7303513e-01   7.2305403e-01  -1.3648198e-01   7.2634473e-02   2.2612398e-01
  -8.9176878e-02  -1.6430806e-02   1.8642715e-01  -2.2928193e-01   3.9748679e-04   1.0843038e-01   0.0000000e+00   7.9126217e-02   1.0106578e-01   2.9077848e-01  -1.1133013e-01   1.9248151e-01  -3.4996469e-02  -2.4976620e-01   4.2544600e-01   2.1186896e-01  -1.0928770e-01  -1.8072333e-01   1.7668558e-02   9.0718931e-02  -5.1382239e-02  -2.2446703e-01   5.4322501e-01  -6.8626670e-02  -2.4865617e-01  -2.1993050e-02   2.3818776e-01   1.5341146e-02   5.9299340e-02   1.5602045e-01   2.2433976e-01  -1.9752059e-01   4.4886397e-02   7.1086357e-01   6.2106601e-01   3.9171272e-01   2.7577226e-01  -2.5862684e-02   4.6647946e-02   2.2925901e-01   3.4340839e-02   1.2308773e-01   1.2097804e-01  -1.5620803e-01   2.8897157e-01  -8.8420394e-03  -1.5647747e-01   4.2430194e-01  -1.3735100e-01  -2.4304620e-01   1.5808356e-01   5.8445830e-02   2.2349484e-01  -1.0834342e-01   6.8853460e-02  -1.8724973e-01   1.4965777e-01  -1.5849442e-01  -4.5958346e-02   8.3577165e-02  -1.8525078e-01   5.7463071e-02  -1.1310510e-01   1.2857832e-01   1.6338569e-01  -3.1625975e-01  -1.1812936e-01  -2.5462477e-01  -8.1354739e-02   4.3770772e-01  -1.1133677e-01  -2.3434532e-01   4.7470076e-02  -5.6032180e-02  -1.7688154e-01  -1.8657171e-01  -1.4639058e-01  -2.6417101e-01   3.0796919e-01  -2.0646819e-01   5.5869912e-01   5.3372805e-02  -1.9192179e-02  -1.7494244e-01   1.5691823e-01  -9.5625033e-02   3.5750875e-01  -2.1080184e-01   1.7129628e-02  -1.5126621e-01  -6.1662425e-02  -2.3623068e-01   1.3355995e-01   3.1896846e-01  -1.1671585e-01  -7.9878230e-02  -2.1002441e-01   3.9366611e-02  -2.6710188e-01   4.4991343e-01   2.1388233e-01  -7.5751901e-02   3.6809790e-01   1.5644145e-01  -1.2722400e-01  -2.1392521e-01  -2.7141095e-01  -2.0367641e-01   3.0297579e-01  -1.1803997e-01   4.7713327e-01  -2.4709407e-01  -2.2693016e-01  -1.7893458e-01   3.5453895e-01   1.3109873e-01  -2.5747079e-01   1.1125034e-01  -1.3766509e-01  -6.9497603e-02  -4.2953225e-02  -6.0432002e-02  -1.1603868e-02   1.6138595e-01   6.2489327e-02  -6.1025656e-02   5.7775794e-01  -2.0610207e-01  -2.6221843e-01   9.6167057e-02  -6.2005668e-02   4.7928925e-01  -9.4233358e-02   3.8941864e-01  -8.4901459e-02  -1.5543552e-01  -3.2848718e-01   3.9823616e-01  -1.0896790e-01  -7.7353250e-02  -1.1617828e-02  -5.9547343e-02  -2.6753367e-01  -8.6575864e-02   5.9251374e-01  -3.0819700e-02   7.5209244e-01  -1.7434546e-01   2.3814827e-01   3.0003697e-01   3.4269500e-01   2.0213278e-01  -1.2818093e-01   5.6551647e-02  -8.3563827e-02   7.4901851e-02  -1.1820558e-01  -6.7784224e-02  -2.2300827e-01   1.5160551e-01  -2.4098923e-01  -2.9344937e-01   9.8478884e-02  -2.7656211e-01  -1.4702864e-01   2.6746068e-01   1.8042405e-03  -2.0905356e-01  -1.3455624e-01   3.4916680e-02  -1.0859134e-01  -7.6870019e-02  -2.8346844e-01  -2.1266174e-01  -2.0517708e-01   2.0308638e-02  -3.8379530e-01
   3.0415850e-01   2.8282309e-02   8.6912175e-02   5.4977955e-02  -8.7387083e-04  -1.2861409e-03   7.9126217e-02   0.0000000e+00   1.7138796e-01  -5.8086736e-02  -1.3288865e-01   1.0168767e-01   9.3987650e-02   2.2807331e-01  -5.3283530e-02  -1.4725878e-01  -2.3483980e-02  -2.1957383e-01   2.5405846e-01  -2.2296485e-02  -2.4829304e-01   1.9942890e-01   4.4793885e-02   3.3379417e-01  -4.9068207e-02  -1.5651695e-01   1.2692088e-01  -1.6394927e-02   4.6130661e-02  -5.6654055e-02  -1.2877095e-01  -5.0045498e-02   1.3117215e-02   2.9555103e-02   1.0288236e-01  -8.2200724e-02  -9.3375321e-02  -1.8450062e-01  -1.9677949e-01   1.6770212e-02   1.6610129e-01  -1.3652767e-02  -1.9777366e-02   2.2295900e-01   4.7823849e-02   9.6390185e-02  -8.9998984e-02   2.7113505e-02  -9.2473610e-02  -8.1838972e-02  -1.2517071e-01   1.8707546e-02  -1.3549912e-02  -2.1714971e-01  -9.7491043e-02  -2.2130026e-01  -1.9181867e-02  -3.9942007e-02  -3.1456957e-04  -1.8218165e-02   9.0491710e-02  -4.9671482e-02   1.2269220e-01   3.4246537e-01  -1.0393497e-01  -4.7364554e-02   1.4800512e-03  -2.2854753e-02   1.8576450e-01   1.3110553e-01  -4.8183008e-02  -1.0645097e-01   1.8511736e-01   7.8268084e-02  -4.7272514e-02   1.8822717e-01   8.4286971e-02   3.8661556e-02  -2.8588755e-02  -9.8621462e-02   2.1730902e-02   1.3785350e-01  -3.1291313e-01   5.3779589e-01  -1.4813057e-01   1.7200816e-02  -1.7770109e-01   2.1022964e-01   1.1551583e-01   2.0427219e-01  -7.5679992e-02   4.9611143e-02  -6.0660643e-02   1.0717744e-03  -1.2853941e-01  -9.4018629e-02  -9.4583136e-02   2.5714947e-01  -2.0542302e-02   2.2421559e-01   7.6846398e-02  -1.2184597e-01   2.9753708e-01   1.3092560e-03  -1.9371404e-02   2.4848655e-01  -1.3740308e-01   1.2180092e-01   1.6979092e-01  -1.8657941e-01  -1.8405547e-01  -5.5416434e-02  -3.9510598e-02   3.2383789e-01   4.9057661e-02   4.2088547e-02   6.2266333e-02   1.7570934e-01  -3.0253363e-01  -1.0739156e-01   2.1804458e-01  -1.4172462e-01  -2.3424570e-02  -9.5157724e-02   1.3129125e-01   1.8974469e-01  -2.1802116e-02  -1.3629636e-01   2.0890216e-02  -1.6058671e-01  -5.2501855e-03  -8.9505032e-02   4.0431089e-02  -7.6984211e-02  -7.8308142e-02   6.3297614e-01  -1.4614308e-01   1.5626907e-01   1.9193494e-01   2.2194242e-01   3.7710104e-01   1.5005214e-01  -1.9882941e-01  -2.8745614e-01  -5.4209309e-02  -2.3737141e-01   3.9408179e-02   4.7974224e-02   2.0571942e-01  -7.6187154e-02   2.6159995e-01   8.6960085e-02   6.2031552e-02  -9.4716213e-03  -1.1828548e-01   2.5669608e-01   2.5786024e-01  -9.7760337e-02   1.1629437e-01  -9.5501407e-03  -4.4391797e-02  -5.4641094e-02  -7.1162684e-02  -1.1259470e-01  -2.3795727e-02  -3.2503647e-02   5.1485250e-02   1.7736351e-01   1.8639283e-01  -4.0135593e-02   1.2775321e-01   1.2312058e-02  -1.2207990e-01  -1.9058546e-01  -8.0909398e-02   3.2353300e-02   2.8128409e-01
   6.3114334e-02   1.5838861e-01  -9.8138522e-02   4.7974894e-01   3.3655979e-02   1.7030101e-01   1.0106578e-01   1.7138796e-01   0.0000000e+00  -2.1183983e-01  -2.0546690e-01   1.8623883e-01   1.3965176e-01   4.8923831e-01  -1.2794867e-01   1.6739340e-01  -1.5468757e-01  -1.2592005e-01   2.0567703e-01   1.7506565e-01   1.0098221e-01   4.2291773e-01  -1.0311374e-01  -2.3571376e-03   3.2388816e-01  -8.0770599e-02   1.5156770e-01  -3.4774021e-01   7.5659187e-02   4.9496819e-01  -8.7304108e-03  -1.2046101e-01  -8.1085525e-02  -4.3900740e-02   5.5391104e-01  -5.0171126e-02  -1.9969850e-01  -1.4346614e-01   2.2181539e-02   2.3304958e-02  -2.5995293e-02   6.5390655e-02   4.1512225e-01  -9.1712441e-02   2.9738534e-01  -1.6293825e-01   3.3434239e-02   3.2935417e-02  -1.9516625e-02  -1.9082865e-01  -1.4498393e-01  -3.4276004e-01   1.3632977e-02  -1.4338290e-01   2.0155576e-01  -2.3172176e-01   1.2115349e-02   1.0721404e-01   6.0713290e-02   5.3685179e-01  -1.2080672e-01  -4.3788258e-02   5.5568890e-01   2.9637062e-02   1.3718856e-01   1.0848084e-01   8.3694508e-02   4.0071967e-01  -1.5449007e-01  -3.1195985e-01  -7.1135842e-02  -6.9719381e-02   2.3284670e-02   2.2221284e-01   1.6214527e-01   2.1362797e-01  -1.5902269e-01   1.7390051e-01   2.0770076e-01   2.3095636e-01  -1.2514667e-01   2.1003873e-01  -2.8396669e-01  -1.4135500e-01  -1.7123441e-01   8.5050886e-02   3.2726224e-01   2.1994039e-01   1.6196859e-01  -8.2287140e-02   8.1113496e-02  -2.3284782e-01   3.5531735e-02   2.4489764e-01  -1.7956280e-01  -7.1323266e-02   1.8518714e-01   3.6517808e-02   1.8072484e-01   6.5575123e-02  -1.5702588e-01  -2.1931908e-01  -6.1983583e-02   7.3603442e-01   7.7046248e-02   4.4890217e-01   9.7532803e-03  -4.3229766e-02  -1.5398004e-01   6.2261142e-02  -2.9124027e-01   7.2174710e-02   4.5892300e-01   1.6024272e-01  -2.7700692e-01   1.3787797e-01  -1.1086140e-01   1.2863323e-01  -3.3563382e-01  -2.8143607e-01  -1.5174460e-01   7.1380043e-02   5.3371058e-02   3.5606090e-01  -1.0802210e-01   3.3056979e-01   2.7462865e-01   2.8307902e-01   5.7163891e-01  -4.7249658e-01   2.4036236e-02  -7.8615926e-02   1.8220360e-01  -3.4275364e-02   2.6778441e-01   2.3187366e-01   1.3052481e-01  -1.0613002e-01   3.5607054e-03  -1.1459778e-02   2.0551905e-01   8.0436430e-02  -6.4714780e-02  -1.9267259e-01   2.7334052e-02   7.8801303e-02  -8.6656425e-02   1.6951673e-01   6.1036709e-02  -2.5951966e-01  -9.4648616e-02  -7.3468437e-02  -2.2837329e-01  -1.2531773e-01  -9.6888307e-03  -6.3654563e-02  -1.0362739e-01  -3.5643200e-02  -2.0816155e-01  -1.4736688e-01  -1.0022663e-01  -2.6858523e-01  -1.0358399e-01   2.0343579e-01   2.2155517e-02   1.7436763e-01   9.6958948e-02   9.3047544e-02   1.6374992e-01  -1.6062103e-01   1.3522043e-01  -6.3895651e-02   2.8136724e-01   1.2171963e-02   3.1993857e-01   1.4065676e-01   4.0843790e-01
   4.2276442e-02   5.1492035e-02   4.0737804e-01  -4.5178883e-01  -7.3168330e-03  -2.3258744e-01   2.9077848e-01  -5.8086736e-02  -2.1183983e-01   0.0000000e+00  -1.0266496e-01   1.8298384e-01  -2.0256988e-01  -3.2430779e-01   2.3683350e-01  -1.7650982e-01   2.9271721e-01  -2.4912139e-01  -1.9594172e-01  -4.2402163e-02  -3.0279620e-01  -4.0291311e-01   2.0095947e-01   8.7466506e-02  -3.2078875e-01  -1.1252009e-01  -4.4654312e-02  -1.9148641e-02   1.2834253e-01  -5.2942468e-01   1.2700932e-01  -1.8711202e-01  -8.5025908e-02   4.7191627e-01  -1.5301671e-01   1.6298913e-01   2.3870103e-01   7.6480701e-02  -1.2361554e-01   4.2048856e-01  -1.2230707e-01   4.0626642e-02   4.2847119e-02  -2.4800994e-01  -2.6221177e-01   1.6077661e-01  -2.8704926e-01   2.2044136e-01  -1.6597454e-01   3.2527455e-01  -1.2677093e-03   1.2935167e-01   3.8453904e-01   1.3361129e-01   2.8194655e-01  -1.1300377e-01  -1.5822463e-01  -2.2508651e-01  -2.1705151e-01  -2.9490207e-01   1.5189070e-01  -5.2277171e-02  -1.2989064e-01  -7.9099568e-02  -4.9836482e-02  -9.4324373e-02  -1.3314204e-01  -1.6531701e-01  -2.5136237e-01   4.8589670e-01   2.8624963e-01  -2.1864346e-01  -2.0293660e-01  -9.3484400e-02  -1.8043304e-01  -2.6625006e-01   1.1626884e-01  -1.7661772e-01   1.6394138e-01  -2.7341628e-01   1.6359382e-01  -1.9173986e-01   3.3705822e-02  -2.0894261e-01   1.4095909e-01  -2.2896588e-01   1.6669505e-02  -2.3771082e-02   3.3830916e-03  -7.5952387e-02  -3.8389683e-02   2.4442030e-01   3.7293636e-01   8.7800851e-02   1.2683796e-01   8.9862171e-02  -3.3547195e-01  -3.5869734e-02  -3.5044575e-01   2.0653944e-01   4.7145798e-01  -1.7054775e-01   1.8011571e-01  -3.6247309e-01  -3.7268383e-01  -2.3017995e-01   1.1201117e-01  -3.6785824e-01   3.0047172e-01  -6.5275952e-02   3.9293735e-01  -5.0580921e-01  -3.5812741e-01  -6.6696062e-02   2.9502590e-01   1.0252816e-01  -1.8183118e-01  -1.8188458e-01  -1.6154996e-01   2.7289577e-02   1.3558930e-02   3.5247098e-03   1.0014582e-01  -8.0010353e-02   4.9855680e-02  -2.6598071e-01   2.5870056e-01  -2.4891928e-01  -3.7202247e-01   3.7384700e-01  -7.5915951e-02   3.1496771e-01  -1.8497202e-01   2.8384245e-01  -5.6505238e-02  -1.3074142e-01  -3.1637066e-01   2.1721804e-01  -2.6207450e-01   7.7551889e-02   3.8043298e-02  -2.3446477e-01  -4.7628121e-01  -3.1170611e-02   3.0507708e-01  -2.0590069e-01   6.0908456e-01  -2.5471560e-01   1.3409159e-02   3.2770694e-01   1.6905355e-01   1.6027083e-02   1.2485197e-01  -1.4766394e-01   1.6582515e-01   1.6525440e-01   4.1826573e-02  -2.1622716e-01   2.2542121e-01  -6.4955119e-02  -6.9351881e-02  -2.4353151e-01   1.1505842e-01  -3.4621028e-01  -1.5355222e-01   1.3113828e-01  -3.6419379e-01  -2.6075479e-01   3.2756777e-02   3.0541993e-01   3.8252311e-02   6.1766835e-02  -5.9206837e-01  -3.0042223e-01  -2.7261433e-01  -2.9333309e-01  -3.9755195e-01
  -3.0424953e-01  -6.9810617e-01  -2.9557446e-01  -1.4754135e-01  -4.1724448e-01  -4.7479140e-02  -1.1133013e-01  -1.3288865e-01  -2.0546690e-01  -1.0266496e-01   0.0000000e+00  -5.0527147e-01   3.7748819e-01  -1.4234387e-01   5.9875927e-01   4.6405562e-01  -2.6548423e-01   6.6337792e-01  -2.0330642e-01  -4.5825286e-01   5.6600767e-01   1.0328471e-01   5.4262181e-01  -3.5411058e-01   3.1783328e-03   3.9114189e-01  -3.5544812e-01   6.6158726e-01  -5.6664950e-01   1.2201213e-01   5.5102175e-01  -2.6098815e-02   2.0122577e-01  -3.2920259e-01   8.8695514e-03   1.6923020e-01   1.3097682e-01   4.2121387e-02   3.9612840e-01  -4.2898478e-01   3.6195177e-01   3.5196140e-03  -5.0897300e-01   4.1459734e-01  -6.2464309e-02  -1.3196131e-01   5.3356274e-01  -3.3954849e-01   1.3695012e-01  -3.9143896e-01   6.6456125e-01   3.9966765e-01  -3.9464314e-01   1.6018176e-01   2.7111623e-01   6.3629496e-01  -4.3150619e-02   9.7617602e-02   3.9595764e-01  -4.1011468e-02  -2.1281749e-01  -5.9156962e-02  -4.4003308e-01   5.1763084e-01   3.6985005e-02  -4.4055283e-01  -1.6840071e-01  -2.0598420e-01   5.6713882e-01   6.2151955e-02  -5.5341672e-01   4.4114039e-01   2.1216033e-01  -3.5614324e-01   2.1500003e-02   4.7811552e-03  -1.2424317e-01   2.4741251e-02  -5.2334860e-01   2.6855211e-01   5.3255545e-01   2.6826740e-01   5.6050510e-01   1.4598612e-01  -6.5490832e-02   1.9346289e-02   1.0136708e-01  -1.9311122e-01  -5.3923085e-01  -4.0128009e-01  -5.0724317e-01  -2.8601815e-01  -7.3052652e-01  -9.1158457e-02   7.8982858e-02  -3.9456615e-01   1.4657821e-01  -1.6191047e-01   1.3386261e-01   2.1550221e-01  -3.5262885e-02   7.2142941e-01   3.8813693e-01  -6.6598373e-02   3.4389675e-01  -3.4790974e-01  -2.0341381e-01   2.4941612e-01   1.3979579e-02  -4.3676963e-01   3.7643672e-01   2.5821986e-01  -7.4468592e-02  -2.3461137e-01   5.3458122e-01  -5.6587723e-01   2.4408358e-01   3.1826425e-01   5.2710205e-01   2.6225316e-01  -2.4935010e-01  -5.5468804e-01  -3.9219397e-01  -3.5723789e-02  -2.9266945e-02  -1.5329891e-01  -1.3607294e-01   4.6111560e-02  -1.1435292e-01  -6.1450400e-02   8.3563991e-02   3.3814919e-01  -5.1936854e-01   3.3394954e-01  -7.2356022e-02  -1.8441855e-01   5.9631857e-02   3.9960920e-01   9.7927089e-02  -1.5898045e-01  -1.9686671e-01   2.2775816e-02   5.4696218e-01   1.7693926e-01   3.7581574e-01   6.0814928e-01  -1.0164360e-02  -1.0148383e-01  -5.9325246e-01   4.4565319e-01  -9.1128077e-02   5.5746622e-01  -2.6906478e-01   7.1913591e-01  -4.8333576e-01  -2.2723850e-01  -1.8688335e-01   4.5231449e-01  -1.4650987e-01   5.7641182e-01  -1.4254661e-01   6.4873061e-01   4.1411087e-01   5.6865459e-01   1.5352137e-01  -5.8377568e-01   2.6574088e-01  -2.0961440e-01  -3.6182439e-01  -3.4110101e-01  -6.9541107e-01  -1.1454865e-01   3.1719884e-01  -5.7417503e-02  -1.7822144e-01  -1.0451116e-01  -3.7309256e-02
   1.4674847e-01   5.8579671e-01   5.8651928e-01  -2.7934108e-02   5.1108082e-01   1.2660772e-01   1.9248151e-01   1.0168767e-01   1.8623883e-01   1.8298384e-01  -5.0527147e-01   0.0000000e+00  -7.4046152e-02  -5.4170393e-02  -2.8635564e-01  -1.2822785e-02   4.0068611e-01  -5.0727816e-01   1.1523406e-01   4.5095496e-01  -5.0108558e-01  -1.8474647e-01  -4.2640358e-01   1.0274889e-01   3.9564967e-02  -2.7830822e-01   4.4614983e-01  -4.0999988e-01   7.6236548e-01  -2.7031345e-02  -3.1619242e-01  -7.3782545e-02  -2.6862863e-02   2.3466769e-01   1.8368061e-01  -2.9559709e-02  -3.2859246e-01  -3.2163091e-01  -2.5841554e-01   4.5750856e-01  -1.3982482e-01   2.1347293e-01   6.7428425e-01  -2.5166963e-01   2.2491688e-01  -2.0023675e-01  -2.6696389e-01   1.7371367e-01  -1.1033852e-01   5.0966714e-01  -4.6640390e-01  -2.9898272e-01   2.3921067e-01   2.1272799e-01  -1.3219246e-01  -2.9302693e-01   5.2146181e-02  -5.1337944e-02  -1.1083173e-01   3.2977111e-01   2.0056283e-01   3.1711654e-01   5.3083971e-01  -1.8036877e-01  -6.8677972e-02   4.9532724e-01   1.2042392e-01   1.9570288e-01  -2.6080814e-01   1.0746738e-01   4.2557278e-01  -2.2347281e-01  -1.8206573e-02   3.2427314e-01   2.1284311e-02  -1.1005211e-01  -1.6097693e-01   2.6128672e-02   4.1472513e-01   6.9060492e-03  -3.3431077e-01   1.1731464e-01  -1.8820048e-01   7.8019088e-03   9.6796358e-03   5.8931776e-02  -1.8019654e-01  -1.6793621e-02   4.6272098e-01  -1.5665430e-01   4.7380861e-01   2.3174448e-01   7.1088358e-01   4.0371678e-01  -3.8142952e-01   4.0202417e-01   3.6269965e-03   1.0821892e-01  -3.7767054e-02  -2.2475674e-01  -2.2919809e-02  -3.7465131e-01  -3.4348072e-01   2.9284352e-02  -1.9784467e-01   1.3864786e-01   3.1521347e-01  -1.1747142e-01  -9.6004939e-02   1.5833772e-01  -1.4798776e-01  -8.1399001e-02  -1.2611771e-02  -2.4315891e-02  -3.1994719e-01   4.1699776e-01  -1.6707737e-01   7.1203787e-02  -3.0889144e-01  -9.3005765e-03  -3.5930063e-02   6.4623168e-01   6.0731234e-01   1.7700299e-01  -1.3252760e-01   1.5491390e-01   2.2037265e-01   2.8402374e-02  -6.7981602e-03   2.4363770e-01   8.0293547e-02  -2.0340143e-01   5.1954549e-01  -3.0667274e-01   1.1596070e-01   2.0034360e-01   2.7385167e-02  -2.1500902e-01  -5.5255544e-02  -1.8844435e-01   2.4618645e-01   1.1140719e-01  -4.0432420e-01   7.4440515e-02  -1.9456379e-01  -4.4249440e-01   2.5548208e-01  -4.6110941e-02   3.4737737e-01  -4.2103694e-01   1.5204011e-03  -4.6505862e-01   1.3091329e-01  -3.8045330e-01   6.3617094e-01   9.0988015e-02  -7.6525959e-02  -5.2223128e-02   1.6337327e-01  -3.3957745e-01   4.5028322e-01  -4.5053198e-01  -4.1276715e-01  -3.9390734e-01  -8.2189788e-02   6.1753558e-01   1.6203862e-01   1.4398357e-01   2.2844499e-01   1.6034776e-01   6.8900684e-01  -2.0480074e-01  -2.1098037e-01   1.8215700e-01   9.4015610e-02   2.1040772e-02   6.4358972e-02
  -3.8786700e-05  -2.5248539e-01  -1.9323403e-01   3.8654812e-02  -1.1781782e-01   8.4697824e-02  -3.4996469e-02   9.3987650e-02   1.3965176e-01  -2.0256988e-01   3.7748819e-01  -7.4046152e-02   0.0000000e+00  -3.0184285e-02   2.7943591e-01   3.8825562e-01  -2.0757380e-01   2.2209607e-01   5.7075548e-02  -6.2006515e-02   1.2662218e-02   9.5688783e-03   1.0876703e-01  -8.7680942e-02   2.4178890e-01   1.2937889e-01  -1.9549679e-01   1.3601891e-01  -2.0415422e-01   4.8072757e-02   1.0681821e-01   7.1105190e-02   1.5066635e-01  -1.6496322e-01   2.0862090e-01   1.4831044e-01  -3.5525719e-02   6.2344370e-03   2.0514395e-01  -2.5464564e-01   8.1490427e-01   3.7851021e-01   9.5527906e-03  -4.6080155e-03   3.1774588e-02  -7.7289400e-02   3.5147570e-01  -2.3659112e-01  -2.5452278e-02  -2.1252231e-01   3.2814079e-01  -2.3937461e-02  -1.9633996e-01   3.4853984e-01   5.0938813e-02   2.0942252e-01   2.2713295e-01   1.5517449e-01   5.9427145e-01   1.7173988e-01  -1.3091921e-02   2.1435706e-01  -4.1980424e-02   9.6916972e-02   2.4137559e-02  -2.3824746e-01   7.2098301e-03   3.6751769e-03   2.7888579e-01  -1.6773457e-02  -2.3173372e-01   1.7497768e-01   6.3596192e-01  -4.4268874e-02   2.8838692e-01   6.9555917e-02   9.3596041e-03   2.5054987e-01  -2.2067800e-01   4.8594397e-01   1.5696685e-01   6.0477545e-01   1.1060792e-01   1.2023836e-01  -1.4265254e-01   2.0393234e-01   1.8196337e-02   8.0858537e-02  -1.5714108e-01  -1.9771863e-01  -3.0510903e-01  -1.0576522e-01  -2.7373463e-01  -5.8815043e-03   3.9704540e-03  -1.2578250e-01   5.6989553e-01   1.7090706e-01   3.7309634e-01  -4.2117178e-02  -4.9721851e-02   2.2821507e-01  -2.1227207e-02   6.1481933e-02   2.9234587e-01  -5.8835556e-02   1.2730932e-01   3.8959053e-01   1.1390772e-01  -4.0168921e-01   7.7950621e-02   1.6355158e-01   6.5371335e-02   4.7970476e-02   5.0639634e-02  -2.6924850e-01   2.0930368e-01   7.9425290e-01   4.7596202e-03   2.2390288e-01  -1.0732172e-02  -2.5994617e-01  -1.0152744e-01   2.2886645e-02   4.6865444e-02   2.0774515e-02   3.2895011e-02   3.1400554e-01   1.3550984e-01  -2.8275884e-01   5.7487607e-01   1.2078140e-01  -1.8290298e-01   4.7818974e-02   1.6367817e-01   1.4235403e-01   3.8404183e-01  -6.3883355e-02   1.6246484e-01  -6.2707276e-02   5.0682207e-02   6.1464724e-01   3.4949674e-01   1.9850882e-02   2.1769420e-01   1.7186048e-01  -9.0432563e-02  -1.6501310e-01  -3.3592876e-01  -6.7643171e-02   1.0883774e-01   9.8165467e-02   9.2915281e-02   2.7793937e-01  -2.8035789e-01  -7.1742009e-03  -1.1233449e-01   5.8665665e-01   6.4342897e-02   1.4090226e-01  -9.3427810e-02   2.7918675e-01  -1.1661560e-01   1.5799994e-01   9.8057321e-02  -2.6047253e-01   2.3360068e-01   1.8639928e-01   7.2435163e-02  -1.7981208e-01  -3.2817340e-01   4.5106597e-02   1.9936305e-01  -1.9320130e-02   9.9703947e-02   1.2171034e-01   6.4925116e-02
   3.7590780e-01  -3.2762520e-02  -1.3037487e-01   4.3009760e-01  -1.1534899e-01   1.8588274e-01  -2.4976620e-01   2.2807331e-01   4.8923831e-01  -3.2430779e-01  -1.4234387e-01  -5.4170393e-02  -3.0184285e-02   0.0000000e+00  -3.1582954e-01  -1.6023354e-01  -1.4672999e-01  -1.7601015e-01   2.0309132e-01  -3.5471951e-02   1.9485904e-01   6.0448703e-01  -1.5757984e-01   2.7443987e-01   2.8786205e-01   7.7139894e-02   8.7063098e-03  -1.6329369e-01  -4.3920791e-02   3.5625799e-01  -2.3654464e-01   7.2825365e-02  -1.9500029e-01  -3.5491518e-01   1.2067699e-01  -2.6808911e-01  -3.4557997e-01  -1.1873447e-01  -2.9808310e-01  -2.0884003e-01  -1.7818190e-01  -2.3049493e-01   7.9785117e-02   4.1055451e-02  -5.1900566e-03   2.3456734e-01   1.2908506e-01  -2.6024707e-01  -2.6982132e-01  -1.5493743e-01  -1.7849965e-01  -1.4729462e-01  -2.7931324e-01  -2.3733109e-01  -4.1810541e-02  -9.4353115e-02   3.3082431e-02   2.5075023e-01  -3.1328865e-02   4.8786262e-01   7.9554169e-02  -2.8921213e-01   2.6593414e-01  -4.7063051e-02  -1.8579629e-01   6.9244199e-02   1.1448459e-01   2.1292097e-01  -1.6522987e-02  -2.2166958e-01  -1.9106448e-01   1.1860108e-01  -2.0136095e-01   3.5917059e-01  -9.5829377e-02   1.2818708e-01   9.7796382e-02   2.4595885e-01  -2.8742448e-01  -2.4120848e-02  -2.0758661e-01  -9.7555677e-02  -1.7968062e-01   9.0421072e-02  -1.5865638e-01  -1.8091368e-02   4.2748678e-02   1.6246743e-01   3.3454235e-04   2.6191345e-01  -1.2785295e-01  -6.9034170e-03  -1.0601070e-01  -4.8651667e-02   1.2387776e-02  -1.2807607e-02   6.1902568e-02   8.0436302e-02  -6.7294409e-02   9.0001254e-02  -1.6863521e-01  -4.7010557e-02  -2.3449419e-02   5.4782269e-01   2.6101907e-01   3.8619015e-01  -1.6005022e-01   8.3706963e-02  -2.4723705e-01  -3.7941353e-02  -3.5996167e-01   4.2614437e-01   4.0393844e-01   4.6961381e-01  -2.6262611e-01  -2.0101375e-01   1.2303956e-01  -8.2540923e-02  -2.2389605e-02  -1.3010171e-01   1.8823256e-01  -9.3887036e-02  -1.4222736e-01  -5.7898734e-02   1.4127332e-01   5.5247064e-01  -1.8901222e-01  -7.5316260e-02   3.9559502e-01  -2.9199871e-01  -2.3725819e-01  -3.9847499e-01   3.7360396e-01  -3.0413105e-01   2.3899187e-01   2.5309950e-01   2.4828101e-02  -2.7389780e-01   9.6260425e-02   1.7959741e-01   3.3769804e-01  -1.4952119e-02   8.0565856e-02  -9.6703510e-02  -2.3803935e-01   1.8849435e-02  -4.0495742e-01   1.1396533e-01   1.1841822e-01  -3.1437939e-01   5.8886831e-02   4.3137765e-02  -8.4185090e-02  -1.4629728e-01  -1.3296249e-01   1.2213811e-01   2.8569357e-01  -1.5756635e-01  -7.5438560e-02  -3.9484854e-02  -5.6806053e-02  -4.8400984e-02  -1.1801793e-01   1.6660406e-01   1.8825034e-01  -2.1023251e-01   1.2808267e-01   1.8064895e-01   1.6593602e-01  -3.2024408e-01   1.6304170e-02   4.7055589e-02   2.0499242e-01   1.2472480e-01   2.3187658e-01   2.8031172e-02   5.4367341e-01
