   0.0000000e+00  -4.1172494e-01  -2.4102772e-01  -1.3869559e-01  -3.3290869e-02  -2.2864986e-01  -7.1683790e-02  -6.9722036e-02  -1.4949687e-01   9.6000850e-02   5.5895684e-02  -3.4940486e-01   1.2593518e-02   3.1099786e-01   3.1682680e-01  -1.9557977e-01  -2.2070423e-01   1.6923502e-01  -2.1680276e-01   8.4432825e-03   4.5574830e-02   9.5122146e-02   1.7682362e-01   7.6651041e-01  -1.2972336e-01   8.9796324e-02  -3.6926887e-01   5.2307358e-01  -2.0055754e-02  -6.3410279e-02  -5.3179671e-03  -1.3476514e-01  -1.4561432e-01  -3.1025294e-02  -4.6690006e-02  -8.7194007e-02   1.0239501e-01   6.4655970e-01  -2.1749136e-01  -4.4621799e-01   9.1619624e-02   1.0962989e-02  -2.2319098e-01   1.0749856e-01  -1.9534231e-01   5.8229073e-01  -1.1366114e-01  -3.7846251e-01  -3.5127763e-02  -3.8928513e-01   2.6690492e-01  -2.2340256e-01  -1.7459547e-01  -2.2571605e-01   2.1250631e-01   1.1576946e-01  -1.1165990e-01  -5.6671247e-02   2.2737221e-01   4.1272082e-02   5.3976924e-01  -9.4517208e-03  -3.1765162e-01   2.0092409e-01  -2.3726854e-01  -2.1635567e-01  -3.1416680e-01   2.6161264e-02   2.8529687e-02  -5.9891912e-02  -4.4085602e-01   2.3719797e-03  -2.0064443e-02   6.0219105e-01  -2.0051882e-01  -3.4329509e-01   6.4244737e-01   5.3692395e-03  -2.2971747e-01  -9.2723096e-02   3.2834841e-01   7.0720446e-02  -2.6189699e-01  -8.6875158e-03   6.3127347e-01  -1.7621848e-01  -1.7336166e-01   6.1805897e-01  -7.8545683e-02   7.8442664e-01  -2.8208135e-01   2.1876925e-01  -3.1322362e-01  -3.3685414e-01   2.7085614e-01   5.5658847e-02  -1.3516298e-01   3.7613527e-02   4.1087976e-02   7.1774334e-02   2.9725150e-01   2.7155601e-01  -9.1689546e-02  -5.1200990e-02   1.5379017e-01  -1.7581147e-01  -2.0213371e-01  -2.0052475e-01   1.9615974e-01  -4.4882416e-02  -2.6593488e-01   2.6268822e-02  -1.7326930e-01   8.2636547e-01   1.1550475e-01  -2.0212997e-01   9.9479701e-02   2.4853197e-02  -8.4056339e-02  -3.4074942e-02   4.7881340e-01  -3.5500190e-01  -2.8856389e-01  -8.2321689e-02   6.8361467e-01   3.6689890e-01   1.1756431e-01  -3.4116678e-01  -1.8330992e-01  -3.3047879e-01   2.6285232e-02  -1.8035140e-01   5.8821669e-01  -2.2551140e-02  -2.6789799e-01  -8.5430588e-02  -1.4854097e-01   1.0847415e-01   8.0695251e-02   3.8924227e-01   8.6956451e-01   5.9049588e-02   1.4364124e-01  -3.8549656e-01   1.8299321e-01   7.4834165e-03  -2.1426970e-01  -3.0586120e-01   8.7042779e-03  -1.8099805e-01   2.9566263e-01  -4.1845556e-02   3.1817165e-01  -1.8328204e-01  -3.5065000e-01   2.5600429e-01   3.7483387e-01   2.1280195e-01   2.8024929e-01  -8.3098904e-02  -2.7467285e-02   1.9501259e-01   7.9139266e-02   3.6173605e-03  -2.7852097e-01  -2.8697708e-01  -1.3597975e-01   1.6580268e-01   4.6832575e-01  -3.7505800e-01  -2.2516370e-01   1.7960458e-01  -8.8465154e-03  -9.2215561e-02  -2.4986260e-01  -1.0261036e-01  -1.6902560e-01
  -4.1172494e-01   0.0000000e+00   6.8860475e-01   1.0318937e-01   3.5904167e-01   2.4811061e-01  -1.8929781e-01   1.3433174e-01   4.5597921e-01  -1.4615546e-01  -6.0071916e-01   7.8366344e-01  -1.6605284e-02  -2.3146671e-01  -2.1898454e-01   7.6770326e-02   6.2155623e-01  -5.3783061e-01   4.5687384e-02   2.5288049e-01  -6.0030640e-01  -4.0692845e-01  -5.5375506e-01  -5.0672742e-01   2.4307105e-01  -7.8907687e-02   2.8461848e-01  -5.7917685e-01   1.2891517e-01  -1.8801086e-01  -4.4679432e-01  -1.1109368e-01  -1.4940172e-02  -1.2974658e-01   9.5153928e-02  -1.3572334e-01  -3.8248365e-01  -4.1979532e-01  -1.8847150e-01   8.0183371e-01  -4.1118002e-01   1.3974795e-01   6.3392802e-01  -3.6797056e-01   5.3899493e-02  -2.8917380e-01  -3.6423406e-01   8.1011759e-02  -6.7988720e-03   7.2422320e-01  -6.2554615e-01   4.0695457e-02   5.8931375e-01   2.6099586e-01  -3.0539534e-01  -2.6135249e-01   1.0213923e-02  -1.4872690e-01  -4.3907386e-01   7.4268924e-02  -2.6772988e-01   2.0209513e-01   8.7230101e-01  -2.2833703e-01   9.8228071e-02   6.9456990e-01   1.2474036e-01   1.7390847e-01  -5.2934836e-01   2.1012868e-03   8.0416211e-01  -2.2070580e-01  -3.0385169e-01  -8.3423503e-02   4.2262622e-01   5.3616839e-01  -4.2234974e-01   8.0602937e-02   6.3115268e-01  -9.8094121e-03  -6.6183800e-01  -1.5596096e-01   6.9983750e-03  -2.8513112e-02  -3.2220726e-01   3.5235154e-01  -3.2707066e-02  -4.3835145e-01   5.2129204e-01  -4.6979604e-01   7.1657946e-01   9.9794600e-02   7.6977075e-01   2.3144327e-01  -3.7332670e-01  -4.5024281e-02  -1.1535071e-01  -6.9274168e-02  -1.2288896e-01  -3.0456899e-01  -3.3800718e-01  -5.1410551e-02  -3.2225258e-01  -1.9314757e-01  -5.7785029e-01   3.8767769e-01   4.0360301e-01  -1.4886803e-01  -2.5775150e-01  -4.4206515e-01   6.2147836e-01  -4.0778201e-01   1.9797051e-01  -2.6011972e-01  -3.7479308e-01   6.4486349e-01  -1.9727701e-01  -1.3865543e-01  -3.0499766e-01  -2.4236071e-01  -4.6808936e-01   7.4634844e-01   6.8925337e-01  -7.0637365e-02  -4.3181197e-01   1.3002756e-01  -5.4356868e-01   5.1563800e-01   2.1803994e-01   4.2606870e-01  -3.5942832e-01  -1.7128751e-01  -1.3023798e-01  -4.4797399e-01   2.4014761e-02   3.3096007e-01   2.5256133e-01  -3.9733543e-01  -5.4743640e-02  -3.8639129e-01  -4.8925589e-01   9.4808339e-02  -1.9540494e-01   4.6959152e-01  -1.3512135e-01  -2.3139048e-01   5.3421474e-01   1.7313557e-01  -1.0790965e-01  -1.2267621e-01  -9.5245840e-02  -4.6221237e-01  -1.4862575e-01  -3.0638318e-01   8.5131892e-01  -4.1034613e-01  -4.9378597e-01  -3.0602516e-01  -1.7713729e-02  -4.2980174e-01  -1.5871342e-01  -6.8495675e-01  -1.0932302e-01  -2.1125117e-01   9.2590485e-02   7.4358301e-01  -6.9442078e-02  -1.2926176e-01  -2.0307996e-01   5.8083932e-01   6.5198499e-01  -3.6497754e-01  -3.3891929e-01   3.1640514e-01   1.9385266e-01   7.5640607e-02   8.8036808e-02
  -2.4102772e-01   6.8860475e-01   0.0000000e+00   9.1953990e-02   3.7778198e-01   4.9817935e-01  -1.2643941e-01   1.2238103e-01   1.0455088e-01  -8.7301570e-02  -5.5794047e-01   8.1364595e-01  -2.0616481e-02  -2.8488572e-01   6.9292620e-02   1.8436663e-01   9.0348541e-01  -5.6155301e-01   1.1430685e-01   3.8982692e-01  -7.5279261e-01  -4.4262362e-01  -5.2772153e-01  -3.9792642e-01   2.2496901e-01   4.8854029e-02   2.7020598e-01  -3.3403977e-01   1.5572546e-01  -4.0455731e-01  -6.0155487e-01   1.2399712e-01   6.7310711e-02   8.3642690e-03  -1.2829403e-01  -1.2180389e-01  -3.8087835e-01  -3.4443842e-01  -2.3070718e-01   8.8590596e-01  -3.7218543e-01   4.0772351e-01   7.4660320e-01  -2.4887805e-01  -1.0475490e-01  -8.1675831e-02  -3.3849049e-01  -3.7650301e-01  -8.3002931e-02   8.3314723e-01  -4.5282746e-01   2.3588776e-01   2.2586120e-01   5.0273430e-01  -2.4326378e-01   3.3933217e-02   1.4803098e-01   7.3547608e-03  -3.5191815e-01   1.9436656e-01  -5.9039147e-02   2.2592028e-01   7.9903205e-01  -5.1540760e-01  -3.6475813e-01   7.7874993e-01   1.7011111e-01   1.5391503e-01  -2.4803587e-01   2.4843287e-01   7.5106446e-01  -1.8364067e-01  -3.5915850e-01   1.5773737e-01   3.9366091e-01   2.9552556e-01  -1.3564096e-01   1.0281763e-01   5.4180160e-01   5.2709298e-03  -3.9082635e-01  -2.3566196e-01   9.3007582e-03  -3.9826130e-02  -1.2096301e-01   4.1954202e-01  -3.5245450e-01  -2.7145419e-01   4.7569358e-01  -2.7562147e-01   6.5312616e-01   4.9185073e-01   8.1557744e-01   2.0721569e-01  -3.9148212e-01   1.0470388e-01  -7.2703528e-02   1.2844642e-01  -9.3038392e-02  -2.2123778e-01  -1.9452950e-01  -2.8942579e-02  -3.5714431e-01  -5.9716722e-01  -5.3928789e-01   3.1956017e-01   6.5472155e-01   4.8540551e-02  -1.2469258e-01  -5.3636216e-01   7.2110813e-01  -2.3028784e-01   1.6122171e-01  -7.3644661e-02  -2.4186379e-02   4.6985246e-01  -6.3343883e-02  -1.2188169e-01  -1.1686986e-01  -3.8763227e-02  -4.4352030e-01   6.1122890e-01   7.5674084e-01  -3.5849712e-01  -1.0632983e-01   2.6023661e-01  -4.5616778e-01   4.2420012e-01   1.7176598e-01   5.1496438e-01  -5.2342666e-01  -4.2481001e-01  -1.1755351e-01  -6.6373165e-01   1.8556059e-01   2.1762837e-01   3.8665293e-01  -5.4877523e-01   1.9118074e-01  -4.2976872e-01  -4.1148211e-01   1.4832355e-01  -2.2918491e-01   6.4999734e-01   2.0764781e-02  -4.5934819e-01   7.5161141e-01   5.5477340e-02  -2.4786284e-01  -5.1194431e-01   3.0603383e-01  -6.6156574e-01   1.1388043e-01  -4.1887272e-01   8.9209593e-01  -6.5453639e-01  -5.4930342e-01  -1.3369099e-01   2.7799875e-01  -1.2112486e-01  -1.7907256e-01  -5.5926895e-01  -7.6924761e-02  -3.8370464e-01   2.3770537e-01   6.6419097e-01   5.9247786e-02  -1.1797722e-01   5.2568673e-02   4.5253047e-01   5.8996487e-01  -4.8935630e-01  -5.1460490e-01   4.7608835e-01   1.6582744e-01   1.2314195e-01   1.4906383e-01
  -1.3869559e-01   1.0318937e-01   9.1953990e-02   0.0000000e+00   3.1867877e-02   1.2442890e-01  -1.2119092e-01   2.2102115e-01  -1.2430964e-01  -1.7332442e-01  -8.2585888e-02   9.9636300e-03   3.6409182e-01  -1.2245597e-02  -3.9499533e-02   1.0807669e-01   1.0370330e-01   2.3558982e-01  -9.8789655e-02  -7.6045019e-03   1.2101349e-02   2.3887501e-01   1.9850012e-02  -2.7675778e-04   1.8911255e-01   3.6037277e-01   1.2308538e-01  -2.0136642e-04  -2.6889251e-01   1.6325264e-01  -7.9211150e-02   4.2447524e-01  -1.4207526e-01  -1.9738738e-01   3.1255321e-01  -4.5616296e-01  -1.2334321e-01  -9.5417943e-02   2.9378421e-02   7.8298138e-02  -1.1008147e-01  -4.0203729e-02   1.0848071e-01  -4.4933959e-02  -1.6499197e-01   2.4198475e-01  -2.0247940e-01  -1.6215322e-01   1.0848710e-01   1.3177399e-01  -1.0334474e-01   2.3542933e-01  -1.6236558e-03  -9.0300890e-02   6.9851152e-02  -2.6721478e-02   3.6826752e-01   2.5899813e-01   3.9368213e-02   2.4835583e-01   7.9879399e-02   5.4846186e-01   7.3661517e-02  -5.3930531e-02   1.3923346e-01   1.0944482e-02  -1.1177049e-01   3.4995903e-01   2.3594364e-01  -3.4211311e-03  -5.1538198e-03   3.7700332e-01  -2.2585889e-01   5.8653240e-02   1.4522823e-01   1.6210862e-01   2.4780383e-01   3.3812556e-02  -3.0993862e-01   2.4653763e-01   2.5495031e-02  -3.9716681e-01  -3.7643821e-01   2.6244523e-02  -4.8551183e-02   1.5727569e-01  -7.0857934e-02   9.3999263e-02  -3.5999206e-02  -4.1985550e-02   6.9409832e-02   1.3781902e-01   7.6411555e-03   1.7274363e-01   1.0589115e-01  -1.2529422e-01   2.7220876e-01   3.8622569e-02  -2.3875614e-01  -1.1228004e-01  -1.4098041e-01  -1.1527614e-01   1.2891498e-01  -1.0333985e-02   1.1861542e-01   8.4250347e-01   4.3598026e-02   1.5899374e-01  -1.1248978e-01  -3.3293552e-02   2.2160252e-02   4.1317338e-01   8.5332063e-01  -5.9735154e-02  -2.4897692e-02  -1.9838614e-01  -2.0475739e-02  -2.1265475e-01  -2.6627007e-01   4.3627365e-01   2.2521116e-01   1.3590482e-02   2.8477317e-01  -2.0670347e-01  -1.3341342e-02   1.6026014e-01   1.1561162e-02   7.1696407e-02   4.0553280e-01  -4.2044832e-02  -2.6388389e-01  -2.5655736e-01   1.5601261e-01  -7.9871884e-02   3.3299630e-01   1.0692973e-01   2.2597416e-01  -8.8603175e-02  -8.8526262e-02  -2.8160417e-01  -1.4822710e-01   2.4026263e-01  -1.7129685e-01  -2.6442452e-01   2.0812162e-02   2.2482301e-01  -5.0128649e-02   8.7300413e-02   2.9916775e-02  -5.1842580e-02  -3.1895884e-03  -7.5887422e-02   2.4891149e-01  -3.4127968e-01   3.4103815e-02  -1.1581014e-01  -1.3573379e-02   8.8474686e-02   2.3483607e-01   2.2642335e-01   1.3901121e-01  -1.3444875e-01  -1.4938014e-01   5.2950104e-01   9.1933866e-02  -6.8421107e-02   3.6249311e-02   1.6839472e-01   1.6468864e-01  -1.9630999e-01  -6.1802899e-02   1.0526769e-01   3.1105693e-01  -1.5950182e-03  -6.8913309e-02  -2.9923461e-01   4.3368486e-01
  -3.3290869e-02   3.5904167e-01   3.7778198e-01   3.1867877e-02   0.0000000e+00  -2.4097980e-02  -1.0739031e-01  -3.1754824e-02   2.5845402e-01   9.4040832e-02  -4.6841446e-01   3.9667186e-01   1.0034707e-01  -9.8700749e-02   2.9200692e-02  -3.4856401e-01   3.5716991e-01  -3.8390916e-01   8.6668709e-02   8.3193005e-01  -3.6356002e-01  -3.2364846e-01  -4.3942509e-01  -2.0767602e-01   2.2833394e-01  -9.6719149e-02   3.4555923e-01  -1.5088355e-01  -9.2595396e-03  -3.4148312e-01  -3.3661948e-01  -7.4721734e-02  -7.1502930e-02  -6.7157216e-02  -2.1458993e-01   2.1564901e-02   1.5978640e-01  -1.4564366e-01  -2.7822141e-01   4.2078776e-01  -9.4875945e-02   9.0107242e-04   3.9112277e-01   4.6695033e-02  -2.4426889e-01  -2.3636034e-01  -6.2736409e-01   4.3987589e-02   3.4181489e-01   2.1931025e-01  -5.1900909e-01  -1.0519021e-02   3.8990091e-01   1.3863908e-01  -2.6901559e-01  -9.4993674e-02  -3.4441446e-01  -1.3549677e-01  -1.5657261e-01   2.4383663e-01   3.2288440e-02   2.4963036e-01   3.6452773e-01  -2.1168815e-01  -1.9979720e-01   2.2452185e-01   2.4606232e-02   5.8822322e-01  -3.4902166e-01   1.4684324e-01   2.6781192e-01  -2.4257722e-01  -2.4945891e-01   1.3504606e-02   3.1700971e-02   1.0514169e-02  -1.9595620e-01  -7.3354323e-02   3.5459885e-01  -1.7219179e-01  -2.3942422e-01  -3.8758758e-01  -7.2082439e-02   1.2711032e-01  -2.2067180e-01   5.3472295e-02  -2.5802529e-01  -3.7713585e-02   4.8014516e-01  -3.2017432e-01   3.9719042e-01   1.4006124e-01   3.8519717e-01  -2.1701274e-02  -1.3334690e-01   4.4269409e-01  -4.5554390e-01  -5.6715048e-02   1.9410842e-01  -2.6632725e-01  -2.8946567e-01  -1.5073754e-01  -3.0852102e-01  -3.1246902e-01  -4.8466499e-01   2.5557511e-01   3.4675240e-01  -1.9258066e-01   2.6718772e-01  -3.8821548e-02   2.7820213e-01  -3.1926400e-01   1.4218918e-02  -7.2123221e-02  -2.7033486e-01   4.5247985e-01   9.4334877e-02  -1.2664164e-01  -3.8058863e-02  -1.0813986e-01  -2.9882534e-01   3.1497432e-01   3.4069421e-01  -2.2769951e-01  -1.9432013e-01   1.1636445e-01  -4.6558137e-01   2.1845461e-01  -1.2783660e-01   2.2187943e-01  -1.9031054e-01  -1.9447035e-01  -8.0792955e-02  -4.5844902e-01  -2.0897480e-01  -1.0226615e-01   7.9209617e-02  -2.3857695e-01  -1.8164967e-01  -1.6432498e-01  -1.5236874e-01   6.3812264e-01  -2.6782937e-01   2.6105547e-02  -1.8435660e-01  -3.6837039e-01   3.1711558e-01   1.3230859e-01  -6.8239417e-02  -3.4631311e-01  -2.5983618e-02  -3.1126218e-01  -1.1540614e-01  -4.3676943e-01   4.1704281e-01  -2.5292339e-01  -2.6958924e-01  -2.6790927e-01   1.7723364e-01  -2.0531256e-01  -1.1696445e-01  -3.7792623e-01   2.7145585e-01  -1.2591011e-01  -1.9523177e-01   4.9329313e-01  -2.6464397e-01  -2.7420628e-01   5.3439819e-02   3.3123122e-01   4.3962529e-01  -1.0711286e-01  -8.3532472e-02   1.8589028e-01   4.6816641e-03  -2.0736784e-01  -1.8190544e-02
  -2.2864986e-01   2.4811061e-01   4.9817935e-01   1.2442890e-01  -2.4097980e-02   0.0000000e+00   6.0397172e-02   4.2208968e-02  -4.5245431e-02   2.6902628e-02   4.8784545e-02   2.8215241e-01   1.7883777e-01  -2.9026586e-01   2.3041590e-01   6.0361189e-01   5.2009863e-01  -1.3033320e-01  -1.3893291e-01   8.9277333e-02  -3.6050110e-01  -1.9489402e-01  -1.5468639e-01  -2.2002001e-01   3.0199664e-01   2.3182952e-01   2.9397715e-01  -1.0191423e-01   2.0556956e-01  -7.4830862e-02  -3.4310975e-01   3.3521844e-01   4.9571564e-01   1.7008938e-01  -3.1421305e-02   3.3765954e-02  -1.6587013e-01  -4.6042751e-01   3.1396262e-01   5.0392507e-01   1.0391214e-01   5.7898137e-01   5.0485090e-01  -2.2551998e-01   2.8961651e-02   7.1414206e-03   2.4987369e-01  -3.7063959e-01  -1.3060946e-01   4.9980027e-01   1.9085145e-01   3.6762765e-01  -2.6947889e-01   4.8997340e-01  -1.4406525e-01   3.2178728e-01   5.2961933e-01   2.3906036e-01  -9.6273426e-02   1.7785415e-01   1.0777291e-01   1.1315621e-01   3.8151594e-01  -1.4338220e-01  -3.4092948e-01   2.7102144e-01   6.3156820e-01  -8.9113887e-02   2.8739609e-01   1.5300710e-01   3.3665878e-01   4.3262172e-02   4.3351299e-03   1.3844223e-01   2.4515340e-01   1.8291057e-01   8.4710120e-02   4.7326812e-02   1.9538458e-01   3.4090773e-01  -6.4367604e-02  -1.8854188e-03  -6.3578278e-02  -3.9445611e-01  -5.4308106e-02   3.5645087e-01  -3.6041717e-01  -8.7481147e-02   1.7104633e-01  -1.4171280e-01   2.7461933e-01   4.9879571e-01   2.2462460e-01   2.5522239e-01  -5.7559735e-01   5.3572258e-02   3.1815428e-01   1.8847224e-01   1.1501966e-01  -1.7655286e-01  -1.2588234e-01   2.3519594e-01  -1.0536149e-01  -3.9436746e-01  -6.0396620e-02   1.0592946e-01   4.9596295e-01   2.9104556e-01  -2.0665620e-01  -3.4669796e-01   4.1367407e-01   1.1266199e-01   1.6033954e-01  -9.6440718e-02   1.4990039e-01   3.6849132e-02   4.7561806e-02   2.8071674e-01  -1.6095350e-01   1.7984789e-01  -1.2396482e-01   2.8556910e-01   4.8374502e-01  -2.7223910e-01   1.9350999e-02   9.9353958e-02   9.9081566e-02   2.4316069e-01   1.9784842e-01   2.6471015e-01  -1.9346374e-01  -8.0061099e-02  -6.3391262e-02  -3.5788021e-01   2.7403345e-01   9.1130341e-02   3.9147181e-01  -4.9159854e-01   2.6807289e-01  -4.6900450e-01  -2.6075151e-01  -1.5460363e-01  -2.2172923e-02   5.7026905e-01   1.5625670e-01  -2.1294266e-01   3.7967984e-01   2.3507615e-02  -2.0285087e-01  -4.0716818e-01   3.5473166e-01  -3.6851873e-01   3.8150584e-01  -2.2316572e-01   3.7700316e-01  -6.3690237e-01  -2.4619078e-01   2.6810056e-01   3.8903549e-01   1.6127745e-01   1.7450146e-01  -3.1242277e-01  -1.2802462e-01  -2.4176578e-01   4.1967169e-01   1.0808191e-01   3.7529292e-01   2.5478290e-01   1.8504081e-01   3.6015721e-02   2.1248091e-02  -3.6840426e-01  -3.3597266e-01   6.6573395e-01   2.4943394e-01   3.2596955e-01   2.3466359e-01
  -7.1683790e-02  -1.8929781e-01  -1.2643941e-01  -1.2119092e-01  -1.0739031e-01   6.0397172e-02   0.0000000e+00  -2.0784273e-01  -2.8694226e-01   4.3461736e-01   1.0132179e-01   2.4811352e-02   1.6427178e-01   3.4247371e-02   3.0087684e-01   1.0819965e-01  -1.1197999e-01   8.7841048e-02  -2.0679979e-01   3.6009659e-02   1.3721539e-01   2.2908576e-02   3.7512667e-01  -1.5793304e-01  -9.1763333e-02  -2.2386360e-01  -1.7021524e-01   2.4166677e-01  -5.3438278e-02   1.9290952e-01   1.7329331e-01  -1.9692322e-01   3.9047546e-02   5.1627503e-01   1.5372497e-01  -1.9193245e-02   1.4223348e-01  -1.9277388e-01  -3.5185681e-02  -1.6510952e-01   3.2150364e-02   6.3902004e-02   9.5371028e-03   8.4752710e-03  -2.7544047e-01  -1.5318007e-01  -3.2071652e-02   1.5623217e-01  -1.7649800e-01  -2.2817706e-01   2.1615445e-01  -2.1395704e-01  -2.7306637e-01   6.3028730e-02   2.3118296e-01   5.2095666e-01   1.4966928e-01  -1.0284449e-01  -9.6504048e-02   1.7445249e-01  -9.1677446e-02  -6.4088666e-02  -2.7202451e-01   2.5312677e-02  -2.4953628e-01  -1.8697154e-01  -9.8763981e-02  -1.4162654e-02   3.6891034e-02   3.2163879e-01  -1.2932066e-02  -1.3196298e-01  -2.2314476e-01  -4.5142091e-02  -2.0348815e-01  -2.8143855e-01  -1.1467624e-01  -3.2343082e-01  -3.2000647e-01  -5.5695989e-02   4.3280828e-01  -9.0849920e-02   2.0777473e-01  -3.0008968e-01   7.1870633e-02  -6.4374147e-02   4.2149150e-01   1.0063162e-01  -4.5599283e-02  -1.9845989e-01  -4.1668533e-01  -1.3169882e-01  -1.7983710e-01  -2.7531092e-01  -2.3702418e-02   7.2379758e-02  -1.1804179e-01  -4.7218934e-01   6.1060349e-02   6.8578865e-01   4.0764928e-01   2.8371754e-01   1.7418639e-02   1.8968698e-01   1.5763015e-01  -8.1084201e-02  -2.2134230e-02  -3.1050809e-01   7.7259102e-02   3.7090002e-02   2.0400297e-01  -2.1367131e-02   3.3064577e-02  -1.9487874e-01   5.4494182e-01  -5.0428270e-01  -1.5473658e-01   4.8825047e-02   2.5296008e-01  -1.2182340e-01  -3.8870734e-02  -3.0385234e-01  -8.4479927e-02  -2.0868056e-01  -1.5746254e-01  -1.1954268e-01   3.0938432e-01  -2.7726394e-01  -2.1374468e-01   1.8971214e-01  -4.9791435e-02   4.0950216e-01   2.2433170e-02   1.1659853e-01  -1.6194362e-01  -2.2712276e-01  -2.2761723e-01   3.2523905e-01  -7.6056139e-02   8.1575882e-02  -2.0076236e-02   3.4524788e-02  -3.0766041e-01   2.1540276e-01   1.6247488e-01  -1.4040368e-01   3.7144259e-01  -1.6773647e-01   2.6858484e-01   9.3503820e-02   1.7089080e-01   3.6588998e-01   1.6100954e-01   1.0652090e-01  -2.5661827e-01  -8.5334914e-02  -2.7933222e-02  -4.3040061e-02  -9.5382656e-02   1.5344357e-01   1.0266306e-01  -8.2925106e-02   1.4993527e-01  -7.8699483e-02  -2.9142522e-01  -2.9387645e-01   4.3500371e-01   1.7673091e-01   8.0390418e-02  -1.8195293e-01  -3.3025627e-01  -7.2669918e-02   6.6660923e-02  -6.2641567e-02   4.0463313e-02   4.3323400e-02   6.0681573e-02
  -6.9722036e-02   1.3433174e-01   1.2238103e-01   2.2102115e-01  -3.1754824e-02   4.2208968e-02  -2.0784273e-01   0.0000000e+00   5.9426763e-02  -2.4265775e-01   3.1384102e-02   8.3903817e-02   2.3383182e-02   2.2550379e-02   4.8709242e-02   7.1611642e-02   1.0252012e-01  -5.1518161e-02   3.1035686e-01  -1.5358886e-01  -2.5633145e-01   4.0576900e-02  -9.9398656e-02  -5.4140842e-02  -8.8242462e-02   2.7313213e-01  -4.2325006e-02  -3.8369864e-02  -1.1968698e-01  -1.8287924e-01  -3.1546175e-02   1.6635911e-01  -5.0027737e-02  -2.1925768e-01   1.0469981e-01  -2.2447468e-01  -2.6897284e-01  -4.0918694e-02   8.5257426e-02   5.9888392e-02   9.3613555e-02   3.0410744e-03   1.4924587e-01   1.9003987e-01  -2.3753823e-03   1.0586814e-01  -1.0684891e-01  -1.8452954e-01  -1.9179073e-01   7.2585496e-02   6.0291299e-03   2.5238829e-01  -4.6096203e-02   2.6143681e-02   5.8069424e-02   7.6256439e-02   6.3307522e-02   2.3667038e-01   1.3384859e-01   1.9275466e-01   6.8699423e-02   8.5586678e-02   1.1593312e-01   2.5429322e-01  -4.1461281e-02   1.4420850e-01   1.6365627e-01  -3.5398222e-02   1.6177627e-01  -4.5200036e-02   5.5218005e-02   1.1511727e-01   8.3101510e-02  -1.4884243e-02   3.9241333e-01   2.2186968e-01   1.7450289e-01   4.1754327e-01  -1.1107321e-02   3.0375082e-02  -5.0995075e-02  -1.7511978e-01  -1.6232214e-01   1.5795753e-01   4.2340763e-02   4.3826835e-01  -9.6072031e-02  -7.3841868e-04  -3.2703226e-02   7.3111002e-02   2.5603248e-01   6.1226614e-02   1.0719719e-01   2.0337622e-01  -3.0754980e-01  -2.2466593e-01  -1.7201834e-02   3.6276742e-01  -2.2352321e-01  -1.8112320e-01  -5.4930084e-02   5.1297308e-02   3.6515943e-02  -1.2250638e-01   1.0307499e-01   2.9578787e-01   1.7208106e-02   3.5735500e-01  -2.8590568e-01  -3.0561785e-01   9.8984107e-02   6.5042261e-03   1.2128466e-01   1.2950244e-01  -7.3293297e-02  -9.9549565e-03  -3.2050717e-02   4.9306065e-02  -2.1025111e-01   1.4407091e-01   4.1725362e-02   9.7921730e-02   1.9382374e-01  -6.4124066e-02  -4.4480283e-02   9.1912212e-02   6.3210404e-02   3.7756748e-02   1.3036961e-01   6.4188976e-02  -1.3128734e-01  -2.7484555e-01   3.6286515e-02  -1.3229378e-01   2.1388291e-01   5.7721452e-01   1.9457493e-01  -1.2503599e-01   2.7734338e-01  -1.5712514e-01  -8.6265234e-02   9.8007335e-02   3.2620852e-01  -3.8198586e-02   1.4395825e-01   2.0466351e-02  -3.6783187e-02  -4.2040974e-02  -2.3153416e-01  -1.3877642e-01  -4.1952676e-02   2.6317921e-02   2.4185481e-02  -2.4918021e-01   1.5632760e-01  -1.2883846e-01  -8.8518548e-02   1.5472041e-01   1.4258775e-01   5.1596940e-02   2.4480326e-01   8.9916811e-02  -3.3200755e-01   9.6389318e-02   2.8847394e-01   5.0195642e-02  -1.9170060e-01   5.5461007e-02   2.6265094e-02  -1.3574160e-01  -1.7454722e-03  -5.2489519e-02  -3.3472192e-02   6.6121717e-02   7.9924964e-02  -7.6838334e-03   3.5021446e-01
  -1.4949687e-01   4.5597921e-01   1.0455088e-01  -1.2430964e-01   2.5845402e-01  -4.5245431e-02  -2.8694226e-01   5.9426763e-02   0.0000000e+00  -4.1304156e-01  -2.3883787e-01   3.1120242e-01  -2.8760377e-01  -7.4288877e-02  -1.9952753e-01  -8.2623120e-02   4.8507415e-02  -1.3127964e-01  -5.3856874e-02   2.1705840e-02  -1.9670874e-01  -4.2461511e-02  -2.4791128e-01  -8.2139922e-02   2.3542639e-01  -1.1576796e-02   3.9753052e-01  -2.6604960e-01  -1.2839888e-01   1.9403579e-01  -2.4393625e-01  -1.1462758e-01  -1.3210643e-01  -1.8743298e-01   3.4879971e-01   2.0006916e-01  -3.9760383e-01  -1.9594615e-01   1.9431549e-02   2.7246562e-01  -2.2865086e-01  -8.7929015e-02   3.4966001e-01  -1.6497627e-01   3.9008073e-01  -2.7908739e-01  -1.2419168e-01   3.7885476e-01  -2.1953521e-02   9.8262266e-02  -2.7764168e-01  -6.7276728e-02   5.7601456e-01   4.9939611e-02  -2.7984646e-01  -4.0905092e-01  -2.6717299e-01  -1.9961810e-02   1.2284532e-02   2.4814812e-01  -2.1354968e-01   3.0471785e-02   4.4766293e-01   1.0294398e-01   4.4334737e-01   2.1463109e-01   2.3612937e-01   2.2353927e-01  -3.4344415e-01  -6.8952458e-02   1.7836696e-01  -1.2644076e-01   7.8735015e-02  -1.3918375e-01   2.3716300e-01   1.8856448e-01  -3.2212465e-01   1.1742386e-01   4.9978302e-01  -8.6951824e-02  -4.5806230e-01  -1.6015415e-02  -1.1532586e-01  -1.4631652e-02  -2.9207242e-01   2.2766318e-02  -5.6375512e-02  -1.6442120e-01   3.6405592e-01  -1.4142982e-01   5.4438875e-01  -2.8816164e-01   2.4262707e-01   3.8718805e-01  -2.6146371e-01  -2.8110378e-01  -1.4300535e-01  -2.5381502e-02   1.1993545e-01  -2.7832559e-01  -3.5000308e-01  -5.3109143e-02  -1.3606372e-01   2.4602594e-01  -2.0710046e-01  -1.9062041e-03   6.7836716e-02  -1.2284992e-01  -4.2517017e-01  -9.4612641e-02   7.4092092e-02  -2.1832055e-01  -6.7694678e-02  -3.9758556e-02  -4.5941203e-01   5.7165205e-01  -1.6045922e-01  -1.2053226e-01  -3.4066928e-01  -1.1633527e-01  -2.3892526e-01   6.0199551e-01   3.1701603e-01   4.2595614e-01  -3.0621002e-01  -1.6253955e-02  -2.1338985e-01   2.0514889e-01   2.5613471e-01   1.5492198e-01   1.4395950e-01   7.7798037e-02  -9.3754897e-02  -1.1713793e-01   8.1285183e-02   9.1303772e-02   1.1545720e-01  -1.8198878e-01  -1.5131847e-01  -2.5989408e-01  -2.2428723e-01   1.3143880e-01   4.5526347e-02   1.6583816e-02  -6.6652577e-03   1.3042204e-01   3.3546991e-02   6.6222332e-02   3.8667951e-02   7.2083044e-02  -2.2933630e-01  -1.9303358e-01  -3.1390846e-01  -1.3885577e-01   3.6169358e-01   9.3444949e-02   2.6042263e-02  -8.7717711e-02  -1.9303848e-01  -3.5352543e-01   1.5492539e-01  -2.8897648e-01  -2.0234331e-01   7.1728601e-02  -4.4836162e-02   5.5148168e-01  -3.0901037e-01  -7.9837067e-02  -2.3182707e-01   2.1045771e-01   5.5207604e-01  -2.1901779e-03   3.4636086e-02   1.8608488e-01   1.5335043e-01   2.7817613e-02   5.2886113e-03
   9.6000850e-02  -1.4615546e-01  -8.7301570e-02  -1.7332442e-01   9.4040832e-02   2.6902628e-02   4.3461736e-01  -2.4265775e-01  -4.1304156e-01   0.0000000e+00   1.1191073e-01  -1.4906180e-01   2.4063451e-01  -1.0222977e-02   1.6747361e-01  -1.1047739e-01  -2.8991730e-02  -8.1751038e-02  -2.6156471e-01   4.3506989e-01   1.2393452e-01  -1.4522717e-01   1.6987736e-01  -1.4852457e-01  -4.8282054e-03  -3.9147533e-01  -1.4106140e-01   4.1968855e-02   2.2481890e-01  -2.0194807e-01   7.2110857e-02  -2.6085118e-01   8.1724837e-02   2.5268178e-01  -1.1554312e-01  -5.1477126e-03   4.7298096e-01  -8.5591039e-02  -2.1718433e-01  -7.0360799e-02  -3.0355962e-02  -5.2680967e-03  -9.5915846e-02   6.6144916e-02  -1.7136548e-01   3.1754433e-02  -1.0791155e-02  -8.0126849e-03   4.1440543e-02  -4.6686758e-02   1.1638839e-01  -3.1630211e-01  -2.3356286e-01  -4.8006587e-02   9.5608416e-02   2.9446548e-01  -7.6628091e-03  -2.9999970e-01  -2.4969644e-01  -1.2599864e-01   1.3696727e-02  -1.1988306e-01  -1.5617267e-01  -1.0956461e-01  -3.4774615e-01  -7.5039708e-02  -1.9657392e-01  -1.6844250e-03  -8.6434417e-02   2.1859595e-01   7.5644663e-03  -1.4070722e-01  -3.3371087e-01   7.4597620e-03  -3.2385975e-01  -2.5287826e-01  -7.6319736e-02  -1.7829834e-01  -1.9381433e-01  -1.4225706e-01   1.2708168e-01  -5.8284380e-02   1.4461785e-01   1.2180919e-03   5.6059803e-02  -2.1276334e-01   1.7272182e-01  -9.0144429e-02  -2.9819108e-02  -1.6964086e-01  -3.9174301e-01   6.9540788e-02  -1.0586971e-01  -5.0357016e-01   9.6954171e-02   7.0187302e-01  -3.7138029e-02  -2.6945102e-01  -2.3627191e-02   3.8725530e-01   1.6889197e-01   8.9446312e-02  -1.3335636e-01  -9.1363105e-02  -9.2187049e-02  -1.1663772e-01   7.4500555e-02  -2.5238327e-01   6.6540433e-01   2.2147451e-01   9.4924610e-02  -2.2523064e-01  -9.9583632e-02  -3.8092669e-02   2.2725193e-01  -2.8043631e-01   5.5699346e-02   1.2016042e-01   2.6537737e-01  -2.8619751e-01  -1.0634536e-01  -3.1989961e-01  -9.2851291e-02  -3.8925924e-01  -8.9781465e-03  -1.4316643e-01   9.4773789e-02  -1.7271860e-01  -2.7523806e-01   2.6959959e-02  -2.1791219e-01   1.1655460e-01  -4.1282433e-02  -2.1616507e-04  -3.0375835e-01  -1.5489705e-01  -2.2892889e-01   1.5817217e-01  -1.5620280e-01   1.7742386e-01   1.4830770e-01  -1.6755793e-01  -1.6019966e-01   1.0068650e-01   3.2349594e-02  -2.9474707e-01   1.4510236e-01   1.1627183e-01   2.5824905e-01  -1.2679574e-01   1.3663576e-01   4.9870115e-02   1.4856707e-01   6.1481641e-02  -1.9691106e-01  -2.1976787e-01  -9.9012096e-02  -1.8460489e-01   5.5405215e-03  -1.5703954e-01  -1.5830689e-01   5.2340937e-03   5.7371404e-01  -1.9976648e-01  -2.0957514e-01  -1.7742842e-01   3.3779178e-01  -3.1044191e-02   8.3108476e-02  -9.5905440e-03  -1.2717582e-01  -2.8242142e-01  -3.6106824e-02  -1.3452606e-01  -2.9612735e-02  -2.5769333e-02  -1.1465491e-01
   5.5895684e-02  -6.0071916e-01  -5.5794047e-01  -8.2585888e-02  -4.6841446e-01   4.8784545e-02   1.0132179e-01   3.1384102e-02  -2.3883787e-01   1.1191073e-01   0.0000000e+00  -5.3874244e-01  -5.9196848e-02   4.4221966e-02   1.7620934e-01   2.4002391e-01  -4.4536969e-01   5.7158288e-01   5.4522371e-02  -4.4844024e-01   4.7908862e-01   3.3923812e-01   4.2286155e-01   2.7089847e-01  -8.5753712e-02   1.5578727e-01  -7.8653790e-02   3.2661868e-01  -1.0847983e-01   1.5191736e-01   4.7156301e-01   2.1607428e-01   2.2780633e-01   1.3775188e-01   7.2943095e-02   2.5080719e-01   5.7643624e-02   1.7938886e-02   4.6450269e-01  -5.5288894e-01   4.3588993e-01  -6.2607985e-02  -4.9088258e-01   2.5211735e-01   2.5777449e-01   1.8661620e-01   6.1396172e-01  -3.2878959e-02  -5.2484970e-02  -4.9796201e-01   6.8815391e-01   1.6815693e-01  -6.1970819e-01  -2.2266764e-01   1.1963368e-01   2.6576028e-01   1.3802315e-01   3.2924501e-01   3.4611098e-01   6.4270900e-02   1.6861313e-01  -1.4899596e-01  -6.1368431e-01   3.9410347e-01   1.3505214e-01  -4.9960676e-01   1.8816452e-01  -3.0406910e-01   6.4239987e-01  -9.3737096e-02  -4.4925005e-01   3.3271697e-01   4.9572743e-01  -4.4408195e-02  -1.6188290e-01  -1.8170517e-01   2.8246173e-01   1.2745935e-01  -4.0920142e-01   1.9598248e-01   4.6165811e-01   2.7532666e-01   7.5810449e-02  -2.2827865e-01   8.5571579e-02  -1.0449538e-01   6.7850892e-02   2.0019227e-01  -3.1752781e-01   2.6720585e-01  -4.8347764e-01  -9.3041288e-02  -5.6135502e-01   1.3014670e-02  -3.0281717e-02  -1.9664576e-01   2.5932794e-01   1.4767043e-01   2.4518134e-02   1.4263800e-01   2.2553835e-01   2.2461105e-01   3.6550587e-01   1.6983454e-01   6.9684140e-01  -2.5485882e-01  -2.9728354e-01   2.5894403e-01  -6.3454496e-02   2.0922808e-01  -3.3016591e-01   3.3670768e-01  -1.1005526e-01   6.4828744e-02   2.0849140e-01  -5.3204324e-01   1.3981100e-01   3.1697957e-01   7.3446801e-02   2.9807296e-01   3.2394042e-01  -4.9785107e-01  -4.4021139e-01   1.9576684e-01   2.9034181e-01  -1.9603335e-01   6.7030610e-01  -2.2643321e-01  -2.2942420e-02  -2.7791007e-01   4.1080535e-01   4.2383061e-01  -7.9384085e-02   4.5886676e-01   1.7941542e-01   1.6739662e-02  -2.8269315e-02   1.7897771e-01   2.2873035e-01   1.1381148e-01   1.4148647e-01  -1.8103387e-01   4.8081200e-01  -3.1658474e-01   3.1518801e-01   3.9430263e-01  -4.1093315e-01   1.3165216e-02   8.0877599e-02   1.2712673e-01  -1.5630958e-03   4.3071022e-01   3.3213240e-02   3.4656456e-01  -6.2260661e-01   1.7553190e-01   4.3838849e-01   3.0359382e-01   4.6401574e-02   3.2428615e-01   3.3003643e-01   6.0010976e-01  -1.2216435e-01   3.2703120e-01   8.3139104e-02  -5.9740435e-01   2.8281239e-01   2.3422447e-01   9.8862935e-02  -4.0750094e-01  -6.0340620e-01   1.7222132e-01   3.8637941e-01  -1.4408873e-01  -5.4520123e-02  -2.8647306e-02   2.9112092e-02
  -3.4940486e-01   7.8366344e-01   8.1364595e-01   9.9636300e-03   3.9667186e-01   2.8215241e-01   2.4811352e-02   8.3903817e-02   3.1120242e-01  -1.4906180e-01  -5.3874244e-01   0.0000000e+00  -1.2227472e-01  -2.6570636e-01   1.3599747e-02   1.9777276e-01   7.1381976e-01  -6.6249389e-01   1.9600620e-01   3.5715175e-01  -7.7490801e-01  -5.1470215e-01  -6.0601213e-01  -4.0459289e-01   1.8914194e-01  -5.9251525e-02   1.8174811e-01  -4.1342221e-01   1.3333810e-01  -3.9726566e-01  -5.7838472e-01  -7.7231273e-02  -2.0331793e-03   2.3199333e-02   7.0751554e-02  -4.5764771e-02  -3.9790357e-01  -3.5487477e-01  -2.4840168e-01   7.8020954e-01  -4.6633524e-01   2.9511445e-01   7.6510930e-01  -3.2167033e-01  -3.6855506e-02  -2.2851459e-01  -3.4078281e-01  -9.1645104e-02  -8.1869466e-02   6.7092254e-01  -6.1445580e-01   1.1894114e-01   4.3487350e-01   4.2219658e-01  -2.3573221e-01  -5.4579910e-02   1.1151640e-02  -6.9299163e-02  -4.3096433e-01   2.3734717e-01  -1.5058807e-01   1.7347332e-01   7.7275806e-01  -3.8099576e-01  -1.7875115e-01   7.4799492e-01   2.4214222e-02   1.0543930e-01  -4.5427322e-01   7.4410454e-02   6.7682253e-01  -3.2296099e-01  -3.4738595e-01   2.4144018e-02   3.8041161e-01   3.6007744e-01  -3.3217024e-01  -4.7420141e-02   6.4879743e-01  -1.0089644e-01  -4.7985761e-01  -6.0595081e-02   4.9634814e-02  -2.1238048e-02  -2.4169692e-01   4.3259752e-01  -1.2421457e-01  -2.6093879e-01   4.7648237e-01  -4.1190299e-01   6.9117713e-01   2.7553593e-01   8.5022728e-01   3.0202677e-01  -2.9341292e-01  -2.1842488e-03  -1.9703011e-01  -1.1686213e-02  -1.0401539e-01  -1.9207322e-01  -2.4262072e-01  -2.5640694e-03  -4.0484941e-01  -4.6947713e-01  -6.0111031e-01   2.9674564e-01   5.2927562e-01  -1.5233834e-01  -2.4953549e-01  -5.3477820e-01   7.6924926e-01  -4.1793640e-01   6.8895871e-02  -1.4965487e-01  -1.9430749e-01   5.4294573e-01  -1.7092452e-01  -1.2169924e-01  -1.5242275e-01  -2.0326868e-01  -4.5202913e-01   7.1006891e-01   7.2192421e-01  -2.8056976e-01  -2.7256118e-01   1.9253660e-01  -5.4285132e-01   3.7887874e-01   3.5627882e-02   3.8877776e-01  -3.8172164e-01  -2.5261073e-01  -2.1880823e-01  -6.5240696e-01   8.4164983e-02   2.7577013e-01   1.8846683e-01  -4.9621405e-01   1.1937181e-01  -2.6615016e-01  -4.4379285e-01   1.2277666e-01  -9.7764456e-02   5.7169395e-01   2.4928549e-02  -4.3583898e-01   6.9824467e-01   2.5640369e-02  -1.3915665e-01  -3.4177140e-01   8.4749627e-02  -5.9038893e-01  -7.8924232e-03  -3.1958303e-01   8.2766150e-01  -4.8662922e-01  -4.4878273e-01  -3.3183091e-01   6.6667820e-02  -3.1117101e-01  -2.1074508e-01  -5.8214992e-01  -1.3790529e-01  -3.6305628e-01   1.0626577e-01   7.6312142e-01   6.0014833e-03  -2.2728511e-01  -3.9533009e-02   4.9432946e-01   7.1647627e-01  -4.4027709e-01  -4.9678554e-01   3.4548396e-01   1.7659437e-01   1.6151210e-01   1.1553264e-01
   1.2593518e-02  -1.6605284e-02  -2.0616481e-02   3.6409182e-01   1.0034707e-01   1.7883777e-01   1.6427178e-01   2.3383182e-02  -2.8760377e-01   2.4063451e-01  -5.9196848e-02  -1.2227472e-01   0.0000000e+00   3.3845517e-02   1.2945469e-01   1.8286784e-01   1.4293768e-02   1.4796020e-01  -3.6253845e-01   2.6693246e-01   2.5528026e-02   9.4730414e-02   2.1603522e-02  -6.4534485e-02   1.2031883e-01   1.8125704e-01   2.0303589e-02   1.4055197e-01   2.0475503e-01   9.3108641e-02  -1.0170749e-01   2.9791032e-01   3.1145434e-01   1.3510287e-01   1.0852362e-01  -4.5013620e-01   2.9981384e-01  -2.1620736e-01   2.9628743e-01  -2.4001266e-02   3.8884665e-01   1.4056524e-01   4.8973924e-02   1.3195241e-01  -9.7176634e-02   9.1855070e-02  -7.3600789e-02  -2.3847996e-01   2.1194331e-01  -2.5529557e-02   1.0580131e-01   3.4892958e-02  -2.5572154e-01   6.4167803e-02   1.1740426e-01   2.7136566e-01   3.9269245e-01  -4.2621431e-02  -3.5167789e-03   3.9649678e-02   1.9227280e-01   4.9475444e-01  -7.5219261e-02  -2.4329148e-02  -1.9466501e-01  -2.4736632e-01   1.2984526e-01   3.7045912e-02   1.5851740e-01   1.3638386e-01  -1.2736205e-02   3.6850618e-01  -2.9777408e-02   1.3460931e-01  -1.5739091e-01   1.5005199e-02   8.0267127e-02   4.0195634e-02  -4.2525259e-01   3.6671439e-01   9.2352225e-02  -2.4458502e-01  -4.5343081e-02  -1.6882763e-01   1.1601198e-01   5.5167059e-02  -8.6730738e-02   6.7074812e-02  -2.2844197e-01  -3.6254187e-02  -2.2023995e-01   1.3992086e-01  -1.4024868e-01  -1.7353027e-02  -3.7783646e-02   2.9124174e-01   3.2332231e-01  -3.9208438e-01  -1.4403668e-01  -4.5062401e-03   7.9193349e-02   6.0316690e-02   1.1015767e-01   3.3393214e-02   9.0509761e-02   3.5244573e-01   1.1574411e-01   5.3446930e-02   2.2128765e-01   3.1013254e-02   5.3827483e-02   1.8836789e-01   3.6119719e-01  -1.5244095e-01   2.2456412e-01  -3.1575812e-01  -1.6195263e-02   3.2290334e-01  -1.6180583e-02   2.8605657e-01   1.8579982e-01  -2.5653329e-01   2.0957804e-01  -3.2788503e-01  -1.7155520e-02   1.3912191e-01   1.2270933e-01   4.1617880e-02   7.3342622e-03   1.5465168e-01  -1.0451864e-01  -1.5752807e-01   2.8891164e-01  -1.4437868e-01   1.0294791e-01  -1.2169896e-01   8.2024144e-02  -2.5278882e-02  -8.4623015e-02  -1.6359794e-01   1.6065310e-02   8.3044022e-02  -2.7670496e-01   4.7484009e-02   6.3270656e-03   1.2197553e-02  -1.4236791e-02  -1.0147184e-01  -5.3133790e-02  -2.3554700e-01   2.3499523e-01   1.9495907e-02   3.7914815e-01  -2.5854601e-01  -1.1451593e-01  -2.1788001e-01  -1.6822113e-01   1.9968599e-01   3.9866860e-01   1.4523694e-01   1.4446703e-01  -1.2231185e-01   5.2447065e-03  -3.8430036e-03   8.8495146e-02  -3.1410323e-01   1.4001157e-01   2.0186549e-01   2.7411811e-01  -2.1113994e-01  -3.5514356e-01   1.7549470e-02  -1.4725327e-01   2.2097647e-02   8.0101267e-04  -7.4877332e-02   1.2367313e-01
   3.1099786e-01  -2.3146671e-01  -2.8488572e-01  -1.2245597e-02  -9.8700749e-02  -2.9026586e-01   3.4247371e-02   2.2550379e-02  -7.4288877e-02  -1.0222977e-02   4.4221966e-02  -2.6570636e-01   3.3845517e-02   0.0000000e+00   2.3212700e-01  -2.8154815e-01  -2.5688869e-01   1.5051094e-01  -4.3812414e-02  -7.7891542e-02   2.0572830e-01   3.1419121e-01   3.9933279e-01   3.2635063e-01  -2.4002279e-01   1.6803822e-01  -3.3343780e-01   5.6002747e-01  -2.3525047e-01   2.1434326e-01   3.0559005e-01  -7.7062110e-02  -5.8432905e-02   1.5972350e-01   1.6965177e-01  -1.1313036e-01   8.1846329e-03   1.2421490e-01  -1.2986526e-01  -4.3557352e-01  -3.5500418e-02  -1.3363514e-01  -2.3796976e-01   4.3268202e-01  -1.2186839e-01   3.6133674e-01  -1.7261332e-01  -1.1983273e-01  -1.4021916e-01  -3.7762012e-01   1.7790383e-01  -1.2303799e-01  -1.8640423e-02  -6.8876421e-02   5.4451724e-01   2.1873093e-01  -2.1005955e-01   4.6588323e-02   1.0943110e-01   7.9313727e-02   1.3531737e-01   6.2556522e-02  -2.7601467e-01   1.1247990e-01   9.2707537e-03  -2.2628407e-01  -3.9913430e-01   7.6253966e-03   1.5131566e-02   5.6318477e-02  -2.7821976e-01  -1.2655470e-02  -4.2778303e-02   3.6234445e-01  -1.4417426e-01  -2.0628602e-01   9.8389925e-02   1.4828086e-01  -3.4192354e-01  -8.6562674e-02   5.1601942e-01  -4.7450179e-02   8.3017117e-02   3.3389077e-01   5.9001009e-01   5.1470756e-02   2.8205041e-01   3.3377324e-01  -1.7240619e-01   3.2441923e-01  -2.4735844e-01  -6.1751374e-02  -2.1547172e-01  -3.5555726e-01   8.0145167e-02  -5.4878973e-02  -8.2731312e-02   8.4345798e-02  -6.3936356e-02   2.6446122e-01   6.1773722e-01   1.3291227e-01   3.8377654e-01   3.7038109e-01   1.9109528e-01  -6.2854403e-02   2.6549046e-02  -1.7700677e-01   1.7375052e-01   1.1489838e-01  -1.5861914e-01   1.8052624e-01  -8.3481482e-02   2.2815144e-01   3.7537972e-01  -2.8424914e-01   4.5803163e-01  -7.0357227e-02   3.5272108e-01   1.0468182e-02   1.1873141e-01  -2.8786303e-01  -2.9454174e-01   1.3278248e-01   1.8879864e-01   4.1701513e-01   3.2286397e-01   7.4993672e-02  -1.0709373e-01  -2.1213102e-01   1.8744838e-01  -1.3311183e-02   6.5130522e-01   1.1866735e-01  -2.2668219e-01   7.3380481e-02  -9.3647257e-02   4.8081908e-01  -1.0502248e-02  -1.0219739e-01   2.8068071e-01   1.3615663e-01  -1.5071007e-01  -2.6950256e-01   8.9562986e-02   1.8894936e-01  -1.2923297e-01  -3.4863313e-01   1.2441267e-01  -1.7979225e-02   2.5524143e-01   2.7292487e-01   4.1992085e-03   5.3688584e-02  -3.3134319e-01   2.3080979e-01   1.2243651e-01   7.7393087e-02   8.0395817e-02   2.4761074e-01  -1.4532969e-02   2.9443826e-01  -1.9756437e-01   1.2230772e-01  -2.0227154e-01  -2.1100453e-01  -1.3286342e-01   2.8375516e-01   2.1325281e-01  -1.5431498e-01  -2.0079289e-01   2.0655303e-01   2.3879227e-01  -2.5517599e-01  -2.7938902e-01  -1.3084947e-01   1.0470799e-01
