   0.0000000e+00   1.1968232e-02   2.2452252e-02  -1.1455996e-01   1.1722754e-01  -3.5334916e-03  -2.2259469e-02  -1.2161049e-01  -3.5006767e-02   1.1735003e-01  -2.3101465e-01  -7.5033457e-02  -4.4592385e-02   3.6691970e-01  -1.3397846e-01  -2.1439929e-01   3.0151667e-02  -1.3501220e-02  -1.5877552e-01  -6.4880513e-02   8.7628340e-02  -2.6556637e-01  -3.7718643e-02   2.9592551e-01  -7.2185466e-03  -1.7173839e-03   2.2378594e-01   3.3973105e-01   1.6213797e-01  -5.6287328e-02  -1.9571436e-01  -1.7866585e-01  -1.4635840e-01  -1.1218245e-02  -1.4031806e-01   1.7030820e-01   1.3221515e-01  -1.4633034e-02  -2.1517252e-01   7.1762093e-02  -5.4191553e-02  -9.8886922e-02  -1.2551187e-01  -1.8708082e-01  -4.3576771e-02   3.1287908e-01   1.0696574e-02   1.5884040e-01   9.9554708e-02  -7.2956565e-02  -1.4559672e-01  -2.0943697e-03   4.0651117e-02  -8.5120387e-02  -1.9164377e-02  -2.0771323e-01   2.8490906e-02  -1.8375727e-01  -2.6661862e-01  -1.2667615e-01   2.6654759e-01  -1.0439529e-01  -6.7406554e-02  -2.1103636e-01  -1.4648758e-01  -1.6879369e-02  -5.2897554e-02   8.4090501e-03  -1.4148564e-01   2.2478363e-01   4.9017056e-02  -1.5516395e-01  -2.1472462e-01   3.9765747e-01  -1.6253084e-01  -2.2324848e-01   2.0078653e-01  -1.8952552e-01   7.9237905e-02  -1.8061427e-01   1.1541739e-01  -3.0179178e-01  -2.5074148e-01  -7.0167622e-02   6.5115572e-01  -9.4113736e-02  -2.5782963e-02   3.4591267e-02  -4.1843314e-02   6.5191752e-01   1.4679538e-02   7.3270806e-02  -4.2628694e-02  -2.0813878e-01   2.5995716e-01   4.5000638e-02  -1.6418313e-01  -5.6246520e-02   8.4987679e-02  -2.5228824e-02   3.9505734e-01  -2.2294117e-02  -1.1566281e-01  -1.9972754e-01  -1.6918198e-01  -6.5320114e-02  -2.0307377e-01  -2.1694081e-01   1.1675904e-01   8.9038518e-02  -1.5643053e-01  -1.7678526e-01  -2.1210792e-02   4.6077398e-01   3.5261516e-01   1.0638379e-01  -3.1423783e-01  -2.4151515e-01  -1.1664247e-01  -2.1133352e-01   4.3048021e-03   1.9800432e-02  -2.1439595e-01  -1.4184838e-01   1.5752488e-01   3.7074293e-01  -1.5522126e-01  -2.7396874e-02  -1.2132970e-01   3.0767363e-01  -2.8887187e-02   3.5786882e-02   4.8653082e-01  -8.7523929e-02  -2.2695698e-01  -1.0549070e-01  -1.5423922e-01   3.5364240e-01  -1.1662438e-01   2.1748234e-01   6.4312743e-01   1.7332642e-01  -3.2301444e-01  -1.2555558e-01  -1.4937421e-01  -2.1132568e-01  -1.7969499e-01   1.7013237e-01  -1.2447830e-02   1.8562777e-01   3.6728701e-01   1.7698679e-02   9.6351243e-02   5.1524758e-03  -2.7387622e-02   4.7252598e-02   2.7259056e-01  -3.1157202e-01   1.4138323e-01  -2.0072071e-02  -3.6774528e-02  -2.9571610e-01   2.0384706e-01  -1.2066549e-01  -2.6827800e-01   7.8946855e-02   2.3914141e-02  -4.8153024e-03   3.9736713e-01   1.0886947e-01  -1.1867803e-02  -2.3348105e-01  -4.3056181e-02  -3.0973978e-02  -2.6325253e-01   8.5825431e-02  -2.1994674e-01
   1.1968232e-02   0.0000000e+00   2.1902081e-01  -1.0137627e-01   2.2172295e-01  -1.1022603e-01   1.0320705e-01  -2.4071911e-01   4.0528343e-01  -3.2016604e-01  -4.1367859e-01   2.7019111e-01  -8.9864455e-02  -1.8245121e-01   4.1032137e-02  -2.2628821e-01   1.6324730e-01  -2.4760742e-01   1.6387332e-01  -1.6760619e-01  -3.1078473e-01  -2.6611757e-01  -2.3443222e-01   7.3731512e-02  -3.7326551e-02   1.4096916e-01   1.8005139e-01  -8.6297788e-02   2.2718843e-01   2.5031429e-01  -1.1828878e-01  -1.2423052e-01   6.7076924e-02   2.5305390e-01   5.1916116e-02  -8.5235822e-02  -1.7419777e-01   2.4145793e-01  -2.1052233e-01   4.8556835e-01  -9.0483743e-02   2.3462530e-02   3.6960732e-01  -3.1547160e-01  -1.8302299e-01   2.5114464e-01  -3.5732069e-01   4.8752745e-01  -4.1166049e-02   4.0212191e-01  -3.0291221e-01   1.2267725e-01   4.3680683e-01   2.2282153e-01   1.5547024e-01  -4.2593638e-01   8.4806660e-03  -1.6513426e-01  -2.2490002e-01   5.8353330e-02   1.3172589e-01  -1.6991677e-01   9.3041162e-02   8.1844017e-02   1.8347656e-01  -4.5771041e-01  -3.2215403e-01   8.7460591e-02  -3.5106443e-01   3.7892293e-02   6.1244065e-01  -3.2051149e-01  -6.1314737e-02   1.1741181e-01   1.1751649e-01  -5.2701885e-02   1.8583813e-01  -2.5381368e-01   4.3988245e-01   4.6593179e-02  -1.3703748e-01  -2.3882863e-01  -1.7865293e-01   1.5027925e-02   8.8681129e-02   2.0636085e-01   5.3107056e-01  -5.4272128e-02   2.8651052e-01   4.9821605e-02   4.6754044e-01   1.5106197e-01   3.4278285e-01   2.1786214e-01   1.1531781e-01  -3.8810929e-02  -1.3871860e-01   1.1687471e-01   3.4621681e-02  -3.0890661e-01  -1.4192679e-01  -1.6098286e-01  -5.0658126e-01   1.6073115e-01  -3.3523190e-01   4.3851539e-02   3.1985509e-01  -3.4748133e-02  -1.2383183e-01   1.1919938e-01   1.0011379e-01  -3.7008457e-01   7.1005957e-02   2.0105286e-01  -9.2772253e-02   4.8011332e-01  -3.1108386e-01  -1.5366946e-01  -4.6369322e-01  -2.5478742e-01  -4.5214816e-02   4.7166173e-01   1.0462851e-01   3.6026723e-01   1.9358792e-01   1.9511120e-01  -2.3783284e-01   6.7329780e-02   5.1031841e-02   1.7090977e-01  -2.7652941e-01   9.1329630e-02   2.1902873e-01   3.6199972e-02   1.8940983e-01  -2.2831104e-01   1.8979224e-02  -1.3437228e-01  -7.1520700e-02   1.9862562e-01   6.3944435e-02   2.0022045e-01  -3.4945546e-01  -1.2377230e-01  -3.1997327e-01  -3.1976870e-01   3.7588191e-01  -2.3968272e-01  -2.6092313e-01  -4.7223020e-02   1.0865287e-01  -4.2643574e-01  -6.5895494e-03  -3.0200697e-01   5.1408542e-01   5.3519925e-03  -3.4644773e-04  -1.6221293e-01   2.2584298e-01  -4.8229924e-01  -1.5472043e-01  -4.8510353e-01  -3.9183899e-01  -2.6322395e-01  -1.9635937e-01   2.9885243e-01  -1.7149634e-01  -1.5489712e-01   8.6067794e-02   4.4713539e-01   4.2219119e-01   4.7638358e-02  -2.2536950e-01  -1.1180588e-01   3.8042116e-02   1.1319004e-01  -1.6195921e-01
   2.2452252e-02   2.1902081e-01   0.0000000e+00  -3.1130010e-01   1.2185570e-01   4.3940591e-01   1.1151328e-01  -1.7517198e-01   1.2314248e-01  -1.8632825e-01  -2.6838271e-01   4.4543698e-01  -9.1854197e-02  -3.7105978e-01   1.2196088e-02  -5.6986345e-02   7.1898313e-01  -5.1241059e-01   1.5236016e-01   2.5708665e-01  -3.6990664e-01  -3.1140993e-01  -8.0893987e-03  -2.1406435e-01  -2.8419972e-02   2.5198147e-01   1.7002364e-01   7.9164950e-02   1.0346468e-01  -2.7668461e-01  -3.4185871e-01   3.1801655e-01   3.1658202e-01   1.2054055e-01  -9.7057897e-02   8.7399450e-02  -1.7890963e-01   5.3982423e-02  -2.2697251e-01   6.3803249e-01  -7.0583545e-02   4.6982941e-01   7.9674495e-02  -2.3519560e-01   2.7106408e-02   4.8109644e-01  -1.6821437e-01  -1.1957526e-01  -2.3268516e-01   7.4297148e-01  -1.6811409e-01   1.1651286e-01   4.2588168e-02   5.1351370e-01   8.4099710e-02  -2.5894049e-02   3.8858882e-01  -9.1263938e-04  -8.2073303e-02   2.7102841e-01   4.5629054e-01   2.3248655e-02   1.9341057e-01  -3.7767350e-01  -3.0445656e-01  -8.2595271e-02  -8.6456122e-02  -1.8892324e-01  -9.6976243e-02   5.4708003e-01   1.8172000e-01   7.3603074e-02   1.9471982e-01   2.3162880e-01   2.9970511e-01  -4.0732238e-02   4.5948840e-01  -1.9326015e-01   2.3756612e-01  -7.4469121e-02   1.6954366e-01  -4.0889880e-02  -1.0352138e-01  -1.6739658e-01  -5.5521491e-02   1.7639229e-01  -5.1852997e-02  -1.0910065e-01   2.2529419e-01   1.1796594e-01   3.9032958e-01   7.7084178e-01   4.9403736e-01   6.5383714e-02   6.0871518e-02   3.8178566e-01   3.8602191e-01   2.8682223e-01  -3.0083927e-01  -3.2773476e-02  -2.6336108e-02  -2.3865496e-02  -5.4235368e-01   1.3890167e-01  -1.8486352e-01  -2.7210969e-01   5.9780551e-01   2.0354621e-01  -4.5821676e-02  -1.1145755e-01   4.3687472e-01  -1.0763901e-01  -2.9481361e-01   2.0437483e-01  -9.4695969e-03   1.4132338e-01  -8.9061697e-02   1.8364454e-01  -7.8841543e-02   2.4232062e-01   1.0545656e-01   5.5682128e-01   1.2669457e-01  -2.5875739e-01   4.5387895e-01   1.7920267e-01  -5.9306134e-02   3.8256912e-01   1.6195271e-02   4.7240637e-01  -1.7233070e-01  -2.1028779e-01   1.9840236e-01  -2.7695674e-01   2.7798890e-01  -2.4659823e-01   3.9322083e-01  -3.0633199e-01   7.0074874e-02  -2.1810936e-01  -1.1729140e-01  -1.3394360e-01  -1.4214831e-01   1.5381908e-01  -1.8944057e-01  -4.4391425e-01   5.0336832e-01  -3.3742070e-01   5.7016075e-02  -3.5910188e-01   3.4646851e-01  -5.1070807e-01   4.3660053e-01  -2.8454628e-02   7.4033368e-01  -1.3997415e-01  -1.0742079e-01  -8.1612605e-02   4.2722146e-01  -1.5936547e-01   2.6960168e-01  -2.3309189e-01  -4.6100431e-01  -3.1773127e-01   2.2876470e-01   4.1267704e-01   1.8662568e-01  -1.4009139e-01   1.4221839e-01   2.5366466e-01   2.9280680e-01  -3.0347828e-01  -5.0790913e-01   1.3400446e-01   2.4866532e-01  -6.5875970e-03  -1.9648644e-01
  -1.1455996e-01  -1.0137627e-01  -3.1130010e-01   0.0000000e+00   1.3853465e-01  -3.2793122e-02  -2.8371785e-01   1.9678849e-01  -1.7959531e-01  -3.7016124e-02   2.7819792e-01  -1.8979617e-01   2.5745683e-01  -2.4486221e-02   4.8766013e-02   2.5925840e-01  -1.8042534e-02   6.1452934e-01  -1.0262939e-01   4.7941830e-02   2.0313220e-01   5.7286918e-01  -1.8524450e-01   1.6679716e-01   5.5487651e-01  -2.2226332e-01  -6.7793256e-02  -2.9612179e-01  -3.1764810e-02   4.1181612e-01   3.5963166e-01  -7.1324082e-01   2.8429453e-02  -2.6557727e-01   1.2652201e-01  -7.8302723e-02   2.7773614e-01  -1.7238738e-01   3.6973995e-01  -1.8377110e-01   1.3715810e-01   3.6910574e-03  -2.4517041e-01   2.4314856e-01  -5.7028925e-01  -4.5593888e-01   2.8636741e-01  -5.9125835e-02   2.0034789e-01  -1.7488948e-01   2.8890819e-01  -1.4730763e-01   2.0238499e-02  -6.8724927e-02   9.1490741e-02   1.3361209e-01  -4.4994999e-02  -1.3219799e-01   2.9042318e-01   5.4004905e-02   1.0389667e-02  -8.5229162e-02  -2.3447375e-01   4.5627748e-01   1.1923348e-01   3.6694138e-03   2.9788208e-01   7.9767095e-01   3.0385372e-01  -1.3473270e-01  -9.3299556e-02  -4.0683147e-01  -8.8784879e-02  -1.3189445e-01   3.8983046e-02  -8.7843298e-02  -1.5904906e-01   1.9403628e-01  -2.3973633e-01   4.9004178e-01  -2.3371243e-01  -7.7218402e-02   3.1704807e-02   7.2588187e-02   5.0216091e-03  -2.3007033e-01  -7.5446003e-02   1.2654623e-01  -2.5404655e-01  -2.9309797e-01  -2.2686048e-01  -2.5472993e-01  -3.9766369e-01   1.6185336e-01  -2.2475300e-01  -6.6056621e-02  -2.2093815e-01  -1.2496142e-01   6.9719980e-01  -5.3248020e-02   7.0419236e-02   1.6546250e-01   3.6345718e-01   1.2578123e-01  -9.0748590e-02   9.5735672e-01   1.0341096e-02  -7.4203296e-03  -7.2206410e-02  -9.4696673e-02  -1.6472310e-01   8.0253147e-02   9.2828873e-01  -2.4092211e-01  -1.5364208e-01  -3.3663224e-01   1.5593657e-01   6.1349613e-02   6.8359717e-02  -5.1813375e-01  -1.7471773e-01  -3.1287141e-01  -2.4922314e-01   2.1555703e-01  -4.2835748e-01  -5.3462802e-03   4.6294055e-02  -2.2324021e-01   3.6102488e-01   1.0645534e-01   3.0602483e-01  -1.2270288e-01  -7.5751436e-02   1.2757694e-01  -2.7559854e-02   1.4207130e-01  -7.3281017e-02   3.0812716e-01  -7.9191016e-02   6.0533545e-02  -2.1172143e-01   2.4802965e-01   2.7689498e-02  -2.2952639e-02  -1.0291170e-02   5.8869900e-01  -2.2090218e-01   8.9910321e-02  -1.6357927e-01   4.1467446e-03  -2.1433191e-01   8.0005239e-02  -5.3336649e-01   1.3163481e-01  -1.2457707e-01  -7.1283574e-02   1.9151527e-01   2.3223210e-01   1.0150759e-01   9.0335046e-02  -5.3826906e-01   2.4884629e-01   1.0978508e-01   8.2143900e-01  -2.7149436e-01  -5.0822270e-01  -7.3150841e-02   2.1577615e-01  -1.3538898e-01  -3.0991239e-01  -4.4213530e-01   3.5429438e-02   8.6302872e-01   2.2742919e-01   1.7392625e-01   4.8286673e-01   6.8504580e-01
   1.1722754e-01   2.2172295e-01   1.2185570e-01   1.3853465e-01   0.0000000e+00   1.4919478e-01  -1.7278813e-01  -7.1239783e-02  -5.3898767e-02   1.3466710e-01  -1.2289277e-01   3.5518676e-02   4.9310228e-01  -3.4855726e-01  -3.0456465e-01   2.3936180e-01   1.2574072e-01   8.0262938e-02   1.0048127e-01   4.7918653e-01  -3.6271822e-01  -2.2546407e-01  -2.8270624e-01  -8.5130694e-02   2.5728338e-01   2.1531578e-01   3.7044573e-01  -1.3586811e-01   3.6018489e-01  -7.0173346e-02  -4.3960412e-01  -1.5286308e-01  -2.2096177e-02  -2.7123902e-01  -1.2044851e-01   2.0973893e-01   3.2561230e-01  -2.9397997e-01   1.1100279e-01   3.2605527e-01   2.9996448e-01   9.8087279e-02  -4.4811705e-02   6.3746440e-03  -2.5995942e-01   5.9418411e-02   1.1928042e-03  -5.1916781e-02   4.0060746e-01   7.9426694e-02  -1.1677777e-01   1.9399727e-01  -9.9990159e-02   7.8076617e-02  -2.2610280e-01  -1.8739147e-01   3.8456255e-01  -5.9302589e-02  -4.7323959e-02  -1.1842942e-01   7.1899788e-02   1.5131614e-01  -2.3498254e-01  -6.8558337e-02  -9.2578951e-02  -1.9728914e-01  -2.0931068e-01   3.7539162e-01   5.0333884e-02   1.8723903e-01   1.2371866e-01  -2.1082599e-01   8.3679037e-02   1.3789615e-01   3.8174560e-02  -1.1571677e-01   3.3560850e-02   9.4311400e-02   2.1086455e-01   2.8662241e-01  -2.5357978e-01  -1.4437742e-01  -3.5676907e-01   2.3900112e-01   2.1191299e-01   1.0054994e-02  -1.1285152e-01  -1.2641001e-01  -1.2009507e-01   9.5184119e-02   3.9653550e-01   7.1240942e-02  -1.0164784e-01  -1.0073839e-02  -2.0287519e-01   6.7332615e-01  -1.2723171e-01   1.5056412e-01   3.7718643e-01  -1.6728247e-01  -4.8453810e-02   2.2271148e-02  -2.9026617e-01  -2.1428288e-01  -1.7515222e-01   2.1806190e-01   3.9887029e-02   2.2801645e-01   4.3377604e-01  -1.5291848e-01  -2.6712621e-01  -2.1149482e-01   1.9234691e-01  -6.8231639e-02  -1.4688864e-02   8.6820102e-02   2.0337507e-02   2.7007220e-01  -3.8307597e-01  -2.2854049e-01  -1.3571600e-01   3.0897516e-01  -8.5384717e-03  -1.3228206e-01  -7.1492004e-02  -2.5204642e-02  -3.6045311e-01  -5.3086434e-02  -7.7161041e-03   1.5753368e-01   4.1015545e-01  -1.0506945e-01   3.4925137e-01  -4.3516957e-01   1.1701017e-02  -1.8651949e-02   8.9629884e-02  -9.5822828e-02   1.6934965e-01  -3.7117299e-02   4.1279372e-02   5.9838531e-01  -8.0358970e-02  -1.7303443e-01  -4.1444236e-01  -1.9595439e-01  -1.0610475e-01   1.0374385e-01  -1.1133791e-01  -2.4242942e-01   1.0091265e-01  -2.8199191e-01  -8.4163261e-03  -2.0175491e-01   2.6108576e-01  -3.0597693e-01  -1.6273947e-01  -1.1440451e-01   1.4439619e-01  -8.7675202e-02  -1.6799126e-01  -2.7249198e-01  -1.2114154e-01  -6.5952870e-02  -2.0101374e-02  -2.9887155e-02  -1.1030686e-01  -2.2723643e-02   3.1848674e-02   5.0938184e-02   8.4743327e-02  -3.7751197e-01   6.8238833e-03  -2.3869964e-01   4.7345843e-02   1.4017538e-01   1.0098701e-02
  -3.5334916e-03  -1.1022603e-01   4.3940591e-01  -3.2793122e-02   1.4919478e-01   0.0000000e+00   3.4517958e-01  -7.3389958e-02  -8.6702294e-02   1.8086254e-01   1.1691736e-01   5.1823894e-01   2.6927889e-01  -3.0960614e-01   9.5120173e-02   3.8615108e-01   3.7435304e-01  -5.7956502e-02   1.8271265e-01   5.1438016e-01  -1.3443223e-01   1.1448316e-01   3.0699274e-01  -4.7182726e-02   2.4209400e-02   2.7263677e-01   2.0335860e-01   1.4289898e-01  -8.6788910e-02  -5.1143880e-02  -2.4600080e-01   1.2776583e-01   1.0977230e-01   1.8870788e-01   1.7415605e-01   1.0767826e-01  -1.5411713e-01  -8.0470260e-02  -2.7531019e-02   2.3434447e-01  -3.8325761e-02   3.3405747e-01  -1.3678928e-01  -2.4882472e-01   1.1779700e-01   2.3851078e-01   2.0986881e-01  -2.8475233e-01  -2.3150486e-01   1.6477732e-01   3.4839134e-01   9.4876688e-02  -3.6324558e-01   9.5823993e-02  -2.7744910e-02   2.1206583e-01   6.2553428e-01   1.3793742e-01  -1.8829599e-01   4.1236233e-01   2.3161483e-01   4.3655963e-01   1.0517630e-01  -1.9497132e-01  -4.6094705e-01   4.1035256e-01   4.4767989e-01  -7.9029546e-02   1.2858924e-01   5.5259937e-01  -3.2199501e-01   1.7466435e-01  -9.6029552e-02   3.1471509e-01  -4.5281584e-02   3.3756698e-02   2.4421040e-01  -2.3403286e-01  -1.1988800e-01  -2.2623322e-01   4.2085839e-01   9.4140380e-02  -9.5948288e-03  -2.2363348e-01   1.4738340e-01   2.1013900e-01  -3.1497384e-01  -1.8432754e-01   1.4366893e-01   1.2680779e-01  -1.0651049e-01   3.5879462e-01   1.7451997e-01   8.9301589e-02  -1.2990899e-01   3.9765194e-01   4.1932407e-01   2.2834543e-01  -1.7747189e-01   4.1547549e-01   2.5146857e-01   4.0377058e-01  -9.9739735e-02   3.1297809e-01   1.3215790e-01  -1.4188425e-02   2.8980194e-01   2.4655913e-01   1.5131413e-01  -3.3841072e-01   3.3393395e-01   2.2199286e-01  -1.0541500e-01  -3.6048678e-02   1.4320203e-01  -3.6119511e-01   2.8172088e-01   3.1329976e-01   2.8221634e-01   2.2543872e-01  -9.9928409e-03   3.6805089e-02  -3.4299544e-02  -4.7412595e-01   2.5926074e-01   1.8117066e-01   3.5523234e-01   2.0114105e-01   1.4742495e-01   4.1769819e-01   4.9006624e-02  -3.2603984e-01   8.6313240e-02  -4.1213470e-01   1.7988431e-01  -5.8088860e-02   1.0692820e-01   8.3536072e-03   1.3698119e-01  -3.7960892e-01  -2.1028611e-01  -2.0659498e-02   4.0652991e-03   4.5309984e-01   1.8559475e-01  -5.7089266e-02   3.1332106e-01  -2.0948057e-01   4.4344345e-01  -4.7433636e-01   4.3491077e-01  -3.3319641e-01   1.1449166e-01   1.1137497e-01   1.6910731e-01  -2.0563163e-01  -7.3561999e-02   1.7669288e-01   1.1343476e-01   1.5694846e-01   2.5616877e-01   8.3419609e-02  -2.5170473e-01   1.2956361e-01   2.6125286e-01   1.0031089e-01   4.1899960e-01  -1.1648227e-01   1.8520918e-01  -2.9446021e-01  -1.1945807e-01  -4.3762682e-01  -9.0237551e-02   4.1001087e-01   1.7118690e-01  -1.9909716e-01   1.0498867e-01
  -2.2259469e-02   1.0320705e-01   1.1151328e-01  -2.8371785e-01  -1.7278813e-01   3.4517958e-01   0.0000000e+00  -3.2734972e-01   7.6916743e-02   3.1552905e-01  -7.5930199e-02   6.4989633e-01  -3.2190942e-02  -2.6426236e-02   4.1549348e-01   1.4934915e-01  -1.1968444e-01  -2.3257726e-01  -2.5858372e-02   1.3720804e-01   9.0028940e-02  -2.8849805e-01   7.7326309e-01   1.2087085e-01  -4.6703354e-01  -1.5435225e-01   7.6673434e-02   1.3232114e-01  -2.1593451e-01   8.9858111e-02  -4.3616853e-02   2.2526847e-02  -1.6836414e-01   8.1937437e-01  -2.7714147e-02   9.1119377e-02  -3.8002088e-01   5.0953728e-02  -2.2524589e-02   2.4493234e-01  -9.9779000e-02  -1.0777505e-01   1.4185676e-01  -4.1248040e-01   2.5856823e-01  -4.4568743e-02  -1.2085890e-01   2.9078700e-01  -4.1612164e-01   1.1007986e-01   5.2535601e-02  -2.0512046e-01   4.8564426e-02  -2.2402510e-01  -8.3408330e-02   2.1976645e-02  -1.2618244e-01  -2.6490073e-01  -2.2621439e-01   4.8100600e-02  -2.6291622e-01   2.7421836e-01   1.4052839e-01  -3.7843022e-01  -6.8876945e-02   3.8842353e-01  -4.6178785e-02  -4.0936449e-01  -3.1391209e-01   2.1075810e-01   2.0425796e-01  -7.4328721e-02   1.8137982e-02   9.2820120e-02  -3.9153846e-01  -1.6340106e-01  -1.3306175e-01  -4.3215247e-01  -6.4271935e-03  -4.3712823e-01   3.5050990e-01   2.1773958e-01   2.8184862e-01  -3.7119842e-01  -9.6944254e-02   1.0733666e-01   1.2891007e-01  -9.5071762e-02   2.0107043e-01   1.7552092e-01  -1.4124661e-01  -1.0114618e-01   5.2752763e-01  -5.6826274e-02  -2.9034033e-02   3.1373416e-02  -8.1045968e-02  -7.8023547e-02  -3.1585838e-01   4.8582177e-01   6.7272454e-02  -2.2046838e-02  -2.7080661e-01  -1.0648329e-01  -5.2341230e-02  -2.4716355e-01  -2.1147797e-02  -2.3008846e-01   1.9771248e-02   9.7468796e-02   5.9310860e-01  -1.3941066e-01  -2.5817335e-01  -3.4611148e-02   8.3561270e-02  -5.8428307e-02   3.5596699e-02   1.6879872e-01   1.1082075e-01  -3.6827434e-04   2.6785155e-02   3.4924400e-02  -7.4368570e-02  -5.6648945e-02  -1.9418658e-02  -1.3881221e-01   4.7118905e-01   5.1902217e-02  -2.9783244e-01   2.7031263e-01  -6.4338257e-02   9.9171971e-02  -3.1370132e-01   1.9546628e-01  -1.1145057e-01  -3.4510096e-01  -2.7067920e-01   6.5352167e-02  -1.9429719e-01  -4.3370634e-02   7.9140991e-02  -2.2178121e-01  -2.0612123e-01   3.4514364e-01   5.3086543e-01  -1.6199907e-01   6.0885873e-01  -1.0209846e-01   5.8451686e-01   1.0538696e-01   1.3369283e-01  -6.2895082e-03  -2.4938160e-02   1.1446856e-01   9.9886124e-02   1.8946071e-01  -3.1723459e-02   2.5164431e-01  -3.1669789e-01  -7.3153966e-02   5.3581706e-02  -1.3745319e-01   6.5894523e-02  -2.0263600e-01  -2.2862666e-01   2.7160148e-01   1.8947607e-01  -4.7789015e-01   6.2938978e-03   1.3789000e-01   2.3150752e-01   1.5239139e-01  -2.0302122e-01   7.3316915e-02  -7.5526867e-02  -3.2500568e-01  -3.8732979e-01
  -1.2161049e-01  -2.4071911e-01  -1.7517198e-01   1.9678849e-01  -7.1239783e-02  -7.3389958e-02  -3.2734972e-01   0.0000000e+00   9.2795384e-02  -2.1606796e-01   1.1165206e-01  -2.8699134e-01   4.4654477e-02  -6.7535068e-02  -3.0356133e-01  -8.6142296e-02  -1.4272699e-01  -4.2108865e-02   2.7957757e-01  -1.6508127e-01  -1.4644479e-01   2.7983466e-01  -1.3961974e-01  -5.1277306e-01   1.4493951e-01   2.3352724e-01  -1.7602444e-01   2.3378048e-01  -6.4980351e-02  -1.6528807e-01   3.9925659e-01  -5.9210325e-02  -2.1419199e-02  -3.1610327e-01   2.1093449e-02  -1.9857826e-01  -2.9620980e-02  -3.6689843e-01   3.1711387e-02  -1.2503869e-01  -6.8773110e-02  -1.0462623e-01   1.7236245e-02   6.9770339e-01  -2.2570344e-01  -1.5416382e-01  -3.5692856e-02  -1.8980798e-01  -1.5535235e-01  -9.5567160e-02  -7.1898967e-02   3.3297946e-01  -7.5086249e-02  -7.6951747e-02   1.6729573e-02   1.7553929e-01   1.1648023e-01   2.4023878e-01   1.7254503e-01  -1.3471260e-01  -2.2150110e-02  -3.8658514e-02   1.9682210e-01   4.0120490e-01  -6.0980529e-02  -2.2627929e-01   6.9517869e-02   1.4971477e-01   3.3193215e-01  -3.1315914e-01  -5.1127054e-02  -9.8672266e-02  -1.7050065e-01  -3.2371560e-01   1.6311028e-01   4.3808019e-01  -1.1152156e-01   4.8194515e-01  -1.6031163e-01   8.2075730e-02   4.3116053e-02  -2.0683479e-01   6.7811705e-03   2.8254843e-01  -1.9209556e-01   9.3626863e-02  -3.3719629e-02  -4.5255156e-01  -3.7969270e-02  -2.1970297e-01   3.1181615e-02  -1.4990018e-01  -1.7588211e-01  -2.0462715e-02  -2.8656070e-01  -1.8115426e-01  -1.1343961e-01   4.2788989e-01   2.5174050e-02  -2.3488763e-01  -2.2335096e-02  -9.1723797e-02   2.4448326e-01   6.2220377e-02   1.5462527e-01   2.1814341e-01  -1.3136743e-01   3.8158724e-01  -1.7898157e-01  -1.8120890e-01  -1.7063084e-01  -8.9139397e-02   1.4396785e-01  -1.1188791e-01  -9.3946235e-02  -1.0918411e-01   2.8700995e-01  -2.1884532e-01   2.2864737e-01  -8.4687001e-02  -2.4538804e-01  -7.8910226e-02  -1.1761354e-01   2.3094679e-02  -2.1730514e-01  -1.1289439e-01  -2.4290809e-01   1.2114190e-01   4.3397011e-01  -1.1044570e-01  -1.4880801e-01  -1.3105803e-01  -1.9352084e-02  -8.4860324e-04   1.9835026e-02   8.0344254e-01  -3.9999600e-03   1.3537422e-01   4.1404576e-01  -2.2425780e-01  -3.0957921e-01  -7.9201882e-03   6.1753300e-01  -2.8272665e-01  -9.1280771e-02   4.0592852e-01  -8.8425931e-02  -2.2349537e-01  -2.5682447e-01  -5.2668465e-02  -3.0843898e-01   4.2254163e-01  -2.4588120e-01   1.0713534e-03  -5.4650260e-02  -4.0623277e-01  -2.2442977e-01  -1.6750026e-01   5.0432187e-02   4.2245030e-01  -1.0116038e-01   4.8706078e-01  -1.0593157e-01   4.1373208e-01   8.2710611e-02  -2.1777525e-01   1.2673643e-01   4.7790634e-01  -3.1775313e-01  -6.7165065e-02  -2.7669170e-01  -2.9688271e-01   1.5906589e-01  -1.2142757e-01   2.1406441e-02   1.6156169e-01   3.9291839e-01
  -3.5006767e-02   4.0528343e-01   1.2314248e-01  -1.7959531e-01  -5.3898767e-02  -8.6702294e-02   7.6916743e-02   9.2795384e-02   0.0000000e+00  -2.5524472e-01  -4.9207355e-01  -3.9814296e-02  -1.5274253e-01  -1.0082660e-01  -2.1705221e-01  -4.4469485e-01  -1.1413320e-01  -4.7973120e-01   5.2067276e-01  -2.6589800e-01  -3.7563738e-01  -7.2389971e-02   9.5734375e-03  -3.4092513e-01  -2.6305489e-01   3.7942854e-01   4.0553581e-02  -3.4521457e-02  -1.1604725e-01   1.0229790e-01   1.6226988e-01   1.4444198e-02  -1.9687119e-01   2.9250726e-01   2.6768898e-01  -1.1468608e-01  -4.7698174e-01  -2.0549147e-01  -3.8340239e-01   3.7519142e-01  -3.7494081e-01  -2.0331857e-01   7.6745907e-01  -3.1139098e-01   3.4650030e-02   2.3116274e-01  -4.4295543e-01   5.4801509e-01  -4.0581936e-01   2.9329610e-01  -4.7495138e-01   2.4980198e-01   4.9345066e-01  -1.7772178e-01   1.9684475e-01  -4.3227297e-01  -1.7720678e-01  -5.5217799e-02  -3.5251678e-01  -1.9763545e-02   1.5509635e-02   2.0456842e-01   7.5648427e-01  -5.4498129e-02   1.3092705e-01  -3.9407346e-01  -4.4774461e-01  -9.3504803e-02  -3.1919106e-01  -1.6013017e-01   3.9225369e-01  -2.3052922e-01   5.6602125e-04  -3.3829238e-01   2.6019198e-01   7.1600061e-02  -2.6771702e-02  -2.7203916e-01   2.2732489e-01  -3.7030150e-01  -2.4117185e-01  -1.3721024e-01  -2.2660068e-01  -3.4168359e-01  -2.9048774e-01   1.4774187e-01   6.6381940e-01  -5.1183148e-01   6.1645343e-01  -1.4906788e-01   4.8494383e-01   2.3473880e-02   4.0747032e-01   4.0831144e-01  -1.7875619e-01  -1.6271685e-01  -2.2642787e-01   4.1055263e-01  -2.7915347e-01  -1.8652642e-01  -3.6550738e-01  -4.2142123e-01  -4.8794191e-01   2.9632079e-01  -2.9621410e-01  -1.0035590e-01   1.7074651e-01   8.2165368e-02  -1.6916371e-01   1.7355867e-01   1.7761602e-01  -4.8988844e-01  -8.3865174e-02   2.3058057e-02  -3.7260651e-01   5.1654526e-01  -2.1152336e-01  -1.1686217e-01  -9.9042395e-02  -8.9831019e-02  -2.0152605e-01   4.7455041e-01   6.7164603e-02   3.0770871e-01   9.7386862e-02  -9.3766944e-02  -3.1509502e-01   5.8243492e-01   3.9104206e-01  -6.0926676e-03  -2.1186359e-01   3.1200136e-02  -1.9380167e-01   9.0186764e-02   3.1952799e-01   8.3776703e-02  -1.4193399e-01  -2.7817705e-01   9.3092660e-02  -3.1352140e-01   4.1609643e-02  -1.5965597e-01  -3.0854184e-02  -4.0264868e-01  -4.0833641e-01  -2.5974461e-01   3.1841585e-01  -3.7173413e-01  -1.7548575e-01   8.4606548e-02  -2.4139334e-01  -4.3202980e-01  -2.1289701e-01  -6.9756782e-02   3.3148756e-01  -2.5957500e-01  -9.5961729e-02  -2.1123133e-01   1.8071146e-02  -4.2134806e-01  -1.3424140e-01  -2.0008606e-01  -2.8568893e-01  -1.7965013e-01  -1.7548195e-01   4.7812595e-01   1.8026794e-01  -1.3037992e-01  -1.2979425e-01   4.9833821e-01   4.5548576e-01  -1.1753710e-02  -2.1100796e-01  -4.0922299e-01   5.8605560e-02  -1.1407957e-01  -1.2240788e-01
   1.1735003e-01  -3.2016604e-01  -1.8632825e-01  -3.7016124e-02   1.3466710e-01   1.8086254e-01   3.1552905e-01  -2.1606796e-01  -2.5524472e-01   0.0000000e+00   3.0549692e-02   2.9372731e-01   7.3557163e-02  -5.9223114e-03   9.6621958e-02   2.3502708e-01  -1.1738407e-01   1.2396536e-01  -3.3982455e-01   3.0138455e-01   1.3116097e-01  -1.5723299e-01   3.4788952e-01   1.9195265e-01  -2.4939172e-01  -2.2525573e-01  -4.4776323e-02  -4.9512368e-02   5.7642876e-02   2.1435264e-01  -1.6223305e-01  -6.3076608e-02  -4.5983820e-01   1.8250931e-01  -5.2717965e-02   2.8716597e-03   2.7831094e-01  -3.0749483e-01   7.7670017e-02  -2.2490149e-01  -7.5543883e-02  -3.0998964e-01  -1.8129719e-01  -2.8169332e-01  -1.5395775e-02  -2.3158796e-01   8.7871731e-02  -1.9923632e-02  -4.2358028e-02  -2.8957229e-01   8.4787465e-02  -2.8347814e-01  -2.0005861e-01  -3.3505771e-01  -2.4802279e-01   8.8582769e-03   3.5964154e-02  -2.9990375e-01  -2.4144581e-01   2.0749981e-02  -2.8472913e-01   9.2405545e-02  -1.3468915e-01  -2.8881884e-01  -2.5922573e-01   5.6816820e-01   4.5350882e-03  -5.3669523e-02  -2.1477108e-01   1.3048429e-01  -1.6412248e-01   1.2920584e-02  -1.3928467e-01   1.9585445e-01  -3.6031696e-01  -2.6979046e-01  -2.0702865e-01  -2.5339588e-01  -2.3023409e-01  -1.8937724e-01  -2.7638594e-02   1.4914579e-01  -1.6187459e-01  -2.6983936e-01   9.1171052e-02  -2.0317462e-01  -1.6625498e-01   5.4754592e-02  -1.1946236e-01   2.7715970e-02  -1.8915669e-01  -2.1223378e-01  -2.5389326e-02  -2.8594242e-01  -1.7867988e-01   3.7231296e-01  -1.5804120e-01  -2.9346218e-01  -4.2124789e-02   4.1238968e-01   7.4100148e-02   1.4633399e-01  -9.4421345e-03  -1.7191526e-01  -4.1853504e-02  -2.5269647e-02  -2.5703425e-01  -3.8887265e-01   5.5858871e-01  -1.4597374e-02  -2.4302840e-03  -2.0490198e-02   9.9201263e-03  -2.9506746e-01   5.7622253e-02  -2.6264853e-01  -4.8201350e-02   1.4003868e-01  -2.0589552e-02  -9.2302346e-02  -3.7404409e-02  -3.0341763e-01   8.0928111e-02  -1.4588694e-01  -2.6875591e-01  -2.4942734e-02   7.3508207e-02  -2.3061667e-01  -3.9143344e-01   1.1562948e-01   2.3879289e-01  -1.0524849e-01  -4.3801400e-02  -1.9576840e-02  -2.3821138e-01  -2.6774059e-01  -3.3888502e-01   2.7586206e-01  -1.8605023e-01  -1.0695582e-01   2.0645223e-01  -1.0306613e-01  -3.0195139e-01   1.1809619e-01   2.0612393e-01   3.2693945e-02  -1.6375040e-01   3.2208924e-01   4.5828514e-01   1.2463019e-01   4.9231286e-02   3.7324989e-02  -4.9773632e-02   1.2448672e-01  -3.2634247e-01  -3.7213532e-02  -3.9821962e-02   8.7667337e-02  -3.4944882e-01  -3.3304836e-02  -1.3719031e-03  -1.8239820e-01   4.9220371e-01   2.3274325e-02  -2.1083167e-01  -9.7654814e-02   7.8468102e-03  -3.9447758e-01   2.5420821e-02  -3.0665505e-01   4.4996348e-02   4.3400107e-02   7.0722684e-02   3.2922819e-02  -1.3518978e-01  -3.0937433e-01  -3.5883601e-01
  -2.3101465e-01  -4.1367859e-01  -2.6838271e-01   2.7819792e-01  -1.2289277e-01   1.1691736e-01  -7.5930199e-02   1.1165206e-01  -4.9207355e-01   3.0549692e-02   0.0000000e+00  -1.5967367e-01   3.2790573e-01   9.4047656e-02   2.5528488e-01   5.0451170e-01  -1.8233502e-01   5.7501396e-01  -3.3352295e-01   2.4209322e-01   2.3514716e-01   4.5634939e-01   3.6867592e-02   2.4650067e-02   3.3565541e-01  -3.2902380e-01   8.3905429e-02  -9.4461327e-02  -7.8223790e-02  -1.9313673e-02   2.7328431e-01   7.4310650e-02   2.2730339e-01  -3.0235407e-01   1.7577931e-02   2.7059575e-01   2.1701835e-01  -6.5741003e-02   6.2915512e-01  -4.5611760e-01   4.8008817e-01   2.0627642e-01  -5.2572850e-01   4.1346153e-01   2.4645774e-01  -4.5994332e-01   8.0862455e-01  -4.7662204e-01   2.5857984e-01  -3.3078235e-01   6.2236510e-01  -3.5154543e-01  -4.0439432e-01   8.2483832e-02  -3.7002021e-02   5.2772125e-01   5.2106124e-02   2.9596170e-01   5.4912878e-01   1.1855850e-01  -2.4032864e-01   2.2226328e-01  -4.5278614e-01   3.1137575e-01   5.1039692e-03   4.5652887e-01   5.7773854e-01   7.8844169e-02   7.5724659e-01  -1.2237332e-02  -4.1525678e-01   4.1867501e-01   2.1044558e-01  -1.0274489e-01  -3.1493333e-01   1.6516348e-01  -2.1241056e-01   4.2188003e-01  -2.1756385e-01   4.0940155e-01   1.0020269e-01   2.3377631e-01   3.9451670e-01   1.3506784e-01  -7.7601583e-02  -1.1105251e-01  -4.7207539e-01   2.7933825e-01  -4.3884752e-01  -2.7346622e-01  -5.3079961e-01  -2.6453002e-01  -4.7636889e-01  -9.8098631e-02  -7.0234866e-02  -9.4753589e-03   3.1982313e-01  -4.3149564e-01   3.0827382e-01   1.6857678e-01   5.0954312e-02   2.9809710e-01   6.3321350e-01   6.7841519e-02   4.3654716e-01   1.3391646e-01  -1.1830509e-01   1.3014820e-01   1.6026415e-03  -2.9240972e-01  -7.8377124e-02   5.3980818e-01   4.8662766e-02  -3.3960194e-01   1.2612980e-01  -5.1716341e-01   3.7893028e-01   2.4831052e-01   4.3314537e-01   3.2341755e-01   3.2335573e-02  -5.4907052e-01  -9.0951043e-02  -2.4627970e-01  -3.9872975e-01  -2.7402061e-01   4.0065759e-01  -4.1147773e-01  -4.4890524e-02  -1.1341674e-01   4.3045760e-01   7.5254254e-02  -2.5058488e-01  -9.2945059e-02  -1.4421108e-01   1.4588032e-01   2.5336043e-01   1.2362470e-01  -8.9686748e-02   6.3624041e-03  -1.2600805e-01   1.1858482e-01   4.0356474e-01   4.1533149e-01   4.1033537e-01   4.3605683e-01  -3.2781903e-01   3.6539728e-01   9.3448361e-02  -1.1726471e-01  -1.0482337e-01   3.1085420e-01   1.6769319e-02   4.1997100e-01  -3.8147265e-01   9.3758630e-02   5.4118455e-02   2.9489915e-01  -2.9167138e-01   2.6236622e-01   2.1758960e-01   7.3217674e-01   2.3602866e-01   3.7994003e-01   3.3406204e-01  -3.8166926e-01   1.3254389e-01   2.1316073e-01   1.2789872e-02  -5.0061712e-01  -5.0851273e-01   5.0257992e-02   3.9424712e-01   4.6768173e-01  -8.8672996e-02   7.7848935e-02   4.4289531e-01
  -7.5033457e-02   2.7019111e-01   4.4543698e-01  -1.8979617e-01   3.5518676e-02   5.1823894e-01   6.4989633e-01  -2.8699134e-01  -3.9814296e-02   2.9372731e-01  -1.5967367e-01   0.0000000e+00  -5.8358539e-02  -2.5949649e-01   4.5994539e-01   2.0416254e-01   2.9364219e-01  -2.7365330e-01  -1.1436030e-01   2.7455199e-01  -2.3628293e-01  -2.2183991e-01   4.5458806e-01   1.0372765e-01  -2.2805794e-01  -2.4994517e-02  -1.2359626e-01   6.5410682e-02   1.3540045e-01   1.4437780e-01  -2.1158656e-01   6.1191637e-02  -1.3735474e-01   6.0003943e-01   1.2362959e-01  -1.6186856e-01  -2.3085398e-01   9.5255380e-02  -1.1814281e-01   3.9263665e-01  -1.3643397e-01   4.5154870e-02   4.1829245e-02  -3.2621213e-01  -2.3223448e-02   9.9654674e-02  -2.1881586e-01   4.8382216e-03  -3.7176276e-01   3.4706097e-01   2.4995696e-02  -1.0392656e-01  -1.3029415e-01   1.1044754e-01  -3.1055469e-02   6.1063714e-02   2.6797473e-01  -2.3859009e-01  -1.9369853e-01   3.8209790e-01  -5.2389692e-02   1.0158613e-01   7.6166527e-02  -3.9061161e-01  -3.0700162e-01   2.8504072e-01   8.8446842e-03  -1.7603503e-01  -3.0005976e-01   3.2895672e-01   4.9968330e-02  -1.1215715e-01  -9.1840223e-02   4.0567324e-01  -1.3302107e-01  -2.4086916e-01   1.1676922e-01  -3.7838167e-01  -5.6598755e-03  -2.3257301e-01   3.4588024e-01   1.4635111e-01  -2.4905216e-02  -2.9528185e-01  -4.4629214e-02   1.2977622e-01   9.7510743e-03   6.8439020e-03   2.6240457e-01   5.5410740e-02   3.1414351e-02   2.1755631e-01   6.1159920e-01  -8.8003209e-02  -1.6013877e-02   2.9497139e-01   9.6163819e-02  -5.7161823e-02  -2.8865213e-01   3.2347639e-01   7.5728174e-02   2.2084788e-01  -3.6282376e-01   8.3704070e-02  -1.2934834e-01  -1.3682537e-01   2.5350470e-01  -2.0365115e-01   7.4445495e-02  -1.7242625e-01   6.0056313e-01  -6.6815763e-02  -1.1381656e-01  -3.4414829e-02   9.0671158e-02  -1.7369966e-01   5.7491798e-03   2.0122750e-01  -7.5207947e-02  -3.0189908e-02   8.7723301e-02   2.1282348e-01   2.5886926e-01  -1.3237792e-01   1.2150788e-01   2.2990025e-01   3.5527587e-01   3.9879323e-02  -2.7676289e-01   3.4467257e-01  -1.0991188e-01  -2.7193125e-01  -2.8744152e-03  -1.1236766e-01   1.2812431e-02  -3.6375282e-01  -7.1184296e-02  -6.0904647e-02  -1.3274676e-01  -1.0041497e-01  -9.7055912e-02  -1.1679104e-01  -2.0733532e-01   3.9316064e-01   3.4681328e-01  -1.5240399e-01   6.8396501e-01  -2.6862240e-01   5.0737485e-01  -2.2582573e-01   3.3098491e-01  -2.7558855e-01   5.5428421e-02  -1.7978938e-02   4.2574051e-01   8.1375282e-02  -1.3888929e-01   1.6779572e-01  -7.9161434e-02  -6.3125168e-02   1.0882077e-01  -2.3226993e-01  -2.0806130e-01  -1.3911078e-01  -5.1538075e-02   2.2626360e-01   1.8854951e-01  -3.7114292e-01   8.0124850e-03  -3.7543999e-02   2.8552221e-01   5.3260104e-02  -2.8164305e-01   3.0212808e-01   8.7521554e-02  -2.5655955e-01  -3.3030459e-01
  -4.4592385e-02  -8.9864455e-02  -9.1854197e-02   2.5745683e-01   4.9310228e-01   2.6927889e-01  -3.2190942e-02   4.4654477e-02  -1.5274253e-01   7.3557163e-02   3.2790573e-01  -5.8358539e-02   0.0000000e+00  -2.7430893e-01  -5.1235191e-02   5.1296653e-01   4.4559279e-02   3.6097366e-01   1.0965379e-01   5.5605852e-01  -7.9822782e-02   2.4989648e-01  -6.7876644e-02  -5.9068988e-02   2.4709003e-01   6.0178377e-02   2.6865464e-01  -1.0469167e-01  -1.3731121e-01   1.7833975e-01   4.2199571e-02  -9.9743874e-02   7.2657507e-02  -2.4415452e-01   1.8982083e-01   1.6951060e-01   1.4941672e-01  -2.6943328e-01   3.9868738e-01  -2.0396855e-02   6.4429899e-01   9.5589969e-02  -2.2802134e-01   1.4846514e-01   6.7021114e-02  -1.4282663e-01   3.1319555e-01  -2.3342753e-01   3.5826165e-01  -1.4813086e-01   4.0620377e-01  -1.8400291e-02  -2.2556840e-01  -1.6504070e-02  -1.4921204e-01   2.2139254e-01   1.6856261e-01   2.6161155e-01   3.1248259e-01   1.0884678e-01  -5.5147451e-03   5.5622845e-01  -2.9332874e-01   1.6760906e-01  -4.3230540e-02   2.0098197e-01   2.0927739e-01   2.6790108e-01   3.6258619e-01   1.3382951e-01  -1.4925715e-01   7.4939906e-02   2.9195267e-01   2.9597892e-02  -1.7703150e-01   3.6352817e-02   8.6612634e-03   2.7924420e-01  -1.4577917e-01   2.8830192e-01  -8.7887807e-04   2.3382442e-01   3.9351994e-02   2.0452857e-01   2.0451999e-01   8.3530500e-02  -2.9778970e-01  -8.0678422e-02  -2.3191346e-01   7.7747726e-02  -1.3923848e-01  -1.0076296e-01  -3.5007827e-01   2.4550483e-01  -2.0693039e-01   3.2194129e-01   1.5062448e-01   3.5071517e-02   3.8213449e-01   1.2612562e-01   1.6433003e-01   1.4722527e-01   1.6024538e-01   5.3042155e-02   2.3863380e-01   2.3395287e-01   2.7554185e-02   3.4784654e-01   2.6015939e-01  -3.7106989e-01  -2.0315716e-01   2.2102762e-01   1.6776110e-01  -1.7051081e-01   1.7967472e-01  -2.9686275e-01   2.5317260e-01   6.0910028e-01   7.6948318e-02   2.4453348e-02  -1.4021040e-01  -2.0630906e-01  -8.0741550e-02  -1.9168219e-01  -2.4041960e-01  -1.3056560e-01   1.6997032e-01  -8.5947709e-02   7.6267320e-02   1.4813649e-01   6.1161325e-01  -1.0621437e-01   1.0543371e-01  -2.1156827e-01   3.4969611e-02   1.3405961e-01   4.5213049e-03   8.3665556e-02   3.9321991e-02  -1.6858783e-01  -1.3000329e-01   6.8634639e-01   1.9301394e-01   7.1069138e-02   4.2763979e-02   2.0113594e-01  -1.1817010e-01   1.2067717e-01  -1.6988693e-02  -2.9250985e-01   9.9151358e-02  -5.0896010e-02  -1.2511245e-01   9.8825618e-02  -7.8442550e-02  -2.3150843e-01  -1.0382182e-01   3.7099039e-01  -2.9788548e-03   1.1979459e-01  -3.1883157e-02   2.7537916e-01  -5.5541132e-02   3.0008579e-01   2.8023486e-01  -2.2090527e-01   1.6603493e-02   1.0896916e-01   6.0568197e-02  -3.1768406e-01  -3.6032399e-01  -2.6149170e-01   2.7030474e-01  -1.7110232e-02   3.5203203e-02  -1.9172367e-02   2.9545270e-01
   3.6691970e-01  -1.8245121e-01  -3.7105978e-01  -2.4486221e-02  -3.4855726e-01  -3.0960614e-01  -2.6426236e-02  -6.7535068e-02  -1.0082660e-01  -5.9223114e-03   9.4047656e-02  -2.5949649e-01  -2.7430893e-01   0.0000000e+00   1.6351309e-01  -3.2661820e-01  -3.6726967e-01   5.1837267e-02  -2.0558915e-01  -2.4516286e-01   3.4617697e-01   6.1568376e-02   1.8972175e-01   3.7903039e-01  -1.0618014e-01  -1.8204432e-01  -2.2560870e-01   2.2966302e-01  -1.3642328e-01  -3.0928066e-02   1.8662682e-01  -1.5111396e-01  -2.3847290e-01   7.5803703e-02  -1.1335417e-01  -4.4780293e-02  -5.0428463e-02   2.0013051e-01  -2.4021842e-01  -3.2977245e-01  -2.1283253e-01  -2.1062694e-01  -1.4425747e-01  -2.7118393e-02   1.1610540e-01  -1.4232699e-01   5.4798197e-02   1.4474015e-01  -6.3025388e-02  -3.2114219e-01  -2.4168890e-02  -1.0049825e-01  -9.3472031e-02  -2.3007119e-01   3.4283217e-01  -3.1095394e-02  -4.4203301e-01  -1.0015223e-01  -5.1668779e-02  -1.8289169e-01  -1.5725342e-01  -1.4067498e-01   1.8400152e-03   3.5420412e-02   6.6177280e-02   4.1208747e-02   1.3887108e-01  -7.4952319e-02  -5.9706983e-02  -3.6200963e-01  -3.3608792e-02  -1.7077846e-02  -1.0328526e-01  -7.2706088e-02  -1.5400927e-01  -4.4054144e-02  -2.2536441e-01  -3.9419795e-02  -1.8879077e-01  -1.6363990e-01   8.7950912e-02  -4.7943693e-03   1.6459505e-01  -2.4500115e-01   2.4855369e-01  -2.2252654e-01   6.8565147e-02   2.7499992e-01  -5.1349079e-02   1.8376952e-01  -3.9752005e-01  -3.6371297e-01  -1.0362973e-01  -2.8931204e-01   3.8673777e-01  -3.3718899e-01  -5.9614819e-02  -2.8972345e-01  -4.3956278e-02   1.0981148e-01   2.7571740e-01  -3.1100743e-02   3.0620510e-01  -8.1919759e-02  -5.0949271e-02  -1.0107292e-01  -2.1074609e-01  -3.6672070e-01  -1.0454453e-01   1.3719485e-01  -9.8806114e-02   6.3411077e-03  -2.4576838e-02   2.3593024e-01   1.0558163e-01  -6.2145328e-02  -1.8776435e-01  -3.2291815e-01   2.5336578e-01  -9.4520996e-02   3.8527343e-02  -2.8577917e-01  -2.6044618e-01  -1.6680391e-02  -1.7877601e-01   6.0901611e-03   1.3696215e-01  -1.7315698e-03  -5.5935846e-02  -2.4061703e-01  -8.4991430e-02   1.2608122e-02  -4.3603026e-02   2.2029693e-01  -2.7158365e-01   3.3403508e-02  -1.0262075e-01   2.7467015e-01  -1.1544662e-01   3.6216995e-01   6.2002295e-01  -2.1935179e-01  -9.2372905e-03  -1.4355612e-01   1.5625467e-01   1.9036964e-01  -2.0991226e-01   9.2724695e-02   5.4902718e-02   3.7784064e-01  -1.0619362e-01   2.4725757e-01  -1.0220121e-01   1.0736029e-01  -3.9554935e-01   3.5981079e-01   4.9544656e-01  -6.6023419e-02  -2.3014417e-01   7.8140049e-02   1.8265431e-02   6.4125015e-02   2.4245313e-01  -7.5200744e-03  -3.0009923e-01  -6.1460262e-02   1.5739249e-02   3.0390375e-02   3.1039448e-01   4.1756833e-02  -9.0054725e-02   3.4242660e-01   1.1319532e-01   1.8395809e-02  -2.1083036e-02   2.2973767e-02  -1.6092878e-01
