   0.0000000e+00  -5.4630057e-02   8.0489779e-02   1.2000004e-01  -7.7567549e-02  -9.3789170e-02  -2.1978052e-01   1.5567651e-01  -8.2408437e-03  -9.1008490e-02   1.3185940e-01  -7.3617601e-02  -1.5292909e-01   6.0945502e-01  -1.5292572e-01  -1.2896603e-01   1.7313228e-01   6.7027810e-02  -1.4978136e-01  -9.0741008e-03  -7.4629677e-02   1.2168969e-01  -2.3404770e-01   6.1686868e-01  -1.3899779e-02   1.4838878e-01  -1.9425642e-01   5.0418438e-01  -2.4253122e-01   1.4438084e-01   2.6915114e-01  -2.0654429e-01   2.3497140e-01  -3.3422034e-01  -2.1524478e-01   1.7850951e-02  -7.7141011e-02  -4.8351629e-02   1.0677536e-01  -3.4316654e-01  -3.8887084e-02  -1.4619095e-01  -1.9432840e-01   1.9292791e-01  -3.7239571e-01   5.3161152e-01   6.1331672e-02  -1.8479872e-01  -5.0437947e-02  -4.0220192e-01  -1.4557463e-01   7.1239596e-02  -1.0836671e-01  -3.2964942e-01   1.5786666e-01   1.6912454e-01   1.6395946e-01  -3.1084468e-02   4.6548184e-02  -9.8465660e-02   3.6533891e-01  -2.5815979e-01  -1.3338257e-01   1.3362747e-01  -1.0455406e-01  -1.3426652e-01  -4.0777982e-02   8.7199976e-02   9.0592962e-02   2.9874242e-01  -1.2353469e-01  -2.5176397e-01  -2.3442962e-01   4.7634738e-01  -3.4934581e-01   5.0000667e-02   2.1512501e-01   2.0650331e-01  -2.0008153e-01  -3.2844463e-02   2.5561249e-01  -3.1280372e-01  -1.5205851e-01   3.0473820e-01   5.3928558e-01  -2.6743969e-02  -3.2422740e-02   4.7596547e-01  -1.5749465e-01   6.3764630e-01  -1.4139991e-01   2.7610181e-01  -1.1738087e-01  -9.7223649e-02  -3.6270150e-03  -9.3209781e-02  -3.2809546e-01   8.9942238e-02  -2.5761215e-02  -2.0064388e-01   3.9936640e-01  -4.9449283e-02   1.6770877e-01   4.2112723e-02  -9.9793913e-02   1.8546598e-01  -3.0085256e-01   2.4371040e-01   9.4596674e-02  -1.9820861e-01  -1.4205879e-01   1.1448054e-01  -7.6762882e-04   6.7047972e-01   1.9791837e-01  -2.8774616e-01  -3.4553507e-02  -2.8418636e-01   4.4915617e-01  -2.1592451e-01   4.3757848e-01  -1.2611037e-01  -2.4129259e-01  -1.6833691e-01   4.6930918e-01   5.1961266e-01  -3.4297742e-01  -1.4171738e-01   4.7676838e-02   2.8518348e-01  -3.1558414e-01  -2.5121588e-01   5.1697357e-01  -1.2243295e-01  -1.2022232e-01   2.1056150e-01  -4.2701482e-01  -2.9556068e-02   6.8540008e-02   2.4471007e-01   6.6872700e-01  -1.3945133e-01   1.4418031e-01   2.9391500e-02  -1.3730243e-01  -3.2928225e-02  -1.2005654e-01  -8.1823361e-02  -1.6576479e-01  -2.1407637e-01   4.9120058e-01   9.8331767e-02   1.5929514e-01  -6.5158853e-02  -1.1424864e-01   3.4533997e-01   4.0837367e-01  -2.2379841e-01   3.2438177e-01   1.8925398e-01  -2.9415139e-01   1.4187328e-01  -1.9397628e-01   4.8914129e-02  -1.8154069e-01  -2.8475193e-01  -2.7515634e-01   3.1271417e-01   4.3632268e-01  -7.5222242e-02  -2.6283271e-01  -1.5491351e-01  -9.9107997e-02  -3.2962855e-02  -2.9361457e-01   9.1352941e-02   2.2546716e-01
  -5.4630057e-02   0.0000000e+00   1.1724113e-01  -7.2172941e-04   1.2088263e-01   1.1061109e-01   2.0474736e-01   6.4345788e-02   5.8151471e-01  -8.0062029e-02  -2.5705685e-01   2.9497051e-01  -2.1959277e-01   8.2839945e-02  -6.5062877e-03   5.2953242e-02   2.6805005e-01   1.2772787e-01   2.1553469e-01   7.3554430e-02  -1.0447049e-01   2.5692861e-01   6.4531513e-02  -2.6682870e-01   1.4271755e-01   2.2377933e-03   8.2050334e-02  -5.5515699e-02   2.3643548e-01   1.9996812e-01   7.7415787e-02  -2.2549718e-01  -3.3274290e-02   2.0393130e-01   1.8125415e-01  -1.0124134e-01   1.6419423e-01  -1.3014218e-01  -2.4554519e-01   4.3658725e-01  -2.3407140e-01  -1.1072856e-02   3.2372174e-01  -4.0056916e-03  -5.4015710e-02  -2.7685891e-01  -2.3194022e-01   2.6084156e-01   9.1001080e-02   3.3105065e-01  -1.4624913e-01   1.4635535e-01   3.7326231e-01  -1.1856356e-01   4.8808170e-02   7.9057526e-02   7.0268749e-02  -1.9091996e-01  -5.0642448e-02   9.1704261e-02  -2.5652352e-01  -1.7712173e-01   5.7871848e-01   1.5548855e-01   3.0905564e-01  -2.2950615e-01   2.1967896e-01   3.8669099e-01  -1.9310213e-01   7.2378919e-02   5.4399858e-01  -3.9612731e-01   2.4848120e-01   1.7745851e-01   2.4446405e-01   1.3526857e-02  -3.9302644e-01  -1.3529425e-01   4.3848695e-01   2.1728611e-01   6.3939397e-02   4.7774478e-03   5.1716128e-02   4.9422171e-02  -1.6409558e-01  -1.9248953e-01   4.2168270e-01  -1.1542592e-01   5.2062470e-01  -4.1522031e-02   5.5960824e-01  -2.6585843e-01   2.4841327e-01   6.6611130e-02  -1.9319798e-01   1.9485850e-01  -1.3801453e-01  -2.0882808e-01   3.0569237e-01  -1.7315921e-01  -1.1656972e-01  -2.6756388e-01  -1.3295144e-01   3.5161276e-01  -3.9508329e-01   1.6473218e-01  -5.5373970e-03  -1.7136930e-01   1.6834443e-01   6.6154578e-02   5.6106562e-02  -1.2630170e-01   3.4041902e-01  -1.9769399e-01   4.5664884e-02   2.0010011e-01   2.5860106e-01  -8.7390008e-02  -1.1607157e-01  -1.3483701e-01  -3.6766838e-01   2.4395488e-01   1.9218382e-01   1.8393253e-01  -2.7737900e-01   2.9999152e-02   1.8165568e-01   1.3417560e-01  -1.1544328e-02  -5.7409306e-03  -1.5819398e-01  -4.6043126e-02   1.9036333e-01   3.5603375e-01  -2.5675259e-01   4.3279938e-02  -3.2797014e-02   5.2229534e-02  -1.3124615e-01  -1.4256127e-01  -2.5370914e-01  -1.2941902e-01  -1.1836379e-01   4.3118930e-01   8.9798351e-02  -1.5773261e-01   2.4759733e-01   7.6828182e-03   3.1450074e-01   5.2888415e-02  -2.8797756e-01  -1.2034384e-01  -3.3696431e-01  -1.5467425e-01   5.7075476e-01  -1.4078617e-01  -3.7988781e-01   2.3448431e-01   1.6104712e-02   2.5966042e-02  -6.8252548e-02  -1.3028852e-02  -1.5365444e-01   8.3526268e-02  -1.3553589e-01   1.7696857e-01  -3.4306460e-02  -1.3563245e-01  -1.6464484e-01   3.0902193e-01   3.7049616e-01  -2.9809028e-01   2.3887702e-01   2.3482521e-01   1.7520155e-01   1.3744406e-01   1.7315962e-01
   8.0489779e-02   1.1724113e-01   0.0000000e+00  -1.1415058e-01  -9.9927519e-02   3.9825498e-01   1.0340307e-01   8.2372710e-02   2.2704735e-01  -7.9369861e-02  -1.1322221e-01   2.6357108e-01  -2.5704833e-02  -4.8286522e-02   1.6871832e-01  -1.5796367e-01   7.2120698e-01  -3.9434894e-01  -5.4967746e-02  -6.8169593e-02  -3.1861027e-01  -2.5791748e-01   1.3531253e-01   1.2937677e-01   2.2909835e-01   9.3228406e-02  -1.3438151e-01   2.3377670e-01  -5.9744838e-02  -3.6729315e-01  -5.9833877e-02   1.4666664e-01   2.7749173e-01   2.8330185e-01   1.9977943e-01  -2.4144653e-01   1.5051619e-01   1.4271897e-01  -2.3813093e-01   1.6949537e-01  -2.3774860e-02  -2.9238494e-02   2.6246482e-01   1.7342203e-01  -9.4616478e-02   3.6363786e-01  -2.5034919e-01  -4.6220111e-02   1.3666291e-01   2.6311731e-01  -2.3846121e-01   1.5597542e-01   1.7087041e-01   4.6489743e-01   5.2311720e-02   2.7326422e-01   4.0601871e-01   1.4934774e-01   1.7700370e-01   4.0244597e-02   4.8753351e-01  -1.6129243e-02   3.2505482e-01  -1.2088837e-01  -1.1071569e-01  -3.5485926e-01   1.3791933e-01  -6.8821565e-02  -2.3499313e-01   4.6765579e-01   3.9073119e-01  -2.1252057e-01   3.7821795e-02   2.9241378e-01   2.3984372e-01  -2.6461871e-02   3.4348220e-01   1.2700332e-01   1.3284943e-01   2.2349372e-01   2.1078059e-01  -3.5155612e-03   2.0483730e-01   1.3379310e-02   2.7712029e-01   1.2305973e-01   1.8181902e-01   2.1789886e-01   1.5045408e-01   3.4069741e-03   1.3579920e-01   5.5753903e-01   5.5663517e-01   2.8154216e-01   6.8206557e-02  -1.2635977e-02   1.1602987e-01   2.4935019e-01  -6.4126953e-02  -3.8930655e-01   2.9354551e-01   1.5139472e-01  -3.6063500e-01  -3.7905206e-02  -7.2565933e-02  -1.8891473e-01   4.1972633e-01   1.4414150e-01   6.7615687e-02  -9.1329376e-02   2.1859511e-01  -1.1743605e-01  -9.5044543e-02  -1.8134671e-02   2.4916915e-01   8.4493674e-02   2.3599531e-01   1.2950439e-01   4.2714422e-02  -2.0976230e-02   3.0358097e-01   4.4442418e-01   2.9991009e-01  -1.5244815e-01   3.4248950e-01   1.9930914e-01   4.0587162e-02   1.0084472e-01  -1.9036715e-01   3.3125736e-01  -4.3235640e-01  -3.0038439e-01   1.5274093e-01   1.1524305e-01   8.1290884e-02   7.0362992e-03   4.0663575e-02   1.6459723e-01   7.3144075e-02  -7.1877112e-03  -7.2781204e-03  -1.3586753e-01   1.3774609e-01   4.1630227e-01   5.1759242e-02  -2.3913470e-01   5.2390791e-01  -1.3058691e-01   2.0217918e-01  -2.1607655e-01   2.6108934e-01  -2.0577652e-01   4.8799569e-01   4.1017808e-02   4.7317904e-01   7.7813632e-02   1.8686027e-01   1.0125664e-01   6.3122322e-01   8.1577279e-02   1.8764000e-02   1.5469345e-01  -4.1363289e-01  -3.2610754e-01   1.1881280e-01   1.9855253e-01  -2.1448970e-01  -1.4721653e-01   3.9889569e-01   2.7443208e-01   2.8198151e-01  -1.7366723e-01  -3.9653720e-01   5.1445307e-01   1.4071512e-01   4.5915095e-02  -1.2529641e-01
   1.2000004e-01  -7.2172941e-04  -1.1415058e-01   0.0000000e+00   2.3028571e-01   7.8337249e-03  -3.4020143e-02   3.6968426e-01  -2.6537858e-01   2.6896298e-01   3.0093706e-01  -1.4402904e-01   2.3999586e-01   6.3060735e-02  -1.2680731e-02   1.6149352e-01  -9.9999985e-02   5.3489921e-01   1.1210206e-01   2.7314448e-01   2.0343585e-01   5.5156498e-01  -5.5263401e-02  -6.6104290e-02   4.5756633e-02  -7.0261173e-03   2.2159810e-01  -1.3190030e-01   6.3512510e-02   3.3673034e-01   1.5167714e-01   3.1031554e-02   8.1641130e-03  -1.3498374e-01  -8.1697416e-02   1.8254134e-01   2.5386612e-02  -2.8905751e-01   6.6612366e-02   4.4412889e-02   2.1558278e-01   2.0325043e-01   3.7278155e-02   2.2184886e-01  -9.9372636e-02   4.1777337e-02   2.8347155e-01  -1.3449141e-01   1.3954785e-01  -1.1699567e-01   4.7738489e-01   1.0641206e-01  -2.5107952e-01  -2.5626165e-01  -8.5583689e-02   1.6043409e-02   1.1031808e-01   1.5015452e-01   3.4588485e-01   1.2382656e-01  -4.2069685e-02   8.2877648e-02   1.3755767e-01   3.1318962e-01  -8.1435005e-02   2.8531010e-02   3.4878716e-01   4.0351713e-01   3.0393405e-01   1.8505536e-01  -1.6875956e-01   7.6487301e-02  -1.2326560e-01   7.4042985e-02  -6.4601276e-02   1.6941780e-01  -7.2300599e-02   7.6418328e-02  -3.5747423e-01   1.1941568e-01   1.1266629e-01  -2.2436014e-02  -7.2957559e-02   3.3880343e-01   1.4130387e-02   6.1561351e-02  -1.4907217e-01  -1.5447334e-01   1.3633281e-01   6.2144137e-02  -3.9920158e-01  -8.8464442e-02  -1.3286724e-01   1.5018176e-01  -2.7294231e-01   1.6821949e-01   2.3582711e-01  -8.0829040e-03   3.4039857e-01   1.9436680e-01  -1.3801194e-01  -1.1852178e-02   2.8489194e-01   3.5686382e-02   1.9655740e-01   6.6836169e-01  -6.0747173e-02   1.5596764e-01  -1.8355273e-02  -2.7606976e-01   4.8037320e-02   3.5836736e-01   6.3305580e-01  -4.1598320e-03  -4.2383999e-02  -3.6795262e-01   8.9856095e-02   5.9132288e-02   8.8976477e-03   1.8660308e-01  -5.9729421e-02  -2.7388162e-01  -9.4348178e-02  -1.9701759e-02   5.0397795e-02   1.5253346e-01  -1.6895877e-01   1.1189557e-01   6.4725255e-01   1.6822823e-01  -4.2156064e-02   2.6657578e-02   2.3365516e-01  -1.9065024e-01   2.2956288e-01   2.5894830e-01   7.9181575e-02  -7.2391385e-02   1.1995025e-01  -1.0516417e-01  -3.3886356e-03   1.4370541e-01   2.3612034e-01   5.8037994e-02   1.1935087e-03   3.5052420e-01  -9.5777017e-02  -2.9385624e-01  -1.8890552e-01   2.1275889e-01  -1.0721025e-02   1.6317465e-01  -2.0639522e-01  -2.0820503e-01  -2.0089229e-01  -6.1890143e-02   5.0024151e-02   3.2554720e-01   2.2383738e-02   1.1325777e-01   1.9196485e-01   2.3291447e-01   1.4297654e-01   7.0269850e-01   1.9944258e-02  -1.9233010e-01  -9.2423101e-02   2.4070629e-02   2.0146506e-02  -1.9840086e-01  -4.5781474e-01  -3.8981113e-01   4.3800577e-01  -1.1570640e-01  -3.0839274e-02  -4.3779065e-02   6.8920197e-01
  -7.7567549e-02   1.2088263e-01  -9.9927519e-02   2.3028571e-01   0.0000000e+00  -9.3663553e-04  -1.5070710e-02   1.3893519e-01  -8.5994207e-02   3.7212219e-01  -4.1109450e-02   1.2830778e-01   5.3213103e-01  -3.5080813e-01  -1.2392056e-01   1.8434089e-02  -7.3479639e-02   1.3231243e-01  -1.5017496e-02   8.2135163e-01   6.9747849e-02   2.1811438e-01  -2.9084058e-01  -1.4694678e-01   3.0621823e-01  -1.6288539e-02   3.6954019e-01  -2.4114703e-01  -6.5727310e-02  -1.0473755e-02  -9.8356301e-02   6.5073021e-02  -9.0655302e-02  -1.5342175e-01   1.5037434e-01   1.4311359e-01   5.3099989e-01  -6.9686076e-02  -3.7412031e-02   3.2433261e-01   6.0985951e-01   3.9218817e-01   8.0401294e-02   1.6772252e-01   1.5146134e-01  -1.3339121e-01  -1.3047171e-02  -1.0759201e-01   7.2661806e-01  -8.8976435e-02   4.3492220e-02   1.3178138e-01  -1.8911397e-01  -6.3639592e-02  -2.1639148e-01   1.7803267e-02   1.4318332e-01   2.3180343e-01  -2.5507563e-02   1.5638864e-01  -1.5560361e-01   6.8606140e-01   2.0949348e-01  -8.0603495e-02   1.3932633e-02  -2.4687387e-01   7.1448659e-02   2.2262323e-01   1.4122552e-01   1.3007469e-01  -2.2202747e-02  -1.8550410e-02  -1.5040581e-01  -1.3217883e-01  -2.4606537e-01   3.0104342e-01  -1.0568275e-01  -1.5786522e-01  -9.9886880e-02  -3.3183251e-02  -4.8533095e-02   1.7707278e-01  -5.5241869e-02   9.0908376e-02  -3.2066840e-01   2.5705625e-01  -1.5469641e-01  -2.8799233e-01   2.6728310e-01   1.4786662e-02   8.6527083e-02  -9.1700609e-02  -1.9406610e-01   1.0863877e-01  -9.1206059e-02   8.7938742e-01   3.1723337e-01  -3.9375517e-02   5.2945497e-01   4.5509336e-04  -3.8549377e-01   8.2041016e-03  -1.3783566e-01  -1.8742126e-02  -7.4263656e-02   1.4997898e-01   4.4599775e-02   1.0807304e-01   5.2779763e-01  -2.0950000e-01  -1.8411701e-01   3.0612801e-02   1.7716627e-01  -1.7200396e-01  -2.6288432e-01  -1.9035658e-02   1.1781640e-01   4.0491638e-01  -3.9088903e-01   4.5180008e-02  -1.2759387e-01  -3.0328643e-01   7.6865737e-02  -9.2873588e-02  -5.2176179e-02   1.5294934e-01  -7.6991540e-02  -2.6682818e-01   2.9375012e-01   6.6582274e-02  -5.8656831e-02  -4.1270500e-02   2.2126285e-01  -2.1491427e-01   1.4541806e-01   2.7996267e-01   1.5152123e-01  -2.5592999e-01   1.8012911e-01  -7.3220005e-02  -3.8216046e-02   7.1020775e-01   2.7795010e-01  -7.6353984e-02  -1.6105480e-01   1.1894336e-01  -1.2972744e-01  -4.0725152e-01  -1.1282088e-01   2.4644423e-01  -1.6763982e-01  -3.3929596e-01  -9.8885122e-02  -1.5050387e-02   1.4858818e-01  -7.8088051e-02  -1.5586007e-01   3.6533066e-01  -2.1897157e-01  -3.0128362e-02   1.2071891e-01   3.9375673e-01   5.0802286e-01   1.4795272e-01   2.0175897e-01   2.8058011e-01  -1.5742406e-01  -8.9756314e-02  -2.2387512e-01  -1.1809521e-01  -1.3996802e-01  -1.5078474e-01   2.5039983e-01  -1.8695373e-01   1.1930759e-01  -2.6572998e-01   2.2924458e-01
  -9.3789170e-02   1.1061109e-01   3.9825498e-01   7.8337249e-03  -9.3663553e-04   0.0000000e+00   5.3853844e-01  -2.0785470e-01  -2.2010473e-02   3.7410058e-01  -2.2611529e-01   2.3187473e-01   7.0824668e-02   3.9139691e-02   9.1404171e-02   3.4423698e-01   2.1861667e-01   8.5241234e-02   2.4632939e-01  -3.0535032e-02   1.4686285e-01  -5.4186202e-02   3.1267215e-01  -2.1135187e-01   1.0101700e-01  -1.5001451e-01   5.1149706e-01   1.1011576e-01   1.2443769e-01  -2.7656565e-01  -1.3561788e-01   8.9230508e-03   1.0750481e-01   4.5755289e-01   6.6072908e-02   1.6523425e-02   1.0025444e-01   1.1287975e-01   9.6713606e-02   5.5627363e-01   3.9692504e-02   2.6495104e-01  -1.3451341e-02  -2.5463404e-01   1.4141690e-01  -1.4674266e-01  -2.7471368e-02   7.9134450e-02   7.5076857e-02   3.5173905e-01   1.3477161e-01  -2.9129545e-01   5.9903927e-04   2.7755442e-01  -5.6784265e-03  -2.3059095e-01   1.4028865e-01  -1.3171309e-01   1.6741458e-02  -2.0128989e-01  -1.2569319e-01   1.0801171e-01   2.3553941e-01  -2.5584592e-01  -3.1304705e-01   2.4871099e-01   5.2494701e-01   8.9290986e-02  -2.6723764e-01   4.9230821e-01   1.3889172e-01   9.2612476e-02   1.3435343e-01  -1.4493929e-01   1.7907027e-01  -2.8049183e-01  -1.2199371e-01  -2.1474873e-01  -4.5926245e-02   7.6277161e-02   1.4698450e-01   2.8187716e-02   1.0944314e-01  -2.0308261e-03   1.9190704e-02  -2.8605692e-01   6.5500638e-02  -4.0018383e-02   2.9066484e-02  -1.2523385e-01  -7.0331136e-02  -1.1772526e-01   4.8940073e-01   3.9051607e-02   8.5274390e-02   1.0298981e-01   1.9596797e-01  -2.9994079e-01   9.8047685e-02  -1.7995165e-02   6.5456660e-02  -2.6419381e-01   9.9163339e-02  -3.5991324e-01  -6.3659781e-02  -7.0077166e-02   3.3877521e-01  -3.3751194e-01   2.5364689e-02   1.5053066e-01   4.6668912e-01  -2.3107011e-01   1.3507851e-01  -7.2077171e-02   2.7243263e-01  -1.0321165e-01  -2.8525279e-02   3.1086786e-01   1.3640569e-01   9.2622793e-02  -2.3300658e-01   2.2941604e-01   2.8499346e-01  -3.2471911e-01  -1.3144611e-01  -1.8615762e-01   1.1796827e-01   1.6369833e-01  -6.1381461e-02   4.3107068e-01  -9.5935813e-02   6.5220193e-02  -1.4349229e-01   4.8140964e-02   1.1954709e-02  -2.9822577e-01   2.4833462e-01   2.7530142e-01  -3.7216247e-01   1.0076904e-01  -1.4314993e-01  -5.3084083e-02  -2.8917116e-01   6.1978592e-01   1.2241838e-01  -1.8316786e-01   6.2418860e-01   2.2407647e-02   5.0879465e-01   2.1908050e-02   1.8540200e-02   1.2220281e-01  -1.2668968e-01  -2.2566602e-01   4.8112605e-01   7.3897511e-02  -9.9768525e-02   1.8178947e-01   1.2538135e-01  -9.1746030e-02   1.9624897e-01  -2.6040159e-01   1.5912067e-02  -8.2109798e-03  -1.9463530e-02   5.7429341e-04   6.5412144e-02   8.3162312e-02  -1.2663371e-01   1.0189231e-01   1.0168193e-01   3.9877751e-02  -4.5750634e-02   5.2531019e-01  -9.5823076e-02  -8.5452252e-02  -1.1473015e-01
  -2.1978052e-01   2.0474736e-01   1.0340307e-01  -3.4020143e-02  -1.5070710e-02   5.3853844e-01   0.0000000e+00  -3.2715671e-01   1.2169381e-01   2.1642806e-01  -2.3903123e-01   5.4258103e-01  -1.9829149e-01   6.6307085e-02   4.4995140e-01   1.5539448e-01  -3.6216985e-02  -2.0958233e-02   1.3250946e-01  -2.6972216e-02   1.8298290e-01  -1.2822959e-01   5.8153133e-01  -2.8534402e-01   7.8260880e-02  -1.8485441e-01   2.1459180e-01  -5.3158911e-02   2.5443574e-01  -1.4738968e-01   1.0956897e-01   1.5286821e-02  -1.4038288e-01   7.0205797e-01   2.4001935e-01   9.0398251e-02   1.8942378e-01   2.4536275e-01  -7.3768531e-03   3.0155238e-01  -1.0302811e-01   1.1786083e-01   2.3797685e-01  -3.3402436e-01   3.8226839e-01  -2.3008203e-01  -1.5302672e-01   4.4244837e-01   4.4678579e-02   2.4423337e-01   1.2041212e-01  -3.2807111e-01   1.6312282e-01   2.4434573e-01   1.0859361e-01  -2.0122692e-01  -1.0969602e-01  -1.3103798e-01  -1.5764822e-02   6.1802886e-02  -1.2406478e-01   7.2926708e-02   1.4344338e-01  -1.2590658e-01   1.9246187e-02   2.3182224e-01   3.5773989e-01  -6.6321745e-02  -3.5625966e-01   4.5151833e-03   1.3638120e-01   7.0728821e-02   2.9834061e-01  -1.2866476e-01   2.2533928e-01  -3.0992482e-01  -1.3052053e-01  -2.6330355e-01   2.7330744e-01  -7.1049360e-02   1.9691479e-01   3.3050926e-01   2.6089078e-01  -3.1281565e-01  -9.2340532e-02  -2.5568068e-01   1.6802352e-01  -7.3744681e-02   4.2728130e-03  -7.9209794e-02   3.0770872e-02  -1.7593632e-01   4.7642696e-01   1.2917375e-01   2.5023876e-01   4.8290081e-02   5.2295448e-02  -2.4716331e-01  -1.5207398e-01   2.1018470e-01  -1.0274108e-01  -2.7526691e-01  -1.1950387e-02  -6.7443148e-02  -7.7253466e-02  -2.6475795e-01   2.4525597e-01  -3.5319480e-01  -9.1583145e-02   2.6719833e-01   5.6029136e-01  -2.3883950e-01   1.1221416e-01  -2.0272112e-02   1.8873826e-01   1.2129744e-01   3.6608747e-02   2.7779640e-01   7.2647487e-02   1.1404043e-01  -2.2959347e-01   2.8907946e-01   3.2726592e-01   1.6776460e-01  -2.1866554e-01  -2.9867362e-01   3.8900582e-01   7.7921655e-03  -1.8925537e-01   3.6554937e-03  -1.0116602e-02   3.1933596e-01  -2.5168960e-01   2.0436250e-01   4.5771404e-02  -3.6624348e-01   2.4509121e-01   1.8176860e-01  -3.8869306e-01   1.8695255e-01  -4.6950104e-02  -1.4999942e-01  -2.0935357e-01   3.9251094e-01   4.1995621e-01  -6.0470242e-02   6.4047814e-01  -5.9721794e-02   5.5661837e-01   1.9837584e-01  -1.0997561e-01   1.4021105e-01  -1.4211769e-01  -6.0174145e-02   2.7451693e-01   8.3923115e-02  -2.0911377e-01   2.0396563e-01  -1.6171559e-01   2.1470177e-03   1.1817199e-01  -2.7250366e-01   1.2352323e-01  -1.0349679e-01  -4.9090277e-02   2.8095680e-01   2.6467067e-01  -2.5899368e-01  -2.2148377e-01   1.3150263e-01   2.8379713e-01   9.2067695e-02  -7.7184222e-03   1.2016578e-01   1.5917154e-01  -3.5198088e-02  -2.4157622e-01
   1.5567651e-01   6.4345788e-02   8.2372710e-02   3.6968426e-01   1.3893519e-01  -2.0785470e-01  -3.2715671e-01   0.0000000e+00  -1.1073864e-01  -7.1120810e-02   3.9373812e-01  -7.6069441e-02   2.0530809e-01   2.3561881e-02   8.0781780e-03   8.1512073e-02   4.0909678e-02   1.7036538e-02   7.7470452e-02   8.0834258e-02   4.2208858e-02   4.2558626e-01  -1.8754158e-01   1.2074185e-01   1.5539024e-01   6.1204013e-01  -3.0005287e-02   1.8069173e-01  -1.0808996e-01   6.4514425e-02   7.4906990e-02   1.8473251e-01   3.8030997e-03  -3.4695402e-01   8.7411621e-02  -1.4760383e-01   7.0161192e-03  -3.6183592e-01   3.8067528e-02  -6.4211445e-02   1.2393785e-01   1.2730797e-01   2.5063802e-01   7.5518470e-01  -1.5192561e-01   4.4969366e-02  -2.3531191e-02  -3.4077030e-01   1.9515985e-02  -2.3703520e-01   2.1570989e-01   6.9957080e-01  -2.4106162e-01  -1.1972509e-01   7.4754290e-02   6.1288819e-01   3.9195088e-01   4.9283937e-01  -1.6912207e-02   3.6028456e-01   5.8128004e-02   1.2293257e-02   2.9115534e-01   9.9112856e-02  -2.0557413e-01  -2.5725795e-01   4.1414895e-02   5.6654609e-02   4.5717078e-01   2.8481812e-01  -9.0412593e-02   3.5460290e-02  -2.7964977e-01   5.4333838e-01   9.4335219e-02   5.1299664e-01  -6.4799373e-02   3.6442007e-01  -3.6938963e-01  -2.9951328e-03   4.3755975e-01   2.7104419e-02   1.2056181e-01   6.3343944e-01   2.6565413e-02   4.5186030e-01  -2.2202702e-01   1.7948545e-01   1.2108137e-01   1.8817878e-01  -2.4665488e-01   2.5744748e-01  -6.8069542e-02   2.4476218e-01  -4.7284923e-01   5.7157406e-02   2.1120646e-01   4.2180577e-01   1.1499917e-01   7.7654470e-02   1.2675708e-01   5.2990417e-01   1.9182663e-01   4.5107850e-02   2.4919712e-01   3.4199488e-01  -1.1381318e-01   5.6863958e-01   2.1171191e-02  -3.4105321e-01  -1.3712809e-01   5.3752823e-01   9.3708186e-02  -9.6394800e-02   2.6817292e-01  -2.6281961e-01   3.8545016e-01   5.5417613e-02   2.3093936e-01   8.0261817e-02   1.7781756e-01  -2.8978105e-01  -9.2594675e-02  -1.0417579e-01   1.5537903e-01   6.2462698e-01  -1.9255124e-01  -2.7136255e-01   3.8469461e-01   1.9010764e-01  -1.4882801e-01  -3.7572854e-01   4.0489323e-01  -3.4484231e-01   3.3486520e-01   7.3743653e-01  -8.1570076e-02  -2.8545616e-01   6.8426418e-01  -3.9041876e-01  -2.3756060e-02   2.2383741e-01   5.6942259e-01   1.9130312e-01   1.8132646e-01   3.1739588e-01  -2.0860863e-01  -2.6853514e-01  -2.2187348e-01  -5.6333763e-02   2.7499618e-01  -1.5236391e-01   2.2771202e-01  -5.6945768e-02  -1.0630938e-01  -1.9055891e-01   4.4846490e-02   2.4745059e-01   4.3771885e-02   5.5611194e-01   1.4977625e-02   6.0256830e-01   1.4693835e-03   2.0663292e-01   3.0492721e-01  -6.1368608e-02  -2.0785128e-01   3.3672979e-01   7.9080861e-02  -1.3900698e-01  -2.7329528e-01  -5.2210985e-01   2.3901772e-02   8.4648934e-02   3.3328567e-01  -2.8271508e-01   3.6092422e-01
  -8.2408437e-03   5.8151471e-01   2.2704735e-01  -2.6537858e-01  -8.5994207e-02  -2.2010473e-02   1.2169381e-01  -1.1073864e-01   0.0000000e+00  -2.2577409e-01  -1.3214027e-01   2.9685084e-01  -4.1706615e-01  -3.0819176e-02   8.3927694e-02   3.3061949e-02   3.2738770e-01   5.2397299e-03   3.2210324e-02  -9.9586859e-02  -3.1075373e-01  -7.8707116e-02   1.0337698e-01  -1.8538107e-01   8.7703392e-02  -1.8246712e-02  -1.0106314e-01  -2.8477782e-04   2.4241166e-01   2.3492718e-01   1.7011609e-01  -1.6940320e-01   8.7431146e-02   3.3557030e-01   4.2127223e-01  -1.0555485e-01   1.8399207e-03   1.0540147e-01  -1.9876876e-01   1.6175110e-01  -3.1448391e-01  -1.7697948e-02   2.3481481e-01  -8.4736046e-02   1.2005156e-01  -1.5533212e-01  -2.1849285e-01   2.5847947e-01  -3.0922609e-02   2.1026196e-01  -2.5581186e-01   7.3458090e-02   5.7336370e-01   1.0602928e-02  -4.2542536e-02   1.3201555e-01   1.5725619e-02  -2.0303162e-01   3.1805341e-02   1.1351063e-01   1.9115113e-02  -1.3480486e-01   3.8677981e-01   3.1273511e-01   6.0573425e-01  -1.9547170e-01   1.9590130e-03   1.3893471e-01  -3.2177126e-01  -9.8554534e-02   4.6017593e-01  -3.9685071e-01   3.6107419e-01   9.2074021e-02   1.4839426e-01  -9.2516486e-02  -1.1723058e-01  -1.0654974e-01   5.7746467e-01   2.2547389e-01  -3.3090821e-03   6.3111023e-02  -1.5987526e-02  -1.9557600e-01   4.4394369e-02  -1.0916090e-01   5.4863923e-01  -3.3178479e-03   5.0749066e-01   1.5999393e-03   5.7714747e-01   5.6766205e-03   1.4798737e-01   1.3856430e-01   7.1823105e-02   8.0409962e-02  -2.0992457e-01  -1.4283250e-01   3.9432168e-02  -3.2528864e-01  -3.6822757e-02  -1.5055576e-01  -3.8293492e-01   5.5540893e-01  -4.4374967e-01  -3.2931410e-02   1.3040411e-02  -1.6796363e-01   1.3780762e-01   4.8905960e-02   1.2123175e-01  -2.0206734e-01   1.7196922e-01   3.3993376e-03   8.8655471e-02   2.3028784e-01   5.5514447e-02   2.3190942e-02  -1.6785336e-01  -1.5443319e-01  -1.3311087e-01   2.0544277e-01   2.0856675e-01   4.7696202e-01  -1.7951763e-01  -1.0336024e-01   3.8214451e-01   6.2270152e-02  -3.1057197e-01  -1.0506593e-01  -2.1031546e-01   1.5334925e-01   1.1325374e-02   5.2166011e-01  -2.6965669e-01  -1.1762460e-01  -3.6457419e-02   2.4368108e-01  -1.1842843e-01  -1.9439582e-03  -1.9292787e-01  -3.1191648e-01  -1.1259590e-01   1.5902074e-01   1.4746477e-01  -3.3569834e-01   1.8153316e-01   3.7378447e-02   1.2228531e-01  -1.6273830e-01  -1.8016946e-01  -1.6093756e-01  -6.2215348e-02   2.0821579e-01   4.4273706e-01   2.0879318e-02  -2.0668473e-01   1.0214695e-01   1.6285570e-01  -5.7391574e-02  -1.2009515e-01  -1.4800192e-01  -2.7725573e-01  -1.7605323e-01  -1.6801443e-01   8.1642345e-02   1.9072391e-01  -1.9547197e-01   6.2699053e-02   2.5914074e-01   4.0379462e-01  -1.6790190e-01   1.1274755e-01   9.5686289e-02   1.7393974e-01   1.7968964e-01  -9.3344532e-02
  -9.1008490e-02  -8.0062029e-02  -7.9369861e-02   2.6896298e-01   3.7212219e-01   3.7410058e-01   2.1642806e-01  -7.1120810e-02  -2.2577409e-01   0.0000000e+00  -1.9932265e-02  -4.5807119e-02   4.4051337e-01  -1.0822007e-01  -7.6155908e-02   2.0616092e-01  -2.0751714e-01   2.5456628e-01   1.0893401e-01   4.6357400e-01   3.1400399e-01   3.2679527e-01   3.0362685e-03  -8.4771949e-02   1.3053739e-01  -9.8387308e-02   4.6281394e-01  -1.1434829e-01  -1.3859862e-02   9.7742450e-02   5.6040558e-02  -9.3247372e-04  -9.6890149e-02  -1.7859285e-02   1.7742290e-01   9.5679149e-02   1.4408441e-01  -3.9910935e-03   6.3601856e-02   2.6361267e-01   3.6455125e-01   4.5464235e-01   6.0732145e-02  -1.8606375e-04   2.1055223e-01  -8.4082956e-02   1.7140664e-01  -5.3080460e-02   2.0670393e-01  -1.1957710e-01   4.3397413e-01  -1.6857598e-01  -3.8875562e-01   9.5120659e-02  -4.9331025e-02  -1.4544909e-01   7.2115896e-02   5.0108820e-02  -6.7604881e-03   9.3183226e-02  -9.9874030e-02   5.1103454e-01   2.1044644e-01  -1.2621132e-01  -3.5551343e-01   3.0105715e-01   3.6548121e-01   1.6466092e-01   1.9252530e-01   2.4779801e-01  -2.7306204e-01   2.5605003e-01  -1.0100883e-01  -1.9867749e-01   1.2383639e-02   7.0456953e-02  -3.2156082e-02  -1.7306579e-01  -3.8169162e-01   1.0970133e-01   3.8535222e-02  -1.1750784e-01  -8.8844864e-02  -6.9673517e-02  -4.5782965e-02  -1.1551095e-01  -4.3487769e-02  -9.8422926e-02   4.3704713e-02  -7.6754219e-02  -4.2410341e-01  -2.0460902e-01  -5.2648171e-02   2.0986936e-01   2.6664186e-03   4.0285989e-01   4.6524743e-01  -1.7436000e-01   2.3752672e-01   3.1636055e-01  -2.7385012e-01  -7.3973181e-02   1.8666518e-01  -4.6805658e-02   1.8894668e-01   1.7648942e-01   5.1122412e-02  -1.3513445e-01   4.0695806e-01  -1.6494030e-01   2.1301364e-01   7.6787767e-02   2.1674860e-01   9.2700559e-04   3.7582786e-02  -3.7371482e-01   3.7807958e-02   3.1865906e-01  -2.2343315e-02   2.1015521e-01   2.4615686e-02  -2.8566607e-01  -2.0394007e-02  -2.2589414e-01  -8.0561075e-02  -1.1587345e-01  -9.5324039e-02  -6.3369989e-02   3.5947589e-01   2.4780292e-01  -1.9485546e-03  -4.6035748e-02   4.7245976e-03  -2.7703758e-01   2.1318111e-01  -2.4634839e-02   4.5300209e-01  -1.8554017e-01  -1.2926705e-01   1.1247096e-01  -3.1447596e-02   4.1670266e-01   1.5226457e-01   1.0343799e-01  -1.2396766e-02   5.9655901e-02   5.4690462e-02  -3.4597959e-01   1.0754061e-01   1.7870879e-01   4.4090490e-02  -1.4722891e-01  -1.2392606e-01  -2.5073837e-01  -1.0173146e-01   1.4202058e-01   1.4333677e-01   2.7888901e-01  -2.7242654e-01  -1.6032101e-01   1.7119663e-01   1.6053795e-01   4.1925930e-01   2.9976615e-01   4.0839127e-02  -9.7057105e-02  -2.4076681e-01  -1.4830820e-01  -1.4332943e-01  -3.4326382e-01  -3.5020434e-01   1.3245834e-01   1.6141378e-01  -1.5699135e-02   1.0777586e-01  -2.5833748e-01   1.4282614e-01
   1.3185940e-01  -2.5705685e-01  -1.1322221e-01   3.0093706e-01  -4.1109450e-02  -2.2611529e-01  -2.3903123e-01   3.9373812e-01  -1.3214027e-01  -1.9932265e-02   0.0000000e+00  -1.3606188e-01  -7.4180038e-02   1.2143971e-01   2.2520204e-01   1.1025469e-01  -1.2571101e-01   7.2332204e-02   2.1987129e-01   1.0214622e-03   3.2295418e-01   8.9414575e-02   2.8869529e-02   1.7785621e-01  -3.7558450e-02   2.7475362e-01   1.1184505e-01   1.1140440e-01  -1.4982844e-01   3.9684970e-01   2.7276531e-01   4.2220794e-01   2.9501976e-01  -3.3513507e-01   2.3734398e-01   4.4954657e-01  -7.5241766e-02  -6.8602240e-02   3.0362483e-01  -3.4564889e-01   1.7298518e-01   1.2975136e-01  -1.0794055e-01   3.0763865e-01   2.2019222e-01   2.9746935e-01   7.2995443e-01  -2.4452808e-01  -3.0788689e-02  -4.7440688e-01   5.8452063e-01   2.7378642e-01  -3.6607820e-01  -9.7760384e-02   1.5271927e-01   3.0708489e-01   9.0443926e-02   5.9595220e-01   3.8201057e-01   4.1766404e-01   2.8019635e-01   3.3979376e-02  -7.7329097e-02   3.1893247e-01  -3.1308978e-02   3.3492466e-01   1.3704067e-01  -3.2960631e-01   7.3997920e-01   1.8717461e-01  -5.2382314e-01   4.2649108e-01   2.5269502e-02   2.1291524e-01  -1.8511451e-01   3.9487392e-01   2.8408735e-01   2.0762186e-01  -3.2057316e-01  -2.0907732e-01   3.8474235e-01   9.2170732e-02  -4.7995004e-03   2.1544885e-01   3.4602693e-02   4.3468462e-01  -2.7718965e-01   2.0435600e-01  -1.8478295e-01   1.4693474e-01  -3.9055771e-01   3.5948178e-01  -3.5012601e-01   2.9435129e-01  -1.0228580e-01  -9.9224266e-02   2.1517886e-01   3.8662915e-01  -2.1977328e-01   3.5209977e-01   2.2867458e-02   3.6535486e-01   3.8697038e-01   2.2544421e-01   5.8053167e-01   2.2465718e-01  -1.8394399e-01   5.3128031e-01  -7.8568112e-02  -3.3974334e-01  -1.2039971e-01   7.1005497e-01   4.9494518e-03   3.1652543e-03   1.9352618e-02  -5.0441621e-01   1.3429495e-01   3.2780618e-02   1.3940732e-01   3.7704972e-01   3.9645959e-01  -3.9084584e-01  -4.5711958e-02   1.4534298e-01   2.8207844e-01   3.2370539e-01   1.6881851e-01  -3.5374824e-01   2.5385605e-01   2.8290962e-01  -7.4838719e-02   2.1563873e-01   2.3147632e-01  -3.8644591e-01   4.2328693e-01   3.8457318e-01   3.4885929e-02  -1.4948864e-01   5.1592415e-01  -1.0959138e-01   2.3536916e-01  -1.3748178e-01   6.2300605e-01  -1.2670494e-01   3.7121796e-01   4.7342451e-01  -4.5599155e-01  -1.7902950e-01  -2.3027945e-01   4.4264863e-02   1.9085500e-01   1.6408835e-01   3.2297188e-01   3.6960288e-01  -3.4205639e-01   1.4472283e-03   2.9347491e-01   1.1468920e-01  -5.8455411e-02   5.5549212e-01   1.8375970e-01   4.8687866e-01   2.6701435e-01   1.8569393e-01   3.6093089e-01  -3.6014611e-01   3.3663567e-01   9.2827417e-02   1.0356876e-01  -4.1633013e-01  -3.9775220e-01  -3.0675555e-01  -5.6530826e-02  -2.4484198e-01   8.4636305e-02  -1.8964586e-01   6.3785475e-02
  -7.3617601e-02   2.9497051e-01   2.6357108e-01  -1.4402904e-01   1.2830778e-01   2.3187473e-01   5.4258103e-01  -7.6069441e-02   2.9685084e-01  -4.5807119e-02  -1.3606188e-01   0.0000000e+00  -1.0713222e-01  -1.1428355e-01   4.2247832e-01   3.0007083e-02   2.1892938e-01  -2.1886530e-01   5.1409011e-02   3.6573654e-02  -1.3822659e-01  -2.7111714e-01   3.0089280e-01  -1.7504518e-02   3.4998480e-01   1.4893680e-01  -1.0655003e-01   2.7455857e-02   2.0693919e-01  -2.1661956e-01   1.9341901e-01   2.1357900e-01   1.3991035e-01   4.9224864e-01   4.6678366e-01  -1.4734738e-01   3.6500074e-01   2.8741926e-01   1.5758553e-03   9.2743826e-02   1.3747545e-02   3.0056226e-01   3.9559467e-01  -1.4458219e-02   3.2140537e-01  -3.9271957e-02  -3.1972606e-01   6.3978422e-02   1.9344319e-01   4.2327420e-02  -3.4788253e-02   9.9761950e-02   2.1591788e-01   3.9813373e-01   6.2250709e-02   1.4955952e-01   1.7449086e-01   1.8642415e-01   5.0256171e-03   3.4227976e-01   2.4017530e-01   2.0797652e-01   2.2454091e-01   3.0416791e-02   1.3085569e-01  -1.9527011e-01  -5.3608797e-02  -9.7837984e-02  -2.4999444e-01  -2.9137070e-05   2.2392709e-01  -9.3349302e-02   3.0338999e-01   2.1644455e-01   2.1179921e-01  -3.0005432e-02   1.1610512e-01   5.2399193e-02   3.1349864e-01   9.1266109e-02   2.8091713e-01   2.5511524e-01   2.5148443e-01  -1.3179878e-01   6.3694392e-02   9.5212966e-02   1.5821378e-01   1.7626756e-01   2.1601602e-01   4.8362708e-03   1.8537744e-01   1.9680429e-01   4.0972684e-01   4.3351774e-01   2.8627841e-01   1.7444744e-01   1.2288717e-01   1.1948066e-01  -4.9663704e-02  -2.1363612e-01  -8.2123149e-02  -1.8854052e-02  -3.5826054e-01   2.0894625e-01  -1.2280158e-01  -3.1062806e-01   3.6389504e-01  -1.0044847e-02   2.4213530e-01  -2.0990696e-02   3.5480802e-01  -8.7121172e-02   8.2905659e-03   1.0025056e-01   1.3024372e-01   2.0621726e-01   1.9481812e-01   2.9913076e-01   1.4833191e-02   1.0338668e-01   4.1913064e-02   3.0654978e-01   5.5355463e-01   1.7212327e-01  -1.4774870e-02   6.0751763e-02   4.3532334e-01  -1.2824464e-01  -2.4934722e-01  -5.4116387e-02  -1.8514328e-01   1.0847072e-02   7.3485936e-02   1.0145290e-01   7.1279093e-02  -4.3026864e-02   6.9140175e-03  -4.2270875e-02   5.2075864e-02   1.9392302e-01   4.7682049e-02  -4.3373182e-02   3.2905639e-02   3.3095115e-01   3.9158557e-01  -2.6092154e-01   4.9130735e-01  -2.7522416e-01   3.4161847e-01  -7.0564430e-04   2.3600319e-02  -2.3707374e-01   2.0819802e-01   1.8835632e-01   3.2279175e-01   1.6576658e-01  -2.0809052e-02   1.4751083e-01   1.3487446e-01   2.1714687e-01   1.7875826e-01  -8.2580694e-03  -5.3089582e-02  -3.5183442e-01   1.8475785e-01   4.5791117e-01   1.8597000e-01  -2.5167910e-01   1.6665709e-01   1.3106205e-01   4.4822663e-01  -7.0730864e-02  -1.8736786e-01   1.8572049e-01   2.7941169e-01   3.6710263e-02  -2.6448543e-01
  -1.5292909e-01  -2.1959277e-01  -2.5704833e-02   2.3999586e-01   5.3213103e-01   7.0824668e-02  -1.9829149e-01   2.0530809e-01  -4.1706615e-01   4.4051337e-01  -7.4180038e-02  -1.0713222e-01   0.0000000e+00  -3.7772268e-01  -1.0462015e-01   2.1282434e-01  -2.6140106e-01   2.5585480e-03  -7.1922915e-02   4.4111540e-01  -1.3084560e-01   2.6273822e-01  -3.7782605e-01   7.3583192e-02   7.7523282e-02   5.0855583e-02   1.4684094e-01  -2.6232614e-02  -8.2309078e-02  -1.3041730e-01  -1.7834540e-01   2.9725095e-01  -1.6547690e-01  -2.5822189e-01  -7.5373765e-02  -2.4580192e-01   2.2448103e-01   1.4184972e-01   1.9312124e-01   1.3315539e-01   7.2882170e-01   4.0403414e-01  -7.6063651e-02   2.3306317e-01   6.0970925e-03   5.5981309e-02  -1.3528685e-01  -3.8488687e-01   3.8185574e-01  -7.5909864e-02   1.6610956e-01   1.2762376e-01  -4.8392295e-01   1.3623639e-01  -3.3434322e-01  -1.9388738e-02   2.4877088e-01   2.8293904e-01  -1.1863223e-01   6.9770754e-02  -3.1618261e-02   5.8534567e-01   1.9496620e-02  -2.4417325e-01  -3.2059880e-01  -2.0402230e-01  -1.6690262e-01   9.1804813e-02   2.1928554e-01   6.6888243e-02  -2.3535238e-01   2.7351871e-01  -2.8292527e-01  -1.6310621e-01  -1.4909577e-01   2.7650445e-01   1.9783281e-01  -4.7991392e-02  -4.9383702e-01   1.0915271e-01   3.4617069e-03   3.9825339e-02  -1.9172798e-01   1.8594483e-01  -7.4768274e-02   2.8398673e-01  -4.0929435e-01  -1.3014912e-01  -4.0119088e-03  -6.0677688e-02  -3.5712110e-01   8.2599123e-03  -1.7604268e-01   1.3178502e-01   9.9372241e-02   3.7097244e-01   4.5814914e-01   7.2635698e-02   3.8087808e-01  -5.6831722e-03  -2.6592331e-01   2.7724588e-01  -7.9071454e-02  -2.7433445e-01   3.0706440e-01   1.2964614e-01   1.1648221e-02   1.0933150e-01   2.8091472e-01  -3.1215783e-01  -9.4885747e-02   4.1461944e-02  -5.0653311e-04  -4.7954749e-02  -1.8284822e-01  -2.2130007e-01  -1.7192319e-02   4.0446072e-01  -2.2860829e-01   2.8270105e-01   1.2422047e-02  -1.7029738e-01   5.4460200e-02  -4.2374721e-01   1.3047567e-01   4.7006287e-02  -1.4905110e-01   4.0477132e-02   4.1872191e-01  -7.1264976e-02   2.8317706e-01  -3.5262974e-01   6.1830800e-02  -5.2423771e-01   3.0406605e-01   2.6008066e-01   2.6706601e-01  -4.7443770e-01   2.7842978e-01   1.3769595e-02  -4.4023861e-02   7.8398186e-01   2.0386907e-01  -1.4093279e-01  -1.9972379e-01   3.1429519e-02  -1.8061160e-01  -3.1113901e-01  -2.0176616e-01  -3.3050194e-02   8.5027542e-02  -3.2172009e-01   2.1354074e-02  -2.6948788e-01  -1.4794951e-01   6.6878874e-02   1.1039604e-01   3.0891564e-01  -2.4480503e-01  -8.7471148e-02   3.0436244e-01   3.2615742e-01   2.3697966e-01   8.7081338e-02   3.6732791e-01   4.3339485e-02  -3.2827274e-01   7.7098614e-03  -2.1060727e-01  -2.8046359e-01  -2.1462023e-01   1.5400779e-01   9.4612660e-03  -1.1881908e-02   8.3688610e-02  -5.4135651e-01   2.1481198e-01
   6.0945502e-01   8.2839945e-02  -4.8286522e-02   6.3060735e-02  -3.5080813e-01   3.9139691e-02   6.6307085e-02   2.3561881e-02  -3.0819176e-02  -1.0822007e-01   1.2143971e-01  -1.1428355e-01  -3.7772268e-01   0.0000000e+00   1.6626370e-01  -4.4282892e-02   2.4885634e-02   1.2199268e-01   1.1332292e-01  -2.1853744e-01   1.9290480e-01   1.7096543e-01   1.7434607e-01   3.6245365e-01  -2.5288533e-01   2.3674844e-02  -1.8844320e-01   3.8800179e-01  -1.1762971e-01   3.0561575e-01   4.8430679e-01  -2.1996642e-01   1.4274779e-01  -5.0980200e-02  -2.0732200e-01   4.1919898e-02  -1.0642885e-01  -1.1256668e-01  -3.3861297e-02  -2.6489269e-01  -3.4104717e-01  -2.2683576e-01  -2.1843188e-01   4.5029344e-02  -2.2964087e-01   2.5496474e-01   1.3864581e-01   7.8782346e-02  -1.8906075e-01  -1.7165368e-01  -1.8790371e-02  -1.0832695e-01  -1.0907573e-02  -2.3939342e-01   4.9699786e-01   2.2916669e-02   7.1815029e-03  -9.3735965e-02   4.0745851e-02  -4.5139323e-02   8.5350610e-02  -4.5262295e-01  -1.1464341e-01   2.1369224e-01  -1.1084208e-01   1.1955846e-01   2.2427645e-01   3.6770001e-02   3.9146117e-02   1.5212954e-01  -2.0046302e-01  -1.6042400e-01  -1.3402304e-01   3.7410942e-01  -2.5830258e-01  -2.0934497e-02  -5.0244072e-02   1.2519440e-01  -1.2401797e-01  -2.2563444e-01   4.3730290e-01  -1.4169792e-01   7.8329771e-02   1.8014496e-01   4.4050289e-01  -1.9763836e-01   1.9024063e-01   5.5147141e-01  -2.4287891e-01   4.1853183e-01  -1.5628360e-01   8.9495676e-02   2.9857100e-02  -1.3474122e-01  -5.5160476e-02  -3.0160981e-01  -3.8281365e-01  -9.6957977e-02  -2.0222421e-01   1.2874956e-01   5.3546245e-01  -1.9800722e-01   4.3290983e-01   1.5655089e-01  -5.7971086e-02   1.5303664e-01  -1.1248294e-01  -2.7655094e-03  -1.8743794e-02  -5.5836476e-02   1.3396735e-01   2.3611334e-01   7.4163348e-02   4.6410671e-01   3.8988817e-01  -3.3695613e-01  -1.9309476e-02  -3.4608569e-01   5.9972975e-01  -1.1072109e-01   1.9873781e-01  -9.9474678e-03  -1.8757026e-01  -1.4206047e-02   1.7705210e-01   3.0606648e-01  -1.4544662e-01  -2.9313399e-02  -3.2675719e-02   2.1452262e-01  -2.8134096e-01  -5.9092506e-02   3.0255817e-01   5.2944042e-02  -1.4907698e-01   2.7795407e-02  -3.1677520e-01   1.3885347e-01  -1.3630923e-01   1.8990797e-01   5.6218287e-01  -3.5453579e-01   1.5630765e-02   1.4887951e-01   2.0000082e-01   1.9872870e-01   9.9587568e-02   4.3844448e-03  -8.0252100e-02   4.1322514e-02   3.7171724e-01   5.0007343e-01   4.2912207e-02  -1.4202897e-01  -2.0736458e-01   1.9271573e-01   1.2138653e-01  -1.4971950e-01   1.8521087e-01   3.3149777e-01  -3.0044092e-01   2.7360414e-02  -2.2441550e-01   1.6057107e-01  -2.2147138e-01  -3.7012620e-01  -9.5859899e-02   2.5430827e-01   3.1784247e-01  -7.8708748e-02  -2.5326233e-01  -1.3879599e-01  -1.4612594e-02   1.0506390e-01  -2.4453433e-01   2.0208019e-01   1.8366913e-01
