   0.0000000e+00   1.1029087e-01  -1.0637630e-01   1.6459320e-01  -3.5029295e-01  -3.3731295e-01  -2.2040490e-01   2.6359988e-01   8.4612014e-02   9.1715145e-02  -3.5486700e-01   2.8991954e-01   2.4276208e-01   4.7657421e-01  -8.5685074e-02  -9.9783902e-02   6.2570254e-02   1.2241075e-02  -8.9949847e-03  -4.1098050e-01  -2.4933017e-01   2.0182750e-01  -1.3761367e-01   5.4314821e-01   9.2139367e-02   2.6169035e-01  -4.4290093e-01   3.2319479e-01   2.3868843e-02   7.9075816e-02  -3.7074513e-01  -1.1546248e-01  -1.3779493e-01  -3.3902394e-01   2.5586397e-01  -4.5454927e-01  -2.2422131e-01   2.9311762e-02  -3.1571579e-01  -3.1708172e-01   1.1030901e-02  -2.0553027e-01  -2.4966512e-01  -1.4350514e-01  -2.1081096e-01  -3.2772483e-01  -2.7428440e-01  -3.2875449e-01  -2.9330645e-02  -1.9383055e-01  -2.0605108e-01   2.1075195e-01  -6.9018284e-01  -1.7989226e-01   3.8500456e-01  -2.3893647e-01  -3.4222371e-02  -5.4975421e-02  -1.4641521e-01   3.2350217e-01  -1.7836092e-01  -2.7612507e-02  -1.1229222e-02  -2.0808422e-01   4.6022253e-02  -2.3632588e-01  -4.6753712e-01   1.9288354e-01  -2.9754551e-01  -2.8046904e-01  -1.4752699e-01  -1.4420148e-01  -3.2199672e-01   6.2701664e-01   2.1867990e-01   2.8666224e-01  -2.9068780e-01  -2.2960679e-02  -3.0691805e-01   1.7703922e-01   7.7841413e-02   5.0814664e-02  -6.0178906e-01   3.2031109e-02   3.7857806e-01   2.5505131e-01   2.3190672e-02   3.6883052e-01   3.5488905e-02   8.0915335e-01  -9.6789030e-02  -1.9847188e-01  -1.7486941e-01  -1.1551121e-01   7.6256137e-02  -2.5690674e-01   9.8589357e-02  -6.8921993e-02   1.7835942e-01  -9.6161525e-02  -5.6435002e-02   1.2560168e-01  -2.4409131e-01   3.7600626e-01  -1.0081932e-01   2.1599121e-01  -1.0026167e-01  -2.4010095e-01   3.8907297e-02  -5.2300190e-01  -4.6962798e-01  -4.1516434e-03   2.0968930e-01   8.4806734e-01   2.1097762e-02  -3.1720880e-01  -5.7373516e-02   4.0256547e-02  -2.0882003e-01  -1.6288233e-01  -3.2767457e-01  -1.4187062e-02   6.2997032e-02   8.6809804e-02  -2.4781352e-01   5.6286726e-01  -1.5187971e-01   7.7712103e-02   1.4736250e-01  -1.3630812e-01  -1.9702287e-01  -4.9639520e-01   5.8176692e-01  -3.9959400e-01  -2.0226581e-01   3.6175611e-01   9.5255020e-02   1.9219223e-02   1.7558357e-01   5.4408157e-01   5.3728210e-01   2.4512656e-01  -2.9621006e-01  -6.0688538e-02  -1.3599676e-01  -1.6705391e-02  -1.0448971e-01  -3.6708131e-01  -1.1040819e-03  -3.1141637e-01   5.5210441e-01  -9.9804321e-02  -2.4341138e-01  -5.7321707e-01   4.1574313e-02   2.2828189e-01  -1.8454066e-01   6.1641084e-02  -8.2574560e-02  -5.2834931e-02   1.1733887e-01  -3.5290562e-01  -4.2490301e-01   2.1231826e-01  -1.4909752e-01  -2.0888583e-01  -5.6267389e-01  -6.3748425e-02  -7.1517034e-02  -5.1310966e-01   1.7932710e-02  -1.3228592e-01   1.5521864e-01   1.5230825e-01   1.9334774e-01   5.0253817e-02   2.1200072e-01
   1.1029087e-01   0.0000000e+00   1.6450656e-01   5.1974051e-01   5.4716055e-02  -5.5284085e-01  -2.8099840e-01   3.7907097e-01   6.0889446e-01  -1.2330528e-01  -6.3384568e-01   6.8015721e-01   2.2941487e-01  -1.4782072e-01  -1.2539502e-01  -1.8696928e-01   4.5567663e-01   2.7186315e-01   1.1389321e-01  -3.4088681e-01  -4.5666262e-01   3.1392873e-01  -6.2078949e-01   2.9552194e-01   1.1276708e-01   2.1162673e-01  -4.4878423e-01  -8.6561483e-02   5.0548144e-02   6.2750846e-01  -1.0744760e-01  -3.9319406e-01   8.0814949e-03  -5.2092654e-01  -2.8776627e-01  -4.8267222e-01  -1.4972117e-01  -2.1637502e-01  -3.2170765e-01   4.0658830e-02  -1.5575457e-01  -2.2835771e-01   1.2705445e-02  -1.9264136e-01  -6.3118892e-01  -1.5959273e-01  -5.0615107e-01   2.9394046e-01   1.6216755e-01   4.2507615e-02  -7.2877931e-01   2.9328417e-01   1.0486482e-01   6.5690309e-02   4.8071400e-01  -2.8221681e-01   1.1639292e-01  -5.1553610e-01   1.0139749e-01   7.4718182e-02   1.0994317e-01   7.7587769e-02   6.7535620e-01   1.9701889e-01   4.3654215e-01  -5.2495929e-01  -3.0639860e-01   6.0358497e-01  -4.8795327e-01  -2.9965906e-01   6.9985810e-01  -5.4561180e-01  -3.6450429e-01   1.3733560e-01   3.8726854e-01   4.6739706e-01  -2.2749942e-01  -6.1496277e-02   2.7520857e-01   3.7612772e-01  -4.2537676e-01   2.7458913e-01   8.7308286e-04   4.2823103e-01   3.5243783e-01   1.9331288e-01  -4.7887069e-01   1.9026673e-01   6.3533145e-01   1.5578620e-01   6.1963564e-01  -2.7608945e-01   3.7821886e-01  -1.2203711e-01  -1.2764473e-01  -1.1208208e-01   2.8454616e-02  -7.5567560e-02   5.9437720e-01  -6.1768020e-01  -4.1833741e-02  -1.3573792e-02  -3.4826909e-01   5.5558002e-01  -5.6631598e-01   6.0396007e-01   3.7245015e-01  -2.8541687e-01   1.2988245e-01  -8.5520045e-02  -1.0707829e-01  -4.7340958e-01   6.0713253e-01  -2.8553984e-02  -3.1533926e-01   5.2066453e-01  -6.0591031e-02   3.1102507e-02  -3.2147095e-01  -5.2553892e-01  -3.3791041e-01   2.7271752e-01   4.9549915e-01   7.3580973e-01  -1.5847455e-01   1.9019904e-01  -2.6838161e-01   4.7429508e-01   3.3462457e-01  -4.6025927e-02  -4.2327970e-01  -4.7451243e-01   5.2761816e-01  -2.0342411e-01  -3.3350402e-01   4.4542393e-01   9.3746671e-02   1.3352761e-01   1.2027197e-01  -1.1160909e-01  -2.7608373e-01   3.3673434e-01  -5.3908531e-01  -9.1591992e-02  -5.7136229e-01   7.7737056e-02  -1.5148153e-01   3.0863026e-01  -2.1076818e-01  -2.4270997e-01   3.2413075e-02  -6.9563043e-02  -2.6261857e-01  -1.3522406e-01   5.4943435e-01  -1.5894357e-01  -2.8384800e-01   2.0218231e-01   1.7137327e-01  -3.1303436e-01   2.9704217e-01  -6.0036555e-01  -1.1392518e-01   5.3278449e-01  -4.4239201e-01   2.3652102e-01  -3.0248928e-02   2.2071272e-01   3.2556395e-01   5.0851255e-01   3.4283065e-01  -1.0969221e-01   4.1519394e-01   1.9344193e-01   5.4712592e-01   3.0187775e-01   5.1736980e-01
  -1.0637630e-01   1.6450656e-01   0.0000000e+00  -2.0573448e-01   4.1024428e-01   3.9467406e-01  -1.0766597e-02   5.8967484e-02  -9.1929288e-02  -1.5985745e-01   1.2177767e-01   3.0883226e-01  -3.2690452e-01  -2.6061131e-01  -1.1743998e-01  -2.2124100e-01   7.2741687e-01  -2.6862809e-01   1.8587091e-01   3.8822489e-01  -4.9384965e-01  -3.8603207e-01  -4.6006112e-01  -2.7148105e-01   1.3159510e-01   1.6221114e-01   2.5032383e-01  -1.3309211e-01   4.8607352e-02  -1.2738978e-01  -1.7166380e-01   2.2798367e-01   2.9628845e-01  -3.1017432e-01  -1.4555146e-01   2.4417942e-01  -3.0970634e-01   1.4946507e-01  -1.4933485e-01   5.9404742e-01  -5.0887499e-02   2.8801168e-01   2.3190119e-01  -5.4623392e-02  -4.9944757e-02   9.2414802e-02   2.1335165e-01  -6.2026278e-02  -8.5800261e-02   6.2704703e-01  -8.5057541e-02   6.4338828e-02   4.7224987e-02   3.8817597e-01  -2.5708687e-01  -4.7312935e-02   1.9462738e-01   3.4074783e-02   7.1770395e-03  -1.2011114e-02   2.8001275e-01   1.5442595e-02   1.5579272e-01   3.4698886e-02  -1.3348965e-01  -4.0888786e-01   4.8037774e-01  -1.9819476e-01   2.1138985e-01   6.3595886e-01   1.8874692e-01   7.5553546e-02   2.0301790e-02   5.8126649e-02  -4.5764211e-04  -4.5201948e-02   1.9021547e-01   7.8820610e-02   4.1746228e-01  -2.9784733e-02  -2.1980599e-01  -3.5162399e-01   2.4614167e-01   8.9718447e-02   1.2090632e-01   1.3232890e-01  -4.9617914e-01  -2.0966810e-01   3.0086435e-01  -1.3579495e-02   3.9669924e-01   5.1636206e-01   2.5764297e-01   1.4090769e-01   1.9263781e-01   6.3576191e-01  -6.2026057e-02   5.1878325e-02  -1.5755856e-01  -4.2898508e-01  -1.7847649e-01  -1.9244962e-01  -3.7168658e-01  -2.6943821e-01  -8.7100810e-02  -1.3469367e-01   4.7686603e-01   7.5458920e-02  -1.6562146e-01   3.0794401e-01   1.4441686e-01  -1.4088932e-01  -2.7433066e-01  -9.7920167e-02  -2.4511133e-02   2.8455041e-01   1.2066389e-01  -2.1412315e-01   1.5935674e-01   1.1342780e-01   1.9934123e-01   4.2632268e-01   2.6572076e-01  -1.2780765e-01   4.3853591e-03  -8.8326401e-02   1.1348140e-01   1.1471726e-01  -1.6739058e-01   5.6343916e-01  -3.2551789e-01   1.6191965e-01  -1.3670068e-01  -3.5533522e-01   5.5635477e-02   1.9091335e-03  -1.3955081e-01  -2.6255463e-01   7.4328125e-02  -1.9188647e-01   1.0303668e-02  -2.6050370e-01  -2.1336612e-02   3.7577212e-01  -2.6956965e-01  -9.0465099e-02   1.7935274e-01   1.5604842e-01  -2.5581401e-01  -4.9912857e-01   5.3017211e-02  -4.3667954e-01   3.8648513e-01   2.5215265e-01   6.0367297e-01   7.1868718e-02  -1.0415513e-01  -2.9619701e-01   3.5538021e-01  -1.7918606e-01  -5.7877262e-02   2.6056437e-02   2.3901287e-03  -3.0183668e-01   1.6259001e-01   2.4525472e-01   1.3364423e-01   2.0336244e-01   1.1888566e-02   3.4736720e-01   7.0570528e-02   2.1622576e-02  -3.1478884e-01   3.9454041e-01  -1.2240834e-01   1.3218778e-01  -2.5675847e-01
   1.6459320e-01   5.1974051e-01  -2.0573448e-01   0.0000000e+00   1.5370893e-01  -4.8117600e-01  -3.1616796e-01   1.5523341e-01   4.8703261e-01  -2.8087310e-01  -3.3367411e-01   1.3603683e-01   4.0619656e-01  -2.0470935e-01  -4.5516918e-02   2.2627953e-01   1.2327043e-01   8.7750134e-01  -2.7986252e-01  -6.1466430e-01   2.1134243e-01   6.4800625e-01  -2.7508027e-01   8.8576070e-02  -1.0592810e-01  -5.4233932e-02  -1.8545497e-01  -1.7963878e-01  -3.2707710e-01   5.6428027e-01   1.1702970e-01  -4.4603080e-01   1.5584079e-01  -2.1728960e-01  -2.4946012e-01  -1.1789977e-01   4.7194422e-03  -2.6668184e-01  -7.5326077e-04  -1.3472220e-01   7.3948951e-02  -4.7091383e-02  -5.0230300e-01  -1.1157993e-01  -4.2341517e-01  -2.1004020e-01  -2.9208768e-01   3.2835270e-01   1.8110863e-01  -1.8095058e-01  -2.4143536e-01  -5.1135995e-03   4.3803414e-03  -1.0518947e-01   2.9071536e-01  -2.6408931e-01  -6.8443103e-02  -3.7285875e-01   4.4074966e-01  -1.2919473e-01  -7.2544363e-02   5.7594094e-02   1.9783009e-01   2.1788202e-01   5.1074594e-01  -2.2336447e-01  -2.2884905e-01   9.1499466e-01  -3.0598291e-01  -2.8471614e-01   5.9764541e-01  -4.8882115e-01  -2.3598973e-01  -4.0924786e-02   2.9672405e-01   4.1164732e-01  -3.2078802e-01  -1.9608393e-01   6.8546747e-02   5.6961321e-01  -2.2442235e-01   3.6685474e-01  -1.6912414e-01   2.2591548e-01   3.1014501e-01  -1.5511045e-01  -1.6355791e-02   1.2531348e-02   1.5400906e-01   9.4076277e-02   2.1345915e-02  -4.5936797e-01  -2.5943187e-01  -2.5287461e-01  -1.5220748e-01  -3.0693898e-01   8.1834216e-02  -2.9497981e-01   9.1409208e-01  -2.9154991e-01   1.0315889e-01   1.0205951e-01   1.3030100e-01   6.3384662e-01  -3.8153006e-01   9.5949246e-01   2.1077645e-01  -2.7296077e-01   4.3803194e-02  -1.7575029e-02  -4.7226125e-01  -2.1903191e-01   9.5034832e-01   6.9128722e-02  -3.1820990e-01  -1.5597985e-01  -2.3184974e-01   1.7583033e-01  -2.2753191e-01  -4.5003315e-01  -5.5826768e-01  -2.6753914e-01  -7.7024989e-02   6.8957625e-01  -2.4189893e-01   2.2747056e-02  -4.3028402e-01   3.4626283e-01   5.1993235e-01  -2.3450224e-02  -2.2413548e-02  -4.2852504e-01   4.4361924e-01   2.5856028e-01  -5.1044679e-01   2.9796023e-01   1.9063246e-01   3.1418284e-01  -1.4776914e-01  -1.7794240e-01  -4.4876603e-01   2.8370248e-01  -2.3883874e-01  -2.1982910e-01  -4.6672380e-01   1.7172319e-01  -3.7368256e-01   6.1476535e-02   1.1102002e-01   1.6792712e-01  -2.4650005e-01   2.1579665e-01  -4.8074173e-01  -3.1488064e-01   2.0708595e-02  -4.0192796e-01  -2.5485347e-01   3.6855335e-01   1.6642720e-01  -2.3256645e-01   1.0167538e-01  -2.7189183e-01  -6.2751322e-02   9.2539584e-01  -4.5251629e-01  -4.4160080e-01  -3.4728444e-01  -6.7629861e-02   5.3658868e-01   3.8274609e-02  -1.3905060e-01  -2.2947587e-01   9.2899897e-01  -7.4165952e-02   4.4614052e-01   4.7092765e-01   8.8684578e-01
  -3.5029295e-01   5.4716055e-02   4.1024428e-01   1.5370893e-01   0.0000000e+00   2.0557692e-01  -9.8369821e-02  -1.4036577e-01   2.7316911e-02  -3.3532173e-01   1.9438201e-01  -1.8980810e-01   3.7677704e-02  -5.3188920e-01  -7.6198510e-02   4.3013084e-02   4.1486131e-01   3.1690798e-01  -2.8992127e-02   3.7471977e-01  -1.2175638e-01  -1.0818178e-01  -3.9469086e-01  -4.6371437e-01  -1.8392890e-02  -1.2398869e-01   4.3098620e-01  -3.5547135e-01  -1.6049394e-01   1.3274838e-01   8.7146174e-02   1.6253967e-02   3.4384218e-01  -1.4034051e-01  -3.1519999e-01   6.1087512e-01   1.2581222e-03  -2.5309173e-01   1.7409945e-01   4.0543295e-01   2.0012790e-01   2.2351379e-01  -3.2356174e-02  -8.8207275e-02   9.4389227e-02  -4.9222439e-03   2.9536359e-01   3.1163383e-01   1.0088549e-01   2.2787707e-01   1.4649731e-01  -1.1680181e-01   3.6614088e-01   2.1213080e-01  -3.5240970e-01  -1.2364997e-01  -2.6256384e-02  -1.1551951e-01   4.3049340e-01  -4.1274187e-01   8.5860567e-02   2.3919739e-01   1.0717545e-01   1.5608089e-01   1.4031053e-01  -9.4130229e-02   4.6784271e-01   1.6050370e-01   2.5126261e-01   3.4020361e-01   2.5114203e-01  -4.3049779e-02   3.7226883e-01  -3.2285475e-01  -5.3688964e-02  -2.0601918e-01  -3.3628265e-02   1.0989893e-02   7.1623170e-01   1.4154075e-01  -3.7948423e-01  -1.2942457e-01   3.0181358e-01  -1.7749237e-02  -1.9935582e-01  -2.0829859e-01  -4.1819256e-01  -3.2169614e-01   1.4558674e-01  -2.3836772e-01   4.4798203e-01   1.6828237e-01   1.8943600e-02  -5.3477281e-02  -2.2824222e-01   5.4284171e-01  -2.8287452e-02  -7.5736334e-02   2.4959242e-01  -3.0520945e-01  -7.7383118e-02  -2.3874308e-01  -7.1087930e-02  -2.0845631e-01  -1.5954527e-01   1.4546786e-01   2.8113926e-01   1.4140511e-01  -1.2662554e-01   6.4605082e-01  -3.7205695e-02  -1.8449137e-01   8.0701898e-02  -3.5073039e-01  -2.0497323e-01   3.0905525e-01  -2.7452783e-02   1.9080932e-01  -6.9384332e-02  -1.8434068e-02   5.1192919e-02   3.1588123e-01  -1.6670356e-01   1.4163446e-01  -1.0218143e-01  -3.7388037e-01  -1.2179441e-01   1.2972568e-01  -8.4562765e-02   3.8359066e-01   9.5635432e-02   3.0357961e-01  -1.9896967e-01   1.0731470e-01  -1.5735088e-01  -1.7425801e-01  -3.8269167e-02  -2.3162189e-01  -1.8865942e-01  -4.9830064e-01  -4.3970573e-01  -1.5288496e-01  -9.8282857e-02  -7.4270957e-02  -3.8641878e-01  -1.3133387e-01  -2.3655200e-01   4.1774472e-01   1.5892510e-01  -1.0069464e-01  -3.7252824e-01  -1.9601847e-01   9.8214822e-02   4.5071274e-01   2.4045966e-01  -2.6711560e-01  -4.0460583e-02   4.6721934e-02   3.3977195e-01  -1.9577283e-01  -1.2038133e-01   2.4616064e-01   3.2145070e-01   4.0921822e-02  -3.1466662e-02  -4.0374056e-03   3.9893493e-02  -4.9095854e-02   2.8095338e-01   4.4506786e-01  -1.2388848e-02  -8.8841563e-02   1.5057691e-01   1.3128648e-03  -9.0935973e-02   2.9978903e-01   4.5054197e-02
  -3.3731295e-01  -5.5284085e-01   3.9467406e-01  -4.8117600e-01   2.0557692e-01   0.0000000e+00   1.0945610e-01  -1.3570383e-01  -3.7268292e-01  -6.6709055e-02   6.0754349e-01  -3.2516185e-01  -4.0268478e-01  -6.9848971e-02   1.4735295e-01  -1.2667323e-01   6.1541178e-02  -4.0146937e-01   2.9599754e-01   3.8742679e-01   1.7444453e-01  -4.2327909e-01   2.7732356e-01  -3.4217898e-01   2.2489023e-01   4.2769694e-02   3.4927260e-01   3.7678556e-02  -9.8782138e-03  -4.8131522e-01   1.0948986e-01   3.9976960e-01   1.9946707e-01   3.0278671e-01   1.1810453e-01   5.6041153e-01  -8.9962717e-02   1.5174611e-01   7.4135824e-02   1.6855934e-01   9.6483955e-02   4.0294749e-01   1.2786562e-01   2.9666417e-01   2.5894790e-01   1.7204676e-01   6.0244240e-01  -3.0643172e-01  -2.1276554e-01   1.6182420e-01   3.2089802e-01  -7.3196702e-02  -1.3403698e-02   3.1315487e-01  -3.0465789e-01   2.6897552e-01   3.0646153e-01   3.1440184e-01   5.1727564e-02   1.9678448e-02   1.4912961e-01  -7.8260670e-02  -3.2918969e-01   1.6394007e-02  -5.1452957e-01   1.0939920e-01   6.5928527e-01  -5.7498535e-01   6.0060619e-01   4.3969721e-01  -3.9875815e-01   2.5214837e-01   3.3839967e-01  -1.4746293e-01  -1.3844505e-01  -2.6775751e-01   2.6771009e-01   2.2852715e-01   5.8108429e-02  -2.5631850e-01   2.4370898e-01  -4.0956355e-01   3.2316476e-01  -1.1331160e-01  -3.9319349e-02   1.1621208e-02   1.7588521e-01  -1.4235090e-01  -1.7432614e-01  -3.4632330e-01  -2.8560220e-01   6.6035319e-01  -3.3769950e-02   2.8269929e-01   1.7663635e-01   5.3839181e-01  -2.5011582e-01   4.1730223e-01  -5.4699545e-01   1.6754064e-01  -1.7516215e-02   1.0184999e-02   9.6307965e-02  -4.0228163e-01   2.6044782e-01  -4.6973467e-01   1.8738996e-01   4.9192439e-01  -8.5153691e-02   1.9329897e-01   2.8757201e-01   1.5232431e-01  -6.0805145e-01  -2.1271943e-01   2.7952187e-01  -2.1515008e-01   1.9358605e-01  -1.7533972e-01   5.0538526e-01   3.0834840e-01   4.5550060e-01   7.1489563e-03  -1.0899083e-01  -5.3100551e-01   5.8156361e-02  -3.0129168e-01   1.7947412e-01  -1.2248227e-01  -2.6037611e-01   8.4753024e-02  -7.3833429e-03   4.8786364e-01  -4.4863601e-01   3.3154159e-02   3.4103168e-01  -2.3680058e-01  -1.0104569e-01  -1.0050182e-01   2.3502216e-02   1.9017197e-02   1.1310508e-01  -3.4561480e-01   3.6102354e-01   2.9220179e-01   2.2961914e-01  -9.7718518e-03   2.2661242e-01  -2.2984780e-01  -6.2426268e-02   7.8278247e-03   6.8938861e-02  -5.3483392e-02   6.1857891e-01   2.2148550e-01  -1.9495788e-01   1.8554978e-01   8.9574831e-02  -3.2408977e-01   1.5310028e-01   1.8220751e-01  -3.1608189e-01   5.6494339e-01  -2.5240650e-02  -5.5119383e-01   3.0791288e-01   6.0836576e-02   2.1793032e-01   1.3384595e-01  -1.1863729e-01  -1.3441987e-01  -1.0139208e-01  -2.6956417e-02  -4.6764021e-01   2.0889944e-01  -3.1676051e-01  -1.0529179e-01  -4.3894815e-01
  -2.2040490e-01  -2.8099840e-01  -1.0766597e-02  -3.1616796e-01  -9.8369821e-02   1.0945610e-01   0.0000000e+00  -4.6934772e-01  -2.4323275e-01   7.0791073e-01   1.8521315e-01   3.3124170e-02  -2.3853638e-02  -1.1721557e-01   2.9876103e-01   4.8073874e-01  -3.2354143e-01  -1.6310417e-01  -3.0974178e-01   2.4299545e-01   1.3860355e-01   6.7498438e-03   5.2309760e-01  -2.6260919e-01  -4.1753126e-01  -2.5199646e-01   4.4121429e-01   2.9578094e-02  -3.4102421e-01   8.5996332e-02  -2.8117374e-03   4.3848676e-02  -1.4505589e-01   6.1232240e-01   8.7010761e-02   6.9115999e-02   1.9393179e-02   1.8004215e-03   2.9079682e-01   3.2396083e-01  -1.6835938e-01  -5.2838987e-02   1.7327854e-01  -1.1893413e-01   4.3486878e-01  -2.4916857e-01  -3.9337194e-02   3.7102021e-01  -2.3738032e-01   1.8026531e-01   3.1702987e-01  -2.1470254e-01   2.2382654e-01  -4.0294648e-01  -3.5079332e-01   1.9393595e-01  -3.1252699e-01   4.6649375e-01  -2.6459970e-01  -4.9519037e-03  -3.1457220e-01  -1.2747450e-01  -2.6190596e-01  -2.1291708e-01   1.4756875e-02   6.8144803e-01   9.6910910e-02  -3.7683603e-01  -6.4142162e-02   3.1396652e-01  -7.3224579e-02   2.5641157e-01  -5.5329505e-03  -1.3795684e-01  -4.6384424e-01  -3.3017267e-01  -9.1662475e-02  -1.9197211e-01  -1.9225738e-01  -4.0642483e-01   4.8333995e-01   1.2570863e-01  -2.8713320e-02  -4.1749458e-01  -4.2725439e-01  -1.1889867e-01   1.8355588e-01  -4.0575857e-01  -2.2546260e-01  -1.7135742e-01  -2.8297985e-01  -2.9399842e-01   2.7233061e-01   5.8009922e-02  -2.6140919e-01   1.9829523e-02   1.8010385e-01  -3.5174553e-01  -3.4191804e-01   4.7520443e-01  -2.3635489e-01   7.9504556e-02   2.1094611e-01  -2.3205347e-01   3.1343833e-01  -3.5103670e-01  -3.9055704e-01  -2.1551833e-01  -1.5219703e-01   1.7391028e-01   6.2653593e-01   7.2017859e-01  -2.8315470e-01  -1.8538690e-01   6.3820014e-02  -6.5817876e-02  -9.1834728e-02   1.3817893e-01   1.7300616e-02   2.1547158e-01  -1.2989065e-01  -1.0958951e-01  -2.9870901e-01  -3.0090763e-01   7.6775449e-02   8.5839458e-02   2.3039242e-01  -3.7656185e-01  -1.5565385e-01   2.0332775e-01   1.3999984e-01   3.5313258e-01  -4.0364876e-01   2.0294558e-01   1.5612615e-01  -4.0381814e-01  -1.2852524e-01   1.9205827e-02  -4.9907299e-02  -1.8904439e-01  -1.1906944e-01  -3.1147039e-01   3.0164166e-01   4.4640886e-01   4.5126585e-01  -2.5201798e-01   6.0859535e-01   8.2842803e-02   2.9642046e-01   1.7110561e-01  -2.4835270e-01  -2.7129554e-02  -2.9710614e-01   3.2534103e-01   1.0610013e-01  -2.9508763e-01  -8.5626111e-02   1.6695967e-01  -3.8637986e-01   3.0336327e-01  -1.9633474e-02   1.5941442e-01   4.0024202e-01  -2.7264301e-01   2.0703118e-01   1.0289111e-01   3.3141244e-01  -1.5318183e-01  -4.0629006e-01  -1.4767558e-02  -3.9234448e-01   1.9140945e-02  -2.8699803e-01  -1.0315640e-01  -1.5817490e-01  -2.6133615e-01  -2.9464801e-01
   2.6359988e-01   3.7907097e-01   5.8967484e-02   1.5523341e-01  -1.4036577e-01  -1.3570383e-01  -4.6934772e-01   0.0000000e+00   4.2069072e-01  -9.2886067e-02  -4.7769525e-01   3.3593260e-01  -1.6318571e-02   1.5697446e-01   2.5236106e-02  -6.2482501e-01   2.4461892e-01  -1.1272129e-01   5.8618911e-01  -3.6723459e-02  -2.6069134e-01   1.9352354e-02  -2.7706305e-01   5.7417690e-01   5.1268164e-01   7.4379020e-01  -7.6966025e-01   2.8382494e-01   5.3490688e-01  -7.5718195e-02   9.6488594e-02   2.5918558e-01  -1.8835896e-01  -4.5641941e-01   2.9749852e-01  -5.2787686e-01  -2.1992414e-01  -5.9992086e-02  -6.8873496e-01  -6.1351668e-01   1.1892137e-01   2.0387972e-02   3.1042687e-01   4.5421193e-01  -3.9750552e-01   1.4837652e-01  -4.3481268e-01  -3.3462181e-01   1.0341629e-01  -2.4268341e-01  -4.7010420e-01   7.8125009e-01  -3.9252140e-01   4.5767085e-01   6.9891695e-01   1.9783044e-01   5.7718584e-01  -5.0465569e-02   2.1505330e-01   5.1743960e-01   4.1457487e-01   1.4183988e-01   5.1039832e-01   3.6049514e-01  -1.4215357e-02  -5.5061459e-01  -4.1476014e-01   2.6673567e-01  -3.0178052e-01  -5.2491065e-01   1.0115999e-01  -2.6866140e-02  -8.9744815e-02   4.9174459e-01   6.7603551e-01   6.4327003e-01   3.5604242e-02   5.6884879e-01  -1.8214347e-01   4.2481587e-01  -3.4627684e-02   1.1131456e-01  -8.4869192e-03   8.0037068e-01   6.2126697e-01   6.7624738e-01  -2.3414365e-01   5.3489627e-01   4.5897450e-01   3.2177172e-01   2.0457628e-01   2.9296604e-01   1.6785558e-01   4.1744154e-01   1.2183180e-01  -1.4970507e-01   2.0370023e-01   5.8727378e-01   1.4302560e-01  -3.6625748e-01   2.1396165e-01   1.0735114e-01  -1.9156145e-01   4.4175597e-01   5.3114224e-03   3.1945710e-01   4.8859076e-01   4.6109899e-01   2.2712726e-01  -3.3965920e-01  -1.1635943e-01  -4.4146682e-01   1.1607128e-01   1.6336797e-01   2.4463045e-02  -7.6460478e-03   5.5639729e-01   1.1954704e-01   4.2404235e-02  -3.0814552e-03   1.4936550e-02   1.9020322e-01   6.4715358e-01   3.3166793e-01  -1.0920009e-01   4.6888122e-01   1.2519638e-01   6.3624446e-01   4.2037405e-01  -5.2902380e-01  -6.2062951e-01  -5.8657666e-01   6.2360163e-01  -3.0267674e-01   2.7465335e-01   8.8313213e-01   2.4564494e-01   1.0228706e-01   6.6064084e-01   1.0144080e-01   2.6109337e-01   3.8385207e-01  -1.7536061e-01  -1.9369513e-01  -7.0615145e-02   4.5852639e-01   6.5329546e-02  -2.4426996e-01  -5.1542088e-01  -2.8040198e-01   4.7205689e-01   2.0316895e-01   2.8461630e-01  -5.0328852e-01  -1.1073799e-01   4.7193166e-01  -8.1570797e-03   1.3203643e-01   3.5417320e-01   2.0108467e-01   5.0179731e-01  -2.7867909e-01  -4.2860452e-01   2.0586405e-01   1.3427967e-01   1.2026251e-01   2.2423913e-04   5.0310692e-01   2.2779102e-01  -1.7666692e-02   2.9422831e-01  -2.4328979e-01   1.1944157e-01   3.6555474e-02   4.4418234e-01  -2.1373530e-01   2.5690642e-01
   8.4612014e-02   6.0889446e-01  -9.1929288e-02   4.8703261e-01   2.7316911e-02  -3.7268292e-01  -2.4323275e-01   4.2069072e-01   0.0000000e+00  -1.2087640e-01  -4.7190197e-01   3.5298420e-01   1.9778473e-01  -1.8095145e-01   3.8451036e-01  -3.1742183e-01   1.9041854e-01   3.3728183e-01   2.1411240e-01  -2.4842668e-01  -2.2224758e-02   6.0510037e-01  -1.8806616e-01   3.7660661e-01   1.0510831e-01   3.5597466e-01  -4.0356711e-01   7.3307842e-02   4.5584763e-02   6.7383076e-01   3.6170279e-01  -2.1586910e-01  -2.0729730e-01  -1.2488357e-01  -1.2676593e-01  -4.0071645e-01  -2.4063879e-01  -2.6621839e-01  -5.0925002e-01  -2.0386643e-01  -4.1315391e-02  -2.3769401e-01   3.6849778e-02   3.0469767e-02  -4.5501203e-01  -1.0302797e-01  -5.5027235e-01   3.4137585e-01  -7.7728273e-02  -8.5324338e-02  -5.2185901e-01   4.7151725e-01   2.5848539e-02  -6.5376502e-03   5.6495587e-01   8.0464887e-02   2.2859923e-01  -2.8206558e-01   1.6089567e-01   3.0763122e-01   2.2162588e-01  -1.0135221e-03   7.3512801e-01   6.0610312e-01   4.6421013e-01  -3.3701250e-01  -2.4390001e-01   5.5730067e-01  -5.0712743e-01  -3.8625622e-01   5.1407005e-01  -3.7875771e-01  -1.1401201e-01   9.3866574e-02   4.6460163e-01   5.9175201e-01  -1.2394633e-01   2.2189387e-01  -5.3134789e-02   2.0339303e-01  -9.8485326e-02   4.4594365e-01   1.2819363e-01   4.6899829e-01   2.8966792e-01   4.1155513e-01  -8.8644300e-02   1.3831531e-01   5.9697439e-01   1.6105656e-01   2.6347870e-01  -1.4934995e-01   1.5073734e-01   2.6548738e-01  -1.4327530e-01  -1.9264512e-01   2.1828939e-01   1.6693991e-01   4.8347635e-01  -4.1013312e-01   2.5643743e-01   4.3794110e-01  -1.2814874e-02   7.3446562e-01  -2.2505059e-01   5.7015133e-01   3.7487855e-01  -4.1685761e-02  -2.0405759e-03  -8.0557822e-02  -1.8270215e-02  -2.5963425e-01   5.5493530e-01  -1.7230478e-02  -7.0951604e-03   1.3830839e-01   1.0543955e-01   2.9567022e-01  -1.1302579e-01  -4.2639686e-01  -2.7885549e-01  -7.1508884e-02   4.6011701e-01   8.3410607e-01  -2.1209301e-01   1.1827669e-01  -1.2077271e-01   4.9257064e-01   6.9466846e-01  -2.5337060e-01  -4.7689356e-01  -5.1043423e-01   3.4892110e-01   2.1517837e-01  -2.1296923e-02   5.5698620e-01   3.1578776e-02   2.0261820e-01   3.9173039e-01  -2.7653226e-02  -1.9387451e-01   2.1328788e-01  -2.5195350e-01  -1.7473474e-01  -1.5051822e-01   3.9389582e-01  -3.0181624e-02   1.4260779e-01  -9.1426663e-02  -7.4283260e-02   1.2573976e-01   2.6762134e-01  -2.0322705e-01  -1.4688181e-01   7.4763328e-02  -3.5166416e-02  -1.1410035e-01   4.8078011e-01   1.9610000e-01   4.7590185e-02   5.0953832e-01  -3.1003074e-01  -1.7348899e-01   6.3361297e-01  -3.4579618e-01  -9.5330087e-02   1.0659323e-02   2.0821671e-01   4.1265408e-01   1.9347975e-01   1.1863557e-01  -1.8561316e-01   5.5464171e-01   1.7075957e-02   6.2259955e-01   6.5752509e-02   6.8214600e-01
   9.1715145e-02  -1.2330528e-01  -1.5985745e-01  -2.8087310e-01  -3.3532173e-01  -6.6709055e-02   7.0791073e-01  -9.2886067e-02  -1.2087640e-01   0.0000000e+00  -1.0237234e-01   2.0531369e-01  -4.0233923e-02   1.6197640e-01   1.4498446e-01   1.9524238e-01  -3.2281471e-01  -3.1283121e-01  -7.7050075e-02   8.1885727e-02  -5.2885855e-02  -8.9553617e-03   3.6865431e-01   7.1011674e-02  -1.4350870e-01  -1.0760902e-02   2.8814755e-02   3.0680535e-01  -7.2958246e-02   3.3598305e-02  -1.9127755e-01   3.9111437e-02  -2.4482400e-01   2.9105578e-01   2.8512975e-01  -2.7591210e-01  -9.5157631e-02  -1.1445612e-01   2.7174669e-03  -4.6545114e-02  -1.6077110e-01  -1.6767902e-01   2.7943577e-01  -3.1273361e-02   2.5126790e-01  -3.0496231e-01  -1.8233730e-01   4.3716774e-02  -1.9523520e-01  -9.8450283e-02   1.3193070e-02   2.5097432e-02  -1.0663200e-01  -3.1833375e-01  -1.8396135e-03   1.1828133e-01  -2.0341931e-01   3.8552024e-01  -2.9234495e-01   1.2465321e-01  -2.7550236e-01  -9.3199724e-02  -2.0970261e-02  -3.7213456e-01   4.4497661e-02   5.5295722e-01  -1.8955225e-01  -2.9492895e-01  -1.5177835e-01  -1.4731811e-02  -1.9992223e-01   1.3560272e-01  -1.3496620e-01   7.2224343e-02  -2.6283459e-01  -1.4499623e-01  -2.3062041e-01   1.0749451e-01  -2.4762086e-01  -1.9348434e-01   4.1523487e-01   1.1861693e-01  -2.4001511e-01  -1.6407524e-01  -1.4465023e-01   1.1786202e-01   5.0753760e-02   2.6696977e-02  -3.8887986e-02   7.8742918e-02  -1.8246549e-01  -2.8630070e-01   3.1438567e-01   8.4210511e-02  -2.1090988e-01  -8.0578959e-02   1.0523190e-01  -1.5145762e-01  -2.9966354e-01   4.2557341e-01  -1.8695928e-01   3.6787967e-02  -6.6139967e-02  -5.8767192e-02   2.2750998e-01  -2.4724486e-01  -3.3958592e-01  -6.6452306e-02   2.9754145e-02  -1.2710824e-01   4.6603405e-01   5.0492343e-01  -2.4712602e-01   1.1618786e-01   1.3215414e-01  -2.0291652e-02   8.7435719e-02   1.3850427e-01  -5.5468793e-02   1.0331630e-01  -1.4477313e-01   5.9277027e-02  -5.5457140e-02  -1.6526156e-01  -1.3142660e-01   3.5485641e-01   2.3304046e-01  -1.8187353e-01  -5.2159610e-02  -1.2352438e-01  -8.1081552e-02   9.2977970e-02  -5.1264673e-02  -1.3993429e-01   1.5833452e-01  -9.3347851e-02  -6.8314703e-02   4.9425631e-02   1.6646694e-01  -2.3361697e-03   1.4961940e-01  -1.3699262e-01   1.5465525e-01   3.3879672e-01   3.6816459e-01  -1.5363345e-01   4.8884948e-01  -2.7561395e-02   1.5095069e-01   1.1814039e-01   1.3210989e-01  -4.3930413e-02  -1.6921049e-01  -4.5838059e-02   6.4326723e-02  -3.7658211e-02  -3.3880619e-02   1.5158712e-01  -3.5863461e-01   2.9660583e-01   6.8351513e-02  -7.8649311e-02   2.9021621e-01  -2.1518883e-01   1.2840861e-01   2.1164669e-01   2.5270040e-01   1.2521191e-01  -3.2838700e-01  -1.0814288e-01  -1.1412224e-01  -9.3660665e-02  -3.0581026e-01  -6.5408684e-02  -2.2138167e-02  -3.1171085e-01  -2.4935650e-01
  -3.5486700e-01  -6.3384568e-01   1.2177767e-01  -3.3367411e-01   1.9438201e-01   6.0754349e-01   1.8521315e-01  -4.7769525e-01  -4.7190197e-01  -1.0237234e-01   0.0000000e+00  -5.1833411e-01  -3.0122105e-01  -5.7460882e-02   2.3732034e-01   3.2256139e-01  -1.5811529e-01  -8.2317196e-02  -7.9405793e-02   2.3326050e-01   4.3567245e-01  -3.1261977e-01   3.8877775e-01  -5.7374110e-01  -1.4883442e-01  -4.4765077e-01   6.1180277e-01  -1.2346080e-01  -3.0897151e-01  -3.8440013e-01   2.4921994e-01   2.1024251e-01   4.5700689e-01   3.9822943e-01  -6.8092974e-02   7.8335043e-01   7.0269687e-03   4.7236957e-02   6.0574421e-01   3.3119280e-01   1.2810650e-01   4.1881015e-01  -1.7425421e-01   2.3925262e-01   4.0632603e-01   3.8388456e-02   8.4807406e-01  -3.8533838e-02  -2.0669130e-01   6.8704615e-02   6.5547591e-01  -5.1362004e-01   1.3048132e-01   2.9748941e-02  -5.3844887e-01   1.7892034e-01  -2.1253994e-01   2.5224048e-01   6.5099571e-02  -3.8445825e-01  -1.2317518e-01  -2.5467835e-01  -5.1336594e-01  -2.1076671e-03  -3.1791171e-01   2.3356231e-01   4.5943844e-01  -4.4494437e-01   8.4872802e-01   4.8247209e-01  -2.5106346e-01   1.7299349e-01   5.5883632e-01  -4.6932030e-01  -4.1197272e-01  -4.2024468e-01   9.3331092e-02  -4.9296558e-02   1.5400890e-01  -3.0645016e-01   2.7389137e-01  -4.1723576e-01   3.1100045e-01  -4.6870447e-01  -3.7493876e-01  -4.1075780e-01   3.7492048e-01  -3.5904055e-01  -4.3170060e-01  -5.2259236e-01  -3.9803920e-01   3.6136754e-01  -4.2545164e-01  -8.0600331e-02   9.8081779e-02   4.5358458e-01  -4.0864077e-01   7.6776435e-02  -4.0217666e-01   3.5532306e-01   1.2692180e-01  -1.2627682e-01   3.8936826e-01  -4.5203434e-01   2.7381738e-01  -4.3521706e-01  -1.8692671e-01   2.8389463e-01  -3.0134650e-01   2.1280998e-01   7.2674983e-02   2.3396126e-01  -4.6147003e-01  -2.5933983e-01   2.8275862e-01  -2.5191048e-01  -1.0357978e-01  -1.1890657e-01   4.5572243e-01   2.4019117e-01   1.5102134e-01  -8.4188373e-02  -5.0310490e-01  -5.1461121e-01  -9.9093624e-02  -4.8397137e-01   7.3503184e-02  -4.4076794e-01  -2.8238794e-01   3.1116339e-01   5.3361346e-01   7.6608760e-01  -6.2639084e-01   3.1843450e-01   1.7755452e-02  -4.9656670e-01  -9.6348020e-02   1.1058581e-02  -3.5734509e-01  -1.9467057e-01   2.5086735e-02  -5.2850192e-01   5.4977085e-01   2.5904357e-01   3.2278420e-01  -1.7254019e-02   1.2635776e-01  -8.5504286e-02   4.1513011e-05   2.2003387e-01  -2.7521144e-01   1.0114290e-01   2.7101940e-01   5.0057744e-01  -2.6707782e-01  -1.1578659e-01  -5.8483471e-02  -3.3053521e-01  -2.3016359e-02   1.1863409e-01  -5.7991100e-01   8.4235802e-01   5.7039709e-02  -4.1618119e-01   1.5025568e-01  -2.6959773e-02   1.8465812e-01  -1.8114361e-01  -2.6977993e-01  -2.0079947e-01  -2.2167884e-01  -1.3197063e-01  -3.3070886e-01  -9.7684173e-02  -5.3953910e-01   1.4611848e-01  -4.3071701e-01
   2.8991954e-01   6.8015721e-01   3.0883226e-01   1.3603683e-01  -1.8980810e-01  -3.2516185e-01   3.3124170e-02   3.3593260e-01   3.5298420e-01   2.0531369e-01  -5.1833411e-01   0.0000000e+00   1.1252324e-01  -9.9160374e-02   2.0348429e-02  -1.9393140e-01   3.4570136e-01  -9.7249722e-02   1.8299036e-01  -2.0866381e-01  -4.6617295e-01   9.1033919e-02  -3.7297811e-01   3.2354904e-01   6.1498422e-02   2.6154927e-01  -4.1744416e-01   1.9882758e-03   2.0905689e-01   3.4329446e-01  -3.4315144e-01  -1.9288967e-01  -1.0070406e-01  -3.3392568e-01   1.0886710e-01  -5.1410368e-01  -2.2476354e-01  -5.1292013e-02  -3.8178274e-01   6.0266719e-02  -1.3649358e-01  -2.0386214e-01   2.6482938e-01  -2.3629942e-01  -3.7312182e-01  -2.7084201e-01  -4.1658891e-01   2.0244403e-02   3.0128068e-02   4.4832528e-02  -5.8844000e-01   2.6677417e-01  -1.0043894e-01   5.3275854e-02   3.7521080e-01  -2.3137902e-01   1.7773130e-01  -2.6707485e-01  -7.3289494e-02   4.5355737e-01  -5.8177574e-02   4.5150873e-02   4.9409460e-01   2.6778525e-02   2.5879153e-01  -3.6375571e-01  -2.2065574e-01   2.3350584e-01  -4.2800475e-01  -1.2481234e-01   3.4695735e-01  -3.1652897e-01  -3.4253732e-01   4.0456991e-01   2.9348723e-01   2.9576961e-01  -2.5114999e-01  -7.5943087e-02   7.3661132e-02   2.2106177e-01  -1.9005545e-01   2.0216996e-01  -1.8181293e-01   2.0824757e-01   3.0841778e-01   2.7829713e-01  -3.6754811e-01   2.2000247e-01   5.5034356e-01   2.7300731e-01   3.6264056e-01  -1.8727578e-01   5.2265586e-01   1.7150258e-01  -5.0226637e-02  -6.1124043e-02   8.2617917e-02  -5.9930605e-02   2.0557592e-01  -3.4553391e-01  -2.7341527e-01   1.4159622e-01  -4.3606771e-01   3.8677672e-01  -3.6064217e-01   2.2823304e-01   2.6057069e-01  -3.2881369e-01   1.5162254e-01  -1.6554152e-01   1.1557422e-01  -1.0571885e-01   2.3397261e-01   8.5052064e-02  -2.1097282e-01   3.0647394e-01  -4.7792587e-02   3.9557061e-02  -1.7173308e-01  -2.9644672e-01  -2.8990113e-01   2.1525954e-01   6.7399762e-01   3.6548794e-01  -1.7077606e-01   3.8118106e-01   7.8505103e-02   3.1993591e-01   1.6054723e-01  -1.7479539e-02  -4.5159675e-01  -4.2972932e-01   3.4751464e-01  -3.4317714e-01  -6.1348984e-02   3.0222045e-01   7.3913698e-02   3.9489425e-02   2.0419798e-01   5.0815048e-02   3.4892183e-02   2.2564306e-01  -4.2687069e-01   2.7015095e-01  -2.4931856e-01  -7.0055787e-02   2.5479358e-01   1.1195400e-01  -1.1068402e-01  -3.7098261e-01   2.1452392e-01  -2.6396983e-01  -1.4798792e-01  -2.3194058e-01   5.3588224e-01   8.5013263e-02  -3.7780784e-01   1.6713248e-01  -5.3844333e-02  -2.7935467e-01   3.2649117e-01  -5.7825007e-01  -2.0624980e-01   1.6902577e-01  -2.0922698e-01   3.3006209e-01   5.2693093e-02   2.3977510e-01  -8.2681434e-02   2.1873830e-01   4.0135558e-01  -8.1624476e-02   5.7938303e-02   3.2727285e-01   3.8218478e-01   1.1157277e-01   1.4242418e-01
   2.4276208e-01   2.2941487e-01  -3.2690452e-01   4.0619656e-01   3.7677704e-02  -4.0268478e-01  -2.3853638e-02  -1.6318571e-02   1.9778473e-01  -4.0233923e-02  -3.0122105e-01   1.1252324e-01   0.0000000e+00  -1.0011961e-01  -8.8178014e-03   1.5092301e-01  -1.3710365e-01   4.5226884e-01  -3.3521016e-01  -2.6919635e-01   1.2210533e-01   4.2549214e-01  -2.2165240e-02   1.2770471e-01   1.0566513e-01  -2.4417667e-01  -2.1427062e-01  -2.0214606e-01  -1.2403890e-01   4.0205792e-01  -4.8381935e-02  -4.8732515e-01  -1.5271763e-01  -2.5017570e-02   2.9323738e-02  -2.2165543e-01   3.5357825e-01  -2.6053706e-01  -2.4295409e-02  -1.5169075e-01   5.0913967e-01  -3.4540336e-01  -3.8789724e-01  -2.6400407e-01  -1.8343474e-01  -3.5227742e-01  -2.9932872e-01   2.2004318e-01   4.8641611e-01  -2.9628356e-01  -1.7036774e-01  -9.3781266e-02  -3.6053099e-03  -2.7246860e-01   1.9849015e-01  -2.6206972e-01  -1.7819982e-01  -2.8311031e-01   1.1776486e-01   4.3623217e-02  -3.6679783e-01   5.2985385e-01  -7.2356977e-02   1.7166442e-03   3.5698696e-01   5.4542748e-02  -2.8922547e-01   4.9264296e-01  -3.9085898e-01  -3.0296219e-01   2.2760298e-01  -3.3925640e-01  -6.8561272e-02   6.4389069e-02   4.2691815e-02   1.9067833e-01  -4.2526224e-01  -4.0810819e-01  -8.1471514e-02   3.9512759e-01  -6.2394152e-02   2.8514195e-01  -3.6130219e-01  -2.0408198e-01   1.2561605e-01  -1.8379093e-01   6.2692829e-02   1.0589110e-01  -3.1698057e-02   2.0481494e-01   4.1726967e-02  -5.3948852e-01  -7.1126773e-02  -3.2338024e-01  -4.0725986e-01  -4.5949810e-01   2.3729461e-01  -3.4302803e-01   5.4401086e-01  -2.9051667e-02   1.0403284e-02   1.0098272e-01   1.4463925e-01   3.8795165e-01  -3.3823956e-01   3.6759231e-01   6.6657599e-03  -3.9220176e-01   4.3049716e-01  -1.6207152e-01  -2.3219913e-01  -3.4759664e-02   5.0611244e-01   1.1189253e-01  -2.8992194e-01  -1.1959148e-01  -3.6012960e-01   3.9187733e-01  -2.5974760e-01  -3.7595578e-01  -4.6954077e-01  -2.0205518e-01  -2.6228651e-02   2.7675318e-01  -1.0514450e-01   9.5311561e-02  -3.9912566e-01   6.2147543e-03   9.8700195e-02  -1.6796134e-01   7.0081846e-02  -3.1981942e-01   2.6297659e-01   1.8520649e-01  -3.3528330e-01   8.0085477e-02   2.7293778e-02   1.0661573e-01  -2.0493472e-01   7.8604579e-03  -3.2773845e-01   6.9722200e-01  -3.2751578e-01  -2.6651308e-01  -2.1679389e-01  -4.6397793e-02  -2.1774248e-01  -1.2250084e-02   2.3383434e-01   1.4942910e-01  -1.3926619e-01   1.9387569e-01  -4.9338655e-01  -2.8732561e-01  -3.6617982e-02  -2.5297901e-01  -3.3003781e-01   4.2410494e-01  -2.3985553e-01  -8.2635619e-02   1.4098846e-01  -4.0543881e-01   5.0896667e-02   4.4010992e-01  -4.4579811e-01  -3.7363647e-01  -3.5872279e-01  -3.2544069e-01  -7.5331813e-03  -1.4525087e-01  -7.6371036e-02  -1.7393000e-01   4.8448766e-01  -2.1898055e-01   2.7928453e-01   1.6536433e-01   4.0494712e-01
   4.7657421e-01  -1.4782072e-01  -2.6061131e-01  -2.0470935e-01  -5.3188920e-01  -6.9848971e-02  -1.1721557e-01   1.5697446e-01  -1.8095145e-01   1.6197640e-01  -5.7460882e-02  -9.9160374e-02  -1.0011961e-01   0.0000000e+00  -2.2403583e-01  -1.3830219e-01  -1.4230436e-01  -3.4592771e-01   1.5746624e-02  -2.6890004e-01  -3.8596078e-02  -1.9159445e-01   9.1123985e-02   3.4628798e-01   1.4820944e-01   7.2025299e-02  -3.7634906e-01   3.5231959e-01   1.5998022e-01  -3.4666312e-01  -1.7781395e-01   7.8173296e-02  -4.5461859e-02  -2.2192197e-01   1.2374042e-02  -3.1275118e-01  -9.4267565e-02   1.2793828e-01  -8.8051323e-02  -3.3837323e-01  -8.9346870e-02  -9.6739366e-02  -9.9077248e-02   2.0002429e-01  -1.0783323e-01  -5.2017268e-03   2.8175829e-02  -4.8547248e-01  -8.1640067e-02  -1.4671797e-01  -1.3598932e-01   7.2851188e-02  -4.7586451e-01  -1.3454693e-01   3.2389938e-01  -4.7691849e-02  -1.1030322e-01   6.1898777e-02  -3.0775954e-01   3.8792136e-02  -8.0402310e-02  -1.3031234e-01  -1.3871254e-01  -3.0314524e-01  -3.0643082e-01  -9.3110486e-02  -3.7689000e-01  -2.0672452e-01   7.0534650e-02  -3.2210649e-01  -3.4392254e-01   1.3454982e-02  -2.3050977e-01   2.9383711e-01  -1.1480772e-02   1.4250395e-01  -2.6647876e-02   1.3318559e-01  -3.3009767e-01  -1.0598327e-01   1.8208856e-01  -2.4462062e-01  -2.9179585e-01   3.1753421e-02   1.8676768e-01   1.9683389e-01   3.3046251e-01   2.9861112e-01  -1.5671523e-01   2.9910598e-01  -1.6433564e-01   4.4613551e-02  -1.1567819e-01  -2.2150764e-01   2.3964698e-01  -9.0009733e-02  -2.4298916e-01   1.4540854e-01  -2.4677525e-01   3.7413926e-03   1.4288299e-01  -2.3258555e-01  -2.8249738e-02  -4.0260642e-02   6.6745536e-02  -1.7309854e-01  -1.6457304e-01   8.2004208e-02   1.0577009e-01  -5.6486406e-01  -2.8026992e-01  -6.7971125e-02  -1.8951487e-01   4.8563352e-01   1.0825904e-01  -2.3987725e-01   6.3851880e-02  -3.6828534e-01   1.2812478e-02   2.2885179e-02   3.9808222e-02   9.6944200e-02  -3.1528644e-02  -2.1180673e-01  -2.2075397e-02   3.4499820e-01  -4.2987340e-02  -9.0526948e-02  -1.3976562e-01  -3.3079366e-01  -3.9917655e-02  -1.0531218e-01   2.2264607e-01  -3.3843761e-01  -4.9466078e-03   2.0106396e-01  -1.3993004e-01   1.1049866e-01   1.9462516e-01   5.7207334e-01   6.9463666e-01   9.1600255e-02  -1.3485208e-01  -7.8860967e-02   9.4326045e-02   9.0614513e-02  -2.6593658e-02  -4.6312967e-01  -2.7714881e-01  -5.0920027e-02   3.8297358e-01   1.8521859e-01   4.5968580e-02  -2.7882412e-01  -1.8374259e-01   2.5677013e-01   1.1735957e-01  -3.1040975e-01  -9.3561681e-02   2.4012921e-01  -1.0591569e-01  -5.0811326e-02  -3.8665682e-01  -2.0179818e-01   4.1374402e-02   6.7190891e-04  -3.7048413e-01  -3.5278882e-02  -1.3307218e-01  -3.8449302e-01  -5.8324198e-02   4.6434178e-02  -2.7481554e-01  -5.6707396e-02  -1.1730593e-01  -9.0704111e-02  -2.0614616e-01
