   0.0000000e+00  -1.8473226e-01   2.9744106e-01  -2.6499673e-01  -1.4452128e-02  -1.6633719e-01  -1.8297232e-01   5.0891505e-01  -2.1847629e-01  -1.9451566e-01  -4.2341522e-01   1.3412017e-01   4.3687104e-02   1.1122921e-01   5.6640903e-02  -3.4277149e-01   2.4947054e-01  -3.5861429e-01   4.2343954e-01  -1.3126044e-01  -4.1411206e-01  -1.2794376e-01  -5.0830915e-02   7.8571700e-01   3.1644416e-02   4.4498971e-01  -2.9058265e-01   1.9613301e-01  -1.9788117e-01  -3.3988327e-01   1.1093936e-01   3.6956339e-01   7.6180175e-03   8.9693191e-02   1.3531233e-01  -5.4031631e-01  -5.5173295e-03   1.9466142e-01  -4.1078372e-01  -3.5137327e-01   2.0530304e-01  -3.1114041e-02   4.2001133e-01   1.8430363e-01  -3.2513606e-01   2.6202741e-01  -5.2978657e-01  -3.9024474e-01   3.3791628e-01  -3.0771289e-01  -3.1975823e-01   5.1173652e-01  -1.4602892e-01   2.7224677e-01  -2.2833693e-01   3.1280320e-01   3.9092248e-01   3.5640003e-01  -1.1997894e-01   5.9333467e-02   8.6365868e-02  -1.7713120e-01   1.6792452e-02   3.8568102e-02  -2.6882408e-01  -3.4919984e-01   5.4931470e-02  -1.7823932e-01   8.7059686e-02  -2.2156009e-01  -1.3798021e-01  -2.7401614e-01   2.9818241e-02   5.8503749e-01   2.8876534e-01   2.5095521e-01   5.4983454e-02   3.8148159e-01  -2.4870999e-01   4.7488698e-02   4.2607110e-01   1.2090494e-02  -2.4210555e-01   4.3598821e-01   3.4039068e-01   1.7838484e-01  -4.2932979e-01   3.5251811e-01   1.4167360e-01   5.3679495e-01  -1.8824168e-01   1.9560818e-01   2.4401760e-01   2.7257345e-01  -1.0554703e-01  -7.0770950e-02   3.8654130e-03   3.4677866e-01   1.7066190e-01  -1.9254243e-01   3.3015436e-01   1.6054280e-01  -3.1807845e-01  -4.5458932e-01   2.1886729e-01  -1.6298282e-01  -1.7078234e-01   3.0147640e-01  -1.1027726e-01  -1.3478759e-01   1.1595942e-01  -6.0739244e-02  -2.2157104e-01   6.6722141e-01   2.6468455e-01  -3.5108064e-02   4.3768326e-01   2.2387124e-01   8.2729945e-02  -1.5638080e-01   2.8301075e-01  -3.0044615e-01   1.7429720e-01  -1.8073561e-01   2.3914670e-01   4.9647171e-01  -8.0052335e-02  -7.7799467e-02   2.5547725e-01  -2.3204221e-01  -3.3816960e-01  -4.0374105e-01   4.9857989e-01   7.2075109e-02   3.8768199e-01   3.0492852e-01   6.5401613e-02   3.0062958e-01   3.6987867e-01   3.5795956e-01   5.9721006e-01   2.9210525e-01  -2.6042455e-02  -1.4341850e-01   1.4542290e-01   9.3921237e-02   9.1692907e-02  -2.8997652e-01  -3.0098587e-02  -2.0503552e-01   5.4773201e-01   3.2474838e-02   2.9545098e-01  -3.2504819e-01  -2.3939246e-01   7.0637149e-01   1.6806701e-01  -9.7842413e-02  -8.2113598e-03   2.9536871e-01  -2.5015159e-01  -5.8217553e-02  -2.2523015e-01  -1.7013083e-01   3.8804456e-01  -1.7468337e-02  -1.2242219e-01   4.3301704e-01   2.0380338e-01  -4.1096508e-02   1.0982631e-02  -4.0885725e-02  -4.8371335e-01  -1.7041427e-01   2.4635644e-01  -1.3851520e-01   1.7566334e-01
  -1.8473226e-01   0.0000000e+00   3.8557811e-01  -1.2431397e-01   6.1798883e-02  -4.0814827e-01  -2.0293359e-01  -1.2045255e-02   3.3630475e-01   4.4884802e-02  -3.5677957e-02   3.2795003e-01   1.1434027e-01  -1.2751410e-02   2.4940791e-01  -4.4962382e-02   2.2975826e-01  -2.1222175e-01   8.9895429e-03  -6.2244140e-02  -2.7297194e-01  -3.1942607e-01   9.7136582e-02  -1.7468566e-01  -1.6523113e-01   5.8301022e-03  -1.7032624e-01   1.0293484e-01   9.8496582e-02   3.7395019e-01   5.1064194e-02  -5.1296307e-02   4.2400065e-02   3.6921450e-01   9.0205358e-02   2.7476367e-03  -1.4907213e-01  -2.9314211e-02  -4.2128817e-02   2.3500873e-01  -4.1705414e-02  -3.2324132e-02   5.3795545e-02  -5.5904090e-02  -5.9629021e-02   4.6419345e-02  -7.5836176e-02   1.3634403e-01  -2.5025274e-01   2.0096579e-01  -1.3845906e-02   9.3732615e-02   4.9809933e-01   1.3383666e-01   7.5837299e-02   4.9018750e-02  -1.5680356e-01   3.6171596e-02  -6.8501683e-02   3.1490594e-01   1.1060208e-01  -2.9575031e-02   3.9401629e-01   1.6084968e-01  -9.0778464e-02   6.5254212e-02  -2.3359873e-01   4.9874885e-02  -1.5756180e-01  -1.7263784e-01   3.0851958e-01  -2.9211041e-01   3.4759332e-02  -2.7503738e-02   8.4576396e-02   2.7542067e-02   1.3925137e-01   2.9658072e-02   2.6064477e-01   3.3294894e-01  -1.7084551e-02  -9.9413666e-02   1.2567931e-01  -1.6082413e-01   9.8399014e-02   1.3113664e-01   3.5968561e-02  -1.4743798e-01   5.7019910e-01  -7.5839952e-02   3.3927811e-01   6.6723709e-03   4.6703885e-01  -1.1859463e-01  -1.8065513e-01   1.1915520e-01  -4.0802910e-03   8.3387952e-02  -1.2027507e-02  -8.9448887e-02   7.3593436e-02  -1.3704350e-01  -2.4488717e-01   3.2097283e-01   9.4084947e-02  -7.7688466e-02   3.3039836e-01   3.3465226e-03   1.8413544e-02   2.0067315e-01   4.2485313e-02  -3.6366203e-01  -8.1808528e-02  -6.8038647e-02   6.2247553e-02   3.9700424e-01   4.9060937e-02   9.1396985e-02  -8.2046964e-02  -2.1006168e-01   6.3777413e-02   3.1201955e-01  -2.0868217e-01   1.9696665e-01   1.2304590e-02   2.8946336e-01  -7.2814494e-03   3.3133032e-01  -1.2735850e-01  -1.2279324e-01  -1.3379261e-01  -9.2234800e-02  -5.5619374e-02   5.7874633e-02  -2.1900651e-01   9.9266709e-02   4.7065604e-02  -7.0255037e-02   6.1986598e-02  -3.3363828e-01  -2.6662722e-01   2.7284091e-02  -6.9704729e-02  -7.3045159e-02   2.0616553e-01   2.0501593e-01   1.4100579e-01   1.6523221e-01   3.6183244e-01  -7.8805394e-02  -2.2575961e-02  -1.9681018e-01  -8.2238599e-02  -5.4999818e-03   3.7296749e-01  -2.7539296e-01   5.2407957e-02   1.3981512e-03   1.8381066e-02  -2.3081531e-01  -6.8840912e-02   5.6119068e-02   2.2615841e-01  -7.6362152e-02  -1.6258670e-01   1.5863277e-01   6.2577770e-02  -7.0117870e-02  -6.0215433e-02   5.3891445e-01   2.9424097e-01  -3.4334606e-01  -5.2549211e-02  -3.1069420e-01   1.4720605e-01  -9.5254601e-02  -1.5866256e-01
   2.9744106e-01   3.8557811e-01   0.0000000e+00  -3.2003903e-01  -1.5064402e-02  -4.4968482e-01  -4.4761029e-01   3.2261816e-01   1.6781134e-01  -4.6269847e-02  -4.4131276e-01   1.8049833e-01   2.0098244e-01   4.1739268e-02   8.4244891e-02  -3.3255858e-01   7.2017123e-01  -6.6509822e-01   2.8310977e-01  -1.0085010e-01  -6.4003990e-01  -4.0322336e-01  -4.2978404e-02   3.9446098e-01  -1.1107051e-01   3.2972127e-01  -4.2724938e-01   2.3310253e-01  -5.2247109e-02  -1.2357003e-01   2.1684176e-02   1.4606096e-01   2.1864324e-02   1.2392461e-01   1.4533520e-01  -4.4099109e-01  -7.7328104e-02   2.4170209e-01  -3.4875732e-01  -1.3343304e-01   1.4190343e-01  -1.1460249e-01   4.6188376e-01   1.6590934e-01  -3.0197542e-01   5.0677200e-01  -4.6362007e-01  -4.4330365e-01  -1.6125324e-02   1.8608309e-01  -2.5647892e-01   4.2033744e-01   2.3692755e-02   2.0618989e-01   1.1622507e-02   4.3484455e-01   8.8890206e-02   1.7975496e-01  -3.1348627e-01   2.9842114e-01   5.8756985e-01  -6.9763450e-03   3.3861180e-01   1.7576974e-01  -4.6263418e-01  -2.7805326e-01  -2.4339022e-01  -5.0211769e-02  -2.2316617e-01   1.0387246e-01  -1.3439103e-02  -5.2398678e-01  -1.5659371e-02   5.7147486e-01   8.3531583e-02   2.1445559e-01   4.3252843e-01   1.7783420e-01  -8.0454849e-02   1.5548074e-01   2.7369495e-01  -2.9397016e-01  -9.0442473e-02   1.7159224e-01   3.4979476e-01   3.3958351e-01  -1.2753919e-01   9.8272621e-02   4.9269684e-01   1.5474688e-01   8.4330177e-02   5.7971556e-01   5.1617260e-01   6.2484098e-02  -6.7423245e-02   7.8470507e-02   1.1866447e-01   1.8716681e-01   9.7714847e-04  -2.2959067e-01   3.2144180e-01  -5.4718242e-02  -6.0280280e-01   5.1987483e-03   2.7410102e-01  -1.4529199e-01   2.1561437e-01   8.6905792e-02  -2.2170360e-02  -4.5824592e-02   9.2565274e-02  -4.5497744e-01  -1.7824440e-01   2.3976118e-01   4.2555071e-01   1.1452829e-01   3.6687405e-01   2.2362442e-01   8.3857405e-02  -2.9953379e-01   4.2777618e-01   1.2642633e-01   1.1380636e-01  -3.0349708e-01   3.4864034e-01   6.3478099e-01  -1.9969327e-01   6.3448398e-02   6.2779413e-02  -6.5953667e-02  -4.8606911e-01  -5.5627296e-01   4.7008730e-01  -3.9382849e-02   1.0145385e-01   3.1308096e-01   5.6673761e-02   3.9988351e-02   3.3662346e-01  -2.6080731e-02   1.8271133e-01   2.4620698e-01  -1.0376456e-01   1.5664451e-01   1.3148741e-01   1.4276571e-01   1.0378951e-01  -2.5051330e-01   4.2586152e-01  -2.5088863e-01   4.2817407e-01  -2.2480837e-01   2.4932552e-01  -1.7173803e-01   1.8918766e-01   1.8304223e-01   4.4439751e-01  -4.7347562e-02   2.6806470e-01   4.2645741e-02  -2.8406163e-01   1.2559503e-01  -2.8423147e-02  -3.9718686e-01   7.6016167e-02  -9.3690284e-02  -1.9737674e-01   1.6894100e-01   2.1033835e-01   1.7574073e-01   7.0003521e-02  -1.7473607e-01  -4.6354292e-01  -2.3058464e-01   1.7488571e-01  -4.7889610e-01  -7.1711848e-02
  -2.6499673e-01  -1.2431397e-01  -3.2003903e-01   0.0000000e+00  -1.0844838e-01   3.5865939e-01   3.3244914e-01  -2.2176934e-01  -7.1822357e-02  -2.4374988e-01   3.2010191e-01  -1.5805348e-02  -4.9340501e-01  -3.8598196e-01  -2.0994752e-01   4.8324335e-01  -1.3059095e-01   3.0930463e-01  -3.6036058e-01  -1.7772596e-01   4.7926598e-01   6.7337376e-01  -2.0541820e-01  -2.6611939e-01   4.1137891e-01  -2.2430561e-01   5.8725507e-01  -2.0126923e-02  -2.1874866e-01   3.0075010e-01  -1.7775180e-01   5.9840538e-02   1.5928329e-01  -3.7454313e-01   1.0884012e-01   3.6784513e-01  -2.0553961e-01   8.1703614e-02   4.8216851e-01   3.3916101e-01  -4.6772245e-01   2.1508719e-01  -5.8716476e-02  -8.6214396e-02   2.6100738e-03  -1.7043854e-01   5.6758332e-01   2.7873943e-01  -3.3416132e-01   3.6332802e-01   2.2645444e-01  -4.9684964e-01   2.0743418e-01   4.6960501e-03  -5.0988749e-02  -2.9829718e-01  -3.7245915e-03  -4.0921498e-02   3.2060386e-01  -3.2978548e-02  -2.3226387e-01  -3.5595956e-01   7.8149323e-02  -4.8805425e-02   4.0315506e-01   5.0192252e-02   4.9891604e-01   4.6717225e-01   2.9287013e-01   2.8762396e-01   6.7097159e-03   5.3635142e-01  -2.8719366e-01  -2.6295698e-01   5.4147963e-02  -6.1269694e-02  -2.0337415e-01  -2.6816391e-01  -1.8589378e-02  -3.7498179e-01  -4.0407620e-01   4.0392290e-02   1.1304462e-01  -9.9223415e-02  -2.8936953e-01  -2.6807223e-01  -3.7248730e-02  -1.1022232e-01  -6.0474525e-02  -2.6766931e-01  -1.4277958e-01  -1.9726821e-01  -5.5252911e-01   3.4271563e-01   3.5301142e-01  -2.0060225e-01  -1.2421702e-01  -4.8598642e-01  -1.5995345e-01  -1.7230487e-01  -4.9684756e-01  -1.5474102e-02   3.3865083e-01   1.6772371e-01  -2.5807344e-01   7.3561789e-01  -8.3108472e-02  -1.5064498e-01  -4.2611337e-01  -2.2687945e-01   5.5518651e-02   5.0323051e-01   7.6663169e-01  -1.6005314e-01  -2.0406256e-01  -3.4367294e-01  -3.3298559e-01  -5.1077034e-01   3.7013412e-02   6.4396320e-01  -2.7276456e-01  -2.0518864e-01   3.3552153e-01   1.8810478e-01  -1.3416961e-01  -2.7594474e-01   4.4504347e-02  -7.6600540e-02   4.5851352e-01   5.0767214e-01   1.4116354e-01   3.7308296e-01  -2.4587098e-01  -2.0791710e-01   2.3115166e-01  -1.5670794e-01   1.9946744e-01  -2.5725536e-01  -3.4819365e-01   1.1102753e-01   9.7887676e-02  -6.3155883e-01   7.7621779e-02   4.5693736e-01  -4.0876665e-01  -1.2398068e-01  -7.9991587e-02   1.3664385e-01  -4.0809402e-01   3.4837825e-01  -3.8739774e-01   1.3938449e-02  -1.9306487e-01   2.5497050e-01   3.8511947e-01  -1.2907533e-01  -3.1881966e-01   1.4323039e-01   7.4803807e-02  -9.2561671e-02   3.9588588e-01   5.5582372e-02   1.8377363e-01   5.8957759e-01   3.1355317e-01  -4.0559567e-01   1.2432615e-01  -3.1381551e-01  -1.1981739e-01  -3.5559369e-01  -2.9487648e-01   1.5113296e-01   5.6917587e-01   6.1347281e-01  -5.7060870e-01   2.7073385e-01   4.6396106e-01
  -1.4452128e-02   6.1798883e-02  -1.5064402e-02  -1.0844838e-01   0.0000000e+00   1.6192520e-01  -8.9926283e-02  -1.6424033e-01   5.3999348e-02  -5.4079067e-02   2.0507274e-01  -7.9374221e-02   1.3745233e-01  -3.6395175e-01   1.4186080e-01  -7.5922926e-03   2.3464485e-01   1.8077538e-01   4.7584607e-02   7.0957664e-01  -3.1943555e-02  -3.3525478e-01  -1.1031526e-01  -1.1396671e-01  -1.8616967e-01  -5.1367275e-02   3.4903811e-01   2.3006720e-01  -1.5418189e-01  -9.2104202e-02   1.1009813e-02   5.1521372e-02   1.0480492e-01   6.8988155e-02  -3.6161803e-01   4.3558492e-01   3.0392283e-01  -2.7348426e-01   1.7025430e-02   3.9651788e-01   4.1399080e-01  -5.9643045e-02  -2.1600195e-01  -3.0156865e-02   2.6666554e-01  -2.8130762e-01   9.1560452e-02   1.7768416e-01   2.4998431e-01   2.1553877e-01   2.8077632e-01   3.0253087e-04   3.0561672e-01   3.8235105e-02  -2.3414327e-01  -5.2581200e-03  -6.4588172e-02   5.9071074e-02   3.6419555e-01  -1.4212961e-01  -1.3415402e-01   1.8370578e-01   1.3259530e-01   9.1245463e-02   5.2665475e-02   2.2445508e-01   7.8746773e-02  -1.3253063e-01   7.3167053e-02  -3.7517827e-01   1.2416267e-01   1.6666574e-02   3.9806662e-01  -1.8167808e-01   2.0942512e-01  -1.4144442e-01  -1.8058519e-01  -5.5740510e-03   4.0616479e-01   4.3947506e-01  -9.2489404e-02   1.7011197e-01   2.6097963e-02  -1.5077542e-01  -2.6657302e-01   4.9068978e-02  -1.9791954e-01  -3.8961966e-01   1.2796579e-01  -1.6567257e-01   4.3964096e-01  -1.6335293e-01   2.2642866e-01  -5.4175375e-02  -2.4193923e-01   8.3568066e-01   2.8633667e-01   1.8670071e-01   5.3850111e-01  -3.9555901e-02  -1.3142888e-01   6.9343795e-03  -1.8819182e-01  -2.1024507e-01   1.5748540e-01  -2.5998871e-01   1.5309153e-01   2.2255915e-01   8.4382958e-02   5.2858326e-01   4.0036729e-02  -6.8576390e-02  -4.5779190e-01  -3.4571055e-01  -2.0886287e-01   3.8333549e-01   6.5929172e-03   3.7136567e-01  -1.2295194e-01   7.3939587e-02  -2.4366379e-01   3.7203566e-01  -2.2006341e-01   2.1502079e-02  -3.6511187e-01  -1.2869627e-01   5.4487493e-02   2.0332163e-01  -3.1605848e-01   2.4041117e-02   2.8807897e-01   2.8502571e-01  -2.8787597e-01   2.8907233e-01  -8.4533024e-02  -1.0193154e-01   3.1623102e-02   7.5886601e-03  -3.9843668e-02  -2.5239666e-01  -2.0651843e-01   1.7231014e-01   1.6877100e-01  -2.3466967e-01   2.9881385e-02  -1.4155430e-01  -2.4218323e-01   4.1011445e-01   3.9294728e-01  -2.6532160e-02  -3.9635152e-02  -2.0976509e-01  -1.9191575e-01   2.3691720e-01   1.0766454e-01   6.3224017e-02  -1.3546751e-01   3.5955310e-01  -1.8670321e-02  -1.4121947e-01  -3.5577011e-02   3.9023777e-02   5.4387847e-01  -2.8954181e-01  -8.9372843e-02   1.9718290e-01   2.7687474e-01  -1.5902622e-01  -2.3674624e-01   4.2559587e-01   1.9704381e-01  -2.8293050e-01  -1.7978265e-01  -1.8001396e-01   2.6861846e-02   1.7620425e-01  -1.4365456e-01
  -1.6633719e-01  -4.0814827e-01  -4.4968482e-01   3.5865939e-01   1.6192520e-01   0.0000000e+00   3.4057396e-01  -6.8479001e-02   4.3725245e-02  -2.0366892e-01   5.0970656e-01  -9.3204417e-02  -3.6400872e-01  -2.4107871e-01  -1.0843820e-01   2.3969507e-01  -2.5611096e-01   4.0828987e-01   5.9295686e-02   2.3568811e-01   4.3942890e-01   3.6914485e-01  -2.3300510e-01  -2.7049035e-01   1.9853446e-01   8.5588067e-02   6.6589914e-01   8.3771540e-02  -1.4569677e-01   6.3190140e-02  -4.3506525e-02   2.3731588e-01  -7.2415341e-02  -3.1603079e-01  -3.4445177e-02   4.7561494e-01  -3.3203594e-02  -3.4540563e-01   1.9131471e-01   2.7154560e-01  -2.2837282e-01   1.6930740e-01  -2.8968672e-01   7.6705859e-02   2.4763416e-01  -4.2247651e-01   5.9878436e-01   2.3240973e-01  -3.3180998e-02   1.3702995e-02   3.6258886e-01  -1.5129573e-01  -1.7941954e-01   1.2006385e-01  -3.4236673e-02  -1.2101995e-01   3.8390491e-01   1.2728744e-01   4.5219570e-01  -9.6153521e-02  -2.8698646e-01  -1.1326342e-01  -1.3676034e-01  -4.1461317e-02   2.0993620e-01   8.7938127e-02   5.8678399e-01  -6.2126174e-03   5.9303997e-01   8.6953783e-02  -1.7078181e-01   4.3696819e-01  -2.5082103e-02  -3.0217042e-01   1.4973494e-01   2.2605164e-02  -3.5471892e-01  -2.0086549e-02  -6.5278236e-02  -2.0763091e-01  -9.2432485e-02   1.5721847e-01   1.2750181e-02   6.5979452e-02  -2.2349258e-01  -4.2996867e-02   1.2452340e-01  -2.0903510e-01  -3.5568584e-01  -1.8734762e-01  -9.9125921e-02  -2.3522243e-01  -4.8372935e-01   1.9264616e-01  -5.5381110e-02  -1.0002832e-02  -4.2995270e-02   8.4450617e-03   7.5421361e-02   2.0046999e-01  -1.4053729e-01   2.2699835e-01   4.7020138e-01  -2.9238612e-02  -2.1019481e-02   1.8857937e-01  -3.8061427e-02   3.1467233e-01  -1.1887673e-01  -7.6409252e-02   1.4460840e-01   6.1791798e-01   6.8650426e-02  -2.5349140e-01  -1.1198051e-01  -3.1259452e-01  -3.3665706e-02  -1.8605547e-01   1.3874652e-01   4.6847866e-01  -3.5607724e-01  -9.2129503e-02   6.7093990e-02   4.2296106e-02  -2.9244006e-01  -3.3722575e-01   1.5122188e-01   1.1764790e-01   1.1627375e-01   2.7184308e-01   1.9479079e-01   2.8464028e-01  -2.8955302e-01  -1.0718311e-01   1.5003834e-01  -1.6295645e-04   1.7195952e-01  -2.0825484e-02  -4.1738771e-02  -1.1500879e-01  -1.5243259e-01  -2.9261401e-01   4.3921785e-01   2.1140633e-01  -2.5462982e-01   1.6845454e-02  -1.1116629e-01   6.3695049e-02  -3.2716876e-01   1.2575823e-01  -1.6959706e-01   2.3354415e-01  -2.0509794e-01   1.5617130e-01  -3.3396301e-02  -1.1434316e-02  -3.8743465e-01   2.5588226e-01   4.2940932e-02   2.2175070e-01   2.7834701e-01   1.7018216e-01   1.2750311e-01   2.4747950e-01   2.9975451e-01  -2.9650212e-01   2.8422386e-01  -7.4249741e-02  -1.1436591e-01  -3.8868900e-01  -3.7348231e-01  -6.0640115e-02   1.9764978e-01   4.9926147e-01  -7.1496186e-02   3.6937683e-01   3.4505520e-01
  -1.8297232e-01  -2.0293359e-01  -4.4761029e-01   3.3244914e-01  -8.9926283e-02   3.4057396e-01   0.0000000e+00  -2.4208123e-01  -2.1436146e-01  -4.4562613e-02   3.9916566e-01   4.1533782e-01  -3.2499533e-01  -1.3203057e-01   1.1326395e-01   2.8405337e-01  -3.5587935e-01   4.7879760e-01  -2.1599151e-01   4.6383403e-02   5.1663171e-01   4.5200426e-01   3.8617069e-01  -2.9989863e-01   1.2170714e-01  -2.9454759e-01   3.3993661e-01  -1.7247676e-01  -1.7144747e-01   1.3879656e-01   1.8905246e-01  -4.3773685e-02  -1.9193338e-02   3.3724642e-02   2.8330257e-01   2.7378564e-01  -1.0749039e-01  -5.4651674e-02   2.8653624e-01   2.9619527e-01  -1.6577067e-01   7.0022809e-02  -1.5314914e-01  -1.7079054e-01   2.1961519e-01  -2.7133928e-01   4.1863792e-01   6.1717920e-01   9.4564055e-02  -6.4468244e-02   2.8132182e-01  -3.9396445e-01  -8.2084331e-02  -1.3165173e-01  -9.2601882e-02  -2.5447080e-01  -2.0081869e-01  -5.3009966e-03   2.3870502e-01   2.2046999e-01  -2.5780234e-01  -1.5998610e-01  -1.9070041e-01  -1.5875955e-01   4.1960770e-01   1.9126786e-02   2.9433394e-01   3.3713795e-01   2.0587373e-01   3.1482141e-01   4.3125240e-01   3.5841060e-01  -1.1294487e-01  -2.4236735e-01  -2.4671014e-01   1.9801012e-03  -2.8997983e-01  -2.3523466e-01  -1.2415230e-01  -3.0504863e-01  -1.7551534e-02  -6.0059553e-02   2.5672008e-01  -9.6274485e-02  -2.4967159e-01  -1.4208733e-01   4.4861889e-02  -2.5526267e-01  -3.0041077e-01  -1.4490874e-01  -4.3484661e-01  -3.5466411e-01  -4.9109304e-01   2.0533452e-01   1.7401032e-01  -1.7069122e-01  -9.0863365e-02  -3.8555039e-01  -1.3345862e-01   4.2538015e-01  -2.0308525e-01   1.6421214e-01   5.1971452e-01   1.1525394e-01  -1.0196107e-01   2.9595178e-01  -2.0223310e-01  -1.6829795e-01  -2.6624429e-01  -3.9461963e-01   1.7579567e-01   5.5361604e-01   3.3073774e-01  -1.7454322e-01   1.0316282e-01  -4.5604632e-01  -3.0716061e-01  -2.1878349e-01   3.0621786e-01   2.4686447e-01  -4.2138643e-01  -3.3723206e-01   1.8625030e-01   4.0485785e-01  -2.5873444e-01  -2.2379192e-01   6.3752190e-01  -8.2224433e-02   1.5897429e-01   4.6795552e-01   1.0183594e-01   4.1978375e-01  -2.6565247e-01   3.2133906e-01   2.0814757e-01  -1.3282463e-01  -4.2060113e-02   2.3136502e-01  -1.9154831e-01   8.0908777e-02  -2.4597786e-03  -3.1199987e-01   4.3799789e-02   4.2227052e-01   1.6412714e-01   4.6291896e-02   5.9259362e-01  -1.7577809e-01  -5.2984046e-01   5.5052936e-01  -2.7465762e-01   4.7977289e-01  -3.2429139e-01   2.7553815e-01   2.1818598e-01  -2.7787564e-01  -4.0413654e-01  -2.8625943e-02  -1.3678197e-01   2.1429236e-01   1.1802120e-01   5.1467794e-03   3.6990378e-02   4.2412783e-01   6.2371989e-02  -8.4107812e-02   2.9387600e-01  -2.0469244e-01  -2.1912290e-01  -3.6015439e-01  -3.2481805e-01   2.0767983e-02   3.8189409e-01   4.4520598e-01  -1.5325825e-01   2.1404653e-01   2.0851478e-01
   5.0891505e-01  -1.2045255e-02   3.2261816e-01  -2.2176934e-01  -1.6424033e-01  -6.8479001e-02  -2.4208123e-01   0.0000000e+00   1.3484497e-01  -3.4909471e-01  -2.7535808e-01   2.8383191e-01  -1.7227487e-01   4.3528982e-02   7.0485422e-02  -4.6820842e-01   3.2021337e-01  -5.8351734e-01   6.5801614e-01  -3.6358026e-01  -5.9404342e-01  -2.4177028e-02  -2.0916512e-01   5.1673493e-01  -1.5091791e-01   7.7316363e-01  -3.9842123e-01   5.2474987e-01  -2.7700840e-01  -2.5645590e-01   4.0786817e-01   4.8806851e-01  -1.2289336e-01  -4.7691221e-03   1.4647678e-01  -5.7557133e-01  -1.5780367e-01  -1.6808655e-02  -5.5121104e-01  -4.6154147e-01  -1.1914582e-01   1.0977836e-01   5.0097863e-01   6.8415704e-01  -5.5646114e-01   2.9989534e-01  -4.0226659e-01  -6.1062024e-01   9.8625989e-02  -4.5423862e-01  -3.9680632e-01   7.8508332e-01  -1.6058862e-01   4.6568475e-01  -1.8730932e-01   6.2357362e-01   5.9343597e-01   6.9857599e-01  -2.1472800e-01   1.0630761e-01   3.3249645e-01  -3.3252142e-01   1.6453112e-01   2.4797143e-01  -7.0146761e-01  -6.4761780e-01  -7.3812311e-02  -4.6513817e-02   4.0882194e-01  -1.4628958e-01  -1.7628303e-01  -4.1666749e-01  -2.3441544e-01   4.0433021e-01   3.6289991e-01   6.5135370e-01   1.4917767e-01   7.6103950e-01  -4.3567505e-01  -1.5131995e-01   7.9205290e-01  -1.9843376e-01  -3.6598143e-02   8.6131295e-01   2.5234988e-01   6.6726497e-01  -2.7782065e-01   2.8911093e-01   3.6041379e-02   4.0560114e-01  -3.3133593e-01   4.3225942e-01   2.2602324e-01   3.3335965e-01  -3.1400335e-01  -2.7074946e-01  -2.9460796e-01   5.2760628e-01  -1.5588809e-01  -9.6054813e-02   5.9849849e-01   3.0623668e-01  -1.8645150e-01  -3.7545290e-01   5.5458119e-01   2.2936812e-01  -2.6382446e-02   5.4261345e-01  -2.1727874e-01  -1.6585136e-01   1.6267468e-01  -3.0776835e-02  -5.1364633e-02   4.3466088e-01   2.7518196e-01  -2.0932850e-01   6.8091519e-01   8.8681385e-03   2.7762668e-01  -2.2895646e-01   3.6006611e-01  -3.5631996e-01   2.7026211e-02  -5.6481908e-01   3.5214092e-01   5.6982426e-01  -2.5722730e-01   6.8743040e-02   4.1550965e-01  -3.9244807e-01  -6.1428669e-01  -6.6867637e-01   4.9440302e-01  -9.0058532e-02   4.8586275e-01   8.1187376e-01   5.9518380e-02   4.7706424e-01   8.0234931e-01   4.3909841e-02   2.1902252e-01   1.1963935e-01   2.7346497e-01  -1.0678294e-01   1.4685492e-01   5.8679345e-01   2.3131191e-01  -4.0688112e-01  -7.9884177e-02  -1.9392543e-01   4.3360458e-01   5.0344352e-01   4.0362804e-01  -5.4705402e-01  -4.2308744e-01   2.6893794e-01   2.6032567e-01  -2.6500209e-01   2.2198464e-01   7.0903463e-01  -5.0161528e-01   2.9726754e-01  -1.4258161e-01   1.2943484e-01   5.4795940e-01  -4.6045623e-01  -1.6558107e-01   4.9621331e-01   2.9271244e-01   1.8667394e-02  -3.6266016e-01  -2.5009830e-01  -4.3773341e-01  -2.0259905e-01   3.5758311e-01  -1.9557700e-01   3.7293560e-01
  -2.1847629e-01   3.3630475e-01   1.6781134e-01  -7.1822357e-02   5.3999348e-02   4.3725245e-02  -2.1436146e-01   1.3484497e-01   0.0000000e+00  -3.0278376e-01   2.6285732e-02   2.7793016e-02  -1.7014488e-01  -4.0222230e-02   3.0051312e-01  -1.0255936e-01   7.7264687e-02  -1.6598869e-01   1.2256322e-01  -1.8806188e-01  -1.9415949e-01   6.2260442e-04  -1.9616678e-01  -1.2631840e-01  -2.2101063e-01   1.7220992e-01   6.3032492e-02   3.1015171e-01  -1.3223108e-01   2.1312823e-01   4.3946768e-02   4.6768927e-02  -2.7691742e-01   1.8023842e-01  -5.6507410e-03   1.2754379e-01   7.7689474e-03  -1.4808757e-01  -1.0054311e-01   1.0841385e-01  -2.0921826e-01  -4.5451888e-02   1.1120712e-01   1.7491433e-01   1.1785936e-01  -1.0348930e-01   1.0364973e-01  -9.6029904e-02  -1.7802707e-01   5.7808147e-02   1.0265239e-02   1.4127102e-01   2.6601656e-01   1.6876240e-01  -5.7577969e-02   1.5132604e-01   1.2098534e-01   2.2242635e-01  -9.4519155e-02   1.1504580e-01   1.5347690e-01  -1.5850159e-01   6.7820160e-01   3.0198786e-01  -1.6189742e-01  -1.1657457e-01  -3.0908751e-02  -7.1910871e-02   1.6206913e-01  -1.1296140e-01  -9.1317518e-02  -1.1318454e-01  -9.0175535e-02  -1.0858242e-01   1.9590708e-01   1.3764695e-01  -1.2996080e-02   1.2042518e-01   2.7507905e-01  -2.9934662e-02   4.2232720e-02   1.7864969e-02   1.2237466e-01   6.5344776e-02  -3.1421281e-02   2.6427158e-01   1.5458485e-01  -2.5017761e-01   1.7930739e-01  -6.9714021e-02   1.9544135e-01   4.9849455e-03   3.4862489e-01  -2.5733957e-02  -2.2356633e-01   1.6755466e-02  -1.1632111e-01   2.4447118e-01  -5.9155189e-02  -1.6435995e-01   5.0274291e-02   8.1763536e-02   5.9222514e-02   3.2537949e-01   1.2199359e-01   6.5078699e-04   2.0265312e-01   2.4913801e-01  -1.7388052e-01   1.6054275e-01   1.8770143e-01  -1.0729206e-01  -5.2232658e-02  -1.3537503e-01   1.1248648e-01   1.8223197e-01   1.4110642e-01  -9.0119876e-02   6.8410992e-02  -6.5179342e-02  -3.9386134e-02   3.1514018e-01  -6.7232486e-02  -3.0331229e-02   8.0668250e-03   1.8294787e-01  -1.8004713e-01   3.1129778e-01   1.2811797e-01  -1.8408766e-01  -6.3626264e-02  -1.7950007e-01  -9.4723189e-02  -8.2569334e-02  -4.0263528e-02   2.5300127e-01   1.8488204e-02  -7.6065316e-02   1.6516548e-01  -3.6982653e-01  -2.6761699e-01  -1.7233512e-01   1.9597338e-01  -2.0340681e-02   1.0257710e-01   2.4544875e-01  -2.7397642e-02   7.2193440e-02   2.0451838e-01  -7.0110643e-02   9.4293695e-02  -4.9800737e-02  -7.6588919e-02  -1.1410798e-01   4.7211862e-02  -1.2095215e-01   6.4096566e-02  -5.9036551e-02   7.4933745e-02   7.3073184e-03  -2.1017755e-02   2.8574917e-01   1.8249094e-01   4.5482651e-02  -9.8447749e-02  -4.1492962e-02   3.6316365e-02  -7.9501915e-02  -4.8239467e-02   2.2494599e-01   1.0274964e-02  -2.1033459e-01   6.2590446e-02  -1.8457716e-01   1.0223729e-01  -1.2773018e-01   8.9267513e-02
  -1.9451566e-01   4.4884802e-02  -4.6269847e-02  -2.4374988e-01  -5.4079067e-02  -2.0366892e-01  -4.4562613e-02  -3.4909471e-01  -3.0278376e-01   0.0000000e+00  -5.4068909e-02  -1.4416772e-01   5.5830331e-01   3.3318740e-01   6.3327772e-02   4.4792064e-02  -2.0483512e-01   1.1475357e-01  -1.0833884e-01   1.3055434e-01   9.8439450e-02  -3.4985298e-01   4.4713423e-01  -2.1887287e-01  -1.7651560e-01  -2.9654114e-01  -1.5137155e-01  -4.7079236e-01   5.6182254e-01  -7.7450603e-02  -3.3232326e-02  -3.2873889e-01  -4.9347950e-02   8.5591321e-02  -2.0543368e-01  -1.7333777e-02   2.4303617e-01  -7.9057363e-02   1.2766291e-01   1.1710297e-01   3.2186284e-01  -3.7122172e-01  -2.4652550e-01  -2.9690067e-01   3.4230990e-01  -9.7840422e-02  -2.5246649e-01   9.1102460e-02  -4.7237621e-02   6.3511360e-02   1.6081742e-01  -1.3301186e-01   1.7730562e-03  -5.1059204e-01   3.5184343e-01  -1.3250334e-01  -3.5486425e-01  -4.0237200e-01   1.2830794e-03  -4.8933349e-02  -1.9084613e-01   7.0731673e-01  -3.6215819e-01  -9.8785731e-02   1.6845455e-01   5.7775444e-01  -2.6541306e-01  -1.0152164e-01  -4.9056686e-01   1.9235224e-02   9.9816404e-02  -8.3623682e-02   3.4474786e-01  -3.0734897e-01  -4.2849004e-01  -2.4374087e-01  -7.3189077e-02  -3.1418626e-01   2.0909587e-01   1.8559325e-01  -2.6513018e-01  -1.3350205e-01  -5.7532813e-02  -3.6412262e-01  -3.7160681e-01  -2.3538465e-01   3.4904653e-01  -6.9201903e-02  -9.3081049e-02  -3.3036816e-01   3.4085188e-01  -2.5890552e-01   2.2835061e-01  -4.5609496e-01  -7.1820501e-02   2.3967576e-01   3.5465233e-01  -6.4040595e-02   9.3207298e-02   3.9497564e-01  -1.9208547e-01  -2.3585914e-01  -1.6696948e-01   2.1553830e-01  -2.6014148e-01  -2.3605987e-01  -1.4620394e-01  -2.5430262e-01   7.2782139e-01   2.5149048e-01  -2.5298129e-01  -2.6964386e-01  -1.4320133e-01  -2.6054295e-01  -2.4700950e-01   3.8029758e-01  -2.7454972e-01   3.6212236e-01  -4.7809736e-01  -2.8002016e-01  -8.4163265e-02   3.0722941e-01  -2.2578568e-01   1.7932152e-01  -1.8226720e-01  -3.8140523e-01   1.5306137e-01  -2.0670247e-01  -4.6040573e-01  -1.7920436e-02   2.8807081e-01   7.3926616e-02  -2.5143175e-01   1.2726151e-01  -4.7162341e-01  -2.9261853e-01  -3.4911451e-01  -2.8056560e-01  -2.1153792e-01   7.5334604e-03  -1.9730899e-01   2.5079066e-01  -2.1458083e-01  -1.2964241e-01   2.3695672e-01  -1.5317737e-01  -4.1124271e-02   2.4362529e-01   3.4681208e-01  -4.9885443e-02  -3.2168655e-01  -2.5403741e-01  -2.1300306e-01   2.6834320e-01   1.6286886e-01  -1.5042352e-01  -1.0301620e-01   1.5869571e-01  -3.4352592e-01  -3.4256411e-01   1.5233291e-01  -8.7066834e-02  -5.8853283e-02  -2.7443461e-01  -4.2503425e-01   4.5667256e-01   9.2074914e-02  -1.0813785e-01  -2.5854929e-01   2.0524001e-01   4.5167807e-01  -1.6887813e-02   4.1762307e-02  -2.1145691e-01  -8.7993096e-02  -2.9614525e-01  -4.4349563e-01
  -4.2341522e-01  -3.5677957e-02  -4.4131276e-01   3.2010191e-01   2.0507274e-01   5.0970656e-01   3.9916566e-01  -2.7535808e-01   2.6285732e-02  -5.4068909e-02   0.0000000e+00   1.1545620e-01  -2.4942259e-01  -2.3072565e-01   2.0703624e-01   2.4341565e-01  -1.9075880e-01   6.1187299e-01  -1.0593427e-01   2.7579898e-01   4.2332197e-01   1.6926027e-01   5.4377114e-02  -5.3598483e-01   1.0989118e-01  -1.4735314e-01   6.4193067e-01   1.0499443e-02  -1.2177465e-01   1.6773304e-01   1.6603604e-01   8.4899828e-02  -8.5631556e-02  -1.6406554e-01  -7.0266597e-02   5.1635398e-01  -9.0884938e-02  -2.0292341e-01   2.3841293e-01   3.3983291e-01  -1.4426723e-01   1.4838882e-01  -2.5974415e-01   1.9314582e-01   4.8805326e-01  -3.7653724e-01   6.6204827e-01   3.6088193e-01  -1.6239869e-01   1.5999505e-01   7.0404480e-01  -2.9957155e-01   3.4338598e-02  -9.8576263e-02  -1.3483511e-02  -6.8746703e-02  -3.0088713e-02  -1.3690013e-02   5.7214539e-01   7.5004464e-02  -1.4291925e-01   1.6102566e-03   7.4562047e-02   1.7281455e-01   3.1095796e-01   3.4662149e-01   2.5596461e-01   1.7163973e-01   4.9681955e-01  -8.8935942e-02   8.6538279e-02   5.3777669e-01   5.1541286e-02  -5.5671722e-01   1.1838823e-01  -1.5943137e-01  -2.0541444e-01  -2.3149263e-03   1.8134185e-02   4.7049344e-02  -1.9968244e-01   4.3114408e-02   1.5156935e-01  -1.3073855e-01  -3.3156350e-01  -3.6931863e-02   7.1192981e-02  -3.8348427e-01  -1.0138084e-01  -3.5287870e-01  -3.6015516e-02  -3.6118921e-01  -3.9806909e-01   8.8428343e-02   2.4226013e-02   8.3855631e-02   1.3799296e-01  -6.9145531e-02   1.4891683e-01   3.4142459e-01  -2.6277319e-01   3.0235260e-01   3.6298921e-01   8.9888218e-02   7.8204577e-02   1.9042651e-01   1.4655491e-01   1.5624332e-01  -2.0758671e-02  -8.5810170e-03   1.0129940e-01   3.7043447e-01   1.1737987e-01  -4.9880546e-01  -2.0122935e-01  -1.9207676e-01  -2.1404167e-01  -1.0084126e-01   2.2421676e-01   4.6003577e-01  -4.7481053e-01   1.8313083e-02   5.3237933e-03   2.6253339e-01  -3.4514318e-01  -4.4206186e-01   4.0023780e-01   1.3018990e-01   4.6303277e-02   2.6281524e-01   2.2803956e-01   4.3222792e-01  -5.4930499e-01   1.3630580e-01   5.9067845e-02  -1.8112928e-01   1.3421989e-01   2.6367008e-02  -1.2535238e-01  -1.9586818e-01  -3.2268171e-01  -3.3083972e-01   4.6547103e-01   8.8197704e-02   1.0380301e-01   5.4934406e-02  -4.4833604e-02   1.3035149e-01  -9.9896656e-02   2.5432730e-01  -4.7245058e-01   1.8928321e-01  -3.7016038e-01   3.6930237e-01   1.2678199e-01  -2.8533311e-01  -3.5541451e-01   3.7204140e-01   5.5343049e-02   3.0277164e-02   2.9867614e-01   2.4730875e-01   1.1917889e-01   3.3996097e-01   5.7656139e-02  -1.3087933e-01   4.4631835e-01  -3.0941276e-01  -2.2742751e-01  -2.1722093e-01  -1.2262426e-01  -1.4586041e-01   3.6177901e-01   3.8316391e-01  -4.4716218e-02   3.2728773e-01   8.3558856e-02
   1.3412017e-01   3.2795003e-01   1.8049833e-01  -1.5805348e-02  -7.9374221e-02  -9.3204417e-02   4.1533782e-01   2.8383191e-01   2.7793016e-02  -1.4416772e-01   1.1545620e-01   0.0000000e+00  -1.2256479e-01  -1.1915144e-01   2.5041664e-01  -4.5932953e-02   1.2801592e-01  -1.1054021e-01   1.8723854e-01  -1.7390040e-01  -1.3921585e-01   3.9262066e-02   2.5192772e-01   4.9951661e-02  -5.6072983e-02   1.0959805e-01  -1.6889070e-01   1.5722663e-01  -2.0258136e-01   2.9049131e-01   2.7824241e-01   1.9811038e-01   8.4049875e-03   2.9152629e-01   5.3686406e-01  -1.4797844e-01  -2.1575029e-01  -3.7444120e-02  -8.5579480e-02  -7.1690678e-04  -3.6111822e-02   6.8106629e-02   2.8263071e-01   9.2281174e-02  -1.7841753e-01   3.3421833e-02  -4.0195024e-02   2.2599115e-01  -3.2016266e-02  -2.4194744e-01  -1.5655306e-03   1.6034868e-01   9.7033292e-02   1.9337632e-01  -1.1885875e-01   1.6447885e-01   5.0100612e-02   3.0670509e-01   1.1820170e-01   5.9505684e-01   1.1449374e-01  -1.4821411e-01   1.1437056e-01   5.6661279e-02  -7.9310833e-02  -1.7704543e-01   7.9896292e-02   4.0386838e-02   2.0741415e-01  -5.2331775e-02   3.3313222e-01  -3.3506487e-01  -5.4724344e-03   1.8674832e-01   4.6141854e-02   2.8996108e-01   2.2999055e-03   1.3189385e-01  -1.5271834e-01  -2.4638571e-02   2.9634478e-01  -1.3555363e-01   1.9101950e-01   1.9521546e-01   1.0910446e-01   2.3171474e-01  -1.0271142e-01  -1.0354895e-01   1.8321812e-01   6.8689447e-02  -2.0645911e-01   9.7326393e-03   1.7092399e-01   3.5880328e-01  -9.7224547e-02  -1.7750374e-01  -8.2238866e-02   6.8682955e-02  -6.4448477e-02   2.1128349e-01   1.6041643e-01   9.1989168e-02   8.0631595e-02   5.8820344e-02   2.0126532e-01   2.5650226e-01   1.6049425e-02   1.3432454e-01  -1.7677442e-01  -2.3623890e-01   4.0474869e-01   1.3881176e-01   1.1085560e-01   6.1071752e-02   2.8747955e-01  -1.2930597e-01   1.6447521e-01   1.3894414e-01   3.2157353e-01  -1.8371749e-01  -5.4060790e-02  -1.8525914e-01   9.2276054e-02   1.0126082e-01   5.7390388e-03   4.4590386e-01   3.5422265e-01   7.3809430e-02   2.2603801e-01  -4.2413901e-02  -3.0027368e-01  -5.6551248e-02   1.2929874e-01   2.1916298e-01   2.4193872e-01   3.3067163e-01  -4.2246295e-02   3.6361760e-01   2.5836530e-01  -7.7265641e-02  -2.2023095e-02  -7.3219740e-02   1.9721296e-02   2.3134668e-01   3.3757454e-01   3.4006957e-01   6.2522012e-01  -1.9994934e-01  -6.7421144e-02   2.0262231e-01   9.4773370e-02   2.6831143e-01   2.0261293e-02   7.7033966e-02   7.9297669e-02  -2.0864011e-01  -4.8684213e-02   1.8441527e-02   7.1317841e-02   2.8616953e-01  -3.2806468e-01   1.0811201e-01   8.9803371e-03   1.6739366e-01   2.7014641e-01  -1.1731905e-01   3.0806934e-01  -4.4259755e-02   2.2703686e-02   9.2265802e-02  -1.7682041e-01  -3.6980525e-01  -5.9873918e-02  -1.9907660e-03   1.9732058e-01  -9.5417908e-02   1.6495425e-01
   4.3687104e-02   1.1434027e-01   2.0098244e-01  -4.9340501e-01   1.3745233e-01  -3.6400872e-01  -3.2499533e-01  -1.7227487e-01  -1.7014488e-01   5.5830331e-01  -2.4942259e-01  -1.2256479e-01   0.0000000e+00   4.5243466e-01   1.7079007e-01  -3.5862633e-01   3.1260902e-02  -1.4487559e-01  -1.6812900e-02   2.4821019e-01  -1.6029649e-01  -4.7185801e-01   2.1447926e-01  -4.0920825e-02  -2.5186113e-01  -1.2256068e-01  -3.3531845e-01  -2.8061005e-01   6.5263049e-01  -1.6319053e-01   8.5660763e-02  -2.4507468e-01  -9.9819171e-02   3.5144774e-01  -1.2813159e-01  -1.9628500e-01   2.5091862e-01  -1.4534215e-01  -2.8432401e-01   4.8649988e-02   7.3510614e-01  -4.3213110e-01   5.5533328e-02  -2.0650917e-01   2.3042724e-01  -1.4897180e-01  -4.8341764e-01   2.6355976e-02   7.8352368e-02  -6.2520330e-02   4.8397229e-02   1.2671553e-01  -7.7189182e-02  -3.0717526e-01   3.7022542e-01   9.7476568e-02  -1.6134500e-01  -2.7468788e-01  -7.6685036e-02  -1.7932896e-01  -2.0617262e-01   8.2534246e-01  -3.5424849e-01   1.6639343e-02  -1.5473575e-01   3.0251765e-01  -3.5837175e-01  -3.3973332e-01  -4.0816193e-01  -1.9382610e-01   2.0415805e-01  -2.9266180e-01   3.9202510e-01  -1.6771254e-02  -2.8745217e-01  -1.0864267e-01  -9.0654052e-02  -1.4957276e-01   1.9598204e-01   5.5939872e-01  -6.0280373e-02  -1.9185049e-01   3.1431921e-02  -3.4207083e-01  -8.2959297e-02  -4.1141161e-02   3.9062589e-01   1.1334119e-01   1.9772069e-01  -2.9582119e-01   3.5241335e-01  -1.8626921e-01   3.6200857e-01  -5.0568434e-01  -3.0026232e-01   3.2407755e-01   4.6880186e-01   2.2925588e-01   3.8092566e-01   1.7937280e-01   4.8815878e-02  -1.1601193e-01  -2.7875770e-01   1.9935297e-01  -4.3435380e-02  -4.9856232e-01  -9.2287262e-02  -8.4472280e-02   6.4206201e-01   2.7588399e-01  -1.5535404e-01  -5.7910724e-01  -3.4718043e-01  -1.2250076e-01   6.9524375e-04   3.9299494e-01   2.8590278e-02   6.2457712e-01  -2.9363365e-01  -4.8249296e-01  -5.9059070e-02   2.6420563e-01  -2.3830709e-01  -1.2925971e-03  -2.2057173e-01  -4.3613469e-02  -5.7832883e-02  -5.5305867e-02  -4.5990013e-01  -1.7712917e-01   1.2497372e-01   3.6129653e-02  -2.5190134e-02   1.9347739e-01  -3.3920593e-01  -8.7538265e-02  -9.7019248e-02   1.7642867e-02  -1.3056458e-02  -9.1315839e-02  -1.9049541e-01   8.1117081e-01  -1.6876922e-01  -2.7268524e-01   3.1193206e-01  -6.1720425e-03   3.6553263e-03   1.7818860e-01   4.4347090e-01  -1.4131513e-01   9.1349118e-03  -2.9685671e-01  -2.1175866e-01  -1.4588420e-02   2.6284700e-02   3.4823913e-02  -9.5159386e-02   2.8636759e-01  -5.0878430e-01  -2.8087586e-01   7.7959943e-02  -2.5688690e-01  -7.4971887e-02  -4.5413321e-01  -5.1980386e-01   5.8584278e-01  -1.8149812e-01   6.4556886e-02  -3.3504356e-01   5.1099968e-01   4.4578846e-01  -2.0848367e-01  -2.8083147e-01  -4.6978961e-01   2.4298741e-01  -4.5469540e-01  -5.0303302e-01
   1.1122921e-01  -1.2751410e-02   4.1739268e-02  -3.8598196e-01  -3.6395175e-01  -2.4107871e-01  -1.3203057e-01   4.3528982e-02  -4.0222230e-02   3.3318740e-01  -2.3072565e-01  -1.1915144e-01   4.5243466e-01   0.0000000e+00  -8.5463488e-02  -3.2365748e-01  -5.3777611e-02  -1.6051253e-01   1.2223937e-02  -2.2168042e-01  -1.1588151e-01  -2.2914827e-01   6.8096730e-02   7.2574719e-02  -2.7183506e-01   2.3669532e-02  -3.8226738e-01  -1.7345555e-01   5.0825058e-01  -2.9216162e-01   3.4430159e-02  -2.2821899e-01  -2.2550523e-01   1.7868315e-01  -8.9848822e-02  -2.2230711e-01  -1.2403761e-01   6.1146133e-02  -2.7208678e-01  -3.9091021e-02   2.0486567e-02  -2.6118549e-01  -9.6918855e-02  -1.6324792e-01   1.0437835e-03   7.3605689e-02  -2.7957593e-01  -1.7397747e-01  -2.3245005e-01  -4.5252143e-02  -2.9097329e-01   1.3717281e-01  -3.1788992e-01  -1.0243348e-01   5.1040679e-01   4.5029580e-02  -1.2246645e-01  -2.1892364e-01  -4.9449070e-01  -2.0639400e-01  -1.3610042e-02   3.7120726e-01  -3.2459059e-01  -2.9707663e-01  -2.1537398e-01   3.6790674e-02  -2.3713869e-01  -1.5678019e-01  -2.5709488e-01   1.2988482e-01  -3.3119575e-02  -2.1990625e-01  -1.2522972e-01   3.5083310e-02  -2.5687619e-01   4.1239616e-03   2.9887982e-02   3.0174480e-02  -1.5739610e-01  -3.0954941e-02   1.8611755e-01  -1.6974049e-01  -2.9651633e-01  -4.9226393e-02   1.7170280e-01  -9.2026910e-02   5.5010049e-01   3.1177953e-01   3.2074746e-02   6.6794171e-02   1.8070611e-04  -2.0651433e-02   4.9451137e-02  -4.1389550e-01  -1.4250694e-01  -7.8443663e-02  -7.3178390e-02   5.7975129e-02  -1.4719128e-01   1.4459630e-01   2.8070264e-01  -1.5001475e-01  -5.8075625e-02   1.8062044e-01  -2.0299508e-01  -2.2102276e-01  -1.5812149e-01  -1.6754770e-01   4.4241416e-01  -3.6679858e-02  -1.1483194e-01  -3.2573616e-01  -1.0104307e-01   2.0407499e-01   1.0450434e-01   1.3203503e-01   6.4954822e-02   1.0160653e-01   4.7840661e-02  -4.7189596e-01   1.1523683e-01  -7.8061475e-02  -1.1453601e-01  -1.3089479e-01   8.4776256e-02   2.7585867e-02  -1.6377477e-01  -1.5713039e-01  -3.5619691e-01  -5.1708758e-02  -9.6770381e-02  -7.9435102e-02   1.7316383e-01   2.5127482e-02  -2.9393921e-01   1.3406481e-02  -2.3279314e-01   1.4584159e-01   6.7489053e-02   1.2843874e-01   1.4455074e-01   3.1476497e-01  -2.7596242e-01  -1.1056292e-01   1.0605361e-01  -4.7457065e-02   1.2681266e-01  -8.0848558e-02   4.5462446e-02  -9.8663323e-02   1.4809847e-01   7.1717530e-03   3.2971357e-02  -1.2631482e-01   3.8623789e-03   8.2628441e-02   1.9442889e-02  -2.8737675e-01  -1.7579563e-01   3.0889626e-02  -4.3165617e-02  -2.5253433e-01  -3.5344124e-01  -3.0957650e-01  -2.4051068e-01   2.1855407e-01  -3.1463898e-01   2.2497698e-01   2.6622303e-02   7.6447912e-02   1.1470378e-01   6.9877305e-02  -1.9149194e-01  -2.2518128e-01   8.8521456e-02  -2.5765619e-01  -3.2637530e-01
