   0.0000000e+00   2.3569047e-01   2.0532443e-01   3.9506460e-01   8.8855767e-02   3.2935124e-01   7.7567812e-02   6.1021394e-01  -8.9352241e-02  -3.1138474e-02   3.0747114e-02   1.7281419e-01  -2.2386393e-01  -1.0077218e-01  -2.1770342e-01   3.9224445e-01   2.9440874e-01   2.7949551e-01   5.2353860e-01   3.5321360e-02  -2.4765402e-01   3.2608545e-01  -2.8265198e-01   3.7081570e-01  -2.4785843e-01   4.1541591e-01   4.8308426e-01  -2.7890131e-02  -5.4760831e-02   2.3100546e-01  -1.9815679e-02  -1.2329278e-01   2.3155866e-01  -2.9208997e-01  -8.6001427e-02   1.7277242e-01  -2.4589723e-01   1.5958071e-01   1.1805292e-01   7.7314066e-02  -1.1652448e-01   3.4345205e-01  -2.5978304e-02   7.0757939e-03  -1.4088828e-01   4.5670435e-01   1.6424801e-01  -1.4208535e-01  -1.8883802e-01   1.9961424e-01   1.3426898e-01   3.8197585e-01  -4.0465124e-01   8.4828919e-05   1.3257873e-01  -1.9076377e-01   2.8248064e-01   4.2083974e-02   1.4627557e-01   4.1745785e-01   2.8291505e-01   8.7025309e-02   1.0044055e-01  -1.8476269e-01   4.3429741e-01   1.3063969e-01   2.8932515e-01   3.1200112e-01   1.3170144e-01   3.0388752e-01   9.7960075e-02  -1.4696075e-01  -3.4307867e-02   1.9465510e-02   2.4054181e-01   2.5504783e-01   1.7968199e-01   2.1060391e-01   2.9484719e-02   3.7224211e-01   1.3227997e-01  -5.6150468e-02  -2.1198667e-01   2.0240382e-01   2.7493473e-01   3.2270497e-01  -3.3456928e-01   3.1859262e-01   3.8311630e-01   2.0852884e-01   2.7043983e-01  -2.1827643e-02  -1.7170201e-01   7.6411920e-02   1.9953737e-01   1.3293820e-01   2.3250619e-01   2.2664279e-01   3.1193558e-01  -1.4307918e-02  -2.7780222e-01   1.9677985e-01   1.0338602e-01   2.5619219e-01  -1.0403121e-01   3.8817666e-01   1.4461257e-01   2.8642001e-01  -2.8415242e-01  -2.1871744e-01  -1.5916454e-01   6.5943488e-02   2.7934657e-01   6.9405067e-01  -2.9771665e-01  -9.4810967e-02   2.4475066e-01  -1.1984924e-01  -8.0943845e-02  -9.3494844e-02   2.9499041e-01   1.5350609e-01   1.4314173e-01   3.0449845e-01   3.0583509e-01   2.1569495e-01  -5.5930446e-02  -4.7058601e-01   3.0097512e-01   3.8503078e-01  -7.8934256e-02  -3.2410991e-01   5.1393832e-02  -3.6945023e-01   7.2811562e-02   3.9476777e-01   1.3344522e-01  -2.2848276e-01   4.4870339e-01  -1.0985765e-01   6.8337415e-01  -2.0370680e-01   2.6456012e-01   6.1071252e-02  -2.6062165e-01   2.8922638e-01  -9.8540864e-02   3.4503389e-02   8.8740807e-02  -1.0555945e-01   3.1066808e-02  -3.5942844e-01   1.0828923e-01   3.3927563e-01   2.9244607e-01   4.1422882e-02   3.4928890e-01   2.3078205e-01   1.1543175e-01   1.6407168e-01  -1.7482921e-01   2.0784259e-01   7.0946439e-02   3.3049429e-01  -9.3619129e-02  -8.4979768e-02  -5.5512871e-02  -2.0036654e-01   3.6552361e-01   9.4463525e-02   2.6023420e-01   8.5094473e-03   3.8752292e-01   3.4786090e-01   5.3701158e-03   2.5210795e-01   5.5130718e-01
   2.3569047e-01   0.0000000e+00   5.8004916e-01   1.1238857e-01   2.7883772e-01   2.5405548e-01   3.0845551e-01   1.5959487e-01   2.3957321e-01   3.5723301e-01  -2.9684195e-01   6.5783342e-01  -1.2467847e-01  -4.3602902e-01  -3.2123307e-01   2.2869506e-01   5.7574063e-01  -1.3653360e-01   2.5567233e-01   1.6350689e-01  -4.7723714e-01   7.8582137e-02  -2.7880844e-01   2.6858231e-01   6.2807629e-02   4.2012026e-01   4.1413289e-01  -5.6950052e-02   1.5387541e-01   5.1948995e-02  -2.5371786e-01  -7.2660959e-02   1.0862448e-01   2.1903083e-03   3.1469360e-01   1.3493931e-01  -3.7526949e-01   2.9981946e-03  -6.6483861e-02   5.3021263e-01  -2.5876156e-01   3.2063540e-01   4.2254994e-01  -2.9849392e-02  -1.0048134e-01   2.0618121e-01  -2.0284854e-01   3.2787013e-02  -3.3801968e-01   4.2146767e-01  -2.1077601e-01   1.7121435e-01  -2.6077634e-01   4.3118689e-01   2.3614908e-01   1.1463166e-02   2.8490977e-01  -7.2080238e-02  -1.7189142e-01   1.7717614e-01   1.2412497e-01   1.5616098e-01   5.0277452e-01  -4.2134606e-01   2.7345157e-01   3.4676331e-01  -2.9744219e-02   2.0585098e-01  -2.5490722e-01   5.6400841e-01   6.4159862e-01  -1.5720286e-01   1.0751698e-01   1.6033283e-02   3.6175666e-01   3.2170764e-02   1.2172926e-01  -2.0911745e-03   1.5247227e-01   3.1707889e-01   1.4319132e-02   1.0647658e-01   2.6367996e-01   1.1385700e-01  -4.1514737e-02   5.9293779e-02  -1.9472254e-01   2.8949292e-01   5.6796574e-01  -2.3208836e-03   2.8708137e-01   3.3872585e-01   1.3100650e-01   3.9214264e-02  -1.1027346e-01  -6.6940758e-03   3.3418862e-01  -1.8489407e-01   2.4963737e-01   7.8985342e-02  -7.4418358e-02   2.1478617e-02  -1.7015141e-01   5.7680285e-01  -2.9285892e-01   1.7249837e-01   4.9890759e-01  -2.4734411e-01  -5.2379987e-01   1.3457294e-01   3.0814376e-01  -1.4484230e-01   2.3114499e-01   3.7911219e-02   6.8692113e-02   1.1790619e-01  -1.4361503e-01   9.2950690e-02  -1.5337228e-01  -1.1326989e-01   3.2265501e-02   3.4175825e-01   4.3339069e-01   3.8569728e-02   1.9197816e-01   3.6051779e-02   8.5593516e-03  -3.1608733e-01   1.3392675e-01   5.5076425e-01  -1.2775950e-01  -2.7529605e-01   2.5284261e-01  -1.9983113e-01   2.7014578e-01   5.0934559e-02   3.1548392e-01  -3.7079658e-01   1.2284198e-01  -1.4499843e-01   2.7912414e-01  -1.6626775e-01  -1.1445412e-01   4.5470843e-01  -2.3855969e-01  -2.5851496e-02   3.0062149e-01   2.0355116e-01   2.4652491e-01  -2.9609864e-01   7.8422284e-02  -4.1002239e-01   3.4481532e-01   2.0479052e-01   6.8760822e-01   9.7468847e-02   1.0223173e-01   1.1005000e-01   4.4305529e-01  -1.5860714e-01   1.4974972e-02  -1.8982787e-01   4.1407922e-01  -9.2592355e-02  -3.5588187e-02   2.1985243e-01   3.8421367e-01  -3.4294899e-01   4.5199519e-01   4.9125853e-01   4.6305858e-01  -1.6502902e-02   8.7915088e-02   2.5041740e-01   2.2522442e-01   1.0315578e-01   1.6387284e-01
   2.0532443e-01   5.8004916e-01   0.0000000e+00  -9.1771785e-02   3.3194209e-01   3.5666211e-01   3.6096684e-01   1.3127032e-01   1.6848738e-02   6.0682272e-01  -3.3408436e-02   6.9762319e-01  -4.6609408e-02  -2.6654204e-01  -1.9208770e-01   4.1096809e-01   7.9216201e-01  -2.8377748e-01   3.8596973e-01   4.5634866e-01  -6.3063350e-01   5.7975472e-02  -7.0709299e-02   2.0067324e-02   2.7762421e-02   4.0867151e-01   5.2049944e-01  -5.0605469e-02   2.7693496e-01  -1.4620452e-01  -3.7783983e-01   8.9168861e-02   2.8280742e-01   2.3581254e-01   2.9678260e-01   4.0891939e-01  -3.6840625e-01  -2.7668300e-03   2.2345466e-01   7.0351719e-01  -9.0605585e-02   4.9289239e-01   5.6433308e-01  -4.2969946e-02   2.4107660e-01   2.8128193e-01  -7.1671806e-02  -3.6291975e-01  -3.0143180e-01   7.5361856e-01  -3.5498625e-02   1.5491630e-01  -2.9219188e-01   6.0512213e-01   1.9549774e-01   1.5955444e-01   2.7838280e-01   1.3926006e-01  -6.8408401e-02   1.5451408e-01   3.4957517e-01   4.9826076e-01   2.4146435e-01  -4.1502124e-01   8.3974420e-02   5.2384199e-01  -5.9107524e-02  -8.0684484e-02  -1.7184668e-01   7.6329811e-01   3.5292283e-01  -3.5252081e-02   1.1380581e-01  -1.0444727e-01   2.5427684e-01   1.3802595e-01   4.8471896e-01   4.2368230e-02   1.2446628e-01   2.8726669e-01   2.3508879e-02   2.6639956e-03   6.2331657e-02   2.8034232e-01  -1.5088973e-01   1.6078709e-01  -1.4402668e-01   2.8885057e-01   5.6666538e-01   1.1944363e-01   2.3176316e-01   7.7726714e-01   4.1223188e-01  -3.5140957e-02   7.8560675e-02   1.3692937e-01   1.7088655e-01  -1.4323052e-01  -3.5898932e-02   3.6887767e-01  -1.2224651e-01   1.5644148e-01  -1.7322157e-01   2.9983547e-01  -9.7769821e-02  -4.1278127e-02   5.3104219e-01  -1.9933202e-01  -5.1573783e-01  -5.2866225e-02   5.2900704e-01  -9.7085636e-02  -7.8431246e-02   5.3255549e-02   1.3000571e-01   1.5805785e-02  -5.8588078e-02   3.6536738e-01   3.3978245e-02  -3.8847965e-02   1.4907824e-01   5.6672864e-01   3.5244492e-01  -2.6509931e-01   2.7282589e-01  -8.7540173e-02   2.1809464e-01  -2.9119743e-01  -1.2916010e-02   5.6060498e-01  -6.5728385e-02  -1.3532569e-02   5.3474005e-02  -4.5812793e-01   2.6175669e-01   1.2635132e-01   4.1946680e-01  -3.8229526e-01   2.3821331e-01  -8.3654363e-02   3.9229452e-01  -1.9866822e-01   4.4240661e-02   5.1181603e-01  -1.1742659e-01  -1.1554642e-01   4.1304354e-01   1.5240474e-01   5.3818187e-01  -4.6704149e-01   1.7283448e-01  -4.0869516e-01   5.1490949e-01   2.0542743e-01   7.4872206e-01  -1.0870446e-01   1.5184356e-01   1.6843817e-01   7.0369456e-01  -1.1163160e-01   1.6364741e-01  -1.6666884e-01   2.1921065e-01  -3.0777893e-01   1.7969116e-01   2.4642121e-01   6.1119555e-01  -7.0293639e-02   4.5925941e-01   3.5847889e-01   6.4145011e-01  -1.5648293e-01  -1.9215908e-01   1.5110348e-01   2.4150007e-01  -9.1705860e-03   9.2740221e-02
   3.9506460e-01   1.1238857e-01  -9.1771785e-02   0.0000000e+00  -3.6427416e-02   2.0902191e-01   2.4257827e-01   4.9699991e-01  -1.0659532e-01  -1.8784104e-01   3.7576906e-02   9.0511635e-02  -1.0678303e-01   1.2548362e-01   1.8145373e-01   1.0631134e-01   1.4686674e-01   8.1061558e-01   2.0923977e-01  -9.3014373e-02   1.0627105e-01   5.5480022e-01   1.9016543e-02   9.3758189e-02   2.4859868e-01   1.6106101e-01   8.1046984e-02   1.4737953e-01   7.7292659e-02   5.5860943e-01   4.7184734e-01  -3.4719856e-01   3.3230293e-01   2.5879191e-02  -1.8106719e-01   2.0394527e-01  -1.1095334e-01  -3.1301606e-01  -5.3490669e-02  -1.3440084e-01  -2.8752148e-01   4.8968796e-02  -2.5142745e-02   3.0971654e-01  -4.0628192e-01  -1.7237294e-01   2.7110535e-01   3.6776723e-01  -2.6790613e-01  -1.3937386e-01   1.0398812e-01   1.9808245e-01   4.6104435e-02   1.8541749e-01   2.1819653e-01  -2.1486088e-02   1.6512752e-01   1.6828514e-02   2.4707796e-01   3.3916880e-01   1.1552375e-01  -2.2607056e-01   1.9809074e-01   1.9649043e-01   5.1073310e-01   2.4325826e-02   2.5687258e-01   7.3968316e-01   1.5251349e-01  -1.1512943e-01   1.6939964e-01  -1.8812001e-01  -1.3696414e-01   1.9377930e-01   2.1367353e-01   3.4355297e-01  -2.2176122e-01   2.5913244e-01  -1.1119341e-02   3.5507745e-01   1.1813819e-01  -1.2300532e-01   2.3584935e-01   3.9709257e-01   2.8025686e-01   2.3642978e-01  -1.4731561e-01   1.1259728e-01   1.1233726e-01  -9.3681712e-02  -4.3479450e-02  -1.9245117e-01  -1.6608538e-01  -5.1668263e-02  -4.2715309e-01  -1.3090052e-01   5.8315962e-01  -9.6837372e-02   7.0569178e-01  -4.5059275e-02   9.7976562e-02   1.7153740e-01   2.6231201e-01   1.8520924e-01  -1.6690147e-01   8.9872237e-01   4.3537306e-01   5.8156422e-02  -1.1321416e-01  -9.4198379e-02  -3.5429961e-02   2.7495614e-02   7.8047411e-01   3.3041802e-01  -3.0779525e-02  -3.9013920e-01   5.0491279e-02  -1.7464626e-01   9.2118559e-02  -8.3015163e-02  -5.4880897e-02  -5.9737361e-02   2.2589329e-01   7.1485547e-01  -2.2965886e-01   2.7067927e-01  -7.3653988e-02  -7.8736495e-02   7.9358785e-01   1.9821465e-01  -1.6550706e-01  -1.1410991e-01   3.1421772e-01   1.4045183e-01   1.0391206e-01   4.7126202e-01   9.0443118e-02   2.8702028e-01   3.1821893e-01   1.2978251e-01   4.8543442e-01  -1.0351163e-01   1.3228299e-01   3.5569943e-02   1.5187096e-01   4.5189321e-01   7.9815289e-02   1.5846533e-02  -1.1645327e-01   1.1210006e-01   8.9784335e-03   1.1422838e-01  -7.0003987e-02   1.4354334e-03  -2.7999890e-02  -2.7027729e-02  -7.3706424e-02   2.4927990e-01   6.6925004e-02   3.2697166e-01  -2.1889833e-01   1.3843556e-01   1.1165924e-01   7.7720175e-01  -2.9739608e-01  -4.9376194e-01  -8.3527240e-02   1.5751103e-01   2.9701752e-01  -2.1977173e-01  -1.4848666e-01   9.1762797e-03   8.1579885e-01   3.9037574e-02   2.7694620e-02   6.0761912e-01   8.1462687e-01
   8.8855767e-02   2.7883772e-01   3.3194209e-01  -3.6427416e-02   0.0000000e+00  -3.6310591e-02   3.9396955e-02  -1.1597470e-02  -6.8283794e-02   2.3659960e-01  -1.8807216e-01   2.2593031e-01   7.5671157e-02  -5.2701635e-02  -2.6638857e-01  -2.1622102e-01   4.3035459e-01  -9.0758572e-02   1.3148859e-03   4.3945975e-01  -1.4742829e-01  -1.8456046e-01  -1.2860112e-01   1.1204577e-01   4.6611473e-02  -1.5426110e-01   1.5254432e-01  -4.4799159e-02  -1.1530340e-02  -2.7654275e-01  -2.9101336e-01  -2.0696779e-01   1.0145085e-01  -8.1023131e-02  -2.5611376e-02   6.0104493e-01   8.8337818e-02  -1.8127690e-01  -1.9736040e-02   2.4827850e-01   8.9375711e-02  -1.2828936e-01   1.1236866e-01  -9.4902943e-02  -8.8975874e-02   9.3227295e-02  -3.5736372e-02  -1.8903690e-01   6.8919740e-02   8.3736427e-02  -2.2950378e-01  -2.0062430e-01   3.1193572e-02   1.8935745e-02  -5.3762074e-03  -2.3214697e-01  -1.4030765e-01  -5.4691229e-02  -1.3252709e-02  -4.1942250e-02   1.8301539e-01   1.5109839e-02   1.3197152e-02  -1.6809739e-01   6.9663602e-03   7.1656486e-02  -8.7920602e-02   5.9906302e-02  -1.7842344e-01   4.3437893e-02   2.3688224e-01  -2.0930168e-01   5.9066740e-02  -1.0895612e-01  -2.2630836e-02  -1.3485871e-03   1.2400391e-02   4.8548189e-02   5.1441385e-01   4.0784564e-02  -2.8346792e-01  -3.1783255e-01   2.4846653e-01  -2.6085639e-02   6.8864948e-03   1.5149359e-01   2.5452792e-02  -1.3652489e-01   1.1397729e-01  -7.4118092e-02   2.6459592e-01   1.9494256e-01   1.5441458e-01  -1.3982363e-01   8.1424817e-02   5.4234663e-01  -4.0538601e-02  -3.3607728e-02   1.3326075e-01   3.3728148e-02  -5.9022726e-03  -5.7302982e-02  -2.1504939e-01   7.6796551e-02  -2.2116092e-01  -4.9556496e-02   2.1213715e-01  -7.1481134e-02  -2.6512686e-01   1.0902029e-01   2.5274747e-02  -3.0109923e-01   1.6341780e-02   1.5920247e-01  -2.0051710e-02   2.6328236e-01  -2.9743916e-01   3.8165140e-02  -9.1006696e-02  -1.4115499e-01  -1.8348550e-01   4.3728678e-01  -1.2481971e-02  -2.4495932e-01  -4.5696819e-02  -1.1294322e-01  -2.0254538e-01   9.9381585e-03  -1.1082447e-01   1.7149771e-01  -1.8429848e-01   1.4828067e-01  -3.8807312e-02  -1.4905623e-01   9.8762975e-02  -1.5779106e-02   1.7773426e-02  -9.8203895e-03   1.0201294e-01   3.2769785e-01   1.5762321e-01   2.9183863e-02  -1.4999246e-01  -3.3531415e-02  -3.6503020e-01  -1.3874787e-01   7.4743253e-02   1.9132987e-01   2.5127332e-01   6.7300715e-02  -1.6811944e-01  -8.0983280e-02  -1.2613119e-02   8.7045406e-02   2.4695279e-01  -2.0663957e-01  -7.4361732e-02  -1.7864494e-01   2.6605757e-01  -1.6237220e-01  -1.0381944e-01  -6.6456363e-02   2.5973470e-01  -2.2860487e-01  -1.4660921e-01   2.3476917e-01   5.9030014e-03   5.2090909e-02   9.3693863e-02   4.8060104e-01   2.3214465e-01  -2.1077642e-01  -9.1962259e-02   3.8620253e-02  -1.1223208e-01   1.7345298e-01  -1.2520007e-01
   3.2935124e-01   2.5405548e-01   3.5666211e-01   2.0902191e-01  -3.6310591e-02   0.0000000e+00   3.7834513e-01   5.9744960e-01  -8.3854191e-02   2.2827930e-02   3.5645261e-01   2.8402540e-01  -1.9034769e-01   8.9628907e-02   3.8838379e-01   6.3775738e-01   2.2427379e-01   7.7507317e-02   5.9337607e-01   2.0137889e-01  -4.7491527e-02   4.8798553e-01   2.6028289e-01  -2.4951509e-01  -1.1133108e-02   5.8934829e-01   6.5726724e-01   3.7747535e-01   3.1397550e-01   4.9884901e-01   2.2909101e-01   3.6169958e-01   3.4450741e-01   3.0192074e-01   3.1800870e-01   2.3343492e-01  -3.4749768e-01  -1.1114113e-01   4.1339277e-01   3.3056164e-01  -1.8510586e-01   6.5239258e-01   3.0275301e-01   2.0548737e-01   3.5729970e-01   2.7100305e-01   5.0552938e-01   3.9726725e-01  -6.7567215e-01   2.9160990e-01   5.0894636e-01   4.8246833e-01  -1.1180885e-01   4.7350480e-01   4.8541333e-01   4.3527208e-01   8.1435379e-01   4.7841384e-01   2.1303003e-01   4.5073507e-01   1.3087231e-01   4.0978009e-01   1.3070243e-01   5.9245334e-02  -9.8852757e-02   2.3000698e-01   7.3531007e-01  -7.8005075e-02   6.0465144e-01   4.9067038e-01   2.6762650e-02   3.8036044e-01  -1.7227109e-02   4.4268356e-01   3.9844252e-01   1.8317539e-01   2.7422247e-01   3.1638939e-01  -3.2720092e-02   5.3346484e-01   6.6289545e-01   9.2475312e-02  -1.5314718e-02   4.9069886e-01   1.3703984e-01   9.7662526e-02   1.3508929e-01   6.4823457e-01   4.7203750e-01   2.5186191e-01   5.5437150e-02   3.3672943e-01   1.2775847e-01   3.3040707e-01   4.4318878e-02  -1.2547407e-01   3.7238508e-01   2.7668024e-01  -1.6737672e-01   2.6443726e-01   1.1896887e-01   2.8222082e-01   5.4267508e-01   1.1369691e-01   4.5811644e-01   1.5132703e-01   3.8774002e-01   4.1945296e-01  -1.8128790e-01  -3.2794682e-01   2.4771867e-01   5.4794051e-01  -1.2227673e-01   4.0214331e-02   3.1789301e-01  -4.0001027e-01   5.8650221e-01   1.9192794e-01   1.2810073e-01   3.4510609e-01   1.5673623e-01   2.5070250e-01   3.4519095e-01  -1.7479472e-01   2.7619446e-01   5.2046900e-01   5.4710188e-01  -5.4456463e-01   3.0375086e-01   2.5762341e-01  -1.3780770e-01  -1.3797540e-02   2.3141701e-01  -2.1014885e-01   4.8612501e-01   3.6377229e-01   5.8216730e-01   4.8419763e-02   2.5509089e-01  -3.2219768e-01   2.7869903e-01  -4.3413926e-01   7.0775784e-01   4.7571144e-01   2.3193643e-01  -6.0887080e-02   3.6809765e-01  -2.0002265e-01   1.9896800e-01  -1.5929611e-01   5.1309473e-01  -8.2772327e-02   5.0803660e-01   2.7399691e-01   2.5971212e-01  -2.5755090e-01  -1.1327034e-01   3.5583380e-01   2.0356924e-01   4.9873356e-01   3.8917586e-01   2.0946385e-01   6.8545406e-02   2.7218077e-01   3.6532557e-01  -2.5621623e-01   4.8705961e-01  -1.7570381e-02   3.1987797e-01  -1.3092203e-01   1.3966025e-01  -3.8230561e-01   2.2622953e-01   5.3960702e-01   4.7491411e-01  -1.1859071e-01   4.2052159e-01
   7.7567812e-02   3.0845551e-01   3.6096684e-01   2.4257827e-01   3.9396955e-02   3.7834513e-01   0.0000000e+00   1.1301901e-01   2.0915609e-01   2.1674573e-01   2.7075022e-01   5.7840263e-01  -2.2207187e-01  -4.4419832e-02   4.3446828e-01   1.2279823e-01   2.4776169e-01   1.5105571e-01   1.9202431e-01   2.7260750e-01  -1.9684770e-01   9.3246344e-02   4.6740100e-01  -2.9804199e-01   1.9973675e-01   1.4749238e-01   2.5931977e-01   1.4715718e-01   2.6989808e-01   1.4492560e-01   1.1930270e-01   3.3665779e-02   1.7177832e-01   6.8519551e-01   3.5342543e-01   3.8744487e-01  -2.9727901e-01  -4.2041722e-01   2.8055969e-02   3.4775346e-01  -2.4748383e-01   3.0661733e-01   4.4885830e-01   2.2116455e-01   1.0897726e-01  -1.4184722e-01   1.8064681e-01   2.4272528e-01  -4.5142378e-01   8.2332325e-02   2.5957199e-01   2.1344751e-01   7.6972369e-02   5.8870135e-01   3.7497651e-01   5.1087606e-01   1.9113160e-01   5.5494020e-02   3.4832309e-02   3.3502069e-01   1.9615721e-01   2.8740977e-01   2.4877033e-01   6.4853040e-02   1.0771071e-01   4.2463373e-01   2.8165124e-02   1.1000172e-01   3.7560390e-02   3.6795891e-01   2.2162374e-01   8.3416457e-02   2.4184419e-01   2.2541328e-01   3.0467088e-01   1.2721488e-01  -4.9219635e-02   7.6603145e-02   2.0788421e-01   2.6763230e-01   3.7478778e-01   3.7395421e-02   2.4350343e-01   4.1770176e-01   3.0404462e-02   6.7443155e-02   2.3356169e-01   2.1046170e-01   3.5708523e-01   9.1257258e-02  -3.4392156e-02   3.1005218e-01   2.8418237e-01   3.0151722e-01  -3.6252314e-01  -3.8440582e-01   2.8983215e-01  -2.4131694e-01   5.0201410e-02   5.4467618e-01   1.3501895e-01   4.6534108e-01   8.2176057e-02   3.5955220e-01   1.0075059e-01   1.5135007e-01   4.5418714e-01  -1.7529819e-01  -2.4909928e-01   2.9840697e-02   6.2306034e-01   3.4742246e-02   1.2078887e-01  -5.0990486e-02   4.8554181e-01  -2.5493896e-01   1.6600432e-01   2.9521952e-01   2.3687371e-01   1.0792106e-01  -2.9203292e-02   2.9310101e-01   3.5831257e-01   5.1555222e-02  -2.1560935e-01   1.4528684e-01   4.5156742e-01  -2.8754326e-01   2.0571409e-01   2.7041331e-01  -2.5779967e-01   1.8535116e-01   1.9199986e-01   5.6243058e-02   2.8926189e-01   1.2435583e-01   4.0428526e-01   1.3670530e-01   6.3318778e-02  -5.0802173e-02   1.6646628e-01  -3.8074937e-01   1.8280381e-01   5.1902124e-01   4.7397094e-01   2.6134443e-02   6.7926086e-01   2.1122296e-01   1.9888065e-01  -7.3291829e-02   3.2965061e-01   1.1944812e-02   2.4348046e-01   1.4706399e-01   3.0502505e-01  -4.0972579e-01  -1.4407621e-01   1.6707186e-01   2.4245811e-01   2.1741625e-01   1.8475682e-01  -4.1003635e-02   3.1064409e-01   4.9275489e-02  -3.7353981e-02   1.4033361e-02   6.3278811e-01   1.0728177e-01   2.5077280e-01  -2.1338962e-01   2.1415752e-01  -2.6442812e-01   1.5760938e-01   5.4867279e-02   4.2729750e-01   1.0365843e-01   1.7874807e-01
   6.1021394e-01   1.5959487e-01   1.3127032e-01   4.9699991e-01  -1.1597470e-02   5.9744960e-01   1.1301901e-01   0.0000000e+00  -2.0873358e-01  -1.9527586e-01   2.1056801e-01   1.5994067e-01  -2.2365720e-01   9.2375982e-02   1.6645507e-01   5.8551572e-01   1.6084443e-01   4.4676254e-01   5.8415046e-01   5.4002909e-03   8.6415544e-03   6.3630257e-01  -4.7281700e-02   6.2977766e-02  -1.8220940e-01   5.3812629e-01   4.7529366e-01   1.8246765e-01   6.7555494e-02   5.4907922e-01   3.2189150e-01   5.3112338e-02   4.2409022e-01  -8.5224075e-02   1.8362302e-02   1.1347762e-01  -3.2420213e-01  -1.9185370e-02   4.0252975e-01  -2.8063349e-02  -9.1769155e-02   4.3432352e-01   3.0778720e-02   3.7917899e-01   5.7825197e-02   3.1617277e-01   3.7315509e-01   2.6349426e-01  -3.8110985e-01   1.6896441e-01   3.3899375e-01   4.6303768e-01  -1.7411261e-01   2.0133251e-01   2.8513086e-01   1.1843267e-01   5.7290264e-01   3.3542610e-01   2.6804589e-01   3.7912177e-01   1.8471751e-01   8.3371441e-02   7.7907565e-02   1.6255671e-01   3.8523248e-01   5.5080915e-02   5.5000176e-01   2.0187558e-01   4.1977377e-01   2.4582770e-01  -3.8073487e-02   1.0558211e-01   2.0905455e-02   3.7618003e-01   2.9852563e-01   4.1650427e-01   2.3837100e-01   4.5470434e-01  -9.7121732e-02   5.3900195e-01   4.3046256e-01   8.3114248e-02  -4.6867046e-02   4.9366086e-01   3.0192369e-01   3.6104448e-01  -2.1018718e-01   4.0444944e-01   4.4200564e-01   8.8666336e-02   1.0803230e-01   5.9938401e-02  -1.3731795e-01   1.1993250e-01   4.6890137e-02  -6.4081281e-02   4.8988370e-01   2.0447230e-01   1.8996656e-01   1.2936340e-02  -2.8207317e-02   3.2794003e-01   5.5691742e-01   1.3307182e-01   1.7512760e-01   5.1239841e-01   2.7276088e-01   3.6475013e-01  -3.4934103e-01  -2.7988284e-01  -8.1744668e-02   3.4983411e-01   2.2400429e-01   2.9504180e-01  -7.6702657e-02  -3.7045785e-01   5.0852347e-01   7.2400527e-02   1.0703387e-02   1.6148495e-01   2.9338539e-01   1.0999403e-01   2.4265924e-01   3.1768175e-01   2.4689099e-01   4.2874160e-01   2.5228503e-01  -4.6189577e-01   5.4980193e-01   2.0592763e-01   1.1619284e-01  -1.4546766e-01   2.2817740e-01  -2.0766126e-01   2.8231699e-01   6.5065222e-01   2.7129351e-01   3.4088841e-02   5.1021320e-01  -2.3627134e-01   4.6312417e-01  -2.7356803e-01   5.2825534e-01   1.5978800e-01   9.6755016e-02   3.9598579e-01   6.3814187e-03  -1.1538906e-01  -3.6909014e-02  -1.2232536e-01   2.4767220e-01  -9.7525971e-02   2.2378530e-01   3.5493470e-01   3.6390206e-02  -6.7728105e-02   1.5657974e-01   4.1493847e-01   7.0152615e-02   4.2807242e-01   1.0820360e-01   4.0139031e-01  -2.2071798e-02   5.9232843e-01   1.3210021e-01  -4.3785850e-01   4.5511760e-02   1.0465082e-02   4.2862558e-01  -1.0451407e-01   8.2663813e-03  -1.2606225e-01   5.6074573e-01   3.3170574e-01   9.2594074e-02   2.4992677e-01   6.8887137e-01
  -8.9352241e-02   2.3957321e-01   1.6848738e-02  -1.0659532e-01  -6.8283794e-02  -8.3854191e-02   2.0915609e-01  -2.0873358e-01   0.0000000e+00  -1.3278834e-01   8.5931117e-02   1.7579370e-01  -2.4863573e-01  -2.3591802e-01  -3.3220187e-02  -7.0452945e-02  -2.4186941e-02  -1.5389592e-01  -1.0237610e-01  -1.7055424e-01  -2.2297704e-01  -8.8757898e-02   1.6209174e-03  -5.4268821e-02   1.2794686e-01   7.4891339e-02   5.8658565e-02  -1.4353761e-01   6.8676429e-02   4.8214750e-02  -1.2522460e-01   6.1748789e-02  -1.1184419e-01  -7.2626966e-02   4.0611785e-01  -8.6964787e-03  -4.3767468e-01  -3.0711237e-01  -1.4608037e-01   9.1208513e-02  -1.5016889e-01   5.3410493e-03   5.1566967e-01  -2.6237814e-01   7.1004356e-02   1.3100813e-02   1.0462792e-02   4.0489229e-02  -8.6769550e-02  -2.4772579e-01   7.0405506e-02   3.3603522e-02  -1.5485883e-01  -1.4632399e-02  -8.8751126e-02  -1.3146345e-01  -2.7482189e-02  -6.9995844e-02  -1.2246712e-01   1.9051004e-01  -1.4103328e-01   1.1824019e-01   6.1158385e-01  -1.2256680e-01   1.9976920e-01  -1.0689641e-01  -1.6129111e-01   1.3180819e-01  -2.3948263e-02   1.4148931e-01   3.1834072e-02   7.2034621e-02  -5.3924489e-02   3.2381985e-03   1.6425259e-01  -8.6394488e-02  -9.6237548e-02  -1.6815224e-01   1.7131378e-01  -5.8930115e-02   4.2929056e-02   4.8760594e-02  -1.5702269e-01  -1.5012211e-01  -2.7095593e-01  -1.6539169e-01  -7.0493868e-02  -1.5354032e-01   2.0914857e-01  -4.9798163e-02   1.8333771e-01  -9.6202404e-02  -3.0136838e-01   4.3726851e-01  -2.8889126e-01  -2.9440914e-01  -2.5823767e-02   6.5316333e-03  -1.8899907e-02   4.0135031e-02  -3.5525764e-01   5.4911097e-02  -1.3579640e-01   6.4019361e-01  -2.6477290e-03  -1.0039132e-01  -1.8272501e-01  -5.0629553e-02  -2.0978631e-02  -6.6271375e-02  -8.3697479e-02   3.0743065e-02   1.1163019e-01  -1.4336758e-01  -1.0581657e-02   2.3462997e-01  -1.7884676e-01  -8.6053062e-02  -3.2804181e-01   3.5062961e-02  -2.7509502e-01  -8.9827790e-02   5.1520871e-01   1.2535691e-01  -9.3767634e-02  -5.7903290e-04   1.3624900e-04   1.7037044e-01  -1.8336821e-03   6.9440807e-02  -2.3247931e-01  -1.1074563e-01  -1.6559260e-02   2.3124884e-01   2.1511840e-01  -2.5299369e-01   4.8669159e-02  -1.8195188e-01  -1.7828091e-01  -1.2363195e-01  -1.6913495e-01  -1.2287138e-01  -5.0426743e-02   8.7631505e-03   7.3208119e-02   3.7633384e-02  -2.1546168e-03   1.0955920e-01  -5.5523994e-02   6.6091645e-02  -1.6328777e-01  -7.8244748e-02  -3.5817748e-02   4.7571839e-02   2.2300078e-01  -1.6660968e-01  -2.2055075e-01  -3.5552313e-02  -2.2074256e-01  -1.8212666e-02   2.2683449e-01  -8.0756080e-02  -9.7396260e-02  -1.0193784e-01   4.8608473e-02   2.2556609e-01   1.0557144e-01  -1.8163210e-01  -9.0909404e-02  -1.4840555e-01   1.1855436e-01  -1.8353858e-01  -5.1704908e-02  -1.0702623e-01   1.3883699e-01  -1.0652966e-01  -1.3047062e-01
  -3.1138474e-02   3.5723301e-01   6.0682272e-01  -1.8784104e-01   2.3659960e-01   2.2827930e-02   2.1674573e-01  -1.9527586e-01  -1.3278834e-01   0.0000000e+00  -1.6854532e-01   4.6758124e-01   2.4395805e-01  -2.6579255e-01  -3.0304318e-01  -6.8782562e-02   4.8677753e-01  -2.3344800e-01   1.8104513e-01   3.4975215e-01  -3.2578644e-01  -2.8655957e-01   5.6497103e-02   9.7671386e-02   5.3831182e-02   8.1812689e-02   2.2142822e-01  -1.2605977e-01   1.3523299e-01  -4.2461986e-01  -3.5396744e-01  -7.3483980e-02  -1.2836017e-01   3.9839905e-01   2.3772038e-01   1.7211747e-01   1.3389973e-03   2.2764237e-01  -2.3550088e-01   6.2981187e-01  -4.7332241e-02   1.2934702e-01   2.6360564e-01  -7.5836188e-02   1.2178206e-01   1.8652199e-01  -3.6730698e-01  -2.2668025e-01  -2.1726800e-01   4.9233387e-01  -1.5711429e-01  -4.7073176e-02   4.7152078e-03   3.9467106e-01   1.6652847e-01   1.0348688e-01   2.3541589e-02  -1.7377398e-01  -2.2133448e-01  -1.4764528e-01   1.6909803e-01   2.9447810e-01  -2.4290464e-02  -2.7195240e-01  -7.5983691e-02   6.5226170e-01  -3.6473595e-01  -1.4542607e-01  -4.5406905e-01   4.6061130e-01   5.0967448e-01  -1.2376294e-01   1.3567379e-01  -2.1243738e-01   6.5931915e-02  -2.7332482e-01   2.8250733e-01  -2.5938557e-01   5.6624385e-02  -8.5171869e-02  -1.5668147e-01   1.0537551e-01   1.8385522e-01  -1.1203574e-02  -9.9044960e-02  -2.8390567e-01   6.4202491e-02   1.6429342e-01   2.1273048e-01   2.6023432e-01   5.0933666e-02   4.8618127e-01   6.3649456e-01  -1.6289775e-01   1.4019524e-01   1.0961260e-01  -6.0970595e-02  -3.9841845e-01  -7.8964902e-02   4.7414544e-01   1.7820293e-02   2.1249059e-02  -3.5046608e-01  -5.2318716e-02  -2.1275377e-01  -2.2724804e-01   2.9111728e-01  -4.9263874e-01  -2.9272633e-01   2.6823496e-01   6.3653750e-01  -3.2099330e-01  -8.7014862e-02   6.3466126e-02   1.1555456e-01   9.8261567e-02  -1.7640657e-01   3.6904486e-01   7.3941010e-02  -1.6435693e-01   2.5291541e-01   3.8203568e-01   5.4537089e-03  -2.2465210e-01   2.4652961e-01  -3.4760261e-01   5.7302440e-02  -1.4767942e-01  -2.7204117e-01   2.9108091e-01  -6.1306899e-02   1.2060362e-01  -1.2709333e-01  -1.9974316e-01   3.1209883e-02  -2.4577258e-01   1.4687501e-01  -2.5467061e-01  -1.7708486e-01   1.6695938e-01   1.9662325e-01   2.6099518e-02  -2.2018889e-01   3.5738062e-01  -1.9369891e-01  -1.2793801e-01   4.4942232e-01   3.5551549e-01   6.1393589e-01  -2.1621636e-01   4.4115189e-02  -1.6569546e-01   3.3465095e-01   1.8734026e-01   5.1012479e-01   1.1122065e-01   2.3596118e-01   3.0118631e-02   5.1845389e-01  -4.0218405e-01   5.0139416e-02  -2.3284646e-01   4.6169413e-01  -4.3150515e-01  -3.8436039e-02   3.2064902e-01   5.5226452e-01  -1.1436402e-01   2.3013734e-01   4.1173048e-01   4.3436937e-01   8.7444933e-02  -3.2153345e-01   5.9949985e-03   1.0024656e-01  -4.9042164e-02  -2.1727750e-01
   3.0747114e-02  -2.9684195e-01  -3.3408436e-02   3.7576906e-02  -1.8807216e-01   3.5645261e-01   2.7075022e-01   2.1056801e-01   8.5931117e-02  -1.6854532e-01   0.0000000e+00  -1.0924274e-01  -2.4237345e-01   3.4376884e-01   6.5115002e-01   2.2603487e-01  -3.1565231e-02   2.5520657e-01   3.1507841e-01  -5.0386609e-02   3.4666334e-01   1.4715366e-01   5.4143767e-01  -5.3889657e-01   6.0112194e-02   6.6503472e-02   7.5060327e-02   3.0999154e-01   4.5612813e-02   1.3699322e-01   4.8236390e-01   4.8687249e-01   3.2015137e-01   2.6960911e-01   2.3248520e-01   2.7550668e-01  -1.7900300e-01  -4.1917159e-01   4.6625076e-01  -1.6291633e-01   2.3340651e-01   2.6183993e-01   9.6623569e-02   4.3286199e-01   4.4123823e-01   1.0840520e-01   7.2378873e-01   2.5554764e-01  -2.2980994e-01  -4.2606147e-02   6.9649353e-01   2.1176309e-01   1.9436476e-01   1.8315898e-01   2.4691680e-01   3.5494914e-01   2.4945117e-01   5.3358083e-01   6.0841046e-01   3.9701153e-01   3.5997026e-01   1.1473553e-01  -1.1635898e-01   5.8180136e-01  -7.2170187e-02  -4.3153989e-03   3.6942748e-01  -1.6444829e-01   5.8845853e-01  -3.4873842e-02  -3.9476870e-01   5.4519823e-01   3.2348108e-01   2.5662640e-01   9.3451800e-02   1.8457554e-01   2.7377706e-01   3.0370539e-01   7.4698043e-02   3.7286462e-01   4.0601436e-01  -2.7909501e-02   8.7485665e-03   2.7761244e-01   1.7123810e-01   1.5361828e-01   1.7372636e-01   1.3185282e-01   1.5753491e-01   2.7320826e-01   4.0714068e-02   1.9871407e-01  -6.0103732e-02   5.2008946e-01   2.4324522e-02  -3.0423772e-01  -1.5182469e-02   2.5164956e-01  -3.8565441e-01   3.2746170e-01   6.8058607e-02   3.8387996e-01   4.4872665e-01   3.5477197e-02   6.6368318e-01  -1.0618516e-01   4.6918473e-02   3.6084721e-01  -3.6427032e-02  -1.7717212e-01  -1.3011865e-02   4.3784330e-01  -3.1948168e-01   1.5964498e-02   1.8559645e-01  -2.9650197e-01   3.6612749e-01   2.6352757e-01   1.9649666e-01   5.8921686e-01   1.3941392e-01   1.2248124e-02   7.6178960e-02   1.8533148e-02   3.5916663e-02   1.4963206e-01   5.5301329e-01  -9.9684637e-02  -1.6393886e-02  -2.9856555e-01  -1.7571984e-01   4.8480132e-01  -7.6302577e-02   2.1741121e-01   2.8143109e-01   2.4996857e-01   3.0150674e-01   2.1732680e-01   1.3989775e-01   8.0632817e-02   5.5835259e-02  -4.4020905e-01   6.1375066e-01  -9.7245260e-02   5.4057591e-01   2.4392854e-01   5.0599788e-02   7.0248689e-02   1.0922483e-01   2.2622697e-01   2.8518665e-01   3.0577699e-01   3.1633186e-01   4.6895376e-01  -2.4032763e-01  -5.8741108e-01  -1.3444035e-01   4.3934356e-01   5.4472486e-02   3.1502044e-01   3.8087688e-01   6.3241110e-01  -7.6386971e-02   8.8652378e-02   4.2329819e-01  -2.5672954e-01   1.8025622e-01   3.6038225e-01   1.7952343e-01  -3.6816214e-01  -2.1683982e-01  -5.0774803e-01  -7.7142184e-02  -7.2023138e-02   3.6693059e-01  -7.2627197e-02   7.6315858e-02
   1.7281419e-01   6.5783342e-01   6.9762319e-01   9.0511635e-02   2.2593031e-01   2.8402540e-01   5.7840263e-01   1.5994067e-01   1.7579370e-01   4.6758124e-01  -1.0924274e-01   0.0000000e+00  -7.0791543e-02  -2.6097487e-01  -9.3082502e-02   2.9974394e-01   5.5684660e-01  -7.6157661e-02   3.2807946e-01   2.5890154e-01  -5.7196457e-01   8.9256079e-02  -3.4553250e-02   1.4386842e-01   1.6337358e-01   4.2424962e-01   4.4324537e-01   3.8940231e-02   2.7937999e-01   6.3010381e-02  -2.9823474e-01  -1.9820501e-02   2.7195529e-01   3.1966560e-01   3.7235841e-01   4.0503648e-01  -4.8644538e-01  -1.6186144e-01   7.8449886e-02   4.9953958e-01  -2.3349565e-01   3.8546334e-01   5.1714459e-01   4.5356140e-02   1.4199678e-01   6.1904978e-02  -9.0712812e-02  -1.1050312e-01  -3.7491265e-01   4.3469053e-01   2.5522787e-02   2.7147977e-01  -3.0386082e-01   6.0678920e-01   3.0658745e-01   2.1984601e-01   2.8709241e-01  -8.6926601e-03  -8.9878207e-02   2.7419928e-01   2.6197757e-01   5.0783355e-01   2.9306136e-01  -3.6766806e-01   3.2525383e-01   5.7537202e-01  -1.1301728e-01   1.1847360e-01  -2.0049900e-01   5.4635191e-01   4.2770653e-01  -6.2397446e-02   2.1619474e-01   1.7266443e-01   4.2243125e-01   4.7781628e-02   1.6244455e-01   7.5002455e-02   2.7996280e-01   3.2189883e-01   1.1355106e-01   1.7302322e-01   9.9034310e-02   3.2268478e-01  -2.9504961e-02   1.1567784e-02  -1.5617975e-01   2.9806845e-01   5.0748949e-01   6.9025676e-02   3.1849798e-01   4.9203684e-01   3.2012350e-01   1.0666824e-01  -2.0185435e-01  -1.6585985e-01   4.4979412e-01  -2.4381644e-01   1.4071653e-01   4.1010607e-01  -1.5501486e-01   3.9022501e-01  -9.7683568e-02   4.3096469e-01  -2.0106038e-01   8.1447376e-02   5.6742058e-01  -2.5680893e-01  -5.6921812e-01  -6.2905925e-02   5.2774280e-01  -5.9132494e-02   1.6820932e-01   3.9323600e-02   1.4670339e-01   5.5953630e-02   3.0007755e-02   4.1424153e-01  -4.7429824e-03  -3.3484932e-02   8.4104842e-02   5.8585283e-01   5.2476086e-01  -2.5182376e-02   9.3577948e-02   1.4009783e-01   3.1573522e-01  -2.5575646e-01   1.2964668e-01   4.3499761e-01  -1.4046455e-01  -7.7876138e-02   1.7934671e-01  -3.6300758e-01   3.0586184e-01   6.1291062e-02   3.8459431e-01  -3.4200776e-01   1.3402083e-01  -7.3667245e-02   2.5573136e-01  -3.2695514e-01  -1.4371143e-04   4.5758924e-01   5.2018986e-02  -2.0121615e-02   5.1294393e-01   2.4180749e-01   3.2364643e-01  -3.4168600e-01   2.4267417e-01  -3.3759307e-01   3.8115215e-01   2.1432344e-01   6.1049114e-01  -1.3233308e-01   3.9929868e-02   2.3003777e-01   5.2123045e-01  -1.1623864e-03   1.3673684e-01  -1.6452904e-01   2.8625127e-01  -1.3223458e-01   3.0018631e-02   3.2189505e-01   5.7925188e-01  -1.0414852e-01   4.8055497e-01   1.7935999e-01   6.7581978e-01  -1.2227716e-01   9.3429446e-02   9.4696462e-02   3.2522811e-01   2.1778137e-01   1.8194736e-01
  -2.2386393e-01  -1.2467847e-01  -4.6609408e-02  -1.0678303e-01   7.5671157e-02  -1.9034769e-01  -2.2207187e-01  -2.2365720e-01  -2.4863573e-01   2.4395805e-01  -2.4237345e-01  -7.0791543e-02   0.0000000e+00   2.6748686e-01  -1.6287269e-01  -2.4817123e-01   2.9725829e-03  -3.5700862e-02  -1.2909086e-01   2.1374901e-01   2.0031451e-01  -2.7253350e-01   3.4368643e-02  -1.2751824e-02   1.2570098e-01  -3.3102145e-01  -2.6819342e-01  -8.0180428e-02  -1.5072692e-01  -2.0059932e-01   6.7655980e-02  -2.1184390e-01  -3.6599262e-02   6.2186729e-02  -2.6391159e-01  -7.5471426e-02   3.5675611e-01   1.0725016e-01  -1.3747812e-01   2.7033525e-02   5.4332791e-01  -3.2427269e-01  -3.5774376e-01   1.5207956e-01  -2.6461192e-01  -1.9645569e-01  -1.7939973e-01  -7.5470784e-02   2.7859002e-01   4.2436714e-02  -2.9121683e-01  -2.9306990e-01   4.2427585e-01  -6.2033792e-02   3.7588790e-02   7.6779934e-02  -1.9620367e-01  -2.6768079e-01  -1.5977541e-01  -3.8809624e-01   6.5710336e-02  -6.6445628e-02  -2.7078134e-01   1.1102998e-01  -2.4071108e-01   5.5234696e-02  -1.5754209e-01   6.1878497e-02  -2.1255220e-01  -2.3268208e-01   8.7516066e-02  -2.8019460e-01   1.2635946e-01  -1.6199395e-01  -3.7639772e-01  -1.6694118e-01  -1.4577597e-01  -1.9509076e-01  -1.7353730e-01  -1.8685283e-01  -2.3893527e-01  -1.0506403e-01   3.2381199e-01   1.2921493e-03  -8.4654589e-02  -2.0303302e-01   3.0979006e-01  -8.7618814e-02  -2.0505725e-01   1.3678409e-01  -3.0113525e-01  -1.3893140e-01   3.6573183e-01  -5.0356572e-01   8.6046878e-02   6.4541478e-02  -8.6478429e-02  -3.3638167e-01   1.5798185e-01  -5.6471673e-02   2.5308403e-01  -3.9497677e-01  -1.7669388e-02  -3.4051045e-01  -2.6802565e-01  -1.4804077e-01   5.4487903e-02  -3.3146156e-01   1.7931301e-01   3.3457772e-01   1.9427597e-01  -3.0040399e-01   1.4171313e-02   1.1485703e-01   5.7982953e-02  -7.6252261e-02  -1.3153638e-01   3.2171921e-01   3.3374830e-01  -3.2267388e-01  -4.7753731e-02  -4.9621181e-02  -3.5132040e-01  -8.5826345e-02   1.1770257e-02  -1.2524221e-01  -2.9859906e-01   2.4591221e-01  -1.8312408e-01  -1.1335573e-01   1.2507755e-01   1.2213478e-01  -8.5238402e-02   3.1865084e-02  -3.0164252e-01  -1.5568198e-01  -3.4622713e-01   2.5625637e-01  -2.1944132e-01   3.4638217e-01  -8.2034596e-02   7.3622604e-01  -1.7485987e-01  -1.8049945e-01  -2.2971278e-01  -9.4235256e-02   2.0869408e-01   7.9726666e-02   1.0618015e-01  -4.3550718e-02   4.9540034e-02   2.4357289e-01  -2.0532154e-01  -2.7922726e-01  -1.5360535e-01   2.4049445e-01   5.0498302e-02  -2.1381897e-01   7.5973242e-02  -8.2061302e-02  -2.1292378e-01  -1.0123343e-01   1.1110056e-01  -1.2647544e-01  -2.5288924e-01  -3.9139533e-03  -1.2050648e-01   1.3130412e-01  -1.6244360e-01   6.4794969e-02  -2.0180464e-01   2.9738776e-01  -1.1747801e-01  -2.1103556e-01  -2.6452696e-01   1.2838492e-01  -2.0572629e-01
  -1.0077218e-01  -4.3602902e-01  -2.6654204e-01   1.2548362e-01  -5.2701635e-02   8.9628907e-02  -4.4419832e-02   9.2375982e-02  -2.3591802e-01  -2.6579255e-01   3.4376884e-01  -2.6097487e-01   2.6748686e-01   0.0000000e+00   4.2835860e-01  -1.2788946e-01  -1.2461127e-01   1.9548171e-01   8.8980193e-02  -1.0783321e-01   4.2927859e-01   4.2105924e-03   3.1641811e-01  -3.9792046e-01   2.0354589e-01  -2.2662811e-01  -2.7686466e-01   5.6668352e-01   5.7179823e-02   6.0294458e-02   4.1389555e-01   1.8578385e-02   2.0642638e-01   7.9419420e-02  -2.5775375e-02   1.4343284e-01   1.0712859e-01  -2.9577820e-01   9.3109942e-02  -4.6696375e-01   1.1041847e-01  -2.2964844e-01  -2.6788983e-01   5.1783898e-01   2.4305126e-02  -2.1089550e-01   3.8276757e-01   2.2520812e-01   6.1627406e-02  -2.2643398e-01   1.2994547e-01  -1.0042399e-01   3.0173281e-01   5.2688959e-02   3.5839479e-01   3.3803491e-01   1.1270102e-02   8.3271462e-02   2.3745765e-01   8.2851328e-03   2.6133214e-01  -1.3847782e-01  -3.8046008e-01   5.3903664e-01  -1.3195286e-01  -1.8724197e-01   2.3512627e-01   2.9524088e-02   3.4354951e-01  -4.3526816e-01  -4.0127412e-01   1.0136982e-01  -5.0693347e-02   3.2327119e-01  -1.2975675e-01   8.7784391e-02   6.7934731e-02   3.9744860e-01  -1.8566098e-02   4.6189716e-02   2.4133310e-01  -3.6253022e-01   1.1775032e-01   3.5476822e-01   2.7725400e-01   3.3331576e-02   4.2625126e-01   1.4771453e-02  -2.3494521e-01   2.0718528e-02  -1.2787143e-01  -1.0954799e-01   1.0493407e-01  -1.8965703e-01  -2.8553571e-02  -1.5299178e-01  -5.2639862e-02   1.4248428e-01   3.4033426e-02  -2.4804566e-02   3.9545026e-01  -3.4231563e-02   5.9774140e-01  -3.4742157e-01   1.8235202e-01   5.2236794e-03   6.7320097e-02   1.0269390e-01   3.0486745e-01  -1.6346904e-01  -9.1812498e-02   7.2391095e-02  -6.0481476e-02   7.2844766e-02   3.4755749e-01  -2.4597856e-01   2.8214990e-01   1.9923398e-02   5.9440754e-01   1.4672218e-01  -1.9864001e-01  -3.9445452e-02  -2.5021061e-01   2.1091037e-02  -1.2704441e-01   2.8048895e-01   8.6561442e-02   2.8816217e-01   4.0471300e-03  -3.3047364e-01  -2.1709536e-01   2.1121473e-01   2.3954556e-01   8.4212160e-02  -2.0514169e-01   1.7583170e-01  -1.7435274e-01   5.7945840e-01  -5.3919229e-02   4.1026312e-01   2.7470645e-02   9.3554648e-02   2.8558167e-01  -2.8431020e-01   1.4284856e-01   5.5577027e-02   1.0014989e-01  -1.1056005e-01  -9.3917336e-02   1.6401031e-01   3.5443231e-01   6.2380706e-01  -1.6345801e-01  -1.9104103e-01  -5.1226050e-01  -3.9361483e-01  -1.5566076e-01  -9.4582294e-02  -4.8558984e-02   4.4246313e-01   2.5587189e-02   3.3831786e-01  -2.1968624e-01   1.6294126e-01  -4.9673680e-02  -2.9346364e-01  -1.9458035e-01   7.0134830e-01  -1.3153968e-01  -3.8938208e-01  -3.5214242e-01  -2.2035687e-01   1.0523710e-01  -2.2292778e-01   7.5007661e-02   2.1495889e-01  -2.0161098e-02
