   0.0000000e+00  -2.3847781e-01   6.2775974e-02  -1.1066225e-01   6.1701422e-02  -9.4868302e-02  -4.1338026e-01   8.2096505e-02  -6.1981751e-01   8.0715166e-04  -4.0490979e-01  -1.9639556e-01   3.2144209e-02   9.4483260e-02  -4.7118693e-01  -1.7401052e-01   3.3740263e-04  -9.0301476e-02   3.9184328e-01   3.6055056e-02  -2.8654707e-01  -1.6333057e-02  -4.4425689e-01   6.9742635e-01   1.9756936e-01   2.7369211e-01  -1.3110833e-01  -5.2536520e-02   8.3434208e-02  -1.4903101e-01  -5.8185599e-01   1.1075146e-01  -1.6293031e-01  -5.6166419e-01  -4.1161173e-01  -1.8234351e-01  -2.2757907e-01   2.9455278e-01  -1.5281048e-01  -7.0019602e-02  -7.0573906e-02   1.2900640e-01  -3.7167526e-01  -8.9916681e-02  -2.5410331e-01   2.6422835e-01  -8.6088214e-02  -3.0039621e-01  -9.2754902e-02   4.2189273e-02  -2.6373300e-02   1.0323358e-01  -2.6448769e-01   3.0780108e-01   2.6145989e-01   2.9814004e-03   1.0454177e-01  -1.0962427e-01  -1.7761378e-01   6.5665385e-02   7.6004431e-02  -1.7174906e-01  -3.4220518e-01  -5.6711937e-01  -4.0947463e-01  -3.2844714e-01   3.1856726e-02   1.3621665e-01   1.4092834e-01   1.1796478e-01  -5.2085487e-01  -4.4188186e-02  -3.1913922e-01   3.3082595e-01  -2.0062382e-02  -1.4713793e-01   1.1026698e-01   2.7887472e-01  -3.8257155e-01  -2.5559849e-02  -5.7201592e-02  -2.7057109e-01  -1.4380904e-01   4.7238792e-01   4.9113116e-01  -1.7045396e-01  -2.9225619e-01   3.5414094e-01  -9.1148314e-02   7.8877919e-01   4.9525020e-02   3.5700093e-01  -4.0705950e-01  -2.0841626e-01   3.5202446e-01   7.1944432e-02  -6.6073341e-02  -3.4376344e-02  -1.6293138e-01  -1.4267837e-01  -3.0258628e-03  -5.7655661e-01  -5.7125793e-03  -3.4290032e-01  -1.1475693e-01   4.1587411e-02   1.0737720e-01   6.3366009e-02   7.6329878e-02  -1.5792163e-01  -3.1381352e-01   6.2979733e-02   1.1223253e-01   8.2602915e-01   1.0787903e-01  -9.1053584e-02   9.4114104e-02  -1.4123400e-01  -3.8182985e-02  -1.0592752e-01   5.0219513e-01  -8.2740190e-02  -6.2940859e-02  -2.2007721e-01   5.2912570e-01   7.9678364e-02  -2.4647509e-01   2.4473985e-01  -1.7379818e-01   7.7083078e-03  -1.6875260e-01  -5.6773064e-01   1.4530977e-01  -1.7577341e-01  -2.7044502e-02  -1.4959550e-01   2.6239598e-01  -4.0385553e-01  -2.0557547e-01   6.4661357e-01   3.6622346e-01   5.9446625e-02  -9.3556239e-02   2.4217772e-01  -1.0250158e-01  -2.9034441e-01  -4.5842748e-01  -1.3587196e-01  -2.8749645e-01  -1.7827297e-01   6.5184070e-01   1.6891488e-01   5.4598656e-01  -4.5953343e-01  -1.4969780e-01   6.8023683e-01   5.6463176e-01  -1.2148616e-01   3.3861594e-01   1.1070009e-01  -6.1413501e-02  -1.5402335e-01  -1.1047520e-01  -1.7450343e-01   6.2772156e-02  -2.3843808e-01  -4.6180613e-01   2.7581130e-01   6.5463726e-01  -3.5769966e-01  -2.0811035e-01   5.0074036e-01  -1.9680476e-01   3.5901439e-02   2.3334908e-01  -1.0097494e-01  -5.5572786e-02
  -2.3847781e-01   0.0000000e+00   1.5430566e-01   3.6227401e-01   1.5819242e-01   7.0993475e-01   6.5075439e-01  -5.2598710e-01   6.8504404e-02   1.6908594e-01   2.9956032e-01   2.7144567e-01   1.0491448e-01   5.5058260e-01   4.0066144e-02   6.2809918e-01   2.0814871e-02   4.6859407e-01  -2.5487640e-01   7.2438835e-02   3.0666723e-01  -2.6846677e-01   2.4266324e-01  -4.0571452e-01  -8.8111862e-02  -4.4706845e-01   4.5815641e-01   1.4466132e-01   3.1799955e-01   2.6446953e-01   2.8159230e-01  -1.0460017e-01   6.0894689e-01   2.6985247e-01   3.7626369e-01   3.5481825e-01   1.8884160e-01  -1.9667652e-01   6.4427825e-01   5.2204075e-01   4.6730789e-01   2.1410450e-01   8.9963555e-02   2.4940013e-02   4.7973458e-01  -5.3198290e-01   4.1299616e-01   6.4477813e-01  -7.1495972e-02   4.7958673e-01   5.6914122e-01  -4.3664983e-01   2.3188043e-01  -1.3620352e-02   4.4685054e-01   3.8110038e-02  -1.1896050e-01  -3.8598120e-01   3.6923991e-01  -4.1720990e-01  -4.2317012e-01   4.4132069e-01  -1.4086024e-01   2.4609824e-01   1.9565680e-01   1.6080747e-01   5.9557845e-01   1.8643716e-02  -2.9086768e-02   1.4947981e-01   5.3990395e-01   1.6171673e-01   5.3422407e-01  -3.0189241e-01  -2.1793134e-01  -3.6259786e-01  -4.3459868e-01  -1.5889835e-01  -6.2101677e-03   2.6406054e-01  -3.6090954e-02   4.7137040e-01   1.4346308e-01  -4.2010153e-01   1.2925767e-01  -3.1027567e-01   2.3567381e-01  -8.8411172e-02  -4.0980319e-02  -1.6141417e-01  -1.5687761e-01  -4.4159375e-01   4.1752722e-01  -3.8791640e-01  -1.9049610e-01   2.4181610e-01   2.4252574e-01  -3.9379449e-01   4.0233665e-02   4.0120335e-01   2.4528801e-01   3.3182505e-03  -1.9824106e-01   5.4797502e-01   3.2394509e-02  -1.5262224e-01   2.3116436e-02  -1.5477720e-02   6.7542860e-02   3.8874220e-01   2.4209442e-01  -3.1119535e-01  -3.7130507e-03  -1.2665410e-01   1.1137819e-02  -4.7494302e-01  -2.0927038e-01   5.1273733e-01   5.4013317e-01   2.8419938e-01  -4.9369784e-01   9.2618816e-02  -1.4687549e-01   2.7745220e-01  -5.7809731e-01   8.9116373e-02   1.8274240e-01   1.8539912e-01  -1.7097122e-01   4.2944299e-01   4.0777525e-01   1.2572108e-01  -1.5034432e-01   3.8977691e-01  -2.5199534e-01  -3.6151173e-01  -4.5118304e-02   4.0098394e-01  -4.0306850e-01  -2.6234555e-01  -5.0822511e-02   2.7416224e-01  -9.4460741e-02   6.5909753e-01   2.5514011e-02   1.9120170e-01   7.0675228e-01  -1.6877517e-01   1.2977161e-01   2.3117607e-01  -2.7157158e-01  -2.8108573e-01  -3.1198166e-02   1.6115606e-01   6.3586215e-01  -3.7829824e-01  -5.2075983e-01   4.5574075e-01  -4.6651362e-01  -4.2910322e-01   1.7149665e-01  -1.9695148e-02   2.1521013e-01   2.4642441e-01  -2.2429165e-01  -1.3560698e-01   3.0769746e-01   4.6963024e-02  -9.1941177e-02  -2.9815208e-01  -4.9452477e-02  -2.9223796e-01   1.2333032e-01   7.9128004e-01  -2.8078398e-01   3.4775183e-01  -2.8539078e-01
   6.2775974e-02   1.5430566e-01   0.0000000e+00   7.6482795e-02  -8.3899093e-02   1.7699843e-01  -1.6616305e-01   2.5831064e-01   3.0450699e-02   1.2482728e-01   5.1543082e-02   2.9680452e-01  -2.1346551e-01   8.4520940e-02   1.8032390e-01  -2.1326296e-01   7.8016604e-01  -1.6124869e-01   3.6882800e-01  -2.1288705e-01  -1.2864255e-01   2.2993332e-01  -2.3266183e-01   2.6309039e-01   3.1553262e-01   4.8214968e-01  -1.0391114e-01   5.0790636e-01   4.8935502e-02   1.9071878e-01  -2.5984168e-03   3.6909512e-01   2.0779805e-01  -2.0827535e-02  -7.1050764e-02  -1.3371463e-01  -6.6516323e-01  -2.7042978e-01  -2.6701805e-01   1.9458639e-01  -3.4500206e-01   3.4951393e-01   2.7319313e-02   4.7385186e-01  -1.1197683e-01   3.3550940e-01  -1.1122839e-01  -2.3555032e-01  -4.9079773e-01   6.0975190e-01  -6.3625222e-02   4.1876805e-01  -4.6481789e-02   4.9269670e-01   1.0288719e-01   4.8916785e-01   4.4375923e-01   2.9688934e-01  -9.2170637e-02   3.0280032e-01   2.7322747e-01  -1.2677854e-01   3.4840589e-01   1.0937487e-01  -2.8609901e-01  -2.8328895e-01   2.8850615e-02  -2.6502738e-03   1.1508228e-01   6.5604346e-01  -3.7624124e-02  -8.1396258e-02  -2.4004643e-01   3.5521759e-01   3.7172439e-01   3.0723932e-01   3.2308728e-01   2.2194709e-01   3.9882177e-03   2.6522377e-01   4.8198828e-01  -1.9659437e-01   1.8397982e-01   4.9079933e-01   4.2827330e-01   4.5915240e-01  -3.5801975e-01   3.2863234e-01   1.1145757e-02  -1.0585121e-02   2.8644205e-01   6.1141998e-01   2.2076134e-01   3.2899121e-01  -2.3820701e-01  -3.6220307e-02   3.6178820e-01   3.5587319e-01  -1.7745412e-01  -7.6919306e-02   4.9339968e-01   2.6564323e-01   3.6008369e-01   6.2334898e-02   3.5240618e-03   2.2270666e-01   5.1464239e-01   3.9014115e-01  -2.7494510e-02   1.0251979e-01   3.3497879e-01   4.0754258e-01   4.9945652e-02  -5.9498217e-02   3.1518063e-01  -1.8050220e-01   4.7158326e-01  -1.6890421e-01   4.1740324e-01   9.0413079e-02   3.4623833e-01   3.8311192e-01   2.8366434e-01  -2.3318817e-01   1.3772107e-01   3.3530740e-01   2.8268545e-02   3.5715835e-01   2.3153783e-01   6.0838263e-01  -2.1604809e-01  -1.6478710e-01   4.6040466e-01  -4.3485073e-02   2.7470094e-01   2.5151762e-01   4.6846874e-01   1.8940028e-02   3.7260807e-01   9.9288802e-02  -6.1499229e-02  -3.7495480e-02   3.8469705e-01   2.5901444e-01   1.1446118e-01  -1.6638219e-02   1.7482397e-01  -2.0498592e-01  -1.9519659e-01  -2.0843003e-01   4.3077532e-01   3.2641886e-01   2.6509369e-01   5.6012229e-03   5.0348434e-01   2.2954115e-01   3.4556740e-01  -9.3417482e-02   5.0580968e-01   4.7622122e-01   2.2908928e-01   4.4570914e-01   1.0704712e-01  -6.2580524e-02   3.3317289e-01  -2.8676281e-01   2.3846524e-01   3.1033524e-01   2.9980177e-01  -4.8298680e-02  -1.2739463e-01   3.4050777e-02  -1.1992038e-01   1.0192928e-01   3.0267818e-01   6.0533541e-02   2.3191511e-01
  -1.1066225e-01   3.6227401e-01   7.6482795e-02   0.0000000e+00   3.7913351e-01   4.8436124e-01   2.6052899e-01  -3.7214601e-01  -7.2647243e-02  -4.6087604e-02   4.3540496e-01   2.3126159e-01   3.9256692e-01   9.1333976e-02   1.1904378e-01   2.7425214e-01   1.1680326e-01   6.6693376e-01   1.1049483e-01   3.7650990e-01   1.9457273e-01   2.7958840e-01   5.5839904e-02  -2.1903294e-01   3.9167877e-01  -2.8084103e-01   3.6965642e-01   1.3505458e-01   3.9773111e-01   5.0368100e-01   2.7952763e-01   4.3894817e-01   5.8615005e-01  -5.8698360e-02   2.6429223e-01   4.6226195e-01   3.7409940e-02  -3.3913750e-03   2.9519845e-01   2.0925500e-01   3.9806955e-01   4.8962066e-01  -1.3523852e-01   1.1957808e-01   4.4280236e-01  -1.7028908e-01   6.0924483e-01   2.8046163e-01   8.6850353e-02   3.8209068e-01   5.4565922e-01  -3.7612958e-01   1.2957533e-01   4.3250733e-01   1.4154732e-01  -6.7982096e-02   3.7011012e-01   1.3304821e-01   5.9900666e-01  -6.1006960e-03  -1.7809128e-01   5.5640556e-01  -8.9422033e-02   4.4334596e-02   4.1606526e-01  -1.4378846e-01   5.1003548e-01   1.2688846e-01   6.7078145e-01  -2.5659623e-01   6.0035874e-02   6.5873501e-01   2.4447088e-01  -2.4907900e-01   2.5069213e-01  -1.5756471e-01  -1.8752347e-01   8.6028371e-02  -1.6549217e-02   7.4074394e-01  -1.7461653e-01   2.1412167e-01   2.4454537e-01  -2.2011115e-01   5.6797594e-02  -1.0380493e-01   1.4075491e-01  -1.5632093e-02   1.7025277e-01  -5.6742064e-02   9.8956207e-02  -1.8187204e-01  -9.2829336e-03  -8.8252637e-02   3.9546223e-02   1.9382814e-01   5.0530196e-01  -3.3031429e-02   5.2004191e-01   1.2168878e-01   5.0999242e-02   1.6865257e-02  -1.7340907e-01   2.8543095e-01   5.4538136e-01   5.5301895e-01   3.3569181e-01   4.7375441e-01   3.3634247e-01   5.2985474e-02  -6.4897089e-03   4.9287049e-02   5.3838044e-01   7.7021435e-02  -1.8120737e-01  -3.6965093e-01  -2.1191648e-01   3.8755619e-01   2.9369290e-01   7.8648496e-01  -4.2838229e-01   3.4491145e-02   4.0259305e-02   3.2289568e-01  -1.9621799e-01   9.4351467e-02   2.3140031e-01   4.4788693e-01   3.6750969e-01   2.6775485e-02   3.1539005e-01   1.0840547e-01  -5.8170984e-02   3.7417554e-01   2.4710366e-01  -3.0889691e-01   2.6701541e-01   1.0597926e-01  -2.2971714e-01  -3.6463784e-02  -1.0450532e-01  -2.8507058e-02   3.4214461e-02   2.1652391e-01   1.5862679e-01   2.7853504e-01   2.0633210e-01  -2.8603625e-01  -1.4818755e-01   1.7163456e-01  -2.0143233e-01  -2.0067130e-01  -1.5551148e-02   2.2275994e-01   6.6738473e-02  -1.4937189e-01  -2.9683027e-01   3.8894295e-01  -7.3548375e-02  -2.8810206e-01   4.0710637e-01   1.4528020e-01  -6.7427946e-02   7.0639168e-01   2.4596014e-01  -3.6881828e-01   1.0759818e-01   1.5115952e-01   1.1480862e-01  -1.0056371e-01  -2.3740261e-01  -2.6925470e-01   4.7195155e-01   2.6295794e-01   1.7477065e-01   5.6241101e-01   4.6201175e-01
   6.1701422e-02   1.5819242e-01  -8.3899093e-02   3.7913351e-01   0.0000000e+00   3.3960114e-01   1.5061190e-01  -4.5759544e-01   1.6878457e-01   4.3583400e-01   8.4299375e-02  -1.1158358e-01   5.5757560e-01  -2.1976207e-01  -1.2145207e-01   2.4502527e-01   1.0452949e-01   4.8959432e-01  -9.0210483e-02   5.8003590e-01   4.0897475e-01  -1.3316273e-01   5.0700180e-02  -1.9059064e-02   7.8800433e-02  -2.9809722e-01   5.5895904e-01  -2.9138484e-01   2.9502012e-01  -2.6329718e-02   8.0452612e-02   1.0113527e-01   2.6266074e-01   2.1919641e-02   4.8666023e-02   6.1258537e-01   3.2331382e-01  -2.6658405e-02   3.2073923e-01   2.8543761e-01   5.7858542e-01   2.7904633e-01  -2.9243048e-01  -1.3687440e-01   5.9794713e-01  -3.2597834e-01   5.1855970e-01   5.2840872e-02   3.6871873e-01   2.0829787e-01   4.9704480e-01  -3.9270253e-01   4.8087561e-01   2.8392407e-01   3.8929056e-02  -4.2291860e-01   5.6536459e-02  -1.5454338e-01   5.0604011e-01  -1.4383373e-01  -4.5601675e-01   6.6904235e-01  -3.4253714e-02  -3.1624371e-02   6.0378112e-01  -2.7652291e-01   5.5651825e-01   1.1624822e-01   4.2440351e-01  -7.5223315e-02   3.1529393e-01   5.5283037e-01   3.5987932e-01  -3.1946774e-01   1.8107042e-03  -3.5542066e-01  -4.1262464e-01   1.8583369e-01   6.3668395e-02   4.6445438e-01  -3.0201861e-01   1.2770231e-01   1.3202394e-01  -2.4774821e-01  -7.6269123e-02  -2.7762088e-01   3.7239582e-01   1.3215192e-01   3.0119386e-01   1.5393347e-01   4.7967220e-01  -3.0373090e-01  -1.7453345e-01  -2.6966866e-01  -6.5389603e-02   7.8833786e-01   2.2402271e-01  -1.8916519e-01   6.8365579e-01   4.3086989e-01  -6.6317000e-02  -2.0295333e-01  -4.5504291e-01  -3.7551437e-02   3.4991730e-01   7.5043815e-02   2.0742396e-01   1.3600937e-01   2.6507160e-01   1.9764154e-01  -4.3888466e-01  -1.4309194e-01   4.2680144e-01   1.5856966e-01  -1.1900052e-01  -8.7525059e-02  -5.9534472e-02   4.8822302e-01  -2.8812850e-02   3.9843166e-01  -2.8275741e-01   4.1072679e-01  -5.8184034e-02   5.8051455e-01  -2.3071075e-01  -7.5295191e-02   4.0368671e-01   1.3155273e-01   2.1490043e-02   1.8681613e-01   3.5174742e-01   1.3692792e-01  -3.4970518e-01   2.5249743e-01  -1.7088571e-02  -4.8930458e-01  -4.0975840e-02   5.6963428e-02  -3.3098505e-01   1.0829613e-01   8.5302433e-02  -2.1549037e-01  -7.5709306e-02   4.0771609e-02   8.7829063e-02   9.4330590e-02   2.4748224e-01   2.4175144e-01  -1.8001594e-01   5.2652992e-01   2.8328041e-02  -3.3815001e-01   4.4878019e-02   3.5603128e-01   2.0798941e-01   8.1019378e-02  -3.0527288e-01   4.3279349e-01  -3.0145514e-01  -2.2968182e-01   4.2571789e-01  -4.2862225e-02   4.5254068e-01   4.2106397e-01  -2.0959061e-01  -1.8451040e-01  -2.9511763e-02   1.4080899e-02   1.6071192e-01   2.7793332e-01  -3.0656249e-01  -3.3532133e-01   6.2484821e-01   1.9743339e-01   1.0072037e-01   6.6727420e-01   1.5864156e-02
  -9.4868302e-02   7.0993475e-01   1.7699843e-01   4.8436124e-01   3.3960114e-01   0.0000000e+00   6.4767119e-01  -5.6879475e-01   8.2502804e-02   6.5286755e-02   2.6472983e-01   1.9342459e-01   1.0582197e-01   3.9891054e-01  -5.3260390e-02   6.3819209e-01   7.3302382e-02   5.6343426e-01  -1.6596620e-01   2.5289916e-01   3.6001053e-01  -2.6649543e-01   2.2197196e-01  -2.8642366e-01   1.5148359e-01  -3.4653763e-01   6.7980112e-01   8.1644790e-02   4.6173778e-01   2.0935499e-01   1.0130860e-01   4.8299076e-02   6.0191742e-01   1.1089859e-01   4.4444846e-01   6.0781123e-01   1.0487458e-01  -1.6958075e-01   6.0936703e-01   6.6665975e-01   4.3212830e-01   4.9669204e-01  -2.4059522e-01  -2.5686636e-02   5.8105243e-01  -3.9796398e-01   6.3265467e-01   5.1734182e-01  -9.9198405e-02   5.7545223e-01   6.8584121e-01  -4.3977280e-01   2.0644227e-01   2.9811252e-01   5.8483943e-01   1.0374321e-02   1.9353200e-01  -3.4087619e-01   4.1262281e-01  -2.9827042e-01  -4.6705400e-01   5.4895004e-01  -3.0893116e-01   6.0038327e-04   2.7366651e-01   3.4705245e-02   8.0947526e-01  -1.2079856e-01   2.9017859e-01   2.2596585e-01   3.6189984e-01   4.2714735e-01   4.1969868e-01  -2.6445792e-01  -1.0140425e-01  -4.8802743e-01  -4.0890782e-01   5.2611460e-02   4.1117541e-02   3.8570271e-01   7.1247517e-04   4.5025525e-01   1.3414449e-01  -3.4885204e-01   2.6344770e-01  -3.2640290e-01   4.5828275e-01   7.1927205e-02   9.8145934e-02   1.0607473e-01   6.3725656e-03  -2.6995999e-01   2.7122481e-01  -3.9183857e-01  -1.8485863e-01   2.9905975e-01   3.3021752e-01  -3.2755252e-01   1.3940517e-01   3.4152247e-01   1.9656327e-01  -1.2777536e-01  -3.6073106e-01   2.5603509e-01   1.4243559e-01  -7.1045741e-02   1.0851535e-01   2.3527675e-01   3.3601749e-01   2.1114441e-01   2.2207696e-01  -1.8534363e-01   2.0612916e-01   6.5424206e-02   4.1551879e-02  -5.8195343e-01   9.0638160e-03   5.8155895e-01   5.0407653e-01   5.1333162e-01  -3.5087935e-01   1.3445423e-01  -2.1787856e-01   2.9309635e-01  -3.4505779e-01   1.7539426e-01   2.4549477e-01   2.6917647e-01  -1.2317868e-01   3.8977881e-01   5.1646994e-01   1.0034619e-01  -2.1706837e-01   3.1086905e-01  -1.1093855e-01  -5.2727178e-01   1.0228647e-01   3.1900082e-01  -4.7316694e-01  -1.7957828e-01  -1.8504801e-01   1.7409929e-01  -4.1458660e-02   7.1640199e-01  -2.1735280e-02   1.6330944e-01   6.3754060e-01  -1.4194342e-01   1.1729466e-01   2.7545195e-01  -1.5212836e-01  -3.1188767e-01   3.1206348e-01   1.2662075e-01   4.8316983e-01  -1.7647147e-01  -4.7513051e-01   5.1444927e-01  -3.4246209e-01  -3.2217939e-01   2.4884772e-01   3.6170018e-02   1.5551922e-01   3.6585797e-01  -1.4976101e-01  -3.1463498e-01   3.2609373e-01   1.5606075e-02   1.0598701e-01  -2.9530798e-01  -1.3470137e-01  -2.6624535e-01   3.9337235e-01   6.5634363e-01  -2.5021070e-02   4.9371862e-01  -1.4975487e-01
  -4.1338026e-01   6.5075439e-01  -1.6616305e-01   2.6052899e-01   1.5061190e-01   6.4767119e-01   0.0000000e+00  -4.9389654e-01   1.7081746e-01   1.6310825e-01   3.8858993e-01   3.5210261e-01   5.6064257e-02   4.0120508e-01   3.1700870e-01   5.9074906e-01  -2.1893971e-01   4.7758722e-01  -4.1382960e-01   6.8772272e-02   3.6683769e-01  -2.9794307e-01   6.3618850e-01  -6.0398264e-01  -1.2167894e-01  -4.8009598e-01   4.1634707e-01   5.4843323e-02   3.3397940e-01   2.3637794e-01   3.4790681e-01  -1.6759142e-01   4.6364445e-01   5.3573904e-01   5.7621063e-01   4.0844627e-01   4.4889656e-01  -7.4410406e-02   5.7455228e-01   3.1677288e-01   5.0474273e-01   2.5596229e-01  -1.0541924e-01  -3.9072343e-02   5.9423609e-01  -4.0657367e-01   3.6545527e-01   7.3544787e-01   1.9346226e-01   1.3429422e-01   5.6771065e-01  -4.2139556e-01   2.7418608e-01  -1.8520598e-01   3.5914696e-01   2.3605482e-02  -1.7961445e-01  -2.9474339e-01   2.7852689e-01  -2.5824608e-01  -3.0325876e-01   4.9119993e-01  -2.8040845e-01   1.9117734e-01   4.3867867e-01   2.3478464e-01   4.4535509e-01  -7.0649065e-02  -4.1883507e-02   3.8808973e-02   4.7701516e-01   2.4097903e-01   5.1536695e-01  -3.5926376e-01  -2.9528628e-01  -3.7268831e-01  -3.0271791e-01  -1.8527138e-01  -8.6254972e-03   7.7077302e-02   1.3395157e-01   5.1270154e-01   1.3104703e-01  -5.7711503e-01  -6.6461604e-02  -2.4994608e-01   4.2381140e-01  -2.3744576e-01  -3.2542527e-02  -2.3790330e-01  -1.8459500e-01  -4.8319758e-01   3.3039598e-01  -3.3280195e-01  -7.4192566e-02   2.4811853e-01   1.0091171e-01  -3.7028977e-01   8.4216088e-02   5.4636642e-01   3.9769665e-02   1.6350762e-01  -2.6512583e-01   3.5656832e-01   1.4127685e-01  -2.2438414e-01  -1.4595003e-01  -1.2770487e-01   2.2947523e-01   1.5268444e-01   2.6429016e-01  -2.7017270e-01   1.0843117e-03  -2.6554460e-01   1.1117852e-02  -4.8175606e-01  -1.9003312e-01   5.1884192e-01   3.3887452e-01   2.1593355e-01  -5.3345243e-01   3.6425781e-03  -2.6072058e-01   3.5784404e-01  -4.1579729e-01   1.7402044e-01   4.3457871e-01  -6.6017444e-02  -1.4554237e-01   1.9885428e-01   4.6769046e-01   3.9429860e-01  -2.9076928e-01   3.9397556e-01  -1.3606515e-01  -3.5492888e-01  -1.2489977e-01   4.5549000e-01  -3.3490871e-01  -4.1037762e-01  -2.4485486e-01   1.7409102e-01  -7.9622994e-02   3.8418311e-01   2.3877905e-01   3.5756521e-01   7.5969759e-01  -1.8092006e-01   1.5860231e-01   4.1101075e-01  -4.8067740e-01  -2.5036513e-01  -1.7330625e-01   1.3435861e-01   2.6830586e-01  -4.6649656e-01  -6.0309563e-01   3.8282326e-01  -4.9898754e-01  -3.3959806e-01   1.5965066e-03  -1.5985299e-01   1.3106404e-01   2.6603699e-01  -2.9145334e-01  -8.1122751e-02   4.5632099e-01  -3.2851858e-01  -3.4254741e-01  -1.1455379e-01  -1.0650227e-01  -3.7951303e-01   2.1060599e-01   4.3899013e-01  -2.5890999e-01   1.6231380e-01  -2.5472058e-01
   8.2096505e-02  -5.2598710e-01   2.5831064e-01  -3.7214601e-01  -4.5759544e-01  -5.6879475e-01  -4.9389654e-01   0.0000000e+00   1.0794544e-02   6.1324430e-02  -3.0118148e-02   2.0542332e-01  -4.6962733e-01  -2.7980453e-02   3.5994286e-01  -7.5473900e-01   2.5100965e-01  -5.0445183e-01   5.7725873e-01  -5.6705006e-01  -2.3996281e-01   6.4785086e-01  -2.2469780e-01   3.5591340e-01   4.4607582e-02   8.2998549e-01  -7.9142497e-01   3.9670077e-01  -3.4491876e-01   2.2508105e-01   1.1885380e-01   3.6227659e-01  -4.4210514e-01  -2.0663530e-02  -1.8128729e-01  -5.9634088e-01  -5.0668809e-01  -2.7413779e-01  -7.5875717e-01  -5.9935417e-01  -6.9850059e-01  -3.6659757e-01   2.0592476e-01   5.5482657e-01  -5.3718805e-01   5.4659339e-01  -6.4616213e-01  -3.2716402e-01  -1.3124432e-01  -3.3661235e-01  -5.9540980e-01   8.9214484e-01  -5.0495676e-02   9.3383242e-02  -2.1450959e-01   4.5436784e-01   3.7166770e-01   7.3350083e-01  -6.0657713e-01   6.6551973e-01   5.1681459e-01  -6.3413896e-01   4.3898011e-01   1.9891237e-01  -3.7065890e-01  -3.7090439e-01  -5.4222352e-01  -1.5925653e-02  -1.0194731e-01   1.2598346e-01  -4.1026271e-01  -2.7921675e-01  -6.6507554e-01   6.9837464e-01   4.0851960e-01   8.1469502e-01   4.8752222e-01  -1.3469237e-02  -1.8778316e-01  -2.5469563e-01   5.8279093e-01  -6.5355737e-01   1.5315427e-01   7.4964121e-01   2.2811216e-01   7.6368797e-01  -4.4034331e-01   2.3809283e-01   6.1521347e-02  -1.2200096e-01   1.9711693e-01   6.0957694e-01  -1.7609982e-01   7.1319664e-01  -2.2970526e-01  -3.3454567e-01  -1.8910631e-01   7.7497654e-01  -2.9760136e-01  -2.1396375e-01   2.1105167e-01   3.6667667e-01   8.0159675e-01  -6.3937482e-02   1.3060682e-01   3.4259606e-01   2.6291745e-01   2.6437088e-01  -3.6895775e-01  -1.6651698e-01   9.6598071e-02   6.5159436e-01   2.5081474e-02  -1.2517110e-01   3.9490997e-01   8.7033395e-02   4.0198017e-01  -7.0391963e-01  -3.9978217e-02  -4.0831885e-01   5.1744570e-01   1.1154691e-01   5.2853303e-01  -3.1442336e-01   4.2821385e-01   3.4188991e-01  -1.2757382e-02  -8.0667848e-02   5.3041870e-01  -1.9400292e-01  -6.5963494e-01  -1.0382103e-01   6.3357464e-01  -4.5018627e-02   5.4082921e-01   8.8479495e-01   1.9561750e-01  -1.4005929e-01   8.5094947e-01   2.8007387e-02   1.1064070e-02  -1.6542029e-01   4.1053551e-01  -3.6191126e-01   2.5974263e-01   1.8031057e-01  -4.8136724e-01  -1.1859170e-01  -3.0838742e-01  -2.2237920e-01   3.2679024e-01   8.2658185e-01  -1.5235280e-01  -7.1852033e-02  -2.9282224e-01   2.3251700e-01   5.1789271e-01  -6.9238765e-01   5.5708177e-01   8.1403753e-01  -4.6805810e-02   4.1909559e-01  -5.2609708e-02  -9.1560576e-02   5.3545033e-01  -2.2042885e-01  -1.3852172e-01   3.1451239e-01   5.8679044e-02   1.4509045e-01  -2.4738399e-01   6.6492106e-02  -2.4884441e-01  -4.6339387e-01   3.8296771e-01  -4.3635787e-01   4.9335756e-01
  -6.1981751e-01   6.8504404e-02   3.0450699e-02  -7.2647243e-02   1.6878457e-01   8.2502804e-02   1.7081746e-01   1.0794544e-02   0.0000000e+00   1.0031620e-01   1.4561204e-01   1.3022070e-01  -4.0371844e-02  -1.7774158e-01   2.8037030e-01   6.5432117e-02   1.6994019e-01  -3.4510586e-02  -3.4744357e-01  -9.5163801e-02   3.5929959e-01  -2.2440020e-02   2.5893774e-01  -2.6426644e-01  -1.1360101e-01  -5.9211567e-03   2.0079661e-01  -9.5898601e-02  -1.1314353e-01  -3.6970612e-02   4.6589678e-01  -3.9183874e-02   7.1971524e-02   5.7393197e-01   2.8434442e-01   3.2814017e-01   9.2672228e-03  -3.9808771e-01   8.3286420e-02   1.5986682e-01  -1.2084284e-02  -1.8796756e-01   3.5585887e-01   1.2765891e-01   2.8198202e-01  -1.1533077e-01   7.6244367e-02   4.2979674e-02  -8.2919765e-02  -3.5468833e-03  -8.3566165e-03   4.1915550e-02   5.2661634e-01  -1.5746450e-01  -1.5711340e-01  -8.2761055e-02  -1.4917417e-02   1.2173268e-01   8.2844624e-02   1.3110582e-01  -1.3248269e-01   1.7166096e-01   5.7896858e-01   5.8511291e-01   4.3182904e-01   2.1203463e-01  -2.0185724e-02  -1.1239237e-01  -1.5342799e-01   1.2677902e-01   6.4541794e-01  -5.9201477e-03   2.6590978e-01  -9.6302419e-02   2.2664817e-01   1.6368711e-01  -1.0262627e-01  -2.0963633e-01   5.6583149e-01   8.4565366e-03   8.6985899e-02   1.0539926e-01   1.3123204e-01  -2.0549704e-01  -3.5580989e-01   2.4124456e-01   4.3175573e-01  -4.1377640e-02   4.1005604e-01  -5.3321264e-01   4.4115546e-01  -1.7993287e-01   2.5242929e-01   3.7434484e-01  -4.8480362e-01   4.1055759e-02  -1.8758720e-02   1.7142545e-01   2.6532319e-01   2.8921419e-02   6.0527266e-02   4.9071421e-01  -1.7839617e-02   2.8476994e-01   4.4880382e-02  -6.6030319e-02  -1.4338564e-02   3.2153722e-02  -7.2346112e-02   2.4322620e-01   2.2898556e-01   3.1275734e-02   1.8430462e-02  -5.7462980e-01  -2.9908323e-03   2.2656057e-01   1.8419395e-01   1.9322458e-01  -9.0476139e-02  -2.5500446e-02  -1.8812712e-01   4.4915927e-01   3.4590459e-01   3.2004270e-01  -3.2307807e-01   8.3407594e-02   2.5209575e-01  -2.7989020e-01   1.5271416e-01   1.3182312e-01   1.3733494e-01   5.8902591e-01   5.7550894e-02   4.6124699e-02   1.2875369e-01   1.6010065e-01  -2.1484305e-01   3.5936915e-01   2.6236483e-01  -3.8049450e-01  -9.0525882e-02  -2.1625160e-01   7.3813825e-02  -3.1549737e-01   8.4319936e-03   1.6566447e-01   3.4028136e-01   5.4920470e-01   2.8395586e-01   3.1050367e-01  -3.5614272e-01  -5.1566420e-02  -3.4467358e-01   6.2660636e-01   2.6134064e-01  -3.4749982e-01  -3.2579968e-01   4.7808725e-02  -2.3071346e-01   7.5615256e-02   2.2608937e-01   2.7128213e-01   4.9070670e-01   3.0473226e-02  -1.5758645e-02   9.4023721e-02   4.5485410e-01  -1.0726326e-01  -4.4737903e-01   4.9382533e-01   1.4607952e-01  -5.2100514e-01   3.5571932e-01  -9.4514947e-02   1.0151060e-01   1.9720756e-01   4.6455780e-02
   8.0715166e-04   1.6908594e-01   1.2482728e-01  -4.6087604e-02   4.3583400e-01   6.5286755e-02   1.6310825e-01   6.1324430e-02   1.0031620e-01   0.0000000e+00   8.1685340e-02   2.8290157e-01  -7.1353830e-02   2.7005134e-02   2.8078031e-01  -1.9289427e-01   8.7345891e-02   1.6246092e-01   5.3839093e-02  -1.2506985e-01   4.2747273e-01   8.6379067e-02   5.4838238e-02   2.2970293e-02  -1.8628814e-01   1.2079223e-01  -1.6049382e-02   1.1003775e-01   3.1196433e-02   1.9625057e-01   2.5529343e-01   2.4380259e-01   7.3237298e-02   3.0287103e-01   1.2851417e-01   2.1308175e-02   1.3777991e-01  -6.1736695e-02  -1.3845597e-01  -1.3871905e-02   2.4688565e-01  -1.8289508e-02  -5.2475847e-02   1.8699623e-01   4.0496317e-01   1.8385051e-02  -7.6963275e-02   1.6164475e-01   4.6481109e-01  -1.9928828e-02   2.2618518e-01   8.9127494e-02   5.8296706e-01   2.0618393e-03   4.9409248e-02  -1.6584638e-03  -9.3743927e-03   1.0990498e-01   3.3929807e-02   1.4733556e-01   5.2414911e-03   2.1521624e-01   1.0016196e-01   1.7765307e-01   3.3931463e-01  -6.6389079e-01   9.4266513e-02   1.3810615e-01  -8.8129418e-03   2.2093919e-01   2.0873284e-01   5.1105994e-02   8.8982434e-02   6.6226425e-02  -7.5985652e-02   3.3760527e-02   1.4838593e-02  -2.7401953e-01  -4.2547799e-01   5.9710009e-02   2.7818779e-01  -1.7755731e-01   7.2170565e-02   4.4215555e-02   8.5320297e-02   1.4668640e-01   1.6145751e-01   2.9941801e-01  -7.6881147e-02  -1.0022650e-01   4.5372994e-01  -2.6668796e-02  -1.6735488e-01   8.9704139e-02  -4.0152746e-02   8.0292369e-01   1.2226334e-01   5.9700400e-02   2.4044834e-01   8.2450820e-01   2.0642681e-01   7.8357119e-02   6.1945056e-02   1.4248151e-01   2.9786412e-01   4.9951162e-02   1.2453135e-01  -3.2416706e-02  -2.7315638e-01   1.3301789e-02  -3.7453639e-01   1.0687419e-01   1.4664669e-01  -7.1251573e-02   2.7851294e-01  -3.1769472e-01   1.4269493e-01   7.2277064e-02   1.3318578e-01  -5.3583924e-02   1.5246974e-02   6.1341671e-01   1.6214554e-01   3.7087717e-01  -4.5393074e-02   1.7863925e-01   6.6645800e-01  -1.1553988e-01   1.7015457e-01   2.6366668e-01  -2.6524447e-01  -7.0890286e-02   2.1118059e-03   5.4098483e-01   1.5921880e-01   5.8897657e-02   4.4157592e-02   1.4699756e-01   9.3843593e-02   1.4967695e-02   1.0437862e-02   1.1773783e-01   1.1192116e-01   4.6750614e-02   5.1781812e-01   3.6461038e-01   2.0720095e-01  -1.1553987e-01  -6.4247229e-01   6.3302924e-01   9.2697935e-02   2.3291060e-01  -9.2560366e-02   1.4959169e-01   1.9755085e-01   6.2264169e-02  -5.3688147e-02   8.1848754e-02  -2.1165598e-02   1.7111256e-01   1.8587222e-01  -2.8269046e-02   6.6930513e-01   1.9250755e-01   2.0074715e-02  -3.0556122e-01  -8.6581911e-02  -2.4013182e-02   1.2621646e-02   1.1421095e-01  -6.8111531e-01  -2.0263938e-01   1.2539999e-01   2.6574967e-02   6.9437754e-02   2.8025642e-02   4.3106408e-02
  -4.0490979e-01   2.9956032e-01   5.1543082e-02   4.3540496e-01   8.4299375e-02   2.6472983e-01   3.8858993e-01  -3.0118148e-02   1.4561204e-01   8.1685340e-02   0.0000000e+00   4.5455786e-01   8.5544206e-02   1.1320494e-01   5.5825840e-01   1.3125528e-01   1.6060731e-01   5.4509842e-01   1.5716290e-03   3.0597404e-02   3.7027837e-01   2.1583570e-01   3.5475701e-01  -4.1381906e-01   6.7993545e-02  -9.8069594e-02   7.2581352e-02   3.8667832e-01   2.3968705e-01   4.1813604e-01   5.1100591e-01   2.3406476e-01   3.9754698e-01   2.9932226e-01   3.1981216e-01   3.5607552e-01   7.4002695e-02  -1.0067991e-01   1.4981421e-01  -9.9561782e-02   3.3977629e-01   1.7654329e-01   8.2022341e-03   3.2797326e-01   3.8211887e-01  -1.0524822e-01   4.4948282e-01   3.6296231e-01   7.6270965e-02  -4.3917849e-02   4.2035554e-01  -2.1672344e-02   1.5847161e-01   1.2339761e-01   2.8891558e-03   2.4610471e-01   2.8046162e-01   2.9988831e-01   3.7090937e-01   1.9531812e-01   8.2590334e-02   2.3083395e-01   5.9507289e-02   5.3015862e-01   4.2110427e-01  -1.0820486e-01   2.4422997e-01  -1.2081258e-01   3.5932049e-01  -6.0784493e-02   1.3526236e-01   3.8900205e-01   3.4148567e-01  -1.0532002e-01   2.8029846e-01   1.1740306e-01  -9.7565321e-03  -8.4407857e-02  -7.0023117e-02   2.8944930e-01   2.2989162e-01   2.4982084e-01   4.3280989e-01  -1.3124832e-01  -9.7475962e-02   2.5778144e-01   1.9041075e-02  -2.6678056e-01   1.1606856e-01  -3.5898616e-01  -2.2168413e-02  -7.5323637e-02   1.0881591e-01   2.0092964e-01  -1.5740742e-01   7.8548031e-02   2.7578977e-01   1.4872424e-01   1.6231650e-01   2.3329485e-01   2.1475304e-01   5.0905124e-01   4.1231529e-02   4.8669577e-01   4.7023210e-01   3.1458121e-01   1.5545158e-01   3.7470820e-01   1.3741674e-01   1.6607694e-01   1.5169291e-01   1.7882759e-01   1.4438145e-01  -3.6679720e-01   2.3956021e-01  -3.5891555e-01   4.2966471e-02   3.3342002e-01   3.2946202e-01   3.4634199e-01  -3.1241802e-01   7.2277707e-02   2.0705918e-01   3.5036072e-01  -2.5174540e-01   1.3316583e-01   3.9417535e-01   5.8370043e-02   3.6623292e-01   1.6069524e-01   2.1855352e-01   5.1164910e-01   8.6612908e-02   4.3006868e-01   2.7673781e-01   1.2207709e-01   7.8908474e-02   4.1491772e-01   1.9153992e-01  -3.9018993e-01  -1.9942901e-01  -1.3062353e-02   4.6618705e-01   1.3972335e-02   4.8530920e-01   4.9288808e-01   3.4294498e-01  -1.7793453e-01   2.6873806e-02   2.8440314e-01  -2.4985295e-01  -2.7921716e-02  -2.3994133e-01   5.6669084e-01  -3.1727578e-02  -2.5813424e-01  -2.7787802e-01   2.7307797e-01  -6.9796035e-02  -7.7091505e-02   2.0410986e-01   5.0973332e-01   8.7384855e-02   6.5767544e-01   1.0867432e-01  -2.9687477e-01   3.3099357e-01   2.5049908e-02  -2.6450237e-01  -3.7688652e-02  -3.0928037e-01  -4.5053099e-01   3.5572359e-01   1.7834866e-01   8.1314825e-02   2.8966289e-01   3.2359027e-01
  -1.9639556e-01   2.7144567e-01   2.9680452e-01   2.3126159e-01  -1.1158358e-01   1.9342459e-01   3.5210261e-01   2.0542332e-01   1.3022070e-01   2.8290157e-01   4.5455786e-01   0.0000000e+00  -2.6039829e-01   3.7788015e-01   5.7562887e-01  -9.7937096e-02   1.3710197e-01   1.6352541e-01   8.1054068e-02  -2.6081810e-01   1.1652059e-02   3.5418486e-01   1.5167811e-01  -1.9890631e-02   9.7874906e-02   2.3747422e-01  -1.4812612e-01   3.2703643e-01   7.2802193e-02   5.7016138e-01   3.1965606e-01   4.3087293e-01   2.1793826e-01   3.9005848e-01   2.2264393e-01   2.5392108e-02  -1.7634892e-01  -2.3303145e-01  -1.4258164e-01  -6.3124444e-02  -6.3037536e-02   1.8615420e-01   2.0702851e-01   4.2847017e-01   1.7849467e-01   3.4738291e-01   3.3344873e-02   3.5401385e-01  -4.8102417e-02   6.9514991e-02   1.9042647e-01   3.0546041e-01   1.8886889e-01   7.5240311e-02   2.2064716e-01   3.6759974e-01   2.3127311e-01   4.2916452e-01  -1.3251670e-01   6.1412609e-01   3.4387340e-01   5.5404557e-02   2.3236634e-01   2.6482558e-01   8.0600055e-02  -3.0312833e-01  -6.7640966e-02   6.7980039e-02   9.4573592e-02   3.5449022e-01   1.2262071e-02   8.2258364e-02  -7.1006947e-02   4.6310248e-01   2.8879053e-01   3.1768714e-01   3.9794857e-01  -3.2527086e-01  -2.0865877e-01   6.3532931e-02   4.7472160e-01  -8.8950946e-02   6.3161860e-02   5.3345377e-02   5.2157264e-02   4.3811870e-01  -1.5586077e-01   3.8581657e-01   1.7524640e-02  -3.5379049e-01   9.7016632e-02   2.1556845e-01   7.4092410e-02   4.6679865e-01  -2.1899422e-01   1.1678729e-01   1.6643661e-01   2.7722722e-01  -3.6918986e-02   3.2065326e-01   1.5198405e-01   4.8404662e-01   4.2739857e-01   4.9257028e-01   4.1816952e-01   3.5680696e-01   1.7036368e-01   2.5994443e-01  -1.2138899e-01   1.5596313e-03   2.1092002e-01   5.1426490e-01   2.1551188e-01  -3.8383471e-01   2.1202767e-01  -4.9093509e-01   2.6389005e-01  -1.6146646e-02   2.1461840e-01   1.6614838e-01   1.0604286e-02   2.4735016e-01   3.7281650e-01  -7.0770952e-02   1.2713991e-01   7.1081700e-01   4.0256651e-01  -8.5266212e-03   3.6991480e-01   1.4464352e-01  -1.1856643e-01   9.5891331e-02   5.5563805e-01   2.5388064e-01   5.4109179e-01   3.7360144e-01   2.4545477e-01   8.5884225e-02   3.8794230e-01  -3.2838197e-01   7.5991077e-02   1.2718474e-01   4.3444619e-01   9.1135924e-02   4.9127000e-01   4.3975723e-01   2.2985232e-01  -3.3917017e-01  -2.3439619e-01   1.5776920e-01  -6.5886492e-02   3.3445191e-01  -2.5248318e-01   1.3786300e-01   1.5917953e-01  -1.7383067e-01  -4.7105021e-02  -1.6467474e-01   2.0988772e-01   3.1257171e-01   5.6805156e-02   2.8431382e-01   2.4964153e-02   3.0292174e-01   3.6832727e-01  -4.0609180e-01   3.7897075e-01  -3.0786842e-02  -2.3529421e-01  -1.8229005e-01  -3.6086755e-01  -3.5987310e-01   6.5964155e-02  -4.7406038e-03   2.6452437e-01  -1.2260128e-01   3.9037119e-01
   3.2144209e-02   1.0491448e-01  -2.1346551e-01   3.9256692e-01   5.5757560e-01   1.0582197e-01   5.6064257e-02  -4.6962733e-01  -4.0371844e-02  -7.1353830e-02   8.5544206e-02  -2.6039829e-01   0.0000000e+00  -1.7576797e-01  -1.1437842e-01   3.3990905e-01  -5.8636749e-02   4.4423554e-01  -1.7280477e-01   3.9272077e-01   2.5089055e-01  -2.5850885e-01   1.7829055e-01  -1.0405961e-01   9.8998743e-02  -3.7497493e-01   3.1610307e-01  -3.1952980e-01  -4.9662797e-02  -1.0427256e-01   1.4876315e-01  -6.9750154e-02   9.1008591e-02  -1.2392744e-01   1.4396684e-03   2.4445001e-01   2.8649961e-01   8.9015990e-02   3.6818806e-01   1.6484231e-01   5.0517073e-01   2.8442401e-01  -2.5265323e-01  -5.7390723e-02   2.6194907e-01  -3.7138960e-01   3.6829269e-01   4.2860189e-02   1.8943150e-01   8.0908165e-02   2.8614365e-01  -4.5049067e-01   1.6321496e-01   2.2080881e-01   8.3008270e-03  -2.4805966e-01  -1.1614235e-01  -2.1257094e-01   4.8511289e-01  -2.4993395e-01  -3.6945345e-01   4.3378568e-01  -9.9874493e-02  -4.1975809e-02   3.8706452e-01   1.4326065e-01   3.6668750e-01   3.9948562e-01   3.6928939e-01  -3.4143310e-01   9.6239259e-02   4.5451628e-01   3.3144447e-01  -4.4135685e-01   3.4425764e-02  -2.7628779e-01  -3.3438410e-01   3.1102532e-01   9.5054913e-02   4.8746381e-01  -4.2037556e-01   1.8910274e-01   1.9660420e-01  -2.4915946e-01  -1.7751986e-01  -2.9576338e-01   2.4930756e-01  -6.0549467e-02   2.8819670e-01   1.8739729e-01   1.0090103e-01  -3.1954068e-01   7.3154429e-02  -3.2274866e-01   1.0629510e-01   2.2115695e-01   1.4563777e-01  -2.6183103e-01   5.5099270e-01   7.2628078e-03  -1.2691930e-01  -1.6883113e-01  -4.8707762e-01  -2.0136791e-01   2.2067142e-01   1.1158368e-01   2.6122112e-01  -3.6989662e-02   3.6960055e-01   2.1721520e-01  -1.2130190e-01  -2.2775350e-01   4.0828986e-01   1.9505051e-01  -2.1858238e-01   1.0235164e-02  -1.6413598e-01   3.9274847e-01  -2.5628886e-02   2.0942017e-01  -2.0957440e-01  -3.5028647e-02  -9.5755087e-02   4.1101580e-01  -2.6920297e-01  -2.4754511e-01   4.4303029e-02   2.5793812e-01  -1.6232347e-01  -6.2026792e-02   4.1348966e-01   1.1089602e-01  -3.7809111e-01   1.2754744e-01  -2.0432283e-01  -4.8244723e-01   7.7827050e-02   7.4324735e-02  -3.6821875e-01   1.4580267e-01  -7.5059101e-02  -4.2986209e-01  -1.6531200e-01  -7.2341560e-02  -4.6478998e-02   2.7372847e-02   5.9085136e-02   1.4323579e-01   1.6091371e-01   2.1219794e-01  -7.4576976e-02  -4.5755938e-01   1.2186559e-02   2.2310406e-01  -1.8321609e-02   8.7138867e-03  -1.9064882e-01   3.8009831e-01  -3.2864774e-01  -3.7095588e-01   2.3725232e-01  -2.1176998e-02   4.2607679e-02   3.4036677e-01  -2.6149207e-01   9.5122301e-02   9.7972895e-02  -3.2305717e-02   1.4982135e-01   2.0526961e-01   7.1407425e-02  -4.4167698e-02   4.4571517e-01   1.5115665e-01   6.5733261e-02   6.1805028e-01  -9.2646667e-02
   9.4483260e-02   5.5058260e-01   8.4520940e-02   9.1333976e-02  -2.1976207e-01   3.9891054e-01   4.0120508e-01  -2.7980453e-02  -1.7774158e-01   2.7005134e-02   1.1320494e-01   3.7788015e-01  -1.7576797e-01   0.0000000e+00   6.1041347e-02   3.0634144e-01  -1.5512203e-01   1.0219261e-01   1.1005958e-01  -2.0724724e-01   7.4244127e-02  -6.5463364e-02   1.6463870e-01  -6.7491374e-02   7.0895383e-03  -1.1776638e-02  -4.0253121e-02   2.4053570e-01   2.4848669e-01   2.5141399e-01   1.4079781e-01  -1.9148427e-02   2.2459972e-01   1.6142965e-01   1.8801834e-01   3.7673586e-02  -8.7239651e-02  -2.5822861e-01   2.9032940e-01   1.5671675e-01   8.2968686e-02  -1.1836174e-02   1.3894558e-01   2.6489381e-01   1.6354524e-01  -1.4900945e-01   3.0203064e-02   5.5330038e-01  -8.4648306e-02   1.8244893e-01   2.6895791e-01  -2.2193825e-03   2.0739914e-02  -4.6156662e-02   6.2782470e-01   3.5908556e-01  -6.7482595e-04  -1.4111224e-01  -9.2347719e-02  -6.7655007e-02  -1.4097906e-01   7.6341449e-02  -1.6227953e-01  -1.4168241e-03  -1.5342267e-01   9.8432723e-02   2.2708536e-01  -5.6550692e-02  -1.0130466e-01   1.1621371e-01  -2.4318460e-02  -7.3759103e-02   4.9248138e-02   2.1299137e-01  -4.0889373e-02  -9.5216380e-02  -1.7595328e-01  -1.5141465e-01  -1.3807298e-01  -8.9559328e-03   1.9621103e-01   1.4976157e-01   1.0047587e-01  -2.2276329e-03   3.1355737e-01  -7.5675777e-02   2.6437672e-02   2.3543284e-01  -8.9530429e-02  -1.2314093e-02  -2.6439039e-01  -1.5748507e-01   3.2368410e-01  -6.5584067e-02  -2.0110177e-01  -7.2757253e-02   4.2690393e-02  -5.4968343e-02  -3.3204588e-01   2.6207368e-01   2.0803135e-01  -1.1793584e-02   2.1889922e-01   3.0240168e-01  -5.3290278e-03  -1.0047123e-01  -6.6899163e-02   4.6920115e-02   3.1724381e-02   2.5408634e-01   3.6613446e-01   2.1084865e-02  -2.1928652e-03   3.1693604e-02   1.2011165e-01  -5.5978880e-01   4.0112179e-02   8.7248350e-02   4.8863590e-01  -2.6095020e-02  -1.8579071e-01  -7.0106948e-02  -5.3610211e-02  -2.9606123e-02  -1.5227419e-01   3.7735085e-01   1.2264861e-01   2.8908764e-02  -7.7551103e-02   6.9655526e-02   1.0936866e-01  -6.3327937e-02   2.7446762e-01   3.4209671e-01  -3.6663027e-02  -2.7885364e-03   8.3094119e-02   1.3792362e-01  -1.2270958e-01  -1.8480952e-01   4.4959257e-02   3.0014755e-01   1.6224723e-01   5.1924228e-01   4.0470118e-02   3.4975134e-01   1.7289821e-01  -3.8090220e-01   9.9906576e-02   8.7373700e-02  -3.7419809e-02   1.9499097e-01  -6.9407887e-02  -2.2392628e-01   2.8534014e-01  -2.0061924e-01  -2.4723217e-01  -1.7807304e-02  -2.1649823e-01  -6.2472722e-02  -5.6394474e-02   9.2809594e-02  -2.9710714e-02   5.0521793e-02  -2.9816225e-02  -2.6538964e-01   1.6356023e-01   1.9100538e-01  -3.5289195e-02  -4.1736467e-01  -1.0181110e-01  -1.6080084e-01  -1.7479437e-01   5.2041450e-01  -6.4430475e-02  -1.0669129e-01  -1.6254813e-01
