   0.0000000e+00  -2.7375156e-01  -2.8541849e-01  -3.8201842e-03  -2.4715415e-01  -1.6018657e-01   3.3466822e-01   6.3670106e-01   7.1836512e-02  -1.2858753e-02   5.1477433e-02   6.4782465e-02  -1.3909191e-01   5.7342829e-01   3.3812811e-01  -3.3377005e-01  -9.8166566e-02  -9.5484541e-02   8.8823879e-02  -1.3676669e-01   1.2095901e-01  -4.6509947e-03  -4.8622997e-02   4.1218351e-01  -1.5442378e-01   3.6134363e-01  -4.5230154e-01   5.7194275e-01  -2.2424757e-01  -1.6289890e-01   1.5249941e-01   7.0462062e-02   1.0564715e-01  -2.3933154e-01   1.7701256e-01  -2.7618690e-01   2.6349357e-02  -2.9320382e-03  -3.3227560e-01  -3.5379726e-01  -2.8185070e-01   1.3129995e-01  -7.8180476e-02   1.5650038e-01  -1.0852288e-01   1.8313466e-01   6.1106240e-03  -1.0112632e-01  -2.9234331e-01  -2.0697053e-01  -1.8274173e-01   5.5867048e-01  -3.0923481e-01   3.8003350e-02   4.8949644e-01   4.1293178e-01   2.6952780e-01   1.3786924e-01  -4.3988206e-02  -7.4474812e-02   2.3665058e-01  -3.5015123e-01  -1.1445379e-02   8.4001750e-02  -5.8268767e-02  -4.5544017e-01  -2.3782695e-01  -3.1165164e-02   1.0461985e-01  -4.4584484e-02  -1.2373543e-01  -2.6630780e-02  -4.3318112e-01   5.3186841e-01   1.1142104e-01   1.3637704e-01   3.8759586e-02   3.9167388e-01  -4.0488772e-01   5.7232347e-02   5.5387896e-01  -4.1347657e-01  -1.5163778e-01   1.6186060e-01   3.5079710e-01   4.0404624e-01   9.3139315e-02   4.2550498e-01  -1.8218332e-01   5.8723810e-01  -3.7664654e-01   1.4737123e-01  -2.7484088e-01   3.2569957e-03   1.1493973e-01  -2.3020737e-02  -3.6323347e-02   3.7831935e-01  -1.0812285e-01   2.4840264e-02   3.8298459e-01   1.8703397e-01   2.3567279e-01  -3.6419543e-01   1.5971423e-02   1.2830349e-01   6.3478112e-02   1.9428863e-01   1.0495919e-01  -3.7606903e-01   2.9891927e-02   6.3721525e-02  -1.8371345e-02   5.6102302e-01   4.3132529e-01  -4.3366305e-01   3.1467075e-01  -4.0671440e-01   2.0001970e-01  -1.6928437e-01   4.0553127e-01  -4.0536634e-01   1.2558360e-02  -5.4247835e-02  -1.1398563e-01   4.1904915e-01  -1.8718691e-02   7.1200337e-02   9.8311800e-02  -3.2080871e-01  -4.0652522e-01  -4.3785798e-01   5.7344029e-01   1.0036060e-02   7.0331436e-02   4.7708255e-01   7.9163885e-03   4.3163869e-01   5.1426295e-01   3.2060585e-01   5.6728185e-01  -1.0165115e-01   6.9329567e-03   1.1763052e-01   2.8027791e-01   1.1074783e-01   3.4224090e-01  -3.2984237e-01  -4.0170946e-01  -1.7344143e-01   3.1881367e-01   6.2108152e-01   3.1236212e-01   1.1709813e-01  -3.8578040e-01   3.1228189e-01   4.0391742e-01  -3.7592236e-01   2.7515412e-01   5.5519599e-01  -3.2787612e-02   1.3713382e-01  -2.3342959e-01   4.7226660e-02   9.1404822e-02  -3.1512613e-01  -1.8954245e-01   4.7907120e-01   4.9780723e-01  -1.0845027e-01  -1.5850607e-01  -1.6036767e-01  -1.9050751e-02  -9.1255651e-02   1.8613763e-01   2.2895422e-01   1.1725123e-01
  -2.7375156e-01   0.0000000e+00   4.9922175e-01   8.6561002e-02  -2.0464449e-01   5.8656150e-02   2.7524145e-01  -2.7672666e-01  -5.8613324e-02  -2.4908962e-02  -2.0155876e-01   6.4449665e-01  -2.4556672e-01  -2.5874610e-01   2.4676855e-01   1.8796053e-01   5.7488180e-01  -1.1135689e-01  -1.1096276e-01   4.5473031e-03  -4.6199222e-01  -2.2056484e-01  -3.5560100e-01   5.8663628e-02   7.3724889e-02  -1.0512923e-01   1.7915908e-01  -1.0535881e-01  -5.5366146e-02   1.8011057e-01   4.3706144e-01  -1.9411710e-01   2.5266335e-01   6.7184717e-01  -1.8690946e-01   1.2343740e-01  -2.6211742e-01   3.3553180e-01   1.3268228e-01   7.6031837e-01  -3.2730599e-01   2.5467655e-02   5.4529299e-02  -2.4319950e-01  -2.4411040e-01  -1.0565886e-02  -2.6504765e-01   4.9407866e-01  -3.3366116e-01   6.3841880e-01  -2.4840232e-01  -2.2196993e-01   6.9795715e-01   1.4088109e-01  -1.6908552e-02  -2.8734250e-01   1.7639933e-02  -2.2344066e-01  -4.2948531e-02   4.2893245e-01   1.6132619e-01   2.5398742e-01   4.8028384e-01   1.1597109e-01   2.0320910e-01  -1.1730491e-02   2.2546006e-01   2.2932846e-01  -3.0879125e-01   3.9368307e-01   8.2451840e-01  -3.1492601e-01   1.8092385e-01  -1.7134763e-01   1.8089104e-01   1.1294463e-01   2.4590879e-01  -2.9128929e-01   4.5385954e-01  -2.8698148e-03  -3.0380562e-01   5.6764660e-02   1.6809327e-01  -4.2925995e-01   1.0173922e-01  -7.8561036e-02   4.3744527e-02  -1.4836948e-01   4.3625556e-01  -1.6508961e-01   2.3878439e-01   1.5746138e-01   6.7734875e-01  -3.9605812e-01   2.5266429e-01  -7.7167228e-02   2.5810366e-01  -2.1511807e-01  -7.3994809e-02  -2.9190308e-03  -3.6794183e-02   1.3571697e-01  -2.1328111e-01   6.5863164e-01  -3.1843063e-01   2.0352800e-01   5.7065400e-01  -3.4654371e-01  -2.2003288e-01   5.5546950e-02   5.1491486e-01  -2.2495812e-01   1.8238762e-01  -1.4390393e-01  -2.7015213e-01   5.5582486e-01  -1.0780721e-01   1.2803752e-01  -2.1018605e-01  -3.3808334e-01  -1.1243045e-01   5.3687913e-01   4.4331296e-01   3.1853978e-01  -6.9384439e-02   1.1392466e-02   4.0617588e-01   3.0108485e-01   4.5365444e-02   6.2055241e-01   1.5094219e-01   3.4865304e-01  -2.3622432e-01   2.6053174e-01   1.7074060e-01  -8.9144657e-03   2.1169635e-01   2.2372543e-02  -1.3666839e-01   1.1983373e-01   2.7559462e-02  -3.0720216e-01  -8.2457336e-02   3.8304782e-01  -2.1864231e-02  -1.1164980e-01  -3.0850619e-02  -2.5533976e-01   3.2608913e-02  -2.6932124e-01  -3.7334986e-02  -2.9098401e-01  -1.1553365e-02   9.0732914e-02   8.7738315e-01  -1.4995393e-01   5.4639942e-02   2.5801902e-01   2.2788702e-01  -2.3742802e-01  -9.6988788e-02  -1.4559719e-01  -2.9543380e-02   4.4918432e-02  -2.5863816e-01   6.8045463e-01   4.3908402e-01  -1.9053156e-01   1.4962669e-01   6.7313695e-01   4.4486113e-01   3.0961834e-01   1.3675030e-01   6.9259641e-02   4.0759325e-01   2.2675170e-01   8.8693433e-02
  -2.8541849e-01   4.9922175e-01   0.0000000e+00  -1.6178713e-01  -1.6001531e-01   2.8240010e-01   2.9644586e-01  -9.1443558e-02   2.2061498e-01  -2.3572753e-01  -1.6669541e-01   4.9628196e-01  -2.6387469e-01   1.3900459e-02   1.9882945e-01   1.6163314e-01   8.0183426e-01  -3.1541946e-01  -3.7713691e-02   1.1858670e-01  -6.9499033e-01  -3.5771673e-01  -5.2727094e-01   2.7773118e-01   7.8593951e-02   2.0747502e-01   6.9230562e-02   2.1025225e-01   1.0888959e-01  -1.6543056e-01   6.2036369e-02   1.3829191e-01   4.3273272e-01   3.6978850e-01   1.6630472e-01   5.7545777e-02  -3.3853427e-01   6.9316324e-01  -5.4402502e-02   4.1019738e-01  -2.8045181e-01   4.4053984e-01   1.5834417e-01  -2.5846157e-01   1.4973914e-01   3.7042830e-01  -7.4218452e-02  -9.1483928e-02  -4.6395507e-01   5.1465420e-01  -6.7635423e-02   8.1193400e-02   2.4015327e-01   4.9270237e-01   8.6611981e-03  -5.7567013e-02   1.5393334e-01  -7.0556359e-02  -1.4766624e-01   4.9809883e-01   5.7457539e-01  -1.1804312e-02   6.9976669e-01   1.0146655e-01  -5.8810151e-02  -2.6115589e-01   1.8753515e-01  -7.8185545e-02  -1.9366233e-01   7.6689174e-01   4.9019444e-01  -9.5232313e-02   1.2925298e-01   1.4057466e-01   2.0428566e-01   2.7733670e-01   7.2342140e-01  -1.6998961e-01   3.5206168e-01  -2.6400852e-01   3.2193246e-02  -2.4948691e-02   1.9588557e-02  -2.0829426e-01   3.7412794e-01  -8.3007338e-02   1.9738275e-01   4.5077322e-02   2.9826132e-01  -8.9404037e-02  -3.4469766e-03   6.6883271e-01   5.7971762e-01  -5.2161402e-02   6.2648358e-01  -1.5361983e-01   1.2415283e-01   1.9219641e-02  -4.4482028e-01  -2.6317749e-01   2.0361900e-01   1.6035593e-01  -2.4803537e-01   5.6101632e-01  -1.7049817e-01  -7.8165934e-02   4.2262434e-01  -1.9570697e-01  -1.4150813e-01  -1.8768158e-01   3.4118722e-01  -3.3219566e-01  -1.4888174e-01  -1.7797920e-01   7.2243166e-02   1.2274782e-01   8.0122538e-02   5.4291005e-02   1.3490091e-01   5.0895703e-02   2.1568378e-01   3.2621085e-01   6.6409066e-01   4.9643202e-02   3.3791625e-01   3.7826871e-01   2.8271141e-01   2.6851729e-01   3.8759543e-02   6.2838663e-01  -1.1758449e-01   1.9639620e-01  -1.8108023e-02  -1.9126603e-01   3.7879587e-01   1.7808544e-01   3.4708328e-01   3.1638175e-02   7.9472583e-02   4.1187216e-01   6.4100875e-02  -3.6050593e-01  -6.9633251e-02   6.0501300e-01   9.6664999e-02  -2.9954477e-01   1.7508852e-01  -3.4004382e-01  -7.1992156e-03  -4.6467911e-01   4.4797682e-01  -3.3766009e-01   3.1155968e-01   1.6625796e-01   5.7344474e-01   2.7993784e-01   2.2239366e-01   3.2771254e-02   5.8841982e-01   1.0269904e-04  -4.8350036e-02  -2.3087598e-01  -2.6893063e-01  -2.4433605e-01   5.8029389e-02   2.2237102e-01   2.5951763e-01  -5.6389858e-02   4.0643697e-01   1.1505625e-01   3.7832096e-01   2.9220181e-01  -2.4243597e-01   3.7328279e-01   1.2473431e-01   3.8534074e-01  -1.0590574e-02
  -3.8201842e-03   8.6561002e-02  -1.6178713e-01   0.0000000e+00  -1.5413944e-01   2.8233148e-01  -6.9596534e-02   1.0462235e-01  -2.8558917e-01  -1.6442348e-01   4.2888580e-01  -9.5057800e-02  -3.8356860e-01   5.1243133e-02  -5.5133807e-02   3.3979544e-01   1.5160914e-01   8.3090040e-01   4.2378262e-01  -3.0352810e-01   3.4154050e-01   7.7078621e-01   1.8742884e-01   1.2703629e-01   1.4940751e-01   1.8882411e-02   3.0639400e-01  -3.2155280e-01  -1.5069532e-01   6.4646783e-01   4.5678082e-01  -9.3244518e-02   3.0965223e-01  -7.4309117e-02  -2.5736772e-01   3.3881050e-01  -1.7769655e-01  -3.2218239e-02   4.4343697e-01  -4.7159407e-02  -4.1557992e-01  -5.3002032e-01  -3.6675515e-01   5.4128724e-01  -4.5041642e-01  -8.2398397e-02   2.7197710e-01   4.5599372e-01  -1.3200659e-02   4.2772385e-01   1.1756743e-01  -1.7225520e-02   5.2770790e-02   2.3714832e-02   1.0943649e-01   9.8830906e-03   1.4122964e-01   4.8319870e-01   5.1657178e-01  -2.7240968e-01   2.2111044e-02   1.2603498e-01  -1.4997434e-01   5.1465196e-01   7.0028681e-01  -9.9782634e-02   5.6302162e-01   8.4101336e-01   3.7096565e-01  -4.3996475e-02  -4.1467591e-02  -5.6658531e-02  -2.7400527e-03  -3.8220812e-01   2.8730728e-02   3.3888939e-01   6.0190779e-02   5.8438855e-02  -8.4415687e-03   4.2333792e-01  -1.4836052e-01  -2.9346456e-01   5.0700619e-01  -7.7700539e-02  -6.5413823e-02   1.6207213e-01   3.1996336e-01  -1.8838042e-01   6.2921687e-01  -4.3828146e-01  -2.1797700e-01  -4.5540197e-01  -3.2084043e-01  -3.8645023e-01   7.2702101e-02  -2.5829909e-01   1.9726294e-01   4.3084481e-02   5.9695604e-01   1.7090917e-01  -3.8842078e-01   1.2532002e-01   5.6557867e-01   3.3902689e-01   7.4126343e-03   9.2156656e-01   3.3948728e-01   3.6752400e-01  -5.5436372e-01   2.1903507e-02  -1.7091866e-01   4.5646481e-01   9.3424374e-01   1.8877152e-01  -2.3495504e-01  -5.4543298e-02  -3.4837030e-02  -1.5545910e-01  -8.7693364e-02  -1.5026482e-01  -4.7888471e-01  -1.2862996e-01  -2.4651051e-01   4.4029588e-01  -1.0284852e-01  -3.5869259e-01   1.9962519e-01   6.6794335e-01   8.0961979e-01   1.4150857e-01   4.2613565e-01   4.4938729e-01  -9.8277466e-02   3.4487301e-01  -4.8535678e-02   2.2528266e-01  -2.5879410e-01   8.3735654e-02   3.1411506e-02   6.0172674e-02   1.5069696e-01  -3.1629396e-01   4.2687577e-01  -1.3526626e-01   4.3167348e-02   7.3737379e-01  -3.3923151e-01  -2.7267348e-01  -2.9970040e-01   3.5249878e-01  -3.2138168e-01   1.5124940e-01  -6.1221229e-01   3.0826733e-01  -6.7866791e-02  -3.1791861e-01  -3.1035227e-02   4.8742701e-01  -5.1268684e-02  -1.4475977e-01   7.6213960e-02   5.6015489e-01  -3.1772148e-02   9.4743932e-01  -1.4495400e-01  -1.1981425e-01   3.4751549e-01  -1.7250130e-01  -9.0155798e-02   2.9982084e-01  -4.1528987e-01  -2.7924923e-01   9.0024517e-01   1.6594819e-01   3.6423440e-01   1.7899368e-01   7.2113318e-01
  -2.4715415e-01  -2.0464449e-01  -1.6001531e-01  -1.5413944e-01   0.0000000e+00  -1.6528335e-01  -3.5471836e-01  -2.9424850e-01   2.3787576e-02   6.5972277e-01  -1.5887326e-01  -3.5139454e-01   3.7440819e-01  -1.2218382e-01  -2.4663884e-01  -6.1398465e-02  -2.4209698e-01   6.9738193e-02  -3.3172409e-01   7.9256968e-01   7.9712209e-02  -8.8789938e-02   8.6084915e-02  -3.8344703e-01  -6.6421194e-02  -3.4297892e-01   2.3292621e-01  -2.6120558e-01   1.3615569e-03  -1.9742171e-01  -1.9337810e-01  -1.7049477e-01  -1.5205301e-01  -3.5995953e-02  -3.2676826e-02   2.9349898e-01   3.6023728e-01  -1.4191408e-01   4.3588308e-02  -8.1497825e-02   4.2262121e-01   7.1597782e-02   3.1689896e-01  -1.8436483e-01   2.2251672e-01  -2.8149502e-01   1.0820807e-01  -9.5074613e-02   3.3339691e-01  -3.1958510e-01   1.6265601e-01  -3.5716310e-01   3.8983543e-02  -1.7464632e-01  -1.4313287e-02  -3.3451664e-01  -3.8426001e-01  -1.7911809e-01  -1.0546856e-02  -2.5799978e-01  -2.9515014e-01   4.3454164e-01  -1.5606475e-01  -7.7298862e-02   9.2618275e-02   4.4675158e-01  -1.4366579e-01  -1.1459143e-01  -4.9216255e-02  -2.1859225e-01  -2.4564216e-01  -3.0563732e-02   1.5388593e-01  -2.7285436e-01  -1.9808624e-01  -2.0711671e-01  -3.1904138e-01  -2.6306006e-01   2.6570504e-01   5.8842069e-03  -3.5102807e-01   1.0774534e-01  -1.1334451e-01   1.1883107e-01  -1.0208513e-01  -3.1910142e-01  -1.3209551e-01  -3.7835385e-01  -2.3647381e-01  -1.6370214e-01   6.6358080e-01  -2.6899693e-01  -1.7082414e-01   1.8682636e-01  -2.0373924e-01   8.0021021e-01   3.5105606e-02  -1.8890081e-01   1.0862834e-01   4.4683314e-01  -1.5092690e-01  -3.4019604e-01  -6.5159424e-02  -1.7173127e-01  -1.4175938e-01  -2.4179302e-01  -2.0766304e-01  -1.4589011e-01   4.2494218e-01  -1.5205915e-02  -3.6264352e-01  -2.9763818e-01  -1.5726096e-01  -1.0707954e-01  -1.0255375e-01   7.8620162e-02  -3.4043649e-01   1.4071262e-01   1.4633051e-02   1.1183757e-01  -3.1448590e-01   5.9188799e-01  -1.8576990e-01   4.1509704e-02  -3.2634798e-02  -3.4555472e-01   2.2500188e-02  -3.2655560e-01  -2.3041749e-01  -6.8322702e-03   1.1278321e-01   1.4276354e-01  -2.5648132e-01   6.0464658e-02  -1.6855501e-01  -3.8816782e-01   6.7750689e-02  -3.6053580e-02  -3.7076287e-01  -9.5375015e-02  -1.6134570e-01   2.5973466e-01  -9.2788218e-02  -3.4905313e-01  -6.0804313e-02  -8.6277506e-02  -2.0558997e-01   4.7519493e-01   2.8898444e-01   4.1717069e-01  -2.5092646e-01  -2.0308939e-01  -8.3090667e-02   4.1012907e-02  -1.2686472e-01  -7.8603173e-02  -3.2336884e-01   6.3265075e-02  -3.1655388e-01  -3.3520667e-01   1.4971272e-02  -2.5666110e-01   5.8108525e-01  -2.3017149e-01  -1.5464025e-01  -4.4599537e-02  -1.0463767e-01  -2.0814045e-01  -2.5746402e-01  -2.7703136e-01   1.8877526e-01  -1.7993327e-01  -1.2437572e-01  -3.2914665e-01  -2.7507929e-01  -2.9477923e-03  -2.9402068e-01
  -1.6018657e-01   5.8656150e-02   2.8240010e-01   2.8233148e-01  -1.6528335e-01   0.0000000e+00   4.5691341e-02   8.0800928e-02   3.2852017e-02  -2.9299030e-01   4.9134397e-01   1.4535981e-02  -3.4201239e-01   9.0622442e-02  -1.3674621e-01   3.3877769e-01   3.0077020e-01   2.7037858e-01   6.6919094e-01  -9.3614977e-02  -6.2541267e-02   2.7875699e-01  -9.6247795e-03   2.5180648e-01   3.6029678e-01   4.7643766e-01   3.2356282e-01   1.4273886e-02   1.5402410e-01   3.4657012e-01   1.8951384e-02   3.1056043e-01   6.6463662e-01  -1.0964891e-01  -1.0743116e-01   3.2038223e-01  -2.5624876e-01   2.8059653e-01   2.7514413e-01   1.7218529e-01  -3.3135176e-01   1.6266472e-01  -2.9516118e-01   4.5379578e-01   3.8193237e-02   1.5469037e-01   4.2526535e-01   6.4023690e-02  -1.5792202e-01   3.2580653e-01   3.2594834e-01   2.2552182e-01  -2.6356429e-01   3.4035899e-01  -1.5811792e-01   1.5923938e-01   6.5540473e-01   4.0558364e-01   1.6228415e-01   5.6456363e-02   2.2678891e-01   1.1135105e-02   1.7528207e-01   3.8373117e-01   1.0940735e-01  -3.4431136e-01   6.8155582e-01   3.2536438e-02   4.0339602e-01   3.0114572e-01   6.3379368e-02   2.2331415e-01  -2.5673219e-02   1.3444000e-03  -1.6160638e-01   2.5859957e-01   4.0142554e-01  -2.0012735e-01   1.7910332e-01   6.6365191e-02   1.1314386e-01  -8.0152381e-02   3.2632055e-01  -6.6973224e-02   8.9155306e-02   8.7478653e-02   3.5217325e-01  -6.8907005e-03   3.8681126e-01  -1.6560024e-01  -4.2183234e-01   1.1614388e-01  -8.0893324e-02  -3.0377320e-01   3.4212678e-01  -2.9158978e-01   2.3683141e-01   4.2779065e-01  -5.6156436e-02  -5.6671031e-02   1.8968093e-03   1.1971002e-01   1.1170426e-01   3.5677824e-01   2.2691177e-01   2.0327203e-01   1.9385483e-01   4.2322378e-01  -4.5281071e-01  -1.0573896e-01  -2.8566247e-02   3.4699339e-01   2.9086249e-01   7.4462183e-02   1.1186498e-01  -1.9364606e-01   2.9016719e-01  -1.2675586e-02   2.5306244e-01   2.0326888e-01   2.7063505e-02  -1.7237701e-01   1.4873485e-01   7.4053795e-02   3.3311189e-01   4.8706806e-02   2.2755162e-01   4.7091382e-01   3.4946912e-01   2.7726388e-01   8.1109982e-02   3.1332382e-01   9.1288500e-02  -2.8333594e-01  -2.4900423e-02   1.4681812e-01   1.9689433e-01   1.2527735e-01   9.1894486e-02   2.2080545e-01  -1.5607396e-01  -4.2450571e-01   4.5790827e-01   3.7491688e-01  -6.3855805e-03   2.0642309e-01  -4.6261091e-03  -4.8809028e-01  -2.5615244e-01   5.1585166e-02   2.8150576e-01  -2.6150004e-01  -1.1849848e-01   2.6153950e-01   6.3705167e-02  -1.6503281e-01   2.2890196e-01   1.9187100e-01   2.5071949e-01   2.1403510e-02   1.9590246e-01   3.7507529e-01  -3.1222280e-01   2.0689728e-01   2.4906989e-01  -2.1894217e-01   3.6004843e-01   5.0421069e-02   2.2359016e-01   7.1954736e-02  -3.3305544e-01  -6.9699692e-02   1.3030984e-01   6.6306537e-01   2.6633694e-01   3.2540321e-01   3.5828686e-01
   3.3466822e-01   2.7524145e-01   2.9644586e-01  -6.9596534e-02  -3.5471836e-01   4.5691341e-02   0.0000000e+00   2.4747975e-01  -2.3149921e-02  -4.3614659e-02  -3.2081413e-01   7.8121291e-01  -1.1553856e-01   1.9353698e-01   6.9826879e-01  -8.0800719e-02   3.0661252e-01  -4.2210786e-01  -1.1654191e-01  -1.7824244e-01  -4.5028004e-01  -1.7991799e-01  -4.1267757e-02   3.8160781e-01   5.0780378e-02   3.7387282e-01  -5.0859075e-01   6.1807778e-01  -8.1620628e-02  -2.2151652e-01   2.2070580e-01  -1.0653910e-01   1.4978056e-01   4.8976231e-01   2.5694286e-01  -4.8897237e-01  -3.6389207e-02   3.8183923e-01  -3.9777298e-01   1.1003980e-01  -3.4542838e-01   1.3221082e-01  -1.1427193e-01  -2.1435288e-01  -3.3292199e-01   2.5124384e-01  -4.3388737e-01   7.1355702e-02  -2.9180320e-01   1.8779047e-01  -5.4195558e-01   4.1009242e-01   5.9946525e-03   1.2719206e-01   2.3165586e-01   1.0462418e-01   3.9016143e-01  -1.8935672e-01  -4.0522419e-01   4.4571266e-01   4.6504194e-01  -8.6113121e-02   2.6735279e-01  -5.3693089e-03  -5.0945903e-02  -4.7316695e-01  -2.4817979e-01   1.0382511e-01  -4.1095279e-01   5.7901760e-01   4.8552872e-01  -4.1735971e-01  -1.9129133e-01   6.0707382e-01   1.9270682e-01   2.9860264e-01   3.2562398e-01  -1.1617909e-01  -3.4759012e-01  -2.0005019e-02   5.5272347e-01  -2.1138895e-01  -1.6645915e-01  -2.6586161e-01   5.4754546e-01   2.3261150e-01   6.9559678e-02   4.5707895e-01   1.7798808e-01   3.1749805e-01  -2.4819622e-01   4.9919738e-01   2.9760905e-01  -2.2511538e-01   4.3088472e-01   2.6425679e-02  -6.6234120e-02   1.7533753e-01  -1.6262031e-01   4.3531025e-02   4.9220462e-01   3.2987212e-01  -1.3688372e-01   7.6796736e-02  -3.0344576e-01   1.6809282e-01   4.6092408e-01  -2.0784478e-01   8.8906919e-02  -4.6013498e-01   6.5634330e-01  -8.6227077e-02  -2.6264749e-03   2.4324508e-01   6.3190949e-01  -3.7556616e-01   7.9609704e-02  -1.6997362e-01   3.6780124e-01  -4.9091597e-01   3.0685936e-01  -5.3341532e-02   2.0547290e-01  -1.6361328e-01  -1.4156750e-01   5.3202182e-01   2.5507129e-01   2.1456689e-01   3.3372605e-02   1.6772319e-01  -3.5715216e-01  -3.3281511e-01   3.0470692e-01  -7.8692455e-02   1.5724084e-01   4.2845684e-01   1.6026182e-01   4.6553662e-01   4.7550860e-01   3.4811581e-01   2.0739303e-01  -3.7798175e-02  -2.8193160e-01   6.5429507e-01   5.9710993e-01  -1.1609479e-01   8.0307904e-01  -5.1293630e-01  -1.7281327e-01  -4.3508613e-01   3.9824521e-01   1.8988006e-01   3.0745200e-01  -1.2533384e-01   2.0972603e-01   2.0464835e-01   3.8228574e-01  -2.6187544e-01   4.8000217e-01   5.7806603e-01   5.5440347e-02  -3.2549925e-01  -2.4513590e-01  -6.8350253e-02  -1.4981597e-01   1.2505537e-01   1.9132543e-01   2.3569584e-01   5.1368887e-01  -5.7123282e-02   6.7231083e-02   1.7159332e-01  -9.9852309e-02   1.0810685e-01   3.2975066e-01   2.7025651e-01  -6.8988619e-03
   6.3670106e-01  -2.7672666e-01  -9.1443558e-02   1.0462235e-01  -2.9424850e-01   8.0800928e-02   2.4747975e-01   0.0000000e+00   2.8467756e-01  -1.9283311e-01   9.1807232e-02  -7.9263024e-02  -3.0193405e-01   5.8538159e-01   1.8444532e-01  -2.5644058e-01   3.9756983e-02  -1.7665497e-02   2.7820750e-01  -1.4449921e-01   1.5484627e-02   1.4327288e-01  -1.1497829e-01   4.1746981e-01  -1.3689273e-02   5.3215414e-01  -2.9776519e-01   5.7667555e-01  -1.2725632e-01  -9.0311610e-02   1.6608671e-01   1.4612391e-01   2.4597625e-01  -3.8374594e-01   2.6332067e-01  -1.8691458e-01  -6.8963004e-02   1.6491362e-01  -2.7503464e-01  -3.8985425e-01  -3.5691361e-01   1.7808472e-01  -5.2500524e-02   3.3530319e-01  -3.7297102e-02   3.2977972e-01   1.1709496e-01  -2.4046958e-01  -2.5971282e-01  -1.7988619e-01  -9.4442094e-02   7.4049540e-01  -3.3856514e-01  -1.5648224e-02   4.3939154e-01   5.0330632e-01   4.7441027e-01   3.9939338e-01   2.4644116e-02   2.6636549e-02   3.9040166e-01  -2.4899204e-01   1.4484337e-01   2.5605155e-01   1.1202201e-01  -5.1868063e-01  -4.8621290e-02   2.4779089e-02   2.0256252e-01   8.8973793e-02  -1.7474295e-01  -1.1776939e-02  -4.5013273e-01   4.5754756e-01   6.1969432e-02   3.2164495e-01   2.4496206e-01   3.5355920e-01  -3.8390343e-01  -4.1276102e-02   6.2394685e-01  -4.0411626e-01  -8.1511704e-02   4.0604068e-01   2.8308296e-01   4.5454062e-01   1.7146139e-01   4.2512900e-01  -9.5625410e-02   3.1124665e-01  -4.9185230e-01   2.6333583e-01  -2.9817363e-01   2.3289818e-02   2.7648099e-01  -1.7857944e-01  -3.8326059e-02   5.2113592e-01  -7.7183877e-04  -2.7536938e-01   3.4161695e-01   2.6250818e-01   3.9513124e-01  -2.0281751e-01   6.0048111e-02   2.0614081e-01   1.3352595e-01   4.4169287e-01   3.1495567e-02  -3.9429528e-01  -1.7503990e-01   1.0046488e-01   5.8090875e-02   4.3455098e-01   4.7927266e-01  -5.6899979e-01   3.9116523e-01  -5.8336802e-01   3.0629445e-01  -5.7917657e-02   4.1715049e-01  -4.8331334e-01   2.7508264e-02   6.0958972e-02   1.0849251e-01   4.2120219e-01  -7.4813180e-02   1.2742275e-01   3.2535793e-01  -2.5358130e-01  -4.2283614e-01  -3.6890698e-01   6.1933808e-01  -9.0308576e-02   1.3394725e-01   7.6794985e-01  -5.0021780e-02   4.0088330e-01   6.6121979e-01   3.8900567e-01   4.3817546e-01  -1.6475268e-01   2.3072447e-02   1.5234189e-01   2.2478030e-01   1.9862652e-01   2.8810322e-01  -3.7385537e-01  -4.0330375e-01  -1.3637672e-01   4.9464914e-01   6.4212995e-01   2.2461398e-01   6.5771555e-02  -4.0018866e-01   3.3770011e-01   3.8760143e-01  -3.6478364e-01   3.6979455e-01   6.9910353e-01  -5.5120606e-02   1.3134788e-01  -2.2620406e-01   8.7823672e-02   2.8878357e-01  -5.6602297e-01  -1.0986068e-01   5.9161741e-01   4.4188883e-01  -2.3104936e-01  -2.9466467e-01  -1.7805252e-01   4.9342231e-02   1.2861605e-01   1.8120730e-01   3.1051282e-01   3.9902806e-01
   7.1836512e-02  -5.8613324e-02   2.2061498e-01  -2.8558917e-01   2.3787576e-02   3.2852017e-02  -2.3149921e-02   2.8467756e-01   0.0000000e+00  -1.9148470e-02  -4.4020001e-02  -8.7392687e-02  -5.9098075e-02   2.3055724e-01   1.5875532e-01  -2.6602933e-01   2.3697388e-01  -2.1984565e-01   1.3284050e-03   2.9264993e-01  -3.4530430e-01  -1.7787065e-01  -2.7287661e-01   1.9358884e-01   7.0262627e-02   2.7678810e-01  -2.5799306e-02   3.6770970e-01  -3.7001962e-02  -3.6492679e-01   4.4681242e-02   1.3227631e-01   1.2308740e-01  -1.5968608e-01   4.4614458e-01   6.5585555e-02   5.1461241e-02   2.0855941e-01  -2.5864566e-01   7.4065059e-04   1.8091991e-02   4.0224048e-01   3.9692375e-01  -1.6696670e-01   2.7852706e-01   3.3196578e-01   2.3693417e-01  -3.1588553e-01  -1.7962984e-01  -2.5062043e-01   1.0418209e-01   2.5005326e-01   1.4232735e-02   2.0170475e-02   2.1812697e-01   1.5481498e-01   1.6456800e-01   1.7075114e-01  -1.6995298e-02   2.8458792e-01   1.7694841e-01  -7.2508460e-02   5.6747847e-01   1.5553398e-01   6.3920878e-02  -2.4754838e-01  -1.4016762e-01  -2.4264716e-01   1.5950260e-02   2.3884182e-01   5.0926431e-02   3.3447960e-02  -1.0423949e-01   1.6648638e-01   1.0870284e-01  -4.2734291e-02   1.4400094e-01   1.4635841e-01   1.9332271e-01  -2.2612504e-01   2.4836224e-01  -4.6553220e-02  -3.4144298e-01   1.8453282e-01   2.5553812e-01  -4.9844972e-02   3.0497421e-01   1.9652754e-01  -1.3671415e-01   1.1515593e-01   2.9344071e-02   3.7290329e-01   8.5290198e-02   3.8253453e-01   1.0729617e-01  -6.0294271e-02   9.3799281e-02   3.1934452e-01  -2.5351301e-01  -1.6597841e-01   4.7516580e-01   2.0061659e-01  -1.6119111e-01   8.5689816e-02   5.6095172e-02  -2.7778674e-01   4.9447167e-02   7.8249692e-02   2.7955897e-01  -2.9900374e-01  -2.0175488e-01  -2.9808057e-01  -2.2920079e-01  -1.1517187e-01   2.9939213e-01  -1.0451014e-01   1.1886908e-01  -1.8905688e-01   9.8151713e-02   1.5555376e-01   2.9485117e-01   1.9788534e-02   4.4950964e-01   2.6082645e-01   4.1330101e-01   3.8254209e-01   9.1229487e-02  -3.1511799e-01   5.5072522e-02   5.9580300e-02  -4.3797745e-01  -1.0092547e-01   2.6974335e-01  -2.8607084e-02   4.7339071e-01   2.2618164e-01   1.7848864e-01   5.5385654e-02   1.3535494e-01   9.5119235e-02   2.1236026e-01  -1.9654377e-01  -1.4101744e-01   1.6495269e-01   1.4911057e-01  -1.4211372e-01   1.3474123e-01   2.3346870e-02  -4.6357070e-02  -2.5814085e-01   5.1111178e-01   7.6137273e-02   4.0989316e-01   8.6180305e-02  -2.2323857e-02   3.8876789e-01  -3.2442501e-03  -1.1924045e-02   3.2259040e-01   1.8974618e-01  -1.3787459e-01  -9.4893217e-02  -5.7657081e-02  -3.2696666e-01   2.1819859e-01  -2.9033010e-01  -1.1555059e-01   2.1333487e-01   3.5553383e-01  -2.3192072e-01   2.6079454e-01  -1.3724525e-01  -2.7741870e-01   1.1482257e-02  -9.0696965e-02   2.8467446e-01   1.7976231e-01
  -1.2858753e-02  -2.4908962e-02  -2.3572753e-01  -1.6442348e-01   6.5972277e-01  -2.9299030e-01  -4.3614659e-02  -1.9283311e-01  -1.9148470e-02   0.0000000e+00  -5.0341405e-01  -2.3876003e-02   3.4730136e-01  -1.2974154e-01   1.0943630e-01  -2.8992514e-01  -1.8042633e-01  -1.6648400e-01  -4.4723434e-01   6.0241491e-01   1.1159713e-01  -1.9090044e-01   1.2231846e-01  -3.1068915e-01  -1.7709634e-01  -3.7078788e-01  -1.5989354e-01  -1.8887222e-01  -1.4699994e-01  -2.3956314e-01  -1.4427415e-01  -5.2524193e-01  -3.4543212e-01   2.8074217e-01   1.9758876e-01  -7.3931083e-02   4.9099767e-01  -2.6685701e-01  -2.4139567e-01  -5.7223270e-02   2.2990399e-01  -1.4206137e-01   4.6365766e-01  -3.7362426e-01  -2.2575791e-01  -3.2966913e-01  -2.3475450e-01   9.6419984e-03   1.0179962e-01  -3.1183615e-01  -3.2436264e-01  -3.0964465e-01   1.3205289e-01  -2.7174178e-01   3.2802913e-02  -4.3749659e-01  -3.5956161e-01  -4.4538018e-01  -1.9730218e-01  -1.5465436e-01  -1.7767669e-01   2.0628895e-01  -1.2476852e-01  -2.6378874e-01   3.8139358e-02   4.4880687e-01  -3.5735163e-01   2.1440076e-02  -3.7751445e-01  -1.4598633e-01   8.4787566e-03  -4.1300754e-01  -3.7270507e-02  -1.1118946e-01   1.0726533e-01  -1.9932659e-01  -4.3238867e-01  -1.1647236e-01   5.7891122e-02  -2.7073800e-02  -3.0960462e-01  -2.6295124e-02  -1.3709840e-01   4.9421875e-02   7.6478213e-02  -2.8784621e-01  -8.8866042e-02  -2.3124624e-01  -2.3756580e-01  -2.6700039e-02   6.3006229e-01  -1.1773432e-01   5.7991868e-02   1.9780231e-01  -2.3040675e-01   7.7074086e-01  -2.0755019e-01  -1.6434189e-01   1.3996637e-01   4.8712701e-01  -1.1490425e-01  -2.8358694e-01  -1.4140444e-01  -1.4495819e-01  -4.3002708e-01  -1.0684366e-01   3.8583934e-02  -3.4259553e-01   6.0354379e-01   1.5684389e-01   8.1398481e-02  -3.2241341e-01  -1.5209837e-01   5.8549239e-02   6.4254417e-02   7.5906900e-02  -5.0354638e-01  -1.8944059e-02  -9.1833008e-02  -3.7731318e-01  -2.1954107e-01   5.3041245e-01  -1.5453052e-01  -5.4970610e-02  -4.3146908e-01  -1.3095810e-01  -3.8854168e-02  -3.3031815e-01  -3.0763968e-01  -1.3827152e-01  -1.2421990e-01  -1.7884743e-01  -8.5507514e-02   2.6142003e-01  -2.4788883e-02  -2.5775027e-01  -1.4077667e-01  -1.8236738e-03  -3.2752948e-01  -1.6369840e-02   4.4797194e-02   3.3253941e-01  -4.3898481e-01  -3.1299111e-02   1.6083569e-01  -1.1472663e-01   8.7327133e-02   4.7333327e-01   2.9574879e-01   2.8476851e-01  -2.8194850e-01   1.8665653e-02   4.9819107e-02  -1.6838551e-01  -5.0783506e-03   1.2778625e-02  -8.7783675e-02  -1.2949648e-01  -8.0638635e-02  -1.7759719e-01  -1.1902814e-01  -4.2724044e-01   5.4201691e-01  -1.7482734e-01  -4.9324932e-01   1.3651332e-01  -1.4988090e-01  -3.0284823e-01   5.6725536e-03  -5.0666001e-02   3.4493799e-01  -1.7244538e-01  -1.1022931e-01  -3.5017588e-01  -1.7800619e-01  -6.8954356e-03  -3.1946601e-01
   5.1477433e-02  -2.0155876e-01  -1.6669541e-01   4.2888580e-01  -1.5887326e-01   4.9134397e-01  -3.2081413e-01   9.1807232e-02  -4.4020001e-02  -5.0341405e-01   0.0000000e+00  -3.8434068e-01  -3.2164373e-01   7.7292662e-02  -3.0445841e-01   3.7035489e-01  -2.9128538e-02   6.3069943e-01   7.8941232e-01  -1.8178971e-01   2.8227572e-01   4.6952010e-01   2.5021267e-01   6.7191262e-02   1.5785148e-01   2.0546526e-01   5.0579214e-01  -2.0105297e-01   6.2253999e-02   4.4196982e-01   2.2932902e-01   5.0635752e-01   5.0693050e-01  -4.9000823e-01  -3.3975491e-01   6.0318030e-01  -3.1979871e-01  -6.8685676e-02   5.5393236e-01  -6.0650441e-02  -1.2923113e-01   1.1109110e-01  -4.2263048e-01   6.6160737e-01   2.3978556e-01  -2.4661320e-02   8.1789948e-01   1.1046164e-01  -2.3306775e-02   1.5282825e-01   7.1484368e-01   1.6846249e-01  -2.4955781e-01   3.0621567e-01   3.7986092e-02   3.7062323e-01   3.9911920e-01   6.7973280e-01   6.0695232e-01  -2.6626945e-01  -1.4197408e-01  -8.0587696e-02  -6.6743736e-02   4.7867077e-01   1.0872772e-01  -1.8364840e-01   6.4216494e-01   6.7538187e-02   9.0806156e-01  -1.7851513e-01  -2.9670935e-01   5.5921640e-01   1.5868711e-01  -2.5037142e-01  -3.3402035e-01   7.1131789e-02   2.2037552e-02   2.3051639e-01   1.4285779e-01   2.0306909e-01  -1.0763069e-02   6.3243971e-02   2.9200532e-01   6.9122270e-02  -2.6251308e-01   2.3613936e-01   2.1994121e-01  -1.4263129e-01   2.9722724e-01  -1.7695773e-01  -4.4295000e-01  -3.6995905e-01  -3.7384970e-01  -2.4964885e-01  -8.9718136e-02  -4.5853067e-01   4.8243838e-01   4.0764392e-01   7.8824055e-02  -4.6372088e-04  -1.7203138e-01   1.6437546e-01   3.3881439e-01   4.2698283e-02   5.6409473e-01   2.2361947e-01  -1.3831707e-01   7.7004824e-01  -6.1981113e-01  -1.5022909e-01  -3.8338267e-01   5.2004738e-01   4.0051308e-01   1.1044872e-02  -2.2180893e-01  -6.5490010e-02   4.8462892e-01   3.7651684e-02  -5.0755542e-02   5.1437269e-01  -7.1331843e-02  -3.7539454e-01  -2.0554239e-02   2.7848718e-01   2.0963336e-01  -3.1342863e-01   1.7042873e-01   3.9027674e-01   5.0803413e-01   6.2371962e-03   4.0218628e-01   4.5642647e-01  -2.6348500e-02  -8.9385370e-02  -1.1252042e-01   2.8909576e-02   8.6149744e-02  -2.5882496e-02   1.2254301e-01  -3.1571804e-02   5.5676837e-02  -4.7777700e-01   7.8011572e-01  -2.0568472e-01  -1.1263582e-01   4.9041574e-01  -4.0092160e-01  -3.1461941e-01  -2.0398858e-01   2.4827601e-01  -3.7792068e-02   2.2547779e-02  -2.1497443e-01   5.5972928e-01  -2.3398930e-01  -2.7138384e-01  -8.1458196e-02   3.7495553e-01  -1.3317347e-01  -9.3758691e-02   1.9401671e-01   8.5971247e-01  -3.2431947e-01   3.8954811e-01   4.7464413e-01  -2.3394936e-01   2.0270702e-01   7.7924544e-02  -4.4291831e-02   1.2608165e-01  -5.1031423e-01  -2.6160986e-01   3.5171660e-01   2.4990464e-01   9.5020690e-02   1.2840517e-01   5.6989707e-01
   6.4782465e-02   6.4449665e-01   4.9628196e-01  -9.5057800e-02  -3.5139454e-01   1.4535981e-02   7.8121291e-01  -7.9263024e-02  -8.7392687e-02  -2.3876003e-02  -3.8434068e-01   0.0000000e+00  -2.0936934e-01  -9.8662806e-02   6.4740668e-01   2.2081760e-02   5.3968051e-01  -4.3378623e-01  -2.0312656e-01  -1.3715170e-01  -5.4205146e-01  -3.3574022e-01  -2.9504761e-01   2.7554678e-01   7.8792714e-02   1.9774366e-01  -2.7911944e-01   3.2927189e-01   3.1423810e-03  -1.1292715e-01   3.3010204e-01  -1.3652589e-01   1.4288485e-01   7.4356859e-01   8.4783028e-02  -3.0993106e-01  -1.1504322e-01   4.3218192e-01  -1.7453927e-01   4.6542308e-01  -3.9059567e-01   4.9342623e-02  -1.0928376e-01  -3.1050281e-01  -2.8841728e-01   1.9500333e-01  -4.6476262e-01   2.8932657e-01  -3.2786296e-01   4.5874430e-01  -4.9329918e-01   1.1413126e-01   3.6990547e-01   2.0520219e-01   1.6455600e-01  -7.5305946e-02   2.1946086e-01  -2.9148839e-01  -3.1431914e-01   6.7670476e-01   4.2421645e-01   1.1461247e-01   4.1808539e-01  -3.4260135e-02   4.3622571e-03  -3.1958472e-01  -7.9098582e-02   7.2729804e-02  -4.7011260e-01   6.3792542e-01   7.2127189e-01  -3.8563004e-01  -2.1103453e-02   3.5497678e-01   2.3840396e-01   2.0769712e-01   3.4899498e-01  -1.8561475e-01   1.1858451e-02  -3.8296513e-02   1.9652642e-01  -5.2092215e-02  -4.9469605e-03  -5.0882382e-01   3.9121342e-01   1.3623350e-01   5.4010546e-02   2.3951344e-01   3.0999568e-01   2.1231710e-01  -4.9459974e-02   4.2196091e-01   6.3848309e-01  -3.5181642e-01   4.5383596e-01  -3.7743225e-02   1.0126387e-02  -4.5111822e-02  -2.3399579e-01   3.3648225e-02   3.2434789e-01   3.8696038e-01  -2.5639183e-01   3.6098850e-01  -2.7864019e-01   1.1641644e-01   4.8510477e-01  -4.3759767e-01  -1.5612087e-03  -2.4522517e-01   8.1345806e-01  -8.3790326e-02  -1.2229679e-02  -9.6255807e-03   2.4401392e-01   3.9191577e-02   6.6310634e-02   5.7777293e-02   1.2171468e-01  -4.6342820e-01   2.0187832e-01   2.4017696e-01   3.9206031e-01   4.5631249e-03  -1.1444164e-01   4.0802839e-01   4.3786025e-01   2.7697343e-01  -5.7922976e-02   4.5964582e-01  -1.5841357e-01  -4.0131567e-02   8.1676953e-02   6.0938924e-02   1.8095565e-01   1.9098117e-01   1.8260092e-01   2.4816056e-01   2.2809678e-01   2.7524940e-01   1.5678925e-01  -1.6960476e-01  -2.9518356e-01   6.6563094e-01   3.8470011e-01  -1.5768355e-01   5.0544204e-01  -4.6972588e-01  -9.5512591e-02  -4.3955877e-01   2.4473140e-01  -6.7119491e-02   2.3374573e-01  -9.3418252e-03   6.2348825e-01   7.1126712e-02   2.9775404e-01  -7.8649929e-02   4.3473312e-01   2.3549128e-01   5.3000212e-02  -3.6545354e-01  -1.5076768e-01  -1.1010212e-01  -2.1009205e-01   4.7749791e-01   4.0726995e-01  -4.6470128e-02   3.3077112e-01   2.6482192e-01   2.6583103e-01   3.3803246e-01  -9.2878165e-02   1.6042430e-01   3.6885163e-01   2.4555753e-01  -9.6812376e-02
  -1.3909191e-01  -2.4556672e-01  -2.6387469e-01  -3.8356860e-01   3.7440819e-01  -3.4201239e-01  -1.1553856e-01  -3.0193405e-01  -5.9098075e-02   3.4730136e-01  -3.2164373e-01  -2.0936934e-01   0.0000000e+00  -1.8924542e-01  -2.2398036e-01   1.3297752e-01  -4.5821237e-01  -2.7624098e-01  -4.0999903e-01   1.6102141e-01  -9.4228345e-02  -1.2177785e-01   1.5245017e-01  -4.1614863e-01  -1.2747389e-01  -3.6280783e-01  -1.2489106e-01  -1.1611866e-01   1.8192363e-01  -4.3144875e-01  -5.6423238e-01  -8.8762237e-02  -4.0672908e-01  -6.2872433e-02   9.8803179e-02  -4.2022838e-01   3.3681425e-01  -3.9067466e-01  -7.2661665e-02  -8.3944805e-02   8.4217668e-01   4.6020768e-02   2.2839826e-01  -5.2620686e-01   1.3745081e-01  -2.8125778e-01  -3.1839506e-01  -3.1189998e-01   5.6425374e-01  -4.1395462e-01  -6.1261118e-02  -2.8374577e-01  -1.9960718e-01  -2.2771582e-01  -2.6051480e-01  -2.8183352e-01  -5.0761966e-01  -2.7110675e-01  -3.0524017e-01  -1.2571155e-01  -4.3462983e-01   2.4843483e-01  -3.2778131e-01  -6.0341716e-01  -3.5515706e-01   2.6788473e-01  -4.8349037e-01  -2.4786810e-01  -3.0375308e-01  -3.2352643e-01  -2.1558742e-01   5.8775120e-02   1.0614182e-01   2.8465043e-02  -6.5834806e-02  -4.7547663e-01  -4.4743497e-01  -3.0940572e-01  -3.0846789e-01  -5.7247142e-02  -1.1107934e-01   3.6675139e-01  -5.1382207e-01  -7.3009763e-03  -2.0030822e-01  -3.1425941e-01  -4.5349549e-01  -1.1554838e-01  -5.1754183e-01   3.8805456e-02   3.1150626e-01   1.7680037e-03  -1.0543172e-01   3.3370560e-01  -4.3173258e-01   4.4495446e-01  -1.2566414e-01  -1.9744868e-01   7.4940583e-02   2.0504344e-01  -1.1843238e-02  -3.7929537e-01  -2.0433273e-01  -4.2411746e-01   9.6384811e-02  -3.8757761e-01  -3.9849603e-01  -2.5513628e-01   5.2059003e-01   6.6659307e-02  -8.4361741e-02  -1.3684431e-01  -4.0754057e-01  -2.7405917e-01   5.9691111e-02  -1.1601043e-01  -3.3393183e-01   3.5930968e-01  -1.2244436e-01   9.9015960e-02  -8.9393315e-02  -1.3478946e-02  -3.3789875e-01  -4.9092034e-01  -2.5910941e-01  -1.6004872e-01  -4.4906913e-01  -5.6835849e-01  -4.7003691e-01  -2.7483233e-01   1.3499679e-01  -4.8576181e-01  -1.7747815e-01  -2.7468999e-01  -5.5413964e-02  -4.7054162e-01   7.6698750e-02  -2.2158372e-01  -2.6247426e-01  -4.3084656e-01  -2.7776352e-01   8.5907986e-01  -3.2856783e-01  -3.0384309e-01  -8.4200131e-02  -4.5269603e-01   1.0453251e-01   5.1417058e-01   3.1064150e-01  -1.2872984e-01  -2.3083183e-01  -6.4643928e-02   1.2371378e-01  -4.2174153e-01  -1.0662857e-01  -2.9738836e-02  -4.5929497e-01  -1.0265246e-01  -3.5369054e-01  -1.2763120e-01   1.3361301e-01  -3.7532071e-01   9.4720857e-02  -3.5625569e-01  -7.2270579e-02   1.1189330e-02  -4.9917569e-01  -1.7508111e-01  -3.4284996e-01  -4.2241557e-01   1.7616664e-01   8.2430967e-02  -3.6212257e-01  -4.4122027e-01  -4.0647145e-01  -5.5339416e-01  -4.2336331e-01
   5.7342829e-01  -2.5874610e-01   1.3900459e-02   5.1243133e-02  -1.2218382e-01   9.0622442e-02   1.9353698e-01   5.8538159e-01   2.3055724e-01  -1.2974154e-01   7.7292662e-02  -9.8662806e-02  -1.8924542e-01   0.0000000e+00   1.2670048e-01  -2.0614677e-01  -3.9696662e-02  -1.9574742e-03   7.8548266e-02   4.1134641e-02  -9.8189035e-02   1.9213369e-01  -3.0717610e-01   6.6470556e-01   1.2603841e-01   5.1067486e-01  -2.4061597e-01   4.9649016e-01  -4.8794092e-02  -1.5756343e-01  -7.0133557e-02   1.1585193e-01   2.8908427e-01  -3.8352877e-01   3.0563298e-01  -1.7331046e-01   8.1854569e-02   1.0173423e-01  -3.5062113e-01  -3.5573820e-01  -2.8547302e-01   1.9469876e-01   2.4670765e-02   2.7264251e-01   5.4372577e-02   3.4699858e-01   1.1751052e-01  -2.4626791e-01  -4.0407514e-01  -1.9122343e-01  -4.4562922e-02   5.8776869e-01  -3.6844336e-01   7.6140469e-02   3.4370031e-01   2.7965457e-01   3.2032570e-01   2.5389272e-01  -2.6577750e-02  -1.5646057e-01   2.6236215e-01  -2.6932109e-01   8.9755859e-02   2.3967558e-01   1.2801951e-01  -4.6240668e-01  -1.4513651e-01  -8.5068463e-03   1.9049714e-01   1.9256055e-01  -1.9869219e-01   6.6188292e-02  -3.1904867e-01   3.3307907e-01   3.0536476e-01   4.0588670e-01   2.1329606e-01   2.5844541e-01  -1.8752907e-01   5.8498581e-03   5.5310780e-01  -3.3033340e-01  -3.1490491e-02   2.6008484e-01   3.9178155e-01   3.3350121e-01   3.3984029e-01   5.8172403e-01  -7.2286737e-02   3.5447744e-01  -3.0703203e-01   2.5118423e-01  -4.3024442e-01   1.1641132e-01   1.7621712e-01  -6.0297121e-02  -1.4207304e-01   3.9515549e-01  -2.4927519e-01  -1.0579562e-01   3.1901267e-01   7.8436124e-02   2.0617508e-01  -3.5472405e-03  -3.8968568e-02   1.3156079e-01   4.4216167e-02   3.2430407e-01   8.5755683e-02  -4.4423291e-01  -2.7498847e-01  -6.0446217e-02   5.5447257e-02   6.1958054e-01   3.6267640e-01  -3.7829545e-01   2.5388056e-01  -2.4886200e-01   2.3120865e-01   2.7217124e-02   2.8789870e-01  -2.4277719e-01   1.2698587e-01   9.8218341e-03   2.0325117e-01   4.8792574e-01  -2.5209905e-02   2.3827354e-01   2.4975683e-01  -2.2505209e-01  -4.1127559e-01  -3.3268591e-01   4.5404297e-01  -1.8560010e-01   1.9066159e-01   5.0804507e-01   1.3353420e-01   5.0352896e-01   4.4486573e-01   3.7403258e-01   3.9002378e-01  -2.4220300e-01   1.8688043e-01  -1.5762473e-02   6.3288190e-02   9.4858268e-02   2.4461742e-01  -3.0376161e-01  -4.4028589e-01  -2.2402968e-01   5.3182258e-01   3.4870874e-01   9.0917473e-02  -6.9309017e-03  -4.1505331e-01   2.9710425e-01   4.6757710e-01  -2.9123603e-01   2.9410133e-01   5.1768065e-01   9.9306991e-03   2.5075092e-02  -2.9221303e-01   8.5300495e-02   1.3072440e-01  -4.5618385e-01  -1.7272477e-01   4.4095758e-01   4.4401652e-01  -3.1838782e-01  -7.4031850e-03  -3.7614649e-01  -7.0944111e-02  -7.2309768e-03   1.6563115e-01   2.1808799e-01   1.8386684e-01
