   0.0000000e+00   8.7330928e-02   7.1636606e-02   1.1229149e-01   2.7378624e-02   2.6412817e-02  -4.9337336e-01   4.1862869e-01   4.5670693e-01   1.1677500e-02   1.8104399e-01  -2.5301593e-01   7.1381435e-02   1.2228979e-01  -2.9736381e-01  -2.0350933e-01   2.7896091e-01  -7.5286128e-02   3.4254332e-01   1.3737902e-02  -1.7157740e-01  -6.3277235e-03  -2.1687035e-01   5.5114999e-01  -7.9887223e-02   2.5054179e-01  -2.9390233e-02  -2.2517395e-01   8.1803365e-02  -3.2370150e-01  -3.6956435e-01   8.5129810e-02   2.2000386e-01  -4.2966591e-01   3.4043007e-01  -8.0852262e-02   1.8756137e-02   1.7683663e-01  -4.3081027e-02  -1.2858158e-01  -7.8698158e-02   1.1759638e-01  -7.9117252e-02   8.8434317e-02   1.2021429e-01   6.3576873e-01  -3.9822682e-02  -2.5553883e-01   3.5991510e-02  -3.5112583e-02   8.8746291e-02   2.4057120e-01   4.0097637e-02  -1.2243199e-01  -1.0759870e-02  -3.6333868e-01   9.7029468e-02  -1.0945280e-01   7.2833113e-02   1.3560165e-02   4.4277668e-01  -1.2304760e-01   3.0606712e-01   2.8323614e-01  -3.0748756e-02   2.2862731e-01  -6.8779161e-02   1.4187348e-01  -8.4278534e-02   5.1978321e-01  -2.2879723e-01  -9.4339446e-02  -1.3525435e-01   3.8347427e-01  -2.9491165e-02   5.4221109e-02   3.7557795e-01   2.8738853e-01  -3.9294012e-01  -1.1168782e-01  -3.9006123e-01  -1.4370930e-01  -1.3241934e-01   1.2954773e-01   2.5366458e-01  -5.0915000e-03  -3.0010958e-01  -6.7395263e-02   1.1116273e-01   6.7522156e-01  -7.7623825e-02   8.5304686e-02  -3.3863368e-02   2.8730931e-01   4.1196759e-01  -9.2639171e-02  -2.5557314e-02   3.7794046e-01   3.2747965e-02  -1.5068477e-02   7.3501412e-02   1.7296769e-01  -2.2266149e-01   3.9614831e-02  -1.3402184e-01   2.0101274e-01   1.0233544e-01   2.3855362e-01  -1.4627553e-01   2.9531194e-02  -3.3044695e-01  -2.7746672e-01   9.1018770e-02   7.5466428e-01  -1.7704472e-01  -1.0493817e-01   2.3511584e-01  -1.7359242e-01  -1.7378446e-01   1.8806600e-01   6.4988618e-01  -8.4837622e-02   1.2482154e-02  -2.4837274e-01   3.2391526e-01   3.9962998e-01  -2.1385345e-01  -7.8922583e-02   1.7724869e-01   3.7656875e-01  -3.9802973e-02  -2.0720127e-01   6.1236144e-01  -3.2157586e-01   1.2829263e-01   3.4573685e-01   5.5281955e-02  -4.4915779e-01   1.5274380e-01   6.2092503e-01   4.1786881e-01   2.2667235e-01  -9.7375200e-02  -1.6202398e-01  -4.5834181e-01  -3.1325256e-01  -3.6431180e-01   2.0759168e-01  -2.2842480e-01  -3.3167000e-01   6.3183589e-01  -2.6554138e-01   3.5078871e-01  -2.1164406e-01   1.2977414e-01   5.2624353e-01   6.2990302e-01   9.9866842e-02   3.6688973e-01  -1.3030965e-01  -7.1681597e-02   4.8187729e-03   3.9827209e-03   4.8729920e-02   1.2409018e-01  -3.6867311e-01   4.2229715e-02  -1.3313190e-01   5.0610352e-01  -1.5988927e-01  -2.7271762e-01   1.7020686e-01  -2.1116251e-02   7.2042351e-02  -1.2937069e-01   9.7627218e-02   2.1462618e-01
   8.7330928e-02   0.0000000e+00   3.4202486e-01  -1.7903731e-01   2.1874522e-01  -3.8291236e-01  -1.8532555e-01  -1.0124511e-02   1.2826309e-01  -4.3970314e-01  -4.7280714e-01   2.5991882e-01  -4.7675692e-02  -2.3115660e-01  -6.1611399e-01   1.0554148e-01   5.0602391e-01  -3.6917279e-01  -2.0354911e-01   1.2763821e-01  -2.3584815e-01  -4.9647190e-01  -6.6907984e-01  -3.0826238e-02  -9.1306239e-02  -3.2439161e-02  -1.6700165e-01  -4.8876462e-01  -5.2220506e-02  -1.9157800e-01  -3.8451844e-01   2.7663271e-02   1.4898695e-01  -1.9403250e-01  -2.0317659e-01  -2.8957465e-01   3.4082129e-02   2.8604074e-01   2.2841512e-01   3.9160699e-01   7.0413639e-02   9.1278077e-02   1.2506078e-01  -1.6464577e-01  -3.2887227e-01   1.5528292e-01  -5.4297320e-01   4.1648542e-01   8.5389824e-02   6.9529047e-01  -3.1997290e-01   1.3432504e-01   6.4185080e-01   1.0052986e-01   7.2684798e-02  -3.8594583e-02  -3.1788397e-01  -2.9560116e-01  -1.5332567e-01  -1.8271076e-01   3.7290054e-02  -2.7816644e-01   3.3012371e-01  -6.2613236e-02  -7.2587326e-02   1.7451127e-01  -2.3038370e-01  -2.3316268e-01  -4.9991426e-01  -2.3297550e-02   6.8072825e-01  -4.6176189e-01   2.3935102e-01  -5.1777661e-03   9.9431768e-02  -2.6609319e-01   2.5346552e-01   8.4249373e-02   1.6334237e-01  -2.1083888e-01  -6.1722295e-01   2.1662964e-03  -2.0426345e-01  -2.5373029e-01  -1.9549832e-01  -1.4746167e-01  -2.6306856e-01  -4.6820981e-02   3.9344826e-01   1.8891707e-03   6.2376495e-01  -2.1095385e-02   3.2118530e-01  -5.1433582e-02   2.1930109e-01   1.8643554e-01  -2.4059591e-01  -5.1088636e-02  -1.2817022e-01  -4.4564797e-01   7.2741395e-02  -2.9025165e-01  -4.7950793e-01   4.6186413e-01  -3.3890651e-01  -1.6449139e-01   8.0279613e-02  -2.8217931e-01  -1.0305480e-01   7.0583973e-01  -1.8286410e-01  -5.8909000e-01  -2.5268828e-01  -2.1633489e-02  -2.0326890e-01   5.7645615e-01   1.6522492e-01   6.6249856e-02  -2.8768307e-01   3.4554861e-02   4.7713632e-02   5.0382595e-01  -6.7717910e-02  -6.5204628e-02   3.2627755e-01  -2.0334605e-03  -4.9916970e-01   3.1082469e-01  -3.8249737e-01   2.4479944e-01   2.1580800e-01   1.4525348e-01  -2.0589793e-02   1.5580804e-02  -2.1369680e-01  -1.9714236e-01  -4.2066645e-02  -3.4892631e-01  -1.4387952e-01   1.4501255e-01   5.4078374e-02   2.5807332e-01  -2.3484345e-01   1.1783363e-01  -3.5555268e-01  -4.4000377e-01   1.8627869e-02   7.4267668e-01   6.0715252e-02  -2.3245637e-01   1.8664494e-01  -2.5719504e-01   1.9383744e-02   1.7248201e-01   8.1430494e-01   1.4339837e-01   4.8971579e-02  -2.1942402e-01   2.0295515e-01  -3.2372903e-01  -4.2037881e-01  -1.9739107e-01   5.3044179e-02  -4.6275945e-01  -7.7176116e-02   2.4530747e-01  -1.2478211e-02  -1.6143552e-01  -5.4652123e-02   4.0989923e-01   3.3849926e-01   3.1013776e-01  -3.2198842e-01   3.7887403e-01  -1.4091965e-02   9.9807654e-02  -3.1904056e-01
   7.1636606e-02   3.4202486e-01   0.0000000e+00  -4.1276990e-02   9.9087763e-02   4.0245220e-01   9.6514012e-02   5.6952602e-02   7.1194048e-02  -2.9235740e-01  -2.8991451e-01   5.4901433e-01  -2.3072211e-02  -2.7099511e-01  -2.6524469e-01   2.6800666e-01   7.1126634e-01  -2.8661427e-01  -2.5753414e-02   1.4944049e-01   2.4898526e-03  -2.1251046e-01  -1.7597441e-01  -3.3145041e-02   6.5025568e-03  -1.1663191e-01   2.2349174e-02  -1.2296874e-01   1.3185268e-02  -2.6481466e-01  -4.3185267e-01   2.6431640e-01   4.4401625e-01   8.2964067e-02  -2.2639447e-02  -3.4122398e-01  -1.7691906e-01  -5.1637012e-03  -4.9552932e-02   5.2188685e-01  -1.1941660e-01   6.1887111e-01   7.4813423e-02  -2.9530850e-01  -4.5814496e-01   6.5464582e-02  -3.6247519e-01  -7.6781109e-02   1.2080686e-02   5.3759763e-01  -4.2479188e-01   1.8346422e-01   5.9398577e-02   1.6322663e-01   1.2196004e-01  -1.0840129e-01   1.0556255e-01  -2.3519381e-01  -8.4690510e-02   2.1327038e-01   2.3959540e-01   7.2498452e-02   4.2969942e-02  -4.0007513e-01  -4.7586282e-01   2.9736111e-01   2.8612303e-01  -1.1990701e-01  -2.3690353e-01   3.9011464e-01   4.7500959e-01  -4.2788238e-01  -1.7678156e-01   3.1755337e-01  -4.0206646e-02  -1.1962301e-01   1.5400391e-01  -4.0372207e-02  -2.2106159e-01  -1.1064419e-01  -3.1097775e-01   6.8307101e-02   6.2909076e-02  -1.7867246e-01   1.2137627e-01  -5.3228372e-02  -2.3315883e-02  -4.9349839e-02   2.1485318e-01  -7.1059906e-02  -1.0817365e-01   7.2322308e-01   6.8153013e-01   2.7025115e-02  -3.0040951e-02  -5.8538905e-02  -2.2105440e-01  -1.3651442e-01   6.8197909e-02  -3.6130162e-01   8.8647740e-02  -1.4243353e-01  -3.8850204e-01   1.8601902e-01  -3.4583125e-01  -9.0176778e-02   4.1961340e-01  -2.2631403e-01  -2.4533818e-01   2.3806888e-01   2.2210897e-01  -3.0280979e-01  -5.2124120e-02  -1.5475500e-01   3.2482957e-02  -1.3928939e-01  -4.0147601e-02  -3.3675520e-01   1.9875951e-01   3.1436690e-01   2.6858838e-01   4.3401466e-02  -7.9483486e-02  -3.5125156e-01  -4.8574854e-02   3.2509918e-01  -2.1008886e-01  -3.7609919e-02  -2.6413749e-01   3.7982957e-01  -8.5030282e-02  -2.6021396e-01   1.5183619e-01  -2.3742456e-01   5.9636071e-02  -1.8090470e-01  -1.0708544e-01  -1.9329505e-01  -5.0608236e-02   1.3719156e-01   1.9155197e-01   2.4957621e-01  -3.3786587e-01   7.0811034e-01  -8.4753406e-02  -3.9309833e-01   5.9728545e-01   3.9728696e-01   4.9588744e-01  -2.7822971e-01   1.2597558e-01  -1.7002982e-01   5.9719650e-01  -2.1497651e-01   6.0063416e-01  -3.7688948e-02   2.5301800e-01  -1.2155785e-01   6.9062459e-01  -3.2300744e-01  -1.9185482e-01  -1.8950505e-01  -2.1488413e-01  -4.2881678e-01   2.8952828e-01  -5.9691300e-02  -4.0183991e-02   2.1602968e-01   3.7561716e-01   3.7158587e-01  -6.4984218e-02   2.0019156e-02  -5.1028943e-01   7.5113566e-01  -1.7738976e-01   2.6302830e-01  -1.2406318e-01
   1.1229149e-01  -1.7903731e-01  -4.1276990e-02   0.0000000e+00  -7.0418997e-02   3.4099731e-01  -1.4185565e-01   2.5586439e-01   1.6483548e-01   3.0932918e-01   3.6775991e-01  -1.5844198e-01  -5.5759157e-02  -5.6949666e-02   1.3261417e-01  -1.6526428e-02   1.5685291e-03   3.0283465e-01   1.8493657e-01   5.7102958e-02   1.1170255e-01   3.5630169e-01   1.6191379e-01   1.4576060e-01   3.1735904e-01   1.9766521e-01   1.9239791e-01  -2.9170661e-02   2.3267572e-01   4.0756322e-02   9.8769217e-02   2.9057768e-01   1.9598684e-01  -1.3873609e-01   2.3991307e-01   5.3239880e-03  -1.8300662e-01  -2.1748292e-01  -7.4415835e-02  -7.1670222e-02   1.5264704e-01   2.5249801e-01  -1.1399156e-01   1.5866036e-01   1.3217614e-01   2.4590368e-02   2.0776875e-01  -2.1989187e-01  -2.1699564e-01  -2.4184831e-01   3.8486816e-01   9.3906916e-02  -1.2149609e-01   2.4579077e-01  -2.0701746e-02   2.1203148e-02   2.8442471e-01   2.8863637e-01   6.3327934e-01   7.5458859e-02   1.7435132e-01   1.6631838e-01   1.2238692e-01   1.6212987e-01  -1.8995242e-02  -1.5275113e-01   3.5415896e-01   4.7812575e-02   4.2031950e-01   1.7149712e-01  -2.0711720e-01   3.9496507e-01   3.7424597e-02   1.2294667e-01   2.2614665e-01   2.3013514e-01   3.2740969e-02   6.9057960e-02  -2.0771710e-01   4.8993842e-01   8.1013313e-02  -1.4424598e-01  -1.7770236e-03   2.1432456e-01  -1.7882899e-02   3.3240566e-01   1.1964909e-02  -1.0208204e-01   1.8022548e-01   5.5164026e-02  -2.8716098e-01   1.3764955e-01  -8.4175751e-02   1.5143406e-01  -1.0439929e-01  -1.0711261e-01   5.2020279e-01   3.2563080e-01   1.3709288e-01   3.9595636e-02  -3.8935794e-02   1.8418341e-01   1.9604031e-01   6.7613499e-02   3.1448659e-01   6.1271725e-01   2.9054910e-01   4.7202852e-01  -1.7894719e-02  -3.3673315e-01  -7.8252700e-02   2.8271802e-01   5.6724165e-01   1.3650979e-02  -3.7298669e-02  -3.7527908e-01   3.4132481e-02   1.0056034e-01   2.4996376e-02   3.1038166e-01   2.3886590e-01  -6.1641360e-02   1.0994712e-01  -4.6844599e-02   7.9695855e-02   2.7568813e-01   1.0346997e-01   3.0241407e-01   4.1968552e-01   1.1239990e-01  -2.3262287e-01  -3.0477196e-01   2.4152693e-01  -7.4547912e-02   4.3239202e-01   3.4311020e-01   3.8659645e-01  -1.7216655e-02   2.6693519e-01  -1.4215012e-02   3.3943708e-01   9.2745667e-02   3.1096714e-01  -8.7260117e-02   3.8151555e-03   1.6621352e-01  -2.4529083e-01  -1.9608489e-01  -2.9607483e-01  -1.2721494e-01  -1.2264243e-02  -3.6894180e-02   2.0368784e-01   2.9909478e-02  -1.2029577e-01  -1.1622806e-01   1.0590410e-01   4.4814511e-01   2.2930842e-01   6.0807962e-04   4.1216770e-01   3.9157514e-01  -7.3986025e-02   4.9738186e-01   3.9016193e-01  -3.7241696e-01  -1.1741108e-01  -1.5159662e-01   2.8612933e-01  -3.3799916e-01  -2.9658286e-01  -2.8701146e-01   2.0986784e-01  -9.3916918e-02   3.7426741e-01   2.5121708e-01   5.7389711e-01
   2.7378624e-02   2.1874522e-01   9.9087763e-02  -7.0418997e-02   0.0000000e+00  -7.7402312e-02  -2.5169210e-01  -4.1785981e-01   2.5746258e-02   7.7532027e-02  -3.7220165e-02  -7.9684470e-02   2.3337533e-01  -2.3787307e-01  -1.4545354e-01   2.0369842e-01   2.8317500e-01  -4.6814269e-02  -1.5095345e-01   5.6908832e-01   3.5570538e-02  -3.8222109e-01  -1.9933739e-01  -3.4548775e-01   2.4196860e-01  -3.1432302e-01   3.3480388e-01  -2.0864604e-01  -2.6749355e-01  -2.9099256e-01  -2.1807346e-01  -2.6798714e-01   1.5842162e-01  -1.8904370e-01  -2.1341348e-01   4.6650281e-01   1.6874305e-01   3.7762281e-02   2.4393334e-01   3.3827061e-01   3.9763688e-01   2.0471288e-01  -2.7855978e-01  -2.3773315e-01   2.0111015e-01   1.8846937e-01   7.1890352e-02   1.3751914e-01   2.5757077e-01   3.5445461e-01  -1.8870185e-01  -1.8401186e-01   3.0990584e-01  -1.4126128e-01   6.3644149e-02  -1.1491768e-01  -2.6216368e-01  -3.7867429e-01   2.1992164e-03  -2.5417714e-01  -9.5180427e-03  -7.8283803e-02  -9.8183169e-02  -1.5346798e-01   1.2519882e-01   3.0576376e-01   5.8074334e-02   1.4605413e-01  -1.4147344e-01   6.7561716e-02   2.0708029e-01  -1.9115512e-01   2.7123287e-01  -1.0007633e-01  -1.1657828e-01  -5.4296549e-01   1.2813232e-01   7.9302180e-02   1.9337112e-01   1.6493724e-01  -4.6645278e-01   1.7145870e-01   2.1776040e-02  -4.3786148e-01   2.8224818e-03  -5.0508516e-01  -7.9881025e-02  -1.8145917e-01   1.4631597e-01  -1.1671244e-01   3.3865080e-01  -8.6556511e-02   2.5044015e-01  -1.1102717e-01   1.8512676e-01   2.3468332e-01  -2.2921731e-01  -1.0900119e-01   1.9180390e-01  -7.9145968e-03   9.8919430e-02  -1.2046747e-01  -2.8104314e-01   5.2197210e-03  -3.5434585e-01  -2.1439092e-01   2.3978019e-01  -1.8301729e-01  -1.6359305e-02   3.8529731e-01   1.0683335e-01  -3.7914323e-01  -1.2885449e-01  -9.2721351e-02   2.0114067e-03   3.4207348e-01   7.9006043e-02   3.7086182e-01  -4.6346880e-02   9.4385297e-02  -1.9022546e-01   2.0438110e-01  -2.2794854e-01   1.2591229e-01   1.6344025e-01  -3.2513423e-01  -1.7353743e-03   3.0157624e-01  -3.8231321e-01   2.5085058e-02   2.5663449e-01   4.4044736e-01  -2.2599532e-01   8.7853788e-02  -2.5018506e-01  -5.4949866e-01  -4.6835564e-02  -2.2606699e-01  -5.2367603e-01   5.8086154e-02  -1.2062897e-01   2.0288419e-01  -1.6831368e-01   1.7952316e-01  -3.8501886e-02  -4.0659604e-01  -1.1409862e-01   4.1378746e-01   5.7619611e-02   6.1578995e-03  -2.6538019e-03  -2.0055606e-01  -1.1646188e-01   1.6347687e-01   3.7348424e-01  -5.4727121e-02  -1.8260547e-01  -4.8319015e-02   8.0487855e-02  -3.0655433e-01  -2.2837210e-01  -1.2616075e-01   3.9845932e-01  -2.8000137e-01  -2.7307946e-01   1.4109858e-01   3.1528872e-01  -1.7992419e-01  -1.7645177e-01   3.0662399e-01   1.0291494e-01   1.2233210e-01   8.7654017e-02   2.5205093e-01  -5.3861636e-02   3.3920346e-01  -3.9481381e-01
   2.6412817e-02  -3.8291236e-01   4.0245220e-01   3.4099731e-01  -7.7402312e-02   0.0000000e+00   1.8856207e-01   7.1005229e-02  -1.3186364e-01   4.2993961e-01   1.7770448e-01   2.2670627e-01  -1.4467372e-01   6.8021280e-02   4.0140247e-01   1.0787600e-01   1.6648576e-01   6.8916381e-02   3.9220102e-01   1.2053998e-01   1.7994287e-01   3.7626922e-01   4.9841901e-01   2.8324902e-02   1.5400031e-01  -1.1767115e-02   3.8206295e-01   2.1223094e-01   1.3872154e-01   1.3268441e-01  -8.4325003e-02   3.0900137e-01   3.2450339e-01   2.1064515e-02   1.8761984e-01  -2.0783284e-02  -3.4254261e-01  -3.3512993e-01  -1.2892984e-01   2.8345921e-01  -2.4194186e-01   4.5168679e-01   4.2353651e-02  -1.8235708e-01   1.0332307e-02  -1.1623048e-01   2.4839408e-01  -3.8707341e-01  -3.6577101e-01  -3.3728919e-02   1.4129169e-01  -6.6398442e-02  -4.1005383e-01   2.0683395e-01   1.5230358e-01  -2.5194228e-01   6.1605286e-01   2.0429125e-01   1.6545223e-01   4.3804972e-01   1.2380628e-01   2.2862914e-01  -1.4346690e-01  -3.8137453e-01  -4.5714378e-01   2.0024693e-01   7.1267659e-01   4.6968847e-02   3.2167071e-01   3.0442899e-01  -2.6084081e-01   2.4900780e-01  -2.6914903e-01   3.3232622e-01   4.9809199e-02  -3.0308017e-02  -7.0012349e-02  -3.1057393e-02  -2.8345220e-01   2.5368899e-01   2.0347687e-01   3.0819119e-02  -5.4045483e-02   6.9094953e-02   1.2528892e-01   9.4917751e-02   3.1728312e-01   4.1941050e-03   8.5785899e-02  -2.6815104e-02  -5.1787536e-01   5.9102820e-01   2.3602758e-01   1.1529988e-01  -2.6906136e-01  -2.9371925e-01   1.2822785e-01   8.1566847e-02   1.0343475e-02   2.4313797e-01  -1.7960288e-01   2.1061262e-01   5.5546469e-02  -1.4559987e-01   1.0880155e-01   1.3540549e-01   4.6895995e-01   2.0187395e-01  -1.2233102e-01  -4.0340494e-01   8.2481733e-02   4.5279422e-01   3.8874098e-01  -8.5045867e-02   4.9184795e-02  -5.9650382e-01  -3.1750209e-01  -1.9026350e-01   2.4982582e-01   3.7901833e-01   1.8722928e-01  -9.0702671e-02   8.9007208e-02  -1.6015868e-01  -2.4265917e-01   2.6724068e-01   2.8084214e-01  -6.7378787e-02   1.6358437e-01   4.4195808e-02  -2.0702262e-01  -4.3359788e-01   1.4253994e-01  -1.6872667e-01   3.5120377e-01   3.9092052e-02   8.9189491e-02   5.8530167e-02   1.3156737e-01   2.5606065e-02   1.5417095e-01  -1.1184967e-01  -1.5402519e-02   4.3403886e-01   3.0339571e-01  -2.8341276e-02   2.9152425e-01  -2.8015711e-01   2.0052842e-01  -6.4678388e-02  -1.1419980e-01  -1.1502564e-01   4.2106418e-01  -3.5216854e-01  -8.4573120e-02  -5.0708032e-02   1.0253765e-01   1.7596609e-01   3.6493647e-01  -9.2544087e-02   3.0014835e-01   2.4603584e-02  -1.8598549e-01   9.0919521e-02   3.7069745e-01  -3.0678501e-01  -4.3241226e-02   6.5097976e-02   4.3803998e-01  -2.3873813e-01  -2.6514538e-01  -3.6215279e-01  -1.1616496e-01   3.1209334e-01  -4.2950441e-02   2.7546986e-01   3.0644169e-01
  -4.9337336e-01  -1.8532555e-01   9.6514012e-02  -1.4185565e-01  -2.5169210e-01   1.8856207e-01   0.0000000e+00  -2.5292433e-01  -3.4508423e-01  -6.6508900e-02  -3.8452665e-01   6.4047301e-01   1.0983678e-01  -1.1718489e-01   4.0401295e-01   6.3972045e-02  -2.6265950e-01  -1.4212280e-02  -2.8600032e-01  -1.0868819e-01   4.0910973e-02  -9.2373583e-02   3.8512340e-01  -2.4155079e-01   7.4015483e-02  -3.2391656e-01   2.3395024e-01   2.6263018e-01   1.8616784e-01   3.4655412e-01   1.7460493e-01  -8.8121175e-02  -1.4651623e-01   8.1664354e-01  -1.7949177e-01  -2.9671951e-02  -2.8312972e-02  -4.0043046e-01  -3.4418308e-01   2.7844961e-01   6.1030330e-02   2.4548961e-02   5.2301350e-01  -3.1503951e-01  -3.3116504e-01  -5.7445314e-01  -8.3378102e-02   4.2631934e-01  -2.1744641e-02  -2.3853303e-01  -1.4505716e-01  -7.7859720e-02  -2.3130880e-02   2.8223460e-01   5.5870492e-02   1.2057017e-01  -2.2129829e-01  -5.3667061e-02  -1.9384723e-02   3.5013830e-01  -5.2346775e-01   4.3717910e-01  -3.4166798e-01  -3.3229615e-01  -7.0389883e-02  -1.1491520e-01  -6.9854898e-03  -1.2031140e-01   8.6344659e-02  -1.5376782e-01   2.0548203e-01  -1.5472347e-01  -2.0909106e-01  -1.1627013e-01   2.2015468e-01   8.0882532e-02  -5.4099188e-01  -3.9589467e-01   4.2737752e-01   4.0023222e-02   5.3288136e-01   2.1209755e-01  -4.9053221e-02  -1.6903190e-01  -2.1425094e-01   1.4662003e-01   2.9886055e-01   1.5791437e-01  -3.1648782e-01  -3.3814670e-01  -1.9187945e-01  -1.1634903e-02   5.2392167e-02  -3.8946429e-02  -5.3255582e-01   1.7834141e-01   2.2500552e-01  -4.3301236e-01   1.4669605e-01  -1.3271462e-02   9.2805846e-03  -1.7197474e-02   1.5463009e-01  -1.6103331e-01   1.5545773e-01  -1.5501048e-01   6.6256636e-02  -2.2294070e-01   1.4844646e-01  -1.2513610e-01   3.4445433e-01   3.2589529e-01  -1.0312813e-02  -4.1955815e-01   3.4628496e-01  -1.1585612e-01  -2.2885414e-01   1.9783777e-02   1.1946696e-01  -1.8170279e-01  -3.5655776e-01   2.4804759e-02   6.6959103e-02   1.9039386e-01  -4.6526487e-01  -1.1085606e-01   5.3927164e-01  -2.0635043e-01  -1.9001512e-01  -3.4891958e-02  -2.2412709e-01   6.5877095e-02  -3.8207752e-01   2.9291807e-01  -1.5727075e-01  -2.1433016e-01   8.5936678e-02   5.5690879e-01   3.9260896e-02  -4.8252760e-01  -2.7144525e-01  -1.8455620e-01  -1.8856048e-02   2.8390939e-01   7.4248397e-01   1.7339747e-01   6.7009844e-01  -3.6490009e-01   5.0252047e-01   3.3107616e-01  -2.4057304e-01   3.7695801e-01  -2.0145963e-02  -7.1499412e-02  -1.4785199e-01  -4.2721441e-01  -4.7541798e-01   8.3586763e-02  -2.8455299e-01   4.3773064e-01   2.5286422e-01  -1.9139701e-01  -3.6125619e-01  -1.2329708e-01   1.0432674e-02   5.1074219e-01   5.6763247e-04   2.3337162e-01  -1.3408638e-01   1.6908033e-02   3.3718424e-01  -4.7711341e-01  -1.6939088e-01  -1.3094230e-01   5.2985369e-02  -2.4768830e-01  -1.6632583e-01
   4.1862869e-01  -1.0124511e-02   5.6952602e-02   2.5586439e-01  -4.1785981e-01   7.1005229e-02  -2.5292433e-01   0.0000000e+00   3.7513049e-01  -6.3299627e-02   1.9424228e-01  -1.7246468e-01  -1.3753583e-01   6.2111312e-02  -2.1911502e-01  -1.2957632e-01   1.0080453e-01  -7.0421793e-02   3.9797323e-01  -8.6027493e-02  -2.6816015e-01   2.2111457e-01  -1.6464916e-01   5.7420486e-01  -2.3961962e-01   4.8047297e-01  -1.7073258e-01  -9.1103670e-02   3.1841922e-01  -4.9680623e-02  -1.5474095e-01   3.7578853e-01   1.5682961e-01  -2.3848085e-01   2.7859572e-01  -3.2863648e-01  -2.0246782e-01   2.1664966e-02  -3.8002743e-02  -3.1448878e-01  -3.7832061e-01   3.1058540e-02   3.5768555e-02   3.5876919e-01  -1.6547145e-01   3.8314561e-01  -2.8085232e-02  -2.3393325e-01  -2.4890287e-01  -8.5984951e-02   3.5729849e-02   5.5523858e-01  -2.0182379e-01  -4.1482263e-02  -2.4115208e-01  -1.3054008e-01   3.5299330e-01   1.5084980e-01   1.2437026e-01   5.7062154e-02   2.6270064e-01  -2.1358177e-01   3.6377182e-01   3.3720852e-01  -2.2100395e-01  -7.5133566e-02   2.4254294e-02  -3.9650287e-02   2.6700048e-01   2.7527550e-01  -2.4465154e-01   1.4571731e-01  -1.9110019e-01   2.5030240e-01  -5.6976909e-02   2.9301723e-01   2.0817557e-01   2.9037428e-01  -2.4325232e-01  -5.6093214e-02  -1.6173165e-01  -2.5226996e-01  -2.0285547e-01   3.3865268e-01   1.0181494e-01   3.0845547e-01  -2.4476699e-01  -1.4705744e-02   6.3311636e-02   4.6825058e-01  -1.4658479e-01   2.0269647e-01  -3.9846831e-02   2.0397072e-01  -1.2614763e-03  -1.7197500e-01   7.6463695e-02   6.0566381e-01  -2.6221746e-01  -2.0251588e-01  -1.3088897e-01   4.0536784e-02  -8.7344996e-02   1.3795546e-02   7.5071675e-02   3.6319165e-01  -4.5388911e-02   4.9457751e-01  -6.1198622e-02  -2.3043886e-01  -2.8723244e-01  -5.5202651e-02   5.6350601e-02   4.3155615e-01  -1.5780384e-01  -1.0709554e-01   1.2443190e-01  -3.0170252e-01  -1.7503152e-01   1.0188262e-01   5.1420820e-01  -9.8705258e-02   2.1044765e-01  -2.5482642e-01   1.3808302e-01   3.9003406e-01  -3.4189701e-01  -1.0434549e-01   3.2603844e-01   2.4262204e-01  -1.2237659e-01  -3.1464574e-01   5.8116444e-01  -3.5591771e-01   2.8600019e-01   6.1940102e-01  -7.0412734e-02  -2.7096206e-01   4.9920315e-01   3.1466590e-01   3.3091141e-01   1.1548063e-01   1.0584297e-01  -1.9965240e-01  -3.7951884e-01  -3.2783278e-02  -2.4303361e-01  -5.0205704e-02  -2.3659434e-01  -2.9928056e-01   3.4193329e-01  -1.6039451e-01   2.1942511e-01  -9.7407779e-02  -8.8376908e-02   3.3762097e-01   4.3049873e-01  -2.9703559e-02   3.0623202e-01  -1.3507259e-01   9.8609669e-03   2.7883413e-01  -2.5041322e-01   1.1966588e-01   5.0629168e-01  -2.2577465e-01  -1.8451954e-01  -1.2051912e-01   3.6284199e-01  -2.7535640e-01  -1.7057395e-01   3.4795700e-02  -2.1486637e-01  -6.9579608e-02  -1.3246058e-01   6.4210190e-02   4.5764352e-01
   4.5670693e-01   1.2826309e-01   7.1194048e-02   1.6483548e-01   2.5746258e-02  -1.3186364e-01  -3.4508423e-01   3.7513049e-01   0.0000000e+00  -1.8750935e-01   2.9878080e-01  -2.0288039e-01   1.4079714e-01  -2.6132606e-01  -3.8249899e-01  -2.2255434e-02   1.9892643e-01   2.0526031e-02   1.2370683e-01   4.9598010e-02  -4.2303703e-01  -1.2126903e-01  -3.4501530e-01   4.7497376e-01  -5.7992208e-02   3.4204748e-02  -8.0969093e-02  -2.1157519e-01   1.4720316e-01  -3.5415328e-01  -3.6293505e-01   3.2529173e-01   1.7922265e-01  -1.6602299e-01   1.9897293e-01  -2.4942651e-01   1.1187479e-01  -2.9449852e-02  -6.0176754e-03  -1.0238244e-01   9.3773526e-02   6.6129430e-02  -1.4612774e-02   5.0619414e-02  -2.6558339e-02   4.2351332e-01  -3.2862493e-01  -1.5687946e-01   1.8034384e-01   4.0429895e-02  -1.8265525e-02   3.1127721e-01  -7.6530553e-02  -2.0397510e-01  -2.7017824e-01  -2.0144468e-01   4.2245081e-02  -1.8457786e-01   2.3180435e-01  -2.2616270e-01   3.0039014e-01   7.0542432e-02   5.5463142e-01   4.0167939e-01   6.6524761e-02  -2.8408262e-02  -1.3534625e-01   1.0540112e-01  -3.5549610e-02   3.5345935e-01  -5.9275666e-02  -5.4116970e-02   5.0284237e-02   2.2787099e-01  -1.6075243e-01  -2.8285795e-02   2.8407728e-01   1.0284113e-01  -1.5401781e-01   2.4211083e-02  -4.3716175e-01  -9.1118750e-02  -2.3856471e-01  -9.9740650e-02  -3.1346591e-02   8.5599054e-02  -4.4417438e-01  -2.5556064e-01   1.5321176e-01   4.0565001e-01  -4.8111928e-02  -1.8029076e-02   1.0406786e-01   4.0860415e-01   1.4310940e-01   1.2591916e-01   1.2740032e-01   3.6301007e-01   1.3558850e-01  -3.3239617e-01   8.8965405e-02   1.2534813e-01  -3.3469983e-01   2.2081502e-01  -8.3335808e-02   2.5718806e-01  -4.2854273e-02   2.4653856e-01   9.5959688e-02   6.1165134e-02  -1.4092178e-01  -4.0989652e-01   5.9780363e-02   4.5061335e-01  -1.7635466e-01   6.9507616e-02   8.5891854e-02   5.5323312e-03  -3.4927452e-01   3.1720672e-01   5.2294668e-01   1.8042013e-02  -1.1526090e-01  -1.4019444e-01   2.6622032e-01   2.5512646e-01  -2.8832456e-01   2.4673709e-02   2.0107030e-01   3.6938413e-01   8.4174833e-02  -8.0687347e-02   5.0105913e-01  -3.0295640e-01   1.2200156e-01   2.5283362e-01   2.3350588e-02  -4.8604001e-01   3.0722447e-01   4.2166311e-01   4.4620717e-01   3.9290229e-01   3.3880707e-03  -2.2826418e-01  -4.8733730e-01  -2.7484229e-01  -3.2126925e-01   1.1982135e-01  -1.4006473e-01  -3.0278370e-01   3.9251605e-01  -1.7176279e-01   1.8274898e-01  -6.4741594e-02   1.9890509e-01   3.7344023e-01   4.9902329e-01   1.2147632e-01   2.8723174e-01  -7.8847062e-02  -1.1648648e-01   1.7320537e-01  -1.7407753e-01  -1.6107259e-02   2.8134621e-01  -9.6458390e-02   1.8832502e-01  -1.1453174e-01   2.9805075e-01  -1.1712226e-01  -1.0356785e-01   1.1328417e-01  -7.3971241e-03   2.0359090e-02  -1.4674391e-01   1.7443789e-02   3.3383751e-01
   1.1677500e-02  -4.3970314e-01  -2.9235740e-01   3.0932918e-01   7.7532027e-02   4.2993961e-01  -6.6508900e-02  -6.3299627e-02  -1.8750935e-01   0.0000000e+00   3.9075615e-01  -1.4283535e-01   1.6240747e-02   1.2482910e-01   5.4163061e-01  -8.4599819e-02  -2.1055718e-01   3.6892022e-01   1.9890690e-01   7.1477068e-02   1.5912623e-01   3.1781270e-01   4.1923117e-01   2.3570854e-02  -5.8328333e-02  -3.3396733e-02   4.4868988e-01   1.0294115e-02  -2.6362602e-02   2.3409981e-01   2.2296882e-01  -7.6677810e-03  -1.3410246e-01  -2.1317749e-01   3.8898350e-01   3.7476290e-01  -1.4957934e-01  -2.6303017e-01  -8.0036860e-02   4.6003125e-03  -6.5720326e-02  -2.5314078e-01  -8.3661308e-02  -1.1078378e-01   5.6926672e-01  -1.8333558e-02   5.2009182e-01  -2.7571098e-01  -2.9763462e-01  -2.1399398e-01   5.6071701e-01  -2.5025589e-01  -2.0097697e-01  -2.5140526e-02  -2.8200473e-02  -1.9024250e-01   2.5107668e-01   2.5436120e-01   1.8699384e-01   4.2672046e-01  -8.0276006e-02   8.7678802e-02  -1.4856072e-01   1.2209310e-02   8.1227381e-04   1.4626100e-01   3.5262092e-01  -8.0136227e-02   3.3849520e-01   4.1236760e-02  -5.2829111e-01   5.2946966e-01  -3.6624568e-02   8.3836947e-02  -2.0351117e-03  -4.1882180e-02  -9.8456952e-02   7.5750631e-03  -1.7681842e-01   2.5827567e-01   1.5922847e-01  -7.9762569e-02  -1.3785816e-01   1.8780644e-02  -4.3289804e-02   4.9550570e-02   2.0196801e-01   2.8620223e-02  -1.5376592e-01   2.4894039e-02  -2.3066071e-01  -9.2244286e-02  -3.0219578e-01   1.2060683e-01  -1.5746703e-01  -2.1822019e-01   3.4693693e-01   1.1658151e-01  -6.5657498e-02   4.2837916e-01  -3.1147951e-01   4.1674197e-01   2.9163635e-01  -4.7245859e-02   2.9386107e-01   1.0005197e-01   5.7973471e-02   3.8000666e-01   9.5374663e-02  -4.2243457e-01  -2.5146138e-01   5.0835612e-01   3.0636415e-01   1.8370237e-02  -2.3972430e-01  -3.3418893e-01  -2.0665590e-01   1.6115362e-01  -2.4860503e-02   9.9883474e-02  -5.5693917e-02  -5.7532557e-02   1.1233613e-01   1.8034438e-01  -2.0129914e-01   5.3070514e-02   4.6825433e-01   4.6143157e-02   1.9125386e-01  -1.3586338e-01  -9.1765831e-02  -1.1181358e-01   9.4067194e-02   1.2484603e-01   1.1326728e-01   8.9905965e-02   2.4281333e-01   2.1204494e-03   8.0103081e-02  -8.2678339e-02   6.6552916e-02  -2.5655489e-01   2.5049036e-01  -1.5367039e-01   2.8374460e-01   1.8767575e-01  -3.4129674e-01  -3.4928135e-01  -2.3462587e-01   6.0515785e-02  -2.2216854e-01  -1.9962950e-01  -1.2585313e-01  -1.7757416e-02  -2.8859823e-01  -9.5310904e-02  -9.8059571e-02   2.9911273e-01  -1.4100042e-01  -5.0066902e-02   3.1060237e-01   2.8261705e-01   3.1416153e-01   4.2344591e-01  -2.6138767e-02  -2.5084321e-01   6.0869985e-03  -9.4721503e-02   4.5257845e-02  -5.2118570e-01  -1.4721566e-01  -1.6160126e-01   4.2530896e-01  -2.0374917e-01   1.9766025e-01  -1.4372069e-02   3.1024415e-01
   1.8104399e-01  -4.7280714e-01  -2.8991451e-01   3.6775991e-01  -3.7220165e-02   1.7770448e-01  -3.8452665e-01   1.9424228e-01   2.9878080e-01   3.9075615e-01   0.0000000e+00  -4.9869193e-01   2.7021639e-02  -4.2814533e-03   2.6344918e-01   4.0759567e-02  -1.8121250e-01   4.9829036e-01   3.4461825e-01  -1.4370876e-02  -3.3305559e-02   4.3926509e-01   2.5271148e-01   1.9270424e-01  -6.0015002e-02   2.7878881e-01   7.4595551e-02   1.2916838e-01   1.2614254e-01  -8.4595451e-02   1.2682089e-01   2.3484410e-01   5.3560983e-02  -2.3017111e-01   1.9157606e-01   2.0013437e-01  -9.3140134e-02  -1.5031286e-01   3.5561320e-02  -2.9851338e-01   1.5859980e-02  -5.2480185e-02  -3.1925061e-01   3.8576805e-01   5.2345722e-01   1.9958646e-01   4.7069225e-01  -4.9871293e-01  -1.2675945e-01  -2.8606623e-01   5.2573453e-01   5.3733661e-03  -4.2141271e-01  -4.7874347e-02  -2.1438269e-01   7.7027730e-02   2.2369988e-01   3.5333383e-01   3.9809277e-01  -6.9829252e-02   1.7714378e-01   4.5066905e-02   8.0610152e-02   3.9754774e-01   1.2430022e-01  -1.0285142e-01   1.5891285e-01  -4.6525160e-03   4.4338663e-01   1.9466216e-01  -4.3875113e-01   6.1014720e-01  -2.4823482e-02   1.0200352e-01  -8.9063098e-02   3.6172454e-02   1.6051699e-01   9.0522950e-02  -2.2884441e-01   2.8862859e-01   1.2118267e-01  -1.8075770e-01   1.3142992e-01   2.9726693e-01   2.6719062e-02   1.2834778e-01  -4.1741098e-02  -2.7805040e-01  -1.4186727e-01   1.9224319e-01  -3.2987627e-01  -2.4609881e-02  -1.1238634e-01   1.7815990e-01   4.4492204e-02  -3.0448800e-01   3.4717220e-01   4.9151189e-01   7.8545195e-02   2.2997507e-01  -5.2565482e-02   4.1053467e-01   2.3319740e-01  -1.5489180e-01   3.2034754e-01   1.4280755e-01  -1.1492369e-01   5.6216070e-01   2.4969370e-02  -3.7783028e-01   6.3491634e-05   2.2879476e-01   2.0784331e-01   1.4527370e-01  -1.0429247e-01  -3.2232635e-01   7.8614749e-02   7.4547596e-02  -2.3477371e-02   1.9190313e-01   2.2066054e-01  -2.7505145e-01  -1.0891372e-02   7.1022250e-02   6.4804523e-03   5.0756234e-02   1.0600478e-01   1.0717329e-01   4.2295991e-01  -5.1210981e-02   8.9375312e-02   1.6435468e-03   2.5975591e-01  -2.1678616e-01   2.0285121e-01   2.9744730e-01   2.5241353e-01  -1.3601845e-01   2.7558443e-01   1.2992113e-01   3.4187941e-02   1.2799045e-01   3.2998929e-01  -2.5374603e-01  -1.2883559e-01   2.3560892e-01  -4.0013313e-01  -2.6939449e-01  -3.0534496e-01  -9.1717838e-02   8.8627287e-03  -2.3026574e-02  -4.8254294e-02   9.6722229e-02  -3.1509956e-01   1.5119260e-01   2.1336494e-01   3.7230867e-01   5.6609463e-03   1.1730291e-01   2.0597498e-01   5.1102002e-01   3.0638754e-02   4.6347918e-01   1.8617007e-01  -5.4222827e-01   2.1767051e-01  -1.1237545e-01   2.7232853e-02  -3.2035784e-01  -4.8941114e-01  -1.9373420e-02   3.4800363e-01  -1.6506769e-01  -1.3448863e-02   1.4282574e-01   4.5926412e-01
  -2.5301593e-01   2.5991882e-01   5.4901433e-01  -1.5844198e-01  -7.9684470e-02   2.2670627e-01   6.4047301e-01  -1.7246468e-01  -2.0288039e-01  -1.4283535e-01  -4.9869193e-01   0.0000000e+00   1.4892733e-01  -3.1980104e-01   2.4084287e-02   2.0595236e-01   2.4349557e-01  -2.0223545e-01  -3.5020427e-01   6.0387945e-02  -1.1122303e-01  -2.5701274e-01  -1.0031229e-01  -1.6902339e-01   1.0131990e-01  -3.0949374e-01   1.9715731e-01  -8.0309253e-02   6.6450944e-02   2.2934419e-01  -2.2693051e-01   1.4731470e-01   9.7850320e-02   3.8858420e-01  -1.7843669e-02  -2.3690518e-01  -1.7215054e-01  -2.2698118e-01  -2.5299367e-01   4.6503846e-01   3.7308453e-02   2.9959304e-01   5.5883652e-01  -4.0779371e-01  -4.6415322e-01  -3.9350899e-01  -3.1265479e-01   3.6120441e-01   1.1356617e-02   2.1422868e-01  -2.8112458e-01   1.1277809e-01   2.0593964e-01   3.6868211e-01   7.1317048e-02  -6.9934232e-02  -1.7328836e-01  -2.8399351e-01  -5.0407725e-02   5.6234841e-01  -3.0489715e-01   2.7247804e-01  -1.6925744e-01  -4.0401232e-01  -2.5649564e-01   1.5667223e-01   1.9018644e-02  -1.8927404e-01  -1.0243664e-01  -6.7890312e-02   4.6088882e-01  -3.9586552e-01  -1.9153829e-01   1.2915444e-01   3.4208271e-01  -5.2288392e-03  -3.5954867e-01  -1.6147147e-01   1.7824025e-01  -2.7945014e-03  -3.4049980e-03   9.0516356e-02  -1.7191666e-01  -2.6250178e-01  -1.2590247e-01   1.4340786e-01   7.4810796e-02   9.1811529e-02  -7.6028829e-02  -2.6975100e-01  -6.2475890e-04   2.5537244e-01   3.4465453e-01   7.3582034e-02  -3.7463113e-01   1.5150453e-01   1.3884396e-01  -3.9091487e-01   9.3549241e-02  -3.3797945e-01  -1.0206162e-01  -1.4752120e-01  -1.5300423e-01   1.9977616e-01  -7.8624232e-02  -1.3148939e-01   1.6347229e-01  -2.5515570e-01  -4.9848260e-03   1.0162000e-01   1.0732786e-01  -2.9823181e-02  -6.2017927e-02  -3.0803805e-01  -1.0146275e-02  -2.6785369e-02  -1.2269983e-01  -1.1980414e-01  -5.5481051e-02   2.4936860e-02  -2.0906459e-01   1.8537052e-01   9.7422282e-02  -3.3069036e-02  -3.8770660e-01   2.2186353e-01   1.4513847e-01  -1.5029655e-02  -3.1081161e-01   1.2799905e-01  -1.9856332e-01  -1.3864359e-01  -1.8419855e-01   1.0907990e-01  -7.7791083e-02  -2.7430347e-01   1.2400362e-01   6.3462806e-02  -2.2834899e-02  -2.3566586e-01  -5.0563654e-02   7.2149326e-02  -1.6661774e-01   4.5925740e-01   4.0259845e-01  -1.5739922e-01   6.8764504e-01   8.5808599e-02   4.2913932e-01  -8.9236398e-02  -1.1726023e-01  -2.5583124e-02   2.3092601e-01  -1.1924322e-01   4.1555443e-01  -3.5424766e-01  -2.2083505e-01   3.2472465e-02   1.1635429e-01  -3.1521839e-02   1.8528383e-02  -1.5686361e-01  -2.3966734e-01  -3.3166701e-01   1.2974722e-01   4.1236607e-01  -4.7495957e-02   2.0180551e-01   3.0175361e-02   1.6965753e-01   3.4800339e-01  -3.3809091e-01  -3.5892603e-01   3.5374997e-01   1.4338307e-01  -7.0453220e-02  -2.3866332e-01
   7.1381435e-02  -4.7675692e-02  -2.3072211e-02  -5.5759157e-02   2.3337533e-01  -1.4467372e-01   1.0983678e-01  -1.3753583e-01   1.4079714e-01   1.6240747e-02   2.7021639e-02   1.4892733e-01   0.0000000e+00  -3.1366298e-01  -2.1549132e-02   3.3175545e-01  -1.1431114e-01   1.2554409e-01  -3.5188298e-01   9.6751736e-02  -2.1388704e-01  -1.2432134e-01  -7.6954604e-02  -4.1930245e-02   2.1609016e-01  -1.7344197e-01   1.7123446e-01  -2.2233800e-01   6.6049494e-02  -1.5967811e-01  -1.8262278e-01  -2.4142464e-02  -1.1275974e-01   4.9523051e-02   1.9302131e-02   1.3012644e-01   2.0335095e-01  -2.7332389e-02   1.0233210e-01   4.4447697e-02   5.6136684e-01   4.3779098e-02   1.1130422e-01  -1.5678176e-01  -1.7644317e-02  -5.7843378e-02  -4.4389853e-02   1.6700573e-01   3.6144097e-01  -1.5565381e-01   7.7586300e-02  -2.9048591e-02   8.6130772e-02  -1.0687511e-01  -1.7092713e-01  -2.0123373e-01  -3.4845860e-01  -1.7495970e-01   2.1862455e-01   9.6750736e-02  -2.4817703e-01   4.8827058e-01   4.1445632e-02   1.8116557e-02   1.2104560e-01   4.2807279e-02  -2.1059495e-01  -1.1153241e-01   2.4237261e-02   8.5144078e-03  -6.1148703e-04  -9.6927540e-02   2.4982551e-01   5.6942429e-02   1.7881609e-01  -1.0284346e-01  -2.5993901e-01   1.5799278e-02   1.7352526e-01   5.9930884e-02  -1.5135519e-01   4.4337583e-01  -1.9860726e-01  -2.4044755e-01  -3.2411250e-02  -3.7915101e-02  -2.9102238e-01  -1.1924439e-01  -1.3530552e-01   2.5875564e-02  -4.8663186e-02  -1.1498173e-01  -5.0211152e-02   2.0472507e-01  -9.8186260e-02   4.7142864e-01   2.8988275e-01  -1.6840910e-01   5.4452457e-01  -6.1228603e-02  -1.1086694e-01  -6.4246955e-02  -2.2134774e-01   4.4066802e-02   3.7115153e-02   1.0915648e-02  -3.0335109e-02   7.2652110e-02   3.4462797e-01   9.8716003e-02  -1.6358681e-01  -1.4929956e-01   5.8011703e-02   1.0521285e-01  -1.8919862e-01   3.2483425e-02   4.4570619e-02   5.8876623e-01  -3.6206271e-01  -9.5970487e-02  -1.0387235e-01  -7.2435877e-02   1.6335268e-01   1.3755125e-01  -8.2434966e-02   4.0143871e-02   2.3222136e-01   8.0887003e-03   4.9777569e-02  -6.7900239e-02   3.4990694e-01   8.0501657e-02   6.8194849e-02   1.4719235e-01  -1.1071408e-01  -2.3707010e-01   2.4196737e-01  -2.2329328e-01  -5.0317472e-02   1.9919239e-02  -4.0684040e-02   4.9203747e-01   2.5674773e-02  -8.8890964e-02   8.7675986e-02  -1.1909358e-01  -6.1235041e-02  -5.2659255e-02   7.1729874e-02  -1.6512160e-01  -2.3659153e-02  -1.3742343e-01  -7.4793280e-03   1.0210871e-01   3.0778575e-02  -8.4157126e-02  -1.5033578e-01   4.5714713e-01  -1.7931102e-01   6.3706756e-02   1.1123545e-01  -1.6303371e-01  -1.8007724e-03   5.1173768e-02  -8.8850071e-02   2.4356757e-01   1.0012152e-01  -1.4241625e-01  -1.4216089e-01  -1.5349038e-02   1.3290004e-01  -1.2726575e-01   6.6678056e-02  -2.0955674e-01   1.7616988e-01  -9.5696961e-02  -9.2582068e-02
   1.2228979e-01  -2.3115660e-01  -2.7099511e-01  -5.6949666e-02  -2.3787307e-01   6.8021280e-02  -1.1718489e-01   6.2111312e-02  -2.6132606e-01   1.2482910e-01  -4.2814533e-03  -3.1980104e-01  -3.1366298e-01   0.0000000e+00   1.4046607e-01  -3.6278514e-01  -2.7530396e-01  -5.2281336e-02   3.5200457e-01  -1.5834387e-01   1.7076059e-01   2.9249012e-01   2.0811828e-01   1.3861320e-01  -1.3251034e-01   6.3633312e-02  -2.6478333e-01   3.5714720e-01  -1.9848175e-02  -1.5111770e-02   4.1676923e-01  -1.4630774e-01  -9.2376826e-02  -1.0947481e-01   2.0357521e-02   7.3774577e-02  -2.2052702e-02   3.6048889e-01  -9.4382800e-02  -3.4277672e-01  -2.4006236e-01  -1.8157203e-01  -8.8070020e-03   5.4839075e-02   1.2476944e-01  -2.4494528e-02   2.6391338e-01  -2.3124791e-01  -2.4468730e-01  -2.2763556e-01   3.8989823e-02  -1.5423602e-01  -2.5583494e-01   1.3485902e-02   5.6188258e-01   1.2158887e-01   3.1026529e-01   2.7108801e-01  -2.0649743e-01  -1.5963880e-01   1.9859097e-01  -1.0310717e-01  -1.7224656e-01  -8.1068489e-02  -2.7972462e-02  -9.5672736e-02  -3.9873921e-02   8.2100115e-02   1.9361563e-02  -1.1026881e-01  -4.1636400e-01   1.2350823e-01  -1.6078704e-01   1.4684324e-01  -1.5804860e-01   2.4183728e-01   1.4383337e-01   1.2570889e-01  -1.4472004e-01  -1.4249881e-01   3.3471860e-01  -1.7447219e-01   8.8985701e-02   2.4667681e-01   3.8981529e-01  -3.8538614e-02   4.7243984e-01   4.6991263e-01   1.0276389e-01   2.4026472e-01  -1.0903475e-01  -2.4103546e-02  -4.1140668e-01  -1.1268940e-01   2.5278857e-01  -2.9635598e-01  -2.1401099e-01   9.7794221e-03  -3.0899930e-01   5.9265703e-01   1.9801322e-01   7.5607436e-02   4.1407218e-01  -2.3453859e-01   4.7639700e-02  -1.1084542e-01   5.6169717e-02  -9.9100071e-02  -3.8912576e-02  -1.6284380e-01  -9.7197690e-02   3.0074635e-01  -2.5963307e-02   1.5962240e-01   2.7823306e-01  -2.1346633e-01  -4.1586425e-02  -3.1557499e-01   2.7207055e-01  -9.9880421e-02   3.1880252e-02  -1.4872776e-01   6.4716355e-02  -7.6032114e-02   1.1864357e-01   5.2098509e-02  -9.5346323e-02  -2.6606282e-01   1.7618006e-01  -2.5041415e-01  -2.0950444e-01  -1.7783357e-01  -1.7616142e-02   8.1338097e-05   2.6761828e-01   2.5432372e-01  -2.0354654e-01   3.6094840e-01   3.7085905e-02   1.1127911e-01  -4.0471241e-02  -5.1739563e-01   3.3075138e-02  -1.5815294e-01   1.1528518e-02   3.1864641e-01  -1.0052754e-01  -2.3774090e-01  -1.9015376e-01   3.4919951e-01   1.8090610e-01   3.3236393e-01   1.8348695e-02  -2.2421971e-01  -4.3689329e-01   2.3681973e-01   1.0041097e-01  -1.5939539e-01  -1.5720239e-01   1.6516389e-01  -7.9399650e-04  -1.0763899e-01  -5.0094771e-02   2.0639795e-01  -9.7456961e-02  -2.6353766e-01  -2.5366912e-01   1.0111339e-01   1.3681546e-01  -2.4842088e-01  -2.0282650e-01   1.9070369e-01  -7.5267168e-02  -1.6716341e-01  -1.9911754e-01  -1.8616557e-03  -3.5971368e-02
