   0.0000000e+00  -1.1768100e-01  -7.5874841e-03   1.8194229e-01  -2.6910817e-02   3.1826307e-02  -7.0601431e-02   2.7749982e-02  -9.9769848e-02  -1.4104318e-01   1.1120513e-01  -2.5170431e-02  -3.0184757e-01   4.9874873e-01   2.7737196e-01   2.4205459e-02   6.5575505e-02   8.6336138e-02   1.4471862e-01  -7.1735803e-02   1.6035630e-01   1.4845201e-01   2.7418957e-02   7.5411678e-01  -1.5002680e-02   1.7850517e-01  -2.2798238e-01   5.4761344e-01  -3.1501197e-02   9.5867121e-02   3.0666389e-01  -7.5394612e-03   1.2933405e-01  -1.6759494e-01  -2.0767132e-01  -1.5592134e-01   6.9815837e-02   7.1830938e-01  -2.3300973e-01  -2.0065146e-01  -2.3376981e-01   3.9651426e-01  -2.3540481e-01   1.6213350e-01  -5.7800925e-02   5.9433489e-01  -1.0574946e-01  -9.5914719e-02   3.5414841e-02  -1.1916745e-01  -8.9359673e-02   2.3979890e-01  -1.8144797e-01   3.5289442e-01   5.7586069e-01   1.1898403e-01   2.9571737e-01  -9.1938955e-02   4.3251395e-02   4.8485051e-02   6.8531468e-01  -2.8406396e-01   4.5265768e-03   2.7078816e-01   7.7391604e-02  -2.7602899e-01   2.3291096e-02   3.0346353e-01  -1.3859134e-02   3.3986234e-01  -2.1483453e-01  -1.2378346e-02  -1.6424311e-01   3.6066131e-01   5.8044244e-02   7.0905535e-02   6.8900445e-01  -1.8393211e-02  -1.1028937e-01  -1.7808872e-02   1.3005544e-01  -2.8144695e-01   6.9780049e-02   1.0788073e-01   4.5033683e-01   4.7818215e-02   8.2557626e-02   5.4884497e-01   3.3080832e-01   6.6278045e-01  -4.7998222e-02   4.6158486e-01  -2.2333674e-01  -2.4408530e-01   7.0159325e-01   8.1064815e-02   1.3123211e-01  -2.7411537e-01   1.7123285e-01  -1.4882736e-01   2.8899084e-01   2.6056644e-01   2.4525420e-01   3.0817055e-01  -1.4420235e-01   2.9705580e-01   2.5756009e-01  -1.5626317e-02  -2.5563633e-02  -1.6045349e-01  -1.9013148e-01  -1.2905526e-03   3.6342981e-01   8.2307622e-01   2.7427000e-01  -2.3441144e-01  -1.8782314e-01  -2.9379290e-01   2.1845338e-01   5.3286436e-03   6.2130616e-01  -9.5306974e-02   2.2552315e-03   2.4587562e-01   7.8921037e-01   3.4984555e-01   2.7751631e-01  -1.6777324e-01   1.4579804e-01  -1.0098004e-01  -4.4255826e-01  -1.5476869e-01   2.0043741e-01   3.6412482e-02  -9.3951664e-02   1.1624550e-01   2.4681340e-01   1.6704351e-01   9.6298668e-02   6.7277362e-01   8.3930585e-01  -1.4279207e-01   1.1974905e-02   1.2332861e-01   2.0496419e-01   8.8481423e-02  -2.5880715e-01  -1.4993348e-01  -2.6860854e-01   1.3072291e-01   3.9713415e-01   2.6647051e-01   6.8316221e-01  -2.1900098e-01  -1.8114221e-01   7.5462918e-01   6.9746728e-01  -4.2973277e-03   3.5381617e-01   1.4127655e-01   1.4815399e-01   2.8322365e-02  -1.1614312e-01   1.4049624e-01  -8.5458245e-02  -1.5207361e-01  -7.3955086e-02   1.9427076e-01   8.1859758e-01  -1.7570751e-01  -2.0796536e-01   5.8094307e-01  -7.4596108e-03  -2.1871985e-02   6.8257604e-02   7.1385393e-02   1.8290699e-01
  -1.1768100e-01   0.0000000e+00   1.9962773e-01  -6.3572402e-02  -2.2042540e-01  -1.0747861e-01   4.9736849e-01  -2.9252692e-01   4.4519002e-01   3.5341205e-01  -1.7429283e-01   6.8027587e-01  -9.0628964e-02  -1.7147613e-01  -1.1040121e-02   1.5346941e-01   2.9184088e-01  -2.9806835e-01  -1.5048335e-01  -2.6339386e-01  -3.0058954e-01  -2.4017170e-01  -2.0003186e-01  -1.7723712e-02   3.3647765e-02  -5.5849785e-04   4.5442866e-01  -1.8584698e-01  -1.3258882e-01   5.4904035e-01  -2.8058148e-01  -4.4143996e-01  -2.5569477e-02   5.3671199e-01   2.2995292e-01   2.0611816e-01   5.1237539e-03   9.7625014e-02  -6.6866053e-03   4.4507140e-01   2.0536843e-01   2.4342658e-01   5.3579868e-01  -3.4134167e-01   1.1370877e-01   3.4823451e-02  -2.7940449e-01   7.7787367e-01  -4.1967657e-02   4.3667481e-01  -3.7169218e-01  -2.8055256e-01   6.3482865e-01   2.0758596e-01   3.2611943e-02  -2.1177405e-01   6.5880781e-02  -3.7332524e-01  -8.9558445e-02  -1.1145567e-01  -8.8251444e-02   5.0526169e-02   3.2372041e-01  -1.5429046e-01   3.7492095e-01   2.7336746e-03   2.0918684e-02   3.5246300e-01  -4.3903105e-01  -9.8591326e-02   6.2967496e-01  -2.4750596e-01   3.1811885e-01   2.1888724e-01   2.3473360e-01  -5.0996514e-01  -9.0302100e-02  -2.1143584e-01   7.0771561e-01  -2.3852821e-02  -1.0316909e-01   3.6275323e-01  -2.6241123e-02  -1.7589494e-01   7.7470958e-02  -2.9980035e-01   4.5980098e-02  -4.8300356e-02   3.1097232e-02  -6.8561930e-02   5.5783621e-01  -1.4224188e-01   3.1593870e-01   1.1775899e-01   8.2958819e-03  -3.1122246e-01   3.8941154e-02  -1.6640314e-01   5.8089115e-02   2.8487485e-01  -9.5991514e-02  -2.2075827e-01  -2.7701760e-01   2.8521023e-02  -3.6652520e-01  -2.7642458e-01   7.1614560e-02  -3.6871313e-01  -2.5709265e-01   4.0746784e-01   2.0839921e-01  -1.8600467e-01   5.4174263e-02  -1.4576968e-01   9.5013549e-03   5.6918643e-01  -7.8353282e-02   3.9992469e-01  -2.5066020e-01  -3.9176936e-01  -2.9977093e-02   6.1152858e-01  -1.6367812e-01   1.1684739e-01  -9.4071443e-02  -2.0811661e-01  -1.9347453e-01   1.9183669e-02  -2.8432386e-01   2.9503787e-02   9.1584844e-04   4.4963991e-01   3.9158599e-01   1.8227742e-01  -1.6529518e-01  -4.9049552e-01  -9.3747406e-02  -1.2682387e-01  -4.9063272e-01  -2.4409694e-01   4.8047894e-02  -1.3118613e-01  -2.8066329e-01  -1.1691542e-01  -1.5566453e-01  -3.7983337e-01   6.4403494e-01   1.2716373e-01   1.6868408e-01   6.6380614e-02  -1.4163797e-01  -4.2889260e-02  -1.1312366e-01   4.0893158e-01   6.5575932e-01  -9.7484997e-02  -9.9035050e-02   1.4893116e-01   5.1937396e-02  -1.5011790e-01  -1.0718525e-01  -1.7886897e-01   1.9409837e-01  -3.9598722e-01  -2.7640448e-01   5.9464612e-01   4.7326173e-01  -1.6168925e-01   3.0700931e-02   5.5594554e-01   6.2544310e-01  -1.6744244e-01   1.6768161e-01  -2.1056832e-02  -3.5135601e-02  -9.0108483e-03  -4.5812925e-02
  -7.5874841e-03   1.9962773e-01   0.0000000e+00   6.2092810e-02   3.4221903e-02   2.4262493e-01   8.1560800e-02   5.3784251e-02  -8.5209540e-02   2.2051902e-01  -2.5133071e-01   3.9499724e-01  -1.1387860e-01  -1.6014455e-01  -8.8308599e-02   1.1503708e-01   8.7205346e-01  -2.1503895e-01  -1.0813461e-03   6.6440106e-02  -3.2781060e-01  -2.0814828e-01  -9.2478387e-02   7.1135444e-02   4.4773526e-03   1.4153183e-01   3.0662896e-01  -5.0529747e-02  -1.0684248e-01  -2.4976517e-01  -1.3128254e-01  -1.8915725e-01   2.1136168e-01   1.9074977e-01   2.1960207e-02   4.7923456e-02  -1.8558276e-01   5.1540704e-02  -4.8524567e-03   7.0657534e-01  -1.0353055e-01   3.7026786e-01   1.3130213e-01  -1.0423869e-01  -3.5186273e-01   2.9122166e-01  -1.7263767e-01  -4.8206271e-02  -2.5364503e-01   8.1524904e-01  -2.6449987e-01  -3.4669796e-02  -1.8293767e-01   3.3225044e-01   6.3626973e-02   4.5728559e-02   1.2558250e-01  -4.6409904e-02  -1.8543400e-01  -6.1864596e-02   3.6433258e-01  -1.7446669e-01   3.4161896e-02  -5.0669556e-01  -2.8311355e-01  -1.1121628e-01   3.6408179e-01   1.7150148e-01  -2.0399428e-01   3.8336324e-01   3.8086835e-01  -2.0614826e-01  -9.4047929e-02   4.0013131e-01   2.1544978e-01  -2.4219391e-01   2.5630136e-01   4.5751143e-02   7.9643186e-02  -6.5304572e-02   5.6029008e-02  -7.0062372e-02   1.3050016e-01   2.2341023e-01   6.8175440e-01  -1.5777263e-01  -1.8285139e-01  -1.3587385e-02   2.6143416e-01   9.0003252e-02   3.5855678e-02   6.8215626e-01   4.0159120e-01   1.0751873e-02  -1.0160736e-02  -7.5779231e-03   2.0100562e-01  -5.7589409e-02   3.3668993e-02   4.7303124e-02   3.5589765e-01  -2.2212879e-01  -3.1794046e-01  -1.5389755e-01  -3.1709604e-01   4.7367883e-02   4.9317740e-01  -1.1517752e-01   1.2289781e-01   1.6979249e-01   4.3215430e-01  -2.4885243e-01   1.0883516e-01   6.8433538e-03   9.2233513e-02   1.3488473e-01  -8.7897699e-02   4.2016254e-02   5.9802709e-02  -7.7823062e-02   4.0012702e-02   1.6474040e-01   1.1164430e-01  -2.9765459e-01   9.1360879e-02   2.6958987e-02  -4.2150304e-01   1.0144417e-01   1.3800753e-02   5.9457988e-01  -4.8449630e-02  -4.2028094e-02   3.8867895e-01  -2.1748848e-02   8.0693160e-02  -1.2968204e-01   2.3166969e-01  -6.2319692e-02  -1.6046209e-01  -1.0718587e-01  -3.7702088e-02  -5.1552185e-02  -6.5742763e-02   4.6437673e-01   3.1422121e-02  -2.5123906e-01   4.2293521e-01  -1.7266375e-01   2.0391048e-01   1.6652191e-01   4.0229629e-01  -4.4047534e-02   1.8300791e-01  -8.8972678e-02   6.8285597e-01   6.4711752e-02   2.2116379e-02  -6.8436677e-02   7.0459252e-01   1.3087986e-01   1.4018263e-01  -9.7350634e-02   2.1866941e-01  -3.6540011e-01  -3.6182235e-02   2.1193920e-01   2.2918355e-02  -5.0633605e-02   2.5943026e-01   4.2400035e-01   8.6047329e-02   1.5978633e-01  -3.9364902e-01   4.1818966e-01   9.9247197e-02   3.3129101e-01   1.5429013e-01
   1.8194229e-01  -6.3572402e-02   6.2092810e-02   0.0000000e+00   3.5286322e-02   2.1038670e-01  -7.0069323e-02   4.4197041e-01  -2.4080669e-01   1.2603633e-01   5.4278902e-02   9.9450093e-02  -3.8155292e-01   1.4809656e-01  -1.9148025e-01  -4.0559825e-02   1.1542051e-01   2.4454205e-01   2.5046160e-01  -6.2366314e-03  -5.5617112e-02   4.0761518e-01  -3.1150288e-01   1.3675135e-01  -7.1124749e-02   2.8184525e-01   1.7951515e-01   7.4170300e-02  -1.2203517e-01  -1.0931357e-01  -6.6691558e-02  -1.6878799e-01   9.4842247e-02  -3.0610366e-01  -1.3271377e-01   2.2842747e-01   2.4161956e-01   2.3260038e-01  -8.4639193e-03   5.6226201e-02  -8.3604368e-02   1.5446177e-01  -6.0345423e-02   4.9129711e-01   4.9829952e-02   1.6754788e-01   1.9549147e-01   4.0568584e-02  -3.0301217e-02   6.9662238e-02   9.2871071e-03   2.6655811e-01  -3.2756929e-01  -6.8678836e-03   1.2464363e-01  -1.1686528e-01   5.7610105e-01   3.7746411e-01   3.1427021e-01   1.7000614e-01   3.5989449e-02  -4.1114735e-01   5.8540884e-02  -4.4036690e-02   3.7525948e-02  -8.7158019e-02   1.9279783e-01   2.3301084e-01   3.3005094e-01   6.0972952e-02  -1.5144277e-01   1.8435709e-01   4.7749228e-02   2.1029867e-01   2.7348511e-01   2.4153150e-01   1.9066277e-01   2.1140665e-01  -9.0078125e-02  -1.6926402e-01  -1.6730531e-01  -3.4305872e-02   3.1831974e-02   1.8657270e-01   1.8355610e-01   2.2331057e-01  -2.1949889e-01   4.8530317e-02   5.2462206e-01   1.5242555e-01   3.2694684e-01   1.5461076e-01   1.4168205e-02   1.0257167e-01   6.2783611e-02  -3.0629832e-02   1.7664352e-01   3.3682093e-02   4.2861037e-01  -2.7347661e-01   2.8512275e-02  -2.3292934e-01   4.8514019e-02   1.0051008e-01  -4.8805983e-02   5.6806034e-01   2.0214459e-01   4.0018125e-01  -1.7260482e-01  -6.1994520e-02  -3.5365925e-01   1.0392887e-01   6.1790414e-01   1.5892944e-01  -2.1091965e-01  -4.1776210e-02  -4.9172530e-02   5.3913370e-02  -1.5523631e-01  -1.3549119e-02   3.1481346e-01   1.0582473e-01  -4.1224448e-03  -5.0663003e-03   1.5664872e-01   2.1038312e-01  -1.8084370e-01  -4.8520575e-01   6.6957984e-01  -2.4485541e-01   6.6465476e-02  -9.2395698e-02   4.3659432e-01  -2.4746232e-01  -1.4204691e-01   2.8802388e-01   4.3309075e-02  -1.2630722e-01   7.3955863e-02   1.8475272e-02   2.3742856e-01  -2.6140345e-01   3.9194826e-01  -1.1326314e-01  -2.7738859e-01   3.4990521e-02  -4.4010144e-02   1.1608170e-01  -1.4483504e-02   6.3186379e-02  -1.0161118e-01   1.9227581e-01  -1.3897559e-01   6.8409406e-03  -5.0895041e-02   1.5188971e-01   1.1550497e-01   6.5641658e-03   1.8985733e-01  -1.1873423e-01   2.4153289e-01   3.8907074e-01   9.0312579e-02   2.6438696e-01  -1.7288504e-03   9.5866539e-03   6.2211986e-02   2.2616881e-01   2.6950420e-01  -6.5684751e-02  -1.8760720e-01   6.7559961e-02   3.1483354e-01   2.4392680e-01   7.1987768e-02  -1.4636054e-01   6.5516226e-01
  -2.6910817e-02  -2.2042540e-01   3.4221903e-02   3.5286322e-02   0.0000000e+00  -1.6463545e-01  -2.1517302e-01  -6.3042109e-02  -4.6556203e-01  -5.6983070e-01   2.6694631e-02  -3.3374741e-01   2.3106393e-01  -1.6667536e-01  -4.1844570e-01   2.8002990e-02  -7.2958194e-02  -4.6534405e-02  -2.6482417e-01   8.1437396e-01  -2.1308340e-01  -3.0495171e-01   1.9279168e-01  -3.0465456e-01  -3.5244573e-01  -4.2922474e-01  -8.2060711e-02  -1.9544505e-01   8.5709941e-02  -3.2212123e-01  -2.2842984e-01  -2.3319125e-01  -6.0326835e-02  -2.4003959e-01  -2.8023524e-01   7.0438097e-02   3.2462630e-01  -2.0879278e-01   8.0040073e-02  -1.0325836e-01   2.9989274e-01  -2.1027778e-01  -5.0037277e-01  -1.1784140e-01  -4.8826799e-01  -1.9700213e-01   7.7575991e-02  -7.2703322e-02   6.5873967e-01  -1.5508839e-01  -6.5267976e-03  -2.2693090e-01  -1.2128343e-01  -2.4479404e-01  -2.9626185e-01  -2.2366166e-01  -2.6206115e-01  -2.3046719e-01  -9.9850677e-02  -3.7521057e-01   1.0255067e-02   3.2505835e-01  -6.0451899e-01   7.0714770e-02  -5.3578255e-01   3.3356398e-01  -1.1191409e-02  -1.2617609e-01  -7.0603260e-02  -1.4475201e-01  -1.8167841e-01  -2.3760049e-01   7.4281647e-02  -4.2102422e-01  -6.0018733e-01  -1.9190118e-01  -1.3100388e-01  -1.3600936e-01  -2.0151818e-01  -1.9290906e-01  -4.1076577e-01  -1.0267191e-01  -1.9763127e-01  -1.6306012e-01   6.9384049e-02  -3.4547962e-01  -2.1129523e-01   1.1254054e-03  -8.9931480e-02  -2.6263928e-01  -2.7753679e-01   6.9942157e-02  -1.1531676e-02  -4.8102748e-01  -1.0767221e-01   8.0378172e-01   4.6466319e-02  -2.6264115e-01   2.0626515e-01  -3.3175618e-01  -1.4118318e-01   8.0819612e-02  -1.2416604e-01  -3.1776321e-01  -3.4383380e-01  -8.7978736e-02   5.1592060e-02  -1.5562203e-01   6.5743918e-01   4.6526481e-01  -1.9171241e-01  -2.5815922e-01  -1.6474335e-01  -1.1044156e-03  -2.3661988e-01  -3.0032422e-02  -4.5713739e-01   1.2295333e-01  -1.6607437e-01  -8.3373435e-02  -3.1440669e-01  -4.6473996e-01  -1.0597211e-01  -4.5426165e-01  -1.1667537e-01  -3.1615408e-01  -3.0400999e-01  -1.6700650e-01  -1.5022473e-01  -4.9744488e-02   9.4906875e-02  -1.5668576e-01  -2.6186790e-01  -2.7064438e-01  -3.5262049e-01  -1.2527596e-01  -2.1081876e-01  -2.1142381e-01  -1.2387005e-01   9.8351637e-02  -1.2926573e-01   3.6250282e-01  -6.4488292e-02  -7.7708368e-02  -2.8627210e-01  -3.3406723e-01  -3.5737535e-01   3.0895991e-01   2.1739704e-01  -3.3869187e-01  -3.0292518e-01  -3.0197036e-01  -1.0638871e-01  -2.7532330e-01  -1.7401871e-01  -2.0708510e-01  -7.5315695e-02  -7.6571893e-03   3.0747952e-02  -1.3111261e-01   1.1074183e-01  -2.5054258e-01   3.5244415e-02  -2.7300694e-01  -4.0986019e-01  -2.4586518e-01  -2.2443612e-01  -1.9090841e-01  -1.6131669e-03   4.9866962e-02  -1.4071504e-01   6.4946503e-02  -4.1901325e-01  -1.2465957e-01  -2.4421722e-01   1.5527071e-02  -2.5761187e-01
   3.1826307e-02  -1.0747861e-01   2.4262493e-01   2.1038670e-01  -1.6463545e-01   0.0000000e+00   4.1069190e-01   2.3425684e-02  -3.6194277e-01   2.4977739e-01   1.2228772e-01   2.8226007e-01  -2.2984843e-02   1.3777233e-01   2.1250549e-01   2.5567939e-01   3.1341832e-01   5.5935617e-01   4.8606531e-01  -6.8649563e-02   1.3527516e-01   5.9522131e-01   1.2875763e-02   8.9311765e-04  -1.9749817e-02   7.6358949e-04   4.9669252e-01   1.1707299e-01  -5.6155184e-02  -2.1335715e-01  -1.3368053e-01   9.4274053e-02  -4.1630945e-03  -3.0797813e-01  -8.9387923e-02   1.2590833e-01   1.2599944e-01   1.3082761e-02   9.0310484e-02   2.9803029e-01  -1.3296674e-01   1.6454980e-01  -1.6989763e-01   1.5050043e-01   2.0842675e-01   1.3870120e-02   5.7606885e-01   6.2323983e-02  -2.0414992e-01   1.4293790e-01   3.7410368e-01  -6.6251123e-02  -5.5526660e-01   8.1405187e-02   7.8595921e-02   2.9649853e-01   4.3717765e-01   2.5884283e-01   1.4478318e-01   5.2771495e-01   3.8816360e-03  -1.4673042e-02  -9.1369086e-02  -2.9149869e-01  -1.5619767e-01   3.0553930e-01   7.8426093e-01   1.7812643e-01   6.1465518e-01   5.1644787e-01  -1.9406918e-01   5.0642436e-01  -2.3969402e-01   2.1054243e-01   3.6803516e-02   2.6507332e-01  -8.8914675e-02   2.6168761e-01  -2.5758346e-01  -6.9702617e-02   7.0623213e-02  -7.5133835e-02   5.6606042e-03   1.7094499e-01   1.3698771e-01   1.2805417e-01   2.3224352e-01  -2.4647106e-01   1.8949263e-01   1.3707750e-01  -1.0916806e-01   1.3511116e-01   7.7658847e-02   4.3746593e-02  -3.2765011e-02  -1.4517541e-01   1.3432727e-01   3.5050780e-01   2.3535368e-01  -1.2415586e-01  -3.0953651e-02   1.1653432e-02   5.1261245e-01   2.9395086e-01   4.2993002e-01   2.6510622e-01   1.7712146e-02   3.9672753e-01  -3.9350356e-02   2.3589238e-02   3.9880420e-02   5.8468073e-01   3.9541016e-01   6.6007131e-02  -2.4748797e-02  -3.8769340e-01   3.4334844e-01  -2.5733423e-01   9.4933417e-02   7.8152606e-02   5.3190934e-03   2.4347205e-02   1.6514343e-01  -9.8701353e-02   1.1054260e-01   6.0317324e-01   2.8687572e-01   4.0675541e-02   4.4885987e-01   2.8286580e-01  -1.2574161e-01  -1.8860571e-01  -9.4848638e-02  -5.7069038e-01   3.7771998e-02   3.3542861e-01   9.8180658e-02   3.6243979e-02   1.7498364e-01  -2.1191989e-01   8.4869120e-02  -1.1464328e-02   4.0890641e-01   2.3431088e-01  -1.8379724e-01   1.2682470e-01   1.6005696e-01  -6.8122666e-02   1.8314091e-01  -2.4131925e-01   2.2949690e-01  -6.7440467e-02   1.8632785e-03  -1.9319978e-01   7.5239736e-02   4.9803365e-02  -7.6047191e-02   4.4690306e-02  -2.3262705e-02   2.8883732e-01   1.6298537e-01   4.8963664e-01   2.3897339e-01   3.8000907e-01   1.6881053e-01  -1.4590732e-01   1.5787344e-01   3.5462384e-01   7.3062569e-02  -1.3385928e-01  -1.8734079e-01   5.1762074e-02   3.6093715e-01   6.0563435e-01   2.4967988e-01  -8.3994050e-02   2.9259278e-01
  -7.0601431e-02   4.9736849e-01   8.1560800e-02  -7.0069323e-02  -2.1517302e-01   4.1069190e-01   0.0000000e+00  -3.1045728e-01   1.6716010e-02   4.4211102e-01   2.1236516e-01   7.3647849e-01  -1.5194653e-02  -1.2657995e-01   4.2342697e-01   1.9741225e-01   1.7901858e-01   2.0129919e-01   4.9191882e-02  -2.4420613e-01  -6.9103270e-02   8.9697981e-02   2.7501930e-01   2.6110064e-02  -9.2314497e-02  -8.1277181e-02   4.8467024e-01   9.9235436e-02  -1.6048667e-02   4.2358848e-01  -1.3758917e-01  -2.2504847e-01  -4.5968525e-02   4.3896008e-01   1.5570799e-01   2.2739772e-01   3.6614686e-02   1.7652363e-01   6.2019010e-02   3.7501554e-01   8.3496004e-02   1.8273349e-01   1.1687976e-01  -2.7970447e-01   3.7420508e-01   1.4430083e-01   9.9020244e-02   6.6935139e-01  -2.3481463e-01   1.7377329e-01   7.9001891e-02  -3.5679062e-01   9.8896914e-02  -4.8270597e-02   4.4123515e-02   9.5266597e-02   1.7154290e-01  -2.8706705e-01   5.8504127e-02   3.5514503e-01  -8.8700436e-02   3.5342166e-02   4.3179819e-02  -2.1461760e-01   1.6592267e-01   3.6464732e-01   2.9095634e-01   9.1687891e-02  -6.8730890e-02   3.6772354e-01   2.3391937e-01   1.0409882e-01   1.1414275e-01   2.7545345e-01   7.1030640e-02  -2.3798537e-01  -9.8582003e-02  -1.5275068e-01   2.3290620e-01  -2.5593851e-01   2.2491463e-01   3.0115052e-01  -5.6515909e-02  -1.1196839e-01  -9.7083961e-02  -6.8194466e-02   3.2331721e-01  -1.4004450e-01   6.6004684e-02   2.3496009e-01   1.8714168e-01  -2.2160573e-01   3.8253593e-01  -2.2762364e-02   6.3364159e-02  -2.2166297e-01  -6.6814688e-02  -1.0009492e-02   5.2145498e-02   4.4323956e-01  -5.6819131e-02   2.0348465e-01   1.9520516e-01   2.5648361e-01   3.4678054e-02  -3.3182127e-01  -9.7328598e-02  -3.0117715e-01  -1.8085672e-01   1.7388441e-01   3.7692525e-01   3.0327762e-01   1.0297500e-01   6.4318700e-03   2.4429814e-01  -3.9782979e-02   1.1392129e-01   1.7096069e-01   2.8820365e-02  -3.5061596e-01   8.2914731e-02   3.0923501e-01  -2.9239616e-03   8.7755544e-02   1.2976735e-01   2.4108884e-01   2.0601571e-01  -1.4398258e-01  -1.4910839e-01   2.7006284e-01  -1.1529258e-01   4.2290899e-01   4.3817900e-02  -2.3681943e-01  -1.7178808e-01  -2.0958872e-01  -1.9627069e-01   1.0352188e-01  -2.3584353e-01  -1.3920452e-01   1.0029150e-01  -1.5718624e-01  -1.7353742e-01   1.8715743e-01  -9.8651354e-05  -9.4842659e-02   6.5115111e-01   1.1037213e-02   3.2972213e-01  -1.1396017e-01   9.3577856e-02   8.5741257e-02  -6.8285191e-02   3.3854584e-01   3.6244071e-01   8.9915800e-02  -2.6164876e-02   3.0362680e-01  -2.1871552e-01   4.2439200e-01  -6.4156499e-02   1.5119117e-02   3.4865802e-01  -1.2252206e-01  -2.4809377e-01   2.9402571e-01   6.1100244e-01   3.4370380e-02   3.7361338e-02   1.4335062e-01   2.8820292e-01  -1.3365950e-02   3.1727328e-01   2.2204521e-01   2.5817867e-01  -2.2162059e-01  -1.4307980e-01
   2.7749982e-02  -2.9252692e-01   5.3784251e-02   4.4197041e-01  -6.3042109e-02   2.3425684e-02  -3.1045728e-01   0.0000000e+00  -9.8451858e-02  -7.8610021e-02  -1.9890894e-01  -8.9204713e-02  -1.7890433e-01   1.9547863e-01  -2.6722013e-01  -4.9379986e-01   9.5747854e-02  -1.0800988e-01   3.1358443e-02   1.1965222e-01  -1.5604742e-01   1.5983681e-01  -1.9020754e-01   7.4312608e-02  -1.6079652e-01   6.1919618e-01  -2.1848759e-01   1.6051675e-02   2.8822737e-02  -2.4391003e-01   6.4989096e-02   1.3021783e-02  -1.4372706e-01  -3.0420611e-01  -7.6258110e-02  -2.8403520e-01  -8.0804611e-03  -5.3264186e-02  -3.8984873e-01  -1.0962367e-01  -4.0965351e-01  -9.4895738e-02   4.9595017e-02   7.8079030e-01  -2.5885246e-01   1.6779084e-01  -2.6183898e-01  -2.8766478e-01  -2.0103042e-01  -1.8174244e-02  -2.7219930e-01   6.6513306e-01  -3.9539386e-01  -1.2500937e-01  -5.8093255e-02  -2.4336623e-02   4.0434348e-01   4.6828646e-01  -5.9483854e-02   6.4504982e-02   3.5336209e-02  -3.5431723e-01   7.1334221e-02  -2.6888460e-02  -1.6834313e-01  -2.7284184e-01   7.7686965e-02   2.4654697e-02   1.5527624e-01  -1.6857133e-02  -1.5768805e-01  -8.4781831e-02  -4.0611201e-01   1.3657970e-01   1.6382537e-01   4.5314046e-01   1.0969003e-01   1.9045604e-01  -2.9859350e-01  -2.4072380e-01   1.5259902e-01  -3.6319217e-01   5.5651546e-02   5.0935126e-01   2.1959335e-01   3.2454810e-01  -2.0933926e-01  -6.9066210e-02   2.8776555e-01   2.5542354e-03  -3.8566092e-02   2.1494128e-01  -2.2091315e-01   1.8779503e-01  -1.6873887e-01   1.2300501e-01   1.0572477e-01   1.4534538e-01   1.0560340e-02  -2.7306583e-01   7.6726095e-02  -2.9550807e-01  -2.8790311e-03   1.3630948e-01  -7.7944145e-02   6.3189370e-01  -6.5654541e-03   4.7654138e-01  -1.2278085e-01  -3.1905471e-01  -3.0320071e-01  -1.1295538e-01   3.1856626e-01   6.3223607e-02  -1.5044962e-01  -2.5478041e-01   1.4014294e-01  -3.1898313e-01   5.9288070e-02  -3.1250558e-02   4.2790768e-02  -1.5036021e-01   8.2048041e-02  -3.9790343e-03  -3.5317065e-03   8.0116139e-02  -2.7037187e-01  -2.1876763e-01   5.6795710e-01  -3.2383345e-02  -2.1382664e-01  -4.4004891e-01   3.4592181e-01  -4.9963528e-02   8.8928242e-02   6.3026120e-01   1.1052686e-02   7.8324644e-02   3.2920417e-01  -3.8257799e-02   1.5791691e-02  -4.2647074e-02   2.5048577e-01   8.2270231e-02  -1.2500351e-01   1.2264210e-01  -1.2820998e-01  -2.7535004e-01  -1.1751776e-01   1.6306735e-01   1.0851312e-01   3.8005591e-01  -1.6013206e-01  -2.4464350e-01  -1.9490395e-02   1.5142747e-02   1.0381798e-01  -3.8145837e-01   2.2480639e-01   1.5241039e-02   2.4171936e-01   1.6837850e-01  -3.3550582e-01   1.7012055e-01   1.8508555e-01  -5.3476600e-02  -4.1925259e-01   1.2805187e-01   7.9521057e-02  -2.9968574e-01  -3.0760792e-01  -1.3374462e-01  -1.4162733e-01   5.4785055e-02  -3.6127378e-02  -2.3602837e-01   4.7939882e-01
  -9.9769848e-02   4.4519002e-01  -8.5209540e-02  -2.4080669e-01  -4.6556203e-01  -3.6194277e-01   1.6716010e-02  -9.8451858e-02   0.0000000e+00   3.0417725e-01  -1.5464731e-01   2.9123961e-01   6.5666932e-02   2.7715034e-02   2.1995619e-02   1.0442309e-02  -6.2735677e-02  -3.2287129e-01   7.1044430e-03  -4.3802517e-01  -5.8666529e-02  -1.6347377e-01  -1.3877458e-01   1.1661678e-01   2.3501691e-01   2.7233940e-01   1.0751596e-02  -9.7268702e-02  -2.5505282e-02   5.0274889e-01  -1.1566180e-01  -5.0244728e-02   5.2527053e-03   3.9190285e-01   2.6125105e-01   3.1709861e-02  -2.2488335e-01   1.2785948e-01   9.1924875e-03   2.1527763e-02   1.7200369e-01   1.0191548e-01   6.9665720e-01  -1.4217604e-01   3.6665979e-01  -3.7270933e-02  -2.3770638e-01   1.8955132e-01  -2.7375525e-01   6.3039825e-02  -1.9438216e-01   3.3870506e-02   6.2900877e-01   1.6224022e-01  -6.0927027e-02  -1.2352918e-01  -6.9539902e-02  -5.6184908e-02  -8.9730518e-02  -1.5379573e-01  -1.3758845e-01  -4.3548541e-02   7.9572582e-01  -1.5994601e-02   5.3748725e-01  -1.3248329e-01  -3.1817298e-01   1.1956858e-01  -3.3883683e-01  -3.1206162e-01   2.7575663e-01  -8.5881405e-02   2.8154995e-01   8.6594155e-02   3.1276413e-01  -3.0954226e-01  -2.0220230e-02   1.2259833e-02   5.1834252e-01   2.4056436e-01   1.0361836e-01   3.2365930e-01   3.6991016e-02  -5.8939705e-02  -2.8237123e-01  -8.0560736e-02  -3.5061504e-02  -7.1210076e-02  -2.0760516e-01   9.2816467e-03   4.8142025e-01  -1.6944828e-01   8.3731365e-02   4.5023279e-01   8.9083890e-02  -5.4202493e-01  -1.6216443e-02   1.7388618e-01  -3.0636907e-01   3.1895829e-01  -1.2334160e-01  -2.7621322e-01  -2.9099127e-01   2.6701254e-02  -3.5976315e-02  -1.8584354e-01  -1.6792531e-01  -1.0268997e-01  -4.6611159e-01  -2.4985813e-02   7.2250913e-02  -9.6593381e-02  -1.4695481e-01  -1.1288614e-01  -8.8500003e-02   4.3837486e-01   1.7408050e-01   3.1789232e-01  -1.2685111e-01  -6.3561465e-02   1.9604442e-02   5.4949281e-01  -1.5839981e-02   3.0554709e-01  -1.4259845e-01  -1.9068403e-01   1.0084161e-01   2.8103132e-01  -2.3446621e-01  -2.0686116e-01   1.3813552e-01   3.1824690e-01   1.7167823e-01   4.0050031e-01   2.1184074e-01  -3.4294914e-01   1.0560827e-01  -1.0089112e-01  -2.2822185e-01  -5.2173903e-02  -3.9093037e-02  -1.5833454e-01  -1.3105554e-01  -2.0367859e-01   7.4607314e-02  -1.9179639e-01   2.1967072e-01   1.6318328e-01  -3.0723886e-03   1.3049004e-01  -1.3050025e-01  -3.3639202e-03   4.4331946e-02   4.1076194e-01   1.9921167e-01   3.4194425e-02  -7.6166401e-02   7.5477995e-02  -6.3719604e-02  -1.6329299e-01  -1.6577199e-01  -6.9667918e-02  -6.8528776e-02  -2.1275072e-01   1.9389801e-01   4.3499694e-01   1.4352374e-01  -9.5972212e-02  -1.7520296e-01   2.5201677e-01   6.0213146e-01  -1.5202515e-01   1.6750466e-01  -1.6560599e-01  -2.8399574e-01   8.4664992e-02  -9.1306338e-02
  -1.4104318e-01   3.5341205e-01   2.2051902e-01   1.2603633e-01  -5.6983070e-01   2.4977739e-01   4.4211102e-01  -7.8610021e-02   3.0417725e-01   0.0000000e+00  -2.5796122e-02   5.6990607e-01  -4.2250241e-02  -7.7085577e-02   1.9330862e-01   1.7482503e-01   2.6618885e-01   1.0262705e-01   1.7410280e-01  -4.7567548e-01   1.8228900e-02   9.7790570e-02  -3.0265536e-01   8.3057458e-03   2.3161274e-01   1.5816696e-01   4.6457215e-01  -3.0761185e-02  -1.2827938e-01   1.3994986e-01  -2.6144948e-02   7.3011910e-02   1.9274794e-01   3.7297543e-01   2.6877910e-01   3.6072044e-01   4.5418581e-02   1.7469109e-01   1.7237848e-01   5.7502436e-01   6.9877022e-02   3.0166452e-01   3.4625147e-01  -7.0977904e-02   4.6083472e-01   8.3320603e-02   9.5927448e-02   3.0829915e-01  -5.8922842e-01   4.7461810e-01   3.2795537e-02  -8.5125961e-02   8.8157432e-02   2.6724986e-01   1.2190647e-01   1.2443335e-01   1.1696936e-01   8.2578924e-02   1.5430402e-01   1.3631147e-01  -1.7766572e-01  -3.1866203e-01   3.3630515e-01  -4.3330857e-01   3.4424793e-01  -1.2146139e-01   1.8602997e-01   1.0037872e-01   1.4319112e-02   1.6842478e-01   4.2826039e-01   2.5589275e-01   1.9459160e-01   3.5939739e-01   5.3560479e-01  -4.0060707e-02  -4.6974495e-02   1.9810695e-01   3.2222357e-01   1.4128838e-01   2.7852234e-01   3.2347404e-01   1.8948314e-01   6.1794899e-02  -1.5733809e-02   2.3344636e-01   5.6767729e-02  -1.2885006e-01   1.0762142e-01   1.8403843e-01   2.7304120e-01  -4.2481029e-03   3.8404367e-01   3.2683192e-01   9.5485022e-02  -7.1560628e-01   1.0168978e-01   2.4744952e-01   4.9967411e-03   5.4166270e-01   1.3967591e-01  -2.2698254e-01   7.7421809e-03  -5.9804972e-02   2.3776006e-01  -2.1443436e-02   1.2977745e-01   3.9253890e-02  -5.5004497e-01  -1.6146655e-01   5.3504490e-01   1.9355205e-01   2.0330562e-01  -8.0871918e-02   9.4110246e-02   1.3826122e-01   3.7826580e-01   2.2044588e-01   1.5350300e-01   9.7073878e-02   5.6293107e-02   5.6594933e-01   7.3792757e-02   2.1551324e-01  -4.5870283e-02   1.7649935e-01   3.5409380e-02   9.8344785e-02   1.0865771e-01   2.9375211e-01   1.5170511e-01   4.5042986e-01   1.6285826e-01   2.4889986e-02   2.7256555e-01  -2.5216598e-02   2.1323821e-01   7.9591201e-02  -4.1629681e-02  -2.1255346e-01   1.5694254e-02  -1.1010617e-01   4.6898126e-02   2.7226322e-01   5.7469571e-02   1.4378315e-01   6.9563901e-01  -3.0868435e-01  -6.6129046e-02   2.3223592e-01   1.9829597e-01   1.7481809e-01  -7.8828227e-02   3.2145042e-01   4.9057387e-01   7.4928733e-02  -2.5644121e-01   1.8231081e-01   4.1351332e-02   2.7881068e-01  -1.0892484e-01   2.3909159e-01   3.2157990e-01   8.0427428e-02   1.8911691e-01   3.8597820e-01   4.5794781e-01   8.4608095e-02  -8.6850779e-02   3.7529726e-01   2.3032223e-01  -5.8336388e-02   3.4464298e-01   3.1317077e-01   3.3104103e-01   1.6453813e-01   1.9008088e-01
   1.1120513e-01  -1.7429283e-01  -2.5133071e-01   5.4278902e-02   2.6694631e-02   1.2228772e-01   2.1236516e-01  -1.9890894e-01  -1.5464731e-01  -2.5796122e-02   0.0000000e+00  -6.6876053e-03  -7.7666845e-02  -8.6092137e-02   4.1476160e-01   2.4451386e-01  -2.3697338e-01   4.3721819e-01   1.9579565e-02  -8.0777807e-02   1.8959262e-01   6.0161828e-02   3.8926156e-01   1.5518999e-01   1.6740228e-01  -2.7220195e-01  -1.2677130e-02   5.8768411e-02   1.1309609e-01   3.7181943e-01   3.5491277e-01   1.3318241e-01  -7.1566497e-02  -2.5671592e-02  -1.9435816e-01   1.3756667e-01  -3.3115355e-02   2.4104810e-01   2.4011147e-01  -2.1191927e-01   9.7115170e-02  -1.2896211e-01  -3.0985316e-01   3.1442941e-02   2.6108356e-01  -1.7512233e-02   4.8916665e-01  -1.8092680e-02  -8.2639946e-02  -2.0559102e-01   3.9730677e-01  -1.7999805e-01   3.9958692e-02  -2.0979628e-01   1.7405704e-01   3.0771381e-01   2.2265916e-02  -1.0082537e-01   4.0593099e-01   2.1822554e-01  -5.1635846e-02  -8.5858735e-02  -2.0862863e-01   4.5705350e-01   2.3078806e-01   7.1422035e-02  -1.0695889e-01  -3.9143852e-02   3.4986915e-01   2.3943597e-02  -1.6412811e-01   2.3219812e-01   1.6626553e-01  -1.1132139e-01  -6.0310261e-02   2.1499981e-01  -5.9173586e-02   1.6582771e-01  -1.9607807e-01  -5.6145839e-02   1.6497604e-01   1.5131045e-01   1.7658401e-01  -3.5533678e-02  -2.3271852e-01   2.0776147e-01   4.6105161e-04   1.3231252e-01   1.0620760e-01   2.5849376e-01  -1.6582900e-01  -2.4872791e-01  -9.8846536e-02  -2.0866090e-01   2.7255363e-01   9.6556013e-02  -1.8259956e-02  -5.5487632e-02   1.2990232e-01   8.6733846e-02  -2.6381074e-02   5.4858353e-01   8.7137832e-02   1.5795118e-01   2.0200256e-01  -1.1891475e-01  -1.0024476e-01   7.0911514e-04  -4.3303543e-02  -2.7168141e-01   7.7149374e-02   2.3286726e-01  -1.1768853e-02   1.7423554e-01   3.4800917e-01  -2.0512644e-01  -2.0156774e-02   5.9926335e-02   8.9715691e-02  -3.4335010e-02   5.3150067e-02  -2.1227365e-01   1.5305064e-01   2.9930088e-01   1.9274837e-01   7.9302323e-02   2.2579728e-01  -4.6005726e-02   5.7970916e-03  -1.8788603e-02   7.5881275e-02   4.1321275e-01  -3.0369666e-01   5.0049858e-02  -5.3109449e-02   1.7281996e-02  -4.1148675e-02   3.0867267e-01   1.1464096e-01   1.8640937e-01   9.0589127e-02  -2.5037904e-01   7.3264905e-02   4.0632770e-02   3.3504648e-01   4.4495379e-01  -1.6269820e-01   1.4377236e-01   2.5957339e-02   3.8961568e-02   5.8521472e-02   1.2729889e-01   2.2691767e-02   5.4580447e-01  -2.4819879e-01   1.9685581e-01  -2.9401515e-02   4.3525589e-01  -3.5131283e-01   2.8848537e-01  -3.9952736e-02   2.8080464e-01   1.3924978e-01   2.4708344e-01  -1.3717805e-01  -2.3155107e-01   3.8732233e-01   1.0845765e-01   2.9555194e-02  -2.6148214e-01  -2.4965302e-01   1.7300049e-01   2.9231908e-01  -1.3150927e-01   3.3780837e-01  -1.1269465e-01  -1.6363567e-01
  -2.5170431e-02   6.8027587e-01   3.9499724e-01   9.9450093e-02  -3.3374741e-01   2.8226007e-01   7.3647849e-01  -8.9204713e-02   2.9123961e-01   5.6990607e-01  -6.6876053e-03   0.0000000e+00  -1.8432874e-01  -1.8100271e-01   2.1539092e-01   4.0927625e-02   5.0796328e-01  -7.1745489e-02   2.9582147e-03  -3.7327782e-01  -2.3829115e-01  -2.4699729e-02  -3.9700389e-02   1.3779413e-01  -1.3552453e-02   2.5921361e-01   5.3384176e-01   3.7222554e-02  -1.0425788e-02   3.9955977e-01  -2.4749552e-01  -2.5907792e-01  -1.4675378e-02   4.4413384e-01   1.4835911e-01   1.5894607e-01  -8.6564937e-02   2.0750298e-01  -1.2309441e-01   5.9211877e-01  -3.7676735e-03   3.4713896e-01   4.2640385e-01  -1.3984361e-01   2.4697539e-01   2.5799404e-01  -1.0939161e-01   5.7457126e-01  -3.8534988e-01   5.2299892e-01  -2.0465130e-01  -1.1004284e-01   1.5734130e-01   1.2144603e-01   9.1918712e-02   2.4972261e-02   3.0681188e-01  -9.9540468e-02  -3.2052909e-03   3.2113316e-01  -8.0361620e-04  -2.1886833e-01   3.7145077e-01  -4.2853199e-01   2.5858201e-01   1.7125847e-01   2.6430229e-01   2.1442802e-01  -1.8771961e-01   2.9584100e-01   4.4977201e-01  -1.0434692e-02   8.1325643e-02   5.1892079e-01   3.6294150e-01  -3.1438430e-01   6.6266054e-02  -6.4571971e-02   4.6349607e-01  -1.7178355e-01   1.6453520e-01   2.9629204e-01  -6.0086883e-02   4.0746391e-03   2.1123130e-01   1.7745629e-02   1.0958948e-01  -1.3322586e-01   2.2159806e-01   2.3797854e-01   4.5089565e-01   6.0769384e-02   4.5874148e-01   2.6094121e-01   2.4476045e-02  -3.3499927e-01   2.3872431e-02   8.7447027e-02   3.5559802e-02   3.5088445e-01   3.0236008e-02  -1.5365350e-01  -1.4431842e-01   1.9265284e-01  -1.2101042e-01  -1.2963818e-01   2.7383329e-02  -1.3437626e-01  -2.9542324e-01   1.8443460e-01   3.5053194e-01   1.3461132e-01   2.0344402e-01  -5.5818451e-03   1.2719933e-01   2.4337533e-01   1.6664891e-01   2.2427869e-01  -1.2361514e-01  -3.0927276e-01   1.6046505e-01   5.4687380e-01   7.8138849e-02   9.2912594e-02   1.4150970e-01   2.3548399e-01  -6.6745049e-03  -1.1283297e-01  -2.4874382e-02   2.9724866e-01  -1.7025669e-01   3.2346112e-01   4.1814652e-01  -5.3662539e-02  -1.1194184e-02  -2.4622660e-01  -1.2424357e-02  -1.1487509e-02  -2.4878708e-01  -2.2888839e-01   9.3832622e-02  -2.9563567e-01  -6.7045262e-02   1.5997129e-01  -4.7368584e-02  -2.4441327e-01   7.6516095e-01   1.2514968e-02   3.3718755e-01   3.7711854e-02   2.2080319e-01   7.5574878e-02  -4.2528209e-02   3.7231215e-01   6.9258110e-01   1.1726728e-01  -2.5111901e-02   1.7532521e-01   1.2596043e-01   2.1059044e-01  -8.7531416e-03   1.1306918e-01   3.3015224e-01  -2.7310617e-01  -7.8437418e-02   5.3613458e-01   5.2562238e-01   6.9146446e-02   1.0556783e-01   3.6807477e-01   5.0203617e-01  -6.7034806e-02   1.9539684e-01   2.8242313e-01   1.7822754e-01  -1.6285404e-01   6.3095352e-02
  -3.0184757e-01  -9.0628964e-02  -1.1387860e-01  -3.8155292e-01   2.3106393e-01  -2.2984843e-02  -1.5194653e-02  -1.7890433e-01   6.5666932e-02  -4.2250241e-02  -7.7666845e-02  -1.8432874e-01   0.0000000e+00  -8.0285726e-02  -1.8409612e-01   8.4367298e-02  -1.6096369e-01   1.6609453e-01  -1.8310053e-01   3.9693793e-01  -1.2325663e-01  -9.4036961e-02  -2.8833168e-02  -4.7655962e-01  -8.5633295e-02  -2.9876778e-01   9.8048065e-02  -2.3731901e-01  -8.6618592e-02  -7.3428597e-02  -3.0088679e-01   3.4430644e-02  -1.2206415e-01  -1.5393179e-01  -9.5428669e-02  -1.8650860e-03   2.3120502e-01  -4.3808468e-01   1.8429767e-01  -1.1718017e-02   6.8563420e-01  -3.4949592e-01  -1.6398163e-01  -2.6184661e-01   9.7303282e-02  -3.3043887e-01   1.8665454e-01  -9.7588023e-02   2.7900692e-01  -1.9412487e-01   2.7066759e-01  -1.9526827e-01   1.2130953e-01  -2.2563025e-01  -4.3299159e-01  -9.1721051e-02  -4.4726367e-01  -8.0686428e-02   8.4721620e-03  -2.2593003e-01  -3.3642263e-01   6.9192490e-01  -2.8990737e-01   1.0116412e-02  -3.6244259e-02   2.2449845e-01   2.6058469e-02  -8.2454762e-02   6.3314962e-02  -2.0879246e-01  -1.1453496e-01   1.2268832e-01   2.1464380e-01  -3.8663253e-01  -4.5642734e-01  -9.6481046e-02  -3.3314720e-01  -3.5892946e-02  -3.8480781e-02   2.1852781e-01  -1.9563399e-01   9.3021107e-02  -3.5502887e-01   8.7705573e-02  -3.6747624e-01  -1.6660286e-01  -9.9574310e-02  -2.7698743e-01  -2.6294725e-01  -4.5241598e-01  -3.1822889e-01  -1.9639833e-01  -2.0987295e-01  -1.1367135e-01  -2.9615491e-01   8.5946848e-02   1.1560315e-01   2.7465990e-01   1.9277905e-01  -5.1175836e-02  -4.4625274e-01  -5.1632078e-02   4.1343248e-02  -1.7431523e-01   1.5005533e-01  -1.3436016e-01  -2.8832484e-01   6.8002597e-02   1.2358939e-01   1.4203478e-01  -4.6195248e-02   6.4650469e-02  -1.7188816e-01  -2.8799137e-01  -3.2105004e-01  -5.9751230e-02   1.4730794e-01   2.4957837e-01  -2.0630552e-01   1.3841657e-01  -4.7262368e-01  -1.7715195e-01   5.5100798e-02  -1.0590670e-01  -3.6231590e-01  -2.1903034e-01   1.1473672e-01   2.7033763e-01  -1.8398223e-01   8.7205962e-03   2.0169453e-01  -9.4826708e-02  -3.4512603e-01  -2.0443721e-01   1.0411228e-01  -2.7337165e-02   2.5761145e-02  -2.0040731e-01   5.8728758e-03  -1.7914480e-01  -3.8450761e-01   7.7558297e-01  -2.1137588e-02  -1.9503656e-01  -2.3591859e-01  -1.3738242e-01  -1.3791786e-01  -1.1368584e-01  -1.9556267e-02  -4.2060699e-01  -3.0285159e-01  -4.8192900e-01  -1.9100604e-01  -9.9275198e-02  -8.4951344e-02  -4.9045150e-01  -2.6876541e-01   1.8274130e-01  -2.5943243e-01  -2.3007901e-02   1.2728332e-01   3.6219627e-02  -5.3334500e-02   2.0186772e-02   3.1653170e-02  -1.0339139e-01  -1.1738395e-01  -1.3595516e-01  -3.7984041e-01  -5.1708221e-02  -4.4030371e-02  -2.4393159e-01   2.2962489e-02  -1.7908458e-01  -2.2381131e-01   1.8384901e-02  -3.2876949e-01
   4.9874873e-01  -1.7147613e-01  -1.6014455e-01   1.4809656e-01  -1.6667536e-01   1.3777233e-01  -1.2657995e-01   1.9547863e-01   2.7715034e-02  -7.7085577e-02  -8.6092137e-02  -1.8100271e-01  -8.0285726e-02   0.0000000e+00   1.7400358e-01   9.3501795e-02  -1.5107008e-01   2.9613355e-01   4.5163505e-01  -5.3536240e-02   4.7049822e-01   5.6910919e-01  -1.8234417e-01   4.5186127e-01   2.9853673e-01   2.6294302e-01  -1.3790774e-01   3.5892906e-01   2.0815717e-02  -5.2588263e-02   1.8768446e-01   1.6421663e-01  -5.0178173e-02  -3.1392211e-01  -1.8166364e-01  -2.0487957e-01   2.3218462e-01   2.0719501e-01  -1.5723030e-01  -2.8182537e-01  -1.2989685e-01   7.7718659e-02  -1.9783409e-01   3.5129618e-01   1.1333338e-01   1.1501834e-01   5.9674030e-02  -2.4369052e-01   2.0235384e-01  -2.5260005e-01   1.6996627e-01   3.4325409e-01  -2.3243225e-01   2.0145155e-01   4.1071361e-01   1.8934630e-01   2.4048672e-01   2.4217141e-01   3.1182647e-01   2.2581275e-01   1.5734584e-01  -5.0785335e-02   1.4060910e-01   1.9201497e-01   1.7891257e-01  -1.6821407e-01   1.6544245e-01   3.2008681e-01   2.9722372e-01   8.4944122e-02  -3.9030587e-01   2.7957761e-01  -1.2554235e-01   2.9092129e-01   1.8050847e-02   1.7032509e-01   2.0988127e-01   2.1293298e-01  -1.2823746e-01   2.1352856e-01   1.1761136e-01  -2.3673260e-01  -6.4146851e-02   3.9125251e-01   1.7341178e-01   5.8745076e-02   2.3548695e-01   1.7679770e-01   1.5905113e-01   2.7264259e-01  -7.3036573e-02   1.1119158e-01  -3.2897808e-01  -1.0953646e-01   1.5979911e-01  -1.1922207e-01   2.3157002e-01   1.6233806e-03   2.7453243e-01  -2.8006361e-01   1.0670560e-01  -2.3983124e-02   5.7319634e-01   4.5335733e-01   2.3175378e-01   4.1819631e-01   7.1156918e-03   2.5880215e-01  -1.0263250e-01  -2.4226828e-01  -2.6235221e-01   4.0219056e-01   4.7595371e-01   3.6291648e-01  -7.8525327e-02  -2.9044607e-01   1.3381055e-01  -2.4252159e-01   2.5364089e-01   2.3839816e-01   2.4770890e-01  -7.5204785e-02   1.7355034e-01   3.4983005e-01   2.4012436e-01   5.3388790e-01   4.1762445e-01   1.1439638e-01   3.2246982e-01  -2.8154405e-01  -2.5651399e-01  -2.8604928e-01   2.0526205e-01  -3.6149666e-02   9.5535838e-02   3.3048515e-01   1.0702195e-01   3.3323906e-02   2.4622082e-01   1.2915316e-01   4.3121316e-01   1.9099830e-02   2.2039663e-01  -1.9976457e-02   6.7324212e-02   1.7874486e-01  -2.3127243e-01  -6.2594780e-02  -3.2905170e-01  -8.2527058e-02   1.5176602e-01   1.3643420e-01   3.0110615e-01  -2.1905758e-01  -3.3821659e-01   3.1815914e-01   2.1299440e-01   3.8675486e-02  -2.9747587e-02   1.3904594e-01   2.8853083e-01   2.4592900e-01  -1.9773771e-01   5.1991742e-01   2.6264700e-01  -2.0499522e-01  -1.5952641e-01   5.9800167e-01   3.6464316e-01  -2.5541698e-01  -2.1485695e-01  -8.6358830e-03   2.7694728e-01   1.0162364e-01   4.5371231e-02  -7.9953155e-02   3.2292047e-01
