   0.0000000e+00  -3.2143425e-01  -1.5762022e-02  -1.1177359e-01  -2.3498229e-01  -2.4967862e-01  -1.4334692e-01   2.6134429e-02  -1.8247338e-01  -2.7219848e-01  -3.1581179e-01  -4.4588808e-01   1.8970463e-01   4.7268549e-01   4.5993381e-01  -1.1645100e-01  -6.0888230e-02  -1.8463351e-01  -1.8877882e-01   4.8514623e-02   4.6218283e-02  -2.0634958e-01   1.5758699e-01   7.9256850e-01   1.8003321e-01  -2.7224437e-01  -3.7534139e-01   7.6539503e-01   8.2449593e-02  -5.4607593e-02   4.6954719e-01  -4.5749057e-01  -2.0573312e-01  -3.8142187e-01  -4.2648205e-01  -6.3480235e-01   2.5487245e-01   7.0909830e-01  -1.6288838e-01  -3.1961497e-01  -2.1229517e-01   3.7087735e-02  -2.7891927e-01   1.9347091e-01  -4.3969831e-01   5.8410616e-01  -5.2131561e-01   6.3867268e-03   1.4267349e-01  -1.0274999e-01  -2.9154627e-01  -4.3975351e-01  -2.1350951e-01   1.6007771e-01   5.5279704e-01  -1.8949060e-01   8.8372973e-02  -3.9193993e-01  -9.9116331e-02  -1.1798826e-01   3.8413775e-01  -8.3840098e-02  -1.1850433e-01   3.7884135e-01  -4.5329040e-02  -4.6714880e-01  -2.4162849e-01   5.3486470e-02  -4.4115223e-01   2.0211889e-01  -6.7068520e-02  -3.5944588e-01  -9.0215171e-02   7.0987921e-01  -2.5240787e-01  -1.9422334e-01   5.3781545e-01  -1.6890089e-02  -4.8133444e-01   1.6394216e-02   4.1389352e-01  -1.8747288e-02   3.7999897e-02  -8.2449436e-03   7.8684917e-01  -3.8474588e-01  -1.6384747e-01   7.0509241e-01   1.4417206e-01   9.0160431e-01  -3.1054475e-01   4.5483110e-01  -4.3041786e-01  -4.9227307e-01   6.2569452e-01  -7.9574690e-02  -1.6248645e-01  -2.8744175e-01  -1.3119567e-01  -6.2404518e-02   7.0807592e-01   4.3963017e-01   1.6447735e-01  -2.2591520e-01  -3.9011093e-01  -3.4876315e-01   1.9344106e-01  -4.9254924e-01   1.7600754e-01  -4.1500382e-01  -1.9318819e-01  -1.9869789e-01  -5.6394883e-04   8.6419343e-01   6.5957568e-01  -3.7362426e-01  -3.7847059e-01  -1.5796319e-01   4.7360610e-01  -4.0475182e-01   5.5654578e-01  -2.3495077e-01  -3.8467636e-01  -7.9039189e-02   6.6111243e-01   1.9921477e-01  -3.2469612e-01  -9.2730755e-02  -3.0037805e-01   2.6115231e-01  -8.7673719e-02  -9.9199722e-02   6.8364337e-01   7.4328438e-02  -4.5031168e-01  -3.1934819e-01  -3.7783289e-01   5.5120647e-01  -4.4178900e-01   7.9379626e-01   9.0691586e-01   2.7841253e-01  -3.2812428e-01  -2.8730306e-01   1.4857942e-01   4.9099652e-02  -7.5581970e-02  -4.8733136e-01  -5.0575981e-01  -1.9853335e-01   7.7459511e-01  -1.0889812e-02   6.0453175e-01   6.3944941e-02  -3.2914259e-01   7.8627450e-01   6.6590194e-01  -2.6838602e-01   2.9242738e-01   3.8318168e-02  -3.8122761e-01  -2.2741341e-01  -4.1214985e-01  -2.1847140e-01  -3.5334104e-01  -1.4102396e-01  -3.6304975e-01   4.6590658e-01   7.2719438e-01  -2.7028602e-01  -2.1089164e-01   4.5533804e-01  -1.3609951e-01   1.7529287e-01  -1.8877604e-01  -5.1643976e-02  -3.1704547e-01
  -3.2143425e-01   0.0000000e+00   4.8713146e-01  -1.0607738e-01   4.7810761e-01   1.5887777e-01  -2.5150596e-01  -1.1180294e-01   6.6444326e-01  -1.0639912e-02  -3.6134263e-01   6.9737255e-01  -2.5283822e-01  -1.0762361e-01  -6.3324439e-01  -3.4398356e-01   6.4269882e-01  -3.9980868e-01   6.3129432e-02   2.1757843e-01  -3.1397807e-01   1.6158629e-01  -3.9828785e-01  -3.9160404e-01   4.6605575e-02  -1.4058613e-02   5.0683041e-01  -5.6486029e-01  -4.5402278e-03   1.7070818e-01  -6.4388586e-01   3.0580594e-02   1.2046318e-01   3.0415112e-01   3.7986191e-01   1.9005746e-01  -4.2982729e-02  -4.1811302e-01  -3.1143573e-01   6.9123376e-01  -1.4878261e-01  -3.1509496e-01   2.2198055e-01  -1.3417542e-01  -3.1905999e-02  -2.1113531e-01  -2.1305051e-01   1.9686428e-03  -4.1075671e-02   7.2099747e-01  -3.7769559e-01  -7.5938369e-03   6.0269522e-01  -1.1190978e-01  -2.7502970e-01  -3.2950154e-01  -2.8610645e-01   3.3431068e-02  -2.8033583e-01  -7.2798214e-02  -1.2220683e-01   1.7778532e-02   6.6475096e-01  -3.0324244e-01  -1.6039133e-02   2.5846015e-01  -8.7002077e-02   1.5595816e-01  -2.7055588e-02   5.9833563e-02   1.4803281e-01  -1.3416902e-01  -2.9925275e-01  -3.1299621e-01  -5.0594686e-02  -2.5264606e-01  -3.5995364e-01   1.9914146e-01   5.4442439e-01  -2.8693003e-01  -5.4582367e-01  -3.5860610e-01  -1.7914768e-01   1.1310038e-01  -3.6261561e-01  -1.5170177e-01   2.9439060e-01  -4.8517593e-01   3.8902893e-01  -4.3346592e-01   7.5411598e-01  -9.2627150e-02   5.0958939e-01   2.4022076e-01  -3.7457577e-01   5.9238927e-01  -1.1252657e-01   8.6642295e-02  -1.0527394e-01  -4.2772047e-01  -5.6780849e-01  -6.0217185e-01  -2.2021992e-01   5.8057025e-01  -2.7427145e-01   1.3282091e-02   1.1565004e-02   1.0749906e-01  -1.1179951e-01   5.8089558e-01   6.6655809e-03   3.7458421e-02  -1.3711787e-01  -3.1562977e-01  -5.2413911e-01   5.5145577e-01   1.5654381e-01  -2.7455205e-01  -2.2275286e-01  -8.3839920e-02  -5.2666877e-01   6.6418375e-01   2.1270149e-01   1.9263750e-01  -3.3358045e-01  -4.2482525e-02  -1.1636360e-01   1.9128282e-01   4.7882604e-02   2.7359549e-01  -4.9313038e-01  -3.7112975e-01   1.2465774e-02  -2.4523934e-01   1.2943584e-01  -1.5676747e-01  -1.8083820e-01  -4.8802245e-01  -8.1441568e-02  -4.2730916e-01  -4.1531425e-01  -2.2880600e-01  -3.5750860e-02   3.4787358e-01  -5.4790884e-01  -4.2095065e-01   2.1868108e-01   5.0361208e-01   4.7979987e-01   2.9331841e-02  -4.6917872e-01  -1.7716008e-01  -3.9773497e-01  -2.8889580e-01   8.5170042e-01  -4.1449055e-01  -3.7750354e-01  -2.3711950e-01  -2.6089805e-02  -5.4707193e-01   1.2321751e-01  -1.8475148e-01   4.7705994e-01  -2.3000437e-01   1.7463740e-01  -6.3687965e-02  -6.0119895e-02  -1.8801517e-01  -3.3852072e-01   6.3904248e-01   5.5696211e-01  -3.3398767e-01  -1.9314886e-01   1.8745045e-01   1.1990271e-01   1.5593971e-02   1.8561121e-01
  -1.5762022e-02   4.8713146e-01   0.0000000e+00  -1.7202599e-01   3.9275787e-01   4.4654896e-01  -3.8246139e-01  -3.9891559e-02   2.3736561e-01  -1.2482867e-01  -3.6703063e-01   6.2301260e-01  -1.3268932e-01   3.5418060e-02   4.5097766e-02   4.6757363e-02   8.8693041e-01  -5.4233318e-01  -7.1748436e-02   5.3197067e-01  -4.7348429e-01   2.2047231e-01  -1.0447558e-01  -1.7800336e-01   3.7466589e-02   3.6068479e-01   3.1230533e-01  -7.1213617e-02   1.6412264e-01   2.4341579e-02  -3.7347267e-01   1.3441665e-01   6.3493027e-02   7.0689336e-02   5.5522267e-03  -1.3142085e-01  -1.9552985e-01  -3.6163703e-02  -3.4906106e-01   6.8179351e-01  -2.6040648e-01   1.6366610e-01   3.7683813e-01   5.9410990e-02  -1.6193400e-01   1.0207158e-01  -4.0047181e-01  -3.9258293e-01   1.5257698e-01   8.0637115e-01  -1.0728094e-01   9.3026244e-02  -9.2419088e-02   2.4746940e-01  -1.1293309e-01   3.6089983e-02   1.6535652e-01   7.1431994e-02  -1.6137524e-01   1.1804965e-01   2.6803485e-01   2.0185170e-01   6.0548583e-01  -2.6793787e-01  -5.2533330e-01   6.9262539e-02  -3.9110400e-02   1.6881588e-01  -3.1396158e-02   5.3930117e-01  -1.9653968e-01  -8.4055389e-02  -3.0387478e-01   1.9945870e-01   2.6319118e-01  -1.0639334e-01   7.9701434e-02   3.3801188e-01   1.5513435e-01  -5.9251031e-02   7.3180654e-06  -3.1565792e-01  -2.8740773e-01  -9.6732966e-02  -1.9652133e-02  -1.1578437e-01  -2.6709916e-01  -1.0302288e-01   5.6288656e-01  -4.9575010e-02   3.7205392e-01   4.8662759e-01   3.6850015e-01   1.8620912e-01  -1.1860588e-01   5.4430216e-01   1.9160248e-01   9.3813855e-02  -6.0234929e-02  -3.6623366e-01  -2.2428769e-01  -2.5607507e-01   1.1525378e-01   3.1830067e-01  -1.7911097e-01  -8.2847991e-02   3.3119142e-01   1.1106442e-01  -3.3240119e-02   2.7123843e-02   6.5513837e-02   2.2721806e-01  -8.0682730e-02  -1.4713193e-02  -1.1668420e-01   1.3214038e-01   2.6886757e-01  -1.7981493e-01   2.2776563e-03   4.6105522e-02  -1.3005013e-01   4.1236489e-01   2.9102405e-01  -2.5959201e-01   1.7493697e-02   2.5977238e-01  -2.6323501e-01   1.0082476e-01   4.2500381e-02   5.6170460e-01  -3.8047303e-01  -4.7315762e-01   3.6140963e-01  -3.4023529e-01   2.6783718e-01  -1.9824832e-01   4.8295749e-02  -2.0801833e-01  -1.6670310e-02  -1.4350884e-01  -9.6887128e-02  -4.0991217e-03   1.1720980e-01   3.8541024e-01  -3.1878288e-01  -5.6157190e-01   1.7929662e-01  -8.1979227e-02   4.1685097e-01  -3.6589526e-01   1.0794257e-01   5.1581434e-02   2.1320851e-01  -3.8560035e-01   7.3589436e-01  -5.9574699e-02  -1.3267958e-01  -2.0078873e-01   4.1621128e-01   1.9908273e-02   3.0519576e-01  -4.0980589e-02  -1.5824231e-01  -5.1409461e-01   3.1489292e-01   1.6535157e-02  -1.6219767e-01   7.2015364e-02   1.5952087e-02   1.7702789e-01   4.7451898e-01  -4.3270027e-01  -4.5271072e-01   3.6482214e-01   4.5320239e-01   1.5804595e-02   8.1559424e-02
  -1.1177359e-01  -1.0607738e-01  -1.7202599e-01   0.0000000e+00   5.4159001e-02   4.3262560e-02  -1.4641232e-01   4.4723203e-03  -1.8196455e-01  -2.2318776e-01   2.5988502e-01  -1.8591892e-01   7.0859887e-02   3.8474235e-02  -1.5231516e-01   1.6703644e-01  -9.3019298e-02   3.0154015e-01   2.6853032e-01  -5.9646720e-02  -9.8492353e-02   1.1612543e-01  -1.4510013e-01  -2.7459725e-01  -2.8172109e-02   1.7546129e-01   2.6085570e-01  -1.4588683e-01   7.1706358e-02   2.4516466e-01  -1.8139564e-01   1.7431846e-01   3.0896712e-01  -2.7369686e-01  -3.6204450e-02   2.9454544e-01  -1.2522213e-01  -1.0153508e-02   1.6381513e-01  -1.9574430e-02  -2.1914909e-02   1.0607593e-01  -3.3085299e-01   1.4485606e-01   1.1286174e-01  -1.2109670e-01   4.6398365e-01  -1.4805166e-01  -6.8024205e-02  -1.9890781e-01   1.6788262e-01   1.9777263e-01  -1.8881526e-01  -8.7604234e-02  -2.5010642e-01   1.5608706e-01  -3.2874531e-02   2.8861095e-01   3.8400614e-01   2.1429461e-02  -4.9880659e-02  -3.7845111e-02  -2.8172754e-02   1.4436607e-02   2.0735566e-01  -5.4176633e-02   1.7832530e-01   2.4946849e-01   5.6646427e-01  -3.2323341e-01  -2.1888906e-01   3.0596173e-01   1.1193992e-01  -2.2726308e-01  -4.5737070e-02   3.8354369e-01  -7.9909530e-02  -7.8038312e-02  -3.1556881e-02   2.6708053e-01  -1.4521386e-01   2.6441707e-01  -1.5677467e-01  -5.2367900e-03  -1.2640000e-01   2.9852103e-01  -2.4718087e-01  -2.3542116e-01  -2.5139333e-01  -1.8771106e-01   4.7450957e-02  -1.3571980e-01  -1.3230478e-01   1.9540416e-01  -1.7703750e-02  -2.0671392e-02   1.3976033e-01   1.3661433e-01   3.2575026e-01  -6.9425376e-02  -1.7067120e-01  -1.9132907e-01   8.0011579e-02  -2.4461155e-01   2.1202947e-01   7.5444870e-01  -8.7380829e-02   3.6508060e-01  -2.9138630e-01  -1.1401014e-01  -3.2757185e-01   2.9355884e-01   6.6916235e-01   8.2864381e-03  -2.1754945e-01  -2.5544506e-02   1.7424175e-01  -1.8179564e-01  -2.6378009e-01   2.8438569e-01   3.7389101e-02   1.3644496e-01  -3.9031150e-02   2.2979671e-01  -1.5453453e-01  -6.2639979e-02   1.9959128e-01  -4.0820140e-02   3.2706480e-01  -3.2538137e-01   2.6457613e-01  -1.5823625e-01  -2.2886556e-01  -1.7895594e-01   7.1746713e-02   4.0204695e-01   2.3205736e-01  -1.8610395e-01   3.9612004e-01  -4.5215833e-02  -1.5606892e-01  -9.6029060e-02   3.4867674e-01  -2.7611601e-01  -1.9898233e-01  -6.8124877e-02  -2.5651568e-01   7.0959288e-02  -1.6152529e-01   1.3638131e-01  -1.5808294e-01  -5.2124832e-02  -5.3204311e-02   1.6759931e-01  -1.0802133e-01  -2.3581661e-01  -3.6391494e-02   1.5737727e-01  -7.3777313e-02   1.3698078e-02  -9.6237002e-02   4.3844628e-01   8.9232707e-02   6.1825972e-01   2.8568394e-01  -9.5921725e-02   1.7344035e-01   2.9258310e-02  -2.3578039e-02  -1.2980413e-01   2.2697628e-02  -1.1886296e-02   5.0416475e-01  -9.5577974e-02  -8.5179907e-03   3.0483983e-01   5.1981142e-01
  -2.3498229e-01   4.7810761e-01   3.9275787e-01   5.4159001e-02   0.0000000e+00   2.3002634e-01  -2.7910170e-01  -1.2183744e-01   2.1749052e-01  -2.3760941e-01  -1.5868300e-01   5.6670821e-01   1.2594071e-01  -3.4115245e-02  -2.2904965e-01   2.4263551e-02   4.0197520e-01   2.4691949e-02   8.7603287e-02   6.8082801e-01  -4.6238215e-01   7.8837440e-02  -2.4847877e-01  -2.9430395e-01   1.4596762e-01   1.6146960e-01   6.6984724e-01  -3.6776115e-01   9.3335062e-02   1.5695028e-01  -5.3673203e-01   7.1207480e-02   1.5853729e-01   1.6249976e-01   8.9895967e-02   4.5685995e-01   1.3537141e-01  -1.7007072e-01  -1.7210360e-01   5.7858985e-01   1.0152821e-02   2.6675757e-02   1.5287567e-01  -1.6640811e-02   2.0717722e-01  -3.6834017e-02   1.6622201e-01  -3.2737477e-01   3.2134096e-01   4.4635808e-01   4.6418275e-02   7.5914439e-02   1.7299354e-01   1.4101404e-01  -2.9160719e-01  -1.2353851e-01  -4.1320570e-02  -2.3364673e-02  -2.5264866e-02   6.4905549e-02  -1.7871529e-02   4.3878894e-01   4.4901061e-01  -2.2269832e-01  -6.3584559e-02   3.8634762e-01   8.9520822e-02   1.6945356e-01   1.5591611e-01  -5.1713846e-02  -2.9612061e-01   1.1343547e-01  -1.3946070e-01   5.2694229e-02   2.6003259e-01  -1.1008204e-02  -1.7128062e-01   1.8049312e-01   6.1430264e-01  -6.6230770e-02  -3.8271577e-01  -1.6382583e-01  -4.3762849e-01  -3.3953081e-02  -2.2325237e-01  -5.0442897e-02  -2.1396199e-01  -3.4554296e-01   3.2306278e-01  -2.1233872e-01   7.4173143e-01   3.4076818e-02   3.7101585e-01   2.2591534e-01  -2.3694338e-01   7.7409030e-01   2.9331794e-01   1.7027786e-01   4.4918521e-01  -3.7997062e-01  -4.8004722e-01  -3.5105444e-01  -9.6641381e-02   2.5556473e-01  -1.8361344e-01   1.0437095e-01   2.4068916e-01   3.0009350e-01  -1.9223445e-01   2.7843434e-01  -1.9138940e-01   1.1948102e-01   2.4703492e-02  -1.2896404e-01  -5.7306540e-01   4.0254844e-01   1.4070984e-01   8.9183951e-02  -3.5041344e-01   9.5086352e-02  -9.6604057e-02   6.6743929e-01   2.2615371e-01   1.2388558e-01   1.3391953e-03   1.4724812e-01   2.1539217e-01   2.5928005e-01  -4.3628718e-02  -5.6417233e-02  -1.9698105e-01  -3.8868419e-01   1.2888805e-01  -5.8005466e-01  -2.9201776e-02  -8.9636751e-02   1.1158669e-01  -4.5889353e-01   8.9602376e-02  -2.4292522e-01  -2.6690048e-01  -1.9489248e-01   2.1735291e-01  -6.1367145e-02  -3.1877613e-01  -3.9151206e-01  -1.6993214e-01   4.0227218e-01   3.6168848e-01  -1.2302933e-01  -2.0982478e-01  -2.3646275e-01  -6.2798982e-02  -3.9402857e-02   5.2593350e-01  -1.8907850e-01  -1.8596382e-01  -6.5944964e-02   9.4940511e-02  -2.3047179e-01   2.3565774e-01   1.0855395e-01   1.4823463e-01  -9.0333740e-02   2.2353992e-01   1.6944690e-01   1.1647925e-01  -9.1326846e-02  -4.6021319e-02   2.8384148e-01   6.6773736e-01  -3.7829045e-01   3.3973100e-03   5.4973722e-02   3.3521312e-01   1.4549492e-01   1.5906897e-01
  -2.4967862e-01   1.5887777e-01   4.4654896e-01   4.3262560e-02   2.3002634e-01   0.0000000e+00  -2.1791361e-01   2.0789464e-01   2.2084841e-02  -1.2768927e-01  -8.4504647e-02   3.6303165e-01   8.0468585e-02   1.1652223e-01   4.5273955e-02   3.7669912e-01   3.3143733e-01  -1.7078414e-01   4.1870833e-02   2.9881649e-01  -3.0907999e-01   6.2539773e-01  -1.9113580e-01  -3.4388443e-01   9.5499629e-02   5.2197939e-01   4.2176409e-01  -2.0712442e-01   1.3096742e-01   3.7254109e-01  -4.3034057e-01   3.1914647e-01   9.8198057e-02  -6.9171669e-02   1.2061872e-01   6.5300873e-02  -1.5765248e-01  -2.8202565e-01   6.1897068e-02   4.3693168e-01   9.2060575e-02   1.4091525e-01   1.8238499e-01   2.2241119e-01   7.4721633e-02  -2.0794049e-01   4.7650363e-02  -3.1507131e-01   2.0872829e-01   4.4123647e-01   1.9644884e-01   3.4049237e-01  -3.1593458e-01   1.8216550e-01  -1.2286524e-01   2.2769919e-01   3.6036239e-01   4.5329314e-01   2.9365335e-01   3.2963858e-01  -1.5819548e-02   4.1698592e-01   3.4137592e-01  -4.2084769e-01  -5.0203741e-01   2.1570757e-01   4.3885013e-01  -1.0108971e-01   3.9260974e-01   1.5463517e-01  -4.4250084e-01   2.2978498e-01   4.6224060e-03   5.7001908e-02   2.8444698e-01   1.6188953e-01  -1.6166242e-01   3.8894746e-01   2.8153041e-02   3.4639133e-01   7.9474672e-02  -1.1948045e-01  -3.4750924e-01   6.1764459e-02  -2.8505490e-01   1.1966488e-01  -1.2169655e-01  -1.6133560e-01   1.7651921e-01  -2.3314773e-01   1.5885424e-01   9.6390245e-02   9.2664739e-02   4.2869077e-01  -3.9753296e-01   2.7433436e-01   3.7520114e-01   4.0051459e-01   5.4518136e-02  -7.3766251e-02  -3.4791444e-01  -2.3439692e-01   3.4726659e-01   1.7778340e-01   2.8543018e-01   2.2737093e-01   2.8614239e-01   5.5750728e-01  -7.6517398e-02  -1.2335299e-01  -2.4028205e-01   5.6528833e-01   5.7954115e-02  -2.5507526e-01  -2.6445416e-01   3.5750368e-02   3.7686330e-01  -1.1459277e-02  -1.9134269e-01   3.4223445e-01  -2.7893799e-01   2.8282536e-01   4.4181760e-01  -1.6830033e-01  -1.8823802e-01   4.0611634e-01   1.5984201e-01   3.1219028e-01   5.0702687e-01   1.6849710e-02  -7.6421870e-02  -4.4490905e-01   1.5176520e-01  -3.8954134e-01   4.5426562e-01   5.1064481e-02   3.4768811e-01  -1.9880874e-01   2.3527189e-01  -3.5599529e-01  -3.6748352e-01   1.0953481e-02   4.0285860e-01   1.7651647e-01  -3.2539814e-01  -3.1288268e-01  -1.3967552e-01  -7.5926152e-02   3.1448010e-01   8.2705029e-02  -1.7207426e-01   3.9448411e-01  -6.3254602e-02  -4.8139208e-01   4.2304242e-01  -3.5915663e-01  -2.7192416e-01   1.7867893e-01   1.5092783e-01   2.5066406e-01   4.8555420e-01   2.2595222e-01  -9.3065545e-02  -1.0110698e-01   5.1058970e-01  -4.0797798e-02   6.3122736e-02   2.1081484e-01  -1.1834048e-01  -2.2172218e-01   3.4720449e-01  -6.1136673e-01  -3.2008606e-01   2.8604202e-01   4.5784546e-01  -1.2272975e-01   4.0430525e-01
  -1.4334692e-01  -2.5150596e-01  -3.8246139e-01  -1.4641232e-01  -2.7910170e-01  -2.1791361e-01   0.0000000e+00  -1.4057402e-01  -5.1144628e-02   3.8636992e-01   1.4661128e-01  -1.1062980e-01  -5.2732415e-02  -1.6640842e-01  -1.2405970e-02  -1.0718080e-01  -3.8326002e-01   3.2637022e-01   2.7102146e-01  -2.6484674e-01   5.8920942e-01  -2.4400500e-01   6.5712774e-01  -1.7576471e-02  -1.1939389e-01  -1.3745620e-01  -1.0658574e-01  -5.1517431e-02  -1.8037689e-01  -2.5920363e-01   3.9804047e-01  -2.8705536e-01   5.3026208e-02   4.6430383e-01   2.7486377e-01   4.1085825e-03   2.7519761e-01  -1.3199145e-01   1.0259882e-01  -6.0142057e-02   1.0560608e-01  -1.9407431e-02   4.9682678e-02  -2.1419765e-01   1.8343748e-02  -2.8780779e-01   4.1875633e-02   6.2970029e-01  -1.9949265e-01  -4.5666538e-01   9.1339724e-02  -6.8493123e-02   1.2439839e-01   6.0253203e-02   1.5492318e-01   1.9423586e-01  -2.0852121e-01  -1.5214267e-01  -6.7260923e-02   1.3055072e-01  -3.4554713e-01  -1.9000475e-01  -4.2658244e-01  -5.2157624e-02   3.2338693e-01  -1.1836205e-01   8.3708420e-02  -1.9683042e-01  -1.5642626e-01  -1.4176841e-01   5.9555898e-01  -1.3361879e-01   1.5944459e-01  -2.4428953e-01   5.2077590e-02  -3.0927397e-01  -2.2890254e-01  -2.7058854e-01   4.2032980e-02  -2.1160669e-01   1.8102021e-01   2.4712074e-01   4.7400679e-01  -2.2439478e-01  -1.7141511e-01  -2.2167218e-01   4.1359331e-01   8.8896596e-02  -1.5576137e-01  -1.0972131e-01  -3.5217319e-01  -3.9858779e-01   2.3611489e-01  -1.5314623e-02  -8.2250846e-02  -3.9036120e-01  -1.2334570e-01  -2.3319654e-02  -8.3944226e-02   5.9827926e-01   2.2819046e-01   3.0186873e-01  -1.1708047e-01  -2.1087866e-01   2.8991765e-02  -1.8327207e-01  -1.8577690e-01  -2.3874161e-01   3.0740404e-01   1.5666120e-01   6.0634563e-01  -3.5110618e-01  -4.1891682e-02  -1.8707879e-01   1.7236494e-01   2.0217556e-01   7.4836163e-02   1.7692946e-01   1.1032551e-01  -2.3335507e-01  -1.3717141e-01  -3.2682110e-01  -1.7252770e-01  -6.7725132e-02  -1.9012360e-01  -3.3482061e-01   1.1133622e-01   7.7949642e-02  -2.2273178e-01  -5.0970822e-02   1.5248695e-01   6.7084721e-01  -3.7625870e-01   5.4561680e-01  -2.1334388e-01  -1.8718171e-01  -7.4781799e-02   3.4362304e-01  -2.2187295e-01  -8.1779822e-02  -1.1045899e-01  -1.4244647e-01  -2.6010199e-01   2.0334217e-01   6.2972895e-01   4.6045141e-01   5.3017205e-01  -9.7731986e-02  -1.4418123e-02   2.5889610e-01  -1.5525869e-01   3.8533879e-02  -3.0102370e-01   3.4768657e-01  -2.6677817e-01  -1.2765591e-01  -2.1812528e-01   6.9293876e-02  -3.1233634e-01   6.3280146e-02  -2.9947220e-01  -2.3546140e-01   6.5248805e-02   8.0857045e-02  -2.2508340e-01   4.2649861e-01   2.2745985e-02  -1.4808524e-01  -3.3963011e-01   1.7258576e-01  -3.6341286e-01   6.6849655e-02   2.6686100e-01  -3.4610453e-03  -1.0991226e-01   1.3928707e-01  -9.4177978e-02
   2.6134429e-02  -1.1180294e-01  -3.9891559e-02   4.4723203e-03  -1.2183744e-01   2.0789464e-01  -1.4057402e-01   0.0000000e+00  -9.3666322e-03  -1.7756189e-01  -6.3116975e-02  -8.6961935e-02   1.1753773e-01  -6.8283705e-02  -2.8349813e-02  -2.4683416e-02  -1.3363371e-01  -2.4510864e-02  -7.8678112e-03   7.8384841e-03  -1.0718623e-01   1.7991908e-01  -1.0870495e-01   1.1845750e-01   2.8682324e-01  -2.9703305e-02  -1.3662046e-01   1.4772712e-01   1.3175768e-01   2.6322624e-01  -4.2550491e-02  -9.7759536e-02  -4.0138762e-03  -1.5126166e-01  -1.8363538e-01  -2.9818429e-01  -9.6295061e-02   1.0318659e-02  -6.3773614e-03  -1.6175131e-01   1.8450436e-01  -2.6575199e-02  -1.9801530e-02   3.4022526e-01   7.4080431e-02   5.4120540e-02  -1.0871316e-01  -1.0203810e-01   7.6405794e-02  -3.8269380e-02  -1.3493393e-01   1.2062125e-01  -4.9062187e-02  -1.1999281e-01  -1.0614603e-03  -2.3594909e-02   1.6643239e-01   8.7399556e-02   2.7668545e-01  -7.4567502e-02   1.2309336e-01   2.3357615e-01  -4.6276497e-02   1.1166263e-01  -1.1878302e-01  -2.1032343e-01   1.8330680e-01   1.6659066e-02   1.6354592e-01  -2.5932639e-02  -1.9263122e-01  -1.2483046e-01   8.6734610e-02   8.1320165e-02  -1.8802972e-01   7.6869873e-02   1.4683113e-01   4.5819863e-02  -2.3572263e-01   2.0651568e-01   6.4785925e-02   3.8156568e-02  -1.5846692e-01   6.8182334e-01   1.0040216e-01  -1.3486088e-02  -1.1272789e-01   2.5469495e-02  -1.5429343e-01   5.4032427e-02  -1.2146847e-01   1.5736974e-01  -3.4337397e-01  -1.0240333e-01   2.4272109e-03  -1.4840914e-02   6.2202979e-02   2.1371102e-01  -1.3636509e-01  -8.0234899e-03   3.2235258e-02  -4.9912224e-02   1.5528717e-01  -4.9098472e-02   5.5442645e-02   1.9016925e-02   1.6469483e-02   2.0301507e-01   1.5917692e-01  -1.4894026e-01  -2.3024245e-01   1.6338037e-01   8.6422512e-02   6.3720356e-02  -3.3410394e-03  -3.3311005e-01  -2.7162680e-02   9.3567923e-02   8.3311839e-03  -1.0038004e-01   9.7048521e-03  -6.4142857e-02   4.2321970e-02  -4.7948863e-02   1.2000886e-01   6.4162597e-02  -1.9239688e-01   1.8641584e-01   1.9358387e-01  -1.9987900e-01  -5.5034301e-02  -6.8946444e-02   1.0568333e-01  -1.0855970e-01   2.1989988e-02   4.7034625e-02   3.5652837e-02   7.7989226e-02  -2.0690043e-02  -4.6449113e-02  -1.6591520e-02   1.3922416e-02   1.8372934e-01  -2.7799043e-01  -1.1088188e-01  -1.2235866e-01  -1.9250118e-01  -5.2093554e-02  -2.9090701e-01  -7.7312629e-02   9.5441580e-02   3.6484103e-01  -2.6110409e-02  -1.6405977e-01  -1.4525845e-01   3.1286909e-02   6.8757019e-02   6.0811473e-04   1.8447983e-01   2.0041243e-01   8.0746164e-02   1.1002592e-01  -1.0484165e-01  -3.6012365e-02   3.9404219e-02  -8.8128754e-02  -6.5179116e-02   2.3131872e-01   1.6214066e-01  -3.2454838e-01  -5.2047446e-02  -2.7307145e-02   1.0878253e-02  -1.4154062e-01   7.4169315e-02  -1.1201739e-01   2.3591308e-01
  -1.8247338e-01   6.6444326e-01   2.3736561e-01  -1.8196455e-01   2.1749052e-01   2.2084841e-02  -5.1144628e-02  -9.3666322e-03   0.0000000e+00   2.6530836e-03  -2.2850317e-01   4.5526263e-01  -1.4836614e-01  -2.3541459e-01  -4.0238238e-01  -1.7025350e-01   2.8092862e-01  -3.1759222e-01   3.1624632e-02  -3.4670020e-03  -2.2083984e-01   1.4836393e-01  -2.4511926e-01  -2.0055813e-01  -1.5746152e-01  -8.3427550e-02   1.7578966e-01  -3.6071465e-01  -1.4058839e-01   2.0762720e-01  -3.3068196e-01   1.2389846e-02   1.0849111e-01   3.9222789e-01   3.6231625e-01   1.6630276e-01  -1.0241939e-01  -4.0901444e-01  -1.8655904e-01   3.3025883e-01  -4.0826081e-02  -2.3097621e-01   2.1770937e-01  -9.8441276e-02   2.9714152e-02  -3.8915654e-01  -2.3922543e-01   1.7904359e-01  -1.5579183e-01   2.9563972e-01  -1.8030976e-01   5.2067190e-02   5.9409014e-01  -1.4820353e-01  -1.7616181e-01  -1.3059186e-01  -1.1772212e-01   1.5639984e-02  -2.4034625e-01   1.4474195e-01  -2.5686601e-01  -4.3734611e-02   6.4029336e-01   1.7787284e-01   1.8371204e-01   2.9682381e-01  -3.0771656e-01   1.0503032e-01  -1.5303133e-01  -1.2849407e-01   2.2447685e-01  -1.1610892e-01  -1.4669392e-01  -1.6204630e-01  -2.5714794e-01  -1.4471058e-01  -4.4012107e-01  -8.6821177e-02   4.3191711e-01  -2.4117821e-01  -3.1834346e-01  -3.8109432e-01  -1.1609437e-01  -4.6459930e-02  -3.2095116e-01  -1.2500121e-01   3.7017259e-01  -2.8531991e-01   3.9426400e-01  -2.6630106e-01   4.6095784e-01  -2.7489777e-01   2.9230821e-01   2.4293044e-01  -3.9443734e-01   3.0333579e-01  -2.3538574e-01   2.1299696e-01  -3.1582754e-01  -2.1899034e-01  -3.3422710e-01  -2.8898230e-01  -2.0322889e-01   6.7752445e-01  -1.5234120e-01  -1.6124487e-01  -2.5623247e-02  -4.8861977e-02  -1.3552923e-01   4.3028536e-01   2.3426738e-01  -1.6504277e-02  -1.2287661e-01  -2.7806915e-01  -3.6372448e-01   3.4596694e-01  -1.7551665e-02  -1.8485933e-01  -1.4006962e-01  -9.4188219e-02  -4.1528596e-01   3.7709950e-01   2.1648052e-01   4.0178598e-01  -2.7532891e-01   4.8747325e-02  -1.0755864e-02   1.1541179e-01   5.6258034e-02   6.6906496e-02  -4.2739781e-01  -7.7458154e-02   1.7208186e-02  -1.4108042e-02   1.7445907e-01  -6.1446984e-02  -1.6202306e-01  -3.7959923e-01  -1.0300891e-01  -3.7041671e-01  -2.9484767e-01  -1.1112070e-01  -1.3828516e-01   3.0828343e-01  -2.1878740e-01  -4.1798075e-02   2.0460317e-01   3.9937254e-01   2.9858613e-01  -9.6117104e-02  -3.4553557e-01  -2.1930600e-01  -2.7835618e-01  -1.3492093e-01   4.9986308e-01  -3.1639642e-01  -3.2239287e-01  -1.9201100e-01  -2.2245778e-01  -3.5115216e-01   9.6108073e-02  -3.5776378e-01   3.2763584e-01  -1.4331053e-01   1.6501811e-01   1.4022552e-03   2.5362769e-02  -6.8968547e-02  -2.7964650e-01   3.5773029e-01   3.0405302e-01  -2.5073120e-01   9.5754179e-03   1.7516978e-01  -4.3420627e-02  -6.5672308e-03   1.5076541e-01
  -2.7219848e-01  -1.0639912e-02  -1.2482867e-01  -2.2318776e-01  -2.3760941e-01  -1.2768927e-01   3.8636992e-01  -1.7756189e-01   2.6530836e-03   0.0000000e+00   1.1152368e-01   4.7151554e-02  -1.5606884e-01  -2.1033751e-01  -2.1652792e-01  -7.7284385e-02  -1.2699360e-01   2.1552827e-04  -1.1185612e-01  -2.5510819e-01   4.3449112e-01  -2.1725023e-01   4.3615115e-01  -2.0913761e-01  -8.4069881e-02  -1.9893272e-01  -1.0680531e-01  -2.8050618e-01  -1.4915840e-01  -3.2869487e-01   1.7942945e-01  -4.6205300e-02  -5.5339028e-03   4.5993418e-01   1.3183155e-01   6.7037860e-02   4.7665600e-02  -3.7708514e-01   3.0571008e-01  -6.0626294e-02  -1.4810590e-01  -2.4257327e-01   3.8423326e-01  -2.2868061e-01   1.2830635e-01  -3.0239934e-01  -9.6368137e-02   3.5628172e-01  -4.0148460e-01  -1.9940480e-01   3.7462775e-02  -1.7004950e-01   1.8137269e-01  -4.0167670e-02  -8.8470224e-02   3.7481384e-02  -1.9769662e-01  -3.6002721e-02  -2.4647769e-01  -6.3195182e-02  -3.2981338e-01  -2.2806618e-01  -2.5581298e-01  -1.0796096e-01   1.0459722e-01   2.4840884e-01  -1.2979112e-01  -2.9746766e-01  -9.5671589e-02   1.3689421e-01   4.7638414e-01  -1.0344692e-01   1.0919714e-01  -4.3844891e-01   6.3670628e-02  -1.7956636e-01  -2.4683930e-01  -7.3930278e-02   2.8428932e-01  -1.9069717e-01  -1.6799712e-02   1.8184938e-02   4.4803308e-01  -1.4118439e-01  -3.4338238e-01  -9.1473318e-02   1.4500410e-01  -7.7214369e-02   3.4728444e-02  -3.1565419e-01  -1.0214746e-01  -3.2871929e-01   2.4989805e-01   6.7000273e-02  -2.4201103e-01  -2.6526237e-01  -1.2521048e-01  -5.1410461e-02  -5.8247710e-02   6.3170472e-01  -4.0711770e-02  -9.9660155e-04  -3.1799738e-02  -1.1259029e-01   4.7365873e-02  -9.2323805e-02  -3.6024778e-01  -1.1497218e-01   3.1126956e-01   2.8046354e-01   4.6846706e-01  -3.1765119e-01  -3.0892842e-01  -3.3241668e-01  -2.2956966e-02   3.0966092e-01   1.6122498e-01   1.1374118e-02   1.0885801e-01  -8.8312776e-02  -2.8937801e-01  -1.2088389e-01  -2.2315275e-03  -7.7204893e-02  -3.5122964e-01  -3.5763081e-01  -9.1339008e-04   7.6329437e-02  -5.9442449e-02   1.7122420e-01   1.3505358e-01   4.3341817e-01  -4.5451955e-01   3.4174396e-01  -1.9727529e-02  -1.3789974e-01  -9.9474058e-03   9.8191680e-02  -1.9786047e-01  -2.8550538e-01  -2.1572790e-01  -2.9238778e-01  -1.2146699e-01   3.9826653e-01   3.2245623e-01   2.1604456e-01   4.7656766e-01   2.3090401e-02   1.9182782e-01   2.8259826e-01  -2.9732507e-01   1.4194961e-01  -4.6292233e-01   1.6299703e-01  -3.6910168e-02  -2.7736079e-01  -3.5593210e-01  -4.2184059e-02  -3.6851377e-01  -6.8171244e-02  -1.8245738e-01   1.0682488e-01   3.1233148e-01  -5.2154106e-02  -1.2873389e-01   4.0938360e-01   2.1112742e-01  -3.1427145e-01  -4.7510046e-01   2.1039525e-01  -2.2285815e-02  -6.2126835e-02  -3.2179543e-02  -6.1901949e-02  -2.5619265e-01   1.2308588e-01  -2.0735808e-01
  -3.1581179e-01  -3.6134263e-01  -3.6703063e-01   2.5988502e-01  -1.5868300e-01  -8.4504647e-02   1.4661128e-01  -6.3116975e-02  -2.2850317e-01   1.1152368e-01   0.0000000e+00  -2.5700281e-01   5.0448117e-03  -8.8668005e-02   1.6267076e-01   2.7439009e-01  -4.0204029e-01   6.8950619e-01   7.9957490e-02  -2.6146734e-01   2.1775590e-01   1.2304151e-02   3.0310832e-02  -1.5456504e-01  -1.8876381e-01   1.8846546e-03  -1.1889275e-01  -4.0799783e-02  -1.2835888e-01   3.0101565e-02   2.3072455e-01   2.5112596e-01   2.4153707e-01  -1.8069275e-01   3.4696909e-02   4.3145487e-01  -2.7066757e-01  -6.6428471e-02   4.8190297e-01  -3.2138183e-01   3.0607935e-01   1.5732560e-01  -1.4442301e-01   1.9817155e-03   4.5040749e-01  -1.7365363e-01   6.1110480e-01  -1.8266801e-03  -1.5316355e-01  -4.7076700e-01   5.2912889e-01   1.8804285e-01  -1.9197257e-01  -1.9975557e-01   1.8567621e-02   2.9235663e-01   2.7879802e-03   7.1665386e-02   2.7416319e-01  -5.0043965e-02  -7.5721197e-02   5.3676519e-02  -3.7641438e-01   1.3319140e-01   1.5503946e-01   3.4218870e-01   1.7872032e-01  -5.6404542e-02   4.0276835e-01  -1.3412876e-01   2.9951409e-02   4.1830115e-01   3.8372104e-01  -2.1966059e-01   1.0037745e-02   2.5678662e-01  -3.3201976e-02  -1.3574369e-01  -1.1779750e-01   1.4488804e-01   1.2756851e-01   1.5332529e-01   1.8927570e-01  -1.9410486e-02  -2.4986165e-01   3.2884408e-01  -6.2366079e-03  -7.1216469e-02  -3.7424831e-01  -2.1215210e-01  -3.1024954e-01  -2.5517812e-01  -2.8226315e-01   8.5440997e-02  -1.3858384e-01  -4.7073303e-01   4.2138639e-02   1.1768206e-01   2.1643898e-01   1.9693666e-01  -1.1235566e-02   2.9021548e-01  -3.4216370e-02  -5.3086711e-02   4.3591562e-01   2.4617231e-01  -1.1142668e-01   2.8491246e-01  -1.7365304e-01  -2.6615197e-02  -1.9735389e-02  -4.9476813e-04   2.6012940e-01  -2.9183426e-01  -7.3127632e-02  -1.5859436e-01  -1.7309437e-02   3.5618997e-01   3.2956946e-02   2.7127187e-01   8.6337068e-02  -3.5473623e-01   4.8085743e-02   2.0023941e-01  -9.6803856e-02  -1.3633035e-01   4.1715672e-01  -1.8322047e-01   8.0174852e-02  -3.2054531e-01   3.0464600e-01   4.6903897e-01  -4.3410055e-01   2.0574666e-01   6.6807473e-02   2.6505785e-01   1.8535464e-01   5.9616254e-02   3.2718099e-01  -2.0464284e-01  -1.8403241e-01   8.3013909e-03   4.1002357e-01  -1.8827259e-02   2.1505568e-01   2.6131288e-01  -1.8518140e-01   2.6720758e-01   3.9933681e-02   4.9371969e-02  -1.7002559e-01   1.2108093e-01  -4.8822163e-02   4.2604048e-01  -3.3877607e-01  -1.2422699e-01  -1.9014939e-01   3.9892122e-01  -2.0788628e-01   2.8132968e-01   1.0504934e-01   5.4654059e-01   1.7982084e-01   5.6368828e-01   1.8482116e-02  -8.6456850e-02   5.4385674e-01  -1.4831436e-01  -1.7297558e-01  -2.3051386e-01  -4.1761638e-01  -4.7355659e-02   4.4006686e-01  -4.9685614e-02   1.1943544e-02   2.4175683e-03   4.6973346e-02
  -4.4588808e-01   6.9737255e-01   6.2301260e-01  -1.8591892e-01   5.6670821e-01   3.6303165e-01  -1.1062980e-01  -8.6961935e-02   4.5526263e-01   4.7151554e-02  -2.5700281e-01   0.0000000e+00  -1.8451244e-01  -1.7638731e-01  -3.0476342e-01  -1.2681916e-02   6.2296343e-01  -3.3708308e-01   1.2961346e-01   4.4143986e-01  -4.0756016e-01   1.8875857e-01  -2.5950979e-01  -4.5515050e-01  -8.9681501e-02   2.5800559e-01   5.6406775e-01  -5.2125992e-01   2.1453855e-03   9.4764841e-02  -6.1285226e-01   1.6944655e-01   1.4972775e-01   4.7147983e-01   4.4545180e-01   3.4743777e-01  -1.1848778e-01  -4.6035028e-01  -2.3283687e-01   7.3766997e-01  -3.2419900e-02   2.9793322e-02   4.6774483e-01  -1.5642901e-01   2.4928565e-01  -3.3251041e-01  -9.5973930e-02  -2.1350711e-01   1.0653990e-01   6.7814105e-01  -7.1208104e-02   2.3584105e-01   3.0512727e-01   1.9546465e-01  -3.5661901e-01  -3.4262001e-02  -1.1317954e-01   4.0541988e-02  -2.2123513e-01   2.3132421e-01  -1.8562518e-01   2.9884261e-01   5.9573205e-01  -3.5173977e-01  -2.0652257e-01   4.1069126e-01   7.4153999e-03   1.8354404e-01   5.2474010e-02   4.4726768e-02  -9.1399695e-02   7.7405627e-02  -2.8278730e-01  -1.4301876e-01   2.7232397e-01  -2.3253343e-01  -3.8297216e-01   2.0187552e-01   5.8027107e-01  -1.6068198e-01  -3.5418746e-01  -3.1266692e-01  -4.1644618e-01  -8.0449401e-02  -4.2159848e-01  -1.8932201e-01   2.6154506e-02  -4.1119831e-01   4.2612647e-01  -4.7212198e-01   6.5115651e-01  -5.2316518e-02   5.8241788e-01   4.9142164e-01  -4.9914334e-01   6.5214035e-01   2.1444301e-01   2.5292336e-01   3.8235354e-02  -3.2621589e-01  -6.2580226e-01  -4.2794732e-01  -1.8416719e-01   4.5407412e-01  -1.6421688e-01  -6.4945746e-02   1.9732525e-01   2.3243167e-01  -1.0679097e-01   3.8184910e-01   9.9084436e-02   1.2849369e-01  -1.3080086e-01  -4.6006686e-01  -6.0058466e-01   4.5487979e-01   3.7790270e-01  -5.5067867e-02  -3.6353193e-01   1.2435544e-01  -4.4035427e-01   6.4117350e-01   4.6851953e-01   1.7473148e-02  -3.5098516e-01   9.8154930e-02   6.4714826e-02   2.6900437e-01   1.4713407e-02   1.1749421e-01  -3.5879764e-01  -3.6085774e-01   1.0022655e-02  -3.2968551e-01   2.7575947e-01  -2.4746661e-01   2.0858860e-01  -5.2114418e-01  -1.9354591e-02  -5.2718301e-01  -4.7231399e-01  -2.2626011e-01   1.3480519e-01   3.0960846e-01  -2.5829653e-01  -4.4637346e-01   2.4722537e-01   3.0459015e-01   7.1445678e-01  -1.2670710e-01  -4.1650965e-01  -1.3795812e-01  -2.3861350e-01  -3.7393891e-01   7.9600746e-01  -4.0049295e-01  -4.6903611e-01  -6.1124874e-02   2.7955744e-02  -2.6810014e-01   3.8676343e-01  -1.6308543e-02   2.0340650e-01  -3.6128192e-01   3.8191506e-01   1.1326762e-01   5.9446814e-02  -2.3285453e-01  -3.3935020e-01   4.4682854e-01   6.6935255e-01  -5.4745532e-01  -2.2303892e-01   1.9386067e-01   4.5857274e-01   4.5941874e-02   1.5585226e-01
   1.8970463e-01  -2.5283822e-01  -1.3268932e-01   7.0859887e-02   1.2594071e-01   8.0468585e-02  -5.2732415e-02   1.1753773e-01  -1.4836614e-01  -1.5606884e-01   5.0448117e-03  -1.8451244e-01   0.0000000e+00   3.1312029e-01   3.6463963e-01   4.2800416e-01  -1.3993955e-01   2.2745415e-01   6.4867982e-02   3.3288265e-01  -1.8013466e-01   2.0837226e-01   2.3190596e-02   1.2976436e-01   2.2152773e-01   1.6208124e-01  -8.2914822e-02   2.6167042e-01   1.4687084e-01   2.9296719e-01   1.9712793e-01   8.0821974e-02  -2.2665152e-03  -7.1924106e-02  -1.0259813e-01  -6.5654950e-02   3.0792668e-01   1.8214891e-01   6.1890980e-02  -1.4368752e-01   4.6328252e-01   2.7003460e-01  -4.5471057e-02   4.1987875e-01   8.6998209e-02   1.4148844e-01   1.9192185e-01  -1.9501615e-01   2.6648397e-01  -1.8468741e-01   2.7501736e-01   1.2934484e-01  -3.5862991e-01   2.4150526e-01   1.9853831e-01   3.3757832e-01   4.1111039e-01   1.6991980e-01   3.4582663e-01   1.6255004e-01   1.4612188e-01   4.2883821e-01   1.9090592e-02   1.4847817e-01   5.8557050e-02  -9.4302383e-02   2.5069868e-01  -3.0994285e-03   2.0267577e-01  -2.8463966e-01  -2.8004473e-01   2.9725160e-01   3.5432406e-01   3.4297512e-01   1.0845482e-01   2.3996653e-01   2.0661925e-01   2.2286028e-01  -9.4760691e-02   4.2540678e-01   3.3717929e-01   1.4498577e-01  -9.0789977e-02   1.3129882e-02   1.8498105e-01   8.5906711e-02  -8.6558297e-02   2.6840388e-01   9.4153973e-02   2.2460243e-01  -1.5897327e-01   1.4957847e-01  -1.1485719e-01   1.0121921e-01   1.0611551e-01   7.1088812e-02   3.1542341e-01   4.9188126e-02   2.9088625e-01   1.4471965e-03   1.4576315e-01   2.8111628e-01   2.9169792e-01  -8.6914344e-02   2.0124489e-01   1.1629570e-01   3.5899181e-01   1.0326891e-01  -1.2158762e-02  -1.9736860e-01  -1.0101322e-01   2.3627738e-01   9.9201034e-02   2.4617579e-01   9.4009592e-02  -2.4279551e-01   9.3120429e-02   4.0229516e-01   3.0558248e-02   1.7368086e-01   2.4597467e-01  -1.0568881e-02   1.4762339e-01   1.1426099e-01   2.5112783e-01   3.3573406e-01   2.7291874e-01   3.2831863e-01   2.2551040e-01  -2.7943956e-01   3.0615426e-01  -5.7423131e-02   2.6320197e-01  -1.4360260e-01   4.7825673e-02   1.5644233e-01   1.8833057e-01   1.5158221e-01   1.2761116e-01   1.6543450e-01   1.9113968e-01   3.1117305e-01   1.3048267e-01  -3.3292077e-01   1.9363436e-01   1.8996806e-01  -2.7445393e-01  -1.4228552e-01  -2.5463715e-01  -3.5230308e-03   2.1305028e-01   1.1744363e-01   2.5342083e-01   1.0008964e-01  -3.2867395e-01   1.7554973e-01   1.4206313e-01   2.2977979e-01   2.0167151e-01   2.2753229e-01   8.4034458e-02   1.9438848e-01  -2.6496415e-01   2.1944639e-01   6.3848228e-02   8.2617929e-02  -1.3891421e-01   3.7469973e-01   2.9534790e-01  -2.3031885e-01   8.4396154e-03  -5.3251537e-02   5.5858911e-02   7.7531331e-02   5.8376849e-02   9.1004642e-02   1.7690586e-01
   4.7268549e-01  -1.0762361e-01   3.5418060e-02   3.8474235e-02  -3.4115245e-02   1.1652223e-01  -1.6640842e-01  -6.8283705e-02  -2.3541459e-01  -2.1033751e-01  -8.8668005e-02  -1.7638731e-01   3.1312029e-01   0.0000000e+00   2.8961394e-01  -3.2090345e-02   1.3089777e-01   5.0401653e-02   6.0694822e-02   1.3783454e-01   2.1481634e-02   2.5628856e-01  -3.3867791e-02   3.5549835e-01   2.8275995e-01   2.3399043e-02  -9.1856562e-03   3.6546851e-01  -4.4034001e-02   2.4809630e-01   2.5013734e-01  -2.3150893e-01   7.2705862e-02  -3.2303452e-01  -2.2224956e-01  -2.8394004e-01   1.2302605e-01   3.2704788e-01  -2.9780879e-02  -7.6983007e-02   9.0224307e-02  -1.4773570e-02  -2.9287316e-01   4.3681797e-01  -3.4382282e-01   3.0657950e-01  -9.8894464e-02   6.5893021e-02   3.2051869e-01   1.0671092e-01  -1.0016005e-01  -2.8116697e-01  -2.6780771e-01   2.6559262e-01   5.6749892e-01   1.4100618e-01   1.4735958e-01  -9.7239360e-02   2.2289030e-01  -6.3617294e-02   3.2561438e-01  -9.0100594e-02  -6.8182199e-02   7.4306551e-02  -1.1231520e-01  -1.6763536e-01   2.3541752e-01   1.3070107e-01  -5.2302151e-02  -3.1190924e-02  -1.3860496e-01  -3.9141043e-02  -8.1023969e-02   3.8167525e-01  -7.5411002e-02   4.5291292e-02   3.3268292e-01   3.5512364e-01  -3.4932422e-01   2.6282724e-01   3.2767529e-01  -1.3970446e-01   5.0531405e-02  -1.4221759e-01   4.1247000e-01  -7.4611492e-02   1.8291638e-03   4.6144046e-01   1.7502175e-01   3.6921616e-01  -8.1392665e-02   3.1754999e-01  -1.6537067e-01  -2.1302867e-01   2.6808606e-01   3.9471271e-02  -1.2906490e-01  -2.1265187e-01   9.0541668e-02  -1.2429476e-01   3.7353108e-01   1.9620928e-01   5.3996386e-01  -1.2647438e-01  -4.7211120e-02  -6.7499503e-02   4.8666764e-01  -1.8702737e-01  -7.0070986e-02  -1.8137293e-01  -2.3888085e-01   1.5890882e-01   1.2490807e-01   3.6458982e-01   2.9494596e-01  -5.0515210e-02   8.7005886e-02  -2.1971215e-01   4.0622809e-01  -1.5274735e-01   3.3168252e-01  -2.6842241e-02  -7.6164456e-02  -6.6463398e-02   3.4209432e-01   2.7258822e-01  -1.9383890e-01   2.7951487e-01  -3.8074296e-03   7.7386230e-02  -3.4139227e-02  -2.8813576e-01   4.7761347e-01  -7.0159678e-02  -2.2843481e-01  -5.9476738e-02  -1.9951381e-01   4.0852770e-01  -6.3178659e-02   2.9697002e-01   4.5136357e-01   3.3640349e-01   6.2406949e-02  -9.3522334e-02  -1.3786506e-01   1.1063531e-01  -1.2256669e-01  -2.2130849e-01  -3.4467541e-02   1.1594346e-01   3.5936149e-01   3.0464403e-01   2.7094244e-01  -4.6811582e-02  -1.1527688e-01   2.4893021e-01   3.2518954e-01   6.1877284e-02   3.4431017e-01   1.4839855e-01  -2.6597295e-01   1.5167261e-01  -3.4501204e-01   7.5818167e-02  -1.5631584e-01  -2.2145589e-01  -1.7562719e-01   5.3597247e-01   4.6615437e-01  -6.2383592e-02  -8.9170400e-02   1.7185616e-01  -9.6002347e-02   3.5385230e-01  -4.0427571e-02   2.0561575e-01  -7.6984750e-02
