   0.0000000e+00  -1.7006867e-01  -1.8367426e-01  -7.1821116e-02  -2.2351358e-01  -2.6569783e-01  -4.2877131e-01  -2.1849363e-02  -4.7383271e-02  -4.7417829e-01  -2.8277255e-01  -4.7326612e-01   2.0804747e-01   4.2973433e-01  -3.3465585e-01  -2.8179384e-01   9.6314171e-03  -5.1928338e-01  -1.7588828e-01  -7.8853628e-02  -3.5956051e-01   2.5780326e-01  -4.5505818e-01   5.5367579e-01   8.0132616e-02  -1.4372241e-01  -4.0851130e-01   3.7946185e-01   2.8290586e-01  -3.7006144e-01  -2.8213266e-01   1.9820609e-02   4.7291945e-02  -6.0418755e-01   5.1711339e-03  -3.7481043e-01  -3.8571405e-01   5.5014224e-01  -2.7463131e-01  -3.6716575e-01   5.2009259e-03  -7.2893633e-02   7.0749095e-02   3.0389540e-01  -4.9106386e-01   1.8811015e-01  -1.2526328e-01  -4.5567301e-01  -3.4353023e-01  -6.7142914e-03  -3.4712871e-01   5.1063752e-02  -2.1588666e-01  -5.0048595e-02   4.0387526e-01  -7.3563997e-02  -4.9534570e-02   1.6783536e-01  -1.2055608e-01  -1.2558279e-01   1.2754659e-01  -4.5615160e-01   1.5762041e-01  -2.5388963e-01  -3.4264335e-01  -6.3907475e-01  -3.0486899e-01  -1.4566825e-03  -6.1753544e-02   3.6083090e-02  -2.7484227e-01  -1.1045279e-01  -2.6364747e-01   4.3479839e-01   3.4904732e-02   1.8617801e-01   1.3280226e-02   2.9493294e-01  -4.5387372e-01   7.7118965e-02   3.3702587e-01  -3.5397230e-01  -2.3813165e-01   2.2980608e-01  -6.4596638e-02   1.1053871e-01  -3.4800584e-02   5.9756984e-01   3.3203867e-01   8.5761134e-01  -3.3165203e-01   1.3104705e-01  -5.4648938e-01   7.7840979e-02   5.7034491e-01   2.4879072e-01  -1.1416759e-01  -2.1356370e-01   7.9020450e-03  -4.0407558e-01   3.3271380e-01  -4.4375639e-01   3.7066779e-01   5.6650131e-02  -3.3204380e-02   1.0492250e-01   1.7071924e-01  -2.2959356e-01  -3.7012117e-01  -2.1530641e-01  -3.6226577e-01   1.1134192e-02  -8.6124250e-03   7.6233882e-01   4.7372764e-01  -3.1508754e-01   4.4889213e-02  -2.5362721e-01   2.6062120e-01   1.1303305e-02   3.6988336e-01  -5.6524017e-01   7.5366767e-02  -3.0179169e-01   2.1989007e-01   2.3425092e-01  -4.9544592e-01   1.7018635e-01   2.0533885e-01  -1.9509124e-01  -3.0862920e-01  -6.5308902e-01  -1.3238724e-01  -3.2967747e-01   8.3018399e-02  -2.9374786e-02  -7.1792779e-02   5.8759777e-01   6.5331056e-02   6.6975227e-01   6.9016525e-01   2.2603278e-01  -3.3347161e-01  -2.3476831e-01  -3.3569806e-01   1.3370518e-01  -2.3915811e-01  -3.9587679e-01  -4.6192753e-01  -4.7884662e-01   4.2161242e-01   4.8001978e-01   2.1672461e-01  -4.1187932e-01  -3.3052741e-01   6.7307372e-01   3.0665466e-01  -2.4192318e-01   3.5044939e-01   2.8058170e-01   1.7733843e-01  -1.6695529e-01  -4.1625094e-01  -9.8527700e-02  -3.2441094e-02  -3.7840577e-01  -5.2722805e-01   3.3146021e-01   3.9379751e-01  -1.9894986e-01  -5.4843596e-01   3.2469588e-01  -1.1518004e-01  -1.3162105e-01  -2.2150905e-02   1.1294280e-03  -6.0388776e-02
  -1.7006867e-01   0.0000000e+00   2.1344283e-01  -2.8282867e-01   2.6007967e-01  -4.2644523e-01   1.0151419e-01  -3.9249492e-01   1.5643509e-01   3.2692813e-01  -1.3191792e-01   6.0238334e-01  -7.9513928e-03  -1.6163397e-01   5.2328814e-02   1.8141014e-01   2.0175080e-01  -6.5711812e-02  -1.9887674e-01  -1.9989155e-01  -4.9466506e-02  -2.2019368e-01  -1.3478017e-01  -1.1689378e-01  -2.9825030e-01  -2.4300200e-01   2.4982135e-01   6.7001372e-02   7.7660141e-02   1.4787877e-03   2.1235352e-01  -2.8456863e-01  -1.8866907e-01   4.0736488e-01  -2.0942846e-01  -1.8641861e-01   3.3326559e-01  -1.0823891e-01   9.3723080e-02   4.3769969e-01  -6.1904198e-02  -2.9363098e-02  -1.5525695e-01  -1.7805626e-01   2.3658821e-01  -3.6509310e-01  -5.6215752e-01   4.7018797e-01   3.1534453e-01   2.6200875e-01  -3.1678583e-01  -1.5585872e-01   6.9320905e-01  -3.0610050e-01  -5.9190855e-02  -2.2088678e-01  -3.1236555e-01  -7.5164391e-02  -4.0349136e-01  -1.8566396e-01  -4.7530271e-01   3.9568287e-02   4.6972900e-01   4.0049370e-01   3.0942679e-01   1.2656129e-01  -1.4940292e-01   6.9751438e-02  -4.7181034e-01  -3.8811221e-01   7.0815010e-01  -4.0114240e-01   1.1412996e-01  -3.8358829e-01  -2.5232406e-01  -8.7074941e-02  -4.1607410e-01  -4.8354450e-01   2.8171465e-01  -3.8364382e-01   4.7777117e-02   3.7497674e-01   3.0484866e-01  -2.9162251e-01   3.6965268e-01  -6.2536694e-02   3.2486296e-01  -1.1714734e-01   1.2829436e-01  -1.3664249e-01   5.1193669e-01  -3.2436351e-01   3.9090403e-01  -2.4393997e-01  -2.0613590e-01  -3.0451883e-01  -3.7328572e-01  -3.4848971e-01  -1.4551946e-01   7.4736810e-02  -8.2676161e-03   3.1522298e-02  -1.7291035e-01   1.2472407e-01  -2.4293780e-01  -2.4599447e-01  -3.8388591e-01  -4.2940718e-01  -1.3996524e-01   3.1104148e-01   3.9650902e-01  -1.5655265e-01   4.1247223e-02  -6.9552935e-02   1.9686130e-02   7.1952400e-01  -1.0061803e-01   1.8558907e-01  -9.8491793e-02  -3.0732392e-01  -4.6470001e-01   2.3105658e-01  -1.4380207e-01   4.9363362e-01  -2.8481490e-01   2.7746274e-02   8.3665293e-02  -2.9902577e-01  -2.9140556e-01   2.7085264e-01   1.3840229e-01   1.4221473e-01   6.1946263e-01   4.9584387e-01  -3.0016898e-01  -1.9062212e-01  -2.2569024e-01   1.0144558e-01  -7.8889001e-02  -1.3914621e-02  -4.3589051e-02  -7.6908535e-02  -1.2187727e-01  -2.1783546e-01   1.6486013e-01   1.7251088e-02   3.6903509e-01   4.3868347e-01  -1.0848575e-01   2.5622760e-01  -2.7732817e-02  -4.1769397e-02  -4.1768212e-01   3.9407070e-01   5.8611527e-01   1.9962516e-02  -4.5629589e-01   1.4673043e-01  -4.3903840e-01  -2.6611816e-02   2.4021201e-01  -2.4659410e-01   5.2810700e-01   3.1733693e-03  -2.8125721e-01   5.2183094e-01   4.8272902e-02  -4.3247108e-01  -3.2025767e-01   7.0820094e-01   4.2052905e-01   5.7507236e-03  -8.3593500e-04  -1.1491939e-01  -8.2690906e-02  -2.1904610e-01  -3.2119913e-01
  -1.8367426e-01   2.1344283e-01   0.0000000e+00  -1.0937145e-01   4.5161657e-01   9.0345740e-03   1.3808717e-01  -2.1899634e-01  -4.1580101e-01   2.7739432e-01  -2.1471383e-01   4.7153876e-01  -2.3547459e-01  -1.0327853e-01  -1.5798918e-01   2.0850190e-01   6.1487911e-01  -1.0138757e-01  -1.1857424e-01   3.2141273e-01  -3.4579895e-02  -2.3456030e-01  -5.8405994e-02  -6.0691146e-02  -2.9258786e-01  -3.3370082e-01   6.4549542e-01  -1.9709258e-01  -1.9586219e-01  -7.5327082e-02  -4.0920504e-01  -2.8442120e-01   1.8618814e-02   3.0500837e-01  -1.1131012e-01   3.5836806e-01   2.8588249e-01   9.5953176e-02   1.8989565e-01   6.0352424e-01  -1.3297507e-01   1.3436996e-01  -3.5717750e-01  -5.1448511e-01  -9.0714265e-02   3.6905054e-01   6.4580513e-02  -6.4673010e-03   8.6291491e-02   5.3173292e-01  -1.1667203e-01  -4.3606051e-01   1.3966715e-01  -9.4170830e-02  -2.0450836e-01  -5.4647078e-01  -3.3719135e-01  -3.9574875e-01  -1.6565929e-01   2.5165520e-01  -2.2100752e-01   1.7425163e-01  -9.1773510e-02  -3.0463750e-01  -3.6068724e-01   2.7610582e-01   1.1306720e-01   3.4374760e-02  -1.2670307e-01   4.5018564e-01   7.4578263e-02   7.9529647e-02  -2.1659153e-02   2.5396573e-02  -2.2400083e-01  -3.6844216e-01   2.1075847e-01  -3.7849971e-01   1.3504348e-01  -2.2084991e-01  -2.9511530e-01  -2.0398736e-01  -8.9494825e-02  -2.9351968e-01   4.4210680e-03  -4.3781357e-01  -2.9292964e-01  -2.1358238e-02   4.3862698e-02  -1.4651134e-01   7.6813859e-02   1.3119397e-02   2.7370641e-01  -4.4598551e-01   3.0235988e-02   1.7809962e-01  -1.5653523e-01  -2.0668564e-01  -2.0581657e-01   2.6200733e-01  -5.8090995e-02  -8.5870162e-02  -1.5708921e-01   8.9821492e-02  -2.6678238e-01  -2.4980652e-01  -1.1276737e-01  -1.7311148e-01   8.3534750e-02   1.8246616e-01   1.2293665e-01  -2.4577509e-01  -8.3896086e-02  -1.0438370e-01  -1.9101681e-01  -3.8366862e-02  -2.8024977e-01  -2.3225891e-02   6.4528431e-02  -1.2103373e-01  -8.4290082e-02   2.6141791e-01  -4.6818381e-02  -2.5775447e-01   2.1323273e-01   1.4863201e-01  -2.0196615e-01  -1.8723295e-01  -3.9209878e-01   6.9988432e-01   1.4969008e-01   3.5288568e-02   2.9976203e-01  -1.0487624e-01  -3.6402104e-01  -2.1651871e-01  -4.7340755e-02  -1.1777566e-01  -3.7461557e-01  -8.2530020e-02  -6.1423670e-02  -2.1870213e-01  -1.2848150e-01   3.3344160e-01  -2.7468006e-01  -5.8418216e-01   1.0603402e-01   6.2546631e-02   7.0608991e-02   2.1719794e-01  -3.2209187e-01  -1.5482690e-01  -1.2412258e-01  -1.0943834e-01   7.1692342e-01  -4.2668861e-03  -2.3112524e-01  -8.9617461e-02  -1.0267107e-01  -2.2312052e-01  -9.3134053e-02  -2.0100402e-01   1.5867667e-01  -1.1387066e-01  -2.8339780e-01   2.1057786e-02   3.1454321e-01  -2.1311552e-01  -1.8431240e-01   1.5758447e-01   1.8874078e-01   1.7177032e-01  -2.4090670e-01   4.5099113e-01  -7.8591283e-03   9.8353628e-02  -2.2470251e-01
  -7.1821116e-02  -2.8282867e-01  -1.0937145e-01   0.0000000e+00   1.2419965e-01   2.8899121e-01  -9.8310419e-02   3.1058843e-01   1.9521132e-01  -1.7029072e-01   1.2494520e-01  -1.6350544e-01   1.4632293e-01   9.1901806e-02  -1.3876166e-01   9.6847274e-03  -1.2714988e-01   4.7361976e-01   4.7443502e-02   7.6756389e-02   1.5978520e-01   4.6699861e-01  -3.6956530e-02  -3.8592178e-02   1.4362364e-01   1.2977447e-01  -7.8727314e-02  -1.5393813e-01  -4.0854670e-02   7.9504952e-02  -1.0730258e-01   7.2281058e-02  -1.0676341e-01  -1.5028345e-01   1.5423145e-01  -3.6982264e-02  -3.2391265e-02   4.4669254e-02  -2.5874828e-02  -1.9350189e-01  -7.0138223e-02   3.1992051e-01   2.5248255e-01   1.1237844e-01  -1.5076605e-01   5.7301073e-02   1.9416400e-01  -1.6073624e-01   2.2191637e-02  -4.2056171e-01  -8.0369140e-02   3.8378664e-02  -2.1380334e-01   3.7085902e-01   1.4368241e-01   2.2770028e-02   2.3715474e-01  -5.4329261e-02   5.8129162e-01   3.4643768e-02   1.6735782e-01  -1.1480346e-02   3.2462061e-02  -1.2782555e-01  -1.3936673e-02  -9.3394547e-02   2.3938000e-01   7.0238921e-01   4.3696135e-01   3.0014890e-02  -3.6498418e-01  -1.0633014e-01   7.7738202e-02   3.7813734e-02   3.0732178e-01   2.1474758e-01   3.5419011e-03   2.8270050e-01  -1.7591938e-01   5.4699391e-01  -1.8018502e-01   8.1004651e-02  -6.9254653e-02   3.0909993e-01  -1.5620252e-01  -3.5893862e-02  -1.9192665e-01  -1.6697289e-01   1.8537209e-01  -6.4527368e-02  -2.0680058e-01   8.6091786e-02  -4.0397190e-02   8.8527773e-02   8.1276001e-02   1.5593643e-01   6.0015236e-01   3.0990753e-01   3.5607885e-01  -1.0745928e-01  -1.3449320e-01  -4.3176831e-02   2.1331008e-02   4.4147712e-02  -2.4145806e-01   7.9265414e-01   1.4236181e-01   4.1616086e-01   1.7700275e-02  -3.3830374e-01  -5.5362851e-02  -9.5682690e-02   7.4479803e-01   4.8157605e-02  -2.1005803e-01  -2.1654872e-01   1.1518907e-01   1.6977476e-01   3.0147754e-02  -2.0399200e-01  -5.8977589e-02  -9.0980783e-02   1.5275899e-01  -9.1269634e-02   4.9552250e-02  -6.1731648e-02  -2.1605753e-01   4.6517932e-01   5.3172810e-01  -3.5907513e-01  -1.8052952e-02  -7.1793576e-02  -5.7592185e-02  -3.2096293e-01   9.6762930e-02   2.9493399e-01   3.3253537e-01  -1.6900868e-01  -5.8628781e-02   9.0742911e-03   8.1888127e-02  -1.5168491e-02   1.7196353e-01   1.5620371e-02  -2.2010967e-01   3.3349173e-01  -1.8967911e-01  -2.2574027e-01   2.2776324e-02  -8.1433465e-02  -2.1101340e-01   1.0233004e-03   8.8441167e-02  -2.1312317e-01  -2.4289526e-01  -9.5124682e-02   1.1846598e-01   3.2593699e-01   3.9731994e-02  -1.4812974e-01   4.4687945e-01   2.2733605e-01  -2.8157494e-01   7.0467266e-01   1.5033141e-01  -2.0748774e-01  -6.8667878e-02   2.6929173e-01   2.3248009e-01  -2.6396015e-01  -2.8509457e-01  -2.6257458e-01   5.0416067e-01  -3.0550775e-02   4.4053838e-01   2.8656931e-01   6.7352757e-01
  -2.2351358e-01   2.6007967e-01   4.5161657e-01   1.2419965e-01   0.0000000e+00   6.3617599e-03  -1.5170409e-01  -6.8027348e-02  -1.6696260e-01   3.7303541e-01  -2.4031051e-02   1.8943630e-01   3.8089115e-02  -1.9521391e-01  -5.3678879e-02   2.5926639e-01   4.7972407e-01   1.0991010e-01  -4.2225861e-02   6.1331997e-01   6.3065262e-02  -1.6031831e-01  -9.5047013e-02  -4.7713196e-02  -3.1790375e-02  -1.2250703e-01   5.0543921e-01  -1.8902072e-01  -1.3199521e-01  -1.7416632e-01  -1.1800535e-01   7.2776786e-02   2.7380559e-01   1.3611009e-01  -3.3411296e-03   4.6725268e-01   5.6978340e-01   6.8404477e-02   3.2680454e-01   3.9151412e-01   2.4522723e-01   2.6177705e-01  -2.1651727e-02  -2.8132631e-01   2.7735213e-01   5.2621647e-02   9.9310570e-02  -3.0032202e-02   4.1703485e-01   3.2733313e-01   1.7663417e-01  -1.3402829e-01   2.2270960e-01   2.2660573e-01  -1.4873828e-01  -3.0860672e-01  -1.0075251e-01  -1.2553731e-01   1.6035978e-01   1.1552687e-01  -1.8774069e-01   5.2209496e-01   4.5020423e-03  -4.6650851e-02   2.6601126e-02   1.2675423e-01   1.9026788e-01   2.5281828e-03   1.4770270e-01  -1.3635839e-01   5.4991825e-02   1.4879596e-01   3.0646060e-01  -2.9671681e-01   2.6850564e-01  -1.2099309e-01   9.1896052e-02  -1.7015327e-01   4.5567476e-01   2.9652036e-01  -2.1777832e-01   2.8074515e-01   8.2305858e-02  -1.3318255e-01  -4.4348030e-02  -1.8239112e-01  -2.0883662e-01  -1.0681512e-01   9.1521934e-02  -1.2808350e-01   4.5157071e-01  -5.3268547e-02   2.6034928e-01  -1.2361125e-01   1.1401470e-02   1.6009745e-01   3.1314186e-01   6.6454344e-02   2.2993090e-01   3.1703432e-01  -1.5719580e-01   1.7425395e-01  -1.3920282e-01  -3.0753008e-02  -1.2819006e-01  -4.2987672e-02   1.5198463e-01   1.4417679e-01   5.9766265e-02  -4.7771622e-02   5.1059849e-02  -1.7181755e-01   5.9158309e-03  -8.7685430e-02  -2.3845861e-01   3.3916832e-01  -4.7961932e-02   4.3443961e-01  -2.0471378e-01   5.6951582e-02  -1.4876203e-01   4.7737302e-01   2.0096311e-01   1.8053302e-02   7.8991593e-02   4.9723758e-02  -1.1525742e-01   2.2336260e-01  -2.0723421e-01   1.8386150e-01   3.5534500e-01   8.1580021e-02   1.8224498e-01  -3.4370939e-02   3.5648129e-03   1.8032095e-02   5.2317834e-01  -1.3926683e-01  -1.4266316e-01   3.6479257e-02  -6.7196289e-02  -4.3213438e-02   4.3960378e-02  -1.2187439e-01  -1.6031228e-01  -2.3222535e-01  -1.5285945e-01   4.2073828e-02  -1.7575491e-02   2.6318546e-01  -2.9562140e-01  -1.6838125e-01  -6.7306003e-02   1.6422921e-01   4.0127555e-01  -6.9666363e-02  -2.0877202e-01   3.5645839e-01  -1.6716765e-01  -1.7736076e-01  -5.5071340e-02   3.3635485e-03   1.7765747e-01  -3.2139936e-02   3.9873689e-02   2.0224679e-01   3.2395980e-01  -2.4443929e-01  -8.5688875e-02   3.5707915e-01   3.1724083e-01  -4.7562922e-02  -1.9754389e-01  -5.9886249e-02   1.7800298e-01   4.1335122e-01  -5.9146525e-02
  -2.6569783e-01  -4.2644523e-01   9.0345740e-03   2.8899121e-01   6.3617599e-03   0.0000000e+00   1.1089498e-01   2.9667872e-01   1.7895312e-01   6.6614559e-02   1.8197036e-01  -2.2810663e-01  -1.4148338e-01   5.2311247e-02   5.5144702e-02  -3.4462915e-03   1.8298171e-01   2.7561458e-01   5.1386093e-01  -2.1818707e-02   2.1189264e-01   1.6367661e-01   2.9143920e-01   7.7411044e-02   2.4524838e-01   2.7771711e-01   3.5507963e-02  -2.8111036e-01  -1.0390483e-01   2.8440156e-01  -1.8719286e-01   2.5997610e-01   1.8629405e-01   3.4285983e-02   2.5793611e-01   2.8485069e-01  -1.9440923e-01  -2.5273098e-01  -1.2342540e-01  -1.4549686e-01  -6.9421650e-02   4.0392718e-01   8.3158714e-02   4.8408954e-02   1.4336037e-02   4.1549914e-01   3.9095026e-01  -1.7214021e-01  -1.6577091e-01  -1.8564066e-01   3.0331181e-01   9.8035044e-02  -3.0069913e-01   5.7524488e-01   1.9858846e-03   2.6552390e-01   5.7128959e-01   6.2037755e-02   3.2904122e-01   3.9206917e-01   5.5613528e-01   1.5958509e-01  -2.0405278e-01  -1.4239244e-01  -1.3191613e-01   8.4236060e-02   7.3655419e-01   7.0067925e-02   3.7775293e-01   4.9835038e-01  -4.4215039e-01   1.5864719e-01   5.6495667e-03   3.3154783e-01   3.3704625e-01   6.9733258e-02   4.1882699e-01   2.0831596e-01   3.9037214e-02   1.8648828e-01  -2.2513425e-01  -5.9584443e-02  -5.8374278e-02   2.1090016e-01  -1.2761712e-01   1.0372864e-01  -1.7900501e-01  -2.0702336e-01  -1.2710805e-01  -2.4967092e-01   3.7475837e-02   5.7266734e-01   8.0966532e-02   1.9835470e-01  -1.3554446e-01  -1.4313152e-01   3.6639019e-01   6.7073368e-01   2.2923430e-01   8.2345982e-02  -1.5798768e-01   3.4645547e-01  -1.5974668e-02   1.8443338e-01   1.4733098e-01   2.5937059e-01   4.8458205e-01   5.7035611e-01  -6.2738816e-02  -3.9455111e-02   3.2627124e-02   2.1965540e-01   1.2498222e-01  -1.8837822e-01  -2.0447124e-01  -3.6458702e-01   1.3108443e-01   1.5211735e-01   2.6341430e-01   1.2663557e-01   3.4873764e-01   2.9907624e-01   1.0321117e-02  -1.2295559e-01   3.3532711e-01   9.5264595e-02   1.8703813e-01   1.7784291e-01   3.5068252e-01  -9.7037746e-03  -2.7407741e-01   1.1688573e-01  -2.7744091e-02  -1.8874762e-01   1.6289323e-01   3.0698026e-01   2.6090563e-01  -4.3129525e-01   1.4091553e-01  -2.0395780e-01  -7.2955141e-02  -1.9085490e-01   4.7707040e-01   5.9915160e-01   4.5608152e-02   2.5509944e-02  -1.4533018e-01  -2.4904814e-01   3.9184586e-01  -3.4868669e-02  -1.7277610e-01  -2.0970076e-01   5.9223461e-01  -7.4617341e-02   4.5583415e-02  -3.1741082e-01   3.7210610e-01   2.4891977e-01   4.0073330e-01  -1.3624750e-01  -1.5813510e-01   4.3504505e-01  -3.1323752e-01   1.2241147e-01   3.7571436e-01  -9.8124543e-02   2.0952761e-01   1.9118827e-01   4.2939129e-01  -4.3159007e-01  -7.2726910e-02  -4.2529422e-01   5.6074991e-02   4.2431784e-01   1.2883624e-01   1.9425108e-01   4.8500631e-01
  -4.2877131e-01   1.0151419e-01   1.3808717e-01  -9.8310419e-02  -1.5170409e-01   1.1089498e-01   0.0000000e+00  -2.3804860e-01  -1.3734655e-01   3.2329724e-01   2.9974580e-01   5.9706199e-01  -1.2308324e-02  -5.2078135e-01   4.2537735e-01   4.1049226e-01  -2.6600432e-01   4.2217916e-01  -1.9628281e-01  -5.0331069e-02   4.9167829e-01   2.8661720e-02   7.1290965e-01  -5.8476406e-01  -3.0900869e-01  -3.2935467e-01   3.8598793e-01  -1.0563828e-01  -1.2911173e-01   6.8311689e-01   2.2042842e-01  -3.6988344e-01  -2.4085129e-01   6.5627480e-01  -3.3703669e-01   1.8633294e-01   2.3183694e-01  -4.1014737e-01   2.1736639e-01   4.5458316e-01  -9.9331001e-02  -9.2327833e-02  -2.6694451e-01  -2.1508622e-01   9.3959904e-02  -2.1506898e-01   6.1888155e-02   6.9443014e-01   1.8231296e-01  -1.9795230e-01   2.2972675e-01  -2.3772557e-01   1.1931415e-01  -3.8773802e-01  -1.2343256e-01   1.5723232e-01  -2.9638118e-01  -2.2845215e-01  -3.1475067e-02  -1.8621390e-01  -4.3038860e-01   2.5824681e-01  -3.4349544e-01  -2.2347805e-02   1.2799995e-01   6.9793589e-01   4.6646833e-02   6.5818771e-02  -1.6270241e-01   2.6240507e-01   3.8270405e-01  -1.1078653e-01   6.0310482e-02  -2.2450226e-01  -3.4098297e-01  -3.4363195e-01  -3.7406376e-01  -3.5484582e-01  -3.3757051e-02  -3.1273493e-01  -3.0103086e-02   2.1414792e-01   1.3895630e-01  -3.9792193e-01   2.6986017e-01  -3.0024440e-01  -1.0482715e-01  -4.3410880e-01  -3.9382991e-01  -4.8898099e-01  -4.3911711e-02  -4.7026480e-01   3.9580215e-01  -3.9976280e-01  -4.4781225e-01  -6.2005976e-02  -2.5186868e-01  -2.7655392e-01  -1.9777875e-01   6.0197149e-01   3.1441754e-01   8.2657507e-02  -1.3699895e-01  -1.7587106e-01   1.1309908e-01  -3.0633138e-01  -4.8851270e-01  -2.3109421e-01   4.9480761e-01   4.3353145e-01   3.1593718e-01   1.7337564e-01   5.1540626e-02  -4.5103582e-01   1.8402335e-01  -2.4086020e-02  -1.5215781e-01   1.4731608e-01   1.8874182e-01  -2.1955079e-01  -4.9390795e-01   2.0966138e-01  -5.0562453e-01   2.1072835e-03  -3.8766649e-01  -4.5061611e-01   3.7088596e-01  -4.5226811e-01  -2.8088662e-01   3.9753938e-01   6.7604378e-02   5.9593113e-01   2.3805469e-01   2.5428113e-01  -4.5229819e-01  -2.6984669e-01  -2.7297400e-01  -3.1683787e-02  -2.3691777e-01  -4.4330352e-01  -5.3735269e-01  -3.2404429e-01   1.8564803e-01   5.0361270e-01   2.5479257e-01  -1.2522388e-01   6.4855857e-01   6.0722908e-01   6.6866622e-01   5.8625118e-01   5.0579425e-02  -8.6477963e-02  -5.3942117e-01   2.0445044e-01   3.6829128e-01  -4.3310329e-01  -4.0166645e-01   2.1800386e-01  -4.8223793e-01   5.8298253e-02  -9.0296858e-02   5.4400908e-03   3.9908082e-01   1.5633145e-01  -2.6535484e-01  -2.4380171e-02   3.5836908e-01  -1.4484361e-01  -5.6464178e-01  -3.3456981e-02   2.3181624e-01  -1.1744544e-01   2.3427534e-01   3.9639956e-01  -2.8275925e-01  -3.1752819e-01  -2.2754098e-01
  -2.1849363e-02  -3.9249492e-01  -2.1899634e-01   3.1058843e-01  -6.8027348e-02   2.9667872e-01  -2.3804860e-01   0.0000000e+00   1.8475939e-01  -2.6095612e-01   1.1868978e-01  -3.6286597e-01  -8.5323590e-02   2.1008152e-01  -1.1012813e-01  -3.6399737e-01   2.0483478e-02  -1.4291320e-02   4.0126772e-01   3.7103555e-02   5.6567808e-02   3.9775226e-01  -4.9296914e-02   1.4421589e-01   2.6643910e-01   6.1596029e-01  -1.3790497e-01   3.4905259e-01   6.5145524e-02  -1.2759174e-01  -5.1236741e-02   5.6350736e-01   4.8807991e-02  -2.7229757e-01   4.1322118e-01  -9.8253471e-02  -2.7788968e-01  -2.8080783e-01  -3.1545145e-01  -3.2557438e-01  -1.6096215e-02  -3.4276837e-03   4.4115710e-01   4.8166526e-01   6.5874291e-02   7.6862781e-02   1.9994679e-01  -3.8103894e-01  -2.4140852e-01  -9.0336309e-02   2.3964693e-01   4.9930143e-01  -2.0544737e-01   3.6751083e-01  -9.6809470e-03   4.0510605e-01   4.6249963e-01   4.8931102e-01   2.7270011e-01   2.7827243e-01   3.0943523e-01  -9.3221822e-02  -6.3922049e-02   4.7872524e-02  -1.3626045e-01  -2.3021361e-01   4.0016298e-01  -6.2632624e-02   6.6144376e-01   2.9091565e-02  -4.3489245e-01   2.3842966e-01  -2.2011591e-01   1.2104144e-01   3.5260023e-01   3.7775215e-01   1.2176422e-01   6.3188138e-01  -1.0931062e-01   3.0215888e-01   3.7441282e-01  -1.0583203e-01  -6.1170542e-02   7.4160148e-01  -3.0463310e-01   3.4955409e-01  -6.2465563e-02   3.2363022e-01   4.9212453e-03  -1.0640104e-02  -3.8734798e-03   2.8144396e-01  -2.8012235e-01   5.5781081e-01  -2.1204660e-01  -1.0196327e-01   3.9600973e-01   5.1719816e-01   2.5113738e-01  -5.6684718e-02   7.5410830e-02   2.7372164e-01   5.5738691e-01   8.5365190e-02   3.6020691e-01   4.2028291e-01   2.6400871e-01   6.6605004e-01  -1.0356220e-01  -2.4737200e-01  -1.8808982e-01   4.0430428e-01   4.5420490e-02  -2.0793145e-01   6.9163595e-03  -3.4606787e-01   5.3195847e-01  -1.1211467e-01   2.7382568e-02   4.3189005e-01   1.7655362e-01  -6.3621623e-02   2.3994952e-01  -7.0247896e-02   1.6104356e-01   3.1338166e-01  -1.5120503e-02   2.4225650e-01   4.3797428e-01  -3.4136227e-01  -3.7945658e-01  -1.4778556e-01  -3.0889806e-01  -1.6580586e-01   5.2003773e-01   5.2756824e-01   2.4458883e-01   1.8008522e-01   4.7554315e-01  -2.4769927e-01   6.2382396e-02   1.6388279e-02   3.3752367e-01  -1.1923706e-01   1.7002907e-01   3.0901802e-01  -2.5175697e-01  -3.7900047e-01  -1.5868299e-01  -2.6569845e-01  -5.9804285e-02   4.9393905e-01   3.3677937e-01  -3.4601770e-02  -4.0895787e-01  -3.1172775e-01   2.6010407e-02   1.6112548e-01   1.7792840e-01   3.9375293e-01  -2.1291554e-01   5.0432228e-01  -2.3675834e-01  -2.9324272e-02   5.8903670e-01  -1.1037830e-01  -1.0887449e-01   4.6643958e-01   1.1603365e-01  -3.7861509e-01  -1.3255946e-01  -5.8935206e-01  -4.0843284e-02  -2.8035414e-01   1.4409355e-01  -5.1501522e-02   5.7072108e-01
  -4.7383271e-02   1.5643509e-01  -4.1580101e-01   1.9521132e-01  -1.6696260e-01   1.7895312e-01  -1.3734655e-01   1.8475939e-01   0.0000000e+00   8.1576842e-02   1.3893254e-01  -2.5237509e-01  -1.0644338e-03   2.4353592e-01   2.3216111e-01  -3.2795741e-01   3.2281398e-02   1.7007915e-01   2.5945916e-01  -4.1227643e-01   2.1222954e-01   1.9608076e-01   9.6064935e-02   4.1324832e-02  -1.7008705e-01   4.3388396e-01  -3.8219894e-01   1.7180817e-01   2.7688452e-01   5.2081444e-02   3.7932912e-01   1.7296860e-01  -2.3886998e-01  -2.9244030e-01   4.4083412e-01  -4.1002586e-01  -6.8031947e-02  -1.9962565e-01  -4.4433285e-01  -2.8478932e-01  -1.9609393e-01   1.7532741e-01   4.3081291e-01   4.0155650e-01   2.0342310e-01  -2.0511097e-01  -2.8857166e-01  -1.0302922e-01  -4.2277237e-02  -1.3484841e-01  -8.8070916e-02   3.8101356e-01   2.6195860e-01   2.6503528e-01   4.3127556e-01   3.9894097e-01   3.2943724e-01   3.4928779e-01  -4.9672004e-02   1.5970126e-01   2.7989573e-01  -2.1172875e-01   5.5274402e-01   4.9645743e-01   4.5178197e-01  -2.5675714e-01   2.7947049e-01   2.6499462e-01  -4.2237559e-02  -1.8234611e-01   3.6053922e-02  -3.9770182e-01  -1.1699314e-01  -1.4642654e-02   8.9479673e-02   2.7791533e-01  -5.3835119e-02   1.0639819e-01  -6.4973090e-02  -1.5593690e-01   3.2065661e-01   2.6971218e-01   2.3756272e-01   4.3616887e-01   3.6812061e-01   3.9894360e-01   6.3485151e-01   1.0571087e-01   3.1002278e-01   4.5130852e-02   2.8109633e-01   2.3016996e-01  -1.3087150e-01   5.3844360e-01  -1.4175698e-01  -2.3064945e-01   5.0353093e-02   3.6118069e-01   1.6134609e-01  -4.9440677e-02   3.5077295e-03   3.9680025e-01   6.1243306e-02   5.5510857e-01  -4.2623972e-03   3.0821987e-01   1.4493693e-01   2.3723990e-01  -3.0008435e-01  -1.9280952e-01   5.2048570e-02   1.7934272e-01   3.0346190e-01   1.2405399e-01   2.2317663e-01   1.8906445e-01   3.7500185e-01   6.8837984e-02   4.9083733e-02  -1.8751593e-01  -1.1611990e-01  -5.6888768e-02   5.3233785e-02   6.3688409e-01  -6.2670678e-02   3.8532056e-02   2.4884082e-01   8.8659201e-02   4.9364819e-01  -3.1908603e-01  -3.7470657e-01  -2.6383373e-02   7.8363899e-02   2.6097448e-01   2.6909366e-01   4.4840368e-01  -8.9297209e-04   8.3202749e-02   5.1159411e-01  -6.7214639e-02   1.0926309e-01  -1.9789038e-02   4.8068363e-01  -2.0483179e-01   4.8211412e-01   6.6332579e-01   2.4237183e-02  -1.8218047e-01  -1.5310709e-01  -5.5039326e-02   3.3148125e-01   1.8537265e-01   1.9539214e-01   1.4809051e-01  -1.4758491e-01  -2.2825237e-01   7.0510948e-02   1.5804719e-01   1.8201408e-01   2.3015608e-01   2.2398117e-01   3.3355109e-01   5.5941698e-02   2.1635842e-01   2.0559321e-01   2.4970317e-01  -2.8935157e-01   6.8410931e-02   2.0689456e-01  -7.2285713e-03  -6.3192983e-02  -4.3216417e-01   3.1268353e-01  -2.8836367e-01   3.7721966e-02  -1.4595277e-01   4.5020609e-01
  -4.7417829e-01   3.2692813e-01   2.7739432e-01  -1.7029072e-01   3.7303541e-01   6.6614559e-02   3.2329724e-01  -2.6095612e-01   8.1576842e-02   0.0000000e+00   1.7556659e-01   4.5946802e-01  -3.4222694e-01  -4.0406392e-01   4.5768088e-01   3.4783670e-01   2.0572404e-01   3.7510143e-01   9.9615801e-03   5.9224907e-02   3.7821794e-01  -4.1788095e-01   4.0130796e-01  -4.0618709e-01  -3.7828676e-01  -3.9741092e-02   3.7178314e-01  -3.0319490e-01  -1.4154780e-01   1.8135826e-01   3.4696046e-01   6.9150081e-02   9.9002145e-02   5.0717297e-01  -1.3068212e-01   3.7748037e-01   5.6830488e-01  -2.3527623e-01   2.8505986e-01   4.0509234e-01  -5.8442535e-02   2.0437606e-01  -2.5380149e-01  -2.0355840e-01   4.9174416e-01  -2.3885516e-01  -3.4839894e-02   3.3769061e-01   2.1931019e-01   1.6193273e-01   3.4004761e-01  -3.6739631e-02   4.0191592e-01  -2.4720281e-02  -8.1750077e-02   1.1073874e-02  -1.5678595e-01  -1.1530609e-01   4.8109092e-03   3.0797592e-02  -2.3202606e-01   4.3615279e-01  -4.2825938e-02   3.0153668e-01   2.8945068e-01   4.9938591e-01   1.2677149e-01  -9.3450608e-02  -2.3676844e-01  -1.0432082e-01   3.8456877e-01   8.5491046e-02   2.2878383e-01  -3.4422403e-01  -1.4692505e-01  -1.3044304e-01  -2.0354219e-02  -3.9202879e-01   4.8809028e-01  -2.5019602e-01  -1.6610381e-01   3.1172454e-01   4.1997082e-01  -3.1100540e-01   3.7705298e-01   4.1660387e-02   1.1316121e-01  -3.3143861e-01  -2.8707405e-01  -4.0867885e-01   5.8006110e-01  -1.9370933e-01   4.6961072e-01  -2.4620022e-01  -2.8541411e-01  -2.8268359e-01  -6.4696032e-03  -2.2485310e-02  -1.3045500e-01   6.2823140e-01  -2.1706369e-01   4.1963994e-01  -3.1685658e-01  -1.7191965e-02   7.4367626e-03  -2.6814953e-01  -1.2278239e-01  -2.4931586e-02   2.1969969e-01   1.2170043e-01   4.3087779e-01  -6.8133968e-02  -1.6398211e-01  -2.8899900e-01  -1.6971437e-01   3.4228657e-01   3.8996087e-02   2.4199146e-01  -1.0462319e-01   5.3679939e-03  -3.0848847e-01   7.2839127e-01  -1.6103059e-01   4.1288706e-01  -2.7806770e-01  -2.4907661e-01   4.2388827e-01  -1.8422758e-01  -4.7619141e-01   3.3701065e-01   1.6521772e-01   5.1614398e-01   3.2504336e-01   5.1671422e-01  -2.2867974e-01   5.4503965e-02   7.5883375e-02  -2.8318358e-01   2.0763109e-02  -3.6728593e-01  -4.6552213e-01  -5.0005582e-01   1.8150616e-01   1.2167312e-01   3.8217990e-01  -1.2151140e-01   3.1278484e-01   2.4313745e-01   2.5609262e-01   5.9281487e-01  -4.5011737e-02  -3.4344150e-01  -1.7161471e-01   4.4885040e-01   5.3884173e-01  -3.5855902e-01  -2.5293557e-01   2.7545699e-01  -2.4058722e-01  -8.9714212e-02  -1.9241075e-01  -9.2790692e-02   5.5157301e-01  -1.5864729e-01  -1.0492911e-01   3.1116190e-01   4.4218327e-01  -5.2580480e-01  -3.3752199e-01   2.9377703e-01   4.5896220e-01  -6.3730215e-02  -1.2677496e-01   1.0401131e-01  -4.9517746e-02   6.0245601e-02  -2.1200245e-01
  -2.8277255e-01  -1.3191792e-01  -2.1471383e-01   1.2494520e-01  -2.4031051e-02   1.8197036e-01   2.9974580e-01   1.1868978e-01   1.3893254e-01   1.7556659e-01   0.0000000e+00   5.2313741e-03   3.0916870e-01  -1.6739699e-01   4.3810871e-01   3.3129192e-01  -3.2412392e-01   5.8823982e-01  -1.6225478e-01   6.1174166e-02   2.9770134e-01   1.1109175e-01   4.4329538e-01  -5.1074372e-01  -1.5967242e-01   1.5161782e-02   3.3290936e-01  -2.3858190e-01  -3.0948278e-01   4.2022855e-01   5.3613784e-01  -7.0541545e-02   1.2425338e-01   9.1356818e-02  -9.5302717e-03   3.3583281e-01   7.6505437e-02  -3.5803885e-01   3.1157321e-01   2.2547564e-01   3.5657445e-01  -3.5373670e-02  -2.0611107e-04  -1.0187172e-01   2.7594228e-01  -1.5911397e-01   5.3385129e-01   3.2345471e-01   3.7021698e-01  -2.1111741e-01   4.1566069e-01   9.1253571e-02  -2.2329135e-01  -1.4456190e-01   2.3120205e-01   2.0355024e-01  -8.1079494e-02  -4.5540079e-02   3.3735360e-01  -3.8927981e-02  -6.1392739e-02   3.0479411e-01  -2.4899502e-01   2.4163032e-01   5.0873320e-01   3.9444569e-01   2.9753164e-01  -5.1401220e-02   3.2930873e-01   5.8308572e-02   2.4551686e-01   7.4084142e-02   3.5804077e-01  -3.6283107e-01  -1.7540699e-01  -2.5026949e-01  -6.6855090e-02   1.4556037e-01  -5.6084601e-03   5.3776459e-02  -1.4622198e-01   2.8317667e-01  -3.0732772e-02  -8.1965481e-02   3.1768805e-01  -1.1969862e-01   2.8764714e-01  -2.7449475e-01  -3.4993704e-01  -3.7311849e-01  -5.1742243e-02  -2.1988335e-01  -1.1122928e-01  -6.2003075e-02  -2.8363263e-01   1.1816776e-01  -2.8872477e-02   2.9646045e-02   2.3967409e-01   3.2716045e-01   1.6360234e-01   3.5090790e-01  -1.5128905e-01  -6.7495621e-02   9.8112673e-02  -6.8263508e-02  -1.9015509e-01   2.3717204e-01   3.2503360e-01   1.6526111e-01  -1.3381939e-01   2.0636230e-01  -2.6481168e-02  -3.2728001e-01   7.8390963e-02   1.5475577e-02  -7.2077881e-02   3.1718791e-01  -1.9543934e-01  -2.1757138e-02  -3.3060132e-01   9.8563691e-02  -2.4490108e-01   2.4696795e-01  -3.8275035e-01  -5.7377437e-01   4.8409514e-01   4.5613395e-02   7.0662530e-02   2.1376439e-01   2.9222346e-01   5.1792474e-01  -1.5495816e-01   2.7220166e-01  -1.0305980e-01  -2.6285543e-02  -1.0025196e-01  -1.8634276e-01   3.0308470e-02  -4.4607486e-01  -4.8751609e-01   9.1138083e-02   5.0807022e-01   2.4650238e-01   2.8465716e-01   1.2754505e-01   2.0107685e-01   3.3636876e-01   5.1047096e-01   3.8829098e-01   2.5175164e-01  -1.7808746e-01  -2.2433053e-01   4.3541923e-01   4.1307354e-02  -5.7692018e-01  -8.6396152e-02   3.1073016e-01  -1.8665922e-01  -1.2177630e-01  -1.7381401e-01   4.9814736e-01   2.6209624e-01   1.4704351e-01   4.0822963e-02  -2.5074169e-01   1.8021256e-01  -1.2889598e-01  -2.6793607e-01  -2.1533107e-01  -6.3501543e-02  -1.8055644e-01   4.4512266e-01   1.0273557e-01  -2.3624429e-01  -1.2965140e-01   5.1201860e-02
  -4.7326612e-01   6.0238334e-01   4.7153876e-01  -1.6350544e-01   1.8943630e-01  -2.2810663e-01   5.9706199e-01  -3.6286597e-01  -2.5237509e-01   4.5946802e-01   5.2313741e-03   0.0000000e+00  -1.1501398e-01  -4.3159313e-01   3.1662575e-01   4.5242172e-01   3.5639648e-02   1.6399703e-01  -1.8565723e-01  -8.6894809e-03   1.6166203e-01  -1.4747891e-01   2.3915291e-01  -3.8597010e-01  -2.2322443e-01  -3.6236465e-01   5.7173833e-01  -2.2522025e-01  -4.5081697e-02   3.0044185e-01   1.3591958e-01  -3.4154977e-01  -1.2826834e-01   8.5095216e-01  -3.2028901e-01   1.8470411e-01   3.5271393e-01  -2.6696271e-01   3.4532595e-01   6.5428709e-01  -6.2756473e-02  -5.0022194e-02  -2.4452206e-01  -4.2432270e-01   2.7756117e-01  -2.8047487e-01  -2.1315932e-01   6.6255309e-01   3.1272382e-01   5.5700683e-02  -1.3024982e-02  -3.3432679e-01   4.5280532e-01  -3.3544270e-01  -2.8039327e-01  -2.6513525e-01  -4.0427616e-01  -2.0789807e-01  -2.0070344e-01  -8.3649553e-02  -6.1800642e-01   3.0304494e-01  -7.0953704e-02   8.9423832e-02   1.3877725e-01   6.0820121e-01  -8.7508787e-02   3.6974015e-02  -2.9924414e-01  -4.5753084e-02   6.3741022e-01  -1.2705871e-01   1.6916674e-01  -4.1509390e-01  -2.8535887e-01  -3.5338713e-01  -3.9386309e-01  -5.7381059e-01   2.8227241e-01  -3.4026380e-01  -1.7980905e-01   2.6666744e-01   2.6876282e-01  -4.3317981e-01   2.7792674e-01  -3.2238383e-01  -3.4695068e-02  -3.3856031e-01  -2.9603208e-01  -4.9733957e-01   2.3322967e-01  -5.0997101e-01   7.0153209e-01  -4.2200674e-01  -3.5538950e-01  -2.4975410e-01  -2.8371774e-01  -3.5629825e-01  -2.0817831e-01   3.9935974e-01   1.4615356e-02   8.8382416e-02  -2.4670802e-01  -1.6931531e-01  -1.1014023e-01  -3.0281343e-01  -4.4713017e-01  -3.5430381e-01   3.5725043e-01   4.0455156e-01   6.3639175e-01  -2.6693144e-02  -2.6021541e-02  -3.9556451e-01  -1.5900501e-01   3.9817611e-01  -2.7088279e-01   1.8658812e-01  -7.9657805e-02  -1.8297575e-01  -5.5328987e-01   3.8322057e-01  -2.5545136e-01   1.6415859e-01  -3.5413369e-01  -1.4903267e-01   3.0360475e-01  -3.8458430e-01  -4.5894472e-01   5.0424785e-01   2.8112023e-01   5.2267294e-01   5.2060546e-01   4.0308778e-01  -3.8804469e-01  -3.6589491e-01  -2.0766360e-01  -1.2050107e-01  -3.2194322e-01  -3.2009411e-01  -3.6023483e-01  -2.0186085e-01  -1.4750747e-01   1.6126833e-01   2.2914546e-01  -3.4148860e-01   6.3414111e-01   5.8994975e-01   3.0593584e-01   4.8372052e-01  -2.4428562e-01  -1.8448402e-01  -5.7120415e-01   3.5170373e-01   6.8223930e-01  -2.5182608e-01  -5.1303536e-01   1.5543154e-01  -6.1141085e-01  -1.6017650e-01   2.1751708e-02  -2.5634435e-01   5.2115094e-01   1.9294631e-02  -2.3210153e-01   3.6359095e-01   4.1646352e-01  -4.4821785e-01  -5.5576627e-01   5.1886765e-01   5.1911580e-01  -3.0314850e-02   2.1770622e-02   1.6368243e-01  -1.0427684e-01  -1.9991582e-01  -3.1030190e-01
   2.0804747e-01  -7.9513928e-03  -2.3547459e-01   1.4632293e-01   3.8089115e-02  -1.4148338e-01  -1.2308324e-02  -8.5323590e-02  -1.0644338e-03  -3.4222694e-01   3.0916870e-01  -1.1501398e-01   0.0000000e+00  -2.2277750e-02  -1.7559931e-02   1.2610405e-01  -1.9252470e-01   1.0007769e-01  -3.2877424e-01   1.7368945e-01  -1.8705230e-01   2.7393680e-01  -5.3254668e-02   1.7555463e-02   1.0677960e-01  -1.1550282e-01   2.7484502e-02   1.0038695e-01   1.9792862e-01   2.7256174e-02   6.9986953e-02  -7.1848075e-02   9.7487387e-02  -1.8977289e-01  -2.3083480e-03   1.9357988e-02  -1.3325952e-02   5.6030792e-02   1.0239571e-01   1.9006431e-03   6.2490906e-01   2.5265120e-03   1.6723700e-01   4.1152660e-02  -4.6569461e-02  -2.7184165e-01   1.3191433e-01   5.5275471e-02   3.5777976e-01  -1.6027059e-01   7.5196314e-02   4.2344065e-02  -1.2817729e-01  -2.8223433e-02   2.4424886e-01   9.0655503e-02  -1.0753563e-01   1.6462864e-01   2.5771397e-01  -8.2879494e-02  -2.5301100e-01   8.0034944e-02  -1.1231447e-02  -4.1877141e-02   1.6872126e-01  -1.5638208e-01  -1.7921954e-01   1.7141727e-02   1.9912522e-01  -1.7042272e-01   8.6511333e-02   1.9676270e-02   2.4543803e-01  -1.0171174e-01   5.4872671e-02  -2.6496472e-01  -3.1154100e-01   1.1423320e-01  -2.1389943e-01   3.1820838e-01   1.4707826e-01   2.5734904e-01  -1.7798592e-01  -1.1296314e-02   5.0919494e-02  -2.1848638e-01   6.8405713e-02   1.6660246e-01   3.6988331e-02   1.8673947e-01  -2.6776445e-01  -2.5775757e-01  -2.3700505e-01   1.1213365e-01   4.2908053e-02   3.9551945e-01   1.2634217e-01  -1.7150625e-01   4.2694717e-01  -1.3752494e-02   3.4371475e-01  -1.3368965e-01   1.3921507e-01  -5.6428145e-02   1.0631940e-01  -3.6577290e-02  -2.5156103e-02  -2.8004172e-02  -1.8259310e-02   1.1545809e-01  -2.5625218e-01   1.0140606e-01   6.7154049e-02   9.4012203e-02   3.3220720e-01   3.1901360e-02  -4.7242496e-02   5.0114862e-01  -5.1604178e-02   3.2721985e-02  -1.8110401e-01  -3.1424724e-01   6.3764331e-02  -1.2835323e-01  -2.8721157e-01  -1.9613427e-01  -7.8372642e-02   2.5404276e-01   1.4032243e-01  -1.1157914e-01   2.4480088e-01  -5.0448968e-02  -1.5999538e-01  -1.5753874e-01   1.3542778e-01  -3.3712718e-01   9.0399950e-02   2.5411291e-01  -2.7544663e-02   2.2677027e-01   1.9874158e-01   6.5978691e-01  -5.6432705e-02  -7.0011603e-02  -1.2052350e-01   1.1277314e-01   5.4034233e-02   1.9132098e-01   9.5812213e-02  -9.4128880e-02   3.5969805e-01   1.8428060e-01  -1.7547278e-01   7.0345006e-02  -1.4551199e-01   4.0145515e-02  -1.2816179e-01   3.0576231e-01  -2.3510165e-01   1.2613993e-01   2.2375685e-01   2.0693583e-01  -7.8256191e-02   1.3470041e-01   1.5009017e-02  -1.6680470e-01  -1.3000467e-01   1.2911892e-01  -2.3772771e-02   4.9498459e-02  -1.8065242e-01   2.5229915e-02   2.8083984e-01  -1.8548029e-01  -1.9351682e-01  -1.7258493e-02  -1.3835662e-02
   4.2973433e-01  -1.6163397e-01  -1.0327853e-01   9.1901806e-02  -1.9521391e-01   5.2311247e-02  -5.2078135e-01   2.1008152e-01   2.4353592e-01  -4.0406392e-01  -1.6739699e-01  -4.3159313e-01  -2.2277750e-02   0.0000000e+00  -2.3830853e-01  -3.6914995e-01   2.0952693e-01  -3.2097529e-01   1.8331810e-01  -2.5937434e-01  -1.9536824e-01   1.9007167e-01  -3.6434087e-01   6.3399061e-01   1.0891618e-01   9.6735904e-02  -3.7723646e-01   1.8623606e-01   1.2293087e-01  -2.8028420e-01  -2.3968534e-01  -3.7468616e-03   7.2068271e-02  -5.4301808e-01   5.7677980e-01  -2.9361382e-01  -3.8679832e-01   4.0105594e-01  -3.2802825e-01  -4.0616861e-01  -9.5655313e-02   1.6788633e-01   2.6155668e-01   1.8843844e-01  -3.8731379e-01   4.6223563e-01  -7.4091914e-02  -4.6369219e-01  -3.7585272e-01   4.3199631e-02  -3.4022088e-01   5.0188767e-02  -1.5379614e-01   3.0088944e-01   2.9386388e-01  -5.1958642e-02   2.0827205e-01   1.2221650e-01  -8.4622259e-02   4.7064799e-01   5.5037838e-01  -5.0944627e-01   2.7238121e-01  -3.3556069e-02  -1.3733361e-01  -5.9450661e-01   5.3480372e-03   1.2037229e-01   7.5658146e-02   1.4009980e-01  -3.0604143e-01  -1.6212364e-01  -9.6510600e-02   4.1064666e-01   1.4650594e-01   1.3198080e-01   4.5438545e-01   1.3561386e-01  -1.6557201e-01   1.1464398e-01   3.2913377e-02  -2.8335186e-01  -1.2957301e-01   2.9469651e-01  -9.5678669e-02   2.4139556e-02   2.5411946e-01   4.3710530e-01   5.3879339e-01   4.2513538e-01  -1.9384273e-01   5.6323269e-01  -3.9812144e-01   3.1926876e-01   5.1639440e-01  -1.6930064e-02   6.9909932e-02   1.4019378e-01   9.0530305e-02  -4.9761764e-01  -1.2285992e-01   9.8322287e-03   1.2411610e-01   6.6298315e-01  -1.5420750e-01   2.7238161e-01   3.8818115e-01   8.4865428e-02  -2.8006388e-01  -4.4494638e-01  -2.1844415e-01  -4.9030876e-02   1.2842151e-01   5.2277652e-01  -7.0537951e-03  -2.2411575e-01   1.0631445e-01  -1.7278701e-01   1.3557571e-02  -9.5898303e-02   5.3006792e-01  -4.2949769e-01   3.2886195e-01  -4.9345249e-02   5.2733815e-01   6.0535073e-01  -1.9486480e-01   2.7045925e-01   3.7069675e-01  -3.2973865e-01  -2.9324162e-01  -4.5171202e-01   4.7857675e-02  -2.4351990e-01   2.1545898e-01   1.1381290e-01   7.1059379e-02   5.1188764e-02   4.5791767e-02   3.8868170e-01   5.9878932e-01   2.3782743e-01  -7.3375873e-02  -1.6606511e-01  -1.5649563e-01   1.2413887e-01  -3.3150512e-01  -6.4466280e-01  -4.9865346e-01  -4.6033780e-01   3.3242275e-02   1.8989867e-01   4.9293247e-01  -3.9785434e-01  -2.4009395e-01   3.3288979e-01   5.3950549e-01  -2.6508524e-01   6.0020582e-01  -3.2363558e-02   1.4602011e-01   8.0963415e-02  -4.3941419e-01   4.2122685e-02   7.8239407e-02  -2.3036592e-01  -5.0478149e-01   7.2583410e-02   5.9094419e-01  -1.4026320e-01  -4.0205157e-01   8.8271218e-02  -1.3883061e-02  -1.2065509e-01   2.9454404e-01   1.7868449e-01   2.6671565e-01
