   0.0000000e+00  -1.4159595e-01   7.3395975e-02   2.6790537e-01   1.9272284e-01  -1.4336141e-01  -3.1931413e-01   4.8480746e-01   1.9153106e-01  -1.2897299e-01   6.5113568e-02  -3.1225493e-01  -1.1291119e-01   4.3842715e-01   1.2967206e-01  -3.4962489e-01   1.1255096e-01   2.9811948e-01   1.0455993e-01   5.1534032e-02  -1.1376796e-01   1.4670028e-01  -4.3818042e-01   4.5659831e-01   3.2781102e-01   3.0661631e-01  -1.6135218e-01   5.1479549e-01  -1.6222782e-01  -2.3808316e-01   1.0788939e-02   1.3753643e-01   2.5920045e-02  -3.2865067e-01  -7.4245447e-02  -6.6914397e-02  -2.7476518e-01  -3.1400724e-01  -3.2709269e-01  -2.9306038e-01  -2.5405341e-01   1.2915118e-01  -1.8599875e-01  -1.9375488e-02  -2.5504806e-01   2.1460642e-01   1.1245626e-01  -3.8053117e-01   1.6186369e-02  -1.2440125e-01  -5.7507662e-02   4.6407261e-01  -1.6823415e-01   5.6623424e-02   7.1046354e-01  -1.7362123e-02   1.7218960e-01   1.4605696e-01   1.5604073e-01   2.8792113e-02   2.7065676e-01   5.2048955e-02   1.6984790e-01  -9.5232421e-02   2.3033462e-01  -2.6273622e-01  -9.0744485e-02   3.3794055e-01   3.1036615e-01  -3.4533854e-01  -2.6178725e-01  -2.3373535e-02  -1.9028525e-01   2.0941214e-01   1.9175644e-01   2.3601169e-01  -5.0985388e-03   3.1832877e-01   1.8349070e-01   2.9594295e-01   3.6272153e-01  -2.4980761e-01  -2.0572065e-01   4.1255954e-01   4.2173711e-01   2.6359547e-01  -1.5837302e-01   1.7240899e-01   2.4366646e-01   6.4181078e-01   2.1602058e-01   2.0179003e-01  -3.9613427e-01   1.4222171e-01   8.4090829e-02   1.2925053e-01   2.3529637e-01   4.1901403e-01   3.5057426e-01  -2.9477751e-01  -1.1819131e-01   7.9761466e-02   7.7065221e-02  -1.6883547e-02   4.4734281e-02   4.2085433e-01   2.0325232e-01   4.1807306e-01   3.2990238e-01  -3.2400498e-01  -2.9722798e-01  -1.2660044e-01   2.5537023e-01   8.0432490e-01   9.7757435e-02   8.8826306e-03   3.6373456e-01  -8.5205682e-02  -1.0421100e-01  -1.8767654e-02   1.4962316e-01   1.3990774e-01   2.0992717e-01   3.9032083e-02   2.9388701e-01   4.1727273e-01   8.4895520e-02   3.8726553e-01   2.8945388e-01  -2.8379028e-01  -3.5277660e-01  -1.7281542e-01   3.2522869e-01  -2.5141629e-01   3.3008999e-01   3.0563637e-01   1.9317886e-01   1.2353827e-01   3.2756907e-01   6.1535632e-01   4.3589100e-01  -2.9320161e-02   1.4968509e-01  -3.7499067e-01  -7.4318475e-02   1.6652237e-01  -2.9589793e-01  -3.6546964e-01  -2.9813647e-01  -1.9135152e-01   3.9641052e-01   3.5031259e-01   1.8560258e-01   8.2496483e-02  -6.2939350e-02   4.9657363e-01   3.1880382e-01   1.0157652e-01   2.5886365e-01   3.4840141e-01  -1.7640159e-02   1.3701060e-01  -2.5943396e-01   2.1945190e-01   1.7901976e-01  -2.5409899e-01  -8.1747911e-02   2.8462255e-01   5.1491269e-01  -2.6091672e-01  -3.5023740e-01  -3.1313083e-01   2.2222780e-01  -3.0650308e-01  -7.4747690e-02   9.0672357e-02   3.8659088e-01
  -1.4159595e-01   0.0000000e+00   4.4139280e-01  -6.2190908e-02   1.2313348e-01  -4.7166161e-01  -1.5683682e-01  -1.7147535e-01   2.5504591e-01   4.4028044e-01  -3.2740364e-01   1.9644748e-01  -2.3967196e-02  -3.9780070e-01  -1.6870716e-01   3.0490916e-01   6.2662325e-01  -1.9538761e-01  -2.5044795e-01  -5.0378016e-01   4.9038716e-01  -2.0520717e-01  -1.4434618e-01  -1.9516410e-01   1.4567696e-01  -1.7224023e-01   3.1995296e-02  -4.3763291e-01  -6.5238355e-02   2.1318722e-01   2.0948371e-01  -5.3076472e-01  -2.2306577e-01   1.2166267e-01  -4.1280351e-01  -2.0521048e-01  -2.9534648e-01   2.1710638e-01   3.7017245e-01   3.8917959e-01   5.2548228e-02  -1.4875436e-01  -6.3878470e-02   2.1535662e-01  -4.0822535e-01  -7.8397185e-02  -3.3939231e-01  -3.5822521e-02   1.7221080e-01   5.1253124e-01  -6.9227714e-01  -2.2446700e-01   4.9183150e-01  -1.4382429e-01  -2.3274558e-01  -4.3118184e-01  -2.5506923e-01  -6.0860408e-01  -2.2788726e-01   3.0529281e-01   2.4132147e-02  -4.9412464e-01   5.0251194e-01   4.0777492e-01   1.2856654e-01   9.8088065e-02  -4.1383627e-01   2.4913413e-01  -4.9029954e-01   1.5539330e-01   7.1105330e-01  -6.3807672e-01   2.6648889e-01  -4.3675548e-01  -1.6723943e-01  -8.9035311e-02   2.1832048e-01  -3.5214970e-01   4.5359448e-01  -4.0869208e-02  -6.6954189e-01   2.3031377e-01   4.8866924e-01  -1.4567340e-01  -1.1180008e-01  -2.4986301e-01   4.4643117e-01  -2.1134392e-01   1.0166041e-01  -1.9721489e-01   4.9184246e-01  -5.1216056e-02  -1.5931382e-01  -2.0794866e-01   7.4715172e-02   2.1567542e-01  -2.4304329e-01  -2.6894958e-01   1.0013868e-01   2.8644688e-03  -1.0079092e-01  -2.2588358e-01  -5.4916536e-01   7.3771383e-01  -5.9806612e-01   3.3745165e-02   2.0749412e-02  -3.3721139e-01  -3.2159637e-01  -2.0553265e-01   2.5797644e-01  -5.0818117e-01  -6.2943049e-02  -1.9579900e-01  -5.4096409e-01   3.9476919e-01  -2.9882916e-01   1.6843603e-01  -3.0929370e-01  -4.9108036e-01  -1.6727653e-01   4.0231272e-01   3.6006853e-02   8.1597301e-02  -5.5160700e-02  -5.2527401e-01  -4.4565408e-01   1.1875028e-01  -1.0098532e-01   6.0332265e-01   2.9387438e-01   4.4125142e-01   5.2973655e-01   5.6582387e-02  -1.4034120e-01  -2.9357995e-02  -2.5869766e-02  -3.6218204e-01  -2.1692217e-01  -1.1668412e-01  -2.6882100e-02   2.4823844e-01  -3.9485752e-01  -1.4911584e-01  -3.3600689e-02  -1.5608880e-01  -2.3378612e-01  -7.2130203e-02  -4.5471007e-01  -1.7296758e-01  -3.9295945e-01  -3.9238022e-01  -3.5436985e-01   3.4506498e-01   7.4618183e-01  -1.5960988e-01  -1.4960980e-01  -1.3170114e-02   1.6582371e-01  -5.9749444e-01  -6.1715335e-03  -5.6477984e-02   2.3681423e-01  -5.1909663e-02  -4.7366535e-01   1.1819569e-01  -4.5607352e-02  -2.1245591e-01  -9.0615023e-02   2.4336321e-01   1.7308147e-01   2.3202826e-01   1.6303668e-01  -2.0537287e-01  -1.0375189e-01   5.7728934e-02  -1.8945377e-02
   7.3395975e-02   4.4139280e-01   0.0000000e+00   1.0800709e-01   4.6846580e-01  -1.1574869e-01  -3.2638611e-01   5.3166566e-02   8.1416963e-02   5.7581219e-01  -5.7343516e-02   4.5255423e-01  -2.7229996e-01  -5.1876503e-01  -6.8335668e-02   8.2974900e-02   8.5668320e-01  -1.8749034e-01  -1.0042855e-01  -1.0979503e-02   2.6039240e-02  -2.8002845e-01  -3.7668821e-01  -1.1688741e-01   2.7591885e-01   3.7370155e-01   1.0101225e-01  -6.5035063e-02  -5.1714040e-02  -2.2315518e-01   6.8255887e-02   1.0816288e-01   1.2254630e-01  -2.5859584e-01  -4.1456148e-01   1.9418128e-01  -5.8694444e-01  -9.4457722e-02   5.6701886e-02   5.2973556e-01  -1.0697591e-01   4.5460566e-01   3.5751951e-02   1.9388354e-01  -2.6691980e-01   1.5962294e-01   1.0421539e-02  -5.2396753e-01  -8.5415151e-02   6.5660885e-01  -2.6058891e-01   2.2656272e-01  -7.1561786e-02   5.4260724e-01   2.9901719e-02   2.8344025e-02   1.1170376e-02  -5.8004183e-02   2.0815643e-01   2.9574743e-01   4.6734071e-01  -3.2047635e-01   2.3146396e-01   1.2639715e-01  -1.7595648e-01  -1.5987041e-01  -3.9894942e-01   9.9095598e-02  -4.6803324e-02   2.4978145e-01   2.6138541e-01  -1.4360963e-01   1.5879754e-01   7.5742448e-04   3.5851105e-01   1.1587003e-01   5.0002842e-01  -2.0361728e-02   4.8658525e-01   4.2534456e-01  -2.7167511e-01   3.6538726e-02   2.8663602e-01  -8.0930778e-02   6.3962346e-02   7.1179644e-02  -1.0863283e-01  -3.4713823e-01   1.5726267e-01   1.9221214e-01   5.3187967e-01   5.2467730e-01  -8.1988674e-02  -3.4161215e-02   2.4039574e-01   5.9031062e-01   1.2341259e-01   2.0193551e-01   9.8360071e-02  -2.3333263e-01  -2.5898121e-01  -9.0291786e-03  -5.9681517e-01   2.5962014e-01  -1.6326142e-01   2.0081652e-01   6.0872752e-01   1.7107568e-01  -5.1034839e-02  -4.6024077e-01   4.6966842e-01  -3.8748659e-01  -7.2490948e-03  -1.7799985e-02  -3.4677784e-01   1.8408641e-01   2.8246431e-01   2.6061508e-01  -2.4479069e-01   3.7092225e-02   1.4070045e-01   6.3285900e-01   2.8954012e-01  -1.5274902e-01   1.7958413e-01  -1.2416312e-01  -2.0775680e-01   5.1527638e-01   1.8215949e-01   3.4674197e-01  -9.9603378e-02   1.6573689e-01   3.9200481e-01  -2.3816731e-01   3.2763457e-01   2.1915796e-01   5.1651451e-01  -5.5516416e-01   2.8835400e-01   2.7245551e-01  -1.1091340e-01  -2.1646339e-01  -6.2651256e-02  -1.6135522e-01  -1.7477793e-01  -1.1761445e-01  -2.1605146e-01  -3.5902352e-01  -4.5760482e-01  -2.8670403e-01   5.1237262e-02  -3.8677301e-01   6.6589594e-02   4.3108604e-01   6.8699353e-01   1.0292193e-01   1.1855641e-01   1.4930560e-01   4.6653751e-01  -1.9630924e-01   1.3364539e-01   2.3661998e-01   1.4357256e-02  -1.2813705e-01   1.7093239e-01  -1.4525587e-01   3.2627540e-02   5.3401801e-02   1.6334648e-01   1.8455182e-01  -9.2073915e-02  -1.9714886e-01  -3.3784961e-02  -2.9553370e-01   1.5718155e-02   2.8826194e-01   1.0440956e-01
   2.6790537e-01  -6.2190908e-02   1.0800709e-01   0.0000000e+00   4.7872690e-02   3.3237747e-01  -3.1174239e-02   4.8128017e-01   3.0343426e-01  -2.5794272e-01   2.5001758e-01  -3.5427427e-02  -7.3557697e-02   2.2842004e-01  -3.4421468e-02  -8.3929019e-02   1.3833860e-01   7.1347959e-01   1.7098873e-01  -1.4018299e-01  -1.7907459e-01   6.9295084e-01  -6.3422795e-02  -2.1193937e-01   4.6169588e-01   2.3931392e-01   7.2946172e-02   1.7803000e-01  -1.0719845e-01   1.9601976e-01   1.4877925e-01  -1.1313020e-01  -4.0803353e-01  -4.3704821e-02   2.2018358e-01   2.1089499e-01  -1.6748542e-01  -2.6350256e-01  -1.8116376e-01  -1.4189920e-01  -1.7422615e-01   4.6452090e-02  -4.3971134e-01   1.0057163e-01  -1.6611079e-01   5.4811368e-02   3.8372441e-01  -1.1679764e-02  -1.0201641e-01  -1.1015310e-01  -7.5300640e-03   1.3785161e-01  -2.0139327e-01  -1.0795649e-01   3.3758535e-01   6.2171340e-02   4.2742145e-01  -8.7862210e-02   1.5145407e-01  -1.9534789e-02   4.0026819e-01   4.5845405e-02   1.6276758e-01   2.5104695e-02   3.4879257e-01  -7.2797652e-02   3.1200872e-01   6.3509778e-01   3.8605381e-01  -9.7238396e-03  -1.7011166e-01  -9.0118481e-02  -2.9977919e-01   2.0960985e-01   1.7965168e-01   3.9410348e-01  -8.0401660e-02   1.2404124e-01  -2.2977109e-01   1.0454693e-01   2.3870858e-01  -1.4466225e-01  -1.5861735e-01   5.3858874e-01   2.2013927e-01   1.2397333e-01  -1.5838865e-01  -3.4664179e-01   3.9389799e-01  -1.0935806e-01  -1.2833045e-01   2.5512282e-01  -1.2471019e-01   2.6226285e-01  -6.3110105e-02  -4.7487810e-02   4.2668058e-01   2.5335456e-01   5.2855214e-01   1.8222032e-03   9.3930603e-02   3.2396432e-02   4.3831128e-01   2.8306745e-03  -9.4881076e-02   8.4044315e-01   8.2247232e-02   4.3285262e-01   8.4611860e-02  -1.7690605e-02  -1.5601098e-01   7.7879077e-02   7.2662570e-01   1.2705890e-01   2.5305833e-01  -4.1644872e-01   1.0104377e-02  -1.3257481e-02   4.8171351e-02  -2.4207339e-01  -2.2682205e-01  -1.2023552e-01   4.1843483e-02   6.9022334e-02  -2.1951172e-01   1.9327916e-01   8.5605896e-02   2.3103170e-01   6.1492441e-01  -1.2506380e-01  -3.6580348e-01  -2.7047715e-01   6.7943314e-02  -5.6661670e-02   3.4751521e-01   4.4486242e-01   9.8699507e-02   3.2611945e-01   1.9014602e-01   2.2834486e-01  -2.8093738e-01   4.0805349e-02   2.1169910e-01   5.8986631e-02  -4.9434381e-03   4.3429536e-01   7.1568661e-02  -1.0587794e-01   1.5447840e-01   1.6837528e-03  -6.0296784e-02   4.3442828e-01  -2.8992558e-01  -1.0454390e-01  -1.3217462e-01  -1.5139334e-02   3.0069721e-01   1.7905599e-01   4.6741386e-01   3.0217616e-01   1.2796282e-01   1.4228694e-01  -2.1799644e-01   7.6672778e-01  -1.0028622e-01  -2.6456939e-01  -1.7333383e-01   2.7323055e-01   2.7174218e-01  -1.7352665e-01  -6.2507574e-02  -3.8410166e-01   6.7106406e-01   1.5287856e-01   1.8381318e-01   1.7589379e-01   8.4025202e-01
   1.9272284e-01   1.2313348e-01   4.6846580e-01   4.7872690e-02   0.0000000e+00  -2.1367633e-02  -3.4062379e-01   3.4716555e-02  -1.0442176e-02   2.8967897e-01   5.1271312e-02   1.1080694e-01  -3.7947440e-01  -2.1165223e-01   9.0665606e-02   3.2354112e-02   4.2201900e-01  -1.2621512e-02   4.7849591e-03   3.8046249e-01  -4.6675687e-02  -1.3708728e-01  -4.5659754e-01   2.4920636e-01   2.1256888e-01   1.8476227e-01   3.3221789e-01  -3.6583496e-03   1.4780665e-03  -1.4054783e-01  -2.0591430e-01   6.5335276e-02   1.3142083e-01  -3.9572026e-01  -1.7336166e-01   5.1597503e-01  -3.2837869e-01  -1.3502961e-01   4.5625986e-02   4.1250442e-01  -2.0117540e-02   1.6362431e-01  -1.1873328e-01   1.3505837e-01  -8.8455221e-03   1.1191158e-01   1.5406680e-01  -3.8915605e-01  -1.3260422e-02   5.3955063e-01  -7.2498558e-02   2.5874200e-01   7.5197945e-03   4.2572675e-01   6.3632366e-02   6.3133892e-02   1.2102250e-01  -7.3612790e-02   1.7154787e-01   2.1787080e-01   2.4032706e-01  -9.3544894e-02   6.6378714e-02   2.6571992e-02  -4.8706317e-02  -3.0157671e-01  -1.1444180e-01   7.7086261e-02  -2.4839956e-02  -3.8647204e-02  -1.0801342e-01  -1.3907207e-02   1.4154438e-01   2.6831502e-01   4.2038856e-01  -2.9044202e-02   2.3203445e-01   1.1068982e-01   4.0185359e-01   2.7878782e-01  -8.1519004e-02   2.1571598e-02   1.2741387e-01   1.9768230e-02   2.9801049e-02   5.1948188e-02  -1.8295913e-02   3.9869187e-02   2.5028969e-02   2.6225719e-01   5.9075202e-01   1.6622381e-01  -2.5666565e-01  -5.0608327e-03   1.7622316e-01   8.0229926e-01   2.1953243e-01   8.2617520e-02   2.9539876e-01  -5.5719159e-01  -2.0381595e-01   1.0029501e-01  -3.3754674e-01   6.2243274e-02  -6.9335879e-02   7.4391579e-02   4.8577342e-01   4.8757942e-02  -2.2732712e-02  -1.4194840e-01  -9.5702451e-02  -1.9244792e-01   8.5721974e-02   4.2880468e-02  -1.7738469e-01   3.5794194e-01   2.0968850e-01   2.2245410e-01  -1.1760035e-01   3.4842915e-02   1.2385755e-01   5.8828671e-01   3.0905830e-01  -9.1368201e-02   9.7776375e-02   2.1533818e-01  -3.7908205e-02   4.1976477e-01   7.6467822e-02   1.8353518e-01   9.1190731e-02   1.6239381e-01   3.5076475e-01  -1.0184200e-01   2.9458421e-01   3.3272299e-02   4.0198934e-01  -4.4265266e-01   2.8495961e-01   2.2999188e-01   6.1075918e-02  -1.3775264e-01   3.3743852e-02  -1.3544990e-01  -2.6813368e-01  -1.6731599e-01  -2.8738223e-01   4.8014386e-02  -3.0045539e-01  -6.2973130e-02   2.6629382e-02  -2.8988260e-01  -2.2335193e-02   2.8809396e-01   3.2664883e-01   1.1860480e-01   3.6822980e-01   1.5190120e-01   1.7218665e-01   2.6625759e-02   2.1135901e-01   1.6394157e-01   1.4422438e-01  -1.0089418e-01   1.1708135e-01  -3.1062723e-01  -5.2437572e-02  -1.5500895e-02   2.9440308e-01   2.8800613e-01  -1.7746345e-01  -8.2428926e-02   8.1847148e-02  -1.5437931e-01   3.8602414e-02  -7.5641331e-03   1.0698792e-01
  -1.4336141e-01  -4.7166161e-01  -1.1574869e-01   3.3237747e-01  -2.1367633e-02   0.0000000e+00   3.6853501e-01   1.6685867e-01  -3.0044153e-01  -1.9722064e-01   3.4803500e-01   6.4234638e-02   5.3599873e-02   2.7119781e-02  -3.8923898e-02   9.4962642e-02  -2.5225702e-01   2.3885977e-01   4.4491086e-01   2.7402341e-01  -3.3681973e-01   3.0723274e-01   3.4748338e-01  -9.9466514e-02  -1.8101473e-01   2.5362626e-02   3.1902006e-01   1.9148390e-02   4.0947214e-02  -8.1955812e-02  -1.0227084e-01   9.7765111e-02  -6.0773727e-02   9.8355293e-02   5.1673443e-01   4.9563862e-01   2.5431912e-01  -5.7546366e-02  -1.0308975e-01   1.8730673e-01  -3.1896653e-02   2.2274471e-01  -1.6949994e-01  -8.8927087e-02   1.3883587e-01  -8.6265195e-02   4.5779656e-01   2.5773054e-01  -3.2239923e-01  -1.6401284e-01   4.4465387e-01  -3.1813616e-02  -3.5971343e-01   3.9693467e-02  -4.3346359e-02   2.8224604e-01   4.8888613e-01   9.4975785e-02   3.5204994e-02  -2.9761149e-01   6.6085880e-02   3.0434981e-01  -5.1745855e-01  -2.9220409e-01  -2.4583917e-01   9.2614602e-03   7.7964006e-01   2.5300095e-02   3.2110079e-01   4.4322989e-01  -2.4423249e-01   1.6817390e-01  -3.7106492e-01   3.1461991e-01  -3.6162567e-02   7.7616870e-02  -8.5221781e-02   1.6576996e-02  -5.9872424e-01  -2.0989896e-01   3.2860872e-01  -1.2569920e-01  -1.4294497e-01   1.6842613e-01   1.3788276e-01   7.5116746e-02  -3.2584353e-01  -1.4294926e-01  -8.7460718e-02  -2.6331787e-01  -5.7004822e-01   1.4309125e-01   3.9970090e-01   6.8388466e-02  -4.7597063e-03  -2.0216599e-01  -4.3209964e-04   9.5883928e-02  -1.5941015e-02   1.5589808e-01   3.4548194e-01   9.4366596e-02   4.2247303e-01  -5.8744465e-01   1.5218428e-01   1.7842216e-01   1.6787264e-01   2.5462159e-01   1.5421563e-01   2.9725745e-01   3.8500213e-03   2.9831695e-01   2.7712718e-01  -1.3453830e-01   4.2618300e-01  -4.2207448e-01  -6.6129271e-02  -1.7740788e-01   3.8062268e-01   7.0538134e-02  -5.0354015e-02  -4.2010421e-01  -1.9119996e-01  -1.7408930e-01  -2.3728089e-01   1.9094697e-01   2.1721858e-01  -2.0456055e-02   2.6218461e-01   1.0134803e-01  -8.5475510e-02  -3.2604313e-01  -4.4798324e-01   1.8773906e-01   2.8423649e-02   1.9759873e-01  -1.1853861e-01   3.1654743e-01   1.0585835e-01  -7.3927135e-02  -1.9604374e-01  -1.7579660e-01   2.5568715e-01   6.7220227e-01   1.2401061e-02   7.9713533e-02   3.7800717e-01   2.7832651e-01   6.2616109e-01   3.9796047e-01   1.1359791e-01   1.5902391e-01  -6.0980838e-02  -3.2805716e-01  -3.7976055e-01  -8.1579744e-03   1.3033072e-02   2.2387115e-02   7.2459567e-02   2.3686601e-01  -4.4624938e-02   7.4238420e-02   8.6579383e-02   2.0377817e-01   1.6824604e-02  -1.4651287e-01  -1.9523914e-02   8.6942122e-02  -1.1967969e-01   1.1063051e-01   5.2408834e-02  -1.3938291e-01   9.0916556e-02   6.1380998e-01  -8.2151059e-02  -1.8366738e-01   2.5909855e-01
  -3.1931413e-01  -1.5683682e-01  -3.2638611e-01  -3.1174239e-02  -3.4062379e-01   3.6853501e-01   0.0000000e+00  -2.6410401e-01  -1.6957599e-01  -1.1031871e-01   2.2896364e-01   4.0192854e-01   1.5020731e-01  -2.6294141e-02   2.6073458e-01   4.1523401e-02  -3.2346168e-01   9.6217263e-02   6.2269510e-03   1.0550629e-01   1.3303642e-01   5.7300552e-02   8.3380946e-01  -2.8743053e-01  -2.8662886e-01  -2.7614908e-01   1.4690983e-01  -1.1466912e-01  -1.7663407e-03   8.2619447e-02   1.9862556e-01  -2.0483382e-01  -2.1197777e-01   2.9551346e-01   3.8860423e-01   1.3140864e-01   2.7234084e-01  -8.0378725e-02  -5.0299790e-02   9.5323736e-02   1.9592508e-01  -3.7466677e-02   1.5470796e-01  -8.8560785e-02   2.3734716e-01  -1.2423265e-01   5.5048555e-02   5.6382643e-01  -5.3515516e-02  -2.9919562e-01   1.7483885e-01  -2.1823060e-01  -1.2444123e-01  -8.8080165e-02  -1.5332404e-01   2.7729547e-01  -1.2401997e-01  -2.2031667e-01  -1.2451224e-01  -1.0256155e-01  -2.4333428e-01   3.6495662e-01  -2.0274424e-01  -2.8725294e-02  -1.9288283e-02   2.7695759e-01   3.1660508e-01  -8.8174794e-02  -2.1463392e-02   3.4926581e-01   2.2126310e-01  -3.6865179e-02  -1.8851093e-01   1.8628898e-01  -2.5412869e-01  -3.9075980e-01  -2.5793405e-01  -9.7863448e-02  -4.7906802e-01  -2.8284259e-01   1.8041628e-01  -4.6320182e-02  -1.8384719e-03  -1.9390642e-01  -3.8969450e-02  -2.7272815e-01   5.4302759e-02   3.4126883e-02  -1.4451990e-01  -3.7307617e-01  -4.9701821e-01  -1.9575501e-01   3.9773909e-01   1.7269932e-01  -1.8141709e-01  -4.4257796e-01  -1.9415148e-01  -1.8052789e-01  -5.6766360e-02   6.9093643e-01   4.7922569e-01   3.7270311e-01   2.4786686e-01  -2.4207625e-01  -1.6441595e-01  -1.7608572e-01  -2.1303047e-01  -1.1784971e-01  -1.4732326e-01   2.3970053e-01   2.6223644e-01   7.8452497e-02  -5.5768134e-02  -3.0537402e-01   4.7236258e-01  -2.5373424e-01  -3.0530575e-01  -2.3776893e-02   2.4074061e-01  -1.3817097e-01  -2.3156820e-01  -4.9004427e-01  -1.4309301e-01   8.9224925e-02  -1.7703332e-01   1.5787657e-02   3.9622724e-01  -3.8811394e-01  -2.3936719e-01   1.4270444e-01  -7.5094436e-02   1.3283966e-01  -4.1217118e-01   3.8950383e-01  -2.5487638e-01  -3.5126204e-01  -3.2348202e-01   3.4642088e-01  -2.9663534e-01  -3.0783880e-01  -1.6867014e-01  -9.1212471e-03  -2.3535655e-01   4.5471440e-01   6.0266776e-01   1.4301386e-02   8.2307807e-01   1.5734740e-01   4.7679120e-01   4.0289772e-01   1.4453886e-01   1.6314862e-01  -6.9934272e-02  -1.0685319e-01  -2.6862087e-01  -3.7850598e-01  -2.0076351e-01   4.8453240e-02  -2.5037873e-01   2.0857645e-01  -1.0001732e-01  -1.5615920e-01   1.1404449e-01   5.6203184e-02  -2.6396955e-01   1.4511987e-01   2.8164913e-01  -1.1882159e-01  -2.9170304e-01  -4.2646658e-02   3.1165401e-01  -6.2522140e-02   2.1160869e-02   2.9913477e-01  -2.1816474e-01  -9.7181908e-02  -6.1145309e-02
   4.8480746e-01  -1.7147535e-01   5.3166566e-02   4.8128017e-01   3.4716555e-02   1.6685867e-01  -2.6410401e-01   0.0000000e+00   3.8584514e-01  -3.4552675e-01   2.8479214e-01  -3.9203954e-01  -1.6335166e-01   3.5092617e-01  -2.8385947e-02  -4.2005054e-01   6.6854204e-02   4.5528793e-01   3.0506363e-01   3.8626414e-02  -3.5311832e-01   4.0853622e-01  -4.0144785e-01   1.0215010e-01   4.9025287e-01   5.5247847e-01  -3.2403323e-01   4.5786593e-01   8.7305599e-02  -8.2062583e-02   1.0026136e-01   1.9155593e-01  -1.2144043e-01  -4.0570766e-01  -7.2859088e-02  -3.4449061e-02  -3.6481223e-01  -1.4815329e-01  -4.8382837e-01  -3.1071268e-01  -4.6292340e-01   2.0656602e-01  -3.1624287e-01   1.5072257e-01  -1.8900869e-01   4.3598405e-01   2.1797928e-01  -1.9453729e-01  -2.6333017e-01  -1.5606203e-01   7.1176055e-02   6.9542307e-01  -3.9078428e-01  -1.5491522e-01   6.0795529e-01   7.4617733e-02   5.1289398e-01   2.7589933e-01   5.1843543e-03  -1.6923892e-01   5.0074519e-01   1.2330667e-01   2.1195493e-01   2.9758861e-02   1.6213784e-01  -4.5244603e-01   1.8261852e-01   3.5580189e-01   5.8633196e-01  -1.8463018e-01  -1.4058084e-01   5.9891493e-02  -2.0971335e-01  -7.7641905e-02   2.2583868e-01   6.1988952e-01   1.6146981e-01   3.3400461e-01  -1.1862254e-01   2.2925313e-01   4.5379205e-01  -1.7622305e-01  -1.5482920e-01   8.0153928e-01   3.1791206e-01   5.5008483e-01  -1.3005662e-01  -2.2898426e-01   5.0140460e-01   3.1152640e-01  -5.4393018e-02   4.3457795e-01  -3.8518187e-01   2.4447765e-01   1.2235896e-01   5.9957481e-02   4.1498875e-01   6.1126115e-01   2.6858000e-01  -3.0604772e-01   1.1548363e-02   2.6294016e-01   2.8787088e-01  -2.3297410e-02   1.9652470e-01   7.0266633e-01   1.7911739e-01   6.5591102e-01   3.8136339e-01  -2.8057288e-01  -3.1322407e-01  -3.4541396e-02   6.1494529e-01   5.5013367e-01   1.2382409e-01  -3.5780454e-01   5.0329857e-01  -5.6722603e-02  -1.0692579e-02  -7.8258220e-02   5.6540531e-02  -1.0110146e-01   6.4476393e-02   5.4297653e-02   3.1171838e-01   1.6378998e-01   5.7624982e-02   5.5347821e-01   7.0315555e-01  -2.0294774e-01  -4.0085918e-01  -3.3902666e-01   4.0124943e-02  -2.2927509e-01   6.5177246e-01   7.5975771e-01   3.2779919e-01   3.1448790e-01   6.2143461e-01   5.9034487e-01   9.9437649e-02  -1.0010784e-01   5.4060180e-01  -2.5024317e-01  -1.7765543e-01   3.4336038e-01  -2.0958841e-01  -4.5915584e-01  -1.4719424e-01  -1.3229446e-01   2.3167804e-01   5.4309397e-01  -6.5298462e-02   9.1740267e-02  -2.5068904e-01   4.2960955e-01   2.9582466e-01  -4.0471691e-02   5.4370641e-01   3.9677624e-01   7.1134965e-02   4.0834892e-01  -4.0940851e-01   4.5312516e-01   2.2349772e-01  -4.3336725e-01  -1.8575038e-01   4.4848745e-01   3.9833849e-01  -3.2213818e-01  -4.4568316e-01  -2.9639558e-01   3.5679407e-01  -8.5805946e-02   2.8875808e-01  -1.1925222e-02   6.1461138e-01
   1.9153106e-01   2.5504591e-01   8.1416963e-02   3.0343426e-01  -1.0442176e-02  -3.0044153e-01  -1.6957599e-01   3.8584514e-01   0.0000000e+00  -2.5814706e-01   9.3981664e-02  -2.7291038e-01   1.4560112e-02   1.6335202e-01  -7.3975233e-02  -1.5857930e-01   1.9640299e-01   4.0873006e-01   2.0142607e-02  -1.0392819e-01   1.1321266e-01   2.2491504e-01  -2.4651853e-01  -1.8557176e-01   3.2861677e-01   3.3599776e-01  -1.4394784e-01   9.7312275e-02  -1.2133272e-01   4.4551693e-01   2.8151409e-01   6.6579459e-03  -1.3288431e-01  -7.8497242e-02  -3.4165851e-01  -1.5755039e-01  -4.1091966e-01  -2.2873969e-01  -1.1899515e-01  -1.9457810e-01  -8.9113288e-02   6.1354245e-02   1.6107151e-01   1.9978591e-01  -8.1545317e-02   2.0547267e-01   4.2051660e-02  -8.5833271e-02   2.0637918e-01  -1.2661627e-01  -3.5355293e-01   2.8931886e-01   1.4328066e-01  -1.1333014e-01   1.6528709e-01  -2.6751186e-01   1.5416158e-01  -4.9447975e-02  -9.8863705e-02  -2.8209431e-02   3.7731427e-01  -1.7418936e-01   7.5636015e-01   4.5369774e-01   7.1500009e-01  -2.5183249e-01  -2.7109346e-01   3.8319957e-01   1.7765777e-01  -1.2427318e-01   2.2140608e-01  -1.6482207e-01   2.8110554e-03  -4.3038552e-01   9.9137581e-02   4.0939661e-01   7.2648244e-03   1.0903534e-01   1.3418241e-01   1.8440316e-01  -9.6975722e-02  -1.6738511e-01   9.6285467e-02   4.2127836e-01  -1.3255365e-02   2.0001591e-01   4.4457843e-01  -3.4033557e-01   6.9672625e-01   1.1895769e-01   2.1205422e-01   2.3513945e-01  -4.1935460e-01   2.9317468e-01  -7.1953515e-02   9.7262268e-02   1.2599894e-01   3.5240777e-01   3.9200481e-01  -1.0933239e-01  -9.3425009e-02  -1.0236319e-01  -4.9141052e-02   6.1877828e-01  -1.4058294e-01   4.7876915e-01   6.9294462e-03   3.0304088e-01  -1.7285459e-01  -2.8062769e-01  -1.7368727e-01  -3.2502019e-01   3.2616048e-01   1.3933637e-01  -2.4006349e-01  -5.2884683e-02   1.7183014e-01   3.8455423e-02  -4.3003544e-01  -2.3110367e-01  -1.6772716e-01   1.8259834e-01   3.8746844e-01   5.0700009e-01   1.0271891e-01  -2.5795419e-01  -1.0837328e-01   1.6291207e-01   3.6742033e-01  -8.4177894e-02  -3.0163205e-01   1.6219140e-01   1.0472101e-01  -7.8242669e-02   4.3834743e-01   3.2185942e-01   7.4769948e-02   2.6407209e-02   1.5930552e-01   2.8922823e-01  -1.0921539e-01   1.3933551e-01  -4.3396645e-02  -5.2556121e-01   5.0677552e-03   4.3335856e-01  -2.0618495e-01  -3.4042919e-01  -4.1835679e-01  -3.1986274e-01  -1.5782113e-01   1.9549992e-01  -2.3106990e-02   3.0517085e-01   1.1615090e-01  -7.5594017e-03   6.5916166e-02   3.6844845e-02   4.3744848e-01  -2.6831683e-02   1.3940791e-01   7.6487690e-02  -2.6533611e-01   4.4914790e-01   5.2154843e-03  -2.5826903e-01  -6.4982299e-02   1.6787233e-01   3.1068508e-01  -3.1611481e-01  -2.8630626e-01  -2.9770654e-01   4.0430475e-01  -3.8085538e-01   5.0523626e-02   2.9359729e-01   3.3246604e-01
  -1.2897299e-01   4.4028044e-01   5.7581219e-01  -2.5794272e-01   2.8967897e-01  -1.9722064e-01  -1.1031871e-01  -3.4552675e-01  -2.5814706e-01   0.0000000e+00  -2.4299232e-01   4.7886513e-01  -1.6906684e-01  -4.4836025e-01   1.7009720e-01   3.3438239e-01   6.0236257e-01  -3.7561958e-01  -3.4221610e-01  -1.2845238e-01   2.4365192e-01  -3.7385295e-01  -1.1420408e-02  -5.1053224e-02  -6.9286006e-02  -8.3082790e-02   1.1820227e-01  -3.0089671e-01  -7.9913987e-02  -1.5584956e-01  -6.0083210e-02  -1.4247443e-01   1.2325379e-01  -2.3276485e-02  -2.2232258e-01   7.1478615e-02  -4.5981523e-02   1.7128960e-01   3.0363873e-01   5.7183517e-01   1.9977342e-01   8.0545372e-02   6.6985471e-02   9.5705060e-02  -7.2536782e-02  -2.2233326e-01  -2.3171410e-01  -2.4114599e-01   1.2302894e-01   6.6179994e-01  -1.4417308e-01  -1.9148605e-01   1.4414408e-01   3.1714580e-01  -1.4488646e-01  -4.6674001e-02  -3.2156471e-01  -1.7375822e-01   1.6639056e-01   2.9742916e-01  -1.2414070e-01  -2.2607337e-01  -1.8909488e-02   3.7718044e-02  -3.5127756e-01   2.6228066e-01  -3.3999744e-01  -2.0167036e-01  -3.5978657e-01   8.9696650e-02   1.9445949e-01  -1.9835628e-01   4.3018760e-01   2.8023421e-02   6.6734697e-02  -2.6687299e-01   2.4771582e-01  -9.6796423e-02   4.3833301e-01   9.8781133e-02  -3.9921231e-01   4.0845259e-01   2.3425903e-01  -3.6049010e-01  -7.8423454e-02  -1.5508277e-01  -4.8259232e-02   3.0022316e-02  -2.5997413e-01   3.5624260e-02   4.6117454e-01  -5.1602218e-02   5.5824827e-02  -2.9438905e-01   1.3163301e-01   3.1296250e-01  -1.0504676e-01  -3.5097578e-01  -1.7142550e-01   3.2090505e-02  -2.0016479e-01  -4.2673429e-02  -5.3424277e-01   1.9557124e-01  -1.8038550e-01  -2.9468808e-01   3.2683878e-01  -3.2402886e-01  -1.2349133e-01  -1.5661378e-01   4.3844153e-01  -1.4230416e-01  -2.9401411e-01  -1.3424594e-01  -3.3185431e-01   2.6032283e-01  -4.1468348e-02   4.4487288e-01  -1.0883791e-01   8.7719461e-03   1.5742010e-02   4.5838644e-01  -1.5231904e-02  -2.0598022e-01   1.4931950e-03  -1.7900938e-01  -7.4730325e-02   1.1303513e-01  -2.4688715e-01   3.3347269e-01   3.4566579e-01   3.2268384e-01   3.3645683e-01  -2.0140161e-02  -1.3575773e-01  -2.3150779e-01   1.2080871e-01  -4.5495742e-01  -1.3414581e-01  -2.0393478e-01   4.2743094e-03  -8.7025277e-02  -2.2066736e-01   4.3284198e-02   1.3351463e-01  -2.7834026e-01  -9.8277788e-02  -3.3035849e-02  -2.0712147e-01  -1.2852913e-01  -4.6585354e-02  -4.8572904e-01  -9.5578403e-02   2.3700413e-01   6.4338149e-01  -1.4347047e-01  -1.4870178e-01   3.0174360e-01  -1.1591802e-01  -3.2836973e-01   1.4417017e-02   7.7061456e-02   2.7959389e-01  -3.5658681e-01  -1.0389086e-01   1.0958906e-01   1.1049930e-01  -1.9680734e-01  -1.8302164e-01   3.1052813e-01   1.9305078e-01   1.4075405e-01  -2.6350536e-01  -1.3207932e-01  -3.5900668e-02  -3.9756893e-03  -3.0204516e-01
   6.5113568e-02  -3.2740364e-01  -5.7343516e-02   2.5001758e-01   5.1271312e-02   3.4803500e-01   2.2896364e-01   2.8479214e-01   9.3981664e-02  -2.4299232e-01   0.0000000e+00  -5.8562787e-02  -3.5974993e-01   1.5543197e-01   1.7081266e-01  -1.2442596e-01  -3.0139797e-02   6.0318141e-01   1.9254342e-01   3.5111422e-01   1.9021794e-01   1.9859631e-01   1.7496791e-01  -2.4388013e-01   3.2496950e-01   3.6924555e-01   8.3383407e-02   2.2607309e-01   3.2895197e-02   1.4034621e-01   3.7774131e-01   2.5482982e-01   1.1499131e-01  -3.0755910e-01  -2.7398890e-02   4.8957668e-01  -1.0143827e-01  -4.9527633e-01  -8.1042210e-02  -6.5915332e-02  -2.5815768e-01   3.9179390e-01  -7.2519626e-02   4.7515814e-01   2.2015143e-01   1.0201960e-01   7.9378606e-01   7.7461431e-02  -1.9092878e-01  -3.6026837e-01   3.9160665e-01   2.1971514e-01  -4.4053661e-02   1.6766695e-01   2.8249591e-01   4.7229814e-01   2.0084070e-01   2.1113463e-01   1.9291294e-01  -2.3919923e-01   2.1961783e-01   9.4704168e-02  -5.0820879e-02   4.0948085e-01   2.6483292e-01  -3.1457858e-01   3.6933233e-01   1.7243701e-01   7.0834031e-01  -1.2154701e-01   4.0186524e-03   3.6168500e-01  -2.8978357e-01   2.5119308e-01   2.9492028e-01   1.4633465e-01  -1.5116573e-01   3.0269426e-01  -2.6160836e-01   3.3859063e-01   4.5067848e-01  -4.8557993e-01   2.0995377e-01   2.3986733e-01   1.9814694e-01   2.4963507e-01  -5.0957763e-02  -2.9438096e-01   1.7194154e-01  -1.8972287e-02  -1.0481470e-01   1.5212158e-01  -1.4001371e-01   1.7055501e-01  -7.0244313e-02  -4.6153167e-02   2.3419417e-01   3.4939585e-01   2.1510224e-01   7.0373646e-02   2.5345049e-01   4.6433693e-01   2.2895351e-01  -1.6089345e-01   1.8847138e-01   3.6126619e-01   1.7548099e-01   4.6802149e-01  -9.6507953e-02   3.1026085e-01  -9.4683838e-02   9.2149951e-02   1.8964956e-01   1.8838410e-02   4.3009792e-01  -1.5028599e-01   2.8258707e-01  -1.5704381e-01   2.3686151e-01   2.3255951e-01  -1.9973004e-01  -1.8980500e-01   2.1608068e-01   4.0978206e-01  -1.7283638e-02   8.7957915e-02   3.5813809e-01   8.1677364e-02   1.3232620e-01  -5.1275748e-02  -5.4270400e-01   2.8032913e-01  -1.0373175e-01   4.4046903e-01   3.9548716e-01   1.6502383e-01   1.3422057e-01   2.3351496e-01   2.7700306e-01   3.0304056e-01  -2.4552053e-01  -3.9877991e-01   5.1800550e-01   8.9314063e-02   1.9216708e-01   5.2777159e-01   3.1848991e-01   8.1985533e-02   6.4793367e-02   3.9790298e-01   2.1232683e-01   2.3326167e-01   6.8872643e-02   4.1401070e-01  -1.7240424e-01  -1.5779811e-01   1.3394488e-01   7.2438516e-02   7.2945764e-02   4.0913573e-01   1.6327825e-01   5.9825254e-01   2.3009079e-01   4.2060361e-01   2.4244529e-01  -4.2270859e-01   3.9218294e-01   1.6260814e-01   3.0866036e-02   6.9961261e-02  -3.7166070e-01  -6.8094489e-01   1.9333951e-01   1.4987542e-01   1.6348317e-01   2.7492313e-01   2.9115895e-01
  -3.1225493e-01   1.9644748e-01   4.5255423e-01  -3.5427427e-02   1.1080694e-01   6.4234638e-02   4.0192854e-01  -3.9203954e-01  -2.7291038e-01   4.7886513e-01  -5.8562787e-02   0.0000000e+00  -4.1626531e-02  -4.9319394e-01   2.7603120e-01   2.2001270e-01   3.7961355e-01  -2.2288810e-01  -2.5691284e-01  -7.3059971e-02   8.8668424e-02  -2.5667504e-01   3.2186793e-01  -3.5590744e-01  -5.9294247e-02  -1.3386622e-01   1.7387564e-01  -3.1049052e-01  -5.0016990e-02  -9.1826185e-02   1.9461573e-02  -1.4836599e-01  -8.7902545e-02   3.0304614e-01   6.0396874e-03   2.4393770e-01  -7.7752139e-02  -7.6740559e-02   2.5332821e-01   4.6605347e-01   1.8565091e-01   9.5517131e-02   2.5314762e-01   7.5534282e-02   2.0848002e-02  -1.3868755e-01  -8.4502130e-02   7.8527561e-02  -8.0323212e-02   3.3806264e-01  -5.0148530e-02  -1.9620124e-01  -7.5596858e-03   3.4254886e-01  -2.8688833e-01   2.1491218e-01  -2.6311046e-01  -2.5700894e-01   1.6309638e-01   2.8345332e-01  -1.5004916e-02  -1.1477187e-01  -1.1592666e-01   2.8820115e-02  -2.7831810e-01   2.9430682e-01  -1.0501257e-01  -1.2301252e-01  -2.6494211e-01   2.6881767e-01   1.8498197e-01  -1.2618738e-01   1.8287099e-01   3.0323041e-01   9.8200811e-02  -3.4011029e-01   1.2439756e-01  -1.7113796e-01   1.0679945e-01   1.5446200e-02  -2.7270611e-01   2.0457376e-01   2.7695625e-01  -4.3050256e-01  -6.9693841e-02  -2.5555252e-01  -2.0289024e-01  -2.0801380e-01  -1.6665576e-01  -2.8998027e-01   8.7702534e-02   8.1960027e-03   4.9067151e-01   4.2761005e-02   1.0095153e-01   1.7785518e-01  -4.8556717e-04  -2.7003912e-01  -1.1362151e-01   2.2289474e-01   1.8963572e-02   2.2535568e-01  -2.5146850e-01  -4.5193397e-02  -2.6273083e-01  -2.2559505e-01   2.0605717e-01  -1.8778672e-01  -2.1316824e-01  -1.9549667e-02   7.1363544e-01  -9.6483718e-02  -1.4252590e-01  -3.4704686e-01  -1.6570997e-02   7.7796354e-02  -1.1531425e-01   3.2906801e-01   5.0253390e-02  -4.0800221e-02  -9.9435509e-02   2.9255390e-01   1.1926347e-01  -1.7204902e-01  -1.5425283e-01  -9.1737050e-02   9.6713515e-02   1.5705868e-02  -2.3983722e-01   3.0577324e-01   1.4056697e-01   1.8082184e-01   2.5030729e-02   1.2605264e-01  -1.7163782e-01  -2.5530763e-01   1.7401754e-01  -3.6860003e-01  -1.2564046e-01  -2.3414609e-01  -2.3295121e-01  -1.7220025e-01  -3.3317268e-01   2.8687570e-01   3.4050104e-01  -1.2006143e-01   3.4453533e-01  -3.3431831e-02   9.9567947e-02   7.8328274e-02  -4.3503526e-02  -2.9801623e-01  -1.6548999e-01   1.8422369e-01   4.0193289e-01  -3.6992921e-01  -1.5200063e-02   2.7341149e-01   3.3121035e-03  -1.0924333e-01  -7.0108754e-03   1.1430264e-01   1.8965796e-01  -1.8482448e-01  -1.1304429e-01   2.6052541e-01   2.4201608e-01  -1.8224464e-01  -2.5639631e-01   3.2340663e-01   4.4279882e-01  -9.7091587e-03  -1.4443593e-01   9.4567276e-02  -1.0183160e-01   1.1480670e-01  -1.8021394e-01
  -1.1291119e-01  -2.3967196e-02  -2.7229996e-01  -7.3557697e-02  -3.7947440e-01   5.3599873e-02   1.5020731e-01  -1.6335166e-01   1.4560112e-02  -1.6906684e-01  -3.5974993e-01  -4.1626531e-02   0.0000000e+00   8.1399187e-02   3.8970664e-02  -4.6477462e-02  -2.6144563e-01  -9.0299100e-02   1.4046230e-01  -1.8278529e-01  -1.3622389e-01   8.1182833e-02   1.4593775e-01   1.5400170e-01  -3.0611436e-01  -2.8211467e-01  -2.9449417e-02  -7.4774645e-02  -1.7987449e-02   8.3592915e-02  -2.2743018e-01  -1.5130684e-01  -3.6199155e-01   3.9224674e-01   3.1786410e-01  -2.3645006e-01   2.0104455e-01   3.0780563e-01  -1.1732681e-01  -2.6620639e-01   4.8853515e-01  -3.7828634e-01   1.4825032e-01  -2.6444338e-01  -2.8986663e-02   1.0359783e-01  -3.0857032e-01   2.0647825e-01   1.5803184e-01  -1.9672351e-01  -2.3970879e-02  -2.7171056e-01  -6.8632280e-02  -2.8543681e-01  -1.2497957e-01  -2.3749858e-01  -8.4032719e-02  -1.4192545e-01  -2.3447938e-01   9.4471049e-02  -1.7472638e-01   1.4988980e-01  -1.0775811e-01  -2.9025091e-01  -3.0277523e-02   4.0799609e-01   7.6417822e-02   2.4160953e-02  -3.0048857e-01   2.7660952e-01  -7.2608760e-02  -1.4535943e-01  -1.7957285e-02  -1.1472912e-01  -4.6212575e-01  -5.3296861e-02  -6.1375728e-02  -3.4515408e-01  -2.2072306e-01  -2.4497699e-01  -9.4310229e-02   1.6175838e-01  -2.3269728e-01  -5.5506281e-02  -2.1269185e-01  -1.6486652e-01   9.7781869e-02   2.2920369e-01   7.7805902e-02  -6.9259907e-02  -3.4721953e-01  -2.0020983e-01   3.0077717e-01   6.1935899e-02  -1.0621362e-01  -2.9781329e-01  -1.0182795e-01  -1.2115844e-01   4.6835685e-03   1.4897511e-01  -8.5033410e-02  -2.5461170e-01   8.5343832e-02  -3.6988299e-02  -1.7523465e-01  -1.2798393e-01  -3.8562089e-01  -2.1980459e-01   9.6607327e-02   7.8372745e-02   6.6737902e-02   1.0611680e-01  -6.9451018e-02   5.5213190e-03  -3.3015294e-02  -2.0088212e-01  -2.6354530e-01   1.3448448e-01  -6.3543491e-02  -1.7866843e-01   8.1569465e-02  -2.4920182e-01  -2.6534180e-01  -1.9347916e-01   7.1114815e-02   7.9535894e-02  -2.6655425e-01  -2.8743530e-01  -1.0266865e-01  -2.5140745e-02   1.3357991e-01  -2.4837867e-01  -1.7671460e-01  -1.7701066e-01  -3.9149418e-01  -1.5408372e-01  -3.1331133e-01   1.1904272e-01  -2.8927173e-01  -2.2498184e-01   2.2101406e-01   4.7536743e-01  -3.5607153e-01   2.0482745e-01   1.2081018e-01  -2.0653857e-01  -5.5846194e-02   4.6573437e-02   4.1978938e-01  -2.1094546e-01  -1.5739966e-01  -1.6657455e-02   1.4679541e-02  -2.9857308e-01  -1.5324292e-01   4.4635989e-02  -1.2550634e-01  -4.5316603e-02  -1.9406114e-01  -1.7387266e-01  -2.3127027e-01  -4.2047753e-01  -2.0097446e-01   8.9966336e-03  -1.9495908e-01   2.8345855e-01  -1.7099950e-01  -1.4903928e-01  -1.8576090e-01  -1.9563999e-01   3.5184247e-01   2.9760106e-01   1.5063372e-02   1.8874040e-01  -1.1325913e-01  -1.3668794e-01  -7.7016489e-02
   4.3842715e-01  -3.9780070e-01  -5.1876503e-01   2.2842004e-01  -2.1165223e-01   2.7119781e-02  -2.6294141e-02   3.5092617e-01   1.6335202e-01  -4.4836025e-01   1.5543197e-01  -4.9319394e-01   8.1399187e-02   0.0000000e+00   4.5855644e-02  -1.0475147e-01  -4.4272446e-01   3.6778132e-01   1.1486425e-01  -7.2042546e-02  -2.5281099e-01   4.0598148e-01  -7.2089175e-02   3.4944424e-01   8.9581397e-02  -4.5703762e-02  -1.8966125e-01   3.2332617e-01  -5.4571917e-02   1.3432101e-01  -3.0449720e-02  -2.2231544e-02  -3.6358038e-02  -6.7043040e-02   2.1847754e-01  -1.8246693e-01   1.4059199e-01  -1.2804274e-01  -1.3893452e-01  -4.7835450e-01   6.9002784e-02  -1.5962228e-01  -1.8376847e-01   7.1205004e-03  -8.1122048e-02   5.5017403e-02   6.1369839e-02   1.5841408e-01   6.2901760e-02  -4.4070251e-01   6.5140343e-02   1.3639951e-01  -1.6319158e-01  -3.4586005e-01   5.8415714e-01   5.5268354e-02   1.9093641e-01   1.1815048e-01  -1.8985307e-02  -2.2295956e-01  -3.8897378e-02   1.3263585e-01  -7.6775069e-02  -6.7639367e-02   3.2033671e-01  -1.0209402e-01   2.0890287e-01   1.6159909e-01   3.1435812e-01  -3.9470116e-01  -3.0198848e-01  -1.2546273e-02  -5.1865268e-02   1.9888146e-01  -9.2923638e-02   1.5896952e-01  -2.8477593e-01   2.4002489e-01  -2.3484137e-01  -1.0967512e-01   4.0040686e-01  -7.3259549e-02  -2.6129527e-01   3.0196179e-01   8.2080343e-02   1.8141449e-01   8.9593242e-02   3.1517496e-01   1.2089049e-01   1.2458547e-01  -1.7878248e-01  -1.8435369e-01  -1.4787895e-01   8.3899102e-02  -2.1549057e-01  -2.2293749e-01  -3.5542158e-02   1.0562116e-01   1.7429900e-01  -6.8992572e-02   5.1390492e-02  -6.9255520e-03   5.2568763e-01  -6.2639608e-02   7.8955915e-02   2.0017420e-01  -3.0135129e-01   1.3546870e-01   2.2934243e-01   4.4396401e-02  -3.6722835e-01   2.3237089e-01   2.7387499e-01   3.6581598e-01   4.6692248e-01  -1.9005231e-01  -4.0909352e-02  -9.8452892e-02   1.7505231e-01  -9.8784787e-02  -1.3238459e-01  -2.5898634e-01  -1.3777466e-01   1.5007180e-01   4.8973951e-03   3.8226881e-01   9.1174937e-02  -9.1494612e-02   1.7609367e-01  -4.5883615e-01  -9.6219990e-02  -2.2789217e-01   5.3433481e-02  -1.0237482e-01   5.7594579e-02   1.5696415e-01  -2.2247182e-01   5.2009639e-01   1.5242187e-03   1.5387794e-01   3.7854121e-01   2.1736386e-01   9.8416812e-02  -3.9079317e-02  -3.2775429e-02   3.3466589e-01   7.8790588e-03  -3.4879958e-02   1.4367120e-01  -5.0280324e-02   6.7310318e-02   5.9054518e-01  -2.8207572e-02  -1.2161986e-01  -4.2289877e-01   2.0595644e-01   1.9113750e-01   4.5683626e-02  -1.1240435e-01   3.8271748e-01  -1.7464719e-01  -2.1925081e-02  -2.5803106e-01   2.9344852e-01   1.2507017e-02  -9.4904881e-02  -6.1446648e-02   1.4006000e-01   1.6194828e-01  -2.6621396e-01  -8.3075798e-02  -7.2150143e-02   2.0484753e-01   1.0789297e-01   2.2763225e-02  -1.1341822e-01   3.1973411e-01
