   0.0000000e+00   5.1332180e-02   2.6148507e-02   3.7770919e-01  -2.6521289e-02   1.9864052e-01   2.0172662e-02   2.8072892e-01   3.0669845e-01   1.0924898e-01  -1.5717258e-01   1.4941258e-01  -3.0485699e-02   5.3828503e-01   2.5888696e-01  -5.9564791e-02  -8.3614909e-02   6.6366591e-02   1.2524743e-01   3.7360766e-02   8.7140119e-02   3.3925596e-01   4.6670299e-02   4.0194942e-01   2.0492871e-01   1.8993026e-01  -7.6900566e-02   6.3031173e-01   2.5238323e-01   2.1340323e-01  -1.8227328e-02   2.9281441e-01  -2.1891198e-01  -3.1362489e-03   3.5401079e-01  -1.2250783e-01  -9.3771362e-03  -9.6616743e-02  -2.5645231e-01  -2.5644269e-01  -1.2763203e-01   2.1438053e-01   2.1878134e-01   3.5141426e-01   3.2248962e-02   6.7272576e-01   1.0747339e-01   8.6768651e-02  -1.5361572e-01  -2.8525162e-01   2.7313010e-01   1.4161919e-01  -2.2035792e-01   1.7718630e-01   9.1270144e-02   1.9507616e-01   1.6779324e-01   1.7458003e-01   2.4802385e-01   4.5387798e-01   3.0046105e-01  -7.9321190e-03   2.6192873e-01   1.5284122e-01  -1.0209888e-01  -1.1602596e-02   1.8804685e-01   1.0463306e-01   1.4853577e-01   5.5278777e-01  -3.8793840e-02   1.5892234e-01  -2.8973589e-01   6.5921536e-01   3.0710270e-01   7.3570950e-02   2.6380748e-01  -4.9286293e-02  -2.6304961e-01   6.0815584e-02   3.2313897e-01  -8.5998723e-02  -3.6520912e-02   1.8554869e-01   1.5015384e-01   1.5103240e-01   3.4604529e-02   2.8311107e-01   1.4600858e-01   6.5167447e-01  -2.0636756e-01   2.2553185e-01  -8.5329066e-02   1.8185302e-01   1.1509591e-01   3.5137429e-03   2.3350314e-01   1.5187271e-01   3.6523610e-02   4.1105786e-02   2.3613359e-02   3.6765243e-01   1.5804809e-01   1.2467371e-01   1.7799605e-01   3.5368097e-01   4.9841138e-02   8.2472967e-02  -1.3317826e-02   1.3380639e-01   2.0518612e-02   3.3904333e-01   2.0873716e-01   5.6680035e-01   2.7658013e-01  -3.7752601e-01   5.6816883e-02   2.1035898e-02   2.1163135e-01   1.2814890e-01   3.5568100e-01  -7.5328018e-02   2.4404442e-01  -1.6973471e-01   5.2566750e-01   6.6707364e-01   3.9233412e-02  -8.5955584e-02   2.1058511e-01   1.0135920e-01  -1.9430577e-01  -1.1895607e-01   2.0100472e-01  -1.1510529e-01   2.6253794e-02   9.3654475e-02   1.0682008e-01   3.2148815e-01   2.9830976e-01  -1.7239595e-01   5.3275563e-01   1.0731561e-01   1.5307229e-01   4.8174158e-01   2.1672046e-01  -1.7448146e-03  -8.5200509e-02  -8.9275172e-02   1.6433773e-01  -5.8436038e-02   5.0901515e-01   3.7945644e-01   3.7503454e-01   2.5517697e-02   2.4496308e-01   8.9173596e-02   3.8501205e-01   3.0843876e-01   1.5070733e-01   2.7552645e-01   5.2917014e-02  -9.0548124e-02  -6.5078232e-03   2.0126314e-01   2.3276858e-01  -2.4766568e-01   2.2383802e-01   3.4879868e-01   5.3037145e-01  -8.7650393e-02  -1.8025934e-01   3.6169361e-02   1.0759080e-01   1.3324084e-01   2.5058620e-01  -9.8578843e-03   2.5762695e-01
   5.1332180e-02   0.0000000e+00   2.1435134e-01   1.2074082e-01   4.3947978e-01   4.0044927e-02   4.5492840e-01  -1.2076259e-01  -4.1333249e-02   7.6038920e-02  -5.5325329e-02   7.2985819e-01   1.1717969e-01   2.9093335e-01  -3.7898766e-02   2.1152425e-01   2.5498939e-01   3.7992550e-01   9.6415779e-02   3.1198357e-01   4.9586735e-01   1.0415629e-01  -2.3584696e-02  -2.1340561e-01   1.7234245e-01  -2.1672106e-01   5.1184533e-01  -1.3918345e-01  -1.6589525e-01   3.6741396e-01  -1.6179529e-01  -1.1071074e-01  -2.6105333e-01   5.7067716e-01   4.3175344e-01   9.4549794e-02   3.7367518e-01  -2.8240535e-02   4.8377383e-02   5.4051596e-01   3.1960138e-01   6.3227479e-02   9.9899390e-02  -1.4350893e-01   3.1656830e-02  -1.5122518e-01   1.1268986e-01   2.9018348e-01   5.7875091e-01   2.4633792e-01   5.9837581e-02  -2.7534625e-02   6.5604498e-01   1.4484321e-01  -9.3663025e-02  -3.3408523e-02  -7.5404272e-02  -1.5950513e-01   2.1394160e-01   3.0969444e-01  -1.7746172e-01   1.5704521e-01  -2.6430941e-01   1.1532743e-01   7.2389800e-01   5.0985326e-01   2.7906107e-01   3.4590712e-01  -5.7241764e-02  -2.1508037e-01   5.1855772e-01  -2.8341792e-01   3.0477193e-01   2.5388320e-01   1.1629957e-01  -2.9299440e-01  -9.5860120e-02  -1.7357705e-01   7.3844626e-01   2.5994941e-01   1.7892512e-02   3.6923173e-02   3.6256014e-01  -1.4628795e-01   6.0826988e-01  -3.1658160e-01   3.6614895e-01  -2.4894718e-01  -5.5433405e-02   6.0101659e-02   7.1693218e-01  -1.9943957e-01   4.9927986e-01  -9.5583748e-02  -2.2592337e-01   3.8906828e-01   6.1890234e-02  -6.1623090e-02   4.4759121e-01   1.5825158e-01  -1.2555897e-01   3.0730080e-01  -8.7512836e-03   3.9276966e-01  -3.3410348e-01  -4.3954640e-02  -1.2554167e-01  -2.8148302e-01   3.3761196e-01   5.3249792e-01   1.0390028e-01   9.5517247e-02  -1.4442371e-01  -1.6287529e-01  -1.6116195e-01   5.6266837e-01   9.7310972e-02   4.5872039e-01  -3.4660476e-01  -2.3132989e-01  -1.1742256e-01   6.0719211e-01  -3.1872855e-02   5.1286185e-01   3.0782722e-02   2.2014368e-01   2.8570890e-01  -5.1580312e-02  -2.3078653e-01  -3.0476437e-01   6.4108261e-02   6.2163966e-01   7.4408249e-01   1.9515517e-01  -2.6709024e-01  -2.8851239e-01   1.2723600e-01   4.8449883e-02  -8.5789740e-02  -1.5971687e-01  -9.7269143e-02   3.6292255e-01  -2.0037681e-01   1.2414658e-01   1.4432427e-01   5.1945197e-02   4.7209644e-01   5.1666943e-01   1.6061212e-01   6.6687048e-01  -1.2751791e-01  -4.4106852e-02  -2.8915373e-01   1.1456312e-01   1.4737212e-01  -5.1917404e-02  -1.8938110e-01   4.7665786e-01  -9.5509394e-02   1.2790392e-01  -1.5684738e-01   6.6722057e-02   4.9065470e-01   1.0117858e-01  -8.6799745e-02   6.6105228e-01   3.5049693e-01   9.4070194e-03   4.8050068e-03   6.3491036e-01   7.1724747e-01   4.5275456e-02   1.6721750e-01  -3.2567808e-01  -1.2604815e-02  -2.3631638e-01   1.3948341e-01
   2.6148507e-02   2.1435134e-01   0.0000000e+00   1.3721437e-01   2.4638161e-01  -1.7175951e-01   3.1494902e-01  -9.3637473e-02  -4.1345432e-02   3.6407736e-01   6.3269975e-02   3.1821646e-01   1.7072622e-01   2.1580239e-01   2.6936915e-01   1.3333791e-01   6.4445683e-01   4.7280833e-01  -2.7762350e-01   2.3289065e-01   2.6701468e-01   1.4454296e-01   2.5363796e-01  -1.1121231e-01   2.4792531e-01  -2.1333101e-01   2.3969469e-01   2.7173856e-01   2.4077862e-02   3.0218995e-01   4.1048241e-02  -1.6581364e-02  -2.6536539e-01   2.9208453e-01   1.9287016e-01   2.2309457e-01   3.0764974e-01   1.3141610e-01  -1.1634730e-01   3.9579334e-01   1.5948103e-01  -1.2746276e-01  -1.2219424e-02  -1.9329547e-03   1.3022235e-01  -4.9467259e-02   1.6881172e-01   1.6918971e-01   2.2885486e-01   3.7568792e-01   1.7804279e-01  -1.0858689e-01  -3.2940740e-02   2.1274998e-01  -1.3926468e-01   6.5854412e-02  -2.1370992e-01  -1.8121349e-01   2.0451847e-01   1.7423404e-01   2.1475574e-01   2.7480476e-01  -1.2684505e-01   1.7014995e-01   2.4637653e-01   2.9013377e-01   5.5697784e-02   4.0331604e-01   2.3296425e-01   1.8124392e-01   3.0866825e-01  -9.6936342e-02   1.0286446e-01   2.9472051e-01  -7.1874194e-02  -2.4757775e-01   3.4112772e-01   3.4488566e-02   2.4206009e-01   1.3112252e-01   2.0994453e-01  -4.3744289e-03   1.3881893e-02  -1.3125952e-01   2.3728311e-01  -3.0853373e-01   7.0486938e-02  -5.4708124e-02   3.4522339e-01   1.3611270e-01   1.4170535e-01   2.8106504e-01   2.7600212e-01  -5.3668398e-02   1.3883744e-01   4.0275856e-01   2.7280955e-01  -2.1624460e-01   1.9811297e-01   3.7098575e-01   6.1064627e-02   4.1337121e-01   1.0020406e-02   3.7960081e-02  -1.1848036e-01   4.1425010e-02   1.6541623e-01  -1.6395454e-01   1.6618197e-01   1.7060451e-01   1.5170619e-01   1.7966909e-01   9.6290301e-02   7.4309708e-02   1.5355099e-01   6.3174025e-02  -1.2412633e-01   2.2518458e-01  -8.7549583e-02  -8.7491681e-02   2.5617824e-01   3.9411567e-01  -3.5439875e-03   1.7549153e-01  -8.4759096e-03   2.0007821e-01   4.1816165e-01  -1.5364329e-02  -1.7038561e-01   1.8551320e-01  -2.8270036e-01   1.5186464e-01   1.1920643e-01   3.3013722e-02  -1.0821841e-01  -1.6430937e-01   1.0377138e-01   1.8631011e-01  -1.7254107e-01  -1.0115194e-01   3.6761500e-03  -4.9682131e-02   1.1483799e-01   9.2175901e-02   3.0864349e-01   6.9059057e-02   4.8109849e-01   8.4752031e-02   3.0666820e-01   2.9537563e-01   2.4942530e-01   3.1005258e-02   3.4457837e-02   4.1649899e-02   5.8249345e-01  -1.4074827e-01   2.9988179e-01   2.8474553e-01   1.5618312e-01   7.1127952e-02  -1.0430783e-01  -5.1929480e-02   2.6502892e-01   2.6246149e-01  -3.4041573e-02   2.2530455e-01   2.9048488e-01  -2.7675237e-02  -1.8300500e-02   1.3157861e-01   2.3588456e-01   2.3986940e-01   2.5306083e-01  -4.8407843e-02  -4.9730492e-02  -8.9855519e-02   1.5275286e-01
   3.7770919e-01   1.2074082e-01   1.3721437e-01   0.0000000e+00   2.3152536e-01   2.9106230e-01   1.1634980e-01   4.5734369e-01   4.9653773e-01   4.8045401e-02  -1.1221292e-01   2.0210963e-01  -2.1725624e-01   3.8363989e-01   1.7147893e-01   5.8404263e-02   1.3049938e-01   4.8622913e-01   1.9001869e-01   2.7904294e-01   4.2504247e-01   4.4698845e-01   1.6730580e-01  -6.7525565e-02   4.5425601e-01   3.4311418e-01  -1.6391585e-01   2.6033107e-01   4.0567609e-02   2.0567125e-01   1.4670900e-01   4.5386283e-01  -7.9366389e-02   8.0586006e-02   3.7428343e-01   5.3817156e-02  -6.9302939e-02  -2.3117528e-01  -9.8241359e-02  -1.0835502e-02  -1.2901816e-01   2.0053769e-01   4.1007742e-01   4.0829405e-01  -1.2017209e-01   1.6013941e-01   1.7686699e-01   7.4799538e-02  -1.0313604e-01  -2.3385729e-01   4.5743914e-01   2.1744861e-01  -8.7926443e-02   3.5903627e-01  -2.3347630e-03   1.3166988e-01   2.4842429e-01  -5.2287646e-03   4.3977325e-01   3.7731519e-01   4.0763139e-01  -3.1102313e-02   1.4569581e-01   2.3243341e-01   8.0196747e-02  -8.0886501e-02   3.9288281e-01   5.8283139e-01   2.9396172e-01   1.6589069e-01   2.5191663e-01   1.2467876e-01  -1.5816408e-01   3.9835882e-01   4.0846250e-01   1.9455025e-01  -6.2911576e-02   1.4736254e-01  -2.5563080e-03   4.6764117e-01   3.1789793e-01   4.7433663e-02   1.7874083e-01   4.3291499e-01   3.5050157e-01   4.0362680e-01   6.3068241e-02  -2.3235506e-02   4.6135933e-01   4.9515669e-02  -5.4500822e-02   1.8413479e-01   9.1150522e-03   3.0678788e-01  -2.9748123e-04   9.6669838e-02   2.9197332e-01   2.2841753e-01   5.3504137e-01   1.7828186e-01   1.9413425e-01   3.2171558e-01   1.6599160e-01   2.8617834e-01   4.1659512e-01   7.9463450e-01  -2.5062814e-01   4.4841868e-01   1.8087079e-01   1.8990045e-01  -3.4088292e-02   3.7183840e-01   5.3546903e-01   1.5847732e-01   1.0494586e-01  -1.8372380e-01   1.5005547e-01   2.0678833e-01  -1.5962723e-02  -3.6094433e-02  -9.7511028e-02   3.0575717e-02   4.3117857e-01   1.0452395e-01   8.2489414e-02   3.9677722e-01   9.5600510e-02   3.2954291e-01   4.2053363e-01   2.0832419e-02  -2.6691480e-01   5.5022916e-02   2.5135142e-01   1.6152782e-01   1.8000013e-02   2.1930689e-01   4.1459694e-01   3.0207886e-01   4.1048137e-01  -2.1545993e-01   3.0770287e-01   1.8910884e-01   2.8970843e-01   3.0861594e-01   3.5465204e-01   2.9332542e-01   1.0789989e-01  -8.9533492e-03   4.9876724e-02  -3.8871908e-02   1.4877261e-01   1.6798640e-01  -1.1341087e-01   2.4834200e-01   4.1608959e-01  -2.4947152e-01   4.0713377e-02   3.3597782e-01   4.0280699e-01   2.6783182e-01  -1.7345099e-01   9.6676192e-04   1.2250473e-01   6.1485600e-01   3.7619177e-02  -9.7344278e-03   9.3514695e-02   3.2819405e-01   4.3326186e-01   1.3924203e-01  -2.1796225e-02  -2.0302380e-01   5.0289605e-01  -1.7621160e-01   5.0936562e-01   2.7742936e-01   7.2875617e-01
  -2.6521289e-02   4.3947978e-01   2.4638161e-01   2.3152536e-01   0.0000000e+00  -3.8538117e-02   2.3286497e-01  -2.4332943e-01  -1.9933527e-01   8.4626998e-02   1.3112224e-01   2.8993518e-01   7.8492028e-02  -1.4932001e-02   1.4378790e-02   2.1678763e-02   5.0031284e-01   4.1855389e-01   1.0035325e-01   7.0409017e-01   2.9197095e-01  -1.2062776e-01   2.7579632e-02  -3.5150567e-01   2.1986911e-01  -1.5363669e-01   2.9244353e-01  -1.0881969e-01  -1.8064388e-01   1.1925857e-01  -1.6843402e-01   9.3331701e-02  -5.3647618e-03   3.5786188e-01   3.3399395e-01   6.6054230e-01   1.8408858e-01  -3.7312893e-02   1.3605476e-01   4.9284715e-01   2.7486632e-01  -3.4822220e-01   1.1857866e-01  -1.3119034e-01   7.2124602e-02  -1.7528243e-01   2.7604104e-01  -3.1327902e-02   3.7640833e-01  -6.7998754e-02   2.6152663e-01  -6.0855446e-02   3.0950560e-01   3.5055180e-02  -2.7300918e-01   8.3030520e-02   1.7514162e-02  -2.9042311e-01   4.8719677e-01   7.7259317e-02  -1.4918009e-02   1.4796702e-01  -2.3384001e-01  -1.1803574e-02   3.2334957e-01   4.9790415e-01   2.1657931e-01   3.1283446e-01   2.9660265e-02  -2.9033915e-01   4.3522315e-01  -1.3549345e-01   4.4805283e-01   4.9209122e-02  -5.4329562e-02  -2.5653410e-01   1.4287671e-03  -8.7213953e-02   5.9633499e-01   6.5579170e-01  -2.8679009e-02  -9.5825216e-02   3.5627742e-01  -2.7841064e-01   2.7678595e-01  -1.4740181e-01   1.2290014e-02  -4.2145131e-01   1.4143792e-01  -1.0155787e-02   4.5438428e-01  -2.5589768e-01   3.9879148e-01   7.9991517e-03   5.9740319e-02   7.1856215e-01   2.2545275e-01   1.2123662e-02   5.6131168e-01   8.3830186e-02  -4.7186792e-02   1.8966104e-01  -3.0871407e-01   5.5900868e-02  -4.6271600e-02   3.8779623e-03  -1.4341130e-01  -8.1748464e-02   9.2549001e-02   3.4048823e-01   1.1765534e-01  -4.8536060e-02   8.3231244e-02  -5.9843994e-02  -2.1155724e-01   4.7197231e-01   1.4207247e-01   3.8979338e-01  -2.5142709e-01  -1.4893255e-01   1.8395159e-02   5.6435958e-01  -1.2558630e-01   1.1073289e-01   4.9052563e-03   3.0008078e-02   2.2948538e-01   2.5165665e-01  -1.8841663e-01  -1.4797467e-01  -1.9369053e-01   4.4430850e-01   1.6913915e-01  -5.4642458e-02  -1.1360953e-01  -2.4032709e-01  -1.5641140e-02  -9.1547038e-02  -8.9193683e-02  -5.8562700e-02  -7.7523330e-02   1.6573784e-01   5.6123000e-02  -1.1975623e-02   1.1081375e-01  -1.1930343e-01   2.6235657e-01   4.1210032e-01   3.2088632e-01   3.3382055e-01  -1.7062867e-01  -3.7316486e-01  -8.0475592e-02   2.0123838e-01   2.6331203e-01  -2.8620557e-01   5.6190724e-02   3.7540003e-01   1.6269885e-01  -3.8524677e-02  -3.5358176e-01   1.6708072e-01   4.7520972e-01   6.4948434e-02  -4.6483434e-02   4.7811411e-01   2.1474333e-01  -1.1344393e-01   4.5866986e-02   5.0911760e-01   5.2229228e-01  -5.4004724e-02   1.5679612e-01  -3.2787893e-01  -2.0516259e-01   3.6288630e-01   8.1718170e-02
   1.9864052e-01   4.0044927e-02  -1.7175951e-01   2.9106230e-01  -3.8538117e-02   0.0000000e+00   1.2442136e-01   5.8634200e-01   5.0501017e-01   1.5093890e-05  -1.3857596e-01   2.9966523e-01  -3.7003776e-01   7.2365146e-02   1.3321884e-01  -1.7600558e-01  -2.4327945e-01  -5.9121679e-02   5.9965831e-01  -1.3948455e-01   2.2181317e-01   1.1331590e-01  -2.6807388e-01  -3.2101328e-01   2.4531602e-01   6.8962983e-01   7.9774764e-02   1.3999545e-01   2.6731120e-01  -8.1775289e-02  -5.4157748e-03   5.5605753e-01   4.1131772e-03   1.3206387e-01   3.7519898e-01  -1.0902025e-01  -3.8708734e-01  -6.0154356e-01  -4.1709739e-01   8.3457808e-03  -4.4510179e-01   2.3230558e-01   5.6024166e-01   9.1855432e-02   1.9187161e-01   4.3544127e-01  -2.6044176e-02  -4.8048891e-02  -2.1834502e-01  -2.7498605e-01   2.3927455e-01   6.8849961e-01  -1.5548058e-04   3.2112901e-01  -1.5797526e-01   6.6360552e-02   7.4736337e-01   3.8572512e-01  -1.0753056e-01   4.3696405e-01   1.9704314e-01  -3.5573214e-01   4.7683728e-01   1.7468530e-01  -1.8109590e-02  -2.0809952e-01   7.3873733e-01   1.2764178e-01   7.6131436e-02   1.5725340e-01  -1.4995253e-01   4.5428171e-01  -2.0440147e-01   2.7986584e-01   4.2996585e-01   5.4522505e-01  -4.8395009e-01   1.1948431e-01   3.9268672e-02  -1.6201274e-01   1.5090949e-01   1.9070044e-01   2.2264674e-02   5.1810761e-01   1.6476074e-01   5.8501956e-01   1.2938299e-01  -2.8170505e-01   1.7571837e-01  -3.4086061e-02  -1.8457896e-01   2.1236526e-01   1.5573581e-01   6.0438807e-01  -3.3363642e-01   1.1212635e-01   1.5482531e-01   7.6505783e-01  -1.7355445e-02  -1.4165145e-01  -2.2680367e-02   2.5284106e-01   3.2240182e-01   3.0600510e-01   4.8969425e-01   4.3099730e-01   1.6844190e-01   6.7745482e-01  -1.0130458e-01   4.6494964e-03   7.8765663e-02   2.1983112e-01   4.7927022e-01  -1.5467380e-01  -1.7767851e-02  -1.3253445e-01   3.7199499e-01   6.2117118e-02   5.0718516e-02   2.1371264e-01  -2.1954713e-01  -3.2569562e-02   6.2328388e-01   5.6735986e-02   3.8385492e-01   2.7951968e-01   1.2187686e-01  -1.4185927e-01   5.3777099e-01  -4.6771778e-02  -1.5913013e-01   1.3728438e-01   2.0716520e-01   1.6187768e-01   3.6027169e-01   5.5668068e-01   3.4195935e-01  -1.6490854e-01   7.3551896e-01  -1.9269074e-01  -1.4194946e-01  -1.6373155e-01   2.9191908e-01   4.4237552e-01   2.4903464e-01   2.4517784e-01   1.3792361e-01  -1.3769373e-01  -1.2657791e-01  -1.7274270e-01  -5.9992383e-02   1.0487628e-01   1.8411962e-01   2.3048945e-01   3.1655611e-01  -3.2068445e-01  -1.3131413e-01   2.3781247e-02   2.9951656e-01   3.5528724e-01   3.9091969e-01   3.0180190e-01  -1.6777466e-01   3.0539022e-01   4.7163485e-01  -7.3538654e-02   1.6707073e-01   3.2887890e-02   2.5624139e-01   2.5343589e-02  -1.2280156e-01  -6.3512566e-01   5.4650911e-02   2.3732386e-01   4.4022029e-01   1.1136763e-01   2.4277347e-01
   2.0172662e-02   4.5492840e-01   3.1494902e-01   1.1634980e-01   2.3286497e-01   1.2442136e-01   0.0000000e+00   8.6193755e-02  -3.5546637e-02   2.6682404e-01   3.1917669e-01   6.5672495e-01   2.9575583e-03   9.0396311e-02   4.8683822e-01  -1.5226841e-02   2.0309752e-01   4.5203486e-01  -6.6184413e-02   1.3707102e-01   4.4734613e-01   3.1158363e-01   3.5677028e-01  -3.5743372e-01   2.0224049e-01   5.9201169e-02   2.4162124e-01   2.5644685e-01  -9.8979127e-02   4.8475888e-01   2.2862442e-01   1.4876193e-01  -3.6201560e-01   5.8189513e-01   3.4699205e-01   2.0428124e-01   2.0860269e-01  -1.7133606e-01  -2.5058012e-01   4.9762655e-01   6.7347555e-02  -5.9751070e-02   2.3363239e-01   1.7555810e-01   3.3478339e-01  -7.4755525e-02   1.6498284e-01   5.0315790e-01   3.1394121e-01   4.2730826e-02   4.4155519e-01   3.0889947e-01   2.4476880e-01   3.5764693e-01  -9.0845994e-02   4.7284711e-01   6.4925088e-02   9.3864560e-02   3.9528969e-01   4.6754482e-01   7.1082267e-03   5.9387347e-02  -2.5881721e-02   3.0223130e-01   4.3226487e-01   4.7898360e-01   2.9221731e-01   1.3480064e-01   2.2346096e-01   9.9654873e-02   4.0567873e-01   4.5341011e-02   2.0649780e-01   3.7818244e-01   9.4270295e-02  -1.6154638e-01  -6.1354970e-02  -5.6708645e-02   2.7410384e-01   1.6270707e-01   5.9676545e-01  -2.1255325e-01   4.0421458e-01  -9.6886552e-02   3.5785956e-01  -1.8460176e-01   1.2360570e-01  -2.8910964e-01   1.0751300e-01   1.5336388e-01   2.0174674e-01  -4.6278196e-02   4.2859534e-01   1.8659425e-01  -1.4434261e-01   1.1277510e-01   9.1596647e-02   1.1312486e-03   2.8103865e-01   3.3504614e-01   1.8244211e-01   6.2337120e-01   1.5004399e-01   2.9168523e-01  -3.4997488e-02   1.6869085e-02  -8.2224944e-02   9.0514671e-02   2.2147272e-01   3.4684753e-01   3.6425669e-01   3.7347526e-01   1.4053427e-01  -6.9917342e-02   4.0479188e-01   5.5750088e-02   2.0271301e-01   3.9682108e-01  -6.9642025e-02  -6.5866317e-03  -7.9263124e-02   2.5998504e-01   5.5429468e-02   3.4518885e-01   3.5012735e-02   4.1081132e-01   5.6769338e-01   1.2376867e-03  -1.5170476e-01   1.9029403e-01  -3.8008680e-01   3.8549793e-01   1.9779771e-01   2.3961807e-01  -2.9985378e-02  -9.6640258e-02   1.4454878e-01   1.6996221e-01   2.2661116e-01  -1.6537841e-01  -1.4756947e-01   1.0126625e-01   3.0531401e-01   1.0098371e-01   5.3448556e-01   3.0259383e-01   7.0146442e-01   1.8043017e-01   3.6938544e-01   4.0422707e-01   2.6904432e-01   1.8277360e-01  -5.2739213e-02   3.8508723e-01   3.6572725e-01  -3.4134166e-01   3.7842935e-02   5.2120350e-01  -8.9573989e-02   5.6586937e-01   1.4803573e-02   3.3991381e-01   3.6613755e-01   3.4211901e-01   1.5408857e-01   2.8003331e-01   2.2552952e-01  -4.0218909e-02   3.6401959e-02   4.7051243e-01   2.4231890e-01  -1.4233054e-01  -7.0362559e-02  -2.8361846e-01   6.3038649e-02  -2.4018111e-02   7.3899531e-02
   2.8072892e-01  -1.2076259e-01  -9.3637473e-02   4.5734369e-01  -2.4332943e-01   5.8634200e-01   8.6193755e-02   0.0000000e+00   6.6135088e-01   3.7079659e-02  -1.6389375e-01   1.4526527e-01  -2.4793997e-01   2.4529642e-01   2.5744912e-01  -1.7968163e-01  -1.5645265e-01  -7.9285650e-02   3.7674540e-01  -2.3828577e-01   1.7540960e-01   5.3048726e-01  -9.7369847e-02  -2.9369288e-02   3.2482338e-01   6.0640878e-01  -2.6696869e-01   3.1368609e-01   2.2429139e-01   8.1226419e-02   2.0510782e-01   4.3086973e-01   9.6440499e-03  -1.3875845e-01   2.5290211e-01  -2.9097403e-01  -4.5104449e-01  -5.5825514e-01  -3.4881843e-01  -3.1591055e-01  -4.6342891e-01   1.9243796e-01   4.6680756e-01   5.1967399e-01  -3.5638179e-03   3.3167010e-01   1.4719945e-02   1.8957061e-01  -3.5943857e-01  -2.7375413e-01   2.5737266e-01   4.5877976e-01  -3.1781896e-01   1.7288606e-01   1.0719839e-01   2.6442516e-01   4.2826655e-01   5.0892869e-01   1.5693468e-02   4.8952149e-01   2.5658534e-01  -2.9340033e-01   5.6163471e-01   3.4173424e-01  -2.4637536e-01  -2.7319441e-01   4.2577841e-01   1.3090609e-01   2.2483664e-01   4.5683378e-01  -2.2652386e-01   4.2969555e-01  -3.7177906e-01   3.9400906e-01   2.7699627e-01   6.7250148e-01  -2.8207473e-01   3.2181980e-01  -3.3055001e-01  -1.5790201e-01   3.8023693e-01   5.7341323e-02  -2.6793306e-02   7.1995509e-01   1.5514892e-01   6.6296041e-01   4.1011860e-02  -4.8951387e-02   2.7408784e-01   1.3646636e-01  -3.5268680e-01   2.8115037e-01  -8.6699571e-02   5.4389049e-01  -2.8767625e-01  -1.6217897e-01   1.5530460e-01   5.1709497e-01  -1.4136997e-01   2.3559593e-02   1.0632859e-01   2.4501844e-01   6.5576173e-01   3.0304796e-01   6.3310357e-01   5.4865507e-01   1.5564346e-02   6.4971292e-01   2.0969749e-02   8.6344853e-02  -2.3449828e-02   4.4586760e-01   6.0785824e-01   4.1068066e-02   2.8915923e-01  -4.6293227e-01   3.2213404e-01  -7.3887564e-02   3.5715366e-01   2.1569479e-01  -1.2412516e-01  -2.4584910e-01   5.1545521e-01  -6.0212003e-02   2.5326427e-01   4.6988692e-01   1.3779630e-02   2.1481168e-02   7.3840015e-01   2.3033023e-01  -1.8654967e-01  -2.2337797e-01   1.1979225e-01   1.0519694e-01   3.2427428e-01   5.7361076e-01   3.0015908e-01   2.1603828e-01   7.3405657e-01  -1.5475365e-01   6.8472762e-04  -2.5370928e-02   4.5208772e-01   4.0249480e-01   3.9804315e-01   4.7941407e-01  -5.3215269e-02  -2.6611345e-01   1.3950188e-02  -3.6238891e-01   2.5675730e-01   5.8066417e-01   1.7343151e-01   1.3306667e-01   2.7722366e-01  -1.8707760e-01  -8.3357608e-02   1.9698221e-03   1.4802909e-01   4.8939636e-01   3.9813972e-01   2.0680793e-01  -2.5729546e-01   5.1924925e-01   3.9494841e-01  -2.9003827e-01  -4.5822447e-02   1.3743859e-01   1.9599364e-01  -2.1363803e-01  -2.8133646e-01  -4.7728676e-01   1.5347335e-01   1.0598464e-01   4.7943361e-01   9.1931112e-02   3.3898618e-01
   3.0669845e-01  -4.1333249e-02  -4.1345432e-02   4.9653773e-01  -1.9933527e-01   5.0501017e-01  -3.5546637e-02   6.6135088e-01   0.0000000e+00  -2.3339687e-02  -1.7142809e-01   1.1875291e-01   2.2472849e-02   4.3925753e-01   1.5414799e-01   1.2932093e-01  -2.2996484e-01   2.0099461e-01   3.8773070e-01  -4.2702053e-02   3.0022150e-01   5.4039443e-01   2.8576412e-02  -3.7291494e-02   2.7900722e-01   4.9306098e-01   1.0129435e-02   2.5263329e-01   9.1563751e-02   6.8981209e-02   1.6748141e-01   4.8926269e-01  -1.4208563e-01  -2.0805493e-02   3.2207109e-01  -3.3772838e-01  -1.1697969e-01  -2.7323972e-01  -2.8920817e-01  -3.3284298e-01  -1.2727587e-01   5.3736768e-01   4.5772671e-01   1.6099583e-01  -2.7566301e-02   3.1628704e-01   5.0759262e-02  -2.1602679e-02  -8.4181424e-02  -3.2608744e-02   2.7127826e-01   4.2293546e-01  -2.0849821e-01   3.5330468e-01  -1.2730871e-01   3.0343661e-02   3.8041981e-01   1.9184275e-01  -1.5678056e-01   4.2843016e-01   2.7172321e-01   2.6033135e-02   5.6499300e-01   3.2198211e-01   2.8953013e-03  -1.2141515e-01   3.6482800e-01   4.5441314e-01   2.0456256e-01   2.0377736e-01  -2.0667145e-01   1.5449962e-01  -3.4317210e-01   3.6819773e-01   3.9981230e-01   6.5750344e-01  -9.2271684e-02   2.3776382e-01  -1.5397289e-01  -1.2032817e-01   1.4978386e-01   2.5398648e-01  -1.3530744e-01   4.6684215e-01  -1.6453809e-02   5.1273622e-01   2.1356475e-01  -1.4526430e-01   4.1494201e-01   1.2564646e-01  -1.9674161e-01   4.9795931e-01  -1.8334103e-02   5.4182744e-01  -1.5574781e-01  -1.3264195e-01   2.0317288e-01   4.3340043e-01   1.0446123e-01   8.4986611e-02  -1.1258035e-01   2.9789204e-01   3.4758954e-01   5.6025600e-01   3.4946117e-01   6.9200976e-01   3.9097224e-02   4.7405892e-01   2.3097373e-02  -1.6931489e-02  -1.8663243e-01   2.7560798e-01   6.0922581e-01  -3.0872948e-03   1.8539031e-02  -2.5617779e-01   2.1792372e-01   1.1741153e-01  -2.6727064e-02  -4.7773917e-02  -3.7684345e-02  -7.3123702e-02   6.1155120e-01   7.9779870e-02   3.7053632e-01   3.9711921e-01   1.1478368e-01  -1.2527891e-01   8.1998602e-01  -1.4312550e-01  -1.0665174e-01  -1.9528876e-01   1.5914910e-01   1.5407904e-01   1.6492303e-01   6.4784108e-01   4.9066097e-01  -1.8626243e-02   6.1006209e-01   1.7833795e-02   2.2481953e-01   5.2862422e-02   3.1666364e-01   3.6189426e-01   2.4357298e-01   5.0114962e-01  -1.0875497e-01  -1.2873720e-01   2.4624530e-02  -1.1875006e-01   1.1451010e-01   2.0884353e-01   1.0416562e-02  -2.1966999e-03   1.5482481e-01  -6.4762169e-02   2.3130110e-02  -3.6878157e-03   2.0547165e-01   2.7418149e-01   3.5830802e-01   1.6098160e-01  -1.4505321e-01   5.9660308e-01   3.1800997e-01  -1.5990793e-01  -1.7286786e-02   1.9368113e-01   1.7474468e-01  -1.5896900e-01  -1.0567361e-01  -1.9785354e-01   5.0952820e-01   6.5417488e-02   3.7495873e-01  -1.1902306e-01   6.4930397e-01
   1.0924898e-01   7.6038920e-02   3.6407736e-01   4.8045401e-02   8.4626998e-02   1.5093890e-05   2.6682404e-01   3.7079659e-02  -2.3339687e-02   0.0000000e+00   2.4706609e-01   8.7124048e-02  -8.0181523e-02  -1.1993245e-01   1.3379487e-01   2.8149436e-01   1.5231563e-01   3.1316785e-01  -1.7885358e-01  -1.0918602e-02   1.4652986e-01   1.4816403e-01   2.5350964e-01   1.5164704e-02   1.0030563e-01   8.7691697e-02   1.9370112e-01   1.3743602e-01   1.0065726e-01   2.1351368e-01   3.9852850e-03   6.8445709e-02  -1.8393692e-01   3.2489764e-01  -6.6546131e-02   1.7816978e-01   3.4023952e-02   6.5877484e-02   1.2299189e-02   1.2028357e-01  -1.7145464e-02   2.2450902e-02  -2.0385550e-02   1.9441650e-01   2.5633158e-01   9.6110109e-02   3.3235840e-01   5.6583302e-02  -6.9679881e-02   1.0191535e-01   2.1861572e-01   6.5125514e-02  -1.3886936e-03   2.3390460e-01  -8.4268306e-02   2.6872599e-01  -1.5262421e-01  -1.0008247e-01   1.1390926e-01  -4.9287532e-02   9.7503353e-02  -9.8262014e-02  -8.8955684e-02   2.3503942e-02   1.7692434e-01   3.9076757e-01   9.3001920e-02   1.9672467e-01   3.5259146e-01   1.9598494e-01   2.7456714e-01  -1.5460113e-01   8.3400862e-02   2.1284244e-01  -2.3742074e-02  -1.9725286e-01   2.0294113e-01   1.9021428e-01  -3.4906536e-02  -2.5357461e-02   1.9998689e-01   1.6255389e-01   3.0173413e-01   1.0506864e-01  -3.3486421e-02  -1.3218729e-01  -2.4987575e-01  -2.2932533e-02   1.1458818e-01  -5.2889453e-02   9.2454093e-02   2.1375354e-01   2.7012018e-01  -9.1119835e-02  -3.7876331e-02   3.3145786e-01   2.0679353e-01  -1.8173448e-01   1.3119653e-02   3.5831476e-01  -2.5475004e-02   2.2358923e-01  -5.8996279e-02  -7.6028557e-02  -1.0347537e-01   5.6575572e-02   1.2935250e-01  -4.9495637e-02  -1.5502674e-01   3.8656643e-01   3.0586789e-01  -3.4196808e-02   5.7959128e-02  -8.4905367e-02   9.9430395e-02  -7.3858862e-02  -1.7538684e-01  -1.6513232e-02   2.4784008e-02  -9.3773513e-02   6.3333541e-02   3.2945246e-01  -1.5335250e-01  -5.9696302e-02   1.9677565e-02   1.5303682e-01   3.5328413e-01  -1.5978920e-01  -1.2281490e-01   2.2156338e-01  -1.6319648e-01   1.0117719e-01  -1.1366558e-01  -6.5073758e-02  -2.2475951e-01  -4.8112937e-02   7.8365575e-02   1.3131939e-01  -1.3179283e-02  -1.0489373e-01  -1.3594318e-01  -2.7783885e-01   1.1604850e-02   5.5455287e-02   8.6845835e-02  -8.9381597e-03   3.0097935e-01   2.7127872e-01   5.8458537e-01   6.0656604e-02   4.3400604e-02   6.5277607e-02   1.1469156e-02   1.4576640e-01   2.5791674e-01  -1.4349991e-01   9.6549462e-02   3.3288205e-01  -4.9111615e-02   7.7368944e-02  -1.3714594e-01  -6.1132638e-02   4.3891388e-01   1.6085428e-01   2.2427700e-02  -4.5101766e-02   1.1074388e-01   1.6151303e-02   8.2996193e-03   1.4417057e-01   1.2248035e-01   1.5019922e-01   2.2064823e-01   8.5465229e-02   5.4483042e-02  -1.5064294e-01   1.6484720e-01
  -1.5717258e-01  -5.5325329e-02   6.3269975e-02  -1.1221292e-01   1.3112224e-01  -1.3857596e-01   3.1917669e-01  -1.6389375e-01  -1.7142809e-01   2.4706609e-01   0.0000000e+00  -1.6270123e-01   7.5856532e-02  -3.6137981e-01   5.0669571e-01   9.6665529e-02   5.6573999e-02   2.1257517e-01  -3.3688092e-02   8.8934007e-02   1.3996412e-01  -1.6217190e-01   6.4089451e-01  -2.7021282e-01  -5.7737493e-02   6.1460948e-02   3.1953401e-02   1.6411127e-01  -3.2159450e-01  -1.7457785e-01   4.7744117e-01   2.8668782e-01   6.9347150e-02   4.0165158e-01  -4.5914100e-02   4.1167522e-01   1.0794961e-01   6.5193544e-02   1.6468050e-01   2.3707552e-01   1.8669425e-01  -9.5794455e-02  -3.9374121e-02  -8.3065779e-02   3.5958566e-01  -1.0919203e-01   1.7587574e-01   1.0052720e-01   2.4434504e-02  -2.5389539e-01   1.5246724e-01   1.0795002e-01   2.2753688e-01   1.8727486e-01  -1.4008969e-01   2.3998361e-01  -1.1809143e-02  -1.2792711e-01   2.3890648e-01  -5.9995799e-02   2.4009270e-02   3.8775720e-03  -3.2334069e-02   2.9740588e-01   2.9631336e-01   1.9939767e-01  -2.0872852e-01   1.5296365e-02   1.9368897e-01  -9.5063793e-02   4.6404688e-01  -1.0185410e-01   3.3946706e-01  -2.4243028e-01   3.8204923e-05  -5.5490404e-02   1.3346413e-01  -7.3064445e-02  -3.3784801e-02   1.3655798e-01   2.6864942e-01  -1.0602534e-01   3.7954072e-01  -1.4564448e-01  -1.7941075e-01  -7.2197616e-02  -1.9858855e-01  -3.0475965e-01  -1.3096611e-01  -1.2155917e-01   4.2767632e-03   1.0842238e-01   1.3940788e-01   1.7347787e-02   9.2639010e-02  -9.8082261e-02   1.0649702e-01   3.9107919e-02   1.0321167e-01   3.5048706e-02   4.3173738e-01   2.3339773e-01  -3.0847177e-01  -9.9402535e-02  -7.9646074e-02  -5.2685224e-02   2.4244921e-02  -3.9969404e-02  -5.6666664e-02  -9.4302813e-02   5.5251706e-01  -1.9859252e-01  -3.1603951e-02  -5.3005106e-02   3.2212499e-01  -1.3207786e-01   1.6360294e-01   2.6060086e-01  -3.4437549e-01  -1.2139995e-01   6.9939283e-02  -1.6985729e-03  -1.8857808e-01   3.7115269e-01  -1.7244537e-01  -1.4040553e-01   2.8006430e-01   1.1079378e-01  -1.6623124e-01   8.2955440e-02  -9.5396670e-02   3.2052132e-01  -2.9627767e-01   4.1265062e-01  -7.1316708e-02  -1.9922439e-02  -2.5070424e-03  -2.4856299e-03   2.8615577e-02  -3.4060364e-03  -2.9256955e-01  -1.2373423e-01   3.5883910e-01  -5.2574735e-01   3.1626255e-01   1.8335779e-01   2.2810413e-01  -3.4562422e-02   2.2140204e-01   1.2728381e-01   1.0827915e-01  -1.0489413e-01   5.6617222e-02   3.9618773e-01  -4.6578893e-02  -3.3471812e-01   1.5568797e-01   2.7155823e-01   2.9850444e-02   7.3609848e-02  -1.5538210e-01   5.1682413e-01   3.0634148e-01  -3.1380196e-02   1.6637012e-01  -1.1599174e-01  -6.2757450e-02  -1.2721088e-01  -1.4241551e-01   5.4511791e-02  -1.2335462e-01   5.7571380e-02  -8.7952043e-02  -3.8342493e-01  -1.6955483e-01   1.4326250e-01  -8.3423576e-02
   1.4941258e-01   7.2985819e-01   3.1821646e-01   2.0210963e-01   2.8993518e-01   2.9966523e-01   6.5672495e-01   1.4526527e-01   1.1875291e-01   8.7124048e-02  -1.6270123e-01   0.0000000e+00  -2.1147021e-02   3.6055085e-01   2.2069684e-01  -2.6998893e-02   2.2438818e-01   2.9909836e-01   2.1381050e-01   1.5252509e-01   3.7839426e-01   2.0776509e-01  -3.4639293e-02  -2.8635906e-01   2.7022659e-01   8.8892225e-02   3.8506711e-01   1.4965926e-01   2.8940525e-02   3.8254270e-01  -1.0441159e-01   1.0724714e-01  -3.0946973e-01   6.3706145e-01   6.4803838e-01  -3.5550303e-02   1.9542625e-01  -2.3297075e-01  -3.1217392e-01   5.2106142e-01   3.3938014e-02   1.0190556e-01   4.3807295e-01   1.4263353e-02   1.7866148e-01   5.8941420e-02  -7.1204352e-02   3.3654030e-01   4.3368334e-01   2.2118925e-01   2.7518328e-01   3.4623930e-01   4.1140501e-01   3.0730695e-01  -6.4304591e-02   2.5159183e-01   1.7503511e-01   1.9827207e-01   2.0706970e-01   6.6029196e-01  -3.7719606e-02   6.5358655e-02  -1.4693392e-02   1.7582915e-01   4.4781608e-01   3.8134316e-01   4.9026154e-01   2.3111447e-01   3.8047938e-02   2.7600741e-02   3.1860503e-01   4.6526412e-02   1.5377353e-01   4.7032349e-01   2.9587557e-01  -9.9502420e-02  -1.6437654e-01  -8.3480328e-02   5.7545431e-01   1.5336769e-01   3.3874248e-01  -1.8713223e-02   2.7521362e-01   2.4310545e-02   6.2369080e-01  -1.0083895e-01   4.1608081e-01  -2.5025327e-01   2.1685436e-01   1.8350988e-01   3.3581896e-01  -6.6689990e-02   5.2598687e-01   2.8556982e-01  -2.5943371e-01   2.9983665e-01   6.2739281e-02   1.8553761e-01   2.9665036e-01   2.3045911e-01  -2.7697338e-02   6.2765015e-01   1.9315393e-01   3.7735787e-01  -1.5427946e-02   5.4969328e-02   1.8875091e-02   8.9966434e-03   2.1027672e-01   3.3664183e-01   1.3862259e-01   3.1174557e-01   1.3984509e-01  -8.5847143e-02   8.7742722e-02   2.9253096e-01   2.0694870e-01   3.9272688e-01  -1.8035224e-01   1.4267349e-02  -5.3268653e-02   4.3881683e-01   2.8962438e-01   3.0533592e-01   2.3009719e-01   5.1564209e-01   4.9182657e-01  -9.7601679e-03  -5.4088191e-02  -1.9632741e-01  -2.2629485e-01   4.5517928e-01   6.6460074e-01   1.1283030e-01   2.4436500e-02  -1.0728851e-01   2.3168971e-01   6.9553246e-02   2.7772922e-01  -2.1064631e-01  -4.1037373e-02   2.3589348e-01   3.6356310e-02   3.3676032e-01   4.9075995e-01   1.6093661e-01   6.5140742e-01   1.9051263e-01   1.6555603e-01   4.9293231e-01   1.2415206e-01   1.6032764e-01  -7.1827119e-02   2.3188115e-01   2.8972216e-01  -1.3920150e-01  -5.0538675e-02   4.0628210e-01  -2.5371344e-02   4.8682955e-01   1.2208480e-01   1.5894397e-01   2.4327170e-01   2.2505778e-01   1.5545431e-01   5.4580133e-01   4.8001105e-01   3.8226070e-02   1.5794596e-01   5.9764195e-01   5.0562846e-01  -1.3919474e-01  -7.8715934e-03  -2.1672081e-01   2.0502083e-01  -1.0612185e-01   1.1460391e-01
  -3.0485699e-02   1.1717969e-01   1.7072622e-01  -2.1725624e-01   7.8492028e-02  -3.7003776e-01   2.9575583e-03  -2.4793997e-01   2.2472849e-02  -8.0181523e-02   7.5856532e-02  -2.1147021e-02   0.0000000e+00   6.5868960e-02   1.0522392e-01   2.1455481e-01   1.1879682e-01   3.2094876e-01  -3.2687403e-01   3.5405947e-01   1.0809790e-01   1.3092547e-01   1.5040312e-01  -2.2684916e-02  -2.4555366e-01  -3.7225544e-01   2.6902765e-01  -4.1271587e-02  -3.9417290e-01   1.8998780e-01  -1.1459259e-01  -2.1137515e-01  -3.2220581e-01   8.8767060e-02  -2.0311298e-01   9.4302777e-02   6.1310799e-01   1.7722032e-01   1.0715575e-01  -1.7497910e-02   8.0107962e-01  -8.9672578e-02  -4.0249067e-01  -3.2027749e-01   1.3976691e-01  -2.4837615e-01   2.0275462e-01   6.6969869e-02   6.1225104e-01   2.6777862e-01  -2.2777599e-02  -3.1780646e-01   7.6775818e-02  -2.4524700e-01   3.2665342e-02   4.9453632e-02  -4.8257327e-01  -2.2241717e-01   7.3050633e-02  -1.4696704e-01  -1.4800621e-01   7.4609388e-01  -2.7452637e-01  -9.1960231e-02   2.7976274e-01   4.4181370e-01  -3.0569272e-01   2.2324178e-01   1.4021447e-02  -1.4771693e-01  -9.3878551e-03  -2.8372789e-01   3.1389729e-01   4.7096997e-03  -3.8323142e-01  -1.4840910e-01   2.4432265e-01  -8.6917066e-02   1.6957443e-01   1.2146643e-02  -1.5053845e-01  -1.9332130e-03  -5.9651891e-02  -4.9203883e-01   4.3187243e-02  -4.2437076e-01  -1.4287138e-01  -1.0683239e-01  -5.3305868e-02   1.6861875e-01   1.6966153e-01   3.0926981e-02   2.3027289e-01  -3.0299668e-01   3.9990598e-02  -5.2805919e-02   2.6616594e-01  -3.2258737e-01   2.4399364e-01   3.4364221e-01  -2.4403715e-01   1.3188955e-01  -6.7300468e-03   1.3894456e-02  -4.1119158e-01  -1.7392236e-01  -3.8558212e-02  -4.6931287e-01   9.6476635e-03   1.2697962e-01   2.6495598e-02  -7.9314639e-02  -4.6747644e-02   1.4537051e-01  -1.4676146e-01   2.1267869e-01  -1.3196759e-01   4.9006753e-01  -9.0475815e-02  -3.1014035e-01   1.1844036e-01  -1.2643176e-02  -2.7459492e-01   8.7525138e-02   1.3554582e-02  -5.7543811e-02   2.2055923e-01  -1.4031475e-01   1.3511027e-02  -1.0585224e-01   2.4181736e-01   4.4134890e-02  -5.3237483e-02  -2.4167862e-01  -2.8996527e-01  -8.5384898e-02  -3.2471732e-02  -5.9759203e-02  -2.6545763e-01   1.1575395e-01  -1.2649572e-02   3.5645175e-01  -2.0909542e-01  -1.3059395e-01  -8.7116582e-02  -1.2145464e-01  -3.3803278e-03   2.0122997e-01   1.7804553e-01   3.7026435e-01   1.0756567e-01  -1.4202574e-01  -4.2046942e-02  -5.1144535e-01  -6.3690670e-02   3.1128987e-02   5.7661826e-02   1.3515285e-01  -1.7810128e-01  -8.6706270e-02   6.5308288e-02  -8.2732579e-02   1.3308152e-01   1.3033687e-02  -6.9127924e-02   2.9046695e-01  -1.5565842e-01  -4.4976741e-02  -2.5706788e-01   1.8549148e-01   2.4018711e-01   2.7559193e-01   1.9662174e-01  -2.6201624e-01  -4.9471447e-01  -4.0199203e-01   2.4995117e-02
   5.3828503e-01   2.9093335e-01   2.1580239e-01   3.8363989e-01  -1.4932001e-02   7.2365146e-02   9.0396311e-02   2.4529642e-01   4.3925753e-01  -1.1993245e-01  -3.6137981e-01   3.6055085e-01   6.5868960e-02   0.0000000e+00   9.7661044e-02   4.0322581e-02   2.4949583e-02   2.2010195e-01   8.9766468e-02   3.9719513e-02   1.8310524e-01   5.2135757e-01  -2.8231774e-02   3.7001080e-01   3.0879521e-01  -3.7255725e-02   1.6028235e-01   4.1032987e-01  -1.3909573e-02   4.3090307e-01   5.1636646e-02   3.2685885e-02  -3.7819096e-01  -1.6047227e-02   4.5423633e-01  -4.0242260e-01   1.0144765e-01   9.7255179e-04  -2.8107532e-01  -1.2225435e-01  -5.0808636e-02   2.9860644e-01   2.3738317e-01   1.2317097e-01  -2.4554496e-01   2.0331190e-01   1.0705750e-02   3.2362001e-01   9.2687681e-02   1.0255429e-01   1.1706757e-01  -2.4387607e-02  -1.1254777e-01   1.4949078e-01   6.1040922e-02  -2.1996132e-04   8.9323470e-02   7.2788858e-03  -5.4959603e-03   5.0095177e-01   3.7866526e-02   1.2727839e-01   2.3125940e-01   2.1970147e-01   3.8366233e-02   2.6747853e-02   1.2225680e-01   3.3442986e-01   1.9278705e-01   2.8634973e-01  -4.6714317e-02  -1.2451684e-01  -3.4990023e-01   5.3081284e-01   3.4497626e-01   5.5631580e-02   9.2535707e-02   5.8348303e-02   2.9494720e-02   2.4964359e-02   2.6567066e-01  -1.1878713e-01  -2.3593180e-01   1.2425718e-01   2.5998570e-01  -3.7760029e-02   4.9938339e-01   3.0727608e-01   3.0989947e-01   4.9751269e-01   5.7195950e-02   1.3233769e-01  -5.1584532e-02   1.2899193e-01  -6.4101414e-02  -3.4725482e-02  -3.7546646e-03   8.7702670e-02   2.1296745e-01   1.5111367e-01  -3.7369215e-02   3.4909355e-01   3.2330371e-01   5.1049304e-01  -2.5630803e-02   3.6967601e-01  -2.0144892e-01   1.4153060e-03   1.8397930e-01   8.9970710e-02  -2.5940547e-01   3.8773458e-01   2.5463146e-01   3.3808477e-01   1.2672213e-01  -3.8494631e-02   5.3819039e-02   2.2107998e-02   1.2070871e-01  -1.7671171e-01   8.6832641e-02   6.6978625e-02   3.4513774e-01   6.2889795e-02   2.4363534e-01   6.1449263e-01   6.0000842e-02  -2.2322996e-01   2.3875869e-01  -1.6036257e-01  -1.3282490e-01  -1.8844535e-01   4.4484832e-01   1.0257166e-02  -2.0681108e-01   2.1803617e-02   1.9384999e-01   3.2559900e-01   1.1909459e-01  -7.9624872e-02   5.6383421e-01   9.7836666e-02   9.2743020e-02   4.7666720e-01   2.5278477e-01   2.8685713e-01   2.3876235e-02   3.9390915e-02   4.8150423e-02   6.2662908e-02   4.0076754e-01   4.0869653e-01  -1.1358102e-01  -4.0976677e-02   1.3368680e-01   2.4726339e-01   1.0043008e-01   1.6890547e-01   3.2313376e-02   3.0443339e-01  -2.4383835e-03  -6.4716581e-02  -1.5788586e-02   4.0923028e-01   3.2714688e-02   4.9688407e-02   2.8415560e-01   3.8075044e-01   2.4480195e-01  -2.5501608e-03   8.9422192e-02   1.2008943e-01   3.3628661e-01   2.9110993e-02   2.4284626e-01  -2.5994395e-01   4.4477998e-01
