   0.0000000e+00  -2.8032917e-01  -4.9743601e-01  -8.5196634e-02  -4.2230235e-01  -9.1721218e-02   4.5562617e-01  -2.4356114e-01  -1.4214439e-01   2.4980796e-01   3.0473046e-02  -2.9991881e-02   3.3008193e-01   1.9272639e-01   3.3267551e-01   2.6802037e-01  -4.4745200e-01   3.2516952e-01  -3.6314845e-01  -1.4904888e-01   4.2117267e-01  -6.3038519e-03   5.4896360e-01   8.5592125e-02  -3.1851002e-01  -3.1118545e-01  -1.7647801e-01   5.0085438e-01   1.0154750e-03   3.0260602e-01   4.0123459e-01  -1.2607489e-01   6.4321495e-02   1.6148358e-01   2.4865334e-01   2.8115623e-02   7.0612814e-02  -2.7773694e-01   1.9112149e-01  -3.7924271e-02   1.5295209e-01  -4.3697378e-02  -2.4623157e-01  -1.8556171e-01   4.5508087e-01  -3.5453770e-01  -3.7487174e-02   2.7492124e-01   3.1658101e-01  -1.9242635e-01   3.4302173e-01  -3.4345023e-01  -8.2571194e-02  -1.6586618e-01   1.6188008e-01  -3.9659715e-01  -2.9879534e-01  -2.0185497e-01   6.7162559e-02  -2.3752128e-01  -4.2793270e-01   2.8398207e-01  -4.5169347e-01   3.7948345e-01   2.1438221e-01   4.1987900e-01  -2.9948647e-01   9.0920774e-02  -2.1269422e-01  -3.5064848e-01  -1.8169298e-01   2.5497698e-01   3.5180677e-04   7.3112937e-01  -4.1681839e-01  -1.5308626e-01  -3.6351343e-01  -2.7678273e-01  -9.4969412e-02   4.9259067e-02   3.0430386e-01   5.3637170e-02   6.5721199e-02  -8.4648122e-02   6.0925640e-01  -1.3007930e-01   2.4959817e-03   3.1672048e-01  -4.6278430e-01   8.1712389e-01  -4.5874210e-01  -3.9307631e-01   3.6881682e-02  -3.5466810e-01  -2.3324437e-01  -2.6140450e-01   2.2260909e-01  -3.3689662e-01   1.7869061e-01   5.8065737e-01   4.5930296e-01   4.1865287e-01   2.4260455e-01  -1.7913166e-01   1.7822174e-01  -2.4637389e-01  -1.3107688e-01  -4.2399492e-01   8.8108804e-02   1.2113337e-01   5.1232712e-02   1.0763973e-01  -1.7138993e-01   9.1516703e-01   5.8447763e-01  -1.0171984e-01  -4.2301886e-01  -5.3291464e-02   3.9213262e-01  -1.4769076e-01  -2.6641420e-01  -2.7208062e-01  -4.7861417e-01   9.5285615e-02  -1.2336869e-01  -9.7987543e-02   5.4305206e-01   2.2576836e-01  -2.9115961e-01  -3.2559257e-01  -1.2752470e-01   1.7640226e-02   1.1535221e-01   1.8775227e-01  -4.3912449e-01  -3.1073161e-01  -2.0429786e-01   5.2955252e-01  -3.6169910e-01   2.3697617e-01   7.7287554e-01   1.5337855e-01   1.1724088e-01  -1.0329288e-01   5.1056664e-01  -3.1792298e-02   2.3586298e-01   1.2281628e-01   3.0729360e-01   4.1596552e-01   6.7180640e-01   8.2033356e-02  -1.3675073e-01  -2.3530659e-01  -2.8393777e-01   3.1614821e-01  -3.4805990e-01   1.3652653e-01  -3.8555326e-01  -9.5133797e-02   7.2946381e-02  -1.8919504e-02   2.2859711e-02   7.4844893e-02  -2.8713897e-01  -8.3572446e-02   1.4404042e-01  -1.6353563e-01  -3.0581044e-04   2.1706537e-02  -1.9534833e-01  -3.3640430e-01   2.5420665e-01  -5.9257545e-02  -2.4975627e-01   8.2795115e-02  -1.6000009e-01
  -2.8032917e-01   0.0000000e+00   4.1076354e-01   1.0908266e-01   4.5457986e-01  -3.4928889e-01  -2.1466696e-01  -1.5206949e-01   2.3342548e-01  -1.8100591e-01  -3.1185541e-01   1.0172511e-01   8.9331032e-02  -3.3144266e-01  -2.7175169e-01   6.0939664e-02   4.4772517e-01  -3.2743643e-01  -2.1431212e-01   1.3716489e-01  -4.4047662e-01  -3.4693960e-01  -3.4311544e-01  -1.6187397e-01  -1.4557210e-01  -2.2838208e-01   3.3539918e-01  -3.9992658e-01   2.1869062e-02  -2.4166848e-01  -5.3294591e-01  -5.0798551e-01  -9.7718578e-02   3.1449955e-01  -3.3538324e-02   1.3922584e-01  -2.3477379e-01   8.1258610e-02   3.9346357e-02   3.0186975e-01  -7.2452440e-03  -2.2469675e-01   3.1063141e-02  -2.8136602e-01  -2.7109112e-01  -3.5699933e-02  -2.3807774e-01   1.7241511e-01  -2.3381989e-01   3.7888874e-01  -3.9290007e-01  -1.7738262e-01   5.9633072e-01  -7.8834496e-02  -1.5055696e-01  -1.2286057e-01  -8.6123370e-02  -4.7076138e-01   5.0672962e-02   1.5707511e-02   2.6620633e-02  -6.9980784e-02   1.4519803e-01  -2.3878001e-01  -2.3691645e-02  -2.1239113e-01  -1.8943817e-01   5.0253490e-02  -2.1724978e-01   3.8678611e-01   6.7772773e-01  -4.6175567e-01   1.0143646e-01  -4.0213978e-01   9.4698276e-02  -4.1009976e-01  -3.8759268e-02  -1.4260356e-01   6.1177503e-01   1.5685029e-01  -5.5256760e-01   1.3609809e-01  -2.0789334e-01  -3.1044566e-01  -1.2186806e-01  -3.7430383e-01   2.5441650e-01  -1.7189993e-01   1.6765697e-01  -2.4789070e-01   6.8862958e-01   4.0441970e-02   1.6195367e-01  -1.0438046e-01  -2.2336077e-02   2.8154410e-01   1.1960413e-01  -1.4482148e-01   1.1370589e-01  -2.9167833e-01  -2.5187361e-01  -4.6272353e-01  -5.6449460e-01   7.2130985e-02  -5.4122258e-01  -1.6609708e-04  -4.0839665e-02  -2.2722883e-01  -6.0804141e-02   2.1837012e-01  -2.6281010e-01  -4.6762470e-01   2.6710987e-01  -2.7755913e-01  -3.4562592e-01   5.9267457e-01  -4.6665237e-02   2.3025999e-01  -2.9358925e-01  -4.5292959e-01  -1.3246213e-01   5.2422581e-01   1.2184664e-01  -2.1706982e-01  -1.1947476e-01  -3.4708400e-01  -2.2759417e-01   4.8885441e-02  -2.2895031e-01   5.7415269e-01   2.8200313e-01   6.1606593e-02  -2.7954929e-01  -1.5543477e-01  -1.4473015e-01  -2.1410224e-01  -1.4664946e-02  -5.1950059e-01  -3.2550733e-01  -8.3158980e-03  -1.8201089e-01  -1.6062412e-02  -3.5235766e-01   4.2438962e-01  -4.5368547e-01  -3.7718938e-01  -1.3184352e-01  -1.1822590e-01  -1.0519465e-01  -2.6424982e-01  -2.9978110e-01  -4.0974756e-01  -3.2142605e-01  -2.1135698e-02   8.1613029e-01  -4.9462052e-02  -4.3658266e-02   1.8815630e-01   1.8165079e-01  -5.4979751e-01  -3.9568750e-01  -3.0475220e-01  -1.1801194e-01  -2.1568716e-01  -3.7353777e-01   4.2566616e-01   1.0589705e-02  -5.8272525e-02  -1.1171912e-01   3.7150109e-01   5.7926402e-01   7.7415950e-02  -2.0126251e-01  -9.5214329e-03   7.2722587e-02   5.1307770e-02  -2.3741767e-01
  -4.9743601e-01   4.1076354e-01   0.0000000e+00  -1.2718684e-01   6.8621335e-01  -4.8523558e-02  -4.6845451e-01   2.3651811e-01  -1.5434550e-01  -1.2464720e-01  -4.1400372e-01   8.1810190e-02  -1.1425901e-01  -1.4894093e-01  -7.1828136e-01  -1.4747434e-01   9.1799324e-01  -5.2845206e-01   2.0723818e-01   4.9083159e-01  -4.9044751e-01  -2.6691812e-01  -5.2861438e-01   2.0230065e-01   1.9776919e-01   7.3598238e-02   2.2140755e-01  -4.9232141e-01   2.4912294e-01  -6.7350345e-01  -6.6854606e-01  -2.4915105e-01   1.4499916e-01   1.5473590e-01  -2.3124499e-01   1.2876931e-01  -1.9290224e-01   6.0944612e-01   7.3577885e-04   3.7904425e-01  -2.1940375e-01   3.6632114e-01   2.3913954e-02   1.3171990e-02  -5.6615383e-01   4.4609588e-01  -2.3195904e-01  -6.5703864e-01  -3.1463260e-01   7.1546129e-01  -6.1672729e-01   1.7806117e-01  -1.6002795e-01   2.3938436e-01   6.0094461e-02   7.1455113e-02   3.3175729e-01  -2.6329256e-01  -2.6494216e-01   4.2796285e-01   7.4115186e-01  -8.0660078e-02   2.3404097e-01  -3.9235476e-01  -6.4152913e-01  -6.7669612e-01   1.4520609e-01   2.3200334e-02  -9.1998625e-02   8.5435385e-01   3.0569429e-01  -5.6883428e-01  -1.1327338e-01  -4.8844169e-01   2.6458573e-01  -2.2870240e-01   5.2167145e-01   3.4380149e-03   1.2584878e-01  -8.6826429e-02  -5.4614023e-01  -1.4668684e-01  -1.4242611e-01  -1.0113948e-01  -2.0516376e-01  -2.6205366e-01  -1.0386294e-01  -2.4118951e-01   3.9144566e-01  -4.0750336e-01   5.4131805e-01   8.0257897e-01   3.6074037e-01  -3.2419663e-03   4.3513054e-01   7.0005814e-01  -1.4808483e-01   1.2113034e-01  -7.7921625e-02  -7.6254190e-01  -2.3769991e-01  -6.9051947e-01  -5.5510229e-01   3.1880543e-01  -6.0934296e-01   3.8233950e-02   5.6538258e-01   1.2711187e-01  -5.5066279e-02  -2.8600721e-01  -3.5448165e-02  -4.7270409e-01   1.2969379e-01  -4.5188837e-01  -4.3119864e-01   1.7048682e-01   3.4276698e-01   6.5530108e-03  -3.0381575e-01  -2.0247062e-01   4.1595014e-01   7.0886225e-01   4.1043430e-01  -2.3413380e-01   4.0685328e-01  -1.4444145e-02  -6.3308289e-01   1.8365481e-01  -6.4425874e-02   6.9238471e-01   1.5484419e-01  -2.4320452e-01  -2.1156830e-01  -3.3734126e-01   3.3000073e-02   1.3736481e-01   1.0329071e-01  -6.2360131e-01   4.3174361e-02   2.1955405e-01  -3.0955455e-01   1.4720769e-01  -4.0467073e-01   4.0122943e-01  -6.2121830e-01  -3.1127846e-01   2.6762771e-02  -4.0095671e-01  -1.1644025e-01  -6.4291715e-01  -2.3820383e-01  -2.2204331e-01   3.3402329e-01   1.2340384e-01   5.1348322e-01   1.3282005e-01   4.8404005e-01  -2.4743754e-01   8.3122736e-01  -2.7799711e-01  -1.6473594e-01  -4.4317362e-01  -2.7304709e-01  -3.9433240e-01   3.0967689e-02   7.6006604e-02  -3.9122580e-01   1.2593951e-01   3.2969094e-01   1.0342133e-01   3.8952238e-01   5.5834266e-01  -4.2532105e-01   7.3365103e-02   2.8239792e-01   2.0788029e-01   1.6178715e-02
  -8.5196634e-02   1.0908266e-01  -1.2718684e-01   0.0000000e+00  -1.2876353e-01   2.4240569e-02  -1.4482775e-01   8.6839599e-02   2.5762491e-01  -2.0730193e-01   1.3210887e-01  -1.2603872e-01  -3.7620823e-02   2.7553516e-01   1.2642164e-01   2.6748893e-01  -6.2030139e-02   4.9311015e-01   1.4191278e-01  -3.0679959e-01   7.2179901e-02   5.5243301e-01  -1.2038599e-01   4.3649122e-02   8.4705685e-03   1.3985823e-01  -6.6624844e-02  -3.0802030e-01  -1.0448228e-01   2.3455504e-01   2.6235433e-01   6.5966326e-02   1.9800522e-02  -3.2272108e-01   1.0423348e-01  -7.6702972e-02  -8.7138238e-02  -6.4829430e-02   2.4440191e-01  -2.1643230e-01  -1.1734452e-01  -1.5583451e-01  -3.1454852e-01   1.9035502e-01   1.6194368e-02  -1.2524843e-01   1.5861610e-01   4.7492351e-03  -1.2638237e-01  -6.5353132e-02   1.5093195e-01  -5.8754483e-03  -3.5021706e-02  -1.5041172e-01   1.3072079e-01   8.4256622e-02   3.1418827e-02   2.2192334e-01   3.2620762e-01   5.6997297e-02  -8.0428357e-02  -2.5932320e-01  -1.0886937e-01   1.1912571e-01   3.6433443e-01  -1.4971479e-02   1.6839421e-01   4.0361881e-01   1.6375123e-01  -1.9016474e-01  -8.1391037e-02   6.4007130e-02  -1.2855176e-01  -2.0140629e-01   2.8715566e-02   3.3040698e-01  -1.0891083e-01   2.8443265e-01  -1.1629411e-01   1.2510226e-01  -1.1700668e-02   1.1522620e-01   8.0630761e-02   6.5843597e-02  -4.4111328e-02   2.7569864e-01   6.2867681e-02   1.7184700e-02  -9.6266417e-02  -1.9212728e-01  -1.6625770e-01  -3.8448659e-02  -4.2674756e-01   8.9331881e-03  -1.0572328e-01  -2.2914933e-01   5.3761582e-01   2.2132771e-01   5.6804485e-01   2.9569519e-02  -1.4200513e-01  -2.7012720e-02   3.0552798e-01   2.9271633e-01   1.2101360e-01   8.3280333e-01   6.7038327e-03   2.3674402e-01  -6.2174266e-02  -1.3909961e-01  -7.1001342e-02   1.7447120e-01   7.8145228e-01  -1.3405598e-01  -2.6252796e-01  -3.3670982e-01  -1.1632362e-02  -1.3494455e-01  -1.4184851e-01   1.9081807e-02  -1.4203886e-01  -2.5464381e-01  -2.1199273e-01   3.5642076e-01  -2.7784159e-01   2.8278986e-01   8.2862786e-02   2.4867192e-02   5.5589668e-01  -7.8319109e-02  -1.6418736e-02  -7.8064130e-02   2.8560777e-01   1.0624471e-01   1.8119074e-01   2.8047460e-01   1.5103378e-01  -3.4836160e-02   2.2191945e-01  -1.3693827e-01   3.8172291e-02  -1.3937339e-01   2.5125376e-01  -1.1866808e-01  -8.8690021e-02   5.5684655e-01  -2.6237594e-01   1.6545068e-01  -3.2350274e-01   2.2913832e-01  -3.5106004e-01   2.7716771e-01  -4.0378525e-01   1.2309322e-01  -1.8093512e-01  -1.3692948e-01  -1.6637426e-01   1.7736209e-01  -2.6183317e-02   1.3272540e-01  -5.9778410e-02   2.6768962e-01  -3.2620608e-02   7.2896007e-01   4.8892354e-02  -3.9488580e-01   7.0750791e-02  -1.2529714e-01  -9.3842080e-02  -1.0439471e-01  -3.7496097e-01  -6.2214303e-02   7.1886212e-01   4.5962448e-02   4.6783432e-02   5.8239785e-02   5.9954073e-01
  -4.2230235e-01   4.5457986e-01   6.8621335e-01  -1.2876353e-01   0.0000000e+00  -1.7899807e-01  -4.1168612e-01  -1.6485710e-01  -8.3144368e-02   1.8724855e-02  -1.4105836e-01  -1.6548968e-01   1.8844537e-01  -3.8044326e-01  -4.5102505e-01  -8.7056340e-02   7.8148515e-01  -2.4789188e-01  -9.9191483e-02   6.3131341e-01  -3.6161262e-01  -4.2734757e-01  -4.2799016e-01  -1.6126802e-01   6.0203744e-02  -1.6044016e-01   4.6836986e-01  -4.4592653e-01   2.6194892e-01  -4.4610387e-01  -6.2697676e-01  -1.7806250e-01   8.9932242e-02   7.6142727e-02  -1.7671858e-01   5.2592871e-01  -6.4342374e-02   3.1376275e-01   2.0693307e-01   4.0455099e-01   2.1865123e-01   1.4878731e-01   1.0177907e-01  -1.9997360e-01  -2.8979412e-01   8.0129814e-02   3.4047193e-02  -4.2792395e-01  -1.0046784e-01   5.7841979e-01  -3.0568220e-01  -1.1893950e-01   1.5032579e-01   6.2033835e-02  -9.5061762e-02  -8.1625751e-02   3.0169719e-02  -3.3881683e-01   5.8244090e-02   1.8790805e-01   3.5982139e-01   5.8350970e-02   1.5646630e-01  -2.6111176e-01  -3.3144218e-01  -2.8662116e-01   4.5015619e-02  -8.2596188e-02  -9.4125511e-03   5.4376254e-01   3.8911103e-01  -3.1270852e-01   2.2040467e-01  -5.6455347e-01   2.3314805e-01  -4.1371478e-01   1.1342774e-01  -3.1513876e-01   5.1138029e-01   2.2923196e-01  -6.0324572e-01   9.4724330e-02  -1.7327151e-01  -3.4976728e-01  -2.5326956e-01  -3.4497421e-01  -9.5550700e-02  -3.7908275e-01   3.3237729e-01  -2.9948592e-01   7.6510019e-01   3.5442580e-01   1.9169221e-01   3.1877271e-02   1.7290086e-01   7.0456969e-01  -3.6610305e-02  -1.8808302e-01   3.6054690e-02  -5.2274697e-01  -2.2729521e-01  -4.9771200e-01  -6.9800928e-01   9.4108578e-02  -5.3914454e-01  -1.4731360e-01   2.7844343e-01  -1.4272735e-01  -4.5559840e-02   6.7171370e-02  -1.6253766e-01  -4.3963967e-01  -1.1946149e-02  -3.6756343e-01  -4.4562796e-01   4.0941221e-01   1.2073956e-01   3.9153387e-01  -2.9914764e-01  -9.2066763e-02   2.2600115e-02   7.5475312e-01   3.0169302e-01  -2.4997779e-01   9.2078591e-02  -4.0450383e-01  -3.9600968e-01   1.9622299e-01  -2.7379542e-01   6.9780932e-01   4.7084145e-01   1.5713134e-01  -4.4463228e-01  -2.2856269e-01  -5.1404179e-02  -2.3001181e-01   2.2520302e-01  -5.3580945e-01  -2.2184865e-01   1.5080792e-01  -2.8818188e-01   2.1386938e-01  -3.2608445e-01   3.7178996e-01  -4.7743700e-01  -4.1657159e-01  -1.6183242e-01  -9.3264573e-02  -5.1714353e-02  -4.9488852e-01  -2.5610176e-01  -5.0136263e-01   4.1561930e-02   1.8776578e-01   6.6262405e-01  -8.0073741e-03   1.4104003e-01   1.0183623e-01   5.2852281e-01  -4.3909389e-01  -1.5761542e-01  -3.1700689e-01  -7.9577777e-02  -4.0309549e-01  -1.2606403e-01   2.7096359e-01  -5.4144248e-02   1.1638282e-01  -4.3380753e-02   1.4980157e-01   4.6430812e-01   2.0870124e-01  -3.6747431e-01   1.3278790e-01   9.3828205e-02   2.9869874e-01  -2.0848574e-01
  -9.1721218e-02  -3.4928889e-01  -4.8523558e-02   2.4240569e-02  -1.7899807e-01   0.0000000e+00   3.0034069e-01  -1.0788899e-01  -3.1510935e-01   3.0503308e-01   3.6154369e-01   3.6666072e-01  -1.8841896e-01   1.0377093e-01   1.7341848e-01  -1.4872361e-02  -1.7927783e-01   3.3257639e-01   1.4100278e-01   8.6888771e-02  -1.7238598e-01   4.0687325e-01  -1.1516119e-01   9.5567909e-02   1.9406973e-01   1.3334392e-01   2.4857312e-01   7.0032450e-02  -3.0979660e-01   4.0819239e-01   3.2999339e-02   2.9933385e-01  -1.0237528e-01  -3.2628746e-01   1.1575183e-01   5.7015903e-02   3.4758116e-02  -1.8610553e-01   4.1020399e-02   1.5243001e-01  -3.5627263e-02   8.1929977e-02  -2.2224496e-01   1.2799328e-01   1.1951224e-01  -1.5034972e-01   4.9067055e-01  -1.3226459e-02   1.2288641e-01  -6.5246866e-02   3.9638451e-01  -5.1666837e-02  -4.9096125e-01   1.1433299e-01   9.5319682e-02   3.2523348e-01   3.9026613e-01   3.5461780e-01   1.6116623e-01   3.9707471e-01  -1.0553643e-01   2.6767153e-01  -2.7561288e-01  -1.3206694e-01  -2.9731875e-01   2.8129290e-01   7.7960712e-01  -1.0863901e-01   5.1614639e-01   3.5296733e-02  -4.5010634e-01   3.5953376e-01  -3.2869184e-02   7.8537532e-02  -1.5200287e-01   1.7126506e-01  -9.6448562e-02   3.3969182e-01  -2.8429523e-01   6.0509932e-02   3.4999275e-01  -5.9801887e-02  -1.0976615e-01   3.8626679e-01  -4.1458414e-01   1.8662973e-01  -4.0597306e-01   1.7287573e-01  -2.4808695e-01  -1.7356780e-01  -3.9285414e-01  -3.0780054e-02  -1.8009189e-01  -2.5415059e-02  -2.0017670e-01  -7.8077432e-02  -1.8727397e-02  -3.1024966e-04   1.5704246e-02   1.0783669e-01  -3.3193046e-01   1.5998752e-01   3.2934729e-01  -8.5494232e-02   3.2301032e-01   1.4982666e-01   3.4959251e-02   2.5148486e-01   2.0663244e-01  -4.9278615e-03   1.7335729e-01   6.0340147e-01  -1.6454930e-01  -1.5135646e-01  -1.0557495e-01  -4.5166266e-01   8.5320388e-02  -3.1076313e-01   1.0796396e-01   3.9093992e-01   1.8687309e-02  -2.5057841e-01  -1.7621208e-01  -2.1840174e-01  -2.5434775e-01   3.5992442e-01   2.6426388e-02  -1.3413253e-01   2.3748191e-01  -1.6506095e-01  -2.0785074e-01  -6.7072746e-02   3.5441402e-01  -2.7686853e-01   1.8679752e-01  -4.3108050e-02   1.9895988e-01   1.7749989e-01   9.5736907e-02  -1.1462473e-02  -3.3065087e-03  -9.3972798e-02   4.3949241e-01   2.6150504e-01   1.2291229e-01   1.6550744e-01   1.6960556e-01   2.2082739e-01   1.9595728e-01  -7.9210003e-02  -8.6678238e-02   5.4317677e-02   2.3615883e-01  -8.3052844e-02  -1.4993323e-01  -7.0891527e-02  -2.2449961e-02  -1.2992975e-01  -1.1372369e-01   3.3443636e-01   2.9999694e-01   4.9357378e-01   6.2230357e-02   3.8836501e-01   3.3445469e-01  -2.6232597e-01   6.4700990e-02   3.0945030e-02   8.5719509e-02  -2.6992809e-01  -2.8405528e-01  -9.4424589e-02   2.4725538e-01   6.1347979e-01  -8.8459514e-02   1.2424829e-01   4.3454093e-01
   4.5562617e-01  -2.1466696e-01  -4.6845451e-01  -1.4482775e-01  -4.1168612e-01   3.0034069e-01   0.0000000e+00  -3.5342361e-01  -2.7140885e-02   5.6534328e-01   2.1456932e-01   5.6267280e-01   6.8055840e-02  -8.1459122e-02   5.1653768e-01   1.0067351e-01  -4.7696361e-01   2.4411362e-01  -1.9082152e-01   2.4448935e-02   5.4811262e-02   1.4068689e-01   4.8002494e-01  -1.3513630e-01  -2.1142502e-01  -3.0107076e-01   4.6619309e-02   3.8725508e-01  -1.4990965e-01   4.7829467e-01   1.1797440e-01   6.8802539e-02  -2.2749717e-01   2.6799323e-01   1.4075460e-01  -6.2414843e-03   5.8756030e-02  -5.3319941e-01  -8.9459097e-02   1.6346900e-01   7.6072844e-02  -1.1231357e-01   3.8422088e-02  -2.0565669e-01   4.7600365e-01  -4.9299728e-01   1.4527093e-01   5.0475201e-01   8.7004348e-02  -2.6959126e-01   4.4012441e-01  -3.7123769e-01   2.1764778e-02  -4.3392565e-02  -8.7641111e-02  -9.3420527e-02  -1.6009890e-01   2.2177518e-02  -2.8450697e-02   3.4886527e-02  -5.7876304e-01   2.3785898e-01  -1.6556414e-01  -3.1509535e-02  -5.1340107e-02   5.7209178e-01   9.1229767e-02  -1.8464590e-01   4.5457173e-02  -2.2478628e-01  -1.2480159e-01   4.2600619e-01  -5.4960011e-02   4.5647559e-01  -2.8912450e-01  -1.5212790e-01  -4.9691699e-01  -1.3154575e-01  -2.6217006e-02   5.9705694e-02   5.9533185e-01   9.1196099e-02  -5.4686603e-03   2.3753562e-02   8.5638608e-03  -3.8817217e-02  -1.7514021e-01   1.3196698e-01  -2.3624015e-01   2.6692764e-01  -4.5813877e-01  -4.8658248e-01   1.2398460e-01  -1.5526835e-01  -4.9230022e-01  -2.6444144e-01   6.8504482e-02  -3.0039404e-01  -1.3273458e-01   6.7856645e-01  -5.9461648e-02   4.9535668e-01   1.9618639e-01  -3.1473766e-01   3.4137467e-01  -1.8722095e-01  -3.4631058e-01  -2.8894507e-01   2.6688627e-01   3.1061259e-01   3.6101371e-01   4.5943653e-01  -2.5708978e-01   3.6367897e-01   2.7863238e-01  -1.3219541e-01  -3.8772530e-01  -9.1489190e-02   2.2106031e-01   1.2467706e-01  -3.8655426e-01  -3.7838667e-01  -1.8068158e-01  -3.1558080e-01  -4.4917797e-01  -6.2386008e-02   4.9482564e-01  -1.8808742e-01  -1.2857635e-01  -2.6206690e-01  -1.8479184e-01   8.0409414e-02   1.5720607e-01  -6.8641608e-02  -1.3756324e-01  -3.8588859e-01  -2.9877465e-02   4.6159486e-01  -2.7132136e-01  -4.8815276e-02   2.1607219e-01  -1.1187850e-01   3.2216213e-01   1.3661255e-01   5.1199183e-01  -1.1952317e-01   6.0417120e-01   2.8270829e-01   4.4487554e-01   2.2249666e-01   2.8471289e-01  -7.4643416e-02  -1.6413036e-01  -3.5599512e-01  -7.6196582e-02  -2.2488251e-02  -4.8579313e-01   1.3453255e-01  -5.4541571e-01   9.5778973e-02   3.3796870e-01   2.6401002e-01   1.2692376e-01   5.3145741e-02   7.6925565e-03   1.7987810e-01   2.6829277e-01  -2.5331317e-01  -3.2842171e-01   4.1618863e-02  -3.4169813e-02  -5.3661485e-01   6.7794146e-02   2.7535055e-01  -2.9516110e-01  -1.4263268e-01  -3.1391412e-02
  -2.4356114e-01  -1.5206949e-01   2.3651811e-01   8.6839599e-02  -1.6485710e-01  -1.0788899e-01  -3.5342361e-01   0.0000000e+00   1.0652356e-01  -4.1178828e-01  -4.0305228e-01  -1.1272534e-01  -2.6320040e-01   2.9400572e-01  -4.4766409e-01  -1.9315173e-01   1.0767735e-01  -4.2704995e-01   6.9985541e-01  -1.6267067e-01   9.3990185e-02   1.8140252e-01  -1.7539630e-01   3.2054253e-01   3.0082578e-01   6.2808434e-01  -4.6961702e-01  -1.0072560e-01   4.7960999e-02  -4.3218901e-01   2.2654613e-01   2.4112922e-02   3.2461566e-01  -1.1590553e-01   2.9080387e-02  -5.1292097e-01  -3.0005643e-02   4.2861678e-01  -3.0857667e-01  -3.4872440e-01  -5.1511829e-01   1.6216407e-01   5.4826707e-03   5.7172863e-01  -4.0453713e-01   6.8583585e-01  -5.3484843e-01  -3.0627834e-01  -1.1758145e-01  -1.2457936e-01  -5.2648799e-01   8.4233976e-01  -2.8124868e-01  -6.8493098e-04   2.0967538e-01   3.2998463e-01   3.6763201e-01   2.9305384e-01  -4.8461588e-01   1.2284021e-01   5.7162127e-01  -2.1909975e-01   2.1753561e-01   1.1138885e-01  -1.2187991e-01  -6.2507691e-01  -5.6201777e-02   2.0477560e-01  -1.7739603e-01   1.1659016e-01  -5.7369151e-02  -4.4563912e-01  -3.6741643e-01  -2.0230613e-01  -2.4450409e-02   5.2701463e-01   6.6180032e-01   4.7390072e-01  -3.6969936e-01  -5.8970765e-01   1.9611523e-01  -4.7265616e-01   1.6665814e-01   5.1642540e-01   7.7987769e-02   3.2554481e-01   8.4943335e-02   1.1064763e-01   7.7905185e-02  -2.5847647e-01  -8.8431198e-02   5.2458836e-01   1.1278591e-02   1.4522320e-01   5.0940989e-01  -5.2405873e-02  -3.7750147e-01   6.9741881e-01  -1.4766904e-01  -3.8636491e-01   1.2423541e-01  -2.2740319e-01   2.4627303e-01   3.4219501e-01  -8.7374281e-02   4.3365541e-01   2.7765155e-01   5.4109401e-01  -7.5252030e-02  -4.9504846e-01  -6.5752913e-02  -2.0159722e-01   1.9868832e-01  -2.1655830e-01  -2.1675429e-02  -1.9834690e-01   5.8022333e-01  -4.6367997e-01   7.6134010e-02  -2.0352153e-01   6.1058132e-01  -2.7243658e-02   1.5266076e-01   2.8669593e-01   6.3863944e-01   4.3167098e-01  -4.4529426e-01  -5.3396232e-02   4.5964851e-01  -2.0207406e-01  -3.8490829e-01  -4.5206693e-01   1.9986804e-01   2.2171260e-01   2.4738944e-01   8.7280479e-01  -3.7882188e-01  -1.8940839e-02   6.4044633e-01  -1.6323888e-01  -2.0707938e-01   6.5031960e-02  -2.6391548e-01  -2.6632893e-01  -3.9158186e-01   3.1982788e-01  -1.0823745e-01  -5.2421895e-01  -3.4278859e-01  -1.3565668e-02  -1.9393727e-01   6.7182664e-01   2.2943354e-01   4.7429471e-02  -3.5977576e-01  -1.5463150e-01   5.7818618e-01  -5.6480333e-01   4.0008627e-01   5.1906017e-01  -1.5941049e-01  -2.8057599e-01  -1.4717852e-01  -4.2413573e-02   2.4220177e-01  -3.3026441e-01  -4.7945237e-01   3.9891661e-01   3.5939115e-01  -3.1656400e-02  -2.1157751e-01   5.3478580e-01  -1.3038735e-01  -3.1865672e-01   1.3079777e-02  -1.1473465e-01   3.9714229e-01
  -1.4214439e-01   2.3342548e-01  -1.5434550e-01   2.5762491e-01  -8.3144368e-02  -3.1510935e-01  -2.7140885e-02   1.0652356e-01   0.0000000e+00  -1.1971819e-02   4.5636344e-02  -7.3568025e-02  -8.7187474e-02  -1.0408037e-01   1.3013861e-01  -9.2373741e-03  -1.3230381e-01  -1.5045452e-01   8.3226036e-02  -2.4677261e-01  -1.1924632e-01   1.7090916e-01  -3.8939375e-02  -3.5080285e-02   1.4243663e-01   1.6841692e-01  -1.1274007e-01  -3.4355003e-02   4.1315952e-02  -1.3583044e-01  -5.1510028e-02   5.7729550e-02  -2.5666405e-02   2.0137488e-01   9.8836760e-02  -2.0042901e-01  -5.8048111e-02  -7.5215712e-02  -5.7306634e-02  -3.2270330e-01   7.2969515e-03  -8.8622665e-02   1.6766336e-01   1.5257175e-01   8.7750543e-03   4.9745635e-02  -1.3825151e-01   2.2605893e-01  -3.9448625e-01  -3.5247163e-01  -1.9620422e-02   1.2237455e-01   4.2504207e-01  -1.9777253e-01  -1.3373475e-01   6.6157899e-02  -1.0899815e-01   2.2605161e-01  -1.3448827e-02  -1.2596283e-04  -1.0824500e-01  -1.4053098e-01   4.1237676e-01   5.6846881e-02   4.0537415e-01  -7.4641020e-02  -2.7653289e-01  -2.9742920e-03  -1.0477553e-01  -1.2220530e-01   2.5347706e-01  -4.1486918e-02   1.9133904e-01  -1.6487082e-01   8.5623639e-02   4.3820652e-02   1.4296244e-02   8.2311133e-02   4.6921416e-02  -1.9399466e-02   1.2631257e-02   2.0378129e-01   7.0074328e-02   5.7098601e-02  -1.3192045e-01   1.2882203e-01   4.1182268e-01  -1.0357942e-01   1.9613151e-01  -1.1098316e-01   1.5395190e-01  -1.4700512e-01  -9.5894235e-02   3.6497948e-01   5.6977729e-03  -2.9159654e-01   8.3728525e-02   1.3585606e-01  -1.6251603e-01  -2.0573792e-02  -8.8801726e-02   7.5097205e-02  -1.4172714e-01   3.1769063e-01   2.5939494e-02   2.1807370e-01  -2.2134094e-01   4.1076315e-02  -2.0489148e-01  -5.3576153e-02  -1.7655125e-01  -5.4291382e-02   2.0117298e-01  -1.5633095e-01   1.8051318e-02   1.1734167e-01   9.3594651e-02   1.0802088e-01  -2.0617150e-01  -4.1430681e-02  -1.3853889e-03  -2.2044967e-01   1.1571677e-01   2.3023276e-01  -4.0003894e-02  -5.8875481e-02   5.8644162e-02  -1.2462277e-01   3.3789821e-01  -4.7389212e-02   1.7125325e-01   5.6677474e-02  -1.7771554e-01   8.8982578e-02   3.8317914e-01   1.6880016e-01  -5.3232215e-02  -1.6302307e-01   1.7730125e-01  -1.8831047e-01  -1.5488899e-01  -7.6244601e-02  -1.0242002e-01  -2.1019373e-01  -7.1535969e-02   1.9590485e-03  -7.5531904e-02   3.2360365e-02  -9.2572730e-02   1.5014940e-02  -1.8925967e-01   1.8384327e-02  -1.2667037e-01   2.6643373e-01   7.0356814e-02   1.2267452e-02   3.1689079e-03   1.4378945e-01  -1.1950631e-01   9.1793437e-02  -9.6453759e-02  -1.9011027e-02   2.9137465e-01  -3.0363836e-02   1.3589065e-01   1.7488672e-01   1.6114156e-01   3.8540410e-03  -1.2144234e-01  -5.2913878e-02   7.1494130e-02   1.2981920e-02  -6.1202384e-02  -2.4286995e-01  -1.8853667e-01  -3.2692478e-01   2.0520838e-01
   2.4980796e-01  -1.8100591e-01  -1.2464720e-01  -2.0730193e-01   1.8724855e-02   3.0503308e-01   5.6534328e-01  -4.1178828e-01  -1.1971819e-02   0.0000000e+00   2.2080333e-01   4.0962356e-01   6.2773923e-02  -3.1801016e-01   2.4603852e-01  -3.2970888e-02  -9.5436288e-02   1.8644500e-01  -3.0112375e-01   3.1912499e-01  -6.1638317e-02   7.5381833e-03   2.4922626e-01  -2.8153985e-01  -1.1896426e-03  -3.9687472e-01   2.3723871e-01   1.6291251e-01   8.5119448e-02   2.7370766e-01  -1.1470646e-01   3.2533410e-02  -3.0094455e-01   2.3243465e-01  -2.3202540e-03   3.2729055e-01   1.0459555e-01  -2.9604745e-01   3.4409386e-03   3.0463107e-01   1.8317382e-01  -1.2039714e-01   1.1051565e-01  -1.6072684e-01   3.7735009e-01  -5.0785918e-01   3.0237019e-01   1.4784651e-01  -2.0555467e-02  -2.8146278e-02   4.2046671e-01  -4.9616861e-01  -7.2044618e-02  -5.2458367e-02  -3.3477257e-01  -1.2050374e-01  -2.4550134e-01  -4.5024188e-02   6.5727805e-02   2.0557336e-01  -3.4479764e-01   2.7568332e-01   8.7524014e-02  -1.2569154e-01  -2.1360983e-01   5.2793800e-01   2.2447779e-01  -3.4491021e-01   4.7669084e-02   4.7352531e-02  -1.4031803e-01   3.5657730e-01   6.4757171e-02   1.8059112e-01  -1.4503203e-01  -3.6756159e-01  -4.5135731e-01  -2.1748562e-01   8.4319664e-02   2.6907833e-01   1.4459123e-01   1.4452927e-01   5.6372507e-02  -2.3597474e-01  -1.8947022e-01  -1.9209434e-01  -2.4863427e-01  -1.8659959e-01   1.8077297e-01   9.6360835e-02  -1.4390912e-01  -2.7231828e-01   4.0970739e-01  -3.6286297e-02  -3.3851745e-01   2.1647973e-01   1.0030618e-01  -4.6972159e-01  -1.7879979e-01   3.9394877e-01  -1.5987956e-01   2.1081619e-01  -1.4295049e-01  -3.1370488e-01   1.2822723e-01  -3.0673705e-01  -2.7702373e-01  -3.9705229e-01   1.6396798e-01   4.0788643e-01   3.7529170e-01   2.8743604e-01  -2.6503764e-01   1.9109488e-01   7.8879978e-02   6.1280037e-04  -3.3202956e-01   2.2943852e-01   2.1550425e-01   2.2482973e-01  -4.6172056e-01  -3.3098825e-03   9.9672984e-02  -3.0475786e-01  -3.9417988e-01  -2.5961519e-01   3.9233522e-01   7.4432371e-03  -2.2228773e-01   4.7448843e-02   1.2290593e-01   2.5773410e-01  -1.2109746e-01  -2.4553150e-01   4.3186989e-03  -4.8542799e-01   1.1514978e-01   1.2535518e-01  -4.2542509e-01   6.3580308e-02   8.6492294e-02  -6.5729213e-02   1.6273108e-01   4.4722757e-01   4.0993578e-01  -2.6299310e-01   4.5125510e-01   4.2667674e-01   6.9014848e-01  -1.0897649e-01   1.0279829e-01  -3.1145348e-01  -1.5001498e-01  -1.3028020e-01   1.6147666e-01  -3.3047820e-02  -4.3754389e-01   2.6956546e-01  -2.2958813e-01  -2.3109702e-01   3.6342267e-01   1.2116724e-01   3.2270730e-01  -8.9298006e-02   4.2567330e-02   2.8445219e-01   3.9606908e-01  -2.4821522e-01  -2.9513829e-01   1.0675817e-01   2.0075444e-01  -4.6480669e-01  -6.6728595e-02   4.2310770e-01  -2.5620447e-01   3.5150393e-02  -8.4515319e-02
   3.0473046e-02  -3.1185541e-01  -4.1400372e-01   1.3210887e-01  -1.4105836e-01   3.6154369e-01   2.1456932e-01  -4.0305228e-01   4.5636344e-02   2.2080333e-01   0.0000000e+00  -8.3202421e-02  -1.6289073e-01  -1.2183934e-01   5.6953526e-01   2.0955400e-02  -3.3749328e-01   5.8174291e-01  -5.4654333e-02  -2.2595363e-01   6.9217088e-02   9.3421824e-02   1.6613378e-01  -1.8762209e-01   5.8118717e-02  -5.6922891e-02   2.7424710e-01   5.9591822e-02  -1.2023006e-01   4.0288023e-01   2.8145337e-01   4.9468682e-01  -1.9039134e-01  -2.9729762e-01   1.0113278e-01   3.8375195e-01   1.7055728e-02  -2.4424330e-01   1.5491736e-01  -7.2977442e-02   2.7666407e-01  -1.4587676e-01  -9.5198970e-02   1.7074790e-02   4.3996087e-01  -3.6911033e-01   8.3969688e-01   1.7969796e-01  -5.8021189e-02  -2.1504304e-01   7.3142938e-01  -2.4012851e-01   2.1868378e-02  -6.5526741e-02  -1.7939505e-01   1.6973683e-01   5.0783635e-02   3.7677016e-01   4.8416721e-01   3.3419589e-02  -3.8317595e-01   1.6579720e-01  -1.6740862e-01   2.1483447e-01   4.2253635e-01   4.9944201e-01   2.1968344e-01  -1.7290665e-01   7.0707109e-01  -3.3636638e-01  -2.3000207e-01   5.9417621e-01   3.5136352e-01   4.7431178e-02  -3.2760256e-02   1.7649995e-01  -3.6727530e-01   1.0461960e-01  -1.3702794e-01   3.8205115e-01   2.0148282e-01   2.3498670e-01   2.3596694e-01  -3.3291133e-02  -2.9120496e-01   3.1007480e-01   6.0982685e-02  -9.8622090e-02  -1.0391001e-01   8.0696794e-02  -2.3914247e-01  -3.7343797e-01  -4.6199462e-01   2.7132038e-01  -2.4850050e-01  -3.0248210e-01   2.3397510e-01  -5.8098985e-02   1.0926936e-02   3.7562971e-01  -1.6833499e-01   4.7090875e-01   1.3467768e-01  -1.5378616e-02   5.1355448e-01   9.2397273e-03  -1.6358312e-01   2.0536001e-01  -2.2747194e-02  -3.8505801e-02   5.7576296e-02   4.9556899e-01  -2.1820983e-01   4.5249949e-03  -2.9020629e-02  -3.4985009e-01  -5.6283016e-02   1.0640456e-01  -8.0327399e-02   5.0898829e-01  -2.3459722e-01  -3.0554188e-01  -2.2848089e-01   1.5708118e-01  -3.6257476e-01  -1.3804932e-01   3.7199094e-01  -8.0552036e-02   1.3925092e-01  -1.5259842e-01   1.3404430e-03   5.6401681e-01  -1.4969806e-01  -7.3300126e-02   1.6953660e-01  -1.8006769e-01   3.3224006e-01   1.4807204e-01   1.1483938e-01  -1.5209637e-01   3.9512863e-02  -3.9985958e-01   6.8252739e-01  -1.3380289e-01   3.0329340e-01   2.5165028e-01  -9.9073951e-02   5.4620635e-01  -1.1872562e-03   2.1429833e-01   6.9366922e-02  -1.5808130e-01  -3.4723295e-02   3.4445739e-01  -1.9738358e-01  -3.6854203e-03  -2.9966956e-01   3.3138496e-01  -4.0572095e-01   2.0634867e-01   1.9144141e-01   7.2946908e-01   5.3207259e-01   3.5870268e-01   2.7556507e-01  -2.3468507e-01   5.9835383e-01  -2.1463729e-01  -2.4066940e-01  -2.9980787e-01  -4.3307862e-01  -3.2950780e-01   2.9884140e-01   1.2060811e-01  -4.9396186e-02   1.1277341e-01   1.4915923e-01
  -2.9991881e-02   1.0172511e-01   8.1810190e-02  -1.2603872e-01  -1.6548968e-01   3.6666072e-01   5.6267280e-01  -1.1272534e-01  -7.3568025e-02   4.0962356e-01  -8.3202421e-02   0.0000000e+00  -1.4895271e-01  -1.4740071e-02   1.0025629e-01  -1.9808804e-01  -4.5015614e-02  -1.3699480e-01  -4.8781157e-02   2.2557606e-01  -2.2544710e-01   9.6951922e-02   5.3785375e-02   4.5882950e-02  -7.4085310e-02  -2.1201121e-01   3.4660699e-02   7.2764776e-02  -2.2923274e-02   1.0831167e-01  -3.0814892e-01  -1.2290389e-01  -3.0669705e-01   3.8525825e-01   1.3229289e-01  -7.9450551e-02   3.1845616e-02  -2.4586942e-01  -2.4453339e-01   2.3120832e-01  -1.7660740e-01  -1.1497843e-01   1.0634330e-01  -1.7274541e-01   1.1819819e-02  -2.0979307e-01  -2.0483772e-02   1.4220633e-01  -3.5697367e-02   8.4511017e-02  -2.7682742e-02  -1.7079888e-01   3.5026286e-02   1.8355559e-01  -7.5584112e-04   4.7337820e-02   3.8676637e-02  -9.9631220e-02  -2.6377137e-01   4.7766007e-01  -1.5163707e-01  -4.0162929e-03   1.4899891e-01  -2.9293093e-01  -3.5855641e-01   1.3383380e-01   3.3483613e-01  -1.3359386e-01  -3.7890708e-05   1.8162645e-01  -6.1029269e-03   2.2756773e-02  -1.4455245e-01   2.1544786e-01   2.2240096e-02  -2.7845842e-01  -2.0151951e-01   7.1383600e-02  -4.3981413e-02  -1.0671338e-01   1.8751445e-01   3.6264354e-02  -5.8658175e-02   6.3938237e-02  -2.4779462e-01  -1.9244164e-01  -2.2545924e-01   1.2169740e-01   1.3509872e-01  -8.5858576e-02  -1.6238635e-01  -2.5745331e-02   4.6327992e-01   3.8278042e-02  -2.9811912e-01   1.9027178e-01  -7.3594344e-02  -2.4700249e-01  -2.0881311e-01   1.4904168e-01  -3.6888755e-01   9.3295769e-03  -3.5077158e-02  -1.0147365e-01  -2.4726719e-02  -1.0822298e-01  -7.7339793e-02  -1.6108676e-01   2.3851520e-01   2.7946263e-01   4.0141553e-01   2.5382144e-01  -6.2371729e-02  -6.9244000e-02  -3.5848029e-02   3.1254150e-03  -1.9919782e-01  -1.6132926e-01   2.1857749e-01   1.2459234e-02  -1.7354443e-01   4.0891140e-03   1.8829302e-01  -4.2599488e-01  -3.1157728e-01   1.7506654e-01   1.0381374e-01  -1.5575712e-01  -3.8545030e-02   1.5360853e-02  -1.7345528e-01  -1.3409926e-01   3.2583645e-01  -2.7484989e-01   5.5404467e-02  -1.9397912e-01   7.2801216e-03   3.6654974e-02  -1.9576895e-01  -1.8424110e-02  -3.7447825e-02  -6.6886357e-02   7.9051076e-03   4.9165994e-01   1.4623027e-01  -2.7544970e-01   5.6052885e-01   1.2714642e-01   4.3402665e-01  -1.8033993e-01  -5.8544999e-02  -6.6527093e-02   1.5923518e-02  -2.3460236e-01   2.0370670e-01   3.7929841e-02  -2.1072153e-01  -6.6093424e-02  -6.1107795e-02  -1.7605428e-02   2.2175337e-01   1.7498315e-02  -4.2179016e-02  -1.1465233e-01   8.2419315e-02   2.7895819e-01  -5.9698416e-03   2.5106878e-02  -1.3157407e-01   1.7056943e-01   2.9900796e-01  -2.6314474e-01  -1.7866335e-01   4.1209817e-01  -7.4129050e-02  -1.6139771e-01   1.8949866e-02
   3.3008193e-01   8.9331032e-02  -1.1425901e-01  -3.7620823e-02   1.8844537e-01  -1.8841896e-01   6.8055840e-02  -2.6320040e-01  -8.7187474e-02   6.2773923e-02  -1.6289073e-01  -1.4895271e-01   0.0000000e+00  -5.9028222e-02   2.3871151e-02   2.7569540e-01   3.3526622e-03   2.1037136e-01  -2.6318280e-01   3.2792190e-01   1.9860965e-01  -2.4356768e-01   1.1085225e-01  -1.6909963e-01  -2.2186092e-01  -3.1572455e-01   4.8570756e-02   6.2978669e-02   3.3361749e-03   4.7643619e-02  -3.0574541e-02  -2.5743501e-01   1.8326672e-01   8.4191118e-02   1.8685472e-01   2.5906990e-01   1.0922630e-01  -6.2169824e-02   3.3928028e-01   3.7026771e-02   6.2533876e-01  -5.3964502e-02  -2.3034042e-01  -2.9407422e-01   2.7757426e-01  -1.1220941e-01  -8.7802898e-02   5.1803300e-02   4.7576932e-01  -5.5790642e-02   7.1013066e-02  -2.3247076e-01   7.8890778e-02  -1.8444795e-01   2.0993065e-01  -3.0301064e-01  -2.6760673e-01  -2.6231596e-01   2.4336531e-01  -1.7562748e-01  -2.0676052e-01   4.0116544e-01  -3.5963340e-01   7.7231609e-02   5.0437387e-02   2.0330297e-01  -1.5987477e-01   6.6858025e-02  -2.4960211e-01  -1.5400722e-02   1.2219266e-01  -3.2300907e-02   3.5821386e-01   1.8480865e-01  -3.6664282e-01  -3.4077473e-01  -1.8317646e-01  -4.2286474e-01   2.7540999e-01   3.2028818e-01  -4.1811076e-02   3.4447199e-01  -3.5592999e-02  -1.3307519e-01   3.6132427e-01  -2.6490280e-01  -2.4687392e-02   6.7947709e-02  -3.4840202e-01   3.3942320e-01   1.3418900e-01  -2.4182513e-01   5.7766396e-03  -2.7572864e-01  -4.9476755e-02   1.6701287e-01   2.4894705e-01  -3.5044718e-01   3.9946933e-01   1.9755227e-01   3.7504173e-01   1.9814717e-01  -1.4987276e-01  -1.4587294e-01  -1.4768908e-01  -2.1405428e-01  -4.2029980e-02  -4.0791516e-01   3.1849957e-01   3.3398012e-01   1.2223247e-02  -1.2775246e-01  -3.5277515e-02   4.1647145e-01   2.8730921e-01   3.1131190e-01  -3.7345311e-01   4.5315289e-01   2.3456797e-01  -2.8769345e-01  -1.2850843e-01   1.2469022e-01  -3.9461726e-01  -9.9167030e-02  -1.8398956e-03  -1.8015350e-01   1.5209501e-01   2.8017962e-01  -3.7251243e-01   7.8439147e-02   4.5340248e-01  -6.5056953e-02  -2.8826078e-02   1.2913955e-01  -4.6163262e-01  -3.3065474e-01  -1.1736965e-01   1.1791379e-01  -3.6850897e-01   2.7066415e-01   2.1266324e-01   7.1155956e-01  -1.3846825e-01   7.1259540e-02   8.2263827e-02  -1.9740310e-01   5.6893831e-02   1.1642716e-01   1.0995997e-01   5.7460477e-02   2.6949577e-01  -1.9922227e-01  -2.2247809e-01  -2.3963801e-01   1.2114900e-01   1.0131057e-01  -8.1394487e-02   2.9357162e-01  -9.3757769e-02  -2.9613922e-01  -1.9969751e-01  -2.2483829e-01  -8.5894344e-02  -1.1519726e-01  -3.9836437e-01   1.6831517e-02   3.0164765e-02  -2.0041157e-03  -5.1229904e-02   1.9829834e-01   3.6701533e-03  -3.4810289e-02   4.0695959e-02  -2.5167240e-02  -1.8575494e-01   2.5254819e-01  -2.4037248e-01
   1.9272639e-01  -3.3144266e-01  -1.4894093e-01   2.7553516e-01  -3.8044326e-01   1.0377093e-01  -8.1459122e-02   2.9400572e-01  -1.0408037e-01  -3.1801016e-01  -1.2183934e-01  -1.4740071e-02  -5.9028222e-02   0.0000000e+00  -1.1047622e-01  -2.2172578e-02  -1.6141134e-01   2.4802545e-01   4.4105735e-02  -2.6257827e-01   3.9734991e-01   4.2995687e-01   1.0587806e-01   5.8130809e-01   1.4661755e-02   1.5595374e-01  -2.6067900e-01   9.3824838e-02  -2.4244460e-01   1.0988389e-01   3.8210015e-01  -1.1198265e-02   2.2882724e-01  -1.7684714e-01   8.1381346e-02  -3.3255316e-01   1.1655388e-01  -2.0628163e-02   1.0295985e-01  -1.1416666e-01  -2.1334726e-01  -7.9873045e-03  -4.2967614e-01   2.7686837e-01  -1.9500709e-01   2.2188292e-01  -8.0591880e-02  -1.3616924e-01   2.6520620e-01  -1.5761423e-01  -5.8735429e-02   2.8885851e-01  -2.9482762e-01   9.2761191e-03   7.2463216e-01   8.3195447e-02   1.5858310e-01   1.0362784e-01  -1.6734885e-01  -7.6007292e-02   7.4247828e-02  -2.0712555e-01  -4.2611792e-01   7.5424307e-02   4.5589746e-02  -1.9702788e-01   1.1456314e-01   3.4436253e-01  -3.0443164e-02  -1.2692951e-01  -1.9468912e-01  -7.2926999e-02  -1.8391343e-01   3.8284140e-01  -2.1494645e-01   2.9264554e-01   1.5130360e-01   3.0742685e-01  -4.7085973e-01  -3.6010229e-01   3.1316755e-01  -2.4811381e-01   1.7142055e-01   2.0535753e-01   3.8160352e-01   1.7373177e-01   1.8460185e-01   6.5646055e-01  -4.9308804e-01   2.1429723e-01  -4.1937658e-01   5.1639874e-02  -3.0180892e-01  -1.8250738e-01   3.9632061e-02  -2.3130352e-01   1.2199656e-01   1.2476359e-01   2.6089185e-01   2.0791815e-02   3.9478393e-01   5.6703398e-02   6.5253170e-01   2.6886685e-01   3.4594529e-02   2.7206733e-01   2.3477719e-01   1.5760926e-01   1.0587719e-01  -3.3883585e-01   3.9090267e-02   1.4835376e-01   2.2861034e-01   1.2749771e-01   2.6913979e-01  -3.1274959e-01   3.7241599e-02  -4.6203552e-01   2.8134946e-01  -1.3522169e-01   2.4942741e-01  -3.9585132e-01  -3.9120298e-01   2.2557863e-01   1.3587927e-01   6.8353986e-01  -1.0582670e-01  -7.0569590e-02   2.6177164e-01  -2.2555053e-01  -2.3242831e-01  -3.1336195e-01   7.5198301e-01   3.1058046e-01  -1.0323078e-01   3.6838157e-01  -1.5927653e-01   4.2805114e-01   2.3161434e-01   5.5716996e-02   4.6746939e-01   1.8189940e-01  -2.5818700e-02  -4.1638065e-01  -9.2462939e-02   3.7034440e-01   8.9719481e-02  -5.3336177e-02  -2.5933101e-01   4.1212387e-01   1.6710718e-01   6.0870846e-01   1.7264205e-01  -8.9432650e-02  -4.0957706e-01   2.7369068e-01   1.5242430e-01  -3.2787810e-01   4.1407017e-02   4.1440001e-01  -6.9362981e-02  -1.5793037e-03  -1.9484663e-01   3.2380884e-01  -1.6903852e-02  -5.7425814e-01  -4.0364932e-01   2.3313194e-01   3.0570867e-01  -1.4682666e-01  -4.6986676e-01   1.6974334e-01   3.5868308e-01  -1.4210583e-01   1.2425219e-01  -8.5609879e-03   2.9601140e-01
