   0.0000000e+00  -2.7241408e-01   7.1543298e-02  -4.0686017e-02  -1.5281972e-01  -2.8662801e-01  -2.5196527e-01   5.1443374e-01   7.1809010e-02   7.6589919e-02   8.3608371e-02  -2.5218558e-01  -1.4592912e-01  -3.6737654e-02  -4.8229600e-03   3.8203075e-02   3.4861545e-02   7.0943376e-02  -1.5987199e-01  -1.1897080e-01  -1.6476550e-01  -4.8478558e-02   5.7610563e-02   5.6253397e-01   6.7411595e-02   4.0457917e-01  -5.8076010e-01   1.6515762e-01  -1.1292285e-02  -2.8440606e-01  -1.0996920e-01   1.7612382e-01  -3.4480131e-02  -7.6490824e-02  -3.8229035e-01  -3.3599367e-01   1.6422589e-01   2.4988260e-01  -2.3649894e-01  -5.9986460e-01  -2.6685266e-01   2.5839071e-01   1.9882629e-01   2.3067477e-01  -1.8567780e-01   6.5909975e-01  -1.2646340e-01  -3.7339788e-01  -1.2020923e-01  -2.9632408e-01   1.7120969e-01   5.1456524e-01  -2.1201469e-01   3.4774297e-02  -1.7596451e-01   1.3544479e-01  -1.5989574e-02   4.2922987e-01  -7.2153758e-02  -9.5813885e-02   4.6756597e-01  -4.6525347e-02   3.9588159e-01   2.7433497e-01  -5.0344312e-02   1.2878214e-02  -3.9348757e-01   1.6546418e-01   3.0093090e-01  -9.3509267e-02  -4.7566683e-01   1.1849862e-02  -2.1133035e-01   4.4527650e-01   4.1238232e-01   2.4705438e-01   4.8166512e-01   3.6464916e-01  -2.4137955e-01  -2.2668420e-01  -1.9047967e-01  -1.5254836e-01  -2.7731174e-01   3.2693359e-01   2.5838472e-01   3.6707698e-01  -2.2412671e-01   6.1180373e-01   2.6214514e-02   8.0501633e-01  -2.6443943e-01   5.1482172e-01   3.6275625e-02   3.6884778e-01   2.9452150e-01  -1.4070177e-02   2.6431495e-02   5.2678496e-01  -2.4899743e-01   3.7818281e-02  -2.6684762e-01   4.8823076e-01  -8.0932038e-02  -3.2570238e-01   4.0385312e-01   1.4045187e-01  -4.6665458e-02   4.4012976e-01   2.0339959e-01  -2.5271339e-01  -2.2274602e-01   1.7078826e-01   1.3835935e-01   8.4681423e-01  -2.2496148e-01  -1.4957613e-01   3.2712694e-01  -1.1716762e-01  -4.9497422e-02   5.4979545e-02   5.2211135e-01  -2.0068783e-01   8.9807089e-02  -1.8314053e-01   6.5937760e-01   3.5126854e-01  -5.1958333e-02   4.9009395e-03   8.1150005e-02  -3.1153208e-01  -2.1576949e-01  -2.6808587e-01   2.6604616e-01  -3.1395163e-01   4.8153945e-01   4.4301764e-01  -1.2053160e-01  -4.0210262e-01   5.9864279e-01   2.8993004e-01   6.6435029e-01  -1.2761735e-01   4.5086958e-01  -4.6066383e-01   8.9173040e-02  -1.4310076e-01  -5.6195617e-01  -2.7998876e-01  -1.2955735e-02   6.7412009e-02   5.4823761e-01  -2.4046275e-02   5.5816833e-01  -9.4259531e-02  -2.9472961e-01   2.4054740e-01   6.8345384e-01  -5.4958055e-03   4.6923727e-01   7.6301111e-02  -3.1806446e-02   3.7643646e-01  -1.3882588e-02   1.4768227e-02   4.2361703e-01  -9.7270308e-02   6.1977272e-02   2.3984384e-01   7.2093170e-01  -5.2162551e-02  -3.1078427e-01  -6.6454703e-02   3.0127003e-02  -2.7936431e-01   3.9879851e-01  -2.0840794e-01   3.2150030e-01
  -2.7241408e-01   0.0000000e+00   5.7900684e-01  -1.0502101e-01   1.7178952e-01  -2.1115579e-01  -2.1701789e-01   5.5961173e-02   1.3192996e-02  -3.5796594e-01  -5.0728099e-01   5.2111194e-01  -2.0016412e-01  -9.5873790e-02  -4.1997556e-01  -1.6727157e-01   5.8056332e-01  -3.8522382e-01  -4.1891755e-02  -8.0978255e-02  -1.6802900e-01  -4.5032591e-01  -3.8859062e-01  -3.9395511e-01  -3.5703938e-02  -9.9197339e-02   5.0893950e-01  -2.0152170e-01   1.3752824e-02  -7.0957940e-02   4.4217600e-01  -1.7232842e-01   7.5462856e-02   4.1763020e-01   6.6678235e-02   1.5936438e-01  -1.8666807e-01  -2.4802443e-01  -5.0887455e-02   6.8960231e-01  -6.0785303e-03   2.0746860e-01   3.9009321e-01   1.4241866e-02  -1.0184724e-01  -9.8139232e-02  -3.3912639e-01   3.4098234e-01  -2.8367602e-01   7.2552100e-01  -3.4478820e-01  -3.1854251e-02   7.0762766e-01   3.3027637e-01  -2.9054985e-02  -1.6638437e-01  -3.7360113e-01  -4.2883701e-01   1.8160600e-01  -7.8206352e-05   7.0009623e-02  -1.8842041e-01   7.9120708e-02  -3.4715543e-01   2.4689500e-01  -5.3276571e-01   4.2533599e-01  -1.2986334e-01  -1.5663225e-01   3.0401649e-01   8.6597265e-01  -3.6136167e-01   2.1485662e-01   7.4876192e-02   3.8253442e-01  -1.1413628e-01  -2.2923054e-02  -2.8671208e-02   5.1059299e-01   1.1768924e-01  -1.3447277e-01  -1.6187748e-01   6.6328799e-01   1.5918038e-01   2.6602577e-01  -1.5415495e-01   3.5430518e-01  -1.9842942e-01  -4.4568284e-02  -2.4755685e-01   5.0732569e-01   1.4351311e-01   6.5890014e-01  -3.4045757e-01  -3.9124758e-01  -1.5827846e-01  -1.0521573e-01   2.2841879e-02  -1.0266587e-01   9.5453619e-02   3.3622414e-01  -3.2214438e-01  -1.7102362e-01   2.6638290e-01  -3.4298904e-01  -1.0503687e-01   3.7800068e-01   6.6399656e-02  -2.7079470e-01   5.6316554e-01   3.9780581e-01  -3.6938101e-01  -2.5149938e-01  -1.8047945e-01  -4.1743945e-03   7.2167043e-01  -4.3504515e-02   8.7699254e-02   1.9123756e-01  -1.7562783e-01  -3.3041410e-01   6.2182537e-01   7.1597465e-02   6.7212252e-02  -9.0312252e-02   2.0357929e-02  -3.5391725e-01   2.8877288e-01  -2.7500401e-01   4.6011968e-01  -1.3204982e-01   2.5151870e-01   6.4258940e-01   4.3274209e-01  -1.4056835e-01  -1.2886541e-01   2.0858981e-01   1.7127104e-01  -1.8002272e-01  -4.6242905e-01  -5.3642321e-01  -3.0694415e-01  -4.3709050e-01  -1.0150343e-02  -6.6613942e-02  -1.8657213e-02   3.9227787e-01   3.0947982e-02  -3.2355723e-01   3.5354961e-01  -6.2663542e-02   6.2140817e-02  -1.2414212e-01   1.8340621e-01   6.9117352e-01  -3.0899475e-01  -2.6102291e-01   8.0408704e-02   2.0554517e-01  -4.2679651e-01  -2.7241264e-01  -4.2895967e-01  -1.3064687e-02  -2.6238150e-01  -9.5490739e-02   6.4577687e-01  -1.6257671e-01  -3.4948347e-02  -4.3227295e-02   7.7833328e-01   4.6495884e-01  -2.1992601e-01  -1.2293620e-01  -1.0858400e-01   1.3731637e-01   8.7427900e-02  -1.8619390e-01
   7.1543298e-02   5.7900684e-01   0.0000000e+00  -9.0805629e-02  -6.1949808e-02  -2.3241817e-01  -3.5032349e-01   3.9540677e-01   8.6314588e-02  -4.1087754e-01  -3.4369738e-01   4.2004473e-01  -3.0764396e-01  -1.9879191e-01  -2.4414522e-01   4.6502861e-02   8.3942057e-01  -3.9791612e-01  -5.6754445e-02  -2.0424972e-01  -3.9582261e-01  -3.6862134e-01  -3.3622353e-01  -1.4093408e-01  -1.1785327e-01   3.3724611e-01   2.6584000e-01   7.3782478e-02  -1.2578602e-01  -3.7923836e-01   3.0379550e-01   4.8035507e-03   2.0569061e-01   3.3278130e-01  -8.7421487e-02  -2.4431874e-02  -3.5876970e-01  -1.2488374e-01  -1.2349794e-01   4.5546644e-01  -1.9516780e-01   4.5765176e-01   4.9738642e-01   2.3347005e-01  -8.6578674e-02   3.4094718e-01  -3.2838769e-01   2.7545901e-02  -4.7588261e-01   5.9930160e-01  -2.2922122e-01   3.6433509e-01   3.0479824e-01   4.2502089e-01   1.4604633e-01   2.4787771e-01  -3.3233574e-01  -7.9985937e-02   1.6438177e-01  -4.7935576e-03   5.0431404e-01  -2.6271373e-01   1.9770058e-01   3.9259230e-02  -4.8095068e-02  -5.9723929e-01   2.7429291e-01  -7.4511904e-02   1.3176752e-01   6.4189475e-01   4.0615264e-01  -3.0763058e-01   9.9195410e-04   3.7276324e-01   3.6272233e-01   1.2890793e-01   3.7048108e-01   2.9988910e-01   1.6999017e-01  -1.0436795e-01   1.5096677e-01  -2.3757680e-01   4.5603748e-01   4.3774811e-01   3.8606176e-01   1.0858018e-01  -4.8646548e-02   1.0336948e-01  -1.1917261e-01   1.4284702e-02   1.3264611e-01   5.4778280e-01   6.3262373e-01  -5.2926502e-02  -1.6540923e-01  -3.1705482e-01  -7.1768397e-02   3.5549397e-01  -2.4725873e-01   5.4403392e-02   2.9491039e-01   9.2327114e-02   1.3822303e-03   4.9520167e-02  -6.2065684e-02  -1.9081693e-02   4.2925432e-01   3.8998121e-01  -4.2932006e-01   2.1588404e-01   5.0581724e-01  -1.8436483e-01  -2.0934734e-01   1.7498134e-01   2.3167291e-01   3.8963326e-01   3.8159901e-01  -8.6182980e-02   3.3646742e-01  -1.4564788e-01  -6.6798748e-02   4.1325701e-01   8.1198866e-02  -1.0015390e-01   2.7848145e-01   2.6979162e-01  -2.4927776e-01   2.4241999e-01  -1.5183117e-01   5.8550732e-01  -2.5189921e-01   1.7945627e-02   6.8886287e-01   3.7615175e-02   2.1384798e-01   1.4398804e-01  -1.3910805e-02   1.6359009e-01   2.0477778e-01  -3.2820574e-01  -1.8525975e-01  -3.9390243e-01  -1.0714895e-01   1.4635670e-01   1.4582891e-01   1.9191150e-02   2.4432888e-01  -4.0055067e-01  -4.3839486e-01   5.5946901e-02   3.1556695e-01   1.4901991e-01   2.8631339e-01   1.4973653e-01   6.8128918e-01  -3.1758765e-01   1.4615010e-01   9.0796556e-02   5.3715861e-01  -1.0316897e-01  -2.8779932e-01  -1.2133217e-01  -1.7072447e-01  -2.8524004e-01   2.0524660e-01   4.8697477e-01  -8.7215501e-02  -7.3893666e-03   3.6288881e-01   5.4706238e-01   1.0892324e-01  -2.8058468e-01  -1.3558571e-01  -1.7413458e-01   2.5689848e-01  -1.0448980e-01  -3.8719430e-02
  -4.0686017e-02  -1.0502101e-01  -9.0805629e-02   0.0000000e+00  -1.6557077e-01   3.1314308e-01   1.7704383e-01  -2.3683087e-01   4.1392713e-02  -4.0398419e-02   3.7213428e-01   2.8827824e-02   1.5849725e-01   2.4497958e-01   2.6856846e-01   3.5072594e-01   4.9345576e-02   3.7292967e-01   2.0475820e-01  -1.6675107e-01   1.7848659e-01   3.0175615e-01   8.3044287e-02  -6.0010912e-03   9.8838008e-03  -6.4030352e-02   2.1701746e-01   1.1290942e-01  -3.7860818e-02   1.2469794e-01   5.1820961e-02  -2.1579201e-01   1.2864645e-01  -2.7540821e-02   1.4074629e-01   1.8618019e-01  -1.7783969e-01  -3.0311837e-01   4.0012467e-01   6.4485933e-02   1.3197575e-01  -2.8164075e-02  -2.0139600e-01  -9.3893735e-02  -2.0438767e-01  -1.4987101e-01   3.7694790e-01   1.8008104e-02  -2.6302487e-02  -4.8039765e-02   1.1403528e-01  -2.8510373e-01  -7.8729575e-02  -6.6583783e-02   2.4445786e-01   1.7249077e-01   4.0818652e-01   3.8676385e-02   3.6667843e-01   1.6674534e-01   4.0770601e-02  -6.1221893e-02   7.3920692e-02   3.4507468e-01   1.0503595e-01   1.0974958e-01   1.3347103e-01   6.6383193e-01   1.1496950e-01  -5.0886917e-02  -8.3284038e-02  -8.7058054e-02   3.5724532e-01   6.7907796e-02  -8.9875316e-02  -6.9078990e-02  -1.8108719e-01  -4.1993339e-02  -6.0124793e-02   1.6061894e-01   2.6585932e-02   2.3193702e-01   5.3637083e-02  -4.9585576e-02   1.8685168e-01  -1.3810390e-01  -1.1905002e-01  -5.0774578e-02   2.6837701e-01  -9.3505295e-02  -2.4468225e-01  -2.0009928e-01  -2.1010595e-01   1.2477578e-01  -8.9275751e-02  -1.0371931e-01   3.4751844e-01  -7.9478986e-02   2.0224869e-01  -1.5290851e-01   1.3705043e-01   1.1672763e-01   3.9173647e-02   2.7357190e-01  -7.1767658e-02   3.3245895e-01   1.3017212e-01  -1.1469336e-01  -1.0011358e-01  -1.0090829e-01   6.9366674e-02   5.0584444e-02   7.5073723e-01  -3.2294604e-02   1.2766441e-01  -1.4426017e-01  -9.6050407e-02   3.4335334e-01   2.0425015e-01   5.5891474e-02  -1.2403934e-02  -2.6604350e-01   4.7571846e-02   1.2970709e-01  -2.4358427e-01  -4.5507100e-02   2.2843676e-01   7.1118354e-02   3.0096550e-01   1.1008912e-01   3.4108144e-01   5.9471482e-02  -1.2781799e-01   7.3268813e-02  -9.8387685e-02  -2.0675457e-02   2.5777983e-01   1.6249373e-01  -1.5949107e-01  -1.0203139e-01  -1.5178836e-02  -4.8494064e-02   1.3613277e-01   2.1195482e-01   1.5264466e-01   1.2847857e-01   7.3181589e-02  -1.9988366e-02   1.3921751e-01  -2.8345638e-02  -3.3901403e-02  -1.3213442e-01  -5.6321644e-02   9.1679466e-02   5.8742688e-03  -1.5157618e-01   1.5113797e-01   2.9016514e-01  -3.3058471e-02   1.3415294e-01  -1.2416957e-01   1.1156849e-01  -1.9769484e-01   4.8493705e-01  -1.5309617e-01  -2.4187649e-01   1.3674747e-01  -3.7980728e-02   1.3753767e-01  -1.2184113e-01  -1.3240499e-01   6.3017052e-03   5.6545194e-01   2.8782911e-01  -1.9493490e-01   5.2403637e-01   5.0179376e-01
  -1.5281972e-01   1.7178952e-01  -6.1949808e-02  -1.6557077e-01   0.0000000e+00   6.2428274e-02  -3.6740761e-02  -1.3035562e-01   7.1536960e-02   4.5400010e-01  -1.4393258e-01   1.3336829e-02   4.3629343e-01  -7.4933954e-03  -4.0954580e-01  -7.0432110e-02  -3.9144245e-02   1.8559423e-01   4.2658624e-01   9.0116351e-01  -1.4425227e-01   1.1453639e-01  -2.0992996e-01  -2.9052309e-01   4.4249117e-01  -1.0751050e-01   2.2562750e-01  -3.6269002e-01   3.2916492e-01   1.7248551e-01  -2.3207096e-01   2.2906612e-01  -4.8821940e-02  -1.6165413e-01  -1.9855302e-01   8.3016276e-02   6.8007711e-01   4.2735608e-01  -5.9840082e-02   1.8279567e-01   5.1521481e-01   6.1308452e-02   7.0755109e-02   1.5066885e-01  -3.6109696e-02  -1.7865313e-01  -1.2627208e-02  -1.7915400e-01   6.9834835e-01   3.1557369e-01  -5.7866930e-02  -1.2878918e-01  -1.3351879e-01   2.2292292e-01  -1.0307058e-01  -4.4242122e-01   9.5903801e-03  -6.5540623e-02   4.2853836e-02  -9.2322244e-02  -2.9447669e-01   6.0870888e-01   5.8310735e-02  -2.7638192e-01   2.0440574e-01  -8.6505244e-02   2.2870614e-01  -6.8456618e-02   8.0183955e-02  -2.0745153e-01   6.5122166e-02   2.8467489e-02   2.8354576e-02  -2.4033758e-01  -5.9262342e-02  -1.1199809e-02  -2.8160957e-02   4.9997130e-02   1.4770582e-01   4.6601341e-01  -2.4293814e-01   1.8057199e-02  -2.2716502e-01  -1.7343969e-01  -2.8233183e-01   3.9581777e-02   1.7866292e-02  -1.0265644e-01   2.3008726e-02  -1.5482556e-01   6.2537664e-01  -1.2576394e-01  -1.6134240e-01  -1.5397356e-01   1.7767523e-01   8.2466371e-01   2.3498059e-01  -2.3371573e-01   4.5903974e-01   5.7482103e-02  -2.8511882e-01  -6.1135183e-01   2.9955414e-02   6.1503688e-03  -1.6366729e-01   1.9843296e-01   3.0343978e-01   3.1407613e-02   6.0498259e-01  -8.7159502e-02  -2.8979464e-01  -9.9781288e-03  -8.5549533e-02  -1.4739059e-01  -1.9948140e-01  -1.4020091e-01  -2.0247420e-01   1.5290553e-02  -1.1627128e-01   9.9329027e-02  -4.6725594e-02   5.0223558e-01   1.1125846e-01  -2.4533586e-01  -8.8969610e-02  -5.6711530e-02  -1.6711086e-01   4.3809351e-01   2.2765893e-01  -1.1498823e-01  -7.1105568e-05  -9.6569047e-03  -1.1716367e-01  -1.3855515e-01   3.2190517e-02  -1.5172620e-01   3.0695892e-01  -1.2353409e-01  -1.4345850e-01  -5.4973196e-02   8.7844555e-02   4.1789507e-01  -2.1766753e-01   9.9639302e-02  -3.9433800e-01  -2.1863323e-01   2.4655233e-02   2.0401088e-02  -5.2178830e-02   2.5717780e-01  -4.1007591e-01   1.2101232e-01  -1.8033279e-02  -2.7052164e-01   1.9022440e-01   7.3493934e-02  -2.3720201e-01   5.6088354e-02  -1.5046849e-01  -2.0366324e-01   3.1793956e-01   6.6371057e-02   6.2999763e-01  -4.7050793e-02   3.8915643e-02  -1.3242084e-01  -2.0928080e-01   1.0523031e-01  -9.7314855e-02  -1.0300328e-01  -4.8696894e-03  -1.5391770e-01  -7.7127629e-02   1.6906406e-01   1.9606302e-01   2.2333203e-01   5.6105308e-02
  -2.8662801e-01  -2.1115579e-01  -2.3241817e-01   3.1314308e-01   6.2428274e-02   0.0000000e+00   7.3202833e-01  -6.4177396e-01  -3.0346708e-01   2.8259989e-01   4.1963267e-01   3.1887897e-01   4.1248054e-01   6.2499707e-01   4.2953584e-01   2.2162707e-01  -1.6351603e-01   4.2462501e-01   5.8305957e-01   2.9250257e-01   5.2729571e-01   5.6750733e-01   2.5978207e-01  -3.5568328e-01   1.3281068e-01  -2.6216085e-01   2.3725676e-01  -6.5008914e-03   6.3522041e-02   6.9132188e-01  -4.3049597e-01   1.2527475e-01  -9.9451187e-02   1.2741405e-01   4.9916905e-01   4.6969999e-01   1.4225158e-01  -2.0567495e-01   1.9822299e-01   1.6195642e-01   3.4752495e-01  -1.0316678e-01  -5.6227634e-01  -9.9284913e-02   1.5467672e-01  -5.3485250e-01   6.5063501e-01   2.5744687e-02   2.7859039e-01  -1.0119896e-01   4.9771607e-01  -5.5430386e-01  -3.8418215e-02   2.2038099e-01   1.5488235e-01   1.4745748e-01   6.6340575e-01   2.3873759e-01   2.7221594e-01   5.7136863e-01  -4.4822929e-01   2.7076753e-01  -2.1950134e-01   7.2806887e-02  -4.4319131e-01   7.0180395e-01   5.8709484e-01   5.4035393e-02   4.8532356e-02  -3.9436973e-02  -1.9243006e-01   4.0796781e-01   1.6337049e-01   8.7962934e-02  -3.0887119e-01  -3.8906951e-01  -5.1183373e-01  -1.6032611e-01   1.6170688e-01   3.5886278e-01   1.9118975e-01   1.8066187e-01  -5.5895893e-02  -4.6058161e-01   8.9293174e-02  -3.1485695e-01  -6.4188237e-02  -1.7998205e-01   2.3718081e-01  -2.8686576e-01  -1.2082398e-01  -5.0486204e-01  -3.2205712e-01  -4.6747303e-02  -1.6513202e-01   2.0459892e-01   3.5883278e-01  -4.6006501e-01   3.3907097e-01  -1.2422471e-01  -2.6717166e-02  -1.7937761e-01   1.0118462e-01   3.8071854e-01   7.0374089e-02  -1.2427308e-01   2.0188128e-01  -3.7379045e-01   1.3375769e-01   1.0078295e-01   9.6644135e-02   6.0613629e-01   2.9861961e-01  -3.9511325e-01   2.1012931e-01  -4.8551389e-01  -3.0204034e-01   2.4513666e-01   3.1294933e-01   4.1841627e-01  -1.6636646e-01  -2.5283378e-01   3.8266050e-01  -1.5318486e-01  -4.5961863e-01   1.7932029e-01   4.6453823e-01   6.6909389e-02   2.1492572e-01   3.0232253e-03   2.4220648e-01   1.1064317e-01  -5.2139147e-01   6.2775220e-02  -6.2633585e-02  -5.4168754e-01   3.2710493e-01  -2.8297877e-02  -3.5553659e-01   3.4872204e-02   7.4349008e-02   1.9370074e-01   7.8133900e-02   5.9058018e-01  -5.4466012e-02  -2.6092756e-01   3.2814639e-01   1.0709974e-01   7.7120983e-01  -1.9085905e-01  -2.6413211e-01  -2.4985838e-01  -1.9264250e-01  -2.6812014e-01  -2.0295355e-02  -2.5506759e-01  -3.1903721e-01   2.9159112e-01  -5.0294282e-01   3.9213676e-01   3.0740277e-01  -2.6503355e-02   2.4918703e-02   2.9604585e-01  -6.9753264e-02  -4.7764848e-01   1.2111839e-01  -2.3137338e-01  -1.0935174e-01  -5.3580082e-01   7.4923212e-02  -1.0240395e-01  -8.7832473e-02   9.1592538e-01  -6.9347026e-02   2.6059621e-01   1.6004012e-02
  -2.5196527e-01  -2.1701789e-01  -3.5032349e-01   1.7704383e-01  -3.6740761e-02   7.3202833e-01   0.0000000e+00  -4.6716271e-01  -5.0741808e-02   3.5756540e-01   4.0848018e-01   4.4492251e-01   2.8065618e-01   4.7599229e-01   6.1915096e-01   1.2814524e-01  -3.6049909e-01   5.1784917e-01   3.4285950e-01   1.6614370e-01   6.0170808e-01   4.0353137e-01   6.2806345e-01  -3.9803556e-01   1.5846253e-01  -2.5269557e-01   9.5136448e-02   4.1550911e-02   2.2713822e-01   7.0791887e-01  -2.0871833e-01  -4.8576576e-02  -1.7574533e-01   3.9746995e-01   6.7932881e-01   4.8686395e-01   1.2856723e-01  -2.2467285e-01   8.7246400e-02  -1.9067769e-04   2.8352851e-01  -2.2371462e-01  -4.4644687e-01  -1.1134682e-01   4.0375498e-01  -5.0686921e-01   5.5240738e-01   3.5342139e-01   2.8198181e-01  -3.3300422e-01   4.7976929e-01  -4.8788959e-01   7.0526168e-02   2.0021000e-02   9.8908759e-02   1.7421552e-01   4.3187105e-01   1.5283660e-01   2.3968538e-01   6.5271270e-01  -5.3266351e-01   3.3162878e-01  -9.0323098e-02   5.5655104e-03  -1.7931848e-01   7.2109649e-01   3.8641082e-01   1.1160951e-01  -7.6720359e-02  -7.2971469e-02  -1.1198391e-01   3.0878033e-01   7.1445573e-02  -5.0823849e-02  -3.8011967e-01  -3.0046473e-01  -4.9337955e-01  -4.6225968e-02   3.6903243e-01   2.2280817e-01   4.1272851e-01   3.3841731e-02   4.2577157e-02  -3.7020522e-01   5.2677764e-02  -2.7450679e-01   4.6116643e-02  -2.2289424e-01   4.6516265e-01  -3.0508357e-01  -1.7247479e-01  -4.7022599e-01  -3.4554694e-01   1.1319650e-01  -2.2354766e-01   6.9104439e-02   3.0529893e-01  -4.3977028e-01   3.7148512e-01   2.9001381e-01   9.3626727e-02  -4.7498568e-02   2.2084760e-01   4.0363656e-01   1.7204913e-01  -1.1839827e-01   1.3175309e-02  -3.7723735e-01   1.6105537e-01   4.6722756e-02   2.6768584e-01   3.7833172e-01   2.7233125e-01  -4.3735931e-01   2.5641596e-01  -4.5566702e-01  -3.0892773e-01   2.5345360e-01   3.6644649e-01   1.3381284e-01  -2.4142287e-01  -3.9719514e-01   3.2365946e-01   1.5747354e-01  -3.9710258e-01  -8.0422269e-03   6.9860863e-01  -1.1355452e-01   8.0976818e-02  -7.8668940e-02   3.2766831e-02   4.7631307e-01  -5.7505550e-01   3.4863950e-01  -1.9968460e-01  -3.2700632e-01   1.2258479e-01   2.2652274e-01  -2.7358855e-01   6.4735621e-02  -4.9731527e-02   5.9963905e-03  -4.7126380e-02   4.5719593e-01   2.9884583e-01   7.4955804e-02   5.0122810e-01   3.2664681e-01   7.6339592e-01  -3.3775278e-02  -2.3529485e-01  -5.7677628e-02  -3.6763359e-01  -2.6838225e-02  -2.2016769e-01  -2.7014985e-01  -4.5374857e-01   3.2109775e-01  -5.6772258e-01   5.0391808e-01   2.9213809e-01  -1.5575045e-01   5.0379118e-02   4.7316909e-01  -1.8080574e-01  -3.1472288e-01   4.5396086e-01  -9.2502366e-02  -3.0771084e-01  -5.6465949e-01   2.2384581e-01  -1.9725851e-01   1.9770340e-01   6.7313838e-01   3.7808047e-03   1.2738621e-01  -2.4780314e-02
   5.1443374e-01   5.5961173e-02   3.9540677e-01  -2.3683087e-01  -1.3035562e-01  -6.4177396e-01  -4.6716271e-01   0.0000000e+00   3.9032493e-01  -2.0876834e-01  -6.4985443e-02  -1.3073012e-01  -3.7154363e-01  -3.5872053e-01  -1.4036730e-01  -3.2442063e-02   3.6071484e-01  -7.8509620e-02  -2.4977137e-01  -2.2496568e-01  -3.6702806e-01  -3.0667549e-01  -1.2970615e-01   3.2402231e-01   7.4641124e-02   7.0715349e-01  -3.2059224e-01   2.7828290e-01   2.6868970e-02  -4.6825888e-01   2.6623114e-01   2.5145485e-01   1.2083240e-01  -8.5895652e-02  -4.1691295e-01  -3.4523550e-01  -6.9617222e-02   1.1842142e-01  -3.2586532e-01  -2.9196081e-01  -3.9986486e-01   3.0532785e-01   5.3397913e-01   5.2908838e-01  -1.7381140e-01   7.8131454e-01  -3.3053155e-01  -2.7039476e-02  -3.4346702e-01  -6.8849461e-02  -9.2777705e-02   8.3545207e-01  -5.6426897e-02   4.3765901e-02  -6.2943312e-02   2.8117129e-01  -3.0150480e-01   2.4650136e-01  -5.6328458e-02  -3.3813333e-01   6.7266187e-01  -1.7008243e-01   4.7269557e-01   2.0047150e-01   2.3576206e-01  -4.8583094e-01  -3.2277227e-01   3.1636532e-02   4.1435899e-01   3.0588390e-01  -7.9836192e-02  -2.3604625e-01  -2.7978049e-01   1.9014369e-01   3.5251714e-01   6.0329566e-01   6.0156752e-01   6.4018151e-01  -1.8433953e-01  -3.4920496e-01   1.0229931e-01  -4.0710242e-01   1.2698336e-01   8.1343772e-01   1.2003114e-01   6.4035418e-01  -1.2560536e-01   5.5810568e-01  -2.5841426e-02   5.4190248e-01  -1.6857223e-01   7.8866391e-01   1.4061221e-01   3.7032511e-01   2.5680120e-02  -2.3001385e-01  -1.2592535e-01   7.5902948e-01  -3.5432865e-01   2.1495568e-01   1.3925849e-03   4.2778742e-01   2.4860321e-01  -3.9962544e-01   3.4588551e-01   3.7298603e-01   1.4387633e-01   7.7938063e-01  -3.3273162e-02  -2.5127387e-01   4.2386606e-02  -1.8014938e-01  -8.2551554e-02   6.2762745e-01   1.9138314e-02   1.0846392e-01   6.0100492e-01  -2.9703462e-01  -4.0357122e-02  -1.4710344e-01   3.5585568e-01  -4.0475502e-02  -1.0480733e-01   4.3374066e-02   7.8802624e-01   2.1529193e-01  -1.6107982e-01   9.0875324e-02   8.4049913e-02   7.9985353e-02  -4.8518388e-01  -2.7485202e-02   5.2123727e-01  -9.7065566e-02   4.3913468e-01   7.9022608e-01  -3.7591980e-01   9.1167416e-02   8.0394726e-01  -1.4859129e-01   9.4631780e-02  -3.5808817e-01   3.4028286e-01  -3.4432082e-01   2.3662235e-01   2.2621633e-01  -3.7134369e-01  -3.8113265e-01  -5.8770618e-01   2.7794861e-01   5.8490593e-01   5.4781085e-01   5.4069811e-01   2.9907595e-01  -7.4859063e-02  -9.6535202e-02   4.8275205e-01  -3.6779277e-02   7.4172040e-01   1.0406734e-01  -8.0926998e-02   3.7579598e-01  -2.0141709e-02  -1.1554236e-02   5.6600964e-01   1.7706209e-01   1.5728429e-01   2.7053597e-01   4.3567117e-01   2.5774617e-01  -3.7895019e-01  -3.5427548e-01   1.1415889e-01  -6.2085961e-01   4.5488598e-01  -3.6267259e-01   3.7100054e-01
   7.1809010e-02   1.3192996e-02   8.6314588e-02   4.1392713e-02   7.1536960e-02  -3.0346708e-01  -5.0741808e-02   3.9032493e-01   0.0000000e+00  -6.2265315e-02   2.1029218e-01   1.4750375e-01  -8.3268099e-02  -2.6102872e-01   2.2258568e-01  -1.5983268e-01   1.4393170e-01   2.9163331e-01   1.5258096e-01   1.7558962e-02  -1.8536309e-01   6.1185743e-02   5.4087353e-02  -2.4801682e-02   2.7076254e-01   4.0976331e-01   1.4315409e-01   2.2802946e-01   3.4076555e-01  -9.6957210e-02   3.3806221e-01   8.0416370e-02  -1.7121829e-01   1.1886972e-01   6.1279899e-02   9.3691444e-02  -7.4544231e-02   4.8354474e-02  -2.7932863e-01   4.5571988e-02  -1.3649303e-02  -1.0078748e-01   5.9045783e-01   5.2614077e-01   1.6862334e-01   3.6359790e-01   1.1796105e-01   1.9626066e-01  -2.2500637e-02  -3.5592824e-02   1.6052533e-01   2.4587396e-01  -2.6231403e-02  -1.3856691e-01   3.3453079e-01   2.9653813e-01  -6.5279979e-02   1.8089104e-01   2.2670433e-01   1.0719272e-01   1.1789413e-01   2.0083699e-01   6.6056259e-01   2.0773218e-01   4.2755606e-01  -2.1323165e-01   8.2754252e-02   2.7072196e-01   2.9542667e-01   2.3933367e-01  -8.9057638e-02  -6.3305191e-02  -2.2295244e-01  -9.7007252e-02   3.8587885e-02   4.8183946e-01   1.2533282e-01   5.2511980e-01   1.2817978e-01   4.6819678e-02   2.2115842e-01  -5.4428323e-01   3.3739698e-02   5.0256190e-01  -2.7463000e-02   3.7646702e-01   2.4796610e-01   2.2303340e-01   2.8583170e-01   1.6325802e-02   3.7479823e-02   1.0111845e-01  -8.7615742e-02   5.9129340e-01  -1.7717330e-01  -1.1002534e-01   1.3218353e-01   1.2815502e-01   2.0119712e-01   2.5248375e-01   1.1385023e-01   1.3020773e-01   3.2233518e-01   2.1512961e-01   3.3556046e-01   2.8464210e-01   1.0359059e-01   2.8509512e-01  -1.1511219e-01  -3.4182858e-01   1.3311105e-01  -4.5631023e-02   2.2157561e-01   1.0531970e-01   2.2640659e-01  -2.1246570e-02   2.6226948e-01  -9.5812395e-02  -6.5178842e-02  -9.8891765e-02   8.1526862e-02  -6.4337084e-02   2.4092763e-01   4.2597487e-01   3.7619494e-01  -2.0590358e-01   1.6022729e-01   1.2457562e-01   2.8468930e-01   1.0327798e-01  -4.9493718e-01   3.5601686e-01   5.2676684e-02   1.4947025e-02   3.8179998e-01   5.7186642e-01  -2.2738604e-01   4.2869175e-01   3.6355753e-01  -3.8912176e-01  -1.0409389e-01  -3.8550236e-01   1.3166281e-01   8.0772834e-02   4.5240503e-01   5.4920071e-01   8.5236313e-03   4.5634334e-02  -3.8441645e-01   7.8885968e-02   2.5276331e-01   4.6430846e-01   8.6597047e-02   4.2604716e-01   8.9014258e-02  -3.3795916e-01  -8.0216124e-03   1.7617250e-01   1.3490659e-01   1.2664279e-01   2.0189716e-01   2.3210549e-01   1.6892305e-01   3.6788830e-01   2.0476661e-01   2.5016611e-01   4.0192667e-01   4.7591543e-01   1.2269623e-01  -5.9589641e-02  -1.5853523e-02  -4.7216314e-01   4.7756479e-01  -2.5233515e-01   2.7582468e-01  -6.0841181e-02   4.1241301e-01
   7.6589919e-02  -3.5796594e-01  -4.1087754e-01  -4.0398419e-02   4.5400010e-01   2.8259989e-01   3.5756540e-01  -2.0876834e-01  -6.2265315e-02   0.0000000e+00   9.3221296e-02  -8.5330975e-02   4.4873466e-01   1.4739306e-01   7.5570060e-02   3.8556270e-02  -4.3818914e-01   2.9853604e-01   1.7840586e-01   5.8597019e-01   9.3878260e-02   8.0698164e-02   4.7953383e-01   1.6039249e-01   1.9352482e-01  -1.0818270e-03  -1.9362298e-01  -7.7621631e-03   1.5015037e-01   2.2314032e-01  -3.5284513e-01  -3.4047370e-02  -1.9008334e-01   3.4220802e-02  -5.6556928e-02  -3.1244698e-03   5.0050603e-01   1.7811142e-01  -2.9022523e-03  -2.7168771e-01   3.0498144e-01  -2.1757459e-01  -3.8406210e-01  -1.1201160e-02  -1.2634268e-01  -2.1141854e-01   1.6139975e-01  -2.1058349e-01   4.6974178e-01  -3.7296689e-01   1.3746943e-01  -1.1922724e-01  -2.4932539e-01  -1.8632639e-01  -1.6826437e-01  -1.1592624e-01   1.9614447e-01  -4.9461062e-02  -4.8678915e-02   8.8110224e-02  -3.7982254e-01   6.1359848e-01  -1.2629138e-01   1.0661982e-01  -2.2091052e-01   5.0960964e-01  -1.0766668e-01  -5.8668653e-02  -3.5200948e-02  -2.4720259e-01  -3.5036939e-01   3.2937138e-02   2.9974722e-02  -2.0243749e-01  -2.6562732e-01  -2.2161819e-01  -1.8565574e-01   7.8081518e-02  -1.1143050e-01   6.6262730e-02   8.0221590e-02   1.5766966e-01  -3.2009012e-01  -2.5499087e-01  -2.0236372e-01  -8.2358546e-02  -4.7663603e-03  -5.6025151e-02   1.3804991e-01   1.5021058e-01   1.0430312e-01  -2.0069583e-01  -4.2517197e-01  -8.1917914e-02   1.3699274e-01   6.4315164e-01   1.7609825e-01  -1.2592860e-01   1.8330445e-01   2.5335727e-01  -2.1323231e-01  -6.9191088e-02  -1.1945978e-01  -5.8778474e-02  -8.1451465e-02  -6.4266235e-02  -2.5682802e-01  -6.5748852e-02   6.7327128e-01  -1.9861490e-01  -2.3540735e-01   7.7118552e-02   5.3485172e-02  -4.5798357e-03   9.3788451e-03  -4.1670400e-01  -1.2280004e-01   1.1673892e-01   8.7118836e-02  -5.9879735e-02   1.4086456e-01  -5.9943742e-02  -1.4706270e-01  -2.5084798e-01  -1.4089453e-01  -9.3319083e-03   7.2810077e-02  -1.4725807e-01  -2.7489789e-02  -1.7305775e-01   7.4960068e-02   6.6558641e-02  -5.2666903e-01  -8.8198991e-04  -1.7692235e-01  -2.5894528e-01   7.6641551e-02  -5.4254712e-02  -1.0905354e-01   2.5336652e-01   1.6539229e-01   2.7728718e-01   5.1244459e-03   2.0373217e-01  -1.9047330e-01  -2.1029340e-01   1.2971519e-02   2.2079281e-01   4.5934009e-01   6.7520284e-02  -1.5701552e-01  -1.4819036e-01  -4.8397270e-02  -1.9672581e-01  -2.6010958e-01   3.7490580e-01  -6.5595842e-02   1.2195711e-01  -2.9103354e-01   1.8942330e-01   7.9405411e-02   2.4628404e-02   6.7639016e-01   6.3613426e-02  -4.4468693e-02  -4.6408013e-01   5.3439465e-02   1.7816545e-01  -1.4524266e-01  -4.6125464e-01  -5.6687808e-03   5.7501562e-02   1.6735461e-01   3.1351044e-01   7.1122303e-02  -4.3666832e-02  -3.6111479e-02
   8.3608371e-02  -5.0728099e-01  -3.4369738e-01   3.7213428e-01  -1.4393258e-01   4.1963267e-01   4.0848018e-01  -6.4985443e-02   2.1029218e-01   9.3221296e-02   0.0000000e+00  -1.0107545e-01   2.3035328e-01   1.9611637e-01   5.7099514e-01   2.0867763e-01  -2.5728506e-01   6.9851731e-01   3.1077966e-01   4.6688354e-03   4.8001798e-01   5.4123408e-01   3.3032997e-01   1.0280350e-01   1.6509180e-01   2.2139295e-01  -1.3957767e-02   4.5225212e-01   1.0235518e-01   2.6106337e-01  -7.2371775e-02   3.4017309e-01  -9.3189566e-02  -1.8682714e-01   7.3832521e-02   3.8307294e-01  -4.6966284e-02  -3.2762525e-02   5.8990055e-02  -2.8937148e-01   1.4194194e-01  -5.6374026e-02  -2.1786215e-01   2.3605850e-01   1.7988401e-01   2.1164087e-03   8.3266797e-01   2.2209571e-02   9.8359979e-02  -4.7747937e-01   7.1947962e-01  -4.7315688e-02  -3.2490838e-01  -6.0562720e-02   2.8905492e-01   4.4577198e-01   6.7364361e-01   5.7191178e-01   4.1164554e-01   1.6290486e-01  -4.7140989e-02   9.7989773e-02   2.6339768e-01   4.8161498e-01  -5.7613494e-03   5.4862681e-01   5.6665457e-02   2.3391081e-01   5.4682823e-01  -8.0509825e-02  -4.9108831e-01   4.8008981e-01   2.0934565e-02   1.3622961e-02  -2.8072062e-01   2.0911053e-01  -8.6068482e-02   3.1275396e-01  -1.0916737e-01   1.1615731e-01   3.0821786e-01  -3.8830032e-02  -1.8840703e-01  -3.3935422e-03  -6.1863752e-02   2.0539669e-01  -1.8223378e-01   2.9563821e-01   2.1866943e-01   8.5149878e-02  -3.1668553e-01  -1.5052121e-01  -6.3795124e-01   5.3176118e-01  -8.5208108e-02  -8.5387671e-02   2.7304641e-01  -1.0086841e-01   2.5826601e-01   1.0294428e-03  -1.0712861e-01   3.6789341e-01   2.7257033e-01   9.9802227e-03   5.5304089e-01   2.6074665e-01   6.9774551e-02   4.3061919e-02   1.4841814e-02  -4.0708147e-01  -1.5593596e-01   4.2599345e-01   4.3424617e-01  -8.2571584e-02   2.0559602e-01  -4.8616083e-01   9.7328345e-02   1.6024340e-01  -1.2157947e-02   4.2103277e-01   2.3366728e-01  -5.8869603e-01   2.9420695e-01   2.5869228e-01   4.2691929e-02  -2.7398843e-02   5.4969303e-01   9.5256181e-02   4.7681268e-01  -1.8919034e-01   1.3789319e-02   2.2395338e-01  -4.1040849e-01  -6.3816965e-02   3.2437678e-01   2.4092788e-01  -4.3599647e-02   1.5676925e-01   2.3527733e-01  -1.3723475e-01   2.0723492e-01  -4.4850635e-02   6.3857718e-01   2.4728919e-01   2.4602751e-01   2.8520873e-01  -1.4945864e-01   7.0319858e-02   3.0800429e-01  -5.4279610e-02   1.5724371e-01   8.9917820e-02   1.0932027e-01   2.9398893e-01  -3.6410980e-01  -2.6043779e-01   1.0669102e-01   3.7168121e-01  -9.8562273e-02   5.7575609e-01   3.5505149e-01   5.9255692e-01  -9.7673336e-02   6.5879122e-01   2.4227435e-01  -5.3024685e-01   3.9503612e-01   5.2211520e-02   1.6563616e-01  -5.2482441e-01  -4.3164259e-01  -2.3662806e-01   3.2830104e-01   3.0872050e-01   1.5386180e-02   2.0658276e-01   3.8017332e-01
  -2.5218558e-01   5.2111194e-01   4.2004473e-01   2.8827824e-02   1.3336829e-02   3.1887897e-01   4.4492251e-01  -1.3073012e-01   1.4750375e-01  -8.5330975e-02  -1.0107545e-01   0.0000000e+00  -7.5610155e-02   1.9497165e-01   2.5716339e-01  -2.8643678e-02   3.9607488e-01   1.5639635e-02   2.7520527e-01  -3.2169290e-03   1.3900838e-01  -1.1122185e-01   1.2399236e-01  -4.9669912e-01   1.5902542e-02  -3.3833167e-02   4.0062581e-01   6.9318011e-02   2.4047309e-01   2.7073615e-01   2.3376423e-01  -7.7666830e-02  -7.5456851e-02   7.9619176e-01   5.5364315e-01   4.2605175e-01  -1.6240653e-01  -3.7793472e-01  -1.0825021e-01   5.6952860e-01   9.5882209e-02   1.4924836e-01   2.3448044e-01   9.6041104e-02   3.4305884e-01  -2.6999585e-01   8.9220427e-02   4.2368955e-01  -1.9556718e-01   4.0169401e-01   1.3955959e-01  -2.0076711e-01   5.1895736e-01   4.1840310e-01   2.2978024e-01   2.3322173e-01  -5.0012535e-02  -6.9503191e-02   3.9140500e-01   6.0561983e-01  -2.1381323e-01   1.1461017e-01   1.8977005e-01  -6.3898343e-02  -6.2790952e-04  -2.0858634e-02   6.5223116e-01  -7.6691896e-02  -8.6027149e-02   3.8317489e-01   3.9704282e-01  -7.0908971e-02   1.0093137e-01   3.5332918e-01   2.2305709e-01  -1.8435632e-01  -3.8148150e-01   1.5113711e-01   5.9051720e-01   2.0516236e-01   3.9891930e-01  -2.2483961e-01   5.1008013e-01   6.6292597e-02   4.0873028e-01  -1.8771863e-01   2.7779044e-01  -1.2593918e-01   2.6273428e-01  -2.9035394e-01   1.2875448e-01  -9.9058763e-02   4.7977339e-01  -6.3615000e-02  -5.1379415e-01  -2.0821751e-01   2.1788872e-01  -2.2058655e-01   1.2222830e-01   3.9946404e-01   3.4035695e-01  -9.3053272e-02   1.0234026e-01   4.5499443e-01   7.0059022e-02  -1.8085350e-01   4.2649115e-01  -1.3655821e-01  -1.9746150e-01   3.8696323e-01   7.5385088e-01   1.1079568e-01   5.9007294e-03  -3.0565113e-01   4.2073260e-01   2.0343559e-01   7.4723805e-03   1.9220153e-01   4.6235601e-01  -4.6117670e-02  -3.5514625e-01   2.7786594e-01   4.6867590e-01   1.5798516e-01  -1.8912914e-01   2.5970255e-01   2.5985938e-01   2.2850718e-01  -1.0137074e-01   3.7220384e-01  -2.7133242e-01   5.3111012e-01   2.6050659e-01   4.1508243e-01  -1.4626822e-02  -2.0780959e-01   1.8814196e-01   3.4106514e-01  -1.3262040e-01  -4.3587167e-01  -3.9223705e-01  -4.5654689e-01  -2.3437207e-01   4.2441233e-01   4.2521713e-01   1.2448292e-01   7.2693264e-01   7.2823014e-02   1.9822929e-01   1.8562196e-01   8.7386695e-02   4.4250869e-02  -1.6928198e-01   1.3145536e-01   5.5342675e-01  -5.1918502e-01  -4.3556119e-01   3.8784248e-01  -1.0929892e-01   1.2546646e-01   3.8652902e-02  -4.3820933e-01  -3.6963084e-02   9.9089427e-03  -6.6760429e-02   3.7979471e-01   2.8169749e-01  -1.1318431e-02  -2.0679058e-02   2.0375120e-01   5.0926122e-01  -5.0032611e-01   5.4090867e-02   3.8950027e-01   2.6442676e-01   8.4321367e-02  -1.2304644e-01
  -1.4592912e-01  -2.0016412e-01  -3.0764396e-01   1.5849725e-01   4.3629343e-01   4.1248054e-01   2.8065618e-01  -3.7154363e-01  -8.3268099e-02   4.4873466e-01   2.3035328e-01  -7.5610155e-02   0.0000000e+00   2.7249457e-01   3.0430367e-02   4.7322125e-01  -2.4264874e-01   4.6781902e-01   4.8105295e-01   5.0163352e-01   1.5171662e-01   4.0132366e-01   1.0039478e-01  -2.0588208e-01   4.6165498e-01  -1.6320573e-01   5.9832773e-02  -1.2750158e-01   2.6116199e-01   2.8055427e-01  -3.4812290e-01   5.5148521e-02   3.4024891e-01  -2.0775546e-01   3.8518782e-02   6.8272620e-02   3.8498749e-01   2.0270959e-01   5.1017644e-01  -3.0967443e-02   8.3276129e-01  -3.9614945e-02  -3.1395633e-01  -7.1824803e-02   4.0325766e-02  -2.4580151e-01   2.8694569e-01  -1.4653690e-01   5.5768405e-01  -2.3167587e-02   4.2081251e-01  -3.0962806e-01  -3.3764504e-01   3.1981775e-03   3.0359914e-01  -1.4880505e-01   3.7422866e-01   8.3104374e-02   4.1542327e-01   4.6843890e-02  -2.8077774e-01   5.8270643e-01  -7.6544655e-02   1.0568451e-02  -9.9430492e-02   2.7410924e-01   1.6474794e-01   3.8242112e-02   9.6883232e-02  -2.2753575e-01  -2.2323466e-01   2.8736495e-01   5.0803024e-01  -8.1784698e-02  -3.2022615e-01  -2.2627717e-01  -1.3966280e-01  -3.3788286e-02   9.3683264e-03   6.0687113e-01   3.9074028e-03   4.3637895e-01  -3.0842004e-01  -4.0997461e-01  -1.3678769e-01  -1.7685191e-01  -2.4985832e-01  -1.0432390e-01   2.2555050e-02  -1.7409947e-01   1.0395439e-01  -3.2456369e-01  -3.8449107e-01   9.9583905e-03   1.2595096e-01   5.3259189e-01   6.4789440e-01  -1.9371752e-01   5.8678581e-01   1.2407192e-02  -2.1119785e-01  -2.7965643e-01   1.8503958e-01  -1.5087217e-02  -1.8632423e-02  -4.3354967e-02   8.0333268e-02  -9.0373662e-02   4.7764303e-01  -2.5207208e-01  -2.4003108e-01   2.7154922e-01   6.8525431e-02  -1.6341106e-01  -8.3138211e-03  -3.5743220e-01  -2.6039615e-01   6.9352456e-01   9.6244567e-02   3.2789233e-01  -1.0321925e-01  -2.6290705e-02   9.3153405e-02  -1.8741773e-01  -2.1507770e-01  -4.8743016e-02   1.4454115e-01   2.7517024e-01   1.0352320e-01  -1.6596840e-01   5.3500696e-01  -7.5968304e-02  -3.9901088e-01  -1.7908034e-01  -6.0714243e-02  -3.4178333e-01   5.0585659e-01  -7.2832611e-02  -2.9500405e-01   2.7231633e-02   1.3493710e-01   5.7558141e-01   1.0009079e-01   2.9335357e-01  -1.6166795e-01  -7.4367556e-02   9.6737804e-02  -3.6657873e-02   3.0665606e-01  -1.5696145e-03  -2.2707449e-01  -1.3394860e-01  -1.3005782e-01  -2.2688663e-01  -9.4828432e-02   4.0342348e-03  -2.2985031e-01   5.1256004e-01  -3.3332918e-01   2.3081277e-01   2.3949122e-01   1.9764141e-01   2.6658304e-01   2.2510346e-01  -2.4337374e-02  -4.1835032e-01   5.5309006e-06  -5.2707210e-02  -1.6467396e-01  -3.9434168e-01  -1.3353007e-01  -1.1628039e-01  -1.0659825e-01   4.1782857e-01   7.5395085e-02   2.5932372e-01   1.3823869e-01
  -3.6737654e-02  -9.5873790e-02  -1.9879191e-01   2.4497958e-01  -7.4933954e-03   6.2499707e-01   4.7599229e-01  -3.5872053e-01  -2.6102872e-01   1.4739306e-01   1.9611637e-01   1.9497165e-01   2.7249457e-01   0.0000000e+00   2.9782581e-01   3.0553239e-01  -8.4293383e-02   3.1201776e-01   5.3974853e-01   1.7121507e-01   3.6605248e-01   5.3315832e-01   1.0098878e-01  -2.5906470e-01   2.1385841e-01  -2.3713018e-01  -2.5062542e-02  -7.7421059e-02   1.8647809e-01   6.6905796e-01  -2.4558451e-01  -4.8432040e-02   6.1064815e-02   5.5988435e-02   4.0574161e-01   2.7419659e-01   9.6987636e-02  -6.4771820e-02   2.4171269e-01   4.2996599e-03   2.3291452e-01  -8.6239824e-02  -4.2419053e-01  -1.3244373e-02   2.9970184e-02  -3.2313058e-01   3.8311947e-01   2.1816315e-01   1.8585512e-01  -8.8844428e-02   2.5074840e-01  -3.6924854e-01   8.1718664e-02   1.3171774e-01   1.1811015e-01  -1.0200715e-01   4.6585393e-01   1.9366124e-01   2.5234558e-01   5.1456441e-01  -3.3503626e-01   1.9278165e-01  -1.1618451e-02   4.4395466e-02  -2.0631190e-01   3.8971296e-01   3.9685931e-01   5.7273843e-02   4.0063154e-02  -3.0396063e-01  -1.4002010e-01   3.3704768e-02   1.8355996e-01   1.6422658e-01  -2.5633959e-01  -3.1496105e-01  -3.4452700e-01  -1.2978046e-01   2.1597171e-01   2.6003415e-01  -3.2503368e-02   1.3067850e-01   1.1596081e-01  -2.9448992e-01   3.5403065e-01  -2.7873912e-01   1.5409891e-01  -1.6133171e-01   4.5054625e-01  -1.0374676e-01  -2.8266157e-01  -3.7569833e-01  -1.7142791e-01  -1.2122309e-01   7.0882599e-03   1.9657165e-01   3.0723117e-01  -2.7357951e-01   1.3524193e-01  -1.0985180e-01   8.7078329e-02  -2.5154462e-01   2.8010661e-01   4.2289397e-01  -8.5372635e-02   2.2191230e-02   2.7943153e-01  -1.9856790e-01   1.5474843e-01   1.1598912e-01  -3.3369091e-02   5.1336722e-01   3.2515779e-01  -1.6369445e-01   4.9882003e-02  -3.0516504e-01  -4.2407654e-01   1.3200757e-01   4.1244641e-01   3.1385748e-01  -1.1791542e-01  -1.6030751e-01   3.3379274e-01  -6.6665416e-02  -2.4339978e-01   3.7325090e-01   3.4414938e-01   1.2353407e-01   2.0373758e-01  -1.1755481e-01   2.3433581e-01   4.3126750e-02  -1.3522289e-01   8.8739200e-02  -1.2723418e-01  -3.4589961e-01   2.1142760e-01  -4.8863610e-02  -2.5167805e-01   1.3853498e-01   7.8511686e-02   1.4607811e-01  -5.5340986e-02   2.6226111e-01  -2.8330732e-02  -9.4284852e-02   1.0038124e-01  -1.5199235e-01   5.7754369e-01  -2.3183603e-02  -1.8786772e-01   3.9888244e-02  -2.4151546e-01  -2.9587490e-01  -8.5157594e-02  -1.2866799e-01  -1.9704611e-01   2.2482653e-01  -3.5693445e-01   2.4175801e-01   1.0453562e-01  -5.2225008e-02  -1.0312405e-01   3.6025935e-01   5.5468499e-02  -3.6747282e-01   8.5216685e-02  -1.6144218e-01  -2.5415981e-02  -2.9290409e-01  -3.4399044e-02  -4.5668722e-02  -1.6715687e-01   6.8944163e-01   2.0223558e-02   2.8073017e-01   2.1206073e-01
