   0.0000000e+00  -2.2005759e-01  -1.1187905e-01  -8.2647572e-02  -3.6074323e-01  -4.5315655e-01  -4.5968542e-01   5.3066110e-01   9.4413515e-02  -4.5051136e-01  -1.2499489e-01  -3.7101158e-01  -5.3575823e-01   3.2423094e-01  -3.6143280e-01  -3.9227092e-01  -2.2731683e-02  -3.8896408e-01   1.9651846e-01  -2.6033586e-01  -1.9571669e-01   2.5000960e-02  -3.4701115e-01   5.7182169e-01  -2.1363565e-02   1.6759633e-01  -2.2217124e-01   2.4176653e-01  -6.1747241e-02  -3.2221705e-01   5.6252726e-02  -1.7864895e-02   2.3165570e-01  -5.3596080e-01  -2.5037016e-01  -9.7284231e-02  -4.0182003e-01   3.6677530e-01  -4.5953436e-01  -5.3579444e-01  -5.3152208e-01   3.1085793e-01   2.2641272e-02   2.5724674e-02  -2.4078650e-01   2.2913623e-01  -1.3526622e-01  -2.5940966e-01  -5.6528289e-01   9.3703350e-02  -5.4788080e-01   2.6716556e-01  -1.0643667e-01   9.0219338e-02   4.1550004e-01   8.4862371e-02   2.7440536e-01  -1.2882868e-01  -4.4632221e-01  -1.7164710e-01   4.3764773e-02  -5.2631405e-01   1.8637132e-01  -3.6230615e-02  -2.7923053e-01  -3.5534957e-01  -4.1710292e-01  -2.5980340e-02  -2.7164937e-02  -2.1140213e-01  -2.0719581e-01  -3.1070593e-01  -5.3118359e-01   2.3897639e-01   2.3844304e-01   4.1031302e-01   1.7045259e-01   1.8967284e-01  -2.5515094e-01  -3.3771189e-01  -8.5396299e-02  -5.6445020e-01  -1.8696516e-01   4.8284151e-01   4.5817611e-01   1.3318938e-01  -3.8360513e-02   3.4506984e-01   2.1024860e-01   6.4393982e-01  -2.1434281e-01   2.7760158e-01  -1.6925210e-01  -2.0848897e-01   3.3493530e-01  -7.1399946e-03  -2.5181196e-01   2.4320723e-01  -3.0610157e-01  -4.0294239e-01   3.3085550e-01  -8.8101942e-02   7.4709949e-02   1.8292343e-01  -1.2036574e-01   9.5011788e-02  -9.3153990e-02   1.6843628e-01   2.5972392e-02  -4.4008736e-01  -2.2243378e-01  -3.0985287e-01  -3.1167348e-02   6.8864832e-01   1.5884589e-01  -3.0226885e-01   1.0846266e-01  -5.6020576e-01   1.6032247e-01  -1.9485467e-01   4.1430906e-01  -1.7163362e-01   2.4924222e-01  -3.5125363e-01   4.3701828e-01   1.9760030e-01  -6.2516497e-01   2.9783403e-01   7.7109497e-02  -3.2000599e-01  -5.9682443e-01  -2.1486628e-01   3.7075344e-01  -2.3121281e-01  -7.6474536e-02   4.9993272e-01  -1.5509690e-01  -2.2236193e-03   2.1926019e-01   6.9556470e-01   5.5222972e-01  -3.1477593e-01  -1.1745182e-01  -2.3661595e-01  -4.9131794e-01  -1.0743845e-01  -2.6838157e-01  -2.6050095e-01  -2.7540083e-01  -1.2917557e-01   4.3366478e-01   2.8966067e-01   2.1243518e-01  -2.1114081e-01  -3.6781480e-01   5.5868423e-01   3.1322100e-01  -4.6657602e-01   1.7133201e-01   1.4701821e-01  -9.9454389e-02  -5.3659041e-02  -3.2103433e-01  -1.2277684e-01   2.5363195e-03  -4.3298256e-01  -3.5139488e-01   2.4907407e-01   2.2127848e-01  -4.0649022e-02  -1.4467709e-01   3.8382026e-01  -1.3573602e-01  -3.9759182e-01   2.7044697e-02   1.0585192e-01   2.7804811e-02
  -2.2005759e-01   0.0000000e+00  -1.9560661e-01   4.5559694e-01  -3.6807985e-02   7.8123838e-02   5.4081231e-01  -1.9536842e-01   2.5007384e-01   3.3921643e-01  -2.5363611e-01   6.9063227e-01   1.3400478e-01  -3.1079445e-01   2.1292223e-01   3.7177537e-01  -3.8119473e-01   2.8901588e-01  -2.4781365e-01   1.2019557e-01  -2.0152731e-02   4.2973567e-01   1.2014522e-01  -2.6821150e-02   2.1062635e-01   1.5830255e-01  -3.2769224e-02   1.0361132e-02   2.5674550e-01   5.8289658e-01   1.2439980e-01  -2.4630446e-01  -8.9025328e-02   4.5628199e-01   4.1961278e-01  -2.4079245e-01   8.9483533e-03  -3.9282155e-01   3.1083915e-01   1.7442595e-01  -3.5606544e-02  -3.6960717e-01   1.8447951e-01  -3.1832144e-01  -3.8207879e-01  -2.9223442e-01  -2.2045489e-01   6.7382558e-01   1.9210257e-01  -2.2367900e-01   1.2628080e-01   3.0523109e-02   7.0857965e-02  -3.9136906e-01   2.2394406e-02  -1.1642333e-01  -1.8903511e-01  -1.1918405e-01   7.0582814e-02   4.1625167e-01  -4.3091691e-01   2.5514826e-01   1.3350329e-01  -1.3470123e-01   5.5000118e-01   4.1799796e-01   1.4726245e-01   4.7743668e-01  -3.8514864e-01  -1.8681610e-01   4.4340746e-01  -1.6567434e-01   6.7114853e-02   5.0204051e-01  -8.5960860e-02   5.1707983e-03  -4.0591098e-01  -3.6849874e-01  -1.0032260e-01   1.5851112e-01   3.1608857e-01   3.0623493e-01  -1.4036751e-01  -3.8862282e-01  -3.5204979e-01   2.0117056e-01   2.4976900e-01  -9.4966166e-03   4.3982434e-01  -1.8779238e-01  -1.2971006e-01  -1.8949917e-01  -1.3419636e-01  -2.4045982e-01  -4.3519523e-01  -1.9340761e-01  -2.0413679e-01  -3.9527450e-01   2.3774336e-01   2.7625241e-01  -4.2319718e-01   7.2980224e-02   4.7656862e-01   3.7344218e-01  -3.0019658e-01   4.0439052e-01  -9.4547562e-02  -4.9454078e-01  -6.7500848e-02   4.7423620e-02   2.3922913e-01   3.5454449e-01   4.9015865e-01  -4.6791711e-01  -2.2156946e-01  -1.6552512e-01  -2.5504946e-01   2.0234698e-01  -1.7380710e-01  -3.1471498e-01  -4.3867373e-01   6.9031016e-02  -1.0877100e-01   4.8757989e-01  -4.8606434e-01   4.5130127e-01   9.3780415e-02  -6.6835176e-02   5.3143705e-01   8.9950200e-02   1.8851509e-01  -1.8432461e-01   4.1861659e-01   1.1627060e-01  -4.9176847e-01  -7.1058757e-02  -5.4547464e-02   4.5503779e-02   1.2954738e-01  -5.0748851e-01  -3.6446376e-01   1.2096190e-01  -3.2490286e-01   2.2246262e-01   2.5826368e-01   3.5143788e-01   2.5240025e-01  -3.6477192e-02   7.1876043e-02  -1.4456723e-01  -2.7592521e-01   1.0249723e-01  -3.1032625e-01   6.6487406e-02   9.9617727e-02  -2.1301353e-01  -4.0539708e-01   2.5606920e-01  -3.5005062e-01   2.7126777e-01  -2.2092105e-01  -3.0044290e-01   2.2035985e-01   5.2643659e-01  -4.4170450e-01   1.1857170e-01   1.8127164e-02  -5.1481239e-01  -1.7689290e-01  -5.0388907e-03  -1.1458149e-01  -3.8571033e-01   5.7582136e-01   2.2425864e-01  -2.3992849e-01  -3.0278466e-01   3.4897531e-01
  -1.1187905e-01  -1.9560661e-01   0.0000000e+00  -5.0795958e-01  -7.3263354e-03   3.2001108e-02  -1.6403799e-01   1.5052348e-02   6.6385523e-02   3.0946581e-01  -3.4522474e-01  -3.4416312e-02   1.7219510e-01  -1.1962560e-01   1.7076425e-01  -1.0579044e-01   8.0818789e-01  -4.6402536e-01   5.4576666e-02  -3.5846831e-01  -4.0007617e-01  -4.4397239e-02  -2.1344237e-02   1.9825652e-01  -4.5379771e-01   7.1893098e-02  -2.5162080e-01   3.0185757e-02   2.5623848e-01  -2.7711097e-01  -3.1241327e-01   4.3381783e-01  -2.6155114e-01   1.4747031e-01   1.9497885e-01  -3.0327707e-01  -2.8274773e-02   2.5302687e-01  -2.4762047e-01   3.3916812e-01   4.5863597e-02   3.3803251e-01   4.7820239e-01   6.3219427e-02   4.5026477e-01   5.0359661e-01  -3.0077965e-01  -4.1393884e-01   3.2949291e-02   7.2360268e-01  -3.8232357e-02   2.2888313e-02  -2.5270045e-01   9.5332423e-02  -1.0082237e-01  -4.5110107e-02  -1.2436998e-01   3.1186727e-01  -1.0447846e-01  -8.3352692e-02   4.4145863e-01   1.8971462e-01  -2.6617305e-01  -1.5678380e-01  -4.0331872e-01  -9.0928890e-02  -3.6694214e-02  -4.9760015e-01  -1.2480235e-01   5.9180139e-01  -4.9446164e-02   2.2104260e-01   1.1787799e-01   8.3862670e-02   4.0639974e-01  -3.7591808e-02   7.5844238e-01  -2.8840822e-02  -6.7636468e-02  -3.6132740e-01  -1.5187771e-01   2.9801076e-01  -3.2712392e-03  -1.0355133e-01   1.3707043e-01   1.7276003e-01  -2.4252315e-01   3.1620457e-01  -3.9143858e-01   1.0937193e-01  -8.0457945e-04   5.6908333e-01   7.1921688e-01   3.1234313e-01   2.1190881e-01  -2.2262169e-01  -2.3605841e-01   9.2848067e-02  -4.9993216e-01  -8.2596767e-02   2.3382402e-02  -7.8465198e-02  -1.0622174e-01   1.6808692e-02   3.4800304e-01  -6.5575700e-01  -7.6728909e-02   8.8846407e-02   3.3757487e-01   2.1159540e-01   3.0917264e-01  -2.6163944e-01  -5.2294453e-01  -9.5186540e-02   3.3371237e-01   2.6699835e-01   1.9428393e-01   3.5361066e-01   7.9796150e-02  -1.0080400e-02   4.5848440e-01   3.4018086e-01   4.7449814e-01  -3.1344320e-01   3.3824289e-01  -3.8066838e-02   1.7484534e-01  -2.9311442e-02  -3.3497128e-01   5.0441211e-01  -6.3142382e-02  -2.5702936e-01  -8.1139067e-02  -3.9163404e-01   4.0398807e-01  -2.0727291e-02   3.4223357e-01  -4.6213555e-01   2.1766589e-02  -3.2412700e-02  -5.3583983e-02   3.5915789e-01  -2.0700700e-01   3.0215788e-01   2.9105866e-01  -3.3832781e-01   2.3355266e-01  -1.0695776e-02   5.4390936e-01  -3.4416855e-01   2.7533918e-01  -4.6930766e-01   3.5956554e-01  -1.9835922e-01   6.3431959e-01   3.4162906e-01   3.5158452e-01   1.4014957e-01  -9.1294578e-02  -2.5800607e-01   4.8017087e-01  -2.7118629e-01  -5.4676573e-02  -5.2757992e-01   4.8386432e-01   2.4374997e-01  -6.6153092e-02   2.3487006e-01  -4.3209453e-01   3.3856851e-01   2.4712729e-01   2.2672958e-01  -4.5974101e-01  -2.5338341e-01   4.9515690e-01  -4.6027890e-01  -5.2401874e-01
  -8.2647572e-02   4.5559694e-01  -5.0795958e-01   0.0000000e+00  -1.4951260e-02   9.5041459e-02   3.7719657e-01  -1.8936693e-01   1.8844083e-01   1.0457886e-01  -2.4988491e-01   3.0810889e-01   3.4986261e-01  -4.6059086e-03   3.8216341e-02   3.8865820e-01  -5.9698227e-01   6.4494954e-01  -3.9713475e-01   4.8669260e-01   3.1922727e-01   4.8242502e-01   2.2894260e-01  -1.8686443e-02   6.1294255e-01   1.9657697e-01  -1.3198740e-01  -5.7482086e-02   1.4858401e-01   4.9078839e-01   2.5903413e-01  -5.6813328e-01   1.1867447e-01   1.0361910e-01   2.1398855e-01  -1.8907351e-01   2.2999328e-01  -1.8660519e-01   4.0932407e-01   1.0067269e-01   4.9580101e-02  -4.6978241e-01   2.2289362e-02  -2.9523263e-01  -7.1159910e-01  -4.0689627e-01  -2.0639522e-01   3.2776464e-01   1.9887945e-01  -6.8164060e-01   2.0786878e-01   7.2815741e-02  -5.1529799e-02  -3.1676099e-01  -5.2122206e-02  -1.6063861e-01  -2.6662342e-01  -3.1795756e-01   2.2328722e-01   2.3479880e-01  -3.9864339e-01   1.5888853e-01   2.5373912e-01  -1.9699968e-01   7.1472277e-01   2.7669221e-01   9.9003121e-02   9.2382481e-01  -4.1714460e-01  -2.6741491e-01   9.2107165e-02  -1.8931442e-01   7.9900185e-02   2.5224172e-01  -2.4623810e-01  -2.0525394e-01  -6.0166998e-01  -3.1085471e-01  -3.3401204e-01   5.8761844e-01   2.1111533e-01   1.3531240e-01  -1.9797695e-01  -1.3298621e-01  -7.9780939e-02   1.4988154e-02   2.4935812e-01  -7.7949018e-02   6.5554199e-01  -2.4461957e-02  -2.3355687e-01  -1.7763722e-01  -4.0509514e-01  -3.6809948e-01  -1.3317526e-01  -1.3954121e-01   1.0228787e-01  -2.2427798e-01   6.8839863e-01   2.5458312e-01  -1.2478585e-01   6.8679510e-02   2.3903519e-01   2.7638320e-01  -4.7508451e-01   8.8875461e-01   3.2761331e-01  -4.7876063e-01  -8.0218210e-02  -1.6248627e-01   1.6165682e-01   3.8812753e-01   9.5279476e-01  -2.3370652e-02  -1.6579701e-01  -5.5271378e-01  -2.0277186e-01   1.3781135e-01  -2.3021426e-01  -2.5478207e-01  -3.9852206e-01  -3.2482660e-01  -4.0160500e-01   3.2377555e-01  -2.5888104e-01   3.5049771e-01  -2.1170654e-01   1.9102236e-01   8.0338120e-01  -1.4854577e-01   3.6146892e-01  -2.6643819e-01   2.0031296e-01   1.3240732e-01  -5.7570471e-01  -1.4638206e-01  -1.1743704e-01   3.7666852e-01   1.1852994e-02  -1.6428633e-01  -9.3490519e-02   2.5894915e-01  -2.0932459e-01   1.1394920e-01  -4.8398277e-02   5.1293305e-01   1.5678283e-01  -1.1981924e-01  -2.4732632e-01   7.3069019e-02  -2.3462765e-01   3.8904035e-01  -5.1249485e-01  -1.4669567e-01  -4.0934090e-01  -2.5083554e-01  -3.2381547e-01   2.4525887e-01  -1.3741775e-01   3.1768666e-01  -3.6895887e-01  -3.0280192e-01   1.4391656e-01   9.0196784e-01  -7.6733593e-01  -6.7902742e-02  -1.5816711e-01  -4.3992944e-01   2.8671707e-01  -3.5577825e-01  -5.5446683e-01  -4.4358100e-02   9.0776522e-01   1.8725955e-01  -4.2403105e-01   5.6109846e-02   7.8770082e-01
  -3.6074323e-01  -3.6807985e-02  -7.3263354e-03  -1.4951260e-02   0.0000000e+00   5.2709268e-01   2.7683461e-01  -4.5216611e-01   5.2423412e-02   1.5627176e-01   3.6035282e-01   9.4657299e-02   4.6499023e-01  -2.1645030e-01   1.8792465e-02  -2.1250919e-02   1.2181301e-01   3.2067721e-01  -7.6293281e-02   6.9877382e-01   8.8435837e-02  -3.8736477e-01   1.0867607e-02  -5.4220052e-01   3.0597359e-01  -2.7895068e-01   7.5154440e-01  -1.9408154e-01  -3.3993333e-01  -1.1270309e-01  -1.7017737e-01  -1.9464121e-02  -1.2944459e-02   2.5575374e-01   2.1618742e-01   6.6539978e-01   3.8875205e-01  -3.6478848e-01   2.6496277e-01   4.9386209e-01   7.0648228e-01  -2.4213318e-01  -3.0911312e-01  -1.2120791e-01   7.2185889e-02  -7.9657643e-02   5.8707564e-01   2.1188801e-01   2.9846653e-01  -2.0802515e-01   2.1015971e-01  -3.5721311e-01   1.7837427e-01   3.4109327e-01  -2.4726156e-01  -1.0845336e-01   1.0671302e-02  -1.9670398e-01   6.2075431e-01  -6.3969249e-02  -2.0217924e-02  -1.4542801e-03  -4.7243009e-02   4.5801331e-03   7.0823612e-02   1.5896914e-01   6.5168910e-01  -2.2345359e-02   4.9867864e-01   1.1495046e-01   1.2034025e-01   1.1085650e-01   5.8875372e-01  -2.7054734e-01  -2.9222343e-01  -3.1656703e-01  -2.0586722e-01  -4.5945013e-02   6.9439299e-01   4.7719805e-01  -2.0310816e-01   2.9316291e-01   1.0657610e-01  -2.9520548e-01  -3.6871744e-01  -1.7496336e-01   4.6737325e-02  -3.1104898e-01  -2.0712045e-01  -3.0639609e-01   7.0179894e-01  -3.8158775e-01   1.4328734e-01   1.3542778e-01  -2.5848717e-01   6.6844004e-01   5.1522852e-01  -2.6213872e-01   5.5371537e-01  -3.5753735e-03  -1.5868714e-01  -2.7757458e-01  -4.8222972e-01  -3.6572029e-01  -1.2807841e-02  -3.8627762e-02   3.0467730e-01   6.9790082e-02  -2.7327454e-01   7.1073403e-01   1.4248741e-01   4.9386245e-02  -5.6692422e-02  -2.5314553e-01  -2.2070575e-01   3.1295400e-01  -1.5802558e-01   3.8880464e-01  -1.4029569e-01   3.3967990e-01  -2.5438720e-01   5.8872251e-01  -3.8636364e-01  -3.3894559e-02  -2.9475027e-01  -4.0918202e-01   2.2242330e-01  -6.0476134e-02  -2.7925402e-01   3.2184517e-01   5.9600353e-01   4.8648537e-01  -4.2713306e-01   9.0504224e-02   8.8398394e-02  -3.1160423e-01   1.5423465e-01  -2.7702330e-01  -3.3599254e-01  -1.9174866e-01  -2.3703838e-01  -9.1077553e-02   3.3907838e-01   3.2831179e-02   9.6092989e-03  -2.6212045e-01   7.5958045e-02   5.0606835e-01   1.2702422e-01   5.5770207e-02  -2.8590294e-01  -4.1792130e-01   5.6558413e-02   2.5358947e-01   3.5857489e-01  -4.2134448e-01  -1.5203654e-01   2.8464536e-01   8.7969017e-02  -2.0744612e-01  -2.3038187e-01   3.2688028e-01   5.9745550e-01  -1.5961885e-02  -3.5784100e-02   1.8634327e-01   2.1611504e-01  -8.7872102e-02   2.5261763e-01   6.9313522e-02   3.1338748e-01  -2.2930533e-01  -6.7645278e-03   3.7930900e-01   1.0325811e-01   4.3705242e-01  -1.4577794e-01
  -4.5315655e-01   7.8123838e-02   3.2001108e-02   9.5041459e-02   5.2709268e-01   0.0000000e+00   5.0962006e-01  -4.3172008e-01  -1.3930992e-01   3.0824051e-01   2.3714635e-01   4.5959800e-01   5.2839715e-01  -3.6617101e-01   2.7567749e-01   2.3137436e-01  -1.1682073e-01   3.5895477e-01  -5.0247921e-02   3.6816284e-01   1.1243431e-01  -2.3717870e-02   2.4117270e-01  -4.9786172e-01   1.2344975e-01  -1.3404182e-01   4.7942811e-01  -1.5906660e-01  -6.1231687e-02   2.3126022e-01  -5.0061984e-01   1.3709639e-01  -2.4266941e-01   2.6470160e-01   1.7357600e-01   3.0588444e-01   2.9414192e-01  -2.3203146e-01   3.0530830e-01   5.9196659e-01   5.1461777e-01  -1.4812526e-01  -2.7478937e-01  -2.6665864e-01   2.0176332e-01  -2.8226039e-01   3.5745959e-01   2.4774328e-01   3.7906184e-01  -1.3456683e-01   5.4920014e-01  -3.8005546e-01  -2.7858093e-01  -3.0878816e-02  -4.5293580e-01   2.6200615e-01   3.8166816e-02   1.5014592e-01   4.5095757e-01   2.4108565e-01  -2.4548488e-01   3.3331131e-01  -1.4059974e-01  -3.3228411e-01  -8.4416122e-02   5.0454314e-01   6.3597328e-01   2.5700286e-02   2.2137901e-01   1.6140564e-01  -2.1582387e-01   3.6193159e-01   3.5364782e-01  -9.1732972e-02  -2.6724570e-01  -4.3553967e-01  -2.3601439e-01  -3.5070582e-01   2.7119922e-01   3.9144549e-01   2.7828465e-02   3.6810548e-01   2.1999042e-01  -6.0900806e-01  -4.0317522e-01  -1.8972069e-01  -2.9864208e-01  -2.3263337e-01  -2.1696733e-01  -3.6708770e-01   2.0877417e-01  -1.9979279e-01   3.7028038e-02   1.5521881e-01  -2.7267087e-01   1.1401069e-01   2.1152815e-01  -2.7486815e-01   3.2608524e-01   3.2709195e-01  -3.6851342e-01  -3.9576057e-02  -3.0814541e-01  -3.1965147e-01   2.3689590e-01  -2.7396068e-02   5.1271011e-02  -7.8374003e-02  -1.6786256e-01   3.5521297e-01   1.8130516e-01   5.2149298e-01   7.4866328e-02  -4.4710134e-01  -2.6160775e-01  -5.7956633e-02  -4.3465022e-02   4.7837586e-01  -1.7470247e-01   2.8717217e-01  -2.4956211e-01   1.2131711e-01  -4.0421234e-01  -1.3450856e-01  -3.6515542e-01  -1.2165386e-02   4.6932888e-01  -6.5559436e-02  -8.3107417e-02   6.7788122e-02   4.6303240e-01   2.4475136e-01  -3.5059398e-01  -1.7181417e-01   4.9062351e-02  -5.3086819e-01   2.3432560e-01  -4.2258312e-01  -2.6407736e-01  -3.2978417e-01  -4.1819162e-01   2.6691602e-01   3.1887422e-01   3.5632116e-01   2.0107591e-01  -1.8639981e-01  -7.7678750e-02   2.5759256e-01   4.2979471e-01  -1.4977715e-01  -3.7285124e-01  -5.0964862e-01  -7.3456385e-02  -5.8210618e-02   2.0496248e-01  -3.2119030e-01  -1.8988306e-01   4.8788155e-01  -1.3832996e-01  -1.2945095e-01   4.0488132e-02   1.4278571e-01   4.1682310e-01   1.3542188e-01   3.4426096e-02   2.7890754e-01   3.3824327e-01  -2.9952930e-01   4.9810338e-02  -1.9428052e-01   8.1996039e-02  -2.0871477e-01   9.6191559e-02   6.1894578e-01  -1.3988054e-01  -6.6949243e-03  -6.2203043e-02
  -4.5968542e-01   5.4081231e-01  -1.6403799e-01   3.7719657e-01   2.7683461e-01   5.0962006e-01   0.0000000e+00  -4.2758491e-01   1.2634833e-01   6.1211578e-01  -1.0970383e-01   7.5789619e-01   4.7524898e-01  -4.3388342e-01   5.2577533e-01   5.7312071e-01  -4.5913615e-01   4.4089196e-01  -4.3779055e-01   3.6022459e-01   9.6376478e-02   2.7646970e-01   5.5703576e-01  -3.0293810e-01   2.0138633e-01   4.3428375e-02   1.7610893e-01  -1.8774786e-01   2.3236737e-01   4.8939731e-01  -1.4640507e-01  -2.6957551e-01  -1.7329940e-01   7.3172685e-01   5.7308992e-01  -7.8829965e-02   2.3282208e-01  -4.3530434e-01   4.9502582e-01   5.5758618e-01   3.3509966e-01  -4.4944420e-01   6.2282916e-02  -3.1941192e-01  -1.2530624e-01  -5.1072344e-01  -7.0050798e-02   6.7744261e-01   3.6305754e-01  -2.7285859e-01   5.0674039e-01  -1.4333468e-01   8.1599407e-02  -4.6018909e-01  -2.7515752e-01   1.3016025e-01  -3.1028488e-01   3.9083530e-02   2.7955194e-01   4.3331396e-01  -5.4690960e-01   5.2134578e-01  -1.3536447e-02  -1.3360911e-01   3.8722932e-01   6.0522440e-01   2.9120717e-01   3.8895422e-01  -2.5068078e-01   3.2119775e-02   2.9215719e-01   1.0379761e-01   3.1995422e-01   2.3589702e-01  -4.1587016e-01  -2.7451044e-01  -4.9469233e-01  -3.2518081e-01   8.4751802e-02   3.4996668e-01   4.3324856e-01   4.7939915e-01  -1.0742036e-01  -6.2014661e-01  -6.1892962e-01   1.0654951e-01  -2.7207322e-02  -1.6594054e-01   2.2130868e-01  -3.3285087e-01  -2.9288431e-02  -4.3495390e-01   8.8669924e-02   3.4897825e-02  -5.0460202e-01  -1.5041946e-01  -5.0353246e-02  -4.2284778e-01   3.8701190e-01   6.8833123e-01  -6.0590996e-01   1.9275111e-01   1.5376217e-01   5.9662036e-02  -2.4545720e-02   2.4318771e-01  -2.1648137e-01  -4.1151563e-01  -4.4358006e-02   3.1152724e-01   4.1672615e-01   5.3492524e-01   3.9557552e-01  -5.9338147e-01  -2.6530104e-01  -7.4739581e-02  -1.2114065e-01   4.8856192e-01  -5.0093281e-01  -1.8782279e-01  -5.8808759e-01   7.4269852e-02  -3.1878180e-01   3.5257859e-01  -5.5680676e-01   2.7595042e-01   4.6786171e-01  -3.4544796e-01   3.6261887e-01   6.4202454e-02   4.9535249e-01   6.9665297e-02  -1.5989718e-01   8.0829220e-03  -3.4294122e-01  -3.0146941e-01   9.0817392e-02  -5.1082913e-02   6.5206730e-03  -4.9233705e-01  -3.8813636e-01   3.6714351e-01   6.7569124e-02   3.8487045e-01   5.3896166e-01   2.6963806e-01   4.1681565e-01   6.1912298e-02   3.7121339e-01   1.9693941e-02  -3.9932226e-01  -1.4594691e-01  -4.8199774e-01   4.0036037e-02   1.8652710e-01  -2.6798410e-01  -4.4978292e-01   4.6588717e-01  -4.8591626e-01   2.1602332e-01  -9.0366994e-02  -1.5120828e-01   4.5999674e-01   4.9843660e-01  -3.8040373e-01   5.3908074e-01   3.0123467e-01  -4.6825018e-01  -1.8000802e-01  -1.8765074e-01  -5.0344157e-02  -4.2345347e-01   5.1513266e-01   2.6731725e-01  -3.4397185e-01  -2.8459430e-01   1.7896439e-01
   5.3066110e-01  -1.9536842e-01   1.5052348e-02  -1.8936693e-01  -4.5216611e-01  -4.3172008e-01  -4.2758491e-01   0.0000000e+00   2.6297420e-01  -1.9686947e-01  -4.1463310e-02  -3.8357136e-01  -4.7536891e-01   4.0206611e-02  -2.8063587e-01  -3.0083125e-01   1.0904825e-01  -3.3756178e-01   2.0550901e-01  -3.6934248e-01  -3.8495597e-01   1.5011230e-01  -2.3553078e-01   2.8206171e-01  -1.2743683e-01   2.6770119e-01  -3.0808294e-01  -1.6523354e-02  -4.0592067e-02  -2.7388943e-01   2.9480988e-01   9.3443597e-02   2.2783551e-01  -3.5766232e-01  -1.3242319e-01  -1.3077146e-01  -6.1472252e-01   4.0289001e-01  -4.6156630e-01  -5.2869814e-01  -5.1715614e-01   3.1666111e-01   2.6989326e-01   3.4684488e-01  -5.9447202e-02   4.0987249e-01  -1.6360826e-01  -2.9806645e-01  -4.7960010e-01   1.3436681e-01  -4.4543975e-01   6.4902793e-01   2.0781897e-02  -3.7887419e-02   3.5648198e-01   4.5315487e-02   3.1274072e-01  -5.3889186e-03  -5.2367940e-01   8.4153829e-02   3.7067766e-01  -2.8938573e-01   2.0733496e-01   2.7530829e-01  -2.0533121e-01  -4.3391538e-01  -5.4052859e-01  -1.0773180e-01   3.4653606e-02  -2.3015459e-02  -6.0598161e-02  -3.0135306e-01  -5.0957266e-01   2.9793553e-01   2.5730586e-01   6.4306520e-01   3.0835777e-01   4.4781162e-01  -1.8813687e-01  -4.2531593e-01  -8.9382826e-02  -5.7662958e-01  -3.7905002e-02   6.7738708e-01   4.6846914e-01   2.6099044e-01   4.5430169e-03  -1.2523628e-02   9.1561281e-02   1.3287611e-01  -2.2406605e-01   3.1236394e-01  -8.1521919e-02   3.0879960e-02   3.5134371e-01  -9.5772220e-02  -3.3003481e-01   6.2078402e-01  -4.0733016e-01  -3.0946416e-01   2.5025587e-01   1.8384807e-01   1.1668667e-01   3.7646629e-01  -6.6063749e-02   3.3877006e-02  -1.0291027e-01   5.7203609e-01   1.4580849e-01  -3.7423887e-01  -2.4781325e-01  -4.5616694e-01  -1.7211736e-01   3.4293683e-01   6.8168721e-02  -1.2090429e-01   2.7505497e-01  -4.9187117e-01   2.7542196e-02  -3.2406739e-01   2.9223494e-01  -1.2261142e-01   3.7513106e-01  -1.5657088e-01   3.0907817e-01   9.7083380e-02  -3.4532310e-01   1.1377316e-01   5.4482048e-02  -1.9919957e-01  -6.4096369e-01  -1.1749485e-01   4.2577400e-01  -1.0210417e-01   4.8198996e-02   7.6952927e-01  -2.0144552e-01   4.2731048e-02   5.0869579e-01   2.5220322e-01   1.2697398e-01  -2.4152532e-01   3.2932234e-02  -2.4489976e-01  -2.4539051e-01   4.5022572e-02  -1.1741894e-01  -4.8229104e-01  -3.1120697e-01  -9.7405648e-02   1.5197859e-01   3.7748357e-01   1.3172728e-02  -9.6365853e-02  -2.2022991e-01   2.8742450e-01   2.2512124e-01  -4.9224162e-01   2.1829749e-01   1.5744996e-02  -3.2222633e-02   1.3179779e-01  -4.7447859e-01  -1.8511246e-01   1.3233658e-01  -2.3257197e-01  -2.7040326e-01   1.8008124e-01  -8.0100332e-02   3.4880717e-02  -7.0266318e-02   2.0206651e-01  -2.0761017e-01  -3.2665509e-01   2.8575235e-02   4.4513447e-03   1.6495080e-01
   9.4413515e-02   2.5007384e-01   6.6385523e-02   1.8844083e-01   5.2423412e-02  -1.3930992e-01   1.2634833e-01   2.6297420e-01   0.0000000e+00   2.0877472e-01  -2.1267707e-01   8.3778967e-02   1.4519394e-01  -2.9203700e-02   8.3632786e-02  -1.3082355e-01   5.6634917e-02   7.6121442e-02  -1.9613894e-01   1.9074877e-01  -1.3184118e-01   4.2071219e-01   8.6136082e-02   1.1642509e-01   1.3860728e-01   1.5253811e-01  -1.0721920e-01  -2.5310823e-01   1.9994652e-01   2.1438556e-01   4.1980241e-01  -1.5480108e-01  -8.2266812e-02   1.6093750e-01   5.7481325e-01  -1.2525645e-01  -1.5479100e-01  -5.5159316e-02  -1.7907404e-01   2.5557053e-03  -6.1429453e-02  -5.3925858e-02   5.9426688e-01  -2.5339389e-02  -2.1359790e-01   2.1074125e-01  -2.1511371e-01  -5.7838106e-02   7.5500133e-03  -9.6576747e-02  -7.6891909e-02   4.3567361e-01  -4.2876229e-03  -4.7364963e-02   1.9716484e-01  -3.2737690e-02  -1.2948427e-01  -6.7843321e-02  -3.6104658e-02   4.9621030e-01   1.3433086e-01   1.3265927e-01   4.0694840e-01   1.8051818e-01   3.5046841e-01   8.7683054e-02  -2.0628345e-01   2.4175812e-01  -1.8131559e-01  -8.7811272e-03   8.3256528e-02  -1.8834133e-01   4.0541923e-02   4.0902447e-01   2.3997453e-01   3.5740027e-01   3.0952647e-02   1.4447834e-01  -3.5932348e-02   4.8865971e-02  -7.6351576e-02   8.7262030e-02  -2.3598540e-01   4.6636354e-02  -5.6171922e-02   4.3614396e-01   4.1828346e-01   6.4525156e-03   4.9835192e-01  -6.1633957e-02   5.4134498e-02   7.8934519e-02   1.1736647e-01   2.2178047e-01  -5.5241218e-02   4.3130643e-03  -1.8536873e-01   1.7151111e-01   9.8631335e-02   8.2588979e-02  -2.3930786e-01   1.1503594e-01   1.8020612e-01   7.3535152e-01  -1.4848744e-01   1.9590475e-01   6.6809412e-02   1.8497270e-01   1.6940593e-01   1.0707115e-02   2.0870810e-01  -4.5012891e-03   2.4961452e-01  -1.2642600e-01  -2.3216751e-01  -9.0141444e-02   1.4836546e-01   1.3389784e-01  -3.4035411e-01  -2.9863131e-01  -6.7555339e-02   2.6631867e-01   2.3797447e-01   1.5861194e-01  -4.5085771e-02   2.7748384e-01  -6.9400246e-02   1.3416118e-01   3.9773355e-01   4.0976698e-02   2.8361974e-02  -1.1604410e-01   3.8891711e-01  -1.0921217e-01  -1.1130508e-01   3.6744048e-01   1.5506576e-01  -2.1127262e-01   4.2714556e-01  -2.1646284e-01  -4.1169662e-02   9.8685700e-02  -1.5173507e-01  -8.7470742e-02   1.6720184e-01   3.0167949e-01   1.1213156e-01  -1.0435939e-01  -2.0859233e-02  -1.8993414e-01  -1.2678599e-01   8.7840532e-02  -1.6007239e-01   1.0089268e-01  -1.7459105e-02  -1.0041168e-01   4.7967110e-03  -4.0755613e-03  -1.2922413e-02   1.8419206e-01  -9.6688835e-02  -4.9873453e-02   2.6685500e-02   2.6880682e-01  -2.4966477e-01   1.2810456e-01   1.7072449e-02  -1.9115240e-01  -1.2087146e-02  -7.9271644e-03   3.2607262e-02  -9.1379235e-02   2.8315428e-01  -1.4177235e-01   5.1502658e-02  -4.5712796e-02   3.4662552e-01
  -4.5051136e-01   3.3921643e-01   3.0946581e-01   1.0457886e-01   1.5627176e-01   3.0824051e-01   6.1211578e-01  -1.9686947e-01   2.0877472e-01   0.0000000e+00  -3.8247365e-01   4.0685939e-01   5.5912924e-01  -3.1161633e-01   3.3977992e-01   5.2902229e-01   6.5840644e-03   9.7327804e-03  -3.9058277e-01   6.6291114e-02  -2.9362885e-01   2.9259640e-01   2.6879284e-01  -1.1996489e-01  -1.7431232e-01   1.5734407e-01  -1.2161336e-01  -1.1997495e-01   3.8244039e-01   2.7245951e-01  -7.5200534e-02   7.7338840e-02  -1.9342318e-01   6.7489123e-01   4.5515191e-01  -3.4267732e-01   1.4535340e-01  -1.7504256e-01   4.4376419e-01   6.2952070e-01   2.8666017e-01  -2.3667395e-01   2.8136228e-01  -1.6021233e-01  -1.4557441e-02  -1.3200741e-01  -3.7918270e-01   2.1981287e-01   2.8517798e-01   2.6478550e-03   2.8938800e-01   1.2941371e-01  -5.4068522e-02  -4.3960004e-01  -3.3183070e-01  -1.4055331e-01  -4.2722849e-01   1.5210101e-01   2.0657342e-01   1.7989101e-01  -1.2151602e-01   5.1910280e-01  -2.5156448e-01  -3.3702726e-02   2.2689382e-01   2.4089411e-01   1.4199939e-01   1.2835893e-01  -3.7806344e-01   3.6450096e-01   2.8489799e-01   2.1599531e-02   3.4177544e-01   2.3226689e-01  -2.3302884e-01   2.7131160e-02   3.0217926e-02  -2.0411703e-01  -3.7249188e-02   1.1788562e-01   3.1072742e-01   5.3920906e-01  -2.1338660e-01  -3.3817756e-01  -3.6447796e-01   3.6305541e-01   6.6026256e-02   1.2476172e-02  -8.8408209e-02  -2.1951479e-01  -9.5340673e-02  -1.0143351e-01   4.7601613e-01   7.2000643e-02  -2.9972144e-01  -2.8116085e-01  -2.2390883e-01  -2.4647611e-01   5.9099577e-02   3.7765908e-01  -4.1218800e-01   1.6752405e-01   1.6744048e-01   2.3079758e-01  -7.3674209e-03  -3.1690303e-02  -3.1270529e-01  -2.1926233e-01   1.0382494e-01   3.8939299e-01   4.7496411e-01   1.2489610e-01   1.0532926e-01  -5.2434037e-01  -1.5221902e-01   1.0948801e-02  -3.2731023e-02   5.6928466e-01  -5.2236087e-01  -2.9160948e-01  -2.6419181e-01   1.6642913e-01  -1.3379535e-01   1.0820750e-01  -3.0839631e-01   1.3730523e-01   2.9872357e-01  -3.4273481e-01   2.2393700e-01   4.1439495e-01   4.8886971e-01  -2.7233023e-01  -1.8589325e-01  -1.7289094e-01  -1.8826211e-01   3.8471399e-04   1.6438563e-01  -2.0422025e-01   2.6022801e-01  -4.7878128e-01  -3.1653338e-01   5.7733505e-01  -1.4723702e-01   3.5263009e-01   5.3989678e-01   2.7065254e-01   4.9954331e-01  -1.3153199e-01   3.9136968e-01  -9.7386384e-02  -2.1914739e-01  -1.2834852e-01  -4.1467431e-01   4.6454833e-02   5.2624887e-01  -4.0366557e-02  -1.7635956e-01   4.5995321e-01  -5.1131677e-01   1.1512423e-01  -3.4986361e-03  -2.4353331e-01   2.0105435e-01   1.8333222e-01  -1.7518558e-01   4.2266153e-01  -5.6292721e-03  -4.4585467e-01  -4.8628532e-01  -1.2039534e-01   1.0512329e-01  -2.0354385e-01   2.3869392e-01  -1.2537330e-02  -1.5036916e-01  -4.9543895e-01   1.6717100e-02
  -1.2499489e-01  -2.5363611e-01  -3.4522474e-01  -2.4988491e-01   3.6035282e-01   2.3714635e-01  -1.0970383e-01  -4.1463310e-02  -2.1267707e-01  -3.8247365e-01   0.0000000e+00  -1.6123259e-02  -1.3161831e-01  -1.3266081e-02  -8.0237060e-02  -2.5999801e-01  -4.1071864e-02   3.1382191e-01   2.9278504e-01   2.1808899e-01   3.5077500e-01  -5.1515296e-01  -6.2966732e-03  -5.0299516e-01   8.0296205e-02  -5.9351501e-01   7.0506401e-01  -7.8020818e-02  -5.8793120e-01  -9.9770250e-02   4.5454830e-02   1.1836678e-01   1.1463458e-01  -2.0519239e-01  -2.5609879e-01   8.3071719e-01   4.8130888e-02  -2.3290951e-01  -5.9603764e-03  -1.3310618e-01   3.1086613e-01   1.6937517e-02  -4.9187812e-01   3.2466730e-01   3.7701435e-01  -1.3463225e-01   8.8694278e-01   4.2254883e-02   6.5464513e-02  -6.5294525e-02   2.3235165e-01  -3.1626516e-01   2.3027688e-01   4.9806453e-01  -1.2920749e-01   2.3940988e-01   3.3685731e-01   6.2216087e-02   3.4669216e-01   2.7251279e-03   3.6552169e-02  -2.5647393e-01   3.4910643e-02   2.6786696e-01  -1.3147253e-01   3.9726559e-02   3.6138542e-01  -3.3051447e-01   7.8963533e-01  -2.3581452e-01  -9.4615926e-02   1.6363337e-01   2.0300381e-01  -4.2781628e-01  -9.7744640e-02  -6.6595621e-02  -2.9884359e-01   2.6631256e-01   6.2530360e-01   1.4907290e-01  -2.4504761e-01  -1.3257133e-01   4.1153641e-01  -5.0458539e-02  -1.4959522e-01  -3.4404069e-01  -2.6330154e-02  -3.9373077e-01  -3.3568555e-01  -3.0298354e-01   5.0237019e-01  -4.1065141e-01  -2.7257084e-01   2.8185701e-01  -1.9879133e-01   5.8054364e-01   5.2706902e-01   1.7042950e-03   1.8734938e-01  -4.0457596e-02  -1.9604063e-03   7.1571567e-02  -3.8337703e-01  -4.5527364e-01   2.3712035e-01  -1.5784894e-01   1.3339335e-01   3.7738731e-01  -4.4541858e-01   1.0562473e-01  -4.0460514e-01   1.1583221e-01  -2.7982818e-01  -7.1850054e-02  -2.5301765e-01   3.0133498e-01  -1.1921829e-02  -9.3231832e-02   2.2563379e-01   5.7968527e-01  -1.9996575e-01   1.1394095e-01  -2.3489682e-01   9.6517684e-02  -2.0852025e-01  -3.3322814e-01   3.0168889e-01  -3.2028423e-02  -5.2720836e-01  -2.1761434e-01   4.3406507e-02   8.3405801e-01  -2.5540900e-01   3.3099110e-01   3.8474549e-01  -1.8604065e-01   6.7207841e-02   4.3679231e-02  -2.0476031e-01  -8.2026933e-02  -2.9038884e-02  -6.0633961e-01   7.4471609e-01  -1.9336668e-01  -1.7796643e-01  -2.5521433e-01  -3.8653749e-01   4.2465365e-01  -7.0803389e-02   3.1620152e-01  -2.7633376e-01  -1.8072626e-01   2.4326834e-01   4.3096067e-01  -1.1182300e-01  -3.9663096e-01  -1.3513706e-01  -5.0199254e-02   4.0469871e-01  -1.9221655e-01  -6.3095531e-02   8.2880282e-01   2.7158985e-01  -2.3399894e-01   3.2022172e-01  -1.9508119e-01   3.8174051e-01   1.3970243e-01   2.9069777e-01   8.3151386e-02   2.2614085e-01  -3.4282602e-01  -3.4723835e-01   4.2016441e-01   2.1892996e-01   6.3696606e-01  -2.1157193e-01
  -3.7101158e-01   6.9063227e-01  -3.4416312e-02   3.0810889e-01   9.4657299e-02   4.5959800e-01   7.5789619e-01  -3.8357136e-01   8.3778967e-02   4.0685939e-01  -1.6123259e-02   0.0000000e+00   3.6407328e-01  -3.8090633e-01   5.1283736e-01   4.1665095e-01  -2.8805919e-01   4.2539860e-01  -2.3312927e-01   8.1781237e-02   1.1435248e-01   2.5086173e-01   3.8105658e-01  -1.8840054e-01   1.6178565e-01  -1.2665660e-01   1.2637915e-01  -3.0533344e-02   2.4971162e-01   5.6604956e-01  -1.5962361e-01  -8.4719043e-02  -2.0181845e-01   5.7519635e-01   4.5749530e-01  -1.0296106e-01   1.3857500e-01  -4.0551786e-01   3.5833112e-01   3.7843839e-01   2.4724441e-01  -3.9020658e-01   1.2233421e-01  -2.4626218e-01  -5.0796399e-03  -4.4555270e-01  -2.6864773e-02   6.0886498e-01   3.2317684e-01  -6.1757817e-02   5.2850392e-01  -2.2742950e-01  -3.9597850e-02  -3.0313068e-01  -2.4784155e-01   1.5978139e-01  -1.4105573e-01   1.3749996e-01   2.1771877e-01   5.4904314e-01  -4.7421828e-01   4.3511461e-01   6.7830252e-02  -2.0740915e-01   3.3456235e-01   7.1657996e-01   3.5706458e-01   2.5891561e-01  -2.4419474e-01  -1.1109753e-01   1.9450740e-01   1.6930154e-01   2.5017927e-01   3.8588875e-01  -2.2185740e-01  -3.2291745e-01  -4.4355741e-01  -3.6971718e-01   3.9931834e-03   2.5637637e-01   2.7768599e-01   4.4170480e-01   7.6839958e-02  -6.5527679e-01  -4.1299363e-01   4.1980389e-02   4.8319879e-03   1.2192387e-02   1.9830521e-01  -2.2002592e-01  -3.6657456e-02  -2.6387088e-01   9.2587523e-03   4.8318456e-02  -5.2685731e-01  -2.4535508e-01  -8.7879517e-02  -4.7707446e-01   2.6089464e-01   5.4795441e-01  -5.8256312e-01   2.5100633e-01   1.9941991e-01   5.1678550e-02   8.8876143e-02   1.5135914e-01  -1.1800637e-01  -4.7705863e-01  -2.0588909e-01   1.6297385e-01   2.5977333e-01   6.1603706e-01   3.2475353e-01  -5.5310115e-01  -2.5340616e-01  -1.3968331e-01  -1.3887966e-01   4.4459444e-01  -2.0832102e-01  -5.2756289e-02  -4.9377314e-01   4.8222390e-02  -2.0947408e-01   4.2507179e-01  -4.9819620e-01   4.6641047e-01   5.2017429e-01  -1.4787203e-01   2.6190284e-01   4.2139646e-02   2.9488520e-01   2.6646344e-02   4.7749763e-02   3.7836096e-02  -2.0558443e-01  -3.7941019e-01   1.3025696e-01  -1.1143815e-01  -4.1400313e-02  -5.4873507e-01  -3.3448774e-01   2.6957597e-01  -7.6064289e-02   4.4472709e-01   5.1749290e-01   1.0942264e-01   2.1883765e-01   2.0302615e-01   4.9192806e-01  -1.1741168e-01  -2.9325492e-01  -2.8045331e-01  -1.6803856e-01   4.9838102e-02   1.8989276e-01  -2.6757055e-01  -4.1248688e-01   4.7564811e-01  -3.4349925e-01   1.2918679e-01   5.4560875e-02  -1.8362398e-01   4.4668462e-01   3.8124953e-01  -2.4067839e-01   2.4356122e-01   3.1849970e-01  -4.5123959e-01  -1.2204811e-01  -5.8081985e-02  -6.2409237e-02  -4.8020177e-01   4.0128779e-01   4.2729515e-01  -1.4720978e-01  -3.2342502e-01   5.2764566e-02
  -5.3575823e-01   1.3400478e-01   1.7219510e-01   3.4986261e-01   4.6499023e-01   5.2839715e-01   4.7524898e-01  -4.7536891e-01   1.4519394e-01   5.5912924e-01  -1.3161831e-01   3.6407328e-01   0.0000000e+00  -1.5890183e-01   3.4211451e-01   4.6808626e-01  -2.1537511e-02   4.9893876e-01  -2.9900810e-01   4.1235544e-01   1.1163780e-01   2.4489191e-01   2.6047129e-01  -2.9082422e-01   2.0587609e-01   8.1727937e-02   7.4403806e-02  -8.7902022e-03   3.4882166e-01   3.8667429e-01  -6.0358884e-02  -2.6895705e-03  -1.6265601e-01   4.0145862e-01   3.1041632e-01  -7.8360248e-02   4.6703019e-01  -2.1689569e-01   5.4763818e-01   6.4317089e-01   7.0965249e-01  -3.2341543e-01   5.2400955e-02  -9.9710424e-02  -3.9387390e-02  -3.0580381e-01  -8.7493915e-02   5.3589997e-02   4.7749349e-01  -2.1342889e-01   6.1382547e-01  -1.0162204e-01  -1.9101825e-01  -1.1606813e-01  -3.1476154e-01  -7.1816260e-02  -2.0749125e-01   1.5230919e-01   6.2047942e-01   1.5863650e-01  -1.3508140e-01   6.3518557e-01  -1.6058768e-01  -4.3454489e-02   3.0400032e-01   3.6019070e-01   4.1781003e-01   2.8246639e-01  -1.4192913e-01   1.7203550e-01  -2.1316745e-02   3.3694819e-01   6.4492118e-01  -5.8248511e-02  -1.9777576e-01  -3.1918277e-01  -2.2392630e-01  -2.0503031e-01  -8.7391085e-03   6.7448574e-01   1.5754710e-01   6.9309222e-01   4.0449738e-02  -4.3178509e-01  -4.1620224e-01   1.1131160e-01   5.2952286e-02  -1.5612720e-02  -4.2647968e-02  -2.4679252e-01   9.0993851e-02  -1.3261116e-01   1.5240002e-01   1.5940099e-01  -3.0545624e-01  -7.6949592e-02   2.4967938e-01  -2.1708298e-01   5.0781559e-01   3.3259686e-01  -3.5945652e-01   1.3505193e-01   3.3017782e-03   2.3548247e-02   1.1282199e-01   1.5805373e-01   1.6523829e-01  -2.5822515e-01  -6.7214667e-02   4.1082913e-01   2.9853727e-01   4.3033910e-01   2.8636235e-01  -4.1607069e-01  -1.6193196e-01  -1.0099116e-01   3.3060900e-02   8.2399466e-01  -4.4133684e-01   1.1790512e-01  -3.2731094e-01   1.2399952e-01  -3.5638138e-01   1.0256583e-01  -3.2480377e-01   1.7356460e-02   3.7229988e-01  -1.7484542e-02   1.9738493e-01   2.5676752e-01   7.1646948e-01  -1.1421088e-01  -3.3700803e-01  -7.0348239e-02  -4.7643365e-02  -3.0139833e-01   3.2390427e-01  -1.2758347e-01  -4.8857849e-02  -4.1062864e-01  -2.4289583e-01   6.3103545e-01   2.8581371e-02   2.5841352e-01   4.2986034e-01   2.1275368e-01   2.3128196e-01   1.3649838e-01   3.0324439e-01  -1.1864780e-01  -2.8483900e-01  -2.7028412e-01  -2.9456508e-01   1.0041261e-01   3.0585423e-01  -2.7213611e-01  -2.5036999e-01   7.2547815e-01  -3.0241191e-01   6.4686653e-02   6.2431047e-02  -1.2326582e-01   3.4269248e-01   3.6295139e-01  -2.1075456e-01   3.4111312e-01   2.5054697e-01  -4.0180894e-01  -8.0137814e-02  -1.2035792e-01  -6.6724310e-02  -2.1894169e-01   3.6763322e-01   2.8644636e-01  -3.0088058e-02  -1.5494075e-01   1.5906942e-01
   3.2423094e-01  -3.1079445e-01  -1.1962560e-01  -4.6059086e-03  -2.1645030e-01  -3.6617101e-01  -4.3388342e-01   4.0206611e-02  -2.9203700e-02  -3.1161633e-01  -1.3266081e-02  -3.8090633e-01  -1.5890183e-01   0.0000000e+00  -2.4872359e-01  -3.6212566e-02  -3.8434026e-02  -1.1133487e-01   2.5142332e-01  -1.3268071e-01   1.5168426e-01   4.6430566e-02  -3.0451992e-01   2.9359239e-01  -1.2944907e-02  -1.4004413e-02  -1.9149501e-01   2.6723698e-01   8.2584970e-02   6.0812841e-02   3.6993376e-01  -1.1773792e-01   3.9540199e-01  -3.2354665e-01  -2.5454597e-01  -1.0014325e-01   5.1949050e-02   1.8344841e-01  -2.9878455e-02  -3.7005695e-01  -1.5929285e-01   1.7164188e-01   3.3969343e-03   2.1137884e-01  -1.5199720e-01  -6.7789812e-03  -1.2266029e-01  -3.1175040e-01  -1.2495233e-01  -1.5025523e-01  -2.6253630e-01   5.0755779e-02  -4.0675808e-02   1.7753025e-01   2.5045740e-01   4.1887777e-02   4.5472499e-02  -1.2200472e-01  -6.3056665e-02  -4.1767727e-01   1.3016968e-01  -1.1756501e-01   5.0227007e-02   8.6405809e-02  -3.0142527e-02  -3.5262714e-01  -1.2061124e-01  -3.6578759e-02   2.8835221e-02  -2.5694493e-01  -2.7181558e-01  -2.4512158e-01  -8.7284907e-02  -3.3094757e-01   8.9407012e-02   1.6960347e-01   8.1986705e-02   2.8359428e-01  -1.5184144e-01   1.0398142e-02   4.0229562e-02  -1.7605465e-01   7.1742169e-02   3.8565929e-01   3.9097368e-01   1.3462032e-01   2.6863825e-01   2.1224175e-01   2.8016285e-02   3.5071605e-01  -1.6086548e-01   5.7577362e-02  -8.0615577e-02  -2.0501559e-01   3.5030771e-01   6.2970328e-03  -3.0848844e-02   2.5864960e-01  -9.7309534e-02  -3.1909486e-01   2.9109692e-01  -2.3452872e-02   2.1739970e-01   7.4472800e-02  -7.2384932e-02   6.1844255e-02   3.1297145e-01   1.5079514e-01   9.9417392e-02  -3.3267742e-01  -1.8312790e-01  -9.7059266e-02   3.5061770e-02   5.5360639e-01   1.0231764e-01  -1.2967773e-01   2.5283746e-01  -1.3948753e-01   2.3280389e-01  -5.7370030e-02   3.1323142e-01  -1.7278650e-01  -2.5957487e-02  -6.6143042e-02   3.1484380e-01   9.2965677e-02  -3.1681456e-01   3.2322186e-01  -6.8835267e-03  -3.0458730e-01  -1.1335810e-01  -1.4086142e-01  -4.3310107e-02   7.6814175e-02  -9.5588631e-02   9.8940420e-02  -1.2299542e-01   3.4728854e-01   3.5799731e-02   3.6365259e-01   7.0412156e-01  -9.7330016e-02  -1.4455207e-01  -3.3669533e-01  -1.7546815e-01   1.9219800e-01  -3.0814063e-01  -2.5201399e-01  -2.4930461e-01   2.9130542e-02   3.0838841e-01   3.9273035e-01   1.3172029e-01   4.0255419e-02  -3.2326027e-01   1.6972725e-01   3.1948202e-01  -2.3416938e-01   2.3813749e-01   1.7135310e-01  -7.2195395e-02   5.0257709e-02  -4.0976587e-01  -2.4441564e-02  -1.2650059e-02  -2.4723478e-01  -8.3774966e-02   3.1811658e-01   3.6078110e-01  -9.4746818e-02  -1.2719157e-03   3.9706122e-01  -6.1021986e-02  -2.3700625e-01   1.4338158e-01   2.3674369e-01   1.0363317e-01
