   0.0000000e+00  -2.2292892e-01   7.9075255e-02  -9.6433854e-02  -2.8463816e-01  -1.4265739e-01  -4.0423824e-01   1.9228999e-02   2.9624434e-02  -2.7885693e-01  -1.8789831e-01  -2.1530779e-01  -6.6684627e-02   5.1116685e-01  -8.3634321e-02  -2.2200881e-01   1.0319071e-01  -2.8419130e-01   6.5671409e-02   7.3089714e-02  -2.7986837e-01  -1.8070229e-02  -3.2033014e-01   4.4589199e-01   1.5098089e-01   1.3469652e-01  -1.6707897e-01   3.7132217e-01   2.7498636e-02  -1.7051840e-01  -1.3169850e-01   1.9725617e-01   3.9361646e-02  -3.7398080e-01  -3.0336780e-02  -8.2578138e-02  -6.1105756e-02   1.0803296e-01  -2.8217990e-01  -1.5076995e-01  -1.9449070e-01  -3.4662348e-02  -4.2584738e-02   4.3996687e-02   4.3682246e-02   4.1255911e-01  -1.6309086e-01  -3.8934945e-01   1.5966663e-02   8.5780428e-02  -9.5145882e-02   1.3707837e-01  -2.6059985e-01  -1.8829018e-01   3.6898728e-01   7.2771289e-02   1.4456476e-01   1.5858767e-01  -1.4163829e-01   1.0495007e-01   1.1625804e-01  -3.3234835e-01   1.5006154e-02   1.3766826e-01  -1.9661121e-01  -5.4661472e-02  -2.4478068e-01  -9.8606104e-02  -5.5042334e-02   1.1824102e-01  -2.9326888e-01  -1.6997891e-01  -4.4178853e-01   4.7267893e-01   9.1703739e-03   1.6076830e-01   3.1296948e-01   1.0864568e-01  -3.7003168e-01  -1.4357162e-01   1.9798250e-01  -2.9731580e-01  -1.1585385e-01   1.4053478e-01   1.9018990e-01   1.4345351e-01   6.3374106e-02   5.1610107e-01   6.4128847e-02   6.7411333e-01  -2.3223842e-01   1.6455570e-01  -3.9524428e-01   1.8457885e-01   4.6694803e-01  -7.3279918e-02  -2.8627358e-01   1.7883628e-01  -4.6394388e-02  -1.5831789e-01  -3.1833755e-02  -4.0550642e-02   7.9041400e-02  -5.8542179e-02   8.1928490e-02   5.1518629e-03   2.4535788e-01   9.2801387e-02   1.3911364e-01  -3.0508595e-01  -3.3973780e-01   2.7339074e-02  -2.9796710e-02   5.9556414e-01   1.9755061e-02  -3.2818767e-01   1.5858878e-01  -3.4471858e-01  -1.4909032e-01   9.0194310e-03   4.2125263e-01  -3.3720060e-01  -1.2182738e-02  -3.3528068e-01   5.5315129e-01   5.3949807e-01  -3.8281334e-01   4.4937251e-03   3.2576250e-02  -6.8422227e-02  -2.8708290e-01  -3.3720951e-01   3.6432308e-01  -2.0946472e-01   4.5769037e-02   1.8480382e-01  -2.0901683e-01  -1.9536491e-01   1.4068071e-01   5.1950658e-01   4.8313846e-01   1.4170552e-01   1.4489367e-01  -2.2677247e-01  -3.0631936e-01  -6.8258954e-02  -3.8413490e-01  -1.6282194e-01  -3.2810811e-01  -3.2480861e-01   2.5581339e-01  -7.7008620e-02   3.6160599e-01  -1.2396854e-01  -9.2757084e-02   2.9561957e-01   3.4839256e-01  -3.3457642e-01   1.7467380e-02   3.7013921e-02  -1.5975487e-01   7.1472531e-02   4.2526181e-02  -8.9668331e-02   1.4363162e-01  -2.5874797e-01  -2.5538899e-01   3.5579521e-02   3.5112897e-01  -3.4163873e-01  -2.0732271e-01   7.9253449e-02  -1.3081540e-01  -1.4522705e-01  -3.9064478e-02  -5.9698169e-02  -1.8933722e-03
  -2.2292892e-01   0.0000000e+00   2.3176127e-01   1.6276008e-01   3.0163536e-02  -3.5752689e-01   5.8598110e-02  -1.0656874e-03   2.1240711e-01   8.9978986e-06  -9.1280508e-02   5.9996364e-01  -8.3769353e-02  -2.1822025e-01  -1.9931350e-01   2.0973923e-01   1.8968375e-01  -4.8613851e-02  -1.3852729e-01  -2.3349704e-01  -1.3659934e-01   5.0895561e-02   2.1366759e-02  -2.9458552e-01   6.8588215e-02  -9.2165696e-02  -3.8410556e-02  -1.1109366e-01   2.3185267e-01  -9.8588654e-02   2.4612082e-01  -3.6609156e-01  -2.0528505e-01   4.6829982e-01  -3.5845392e-01  -3.4571450e-01   1.4904379e-03   1.9548008e-02   6.5667033e-02   3.3599914e-01  -6.1676068e-02  -3.9869332e-02   4.8439199e-01  -8.2549276e-02  -2.0290171e-01  -1.2593380e-01  -4.2412413e-01   1.4649903e-01   1.7168920e-01   4.0739589e-01  -5.2109895e-01   2.0956795e-02   4.5113716e-01   1.8467462e-01  -2.9307570e-01  -1.1885788e-01  -3.4006186e-01  -4.2345850e-01  -3.7822028e-01   3.2307681e-02   1.0313518e-01   4.0386114e-01   4.8066590e-01   1.8621987e-01   3.6479808e-01  -2.1716172e-01  -1.4987027e-01   4.4970095e-01  -3.4111951e-01  -1.4447844e-01   8.5733044e-01   8.7646727e-02   1.0027381e-02  -4.1071434e-01   4.7446866e-02  -2.2483874e-02  -6.2097224e-03  -5.2282122e-02   3.1697056e-01  -1.2218384e-02  -3.7408348e-01   2.2215307e-01   3.5645871e-02   5.0824473e-02   1.6323765e-01  -1.0387527e-01  -4.3080426e-01  -1.5628654e-01   4.5048757e-01  -2.3390440e-01   6.7787865e-01   1.3675769e-01   5.3923180e-01  -1.1469216e-01  -7.4734492e-02   4.3324403e-02   3.1472578e-01  -5.3404187e-02   1.8432299e-01  -1.7780415e-01   2.1578936e-01   4.0267478e-02  -2.1212850e-01   2.0950089e-01  -5.8486134e-01   2.4542756e-01   4.0140620e-02  -1.2638029e-01  -1.4369110e-01   4.1049243e-01   2.9093218e-01  -4.7857719e-01   3.4136961e-01  -1.3108007e-01  -3.4753862e-01   6.2530948e-01  -6.5257466e-02   1.8647620e-01  -2.2295219e-01  -3.0164185e-01  -2.1566722e-01   6.6826509e-01   3.0575339e-01   4.3340931e-01  -2.6733175e-01  -6.9237048e-02  -2.4948751e-02   7.5708792e-02   4.8519673e-02   5.4368122e-02   2.1195631e-01  -2.2182334e-02   1.2358260e-01   4.0777381e-01   1.2412792e-01   1.0400946e-02   2.3295650e-01   2.7144961e-01  -2.4843407e-02  -3.6298240e-01  -3.8094704e-01   1.0336910e-01  -3.4428856e-01  -2.2280719e-01  -5.3903320e-02  -1.8409788e-01   2.6387193e-01  -1.5057195e-01   4.3145967e-02   3.3366759e-01  -1.5129718e-01  -7.6817521e-02  -3.3450856e-01   8.3899960e-02   5.5252345e-01  -1.3625745e-02  -2.1570402e-01   1.8502193e-01   8.0516939e-02  -2.0639890e-01   3.4283264e-01  -3.6675624e-01  -2.4309340e-01   1.9482960e-01  -3.7550322e-01   4.1522227e-01   2.8000444e-01  -2.1003774e-01  -1.4518618e-01   5.1955857e-01   6.9535313e-01  -1.0003804e-02   4.0690536e-01  -6.9674336e-02   2.5529092e-01  -2.1611276e-01  -2.6285396e-02
   7.9075255e-02   2.3176127e-01   0.0000000e+00  -6.4013519e-02   9.6898596e-02  -3.6349247e-02  -3.8139316e-01   3.6200238e-01   1.6316469e-02  -3.0786031e-01  -3.8584300e-01   3.6096605e-01  -3.0852950e-01   2.2766908e-01  -4.6006699e-01  -2.0898849e-01   7.9662217e-01  -3.5641218e-01   2.6875454e-01   6.9416678e-02  -4.5993514e-01  -2.4937179e-02  -3.7400904e-01  -2.1747355e-01   4.3137543e-02   2.7382099e-01   1.9738643e-02   8.7015324e-02   1.5341011e-01  -5.6030303e-01  -1.2100100e-01   2.2244091e-01   3.2016333e-01  -2.2416577e-01  -8.9317896e-02   9.5748787e-02  -2.5278325e-01  -2.7571479e-01  -2.2701517e-01   3.2331198e-01  -2.2653324e-01   1.8421512e-01   1.6599198e-01   9.4984726e-02   1.1076951e-02   4.6181484e-01  -8.1292917e-03  -5.7040473e-01  -2.5058490e-01   5.2502446e-01  -2.0518031e-01   2.6631879e-01  -1.8319873e-01   2.0371415e-01   6.3314820e-02  -2.1666200e-01   6.2197822e-02   2.0836234e-01  -1.1908592e-01   1.0894523e-01   5.2249289e-01  -7.2928699e-02   4.4355672e-01  -8.6600044e-03  -4.1978076e-01  -3.8905342e-01   2.1816662e-01  -1.2704916e-01   1.9878016e-01   4.8371151e-01   2.8142073e-01  -1.4715348e-01  -3.0453956e-01   9.9853762e-02   2.1024178e-01   2.8710901e-01   5.8363886e-01   3.6239745e-01   2.0084318e-01   1.8343423e-02   1.2541245e-02  -3.0802238e-01   1.1555923e-04   4.2493826e-01   7.7467473e-02   2.3995568e-01  -9.9003966e-02  -9.7156519e-02   2.0660738e-01   5.5887169e-02   3.5140297e-01   7.8950223e-01   2.1956085e-01   9.5930276e-03   2.7506836e-01   1.6545472e-01  -4.7756872e-02   3.2490858e-01  -4.2237416e-02  -5.4322801e-01   3.2610257e-01  -3.6911375e-01   1.3904985e-01  -6.4115846e-02  -1.4908973e-01  -2.7618846e-02   5.7995993e-01   3.2052406e-01  -1.2704340e-01  -1.9766194e-01  -1.3501115e-01  -1.6664548e-01  -1.0101368e-01   3.4580251e-02  -1.0154479e-01   1.6289260e-01   2.4253252e-01  -4.3347476e-01  -1.4964979e-01   1.0895585e-01   1.2240443e-01   3.2266856e-01   3.9103167e-01  -3.5872370e-01   2.3541562e-01   4.3961538e-01  -2.5645922e-01   2.0481731e-01   7.1268099e-02   4.0713609e-01  -3.4804070e-01  -3.8547687e-01   2.8227092e-01  -2.1851323e-01   8.0180636e-02   3.4705774e-01   8.5458264e-02  -1.9931749e-01   3.5325848e-01  -1.2231130e-01   1.8556277e-02   6.7059940e-03   1.5093405e-01   1.3083425e-02  -4.7265089e-01  -3.4093187e-01  -9.5210903e-02  -2.7249874e-01  -4.6564921e-01  -2.5864663e-01   3.4251810e-01  -4.7718670e-02   4.4052540e-01  -3.6474769e-01   6.2210368e-01  -3.1038410e-01   3.2101053e-01  -2.3383870e-01   4.7969394e-01  -3.5623814e-02  -5.3611439e-02  -3.4856535e-02  -3.7391661e-01  -2.1205331e-01   2.2678117e-01   2.8391850e-02  -1.7325422e-01  -7.8979107e-02   3.1145194e-01   2.9743978e-01   2.2299262e-01  -3.7928494e-01  -1.9202498e-01   5.5470841e-02   4.4356020e-02   1.7188201e-01   1.0494810e-01
  -9.6433854e-02   1.6276008e-01  -6.4013519e-02   0.0000000e+00   1.4079022e-01   9.8753284e-02  -1.3981503e-01   2.7362252e-01   1.5333644e-01  -2.8287662e-01   2.0532384e-01   4.8590860e-02  -4.4967037e-02   1.6649575e-01   8.4153531e-02   7.4774121e-02   1.4785928e-01   7.0362782e-01   1.7727814e-02   6.5014506e-02   2.7483558e-01   4.9726798e-01  -1.3859573e-01  -4.8241575e-01   6.6145492e-01  -1.4465946e-01  -1.2149909e-01  -1.5122126e-02   3.2983176e-01   2.1515547e-01   5.1504491e-01  -3.0441585e-01  -2.8551030e-01  -1.1855081e-01  -1.7826314e-01   1.1277092e-01  -7.9739413e-02  -3.8929713e-01   5.8276390e-03  -9.8236184e-02   4.1944521e-01   2.6331029e-01  -4.1142684e-02   4.1830447e-01  -4.2043126e-01  -2.6002757e-01   1.6865891e-01  -1.4343553e-02   2.8895100e-01  -3.1891950e-01  -1.3436463e-03  -4.0493807e-03   1.0931085e-01   5.1328885e-01  -1.8255206e-01   1.2979595e-01  -1.9333893e-01  -3.5531021e-01   4.4128025e-01   1.6880103e-02   1.9229426e-01   2.4176873e-01   1.8362989e-01   3.0882430e-01   3.9645521e-01  -2.7350602e-01   1.3627622e-01   7.1899478e-01   3.7502900e-01  -4.2306171e-01   7.3055996e-02   3.5394365e-01  -8.3422056e-02  -4.5652644e-02   2.0889323e-01   3.6448196e-01  -2.0881427e-01   1.3265576e-01   8.8219493e-03   6.9214601e-01  -2.0632602e-01  -1.3746852e-01   1.8563455e-01   2.8393944e-01   4.1439405e-01   9.4734404e-02  -5.4584397e-02   1.1157001e-01   4.2427945e-01  -9.2049930e-02   5.0048089e-02  -7.3272953e-02   4.1330415e-02   1.0881536e-02  -5.3540472e-02   7.3726536e-02   5.1922213e-01   1.0065775e-01   6.7067638e-01  -2.0096528e-01   1.3888817e-01   1.1583131e-02   2.6971918e-01   3.1074108e-01   3.1376298e-01   8.5835746e-01  -1.9307631e-01   2.3601097e-01  -1.8812701e-01   9.5364926e-02   1.1487830e-01  -1.8418015e-02   7.2048397e-01   1.7499912e-01  -5.9712328e-03  -9.1614815e-02  -1.2855465e-02   1.7976239e-01   1.9020309e-02  -1.0846508e-01  -3.1185883e-01   8.1108663e-02   3.1068473e-01   1.7742227e-01  -4.8840213e-01  -2.4875279e-01  -7.2503997e-02   6.3134798e-01   4.6986178e-01  -9.3040860e-02  -1.1799365e-01  -1.9902387e-02   3.6965422e-02  -8.4028959e-02   4.3541908e-01   1.2650680e-01   2.3462258e-01   3.1669808e-01   1.4649150e-01  -4.3096502e-01  -2.5586118e-01  -9.4898057e-02   9.1956044e-02  -2.3872827e-01   8.9190414e-03   3.0159110e-01  -9.7158403e-02   2.2886229e-01  -1.2658682e-01   7.6458101e-02  -3.0579460e-02   5.0791951e-01  -2.6286474e-01  -1.6330479e-01   4.0642021e-02  -4.4983169e-01  -3.0387293e-01   3.7455136e-01   3.6185200e-01   2.3232487e-01   6.9310221e-02   1.6480841e-01  -8.5706984e-02   6.7124470e-01  -7.9161919e-02  -2.6820224e-01  -1.1074737e-01   2.2310066e-01   1.3715186e-01   2.1185587e-01  -2.0719594e-01  -4.6465593e-01   5.9282675e-01   5.2808245e-03   5.3401244e-01   3.8278350e-01   5.5880753e-01
  -2.8463816e-01   3.0163536e-02   9.6898596e-02   1.4079022e-01   0.0000000e+00   8.3126176e-02   1.0824438e-01  -8.6402906e-02  -4.3098704e-01   2.3406976e-01   1.4460758e-01   7.8539704e-02  -2.9056511e-02  -9.1115479e-02  -1.1996528e-01   2.9492267e-01  -5.8220367e-02   2.1472265e-01  -6.1184163e-02   3.0799516e-01   2.6194812e-02  -1.4981303e-01   2.4884869e-01  -2.6679924e-01   5.7878230e-02  -1.8628052e-01   3.2449085e-01  -3.5536486e-01  -1.4945257e-01  -1.2114714e-01  -1.1588653e-01   2.0269433e-02   2.5727946e-01   1.6572952e-01  -4.5006307e-02   4.0835354e-01   2.5535658e-02  -7.7120655e-02   3.5276448e-01   3.0901432e-01   2.6104140e-01   2.8278609e-01  -1.5989481e-01  -2.4251663e-02   1.5110231e-01  -1.2047081e-01   4.1553686e-01   1.3487324e-01   3.7164596e-01   7.9650172e-02   3.0341309e-01  -3.9710894e-01   1.0828452e-01   1.2266207e-01   7.5827825e-03  -2.6830375e-01  -2.4414163e-01   1.1029860e-01   2.5379940e-01  -2.6358275e-01  -8.8817904e-02   3.9295007e-01  -2.3502146e-01  -3.1829083e-01  -8.4011408e-02   6.7545908e-02   4.1066280e-01  -3.7625062e-02   1.9509370e-01   2.5844371e-01   1.5621822e-01  -1.8932633e-01   1.2761336e-01   1.9048296e-02  -3.1855981e-01  -1.8434816e-01   2.8966613e-02  -9.5447588e-02   5.3169205e-01   2.6825644e-01  -1.7080766e-01   4.0672081e-02   1.7646848e-01  -5.3330411e-02  -3.7927718e-02  -3.7931451e-01  -1.8682783e-01  -3.1472174e-01   6.0868969e-03  -1.9935235e-01   1.6167307e-01  -2.1536577e-02   3.7885211e-01  -3.7590414e-01  -4.6820204e-02   5.9788123e-01   4.8457021e-02  -2.9394423e-01   3.0855012e-01   7.7535771e-02   1.9381127e-01  -2.6625655e-01   6.7633186e-02  -2.3156129e-01   1.1033115e-01  -4.0533022e-02   4.2319268e-02  -1.2708938e-01   1.3408163e-01   2.1086748e-01   5.0817335e-02  -1.1633136e-02  -8.9009811e-02  -8.2251878e-03   2.5393185e-01   3.6824230e-01  -3.4024690e-01   1.2066003e-01   1.4786244e-01   1.4922681e-01  -7.9212054e-02   3.7035301e-01  -6.7281702e-02  -3.0712848e-02  -1.6272342e-01  -1.9298018e-01   3.1387466e-01   4.0308795e-01  -1.6554592e-01   1.6735176e-01   1.8391274e-01   2.9514769e-01  -3.2760938e-01  -2.4186891e-01  -2.3129827e-01  -1.9555601e-01   1.5583341e-02  -6.9313088e-02  -3.1493081e-01  -1.6269937e-01   1.1115820e-01   2.8633331e-02   8.4807518e-02   1.0354390e-01  -1.0293916e-01  -7.5967688e-03   2.4860282e-01   3.9023901e-01   2.2591155e-01  -1.1885721e-01  -1.3460572e-01  -6.4821609e-02  -1.4470828e-02   8.0342173e-02   6.0884959e-02  -1.6585117e-01  -6.4345092e-02   6.0403474e-02   7.9832753e-02  -2.4038070e-01  -2.2094541e-01   3.2232707e-02   1.9008807e-01  -1.6661797e-01   2.2849347e-01   2.7965757e-01   1.1654743e-01   1.4018474e-01   8.7626028e-02   3.4704864e-01   1.1138308e-01  -2.6420657e-01  -9.6624523e-02   2.6999974e-01   9.5191573e-03   3.4505702e-01   1.3581848e-01
  -1.4265739e-01  -3.5752689e-01  -3.6349247e-02   9.8753284e-02   8.3126176e-02   0.0000000e+00   2.4617397e-01  -2.3056450e-01  -4.2578466e-01   2.6471338e-01   9.4629050e-02  -1.9408361e-01   1.5312899e-01   1.0114107e-01  -1.1610978e-01   2.9303051e-01  -9.4638346e-02   2.1654440e-01  -2.1718765e-02   3.0686362e-01   1.2075924e-01   1.1087996e-01   2.8993035e-02   6.9044889e-02   2.0562376e-02  -1.9319292e-01   5.9213170e-01   8.0996339e-05  -2.6444697e-01   2.4891812e-01  -9.1385566e-02   2.8721532e-01   2.1838516e-01  -2.5730955e-01   1.6270570e-01   2.8646535e-01   1.3726762e-01  -2.1000953e-01   9.6482729e-02   2.8521285e-01   3.0063985e-02   2.2658321e-01  -6.8979055e-02  -1.3344808e-01   3.4522141e-01  -2.6156449e-01   3.8888264e-01   1.3082531e-01   8.0544488e-02  -3.8365233e-02   5.2529326e-01  -3.0691544e-01  -3.1232539e-01  -7.2929161e-02  -3.8392862e-02  -1.5424721e-01   3.8742380e-01   2.5654429e-01   2.4081933e-01  -9.1776411e-02  -2.8526449e-01  -2.9188787e-02  -3.2019836e-01  -3.3026375e-01  -1.9587714e-01   3.6094920e-01   7.4968630e-01  -1.4357192e-01   3.6109960e-01   3.2236641e-01  -3.6611769e-01  -1.2898437e-01  -3.1504991e-03   7.4470358e-02   1.3679888e-01  -1.1094369e-01  -2.3252838e-01  -1.9893968e-01   1.0051410e-01  -3.1910611e-02   5.3920617e-02   8.7873134e-04  -7.4043093e-02  -1.0134705e-01   6.0911237e-02  -2.2289538e-01   3.1263062e-01  -2.5666961e-02   5.4071465e-02  -3.5355279e-02  -2.6564319e-01  -1.1706199e-01  -4.7206573e-02  -1.4291027e-01  -2.8165180e-01   2.5904589e-01  -1.8006910e-01  -1.1402797e-01   9.0602818e-02   2.4333351e-01  -5.3728305e-03  -3.2534457e-01   2.8719529e-01  -6.4136805e-02   4.4126671e-01  -9.9716908e-02   2.3186904e-01   1.1385129e-01   1.6463629e-01  -8.6550610e-03  -1.3474407e-01   5.2447150e-01  -6.7933666e-02  -1.0860663e-01   3.2632375e-01  -3.1771381e-01  -2.0963050e-01  -6.0813704e-02   2.9408887e-01   3.5782181e-01  -1.4095988e-01  -1.2875763e-01  -1.3583140e-01  -2.7145828e-01  -1.2671931e-01  -1.8857875e-01   1.6225670e-01   3.9727234e-02  -7.4039432e-02   3.1066506e-01   2.1478533e-02   3.4931191e-02  -2.0741242e-01  -5.3097305e-01  -2.7637137e-01  -2.8563210e-01  -1.2501953e-01  -1.7744406e-01  -2.6006098e-01  -1.8860824e-01   5.9852837e-02  -4.9399567e-02   3.1069753e-01   6.0304162e-01  -2.3394893e-02   2.0832253e-01   1.0831277e-01   4.0672926e-01   2.6831923e-01  -3.1924493e-01  -7.8911216e-02  -1.9483822e-02   1.5744826e-01  -1.7555977e-01   9.0209252e-03  -1.8863623e-01  -1.1304262e-01  -1.3095778e-02  -1.9734907e-01  -5.6953490e-02  -2.3518716e-01   2.1290893e-01   1.8612664e-01   3.5781981e-02   2.8453442e-01  -2.0967189e-01  -2.4235159e-01   4.2807931e-02  -3.5459452e-02  -1.8959826e-01  -1.7070231e-01  -8.5682632e-02  -1.1249581e-01   5.8780292e-01  -1.5778164e-01   1.0148878e-01  -5.1459056e-03
  -4.0423824e-01   5.8598110e-02  -3.8139316e-01  -1.3981503e-01   1.0824438e-01   2.4617397e-01   0.0000000e+00  -4.6914304e-01  -3.0472378e-01   6.8603055e-01   1.3313575e-01   8.2540545e-02   2.2688022e-01  -3.2683094e-01   2.9716583e-01   6.2110532e-01  -5.1817671e-01   1.2201232e-01  -4.8502291e-01  -7.6499719e-02   2.3156379e-01  -2.3062936e-01   7.7885023e-01   1.7462585e-02  -3.5316757e-01  -3.8335427e-01   3.7431080e-01  -3.1363890e-01  -2.4766893e-01   3.1632672e-01  -1.1460678e-01  -4.2338691e-02  -1.3025953e-02   7.0013525e-01   2.6061844e-02  -5.9311883e-02   2.4687148e-01   3.5452275e-01   4.9289844e-01   1.6776246e-01   1.7899219e-01  -1.6891905e-02   8.1755175e-02  -4.7734857e-01   1.9110202e-01  -3.9348369e-01   9.5665259e-02   7.5146302e-01   3.0099104e-02  -3.9525646e-02   2.4700975e-01  -4.2305084e-01   4.2588067e-01  -2.4354665e-01  -8.8720834e-02  -1.0375657e-01  -2.5654967e-01   5.8097019e-03   2.6278471e-02  -3.0082907e-01  -3.6791955e-01   2.2527376e-01  -4.4394683e-01  -3.9390238e-01   5.6734753e-02   4.4457514e-01   1.9871347e-01  -1.4565790e-01  -2.6597250e-01   9.0203198e-02   1.6741110e-01  -3.0741236e-02   3.5828402e-01  -3.2776530e-01  -1.6746476e-01  -5.8200309e-01  -3.2734360e-01  -5.2318489e-01   1.7392492e-01  -2.6424655e-01   2.6689487e-02   3.9849272e-01  -2.3971213e-02  -5.2901036e-01  -2.2737411e-01  -4.1651079e-01   9.5960411e-02  -3.1776364e-01  -2.5296626e-01  -2.8664624e-01  -1.3911122e-02  -4.0084677e-01   4.0401810e-01  -2.8081691e-01  -4.2169953e-01   1.5835672e-01  -1.0257798e-01  -5.9092659e-01  -2.3363137e-01   7.1678383e-01  -2.7300448e-01   2.5657061e-02  -1.3650330e-01  -2.0622958e-01  -1.6266998e-01  -2.1694019e-01  -3.1130216e-01  -4.9345187e-01   5.4083075e-03   3.9937992e-01   3.6362657e-01   3.2904115e-01  -2.7308413e-01  -3.3976026e-01   1.6105655e-01   2.1061222e-01  -3.9449553e-01   3.5117656e-01   1.2454352e-01   9.7757370e-02  -1.9753806e-01   1.5088324e-01  -3.7287289e-01   2.2561953e-01  -1.4375674e-01  -4.1543671e-01   5.7720195e-01  -2.0588969e-01  -3.9505872e-01   1.9589896e-02   5.3795089e-01   4.3981643e-01  -4.0335632e-01   8.8912665e-02  -3.9063039e-01  -5.8921767e-01   1.0472986e-01   1.3800195e-01  -4.4686367e-01  -2.2471358e-01  -7.2178720e-02   7.1309194e-02  -2.9598628e-01   2.8787670e-01   5.4756936e-01   1.2359271e-02   6.4524238e-01   2.4457636e-01   7.5501936e-01   2.7980674e-01  -3.9446420e-01  -9.0412384e-02  -3.7465673e-01   3.0234007e-01  -2.4205781e-01   1.9754480e-01  -2.3147908e-01   2.5576896e-01  -4.8445510e-01  -2.0074999e-02   6.9528627e-02  -3.0570207e-01   3.8547377e-01  -2.3310888e-01  -1.4870557e-01   3.4378401e-01   4.2083491e-01  -1.8907870e-01  -3.7537077e-01   1.0732209e-01   2.3909472e-01   3.2678511e-01  -1.7058770e-01   5.1566510e-02  -3.1180751e-01  -1.9705555e-01  -2.4669621e-01
   1.9228999e-02  -1.0656874e-03   3.6200238e-01   2.7362252e-01  -8.6402906e-02  -2.3056450e-01  -4.6914304e-01   0.0000000e+00   3.6108172e-01  -6.0951955e-01  -7.3067733e-02   1.8272116e-01  -2.5130757e-01   1.6028824e-02  -1.7284522e-02  -5.9989598e-01   5.3819282e-01  -6.0597983e-02   5.8786029e-01  -3.9833461e-02  -2.3402668e-01   2.6386498e-01  -3.6664104e-01  -3.7255435e-01   3.1424707e-01   5.2839690e-01  -3.7453587e-01   2.3161525e-01   2.9248599e-01  -2.6214510e-01   7.6364076e-02  -1.2042556e-01   5.7454205e-03  -2.6051375e-01  -1.1875142e-01  -5.9254033e-03  -2.6858529e-01  -3.9703255e-01  -4.5381268e-01  -1.7750861e-01  -4.4754361e-03   3.8147219e-02   7.5799767e-02   6.3320655e-01  -4.7034588e-01   2.6051501e-01  -1.1246724e-01  -4.8808009e-01  -2.9171167e-01  -8.3583272e-02  -2.9942712e-01   7.4715280e-01  -1.6029361e-01   4.3959022e-01  -1.4674188e-01   3.6451719e-01   2.3855243e-01   2.5505081e-02   1.8510624e-01   3.4963281e-01   5.0661608e-01  -7.4492950e-02   4.4640932e-01   5.0309845e-01  -1.3845411e-01  -5.8714007e-01  -4.2054637e-02   1.4905204e-01   2.8742133e-01  -1.6586739e-01   1.5437119e-02   2.5964191e-01  -1.3548332e-01   9.6798248e-02   1.8662368e-01   5.9646634e-01   1.9329768e-01   6.1092157e-01  -7.5808457e-02   3.9120094e-01   1.8560572e-01  -4.7837492e-01   3.1676484e-02   7.5950258e-01  -2.6478405e-03   7.3310063e-01  -1.2649479e-01  -5.0140408e-02   7.2848259e-02  -8.0769247e-03   1.0539952e-01   3.7967454e-01  -8.2753662e-02   3.1256110e-01   2.0297116e-01  -1.4031070e-01   3.1973623e-01   6.8398742e-01   2.3266380e-01  -5.6310220e-01   1.2425283e-01   1.9515796e-01   1.2409820e-01   1.5859538e-01   1.6819261e-01   3.2536720e-01  -3.5067387e-02   6.5473951e-01  -1.9287580e-01  -3.8202646e-01   6.0213945e-03  -1.9855969e-01   1.4561649e-01   7.6448843e-02  -1.6780090e-01  -8.2698461e-02   6.2877657e-01  -1.7611827e-01  -8.2537009e-02  -1.2407102e-01  -1.4319672e-01  -1.4069912e-03   3.8538915e-01  -1.7931502e-01  -1.7475566e-01   2.5348669e-01  -4.4236921e-01   2.0707703e-01   4.8786819e-01  -1.3111748e-02  -5.2319288e-01  -3.6620703e-01   2.2157381e-01  -4.5259975e-02   5.1619212e-01   7.5567370e-01   1.0205282e-01   3.7848394e-02   7.6659813e-01  -1.9056497e-01  -2.5076386e-01  -1.6995252e-01   3.0885488e-01  -3.2377766e-01  -1.1778018e-01  -1.0872040e-01  -2.6857092e-01  -3.1642161e-01  -5.4289425e-01  -9.8259921e-02   3.3627411e-01   4.0698467e-01   5.0697242e-02  -2.3301335e-01   2.3893861e-01  -4.6285993e-01  -1.5230636e-02  -1.6876320e-02   5.7903876e-01   3.8797514e-01   8.2236202e-02   3.7577341e-01  -4.1946719e-01   1.8733601e-01   9.9086250e-02  -2.4697011e-01  -2.0682420e-01   3.2572848e-01   1.1138507e-01   1.1209854e-01  -1.4068816e-01  -5.0855595e-01   8.5952401e-02  -1.3471324e-01   3.6252935e-01   3.1389672e-01   4.7896227e-01
   2.9624434e-02   2.1240711e-01   1.6316469e-02   1.5333644e-01  -4.3098704e-01  -4.2578466e-01  -3.0472378e-01   3.6108172e-01   0.0000000e+00  -4.9556345e-01   6.5897253e-02   2.7150936e-01  -2.5282464e-01  -2.7299935e-02   1.5051777e-01  -3.2374488e-01   2.9406272e-01  -8.5378003e-02   2.5517158e-01  -3.8913015e-01  -1.9250310e-01   4.7847249e-01  -3.4192990e-01  -2.2013839e-01   1.7733509e-01   4.0147936e-01  -4.8694996e-01   5.8299076e-02   4.9828121e-01   1.5396897e-02   9.7284892e-02  -2.5268388e-01  -1.5168904e-01  -3.7691646e-02   4.9358740e-02  -3.2625528e-01  -4.3091452e-01  -1.8213475e-01  -1.5602303e-01  -3.0689543e-01  -2.0935315e-02  -1.4427887e-01   3.8944536e-01   3.2855898e-01  -3.8743781e-01   1.5529513e-01  -3.6846031e-01  -3.3484001e-01  -2.9583308e-01  -4.7788366e-02  -4.6999101e-01   4.5016040e-01  -1.5624280e-01   3.3206728e-01   3.4044037e-02   3.6907649e-01  -2.5036192e-02  -1.7605425e-01   1.7171314e-02   6.0092320e-01   3.1405699e-01  -1.6388847e-02   7.0022714e-01   4.5352132e-01   2.5840399e-01  -1.4700579e-01  -3.6104265e-01   2.4854636e-01   4.1228839e-02  -4.8311488e-01   1.3877635e-03   4.4463380e-01   4.5857961e-02  -1.6428124e-01   2.7250938e-01   4.0426961e-01   4.7036347e-02   4.8897086e-01  -2.1534090e-01   1.4657005e-01  -4.7577095e-02  -6.9604715e-02  -9.8277428e-02   4.3119953e-01  -4.7961084e-02   5.3655748e-01   4.2878049e-02   1.0437497e-01   2.3337515e-01  -1.2283208e-01   2.0101064e-01  -1.1306734e-02  -5.5335264e-02   5.7234499e-01   2.0777301e-01  -4.4228272e-01   4.1434122e-01   4.8767089e-01   2.8172071e-02  -5.2680084e-01  -1.6874913e-01   4.8413858e-01  -8.0975015e-02   5.6827130e-01  -6.0691032e-02   3.3824502e-01  -9.2120089e-02   4.1962092e-01  -4.8028093e-01  -2.3328317e-01   1.5272976e-01  -1.7282749e-01   2.8222523e-01   8.0574741e-02  -5.8137814e-01  -1.0224484e-01   3.5573955e-01   5.7022337e-02  -4.2263193e-01  -2.3248129e-01  -1.1276398e-01   1.0584004e-01   4.8819842e-01   1.1530684e-01  -1.5434818e-01   2.5215099e-01  -4.0400599e-01  -1.9242813e-01   5.9222831e-01  -2.0207949e-01  -1.2937040e-01  -2.8453396e-01   4.7503610e-01   2.4219770e-01   6.4224715e-01   4.3893486e-01   2.4599450e-01  -4.3851015e-02   5.5103645e-01   2.8707925e-04  -3.0697059e-01  -1.8675993e-01  -2.1740158e-03  -4.5525523e-01   2.3010250e-01  -5.5577680e-02  -3.6795889e-01  -4.5800490e-01  -3.4502425e-01  -6.7702389e-03  -7.8482005e-02   1.3136662e-01  -2.1085586e-01  -5.2784873e-02   1.3893231e-01  -1.9607733e-01   1.2720216e-02   1.8550428e-01   3.1593554e-01   2.7104149e-01   4.9744457e-01   1.5547907e-01  -4.3613323e-01   3.2849343e-01  -2.2259376e-01  -2.1356780e-01   2.2839416e-02  -3.5688416e-02   3.5084393e-03  -3.1403829e-02   5.3636020e-02  -1.2318183e-01   2.8193192e-01  -3.7168435e-01   2.2193282e-01  -1.6269436e-01   4.3664881e-01
  -2.7885693e-01   8.9978986e-06  -3.0786031e-01  -2.8287662e-01   2.3406976e-01   2.6471338e-01   6.8603055e-01  -6.0951955e-01  -4.9556345e-01   0.0000000e+00   6.5655908e-02  -2.3473985e-02   1.1494986e-01  -2.6005232e-01   1.0154112e-01   5.6880175e-01  -5.3022007e-01  -3.9269940e-02  -4.0501773e-01   2.1531737e-02   1.9190341e-01  -4.1826805e-01   6.2712643e-01   3.0111083e-01  -3.8318875e-01  -4.4152058e-01   3.9656647e-01  -4.0576593e-01  -4.4172422e-01   1.3032387e-01  -1.7908053e-01   1.7813571e-01   1.6839328e-01   4.3803759e-01   1.3722212e-01   6.9817652e-02   3.6903081e-01   3.9410056e-01   4.6685793e-01   2.0703785e-01  -3.2825582e-02  -1.9569064e-02   5.5027434e-02  -5.2361824e-01   4.6804940e-01  -4.4422087e-01   1.9213207e-01   6.2195816e-01   1.4812968e-01   2.1474058e-02   3.6170133e-01  -5.9610232e-01   3.6645780e-01  -4.2288763e-01   6.4944398e-02  -3.3240630e-01  -1.9806158e-01   1.3158052e-01  -9.2243951e-02  -3.2787154e-01  -4.9390100e-01   7.7153264e-02  -5.3548487e-01  -5.2394258e-01  -1.2252671e-01   4.9899444e-01   2.4148169e-01  -3.3228124e-01  -2.0952210e-01   2.1887899e-01   1.1555076e-01  -4.0432224e-01   2.4525299e-01  -2.8664651e-01  -2.8203548e-01  -6.9711331e-01  -3.5579295e-01  -5.5467140e-01   2.7364017e-01  -3.2220614e-01  -1.6359765e-01   4.0397142e-01   7.9899262e-02  -5.7829998e-01  -2.3039745e-01  -6.4926333e-01   1.5022191e-02  -1.4570690e-01  -2.4104158e-01  -2.0903961e-01  -5.8869643e-02  -3.9948553e-01   3.5618776e-01  -3.1577985e-01  -4.4137381e-01   2.4330650e-01  -3.7004551e-01  -6.2936102e-01  -2.5558420e-01   7.4186994e-01  -1.0015250e-01  -2.2944002e-01  -2.2482644e-01  -2.6874272e-01  -1.6594491e-01  -4.5519827e-01  -1.4756434e-01  -5.1596859e-01   2.7645527e-01   3.8633877e-01   1.6552842e-01   2.2817708e-01  -3.9274155e-01  -3.4044036e-01   2.3862899e-01   1.8863449e-01  -4.4712386e-01   1.7619292e-01   1.6797172e-01   2.2795246e-01   9.7229264e-03   1.1118787e-01  -3.8983619e-01   7.3540064e-02  -1.5829302e-02  -2.8204995e-01   6.0118465e-01  -2.0213872e-01  -5.6783073e-01  -4.7704339e-03   5.0888743e-01   4.4499988e-01  -4.2003581e-01   6.5031643e-02  -5.2909244e-01  -7.3270678e-01  -7.0124107e-02   1.5149840e-02  -6.9264362e-01  -5.0851901e-02   1.6369197e-01   1.0755488e-01  -1.2467470e-01   3.6061146e-01   1.9583982e-01  -5.9648612e-02   5.1068965e-01   3.3384564e-01   6.9977756e-01   2.1522601e-01  -4.0007719e-01  -2.7065630e-01  -1.1324926e-01   2.0753139e-01  -2.1543738e-01   3.6945983e-01  -1.3900510e-01   3.7521129e-02  -6.2250994e-01  -3.3105206e-01  -1.9506586e-01  -2.8378079e-01   4.2286070e-01  -3.9255135e-01   7.3154298e-02   3.9470776e-01   3.2469277e-01  -2.0912356e-01  -2.8575189e-01   7.8462380e-02   1.8436705e-01   5.0021557e-01  -3.2266984e-01   1.9710974e-01  -3.1648831e-01  -1.0113062e-01  -4.1170796e-01
  -1.8789831e-01  -9.1280508e-02  -3.8584300e-01   2.0532384e-01   1.4460758e-01   9.4629050e-02   1.3313575e-01  -7.3067733e-02   6.5897253e-02   6.5655908e-02   0.0000000e+00  -3.2764572e-01  -8.4226920e-02  -3.4841679e-01   5.0762743e-01   1.1431092e-01  -3.2260475e-01   5.7664727e-01  -1.6342488e-01   1.3987776e-01   3.6447083e-01   1.8297362e-01   3.0383423e-02  -2.1362769e-01   1.0903973e-01  -8.3062540e-02   1.2119578e-01   6.0714505e-02  -1.7180306e-01   4.4610813e-01   2.5338118e-01  -3.1039353e-02  -4.3406648e-02   2.3177688e-01  -6.7248434e-02   2.9557762e-01  -1.6577742e-03  -4.5313442e-02   1.5880286e-01  -7.3935132e-02   7.9143229e-02   2.2389908e-02  -1.7959567e-01   2.9429399e-01   8.0620644e-02  -4.1432498e-01   4.3298936e-01   2.0694366e-01   2.2276598e-01  -1.7368972e-01   4.3600313e-01  -4.5372873e-02   1.6783132e-01   1.2520489e-01  -3.1831170e-01   3.4928475e-01  -6.2162529e-02  -1.5031521e-01   1.7455949e-01  -1.9258944e-01  -3.2673084e-01   2.8433845e-01  -1.0659975e-01   3.4586792e-01   4.4238652e-01   2.0566402e-01  -3.8823392e-02   1.5248505e-01   2.0352125e-01  -3.7693983e-01  -1.3244192e-01   2.4701122e-01   4.0631686e-01  -3.0015637e-01   1.3945074e-01  -3.0705251e-02  -3.1357521e-01  -2.0728877e-02   2.2983610e-01   1.4433477e-01  -6.0730387e-02   1.9905592e-01   3.3414364e-01  -1.4836870e-01  -9.2423550e-02  -2.1382979e-02  -1.7269729e-01  -2.9374191e-01  -5.2306367e-03  -3.3995011e-02   3.6680370e-02  -2.9911015e-01  -3.5105098e-03  -3.6346951e-02  -1.5185995e-01  -1.4467358e-04   1.7054220e-01  -1.6245176e-01   1.7270350e-01   1.2058715e-01  -5.3119716e-02   5.1511225e-01   3.4678219e-02   3.4010831e-03   2.8633313e-01   1.5533391e-01  -2.2997322e-01   3.7122879e-02  -1.1597439e-01   1.9187510e-01   1.4233366e-01   4.0651873e-02   1.2490384e-01   1.4540345e-01  -9.7417987e-02   7.7528724e-02  -1.4974111e-02   4.2281630e-01   9.9931414e-02   4.2909623e-02  -3.6775195e-01   9.9222839e-02  -2.2646350e-01   3.7400441e-01  -2.5700534e-01  -4.7245954e-01   3.7687560e-01   1.2747292e-01   5.7277983e-02  -1.3070225e-01   2.8789036e-01   6.9521764e-01  -4.6571153e-01   2.0768033e-01   2.2907249e-02  -2.3549309e-01   8.7187713e-02   2.2748429e-01  -3.6371962e-02  -1.3079646e-01  -3.3746274e-01  -4.9827843e-02   3.5900770e-01  -2.2929235e-01   4.3364584e-01   4.5433497e-01  -2.1334715e-01   3.5457053e-01   2.6081483e-01   1.2443018e-01  -1.9363751e-01   8.9561604e-02  -3.7098379e-01   6.1576643e-01  -2.4413201e-01  -1.1032803e-01  -5.0094019e-01   2.1968928e-01  -1.6665139e-01   3.7284865e-02  -1.5747390e-03   3.2426187e-01   2.7703714e-01   2.8846052e-01  -6.0004864e-02   5.0039688e-02   4.9905242e-01   1.4625336e-01  -3.8708273e-01   8.6532686e-02  -1.9460231e-01  -2.0755827e-02   2.8191592e-01   3.2454011e-02   7.0938878e-02   1.6049178e-02   1.3735883e-02
  -2.1530779e-01   5.9996364e-01   3.6096605e-01   4.8590860e-02   7.8539704e-02  -1.9408361e-01   8.2540545e-02   1.8272116e-01   2.7150936e-01  -2.3473985e-02  -3.2764572e-01   0.0000000e+00   2.5286759e-02   2.7219634e-02  -1.5097288e-01   1.9368750e-01   3.2854423e-01  -2.6828749e-01   3.7602352e-02  -1.2192151e-01  -4.2780273e-01   1.7860446e-01   1.3902527e-01  -2.6862379e-01  -2.9889463e-02   4.5064259e-02  -9.6034410e-02  -2.1837022e-01   2.8397145e-01  -3.1326862e-01  -6.1346612e-02  -2.0619770e-01   8.3659341e-02   3.3224228e-01  -2.4351889e-01  -2.7544785e-01  -1.9026363e-01  -1.6972598e-01   8.0969911e-02   3.6897605e-01  -1.1459631e-01  -9.2081423e-02   5.4025385e-01  -1.5363838e-01  -2.4042294e-01   5.4196984e-02  -3.3609474e-01  -1.8949373e-01   1.0875196e-02   4.6310727e-01  -4.9490572e-01   1.2584354e-01  -5.9221511e-02   1.8369832e-01   6.0435033e-02  -2.1837049e-01  -3.5819670e-01  -1.4079591e-01  -2.2821546e-01   4.4965454e-01   2.2720445e-01   3.7795147e-01   5.7844722e-01  -7.7460317e-02  -9.7316679e-02  -1.2683424e-01   3.6273984e-02   1.8574593e-01  -1.7107425e-01  -1.3592152e-02   5.3107818e-01   1.4866987e-01  -2.4364200e-01  -1.5842975e-01   1.5014123e-01   8.4386478e-02   1.8211410e-01   4.4288173e-02   6.8337900e-02   1.5278353e-02  -1.1906806e-01  -3.6601161e-02  -1.9382029e-01   1.6480725e-01   1.0890962e-01   1.1011341e-01  -1.0083168e-01  -3.3302626e-02   3.9162448e-01  -3.5422904e-01   3.1331673e-01   1.7213403e-01   6.0602806e-01   6.4477107e-02   7.6647285e-02   1.3931276e-01   2.6026957e-01   6.3205028e-02   8.8933712e-02  -3.0662011e-01   1.2120303e-01   2.9164619e-03  -1.4991119e-01   3.6869877e-01  -3.8259478e-01   1.7490741e-01   2.5560998e-01   6.5549650e-02  -3.4199920e-02  -4.9941580e-02   3.2387925e-01  -1.6671126e-01   1.8139762e-01  -2.5963557e-01  -2.1109122e-01   1.5042808e-01  -1.1180522e-02  -3.0837668e-02  -4.0610336e-01  -1.8645134e-01  -4.7011092e-02   4.9499601e-01   6.9927601e-01  -1.3887010e-01  -1.6640099e-01   1.8672957e-01  -1.0402966e-01  -4.7362356e-02   1.8597138e-01   4.8065125e-02   3.4740309e-02  -3.9093891e-01   4.0039966e-01  -7.8559681e-02   2.4074927e-01   1.6769527e-01   3.1762196e-01  -1.4527985e-01   2.1411903e-01  -2.6114427e-01  -1.8916843e-01  -4.5164989e-03  -1.4632667e-01  -1.1761606e-01   4.5760223e-02  -3.4612173e-01   4.0984396e-01  -3.5878945e-01  -1.2070397e-01  -8.9249620e-02  -1.6741346e-01  -2.6164730e-02  -1.3472101e-01  -3.3915458e-01   6.1029838e-01  -1.3842831e-01   1.5504355e-01   1.9728072e-02   2.4439002e-01   4.4266247e-02   3.8060726e-01  -1.6498063e-01  -4.7111976e-01   9.7211431e-02  -1.6679736e-01   2.5808756e-01  -3.2032273e-02  -2.6388379e-01   8.2926972e-02   3.6278595e-01   5.3146762e-01  -1.7189635e-01   1.8226603e-01  -6.8616404e-02   1.8007728e-01  -8.0195472e-02   3.1577051e-01
  -6.6684627e-02  -8.3769353e-02  -3.0852950e-01  -4.4967037e-02  -2.9056511e-02   1.5312899e-01   2.2688022e-01  -2.5130757e-01  -2.5282464e-01   1.1494986e-01  -8.4226920e-02   2.5286759e-02   0.0000000e+00   5.2864496e-02   3.6617000e-02   4.1843978e-02  -2.6451521e-01   9.1312808e-02  -1.3967464e-01   2.7205803e-01  -1.1024418e-01  -5.9139207e-03   1.4076318e-01   3.7074488e-02  -4.1888818e-02  -3.3273599e-01   1.3623897e-01   4.6665163e-02  -4.0088780e-02  -1.6021810e-02  -8.9944947e-02  -6.7317993e-02  -8.6234572e-02   3.9227427e-03  -1.3209872e-01  -1.0683994e-01   3.4430024e-01   1.1994485e-02  -1.2242648e-01   7.7133883e-02   2.2350907e-01  -2.3417265e-02  -1.1066527e-01  -3.7682321e-01  -6.7400287e-02  -6.7388987e-02  -1.3433124e-01   1.7100443e-01   3.6713449e-01  -2.3136057e-02   2.2224268e-02  -1.1063286e-01  -1.7082988e-01  -1.7555517e-01   1.0598074e-01  -1.5897634e-01  -5.7381426e-02  -4.6776406e-02  -1.1912585e-01  -2.5105701e-02  -1.4765142e-01   2.3904715e-01  -2.2585874e-01  -2.5179603e-01   2.5274588e-02   3.6602088e-02  -2.8265032e-02   5.5187282e-02  -1.0832547e-01   2.7836941e-02  -8.8721451e-02   8.6359809e-02  -1.3262273e-01   1.7158943e-01  -2.9935557e-02  -1.2884521e-01  -2.6030373e-01  -4.9330716e-01  -2.4369297e-01  -6.2336561e-02   1.6853201e-01   1.0203152e-01  -2.8281545e-01  -3.3499862e-01  -9.1800939e-03  -7.8183137e-02   2.7081643e-01   6.3666949e-02  -5.6755912e-03  -1.0664630e-01  -4.9862775e-01  -2.2855399e-01  -1.0145211e-01  -1.2700113e-01  -3.3628294e-02   7.6115244e-02  -1.5097573e-03  -2.0384469e-01   6.1562479e-02   2.1401028e-01  -1.7915806e-01  -7.6283334e-02  -6.2575876e-03  -4.9511823e-02  -5.3477174e-02  -1.3746446e-02   1.3635532e-01  -2.7709148e-01   5.0006223e-01  -1.3263280e-01  -7.6856664e-02   1.9190479e-01   4.3942045e-02  -1.3284880e-01   2.2006854e-01  -2.9691782e-01  -2.0964923e-01   1.9237910e-01  -6.4349127e-02  -1.0808925e-01  -1.7126497e-01  -2.8988104e-01   4.1985431e-02  -1.3112022e-01  -6.2459364e-02  -1.4359041e-01   2.5615198e-02  -1.9635728e-01  -1.5462730e-02   1.4283241e-02   4.8432984e-02  -1.0413296e-01   5.3363960e-02  -2.3477434e-01  -7.4060690e-03  -8.9721963e-02   1.4293691e-02  -5.0531749e-02  -1.4523091e-01   1.4700848e-01   9.5179916e-03   2.7914893e-01  -2.4302214e-01   1.3776242e-01   1.1067534e-01   2.2163328e-03   3.2715627e-01  -1.3791151e-01   8.4189423e-02  -8.5780066e-02  -6.7690168e-02  -3.2772715e-03  -8.7630345e-02  -1.8493213e-01  -1.4982680e-01   1.3561369e-01   3.2755178e-02  -1.4331677e-01  -1.8846042e-01   1.6980826e-01   6.5182867e-02  -1.1302513e-01  -1.1968045e-01   7.4298017e-02  -1.1113239e-01  -1.1828118e-02  -1.7311599e-01   6.7163068e-02   3.2756829e-02  -2.7455837e-01  -9.0593102e-02   1.6086079e-01   9.0573927e-02   7.6915465e-02   3.9522095e-02  -2.0199301e-01   1.8382393e-03
   5.1116685e-01  -2.1822025e-01   2.2766908e-01   1.6649575e-01  -9.1115479e-02   1.0114107e-01  -3.2683094e-01   1.6028824e-02  -2.7299935e-02  -2.6005232e-01  -3.4841679e-01   2.7219634e-02   5.2864496e-02   0.0000000e+00  -1.6851792e-01  -1.0877996e-01   2.9326513e-01  -8.6360333e-02  -8.6638497e-02  -1.9457132e-02  -7.5017976e-02   1.7565822e-01  -3.1165386e-01   1.6040691e-01   1.8365940e-01  -1.0387646e-01  -1.5631757e-01   1.6433708e-01  -4.3609169e-02  -1.3081300e-01   1.3413933e-01   1.7353612e-01   7.3976610e-02  -4.5797210e-01   1.4978147e-01  -1.0002774e-01  -3.8372055e-03  -1.5771149e-01  -2.0255094e-01   1.1631568e-02  -1.1263046e-01   2.5244919e-03   7.4775040e-02   1.0269904e-01  -2.6958978e-02   2.2948373e-01  -1.6297335e-01  -3.6994660e-01   5.0031888e-02   7.4399040e-02  -1.2327607e-01  -2.3383166e-02  -4.0186619e-01  -6.3750167e-02   4.8480241e-01  -1.2061615e-01   4.0381300e-02   1.0073324e-01   5.5140835e-02   1.4059146e-01   1.9835650e-01  -3.1696269e-01   1.3101502e-01   3.8641651e-03  -3.3143857e-01  -1.5010407e-01   9.4248907e-02   5.4390570e-03   1.7713487e-01   2.1131119e-02  -1.9150474e-01  -1.2703103e-01  -5.5337837e-01   4.0249445e-01   6.5177455e-02   2.2502013e-01   1.6327389e-01   1.0196786e-01  -3.5764198e-01   3.3072814e-02   1.6088136e-01  -3.5005450e-01  -4.3389301e-02   2.0393452e-01   3.9236754e-01   1.2624276e-01   4.5314911e-01   4.6874050e-01   2.5466901e-01   1.7838383e-01  -2.3526840e-01   1.9998311e-01  -1.6008823e-01   2.8104289e-01   2.2985600e-01  -6.5098516e-02  -2.2168936e-01   2.0053306e-01   2.2164827e-02  -2.6943830e-01   5.1491380e-02  -2.9462701e-01   4.5170749e-01   1.8775345e-01   2.5159443e-01   1.4835653e-01   3.3094011e-01   1.3731327e-01   2.1482532e-02  -1.8620776e-01  -1.9025796e-01   1.8181535e-01   1.2556605e-01   1.4798557e-01   6.2648159e-02  -3.8584737e-01   4.6909791e-02  -4.4951486e-01  -7.6532077e-02  -1.7577385e-02   2.0579421e-01  -1.9615400e-01   2.6779961e-01  -4.8589366e-01   1.7716324e-01   5.2309129e-01  -3.8158730e-01   1.3327559e-01   2.3303338e-01   6.3638918e-03  -3.6717066e-01  -5.1043741e-01   5.0112773e-01  -3.8263027e-01   1.8011473e-01   1.7360873e-01  -1.8555875e-01  -1.3208319e-01   1.8279675e-01   1.2495946e-01   2.6470955e-01   3.3499358e-02   3.3795105e-02  -7.3519892e-02  -3.0881581e-01  -2.2707217e-02  -1.6113590e-01   3.9539500e-02  -4.0302014e-01  -4.4555033e-01   1.2170005e-01   1.9674135e-01   2.8199364e-01  -4.4884872e-01   3.7719118e-02   4.4358991e-02   2.4224210e-01  -4.2301929e-01   2.0531717e-01   1.4695753e-01  -1.0807519e-01   2.6262700e-02  -6.2608455e-02   3.9590379e-02   2.1663511e-01  -3.4909912e-01  -4.4290865e-01  -7.5941126e-02   3.7791674e-01  -9.4721275e-02  -2.4561166e-01  -1.8572532e-01  -4.1839551e-02   1.0282168e-02  -6.0969875e-02   6.1550279e-02   2.5231264e-01
