   0.0000000e+00  -3.6367125e-01   9.8104699e-02   2.2349868e-02  -2.9005176e-01  -1.0570568e-01  -4.5251439e-01   1.9216463e-01   2.8560170e-02  -3.2926201e-01  -1.1202926e-01  -1.8041873e-01  -7.0440478e-02   2.4365246e-01  -2.6098269e-01  -2.3924654e-01   1.7633347e-01  -1.2467557e-01   2.2505321e-01  -2.6016387e-02  -2.1509956e-02   3.5350243e-02  -1.0909590e-01   3.5777931e-01   4.3589370e-02   2.2170268e-01  -5.2257640e-01   1.4696212e-01  -1.5312335e-01  -1.6028971e-01  -1.7510775e-02  -1.4079484e-01   8.3738597e-03  -4.6248278e-01  -1.4125138e-01  -3.7895245e-02  -1.2495419e-03   3.7939797e-01  -2.8953366e-01  -5.3050997e-01  -7.0218924e-02   5.1833547e-02  -2.4374663e-01   9.0770366e-02  -3.3208676e-01   5.0298214e-01  -6.2440851e-02  -2.7610185e-01  -1.4163949e-02  -5.0213011e-01  -1.7334173e-01   1.9295401e-01  -4.8817186e-01   4.8859207e-02   9.9885349e-02   5.2606918e-02   3.1916342e-01  -1.0906359e-01  -3.9643923e-01  -2.5264889e-01   4.0085354e-01   6.9596442e-02  -3.0853664e-01  -3.1166600e-01  -1.8630260e-01  -1.5980368e-01  -2.7854648e-02  -5.5662678e-02  -1.0387794e-01  -1.0397421e-01  -5.2667017e-01   2.7441148e-02  -4.9872013e-01   5.5702902e-01  -7.8374331e-02   5.3582189e-02   3.9524247e-01   1.1495804e-01  -3.6453730e-01   1.0129185e-01  -1.6360824e-02  -4.0830571e-01  -1.9792338e-01   2.1669866e-01   3.5280741e-01  -2.2384354e-02  -2.3242173e-01   3.7505615e-01  -4.1144633e-02   5.1134762e-01  -1.7709832e-01   3.4365560e-01  -4.3708042e-02  -3.7952306e-01   5.0193610e-01  -2.3879185e-01   9.5604358e-02   1.6806186e-01  -1.6811589e-01  -2.8341105e-01   2.2590624e-01  -3.8612008e-01   6.9245365e-02   4.4188145e-02  -2.4410852e-01   8.1281621e-02   1.3623915e-01  -1.3870380e-01  -7.1951519e-03  -5.5436621e-02  -2.1325311e-01   2.1166063e-02  -6.0454463e-02   6.7164815e-01   5.4585612e-02  -3.4040920e-01  -5.0680523e-03  -2.6396403e-01   2.5784833e-01  -1.3378458e-01   4.2804760e-01  -1.6666896e-01  -2.1263182e-01  -5.3797838e-01   4.9587663e-01   4.2447395e-01  -2.4226552e-01   2.5653375e-01  -2.9406609e-02  -3.8799080e-02  -3.9561379e-01  -4.6796215e-01   3.5350825e-01  -3.0829582e-01  -2.3992776e-01   1.8061351e-01  -4.8404096e-02   1.5386656e-01   1.4338009e-01   4.4396816e-01   4.9113845e-01   1.4474846e-01  -2.5723388e-01   4.4915436e-01  -3.6909808e-01  -1.8639343e-01  -4.0727110e-01  -7.4449659e-02  -6.0448686e-02  -2.4897119e-01   2.3444975e-01   2.3396071e-01   3.6851698e-01  -2.8770909e-01  -3.6151537e-01   4.0160391e-01   5.8973638e-01  -2.4105461e-01   5.0000089e-01   1.6849338e-01  -1.5202028e-02  -1.2560380e-01  -3.8156653e-01  -1.4902329e-01   3.6751130e-02  -3.6010376e-01  -3.5012798e-02   2.6925528e-01   6.1103399e-01  -1.1912125e-01   2.0304510e-02   1.3677311e-01  -6.3468264e-02   1.4247185e-01   7.8891453e-02  -2.9976744e-04   7.9787447e-02
  -3.6367125e-01   0.0000000e+00   8.8485594e-02   1.4925753e-01   2.7796594e-01  -2.6381279e-01   4.7871952e-01   1.3593936e-01   2.2168102e-01   9.3132785e-02  -3.3148028e-01   6.2659242e-01   3.2664602e-01  -8.2879977e-02   4.5394093e-01  -2.1480808e-01  -3.6088896e-02  -7.8210143e-02  -2.0193495e-01   9.8052438e-02  -2.3363105e-01   1.9264535e-01  -1.4421643e-01   1.2625287e-01   4.3487141e-01  -1.6917568e-02  -3.1311743e-02   7.7207317e-03  -4.4046002e-02   3.8070386e-01   4.0809105e-01  -2.5729305e-01  -4.0443686e-01   6.5040077e-01  -1.4935620e-01  -2.0720687e-01   1.2537650e-01  -3.4739490e-01  -1.9948865e-01   1.7017869e-01   7.8671255e-02  -8.8491814e-02   5.2701860e-01   9.6807313e-02  -1.5352032e-02  -2.7131026e-01  -2.0888866e-01   2.1223686e-01   6.5059838e-02   6.1634364e-03  -1.3887695e-01   1.0688189e-01   7.6459918e-01  -2.0038545e-01   1.1659823e-01  -2.1496837e-01  -1.4395463e-01  -2.4835672e-01  -3.8258056e-02   4.5876876e-01  -9.3593454e-02   1.3815437e-01   5.9386015e-01   4.3295203e-01   4.0716362e-01  -6.2304894e-02  -1.5537556e-01   3.8857461e-01  -3.4875529e-01  -1.2547686e-01   4.9425691e-01  -6.1554826e-02   2.2470388e-03  -8.8079877e-02  -1.1444516e-01  -1.8442330e-01  -3.4257438e-01  -1.7677975e-01   4.1741015e-01   3.1326498e-01   1.0487108e-01   2.0042830e-03   1.4570047e-01   5.9261273e-02   1.4090303e-01  -1.4822766e-01   4.2564176e-01   1.4300576e-02   4.0233122e-01  -2.1027949e-01   3.5486192e-01  -7.4153327e-02   3.6024864e-02   6.4052551e-01  -3.0688385e-01   1.5539455e-01  -4.1805087e-01  -2.2654123e-01   5.5169876e-02   8.5358081e-02  -1.3482349e-01   4.3350582e-01   4.4538652e-02   5.0800771e-01  -3.6307125e-01   3.0070356e-01  -1.3941597e-01  -8.8456867e-02  -1.8552523e-01  -1.4632258e-01   2.0967151e-01  -1.4058885e-01   1.7328858e-01  -4.3808751e-01  -1.5361954e-01   3.8607271e-01   5.6589143e-02   4.7041223e-01  -1.5912362e-01  -4.3183425e-01  -4.9959726e-01   3.0198426e-01   4.1595745e-01   5.2085980e-01  -3.8284814e-01  -3.0384526e-02   1.1476233e-01   3.2034275e-01   2.4377408e-01   6.7988704e-02  -1.2708025e-01   2.6976593e-01   3.4655309e-01   2.8820765e-01   5.6626625e-02  -4.7006098e-02  -8.6343636e-02  -9.9654577e-02   5.6155775e-02  -2.9481811e-01  -1.9293967e-01   2.4494584e-01  -1.9235433e-01  -1.4514604e-01   1.6368641e-01   6.5438169e-02   4.1307266e-01   8.0360273e-02  -2.5647033e-01  -1.1999888e-02  -1.2046445e-01  -3.7356767e-02  -3.5688237e-01   9.6462099e-02   6.6196370e-01  -2.0484489e-01  -2.5556289e-01   3.4100923e-02  -2.1175537e-01  -3.7050884e-02   3.2796584e-01  -3.1988566e-01   1.6414592e-01   8.0917444e-02  -1.3682189e-01   5.1415591e-01  -2.1253683e-01  -2.5761167e-01  -5.9924201e-02   3.3891984e-02   3.8427649e-01  -3.0849259e-01   2.0250668e-01  -8.4364529e-02   8.3530702e-02  -3.1077072e-01   1.0686894e-01
   9.8104699e-02   8.8485594e-02   0.0000000e+00  -1.2648114e-01  -1.9774872e-01  -7.5678437e-02  -6.2523656e-02   8.1942300e-02  -5.9545765e-02  -8.8839579e-02  -5.4459683e-01   2.8130294e-01   1.8962684e-01  -2.4902780e-01  -5.2289574e-02  -3.9280531e-01   6.8934195e-01  -3.2121884e-01  -1.1702771e-02  -1.2887236e-01  -1.8010161e-01   1.1035835e-01  -1.0366452e-01  -3.3073748e-02   4.0604119e-02   1.6499758e-01  -8.2758104e-02  -4.3932107e-03   1.7190719e-01  -1.5387754e-01   1.4393147e-02  -1.8777419e-02  -2.0957867e-01   1.4045760e-01  -3.2399979e-02  -3.5448952e-01  -1.2264167e-01   2.7306086e-01  -4.3978848e-01   1.2652693e-01   2.1591272e-01  -1.1807801e-02   1.0316502e-01  -1.5916055e-01  -1.2673822e-01   4.4503462e-01  -3.8448367e-01  -2.4410998e-01  -1.9782079e-02   3.2583488e-01  -8.8547419e-02   1.3346111e-01   6.4028451e-02  -1.7828781e-01  -9.4392969e-02   1.9346776e-01   1.4203103e-01  -2.5856151e-02  -1.9219780e-01   2.0675687e-01   6.8171223e-01  -9.0739932e-03   1.6718214e-02  -3.0639998e-01  -2.9812268e-01  -2.1455818e-01  -6.1920592e-02  -2.5413728e-02  -2.0485751e-01   5.8873607e-01  -1.5641235e-01  -2.3475588e-01  -3.6002367e-01   3.0602518e-01  -1.4915148e-01  -5.3775898e-03   5.2658835e-01  -1.0534593e-01  -1.9579118e-02  -1.0356878e-01   5.2310927e-03  -1.9782974e-01  -6.2841089e-02   1.0376250e-01   2.7078682e-01   2.7761436e-03  -8.6766653e-02  -1.7681779e-02   1.4973366e-02   1.3143104e-01   2.6040821e-01   7.6922897e-01   3.0016840e-01  -1.9830409e-03   3.9674366e-01   4.4699391e-02   2.1458148e-02   5.5790445e-02  -2.7884508e-02   7.0930124e-02  -4.4731353e-02   9.8500136e-02   5.0339553e-02   2.3972163e-01  -1.9620895e-01  -1.1562338e-01   4.3111790e-01  -1.9342350e-01   1.0193399e-02   5.3669751e-02   4.5031380e-01   1.2143103e-01  -2.5463818e-01   3.5175371e-02   1.1502170e-01   1.5639711e-02   1.7896484e-01  -1.0408240e-01   2.3498810e-02  -2.0166116e-01   4.1739189e-01  -1.9337570e-02   1.1638415e-01  -2.6644816e-01   3.5114112e-01   1.0758389e-01  -1.9341574e-01   1.6297137e-02  -1.4895763e-01   3.3381610e-01  -3.7468207e-01  -4.0882621e-01   4.0303503e-01  -2.6653029e-01  -2.1132317e-01   2.0156408e-01  -3.6056989e-01  -5.5139495e-02   1.6293501e-01   1.4852140e-01  -1.9702118e-01   2.8646535e-01  -3.5644694e-01   4.0755716e-01  -1.5829479e-02  -4.5476629e-01   2.2365640e-01  -1.0917836e-01   2.7601610e-02  -4.2308320e-01   4.1629536e-01   3.4434665e-02   3.1261386e-01  -2.8424560e-01   4.3468612e-01   2.8185301e-01   5.0381746e-01  -2.7547471e-02   5.0414015e-01   3.9232994e-02   2.1956423e-01  -4.2441581e-01  -1.9681220e-01  -3.9259245e-01  -1.0049365e-01   2.7008680e-01  -1.8678471e-01   1.1440144e-01   3.9863140e-01   2.5048607e-02   2.6501932e-01   1.3527241e-01  -3.0368073e-01   1.7832207e-02   1.3562365e-02  -1.3297117e-01  -1.6414119e-01
   2.2349868e-02   1.4925753e-01  -1.2648114e-01   0.0000000e+00   1.3404178e-01  -9.0944816e-02   1.4355388e-01   3.9957224e-01  -4.7294735e-02   7.2057100e-02   1.9862921e-02   3.7755745e-01   1.3873617e-01   2.0213334e-01   1.7094933e-01   1.1030568e-01  -2.3016506e-01   3.9490417e-01  -7.7838024e-02   4.2163957e-02  -1.8892775e-01   5.5598212e-01  -1.6404151e-01   1.6150804e-01   3.5392517e-01  -4.1108392e-01  -7.1585285e-02  -5.8045410e-02  -3.2340126e-01   2.9733185e-01   8.8730608e-02  -1.6345366e-01  -1.6165658e-01   2.8329204e-02  -3.5630256e-01   7.3355705e-02  -4.5987297e-02  -1.9482056e-01   1.3477682e-01  -1.6571220e-01  -1.6604872e-01   4.4359892e-02  -8.4317300e-02   9.5612768e-02  -3.5300039e-01  -4.2116033e-01   1.2183282e-01  -1.0483014e-02   8.4557418e-02  -4.4380643e-01   3.8422121e-01  -1.3294773e-01  -3.2018564e-02  -1.6831842e-01  -5.0954064e-02  -2.8619549e-02  -8.8013870e-02  -1.5867678e-01   8.9100753e-02   4.7244244e-02  -1.7544345e-01   1.9918284e-02   2.4141435e-02   1.0242524e-01   1.8589223e-01   4.7834530e-02  -4.9284194e-02   3.0222806e-01  -3.1205911e-02  -3.0170861e-01  -7.6590943e-02   5.0436386e-01  -7.2372649e-02  -1.2800982e-01  -3.1223628e-01   2.3856191e-01  -2.3714115e-01  -1.8375691e-01  -1.0197080e-02   6.0256421e-01  -8.1924238e-02   6.3455460e-02  -2.6145056e-01   1.9987896e-01  -9.2274694e-03   4.3478617e-02  -2.8553315e-03  -7.9490422e-02   4.3593593e-01   1.3026749e-02   1.4163894e-02  -2.3596510e-01  -2.4028108e-01   1.1156180e-02  -2.4534225e-01  -5.5425592e-02  -2.8029353e-01  -1.3794927e-01   5.0367811e-02  -1.7504520e-01  -3.3216666e-01   1.1415107e-01   3.2791540e-01   1.4050863e-01  -3.1431054e-01   7.6705486e-01  -3.7698627e-01   5.3044774e-02  -8.9151196e-02  -2.2643520e-01  -1.5409028e-01   1.9732247e-01   6.9155865e-01   5.7629143e-02  -2.3346648e-01  -3.5838663e-01   9.3807082e-02   2.2021208e-01   8.2412652e-03  -1.7125921e-02  -3.6321819e-01  -2.0193590e-02   4.9223679e-01  -4.2314924e-02  -3.1814058e-01   1.3407598e-01   9.8598714e-02   4.2496634e-01   5.6527806e-01  -2.3615355e-01   2.3139162e-02  -1.9857507e-01   3.1600342e-01  -9.7529837e-02   4.5599605e-02   9.3936549e-02   1.3320088e-01   4.7036242e-02   1.0337756e-01   1.4449413e-01   2.7395278e-01   2.1865898e-01   2.2728550e-01  -3.1520806e-02  -9.6413832e-02   2.3801941e-01   1.0239209e-02  -1.6276128e-01   6.9441821e-04   5.2388335e-03  -3.2601520e-01   2.4655305e-01  -4.7457464e-01  -3.2290304e-01   2.1016632e-02   1.9645408e-01  -2.9313087e-01   1.5559404e-01  -6.3259297e-02   2.1991682e-01   4.0747346e-01  -2.0486562e-02  -1.8150440e-02   7.1107786e-01   1.0312091e-01  -1.7612066e-01  -1.1999341e-01   3.5817366e-02  -1.6847150e-02  -3.2861251e-01  -8.8612412e-02  -1.5348485e-01   6.6188570e-01  -1.3177468e-01   3.6941086e-02  -1.8048503e-01   5.9611434e-01
  -2.9005176e-01   2.7796594e-01  -1.9774872e-01   1.3404178e-01   0.0000000e+00   2.0214652e-01   2.8138304e-01  -1.7697236e-01  -2.1719154e-01   2.8843175e-01   3.2098831e-01   2.0458098e-01  -2.4326845e-01  -1.3546529e-01  -4.6007727e-02   9.8233014e-02   1.4173693e-02   1.2273092e-01   4.3933940e-02   7.2254246e-01  -2.2226798e-03  -8.3830688e-02  -2.4434897e-01  -2.8694834e-01   4.2246032e-01  -2.9900798e-01   2.2995114e-01  -3.8380199e-01  -2.6124012e-01   1.0447882e-01  -3.9286527e-02  -2.8424781e-01  -5.7545427e-02   7.7435633e-02  -1.6227026e-01   5.4043396e-01  -1.8715463e-02  -2.8682601e-01   1.5736829e-01   1.2849041e-01   1.0524115e-01  -2.6923384e-01   2.0601620e-01   1.0658429e-01   1.2972963e-02  -1.8827938e-01   4.5394068e-01   2.4085543e-01   2.8690373e-01  -8.2299755e-02  -6.4827399e-02  -2.1751093e-01   1.7608765e-01   1.6806437e-01  -5.5571460e-02  -3.1610996e-01  -5.9608572e-02  -7.8411498e-02   2.2325102e-01  -2.3480541e-01  -8.4135928e-02   1.3622315e-01   5.2619973e-03   1.7296980e-01   1.7929128e-01  -3.9298849e-02   1.0292864e-01   1.9827350e-01  -2.8883485e-02  -2.1695778e-01   3.2059912e-01   3.9423795e-01   1.6685348e-01  -2.7642930e-01  -2.1316377e-02   7.4341721e-03  -1.9890159e-01   1.4534279e-01   5.2183952e-01   4.2237508e-01  -2.6352791e-01   1.5465901e-01   2.5290655e-01   9.9893026e-02   1.3225107e-01  -2.4857274e-02   3.3744913e-01  -3.0912894e-01   1.1311257e-01  -3.8959317e-01   2.5530048e-01  -3.0130171e-01  -1.0504938e-01   1.3397680e-01  -2.8232817e-01   7.0060446e-01   1.0010918e-01  -7.7583078e-02   4.9972409e-01  -1.2110039e-01  -7.2597225e-02   5.6414607e-02  -2.1485280e-01  -1.4142568e-01  -7.5128933e-02   8.9422726e-02  -4.0686733e-01   1.2465682e-01  -1.4484418e-01   6.6282341e-02   2.8991303e-03  -2.6820472e-01   2.5836572e-01  -2.9928522e-01  -4.1862980e-01   3.5131284e-01  -2.6756772e-01   2.1283047e-01  -9.3912543e-03  -9.3417695e-02  -3.7800493e-01   5.0840483e-01   2.1930721e-01   3.3346675e-01  -2.7427421e-01  -2.6950782e-01   7.2905185e-02   2.2950184e-01  -5.7245784e-02   7.1188026e-02   4.1671438e-01   5.0490076e-01  -1.3978087e-01   9.7156608e-02   3.8527168e-01  -1.8023555e-02   4.7546670e-01  -8.2222161e-02  -6.0431336e-02  -2.9627349e-01  -2.3831462e-01   3.2379475e-02   1.5594242e-01  -1.6912123e-01  -2.9362812e-01   1.9322808e-01   9.9200763e-02  -8.1492434e-02  -1.5652208e-01   1.2141845e-01  -3.2960133e-01  -1.0562740e-01  -2.6263517e-01   1.9582675e-01   2.8886848e-01  -3.6566044e-01  -4.0414315e-01  -2.5386346e-01  -2.7738643e-01  -2.9877628e-01  -6.7648621e-02   4.1313278e-02   3.8099702e-01   1.2611190e-01  -1.5032226e-01   1.7478615e-01  -1.0284499e-01  -1.7902097e-01  -2.0612053e-01   9.8101421e-02   3.5329573e-02  -2.0931513e-01   9.1872657e-02  -1.5692518e-02   9.4162727e-02   1.6651516e-01   6.9166594e-02
  -1.0570568e-01  -2.6381279e-01  -7.5678437e-02  -9.0944816e-02   2.0214652e-01   0.0000000e+00   1.5032356e-01  -3.1070559e-01  -9.0873120e-02   1.0474759e-01   5.0759884e-01  -2.9076496e-02  -3.6598563e-01   9.6981933e-02  -1.1247126e-01   3.8126727e-01   1.3889241e-01   2.2398525e-01   3.1585561e-01   2.1497830e-01   7.3086973e-04   3.6496748e-02  -1.2440757e-01  -3.6567533e-01  -1.8220023e-01  -2.5343210e-02   5.0481853e-01  -2.1610034e-01   1.0554692e-01   2.9204641e-01  -1.1879031e-01   2.8069265e-01   3.2883060e-01  -1.0555235e-01   3.8778756e-02   4.4951735e-01  -4.2405028e-01  -1.5284118e-01   3.7707412e-01   2.3856845e-01  -1.1316170e-01   5.3633505e-02   8.1649381e-02  -7.2396731e-02   1.0072149e-01   6.2508436e-03   5.6993283e-01   2.9925983e-01  -3.5274212e-01   2.4351551e-01   2.5331221e-01  -1.5677911e-01  -2.3380945e-01   8.4704464e-02  -3.6436266e-02   2.4301644e-01   3.1337013e-01   3.6267086e-01   2.8814851e-01   2.9937578e-02  -6.2465178e-02  -2.8142396e-01  -1.8566692e-01  -2.9264545e-01  -8.8794575e-02   2.0346195e-01   7.3991693e-01  -1.0112455e-01   5.5772486e-01   6.7306700e-02  -2.1040387e-01   2.9587138e-01   3.7263017e-01  -1.5531804e-01   8.3700665e-02  -1.9325240e-02   4.8738530e-02   2.5489714e-01  -1.2187963e-01  -1.7318465e-01  -1.9537146e-01   1.2863258e-01   5.6142086e-02  -1.2240363e-01  -1.3866936e-01   1.0302479e-02   7.3765530e-02  -3.4061162e-01  -1.8388947e-01  -2.4982489e-01  -1.2269623e-01  -1.2025135e-01  -1.6189964e-01   4.3693412e-04  -1.8791616e-01   2.1641841e-01   1.3020861e-01   2.3143395e-01   7.7242638e-02  -3.1185745e-01  -1.2513527e-01   5.4435174e-02  -4.7201902e-02  -1.7512178e-01   4.3013768e-01  -1.6739751e-01   1.8659177e-02   4.9420204e-01  -1.3515193e-01   1.7716295e-01  -1.3213113e-01   4.0605430e-01   1.6359566e-02  -1.6369535e-01  -3.8746404e-01  -1.2096236e-01   4.7327702e-02  -2.1585672e-01   2.6308494e-01   4.9055310e-01  -1.0298398e-01   2.7345849e-01  -8.6699682e-02   8.8841502e-02  -4.8418184e-02  -1.0044165e-01   3.5403170e-01  -1.1045940e-01  -7.9336290e-02   3.0563307e-01   4.9096896e-01   3.3006303e-01  -2.2495089e-01  -5.9101266e-02   3.9177546e-01  -2.8425648e-02   1.6145368e-01  -8.2332611e-02  -9.0052137e-02  -1.2430571e-01  -1.1415960e-01  -1.4729068e-01   3.9817061e-01   2.5213702e-01  -2.2221166e-01   1.9563613e-01  -1.3317981e-01  -2.4201833e-01   5.3040538e-02  -4.5166328e-02  -1.0795681e-01  -1.1617182e-01  -6.5279204e-03   3.0372562e-01   6.0615057e-02  -3.2756070e-01  -1.4294676e-01  -4.9708696e-02   5.4609908e-02  -6.7843693e-02  -1.7515260e-01   5.7435341e-01   2.7268771e-02   3.5022505e-02   4.2513716e-01  -2.1180804e-01  -1.2088363e-01  -2.3244881e-01  -1.6125530e-01   5.7017867e-02  -4.4596254e-01  -1.4828141e-01  -1.3069386e-01   4.4086157e-01   2.1337587e-01   3.5953148e-01   2.2123695e-01
  -4.5251439e-01   4.7871952e-01  -6.2523656e-02   1.4355388e-01   2.8138304e-01   1.5032356e-01   0.0000000e+00  -2.9573084e-01  -2.2282370e-01   3.9451563e-01   9.1572912e-02   5.5875096e-01   5.2706583e-02  -1.0694507e-01   4.7469466e-01   2.8541025e-01  -2.7418183e-01   2.1908638e-01  -2.9558164e-01   4.4732403e-02   1.0141280e-01   6.2376802e-02   1.1887535e-01  -1.8014872e-01   5.2624465e-02  -3.0165596e-01   4.8598890e-01  -1.0966664e-01   5.2074084e-02   4.2960097e-01   1.0754167e-01  -7.1967446e-02  -1.5639323e-01   7.7145834e-01   9.3274955e-02   7.3757546e-02   3.1715903e-02  -3.5991392e-01   3.1906700e-01   4.7543802e-01   3.6639200e-02  -8.3283786e-02   2.7464667e-01   1.6140656e-01   1.8480190e-01  -3.3045666e-01   1.5536502e-01   5.8027536e-01  -1.1952117e-01   2.8130886e-01   1.7927029e-01  -2.5583691e-01   5.2315227e-01  -1.9330620e-01  -6.2523093e-02   2.4410718e-02  -3.1919650e-01  -1.1923376e-01   2.0741072e-01   3.9581305e-01  -4.2828448e-01  -1.8447317e-01   1.0936634e-01   3.3015215e-01   4.0121239e-01   4.1265465e-01   9.2515201e-02   2.4929537e-01  -1.1441587e-01   2.0124406e-01   4.4106475e-01   1.2274604e-01   2.9151515e-01  -4.2361607e-01  -8.3457941e-02  -2.8869140e-01  -3.9035723e-01  -3.0107674e-02   2.6606626e-01   6.2454014e-02   1.3638329e-01   3.5024727e-01   9.1668550e-02  -9.3137449e-02  -1.6732117e-01  -6.7796013e-02   3.3938143e-01  -1.9450328e-01   2.5921744e-01  -5.1598475e-01   1.5739164e-01  -3.6995751e-01   7.0440702e-02   5.0119595e-01  -4.2604927e-01   2.8692319e-01  -3.7343984e-01  -4.9155878e-01   1.3156850e-01   3.2982557e-01  -4.1831476e-02   7.0639235e-01   2.8213100e-02   3.4013290e-02   9.0463817e-02   2.9337275e-02  -2.9950576e-01  -1.1949576e-01  -4.6564026e-02   1.0375382e-01   3.3461298e-01   1.0429429e-01   1.1809137e-01  -5.4362843e-01  -1.6139040e-01   1.8991625e-01  -2.1258913e-02   2.8230472e-01  -3.8844770e-02  -1.0692177e-01  -5.3622554e-01   2.3300343e-01   3.6222509e-01   5.9073129e-01  -2.9547632e-01  -3.2226872e-01   5.2448451e-01  -1.2679474e-01  -8.9369377e-02   2.2885221e-01   3.2934203e-01   4.9246969e-01  -1.0527687e-01   3.5404118e-01   1.3608699e-01  -3.2890132e-01  -4.7503286e-02  -4.9572948e-02  -1.4530830e-01  -5.1837292e-01  -3.5744936e-01   3.0859122e-02   2.4925744e-01  -8.6023725e-02   3.5338393e-01   3.1263879e-01   7.0490336e-01   1.5992246e-01   6.7655561e-02   3.3464274e-01  -1.2813979e-01   2.1348816e-03  -5.0302617e-01   3.7275618e-01   4.3872219e-01  -4.1202440e-01  -4.6605136e-01   1.5522617e-01  -5.2249521e-01   1.2590836e-02   2.0606672e-01  -4.6133953e-02   2.8516820e-01   2.3409753e-01  -3.3958901e-02   3.8439177e-01   1.6266772e-02  -2.6357136e-01  -3.8315841e-01  -1.8043432e-03   4.2223648e-02  -2.2036996e-01   3.3167234e-01  -2.3315156e-01   1.1718351e-02  -7.8656553e-02  -8.9724817e-02
   1.9216463e-01   1.3593936e-01   8.1942300e-02   3.9957224e-01  -1.7697236e-01  -3.1070559e-01  -2.9573084e-01   0.0000000e+00   4.3428414e-01  -3.1414961e-01  -2.3529789e-01   2.5341953e-01   2.8509622e-01   5.4615541e-02   2.5362300e-01  -4.7942069e-01  -2.1716574e-03  -1.1038232e-02   6.4589737e-02  -1.1189681e-01  -2.7262067e-01   3.9257697e-01  -8.8736383e-02   3.6793179e-01   2.1107651e-01   2.3788205e-01  -3.8789887e-01   2.2822609e-01  -2.3647616e-01  -1.3224489e-02   2.9654989e-01   2.6350284e-03  -3.4352358e-01  -9.2224957e-02  -3.1072409e-01  -2.4777105e-01  -1.4498533e-03   9.8705204e-02  -4.3421870e-01  -3.7530445e-01   1.2183869e-01  -9.5952854e-02   1.7716245e-01   5.8870925e-02  -2.0265182e-01  -8.4945383e-02  -2.6489309e-01  -3.8748150e-01   1.2082525e-01  -3.4927373e-01   1.3022810e-01   5.0321292e-01   5.1880924e-02  -1.2078466e-01  -2.7810050e-02   7.4512879e-03   1.0143822e-01  -8.3183652e-02  -9.2264517e-02   1.9921547e-01   1.7554427e-01   1.9711768e-01   2.8634386e-01   7.9095620e-02   1.5795247e-01  -3.2259019e-01  -2.9379778e-01   1.6932460e-01  -1.2766979e-01  -3.2782664e-01  -1.9690926e-01   1.7439606e-02  -2.0519653e-01   2.9390915e-01  -2.4132453e-01   2.8051317e-01   3.0306698e-02  -1.1282822e-01  -4.0921682e-02   2.8899595e-01   1.5305048e-01  -2.3697414e-01  -2.1787975e-01   5.2745123e-01   1.4608835e-02   1.3549172e-01  -7.7846583e-02   8.4849889e-02   3.0828713e-01   4.3373959e-01   1.7469301e-02   1.9488137e-01   7.4233460e-02   9.5217488e-02   1.8398769e-01  -2.4611938e-01  -6.8138776e-02   3.0405633e-01  -1.9116663e-01  -1.1878478e-01  -1.8456845e-01  -3.6360011e-02   2.1522994e-01   4.2368152e-01  -3.6805216e-01   4.7139331e-01   3.0061552e-02   1.0762364e-01  -3.5013951e-02  -3.7855656e-01   3.1744175e-02   9.4176498e-02   3.0608947e-01   2.7303354e-01   5.5164962e-02  -2.1533833e-01   2.4110946e-01   2.0408279e-01  -8.1904518e-02  -1.8537708e-01   8.2386329e-02  -2.7100750e-02   1.5849213e-01  -1.5925001e-01  -4.0963114e-02   3.0120301e-01  -1.5150616e-01   4.1209519e-01   4.5513846e-01  -3.2165272e-01  -4.5423394e-01  -3.5374595e-01   4.0910713e-01  -8.7548511e-02  -2.2796200e-01   4.2389166e-01  -4.9223763e-02  -4.1833422e-03   4.4616784e-01   4.6417709e-01   2.1353647e-01   1.8287077e-01  -1.0893111e-01  -6.1331957e-03   1.7190177e-02  -5.2788268e-03  -1.4189933e-01  -3.4651321e-02  -1.3053501e-01  -2.9172410e-01   6.5671480e-02   1.8147286e-01  -1.3973394e-02  -3.8229872e-01  -1.1647115e-02   4.2535814e-01   2.4942037e-01   2.5912284e-01   2.1354116e-01   2.9870878e-01   3.1440973e-01  -2.3540868e-01  -3.3604966e-01   1.9818760e-01   5.3777444e-02  -4.4707181e-02   1.6896971e-02   1.4554230e-02   2.8003681e-01  -1.5220899e-01   2.9295698e-01  -4.0788467e-02   2.9554572e-01   7.7677600e-02  -9.0482776e-02  -3.8460824e-01   3.7145784e-01
   2.8560170e-02   2.2168102e-01  -5.9545765e-02  -4.7294735e-02  -2.1719154e-01  -9.0873120e-02  -2.2282370e-01   4.3428414e-01   0.0000000e+00  -2.7398958e-01  -1.1671145e-01   2.5331647e-02   2.5625833e-01   2.4362236e-02   1.7921618e-01  -4.4465438e-01  -1.0689537e-02  -8.6334932e-02   2.4949029e-01  -1.5774966e-01  -1.4090427e-01   2.6558122e-01  -1.4757543e-02   1.8752634e-01   7.9540041e-02   4.5669086e-01  -1.7487547e-01   2.1489134e-01   5.3665991e-02   1.8576911e-01   4.6535321e-01   1.5413372e-01  -2.2998869e-01   6.9825311e-02  -9.5629345e-02  -2.6771459e-01  -1.5372490e-01   6.4958456e-02  -4.4421694e-01  -1.4268330e-01   7.9175819e-02  -7.7753005e-02   4.9998252e-01   2.2359469e-02   1.6942831e-01   1.3201633e-01  -2.4834379e-01  -2.2097880e-01  -7.1910262e-02  -5.8414774e-02  -1.1670594e-02   5.0282842e-01   2.6904320e-01  -1.2971058e-01   9.7612111e-02  -1.2726606e-01   1.5564673e-01   2.0512733e-01  -9.0124648e-02   2.9061145e-01   1.4200238e-01   9.2015022e-02   6.6433209e-01   2.9167153e-01   2.8580965e-01  -1.5815361e-01  -8.5193848e-02   1.1828141e-01   7.8535283e-02  -2.4264675e-01  -5.8727613e-02  -1.9332611e-01  -6.5394734e-02   1.1297079e-01  -1.9114456e-02   3.9985348e-02   4.3566022e-02  -2.1405421e-02   4.2026381e-02  -1.1781185e-01   1.8996643e-01  -1.8910173e-01   4.5737438e-02   2.7107758e-01   1.0839385e-02  -2.4750064e-03   6.8920354e-02  -4.7701775e-02   1.1675759e-01   2.6053045e-01   7.7476397e-02   1.3110786e-01   1.3785439e-01   3.5095600e-01   1.9322170e-01  -3.1440887e-01  -1.1323124e-01   3.9804672e-01  -1.0315711e-01  -7.5248570e-02  -8.3327054e-02  -3.0225284e-02   1.3588714e-01   4.5235314e-01  -9.1262412e-02   1.6373415e-01   2.6599922e-01   2.0855317e-01  -3.5045191e-02  -2.1152853e-01  -6.4462333e-02   3.6919799e-02   1.5278733e-02   7.3507448e-02   3.8900050e-02   1.6163901e-01   2.4765335e-01   1.4559018e-01  -4.5434304e-04  -1.5397306e-01  -4.9396222e-02   1.8528684e-01   1.3403085e-02   1.6833955e-01   4.9085472e-02   2.0997996e-02   1.0730145e-01   2.8442585e-01   4.0880303e-01  -1.5368896e-01  -3.2344566e-01  -6.4109547e-02   1.0938642e-01   1.8823939e-01  -9.9740467e-02   1.6668688e-01  -1.3340926e-01   6.9372433e-02   2.2816356e-01   1.4184951e-01   9.4276756e-02   2.3987306e-01  -3.0443154e-01  -1.7342839e-01   8.5142734e-02   1.0371510e-01  -1.2194078e-01   1.8652171e-01  -1.4833516e-01  -1.6443368e-01   1.6646152e-01  -1.3084388e-02   4.7704551e-02  -2.3027840e-02  -5.0244839e-02   9.9417845e-02   2.1975114e-01   7.4179569e-02   2.3485535e-02   9.4786122e-02   6.9111081e-02  -1.3073359e-02  -2.1203787e-01  -1.1773719e-02   2.0553170e-01   1.9068963e-01  -1.2117607e-01  -7.8406275e-02   8.5235029e-02   6.4803098e-02   3.0394170e-01  -1.7536141e-01   3.8690780e-02   2.2825772e-01  -1.1018414e-01  -3.3887943e-01   2.3474037e-01
  -3.2926201e-01   9.3132785e-02  -8.8839579e-02   7.2057100e-02   2.8843175e-01   1.0474759e-01   3.9451563e-01  -3.1414961e-01  -2.7398958e-01   0.0000000e+00   5.5086316e-02   1.6546140e-01  -1.2296754e-01  -1.3216986e-01   2.1740565e-02   2.8784438e-01  -2.0622727e-01   9.5715529e-02  -6.5852038e-02   1.7840471e-01   2.8352773e-02   3.9399020e-02   2.5492836e-01  -2.7940881e-01  -9.2984297e-02  -4.1428649e-01   2.7594227e-01  -2.0502913e-01   1.9505646e-02   1.2472902e-01  -2.9750478e-01  -1.2419512e-01  -3.3612533e-02   3.3861710e-01  -1.2425250e-01   1.8587251e-01  -8.7402857e-02  -2.3187586e-01   2.6299754e-01   3.4902753e-01  -7.5672423e-02   1.0888370e-01  -2.7222707e-02  -1.2411275e-02   2.2779830e-01  -2.4239200e-01   1.4491468e-01   1.0956604e-01  -9.5138771e-02   1.1732453e-01   2.4961848e-01  -3.5708382e-01   1.3364737e-01  -3.5555496e-02  -1.3401383e-01   1.5176192e-01  -3.0541556e-01  -5.4864950e-02   1.9077299e-01   1.4606284e-02  -1.9131643e-01   9.4701217e-03   4.8066776e-02   9.4344996e-03  -5.6556980e-02   3.9151097e-01   5.5731158e-02   9.1636064e-03   5.4218966e-03   1.0638017e-01   3.1697392e-01   2.0172534e-01   9.3636583e-02  -2.5090225e-01  -7.0748423e-02  -6.6165692e-02  -2.1462701e-01  -2.9027367e-01   2.2924930e-01   1.3720038e-02  -1.9040235e-01   2.7238769e-01   7.8849586e-02  -2.4915615e-01  -8.5700264e-02   6.2602791e-02  -3.9087325e-02  -1.6792257e-01   3.0851321e-03  -4.0074290e-01   1.0802441e-01  -1.9885739e-01   1.2740242e-01   4.1171600e-02  -2.6570407e-01   3.6989931e-01  -9.3856367e-02  -2.8211479e-01   1.5386434e-02   4.2931635e-01  -3.0486328e-01   4.2606712e-01  -1.1106326e-01  -1.2716009e-01  -5.6352988e-03  -1.4097535e-02  -2.6270200e-01   3.0299119e-02   1.4784608e-01   2.3785089e-01   3.2097295e-01   1.5350489e-02   6.6552155e-02  -3.6530588e-01  -1.8223984e-01   5.5014435e-02  -9.2182735e-02  -7.3616293e-02  -4.0256531e-01  -1.4554379e-02  -3.2771299e-01   9.1477243e-02   1.7697598e-01   2.7040740e-01  -2.3546351e-01  -2.0367901e-01   2.1011518e-01  -7.9739067e-02  -2.9852629e-02  -1.2334697e-01   2.2700276e-01   3.0220153e-01  -1.1576476e-01   1.1071207e-01   1.5425520e-01  -1.1102055e-01   2.2097248e-02  -2.3240489e-01  -6.1985442e-02  -3.6992971e-01  -1.5914564e-01  -3.5135738e-02   2.9804960e-01  -3.3994494e-01   2.1509686e-01   2.5078610e-02   3.4472394e-01   9.2686738e-02   2.2456558e-01   1.6830565e-01  -2.6558337e-01  -2.6150044e-01  -2.7042025e-01   1.1130477e-01   1.5839618e-01  -3.4085136e-01  -4.0206482e-01   3.1350146e-02  -2.8334263e-01  -2.6077313e-01   9.4201405e-02   4.6097427e-02   4.4689619e-01   1.7945062e-01  -8.0845254e-02   1.6584262e-01   8.1417489e-02  -9.9882135e-02  -3.4326688e-01   6.9976861e-02   8.0570673e-02  -1.1305960e-01   1.1310749e-01  -1.9667630e-01   1.3890205e-01   7.8702961e-02  -6.4209088e-02
  -1.1202926e-01  -3.3148028e-01  -5.4459683e-01   1.9862921e-02   3.2098831e-01   5.0759884e-01   9.1572912e-02  -2.3529789e-01  -1.1671145e-01   5.5086316e-02   0.0000000e+00  -2.1180425e-01  -5.1245404e-01   6.7413454e-02  -7.7706343e-02   4.9951565e-01  -2.6865864e-01   4.5567181e-01   4.6408302e-02   3.6910865e-01   2.9887267e-01  -2.6989608e-01   1.1098627e-02  -2.0218539e-01  -1.3659716e-01  -2.1333031e-01   4.7538842e-01  -1.3710303e-01  -7.5713495e-02   1.4100506e-01  -6.0052949e-02   2.3617561e-01   4.6173233e-01  -1.7852632e-01   4.3433261e-02   7.2795267e-01  -9.3290159e-02  -2.5001346e-01   5.9360735e-01   6.1592804e-02  -2.3874646e-01  -3.6026473e-02  -1.0561368e-01   8.0395521e-02   1.4371538e-01  -3.2275386e-01   8.3134777e-01   3.8037725e-01  -2.2093303e-01  -4.4308724e-03   1.8487342e-01  -1.7785563e-01  -1.8011372e-01   3.0578538e-01  -1.0818679e-01   3.4410674e-02  -1.0162169e-01   3.3747313e-01   5.1229390e-01  -1.3489382e-01  -4.7043009e-01  -2.9799140e-01  -2.1775506e-01   3.8805862e-02   1.8497568e-01   2.5545854e-01   4.1924255e-01  -2.4696898e-01   5.5177437e-01  -2.9812173e-01  -6.2354328e-02   4.2725009e-01   5.6206461e-01  -3.6699415e-01   2.8550899e-01  -1.3043324e-01  -3.1816560e-01   2.4692739e-01   2.0092788e-02  -3.2843457e-02  -1.1249895e-01   1.7759279e-01   6.2482174e-02  -9.7744383e-02  -3.7879176e-01  -6.6659955e-02  -1.3509482e-02  -3.5174103e-01  -3.8171107e-01  -1.9805976e-01  -1.6344863e-01  -5.8577745e-01  -3.4388700e-01  -2.0353409e-02  -2.9870106e-01   2.5946331e-01   1.6687190e-01   1.1896048e-01   1.8077153e-01  -2.6190543e-01   1.1601536e-03  -2.7914305e-02   1.2059066e-02  -5.3441401e-01   5.3267491e-01  -1.3729345e-01  -2.3675993e-01   3.2269757e-01  -1.6123407e-01   1.1764810e-01  -3.5854227e-01   1.7016317e-01   4.9585860e-02  -8.1304411e-02  -1.8584794e-01  -7.7359709e-02  -2.0784815e-01  -1.7910441e-01   1.7704706e-01   4.8683540e-01  -2.4008148e-01   2.7591919e-01  -1.7980472e-01   2.3075602e-01  -2.6050257e-01  -1.5668016e-01   2.7365826e-01  -9.7163147e-02  -1.9833252e-01   1.0842217e-01   6.4868628e-01   5.7302193e-01  -5.5211452e-01   1.6434742e-01   4.5585279e-01  -2.4693767e-01   4.4407577e-01   1.0981841e-01  -3.1875732e-01   2.1134295e-02   1.0266319e-01  -2.5257821e-01   5.8650837e-01  -1.3460344e-01  -1.1729865e-01   4.7431149e-01  -2.0238716e-01   4.6421656e-02  -5.1621525e-02   2.5438767e-01  -3.5810986e-01   2.5919364e-03  -1.7260184e-01   5.0838512e-01  -2.0916440e-01  -2.5198756e-01  -3.9124785e-01  -4.0482023e-02  -3.9622466e-01  -6.4060380e-02  -4.1610913e-01   6.2581240e-01   1.1859168e-01   3.2926969e-01   1.8926511e-01  -3.0047249e-01   2.8319363e-02  -3.4436571e-01  -4.2236282e-01  -2.8092594e-02  -5.5282373e-01  -1.6689716e-01   9.1461009e-02  -1.6949070e-02   1.1095112e-01   4.3705368e-01   8.7837128e-02
  -1.8041873e-01   6.2659242e-01   2.8130294e-01   3.7755745e-01   2.0458098e-01  -2.9076496e-02   5.5875096e-01   2.5341953e-01   2.5331647e-02   1.6546140e-01  -2.1180425e-01   0.0000000e+00   2.5894463e-01   5.6369539e-02   5.8845506e-01  -8.6919655e-02   6.2816504e-03  -2.7760213e-03  -1.4593970e-01   1.2391777e-01  -1.4392693e-01   4.0351774e-01  -1.0707704e-01   1.3436639e-01   3.3507321e-01  -1.5762177e-01   4.3044690e-02  -2.7702723e-02  -2.7218330e-01   3.9615830e-01   3.1745761e-01  -2.3192904e-01  -4.0720731e-01   5.9842710e-01  -1.7936337e-01  -1.2314477e-01  -1.0743273e-01  -3.8076888e-01  -8.4471172e-02   1.1085024e-01   2.4054615e-02  -1.6157210e-01   4.2822166e-01   2.6694301e-01  -2.5336420e-01  -2.6702024e-01  -7.9580204e-02   2.2232649e-01  -5.7916788e-02  -5.7711466e-02   1.4582286e-01   5.7000321e-02   4.3790110e-01  -2.8216715e-01   1.7589981e-01   1.9238757e-02  -4.6025092e-02  -1.8397437e-01  -6.3454120e-02   5.0887703e-01  -9.5736739e-03   9.0224985e-02   3.0657082e-01   2.5590924e-01   1.6596181e-01   1.7798304e-02  -6.9436006e-02   4.3568963e-01  -2.5955347e-01   5.2858317e-02   2.1248545e-01   2.0360096e-01  -1.0266508e-01   2.0931495e-02  -3.3694474e-01  -8.9996615e-02  -2.9653443e-01  -1.6498036e-01   1.3032694e-01   3.9182197e-01   6.6261613e-02  -1.9892326e-02   6.1751254e-02   1.6193939e-01   8.3404962e-02  -6.9074371e-02   2.8540145e-01  -7.9774819e-02   4.6954933e-01  -1.4350996e-01   2.1710098e-01  -3.6622363e-02   1.0037999e-02   4.0749366e-01  -2.5961401e-01   1.9105947e-01  -3.4320263e-01  -2.1157425e-01  -3.9200571e-02  -3.3766170e-02  -1.1291179e-01   5.4410010e-01   1.8574720e-01   4.8366902e-01  -3.6657537e-01   4.2258400e-01  -1.3358976e-01  -4.0311387e-02  -2.0262831e-01  -8.5052838e-02   3.1799383e-01   2.5320463e-01   3.2992484e-01  -3.0071729e-01  -1.6100530e-01  -3.5110407e-02   8.9149562e-02   3.3973620e-01  -8.8486948e-02  -3.4889003e-01  -4.6520314e-01   1.2318516e-01   5.0187956e-01   2.1612257e-01  -3.1420513e-01   1.2478194e-01   1.3971132e-01   3.2861518e-01   3.0738315e-01   1.8797362e-01  -2.4845542e-02   5.3483851e-02   4.5154067e-01   2.0531544e-01   1.5011874e-01   1.0589003e-02  -4.9092530e-02  -6.1932687e-02   1.8163055e-01  -1.2863756e-01  -4.9469585e-02   3.1718859e-01  -2.0240612e-02   1.4576004e-01   1.2759798e-01   9.8638257e-02   4.3335791e-01  -1.1031696e-01  -8.1568154e-02  -3.5733355e-02  -1.7995880e-02   1.1043107e-01  -4.4526763e-01  -3.1000500e-02   6.0907405e-01  -6.9392310e-02  -1.7169757e-01   1.4149032e-01  -1.5959647e-01   1.8492898e-01   4.1329936e-01  -2.7260581e-01   7.2721568e-02   1.4447947e-01   3.5279361e-02   3.2974325e-01  -1.7665258e-01  -1.9707618e-01   4.0522431e-02  -8.1611597e-02   2.7307161e-01  -4.1383761e-01   3.2251213e-01  -8.9835508e-02   1.5594722e-01  -2.9107367e-01   2.3317737e-01
  -7.0440478e-02   3.2664602e-01   1.8962684e-01   1.3873617e-01  -2.4326845e-01  -3.6598563e-01   5.2706583e-02   2.8509622e-01   2.5625833e-01  -1.2296754e-01  -5.1245404e-01   2.5894463e-01   0.0000000e+00   5.5026626e-02   2.7806854e-01  -2.7869566e-01  -1.7534769e-01   3.5743450e-02  -8.7692196e-02  -5.9086970e-01   3.0294496e-02   4.5675806e-01   2.6193169e-01   3.3975597e-01   7.7782494e-02   6.5047858e-02  -2.7720052e-01   9.0883070e-02   2.0145264e-01   2.3218994e-01   3.6455781e-01   3.4111771e-02  -5.6949258e-01   3.7432890e-01   6.7612819e-02  -7.4557036e-01  -3.4733465e-02   2.4741878e-01  -4.1611229e-01   6.8187243e-02   5.3480462e-02   1.4135261e-01   2.4083668e-01  -8.9321850e-02  -4.0349436e-02   7.0012413e-02  -6.8410736e-01   8.1921155e-02   6.1977258e-02  -7.6763917e-02   1.9167477e-01   2.4212450e-01   2.2529622e-01  -7.0945014e-01   1.3912427e-01   8.1470200e-02   5.0266019e-02  -2.6409311e-01  -4.7803058e-01   3.6664676e-01  -6.5339419e-03   1.4470494e-01   2.8579594e-01   2.7016553e-01   1.1576550e-01   1.5350164e-01  -1.9899487e-01   5.0631438e-01  -2.8183997e-01   5.1309541e-02   7.7398767e-02  -2.9422516e-01  -4.2659295e-01   2.1462525e-01  -3.3278498e-01   2.5041864e-01  -4.2650015e-02  -2.8139440e-01  -2.8327794e-01  -1.3889488e-01   1.4394232e-01   1.8009482e-01   2.0502918e-01   5.0430597e-03   1.7966287e-01   1.8881913e-01   5.2873778e-02   2.9376956e-01   6.0635667e-01   2.1855518e-01  -2.3621464e-02   1.4351780e-01   3.1946183e-01   1.3713930e-01   7.9461053e-02  -1.0665307e-01  -3.3900655e-01  -8.3717362e-02  -1.3299168e-01   1.5244634e-01  -2.0562246e-02   2.1374431e-01   2.8695506e-01   3.6176962e-01  -3.1691914e-01   3.7027216e-01   2.0570653e-01  -1.6852311e-01   6.6703067e-02  -2.0133131e-02   2.3885161e-01   6.5072668e-02   1.7612877e-01   6.4393276e-02   6.6877056e-02   4.4321978e-02   2.9283478e-01   4.3803881e-01  -1.7205655e-01  -2.5013908e-01  -1.7960212e-01  -2.0814624e-01   3.7154380e-01   3.7080151e-03   1.8564283e-01   1.9071461e-01   6.7285083e-02   5.1444032e-02   4.3161330e-01  -1.1751550e-01  -4.2873509e-01  -4.2605777e-01   4.0810397e-01   2.6834145e-01  -3.8154201e-01   2.1011692e-01  -6.5956273e-01   6.2992076e-02   2.6415721e-01   1.3370879e-02   1.4758843e-01   1.9202281e-01  -3.9488823e-01   6.0780566e-02   2.7440787e-01   2.4212045e-01   8.9157010e-02   1.4758686e-01   1.5481148e-01   1.2304199e-01   2.8772372e-01   1.5342073e-01  -2.9686644e-01  -1.0487298e-01   1.1909941e-02   2.5104794e-01   1.0402701e-01   4.7894369e-01   1.2076437e-02   6.8146946e-02   6.7248765e-01  -2.0593905e-01   1.8578669e-02   1.1648873e-01  -1.0962810e-01   3.1584955e-01   1.6520411e-01   9.7245081e-03   9.9614976e-02   1.5006121e-01   3.7385216e-01   4.0570269e-02   3.8080000e-01  -1.0982927e-03  -3.4773337e-02  -7.5815821e-01   6.8882586e-03
   2.4365246e-01  -8.2879977e-02  -2.4902780e-01   2.0213334e-01  -1.3546529e-01   9.6981933e-02  -1.0694507e-01   5.4615541e-02   2.4362236e-02  -1.3216986e-01   6.7413454e-02   5.6369539e-02   5.5026626e-02   0.0000000e+00   1.0731261e-01   2.6053760e-01  -1.6118968e-01   1.0253942e-01  -9.8609907e-03  -1.0584862e-01  -7.1982853e-02   3.5168128e-01  -6.2394057e-02   1.7738279e-01  -5.3377664e-02  -1.6172260e-01  -1.4927864e-01   2.6689332e-01   1.1890534e-02   3.6340120e-01   2.9825669e-01   2.6955465e-02   1.6162724e-01  -2.5432404e-01   1.8283127e-01  -5.7428553e-02  -2.2477651e-01  -2.1659789e-01   2.3040398e-01  -2.0050096e-01  -1.9026483e-01   2.0358004e-01  -5.9235092e-02   7.1900587e-02  -1.3807961e-01  -1.6998158e-01   1.2059395e-01   1.9555984e-01  -1.3264482e-01  -2.8580470e-01   5.8917692e-02  -2.9586983e-02  -2.9462769e-01  -1.1318376e-01   6.6100547e-01   2.4069096e-01  -4.3232055e-02   2.0261074e-01  -1.5794997e-01   1.3282940e-01  -1.9547083e-01   3.4734488e-02   1.6663304e-02   8.1532962e-03  -2.1607473e-01  -8.5397197e-02   2.2464839e-01   2.0808104e-01   2.8341180e-01  -1.9904679e-01  -2.8008146e-01   8.4392870e-02  -2.3126928e-01   2.8731446e-01  -2.5529282e-02   2.3971424e-02  -2.8595875e-01   4.9607147e-02  -3.2913115e-01  -8.1793920e-02   2.7610445e-01  -2.4420481e-01   3.7589488e-02   4.9780103e-02   2.6128421e-01  -1.6216036e-01   3.2144974e-01   1.6157450e-01   4.4868772e-02   2.0203728e-01  -2.4563692e-01  -2.3455951e-01  -3.8508868e-01  -1.1580955e-01  -2.5952141e-01  -2.0182353e-01  -8.3116976e-02   5.8836505e-02  -9.1678594e-02  -4.4612302e-01   2.2935042e-01  -1.0769690e-01   6.1251784e-01   1.9842889e-01   3.4709074e-02   2.5651125e-01   1.0260144e-01   9.8437626e-02  -2.8108465e-01  -1.3887270e-01  -4.5160968e-01   4.1026342e-01   2.6311198e-01   1.9775293e-01   1.5597483e-01  -4.3919226e-01   2.3423120e-01  -1.0709735e-01   2.4990357e-01   2.4382517e-01  -1.8770142e-01  -7.6331099e-02  -9.9114029e-02  -2.6331871e-01  -1.2904590e-01   5.8797197e-01  -2.9139897e-02   1.3041568e-01   3.1477657e-01   1.0459901e-01   8.5156086e-02  -2.0841412e-01   3.8610506e-01  -1.4596415e-01   1.6938756e-01  -5.9836533e-02  -8.0377119e-02   5.9836990e-01  -2.3406749e-01   1.3666078e-01   4.3417000e-01   6.1595153e-02  -4.5437966e-02   1.8456130e-01  -2.2608706e-02   2.3909822e-01  -2.9795579e-01  -3.3036132e-01  -6.2015831e-02   1.2425018e-01   3.7611701e-02   4.8311439e-01  -4.4168949e-02  -8.3863460e-02  -2.3425549e-01  -3.2314688e-02  -2.1285061e-01  -5.3501000e-02   5.1120509e-02   3.8322756e-01   3.9457062e-02   2.5723944e-01  -1.1091260e-01   2.7092765e-01   2.6945115e-01  -4.2285608e-01  -2.8036970e-02   2.3934456e-01   7.5271365e-02  -1.1050383e-01  -2.9065671e-01  -4.3506532e-01   1.6122013e-01   5.9058304e-02   5.2133067e-02  -4.8973928e-02   3.2319718e-01
