   0.0000000e+00   2.9306770e-01   1.2062763e-01   1.8131199e-01   2.9434757e-01   3.5782190e-02   1.1565237e-01   3.6125225e-01   2.4681207e-01  -2.7733250e-02  -7.5057364e-02   3.1363614e-01  -1.4218161e-01  -2.3663854e-02  -4.1111404e-01  -2.0059612e-02  -7.1425781e-02  -3.4479659e-01   3.9244709e-02   5.3446790e-02  -5.5789833e-01   2.4681249e-01  -4.2035382e-01   3.9258679e-01   1.4142806e-01   2.9137226e-01   2.0023889e-01  -2.9690612e-01   7.0779492e-02  -2.6457144e-02  -4.0127163e-01   1.3967763e-01   1.9894071e-01  -1.4929377e-01  -5.9167028e-03  -1.9346154e-01   9.4403706e-02  -2.8027402e-02   2.0476458e-01   8.3114848e-02  -1.6740511e-01  -1.3811241e-01   2.0910030e-01   7.1590574e-02  -2.1476751e-01   1.4569819e-01  -1.0060247e-01  -3.3186987e-01   7.9729354e-03   1.0173396e-01  -1.6142837e-01   5.2199897e-02  -4.2613434e-02  -1.4756291e-01   2.1902593e-01  -4.6418834e-02   2.0679931e-01   2.4568325e-01   6.0820857e-03   1.9681309e-01   2.8616908e-02   2.2552269e-01   5.6519244e-02   8.9943056e-02   7.3783627e-02  -1.8773046e-01  -8.8283115e-04   1.0300305e-01   1.4476675e-01   5.9600917e-02  -9.0760907e-02  -4.7927773e-02  -1.4998039e-01   1.1162775e-01   2.3632413e-02   9.4468706e-02   2.5112134e-01   1.7784774e-01   3.4719313e-01   2.3470447e-01  -2.4649638e-01  -3.1106750e-01  -3.2812849e-01   1.9184530e-01   5.9063530e-02   4.0446167e-01  -1.9872116e-01   2.2271355e-01   2.8071670e-01   4.4470617e-01   2.0509666e-01   1.0864965e-02  -2.5883926e-01   2.6250220e-01   4.0078439e-01   1.3556024e-01   6.0957468e-03   3.6347657e-01  -5.9088974e-03  -3.9174071e-01  -3.9736405e-01   3.2201169e-02   9.4385019e-02   2.8063520e-01   1.2748562e-01   3.4633713e-01   6.1471667e-02   2.9842843e-01  -4.0322775e-02  -5.0338774e-01  -3.0226946e-01   3.2543953e-01   1.3193525e-01   5.9493942e-01  -3.3996430e-01   4.4524446e-02   2.9845533e-01  -2.7258119e-01  -3.5095993e-01   8.8532088e-02   2.0158075e-01   1.8404407e-01  -9.3860187e-03   1.4643396e-01   1.6311048e-01   3.6932716e-01   7.4952313e-02  -1.0007105e-03   1.6778936e-01   1.0763240e-01  -3.0152691e-02  -3.0952943e-01   5.9720278e-01  -3.3638706e-01   1.7743246e-01   4.2024030e-01   9.8102357e-02  -3.9253335e-01   2.4915719e-01   1.6939226e-01   4.3472998e-01   5.6189905e-02   1.5828461e-01  -2.9123766e-01  -4.4470379e-01  -1.3890255e-01  -2.1944799e-01  -3.6889426e-01  -2.1850112e-01  -3.1000236e-01   1.8704520e-01  -2.1779380e-01   3.0425860e-02  -2.3703550e-02   3.8273111e-01   4.5554995e-02   1.6140346e-01  -1.0523425e-01  -1.5352940e-01  -1.6629692e-01  -4.1707997e-03   1.3274749e-01  -1.4756581e-01   2.6927979e-01   1.9221979e-01   1.3988762e-02   1.7790886e-01  -2.4001877e-02   1.8896421e-01  -1.3366328e-02   1.7885132e-01   3.2682847e-02  -9.4247289e-02  -2.9054564e-01   1.5091408e-01   5.8065968e-02   2.8839661e-01
   2.9306770e-01   0.0000000e+00   1.5032164e-01   5.2097073e-02   3.6601033e-01   9.6824868e-02   5.7584757e-02   1.4682654e-01   2.7925603e-01  -7.1983691e-02  -8.8288894e-02   5.2744752e-01  -2.0308474e-01  -5.5047885e-01  -5.0557825e-01  -7.6499631e-03   9.0720729e-02  -5.3620389e-01  -2.5989110e-01  -2.4467260e-01  -5.2224114e-01  -2.2418086e-02  -5.8503466e-01   2.6941852e-01  -4.3649774e-02   1.7292956e-03   2.6037709e-01  -6.0189857e-01   7.1618292e-02   8.1642947e-02  -4.4001882e-01  -2.0430014e-01  -7.5271920e-02  -2.5873354e-01  -2.3340364e-02  -5.2292856e-02  -2.8352079e-01   5.7252680e-02   1.9702911e-01   4.0595091e-01  -2.3306373e-01  -3.1737272e-01   4.0016510e-01  -1.4747823e-01  -4.4079332e-01   1.5264928e-02  -4.6087317e-01  -1.0208746e-01  -2.0007349e-01   3.3705832e-01  -3.1096565e-01  -3.3611197e-01   4.4834391e-01  -5.1798038e-02  -2.6416557e-01  -4.6681901e-01   5.8304578e-02  -1.3092819e-01  -1.8516756e-01   2.3182528e-01  -3.0318579e-03   3.3505570e-02   4.5819147e-01   1.9591060e-01   1.5916551e-01  -1.5500697e-01  -3.9987242e-02  -6.2511446e-02  -4.4068176e-02  -8.1149767e-02   3.7790799e-01  -4.4662851e-01  -1.5024712e-01  -1.8299682e-01   2.2820451e-01   2.0201409e-01   2.5040733e-01  -7.3294945e-02   6.4563596e-01  -7.9707395e-02  -5.4484942e-01  -2.7428323e-01  -3.4133233e-02  -1.8306712e-02  -4.8745223e-01   1.8608884e-01  -2.7080842e-01   5.7573392e-02   4.1918490e-01   1.3549457e-01   6.4285552e-01   1.1225435e-01  -1.3335096e-01   4.2393732e-01   2.1676461e-01  -8.0197754e-02  -1.4653228e-01   1.7905492e-01  -2.9810792e-01  -6.0665726e-01  -2.7995263e-01  -1.0346415e-01  -3.2341480e-01   4.9980083e-01  -2.5610362e-01   1.6553706e-01  -2.2116217e-01   8.1001895e-02  -2.9822038e-01  -2.2212054e-01  -2.9823537e-01  -3.5150509e-02  -2.0800142e-01   1.4770379e-01  -6.1012345e-01   6.1273040e-01  -1.3565056e-01  -4.2683396e-01  -5.0809283e-01  -2.8035027e-01   1.1218670e-01   4.3619834e-01   7.9609467e-02   3.2512987e-01   9.8561490e-02   2.2453802e-01   2.7282431e-02  -2.2545142e-02   2.6494528e-02   3.6567208e-01  -4.4460976e-02  -1.8435357e-01   4.3366421e-01  -1.0800809e-01  -5.8727060e-02   2.2008820e-01   3.1581290e-02  -4.8379261e-01   1.8692311e-03   7.3892689e-02   4.7033370e-03   1.9909249e-02   6.4400323e-02  -3.0679368e-01  -5.2454606e-01  -4.0641951e-02  -1.9694305e-01   6.8821945e-02  -1.9613587e-01  -3.8893024e-01   7.2805077e-03  -5.4357638e-01  -7.6973680e-02   8.3501872e-02   7.5491773e-01   1.6305017e-03  -1.3274558e-03  -1.8283787e-01   6.1892267e-02  -4.1799191e-01  -2.4634117e-01   2.2431782e-02  -2.0122031e-01   2.3313389e-01  -4.7698405e-02   3.9533461e-01   3.2978809e-01  -2.0392932e-01   7.2392194e-02   5.3841247e-01   4.3787364e-01   7.1007879e-02  -1.2641994e-01  -3.8011537e-01   1.5475539e-02   1.5644436e-01   2.2425817e-01
   1.2062763e-01   1.5032164e-01   0.0000000e+00   1.6780867e-01   5.0314225e-01   7.3544819e-01   1.1955282e-01  -5.1701863e-02  -2.4189091e-01   5.6095804e-01  -2.3223894e-01   6.1783831e-01   4.6054587e-02  -2.8003220e-01  -3.3618601e-01   2.5011806e-01   8.6920397e-01  -3.1379211e-01   2.2198521e-01   2.4611028e-01  -4.9523425e-01   1.6324610e-01  -2.8673128e-01  -2.0840956e-01   3.3279597e-01  -2.1618757e-01   2.1081468e-01  -2.2641201e-01   3.2027757e-01  -1.7449841e-01  -5.4473097e-01   2.1435698e-01   3.0421679e-01   5.6993434e-02  -2.4572697e-01  -2.3769911e-01  -7.7723429e-02  -1.8831361e-01   5.4793506e-02   5.0807552e-01  -1.0804528e-01   4.3091924e-01  -4.8152869e-02  -1.8356706e-01  -6.5050284e-02  -4.1188477e-02  -4.4779504e-02  -4.5587245e-01  -9.5621903e-02   7.8745337e-01  -1.3613779e-01  -1.8957645e-01  -2.9331709e-01   2.7981848e-01   8.7731212e-02  -2.0190157e-01   5.0492809e-01   1.2660934e-01  -2.1496964e-01   2.1142654e-01   2.3887010e-01   5.9403865e-02   4.1069575e-01  -4.2469252e-01  -4.4256973e-01   1.4042517e-01   4.1303957e-01   2.6873832e-01   1.3832407e-01   3.7238316e-01   9.9928022e-02   1.6136617e-01  -9.0709665e-03   5.9625960e-02   1.5330059e-02  -9.8534292e-02   4.3634637e-01   1.3035373e-03   8.4674351e-02   3.3653206e-01  -3.5190963e-01   1.1561352e-01   1.3590035e-01  -1.6105826e-01   1.5508582e-01  -4.4012224e-02  -4.7733785e-01   2.3501858e-02   3.0154112e-01  -4.8381940e-02   2.6349003e-01   8.4065443e-01   1.1453335e-01   2.9918540e-02  -8.3464804e-02   4.5137347e-01   4.3124439e-01   9.4517776e-02   9.0071493e-04  -1.1611005e-01  -2.1352469e-02  -5.3587824e-02  -2.3265870e-01   6.9226273e-02   1.2034951e-01   3.2841198e-01   4.6277073e-01   2.3908609e-01  -5.2679632e-02  -5.9125476e-02  -3.7562385e-02   2.1572733e-01   1.9901457e-01   3.0115713e-03  -1.7437004e-02   8.9047981e-02  -1.1199737e-01  -4.4856585e-02  -3.1865398e-01   2.2632806e-01  -4.2568124e-02   2.5314323e-01   4.0288733e-01  -2.9919733e-01  -9.1729403e-02  -1.0481998e-01   1.4134405e-01   1.4650913e-01   3.4346886e-01   3.7937676e-01   6.5499698e-02  -4.6110931e-01   6.1417635e-02  -5.0452686e-01   4.1192137e-01  -4.7264294e-02   2.6586946e-01  -5.9984265e-01   4.0246122e-02  -1.9285862e-01  -6.3315705e-02   1.4876164e-01   7.6873814e-02   1.9077941e-01  -3.8822472e-01  -5.2076296e-01   1.6588002e-01  -7.4984967e-02   1.1313945e-01  -3.2934153e-01   2.7820956e-01  -5.3495458e-01   2.1126210e-01  -4.6957795e-01   5.1217130e-01  -1.3082967e-01  -1.1803760e-01  -1.0124237e-01   7.8260916e-01  -2.8067273e-01   2.3413360e-01  -2.0761491e-01  -5.4642688e-02  -2.0549212e-01   1.8010773e-01   1.3117310e-01   1.8434218e-01  -2.6341136e-01   3.6944261e-01  -1.4509515e-01   1.6010213e-01  -1.0982673e-01  -3.3353517e-01   2.3127393e-01   4.8183757e-01   1.9480328e-01   2.3850057e-01
   1.8131199e-01   5.2097073e-02   1.6780867e-01   0.0000000e+00   2.8305445e-01   3.4553427e-01  -3.4790165e-01   2.5607080e-01  -1.2110630e-01   4.6174849e-02   2.1551540e-01   2.2132928e-01   1.4532448e-01   8.0016125e-02  -3.6002555e-01   2.0766204e-01   2.1519476e-01   1.5525650e-01   4.2245744e-01   3.8881591e-02  -1.3647780e-01   5.5022230e-01  -3.3731603e-01  -8.1001844e-02   1.3534156e-01   3.7906058e-02  -1.5165919e-01  -1.7953815e-01  -7.0097741e-03   3.1690396e-01  -1.9238938e-01   1.7062743e-01   2.2986840e-01  -3.4446533e-01   4.6977898e-02  -2.1606172e-01   2.9019822e-01  -1.9988816e-01   4.1681384e-01  -5.3602043e-02   3.1930497e-01   2.7903853e-01  -2.3312152e-01   5.0776488e-01   1.2482406e-01  -1.4622847e-01   3.7851748e-01  -3.7399271e-01   2.7029011e-01   1.6414318e-01   1.9569830e-01   3.1983776e-03  -2.4822669e-01   3.2168544e-01   5.0490297e-01   5.2216216e-02   3.6861116e-01   1.8069738e-01   4.5963713e-01   3.6651887e-01   2.0389523e-02   3.8816276e-01   2.0869839e-01   1.4178013e-01   4.4846597e-02  -2.5208249e-01   3.4777310e-01   4.5933327e-01   6.2533435e-01  -1.1302184e-01  -3.4987420e-01   4.0568098e-01  -7.9439239e-02   3.5260738e-02  -1.1353519e-01   2.9961281e-01  -5.4611907e-02   2.5044048e-01  -3.5473862e-02   3.1249352e-01  -3.2743751e-01  -9.9883304e-02  -1.7439676e-01   3.0548871e-01   2.8328628e-01   2.6491774e-01  -1.2686299e-01   1.2935362e-01  -5.5394786e-02  -1.4637776e-01   1.0307740e-01   2.5561393e-01  -4.9819173e-01   4.7247388e-02  -9.3401620e-02   3.2280678e-01   4.1049942e-01   2.4697978e-01   4.1277371e-01  -1.3743698e-01  -5.4465717e-02   1.6320516e-01   3.5761559e-01   7.8611103e-02   3.8646057e-01   6.3835089e-01   2.8201576e-01   4.5547698e-01   1.7164901e-01  -4.2490656e-01  -4.0502370e-01   5.7399575e-01   5.4758825e-01  -3.1540519e-02  -2.0039713e-01  -1.0405132e-01   8.4766818e-02  -6.2260693e-03  -1.5531545e-01   2.9142077e-01  -9.6727048e-02  -8.7929462e-02   3.9434574e-01   3.0425946e-03   8.6616532e-02  -4.3516683e-02   3.9974399e-01  -1.7083805e-01   3.6919250e-01  -6.4044591e-02   5.6639327e-02  -5.2457298e-01   4.4581786e-01  -3.5846735e-01   3.3169574e-01   2.8539663e-01   3.6140487e-01  -1.6067377e-01   2.6426075e-02  -8.6521637e-02  -6.4256933e-02   4.9284853e-01   3.0907435e-01  -2.1727850e-01  -2.7385242e-01   1.4171568e-01  -2.8587186e-01  -2.5766726e-01  -3.8767497e-01   2.5064698e-01   1.9960743e-01   2.6877261e-02   3.7374852e-02  -8.8034923e-02   4.1277977e-02  -1.4853198e-01  -2.0958329e-01   2.9727445e-01   1.2307340e-01  -2.2596511e-01   2.1504213e-01   2.8147679e-01  -2.0757220e-01   3.8494722e-01   1.8283948e-01  -2.8853486e-01   2.4544228e-02   1.7730753e-01   2.3866551e-01  -2.9671417e-01  -2.9695444e-01  -2.2582083e-01   3.7072175e-01   1.7539553e-01   2.4252696e-01  -1.2925224e-02   5.8218094e-01
   2.9434757e-01   3.6601033e-01   5.0314225e-01   2.8305445e-01   0.0000000e+00   4.4391945e-01   5.6560009e-02   5.4361430e-02  -4.3257333e-03   3.2402450e-01  -2.7540576e-01   4.8361390e-01   1.1404421e-01  -4.2651289e-01  -5.9681528e-01   1.7770985e-01   4.3942947e-01  -4.9302833e-01  -1.8812455e-01   3.1147553e-01  -6.5191054e-01   2.6473526e-01  -5.3337688e-01   1.5724181e-02   2.8471393e-01  -1.0038784e-01   4.2049801e-01  -5.5820818e-01   3.7931003e-01   4.0137673e-03  -7.6535743e-01   2.1354849e-01   1.3244031e-01  -2.5159499e-01  -1.4455996e-01   9.8834693e-02   1.3750060e-01   1.7831519e-02   1.1753453e-01   3.8070649e-01  -1.3276912e-01   1.9375918e-01   9.3941134e-02  -2.0772223e-01  -9.6286690e-02  -1.0278894e-01   2.5101515e-02  -4.1595422e-01   1.4424255e-01   6.2473920e-01  -1.5493241e-01  -2.3681193e-01  -1.4460329e-01   7.1370267e-02   1.8127892e-01  -2.9860866e-01   2.7494517e-01   2.0649802e-02  -1.1006297e-01   3.1764638e-01  -4.8575146e-02   2.0614923e-01   2.4148546e-01  -2.6201785e-01  -1.8053752e-01   4.5959307e-02   2.0112465e-01   6.9857004e-02   1.1576830e-01   2.2583794e-01   6.2763460e-02   1.3058301e-01  -1.0705446e-01  -5.5985510e-02  -9.3735212e-02   2.9309936e-02   2.2776351e-01  -7.1640781e-02   5.1180755e-01   3.0315913e-01  -4.9619169e-01  -9.0476196e-02  -3.5171590e-01  -2.8424503e-02  -1.8196127e-01   1.0748311e-01  -4.1000647e-01   9.0007010e-02   3.6232234e-01   8.8516395e-02   5.4644063e-01   3.8639276e-01  -1.8427159e-01   2.6311371e-01  -3.6048828e-02   6.2511601e-01   3.1393446e-01   2.4655439e-01   1.3089354e-01  -2.0233419e-01  -4.9678742e-01  -1.1470713e-01  -2.7981408e-01   1.8764196e-01   9.0324065e-02   3.1848478e-01   2.3220696e-01   3.7520052e-01   1.1168211e-01  -1.3270750e-01  -3.6600691e-01   2.5519468e-01   1.1941810e-01   7.2189500e-02  -4.9174914e-01   3.3769634e-01   1.7131496e-02  -3.0607349e-01  -6.7756796e-01   1.7908481e-01  -1.1877105e-01   3.9380154e-01   2.4065840e-01  -1.1526458e-01  -4.2853907e-02   1.4226923e-01   1.2084286e-01   9.3221126e-03   2.7085864e-01   2.2813626e-01   1.8877764e-01  -3.6477303e-01   2.3726389e-01  -5.6863474e-01   2.9600898e-01   3.6001220e-02   3.0791419e-01  -7.2998322e-01   3.8527870e-02  -1.7192033e-01   1.1975656e-01   1.0572052e-01   5.7400448e-02  -2.2401770e-01  -5.7708210e-01  -3.9884810e-01  -1.9421860e-01   1.5592394e-01  -2.6985734e-03  -2.1671089e-01   6.5409648e-02  -6.5350227e-01  -1.0065115e-02  -4.6051150e-01   5.2684027e-01  -4.5852379e-02  -2.2194453e-01  -1.6236313e-01   4.0114843e-01  -3.6760082e-01   8.7044352e-02  -2.3981901e-01   8.5987484e-02   1.0311630e-01   1.9187824e-01   1.9284058e-01   2.1181882e-01  -4.0878199e-01   2.6866647e-01  -1.3728519e-02   3.1346161e-01   4.9983409e-02  -1.2543942e-01  -9.4892716e-02   3.0666018e-01   2.6343465e-01   3.3346012e-01
   3.5782190e-02   9.6824868e-02   7.3544819e-01   3.4553427e-01   4.4391945e-01   0.0000000e+00   1.0718428e-01  -4.1894983e-02  -2.7908520e-01   6.1229682e-01   2.2001560e-03   6.0295721e-01   8.1918299e-02  -5.3696491e-02  -2.9005745e-01   3.4696011e-01   7.1942520e-01  -2.2192535e-02   3.8421839e-01   6.4185029e-02  -2.7328316e-01   2.8882220e-01  -1.7881347e-01  -2.4271548e-01   1.8310187e-01  -6.7411067e-02   2.1624043e-01  -6.8434502e-02   2.6393540e-01   1.1145291e-01  -4.4989638e-01   1.6544644e-01   1.7586872e-01  -1.1373485e-03   3.9290106e-02  -9.1279185e-02  -8.3446774e-02  -3.7407296e-01   5.5979984e-02   4.1291294e-01   3.6591585e-02   4.0943280e-01  -1.5431387e-01  -1.4168553e-01   7.9052169e-03  -9.7910408e-02   1.8554739e-01  -3.3359671e-01  -3.0255456e-02   5.2829627e-01   1.2124361e-01  -1.8401307e-01  -4.0227757e-01   2.8847247e-01   2.4884812e-01  -1.1729558e-01   7.4983739e-01   1.0012092e-01  -1.0410660e-01   3.9297328e-01   1.2772856e-01   2.0576235e-01   2.6588857e-01  -3.2831222e-01  -3.4971118e-01   3.3305999e-01   6.4626142e-01   1.6004324e-01   2.8303540e-01   4.0821700e-01  -1.0515891e-01   3.9958118e-01   1.2515468e-02   1.7984009e-01  -1.1052774e-01  -1.5850351e-02   1.4295039e-01  -1.0016612e-01  -9.5834063e-02   1.9007175e-01  -2.2309045e-01  -1.8565298e-02   5.6893231e-02   1.3310702e-01   3.2704493e-01  -8.8059321e-02  -4.0265242e-01   8.4993057e-02   2.7837578e-02  -1.0846035e-01   9.3768020e-02   6.1139717e-01  -1.1504718e-02   3.7554361e-02  -2.6549538e-01   3.7768674e-01   3.4053257e-01   3.0024958e-02   8.4762435e-02   2.1812295e-02  -7.6981164e-02   3.9437261e-02  -1.1730821e-02   9.6426208e-02   1.5339074e-01   3.5338265e-01   2.8424612e-01   3.6806881e-01   5.7360637e-02   1.3499344e-02  -7.1579296e-02   3.7648577e-01   2.3945450e-01   1.5686092e-02   2.9891382e-02  -1.0057768e-01  -2.1375042e-01  -1.1727120e-01  -1.7490498e-01   1.7084992e-01  -1.3222077e-01   1.6739084e-01   5.2322862e-01  -3.5558346e-01  -2.0253389e-01  -4.2077063e-02   2.7020598e-01  -5.7225882e-02   3.8856059e-01   4.2585365e-01   3.9853268e-02  -4.8492811e-01   2.0512117e-01  -5.4057602e-01   4.1058703e-01  -8.1842460e-02   1.1803613e-01  -4.0725459e-01   1.2304979e-01  -2.7662776e-01  -1.7690842e-01   1.9726120e-01   7.4874096e-02   2.8236882e-01  -3.3288369e-01  -2.7845717e-01   4.1031722e-02   9.0716741e-02   1.3497825e-01  -1.5762626e-01   2.3562890e-01  -2.7979740e-01   2.1383853e-01  -3.6055205e-01   3.9281181e-01  -1.9977097e-01  -2.4536888e-01  -1.0965534e-01   6.4115056e-01  -5.7880108e-02   3.0274132e-01  -8.7529978e-02   1.0097489e-03  -2.6323713e-02   1.4915626e-01  -1.6456202e-01   1.5457341e-01  -7.4884480e-03   3.8210014e-01  -2.4270980e-01  -1.5531734e-01  -2.3400463e-01  -9.8690433e-02   4.7246966e-01   3.6503044e-01   1.4073836e-01   3.9187333e-01
   1.1565237e-01   5.7584757e-02   1.1955282e-01  -3.4790165e-01   5.6560009e-02   1.0718428e-01   0.0000000e+00  -3.1137158e-01  -9.5994363e-02   5.0102868e-01  -4.5581576e-01   3.8242885e-02  -1.2575268e-01  -1.0624480e-01   2.7415856e-01   8.8718080e-02   9.5541254e-02  -2.3845057e-01  -7.6825729e-02   9.1958823e-02  -2.2635370e-01  -1.7908570e-01   3.2723177e-01  -1.9680632e-01  -8.6847578e-03  -1.0320729e-01   5.6378390e-01   1.7317443e-01   3.0445959e-01  -2.0166112e-01  -1.3423860e-01   1.9866406e-02  -8.0254183e-02   7.2092071e-01  -1.3008738e-02   3.5787744e-01  -1.6411926e-01  -2.0018561e-01  -1.5820693e-01   4.6289918e-01  -1.7403404e-01   2.0740909e-02   8.9996660e-02  -4.5911073e-01   7.1700697e-02   9.0459095e-02  -3.9582121e-01   4.5057379e-01  -6.6053666e-02   1.1237337e-01  -7.7759490e-02  -4.6789064e-02   9.8108958e-02  -1.8406475e-01  -9.3465480e-02  -1.2059510e-01  -2.9812109e-02   2.8734921e-02  -3.9602602e-01  -2.4224924e-01   2.0635713e-01  -1.0354474e-01  -2.7918546e-01  -5.0107844e-01  -4.5713936e-01   5.1514094e-01   3.1532532e-02  -4.2141302e-01  -5.0491070e-01   5.1691538e-01   3.4327499e-01  -8.5722067e-02   2.9829052e-01  -5.2204648e-02  -2.8960480e-01  -3.7280615e-01   3.6034483e-02  -3.8267218e-01   2.5949520e-02  -2.9941129e-01   3.8690574e-01   2.1267780e-01   2.1921190e-01  -1.7193493e-01  -1.5372624e-01  -2.2100949e-01   3.9498725e-02  -5.5323469e-02   7.6512463e-02   8.6109632e-03  -1.9975233e-01   5.3897817e-02   6.3446230e-01  -3.2806396e-02   1.7272248e-01   2.4334637e-01  -1.8153242e-01  -4.9911639e-02  -1.3833652e-01   3.0737790e-01  -3.4249532e-02  -2.0533892e-01  -2.1403058e-01  -2.3135648e-01  -2.6066696e-01  -3.5546026e-01  -7.6074544e-02  -2.3367798e-01   5.5164115e-02   1.8380791e-01   6.0109162e-01  -1.9391213e-01  -3.4996139e-01   1.4315455e-01   2.5223291e-01  -9.8206648e-02  -3.6814392e-01  -1.3770558e-01   7.5253680e-03  -9.3997328e-02  -1.0530976e-01  -7.2754277e-02  -2.8857859e-01  -4.5778855e-01  -1.9677589e-01   2.0568749e-01  -8.6100435e-02  -2.3276159e-01  -2.2729821e-01   3.5611321e-01  -1.7272204e-01   4.4379288e-01  -1.8675230e-01  -1.0038989e-01   5.8002667e-02  -3.4632460e-01  -3.4332190e-01  -3.2917365e-02  -4.5248541e-02  -1.2524849e-01  -2.2111837e-02  -2.1142468e-01  -3.0165556e-01   5.0623895e-01   3.5371476e-01  -4.6904645e-01   6.2199183e-01   2.2408385e-03   6.5342839e-01  -5.2730841e-01  -9.3771774e-02  -9.4404196e-02   1.7351130e-01  -1.7482176e-01   2.9576421e-01  -4.0368834e-01   9.0830931e-03  -2.5890067e-01   1.1858308e-02   4.7102254e-01   1.4770693e-01  -4.8935318e-01  -2.7572261e-02  -5.1519278e-01   5.1606606e-02   2.7939155e-01   9.9404477e-02  -7.5593518e-02   6.3667116e-02   3.0848317e-01   3.0858280e-01  -1.9215669e-01  -5.2771411e-01   4.2797572e-02   6.7366271e-04   1.7275582e-01  -1.6842972e-01
   3.6125225e-01   1.4682654e-01  -5.1701863e-02   2.5607080e-01   5.4361430e-02  -4.1894983e-02  -3.1137158e-01   0.0000000e+00   2.4652953e-01  -2.8472291e-01   1.9683184e-01   9.7632096e-02   3.0118648e-02   7.5108454e-02  -1.4844878e-01  -3.8732422e-03  -8.8420329e-02  -8.2725586e-02   1.6784278e-01  -3.1555860e-02  -2.6468477e-01   1.8738617e-01  -2.4044802e-01   1.1122083e-01   3.8428847e-01   2.7197655e-01  -1.7713770e-01  -8.9156939e-02  -1.8616988e-02  -5.4388115e-03   2.6794893e-02   2.3843302e-01   2.8488800e-01  -4.1723137e-01   9.0555724e-02  -4.2008134e-01   9.2572312e-02  -9.4205151e-02   2.6352152e-01  -1.8091759e-01  -1.3021186e-01   1.3991365e-01   1.4534661e-01   2.7036288e-01   4.2031903e-02   7.0212258e-02   1.3856522e-01  -2.9348307e-01  -7.8057532e-02  -1.2409019e-02   5.0409745e-02   3.1616427e-01  -6.3852832e-02  -8.5218104e-02   9.8763144e-02   1.7732623e-01   1.4523067e-01   3.0901109e-01   1.6025847e-01   1.6919181e-01   6.2056634e-03   2.0088212e-01   1.6374979e-01   3.7261508e-01   1.9314793e-01  -3.8157795e-01   7.6826887e-02   2.3805511e-01   4.8273328e-01  -1.6913763e-01  -3.3881681e-01  -3.1161362e-02  -2.4492428e-01   1.9120920e-02   6.5871895e-03   3.8173324e-01   9.5488941e-02   3.7599315e-01   5.5586571e-02   2.8967354e-01  -2.0740226e-01  -3.0754463e-01  -3.5097135e-01   3.3681686e-01   1.2401204e-01   4.7760274e-01  -1.3696553e-02   1.0009400e-01   1.8543982e-02   1.1081477e-01   2.7434238e-02   8.6062352e-02  -5.4102138e-01   2.1041029e-01  -1.1358745e-02  -1.1761519e-01   1.2898222e-01   4.0832697e-01   1.0106862e-01  -3.2777597e-01  -5.7993677e-02   3.1345152e-01   2.4423786e-01   2.3765407e-01   2.7240399e-01   4.9026779e-01   9.5309877e-03   4.7729191e-01   1.0140886e-02  -4.8056432e-01  -4.3881493e-01   2.3076595e-01   2.7089367e-01   1.2033346e-01  -1.6390275e-01  -9.9290489e-03   4.4498619e-01  -7.3667258e-02  -1.1648404e-01   2.1970537e-01   2.2481394e-02  -1.7105818e-02   2.5984578e-01   3.5703889e-01   8.7310047e-02   3.0492712e-01   1.7309961e-01   1.2600888e-01   2.8029467e-01  -5.5203858e-02   2.1906627e-02  -3.8577632e-01   3.6107584e-01  -9.9302487e-02   2.9610340e-01   6.9289426e-01   2.2959297e-01  -6.0005517e-02   3.8267622e-01   6.9462935e-03   2.7928728e-01   3.6979964e-01   3.0785218e-01  -2.9982600e-01  -2.7549148e-01   1.4549971e-01  -3.8449373e-01  -2.7449270e-01  -5.4971444e-01  -7.4657523e-03   1.2798390e-01   6.7534003e-02   1.7272058e-01   1.6624351e-01  -4.4765205e-02  -3.4266764e-02   3.3117632e-02  -5.4750941e-02  -3.3449897e-02  -1.5195445e-01  -4.2118570e-02   3.6426783e-01  -6.4315499e-02   3.1758448e-01   3.3381186e-01  -2.5291217e-01  -2.3432524e-02   1.1141067e-01   2.8502964e-01  -2.8505121e-01  -1.5764027e-01   1.0275600e-02   9.6779593e-02  -3.5442350e-01   2.0207692e-01  -1.2126781e-01   4.8391243e-01
   2.4681207e-01   2.7925603e-01  -2.4189091e-01  -1.2110630e-01  -4.3257333e-03  -2.7908520e-01  -9.5994363e-02   2.4652953e-01   0.0000000e+00  -3.8567521e-01   1.7610646e-01   9.1971374e-02  -1.2552931e-01  -1.5903224e-01  -2.9016263e-01   7.0016982e-03  -4.0519800e-01  -4.4305939e-02  -2.2139546e-01  -2.5462054e-01  -2.6235926e-01  -2.0996374e-01  -4.5863770e-01   4.9376973e-01   5.5369651e-02   1.0563977e-01   2.6503614e-02  -3.7453709e-01  -1.2809658e-01   1.5968688e-01  -2.0377195e-01  -4.6921884e-02   1.6127948e-02  -2.1888472e-01   1.7557690e-01   8.6861049e-02  -1.8957404e-01   1.5330102e-01   1.8909870e-01  -2.7222496e-01  -1.1285532e-01  -3.4891123e-01   7.3994780e-01  -1.4876174e-01   9.0983122e-03   5.3925625e-01   2.9169400e-03  -1.4927682e-01  -3.8554176e-03  -3.0626284e-01  -1.4171883e-01   7.2405896e-02   1.3009848e-01  -2.4941626e-01  -2.1618453e-01  -1.2817051e-01  -9.8074416e-02  -2.9113835e-02   8.9998221e-02   3.9832147e-02  -6.6181346e-02   2.9306211e-02   3.0058617e-01   4.7771380e-01   6.5977794e-01  -2.4455955e-01  -1.9385676e-01  -4.5468980e-03   1.2830679e-01  -1.4262360e-01  -2.1937671e-01  -2.3656646e-01  -2.2062148e-01   1.3566296e-01   1.7471355e-01   2.1429863e-01   2.0631226e-01   1.5276434e-01   4.5589244e-01  -5.4783064e-02  -3.5093620e-01  -3.1595753e-01  -3.7577728e-01  -1.0444506e-02  -2.5739804e-01   2.8046754e-01   2.6027102e-01   1.0918396e-02   3.6777028e-01   4.6829654e-01   2.5506114e-01  -1.8821706e-01  -3.3840662e-01   5.7170011e-01   3.3734752e-01  -3.0178493e-01  -1.7569046e-01   2.9062084e-01  -8.0711957e-02  -3.8321148e-01  -3.7130645e-01   5.1724041e-02  -9.2923501e-02   4.0572549e-01   7.6033044e-02   4.1576585e-02  -3.8790251e-01   1.9314823e-01  -2.7763123e-01  -4.0326621e-01  -4.2605272e-01  -3.2827277e-02  -5.1708921e-02   3.7820946e-01  -4.8481698e-01   1.7870222e-01   1.9662955e-01   2.9168877e-02  -3.9728140e-01  -1.0020901e-01   4.8986231e-01   2.8131940e-01  -1.8732240e-02   5.5138084e-01   3.9804090e-01   1.4023408e-01   1.9820771e-01  -1.1167977e-01  -1.4360272e-01  -8.8209828e-02  -1.6712268e-01  -2.4140674e-02   2.0252211e-01  -6.2865154e-02   4.2746542e-02   4.0103492e-01  -1.4033710e-03  -1.7868315e-01   1.5973784e-01   3.8714041e-01   3.3607243e-01  -1.3006163e-01   2.4085874e-01  -5.3147629e-01  -3.0309671e-01   4.1165343e-01  -4.9440872e-01  -1.0927712e-01  -3.4043801e-01  -1.4945394e-01   5.2376734e-02  -2.4618089e-01   4.8025098e-02   4.2411958e-01   9.3229631e-02   2.8582855e-01   3.2645945e-01  -2.3958083e-02  -3.7508343e-01  -1.6943690e-01  -8.0288389e-02   3.9486973e-01  -1.8746752e-01   4.6542104e-01   5.2148266e-02  -5.6281739e-02   3.6016876e-01  -8.0683640e-02  -3.3512937e-02   1.3254228e-01   7.2199434e-02  -2.8916739e-02   1.4818022e-01  -4.6680303e-01  -2.7008477e-01  -1.7533479e-01   1.2952960e-02
  -2.7733250e-02  -7.1983691e-02   5.6095804e-01   4.6174849e-02   3.2402450e-01   6.1229682e-01   5.0102868e-01  -2.8472291e-01  -3.8567521e-01   0.0000000e+00  -2.2342072e-01   2.5395799e-01   1.4035960e-02  -9.0577477e-02   1.1469640e-02   2.0024513e-01   6.4803181e-01  -1.3123392e-01   1.9892106e-01   3.1251846e-01  -1.9813648e-01   2.3503942e-01   1.5177217e-01  -2.9261027e-01   1.4021635e-01  -1.3965564e-01   3.7692190e-01   5.7345859e-02   1.4427148e-01  -5.3828486e-02  -3.0838828e-01   7.4343093e-02   1.0158848e-01   4.3598295e-01  -1.2943513e-01   1.2099664e-01  -3.1679623e-02  -3.1098083e-01  -8.5038706e-02   3.8303134e-01  -3.1477029e-02   2.8964624e-01  -1.7263129e-01  -2.8161562e-01   1.6633282e-01  -1.3673614e-03  -6.3451788e-03  -1.8320891e-02  -5.5500838e-02   3.9763621e-01   1.3938805e-01  -2.2141866e-01  -2.2297899e-01  -3.1417434e-03   1.2239220e-01  -1.1471804e-01   3.9257498e-01   2.3359816e-01  -2.5790764e-01   9.4650305e-02   2.9345973e-01  -5.7008766e-02  -1.9386886e-02  -4.8601374e-01  -5.4194815e-01   5.4795831e-01   4.0433772e-01  -6.1307066e-02  -1.5186764e-01   5.4477997e-01   5.8169844e-02   3.1658368e-01   2.2771059e-01   2.2599833e-01  -2.9397799e-01  -2.1550892e-01   1.7738373e-02  -2.9868501e-01  -1.6398447e-01   6.3537496e-02   7.9752679e-02   1.4045060e-01   2.7351315e-01  -5.0327489e-02   1.9251032e-01  -1.7339776e-01  -3.5355991e-01  -8.2788506e-02   7.7007382e-02  -2.5623798e-02  -1.0699174e-01   4.0184409e-01   3.6026714e-01  -1.1717906e-01  -7.1458812e-02   4.3151585e-01   1.5524677e-01  -1.5515190e-01   1.5242393e-01   3.2968685e-01   5.7647228e-02  -1.0486944e-01  -7.1080986e-02  -1.7890593e-01   6.1457424e-02  -2.9495857e-02   2.2246984e-01   3.1236510e-02   7.6128793e-02   2.4824188e-01   3.1886181e-01   2.0918425e-01   1.3611145e-01   2.4175205e-03   2.0719643e-01  -1.6959424e-01  -4.1522754e-01  -1.2178606e-01  -4.8956139e-02   3.2576753e-02  -2.7954604e-01   1.6779790e-02   1.6373187e-01  -4.9713607e-01  -2.6306599e-01   7.0307026e-02   1.0720243e-01  -1.3674807e-01   1.5504362e-01   4.7667438e-01  -9.5042684e-02  -8.8696488e-02  -9.3681157e-02  -3.2612838e-01   3.2769351e-01  -2.4479261e-01  -1.3443101e-01  -2.4777491e-01   4.5197292e-02  -2.4203820e-01  -8.4088939e-02  -3.0725505e-02  -1.6114182e-01   4.7623722e-01  -4.3392545e-03  -4.3479736e-01   3.9982947e-01   1.5673843e-01   4.9643870e-01  -2.1376764e-01   2.3125185e-01  -1.3179594e-01   1.5170532e-01  -3.9623183e-01   2.9096471e-01  -3.2590867e-01  -2.1699654e-01  -1.2187142e-01   5.0404537e-01   2.4563892e-01   2.0049254e-01  -3.0628058e-01   1.4207131e-01  -2.7466584e-01   2.4233620e-02   1.6369501e-02   5.7977594e-02  -8.6125317e-02   2.6605262e-01  -7.0284470e-02  -3.7402563e-02  -2.9971922e-01  -2.7826780e-01   4.3259879e-01   1.8609025e-01   2.3452811e-01   1.1724237e-01
  -7.5057364e-02  -8.8288894e-02  -2.3223894e-01   2.1551540e-01  -2.7540576e-01   2.2001560e-03  -4.5581576e-01   1.9683184e-01   1.7610646e-01  -2.2342072e-01   0.0000000e+00  -5.7051095e-02   1.6972426e-01   2.2412440e-01   8.8644317e-02   7.3746143e-02  -2.0904098e-01   5.3887574e-01   3.3231907e-01  -2.2730025e-01   3.5296759e-01   6.0807247e-02  -7.8072437e-02   3.7984682e-02  -7.9676301e-02   3.1418181e-01  -3.9109839e-01   5.9558462e-02  -4.2492460e-01   3.5621785e-01   2.7831617e-01   8.5634056e-02  -2.8767925e-03  -2.5339751e-01   2.3451417e-01  -2.4286935e-02  -1.4193082e-02  -1.5846085e-01   2.2790834e-01  -4.3753594e-01   3.8219877e-01  -1.5527984e-01  -1.9059065e-02   2.4626664e-01   3.1626938e-01   3.0610677e-01   4.7732221e-01  -2.1361136e-01   1.0315499e-01  -4.4114710e-01   5.3014861e-01   1.5128423e-01  -2.3400231e-01   1.5269628e-02  -5.7457058e-02   2.8284982e-01   1.8955846e-01   2.1235743e-01   4.8890126e-01   4.0405326e-01   2.2356394e-01   2.4314723e-01  -3.9367145e-02   5.9495638e-01   5.9317919e-01  -8.1162081e-02   2.4960293e-01  -1.8221064e-02   4.8324612e-01  -2.9393890e-01  -4.7609901e-01   2.1195721e-01  -4.1349991e-02   3.0080733e-01   2.7772713e-01   3.6458944e-01  -8.8962488e-02   1.6026119e-01  -2.1049174e-01   1.4817064e-02  -3.8354721e-02  -1.7066583e-01  -2.0335987e-01   1.9244693e-01   1.9401288e-01   3.6413356e-01  -7.6461827e-02  -5.4626430e-02  -3.9718184e-01   4.6807604e-02  -1.5579458e-01  -2.1596975e-01  -5.1450504e-01   3.2378831e-01   2.0906700e-01  -4.5502399e-01   9.2961142e-03   5.3364446e-02   2.1499395e-01  -1.1475618e-01   1.4797223e-01   4.9940160e-01   2.8640923e-01   2.5882505e-01   3.4342571e-01   1.3057390e-01  -2.2888709e-01   2.5537517e-01   1.0343952e-02  -2.9027887e-01  -2.7605001e-01   2.5890890e-01   1.9997255e-01   5.3564334e-02  -2.3209875e-02  -3.2807743e-01   2.3712776e-01   3.6910744e-01   1.7947616e-01   7.7334027e-02   2.2816935e-01   2.1201371e-02   2.2034091e-01   3.5851355e-01   1.8698526e-01  -1.1387888e-02   2.4286866e-01  -1.1012256e-01   1.1402789e-01  -1.6909115e-01  -1.7474450e-01  -1.5853089e-01   2.9524396e-01   7.6868503e-02   4.1519297e-02   3.4465691e-01   4.8221586e-02   2.5779931e-01   3.1007132e-01   2.9555508e-01  -2.9753181e-02   1.2027561e-01   6.1065175e-01  -2.4230241e-01  -4.1919331e-02   6.6292533e-01  -3.7059804e-01  -1.3493829e-01  -3.6215588e-01   2.9839430e-01   1.2154792e-01   2.9076744e-01   6.1903920e-02   5.9101893e-01  -2.5380921e-01  -2.4925995e-02   2.3381418e-01   3.9906812e-01  -2.2970044e-01   9.4622768e-02   1.0140570e-01   7.6751195e-01   9.4583474e-02   5.5666249e-01   1.0757556e-01  -4.5306869e-01   2.8227764e-01   2.0063790e-01  -1.5790694e-01  -2.6962058e-01  -5.1016839e-01  -2.0310271e-01   4.9610058e-01   1.3219369e-01  -2.4056045e-01  -1.8965048e-01   2.1727137e-01
   3.1363614e-01   5.2744752e-01   6.1783831e-01   2.2132928e-01   4.8361390e-01   6.0295721e-01   3.8242885e-02   9.7632096e-02   9.1971374e-02   2.5395799e-01  -5.7051095e-02   0.0000000e+00  -5.7705404e-02  -3.4663341e-01  -6.3361628e-01   2.6569082e-01   5.2052350e-01  -3.6093690e-01   5.9986930e-02   8.5243958e-03  -5.5828523e-01   2.3293405e-01  -6.6418729e-01  -1.7289002e-02   2.3930057e-01  -4.6966490e-02   7.3873917e-02  -5.3139051e-01   1.6961771e-01   9.3108969e-02  -6.2598685e-01   1.2170159e-01   1.2302272e-01  -1.6871498e-01   9.5041837e-02  -2.6546777e-01  -2.0824509e-01  -2.5312418e-01   2.3605774e-01   3.3671466e-01  -1.2980057e-02   7.2124300e-02   3.4018285e-01  -2.0432621e-02  -2.8815546e-01  -4.2387595e-02  -1.2712050e-01  -5.2226620e-01  -2.1404391e-01   5.2020139e-01  -2.7557015e-01  -2.5922274e-01  -1.3326206e-01   1.4405462e-01   8.0308711e-02  -2.8498505e-01   5.2595479e-01  -1.1204733e-02  -1.1366772e-01   5.2662364e-01   2.7987502e-02   1.1019491e-01   6.0647933e-01  -5.8311325e-02  -9.0516770e-02  -1.1576039e-01   2.8667470e-01   5.1965094e-02   2.0221979e-01   4.5493577e-02   1.5744146e-02   1.9630084e-02  -6.1246704e-02   2.5028433e-02   2.2920824e-01   2.0020966e-01   2.0058819e-01   1.2524286e-01   4.5893682e-01   2.0905303e-01  -6.8247649e-01  -1.8547094e-01  -4.2064856e-02   6.9780757e-02   8.2740074e-02   1.7106189e-01  -4.0938931e-01  -5.6959254e-02   3.8515747e-01   1.0221653e-01   4.9742519e-01   4.4726332e-01  -1.4915819e-01   4.2132988e-01   1.7531043e-02   2.2842215e-01   1.6633851e-01   1.8096595e-01  -1.3730377e-01  -5.0806932e-01  -2.0119858e-01  -1.4825170e-03  -1.2376050e-01   3.6550672e-01   8.5714456e-02   3.7886564e-01   1.0656793e-02   3.1738222e-01  -3.0650362e-01  -2.7820067e-01  -3.4306230e-01   3.3849561e-01   2.0063103e-01   1.7896277e-01  -4.4762561e-01   2.8898248e-01  -6.8195581e-02  -1.8689999e-01  -5.0087804e-01   1.3803493e-01   2.6732095e-02   5.1522997e-01   5.3574343e-01   3.3068495e-02   1.3963899e-02   1.5254355e-01   3.8555099e-01   4.3190488e-02   2.3824232e-01   3.1379321e-01   5.4855145e-02  -5.8602277e-01   5.0952102e-01  -5.4103855e-01   3.1703420e-01   1.5569669e-01   2.7456342e-01  -6.6887912e-01   1.2530154e-01   8.8529667e-02  -1.3727478e-01   1.5435578e-01   2.6272889e-01  -2.0736982e-01  -5.8924982e-01  -2.5672360e-01  -1.8815663e-01  -4.7854749e-02  -1.8897496e-01  -3.3889606e-01   1.8737771e-01  -5.7896931e-01  -4.0567810e-02  -2.6682664e-01   6.7561716e-01  -6.4558003e-02  -7.2808839e-02  -1.0577786e-01   3.7767751e-01  -4.6505272e-01   4.5203695e-02   2.5927453e-02  -2.6975419e-01   1.5551533e-01   1.4158007e-01   1.8313146e-01   4.4799477e-01  -1.5776686e-01   2.0922478e-01   1.0308313e-01   3.2214332e-01  -1.0096566e-01  -2.0684021e-01   9.2251041e-02   1.3460033e-01   2.0176700e-01   3.2489724e-01
  -1.4218161e-01  -2.0308474e-01   4.6054587e-02   1.4532448e-01   1.1404421e-01   8.1918299e-02  -1.2575268e-01   3.0118648e-02  -1.2552931e-01   1.4035960e-02   1.6972426e-01  -5.7705404e-02   0.0000000e+00   1.1443717e-02  -3.0395347e-02  -4.9442143e-02   1.6283130e-01   1.4279016e-01   1.3771204e-01   1.6404741e-01   8.3599958e-02   1.3367941e-01   3.6194953e-02  -2.6248816e-01   1.8621247e-01  -2.0678088e-01  -1.1234415e-01   1.2895060e-01   1.4403924e-01   1.7438688e-01   1.0806231e-01   2.0797123e-01   1.6303654e-01  -3.8292594e-02   5.4749316e-02   1.5702752e-02   2.5949210e-01  -2.3528501e-01   6.3969547e-02  -1.7181989e-01   4.0630772e-01   1.2737811e-01  -8.9085534e-02   1.9346212e-01   2.5697993e-01  -4.1836896e-02   2.1612397e-01  -1.2875614e-01   2.4588056e-01   5.4180898e-02   1.2407304e-01   1.9256892e-01  -4.3909262e-01   2.1483152e-01   6.4464936e-02   1.1819279e-01   1.5375545e-01   1.5085325e-01   1.2789438e-01   7.6098678e-02   1.4737106e-01   4.7215570e-01  -1.1394117e-01  -4.7972082e-02  -8.6223437e-02  -1.3315420e-01   2.7947699e-01   1.0750392e-01   1.5762558e-01  -2.8754146e-02  -1.4904876e-01   2.9514590e-01   4.6666876e-02  -1.3273933e-01   1.7277848e-01   3.0297403e-02  -8.6864512e-02  -2.2708420e-02  -8.9933201e-02   1.8761840e-01   6.6395180e-02  -1.2369072e-02  -1.0384237e-01  -2.8035291e-02   2.6778931e-01   2.0785974e-01   1.4196983e-02  -5.6919443e-03  -2.8653763e-01  -1.5322995e-01  -9.5612434e-02   1.5376622e-01  -1.6595180e-01  -1.8752491e-02  -7.8464671e-02   3.4506128e-01   3.0052799e-01   8.5374983e-02   5.0938014e-01   8.0480538e-02   5.3978841e-02   2.6114593e-01   1.0181243e-01  -1.6737948e-01   2.9905117e-01   4.0740561e-02   1.8856305e-01   6.4159144e-02   2.2475214e-01  -1.1773292e-01  -7.7836346e-02   1.9609564e-01   1.8000935e-01  -1.9761743e-01   9.0547555e-02  -2.6867790e-01  -2.1799067e-02   2.2124681e-01   4.8205493e-02   1.3774634e-01  -2.7511936e-01  -2.2175248e-01   1.0964381e-01   3.9359005e-02  -8.7914106e-02  -2.8540958e-02   2.1673081e-01   1.5419229e-01   2.0492182e-01  -6.0261228e-02   8.5794162e-02  -1.0193890e-01   2.8311555e-04  -1.5265785e-01   2.1412949e-01   2.6997394e-02   1.1941655e-01   1.4368879e-01   6.0808020e-02  -2.1346691e-01  -1.0205346e-01   3.2469977e-01   1.9460733e-01   3.4196014e-02   9.7846879e-03   8.0995280e-02  -2.3575632e-02  -1.8856418e-01  -1.9301317e-01   7.7677849e-02   5.2084095e-02   9.4122902e-02   8.8312775e-02   7.6728101e-02  -1.8208139e-01  -2.5043235e-01  -1.8451262e-01   4.4832498e-01   1.0579649e-01   1.6681199e-01   1.5257693e-01   1.3744813e-01  -6.4942669e-02   1.1321638e-02   1.6778666e-01  -1.5317214e-01   3.3388072e-02   1.7648886e-01   1.4843830e-01  -2.8021461e-01  -1.8190933e-01  -2.0421724e-01   1.0778017e-01   2.2710719e-01  -3.0478442e-02   1.4103512e-01   1.9168313e-01
  -2.3663854e-02  -5.5047885e-01  -2.8003220e-01   8.0016125e-02  -4.2651289e-01  -5.3696491e-02  -1.0624480e-01   7.5108454e-02  -1.5903224e-01  -9.0577477e-02   2.2412440e-01  -3.4663341e-01   1.1443717e-02   0.0000000e+00   3.3334618e-01  -1.1907440e-01  -3.0489166e-01   4.8113989e-01   3.2289262e-01  -7.9813610e-02   4.9861646e-01   2.7198662e-01   3.7319981e-01   7.4151731e-03  -5.2351764e-02   2.4560947e-01  -2.6111273e-01   5.8270795e-01  -9.0930458e-03   2.3464351e-01   4.3548263e-01  -2.5586603e-02  -7.2442584e-02   1.7978888e-02   2.8631837e-01  -3.6780457e-02   8.3871883e-03  -1.3409824e-02  -1.6131437e-01  -4.6259741e-01   1.1622715e-01   3.9493780e-03  -3.3465614e-01   3.1109523e-01   2.5621325e-01  -1.0208099e-01   3.6408488e-01   5.9589986e-02  -3.2128547e-02  -5.1042974e-01   3.4806031e-01   3.2594692e-01  -3.5320339e-01   4.0897282e-02   3.0384167e-01   5.7453304e-01   9.9461085e-02   1.4386875e-01   2.5940415e-01   4.4468616e-02   1.5464149e-02   1.2920836e-01  -3.8925777e-01   1.1170694e-01   5.9596004e-02   1.4618593e-01   1.6746798e-01  -4.1441892e-02   9.6378788e-02  -9.8747411e-02  -4.7687707e-01   3.1402144e-01  -7.0268825e-02   2.8860544e-01  -1.1908134e-01   8.3558496e-02  -2.2474282e-01   1.3547478e-01  -4.9164492e-01  -2.6498079e-02   4.5688372e-01  -5.4130293e-03  -2.9603075e-02   1.6256734e-01   6.0438220e-01  -7.3773295e-02   2.4875487e-01   9.9833590e-02  -4.4639801e-01   1.3486363e-01  -5.2319071e-01  -2.8999407e-01  -1.3369020e-01  -2.0084327e-01  -4.4594722e-02  -1.9477134e-01  -1.7381606e-02  -2.1665703e-01   1.0748554e-01   3.3781636e-01   2.0949267e-01   2.3724094e-01   6.1968509e-01  -2.3224251e-02   1.6050880e-01   6.5106117e-02   9.0652693e-02  -9.7686207e-02   2.1961124e-01   9.9192661e-03   9.1216211e-02   2.8913384e-01   8.2816853e-02   1.1800584e-01   5.0405056e-01  -5.8898216e-01   1.1609314e-01   1.7674853e-01   4.8981913e-01   1.5066837e-01   1.7407305e-01  -2.6509202e-01  -1.9064984e-01  -1.1915584e-01  -1.8548919e-03  -3.4348422e-02   9.8258462e-02   8.0874951e-03   1.5431923e-01  -2.6269503e-01  -9.7304732e-04  -2.9985151e-02   1.1328726e-01   3.9595089e-02  -5.0041810e-02   1.0621485e-03  -1.0247006e-01   5.0166353e-01   2.1155273e-02   3.1132454e-02   3.6496482e-02  -2.4949753e-02   7.1537414e-02   1.7847549e-01   3.7031888e-01   3.3100713e-01  -4.6714564e-02  -1.0525810e-01   2.0178311e-02   3.5940616e-01   1.7597703e-01   6.4881775e-01   1.0058681e-01   5.5360815e-02  -5.4668903e-01   1.7638643e-01   1.0687755e-01   1.8329570e-01  -2.9127232e-01   4.4244668e-01   1.0741397e-01   1.0079710e-01   9.6060889e-02   7.5230114e-02  -7.1711240e-02  -5.1461604e-01  -2.1152361e-01   4.0388114e-01  -2.6557092e-02  -4.8388891e-01  -4.7745464e-01  -6.1663984e-03   2.0573447e-01   3.6201730e-01  -4.3601594e-02  -2.1799059e-01   4.0632906e-02
