   0.0000000e+00  -2.4491171e-01   6.3648897e-02  -8.6612235e-02  -1.9452333e-01   2.7474009e-02  -1.2669272e-01   1.7765442e-01  -7.6537100e-02  -2.6859219e-01  -3.4053366e-01  -7.5921447e-02  -1.1739803e-02   6.1306021e-01  -1.6035770e-01  -3.2308129e-01   9.0274416e-02  -3.0205651e-01   2.6928882e-01  -4.0099805e-02  -2.1172474e-01   7.2172506e-02  -1.9365465e-01   7.8222307e-01   2.8587709e-01   4.6211886e-02  -1.9248923e-01   1.8232257e-01   2.8667610e-01  -2.0195472e-01  -1.7601702e-01   1.5593549e-01   1.6690999e-03  -3.8139296e-01  -7.0677679e-03  -2.9619461e-01  -6.9155880e-02   5.5133000e-01  -3.5624131e-01  -2.7798837e-01  -2.9783457e-01   3.5650585e-02  -2.1141331e-01   1.2002775e-02  -1.6606254e-01   5.0770572e-01  -2.0590168e-01  -4.0844534e-01  -3.0358225e-01   3.6426085e-03  -1.1521208e-01   2.1377619e-01  -3.5210841e-01   4.0261125e-01   1.9723336e-01   8.6856132e-02   4.3705319e-01   1.4597025e-01  -1.8003055e-01   9.9604435e-02   3.0932395e-01  -5.7992769e-02   6.4005795e-02  -3.1754948e-01  -2.1158791e-01  -2.1500045e-01  -1.8485364e-01  -9.4081151e-02  -6.0082639e-02   3.1751337e-02  -4.6209779e-01  -2.1163016e-01  -3.5800867e-01   4.6022919e-01   2.8028929e-01   1.1499302e-01   4.1488620e-01   1.3304408e-02  -1.3362280e-01  -1.4405227e-01   3.1013240e-01  -4.1950211e-01  -4.4755707e-01   1.4431246e-01   5.3188836e-01   1.6765545e-01  -6.5557198e-02   4.9497356e-01   9.2064555e-02   7.0811612e-01  -2.3507227e-01   2.8941423e-01  -2.0665933e-01  -9.2687976e-02   5.0080080e-01  -8.2109379e-02   1.3852994e-01   1.2877492e-01  -2.3349520e-01  -2.7063725e-01  -1.3631578e-01  -3.5305570e-01   1.4710247e-01   8.6627186e-02   1.4933348e-02  -1.2994604e-02   5.2291393e-01   6.4560008e-02   5.8216828e-02  -1.4921273e-01  -3.0904973e-01   1.3948712e-01  -1.0064295e-01   8.2654875e-01   3.5379376e-01  -1.1052903e-01   1.5906001e-02  -2.8993151e-01   1.1328950e-01   7.0295586e-02   6.7357458e-01  -2.0444111e-01  -3.3442084e-01  -3.9648154e-01   6.0153740e-01   3.5734041e-01  -1.4856997e-01   1.8026319e-01  -4.3747322e-03  -8.5259765e-02  -2.7413699e-01  -4.0146986e-01   6.2098353e-01  -4.0299238e-01  -1.6327125e-01   5.3577830e-02   2.7627600e-03  -7.8779735e-02   1.8335215e-01   6.2864221e-01   7.0081605e-01   8.4624844e-02  -1.3716745e-01   2.1514457e-01  -6.5598388e-02  -9.8270118e-02  -1.4773850e-01  -2.3533248e-01  -2.1980512e-01  -2.1139374e-01   5.6128432e-01   3.4802994e-01   4.8775521e-01  -4.3864430e-01  -9.3080889e-02   7.4377257e-01   6.6887364e-01  -1.9162540e-01   3.1320443e-01   2.7619432e-01   3.1696999e-02  -2.2941378e-01  -2.1422069e-01  -9.2627317e-02   2.0217833e-01  -2.5678583e-01  -5.3388470e-01   3.4437370e-01   7.2076382e-01  -3.5589462e-01  -1.1608342e-01   4.3982392e-01  -2.5916659e-01   3.7959778e-01   3.1611782e-01  -4.9495193e-02   7.5226449e-02
  -2.4491171e-01   0.0000000e+00   1.7008251e-01   7.8873862e-03   2.2215717e-01  -1.3934789e-01   2.7008763e-02  -1.7909285e-02   5.2294302e-01   3.0120940e-01  -1.1848810e-01   4.7941878e-01  -3.4990921e-01  -1.7670172e-01   4.4522099e-01  -1.0199670e-01   2.1907837e-01  -9.3350532e-02  -1.2478075e-02  -1.4252287e-01  -2.4001740e-01  -1.2543383e-01  -1.4414527e-01   2.0096722e-02  -1.6838644e-01   2.1973157e-01  -1.0240443e-01   2.3238569e-02  -4.9987636e-02   1.1017923e-01   3.2406829e-01  -1.4811245e-01   4.2646017e-02   4.7597475e-01   2.7861423e-01  -1.3847361e-01   1.1780505e-01  -1.0084234e-01  -1.3942171e-01   2.1606748e-01  -8.2996342e-02  -1.7861125e-01   5.4745431e-01  -1.0508814e-01   1.7112024e-01  -8.4692228e-02  -2.7619494e-01   4.4715729e-01   4.8714270e-02   3.4852827e-01  -2.2116411e-01  -6.5476250e-03   5.1276020e-01  -1.0780143e-01   1.1022769e-01  -1.2301662e-01  -1.3339984e-01  -1.3031540e-01  -3.1599143e-02   1.8171563e-01   8.4404538e-02   4.7800500e-02   7.0455886e-01   3.6076990e-01   3.0117270e-01  -2.3131470e-01  -5.8549461e-02   1.8437688e-01  -1.8253077e-01  -5.7572125e-02   6.0108273e-01  -2.7587971e-01   3.7039848e-02   1.4302080e-01  -5.4376912e-02   1.3004107e-02   1.1156562e-02   1.3683672e-01   4.9362060e-01  -6.1339848e-02  -1.1961908e-01   1.2339948e-01   1.1425123e-01   7.3879212e-02  -4.3891267e-02   7.8152051e-02   3.7346254e-01   5.3519813e-02   5.7363935e-01  -1.5400295e-01   4.1583276e-01   8.6164623e-02   2.0880980e-01   1.8546721e-01  -3.6337344e-02   6.5924122e-02  -1.9437310e-02  -4.4213633e-02   2.2553845e-01  -1.0938573e-01   2.4221661e-02   8.1057151e-02  -1.3517330e-01   5.1606553e-01  -3.4621117e-01  -4.0079045e-03  -6.3299292e-02  -8.5944143e-02   6.9928438e-02  -2.5199711e-01   2.7577711e-01  -2.1680123e-01   2.5162976e-01  -2.7329495e-01  -9.2827252e-02   5.6820865e-01   9.5631470e-03   1.2619911e-02  -1.1255954e-01  -2.0567545e-01  -6.7782968e-02   3.7867614e-01   4.0532338e-01   5.4785618e-01  -1.4282149e-01   1.2327226e-01  -3.1138476e-02   7.3777696e-03   1.1475928e-01   9.5891306e-02  -3.1612048e-01   1.2264312e-01   3.3129303e-02   3.3171004e-01   3.5594948e-01  -5.6407792e-02  -2.2597575e-01   6.7197662e-03   1.5780177e-01  -1.7209606e-01  -2.6504113e-01  -9.6820910e-02  -3.7677906e-01  -6.5291348e-02  -3.0097211e-02  -2.3593606e-01   1.1482366e-01   1.2135787e-01  -3.1918678e-01  -1.9143437e-01  -1.3222707e-01  -1.4751743e-01   8.1256636e-02   2.5054783e-01   5.2520598e-01  -1.2507837e-01  -1.9068754e-01   1.2201772e-02   5.8109908e-02  -7.2293110e-02   5.5753288e-02  -2.3410868e-01  -5.2455143e-02  -2.5883866e-01  -1.7183093e-01   6.3461149e-01   2.0839744e-01   5.5748540e-02  -1.1606762e-01   4.8373772e-01   3.4230800e-01  -1.0467836e-01   2.0614287e-01  -1.0388404e-01   4.9710653e-02  -1.9993228e-01  -5.3759398e-02
   6.3648897e-02   1.7008251e-01   0.0000000e+00  -2.0300029e-01  -8.5307154e-03   4.9907957e-01   1.2223792e-01   3.3539456e-01  -8.2859254e-02   2.9780367e-01   1.9576090e-02   4.5982520e-01  -1.1614956e-01  -1.5785136e-01   1.3270566e-01  -1.0351639e-02   8.4071455e-01  -2.2636017e-01   1.1171374e-01   8.6944681e-02  -4.3415631e-01  -1.2186826e-01   5.0518233e-02  -1.1465013e-02   8.0548026e-02   1.3960776e-01   8.9776289e-02   3.5922011e-01   3.0549934e-01  -4.1528757e-01  -2.6058015e-01   1.0146350e-01   1.7320984e-01   1.9353664e-01   1.6305752e-01  -2.1741965e-02  -7.9304667e-02   8.4425128e-02  -2.9982974e-01   3.7984907e-01  -9.2837905e-02   3.7992328e-01   1.5104875e-01  -4.1212862e-04  -2.8071165e-03   5.6903026e-01  -9.0355484e-02  -1.2833514e-01  -2.4963553e-01   6.2389322e-01   1.1973717e-01   7.5861704e-02  -1.8916650e-01   3.1894989e-01  -1.8672877e-02   2.4112147e-01   2.6261497e-01   7.5191318e-02  -1.1981027e-01   1.2903759e-01   5.2717707e-01   1.3045169e-01   1.9561665e-01  -1.6695721e-01  -3.4233594e-01   1.4703232e-01   1.3933678e-01  -8.8237417e-02   1.3433144e-01   8.1921672e-01   1.6971655e-01  -3.4034972e-01  -1.6836796e-01   3.2143552e-01   2.2562978e-01  -5.3926503e-02   4.8987493e-01   2.5350608e-01  -1.1138004e-01  -1.5749031e-01   1.6973269e-01  -1.9313435e-02  -2.0722684e-01   2.5606253e-01   3.6160915e-01   1.2646775e-01  -1.9367822e-01   7.2429737e-02   2.9569989e-01   1.1383111e-01  -3.2413252e-01   8.3872885e-01   4.2938792e-01   3.9294586e-02   8.7159602e-02   2.1105155e-01   4.0822660e-02   2.2205852e-01  -5.2477001e-02  -6.0564425e-02   9.2199453e-02  -8.7178274e-02  -2.9211389e-03   9.9345126e-02  -1.8585489e-01  -1.0977307e-01   3.4431284e-01   2.1315577e-01   2.6055049e-01  -9.3864803e-02   3.3643762e-01  -7.3592852e-02  -1.1143452e-01   1.6763479e-01   1.0876306e-01  -7.2828867e-02   1.9224266e-01   3.6219150e-02  -1.1265118e-02  -4.2529577e-02   3.6806577e-01   4.2988504e-02   2.0717899e-01  -2.7629262e-01   4.5174697e-01   3.0963924e-01  -1.5973824e-01   6.0414622e-02  -1.0097002e-01   4.6003211e-01  -2.4862099e-01  -1.3876016e-01   2.9248716e-01  -1.0569651e-01   5.7719090e-02  -1.1037114e-02   9.1035206e-02  -1.6834002e-02   7.7151632e-02  -1.5019937e-01  -4.8635273e-02   5.5866431e-02   4.6266069e-02   5.2251291e-01   1.9919911e-01  -4.5595813e-01   5.0754676e-01  -3.5321235e-01   1.9613925e-01  -1.6973923e-01   4.4184120e-01   1.0448713e-01   4.6414977e-01  -3.7179961e-01   6.1587005e-01   7.4676936e-02   1.2520325e-01  -3.8444541e-02   5.4298644e-01   5.8698921e-02   1.4896282e-01  -3.9357520e-02  -2.0478015e-01  -3.9237052e-01   1.0833105e-01   1.4491315e-01  -4.6525988e-03   1.8702727e-01   2.8376238e-01  -1.4983762e-01  -1.3699645e-02   7.1498801e-02  -2.8813336e-01   2.9737898e-01   2.0138465e-01  -7.3551289e-02  -7.9810433e-02
  -8.6612235e-02   7.8873862e-03  -2.0300029e-01   0.0000000e+00   5.6236074e-02   1.6600387e-01   2.8506055e-01   2.0507617e-01   5.0152579e-01  -3.2592175e-02   3.0956007e-01   3.7450735e-02   3.7483667e-01  -8.4856616e-02   1.0658720e-01   4.2028506e-01  -2.4796978e-01   5.5450051e-01   1.6162103e-03  -1.9026297e-01   1.6678062e-01   7.2828687e-01   7.4062433e-02  -8.3299984e-02   8.5688953e-04   1.3474925e-01   3.6883563e-01   3.9165743e-02  -9.0648526e-02   3.8944786e-01   2.8475080e-01  -1.0803468e-01   3.1984299e-01  -1.1351843e-01   2.7703961e-01   3.1771702e-02   3.5136944e-02  -1.3421707e-01   3.5934843e-01   1.6576233e-01   2.4997695e-01   1.2941915e-01   1.0225465e-01   2.3257657e-01   3.1530927e-02  -1.4731651e-01   2.5744179e-01   1.3120831e-01   1.9169931e-01  -1.2052739e-01   2.2103219e-01   1.0926225e-01  -3.4692227e-01  -2.3173598e-02   3.0308824e-02   1.9054203e-01  -7.2532910e-02   1.9528943e-01   4.9070774e-01   1.9566217e-01  -1.0063330e-01   4.3056022e-01   1.1168469e-01   2.5024501e-02   3.6651309e-01   4.7215417e-02   3.4114463e-01   6.9050259e-01   4.4845199e-01  -5.8336377e-02  -6.8947455e-03   3.6268575e-01   8.5522616e-02  -1.2591888e-02   2.7571711e-01   3.3384578e-01  -3.7992634e-02   1.4208748e-01  -2.3495754e-01   4.6569871e-01   1.1254519e-01   2.3649007e-01  -1.1110931e-01   2.1147109e-02   5.3841332e-03   3.7130081e-01   1.6008974e-01  -6.3653388e-02   5.9395330e-02  -1.0177781e-01  -1.7318299e-01  -1.7045528e-01  -4.3360889e-01   1.7626906e-01  -1.8493841e-01   1.0406427e-01   6.6846821e-01   1.6088005e-01   6.1337732e-01   3.0443733e-01   1.4571426e-01   3.6003381e-01   1.8066352e-01   1.4033020e-01   8.9700670e-02   8.6967069e-01  -1.2300342e-01   3.5315209e-01   2.1538236e-01  -3.3661503e-01  -8.2964667e-02   4.4790808e-01   8.1643502e-01  -1.4279497e-01   1.5170246e-02  -3.8331017e-01  -1.0900471e-01   3.1595591e-01  -2.2563869e-01   1.1002212e-01  -1.9772607e-01  -1.7238056e-01   1.4135035e-02   1.3396491e-01  -1.5342889e-01  -7.5826387e-02   2.3069646e-01   1.9992797e-01   7.5434725e-01  -1.8259778e-01   2.2812931e-01   1.0006103e-01  -4.0314424e-02  -6.0055619e-02   1.5416220e-01   1.5235214e-01   3.2853201e-01  -1.0451801e-01   2.5625174e-01  -2.5579314e-01  -1.7170116e-01   1.9914940e-01   3.7592002e-01  -5.9047200e-02   1.3254268e-01   5.0414238e-01   2.8955082e-02  -2.6841619e-01  -1.0841931e-01   2.5350871e-01  -8.2364447e-02   8.0958012e-02  -3.7027535e-01   1.7277604e-02  -3.0743772e-01  -2.4261610e-01  -1.6503971e-01   4.1949575e-01  -7.7143902e-02   2.8942957e-01  -9.7009686e-03   3.0861623e-01   5.8559068e-02   6.5883313e-01  -1.2130447e-02  -2.8055169e-01  -7.5240627e-02   3.1873013e-01  -1.6103882e-01  -3.6227570e-01  -3.2632553e-01  -2.4266071e-01   6.7531333e-01   1.6676598e-01   3.2763633e-01   2.8758653e-01   8.3819895e-01
  -1.9452333e-01   2.2215717e-01  -8.5307154e-03   5.6236074e-02   0.0000000e+00  -7.5753715e-02   1.0868354e-01  -4.2434655e-02   3.2601807e-02  -6.7468753e-02   3.2566637e-01   2.5915776e-01  -7.5067619e-02  -4.2212153e-01   3.8896967e-02   1.8009670e-01  -5.2097137e-02   3.4439540e-01  -1.8584745e-01   6.7963152e-01  -1.0484125e-01  -2.8928157e-01  -1.2631167e-01  -4.2592744e-01   4.4507415e-02  -9.4374532e-02   3.1400413e-01  -2.6089011e-01  -2.9540305e-01   2.6878104e-01   6.6827470e-02   1.4271781e-02   3.4227133e-01   2.5905829e-01   9.4244507e-02   7.3549553e-01   1.3475911e-01  -4.2965781e-01   3.2869457e-01   3.2810504e-01   2.1398297e-01   5.9315251e-02   1.4895133e-01   1.2516905e-02   7.3877082e-02  -3.2399412e-01   5.5869910e-01   3.0059678e-01   1.2159469e-01  -2.5774727e-01   2.4554759e-01  -1.9043843e-01   1.0614519e-01  -1.5862562e-02  -5.3092633e-02  -2.2154963e-01  -2.8379859e-01  -2.6592168e-01   2.5139085e-01   3.1883315e-02  -2.6113987e-01   1.4719770e-01  -1.8225727e-02   2.4468535e-01   1.9789276e-01  -9.9489121e-03   1.4525049e-01  -3.6388049e-02   6.2174578e-02  -1.1644167e-01   3.8461487e-01   1.2583224e-02   3.3654609e-01  -7.7943191e-02  -7.7127318e-02  -1.8698556e-01  -3.1157719e-01   1.0500979e-01   3.8428410e-01   4.1690842e-01  -2.7245166e-01  -5.3317029e-02   1.6371189e-01  -1.2114042e-01  -9.0010576e-02  -1.3623857e-01   7.0206179e-02  -3.3336498e-01  -1.0067284e-01  -3.7211918e-01   6.6123990e-01  -2.1459453e-01   8.2824619e-02   2.0846692e-01  -2.6729627e-01   6.3414930e-01  -1.1829641e-01  -2.2756063e-01   1.7334314e-01   1.0176806e-01   5.2992904e-02   1.3898011e-01  -2.5840550e-01  -1.3615013e-02  -1.6345736e-01   3.7228246e-02  -1.8961378e-01  -1.2280610e-02  -5.6282596e-02   7.8727632e-03   2.5729552e-01  -2.7043587e-01  -5.9664280e-02  -1.6950473e-01  -2.6452910e-01   2.2167917e-01  -3.2777354e-01   1.7414650e-01  -2.3815041e-02   2.1296053e-01  -3.3172568e-01   7.1964518e-01   2.4670456e-01   2.2845450e-01  -4.1362413e-01  -1.7061227e-01   6.3984706e-02  -4.9360249e-02  -1.3530171e-01   1.2082868e-01   1.4456339e-01   3.9106563e-01  -1.8047467e-01   1.4183592e-01   9.7358074e-02  -2.1648010e-01   2.7422032e-01  -8.3948674e-02  -1.6820686e-01  -1.0704715e-01  -2.1431417e-01  -5.7508353e-01  -6.4068375e-03  -1.2841536e-01  -1.4103187e-01   5.3568708e-02   3.9103886e-02   2.0625233e-01  -4.1544441e-02   1.4081776e-02  -3.6698982e-01  -2.4112514e-01  -1.6094141e-01   3.9013789e-01   1.9190089e-01  -3.1861621e-01  -2.9770365e-01   6.0910433e-02  -2.3280398e-01  -3.3227488e-01  -3.1855073e-01   1.3825087e-01   2.2180621e-01   1.1581815e-01   7.6179255e-02   3.0439274e-01   4.9966675e-01   6.4617348e-02  -3.2090279e-01   2.4373796e-01   8.0154946e-02  -4.7505965e-01   1.4442360e-01  -3.4373243e-01  -9.4208571e-02   4.1370478e-01  -5.1329778e-02
   2.7474009e-02  -1.3934789e-01   4.9907957e-01   1.6600387e-01  -7.5753715e-02   0.0000000e+00   2.0932585e-01   4.6149919e-01   4.4182857e-02   8.4271448e-02   2.9047010e-01   1.6806217e-01   5.1821784e-02  -8.5075882e-03   2.2238247e-01  -2.4300253e-02   3.0816280e-01   1.9575750e-02   4.8816963e-01   8.7913028e-03  -1.7797462e-01   1.5758031e-01   4.2912704e-02   6.9972725e-03   2.8844334e-01   2.6241865e-01   2.6498512e-01   5.0990795e-01   3.2446502e-01  -1.2576037e-01  -2.2524044e-02   3.2148707e-01   1.6804240e-01  -1.8968356e-02   2.9422090e-01   9.8339953e-02  -2.7296904e-01  -2.5588743e-01  -2.3313435e-01   2.9251158e-01   1.2875063e-02   4.0415455e-01   1.0347418e-01   2.8299435e-01   1.3431093e-01   2.2538490e-01   1.8412158e-01  -2.7564882e-02  -3.2356549e-01   2.1145726e-01   3.1995978e-01   2.9565670e-01  -2.9477220e-01   2.1040109e-01   4.2685047e-02   3.6125259e-01   5.2745326e-01   3.8473502e-01   2.6257564e-01   1.8995205e-01   1.1338767e-01   2.2079234e-01   1.1329109e-01  -1.6081590e-01  -8.2674226e-02   8.2765674e-02   6.7194397e-01  -4.3557352e-02   5.6320100e-01   5.7524103e-01  -9.9770720e-03   2.3012268e-02  -1.4487881e-01   1.7272349e-01   3.6596605e-01   2.0268017e-01   4.5424701e-02   5.2267223e-01  -2.3589105e-01   1.1995887e-01   4.2875527e-01  -3.4768974e-02  -3.6126885e-02   5.0316063e-01   3.1033717e-01   4.0831540e-01  -8.3190414e-03   1.5327371e-01   9.8534838e-02   2.2704148e-01  -3.7163625e-01   4.3813043e-01   8.8808229e-02   2.8153127e-01  -2.5705273e-01   5.6629255e-02   2.2971694e-01   6.5573061e-01  -1.0788849e-01   4.8451029e-02   3.6614220e-01   1.1387839e-01   1.3174041e-01   7.5072027e-04   2.1433072e-01   2.6188489e-01   1.8983376e-01   6.8559496e-01   1.6153517e-01  -9.6728328e-02   9.2546538e-02   3.0866120e-01  -6.5933352e-03   1.3691672e-01   3.3653140e-01  -2.4366937e-01   2.6111405e-01   1.7742962e-01   9.1864260e-02   2.1640712e-01   1.2720272e-01   1.0697376e-02  -4.3109466e-02  -1.6846714e-01   2.5504957e-01   1.9736166e-01   7.0876068e-02   2.6421040e-01   1.4558260e-01   2.8704955e-01  -2.2117307e-01   9.9232417e-03   9.4854796e-02  -1.7060467e-01   1.5224008e-01   2.0582084e-01   2.6964945e-01   1.4145349e-01   3.6121488e-01  -2.8447356e-01   6.9287673e-02  -5.2587274e-02   3.6503446e-01   4.8808359e-01   2.1299789e-01   4.6313867e-02   3.1456479e-01  -5.4606196e-01   1.3233686e-01   1.2794768e-02   4.2823505e-01   3.6185492e-01   3.0644027e-01  -3.3318853e-01   1.2565189e-01   5.9375550e-02  -1.2431700e-01   1.7488950e-01   2.7256650e-01   4.1389905e-01  -1.4801742e-02   2.3927304e-01  -1.9227103e-01   1.2413002e-01   3.9880475e-01  -8.8924102e-03   6.6369050e-02   3.7948104e-01   1.7825924e-01  -2.2376885e-01  -2.3740352e-01  -2.9399696e-01  -5.8376748e-02   5.7858151e-01   4.2344324e-01   5.8485698e-02   3.0041791e-01
  -1.2669272e-01   2.7008763e-02   1.2223792e-01   2.8506055e-01   1.0868354e-01   2.0932585e-01   0.0000000e+00   4.1727338e-02  -2.0359655e-02   4.5443721e-01   4.9536280e-01   5.6062365e-01  -3.2528440e-02  -1.1061961e-02   1.9466354e-01   4.3686696e-01  -9.7738112e-02   4.8226697e-01  -8.5300744e-02  -7.6267919e-03   3.0217314e-01   1.4443065e-01   6.3714462e-01  -1.1955121e-01  -4.3732378e-02  -1.8764418e-01   2.7247345e-01  -1.5163785e-01  -2.6482417e-02   3.5812127e-01   2.4760562e-01  -1.4824997e-01   3.0980916e-01   5.2680249e-01   3.4242910e-02   2.9541638e-01   1.3817318e-01  -1.3902457e-01   2.4512494e-01   3.8988412e-01   1.3998884e-01   2.0665303e-01   1.3103082e-01   1.5646135e-01   8.2170634e-02  -1.5028392e-01   2.5207398e-01   5.6362850e-01   7.5215656e-02   7.7711792e-02   2.5271185e-01  -1.7856093e-01  -1.4166427e-01   1.3089615e-02   2.5172583e-01   1.8787556e-01  -2.1003721e-01  -8.8075519e-02   9.1061344e-02  -1.1157645e-01  -1.0641432e-01   3.6337358e-01  -1.7672068e-01   1.6443617e-01   7.6104979e-02   3.5848008e-01   1.8364135e-01   2.0949223e-01   1.0387219e-01   2.9949755e-01   3.8519608e-01   1.1994810e-01  -7.9118772e-02   3.3649166e-01   1.5315020e-01  -3.8723420e-02  -7.1371758e-02   4.1310564e-02  -1.4931935e-01  -1.2280972e-01  -1.1722627e-02   2.5993213e-01   4.1973055e-01  -4.4168026e-02   2.3751069e-01   8.4169746e-02   1.2023266e-01   1.1457902e-01  -1.7112920e-02  -3.3416128e-02  -1.3591845e-01   7.3746406e-03   1.9458191e-01   1.8145377e-02  -1.6994163e-01   2.8626388e-01   2.1172778e-01  -1.3658520e-01   2.0416825e-01   6.8411077e-01   5.5335996e-01   4.3815782e-01   3.2029189e-01   2.3330131e-02  -2.3535908e-02   2.7156558e-01  -1.0125950e-01  -8.8468307e-02   2.6995995e-01  -1.5370225e-01   6.1611848e-01   1.3513762e-03   2.4118534e-01  -1.6366302e-01   3.0235295e-01  -3.2441586e-01  -3.0477546e-01   2.7630483e-01   4.3187966e-02  -7.3441066e-02  -1.2958862e-01   1.1488248e-01   1.8096544e-01   1.7730729e-01  -1.6101986e-01  -1.7960359e-01   2.8130731e-01  -7.8131854e-02   1.0704769e-01   1.3113283e-01  -1.8091759e-02   6.1979647e-01  -1.9112558e-01   1.9555782e-01  -3.8685723e-02   4.1778459e-02   1.5424461e-01   2.8733942e-01   8.4179809e-02  -1.6279741e-01  -1.0460160e-01  -3.7860832e-02   9.9330549e-02  -1.1496541e-02   6.2283363e-01   2.6028731e-01   8.0813774e-01  -3.1591553e-01   2.8011604e-01   4.9801096e-01   1.4041792e-01   5.9720766e-02  -1.2366706e-01   2.4065106e-01  -5.6367728e-02  -2.4627595e-02  -2.3289764e-01   1.8511630e-01   1.9951301e-02   5.3503167e-02   1.0335639e-01   2.5090088e-01   3.3339033e-01   2.5294259e-01  -1.5118178e-01   5.9312247e-02   3.6736385e-01   2.4750333e-01  -1.2400047e-01  -1.5573849e-01  -2.8045154e-01  -1.7196021e-01   3.3552683e-01   1.4305914e-01   1.4865369e-01   2.3295384e-02   1.4986452e-01
   1.7765442e-01  -1.7909285e-02   3.3539456e-01   2.0507617e-01  -4.2434655e-02   4.6149919e-01   4.1727338e-02   0.0000000e+00   2.1113038e-01  -2.1101535e-01  -5.9572975e-02   1.6364710e-02  -8.4742140e-02   8.5664027e-02   1.2285627e-01  -2.7909520e-01   1.8376157e-01  -1.0051478e-01   4.3713272e-01  -4.2585418e-03  -3.1727286e-01   3.3764557e-01   4.2229368e-03   9.2434084e-02   8.3300437e-02   6.2477242e-01  -6.9319150e-03   4.0595396e-01   2.5320556e-01  -3.8075712e-01  -2.3129776e-02   2.2637854e-01   2.1810625e-02  -1.7830585e-01   1.3396555e-01  -1.1985079e-01  -1.3220555e-01  -2.6113012e-01  -3.8225487e-01   1.0222865e-01  -8.9189317e-02   1.1043902e-01   1.0676188e-01   2.7589418e-01  -1.2846694e-01   1.1960746e-01  -1.3912566e-02  -1.8526236e-01  -1.1049821e-01   1.5653000e-01   6.4604397e-02   6.4081603e-01  -2.6313687e-01   2.8201822e-01   1.3560797e-01   3.2310535e-01   4.3696188e-01   3.9698674e-01   1.8802967e-01   1.4326605e-01   8.8759990e-02  -2.1869274e-03   3.4251909e-01  -7.0664061e-02  -1.9401481e-01  -2.9612354e-01   2.4320425e-01   8.6948518e-02   3.9485458e-01   2.7026589e-01  -1.3367895e-01  -1.0270588e-01  -1.8847489e-01   6.8265628e-02   4.0620698e-01   5.4690290e-01  -4.0275790e-02   3.1304928e-01  -8.9822684e-02   2.1635949e-01   5.5322520e-01  -2.9242916e-01  -3.5201525e-01   6.2325561e-01   1.6211637e-01   5.1595629e-01  -8.8898487e-02   9.0981395e-02   1.5676140e-01   2.1511812e-01  -2.0343213e-01   2.7613982e-01  -9.5249481e-02   1.3335190e-01  -2.5890857e-01  -1.8301224e-01   2.2002676e-01   5.3222361e-01   4.4533756e-02  -1.6775683e-01   1.7169568e-01   1.0425009e-02   4.7678118e-01  -3.8783686e-02   1.5166742e-01   4.5871304e-01   1.0455811e-01   6.6160773e-01   3.4511009e-01  -2.0192501e-01  -8.4077289e-03   3.8811028e-01   1.0912384e-01   1.5590053e-01   1.4774459e-01  -8.2553033e-02   3.9526934e-01  -8.5766237e-02  -9.0352265e-02   3.3617237e-02   1.5018329e-01  -2.3553075e-02   3.9773005e-02  -2.7434695e-01   1.6848758e-01   1.6835728e-01  -1.7654241e-01   2.4297461e-01   4.1013298e-01   2.4594532e-02  -2.7842519e-01  -2.7649561e-01   1.8581018e-01  -2.2829510e-01   1.4879949e-01   6.8214543e-01   2.1189572e-01   5.8804838e-02   5.7538196e-01  -7.3533569e-02   1.9476525e-01   9.7427072e-02   4.1195957e-01   8.1012437e-02   1.3732406e-01   1.1261327e-01   9.5064123e-02  -3.6684312e-01  -1.3163750e-01  -1.7190653e-01   2.7188240e-01   6.4850025e-01   2.3397785e-01  -4.5400125e-01  -6.7817936e-04   1.5199543e-01   3.0656187e-02   2.4821226e-02   9.7113581e-02   5.9035191e-01   4.5732162e-02   3.3183801e-01  -4.1945733e-01   1.7486676e-01   3.2774917e-01   3.4871122e-02  -1.4956336e-01   9.1907118e-02   1.5722749e-01  -2.2424516e-01  -1.5842711e-01  -2.1351100e-01   3.8205575e-02   1.7140919e-01   3.9454129e-01  -1.3222553e-02   4.0249415e-01
  -7.6537100e-02   5.2294302e-01  -8.2859254e-02   5.0152579e-01   3.2601807e-02   4.4182857e-02  -2.0359655e-02   2.1113038e-01   0.0000000e+00  -1.0018417e-01   1.2198433e-01   2.1523586e-01   1.5746650e-01  -9.1972867e-02   5.8452422e-01   2.1419332e-03  -3.7282568e-02   2.9838300e-01   1.5547223e-01  -2.9422956e-01  -1.7237129e-01   4.5265381e-01  -1.9224510e-01   1.4124225e-01   7.3407687e-02   3.3794938e-01   2.8602618e-02   7.7676770e-02   1.4869268e-01   3.5773188e-01   5.1511042e-01   1.2216301e-01   2.4096299e-01  -4.5432424e-02   5.3525134e-01  -1.6093969e-01  -4.0294283e-02  -9.1648295e-02  -4.5239517e-02   1.0156926e-02   2.3796982e-01   1.3795690e-01   4.6895574e-01  -9.8607164e-02   4.2728511e-01  -9.4732489e-02   6.0122631e-03   1.2719376e-01   8.8952901e-02   1.8500450e-01   1.9249101e-01   3.0354774e-01   3.7595982e-02   1.7800718e-01   1.2460178e-01  -1.2026214e-02   1.1725337e-01   4.0660168e-01   3.5286064e-01   5.1547165e-01   5.4858468e-02   3.6021187e-01   6.8487929e-01   1.8084650e-01   6.1192103e-01  -3.1029591e-01   1.5469762e-01   3.3913641e-01   2.1854337e-01  -2.5715443e-01   7.2870470e-02   2.9318073e-01   1.2454257e-01   1.8202305e-01   3.6424923e-01   3.3385237e-01  -6.5511017e-03   7.8225224e-02   2.2561578e-01   3.3660826e-01   6.0587402e-02   1.0578882e-01  -9.5312648e-02   1.4709801e-01   7.2292199e-02   4.1905119e-01   5.5481539e-01   2.6513829e-01   5.7668298e-01  -1.9083746e-02   2.0389528e-01   5.9714859e-02  -3.7150424e-01   5.3077484e-01  -5.1304805e-02  -1.3815648e-01   4.9198910e-01   2.3527540e-01   4.5569772e-01  -4.0005161e-02  -3.9690351e-02   3.3146702e-01   2.4507679e-02   6.9877117e-01   1.6688395e-01   4.4563833e-01   4.0456296e-02   3.2767863e-01   1.9350175e-01  -4.2690239e-01  -1.6000305e-01   3.7644452e-01   5.3323905e-01  -1.6121110e-01   8.1720845e-02   2.6699930e-01  -8.8269977e-02   2.0531938e-01  -3.3838739e-01   2.0887914e-01  -2.3201277e-02   2.3221880e-02   1.9234865e-01   5.0397439e-01  -1.4645280e-01   1.8408971e-01   3.0937984e-01   3.5741820e-01   6.6769638e-01  -3.6993899e-01  -1.6924907e-01   6.2927034e-02   8.6696254e-02   1.1840139e-01   5.9679990e-01   1.5254743e-01   1.9014213e-01  -1.3821823e-01   4.3071851e-01  -5.3646020e-02  -8.0550015e-02   7.2556582e-02   1.2509608e-01  -1.0341852e-01   1.6353124e-01   2.5138369e-01  -1.1370768e-01  -1.2895591e-01  -4.4290621e-01  -1.0749207e-01   7.5522403e-02  -7.5652894e-02   5.2755943e-02   9.7469936e-02   3.0063771e-02  -1.0549596e-02  -1.0935060e-01   3.1369427e-01   5.9571824e-02   2.5517907e-01   1.4570000e-01   1.2890490e-01  -1.5806266e-01   3.9533172e-01   1.7221802e-01   2.1632974e-01  -1.6932398e-02   2.5720554e-01  -4.4564614e-02  -5.4543534e-02   1.9497775e-01  -1.2483836e-01   6.3888888e-01   1.3737666e-01   4.6294189e-01  -1.1620372e-01   5.6561233e-01
  -2.6859219e-01   3.0120940e-01   2.9780367e-01  -3.2592175e-02  -6.7468753e-02   8.4271448e-02   4.5443721e-01  -2.1101535e-01  -1.0018417e-01   0.0000000e+00   7.2595430e-02   4.9844400e-01  -2.4279458e-01  -1.5459944e-01   1.4189065e-01   1.9874883e-01   2.4677916e-01   5.8250231e-02  -1.1252668e-01  -1.1696465e-01   1.7174387e-01  -1.3081968e-01   4.3731998e-01  -5.6586562e-02  -3.8896764e-02  -1.5070823e-01   2.4789065e-02   5.3931535e-02  -3.6375201e-02   6.9899169e-02   2.0573311e-02  -2.1769857e-01   7.4150225e-02   6.3487740e-01   7.4382572e-03   2.7785310e-02   2.0856325e-01   5.2084198e-02   1.5116085e-02   2.2805165e-01  -4.0011975e-02  -6.1816080e-02   8.0909891e-02  -4.9029753e-02   9.2990998e-02   8.4907461e-02  -1.8800932e-01   4.4773710e-01  -7.2106460e-03   2.9511402e-01  -5.8517379e-02  -2.7637366e-01   2.6187845e-01  -2.6873974e-01   5.1051448e-02   1.2188298e-03  -1.6603390e-01  -3.1307452e-01  -8.4820350e-02  -9.8972083e-02   1.5918829e-01   2.1190364e-01   3.2479594e-02   1.2737748e-01  -1.4200530e-03   3.8852357e-01   4.8195788e-02   8.4393473e-02  -1.6373858e-01   2.9785511e-01   5.6876173e-01  -2.2288654e-01  -6.4161809e-02   1.8178913e-01  -1.0301750e-01  -2.5463693e-01   1.3872477e-01   2.5618551e-02   7.0299258e-02  -3.3751825e-01  -1.4905724e-01   2.1284415e-01   4.1005244e-01   8.1481715e-03   3.7865899e-02  -1.0554850e-01   5.0946423e-02   5.6161151e-03   2.0173226e-01  -1.0154189e-01  -1.3228252e-02   1.3394503e-01   5.2848515e-01  -2.0563604e-01   4.3053322e-02   1.6619481e-01  -6.1273042e-02  -1.4495830e-01  -7.2045277e-02   4.7133514e-01   2.7456114e-01   1.0790178e-01   1.4855589e-02   1.0862319e-01  -3.0158213e-01  -7.8212903e-02  -1.9313855e-01  -2.3398618e-01   1.5023366e-01   7.8740148e-03   6.0648623e-01  -2.9178839e-01   5.6809366e-02  -2.0496162e-01  -1.5428116e-02   6.9470563e-02  -1.5348741e-01   3.3997470e-02   5.1164915e-02  -2.3107221e-01  -2.3184260e-02   1.2757263e-01   1.8166727e-01   2.7665658e-01   2.1791479e-02   1.0423192e-01   1.1159027e-01  -2.9225946e-01  -2.0348929e-01   2.8306054e-01  -1.7828859e-01   4.2347355e-01  -3.3010383e-02   3.5986719e-01  -1.7634154e-01  -2.4979901e-01  -2.0519850e-01   1.5870089e-01  -1.9545729e-01  -2.8351893e-01  -3.2903250e-01   1.2781435e-02  -3.0911900e-01   1.6102932e-01   3.9663076e-01  -1.4217284e-01   5.7034621e-01  -6.5872587e-02   2.8356639e-01   3.0045630e-01   1.4286212e-02  -1.7085388e-01  -8.6950963e-02   1.2051628e-01   3.7831015e-01  -1.7703518e-01  -1.4285782e-01  -1.8108941e-02   1.2387018e-01  -1.9590030e-01   1.1650571e-01  -1.5809845e-01   3.7204870e-01  -2.3864957e-01  -2.6657122e-01   2.7742768e-01   2.5299807e-01   7.8893311e-02  -1.6261954e-01   2.1616981e-01   7.8173217e-02  -1.1743678e-02  -2.6640696e-02   5.9798671e-02  -8.7919549e-02  -1.1396607e-01  -1.6830544e-01
  -3.4053366e-01  -1.1848810e-01   1.9576090e-02   3.0956007e-01   3.2566637e-01   2.9047010e-01   4.9536280e-01  -5.9572975e-02   1.2198433e-01   7.2595430e-02   0.0000000e+00   1.2467992e-01   2.4816929e-01  -1.3344893e-01   2.5306716e-01   4.7707034e-01  -1.2208290e-01   7.7836558e-01  -1.2199018e-01   2.4595895e-01   4.0509164e-01   1.7761723e-01   3.5096227e-01  -4.0961918e-01   2.0364480e-02  -1.9889719e-01   5.3247332e-01  -4.2037701e-02  -4.0582686e-02   5.7451543e-01   3.6982249e-01   1.7574492e-01   3.4677543e-01   1.3178072e-01   3.2896921e-01   6.6503453e-01   8.8304041e-02  -4.7362521e-01   4.5279299e-01   2.5409831e-01   4.4308234e-01   2.8269287e-01   2.0974560e-01   3.7597470e-01   3.0981792e-01  -2.8643503e-01   7.9604163e-01   2.9913923e-01   2.0395197e-01  -2.0336419e-01   7.2993111e-01  -1.5295172e-01  -1.8323278e-01  -6.1493423e-02   6.5063791e-02   2.4713761e-01  -1.6868143e-01   6.1232907e-02   3.8148500e-01   1.7179959e-01  -2.8091630e-01   5.1649463e-01  -2.1485204e-01   3.3997079e-01   3.0239537e-01   3.7664227e-01   4.9878322e-01   7.8112309e-02   5.9104903e-01   1.9317039e-01   2.1320353e-01   4.8521002e-01   1.6993242e-01  -2.0766034e-02   1.9573753e-02  -1.1279910e-01  -2.8494744e-01   2.4455680e-01  -1.1365928e-01   2.3254928e-01   2.9071587e-02   2.0847231e-01   4.8538694e-01  -2.1335046e-01   1.0599678e-01  -8.0883816e-02   3.1755919e-01  -1.5835184e-01  -2.2994479e-01  -2.5145068e-01   2.2744003e-03  -6.8168040e-02  -1.2413612e-01   4.2894993e-01  -4.9933666e-01   2.2791445e-01   1.0702793e-01   6.5522070e-03   3.5485712e-01   4.2188298e-01   4.3953553e-01   6.4144248e-01   1.0570730e-01   1.2330501e-01   3.6645071e-01   2.0391662e-01  -2.5251774e-01   2.0185175e-01   9.1098794e-02   8.5582496e-02   2.3147840e-01   1.3728960e-01   1.0767356e-01  -3.4589543e-01   1.0457327e-01  -3.8744208e-01  -1.4354894e-01   4.0383476e-01   1.5410827e-01   2.9310751e-01  -3.0125720e-01  -4.8367087e-03   2.2761480e-01   2.9094308e-01  -3.2324427e-01  -1.0505715e-01   3.2078329e-01   4.1172784e-02   1.2134202e-01   2.0726164e-01   1.9207201e-01   5.9390611e-01  -1.3197112e-01   2.8830037e-01   3.1187311e-01  -7.2641906e-02   2.4334257e-01   2.7414680e-01  -8.1844248e-02  -3.9070559e-01  -3.7206317e-01  -2.4994163e-01   5.4612550e-01   9.4622504e-02   3.2115302e-01   5.0670161e-01   3.3219997e-01  -1.4360296e-01   3.0622464e-01   4.9542168e-01   1.0212537e-02  -3.4118825e-02  -1.8404126e-01   3.3784862e-01  -1.9305942e-01  -2.5469935e-01  -4.6871437e-01   2.8958602e-01  -1.2829894e-01  -1.4655817e-02  -8.3043246e-02   6.4355619e-01   3.7883904e-01   5.7687623e-01   1.7929385e-01  -1.6286807e-01   4.8901163e-01   1.1544174e-01  -3.2021262e-01  -1.7053107e-01  -1.7622440e-01  -5.3045613e-01   4.6268937e-01  -4.2401150e-03   9.3295218e-02   1.9428076e-01   1.7662682e-01
  -7.5921447e-02   4.7941878e-01   4.5982520e-01   3.7450735e-02   2.5915776e-01   1.6806217e-01   5.6062365e-01   1.6364710e-02   2.1523586e-01   4.9844400e-01   1.2467992e-01   0.0000000e+00  -2.0337729e-01  -3.3162519e-01   4.4376249e-01   1.2927451e-01   3.4494865e-01   2.3427802e-01   6.5520821e-02  -4.3513846e-03  -1.2831001e-01  -1.0728035e-01   2.4021146e-01  -1.3354293e-02  -1.6034060e-02   5.7624955e-02   4.8657533e-02  -5.7883986e-02   6.2438539e-02   1.8653394e-01   1.3214197e-01   2.5723689e-02   3.3469409e-01   6.3675683e-01   3.5452320e-01   1.6517045e-01  -7.6090045e-02  -2.5586535e-02  -1.2837761e-01   3.3665052e-01   1.2923018e-01   3.8288258e-01   4.4335550e-01  -9.4221053e-02   3.6453833e-01   1.0423518e-01  -3.5111707e-02   4.0397674e-01  -2.5546843e-01   4.0204955e-01   1.8603217e-01  -4.1181296e-02   2.6765595e-02   2.3805740e-01   5.3793446e-02   2.7972112e-02  -1.2490435e-02   5.9606155e-02   9.4895750e-02   3.5628769e-01   2.3806879e-01   3.7107298e-01   2.8548911e-01   1.2914378e-01   2.8607798e-01   1.7961365e-01   1.1828354e-01  -2.3485593e-03  -9.8186830e-02   3.1054531e-01   4.7793357e-01  -8.4502130e-02  -6.0809352e-02   5.7413098e-01   2.4211497e-01  -3.7183431e-02   1.8706948e-01   8.6638709e-02   2.2537936e-01  -9.6336545e-02  -1.6147262e-01   1.8830643e-01   1.9430125e-01   6.5731093e-02   2.9488724e-01   2.3528767e-01   2.4312416e-01   2.0061842e-01   4.7933910e-01  -1.2415316e-01   1.5807839e-01   3.8056730e-01   3.2536198e-01   2.9778394e-01   1.0735023e-01   4.1916860e-01   2.0089686e-01  -1.7679387e-02   1.0166180e-01   2.6314237e-01   1.3985656e-01   2.0271648e-01  -4.8717755e-02   4.6431877e-01  -1.9442113e-01   2.5089834e-02   1.4312106e-01  -4.3026881e-02   3.1460938e-01  -2.3314286e-01   5.2840014e-01  -9.0380556e-02   1.6741963e-01  -6.8257811e-02   7.3526985e-02   1.7567926e-01  -2.6171018e-01   2.6369260e-01  -1.1052229e-01   4.1630190e-02   1.0357202e-01   4.0529243e-01   3.6417052e-01   3.3402789e-01  -4.7994694e-03   2.8021761e-01   2.9016551e-01  -4.0863087e-02   1.7710371e-02   1.2672197e-01  -3.1646902e-01   3.9429539e-01   5.6200407e-02   1.2151495e-01   2.9194636e-01  -8.8319565e-02   1.5778607e-01  -1.0794432e-01   1.7232586e-01  -9.6387954e-03  -6.1617662e-02  -2.0737494e-01  -2.6629749e-01   2.4710001e-01   3.9811744e-01  -1.1458447e-01   6.2956124e-01  -2.1531002e-01   6.9204831e-02   8.9745867e-02   1.4841481e-01  -2.7363010e-01   2.1063609e-01   1.9268276e-01   4.6168384e-01   1.5246745e-02   1.7470927e-02   2.2639895e-01   2.6246246e-01  -1.6585258e-01   9.6532532e-02  -1.1079060e-01   2.2625547e-01  -1.1075841e-01   2.8920226e-02   4.9432873e-01   3.2140785e-01   3.7058679e-01   1.8468655e-02   1.6890925e-02   1.3513627e-01  -3.9764370e-02   2.3121968e-01   1.9401959e-01   2.8301589e-01  -6.7965238e-02   1.2787559e-02
  -1.1739803e-02  -3.4990921e-01  -1.1614956e-01   3.7483667e-01  -7.5067619e-02   5.1821784e-02  -3.2528440e-02  -8.4742140e-02   1.5746650e-01  -2.4279458e-01   2.4816929e-01  -2.0337729e-01   0.0000000e+00  -1.5847872e-02  -2.5557873e-02   3.7060546e-01  -6.4446736e-02   3.7958145e-01  -1.3048780e-01  -8.4468784e-02   1.2842093e-01   3.3862162e-01  -2.4162534e-02  -2.2360639e-02   2.2755824e-01  -6.5142123e-02   2.9751409e-01  -1.8018935e-02   2.1258328e-01   1.6436376e-01   7.0017434e-02   2.1272414e-01   3.8354876e-01  -4.1144008e-01   1.2796637e-01   7.9695198e-02  -5.2234711e-02   1.6921560e-01   3.3298496e-01   3.1944876e-02   6.6369415e-01   4.4766612e-01  -5.8251792e-02   1.4154884e-01   1.8254965e-01  -2.5570574e-02   2.6004011e-01  -1.8058007e-01   2.1036992e-01   3.7013233e-03   4.4342728e-01   5.6687158e-03  -4.4774490e-01   2.0180310e-01  -7.9862534e-02   1.1760152e-01  -1.1002811e-01   3.4815635e-01   3.6081763e-01   2.3179048e-01   4.1177385e-02   3.7154789e-01  -1.1725675e-01  -2.0138177e-01   2.1602563e-01   8.4237205e-02   1.4332684e-01   1.2720073e-01   3.3898636e-01  -7.6920869e-02  -3.2672068e-01   4.7051253e-01   4.0893028e-01  -1.2421492e-02   2.3427020e-01   7.7308741e-02   1.4848522e-01   3.6714934e-02  -2.7898369e-01   4.1478303e-01  -6.1579718e-02   3.2138402e-01  -2.1391414e-02  -1.7618458e-01   4.6367768e-02   1.5041780e-01   9.7525751e-02   1.0194551e-01   6.6719296e-02  -8.0587243e-02  -2.4618665e-01   3.4633018e-02  -4.7396410e-01   2.2170478e-01   1.8915198e-01  -6.6361622e-02   3.9064769e-01  -3.3808780e-02   3.8993626e-01   9.3676788e-02  -3.8078188e-02   1.3560369e-01   8.3326162e-02   1.0274755e-01   3.8872002e-01   2.5508839e-01   8.2233945e-02   1.7062342e-01   5.4526877e-02  -1.9949877e-01  -3.2611878e-01   3.5007867e-01   2.3140746e-01  -4.1806664e-03  -3.2853224e-02  -4.1770205e-01  -1.8687604e-01   5.3096498e-01  -1.5008250e-01   3.3784917e-01   1.2526445e-02  -3.5188920e-01  -3.2774305e-02  -9.1421514e-02  -6.1326813e-02  -5.7501668e-02   2.4467863e-01   1.7569997e-01   3.0590495e-01  -9.7347173e-02   3.8034220e-01  -9.5657919e-02  -1.3028554e-02  -1.2323892e-01   1.9756625e-01  -3.4938780e-02   3.8135140e-01  -1.8450989e-01   3.3397749e-02   1.5717069e-01   3.0733593e-02   3.9120556e-01   3.0517414e-01   4.9009582e-04   5.9391033e-02   2.7637936e-01  -1.4008289e-01  -2.4266083e-01   1.7246614e-02   2.5646936e-01  -2.4119658e-02  -2.0277701e-01  -1.2371810e-01  -8.1133246e-02  -2.7708021e-01   1.1873950e-02   1.5008525e-01   4.4729145e-01   5.4561845e-02   3.2654045e-02   9.0541800e-02   2.6463678e-01   1.8847733e-02   4.5654305e-01   2.2825016e-01  -4.6598602e-01  -1.2182982e-01   2.1538256e-01  -8.4210558e-02  -5.4245550e-01  -2.1609941e-01   1.7953207e-01   3.2673308e-01   7.5522099e-02   2.6831596e-01   2.2377126e-01   4.0228279e-01
   6.1306021e-01  -1.7670172e-01  -1.5785136e-01  -8.4856616e-02  -4.2212153e-01  -8.5075882e-03  -1.1061961e-02   8.5664027e-02  -9.1972867e-02  -1.5459944e-01  -1.3344893e-01  -3.3162519e-01  -1.5847872e-02   0.0000000e+00  -5.8834999e-02  -2.5637949e-01  -1.9892000e-01  -1.9031557e-01   2.4586762e-01  -2.2978450e-01   2.3425844e-01   2.1274883e-01   1.2231678e-01   6.3744468e-01   1.2494881e-01  -1.0149454e-03  -1.2345857e-01   2.3009990e-01   3.1542176e-01  -1.4189073e-02   2.0960272e-01   2.4028282e-02  -1.2240240e-01  -3.0599179e-01  -9.9154478e-04  -3.4805316e-01   9.1292518e-02   3.3737136e-01  -2.0632316e-01  -2.6410268e-01  -3.1951567e-01  -2.2901564e-01  -8.7959626e-02   2.7076807e-01  -2.4179806e-01   2.5652045e-01  -1.4311497e-01  -2.1887599e-01  -1.7270375e-02  -8.6378959e-02  -1.3082787e-01   1.9567294e-01  -1.9722674e-01   8.0687753e-02   5.1834627e-01   3.2370459e-01   2.9657199e-01   3.5821207e-02  -2.2195564e-01  -6.3351994e-02   6.5451797e-02  -2.4339852e-02   2.2800532e-02  -1.6295614e-01  -2.1485742e-01  -1.2731904e-01  -8.2171550e-02  -3.4472775e-02   8.7925386e-02   5.3824315e-02  -3.5937271e-01  -9.6422045e-02  -4.1903087e-01   3.1852195e-01   9.7134366e-02   1.6349503e-01   2.0205740e-01   7.5742602e-02  -2.3915199e-01  -3.6978927e-01   4.5471074e-01  -3.6304733e-01  -1.6105911e-01  -2.5265925e-02   3.9202976e-01  -3.8131185e-02   2.3503588e-01   5.3598380e-01  -2.6714714e-02   6.5862774e-01  -3.8316895e-01   6.9555076e-02  -2.1402242e-01  -1.8946391e-01   1.8523356e-01  -4.1281032e-01   3.0371338e-02   1.4672915e-01  -1.3588404e-01  -1.1407658e-01   1.4703420e-01  -8.4643370e-02   4.6542036e-01   5.4999196e-02   9.7266776e-02  -3.4870365e-02   1.8714219e-01   1.4452395e-02   6.5622192e-02  -2.8377576e-02  -2.3138944e-01   1.6261200e-01  -5.4471966e-02   4.6833426e-01   5.5710855e-01  -2.3872966e-01   2.0144262e-01  -3.3476248e-01   4.5588260e-01  -2.0024941e-01   4.8075126e-01  -4.1062088e-01  -1.4962737e-01  -2.7105995e-01   4.6730005e-01   1.6632498e-01  -2.2670603e-01   9.3950578e-02   3.7168622e-02   1.3449534e-02  -2.3240548e-01  -2.4949050e-01   4.3393835e-01  -1.0220908e-01  -9.7607567e-02   1.9866943e-01  -2.9820893e-01   2.1315572e-01   1.9994023e-01   3.1357785e-01   4.8212306e-01   2.0971325e-01   4.8943085e-02   1.5367478e-01  -4.4535662e-02   1.6169129e-01  -1.5212969e-01  -2.1574320e-01  -4.5601989e-02   3.0890034e-02   5.4024670e-01   5.2957356e-01   3.3256334e-01  -3.1851089e-01  -2.8751067e-01   6.3618102e-01   3.4340591e-01  -2.2694908e-01   1.4396031e-01   4.0851240e-01   1.7673301e-01  -5.5339795e-02  -1.5803107e-01   6.0918337e-02  -4.2321355e-02  -2.8655675e-01  -4.1160778e-01   7.2039883e-02   5.1379263e-01  -1.7262732e-01  -1.9151695e-01   2.6579207e-01  -1.5006454e-01   3.3666686e-01   1.6190488e-01  -2.6075142e-01  -8.0394697e-03
