   0.0000000e+00  -3.2068697e-02  -2.9496629e-01   1.3172991e-01  -7.9467635e-02  -3.6902429e-01   3.2840156e-02   2.6305230e-01   8.2399318e-02  -1.0256660e-01   9.9775110e-02  -1.7833045e-02   5.9683743e-02   3.8261801e-02   2.5762048e-01  -2.2952260e-01  -1.1901153e-01   2.8468611e-01  -2.1068634e-01  -1.4051410e-02   1.5842235e-01   2.1075280e-01  -3.8990467e-02   5.6869681e-01   4.2712123e-01   2.6542781e-02  -3.3846254e-01  -2.6064290e-02   2.1515905e-01   1.1589824e-01   2.7704515e-01   2.1271065e-02   1.2759540e-01  -1.8114285e-02   2.9555385e-01  -2.4046510e-01   1.5795563e-02   1.4477198e-01  -7.4838351e-02  -3.1923374e-01  -5.4002874e-02  -3.2842753e-01  -1.0730195e-01   2.7893473e-01  -8.2926568e-02   4.0898075e-01  -1.7708288e-01   7.4131137e-03   5.7630061e-02  -4.1146453e-01  -3.3962505e-02   1.4993039e-01   8.7070707e-03  -1.2141344e-01   8.6044687e-02   4.5423215e-02  -2.8134766e-01   1.3264744e-01   3.0065481e-01   2.7529455e-01   1.1347416e-01   8.2747339e-02   7.7343250e-02  -2.1844852e-02   3.3574477e-01  -1.4858495e-01  -3.0605610e-01   3.8535545e-01  -1.3510918e-01  -3.5860543e-01  -1.0510417e-01  -2.9669074e-01  -9.9558775e-03   4.0206377e-01  -5.7115019e-02  -2.6921077e-02   2.8219468e-01   3.4818812e-01  -4.7935868e-02  -5.7675244e-02  -1.0165173e-01  -5.6748470e-02   1.2880458e-01   1.0866711e-01   1.7956200e-01  -1.6269890e-02  -8.3052678e-02   7.1417456e-02   3.3072762e-01   6.2505267e-01   1.6738721e-01  -3.1947762e-01  -1.5907765e-01   1.1710095e-01   5.6049036e-02  -9.5716026e-03  -1.5110449e-01  -1.2214485e-01   6.4554001e-02   3.2684015e-01   4.0992984e-02   3.9008120e-01   7.2877412e-02   2.1418232e-01   4.5240381e-02   1.9070376e-01  -6.8782351e-02  -3.2639382e-01  -1.7718560e-01   4.3676130e-02  -2.1996276e-01   1.6294205e-01   2.0302746e-01   7.1689724e-01  -3.3820867e-02   4.4218773e-02  -5.1453011e-02   3.0318051e-02  -2.6201116e-01  -1.1304703e-01   2.8393452e-01   7.0516704e-02  -2.3630361e-01   3.4552675e-01   5.2081413e-01   1.5832169e-01   3.3537817e-01   3.3785259e-02   2.6066650e-02  -3.0274949e-01  -1.8012410e-01  -8.1578785e-02   2.8459910e-01   1.2277377e-01   2.3266447e-01  -9.3361044e-02  -2.9427969e-02  -3.8675924e-02   9.4852605e-03   1.4853795e-01   7.3409050e-01  -2.1072009e-02  -2.8876092e-01  -5.1531776e-01   2.7657010e-01   1.3228753e-01  -2.6612188e-01   1.6795968e-01  -4.5902501e-02   2.9066902e-01   3.0333039e-01  -2.7664740e-02  -3.5588334e-01   5.8824107e-02  -2.8229835e-01   4.5556930e-01   5.3102804e-01   1.3745338e-01   1.2049065e-02   8.0718723e-02   2.1293556e-02  -2.0207002e-01   6.3262409e-02  -8.8238945e-03   1.0633119e-01   3.6203593e-01  -4.9696006e-02   3.6747664e-01   2.0082716e-01  -1.3152798e-01  -5.8358353e-02   9.0862288e-02   3.0743978e-01  -1.6098342e-01   1.4866311e-01   2.2782638e-01   2.4257152e-01
  -3.2068697e-02   0.0000000e+00   2.0309492e-01  -1.3697112e-01   4.4302825e-02  -5.7076266e-02   5.6914491e-01  -1.8111285e-01   5.0519232e-01   1.3007920e-02  -3.4151077e-01   6.3235666e-01   2.0564411e-01  -2.5785270e-01  -1.6581842e-01  -3.2003713e-01   2.2807646e-01  -2.6385321e-01  -2.3228000e-01   1.4632466e-02  -1.4490767e-01  -5.6920558e-01   1.6793504e-01  -9.6218255e-02   8.0379727e-02  -2.7935775e-01   2.3403044e-01   1.9235091e-01  -9.1860157e-02   2.1060596e-01   2.6374477e-01  -2.3593435e-01   1.0680307e-01   5.7388397e-01   1.3232769e-01  -5.4530037e-02   1.2605820e-01  -1.7996252e-01  -3.6804681e-01   4.3280218e-01   2.3508235e-01  -1.1662261e-02   3.6305531e-01  -2.3499168e-01   1.1267906e-01  -1.6506218e-01  -4.0188167e-01   7.6628847e-01   4.1588686e-01   3.1555808e-01  -2.6761463e-01  -9.5209424e-02   8.3943431e-01  -1.0822496e-02  -1.1906141e-01  -4.1627881e-01  -3.4262957e-01  -4.1642245e-01  -9.7899998e-02  -2.9458999e-01  -2.7072185e-01   1.7665663e-01   6.2615428e-01  -1.0737178e-02   4.2052333e-01  -2.2268870e-01  -1.1989431e-01   1.9753052e-02  -5.0753518e-01   2.4856524e-01   7.6438361e-01  -2.9560886e-01   8.8466908e-02   1.3928633e-02   1.2066943e-01  -3.1441304e-01  -3.3556650e-01   6.7260272e-02   5.4090269e-01   3.4585162e-01  -2.7942749e-01   3.6297753e-02   1.2522925e-01  -2.0430215e-01  -9.5520086e-02  -9.8377074e-02   2.7641180e-01  -1.1341117e-01   2.0901479e-02   1.0679915e-01   1.8733980e-01  -1.1516364e-01   3.7916142e-01  -1.0772254e-01  -5.4903090e-03  -3.6093010e-02  -1.5872757e-01  -4.0625180e-01   1.6958909e-01  -2.7195468e-01   3.0144956e-01   5.0178384e-02  -3.7039321e-01   1.7375161e-01  -3.7140970e-01  -1.7393080e-01   2.1710672e-01  -5.7154287e-02   5.1490198e-02  -1.7466892e-02   2.2671808e-01  -2.1422450e-01  -2.7044094e-01   1.7321925e-02  -2.4824282e-01   6.3596112e-01  -1.0244721e-01   2.2507656e-01   2.2511900e-01  -2.7243141e-01  -2.1621111e-01   1.5515942e-01   3.8460623e-01   3.9312658e-01  -9.5659957e-02  -2.7525940e-01   4.2113137e-01   1.5028444e-01  -3.1762673e-01   4.7355829e-01  -2.7819329e-01   2.2644137e-01  -2.3789308e-01   6.5618803e-01  -1.3195776e-01  -2.6378977e-01   2.5109725e-02   5.9962805e-01  -1.7047187e-01  -2.3877050e-01  -8.7271567e-02   1.5163251e-01  -3.1772795e-01   2.7373349e-01   2.7382970e-01  -1.6523283e-01   4.5868223e-01  -2.3482947e-01  -2.4187193e-01   4.0297639e-01  -1.7892285e-01  -3.6314258e-02  -1.4188885e-01  -7.2564919e-02   6.5064731e-01  -2.6823639e-02  -3.5898102e-01   4.7240062e-02   4.8667008e-02  -3.3120537e-02   8.2987198e-02  -4.7548372e-01   9.4851277e-02  -2.3447926e-01  -1.9073241e-01   5.0246352e-01  -4.4955910e-01   2.2926615e-01  -2.0540968e-01   5.3599418e-01   6.4776922e-01   5.3518772e-02  -2.2112547e-01  -5.9378435e-02   2.7616055e-02   2.8299314e-02  -2.5699302e-01
  -2.9496629e-01   2.0309492e-01   0.0000000e+00  -1.8310196e-01   1.3253007e-01   4.9310946e-01  -1.7579091e-03  -2.5846926e-01   5.2205454e-02   1.5237609e-01  -3.9288402e-02   3.6558749e-02   1.8169843e-01  -3.5336524e-01  -3.4693564e-01  -3.8468665e-03   7.2028867e-01  -2.0076015e-01   9.2713233e-02   1.8446793e-01  -1.6544915e-01  -3.2350348e-01   9.5820415e-02  -3.9814680e-01  -6.5037241e-02  -1.0530600e-01   5.1561452e-01   8.0016038e-02  -1.5339343e-01  -2.9078844e-01  -2.3473151e-01   6.8832074e-02   2.6468162e-01   1.9943980e-02  -2.3982894e-01   3.8340087e-01  -7.1967372e-02   1.9138723e-01   2.0511299e-01   5.7229969e-01   1.4598198e-01   3.1998018e-01   8.7875439e-02  -3.7021829e-01   2.2741097e-01   1.7914073e-02   1.7766650e-01   6.8080562e-02   5.1197718e-02   7.2222782e-01   1.8027845e-01   1.9950357e-02   1.8923684e-01   3.3862460e-01  -2.5659231e-01  -2.5705222e-01   9.3534462e-02  -3.4567610e-01  -7.2943917e-02  -3.1807220e-01   2.8725141e-01   2.8559488e-01   2.4890130e-01  -2.5714430e-01  -1.2326033e-01   8.4200630e-02   3.7414657e-01   1.0566632e-02   1.3004306e-01   5.0879694e-01   3.4103673e-01   2.2991544e-01   2.4072656e-01  -1.2335592e-01  -1.2605054e-02  -3.2585922e-01   1.3845708e-01  -9.7792881e-02   1.5518406e-01   4.2985720e-01  -1.1429744e-01   3.6295716e-01  -2.1535861e-01  -2.9508868e-01  -6.6657793e-02  -2.1209966e-01  -8.4086845e-02  -3.2306359e-01  -2.0483689e-02  -4.4761863e-03   1.6454529e-01   6.0595430e-01   4.0404515e-01  -1.1520697e-01   1.0971559e-01   1.5405217e-01   1.4920129e-01   1.3090445e-02  -1.6814755e-01  -1.1845634e-01   1.1873954e-01  -2.3912030e-01  -4.7019487e-01  -2.4610267e-01  -2.5757675e-01  -1.4120027e-01   4.0202694e-01   4.3605271e-01   2.6786335e-01   1.2158696e-02  -7.1652472e-02  -2.9252982e-01  -1.4835821e-01  -1.0380899e-01  -2.0110175e-01   2.9145868e-01   1.3432277e-01   2.6555817e-01   2.3700837e-01   2.5057455e-01   9.2464023e-02   2.1635954e-01   5.6513294e-01  -1.9057574e-01   2.0295764e-01  -1.9415374e-01  -2.3632427e-01   2.4386775e-01  -7.6065622e-02   4.9984794e-01   8.9776448e-03   2.6234600e-01  -3.6445981e-01   5.6069657e-02  -1.9703199e-01  -2.8846300e-01   1.1789664e-01   1.6948308e-01  -6.2042698e-02  -1.7959497e-01  -4.2002150e-01   2.9301266e-01   8.5311115e-03   3.5823997e-01  -1.8281271e-01  -3.6684893e-01   3.8067989e-01  -2.1536395e-01   2.2073820e-02  -1.1486509e-01  -3.4369034e-02  -3.4340932e-01   3.0471031e-01   1.9806666e-01   6.0586140e-01   6.4523752e-02   1.1071520e-01   2.2786339e-01   4.3020050e-01  -1.1889471e-01  -2.1576964e-01  -4.7957563e-02   5.8170156e-03  -2.7663008e-01  -1.5466179e-01   3.6185249e-02   6.9255359e-03  -1.4470483e-01   8.0701612e-02   1.6226328e-01   2.9356933e-01   4.5707552e-02  -3.0899782e-01   3.8097602e-01  -7.0529883e-02   1.2522005e-01  -1.0353495e-01
   1.3172991e-01  -1.3697112e-01  -1.8310196e-01   0.0000000e+00  -1.7904550e-01   1.8131440e-02   1.7634318e-02   3.2342223e-01  -5.6809726e-02  -2.0943370e-01   2.8617438e-01  -5.1815737e-02  -4.0926063e-02  -6.5498516e-02   1.4217112e-01   4.9511713e-01  -1.4905819e-01   6.4911708e-01   1.9736790e-01  -1.9543341e-01   2.1827729e-01   4.9274902e-01   4.2906817e-02  -3.8110088e-02   1.9184175e-01   1.0004229e-01  -2.0454916e-01  -7.6001811e-02  -1.8532463e-02   3.7211847e-01  -8.8050705e-03   1.7412741e-01  -1.9391242e-01  -2.3092714e-01   1.8038287e-01  -3.9166783e-01   3.3481684e-02  -2.2622215e-01   2.5296422e-01  -1.5804330e-01  -1.7417720e-02  -5.9197307e-02   3.9314699e-02   1.8560587e-01  -4.2717287e-01  -4.1986235e-03  -1.1965936e-01  -5.1424540e-02  -1.1344220e-02  -2.4076047e-01  -3.8375630e-02   1.0905975e-01  -1.1942111e-01  -2.7580084e-01  -7.0007244e-02   3.2309628e-01   9.7138881e-02   3.8092809e-01   4.2402345e-01   3.6265758e-01   9.1897251e-02  -2.0993960e-01   1.5289494e-01   1.4482684e-01   3.4093426e-01  -5.4592037e-03  -9.1768484e-02   2.7052565e-01   7.1333805e-02  -9.9554729e-03  -2.5324210e-02  -2.9381108e-01   3.9024994e-02  -3.2460802e-02   1.7946030e-01   9.0847020e-02   2.1340352e-01  -4.6310560e-02  -1.5635584e-01  -5.2682804e-01   2.8598221e-03   9.7938045e-02  -1.0297852e-01   2.5033412e-01   4.5658137e-03   1.3908508e-01  -4.3338227e-01  -1.7247739e-01   1.9386188e-01  -5.9128332e-02  -2.6240201e-01  -3.9720630e-03  -4.1738971e-01   3.5640028e-01   2.0085994e-01  -1.8139075e-01   2.0544247e-01   1.7276172e-01   2.2141371e-01   2.0680479e-01  -9.2107038e-02   6.6350829e-02   1.2533721e-02   3.9822646e-01   3.8765313e-01   8.0957896e-01  -1.3874473e-02  -1.9398570e-02  -2.0706055e-01  -3.8725811e-02  -2.0425461e-01   1.7573721e-01   6.8753795e-01   1.5524075e-02  -1.2023576e-02  -3.7509794e-01   4.1254276e-01   6.2698428e-02  -2.9203423e-01   1.4078618e-01   1.1199508e-01  -1.5279238e-01  -3.6495828e-01   3.6698971e-01  -2.9052537e-01   1.1665435e-01   1.8725896e-01  -2.7380416e-01   5.2424539e-01  -1.4782175e-01   2.7259573e-01  -5.0732065e-01   3.5219625e-01  -1.0040876e-01   3.8934453e-01   1.0005797e-01   8.5790933e-02   4.1563746e-02   1.7450876e-01  -9.4286757e-03   4.9741620e-02  -3.5596063e-01   6.6145641e-02  -1.9107623e-01   1.9857784e-02   2.2479603e-01  -2.4880260e-01   1.3500334e-01  -2.0352956e-01   4.8310535e-02  -1.7773682e-01   7.2887914e-02   1.5934415e-01  -4.7932807e-01  -2.4737944e-01  -1.1191318e-01   1.1902716e-01   3.4443208e-01  -1.1317943e-01   7.3941981e-02   3.0449424e-01   1.5943815e-02  -8.2554340e-02   7.4884249e-01   5.5844821e-01  -2.8089656e-03   9.9574590e-02  -3.8918894e-02  -5.6636308e-02  -9.2975189e-02  -1.6481510e-01   5.0133529e-02   6.0187327e-01  -7.3752911e-03   2.2145938e-01  -4.2577877e-01   6.9141500e-01
  -7.9467635e-02   4.4302825e-02   1.3253007e-01  -1.7904550e-01   0.0000000e+00   1.6838144e-01  -7.4596851e-02  -7.9130959e-02  -2.8424388e-01   7.3574584e-01  -3.9433422e-01  -7.5820626e-02   5.3521349e-01  -3.5033640e-01  -4.2405444e-01  -3.7954534e-02   1.1305885e-01   2.4205342e-02  -2.2602337e-01   9.4318211e-01  -2.1101402e-01  -2.0984002e-01  -1.6946950e-01  -3.5240033e-01   1.5650130e-01  -5.6078297e-01  -2.3610958e-02  -1.6072765e-01   3.3102954e-02  -2.2292947e-02  -4.0640947e-01  -4.8688053e-01  -4.0702259e-01   5.1481407e-02  -1.2306257e-01  -1.4391631e-01   7.8345844e-01   5.3011767e-02  -2.8684835e-01   1.8680898e-01   4.8711742e-01  -4.1290970e-01  -1.0574745e-01  -2.6637826e-01  -2.6830217e-02  -2.8348943e-02  -4.0361973e-01   3.7162131e-02   6.8135463e-01   4.4116642e-02  -2.6588726e-01  -2.7087164e-02  -1.9009317e-02  -3.5229063e-01  -3.1898531e-01  -4.3933716e-01  -5.5047393e-03  -4.6302565e-01  -2.7268943e-01  -2.8322491e-01  -5.7778351e-02   6.7270203e-01  -3.6270498e-01   3.1034714e-02   1.1670846e-01   5.7525724e-02   3.3536302e-02   1.9797544e-01  -2.8714705e-01   4.9763370e-02  -1.5014532e-02  -2.0179177e-01   4.5712526e-02  -3.0621201e-01  -4.6315042e-01  -4.6376086e-01   1.3588683e-02   8.9040078e-02  -2.0598936e-01   1.0412074e-01  -4.6324246e-01  -3.1523275e-01  -2.5896267e-01  -1.8189147e-01  -1.8284062e-01  -4.9234314e-01  -1.0060647e-02  -1.9945267e-01  -1.1081025e-01  -1.6615273e-02   7.6324056e-01   4.3384205e-02   7.9120579e-02  -2.6766342e-01   1.9522740e-01   9.3807119e-01   1.8474888e-01  -1.7823817e-01   2.7649038e-01   2.1386678e-01  -2.7743307e-01  -3.0402377e-01  -5.2232853e-02  -1.8625480e-01  -5.3693655e-01  -1.1508179e-01  -3.2036878e-01  -2.3798859e-01   7.1364819e-01   9.0220990e-02  -2.3906652e-01  -3.1345418e-01  -7.0816668e-02  -5.0620979e-02  -3.8168144e-01  -1.2703635e-01  -4.0939357e-01   5.0417071e-01  -9.1605569e-02  -3.8948634e-01  -4.5986035e-01   9.0367530e-01   1.1371255e-01  -3.5736279e-02   3.1269380e-02  -3.6214227e-01   3.6753131e-02  -5.1295565e-01  -3.2938158e-01   9.8387084e-02  -1.1148520e-01  -1.5985993e-01  -2.3261545e-01  -2.0453334e-01  -1.2787284e-01  -3.5581682e-01  -4.2869343e-01  -2.8652327e-02  -5.7455507e-01  -7.9261436e-02  -1.1890989e-01   4.2398577e-01  -3.1874183e-01  -5.6417008e-02  -2.2815627e-01  -2.7948708e-01  -1.9460395e-02  -3.1792148e-01   1.9867044e-02   2.6513332e-01  -7.1266208e-02  -1.5141708e-01  -1.7800837e-01  -3.6786234e-01   2.8288257e-01  -3.7855961e-02  -2.1893852e-01  -2.0230514e-01  -1.9290880e-01  -1.8814172e-01   1.9094268e-01  -2.4114206e-01   8.2521547e-01  -9.1891413e-02  -2.9855040e-01  -9.0529532e-02  -4.6340431e-01  -2.5942671e-01  -3.0352870e-01  -1.1596139e-01  -1.8143775e-01  -1.1182221e-01  -1.3223048e-02   1.1262475e-01   1.1565695e-01  -2.4539176e-01  -2.6549326e-01
  -3.6902429e-01  -5.7076266e-02   4.9310946e-01   1.8131440e-02   1.6838144e-01   0.0000000e+00   1.3189850e-01  -1.4727534e-01  -2.8284830e-01   2.3748671e-01   1.8342335e-02   9.8385508e-02  -1.8570799e-01  -1.0002860e-01  -1.4745627e-01   2.8041475e-01   4.9702798e-01   2.0457264e-02   4.5385213e-01   1.7079351e-01  -1.2895554e-01   3.1865786e-02   1.9464748e-01  -2.2168747e-01   7.2088421e-02  -1.5484140e-01   3.7877109e-01   1.2591081e-01  -1.4149145e-01  -1.0999149e-01  -5.0538425e-01  -5.2029360e-02   1.3038490e-01   8.0239403e-02   1.0973427e-03   4.3967738e-02   4.6768434e-02  -3.0546927e-01   1.4620478e-01   4.2879519e-01  -1.5362095e-01   1.5603465e-01   1.4832961e-01  -1.4377779e-01  -1.7017302e-01  -1.8114877e-01   9.1421308e-02  -7.3350281e-02  -6.1889806e-02   2.8053946e-01   3.3887392e-02   1.2669624e-01  -1.1567856e-01   1.3187628e-01  -1.2600450e-01  -7.8679424e-02   5.4041174e-01  -1.6453119e-01   1.1569323e-01   3.0022344e-02   1.7637918e-01   7.9622531e-02  -5.0207462e-02  -3.1269329e-01  -3.7307539e-01   1.2988789e-01   7.1882398e-01   1.9450687e-01   3.3502410e-01   4.4006085e-01  -3.3035723e-02  -2.7083475e-02   6.6533387e-02  -6.7596031e-02   1.4269432e-01  -2.8405059e-01  -3.3329382e-02   4.9050831e-03  -3.6030418e-02   1.1326885e-01   7.2878738e-02   2.4996790e-01  -1.4749884e-01  -1.2031404e-01   4.4160168e-02  -2.9584238e-01  -2.5503265e-01   8.3125774e-02   2.1406254e-01  -3.4852907e-01   1.0104838e-01   3.3142825e-01   2.6785935e-01   2.9655734e-02  -2.3609613e-01   2.4884033e-01   1.4166728e-01   4.8528188e-01  -1.1741852e-01   6.8052997e-02   6.9054258e-02  -3.3770680e-01  -9.6875948e-02  -1.8967607e-01  -2.8186455e-02   1.3111347e-01   2.2856828e-01   3.7232386e-01   2.0397504e-01   2.3689928e-01   1.2125735e-01   9.3413026e-02   1.9550367e-01  -3.6526155e-01   1.7332107e-01  -2.2035453e-01   2.0221449e-01   1.3584633e-02   2.5056222e-01   2.9708042e-01  -1.1679032e-01   1.9754576e-01   3.8894243e-01  -3.8976818e-01  -1.6392662e-01   1.8625903e-01  -1.2667185e-01  -1.8621996e-01   3.1584439e-02   3.4403161e-01  -1.3061104e-01  -9.4354689e-02  -8.6799248e-02  -3.3356638e-01   1.2360114e-01  -3.0013261e-01   2.4677533e-02   9.1125193e-02  -2.0435547e-01  -3.6624366e-01  -3.7909776e-01  -2.0671006e-01   2.8111970e-01   3.8427982e-01  -1.9572294e-01  -2.5496097e-01   4.6409124e-01  -3.1793339e-01   2.0699678e-01  -2.0699504e-01  -5.0591997e-02  -1.4815006e-01   2.6129133e-01  -1.2571239e-01   2.7099358e-01  -3.5606972e-01  -1.6829296e-01   1.6368071e-01   1.5792511e-01   1.2640557e-01  -1.0240872e-01   1.7183918e-01   1.9461702e-01  -5.9368848e-02  -5.3714323e-02  -1.9454341e-01   1.0499767e-01  -1.3111740e-01   2.3962631e-01   7.8934697e-02   4.5508461e-02  -3.4851958e-01   1.0008375e-01   6.5733868e-01   1.2885736e-01   1.1014007e-01   1.5332757e-01
   3.2840156e-02   5.6914491e-01  -1.7579091e-03   1.7634318e-02  -7.4596851e-02   1.3189850e-01   0.0000000e+00  -1.7741434e-01   3.7838597e-01   5.6432586e-02  -2.8503153e-01   7.0995274e-01  -3.8021051e-02  -1.9830163e-01   9.4835217e-02  -1.2060982e-01   9.1874335e-02  -9.4284280e-02  -2.2027003e-01  -9.9018002e-02  -1.3500993e-01  -2.6095179e-01   5.3910562e-01   3.9372412e-02   6.6059582e-02  -1.5562123e-01   2.8110778e-01   3.3091224e-01   1.2116273e-01   3.5086262e-01   1.9609572e-01  -1.0013234e-01   3.0197233e-02   7.6025292e-01   3.8619928e-01  -1.2653445e-01   8.8727062e-02  -1.0237628e-01  -1.7444903e-01   3.4792413e-01  -1.1702255e-01   1.9216202e-02   1.2968917e-01  -2.0674106e-01  -4.9361457e-02  -1.2361293e-02  -3.5362745e-01   7.4689495e-01   1.5601765e-01   1.1818907e-01  -3.2256280e-01  -3.5011739e-02   5.7222102e-01  -1.8212621e-01  -9.0967150e-02  -2.3186598e-01  -3.1903165e-01  -2.6007360e-01  -2.1623782e-02   8.9030365e-02  -1.7149541e-01   3.2280896e-03   4.3376917e-01  -1.5805859e-01   3.1023630e-01   9.9967661e-02  -3.8000401e-02   8.6423558e-02  -3.3608542e-01   3.6089150e-01   4.9652479e-01  -3.2627479e-01  -4.5847520e-03   3.8409211e-02   1.5280391e-01  -2.0010250e-01  -1.9488392e-01   1.7911731e-01   5.9900865e-01  -2.4246937e-02   3.6003979e-02   1.7389295e-01   5.2550281e-02  -2.2027068e-01  -2.4563201e-02  -8.4668101e-02   2.1189382e-01  -1.0804160e-01   6.7647604e-02  -2.9822518e-02  -8.2531800e-03  -1.5639279e-01   3.3076592e-01   5.0364280e-02   1.0826045e-01  -7.3492959e-02  -1.5950615e-01  -1.8753067e-01  -5.1727406e-02   1.6673577e-01   2.8090587e-01   1.2321421e-01  -2.6826139e-01   2.0993024e-01  -9.6003867e-02   8.2412725e-03   8.0921712e-02  -4.0258706e-02  -5.3451489e-02  -4.6627002e-02   4.8300561e-01   1.5589507e-01  -1.2507421e-01   1.1609357e-01   6.0002843e-02   2.7899274e-01   2.1854573e-02   1.1959385e-01   1.6262040e-01  -1.1548139e-01  -2.0129600e-01  -7.2909084e-03   1.5836473e-01   2.8606014e-01  -4.3193408e-02  -1.4548859e-01   5.3650703e-01  -1.4842136e-01  -6.9466581e-02   4.8804271e-01  -2.8972697e-01   1.3955832e-01  -2.0068461e-01   4.0192530e-01   1.0960571e-01  -2.5960806e-01  -7.1094914e-02   5.5830551e-01  -1.5746192e-01  -1.8877572e-01   1.2807704e-01  -1.7140270e-01  -2.9469276e-01   2.9757634e-01   4.7017954e-01  -6.3326039e-02   6.2874977e-01  -1.5690651e-01  -3.7705624e-02   3.8371037e-01  -1.8792662e-01   3.4793129e-02  -1.1620739e-01  -1.4258253e-01   2.8186264e-01  -9.2300652e-02  -1.5776238e-01   5.2494933e-02   4.1876095e-02   1.9602851e-01   1.8721935e-01  -3.8678147e-01   1.0508515e-01  -5.5767870e-02   5.9511579e-02   4.5288481e-01  -2.2436975e-01   2.2157588e-01  -1.6324732e-01   4.2166560e-01   6.2245601e-01  -1.0272018e-02   8.6146536e-03  -7.1407181e-02   1.8816713e-01  -6.0585724e-03  -1.7792890e-02
   2.6305230e-01  -1.8111285e-01  -2.5846926e-01   3.2342223e-01  -7.9130959e-02  -1.4727534e-01  -1.7741434e-01   0.0000000e+00  -3.0167705e-01  -2.1481853e-02   2.1142978e-01  -1.3865817e-01  -9.4628493e-02   4.3131090e-01   9.4109460e-02  -1.8326710e-01  -1.7576476e-01   3.7955130e-01   4.7639145e-02   1.0880059e-02   3.7354018e-01   3.0808730e-01  -1.2495693e-01   2.7547385e-01   1.7825864e-01   2.9255966e-01  -3.2015102e-01   5.2450911e-02  -5.0124010e-02  -3.2059337e-02   2.1994864e-01  -3.0463991e-01  -4.3683560e-02  -2.2725334e-01  -1.5592133e-01  -4.2954336e-01   1.4205003e-01   6.9832425e-04  -9.1458335e-02  -2.2091233e-01  -1.7519054e-01  -1.9335989e-01  -2.6932652e-01   7.3090343e-01  -3.6306488e-01  -3.8402074e-02  -5.1588241e-02  -8.3349795e-02  -5.6915027e-03  -2.6834366e-01  -1.1937053e-01   3.8305124e-01  -2.1630389e-01  -1.5645234e-01   3.3223395e-01   2.3541876e-01   1.1863610e-01   1.8461823e-01   1.7648508e-01   1.6537343e-01   1.9374763e-02  -1.2314481e-01  -4.9196641e-02   2.2274235e-01   1.8260319e-01  -9.8793771e-02  -6.7442125e-02   3.4101539e-01   5.1114476e-03  -3.2914436e-01  -1.7822705e-01  -4.3270222e-01  -3.4571749e-01   8.4644402e-02   1.4669701e-01   1.1505925e-01   2.5264487e-01   5.4214076e-02  -3.4666292e-01  -3.0054896e-01   1.4492076e-01  -5.8570247e-02   3.2168725e-01   6.0338866e-01   6.6077777e-02  -3.5689651e-02  -2.9806108e-01   6.8127374e-02   2.5181226e-01   5.3377293e-02  -1.0235530e-01  -2.5350159e-01  -8.8916596e-02  -1.8378698e-01  -5.7622940e-02   1.9388504e-02  -2.4187354e-01   2.3209706e-02   3.0072232e-02   1.2798835e-02  -4.7334052e-02   4.7450125e-02   4.7849888e-01   5.3601125e-02   3.2540268e-02   4.0082958e-01   2.3861167e-03  -2.1771280e-01   5.1001032e-04   2.4023979e-01  -1.4888085e-01   7.8592908e-02   4.1178240e-01   1.3130230e-01   1.1030875e-01  -3.0869395e-01   1.5436588e-01  -1.8693418e-01   4.7611535e-02  -9.4715528e-02   1.2669854e-01  -1.9880234e-02  -2.2884565e-01   2.7339447e-01  -1.6413599e-02   2.9719076e-01   4.9218049e-02  -1.7409440e-01   2.4787328e-01  -3.2924379e-01  -1.4321962e-01  -3.3791732e-01   4.2846445e-01  -4.3086319e-02   1.9763553e-01   1.6181591e-01  -2.4203539e-02  -8.1976605e-03  -1.2954992e-03   1.6686978e-02   2.5304102e-01  -2.8825136e-01   2.1285308e-02  -1.3006722e-01   3.7185061e-02   2.8212564e-01  -2.0478039e-01   1.9996033e-01   9.9289739e-02   6.4439439e-02  -1.1280794e-01   6.0826245e-01  -1.8787458e-01  -2.2041021e-01  -2.4333237e-01   1.0662434e-01   1.0922827e-01  -1.9935786e-02  -1.0631948e-01   4.0430347e-01  -1.5395308e-01   5.5496020e-02   3.9692778e-02   3.1361040e-01  -4.3997391e-02   4.5605849e-02   3.1440348e-02   2.9729060e-01   1.3880174e-01  -4.8329934e-03  -1.5645217e-01  -1.5404851e-01   3.8200652e-01   5.0165216e-03   3.0320683e-01  -9.0725665e-02   2.8446882e-01
   8.2399318e-02   5.0519232e-01   5.2205454e-02  -5.6809726e-02  -2.8424388e-01  -2.8284830e-01   3.7838597e-01  -3.0167705e-01   0.0000000e+00  -1.5819455e-01  -1.4680211e-01   3.6051083e-01   1.4218756e-01  -1.8831436e-01  -9.2901357e-02  -9.4038924e-02  -3.4760082e-02  -1.3140410e-01  -1.1909210e-01  -3.2440482e-01  -2.4171032e-01  -4.8266931e-01   1.4758873e-01   6.5784842e-02  -7.4857561e-02   1.2446288e-01   1.4219815e-01   3.0130643e-01   3.1521357e-02   6.8232421e-02   2.6430746e-01   1.5602397e-01   1.3574665e-01   3.3495363e-01   2.1945194e-01   1.8603123e-01  -1.9906353e-01  -2.7850654e-02  -5.7914562e-02   7.8191102e-02   9.0752127e-02   1.7869646e-01   4.5188622e-01  -2.7330664e-01   2.3182729e-01  -2.9107565e-02  -1.2368125e-01   4.8435729e-01   7.3381356e-02   1.1967376e-01  -3.9857169e-02   6.7443659e-02   6.4681163e-01   2.0287928e-01   1.0316671e-02  -1.5295826e-01  -3.5262645e-01  -2.6031872e-01  -2.1548241e-03  -2.7443207e-01  -2.6407552e-01   1.2635958e-02   6.4100346e-01   6.0746567e-02   3.7821288e-01   1.0121048e-01  -3.0163163e-01  -1.7608774e-01  -3.3108536e-01   1.2947329e-01   5.0403455e-01  -2.2298506e-02   1.5454935e-01   6.8876979e-02   5.8684485e-02  -1.3437992e-01  -3.0015983e-01  -5.1508527e-02   5.1713597e-01   1.6273768e-01   2.5995130e-03   1.6001548e-01   8.4839051e-04  -2.7239680e-01  -2.5972545e-01   2.8326366e-02   5.4603687e-01  -2.5147929e-02  -1.8332844e-01   5.8410487e-02  -7.4339903e-02  -1.0534212e-01   1.0337096e-01   5.9031480e-02   6.9327228e-02  -3.7191009e-01  -1.2364410e-01  -3.2562610e-01   1.6391753e-01  -2.2961826e-01   1.3957276e-01   1.7937018e-01  -4.9940313e-01   2.8507043e-01  -1.7703218e-01  -2.2723022e-01   2.0299198e-01   7.8184671e-02  -2.6625218e-01  -2.8365015e-02   1.6751546e-01  -2.1933791e-01  -4.0087857e-01   7.5409311e-02  -9.2435826e-02   5.1089210e-01   1.4747954e-01   1.3687552e-01   6.1151771e-02  -6.1815848e-02   4.8227385e-02  -1.8239877e-01   1.6598724e-01   3.1985991e-01  -6.0658628e-02  -1.9872798e-01   1.8773561e-01   4.6090793e-01  -2.3479195e-01   2.2108219e-01  -5.1681856e-02   3.2016799e-01  -3.8933013e-01   5.8345168e-01  -2.6643750e-01  -1.7925864e-01   1.0150343e-01   3.2071868e-01  -3.4712881e-02  -4.3054061e-02   1.3523749e-01   1.0866182e-01  -2.9352963e-01   1.7826400e-01   2.5150226e-01  -2.9645904e-01   1.8609259e-01   1.6428466e-01  -1.3533102e-01   2.1863387e-01  -1.2827551e-01  -1.7276946e-01   4.5149084e-02   1.0883067e-01   2.9834823e-01   8.4394548e-02  -8.7092302e-02   1.9009406e-01   9.2472589e-03   4.6184537e-02   9.2495763e-02  -3.7491714e-01  -1.1980270e-01  -2.9124837e-01   3.3171419e-02   3.7126549e-01  -2.2087416e-01   2.5995881e-01  -1.2140777e-01   1.7642411e-01   3.6504610e-01   1.1739155e-01  -3.0932076e-01  -9.8089786e-02  -2.4025963e-01   2.7620535e-02  -2.1200262e-01
  -1.0256660e-01   1.3007920e-02   1.5237609e-01  -2.0943370e-01   7.3574584e-01   2.3748671e-01   5.6432586e-02  -2.1481853e-02  -1.5819455e-01   0.0000000e+00  -3.2202105e-01  -7.9415459e-02   4.9044805e-01  -1.3145010e-01  -3.3517825e-01  -1.1324178e-01   4.7148491e-02   1.1734464e-01  -7.0307516e-02   8.1275140e-01  -1.6939955e-01  -3.3588787e-01   8.4856470e-02  -1.9793784e-01   9.9275096e-02  -3.6177947e-01  -4.8991103e-02   7.3042280e-02  -6.7134967e-02  -1.8390952e-01  -3.0509546e-01  -4.9473595e-01  -3.6548574e-01   2.2661133e-01  -2.1042240e-01  -2.3011724e-01   5.6198759e-01   1.0298446e-01  -3.8665412e-01   1.3463932e-01   1.5202077e-01  -3.5622173e-01  -3.1488734e-01  -5.8645096e-02  -8.5215969e-02  -5.0386715e-02  -3.4014581e-01   1.7552319e-02   3.4074307e-01   3.1363753e-02  -1.7791541e-01   3.2547304e-02  -2.9133874e-02  -3.7024206e-01  -5.1751144e-02  -3.4017796e-01   1.0134612e-01  -4.9887808e-01  -2.2477203e-01  -3.5243985e-01  -9.6083245e-02   6.7325672e-01  -2.7759015e-01  -6.8203519e-02   1.5583049e-03   1.5462761e-01   3.9761181e-02   2.3574401e-01  -2.8623785e-01   1.4357677e-01  -4.7833543e-02  -2.9541082e-01  -2.1430038e-01  -1.8685989e-01  -5.4603246e-01  -2.7095205e-01   3.1555070e-02   6.2342782e-02  -2.7054772e-01   6.9685702e-02  -8.4394712e-02  -1.8058723e-01  -5.7808227e-02  -1.2139851e-01  -9.9622387e-02  -3.7943947e-01   4.3226558e-02  -1.1850124e-01   6.4926504e-04  -6.8624667e-02   5.3283782e-01   2.2174747e-02   2.0774057e-01  -5.6378590e-01   8.5246316e-02   8.1645473e-01   1.3041890e-01  -1.4149899e-01   8.6869152e-02   3.8172375e-01  -8.6566089e-02  -2.9449564e-01  -2.0593860e-02  -3.0247783e-01  -4.8389635e-01  -8.0816622e-02  -3.1114986e-01  -2.8352460e-01   7.8577381e-01   1.4631817e-01  -3.0850228e-02  -3.0100871e-01  -4.9952379e-02  -9.8589772e-02  -7.3374830e-02  -2.5274123e-01  -3.0861716e-01   3.7519666e-01   1.0867952e-01  -4.2336585e-01  -4.0542728e-01   7.4312060e-01   1.6210869e-01  -9.8208741e-02   4.4181128e-02  -1.8939821e-01  -1.3581497e-02  -4.4425092e-01  -4.0456387e-01   1.1156707e-01  -1.8023462e-01  -1.8924236e-01  -2.7065735e-01  -1.9273505e-01  -2.7589181e-01  -2.4341456e-01  -3.7797620e-01   2.7706922e-02  -4.7884247e-01  -5.6794535e-02  -8.6136884e-02   2.4859245e-01  -2.6633372e-01   1.8244984e-01  -1.0258287e-01  -2.5680338e-01   2.4495666e-01  -2.2654368e-01   1.9825491e-01   1.8920612e-01   1.7248672e-02  -3.7919599e-02  -2.7797101e-01  -3.1060117e-01   1.5898059e-01  -8.1935672e-02  -1.5756883e-01  -2.5460748e-01  -2.5712446e-01   6.4033452e-02  -1.0598985e-02  -1.8054212e-01   6.7067019e-01  -1.7782656e-01  -5.1601455e-01  -7.4949911e-02  -3.6970512e-01  -1.9879542e-01  -7.9939424e-02  -6.4959593e-02  -8.7712605e-02  -1.4491187e-01  -2.7152611e-02   1.5332105e-01   1.5459754e-01  -1.2458425e-01  -2.0005666e-01
   9.9775110e-02  -3.4151077e-01  -3.9288402e-02   2.8617438e-01  -3.9433422e-01   1.8342335e-02  -2.8503153e-01   2.1142978e-01  -1.4680211e-01  -3.2202105e-01   0.0000000e+00  -1.9974419e-01  -2.5664181e-01   7.9590746e-02   2.5930187e-01   4.2430018e-02   3.2026258e-02   5.0000804e-01   5.1289905e-01  -3.1156454e-01   2.5648826e-01   5.5465124e-01  -1.1487269e-01   1.6228890e-01   2.5720154e-01   4.7932825e-01  -1.3436656e-01  -1.7061734e-01   3.1749814e-02   7.1141298e-02  -8.4642185e-02   4.6451966e-01   2.0018422e-01  -5.2246639e-01   1.7687720e-02   4.4417797e-03  -2.9174726e-01  -1.9950962e-01   3.5981173e-01  -3.4289537e-01  -1.9473578e-01   1.9986171e-01  -5.6700877e-02   3.2139887e-01  -2.3445756e-01   2.7974130e-01   6.2972481e-01  -4.4009696e-01  -3.8482270e-01  -1.7424384e-01   5.3880354e-01   1.3602888e-01  -4.3914607e-01   1.9305832e-01   1.0551813e-01   4.6365464e-01   3.3289033e-01   5.6171133e-01   5.1236025e-01   4.4863051e-01   4.3379409e-01  -2.2724079e-01  -1.3551471e-01   2.2627562e-02  -8.3260946e-02   2.1312262e-02   2.6731433e-01   3.3245017e-01   5.9199195e-01  -2.0328514e-01  -3.7945308e-01   8.9803642e-02  -3.3404083e-02   2.6310350e-01   2.4528701e-01   4.3019711e-01   4.7682223e-01  -4.6403830e-02  -3.2918668e-01  -8.8598472e-02   3.0697976e-01   3.8289692e-01   6.1197677e-02   4.3020401e-01   1.9407039e-01   3.8532766e-01  -5.0294221e-01   6.8139574e-02   5.0063838e-01   1.8508008e-02  -2.2474055e-01   2.7496478e-01  -4.0227889e-01   2.1695569e-01  -1.8782254e-01  -2.8854262e-01   9.5525814e-02   5.0555076e-01  -1.9948779e-01   2.1876170e-02  -1.3867731e-01  -8.4110316e-04   2.6501553e-01   7.5498721e-02   6.6253128e-01   4.3939935e-01   1.2161827e-01   2.2905378e-01  -3.5118623e-01  -7.6246147e-03  -2.4179930e-01   3.6357638e-01   4.8156786e-01  -8.2380227e-02   2.6806108e-01  -3.3333104e-01   5.5633751e-01  -2.1033619e-01  -1.4312526e-01   5.5465750e-01   4.0731096e-01  -2.7060328e-01  -4.1890390e-02   7.6968437e-02   7.1211987e-02   5.4765838e-01  -1.9848235e-01   5.5918762e-02   3.1311551e-01  -2.6768951e-01  -1.6402285e-03  -1.3753844e-01   3.7374283e-01  -2.9216698e-01   4.2159783e-01   3.6443910e-01   5.4004049e-01  -3.7212355e-01   4.8377517e-01  -2.5435966e-01  -7.7649741e-02  -4.0130733e-01   4.2971160e-01  -1.3410027e-01  -1.4885349e-01   3.3720200e-01  -1.9752817e-01   2.8331027e-01   2.2122185e-01  -2.4160654e-01   2.1540639e-01   6.6787571e-02   1.6959336e-01   1.4602531e-01  -3.7300507e-01  -1.4932566e-01   3.4937818e-01   4.8791980e-01   2.8518626e-01   1.5600913e-01  -2.6374258e-01   3.5032745e-01  -2.7388064e-01   2.4979128e-01   2.8728648e-01  -7.6656321e-02   7.1688350e-01   1.9856091e-02   4.3197157e-01  -3.3537132e-01  -3.1183981e-01  -3.0241376e-01   4.5850807e-01   3.0185937e-01   1.0259584e-01   2.5109645e-01   6.2063152e-01
  -1.7833045e-02   6.3235666e-01   3.6558749e-02  -5.1815737e-02  -7.5820626e-02   9.8385508e-02   7.0995274e-01  -1.3865817e-01   3.6051083e-01  -7.9415459e-02  -1.9974419e-01   0.0000000e+00  -2.5746906e-03  -2.0278990e-01   1.3139594e-01  -2.4824402e-01   1.6728077e-01  -2.3024484e-01  -2.6739566e-01  -1.4746519e-01  -3.7113499e-02  -1.9097059e-01   2.2085476e-01  -4.0418898e-02   1.3518492e-01  -1.6198903e-01   2.1619048e-01   2.7557927e-01   2.0233905e-01   3.2792031e-01   2.4597151e-01  -1.0815731e-01   1.5429982e-01   5.8899603e-01   3.7170959e-01  -1.3480873e-01   7.0625533e-02  -2.4266803e-01  -2.1284892e-01   3.1538966e-01   6.6212709e-03  -1.1999271e-02   3.6699339e-01  -1.8476206e-01   2.7037979e-02  -1.0570608e-01  -2.9198570e-01   6.4407381e-01   1.9989815e-01   1.1558447e-01  -2.8369737e-01  -5.5207317e-02   5.8071670e-01  -1.3960431e-01  -1.1394413e-01  -2.5821034e-01  -2.0373038e-01  -2.0952412e-01   7.0652102e-02   2.1921712e-01  -1.0974105e-01  -8.7006089e-03   4.6924870e-01  -1.0442632e-01   2.8750865e-01  -6.4539984e-02  -1.6101183e-02   5.7119975e-02  -3.0947185e-01   2.4604654e-01   5.2488732e-01  -2.7047044e-01   1.1188408e-01   3.0002672e-01   2.5756441e-01  -2.2896501e-01  -2.6552726e-01   1.9439532e-01   4.9651988e-01   9.7035669e-02  -1.1736807e-01   6.8814160e-02   2.1742035e-01  -1.5787623e-01  -2.9681777e-02  -1.3128509e-01   1.5060337e-01   2.1355227e-03   9.2069605e-02   4.3153590e-03   6.7211222e-02  -1.4936549e-01   3.9011546e-01   2.0674787e-01  -6.9766174e-02  -1.1235698e-01  -8.5376386e-02  -2.1668013e-01   1.4992758e-02  -2.2803462e-03   2.2238496e-01   1.3901354e-01  -1.8539781e-01   3.3955572e-01  -1.2709074e-01  -9.5583148e-02   1.7106520e-01  -5.8589790e-02  -7.9527549e-02  -6.2272384e-02   4.0969228e-01   1.5347596e-01  -2.2441019e-01   4.0392158e-03  -4.3948303e-02   3.1053341e-01   6.7070015e-02   1.0461991e-01   2.2762883e-01  -4.2479995e-02  -2.2840164e-01   1.3203045e-02   3.4692971e-01   3.7072619e-01  -6.4239144e-02   3.0114041e-02   6.7902348e-01  -4.2716623e-04  -1.2622341e-01   4.0938816e-01  -3.2751603e-01   1.9539533e-01  -2.6876809e-01   5.1335604e-01   2.9828915e-01  -3.1827245e-01   1.1231227e-01   5.3142854e-01  -1.2950093e-01  -3.1398387e-01  -2.3263569e-03  -1.5377565e-01  -2.3351906e-01   2.8546395e-01   5.2572785e-01  -8.6502011e-02   5.2745795e-01  -2.2530395e-01  -1.5959424e-02   3.8109353e-01  -1.2533725e-01   8.4321213e-02  -9.9293261e-02  -2.6778645e-02   3.6577537e-01  -1.8778900e-01  -3.4530859e-01   2.1854810e-01   6.6419830e-02   1.3249095e-01   2.0943888e-01  -3.8798007e-01   3.4345416e-02  -1.8878300e-01   1.4964348e-01   3.6091610e-01  -1.9731028e-01   3.8405090e-01  -1.4476012e-01   5.3112413e-01   5.3938460e-01  -2.1918681e-01  -3.0779244e-02   5.2005162e-02   2.5419148e-01   9.1846972e-02  -9.8439161e-02
   5.9683743e-02   2.0564411e-01   1.8169843e-01  -4.0926063e-02   5.3521349e-01  -1.8570799e-01  -3.8021051e-02  -9.4628493e-02   1.4218756e-01   4.9044805e-01  -2.5664181e-01  -2.5746906e-03   0.0000000e+00  -2.9654274e-01  -2.9640935e-01  -2.2375764e-01   1.4754705e-01   1.2445121e-01  -2.8257487e-01   6.0318294e-01  -1.0184027e-01  -3.2316394e-01  -9.3386270e-02  -2.5746908e-01   1.7413415e-01  -3.0991878e-01  -5.3214488e-02  -1.7629668e-02   5.4641955e-02  -8.6849389e-02  -5.9668772e-02  -2.6148680e-01  -2.3110312e-01   7.6349514e-02  -1.8749793e-01  -1.5635419e-01   3.9629718e-01   2.5691757e-01  -2.1885330e-01   1.6492313e-01   6.4046479e-01  -3.6831780e-01  -1.4937312e-01  -1.4777149e-01   1.2557496e-01   5.4785133e-02  -3.6589436e-01   1.1754364e-01   4.8024712e-01   7.4454521e-02  -1.8545651e-01  -3.5902292e-02   2.3803652e-01  -2.8890976e-01  -1.7813435e-01  -4.4249388e-01  -1.6312874e-01  -4.1196890e-01  -6.7695901e-02  -3.2952198e-01  -1.0400567e-02   7.8075121e-01   3.0257070e-02   8.1187710e-02   2.5484681e-01   8.2653555e-02  -3.0567074e-01   2.0101583e-01  -4.1937949e-01  -3.0552202e-02   2.1605443e-01  -1.7355042e-01  -6.1527299e-03  -5.8351146e-02  -6.3806655e-01  -2.5297245e-01  -1.4195898e-02  -8.9939777e-03  -4.5641260e-02   2.4658503e-01  -3.8095650e-01  -1.6241062e-01  -1.1748840e-01  -2.4727581e-01  -1.5736372e-01  -2.2530008e-01   1.7362183e-01  -2.6891573e-01  -3.8795932e-02   4.4863753e-02   4.9959421e-01  -4.1102304e-02   1.2238646e-01  -2.4214195e-01   3.1874715e-01   4.7311461e-01   1.0383540e-01  -3.4134741e-01   4.0972400e-01   1.2388247e-01  -1.1564227e-01  -3.5137495e-03  -2.0766661e-01  -8.2021200e-02  -4.8108189e-01  -5.5213175e-02  -3.6687533e-02  -3.4959501e-01   5.3626000e-01   3.2824552e-02  -2.9058254e-01  -4.0873136e-01  -1.7350753e-01   4.6309642e-02  -4.1952890e-01   1.6860019e-01  -1.9522972e-01   7.7692977e-01  -1.1139551e-01  -4.2432341e-01  -1.6670891e-01   5.9850249e-01   2.3017036e-02   1.5180922e-01   2.6195282e-02  -3.4540651e-01   1.0378720e-01   2.9090428e-03  -3.8521841e-01   1.7359459e-01   3.6211895e-03  -8.1293149e-02  -2.1003989e-01   1.1520781e-01  -2.9011668e-01  -2.3613318e-01  -1.8285277e-01   8.7402248e-02  -3.0497683e-01   1.0853851e-01  -6.0350225e-02   6.7652373e-01  -5.0090657e-01   1.7470469e-02  -3.6574308e-02  -2.5610904e-01  -1.1152431e-01  -3.5627073e-02   1.2023353e-02   2.5815889e-01  -6.6015739e-02  -1.6582714e-01  -1.8337155e-01  -2.1662766e-01   3.4062449e-01   1.3950859e-01  -7.8736696e-02  -7.4727357e-02   6.5164748e-02  -1.8305400e-01   1.5313650e-01  -5.0662910e-01   4.1797836e-01  -1.3931125e-01  -2.3991660e-01   2.0476726e-01  -4.6870657e-01  -3.1709989e-02  -1.5830230e-01  -1.5300303e-02   4.9043950e-02   1.4014454e-01  -7.3208791e-02   7.7142217e-02  -1.0575326e-01  -3.0429362e-02  -1.9124448e-01
   3.8261801e-02  -2.5785270e-01  -3.5336524e-01  -6.5498516e-02  -3.5033640e-01  -1.0002860e-01  -1.9830163e-01   4.3131090e-01  -1.8831436e-01  -1.3145010e-01   7.9590746e-02  -2.0278990e-01  -2.9654274e-01   0.0000000e+00   4.0860841e-01  -1.2112557e-01  -2.7776793e-01  -6.2840892e-02   9.1613876e-02  -2.8613741e-01   4.1768001e-01   1.7890438e-01  -1.6867869e-03   4.9077914e-01  -1.2457654e-02   3.5644254e-01  -3.5407040e-01   3.5417013e-01  -2.5653273e-01  -8.4847535e-02   4.2168150e-01  -1.0817656e-01   9.2255021e-02  -1.4505611e-02  -2.5587286e-01  -2.8691291e-01  -1.8508224e-01  -3.5230618e-02  -2.0544431e-01  -3.1080054e-01  -3.1906150e-01  -8.0146846e-02  -2.2692138e-01   5.8053198e-01  -1.9480959e-01  -1.4074472e-01   1.1058141e-01  -2.0065145e-01  -2.5588406e-01  -2.5959212e-01  -1.7051178e-01   2.4215880e-01  -2.3752544e-01   9.4219343e-02   7.5221165e-01   4.9955757e-01   2.8129839e-01   2.5879389e-01  -4.7916040e-02   1.1459878e-02  -1.1096073e-01  -3.7206875e-01  -1.7088627e-01   1.1178830e-02  -1.4207029e-01  -9.6572926e-02   4.7582883e-04  -9.8849214e-02  -6.0375127e-02  -2.2818169e-01  -3.1031897e-01  -9.3473325e-02  -4.4443244e-01   2.7728683e-01   1.1641151e-01   2.6644741e-01  -9.8401612e-02   7.5767005e-02  -2.8148937e-01  -1.4435667e-01   4.9308234e-01  -9.0075738e-02   4.9400032e-01   5.4829900e-01   3.8672789e-01   3.0080995e-02   1.7174203e-01   6.3852857e-01  -9.2938113e-03   2.6300489e-02  -4.3578633e-01  -2.6986321e-01  -5.2682634e-02  -2.5175355e-01  -1.4012388e-01  -3.3168608e-01  -2.2856345e-01   1.5061876e-01  -3.5285065e-02  -3.9244126e-02   3.5046352e-01   2.7496858e-01   6.2473461e-01  -1.0543985e-01   1.5186714e-01  -6.7523314e-02   1.9908100e-01  -2.3037687e-01  -2.5422233e-01   8.4944979e-02   3.3547665e-01   1.7405544e-01   3.7363143e-02   1.8365392e-02   5.3921427e-01  -2.9807414e-01   8.2815650e-02  -4.8164034e-01   4.0197766e-01  -7.7277163e-02   1.1817674e-01  -3.8641909e-01  -3.6484272e-01  -9.3643798e-02  -1.9592789e-01   3.9384312e-01  -3.7938059e-02   1.1242530e-01   1.2461769e-01  -4.2143384e-01  -2.3719614e-01  -6.6418331e-02   4.2979979e-01   1.3974909e-02  -6.1523724e-02   1.8065894e-01   7.5012928e-02  -7.5388594e-04   3.8007793e-02   5.5041060e-02   1.1744215e-01  -2.7508965e-01  -7.7756926e-03   2.8534443e-02   2.2175824e-01   4.1453798e-01  -6.2402762e-02   1.3080191e-02   1.2507021e-01  -9.2754885e-02   1.5451275e-01   6.1055000e-01   7.5301252e-02  -3.8929999e-03  -4.3027341e-01  -8.4454963e-02  -5.2418102e-02  -2.5699126e-01  -1.6502594e-01   4.8595905e-01  -1.7663138e-01   5.7403675e-02  -2.8586430e-01   1.2342895e-01  -1.6473493e-01  -2.6518401e-01   8.2987994e-02   3.9608361e-01   3.8468232e-01  -9.4444068e-02  -1.6175442e-01  -5.9805740e-02   1.4286832e-01  -6.7471539e-03   1.4513825e-01   7.6477612e-02  -7.6469935e-02
