   0.0000000e+00   1.6194740e-01   5.3184406e-01   2.5313694e-01  -3.2075819e-01   2.0020026e-01  -1.2751352e-01   2.2732010e-01  -1.3104081e-01  -3.7321718e-01   3.5621954e-02   1.3774556e-01  -7.7570543e-02   7.2174916e-01   8.7896002e-02  -6.8571186e-02   5.1707114e-01  -5.4983456e-03   3.0524177e-01  -2.7676202e-01  -2.6235050e-02   2.5710496e-01  -1.0708994e-01   6.9001426e-01   4.2161878e-02   4.4427064e-01  -1.7623411e-01   4.5023680e-01  -3.8124732e-01  -2.3662051e-01   9.6840114e-02  -6.2238895e-02   5.7845422e-02  -3.5579142e-01   1.7363010e-01  -7.7939470e-02  -2.5973555e-01   6.1649162e-01  -1.6675108e-01  -2.3438451e-01  -4.1599431e-01   2.8247200e-01  -3.9387715e-01   1.8180716e-01  -2.8155183e-01   5.3501507e-01  -5.3854749e-02  -3.9364587e-01  -3.3573005e-01  -1.3059855e-01   9.1571418e-02   2.2518130e-01  -3.0825555e-01  -6.5392179e-02   4.2644336e-01   2.2577274e-01   3.0555657e-01   1.6343317e-01   4.7254979e-02   1.9821393e-01   6.0897468e-01  -1.6997468e-01   1.0743205e-01   2.3103036e-01  -2.0590040e-01  -3.3357482e-01   5.4708396e-03   3.3690213e-01   1.1165350e-01   6.0582554e-01  -1.2151573e-01   2.2057023e-01  -4.8854305e-01   6.8239880e-01  -1.3796887e-01   2.1476508e-01   3.9900819e-01   2.9538083e-01  -4.0606569e-01  -1.2255385e-01   5.2310802e-01  -3.6927046e-01   6.2937750e-03   3.1926498e-01   8.1692645e-01   3.8906722e-01   9.1299167e-03   4.3695567e-01   3.5144454e-01   7.5873005e-01  -1.8977187e-01   5.1881734e-01  -2.6550865e-01  -1.3102043e-01   4.1735985e-01  -2.8218288e-01   6.9108131e-02  -5.3455205e-02   4.8238842e-02  -2.7947429e-01   6.0136998e-01   8.5649047e-02   2.9050271e-01   1.5500902e-01   3.2371692e-01   3.7306640e-01   3.3369314e-01   2.0784749e-01  -2.5755136e-01  -1.4661638e-01  -1.1803948e-01  -1.0950250e-02   4.2442898e-01   9.0105533e-01   3.3713436e-01  -6.3787404e-01   1.0077092e-01  -3.3710500e-01   2.9829106e-01  -2.3198263e-01   3.2292762e-01  -2.3204681e-01   5.8991065e-02  -1.4086131e-01   5.1846859e-01   4.9337323e-01  -2.6437252e-02  -2.7665500e-02   2.9322152e-01   4.6597561e-01  -2.8379630e-01  -9.5563339e-02   6.1510328e-01  -2.1344771e-01   3.3625199e-01   3.0297810e-01  -1.8828585e-01   3.7626601e-01   3.3904315e-01   2.5764341e-01   7.5479007e-01   1.0752289e-02   1.4973803e-01   1.6209536e-02   3.3711218e-01   2.4382068e-01   7.2654228e-02  -2.4087546e-01  -4.5977181e-01  -2.3287567e-01   7.0267696e-01   2.8515038e-01   5.9214854e-01   3.3809887e-02  -1.4163458e-02   6.9325876e-01   4.9325186e-01  -7.4939414e-03   6.7582440e-01   2.8905975e-01   1.5818041e-01   1.7184360e-01  -2.1816431e-01   2.9570153e-01   1.8721845e-01  -6.0301571e-01   3.1928635e-02   4.9171812e-01   6.3859037e-01  -3.4196215e-01  -5.2879906e-01  -2.5201363e-01   3.0826435e-01   3.3803037e-01   7.6205029e-02   3.2004475e-01   3.1817012e-01
   1.6194740e-01   0.0000000e+00   1.8917677e-01  -4.2565685e-02  -3.6491199e-01  -4.2029021e-01  -2.8077291e-01   5.8580607e-01   5.5969411e-01  -2.3351998e-01  -3.1799359e-01   4.3627750e-01   2.6314618e-01   3.0171263e-01   1.0697535e-02  -4.7610492e-01   2.3429643e-01  -3.0461178e-01  -1.2955755e-01  -5.1018516e-01   1.5686998e-01   5.6313012e-01  -2.8003354e-01   3.0933311e-01   2.6974257e-01   5.9949598e-01  -4.8532913e-01   6.2867857e-01  -1.3367376e-01   3.4834717e-01  -1.5757973e-01   2.6444692e-01  -4.2579517e-01   2.3675305e-01   3.4179506e-01  -5.8037772e-01  -2.9026150e-01  -1.2558923e-02  -5.7315535e-01  -2.5829181e-01  -1.7367245e-01  -1.5846800e-01   2.5336489e-01   5.6123600e-01  -3.2835181e-01   5.9295767e-01  -5.5924794e-01  -2.0210921e-01  -1.8538521e-01   6.0364551e-02  -1.9384612e-01   7.6843609e-01   5.4000980e-01  -2.7852616e-01  -4.3446707e-02   2.9303124e-01   3.8948426e-01   6.0623878e-01  -1.9536311e-01   4.1524936e-01   3.3501188e-01  -3.0132402e-01   7.3176042e-01   2.3918285e-01  -1.2019595e-01  -5.1213602e-01  -3.4036686e-01   6.8091858e-02  -1.3753652e-01   1.3876793e-01   3.2085194e-03   3.3071829e-01  -4.8498160e-01   3.3754836e-01  -2.6276598e-01   6.8707483e-01   3.1898155e-01   4.4845284e-01  -3.2440749e-01  -1.8745143e-01   5.0732032e-01  -2.2758770e-01  -6.8769017e-02   7.0336863e-01   3.3137635e-01   6.8321463e-01  -1.7667090e-02   3.2152675e-01   5.9497474e-01   4.7882983e-01   3.2112805e-01   1.6710950e-01  -3.3503978e-01   4.6089371e-01  -9.5960397e-02  -3.9266863e-01  -1.1247019e-01   6.4730912e-02   2.3879476e-02  -3.9685096e-01   2.9532574e-01   6.5427213e-02   5.5070481e-01   7.8238210e-01   5.0453256e-01   3.6831311e-01  -1.8021779e-01   3.0294468e-01  -2.9632293e-01   1.4030800e-01  -2.2531144e-01   3.8531427e-01   4.5743363e-01   6.4827230e-02  -2.3833081e-01  -5.8528373e-02   4.1521998e-01  -2.6978326e-01   1.0355676e-01  -2.9073135e-01   4.3921083e-01   8.1330600e-03   4.9937922e-01   3.9883556e-02   6.1726000e-01   7.4442952e-01   2.4707500e-02  -1.0122723e-01   7.3380222e-01   2.7230893e-01  -6.4773861e-01  -2.8952450e-01   7.1452402e-01   1.1063402e-01   5.6387781e-01   6.3907689e-01  -3.2895843e-01  -1.2173952e-01   7.2487175e-01  -5.6536422e-01   8.1469260e-02   1.5828347e-01  -4.9772594e-01   2.9364582e-01   1.8916876e-01   5.1794887e-01  -2.1780501e-01  -1.0882278e-01  -3.0211504e-01  -2.8498943e-01   3.3523772e-01   4.5824489e-01   4.3601092e-02   1.9308543e-01   5.8488812e-01   1.7312521e-01   4.3203136e-01  -2.9921962e-01   2.0097680e-01   4.8635683e-01   2.4862670e-01  -1.2848907e-01   1.7539314e-01   2.3878457e-01   5.2093864e-01  -1.7091544e-01  -1.8593197e-02   5.4796837e-01   2.7122839e-01   3.7855124e-01  -1.7040637e-01  -2.7839173e-01   1.1774423e-02   3.2772878e-01  -4.9491125e-02  -2.0879841e-01   5.4585577e-01
   5.3184406e-01   1.8917677e-01   0.0000000e+00   3.8354003e-01  -2.5256077e-01   4.3776526e-01   1.4955517e-01   5.7911535e-02  -1.1356233e-01  -2.7556815e-01   8.6135677e-02   5.7047911e-01  -1.8536948e-01   3.1715551e-01   2.7129735e-01   8.4236978e-02   7.7388803e-01  -1.9877235e-01   3.9243227e-01  -2.6100318e-01  -7.8929100e-02   1.3265445e-01  -1.3106059e-01   3.5932588e-01   1.3180209e-01   3.2428438e-01   1.4870278e-01   3.5248090e-01  -3.1401953e-01  -7.1578095e-02   1.5176510e-02   1.8341582e-01   1.8824819e-01  -1.4587931e-02   3.0440524e-01   5.7379373e-02  -3.3843589e-01   4.8528898e-01  -4.5189016e-02   2.7155973e-01  -4.4131603e-01   4.9321781e-01  -3.1411291e-01   8.3406939e-02  -1.4342452e-01   4.6685264e-01   4.5915155e-02  -2.0451430e-01  -4.5460523e-01   3.8366659e-01   2.6890844e-01   1.7223450e-01  -3.5991864e-01  -7.5282899e-02   1.5564324e-01   2.3504473e-01   4.8884311e-01   2.8261949e-01   4.8056421e-02   4.2482226e-01   6.4090357e-01  -2.7180000e-01   1.4924675e-01  -1.3611255e-01  -3.3994130e-01  -3.8324377e-01   8.1948818e-02   1.2885545e-01   3.2896250e-01   8.1870283e-01   1.3822377e-01   3.8141860e-01  -3.9887210e-01   6.3274805e-01  -1.0715960e-01  -8.8679407e-03   5.6974409e-01   1.4762905e-01  -9.3435980e-02  -4.3707759e-02   4.1883086e-01  -5.5487658e-02  -4.7561644e-02   3.3546434e-01   5.7490170e-01   2.6788628e-01   3.2193828e-02   1.7578016e-01   4.0026315e-01   5.8929968e-01  -1.2577349e-02   7.8854442e-01   1.5485117e-02  -1.0231425e-01   5.8443666e-02  -2.4300326e-01   1.5158653e-01   1.3885588e-01  -8.0918681e-03  -4.0941404e-01   4.7795866e-01   1.4218654e-01   1.2394854e-01   5.5487883e-02   3.7088410e-01   2.6755694e-01   3.3635914e-01   3.9682686e-01  -3.6923817e-01  -1.0954546e-01  -1.6643074e-02   1.8271290e-01   4.3245056e-01   5.9181248e-01   3.3208458e-01  -4.4022494e-01   3.1407464e-01  -1.2256768e-01   2.2453356e-01   8.4233131e-03   4.9079734e-01   1.4000825e-01   2.3374085e-01  -3.8354009e-01   4.2428289e-01   4.1798481e-01   7.5321597e-02  -2.6542307e-03   1.7906167e-01   7.2081513e-01  -2.6553283e-01   5.9462539e-02   2.8530436e-01  -2.4107338e-01   4.2381526e-01   1.4733622e-01   4.3875278e-02   3.1106033e-01   3.0382479e-01  -9.3671887e-02   3.0945949e-01  -2.6220833e-02   1.6924717e-01   3.1332405e-01   3.9530981e-01  -2.8173206e-02   3.3940962e-01  -1.0068340e-01  -2.0655516e-01  -3.6012277e-01   6.3634549e-01   8.4830377e-02   6.4356874e-01   1.8402240e-02   4.5242590e-01   4.2974292e-01   2.8661871e-01   1.8502519e-01   6.6146663e-01   2.0997324e-01   1.7077084e-01  -9.6405804e-03  -2.3092705e-01   1.4528280e-01   4.3304978e-01  -3.6330959e-01   2.6241212e-01   3.6351662e-01   4.2209132e-01  -1.3888176e-01  -3.4435515e-01  -3.8682658e-01   1.6742014e-01   4.5549984e-01   8.7267434e-02   4.5455681e-01   3.4949763e-01
   2.5313694e-01  -4.2565685e-02   3.8354003e-01   0.0000000e+00   1.5836872e-03   4.6795468e-01   1.4472764e-01   2.5646709e-02  -2.9026230e-02  -5.1292103e-02  -6.3285590e-02   2.5444594e-01  -1.2931217e-01   3.5024169e-02   2.3683296e-01   1.9771316e-01   3.2763542e-01   3.8543103e-01   4.0348960e-01   3.9114146e-02  -2.6573924e-01   2.8691979e-01  -2.6644855e-01  -1.3042535e-01   4.1582903e-01   6.2782480e-02   2.3812907e-01   6.1250588e-02  -3.1129543e-01   2.4182695e-01  -4.9264483e-02  -2.0022484e-01   3.0909387e-01  -9.7068296e-02   4.0790153e-02   2.3964606e-01  -8.4995252e-02   8.3296845e-02   1.1659566e-01   7.3759181e-02  -1.7889783e-01   5.2731296e-01  -1.4181354e-01   3.7940940e-02  -2.4750943e-01   6.3229561e-02   3.3774782e-01  -9.9406134e-02  -1.9501760e-01   4.8750166e-02   6.7824550e-03  -1.1325946e-01  -3.0701271e-01   1.1742994e-01  -6.0867239e-02   1.6282717e-01   3.5901705e-01   7.3641934e-02   6.0762088e-01   2.7677664e-01   1.8055948e-01  -1.8188703e-01   6.9106571e-02  -1.4774542e-01   2.8886620e-01  -1.0797528e-01   1.1905098e-01   5.2976716e-01   4.4173789e-01   2.6085743e-01   3.7646198e-02   1.7946545e-01  -3.3538170e-02   2.2234956e-01   1.6304904e-01  -3.2087966e-02  -5.7689685e-03   2.0685133e-01   1.9521803e-02   4.8140099e-01   1.4554488e-01   1.2133847e-02  -7.5701153e-02   1.2072283e-01   2.8479112e-01   4.2582439e-02   1.0126764e-01  -1.2778152e-01   2.4608714e-01   1.4732445e-01   4.6647011e-02   2.4364897e-01  -2.2081210e-01  -1.9465792e-02  -2.1336704e-01   8.5898950e-02   1.8465332e-01  -5.3275714e-03   3.8337687e-01  -2.6540730e-01   2.0290500e-01   5.1212981e-02   2.9252554e-01   6.3682046e-02   1.4528515e-01   6.4353052e-01   3.2921355e-01   4.6594717e-01  -1.1804775e-01   1.4224999e-01  -1.0034379e-01   3.1698548e-01   6.1042314e-01   2.9019585e-01  -2.7878183e-02  -4.5373884e-01   1.7153128e-01   8.3382512e-02   1.4187325e-02  -2.3639068e-01  -7.6468588e-02   1.8636474e-01   2.0149909e-01  -1.1229944e-01  -2.3710932e-02   1.6737112e-02   5.5355519e-02   7.4223520e-02   1.9533611e-01   2.3895129e-01  -1.9625138e-03  -2.6001870e-02   2.1529553e-02  -2.3374419e-01   3.7560724e-01   8.8474230e-02   2.7646011e-01   9.9909992e-02   3.1871337e-02  -1.8064132e-01   3.1816840e-02   2.4750613e-01   2.6091448e-01   1.9643590e-01   1.6888016e-01   1.3100161e-01   7.7740673e-02  -8.7551126e-02  -1.1362753e-01  -1.8063514e-02   1.9952167e-01   1.4989660e-01   1.9894146e-01  -1.8199595e-01   1.4898197e-01  -6.1917252e-02   8.2147466e-02   4.5849261e-01   3.4712347e-01   5.9091683e-02   4.8399991e-01  -4.7375621e-02  -3.5605651e-01   5.9443214e-01   2.9917076e-01  -2.3095050e-01   9.2344889e-02   1.6116250e-01   3.9602689e-01  -2.9926095e-01  -2.4716474e-01  -3.8947511e-01   5.4302341e-01   3.9386825e-01   3.7574326e-01   3.8688482e-01   5.7624060e-01
  -3.2075819e-01  -3.6491199e-01  -2.5256077e-01   1.5836872e-03   0.0000000e+00  -7.2303770e-03  -2.9661336e-01  -4.7095823e-02  -2.0834741e-01   5.6232459e-01  -7.2348224e-02  -4.8084648e-01   3.0471038e-01  -6.0374582e-01  -4.0061052e-01   6.7062043e-02  -4.0361872e-02   7.0094317e-01   6.8577620e-02   9.2752432e-01  -4.2766027e-01  -2.0331903e-01  -1.6025266e-01  -3.1331234e-01   2.8380565e-01  -4.1146325e-01   3.9457805e-01  -4.5347925e-01   2.1134764e-01  -2.4833469e-01  -1.3079291e-01  -3.8470441e-01   3.3476090e-01  -3.4933975e-01  -6.6239322e-01   1.5538979e-01   8.3095373e-01  -1.4670485e-01   2.0073525e-01   1.4031876e-01   5.9055357e-01  -1.6394646e-01   1.6877334e-01  -4.4734985e-02  -9.9774762e-03  -2.3038476e-01   4.1799268e-01   1.6856106e-02   8.4116103e-01   7.4538985e-02  -2.7571839e-01  -2.1870701e-01  -8.2265497e-02   5.9087751e-01  -4.3739855e-01  -2.3919534e-01  -2.0051033e-01  -4.9032932e-01   3.3191691e-01  -4.4102907e-01  -1.7708819e-01   6.8956565e-01  -5.0033240e-01  -7.3261159e-02   5.9202296e-01   1.6768336e-01   3.3938203e-01   1.3375695e-01   6.3842158e-02  -1.0973303e-01  -2.8108347e-01  -4.7719064e-01   5.8307685e-01  -5.8644180e-01   4.0758608e-01  -1.0337964e-01  -1.6467859e-01  -3.1476264e-01   6.7651326e-02   1.5054998e-01  -4.1728162e-01   2.8070281e-02   1.1741827e-01  -2.5850927e-01  -4.4675542e-01  -5.1291474e-01  -5.4294708e-01  -5.3563467e-01  -6.4586387e-01  -5.1221798e-01  -2.1363650e-02  -1.3416451e-01  -2.9036589e-01  -1.9731487e-01   1.5797665e-01   9.4294983e-01   1.7126574e-01   7.4267583e-03   4.5115496e-01   3.6452938e-01  -4.0562983e-01  -3.7698582e-01  -3.1987773e-01  -3.9611863e-01  -7.1546568e-01  -2.4049656e-02   3.0174003e-01  -1.5655597e-01   8.5346496e-01   6.1955705e-02  -3.3429026e-01  -4.1264003e-01  -4.7625094e-01  -2.7547110e-01  -3.2145958e-01   1.1530266e-01  -2.3280428e-01   3.5361868e-01  -3.5377405e-01  -2.7550983e-02  -3.2424072e-01   4.4012767e-02  -3.2063482e-01   2.9981296e-01  -2.6657764e-01  -4.0421253e-01  -5.4586316e-01   4.3434525e-01  -4.3411348e-01  -8.8658053e-02   5.3925869e-01  -2.0116989e-01  -3.0412015e-01  -1.2716609e-01  -5.3237830e-01  -2.1404502e-02   2.0529543e-01  -2.6541046e-01  -2.2228149e-01   1.7131208e-01  -1.8211380e-01  -6.3433222e-03  -2.1939743e-01  -2.4417169e-01  -5.4501785e-01  -2.1844404e-01  -3.8587755e-01   2.0483082e-02  -6.7367216e-02   7.2951034e-01  -4.7746372e-01  -1.6822178e-01  -3.2893240e-01  -3.5024381e-01  -1.5243626e-01  -3.5484135e-01  -1.1411838e-01   7.4155887e-02  -1.3579920e-01  -2.9142809e-01   4.1281153e-03  -2.5228506e-01   1.1717344e-01  -7.5218162e-02  -3.7655708e-01   1.7126435e-01  -3.3926595e-01  -3.9635873e-01  -1.0301887e-01  -2.3665520e-01   3.6960271e-02   3.4164864e-01  -1.0238787e-01  -3.3726151e-01   1.6612119e-01  -1.3538385e-01  -8.4987806e-02
   2.0020026e-01  -4.2029021e-01   4.3776526e-01   4.6795468e-01  -7.2303770e-03   0.0000000e+00   4.6592389e-01  -2.6036296e-01  -4.9383851e-01  -6.2132787e-02   1.5220113e-01   1.6012325e-01  -2.7512569e-01   5.7095729e-02   2.2879208e-01   2.5383818e-01   1.9025218e-01   9.6784988e-02   6.0132081e-01   9.7880286e-02  -1.5632990e-01  -2.0315623e-01   4.7772073e-02   8.9306886e-03  -1.6955539e-03  -7.1343212e-02   3.2486376e-01  -9.8653790e-02  -1.9099629e-01  -6.5259642e-02  -2.7358902e-02  -4.7700154e-03   3.9182241e-01  -8.2009996e-02   6.9592034e-02   3.4672494e-01  -1.3200548e-01   2.4421606e-01   2.4416625e-01   3.6254056e-01  -1.3347747e-01   5.2585507e-01  -2.2837643e-01  -3.0319522e-01   1.1640094e-01  -7.7379713e-02   4.2714753e-01   2.5243767e-02  -2.6490624e-01   1.4465993e-01   3.3850730e-01  -3.2640259e-01  -6.1901043e-01   1.2864018e-01   1.0347845e-01  -6.3643141e-02   2.8600921e-01  -1.2129696e-01   2.5464914e-01   1.2029948e-01   6.1199980e-02   7.8238215e-03  -3.3624178e-01  -3.4146567e-01  -2.0884151e-01   1.2473109e-01   5.6934813e-01   1.5372495e-01   4.1071121e-01   3.1358988e-01   1.8579706e-01   5.3329225e-02  -5.0757377e-02   2.3702159e-01   9.2980197e-02  -3.9448479e-01  -2.2873946e-02  -1.4602041e-02   1.2340977e-01   2.0655160e-01   2.3222755e-02   2.1326474e-02   1.1619829e-02  -1.3677350e-01   1.4376041e-01  -1.4523903e-01   1.6852738e-01   6.0423203e-02  -2.6170781e-02   1.1551176e-01  -2.5591308e-01   3.4180223e-01   2.5431830e-01  -2.5958544e-01  -9.4448644e-02   3.4128898e-02   2.4686186e-01   1.7269456e-01   9.0241081e-02  -6.5822532e-02   7.5858076e-02   7.1023267e-03  -1.2611259e-01  -3.7334162e-01   4.3829931e-02   1.0888159e-01   2.7716163e-01   3.1215144e-01  -1.3767089e-01  -2.1735387e-02   2.0693494e-01   5.0355494e-02   1.6709903e-01   3.8670462e-01   3.3078381e-01  -3.2248446e-01   5.1500283e-02   6.4253887e-02   1.7335186e-01   1.5301085e-01  -6.9277636e-02   3.2590052e-02  -1.0127649e-01  -3.9333490e-01  -1.1343182e-01  -1.8556822e-01   1.2913397e-01  -6.8361531e-03  -2.4923014e-01   1.1164885e-01   1.3114698e-01   1.8919935e-01  -2.0772534e-01  -2.8603011e-01   1.0060450e-02  -2.6211449e-01   2.6511332e-01   2.0510320e-01  -2.4074007e-01   1.4577059e-01   2.3136730e-02   1.9892405e-01   5.0348288e-01   1.9281175e-01   1.8537916e-01  -2.0925173e-01   4.3718909e-01  -1.7474394e-02   1.2855022e-01  -1.4932584e-01   1.7167239e-01  -1.1355467e-01   3.4141260e-01  -2.3607768e-01  -7.0951188e-02   3.1340289e-02  -1.8630226e-01   2.7616368e-01   2.6155606e-01  -7.8707451e-02   3.0897794e-02   7.1586000e-04  -3.6083257e-01   9.8702478e-02   2.3824895e-02  -1.1552410e-01   1.3530705e-01  -1.7435101e-02   4.7026360e-02  -2.9311849e-01  -1.5679570e-01  -2.7062550e-01   2.1207183e-01   3.0993991e-01   1.6171694e-01   4.8247930e-01   4.4613585e-02
  -1.2751352e-01  -2.8077291e-01   1.4955517e-01   1.4472764e-01  -2.9661336e-01   4.6592389e-01   0.0000000e+00  -4.0357532e-01  -1.1254594e-01  -1.0309734e-01   3.6827463e-01   3.5223073e-01  -3.3295693e-01  -7.4504644e-02   5.2108389e-01   2.6984862e-01  -1.9751618e-01  -2.0566967e-01   7.1782863e-03  -1.9788744e-01   1.8512149e-01  -3.0412498e-01   6.2959726e-01  -1.3598683e-01  -1.2010485e-01  -1.3237666e-01   1.3907282e-01  -1.5633417e-01  -4.0983163e-02  -9.4693663e-02   3.8097427e-01   2.1130007e-01   2.1077547e-01   4.9156616e-01   2.6338728e-01   3.7361730e-01  -3.3934575e-01  -1.4674282e-01   1.6161394e-01   4.0977237e-01  -2.4308161e-01   4.2959358e-01   5.0603273e-02  -3.1710853e-01   3.7385802e-01  -3.6956199e-01   9.9666294e-02   4.4466381e-01  -3.7251036e-01   7.7122373e-02   3.1800918e-01  -2.8369088e-01  -2.3308401e-01  -9.9933294e-02   2.6025063e-01   2.9418350e-02   1.9170823e-02  -9.9104706e-02   4.1103746e-02   1.4456690e-01  -2.7376440e-01  -6.3110748e-02   1.0890409e-02  -3.8467609e-02  -2.5712996e-01   2.2571699e-01   7.4118021e-02  -4.6349955e-02   9.8095755e-02  -1.0301334e-02   4.4971882e-01   7.5185014e-02   4.3879933e-02   1.3271980e-01   5.5861124e-02  -4.6647289e-01  -2.1765214e-01  -1.0563812e-01   3.5538557e-01   9.3612296e-02  -6.5484412e-03   3.3725644e-01   1.1431808e-01  -2.8897241e-01  -9.8884670e-02  -1.6225611e-01   3.8838777e-01  -9.6325578e-02   1.4002562e-01  -8.9894147e-03  -1.5267531e-01   9.5576184e-03   6.7932227e-01  -1.0025649e-01  -5.0570335e-01  -2.6119450e-01   2.2325465e-01   1.3945584e-01  -1.9169508e-01   2.7384427e-01   1.4820036e-02   3.6349381e-01  -1.8448119e-01  -1.8915138e-01   1.6505086e-01  -1.6901775e-01   2.2566593e-02   6.3920315e-02  -3.3993756e-01  -1.3951217e-01   6.5322300e-01  -3.3821946e-02   1.1210267e-01   6.0297986e-02   4.5225628e-01   1.0162516e-01   1.1064444e-01   8.3503673e-03   1.6336553e-01   2.2656885e-01  -2.4167256e-01   6.9314550e-02   1.6499221e-01  -4.2190321e-02  -2.6755786e-01  -2.8083400e-01   5.9104182e-01  -1.2122392e-01  -2.2721640e-01  -1.7061966e-01   3.3726215e-02   5.9392339e-01  -4.1397303e-01   1.5038845e-01   1.2314590e-01  -4.0863864e-01   3.2587917e-01   2.9128108e-01  -3.0693353e-01  -3.8243423e-02  -2.6336815e-01  -9.6242206e-02   5.6142350e-01  -7.3458669e-02   4.6116545e-01  -1.5573854e-01   7.7798401e-01   5.4435875e-02   3.2166714e-01  -3.5225939e-01   1.0168772e-01  -1.7809979e-01   2.0174656e-01   1.9881837e-01  -2.5542586e-01  -8.3129347e-02  -4.8237716e-01   2.8886350e-01  -1.9302009e-01  -5.8725894e-02  -1.6522278e-01   2.8893877e-01  -3.2532714e-01  -8.9899839e-02   8.1977396e-03   2.7440305e-01   4.4333816e-01  -1.4895681e-01  -2.7986061e-01   1.6971698e-01   3.0408512e-01  -4.3714993e-01   1.0595980e-01  -1.1366392e-01   1.0340942e-01   3.0650074e-01  -2.3400778e-01
   2.2732010e-01   5.8580607e-01   5.7911535e-02   2.5646709e-02  -4.7095823e-02  -2.6036296e-01  -4.0357532e-01   0.0000000e+00   4.7469717e-01  -5.4234775e-02  -3.2118291e-01   7.4137695e-02   3.3465456e-01   1.8249317e-01  -2.0975688e-01  -6.4516422e-01   8.5797706e-02   6.2592736e-02   9.3388518e-02  -1.4303286e-01  -6.9205467e-02   6.8299724e-01  -3.4810463e-01   3.2279868e-01   2.5732632e-01   6.6076714e-01  -5.3864898e-01   6.3050799e-01  -2.1596927e-01   1.7833911e-01  -2.9069677e-01   5.9302123e-02  -4.0894297e-01  -3.5415183e-02   1.5602554e-01  -6.2332583e-01   7.6053750e-02   8.3350772e-02  -6.7929277e-01  -4.2286701e-01   3.2316235e-02  -2.5622175e-01   1.6307779e-01   7.0872415e-01  -2.9826821e-01   6.3858880e-01  -3.0021529e-01  -4.7346555e-01   8.6883358e-02   1.1111502e-02  -1.9901678e-01   7.3283406e-01   2.0651976e-01  -7.6078942e-03  -1.8831232e-01   2.6626078e-01   3.2843376e-01   5.0397494e-01   1.2274906e-02   2.7268832e-01   2.9171597e-01   9.2372191e-02   4.3560944e-01   2.2721189e-01   6.0293886e-02  -3.8697216e-01  -1.0411696e-01   1.7970635e-01   3.8870620e-02   1.9113921e-01  -3.7966226e-01   3.5112356e-01  -4.7848057e-01   1.5050998e-01  -1.9159677e-01   8.4665937e-01   2.7971894e-01   4.6056256e-01  -6.6613378e-01  -1.5616335e-01   5.4833980e-01  -2.7480155e-01  -1.5766566e-03   7.7961668e-01   2.1589819e-01   6.3497349e-01  -1.8352700e-01   2.0114968e-01   2.9865164e-01   3.8930057e-01  -3.7451471e-03   1.7308635e-01  -4.6487910e-01   3.4822358e-01   8.4182881e-02  -5.9659955e-02  -8.4973930e-02   8.5764033e-02   6.5728990e-02  -2.5639736e-01   2.2037616e-01   7.3360414e-02   7.1893756e-01   5.8281363e-01   3.0159107e-01   5.0467046e-01  -3.4196012e-01   3.3840424e-01   1.0168096e-01  -2.0529428e-02  -2.6852462e-01   3.4872300e-01   3.5364649e-01   6.5684936e-02  -1.9226998e-01  -4.5187239e-01   1.8824085e-01  -2.4136480e-01   1.9480072e-01  -3.2335446e-01   3.3727732e-01  -2.9593834e-01   3.6713501e-01   5.9446317e-02   6.5716754e-01   6.5479640e-01  -1.2494897e-01  -1.2915265e-01   7.1765991e-01   1.1353653e-01  -6.3528911e-01  -4.9487527e-01   6.6144130e-01  -2.9590555e-01   3.6656757e-01   9.1486207e-01  -2.8261418e-01  -2.2853382e-01   8.1576635e-01  -4.5433451e-01   2.0497451e-01   1.0514855e-01  -5.6405897e-01   3.6172930e-01  -1.2751411e-02   6.0893158e-01  -3.4378868e-01  -3.4945321e-01  -4.2274661e-01  -1.5975709e-02   1.9822574e-01   7.6236364e-01  -1.3590639e-02  -2.3775680e-02   3.0714756e-01   1.4824560e-01   5.3469634e-01  -2.4915886e-01   1.4532492e-01   7.2271271e-01   3.3465574e-01  -9.8197172e-02   6.9157924e-02   3.6732291e-01   3.6200928e-01  -3.9301001e-01  -1.2032040e-01   4.8168192e-01   2.3941184e-01   6.5928521e-02  -5.0004157e-01  -8.4078461e-02   7.3842730e-03   3.3608514e-01  -1.4681821e-01  -3.7760768e-01   6.8977488e-01
  -1.3104081e-01   5.5969411e-01  -1.1356233e-01  -2.9026230e-02  -2.0834741e-01  -4.9383851e-01  -1.1254594e-01   4.7469717e-01   0.0000000e+00  -2.5409986e-01  -7.5868554e-02   2.2906307e-01   3.2782909e-01  -8.9712675e-03   2.2774433e-01  -4.7299517e-01  -9.3018827e-02  -4.3043414e-02  -3.2441471e-01  -3.4063221e-01   3.3456388e-01   6.2324003e-01  -6.1715048e-02   6.4409979e-02   2.6679153e-01   4.2416136e-01  -4.5128895e-01   4.0626738e-01  -3.8143582e-02   3.6925250e-01   6.6347800e-02   1.9582286e-01  -4.5642080e-01   3.5372782e-01   3.9487626e-01  -4.1937226e-01  -1.7549921e-01  -3.6093638e-01  -5.7476361e-01  -4.0425069e-01   6.2603563e-02  -2.8549060e-01   3.6180136e-01   5.4166913e-01  -1.0549679e-01   2.8793475e-01  -3.6988123e-01   1.2058625e-03   5.8543576e-03  -1.7280514e-01  -2.2045476e-01   5.6596891e-01   5.2789204e-01  -2.2611072e-01  -3.9645858e-02   3.7651355e-01   2.5589569e-01   4.8234974e-01   7.1858570e-02   4.1087616e-01   8.8729325e-02  -1.5580968e-01   7.9307062e-01   4.2914301e-01   2.7304424e-01  -2.2462917e-01  -4.1246913e-01   1.8686249e-01  -1.2609858e-02  -8.9277041e-02  -1.2343921e-01   1.4650914e-01  -2.5894945e-01   6.3008874e-02  -3.2316816e-01   6.0766466e-01   2.9158069e-02   4.0672485e-01  -2.7480478e-01  -5.5702405e-02   2.9690401e-01  -2.3213027e-01   2.0538291e-01   4.6344160e-01   3.5678876e-02   5.2849746e-01   1.2240027e-01   2.3448282e-02   5.1969519e-01   1.8011193e-01   3.2461748e-01  -1.2098435e-01  -1.5954290e-01   6.7120881e-01  -3.4777905e-01  -2.6213964e-01  -4.0070748e-02   1.5645180e-01   1.5653970e-01  -1.6512425e-01   7.8612747e-02   2.7617780e-01   4.4921994e-01   7.3698646e-01   3.7389943e-01   3.2677473e-01  -3.7486707e-01   2.5931480e-01  -1.5780961e-01   4.5229802e-02   8.4865439e-03   3.0111948e-01   3.9965728e-01  -2.6632496e-01  -1.9733190e-01   6.9391375e-03   2.8228856e-01  -1.8131619e-01   3.8113154e-02  -3.4663915e-01   1.9830854e-01  -3.5148875e-02   5.5011778e-01   4.5395138e-01   2.6245128e-01   4.1436891e-01   2.5590919e-01  -3.7620561e-01   6.7462536e-01  -5.7566306e-02  -5.6641615e-01  -1.5171047e-01   3.0931952e-01   2.7062937e-01   4.6944920e-01   4.9900191e-01  -2.6231256e-01  -1.4303387e-01   4.9269029e-01  -5.9678176e-01  -1.4400143e-01   4.7701824e-03  -4.1461941e-01   6.6912232e-02   2.6301163e-01   6.3705986e-01  -2.2358288e-01  -4.6742614e-02  -1.3589337e-01  -1.1267893e-01   1.0410972e-01   4.4047578e-01  -1.9007940e-01   4.0568990e-01   1.4895192e-01  -1.2943693e-02   3.3283846e-01  -2.1793614e-01  -1.1258812e-01   3.9148616e-01   3.2630887e-01   8.6035190e-02   2.7227339e-01   3.2121840e-01   3.0986276e-01  -3.1334956e-02   6.4758499e-02   2.4165567e-01   1.6472645e-01   3.4935042e-01   2.6525522e-02  -2.8672680e-01   1.4884335e-01  -2.9313667e-04   2.5338971e-02  -4.7831445e-01   4.2963623e-01
  -3.7321718e-01  -2.3351998e-01  -2.7556815e-01  -5.1292103e-02   5.6232459e-01  -6.2132787e-02  -1.0309734e-01  -5.4234775e-02  -2.5409986e-01   0.0000000e+00  -4.6338434e-01  -3.0366256e-01   1.1227204e-01  -4.8839932e-01  -4.1626469e-01   9.7385655e-02  -1.5402556e-01   3.6958805e-01   1.4975401e-01   6.7111586e-01  -4.2673478e-01  -2.9612148e-01   1.0005199e-01  -3.3872617e-01   1.0972448e-01  -4.5600587e-01   1.4550268e-01  -3.6878698e-01   2.4574257e-01  -2.2159676e-01  -2.6099935e-01  -3.7224853e-01   1.3369472e-01  -1.1627900e-01  -6.0258948e-01  -1.1143730e-01   7.9500277e-01   3.5650530e-02   9.7498412e-02   8.0658846e-02   3.6523557e-01  -2.1984315e-01   2.1810839e-01  -2.5116262e-01  -7.1410439e-02  -2.1798455e-01  -1.7471161e-02   3.8385828e-02   5.8457967e-01   1.8735324e-01  -3.1805614e-01  -2.9302354e-01  -3.6069303e-02   3.3598610e-01  -4.8010411e-01  -4.4151274e-01  -1.7617128e-01  -3.9640495e-01   1.4200982e-02  -3.4525231e-01  -1.7255549e-01   5.5720348e-01  -5.3945920e-01  -2.3100390e-01   2.6830745e-01   1.9683280e-01   2.2666777e-01  -2.0255442e-01  -4.4176292e-01  -1.8707628e-01  -1.4677484e-01  -3.2454861e-01   3.6801266e-01  -4.8462988e-01   5.4756544e-01  -2.0156715e-01  -4.6853549e-02  -4.7751249e-01  -5.6529772e-02   3.4827122e-02  -3.6602435e-01   1.4886868e-01  -1.7310945e-01  -2.5333471e-01  -4.0948314e-01  -5.2844140e-01  -4.6864529e-01  -3.4421532e-01  -6.5687171e-01  -4.8271747e-01  -2.9046423e-01  -1.1965708e-01  -1.8152102e-01  -1.8636851e-01   1.9414960e-01   6.6868655e-01   2.4618786e-02  -1.6033596e-01   5.1870900e-03   5.2646095e-01  -3.2796372e-01  -3.3141184e-01  -3.2139403e-01  -2.4849091e-01  -6.4083360e-01  -2.5599916e-01   4.4686908e-02  -4.2539531e-01   7.5479836e-01  -2.2735967e-02  -2.4925934e-01  -2.6228755e-01  -5.3673671e-01  -3.4269734e-01  -2.4750899e-01   2.0280617e-02  -3.7491705e-01   3.8867608e-01  -1.9522094e-01  -6.2075976e-02  -2.4630238e-01  -1.4718193e-01  -1.7323689e-01  -5.2806247e-03  -2.0053265e-01  -4.1715618e-01  -4.5225166e-01   5.2331875e-01  -3.3553201e-01  -1.7689731e-01   3.1360771e-01  -3.9474548e-01  -3.2218416e-01  -1.8897055e-01  -4.4961483e-01  -6.5047009e-02   2.6737428e-01  -2.2135276e-01  -2.0610813e-01   1.8670004e-01  -1.4326688e-01  -1.7724396e-02  -3.1647595e-01   9.5914784e-02  -4.9338863e-01  -3.3795116e-01  -1.8607866e-01  -1.4505193e-01   1.7724330e-01   6.3420387e-01  -4.3877226e-01  -1.7757554e-01  -2.9790964e-01  -6.1768101e-01   7.9175640e-02  -2.0157532e-01  -1.8619793e-01   2.4775186e-02  -1.6099056e-01  -2.4884432e-01   7.1331753e-02  -4.6774483e-01  -4.7037289e-02  -3.6542584e-01  -3.0755328e-01   1.9410594e-01  -4.6165410e-01  -3.7189965e-01  -1.6958162e-01  -2.4426429e-01   2.1179231e-02   5.3823473e-01  -3.9565323e-01  -6.6436325e-02  -6.4632203e-02  -7.0397466e-02  -1.7320520e-01
   3.5621954e-02  -3.1799359e-01   8.6135677e-02  -6.3285590e-02  -7.2348224e-02   1.5220113e-01   3.6827463e-01  -3.2118291e-01  -7.5868554e-02  -4.6338434e-01   0.0000000e+00   3.8732791e-03  -1.0552214e-01   1.1528181e-01   3.0281809e-01   2.3902353e-01  -1.2007494e-02  -8.8059648e-02  -2.3600968e-01  -8.8719469e-02   3.9432868e-01  -2.3453816e-01   3.8905082e-01  -8.3901010e-02  -1.2738626e-01  -1.6419157e-01   1.9570007e-01   1.0152675e-02  -2.1561363e-01  -1.7074114e-01   6.0989643e-01   1.1254251e-01   3.0247870e-01   1.2328217e-03   1.6621686e-01   6.6342828e-01  -3.2713946e-01  -9.8526811e-02   3.1352512e-01   1.0865500e-01  -1.9917021e-01   3.4347880e-01  -4.1474202e-01   1.0719602e-02   2.5875807e-01  -2.2173304e-01   5.8906903e-01   2.3461409e-01  -2.7674099e-01  -1.8278056e-01   5.1330101e-01  -1.4632559e-01  -1.6778751e-01  -1.0884962e-01   4.7258283e-01   3.3592560e-01  -7.9351119e-02  -1.5232016e-01   1.3187837e-01  -1.3206981e-01  -1.4199343e-01  -1.2341752e-01   2.7055477e-02   3.4649410e-01  -1.2114554e-01   3.4474064e-01  -1.1490581e-01   5.0095583e-02   5.6595562e-01   1.2820701e-02   2.4242013e-01  -7.3176398e-03   1.2028835e-01   9.1085617e-02  -1.5410628e-01  -2.8230642e-01  -1.2273331e-01   1.7282602e-01   2.8086583e-01   2.9677265e-01  -1.9565387e-02   9.1009295e-02   4.6331984e-01  -1.7586503e-01   2.7512931e-02  -5.2587409e-02   2.4299426e-01  -1.2169887e-01   1.1677106e-01   3.2378130e-02   2.2319582e-02  -4.2720795e-02   4.3914985e-01  -1.9041525e-01  -1.9052713e-01  -2.3512607e-01   1.4059875e-01   2.2074014e-01  -8.5918959e-03   1.2148463e-01   2.3989882e-01   4.6674841e-01  -1.0715402e-01  -3.1834964e-01   1.6869492e-01  -1.0241341e-01   1.6553570e-01   1.8842975e-01  -3.2695817e-01  -3.0427299e-01   5.8268997e-01  -2.6363760e-01   9.2717961e-02   1.7634083e-01   5.6650857e-01   9.7738702e-02   9.7115943e-02  -1.8312600e-02   2.8106144e-01   2.3358616e-01  -6.1724169e-02   6.3569474e-02  -1.4890469e-01   1.9623321e-01  -2.3100539e-01  -1.8418653e-01   2.8868088e-01  -6.6779148e-02  -2.4633811e-01   5.8941534e-03   1.9033844e-01   7.8987735e-01  -2.2819410e-01   2.8896183e-01  -2.3072203e-02  -3.1464019e-01   1.5889013e-01   4.1640078e-01  -2.1865483e-01   4.7616128e-02  -1.1541180e-01  -1.0029732e-01   6.2741627e-01  -2.5968789e-01   3.3066641e-01  -2.6781998e-02   4.3265393e-01   1.8802749e-01   1.8916272e-01  -2.2211424e-01   1.4156687e-01  -1.0310687e-01   1.6586960e-01   5.8816780e-01  -5.0239573e-01  -1.1058635e-01  -1.8869872e-01   1.8721811e-01  -1.4374318e-01   1.5108935e-02  -3.5037273e-01   7.9253382e-01   1.5755720e-01   7.6412078e-02  -1.4963781e-01  -1.3772613e-01   5.6016409e-01  -3.5510657e-02  -1.5616005e-01   1.5987212e-01   1.0833972e-01  -3.6747525e-01   2.8716968e-01  -3.3448791e-01   1.7560223e-01   2.6065501e-01  -2.9076287e-01
   1.3774556e-01   4.3627750e-01   5.7047911e-01   2.5444594e-01  -4.8084648e-01   1.6012325e-01   3.5223073e-01   7.4137695e-02   2.2906307e-01  -3.0366256e-01   3.8732791e-03   0.0000000e+00  -1.7402505e-01   2.3151922e-01   5.9801111e-01  -4.2520106e-02   2.4313157e-01  -4.3254145e-01   3.5158560e-03  -5.1553866e-01   1.2573178e-03   1.4526908e-01  -7.1933705e-03   2.1786150e-01   4.3147949e-03   3.5263517e-01  -1.3637242e-01   3.6862357e-01  -2.4476500e-01   2.3459169e-01  -7.9599510e-02   4.5117975e-01  -2.4868242e-02   6.4094654e-01   5.7148115e-01  -1.1648661e-01  -5.6025478e-01   4.2289650e-02  -1.5034864e-01   1.5801608e-01  -4.6988458e-01   2.7454537e-01   1.3622009e-01   1.5187718e-01   4.2400346e-02   2.4272638e-01  -2.3267044e-01  -1.4370563e-01  -5.6432267e-01   2.9178976e-01   2.2038308e-01   3.0464668e-01   1.0942285e-01  -2.5970662e-01   1.3943462e-01   2.5162429e-01   3.6153403e-01   4.9486269e-01  -5.4781413e-02   6.9736120e-01   2.2761528e-01  -3.8257177e-01   5.0355421e-01   2.7347482e-02  -2.9539589e-01  -2.4163050e-01  -1.5913877e-01  -4.3212986e-02   1.5972970e-01   3.2768078e-01   1.2667762e-01   4.3132464e-01  -3.5388611e-01   5.8871251e-01  -2.0263028e-01   7.5858428e-02   2.5788778e-01   1.7454623e-01   6.7703915e-02  -9.2710635e-02   4.3401928e-01   9.2250464e-02  -1.4126622e-01   3.1433022e-01   3.6336353e-01   4.3654675e-01   2.1518733e-01   2.1232444e-01   6.0021534e-01   4.5147755e-01   3.1932811e-01   3.5297444e-01   3.1658072e-01   3.6113650e-01  -3.1475471e-01  -4.2504944e-01   7.3221258e-02   6.1252534e-02  -1.4107371e-01  -3.6620017e-01   2.4227646e-01   3.2793645e-01   1.9266397e-01   3.9523896e-01   6.1092254e-01   1.4675873e-01  -2.0259562e-02   3.1572670e-01  -5.4001425e-01   1.2801480e-01   1.6731323e-01   4.3325126e-01   4.2303372e-01   2.3213124e-01   5.8724322e-02  -1.0001477e-01   3.5156948e-01  -2.1714127e-01   4.3418654e-03   8.6771135e-02   3.3729607e-01   3.6118369e-01   5.7516187e-01  -2.7728481e-01   2.9327448e-01   4.9327782e-01   4.6590816e-01  -1.8922206e-01   3.3528346e-01   1.8522988e-01  -3.7350227e-01   9.3985957e-02   2.5424041e-01  -9.2677300e-02   5.3781274e-01   7.8604411e-02  -1.0596867e-01   3.0437841e-02   3.3089105e-01  -3.7636404e-01   1.5820630e-03   1.1656510e-01   8.7365159e-02   3.6255061e-01   5.8466147e-01   1.0899623e-01   3.3153433e-01   2.6420447e-02   1.4901386e-01  -5.4758564e-01   4.8963743e-01  -1.1179574e-02   4.1982376e-01   1.9761342e-01   4.6238274e-01   1.6183357e-01   5.6291774e-02   1.0605038e-01   1.8360163e-01   1.7323339e-01   5.9299343e-02   5.8371174e-02  -2.0340477e-01   3.4121371e-02   5.7053653e-01   6.4056401e-02   4.5106585e-01   3.0143059e-01   7.5981648e-02   2.3173401e-01   9.6199964e-02  -5.5216201e-01   5.4150435e-02   3.2183691e-01  -4.0421123e-02   2.7075444e-01   2.6031128e-01
  -7.7570543e-02   2.6314618e-01  -1.8536948e-01  -1.2931217e-01   3.0471038e-01  -2.7512569e-01  -3.3295693e-01   3.3465456e-01   3.2782909e-01   1.1227204e-01  -1.0552214e-01  -1.7402505e-01   0.0000000e+00  -1.0465457e-01  -1.4433493e-01  -3.2522144e-01   8.4305095e-02   3.4866587e-01  -2.1445507e-01   2.3656297e-01   2.2208071e-01   4.8581280e-01   1.1565851e-01   1.0267061e-01   3.1589666e-01   1.8303588e-01  -3.3042751e-01   2.0122673e-01   1.0668796e-01   6.0225552e-02   1.8718427e-01  -2.5876436e-01  -3.8774158e-01  -1.9545323e-01   5.8374319e-02  -3.2235516e-01   3.2996602e-01  -1.0353710e-01  -3.4474354e-01  -4.0441251e-01   4.8266192e-01  -3.2621157e-01   2.0985373e-01   4.8523419e-01  -3.3064761e-01   1.7886367e-01  -1.9252334e-01   9.1345639e-02   4.9554781e-01  -3.2950660e-01  -4.2803132e-01   3.6152102e-01   3.1932693e-01   2.3975607e-01   1.2570766e-02   1.8450582e-01   5.1773394e-02   8.6181608e-02   2.0166885e-01   3.1747312e-02   1.1579182e-01   4.4060072e-01   9.5290965e-02   3.4960699e-01   3.1416014e-01  -1.7172562e-01  -5.7873215e-02   2.5512688e-01  -5.7321852e-02   2.3023830e-02   3.1592225e-02  -3.0642892e-01   5.0017006e-03  -7.1611752e-02  -1.9086085e-01   5.1966099e-01  -6.3520679e-02   1.2191321e-01  -3.9504098e-01   1.4820758e-01   1.8026155e-01  -1.3762960e-01   4.4370333e-01   3.1143536e-01  -2.7262604e-02   1.8409372e-01  -6.0742868e-02   1.1790068e-01   1.5613456e-02   1.5010318e-02  -1.5630628e-01  -9.7031120e-02  -4.8695918e-01   2.0607856e-01   6.3716186e-03   1.7351210e-01   2.2038129e-01  -1.2627141e-01   5.4373739e-01   1.4415538e-01   9.9824733e-02   1.5803519e-01   2.1241235e-01   3.6684170e-01  -1.8637413e-01   2.7078745e-01  -1.7137370e-02  -7.1360291e-02   3.6793258e-01  -4.0217720e-02  -1.6321319e-01  -3.9593024e-02   3.1721395e-02  -8.6847243e-02   4.4851329e-02  -8.2109735e-02   1.0057084e-01   3.3487257e-01   1.1608835e-01  -5.3008169e-01  -1.0327645e-01  -3.6878182e-01   1.4017800e-02   3.8919309e-01   1.3714989e-01   2.4297341e-01  -2.9067004e-01  -7.9957308e-02   2.3259729e-01   1.1538094e-01  -1.4573820e-01  -3.2398403e-01   2.7146122e-01   3.8301255e-01  -2.4743682e-02   5.0840207e-01  -7.7666407e-02   1.5748633e-01   3.3920214e-01  -1.9084951e-01  -4.9657949e-02   7.9723060e-02  -4.3018088e-01   1.7243843e-01   2.6125530e-03   3.6812504e-01  -1.7627475e-01  -1.1798174e-01  -2.6295016e-01   3.7379852e-01  -6.3974870e-03   4.1129263e-01  -2.9693229e-01  -1.1121915e-01   1.4412273e-02  -5.2484502e-02   1.8930087e-01   5.8207999e-02  -3.0498978e-02   2.8809833e-01   3.3437022e-01  -1.1732204e-01   2.8072203e-01   2.3052777e-01  -6.7037487e-02  -2.6383557e-01  -3.4600617e-01   4.2207276e-02   1.9748164e-01   9.4661687e-02  -3.4196256e-01   3.1928715e-03   9.5038454e-02  -2.5108506e-02   7.4152967e-02  -4.5606834e-01   3.3662903e-01
   7.2174916e-01   3.0171263e-01   3.1715551e-01   3.5024169e-02  -6.0374582e-01   5.7095729e-02  -7.4504644e-02   1.8249317e-01  -8.9712675e-03  -4.8839932e-01   1.1528181e-01   2.3151922e-01  -1.0465457e-01   0.0000000e+00   1.4770029e-01  -1.0620192e-01   3.0957238e-01  -3.3772211e-01   1.0334722e-01  -5.0853913e-01   1.6047925e-01   2.0620850e-01  -4.8621036e-02   5.7875325e-01  -1.3480172e-01   3.9467833e-01  -3.4382959e-01   5.4219130e-01  -2.9992371e-01  -5.3878311e-02   6.5643147e-02   1.5330174e-01  -1.1301820e-01  -1.3855574e-01   4.0470608e-01  -1.5019067e-01  -5.0199957e-01   5.1448260e-01  -1.6580363e-01  -2.4574297e-01  -5.5811559e-01   1.8332547e-01  -3.9182135e-01   1.4090408e-01  -2.1912179e-01   4.7568112e-01  -1.4807327e-01  -3.4176691e-01  -5.6719065e-01  -1.0849479e-01   1.7905141e-01   2.9431892e-01  -1.8019173e-01  -3.5487526e-01   6.7371623e-01   2.1516371e-01   1.8821335e-01   2.8611636e-01  -1.8876036e-01   2.0068896e-01   4.5869642e-01  -4.4081615e-01   2.7366279e-01   1.9346268e-01  -4.1339014e-01  -2.4851335e-01  -1.9034946e-01   1.0749344e-01   6.6058567e-02   3.0613454e-01   4.8818367e-02   2.3761608e-01  -6.4130155e-01   6.7762983e-01  -3.8629745e-01   1.9842508e-01   3.4023119e-01   3.3233530e-01  -3.5747944e-01  -1.2834414e-01   5.8361788e-01  -3.8237771e-01  -8.1993138e-02   3.0069000e-01   7.4536589e-01   4.5828830e-01   2.5531771e-01   6.4764275e-01   4.6230189e-01   6.4979857e-01  -1.4895263e-01   3.0716673e-01  -7.4418445e-02   2.4782214e-02   2.8723645e-01  -5.7501323e-01  -1.2825857e-01  -3.7804661e-02  -1.7902489e-01  -3.1914419e-01   7.1350556e-01   1.4730070e-01   3.4199514e-01   3.3332548e-01   4.5702729e-01   2.1110324e-01   7.7291196e-02   1.4454244e-01  -4.8591416e-01  -1.9155426e-01   7.3242506e-03   1.2557849e-01   3.9927916e-01   6.5928687e-01   3.5571373e-01  -4.3042368e-01   1.5305956e-01  -4.4448048e-01   4.1493792e-01  -1.1458538e-01   3.8968369e-01  -2.0621131e-01   9.0505056e-03  -2.1780737e-01   4.5870259e-01   5.4881051e-01   1.0772603e-01  -2.3428835e-01   3.3915137e-01   2.5513476e-01  -3.9934483e-01  -1.4019212e-02   6.3000752e-01  -7.0058894e-02   3.2074082e-01   2.1483607e-01  -2.8312413e-01   3.8586853e-01   3.6142417e-01   1.1054537e-01   5.7332117e-01   5.7073181e-02   1.4707261e-01   1.5847426e-01   4.0305186e-01   1.9341409e-01   1.5729192e-01  -2.5203274e-01  -2.4309021e-01  -4.6581498e-01   6.6297767e-01   2.5363791e-01   4.3274173e-01   1.2172349e-01   6.8599890e-02   5.1262833e-01   4.0077151e-01  -1.2320825e-01   4.8537378e-01   3.4583815e-01  -3.9931987e-02   2.1913469e-01  -2.1582953e-01   1.6232405e-01   1.6555837e-01  -5.0654692e-01   1.5691748e-01   4.8221533e-01   4.4682107e-01  -1.9329898e-01  -3.7968646e-01  -2.1599620e-01   1.8289296e-01   3.5240630e-01  -8.1671970e-02   2.4603806e-01   1.5027602e-01
