   0.0000000e+00  -2.2849382e-01  -2.1613023e-01   4.0953082e-02  -3.5946901e-01   5.2409372e-01   1.3659963e-01  -1.2372651e-01   7.6972535e-02   9.4521904e-02   4.1767680e-01  -1.5427417e-01  -2.7655274e-01   2.3795402e-01   7.5364384e-02   1.0097805e-01  -3.4789390e-01   2.8518693e-01   1.4881455e-01  -4.2031573e-01   3.9037699e-01   7.3275036e-02   4.9853601e-01   4.7151248e-01  -4.9229521e-02   3.8835451e-01   5.8876795e-02   3.2682773e-01  -1.9205445e-01   2.6236942e-01   2.1370335e-01   1.8322356e-01   4.7099642e-02   2.5422675e-03  -5.8192631e-03   4.8212501e-02  -8.3001074e-02   4.5538636e-01   1.6399185e-01  -1.5906744e-01  -1.8402472e-01   4.1371817e-02  -5.0450737e-02   1.8632578e-01   7.1282394e-02   1.7264599e-01   2.5320269e-01   1.1198934e-01  -4.1457910e-01  -1.8102927e-01   2.2894102e-01   3.9303171e-01  -2.0579109e-01  -3.0029101e-03   4.0065455e-01   3.5859226e-01   2.2833124e-01   3.9808452e-01   3.4007684e-02   2.2109944e-01   9.8478787e-02  -3.6381344e-01  -7.9773602e-02   4.0902339e-02   8.8177736e-02  -5.3015543e-02   4.6306146e-01  -4.0492823e-02   4.0330444e-01   3.6309990e-01  -2.9541402e-01   1.5912717e-01   2.4426827e-02   5.5285274e-02  -2.0472432e-01  -1.8863593e-01   1.1072399e-01   2.4207189e-01  -1.8558590e-01  -3.2418165e-01   3.3289200e-01  -6.9792256e-03  -2.3862166e-01   6.1762040e-02  -3.1572318e-01   1.4897175e-01  -2.8953661e-01   2.0865401e-01  -5.4419957e-02   5.2693093e-01  -1.4850516e-01  -8.2074055e-02  -2.9854354e-01   9.3865917e-02   4.2953247e-01  -4.2369204e-01  -1.9170258e-01   1.9438388e-01  -4.7088407e-02  -2.5579576e-01  -1.0524080e-01   2.5275039e-02   3.0953537e-01   6.9212350e-02   3.3218630e-01   7.2114717e-02   1.8765437e-04   3.4800852e-01   1.4768921e-01   2.8617480e-01  -3.2199008e-01   5.0897251e-01  -1.5135310e-01   4.4583543e-01   2.1279880e-01  -1.4213071e-01   3.1669075e-01  -2.7061459e-01   4.5583849e-01  -7.6386342e-03   3.3237973e-01  -2.3679305e-01   1.3502739e-01   1.0513302e-01   2.9615922e-01   8.1573955e-02   1.4907794e-01  -2.1912555e-01   2.6460547e-03   1.5134297e-01   1.8321742e-01  -1.0569703e-01   2.5679029e-01   4.3095629e-01   3.4440453e-02   1.7403987e-01  -2.9051470e-01   2.4631682e-01   2.2273404e-01   5.1155977e-01   5.4438714e-01  -2.2642357e-01   3.2737056e-01   5.8909338e-01   1.4491594e-01   3.6408033e-01  -3.3123724e-01   1.5522372e-01   3.4798164e-01  -2.0593066e-01   2.8245000e-01   7.2123559e-02   2.9504186e-01   1.1015552e-01  -1.9646410e-01   4.3985246e-01   4.8109182e-01   2.4371710e-01  -2.2454902e-02   2.6995703e-01   1.2972609e-01   4.0923323e-01   1.6478440e-01  -6.5028403e-02   3.2171071e-02  -3.8197492e-01   1.5859474e-01   1.5393086e-01   3.2126424e-01  -2.6088005e-01  -3.2920117e-01   3.1964588e-01   1.0524845e-01   6.3366962e-01  -1.1425396e-02   3.6492351e-02   1.3131961e-01
  -2.2849382e-01   0.0000000e+00   2.8140087e-01  -1.7711796e-01   5.8376461e-02  -2.8002008e-01  -2.2892017e-01  -2.1234103e-01   1.1303283e-01  -2.5234600e-01  -1.2991800e-01   5.4262901e-01  -1.7581342e-01  -2.2405205e-02  -1.4952396e-01  -3.8635266e-01   3.4132843e-01  -2.1619114e-01  -1.8187977e-01  -2.6243157e-03   1.8668732e-02  -1.9360508e-01  -3.1291536e-01  -2.1321644e-01  -1.0046776e-01  -1.7244433e-01   3.9954347e-01  -3.1188149e-02   4.0872379e-01  -1.2120778e-01  -1.2331550e-01  -9.0068367e-02   9.2290870e-03  -6.7306724e-02   5.5772769e-01   2.8184559e-02  -3.5791116e-02  -2.1836701e-01  -1.9997123e-01   1.7333452e-01  -6.1886984e-02  -8.7950258e-02   8.6001062e-02  -3.0225358e-02   2.5975270e-02  -2.0962048e-02  -3.4015863e-02  -1.0310361e-01   2.7553918e-01   1.7984007e-01  -2.8042379e-01  -2.5671452e-01   2.4182264e-01  -6.7789774e-02  -5.6765428e-02  -4.1098089e-01  -1.0275584e-01  -1.2714501e-01  -3.6587352e-01   3.2865302e-03  -1.6512628e-01   8.8390145e-02   1.1130968e-01   2.4832133e-01   3.5306788e-01   4.0241132e-01   9.6124402e-03   2.9022866e-01  -2.6142185e-01  -2.1076950e-01   5.6461096e-01   4.9441405e-02  -2.8872903e-01   1.6925107e-01  -8.9891544e-02  -2.6384876e-01  -1.2512587e-01  -2.0431805e-01   4.8126257e-01   1.5551573e-02  -3.2964008e-01  -2.6370099e-01   1.5485636e-01  -2.8262297e-01   2.8212450e-01  -4.4291741e-01   3.8923717e-01  -7.5981368e-02   2.5392481e-01  -8.3230779e-02   4.3888394e-01  -6.5413350e-02   1.0073440e-01  -6.7112636e-02  -1.0954679e-01  -3.8889401e-02   1.2321777e-01  -3.4321714e-01   1.0916797e-01   3.6718278e-01   1.8364175e-01   2.9800168e-02  -4.0930473e-01  -1.4833274e-01  -2.2053371e-01   3.1115190e-02   3.7756828e-02  -1.9851614e-01  -1.6120280e-01  -1.5198476e-01   2.3906644e-02  -3.0675489e-01   1.4920568e-01  -1.3741377e-01  -1.6561348e-01   4.7370182e-01  -4.1925732e-01  -2.9265307e-01  -4.8117153e-02   1.3814252e-03  -2.1807159e-01   2.4157540e-01  -3.4438832e-02   5.2528977e-01  -1.2577904e-01   3.4349084e-01   1.1633711e-01  -4.4698353e-02  -3.1618397e-02  -4.8183395e-02  -1.9003027e-01   3.0348697e-01   9.1809229e-02   3.3833554e-02  -1.2272448e-02  -1.4020067e-01  -8.2542564e-03  -2.7310037e-01  -2.4232513e-01  -2.0708391e-01  -2.1631210e-01  -2.6579938e-02  -7.8044401e-02  -1.7043411e-01  -2.2221877e-04  -2.1613182e-01   1.5869673e-01   2.7587671e-01  -1.7340449e-02   5.0490809e-01  -2.2539083e-01  -2.6356164e-01  -3.6220253e-02   2.0551073e-01   3.1607183e-01   1.7431997e-03  -3.1449105e-01  -3.3418101e-01  -1.1778379e-01  -2.6359826e-01   1.5626988e-01  -1.1814317e-01  -3.3716399e-02   5.3044431e-02   8.3539602e-02   3.5743768e-01  -1.8619180e-01  -2.7133183e-02  -8.4344918e-02   2.5890911e-01   4.3846798e-01  -2.7601122e-01   1.2384404e-01  -2.4974839e-01   2.6605790e-02   5.5333868e-02  -1.9688751e-02
  -2.1613023e-01   2.8140087e-01   0.0000000e+00  -1.8858785e-01   3.2573745e-01  -7.3146705e-02  -2.3787221e-01  -1.5068196e-02  -4.1823317e-01  -3.7676554e-02  -3.1466821e-01   4.7135050e-01  -1.9988878e-01   2.4885344e-02  -1.3403981e-02   2.0820154e-01   7.9100207e-01  -3.0173869e-01   7.3285798e-02   1.5908580e-01  -4.8617960e-01  -3.4338026e-01  -3.6499746e-01  -1.9637690e-01  -5.6562010e-02  -1.2291212e-01   5.9113519e-01   6.0585173e-02   4.4411257e-01  -3.9317062e-01  -4.4130583e-01  -1.7689230e-01   3.3429687e-01   1.1054021e-01   3.7692310e-01   1.9696068e-01  -3.2300111e-01  -2.8379734e-02   9.0288044e-02   6.5398201e-01  -1.1596160e-01   4.6169567e-01   4.1385008e-02  -3.2934710e-01   5.8711411e-02   5.8402406e-01  -6.4680397e-02  -5.8708117e-01  -1.9048979e-03   5.8088883e-01  -1.5782206e-01  -3.4385690e-01   1.6729705e-01   2.4397648e-01  -1.3176983e-01  -2.6700485e-01   1.6037740e-02  -1.6902662e-01  -2.1204262e-01  -9.1143531e-02   5.6750098e-01  -3.0390321e-02  -2.4632647e-01  -9.2927294e-02  -1.4547797e-03   5.3481763e-01   7.7485536e-02   1.8157796e-01  -2.7886867e-01   4.1164187e-01   8.6020184e-02  -1.8840855e-01   7.0465666e-02   4.3700606e-01  -1.6997730e-01  -9.9199374e-02   4.1437501e-01  -3.4959130e-02   5.2683244e-01   7.8689392e-02  -3.2090181e-01   1.9249440e-01   1.4314556e-01  -1.1000340e-01   5.7318811e-01  -1.8907957e-01   3.9559767e-01  -7.8260757e-02   1.2921429e-01  -1.5603730e-01   4.4939496e-01   5.6401192e-01   5.8770287e-01  -2.5277174e-01  -4.6901130e-02   3.4815673e-01  -9.3091703e-02  -1.2191513e-01   3.6657527e-02   3.4821180e-01   1.5742422e-01  -1.4444302e-01  -6.2268544e-01  -2.4050453e-01  -3.1530803e-01  -9.6922587e-02   4.7747320e-01  -1.4690271e-01  -5.1932805e-02  -3.1178903e-01   4.9657254e-01  -3.3339469e-01  -7.4932985e-02   9.8712877e-02   1.0855229e-01   2.7595835e-01  -4.0538637e-01  -1.0813785e-01  -2.2279469e-01  -2.2682643e-01  -9.3867880e-03   6.1094035e-01   7.7640809e-02   1.9535429e-01   3.3336181e-02   3.7332670e-01   8.5429353e-02  -2.7849117e-03  -2.9189325e-01   1.5988975e-01  -7.0035738e-02   3.2763798e-01  -1.2174970e-01  -5.1640942e-01  -3.0055309e-01  -1.3614048e-01   7.8560657e-02  -5.8833167e-01  -2.2657788e-01   3.9031921e-02  -1.4243467e-01  -3.2684404e-02  -1.2270249e-01  -1.6318221e-01  -1.6450070e-01  -6.4935910e-01   5.2033820e-01   2.9399161e-02  -7.9459701e-02   7.9224292e-02   2.3619399e-02  -6.0551752e-01   3.6024724e-01   4.5369583e-02   8.2212340e-01  -7.3821233e-02  -8.7569691e-02  -9.4431270e-02   4.8605189e-01  -3.0060223e-01   9.3243647e-02  -1.8270614e-01  -4.6756870e-02  -3.3178640e-01   2.3748284e-02   4.2177222e-01  -8.0694185e-02   1.1883076e-02   4.0706631e-01   4.5634026e-01   6.5743064e-01   6.3361633e-02  -2.1439294e-01  -2.3818803e-01  -1.1997801e-01   1.7195373e-01   4.0502192e-02
   4.0953082e-02  -1.7711796e-01  -1.8858785e-01   0.0000000e+00  -9.9857479e-02   9.2274662e-02   1.6193139e-01   4.0839168e-01  -9.8931491e-02  -2.5011904e-01   1.2182906e-01  -1.1778908e-01  -3.8799952e-02   3.4725747e-01   2.0594809e-01   7.9502096e-03  -1.8252482e-01   1.6240625e-01   3.1833950e-01  -1.4110438e-02   1.5302886e-01   1.8685932e-01   1.7486275e-01   3.5423243e-02   1.0384500e-01   3.3985594e-01  -2.6577879e-01   1.6647261e-01  -2.1681064e-01   1.0920258e-01   4.9869663e-01   1.7183511e-01   2.3050862e-01  -1.3011130e-01   4.5720066e-02  -2.9500232e-01  -1.4733107e-01  -3.3045562e-01   1.0982830e-01  -1.8353328e-01   6.3466016e-02  -7.1312387e-02  -1.9641953e-01   1.8865527e-01  -1.2344479e-01  -7.6099689e-02  -1.1895569e-01   2.8360077e-01  -8.0005501e-02  -2.0211657e-01   8.0992502e-02   1.7865057e-01  -1.2726594e-01   3.3237374e-02  -8.6866861e-02   1.7174282e-01   2.1845982e-01   1.3081479e-01   2.5574893e-01   7.6078616e-02  -1.0342927e-01  -1.9354499e-01  -8.5027394e-02  -1.2651602e-01  -6.6450729e-02  -3.1413480e-01   3.4344417e-01   4.1326868e-01   1.8435068e-01  -1.2134935e-01  -1.1093029e-01   6.9543093e-03  -1.4876498e-02  -1.7373765e-01  -1.5961793e-01   1.5616437e-01  -2.9169669e-02   5.4302912e-01  -2.0944076e-01  -3.8994747e-02   1.4223433e-01  -1.8726015e-01  -2.1964112e-01   3.3641103e-01  -1.4963027e-01   3.8766365e-01  -1.2221881e-01  -9.3421247e-02   1.8262128e-01  -4.9777318e-02  -1.9023279e-01  -1.6870682e-01  -2.2588552e-01   1.7454784e-02  -1.4549064e-01  -6.4411760e-02  -3.7820911e-01   3.3540145e-01   4.0186996e-01  -2.2368518e-01   1.3898734e-01  -1.0658223e-02   3.1268304e-01   3.7680820e-01   7.3415546e-02   7.4966382e-01  -2.3425063e-01   2.8607927e-01  -4.1025274e-02   3.0389661e-01  -2.0639765e-01   1.3570184e-01   5.5241877e-01  -1.7980617e-01  -9.9532697e-02  -2.3531020e-01   1.5285828e-01  -2.1734761e-01   1.1727352e-01  -1.3628271e-01  -2.1297118e-01  -1.1276805e-01   3.1595245e-01   8.6139818e-02  -2.6080394e-02  -3.6833211e-02   1.6387138e-01  -9.9704174e-02   4.7096168e-01  -4.7182919e-02   3.6833420e-01  -8.2795689e-02   2.9018616e-01   9.9267191e-02  -2.2745714e-01   4.3991077e-02   2.3943114e-01   2.1090897e-01   1.8381143e-01  -9.8996598e-02   7.0052164e-02   1.7156218e-01   5.1025138e-03   1.3259885e-02   2.1943662e-01   3.2145495e-01  -1.1058778e-01   8.4330333e-02   9.3131637e-03  -3.5276287e-01  -6.6604705e-02   2.4061383e-01  -1.7152211e-01  -2.4711761e-03  -1.7691197e-01  -4.0077645e-02   1.4652590e-02   9.3461761e-02  -1.5615632e-01   2.3425351e-01   4.7289177e-01   2.1821662e-01  -9.4046491e-02   1.1054417e-01  -1.8145079e-01  -2.0934114e-01   1.9631552e-01   1.2927313e-01  -5.7404910e-02  -7.9214253e-02  -3.8205568e-01  -1.0544486e-01  -1.6750185e-01   2.3825767e-01  -3.7955831e-01   5.0888287e-01   5.6296307e-01
  -3.5946901e-01   5.8376461e-02   3.2573745e-01  -9.9857479e-02   0.0000000e+00  -5.4913343e-01  -3.4423506e-01  -1.7558879e-01  -3.9403557e-01  -1.4107176e-03  -5.7698033e-01  -1.9706064e-01   2.6292326e-01  -1.5148959e-01  -1.0841239e-01  -6.5713386e-02   6.1837316e-01  -5.0034397e-01  -9.6519464e-02   7.1023720e-01  -4.6941761e-01  -4.7710745e-01  -6.5059808e-01  -4.7071826e-01   3.0149087e-01  -4.1869907e-01  -5.6568835e-03  -3.6881948e-01  -6.4858555e-02  -7.3816244e-01  -3.0157355e-01  -4.5430086e-01   6.0543478e-02   2.6184469e-01  -2.2851680e-01   1.2827979e-01   1.7929410e-01  -2.5588637e-01  -7.2034782e-02   4.0283478e-01   4.5205913e-01  -4.5364456e-02  -7.1153225e-02  -3.4451129e-01  -1.8195576e-01  -7.7176354e-02  -3.3266792e-01  -2.0165136e-01   6.0349060e-01   2.9182923e-01  -5.4011370e-01  -5.4435834e-01   4.5918709e-01   3.2942992e-01  -2.5695590e-01  -2.5848059e-01  -3.7400173e-01  -5.5304005e-01  -8.9123890e-02  -5.8385573e-01   3.5615840e-01   4.3016144e-01  -6.7620437e-02  -3.3181024e-02  -1.7107190e-01   2.8933144e-01  -1.8052658e-01   8.8148030e-02  -6.7148611e-01  -3.2119222e-01   1.9271939e-01  -5.6465820e-01   2.6390542e-01  -7.1553970e-02   1.6812835e-01  -1.2335500e-01  -6.2501339e-02  -4.0409630e-01   4.6471210e-01   4.8834776e-01  -3.8927718e-01  -4.3644036e-02   5.1764396e-01  -5.7610315e-02   5.6248960e-01  -2.3898633e-01   2.4045186e-02  -4.8253082e-01   8.3490668e-02  -5.7395303e-01   5.3111325e-01   2.7524459e-01   6.5351225e-01  -6.2183599e-01  -2.4254157e-01   8.5558096e-01  -2.1934557e-01  -1.9820463e-01   3.4704343e-01   6.1116905e-02   8.8237137e-02  -9.9155117e-02  -4.6279364e-01  -4.2444297e-01  -7.2107916e-01  -2.4331504e-01   4.3567144e-01  -5.2187159e-01   1.3429135e-01   4.2482520e-02   5.7502533e-01  -6.5273308e-01  -2.3311185e-03  -1.3881275e-01  -1.8543895e-01   4.5193707e-01  -3.2549223e-01   4.1847940e-01  -4.0033163e-01  -4.7905411e-01  -4.1528120e-01   6.5238206e-01  -1.6798891e-01  -4.2681256e-02  -3.0937433e-01  -3.0156027e-01  -4.4974186e-01   5.7492730e-01  -4.6591788e-01   6.1533452e-02   8.1465176e-02   3.1502795e-01  -1.0292274e-01  -4.8048501e-01  -6.1621518e-01  -3.1354242e-01   4.6229330e-01  -2.9319122e-01  -3.3846923e-01  -1.7373524e-01  -3.2827299e-01   2.1861982e-01  -5.0244918e-01  -6.7556177e-01  -3.9947323e-01  -6.1744491e-01   4.3199035e-01   8.6332834e-02  -2.0940320e-01   1.4700670e-02  -2.9601379e-01  -9.6558517e-02  -1.3784539e-01   1.7930554e-01   4.2533861e-01  -4.6497792e-01  -1.6888780e-01  -4.6610109e-01   3.4937029e-01  -3.0935205e-01   4.8946650e-03  -4.8607874e-01   2.1943471e-01  -5.1139221e-01  -4.5364873e-01   3.9294588e-01  -3.5819608e-01  -2.2723903e-01   2.1767943e-01   6.7429067e-01   5.1835778e-01  -1.4944898e-01  -4.8812365e-01  -4.9720271e-01  -1.7929578e-01   2.2649303e-01  -4.9719901e-02
   5.2409372e-01  -2.8002008e-01  -7.3146705e-02   9.2274662e-02  -5.4913343e-01   0.0000000e+00   4.2640682e-01   1.5181108e-01   1.3507685e-01   2.1790918e-01   6.5700978e-01   4.6102929e-02  -3.2818036e-01   3.7661747e-02   7.7957934e-02   3.7210963e-01  -4.9437959e-01   5.9281924e-01   1.8909493e-01  -4.2776825e-01   3.3911541e-01   2.0454941e-01   7.4099952e-01   4.8053152e-01  -4.9829758e-02   4.1188370e-01   2.5023660e-01   2.7031395e-01  -1.1304205e-01   5.7150465e-01   1.4266393e-01   3.0050365e-01   9.1134415e-02  -1.2761915e-01   8.3148480e-02   2.2670214e-01  -7.0507673e-02   2.2035699e-01   1.7550985e-01  -5.3997507e-02  -3.4929662e-01   1.7035253e-01   1.8637954e-02   2.5629003e-01   3.1980948e-01   2.6940759e-01   5.1036272e-01   1.5310100e-01  -5.7947895e-01  -2.7565529e-01   5.4821635e-01   4.4998456e-01  -5.2540634e-01  -2.9827205e-02   1.1652318e-01   4.9269945e-01   5.3483217e-01   3.3868182e-01   3.1471845e-01   4.2238969e-01  -3.5300976e-02  -3.3710193e-01   3.6555483e-02  -1.9360167e-01   1.1759001e-01  -3.0744793e-01   5.5769991e-01  -2.0961784e-01   7.8234177e-01   5.4516835e-01  -3.8231277e-01   4.5284977e-01  -8.4039669e-02   1.9158166e-02  -1.8357251e-01  -1.4504728e-01   9.2525942e-02   4.5536087e-01  -3.7847133e-01  -3.2700290e-01   3.1499707e-01   1.6548560e-01  -5.8190357e-01   1.4049433e-01  -6.2759281e-01   1.2991846e-01  -3.2087585e-01   3.5618844e-01  -1.2369141e-01   3.9216079e-01  -4.4242412e-01  -1.9722726e-01  -5.2139369e-01   2.9968331e-01   2.1400720e-01  -4.4483584e-01   6.0537283e-02   3.7195059e-01  -2.6730641e-01  -2.0946217e-01  -1.5158954e-01   1.7890067e-02   3.5045633e-01   2.0264020e-01   6.0052124e-01   8.2798310e-02  -1.7472747e-01   6.9889199e-01   8.9525868e-02   2.2492252e-01  -4.9492735e-01   5.3515179e-01  -1.7178786e-01   1.1444825e-01   3.0251738e-01  -4.6200112e-01   3.5807038e-01  -3.1186332e-01   5.3875472e-01   1.6855150e-01   3.9871133e-01  -4.5171567e-01   2.1968209e-01  -5.0992682e-02   4.0457239e-01   1.8407805e-01   3.2065384e-01  -4.7495010e-01   1.5485823e-01   1.0820407e-01   1.4468849e-01  -2.2116876e-01   4.3475603e-02   3.6345706e-01   2.3633672e-01   1.5712484e-01  -3.4410507e-01   2.1908858e-01   2.1218629e-01   2.1683363e-01   3.3941456e-01  -2.7196645e-01   5.3685606e-01   7.9476009e-01   2.4114376e-01   5.1176545e-01  -3.5582456e-01   5.4312646e-02   3.3345571e-01  -3.3872384e-01   4.3864479e-01   4.8622767e-02   2.4360513e-01   5.8702614e-02  -1.7765093e-01   3.1656302e-01   3.8313900e-01   4.7351183e-01  -5.1935913e-02   2.1637786e-01  -1.2489032e-02   6.2927745e-01  -7.8351899e-02   2.0769329e-01   1.9811337e-01  -4.3148388e-01   4.2488417e-01   3.2556989e-01   5.0965069e-02  -5.8327143e-01  -4.5284391e-01   1.7969770e-01   2.8133261e-01   7.5520360e-01   1.0059755e-01  -1.5432269e-01   1.1978827e-01
   1.3659963e-01  -2.2892017e-01  -2.3787221e-01   1.6193139e-01  -3.4423506e-01   4.2640682e-01   0.0000000e+00   2.4723389e-02   2.5609862e-01   3.3131553e-01   2.4674472e-01   1.0775235e-01  -5.4183006e-02  -5.7945492e-02   4.2607979e-01   2.9435637e-01  -5.2086707e-01   3.5675779e-01   4.7496538e-03  -7.2710064e-02   2.6372981e-01   3.2455649e-01   6.8332237e-01   2.7650380e-01  -8.0352828e-02   9.9531812e-02  -1.1824428e-01   1.5872108e-01  -8.5154299e-02   2.7086754e-01   3.3085783e-01   3.1698218e-01   1.5240383e-02   3.8658233e-01   1.4276481e-01   1.4555945e-01   1.5143038e-01   9.4142579e-02   7.8874191e-02  -4.7919001e-02  -1.2749180e-01   1.4461417e-01  -3.2423745e-02   2.1413119e-01   1.7063674e-01  -1.5514360e-01   2.0247125e-01   5.3446570e-01  -2.1595722e-01  -3.5702700e-01   3.4999569e-01   1.6802247e-01  -2.2287445e-01  -2.2532557e-01   1.3404529e-02   4.5920735e-01   1.7295922e-01   2.3773991e-01   9.4357920e-02   2.5704539e-01  -1.9331465e-01  -1.1049726e-01   1.0429685e-01  -5.4497102e-03  -8.8759025e-02  -2.1055278e-01  -1.4033955e-02  -2.3457251e-01   2.9081023e-01   1.2693502e-01   6.1882849e-02   3.7706584e-01  -3.4926492e-02  -1.4103908e-01  -2.1686686e-01   2.5196636e-02  -1.7049905e-01   1.1325814e-01  -4.0528265e-01  -2.0920556e-01   4.7611383e-01   1.0237794e-01  -2.7621673e-01   9.8908325e-02  -4.8524033e-01   1.8118167e-01  -2.2874102e-01   3.8054194e-01   6.6060818e-02   1.4040088e-01  -5.5884580e-01  -2.2488998e-01  -3.7060052e-01   3.3707488e-01   8.1719208e-02  -2.9439309e-01   1.6959546e-01   2.3311850e-02  -2.7032487e-01   1.0765206e-01   3.0746013e-02   4.7967201e-01   3.6496238e-01   3.5663138e-01   4.1545570e-01   1.0823017e-01  -1.3783110e-01   1.1169398e-01   3.9402610e-02   8.9149639e-02  -1.0809610e-01   2.9638395e-01   1.5251386e-01  -1.0010591e-01   5.0479587e-01  -3.1488739e-01   2.7772258e-01  -1.4361533e-02   4.1190823e-02   2.9187702e-01   2.0406985e-01  -5.5628513e-01   7.9513878e-02  -2.9185275e-01   9.4272545e-02   1.1987938e-04   9.0856563e-02  -1.8160021e-01   2.3882441e-01   6.4914760e-02  -1.6462762e-01  -2.2941295e-01   2.9344673e-02   3.9898155e-01   4.1142520e-01   6.0708653e-02  -2.1831543e-01   3.8241755e-01   2.2858552e-01   1.0797201e-01   1.9415485e-01  -1.7046171e-01   2.1103381e-01   3.0324154e-01   5.0765335e-01   3.8251960e-01   9.3457628e-02  -9.6970668e-02   1.9347229e-01  -1.0345828e-01   5.1533057e-01   3.3911884e-01   1.6296405e-01  -1.2185577e-01  -3.4954013e-01   5.1199742e-02   2.2021938e-01   2.6942063e-01  -1.3585331e-01   3.9836924e-01  -4.9347492e-02   1.1048025e-01   2.2382068e-02   3.4090402e-01   1.9931407e-01  -9.0907639e-02   3.6563608e-01   8.7391848e-02  -1.9324613e-01  -4.3790606e-01  -4.0598737e-01   7.0883368e-02   3.0036514e-01   1.3178797e-01   1.4289445e-01  -3.8419377e-01  -1.7944266e-02
  -1.2372651e-01  -2.1234103e-01  -1.5068196e-02   4.0839168e-01  -1.7558879e-01   1.5181108e-01   2.4723389e-02   0.0000000e+00   6.7436096e-02  -2.4236849e-01   2.0686032e-01  -2.5946806e-02   3.3675940e-02   1.5936958e-01  -5.0081402e-02   2.3428418e-01  -1.7195507e-01   2.7523434e-01   3.2764693e-01  -1.2939913e-01   6.2081385e-04   2.6474912e-01   9.1072898e-02   5.2919661e-02   8.1479190e-02   3.9170562e-01  -1.6663325e-02   1.7239275e-01  -1.7240921e-01   2.1980283e-01   1.0747853e-01   1.1613368e-01   1.5360890e-01  -2.4794454e-01  -9.4389426e-03  -2.5854675e-03  -2.5251566e-01  -1.0628088e-01   1.6987930e-01  -1.9670849e-01   3.7643960e-02   7.1475236e-02  -1.0421511e-01   2.1838092e-01   2.1113058e-01   5.6033346e-02   2.2037136e-01  -1.2689435e-02  -3.1046948e-01  -2.0894158e-01   3.4744988e-01   3.9667893e-01  -2.1581372e-01   2.4896183e-02  -2.4404563e-01   1.3058675e-01   2.4168599e-01   3.7758262e-02   3.9029595e-01   2.2626113e-01   4.0399220e-02  -5.9924948e-02   1.8176201e-02  -2.2561333e-01  -1.4394748e-01  -3.2256378e-01   4.1082587e-02   1.2114765e-02   3.2539632e-01   1.3843596e-02  -2.9491070e-01   1.3448445e-01   1.7140084e-02  -4.9125412e-02  -1.4350100e-01   3.6516630e-01  -7.5251727e-02   4.1044950e-01  -1.6756491e-01  -1.0640796e-02   1.2879073e-01  -4.8442941e-02  -4.1785413e-01   4.6862412e-01  -2.2390086e-01   3.1962692e-01   4.8947463e-02  -1.2289820e-01  -8.4138069e-02   1.5717334e-02  -1.8780235e-01  -2.0996923e-01  -1.8501067e-01   1.9044100e-01   8.1011465e-02  -7.7870992e-02  -1.0693838e-01   3.8299901e-01   2.3198200e-02  -3.3138392e-01  -2.3341960e-01  -1.2159137e-01   2.0619319e-01   2.6212314e-01   2.2437327e-01   3.9310982e-01  -2.9675472e-01   3.8499684e-01  -2.9193367e-01   1.5294023e-01  -2.0449601e-01   1.7741527e-01  -8.4450539e-03  -1.2047142e-01  -2.1637995e-01  -4.2241740e-01   2.0736157e-01  -8.3110127e-02   1.4032642e-01  -5.1203166e-02   5.3245549e-02  -1.3341754e-01   1.7939940e-01   1.7509751e-02   1.0657799e-01   2.5296061e-02   1.4587431e-01  -3.3846863e-01   3.1996243e-01  -3.8796515e-01   1.9152495e-02  -5.7977842e-02  -7.2499531e-02  -7.2087239e-02   6.3892303e-02   1.2165995e-01   8.3019947e-02   4.7931189e-02   1.6881648e-01  -6.6386514e-02   5.5716308e-02  -8.2448586e-02   2.8670955e-01   4.8959567e-02  -1.3156711e-01   1.3544850e-01  -1.9447722e-01  -1.0091544e-01   1.5239369e-01  -3.3372395e-01  -1.0752144e-01   2.0495956e-01  -1.3133004e-01   1.1297209e-01  -2.6983352e-01  -3.9798458e-02   7.1714022e-02   3.0281127e-01   6.7882386e-04   1.0016901e-01  -6.0512548e-02   2.1259330e-01  -2.9827561e-01   1.1807702e-01   6.3379259e-02  -1.8280999e-01   3.0691046e-01   8.0148757e-02  -2.7789858e-01  -1.9424127e-01  -2.9410919e-01  -8.7130399e-02  -1.9920977e-01   8.6008498e-02  -3.7810874e-01   1.2845041e-01   2.0604214e-01
   7.6972535e-02   1.1303283e-01  -4.1823317e-01  -9.8931491e-02  -3.9403557e-01   1.3507685e-01   2.5609862e-01   6.7436096e-02   0.0000000e+00  -1.6634981e-01   1.0291766e-01  -1.4260055e-02   1.9296901e-01  -2.1113017e-01  -2.4442756e-01  -1.4091016e-01  -4.6635661e-01   1.0864105e-01  -3.6046596e-01  -1.0387914e-01   2.7933798e-01   3.8437896e-01   2.6951900e-01   9.4396665e-02  -2.0090384e-01  -4.0052744e-03  -1.3995024e-01  -6.4217630e-02   9.0309616e-02   3.5824234e-01   1.2840973e-01   2.0432758e-01  -1.3808790e-01  -1.2010030e-01   1.4829970e-01  -2.9581391e-01  -1.1106611e-02   2.9926472e-02  -1.3752961e-01  -3.3542094e-01  -9.0882823e-02  -1.0957107e-01   2.9073400e-01   2.2276927e-01  -1.0859731e-01  -2.9554639e-01  -9.0342729e-02   3.5685674e-01  -1.3167442e-01  -3.0381594e-01   4.1099345e-03   1.9810730e-01  -2.7980314e-01  -4.3896918e-01   1.5298993e-01   7.7774174e-02  -3.3753336e-02   9.0718951e-02  -7.4923059e-02   7.5661252e-02  -5.5107133e-01   1.8377014e-01   6.3586979e-01  -7.1831596e-02  -6.7816172e-02  -3.6497786e-01  -1.4809954e-01   5.5527067e-03   9.7663175e-02  -1.2032728e-01   5.8421733e-02   2.1146420e-01  -1.8452358e-01  -1.5594378e-01   1.7385975e-01   3.6712546e-03  -2.4432440e-01  -1.6995416e-01  -3.9303320e-01  -7.9195626e-02   1.4479874e-01  -3.3753900e-01  -4.0876518e-01   7.7921237e-02  -3.1875165e-01  -1.3064469e-01  -9.7328518e-02   1.7616345e-01   2.4274047e-02   6.9920735e-02  -2.4930301e-01  -2.1749076e-01  -2.9789582e-01   2.5642498e-01   8.5891203e-02  -3.6702091e-01   3.3693567e-01  -4.2783235e-02  -1.0551282e-01  -1.9874841e-01  -1.8668394e-01  -2.2714803e-02   2.8724248e-01   2.2671352e-01   1.3135507e-01   1.4597138e-01  -1.8132008e-01   3.4402442e-02  -2.3031345e-01  -2.0952241e-02  -3.5787877e-01   1.7917496e-01   2.3475243e-01  -1.3318074e-01  -1.9775431e-02  -3.1520863e-01   1.5599479e-01   3.0997155e-02   6.5826713e-03   5.1160562e-01   5.8301450e-03  -4.3334637e-01  -2.3218269e-01  -1.4034069e-01  -1.5133371e-01  -6.3254437e-02  -2.1193745e-01   9.6586464e-02   4.7797619e-01  -1.3333023e-01  -9.6046846e-02  -4.7591446e-01  -5.3017171e-02   3.0340127e-01   3.9987356e-01  -2.9002226e-02  -1.3865661e-01   3.3309289e-01   9.4738382e-04  -8.6204284e-02   1.9037694e-02   1.9838934e-01   1.0567182e-01   1.9899845e-01   7.3437715e-02   3.0885622e-01  -3.4654028e-01  -1.6012758e-01   2.4528693e-01   3.6469524e-02  -1.0405016e-01   4.1020108e-01  -2.4639570e-01  -1.8096581e-01  -4.0564001e-01   5.8679404e-02  -1.5225505e-01   1.1788769e-01  -6.1793430e-01   2.7286273e-01   1.2846199e-02  -1.9404397e-02  -2.5488083e-01   5.4333643e-01   1.5802192e-01  -1.7345260e-01   1.7975304e-02  -1.2330503e-01  -3.1590618e-01  -2.8507109e-01  -2.4999574e-01   2.8131945e-02   4.1437685e-01   1.1521756e-01   4.5471777e-01  -2.8806014e-01  -6.4388323e-02
   9.4521904e-02  -2.5234600e-01  -3.7676554e-02  -2.5011904e-01  -1.4107176e-03   2.1790918e-01   3.3131553e-01  -2.4236849e-01  -1.6634981e-01   0.0000000e+00   1.7420233e-01   8.1990978e-02  -1.8186572e-01  -2.6524203e-01   2.1608588e-01  -2.5949092e-02  -1.6286874e-01   1.6956753e-01  -1.7374526e-01   1.9026315e-01  -3.2982780e-01  -5.2962769e-04   2.9638849e-01   1.2414721e-01   4.0872074e-02  -2.0688863e-01  -3.1861663e-02  -3.6754938e-02   5.1946803e-03   1.0030355e-01  -1.6233818e-01   8.4341627e-02  -2.5372716e-01   3.4565909e-01  -1.2463119e-01   2.7981777e-01   3.5704298e-01   1.0449449e-01  -1.9356343e-01  -2.9198523e-02  -1.1288157e-01  -2.7940130e-02   8.6296857e-03  -1.6278362e-01   8.0998589e-02   7.6617112e-02   1.8548467e-01  -9.1573867e-02   1.5650624e-03  -1.8777047e-01   2.7123436e-01  -1.1460196e-01  -1.4400694e-01   6.5533104e-02  -1.6415857e-02   1.5998808e-01   5.0116860e-02   1.2030773e-01  -1.0932947e-01   1.3721486e-01  -4.9243180e-02  -1.6908231e-01  -1.9348422e-01   1.9240942e-02  -1.1604392e-01   1.9294583e-01  -9.5664913e-02  -3.6219613e-01   8.1760645e-02   1.2761774e-01  -1.4625072e-01   4.8892163e-02  -8.4622217e-02  -1.4599030e-01   4.9163898e-02  -2.1941670e-01  -1.7128556e-01  -1.0581307e-01  -1.7625881e-01  -2.1010523e-01   7.8953858e-02   3.6645208e-01  -2.2367044e-02  -2.0229197e-01  -2.4120624e-01   5.0161216e-02  -3.1324090e-01   1.8666791e-01   2.0221905e-01   1.9455274e-01  -3.5521628e-01  -1.4510274e-01  -4.0808807e-02   1.2033699e-01  -8.3417782e-02   1.7117777e-01  -5.2524489e-02  -2.4273894e-01  -2.7408418e-01   2.3192755e-01  -2.0016700e-01   2.9583327e-01   5.3533153e-02   1.8379143e-02   2.4234852e-01  -2.3683336e-01  -1.0893351e-01  -1.5186481e-01   3.7968460e-01   5.8887425e-02   1.0405248e-01   9.0613333e-02  -2.7650732e-01   1.8543998e-01   2.2397423e-01  -5.2679892e-02   1.0666821e-01  -1.0348775e-02   1.5476649e-01   5.8559217e-03   2.0092323e-01  -2.4665144e-01   1.2572237e-01  -2.8272628e-01   2.4197549e-01  -4.9335482e-02   2.9329614e-02  -8.5879085e-02  -3.4318433e-01  -9.1524064e-03  -1.0718439e-01  -1.8106747e-01  -3.6764450e-01  -1.2454893e-01   1.5139039e-01   2.2443067e-01  -1.8581897e-01  -1.1375744e-02   1.3745715e-01   1.5854110e-01   3.1483057e-02  -6.5273429e-02  -1.2992103e-02   1.7193865e-01   2.5410610e-01   3.5388549e-02   2.6274497e-01   2.9261152e-02   2.4447822e-01  -2.5232860e-01   3.0091520e-01  -1.0457473e-01   2.5099726e-01  -1.8550502e-01  -8.1017080e-02   1.1568866e-01   2.5835270e-01  -9.1138023e-02   1.0248343e-01  -6.1270959e-02  -1.5624279e-01   6.9382436e-02   2.4486331e-01  -1.0390126e-01   4.6306501e-03   7.1064653e-02   1.5511601e-01   1.6352068e-01   4.0440796e-02  -2.1082006e-01  -8.1753811e-02   2.8467921e-02   9.9855628e-02  -1.4584922e-02   2.1823046e-01  -2.8836863e-01  -7.8207201e-02
   4.1767680e-01  -1.2991800e-01  -3.1466821e-01   1.2182906e-01  -5.7698033e-01   6.5700978e-01   2.4674472e-01   2.0686032e-01   1.0291766e-01   1.7420233e-01   0.0000000e+00   7.0923902e-02  -5.5871301e-01   9.2947586e-05   6.6666693e-02   7.0208677e-02  -5.9986993e-01   5.9298282e-01   1.1777764e-01  -5.3289647e-01   3.9320328e-01   2.3354445e-01   6.4310497e-01   4.8765160e-01  -3.5290226e-02   3.8332842e-01   1.9300172e-01   2.3852902e-01  -2.1288566e-01   6.7371828e-01   3.0669356e-01   4.7756257e-01  -1.9862992e-01  -3.6356207e-01   1.8846270e-01   4.3896694e-01   1.7797840e-01   1.9030908e-01   1.0990687e-03  -3.7504110e-01  -3.9020627e-01  -7.4093979e-02  -4.7180756e-02   5.7132594e-01   2.6009555e-01   1.2198409e-01   7.7048372e-01   1.9934926e-01  -4.2335003e-01  -5.3900269e-01   6.0960515e-01   6.0868066e-01  -5.2930455e-01   6.5501448e-02  -5.4274155e-02   4.4336870e-01   4.3431592e-01   4.6399265e-01   3.4103853e-01   5.8902834e-01  -1.6634896e-01  -4.9754297e-01  -4.7892120e-02   2.5485405e-01   3.4649353e-01  -3.4491643e-01   3.8931362e-01  -3.5617712e-01   8.2861087e-01   1.9663737e-01  -4.6252599e-01   6.1185214e-01  -1.6266428e-01  -1.6594103e-01  -1.7362322e-01   1.4069870e-02  -7.3500614e-02   4.1492982e-01  -3.1067064e-01  -4.8817482e-01   3.2326178e-01   2.6223168e-01  -4.9277318e-01   2.1173297e-01  -7.7543628e-01   3.0014878e-01  -2.2435177e-01   3.0675191e-01   5.2829970e-02   4.6881014e-01  -3.6689097e-01  -4.3387092e-01  -7.4390085e-01   4.3263968e-01   2.6563925e-01  -6.0460743e-01  -1.0219310e-01   2.0176874e-01  -3.3807903e-01  -3.3257698e-01  -3.4176815e-01   2.3441584e-01   5.4402094e-01   2.2991088e-01   7.6932018e-01   1.8748532e-01  -4.8630473e-01   6.6508006e-01   1.1523866e-01   1.6545283e-01  -7.1038539e-01   6.4836892e-01  -2.0269996e-01   1.3878657e-01   1.3083273e-02  -3.2107254e-01   3.8589238e-01  -4.7775114e-01   7.3991339e-01   1.6309093e-01   4.1410633e-01  -5.1285641e-01   3.4875817e-01   2.0516851e-01   4.7283417e-01   2.3437215e-01   4.7232827e-01  -6.3305334e-01   1.0993639e-01  -1.7001008e-01   9.3402932e-02  -1.4137727e-02  -2.3003596e-01   3.9465161e-01   3.2368104e-01   5.1826645e-01  -3.9108088e-01   3.8986137e-01   5.5870362e-01   6.4523552e-02   3.5507796e-01  -4.1021899e-01   6.9238209e-01   7.2613633e-01   3.6572173e-01   6.2688079e-01  -5.8823385e-01   2.5425537e-01   1.5533099e-01  -3.4839887e-01   1.9901954e-01   2.0802689e-01   1.6620410e-01   2.2666211e-01  -4.4861949e-01   4.8013954e-01   4.8896258e-01   2.7475473e-01  -3.1745964e-02   2.9672358e-01   2.6042218e-02   8.7765909e-01  -9.4802111e-02   2.4281753e-01   2.4305000e-01  -4.3425221e-01   4.3713021e-01   5.3627226e-01  -1.1376351e-01  -6.9479146e-01  -4.8282077e-01   1.3066414e-01   3.7818962e-01   5.8580957e-01  -4.0974324e-03  -2.2159626e-01   2.7785537e-01
  -1.5427417e-01   5.4262901e-01   4.7135050e-01  -1.1778908e-01  -1.9706064e-01   4.6102929e-02   1.0775235e-01  -2.5946806e-02  -1.4260055e-02   8.1990978e-02   7.0923902e-02   0.0000000e+00  -3.6630929e-01  -6.2780794e-02   1.9854171e-01   1.6734929e-02   2.1014850e-01  -2.1921173e-02   3.4008110e-02  -1.2313024e-01  -1.7391767e-01   2.9657583e-02   2.8583502e-02  -4.0974773e-02  -2.7960427e-01  -5.2892561e-02   4.7783025e-01   1.8099043e-01   4.8904054e-01   8.1088174e-02  -1.7671478e-01   1.9630268e-01   3.7005763e-02   1.3550661e-02   6.6619900e-01   1.7520670e-01  -5.2064102e-02  -3.9855181e-02  -9.1786797e-02   1.2078224e-01  -3.1913845e-01   2.6022704e-01   7.5350817e-03  -1.1751778e-01   2.6378135e-01   1.6578762e-01   1.8456843e-01  -3.8497237e-01  -3.5749758e-02   2.1216766e-01   1.4065338e-01  -2.4202740e-02  -1.6554800e-01  -5.0440720e-02  -1.2312093e-01  -1.2824311e-01   1.8440228e-01   2.7306568e-01  -1.9258320e-01   3.9267930e-01   6.4788098e-02  -1.9823282e-01  -7.6961136e-02   6.8254553e-03   2.7398115e-01   4.0903114e-01   7.3361293e-03   4.7450299e-02   4.6141839e-02   2.2470890e-01   3.7168164e-02   3.3375094e-01  -3.0551404e-01   4.8404008e-01  -2.2475360e-01   4.0435224e-02   1.3699967e-01  -7.0533799e-03   3.0477788e-01  -2.4907325e-01  -2.1263024e-01   9.4821358e-02  -8.7609716e-02  -1.3376225e-01   9.5075069e-02  -1.2774920e-01   2.9089621e-01   1.9391591e-01   2.0273341e-01   7.8547867e-02   1.8503139e-01   1.7681037e-01   1.6304420e-01   2.3982317e-01  -2.8902568e-02  -1.5383385e-01   1.7067471e-01  -2.3616075e-01  -2.4378388e-01   4.6214676e-01  -2.3804306e-01   2.5696955e-01  -2.6488692e-01   1.1872642e-01   1.7859362e-01   9.2169978e-02   5.9574577e-02  -3.8396680e-02  -1.2042868e-01  -2.7290685e-01   1.7217788e-01  -1.5626774e-02   4.8041144e-02   6.2890758e-02  -1.2076592e-01   7.8616117e-02  -2.8798999e-01  -4.0721941e-01   8.3896961e-02   2.0902388e-01   1.0133464e-01   1.4355103e-01   1.1404892e-01   2.7805363e-01   8.9008685e-02   5.7138751e-01   5.0945350e-01  -3.3956349e-01   2.0475958e-02  -3.1907337e-02  -3.1830533e-01   1.5042455e-01  -8.2919768e-02  -2.1578537e-01   2.7355825e-01   1.5753733e-01  -2.4902624e-01  -3.8696343e-01   9.6626708e-02  -4.3858297e-02  -1.8537071e-01  -1.9830973e-01   7.1731246e-02   1.5431303e-01   2.8626767e-01  -1.9813233e-01   2.3226461e-01   9.7883358e-02   1.1847317e-01   1.4683180e-01   7.2003638e-02  -3.5589164e-01   3.8052776e-01   1.0430367e-02   3.9322111e-01   1.3313462e-01  -1.4630583e-01  -6.8906040e-03   1.0805637e-01  -5.8485321e-02   4.7773546e-02   5.9067274e-02  -3.5485814e-01   1.8532815e-01   4.0581694e-01   3.4151998e-01   2.2443102e-01   2.0297499e-01   9.8946872e-02  -3.0155682e-02   4.1143009e-01  -4.5933027e-02   3.1460063e-01  -5.8709830e-02   8.0250500e-02  -1.6703235e-01   4.1802624e-02
  -2.7655274e-01  -1.7581342e-01  -1.9988878e-01  -3.8799952e-02   2.6292326e-01  -3.2818036e-01  -5.4183006e-02   3.3675940e-02   1.9296901e-01  -1.8186572e-01  -5.5871301e-01  -3.6630929e-01   0.0000000e+00   1.3305119e-02  -1.4613631e-01  -4.2661856e-02  -2.2573697e-02  -6.2640059e-02  -2.3250213e-01   5.0849331e-01  -1.9827798e-03   1.0879976e-02  -3.0186161e-01  -3.5037528e-01   7.4447742e-02  -3.4659626e-01  -4.2136454e-01  -3.1219596e-01  -1.1130267e-01  -2.4092737e-01  -1.2532753e-01  -3.7406288e-01   1.8948642e-02   1.2011312e-01  -4.1794816e-01  -3.8080704e-01  -9.2432463e-02  -2.6259731e-01   5.3304651e-03  -1.5920083e-02   7.0044661e-01  -1.2398975e-01  -8.0447994e-02  -3.0013402e-01  -1.6935192e-01  -2.7022257e-01  -5.6780876e-01   2.0291315e-01   2.1393012e-01   1.2656591e-01  -2.8263324e-01  -3.2085000e-01   1.6392278e-01  -2.4472645e-01   3.3110623e-02  -1.9051684e-01  -3.9285678e-01  -4.3879451e-01   2.2111036e-01  -4.5405934e-01  -2.4216081e-01   7.8454936e-01   1.0905456e-01  -3.4735781e-01  -1.2038336e-01  -2.2913941e-01  -2.9601043e-01   2.5709631e-01  -3.7018168e-01  -2.5043136e-01   2.4381628e-01  -3.8171595e-01   2.2978126e-01  -2.2565754e-01   2.2619970e-01   1.7215684e-02  -1.2638527e-01  -2.6493043e-01  -3.1831307e-01   5.2854868e-01  -1.1914837e-01  -3.7013533e-01   1.7422445e-01  -8.4776574e-02   1.9924427e-01  -3.0447862e-01   1.6205672e-02  -2.0501427e-01  -4.1727352e-01  -4.4952192e-01  -1.5440837e-01   6.4117926e-02   1.9403137e-01  -2.3910540e-01  -2.5940509e-01   2.9976285e-01   3.3533340e-01   1.6308439e-02   3.4413938e-01  -1.3781568e-01   1.2335803e-01  -1.5823925e-01  -9.7501529e-02  -6.0030759e-02  -4.7055349e-01  -2.0636023e-01   1.6417863e-01  -2.8527190e-01  -1.4019716e-01   1.4163842e-01   2.2357933e-01  -3.6987325e-01   2.5724961e-01  -2.9076280e-01  -5.6136904e-03  -2.3814670e-01  -1.2500033e-01   8.3773822e-01  -5.0787199e-01   9.4402921e-02  -2.1303463e-01  -1.2462383e-01  -5.2771455e-01  -4.0265207e-01  -5.1500401e-01  -4.9149245e-01  -4.4692408e-01   5.6300096e-01   1.9142895e-01   2.5447474e-02  -6.5896823e-02  -3.2038031e-01   2.1293730e-01  -1.4615906e-01  -8.2514572e-02  -5.2088449e-01   3.7844530e-01   1.2981055e-02  -4.8810916e-01  -1.8549475e-01  -1.7629226e-01   5.2999807e-01  -4.1278303e-01  -3.3167107e-01  -2.8592853e-01  -1.1292469e-01   8.2893089e-02  -4.1874911e-01  -6.8303322e-02   2.0110642e-01  -2.1045425e-01   2.0846170e-01  -3.9677722e-01  -2.2264790e-01  -5.5721955e-02  -5.3232011e-01  -3.1828606e-01   1.4285216e-01  -2.8930470e-01  -1.3950683e-01  -1.8431609e-01  -5.1855312e-01   1.9316835e-02   1.8046084e-01  -2.2523307e-01  -1.1378458e-01  -1.7664052e-01  -5.7953884e-01  -1.0872946e-01   1.6999927e-01  -1.0722195e-01  -1.8131622e-01  -3.4671802e-02  -2.5573117e-01   1.5126131e-01   4.7463500e-02  -3.2922096e-01
   2.3795402e-01  -2.2405205e-02   2.4885344e-02   3.4725747e-01  -1.5148959e-01   3.7661747e-02  -5.7945492e-02   1.5936958e-01  -2.1113017e-01  -2.6524203e-01   9.2947586e-05  -6.2780794e-02   1.3305119e-02   0.0000000e+00   2.0941071e-01   1.9904123e-01   7.1642556e-03   9.6613045e-02   5.7390655e-01  -2.4791080e-01   2.5470855e-01   1.9082763e-01   1.5245093e-01   4.2283934e-01  -4.5709102e-02   3.3894074e-01  -1.3969733e-01   2.9778706e-01  -1.4611017e-02   1.1626218e-01   1.7956047e-01  -4.6285247e-02   3.5964312e-01  -1.1760423e-01  -3.8090081e-02  -9.6291775e-02  -2.5276659e-01   4.7372470e-02   2.1604033e-01  -3.3676093e-02   3.7246606e-03   1.1233586e-01  -1.7649911e-01   1.7299383e-01   1.3123951e-01   1.8065518e-01  -6.5159571e-02   6.2133266e-02  -1.7020576e-01   1.3180120e-01   1.0681905e-01   2.0018406e-01  -3.4451946e-02  -2.1841511e-02   4.7522310e-01   7.7118921e-02   7.8222250e-02   8.2050090e-02   1.0760115e-01   1.4572091e-01   1.2290518e-01  -2.1574842e-01  -2.7846462e-01  -1.6329570e-01  -4.0945443e-02  -6.8263980e-02   2.5302189e-01   3.1183912e-01   1.4918090e-01   2.2081566e-01  -9.2232051e-03   7.2571107e-02   8.2695538e-02   2.0649516e-01  -3.6293228e-01   4.3818480e-02   2.6412851e-01   5.1277517e-01   5.0283178e-02  -4.5523071e-02   2.5237570e-01  -2.2602975e-01  -9.4432409e-02   2.5347021e-01   7.6305233e-02   8.0436554e-02   3.8846511e-01   1.1130713e-01  -9.8553023e-02   2.5843462e-01  -1.0611457e-02  -5.3564550e-03  -5.4039918e-02   7.9387097e-02   9.5390275e-02  -1.3590276e-01  -1.1023566e-01   2.0185082e-01   2.4945058e-01  -1.4712457e-01   2.0627126e-01  -1.8616094e-01   1.5923619e-01   3.6351572e-01   6.5080668e-02   2.9204524e-01   3.1134891e-03   2.3184323e-01  -1.6099204e-01   1.5490868e-01  -2.3838444e-02   2.0911313e-01   2.2540085e-01   5.7321967e-02   1.5502117e-01  -1.4060778e-01   2.1574706e-02  -1.9275524e-01   4.5634532e-02  -1.1578960e-01   2.4176084e-01   9.4375798e-02   1.9540081e-01   1.7946826e-01   1.8296762e-01   2.8805945e-01   1.3963406e-01  -1.7497579e-01   2.6675005e-01   1.2931676e-01   1.8886113e-01   1.0202935e-01   3.7889668e-01   8.3697790e-02   6.6576141e-03  -1.4976747e-01  -1.0780982e-01   1.8654515e-02  -4.5915980e-02   3.3496476e-01   3.9825016e-01   2.1001815e-03   6.8289801e-02   1.2265327e-01   1.4465099e-02   1.4140664e-01  -8.1854641e-02   3.5546294e-02   7.2019085e-02  -1.6147486e-02   1.1935159e-01   5.8446154e-02   1.3902520e-01   1.2070184e-01  -1.3861240e-02   2.5247232e-01   2.8638583e-01   2.1922539e-01   7.1843406e-02   3.7454916e-02   1.5465671e-01   7.7074789e-02   3.0919662e-02   3.5623068e-03   8.5219528e-02  -2.2972489e-01   2.2159354e-01  -7.5920983e-02   1.6575027e-01   7.2131983e-02  -1.5275461e-01   8.0893233e-03  -8.4548961e-02   1.6144368e-01  -4.2736348e-01   3.4103753e-01   1.4122597e-01
