   0.0000000e+00  -8.9135506e-02  -1.3328345e-01   6.2043886e-02   7.0617435e-02  -3.3120102e-01  -1.8189529e-01   3.3673052e-01   1.1972924e-01  -1.8608516e-01   1.7561579e-01  -2.9223118e-01  -4.7495767e-02  -6.7354867e-03  -1.1183384e-01  -2.4394440e-01  -6.9828759e-02   1.8534183e-01  -2.3398979e-01   5.4432710e-02   4.9249086e-02   3.2360746e-01  -5.1126518e-02   6.0266211e-01   1.4604665e-01   2.4817380e-01  -2.4831477e-01   7.6469169e-02  -9.5147340e-03   1.7293339e-01  -7.8752344e-02   8.0284489e-02  -1.0065737e-01  -2.1644766e-01  -1.5460737e-01  -2.1547186e-03   5.4716134e-02   2.9537536e-01  -1.9259348e-01  -3.5996736e-01   2.5526509e-01  -1.9373313e-01  -8.2489217e-02   7.9149241e-02   1.2485194e-01   6.1542915e-01  -2.1212608e-02  -9.5034909e-02   4.6050698e-02  -3.1760637e-01   2.9846140e-01   2.1123494e-01  -2.4085809e-01  -1.1898521e-01   1.9192808e-01  -1.7411337e-01  -1.0062708e-01   1.4003923e-01   3.1160009e-01   5.2669107e-02   6.1920475e-01  -1.0007837e-01  -2.0509980e-01  -4.3250287e-02   7.3636214e-02  -2.6662619e-01  -2.0374312e-01  -1.7932375e-01  -9.5006936e-02   5.5462466e-02  -1.5778337e-01   2.9925005e-01   2.8855296e-01   2.8986448e-01   5.2397730e-02   1.5905442e-01   6.4602827e-01   3.4898135e-02  -2.3151924e-01   3.7642263e-01  -3.4698089e-02  -3.4810290e-01  -2.2735725e-01   8.8100186e-02  -3.9020367e-02   4.1926924e-02  -1.0421334e-01   3.3758075e-01  -1.0254538e-01   6.3557806e-01   1.1722553e-01   1.5402064e-01  -3.4204641e-01  -1.1858597e-01   6.0684829e-01  -9.3841143e-02   1.1608583e-01   2.5311203e-01  -4.5022110e-02  -1.2850722e-01  -1.8884908e-01  -1.3529512e-01  -6.9161041e-03   1.8067048e-01   1.6635292e-01  -2.2312884e-02   1.0003430e-01   1.6281275e-01  -8.4677151e-02   1.8188259e-01  -3.0930757e-01   1.5325032e-01   7.2326812e-02   6.2946441e-01  -1.5242345e-01  -3.1282377e-02  -6.5159301e-02   4.5662574e-03  -2.6828247e-02  -1.8432410e-02   6.2144232e-01   1.1121985e-02   1.6423764e-01   6.8718370e-02   5.6571747e-01   1.3361105e-01   3.2333336e-02   1.8498613e-01   4.1883231e-01  -1.9513753e-01   1.6114916e-01  -5.3337758e-02   2.2345651e-01  -1.9249779e-01   4.0095399e-02   2.5084810e-01  -1.8752052e-02  -2.8674112e-01   7.6142856e-02   6.0808712e-01   7.2203133e-01   8.6583200e-03   2.2694349e-01  -1.5102029e-01  -2.2198336e-01   1.9359511e-01  -3.3947417e-01   9.4566133e-03   1.0759212e-02  -3.9943542e-02   4.8799064e-02  -4.7316303e-02   2.2916002e-01   7.2421485e-02  -2.9448661e-01   3.9026144e-01   6.3901739e-01   1.9411183e-01   2.1975882e-01   1.7135507e-02  -7.8875328e-02   1.7475077e-01  -1.5939149e-01   2.4792509e-01   2.6197657e-01  -3.5185367e-01  -3.5362954e-01  -4.6231648e-02   3.2338203e-01  -1.9664870e-01  -5.2618313e-02   7.4140822e-02   1.8088679e-03  -3.7987756e-01   1.4611852e-01  -1.3932670e-01   1.1853691e-01
  -8.9135506e-02   0.0000000e+00   3.5366608e-01  -4.7147642e-01   4.1672630e-01  -1.0441454e-01  -2.3080611e-01   1.3182746e-01   4.6231538e-01  -3.5855181e-01  -5.8454543e-01   4.7682190e-01  -2.3861924e-01  -2.1166615e-01   1.5878081e-02  -3.2983914e-01   4.3479327e-01  -6.1579628e-01   3.4301863e-01   2.8800272e-01  -2.8544502e-01  -3.0869088e-01  -6.0232648e-01  -1.2021490e-01  -5.2167524e-02  -1.9304542e-01   6.7801255e-03  -4.4979913e-01  -3.1561718e-01  -7.0514816e-02  -6.7844674e-02  -3.8582211e-01   2.8722214e-01  -2.8601212e-01   4.6872380e-01  -1.4095362e-01  -1.2009172e-01  -9.2784090e-02  -2.8818464e-01   3.1090417e-01  -2.4553227e-01   1.2064729e-01   5.1371589e-01  -4.1288517e-01  -1.7278442e-02  -2.8598083e-02  -2.3514420e-01   2.7385248e-01  -2.1910420e-01   3.7544151e-01  -5.1262391e-01  -3.5305981e-01   1.4321427e-01  -4.4943085e-02   8.0247254e-02  -3.9464557e-01  -2.2744477e-02  -4.2944976e-01  -3.4644901e-01   1.7615653e-01   8.9633337e-02  -2.8516504e-01   5.2040607e-01   1.1572925e-01   3.1519207e-01   1.6015557e-01   1.6129277e-01  -1.9722923e-01  -4.6836866e-01   1.6398084e-03   7.8447455e-01  -3.9982427e-01  -1.0332044e-01   1.7407245e-01   3.2027829e-01   2.9777202e-01   1.5439065e-02  -3.2750638e-01   7.1348570e-01  -7.9379868e-02  -4.6561267e-01  -1.9539751e-01   4.6764666e-01   3.2176626e-02   2.2691371e-01   1.3762339e-01   6.1298590e-01  -2.9062840e-01   3.5824074e-02  -1.3079303e-01   6.2567300e-01   1.0867183e-01   1.9426481e-01   4.5162744e-02  -8.7775660e-02   5.9577105e-02  -1.6405416e-02  -7.8740406e-02  -2.4783082e-01   9.9149717e-02   1.2555920e-03   1.9109435e-01  -4.2762528e-01   4.8142546e-02  -4.5450519e-01  -4.0195980e-01   2.4800668e-01  -5.4641897e-02   9.1441000e-02  -4.2636678e-01   2.2118046e-01  -5.4736449e-01  -3.8091998e-01  -1.9812515e-01  -3.7305429e-01   5.3489400e-01  -4.7029881e-01  -1.1810917e-01  -4.3890686e-01  -2.2902714e-01  -8.9879332e-02   3.0387685e-01   3.2934405e-01  -3.0140718e-02  -8.7044086e-02  -4.0272803e-01  -2.7549873e-01   2.0275563e-01  -4.5860763e-01   2.2846230e-01  -2.3685664e-01  -3.8646481e-03   1.6040176e-01  -1.5868403e-01  -1.7324313e-01   2.7794821e-01   1.5884491e-01  -1.4023273e-01   1.4499790e-01  -1.4991453e-01  -8.5631669e-02   3.1824639e-03  -4.8755695e-01  -2.3721045e-01  -1.3435166e-01  -3.0244019e-02   3.6515782e-01   2.5173921e-01  -4.0547362e-01   2.3080546e-01  -3.0492441e-01  -4.7626790e-01   1.4136933e-01  -1.0015245e-01   7.1117123e-01  -7.5316336e-03  -2.2687888e-01  -3.2089472e-01   1.1635032e-01  -4.0644829e-01   1.6223833e-01  -4.8527403e-01   5.5104973e-02  -4.2808193e-01  -3.6442512e-01   5.2666056e-01   1.2826879e-01  -3.3155073e-01  -5.9269928e-02   3.6710836e-01   5.5415390e-01   4.1842952e-02  -2.8281487e-01   1.8971681e-01  -3.1517412e-02  -1.8824380e-01  -4.5537310e-01
  -1.3328345e-01   3.5366608e-01   0.0000000e+00  -2.3705329e-01   3.5259193e-01   3.0595015e-01   7.3584210e-03  -2.0460219e-02  -8.7021008e-02   1.3694329e-01  -5.7729375e-01   4.8869767e-01  -9.9191960e-02  -1.5327124e-01  -1.9844657e-01   7.7773338e-03   8.8968658e-01  -6.5302391e-01   1.2482937e-01   2.5484794e-01  -5.3785885e-01  -5.9468549e-02  -4.8372136e-01  -4.0450231e-01   2.3206365e-01  -2.4453282e-01   8.1357390e-02  -3.1156987e-02  -1.9796499e-02  -5.9689964e-01  -2.3513316e-01  -2.4366477e-01   3.1456161e-01   5.6032196e-02  -3.8541035e-02  -4.4458705e-01  -5.8566547e-01   2.6601036e-01  -1.9571389e-01   4.5416572e-01  -1.0732654e-01   3.6141056e-01   6.1169833e-01  -1.5573298e-01  -5.4493525e-01   1.9088599e-01  -3.8060246e-01  -4.5412640e-01  -3.9729960e-01   6.7178102e-01  -5.3861483e-01  -3.6383413e-01  -1.3778113e-01   4.6129671e-01   5.2539476e-02   3.4345330e-01   2.4066120e-01  -1.9108084e-01  -3.4960599e-01  -2.5020027e-01   4.4376923e-01  -1.9526073e-01   5.2185791e-01  -1.2514376e-01  -3.6316024e-01   5.7600185e-01   4.5267499e-01   5.4330570e-02  -4.7668061e-01   4.2591013e-01   2.5889239e-01  -6.2079374e-01  -2.6866631e-01   5.4878589e-01   7.6431772e-02   3.1861151e-01   2.4334883e-01  -1.3225212e-01   3.8209672e-01  -3.7865463e-03  -1.0102625e-01  -6.3459751e-02   4.4988859e-01   2.8390130e-01   5.7109136e-01   3.2540209e-01  -1.7313654e-01  -1.2391865e-01  -8.1481077e-02  -5.6888237e-02   9.2633883e-02   6.7596734e-01   3.4934196e-01  -1.1590599e-01   1.0322029e-01   4.6447967e-01   1.1322464e-02  -1.3931695e-01  -2.2019430e-01  -1.6858177e-01   1.9435274e-01  -3.1973427e-01  -7.3232326e-02  -3.5708210e-01  -5.7934560e-01  -2.2079432e-01   5.8685821e-01  -2.5314075e-01  -2.3118041e-01  -5.8257339e-01   6.3643730e-01  -4.2999960e-01  -4.6085231e-01  -6.2730814e-02   2.2479735e-01  -5.6512110e-02   1.0057413e-03  -1.0313032e-01   2.3101018e-03  -4.8542714e-02  -1.3997086e-01   5.8403982e-01   4.7451914e-01  -5.1094594e-01   2.1465677e-01  -1.9289009e-01  -4.5716751e-01   3.4119413e-01  -2.1917166e-01   7.5401303e-01  -4.9883111e-01  -5.4952660e-01   3.9386709e-01  -1.2678545e-01   8.5750101e-02   1.7594286e-01   4.3818026e-01  -8.0719974e-02   4.5973683e-02   2.2368954e-02  -1.1186839e-01   1.8542025e-01  -4.7668354e-01   4.4276547e-01   4.0186171e-02  -6.2479839e-01   7.4739637e-01   1.0397204e-01  -2.6684590e-01  -2.7264370e-01   4.8988895e-01  -2.4637882e-01   4.2886966e-01  -3.3653111e-01   7.7043651e-01  -1.5627440e-01  -2.3618070e-01  -2.3955942e-01   5.4742317e-01  -1.2025669e-01   3.2845676e-01  -4.7404475e-01  -6.6811573e-03  -6.8698902e-01  -9.6919525e-02   3.8782269e-01   2.6126362e-02  -1.7003167e-01   4.6683296e-01   2.6715283e-01   3.1061385e-01  -2.0677702e-01  -5.3506725e-01   5.1538134e-01   1.5128787e-01  -1.5568382e-02  -1.6105229e-01
   6.2043886e-02  -4.7147642e-01  -2.3705329e-01   0.0000000e+00  -3.4516261e-01   7.5624869e-02  -3.6451673e-02   9.0891186e-02   1.2573687e-02  -2.3506085e-02   2.9747621e-01  -3.6452555e-01   8.9999511e-02   8.3958733e-02  -1.2698852e-01   2.6832738e-01  -2.9536197e-01   3.7129370e-01  -3.9362155e-02  -2.5559522e-01   6.6056260e-02   1.6974163e-01   1.5370472e-01   4.4844416e-02   1.6517567e-01   5.8132640e-02   3.1947669e-01   2.4324101e-01   4.1577909e-01   1.8703769e-01  -6.1746286e-03   2.7166046e-01  -1.5421498e-01  -4.9395769e-02  -1.2143657e-01   2.3471503e-01  -1.6864891e-01  -3.7387881e-02   1.9519864e-02  -1.4598029e-01   3.6162085e-02   1.9535637e-01  -2.4847132e-01   3.2004364e-01   3.2250232e-02   5.6187208e-02  -7.9741022e-03  -1.7727432e-01   3.9067566e-02  -3.4664446e-01   1.9990983e-01   1.4441724e-01  -1.1413221e-01   3.1359836e-01   3.3380594e-02   6.9332499e-02  -9.2551887e-02   2.7606985e-01   2.4877773e-01   2.0240473e-02  -1.1872278e-01   2.6662250e-01  -8.9710076e-02  -2.2284693e-01   1.8102572e-02  -2.7152583e-01  -2.6219328e-01   1.9077112e-01   5.0040517e-01  -3.8592827e-02  -4.4370024e-01   2.5047687e-01   8.3069504e-02  -2.1060433e-01   1.9738659e-02  -1.8428402e-01  -2.7222393e-02   3.8599087e-01  -3.3736984e-01   1.3317929e-01   2.6088664e-01  -1.6321502e-01  -3.4554186e-01  -1.2185111e-01  -2.9988649e-01  -2.9010513e-01  -2.5345433e-01   1.1752328e-01   5.3987831e-01   5.8188586e-02  -1.7671193e-01   8.3515880e-02  -2.9436264e-01  -9.0132876e-02   1.2013161e-02  -1.0279969e-02  -3.3238619e-01   9.3345774e-02   5.2441570e-01  -4.0758253e-02  -7.2345353e-02  -1.7308424e-01   1.9487045e-01   5.7248627e-02   1.3150466e-01   8.1256559e-01  -6.5710392e-02   1.3568560e-01   1.1401536e-01   1.7259462e-01  -3.1981381e-01   3.2264200e-01   5.9478949e-01   1.3511338e-01   1.7145959e-01  -1.1872345e-01   2.5699282e-01   5.3064921e-02   2.5001797e-01  -7.9387803e-02   1.4213719e-02  -2.3505882e-01  -3.6028035e-01   1.4992596e-01   6.7387877e-03   1.9741745e-01   5.7869826e-02   4.3330805e-02   4.2146153e-01  -2.0999858e-01   6.7851590e-02  -1.4212297e-01  -7.2663180e-02  -2.2258107e-02   1.2369795e-01  -1.2318379e-01  -1.6351013e-01   2.6728318e-02  -8.7443733e-02   2.7075788e-04   1.5761970e-01  -3.3669409e-01   2.8260250e-01   5.0592848e-02  -1.3760689e-01   2.1574788e-01  -3.5401720e-01  -2.2719283e-01  -3.6370959e-03  -1.3461279e-01   5.5414591e-02   2.3075080e-01  -8.4090574e-02  -1.4716619e-02  -3.5911418e-01  -1.3645227e-01   6.1396930e-02   2.2747769e-01   1.8197967e-03   1.8591048e-01   4.9775604e-02   4.2020469e-01  -2.0461397e-01   2.0370601e-01   1.6414631e-01  -2.5412465e-01  -8.2000020e-02   2.5759990e-01   4.9844445e-02  -3.7990619e-01  -3.1880303e-01  -2.2915277e-01   2.4965284e-01  -1.9799388e-01   1.7736754e-01   2.3150027e-01   5.1643677e-01
   7.0617435e-02   4.1672630e-01   3.5259193e-01  -3.4516261e-01   0.0000000e+00  -1.4064977e-01  -1.0771623e-01   6.1504134e-02   1.3369240e-03  -6.3764640e-02  -4.1822908e-01   2.5600790e-01   2.5944380e-01  -1.9076286e-01  -1.6834998e-01  -2.1524475e-01   4.2384758e-01  -3.0554870e-01  -1.0709859e-01   7.9106913e-01  -3.6805199e-01   7.6850556e-02  -3.3479535e-01  -1.1808153e-01   2.6443155e-01  -2.0677229e-01  -4.4357094e-02  -1.0047537e-01  -3.2295527e-01  -3.4867578e-01  -1.9189356e-01  -2.0440114e-01   4.7429414e-01  -1.2430230e-01   7.5142073e-02   3.1044297e-02  -2.8859928e-01   3.6323440e-03  -5.4685636e-02   2.4801383e-01   2.3763168e-01   1.6588913e-01   2.6723139e-01  -3.3611726e-01  -1.2083960e-01   6.3019817e-02   1.7756306e-01  -2.2244431e-01  -1.0972661e-01   2.3875251e-01  -1.3098705e-01  -1.4141231e-01  -2.5219284e-01   4.4286185e-02   1.3403977e-01  -6.2390753e-02   7.9780460e-02  -1.6108960e-01  -5.5764774e-02   2.0399646e-02   2.0079741e-01   2.7067645e-02   1.6474932e-01  -6.5325352e-02  -1.9669087e-02   3.6770311e-01   2.4621450e-01   9.8605263e-02  -4.2968323e-01  -3.4941838e-02   3.0385496e-01  -1.1543701e-01   3.3295276e-02   2.5499288e-01   2.7695634e-01   1.8524674e-01   8.2681618e-02  -1.4395436e-01   6.2329800e-01   2.1186549e-01  -1.6904437e-01  -5.0311366e-03   2.2515234e-01   2.3848818e-01   3.0756871e-01   2.9595800e-01  -1.4548134e-02  -5.6913007e-02  -3.3705400e-01   2.0864239e-01   4.3180995e-01   1.6799520e-01   2.6447421e-01  -5.5406101e-02   1.3213789e-01   2.2861166e-01   4.5149515e-01  -1.0665013e-01  -1.2731045e-01  -1.9154359e-01  -4.2930534e-02  -1.3693712e-01  -2.5943938e-02  -3.0738636e-01  -1.8515855e-01  -4.2068160e-01   4.7478278e-01   5.0397988e-03  -1.6663811e-01  -3.0996460e-01   3.8398320e-01  -2.2779212e-01  -3.0027076e-01   6.6880178e-02  -1.3992073e-01   2.4845076e-01  -1.7517117e-01   1.9876091e-01  -2.7525476e-01   1.2601075e-02  -9.6178823e-02   4.9051426e-01   5.8388748e-01  -3.0698779e-01   8.7482306e-02  -2.4280697e-01  -1.1544341e-01   3.3878236e-01  -1.7770269e-01   1.4455113e-01  -1.4262534e-01   6.6500752e-02   9.0819472e-02  -1.2893050e-01  -2.4110309e-02   3.0010439e-01   6.0153276e-01  -1.6153497e-01   9.7663955e-02   1.1582730e-01  -5.0363521e-02   3.0137473e-01  -2.7511109e-01  -6.5199013e-02  -1.6908299e-01  -2.8784240e-01   3.8709315e-01   1.8683007e-01  -1.0157469e-01  -2.1587640e-01   5.7897819e-02  -1.9018072e-01   2.4370600e-01  -1.8214272e-01   4.7299295e-01   1.2210474e-02  -1.9834494e-01   2.9308235e-02   1.5336344e-01  -1.2285589e-01   1.9994291e-01  -5.3433451e-01  -3.7632699e-02  -3.0300610e-01  -5.4186680e-03   3.0533378e-01   1.0116891e-01  -2.6099907e-01   2.5744381e-01   2.8201255e-01   5.7054467e-01  -9.6348888e-02  -1.8240092e-01   1.0552097e-01   3.5662104e-01  -2.8259676e-01  -3.1672149e-01
  -3.3120102e-01  -1.0441454e-01   3.0595015e-01   7.5624869e-02  -1.4064977e-01   0.0000000e+00   2.5919202e-01  -2.5790078e-01  -7.9606999e-02   2.3350659e-01   8.3241168e-02   2.1939507e-01  -1.6435569e-01  -1.2429431e-02   2.9190528e-02   4.8719652e-01   1.0713024e-01  -3.8419903e-02   2.2734171e-02  -1.4852802e-01  -1.0833102e-01  -3.3654523e-02   1.9182751e-01  -5.0158165e-01  -6.8915996e-02  -2.7532860e-02   4.6072618e-01   2.7597334e-01   7.8298653e-02  -1.1454818e-01  -1.2448253e-01   6.9284503e-02   1.5348774e-02   4.2730121e-01  -2.3750422e-01  -7.2691334e-02  -9.4571245e-03  -1.8776218e-01   1.1481295e-01   4.0053314e-01  -2.0741437e-01   2.7465232e-01  -3.8730473e-02   2.4452595e-01  -2.3261548e-01  -2.0439203e-01   4.1228964e-03  -1.5636510e-01  -1.0754973e-01   2.0833086e-01  -6.0344840e-02  -1.3834522e-01  -5.8212252e-02   3.4762294e-01  -2.0945539e-01   4.8186798e-01   1.3606679e-01  -5.4916616e-02  -6.5604492e-02  -4.1604204e-02  -1.1346946e-01  -1.2510872e-01   2.0670724e-01  -2.2547396e-01  -1.7671317e-01   2.0998355e-01   4.9905247e-01   1.4795408e-01   2.4621044e-01   3.9304267e-01  -2.2353466e-01  -4.1114805e-02  -2.4232694e-01   3.8371189e-02  -1.3122044e-01  -1.7201056e-01  -1.2811104e-01   3.3203698e-02  -7.8612243e-02  -2.0540746e-01   1.7948483e-01   5.2617173e-02  -2.5498105e-02  -1.3134254e-01   7.4202060e-02  -1.8153895e-01  -2.1021505e-01  -2.1856287e-02   1.0401374e-01  -2.4051222e-01  -2.0062054e-01   1.9758068e-01   1.9549853e-01   7.0293676e-02  -2.7403678e-01   2.5472629e-01  -2.2849334e-01   1.8764192e-03  -1.3250491e-02  -2.3485490e-01  -3.7853496e-02   7.7500441e-02   1.7534880e-01  -5.6822535e-02  -5.4052609e-02   1.4932311e-01   1.5804052e-01   1.0713145e-01  -4.9407233e-02   6.5193624e-02   2.9357372e-01   9.1720383e-02   1.5428641e-02  -3.3076050e-01   4.4770877e-01  -1.7678132e-01   3.2608213e-01  -8.4674351e-02   3.7758938e-01   1.3549294e-01  -2.3069362e-01   1.1536230e-01  -9.7049005e-02  -2.2137138e-01  -1.8007432e-01   1.1537773e-01   1.9272568e-02  -1.4274849e-01  -3.2658389e-02   3.2245333e-01  -2.5558829e-01  -1.6316202e-01  -1.6844421e-02  -9.2934573e-02   1.1741276e-01  -2.9363173e-01   2.6375240e-02  -2.3994176e-02  -9.9246078e-02  -3.7994085e-01  -3.2106849e-01  -9.1909460e-03   5.9619898e-02   6.0465105e-01   5.0922928e-02  -1.7336663e-01   2.2475575e-01  -1.0549691e-01   2.5497487e-01  -2.4430200e-01   3.8741950e-01   7.1131510e-02   2.0226249e-01  -1.1127220e-01   1.6716976e-01  -4.6632355e-01  -3.4524364e-01  -5.9920507e-02   1.0373616e-01   1.5869737e-01   8.2759343e-02   3.9902071e-02  -7.2990172e-02  -7.7336517e-02   2.7152571e-02  -7.2041345e-02   7.9800451e-03   1.8310946e-01   3.5974684e-02   1.5792941e-02  -1.2385068e-01  -4.4183329e-01  -4.4062205e-02   5.0928712e-01  -1.0771280e-01   1.1824669e-01   1.0778864e-01
  -1.8189529e-01  -2.3080611e-01   7.3584210e-03  -3.6451673e-02  -1.0771623e-01   2.5919202e-01   0.0000000e+00  -1.9352858e-01  -2.5929292e-01   2.9561284e-01   1.3526340e-01   2.8332756e-01   3.4763356e-02  -4.6352290e-03   3.5345117e-01   3.0073079e-01  -1.2361151e-01   2.0106806e-01  -7.4422394e-03   6.7541496e-02   7.6625417e-02   2.6413102e-01   5.1538441e-01  -3.2278360e-01  -8.7472469e-02  -1.3319244e-01   1.9392645e-01   2.0088883e-01   6.2868600e-02  -8.3622742e-02   1.2651765e-01   2.1176407e-01   1.8819184e-02   4.7866617e-01  -2.6147191e-02  -5.1538528e-02  -1.9364451e-01  -2.4888481e-01   1.0314660e-01   2.8566652e-01  -5.4609390e-02   6.6209594e-02  -3.1702818e-01   4.7045718e-01  -1.7074728e-01  -3.0940542e-01   2.3159602e-02   3.1276868e-02  -1.6705855e-01  -1.3744054e-01   1.9676486e-01   1.4338564e-02   1.2416991e-01  -5.3689346e-02  -2.1123104e-01   5.8060913e-01   9.7190136e-02   1.2321703e-01   1.4822254e-01  -1.2198944e-01  -2.0483383e-01   6.6816081e-02  -2.7273735e-01   1.2608708e-01  -4.0992723e-01  -5.1024465e-02   1.2395577e-01   1.1718496e-01   5.3572383e-02   3.4744886e-01  -1.6790621e-01   1.0856729e-01   1.1488716e-01  -1.4571405e-01  -2.8441542e-01   9.5181641e-02  -2.6058010e-01   2.3961257e-01  -6.2513015e-02   1.2039494e-01   4.7547398e-01   3.0314752e-01   6.7473345e-02  -1.3722254e-03  -1.5196595e-01   3.7458894e-01  -1.4820972e-01  -6.6853309e-03  -1.7790503e-01  -3.5842488e-01  -4.6847504e-01  -1.5379882e-01   1.7223206e-01   3.0067920e-02  -2.4321593e-01  -1.3676030e-01   5.3711366e-02  -9.2102447e-02  -2.1038917e-01   1.8637726e-01   3.2345995e-02   2.0349830e-01   2.5801391e-01  -9.7286993e-02   4.6173151e-01  -6.3050388e-02  -2.3266201e-02  -8.0458755e-02  -3.1441975e-02  -5.2804838e-02   1.2069850e-01   3.0364325e-01   1.0948712e-02  -2.8269248e-01   4.4645929e-01  -2.5695368e-01   3.9042081e-01   2.6270824e-01   4.7620183e-01   2.5790122e-01  -8.4668125e-02   1.1071803e-02   7.1110723e-02  -7.3678737e-02  -2.7046402e-01   9.9635457e-02   1.6485138e-01  -1.5961094e-01   1.8815601e-01   1.8893212e-01  -5.7491107e-02  -3.0771916e-03  -4.4496789e-02   1.6948038e-02   1.6395815e-01  -1.2924395e-01   5.5576427e-02   4.7213911e-01   1.2332249e-01  -8.6449225e-02  -3.3107438e-01   1.5475782e-01   2.3767531e-01   4.4008279e-01   5.0088894e-01   3.0762301e-02   3.0080745e-01  -3.8168830e-01   4.8249105e-02  -6.1131300e-02   2.1310582e-01   2.2899310e-01  -1.5717581e-03   2.3672654e-01   1.4435949e-02  -3.3771329e-01  -1.7184143e-01   1.2243103e-01  -1.9755648e-01   3.4194824e-01  -1.8486086e-01   2.0939386e-01  -1.3580591e-01   8.4395498e-02   2.2856414e-02  -3.0072940e-02   1.5866471e-01   3.9786030e-01  -1.6839702e-01  -1.7574094e-01  -3.3011711e-01  -2.4403527e-01  -2.0559393e-02   4.4656404e-02  -1.3118495e-01  -2.7538779e-02  -1.6686312e-02
   3.3673052e-01   1.3182746e-01  -2.0460219e-02   9.0891186e-02   6.1504134e-02  -2.5790078e-01  -1.9352858e-01   0.0000000e+00   2.2929125e-01  -1.4110992e-01   7.9156212e-02  -9.0416084e-02   6.2894935e-02   8.4371729e-02   2.7406217e-01  -9.0466120e-02   3.9160695e-02   3.9370051e-02  -4.0085392e-02   4.6782874e-02   1.0002970e-01  -2.6083571e-02  -1.9186073e-01   1.5839825e-01   2.0722549e-01  -2.6564518e-02  -2.0447083e-02  -1.7128634e-01   3.1586007e-01   3.5498413e-01   1.7815718e-01   1.1775036e-01   1.5651333e-02  -6.2440680e-01   3.6998951e-01   1.7089981e-01  -6.3606853e-02   4.6972058e-02  -1.7652223e-01  -1.8106464e-01   1.7377099e-01   1.0679310e-02   2.4258004e-01  -2.3659926e-01   3.5400972e-01   1.8736375e-01   5.1961229e-02   1.8828536e-01   3.0737964e-01   6.1437084e-02   3.9415315e-02   1.4823214e-01  -2.2188681e-01   2.6536836e-01   2.2136702e-01  -4.2378149e-01  -2.5098899e-01   2.2960687e-01   1.8503305e-01   2.8524994e-01   2.5949620e-01   1.5520789e-01   1.6140654e-01   2.4922960e-01   2.8202418e-01  -2.8403313e-01  -1.2126628e-01  -1.9457617e-02   2.1781318e-02  -2.6291322e-01   2.9069204e-02   1.6294867e-01   1.7816778e-01   1.7695648e-01   3.9289177e-01   3.5149719e-01   1.9539877e-01  -1.6047644e-01   1.1928486e-01   4.6510895e-01  -2.3151470e-01  -2.1767267e-01  -7.4245515e-02   2.4171433e-01   1.7654904e-02   2.0271316e-01   2.4018696e-01  -6.1570834e-02   1.6925429e-01   3.7099163e-01   2.9946809e-01   1.5601150e-01  -2.4557856e-01   2.9626750e-01   1.0210719e-01   1.3585984e-01   2.0969915e-01   2.8096923e-01   4.2902051e-02   6.2954779e-02  -6.8326875e-02  -3.4239181e-02  -1.4488338e-01   3.3123844e-01  -7.2845536e-02   1.6282266e-01   1.7100895e-01   1.0057517e-01   1.1696395e-01  -1.8789771e-01  -2.4562769e-01  -1.0437008e-01   3.5745872e-01   1.7460249e-01  -3.1395629e-01   8.2509390e-02  -4.2577297e-01   6.4830354e-02  -4.9440570e-01   8.9161364e-02   1.3875675e-01   1.6407940e-01   1.5425331e-01   2.6146588e-01   1.5749400e-01  -1.7657610e-01   1.4132134e-01   4.2883064e-01   2.1973988e-01  -3.1917830e-01   2.0184695e-01  -1.0097952e-02   1.0546890e-01   9.5346248e-02   2.9762469e-01   6.0476933e-01   1.3251071e-01  -3.5459682e-02   5.5616865e-01   2.9364191e-02   4.8645929e-01  -2.8390730e-01  -1.3145545e-01  -4.7761977e-01   2.3796163e-01   2.4651573e-01  -7.4852113e-02  -8.5812288e-02  -3.3508153e-01   4.7311318e-02  -8.3267373e-02   4.2086325e-02   2.0901248e-01   2.5028664e-01  -7.7010053e-02   2.0937845e-01   1.2315177e-01   8.0661984e-02   1.6295403e-01  -2.1750732e-01   3.3836958e-01   1.9268417e-01  -2.0395597e-01   1.2904948e-01   1.0009597e-01   3.3718746e-02   1.7488171e-01  -4.2487206e-01   1.2427885e-01  -2.1805745e-01   2.2670335e-01  -7.7864164e-02   1.1154135e-01  -4.3029598e-01   2.7923312e-02   1.4757666e-01   3.0921095e-01
   1.1972924e-01   4.6231538e-01  -8.7021008e-02   1.2573687e-02   1.3369240e-03  -7.9606999e-02  -2.5929292e-01   2.2929125e-01   0.0000000e+00  -3.1748996e-01  -1.0364786e-01  -1.2982024e-01  -7.6806407e-02  -4.5658231e-02   6.8358599e-02   3.8798798e-02  -1.3067040e-01  -1.0431997e-01   1.2832854e-01  -8.9172172e-02   1.5810345e-01  -2.2754936e-01  -1.0559271e-01  -3.1448282e-02   4.0294202e-02  -8.1448458e-02   2.5462564e-01  -2.4345749e-01  -4.6085727e-02   2.8600604e-01   1.7714290e-01  -1.0487523e-01   1.7140654e-01  -4.4283287e-01   4.4153814e-01   8.8397156e-03   1.7307330e-01  -2.3050162e-01   7.2065942e-02   2.4345882e-01  -2.6340529e-02   1.0466743e-01   6.2739485e-02  -1.9164593e-01   3.4288265e-01   5.3208129e-02  -1.8154179e-01   3.7565171e-01   9.4998772e-02  -2.0634871e-04  -1.5580062e-01  -3.0453111e-01   2.4090930e-01  -7.9809752e-02   6.7644079e-02  -4.8039284e-01  -1.9717785e-01  -1.8856845e-01   8.7229289e-03   2.5889221e-01   3.5811584e-02   7.7775373e-02   3.9616117e-01   2.2157779e-01   6.7547134e-01  -2.6603131e-01  -2.2848107e-01   2.5908476e-02   4.1965121e-02   4.4451334e-02   4.5717715e-01  -1.1962479e-02   2.0185141e-01  -2.1588111e-01   1.3719774e-01   1.1202729e-01   5.6344228e-02  -2.5438295e-01   1.4372941e-01  -6.4574243e-03  -3.1055928e-01   4.7251780e-03  -6.8655878e-03  -1.6827653e-02  -3.5103292e-01  -2.0237730e-01   5.6803285e-01  -1.7573472e-01   4.6424949e-01  -2.9751523e-02   3.7496442e-01  -1.5256173e-01  -1.3991914e-01   2.9453409e-01  -1.2237113e-01  -7.6591202e-02  -1.5122275e-01  -8.5332034e-03   1.2633416e-01   3.3237273e-01   6.0948539e-02   2.0628165e-01  -2.8543145e-01   2.5771785e-01  -1.5501138e-01   8.2973185e-02   2.1919718e-02   1.2586880e-01   3.7296093e-01  -1.1730548e-01  -4.1606145e-01  -2.3911884e-01   1.4445720e-01  -4.5555021e-03  -1.5512897e-01   5.3903845e-01  -3.9072375e-01  -6.1766704e-03  -3.1764122e-01  -6.7696558e-02  -9.6618580e-03  -5.6170249e-02  -9.7684383e-02   4.3031365e-01  -3.1818177e-02  -2.2888253e-01   5.7816009e-03   2.0482366e-02  -2.5588051e-01  -6.8277655e-02   4.3374806e-02   1.6268858e-02  -1.2676259e-01   1.7268930e-02  -9.7825743e-02   9.7952291e-02  -2.2694332e-01  -3.1852891e-02  -5.1761420e-02  -9.5932406e-02   1.4360858e-01  -2.3336904e-01  -1.8206251e-01  -4.5541886e-01  -1.4708695e-02   4.3628928e-01  -1.5008255e-01  -1.6346107e-01  -3.2527558e-01   4.8091404e-01  -4.1776686e-01  -2.0688289e-01  -1.8886835e-01  -2.9180238e-02   1.0367089e-01  -1.1089593e-01  -1.2552340e-01  -1.6170843e-01  -3.0404716e-03  -3.0575029e-01   2.5438896e-01  -1.2983989e-01   2.3895391e-01  -4.6259457e-02  -1.6394006e-01   1.6242824e-01   2.6022321e-02  -2.8059593e-01  -2.8408205e-01  -1.9868672e-01   1.4633538e-01  -2.0381476e-01   1.3993631e-01  -2.8448728e-01  -1.3200552e-01   8.1132497e-02   8.8857574e-03
  -1.8608516e-01  -3.5855181e-01   1.3694329e-01  -2.3506085e-02  -6.3764640e-02   2.3350659e-01   2.9561284e-01  -1.4110992e-01  -3.1748996e-01   0.0000000e+00   6.3144992e-02   2.4315057e-01   2.0847853e-01  -1.9076219e-01   7.9089926e-02   1.9427172e-01  -5.6281562e-03   7.0762070e-02  -7.0782886e-02   9.7080524e-02   1.3498760e-02  -1.0385941e-01   3.1987674e-01  -2.3921394e-01  -8.0889876e-02  -1.5111105e-01   1.7880831e-01  -1.3188181e-02   1.5013264e-01  -3.9540341e-01  -3.1370224e-02   8.0456507e-02  -1.0602376e-01   4.0898509e-01  -8.5232148e-02   1.7812149e-01  -1.8644186e-02   2.8254576e-02  -3.8001911e-02   2.2935007e-01   1.3624040e-01   7.3754861e-02  -9.6360510e-04  -2.7690971e-02  -1.8248225e-01  -7.7720373e-02   8.9024047e-02  -2.2948319e-01  -1.2307027e-01   1.0495185e-01   3.8583508e-02   5.0165709e-02   2.8422672e-02   1.3640730e-01  -2.1859272e-01   2.7539990e-01   1.7548047e-02   2.9326959e-02   6.9474592e-02  -1.6758681e-01  -9.1115585e-02   1.0267072e-01  -5.6296190e-02  -8.0249425e-03  -4.6520757e-01   4.0626324e-01   8.2301545e-02   1.4702148e-01   6.8142426e-02   2.2459526e-01  -1.4283188e-01  -7.7754147e-02  -1.2241820e-01  -7.2824457e-02  -5.6189015e-02  -7.8919905e-03  -7.5788236e-02  -2.2365703e-02  -6.8913235e-02  -4.4832038e-02   1.2427397e-01   3.1767378e-01   7.1612876e-02  -1.0958300e-02   3.3145562e-02   7.2353563e-02  -4.2329969e-01  -3.0281494e-01  -1.8351442e-01  -1.0374781e-01  -3.4609025e-01  -2.6310549e-02   4.4041960e-01   9.2764985e-02  -1.0719814e-01   2.4643155e-01   1.1412378e-01  -1.2434504e-01   6.0129413e-02   1.4600513e-01   1.5433022e-01   8.2217463e-02   1.7500577e-02  -3.9167049e-01   4.4026932e-02   6.6481336e-02  -3.7612955e-02  -2.0202966e-01   2.0848120e-02  -9.9842798e-03   3.6775980e-01  -4.8197337e-02  -6.4264702e-02  -9.0082291e-02   1.1484436e-01  -3.5870251e-01   1.9096001e-01   3.1397563e-01  -2.1961780e-02   9.9002053e-02  -1.4057713e-01   1.5163089e-01   5.0693681e-02  -2.9124866e-01   7.7617529e-02  -1.6942673e-01  -6.2163046e-02  -5.5734811e-02  -3.6714751e-02   1.0608331e-01   1.7770007e-02   6.5727415e-02  -2.5817730e-01   3.3812379e-02   1.1833336e-01  -1.0821612e-01   1.7020035e-01   7.4554680e-02  -1.2078852e-03  -8.2541183e-02  -2.4184906e-01   1.1182793e-01   6.3990392e-02   1.4248423e-01   3.1964598e-01  -3.4843323e-01   3.1661301e-01   1.0719156e-02   4.0623031e-01  -1.2192770e-01  -5.9165507e-03   9.3837582e-02  -2.1568592e-01   1.0397495e-01   4.1472519e-02  -4.8528000e-02  -1.5686462e-01   1.0706452e-01  -6.3817308e-02   1.1463043e-02  -5.2449735e-02   1.1550943e-01   6.6323802e-02  -1.0672215e-01  -5.0890919e-02   1.5403158e-01   3.5486086e-01   9.7975992e-02  -1.2274885e-01   1.1119590e-01  -2.5297159e-02  -1.7009166e-02  -9.0942440e-03   6.7643600e-02  -2.5984801e-02   1.6385939e-01  -4.5503159e-02
   1.7561579e-01  -5.8454543e-01  -5.7729375e-01   2.9747621e-01  -4.1822908e-01   8.3241168e-02   1.3526340e-01   7.9156212e-02  -1.0364786e-01   6.3144992e-02   0.0000000e+00  -3.5779270e-01   2.1923329e-01   1.5611849e-01   2.5488728e-01   3.4092949e-01  -6.3538617e-01   8.3171129e-01  -3.1908175e-01  -3.1474779e-01   3.8081802e-01   2.3608037e-01   6.0338245e-01   1.1599385e-01  -2.1260862e-01   4.0517324e-01   5.3610595e-02   3.0018544e-01   2.2209361e-01   4.7642530e-01   1.1868452e-01   4.3901307e-01  -2.3695271e-01   1.7441808e-01  -1.4611633e-01   2.7421160e-01   3.5382875e-01  -2.7293896e-01   2.5090474e-01  -2.5048079e-01   2.4633049e-01  -2.1316811e-01  -5.6060998e-01   4.6683466e-01   3.7960326e-01  -1.2427934e-01   2.8845550e-01   1.2286029e-01   2.2124591e-01  -4.7024824e-01   8.1260041e-01   5.7197024e-01  -1.5938469e-01  -1.7804720e-01  -1.3333981e-01   1.0633520e-01  -4.8312992e-02   3.9816207e-01   5.1824204e-01   1.9035523e-01  -2.1856081e-01   3.0044615e-01  -4.5444200e-01   7.5279656e-02   4.4387534e-02  -4.6904190e-01  -2.3021568e-01   2.8489668e-02   5.7086337e-01   1.2193474e-02  -5.5939888e-01   7.1009418e-01   2.3285528e-01  -3.5727738e-01  -2.7853417e-01  -4.0803598e-01  -1.1381238e-01   2.3884094e-01  -5.8795601e-01   1.4437537e-01   4.1497257e-01   7.0962090e-02  -5.4099806e-01  -1.0758990e-01  -4.8786726e-01  -3.0452273e-01  -1.1838161e-01   9.9678193e-02   1.8800959e-02   2.7769854e-02  -3.5352019e-01  -3.3196693e-01  -2.8000899e-01   1.9095139e-01  -9.0824579e-02  -2.3686798e-01   5.2722988e-03   3.4051880e-01   1.8446208e-01  -1.4475329e-01  -1.8288472e-01   1.8336057e-01   1.4771826e-01   3.1083960e-01   6.6725476e-01   3.1538335e-01  -4.9543735e-01   4.1699984e-01   1.8562980e-02   6.4981876e-01  -4.4434629e-01   5.8592405e-01   4.6384842e-01  -1.6300864e-02   1.3551227e-01  -3.2433538e-01   3.6450617e-01   8.3185957e-02   1.6059512e-01   2.5965384e-01   2.5713013e-01  -3.6586816e-01  -3.5222662e-01   2.9733708e-01  -1.0872359e-01   2.8316372e-01   4.7224975e-01  -3.0802888e-01   4.7175375e-01  -4.6212009e-01   2.9651550e-01   3.4673764e-01  -3.0080931e-01   2.7766368e-02   8.5440610e-02  -3.3285480e-01  -2.1645099e-01   1.7631548e-03  -1.3731484e-01  -2.3801105e-02   8.9545272e-02  -1.1711496e-01   7.6580947e-01  -5.0770102e-02   7.9704564e-02   4.7952808e-01  -5.3830551e-01  -2.8087571e-01   4.8098028e-01  -6.6880535e-02  -6.2617381e-02   3.2272602e-01  -2.1255177e-01   4.4070900e-01  -6.8841576e-01  -1.5153129e-01   2.2988947e-01   3.3762962e-01  -2.5326791e-01   3.1489977e-01  -1.5926287e-01   7.2586241e-01  -2.0146036e-01   7.9408122e-01   4.3802448e-01  -6.0372110e-01  -5.5163454e-02   2.3912959e-01  -2.4868742e-01  -4.6867874e-01  -4.1629206e-01  -2.1229845e-01   5.2930147e-01  -3.3959764e-01  -1.4198270e-01   1.7933320e-01   3.9244708e-01
  -2.9223118e-01   4.7682190e-01   4.8869767e-01  -3.6452555e-01   2.5600790e-01   2.1939507e-01   2.8332756e-01  -9.0416084e-02  -1.2982024e-01   2.4315057e-01  -3.5779270e-01   0.0000000e+00  -4.9176452e-02  -4.2036078e-01   3.4359161e-01   1.8847067e-02   4.2428452e-01  -4.0904062e-01   3.3678390e-01   3.2280465e-01  -4.6213792e-01  -1.4657619e-01  -3.1640664e-01  -4.4623504e-01  -7.1396942e-02  -2.0756332e-01   8.1453210e-02  -3.1048442e-01   5.0407311e-02  -2.8802638e-01  -2.1794397e-01  -2.1488773e-01   2.6216206e-01   3.0124688e-01   3.9730911e-01  -1.3433280e-01  -3.8169859e-01  -2.0204040e-01  -2.1191124e-01   3.5565329e-01  -1.8031251e-01   3.3392629e-01   4.9212954e-01  -9.0031272e-02  -8.7143106e-02  -1.9572079e-01  -2.2756554e-01  -3.2428579e-02  -4.5165239e-01   3.2173722e-01  -2.7108677e-01  -1.0383800e-01  -5.9657590e-02   1.9141794e-01  -2.3919214e-01   1.2544750e-01   4.8139977e-02  -1.6679359e-01  -2.0212962e-01   2.8615893e-01   2.4796538e-02  -7.4302967e-02   3.0660595e-01  -2.6163403e-02  -2.5231760e-01   3.8056116e-01   2.8074000e-01   4.0385277e-02  -2.6415353e-01   2.3830358e-01   3.2847688e-01  -3.2648213e-01  -1.9277517e-01   3.3313520e-01  -9.6858236e-04   2.5743882e-01  -9.3823719e-02  -4.9628574e-02   5.5280927e-01   7.3947109e-02  -8.5873868e-02   1.1674411e-01   4.1352688e-01   1.2317318e-03   2.5616791e-01   3.0015521e-01   9.7225228e-02  -3.7798947e-01  -1.7871728e-01  -2.2897805e-01   1.0636161e-01   1.6803649e-01   4.5712636e-01   1.8454472e-01  -2.1766200e-01   2.2677800e-01   1.2123183e-01  -2.1804145e-01  -1.5758089e-01   1.2698931e-01  -1.5183651e-01   4.1251754e-01  -2.3203871e-01  -1.3025946e-01  -1.7664393e-01  -2.9081811e-01   2.1680796e-01  -8.9173857e-02  -9.5056212e-02  -4.7375819e-01   5.8938019e-01  -2.5932951e-01  -3.2843584e-01  -3.5209728e-01  -1.9968384e-01   1.0733688e-01  -6.9573238e-02   5.5129619e-02  -1.3702439e-01  -4.7224212e-02  -6.8728469e-02   5.7647740e-01   4.7157783e-01  -3.2024716e-01  -1.2294467e-01  -1.4911077e-01  -6.9461533e-03   1.9736788e-01  -2.8414539e-01   3.2539706e-01  -3.8611279e-01  -1.3034082e-01   1.3996550e-01  -2.9784430e-01   6.1446141e-02   2.0525265e-01   3.8965497e-01   6.5732053e-04   2.5175809e-01  -1.8579799e-01  -4.1013382e-01   2.3559325e-02  -2.4981379e-01   2.6100132e-01   2.4116825e-01  -3.3468335e-01   6.9005416e-01  -6.0508587e-02  -1.0560118e-01  -1.3284733e-01   1.7947295e-02  -3.9689997e-01   7.8529813e-02  -6.0686892e-02   6.6811717e-01  -2.5706677e-01  -2.4648932e-01  -8.3660316e-02   6.6273889e-02  -1.3592053e-01   4.1318957e-02  -2.0248289e-01  -2.3476280e-01  -3.2756272e-01  -2.5150045e-01   5.1547724e-01   3.1047884e-01   6.5756356e-02   1.2871322e-02   1.9845960e-01   4.1188330e-01  -1.1063172e-01  -2.8205892e-01   3.3369574e-01  -5.4087554e-02   3.3890268e-02  -3.3934811e-01
  -4.7495767e-02  -2.3861924e-01  -9.9191960e-02   8.9999511e-02   2.5944380e-01  -1.6435569e-01   3.4763356e-02   6.2894935e-02  -7.6806407e-02   2.0847853e-01   2.1923329e-01  -4.9176452e-02   0.0000000e+00  -2.9000700e-01   8.0608945e-02   2.3031998e-01  -4.9900624e-02   2.6162947e-01  -2.0078170e-02   2.1152517e-01   7.3029859e-02   6.1032047e-02   1.0488158e-01  -2.6319955e-01   1.4516123e-01   3.8242089e-02   6.0488818e-02   1.8427531e-04   1.0633044e-01  -1.4037681e-01   5.5551895e-02   9.9146627e-02   3.5489889e-01  -2.6464606e-02   2.7973560e-02   2.8108859e-02  -2.4487051e-01  -2.2913665e-01   2.1415651e-01   1.2278948e-01   6.5005674e-01   2.5495226e-01  -9.1389449e-02   2.3244524e-02   1.1733870e-01  -1.5677122e-01  -1.8642874e-02  -1.5195757e-01   1.2507358e-02  -1.8493899e-01   3.3766395e-01   1.9944442e-01   1.6481902e-02   1.3823280e-01  -9.8418834e-02   3.9827795e-02   1.1565048e-01   2.6594342e-01   4.9069857e-01   5.6457223e-02  -7.7014407e-02   4.4429471e-01  -1.8938514e-01   1.4293463e-01  -1.5410651e-01   9.7222468e-02  -5.4381822e-02   1.5815232e-01   1.4340914e-01  -6.0690445e-02  -4.5180904e-02   2.0744334e-01   3.8100222e-01  -1.7171017e-01  -1.4330528e-02   2.4680196e-02  -1.4841723e-01   6.4396894e-02  -5.7822999e-02   3.9885522e-01   2.2646866e-01   2.9843507e-01   5.0700242e-02   6.2319593e-02  -1.5953664e-01   5.4360028e-02  -2.0865786e-01  -3.6621525e-01  -9.0260662e-02  -1.4226942e-02  -4.3040963e-02  -6.8090353e-03   1.7287828e-01  -2.4858122e-03  -6.8654885e-03   1.0853403e-01   3.5582269e-01   8.8011047e-02   4.2502987e-01   5.3932082e-02   3.4966021e-02  -1.1822162e-02   3.1517694e-02  -2.6001664e-01   2.5616949e-01   1.3021984e-01   5.7003796e-02   1.8981655e-01  -1.7468438e-01  -6.1769271e-02   4.0663499e-02   6.9332642e-02   1.2313371e-01  -6.0826795e-03   1.5572143e-02  -1.6813844e-02   5.4049797e-02   6.3237473e-01  -5.3758344e-02  -3.2414858e-02  -9.7416324e-02   1.1713663e-01   6.6569152e-02  -2.3923616e-02  -5.1474994e-02  -1.4954476e-01   1.1205884e-01   1.3162603e-01   1.7982274e-03  -1.7779697e-02   1.6532947e-01   9.4630849e-02  -2.5355504e-01   1.1176250e-01  -2.4299050e-02   1.7346267e-01   4.0889946e-01   4.7100483e-02   1.5331117e-01   6.8467310e-03  -2.5035292e-01   3.3496629e-01   1.1947838e-01  -9.6423165e-02   2.4038486e-01   6.1861270e-02   9.6926015e-02  -8.3506287e-02   1.9999222e-02  -1.8550503e-02  -1.1874597e-01   1.5659763e-02  -2.4456982e-01   1.9268837e-01  -5.5763564e-02  -2.7597475e-01  -1.5642405e-01   5.2882335e-01   8.9209404e-02   5.8987422e-02   2.6363737e-01   1.3549212e-01   4.5225556e-02   1.1656049e-01   2.8718682e-01   4.0175688e-02   2.5897744e-01  -3.2761586e-02   2.0199176e-02  -6.4330916e-02  -2.9917771e-03  -2.5970516e-01   3.8973281e-03  -1.4578122e-01   2.5842652e-01   1.7798182e-01   1.4638543e-01
  -6.7354867e-03  -2.1166615e-01  -1.5327124e-01   8.3958733e-02  -1.9076286e-01  -1.2429431e-02  -4.6352290e-03   8.4371729e-02  -4.5658231e-02  -1.9076219e-01   1.5611849e-01  -4.2036078e-01  -2.9000700e-01   0.0000000e+00   6.5921710e-02  -4.0358468e-02  -1.3456138e-01   2.4964312e-01  -2.6253855e-01  -1.9532963e-01   4.6991548e-01   2.4724738e-01   3.7485361e-01   1.0535621e-01   8.4096861e-03  -7.1629111e-02  -5.0613209e-02   3.8312024e-01   2.0087490e-02   2.5327576e-01   4.6532569e-01   1.3904109e-01  -1.7015216e-01  -9.0113529e-02  -8.9491850e-02  -1.0683318e-01   2.5805321e-01  -1.3005437e-01   3.2536959e-02  -1.6124700e-01   1.3547128e-03  -3.0519260e-01  -3.7145184e-01   1.0658740e-01   9.0730479e-02   2.6326018e-02   3.4205845e-01   2.7431340e-01   6.1550390e-01  -5.5317071e-02   1.5071837e-01  -3.4500281e-02   7.5361505e-02  -1.1473463e-01   5.5454752e-01   1.1182061e-01  -7.2012532e-02   1.3866795e-01  -1.1002311e-01  -7.9330574e-02  -1.2321275e-01   1.8024291e-01  -1.3719462e-01   1.5180954e-01   9.7216671e-02  -2.3146325e-01   1.5966163e-01   3.5526192e-02   4.6730855e-02  -5.6938217e-02  -1.8381337e-01   2.5510035e-01   1.4023844e-01  -4.3518902e-02   1.3085004e-01   1.1615737e-01  -9.0839597e-02  -2.0517339e-02  -2.9507599e-01  -4.6342733e-02   7.7160370e-03  -7.6254224e-02  -2.3333104e-01  -6.0966590e-02   4.8700544e-02   3.3048532e-02   2.3859526e-01   3.4195136e-01   3.5470464e-02   2.1080763e-01  -7.2031216e-02  -1.9424957e-01  -2.7702276e-01  -1.1764112e-01  -9.1005362e-02  -3.6249450e-01   7.6792389e-02   1.0090087e-01  -2.7201418e-01  -6.0141766e-02   3.5286364e-01  -1.5437823e-01   4.9389115e-01   3.6086618e-01   1.7631563e-01   7.7442916e-02  -3.3453891e-02  -6.2937464e-02   3.2188293e-01   1.2939787e-01  -2.3240825e-01   2.0842102e-01   2.4600272e-01  -6.0589261e-02   3.0213414e-01  -2.8484467e-01   5.2991188e-02  -2.2774026e-01   1.6254356e-01   1.3271433e-01  -5.1701087e-02  -5.8537038e-01  -9.5495891e-02   2.0568217e-01  -3.7501133e-02   3.0016203e-01   1.6510873e-01  -1.3836645e-01   3.5635961e-01   1.5272080e-02   4.2896163e-02   1.3579183e-01   2.2124042e-01   5.3521522e-01   1.1453362e-01   7.2535459e-02  -2.4194531e-01   3.9767165e-01  -1.0438012e-02  -1.0779893e-01   2.6082806e-01  -1.8710339e-01   1.3641603e-01  -8.4719476e-02   9.7303917e-02   1.8575303e-01  -2.3207407e-01  -1.2225168e-02   9.8687392e-02   7.1752424e-02   2.6015984e-01   4.2169313e-01   9.7309538e-02   3.1483699e-01  -3.5856986e-01   4.8188734e-02  -1.5346906e-02  -1.6463678e-01  -2.0131990e-01   2.2540965e-02   5.2986583e-02   4.9893627e-02   1.4460390e-01   2.5875628e-01   1.8482716e-02  -3.2908547e-01  -1.2833226e-01  -1.8106749e-01  -6.5339112e-02  -1.6495032e-01  -3.3076902e-01   7.6213197e-02   2.3341221e-01  -2.2834352e-01   7.6507876e-02  -2.7247983e-01   2.3507503e-02
