   0.0000000e+00  -8.6136414e-02   2.5005740e-01  -4.5696673e-01  -1.8327375e-01  -2.1969426e-02  -9.2743681e-02   2.7243340e-01  -3.2322188e-01  -1.3215558e-01   1.4254905e-01   3.1203513e-01   2.2502639e-02  -1.4903824e-02   3.6916065e-01  -1.1032809e-01   5.3465639e-02  -4.6473971e-01   1.2964496e-01  -3.5899057e-01  -2.2664487e-01   4.1759648e-01   3.7162273e-01  -3.1964386e-01  -8.9496936e-02   2.7842039e-01  -2.8258759e-01   9.7675208e-04   6.9439418e-02   4.5838439e-02  -6.3766529e-02   3.6196461e-01  -3.2483141e-01   4.1976837e-01  -2.3279976e-02  -6.9562054e-02   4.7505979e-02   1.3222846e-01  -2.0475784e-01  -1.7534630e-01  -1.2305129e-01  -2.5188684e-01  -2.0263866e-01  -2.9057393e-01   3.8263173e-02   1.4588474e-01   1.8243410e-01  -1.5696938e-01   2.4065602e-01   2.3517208e-02  -9.0569903e-02   3.5450086e-01  -9.9807305e-02  -1.2609331e-01   6.7679341e-02  -1.8693960e-01  -1.3332757e-01   4.9303413e-01  -5.1133765e-02   1.8326567e-01   4.2096176e-01  -2.6766672e-01  -6.7938247e-01  -9.3699882e-02  -4.2132742e-01   1.0942743e-02  -3.7197484e-03   9.4939748e-03   1.0482048e-02  -9.0878236e-02  -2.2860620e-01  -5.1087440e-01  -3.6769965e-01   2.6772842e-01  -3.4202603e-01   4.4511687e-01   4.3766382e-01   1.1439678e-01   6.0579833e-02  -3.7339070e-01   1.7228386e-01   9.4409727e-02  -1.7529214e-01   3.0332665e-01   4.5222828e-02   4.6913195e-01  -3.5613034e-01   2.8935362e-01  -4.3925173e-01   5.1519574e-01   1.8864774e-01   3.2899640e-01   1.7615247e-01  -1.5906009e-01   4.5238603e-01   2.2084170e-01   1.3336379e-01   3.6863062e-01  -4.6630545e-01   3.2127564e-03  -2.9485013e-01   2.6489742e-01   2.3531304e-01  -6.0227271e-02  -7.8365916e-02   1.1349502e-01   2.4719128e-02   3.4844324e-01   1.8290805e-01   2.4481604e-03   1.7769729e-01   3.2730352e-01  -5.3984567e-01   3.9877025e-01  -1.1483684e-02   1.5755285e-01   1.4696500e-01  -1.0687838e-01  -1.3550799e-01  -3.6455314e-01   4.3940152e-01   1.3018348e-01   1.1767858e-01  -1.6700456e-01   3.1681912e-01   1.5832272e-01  -3.7215601e-02  -4.6355212e-01   2.9745899e-01  -1.5024101e-01   7.3725301e-03   2.8184300e-01   3.9480484e-01  -1.2232732e-01  -4.8238343e-01   1.5292956e-01   2.4121538e-01  -4.2665246e-02   3.2503030e-01   3.0461321e-01   1.4662944e-01   8.6089946e-02  -9.1818230e-02  -1.0898460e-01   1.4804231e-01   8.8401566e-02   4.7727899e-02   1.7125721e-02  -6.5368736e-02  -2.6788546e-01   1.6383503e-01   1.6757822e-01   2.1494859e-01  -6.7320410e-02  -1.8442160e-01  -2.8961386e-01   1.1354828e-01  -6.6716147e-02   5.9455946e-02   2.4768258e-01   2.8208501e-02   1.0302703e-01  -1.6529780e-01  -1.8193040e-01   3.1942293e-02   9.5917665e-02   2.1602113e-01   5.9324127e-02   2.5301958e-01  -2.5241208e-01   1.5651419e-01   2.3087368e-02  -5.7608939e-01   4.3589897e-02   3.1507918e-01  -1.5764464e-02   2.3498706e-01
  -8.6136414e-02   0.0000000e+00   7.5240294e-02  -3.6860547e-01   1.3504180e-01  -4.0691785e-01   1.3827212e-01  -3.1875214e-02   2.6519408e-01   3.9658036e-01  -1.4394590e-01   1.9057646e-01  -7.6688082e-02  -1.6904375e-01  -3.1287535e-01  -1.6664671e-01   3.2305161e-02  -2.8419718e-01  -1.5034734e-01  -7.3701040e-02   1.0784753e-01  -1.8454204e-01  -2.0821039e-01   3.3691792e-02  -1.0767031e-01  -1.7800729e-01   2.1724347e-01  -3.2511038e-01  -1.9764390e-01  -3.3526717e-02   4.7882520e-01  -3.6951411e-01   2.1508547e-01   6.0988128e-02   2.2542152e-01   2.1292132e-01   2.9372620e-01   4.9605488e-02  -8.8100143e-02   5.1395371e-02  -3.1224353e-01  -2.8924645e-01  -1.2000543e-01   3.1367672e-01   9.8790578e-02  -1.3663960e-01  -3.5822017e-02   4.4077423e-01  -1.6879006e-01   7.3047574e-02  -2.4830469e-01  -1.7577483e-01   6.6228420e-01  -3.1999945e-01  -4.0753145e-01  -2.6162849e-01  -6.1518275e-03  -3.3751346e-01  -1.4621003e-01   3.9228806e-02  -1.2313340e-01  -2.7934321e-01  -8.5166087e-02   2.4367619e-01   5.8772697e-01   2.0820944e-01  -2.0528369e-01   1.3025254e-02  -1.6440442e-01  -1.3840987e-02   5.7078926e-01  -1.3181738e-01   3.3558909e-02  -1.6705093e-01   2.6889429e-02  -1.1997211e-01   4.8408824e-02  -1.2154557e-01   5.3287600e-01   7.8416668e-02  -2.8240257e-01  -9.3218784e-02   4.6486215e-01  -8.8282358e-02   3.0832109e-01  -3.4203124e-01   4.7217159e-01  -3.8762701e-01  -4.1317844e-02  -1.1889449e-01   1.2690367e-01  -2.6109164e-03   1.9441552e-01  -1.0746728e-01  -8.2736231e-02   1.2746756e-01   9.6006279e-02  -6.8825835e-02  -1.4283047e-01   3.3793742e-01   2.7320405e-01  -7.2261534e-02  -2.8930110e-01   4.5948423e-01  -4.9744400e-01  -2.8847887e-01  -6.3013126e-02  -4.3760721e-02  -1.2435994e-02   7.9260763e-03   1.5790892e-01  -3.1505786e-01  -2.4807280e-01  -2.5197900e-01  -3.2053996e-01   4.0564577e-01  -1.0847362e-01  -1.7620712e-01   4.9313907e-02  -3.2851035e-01   3.7060455e-02   2.9909225e-01   1.3525958e-01   6.6415885e-01   2.8749819e-02  -4.6524563e-01  -4.2508672e-01  -2.6123926e-01  -3.3913881e-01   3.3982172e-02  -1.0475754e-01   5.2229563e-01  -8.4311344e-02   5.5303978e-01  -2.6692341e-01  -2.2253352e-01   1.4860193e-01   2.6804679e-01  -2.8585933e-01  -7.0617314e-02  -1.2591660e-01  -1.6852997e-01  -3.2387862e-01   3.1006917e-02   1.9649964e-01   3.3995691e-01   1.9368623e-01   2.3242252e-01   5.1602003e-02   5.2376074e-01  -2.9191196e-01   1.2498263e-02  -1.3080722e-01   3.5779966e-01   3.7466285e-01  -1.3505802e-01  -2.1410220e-01   6.4041720e-02   4.6929651e-02  -2.8798809e-01   1.7714668e-01   2.7410541e-01   3.1978597e-01   4.1402456e-02  -2.1013577e-01   1.9733274e-01   1.0768124e-01  -9.0558505e-02   2.2000625e-02   4.4673693e-01   4.0508639e-01  -4.1005870e-02   2.1695395e-01  -6.5175193e-02  -9.0041694e-03  -1.2294241e-01  -1.3354828e-01
   2.5005740e-01   7.5240294e-02   0.0000000e+00  -4.6552040e-01   3.3101137e-01   9.8563145e-02  -1.7439898e-01  -2.7345381e-01  -1.4753915e-01  -1.3638106e-01   1.6615398e-01   5.3823861e-01   6.1125406e-02   1.7877936e-01   2.0526836e-01   2.6132437e-01   5.9379203e-01  -1.5580700e-01   8.7027166e-02   8.1017226e-02  -2.0753161e-01  -1.1779412e-01   1.1137128e-01  -1.8453298e-01  -7.7512260e-04  -2.1257487e-01   2.9875983e-01   6.8285472e-02   2.8274831e-01  -4.5673600e-02  -6.6065987e-02   1.5365588e-01   2.7106859e-01   1.2941729e-02  -2.3691932e-02   2.5137078e-01  -1.4265173e-01   1.3473026e-01   2.6787852e-01   2.1084332e-01  -6.5036048e-02   1.4527374e-01  -5.4006902e-03   7.4931519e-02  -7.1190364e-02   6.1037504e-02   1.1306856e-01  -1.7093572e-01   1.0532243e-01   5.3062643e-01   4.7111511e-02  -2.9995938e-01  -7.9774754e-02   1.3064231e-01   1.0921854e-02  -1.8101209e-01  -1.7953120e-01  -4.0711751e-02   2.9259208e-01   2.9657111e-02   3.4960164e-01   1.4986605e-01  -2.3720588e-01  -8.0402659e-02  -1.4629676e-01  -2.1131363e-01   2.8106140e-01  -9.6803859e-02   2.7680615e-02   3.5108992e-01   1.1440371e-01  -1.9715710e-01  -1.5594950e-01   9.1961106e-02  -1.3007839e-01   2.2569034e-01   4.0409576e-01  -2.1842170e-01  -8.9254476e-02  -1.0949003e-01   2.1031689e-02   1.7519854e-01  -9.6756352e-02  -1.8163586e-01   5.1599716e-01   1.9661093e-01  -1.0149674e-01  -3.6828641e-02   1.5350066e-01   9.5102096e-02   4.3530211e-02   4.1786210e-01  -2.9278658e-02  -2.7702690e-02   2.8917821e-01   4.2661541e-01   2.8649298e-01  -2.2925600e-01   1.4569322e-01  -2.3292035e-01   3.2114494e-01   1.2794956e-01   5.3250117e-02  -2.2966780e-01  -1.7871083e-01  -1.7679870e-01   2.5899238e-01  -2.2097906e-01  -1.3319231e-01   8.4720933e-02   2.6033013e-01   4.0896366e-02  -1.9222226e-01  -1.2588330e-01   3.3332379e-01  -9.2966407e-02  -4.8646295e-02   5.7170724e-02   3.3370087e-01  -7.4801791e-02  -2.8896738e-02   7.5797771e-02   3.8544652e-02  -2.1048171e-01   3.6669774e-01   2.1508570e-01   2.5195846e-02  -1.0996695e-01  -4.5743673e-01   3.1176346e-01   4.0967940e-01   1.0302051e-01   2.3039982e-01  -6.4334718e-02  -1.9729189e-01   3.6663258e-02   4.9863195e-01   6.8202624e-02   7.6631288e-02   1.5818332e-01  -1.5243221e-01  -1.9815309e-01   2.2200736e-02   5.0281231e-01  -2.0626001e-01  -2.4570007e-01   4.1611224e-01  -5.6289124e-02  -4.2715988e-01  -4.2027842e-02   2.5112151e-03  -5.9338303e-02   4.3596479e-02  -2.4782468e-01   4.4046404e-01  -3.6239317e-01   1.5496799e-01   1.1206729e-02   1.9713608e-01  -9.3182063e-03  -4.5886438e-02  -2.9151775e-01   8.0697932e-02  -4.3435821e-01  -2.0453679e-01  -2.9863330e-01   1.5727546e-01  -7.5652480e-02   5.1454913e-02  -2.4141090e-01   2.9726079e-03  -1.1383202e-01  -3.6760116e-01   4.5933227e-01   2.4003923e-01  -2.7334677e-01  -1.3519254e-01
  -4.5696673e-01  -3.6860547e-01  -4.6552040e-01   0.0000000e+00   3.8644662e-03  -2.0959119e-02  -1.5408057e-01  -1.1336618e-01   2.0871928e-01  -1.3769171e-01  -2.5494363e-01  -5.2498233e-01   6.7161052e-02   2.5262157e-02  -1.6149585e-01  -8.0483437e-02  -4.2271687e-03   4.1242096e-01  -3.0928443e-01   3.6175654e-01  -1.5344771e-01  -7.7894649e-02  -4.9531987e-02   1.7708643e-02   1.7784558e-01  -3.5217607e-02  -1.7693428e-01   1.3387566e-01  -4.6718146e-02  -2.5649796e-02  -1.5937008e-01   2.8986852e-03  -2.2963745e-02  -2.4385201e-01  -2.9052368e-02  -1.9915199e-01  -1.2566026e-01  -1.2885194e-01  -5.8961277e-02   3.4378713e-02   2.6091107e-01   2.8856467e-01   3.3557688e-01  -7.5603601e-02  -3.2349948e-02   6.2900966e-02  -2.6659624e-01  -2.0877507e-01  -6.2456105e-02  -5.2354698e-02   3.0164033e-01  -1.5000001e-01  -2.2627033e-01   4.8695315e-01   1.1830553e-01   1.7009139e-01   2.0099428e-01  -3.6386854e-01  -8.3998611e-02  -1.6728099e-01  -2.9412712e-01   3.0353472e-01   4.9371149e-01  -1.5896714e-01  -1.2912618e-02  -1.7339422e-01  -7.8410248e-02   4.1273008e-02  -1.1920099e-01  -1.0335542e-02  -1.9488249e-01   3.0612680e-01   2.0846121e-01  -2.2585920e-02   2.7060443e-01  -4.8860575e-01  -5.1280957e-01  -3.9304616e-02  -8.6961054e-02   5.9663677e-02   8.8898229e-02   1.0532996e-01  -1.3310055e-01  -1.1197210e-01  -2.5462868e-01  -4.0102169e-01   8.1967510e-02   7.6654839e-02  -1.2213153e-02  -1.8098687e-01  -5.8891010e-03  -2.0208404e-01  -2.7190720e-01   2.8824950e-01  -5.6728783e-01  -2.2319548e-01  -2.0303454e-01   4.1040061e-02   2.5989068e-01   4.9903782e-02  -1.4703340e-02  -1.2911619e-01  -1.2300280e-01  -9.5187335e-03   2.6471246e-01   4.0577310e-01   3.2813315e-01  -1.0020235e-01  -1.4208906e-01  -1.4614458e-01  -3.1121243e-01  -1.5294376e-01   5.7415036e-01  -1.6784964e-01   3.9543084e-02  -9.2187161e-02  -4.4923884e-02   1.9937387e-01  -5.2159304e-02   3.3867691e-01  -3.7153187e-01  -3.7938136e-02  -3.8639747e-02  -7.3582782e-02  -5.9049540e-01   1.2093974e-01   1.9206321e-01   5.5440338e-01   1.7664350e-01   9.1782843e-02  -2.4331135e-01  -4.5998167e-01  -3.3262089e-01  -1.5016366e-01   5.4366650e-01  -2.4093457e-01  -5.2412950e-01  -1.4970556e-01  -3.5740284e-01  -1.6021500e-01   2.6685612e-01   1.8346939e-01  -7.0994582e-02  -1.1101387e-01  -1.8245428e-01  -1.7183162e-01  -2.0978292e-01  -2.2784965e-01  -7.5105749e-02  -1.8113647e-01  -1.7234998e-02  -1.3306287e-01  -2.9256155e-01  -6.6544737e-02  -1.0706215e-01   4.3727591e-01   6.5333613e-02   9.9910043e-02  -9.0919147e-02  -4.0528054e-02  -8.9663980e-02  -2.1551881e-01  -3.3600742e-01   1.4079966e-01   4.6604606e-01   7.9068658e-02  -3.0756452e-01   8.0097565e-02  -2.1469592e-01  -1.4091911e-02  -2.3013753e-01   9.1070848e-03   4.0386307e-01  -1.3845348e-02  -2.4704237e-01   5.1017375e-01   3.7330108e-01
  -1.8327375e-01   1.3504180e-01   3.3101137e-01   3.8644662e-03   0.0000000e+00  -8.8543982e-02  -2.5163634e-01  -4.2734854e-01   5.2731089e-01   9.1377521e-02   4.6641304e-02   6.7283336e-02  -3.3081121e-01  -1.1330527e-01  -2.1758583e-01   2.7141498e-01   3.8734029e-01   1.2756912e-01   8.3895757e-02   5.8408401e-01   1.6382326e-01  -4.3451068e-01   9.6090796e-02  -9.5352710e-03   2.6966955e-01  -4.1602103e-01   1.8856694e-01  -4.0685965e-01  -1.7111763e-01  -2.8635385e-01  -1.4298670e-01  -8.8583341e-02   2.3285630e-01  -2.5206865e-01   1.5851708e-01   6.2215850e-01  -6.6143560e-02   1.2574457e-01   2.1537915e-01   1.1130069e-01   2.7335041e-01   2.9380869e-01   4.6594390e-01  -8.4479337e-02   2.7661480e-01  -1.6695783e-01  -7.6663300e-02   1.4106033e-02   4.4561258e-01   2.5808254e-01   2.2712674e-01  -3.8030282e-01   2.6227322e-01   8.9094356e-02  -2.8476689e-01  -4.0932322e-01   1.5648849e-01  -3.5130592e-01   2.5553914e-01  -8.2264859e-02   6.0502833e-02   1.6337659e-01   3.5173577e-01   2.6652677e-02   2.3501859e-01   8.2051551e-02  -7.9017151e-02  -2.2719597e-01  -3.4416760e-01   1.4964139e-01   4.2482484e-01   1.1200718e-01   3.9566552e-01  -1.1348189e-01  -1.6254327e-01   1.2980440e-01  -1.3041237e-01  -2.9941392e-01   3.9518674e-01   5.2894930e-02  -4.9280510e-01   1.6509275e-01   1.9505241e-01  -4.7601386e-01   3.1113441e-01  -1.0311980e-01   2.2524059e-01  -3.2135120e-01   3.5319590e-01  -6.5620171e-02   4.4347085e-01   8.0936835e-02   2.3580103e-02   2.8238391e-01  -1.3348107e-01   5.8198539e-01  -1.5105218e-01  -2.4690862e-01   5.1518302e-01  -3.9814717e-02   2.7602209e-01   7.7346280e-02  -4.5693135e-01   1.0834081e-01  -1.2961953e-01  -2.0695483e-01   4.3050936e-01  -4.1300202e-01  -1.0850926e-01   5.7178843e-03   4.3352231e-01  -4.4324557e-01  -4.0642473e-02  -2.9481886e-01  -1.9842933e-01   3.6296147e-01  -3.9131214e-01   3.3202355e-01  -2.5386590e-01  -2.9031080e-02  -3.6475356e-01   4.3537871e-01  -1.8665979e-01   3.1270345e-01  -2.2245066e-02  -3.2158100e-01   2.4692054e-01   1.2629482e-01  -3.6937076e-01   2.7289717e-02   7.9674727e-02   1.8972085e-01  -5.1309851e-01   1.1979765e-01   1.1261029e-01   1.3186309e-02   1.5408360e-01  -3.2712820e-01  -2.7355801e-01  -1.9715888e-02  -9.5059472e-02  -9.1269132e-02   1.3185985e-02  -2.2279442e-02   8.3970511e-02  -6.1245483e-02   2.7110003e-01   1.0522926e-01   1.7307311e-02   2.8989754e-01  -3.0503949e-01  -3.6516119e-01  -2.8331007e-01   1.9908530e-01   4.8593457e-01   2.3472264e-02   4.2080479e-01   4.6613549e-02   7.7465531e-02  -4.9281868e-01   1.1321444e-03   5.1771696e-02   2.4765073e-01   6.7558665e-02   2.0280706e-01   4.9225967e-02  -6.4713934e-02  -8.6442570e-02   1.2907741e-01   2.3754579e-01   2.2016692e-01  -1.0388195e-01   7.4020002e-02   4.4395624e-02  -8.9800969e-02  -1.0838833e-02  -1.5368197e-01
  -2.1969426e-02  -4.0691785e-01   9.8563145e-02  -2.0959119e-02  -8.8543982e-02   0.0000000e+00   2.2313129e-01   2.7368849e-01   7.0497910e-02  -9.4023574e-02   1.8924413e-01  -1.9308003e-01   1.6951828e-01   2.8498714e-02   8.0833497e-02   2.5040888e-01  -1.7307317e-01   2.6607823e-01   3.8336704e-01  -3.8494632e-02   1.1860035e-01   2.5246179e-01   3.5079611e-02  -1.3757072e-02   2.5868418e-01   2.7650096e-01   3.3385847e-01   2.4868013e-02   2.2708084e-01   3.4837284e-01  -1.4949546e-01  -2.9850292e-02  -6.7853159e-02  -1.5720291e-01  -1.8367519e-01   1.8781461e-01  -2.0047285e-01  -1.6708627e-01   2.3464506e-01   8.9977889e-02   3.0742684e-01   9.4996585e-03   1.4152170e-01   7.7727519e-02   7.7017205e-02   6.0722172e-03   3.7300426e-01   1.8571494e-01  -1.2620217e-02  -1.0796853e-01   4.8210823e-01   2.0540690e-01  -2.4558128e-01  -2.3712431e-02   2.7792917e-01   1.8100973e-01   2.5526671e-01   2.8970503e-01   1.4092637e-01   7.4559465e-02  -1.3279342e-01  -6.4518889e-02   1.4603503e-01  -2.3066356e-01  -7.5696332e-02   2.1821376e-01   5.0694396e-01  -3.2936317e-01   4.6661609e-01  -3.2596738e-02  -9.7905357e-02   2.0124745e-01   1.0209610e-02  -8.1961544e-02  -8.8423754e-02   4.8315188e-02   1.4926055e-01   2.5297667e-01  -2.0336252e-01   2.1854605e-01  -3.2493792e-02   3.0404916e-02  -2.3809455e-01   3.7968637e-01  -2.6363374e-01   1.4086576e-01  -1.3457331e-01  -4.4911937e-03   3.9880902e-01   1.2170531e-02  -2.5061632e-01   3.6838748e-02  -1.0022390e-01   1.0186300e-01  -1.9083250e-03  -6.8288178e-02  -7.3884223e-02   2.1638847e-01   2.7326214e-01  -9.5863764e-02  -1.0117282e-01  -1.6528881e-02   3.1287660e-01   3.2577208e-02   5.4171194e-01   1.3440398e-01  -1.8762242e-01   1.9565389e-01  -1.1746441e-02   1.3296427e-01  -2.3547138e-01   1.5931628e-01   8.6786824e-03   2.5756875e-01   2.3266233e-02  -8.2762333e-02  -5.4171479e-03   2.3906540e-01   1.4002955e-01   4.7540783e-02  -2.1517864e-01  -2.4930706e-01  -1.4430115e-01  -2.8171402e-01   1.9809251e-02  -2.6807203e-02   4.1788099e-01  -5.9572245e-03   1.5482716e-01   2.5828725e-01   2.5229805e-01  -2.9955481e-01  -4.5480340e-03  -1.0861647e-01   1.7306148e-01   3.0026521e-01  -1.0940907e-02   1.0509943e-01   1.2216371e-01  -2.5292426e-01  -3.4674193e-01   2.7481212e-01   5.0469267e-01   5.2690104e-02  -8.0260062e-03  -2.0245715e-02  -1.0755325e-01   1.9117567e-01   3.2323487e-01  -1.5716589e-01  -2.9390560e-02   2.3564109e-01   2.4613647e-01  -2.7770984e-02  -7.5487529e-02   6.7647117e-02   1.0800220e-01   2.7565143e-01  -3.1082215e-01  -1.3076805e-02   1.4158675e-01   1.0241115e-01  -1.1721337e-01   2.1929684e-01   5.1912144e-02  -2.0741495e-01  -8.8908592e-02   2.9072851e-01   3.1068829e-02  -2.0735452e-01  -1.4539306e-01  -2.4301815e-01  -5.9580112e-02   2.2873075e-01  -1.1784510e-01  -1.2047479e-02   7.6406669e-02
  -9.2743681e-02   1.3827212e-01  -1.7439898e-01  -1.5408057e-01  -2.5163634e-01   2.2313129e-01   0.0000000e+00  -1.7204463e-01  -3.0901174e-02   4.2107266e-01   3.0727151e-01   9.1893172e-02   8.2609841e-02   1.1308543e-01  -8.8753780e-02  -3.5852304e-02  -3.6220766e-01   6.3394805e-02  -1.4565722e-02  -1.3736712e-01   3.9441623e-01  -1.5043631e-01   2.6019786e-01  -8.2900031e-03  -1.1447086e-01  -2.0659532e-01   4.3607396e-01   5.4012350e-02   4.0099514e-03   1.6975792e-01   1.8323065e-01   2.2549635e-02   2.5479623e-02   5.0878639e-01   3.1458102e-02   1.2109660e-01   3.6054247e-01  -1.5352674e-01  -8.6176253e-02   3.0666037e-01  -1.7001806e-02  -1.2072931e-01  -7.6577395e-02   1.1974102e-01   7.4251211e-02   1.1418138e-01   1.9145424e-01   6.4336239e-01  -1.9960947e-01  -4.7563551e-01  -2.4251586e-01  -1.6664943e-01   3.3741904e-01  -4.3316599e-01   2.2070996e-01   2.6891483e-01  -2.4757602e-02   5.0186357e-02  -7.7193482e-03   7.7381310e-02  -2.4061975e-01  -1.2048685e-01  -5.0411200e-02   2.0649542e-01   3.3836617e-01   3.6499124e-01   3.2702376e-01   1.0434659e-01   1.7735506e-01  -7.7697928e-02   2.8165768e-01   1.0728156e-01  -1.4856259e-01   5.6170784e-02   4.2529621e-02   7.4803459e-02   4.1674465e-02   1.3577838e-01  -2.9168178e-02   4.7321006e-02   1.8617544e-01   1.8340086e-01   1.5136686e-01   5.3676602e-02  -2.1518386e-01  -4.9936003e-02   7.3255823e-02  -2.7511525e-01   1.0727920e-02   1.8234697e-01  -1.0595252e-01   7.8652663e-04   2.4682046e-01  -5.9740719e-02   1.0084850e-01  -8.8261558e-03   8.2160496e-02   4.0351170e-03  -1.6145130e-01   3.6396607e-01   7.8755355e-03   2.0607908e-01   1.7352429e-01  -4.0224179e-03   1.4516817e-01  -6.5448424e-02  -3.5216176e-01  -1.8658142e-01   2.8695873e-01  -4.4608281e-02   7.4776353e-02   1.0405266e-02   9.5320174e-02   2.8078171e-01  -1.0259076e-01  -1.0515011e-01  -3.2382881e-02  -2.8370376e-01   2.4369937e-02  -8.8164301e-02   2.5457876e-01  -1.5380530e-01  -3.3150519e-03   2.7964348e-01   2.1995602e-01  -1.4504563e-01  -4.4871229e-02  -1.4882288e-01  -6.1883347e-02   4.7894903e-02   2.1172695e-01   2.3318215e-01   8.3021862e-02   2.5767476e-01  -2.0396730e-01   2.4426875e-01   1.3301379e-01   2.3773200e-01   1.9676305e-01   1.1232548e-01  -4.5837057e-02   1.1887600e-01   7.6340679e-02   1.3160327e-02   2.1786287e-01   4.1626393e-01   6.8154586e-02   3.3785896e-01   1.5542721e-01   3.3683483e-01   7.3270146e-02   3.9811574e-02   2.1968446e-01   4.9896482e-01  -1.1695382e-01  -8.3173055e-02  -9.8014131e-02   1.5904196e-01  -1.8741299e-01   3.0684236e-02  -1.1727017e-01   2.7373281e-01   3.1924168e-01   2.2382206e-01  -4.2025810e-01   5.2748383e-02   2.4650760e-01  -1.8224899e-01   5.8581096e-02   1.1475363e-01  -2.3758001e-01   8.2619223e-02   4.7666842e-02  -1.4587251e-01   1.2506626e-01  -2.0764255e-01  -1.4163293e-01
   2.7243340e-01  -3.1875214e-02  -2.7345381e-01  -1.1336618e-01  -4.2734854e-01   2.7368849e-01  -1.7204463e-01   0.0000000e+00  -1.2882142e-01  -2.1305606e-01   1.0007618e-01  -2.0118166e-01   8.0262399e-02  -2.2608025e-01   1.8279188e-01  -1.8892093e-01  -2.4625899e-01  -1.1323440e-01   1.4591022e-02  -3.9338129e-01   4.4987447e-02   5.4276798e-01  -2.3940148e-01   5.8742335e-02   3.2944667e-02   6.7054673e-01  -2.9221520e-01   4.5713120e-02  -3.0097683e-03   3.2842837e-01   1.6548301e-01  -3.2015187e-02  -1.9522320e-01  -1.1005252e-01  -5.9883758e-02  -2.2762062e-01  -2.2067259e-01  -1.3128143e-01  -2.5225529e-01  -3.9197228e-01  -7.5223936e-03  -4.0387514e-01  -3.2708784e-01   1.5642014e-01   4.0087290e-02  -9.8756822e-02   2.6924859e-01   9.6361367e-02  -1.2005238e-01  -5.0119902e-02   2.5364655e-01   8.4959246e-01  -1.9604192e-01   5.5595388e-02   1.3432653e-02  -2.1281375e-02   1.0685005e-01   3.3457386e-01  -1.5867600e-01  -3.0882624e-02   1.0982961e-01  -2.1674441e-01  -2.4267873e-01  -2.4743445e-01  -1.7906674e-01   8.3015026e-02   7.3698664e-02   2.3265830e-02   5.2342257e-01  -3.0381768e-01  -3.5359259e-01  -1.1279737e-01  -1.0007830e-01   1.4970324e-02   6.0272955e-02   1.3301651e-01   1.6825176e-01   4.9111878e-01  -1.0953437e-02   1.3958385e-01  -1.4945827e-02  -2.8440919e-01  -1.1007714e-01   7.7576879e-01  -1.8553856e-01   2.5952384e-01  -2.9836892e-01   2.5938806e-01  -1.7406560e-01   1.2357301e-02  -1.8526041e-01   8.0357618e-03   3.2905758e-02  -2.0697405e-01   9.3252752e-02  -3.7905247e-01  -1.7675801e-02   5.8765773e-01  -2.3780880e-01  -6.3044529e-02  -4.1380542e-01  -2.5694213e-01   4.0826421e-01   9.2520149e-02   1.9648328e-01   2.7747050e-03  -2.6453763e-01   7.8268239e-01  -1.1795599e-01   6.2376119e-02  -2.7857710e-01   1.4204875e-01  -2.0642083e-01   3.1898696e-01  -1.2753164e-01   1.7417615e-01   3.4435909e-01   3.2100263e-02   2.0030855e-02  -2.0411327e-01   2.8960617e-01  -6.4311474e-02   8.7044128e-02  -1.1741409e-01  -6.7003895e-02  -9.5123516e-02   1.0359303e-01  -3.2295076e-01   3.4947375e-01  -1.9904189e-01  -1.9375103e-02  -5.9960585e-02   9.9600480e-02  -3.1975442e-02  -7.6114002e-02   2.0766080e-01  -1.5924780e-01   1.3605845e-01   2.0752268e-01  -2.3845997e-01  -2.2807513e-01   2.5499556e-01   1.1651087e-01  -3.4730685e-01   7.6561529e-02   1.3946130e-01  -2.5167819e-01   1.4411208e-01   4.3221517e-01  -3.2895879e-01   2.2834772e-01   6.4231363e-01   2.7354638e-01  -9.6482209e-02  -3.9045124e-01   7.3721738e-03  -3.0270689e-01  -3.2515605e-02  -9.9785969e-02   1.6982262e-01   1.1673117e-01   3.8258841e-01  -1.6537427e-01   3.0863790e-01   8.1724558e-02   1.1962359e-01  -1.0942035e-01   5.2843081e-01   1.9637279e-01  -4.1143906e-02   2.8893781e-01   1.2272193e-02  -2.8507446e-02   4.7939542e-02  -2.2521750e-02   4.7289214e-02   1.6704738e-01
  -3.2322188e-01   2.6519408e-01  -1.4753915e-01   2.0871928e-01   5.2731089e-01   7.0497910e-02  -3.0901174e-02  -1.2882142e-01   0.0000000e+00   2.6538273e-01  -3.0045841e-02  -3.5301036e-01  -6.7507448e-02   7.6480406e-03  -2.8308600e-01   2.0210118e-02  -6.9130425e-02   1.8338869e-01   2.7600168e-01   3.6667727e-01   2.6590913e-01  -2.3544521e-01   2.2561091e-02  -5.2967043e-02   3.4153438e-01  -1.7435469e-01   1.7397719e-01  -3.6969085e-01  -1.7344163e-01  -5.3463918e-02   1.8784884e-01  -2.3734501e-01  -4.1333294e-03  -2.1358048e-01   2.0466427e-01   5.6017256e-01  -2.3235752e-03   8.2868746e-02  -5.3409797e-03   2.2886596e-01   3.1490778e-01   6.2091494e-02   3.7539701e-01   1.0484080e-01   2.6381031e-01  -1.3290593e-01   2.3921252e-01   3.0546196e-01   9.6226696e-02  -2.3698484e-02   3.1734281e-01  -2.2798664e-01   3.7160673e-01  -3.0466894e-02  -1.4380293e-01  -7.9239266e-02   4.8598925e-01  -1.6262265e-01   1.0908006e-01   4.8374484e-02  -2.6115775e-01   1.0827031e-02   5.1906079e-01   1.8793189e-01   5.3753295e-01   2.3116936e-01  -3.5742740e-02  -2.8000850e-01  -4.5687623e-02  -8.1423103e-02   5.1112583e-01   1.8515804e-01   3.4090553e-01  -1.2967281e-01  -5.5828532e-02  -6.1401268e-02  -3.6743012e-01   8.7426643e-02   2.3586954e-01   2.2359096e-01  -4.3392042e-01   1.6564999e-01   2.8591211e-01  -1.9973155e-01   1.2415018e-01  -2.6850570e-01   4.0978031e-01  -3.3108674e-01   3.5074444e-01  -1.2326199e-01   8.0525649e-02   1.9668068e-04  -6.0092159e-02   3.2056951e-01  -5.1370562e-01   1.7030064e-01  -2.7377970e-01  -2.1906534e-02   4.7381036e-01   2.7190538e-01   3.1487334e-01  -9.5517417e-02  -4.1448121e-01   5.4026978e-01   2.1761856e-01   9.2834637e-02   3.1777955e-01  -1.1989451e-01  -1.3477848e-01   1.6225010e-01   1.3412037e-01  -3.6603360e-01   5.0215634e-02  -2.7580119e-01  -3.3227880e-01   4.0216921e-01  -3.9398158e-01   2.1625557e-01  -1.5804095e-01  -3.9586768e-02  -4.1424238e-01   2.6340977e-02  -1.3079983e-01   4.0409840e-01  -2.5567030e-01  -4.8150555e-01   1.6270676e-01   8.5317282e-02  -4.9041071e-02   1.0784457e-01  -7.4594962e-02   1.5688297e-01  -5.1329293e-01   3.8973003e-01   2.3353607e-01  -4.3206556e-02  -2.0636820e-01  -7.2233537e-02  -3.2603401e-01  -2.9797389e-01  -7.3813404e-02   9.0707558e-02   4.7463030e-02  -1.4685067e-01   3.5020968e-01   1.1026893e-01   5.6286374e-02   2.7502032e-01   2.8046707e-01   3.1204804e-01  -4.7262635e-01  -2.8994380e-01  -3.7546083e-01   4.0525604e-01   2.9403133e-01   1.7718898e-01   1.8242633e-01   2.3066854e-01  -1.8622866e-01  -5.7526747e-01   2.0069473e-01   2.8503886e-01   1.5470580e-01   3.1182184e-01   4.2715050e-01   1.0942068e-01  -8.4870624e-02   1.4235272e-01  -1.1082385e-01   4.2701508e-01   3.2989242e-02  -2.5379857e-01   2.6137751e-01  -3.9479856e-02  -2.2836682e-01   3.2312252e-01   2.6761242e-01
  -1.3215558e-01   3.9658036e-01  -1.3638106e-01  -1.3769171e-01   9.1377521e-02  -9.4023574e-02   4.2107266e-01  -2.1305606e-01   2.6538273e-01   0.0000000e+00   9.5261835e-02  -5.0522402e-02  -3.1512835e-01  -5.7284177e-03  -3.1807199e-01   9.8986889e-02  -2.5511327e-01   9.5001512e-04   2.5020691e-01  -1.1226148e-01   4.2401099e-01  -3.1550238e-01   3.2241779e-01   2.4940625e-01   5.9801314e-02  -2.1303118e-01   2.0778351e-01  -4.0285714e-01  -2.0016006e-02   2.5104686e-02   4.1376785e-02  -2.8744706e-01   2.8030451e-01   1.2073795e-01   7.9115168e-03   2.6884328e-01   1.0820709e-01   2.1951744e-01  -1.6262866e-03   1.0947860e-01   1.3299778e-01  -3.1409333e-01   1.0920687e-01   1.0031654e-01   1.6482429e-01   3.1812744e-02   8.3135403e-02   4.8077446e-01   8.0158048e-02  -3.4379779e-01  -1.0128682e-01  -2.2568429e-01   5.3196102e-01  -4.6166587e-01  -1.2613984e-01  -1.6574555e-01   5.8484194e-02  -3.9789354e-02   1.8649357e-01  -1.6939851e-01  -4.0388765e-01  -1.4163788e-01   1.6316236e-01   1.4754393e-01   3.9173080e-01   5.1765293e-01  -4.0598521e-02  -2.5415655e-01  -9.2215549e-02  -1.5759900e-01   3.1327680e-01  -1.2402005e-01   2.8975960e-01  -3.4738542e-02  -2.5568799e-01  -1.8304925e-02  -1.1785350e-01   1.8400122e-01   2.5876424e-01  -9.6059185e-02  -2.5485247e-01   2.0244464e-01   2.1775618e-01  -2.2036013e-01  -4.2441766e-02  -7.9259374e-02   1.7002370e-01  -4.7790251e-01   1.5992837e-01   1.8274084e-01   9.5333223e-02  -8.5227199e-02   3.6472479e-03  -1.9780493e-01  -2.7598531e-03   1.2149559e-03  -3.6558993e-01  -7.2849205e-02   1.3412225e-01   5.9841088e-01  -2.0095385e-02  -9.7235422e-03  -2.2909096e-01   2.3487521e-01   3.3438430e-02   7.4874513e-02  -2.7764915e-02  -2.5484420e-01   2.2267290e-01   1.5703132e-01   1.6677038e-01  -3.7364125e-01  -1.5096189e-01   2.8716942e-01  -4.9649194e-01   1.2004853e-01  -2.0763548e-01  -1.0291407e-01  -1.9293827e-01  -3.1359972e-01   2.4358237e-02  -1.3008512e-01  -2.6214140e-01   3.6572140e-01   9.4010728e-02  -5.7049521e-01  -2.6819767e-02  -2.0352885e-01   1.5496679e-01  -6.3544589e-02   4.0974888e-02   1.2924478e-01  -1.7107831e-01   2.7667400e-01  -1.3519371e-01   1.6206962e-01  -8.0833412e-02  -1.0742673e-01   2.7519675e-02  -3.2490287e-02  -3.2341836e-02   2.8532016e-02   1.4042154e-01  -2.0395113e-01   1.5645357e-01   4.4558645e-01  -1.3405661e-01   2.9334076e-01   3.9939544e-01   4.7506859e-01  -4.0580344e-01  -4.9114652e-02  -1.6760780e-01   3.6341970e-01  -2.1729748e-02   1.9138083e-01   1.1583646e-02  -3.9434124e-02  -3.3231121e-01  -2.9778058e-01   1.2697867e-01   3.9430903e-01   4.1898046e-01   1.8605216e-01  -1.9000887e-01   5.9018248e-02   3.8202930e-01  -1.4281420e-01   3.3968848e-01   4.5049360e-01  -2.0550358e-03  -7.6794315e-02   2.1141228e-01  -4.6107049e-01  -1.2464264e-01   8.9199256e-02  -1.2592714e-01
   1.4254905e-01  -1.4394590e-01   1.6615398e-01  -2.5494363e-01   4.6641304e-02   1.8924413e-01   3.0727151e-01   1.0007618e-01  -3.0045841e-02   9.5261835e-02   0.0000000e+00  -4.6856851e-02   2.7222456e-01   3.4278652e-03  -2.5659672e-02   2.0957235e-01   1.8904711e-02   1.7397072e-01   2.1627689e-01   4.2391994e-02   5.4632775e-01  -2.9308134e-01   3.0421067e-01   2.3737310e-01  -2.6187601e-02   4.0779370e-02   2.5739655e-01  -4.4422896e-02   2.7090576e-02   2.8116290e-02   2.6875406e-01   2.8090675e-01   4.0076402e-01   1.7674586e-01  -2.6963079e-01   2.2174514e-01  -2.0620825e-01  -2.4192985e-01   3.0705269e-01  -5.0699566e-02   1.7190257e-01  -7.3446514e-02  -3.0996414e-01   2.5968348e-01  -3.0269256e-02   2.2451773e-01   4.1385536e-01   3.6982704e-01   1.0572491e-02  -1.3377895e-01   1.5310119e-01   1.5260463e-01   1.8457601e-01  -1.3338408e-01   3.4193418e-01   3.1450294e-01   3.1453897e-02   2.1071070e-01   3.3075874e-01  -2.9875777e-01   2.5938030e-01  -3.5646886e-02  -3.5321571e-02   2.1477056e-01   1.9074225e-02   3.7735283e-01   4.4875680e-01   1.5460297e-01   3.9583813e-01  -5.4056840e-02   7.7107853e-02   2.6802605e-01   3.9470861e-02  -7.2007573e-02  -2.2485498e-01   5.5228425e-01   1.4546111e-01   1.9916701e-01  -2.3177754e-01   1.0744757e-01   2.7669913e-02   2.3427110e-01   1.7799436e-01  -5.5629442e-02   7.8877824e-02   4.7906724e-01  -3.1323416e-01  -1.2273074e-02   1.2329734e-01   1.8528576e-01  -2.7489043e-01   3.4481129e-01   2.6267526e-01  -1.3536087e-01   1.9721314e-01   9.2051878e-02  -8.3867177e-02   1.1586744e-01   1.7481781e-01   5.7127892e-02  -6.0550791e-02   6.8085538e-02   3.1133290e-01  -2.8097157e-01   3.8267892e-01  -2.3493431e-01  -4.7624279e-02   1.0043785e-01  -8.6950955e-02   4.1773096e-01   1.8332243e-01  -1.8069619e-01   1.1117748e-01   3.5518723e-01  -7.5357948e-02  -2.4256989e-01   3.0434847e-01   6.4386994e-02  -1.0042108e-01   1.7080178e-01   2.3918753e-01  -2.4497223e-01  -3.3724333e-01   8.2420829e-02   1.6151820e-01  -9.6636712e-02   3.1631385e-01  -1.3939579e-01  -2.9388623e-02  -1.0207026e-01   3.0317291e-01   9.8245253e-02  -5.4268327e-02   3.4276119e-01  -2.5951376e-01   7.3226596e-01  -7.1042247e-02  -9.8309042e-02   6.5284775e-01  -7.2207799e-02  -1.3016313e-01  -3.9950719e-02   1.1056044e-01  -2.4290426e-01   5.1366558e-02   4.7169709e-01  -8.7652257e-02   5.0225139e-01   3.1984339e-01   1.3269931e-01   1.3654570e-01   1.1228585e-01   1.8490003e-01   4.7445019e-01  -2.3190138e-01  -2.3948601e-01  -4.5689731e-03  -1.1557823e-01  -1.7412074e-02   6.6366666e-02  -1.7891597e-01   3.2578814e-01   1.8166102e-01   3.5260646e-01  -1.8372738e-01  -1.8200389e-01   3.7210562e-01   1.6895023e-01   1.6557510e-01   2.5675802e-01  -3.3327504e-02   3.5794196e-02   7.9603631e-02   9.8673821e-02  -9.8160139e-02  -3.2569791e-01  -2.5574447e-01
   3.1203513e-01   1.9057646e-01   5.3823861e-01  -5.2498233e-01   6.7283336e-02  -1.9308003e-01   9.1893172e-02  -2.0118166e-01  -3.5301036e-01  -5.0522402e-02  -4.6856851e-02   0.0000000e+00   1.9755452e-02   1.6371550e-01   3.2401460e-01  -2.4049999e-02   3.5966583e-01  -4.6315574e-01  -5.6801248e-02  -9.6709831e-02  -2.3681686e-01  -1.0029095e-01  -2.3543929e-02  -4.3833722e-01  -2.8178305e-01  -1.6711937e-01  -6.8882989e-03   2.0536543e-01   1.4319770e-01  -2.7762389e-01  -1.2146646e-01   1.5458066e-01  -9.9623627e-02   3.8180135e-01   4.3852764e-01  -6.6927671e-02   1.3561858e-01   1.6849187e-01  -1.7528193e-01   3.1008716e-01  -1.8693473e-01   1.1830997e-01   8.1263739e-02  -7.5870847e-02   2.3444423e-01  -9.4913295e-02  -1.9159019e-01  -1.8375000e-01  -4.5347027e-02   1.9105598e-01  -4.7652391e-01  -1.9863223e-01  -2.3743991e-02  -2.1528545e-01  -1.6033396e-01  -1.7356561e-01  -3.8397173e-01  -9.9853600e-02   8.9237053e-02   4.7911945e-01   4.1451793e-01  -7.3612030e-02  -5.4889626e-01   1.0661447e-01  -2.1614856e-01  -3.4345052e-01   6.1560894e-02   1.9722592e-01  -2.2494755e-01   4.4564907e-01   1.0449994e-01  -4.1114004e-01  -3.8386604e-01   3.5029874e-01   2.1012330e-01   1.1185091e-01   1.4679654e-01  -2.8013472e-01   1.2205985e-01  -1.8809964e-01   1.3555905e-01  -9.1231163e-02  -4.8416638e-02  -6.9160048e-02   4.1024851e-01   5.9811501e-02   8.3559553e-02   5.5777279e-02  -2.6291563e-01   3.3807203e-01   7.5885951e-02   1.6338297e-01   2.6237659e-01   1.2758026e-01   4.0451335e-01   3.6849827e-01   5.1292300e-01  -6.5081655e-02  -4.1627595e-01  -1.7347934e-01   1.4129701e-01   5.0827385e-01  -1.1863538e-01  -1.2971715e-02  -4.5688643e-01  -2.4780925e-01  -1.2561860e-01  -2.8082177e-01   2.7423241e-01  -3.3473827e-01   3.9205219e-01   1.3071347e-01  -3.5258289e-01   7.4860577e-02   3.6242550e-01  -6.4678209e-03   2.0525343e-02  -6.5276994e-02   1.9278294e-01  -3.1191497e-01   4.2537096e-01   3.5131703e-01   3.9485360e-01  -2.2111193e-02   4.6732452e-01   2.9034746e-01  -1.3917188e-01  -2.4254326e-01  -3.8120053e-01   2.3692137e-01   2.4808666e-01   3.1783944e-01   2.9745001e-01  -1.3972683e-01  -4.3594598e-01  -1.7658901e-01   4.4540274e-01   1.1261795e-01   6.2238009e-02   6.3571713e-01   1.3183280e-01  -1.2534058e-01   1.3679134e-02   5.0722615e-01   2.7034357e-01  -1.3134973e-01   6.4137679e-01  -3.1489955e-01  -4.6604673e-01  -4.9140860e-02   3.4060393e-01  -4.5432535e-02   1.9086005e-01  -1.9072993e-01   4.4664035e-01  -4.6927453e-01  -1.5380670e-01   1.2182096e-01   3.9128481e-01   9.4544501e-02  -1.1581257e-01  -7.9295556e-02   7.9700646e-02  -5.0309889e-01  -4.3163379e-01   1.4388446e-01   3.9236437e-01  -3.5667958e-01   6.0303571e-03  -3.9919523e-01   2.0868289e-01   2.5376184e-01  -5.7421246e-01   1.8826635e-01   5.4405422e-01  -3.5593928e-01  -3.5266941e-01
   2.2502639e-02  -7.6688082e-02   6.1125406e-02   6.7161052e-02  -3.3081121e-01   1.6951828e-01   8.2609841e-02   8.0262399e-02  -6.7507448e-02  -3.1512835e-01   2.7222456e-01   1.9755452e-02   0.0000000e+00   3.7327791e-02   1.4958390e-02  -1.0637388e-01   1.4432316e-01   1.2425341e-01   1.8204547e-02   1.0274539e-01  -4.6157080e-03  -1.8073905e-01  -1.5535839e-01  -2.0660845e-01  -2.9153601e-02   1.1482416e-01   2.8715667e-02   1.3897952e-01   6.3464254e-02  -3.5036682e-01   2.5274684e-01   1.6901611e-01  -1.0605232e-03   2.1622815e-01   1.1038618e-01   3.5707890e-02  -1.0661089e-01  -2.3930046e-01   6.4491618e-03   4.9714129e-01  -4.6664221e-02   5.8135879e-02  -2.0916542e-01   2.3062936e-01  -5.0193919e-02   2.5900206e-01   1.2394628e-01  -1.0017214e-01  -2.3504415e-01   2.6544178e-01   1.2511420e-01  -9.1298004e-02  -5.9064457e-03   1.1498396e-01   2.0542596e-01   2.4860629e-01  -7.0610927e-02   7.1753050e-03  -1.9653047e-02   1.3989962e-01   2.7588771e-01  -6.7710084e-02  -1.4664980e-01   1.0869869e-01   1.9112338e-02  -6.1920759e-02   2.1284674e-01   2.9251202e-01   3.1839519e-01   1.5095494e-01   1.2599395e-01   2.0046862e-01  -1.7531686e-01  -2.5903616e-01   3.5520693e-01   2.8756149e-02  -7.7934736e-02  -5.0231952e-02  -5.3691092e-03   2.0679977e-01   1.3414603e-01   3.9417841e-02   7.3690691e-02  -2.4755157e-02   5.6578105e-02   7.2206854e-02   1.9002625e-01   3.9092950e-01  -2.0968727e-01   2.3742171e-01  -1.6113895e-01   3.6696161e-01   1.1095708e-01   1.9080145e-01  -9.4025874e-02   1.1158748e-01   3.2309057e-01   1.7368280e-01  -1.1379701e-01   1.2957208e-02   1.8823668e-01   1.1109481e-01   2.8988359e-02   1.2226495e-01   2.6021536e-01   2.0728492e-01   6.3226016e-02   1.5333431e-01  -2.1535082e-01   1.6796589e-01  -1.1434171e-01  -2.4098778e-02   1.2212511e-01   1.0367534e-02   2.0222949e-01  -1.4763270e-01   9.8676930e-02   1.2704179e-01   1.7962021e-01   1.1319184e-01   1.3974971e-01  -5.2130065e-02   2.7953795e-01  -1.2181911e-02  -2.6691129e-01   1.6792672e-01  -7.1180530e-02   2.3168337e-01  -4.1440800e-02   2.9085546e-01  -3.3433950e-02   1.2553542e-01  -1.4068073e-01   1.9919209e-01   2.4340967e-02   5.0944774e-02  -1.4828314e-01   2.8871829e-01   1.1919386e-01   1.2311501e-01   2.6117933e-01   1.9672165e-01  -2.1515146e-01   1.2744742e-01   1.8643099e-01   1.6691140e-01   1.8830146e-01  -1.4412591e-02  -1.9229022e-01  -1.7763034e-02   3.7180897e-02   3.2777224e-02  -5.6367589e-02   5.0684209e-02   2.4675662e-01  -2.9699170e-01  -5.2527425e-02   2.8492999e-01   1.8733470e-01  -6.9852680e-02   3.4052709e-02  -1.8004883e-02  -2.1792226e-01   5.8160510e-02   8.7464186e-02   1.5294549e-01   2.1453281e-01   2.5175611e-01  -3.4292252e-01  -5.7278115e-02   1.4923124e-01   8.8376279e-02   6.4025149e-02   1.0281796e-01   1.8010833e-02   3.6741882e-02   1.7815356e-01
  -1.4903824e-02  -1.6904375e-01   1.7877936e-01   2.5262157e-02  -1.1330527e-01   2.8498714e-02   1.1308543e-01  -2.2608025e-01   7.6480406e-03  -5.7284177e-03   3.4278652e-03   1.6371550e-01   3.7327791e-02   0.0000000e+00   4.3215864e-01  -5.8858317e-02   6.5511094e-02  -1.4367800e-01  -1.9656194e-02  -1.8418939e-01  -1.2098066e-01   6.2879334e-02   3.0439818e-01  -7.6711151e-02   3.6084715e-01  -7.4364003e-02   2.8166951e-01   6.1276478e-01   3.7020803e-03   2.1046019e-01   6.3038339e-03   8.6622678e-02  -1.2892097e-01   1.0473112e-01  -1.0163970e-01  -2.1995139e-01  -2.3366366e-01   9.6700544e-03  -1.7572159e-01   2.0540691e-01  -6.2175837e-02  -1.4662983e-01   9.1879736e-02  -1.8139448e-01  -2.3755342e-01  -9.0843923e-02   7.4409611e-02  -5.5265287e-02  -1.0936899e-01  -6.7226380e-02  -1.1843500e-01  -1.8573716e-01  -2.4559017e-01   2.6006423e-01   5.2750455e-01   4.5221982e-01  -5.6746337e-02  -1.7886839e-02   1.8763288e-01  -4.0501678e-03  -2.2081844e-01   7.2968310e-02  -9.5358840e-02   2.9284267e-01  -1.5896845e-01  -2.2935053e-01   1.0681385e-01  -2.5717575e-01   5.4090188e-02   2.1946480e-02  -5.8569463e-02  -2.7791204e-01  -2.7364228e-01   2.9581433e-01   1.7368407e-01  -3.4401987e-02   5.5539706e-02   6.2188294e-02  -4.1490623e-01   1.4285003e-01   4.8593884e-01   1.1366438e-01  -1.2462641e-01  -1.7877145e-01   1.6603426e-01   2.3142642e-02  -6.1491282e-02   2.5774233e-01   2.5390193e-01   4.5800042e-02  -3.8947278e-02   7.6290925e-02  -4.7423353e-01  -2.2120173e-01   3.8997594e-02  -6.4702452e-02  -9.0512865e-02  -9.7680137e-02   1.5809424e-01  -1.7182867e-01   4.3366523e-01   1.0463006e-01   2.4024173e-01  -1.8922061e-01   4.3800677e-02   1.0545329e-01   7.7003775e-02  -2.5658659e-01  -1.6723234e-01  -1.7894334e-01  -3.7182845e-02   2.2121085e-01   2.5475970e-02  -6.0455233e-02   6.4400559e-01  -2.8324865e-01  -1.1909223e-01  -1.5077933e-01   5.7780467e-01  -1.5971773e-01  -1.8890012e-01  -2.1717482e-01   2.7082437e-02  -3.6413192e-01  -1.3762992e-01   3.6864474e-01   7.9744965e-03  -2.2635985e-01   5.8379902e-02   3.5614737e-01   2.6693204e-01  -2.0611074e-01   3.9117267e-01  -1.8510917e-02  -2.6373531e-03  -6.0362919e-02  -7.4447334e-02   3.9407076e-01   1.9172537e-01  -1.0640092e-01  -1.2125437e-01   1.5539235e-01  -4.6488125e-02   5.3073205e-01  -3.3282709e-02  -3.8789302e-01   1.4660073e-01   8.3574405e-02  -3.2784723e-01  -1.9502764e-01   3.5322631e-01   3.2354040e-02  -1.2549796e-01  -1.0094174e-01   5.4262052e-02   1.7777251e-01   1.8805423e-01  -8.1523369e-02  -1.4306565e-01   2.6049705e-01   5.0302919e-02  -3.7726284e-01  -2.1376171e-01  -3.1153893e-01  -2.5473784e-01  -4.1674292e-01  -1.0469515e-01  -4.5011464e-02   8.0516859e-02  -1.1300621e-01  -3.5558578e-01  -2.4549741e-01  -2.6251802e-01   2.7425712e-01  -3.1346998e-02   1.1749155e-01  -4.6271455e-02
