   0.0000000e+00  -2.8228745e-01  -7.4255375e-02   2.6691081e-01   3.0994684e-01   1.0341212e-01  -1.2176102e-01  -3.1139713e-01   1.4759820e-01  -1.0940452e-02  -4.4829133e-03  -1.2641722e-01   8.2350647e-02   2.1516290e-01  -4.8747612e-01   1.4422149e-01  -1.4170189e-02  -5.6093132e-02  -1.8974835e-01   9.9468861e-02  -1.5049414e-01   1.2677969e-01  -2.6123776e-01   1.2593913e-01  -2.5559486e-01  -2.0731974e-02  -5.3840064e-03  -7.3668173e-02   2.6604312e-01  -1.4455761e-02  -1.2128955e-01   7.7119188e-02   6.1099189e-02  -2.2656435e-01  -1.0830915e-01  -3.0815147e-01   1.0073902e-01   1.4928951e-01   3.4151618e-01   1.3079912e-01  -3.5918865e-01  -6.8894357e-02  -1.3061920e-01   2.9868929e-02  -2.0179811e-01  -6.8035883e-02  -8.3534590e-02  -1.5572915e-01  -2.3312897e-01  -7.1544542e-02  -1.2491550e-01  -2.9496718e-01  -7.1885915e-02   8.3849653e-02   9.1092165e-02  -5.0509328e-02  -6.2829193e-02   1.1937024e-01  -2.7467915e-01   2.3538365e-02   2.7057706e-01  -2.3199772e-01   1.9797858e-01  -3.6315647e-01  -1.7630635e-01  -8.8504854e-02  -3.5352196e-01   7.5094331e-02   3.3830291e-02  -2.4595478e-02  -2.8034446e-01   5.2648857e-02   2.5125768e-01   2.8973070e-01  -1.1232631e-01  -2.1581767e-01   2.8431230e-01  -9.5407116e-02   2.6815625e-02   1.7024580e-01  -6.8514074e-03  -2.9821283e-03  -5.5277016e-02   5.2116433e-02  -1.7897719e-01  -3.4428646e-01  -1.9813364e-02   1.0449557e-01  -2.3728118e-01   2.9856680e-01   2.2553681e-01   1.4936135e-01  -1.0383351e-01   9.2969946e-02   3.8385919e-01   3.2719853e-01   2.1923073e-02  -1.0770305e-01  -7.7880689e-02   1.2258859e-01   5.4752127e-02  -1.0948595e-02   4.3450966e-02  -8.9265469e-02   1.2679281e-01   2.7488914e-01  -1.1966556e-01  -1.0214962e-01   1.1306036e-01  -9.0053449e-02   2.7153946e-03  -7.7412373e-02   1.9014352e-02   1.3319642e-01  -9.4156475e-02  -1.5910663e-01  -2.2068705e-01  -2.5567894e-01   2.3673379e-01   1.1886465e-01  -3.0338821e-01   3.2363840e-01  -1.3616944e-01  -4.6535266e-01  -2.6717305e-01   1.1129179e-01  -9.6683758e-02   8.5887606e-02   8.5008886e-02  -3.6169390e-02   2.2319130e-01  -2.6188305e-01   2.4133556e-01  -2.9338919e-01   4.0303966e-02  -4.9578251e-02   2.8863630e-01   2.0521936e-01  -1.5604671e-01   1.6289777e-01   1.4836904e-01   3.6659922e-01   5.0276418e-02   1.9073504e-01  -5.3672840e-01  -3.7786090e-01  -1.3750780e-01   8.5986759e-04   6.4386337e-02   1.8657354e-01  -1.6160551e-01  -6.8947245e-02  -1.8420346e-01  -1.5141952e-01   2.3860480e-01   1.4207596e-01   3.6353389e-01  -1.9032399e-01   2.4957236e-01  -1.9096914e-01   6.3465959e-02  -8.3003586e-02   2.9366219e-01  -1.9371477e-01  -1.5654632e-01  -2.9222336e-01  -1.5474909e-01   7.1997888e-02   9.7734211e-02  -4.8152274e-02   3.1917977e-02   2.5468064e-01  -1.4928275e-01   1.1264803e-01   1.6235976e-01  -1.9536366e-01   1.5412065e-01
  -2.8228745e-01   0.0000000e+00   1.1110629e-01  -1.4872276e-01  -8.8257501e-03  -1.5069663e-01  -3.7922569e-02  -1.0164742e-01   7.1475115e-02   4.0433536e-02  -2.5650657e-01  -8.5397821e-02  -2.2720505e-01  -1.9284348e-02   1.8983459e-01  -2.6399399e-01   1.8504969e-01   6.4416440e-02   8.7346210e-03  -1.2232437e-01   1.0881174e-01  -2.6816034e-04  -1.6254139e-01  -8.9369391e-02  -1.0440319e-01  -2.2592849e-01  -1.7824420e-01   7.2574719e-02  -2.8742666e-01   1.3847231e-01   2.3948468e-01  -3.8318393e-01   3.9640338e-02  -1.5237150e-01   2.1362726e-01  -1.8792303e-02  -2.3879451e-01   5.3959400e-02   1.5583810e-02  -2.9630467e-01   4.1118575e-01  -1.3586627e-02  -6.2897058e-02   4.5961207e-02   3.0346055e-01   3.8740922e-01   8.5818045e-03   4.4570116e-01   1.8119334e-01  -2.6026809e-01  -1.9666701e-01   4.3352830e-02   4.4400263e-02   1.0267060e-01  -8.1369167e-02  -6.7671670e-02   2.1468743e-01  -3.5585877e-02  -1.2687040e-01  -7.3426894e-02  -6.5989844e-02  -1.5953003e-01  -2.9033536e-01   3.2324386e-01   4.1563875e-01  -2.3933999e-01   7.7858992e-02  -1.2642401e-01  -1.3678058e-01   1.2800816e-01   5.0848433e-01  -1.5686331e-01   7.5832670e-02  -2.5477044e-01   5.2399633e-02   3.2357825e-02  -2.7726606e-01   7.3142668e-03  -1.5269199e-01   5.4933704e-02   4.6224009e-02   3.6752829e-02   2.4846812e-01  -2.4079713e-01   3.9735090e-01  -1.5705887e-01   2.1847771e-01  -9.5149241e-02   2.2883298e-02   1.5568057e-01  -1.3301267e-01  -3.6181715e-01  -1.7635098e-01  -1.1134852e-01  -2.0110900e-01  -2.0561629e-01  -1.7348810e-01  -2.4655324e-01  -1.8552903e-01  -1.4176029e-01   1.9289590e-01  -1.8931127e-01   1.5204948e-01   4.8949538e-01  -3.7177633e-01   2.9780105e-02  -3.2937877e-01  -2.0886318e-01  -7.0959071e-02   1.2753573e-01   2.4503761e-02  -2.3965076e-02  -4.0594983e-01   2.6366166e-01   3.3415693e-02  -1.8608630e-01  -2.9228859e-01   2.4564948e-01  -1.9314094e-02  -3.2866941e-01   1.7385124e-01  -3.1356091e-01  -3.2823713e-02   3.4506021e-01   4.0116263e-01   1.5788920e-01  -2.9798135e-03  -3.0445631e-02  -1.9087184e-01   1.9390698e-01  -1.0835937e-01  -6.3287324e-02   1.4179448e-01   1.8317313e-01   1.7365285e-01  -1.1137377e-01  -1.0035567e-01  -8.2633889e-02  -2.0962211e-01   5.0033712e-02  -2.8789682e-01  -2.3860696e-01  -1.7163037e-01   6.0633533e-02   6.5654555e-02  -1.6206701e-01  -1.8274736e-02   3.0210702e-01  -3.2106314e-01  -1.5122549e-01   6.4613199e-02   3.6818806e-02  -9.7287188e-02   1.0437153e-01   1.1277307e-01  -9.2302319e-02  -1.2768509e-01  -1.7593204e-01  -2.9479161e-01  -9.2672061e-02  -1.5557164e-01  -6.1747201e-03   2.0616934e-01   1.8262393e-02   1.6009215e-01  -9.6284810e-03   1.0947673e-01  -7.1716744e-02  -3.7448630e-01   1.4123925e-01  -4.6288242e-02  -2.5356089e-01   3.4868613e-01  -8.5566667e-02  -2.5135026e-01   9.6826364e-02   4.1031163e-02
  -7.4255375e-02   1.1110629e-01   0.0000000e+00  -1.4256630e-01  -7.5036067e-02   1.2510320e-01   1.8319135e-02  -1.5608143e-01  -1.0972977e-01   2.4752838e-02   2.9214498e-01   5.1559699e-01  -2.7597847e-02  -1.6316037e-01   3.4993225e-02   9.8172806e-02   6.3982110e-01   2.2171964e-01  -8.2745563e-02   1.5032501e-01   3.9209378e-01   1.3838356e-01   4.5206960e-01  -1.0244244e-01   4.8078651e-02  -1.6501114e-01   9.8039467e-02   2.8113202e-02  -2.2919652e-01   4.9446365e-02   1.4943259e-01  -2.0217484e-01  -2.3687220e-01   1.2921071e-01  -4.5710151e-02   2.2783214e-01   3.0944376e-01  -4.1537276e-01  -8.8913716e-03   6.0347023e-01   1.4506361e-01   1.2246946e-01   9.8839967e-02  -5.2377093e-02  -2.7768392e-01   4.2812805e-01   2.0022973e-01  -1.3660489e-01  -1.7722513e-01   2.1675397e-01  -3.1335088e-01  -2.2995880e-01  -4.9023071e-02   4.8121483e-02  -2.4362489e-01   5.0142901e-02   1.9132494e-01  -1.7476344e-01   2.0292827e-02  -1.9039567e-01   2.9086674e-01  -2.7643621e-01   8.8535217e-02  -2.6831020e-02  -2.2180405e-01   2.6824469e-01   1.8874491e-01  -2.1011433e-01   3.0443318e-01   2.4214710e-01   2.8178600e-01  -2.5163117e-01   2.0259158e-01   4.1675026e-02  -2.1177691e-01  -3.7355782e-04   1.3828932e-01  -2.8256560e-02  -2.8001462e-01  -1.8004022e-01  -1.4770179e-01   7.0988682e-02   3.5033000e-01   1.8820719e-01   4.5244492e-01   4.4311609e-02  -7.0245886e-02  -9.7220222e-02  -5.0066690e-02   3.8893542e-02   5.5302482e-03   2.1959397e-01  -8.6335295e-02  -1.1659845e-01  -1.3329593e-01   2.1974544e-01  -2.3436682e-01   4.7792839e-02   1.8074741e-01   4.6335151e-02   3.2552203e-01  -2.1678448e-02  -4.4952149e-02  -2.2500350e-01   4.8877772e-02   2.3733439e-01   3.6195393e-02  -1.8672672e-01  -3.4152333e-01  -3.9754243e-01   1.7195841e-01   1.4194354e-01  -1.8295285e-02   1.3145758e-01  -2.3055397e-03  -1.1783932e-01  -2.3290118e-01   3.9297013e-01  -1.6286948e-01  -2.9941036e-01   2.2970751e-01   1.9272217e-01   1.4345029e-01   2.4681483e-01   2.0724117e-01   1.3151378e-01  -1.0052811e-01  -2.1084359e-02   2.1520666e-01   2.5753590e-01  -9.9400991e-02   1.7888157e-01   6.0534007e-02  -8.2311972e-02  -3.2988185e-01   3.1844984e-01  -1.3162297e-01   4.4820684e-02  -1.3352238e-01   2.9430716e-02  -2.1398304e-02  -2.0804735e-01  -4.6137879e-02  -8.5932649e-02   3.4093067e-01   6.8803091e-03   3.4927847e-01  -3.1415240e-01   4.2899184e-02   4.0623795e-01   4.7534827e-01  -4.4573539e-02   4.7663863e-02   5.7122512e-02   3.9984848e-01  -4.4461027e-02  -2.0310830e-02   7.5689125e-02   6.6242343e-02  -3.7476326e-02  -3.0942682e-01  -4.9279810e-03   1.5969781e-01   1.4448853e-01   3.3622486e-01  -3.3155196e-02   6.1745512e-03   1.7963060e-01  -1.7455685e-01  -1.5456920e-01   7.2779171e-02  -9.4900107e-02   4.9791367e-02   1.7861606e-01   6.1722188e-02  -2.7324286e-01   3.5209517e-01
   2.6691081e-01  -1.4872276e-01  -1.4256630e-01   0.0000000e+00  -6.3101816e-02   1.1998648e-01  -4.4449863e-01  -3.0813382e-01   4.9581765e-01   2.4946294e-01   3.7872018e-01  -9.9541402e-02   2.7364268e-01   4.1029778e-01  -2.3833574e-01   1.8884455e-01  -6.0227277e-02   2.5840303e-01  -1.1872370e-01  -5.2507666e-03  -1.1940959e-01  -1.9006358e-01  -2.1147347e-01  -2.0715633e-03  -9.0613101e-02   1.5420239e-01  -2.3465258e-01  -1.1148323e-01  -3.7481286e-02   2.6541306e-02  -2.6812075e-01   3.3817708e-01   3.2183612e-01  -4.9518151e-02   1.7645664e-01  -6.5793808e-01   3.2642954e-01   2.0785597e-01   4.5479009e-01   7.3069974e-02  -1.1599876e-02   1.4824941e-01  -3.2376305e-01   1.3657714e-01   2.1335903e-01   3.8467105e-02  -3.3123765e-01  -1.7003613e-01   1.3304522e-01  -3.0176864e-01   3.4264866e-01   1.8926749e-01  -1.9508383e-01   2.4469328e-01   2.9116845e-01   2.9824934e-01  -1.5679159e-02   2.9155243e-01  -2.2708481e-01   4.1629555e-01   1.3939484e-01  -4.8118709e-01   1.5030128e-01  -4.3888670e-02   3.3425081e-01  -2.1563121e-01  -2.5313556e-01   2.8786933e-01  -4.9281994e-02  -3.6687242e-01  -3.1676432e-01   5.1965785e-01   3.9495485e-01   3.1201341e-02   2.5320616e-01  -4.6749225e-01   3.3324078e-01   2.3497576e-01  -2.6784359e-01   1.3614963e-01   1.5376456e-04   3.0579714e-01  -1.2708941e-01  -8.8108128e-02  -1.3929857e-01  -4.3722249e-01   1.8501520e-01   1.5060420e-02  -8.8166972e-02   2.9440401e-01  -1.2785070e-01  -2.0531774e-01   1.3300679e-01   5.4904041e-01   1.0285566e-01   2.6411547e-01   4.2705734e-01   3.4997315e-02  -5.5077015e-01   3.6303705e-01  -3.9522590e-01   1.7562851e-01  -1.8579528e-01   3.0537772e-01   1.5057540e-01   2.9454224e-01  -3.1222954e-01   5.0165114e-02   2.0158777e-01  -1.7261199e-02   1.8016367e-01  -2.9200106e-01   3.0808785e-01   2.9056916e-01  -5.6002380e-01   1.7001963e-02   2.6172524e-01  -1.3834839e-01   1.2948918e-01   3.9613717e-01  -1.7393515e-01   1.7948445e-01   1.6298592e-01  -1.6049495e-01   3.9332158e-02   6.6209259e-02  -1.1881575e-01  -2.1355255e-01   3.3386211e-01  -3.5093129e-01   4.0238901e-01  -1.5051133e-01   1.5542930e-01  -2.1917020e-01   5.0401099e-01  -1.0269569e-01   3.2496730e-01  -1.1694089e-01  -1.3332699e-01   2.6602175e-01   8.9302013e-03   3.7119486e-01   1.3878387e-01  -3.1432286e-02  -3.7598220e-01  -4.2557846e-01  -1.6954898e-01  -3.7299380e-03  -2.5851257e-01   1.5770541e-01  -4.9944794e-01   1.5973426e-01   1.9241968e-01  -5.1509697e-02   2.2044781e-01   1.8690108e-01   1.2355731e-01  -6.3398572e-02  -2.9536111e-01  -4.6956354e-01   4.4049200e-01   1.5975228e-01   2.1467050e-01  -4.4455127e-01   1.3599679e-02  -3.8946151e-01   2.9749590e-03  -2.2391248e-01  -6.6789379e-02  -1.9405608e-01  -5.1562345e-01   1.6670795e-01   8.1937839e-02   1.1048941e-01   4.1290389e-01  -2.1891492e-02  -8.9951027e-02
   3.0994684e-01  -8.8257501e-03  -7.5036067e-02  -6.3101816e-02   0.0000000e+00   5.5125919e-02  -1.3692921e-01   2.8761366e-03  -7.0339502e-02  -2.6647426e-01  -1.0892457e-01  -5.2071444e-02   3.3976548e-01   2.0252446e-01  -5.3094987e-01  -2.1978260e-01  -1.0142204e-01  -3.4669545e-01   4.9290083e-02   5.2117895e-01  -4.8474198e-02  -3.0160173e-01  -2.7613388e-01   1.5159996e-01  -4.3706348e-01  -6.3430273e-02   1.7830864e-01  -2.0218737e-02  -9.3625576e-02  -1.9296293e-01  -4.2220924e-01  -1.4113536e-01  -2.7649627e-01  -6.4816991e-02  -1.3491922e-01   2.5887445e-01   3.0559537e-03  -1.7382475e-03   1.3888354e-01  -1.2591474e-01  -4.8690898e-04  -3.3707282e-01   1.2410222e-02  -2.4404894e-01   9.0596683e-03   2.6681724e-02  -1.2896444e-02   1.7348527e-02   8.3714823e-02  -1.6246334e-01  -2.0143600e-01  -4.6520637e-02  -3.6663531e-02   7.1128999e-02   1.1981086e-01  -1.0750224e-01  -1.2663777e-02   3.9985013e-02   1.0731225e-01   1.1736933e-02  -1.1867012e-01   2.2160677e-01   6.3016156e-02  -4.0191812e-02  -9.9782189e-02   3.4386852e-02  -1.3194631e-02   1.3148787e-01   6.0468784e-02  -3.5733398e-02  -4.0559438e-01  -7.6906356e-02   4.2884808e-02  -2.0730706e-02  -2.7250330e-01   2.2843391e-03  -2.7437630e-02  -1.9450978e-01   4.1013905e-01  -1.2646814e-02  -8.7318056e-02  -3.9414614e-02   1.6060605e-01  -7.0835888e-02  -2.4077772e-01  -2.4132908e-01  -3.0496053e-01   2.8232077e-01   9.5791319e-02   1.7240309e-02   3.1403609e-01  -5.2780554e-02  -6.6979918e-02   1.2309511e-01   2.4513871e-01   4.0310766e-01   1.2351155e-01  -3.4302759e-01   2.8452800e-01  -1.1612709e-01   1.1487758e-02  -5.7851890e-02   8.9437149e-02  -9.4416609e-02   9.7567375e-02   6.9211678e-02  -1.4341505e-01  -1.8133667e-02   3.4338742e-02  -5.1230451e-03   3.9530290e-02  -1.7852823e-01  -3.7323127e-02   1.9770627e-01  -4.0112060e-02   2.4257233e-01  -2.3882732e-01  -3.8481358e-02   1.2893903e-01   3.3963583e-02  -1.9378863e-01   4.9451965e-01  -2.0795260e-01  -4.1122567e-01  -8.7286575e-02   9.9511354e-02  -1.0406152e-01   6.5487122e-02  -7.0180698e-02  -6.7802311e-02  -3.4766675e-01  -3.1224554e-02   8.5760078e-02  -4.0707901e-01  -1.7591496e-01  -2.1386430e-01   1.2528803e-02   3.6424163e-02  -2.7390394e-02   1.9361285e-03  -1.9438994e-02   2.2981731e-01  -1.6517843e-01  -1.1479491e-01  -3.2696292e-01  -2.5870396e-01  -4.8710801e-01   2.9957059e-01   7.1267537e-02   1.8636926e-01  -8.6514224e-02   1.6349146e-01  -2.9397487e-01  -6.3727341e-02   7.8560268e-02   1.6183612e-01   3.2218776e-02  -4.3579980e-02   5.5159276e-02  -7.2017610e-02  -2.4001295e-02  -1.8323435e-01   1.2986594e-01  -2.9960459e-01  -2.1699952e-01   1.4765460e-02   1.1383189e-02   1.5058078e-01  -1.2750040e-01   2.6098822e-01   3.9204364e-01  -1.0944300e-01  -3.1276454e-02  -1.2555975e-01   5.3640853e-02  -2.1045345e-01   9.1886793e-02
   1.0341212e-01  -1.5069663e-01   1.2510320e-01   1.1998648e-01   5.5125919e-02   0.0000000e+00   6.5894430e-02  -6.9681520e-03   3.6079837e-02   4.2155483e-01   1.1035629e-01   1.2696667e-01  -2.3735126e-02  -1.8718665e-01   1.3865368e-01   3.0070854e-01   2.0074233e-01   2.8471504e-01   1.3457299e-01  -1.2497987e-01   1.9315543e-02   8.4725517e-02   2.9668604e-01  -5.8538154e-02   1.3067432e-01   2.7544037e-01   1.5728415e-01   1.0731227e-01  -1.7558470e-02  -1.0707282e-01  -6.7471951e-02   1.1696779e-01  -1.1200005e-01   3.4726968e-01  -5.5853186e-02   2.4107525e-01   2.4242370e-01  -2.2165547e-01  -2.2657468e-02   2.5178331e-02  -1.0970070e-01   1.8081186e-01   9.1125253e-02   3.7919450e-02   1.4738421e-02  -1.1089498e-01   6.7805267e-02  -2.4282792e-01   1.8434072e-01   1.8260607e-01   2.7893859e-01   2.1490547e-01   7.8050447e-02  -3.6063379e-01   6.0476949e-02   4.0643812e-01   1.3594471e-01   1.4008791e-01   1.0972010e-02  -3.6160599e-02  -2.1217673e-02  -1.4468148e-02  -4.1683952e-02   7.7004186e-02  -3.4047850e-02   2.6517310e-01   5.5839906e-01   1.6719215e-01   3.4461805e-01  -1.9364239e-01  -2.3188834e-01   2.3807891e-01  -8.5848505e-02  -2.1364092e-01  -2.7269560e-01   9.9516312e-02   9.5620497e-02  -9.7422619e-02   1.6442676e-01   1.3511088e-01   1.8887579e-01  -6.9050274e-02   8.7400172e-02  -1.2433897e-01  -9.3238743e-02   1.6041709e-01  -4.6869435e-02   3.1120625e-02  -1.8341892e-02  -9.4666501e-03  -1.7969294e-01   1.4196596e-01   3.4387442e-01   1.1972364e-01  -7.1658948e-02  -8.9832718e-02   3.0485165e-01   2.7943838e-01   6.0563964e-02   2.5270805e-01  -1.0326958e-01   5.1416725e-01   1.4815663e-01  -8.5924340e-02   4.5062455e-01   9.7207859e-03   6.1979536e-02   4.1864082e-01  -1.7649285e-01  -9.2811190e-02   3.9730355e-02  -2.7310326e-02   1.1333122e-01  -1.0852831e-01  -3.7655199e-02   8.2670292e-02   1.0581788e-01   1.1419455e-01   2.4144678e-01   3.3862804e-01   1.9471977e-01   1.1610595e-01   3.2338968e-01   6.3775841e-03   3.4281674e-01  -2.7688656e-01   2.2279186e-01  -5.2850930e-02   4.2896587e-01  -1.6380322e-01   1.6688778e-01   1.6245567e-01  -2.4842374e-01   8.6745950e-02   1.5344332e-01   1.9330252e-01  -2.8519007e-01   1.8710071e-01   3.1906661e-01   6.8594728e-02   2.3030205e-01  -7.0513668e-02   3.9843762e-01   1.3299078e-01   1.7182790e-01   1.6016795e-01   1.6747881e-01  -1.7396644e-02   1.5463391e-01   2.1148024e-01  -2.6872305e-02   4.0052656e-01   5.5643386e-02   2.6723757e-03  -2.5207994e-03  -4.5166373e-02   1.6839815e-02   9.3717946e-02   1.7365293e-01  -3.0097605e-03   1.4521771e-01   5.5841992e-02   7.3642624e-02   4.4515814e-02   2.5567046e-01   1.2575301e-01   3.3157848e-01   3.0195250e-01   1.1235138e-02  -1.2622010e-01   8.1424002e-02   1.4143242e-02   1.7850171e-01   2.8196983e-01   6.1133318e-02   3.3541431e-02   4.4264266e-02
  -1.2176102e-01  -3.7922569e-02   1.8319135e-02  -4.4449863e-01  -1.3692921e-01   6.5894430e-02   0.0000000e+00   2.7924060e-01  -1.2998619e-01   3.2596730e-02  -9.3388642e-02   1.5770832e-01  -3.8921047e-01  -4.2750116e-01   4.2703459e-01  -3.0944744e-01  -2.3522355e-01   3.9734276e-01  -7.3684554e-02  -3.5167568e-01   4.3397794e-01   4.1198544e-01   5.2179654e-01  -3.0561582e-01   1.1413575e-01  -1.8133802e-01  -6.9275055e-03   9.3055830e-02   8.1509516e-02   6.1184641e-01   4.1468685e-01   7.9224139e-02  -4.0000410e-01   4.2779888e-02  -1.4940960e-01   3.3371864e-01  -2.9544632e-01  -3.2741826e-01  -6.4702968e-01   1.1962165e-02   1.7912660e-01  -1.7151526e-01  -2.7358320e-01  -2.0821519e-01   1.2041237e-01  -3.8007754e-01   5.0517380e-01   4.2878483e-01  -1.8828253e-01   9.4506162e-02   2.3813098e-01  -5.6214711e-02  -2.5363227e-02  -3.3188057e-01  -3.2463358e-02  -4.8598954e-02  -1.4894339e-01   2.7501375e-01   3.1188461e-01  -4.0566047e-03  -4.1506131e-01   2.3450209e-01  -1.3255069e-01   2.2233878e-01  -1.6019945e-01   4.2298101e-01   1.1348721e-01   9.4271360e-02   2.4692319e-01   5.7187987e-01   3.5025412e-01  -1.1699693e-01  -5.3142481e-01   5.4223279e-02  -3.3364429e-01   3.6014596e-01  -4.8879703e-01   5.1605726e-02  -8.5487533e-02   1.5078362e-01   5.6096189e-02  -3.1770789e-01   3.3708128e-02   3.4937478e-02  -7.4908769e-02   4.4792580e-01   5.3498714e-02   1.1783243e-01  -1.0912370e-01  -9.3728291e-02  -1.7243151e-01  -2.2911145e-01   2.3105453e-01  -2.9369069e-01  -4.4958349e-01  -5.1257878e-01  -2.9404090e-01   2.8451028e-01   5.2853576e-01  -1.3833018e-01   3.0699077e-01   2.0928633e-02   3.0166064e-01  -1.8864455e-01   8.5869278e-02  -3.2018406e-01   2.4897802e-01  -1.7969518e-02  -1.6707449e-01   2.7687341e-01  -2.7669009e-01   7.1748815e-01   1.3645463e-01  -6.0539151e-01   6.7798316e-01  -4.1868200e-01  -1.3702798e-01   9.7811880e-02  -8.7017623e-02  -1.6693051e-01   2.5920093e-01  -3.8126864e-01  -2.0194227e-01   1.0101932e-01  -2.7958526e-01  -4.9723104e-01   6.1647954e-01   2.9305263e-01  -1.4882755e-01   5.3630243e-01  -1.8249348e-01  -2.5790942e-02  -5.6450460e-01   5.9447592e-01  -3.8049323e-01   4.2539719e-01  -4.7892256e-01   2.9044817e-01   1.8914144e-01  -2.5882643e-01   7.1872555e-02  -6.0077874e-02  -2.7764419e-03   6.4606965e-02   4.4583777e-01   5.8537962e-01   6.4485925e-01   1.0446324e-01   8.0981550e-01  -1.6245421e-01   5.1339276e-01  -1.5045820e-01   3.4553414e-02  -4.0299548e-02   1.3308595e-01  -3.8524936e-01   1.5075890e-02   1.6271639e-01   1.4924454e-01   5.0285137e-01  -3.2040711e-01  -1.9920610e-01  -1.7611029e-01   7.4084766e-01  -2.1099076e-03   1.0543578e-01  -5.1196699e-02  -3.5415253e-02   2.0319032e-01   9.5265141e-02   3.7555600e-01  -2.8576761e-01   3.4697989e-01  -3.9631611e-01  -4.7944606e-01   6.4647680e-02   3.7749300e-01
  -3.1139713e-01  -1.0164742e-01  -1.5608143e-01  -3.0813382e-01   2.8761366e-03  -6.9681520e-03   2.7924060e-01   0.0000000e+00  -3.5666606e-01  -3.6683666e-01   1.8767415e-02   1.4279667e-02  -1.3619607e-01  -3.0084285e-01   2.7894486e-01  -1.6049939e-01  -1.4527827e-01   7.1940746e-02   3.4257012e-01  -4.0753300e-01  -1.3298079e-01  -9.9298610e-02   1.4776679e-01  -2.8974157e-01   1.9281055e-01   2.7670710e-01  -2.2155077e-01   2.2518131e-01   6.2703363e-02   1.5044606e-01   3.1825385e-01  -1.0472637e-01   7.4697324e-02   5.6520550e-01  -2.7925184e-01   4.4828978e-01  -3.0380038e-01  -3.9874720e-01  -5.1061189e-01  -2.2098726e-01   6.8789757e-02  -2.8630566e-01   2.9156274e-01   3.5724645e-01  -1.9441723e-02  -3.3902399e-01   2.6942628e-01   6.9837945e-02   1.7636920e-01   5.3620371e-01   3.6580944e-01   4.1900672e-01   3.3111062e-01  -5.2969989e-01  -1.6321768e-01   2.7199748e-01  -4.2439484e-01   3.4410661e-03   5.9294568e-01  -4.3511667e-01  -4.2853751e-01   6.0213136e-01  -3.3762542e-01   5.1113780e-01  -6.2056840e-03   1.2553008e-01   1.9479918e-01   1.8243451e-01  -2.0754219e-01   3.5352420e-01  -5.8378932e-02  -1.5230861e-03  -3.9861516e-01  -1.1951218e-02  -1.4606424e-01   5.4600708e-01  -5.0809938e-01  -2.3076209e-01   3.5551990e-01  -4.7999400e-02   3.0580755e-01  -1.3215098e-01   8.6683803e-02   2.7601426e-01  -1.6686658e-01   6.1438101e-01  -3.5293015e-01   5.3059993e-02   2.4015732e-01  -5.6434877e-01  -2.9323153e-01   3.1889499e-02   4.3234931e-01  -1.0300399e-01  -4.6266699e-01  -4.6625691e-01   2.7086464e-01   1.8786185e-01   1.2730055e-01  -2.0232086e-01   2.5096909e-01   4.2547252e-01   4.6022630e-01  -2.0536636e-01  -3.2388043e-01  -2.0310018e-01   3.7603184e-01   4.3125119e-01  -2.4283438e-01   5.8394587e-01   3.2440279e-01   5.7841399e-02  -1.9332532e-01  -6.2812081e-01   3.6808602e-01   3.6662339e-01   2.6648787e-01  -1.0731124e-01   2.8152612e-02   1.7397362e-01   1.4975952e-01  -4.1304357e-01  -6.1666729e-02  -1.1249665e-01  -2.0332328e-01  -2.5731886e-01   4.2635071e-02   9.7888449e-02  -1.7122182e-01   8.8766698e-02   9.5239353e-03   4.2365736e-01  -1.3309349e-01   2.1889740e-01  -4.1548364e-01   9.8931475e-02  -3.6366040e-01   1.9778925e-01   5.4371564e-01  -3.1612714e-01  -4.6513667e-02  -3.8920444e-01   3.3323277e-02   1.9655926e-01   2.9717009e-01   5.3192105e-01   2.1813841e-02   2.5920205e-01   3.1136940e-01  -3.4208108e-01   2.3699885e-01   4.3150391e-01  -1.2283744e-01   1.1803790e-01  -1.4817139e-01  -4.5598245e-01  -2.1513945e-01   2.7967358e-01   1.8144839e-01   5.5884061e-01   3.2114946e-01   6.4083258e-02  -3.6212420e-01   4.0387785e-01   8.1194747e-03   6.9088093e-01   4.0584124e-01   1.5424843e-01   3.5234083e-02   4.6934071e-01   4.8598784e-01  -3.4678822e-01  -7.3492505e-02  -1.2646230e-01  -1.4283767e-01   3.5985346e-01   2.3587737e-01
   1.4759820e-01   7.1475115e-02  -1.0972977e-01   4.9581765e-01  -7.0339502e-02   3.6079837e-02  -1.2998619e-01  -3.5666606e-01   0.0000000e+00   1.1420592e-01  -9.2271227e-02  -1.2789426e-01   3.2361236e-01   3.9539296e-01  -4.6137328e-02  -1.4604380e-01  -9.9685317e-02   1.5390629e-02  -1.7087365e-01   4.2188704e-02  -3.7644415e-02  -5.6916853e-02  -2.4822738e-01   1.4599114e-01  -3.6827378e-01  -1.5777406e-01  -1.1347748e-01  -3.5383543e-02  -2.1718476e-01   8.9091583e-02  -5.3507642e-02   1.6688522e-01   2.4690984e-01  -9.2872694e-02   4.2286226e-01  -3.9264156e-01   1.2888716e-01   1.4910832e-01   3.4102036e-01   1.3469689e-01   1.3184468e-01   2.0284244e-01  -2.1207543e-01  -2.2979465e-01   2.5378889e-01   8.3717491e-02   4.9109134e-04   1.5368178e-01   2.2796875e-01  -3.7216604e-01  -6.6872680e-02   1.3595102e-01  -2.4259455e-01   2.3957802e-01   4.0334768e-02   6.4855544e-02   3.7794705e-02   3.5484506e-01  -4.7893347e-01   5.9365127e-01   1.4497279e-01  -3.0166793e-01   1.9235594e-01  -1.3105759e-01   2.5311329e-01  -1.2046915e-01  -3.6602586e-01   2.0072142e-01   5.5699934e-02   8.4706540e-02   4.9154035e-02   1.8263465e-01   3.8015527e-01  -3.9207435e-02   3.3962501e-02  -3.4660005e-02   2.3355860e-01   8.4325891e-02  -8.5773574e-02   1.3250341e-01  -3.3284771e-02   1.6374643e-01   3.6869216e-02  -9.6463087e-02  -1.4183520e-01  -3.9767794e-01   3.5441846e-01   9.0931839e-02  -5.7478720e-02   3.4181115e-01  -1.5785685e-01  -6.9181290e-02   7.7158815e-02   5.5143611e-01   1.1083462e-01   2.5245232e-01   8.6780482e-02  -1.9823753e-01  -1.8965707e-01   7.4868515e-02  -2.7435624e-01  -2.4871335e-01   1.2033970e-01   4.3083468e-01   1.8982619e-01  -9.3333483e-02  -8.9283307e-02  -2.3675505e-01   3.8856595e-01   3.9510442e-02  -2.4799079e-02   7.3008224e-02   1.7102348e-01   7.8992057e-02  -2.5576702e-01  -5.5773192e-02  -1.2145439e-01  -6.6946012e-02  -6.6077588e-02   1.1378805e-01  -3.7175625e-02   2.0413051e-01   1.7737594e-01  -2.4125678e-01  -6.1067771e-02   4.1626396e-01  -1.0517299e-02  -1.0118042e-01   2.4357941e-01  -4.3727492e-02   1.2360748e-01  -3.1713035e-01   2.1182230e-01  -1.4722879e-02   4.9164485e-01   2.8025377e-03   2.6080331e-01   3.2194174e-02  -3.3951506e-01   2.4546629e-02  -1.5893338e-01   4.5197663e-01  -2.7222289e-01  -2.4478141e-01  -3.1636584e-01  -3.7784581e-01  -8.1097445e-02   3.1073216e-02  -9.2808921e-02   2.9446765e-01  -1.6455919e-01  -1.1128599e-01   4.6752689e-02  -2.2410121e-01   1.1355732e-01   8.1098374e-02   1.0749360e-02   1.5049487e-01  -1.8543615e-01  -2.3240070e-01  -4.2135878e-02  -1.5175562e-01   3.2510738e-01  -3.5175781e-01  -2.9502979e-01  -3.3257045e-01  -1.0256700e-01  -2.4857089e-01  -9.0330557e-02  -3.6259128e-01  -1.1882075e-01  -3.6961018e-02   1.6691741e-01   1.3516867e-01  -8.6463818e-04  -1.6305023e-01  -1.7740451e-01
  -1.0940452e-02   4.0433536e-02   2.4752838e-02   2.4946294e-01  -2.6647426e-01   4.2155483e-01   3.2596730e-02  -3.6683666e-01   1.1420592e-01   0.0000000e+00   2.4541747e-01   1.6020621e-01  -1.9014022e-01   3.5386789e-02   2.3565351e-01   1.6711383e-01   1.9878214e-03   2.9823630e-01  -2.0517747e-01  -2.0477428e-02   2.7006526e-02  -1.5300083e-01   2.6362560e-01   1.9263914e-01   2.5172308e-01   5.5436196e-02   1.0773903e-01  -4.4849934e-03  -1.2472455e-01  -5.0851928e-02  -6.7512613e-02   6.7396281e-02   2.5031521e-02  -1.7417888e-01   2.4198002e-01  -1.5654071e-01   2.4717269e-01  -1.1147673e-02   1.0527658e-02  -3.5106116e-03  -5.1019346e-02   1.8275361e-01  -8.9628847e-03  -6.2149227e-02   4.0653210e-01  -2.0941054e-01  -2.4731888e-01  -3.1380678e-01   2.6663329e-01  -2.8518417e-01   1.9195300e-01  -1.0271155e-01  -8.4381695e-02  -6.1882486e-02   1.9068597e-01   1.6321501e-01   3.7407498e-01  -1.0342037e-01  -2.6896392e-01   3.0534709e-01   1.0375794e-01  -2.8808934e-01   1.3204696e-01   2.3384718e-02   3.7945750e-01   2.7211307e-01   3.2532437e-02  -2.3273357e-01   1.5351750e-01  -4.2131657e-01   4.2968095e-03   2.4435294e-01  -1.8567206e-02  -4.6192048e-01   2.3964387e-01  -2.8744225e-01   1.5581631e-01  -7.0561292e-02  -2.4084782e-01   2.2365510e-02  -1.7360753e-01   1.3437344e-01  -3.4272098e-01  -3.1859456e-01  -1.1131814e-01  -2.2490568e-01   4.5396344e-01  -3.0081438e-01   7.3352701e-02   2.6799319e-01  -1.3403832e-01  -1.5841119e-01  -5.1153240e-02  -6.0709816e-02  -1.0364808e-01  -1.3772122e-01  -1.0047270e-01   2.2528664e-01  -9.3213990e-02   5.2325816e-01  -3.9312938e-01   2.9858155e-01  -3.1334430e-01   2.4189838e-01   4.1367091e-01   6.6968232e-02  -7.9841608e-02   1.0353302e-01  -7.3063098e-02  -2.3874835e-01  -1.1422396e-01  -1.6436256e-01   1.3703883e-01   1.7769741e-01  -2.2083208e-01  -1.7969872e-01  -1.0343111e-02   1.4771257e-01  -1.9635111e-01  -1.2352829e-01   1.6846655e-01  -1.5446967e-01   2.3720273e-01   4.2424982e-01   3.3410073e-01  -2.5819173e-01   4.1754932e-01  -2.8640924e-01   3.7702083e-01  -2.2962346e-01   3.0222810e-02   2.1959427e-02  -4.3518130e-01   5.8989177e-02   4.5178025e-01   2.3097103e-01  -4.0547220e-02  -1.5372008e-01  -1.2595619e-02   3.7185747e-01   4.9604183e-02  -6.6943376e-02   4.9291900e-01  -1.0297388e-01   1.5575267e-01   5.2267867e-02   2.2820470e-01   3.2767914e-02  -7.2472708e-02   4.0784769e-02  -3.0328179e-01  -1.1602058e-01   4.9840962e-02   9.9808470e-02  -1.0899770e-01   2.3485726e-01   6.9405041e-02  -9.9700395e-02  -4.3423248e-01  -2.5859318e-01  -1.1652969e-01   2.4493818e-01  -7.4428013e-04   7.8597955e-02   1.3416518e-01  -2.8021082e-02   2.6826740e-01   8.3635268e-02  -2.9226323e-01  -3.3316566e-01  -2.5584008e-01   6.6795124e-02   3.9544833e-01   4.3461741e-02   1.3539704e-01  -2.4665494e-03  -3.9786632e-02
  -4.4829133e-03  -2.5650657e-01   2.9214498e-01   3.7872018e-01  -1.0892457e-01   1.1035629e-01  -9.3388642e-02   1.8767415e-02  -9.2271227e-02   2.4541747e-01   0.0000000e+00   3.4222427e-01   1.8587145e-01  -9.0527649e-03  -7.4506538e-02   2.9827544e-01   1.3174323e-01   4.3446087e-01  -2.1740817e-02   6.9464629e-02   2.3424814e-01  -2.1668572e-01   3.0897838e-01  -2.3177103e-01   1.9958491e-01   3.2342340e-01   3.0018150e-02  -2.4729188e-02  -6.1718868e-02  -3.1713715e-02   6.7304617e-02   2.5756397e-02   4.6753667e-02   4.0323312e-01  -2.0180746e-01   1.1298742e-01   5.6411554e-01  -2.1531318e-01   1.1023405e-01   4.4844525e-01  -1.9455026e-01   7.6230704e-02  -1.8944687e-01   3.7212279e-01   3.6448315e-02  -1.4235079e-01   2.5337284e-01  -4.0854816e-01   1.0143747e-01   4.1679567e-02   2.7576721e-01   1.7723209e-01   1.5591590e-01  -1.0477066e-01   9.9990634e-02   5.2617127e-01  -7.1551551e-03  -1.0588281e-01   8.8016677e-02  -3.3362650e-02   9.1018701e-02  -3.2475972e-01   1.0130497e-02   2.6524396e-01   1.5852846e-01   4.1652826e-01  -6.2527072e-02   1.7636160e-01   3.5729257e-01  -2.1670318e-01  -2.8755097e-01   3.7430697e-01   2.4364291e-01  -3.2682182e-02  -4.2672187e-02  -1.6378037e-01   6.6837173e-02   4.7885361e-02  -2.4717972e-01  -4.9236439e-02  -7.2134758e-02   3.5966184e-01   2.2914845e-01   2.3300742e-01   1.8377470e-01  -8.3444490e-02  -1.4364271e-01  -2.1226028e-01  -1.5843490e-02  -1.2438406e-01  -1.8340983e-02  -1.1856655e-01   4.2813032e-01   9.7466061e-02  -1.4027478e-01   6.3467905e-02   3.0981037e-01   3.0908359e-01  -1.8668672e-01   2.7762483e-01  -2.6620762e-01   5.4721451e-01  -2.1354369e-01  -2.0634458e-01   2.6864893e-01   3.3858256e-01   4.0984056e-02   3.4869476e-01  -2.6707605e-01  -1.2498109e-01   5.2214548e-01  -2.1751534e-01   3.6090556e-01   1.6445537e-02  -1.6033884e-01   1.5873173e-01   2.6290567e-01  -1.7463093e-02  -7.7061270e-03   2.0469826e-01   4.8804830e-02   1.6503904e-01  -2.4729474e-02   1.8440459e-01  -2.5052456e-02  -3.0387142e-01  -4.0440873e-02  -1.6067787e-01   3.4201001e-01  -2.5769057e-01   2.2506430e-01   4.5966534e-01  -1.1388088e-01   1.8629661e-02   2.6617245e-02   2.4930039e-01   1.3952448e-02  -1.2084901e-01   1.6487965e-01   3.2735313e-01  -8.3268536e-02  -6.9470463e-03   4.8600245e-01  -2.3033291e-01   1.8523293e-01   7.1960185e-02   1.4794249e-01  -9.6954716e-02   1.0221541e-01   2.7374307e-01   8.8952472e-02   1.7980948e-01   1.8450755e-01   3.7691993e-01   2.2840848e-01  -3.4677138e-02   1.2709122e-01   9.6169045e-05  -1.0395539e-01  -2.1591747e-02   2.0706409e-01   4.6457220e-01   2.8687097e-01   5.0753930e-02   9.7609811e-02   1.4112668e-01   1.5390199e-01  -9.1899567e-02  -1.1572553e-01   1.3438592e-01  -7.3281624e-02   3.0647214e-02   7.4552680e-02   1.1484552e-01   2.3530653e-01  -6.6138583e-02   3.0099880e-01
  -1.2641722e-01  -8.5397821e-02   5.1559699e-01  -9.9541402e-02  -5.2071444e-02   1.2696667e-01   1.5770832e-01   1.4279667e-02  -1.2789426e-01   1.6020621e-01   3.4222427e-01   0.0000000e+00   2.5786360e-02  -3.4781146e-01  -9.8531677e-02   2.4131044e-01   5.3206170e-02   4.4608040e-01  -2.2336873e-01   2.4838874e-01   3.8721838e-01   1.2240256e-01   5.3539591e-01  -1.2334834e-01   1.2165872e-02  -3.7720642e-01   4.1669117e-02  -3.3825872e-01  -2.7127022e-01  -1.6541857e-01   1.7855231e-01  -2.8489792e-01  -3.6632059e-01   2.7986321e-02  -3.4394334e-01   3.0170292e-01   4.3978736e-01  -3.7665635e-01  -5.4066657e-02   4.6837348e-01   2.1866591e-01   9.1219789e-02  -1.3261036e-01  -9.7165396e-02  -1.3292379e-01   1.6881872e-01   1.9816315e-01  -2.9739022e-01   9.7727980e-02   4.9995158e-02  -1.5476369e-01  -5.5532028e-02  -3.6170964e-01   1.2306116e-02   3.5664671e-02   6.9249654e-02  -1.1770404e-01  -5.1631987e-02   1.5625519e-01  -1.6006121e-01   1.0573366e-01  -1.8693767e-02  -2.9108140e-02  -1.6962645e-02  -1.6722768e-01   5.2508770e-01   1.4498570e-01  -2.8540302e-01   2.7312673e-01   7.6055909e-02   6.6405418e-02  -2.0002764e-01   2.1050631e-03  -2.0974700e-02  -3.0370829e-01   1.0726364e-01  -2.7209743e-02  -1.0201899e-01  -4.4864140e-01  -3.1902480e-01  -3.4580531e-01   3.6367613e-01   1.4212583e-01  -3.5629196e-02   3.6414701e-01   2.1831603e-01  -2.9681186e-01  -3.2596952e-01  -1.1545196e-01   9.5610037e-02   5.6829315e-02   1.0543397e-01  -1.0639694e-01  -1.6589851e-01  -1.0159309e-01   1.4413180e-01  -3.1326529e-01  -2.5673037e-02   4.2240342e-01   2.8663427e-01   1.2912713e-01   7.4440225e-02  -3.3874142e-01  -1.4238926e-01   3.6732994e-01   2.8566787e-01   1.0622883e-01   7.1807568e-03  -1.4641923e-01  -4.0698023e-01   2.7370258e-02   6.1321005e-02   3.7515138e-02   1.3492585e-01   1.5730977e-02  -2.2918889e-01  -1.2679741e-01   4.4706466e-01  -2.9284875e-01  -3.0872055e-01   1.9803276e-01   2.5361114e-01  -1.0377066e-01   1.7193217e-01   2.2477595e-01  -1.1503735e-01  -1.5190187e-02  -4.2780114e-02   2.8562788e-01   1.2533889e-01  -2.5764242e-01   1.5850613e-01  -3.4295354e-01  -1.6358313e-01  -2.4619238e-01   3.9751230e-01  -2.7614997e-01  -2.6420421e-01  -3.1297805e-04   2.1724104e-01   1.6437968e-01   1.2687813e-01  -3.0374613e-02  -2.5209031e-01   5.7840079e-01   1.2078006e-01   4.1809142e-01  -4.0206668e-01   1.6136823e-01   3.9200629e-01   4.4930402e-01  -1.6308280e-01   3.3143829e-02  -5.1384147e-02   2.7731091e-01  -3.7173160e-02   2.5330347e-01   1.7430057e-01  -1.2649083e-02  -3.6543960e-02  -3.3015752e-01  -1.3802243e-01   1.4884820e-01   1.3142301e-01   2.6107036e-01  -1.9954478e-01  -1.0682836e-02   2.0752149e-01  -7.4053324e-03  -9.3507022e-03  -1.3383710e-03   1.1754172e-01  -5.1175621e-02  -4.3679319e-02  -2.4955062e-01  -3.7064391e-01   1.6188635e-01
   8.2350647e-02  -2.2720505e-01  -2.7597847e-02   2.7364268e-01   3.3976548e-01  -2.3735126e-02  -3.8921047e-01  -1.3619607e-01   3.2361236e-01  -1.9014022e-01   1.8587145e-01   2.5786360e-02   0.0000000e+00   2.7232720e-01  -2.8480365e-01   2.8721146e-01  -2.5102710e-02  -1.1045675e-01   4.7688608e-02   2.8770725e-01  -8.2691711e-02  -3.6206321e-01  -2.7549172e-01   2.3694391e-01  -2.9151694e-01   9.8760031e-02   2.1528384e-01  -1.4194711e-01   5.7956348e-04  -4.0967369e-01  -2.5517046e-01  -6.7277694e-02   7.3456240e-02   2.4417643e-02   1.4025607e-01  -5.0673531e-02   2.5444996e-01  -9.5870902e-02   4.0040454e-01   1.6129965e-01  -1.4228118e-02   1.5428913e-01   1.7462384e-03  -1.9258884e-01   6.6620590e-02   2.0086109e-01   1.1150974e-01  -2.8525353e-01   2.6008725e-02  -1.0596173e-01  -1.8863556e-01   8.5983146e-02   3.8097911e-02   1.6649480e-01   9.2465557e-02   1.2851715e-02   3.3258795e-02   2.3716994e-01  -1.8827037e-01   2.8446004e-01   2.5020466e-01  -3.1285600e-02   2.8345154e-01  -2.3266646e-01  -7.5099303e-02  -3.9148399e-03   1.8802372e-02   2.9932997e-01   3.9270827e-01  -1.2863106e-01  -4.3162185e-01   2.1006416e-01   4.1295293e-01   1.0876506e-03  -3.4289396e-02  -1.9646653e-03   4.5680620e-01  -3.7501798e-02   9.1064044e-02  -7.9403108e-02  -1.2100270e-02   4.1813274e-01   6.7106638e-02   1.3829647e-01  -7.1933961e-02  -2.9355586e-01   2.7267591e-04   5.4978435e-02   4.8331418e-02  -4.2430142e-03  -1.7679000e-01   2.8855725e-01   1.6217406e-01   4.3320028e-01   3.7379302e-01   4.6660345e-01   3.0559953e-01  -1.1854929e-01  -7.4611138e-02   7.9773237e-02  -3.7999621e-01  -5.6906395e-02  -4.8600707e-02   3.3245870e-02   2.6295574e-01   4.3204710e-02   1.1021312e-02   1.6053494e-01   4.5085346e-01  -2.4044419e-01   1.8418440e-01  -2.3963553e-01   2.7750226e-01   2.0085158e-01  -3.7185834e-01   3.2408614e-01   9.9682127e-02   2.7338515e-02  -3.0190501e-02   2.3243291e-01  -5.7506668e-02   5.8958544e-01   2.4268191e-01  -2.3130348e-01  -1.1688649e-01   4.0211025e-01  -2.5071833e-01  -1.3177447e-01   2.4170483e-01  -2.8571845e-01   1.4073737e-01   3.7455758e-02   4.5417126e-01  -2.8702539e-01   2.1320541e-01  -1.1678413e-01   3.0468802e-01  -7.9009251e-02   1.0921252e-02   7.2521471e-02  -1.9167288e-01   5.2206378e-01  -3.9213001e-02  -3.6026969e-01  -3.5388837e-01  -3.7031430e-01  -2.8714011e-01  -7.0089239e-02  -2.4426223e-01   3.8817322e-01  -1.5302805e-01   1.0014386e-01   1.7095734e-03  -7.5630093e-02   1.0902602e-02   8.0689879e-02   1.0619757e-01   2.4218381e-01   1.4537068e-01  -1.5300931e-01   1.4952380e-01   7.3547520e-02   9.9624947e-02  -4.5651680e-01  -3.2089082e-01  -9.9922606e-02  -2.0799702e-01   5.4802393e-02  -8.8369277e-02  -1.2573936e-01   9.9324418e-02   1.7718447e-01  -2.1689368e-01   1.2722643e-01   8.5334332e-02  -1.8662970e-01  -2.9233905e-01
   2.1516290e-01  -1.9284348e-02  -1.6316037e-01   4.1029778e-01   2.0252446e-01  -1.8718665e-01  -4.2750116e-01  -3.0084285e-01   3.9539296e-01   3.5386789e-02  -9.0527649e-03  -3.4781146e-01   2.7232720e-01   0.0000000e+00  -1.9528014e-01  -1.7454719e-01   6.3105362e-02  -2.5972451e-01  -2.4595883e-01   3.3662704e-01  -3.5069205e-01  -2.1579250e-01  -5.5397248e-01   4.1777400e-01  -2.1836967e-01   4.1379710e-02   2.4177654e-01   2.7027788e-01  -2.7486917e-01  -2.4293515e-02  -5.2306372e-01   1.7109342e-01   1.9377469e-01  -1.2488524e-01   4.1398545e-01  -3.8335049e-01   1.7721251e-02   3.4973684e-01   3.5579377e-01  -1.4814769e-01  -2.0633447e-01   1.4426668e-01   1.2483707e-01  -1.2595887e-01   3.5237267e-01   3.4185985e-01  -3.3983983e-01  -8.4995569e-02   2.1262078e-01  -3.2561142e-01  -1.3810708e-01   7.7021097e-02   8.3299732e-02   3.6765082e-01   2.0142727e-01  -2.2539089e-02   2.3344277e-01   1.4724200e-01  -3.3411472e-01   5.4972456e-01   2.2263676e-01  -1.0809440e-01   2.7383082e-01  -2.5745175e-01   2.0339816e-01  -4.1295492e-01  -2.2108759e-01   8.2905753e-02  -7.0729236e-02  -1.5881008e-01  -2.0236713e-01   3.0957250e-01   2.8313463e-01  -1.4184506e-01   4.2291260e-01  -3.4836926e-01   3.5775001e-01   1.9798845e-01   2.0862564e-01   2.6743847e-01   1.9837453e-01   7.5380010e-02  -2.6793712e-01   1.4254619e-01  -4.0517688e-01  -5.8562679e-01   2.5190354e-01   2.4010451e-01   1.7642803e-01   2.5624504e-01   1.4948854e-01  -6.0349477e-02   2.6367782e-02   4.6918940e-01   3.5767183e-01   3.4140151e-01   2.6021033e-01  -3.4729438e-01  -2.1365598e-01  -7.4910081e-02  -1.3895445e-01  -2.0654153e-01  -4.6941839e-02   2.1277058e-01   1.0712897e-01   2.7441804e-03  -3.1900548e-01  -2.0019527e-01   1.2651497e-01   1.2280661e-02  -5.9516905e-02  -8.6247348e-02   6.6715187e-02   2.6059089e-01  -2.3562280e-01   2.7343889e-01  -1.3321006e-01  -2.2917911e-01   3.3629760e-01   1.0810432e-01  -1.7107564e-01   2.7063429e-01   1.4393806e-02  -2.0830346e-01   1.1720455e-01   4.9033317e-01  -5.0471138e-02  -4.3858469e-01   1.3704005e-01  -1.7579223e-01   4.9968391e-02  -1.6223559e-01   3.6888854e-01  -2.1207689e-01   3.4946164e-01  -3.6958841e-01   4.1135689e-01  -4.0515558e-02  -2.6854714e-01   7.4346064e-02  -2.7332789e-01   6.8554530e-02  -1.3943547e-01   1.8862326e-01  -6.1888602e-01  -5.4299948e-01  -4.9301093e-01   9.6462703e-02  -4.3121794e-01  -8.3167154e-02  -5.7034901e-01  -8.1258773e-03   2.0194387e-01  -1.6801501e-01  -1.1851259e-01   5.2768113e-01  -6.9219175e-02  -9.3015852e-02  -4.5755907e-01  -1.4551503e-01   2.1936290e-01  -1.3376571e-01  -3.0825906e-02  -4.1733970e-01  -3.0027594e-01  -8.5187836e-02  -1.7448207e-01  -2.4596196e-01  -2.8775566e-01  -3.3664380e-02  -2.5034969e-01  -1.4108452e-01  -1.6530160e-01   1.0661766e-01   3.7090680e-01  -1.8442831e-01  -1.6538225e-01
