   0.0000000e+00   6.4191406e-02  -1.8291397e-01   2.4582834e-01   2.3464624e-01  -2.9292847e-01  -1.7563127e-01   1.5474310e-01   2.5533642e-01  -1.9428290e-01   5.0733975e-02   6.7024937e-02  -9.9441141e-02  -3.2140387e-01   2.4543437e-01   2.7357424e-01  -4.5904043e-01   2.2330589e-01  -3.4742732e-01   7.4953202e-02   8.6984054e-02   4.7069921e-01   1.0505787e-01   5.1990064e-01   2.1057262e-01   1.6452107e-01  -2.2171083e-01  -6.5865659e-02   1.7203274e-01   1.2169017e-01  -8.2631709e-02   3.8368584e-01  -3.4984160e-02   8.2194323e-02   1.6595822e-01   2.6208334e-01   8.1829805e-02  -1.8157198e-01  -1.0277829e-01  -1.7682624e-01   3.7657546e-01   1.2387018e-01   8.5594656e-02   1.6424268e-01   6.3062922e-02  -3.7107033e-01   4.3749442e-01  -8.0627469e-02   2.2801786e-02  -2.2879990e-01   2.8628810e-01  -2.4266245e-01  -2.8058458e-01   3.0322522e-01  -5.3272007e-02  -6.4658026e-02  -1.6718498e-02   2.3407171e-01  -1.6647458e-03   3.6112743e-01   2.6052908e-01  -2.2642574e-01   2.8635504e-02  -1.6230656e-01  -2.1326178e-01   1.4641912e-01  -2.6407453e-01  -1.0389050e-01   4.5337149e-01  -1.4908329e-01  -3.3397764e-01   2.6184744e-01  -1.2504485e-01  -1.2066726e-01   3.3965872e-01   2.1600220e-01   8.5729595e-02   3.5267551e-01  -1.2788253e-01   3.2659027e-02  -9.5680326e-02   1.4667916e-01   2.9183537e-01   1.2140430e-02  -3.4951621e-01   3.1037867e-01   1.8821362e-01   4.9793615e-02  -1.9247050e-02  -1.6901928e-01  -1.1101364e-01   2.2479862e-01   1.0947181e-01   2.2318896e-01   1.7316234e-01  -2.6328369e-02   9.8823503e-02  -9.1173576e-02   1.4730141e-01   1.1247265e-01  -4.1422466e-01  -8.5636637e-02  -3.8278883e-02   1.9822949e-01   4.0315483e-01   1.3150529e-01   1.7795226e-01  -1.0008677e-01  -1.7736982e-01   6.8352721e-03   7.1338683e-02   7.8659980e-02   1.1272111e-02  -5.7982824e-02  -3.6027453e-01  -7.2438308e-02  -7.9285720e-03   3.6752582e-01   1.1837995e-01   3.0150824e-01   3.8503565e-01  -2.2474845e-02   2.5445182e-01   3.2747266e-01  -1.5293939e-01   3.8114426e-01   1.0671708e-01   2.2016794e-01   4.1659537e-01  -1.0690277e-01  -2.4504768e-01   3.3573953e-01   2.2723129e-01   2.9620116e-01   2.4337622e-01   5.7147412e-02  -1.1431056e-01  -1.9897251e-01   1.2983578e-01   5.8985160e-01   1.8616987e-01  -9.0256930e-02   1.9065525e-01  -2.9611350e-01   2.9968829e-03   3.8517977e-01  -3.2316403e-01  -6.6153291e-02   7.4339944e-02  -1.8271748e-01  -3.2671203e-01  -1.8589536e-01   2.3985813e-01   1.0441433e-01  -3.1337523e-01   3.5650130e-01   4.1615674e-01   2.0387130e-01   4.4754993e-01  -6.0098411e-02   1.5979016e-02   1.2652478e-01  -1.3282672e-01   1.7872485e-01   3.0498686e-01   7.4994820e-02   8.7214152e-02   2.1561795e-01   4.9210128e-01  -2.1458679e-01   9.8018160e-02   3.8087943e-01   1.5388067e-01  -1.4516224e-01   1.5226156e-01   3.4509666e-01   3.8331518e-01
   6.4191406e-02   0.0000000e+00   4.3463331e-02  -5.9458692e-02   1.6238499e-02   3.1578214e-01   5.0602964e-01  -4.5965236e-01   5.4111379e-01   3.2691848e-01  -8.3466961e-02   8.8465377e-01  -9.7484648e-02   2.8049373e-01   3.9860440e-01  -1.0010226e-01  -1.6629431e-01   3.2581199e-01  -1.1112356e-01  -1.4865610e-01   3.5534182e-02   2.0161339e-01  -8.4641040e-02   2.0759780e-01  -2.6568581e-01  -2.2541196e-01   1.4725483e-02  -4.5003117e-01   2.9604778e-02   2.0388373e-01   3.2257713e-01  -1.2136222e-01  -7.4857397e-02   5.3420408e-01   5.8345402e-01   2.0989149e-01   5.2708990e-01   1.0699925e-01  -3.6474216e-01   2.7239164e-02  -8.1720812e-02  -1.3511941e-01   4.1207461e-01  -1.9966374e-01   1.1130620e-01   1.0003852e-02   7.1652865e-02   5.5723474e-01  -1.1991236e-01  -1.2010872e-01  -2.2752507e-03  -4.9585800e-01   5.5929971e-01  -1.9622587e-01   5.5579062e-02   1.4318302e-01  -1.7202506e-02  -2.3527141e-01  -1.4804676e-01   5.3064884e-01   7.0919249e-02  -3.2356539e-01   1.5069371e-01   2.3529349e-01   2.9382945e-01   5.8335004e-01   1.4401285e-01   3.7586839e-02  -2.7124604e-01   4.0810690e-01   2.3957137e-01  -3.3853007e-01  -1.9087659e-01   5.2729127e-01  -3.6638413e-01  -3.9832180e-01   1.1087995e-01  -3.0335811e-01  -3.8501432e-01  -3.6157731e-01  -2.1897625e-01  -2.4823726e-01   2.8866521e-01  -1.5700742e-01   3.8758718e-01  -2.1482001e-01   3.7144313e-01  -1.1198718e-02  -1.5502901e-01   1.5189886e-01  -3.4339782e-02   3.1549625e-02  -7.9148288e-03   2.4843510e-01   1.0107206e-01  -4.4184131e-01  -1.2304794e-02  -3.1751744e-01  -1.6634909e-02   2.0603855e-01   4.4509311e-01   5.2207190e-02  -3.9382907e-01   5.4003529e-01  -3.4793902e-01  -3.1651926e-01  -2.3624497e-01  -4.4527865e-01   8.0624826e-03   5.0276328e-01   3.7703420e-01  -1.6880762e-01  -3.1660967e-01   1.7495860e-01   5.6592264e-02  -2.9451542e-01  -1.0870748e-01  -1.6286757e-01   2.4314815e-01  -1.3933861e-02   5.2614502e-02  -1.0461718e-01   1.4890449e-01   2.1320356e-01  -2.3952241e-01   4.7388957e-01  -6.3876441e-02  -3.6346648e-01  -2.9466090e-01   4.2910496e-01  -2.6961091e-02   3.1005725e-01   4.1411905e-01   3.5852600e-01  -9.9494144e-02  -5.6843422e-01  -4.4437854e-01   2.4957263e-01  -4.3513062e-01  -3.7158545e-02   2.7447809e-01   5.0535754e-02  -1.3208908e-01   4.4020833e-01   9.8123250e-02  -3.1043831e-01   3.3049730e-01   3.5858080e-01   4.0792530e-01   3.9969653e-02   2.6627741e-01  -2.3418930e-01   1.1175461e-02  -1.0933900e-01   7.5892619e-02   2.3855207e-01  -1.8265271e-01  -1.7262592e-01   1.5135882e-02  -2.9370127e-01  -5.3448768e-02  -3.2059021e-01   4.5984911e-01  -3.7435695e-01   1.1022273e-01   9.5973118e-04  -9.5832270e-02  -1.8987703e-01  -1.4607494e-01   1.8879388e-01  -3.1604946e-01   1.4773196e-01   1.3385981e-01   4.4121530e-01   3.4017704e-02   2.4175882e-01   4.0362719e-02
  -1.8291397e-01   4.3463331e-02   0.0000000e+00  -1.7027068e-01   2.3273558e-01   3.5842609e-01  -2.9632325e-01   6.3278497e-02  -1.3141771e-01  -5.5462512e-02   4.0888272e-02   2.8811529e-02  -2.9314316e-01  -2.1972188e-01  -2.3678412e-01  -3.3832963e-01   5.7428361e-01  -1.7496017e-01  -6.2858803e-02   2.8602574e-01  -4.3977459e-01  -1.5184649e-01  -3.9347812e-01  -1.0650865e-01   3.5918882e-01   3.4589123e-01   4.7548005e-01  -1.6562260e-02   1.0841072e-02  -3.4766697e-01  -3.6587701e-01   2.8035919e-02   2.3263239e-01  -3.9906718e-01  -7.5245012e-02  -1.1290967e-01  -2.2014999e-01   4.4370796e-01  -1.4640791e-01   4.2760553e-01  -1.7487802e-01   8.8549604e-02   1.7714948e-01   1.8915043e-01   2.6081306e-01   3.0241566e-01  -3.7605402e-01  -2.6328633e-01   3.2021818e-01   6.1620789e-01  -2.0260885e-01   1.5781878e-01  -2.9570904e-02   3.2070059e-01  -1.3495875e-01   2.1050999e-01   9.3049293e-02  -1.5309149e-01  -2.7764779e-01  -2.6224957e-01   1.3551374e-01   3.5220449e-01   4.5043153e-01   1.3349070e-01   4.0787176e-01  -1.7440559e-01   4.6977476e-01   1.2360583e-01  -2.0708069e-02   4.2582243e-03   4.9071700e-01  -1.3626262e-01   2.8386369e-02   3.4779990e-01   2.1792264e-01  -1.7325586e-01   1.6838656e-01  -4.1699801e-02   2.5453345e-01   4.3752293e-01  -2.4029226e-01  -6.1171482e-02   9.3874119e-02   1.2867845e-01   2.9606984e-01  -1.8138481e-01  -2.0416696e-01  -1.7901835e-01   1.9374428e-02   2.8930884e-01   2.1320916e-01   2.0238401e-01   2.1894332e-01  -2.4510487e-01   5.8890798e-02   3.0870225e-01   3.9372512e-01   1.8321641e-01   2.5417506e-01  -1.6069776e-01   3.2993031e-01   8.7998173e-02  -1.5297687e-01  -3.0013450e-01  -1.9999984e-01  -7.9379558e-03   2.4007568e-01   1.3051313e-01   5.1153778e-02  -2.8276596e-01   1.6203269e-02  -2.4594521e-01   6.6046039e-02   1.6367793e-01   1.8616087e-01   2.3682222e-01   1.1791402e-01  -2.1058325e-01   4.4642066e-02  -9.4025842e-02   1.5432707e-01   2.0901449e-01   1.9843918e-01   2.6811612e-02   3.6048011e-01  -3.4535680e-01  -1.6021652e-01   3.9538186e-01  -3.0778170e-01   3.1331973e-01  -4.3652743e-03  -1.5412040e-01  -7.7515756e-02  -2.4690234e-01   4.0173171e-01   2.5117037e-02   4.8310924e-01  -1.8395969e-01  -1.2061616e-01   1.4419426e-02  -8.7047863e-02  -2.9878948e-01  -2.2042173e-01   3.0053008e-01  -4.6377200e-01  -3.5919167e-01   3.5914029e-01  -3.9054600e-01  -4.0294943e-01  -1.9107221e-01   3.8593232e-01  -1.3347713e-01   3.6205878e-01   1.8588651e-01   7.0773124e-01   9.0763455e-02   1.0384800e-01  -2.4484900e-01  -2.1990808e-02  -1.1278846e-01   2.0622894e-01  -1.7001154e-01  -1.8680780e-01  -2.0185479e-01  -2.2164466e-02   1.1413052e-01   2.4298506e-01   7.5589843e-04   1.8537635e-01   3.8826000e-01   6.3354543e-02   8.8379322e-03  -2.7896291e-01   1.6897345e-01   4.7681675e-01  -2.4922178e-01  -2.9788904e-01
   2.4582834e-01  -5.9458692e-02  -1.7027068e-01   0.0000000e+00   1.3941069e-01   1.0142936e-01   7.0877355e-02   2.1062101e-01   5.6467598e-02  -2.0417849e-01   2.3824019e-01  -7.3246900e-02   2.7674772e-01  -1.0847448e-01  -1.6348947e-01   1.1398967e-01  -2.3035558e-01   2.7396668e-01   1.8865508e-01   3.2385611e-01   7.9994044e-02  -1.4859214e-01  -2.3759824e-02  -3.8647288e-02   4.9535482e-02  -3.4580823e-02  -1.0632443e-01  -7.2201890e-02  -2.8597457e-01  -1.0492774e-01  -2.3471861e-01  -5.0052905e-02  -2.7873189e-01  -4.2098617e-02   9.3568791e-02   3.1468514e-01  -2.1908006e-01  -2.9367860e-01   7.2262704e-02   1.9642399e-02   5.1369077e-01  -1.2760872e-01   1.8037494e-01   5.7935627e-02   2.8669037e-01  -1.2773985e-01   4.5305517e-01  -4.9071675e-02   6.2050903e-02   2.1707423e-01   2.6337606e-01   7.8826054e-02  -1.6645317e-01   3.2747097e-01   2.7039672e-01  -8.7148012e-02   9.8420259e-02  -1.1757235e-01   1.0470632e-01   1.1716290e-01   2.5747226e-02   3.2864675e-02   2.0741280e-01  -1.0427273e-01   1.8193920e-01   8.1163356e-02   9.6691415e-02  -5.4796972e-01   2.1051930e-01  -2.1801101e-01   1.6314590e-02   2.5603931e-01   4.1668582e-01  -1.9242996e-01  -2.5659560e-02   9.4680440e-02  -5.4632975e-02   4.8275291e-01  -4.8985826e-02   1.8432777e-01   1.9461141e-01   3.9920987e-01  -6.3107981e-03   4.0068194e-01  -6.4161160e-02  -1.4552063e-02   1.6453025e-01   1.4410448e-01   1.2967545e-02  -2.8072746e-01  -4.6560361e-01   2.1016891e-01   1.6703860e-01   2.8967893e-01  -3.3191306e-01  -4.6391420e-02  -2.6102585e-02   1.5132118e-01   3.6415483e-01   1.3459537e-01  -6.4524130e-02   5.0125453e-02  -1.0863449e-01   6.0694396e-02   1.0432689e-01   2.5335006e-01  -1.0810573e-01   3.9551034e-02  -2.1448666e-01  -2.8618100e-01   1.7710881e-01  -1.2246102e-01   1.6742292e-01  -2.3230428e-01  -1.4264317e-02   1.9967546e-02   1.1685292e-01   4.8869786e-01  -6.5021258e-02   3.0651754e-01  -1.1054784e-01  -1.1466049e-01  -1.9205442e-01   2.8701271e-01   1.1723694e-01   2.9787992e-03   2.3342409e-01   1.6409168e-01   3.0484765e-01  -1.1058281e-01  -5.9080195e-01   3.1441952e-01  -3.9709434e-01   6.2771173e-02  -1.3069851e-01  -2.6834640e-02  -9.2075874e-02   1.0779724e-01   1.0305354e-01   1.0816294e-01   6.8340628e-02   2.5304474e-01  -9.4843149e-02  -5.8807960e-02  -1.1752335e-01   1.4311623e-02  -8.2116636e-02  -1.4678140e-01  -1.2684307e-01  -2.9517615e-02  -1.6174871e-01   7.3891802e-02   1.2467657e-01  -3.1412488e-01   4.7919239e-02   2.8294844e-01   7.0842433e-02   3.7376186e-01   3.0976292e-01  -2.0189559e-01  -1.4420132e-01  -1.0878112e-01  -1.1930339e-01   1.7489550e-01  -1.7365295e-02   2.2874931e-01  -9.1916980e-02   1.2243812e-01   3.6540458e-01   1.0006094e-01  -2.2188851e-01  -2.6094772e-01   2.6816640e-01   2.6107402e-02   1.9269164e-02   2.7241358e-01   1.9401089e-01
   2.3464624e-01   1.6238499e-02   2.3273558e-01   1.3941069e-01   0.0000000e+00   1.0884878e-01  -2.8899499e-01  -1.2007626e-01   1.3257739e-01   1.6958002e-01   1.4307587e-02   9.6857460e-02   2.3584167e-01  -3.3210653e-01  -6.5875166e-02   1.0448097e-01  -1.7604684e-02   1.7074724e-02   9.2117749e-02   6.5703948e-01  -2.9636702e-01   1.5536092e-01  -3.4240304e-01   2.4870381e-01  -1.7564391e-01   3.6465461e-01   9.1314545e-02   1.0500796e-02   2.3241762e-01  -2.7571553e-01  -3.5482960e-01  -3.3023614e-02  -2.9705367e-02  -8.8635718e-02   3.6949396e-01   4.5921927e-01  -7.7417349e-02  -2.3641666e-01  -9.0598099e-02   3.6167506e-01   4.5633311e-01  -4.4567379e-02   4.6498420e-01   2.3130704e-01   2.3520088e-01  -1.0100594e-01   2.8007157e-01  -3.2632494e-01   3.8951624e-01   2.3607149e-01   2.5747517e-02  -1.5918437e-01  -1.0593658e-01   4.5619205e-01   1.0532245e-01  -3.7704722e-02   2.3665913e-01  -5.8383209e-02  -1.5302988e-01   1.1577331e-01  -2.2395600e-01   1.9366236e-01   1.4228210e-01  -2.2037905e-01   2.0470195e-01   5.8992463e-03   1.7543799e-01  -4.6316038e-01   5.6260918e-02  -4.4753597e-02   1.7509497e-01  -1.7302650e-01   2.0296409e-01  -8.8052694e-02   1.6314932e-01  -2.4041302e-02  -4.1249024e-01  -9.8561524e-03   3.4066474e-01   3.2770020e-02  -3.3101566e-01   1.4491775e-01   2.2694902e-01   1.2927074e-01  -1.0767441e-01  -1.3392590e-01   2.9756682e-01   2.1297764e-01   3.4165510e-01  -1.8903376e-01  -1.2739352e-01   1.4514319e-01   4.4100227e-01   4.9111159e-01  -1.9947871e-01   4.6595405e-01   2.1537133e-02   3.1795692e-03   4.7306758e-01   2.5614791e-01   9.7550541e-02  -4.7957308e-02  -5.3394249e-01   5.7201260e-02   1.5930195e-01   5.0993735e-02   6.6597818e-02   5.7488316e-02   6.7747868e-02  -1.4458265e-01   2.7662205e-02  -3.6560100e-01  -1.4632132e-01  -1.5477696e-02  -8.6041836e-02   4.4768663e-01   1.1323382e-02   2.0003438e-01   2.8135664e-03  -5.7362758e-02   1.2559593e-01   6.0595146e-01   1.1438617e-01   3.5429957e-01   8.3492699e-02  -9.5827485e-02  -9.0647372e-02   3.6422563e-01   2.8372803e-01   8.8232951e-02  -2.6068437e-01   3.0176333e-01  -3.4117427e-01  -1.1376235e-02   1.0473307e-01  -2.2261581e-01  -8.8259991e-02  -2.1381215e-01  -2.0045826e-01   2.4165712e-01   1.6416662e-01   4.1856551e-02  -3.2776678e-01   1.4686021e-01  -3.3870731e-01  -2.1950560e-01   4.9969352e-03  -2.0136436e-01  -2.8958358e-01  -1.4646787e-02  -2.8031725e-01  -5.0091868e-01   1.3418015e-01   1.3021174e-01   5.0805369e-01   1.7921349e-01   5.8444315e-03   2.5645612e-01   1.5474707e-01  -5.3989602e-01  -1.3877365e-01   1.1478089e-01   3.8574741e-02  -2.1017219e-04   1.2395132e-01   3.4098319e-01   1.0287134e-01  -5.3386504e-02   3.0693896e-01   3.6115155e-01   6.5034103e-02  -1.5770280e-02   2.0845580e-01   1.9577717e-01   2.8174229e-02   2.2279220e-01   2.3760721e-01
  -2.9292847e-01   3.1578214e-01   3.5842609e-01   1.0142936e-01   1.0884878e-01   0.0000000e+00   2.6490741e-01  -3.0739889e-02   9.8652190e-02  -9.3150648e-02   1.8224100e-01   3.0847667e-01  -1.3710741e-01   2.1746150e-02   6.8627794e-02   1.3740702e-01   4.7215088e-01   1.4765212e-01  -3.1545256e-02   2.5889189e-01   4.4061401e-02  -1.0745173e-01   3.2476699e-03  -1.9784046e-01  -1.2550816e-01   2.5113299e-01   4.2606677e-01   1.5707138e-01  -1.7550227e-01  -3.0509943e-02  -1.9488409e-01  -3.8664693e-02   1.2646062e-01   2.0427662e-02   2.7329132e-01   2.0336972e-01  -8.0958521e-02   1.9830992e-01  -6.8270241e-02   6.8656891e-01  -1.2027129e-01   7.2358435e-03   1.8171341e-01   3.6791836e-01  -1.6673439e-03   5.2522295e-01  -1.6131699e-01   1.7083276e-01  -1.8140034e-01   4.1183525e-01   1.6922698e-01   1.5459143e-01   7.8319194e-02  -5.9760456e-02   1.0004257e-01   4.3469451e-01   2.5591746e-01  -1.6447034e-01   3.8052385e-02   3.2197064e-02   1.0698392e-01  -1.2574562e-01   2.5602678e-01   2.8986899e-01   3.4010698e-01   1.2121318e-01   7.9832657e-01   4.9921558e-02  -8.8817528e-02   5.0233456e-01   3.3513421e-01  -7.5494653e-02   9.3660577e-02   2.5224626e-01  -1.7326035e-01  -3.2691895e-01   5.7689290e-02  -7.5180730e-03  -1.2389630e-01   1.4304161e-01   1.8269158e-01  -3.1349501e-01  -2.3152553e-02   2.8824411e-01   3.6080769e-01  -2.6415910e-01  -1.1078311e-01  -8.4649086e-02   1.8692180e-01   2.0817485e-01   3.8055269e-02   2.1610493e-02  -1.4022996e-01   1.7332151e-01  -8.7512509e-02   6.8632152e-03   1.3072203e-01   3.9090502e-01   4.4506516e-02  -1.2452791e-01   3.3278553e-01   3.2632273e-01  -2.0780929e-01   7.7173331e-02  -1.7365109e-01  -4.0782001e-02   6.2125314e-02   2.8378930e-01  -3.0317488e-01   6.7271374e-02   1.8216288e-01   4.4640279e-03  -2.4981237e-02   2.4391733e-01   4.6524937e-01  -2.0863703e-02   4.2403963e-01   8.0552972e-03   2.8427641e-01  -8.8414371e-02   3.9786829e-02  -6.3412187e-02   1.5181906e-01   2.5657462e-01   3.9045819e-01  -2.6451285e-02   1.6707847e-01  -9.0222158e-02  -1.5333472e-01   5.8679550e-01  -1.6505186e-01  -3.8194501e-04  -1.3882363e-02  -1.8676479e-02   1.2247217e-01  -2.1195553e-01   2.1078137e-01   2.4203772e-01  -2.8984380e-01  -2.2646037e-01   1.8809251e-01   5.7734185e-02  -3.5431817e-03   4.9246878e-01   4.9117569e-03  -2.6647001e-01   4.7310627e-01   1.1243239e-01   2.1625993e-01  -2.0337193e-01   3.9539853e-01   5.1892067e-02   1.9572173e-01   2.6249337e-01   5.0768151e-01   2.1519829e-01  -6.9068999e-02   1.0191046e-01  -9.6394318e-02  -3.9000170e-02  -4.3652529e-02   1.5451893e-02   2.5271948e-01  -1.4720741e-02  -9.2516160e-03   2.3850609e-01   2.9972634e-01   1.7295832e-01   1.0485678e-01   2.4172520e-01  -1.9909110e-01  -2.1013883e-01   8.1928617e-02   4.7380549e-01   1.1425955e-01  -1.6268083e-01  -1.4084358e-01
  -1.7563127e-01   5.0602964e-01  -2.9632325e-01   7.0877355e-02  -2.8899499e-01   2.6490741e-01   0.0000000e+00  -1.8758334e-01   1.2496404e-01   1.3935031e-01   2.2030341e-01   5.5076583e-01  -1.8815241e-01   4.5845432e-01   4.0144631e-01   1.1517101e-01  -2.1616560e-01   4.1062865e-01  -2.5262658e-01  -3.6613979e-01   4.1732636e-01   1.3963523e-01   4.6159623e-01  -3.5156431e-02  -4.9392191e-01  -3.4831642e-01   1.2397367e-01   1.5316832e-01  -2.7832387e-01   3.7198229e-01   3.7095079e-01  -2.4038909e-02  -7.3645485e-02   6.2612991e-01   1.3748844e-01   1.2919085e-01   1.8738360e-01  -6.7187757e-02   3.8103045e-02   4.5086837e-02  -2.2408824e-01   3.6892863e-02  -1.0732756e-02  -3.0756794e-02  -2.2283856e-01   7.8007853e-02   1.7400743e-01   8.1698852e-01  -3.9227060e-01  -2.8570324e-01   2.2636797e-01  -1.9104143e-01   2.1999700e-01  -2.9291948e-01   1.2457427e-01   3.4416404e-01  -1.3499332e-01   2.2420112e-01   1.7304061e-01   3.3724620e-01   1.9826057e-02  -4.4097597e-01  -1.4727267e-01   1.2984892e-02  -2.0487346e-01   3.7121914e-01   1.7350616e-01  -9.4223808e-02  -7.9515684e-02   4.8099986e-01  -3.9750490e-03   3.9460777e-02  -6.7813717e-02   1.5805336e-01  -3.4852399e-01  -1.5983092e-01   6.6694159e-02  -7.8332924e-02  -6.7728893e-01  -3.5468854e-01   5.7858958e-01  -2.0008832e-01   5.5467763e-02  -3.8801741e-02   2.4170298e-01  -1.2428680e-01   6.3729113e-02   1.6361075e-01  -1.5603159e-01  -1.0101304e-01  -1.9970898e-01  -6.1882805e-02  -2.6061566e-01   2.7355239e-02  -6.0873490e-02  -5.7626737e-01  -4.8356226e-01  -4.3448347e-03  -3.6928244e-01   2.1518057e-01   3.0717167e-01   2.0053994e-01   4.6481507e-02   2.6446818e-01  -5.8181642e-02  -2.9990573e-01  -1.9902235e-01  -3.7700586e-02  -1.7576161e-01   6.1941751e-01   2.5962619e-01   3.2651098e-01  -1.9614711e-01   2.2816632e-02   4.3651940e-01  -6.2521888e-01   1.2674158e-01  -1.8650101e-01   3.5832810e-01   5.4410032e-02  -3.4150825e-03  -4.1743217e-01  -1.5526740e-01  -2.7892315e-03  -3.1621105e-01   4.6969368e-01   2.3524768e-01  -5.0181738e-01  -7.6828434e-02   2.0945320e-01   2.2667027e-02   1.0394473e-01   2.4895384e-01   3.2206708e-01  -2.2749878e-01  -2.9442613e-01  -3.3310553e-01   7.0349406e-01  -2.4751146e-01  -2.4659290e-01   2.1512031e-02   7.9045400e-02   7.4092121e-02   4.8591661e-01   4.0120915e-01   1.5736629e-04   4.6612340e-01   5.3667562e-01   6.0102980e-01   1.0867594e-01   3.4989143e-01   3.3412287e-01   2.8244287e-02  -3.3342802e-01  -2.4834665e-01  -8.8578040e-02  -2.4836923e-01   1.4558658e-02  -1.1062397e-01   1.7328715e-01  -2.9563243e-01  -5.7445397e-02   4.4109050e-01  -7.3936195e-02   2.5094500e-02  -3.0216390e-01  -2.3862165e-01   1.6237775e-01  -2.0438622e-01  -1.5155250e-02  -6.4741898e-01   3.3508656e-02   1.8453281e-01   5.3012810e-01  -2.7423237e-01   1.6125426e-01  -4.4044687e-02
   1.5474310e-01  -4.5965236e-01   6.3278497e-02   2.1062101e-01  -1.2007626e-01  -3.0739889e-02  -1.8758334e-01   0.0000000e+00  -1.2131581e-01  -2.2090611e-01   3.8236959e-02  -4.6722826e-01   8.0642536e-03  -2.9733222e-01  -3.0889469e-02   1.2310249e-01   7.6540488e-02  -2.6160508e-01  -3.1468039e-02   2.5819122e-01   1.0453151e-01   1.8510159e-01   3.0849185e-02  -2.5938182e-01   3.1760716e-01   4.1813993e-01   2.8716133e-01  -7.6101317e-03  -2.2423790e-02  -1.2032593e-02  -2.1433515e-01   2.3616117e-01   1.8188403e-01  -3.5915265e-01  -2.5809062e-01  -2.5956945e-01  -6.4132941e-01  -1.4346006e-01   4.1339212e-01  -1.9535982e-02   2.8440676e-01   2.0919515e-01  -1.0207689e-01   4.4751217e-01   4.2182325e-02   5.2018924e-02  -1.1721909e-01  -4.5623164e-01   1.2467033e-01   1.3582257e-01   2.7882336e-01   6.3965471e-01  -5.5815603e-01  -3.8696584e-02  -1.0378783e-01   8.4166259e-02  -5.8834798e-02   2.6330756e-01  -1.5634489e-02   4.1265558e-02   1.5898581e-01   1.9362096e-01   6.0271360e-02   1.2444148e-01  -2.7030632e-01  -3.3562733e-01  -1.8783558e-01   3.0573173e-02   2.3868025e-01  -2.1979047e-01   2.2385447e-02   6.0389320e-01   2.7497749e-01  -9.8140320e-02   1.7619332e-01   5.2303049e-01   3.3608348e-02   5.1859987e-01  -2.4063861e-03   4.5727427e-01   2.8306219e-01   1.6263596e-01  -1.6536019e-01   1.6938125e-01  -1.6210852e-01   4.4189161e-01  -1.0860795e-01  -8.9565623e-02  -2.2770497e-02   2.9349922e-02  -2.7119702e-01  -2.3829586e-01   2.0546535e-02  -1.4323058e-01  -1.6002899e-01   1.6826004e-01   1.6943338e-01   2.9717935e-01  -7.3918515e-02  -2.7167514e-02  -4.1903503e-01   2.2494141e-01   4.2450454e-01  -8.7875716e-02   2.7116136e-01   2.7845528e-01  -1.2470972e-01   3.8056598e-01  -1.4363728e-01  -3.8824069e-01  -4.0187469e-02   3.5564596e-01   3.9900638e-01  -1.0101222e-01  -1.9812979e-01   3.8579745e-02   3.3631651e-01   3.1408632e-01  -4.2261091e-01   1.4863853e-01   4.5260427e-03  -5.1453364e-02  -1.7476707e-02  -1.3191208e-01   3.4019948e-01  -2.0084138e-01  -4.4541598e-02   1.4749407e-01   3.2537683e-01  -2.2903072e-01  -1.9092752e-01  -1.3156745e-01  -7.9773726e-02  -2.1878989e-01   2.8748029e-01   7.4703864e-01   4.5123307e-01  -2.8021695e-01   6.8803405e-01   7.7093224e-02  -2.4304466e-01   7.1943424e-02   4.8087406e-01  -4.3913337e-01  -1.8136793e-01   2.2732355e-01  -1.5046709e-01  -2.8304564e-01  -3.3858702e-01  -1.3870314e-01   1.6264496e-01   3.4319251e-01   2.3985004e-01   8.6104784e-02  -6.2427076e-02   8.1461993e-02   1.6672355e-01  -1.3011325e-02   1.7961330e-01   5.4957012e-01   2.7936389e-01   4.4341019e-01  -4.3381711e-01   3.5425425e-01  -6.4168956e-02   8.4933337e-02   2.4319302e-01   1.0320278e-01   6.7689611e-02  -1.6335270e-01   6.9886652e-02  -1.0161402e-01   3.9027580e-03  -4.4588021e-01  -5.6871393e-02  -2.2203201e-01   2.0042923e-01
   2.5533642e-01   5.4111379e-01  -1.3141771e-01   5.6467598e-02   1.3257739e-01   9.8652190e-02   1.2496404e-01  -1.2131581e-01   0.0000000e+00   4.0264116e-01  -2.1100218e-01   3.7544759e-01   3.4528191e-01   1.9978993e-01   1.4937292e-01  -1.5043863e-01  -1.1487192e-01   7.5115125e-02   5.1957197e-02   1.1178318e-01   2.8024116e-02   3.6749355e-01  -1.1491310e-01   2.8499912e-01  -3.1831878e-01   1.3104033e-01  -9.8579422e-02  -2.9859249e-01  -7.6421101e-02   1.3704486e-01   2.5067213e-01  -2.8090255e-01  -3.2278209e-01   2.5176422e-01   6.6759225e-01   2.4376689e-01   3.9234049e-01  -5.3290925e-03  -2.0676579e-01   5.3526223e-02   1.8500425e-01  -3.0546699e-01   3.4067950e-01  -2.3041885e-01  -5.6299072e-02   3.0627064e-02   9.0875216e-02   1.8872754e-01   5.2860870e-02  -2.6406240e-01   1.3272393e-02  -3.8413791e-01   4.3071342e-01  -1.8661891e-01   3.4568454e-01  -1.8858116e-02  -3.9328446e-02  -1.1406616e-01  -1.9150709e-01   5.1912458e-01  -2.2305069e-01  -1.2040034e-01  -8.9297614e-03   3.3966643e-01   6.6735536e-02   4.8310315e-01  -6.9689127e-02  -1.3720945e-01  -3.5411054e-01   2.0101366e-01   3.9674245e-01  -2.9812196e-01   8.5006877e-02   3.7309897e-01  -4.0684799e-01  -2.0606201e-01  -2.3227828e-01   1.6831385e-01  -2.1397368e-01  -2.5243841e-01  -2.7170622e-01  -1.9281245e-01   1.9602763e-01   8.9467316e-02   4.6565898e-01  -2.0966679e-02   7.0931572e-01  -2.3339607e-02   9.5323776e-02   1.2583043e-01  -1.9290524e-01  -1.0573030e-01   9.9070890e-02   5.3182666e-01  -1.0469873e-01  -2.0033793e-02  -2.5340029e-01  -1.7866171e-01   6.2829417e-02   1.6919733e-01   2.0756162e-01  -1.1113577e-01  -3.4298719e-01   7.9294521e-01  -2.5963284e-01  -1.1153611e-01  -2.5483569e-01  -2.9500556e-01   5.6790477e-02   2.4848026e-01   1.3445405e-01  -1.5426084e-01  -3.1361069e-01   4.0075574e-01  -1.6796660e-01   4.1432139e-02   1.2524008e-01   4.7524862e-02   5.8628300e-02  -2.0940001e-01  -2.3180915e-01   6.4052988e-02   1.7915099e-01   1.6227296e-01  -4.5574716e-03   3.7413309e-01  -3.7119690e-01  -2.1604639e-01   9.8636169e-02   1.8487175e-01  -2.2455010e-01   8.7111208e-02   2.0851156e-01   3.9526644e-02   3.2721731e-02  -2.4924754e-01  -4.9073805e-01   7.6605549e-02  -2.8803231e-01  -1.4483462e-01   4.1377497e-01   3.8453428e-01  -1.4125886e-01   1.2477754e-01  -9.3691948e-02  -2.7888959e-01   3.2036420e-02   1.2561578e-01   1.5568729e-01   2.9432222e-01   4.8981467e-02  -1.3893234e-01  -1.2339010e-01  -3.9151384e-02   9.5175778e-02   1.9179020e-01  -3.7156260e-01   6.5115879e-03  -1.5999262e-01  -2.1376252e-01  -1.7491749e-01  -2.3868177e-02   4.9045548e-01  -2.3208110e-01   8.6816990e-02   1.3827685e-01   2.3845299e-02  -1.2361001e-01  -1.9441694e-01   2.0306931e-01  -1.8814691e-01  -9.3945220e-02   2.0336115e-01   1.4834579e-01  -1.5060006e-01   6.1240062e-02   3.9937750e-01
  -1.9428290e-01   3.2691848e-01  -5.5462512e-02  -2.0417849e-01   1.6958002e-01  -9.3150648e-02   1.3935031e-01  -2.2090611e-01   4.0264116e-01   0.0000000e+00  -2.8366091e-01   3.1131707e-01   4.6900525e-01   2.8024750e-01   1.4715326e-01  -1.3084981e-01  -1.4254815e-01  -1.5375810e-01   1.0578762e-01   2.2106941e-01  -2.6087599e-01  -1.6145185e-02  -3.0129514e-01   3.8967529e-02  -2.9918613e-01   4.2199044e-02   9.1935229e-02  -3.4947928e-01   3.5033973e-02  -2.5946873e-01   2.1483407e-01  -4.8663437e-01  -1.2151485e-01   2.6478842e-01   3.9632643e-01   2.4880902e-02   1.4463851e-01  -1.2058788e-01  -1.4359433e-02  -7.9006865e-02  -3.5597979e-02  -2.6562542e-01   5.5346760e-01  -3.1406456e-01   9.3906367e-02  -2.7127818e-02  -2.3170017e-01  -2.8606366e-02   3.5069946e-01  -1.6451973e-01  -3.9671956e-01  -8.8910173e-02   4.9955513e-01  -1.3379178e-01   4.1794915e-01  -1.1479179e-01   1.3734326e-01  -4.3197246e-01  -3.2619195e-01   1.2515230e-01  -7.1638831e-01   2.0033642e-01  -9.5050152e-02   1.2121882e-01   8.6609143e-02   3.0331524e-01  -2.2206436e-01  -1.3119029e-01  -3.7892123e-01   2.0479454e-02   5.1721117e-01  -3.7254157e-01   2.9719825e-01   3.4355036e-01  -5.4816370e-01  -2.8208666e-01  -3.9287720e-01   2.6679664e-03   3.9331001e-02  -3.5709771e-01  -3.1868306e-01  -7.0714516e-02   1.4951519e-01  -8.3503723e-02   3.1426944e-01  -3.0049929e-01   5.9400163e-01  -5.3566426e-02  -5.7289403e-02   1.4632192e-01  -1.7542525e-01  -2.8240744e-01   4.1205089e-01   3.6534549e-01  -1.6335847e-01   5.9565395e-02  -3.4340168e-01  -3.0936257e-01   7.8907850e-02   4.3784269e-01   3.2258857e-01  -1.0127413e-01  -4.3296103e-01   3.8438577e-01  -4.7433894e-01  -3.1049692e-01  -4.0118619e-01  -2.9011671e-01   3.9001651e-01   1.2917358e-01   3.4528485e-01  -3.7218763e-01  -1.7570186e-01   4.2760465e-01  -1.3620973e-01   2.3775556e-01  -1.5504543e-01   9.7745667e-02  -1.5134866e-01  -2.1824678e-01  -4.0391081e-01   5.0990640e-01  -9.7367334e-02  -7.2985161e-02  -4.3674969e-02   8.5653582e-03  -4.8467391e-01  -2.8103744e-01  -1.7673438e-01  -1.3380598e-02   1.4028891e-01   1.6875707e-01   2.7536158e-02  -1.5161367e-01  -2.6691030e-01  -2.7415307e-01  -3.9584204e-01  -3.3943725e-02  -2.6887928e-01  -2.9436809e-01   3.2865973e-01   3.4563432e-01  -3.3097526e-01   1.1931904e-01  -1.3002834e-01  -5.7841983e-01   2.9696479e-01  -5.5098446e-02  -6.8277503e-02   5.0698090e-01   6.7792884e-02  -1.6841331e-02  -2.8754405e-01  -1.6573839e-01   1.8889141e-01  -1.7510438e-02  -5.6755250e-01  -1.2951801e-01  -4.3429515e-01  -2.6184023e-01  -5.6823838e-02   8.4981020e-02   4.5141444e-01  -4.5308426e-01  -4.1076846e-01   1.2883126e-01   5.4698264e-02  -4.4672394e-01  -5.0499315e-01   3.4995120e-01   1.9355536e-02  -2.7621560e-01   2.3113827e-01  -8.7784356e-02  -3.4096178e-01   1.1761707e-01  -2.9977815e-02
   5.0733975e-02  -8.3466961e-02   4.0888272e-02   2.3824019e-01   1.4307587e-02   1.8224100e-01   2.2030341e-01   3.8236959e-02  -2.1100218e-01  -2.8366091e-01   0.0000000e+00   9.2151995e-02  -2.5036843e-01  -1.4171750e-01   9.9863619e-02   2.9368132e-01  -1.3438186e-01   4.6139507e-01   3.5279628e-02  -8.7483843e-03   1.7527166e-01  -8.2174671e-02   1.3671726e-01   1.8502949e-02  -2.6783127e-02   6.0636193e-02   1.4456886e-01   2.2982046e-01   2.8365566e-03   7.6970159e-02  -1.0956581e-01   1.4747949e-01  -7.0055211e-02   3.4326032e-01  -1.3905852e-01   2.6885410e-01  -1.1810112e-01  -1.4632930e-01   1.5850064e-01   2.4899640e-01   2.1695545e-01   2.5450487e-01  -2.2732674e-01   2.3143689e-01   1.8372846e-01  -5.8416218e-02   4.4812379e-01   8.8707372e-02  -1.2447251e-01   1.2364168e-01   4.7321432e-01   4.0572830e-02  -9.7611773e-04   1.2798320e-01  -8.5520069e-02   5.1456257e-01  -1.3023981e-01   8.9448844e-02   9.4895240e-02   3.2224794e-02   1.9731770e-01   4.3443300e-02   5.7258419e-02   3.9795268e-02   2.7505867e-02  -2.1050103e-02   2.0428082e-01  -2.3618229e-01   4.5188765e-01  -1.1778601e-01  -7.1261271e-02   2.5772272e-01   7.3780270e-02  -2.1351921e-01   1.6181580e-01   8.3070203e-02   1.8275019e-01   4.8567532e-02  -2.3831072e-01   8.0512255e-02   1.5860444e-01   3.6930470e-01   2.7279214e-01   3.6795972e-02  -2.0669890e-01   1.0404997e-01  -2.2476724e-02   2.5950546e-01   3.0956211e-01  -2.5731827e-01  -3.5782306e-01   2.6557647e-01   1.5810370e-01  -2.7917775e-02  -2.4323461e-02  -2.9348188e-01  -3.2492590e-01   4.2989651e-01   2.3643774e-02   1.8223289e-01   6.6498497e-02   5.4480749e-01   2.8572576e-01  -7.7201425e-02   3.7163004e-01   1.1669523e-01   4.3933365e-01   5.7414434e-02  -1.9512399e-01   1.9218935e-01   4.8099648e-01   2.4891158e-01  -1.1311625e-01  -2.8792668e-01   4.2225252e-01  -1.9358330e-01   1.7840104e-01   1.6241957e-01   3.2030358e-01   2.4109790e-01   2.3784645e-01  -2.5415227e-01  -6.1728733e-02   5.2810540e-02  -1.8990734e-01   2.4256745e-01   4.4252426e-01  -1.4861474e-02   2.6310846e-01   7.8544245e-02  -1.3390598e-01   3.1246778e-01  -1.5187636e-01   2.8858991e-01  -1.5877375e-01   5.0820047e-03  -9.8071182e-03   1.5158534e-01   4.7683848e-02   2.6625564e-01  -5.8137688e-03  -2.5863195e-02   2.3445571e-01   2.2959660e-01   3.0409995e-01   2.1271679e-01   1.9976835e-01  -1.3947110e-02   1.5700463e-01  -2.0356845e-01   1.5198699e-01  -6.4511787e-02   2.9124588e-01   1.9220889e-01  -2.9987730e-02   1.3248674e-02   2.7228377e-01  -9.3173465e-02   3.3577455e-01   1.6782191e-01  -2.1006822e-01  -9.2521104e-02  -1.8930376e-01   2.7430149e-01   3.7044503e-01  -2.7334424e-04   4.5485255e-01   4.3208674e-01   3.3058975e-01   1.2703271e-01  -2.5742277e-01   1.3957388e-01   1.4397008e-01   4.2008130e-01  -4.8109359e-02   1.0141392e-01   3.8167189e-02
   6.7024937e-02   8.8465377e-01   2.8811529e-02  -7.3246900e-02   9.6857460e-02   3.0847667e-01   5.5076583e-01  -4.6722826e-01   3.7544759e-01   3.1131707e-01   9.2151995e-02   0.0000000e+00  -1.4880825e-01   1.4569328e-01   5.5967706e-01   2.4792012e-02  -1.9479854e-01   3.9364186e-01  -6.1580388e-02  -8.4456828e-02   1.6130280e-02   1.0150234e-01  -7.4555611e-02   2.3031848e-01  -2.7571028e-01  -2.5679786e-01   5.4722873e-02  -1.9325661e-01   6.0796495e-02   2.2575879e-02   3.4931859e-01  -9.8711965e-02  -9.6909962e-03   6.6549352e-01   5.1650815e-01   3.2755899e-01   4.7553606e-01   1.3116220e-01  -1.9775335e-01   1.3383295e-01  -6.5224848e-02  -1.3969478e-01   4.4273063e-01  -8.2849453e-02   9.1637659e-02  -7.1124780e-02   2.0991510e-01   5.5554032e-01  -1.7647624e-01  -9.3599714e-02   2.8511473e-02  -5.3400613e-01   5.3863004e-01  -1.3375679e-01  -1.7696538e-03   3.1079398e-01  -4.4598033e-03  -2.3355813e-01  -9.5834105e-02   4.6694171e-01   1.0654748e-01  -3.5937249e-01   1.7502986e-01   1.4712352e-01   1.9962924e-01   6.0221972e-01   1.2667062e-01   1.6094460e-02  -1.7872390e-01   4.2638048e-01   1.8700367e-01  -3.9548318e-01  -1.4269876e-01   5.8752299e-01  -2.7768863e-01  -3.4144337e-01   7.4954077e-02  -2.9762192e-01  -3.8767344e-01  -4.7910944e-01  -1.7644859e-01  -1.1475144e-01   4.6476302e-01  -2.8232751e-01   2.7600724e-01  -1.3134379e-01   2.6825255e-01   8.0080336e-02  -7.1577810e-02   1.1435051e-01  -8.3471255e-02   5.5814689e-02   1.0666351e-01   2.0418050e-01   1.6285357e-01  -4.9478170e-01  -1.2529035e-01  -2.4100162e-01  -9.1910447e-02   2.2609740e-01   4.5888425e-01   1.4079921e-01  -4.4838568e-01   3.4653618e-01  -1.9055120e-01  -3.2499841e-01  -1.3858856e-01  -4.5437721e-01  -1.1652367e-02   5.9113147e-01   5.4642903e-01  -1.5649748e-01  -3.7995189e-01   1.3001374e-01   2.0168126e-01  -2.7966822e-01  -5.1157305e-02  -1.4562692e-01   3.1730551e-01   2.2236602e-02   2.8859496e-01  -4.5874034e-02   1.5620878e-01   2.1803113e-01  -2.4867579e-01   5.1886782e-01   2.1135063e-02  -3.7472782e-01  -2.7144335e-01   4.1807320e-01   9.1932734e-02   5.3537132e-01   3.4521995e-01   4.8723619e-01  -1.8128781e-01  -6.0825469e-01  -4.5709991e-01   3.1519066e-01  -4.3764769e-01   1.2857250e-01   2.1596785e-01   1.6476406e-02  -1.8313093e-01   5.5883841e-01   2.2429532e-01  -2.4952785e-01   4.5571812e-01   4.1856845e-01   4.1776035e-01  -2.8015840e-03   2.9781208e-01  -2.2332955e-01   5.7693469e-02  -1.0256350e-01   1.0699512e-01   2.9290875e-01  -4.3571115e-02  -7.1162585e-02   1.0224190e-01  -2.9274556e-01  -9.0325647e-02  -2.6779734e-01   4.4492732e-01  -4.0378866e-01   1.5747305e-01   4.0656715e-03  -5.4628373e-02  -6.3836658e-02  -4.4437592e-02   3.1740120e-01  -3.7784696e-01   2.1090908e-01   4.2788266e-02   5.1735741e-01  -2.0399778e-02   3.2386016e-01   4.1417590e-02
  -9.9441141e-02  -9.7484648e-02  -2.9314316e-01   2.7674772e-01   2.3584167e-01  -1.3710741e-01  -1.8815241e-01   8.0642536e-03   3.4528191e-01   4.6900525e-01  -2.5036843e-01  -1.4880825e-01   0.0000000e+00   1.9018834e-01  -1.2832623e-01  -7.0900199e-02  -1.1772217e-01  -1.4970790e-01   4.0022836e-01   4.0343339e-01  -1.4781248e-02  -1.8165669e-02  -1.9762968e-01   2.3362328e-02  -3.6256919e-01  -1.2386800e-02  -1.4977470e-01  -1.9074771e-01  -1.9260848e-01  -1.8256375e-01   4.6836187e-02  -4.5451572e-01  -3.4099974e-01  -8.8818749e-02   3.3553800e-01   2.2526801e-01  -6.7073245e-02  -1.5374051e-01   1.3004430e-01  -2.1904532e-01   4.2173642e-01  -5.2155777e-01   3.6762510e-01  -2.3674995e-01  -1.4776352e-01  -1.9069721e-02   9.2318064e-02  -3.1341631e-01   1.0741863e-01  -1.5467983e-01  -1.4648283e-01   2.7855113e-02   2.0475918e-01  -6.1450678e-02   5.6107231e-01  -3.7827714e-01   1.7155725e-01  -2.1147065e-01   1.5850407e-01   8.0016797e-02  -4.6998381e-01   1.1729602e-01  -1.9627628e-01   1.7484095e-01   1.5976877e-01   1.8212704e-01  -2.8663285e-01  -4.7173842e-01  -3.8626502e-01  -1.2407927e-01   2.3409528e-01  -1.9096357e-01   5.5982285e-01  -1.6479566e-02  -4.8195244e-01   9.2246251e-02  -5.5506459e-01   2.5827870e-01   2.4535362e-01  -2.5768342e-01  -2.7290682e-01   7.5250688e-02  -2.7191978e-01   1.3867707e-01   2.0434859e-01  -9.1005770e-02   4.9063220e-01   1.9046147e-01   1.5241366e-01   1.1395593e-01  -2.2082813e-01  -2.8794378e-01   3.4390777e-01   5.7098388e-01  -3.6613724e-01   2.4178178e-01  -1.6831410e-01  -3.3648608e-01   4.1495005e-01   1.1259654e-01   3.0209172e-02  -1.4828469e-01  -3.1834122e-01   2.7507283e-01  -6.1259603e-02   1.3325718e-01  -2.7226837e-01  -1.5286453e-01   1.2780338e-01  -2.1867009e-01  -1.1335938e-01  -2.2138448e-01  -1.5883158e-01   2.2660885e-01  -2.0624516e-01   3.2753187e-01  -4.4700685e-02   3.0278090e-01  -3.7545977e-01  -9.5596835e-02  -5.9678608e-01   3.7860958e-01  -3.7583860e-01   5.6182397e-02   1.9873883e-01  -1.1983674e-02  -1.8805029e-01  -1.7770102e-01   2.5372681e-01  -1.9025248e-01  -1.6046999e-01   3.6818877e-03  -3.7720377e-01  -3.7535523e-01  -3.1600345e-01  -8.6544974e-02  -4.1134011e-01  -1.8190915e-01  -7.6800359e-02  -3.8102575e-01   3.2665670e-01   6.6562702e-01  -3.2946717e-01  -1.0081646e-01  -1.9330563e-01  -2.1384180e-01  -1.8628095e-01  -1.0642290e-01  -2.2735590e-01   5.9233428e-01  -1.5003009e-01  -1.0970622e-01  -3.7874137e-01  -2.7655115e-01   7.8108410e-02  -2.1798571e-02  -4.3120238e-01   2.7951452e-01  -3.9680096e-01  -2.4056253e-01  -2.9327843e-01   1.3097971e-01   3.9380737e-01   2.0606530e-03  -4.0457119e-01   3.3705728e-01  -5.0615352e-02  -2.6591571e-01  -2.8854681e-01   1.7648124e-01   4.3412555e-02  -5.8679356e-01   4.1598596e-01  -2.1422765e-01  -4.9241403e-01   1.4312660e-01   3.1057454e-01
  -3.2140387e-01   2.8049373e-01  -2.1972188e-01  -1.0847448e-01  -3.3210653e-01   2.1746150e-02   4.5845432e-01  -2.9733222e-01   1.9978993e-01   2.8024750e-01  -1.4171750e-01   1.4569328e-01   1.9018834e-01   0.0000000e+00   4.5018649e-02  -2.2741918e-01  -3.4824992e-02   1.3483939e-01   7.1798820e-03  -4.6401729e-01   3.9070587e-01   1.0209432e-02   3.4940201e-01  -1.0478407e-01  -4.9122706e-01  -2.0224854e-01  -9.9893873e-02   2.4696618e-02  -1.6241963e-01   2.3751395e-01   4.9719260e-01  -2.2306103e-01  -2.0379476e-01   2.2562252e-01   1.5312376e-01  -2.1653354e-02   3.0413647e-01   7.4517607e-02  -1.7434031e-01  -3.3049174e-01  -3.2012392e-01  -3.5077794e-01  -8.7731935e-02  -3.4706317e-01  -2.6677012e-01   2.2775454e-01  -1.5856560e-01   5.4340764e-01  -2.4345321e-01  -4.8654640e-01  -1.1763821e-01   7.6937025e-03   2.9026480e-01  -3.2051990e-01   4.7833154e-01  -7.2798193e-02  -8.4570669e-02   1.1854133e-01   2.9742336e-01   7.8130616e-02  -2.2804158e-01  -9.4604753e-02  -1.5579024e-01   1.9013368e-01   1.0717732e-01   2.8086393e-01   1.1815736e-02   1.3624912e-02  -3.3836127e-01   2.3308033e-01   4.0151061e-02  -1.7138434e-01   1.7580969e-01  -3.8064140e-02  -6.1497184e-01  -1.3677961e-01  -8.6748952e-02  -9.3441746e-02  -2.7073201e-01  -2.0260100e-01   2.4773976e-01  -3.2025822e-01  -3.1285771e-01   1.5561899e-01   4.0319718e-01  -1.3690761e-01   2.3813906e-01  -7.3754380e-02  -1.3586426e-01   1.7153245e-01  -7.5311685e-03  -2.2580424e-01  -2.3534411e-01   5.9561086e-02  -6.3207381e-02  -2.9931105e-01  -3.2758932e-01  -6.5490909e-02  -2.0386170e-01   1.6119472e-01   2.4795413e-01  -1.5463999e-01   1.1706502e-01   2.9536052e-01  -2.2556954e-01   3.2222215e-02  -1.4888706e-01  -3.3963141e-02  -1.7832507e-02   4.5801673e-01   1.4414917e-02   1.2242030e-01  -3.0091209e-01   1.3493844e-01   1.4413252e-01  -2.0636419e-01   3.2840832e-02  -1.7107885e-01   1.6693290e-01  -6.2559738e-02  -2.3773324e-01  -2.3769386e-01  -3.4778499e-01  -1.2731641e-01  -1.0434451e-01   3.1174485e-01  -4.3829678e-02  -4.9092013e-01   6.0770066e-02  -9.5347688e-02  -3.1345906e-02  -3.0186732e-01   2.1026307e-01  -5.0186393e-02  -3.5287008e-01  -1.9548456e-01  -2.7222028e-01   3.9121691e-01  -1.7548908e-01  -6.8696270e-01   1.5867862e-01   1.7103122e-01  -1.8675622e-01   2.6265165e-01   3.1565037e-01  -6.7700013e-03   1.9628067e-01   3.5561890e-01   3.6355249e-01   6.5659920e-01   1.8449731e-01   3.3564091e-01  -2.2318841e-01  -3.2098799e-01  -2.5688578e-01  -3.3425563e-01  -5.9047187e-01  -7.2472072e-02  -5.0339585e-01   4.5200333e-02  -3.6084010e-01  -1.4031242e-01   5.7736005e-01  -9.3100864e-02  -2.9885121e-01   7.7749375e-02  -2.4679103e-01  -5.2234815e-02  -4.9337804e-01  -1.1464455e-01  -2.5001357e-01  -2.1090267e-01   3.1863088e-01   1.2576861e-01  -4.1300248e-01  -7.1550325e-02  -3.0935583e-02
