   0.0000000e+00  -2.8153139e-01   3.4234421e-01   1.6426844e-01   1.2081958e-01   2.5565335e-01  -2.8395913e-01  -7.5837414e-02  -2.0305165e-01   1.9803402e-01  -2.0075568e-01  -1.7354763e-01   1.6874946e-01   3.1910479e-01   9.3112694e-02  -2.5311040e-01  -1.5479595e-02   2.5328578e-01  -4.4149153e-01   7.7739365e-02   3.9437297e-01   2.5334947e-01   3.5585147e-01  -9.9926567e-02  -7.8837499e-02  -2.3829855e-01  -3.1868523e-01   7.5130293e-02  -1.2900638e-01  -9.1484460e-02  -6.0757017e-03  -5.1812942e-02   3.8114145e-03   5.3242650e-01   1.5285524e-01   3.1264970e-01   1.2948705e-01   3.5112418e-01  -3.8751382e-01  -1.0322309e-01   4.1844120e-02   5.1507753e-02  -3.7319361e-01  -1.2426510e-01   7.9269057e-02   5.1276264e-01   4.5199191e-01  -2.6310756e-02   1.1343849e-01  -2.0301768e-01   2.6469322e-01  -7.9403630e-02  -6.1743164e-02   6.0963345e-02  -2.5823966e-02  -1.8957103e-01  -2.6536959e-01   1.5279269e-02   1.9347873e-01  -7.9736611e-02  -3.6846216e-01   1.0367425e-01   2.1159901e-02  -1.3096980e-01   2.6184567e-03   2.9228577e-01   4.9068593e-01  -3.7680149e-01   4.3298668e-01   1.2424185e-01  -4.5456789e-02  -1.2222552e-01  -1.0586751e-03  -2.1686620e-01   1.3181213e-01   1.4930609e-01  -3.3926510e-01   2.7618625e-01   3.7211225e-01  -8.0834195e-02  -6.7848791e-02   3.6671138e-02  -4.5656883e-03   5.8461725e-02   1.1997045e-01   1.4064803e-01  -4.8880510e-02   1.9135910e-01   2.6971358e-01   3.1768081e-01   8.8662636e-02  -1.2107117e-01   3.4031174e-01  -1.3369416e-02   2.6481387e-02  -1.8896128e-03   6.4659405e-02  -2.5989446e-01   1.3378199e-01   1.6795740e-01   3.1839314e-02  -4.8197391e-01   1.2459175e-01  -1.8581739e-01   3.8602019e-01  -8.5771755e-02   4.6526005e-02   7.4601303e-02  -1.0376727e-01   4.1612146e-01  -1.3450337e-01  -1.2397337e-01   1.4294091e-02   2.2480030e-01   1.5280141e-01   2.0976663e-01  -1.3517637e-02  -1.4566506e-02   6.0881805e-02  -6.1278448e-02   3.8014376e-01   1.5155401e-01  -1.4598978e-01   1.6536300e-01   4.9087388e-01  -8.4741387e-02  -9.1772539e-02  -1.5016934e-01  -1.1425412e-02   6.6110538e-02   4.3867557e-01   4.7922262e-01  -5.5871035e-02   3.3519286e-01   7.0131164e-02  -1.1471937e-01   9.2311048e-02   2.6606442e-02   1.9962970e-01   4.9417981e-01   4.3480872e-01   1.7158594e-01  -3.3525177e-01  -2.5468523e-01   1.8899785e-01   2.0974323e-01   4.3594971e-02   3.8236246e-01   1.8393366e-01   1.2942893e-01   2.0459105e-01   1.8469132e-02   5.4198301e-02  -4.0890873e-01  -9.6404258e-02  -1.8252470e-01  -2.3618267e-01   3.1594274e-01  -3.1275161e-01  -1.5437425e-01  -3.1195740e-01  -9.5537826e-02   1.1224244e-01  -7.3963680e-02  -9.3904338e-02   3.6732374e-01   1.0525311e-01  -9.8562525e-02   1.2964032e-02   5.2679473e-02   1.1014727e-01   1.5786556e-01  -3.0981061e-01  -4.6387705e-02   1.5042628e-01   1.4046495e-01  -1.1932661e-01
  -2.8153139e-01   0.0000000e+00   2.2411915e-01  -4.7731545e-02  -1.4847787e-01  -2.4156139e-01   6.1674210e-01  -3.8491837e-01   1.3882991e-01  -4.5704672e-02  -1.8954115e-01   5.2688027e-01  -2.2153143e-01  -1.4343135e-01  -3.7492526e-01  -2.0405436e-01   6.2867845e-01  -3.0473773e-01   1.6148857e-01   1.9131734e-02  -2.8726708e-01  -1.6549235e-01  -2.8824970e-01   1.8649103e-01   1.3502263e-01   1.3787132e-01   3.5632916e-01  -1.4652221e-01  -1.9467921e-01   1.7845203e-01  -1.4661939e-01  -7.7686664e-02   7.3877401e-03  -9.9220269e-02   3.6466661e-01  -2.1411885e-01  -3.4582934e-03  -2.0737425e-01   1.3123772e-02   5.2310055e-01  -1.8521460e-01  -1.6240039e-01   3.2284184e-01   4.6000168e-02  -3.7165122e-01  -1.7010775e-01  -4.3156522e-01   4.4445078e-01  -6.7074955e-02   4.8674874e-01  -3.7020338e-02  -4.2708080e-02   5.7892095e-03   1.6082114e-01   1.7032357e-01  -1.4205962e-01   1.9741261e-02  -6.4807797e-02  -2.3704615e-01  -1.5015129e-02   3.6164357e-01  -8.2143322e-02   1.8436235e-01  -1.6427764e-01  -1.3463939e-01  -3.1601793e-01  -1.0452777e-01   1.2190342e-01  -4.1542545e-01   4.3240430e-02   5.0796099e-01  -1.4577318e-01   5.0854117e-02   4.0216958e-01  -9.5206405e-02  -1.8016938e-01   1.4158710e-01  -1.6243701e-01  -1.0966454e-01  -1.3528982e-01   1.8101646e-01   1.2712918e-01  -6.8672472e-02  -2.2100564e-01   4.5286759e-01  -2.4523696e-01   4.3106980e-01   1.4480971e-01   1.0320872e-01  -5.4531219e-02  -1.0033949e-01   1.5915729e-01  -1.1120596e-01   2.4012495e-01  -2.3900797e-02   2.7834536e-02   4.0734159e-02   1.2049311e-01   2.4422568e-02   3.8168244e-02   1.6825121e-01  -1.0125148e-01  -2.5929728e-01   3.0977461e-01  -4.5770382e-01  -1.0504222e-01   1.4912711e-01  -3.0944700e-01   1.8053283e-01  -2.3664560e-01  -1.7325285e-02  -2.7030808e-01  -3.9501048e-02  -9.9892963e-02   1.0267361e-01  -1.5024257e-01  -2.4639579e-01  -3.0582651e-02   1.4515973e-01   3.5516042e-03  -1.7020998e-01   3.1885425e-02   4.5087400e-02  -2.3472983e-01  -2.7784444e-01  -5.2120582e-03  -1.2376829e-01  -2.5732257e-02  -3.1307896e-02   2.7538488e-01  -3.0449352e-01  -2.6015811e-01   4.6591312e-01  -2.2288522e-01  -1.4575359e-01  -6.6203381e-02  -2.2382167e-01   1.1250296e-01  -3.9611591e-01  -1.3643336e-01   1.4194109e-01  -1.5878393e-01  -1.8317681e-01   1.3640053e-02  -2.1746015e-01  -3.0256957e-01   5.3963556e-01  -2.9553902e-01  -2.3618584e-01  -8.0740469e-02   2.1487839e-02  -1.3883334e-01   3.9052900e-02   3.7666038e-02   3.9781846e-01   2.7656465e-02   2.1741291e-01  -2.3248373e-01   9.6586987e-02  -2.7080723e-01  -6.4435741e-03  -5.9645917e-02   1.6844150e-02  -1.5615927e-01   1.1004936e-01  -2.1821629e-01  -9.9368570e-02  -1.5144431e-01   1.3131187e-02  -1.7253084e-01  -1.2011246e-01   1.6282188e-02   6.8172345e-02   4.2000841e-02  -7.5743712e-02   9.9852733e-02   5.9219877e-02
   3.4234421e-01   2.2411915e-01   0.0000000e+00   2.3153184e-01  -1.0940826e-01   2.0970455e-01   3.0952926e-01  -2.2046941e-01   6.5232983e-02   1.0022514e-01  -6.2164372e-01   4.2433815e-01  -1.8406473e-01   3.7117205e-01  -3.5790045e-01  -2.6763416e-01   6.2633217e-01  -1.2136864e-02  -1.0217111e-01  -5.4291949e-02  -3.6300573e-01   4.4995665e-01  -2.0748873e-01  -1.6967058e-01   1.4883577e-01   8.5891043e-02  -3.2233974e-01   2.3711023e-01  -1.1165824e-03   2.1692800e-01  -3.9597843e-01   1.5820871e-01   1.3707912e-01   1.5457925e-01   3.6986029e-01  -2.5085652e-01   2.8415241e-01  -2.4729541e-01  -3.6667989e-01   3.6222115e-01   6.9836336e-02   6.4681860e-02   2.2053266e-01  -2.5552625e-01  -1.0192563e-01   1.7980609e-01  -1.9092710e-01   3.5563323e-01   1.3419564e-01   5.0100320e-01   1.9455132e-01   1.9310400e-01  -4.2760044e-01   4.3871200e-01   1.2052220e-01  -3.1373504e-01  -9.8004955e-02   4.8806246e-01   5.2375657e-02   1.3655858e-01   3.0233048e-01   7.1582929e-02   1.8725742e-01  -3.9235273e-01  -1.8047772e-01  -2.4452212e-01   5.5680298e-01   5.2027026e-02  -1.3075418e-01   5.9446307e-01   4.5394742e-01   2.0962850e-01  -3.3877504e-01  -1.0150219e-01   1.2337674e-01   1.0783035e-01  -4.1749414e-02   7.6191805e-02  -1.3363804e-01   1.5741222e-01   1.8788860e-01   1.2069144e-02  -3.9578088e-01  -7.2449259e-02   5.9153142e-01   1.3517877e-01   4.2853539e-01   4.0110619e-01   2.6711914e-01   1.6700892e-01  -3.5562285e-01   3.9615977e-01  -1.2735624e-01   4.1178534e-01  -5.1294217e-01  -1.8985855e-02   3.6134050e-01   7.6117197e-02   3.0819806e-01   1.3786646e-01   4.2002527e-01  -3.8728326e-01  -6.4511927e-02   2.7919046e-01  -4.9024767e-02   2.9949996e-01   3.1265641e-01  -1.8958674e-01   3.6319786e-01  -1.9716683e-01  -3.6507499e-01   1.1949412e-01   9.7087659e-02  -4.5904330e-01   6.2923675e-01  -3.5162573e-01  -3.5337375e-01  -1.8532023e-01   3.9755129e-01   2.0602069e-01   3.4499123e-01  -1.6014047e-01   1.9346341e-01  -4.9495639e-01   3.0556740e-01   1.0795836e-01  -2.0323752e-01  -2.1158008e-02   3.0310032e-01   6.1438612e-01   3.4716187e-02  -1.3977294e-01   3.5021078e-01  -2.9369844e-01  -3.3666963e-02  -2.3977280e-01  -7.3141911e-02   3.7906855e-01  -4.0607900e-02   3.3876662e-03   2.5835137e-01  -1.8906781e-01  -3.1857778e-01   3.1570704e-01  -3.9960073e-01  -3.0541100e-01   6.9004939e-01  -3.0814173e-01  -3.3841552e-01  -1.4050965e-01   5.3805734e-01   1.0666715e-01   2.8592454e-01  -4.2444317e-01   5.0678685e-01  -4.4508455e-01   7.6516307e-02   9.7313424e-02   1.7787246e-01  -2.0783439e-01  -5.0240062e-02  -2.2877090e-01  -1.8308932e-01  -2.4405036e-02   3.6002171e-01  -2.4096288e-01  -3.1013659e-01   7.4154013e-02   5.1916718e-02  -4.7167281e-01  -3.7134669e-01  -1.4676355e-01  -9.9692789e-02   3.4056799e-01  -5.8602757e-02   3.7622048e-01   3.3518717e-01
   1.6426844e-01  -4.7731545e-02   2.3153184e-01   0.0000000e+00  -2.7098969e-01   2.0253950e-01   9.4204830e-02   1.6858867e-01   1.6312929e-01  -1.9497788e-01  -2.5684357e-01   2.9467358e-02  -2.6930487e-01   2.2636389e-01  -1.6852024e-01  -1.3141955e-01   2.0395694e-01   2.5495449e-01  -1.4216608e-01  -2.1992037e-01  -1.9799033e-01   4.8105634e-01   2.6538227e-02   7.2230053e-02   5.5320230e-02   2.5253780e-01   1.4972713e-01   1.9696686e-01  -4.4422507e-02   2.2378763e-01  -1.8488663e-01   3.4991003e-01   2.1452827e-01  -3.7634440e-02   6.4760746e-02  -1.7088587e-01   1.2954634e-02  -1.2549803e-01  -4.5717025e-02   2.4437532e-01   6.1663004e-02   2.2558532e-01   1.9688780e-01   5.8391991e-02  -2.7792013e-02   1.3216993e-01   1.9727280e-01   1.8925368e-01  -1.5263523e-01   5.6609430e-02   3.8084484e-01   3.7008303e-01  -3.7370503e-01   2.7281164e-01   1.9958229e-01  -4.7168792e-02   2.6896167e-02   4.2420908e-01   2.1316690e-01   2.1358856e-01   2.2298601e-01  -2.3380178e-01   1.5629946e-01   7.2112244e-03  -3.7801418e-01  -1.9426530e-01   3.2656097e-01   4.3188185e-01   8.8694053e-02   3.8717647e-01  -2.7947986e-02   1.4710497e-01  -2.6445613e-01  -1.0273170e-01   9.2132253e-02   3.1553837e-01   7.6564154e-02   1.1116820e-01  -1.2434613e-01  -1.4420726e-01   3.0917633e-01   1.9083011e-01  -1.0071688e-01   2.7321785e-01   3.7843151e-02   3.7481063e-01  -1.5405689e-01   1.4402608e-01   3.5599892e-01   9.3513499e-02  -3.6335432e-01   1.5262157e-01  -1.4945189e-01   3.2235968e-01  -2.6269410e-01  -2.5672927e-01   2.7443915e-01   1.0617996e-02   8.1455386e-02  -6.7886981e-02   1.6765037e-01   1.1474257e-01   4.2119405e-01   3.4584429e-01   5.1239230e-03   2.8102969e-01   3.7308740e-01   1.2973354e-01  -7.8939322e-02  -1.5892753e-01  -3.0617319e-01   2.4327643e-01   5.0640882e-01  -2.2948442e-01   3.0601745e-01  -2.9065535e-01   4.1198577e-02  -1.8152910e-01   2.9689744e-01   5.2318608e-01   2.0123466e-01  -2.0125939e-01  -1.5451066e-01  -3.1027194e-01   1.0338898e-01   1.7133396e-01  -3.1443085e-01  -7.0637236e-02   5.4763934e-01   3.3029097e-01  -1.8550362e-01  -1.6020868e-01  -1.4988107e-01  -1.8347256e-01   1.7841121e-01   2.3266604e-01  -9.9403075e-02   2.7182993e-01   4.0468824e-01  -1.1780877e-02   1.8528363e-01  -1.3889958e-01  -4.3652481e-02   2.9683923e-01  -2.4487277e-01  -7.4390918e-02   8.8055443e-02  -2.8967885e-02  -2.2070344e-01  -3.3541919e-01   1.4500159e-01   4.1246106e-01   2.6690400e-01  -3.4392736e-01   9.6881386e-02  -1.8904328e-01  -1.4035919e-01   2.7867717e-01   9.5237511e-02   2.8190262e-01   2.4896437e-03  -4.9521137e-02  -2.1298888e-01   3.5764380e-01   4.5354186e-01  -2.6175376e-01  -2.8771462e-01   3.9194624e-01   1.5013845e-01  -3.3245994e-01  -3.4350572e-01  -3.4664590e-02   1.4056112e-01   2.7583460e-01   2.3183699e-01   1.4447014e-01   3.4966426e-01
   1.2081958e-01  -1.4847787e-01  -1.0940826e-01  -2.7098969e-01   0.0000000e+00  -4.1812103e-01  -3.6996314e-01  -1.5957774e-01  -5.1560030e-01   7.5274843e-01   7.6191778e-02  -3.1220149e-01   5.5620969e-01  -2.3910273e-01  -1.1881628e-02  -2.0980145e-01  -1.9168809e-01   3.5117072e-02  -2.2566750e-01   8.9917256e-01   4.9444489e-01  -2.6792797e-01   5.3328103e-01  -4.8673158e-01  -7.2237263e-02  -4.0503278e-01  -4.1467963e-01  -2.0201073e-01  -9.9782727e-02  -3.2753944e-01   1.2434333e-01   2.4165697e-01  -4.3822302e-01   4.0783969e-01  -3.3608505e-01   6.7649422e-01   4.2937957e-01   9.7058613e-02  -2.9696666e-01  -2.9194303e-01   4.5286654e-01  -3.8963434e-01  -1.8557219e-01   8.3042038e-02   6.9004023e-01   8.9125926e-02   9.7167804e-02  -4.0122353e-01   5.3586877e-01  -4.4290304e-02   2.1849333e-01  -4.3835555e-02   2.0097354e-01  -3.8850442e-01  -4.7363348e-01  -2.3140750e-01  -1.1422746e-01  -1.0093064e-01   9.2911819e-02  -4.8003068e-01  -3.7560655e-01   4.2810114e-01  -2.7564326e-01  -2.4574621e-01   7.0294636e-01   7.5689926e-01  -1.0051853e-01  -2.7687573e-01   7.3034154e-02  -4.1821450e-01  -2.2991013e-01   2.5625836e-01   3.5304496e-01  -5.1639701e-01   1.5173756e-01  -4.3610107e-01  -3.6761170e-01  -6.3402281e-02   6.8696719e-01   1.3927454e-01  -4.4430393e-01  -1.9373023e-01  -6.3154217e-02  -4.2676988e-01  -1.8988560e-01  -2.7310874e-01  -2.3625525e-01  -6.1243333e-01  -1.2916314e-01  -1.6321294e-01   8.0991942e-01  -2.5424765e-01   3.9202308e-01  -3.3548544e-01   2.5369894e-02   8.1703611e-01  -6.7715494e-02  -2.8570825e-02   1.7570730e-01   7.1365735e-01  -6.0162110e-01  -5.1261980e-01  -3.5046172e-01  -4.1149579e-01   4.7749447e-01  -3.6042695e-01  -3.7979681e-01  -2.6220240e-01   2.4187519e-01   4.3968044e-01   9.6168658e-02  -3.8572404e-01  -4.9494560e-02   1.3499282e-01  -3.0044401e-01   4.1091485e-01  -2.2969452e-02   5.9315268e-01  -4.6935851e-01   1.5246550e-01  -1.9000722e-02   7.7989176e-01   1.9172000e-01   3.0821264e-01   1.7202217e-01  -6.1294154e-01   5.2575638e-01  -2.9614844e-01  -5.6082835e-01  -4.0011366e-01   4.3667046e-01   3.7863849e-01  -3.0891771e-01   3.1729010e-01   1.6708764e-01  -3.7565781e-01   5.3197300e-01  -4.2184574e-01  -3.9677482e-01   8.8197982e-02   2.1732005e-01   3.1562336e-01  -3.3790999e-01  -4.2297752e-01   5.3632901e-01   7.4972354e-02  -1.8654580e-01   5.6884677e-01   5.1390569e-01   6.0647255e-01  -3.9984490e-01  -3.9025464e-01  -4.6122330e-01   1.2275837e-01  -2.8426787e-01  -1.8457027e-01  -1.4201156e-01   7.1199781e-02  -2.5774731e-01  -2.8232826e-01  -1.0609205e-01  -5.5052707e-02   7.6113357e-01  -5.4129855e-02  -2.7038450e-01   4.9575972e-01   2.5487914e-01  -2.5859662e-01  -2.2722151e-01   2.5949702e-01   6.7102190e-01   4.1229114e-02   2.5650449e-01  -2.3858094e-01   1.4015621e-01  -2.5008353e-01  -4.8588743e-01
   2.5565335e-01  -2.4156139e-01   2.0970455e-01   2.0253950e-01  -4.1812103e-01   0.0000000e+00   4.7989027e-02   3.1963463e-01  -4.0625581e-02  -2.8671422e-01  -6.8468339e-03   7.4793685e-02  -2.6745174e-01   2.3939390e-02   2.9066739e-01   1.0251237e-01  -2.3522883e-02   2.9148400e-01  -5.2788778e-02  -3.8185489e-01  -1.1070007e-01   2.6580833e-01  -1.2643985e-01   2.1726730e-02   1.7770880e-01   1.8612813e-01   1.0178277e-01   4.4615031e-01   3.2820384e-02   1.1689661e-01   2.5701455e-01  -1.6234586e-01   3.3898983e-01   8.1454711e-02   2.6253949e-01  -1.6882083e-01  -1.4793603e-01   1.1832587e-01  -1.2219631e-01   2.7089575e-02  -3.3897305e-02   2.6450987e-01   3.7592918e-02   2.0857818e-02  -1.3354079e-01   2.6692874e-01   2.7819199e-01   3.6405253e-03  -2.5448912e-01  -1.3168170e-01   1.9691356e-01   3.8014246e-01  -7.7794935e-02   2.6499323e-01  -1.0663765e-02   2.4192992e-01  -5.4401192e-02   2.2023974e-01   1.2279127e-01   6.9190148e-02   1.0584945e-01  -2.3591156e-01  -1.1631022e-01  -5.3847788e-03  -2.5160615e-01  -2.0858691e-01   6.0753369e-01  -5.7634777e-02   5.7692918e-01   4.0003402e-01  -2.5233172e-01   2.6053637e-02  -7.2633449e-02  -2.9777612e-02   2.3830864e-01   4.2152491e-01   1.1222927e-01   2.4857315e-01  -1.9275084e-01   1.6344199e-01   3.3923034e-01   2.6831139e-01  -5.5022602e-03   5.0333663e-01   2.2182381e-01   3.6339805e-01   8.8257638e-02   1.6236840e-01   1.5242526e-01   1.8626499e-01  -3.9091844e-01   2.3356774e-01   4.9704748e-02   3.8250578e-02   1.4292611e-02  -4.3364987e-01   1.9503173e-01   5.4655068e-02   1.6356747e-01  -3.1543791e-01   8.9438181e-02   5.5131288e-02   3.4724759e-01   2.1100378e-01   1.6128092e-01   2.1810648e-01   2.2545003e-01   4.6390513e-01  -1.9611592e-01   6.3045812e-02  -1.0018645e-01   4.5084499e-01   4.0533392e-02   1.2604806e-01   2.1267198e-01  -5.8871242e-02   2.6568587e-01  -1.7466121e-01   3.3074127e-01  -1.2206133e-01   1.5959326e-01  -5.1983057e-01   2.4752448e-03  -2.0338683e-01   4.7767899e-01   3.3432984e-01  -3.2314363e-02   1.7106114e-01   1.9565508e-01   2.1627144e-01  -8.8600609e-03   1.7468134e-01  -2.3487986e-02   7.9709694e-03   2.6010652e-02   2.0052886e-01  -1.6237368e-01   1.6210929e-01   6.4729331e-01   1.4415879e-01  -2.0363927e-01  -1.4071055e-01   2.5921363e-02   4.2758647e-01  -1.6356275e-01   5.4316584e-02   4.2504982e-02  -5.2166010e-02  -1.1255986e-01  -4.1709908e-01   4.1349402e-01   4.3567809e-01   1.2649702e-01  -2.2333232e-01   3.9610855e-01  -2.0725332e-01   1.7559046e-01   8.4613266e-02   2.3167742e-01   4.9179612e-01  -1.3561025e-01   1.3458510e-01  -4.3216481e-01   1.9095732e-01   2.9761402e-01   6.2896379e-02   4.1135031e-02   3.0474358e-01   1.1316190e-01  -3.5445088e-02  -2.8078768e-01   8.0920707e-02  -2.1366551e-01   4.9375257e-01  -2.9347580e-02   1.0357614e-01   1.9109672e-01
  -2.8395913e-01   6.1674210e-01   3.0952926e-01   9.4204830e-02  -3.6996314e-01   4.7989027e-02   0.0000000e+00  -1.2751641e-01   1.5945692e-01  -1.6373363e-01  -1.6005571e-01   5.4796620e-01  -1.7897836e-01   7.9405707e-03  -8.1487451e-02   2.9028576e-02   5.6665779e-01  -1.4996955e-01   3.1811210e-01  -2.2620427e-01  -4.6576225e-01   5.4304709e-02  -4.2252614e-01   9.5522760e-02   6.9638864e-02   4.7797298e-01   3.4608935e-01   5.5174214e-02   1.3790393e-02   1.9024517e-01  -4.4787579e-02   3.2923755e-02   8.6449025e-02  -1.7737869e-01   3.3214166e-01  -2.9361296e-01   1.0369109e-01  -2.6255064e-01   5.0375878e-02   6.5704910e-01  -7.6484281e-02   1.7809651e-02   3.3441065e-01   1.2806983e-01  -2.8020966e-01  -2.8932497e-01  -3.6120346e-01   3.5458638e-01  -5.4226826e-02   2.5912961e-01  -6.5701124e-02   1.6735145e-01  -2.0968118e-02   1.2737965e-01   2.9250567e-01   8.1376634e-02  -8.0510354e-02   1.8747385e-01  -5.4078238e-02   2.2769519e-01   3.4528212e-01  -1.0718381e-01   2.0670921e-01  -3.9341024e-02  -2.4596650e-01  -4.1187788e-01   1.4082097e-01   1.4331295e-01  -3.3005108e-01   1.7321262e-01   3.2531094e-01   8.1589765e-03   5.8707397e-02   3.6243762e-01  -4.0790366e-02  -2.2507043e-01   8.2013767e-02  -7.0825950e-02  -3.8288085e-01  -3.9214508e-02   6.8401076e-01   2.7603087e-01  -6.1449491e-02   4.8344015e-02   2.1551264e-01  -1.5987312e-01   5.4963965e-01   3.3291607e-01   2.5710067e-02   1.2781881e-01  -3.0403652e-01   7.4343297e-02  -1.5855615e-01   4.1262204e-01  -1.0174649e-02  -1.7640254e-01   6.6488710e-02   4.1395409e-01   8.6210297e-02  -1.0546471e-01   2.3586701e-01   2.1484395e-01  -1.0789366e-01   3.6133939e-01  -2.5540634e-01   2.3102573e-01   2.4218080e-01  -6.9644689e-02   8.2142980e-02  -3.3735459e-01   1.1586108e-01   7.0524172e-02   1.0402298e-01  -2.2416950e-01   2.4604030e-01  -2.2740259e-01   1.9641285e-02  -2.1305420e-02   2.7496278e-01   8.1732002e-02  -3.1167539e-01  -2.6988652e-01   2.2036930e-01  -3.8404603e-01  -1.7484554e-01   2.9621467e-01  -1.6977474e-02   1.2770597e-01   1.4644067e-01   3.2078670e-01  -5.4940002e-01  -2.8151427e-01   2.9266917e-01  -3.8640167e-01   2.1092010e-02   1.0585495e-01  -1.7301144e-01   2.4689829e-01  -9.4814999e-02  -1.6500510e-01  -1.3825476e-02  -1.9163027e-01   1.1932838e-01   2.7414398e-01  -3.3610591e-01  -2.3608888e-01   5.4320420e-01  -4.9526552e-01  -2.6170478e-01  -2.6328241e-01   1.7876070e-01   2.8853821e-01   1.5826106e-01   1.3464983e-01   4.4830995e-01   2.9687573e-02   2.1125174e-01  -9.5031411e-02  -9.9387758e-03   3.7917581e-02  -3.6513683e-02   1.4389260e-02  -1.1883141e-01  -2.6356224e-02   4.1622261e-01  -3.2236229e-01  -2.0853050e-01   1.1788309e-01   1.1197761e-01  -1.5908348e-01  -2.7626694e-01  -1.6300933e-01   8.6040063e-02   7.9857647e-02  -2.8489068e-01   1.8561331e-01   2.0191325e-01
  -7.5837414e-02  -3.8491837e-01  -2.2046941e-01   1.6858867e-01  -1.5957774e-01   3.1963463e-01  -1.2751641e-01   0.0000000e+00  -9.1966418e-02  -2.0551282e-01   4.1435163e-01  -2.2538556e-01  -2.9226657e-02  -3.7767479e-02   2.6316435e-01   2.2480059e-01  -3.1612349e-01   9.6390157e-02   2.2372696e-01  -2.2306946e-01  -6.9950269e-02  -1.6738163e-01  -2.7985751e-01   1.2031741e-01  -3.3342375e-02   3.6041902e-01  -4.5566902e-02   2.5120392e-01   5.0206309e-01  -1.9560903e-01   4.2173736e-01  -2.4634627e-01   3.8262067e-01  -3.7175808e-02  -5.6768248e-03  -1.2132521e-01  -3.1407883e-01   3.4271780e-01   7.0127884e-02   8.5331440e-02  -1.1167835e-01   5.1352854e-01  -1.1158705e-01   6.1350678e-01   7.2254879e-02   1.0938385e-01   1.9887741e-01  -3.0541730e-01  -8.2393898e-02  -1.7828177e-01  -2.1608869e-01   4.8429945e-01   1.3492857e-01   4.8623931e-02   6.4752199e-02   6.6331385e-01  -1.4634230e-01  -1.8286879e-01  -7.7743503e-02  -2.7273910e-02  -5.2831187e-02   2.1717488e-01  -1.6379655e-01   5.6491860e-01   7.1281636e-02  -1.6262844e-01   1.4281015e-01  -1.0699704e-01   3.8479736e-01  -1.4239879e-01  -4.4096986e-01  -1.8787733e-01   1.5704059e-01  -1.5467537e-01   2.3162943e-01   2.0074213e-01   1.3677580e-01   5.5267705e-01  -2.7145960e-01   1.0653568e-01   3.9156713e-01   1.5047460e-01   5.3099201e-01   6.4628850e-01  -3.5432642e-01   1.8651689e-01  -1.9591664e-02   9.2472064e-03  -1.5600570e-01   2.9881823e-01  -1.9336603e-01   1.8854593e-02  -7.1438120e-02  -1.2619543e-01   1.9387672e-01  -7.0072613e-02  -1.3869838e-01   3.4933305e-01   3.8938492e-02  -3.8304099e-01  -1.5089299e-01   2.7142755e-01   4.1314698e-01  -7.1801253e-02   3.1462447e-03   3.1788538e-01   2.3088253e-01   7.5773295e-01  -2.2706756e-01  -5.4423969e-03   1.4169510e-01   5.6082453e-02  -1.0367414e-01   7.1286021e-02  -2.9528549e-01   2.9664589e-03   6.8471417e-01  -1.4403863e-01  -2.5196639e-01  -1.9489296e-01   1.5127236e-01  -3.5700161e-01   1.3646880e-01   1.8520915e-01   2.3673146e-01   2.3043865e-01  -1.9102422e-01   3.5080104e-01   1.2464264e-01  -7.0174693e-02   6.3900094e-02  -3.4463618e-03  -4.8543028e-01   5.6469323e-02   2.3003053e-01   6.5329328e-01   3.1196006e-01  -2.7930471e-01   4.6914418e-01  -7.1095157e-02  -2.2045564e-01   2.6715356e-01   5.4479507e-01   9.1071390e-02  -7.3736921e-02   1.9288758e-01  -5.3714669e-01  -5.7636045e-02  -1.9104788e-01   9.0867037e-03  -1.3242422e-01   4.7171595e-01   2.1043352e-01   4.4378677e-01  -2.1008133e-01  -3.0775974e-02  -1.6998422e-01  -7.0441125e-02   3.5917979e-01   7.2429779e-01   1.9984765e-01   6.7672489e-01  -2.5491104e-01   1.2742815e-01   1.4274471e-02   3.1201904e-02   2.9067246e-01   1.3206904e-01  -7.8926260e-02   1.9535440e-01  -2.3251508e-01   1.1364013e-01   1.7216793e-03  -1.9796832e-02   1.5968236e-01   2.4314250e-02  -1.1577671e-02
  -2.0305165e-01   1.3882991e-01   6.5232983e-02   1.6312929e-01  -5.1560030e-01  -4.0625581e-02   1.5945692e-01  -9.1966418e-02   0.0000000e+00  -4.3481894e-01  -2.6752134e-01   2.1569344e-01  -2.4427581e-01   3.0803486e-01  -3.4203660e-01   2.8397108e-02   8.1835247e-02   9.3555555e-02  -1.2165183e-02  -4.9673627e-01  -4.6120867e-01   4.5531262e-01  -4.5390186e-01   2.6977084e-01   3.0208576e-01   7.2974971e-02   2.3485272e-01  -1.3208784e-01   2.9607757e-02   3.9915344e-01  -4.1331659e-01   1.9413724e-01   4.0360302e-02  -5.0548660e-01   2.7677995e-01  -5.4746875e-01  -3.0257528e-01  -4.5873910e-01   2.6291742e-01  -7.9356361e-02  -1.2575854e-01  -1.3421051e-01   3.0578613e-01  -2.1097828e-01  -3.4690331e-01  -2.8016518e-01  -3.8200302e-01   3.1039928e-01  -4.2400521e-01  -5.5153445e-02   8.1462441e-02   1.6586689e-01  -4.8599704e-01   2.5938507e-01   1.5858825e-01  -9.8261328e-02   3.1268005e-01   3.2374103e-01  -6.4230557e-02   6.2216937e-01   2.5204073e-01  -2.2821391e-01   2.8947353e-01  -1.7613785e-01  -4.2570425e-01  -5.4118087e-01  -1.0973835e-01   4.4082022e-01  -4.1927863e-01   2.8503121e-01   1.9062131e-01  -4.0074845e-02  -5.4505441e-01   4.3963850e-01  -1.2837633e-01   2.4013847e-01   2.4558799e-01  -2.7419536e-01  -5.1500941e-01   5.4391280e-02   1.4969493e-01   1.2521236e-01  -2.7937930e-01   6.5702329e-03   3.4329129e-02   3.7501998e-02   5.7190236e-02   3.7534543e-01   2.9316288e-01  -6.2275568e-02  -5.3651243e-01   1.6209642e-01  -5.9692492e-01   5.0160099e-01  -2.7825155e-01  -4.9111121e-01   3.5786676e-01  -7.5274651e-02   1.0924525e-01  -3.3974720e-01   3.5420112e-01   2.7862073e-01   2.9694070e-01   4.0177036e-01  -3.7630270e-01   3.0589714e-01   1.1575957e-01  -1.4879580e-01   2.2119927e-01  -5.3284565e-01  -3.4828869e-01   2.3203772e-01   2.5798230e-01  -2.6853846e-01   2.9583126e-01  -5.6327733e-01  -2.0718960e-01  -4.2046914e-01   5.0382375e-01   6.2836892e-02   4.1736579e-02  -3.3241049e-01  -1.6495010e-01  -1.6929903e-01  -3.7996522e-01   3.8265482e-01  -3.9249115e-01   9.2310504e-02   6.1826466e-01   1.2317682e-01  -5.3332534e-01  -5.5136009e-01   3.0020415e-01  -3.9624993e-01  -2.1771153e-01   1.5064571e-01  -4.0022560e-01   4.8344991e-01  -4.7973795e-02  -1.7869873e-01  -2.1228096e-01  -1.7341169e-01   1.1882369e-01   3.2877002e-01  -5.8593268e-01  -2.5354813e-01   1.4075812e-01  -5.0799547e-01  -4.6222073e-01  -5.7091549e-01   1.9117722e-01   1.0877533e-01   2.9047568e-01  -3.0956139e-01  -1.0236855e-02  -1.3079823e-01   1.7008735e-01   1.7588971e-01   6.6476378e-02  -1.1440404e-01   2.5163140e-02  -2.5141992e-01  -3.5678773e-01   8.1158000e-02   2.1153910e-01  -6.4446288e-01  -4.3005179e-01   1.4094766e-01   3.3857801e-01  -5.4494578e-01  -5.4797304e-01  -3.1323680e-01   4.4997988e-03   4.9509234e-02  -7.0297761e-02   9.6081787e-02   4.6811003e-01
   1.9803402e-01  -4.5704672e-02   1.0022514e-01  -1.9497788e-01   7.5274843e-01  -2.8671422e-01  -1.6373363e-01  -2.0551282e-01  -4.3481894e-01   0.0000000e+00  -8.4540688e-02  -3.0661010e-01   4.0691462e-01  -2.1958217e-03  -5.9826712e-02  -3.0942438e-01   2.2466091e-02  -1.6140172e-02  -2.4085067e-01   7.0903517e-01   2.9999990e-01  -1.6153675e-01   4.3623934e-01  -3.8326217e-01  -5.0788213e-02  -2.8092201e-01  -4.8364049e-01  -3.1182564e-02  -1.3052235e-01  -4.5567304e-01  -1.2727910e-01   3.2263232e-01  -3.3848944e-01   3.4315217e-01  -2.9746395e-01   5.7508678e-01   5.8780719e-01  -4.5294479e-02  -3.5991959e-01  -2.2605172e-01   3.5428640e-01  -2.3311656e-01  -8.8055528e-02   9.7946830e-02   6.7709635e-01  -5.6442446e-02  -3.0111735e-02  -2.7156708e-01   6.4061014e-01  -4.5654981e-02   1.7934321e-01   9.4158833e-02  -1.8947955e-02  -2.6980129e-01  -2.9195361e-01  -3.3887047e-01   4.1018091e-02   3.0232111e-02  -4.0919312e-02  -2.8711675e-01  -3.6018989e-01   5.1694077e-01  -2.5266215e-01  -2.2029985e-01   6.1516445e-01   6.4939321e-01  -8.1469821e-02  -1.9178415e-01   7.8943988e-02  -3.1191123e-01  -1.2321943e-02   2.0520623e-01   2.2453209e-01  -5.3644263e-01   1.0127919e-01  -4.7364316e-01  -3.5569444e-01  -9.7309763e-02   5.0875632e-01   5.3708028e-02  -2.9206179e-01  -3.9935432e-01  -1.0214152e-01  -5.1402246e-01  -8.7753006e-02  -1.3144539e-01  -2.1651627e-01  -3.6834666e-01  -2.0684965e-01  -2.0445884e-01   6.6510073e-01  -1.0515669e-01   2.7849090e-01  -7.1867597e-02  -2.5404241e-01   7.9586447e-01   6.0212491e-02  -7.9974234e-02   2.8080964e-01   8.4859982e-01  -3.2480385e-01  -4.6104449e-01  -4.7460263e-01  -5.1463538e-01   5.4903339e-01  -2.7663284e-01  -1.8434910e-01  -3.5772464e-01   3.1151536e-01   1.4647365e-01   9.2678732e-02  -3.2070137e-01  -1.5870778e-01  -6.7697396e-02  -9.9912523e-02   2.1975457e-01  -1.0513795e-01   5.6840562e-01  -1.9917092e-01   1.3749267e-01  -1.7151735e-01   6.3078846e-01   3.2598011e-01   9.6248618e-02   1.5881682e-01  -5.8195177e-01   4.5020295e-01  -3.7635570e-01  -4.3222439e-01  -1.4957874e-01   4.1922097e-01   2.5741105e-01  -1.6548584e-01   1.2558330e-01   1.3461519e-01  -5.0952652e-01   4.0903257e-01  -2.5557247e-01  -3.7999784e-01  -9.8511390e-02   2.9269625e-01   1.6120050e-01  -4.9084161e-01  -4.0671973e-01   4.0834284e-01   2.0161563e-02   6.8167804e-02   2.9904008e-01   4.0508763e-01   5.6217501e-01  -2.9661132e-01  -3.6235857e-01  -3.2143633e-01  -1.0223964e-01  -2.3602185e-01  -4.4202038e-01  -3.6473573e-01   1.7344600e-01  -2.5455860e-01  -2.4987079e-01  -7.3070905e-02  -1.8042465e-01   6.4626051e-01  -3.5716096e-02  -2.1551627e-02   3.3369453e-01  -3.4515769e-02  -4.2901676e-01  -2.0686928e-01   8.4244774e-02   4.9586918e-01  -7.8169833e-02   5.7829010e-02  -2.8871863e-01   1.4138516e-01  -9.6403034e-02  -3.0794362e-01
  -2.0075568e-01  -1.8954115e-01  -6.2164372e-01  -2.5684357e-01   7.6191778e-02  -6.8468339e-03  -1.6005571e-01   4.1435163e-01  -2.6752134e-01  -8.4540688e-02   0.0000000e+00  -3.7398727e-01   3.8858317e-02  -4.8323285e-01   5.3429686e-01   2.9728697e-01  -5.6141425e-01   2.4199199e-02   1.5274186e-01   1.2462244e-01   5.2022383e-01  -6.4994409e-01   3.0528927e-01   8.2076599e-02  -1.9247393e-01   1.3075842e-01   1.2698870e-01  -6.3845520e-02   1.5952163e-01  -3.0872813e-01   7.3086467e-01  -3.1906680e-01  -2.9330876e-02   2.7956929e-01  -2.1504899e-01   4.5017726e-01  -2.0507644e-01   5.8657357e-01   1.6571088e-01  -9.1583766e-02  -8.5447455e-02   1.2734693e-01  -3.7070037e-01   4.3809126e-01  -3.6849852e-02  -8.1250525e-02   3.5739456e-01  -3.9576751e-01  -1.2109576e-01  -4.0611616e-01  -3.0242383e-01  -1.3491373e-01   7.8890967e-01  -4.7251586e-01  -3.2096185e-01   6.0684529e-01  -2.7358667e-01  -5.5369653e-01  -2.7314487e-01  -3.5775039e-01  -2.5259058e-01   1.5077427e-01  -3.0351972e-01   6.4351703e-01   2.1537340e-01   3.3420672e-01  -3.3553245e-01  -2.9679342e-01   4.4049878e-01  -6.7401147e-01  -5.0549524e-01  -3.1170901e-01   5.0713178e-01  -8.0302037e-02  -2.9772055e-01  -2.1241870e-02   1.9499765e-02   2.4666201e-01   1.9481920e-01  -2.3718724e-01  -6.5358225e-03  -1.0516428e-01   7.4910913e-01   3.2898770e-01  -3.8155668e-01  -3.0686687e-02  -2.1367805e-01  -4.1994757e-01  -3.2105691e-01   3.5211039e-03   4.1418537e-01  -3.2060453e-01   4.7961112e-01  -4.4777828e-01   6.6973080e-01   1.0220778e-01  -4.3426230e-01   1.5289977e-01  -4.0759033e-01  -1.8428776e-01  -4.4103097e-01   2.7564469e-01  -2.2259372e-02  -3.4688518e-01   1.3694752e-01  -4.0567912e-01  -2.4735679e-01   4.4139133e-01  -4.8944835e-01   5.0638131e-01   8.0234291e-01  -3.7964374e-01  -2.0646929e-01   4.9558707e-01  -5.3129640e-01   6.4985330e-01   7.0913681e-01   1.9463378e-01  -6.3915950e-01  -3.6756202e-01  -3.0310343e-01   1.7085010e-02  -2.6098180e-01   5.5348494e-01  -9.5202860e-03  -3.0385255e-01   1.5780491e-01   1.2279862e-01  -3.9763777e-01  -4.8804866e-01   1.7551534e-01   5.2508815e-01  -4.1852185e-01   5.7291616e-01  -9.5366090e-02   3.8187518e-01   1.5068264e-01  -6.6883585e-01   2.1120560e-01   2.3924745e-01  -2.4381757e-01   2.7300766e-01   4.2098325e-01  -4.7026868e-01   5.8049541e-01   5.4434224e-01  -5.4273005e-01   4.5618639e-01   4.8543553e-01   3.0103555e-01  -5.3318456e-01  -5.4354451e-02  -3.5255840e-01   7.6609701e-01  -4.6353835e-01   3.0153464e-01  -1.4250339e-01  -4.3278926e-01  -1.3784932e-01   4.1445098e-01  -3.0297995e-02   6.5150115e-01   1.2590931e-01   1.4273917e-01  -4.7918033e-01   6.0094582e-01   7.7227852e-01  -2.4018495e-01  -3.4463834e-01   8.2419025e-01   4.7592047e-01   4.4676270e-01  -1.3620910e-02  -4.5306603e-01  -2.2145161e-01  -2.1797502e-01  -6.0538072e-01
  -1.7354763e-01   5.2688027e-01   4.2433815e-01   2.9467358e-02  -3.1220149e-01   7.4793685e-02   5.4796620e-01  -2.2538556e-01   2.1569344e-01  -3.0661010e-01  -3.7398727e-01   0.0000000e+00  -2.3176152e-01   1.2429943e-01  -2.2664949e-01  -2.3440747e-01   5.5671380e-01  -2.1487940e-01   3.5887832e-01  -2.3388924e-01  -4.6221542e-01   1.7627663e-01  -5.0776059e-01   3.0179259e-01   1.6359080e-01   2.3714321e-01   7.0528280e-02   1.0390062e-01  -5.2618316e-02   4.3843940e-01  -2.2716582e-01   3.1881987e-02  -1.5038463e-01  -2.3364198e-01   5.7922815e-01  -5.2857680e-01  -4.8688091e-02  -3.4192212e-01  -1.4828321e-01   3.4816652e-01  -2.4621482e-01  -1.8478295e-01   4.0962309e-01   6.0338490e-02  -4.0711141e-01  -1.2438534e-01  -3.8572606e-01   2.2526604e-01  -1.6903961e-01   4.4239913e-01  -4.2588340e-02  -5.3142996e-02  -1.3522566e-01   2.0945720e-01   3.7277939e-01   5.0494327e-02  -7.7323626e-02   1.0993001e-01  -2.3118823e-01   7.7813047e-02   5.1113713e-01  -2.7947222e-01   1.8234531e-01  -3.2691536e-01  -4.2441309e-01  -3.9860731e-01   9.6947718e-02   1.1661069e-01  -4.7084231e-01   3.2579681e-01   2.7726315e-01   1.7085471e-01  -2.5849190e-01   5.5541152e-01   7.0117669e-02   6.1387524e-02   1.0577433e-01  -9.3677713e-04  -3.4001249e-01  -5.3858127e-03   2.9183049e-01   2.1740370e-01  -2.6206436e-01   5.1269815e-02   5.9754685e-01  -1.5879421e-01   5.5302204e-01   3.8100584e-01   2.7955349e-02   1.0209012e-01  -3.8339253e-01   1.1865056e-01  -1.8949866e-01   1.5573105e-01  -1.7131250e-01  -1.4271152e-01   7.0648622e-03   2.6426626e-01  -1.2250720e-03  -2.8693256e-01   2.6680965e-01   8.8030811e-02  -8.3919725e-02   5.7103202e-01  -2.8627795e-01   3.5625897e-01   1.1284513e-02   1.0458003e-02   1.5669849e-01  -2.9594614e-01  -1.6259328e-01   1.2029550e-01   1.9851056e-02  -2.4009092e-01   1.5201684e-01  -3.4800630e-01  -1.6919294e-01  -3.6302672e-01   2.9204295e-01   6.6938269e-02  -1.0385558e-01  -2.8498701e-01   3.1336269e-01  -6.0161413e-01  -2.2658017e-01   3.7508351e-01  -1.4400011e-01   2.9678258e-02   2.7773862e-01   3.2531868e-01  -4.9721584e-01  -3.5335997e-01   6.3238916e-01  -4.5666270e-01   2.1194457e-01   7.2131854e-02  -1.6024036e-01   2.9109755e-01  -1.1572540e-01   6.3462929e-02   7.5093503e-02  -1.7694642e-01   1.3308269e-01   4.9375327e-01  -4.4848973e-01  -5.1983529e-01   4.6797579e-01  -4.7609660e-01  -4.0299139e-01  -2.6928334e-01   4.1784106e-01   3.8601410e-02   2.3353689e-01  -1.0068302e-02   7.2998761e-01   1.2274249e-01   3.5927254e-01  -1.5091980e-01   1.5313860e-01  -1.1232995e-01  -4.7621201e-02  -1.9718471e-01  -3.2583381e-01  -1.5435460e-01   1.8691388e-01  -3.6617760e-01  -1.7752579e-01   3.2000226e-01   1.2549288e-01  -3.0002552e-01  -3.5722691e-01   4.0879284e-02   7.2826610e-02   4.1007533e-01   1.1448370e-01   9.0013095e-02   1.7386572e-01
   1.6874946e-01  -2.2153143e-01  -1.8406473e-01  -2.6930487e-01   5.5620969e-01  -2.6745174e-01  -1.7897836e-01  -2.9226657e-02  -2.4427581e-01   4.0691462e-01   3.8858317e-02  -2.3176152e-01   0.0000000e+00  -1.9697747e-01   1.7633931e-01  -3.4178476e-02  -3.3025724e-01   2.0780503e-01  -1.8539493e-01   4.4957727e-01   2.6494100e-01  -4.1638513e-02   2.8171973e-01  -3.4397944e-01  -1.5136797e-02  -1.9244359e-01  -2.7422055e-01  -1.2399378e-01   9.3648211e-02  -1.7227810e-01   1.1846492e-01   1.0141052e-01  -2.6913499e-01   1.2771352e-01  -1.6625175e-01   3.4788510e-01   3.1786413e-01   1.4684563e-02  -3.7023751e-02  -2.3402143e-01   5.4857352e-01  -1.4549722e-01  -3.5988613e-02   2.1290963e-01   4.6178170e-01   7.8886768e-02  -5.8596547e-04  -2.2867883e-01   9.6716751e-02  -2.0803187e-01   1.4556488e-01   2.3047210e-03   1.4033516e-01  -4.1695571e-02   1.7696799e-02  -1.9040493e-01  -1.1086379e-02  -6.1016127e-02   2.5567927e-01   3.1593538e-02  -1.2353686e-01   2.9703209e-01  -1.2380363e-01  -9.7851037e-02   4.7013075e-01   4.0561623e-01  -6.9830930e-02  -3.1328845e-01  -7.4722475e-03  -1.8613867e-01  -1.2930390e-01   8.4338343e-02   2.5227875e-01  -2.4093875e-01   1.1119872e-02  -3.7710293e-01  -2.2340677e-01  -7.3868606e-02   2.3129977e-01   2.9858626e-01  -5.1856742e-02  -3.0264366e-02   1.9410513e-02  -2.2512193e-01  -2.2773338e-01  -8.9182603e-02  -1.1963847e-01  -1.0304693e-01  -9.3255647e-02  -1.0525524e-01   4.6566284e-01  -1.5505385e-01   9.9052413e-02  -2.0536877e-03   7.2184765e-02   4.1143070e-01  -3.3248152e-02  -7.5239434e-03   1.3700146e-01   4.0838386e-01  -2.5487766e-01  -2.3504367e-01  -5.9514904e-02  -2.9076121e-01   4.4645120e-01  -1.1205989e-01  -2.0450884e-01  -8.9114021e-02   2.6377306e-01   1.5218514e-01   1.3781533e-02  -7.1561267e-02  -5.8265782e-02   1.2775057e-01  -1.5088136e-01   1.3177617e-01  -1.8664280e-02   5.2960095e-01  -7.6805449e-02   8.7894633e-02  -9.4172316e-02   5.0374149e-01   2.0512002e-03   3.5931139e-01  -4.4944200e-02  -9.2422177e-02   2.1667948e-01  -5.1537953e-02  -2.9798560e-01  -2.5554030e-01   3.1846839e-01   1.6974995e-01  -1.5964181e-01   2.1439020e-01   2.5491282e-01  -1.7388393e-01   3.8618260e-01  -2.0396360e-02  -2.1577685e-01   4.0742122e-02   2.1445874e-01   4.9357770e-01  -5.5176899e-02  -1.6436619e-01   2.1548503e-01   2.0750640e-01  -1.9479331e-01   2.3377664e-01   1.9738843e-01   3.2890284e-01  -1.6393622e-01  -8.3883803e-02  -1.3500976e-01   8.2991290e-02  -3.1440554e-01  -1.6318892e-01  -1.9304129e-01   1.9637130e-01  -3.6315983e-01  -2.3458795e-01  -1.1019319e-01  -3.9838013e-02   5.3799267e-01  -7.5525577e-03   7.0313863e-04   2.1109867e-01   2.1454723e-02  -1.8085478e-01   1.0752541e-01   5.5329219e-02   2.8849700e-01  -1.7293438e-01  -2.0512619e-02  -9.9416878e-02   2.3031771e-02  -3.7260161e-02  -1.5987237e-01
   3.1910479e-01  -1.4343135e-01   3.7117205e-01   2.2636389e-01  -2.3910273e-01   2.3939390e-02   7.9405707e-03  -3.7767479e-02   3.0803486e-01  -2.1958217e-03  -4.8323285e-01   1.2429943e-01  -1.9697747e-01   0.0000000e+00  -2.4665172e-01  -3.2984041e-01   3.0931939e-01   5.6873852e-02  -6.9601567e-02  -3.8905316e-01  -3.1531688e-01   6.2147242e-01  -2.6593538e-01   8.4598259e-02  -9.1287535e-02   3.2751756e-02  -1.4975232e-01   1.0515090e-01   1.5485805e-01   2.8224813e-01  -5.0930445e-01   2.1267093e-01   1.4567617e-01  -2.0652901e-01   2.8151562e-01  -3.3563359e-01  -3.3081047e-02  -2.5737915e-01  -2.2217101e-01   1.9352771e-02  -2.5788254e-01   1.4810716e-01  -9.3020809e-02  -1.3216474e-01  -5.0916385e-02   6.8397240e-02  -6.4225086e-02   2.8680868e-01   8.1002819e-02   4.2833565e-02  -2.6098470e-02   1.3967473e-01  -5.5251670e-01   1.7597355e-01   4.0459029e-01  -7.4716365e-02  -4.0427092e-02   3.7699491e-01   2.6938122e-01   4.3439892e-01   1.0549581e-02   9.6291923e-02   7.0525987e-02  -8.5265314e-02  -3.1151621e-01  -2.7891269e-01   2.1767922e-01   2.9378206e-01  -1.5816374e-01   4.4874101e-01   3.2350421e-01   1.5043308e-01  -5.4093501e-01   1.0097908e-01   4.5928389e-03   1.5536536e-01   8.8016388e-02   7.4686422e-02  -3.4576035e-01   2.9103397e-02   5.6859457e-02  -2.2083435e-01  -2.6311509e-01  -3.2857463e-03   1.4880605e-01   4.7741953e-02   2.1647344e-01   4.9315000e-01   7.8956559e-02  -2.1545092e-02  -4.6867775e-01   1.5670023e-01  -4.2954675e-01   2.8340332e-01  -4.5865934e-01  -2.3180837e-01   3.0726441e-01  -1.2507059e-01   1.6932635e-01  -1.3214155e-01   5.7950748e-01   1.3615714e-01   2.7736930e-01   1.9634965e-01   7.8318222e-03   4.3604598e-01   2.5708583e-01  -3.0628376e-02   1.7406491e-01  -4.1506721e-01  -4.1176457e-01   3.1138715e-01  -2.1807158e-02  -3.5282359e-01   4.6749213e-01  -5.2669648e-01  -2.6167751e-01  -4.7622893e-01   4.5723909e-01   1.2336149e-01   3.2000764e-01  -2.3028755e-01   1.4009697e-01  -2.7249557e-01   1.1059938e-01   3.7074645e-01  -1.9256059e-01  -4.5473503e-02   5.1567929e-01   4.0011186e-01  -9.1747085e-02  -3.5900405e-01   1.8270709e-01  -3.3010282e-01   6.1467088e-02  -5.1062065e-04  -6.4754553e-02   5.1402812e-01   2.5286531e-02  -2.2933737e-01   2.1723718e-01  -1.5433368e-01   9.6435543e-02   1.9786417e-01  -4.1270457e-01  -1.6925872e-01   1.9940871e-01  -4.1882994e-01  -4.6685426e-01  -1.0687259e-01   4.3528825e-01   2.5985051e-01   5.0165521e-01  -4.8553857e-01   1.4629855e-01  -1.6519658e-01  -1.2883803e-01   4.1108619e-01   9.4384332e-02  -3.6611338e-02   8.9944797e-02  -3.1608194e-01  -3.3648707e-01   1.0155645e-01   2.6211897e-01  -4.7317644e-01  -4.6643856e-01   2.6241159e-01   2.6413433e-01  -4.7834567e-01  -5.0524589e-01  -2.2837837e-01   3.3457180e-02   1.0010540e-01   3.2773775e-01   3.0627979e-01   4.3460195e-01
