   0.0000000e+00  -6.7450087e-02   2.9810107e-01   2.6008353e-01  -2.1882924e-01   2.5173969e-03  -2.6865361e-01   4.2072274e-01  -3.2917650e-02  -3.8789928e-02   2.2191166e-01  -2.9822728e-02  -9.1696288e-02   1.5696239e-01  -2.4031468e-01   1.9334222e-01   1.8210425e-01  -1.6445978e-01   7.6808000e-02   1.1850244e-01  -1.4638130e-01   1.9844516e-01  -3.2263395e-01   2.4337977e-01  -8.8879440e-02   2.6599456e-01   1.3375980e-01   2.4684090e-02  -1.0407155e-01   1.3256435e-01   6.7414125e-03   2.4589048e-01  -3.3890546e-01  -2.6177859e-01  -4.2705561e-02  -6.0720258e-02  -2.3265595e-01   2.3302672e-02   4.0135257e-02   1.0263775e-01  -1.2128551e-01  -4.4980173e-02  -1.0042413e-01   3.7086073e-01   8.9430334e-02   4.8948598e-01   1.1076004e-02  -3.2934482e-01  -6.3259397e-02   1.2701464e-01   3.2659850e-02   4.1826818e-01  -2.1852451e-01  -4.5665151e-02   8.6756954e-02   2.2636485e-01   8.5885212e-02   8.0378394e-02   2.1306381e-01   1.5529951e-02   9.5871872e-02   2.0551744e-01   1.6776924e-01   1.3955392e-01  -2.7827584e-01  -2.2129765e-01   1.6634111e-01  -2.0677252e-01   3.7172244e-01   2.3780386e-01  -3.9317088e-01  -2.1672059e-01  -8.9660723e-02   2.2181429e-01  -2.3037383e-01   1.6260755e-01   1.0509340e-01  -1.6886397e-04  -6.2125944e-02  -4.7146119e-02   7.3569930e-02  -1.7651180e-01  -7.3280814e-02  -1.0663008e-01   1.6654545e-01   2.6826582e-01  -2.7342499e-01   6.9336492e-02  -1.8400306e-01  -5.5103540e-02  -2.2153614e-01   8.2502714e-02   1.2423591e-01  -1.4689982e-01   1.1701443e-01   1.0336237e-01   5.6359022e-02   4.6469575e-02  -9.3581807e-02  -1.5060174e-01   1.2360860e-02   1.2995469e-01   3.3027092e-01  -2.1455369e-03   1.3419327e-01  -4.8411448e-02  -2.9731024e-01   4.2558778e-01  -2.5162349e-01   1.0124799e-01  -2.6785552e-01   9.0582728e-02  -3.0561325e-02   4.5094807e-01   1.3527404e-01   1.5585116e-01   4.4108656e-01   2.1963818e-04   2.0800739e-01   3.0902470e-01   1.5413584e-01  -3.4843424e-02   2.4170860e-02  -5.8258612e-02   3.1275366e-03   9.0506591e-02  -3.3050871e-01  -1.3497667e-02   3.6852291e-01   1.3541635e-01   1.5044192e-01  -1.3407102e-01   2.6596281e-01  -1.0909020e-01   1.3563254e-01   3.1162784e-01  -1.4426392e-01   8.6063862e-02  -1.1279444e-02   5.5429566e-02   1.9403834e-01  -1.4266294e-01   1.2361479e-01   3.4956445e-01  -1.7863985e-01  -6.7956489e-02  -4.1318591e-01   1.1172998e-01  -1.1211860e-01  -3.2511188e-01   5.8523932e-02   1.0852033e-01   2.1902981e-01   5.7708294e-02   2.7475760e-01   1.2582286e-01  -4.2375015e-01   2.6123473e-01   5.5188572e-02   9.6571683e-02  -3.8931560e-02  -5.0121429e-02  -1.6215097e-01  -9.4876222e-02   2.4923089e-01  -1.1336837e-01  -1.5172368e-01   9.1555376e-02   2.0475619e-01  -2.6059883e-01  -1.2986364e-01  -1.2303852e-02  -2.2873295e-01   2.1051499e-01  -2.2206839e-01  -1.1138093e-01   6.9091466e-02
  -6.7450087e-02   0.0000000e+00   1.7577385e-01  -1.3650334e-01   5.1631363e-01   1.5501446e-03  -6.1420591e-01  -1.6671804e-01   3.2888625e-02   2.9505528e-03   3.0974715e-01   2.9944119e-02   2.7967073e-01  -7.1548384e-02  -4.0294148e-01  -3.2174462e-01   3.4571185e-01   6.2289373e-02   1.7677473e-01   2.6839351e-01   5.7807262e-01  -3.9541354e-01  -3.6273352e-01  -1.5834999e-02  -8.9684149e-03   1.2289773e-01   1.1966679e-01  -3.6791896e-01  -2.8972304e-01   3.6172297e-02   5.2611006e-01   7.8568518e-02   3.5318270e-01  -2.4257264e-01   4.6656895e-02   6.9283097e-02  -4.3580213e-02   1.7115646e-01   1.3287598e-01   3.6876167e-01   1.2405066e-01  -2.5500578e-01   1.3093465e-01  -4.3436139e-02  -9.2304019e-02   5.5166266e-03   1.2528690e-01  -3.3401517e-02   1.0936283e-01   3.7645242e-01  -1.1295140e-01   5.8730955e-02   6.5875611e-01  -8.0466584e-02  -4.9633870e-02  -3.2343392e-01  -2.9077491e-02  -4.1317596e-01   2.3127705e-01  -3.0003061e-01   2.5797123e-01  -2.4510351e-03   1.8279719e-01   4.3451018e-01   3.9772367e-01  -2.6115762e-01   1.9105535e-01   2.4329163e-01  -1.6895266e-01  -3.1867401e-01   6.8772160e-01  -1.2808016e-01  -2.0808290e-01  -1.6311764e-01   2.9005405e-01  -9.0781982e-02   3.8170605e-02   5.4319814e-03   4.1164621e-01  -1.0144020e-01  -5.0157710e-01   5.8976310e-02   4.1467991e-01   2.0657774e-01   2.7322618e-01  -4.2317798e-01  -2.3623847e-01  -3.0584869e-01   2.8083440e-01  -1.2926012e-01   4.5953047e-01   2.0479716e-01  -1.8390177e-02  -1.8963806e-02  -1.0074071e-01   3.4684850e-01  -8.0414657e-02  -9.5461642e-03   3.5981409e-01  -4.2417903e-01   1.5902315e-01  -3.9060693e-01  -1.5625927e-01   3.3579798e-01  -5.8058219e-01  -1.7824009e-02   3.1332705e-01  -3.2932539e-02   5.4875688e-02   1.0048055e-01  -1.3873297e-01  -6.5483997e-01  -2.6153569e-02   8.8684310e-02  -4.9320324e-01   4.2899751e-01  -2.2582690e-01   3.4785107e-01  -1.4288450e-01  -1.0445901e-01   1.0673417e-01   2.8280100e-01  -1.7791466e-01   3.5645942e-01  -1.3350752e-01  -3.2899060e-01  -2.2494703e-01   2.9024250e-01  -1.2979397e-01   1.7580029e-01  -1.6913677e-01   3.7090133e-01   5.9068736e-01   2.2339992e-01  -2.5822235e-01  -5.6987495e-02   3.4334480e-01  -2.1916315e-01   6.3995903e-02   2.1441992e-01   1.8371278e-01  -1.3413870e-01  -4.6500132e-01  -3.9570226e-01  -4.9248509e-01  -3.1779287e-01  -1.1932786e-01   4.8552940e-01  -3.7210785e-01   6.2234628e-01  -6.1263956e-01  -2.3776553e-01   3.6462015e-02   2.8304366e-01   2.0836911e-01   2.0196366e-01  -2.5137529e-02   1.0647857e-01  -7.9325599e-02  -4.1776136e-01   7.8147402e-03   1.6664337e-01   1.9758251e-01  -1.9532235e-01   3.4370973e-01   2.2978801e-02  -7.2076800e-02   1.2830882e-01   6.5495646e-03   6.5139860e-01  -1.1599600e-01   5.0657752e-02   1.4339648e-01  -7.9329609e-02  -2.3901755e-01   1.4638457e-01  -4.5989876e-01
   2.9810107e-01   1.7577385e-01   0.0000000e+00  -1.1258142e-01   3.0777008e-01   4.1961204e-02  -4.6737443e-02  -2.6511351e-01   2.3637311e-01   9.4213621e-02   7.0998872e-02   3.8051719e-01   1.8670181e-01  -4.0001022e-02  -9.0641311e-02  -7.7819320e-03   5.3698901e-01  -4.0230647e-01   1.3065076e-01   2.8078354e-01   1.7389731e-01  -3.5046931e-01  -5.1330796e-02  -1.8319529e-01  -4.0850862e-01   2.8934226e-02   2.3271205e-02  -2.5107883e-02  -1.0941253e-01   7.4999654e-02   4.6081265e-02   8.7082264e-02  -8.3806026e-02  -2.4238639e-03  -9.5541973e-02   1.2073914e-02  -2.2074279e-01  -1.1811895e-01   1.6594272e-01   4.1500225e-01  -3.1079931e-01  -1.2634544e-01   3.6935560e-02   1.0552284e-01  -1.2947995e-01   2.1953831e-01  -2.8030376e-01   5.3514519e-02   5.0255661e-02   4.7856662e-01  -2.9178577e-01   1.5689451e-01   1.8145832e-01   2.3886948e-01  -1.8962678e-01   1.0188951e-01   2.3435395e-01  -2.4892400e-01  -2.6869400e-01  -4.4380404e-02   1.2477749e-01  -3.8359058e-01   2.5749175e-01  -1.9712724e-01  -7.7323929e-02  -1.4096878e-01   2.3756964e-01  -1.7546102e-01  -8.3255577e-02   3.0986411e-01   2.4385269e-02  -3.7933393e-01   5.0754994e-02   3.3783277e-01   9.5057135e-02  -1.5557035e-01   2.7562665e-01   1.5092509e-01   9.6741381e-02  -2.7610747e-01  -9.1946957e-02  -1.2681293e-01   3.1499153e-01   8.8946096e-02   2.6951438e-01   1.6068136e-01  -1.3764831e-01  -1.2436504e-01   2.3084311e-01  -1.0438282e-03  -8.3499770e-02   1.6198597e-01   3.8479723e-01  -3.4866217e-01   1.6842207e-01   2.9027290e-01  -3.6988424e-02   3.3585254e-01   7.9863781e-02  -1.2980431e-01   3.2036821e-01   6.2446922e-02  -8.4855207e-02   1.6573980e-01  -5.0370836e-01  -2.6190321e-01  -3.1462978e-02   2.1147502e-01   7.6978273e-02   1.4252304e-01   2.0322062e-01  -4.2273667e-01  -1.7982690e-01   1.9948665e-02   1.3325230e-01   2.0617522e-01   1.9203646e-01   4.1312240e-02   4.3778180e-02  -1.4317913e-02   2.0644783e-01   1.9456792e-02   7.9280187e-02   5.4380797e-02  -6.8523321e-02   1.4923367e-01  -2.5656674e-01   9.8410737e-02  -8.8189944e-02   4.1750476e-01  -2.2106347e-01   2.5533757e-01   2.7083190e-01  -7.9534545e-03  -1.9639450e-01   1.0984381e-01  -1.4786435e-01  -1.9980361e-01  -2.5373115e-01   1.0565733e-01   8.7588321e-02  -9.0049406e-02  -9.9020218e-02   2.8991429e-01  -1.2536470e-01  -2.5362544e-01   2.8337794e-02   1.2241896e-01  -6.9820709e-02  -2.1971893e-02   5.3962110e-02  -8.3719117e-02   1.3124332e-02   2.4293684e-01   7.3422462e-01  -1.5356548e-01  -2.2012330e-01  -3.1982867e-01   1.3350042e-01   4.5081905e-02  -7.4089804e-02  -2.3476298e-01  -2.7566450e-01  -3.2075673e-01  -2.4118884e-02   9.8983110e-03   3.5689721e-02  -8.1021708e-02   3.5300154e-02   5.5905234e-02  -3.0766844e-02  -1.8667680e-01  -3.1276779e-01  -7.2267728e-02  -3.6873691e-01   4.2401721e-02  -8.9521967e-02
   2.6008353e-01  -1.3650334e-01  -1.1258142e-01   0.0000000e+00  -1.0374902e-01  -7.1913870e-02  -2.0217948e-01   1.2530428e-01  -3.6024961e-01   3.5964805e-02   3.7721048e-02  -1.3883062e-01  -1.2850066e-02  -8.3171726e-02  -6.7528473e-02   1.2544987e-01  -1.9062804e-02   7.3338763e-02   2.0801656e-02   1.9629619e-01  -2.3460467e-01   5.5549713e-02  -1.9255598e-01   2.5079529e-01  -9.9249912e-02   2.4079666e-01  -4.4281020e-02   1.5067811e-01   4.3347966e-02  -3.2963013e-03   8.2624011e-02   1.0263633e-01  -2.2112618e-01   1.6853053e-02  -2.7278695e-01   5.6301872e-02   1.2396146e-01   8.2849686e-02   2.3217169e-01   2.9838736e-03   3.3244103e-01   7.0894498e-02   1.4735275e-01   2.4521948e-01  -1.3502307e-01   3.0158606e-01   1.8291901e-01  -1.0663992e-01   7.6162057e-02  -1.2878552e-01   2.5312068e-01   2.0775633e-01  -3.7289182e-01  -4.3872795e-01   1.0170203e-01  -7.1016284e-02  -9.5617018e-03   3.1071142e-01   2.0717366e-01   1.1637332e-02   2.5522378e-01   2.1148425e-01  -2.4953561e-01  -1.6957023e-01  -3.6564564e-01   1.3595163e-02  -2.3862592e-02  -1.8817711e-01   3.2067205e-01   1.2757290e-01  -2.4809064e-01   3.5407467e-01   9.0351038e-02   1.9842798e-01  -3.5064846e-03   4.2366821e-01   9.6491016e-02   1.0286918e-01  -4.4585120e-02   5.5841694e-02   1.2366675e-01  -2.5644796e-01   1.3932893e-01  -1.4989597e-01   2.9119659e-02   3.8426182e-01  -5.4545997e-01   6.7432244e-02  -3.3718807e-01  -1.1725514e-01   3.4650993e-02   2.3434597e-03  -6.7882640e-02   1.0882086e-02   1.6230613e-01   3.0996402e-02   9.8223378e-02  -8.4865669e-02   3.3516701e-01  -2.7064929e-01   6.6572291e-02  -2.3097005e-01   5.2743544e-01  -2.5251926e-01   2.9804333e-01   3.6205938e-01   1.6378080e-01   2.6443013e-01  -2.5890689e-01  -4.9423270e-02  -1.5723625e-01   1.6864990e-01   4.7313542e-01   1.0370949e-01   8.2524697e-02   1.2359100e-01  -1.2537926e-01  -2.1632008e-02   1.5851913e-01   3.2045563e-01   1.5531248e-01   1.3274003e-01   1.4782704e-01  -1.6054817e-01   2.7200101e-01  -2.3097717e-01  -4.0329901e-02  -9.4673885e-02   3.7347972e-01   2.6933104e-02   5.6312238e-02   6.6074986e-02   1.7142152e-02  -1.2336571e-01   8.4371147e-02   3.1687386e-01  -2.3425569e-01   3.4490316e-01   1.8386114e-01   3.2000088e-02  -3.8222106e-02  -3.8123193e-01   8.5262965e-02   1.0240382e-01  -2.8517247e-02   2.0669912e-01  -9.0987229e-02   6.1299516e-02   1.4073272e-01  -1.4594094e-01  -4.0771227e-03   3.4574824e-02   1.3799938e-01   2.3415333e-01  -1.6851148e-01   1.2666127e-02   7.3892526e-02   1.8971385e-01   2.1224614e-01  -6.9886860e-03  -1.2079904e-01   1.9491431e-01   9.4085809e-02   1.5969517e-01   2.0923874e-01  -6.3624733e-02  -2.8313905e-01   3.7953369e-01   1.2937241e-01  -2.2385941e-01  -1.1814633e-01   1.6566261e-01  -2.5803715e-02   3.3793748e-01  -6.8740465e-02  -9.1408320e-03   1.1586458e-01
  -2.1882924e-01   5.1631363e-01   3.0777008e-01  -1.0374902e-01   0.0000000e+00   1.0921067e-01  -3.3887218e-01  -1.7042372e-01   2.6085702e-01   2.0008760e-02   1.5912868e-01   2.8106789e-01   6.4641102e-02  -4.3844453e-01  -3.3644514e-01  -1.6943515e-01   3.0335784e-01   2.8907639e-02   1.0477440e-01   5.0890987e-01   2.7683671e-01  -3.5457833e-01   1.0708228e-02  -8.8971083e-02  -1.8160725e-01  -2.1879666e-03   2.1638503e-01  -1.5268006e-01  -3.0653670e-01  -2.3434318e-01   8.8188629e-02   4.6437769e-02   2.8022407e-01  -5.2071878e-02   1.7279080e-01   1.9084353e-01  -7.1599824e-02   2.2479802e-01   1.2616516e-01   2.6074013e-01   6.0801533e-02  -2.3339639e-01   4.1794001e-01  -6.9196456e-02   1.4545624e-01   1.4630665e-01   5.4773540e-02  -3.3681313e-02   1.6928439e-01   4.4270551e-01  -1.3463802e-01   3.4657523e-02   5.0940900e-01   2.2811592e-02   1.2381602e-01  -2.7145832e-02   1.7968887e-01  -3.8770897e-01  -6.0135887e-02   3.0547386e-02   2.8388917e-01  -1.8531621e-01   4.4951242e-01  -3.5516894e-02   2.0947606e-01  -2.6591187e-01   1.3377278e-01   1.8769694e-01  -6.0334572e-02   1.2107216e-02   3.3739333e-01   1.5196758e-01   1.3620594e-01   1.7028581e-01   1.7556975e-01  -3.4918009e-02   1.6236442e-01   2.1290994e-01   4.8794725e-01  -1.9903609e-01  -3.6782281e-01  -5.2501612e-02   2.3742971e-01   2.0380670e-01   1.6105966e-01  -4.3813147e-02  -1.9210280e-01  -4.0631881e-01   5.7535944e-01   4.8559461e-02   3.9198535e-01   1.3943963e-01   1.8769302e-01  -6.5789853e-02   1.2867284e-01   6.1204542e-01   2.8567171e-02   1.9680403e-01   4.2877882e-01  -2.6676681e-01  -2.9072961e-02  -1.3732242e-01  -3.1448948e-01   5.0758877e-01  -4.4817613e-01   1.3450776e-01   2.5789435e-01   1.4216095e-02   8.4939842e-02  -2.7712232e-02   1.7814528e-01  -4.0201121e-01   1.5314032e-01   3.1786347e-02  -4.3880039e-01   4.4940823e-01  -1.2459859e-01   1.7748646e-01  -2.1128717e-01  -3.2230689e-01   1.4136631e-01   4.9524122e-01   1.7872107e-01   3.1008335e-01   1.9907527e-01  -1.8612623e-01  -7.6075209e-02   6.2281441e-02   7.6770452e-02   2.1468464e-01  -1.9456892e-01   4.4881013e-01   2.9682340e-01  -6.7396302e-02   9.4833988e-02   8.7736401e-02  -5.2728528e-02  -1.5917819e-01  -4.7267596e-03  -8.9697079e-03   2.3362759e-02  -3.0095145e-01  -7.1066388e-02  -2.8728445e-01  -4.6191149e-01  -3.0843679e-01  -1.7710992e-02   2.7506420e-01  -9.1962437e-02   4.1617356e-01  -1.9835463e-01  -4.5567083e-02  -1.1255362e-01   1.4488829e-01   4.0060253e-01  -1.2101278e-01  -1.1015622e-01  -1.0213168e-01   8.7386555e-02  -1.9992487e-01  -7.4485635e-02   2.0199912e-01  -2.1454645e-02  -1.6949487e-01   2.4775736e-01   7.0440580e-03   1.7422019e-01   1.1710619e-01   1.0803908e-01   3.9489043e-01   1.3257220e-01  -1.5805776e-01   2.4056878e-01  -7.5096738e-02  -3.0187606e-01   3.2362850e-01  -3.8659059e-02
   2.5173969e-03   1.5501446e-03   4.1961204e-02  -7.1913870e-02   1.0921067e-01   0.0000000e+00   7.7035887e-02   2.4117007e-02  -1.0102451e-01   2.4223865e-01  -1.0439139e-01  -7.7538192e-02   1.3658494e-01  -4.9767580e-02  -6.5835928e-02  -3.1190859e-01   2.5611867e-02   2.9790825e-01   3.9206782e-01   2.7057658e-01  -1.3837919e-02   2.5493263e-01   1.4328684e-01  -1.1010051e-01   1.3326635e-02   1.3922630e-01   2.9041248e-01  -9.9528372e-02  -2.3351972e-01  -4.7356387e-02  -8.6270897e-02   1.6340275e-01   3.0499825e-01   1.8815584e-01   1.8049694e-01   1.6000492e-01  -2.0564188e-01   9.8973294e-02   1.7458039e-01   1.0969926e-01   2.3941306e-02  -1.1429353e-01   1.3418579e-01  -1.3880543e-01  -1.2279876e-01  -5.8121185e-02   2.2838561e-01  -2.1512540e-01   9.1059331e-02  -4.3949517e-02  -1.3382812e-01   3.1518956e-01   3.4008980e-03   2.3067811e-01   2.0962076e-01  -1.8255138e-01   2.0388229e-01   2.7734578e-01   1.1781987e-01   3.0871151e-01   2.9571510e-01  -1.5715107e-01   1.8912749e-01  -7.5117543e-02  -1.7139542e-01   3.7419578e-02   3.9361136e-01  -1.0736952e-01   2.8322559e-01   1.0508108e-01   4.2698964e-02  -9.2668448e-02  -2.0332862e-01   5.4549371e-02   4.7969548e-01   2.9420473e-01  -7.2168188e-04   2.4197238e-01   1.2901546e-01  -6.5427515e-02   2.2955943e-01  -9.2704176e-02  -4.7609606e-02   8.9725227e-02  -2.2177201e-01   1.4895122e-01   9.4879003e-02  -1.2921162e-01   1.0799569e-01  -6.7723604e-02  -1.5423181e-01  -9.0240671e-03   2.3365377e-01  -2.5869780e-03  -5.5790675e-02  -2.1863819e-01  -1.3689830e-01   3.0329837e-01   1.4452336e-01  -1.1390872e-01  -2.9844670e-01  -1.9194282e-02  -9.4994043e-02   3.1008500e-01  -3.6517702e-03  -1.0440435e-01  -4.6884197e-02   2.8747916e-01  -8.1036982e-02   1.1266498e-01   2.2908248e-02   1.8521370e-01  -1.8460897e-01   1.6525411e-01  -1.1261786e-01  -2.5290929e-02   2.4761485e-01  -1.3617266e-02   2.0444338e-02   8.7606484e-02   1.6044003e-01  -1.1436366e-01   4.0207262e-03   1.2919397e-01   3.0254758e-01   2.2486188e-01  -2.7568637e-01   2.5610216e-01  -4.3995157e-02  -5.7855194e-02   3.0212575e-02   4.5443047e-03  -3.6054851e-02  -2.8939223e-01   1.6958390e-01   1.2159323e-01   5.0338274e-02   2.5387554e-01   6.6250608e-03   2.3751115e-01   2.5571852e-01   1.7900033e-01   4.3836807e-01   1.0636577e-01  -1.4731532e-01  -2.9545567e-01  -1.4398758e-01  -1.5846430e-01   2.2802597e-01  -2.0712354e-01   5.6885978e-02   3.3658602e-02  -9.7400119e-03  -2.7870816e-02   3.3338025e-01  -1.4664258e-02   2.2966724e-01   2.1998265e-01   2.0599273e-01   3.9153348e-01  -2.6814104e-01   1.7815975e-01  -1.1448637e-01  -3.9064559e-02   3.6105830e-01   1.2953721e-02  -8.1487102e-02   6.3794370e-02  -4.7757091e-02  -1.2869273e-01   1.7480423e-01   1.4213715e-02   1.1026251e-01   1.8455694e-01  -5.9257319e-02  -2.0778391e-01   2.9794624e-01
  -2.6865361e-01  -6.1420591e-01  -4.6737443e-02  -2.0217948e-01  -3.3887218e-01   7.7035887e-02   0.0000000e+00  -1.5183937e-01   2.2521509e-01   9.0981717e-03  -3.4686497e-01   2.2402229e-01  -3.2690716e-01   7.9173445e-02   6.6062014e-01  -8.5721315e-02  -3.5964824e-01  -1.0059066e-01  -2.6927216e-01  -3.0743883e-01  -1.5872522e-01   1.4198320e-01   6.4128544e-01  -1.7394280e-01  -4.6481852e-02  -2.3153995e-01  -2.4244271e-01   2.1939717e-01   2.0227802e-01   1.9018755e-01  -3.1749910e-01  -3.8183471e-01  -2.7710973e-01   3.8812705e-01  -7.3057103e-02   3.3550355e-02   2.5541228e-01  -2.0463734e-01  -1.1506361e-01  -6.0107135e-02  -2.4880604e-01  -8.0220008e-02  -6.4901592e-02  -1.1835983e-01   1.5205921e-02  -4.5412039e-01   8.5969329e-02   5.0398286e-01  -1.4568459e-01  -4.1896953e-01   5.6764066e-02  -3.1927328e-01  -4.3654637e-01   2.9312097e-01   6.3371188e-02   3.2680625e-01  -7.6901323e-02   1.6166127e-01  -3.7868711e-01   1.4644173e-01  -1.9429944e-01  -1.0759740e-01  -3.9172785e-01  -2.6062216e-01  -3.1598201e-01   5.7121206e-01  -1.7160679e-01  -2.3726665e-01  -1.9858410e-01   1.5186716e-01  -1.4577155e-01  -1.6859638e-01   2.0640790e-02  -9.0648407e-02  -5.3382947e-02  -3.0523231e-01   6.7626825e-02   2.4605254e-01  -4.1269522e-01  -1.3463973e-01   5.2248211e-01  -6.4619298e-02  -2.4332807e-01  -1.5028022e-01  -5.0366781e-02  -1.1214601e-03   3.3706738e-01   3.5685502e-01  -2.0596787e-01  -2.1729519e-03  -4.9349106e-01  -1.0733106e-01  -1.1746466e-02   8.1725067e-02   6.8268386e-02  -4.4693464e-01  -3.5351083e-01  -5.1095408e-02  -3.8401045e-01   5.9846914e-01   1.7967163e-01   3.7421354e-01   1.9423805e-03  -2.2726335e-01   2.4979652e-01  -8.9045615e-02  -2.9411704e-01  -2.7677907e-01   9.0091866e-02   1.5102950e-01   4.9912085e-01   5.4501998e-01  -2.5765984e-01  -3.0395860e-01   5.3410660e-01  -6.1989156e-01   2.8793785e-01  -3.4875736e-01  -3.3007760e-02  -1.1544976e-01   5.2374779e-02  -3.8917955e-01   1.5123754e-02  -2.9291897e-01   4.2247075e-02   4.2537089e-01   2.8176156e-01  -2.1071788e-01  -2.2062922e-01   1.1372009e-01  -1.5903371e-01  -7.0368871e-02  -5.8255418e-01   1.6960585e-01   1.4233896e-01  -3.8011357e-01  -1.3210526e-01   1.7086179e-01  -2.0948688e-01  -3.1387437e-01  -1.0770186e-01   4.3218134e-02   3.7675436e-01   5.1697702e-01   7.6528515e-01   2.6575178e-01   5.6631160e-01  -2.7352761e-01   4.6383527e-01  -3.2111598e-01   6.3654356e-01   2.2120506e-01  -2.0225479e-02  -1.8004967e-01  -8.5354939e-02  -1.7658109e-01   2.6913256e-01  -3.5334943e-01  -6.4616388e-02   5.1677626e-01  -8.9136540e-02  -3.5208377e-01  -8.7565554e-02  -2.8584174e-02  -5.5210152e-01   5.4622218e-02  -5.5995456e-02  -3.5533994e-01  -3.0801357e-01  -4.6117480e-01   9.8899275e-02  -9.0740001e-02  -3.0829788e-01  -2.9118198e-01   6.7055716e-02  -3.1475302e-01   1.4451397e-01
   4.2072274e-01  -1.6671804e-01  -2.6511351e-01   1.2530428e-01  -1.7042372e-01   2.4117007e-02  -1.5183937e-01   0.0000000e+00   2.5577308e-02  -9.0841230e-02   6.3732504e-02  -8.9594594e-02  -1.9896375e-01   3.4780758e-02  -1.5781160e-01   5.9945085e-02  -2.0377345e-01   2.1945629e-01   1.8922601e-01  -1.0241791e-01  -2.5624302e-01   1.2695263e-01  -8.6424568e-02   8.6823172e-02   4.1624618e-02   3.4307123e-01  -1.3864882e-01   2.3803025e-01  -5.4427604e-02   5.1614322e-03  -1.1754539e-01   2.5254725e-02  -1.8560253e-01  -3.0077160e-02   2.6697963e-01  -9.0948901e-02  -6.8195628e-02   8.5581104e-02  -1.7598525e-01  -2.4889827e-01   5.8511285e-02   1.5250663e-02  -1.5124643e-02   2.0893455e-01   1.1064158e-01   1.9045320e-01   2.4092433e-01  -3.7527994e-01  -2.7782055e-01  -7.5199820e-02   2.4965602e-01   3.6957266e-01  -4.8531968e-02  -2.7076204e-01   1.4261452e-01   1.4320422e-01  -1.4392693e-01   1.1537354e-01   9.8330604e-02   2.1717429e-01   1.2774876e-01   2.1205529e-01   1.4654529e-01   4.1749249e-01  -1.2732721e-01  -1.7442039e-01   1.9404620e-04   6.6513076e-03   3.2984799e-01   8.7126432e-02  -3.0385981e-01   1.0996092e-02  -7.9883280e-03  -2.1441345e-02  -3.6915722e-01   2.3451235e-01  -1.0492207e-01   4.4029073e-02   8.8137292e-02   8.0795449e-02   2.1977166e-01   5.1371922e-02  -1.8228076e-01   2.0027774e-01  -3.9250449e-01   1.8738291e-01   4.3951586e-02  -2.2550534e-01  -8.7964014e-02  -1.7662908e-02  -1.6021018e-01   9.9405401e-02   3.4465653e-02  -1.0746248e-01  -8.9326334e-02   5.2977851e-02   1.7563168e-02  -9.7385613e-02  -1.8419676e-01   1.4058324e-01  -2.2554677e-01   2.0559501e-01   1.9821892e-01   5.8682734e-02   3.8247348e-01  -1.0379101e-02  -4.0014204e-01   7.7287156e-02  -1.0132705e-01  -8.3447364e-03  -1.3203444e-01   1.9105488e-01  -3.4167245e-02   2.6045153e-01  -1.2789064e-01   3.8567013e-03   3.2883105e-01   1.6248644e-01   1.4040271e-01   5.5996864e-02  -2.0688903e-01   7.8857807e-02  -1.4683761e-01  -4.7520235e-02   6.0624107e-02   1.2108299e-01  -1.5047212e-01  -1.4331707e-01   2.6789876e-01  -2.8247434e-01   3.6422749e-01  -1.5359124e-01  -3.7088710e-02  -2.4130586e-01   1.4566061e-01   5.3060677e-01  -2.6383093e-01   3.5958962e-01   1.5167691e-01   1.1100356e-01   9.0542807e-02   7.8222622e-02   2.4375101e-01   1.1323289e-01   2.2550763e-02   7.1123552e-02  -2.5589814e-01  -5.1876638e-02  -1.2798326e-02  -2.9517328e-01  -6.6494154e-02   3.2334546e-01  -1.1369738e-01   9.9852452e-02   6.0980989e-02   2.9916907e-01  -1.5961531e-01   2.9393319e-01   2.1469605e-02   3.0101707e-01   5.4657188e-02   2.3796482e-02  -2.3652078e-01   2.5958080e-01   1.4854051e-01  -1.0331066e-01   2.3576526e-01   2.1168649e-01   5.8959542e-02  -2.2203013e-01  -1.5582379e-01  -1.0977502e-02  -4.7732851e-02   2.5197371e-01   3.3059299e-02  -5.6515378e-02  -2.2197251e-02
  -3.2917650e-02   3.2888625e-02   2.3637311e-01  -3.6024961e-01   2.6085702e-01  -1.0102451e-01   2.2521509e-01   2.5577308e-02   0.0000000e+00  -2.8294032e-01  -2.6986644e-02   6.3585223e-02  -2.0259351e-01   7.5841770e-02  -2.1918958e-01  -8.0246049e-02  -2.6825492e-02  -2.2931088e-03  -1.3483622e-01  -5.7891503e-02   3.4603853e-01   6.9254571e-03   1.3521580e-01  -2.8408363e-01  -2.4473158e-01  -1.3119054e-01  -1.0812400e-01  -1.2795835e-02   4.7834698e-02   2.2165331e-01  -2.2380856e-01  -9.8184766e-02  -1.1106403e-01  -1.8932624e-01   1.5864119e-01  -7.1064445e-02   6.5127620e-02   4.8661157e-03   7.2581925e-02   4.0314691e-03  -3.4258090e-01   5.1807905e-03   1.6538557e-01  -9.7070303e-02  -8.3026383e-02  -2.1715769e-01  -1.7583355e-01   7.6259234e-02  -1.6670939e-01  -4.5858822e-02   1.1559104e-01  -1.8945452e-01   3.0629876e-01  -3.2773739e-02   5.6943698e-02   3.1957406e-01  -2.3346749e-01  -9.9728606e-02  -1.5945905e-01   1.8525245e-01   7.2171148e-02  -3.3583876e-01   2.3254126e-01   5.4246018e-02   4.6632481e-02  -7.0872062e-02   2.1195555e-02   1.5261649e-01  -2.6277966e-01   6.7705741e-02   1.8919442e-01  -7.3096497e-02  -4.7280939e-02  -1.3003220e-01  -2.0283356e-01  -4.3967507e-01  -1.2018352e-01   1.2348357e-01   7.9080180e-02   5.2551331e-03   2.1575901e-01   8.3251591e-02  -1.6128389e-01  -1.5265255e-01  -1.2531562e-01  -1.2144721e-01   3.5404189e-01  -6.2648147e-02   4.2333586e-01   1.4001816e-01   6.8716546e-02  -6.2696540e-04   1.5128132e-01   2.4370365e-01  -4.9742456e-02   3.5890932e-02  -2.9318954e-01   1.7332688e-02  -3.2309834e-01   1.9099540e-01   1.5538361e-01   4.6204889e-02  -2.0418491e-01   4.6293260e-01  -2.0801102e-01  -2.3526993e-01  -9.1844450e-02  -3.4316857e-01   1.6883338e-01   2.1987937e-01  -2.3373707e-02  -1.0300463e-01  -2.2124495e-01  -1.5652573e-01   8.7169803e-02  -2.7739720e-03   2.2646891e-01  -8.3245577e-02   5.6554377e-02  -3.4457228e-01   4.2899628e-02   4.8748882e-02   9.6032361e-03   3.4310619e-01   6.1448084e-02   1.2584853e-01   4.0149646e-02  -3.9687959e-02  -2.2248703e-01   1.0783072e-01   7.2111564e-03   2.6007710e-01  -5.2725505e-02   2.4022710e-01   6.1206052e-02  -4.4642492e-02   2.7911325e-02  -4.0247318e-02   1.3871890e-02   1.0009802e-01   8.8350619e-02   6.6651372e-02   2.6174475e-02   9.2498457e-02   7.6112376e-02  -1.8347893e-01  -4.0913702e-02  -3.8641138e-02  -2.3854319e-02  -1.3587181e-01   7.1849951e-02   2.7174485e-01  -5.7110832e-02   3.5603339e-01   2.6004215e-01  -1.6515444e-01  -1.1852328e-01  -4.6623678e-01  -9.2064629e-02   1.2040388e-01   1.5569844e-01   7.2267275e-02  -1.0499579e-01  -6.6121166e-02  -1.2243131e-01   3.6153592e-02   3.0479811e-01  -3.6022362e-01  -2.6427858e-01   3.4145577e-03   1.6985935e-01  -1.9916324e-01   4.8926657e-02  -2.0027355e-01  -3.1739497e-01  -1.3044699e-01   8.3280133e-02
  -3.8789928e-02   2.9505528e-03   9.4213621e-02   3.5964805e-02   2.0008760e-02   2.4223865e-01   9.0981717e-03  -9.0841230e-02  -2.8294032e-01   0.0000000e+00  -1.8344317e-01   2.4510050e-01   9.7753462e-02  -1.6437492e-02  -3.3830489e-03   8.0391050e-02   3.3425409e-01  -1.9208502e-01   3.3783438e-01   1.1484252e-01  -1.3477206e-01   7.2079558e-02   2.1710755e-02   3.3704206e-01  -3.1707867e-01   1.2823380e-01   6.3643489e-03  -1.7336398e-01   1.6937412e-01  -1.8195888e-01  -2.5790938e-01   2.3893220e-01  -1.2683442e-01   1.9054801e-01   6.6141648e-02   3.0919335e-01  -3.2102474e-01   1.2596815e-01  -4.4238094e-02   1.6872662e-01  -5.8661816e-02  -2.0423629e-01   3.6300288e-01  -2.0544018e-01   8.5843770e-02   2.4140666e-01  -2.4099051e-01  -3.0711704e-01   1.4443088e-01   1.0626257e-01  -2.5304941e-01   1.0057016e-01  -8.7095135e-02   1.1104588e-01   5.5291447e-02  -2.6778148e-01   1.4900695e-01   1.8946119e-01  -3.1620020e-01   1.9278343e-01   1.2950223e-01   8.3141208e-02   2.1031453e-01  -4.0535126e-01   7.7677583e-02   1.6218275e-01   1.4196427e-01  -2.5236201e-01   1.9779060e-01   2.4788501e-01  -1.3440882e-01  -4.2417112e-03  -2.4482954e-01   3.6692053e-01   7.4752780e-02   2.4108524e-01   1.6603454e-01  -5.6148892e-03   3.4368779e-01  -1.4329730e-01  -2.2659978e-01   4.2439112e-02   7.1757149e-03   4.3628832e-02  -1.3405739e-01   1.6497696e-01  -1.2624410e-01  -2.4280540e-01   1.5610647e-01   2.6587826e-01   1.1684462e-01   1.9995666e-01   2.1750296e-01   3.0465293e-01   2.5306306e-01  -1.2871881e-01  -1.3534602e-01   3.5883222e-01   2.6397149e-01   1.5316464e-01  -1.2181198e-01   1.4051680e-01   9.0827126e-02  -2.3983263e-01   2.2097383e-02   2.9987560e-01   8.2325271e-02   7.4263763e-02  -1.7244981e-01   2.2212013e-01   2.8913148e-01   4.0420193e-03   8.7881983e-02  -8.5440513e-02  -5.1500432e-02   2.3209724e-02  -7.3592752e-02   1.4461985e-01   1.6801036e-01   2.7035782e-01   1.9243303e-01   2.3491740e-02   3.5862634e-01  -2.7410680e-01   1.2791601e-01   1.0575248e-01  -2.1783201e-02   2.7291820e-02   8.9572597e-02   4.5034341e-02  -1.6245041e-01   7.4887543e-02   4.6500782e-02  -2.0831081e-01   1.5918862e-01  -6.9920757e-03  -1.0645369e-01  -3.4533575e-02   5.2740404e-02   1.6153540e-02   3.4186133e-02   1.6665950e-02   1.8681021e-01   8.2867501e-02  -6.1997068e-03  -1.8447614e-01   2.0306843e-01   2.7295037e-01   4.9097122e-02  -2.9419002e-02  -1.0498519e-01  -7.0636420e-02  -1.0312305e-01  -4.7643983e-02   1.7897056e-01  -3.1499942e-02   4.4386626e-01  -1.4845001e-01   3.7199079e-01   4.5284437e-02  -1.7782142e-01  -2.4484169e-01   8.7793644e-02   6.5677578e-02   5.3531610e-02   2.1638596e-01   3.9905309e-02   1.3778203e-01   3.1434404e-02  -7.5030169e-02  -8.5517594e-02   1.4960877e-01   1.8021308e-01   1.2255192e-01   6.3149323e-02  -1.1549238e-01   1.7386832e-01
   2.2191166e-01   3.0974715e-01   7.0998872e-02   3.7721048e-02   1.5912868e-01  -1.0439139e-01  -3.4686497e-01   6.3732504e-02  -2.6986644e-02  -1.8344317e-01   0.0000000e+00   1.5197414e-01   1.7865141e-01  -2.7605293e-01  -6.2839035e-02   1.1009649e-01   1.9680611e-01  -4.3949182e-02   1.5057615e-01   1.1265592e-01   3.0525248e-01  -1.6716338e-01  -1.8518321e-01  -2.2994257e-01  -1.0714860e-01   2.4079719e-01   4.1428818e-01   2.4777936e-02  -4.5209531e-01   1.3199978e-01   3.7811740e-01  -6.2693085e-02   6.3070297e-02  -1.4473404e-01   1.1507990e-01   9.8273102e-02   1.0515737e-02  -1.6822731e-01  -4.1125486e-02   2.2664559e-01   8.8344903e-02  -9.7954917e-02   8.6784320e-03   2.5391152e-01  -1.7152152e-01   2.0241275e-01   3.3809349e-01  -1.9415354e-01   5.4070653e-02   1.4309116e-01   1.0669671e-01   2.5958720e-01   1.6593241e-01  -4.6992127e-02  -1.9321527e-01   4.0514681e-01   1.5630383e-01  -1.2237409e-01   5.0450917e-01  -3.6283143e-01   2.7844890e-01   3.7233153e-01  -7.6935377e-02   2.0160350e-01   6.6527533e-02  -1.0873337e-01   3.3920137e-01   1.4094584e-01   1.1441156e-01  -7.4895484e-02   8.8716854e-02  -5.6202922e-02   3.9901128e-01  -8.3458564e-02  -4.9648329e-02   1.5775274e-01   2.4442501e-01   2.1026915e-01  -9.5537088e-02  -2.8604727e-01  -1.2486227e-01   1.4992144e-01   2.0144094e-01   1.7186258e-01   9.7116098e-02   5.8425916e-02  -2.4320768e-01  -2.4218462e-01  -2.3818216e-02  -4.4922843e-01   3.4126549e-02  -7.3130462e-02   1.5594214e-01  -5.3382574e-02   2.3729578e-02   2.8072503e-01   2.3033706e-01   2.7686834e-01   8.1639095e-02  -1.0793372e-01  -2.3739531e-01   1.3770648e-01  -6.8088530e-02  -7.6042911e-02   6.6612942e-02   7.1327929e-03  -5.1238133e-02   2.9278678e-01  -1.0464459e-01   1.6932263e-01  -1.0795871e-01  -1.0801795e-01   2.5803438e-01   2.2902347e-01  -1.7407515e-01   1.3713713e-01   3.1043711e-01   4.4770792e-01  -3.4260134e-02  -2.1991951e-01  -1.1734624e-01  -8.7207724e-02  -9.2374327e-02   2.7240525e-01  -1.0983317e-01  -1.9558219e-01  -2.1635218e-01  -1.8313616e-01   1.1498237e-01  -2.0105541e-01   1.5336513e-01   4.6713057e-01   1.5343666e-01   2.3161950e-01  -1.6441579e-01   1.7515401e-01   1.9866557e-01  -3.2133291e-01   3.1701119e-01   2.4598490e-01   3.6173561e-01  -1.5096175e-01  -4.2170317e-02   2.4677174e-02  -1.2080975e-01  -1.5308468e-01  -2.5597373e-01   2.8285144e-01  -9.6135736e-02   5.1130515e-02  -2.7663813e-01   4.6697065e-02  -1.5208687e-01  -2.7643004e-03   2.7556310e-02  -2.5381869e-01  -9.0472635e-02   3.0634808e-01  -1.1956627e-02  -1.5614946e-01   4.2414777e-05   5.1842839e-02  -1.0772644e-02   1.8442454e-01   3.6216591e-01   1.4803423e-02   2.7945068e-01   1.0260531e-01   3.8511841e-01   2.9960873e-01  -1.3514947e-01  -1.3985603e-01   3.7375541e-02   1.7827209e-01  -4.2671830e-03   2.4421382e-01  -2.5632256e-01
  -2.9822728e-02   2.9944119e-02   3.8051719e-01  -1.3883062e-01   2.8106789e-01  -7.7538192e-02   2.2402229e-01  -8.9594594e-02   6.3585223e-02   2.4510050e-01   1.5197414e-01   0.0000000e+00  -3.5771992e-01  -2.6254131e-01   2.5242548e-01  -1.1460222e-01   2.3699984e-01  -5.0798599e-01  -1.2533710e-01   2.6536858e-01   8.7039110e-02  -2.6057147e-01   4.8430564e-01  -3.2805943e-01  -4.9263403e-01   5.7709745e-02   2.0261382e-03  -4.9313539e-02  -1.7413508e-01   3.8253605e-01  -1.8089836e-01  -4.0093149e-02  -3.5590820e-01   5.1588205e-01   2.2988390e-01   1.1909085e-01   1.7568090e-01  -2.4662361e-01  -2.4239952e-01   5.6066878e-01  -3.2345683e-01  -1.5653093e-01   4.8312669e-01   6.4971152e-02   2.1082584e-01   4.5949891e-03   6.0206929e-02   2.1194203e-02   1.1461388e-01   6.6962352e-02   4.5050653e-02  -5.6628703e-02   6.9037804e-02  -3.1445915e-02  -5.8419240e-02   1.0062918e-01   3.9111854e-02  -1.1479645e-01  -2.9722500e-01   1.1572749e-01  -6.7250634e-02   1.8246864e-01   2.5933502e-02  -1.0695141e-01   5.3271111e-02   4.1790475e-01   2.2277542e-01  -9.8759723e-02   1.7287447e-01   2.9805846e-01   7.3405065e-03  -1.8168043e-01  -1.1987921e-01   3.7626091e-01  -4.8322479e-02  -3.7133991e-01   3.4849095e-01   2.7786479e-01   1.3854184e-01  -4.5311482e-01  -2.2524237e-01  -2.2160642e-01   1.3623208e-01  -6.3157235e-02   1.5831006e-01   2.4288883e-02   1.9044087e-02  -3.3958177e-01   2.2099065e-01  -5.3495562e-02  -2.2536853e-01  -4.7841484e-02   5.2461646e-01   1.0116055e-01   3.5321073e-02   1.7228926e-01  -1.4299414e-01   3.3392851e-01  -4.2786337e-03   3.6819491e-01   4.8929315e-02   5.2905359e-01  -6.9902050e-02   7.8513373e-02  -5.4777105e-02  -2.9440318e-02   6.2369733e-02   3.3202766e-02   1.9228208e-01   4.4445860e-01   6.2460757e-01   3.6907422e-02  -1.4244586e-01  -1.1115431e-01   4.7194835e-02  -6.6343812e-02   2.5104155e-01  -5.5499961e-02   1.3204770e-05  -4.1398833e-01  -3.7810999e-02  -2.8211780e-03   2.0108313e-01   6.0047625e-02   3.1133565e-02   3.2447701e-01   4.0898195e-02  -2.9188029e-01  -1.8558205e-01   3.6640412e-01  -1.0599196e-01   4.1323217e-01  -7.7094669e-02   2.0812118e-01  -5.1319353e-02  -4.7310723e-02  -1.3157478e-01  -2.2007802e-01   2.9922579e-03  -3.0459465e-01  -2.3310031e-02  -6.8999625e-02   7.0684563e-02   3.5483341e-01   2.9681134e-01   1.1650183e-02   4.1112136e-01   2.3366561e-01   2.9923221e-01  -1.0390719e-01   1.5654988e-01  -8.8658259e-02  -3.3567734e-01   1.2881272e-02   3.0085576e-01  -3.5915071e-01   1.2539397e-01  -3.0886011e-01  -8.8576064e-02   1.1115907e-01  -1.7134990e-01  -1.9413022e-01  -3.4339197e-01  -2.9540152e-01  -1.3060911e-01   4.3458818e-01   2.6246569e-01   4.6514928e-02   7.6024117e-02   1.4083385e-01   2.0877239e-01  -3.6342803e-01  -1.4896699e-01   3.2866121e-02  -1.6408170e-01  -1.9664479e-01  -8.4789799e-02
  -9.1696288e-02   2.7967073e-01   1.8670181e-01  -1.2850066e-02   6.4641102e-02   1.3658494e-01  -3.2690716e-01  -1.9896375e-01  -2.0259351e-01   9.7753462e-02   1.7865141e-01  -3.5771992e-01   0.0000000e+00   1.9765028e-02  -9.0910704e-02   1.7137051e-02   2.6547716e-01  -6.3398340e-02   2.9155337e-01   1.1953063e-01  -1.4302055e-03  -2.3350750e-01  -3.7252207e-01   5.1184547e-02  -5.7820319e-02   7.0814755e-02  -3.5576845e-02  -1.6443105e-01   5.6114403e-02  -3.7859237e-01   3.2834439e-01   1.5421749e-01   4.5976639e-01  -3.3610617e-01  -1.2169203e-01  -2.4258521e-01  -3.1159679e-01   1.9849605e-02   2.6082972e-01   9.5755555e-02   3.5841323e-01  -4.5583272e-03  -3.4666950e-01  -1.1760948e-01  -2.6805852e-01   6.2991003e-02  -9.0723396e-02   2.3477966e-02   2.3037801e-01   2.3585431e-01  -4.3052728e-01   3.1164963e-01   7.4784354e-02   1.4866324e-01  -4.2962057e-02  -1.3442201e-01   4.0381389e-02  -7.3753861e-02   2.2639119e-01  -2.6538216e-01   2.5765666e-01  -2.7329420e-01   1.8836723e-01  -2.1331557e-01   2.0441625e-01  -3.5582727e-01   1.3760619e-01   3.2516762e-02  -3.2430210e-01  -2.7254620e-02   1.4964456e-01  -2.0711458e-01   2.5570844e-01   6.7919706e-02   3.4602622e-01   2.5467740e-01   1.0593866e-02  -2.7827310e-02   1.1136739e-01   1.5916652e-01  -1.3926378e-01   1.3120871e-01   4.2663241e-01   2.0065393e-01   1.0792520e-01   1.5878236e-01  -5.7633120e-02   5.2068817e-02  -1.1459169e-01  -6.4978591e-02   4.7828527e-01   6.8963160e-02  -9.4322657e-02  -2.5609454e-01   4.5537593e-02   6.7346944e-02   2.8039464e-01   1.6501766e-01   9.7595402e-02  -5.6914015e-01   9.8907734e-02  -2.5755858e-01   4.4931985e-02  -6.0211185e-02  -3.3277633e-01   6.7992359e-02  -9.0578262e-02   3.7948693e-02  -2.8089612e-01  -3.9207349e-01  -9.3495754e-02  -4.2287655e-01   2.1777272e-01  -6.5380103e-03   2.7889893e-02   3.9893027e-01  -1.5305166e-01   3.1118484e-01   9.1775251e-02   2.8254801e-01   2.2152148e-01   1.0369127e-01  -2.2045191e-01   3.5881551e-02   3.7833913e-02  -1.6671098e-01  -1.2331979e-01   2.7543969e-01   7.0718073e-03  -8.1321400e-02  -2.0900601e-01  -1.2382298e-01   3.5564958e-01  -1.8232875e-01  -2.5546342e-01   2.1049223e-01  -7.7955321e-03  -1.1843569e-01   1.5837107e-01   2.5434803e-01   1.9104967e-01   8.0222928e-02  -1.3734153e-01  -3.2897920e-01  -2.4241128e-01  -6.6057605e-02  -1.1439556e-01   1.0370390e-01  -3.5066853e-01   1.9617860e-01  -1.2045208e-01  -2.5237937e-01   2.3840891e-01   7.1486087e-02   1.7292421e-01   9.1066804e-02   1.5358326e-01   1.3261060e-01   2.8165234e-01  -3.5022565e-01  -4.5312827e-03  -1.2998515e-01   2.8768678e-01   1.5456452e-01   1.9271778e-01   4.1269219e-03   2.1283161e-01  -1.7839244e-01   1.7312487e-02   1.5684691e-01  -2.4241705e-02   1.5460415e-01   3.9693596e-02  -1.4611254e-01   1.5442554e-01   4.3609881e-01  -2.7197614e-01
   1.5696239e-01  -7.1548384e-02  -4.0001022e-02  -8.3171726e-02  -4.3844453e-01  -4.9767580e-02   7.9173445e-02   3.4780758e-02   7.5841770e-02  -1.6437492e-02  -2.7605293e-01  -2.6254131e-01   1.9765028e-02   0.0000000e+00   9.3524434e-02  -1.4703686e-01  -8.3280816e-02   1.8689615e-01   8.2258090e-02  -3.0743504e-01  -1.4205556e-01   2.7685365e-01  -2.7603144e-01   3.2229347e-01   5.2396542e-02   1.6564006e-05  -3.7086597e-01   6.1228304e-02   6.4820727e-02   2.4550395e-01  -8.6019781e-02   8.9430441e-02   3.1440663e-02  -2.1548430e-01  -2.6116879e-01  -2.8839457e-01  -1.5626251e-01   2.6471495e-01  -1.3396292e-01  -2.2403205e-01  -1.4711625e-01  -1.0440023e-01  -7.9950800e-02   1.3081677e-01  -1.6726999e-02  -3.1751655e-02  -1.9575742e-01  -5.2061054e-02   1.8712373e-03  -1.2909840e-01  -5.2430135e-02   7.2891669e-02   1.5625724e-02   9.9745826e-02   3.2985729e-02  -1.0237357e-01  -1.4382315e-01   3.5402858e-01   4.2026404e-02  -3.1505611e-03  -3.8366185e-02   6.4582087e-02   6.7269943e-02   9.1667163e-02   2.3011180e-01  -7.8753123e-02   3.5196590e-02  -3.1123654e-01  -8.7384411e-02  -7.4965201e-02  -2.0307478e-01  -2.2753143e-01  -3.8992135e-01   4.7808218e-02   4.0102932e-03  -2.0301802e-01   1.0412181e-02   5.4141470e-02   7.8199323e-03   1.1150968e-01   8.9855934e-02  -2.3994088e-01  -3.4787389e-02  -2.3046644e-01  -1.4012772e-01  -2.0492127e-01   3.7783709e-01   4.1033586e-01  -3.3704820e-02   2.3431427e-01   1.0096495e-01   2.6063154e-01  -1.3536819e-01  -2.8906625e-02  -1.9822785e-01  -2.0841555e-01  -1.2011322e-01  -2.3370241e-01  -1.3089967e-01   4.4023400e-02   1.3549181e-01  -5.2065657e-02   4.7561019e-01  -9.2170710e-02   1.2356466e-01  -1.6913355e-01  -4.5346106e-02  -1.7656992e-01  -6.8283263e-02   5.0608643e-02  -3.7839103e-01  -6.7135876e-02  -8.8737663e-02   3.2055453e-02   2.6167581e-01  -2.3164057e-01   1.2205075e-01  -1.6922545e-01   2.8157685e-01   5.7764811e-02  -4.1490434e-02  -9.8613933e-02   1.3820493e-01   2.4160538e-01  -3.7417906e-01   2.4744663e-01   1.3135121e-01   2.0426535e-01   3.1962746e-02   1.3337641e-01  -2.0435590e-01  -4.5386735e-01   3.0552744e-01   7.7985134e-02  -7.2670161e-02  -1.6028457e-01  -4.6127055e-02   2.6552632e-01   4.6504573e-02  -6.7194499e-02   2.0478481e-01   2.4634718e-01  -1.1113156e-01   2.1705387e-01   2.6560656e-01   3.1790715e-01  -2.1562515e-01  -2.6226802e-01  -3.1177743e-01  -2.0741352e-01  -1.7684306e-02   5.2097722e-02  -6.6695399e-02   1.4956702e-01  -6.3012826e-02   3.0706127e-01   1.0089340e-01  -1.1534261e-01   1.5906725e-01   4.6567539e-02  -1.9013581e-02  -2.3600009e-01   1.2821618e-01   3.6702401e-02  -1.6904799e-01  -3.6859780e-01  -7.1937646e-02  -4.6414857e-02  -3.3672421e-01  -4.1184412e-01  -1.9595362e-01   2.7456693e-01  -1.2761179e-01  -7.4098720e-02   3.4075640e-02  -1.7103690e-01   1.1698173e-01
