   0.0000000e+00  -1.6685851e-01   8.3500514e-02   1.8199717e-02   2.0404235e-01   5.8346911e-03  -1.2253468e-01  -3.2890060e-02  -2.0326821e-01   7.9512346e-02   1.4527027e-01   3.0217825e-01  -8.9385371e-02   2.4747394e-01   9.9402368e-02  -1.7293782e-02   3.3057024e-01  -5.0975741e-01   5.0145678e-02   4.1375605e-02  -4.2670107e-01  -4.0724649e-01   2.3649808e-01   3.4041694e-01   2.3744087e-02   8.5201012e-02   1.5136051e-01  -3.2726272e-02  -2.2566103e-01  -5.4526496e-02  -6.6216439e-02  -7.9741238e-02   8.3354998e-02  -3.8886800e-02  -9.2873589e-02  -4.7244365e-02  -1.8985015e-01   1.3922922e-01  -1.7691692e-01   3.4129986e-01  -2.0020941e-01  -1.0155966e-01  -2.8170822e-01   1.3796029e-01   3.7013054e-02   1.7129165e-01  -1.8520034e-02  -4.6568785e-02  -3.3842247e-01   3.3860939e-01  -5.0237761e-02   5.7080210e-02  -1.7866123e-01  -4.0985830e-01  -2.1745315e-01  -3.0778045e-02   2.2670663e-01  -7.1212529e-02  -1.4802690e-02  -2.4223827e-01   2.2534708e-01  -1.1769696e-01  -4.0575774e-02   1.7996900e-01  -2.1699964e-01   8.9933186e-02  -1.3178573e-01   4.0261376e-01  -1.1500031e-01  -2.7353270e-02   3.1333971e-01  -9.4666696e-02  -2.7795723e-01  -3.6215315e-02  -3.2227489e-01  -2.5134668e-01   2.2617208e-01   1.9505983e-01  -2.9325620e-01  -2.1567640e-01   3.6076380e-02  -1.8620419e-01   8.0607634e-02   7.1605569e-02   2.8483439e-01  -7.0922526e-03  -2.4743029e-01  -1.1363067e-01  -2.1576216e-02   4.8871882e-01   1.4443525e-01  -2.8448003e-01  -2.4068234e-02   1.6977182e-02   3.6518328e-02   6.7530977e-02  -1.2105848e-01  -2.1857834e-02   3.4271556e-02   1.9938609e-01   2.0543190e-01   1.5812304e-01  -5.7966530e-02  -4.5823585e-01  -7.1147745e-02  -2.4027481e-01  -1.7658069e-01  -7.3352111e-03  -1.2212280e-01  -4.4789117e-01   9.3747807e-02  -2.2108001e-01  -4.6907249e-03   4.9398477e-01   3.6210167e-03  -3.7967486e-01  -4.4468513e-02  -2.6178727e-01   4.5013246e-01   3.0440214e-02  -2.3251706e-01  -7.0981676e-02  -9.9798322e-02  -3.6789358e-01   1.5477614e-01   1.2742721e-02   2.0062587e-01  -5.0335872e-02   1.1090866e-02   2.8529876e-01   6.1516729e-02  -1.0823705e-01   6.7816217e-02  -1.5833205e-01   1.5021365e-01   3.1133588e-02  -3.5724645e-01   5.6283459e-03  -8.4434647e-02  -9.4421837e-02   3.5321848e-01  -4.2876295e-02  -2.1300505e-01   1.4182024e-01   2.8523252e-01  -3.9882002e-02   9.9672509e-02  -1.1533275e-01   1.1181737e-01  -3.5743955e-01   2.0129528e-01  -8.3507856e-02  -3.3930903e-01   1.5694318e-01   1.9663995e-01  -3.5829403e-01   8.6391443e-02   1.9776515e-02   3.8364057e-01  -4.2055158e-02  -1.9837790e-02   4.3873012e-02  -1.1412611e-01   4.5077516e-02  -1.1480319e-01  -1.8224240e-01   9.2639729e-02  -4.4621857e-02   4.3531189e-01  -3.2770062e-01  -1.2322110e-01  -2.3505890e-01   1.5487234e-01   1.4958611e-01  -2.5370744e-01  -1.3631555e-01  -2.1470388e-01
  -1.6685851e-01   0.0000000e+00   5.9359870e-01   8.9404531e-02   2.8482668e-01   2.4436562e-01   1.6486507e-02   1.5586610e-03  -2.0901865e-01   1.3745777e-01   4.7127314e-02   4.5969266e-01   1.6838613e-01  -3.8306342e-01   3.5825608e-01  -1.4776015e-01   4.1423610e-01   1.3420519e-01   2.3611724e-01   4.0519862e-01   9.0122780e-02   1.3703308e-01  -2.0139540e-01   1.4416738e-02  -3.6801853e-02   2.4492898e-01   2.2340146e-01   3.2714595e-01  -2.1585460e-01   3.7519205e-01   2.8632749e-01   2.2227189e-01  -2.5507470e-02   5.3157728e-01   2.0602299e-01   3.6977707e-01  -1.4400205e-02   2.7618779e-01  -3.6373574e-01   5.0555607e-01   1.9781580e-01   2.4931559e-01   3.0605417e-01   6.6409833e-02   6.9703191e-02   2.0016679e-01   2.9248393e-01   1.4600798e-01   1.5362880e-03   1.5764632e-01   3.4599974e-02   2.0473471e-01   5.4991718e-01   4.3996212e-02  -4.2543448e-02   1.7518885e-01   2.0122249e-01   1.4406801e-01   1.8864065e-01   1.7920478e-01   2.1000211e-01   4.5164331e-01   2.9222064e-01   2.1053026e-01  -1.8440337e-01   2.9264285e-01   4.4354160e-01  -1.8258438e-01   1.2348063e-01   3.6877703e-01   5.2913023e-01   1.0595728e-01   2.4565814e-01   1.8719803e-01   2.1983613e-01   3.6519378e-01   3.2507681e-01   1.2409439e-01   8.0019305e-03  -1.6734448e-02   1.9042587e-01   3.4792269e-01   1.8705998e-01   3.0366703e-01   2.1803209e-01   1.7430698e-01   6.0092153e-02   4.2550824e-02  -1.8725942e-01   1.7946597e-01   1.7867246e-01   3.1864615e-01   4.0155864e-01  -1.2479336e-02   8.5839302e-02  -4.2445132e-02   8.4194715e-03   8.5442963e-02   9.4182894e-02   2.9214786e-02   1.8601412e-01   1.6522655e-01   2.4946848e-01   1.7218653e-01   1.3632497e-01  -2.4756732e-02   4.0499824e-01   1.7041790e-02   1.4134297e-01   4.6461223e-01   3.9122616e-01   1.4163389e-01  -1.5356501e-01   8.9538229e-02   1.4468027e-01   7.7267297e-02   2.2317994e-01   1.5971232e-02   1.1983809e-01   6.1557516e-02   2.1169624e-01   2.3199490e-01  -1.9959959e-01   1.2926368e-01   8.6477410e-02  -1.9769074e-02   2.7265647e-01  -3.6078858e-02   1.5770763e-01   4.0027163e-01  -3.6196008e-02   1.5714482e-01   3.3339864e-01   3.1475541e-01  -2.2407129e-01   1.9201213e-01   7.8381888e-03   1.8712905e-01   1.0780761e-01   3.2977722e-01   9.9751876e-02   1.5897328e-01   2.4252218e-02   2.5117728e-01   2.8788088e-01   5.1979250e-02   3.9325522e-01  -7.6733640e-02   1.2680188e-01   2.8617972e-01   1.9169565e-01   1.9948405e-01   2.2513484e-01   3.9107519e-01   5.0010876e-01   3.9193747e-01   4.7426211e-01   2.8210734e-01   2.0018849e-01   2.8779080e-01  -5.3607448e-02  -3.1161425e-01   3.0075932e-01   1.3999365e-01  -1.1119801e-02   2.1479937e-01   3.0465314e-01   1.9711466e-01   1.9815866e-01   1.6420818e-01  -1.4778113e-01   2.7359515e-01   4.3382373e-02   2.3818572e-02   2.0143694e-01  -5.1221983e-02   3.5275548e-02
   8.3500514e-02   5.9359870e-01   0.0000000e+00  -4.2318748e-02   3.9231257e-01   5.3953378e-01   3.4217382e-01   2.4647247e-01  -2.2942766e-01   1.8786872e-01   3.1985993e-01   6.0665798e-01   4.9823672e-02  -1.2760914e-01   4.8266376e-01  -1.9665412e-01   7.3747885e-01   9.3369209e-02   3.2778523e-01   2.4512675e-01   3.0972582e-02   1.3964023e-01  -2.8975547e-02   1.4735408e-02  -1.6661915e-01   4.1682378e-01   5.7460348e-01   5.2931380e-01  -7.3371211e-02   3.1622045e-01   3.5600025e-01   4.5721557e-01  -8.4885976e-02   5.3797291e-01   3.5333957e-01   4.3609144e-01  -1.2225139e-01   5.8026754e-01  -3.9819679e-01   7.3989524e-01   2.3343805e-01   2.0597031e-01   3.1987057e-01   3.6699540e-01   1.0439222e-01   5.9955616e-01   1.8526129e-01   3.7915428e-01   1.0788690e-01   3.7979149e-01   2.2936352e-01   4.5454798e-01   5.0786297e-01  -9.4493800e-02  -2.1929726e-02   3.3017433e-01   4.4797027e-01   3.5830553e-01   3.0685316e-01   2.9633707e-01   3.6699728e-01   3.7435647e-01   2.5144672e-01   4.4257875e-01  -3.4797613e-02   3.2127014e-01   6.6337151e-01  -2.1641887e-01   3.1458940e-01   7.2426297e-01   4.6130900e-01   4.7098215e-02   2.7298132e-01   3.8621921e-01   9.1985520e-02   4.6815630e-01   6.5822853e-01   4.6314358e-01   1.6063429e-01  -1.3663146e-01   4.8315773e-01   4.5083365e-01   3.3092608e-01   4.5132280e-01   4.5794667e-01   4.1662131e-01   1.9712405e-01  -9.7835993e-02  -2.0453367e-01   4.4923969e-01   2.0678403e-01   3.3565034e-01   4.9348282e-01   6.1148121e-03   5.5495590e-01   1.5941520e-01  -1.6121481e-01   3.2696083e-01   7.6449315e-02  -3.0734456e-02   3.4933588e-01   4.6508106e-01   4.4568883e-01   1.2621190e-01   2.9143039e-01   9.3362942e-02   2.0577893e-01   3.4817913e-01   1.4839795e-01   3.6293827e-01   6.2581022e-01   2.6709422e-01  -2.4655467e-01   4.4956966e-01   3.9618570e-01  -2.0925766e-02   4.8349923e-01   1.5320664e-01   1.4627727e-01   1.3009976e-02   1.8971051e-01   3.8888687e-01  -1.7220194e-01   6.3930626e-02   5.1277053e-01   2.4314181e-01   2.7303936e-01   2.5223840e-02   3.7210295e-01   6.7215903e-01  -1.2858867e-01   3.8691085e-01   3.9374763e-01   2.0735857e-01  -1.3149385e-01   4.3168709e-01  -2.4518991e-01   4.8661472e-01   3.7836596e-01   1.8757958e-01   6.0113520e-02   1.0655245e-01   4.1266138e-01   4.8680508e-01   5.3030531e-01   1.8801354e-01   6.9413383e-01  -2.0246330e-01   1.3293558e-01   1.8026897e-01   5.1168581e-01   4.2742215e-01   1.7422689e-01   5.5187551e-01   7.6429823e-01   3.6783675e-01   4.6542248e-01   4.5072802e-01   1.1588289e-01   6.1927001e-01  -1.4929983e-01  -7.8688213e-02   1.0614855e-01   3.0666475e-01   9.9688363e-03   1.0908687e-01   5.4337345e-01   3.5424880e-01   2.0403265e-01   2.5756918e-01  -5.5672197e-02   4.0058141e-01   9.9739854e-03   4.0578089e-01   2.1285694e-01  -3.4432713e-01   5.7795061e-02
   1.8199717e-02   8.9404531e-02  -4.2318748e-02   0.0000000e+00   2.7946918e-01   1.1893283e-01  -4.9873021e-02   9.5282163e-02   4.3340794e-01  -5.7839510e-02  -4.6706957e-02   5.5235887e-03   1.0134568e-01  -3.2551306e-02  -1.5854663e-01  -5.3390828e-02  -1.2998357e-01  -4.2912801e-02   4.8996543e-02   3.0864871e-01   1.6227940e-03   2.8335599e-01   1.8090472e-01  -1.3267965e-01  -5.2164139e-02   1.3946105e-01   1.0714349e-01   1.0390194e-01  -4.5907760e-01   1.8266416e-01  -9.2102143e-03   2.5464164e-01  -1.5856580e-01   1.6044786e-01   8.2822731e-02   1.9490146e-01   1.4222065e-01  -8.4683947e-03  -1.7112796e-01  -1.7527530e-02  -7.9891093e-02   1.3050245e-01   3.3142619e-01   1.4626899e-01  -1.0528701e-01  -1.2062572e-01   3.1646490e-01   1.6202212e-01  -1.5410651e-01  -3.6930570e-01   1.4729599e-01   2.2505670e-02   4.3818793e-03   9.9465942e-02  -1.5712056e-01   9.0948681e-02   1.5965552e-01   3.5545710e-01   2.1688218e-01   3.2607498e-01   2.2111974e-01  -9.6124035e-02   6.4095185e-01  -9.2589320e-02  -4.1716397e-01  -2.8736717e-02   7.3445328e-02   3.1834509e-01   2.0077649e-01   3.1695013e-02  -1.0687109e-01   6.1260005e-01  -1.8018003e-01  -2.3628436e-01   2.4753517e-01  -8.0584455e-03  -4.4861710e-02  -8.6494639e-02  -1.7518632e-01   3.9052512e-03   1.4904152e-01   1.7669589e-01  -1.4860863e-02   1.4648221e-01   4.4796934e-02   3.3843034e-01   1.0112809e-01  -1.7637446e-01   2.2251211e-01  -2.2234049e-01   8.7510766e-02  -1.4858760e-03   7.3483335e-03   6.9176755e-01  -1.0324992e-01  -1.2512868e-01   2.0804216e-01   2.3763941e-01   4.0657514e-01   4.2710632e-02  -6.8512900e-02  -2.3619943e-01   2.8725416e-01   3.7557116e-01   3.6759433e-01   3.7734223e-01   5.3507585e-02   6.4724421e-02   1.0963930e-01  -3.1438373e-02  -5.6665240e-02   2.3770100e-01   4.9488355e-01  -2.2743284e-01  -1.2795629e-02  -4.3747082e-01  -1.5334950e-04   2.3023853e-01   7.1602481e-02   7.6498391e-01   1.3008410e-01  -1.3749341e-01  -3.3889469e-01   1.0245228e-02  -3.0111909e-01  -2.0670289e-01   1.4415783e-01   2.0915238e-01   4.0665661e-01  -2.9213496e-02   5.7134149e-02  -2.1839298e-01   2.8212473e-01  -7.2770843e-03   5.1274196e-01   2.8340388e-02   1.9023965e-01   1.2350118e-01  -2.2281060e-02   3.0878446e-02   1.3717623e-01  -7.8059410e-02  -1.0445624e-01   1.3005488e-01   1.0000112e-01   7.5491102e-02  -1.3397612e-01  -3.3649663e-01   1.2251123e-01  -1.5776667e-01   1.1647356e-01   3.3442670e-01   6.3957172e-02  -1.3186626e-01   9.7927790e-02   1.3134779e-01   3.6855211e-01   3.3052586e-01   3.8645019e-01   1.3084463e-01   2.5154287e-01  -2.0644870e-01   1.2148216e-01   2.9826168e-01   2.8880110e-01  -2.9657771e-01   1.3818137e-01  -3.1790870e-02   2.3081712e-01  -4.8677912e-02  -3.3329177e-01   2.3437887e-01   4.0016197e-01  -2.0456528e-01  -1.1818877e-01   1.9472791e-01   5.6387328e-01
   2.0404235e-01   2.8482668e-01   3.9231257e-01   2.7946918e-01   0.0000000e+00   4.3981745e-01   6.3293982e-02   2.3482948e-01  -1.9253070e-02   3.4221485e-01   5.0738682e-01   3.6165529e-01  -1.5171231e-02  -1.6331387e-01   3.7675366e-01  -3.0673500e-01   3.3957774e-01   9.0445400e-02   5.3572961e-01   6.3319848e-01  -2.3137829e-01   1.9707374e-01  -2.7126149e-01   2.1292279e-01  -9.9665812e-02   2.7883785e-01   4.8454572e-01   5.0184109e-01  -1.6715313e-01   4.9480520e-04   3.1632009e-01   3.2293804e-01   1.5531051e-01   3.5233461e-01   4.2864178e-01   5.7257731e-01  -7.5836518e-02   1.6059547e-01  -3.5143846e-01   1.6895777e-01   8.5792813e-02   2.5818565e-01   5.0242803e-01   3.3771845e-01   4.1561338e-01   4.2183624e-01   4.2781645e-01   1.6422770e-01  -3.7749692e-02   3.2476348e-01   4.8076952e-01   3.7160237e-01   2.0628631e-01   1.5066877e-02   3.2445230e-02   3.3613327e-01   2.8380825e-01   4.4496184e-01   2.8564153e-01   1.9756597e-01   5.6590626e-01   3.7819449e-01   4.5798432e-01   2.6942558e-01  -1.5113949e-01   5.2559099e-01   4.0540797e-01   7.5714001e-02   3.3159320e-01   1.8447726e-01   1.5830445e-01   3.1061697e-01   2.2981022e-01  -1.3188991e-01   1.5043478e-01   1.5239621e-01   5.1195715e-01   3.7044971e-01   2.7226314e-01  -5.2819207e-02   3.6151161e-01   4.3442134e-01   2.4333238e-01   4.2154168e-01   1.8940705e-01   3.4622676e-01   8.9130412e-02  -2.3849023e-03  -5.0697374e-02   1.1828528e-01   5.2447892e-01   3.7774255e-01   3.6036902e-01   4.6000846e-01   1.1260934e-01   3.8745681e-01   4.8398938e-02   3.3078224e-01   2.1360388e-01   1.0693994e-01  -1.7546479e-01   1.2380545e-01   3.8654891e-01   1.7881771e-01   4.8100319e-01   2.5653403e-01   2.7099018e-01   3.8607299e-01   2.6484075e-02   1.0172016e-01   3.2741187e-01   1.8014605e-01  -1.0579528e-01   2.4305241e-01  -1.0777746e-02   1.3133728e-01   3.5265165e-01   1.9051971e-01  -2.1832076e-02   4.8406110e-02   2.6345917e-01   4.8791109e-01  -5.2721557e-02   2.2015837e-01   1.2389585e-01  -2.6699718e-01   3.8611380e-01   1.3129811e-01   3.4269999e-01   2.0483138e-01   4.0345029e-02   2.6694381e-01   4.7155768e-01   3.3156805e-01   1.3430921e-01   3.2804234e-01   4.1587839e-02   4.4247389e-01   1.6548415e-01   1.3856155e-02   5.6298970e-01   2.8802135e-01   3.9393096e-01   8.8739884e-02   3.1794404e-01   2.3959174e-01   9.8547848e-02  -3.1950107e-01  -1.4632993e-01  -2.2791850e-01  -2.8965454e-02   3.9629742e-01   1.7632018e-01   3.8748796e-01   2.2362289e-01   6.4308506e-02   5.9532718e-01   3.5489950e-01   4.0562884e-01   2.4703465e-01   1.0939866e-01   1.3741017e-01   2.3468863e-01   3.3846767e-01   2.1466459e-01   2.2607052e-01   3.7816203e-01   4.7174275e-01   5.5667667e-01   1.0035010e-01   5.8586619e-02   2.4037437e-01   2.8979718e-01   4.5185155e-02   5.1789086e-02  -1.7017549e-01   2.7223884e-01
   5.8346911e-03   2.4436562e-01   5.3953378e-01   1.1893283e-01   4.3981745e-01   0.0000000e+00   7.3816708e-01   6.4721929e-01  -1.0189949e-01   2.2812312e-01   3.3122238e-01   4.3434418e-01  -8.3190304e-02  -9.6027832e-02   4.8275046e-01  -1.9346036e-02   4.2479740e-01   1.6944428e-01   1.6765076e-01   2.1039550e-01   9.5431523e-02   4.4529260e-01  -4.6799858e-02  -7.8801727e-02  -1.7635859e-01   6.3354786e-01   5.2864396e-01   7.5913317e-01  -3.6699374e-03   4.0828865e-01   4.3980876e-01   4.9047828e-01  -1.1754329e-02   5.5020295e-01   3.5323644e-01   5.5978819e-01  -3.3047570e-01   6.1448481e-01  -1.2108584e-01   4.1902643e-01   2.2144372e-01   1.7162052e-01   6.1892955e-01   6.0530676e-01   3.1905664e-01   3.9639358e-01   2.5845770e-01   6.7640423e-01   4.2440959e-02   1.8984219e-01   3.2261650e-01   8.1430199e-01   3.9168221e-01   6.5405682e-02   3.3180176e-02   5.9352197e-01   4.5051118e-01   4.9188387e-01   4.3360245e-01   3.4738300e-01   2.7091021e-01   3.3179854e-01   2.9627309e-01   3.2309493e-01  -4.4531332e-02   1.3560715e-01   7.7717389e-01  -2.0422483e-01   6.1978351e-01   6.5463481e-01   1.3298224e-01   7.9233948e-02   3.5561803e-01   2.6413849e-01   1.7912723e-01   5.6852916e-01   4.6066425e-01   5.7868069e-01   2.8729769e-01  -3.4009199e-01   8.4753858e-01   5.4750766e-01   4.6759621e-01   5.8447416e-01   5.3662547e-01   7.1384197e-01   2.0002374e-01  -2.1161894e-01  -1.9714427e-01   2.7088149e-01   2.9670722e-01   4.6681946e-01   6.0901869e-01   9.9158983e-03   5.0893703e-01   1.2659072e-01  -4.7622870e-01   4.5432466e-01   4.6137766e-01  -2.4967265e-01   4.2237036e-01   4.5160283e-01   6.5156027e-01   4.5931328e-01   4.8133918e-01   2.5364172e-01   1.6185607e-01   7.5297975e-01   5.8236440e-02   3.8914390e-01   6.8801496e-01   6.4765609e-01  -2.9598279e-01   4.3933624e-01   5.3206624e-01   9.9590849e-02   7.1054901e-01   3.3490987e-01  -1.6642484e-01  -5.3141493e-02   3.7097298e-01   5.5301711e-01   4.8936672e-02   2.8084165e-01   5.2500030e-01   2.6244746e-01   3.0359809e-01  -2.5607422e-01   4.3107940e-01   3.4380531e-01  -1.2283599e-01   5.4642356e-01   3.4657874e-01   1.9076321e-01   1.9911016e-02   6.4427329e-01  -2.6339530e-01   7.4837792e-01   7.0945150e-01   1.2966451e-01   6.0996068e-02   7.8624273e-02   4.8572904e-01   4.3371232e-01   3.8828735e-01   3.6983062e-01   4.5702261e-01  -2.6167515e-01   2.3683422e-02  -1.3931907e-02   4.3865651e-01   6.7122941e-01   3.2159813e-01   3.9272274e-01   5.7898051e-01   3.7054836e-01   5.0989294e-01   5.2124337e-01  -6.2963437e-02   7.7775448e-01  -3.5820997e-01   2.9478798e-01   5.7581827e-02   4.0529774e-01   1.2908563e-01   1.1090586e-01   3.6654499e-01   6.6579823e-01   1.8892188e-01   5.2143204e-01  -1.7735917e-01   3.1310223e-01   1.2807860e-01   4.6308828e-01   2.4274879e-01  -4.3171658e-01   2.0451385e-01
  -1.2253468e-01   1.6486507e-02   3.4217382e-01  -4.9873021e-02   6.3293982e-02   7.3816708e-01   0.0000000e+00   6.9873298e-01  -5.9494023e-02  -5.7239828e-02   1.8747879e-01   3.8589363e-01  -3.6781848e-01   5.1590143e-02   3.9634438e-01  -1.3688293e-02   3.2649737e-01   3.0150274e-01  -2.3968119e-02  -8.0722108e-02   3.4589120e-01   5.0457307e-01   4.3266610e-02  -5.0233125e-02  -1.4088314e-01   6.2825004e-01   3.9330043e-01   7.4294148e-01   2.2249511e-01   5.4006573e-01   4.2893000e-01   5.5179869e-01  -3.8294673e-02   5.0815819e-01   3.2605833e-01   4.4357795e-01  -4.1582100e-01   5.0762714e-01   2.0414505e-02   1.7982263e-01   3.3474375e-01   7.3429294e-02   5.1367775e-01   6.1283560e-01   2.3418920e-01   1.7411542e-01   1.1156910e-01   7.8489321e-01   1.3453474e-01  -4.8003320e-02   4.1569495e-01   6.8037858e-01   3.0876489e-01   2.4639377e-01   1.6403530e-01   7.0017110e-01   2.5622114e-01   3.4555589e-01   4.5375560e-01   2.4252536e-01   1.3203415e-01   2.4342680e-01   1.8251226e-01   2.2509419e-01   6.1214392e-03  -1.6802680e-01   7.5648026e-01  -2.7349281e-01   6.3140826e-01   6.4767551e-01  -1.9668892e-02   4.9863704e-02   5.3660551e-01   1.8465970e-01   4.3948189e-02   6.2570620e-01   2.8853708e-01   5.8346218e-01   4.9816312e-01  -1.6689817e-01   8.1281803e-01   5.3670442e-01   5.1848411e-01   4.7876029e-01   4.6765694e-01   6.4465633e-01   3.1988716e-01  -1.9536601e-01  -1.1314874e-01   2.3144098e-01   1.4961669e-01   2.5773836e-01   5.7983316e-01  -1.1394403e-01   5.2529860e-01   1.8023734e-02  -3.6875086e-01   3.4049601e-01   3.0835657e-01  -4.7003305e-01   5.8076619e-01   4.0514410e-01   6.0069913e-01   4.5677161e-01   5.4756430e-01   2.8432331e-01   1.3126296e-01   7.2119322e-01  -1.0809443e-01   4.9275603e-01   6.3067707e-01   7.5158319e-01  -1.9228687e-01   3.2975420e-01   7.4721414e-01   1.7850481e-01   7.6668260e-01   4.2918219e-01  -2.3143235e-01  -3.3305174e-02   1.6551538e-01   3.8310144e-01   3.5104616e-02   3.6629722e-01   5.4882571e-01   3.0657706e-01   1.6680929e-01  -2.0198244e-01   2.0610473e-01   2.1740455e-01  -2.0218995e-01   5.2725508e-01   1.4144144e-01   2.5806283e-01   9.2536240e-03   5.6983035e-01  -1.8527544e-01   6.2333866e-01   8.1199165e-01   9.5378311e-02  -3.4200794e-03  -2.4743756e-01   4.3871276e-01   3.4442588e-01   3.4895652e-01   4.9570778e-01   5.2402978e-01  -2.0420060e-01  -9.0945877e-02   1.0342448e-01   4.4831813e-01   5.7000645e-01   4.9895887e-01   2.4131071e-01   4.1015031e-01   5.2871839e-01   3.8307155e-01   4.0600894e-01  -1.6713985e-01   6.9039669e-01  -2.2913686e-01   5.3747916e-01   6.0149880e-02   5.2461222e-01   2.6887589e-01   1.9739203e-02   3.2868516e-01   5.5342883e-01   1.8245957e-02   7.0562800e-01  -1.5346720e-01   4.3469074e-01   2.1192086e-01   5.5536092e-01   2.9775116e-01  -4.5504133e-01   3.2371818e-01
  -3.2890060e-02   1.5586610e-03   2.4647247e-01   9.5282163e-02   2.3482948e-01   6.4721929e-01   6.9873298e-01   0.0000000e+00  -2.0792269e-01  -5.8090959e-02   3.9229930e-01   3.1647997e-01  -3.7457044e-01  -2.6748971e-02   4.8015452e-01  -4.7342447e-02   2.8272097e-01   1.3115660e-01   5.9986500e-02  -6.4793578e-02   1.3252132e-01   3.9925994e-01  -5.6920199e-02   1.5060377e-01  -1.9592826e-01   7.2305635e-01   4.9650620e-01   6.3558099e-01   1.3397450e-01   4.9711077e-01   5.7064943e-01   4.7481161e-01  -2.2193189e-01   2.4397277e-01   2.0748368e-01   4.0102148e-01  -3.6472498e-01   4.9459093e-01  -1.6629760e-01   1.0462600e-01   2.0704856e-01  -1.5838487e-01   5.3914711e-01   8.5429153e-01   3.7830293e-01   3.1716445e-01   1.1637684e-01   7.9395392e-01   2.1098716e-03  -5.5701447e-02   3.4884367e-01   8.2447792e-01   3.1109978e-01  -4.0010149e-02  -1.2205471e-02   8.2216765e-01   4.6392516e-01   4.6623451e-01   4.7653668e-01   1.1144771e-01   7.3305933e-02   3.5963575e-01   1.7478877e-01   4.8911243e-01   9.3131529e-02   6.2449497e-02   6.4162718e-01  -6.7173530e-03   6.0996940e-01   5.3585645e-01  -2.9632320e-02   1.2645596e-01   3.1623201e-01  -1.5774948e-01  -7.6778413e-03   6.1575116e-01   2.9264432e-01   4.9260347e-01   2.0508016e-01  -3.5259840e-01   7.7135160e-01   3.3860748e-01   6.3569898e-01   6.5321092e-01   5.5544696e-01   5.9497529e-01   2.2777110e-01  -2.9597110e-01   1.8047685e-02   1.4847359e-01   3.3490990e-01   1.0834020e-01   4.7611538e-01  -9.0154644e-02   3.0685276e-01   2.3828651e-02  -4.3610645e-01   4.7519979e-01   3.7152255e-01  -5.0782786e-01   5.4128097e-01   4.0785173e-01   6.5554919e-01   2.9275405e-01   4.9679421e-01   2.6188399e-01  -2.4874152e-02   6.9700957e-01  -3.1041078e-01   2.8019761e-01   7.3011740e-01   5.3235989e-01  -1.1409582e-01   4.0065641e-01   5.5548093e-01   9.6220617e-02   6.9129458e-01   2.4870420e-01  -1.3479064e-01  -5.6930537e-02   3.0621868e-01   3.3332779e-01  -4.1108850e-02   3.5359014e-01   3.3756436e-01   1.1157449e-01   2.5701062e-01  -1.2185046e-01   3.3520748e-01   1.9887262e-01  -2.7786092e-01   4.2162061e-01   3.2406252e-01   2.6425169e-01   2.1416755e-01   7.1676997e-01  -2.9741639e-01   8.3444737e-01   7.0894862e-01   5.9817575e-02   1.1889712e-01  -2.5896379e-01   4.2146163e-01   3.1418742e-01   2.9060345e-01   5.9265375e-01   3.7306564e-01  -1.1528512e-01  -3.0043726e-01  -3.0663129e-02   3.0870298e-01   7.1632914e-01   3.5282122e-01   2.9321722e-01   3.8517385e-01   3.1493711e-01   3.6741147e-01   5.1149244e-01   3.6767254e-02   6.1107684e-01  -1.9655389e-01   4.5169819e-01   7.6962001e-02   5.6621575e-01   2.7550858e-01   7.7517911e-02   3.7175352e-01   5.5387611e-01   2.4168523e-01   6.0500154e-01  -3.4512105e-01   2.8314771e-01   2.9983296e-01   5.7453573e-01   2.3597970e-01  -6.4807045e-01   2.4553528e-01
  -2.0326821e-01  -2.0901865e-01  -2.2942766e-01   4.3340794e-01  -1.9253070e-02  -1.0189949e-01  -5.9494023e-02  -2.0792269e-01   0.0000000e+00  -3.3705612e-01  -6.3410694e-02  -2.7287321e-01   1.6429463e-01   2.3001766e-01  -2.7588072e-01  -1.0365203e-01  -3.5510946e-01   5.5902887e-02   1.9111546e-01   2.0430828e-01   6.0605155e-02   3.8274964e-01   7.3833601e-02  -1.6611411e-01   1.5161304e-01  -1.8247973e-01  -2.3502973e-01  -1.3599985e-01  -4.0976399e-02  -3.9851437e-02  -3.3323600e-01   2.1719275e-01  -3.0295428e-02  -1.6058775e-01   4.5413104e-02  -5.9770841e-02   2.4199681e-01  -3.6711509e-01   3.6336175e-01  -4.6963687e-01  -1.7422561e-01  -2.8535076e-02   1.5767498e-01  -2.6549021e-01  -1.3743802e-01  -2.7016087e-01   1.3850587e-01  -1.6637125e-01   2.1108766e-01  -3.3973503e-01   1.5229879e-01  -1.9300346e-01  -3.7957328e-01   3.4425587e-01   1.1225170e-01  -1.8081237e-01  -3.5287716e-01   2.3269450e-01  -7.5766292e-02   3.9364480e-01   1.4000094e-01  -3.8722629e-01   3.4717190e-01  -3.2723108e-01  -4.7973201e-02  -1.6713945e-01  -9.0424012e-02   3.5989503e-02   1.4443278e-02  -2.0322937e-01  -5.0037486e-01   4.0300659e-01  -6.3401331e-02  -8.8268842e-02   2.7187156e-01   6.3707849e-02  -2.1423008e-01  -2.0664179e-01   7.0675630e-02   1.0271860e-01  -1.1585534e-01  -3.8351786e-02  -1.7538701e-01  -1.5944290e-01  -3.9490399e-01   6.9848023e-02   3.1818328e-01   7.0362830e-02   3.9696110e-01  -5.0454091e-01  -1.6145309e-01   4.6858831e-02  -1.8719997e-01   3.8642611e-01  -4.9043780e-02  -8.8208723e-02   3.4144937e-01  -5.5974083e-02   2.1101685e-01  -1.0885328e-01  -2.9545763e-01  -2.5849192e-01  -1.1178375e-01   4.0386630e-01   2.1712431e-01   3.0445970e-01   2.8028248e-02   6.4468595e-02   2.0659918e-01  -9.7136030e-02  -4.6686870e-01   1.8197496e-01   4.6137402e-01  -4.0039166e-01  -1.4566291e-01  -3.0170423e-02  -1.4987393e-01   2.6218773e-01  -1.6861446e-01   4.5612777e-01   1.1999956e-03  -1.9263817e-01  -9.3196826e-02  -1.0126988e-01  -1.8378954e-01   1.1148144e-01  -2.7639742e-01   2.2015195e-01   2.8489595e-01  -4.1529319e-01   1.9395880e-01  -1.9200440e-01  -1.4806006e-01  -1.9714527e-01   4.6942241e-01  -1.3790254e-01   3.6371266e-01  -2.5940280e-01  -3.6285409e-03  -2.1593637e-01  -5.8684118e-02  -2.0074919e-01   1.9320885e-01  -2.8500828e-01  -9.0762538e-02  -8.8581276e-02  -3.7278292e-01  -2.1150832e-02   1.7830086e-01  -1.8160058e-01  -2.6081126e-01   1.0091912e-02  -8.0801341e-02  -4.6906096e-01  -3.3296048e-01   1.8795978e-01   1.4605182e-02  -1.0615576e-01   7.7955487e-02  -1.3804032e-01   3.8092563e-01   1.5570439e-02  -1.9781446e-01   7.1459974e-02   3.9581511e-01  -3.1432850e-01  -1.4554660e-01  -2.3043536e-01  -1.1812269e-01  -6.0068636e-02   8.4448443e-02   1.7620934e-01   1.4764095e-01  -2.6591790e-01  -2.9750843e-01   3.1415513e-01   4.4042262e-01
   7.9512346e-02   1.3745777e-01   1.8786872e-01  -5.7839510e-02   3.4221485e-01   2.2812312e-01  -5.7239828e-02  -5.8090959e-02  -3.3705612e-01   0.0000000e+00  -1.2411285e-01   1.6576820e-01   1.9038536e-01  -1.6718621e-01  -1.1200519e-02   1.0765006e-01   1.6451015e-01  -5.6837397e-02   7.6383322e-02   1.2766935e-01   4.8704141e-02  -2.2118730e-01   1.0647610e-01  -8.3320629e-02  -1.5605164e-01  -1.8326178e-01   2.7657063e-01   8.2725196e-02   9.9015411e-02  -1.4045344e-01   1.5674334e-01  -3.4321883e-01   3.7294395e-02   1.9752656e-01   9.7028117e-02   2.6047411e-01  -8.2147385e-02  -1.4111606e-01  -1.6672958e-01   3.6315070e-01   1.7967421e-01   2.4250630e-01  -2.7644730e-02  -7.5458901e-02   5.8390238e-02   3.0030228e-01   7.4178190e-03   3.2043900e-03  -2.2669189e-01   2.4558619e-01   3.2367174e-02  -3.8272119e-02   1.0046272e-01  -1.1065922e-01   5.4946128e-02  -2.9646840e-02   5.0605797e-02  -1.6585393e-01   2.0435430e-01  -1.8652281e-01   7.2808421e-02   8.9106739e-02   4.0605469e-03   9.6861549e-02  -2.2597758e-01   3.2463761e-01  -2.7708897e-02   7.9900650e-03  -1.3732307e-01   1.1618388e-01   3.0922380e-01  -1.7283576e-01  -1.6799396e-01   2.0601688e-01  -8.1818437e-02  -1.5124774e-01   6.2890542e-02  -4.2774873e-02  -1.1536126e-01   3.8150490e-02  -2.5481059e-02   1.0382188e-01  -2.1479056e-01  -4.9726511e-02   1.2956679e-01  -8.9088010e-02  -2.0451173e-01   9.2793446e-02  -4.4536748e-01   2.5403646e-01   1.0985806e-01   9.9879645e-02  -5.7031977e-02  -3.8175458e-02  -6.7802023e-02   1.7229202e-01  -2.5358853e-01   2.8267719e-02  -1.6875650e-01   6.4589062e-01  -5.5434027e-02   9.6915216e-02  -1.0800873e-01  -1.5046936e-01  -7.5809029e-02  -3.4541113e-02   6.9149647e-02  -1.8781880e-02   2.0044818e-01   3.9063460e-02   1.0531937e-01  -1.6341687e-01  -3.5108137e-01   1.1404014e-02  -3.6918517e-02  -1.0166241e-01  -7.6632476e-02  -2.6121054e-01   2.7601835e-01  -1.9447578e-01  -1.6673710e-02   4.0497450e-01   1.6228374e-01  -2.5094757e-01   8.8182986e-02  -2.3750638e-01   1.9097514e-01  -1.1774179e-01  -1.4112732e-01   3.6436259e-01  -2.0620925e-01  -4.7531451e-02   9.9138242e-02   7.7936101e-02  -3.5366008e-01  -1.4079773e-01  -1.2602073e-01   9.2284359e-02  -2.6574006e-01  -1.0015340e-01   1.5484133e-01   4.7454517e-01  -1.8645897e-02   3.6270663e-01  -2.7600427e-02  -9.0089946e-02   9.6388462e-02  -1.7974729e-01   2.6861335e-01   1.6563946e-01   2.6255098e-01  -1.3905988e-01  -9.8037672e-02   1.5685465e-01   1.8242139e-01  -2.9557942e-01   6.1206127e-02   5.0693593e-02  -1.3688501e-01  -1.5657229e-01  -2.5121398e-01  -2.1375000e-01   3.9974095e-01  -1.9316885e-01  -3.4102345e-01   2.9014382e-02  -1.8485697e-01   3.3674450e-01   1.1140400e-02  -1.4550301e-01   1.9324864e-01  -2.5014995e-01  -1.1078173e-01   3.9774754e-03   1.5942090e-01  -8.7789577e-02  -1.5891823e-01
   1.4527027e-01   4.7127314e-02   3.1985993e-01  -4.6706957e-02   5.0738682e-01   3.3122238e-01   1.8747879e-01   3.9229930e-01  -6.3410694e-02  -1.2411285e-01   0.0000000e+00   1.4036958e-01  -2.9772864e-02   1.3284534e-01   4.5666730e-01  -4.0684597e-01   2.8488746e-01  -9.2210200e-02   2.2839411e-01   3.2348700e-01  -4.0948507e-01   1.1773097e-01  -1.2677692e-01   2.7209288e-01   1.3124980e-01   2.6037312e-01   4.1243638e-01   4.4467406e-01   6.0791195e-03   6.8704514e-02   3.5287231e-01   4.5044116e-01  -1.1707708e-01   1.6548168e-01   1.6093219e-01   3.0633627e-01  -7.0203027e-02   2.2472974e-01  -2.8307303e-02  -9.7418907e-03  -8.1598414e-02  -4.8536061e-02   1.7526836e-01   4.5392903e-01   3.3223120e-01   3.3917015e-01   4.4887013e-01   2.5218260e-01   1.2938937e-01   2.4507912e-01   4.5660784e-01   4.6156331e-01   8.4589934e-02  -9.3489059e-02   1.2201082e-01   3.6894859e-01   2.2150597e-01   4.5455975e-01   1.5803408e-01   4.9682791e-02   2.3461427e-01   3.2040910e-01   2.1841094e-01   2.7175332e-01   4.9517133e-02   3.8465387e-01   4.3475723e-01   4.9379888e-02   6.2533513e-01   2.2556013e-01  -1.3145349e-01   2.0654085e-01   1.4194597e-01  -3.4346245e-02  -1.3043611e-01   3.4508426e-01   5.2122617e-01   4.1507519e-01   3.0102686e-01  -1.6742541e-01   3.6927046e-01   2.3581723e-01   4.3311384e-01   2.8156464e-01   2.8033037e-01   3.5813184e-01   2.6392735e-01  -1.6332400e-01   2.2356235e-01   3.0478373e-02   3.7740686e-01   2.8361299e-01   3.4587009e-01   1.7248928e-01   1.1300616e-01   1.2845138e-01  -1.0459913e-01   4.6971932e-01   1.5345621e-01  -3.5569517e-01  -2.6970455e-03   3.3764382e-01   2.3244588e-01   7.5382096e-02   3.2892662e-01   1.2677134e-01   7.6635999e-02   4.6813680e-01  -3.5373914e-01  -1.9632070e-01   4.1853516e-01   1.8844304e-01   3.2367134e-02   3.5243359e-01   1.1559359e-01   2.2812022e-01   4.6025483e-01   1.5764965e-01  -1.3552380e-01  -1.1365969e-01   2.7913878e-01   2.5698378e-01   2.3110179e-01   7.7407260e-02   2.8266506e-01  -5.4358562e-03   2.4878967e-01   1.8139117e-01   1.9860599e-01   1.6310394e-02   2.0868856e-01   5.1101583e-01   3.2986953e-01   1.2929858e-01   2.7047139e-01   4.3522270e-01   6.1321271e-03   4.5170254e-01   4.0454790e-01  -2.2767474e-01   4.5818664e-01   8.2594539e-02   5.2012695e-01  -1.6127109e-01   2.6829253e-01   4.0404424e-01   4.3469439e-02  -1.6741159e-01  -3.1224620e-01  -4.5205417e-01  -5.5349700e-02   4.1533659e-01   3.7718360e-03   3.8971268e-01   5.3051892e-02  -3.8004892e-02   3.9211622e-01   3.1514446e-01   3.2467221e-01   3.5073599e-01   1.0162651e-01   3.2615322e-01  -3.4580452e-01   4.1700962e-01   2.7275460e-01   1.6637709e-01   4.6372705e-01   2.7104511e-01   4.1447761e-01   2.0468628e-01  -1.3131569e-01   3.2086430e-01   2.8526689e-01   1.6789200e-01  -1.8059498e-01  -3.4969881e-01   1.8500353e-01
   3.0217825e-01   4.5969266e-01   6.0665798e-01   5.5235887e-03   3.6165529e-01   4.3434418e-01   3.8589363e-01   3.1647997e-01  -2.7287321e-01   1.6576820e-01   1.4036958e-01   0.0000000e+00  -8.3574183e-02  -2.8493325e-01   4.7984441e-01   1.6444190e-01   4.8662271e-01   8.8083527e-02   2.5197921e-01   1.5302579e-01   3.0698328e-02   2.1105804e-01  -5.1741012e-02   9.2720755e-02  -7.3642607e-02   4.2607840e-01   5.0840648e-01   5.4060017e-01  -1.6101024e-01   4.5448798e-01   2.4036820e-01   3.8653943e-01   1.0684599e-01   4.7525900e-01   3.1794990e-01   4.4573278e-01  -2.0689106e-01   4.8404661e-01  -1.9604577e-01   5.5177916e-01   3.2544571e-01   1.7433327e-01   3.3207400e-01   3.6183397e-01   2.0872847e-01   2.7921869e-01   4.7454204e-02   4.3388143e-01   2.7688593e-02   2.4184751e-01   2.8284878e-01   3.4691528e-01   3.1045941e-01  -1.7902092e-01  -1.5516702e-01   4.2797025e-01   3.4668617e-01   1.7836448e-01   5.9044607e-01   2.3757542e-01   2.5691478e-01   3.8617892e-01   2.0349753e-01   4.2004974e-01  -1.9588238e-01   1.3023288e-01   5.4119014e-01   1.8280578e-02   2.5286308e-01   5.7712039e-01   3.3138052e-01   1.5631500e-02   3.8944860e-01   3.0801510e-01  -8.3297234e-02   4.1676578e-01   2.9894554e-01   5.2608958e-01   8.9080151e-02  -2.6791187e-01   4.5927984e-01   5.1664802e-01   3.1408835e-01   3.8023368e-01   5.1116220e-01   3.5435638e-01   5.9056364e-02  -1.3710308e-01  -2.1435476e-01   5.2673456e-01   2.5605165e-01   1.3119024e-01   4.3072470e-01   1.3681268e-02   2.9527918e-01   2.6314266e-01  -1.1800450e-01   3.0581157e-01   1.0973304e-01  -1.3395572e-01   4.7037676e-01   3.4074075e-01   3.4411559e-01   6.8024019e-02   3.5052967e-01   3.8343256e-02  -4.2581829e-03   2.6418811e-01   1.0821094e-01   2.8573949e-01   6.4901616e-01   4.2248607e-01  -2.1444439e-01   2.9374540e-01   3.7646702e-01  -2.0326096e-01   4.9556882e-01   1.0141613e-01   1.8594086e-01  -9.7444623e-03   6.0396151e-02   4.9506119e-01  -1.8932757e-01   1.1445815e-01   2.3879448e-01   2.8802139e-01   1.1771685e-01  -3.2241893e-01   1.7502999e-01   4.8746592e-01   9.9744101e-02   1.4466457e-01   2.6549677e-01   2.0346827e-01  -1.2404084e-01   2.9575710e-01  -3.6893750e-01   3.3023384e-01   3.5726003e-01   3.3328369e-01   1.6877091e-01  -7.1180142e-02   2.6193760e-01   4.9677412e-01   3.8613540e-01   2.7740430e-01   5.0287132e-01  -3.3998359e-01   9.0310485e-02   1.6692625e-01   4.8449574e-01   2.7982718e-01   2.1154852e-01   3.7669807e-01   7.1243550e-01   3.2604519e-01   4.4300860e-01   5.8444088e-01   1.7772684e-01   3.3551498e-01  -1.6083979e-01   6.8704850e-03   2.1408342e-01   3.6789778e-01   3.0878558e-01  -5.5476369e-03   4.1820306e-01   3.5724889e-01   1.8742182e-01   2.0014875e-01  -2.2968178e-01   3.3560977e-01   1.9472951e-01   4.2239880e-01   2.6008046e-01  -2.5210172e-01   3.5770001e-02
  -8.9385371e-02   1.6838613e-01   4.9823672e-02   1.0134568e-01  -1.5171231e-02  -8.3190304e-02  -3.6781848e-01  -3.7457044e-01   1.6429463e-01   1.9038536e-01  -2.9772864e-02  -8.3574183e-02   0.0000000e+00   1.4240151e-01  -1.3873301e-01   1.7699497e-01  -3.7936162e-02  -2.7203183e-01   6.3654344e-02   4.2212996e-01  -1.5828416e-02  -1.0139845e-01   3.1764345e-01  -5.1862048e-02  -2.0128257e-02  -3.5199253e-01   4.2688411e-02  -1.1972131e-01   5.3247905e-02  -1.7383558e-01  -2.3771272e-01  -2.5778608e-01  -1.2687889e-01   6.3767865e-02  -8.6215235e-02   3.6183825e-02   1.4143326e-01  -3.1246462e-01  -6.5211398e-03   4.5212659e-02  -1.3191925e-01   4.5016685e-03  -1.8767251e-01  -3.8933861e-01  -3.8416881e-01   1.4666447e-01   2.0602824e-01  -3.5893179e-01  -1.9725999e-01   7.5983279e-03  -5.9332553e-02  -2.1811334e-01  -2.2339905e-01  -2.3101203e-01  -1.0995518e-01  -1.8247777e-01   8.0173732e-03   3.1662084e-03  -2.2883541e-01   9.0621945e-02  -8.3362580e-02  -1.6054768e-02   4.8649438e-02  -9.9218348e-02  -2.4252657e-01   2.2734880e-01  -1.2791478e-01  -2.4309860e-01  -2.2623215e-01  -4.0169432e-04   6.4708149e-03   7.7832603e-02  -2.3133547e-01   1.6588521e-01   2.1341350e-02  -2.3261912e-01  -1.3783661e-01  -2.1132289e-01  -2.0921463e-01  -6.1307083e-02  -3.2019770e-01  -1.7759638e-01  -4.1016403e-01  -1.8559491e-01  -2.2180909e-01  -1.8705494e-01   1.3978490e-01   2.0363943e-02  -9.1553682e-03  -1.3522799e-01  -1.4765791e-01   5.6099250e-03  -2.5471695e-01   2.3476516e-01  -2.6925736e-01   5.5058609e-02   1.7249909e-01   5.3889478e-02  -2.1532489e-01   3.3056060e-01  -2.0141354e-01   8.3987912e-02  -3.1488387e-01  -1.8157358e-01  -1.6712656e-01  -3.0847316e-03   1.7570642e-02  -1.6584404e-01   2.8241883e-01  -2.6068222e-01  -9.8598432e-02  -1.4921749e-01   1.4201358e-01  -2.6183358e-01  -1.5012469e-01  -4.8525959e-02  -2.9329229e-01  -1.3211918e-01   2.5387968e-01   7.8300997e-02   5.1431144e-02  -6.6423078e-03  -1.4851770e-01  -4.5839528e-01  -1.8653239e-01  -4.8555149e-02   9.1878491e-02  -1.2091674e-02   6.6040124e-02   9.1585741e-03   3.3409079e-01  -2.3243041e-01  -6.1916001e-03  -3.8797091e-01  -2.7157515e-03  -2.8943812e-01   1.1455292e-01  -2.9683049e-01  -2.3409345e-01  -2.4817423e-01   2.3731631e-02   4.5383848e-01   2.0991881e-02   1.3697670e-01  -1.3518897e-01  -4.6722005e-01  -8.0638838e-02  -6.5501387e-02   4.7753665e-01  -8.5502118e-02  -2.3884416e-02  -1.7550951e-01  -1.6951782e-01  -7.6606129e-02  -8.4692300e-02  -2.9836234e-01  -2.6393844e-02  -3.4782909e-02   1.0027183e-01  -2.2573592e-01   1.0643590e-01  -4.2664255e-01  -1.8165050e-01  -2.2065205e-01   8.2869713e-02  -1.1462820e-01   7.8075159e-02  -2.0380692e-01  -1.2421310e-01  -3.4249971e-01   1.4526992e-01   6.2773459e-02   1.8043030e-02  -1.8098610e-01  -5.1234661e-01   2.1333189e-01   4.0042194e-02
   2.4747394e-01  -3.8306342e-01  -1.2760914e-01  -3.2551306e-02  -1.6331387e-01  -9.6027832e-02   5.1590143e-02  -2.6748971e-02   2.3001766e-01  -1.6718621e-01   1.3284534e-01  -2.8493325e-01   1.4240151e-01   0.0000000e+00   3.6817641e-02  -9.2920791e-02   7.5940921e-02  -2.6579010e-01  -9.9860872e-02  -1.9676972e-02  -9.4943373e-02   3.9647680e-02   3.4603313e-01   3.6039298e-01   3.2213445e-02  -1.5315014e-01   9.5876746e-02  -2.5398232e-02  -1.9422093e-02   5.2132725e-03  -1.7919256e-01   7.8341786e-03  -1.7167418e-01  -2.4760643e-01  -3.1492311e-02  -3.0586919e-01  -1.1714246e-01  -1.1409967e-01  -1.8564813e-02  -1.2086866e-01  -3.3473281e-01  -2.3439117e-01  -1.1029429e-01  -6.8177355e-02  -3.1551593e-02   2.9279866e-01  -1.5446970e-01  -7.9861465e-02  -4.8048494e-03   2.4169752e-02  -8.1958966e-02   1.9539610e-02  -2.5850136e-01  -1.3481090e-01  -4.7378184e-02   5.4207153e-02  -7.7552000e-02   7.9574996e-02  -3.8554054e-01   1.7028299e-03   4.9762430e-02  -2.9990574e-01  -5.0743759e-02  -1.3943039e-01   7.7563264e-02   4.9356179e-03  -9.0735935e-02  -1.5141419e-01  -1.0298855e-01  -7.1669469e-02  -1.5720169e-01   7.1558461e-02  -1.1909983e-01   5.6518065e-02  -3.5582286e-01  -5.4074334e-02   7.3365897e-02   1.3041442e-02   7.9287334e-02  -4.9200908e-02  -5.6165474e-02  -2.5208864e-01  -4.1216366e-02  -6.9463617e-02   7.0938074e-02   4.9251754e-02   2.5889076e-01   1.2442728e-01   7.3896141e-02   8.9354384e-02   8.3584810e-03  -1.4799619e-01  -5.4549762e-02   9.9243567e-02   5.9019262e-02  -4.9414575e-02   4.2593877e-02   1.6516521e-01  -8.0058149e-02   3.5507119e-02   1.2521833e-01   9.1590776e-02  -1.6048473e-01  -1.1430988e-01   5.0198874e-03   2.1330424e-01  -1.0401218e-02   2.1058611e-01   5.6162900e-02  -3.3764267e-01  -5.5407492e-02  -1.0271186e-01   8.4933578e-02   2.4414581e-01   1.5444390e-01  -1.7611026e-02  -1.9683029e-02  -9.1365260e-02   1.6773476e-01   7.7678869e-03   3.9691558e-02  -1.4761321e-01  -1.2208999e-01  -2.3275032e-01   3.2671495e-01   2.2507017e-01   1.7281500e-01   4.5359863e-02   6.8218311e-02  -4.3450130e-02  -1.6334210e-01  -1.2172481e-01   9.5271274e-02  -4.0386248e-01   2.3826797e-01   7.3578568e-02   5.5210229e-02  -2.8208350e-02   6.7679157e-02  -2.5469630e-01   2.8382346e-01  -2.2649574e-01   1.2081303e-01  -2.2881877e-02   2.0305117e-01   1.1706698e-01   4.0892411e-02  -3.7599696e-02   8.9222211e-02  -3.3307160e-01   3.2896112e-02  -4.1057045e-02  -2.2185268e-02  -1.7148442e-01  -9.2279953e-02  -2.8708225e-01   1.0581407e-01  -2.6625676e-01   1.8675987e-01  -2.6440000e-02   3.9653133e-02   2.4559992e-01  -3.2884333e-01   1.1589037e-01   2.2685016e-02  -3.0641770e-01  -4.3847238e-03  -2.8291387e-01   3.3562192e-01  -1.7231671e-01   1.3491891e-01   3.2733901e-02   2.3135192e-02  -1.1788651e-02  -4.8701898e-01  -1.1097586e-01   1.0135567e-01
