   0.0000000e+00  -1.8198481e-01  -3.3715688e-01   3.2925405e-02  -5.3011145e-01   1.5478415e-02   1.1205175e-02   4.6063637e-02  -8.8038096e-02   2.7506627e-01   2.8209043e-01  -2.9710409e-01  -1.7049997e-01  -2.0462712e-01   1.5810142e-01   4.8853124e-01  -2.3097228e-01   3.0126650e-01   1.2822008e-01  -3.5688766e-01   1.9332659e-01   2.0118383e-01   1.5029662e-01  -1.2178980e-01   2.7897707e-01  -2.7040293e-02  -8.5064624e-03   7.9911199e-02   1.3385469e-01  -9.1835114e-02   1.8219298e-01   6.9966652e-03   9.7290672e-02   1.5189257e-03  -3.3486967e-01  -3.4070987e-01  -1.1913228e-01   1.9082130e-01   1.3275287e-01  -2.0431786e-01  -3.8807469e-01   9.7006380e-02  -3.3734614e-01  -6.9900112e-02  -1.3898016e-01   1.2541527e-01   3.0291336e-01   1.9302105e-01  -2.4647849e-01  -3.2024165e-01   9.7440854e-02   2.0257453e-04   1.6797658e-01  -5.9989829e-02  -1.1341710e-02   8.4486170e-02   1.2606405e-01   2.2434626e-01  -1.8450683e-01  -1.9598776e-01   2.0178474e-01  -1.7227644e-01  -1.2237219e-01   9.6061911e-02  -9.8282862e-02   3.5228465e-01  -1.8656844e-01  -1.2076317e-01   3.8267290e-01  -1.8520857e-01  -4.5631834e-02  -2.3092995e-01  -9.8446540e-02  -2.8332358e-01   2.3385700e-01   3.3427992e-01   1.0813987e-01  -6.7640237e-02  -3.1693164e-01   2.3526237e-01  -3.0898802e-02   2.4874571e-02  -1.7389133e-01   2.5956961e-02  -1.3315224e-01   3.0152705e-01  -2.1079772e-01  -3.3115368e-01  -1.0776483e-01   2.7825496e-01  -2.3454027e-01  -3.1731397e-01  -1.5022149e-01  -6.6230681e-02   3.0461101e-01  -2.6660984e-01  -3.5541285e-01   1.2507562e-01  -2.9328522e-01   7.7474025e-02  -7.2956392e-02  -5.1150613e-02   1.0144292e-01  -3.8131581e-01  -7.9017591e-02   2.1238701e-01  -1.7673828e-01   2.1149539e-01   2.6139069e-01   2.0926402e-01  -1.3955355e-01  -5.8822856e-03  -9.9675640e-02   2.8322127e-01  -1.2685029e-01  -1.9351509e-01  -1.9460444e-01  -2.7031847e-01  -2.5475444e-01  -1.7851446e-01   2.5647992e-01  -5.5627949e-01  -1.5537227e-01   5.7935401e-02   1.3682129e-01  -1.8771671e-01   1.3685505e-01   7.5687452e-02   2.7418799e-01  -1.9869402e-01   6.3090179e-02   2.4694644e-01  -2.1757806e-01   2.1442662e-01   4.0543871e-02   2.5741821e-01  -1.7820507e-01  -1.5233646e-01  -3.4888957e-02   5.0201622e-02   2.4937628e-02  -1.4729749e-01   8.3788706e-02  -5.3607126e-02   1.8588831e-01   8.8641590e-02   2.6330478e-03   7.4525331e-02   4.8941584e-02   1.9843040e-01  -8.0205227e-02  -9.2062218e-02  -2.8427957e-01  -1.8669119e-01  -3.7147186e-01   1.8548624e-01  -6.6344665e-03   2.2371845e-01  -1.5499353e-01  -6.2536776e-03  -2.0786222e-01  -3.9186528e-02   1.6822680e-01   7.1472981e-02  -1.8367710e-01  -3.3865920e-01  -3.9728228e-01  -4.9909886e-02  -2.7476586e-01  -2.5983986e-01  -2.1115556e-01   1.4168825e-01  -1.3284675e-01  -3.2302520e-01   1.1159130e-01   1.2503272e-01  -8.3732734e-02
  -1.8198481e-01   0.0000000e+00   2.2151655e-01   1.6064249e-01   2.4957034e-01  -3.8428571e-01  -2.6741030e-01  -9.8702879e-02  -1.1328574e-01   4.4583400e-01  -1.5144071e-01   1.4866920e-01   9.2754200e-03  -2.7159044e-01  -6.2837775e-02  -2.0211073e-01   4.0318710e-01  -3.4103507e-01   4.6655553e-02   3.2656985e-01  -4.6427668e-01  -3.4729179e-01  -1.8264124e-01  -2.5034038e-01  -1.1506044e-01   2.6273417e-01   3.1240269e-02  -1.4578355e-01  -1.4025146e-01  -4.6381855e-01  -2.2223077e-01   1.4516659e-01   1.9704858e-01  -3.4587321e-01   2.4459094e-01   3.2076361e-01   1.8348033e-01  -1.1504756e-01   3.0766234e-01   4.1505090e-01   7.9204697e-03  -2.5357044e-01   3.7261743e-01  -2.0062015e-01  -2.9832830e-01  -2.3586903e-01  -5.8388531e-02  -1.2550645e-01  -2.6168448e-01   4.8763030e-01  -2.5837686e-01  -2.5844435e-01   1.7311163e-01   2.8155764e-01  -3.0518697e-01  -1.3721497e-01  -5.1932123e-01  -9.5006061e-02  -2.4350162e-02  -5.1541058e-02   2.6350355e-01  -1.4521941e-01   1.9850611e-01   6.2594695e-02  -2.6434985e-01   1.0796682e-01  -8.3167250e-02  -3.4988647e-01  -4.2572958e-01  -1.6948001e-02   5.3408650e-01  -2.7450428e-01   1.3473872e-01   1.1658848e-01  -2.1865974e-02   3.2714013e-02   5.2724652e-02   3.4965700e-02   2.1845288e-01  -1.8681867e-01  -3.0669581e-01   1.1974801e-01   2.4812827e-01   5.8458280e-02  -2.1286154e-01  -1.9143063e-01  -3.3840540e-01   1.0566967e-02   4.1885274e-01  -1.7729531e-01   4.4079106e-01   1.5138903e-01   2.0878165e-01   4.7678407e-02   1.7631498e-01   1.9257564e-01  -1.2959634e-01   7.4627431e-02  -1.0596805e-01   1.0519857e-01  -7.5787216e-02   7.0261520e-02  -1.9000999e-01  -1.2138574e-01  -4.8026488e-02  -2.1955401e-01   4.6795436e-01  -4.3255031e-01   3.4047589e-02  -4.2481817e-01   4.9682224e-01  -4.9669836e-01  -3.0878232e-01  -5.0732691e-02  -2.1641798e-02  -2.3193315e-01  -1.8210119e-01  -1.7982700e-01   2.5870190e-01   6.1809651e-02   4.9472303e-03   2.4422069e-01   2.7642843e-01   3.5452307e-01   4.0650175e-03  -2.1352200e-01  -3.6178730e-01   1.4171732e-01   2.4214941e-01   2.2440000e-01   1.3097414e-01   1.4669491e-01   1.2268909e-01  -4.1532674e-01   2.5504903e-01  -2.8578599e-01   1.2212679e-01  -2.3563130e-01  -1.6536185e-01  -1.2805589e-01  -3.1584125e-01  -2.0784058e-01  -3.2034048e-01  -1.0462284e-01  -1.0010193e-01  -4.7950410e-01   4.1360310e-01  -1.7611948e-01  -4.0956080e-01  -3.2555326e-02   7.6888985e-02  -1.6424104e-01   1.1345157e-02  -1.0202323e-01   5.5724118e-01   6.5694043e-02   2.2303585e-01  -1.1041866e-01   3.3304918e-01  -6.1599632e-01  -3.0141557e-01  -1.7958181e-01   1.5050016e-01  -3.0269858e-01  -1.4552129e-01   8.9294090e-02   6.0481447e-02  -4.9332193e-02  -5.5893515e-02   2.9878225e-01   4.5971465e-02   8.7925715e-02  -2.5230321e-01  -9.8600450e-02   9.3433543e-02   2.5269185e-01   4.1944620e-01
  -3.3715688e-01   2.2151655e-01   0.0000000e+00  -3.3371964e-01   2.2063620e-01   3.1950284e-01  -2.4126966e-01   1.9836852e-01  -2.8829774e-01   2.6199566e-01  -1.7620580e-01   1.5852645e-01   1.7853945e-01   2.8109563e-01   1.8087465e-01  -7.8703661e-04   7.4456402e-01  -2.3988994e-01   3.2203569e-01   3.9955951e-01  -3.2816739e-01  -1.9860387e-01  -2.9231347e-01  -1.6513932e-01  -2.9830674e-01   1.4830009e-01   2.0753585e-01   1.1964579e-01  -2.0946560e-01  -1.9593827e-01   1.2842775e-01  -1.8865394e-01   7.6658616e-02  -2.7620774e-02   2.3935114e-01   1.0122548e-01  -1.3624719e-02   3.2496862e-01  -5.8837217e-02   3.9833126e-01   3.9038217e-01  -2.8946701e-01   1.6747034e-01   1.5351195e-01  -1.7882871e-01   3.0650097e-01  -2.0134737e-01   9.9456667e-02   8.4583687e-02   5.2173048e-01  -1.6077496e-01  -2.7037343e-01   6.9135152e-02   1.6567394e-01   1.0734848e-01   2.5545425e-01   7.6821657e-02  -5.2431859e-02  -2.2690570e-02  -1.3126994e-01  -1.7278950e-01  -7.1612153e-02   2.0141596e-01  -1.8457578e-02  -2.6760211e-01   1.4978106e-02   9.1539074e-02  -3.0310705e-01  -2.1433240e-01   5.8463131e-01   5.4607455e-01  -3.1707025e-01   2.0014161e-02   5.3751817e-01  -2.0881616e-02  -1.5050377e-01  -1.2184671e-03   5.4438380e-02   4.0884088e-02   1.1657941e-01   1.2849851e-01   2.9559325e-01   7.8836643e-02   1.6394117e-01   1.8148719e-01   4.7556829e-02  -5.9019355e-02   2.6039962e-01  -5.1419039e-02  -2.0475449e-01  -4.9216458e-02   1.6219931e-01   3.3517905e-01  -3.0395880e-01  -7.2367879e-03   4.0717926e-01  -2.7864851e-01   3.6302319e-01  -1.1575364e-02  -4.5906616e-02   4.2459206e-01   2.4669719e-01  -1.3858539e-01  -6.8273306e-02  -4.3837328e-01  -5.7678736e-02   2.1765208e-01  -1.1428567e-01  -8.9390664e-02  -2.6354237e-01   5.7044519e-01  -1.3904377e-01  -2.6489663e-01  -2.1958431e-02   6.1793587e-01  -1.8818394e-01   2.3651881e-01   6.6059671e-02   5.3660964e-01  -1.0923372e-01  -2.8454254e-01   3.4190601e-01   5.3974982e-03  -3.7843017e-01  -7.9728541e-02   3.6778380e-01  -5.3146900e-01   1.2735318e-01  -3.4550389e-01   6.0918289e-01   1.8474915e-01  -7.0784494e-02   2.5150199e-01  -2.8911827e-01   7.0984392e-03  -1.9168000e-01   3.8643229e-02   4.1268318e-01   5.2667590e-02   9.8713738e-02  -1.3861035e-02   1.4953329e-01   1.3714753e-01   4.4193186e-01  -9.8500397e-02  -1.6040159e-01   4.7319542e-01  -2.3106705e-01  -1.8310335e-01   1.3209702e-01   4.2004129e-01   2.6603969e-01  -1.1892506e-01   9.8237304e-02   7.0968546e-01   6.6001960e-02  -1.3183418e-01   4.9171210e-02   1.1158528e-01   4.3525354e-02  -1.5914212e-01  -1.8342213e-02   1.7246312e-01  -4.2812987e-01   1.7362591e-04  -4.9296676e-02   2.6874312e-01   1.6186043e-01  -1.1669334e-01   4.5869422e-01  -4.2236320e-01   1.2687341e-02  -3.3318835e-01   6.0830131e-01  -2.7461026e-01  -1.9580446e-02  -4.0692082e-02
   3.2925405e-02   1.6064249e-01  -3.3371964e-01   0.0000000e+00  -1.5907783e-01  -1.8712817e-01  -1.0835453e-02  -3.5441773e-02   4.8121235e-02   7.9137779e-04   1.1365808e-01  -4.2369920e-02  -1.3836992e-01  -4.2859383e-01  -1.9994646e-01  -6.8050661e-02  -2.2898621e-01  -6.0973774e-03   7.6422465e-02  -1.2517997e-01  -3.1810682e-02   2.6015679e-02   2.3433293e-01  -1.8160886e-01   2.4707598e-01   1.5718440e-01   5.0603913e-02   1.0856880e-01  -1.6013180e-01  -7.7780113e-02  -1.2351067e-01   6.1106611e-01  -1.1290694e-02  -5.4632343e-02  -3.1158148e-01  -1.0629081e-01  -1.4576058e-02  -4.1520280e-01   3.5328879e-02   1.4194947e-01  -6.4368604e-02  -5.6474840e-02  -4.3878533e-03  -1.3996392e-01  -6.7304343e-02  -3.4857434e-01   1.4577343e-01  -1.8083128e-01  -1.3439313e-01  -9.9498336e-02  -6.3008212e-02  -2.1525142e-02   1.9377575e-01   1.7208760e-01  -3.5018839e-01  -1.9058088e-01  -6.9505128e-02   3.1591942e-01   3.4615323e-01   1.7484595e-01   2.7329323e-01  -8.9389996e-02   3.7135171e-01   6.2856490e-02  -7.2556128e-02  -2.2660771e-02  -8.3344219e-02  -1.1863405e-01   6.3059074e-02  -3.2909715e-01  -1.8265706e-01   2.3629456e-01   1.0655034e-01  -2.8763252e-01   3.4297740e-01   2.6093756e-01  -1.2128701e-01   4.6791972e-02  -2.2928561e-02  -3.8496531e-02  -2.5800573e-01  -1.2979590e-01  -1.2110720e-01   3.2885011e-01  -3.2581935e-01   6.5336891e-02  -3.1856616e-01  -5.9876453e-02   3.2622118e-01  -3.7717552e-01   3.1235429e-02   5.6951094e-02   2.4662211e-02   1.9006782e-01   2.0598796e-01   1.4798369e-02  -4.3678881e-02  -9.2286279e-02  -7.7209060e-02  -1.0801065e-01  -3.4281382e-01  -2.5709268e-02  -4.5357787e-02  -5.5133888e-02   6.6124378e-01  -1.0665036e-01   2.6550092e-01  -1.9413502e-02   9.1526800e-02   2.3014831e-01  -5.0768518e-02   6.4494475e-02   3.1853040e-01   7.4047839e-02  -2.4973068e-01  -3.7306347e-02  -2.7869748e-01  -3.1122038e-01  -2.1730216e-01   5.6069912e-01   1.3898110e-02  -2.2406668e-01  -1.7535011e-02   2.6523940e-01  -2.9509802e-02  -2.4245490e-01   1.6989851e-01   3.1765042e-01   5.9246291e-01  -1.5742968e-01  -1.0024539e-01  -2.3504590e-01  -2.0048075e-01  -5.9077401e-02   3.6565519e-01   3.2758014e-02   1.1754863e-01  -3.0425277e-01   8.8586309e-02   2.5627345e-01  -1.6564377e-02  -1.9152232e-01  -2.1110760e-01  -1.8294893e-01  -1.2479310e-01  -6.2132752e-02  -4.1656071e-02   3.0578618e-01   1.4300249e-01  -1.6311249e-01  -3.2202497e-01  -3.2012809e-01  -1.4728520e-02  -7.6506154e-02  -2.0271052e-01  -1.4852258e-01   2.0429189e-01   2.1959116e-01   3.4167279e-02  -3.5654653e-01  -2.3747584e-01  -2.0463148e-01  -1.3866579e-01   4.2629040e-01   1.5660766e-01   4.5686177e-02  -7.8063392e-02   1.3835797e-01  -4.6475703e-02  -1.1731329e-01   3.3464013e-01   3.5672363e-02   2.8342018e-01  -1.4943938e-01   1.3875757e-01   3.5237379e-01   8.7437999e-02
  -5.3011145e-01   2.4957034e-01   2.2063620e-01  -1.5907783e-01   0.0000000e+00  -2.0821117e-02   1.5166105e-02  -1.0834514e-01   2.1280634e-01  -2.9183868e-01  -3.9721164e-01   4.4759024e-01   1.2899094e-01   2.3340427e-01  -1.6907881e-01  -2.7155950e-01   1.9434707e-01  -3.3135762e-01  -2.1137777e-01   7.7672394e-01  -2.3008846e-01  -6.1852616e-02  -1.5728485e-01   2.0827877e-01  -3.0362292e-01  -7.6120572e-02   7.4239490e-02  -3.2954527e-02   1.0713557e-01  -8.3075044e-03  -3.7074501e-01   7.0827505e-02  -8.3717590e-02  -7.1207603e-02   1.8956273e-01   5.3268271e-01   8.3010136e-02  -2.2401693e-01  -7.9642545e-02   8.1026401e-02   3.3559324e-01   3.0318381e-02   3.3206349e-01   3.5051808e-02   2.2802933e-01  -8.6616119e-02  -1.7498302e-01  -4.1131699e-01   2.1563622e-01   3.2257428e-01  -1.7295659e-01  -1.3698842e-01  -2.3157856e-01   1.5284126e-01   6.3935030e-02  -3.1159963e-01   2.7500598e-02  -2.4938131e-01   1.9528443e-02  -8.1991137e-02  -1.6674898e-01   1.8610059e-01   3.8927329e-02  -3.1437687e-01   5.2571263e-02  -2.4584306e-01   1.5188536e-01  -1.1013002e-01  -1.8057012e-01   2.9924163e-02  -9.4368892e-02  -6.0556502e-02  -3.6708855e-02   3.7726991e-01  -2.3446008e-01  -2.5930138e-01  -1.3601712e-01  -1.8901864e-01   5.4402591e-01   8.1733252e-03   7.1232397e-02   1.2820046e-01   1.2366636e-01  -2.8125996e-01   1.5532764e-01  -1.3770471e-01   3.3130478e-02   3.2277340e-01  -1.5440255e-02  -2.3381924e-01   5.4394656e-01   3.2378189e-01   2.6463162e-01   7.5321900e-02  -3.7979595e-01   4.2028859e-01   1.1367632e-01   8.3575321e-02   2.3107720e-01  -1.2669881e-01   5.3964088e-03  -2.3183349e-01  -2.5876812e-01   1.1648440e-01  -4.0518689e-02   6.8529286e-02   1.9208612e-01  -3.1604038e-01  -5.7791611e-02  -2.4332186e-01   1.3827117e-01   1.3557901e-01   1.4389954e-02  -2.7894659e-01  -1.0778957e-01   2.2677022e-01   3.1502241e-02   1.0277308e-01   2.1974472e-01   1.7846327e-01  -4.5257716e-02   6.3359157e-01   1.5008752e-01  -5.3360190e-02  -4.5265522e-02   1.7565283e-01  -1.6085682e-01   3.8533271e-02  -1.2667636e-01   3.9415460e-02   1.6090250e-01  -2.6408247e-01   3.4939826e-01  -3.4052604e-01  -9.5800580e-02  -4.3575160e-01   2.2266621e-01  -6.4650216e-02  -8.2880070e-02  -3.8378302e-01  -1.3507122e-01   2.5110935e-01  -1.5644258e-01  -6.1885436e-03  -2.3709203e-01  -4.2807189e-02  -2.1770053e-02   8.5310383e-02  -1.1016336e-01  -3.1474946e-01  -1.4969792e-01   1.3111848e-01   3.5355668e-01   3.1232686e-01   4.6315968e-01   4.4872508e-02  -9.5649483e-03   1.7565742e-02   2.2160308e-01   1.3083721e-01   3.6845598e-02  -1.1290349e-01  -1.3309869e-01  -1.0545008e-01   2.1529553e-01   4.6922032e-01   3.8945371e-01  -2.8212406e-01   2.3981406e-01   4.7178006e-01   2.9510923e-01  -1.1509367e-01   3.3766931e-02   5.2791996e-02   1.3884273e-01  -7.0480816e-02   1.8565056e-01
   1.5478415e-02  -3.8428571e-01   3.1950284e-01  -1.8712817e-01  -2.0821117e-02   0.0000000e+00   1.4033262e-01   1.6730230e-01  -1.8404023e-01  -3.0963267e-01  -3.5179856e-02   1.1871833e-01  -6.3178774e-02   3.6584545e-01   2.8475089e-01   7.8172469e-02   1.7210590e-01   5.5741735e-02   1.7341452e-01  -2.4208974e-02   6.6470693e-02   2.8337451e-01  -1.7946889e-01   4.8354334e-02   1.8332633e-01   2.3896907e-01   1.4368141e-01   3.0152652e-01  -3.3928796e-01   2.9845821e-01   1.5457994e-01  -1.3892779e-01   3.7331591e-02   3.4206540e-01   1.0535965e-01  -6.6590824e-02  -4.3685816e-01   2.3856388e-01  -3.1397966e-01   4.2284278e-02   9.2306329e-02   8.0749649e-02  -1.9389305e-01   1.8637991e-01   7.8879106e-02   2.2656902e-01  -2.3133793e-01   1.3487348e-01   1.2423326e-01  -2.0512038e-01   9.9121775e-02  -9.3288002e-02  -1.0125818e-01   5.2538987e-02   2.4756270e-02   2.9633802e-01   4.0772053e-01   5.9953627e-02   1.0663445e-01   1.0973424e-01  -1.0161749e-01  -4.4839767e-03  -2.6186612e-02  -2.4849261e-02  -1.9130300e-02  -2.6424034e-01   3.7460174e-01  -4.5624354e-02   4.6240301e-01   2.5960758e-01  -1.9583616e-01  -9.5958823e-02  -1.5392735e-01   4.1614482e-01   1.1748480e-01   2.2173703e-01  -2.9980791e-02   5.7233267e-03   4.2322105e-02   3.4324567e-01   2.1440444e-01   1.3593866e-01  -1.3404902e-01   1.8973800e-01   4.3165408e-01   3.5010404e-01   2.5577311e-01   1.2950189e-01  -1.2896063e-01   1.2587004e-01  -1.4210669e-01   7.0518207e-03   2.2320439e-01  -1.9108320e-01  -1.1364150e-01   1.0901198e-01  -8.7591541e-02   4.4239149e-01   1.2052499e-01  -2.6397582e-01   2.7855121e-01   1.7350394e-01   3.1619038e-02  -1.3492370e-02   1.1127133e-01   3.8714908e-01   4.7668385e-02   3.0992419e-01  -2.8583570e-01   2.1118241e-01   1.3779428e-01   1.5971836e-01   5.1250728e-02  -1.8254184e-02   1.8423098e-01   1.1106600e-01   3.4038233e-01  -5.3895542e-02   2.8018597e-01  -4.9318484e-02   2.0367542e-01  -8.0604978e-02  -8.6724493e-02  -4.4312118e-01   8.5791122e-02   2.5981855e-01  -8.8758044e-02   9.7423230e-02  -2.6621875e-01   2.2137930e-01   8.0883112e-02  -6.6439891e-02   3.7260361e-01   1.2374594e-01  -2.4914169e-02   2.8438957e-01   9.8826225e-02   3.6505396e-01   3.5331293e-01  -3.9225394e-03  -4.1841802e-02   3.6928648e-01   2.0884840e-01   4.8074953e-01  -1.2305311e-01   3.3099646e-01  -5.0031484e-02  -1.3132016e-02   8.3247226e-02  -2.2825734e-01   2.1535344e-02   3.9881471e-01   3.2587339e-01   1.0537906e-01   1.6266210e-01   1.9639192e-01  -2.3551335e-01   1.7254089e-01  -1.6996487e-01   3.3161063e-01   6.1400162e-02   1.0146205e-01  -3.4701279e-01  -1.7306707e-01   4.1241474e-02  -6.4672210e-03   2.1490446e-01   1.2815411e-02   8.3120981e-02   1.5900717e-01  -1.3579512e-01  -6.5762291e-02  -2.2082406e-01   4.5857658e-01  -1.4844592e-01  -1.2143249e-01  -1.0901077e-01
   1.1205175e-02  -2.6741030e-01  -2.4126966e-01  -1.0835453e-02   1.5166105e-02   1.4033262e-01   0.0000000e+00  -1.0562235e-01   7.6919769e-02  -1.9485953e-01   9.5037355e-02   1.2186072e-01  -1.5885272e-01   1.3480210e-01   1.0252871e-02  -1.0065359e-02  -3.0361422e-01   1.4109040e-01  -1.8276757e-01  -1.4091249e-02   2.7076503e-01  -1.6493360e-01   3.1862028e-01   1.8252390e-01   1.3345977e-01   1.5078726e-01   6.0177465e-02  -2.7869740e-01   9.7809159e-03   1.4378753e-01   2.0274057e-01  -1.3327156e-02  -1.3859903e-01   5.8794073e-01   1.1685841e-01   1.0840627e-01   7.2220552e-02  -1.3023101e-01  -2.5316908e-01   2.9239720e-02  -2.7948329e-01   8.6955786e-02  -1.6635430e-01   1.5641999e-01   4.0160613e-01   2.4325983e-01  -1.3993491e-01   5.2556482e-01   9.9918336e-02  -2.6882319e-01   2.6241806e-01   2.2591185e-01   8.7563824e-02  -1.8812374e-01   4.1693100e-02  -6.2557565e-03  -1.9987397e-01  -1.7214299e-03  -1.2124766e-01   3.0708673e-01   1.1904004e-01   3.8099183e-01  -1.0033701e-01   1.7740633e-01   2.9469463e-01  -1.0279786e-01   3.2891074e-01   5.5946008e-02   7.6420798e-02  -7.1236845e-02  -1.7518147e-01   1.3718882e-01  -1.2632310e-02  -2.2039913e-01  -2.1553697e-01  -1.4733337e-01  -1.4269364e-01   2.2494209e-01  -7.4834909e-02  -8.0946965e-03   6.2566109e-01  -3.8004587e-01   7.8384628e-02  -2.4894183e-01  -2.8120268e-03   8.5558109e-02   3.1359243e-01   9.4689422e-02  -2.3945065e-01   1.8092510e-01   1.1705096e-02  -9.6360900e-02   1.3401788e-01   7.0230525e-02  -1.9289474e-01  -2.3885928e-02  -3.3970570e-02   2.0448211e-01   1.9202104e-01   3.2113097e-01  -8.3991976e-03   1.7322648e-01  -7.1026588e-03   1.9310000e-01   2.7636308e-01   2.2994505e-02  -4.5984854e-01   2.0237701e-01   2.4723287e-01   1.6048836e-01  -1.3981005e-01   8.1496402e-02   3.0740309e-01  -1.5462738e-01  -6.1844859e-02   2.4472058e-01   1.2794690e-01  -1.6000282e-01  -2.8447875e-01  -1.5952116e-01   1.0999900e-01  -7.2623167e-02  -1.8725913e-01   7.9680259e-02   8.9773511e-02  -7.5704628e-02   4.6068709e-01   5.4518254e-02  -8.2139956e-02  -5.9555790e-02   2.1242846e-01   3.5864926e-01  -7.6010847e-02   3.1160194e-01  -2.0277631e-01  -8.2917053e-02   1.2039483e-01  -4.6409280e-02   5.0938224e-03   5.4647604e-02  -1.9644390e-01  -1.8249160e-02   1.6753631e-01  -2.2252277e-01   2.7087538e-01   1.1458702e-01   8.5399586e-02   1.0754193e-01   3.0451031e-01  -1.5985901e-01  -8.6530817e-02   2.3384772e-01   2.0704742e-01   1.1690759e-01  -2.2064231e-01  -1.5240676e-01  -1.6407336e-01  -1.7062352e-01  -2.7442290e-02   1.9762849e-01   1.0461914e-02   2.1788364e-01  -1.0319153e-01   1.0542346e-01   1.6179612e-02   1.5374830e-01  -2.6185966e-03  -4.6522324e-01   5.9111730e-02   6.6435478e-02   1.0554685e-01   8.2053249e-02   2.3822575e-01  -2.1688663e-01  -1.5307505e-02  -3.5304191e-01  -2.1502669e-01
   4.6063637e-02  -9.8702879e-02   1.9836852e-01  -3.5441773e-02  -1.0834514e-01   1.6730230e-01  -1.0562235e-01   0.0000000e+00  -7.1066248e-02   8.5755798e-02   1.3731683e-01   7.9390851e-02  -7.0476919e-02   2.2149329e-01  -1.8937897e-01   3.0398398e-03   1.5148363e-01  -6.0481548e-02   2.1652558e-01  -4.9913244e-02   1.1821620e-01   1.3383462e-01  -1.7487436e-03  -9.1996154e-02  -1.7628623e-01   1.6344705e-01  -3.2875649e-01   3.2441790e-01  -2.7429365e-02   1.1713523e-01   2.8479737e-01   2.0208071e-02  -9.0215313e-02  -2.7889512e-02   2.7759229e-01  -5.9405900e-02   9.4598228e-03  -1.7103828e-01  -2.1352051e-01  -6.8378673e-02   3.7833880e-02   7.0082237e-02  -1.1215143e-01   2.9812498e-01  -1.6093961e-01   7.0748058e-02   9.3000904e-02   3.0424530e-01   1.5078227e-01  -1.6184918e-01   8.3951793e-02  -7.4346255e-02   4.1344973e-01   2.0300577e-01   9.1197613e-02   1.6174636e-01   1.0272636e-01   2.2567147e-01  -1.2596310e-01   8.9744683e-02  -1.1328299e-01  -5.8068329e-02   1.4160225e-02   8.1126246e-02  -1.3134564e-01   1.7845415e-01   2.0997239e-01  -1.0418218e-01   2.3708744e-01   1.4377875e-01   1.0657553e-01  -2.3851118e-01   4.8677194e-02   2.4705083e-01   8.4336834e-02   6.5095249e-02  -1.4722459e-01  -1.7911592e-02  -3.4806544e-01   1.6619338e-02  -7.2145294e-02   5.2340667e-02   8.3977243e-02   3.7512010e-01   2.5763864e-01   2.9428870e-01   1.7757532e-01  -1.9152317e-01  -1.2740260e-01  -5.8983944e-02  -2.1713103e-01  -4.1660243e-01  -5.0400376e-02  -2.6127546e-01  -3.8409162e-03   2.1279184e-02  -1.5055071e-01   2.2755708e-03  -7.8140664e-02   2.5060950e-02   2.8306354e-01   8.0108193e-02   2.1020057e-01   1.5735099e-01  -3.8509031e-02   7.0511402e-02   1.9176708e-02   2.1959306e-01  -2.0563211e-01   8.2429593e-03   2.1701268e-01   1.3165309e-01  -6.9149001e-02   6.0020789e-02   2.5214940e-01  -1.1679870e-01   9.9536479e-02  -1.5148051e-01   2.7890767e-01   9.0466570e-03  -3.8685030e-01  -1.1988961e-01  -1.0749259e-01  -4.1014470e-01  -2.4416555e-01   3.1827579e-01  -1.3001441e-01  -4.7210947e-02  -2.6510971e-01   5.3041951e-02   2.0760531e-02   1.0790344e-01   1.5003068e-01  -4.1013956e-02  -1.1245447e-01  -1.6423717e-02  -1.3084226e-01   4.7669279e-01   1.8656507e-02   5.6357275e-02   1.7850903e-01   2.4583672e-01   1.3028274e-01   3.8838455e-01  -2.2858436e-01   1.2704507e-01  -7.8820301e-03   1.8569379e-01   1.9905452e-02  -1.7614109e-02   1.0157531e-01   1.3172122e-01   1.4054263e-02  -8.0124441e-02   8.7969346e-02  -1.7286596e-01  -4.1211573e-01   2.2919004e-01  -3.8057021e-01   2.8064943e-03  -5.9799711e-02   1.5324436e-01   3.4652350e-02  -1.2731277e-02   1.2694070e-01  -1.5079607e-01  -1.8041657e-01   3.0024167e-01  -1.6553268e-01   2.0869481e-01  -2.4308714e-01  -1.3890549e-02  -1.1493443e-01   2.8310756e-01   3.6919296e-02   1.0611053e-01   1.3501784e-02
  -8.8038096e-02  -1.1328574e-01  -2.8829774e-01   4.8121235e-02   2.1280634e-01  -1.8404023e-01   7.6919769e-02  -7.1066248e-02   0.0000000e+00  -4.1953853e-01  -4.3972208e-02   2.2213751e-01   1.0121949e-01  -9.9695861e-02  -2.5396102e-01  -1.9268690e-01  -2.5477197e-01  -4.8085260e-02  -4.2884079e-01   6.1902965e-02   4.7198963e-01   3.0078094e-01   6.0072607e-02   2.2357518e-01  -7.1717473e-02  -6.9926637e-02   7.4087414e-02  -7.6618298e-02   3.5913439e-01   9.1947450e-02  -1.6500497e-01   1.1871279e-01  -2.1522617e-01  -3.4437490e-02  -2.9444543e-01   1.5551299e-01  -3.6818846e-02  -2.2156650e-01  -1.6329917e-01  -1.6003298e-01  -3.1709118e-02   2.2101873e-01  -1.7638818e-01  -7.0565425e-02   4.4959456e-01  -2.8558877e-01   8.9088625e-02  -1.0888033e-02   1.3722672e-02  -2.0368424e-01   9.5145575e-02   1.3092560e-01  -1.5398063e-01  -1.7404162e-01  -7.3385499e-02  -4.7313683e-01  -7.4944927e-02   2.7693208e-01   7.0250491e-02   1.7915900e-01  -2.6430700e-01   1.4977534e-01   2.3072535e-01   4.1790649e-02   3.6827156e-01  -1.5170785e-01  -2.9400733e-03   1.3935184e-01  -3.3802801e-02  -4.5186555e-01  -3.1584459e-01   3.2391051e-01  -2.9530164e-02  -3.4465792e-01  -5.4721538e-02   2.1306716e-01  -2.1703802e-01  -2.4263370e-01   2.9011034e-01   2.0069768e-01  -1.3927005e-01  -1.4951140e-01  -1.5544518e-01  -4.0150545e-02  -2.7154037e-01   1.6366890e-01   3.1056493e-01   2.5370487e-01   4.9902791e-02  -4.9165351e-02   2.3057576e-01  -3.3700035e-01   2.8948955e-01   3.8851336e-01  -1.6509270e-01  -1.3055376e-01   1.9637246e-01  -2.4789219e-02   2.4305982e-01  -2.4721583e-01  -3.5358578e-01  -1.4117673e-01  -1.1915894e-01   2.3508564e-01   1.5345894e-01   3.0099643e-01  -2.1265737e-01   1.6904480e-01   7.8959478e-02   1.8372537e-01  -4.4751577e-01   9.1099339e-02   3.7530208e-01  -1.3572377e-01  -5.4092545e-01   3.2590814e-01  -2.4873628e-01   1.8656287e-01  -3.2040695e-01   1.3971313e-01  -7.0222460e-03   1.3904993e-01   1.4204765e-01   2.5770325e-01   1.9117236e-02   3.6121680e-02   3.1334349e-01  -1.9158649e-01   3.2046632e-01  -3.7947146e-01  -1.8671451e-01   7.9395015e-02   1.7529593e-02   1.9646903e-01   1.0286560e-01   2.8880977e-01  -1.5524295e-01  -3.4693413e-01   1.6750261e-01   3.7448251e-02  -3.7523862e-02   1.1404205e-01  -1.3246939e-01  -3.5293799e-01   9.1836523e-02   2.2499977e-01  -3.6221462e-01   3.0436971e-01   2.7724019e-01  -1.4253532e-01  -6.1096378e-01  -7.7496624e-02  -6.3667367e-02   2.2973042e-01  -6.1184607e-02   9.9756572e-02  -7.6441591e-02  -8.7318580e-02  -1.8555461e-01   1.0113736e-01   5.5268404e-02   3.2216478e-04  -2.0003937e-01   5.9441423e-01   2.4679101e-01   4.0767635e-01   2.2186079e-01  -2.3602957e-01   7.5843730e-03  -3.4979139e-02   3.7842248e-01   7.2861009e-02   4.6534368e-01  -4.0308702e-01   2.7853157e-01   2.2922979e-02   1.5144300e-01
   2.7506627e-01   4.4583400e-01   2.6199566e-01   7.9137779e-04  -2.9183868e-01  -3.0963267e-01  -1.9485953e-01   8.5755798e-02  -4.1953853e-01   0.0000000e+00   3.7321921e-01  -2.2945042e-01   2.1340141e-02  -2.9166299e-01   2.8132994e-01   2.6611166e-01   3.6937963e-01   1.4151980e-01   3.1335035e-01   1.9180996e-02  -1.8632870e-01  -5.3420054e-01   2.5161526e-02  -3.0010449e-01   1.0596432e-01   3.9671265e-02   6.9829606e-03  -2.9680408e-01  -9.8590439e-02  -6.8598885e-01   3.0239785e-01  -1.6393166e-01   1.1945511e-01  -1.7392787e-01  -1.1251747e-01   4.8586583e-04   2.0632693e-01   2.3607016e-01   2.3844301e-01   1.7478333e-01  -6.7980443e-02  -3.2257272e-01   2.6197793e-01  -2.0973254e-02  -4.9949110e-01   1.2459787e-01   2.1993856e-01   2.5957661e-01  -3.9766125e-01   2.2638206e-01  -4.7853811e-02  -1.1937788e-01   3.1779059e-01   7.4002830e-02   1.1335265e-01   3.7622879e-01  -2.4813717e-01  -4.7302415e-02  -2.2361225e-01  -4.4239766e-01   1.0984647e-01  -3.0906337e-01   8.0933243e-02   2.5706277e-01  -3.6944659e-01   6.4911288e-01  -2.2069739e-01  -2.3378472e-01  -9.2653830e-02   1.9739924e-01   6.8094214e-01  -2.9018958e-01   2.2417300e-01  -1.0100816e-01  -1.3457373e-01  -2.3316751e-01   1.3907542e-01   1.4522249e-01  -1.9660687e-01  -1.6145905e-02   1.2046847e-02  -7.4861835e-04   1.1266483e-01   1.2430393e-01  -2.9164993e-01  -1.9976184e-01  -5.7180129e-01  -3.3381806e-01  -1.4018624e-02  -5.2077520e-02  -2.3732098e-02  -6.2528440e-02   5.7133216e-03  -4.1318224e-01   2.1091818e-01  -5.3494174e-03  -3.7078902e-01   1.6337127e-01  -2.7158023e-01   3.5397069e-01   2.4984991e-01   2.5480572e-01  -4.9675859e-02  -3.0157209e-01  -4.4094057e-01  -1.2657216e-01   1.6120449e-01  -2.9021704e-01   2.4981318e-01  -1.5705479e-01   4.0817420e-01  -4.6307996e-01  -2.4821810e-01   1.9527751e-01   4.4842491e-01  -3.1202403e-01  -1.8700955e-02  -1.4679708e-01   1.8795346e-01  -3.0234740e-01  -3.6193363e-01  -2.5221738e-02  -7.4405458e-02   3.2033095e-02  -7.6657765e-02  -2.7165916e-01  -2.5125667e-01   3.1965145e-02  -7.3023535e-02   3.1897583e-01   1.7083564e-01   3.6450033e-01  -4.0492089e-01  -1.9524739e-01  -6.4035835e-03  -2.9413147e-01  -1.7186343e-01   1.7897572e-01  -3.2611036e-01   9.8770025e-02  -6.5656460e-02  -1.9930111e-01   1.8626236e-01  -3.1070739e-02   2.9309164e-02  -3.6808652e-01   6.4273735e-01  -1.6877871e-01  -1.9080281e-01   4.1890416e-01   4.3127857e-01   9.9602837e-02  -4.1839677e-01  -6.6730180e-02   1.2907856e-01   1.8130740e-01  -4.3404939e-02   7.8391887e-03   6.3792446e-02  -3.6692507e-01  -3.4529442e-01   1.9665890e-01   7.0287156e-01  -2.9631155e-01  -2.6354638e-01  -2.6689297e-01  -2.2623031e-01   2.0377535e-01  -3.9292132e-01  -8.3661882e-02  -3.3179480e-01   9.1548247e-02  -1.6261984e-01  -8.3110712e-02  -1.3845648e-01   4.6753664e-02  -1.2172678e-01
   2.8209043e-01  -1.5144071e-01  -1.7620580e-01   1.1365808e-01  -3.9721164e-01  -3.5179856e-02   9.5037355e-02   1.3731683e-01  -4.3972208e-02   3.7321921e-01   0.0000000e+00  -9.2065904e-02  -1.0503780e-01  -3.0425720e-01   2.6343466e-01   1.5110380e-01   4.9116500e-02   2.9203876e-01   2.9222098e-01  -1.3372873e-01   1.8952733e-01  -1.9337817e-01  -5.8788015e-02   2.0404517e-01   4.3005719e-01  -1.2172718e-01   4.4862605e-04  -2.3104158e-01  -4.8771723e-02  -1.9399867e-01   3.1109773e-01  -2.7107182e-01   1.4797765e-01   7.9062284e-02  -3.3912391e-01   1.9181643e-02  -1.4828070e-01   7.4038848e-02   5.2433385e-02   6.6867200e-02  -9.0745602e-02  -5.6510322e-02   1.1188534e-02  -1.3750678e-02  -1.1692458e-01   9.9314156e-03   4.0021554e-01   3.2901227e-01  -2.7160042e-01  -2.1134962e-01   2.0300818e-02   1.9903545e-01   3.8019189e-01  -4.6435991e-02   1.1918745e-01   3.6230745e-01  -1.4251350e-02  -8.7648066e-02  -1.4197528e-01  -1.1753116e-01   1.0599676e-01  -1.3738192e-01  -9.8763566e-02   1.6371605e-01   1.1931645e-01   4.4863098e-01   9.5895970e-02   1.5514910e-01   1.9265712e-01   6.1222554e-04   1.4606436e-01   5.0813839e-02   2.8902101e-02  -4.3144953e-01   2.0778753e-02   4.0158282e-02   1.4178873e-01  -8.5999953e-03  -1.7339989e-01   5.7223151e-02   2.7188757e-02  -1.5619255e-02   9.5110009e-02   1.1945856e-01  -1.3879145e-01   1.3205748e-01  -2.2530276e-01  -3.6535041e-01  -2.2086424e-01   1.5950534e-01  -1.9187793e-01  -2.4912535e-01   1.0330513e-01  -2.0600799e-01  -1.0577022e-03  -1.8601873e-01   5.4846365e-03  -9.3292293e-02   6.8277685e-02   2.5369491e-01  -3.8427319e-02   2.0009763e-01  -6.6142182e-02  -1.2010031e-01   1.8861897e-03   1.0924153e-01  -1.3487296e-01   7.6098511e-02   2.9976915e-03   1.2559798e-01   1.1208448e-01  -1.8994557e-01   8.5136839e-02   1.4480364e-01   5.5245188e-02   1.9591395e-01  -7.8282850e-02   4.0345045e-02  -1.1338456e-01  -8.7129714e-02   3.8452318e-02  -4.9420036e-02   1.5424763e-02  -9.4322455e-02   3.6336164e-02  -2.8278591e-01   4.8783112e-02   7.7684041e-02  -1.4905551e-01   1.5522023e-01   1.3599412e-01   3.7098531e-01  -2.6810441e-01  -1.3398608e-01   5.8694977e-02  -3.2225714e-02  -5.9303877e-03   5.5276310e-02  -2.5400560e-02  -5.0481570e-02   1.4447806e-01  -1.0416097e-01   3.8110209e-01  -5.7901902e-02   3.3839579e-02   2.5507695e-03   2.6185631e-01   1.7280305e-01   2.1232904e-01   1.1811022e-01   1.1041086e-02  -4.6886725e-02  -9.1991794e-02   3.6153253e-01  -1.5881364e-01   1.9053385e-01  -7.8442412e-02   4.4913387e-02  -2.3640702e-01  -1.8329136e-01   4.1794731e-02   4.7645433e-01   4.0492173e-01  -1.3062289e-02  -7.3317289e-02  -8.4591462e-02   8.6713279e-02   1.4517879e-01  -5.1555509e-02  -2.6869345e-01   1.5005750e-01  -2.3414024e-02   3.3357888e-02  -1.9479560e-01   3.2172372e-02  -1.1939068e-01  -4.1027751e-01
  -2.9710409e-01   1.4866920e-01   1.5852645e-01  -4.2369920e-02   4.4759024e-01   1.1871833e-01   1.2186072e-01   7.9390851e-02   2.2213751e-01  -2.2945042e-01  -9.2065904e-02   0.0000000e+00  -1.3480514e-01   7.5373881e-03  -8.6125606e-02  -1.4429128e-01  -6.8635903e-03  -2.7821924e-01  -1.5215264e-01   5.4825791e-01   8.2282571e-02   1.5848945e-02   7.0813082e-04   8.7501805e-02   2.2224850e-02   4.5182425e-02   3.7701111e-01  -5.7199217e-02  -2.5071061e-01   4.2800636e-02  -2.2900581e-01   4.7290787e-02   4.0427488e-02   1.8082973e-01   1.8347284e-01   4.6056336e-01   2.5151497e-01   5.2520781e-02  -1.9731179e-01  -3.6063962e-02   1.2423186e-01   2.7256399e-01   8.1972256e-02  -1.3939737e-02   3.5946873e-01  -5.0636513e-02  -1.2939810e-01  -1.3400336e-01   4.4596602e-01   5.8903553e-02   1.8723874e-01   6.4836515e-03  -1.0652606e-01   5.5101558e-02   6.2843763e-02  -1.9562045e-01   5.6637088e-02  -4.5710461e-02  -4.0475327e-02   4.4825241e-01  -3.2554073e-01   3.1965718e-01   3.1011057e-01  -7.5014693e-02   3.6072002e-01  -4.9676041e-02   1.6020866e-01  -8.8764547e-02  -1.7784491e-01  -1.2108600e-01  -2.2090668e-01  -7.6932391e-03  -2.4504303e-02   1.4900752e-01  -5.7565704e-02  -1.5102731e-01  -3.5642952e-01  -3.6445391e-01   3.9694557e-01   2.0325155e-01   7.6082688e-02   3.2920563e-01  -7.9093475e-02  -4.5621786e-02  -2.7739239e-02   2.2089401e-01   1.3440251e-01   3.5673187e-01  -1.3609066e-01  -1.4650534e-01   4.3329622e-01   2.3960837e-02   4.7755662e-01   3.9254571e-01  -1.3318632e-01  -3.9355152e-02   9.1999170e-02   1.2127767e-02   1.7521868e-01  -1.2200107e-01  -4.2417244e-01   2.2979145e-01  -2.6440200e-01   3.7863934e-01   1.3891108e-01   2.9646916e-01   8.7261174e-02   6.6769075e-02   1.0461003e-01  -5.5648419e-02   1.7306196e-01   1.9382922e-01   6.3863086e-02  -1.1058215e-01  -2.5643838e-01   4.5171457e-01  -8.4008512e-02   2.5650872e-02  -1.0872516e-01   1.4496573e-01  -1.0876348e-01   5.6113769e-01   2.2216790e-01   6.7249756e-02   4.5429523e-02   2.1745025e-01   1.2250098e-02   1.7528144e-02  -1.8727824e-01  -2.5363134e-02   3.2037940e-02  -4.1496850e-02   3.0364016e-01  -3.6547655e-01   6.5901210e-02  -2.3942781e-01   1.3154551e-01  -2.7509562e-01   1.9880622e-01  -2.2352763e-01  -9.7180360e-02   1.7709306e-01   1.1354028e-01  -1.5175853e-01  -3.0478245e-03   1.3922060e-01  -1.0429013e-01   3.3303680e-01   2.6251813e-01  -3.9668563e-01  -2.9523131e-01   2.0617381e-02   2.6677927e-01   3.1459585e-01   4.0828978e-01   6.9195373e-02  -6.1119530e-02  -2.1887106e-01  -6.0674825e-02  -6.3887669e-02  -2.4229773e-02  -1.5725659e-01  -2.1623012e-01   2.9604903e-02   1.5072220e-01   5.1034979e-01   3.7337704e-01  -2.3943445e-01   2.7652261e-01   2.9508434e-01   4.0985078e-01  -1.7841355e-02  -1.5040868e-01   5.0482077e-03  -2.2897019e-02  -1.2318866e-01   1.2359141e-01
  -1.7049997e-01   9.2754200e-03   1.7853945e-01  -1.3836992e-01   1.2899094e-01  -6.3178774e-02  -1.5885272e-01  -7.0476919e-02   1.0121949e-01   2.1340141e-02  -1.0503780e-01  -1.3480514e-01   0.0000000e+00   1.3079029e-01  -1.2945463e-01  -2.6919931e-01   2.0508214e-01  -9.7662040e-02  -2.5075036e-01   1.6775796e-01   1.3659211e-01   2.0290391e-01   8.2061649e-02  -1.1879946e-01  -2.5745142e-01   1.7366280e-02   8.6041009e-02  -6.7932184e-02   2.6830267e-01  -9.9863924e-02  -2.9863514e-01  -1.3226561e-01  -4.7802292e-01  -4.9685600e-02  -1.8081260e-01   4.0528245e-01  -1.2811247e-01  -5.3433946e-02  -5.1989012e-02   5.8666331e-02   4.4055622e-01  -2.0955510e-01   3.0933517e-01  -2.3884460e-01   2.0741613e-01  -3.7405166e-02  -3.6777044e-02  -2.4404627e-01  -1.8350523e-01   1.7535081e-01  -1.2348588e-01  -9.8552546e-02  -5.4101765e-02  -1.5885373e-01   1.2881578e-01  -7.6467958e-02   1.1883282e-01   8.6955181e-02   1.8998040e-01  -1.5091609e-01  -3.0165248e-01  -6.9949126e-02   5.7253405e-02  -3.6409628e-01  -1.0885834e-02  -2.5210850e-01  -2.9953064e-01   1.3680182e-01  -1.7728838e-03   1.0971951e-01   4.0058332e-02   4.2307287e-01   5.4636312e-01  -8.4771272e-02  -3.5357743e-01  -2.1891814e-01  -5.2425605e-02  -5.3698855e-02   2.3051278e-01   1.0938926e-02  -4.3455977e-02   2.5245119e-01  -9.3130456e-02   1.3296829e-01   1.8126570e-01  -7.1605829e-02   1.4584854e-02  -6.6135362e-02  -8.5677809e-02  -2.3224859e-01   3.1350197e-01  -5.3784983e-02   1.5486180e-01  -1.0977028e-01  -2.0382705e-02   2.8611433e-01  -5.2449769e-02   6.1692757e-02  -4.9847456e-02   1.2334402e-01  -2.8434769e-02  -3.7585811e-01  -1.8556725e-01  -2.0652574e-02  -9.9873092e-02  -9.4790532e-02  -2.1426701e-01  -3.1661525e-01   9.2558860e-02  -2.1366185e-01  -1.3433420e-01   1.5028709e-03   2.6803377e-01   1.5074224e-01  -5.6945461e-02   4.2577060e-02  -1.3047796e-01   6.1232129e-01   4.6210610e-02   1.7344947e-01  -1.7459676e-01   2.8545128e-01  -5.8229172e-02  -8.5399878e-02  -4.9156485e-02   2.7346459e-01  -8.5192339e-02  -5.7200653e-01   5.7101905e-02  -6.1004377e-02  -5.7666579e-02  -2.9554846e-01   1.0033350e-01  -2.5136039e-01   4.4138069e-02  -3.0714585e-01  -4.7412558e-01  -3.3615989e-02  -1.0021702e-01   2.3278753e-01   6.7873749e-02   2.2214636e-01  -2.6994884e-01   2.8566474e-02  -2.3214607e-01  -2.1017326e-01   4.1673788e-02  -1.8006900e-01   1.0197148e-01   2.9031560e-02  -1.9229405e-02  -5.8717953e-03  -1.1350710e-01   2.3518513e-01   1.1833774e-01  -3.6940996e-03   9.5082294e-02  -1.2745579e-01  -9.0799208e-02   2.6887653e-01   1.2290071e-01  -1.9912494e-01   7.8561196e-02   4.6436617e-02  -2.4503415e-01   6.2423771e-02   3.3203101e-01   9.1627169e-03  -7.4126978e-03   2.3847528e-01  -1.1928838e-01   1.3005707e-01   3.3393690e-01   1.3889353e-01  -2.3975149e-01  -1.0382020e-01  -1.6361155e-01
  -2.0462712e-01  -2.7159044e-01   2.8109563e-01  -4.2859383e-01   2.3340427e-01   3.6584545e-01   1.3480210e-01   2.2149329e-01  -9.9695861e-02  -2.9166299e-01  -3.0425720e-01   7.5373881e-03   1.3079029e-01   0.0000000e+00  -5.2562825e-02   1.2550925e-01   1.1229733e-01  -1.3508682e-02   2.6644515e-02   1.6106948e-01   1.7938030e-01   2.7926732e-01   1.4923502e-01   1.2470566e-01  -2.6750239e-01  -1.7150226e-01  -3.0723188e-02   1.6932274e-01   3.4093810e-02   5.1507685e-01   2.1044336e-01  -1.1405530e-01  -5.0104885e-02   1.8449142e-01   5.7225791e-01  -3.6957559e-03   1.2792225e-01   1.6109423e-01  -9.6066587e-02  -2.0212796e-01   3.3788803e-01   1.8962586e-01  -1.3044622e-01   4.7661742e-01  -4.2314921e-02   1.7865288e-01  -3.1346089e-01   7.2105025e-02   3.7117228e-01   6.3904128e-02   1.6684850e-01   1.5926521e-01  -1.9290588e-02  -4.2209589e-02   5.5940570e-01  -4.9363187e-02   1.0336643e-01   8.1799207e-02  -2.5975383e-02   1.8880960e-01  -2.7607617e-01   1.1962068e-01  -1.2188117e-01  -1.6179413e-01  -1.3054724e-01  -3.6709503e-01   3.4801402e-01  -1.9003807e-01   5.8195954e-02   2.3511132e-01  -5.7569041e-02  -2.5482300e-01  -1.4104103e-01   5.6713155e-01   1.6104121e-01  -1.5839175e-01   1.7986677e-01   1.9077692e-01   8.3169266e-02   2.5405342e-01   1.8965434e-01   6.7331071e-03   1.5033834e-01  -7.3360659e-02   6.0038385e-01   3.8388693e-02   6.3567699e-01   2.3832665e-01  -3.7022414e-01   1.4839119e-01  -5.6941640e-02  -3.0106859e-02   6.8006172e-02  -2.8684853e-01  -1.2393767e-01   3.0884964e-01  -1.5267826e-01   1.8850324e-01  -6.6750556e-02  -2.6685767e-01   5.4573071e-01  -4.3116491e-02   3.0973382e-01   3.7801052e-01  -2.2376574e-01   1.0115015e-01  -1.6131342e-01   7.5258145e-02  -3.8510239e-01   7.1857379e-02   6.9801852e-02   4.7209052e-01  -1.1498744e-01  -2.4119959e-02   3.5685988e-01   6.3630164e-03   4.5398874e-01   9.6237263e-02   4.3641505e-01  -1.8034492e-01  -9.1119898e-02  -9.3965020e-05  -2.9053019e-01  -3.4392425e-01  -2.3494129e-01   5.8850615e-01   6.2182103e-02  -3.2024961e-01  -2.7844932e-01   1.0828233e-01   1.3862493e-01  -2.0848561e-01   2.5623323e-01   2.7852210e-01  -2.3359018e-01  -1.9648408e-02   8.3736365e-03   5.3010223e-01  -8.9140895e-02   1.4666233e-01   1.5524998e-01   4.3066788e-01   8.1646778e-03   5.0290121e-01   1.0424771e-01   4.2952348e-01  -2.5635768e-01  -2.2642897e-01   3.5981319e-02   6.0858822e-02   2.7274591e-01   4.1906613e-01   2.1557449e-01  -2.1137730e-02   3.5606467e-02   2.3866534e-01  -3.2684545e-01   2.5025138e-02   2.5614517e-01   6.2830539e-01  -1.6251430e-01   5.5424011e-02  -2.8998221e-01   3.8161380e-02   2.2494245e-01  -3.2585534e-02   5.3993375e-02   8.0339145e-02  -5.2107918e-02   3.3675374e-01  -3.0442053e-01   1.2859059e-01  -7.6857553e-02   3.6822780e-01  -1.8802995e-01   6.8076652e-02   9.6898043e-02
