   0.0000000e+00  -3.4039926e-02  -1.1354021e-01   1.1914947e-01   3.0513065e-01   4.0428608e-02  -3.8405375e-01   1.6906469e-01   1.6878847e-01  -1.4903545e-01  -1.7947389e-01  -1.7067158e-01   2.5395838e-01  -6.8233159e-04  -1.1104100e-01   1.9742702e-01  -1.6542530e-01   8.4094117e-02  -1.6462106e-01   1.2799667e-01  -3.5595727e-02  -7.5026965e-02   9.0096061e-02   1.2226619e-01   2.8114968e-01   8.9429430e-02  -1.4833862e-01   8.6595013e-02   2.1167848e-01  -1.0540677e-01   1.6690474e-01  -8.2529496e-02  -5.4060797e-02  -2.8086715e-01   6.9633149e-02   1.7706324e-03   1.9196969e-02   7.4289391e-04   2.1585339e-01  -2.0331144e-01   2.6049946e-01   8.8760718e-02   1.7294338e-01   1.7609842e-01  -3.4532078e-01  -9.0660020e-02   1.1679395e-01   1.7022081e-01   2.6331492e-02   7.2883766e-03   5.6576530e-02  -7.2340305e-02  -1.1031835e-01  -6.1015310e-02   2.9594942e-01  -1.0217807e-01   4.6700139e-01  -1.3195081e-01   1.3191676e-01   4.1168554e-01   9.7785792e-02  -9.0124955e-02  -2.5028851e-02  -1.3213583e-01  -1.3267467e-01   8.3549362e-02  -1.8424667e-01   2.2562467e-02  -1.6535024e-02  -5.1599680e-02  -1.3738741e-01  -7.6781652e-03   2.2155585e-01   2.3251308e-01   5.8913412e-02  -2.3337713e-01   3.5911142e-01   5.6668979e-03   1.6802943e-01   2.6284458e-01   8.1175108e-02   4.3823570e-02  -4.7038487e-02   2.5224169e-01   4.2395368e-02  -4.6016677e-03   4.0027087e-02   9.7259024e-02  -9.5014613e-02   3.7892136e-01   2.5670589e-01   4.8106134e-01   1.1632742e-01   7.6343011e-03   2.3997765e-02   3.5397230e-02  -4.8670862e-01   2.6056210e-02   3.6394530e-01  -2.8753444e-01   1.7656399e-01  -3.6754625e-01   2.5188818e-02  -2.3179372e-01  -8.7685254e-03   9.5036964e-03   1.7553675e-01   1.0272543e-01  -3.2727956e-01   2.0615989e-01  -1.8219634e-01   4.1751735e-02   1.5878235e-01   1.8883959e-01  -3.1385676e-02   2.6779322e-01   2.4682819e-01   1.8870202e-01   2.7603547e-01  -1.6401113e-02  -3.5976120e-03   3.5975453e-02  -1.2006311e-01   7.9511437e-03  -5.0093618e-03   1.1196609e-01  -5.8013124e-02   3.4417041e-01  -1.4203880e-01  -1.8229130e-01  -1.7475371e-01   7.8373954e-02  -1.0173203e-01  -1.1479757e-01   7.2601956e-02  -2.8040632e-01   5.6803144e-02   4.0501624e-01  -3.0382382e-01  -1.1891632e-01   2.2681506e-01   2.4084438e-01  -1.5593293e-01  -3.3468304e-03  -1.2226350e-02   1.9388237e-01  -8.2070031e-02   2.3497546e-01  -1.6630871e-02  -2.6295964e-01   1.1289713e-01   2.9153053e-01  -3.1505397e-02   9.1577213e-02  -3.2347773e-02   2.1657921e-01   1.2869307e-01  -1.6855861e-02  -4.5595958e-02  -1.8207781e-01   2.9915363e-02   7.6351445e-02  -2.2046156e-02   8.1667571e-02   1.9756092e-02   9.6743746e-02  -3.2581604e-03  -1.8554624e-01  -1.8415430e-01   2.8772814e-01   1.0483078e-01   1.1997517e-01  -8.8639907e-02   1.1220527e-01   5.0931408e-02   2.4302190e-01   1.3055928e-01
  -3.4039926e-02   0.0000000e+00   3.7681806e-01  -3.9781300e-01   2.6516562e-01   1.7504385e-01  -3.4652495e-02   1.2812164e-01   4.1396658e-01   3.1347655e-01  -7.1190817e-03   2.3829660e-01  -1.0310075e-02  -1.3395344e-01   4.1251461e-02  -7.1267428e-02   1.9598916e-01   3.2767805e-02  -4.0868987e-02   2.1474397e-01  -1.5638847e-01  -2.2555166e-01  -3.8908689e-02  -3.4573306e-01  -3.7567769e-01   1.7920672e-01   2.8368656e-01  -2.8980393e-01  -4.7404294e-01   9.5635504e-02   1.8830715e-01  -7.9590732e-02  -1.5591883e-01   9.3437079e-03   1.6518266e-02   2.2588379e-01   1.5302202e-01   3.0038495e-01  -1.8644329e-02   3.5795168e-01   6.3019972e-02  -1.1614772e-01   2.5987472e-01  -2.6889289e-01   3.6820227e-01   3.7806850e-02   1.4068401e-01  -1.3540080e-01   2.7862342e-02   4.2740705e-01  -9.1969540e-02   2.0306820e-01   1.9025672e-01  -8.2848652e-02   7.7133016e-02  -1.2172443e-01  -2.6386831e-01  -2.3977276e-01  -1.6629730e-01   1.6241267e-01  -1.1924877e-01   5.6016273e-01   3.1814260e-01   1.1598180e-01   4.4780516e-01   2.5675646e-01   3.5613664e-01  -1.9479117e-01  -5.3393751e-02  -7.2220477e-02   1.1688535e-01  -3.2613246e-01   1.4700600e-01  -9.3510095e-02   2.6989976e-01  -1.0881822e-01   4.9879285e-02  -2.1308028e-01   4.6793041e-01  -4.3845816e-02  -1.1187670e-01   1.3107177e-01   8.4805394e-02  -2.2659998e-01   7.8709342e-02  -8.5757042e-02   1.2846764e-01  -2.1974423e-02  -8.4810885e-02   1.5080051e-01   1.3068578e-01   6.0801938e-02   3.3322606e-01  -2.3052996e-01  -1.4795522e-01   2.0163011e-01  -1.8064886e-01  -2.5383508e-01  -2.1602060e-02  -2.3423470e-01   3.8039946e-02  -1.1588311e-01  -1.6425358e-01  -1.3567365e-02  -2.9194204e-01  -1.1577092e-01   2.0025865e-01   4.8468753e-02   2.1865797e-01  -6.5423615e-02   2.3681275e-01  -1.0237726e-01  -4.4587783e-01   2.5816830e-01  -4.4605754e-01   2.9812260e-01   3.2124179e-01   1.2617555e-01   8.8418895e-03  -2.8160722e-01  -7.6900786e-02   2.2151725e-01  -2.9225481e-01  -1.1406299e-01  -7.1207266e-02  -5.2862835e-02   1.8577051e-01   4.1224137e-01   4.9593040e-02   5.0708571e-02   1.5194865e-01   2.9462087e-01   3.1269608e-01  -8.6870657e-02   1.0490050e-02  -2.0163931e-01  -2.6802267e-01  -1.0487796e-01   1.1315796e-03   4.9152452e-02  -1.6964691e-01  -3.3145038e-01   4.0260805e-01   3.5043277e-01  -1.3411411e-01  -2.8125439e-01   9.4523832e-03   3.1436628e-01   3.4743984e-01   1.6574618e-01  -2.5832859e-02  -4.9241529e-02  -2.3743585e-01   3.7060961e-01   5.2521098e-01   1.0247495e-01   2.0053592e-02   3.3957334e-02  -1.2538823e-01  -3.9714752e-01  -1.5710516e-01   1.7295492e-01   3.0993703e-01  -1.9910491e-01  -9.3174320e-02   1.9543583e-01   3.2350898e-01   1.0309129e-01  -2.1120059e-01   2.2904319e-01   3.4888155e-01  -9.6817342e-02  -2.0065675e-01   1.9879223e-01   1.4878130e-02  -1.8443530e-01   1.7075558e-03
  -1.1354021e-01   3.7681806e-01   0.0000000e+00  -3.8248693e-01   2.4805384e-01   1.9040533e-01   1.8327497e-01   7.8849384e-02  -8.9016299e-02   3.8139210e-01  -3.8917432e-02   4.4170857e-01   1.3687307e-01  -2.1736516e-01   3.1847911e-01   9.5553003e-02   3.6503668e-01  -4.4574425e-02  -3.4167641e-02   3.5434095e-01  -7.7821477e-02  -2.1924773e-01   6.4953329e-02  -3.4459646e-02  -3.2838852e-01   1.1757962e-01   3.4599846e-01   6.2985813e-02  -2.8727137e-01  -9.8163035e-02  -5.3565268e-04  -6.9792901e-02   7.1123271e-02   2.7730011e-01   1.4301265e-01   2.3449894e-01   1.9681542e-01   4.8388324e-01  -1.2500772e-01   4.4196620e-01   2.1817152e-01  -2.6102357e-01   2.1923919e-01   3.9619928e-02   3.3487806e-02   3.4609696e-01  -9.9304275e-02   1.0391325e-01  -2.1932777e-02   2.8212046e-01  -2.7002276e-01  -6.3803078e-02   1.6105594e-01   1.5127113e-02  -1.3918962e-02   7.8901565e-03  -1.3332890e-01  -2.1850481e-01  -2.9136308e-01   1.4658018e-01   1.6579967e-01   8.0430805e-02  -6.5939456e-02   6.7900930e-02  -2.5657884e-02   3.2566480e-01   2.7085250e-02   5.6331205e-02  -1.9343009e-01   3.0999481e-01   2.4499612e-01  -2.6553249e-01   1.1424593e-01   1.1669283e-01   1.3869109e-01  -8.0303630e-02   2.0636310e-01  -2.7654631e-01   5.8611937e-02  -2.1135380e-01   7.6847373e-02   4.8581769e-03   1.9144690e-01  -4.6980867e-02   3.3846614e-01  -2.0943778e-01   1.3595537e-02  -1.0476814e-01  -1.3586674e-01   4.0190107e-02   1.0111807e-01   1.5951961e-01   3.9904411e-01  -2.0070990e-01   3.0140999e-01   1.3786690e-01  -1.5372220e-01   3.1053881e-02  -1.9601281e-01  -1.0698293e-01   2.0991829e-01   4.1343440e-02  -1.5057683e-01   1.5345986e-02  -3.4688242e-01  -2.0025077e-01  -6.5701583e-02  -2.7539317e-02   2.6221426e-01   2.6540093e-01   3.3291251e-01  -1.3633445e-01  -4.7725100e-01   2.7473155e-01  -5.3172780e-02   1.5580794e-01   5.3853280e-02   4.1547190e-01   7.6682940e-02  -1.6591238e-01   2.0128091e-01   1.9102306e-01   2.3485169e-02  -3.4403669e-01   3.3287219e-01   2.5321313e-01  -9.4166223e-02   3.3647921e-02  -1.9326192e-01   3.9921667e-01  -8.8192280e-02   9.1840713e-03   2.6601142e-01  -6.6237016e-02  -5.9935421e-02  -1.7549715e-01  -1.1543931e-01  -7.5974406e-02  -8.3209443e-02   1.5211253e-01  -2.2844185e-03  -3.5796373e-01   3.2458828e-01   3.8777767e-01  -1.6828053e-01  -4.4419735e-01   4.0759985e-01   2.2956072e-01   2.5275142e-01   3.9615497e-02   4.0070419e-01   7.4808324e-02   6.1925108e-02  -6.8328251e-02   5.8343805e-01  -2.6075038e-02  -8.5969497e-02   1.6964155e-01   1.2478393e-02  -1.3563675e-02  -2.1317910e-01   7.6953054e-02   4.5911363e-02  -4.6399110e-01  -2.2963712e-01   1.5332727e-01   3.7170548e-02   2.3687212e-01   1.0408604e-01   6.4387852e-02   7.4867165e-02  -1.4003341e-01  -2.6891017e-01   2.5284792e-01  -1.4328175e-01  -4.1094869e-01  -1.7730375e-01
   1.1914947e-01  -3.9781300e-01  -3.8248693e-01   0.0000000e+00   9.8874414e-02  -8.5470569e-02  -5.2207729e-02   2.2814040e-01   2.1788209e-02  -3.3561724e-01   2.9194348e-01  -4.8271690e-01  -2.3390532e-01   2.8455423e-01  -2.0244604e-01  -2.0585335e-01  -4.0317375e-01   2.6074565e-01  -1.7903786e-01   1.1209561e-01   1.6074789e-02   4.2277080e-01   8.4829496e-02   2.6606721e-01   1.8982625e-01  -1.5176882e-01   3.3829011e-02   8.5116550e-02  -4.0866954e-03   1.2022034e-01  -1.5404252e-01   2.8916684e-01  -3.3648072e-01  -1.9551670e-01  -2.0170602e-01  -9.3293075e-02  -2.1207090e-01  -3.7548697e-01  -2.0955260e-01  -4.1960888e-01  -2.9539875e-03   1.3711480e-01   4.3463708e-02   6.4392694e-02  -2.3780926e-01  -2.3073586e-01   1.5542540e-01  -2.2404853e-01   1.5988587e-01  -2.8754392e-01   3.9567217e-01  -4.0635574e-02  -7.1433574e-01   2.0073227e-02   2.8036786e-01   2.2739077e-01  -8.5066299e-02   6.5091354e-01   2.6155335e-01   9.7339516e-02   6.8836394e-02  -9.2461320e-02  -1.7817408e-01  -3.2703945e-01  -5.0950139e-02  -2.6266009e-01  -3.0317082e-01   3.5684145e-01   3.3877308e-01  -8.3640228e-02  -3.9905945e-01   4.9637011e-01  -1.0686864e-01   9.4363487e-03  -3.9423828e-02   2.1491164e-01  -1.4067233e-01   1.3176422e-01  -1.0658852e-01   3.4965494e-01   1.9115906e-01   1.2186996e-01   6.1536769e-02  -8.8261321e-02  -4.8720684e-02   3.1155012e-01  -3.9762542e-01   1.5058229e-01  -3.1959203e-02  -1.2235572e-01   9.0963822e-02  -1.4457780e-03  -3.0800577e-01   5.1184751e-01  -1.8485844e-01  -1.1348932e-01   1.7160377e-01  -2.3088324e-01   4.8255277e-01  -1.5169502e-01  -5.0683983e-02   6.1462209e-02   2.8502374e-01  -4.2888038e-01   7.2819076e-01   6.2337055e-01   3.7266442e-02  -4.7831236e-02  -5.0133667e-02  -1.0037569e-01  -2.5183922e-01   2.2183911e-01   7.6967284e-01  -5.6300942e-02   8.0156676e-02  -2.2723886e-01   1.6342066e-04   1.0178745e-01  -6.8026489e-02   5.6266258e-01  -9.8021026e-02  -2.1767172e-01   1.4836537e-01   1.5335889e-01  -2.4035977e-01   1.7006521e-01   1.0304110e-01  -1.9536756e-01   4.3699034e-01  -3.4273280e-01   5.9263168e-02  -4.7993809e-02  -7.0799728e-02  -1.5034662e-01   2.6999556e-01   2.2118265e-01   1.1157793e-01  -5.4256805e-02   2.4844631e-01   1.3708033e-01   2.5399828e-01   4.0055196e-01  -4.5168081e-01  -2.2440577e-01   1.5732322e-01   3.9051472e-01  -3.2589757e-01  -3.7513616e-01  -2.7142994e-01  -2.1202282e-01   9.3576986e-02   2.2705318e-02   1.8572513e-01  -1.9005421e-01  -3.4662939e-01   1.8619669e-01   1.7442046e-02  -3.4008495e-02   1.9566699e-02   3.0231102e-01   7.0534231e-02  -2.5002260e-01  -1.2711766e-01   3.7410802e-01   4.4195518e-01  -5.0723205e-01  -5.5574710e-02  -1.8948864e-01  -2.8769558e-03  -3.9475449e-02  -2.1606718e-01   9.8682244e-02   6.6478420e-01  -3.1536573e-01  -9.5220811e-02   1.8137358e-01   4.0337873e-01
   3.0513065e-01   2.6516562e-01   2.4805384e-01   9.8874414e-02   0.0000000e+00   1.7882427e-01  -2.3793887e-01   2.6427313e-01   4.9903873e-01  -8.0189967e-02   2.3021762e-01   1.9122564e-02   3.3569198e-01  -1.4472380e-01  -1.9632045e-01   1.0618743e-01   2.7430670e-01   3.1682691e-01  -9.8778274e-02   6.6642382e-01   5.2303715e-02   1.2649005e-01   3.4923869e-02   3.1314740e-01   5.0858963e-02  -5.4312848e-02   8.3867070e-02  -2.7949360e-01  -6.6309220e-02   1.7269588e-01  -4.0009422e-02   2.7782058e-01  -3.1235685e-01  -1.8543988e-01   6.4114546e-02   3.5362650e-01  -1.6690206e-01  -7.1985608e-02  -1.4519369e-01  -2.5060837e-01   8.1427754e-02   1.0792801e-02   3.9543307e-01  -1.9622088e-01   1.0956792e-01   2.0590042e-01   2.0282003e-01  -1.2904098e-01   3.1914795e-01  -1.3528572e-01   3.1649050e-01   1.1122130e-01  -1.3506251e-01   1.8983954e-01   2.1109826e-01   1.7541367e-01  -6.7883029e-02   1.8570153e-01   1.4558401e-01   4.2692136e-01   3.1475713e-01   2.5663734e-01   3.4434909e-01   1.5009852e-01   9.9389297e-02   1.0103554e-02  -1.7490649e-01   2.1664578e-01  -9.5329488e-02  -1.1635688e-01  -3.5679034e-01   2.2398082e-01  -3.6865912e-03   1.6588408e-01   4.6411310e-02   1.8242498e-01   1.9770941e-01  -9.0728716e-02   5.5953715e-01   1.2669330e-01   1.6043363e-01   7.7848944e-02   1.6604429e-03  -6.3717442e-02   1.1916486e-01   3.3340263e-01  -7.7817207e-03   1.5616565e-01   1.0293713e-03   1.2898683e-01   5.7097759e-01   1.8771993e-01   1.2853329e-01   5.5362126e-02   1.2248803e-01  -6.8061162e-02  -1.8427471e-01  -5.0066898e-02   2.5578440e-01  -2.5119346e-01  -1.1658067e-01  -1.4842124e-01   6.7216991e-02   1.2831871e-01   3.0702028e-02   5.3492678e-07   2.6190247e-01   2.3798198e-02   2.7378550e-01   1.1157690e-01   1.7986032e-02   8.1117290e-02   8.0182790e-02   2.8103081e-01  -2.0754360e-01   3.5365685e-01   2.4229558e-01   3.5692746e-01  -1.0554205e-01   3.4652646e-01   1.3804701e-01   4.7263428e-01   7.1520087e-02  -2.9139934e-01   4.8902142e-02   7.7301424e-02   1.9847903e-01   2.6922218e-01   1.4662995e-01   6.0158258e-04   1.5159279e-01   1.9987399e-01   1.3496198e-01  -2.2234969e-01   9.5486612e-02   6.4499560e-02   1.4220229e-01  -1.6856630e-01   1.7704485e-01  -9.1314853e-02   2.3768735e-01   7.0685751e-03   4.1154972e-02   1.5564690e-01  -3.3106878e-02  -1.1292747e-01  -1.4794007e-01   3.4900212e-01   2.3678670e-02  -6.0769851e-02   2.4459381e-01   1.0628120e-01  -6.7829742e-02   3.0328713e-01   4.4189170e-01   3.9952554e-01   9.5935302e-02   2.6473282e-01   5.7369339e-02   3.6779360e-02   1.5449823e-01   5.5695017e-02  -1.5905828e-01   2.0551228e-01  -3.5034443e-03  -2.0887808e-02   3.3128994e-01   8.1911529e-03   7.7405403e-02   3.1955338e-01   3.5434977e-01   1.7553096e-01   7.1580814e-02   2.7122159e-01  -1.6384015e-01  -6.0455033e-02   1.2445269e-01
   4.0428608e-02   1.7504385e-01   1.9040533e-01  -8.5470569e-02   1.7882427e-01   0.0000000e+00   3.3656390e-01   3.6838262e-01   4.5026520e-02  -1.1747251e-01   3.3784149e-01  -1.9661194e-01   1.9182958e-01  -1.8204763e-01   8.1198730e-02  -1.7957334e-01   6.9281663e-02   3.7039100e-01   1.4958350e-01   1.3236186e-01   4.3951620e-01   3.2065865e-01   2.8996258e-01  -5.1229417e-02  -2.4909043e-01   3.4698330e-01   3.0482201e-01   1.5969355e-01   1.4511311e-02   3.2581601e-01  -2.9102703e-02   2.2352850e-01  -1.3126011e-01   2.3911475e-01   3.4362768e-01   2.0715932e-01  -5.4368730e-02   1.4350693e-02   7.3497644e-02  -6.9686023e-03   2.1478263e-01  -1.4154914e-01   3.7123796e-01   3.5528932e-02   1.8823347e-01   3.5361118e-01   4.7194999e-01   1.8734799e-01  -2.1074105e-01  -2.9820509e-03   3.9634486e-01   5.5197137e-01  -3.5386484e-02  -1.6155587e-01   1.2610617e-01   2.8482642e-01  -4.8417453e-02  -1.1222994e-02   1.8007334e-01   2.5249347e-01   2.7600724e-01  -4.4438989e-03  -2.5025232e-02   1.2707866e-01   2.0409813e-01  -1.0881212e-01   4.4684895e-01  -1.5002530e-01   3.0068440e-01   1.4517981e-01   1.2540411e-01  -6.3297802e-02   2.7458156e-03   3.6786640e-02  -3.7853741e-01   1.7653494e-01   6.4547178e-03   6.1132049e-02   4.8869748e-02   1.0885433e-02   3.0059325e-01  -3.0737967e-02   1.8239297e-01  -9.5518582e-02   6.6028769e-04   2.8724239e-01  -8.0910784e-02   1.1137835e-01  -1.3912857e-01   2.7015563e-01  -8.0800012e-02  -1.5297861e-01   1.9469724e-01   4.2180109e-01  -1.7669705e-01   1.2641521e-03  -1.1355862e-01   1.2999947e-03  -1.4192453e-01  -4.5246737e-03   3.8383402e-02   3.5723811e-01   3.7573281e-01   1.2786933e-01   1.2159548e-01   3.3765853e-01   7.4659249e-02   2.9146404e-01   1.8456227e-01   3.2570191e-01   2.4471123e-01   5.2142780e-01  -3.2699385e-01  -2.2974210e-01   7.3387414e-02  -6.3252108e-02   6.0906817e-01  -6.3897970e-02   2.7837184e-01  -2.4655257e-01   7.4770708e-02   2.9300467e-01  -1.2429079e-01   2.5391452e-02   3.3503573e-01   3.5423703e-01   9.6572539e-02   3.2838223e-01   2.5241982e-01   2.6989401e-01   4.4127337e-01   2.3221905e-02  -1.7279140e-02   3.2158000e-01   1.5848699e-01   2.9044833e-01  -2.3390980e-01   8.9812356e-02   2.3034380e-01  -5.2235742e-02   9.7039215e-02  -3.2424665e-01   2.3603496e-01   3.5976094e-01  -5.1919383e-02  -7.8426804e-02   2.4071143e-02   2.1698229e-01   4.2553298e-01  -3.6955844e-02  -1.4821556e-02   1.6840878e-01  -2.2264925e-01   2.8115441e-01   3.3260610e-01  -1.0869246e-01   3.1824777e-01   2.6457669e-01   3.4307097e-01   1.1394459e-01  -2.7601563e-01  -2.3500104e-01  -4.8229999e-03   6.5108892e-02   4.0102907e-01  -3.5036200e-01   2.5414674e-01   4.3709123e-01  -9.5761596e-02  -1.0990358e-01   9.5127133e-03  -1.3340172e-01  -1.1367229e-01   2.6887866e-01  -8.0577161e-02  -2.0711261e-01   2.1644022e-01
  -3.8405375e-01  -3.4652495e-02   1.8327497e-01  -5.2207729e-02  -2.3793887e-01   3.3656390e-01   0.0000000e+00   1.8516599e-03  -2.8141596e-01   2.4443293e-01   1.1829250e-01   1.6177483e-01  -5.9045775e-02   1.2480688e-01   3.5268518e-01  -2.9184021e-01   1.3978386e-01   2.7577223e-02  -5.4116416e-02  -2.9825040e-03   2.6081617e-02   1.9342711e-01   1.6089219e-01  -2.4208809e-01  -2.8899330e-01   2.1750434e-01   3.6983946e-01   8.4292302e-02   1.3734111e-01   2.9817653e-01   3.4104874e-01   8.0124580e-02   1.4984825e-02   6.4007530e-01   2.9971557e-01   1.3553847e-01  -1.4053378e-01  -2.2848237e-02  -3.6465523e-01   2.2964484e-01   9.1330775e-02   1.0365518e-02  -1.0286351e-01   6.4007872e-02   4.3616088e-01   4.4962861e-01   7.3150967e-02   2.9659254e-01  -2.2023207e-01   3.6647248e-02   1.5428271e-01   1.7245579e-01   1.6637599e-01  -2.7605220e-01  -2.3527244e-01   2.0583729e-01  -2.9533066e-01   2.1417675e-03   4.9882836e-02  -2.9412770e-01  -2.9530569e-01   1.3880192e-01  -3.1078416e-02   3.7023110e-02   2.2027595e-01  -3.7930014e-02   9.0099149e-02  -2.1869966e-02   2.5300198e-01   4.6360333e-01   5.5825054e-01  -2.0060936e-01  -9.9908079e-02  -1.4239027e-01  -4.7794046e-01   9.7769263e-02  -3.2835925e-01  -1.5063642e-01  -4.1741598e-01  -7.0640095e-02   2.6979350e-01  -2.0119596e-01   4.8366747e-01  -2.9188938e-01   1.2011534e-01  -7.5652889e-02   1.3404470e-01  -1.6466023e-01  -2.0857008e-01  -2.9017239e-01  -2.5979723e-01  -4.3143994e-01   1.0341054e-02   2.2106857e-01  -1.8397396e-01  -2.1679914e-01   1.5615535e-02   7.1549970e-02  -2.3763367e-01   2.3224014e-01   3.5492803e-01   6.5717057e-01   2.1757385e-01   1.3632367e-01   1.2564032e-01  -3.2753404e-02  -4.5281592e-01  -2.5867059e-01   3.9127449e-01   1.3349484e-04   6.1794419e-01   2.4924682e-02  -1.4725085e-02  -5.6763671e-02   3.9544666e-01  -1.6966034e-01   1.6598945e-01  -7.2472675e-02  -1.4189566e-01   8.6236682e-02   1.1173801e-01  -1.1034923e-01   2.7594864e-01   7.2581342e-02   2.5036549e-01   9.1305752e-02   1.7065212e-01   4.4518887e-02  -2.4835557e-03   3.8549092e-01   6.8514438e-02   2.4879746e-01   1.8250300e-01   3.8341335e-01   1.5490073e-01   4.0677794e-01  -4.3112461e-01   9.9542685e-02   1.6105552e-01  -3.4084431e-01  -1.8205858e-01  -2.2539348e-01   8.1550734e-02   1.3251064e-01   2.7396280e-02  -2.0579875e-01   6.6578620e-01  -2.9960978e-01   1.2863138e-01   3.7968607e-01   2.9082552e-01  -1.0289154e-02  -1.3029633e-01  -2.3465270e-01  -6.0563271e-02  -3.2047344e-01  -1.4292956e-01   2.6040082e-01   8.9820257e-02   3.4367639e-01  -1.1209997e-01  -5.0705020e-02   1.4694652e-01  -1.3675883e-01  -1.1900732e-02  -1.6938438e-01   9.6904558e-02   1.7182827e-01   4.0411869e-02  -1.4664113e-01  -4.2206955e-01  -1.5247574e-01   1.7201547e-01  -2.7903496e-03  -1.5862373e-01  -3.1329601e-01  -6.3603834e-02
   1.6906469e-01   1.2812164e-01   7.8849384e-02   2.2814040e-01   2.6427313e-01   3.6838262e-01   1.8516599e-03   0.0000000e+00   3.1159104e-01  -2.9807297e-01   2.4219714e-01  -2.0478264e-01  -7.7669280e-02  -2.1003920e-01  -7.6470519e-02   1.4035111e-01  -1.7639328e-01   1.5910884e-01  -2.8029367e-01   2.3391802e-01   1.4621953e-01   1.6544946e-01   5.5754374e-02  -9.6634134e-02   4.7263512e-02   2.3301780e-01   1.6197225e-01  -3.5348570e-02  -4.9765605e-02   5.2378796e-01  -7.4642535e-02   2.4655098e-01  -4.6316745e-02  -2.3104499e-01   7.2198949e-02   1.2054871e-01  -3.3642908e-01  -2.5243383e-01   9.5421685e-03  -3.0333367e-01  -1.8500739e-03  -2.9251837e-01   3.1399859e-01   2.5130865e-01  -8.0523117e-02   5.5587732e-02   3.9411941e-01  -1.3900804e-02   8.8481582e-02  -2.7743129e-01   3.3827615e-01   3.8429173e-01  -2.0718756e-01  -6.1209917e-02  -1.2555734e-01   2.0162268e-01   7.4328875e-02   3.7194347e-01   2.5554684e-02   4.2530105e-01   3.9107603e-02   5.0500767e-02   1.9447535e-01   9.2723262e-02   1.8874301e-01  -5.2536089e-02  -5.2462651e-02   1.7012743e-01   3.1232993e-01  -1.0716184e-01  -1.3635255e-01   3.3466270e-01   1.2112080e-01  -1.1066801e-01   1.2721555e-01   7.7794856e-02  -1.1466404e-01  -3.4280956e-02   2.4009153e-01   1.5400456e-02   4.6109579e-02   4.5882103e-02   2.0335318e-01   4.4515576e-02  -3.5176221e-01   2.4919176e-01  -1.2212756e-01   7.8341862e-02   9.3399230e-02   1.2574450e-01   1.4193885e-01  -1.7462482e-01  -3.2699273e-01   3.0241348e-01  -1.5275391e-01  -6.1763647e-02   8.3829814e-02  -4.4905610e-02   3.0808830e-01  -2.3661442e-01  -3.0509253e-01   1.1015284e-01   2.4748965e-01   5.4429370e-02   3.9262832e-01   2.3987584e-01   9.9628551e-02   3.8833874e-01   1.1782810e-03   3.6295540e-01  -1.4762618e-01   4.0554657e-01   4.5881332e-02  -1.6606895e-01  -1.6042984e-01   1.3020781e-01   4.0570569e-01   1.4523016e-01   1.8624329e-01   2.4462643e-01  -2.7283321e-01   2.0088785e-01   2.7751792e-02  -1.8069324e-01   4.2349418e-02   2.5257675e-01   8.9456829e-02   1.6123211e-01   3.9106550e-01  -1.0418342e-01   8.7897402e-02   1.5474341e-01  -9.6876240e-02  -4.4174282e-02   4.5289831e-01   1.9109362e-01   4.3202551e-02   5.9521857e-02   4.0253288e-01   3.9597331e-03   2.6696471e-01   3.6782772e-02   1.5332620e-01   3.2614489e-01  -1.4612678e-02   3.8423198e-02  -1.8890860e-01   2.3269811e-01   2.9812339e-02  -2.4258481e-01   8.1950228e-02   3.2449595e-01  -2.9501037e-01   4.4708821e-01   2.5090096e-01   3.5488050e-01   2.2645102e-01   1.1467300e-01   1.6479312e-01   1.8848310e-01   7.1092719e-02   1.5297411e-01  -3.4658512e-01   2.4183515e-01   4.0758968e-01  -1.8671664e-01   3.3481862e-01   1.3123652e-01  -1.6546472e-01   1.1234434e-01   5.2548198e-02   1.1345739e-01   2.4976381e-01   1.5306719e-01   1.9141340e-01  -1.3651061e-01   2.8940233e-01
   1.6878847e-01   4.1396658e-01  -8.9016299e-02   2.1788209e-02   4.9903873e-01   4.5026520e-02  -2.8141596e-01   3.1159104e-01   0.0000000e+00   9.0194381e-03   2.3191260e-01  -1.8134077e-01   3.6201216e-02  -7.3963414e-02  -1.8735954e-01  -1.5034912e-02   1.2353411e-01   8.2205626e-02  -1.0097426e-01   4.2547819e-01   1.7245973e-01   6.7845927e-02  -3.8021464e-02   9.7299202e-02  -1.0277922e-01   2.0630482e-01  -2.2555644e-02  -3.9652268e-01  -1.7409656e-01   3.6149185e-01  -1.7765845e-01   1.2611748e-01  -4.2218134e-01  -3.2765512e-01   1.3455721e-01   2.1106513e-01  -2.7549330e-01  -4.4361576e-02  -1.0406268e-01  -1.2318584e-01  -3.4934794e-02  -9.4526047e-02   1.4700157e-01  -2.3060015e-01   1.4230945e-01  -6.2989636e-02   2.5744850e-01  -2.5299980e-01   4.6594759e-01  -1.9119938e-02   1.1155680e-01   2.1736277e-01  -6.5923282e-02   3.4363078e-02  -2.4399150e-02  -3.4049511e-02   5.3875400e-02   6.2972518e-02  -1.1442829e-01   3.6698920e-01  -4.9402491e-04   3.7446259e-01   4.0575855e-01   1.2864053e-01   3.5811213e-01  -9.3760226e-02   6.5214882e-02  -9.8019536e-02  -1.8426905e-01  -2.0449143e-01  -2.8415956e-01   8.6473844e-02  -8.4478818e-02   6.7854962e-02   5.9416709e-02  -1.1280878e-01   7.7666604e-02   2.4986150e-01   5.0782361e-01   2.1402492e-01  -3.9839732e-01  -1.6720058e-01  -3.0458117e-01  -1.3219864e-01   3.3848091e-02   1.5137150e-01   3.3243004e-01   9.5480528e-02   3.1657094e-01  -8.2598636e-02   4.0694597e-01  -2.6868022e-02   5.5773059e-03   1.2910546e-01  -2.1943986e-01   7.7446398e-02  -5.9764698e-02   1.6682168e-01   1.7903898e-01  -1.3261268e-01  -2.7819791e-01  -2.6443523e-01   6.3714178e-04   7.2605185e-02   1.0606701e-01   2.9878096e-04   3.5907169e-01   1.7557288e-01   2.0393166e-01   5.3358697e-02  -1.6938340e-01   1.0590371e-01  -4.7972955e-02   6.3674409e-02  -4.2536647e-01   4.3325766e-01   4.0907850e-01  -1.4978758e-01  -1.6966426e-02   1.5680108e-01   1.2959091e-01   4.6523210e-01  -4.6062275e-02  -1.6072168e-02  -9.8520279e-02   1.3783210e-01   2.7614214e-01   2.1435422e-01   1.6924812e-01  -1.2405404e-01   1.1116597e-01   2.0036231e-01   1.7939613e-01  -2.3195726e-01   2.2379382e-01  -1.0460915e-01   2.8505021e-01  -2.0917993e-01   3.4052569e-02  -2.2783993e-02   5.0266727e-02  -1.3556576e-01  -5.9894335e-03   3.7238685e-01  -1.1473256e-01  -1.0953779e-01  -3.8062354e-01   4.2171960e-01   1.2438198e-01   8.0244385e-02  -3.4116497e-01   3.3462872e-02  -7.1565355e-02   3.7520757e-01   4.4781800e-01   3.3316111e-01   8.4031356e-02   1.9174149e-01  -2.1431295e-02  -2.3817373e-01   5.3188403e-02   4.8840824e-02  -8.3122038e-02   2.5306434e-01  -1.0116644e-01   1.4803326e-01   3.4627678e-01  -1.0220475e-02  -7.8406066e-02   2.1681669e-01   3.2012578e-01   3.7073999e-01   1.2882790e-02   3.7880044e-01   1.5118562e-01   1.5107501e-01   2.1694398e-01
  -1.4903545e-01   3.1347655e-01   3.8139210e-01  -3.3561724e-01  -8.0189967e-02  -1.1747251e-01   2.4443293e-01  -2.9807297e-01   9.0194381e-03   0.0000000e+00   7.7497329e-02   4.6551394e-01   4.2129530e-03  -1.5548404e-02   3.5387956e-01  -4.5170421e-02   1.9138843e-01  -2.1021436e-01   1.7036082e-01   1.1557531e-01  -1.7778566e-01  -1.2637456e-01   1.7832273e-01  -1.6015769e-01  -2.5189099e-01   2.0204023e-01   8.7756201e-03   9.6134136e-02   8.3643310e-02  -2.1755395e-01   4.4674847e-01  -4.7175683e-02   1.3492963e-01   6.7311568e-01   7.6740575e-02   2.3911968e-01   9.0107028e-02   4.4852275e-01  -1.9522644e-01   5.4532677e-01   1.3660389e-01  -3.1171091e-02  -1.2122562e-01  -2.5370333e-01   3.4277398e-01   2.7483652e-01  -3.9542169e-01   1.5057127e-01   2.5919621e-02   2.4232697e-01  -1.0403878e-01  -2.2404319e-01   2.6928365e-01  -1.0215055e-02  -5.6245226e-02   2.9749781e-02  -2.4400264e-01  -2.1961022e-01  -3.0317763e-01  -1.0075206e-01  -1.2198218e-01   3.2241878e-05   2.1597323e-01   1.6241046e-01   1.6847033e-01   1.8212628e-01  -4.5779684e-02  -2.0210295e-01  -3.4690267e-01   2.8681861e-01   4.3488293e-01  -2.7823483e-01   2.2794360e-01   1.1084576e-01   2.5858547e-02  -7.4074387e-02   1.9173788e-01   1.9374318e-01   8.7658757e-02  -1.4920221e-03  -6.2934104e-02  -1.3280973e-01   2.7926214e-01  -1.4826973e-01   5.3725386e-01  -3.3835035e-01   2.6607990e-01  -5.1689940e-02   2.8861301e-02  -1.0360524e-01   1.0752376e-01   6.6193458e-02   5.3124566e-01  -1.3749244e-01   1.7639800e-01   2.8070515e-01  -5.0875897e-02  -1.1197614e-03  -1.2528892e-01   2.5231398e-01   3.8288539e-01  -1.1208566e-01  -1.1445132e-01  -3.0241747e-01  -3.6109226e-01  -2.6418337e-01  -1.2110622e-01  -2.8808784e-01   3.6775102e-01  -1.6317988e-01   3.9715099e-01  -3.0316573e-01  -1.8956180e-01   3.2742069e-01   7.9031350e-02   2.1470427e-01  -3.3268890e-02   3.8246091e-02  -1.6778487e-01  -9.9243638e-02   1.2476048e-01   1.2805011e-01  -6.3780082e-02   1.7916187e-01   2.6381935e-01  -5.6760718e-02  -2.6986361e-02   2.7989424e-01  -3.5250874e-01   2.2003492e-01  -1.5504565e-01   4.4649093e-01   3.3278321e-01   1.4337511e-01  -7.7028091e-02  -3.9515609e-01   1.9324088e-01   2.7546388e-01  -2.7793127e-01  -9.3665554e-03  -5.8817189e-02  -1.0515889e-01  -6.4518932e-02   1.6946358e-01   1.8640580e-01  -3.5770449e-01   3.8551401e-01   1.8439947e-01   2.4291732e-01   4.6512834e-01   2.0884494e-01  -5.7412023e-02  -2.0126519e-01  -4.9472012e-02   3.0588182e-01  -1.8149611e-02  -2.9928014e-01   4.5746932e-02  -1.2887232e-01  -2.9994113e-01  -2.3370529e-01  -3.1798324e-02   4.3624232e-01  -4.7045130e-01  -4.0627418e-01   2.6416580e-01  -2.4087908e-02   5.7846110e-02   4.0534493e-02   1.2147579e-01   1.1688763e-01   6.9583021e-02  -2.9430103e-01   1.1065245e-01  -1.4265296e-01  -2.4515675e-03  -1.8208046e-01
  -1.7947389e-01  -7.1190817e-03  -3.8917432e-02   2.9194348e-01   2.3021762e-01   3.3784149e-01   1.1829250e-01   2.4219714e-01   2.3191260e-01   7.7497329e-02   0.0000000e+00  -2.9104495e-01   1.2308254e-01  -1.0954370e-01  -1.0749909e-01  -2.0162339e-01   4.9726025e-02   3.3914785e-01   2.0210909e-01  -2.6406484e-02   5.5851352e-01   3.7832059e-01   3.8632162e-01   9.5628793e-02  -1.9689112e-01   3.7317356e-01  -1.7326788e-02   1.2520422e-02  -2.0734182e-01   3.6670527e-01   1.7832370e-01   4.4939705e-01  -1.9130444e-01   2.6102314e-01   2.1122333e-01   3.2008266e-01  -2.3708805e-01   4.8110039e-02  -1.4498934e-01  -1.9842190e-01   5.1432689e-02   3.1301934e-02   8.0805209e-02  -1.0816376e-02   2.2161321e-01   2.7137224e-01   4.2973809e-01   1.2493479e-01  -6.1931095e-02  -2.4569043e-01   6.0587243e-01   1.4557226e-01  -1.9200635e-01  -5.1942709e-02   1.2808084e-02   5.1173929e-01  -7.3127483e-02   3.7273705e-01   1.6338727e-01   2.2532083e-01   3.8454001e-01  -1.1064539e-01   9.6258121e-02   3.6171784e-01   3.5669629e-01  -2.3403226e-01   1.4602885e-01  -2.0028955e-01   3.3549574e-01   5.3813681e-02  -6.3556360e-02   1.9679902e-01  -2.3427559e-02  -7.0687519e-03  -8.0356884e-02   6.4793562e-01  -7.2921754e-02   5.5247703e-01   3.4763997e-01   2.7192098e-01   1.6749055e-01  -6.4455556e-02   1.4286796e-01  -1.7615137e-01   1.1100886e-02   4.6478679e-01  -8.4811945e-04   1.3989665e-01  -7.0729643e-02   1.5530865e-02   1.3377672e-01   5.6053058e-02   1.1821405e-01   3.4362523e-01   5.2259630e-02   4.3985828e-02   1.9902304e-01   1.3202755e-01   9.5408575e-02  -7.9261651e-02  -1.2258985e-01   4.7285072e-01   3.2406637e-01  -7.8968465e-02   3.2190309e-01   5.5862710e-01   3.3743797e-01   1.8900825e-01   3.2465781e-01   8.2229843e-02   9.2809697e-02   5.0187322e-01   3.0741970e-02  -3.2992784e-01   3.8898663e-02   1.6360891e-01   3.0832955e-01  -2.3752708e-01   1.7671975e-03   2.0269680e-01   2.2932100e-01   2.5446136e-01   1.1408474e-01   3.1568697e-02   3.7309260e-02   2.7398319e-01   5.4085687e-01   5.7111949e-02   1.2686120e-01   1.5117963e-01   3.2430824e-01   2.8431428e-01  -1.4446649e-01   2.9472777e-01  -9.5604687e-02   2.8476907e-01   2.1979918e-01  -1.1078557e-02   3.6121467e-01   1.2619293e-01   2.7356577e-01   1.0947226e-01   5.5377334e-02   2.3425924e-01   3.4945853e-01   5.5629081e-02  -1.9325313e-01   5.3171359e-02   1.0808648e-01   1.4532829e-01  -6.1849112e-02   2.2791418e-02  -2.3601099e-01   4.1767291e-01   2.0430960e-01  -7.5007981e-02   3.2412065e-01   2.5187558e-01  -6.4852077e-02   2.2545130e-01  -3.0113279e-01  -1.3195965e-02   9.7820595e-03   3.6429661e-01   3.2426616e-01  -3.0017809e-01   2.4836244e-01   2.0567337e-01   1.5434758e-01  -1.5977554e-01   9.9662977e-02   2.0446948e-01   1.6054652e-01   2.2800631e-01  -1.5846409e-01   4.2121395e-02   3.6442849e-01
  -1.7067158e-01   2.3829660e-01   4.4170857e-01  -4.8271690e-01   1.9122564e-02  -1.9661194e-01   1.6177483e-01  -2.0478264e-01  -1.8134077e-01   4.6551394e-01  -2.9104495e-01   0.0000000e+00   1.2349159e-01  -1.1299066e-01   4.3754830e-01   1.7806343e-01   4.3199316e-01  -2.0465398e-01  -1.0176697e-01   8.3173455e-02  -1.6800233e-01  -4.0781279e-01   4.3596804e-02  -1.8667373e-01   9.2092345e-03  -1.1404250e-01  -1.3913083e-01   1.7821494e-01   1.2689500e-01  -1.7731247e-01   2.1207210e-01  -2.5286549e-01   4.2295045e-01   3.6859569e-01  -7.6799120e-02   1.4384156e-01   2.7536353e-01   5.1369231e-01   1.2580142e-01   4.9840216e-01   9.9631277e-05   6.5440940e-02   3.8513481e-02  -1.5979059e-01   2.6754905e-01   2.5341330e-01  -2.8126942e-01   1.6611506e-01  -4.8577313e-02   2.1738129e-01  -2.2535051e-01  -2.5020498e-01   3.1717314e-01  -1.3762852e-01  -1.9234633e-01  -1.8348133e-01  -1.6953321e-01  -2.5958773e-01  -2.2111709e-01  -3.6108066e-02  -1.8903707e-02   2.9157610e-01   3.8781007e-02   2.8481083e-02  -8.1606820e-02   3.9254913e-01   3.3866848e-02  -1.6585887e-01  -2.2429453e-01   2.5386330e-01   3.1564109e-01  -3.7924256e-01   1.1967194e-01   1.7162517e-01   8.8122745e-02  -1.8961854e-01   2.0496454e-01  -2.3478227e-01  -6.2336604e-03  -1.6247673e-01  -6.6067066e-02   3.7006181e-02   1.6965825e-01   4.3023679e-03   2.2456264e-01  -4.1636916e-01   2.2542698e-02  -3.6756941e-01   9.3437838e-02  -2.1665162e-03  -3.0859161e-02   1.5909586e-01   2.0988131e-01  -2.4752326e-01   4.2384801e-01   3.3718935e-01  -4.0264978e-02  -1.6762320e-02  -1.9221863e-01   2.6016137e-01   2.3820122e-01  -9.7193897e-02  -3.0075726e-01   2.0872051e-01  -3.8480234e-01  -4.2432424e-01  -2.0691506e-01  -2.1670694e-01   2.2910208e-01  -3.4172809e-02   4.2933797e-01  -3.3457687e-01  -4.3320247e-01   3.7395397e-01  -1.3871210e-02   1.2567864e-01  -2.7796817e-01   2.7563220e-01  -4.6012003e-02  -1.9974988e-01   1.1311685e-01   7.4505261e-03   1.8422709e-02   1.2699412e-01   2.2125196e-01  -8.3814364e-02  -2.2196065e-01   7.6439897e-02  -4.1130910e-01   1.4575674e-01  -2.4507544e-01   1.6021683e-01   7.4117892e-02   1.7053256e-01  -1.1727943e-01  -3.0710217e-01  -1.1751333e-02   5.1206550e-02  -3.1276854e-01   2.2163646e-01  -1.4847484e-01  -3.3543291e-01   1.6128125e-01   9.8393927e-02   9.7142240e-02  -3.1522717e-01   5.3071722e-01   2.5407809e-01   1.1872290e-01   1.7878234e-01   4.1922678e-01  -8.9290718e-02   1.6699271e-01  -1.4681953e-01   1.4283734e-01   3.3381175e-01  -2.1630454e-01   6.8979770e-02  -1.0495697e-01  -1.8643689e-01  -8.7205508e-02   9.0237662e-02   2.1392941e-01  -3.2751936e-01  -4.1514535e-01   3.3858606e-01   4.7249764e-02   1.9866922e-01   2.3943732e-01   8.0772263e-02   3.4324668e-01   7.3679706e-02  -4.3938816e-01   1.1398770e-01   5.1255328e-02  -3.1961332e-01  -2.7045937e-01
   2.5395838e-01  -1.0310075e-02   1.3687307e-01  -2.3390532e-01   3.3569198e-01   1.9182958e-01  -5.9045775e-02  -7.7669280e-02   3.6201216e-02   4.2129530e-03   1.2308254e-01   1.2349159e-01   0.0000000e+00  -2.1552035e-01  -6.5820611e-02   2.2117145e-01   1.9237767e-03  -1.6588451e-01   1.6494978e-01   9.2126316e-02   1.9788122e-01  -1.4176450e-01   2.9362346e-01   6.0327921e-02  -7.1901983e-02  -2.0069754e-02  -9.9193531e-02   4.6529040e-02  -1.1718921e-01   3.7874178e-02   2.7660225e-01  -1.1807020e-01   2.3026211e-01   5.5738734e-02   9.2950722e-02  -8.8804826e-02   1.3173981e-01   2.9784920e-01   2.6744763e-01  -1.0286811e-02   9.8714804e-03  -8.6163851e-02  -1.1533536e-01   1.1524900e-02  -1.3241121e-01   1.9892737e-01  -1.2092128e-02   1.6645810e-01  -3.4920234e-02   1.0375668e-01  -4.0439013e-02   8.1070469e-02   8.9157371e-02  -3.9119985e-02  -6.8470595e-02   7.7180544e-03   3.4160773e-01  -2.0236276e-01  -4.8489844e-02   1.3777085e-01   1.8923474e-01  -5.2689498e-02   2.4658794e-02   8.0362128e-02  -1.0281812e-01   2.1608591e-01  -3.6158813e-02  -9.1733941e-02  -2.6976675e-02   3.7832179e-01   7.9759668e-02  -1.3897926e-01  -7.3129217e-02   3.8054096e-01  -2.8273165e-01   8.1882675e-02  -1.2546864e-01   1.0926888e-01  -8.4369719e-03  -1.2138863e-02  -1.9165663e-02  -3.4546385e-02  -3.3295039e-02   1.5452278e-01   1.7486908e-01   3.4814719e-02  -1.8272139e-02   5.4630619e-02   5.4081445e-02   1.1262722e-01   8.1017051e-02   8.2463059e-02   1.7575963e-01  -1.2434126e-01   1.1307539e-01   2.4807222e-01  -1.9929465e-01   1.2820658e-01  -3.7039010e-01   1.2679488e-02   2.4958936e-01   1.1369233e-01  -7.2481239e-04   1.5648228e-01  -2.6703580e-01   3.1379607e-02   6.8193071e-02  -5.7480227e-02  -9.6820191e-02   1.9622842e-01   9.0794097e-02  -4.4026168e-02  -1.2042262e-01  -3.4006856e-02   1.9392798e-01   7.7136285e-02  -2.6191594e-02   1.2313164e-02   1.0681088e-01  -2.4313482e-01   2.3586804e-01   2.0077130e-01  -4.5154684e-02  -6.7483905e-02   6.4794636e-03   5.9509502e-02   4.4414663e-03   4.2701849e-01  -4.1105227e-01   2.5916093e-01   1.8672780e-01   5.3039744e-02  -3.0797263e-01   9.7800098e-02  -2.9689580e-01  -1.3291485e-02  -6.0697822e-03  -3.5572171e-02  -1.9491866e-01  -1.0110582e-01   3.1723775e-01   1.7240124e-01   1.9859128e-01   1.8990539e-01   7.8958011e-03  -3.8235349e-01   1.7544067e-01   1.4374712e-01   1.9409585e-01  -1.5967220e-02   2.7579267e-01   1.7402159e-01   2.7585031e-02   1.7694126e-01   2.5494759e-01   7.1344458e-02  -2.1008929e-02  -8.1841163e-02  -2.4018923e-01   7.7139292e-03  -4.2403590e-02   8.5179565e-02  -4.8409801e-02  -2.3468829e-02   6.2666962e-02   1.5709569e-01   2.1979924e-01  -2.2816629e-02  -6.0277448e-02   2.7904432e-01   8.8618456e-02  -7.1250348e-02  -1.9551878e-01   4.0146312e-01   5.7423779e-02  -1.4002717e-01  -1.9398281e-01
  -6.8233159e-04  -1.3395344e-01  -2.1736516e-01   2.8455423e-01  -1.4472380e-01  -1.8204763e-01   1.2480688e-01  -2.1003920e-01  -7.3963414e-02  -1.5548404e-02  -1.0954370e-01  -1.1299066e-01  -2.1552035e-01   0.0000000e+00   2.8602372e-01  -1.6425327e-01  -2.4655711e-01   3.3547983e-01  -1.1443952e-02  -4.9599502e-03   2.2684370e-01   2.8679191e-01   1.0035786e-01   5.0904275e-02   3.6023977e-02  -2.7475786e-01   1.5813269e-01  -3.5557047e-02   1.0519866e-01  -5.4989347e-02  -2.3108643e-02   1.9758558e-02  -3.0095559e-02   1.6615082e-01   8.1449100e-02  -3.9953062e-02   2.3642754e-01  -1.3944869e-01  -1.9444645e-01  -1.9108955e-01   2.1798707e-01   7.5414557e-02  -4.0832236e-01  -1.2907158e-02  -1.3369558e-02  -3.8067368e-02   4.5456273e-02  -7.7052128e-02  -7.3389371e-02  -5.9039460e-02   1.7946882e-01  -1.0965636e-01  -1.6558568e-02   5.0609659e-02   2.5087544e-01   1.7595301e-02  -1.6371701e-01   2.5838142e-01   3.3369478e-01   6.6568706e-02  -9.3859795e-02   2.2820436e-01  -3.2328666e-01  -2.1421937e-01   2.5714767e-01  -1.5425117e-01  -9.6062755e-03  -1.2536065e-01   1.5051365e-01   9.2000267e-02   4.0243147e-02  -2.0802096e-01   1.1754709e-01  -1.7067768e-02  -3.3572420e-01  -5.0327291e-03   2.2177217e-01   4.4253898e-03  -2.2364032e-01   1.7177526e-01   2.6174380e-02  -2.6099075e-01   1.9402725e-01  -4.2038300e-01   1.1283332e-02   1.7515430e-01   3.9233681e-02  -6.1521384e-02  -8.9264659e-02  -3.0282479e-01  -2.4672099e-01  -7.7489510e-02  -1.7138340e-01   2.3271768e-01   8.4100464e-02  -6.8580934e-02  -1.8754755e-01  -2.5400213e-01   3.9418273e-02  -2.4528759e-02   1.3188538e-01  -1.4226692e-02   1.8187982e-01  -3.2390452e-02   4.2687551e-01   9.6634973e-02  -8.2221839e-02  -2.1028774e-01   1.7169124e-01  -5.2751651e-02   3.6293727e-03   1.0156961e-02   2.7780396e-01   7.1968890e-02   4.2902213e-02  -1.5417824e-01  -9.5589792e-03   7.2433913e-02   1.0097177e-01   3.3685199e-02  -1.5254631e-02  -4.5361140e-01   7.2525498e-02   2.7616244e-01  -8.0721809e-02   1.2724161e-02   1.3771281e-01  -5.5565676e-02   2.4823881e-01   3.1042237e-02  -3.8505047e-01   2.6574148e-02   3.0674796e-02   2.4505663e-01   1.3666258e-02   2.2548589e-01  -1.4646017e-01   1.9831772e-01   9.7649126e-02  -2.5955181e-01   1.7987093e-02   1.5146758e-01  -2.7543302e-01  -1.6392848e-01   1.8749077e-01   4.6360990e-01   2.6359741e-02  -1.7416870e-01  -1.9161497e-01   1.5968350e-01  -4.7777892e-02  -1.1766555e-01  -2.9330610e-02  -4.0888162e-01  -3.0659868e-01   5.9630554e-02  -9.9772949e-02   1.6683862e-01  -5.9101279e-02   9.1706503e-02  -1.1158770e-01  -2.7263083e-01   2.4484314e-01   1.3665963e-02  -6.5571356e-02  -1.1099489e-01  -3.7586644e-02  -3.5069463e-01  -1.4028126e-02  -3.1056548e-01  -1.6729795e-01  -1.1911066e-02   3.0975271e-01  -4.9081813e-01   2.7129904e-01  -1.4374698e-01   1.3895688e-01
