   0.0000000e+00   3.7496864e-01   2.8066630e-01   1.1817347e-01  -3.9681964e-01  -7.3728707e-05  -1.7190762e-01  -1.6369486e-04  -3.9336665e-01  -1.3298318e-01  -4.2192840e-01  -6.2225561e-02  -1.3302437e-01   2.9509928e-01   1.5592419e-01   1.1569463e-01   2.4300666e-01  -4.0480693e-01  -1.1041031e-01   1.8858986e-02  -2.0101127e-01  -1.9315547e-01   2.8643113e-02   2.8616391e-01   2.9949992e-01   1.3810330e-01  -2.3808815e-01  -1.1353097e-02  -2.4320697e-01  -7.9700829e-02  -4.2311511e-01   4.9776874e-04   1.9095830e-01  -5.8416799e-01  -1.4992329e-02  -2.7243201e-01  -1.1779181e-01   2.0485917e-02  -5.3321620e-02  -1.7319710e-01  -1.7283399e-01   1.9758652e-02   4.6857182e-01  -1.1872443e-01   1.1343444e-02   3.8524353e-01  -3.9866019e-01  -2.7505832e-01  -3.2035749e-01   1.4852210e-02  -3.3227671e-01  -1.2517024e-01  -2.2848988e-01   4.0553832e-01   1.4021782e-01  -3.0160322e-01   4.2331118e-01   4.2793293e-01   3.1264446e-03   1.1748034e-01   4.5831188e-02  -3.7332782e-01   2.8089273e-01  -2.1795371e-01   1.6064915e-01  -2.8218830e-01   1.5118043e-01   3.3846620e-01  -2.6506564e-01   2.4316045e-01  -6.0300005e-02   5.0931400e-02   1.1268428e-01   9.4215350e-02   1.3492900e-01   2.3036188e-01  -1.2030133e-02   4.5435874e-02  -1.1798748e-01  -1.6425363e-01  -1.0166309e-01  -1.1387294e-01   1.1645319e-01   1.9856017e-01   2.3474764e-01   1.6208556e-01  -3.2947394e-01   9.8453714e-03   4.0783158e-01   7.7362793e-02   6.8208610e-02   9.3053401e-02  -1.8430963e-01  -1.6622778e-01  -2.3322729e-01  -1.6765356e-01  -2.4126309e-02   2.1233805e-01   1.1175602e-01   5.6361866e-02  -9.4290971e-02   2.7529505e-02   2.0036092e-01  -1.9446213e-01   1.5355043e-01  -1.1784024e-01   2.9281757e-01   1.9782009e-01  -4.5981270e-01  -2.3262679e-01  -5.6452676e-01   1.6423186e-01   2.2832686e-01   5.5811982e-01  -1.8672632e-01   5.9629109e-02  -7.6322550e-02  -1.1172381e-01  -1.1352596e-02   2.4609675e-01   6.3383000e-02   3.6782696e-01  -1.2648710e-01   8.9173561e-02   4.1629141e-01   3.6029051e-02  -2.0605953e-01   3.0192285e-01  -2.8603327e-01   1.0294476e-01   2.4898121e-01  -1.8581956e-01   6.6015261e-01  -3.6985093e-01  -2.0553052e-01   2.4757202e-01   1.4197479e-01  -2.4213930e-01  -3.3139886e-01   4.1483415e-01   4.7697910e-01  -2.6349939e-01  -1.1142120e-01   6.8980435e-02  -8.8596762e-02  -3.9257529e-01  -7.3003969e-02  -2.8712194e-01  -2.1410818e-01  -1.6367785e-01  -2.0062039e-01  -1.9188334e-02   2.0948492e-01  -5.1110663e-01   1.4764732e-01  -6.8099233e-02   5.0289423e-01   2.7535442e-01  -1.2760067e-02   1.9163251e-01   4.7606929e-01  -3.4622412e-01  -2.5413783e-01  -1.2633693e-01  -1.4807400e-01   2.7376878e-01   2.0171668e-01   5.7539092e-02  -2.9715581e-02   5.5349518e-01  -1.3701118e-01  -1.6295745e-01   1.6857153e-01   3.1116858e-01  -2.6694943e-01   7.0495929e-02  -2.3989754e-01
   3.7496864e-01   0.0000000e+00   4.0602767e-01   1.8628628e-02   1.9020173e-02  -1.5242349e-01  -9.6489369e-02   1.2275112e-01  -1.3492825e-01   3.1673578e-02  -1.8439694e-01   4.3722243e-01  -3.0072356e-01   1.6002106e-01   3.8671037e-01  -4.4021779e-02   4.8504505e-01   5.5745328e-02   1.2695540e-02   3.9337858e-01  -1.7978582e-01  -3.8190430e-01   6.7268330e-02  -1.5112091e-01   1.2755012e-01  -2.8576356e-02   3.3149546e-01  -2.9451109e-01  -1.4777724e-01  -8.7466566e-02  -1.7662280e-01  -2.2022329e-01   2.8444425e-01  -4.3919895e-01   1.1691389e-01   3.1623816e-01  -2.2366486e-01  -1.0042590e-01   1.5803055e-01   3.5906041e-01  -1.3897736e-01   6.8580814e-02   3.3647797e-01  -2.0449318e-01   2.2076662e-01   2.8687074e-01  -1.4650466e-01   6.0131725e-02  -4.1957686e-01   4.0323090e-01  -3.1958161e-02  -2.2711493e-01  -1.3977127e-01   1.7137353e-01  -1.9092394e-01  -2.4764850e-01  -2.3521280e-01  -8.1387874e-02   1.3390426e-01   4.7438831e-01  -3.4075705e-01  -4.2501591e-01   2.9083832e-01   1.1494345e-01   3.4494187e-01  -1.2923505e-01   2.0342753e-02   4.7906802e-01  -2.7082359e-01   2.1662469e-01   4.0643547e-01   3.3560543e-02  -1.0523673e-01  -1.3851939e-01  -2.1644510e-01   1.9274740e-01  -2.4104572e-01   1.3319878e-01  -4.5331563e-02  -8.1068583e-02   9.4997216e-02  -4.0935960e-01   2.2304777e-01  -2.5137622e-01   4.4435187e-01   1.1624913e-01  -2.4627523e-01  -2.8930688e-01   6.0441594e-01  -4.0826815e-01  -3.4210187e-02   9.0863074e-02   1.1808821e-01  -2.2372386e-01  -3.8275233e-01   3.0718898e-02  -7.7843534e-02   1.8336361e-01   2.8711858e-01  -6.7246172e-02  -2.8268068e-03   5.7945903e-02   3.5745891e-01  -2.8624244e-02   2.7143349e-01  -1.9848482e-01   5.0832390e-01   2.4948272e-01  -5.4606624e-01  -4.4463631e-01  -5.1324111e-01   1.0580275e-01   2.1003460e-01   5.8943711e-01  -9.6184201e-02  -2.1687371e-02   4.3416847e-02  -5.2895348e-01   1.6499705e-01   7.3014406e-02  -4.9577143e-02   2.7570869e-01  -2.9946350e-02   2.1240396e-01   1.9618322e-01   7.7899239e-02  -1.9031420e-01   3.9023964e-02   2.5514960e-02   1.8028769e-01   3.8097484e-01   5.9719390e-02   6.8701829e-01  -3.4118795e-01  -4.9441939e-01   1.1495154e-01  -1.3147222e-01  -2.7063287e-01  -4.5209142e-01   3.6986791e-02   4.2704366e-01  -3.5427316e-01   1.1067155e-01  -2.9837150e-01  -8.5015478e-02  -2.5472361e-01   9.3640613e-02  -2.5309678e-01   6.8596659e-02  -2.0306851e-01  -2.4504460e-01  -9.3534710e-02  -8.5616373e-02  -9.4677639e-02   3.5255136e-01  -4.7860575e-01   3.8052209e-01   3.1091373e-01  -1.1113276e-01  -1.4666778e-01   4.1617174e-01   1.1934782e-01  -3.9740523e-01   2.4743005e-02  -2.3145854e-01   2.9643989e-01   3.9615395e-01  -2.8912189e-01  -1.1720102e-01   5.0295989e-01   9.6401814e-02   1.3644684e-01   2.9610175e-01   1.5432095e-01  -3.1503871e-01   1.4626650e-01  -4.5089736e-01
   2.8066630e-01   4.0602767e-01   0.0000000e+00  -1.0420049e-01   2.7461943e-01   2.9193255e-01  -4.4055227e-02   1.5140770e-02   6.8146518e-02   7.5284799e-02  -2.0412087e-01   4.3002328e-01   7.5020611e-02   5.3891135e-02  -7.8891680e-02   9.0747428e-02   7.8524390e-01  -3.8703193e-01   2.2008428e-01   4.8240389e-01  -5.9789272e-01  -1.8088164e-02  -1.6722041e-01  -4.7190633e-02   2.2072088e-01   1.6231386e-01   5.1524847e-02  -1.0005133e-01   2.3095276e-01  -1.2061062e-01  -2.7242520e-01   1.5096884e-01   2.3097443e-01  -3.4187295e-01  -2.3249971e-01   2.1294021e-01  -4.5228074e-01  -1.9815862e-01  -5.5442390e-02   3.5123212e-01   4.0814707e-02   1.2554793e-01   3.0389227e-01   1.2545450e-01  -2.8069141e-01   3.9199921e-01  -1.3321647e-01  -2.2987901e-01  -2.8348377e-01   4.2009595e-01  -4.4831184e-01   5.4820650e-02  -2.7299175e-01   1.9985717e-01  -9.1116316e-02  -3.6325916e-01   1.2550123e-01   1.5685941e-01  -4.4968696e-02  -6.9894587e-02  -5.0060066e-02  -2.3586164e-01   4.1283506e-01  -2.3318900e-01  -3.7353957e-01  -2.4405261e-01   1.0976084e-01   1.7373612e-01   1.8491231e-01   5.3743615e-01   1.3153318e-01   2.6175712e-02   1.1952445e-01   3.6614577e-01  -8.9988750e-02  -2.7408595e-01  -1.4481442e-01   7.5361865e-02  -2.7320702e-02   2.3065743e-01  -1.0462605e-01  -7.4176954e-02   8.9567389e-02   1.2796520e-01   6.5572677e-01  -9.7972913e-02  -4.5418203e-01   2.4975188e-01   3.4468243e-01   3.3656126e-02   1.4375837e-01   8.7199505e-02   3.7447407e-01  -6.0802448e-02  -2.5986020e-01   1.1997288e-01   1.3041001e-01   4.4279836e-01   4.3512356e-02  -4.1314224e-01   4.5366926e-02  -8.3099860e-02   9.6458300e-03  -2.0273931e-01   8.7414100e-02  -1.8366971e-01   4.3568590e-01   2.7624820e-01  -3.5127213e-01  -1.2827275e-01   5.6270522e-03   1.4456897e-01   1.5516361e-01   3.2282856e-01  -3.9919860e-02   6.4284498e-02   2.2705637e-01   2.5179096e-02  -8.4612570e-02  -6.3415125e-02   2.6418592e-01   5.1423760e-03   2.0137195e-01  -2.8483603e-01   1.1398922e-01   8.8577291e-03  -2.5614137e-01   1.3766844e-01  -1.0984092e-01   3.8776238e-01   2.6354118e-01  -4.9498263e-01   3.6534550e-01  -3.4531719e-01  -1.3481279e-01   4.6627692e-02   1.3865582e-01  -3.4841139e-01  -5.6826683e-02   1.3476208e-01   3.2251408e-01  -6.4189039e-02   1.6347198e-01   1.5890287e-01  -3.3296237e-01  -4.8562436e-01   1.1456021e-01  -3.6486759e-01  -8.9265319e-02  -5.6836658e-01   4.1368851e-01  -1.5105759e-01   4.0704931e-02  -3.2414321e-01   7.6566153e-01  -2.2429768e-02   1.2513065e-01  -2.0619474e-02   3.4101978e-01   2.2473898e-01   3.4278716e-01  -2.1695754e-01  -4.3950562e-01  -3.8477203e-01   5.3366817e-02   1.6077663e-02   2.5570727e-01  -6.9416799e-02   1.0638948e-01   4.4233211e-01  -1.2845204e-01  -1.9729981e-01  -3.8007196e-01   3.2130556e-01  -1.5588667e-01   3.6684592e-01  -1.7314516e-01
   1.1817347e-01   1.8628628e-02  -1.0420049e-01   0.0000000e+00  -1.9454387e-01  -4.4174092e-02   3.5069551e-01   1.6297068e-01  -9.3411976e-02  -2.2916758e-01  -1.9258166e-01   1.2616653e-02  -1.2385997e-02   7.7527503e-02   1.0190034e-01  -1.8566504e-01  -2.5601575e-01   5.4208042e-02  -6.9593028e-02  -2.4103730e-01  -1.7133890e-01   2.8857752e-01  -8.8946864e-02  -3.6269480e-01  -2.8146472e-02  -9.0100378e-02  -1.4137669e-01   8.2679542e-02   1.0796352e-01   2.8086966e-01  -1.9127548e-01   2.1846531e-01   2.5245613e-01   4.9289307e-02   3.5257567e-02  -9.3501610e-02   1.8797161e-01  -4.5198099e-01   3.1622605e-02  -3.7634468e-01  -2.2262213e-02   3.5525272e-02  -2.6717261e-01  -3.0975610e-01   1.1522848e-01   1.7073204e-01  -2.0704293e-02   2.6789857e-01   1.3442246e-01  -3.5170764e-01   8.7968031e-02   1.6142697e-02  -4.0108382e-02  -3.0707276e-01  -3.3505752e-01  -1.5966215e-02  -1.7142434e-02   1.7230999e-01   1.8500700e-01   2.0201028e-01  -6.4851006e-02   1.5474987e-02  -3.0123621e-01   1.4122431e-01  -2.1222905e-02  -1.8716589e-01  -8.8916812e-02   1.1756061e-01  -3.4788981e-01  -9.2229847e-02  -1.5160730e-02   5.8272368e-01  -1.1360274e-01  -9.3083416e-02  -8.8080181e-02  -1.6252947e-02  -3.2093787e-01   2.2304113e-01  -4.5585183e-01  -2.7865018e-01   1.7182652e-01  -6.0020356e-02  -1.5920342e-01   7.0768170e-02   7.3246134e-02   2.3080191e-02  -1.9366179e-01  -2.8651760e-01  -2.0694540e-01   1.2655648e-01  -3.4686821e-01   4.4980389e-02   1.2279840e-01   4.9072204e-02  -1.0518959e-01  -1.6052418e-01   9.0405953e-02  -2.3055407e-03   2.1673893e-01  -1.0781632e-01  -1.5130187e-01   2.9164808e-01   2.6771220e-01  -2.7464949e-02   2.2714153e-01   4.3258903e-01   1.2461681e-01   5.9543093e-02   5.5312648e-02  -1.2999367e-01  -1.9585075e-01   2.9633765e-01   7.0297760e-01   3.3726111e-01  -2.8180493e-01  -2.7626070e-01   5.0620018e-02  -2.2388504e-01   5.4522485e-03   5.9958903e-01  -2.2336471e-02  -3.6362243e-01  -1.3597658e-01  -2.7351478e-01  -3.7568690e-03  -2.9428669e-01   1.0117153e-03  -8.4828388e-02   3.6328381e-01  -2.2333046e-01  -1.4846933e-01  -6.4396488e-02  -1.3072386e-01  -1.1828400e-02   1.9298592e-01   9.8187836e-02   8.7492141e-02  -9.3451979e-02  -6.8616935e-02  -2.2052512e-01   2.8897063e-01   3.3227811e-03  -1.2631313e-01  -5.3802368e-02   3.6266235e-02  -3.4645835e-01  -1.5185152e-01  -3.5880623e-01  -4.1373477e-02  -6.2393386e-03  -2.2663556e-01   1.6059344e-01   2.3234277e-01   1.3566041e-01  -2.1666529e-01  -8.2819598e-02   3.1321618e-02   2.9269281e-01  -5.3218549e-02  -1.7284623e-02   2.1354781e-01  -4.5493776e-01  -8.4818398e-02   4.0505461e-02   4.6687211e-01   4.2919572e-02  -1.4022622e-01  -7.3270424e-02  -1.2821436e-01  -2.3890968e-01  -2.9980578e-01  -4.5041416e-01  -1.1756032e-01   8.8043998e-02  -1.0356020e-01   3.9577763e-01   2.3791063e-01
  -3.9681964e-01   1.9020173e-02   2.7461943e-01  -1.9454387e-01   0.0000000e+00   4.9686838e-02   7.4403912e-02  -2.3362213e-02   5.0440182e-01  -4.7136991e-02   1.4457014e-02   2.3947889e-01   2.4984252e-01  -3.3802740e-01  -5.0442599e-01  -1.6825723e-01   3.4198179e-01  -1.9336115e-01   1.6539018e-01   5.7240465e-01  -2.6869777e-01   1.3658671e-01  -8.8115596e-02   8.5455070e-02  -4.7401239e-02   1.8201721e-01   3.2294094e-01  -4.2239730e-01   3.8260780e-01   4.4934010e-02  -7.5831361e-02   1.0780099e-01  -2.4079996e-01   1.9860232e-01  -3.8585314e-01   6.3021452e-01  -1.7552725e-01   1.6776317e-01  -2.3510083e-01   1.8136290e-01   7.4047725e-02  -2.9160489e-01   1.8578060e-01  -2.4187313e-01  -1.7064552e-01   1.6686710e-02   1.9610194e-01   5.7118899e-02   2.7521437e-01   3.7516565e-01  -2.1796895e-01   3.5688728e-01   2.0792632e-02  -1.8014376e-01   1.3764526e-01  -2.8696783e-01  -1.7483481e-01   5.9234098e-02  -2.6061559e-02  -3.3224326e-02  -1.5375441e-01   4.7292928e-01   4.3802295e-01  -1.6305654e-01  -3.0346091e-01   2.4486945e-01  -9.4238573e-02  -2.0107851e-01   2.3640710e-01  -5.2513083e-02   2.4832765e-01  -3.1142258e-01  -2.4903239e-01   4.5935009e-01  -6.9729616e-02  -2.4881081e-01   1.2673286e-01  -2.0966774e-01   5.2104567e-01   3.7875004e-01  -3.3803537e-01  -1.6215643e-01   2.5353519e-01  -1.6327474e-01   2.4176515e-03  -2.3593452e-01  -1.4559604e-01  -1.6977260e-02   6.0137228e-02   1.9370555e-01   3.9536345e-01  -1.1040124e-01   2.7769717e-01   2.4981064e-01   1.6325035e-01   5.8611408e-01   3.6786154e-01   2.2722057e-02   1.3170369e-01  -8.7549268e-02  -3.1790660e-01  -4.3916847e-01  -2.9694733e-01   2.6383712e-01  -2.5294150e-01  -1.5051136e-01  -1.4577630e-01  -1.3619138e-01   4.2274128e-01   2.7104001e-01   4.0793080e-01  -5.7154777e-02  -1.3820087e-01  -1.9460594e-01  -3.3866002e-01   4.1698332e-01   1.9634277e-01   2.2744471e-01  -5.1801453e-01  -2.1086291e-01   1.0528912e-01  -1.6546070e-02   4.5270194e-01  -1.7597404e-01  -1.0239118e-01  -1.0890045e-01   3.9091714e-01  -9.1047880e-02   3.2321361e-01   1.3144658e-03  -2.8177699e-01  -2.6393008e-01  -1.8882687e-01  -2.3930303e-01   3.7930922e-01  -1.6684086e-01   1.7608158e-01  -4.3908571e-01   9.5900274e-02  -8.1237690e-02  -1.4066939e-01   4.2477863e-01   9.3742798e-02  -1.6476548e-01  -2.4217549e-01  -6.4200009e-02   6.9244262e-02   1.9723059e-01   5.5914433e-02   1.2493967e-02   2.7943645e-01  -2.3266391e-01  -1.5327277e-02   3.5063035e-01   4.0277140e-01   2.3183003e-01  -5.0404063e-01  -9.4613953e-02   2.4855783e-01   1.1324250e-01  -1.8280081e-01   1.7196089e-01  -6.9096632e-02  -6.5077268e-02   3.4949764e-01  -1.4993636e-01  -1.5936305e-01  -1.1047344e-01   2.9464279e-01  -3.7783156e-02   3.0846066e-01   2.4164753e-02  -4.2132909e-01  -1.7310244e-01   3.7203841e-01   5.4778094e-02   2.6133644e-01
  -7.3728707e-05  -1.5242349e-01   2.9193255e-01  -4.4174092e-02   4.9686838e-02   0.0000000e+00   5.3534260e-01  -1.9695505e-01  -2.0786775e-02  -1.0403876e-01  -1.6136274e-01   3.7858546e-01   1.1725368e-01   1.0511716e-01  -3.1998629e-01  -7.0826602e-02  -6.4785473e-03  -3.8035229e-01   3.8889754e-01  -4.5008920e-02  -2.1957814e-01   3.1251736e-01   3.8049960e-02   3.9963337e-02   2.1012367e-01  -2.1274130e-02   2.3362403e-02   9.1027953e-02   2.7209934e-01   4.3192113e-01  -4.0349965e-01   3.3022389e-01  -2.2062735e-01   2.0400907e-01  -7.3341757e-02   7.2348660e-02  -1.9578935e-01  -1.3345523e-01  -3.8451594e-01  -1.6771361e-02  -1.8198730e-02  -2.4031749e-02  -6.4603323e-02   2.3112889e-01  -4.2837838e-01  -8.4668976e-03   2.3370391e-01   2.1177419e-01   1.7609064e-01  -1.4276795e-01  -3.6649496e-01   1.5528352e-01   1.1216322e-01  -8.7578194e-02   3.4900782e-01  -1.0012006e-01   4.7804330e-01   1.7501381e-01  -3.2482332e-02  -1.8105627e-01   2.7473877e-01   1.3354062e-01   2.1507302e-01  -5.5382850e-01  -5.7516337e-01   2.1896677e-01   6.4309838e-01  -3.9186959e-01   3.3091881e-01   2.0196890e-01  -5.5406713e-01  -6.6513764e-02   2.5754928e-01   4.8916108e-01   2.0101299e-01  -1.6935451e-01  -8.6441761e-02   1.2674806e-01  -5.9133340e-02   2.8489620e-01   1.7686954e-01  -2.0178319e-03  -3.4309926e-01   3.2764750e-01   2.5966995e-01   5.9844937e-02  -4.0002162e-01   2.5842800e-02  -2.5651727e-01   3.3752960e-01   3.4042802e-01   8.2877112e-04   3.0447211e-02   2.9623643e-01  -8.2646446e-03  -1.5914203e-01   4.3217110e-01   1.9834358e-01  -2.2489936e-02  -1.2855600e-01  -3.7248919e-01  -2.9133869e-01  -1.6002267e-01  -3.1455187e-01  -1.3632163e-01   1.7451469e-01   1.4402985e-01   3.9808134e-01   1.7852847e-01   4.5213638e-01   3.9405805e-01   7.5325642e-02  -1.4198214e-02  -1.3728181e-01  -1.6264579e-01  -2.5569713e-01   1.4274706e-01   4.5644672e-01  -1.4505951e-01   1.7277478e-01   1.6588416e-01  -3.3324116e-01  -3.6110547e-02  -2.1389535e-01   6.1529585e-02   2.8455299e-01   1.8351104e-01  -1.6868812e-01  -2.3557423e-01  -3.7980417e-02   1.1432497e-01  -5.4691532e-01   2.3648936e-01  -2.7682882e-01   2.7904948e-01   1.0163557e-02   2.0611873e-01  -8.3478203e-02   8.2188481e-02  -6.1126436e-02  -1.9977609e-01   4.3089777e-01   1.3945789e-01   5.9028590e-01  -1.9826179e-01  -1.5116667e-01  -2.7640429e-01   3.1076791e-01   4.8282845e-01  -3.0448601e-01   3.4737681e-01  -7.8554669e-02   2.3842988e-01  -3.8367304e-01   3.7992572e-01   1.7088116e-01  -3.2242835e-01  -1.4999698e-01   2.9228100e-01   2.9507823e-01  -1.6096586e-02  -1.5200980e-01   5.9247965e-02  -1.0031950e-01   3.1062711e-01  -3.8628494e-01  -4.5879552e-02   2.7119029e-01   5.5476831e-02  -8.2816530e-02  -2.2099475e-01  -2.1175103e-01  -5.3980607e-01   5.6443022e-01   4.2603323e-01   1.8914819e-01   3.7585586e-01
  -1.7190762e-01  -9.6489369e-02  -4.4055227e-02   3.5069551e-01   7.4403912e-02   5.3534260e-01   0.0000000e+00  -2.0622620e-01  -1.2009805e-01  -2.2371216e-01  -1.3363851e-01   3.1771785e-01   2.2033851e-01   2.9361083e-01  -1.1260908e-01  -4.2912366e-02  -2.8450700e-01   3.0932167e-03   4.1515115e-01  -1.4733352e-01  -1.0282088e-01   5.0844843e-01   3.2792313e-01  -2.5879695e-01  -6.4217956e-02  -3.5881379e-01  -1.5940404e-02   2.7358152e-02   3.2828052e-01   8.3667772e-01  -4.2141164e-01   3.5331858e-01  -1.5919792e-01   4.4796832e-01   5.1857750e-02   1.5105289e-01   1.0257209e-01  -2.1479163e-01  -2.2588268e-01  -2.4825803e-01   2.0276402e-01   1.0825575e-01  -1.8029196e-01  -7.1901325e-02  -8.5673620e-02  -1.5989827e-01   3.5950466e-01   5.0526117e-01   3.6938300e-01  -3.3116948e-01  -2.0879445e-02  -1.2418724e-01   9.0068668e-02  -3.4564696e-01  -1.0016884e-01   1.1854090e-01   1.3686824e-01  -5.0345066e-02   3.4081320e-01   1.6143549e-01   1.9682124e-01   2.3858431e-01  -8.1092018e-02  -3.6949918e-01  -3.3686002e-01   2.0218351e-01   4.6344387e-01  -2.8939329e-01   2.0113462e-01  -2.1105988e-01  -4.6652278e-01   3.4817648e-01   2.5774336e-01   1.4581830e-01   1.3976477e-01  -1.3921600e-02  -1.9793391e-01   5.9046678e-02  -2.0403184e-01   7.0111953e-02   5.4671395e-01   8.3502396e-02  -3.4732686e-01  -2.4729292e-02  -7.3466072e-03  -1.0126233e-02  -4.1097011e-01  -1.6235288e-01  -2.1520654e-01   2.4825089e-01   1.6435497e-03   3.6550811e-02   1.2286998e-01   3.8371657e-01   9.4401648e-02  -2.7979216e-01   2.2240991e-01   9.0906608e-02   5.6098438e-02  -1.3640484e-02  -4.7735176e-01   1.3554662e-01   1.2477859e-01  -2.4299165e-01   5.0005257e-02   4.3687833e-01   1.9352921e-01   1.7845570e-01   3.0701883e-01   3.5748285e-01   2.8440764e-01   4.5247697e-01   3.3535004e-01  -2.0898686e-02  -2.4386072e-01  -3.3284518e-01   7.5720483e-02   1.8115906e-01  -7.1460147e-02   3.9278788e-01   1.6913609e-01  -4.8959555e-01  -7.6596875e-02  -1.2245955e-01  -1.3505649e-01   2.4478886e-01   4.3245265e-01  -2.5288837e-01   2.7749180e-01  -4.5389898e-01  -5.6619134e-03  -2.9223688e-01  -6.2350085e-02  -2.3907649e-01   3.4340972e-01  -1.5801665e-01   1.6274431e-01  -8.2809283e-02   1.6872335e-01  -1.5090670e-01  -1.5061453e-01   3.2889541e-01  -3.3982705e-02   4.3573789e-01   5.6568170e-02  -7.8196303e-02  -3.6141564e-01   5.5625477e-02   5.8003216e-01  -1.6694542e-01   1.6168736e-01  -8.7987276e-02   3.2973362e-01  -1.8947651e-01  -7.6793723e-02   1.5350970e-01  -2.6175770e-01   2.1866938e-01   4.2597342e-02   8.4764468e-02  -2.5959520e-02  -3.0009149e-01  -1.4220937e-01   1.7090968e-01   4.3899324e-01  -2.5731330e-01  -1.5864954e-01   2.0080429e-01  -8.1127647e-02  -5.3035529e-01  -1.1403550e-01  -4.1617765e-01  -3.6127123e-01   4.2787386e-01   4.1235153e-01   3.1385679e-01   4.9047766e-01
  -1.6369486e-04   1.2275112e-01   1.5140770e-02   1.6297068e-01  -2.3362213e-02  -1.9695505e-01  -2.0622620e-01   0.0000000e+00   2.2165535e-01  -2.4021706e-01   2.5021863e-01  -1.3087056e-01  -1.3867714e-01  -4.4752386e-02   2.7989213e-01   1.3633090e-01   7.1508205e-02  -1.5447121e-03  -4.2677630e-01   2.5875879e-02  -1.2052527e-01   6.0092305e-02  -1.3124360e-02   2.8204046e-02  -1.1761138e-01   2.8704266e-01   2.3581769e-02  -4.5505133e-02  -9.3312076e-02  -2.7644598e-02   1.2552546e-01  -1.7403921e-01   6.9258383e-02  -1.9883468e-01   2.6762978e-02   1.0718421e-01  -8.1216181e-02   7.2311451e-02   1.3134815e-01   2.8696133e-02  -3.0483966e-02  -1.3122258e-01  -1.8899599e-01   1.1358886e-01   1.8715732e-01   4.2819684e-01  -4.7690131e-02   1.6117205e-01  -1.5468869e-01   5.5079474e-02   8.3462588e-02   4.2905968e-02  -1.7487030e-01  -5.4159667e-02   7.5515275e-02  -2.1143543e-01  -3.2168108e-02   5.7016909e-02   2.8372568e-01  -3.7725012e-02   1.1926537e-01   1.4119628e-01  -1.7291695e-01   4.5032057e-01   4.0081492e-02  -1.7676181e-01  -8.9276297e-02   1.0444605e-01  -1.3211817e-01   1.9603309e-01   5.9775549e-02   1.1915976e-02  -3.6838078e-01  -4.9655423e-02  -2.1752929e-01   2.2603041e-01   1.4026491e-02   2.3214578e-01  -2.2623561e-01  -3.5959808e-02   1.5288778e-01  -1.6994257e-01  -1.7397542e-01   1.9352192e-01   2.0835604e-01   7.4299903e-02  -1.0469991e-01  -4.4733831e-02   1.4138200e-01   1.6769021e-01  -2.3387271e-01   3.5884052e-01   1.9213574e-01  -3.2904932e-01   1.7047267e-01   4.7895592e-02  -4.7786781e-02   2.5811610e-01  -1.8695491e-02  -1.9121158e-01   4.6399971e-02  -2.1784842e-02   3.1145287e-01  -1.7404325e-02  -9.2875940e-03   9.5474738e-02  -1.2513662e-01   8.3583492e-02  -1.3443762e-01  -1.2440916e-01  -3.6704288e-01   3.8728962e-03   6.8161225e-02   2.8408277e-01  -2.2662360e-01  -1.6220528e-02   1.1529234e-01  -2.5949876e-01   2.0787184e-01  -9.9769041e-02  -1.2442867e-01  -1.4988917e-01  -2.6351341e-01  -5.1081352e-03   3.8303734e-01  -1.5578928e-01   9.5501758e-02  -3.4943081e-02   3.1023176e-01   2.6074735e-01  -1.9034537e-01   1.1727551e-01  -6.0380114e-02   1.1104337e-01  -1.1809908e-01   3.3253376e-01  -5.5664692e-02  -1.8110603e-01   1.8562833e-01  -4.7893416e-02   2.0515983e-01  -2.2802976e-01   2.7246471e-02  -3.0177450e-01   2.1261059e-01   3.3074991e-03  -2.1793026e-02  -4.2839932e-01  -1.6184235e-01  -1.0068228e-01   1.0776197e-02   4.2894465e-01   1.5383156e-01   3.5743963e-01  -9.7123390e-02  -6.0239950e-03   3.5562587e-01   1.9418483e-01   1.8606139e-01   7.9113385e-02   1.1935601e-01  -7.3654165e-02  -1.0271718e-01   1.1758950e-01   1.9371538e-01   2.9766232e-01   1.4083006e-01   8.9076199e-02   1.9652273e-01   7.4152687e-02   2.1379607e-02  -2.3522414e-01   5.8998984e-02  -1.2940885e-01  -2.2021062e-01  -3.1876465e-02  -2.0382316e-02
  -3.9336665e-01  -1.3492825e-01   6.8146518e-02  -9.3411976e-02   5.0440182e-01  -2.0786775e-02  -1.2009805e-01   2.2165535e-01   0.0000000e+00   5.3034652e-02   3.2581708e-01   1.6916095e-02   4.0612410e-02  -2.3160569e-01  -8.5628241e-02  -2.7123470e-01   1.3265582e-01  -1.8839213e-02  -1.8952657e-01   3.9413625e-01  -3.5337299e-02   1.0611102e-01   5.4484431e-02  -9.7421525e-02   1.7658135e-01   3.6908517e-01   1.6513655e-01  -7.5353511e-02   1.4618769e-01  -2.0287613e-01   3.0490051e-01   6.3652521e-02   1.2446302e-01   2.3352845e-01   7.5660513e-02   2.5697027e-01  -1.0020440e-01   8.8971398e-03   9.6194099e-02   2.4551678e-01  -2.7449949e-02  -2.2049413e-01   1.0407883e-01  -1.0577662e-01   2.1318348e-01  -8.4806584e-02  -2.1626955e-02   1.7759606e-01   1.6359946e-01   2.2996597e-01   1.7656960e-02   3.5428239e-01   7.2027823e-02  -2.3602932e-01   1.9614448e-01  -1.0012571e-01  -2.1881772e-01   2.2896010e-03  -1.0201879e-01  -2.1829206e-01  -6.8010405e-02   4.2814746e-01   1.5424613e-01   2.4847278e-01  -9.0185382e-02   2.5634638e-01  -1.7636059e-01   3.8921918e-02   8.2316134e-02  -1.5472786e-01   3.4033864e-01  -2.9417412e-01  -2.8301931e-01   8.1192589e-02  -2.3149611e-01   5.6664462e-02   1.3626324e-01   5.6447525e-02   3.4949908e-01   2.6492565e-01  -1.3963844e-01  -3.3929143e-03  -4.4067181e-02  -3.0030857e-02  -2.1419744e-02  -4.7686195e-03   3.0674213e-01  -4.1872901e-02   1.3512645e-01   3.6670563e-02   2.3416650e-01  -1.9595380e-01   8.8512098e-02   3.2759025e-01  -2.6735944e-02   6.0523889e-01   1.1979672e-01  -7.6708685e-02   1.1232875e-01   8.2205602e-02   1.7103813e-01  -1.1986716e-01   5.4330525e-02   2.8675168e-01  -3.5720497e-01  -1.5262087e-01  -2.5129370e-01  -1.3904223e-01   2.3129693e-01  -2.5877896e-02   1.6877784e-01  -1.5291095e-01  -1.9709792e-01  -3.0907035e-01  -7.3920855e-02   4.0732600e-01   2.5286678e-01   1.3025814e-01  -1.2635118e-01  -1.6120473e-01  -2.9200058e-01   8.5291945e-02   3.9923327e-01  -9.3017284e-03  -1.9853462e-01  -3.4315898e-01   1.4484485e-01   8.5407007e-02   2.1901348e-01  -8.2134173e-03  -4.1472329e-01   1.4210243e-01  -2.6419304e-01   2.6677256e-01   3.3467176e-01   1.1060181e-01   1.8784123e-01  -6.7321503e-02   3.1201581e-01  -3.8207971e-01  -2.5698581e-01   1.1798162e-01   6.4726872e-02  -3.4554919e-01   3.4884679e-02   1.2220374e-01   3.6090014e-01   7.1874279e-02  -1.7015197e-01   2.6442819e-01   1.1039541e-01   2.6317226e-01  -3.4485666e-01   3.6797049e-01   1.5142748e-01  -1.3587652e-01  -3.1129406e-01  -2.1271656e-01   9.8960387e-02   1.6064739e-01   2.4129892e-02   2.7897431e-01   2.0446429e-01  -3.8954145e-02   1.9356127e-01   8.5138055e-02  -2.0292557e-01   8.5351982e-02  -1.9952747e-02   7.3015457e-02   4.8781922e-01  -2.0165468e-01  -5.1396305e-02  -3.2748497e-01   6.3278350e-02  -7.7502942e-02   5.2811853e-02
  -1.3298318e-01   3.1673578e-02   7.5284799e-02  -2.2916758e-01  -4.7136991e-02  -1.0403876e-01  -2.2371216e-01  -2.4021706e-01   5.3034652e-02   0.0000000e+00   2.9513060e-01  -4.7082933e-02  -9.4639634e-02  -7.4627828e-03   2.5096599e-01  -1.5653190e-01   4.4439953e-02   3.5052079e-01   1.6845028e-01   5.6052624e-02   3.7625719e-01  -3.1495457e-01   1.5261839e-01  -2.7305485e-01   4.0434977e-02  -4.8526027e-02   3.6263465e-01  -8.1918655e-02  -8.4003889e-02  -2.8086889e-01   3.5840791e-01   8.1666231e-02   3.8410763e-01   2.8558125e-01   3.0197057e-01  -1.4684336e-01   2.0071400e-01  -9.4938703e-02   1.4587588e-01   5.2153083e-01   1.1680107e-01   2.9381644e-01  -1.6576835e-01   1.3374206e-01   2.9273103e-02  -1.9059972e-01  -1.5727911e-01   9.3157030e-02  -2.1622622e-01   1.9052303e-01   2.4344487e-01  -2.3873689e-01   4.7319386e-01   2.0301476e-02  -8.1476585e-02   3.1906247e-01  -2.3414481e-01  -1.7944624e-01  -8.4587648e-02  -1.9097795e-01  -1.7952710e-01  -4.1551010e-01  -2.4804451e-01   2.5285807e-01   2.4960548e-01   2.7439515e-01   4.3392248e-02   3.2078262e-01   2.5052293e-01  -9.6485850e-03   2.5850838e-01  -2.2475943e-02   1.9298540e-01  -2.7565153e-01  -3.0682760e-01  -9.9207378e-02  -4.9484503e-02  -5.7265087e-02  -4.4683323e-02  -2.0059927e-01   1.2439606e-03  -1.9829645e-02   1.3817719e-01   4.9088213e-02   6.7831821e-03  -9.2547500e-02   2.3592621e-01  -2.2865117e-02  -5.5516286e-02  -5.8049104e-01   1.1802175e-01  -1.3842524e-01  -6.8334226e-02  -7.5757600e-02  -1.8119499e-01  -3.9517959e-02  -2.5121039e-01  -2.5652965e-01  -3.0509960e-01   2.7818741e-01   4.4032340e-01   1.3340959e-01  -4.7391375e-02  -9.2590890e-02   2.0602542e-01  -2.3017752e-01  -1.1748978e-01   6.0219567e-02  -3.7757714e-01  -1.6985813e-01   1.2204816e-03  -9.1025111e-02  -1.6813934e-01  -8.2324079e-02   5.7560354e-01  -2.7745974e-01   8.6780992e-02  -1.3321889e-01   2.6081050e-01  -1.7865335e-01  -1.4412235e-02   2.2574255e-01   2.1093190e-01   1.0207642e-01  -1.7778048e-01   1.9735600e-03  -3.5372049e-01   8.5008567e-02  -1.7247353e-02   6.4581802e-02   1.0104981e-01   2.4204288e-01   2.0637808e-01   2.3303788e-01  -4.0520883e-01  -2.7316401e-02  -3.8262972e-01   4.2751879e-01  -1.3735578e-01   2.0405906e-02  -1.5603114e-01  -3.1046924e-01  -2.4203868e-01  -1.4753885e-01  -5.1352802e-02   1.7865379e-01   3.8946880e-01   2.4582822e-01   1.8581553e-01   1.3223771e-01  -2.7915388e-01   1.5116426e-01  -4.7293124e-01   1.6729931e-01   5.4800914e-02  -3.3415766e-01  -4.9747342e-02  -3.6728488e-01  -2.3463937e-01  -3.1149822e-01  -9.9271758e-02   1.6103290e-01   4.4196297e-01   3.8474370e-02  -2.3137244e-01  -2.7499357e-02  -2.1851815e-01  -3.8924152e-02  -1.9734516e-01   2.3556290e-01  -4.0749025e-02   2.9554149e-01   2.6535445e-01  -1.6859566e-01  -3.0768737e-01  -5.8017472e-02  -3.3771210e-01
  -4.2192840e-01  -1.8439694e-01  -2.0412087e-01  -1.9258166e-01   1.4457014e-02  -1.6136274e-01  -1.3363851e-01   2.5021863e-01   3.2581708e-01   2.9513060e-01   0.0000000e+00  -1.6871746e-01   1.2400559e-01   7.1292110e-02   2.6771155e-01  -1.9948359e-01  -2.4073216e-02   5.9892358e-01  -1.5742962e-01  -2.4203312e-01   2.2767239e-01  -1.0076046e-01   5.3649844e-02  -1.1188241e-01  -1.5659477e-01  -4.4176833e-02   9.0691861e-02   9.1191225e-02  -3.2086724e-02  -1.9701138e-01   6.1968774e-01   8.7276376e-02   1.4644791e-01   4.6157325e-01   1.7048290e-01   8.2354762e-02   8.1337804e-02   1.5792006e-01   2.7048638e-01   2.7058832e-01   2.7780785e-01   2.6552560e-01  -4.1972893e-01   3.1404499e-01   2.4321329e-02  -1.9447049e-01   3.4775756e-01   3.0873751e-01  -1.2179027e-01  -2.4754048e-02   5.7590964e-01  -1.8644348e-01   1.9522829e-01  -4.2998665e-02   8.5285105e-02   4.8597051e-01  -2.8081730e-01  -3.7363473e-01   2.6108991e-01  -2.4838074e-01  -6.7079060e-02  -1.4678347e-03  -3.5062026e-01   5.7312152e-01   2.2736793e-02  -5.0553853e-02  -1.4333634e-01   1.4344525e-01   2.5391195e-01  -2.2371131e-02   2.6353946e-01  -2.8780642e-02  -1.2493086e-01  -4.3115176e-01  -2.4486634e-01   6.4589832e-02   2.8058992e-02   2.5343798e-01  -3.2526962e-01  -1.3412133e-02   2.3070960e-01  -7.8565317e-02  -4.2713433e-02   1.1314340e-01   8.5044594e-02  -8.2934524e-03   3.6522519e-01  -6.3964580e-02  -1.6749480e-01  -2.7214082e-01  -1.7568123e-01  -1.6394734e-01  -9.2835785e-02  -1.0480169e-01   1.6078708e-01  -2.6612347e-02  -2.9997918e-01  -1.8218997e-01  -7.5247490e-02   2.9576195e-02   5.8385378e-01   1.5908999e-01   1.3871111e-01  -2.3442444e-02   8.8830330e-02  -5.1649564e-02  -2.5730138e-01  -1.3626125e-01  -1.3168630e-02   6.0152494e-02   9.8531138e-02  -3.2138184e-01  -2.7099205e-01  -3.3548887e-01   5.1607189e-01  -1.9413776e-01   1.4029349e-01  -1.3411655e-01   3.9228278e-01  -2.9755872e-01  -4.2454503e-01  -2.4084696e-01   5.0058435e-02   1.1412316e-01  -2.6092952e-01  -1.3017037e-01  -9.7577596e-02  -8.0726446e-02   1.8533260e-01   3.0034831e-01   1.8408181e-02   2.3701566e-01  -3.4878996e-01   3.9257050e-01  -1.4942612e-01  -1.9077723e-02  -1.5889652e-01   4.4356000e-01   4.0102407e-01  -3.0118093e-02  -1.4400763e-01  -7.2830781e-02   4.3372982e-02  -1.7344737e-01   2.6110472e-01   4.2290357e-01   3.3088946e-01   2.1532913e-02   6.5786766e-02  -6.5119095e-03   9.4416972e-02   4.8580518e-01  -2.6044154e-01   3.3204807e-01  -9.3856922e-02   6.8132342e-02  -1.7894507e-02   2.0350134e-02  -1.3591063e-01  -9.8443550e-02  -3.0276521e-02   4.6442712e-01   3.3135555e-01   4.0538231e-01  -1.1635014e-01  -1.4089517e-01  -4.4901048e-02  -1.0557055e-02  -3.4827341e-02  -5.1085426e-02  -2.1931416e-02   5.8971828e-02   3.2972448e-01  -2.3306172e-01  -1.9114909e-01  -2.4373997e-01  -1.4549692e-01
  -6.2225561e-02   4.3722243e-01   4.3002328e-01   1.2616653e-02   2.3947889e-01   3.7858546e-01   3.1771785e-01  -1.3087056e-01   1.6916095e-02  -4.7082933e-02  -1.6871746e-01   0.0000000e+00   1.8617756e-01  -1.2273149e-01  -1.1362134e-01  -1.8904515e-01   3.5566132e-01  -6.2556398e-02   5.1618905e-01   2.8991329e-01  -2.3155205e-01   1.0407021e-02  -7.3186551e-02  -2.2399885e-01   2.0546944e-01  -1.2731332e-01   2.5359982e-01  -1.7302199e-01   2.4942925e-01   2.6633695e-01  -2.4886193e-01   1.0922860e-01  -7.5183890e-02   4.7327916e-03  -4.3960024e-02   4.7500706e-01  -4.8148847e-01  -2.4321648e-01  -8.6485829e-02   7.7404553e-02   1.3729591e-01   6.2304713e-02   1.2520327e-01   9.8131804e-02  -4.7734416e-02  -4.1582392e-02   1.2313273e-01   1.5252167e-01  -1.4075120e-01   2.1306751e-01  -2.6137710e-01   5.4436254e-02  -2.2232557e-01  -9.4898208e-02  -1.7270652e-01  -3.0191999e-01   1.3621790e-01  -3.2350481e-02   5.4060087e-02   3.7236521e-01  -3.1265467e-01   1.9451595e-02   3.8418547e-01  -2.9391306e-01  -2.7165079e-01   1.3295738e-03   3.9627994e-01   4.9081362e-02   2.8061891e-01   3.3484990e-01   4.6288227e-02   1.0991338e-01   1.2451605e-01   1.3771209e-01  -1.4448305e-01  -7.6054731e-02  -2.5779609e-01   5.4961333e-02  -4.8638087e-02   3.9697417e-01   2.5044179e-01  -1.6557950e-01   4.8162295e-03  -1.6551679e-02   3.8622587e-01   4.9371613e-02  -3.1067797e-01  -1.4999503e-01   3.0586920e-01  -3.2538631e-02   1.7992025e-01  -5.3970412e-02   3.1605807e-01   2.8461543e-01  -1.4634919e-01   6.8333940e-02   3.2991073e-01   3.3142825e-01   2.5634604e-01  -3.2362978e-01  -1.5923250e-01  -1.0635690e-01  -4.4038755e-02   6.2302324e-02   2.2770724e-01   7.3423313e-02   5.0010451e-01   3.7577640e-01  -3.3835450e-02   4.4807763e-02   6.9883472e-02  -6.1335133e-02   1.0380740e-01  -6.0206656e-03  -1.4923391e-01  -5.1064917e-02   4.9344103e-02   6.1629384e-02  -1.5250915e-02   1.0027095e-01   1.1601175e-01  -1.9966795e-01   2.2055212e-01   4.9291912e-02   7.9375569e-03   1.6101826e-01   1.4385286e-01  -1.9079401e-01  -1.3772780e-01   1.1173129e-01   3.4410979e-01  -3.9399448e-01   3.1557995e-01  -4.2371693e-01   7.9948554e-02  -2.6962669e-01  -4.1447132e-02  -1.9449358e-01  -2.4049352e-01  -1.7218710e-02  -1.4338882e-02   2.0898507e-01   4.0123419e-01   1.9373656e-01  -7.6818782e-02  -1.7384014e-01  -3.7160280e-02   8.1883792e-02   2.4330610e-01  -1.8545733e-01   1.5568488e-01  -2.7127354e-01  -1.1468942e-01  -1.4594516e-01   5.1129677e-01  -5.5917922e-02  -1.3170206e-01  -1.1979988e-02   2.3675003e-01  -1.2106300e-01   3.3178512e-01   3.4036228e-02  -2.1235539e-01  -1.7303063e-01   1.6643082e-01  -1.6375388e-02   2.5933668e-01  -1.2713089e-01   5.7815910e-02  -4.5584717e-03  -1.0030497e-01  -7.4158324e-02  -3.0893523e-01   5.5935863e-01   2.2474731e-01   4.5223976e-01   1.4031988e-01
  -1.3302437e-01  -3.0072356e-01   7.5020611e-02  -1.2385997e-02   2.4984252e-01   1.1725368e-01   2.2033851e-01  -1.3867714e-01   4.0612410e-02  -9.4639634e-02   1.2400559e-01   1.8617756e-01   0.0000000e+00   1.0250594e-03  -2.6358416e-01  -5.8916433e-02   1.1915984e-01  -1.2299053e-01   1.5074116e-01  -8.2185939e-02  -3.7644681e-01   2.1202037e-01  -1.7814653e-01   3.0650830e-02  -1.9672588e-01  -3.0816027e-01  -1.7103301e-01   4.7964914e-02   4.0282400e-01   2.6242675e-01  -9.3790603e-02   3.3754597e-01  -2.2666887e-01   2.3215195e-01  -1.4628979e-01   3.7463408e-01  -1.8596484e-01  -1.0493347e-01   1.4011978e-01  -2.3350215e-01   4.2334269e-01  -1.0990438e-01  -7.2489502e-02   1.7947610e-01  -3.6399934e-01  -2.6141183e-01   2.6975636e-01  -3.1715862e-02  -6.6323193e-02  -1.3425689e-01  -1.7537761e-01   1.3528099e-01  -9.0633801e-02  -4.9471191e-02  -1.1308379e-01  -8.6387340e-02   2.8104275e-01   3.7600188e-02  -1.0237325e-01   5.2350834e-02  -1.3974799e-01   1.8129471e-01   5.9877153e-02  -2.1425192e-01  -5.4848244e-01  -2.3709852e-01   7.3398372e-02  -1.4897109e-01   3.3420703e-01   1.1369151e-01  -2.6463400e-01   7.0430364e-02  -6.3763214e-02   1.9105667e-01   7.9538051e-02  -8.8776162e-02   3.5552412e-01  -5.1422059e-03   5.6921696e-02   2.2374692e-01  -3.8647865e-02   9.5257243e-02  -1.3858390e-01   1.4013698e-01   3.8683255e-02   1.7397361e-03  -2.0433725e-01   1.9020942e-01  -1.1553133e-01   2.1560456e-01   2.2572201e-01  -1.4981584e-01   2.6491455e-01   3.3341925e-01   1.4691650e-01   6.1250610e-02   3.1867046e-02  -6.1002990e-02   2.0388472e-01  -2.1564036e-01  -1.1658991e-01  -1.3615148e-01  -1.2598926e-01  -3.1437213e-02   9.3277583e-02   2.2864878e-01  -7.6683174e-02  -2.0044645e-01   2.5731510e-01   2.3516350e-01   2.1600341e-01  -4.2414759e-02  -5.8251156e-02  -4.2356776e-01  -1.7856477e-02   1.5787140e-01  -4.4482784e-02   3.3687220e-01  -1.2937503e-01   1.3219594e-01   6.9406816e-02  -2.8605976e-01   3.3714936e-01  -3.7873803e-01   4.2500845e-03   1.5115977e-01  -4.0040529e-02  -1.4183376e-01   7.2781427e-02   3.3523920e-03  -9.7765962e-02  -2.9079078e-01  -2.5636057e-01  -2.3430497e-01   3.5040962e-01  -1.7273680e-01   5.7694483e-02  -1.0967415e-01   2.4109150e-01   1.2897084e-01  -8.9339303e-02   3.3041952e-01   1.7538279e-01   3.0266778e-01   4.8236812e-02  -2.1881411e-01  -5.5012721e-03  -1.9921297e-02  -9.7439116e-02  -1.8060751e-01   5.0531247e-01  -1.0290789e-01  -1.4728252e-01   1.2182243e-01   2.4094342e-01   4.5921198e-01  -1.6887549e-01   1.3420812e-03   1.8686737e-01   8.5966533e-02  -1.0671580e-01  -2.0350286e-01  -5.7297144e-02   1.9231280e-02   1.9202584e-01  -1.0093350e-01  -1.7669856e-01   1.8940007e-01   3.6530411e-01  -2.7011210e-01  -1.7303998e-01  -2.1609021e-01  -2.9559538e-01   2.0362103e-01   2.8850286e-01   1.4186907e-01   4.1967849e-01
   2.9509928e-01   1.6002106e-01   5.3891135e-02   7.7527503e-02  -3.3802740e-01   1.0511716e-01   2.9361083e-01  -4.4752386e-02  -2.3160569e-01  -7.4627828e-03   7.1292110e-02  -1.2273149e-01   1.0250594e-03   0.0000000e+00   3.2575246e-01  -6.5918151e-02  -1.0321826e-01   5.8736303e-02  -1.1460728e-01  -8.9647798e-02  -7.7534154e-02   2.0753221e-01   3.2055172e-01   1.8639181e-01   9.4121174e-02  -1.1011268e-03  -2.0765666e-01   3.3381397e-01  -1.7355720e-02   3.1265368e-01  -1.5842401e-01   6.7580139e-02   3.6728408e-02   9.7541131e-04   2.2314670e-01  -2.0807887e-01   9.8689832e-03   2.6792599e-01   8.7920759e-02  -7.8312305e-02   2.2666320e-01   2.7806897e-01   7.6036521e-02  -7.6898368e-02  -8.2095430e-03  -7.9611324e-02  -1.8166795e-01   1.3003892e-01   3.5674445e-02  -2.6769595e-01  -2.1829041e-02  -3.5454881e-01   5.8567615e-02  -1.6551698e-02   1.4292763e-01   8.0385428e-02   1.3991164e-01  -4.3350506e-02   2.1222408e-01   2.1389462e-01   3.4793269e-01  -2.2331810e-01  -7.3476639e-02  -4.3806623e-02  -7.2872545e-02  -3.3323427e-02   1.8698325e-01  -6.7353054e-02  -5.3696218e-02  -8.5479069e-02  -1.6846370e-01  -7.3468933e-02   1.5876916e-01  -1.8043963e-02   2.6725076e-01   1.5096980e-01   2.3890137e-01  -1.9157656e-02  -2.0207590e-01   1.0414617e-01   3.6508131e-01   1.1987690e-01  -1.0978870e-01   3.1424623e-01   5.6888426e-02   2.5938642e-01   3.4614122e-02   1.0339484e-02   3.1013527e-02   5.6647850e-02  -8.0559029e-02   2.4646476e-01   9.4980566e-02  -1.5598303e-01  -3.6807799e-03  -1.9488999e-01  -1.5352651e-01   8.9056194e-02  -1.2859057e-01   1.3185657e-01   2.3156272e-02   1.7170840e-01   3.1978791e-01  -2.2901265e-01  -1.4613009e-01   4.9334695e-02   2.7378208e-01  -9.7642982e-03  -1.9407757e-01   5.0335060e-02  -2.5786556e-01   2.1761695e-01  -1.2458472e-01   1.5199680e-01   1.3620312e-01  -8.5514290e-02  -1.2994231e-01  -1.0769710e-01   2.8174909e-01   9.1287280e-02  -6.1412140e-02  -7.7171678e-02  -1.0807710e-01   7.9306835e-02  -9.0910568e-02   4.7313683e-01   1.2919740e-02  -1.1689271e-01  -1.2785243e-02  -6.7364759e-02   1.3301756e-02  -5.7945173e-02   2.0488263e-01   6.7514845e-03  -1.1786244e-01   1.5319876e-01   2.3728981e-01   6.8829509e-02   2.3469693e-02   3.6811530e-01   1.8377715e-01  -1.0480397e-01  -2.6324677e-01   2.9134014e-01   1.8842308e-01   3.5124109e-02   7.7981910e-02  -1.2521407e-01   1.9694826e-01  -2.0069774e-01   1.1936344e-01   3.9174159e-01   1.7193983e-01  -2.2108730e-01  -1.8625574e-02  -2.7463048e-02   3.5811950e-01   3.0418988e-01  -1.8017224e-01   2.9887058e-01   4.4306161e-02  -1.7186464e-01  -7.3668695e-02   1.0143862e-01  -1.3197703e-01   5.6000289e-02   1.3711253e-01   1.2753765e-01   5.5839037e-02  -7.5449778e-03  -1.1794361e-01  -1.1494213e-01   2.8674907e-04   1.1056299e-01  -4.9711481e-02  -1.2041336e-01  -1.0544377e-01
