   0.0000000e+00   3.1427003e-01  -2.4246337e-01  -1.5746861e-01   2.4988726e-01  -7.3220925e-02   8.0029301e-02  -1.6576373e-01   2.0907083e-01  -1.0089507e-01   7.1243797e-02   1.4924533e-01   2.5521239e-01  -3.9394777e-02  -3.2083117e-01   2.9139971e-02  -2.0405738e-02  -5.1706781e-02  -4.2232987e-02  -1.2854042e-01  -2.0480099e-01   1.1867695e-01  -1.6338420e-01   1.1223505e-01   3.3099851e-02  -2.1418471e-01  -2.4320285e-01   3.1495112e-02  -1.0330791e-01   2.6974476e-01  -2.6520999e-02  -1.6061991e-01  -1.5977503e-01  -5.1763904e-02   7.9093002e-02   1.6170644e-01   1.0267901e-01   5.5811021e-02  -7.5191580e-02   9.1441258e-02   6.0139695e-02   7.0315259e-02   3.2696571e-01   1.6162086e-01   2.4143906e-01   1.6677743e-01  -6.9775272e-02   4.2145961e-01   1.0872687e-01  -1.0122630e-01  -1.1414794e-01   1.4505594e-01   3.0586609e-01  -1.2187699e-01   4.0126019e-02  -1.1410988e-01  -1.1805084e-01   8.8830588e-03  -1.5512102e-01   2.9538916e-01  -2.1741722e-01   1.7076137e-01   5.7548669e-02  -2.3868932e-02   1.3105936e-01  -8.4214197e-02   1.6434296e-01  -7.7764215e-02  -6.9612788e-02  -1.0055169e-01   3.6824123e-01  -5.5494717e-02   2.7616280e-01   3.0495942e-01   7.0969918e-02   9.8120463e-02  -8.9555907e-02  -1.0007690e-01   1.9567845e-01  -2.3570094e-01  -5.6249387e-02  -1.7456343e-01   2.0511565e-01  -1.9454778e-02   2.7292449e-01  -4.6521263e-02   1.9157920e-01  -2.0008990e-01   1.2536858e-01   1.9917347e-01   2.7366297e-01  -1.3326769e-01   1.9613586e-02   2.9355433e-01  -1.1230889e-01   1.7138085e-01  -2.0078138e-01  -1.7359724e-01   2.8799426e-02  -6.5758495e-02  -1.8415610e-02   1.6987450e-01  -3.5199812e-01   1.0567522e-01   1.6341642e-01   2.2204970e-02  -5.6323545e-02   4.0175387e-02   8.6501180e-02   9.4011546e-02  -1.2408534e-02   1.9849252e-02  -2.6282622e-01   7.8520383e-02  -7.2270310e-02   4.8244960e-02   3.5412320e-02   1.2883769e-01  -1.1112155e-01   3.0436975e-02   5.7277992e-02   4.6959643e-01   1.6130332e-01   1.6455182e-01   1.6081153e-01   1.5605353e-01  -2.9722322e-02  -3.0304805e-01   2.1968458e-01   5.2262260e-02  -1.1861900e-01  -1.8430117e-01   5.3027320e-02   1.4924110e-01   2.5685902e-01   3.4316104e-02  -2.2540889e-01  -2.7962242e-02  -9.1978577e-03   4.7788706e-01   6.8996118e-02   1.7534212e-02  -1.3308282e-01  -3.5819003e-01  -1.6685212e-02   1.0977657e-02   9.8246148e-02   3.2335889e-02  -5.0967280e-02  -3.4152307e-02  -1.4744639e-01  -6.2835479e-02  -1.3822571e-01  -1.0012399e-02   2.8485144e-01   5.2554974e-02  -2.3103086e-01   2.5808123e-02   6.0807635e-02  -1.4049906e-01  -2.9019172e-01  -2.9765668e-01   1.0053332e-01  -2.4878512e-02   5.8055021e-02   1.7638554e-01  -9.8543701e-02  -1.6371514e-01   4.2995220e-02   2.5394856e-01   1.4775834e-01  -2.9716440e-02  -1.6182432e-01  -1.1789348e-01  -2.6020111e-01  -2.1154290e-01  -2.3295512e-01
   3.1427003e-01   0.0000000e+00   3.7025974e-01  -3.6319378e-01   3.2206167e-01  -2.8300177e-02   6.6999125e-02  -1.6652968e-01  -1.4588693e-01   2.6417373e-01   2.2261641e-01   3.5151785e-01   2.0374260e-01  -1.5351699e-01  -8.4670479e-02   1.4464100e-01   5.0676059e-01  -8.2672691e-02   1.5832915e-01   1.8928772e-03  -2.5051392e-01   8.0554370e-02  -6.7843453e-02  -1.4228964e-01  -1.2822617e-01  -2.2623328e-02  -1.3430216e-01   9.8014465e-02   1.7324939e-01   3.0112474e-01  -9.1912056e-02   1.2861005e-01  -2.4170700e-01   3.7314028e-02   7.9427339e-02   2.7936907e-01  -1.8436146e-02   2.0859414e-01  -1.9361512e-01   3.9675074e-01   1.7380389e-01  -2.4106368e-02   3.5759149e-01  -1.8053793e-02   9.4877326e-02   3.2648911e-01  -4.3984422e-02   2.5138080e-01  -2.3145204e-01   3.5970452e-01  -1.9591833e-02   2.2145832e-01   1.4375087e-01   4.1677126e-02  -3.3706826e-01   7.2311717e-02   1.0703481e-01   1.7023100e-01  -2.0356118e-01   3.3494992e-01   1.7128436e-01   3.1966415e-02   2.3959918e-01   7.8243763e-02  -8.7364996e-02  -5.1752625e-02   9.6071576e-02  -2.0862233e-01   1.6267630e-01   2.5687561e-01   4.6238622e-01  -9.5105867e-02   1.5011775e-01   4.2464132e-01  -1.0528699e-01   1.5723614e-01   9.6712969e-02  -1.3987446e-01   3.0326005e-01  -2.2134638e-01  -2.4176156e-01  -2.1966674e-01   6.4967309e-02   2.1228296e-01   3.3256501e-01   3.5083985e-01   2.2908982e-02  -4.9715722e-02  -1.6952296e-01   1.2870814e-01   4.2946618e-01  -1.0851522e-01   1.1272371e-01   1.8622371e-01   3.9847168e-01   2.2420892e-01  -1.4100427e-01   2.0024636e-01  -3.5129863e-01  -2.0088300e-01   3.9796190e-01   2.0656079e-01  -8.9935159e-02   3.2958879e-02   1.6659916e-01   6.5500246e-02  -3.1853661e-01   8.7162920e-03   4.4536728e-03  -3.1144010e-02  -6.6095805e-02   4.0796833e-02  -1.9768805e-01   1.2882289e-01   1.0141698e-01   4.9146176e-02  -7.6890929e-02   2.6205804e-01  -1.8150862e-01  -5.4703055e-02   9.5936498e-02   5.0138529e-01   1.4917427e-01   1.0459033e-01   3.3385879e-01   3.3963574e-02   1.2493959e-02  -1.6620173e-01   2.4875934e-01   3.1988224e-01   4.4936961e-02  -2.0648268e-01  -3.2503228e-02   1.4286170e-02   1.9257212e-01   2.9755592e-01  -1.4204073e-01   8.8517708e-02  -5.8745273e-02   4.6948787e-01  -6.3980648e-02   3.3715710e-03   1.1766539e-02  -7.2296418e-02   2.0346566e-01   1.0991954e-01   3.2320285e-01   9.3245325e-02  -1.4715064e-01  -1.8344553e-01   2.1091107e-01  -1.5771860e-01   8.5801376e-02   4.2799052e-02   5.9685843e-01   3.6425573e-02  -2.0733648e-01   3.5824712e-01   1.3401557e-01  -1.5587652e-01  -4.9803798e-01   1.0932959e-02   1.6686630e-01  -3.8744165e-02   1.0993640e-01  -2.1845960e-02  -2.0850061e-02  -2.6581510e-02  -1.5353134e-01   3.4167481e-01   1.4336274e-01   1.9299933e-01  -3.0818519e-01   2.6016708e-01  -5.2065080e-02   9.4616214e-02   2.0060058e-02
  -2.4246337e-01   3.7025974e-01   0.0000000e+00  -3.2090140e-01  -2.3041071e-01   4.6735107e-01   1.1178679e-01  -1.6523234e-01  -3.2031669e-01   1.7879900e-01   2.5065651e-01   5.0717228e-01  -1.0957153e-01  -3.6999175e-01   3.2580765e-01  -6.8863784e-02   6.2593610e-01  -1.0017960e-01   3.7910921e-01   1.5725079e-01  -2.6547357e-02  -8.2149109e-02   5.9331892e-02  -1.5298302e-01  -1.6062101e-01   3.2672388e-01   2.6512182e-01   2.4841120e-01   1.8939946e-01  -1.6320314e-02   2.0476221e-02   1.1153833e-01  -1.4897796e-02   3.9544100e-01   6.1733178e-03   1.8799565e-01   4.6579920e-02   1.0154715e-01  -1.8619778e-01   4.2648603e-01  -1.5963471e-01  -1.3612674e-01   2.2176534e-01   1.1456355e-02  -1.8810340e-02   4.1696237e-01   2.0420469e-01   2.6599618e-05  -5.0633809e-01   3.3308548e-01   3.2229346e-01  -4.2343537e-02  -1.2203895e-01   7.7100197e-02  -3.0789809e-01   2.4613556e-01   3.4789714e-01   2.9285987e-01   1.3115066e-01   1.7235141e-01   3.8900803e-01  -1.1423097e-01  -1.3738425e-01   1.2967560e-01  -3.6206749e-01   1.0307652e-01   2.8046064e-01  -1.6312420e-01   2.0876271e-01   6.5905720e-01   1.0522449e-01  -1.6225962e-01  -1.9554108e-01   1.3116302e-01  -3.9589428e-01  -7.4179968e-03  -4.2890256e-02   1.7199311e-01  -2.4307916e-01  -5.1252889e-02   1.8042791e-01  -2.7911453e-01   1.3153897e-01   3.1319002e-01   2.3823144e-01   2.0709221e-01  -2.9291924e-01   2.2231267e-01  -3.8399557e-01   1.7186098e-01  -1.0386487e-01   2.7584420e-01   3.5053434e-01  -2.0206111e-02   4.4729275e-01  -9.0161624e-02  -1.4818776e-01   7.0452702e-02  -3.3972616e-01  -6.4625866e-02   5.6890987e-01   8.1188286e-02   3.7860324e-01  -4.2202410e-02   2.3695817e-02   1.8205014e-02  -1.2658533e-01   3.7536650e-02  -7.0165901e-02   4.0892637e-02   5.8332379e-02   3.0904284e-01  -1.7183741e-01   1.8122454e-03   3.1817767e-01   5.3698285e-02   1.7360535e-02   3.6445244e-02  -7.1947435e-02  -2.4068177e-01   7.5553503e-02  -1.1162909e-01  -1.9171932e-02  -2.2991674e-01   3.5530555e-01   1.3534203e-01   8.6223551e-02  -1.2418958e-01   6.6622837e-02   5.3165703e-01  -1.4384721e-01   1.1416373e-01   1.2130998e-01  -2.3302872e-01  -1.1332044e-01   2.5930687e-01  -1.6548679e-01  -3.1711028e-02   5.3762234e-02   2.1606207e-01  -2.3249311e-01   3.0699531e-02  -2.5154489e-02   3.3509169e-01   2.7117260e-01   1.3166865e-02   3.7509957e-01   6.3051177e-02   1.4928248e-01  -2.4856465e-01   5.7748236e-01   1.2849590e-01   3.4475526e-01  -1.2004698e-02   3.9874347e-01  -6.6568174e-02  -1.6152556e-01   3.2416514e-01   2.8753805e-01   2.9196268e-01  -2.5049834e-01   2.5583945e-01  -7.8849193e-02  -2.4088990e-01   2.6110953e-01  -1.3012832e-01   2.5087869e-01   2.7991834e-01  -6.7773522e-02   7.1227680e-02  -3.5468516e-02  -4.6046383e-02  -2.2724298e-01   5.5576445e-01   3.2568716e-02   1.6177131e-01   4.1135311e-01
  -1.5746861e-01  -3.6319378e-01  -3.2090140e-01   0.0000000e+00   2.5876370e-02  -1.7266286e-01  -4.5803200e-01  -1.3271025e-01   2.7061310e-01  -5.4760848e-01  -4.1510662e-01  -3.3552890e-01   4.3096386e-02  -8.6132875e-02  -1.4251577e-01   2.1688749e-01  -3.9948275e-01  -5.3538032e-02  -1.3696859e-01  -2.3792550e-02  -2.0967165e-01   1.1266723e-01  -2.8207893e-01   4.6988637e-01   1.8301681e-01  -3.8757844e-01  -2.4134067e-01  -4.9622462e-01  -1.0180345e-01  -3.9369394e-01  -1.4473267e-01  -1.5135376e-01   2.1657001e-01  -4.9181264e-01  -4.1907255e-01  -2.6724661e-01  -8.3381051e-02  -3.9819064e-02   2.5860383e-01  -4.2852968e-01   1.3828298e-01   7.9802352e-02  -2.1689508e-01  -2.9934126e-01  -4.7026566e-01  -3.4367147e-01  -2.9689499e-02  -3.9422697e-01   1.5928764e-01  -8.8455842e-02  -2.5984478e-01  -4.1146916e-01  -3.3848606e-01   2.8960618e-02   9.2104787e-02  -4.0468858e-01   1.0832131e-01  -2.6538690e-01   7.8382102e-02  -2.4726963e-01  -2.5081270e-01   7.0565113e-02   3.9494974e-02  -2.0659366e-01  -1.2760027e-01  -2.7337088e-01  -3.1637931e-01   4.6812700e-01  -2.6473157e-01  -1.3454894e-01  -1.2316507e-01   3.4978650e-01   2.7959221e-01  -2.5925798e-01   3.6201685e-01  -6.0439688e-02  -6.2947806e-02   5.8954796e-02  -2.6131403e-01   1.9903423e-01  -2.5334600e-01   4.6568518e-01  -2.7738929e-01  -1.3807866e-01  -2.8735312e-01  -2.0813754e-01  -2.0569411e-01  -1.1795631e-01   3.2141058e-01  -7.8524742e-02  -2.9656231e-01  -1.0214611e-01  -4.6582916e-01  -1.2711440e-01  -2.3354725e-01  -2.1059639e-01   5.6257167e-01  -2.1946726e-01   4.5993466e-01  -7.6587226e-02  -4.0052769e-01  -2.2950065e-01  -2.9037023e-01  -2.5003606e-01  -1.6857552e-01   1.8286892e-01   2.8986248e-01  -3.0202283e-02   1.3370885e-01  -3.1755342e-01  -3.1194240e-01  -9.7009974e-02   7.2338617e-01  -2.8402825e-01  -3.2381825e-01  -1.4718403e-01  -1.4291373e-01  -8.2875109e-02   1.7008606e-01   4.4425624e-01  -3.2197092e-02  -3.7344158e-01   9.9140960e-02   4.0295091e-02   5.3251472e-02  -1.2963011e-01  -3.9244943e-01   4.5190144e-01  -2.2755448e-01  -5.0526989e-01  -9.3977751e-02  -4.3846082e-02  -2.2998581e-02  -2.0187876e-01   2.2148925e-01  -2.1599606e-01   2.2982622e-01  -1.8205292e-01   7.8790541e-02  -3.5616391e-01   2.7663594e-01   3.2973443e-02   1.0139684e-01  -2.1956875e-01  -3.4936922e-01  -1.0593367e-01  -3.8717138e-01  -2.8729119e-01  -3.8709385e-01  -2.3136704e-01  -2.3364133e-01  -1.8274720e-01  -2.5582332e-01  -4.1119849e-02  -4.1210879e-01   1.2902000e-01   1.7923491e-01  -4.1070097e-01  -9.9317487e-02  -1.3757929e-01   5.9395329e-01  -1.0650371e-01  -4.1994706e-01   6.8043628e-02   2.2160899e-01  -1.5251086e-01  -2.1434753e-01  -5.2346480e-02  -9.7808580e-02  -4.9750752e-01  -3.6815045e-01   5.5946270e-02  -8.7068267e-02  -3.9556564e-01   2.3296677e-01   1.9943218e-01  -7.4919427e-02
   2.4988726e-01   3.2206167e-01  -2.3041071e-01   2.5876370e-02   0.0000000e+00  -2.1046698e-01   1.8948739e-02  -9.9618660e-02   3.1496545e-01   2.7828013e-02  -1.2380982e-01   1.8444744e-01   1.1086580e-01  -4.4614884e-02  -2.3943943e-01   1.6970584e-01   9.5079387e-02   2.1657144e-01  -1.6151635e-01   5.1123657e-01  -1.5968422e-01  -1.5742588e-01  -1.8984047e-01  -8.3458808e-02   3.2868324e-02  -4.2717379e-01  -6.5925058e-02  -1.6672491e-01  -1.0786771e-01   4.6616264e-01   7.7126052e-02  -4.1239665e-02  -2.9308514e-01  -2.6391980e-02  -1.2121033e-01   4.8745767e-01   1.8781623e-01   5.3495759e-02   8.5902911e-02   1.9985210e-01   3.0282122e-01  -1.8232643e-01  -8.2659137e-03  -1.8451784e-01  -1.4172410e-02  -2.7259865e-01   3.1240802e-02   3.4017473e-01   2.2903376e-01   3.8778661e-02  -1.3670044e-01  -1.2897311e-01   4.4039841e-01   1.5251670e-01   7.1565691e-02  -1.7131816e-01  -3.0817556e-01  -3.9548126e-01  -3.1977331e-01   1.1198431e-01  -3.2983860e-01   4.5685111e-01   3.0080825e-01   3.7454120e-02   4.1318817e-01   6.1824618e-02  -1.1252371e-01   1.4476875e-01  -2.3372459e-01  -3.8598470e-01   4.4607637e-01  -2.7482415e-02   1.7300621e-01  -2.8601653e-01   3.4991737e-01  -9.6412612e-02  -2.9750014e-01  -1.2278640e-01   5.1098435e-01   3.0014308e-02  -1.7402620e-01  -8.7670591e-04   1.7657297e-01  -3.0014768e-01  -4.2222690e-01   1.9411581e-01   3.3991923e-01  -2.9238223e-01   1.0628367e-01  -2.9789010e-01   6.4945427e-01  -3.8009541e-01  -1.6394304e-01   1.9513457e-01  -3.3596627e-01   2.2527888e-01   7.1311704e-02   1.2997497e-01  -1.2060474e-01  -1.0167235e-01  -3.8779490e-01   9.9460152e-02  -5.3318082e-01  -1.0161108e-01  -1.2165361e-01  -1.8837716e-01  -1.5293924e-01  -2.4067389e-01   2.3958422e-01   6.7811654e-02   1.6564095e-02  -2.1196016e-01   5.8783059e-02  -2.1592409e-01  -1.5496788e-01   4.7333043e-01  -4.2566415e-02   3.5689663e-01  -2.2766166e-01  -1.6577292e-01  -1.5666572e-01   4.2467366e-01   1.3268728e-01   4.4893985e-01  -3.4864457e-02  -3.6665031e-01   2.9700420e-01  -4.7897584e-02  -3.1495681e-01  -2.0196877e-01   2.5358678e-01   2.5062251e-01  -3.9730811e-01   3.8424485e-01  -1.8566298e-02  -1.1169291e-02  -6.2644800e-02   2.5156271e-01  -1.4541033e-01   2.0011829e-01   3.6931562e-03  -2.6357081e-02  -4.0663657e-02  -4.1411435e-01  -6.7851647e-02  -6.6566174e-02   3.7707064e-02   3.0303799e-01  -2.1816499e-01   1.3868371e-01  -3.9748309e-01  -2.8954607e-01  -4.1334943e-01   4.6558517e-02   3.1540130e-01   1.7499470e-01  -2.8658197e-01   9.2463701e-03  -3.6053334e-01  -5.2064101e-01  -5.6117884e-02  -1.8973371e-01   3.3547376e-01  -6.5245807e-02  -3.2407069e-02   4.0245973e-01  -2.1224327e-01   1.2665156e-01  -1.3107407e-01   3.9532317e-01   3.7003784e-01  -2.1821866e-01  -1.3689011e-01  -2.8877391e-01  -2.4592221e-01  -1.3631919e-01  -9.8920332e-02
  -7.3220925e-02  -2.8300177e-02   4.6735107e-01  -1.7266286e-01  -2.1046698e-01   0.0000000e+00   2.9211918e-01  -3.0579706e-03  -1.1790700e-01   3.1706731e-02   2.1895625e-01   2.6568228e-01  -8.1512843e-02  -7.8911044e-02   3.6566240e-01  -1.5622809e-01   2.0633620e-01   3.5718796e-02   4.9095678e-01   1.8990157e-01   2.5971177e-01   1.0654556e-01   1.2165278e-01  -3.9223858e-01  -7.2021549e-02   3.5505463e-01   3.0961243e-01   2.6620369e-01   1.9500002e-02   1.5026258e-01   1.3509897e-01   1.4995996e-02  -3.4218252e-01   3.8068751e-01   1.3571682e-02   2.9454365e-02   6.0319326e-02  -1.9495495e-01  -2.5426391e-01   3.2218255e-01  -2.1615096e-01  -6.1803235e-02   8.6475741e-02   3.9777197e-01   2.2451896e-01   1.4226705e-01   2.4639297e-01   1.0776204e-02  -3.3413769e-01  -2.6898859e-02   3.6106323e-01   1.5875911e-01  -5.3174524e-02  -3.9281140e-01   8.2145654e-02   5.2091339e-01   3.7094568e-01   4.0374369e-01   2.2741926e-01   2.2293848e-01   1.5398649e-02   1.8893379e-01  -2.4478697e-01   2.5038344e-01  -1.4621833e-01   1.9117863e-01   4.2558367e-01   1.3238593e-01   8.8399543e-02   2.2979470e-01  -9.1038656e-05   9.6623966e-02  -1.5877403e-01   1.0189040e-01  -1.9202412e-01   5.1147366e-02  -2.4114639e-01   2.7889257e-01  -2.5925787e-01  -1.7103178e-01   4.0227111e-01  -1.2882607e-01   3.4101024e-01   1.9416301e-01   1.5341415e-01   2.3293666e-01  -1.4752383e-01   2.4690685e-01  -4.2576100e-01   1.3566070e-01  -2.2358640e-01   5.9236131e-02   2.0905380e-01   4.8823307e-01   1.1787961e-01  -1.2093121e-01  -2.0186398e-01   2.6182202e-01  -1.9828303e-01   1.5771316e-01   2.7168961e-01   1.7792370e-01   3.2918865e-01   1.2971382e-01   2.1377687e-01   1.5055436e-01   1.1283728e-01   2.7133372e-01  -8.9334584e-02   3.0970148e-02   3.0559167e-01   4.9497058e-01  -1.4853063e-01   1.0596310e-02   2.7176448e-01   6.4964221e-02   5.2385378e-02  -1.9847130e-02  -8.1655289e-02  -1.0841547e-01  -6.4952112e-02  -2.0564699e-01   8.8041340e-02  -1.1671095e-01   1.2031859e-01   2.3886596e-01   2.5415861e-01  -1.1565488e-01   2.1504593e-01   2.7833374e-01  -1.5140791e-01   2.4689124e-01   2.0873122e-01  -1.9051299e-01  -8.2066595e-02   2.3571960e-01  -1.8460740e-01  -8.5801086e-02  -4.8884173e-02  -4.8312169e-02  -3.2063200e-01   1.1142807e-01   9.5399137e-03   2.3802907e-01   4.2828085e-01   4.3886469e-02   2.1823794e-01   2.4939735e-02   2.6170766e-01   1.4963526e-03   3.2917973e-01   1.6099794e-01   1.2915580e-01   4.8834081e-02   8.1184836e-02  -3.4076509e-01  -3.1951404e-01   2.1917632e-01   3.7951259e-02   4.9972004e-01  -1.5896973e-01   2.3921651e-01  -2.2401400e-01  -5.4765240e-02   1.4803389e-01  -1.0423722e-01   4.1181648e-01   1.9145003e-01   2.6720437e-02  -4.9339453e-02   1.2834737e-01  -3.4137492e-01   1.8179004e-02   4.5497502e-01  -9.9660452e-02   1.5222429e-02   4.0489395e-01
   8.0029301e-02   6.6999125e-02   1.1178679e-01  -4.5803200e-01   1.8948739e-02   2.9211918e-01   0.0000000e+00  -3.6953591e-02  -1.9131811e-01   6.2284877e-01   3.9124195e-01   3.1466284e-01   5.8816202e-02   2.7912699e-01   2.1179276e-01  -1.5746540e-01   2.0610667e-01   3.6300225e-01   2.0318903e-01   2.5823918e-01   4.8743901e-01  -2.5367438e-02   5.0889875e-01  -3.9443088e-01   1.0200156e-01   2.3657852e-01   1.5679763e-01   4.9937566e-01  -8.1199745e-02   3.4316353e-01   2.0447284e-01   1.2080315e-01  -1.3508518e-01   6.6324445e-01   2.3684929e-01   2.6026258e-01   2.6007138e-01  -3.2912867e-01  -2.1070032e-01   4.0626487e-01  -5.0055981e-02   1.0529481e-01  -2.0369627e-02   1.9701923e-01   5.8269499e-01   6.6081282e-02   1.1263453e-01   5.0532189e-01  -1.0717556e-01   8.5276156e-02   3.2987453e-01   9.8038001e-02   5.0462689e-01   9.1150028e-02   8.6759547e-03   3.4109597e-01   3.9514371e-02   3.0304395e-02   1.1354695e-01  -1.3200535e-01   1.0049329e-02   7.0735367e-02  -2.5980383e-01   2.2284295e-01   3.1045216e-01   5.1362452e-01   2.8133186e-01  -1.0219262e-01   1.3129314e-01   8.2114492e-03   2.1511458e-01  -5.4737682e-02  -4.0492583e-01  -4.7345856e-02  -1.4645000e-01   1.6408307e-01  -6.3860595e-02  -4.6246734e-03   7.5577129e-02  -4.3695120e-01   5.6220787e-01  -3.9057710e-01   2.3373359e-01  -2.1493487e-02   1.2206712e-01   1.5536542e-01   2.9029703e-01   7.4774629e-02  -3.4282014e-01  -2.1693631e-01   7.0904153e-03  -2.5602019e-02   2.0716008e-01   6.5525457e-02  -7.5024394e-02   3.9073320e-02  -3.3567007e-01   8.3231555e-02  -1.1844949e-01   5.6479986e-01   3.9778364e-01  -1.2090282e-01   5.1437496e-01   3.9893000e-01   2.1539396e-03   3.2436086e-02  -2.1692473e-01  -9.2716273e-02   1.6766251e-01   4.1913455e-01   4.6783773e-01   4.1553181e-01  -3.2453334e-01   9.4609806e-02   5.1021782e-01  -1.7217758e-02  -3.8954515e-02   3.3740887e-02  -4.1910991e-02  -9.9399767e-02  -4.9811621e-02   1.4359735e-01   8.1427730e-02   2.5156369e-01  -1.3549467e-01   5.8708816e-02   4.3929405e-01  -1.6003634e-01   1.5652880e-02   3.5578010e-01   1.4288986e-01   2.9727256e-01  -8.1887232e-02   3.9760694e-01  -9.6109298e-02   3.7851816e-01  -2.6475728e-01   3.0039891e-01  -1.7962032e-01   1.9244934e-01  -3.8103862e-01  -1.1289987e-01  -2.4963541e-01   1.9623420e-01   4.0271672e-01   8.3438589e-02   6.1103445e-01   1.4854281e-01   2.7026776e-01   5.0108340e-01   2.0799251e-01   5.1288167e-01   3.8181356e-02   2.8959853e-01   2.6371413e-01  -3.4282205e-01  -4.0024695e-01   1.8978808e-01   1.1535035e-01   4.5460553e-01  -4.9112332e-01   1.1929303e-01   3.2607866e-01  -1.1067412e-01  -4.9218537e-01  -6.9163868e-02   3.2975445e-01   8.7184412e-02  -2.5556947e-01   2.1650020e-01   4.0415811e-01  -3.9620855e-01   6.8192900e-02   3.6060402e-01   8.0478609e-02   1.0449932e-01   1.2196782e-01
  -1.6576373e-01  -1.6652968e-01  -1.6523234e-01  -1.3271025e-01  -9.9618660e-02  -3.0579706e-03  -3.6953591e-02   0.0000000e+00  -3.9798995e-02   5.2025598e-02  -1.4081001e-02  -1.4437084e-01  -2.1134501e-01   1.4703076e-01   1.4861970e-01   6.5297903e-02  -1.4573444e-01   9.2213658e-02  -3.7652731e-02  -9.8122970e-02   1.8800332e-01  -4.5478034e-02   7.1093944e-02  -1.3117093e-01  -1.6203160e-01   6.3679086e-03   1.8070901e-01  -2.0118834e-01  -1.1151426e-01  -4.6643546e-02   7.9392229e-02  -1.5245933e-01  -1.0847732e-01  -1.6292357e-01   3.0579434e-02  -2.0247516e-01  -7.8759792e-02  -1.5343797e-01  -2.0790766e-01  -1.4899764e-01   3.4666094e-02  -6.8863786e-02  -2.3870719e-01   1.3565640e-01   5.5862977e-02  -1.1496041e-01   2.0332822e-02  -2.4769854e-01   2.0207493e-01  -1.6613692e-01   7.7045854e-02   9.3320578e-02  -8.0891563e-02  -2.6528818e-01   4.2153838e-02   2.6527330e-01   3.3337882e-03   2.4112835e-01   1.7218224e-01  -9.3996471e-02   2.9300634e-01  -6.3612444e-02   7.0293877e-02   2.4146647e-01   6.6406065e-02  -4.6880667e-02  -6.4215697e-02  -1.0513541e-01   2.0305832e-01  -1.7640466e-01  -2.3772564e-01   4.2548764e-03  -3.5837863e-01  -6.9935017e-02   2.1615791e-02   3.0171013e-01   1.7340572e-01  -6.8232493e-02  -1.0787058e-01   1.8915942e-01  -1.5290744e-01  -1.9705087e-01  -1.2916142e-01  -2.3489526e-01  -7.9985198e-02   2.2533219e-01   5.7626075e-02   1.6118721e-01   2.2908413e-01   1.4291053e-02  -1.2041629e-01   6.9286233e-03   2.9072051e-02  -1.3924231e-01   2.7864934e-02  -6.6536959e-02   1.4119494e-02   1.3059825e-01  -3.1353969e-01   3.1137491e-02  -5.6491660e-02   9.2664001e-02   2.2724257e-01   3.4705310e-02   1.4339954e-01   1.9867808e-01   2.4821058e-01   3.3506555e-01  -1.1678411e-01   6.6579174e-02  -3.3921281e-02   6.2457374e-02  -9.2873636e-02  -5.4458896e-02  -1.5152087e-01  -2.3858911e-02  -9.4108693e-02  -2.1758394e-01   2.2337507e-01  -1.0331486e-02   9.8211043e-02  -4.5283761e-02  -9.1151988e-02  -1.0598826e-01  -1.1305904e-01   8.2652336e-02  -1.2816180e-02   2.8705780e-02  -4.0039228e-05  -1.5920711e-01  -6.2491569e-03   3.4634895e-02   1.6700551e-01   6.1901283e-02  -2.0674156e-01  -3.1008819e-02  -2.0904795e-03   8.2907355e-03   7.2547477e-02  -1.3872954e-01  -1.0303515e-01  -2.1655163e-02  -4.3026952e-02   1.6145731e-01  -1.2442216e-01   1.9314286e-01  -9.9974645e-02   8.8826608e-02   1.4730652e-02  -4.8616495e-02   2.0579905e-01  -6.7183674e-02   1.9441304e-01  -2.1016870e-01  -2.8365917e-01  -1.3825470e-02   3.1939896e-01   5.6707722e-02  -5.9897808e-02   9.0667148e-02   2.5766435e-01   5.0273345e-02  -2.0391059e-01   2.6086256e-01  -1.6354521e-01   1.9919546e-02  -1.8348194e-01  -2.1613959e-01   3.3394708e-01   1.1090610e-02  -1.2005931e-01   5.3870823e-03   1.0779457e-01  -3.3779471e-01  -5.9429033e-02  -2.4966403e-01   1.8394591e-01
   2.0907083e-01  -1.4588693e-01  -3.2031669e-01   2.7061310e-01   3.1496545e-01  -1.1790700e-01  -1.9131811e-01  -3.9798995e-02   0.0000000e+00  -3.0507714e-01  -2.7651370e-01  -1.6311181e-01  -1.8178234e-01   2.3786074e-01  -4.4254871e-01   3.0500799e-01  -2.3590765e-01   4.0768630e-02  -1.7519574e-01  -6.9174695e-02  -1.4364819e-01  -5.4405754e-02  -2.6368937e-02   2.2826845e-01   2.7148519e-01  -5.2041813e-01  -2.9779675e-01  -1.6963107e-01   2.2123306e-02   3.3899630e-01  -9.3518943e-02  -5.8173194e-01   8.3741932e-02  -3.0307203e-01   1.1193657e-01  -8.0523396e-02  -9.6511612e-02   1.4909208e-01   1.7828818e-01  -1.1775183e-02  -9.8081233e-02   2.9057586e-01   9.3299022e-02  -2.5351903e-01  -3.3326418e-02  -1.4458472e-01  -2.2025622e-01  -7.4982306e-02   2.6772214e-01  -8.8529824e-02  -4.7797157e-01  -2.8426103e-01  -1.0962438e-01   3.8228844e-02   3.4668505e-01  -1.7502719e-01  -2.5256605e-01  -4.7494850e-01  -5.1193799e-01   2.8291103e-02  -2.3187336e-01   2.5994580e-01   4.4872607e-01  -1.8497929e-01   3.9383277e-01  -2.1002343e-01  -1.7029349e-01   3.6461865e-01  -4.3497672e-01  -2.9216709e-01   1.8272479e-01   8.4803836e-02   1.2499448e-01  -2.1173640e-01   1.4855886e-01  -4.1872653e-01  -5.9539399e-02  -1.5025248e-02   8.3275175e-02   2.0218704e-01  -2.4159064e-01  -9.9969917e-03  -1.4045253e-01  -2.3540813e-01  -3.0569329e-01  -3.4775397e-01   4.6396116e-01   1.2182820e-02   4.0437520e-01   1.2260457e-01   6.7926022e-02   1.2213481e-01  -3.6023464e-01   1.5946007e-01  -1.9479950e-01  -2.6379789e-02   3.8941798e-01   1.1811650e-01   1.3614270e-01  -1.3459248e-02  -3.9226908e-01  -1.0693144e-01  -5.1904307e-01   2.9638913e-01  -1.2683913e-02  -5.3169743e-01   2.8269878e-01  -1.9752807e-01   1.6832874e-02  -2.4904565e-01  -3.5328041e-01  -3.2756616e-01   2.8719472e-01  -9.5677965e-02  -3.2454494e-01  -1.2550391e-01   1.5022245e-01  -2.8347614e-01   1.2781545e-01   1.0923656e-01  -2.2076364e-01   1.5751816e-01   1.1272730e-01   3.3587015e-01  -1.6283766e-01  -9.9791421e-02   1.7936216e-01   1.0954931e-01  -4.1439067e-03  -6.2665795e-02   9.0720647e-02   1.5369246e-01  -1.0242402e-01   1.8415023e-01   5.0757742e-01  -3.9860724e-01   2.8663002e-01   2.4755718e-02  -3.8876468e-01   7.2808672e-02   1.0842012e-01  -1.8194966e-01  -2.7364477e-01  -5.3172988e-02  -1.8552916e-01  -2.6460660e-01  -9.3312008e-02  -9.3471496e-02  -2.5770712e-01  -1.0972960e-01  -2.3953179e-01  -3.0750913e-01  -2.7276868e-01   2.6721897e-01  -5.7909693e-02   1.4500113e-01  -2.0978681e-01  -5.1779573e-01   7.5657239e-02  -3.6740156e-01   2.8123648e-01  -8.8574286e-02  -7.0246319e-02  -8.5538196e-02   1.3072619e-01   1.1316153e-01  -1.5924299e-01  -8.4799794e-02  -2.3615085e-01  -1.0931189e-01  -2.6651480e-01   9.5735133e-02   1.6025796e-01  -3.4094832e-01  -9.5509886e-02  -4.3197472e-02  -1.1836782e-01
  -1.0089507e-01   2.6417373e-01   1.7879900e-01  -5.4760848e-01   2.7828013e-02   3.1706731e-02   6.2284877e-01   5.2025598e-02  -3.0507714e-01   0.0000000e+00   1.3429882e-01   3.0830387e-01   4.6623668e-02   9.2924732e-02   3.5347714e-02  -8.4552199e-02   4.2079868e-01   3.4274959e-02  -1.2732405e-01   1.8753208e-01   1.8837565e-01   1.6472578e-02   5.1692202e-01  -4.4058737e-01  -1.7473582e-01   1.8280720e-01   7.2241089e-02   3.7692617e-01  -8.6227912e-02   2.5865015e-01   4.7862520e-02   2.0382754e-01  -2.7306322e-01   5.1056166e-01   3.6676757e-01   1.8454868e-01  -1.5813130e-02  -2.9973682e-03  -2.8703224e-01   3.5970374e-01  -7.9429706e-02   9.1835339e-02   7.5232779e-02   1.4280459e-01   5.1420044e-01   3.0387437e-02  -7.3350800e-02   3.1299024e-01  -1.7308285e-01   1.3388456e-01   2.2788004e-01   4.4044828e-02   2.1118103e-01   2.3573974e-01  -1.2450596e-01   7.7420756e-02  -2.7200992e-01   2.1078706e-01  -2.4729583e-02   1.1694489e-01   2.2375341e-01  -4.6144183e-02  -9.4055510e-02  -1.6070715e-02  -4.7577097e-02   5.8662959e-01   1.4965169e-01  -4.6293426e-01   1.9506448e-01   7.5084927e-02   8.5648768e-02  -2.4068384e-01  -2.6471724e-01   1.1820634e-01  -2.1386216e-01   1.7228450e-01   1.2205090e-01  -2.2493511e-01   7.0464431e-02  -1.0719308e-01   3.3179124e-01  -1.8943570e-01  -9.7498477e-02  -5.6948521e-02   3.1321831e-01   1.8758713e-01   9.2727512e-02   1.1588791e-01  -2.4348823e-01  -2.2176054e-01   4.2058285e-02   6.0230138e-02   3.4304964e-01   8.1507726e-02   2.1319905e-01   1.3350031e-01  -2.5186166e-01  -7.2616563e-02  -2.5861326e-01   4.7222633e-01   4.4300887e-01  -3.7115415e-02   3.8879753e-01   2.0189185e-01  -3.3661052e-02   5.8428368e-02  -1.9222477e-01  -2.5748065e-01   2.5947666e-01   1.1773211e-01   2.5886153e-01   2.0950862e-01  -3.8172036e-01   2.9637008e-01   2.7723676e-01  -8.6130785e-02   4.6457680e-02   1.3517123e-01  -8.9783229e-02  -6.8346612e-02   8.4748500e-02   1.7982694e-01   1.0331634e-01  -6.3511512e-02  -4.8779619e-02   5.9236536e-02   3.7906311e-01  -1.3107599e-01   1.1467181e-01   2.9250128e-01   4.1884045e-02   3.5765721e-02  -1.6479711e-03   1.1327086e-01  -1.0028567e-01   1.6141075e-01  -1.9901520e-01   2.1629008e-01  -1.0799212e-01  -8.5363580e-02  -2.3433482e-01  -1.5454403e-01  -1.5235208e-01   1.6831431e-01   4.1928890e-01   5.5777717e-02   3.7805600e-01  -4.2303614e-02   3.2432973e-01   3.8812260e-01   2.2897719e-01   1.5596330e-01   8.9617495e-03   7.2696058e-02   2.5739959e-01  -3.0485328e-01  -1.7183889e-01   2.0428981e-01  -1.1170501e-01   2.2291895e-01  -4.6113501e-01  -2.5939536e-02   4.0637840e-01  -1.1713871e-01  -2.2150741e-01  -6.6005117e-02   7.8234831e-02   7.0510136e-02  -2.2609340e-01   1.3176527e-01   3.2977166e-01  -1.4417590e-01  -5.6574225e-02   2.0405987e-01   1.6653512e-02  -6.4950840e-02   2.3075303e-01
   7.1243797e-02   2.2261641e-01   2.5065651e-01  -4.1510662e-01  -1.2380982e-01   2.1895625e-01   3.9124195e-01  -1.4081001e-02  -2.7651370e-01   1.3429882e-01   0.0000000e+00   2.3263907e-01   1.5919457e-01  -3.8386841e-02   1.3384052e-01  -5.3603404e-03   3.3270017e-01   3.6841520e-01   1.3947915e-01   5.3023997e-02   7.2883674e-03  -1.8040853e-01   7.8840601e-02  -2.1003647e-01  -3.3689796e-02   1.9370458e-01   4.0191303e-01   4.6763239e-01  -2.2263558e-02   4.0728229e-01   1.2835355e-01   1.9399553e-01   7.1910099e-02   2.4124663e-01   3.8650716e-02   3.9564605e-01  -1.0309797e-01  -4.2603892e-01  -4.6844877e-02   3.4119196e-01   2.2700126e-01   4.8365333e-02  -5.6198119e-02   2.3055844e-01   3.5913973e-01   3.0829297e-01   4.3632176e-01   2.5333182e-01  -2.4352656e-01   3.3358986e-01   3.3186837e-01   1.0157323e-01   3.1758886e-01  -4.8331005e-02  -8.1341634e-02   5.4726250e-01   9.1405194e-02   7.9637658e-02   3.3856970e-01  -4.4392100e-02   8.4304381e-02   7.5211446e-02   5.1402399e-02   3.3244014e-01   2.5904496e-01   1.1659216e-01   1.5352569e-01  -2.7397416e-01   3.4463351e-01   7.7848668e-02   1.2752136e-01   2.1637497e-01  -1.8105004e-01   1.6942165e-01  -1.9616713e-01   2.7610316e-01  -2.6062977e-02   2.0416518e-01   2.2653995e-01  -3.7910587e-01   1.7112079e-01  -2.6839684e-01   2.3802244e-01   1.9578500e-01  -4.8778064e-02  -4.1557365e-02   6.2457741e-02   3.9841347e-02  -1.9270781e-01  -2.9274680e-01   2.4453283e-01  -1.1798136e-01   2.3651341e-01  -1.8287691e-01   8.5295415e-02   2.3003919e-01  -2.6985097e-01   2.8075931e-01  -2.3221639e-01  -9.6742641e-03   1.5553188e-01   8.8135876e-02   2.7661043e-01  -1.2966628e-01   1.5858965e-01  -1.6880728e-02  -2.3722103e-01   3.7655095e-01   1.7342667e-01   5.5692598e-01   1.8900883e-01   1.5700393e-01  -4.0368925e-01   6.5020287e-02   2.7290232e-01   2.9044442e-02  -9.7039438e-02  -3.1616640e-02  -4.7125809e-02  -6.8651451e-02   2.0936619e-01   3.7037785e-01  -2.6252632e-02   1.2206104e-01  -1.9150696e-01   9.5617737e-02  -4.7805323e-02   9.8764862e-03  -1.8924672e-02   4.7528842e-01   4.4640700e-01   2.3017657e-01  -8.1363677e-03   2.1874046e-01  -2.5339510e-01   4.1697663e-01  -1.8666256e-02   8.0841998e-02   1.1255988e-01   2.8511304e-01  -4.5770794e-01   7.8458907e-03  -1.2558548e-01   3.9863978e-01   1.5718542e-01   3.1784218e-01   2.7464852e-01   3.1595132e-01   3.3261675e-01  -1.5335382e-02   1.7682863e-01   2.2293245e-01   3.6527578e-01   3.3168662e-01   3.8934622e-01  -2.9723556e-01   6.2762642e-02   4.5195666e-01   1.9704466e-01   2.0891631e-01  -1.7949390e-01   4.3016279e-01   9.1879965e-02   2.1002578e-01  -4.1307060e-01  -3.7585598e-02   4.2206451e-01  -9.6798713e-02   7.2934306e-02   4.2622776e-01   3.8413258e-01  -3.9445545e-02   2.3145618e-01   5.7767205e-01   6.1739941e-02   2.6095919e-02  -2.5479294e-01
   1.4924533e-01   3.5151785e-01   5.0717228e-01  -3.3552890e-01   1.8444744e-01   2.6568228e-01   3.1466284e-01  -1.4437084e-01  -1.6311181e-01   3.0830387e-01   2.3263907e-01   0.0000000e+00   2.2735629e-02  -3.1538124e-01   6.8202466e-02  -7.2579985e-03   5.7967772e-01   2.1597117e-01   1.0494247e-01   5.0168082e-01  -7.8241100e-02  -1.5269194e-01   6.9195034e-02  -3.3328404e-01  -5.4149353e-02   1.3053393e-01   1.6403466e-01   8.4996913e-02   2.2303605e-01   2.8419727e-01   3.1949462e-01   3.1031827e-01  -7.1963132e-02   4.6961848e-01   8.2157727e-02   4.1462343e-01   1.4674918e-01   1.2745897e-02  -2.0798946e-01   6.2456347e-01  -5.9892131e-02  -1.0713626e-01   3.2738419e-01   2.2524888e-01   1.5370615e-01   2.2791925e-01   8.8086349e-02   4.8453444e-01  -2.4555953e-01   2.4679729e-01   4.2725249e-01  -1.2299295e-01   4.3734319e-01  -6.2399474e-02  -2.8971608e-01   1.3946480e-01   6.4165815e-02  -1.3237742e-02   1.6627655e-01   3.6031952e-01   5.5696425e-02   2.3722612e-01  -1.7929376e-01   3.8097454e-01   7.4166959e-02   1.2606575e-01   2.5606688e-01  -6.2251847e-02   8.1701797e-02   3.7125467e-01   4.5947230e-01  -8.0987239e-02  -3.8565559e-01   1.3838236e-01  -3.3040144e-01   4.0233459e-02  -1.9880305e-02   7.6983255e-02   2.4540428e-02  -1.1157870e-01   2.4614260e-01  -4.5822996e-01   3.3988058e-01   7.6026829e-02   4.2039563e-02   1.2777001e-01   1.6617696e-01  -1.9566753e-01  -2.0649365e-01   3.4593645e-02   1.6296049e-01  -9.1976610e-02   4.0662270e-01   1.7970045e-01  -2.9633910e-03  -6.7255612e-02  -7.9246927e-02   2.1711172e-02  -3.0559707e-01  -1.1185849e-01   4.2849006e-01   1.3269395e-01   4.1764486e-02   1.1137636e-01  -2.2328404e-02   8.3337520e-02  -2.1992879e-01  -3.6948244e-02   2.3254759e-01   2.5170259e-01   3.0672684e-01   1.8447598e-01  -1.4796049e-01   6.0441411e-02   3.0621878e-01   2.1825723e-01  -1.3438085e-01   2.1274282e-01  -1.0274864e-01  -1.9011721e-01   1.8921830e-02   1.8152680e-01   1.8893362e-01   8.5717172e-03   1.9145445e-01  -6.0141845e-02   3.4763524e-01  -2.3624893e-01  -1.6871821e-01   3.0755072e-01  -6.8339256e-02   1.4514641e-01  -2.4196644e-01   1.6201085e-01  -9.0389030e-02   1.3914224e-01  -3.2630453e-01   2.7818181e-01  -3.2521914e-02   3.0940319e-01  -2.9296441e-01   4.8256647e-03  -1.3000844e-01   1.1846768e-01   4.3576646e-01   3.9083200e-02   4.9680796e-01   1.5650766e-01   1.0247682e-01   1.8753462e-02   1.9751266e-01   2.3067803e-01  -5.7753882e-02   4.7396669e-03   4.5644168e-01  -1.1736807e-01  -4.2686036e-01   2.3214737e-01  -3.2144107e-02   5.4496528e-02  -2.8606355e-01   1.6508466e-01   2.4808851e-01  -3.6476111e-01  -5.2501757e-02   2.0704944e-01   5.0354415e-02   1.0209486e-01  -2.5366326e-01   4.6128026e-01   3.4780059e-01  -2.9997037e-01  -4.2015680e-01   4.8397799e-01  -1.0334264e-01  -7.4879831e-02   3.2418033e-01
   2.5521239e-01   2.0374260e-01  -1.0957153e-01   4.3096386e-02   1.1086580e-01  -8.1512843e-02   5.8816202e-02  -2.1134501e-01  -1.8178234e-01   4.6623668e-02   1.5919457e-01   2.2735629e-02   0.0000000e+00  -1.7420567e-01   1.4721680e-01  -2.6459912e-01   1.1270017e-01   3.7478285e-01  -1.1552152e-01   3.5469202e-02   5.9010941e-02   1.6922191e-01  -3.2512920e-01  -6.0760268e-02  -1.0699278e-01   4.8745022e-02  -6.2046409e-02  -5.5664901e-02  -1.5087920e-01   2.8320413e-01   1.2817642e-01   2.2009382e-01  -1.8889197e-01  -3.7803910e-02   1.9064783e-02   2.4703372e-01   3.6783434e-01  -1.2168234e-01  -3.1462321e-01   5.6101892e-03   3.0961382e-01   5.9404203e-02  -5.7076644e-02   3.5866756e-01   1.8906689e-01  -9.1175326e-02   4.0262500e-02   3.3058069e-01   1.0103093e-01   4.4179764e-03   2.2121343e-01   1.4018117e-01   2.5585059e-01   1.9949745e-01  -1.3213965e-01   1.0233721e-01   1.7429585e-01   4.7279405e-02   2.8086780e-01  -1.8048575e-01  -1.9169026e-01  -2.4548630e-01  -1.4918066e-01   2.0212573e-01   5.2047469e-02   1.9687934e-02  -4.1399214e-02  -3.4860557e-01   2.1056462e-02   7.7880309e-02   5.8313047e-03  -3.6117754e-02   3.1263637e-01   3.7865609e-02  -2.9095588e-02   3.2980003e-01  -2.2379424e-01   3.2126715e-01   6.2480566e-02  -2.3938603e-01   2.9604702e-02   2.6626165e-01   3.1128483e-01   2.2045585e-02   3.2053822e-01   2.8562903e-01  -3.1026278e-01  -8.0501378e-02  -2.2023733e-01  -9.7287157e-02   1.8521906e-01  -3.3776293e-01  -7.7467275e-03   3.6425051e-02  -1.3278962e-01   4.9882234e-02  -6.8423115e-02  -1.5076299e-01   1.0010188e-01  -1.9774768e-02  -5.2634842e-02   1.5702421e-01  -3.7658848e-02  -2.4906520e-01   4.0661681e-01   2.9168412e-01  -6.2332620e-02   1.7100866e-01  -1.6923398e-01   9.7665127e-02   1.6725184e-01   3.0324296e-02   1.6633382e-02   1.4779038e-01   5.4753991e-02   1.9416233e-01  -3.1078924e-01   5.8008542e-01  -2.8648832e-01   2.8958898e-01  -2.4362159e-01  -7.6105845e-03  -1.3011414e-01   3.3938419e-01   2.6375380e-01  -3.6411477e-01  -1.0426235e-01   1.0686900e-01   1.2018080e-01   4.4140264e-02   1.7569541e-02  -2.9819038e-02   6.0167475e-02   2.8068305e-02   1.9799997e-02   1.6147601e-01  -3.7319713e-01  -1.6175851e-02   2.9074600e-01   7.0815482e-02  -1.2577513e-01   5.1020932e-01   3.4644116e-02  -3.7007579e-02   1.9303660e-01   3.8888328e-01  -1.8663139e-03   2.2451932e-01  -1.4235390e-01   1.6597670e-01  -1.7626167e-01   2.6034675e-01   1.4024188e-01   1.6132712e-01   1.1634519e-01  -1.5329344e-01  -1.5861077e-01   2.1313884e-01  -2.5187852e-01   8.7216546e-02  -2.7709219e-01  -1.3799134e-02   2.7612672e-01   1.3808448e-01   1.8469048e-01  -2.3643092e-01  -1.3557829e-01   4.9181656e-02  -4.4111620e-02   2.2471682e-02   1.7327702e-01  -1.8986979e-01  -4.5732230e-02   1.6593237e-01  -3.6215519e-02   2.7837052e-01  -2.7182060e-01
  -3.9394777e-02  -1.5351699e-01  -3.6999175e-01  -8.6132875e-02  -4.4614884e-02  -7.8911044e-02   2.7912699e-01   1.4703076e-01   2.3786074e-01   9.2924732e-02  -3.8386841e-02  -3.1538124e-01  -1.7420567e-01   0.0000000e+00   1.1563918e-01   5.4159902e-02  -3.9422803e-01   1.3931043e-01   4.7184637e-02  -1.8163488e-01   4.4491564e-01   1.9368890e-01   5.8905228e-01  -2.4596757e-01   2.2225404e-01   2.1542267e-02  -2.9736037e-01   2.6963751e-01  -4.7472359e-02   2.1713745e-01  -9.6823969e-03  -1.2799050e-01  -2.5612118e-01   5.7613281e-02   3.6418231e-01  -3.7350995e-01   1.4201742e-01   1.9544078e-02   5.5395988e-02   2.5954172e-02  -2.9534801e-02   1.9589175e-01  -2.5232453e-01  -1.5597919e-01   1.5854281e-01  -3.2381584e-01  -1.3899941e-01   1.0734652e-01   3.3141066e-01  -3.8545893e-01  -2.3533645e-01  -5.2059662e-02   1.3659929e-01   1.1531842e-02   3.5291336e-01  -2.3649461e-02  -2.1211301e-01  -1.0240618e-01  -1.5112255e-01  -2.0783739e-01  -1.0288680e-01   1.4983695e-01   6.0712817e-03   4.6109315e-02   4.2040260e-01   1.7004619e-01   7.1928353e-02   2.6969163e-01  -3.1078176e-01  -3.2220488e-01   2.4217784e-02   4.8380091e-02  -3.0716400e-01  -3.8138944e-02   2.9425281e-01  -5.7949052e-03  -1.4467545e-01  -1.0996481e-01  -2.4196583e-02  -4.1444962e-02   3.4767575e-01  -8.4902797e-02  -1.0686701e-01  -3.1063118e-01  -1.1846290e-01  -1.0941661e-01   5.9701715e-01   1.5942865e-01   8.9639823e-02  -1.3912601e-01  -1.2157460e-01   1.3990320e-02  -4.3026009e-03   6.1269174e-02  -1.3266266e-01  -3.6694753e-01  -2.2783966e-02   6.2621682e-02   1.5046115e-01   4.6212081e-01  -4.0250076e-02  -3.0571405e-01   2.5989341e-01   5.8679404e-01  -6.1184077e-02  -1.6528012e-01   1.5963048e-01  -6.0397341e-02   7.1793438e-02   6.7324267e-03   2.4266644e-02   1.0628770e-01   5.3112917e-02   1.7495436e-01   1.8654008e-01  -4.1315874e-01   1.2975148e-01  -3.8282965e-01   4.5831783e-01  -5.2398017e-02  -2.8063772e-01  -4.0779815e-03  -1.8573893e-02   1.9072072e-01  -4.7230035e-01   2.1614172e-01   2.4650776e-01   9.5368982e-02   1.4983728e-01   1.0689783e-01   1.1716713e-01   1.4685009e-01  -7.0802013e-02   4.7353552e-01   1.9789488e-01  -4.9209453e-02   1.2393989e-01   4.1593110e-01  -4.4631504e-01  -8.9134308e-02   1.3320222e-02  -3.5088721e-01  -2.6288325e-01   3.1340922e-01   7.9557336e-02  -2.1630759e-01   1.0445964e-01   7.9080806e-02  -1.1511781e-01   4.8192001e-01  -4.8250825e-02   2.6093967e-01  -1.2034198e-01   4.0471470e-01  -4.5673522e-02  -3.5285191e-02  -2.1277218e-01  -3.2386444e-01   9.0061600e-03   1.3878380e-01  -1.3858137e-02  -1.8089883e-01   1.6818938e-01   1.2705428e-01  -3.7984440e-01  -1.2880933e-01   3.3919831e-02   5.5661172e-02   8.4240905e-02  -3.2584457e-02  -1.3318196e-01  -2.4396677e-02   2.4772805e-01  -5.1843354e-02   2.2443069e-01  -2.5774332e-01   7.3661458e-02
