   0.0000000e+00   2.0614488e-01   3.1469207e-01  -4.9425282e-01   9.0071567e-02   1.4134836e-01  -5.2579131e-02  -2.0357585e-01  -1.5777186e-01   9.0621324e-02  -1.6008084e-03   1.2176457e-02  -2.6058465e-01  -1.4992016e-01   2.4703419e-01   2.9142278e-01   1.3362499e-01  -4.6720092e-01  -2.0820072e-01   2.3005403e-01  -2.1753522e-01  -7.6199190e-03   3.1704012e-02   1.8652465e-01   5.9770434e-02  -4.3728800e-02   6.2202852e-02   3.0548666e-01   1.4560580e-02  -2.3552124e-01   3.3071870e-02   6.4036143e-03   3.8087223e-01  -1.2552135e-01   1.4789525e-01   2.8504979e-01   2.4416270e-01   1.6583730e-01   4.8599174e-01   1.8855197e-01  -3.1914427e-01   1.9513469e-01  -2.9273514e-01   2.2086257e-02   2.2138431e-01   4.8263146e-01  -5.5952965e-02  -8.1147674e-02  -1.6499127e-01   3.9438870e-01  -1.4333084e-01   9.5275659e-02  -1.9686856e-01  -4.0393313e-02   7.3095432e-02   1.4607004e-01   2.5450771e-02  -1.8883853e-02  -1.7802501e-01  -1.0856023e-01   4.9168978e-01   1.0737818e-01  -1.4665374e-02   1.6998676e-01  -1.2082832e-02   4.0902925e-01  -9.2103244e-02  -9.7883335e-02   1.8656795e-01   4.2232411e-01  -6.7566030e-02  -5.9112952e-01  -5.6405681e-01   2.4942190e-01  -3.0207022e-01  -1.9439952e-01   5.5376373e-01  -1.2521221e-01   3.7791734e-01  -2.1093529e-03   8.9705761e-02   1.6938017e-01   2.1383022e-01   1.9517787e-01   2.0189104e-01   8.0720972e-02   1.7767001e-01   3.8571551e-01   5.5679566e-01   4.8172453e-01   8.9830077e-02   4.9842233e-01   2.4886941e-01  -2.5515290e-01   1.4584052e-02   1.8806737e-01  -1.4287731e-01   7.8094897e-02   2.6547558e-01   6.5287921e-02   2.5175156e-01   3.2316525e-01  -2.4472944e-01  -3.4538635e-01  -1.0734618e-01  -1.8485932e-01  -2.3615627e-01   2.7171939e-01   4.6839158e-02   1.9059182e-01   7.1530299e-02  -2.6335986e-01  -2.5717527e-01   2.9412552e-01   1.0927284e-01   2.1463475e-01   1.4712868e-01  -3.0880099e-01   3.2515136e-01  -3.2295325e-01   4.7349233e-01   2.3470910e-01   2.1855882e-01  -1.6653773e-01   3.1039718e-01  -1.1692009e-01   5.3953356e-02   2.8550220e-01  -2.0430185e-01   2.2882531e-01  -3.9075365e-03   9.7297592e-02   2.2225279e-01  -5.8715299e-02  -1.7542693e-01  -2.0294797e-02  -3.4494329e-01   1.0076515e-01  -6.8307957e-02   1.3280315e-01   5.2746450e-02   3.0279282e-01  -2.4752064e-01   2.5985730e-01  -6.1582718e-02  -1.8339231e-01   6.7528210e-02  -1.1757290e-01  -1.2956296e-01   3.0215732e-01   4.3754464e-01   1.3121817e-01   1.9272488e-02   2.6539124e-02   2.2311376e-01   2.3599144e-01   3.0167142e-01   8.8828326e-02   5.9829673e-01   1.7939380e-01  -2.7730739e-01  -1.1223858e-01   2.0433737e-01  -3.7291639e-01  -2.6088261e-01   1.7696217e-01   1.0656870e-01   5.2057563e-02  -2.5807765e-01  -6.7832267e-02   2.4318025e-01   1.8504901e-01  -1.9788652e-01   3.6257962e-01  -2.8640880e-01  -2.2349714e-01   1.5379944e-01
   2.0614488e-01   0.0000000e+00   4.6548302e-01  -4.5455475e-01   5.0936577e-01  -1.6593972e-01  -3.4336838e-01  -3.9792230e-01   5.1603526e-02  -1.2909676e-01  -1.5492022e-01   7.2433781e-01  -2.6252850e-01  -3.4397220e-01   3.5828308e-02   3.6636923e-01   4.2268177e-01  -5.4590567e-01  -7.8171521e-02   5.2630244e-01  -6.1825784e-01  -4.3900016e-01  -3.1394919e-01   3.0580145e-01   1.8018682e-01  -2.2598986e-01   3.9858140e-02   2.1002003e-03   2.7825186e-01  -4.5872956e-01  -1.4833905e-01  -4.4300618e-01   3.6501355e-01  -4.0526808e-01  -2.4713403e-02   4.5774772e-01   1.7436630e-01   5.1975764e-01   1.9890602e-01   1.1332077e-01  -1.3152588e-01  -1.4823194e-02  -6.1119396e-01  -1.1546299e-01   4.7597565e-03   2.5705968e-01  -1.5373455e-01  -3.0846073e-01  -5.0596096e-01   4.7172473e-01  -4.6838575e-01  -4.7495029e-01  -1.0447037e-01  -3.4902212e-01  -5.1521323e-01  -1.4029394e-01  -6.3135344e-02  -3.2721563e-01  -4.9125934e-01  -3.8892074e-01   3.2429135e-01  -3.6240775e-01   2.5861251e-01   3.3940174e-01   1.9348945e-01   4.4143732e-01  -2.1858650e-01   7.4193329e-02  -2.7245845e-01   4.1110402e-01   2.7255590e-01  -3.5584529e-01  -2.1336568e-01   3.9393871e-02  -1.4075051e-01  -6.1794656e-01   4.3683035e-01  -1.2819551e-01   4.9844293e-01  -1.0716030e-02  -3.0238397e-01   4.7724106e-01   1.8082668e-01   9.6493915e-02   1.9481035e-01  -5.8347890e-01   4.6188030e-01  -1.4453002e-01   6.6518442e-01   2.4632823e-01   1.6413824e-01   1.6243563e-01   3.5241965e-01  -4.8578538e-01   2.5504138e-01   4.5924299e-01  -1.9010462e-01  -3.1944915e-01   3.1986942e-01   1.6948332e-01  -8.4338333e-02   1.1243425e-01  -4.6937595e-01  -5.4543418e-01  -4.6289600e-01  -3.9437187e-01  -2.8512843e-01  -1.6396333e-01  -9.4240486e-02   3.7122169e-01   2.3263462e-01  -4.5537502e-01  -6.6056688e-02   3.3251328e-02  -9.6231707e-02   4.2378698e-01   1.5860267e-01  -1.2754812e-01   3.0207478e-01  -2.4822272e-01   1.7323751e-01   5.0149753e-01   6.6846331e-01  -1.7277514e-01   3.6729439e-01  -1.3553431e-01  -1.9881551e-01   1.1186270e-01  -5.7111005e-01   2.3322440e-01  -1.1599976e-01   4.2505007e-01   4.5338483e-01  -3.9579401e-01  -3.1123113e-01  -5.7468660e-01  -1.5159076e-01  -5.3822840e-02  -5.7320524e-01   2.5337302e-01  -2.3164504e-02   1.0105365e-01  -2.1440860e-01   6.0261765e-02  -5.3165517e-01  -5.8516791e-01  -2.0722927e-02   2.8353332e-01  -2.6929169e-01   2.2517414e-01  -1.1129640e-02  -1.5448094e-01   1.1737665e-01  -1.0772958e-01   6.1127109e-01   2.6858117e-01   6.5533932e-02  -4.0664371e-01   1.9449601e-01  -2.8155378e-01   2.6904352e-01  -7.6670345e-02   9.0218793e-02  -5.9417099e-01  -1.2680837e-01   7.2118143e-01   9.7110245e-02  -1.7227789e-01  -3.2908675e-01   9.3744648e-02   5.0549259e-01   3.5406687e-01   4.2456751e-02   7.0914550e-02   3.0601487e-01   5.4971236e-02  -2.1843293e-01
   3.1469207e-01   4.6548302e-01   0.0000000e+00  -5.1976590e-01   4.9106011e-01  -1.3460797e-01  -4.7898843e-01  -3.4690195e-01  -6.6718629e-02  -4.3838528e-01  -3.4400385e-01   2.9799764e-01  -5.3309013e-02  -2.8561296e-01  -1.0234838e-01   3.3652878e-01   7.3222083e-01  -5.4434393e-01  -3.6154789e-01   4.0487302e-01  -3.7856426e-01  -4.8067722e-01  -5.3163047e-01   1.4244546e-01   1.3334502e-01  -2.5708638e-01   2.5524099e-04  -4.0984426e-03   3.2398676e-02  -6.5484814e-01   1.5207220e-01  -5.7244814e-01   3.5824079e-01  -4.0514010e-01  -2.1420982e-01   3.3987212e-01  -1.4397725e-01   1.0418920e-01   2.0080788e-01   5.8562532e-01  -2.8703154e-01   3.0402292e-01  -3.6332082e-01  -2.1437023e-02  -2.6204870e-01   7.2272700e-01  -1.5840856e-01  -3.8344472e-01  -1.9363493e-01   8.0552133e-01  -5.9469705e-01  -1.1490663e-01  -2.1917432e-01  -6.7853867e-02  -5.2882960e-02   8.4896488e-04  -2.8876411e-01  -4.5366203e-01  -5.3511329e-01  -4.8258635e-01   3.0876827e-01  -5.1365508e-01   2.8734681e-01   4.5219834e-01   2.8105002e-01   1.7969984e-01  -1.7156979e-01   1.4551538e-01  -1.5828742e-01   7.5520021e-01   2.9321113e-01  -6.1791618e-01  -3.0985006e-01   5.4669961e-01  -1.1460016e-01  -5.4493895e-01   4.2565276e-01  -1.4252800e-01   5.1596769e-01   2.7547396e-01  -3.7525692e-01   1.7092804e-01   4.5651895e-01   4.0974312e-02   4.2078336e-01  -5.5850859e-01   1.5521785e-01  -3.0691338e-01   4.1912183e-01   2.5681474e-01   3.8794885e-01   4.5751236e-01   6.6209574e-01  -5.7892826e-01   1.4092822e-01   4.1898981e-01  -3.5499851e-01  -4.6537707e-01   1.4259235e-01  -1.6496977e-01   2.3771414e-01  -7.4678136e-02  -6.2490631e-01  -5.3612574e-01  -6.9123562e-01  -3.7806003e-01   6.5012354e-02  -1.3698594e-01  -3.5789925e-01   2.5581162e-01   3.5173289e-01  -6.2031343e-01  -2.8376461e-01   8.5477495e-02   2.5250976e-01   4.0372767e-01  -7.2909677e-02  -2.1437038e-01   2.0691453e-01  -3.3085629e-01  -5.9302791e-02   3.8437877e-01   4.7798328e-01  -7.8285756e-02   3.3345334e-01  -4.3779270e-02  -4.7551100e-01   3.5566306e-01  -5.7999564e-01   4.9385527e-01   1.4294601e-02   1.9449818e-01   6.9488752e-01  -4.6431887e-01  -3.2406693e-01  -2.4187779e-01   9.9200067e-02   2.8768817e-02  -2.9808960e-01  -3.0794838e-01  -2.3836951e-01   8.7459539e-02  -1.2971891e-01  -1.2747115e-02  -4.3639887e-01  -5.3417239e-01   1.2616132e-01   1.8289284e-01  -4.4886702e-01   2.3660419e-01   2.0501708e-01  -6.1544600e-02   1.1261644e-02   5.6964479e-02   6.7369268e-01  -5.5855423e-02  -8.0975230e-02  -2.6274679e-01   4.1619433e-01  -3.4861958e-01  -3.4421415e-02   5.4568828e-02   7.2177159e-02  -5.7996324e-01  -2.3677502e-01   4.5946006e-01  -2.6656799e-02  -1.5667184e-01  -1.2601276e-01   4.6353149e-01   4.3889006e-01   4.8054601e-03  -4.7211635e-03   2.0232220e-01   1.1262649e-01   1.4749527e-01  -4.1975025e-01
  -4.9425282e-01  -4.5455475e-01  -5.1976590e-01   0.0000000e+00  -3.0614577e-01  -1.5701431e-02   1.0324951e-01   2.4286966e-01   2.9374365e-01   1.7106010e-02  -4.9636471e-02  -1.1674977e-01   4.2643263e-01   2.6634763e-01  -2.8108888e-01  -3.1135271e-01  -1.7039733e-01   4.6133194e-01   3.1895332e-01  -4.7964416e-01   2.3271268e-01   5.1816593e-01   1.4971378e-01   1.7247836e-02   2.0966364e-01   4.0647131e-01   2.0391489e-02   1.1896881e-01  -1.2077640e-01   6.0752690e-01  -3.5394122e-01   4.9985996e-01  -3.8461862e-01   1.5170599e-01   9.9114830e-02  -2.3299881e-01  -3.3580544e-01  -3.0627431e-01  -4.9567419e-01  -3.1768052e-01   3.2237903e-01  -1.1390297e-01   3.8194872e-01  -1.7308648e-01  -1.3616294e-01  -6.5032852e-01   2.5435570e-01   9.9663816e-02   4.3671257e-01  -4.5217132e-01   4.2408556e-01   3.6754542e-01   4.4781245e-01   1.5697528e-01   4.1129648e-02  -2.2013511e-01   3.3665641e-01   3.0384759e-01   5.5098498e-01   4.7738968e-01  -3.3696769e-01   2.0806700e-01  -2.1365564e-01  -2.8559549e-01  -6.3248198e-02  -4.2460158e-01   4.3013109e-01   8.3272550e-02  -8.1580484e-02  -5.2668363e-01  -3.1618269e-01   7.1514940e-01   4.3035898e-01  -6.2002378e-02   3.7231492e-01   4.0235146e-01  -5.3859429e-01  -7.8489488e-02  -3.9035484e-01   3.5714461e-02   1.1202587e-01  -2.1518347e-01  -5.4586150e-01  -1.6302560e-01  -1.7254250e-01   1.7745415e-01  -3.0984121e-01  -1.2392922e-01  -4.6898847e-01  -2.2548881e-01  -1.2247763e-01  -2.4159822e-01  -7.0267667e-02   5.4379126e-01  -4.8934433e-01  -3.3796426e-01   6.1948636e-01   1.8662351e-01  -9.8737407e-02  -2.8456257e-01  -4.0563715e-01  -3.5481177e-01   6.5469308e-01   7.1809205e-01   3.3421154e-01   6.8979499e-01   1.1827161e-01   2.3235994e-02   8.3767079e-03  -2.8699010e-01  -3.9293337e-01   6.2872743e-01   7.0920178e-01  -4.0231412e-01  -3.2166724e-01  -4.4370045e-01  -1.3248253e-01   1.0926943e-01  -3.1347066e-01   6.6526577e-01  -3.6542915e-01  -2.9502086e-01  -3.0408168e-01   2.0130972e-01  -1.0805757e-01   2.1730415e-01   2.1706034e-01  -2.8615548e-01   5.0673915e-01  -3.4602986e-01   3.7607432e-01  -5.0157138e-01  -3.4132315e-01   4.6642186e-01   3.3632159e-01   2.8065627e-02   1.8719741e-01  -2.7123772e-01   2.1574727e-01  -2.7335054e-02   1.8138022e-02  -1.7340103e-01   3.4743561e-01   7.7866629e-02   5.6203817e-02   3.8315208e-01  -4.1239066e-01  -4.3134403e-01   4.2655533e-01  -5.9175997e-01  -2.8098086e-01  -1.6525337e-01  -6.4728505e-02   2.9506427e-01  -2.7481335e-01   6.2037034e-02   5.2126314e-03   1.0359189e-01  -4.1882001e-01   1.6023124e-01   3.1069470e-01  -1.0553003e-03  -2.5991728e-01   4.3547981e-01   2.6636240e-01  -4.3055990e-01   3.8086385e-01  -2.3156143e-02   6.6118759e-01  -2.0357105e-01  -3.7290041e-01  -3.7419342e-01   2.2401625e-01  -1.2269065e-01  -1.0685125e-01   2.7620678e-01   1.5682810e-01
   9.0071567e-02   5.0936577e-01   4.9106011e-01  -3.0614577e-01   0.0000000e+00  -1.6800724e-01  -6.4539848e-01  -7.4788662e-02   9.4705515e-02  -3.7646475e-01  -1.6404517e-01   2.8379748e-01   2.6774337e-01  -4.1111668e-01  -3.9317620e-02   3.3856137e-01   4.1963271e-01  -5.3864648e-01  -9.9217062e-02   7.1409706e-01  -6.7141729e-01  -2.6201358e-01  -6.2272380e-01   1.4110691e-01   2.0070273e-01  -2.9939850e-01   2.9739568e-02  -1.6462284e-01   1.6882067e-01  -5.6066017e-01  -3.8004454e-02  -3.9002834e-01   2.6136274e-01  -7.2698943e-01   1.7848919e-01   7.0386289e-01   1.0736436e-01   3.9465508e-01   1.3222367e-01  -2.8763560e-02   5.1429482e-02   2.4035485e-01  -3.7407006e-01  -2.0435895e-01  -2.8563957e-02   2.4600854e-01   2.2455284e-01  -6.5894265e-01  -1.1240281e-01   5.6242925e-01  -5.9694179e-01  -2.3005566e-01  -3.4277188e-01   7.1030293e-02  -3.2819379e-01  -4.8122824e-01   9.4408562e-03  -2.3709746e-01  -2.8014987e-01  -3.7991825e-01   2.9017174e-01  -5.2525676e-01   5.7122667e-01   1.5459018e-01   4.7438091e-01  -1.5784491e-01  -4.5012697e-02   1.7262293e-01  -3.5820267e-01   9.4099983e-02  -7.8532785e-02  -1.5647620e-01  -1.1364986e-01   1.9274145e-01  -1.9128795e-01  -4.1236852e-01   4.4544854e-01  -2.9887536e-01   5.6650619e-01   2.1487758e-01  -4.5049786e-01   4.0308095e-01   1.0053922e-01   1.5377333e-01  -4.0621746e-02  -5.8433422e-01   4.3097862e-01  -4.4768576e-01   3.8444001e-01   2.5019298e-02   5.5484255e-01   1.7508929e-01   4.5135464e-01  -3.2687851e-01   1.5555920e-01   8.0229453e-01  -1.5189053e-01  -1.6597053e-01   5.0445683e-01  -3.9877030e-01  -2.3354885e-01  -3.3663203e-01  -5.5977152e-01  -3.5539206e-01  -6.4806432e-01  -2.0871149e-01  -1.1810136e-01   9.7872287e-04  -2.5154956e-01   4.7511366e-01   1.8199936e-02  -4.1510098e-01  -2.3021816e-02  -1.7571400e-02  -1.2092646e-01   7.9466469e-01   7.9752461e-02   1.2798516e-01   1.0498102e-01  -1.4218552e-01   1.0090315e-01   7.1581365e-01   6.3153109e-01   1.0781834e-01   2.0235200e-01  -2.9714451e-01   2.8196773e-02   2.1444725e-01  -3.9887311e-01   9.5258875e-02   9.6647814e-02   7.9444512e-02   6.1303196e-01  -6.7361772e-01  -6.5589384e-02  -1.9909743e-01   1.6616897e-01  -4.1826628e-01  -2.6274327e-01   2.0161024e-02  -1.8272415e-01   2.2021016e-01  -2.9293618e-01  -6.0452396e-02  -5.4037786e-01  -6.6908225e-01  -4.1526277e-01   1.5906755e-01  -5.8155797e-01   6.4635512e-02  -3.2139257e-01  -7.5222717e-02   2.2648432e-01   1.3325801e-01   4.2458623e-01   8.1892487e-02   6.3361513e-02   1.2938788e-01   2.5311898e-01  -3.5453591e-01   3.2355593e-01   3.3913350e-01  -1.7446748e-01  -5.0570969e-01  -1.1407408e-01   7.7076548e-01  -1.4393425e-01  -6.2749116e-02  -1.7162330e-01   4.2549852e-01   8.0157679e-01   1.4429798e-01   3.0136889e-01   1.6443855e-01   2.9029958e-01   3.1275795e-01  -2.0710114e-02
   1.4134836e-01  -1.6593972e-01  -1.3460797e-01  -1.5701431e-02  -1.6800724e-01   0.0000000e+00   1.6388968e-01   6.7723452e-02  -1.9420026e-01   2.8783781e-01   4.5501617e-01  -2.6962586e-02   3.7888571e-02   4.3915897e-01   5.2038605e-02   3.8092940e-01  -2.0210907e-01   2.1681155e-01  -1.2053444e-01   6.8151024e-02   2.1380064e-01   4.3291819e-01   1.7101459e-01  -3.8131788e-02   1.8350501e-01   3.2305491e-02   5.4607149e-02   3.7723490e-01  -1.5790757e-01   4.2233217e-01  -9.5378015e-02   2.5269105e-01   6.6478699e-02   1.5982251e-01   1.6698939e-01  -1.0678479e-01   1.1268717e-01  -2.3576580e-01   4.0573719e-01   2.5632766e-01   8.2786448e-02  -1.9598452e-01   2.6640688e-01   4.0519495e-01   8.4352603e-02  -7.7669782e-02   1.6112257e-01   2.0249702e-01   1.8391854e-01  -1.0147426e-02   3.2948510e-01   4.1459309e-02  -2.0426141e-02   3.2495096e-01   2.7272676e-01   2.2008959e-01  -8.2919702e-02   5.6023769e-01   1.2995103e-01   4.0461652e-01  -1.9535065e-01   3.4866176e-01  -6.2660064e-02  -4.1861771e-01  -5.1580546e-01  -2.3361320e-02   5.2598021e-01  -2.8273900e-01   7.8948645e-01   1.5861219e-02  -1.4872694e-01  -1.6352456e-01  -1.8320620e-01   6.5115738e-02  -7.0743171e-02  -3.1328644e-02  -1.9713202e-01   2.0434241e-01  -9.1502478e-02  -2.8358134e-01   4.3953590e-01  -8.5258929e-02  -9.6386272e-02  -1.4989991e-01   2.8156069e-01   1.5273992e-01  -2.6562913e-01   4.0860522e-01  -5.8949933e-02  -2.9316584e-01  -2.2645017e-01   1.3321857e-01   5.3664962e-02   1.1606898e-01  -2.0929744e-01  -6.1047416e-02  -2.1162017e-03   1.9470648e-01  -9.2491024e-02  -9.4943855e-02   1.5131400e-01   6.6143229e-02   1.7411917e-01  -2.4531478e-02   2.2988899e-01   7.4421299e-03  -5.5202895e-02   6.0932619e-01   4.0929668e-01  -1.4842551e-02   3.3980614e-02   3.9094360e-01  -3.2127729e-01   2.7558874e-01   2.4582755e-01  -1.7907215e-01   3.1545032e-01   1.7157624e-01   4.4712433e-01  -2.3411457e-01  -2.4092269e-02  -1.0638601e-03  -2.1749176e-01  -1.6718420e-01  -5.0829131e-01   3.8115185e-01   2.3972580e-01  -1.0353140e-01   2.9644081e-01   2.4218835e-01  -3.5142850e-01  -5.8548850e-02  -2.8053089e-01   1.9306859e-01   2.1441454e-01   8.8555598e-02  -4.3136678e-01   2.4865904e-01  -3.5317059e-02   9.4356960e-02   3.3146074e-02   4.1376297e-02   1.0344842e-01   4.6858240e-01   8.9217360e-02   6.1258156e-02  -4.8684944e-02  -1.6370482e-01   5.4933520e-02  -1.0475266e-02   2.9260316e-01   2.4644092e-01  -5.7888230e-02   1.2630495e-01   1.6576446e-01  -1.3805969e-01  -1.2450475e-01   2.5708670e-01  -1.0680084e-01   5.0891403e-01  -3.9069781e-01  -1.7840510e-01  -2.3562350e-02   1.5747273e-01   3.8498865e-02  -1.6001795e-01  -1.0781305e-01   2.6892484e-01  -3.5931580e-02  -2.8287756e-01  -2.4156962e-01  -6.7990525e-02  -4.6585254e-01   4.4596957e-01   1.1083639e-01  -1.5955680e-01   2.3238384e-01
  -5.2579131e-02  -3.4336838e-01  -4.7898843e-01   1.0324951e-01  -6.4539848e-01   1.6388968e-01   0.0000000e+00   1.9069217e-01  -2.5812106e-01   6.0759823e-01   4.9675372e-01  -6.4693896e-02  -3.5616413e-01   5.1001220e-01   2.7844909e-01  -1.8080789e-01  -5.3715057e-01   5.5398344e-01  -3.7057773e-02  -4.7712641e-01   6.3997409e-01   1.8942285e-01   8.1110327e-01  -3.7582183e-01  -3.0906208e-01   2.5359897e-01   3.1149793e-01   3.6014545e-01   1.5619737e-02   5.6734855e-01   1.1220240e-01   4.1162944e-01  -1.0176858e-01   8.1562928e-01   7.4808603e-02  -4.2845771e-01   2.0644135e-01  -3.2617185e-01  -5.7458280e-02  -8.5650526e-02  -1.8668318e-01  -2.0325669e-01   1.4714255e-01   3.6733052e-01   7.7559036e-02  -2.4290546e-01   1.0598070e-01   8.1069528e-01  -6.4374283e-02  -5.5543437e-01   6.0293714e-01  -3.6892870e-03   4.8568900e-01  -6.9024111e-02   2.7474688e-01   6.0937297e-01   1.0861413e-01   1.4250543e-01   1.8067803e-01   2.0318192e-01  -1.8615408e-01   6.9384227e-01  -5.7935974e-01  -2.1012359e-01  -6.4052219e-01   2.1730172e-01   9.5569070e-02  -3.1864974e-01   4.7592806e-01  -3.5067943e-02   1.8255897e-02   2.8833298e-01   1.4836960e-01  -3.6379913e-01  -1.5890853e-01   4.6247380e-01  -3.3337029e-01   4.2700064e-01  -3.9796957e-01  -2.2993459e-01   6.8707180e-01  -3.1831049e-01  -8.1105620e-02  -1.6714570e-01   1.3748300e-01   6.5595682e-01  -2.8790987e-01   5.7851455e-01  -2.9835129e-01  -2.7995555e-01  -7.6635910e-01  -2.5242228e-01  -5.4274844e-01   2.3848791e-01  -2.3485398e-01  -6.8269754e-01   2.3278798e-02   5.1701767e-02  -3.5385132e-01   6.1417196e-01   2.6687948e-01   5.8395396e-01   5.7838857e-01   1.4457792e-01   7.7734026e-01   1.1648679e-01  -4.1328098e-02   1.7002581e-01   4.7643513e-01  -1.6958082e-01   1.1098984e-01   2.8563772e-01  -4.1283309e-03   9.7098355e-02   2.6256753e-01  -6.3501808e-01   4.3778022e-02  -1.5810246e-01   1.6286261e-01   1.7528064e-01  -4.8104087e-02  -6.1977895e-01  -5.2316989e-01  -8.5640189e-02  -3.6715936e-01   3.6196703e-01   2.7145336e-01  -3.0055917e-01   2.7198967e-01   1.4227884e-01  -1.0119846e-01   1.0819380e-01  -7.5570378e-01   6.9672918e-01  -1.9474462e-01   2.0145086e-01  -3.6714029e-01   6.0962265e-01   1.2694376e-01   6.1804331e-02   3.4892645e-02  -3.7797405e-01   8.5047713e-02   3.0088661e-01   7.0225652e-01   5.7999047e-01   5.6644208e-01  -1.0960804e-01   5.5263628e-01  -1.2433351e-01   3.3527741e-01   4.1786625e-01  -2.8392485e-01   4.0427235e-02  -2.9215436e-01  -4.3356080e-02   4.2649276e-02  -1.4025900e-01  -2.9701556e-01   4.5329436e-01  -3.6041082e-01  -2.3576004e-01   3.0248939e-01   5.4760858e-01   4.1588230e-02  -5.4601619e-01   3.7406584e-02   7.0354134e-02  -1.5374592e-01  -5.5696768e-01  -6.3819036e-01  -2.3942134e-01  -1.6486020e-01  -9.6265291e-02  -4.0821621e-01  -3.3552912e-01   1.0250239e-01
  -2.0357585e-01  -3.9792230e-01  -3.4690195e-01   2.4286966e-01  -7.4788662e-02   6.7723452e-02   1.9069217e-01   0.0000000e+00  -3.3176549e-02   6.4781967e-02   3.5531654e-01  -2.5940162e-01   2.1463041e-01   7.2707797e-02   2.1861688e-01  -3.3081773e-01  -2.0683509e-01   3.2818683e-01   1.2439493e-01  -2.0553416e-01   1.7958186e-01   3.0446700e-01   5.8457728e-02  -4.9573810e-02  -1.0746242e-01   3.3301309e-01  -1.7259609e-01   5.8994304e-02  -6.8011825e-02   1.8012951e-01   1.1919306e-01   2.9485363e-01  -2.5324536e-01   2.1335317e-01   2.7917286e-01  -9.8824422e-02   2.3837881e-02  -2.8582180e-01  -2.4214087e-01  -2.9333338e-01   3.5048274e-01   5.3057774e-03   4.6122358e-01   1.0646643e-01  -2.5405089e-01  -1.8213086e-01   3.6476537e-01   5.1772739e-02   3.1180757e-01  -2.3706155e-01   2.2222867e-01   4.6681282e-01   5.9905832e-02   7.3789347e-02   3.1088546e-01  -9.5240678e-02   1.9574432e-01   3.7157996e-01   4.6193299e-01   1.6045565e-01  -1.3356198e-01   9.3830693e-02  -1.1612988e-01  -1.0232416e-01   6.9095801e-02  -2.3840885e-01  -5.8930418e-03  -1.4876239e-01   1.3818095e-01  -4.5114659e-01  -2.3832244e-01   2.8472573e-01   1.7125798e-01  -3.0923402e-03   8.9716196e-02   4.8514484e-01  -3.3289143e-02  -5.4168220e-03  -2.2161439e-01   3.5357643e-01   2.0354518e-01  -2.5736231e-01   4.9323370e-02   3.0751106e-01  -2.6777272e-01   2.8256477e-01   1.3377261e-02   5.6298659e-03  -2.6479636e-01  -3.2239743e-01   7.0652521e-02   1.1839398e-02  -2.2924261e-01   2.2367690e-01  -6.1293485e-02  -6.7635685e-02  -5.2437871e-02   3.8132248e-01  -1.3492918e-01  -1.0902127e-01  -9.0891303e-02  -1.0229836e-01   2.1148818e-01   3.5939852e-01   2.1199721e-01   1.4954767e-01   1.9211392e-02  -8.0290866e-02  -5.0970763e-02  -1.3607380e-02  -1.7387098e-01   1.7775079e-01  -1.4606404e-01  -3.2453351e-01  -1.2239016e-01   3.8394611e-02  -2.5718173e-02   1.2865537e-01  -1.9281444e-01   4.9918390e-03   1.0626807e-01  -9.7690097e-03  -1.9134603e-01   4.9453836e-01  -1.3024070e-01   9.9463837e-02   2.7776931e-01  -7.2375523e-02   2.9919912e-01  -3.0939316e-01  -7.1091505e-02  -8.9345733e-02  -1.6378452e-01   9.1180075e-02   1.6869452e-01   5.9877829e-01   6.4937980e-02  -6.1645563e-02   6.9313337e-01  -2.0291719e-01   1.9093223e-01  -1.3758611e-01   1.2765394e-01   4.6026057e-02   3.5125548e-01   2.3266936e-01  -1.4848721e-01  -8.9632879e-02   1.3830506e-01  -1.6288926e-01  -1.6378887e-01   3.2177630e-01  -7.3652186e-02   5.4529305e-02  -2.5127367e-01  -3.0300751e-01   8.7278845e-02   3.3398133e-01  -1.3301691e-01   1.6764810e-01  -1.2329192e-01   4.9658224e-01  -9.6038591e-02   4.2406374e-01   3.1027445e-01  -1.0347201e-01   5.9496421e-02   3.9713202e-01  -4.9780908e-02   1.0594340e-01   1.8235073e-02  -1.2554219e-01   2.5238499e-01  -5.6446619e-02  -8.8070426e-02  -7.2980247e-03   1.5338507e-01
  -1.5777186e-01   5.1603526e-02  -6.6718629e-02   2.9374365e-01   9.4705515e-02  -1.9420026e-01  -2.5812106e-01  -3.3176549e-02   0.0000000e+00  -2.9600414e-03  -4.4896334e-01   9.1527839e-02   3.0989501e-01  -3.3153235e-01  -3.8183383e-02  -1.2318681e-01   1.4778312e-01   2.6529325e-02   2.3425580e-01   1.4378719e-01  -3.0609030e-01   2.6076702e-01  -1.9619540e-01   3.6454916e-01   1.1142241e-01   2.0496305e-01  -3.1149602e-01  -2.3482241e-01  -3.2524510e-02   3.1726782e-02  -4.7545696e-01  -3.1103240e-01   7.6846209e-02  -2.2560209e-01   1.0942381e-01   8.4198709e-02  -1.4102904e-01   8.2428214e-02  -1.3156140e-01  -3.0287485e-01   3.8762043e-01   1.9068997e-03   3.0813243e-01  -6.2472539e-01   9.3174219e-02  -2.3930218e-01  -1.4927676e-01  -3.5375687e-01   2.2570845e-01  -1.0112255e-01   7.8365820e-02   3.4700765e-01  -4.6077651e-02   2.8610086e-01  -1.1883937e-01  -3.9741125e-01   1.4095308e-01   2.0331440e-01  -2.8821244e-02   3.7867334e-01   1.5892200e-01  -1.5431361e-02   3.1492721e-01  -2.6657774e-01   1.7938102e-01  -1.1976156e-01  -6.3979859e-02   1.3312218e-01  -3.6010448e-01  -3.5158550e-01  -3.6680773e-01   3.0170270e-01   2.1986150e-01  -5.2149519e-02   2.3881621e-01  -7.8793811e-03  -6.0371694e-02  -1.8720016e-01  -6.1393970e-02   1.6784006e-01  -4.5496924e-01   5.8571466e-02  -2.2555783e-01  -1.4640089e-01  -5.3716928e-01   1.6509913e-02   5.3154085e-02  -2.6938283e-01  -1.3523121e-01   2.4833193e-02   8.9283937e-02   5.3398253e-02   1.6672364e-01   2.7637044e-01   8.2628582e-02   4.1691290e-02   2.7333827e-01   2.6579080e-01  -3.0022377e-02  -1.6216697e-01  -5.5079232e-01  -1.4879584e-01   7.4093737e-02   5.3102948e-01  -4.7185991e-02   1.4609557e-02  -1.8539977e-02  -2.3322656e-01   6.9208770e-02  -1.2113565e-01  -1.9393987e-01   2.7451331e-01   3.8670703e-01  -2.8393063e-01  -4.2235922e-01   5.8404984e-02   1.5156833e-02   1.8377853e-02  -5.2429292e-01   2.6306002e-01   1.1354657e-01   1.2960503e-01   2.8037055e-01  -1.2595686e-01   1.3310995e-01  -1.2603627e-01   6.1841148e-02   2.4947059e-03   3.4279182e-01  -5.3893949e-01   2.8720094e-01  -1.8647431e-01   1.1701097e-01  -2.0266997e-01   4.4125958e-01  -1.8562965e-01   3.0089308e-01  -5.6534300e-01   1.1074168e-01   3.0119269e-01   3.5917387e-02   2.7778802e-01   1.2071123e-01  -3.9660732e-01  -2.9309045e-01  -2.5139404e-01  -4.2814430e-01  -4.8722743e-02   1.2296453e-01  -1.7315544e-01  -5.7630734e-01  -3.3485488e-01   3.8604729e-01  -1.3175933e-01  -7.1697469e-02   2.4610486e-01   2.2672055e-01   2.4307545e-02   2.5786541e-02  -2.2304771e-01   2.5918436e-01   1.8212387e-01  -3.2190186e-01   7.4507520e-02   1.6488552e-01   4.3021695e-02   1.5435136e-01  -1.2600462e-01   1.9790470e-01  -4.4711751e-02   9.1198947e-02  -1.2532979e-01   3.0695742e-01  -1.2093585e-01   8.2184792e-02   2.5652157e-01   1.2727504e-01
   9.0621324e-02  -1.2909676e-01  -4.3838528e-01   1.7106010e-02  -3.7646475e-01   2.8783781e-01   6.0759823e-01   6.4781967e-02  -2.9600414e-03   0.0000000e+00   4.4742045e-01   1.3708846e-02  -2.2562676e-01   3.0144071e-01   2.7131549e-01  -8.4300042e-02  -3.2219654e-01   3.0682848e-01   2.4462833e-01  -7.9838332e-03   4.0666379e-01   1.7630700e-01   6.6599319e-01  -4.1817245e-02  -1.1360401e-02   1.6992373e-02   1.0892693e-01   2.6675086e-01   2.9619010e-02   4.8612725e-01  -1.3432631e-01   1.6179972e-01  -2.9775392e-01   6.4394624e-01   2.6719153e-01  -1.7627649e-01   3.1693852e-01  -4.1571756e-03  -5.9607552e-02  -3.8303605e-02   5.1815877e-02  -1.7368153e-01   1.9084804e-01   1.2898723e-01  -3.6265605e-02  -1.8178826e-01   4.8405648e-02   5.0094033e-01  -7.8098481e-02  -4.2035955e-01   5.5625662e-01   7.7001226e-02   3.5087062e-01  -5.6907830e-02   2.0391814e-02   2.7160108e-01  -1.5914300e-01   2.6140735e-01  -4.9020367e-02   3.2353486e-01  -1.6196910e-01   7.1232410e-01  -3.0735087e-01  -3.7732866e-01  -5.4576503e-01   4.4884757e-01   2.0285437e-01  -3.6806282e-01   4.0312334e-01  -1.4206719e-01  -8.5119303e-02   2.9076683e-01  -8.1025953e-02  -4.3742677e-01  -1.1592873e-01   1.7509128e-01  -2.2185417e-01   1.5910394e-01  -4.8110173e-02  -3.2489918e-01   3.0856501e-01  -1.0399288e-01  -1.7730650e-01  -3.5458058e-02  -1.8846911e-01   4.2132951e-01  -1.4485730e-01   4.5772304e-01  -1.3312603e-01  -1.7032516e-01  -6.4118678e-01  -2.8020655e-01  -4.0093411e-01   2.8354863e-01  -1.1614980e-01  -3.9387918e-01   1.0957488e-01   1.1947957e-01  -1.2086095e-01   5.2019789e-01  -5.1394526e-02   4.5244144e-01   3.0003728e-01   2.6849858e-01   6.7310260e-01   1.5698990e-01  -2.5054025e-01   3.8217306e-01   6.9426065e-01   3.3913343e-02  -1.2531226e-01   2.8480345e-01  -1.4255051e-03  -9.5741881e-05  -9.7578544e-02  -3.8730930e-01   1.7967119e-02  -2.1291085e-01   1.8225702e-02   9.7998010e-02   3.1338815e-01  -2.4112157e-01  -2.9946768e-01  -2.7935662e-01  -1.2242608e-01   2.2516555e-01   2.8127736e-01  -1.7807482e-01   3.8788401e-01  -9.7169151e-02  -5.5080336e-02   3.2508037e-02  -5.1555242e-01   4.6895351e-01   1.4703890e-01   2.0714145e-03  -4.1088630e-01   2.7388556e-01  -4.9441112e-02   3.7762734e-01   1.4354291e-01  -1.7990385e-01  -4.6212312e-02   7.5266791e-02   4.1940690e-01   1.7603146e-01   2.5951780e-01   5.7270798e-02   6.0842164e-01   4.7750112e-02   5.8512943e-02   1.4002314e-01  -9.4920079e-02  -8.8852304e-02  -1.8040422e-01   3.1984399e-01   2.2665789e-01   9.6059463e-02  -1.2735650e-01   2.6078253e-01  -3.2810061e-01  -1.1707276e-01   5.1588841e-01   3.4406834e-01   1.0867970e-01  -4.4606197e-01  -9.3502104e-02   2.2435279e-02  -2.4108716e-01  -5.4764163e-01  -4.0849263e-01   5.3734304e-02  -8.0437138e-02  -1.3982472e-01  -2.2605617e-01  -1.9508971e-01   2.7986797e-01
  -1.6008084e-03  -1.5492022e-01  -3.4400385e-01  -4.9636471e-02  -1.6404517e-01   4.5501617e-01   4.9675372e-01   3.5531654e-01  -4.4896334e-01   4.4742045e-01   0.0000000e+00   7.1776464e-02  -1.0202975e-01   2.9876576e-01   4.0643674e-01   5.0580997e-02  -4.1222058e-01   4.3495007e-01   9.7379125e-02  -5.9791668e-02   3.3954366e-01   1.0636765e-01   4.2384863e-01  -3.3004256e-01  -1.9053050e-01   3.9503501e-02   1.3903680e-01   2.5240086e-01   5.3325713e-02   2.9105034e-01   1.7861258e-01   4.3101778e-01  -7.0075901e-02   4.5836828e-01   4.3230682e-01   6.1159765e-02   3.3088344e-01  -2.0253276e-02   7.3099585e-02  -2.2340213e-02   1.8642532e-01  -6.2931506e-02   9.7357394e-02   4.1262402e-01  -6.7691492e-02  -8.7954897e-02   5.2740086e-01   4.5925839e-01  -1.0421767e-01  -3.2965200e-01   4.3800337e-01  -2.4593704e-02   1.6706518e-01   6.7946689e-02   2.8168286e-01   2.5203829e-01  -2.0730076e-01   1.6762140e-01   2.5306755e-01   8.5640856e-02  -5.5055684e-02   4.6398719e-01  -3.6420270e-01  -2.3981628e-01  -4.8791940e-01   1.2665537e-01   2.5975290e-01  -2.6191929e-01   6.0860081e-01  -3.9687665e-02   5.2638548e-03   1.4754767e-01  -7.0145542e-02  -2.4789979e-01  -2.4328335e-01   3.8815699e-01  -4.0926075e-02   3.4810927e-01   2.6364382e-02  -1.5769353e-01   6.0370421e-01   5.7338526e-03  -8.1112836e-02   1.0097526e-01   1.7691906e-01   2.6868060e-01  -1.1400105e-01   4.8866516e-01  -1.2590910e-01  -4.5600501e-01  -3.6915776e-01  -3.1625440e-02  -4.1988402e-01   1.4786066e-01  -2.6416964e-02  -1.0565245e-01  -1.7940314e-01   7.5051964e-02   5.2807043e-02   2.0133876e-01   2.4431588e-01   2.3466097e-01   2.0154196e-01  -4.3409547e-02   5.0045080e-01   1.2560576e-01  -2.1392188e-01   3.4147805e-01   4.9890868e-01   2.0616614e-01   4.9398597e-02   1.4829264e-01  -2.3982844e-01   3.3953826e-02   7.4611403e-02  -1.1888199e-01   6.2106599e-04   8.0715118e-02   3.0947872e-01  -1.9864593e-01   1.1434965e-01  -1.1111513e-01  -2.9937081e-01  -5.1134466e-02  -2.8795782e-01   3.0891246e-01   4.9919951e-01  -1.0895743e-01   1.4016190e-01   3.0536035e-01  -2.3333442e-01   1.2079121e-01  -5.3002851e-01   4.1823754e-01  -9.5036950e-04   3.9592410e-01  -4.2531703e-01   4.0419834e-01   2.7374011e-01   3.1884199e-02  -6.7094630e-02  -1.2771240e-01  -1.0287235e-01   4.3001045e-01   5.1497298e-01   2.2600205e-01   1.9803234e-01  -3.2193317e-03   3.2635618e-01  -1.5504152e-02   1.4387769e-01   5.6945415e-01  -2.0361275e-01   2.1054384e-01  -5.9059205e-02  -4.3556364e-02   2.2905612e-02   2.2559999e-01  -1.5566915e-01   3.3548329e-01  -3.3058322e-01   1.4169946e-01   3.3554453e-01   4.7380972e-01   1.6842602e-01  -1.4023231e-01  -1.5837774e-02   2.4022432e-01  -2.6569888e-01  -3.0206619e-01  -2.2234423e-01   2.6394144e-01  -2.1861551e-01   1.9889327e-01  -7.2053687e-02  -2.8649315e-01   5.4741805e-02
   1.2176457e-02   7.2433781e-01   2.9799764e-01  -1.1674977e-01   2.8379748e-01  -2.6962586e-02  -6.4693896e-02  -2.5940162e-01   9.1527839e-02   1.3708846e-02   7.1776464e-02   0.0000000e+00  -1.9327048e-01  -9.2342114e-02   2.2596233e-01   3.2656225e-01   2.0212171e-01  -1.0326840e-01  -5.6124614e-02   3.4738882e-01  -4.3954228e-01  -3.5077279e-01  -1.3225017e-01   2.1261153e-01   1.1569730e-01   4.6850667e-02   4.7411889e-02   2.1950119e-01   4.2704728e-01  -1.2560333e-01  -4.2616732e-01  -1.3032011e-01   2.9232363e-01  -1.2666570e-01   2.3536849e-01   3.8535531e-01  -4.9621081e-02   3.5516343e-01   6.8559560e-02   6.5298034e-02  -1.0535569e-02  -4.4662880e-02  -3.9861008e-01   2.4502752e-02  -8.0814183e-02  -2.0092731e-02   1.4542958e-01  -1.3393809e-01  -6.3012582e-01   1.5343092e-01  -1.5486259e-01  -3.7011941e-01   2.7698825e-01  -9.4239306e-02  -4.2455423e-01  -2.0825647e-02  -8.7834546e-02  -2.1100498e-01  -3.1850378e-01  -1.2021514e-01   2.5521889e-01  -1.4961419e-02   9.4683645e-02   6.7794852e-02  -1.0909596e-01   4.1953921e-01   1.0296049e-01   1.0218934e-01  -8.3742478e-02   3.6196124e-01   4.9624566e-02  -4.8563726e-02  -7.0845912e-02   1.4363080e-02  -3.3835936e-02  -4.3579263e-01   2.0297817e-01  -2.6103353e-02   3.9599843e-01   1.0318635e-01  -1.1105073e-02   3.0095440e-01  -5.5481208e-02   1.5462333e-01   2.7416888e-01  -3.8519864e-01   1.6033092e-01  -5.7525420e-02   4.7882268e-01  -5.4418759e-02  -1.4993635e-01   1.4207049e-01   3.7663529e-01  -2.4284670e-01  -6.0939333e-02   2.1627708e-01   1.6836271e-02  -2.5845997e-01   2.1435226e-01   1.3962168e-01  -2.5112908e-01   1.7239051e-01  -1.8225206e-01  -3.1271178e-01  -1.4399541e-01  -2.9317117e-01  -2.9204182e-01   7.4564137e-02   1.0313461e-01   3.0066277e-01   1.2454609e-01  -2.6495480e-01   1.9512518e-01  -4.8594072e-02  -1.9492335e-01   1.2447076e-01   1.5321648e-01  -2.2658856e-01   2.8872699e-01  -1.1833355e-01  -6.0595120e-02   3.9015444e-01   6.3042863e-01  -2.5307948e-01   2.1977265e-01   3.1255584e-01   1.4429808e-01   6.2867971e-02  -4.1707124e-01   2.8307527e-01  -7.6011051e-02   2.1251020e-01   1.2270191e-01  -8.4717855e-02  -2.2296277e-01  -5.7867008e-01  -6.7820974e-02  -6.8559520e-02  -3.6401941e-01   2.8031802e-01  -2.3452313e-01  -1.3385883e-01  -7.1008710e-02   3.5194202e-01  -3.7824504e-01  -5.1859475e-01  -7.8037588e-02  -2.5141203e-02   1.2964437e-01  -2.0415460e-01  -6.6477358e-02  -3.7503590e-02   9.7713574e-02   1.0141395e-01   6.6932253e-01   4.8475180e-01   7.9916414e-02  -3.3781128e-01  -8.8171587e-02  -8.5499382e-02   2.6966873e-01  -4.3211590e-02   7.7863658e-02  -3.8996152e-01  -1.2694129e-02   5.3703173e-01   2.4221779e-01  -2.6969773e-01  -9.3606074e-02  -2.0278370e-01   3.3137029e-01   2.5341210e-01   2.4673277e-01   1.2978713e-01   2.7821567e-01  -5.8220706e-03  -2.5472096e-01
  -2.6058465e-01  -2.6252850e-01  -5.3309013e-02   4.2643263e-01   2.6774337e-01   3.7888571e-02  -3.5616413e-01   2.1463041e-01   3.0989501e-01  -2.2562676e-01  -1.0202975e-01  -1.9327048e-01   0.0000000e+00  -1.1875511e-01  -4.5975636e-02  -2.3301081e-01   1.1198778e-01   1.5856491e-01  -7.2132396e-02   1.4461799e-01  -2.6259008e-01   3.6823467e-01  -2.8555293e-01  -6.5425924e-03   1.0710470e-01   1.4670877e-01   3.4688338e-02  -1.2952226e-01   4.9742954e-02   1.9740144e-01  -4.2701016e-01   7.1886784e-02  -1.1585743e-01  -4.1402005e-01   1.9570584e-01   2.9821129e-01  -1.4977748e-01  -3.1439281e-01  -2.6669287e-01  -1.8508115e-01   5.7913274e-01   2.2001806e-01   4.2157761e-01  -4.2244303e-01   1.4665298e-02  -3.5847577e-01   3.3140417e-01  -3.7241698e-01   2.5165271e-01   9.4937647e-02   1.7991374e-01   4.0828082e-01   6.7458570e-02   4.6703311e-01   1.5387486e-01  -5.1761614e-01   1.9218464e-01   1.4595100e-01   3.3823233e-01   1.9089944e-01  -1.1647555e-01  -1.1552279e-01   2.0967699e-01  -4.1568481e-01   5.7996372e-02  -5.9835828e-01   3.4095924e-01   3.5665845e-01  -1.0555448e-02  -4.0332608e-01  -5.3232066e-01   3.1246921e-01   2.6833967e-01   1.2051145e-01   2.2978601e-01   2.6077616e-01  -2.2717449e-01  -9.8508736e-02   1.0060250e-01   5.4838191e-01  -1.6293368e-01  -5.8906622e-03  -4.5240804e-01  -1.3371535e-01  -3.7707478e-01  -9.8201074e-02  -1.4515472e-01  -3.6088504e-01  -1.6062661e-01  -1.5702299e-01   3.2368426e-01   9.2469019e-02   1.7380733e-01   4.1167089e-01  -2.9282269e-01   3.9106392e-01   3.6423418e-01   2.4474326e-03   2.2281697e-01  -7.0972723e-01  -5.0591857e-01  -5.9727242e-01   2.5550263e-01   4.6832813e-01  -8.0983988e-02   3.2851317e-01   1.2628075e-01   1.6636656e-01  -1.8999027e-01  -1.0822700e-01  -4.2401873e-01   3.1936950e-01   2.9250955e-01  -4.3009713e-01  -4.4584956e-01   1.6406955e-01  -3.0899622e-01   3.6428423e-01  -3.8145911e-01   7.9870468e-02  -4.1436425e-01   2.2505763e-01   8.4001870e-02   2.8705170e-01   2.2070864e-02   8.7182185e-02   3.0728526e-01   2.3415651e-02   4.5620593e-01  -3.0074693e-01   2.8814625e-01  -4.4466699e-01   4.7845281e-02  -4.6432789e-02   4.1833118e-01   1.7048274e-01   2.7677904e-01  -5.6285411e-01   2.5738723e-01   4.6101743e-02   1.4206409e-01   3.6671267e-01   1.5960905e-02  -7.0593152e-02  -3.0802876e-01  -1.7341090e-01  -6.4458267e-01  -4.0423429e-01  -8.1339663e-02  -5.0503938e-01  -5.4899025e-01  -1.9107610e-01   4.0771449e-03   2.9236588e-01   5.1618591e-02   1.2065127e-01  -7.1178084e-02   2.5781951e-01   6.5736616e-02   6.4552868e-02   1.4772081e-01   1.9547811e-01  -5.3826003e-01   1.8148348e-01  -1.5456379e-02  -3.8182266e-02   6.4882439e-02   3.1185438e-01   3.9050306e-01  -3.5078441e-02   9.8435791e-02  -2.4690375e-01   3.0123257e-01   5.3363113e-02   3.0308819e-01   2.4145649e-01   1.4526613e-01
  -1.4992016e-01  -3.4397220e-01  -2.8561296e-01   2.6634763e-01  -4.1111668e-01   4.3915897e-01   5.1001220e-01   7.2707797e-02  -3.3153235e-01   3.0144071e-01   2.9876576e-01  -9.2342114e-02  -1.1875511e-01   0.0000000e+00  -1.6655593e-01   1.0189761e-01  -3.2216059e-01   4.1458363e-01  -1.1845692e-01  -5.0212633e-01   4.4351507e-01   4.0832360e-01   2.9912351e-01  -3.0014145e-01   7.9977116e-03   1.7837917e-01   2.0307469e-01   3.7752552e-01   1.6139694e-01   5.7810230e-01  -5.5674062e-02   3.7515657e-01  -2.1546159e-01   3.8893572e-01   1.0647619e-02  -5.0642900e-01  -8.8184822e-02  -5.0252283e-01   1.1687932e-01   5.8521725e-03  -7.6462137e-02  -3.1429435e-01   3.0912322e-01   5.1849358e-01  -1.3807433e-01  -1.9203286e-01  -5.9907234e-02   5.0739726e-01   9.0417940e-02  -2.2427870e-01   4.3669173e-01  -1.7729287e-01   1.6499537e-01   2.1092211e-01   4.6782006e-01   4.1770467e-01  -2.8099534e-02   2.9504736e-01   6.7732881e-02   3.6685280e-01  -3.2777546e-01   4.4616657e-01  -4.2250081e-01  -4.2750017e-01  -6.1217916e-01  -1.2421159e-01   3.9671511e-01  -3.7499015e-01   5.1541548e-01  -3.9478626e-03  -2.1249887e-03   1.9146069e-01   2.0319669e-01  -2.3788849e-01  -9.5177090e-02   1.9537742e-01  -3.9244073e-01   4.0356564e-01  -5.1319358e-01  -3.6130508e-01   6.4221715e-01  -3.4497951e-01  -1.4780906e-01  -2.0906832e-01   3.8496292e-01   3.8234839e-01  -2.1425915e-01   4.3837160e-01  -4.0722144e-01  -2.0946808e-01  -5.8548158e-01  -1.9292623e-01  -2.0278822e-01   2.4005594e-01  -3.4259730e-01  -5.8085079e-01   2.6677523e-01  -5.1645650e-02  -1.4025283e-01   1.2864076e-01   2.4002355e-01   1.1086541e-01   4.8945191e-01   1.0164734e-01   4.4393085e-01   3.6212290e-01   2.0036514e-01   1.4432765e-01   2.9068404e-01  -2.6972624e-01  -6.8461026e-03   4.9693698e-01  -3.6797545e-02   3.4041288e-01   4.2023374e-01  -5.7420903e-01   3.3487125e-01   2.9154771e-01   3.4626052e-01   2.8026601e-01  -1.6484802e-01  -3.5415671e-01  -4.1841921e-01  -5.6778267e-02  -4.4552574e-01   5.3441857e-01   8.7540313e-02  -5.6549267e-01   2.0838649e-01   2.9401204e-01  -2.0212282e-01  -1.3125502e-01  -5.4431896e-01   3.8503962e-01   4.7331172e-02   7.4134102e-03  -2.2256903e-01   4.2183084e-01  -1.8327679e-01  -2.7322830e-02   5.2585446e-02  -3.9567001e-01   1.3854745e-03   5.2224658e-01   3.5670284e-01   3.2179028e-01   1.5488177e-01  -1.4537128e-01   1.3499137e-01  -2.1481465e-01   4.2645316e-01   3.8525887e-01  -8.3990398e-02   9.4638674e-02  -1.6065563e-01  -2.7549750e-01  -1.1349490e-01  -8.5853268e-02  -3.3976882e-01   6.3484363e-01  -2.0538423e-01  -2.8270010e-01  -3.0720523e-02   3.1175394e-01   2.0652372e-01  -4.5859712e-01  -9.8071888e-02   3.8196873e-02   1.4497655e-01  -3.4464555e-01  -5.2596524e-01  -3.6533686e-01  -4.0783001e-01   1.4224718e-01  -2.5268908e-01  -7.4946315e-02   1.1633804e-01
