   0.0000000e+00   3.0305815e-01   9.2245940e-02   1.0800399e-01  -1.3981363e-01   4.7793726e-02   2.6515519e-01   4.8223271e-02   5.1809118e-01   2.9827880e-01   1.8641646e-01  -2.1056306e-01   2.2873885e-01   7.2197749e-02   9.0792967e-02  -3.9216360e-03   1.1112911e-01   3.5009234e-01   1.7938011e-01   5.0911760e-02   3.6919002e-01   3.2728913e-01   3.9052687e-01   3.9268273e-01  -3.3634222e-01   2.6020392e-01   2.2053886e-01   3.5177363e-01  -3.5195808e-02   3.6191490e-01   1.7609807e-01   3.8102244e-02   2.7519832e-01  -1.4255396e-01  -1.4419136e-01   1.8226988e-01   9.0348968e-02   1.0340786e-01   3.5272939e-01   2.0643213e-01  -1.4181583e-01  -4.4991078e-01  -6.7142174e-01   3.1215835e-01   7.1672206e-03   4.2658185e-01   1.5917935e-01   1.0436249e-02   1.7167973e-01  -6.0917264e-02   1.5670396e-01   3.0560613e-01  -2.7296025e-01   3.2607243e-01  -1.1693173e-01   2.7289007e-01   8.6114689e-02   3.7054808e-01   4.3202771e-01   3.4948767e-01   4.0029624e-01   2.9514131e-01  -1.5446094e-02   3.6125886e-01   3.5538757e-01   2.8966508e-01   2.1612901e-01   2.3598023e-01   4.4121479e-02   1.8510783e-01   9.7181233e-03  -7.7246060e-02  -3.1646523e-01   9.7375080e-02  -2.2284194e-01   1.4232347e-01   5.4951623e-01   8.1392718e-03  -3.2148333e-01   1.0351788e-01   2.6191143e-01  -2.2214949e-01   1.6982980e-01   2.5265650e-01   5.8218327e-01   1.7070721e-01   1.9646418e-01  -3.2074023e-01  -1.1970854e-01   3.2477040e-01   5.1868129e-02  -8.9124757e-02  -3.0199884e-01   4.8299847e-02   4.8569046e-01  -3.4096157e-02  -1.3351066e-01   3.0463743e-02  -6.0203321e-02  -1.8188203e-01   1.0689351e-01   4.1681685e-01   8.1008022e-02   4.9070745e-01   1.2353262e-01  -8.3103503e-02  -6.9828347e-02   4.0756127e-01  -1.4303365e-01   8.1560816e-02   1.6794833e-01   2.1532343e-02  -2.4794529e-01   4.3238598e-01   2.0693781e-01  -3.0688134e-01   2.6908369e-01   4.8552509e-02   5.1095899e-02  -1.1891441e-01   5.6309482e-01  -1.9453286e-01   1.2397510e-01   1.8831133e-01   4.3549455e-01  -4.8273562e-02  -1.1475663e-01  -4.7312114e-01  -9.3116908e-02   9.8855818e-02   8.1576732e-02   1.1305652e-01   2.8458284e-01   3.5783247e-01   1.0738908e-01   5.3957668e-02   1.3739270e-01   1.6034787e-01   3.3061021e-01   1.6897922e-01   4.3940373e-01  -3.9166671e-01   4.3887457e-01   8.2900158e-02  -6.1529675e-02   2.7252170e-02  -3.7000430e-01   8.0641423e-02   3.8469467e-01  -1.0548778e-01   4.2529567e-01   1.5711424e-01   8.5214010e-03   2.2879048e-01  -1.0405148e-02   5.0488136e-01   3.2570326e-01   2.7454646e-01  -4.8296565e-02   1.2296050e-02  -9.1040818e-02   4.0566018e-02  -2.8716171e-01   6.7632211e-02   1.2346507e-03  -3.0838888e-01   1.2279646e-01   8.9072451e-02   4.0830135e-01  -1.0833613e-01  -1.0034417e-01   8.1210970e-02  -7.8299813e-03   1.1419257e-01  -1.0835582e-01  -1.4991763e-01   2.4259650e-01
   3.0305815e-01   0.0000000e+00   2.3784787e-01   9.4310297e-03   2.3541134e-01  -2.1783589e-01   2.0075615e-01   3.4266129e-02   2.3726033e-01   1.7729072e-01  -1.1972464e-01   3.1288460e-01   3.0010429e-01   2.5078812e-01   3.5865677e-02  -5.1163803e-02   2.7041526e-01   3.1266272e-02   1.7864475e-01   3.1489928e-02   1.3031842e-01   1.2115720e-01   4.3450911e-02   4.7112540e-01  -1.1649595e-01   1.5875964e-01  -7.7641681e-02   2.4501976e-01  -1.0275642e-01   1.3490022e-01  -3.3926846e-02  -6.3738728e-02   3.5107269e-01   2.3046394e-01   2.1078327e-01   2.3189751e-01   7.9806582e-02   2.4184185e-01  -1.1575572e-01   1.3963058e-01  -8.1846078e-02  -2.6655503e-01  -2.3618978e-01   2.6565333e-01  -4.2383766e-02   5.6476706e-02  -6.3058468e-02   2.0681880e-01   1.9356637e-01   3.6350485e-01   6.6980995e-02  -3.2061928e-02   2.3204438e-01   6.1560604e-02   6.0354883e-02   7.8746208e-02   1.5672829e-01  -3.2104411e-02   1.9969904e-01   1.3136918e-01  -2.1946032e-02  -1.2041499e-01   2.4424753e-02   2.2867830e-01  -1.3240586e-01  -1.8054811e-01  -1.5714820e-01   1.7928442e-01  -2.1005300e-01  -9.8447579e-02   5.1972414e-01  -5.8539554e-02  -7.1470760e-02   1.6842793e-01  -1.5858062e-02  -9.4795196e-02   9.5742601e-02  -4.2657669e-02  -1.6890143e-02   3.8646710e-01   1.8569698e-01  -5.9820298e-02   3.7857095e-02   1.3272773e-01   3.6330369e-01   7.2763789e-02   4.4591913e-01   9.6134239e-02   3.6498487e-01  -4.9867494e-03   1.9684841e-01  -3.3291997e-01   1.3180548e-01  -9.2853229e-02   1.0476859e-01   6.3042460e-02  -1.5924547e-01   2.4800047e-02   3.4223230e-01   5.0078926e-02   3.1281979e-01   8.5492827e-02  -2.1442008e-01   2.9525901e-01   8.3538338e-02  -4.4689297e-02   8.5853903e-02   2.0752159e-01  -3.0353762e-02  -1.5660616e-02   3.6754628e-02  -2.7774137e-01  -9.8383304e-02  -1.3166446e-01   1.6678095e-01   3.2021270e-01  -3.8831647e-02  -5.6743294e-02  -2.6249878e-02  -3.3097750e-02   7.3694305e-02   1.8361997e-01  -3.5351447e-02   3.7487784e-01   1.0612587e-01  -8.9138297e-03   2.6492636e-03  -1.7550266e-01  -2.3957289e-01   1.1140966e-01   8.1351972e-02   4.4891908e-01   3.8723667e-01   1.0805532e-01   1.0736665e-01   1.6170369e-01  -1.2456771e-01   1.6324475e-01   2.1397701e-01   1.8295013e-01   1.2697768e-01  -3.5280933e-01  -1.6903140e-01  -4.1088218e-02  -1.4812465e-02  -9.8815373e-02   1.9642585e-01  -1.0485554e-01   8.8285031e-02  -2.5064216e-01  -3.9133260e-02   3.0720362e-01  -2.0397496e-01  -1.5955887e-01   3.6657553e-01   9.4039635e-02   1.1687021e-01   1.5689950e-01  -1.5258741e-01   5.3180282e-02  -3.7391876e-03  -1.1209398e-01  -2.0695297e-01  -1.7594608e-01   2.1256797e-02   1.4597878e-01  -1.2770831e-01  -2.4528621e-02   1.2480049e-01   3.3981655e-01   1.0675185e-01  -1.3594498e-02  -1.9008662e-01  -1.1482281e-01  -1.5205276e-02   1.2998343e-02   1.9870425e-01
   9.2245940e-02   2.3784787e-01   0.0000000e+00  -4.2180113e-01   2.5701845e-01  -8.2028498e-02   8.5012268e-02  -2.8804314e-01  -2.7422014e-01   3.0161333e-01  -2.8668878e-01   4.1415595e-01  -9.5935242e-02   2.8568379e-01  -3.2698273e-01  -1.4868721e-01   6.9695384e-01  -6.1447519e-03  -3.9862473e-02  -3.2156462e-02   4.5175326e-02   9.0005453e-02   4.9930872e-01   3.1463704e-01   1.8907837e-01   1.3845528e-01   2.2426768e-01   1.2044184e-01  -1.7041676e-01  -2.2772770e-01   1.2508065e-01  -2.7344749e-01   3.0967912e-01   2.4786591e-01  -9.0416383e-02   1.5024445e-01   3.9761014e-01   9.8932118e-02  -1.7765199e-01   7.9431310e-01  -1.8234826e-01  -1.6940289e-01  -9.8899972e-02   1.4418758e-01  -3.4914801e-01   1.3784739e-01  -3.3402975e-01   3.1300979e-01   1.3549211e-01   5.4553695e-01  -9.7374363e-02  -8.7107470e-02   1.7917113e-01   1.9599189e-01   1.5742504e-02  -2.5612811e-01  -1.3612508e-01  -1.7422488e-02   1.7621263e-02  -2.4991889e-01   7.5345932e-02  -1.0396704e-02  -1.3163018e-01  -2.4046342e-01  -3.4995169e-01  -1.3999001e-01  -1.8731664e-02  -1.0588528e-01  -2.0572149e-01   7.6042037e-01   5.0838897e-01  -3.0787245e-01  -1.8951455e-01   1.7080357e-01   1.4264134e-01  -1.5590860e-02   2.1868773e-01  -1.0913346e-01   9.2544434e-02   3.8298138e-02   3.3973600e-01  -1.5765888e-01   2.6718522e-01  -1.4795986e-01   4.2372699e-01   5.8335689e-02  -3.8867896e-02   2.6707050e-01   1.1564028e-01  -9.0588500e-03  -1.4127051e-01   3.7529156e-01   2.8719917e-01  -1.4261207e-01   5.4968212e-02  -2.9165886e-03  -2.2182503e-01  -2.8934592e-01  -1.5099465e-01   1.1910239e-01   5.5456096e-01  -2.1674598e-01  -1.2506817e-01  -1.5229345e-01  -2.3519595e-01  -1.8170815e-01   2.0667805e-02   3.5502121e-02   1.7886933e-01   1.2619427e-01   2.5600870e-01  -1.3577683e-01  -2.7230259e-01  -1.1188135e-01   5.0835599e-01  -7.3264480e-02   2.9206958e-02  -1.7126366e-01   3.5668264e-01  -2.6599638e-01  -6.2912717e-02   5.3493760e-02   7.0925907e-02  -1.7801555e-01   8.6038661e-02   6.0606292e-02   1.5914969e-02  -1.0308278e-01  -2.6351647e-01   8.0076481e-01  -1.8178280e-01  -3.8208781e-02   4.6410174e-01   4.7286871e-01  -1.1615447e-01   2.3301389e-02  -1.0302660e-01   4.6546630e-01  -1.7504233e-01   7.9950841e-02   1.4551484e-01  -3.0346006e-01  -3.3803698e-01   5.4040842e-01   3.0501660e-01  -1.3995548e-01   3.6855647e-01   2.9901597e-02   1.6343341e-02   1.4506117e-01   2.4618477e-01   1.3504619e-01  -3.1975119e-02  -3.6892066e-02   6.7085414e-01   1.6010502e-01  -1.7916611e-01   1.5551271e-01   1.2556626e-01   8.4818265e-02  -3.1485214e-01  -2.9174058e-02   7.0229037e-02  -4.1340145e-01  -1.1893883e-01   2.1394985e-01   7.3939567e-03  -1.7018415e-01  -2.0160686e-01   1.7607022e-01   1.0976350e-01   1.2873438e-01  -3.9342318e-01   3.3806565e-01   1.9820436e-02  -2.4481693e-01  -2.5590780e-01
   1.0800399e-01   9.4310297e-03  -4.2180113e-01   0.0000000e+00  -1.0070398e-01   9.8422354e-03  -1.7957498e-02   9.6175607e-02   2.9498115e-01   3.3686801e-03   2.9432696e-01  -2.6792576e-02   8.3133892e-03   8.1077745e-02   3.4981356e-01   1.0276401e-02  -3.2691080e-01   2.1726900e-01   2.5262928e-01   7.3206972e-02   9.2839926e-02  -7.4193911e-02  -2.3726990e-01  -2.4059262e-01  -4.0333791e-01  -1.5104830e-01  -3.3502409e-01   1.0299012e-02   1.8034411e-01   2.9878023e-01   1.2744193e-02   1.3383712e-01  -2.6006769e-02  -1.5165418e-01  -4.2656569e-02  -1.7646612e-01  -2.7673112e-01  -5.8370078e-02   5.0351315e-03  -4.3995102e-01   2.7530079e-01  -5.8824266e-02   2.7008282e-02  -8.8203171e-02   1.6530539e-01  -9.3783738e-02   2.5625916e-01  -1.8324363e-02   1.1409206e-01  -2.5555923e-01   1.5558140e-01   7.1377133e-02   3.6602147e-02  -3.7750144e-01  -8.7373019e-02   5.1439033e-01   4.5406905e-02   2.9720411e-01   3.8515898e-01   3.3995700e-01  -1.8923315e-01   1.1646067e-01   2.9574534e-01   1.3253767e-01   2.2535933e-01   5.9584807e-02   1.2902253e-01   3.5194440e-01   1.9671100e-01  -4.9313540e-01  -1.9207673e-01   3.6714955e-01   2.4291070e-01  -8.2648115e-02   1.1401333e-02  -5.7814424e-02  -2.4666116e-01   1.0657226e-01  -6.8571186e-02  -2.1304304e-02  -8.3224968e-02   9.2247360e-02   1.6846369e-01   2.9314941e-01  -1.4539716e-01   5.9962094e-02   1.4948458e-01  -1.5264609e-01   6.8325642e-02   2.1150539e-01   2.3782337e-01  -2.5775723e-01  -1.4629380e-02   3.6204140e-01  -1.8013698e-01   5.5495102e-02   1.3248411e-01   3.5928674e-01   1.2692129e-01  -1.6452402e-01  -2.2582164e-01   2.4396557e-01   3.1583879e-01   2.4141225e-01   2.5760965e-01   1.2709806e-01   6.4320562e-02   1.8924094e-01   4.9188442e-02   5.3006582e-02   2.7780684e-01   1.7445674e-01   2.7832893e-01   3.2250675e-02  -1.8604522e-01   1.2394393e-01   2.8911767e-01   2.4284207e-01  -2.8252481e-01   4.0778195e-01   1.1608927e-01  -1.0712014e-01   3.2189981e-01   5.0570279e-02  -1.0568083e-01   1.7967613e-01   4.7025007e-02   6.9069370e-02  -8.6706732e-02  -4.5047283e-01   2.1337558e-01   2.5334635e-02  -9.4873623e-02  -1.9627253e-01   3.8846102e-01  -1.0594591e-01   1.8371162e-01  -1.8584582e-01   1.2297258e-01  -1.5620662e-01  -3.3376391e-01   5.7910355e-02   2.3538161e-01  -3.7804778e-01  -2.0573921e-01   9.8228692e-02  -1.9363485e-01   1.6702455e-03   1.1102628e-01  -1.5901629e-01   2.3243063e-02   6.0970244e-02   6.0552340e-02   1.9997324e-02  -3.2793018e-01  -2.3200151e-02  -7.4976132e-02   1.0624651e-02   2.0231432e-01  -9.1437424e-02   4.9689087e-01   1.6237548e-01   5.1035441e-03  -3.0312919e-02   2.8301916e-01  -9.6519536e-02   1.7603645e-01  -2.4152469e-01  -1.3986006e-02   7.1655019e-02   1.9998444e-02  -2.2942773e-01  -9.3909696e-02  -2.9049261e-01  -2.0565287e-02   4.3636976e-01   1.0690432e-01
  -1.3981363e-01   2.3541134e-01   2.5701845e-01  -1.0070398e-01   0.0000000e+00  -1.6897161e-01  -1.5151287e-01  -3.5008153e-02  -1.1609098e-01  -2.1660799e-01  -3.0639059e-01   4.2395267e-01   1.5168375e-01  -2.1995556e-01  -3.8913319e-01  -2.2028356e-01   3.8659015e-01  -1.2396094e-02  -3.8443244e-02   3.4100888e-01  -4.3941485e-01   1.0925439e-01   4.5281038e-03   8.8007797e-02   1.0700044e-01  -4.7681167e-02   1.2918500e-02  -1.7105758e-01  -4.2932480e-01  -1.3118629e-01  -9.9114282e-02  -1.3576379e-01   2.0394403e-01   1.7843135e-01   2.2225737e-01   3.1795372e-01   1.4854831e-01  -1.2175722e-01  -3.8774746e-01   1.5380000e-01  -1.6133450e-01  -6.5742956e-02   2.4278610e-01  -1.9464787e-01  -1.1485938e-01  -2.4413491e-01  -3.2252631e-01   3.5641039e-01   4.3219597e-01   5.0416443e-01  -1.9486298e-01  -1.1347945e-01   2.7579226e-01  -4.9973627e-02  -2.6690652e-01  -3.9881399e-02   1.4353163e-01  -1.3013272e-02  -2.8167340e-01  -1.6934828e-01  -4.4771760e-02   8.2879268e-02   5.9451400e-02  -3.1709492e-01  -2.5792431e-03  -5.9483756e-02  -1.6049418e-01   2.5022174e-01  -2.1792708e-01  -8.4807118e-03   6.1470281e-01   7.0083453e-02  -1.6130964e-01  -2.0686998e-01   5.8196308e-02   3.1356649e-01   1.0940053e-01   3.2696835e-01   4.9748647e-01   1.9512706e-01  -2.1559235e-01  -3.5095683e-01  -6.7306785e-02  -1.3151245e-01   1.8199915e-02   1.8625333e-01   1.6348636e-02   8.3972123e-02   1.8283707e-01  -5.2595028e-02   5.1448111e-01   3.3812384e-01   1.8037497e-01   2.2296782e-01  -3.7608287e-01   2.4732834e-01   3.6239440e-02  -7.1262878e-02   6.5053901e-02  -2.3394916e-01   1.2969756e-01  -3.3414198e-02  -1.8975298e-01  -3.4417321e-01  -2.4015270e-01   2.8628248e-02   8.3095188e-02  -6.4828830e-02  -6.2017954e-03   2.4495999e-01  -9.0554130e-02  -1.7682523e-01   1.2213897e-01  -3.3317743e-01  -1.9295539e-01   2.4503817e-01   1.3778548e-01  -1.8702322e-01  -5.7482628e-02   1.5289699e-01   1.2298789e-02   6.4902949e-01  -8.2340704e-03  -4.0147752e-01  -2.7184318e-02  -4.0402684e-02   1.0081113e-01   1.1742844e-01   6.9110575e-02   1.6553853e-01  -2.1395888e-01   1.7772871e-01   1.5094742e-01   1.9185098e-01   1.0674515e-01   8.0995521e-02  -7.7906790e-02  -2.0959723e-01  -5.9997954e-02   2.2416550e-01   7.3010929e-02  -6.8776045e-02  -2.5929393e-01   1.2576168e-01  -6.1864303e-02  -2.5925852e-01   3.2030878e-01   1.1164475e-01  -4.3621804e-02  -9.7912088e-02   1.6099924e-01  -2.0381544e-01  -3.0885043e-01   4.7087874e-02   5.7696481e-01   1.1470313e-02   1.9658504e-03  -2.5538607e-01   3.4923508e-01  -2.0036252e-01  -7.3787950e-02   2.9007778e-02   6.1016093e-02  -2.5213357e-01   4.4941698e-02   2.7279669e-01   1.7290796e-01  -2.9824149e-01  -3.3834230e-01   5.4376911e-01   4.3830246e-01  -2.3216024e-01   4.1576675e-02   5.4548208e-02  -3.1181585e-01   3.0245012e-02  -2.3496388e-02
   4.7793726e-02  -2.1783589e-01  -8.2028498e-02   9.8422354e-03  -1.6897161e-01   0.0000000e+00   3.1266664e-01  -2.3654833e-01   1.4418101e-01   3.6868305e-01   2.6023073e-01  -1.8151238e-01  -3.8601403e-01  -2.1302367e-01   3.7495985e-01  -7.5160056e-03   7.9390026e-02   4.9521353e-01  -1.2566995e-01   3.2349836e-01   3.9522626e-01   8.9624215e-02   2.9552010e-01  -3.1891284e-02  -4.4417162e-01  -6.3386984e-02   4.1575543e-01   4.4452180e-01  -1.5799667e-01   3.0496226e-01  -8.8836280e-03   1.4507181e-02  -9.4090650e-02  -3.3386993e-01  -1.2816167e-01   3.3001253e-01   2.3514670e-01   8.6395890e-02   8.3752713e-02  -1.5471034e-01   1.4411144e-01  -8.1876052e-02  -2.2657984e-01   1.6239196e-01   5.5904408e-01  -1.9292499e-01   4.9606584e-01  -1.1820489e-03  -3.6021505e-01  -3.3217755e-01   6.4356339e-01  -2.8794536e-01  -2.9002502e-01  -3.5083322e-01  -1.4508439e-01   2.0712114e-02   7.4566850e-02   4.1579856e-01   1.3691463e-01   6.6354000e-02   2.9624594e-01   4.9343947e-01  -2.4127337e-01  -9.6462380e-02   1.0554432e-01   5.4371585e-01   7.6254881e-01  -1.9475725e-02   5.5654926e-01   3.3655812e-02  -5.0943766e-01   2.6403255e-01   1.0235003e-01   1.8349611e-01   7.0503312e-02   1.5534337e-02   2.2285037e-01  -9.1604891e-02  -3.6645182e-01  -1.1714014e-01   2.1176431e-01   1.6872835e-02   2.1447562e-01   2.6808447e-01  -9.9052143e-02  -2.3048269e-03  -3.2679413e-02  -2.4738545e-01  -1.8248915e-01   2.0072936e-02  -4.7940597e-01   2.0008281e-01  -4.9621738e-01   1.1468995e-01   1.7113832e-01   2.8112408e-01   2.5325427e-01  -5.3401258e-02   6.8867668e-02   8.7541026e-02  -2.0037842e-01  -7.7360108e-02   2.8079405e-01  -1.1224905e-01   4.7105015e-01   4.2008822e-02  -2.7125142e-01   3.1812209e-01   9.1390011e-02   3.3147187e-01  -9.8638318e-02   5.4490649e-01   1.9307326e-02   1.8691191e-02  -4.9425118e-02  -3.5837525e-01  -2.0699197e-01   1.4903376e-01   2.4548675e-01   2.6850868e-02   3.4482282e-01  -2.3403865e-01   5.7102309e-02  -6.5109567e-02  -1.5394659e-01  -1.5978627e-02  -3.9636410e-03  -1.9760105e-01   7.6102657e-03   3.2268392e-02   3.8944522e-02   3.2087744e-01  -4.1774334e-01  -5.2692344e-02   3.8609679e-01  -2.9172385e-01   4.4522345e-02  -1.2754302e-01   6.3889016e-02  -1.7369080e-01  -2.5223141e-01   5.6855796e-03   3.2204378e-01   2.6599467e-01  -1.2025477e-01   3.4314742e-01  -4.6622645e-01   4.0144091e-01   3.5770254e-01   1.1034570e-02   7.9451562e-02   9.4439953e-02   5.0560578e-02   4.8647105e-01  -2.2390542e-01  -1.6284279e-01  -7.5171553e-03   1.1779145e-01  -1.5185801e-01   1.6273119e-01   3.6217118e-01   1.8422054e-01   8.5218275e-02   1.8190902e-01   2.2096106e-01  -2.0335595e-01   5.5370232e-01   1.6034820e-01  -5.1761753e-02  -3.7463248e-02  -1.2599687e-01   1.7564033e-01   2.8010595e-01   5.1464176e-01  -3.8917104e-02   2.3772420e-02   2.7839291e-01
   2.6515519e-01   2.0075615e-01   8.5012268e-02  -1.7957498e-02  -1.5151287e-01   3.1266664e-01   0.0000000e+00  -6.3142717e-02   8.3165710e-02   4.9694440e-01  -1.3424115e-01   2.3677488e-01  -1.8836422e-01   1.0705139e-01   3.2781579e-01  -1.0642139e-01   2.7346712e-01   3.1516073e-01   2.0877861e-01   2.4265553e-02   2.6777560e-01   3.2840837e-01   4.6030396e-01  -2.6614155e-03  -3.1703715e-03   2.3825056e-01   2.2320434e-01   4.6698538e-01  -4.6963989e-02   1.6771723e-01  -1.0692212e-01  -1.7330195e-02   2.7475643e-01   3.6227068e-01   9.1645275e-05   2.0724258e-01   1.5063244e-01  -1.2044254e-01   2.5211409e-01   1.8907760e-01  -3.0756540e-02  -4.2188062e-01  -3.3619467e-01   5.2529920e-02   2.4451568e-01  -4.6077079e-02   9.9698739e-02   4.4842729e-01  -2.5890962e-01  -6.3901367e-02   2.4011825e-01  -9.4853462e-02   9.1110996e-02   1.3640031e-01   4.2453979e-02   1.9021570e-01   8.1525889e-02   8.2262982e-02   2.2005290e-01  -3.5363044e-02   1.6165194e-01   3.1016352e-01   2.2843314e-01   1.1715878e-01  -6.3379969e-02   2.9192866e-01   3.1293850e-01   1.6134286e-01  -7.4468820e-02   1.2290941e-01   2.6661777e-02   3.9748194e-02  -3.3098172e-02   4.7082950e-01  -5.7356428e-02  -3.7460166e-02   1.7497678e-01   7.6115954e-03  -1.5742484e-01   9.4229300e-02   5.3348127e-01  -5.4250249e-03   1.6633930e-01   4.0115521e-01   1.6918444e-01   6.2297032e-02  -1.3581092e-01  -2.5673542e-01   1.5542720e-01  -3.9737713e-02  -3.9880531e-01  -8.5537389e-02   4.5682963e-02  -2.2293900e-01   9.1636083e-02   3.1561223e-01  -2.9248011e-01  -2.3024006e-02   9.7545489e-02   4.2816403e-01   9.7168426e-02   7.2888320e-02  -4.6961606e-02   1.8964881e-01   1.4829895e-02   6.5339105e-03  -3.9652815e-01   1.2997404e-01  -2.3536351e-01   1.8069847e-01   3.0575103e-01   5.4204404e-02  -1.2369800e-01  -1.2245905e-01   5.4514609e-01  -1.1791245e-01   2.1022066e-01   2.1523295e-01   2.3369078e-01  -1.5418253e-01  -1.0214882e-01  -2.1062322e-01   3.7289286e-01   1.5193658e-01  -7.5433087e-02   2.7609357e-01   1.1254818e-01  -5.0661444e-01   1.6892267e-01   1.5647532e-01   1.5728331e-01   4.4582541e-01   1.4196267e-01   2.5916744e-01  -1.3696140e-01   1.3404985e-01  -2.1165192e-01   3.6178401e-01   3.4060363e-01   2.1507346e-01   5.1639732e-03  -4.7765311e-01   6.2705222e-03   4.3165182e-01  -1.0156429e-01  -1.4938099e-01   1.6485642e-01   1.2888284e-01   3.8193821e-01  -8.5929997e-03  -1.1452117e-03   1.4887795e-01  -1.9923041e-03  -2.0456816e-01   1.4311155e-01  -1.1940950e-01   2.0491838e-01   5.0470469e-02  -3.4561305e-01   4.0264000e-01   1.2159631e-01  -9.0554991e-02  -5.4690259e-02   2.2101952e-01  -1.1263167e-02   7.2969294e-02   1.1723488e-01   4.8182977e-02  -5.1461027e-02   5.8577578e-02  -1.3165350e-01   1.5101898e-01   2.2983192e-01   3.2080532e-01   3.3958291e-02   1.2853844e-01   2.2647674e-01
   4.8223271e-02   3.4266129e-02  -2.8804314e-01   9.6175607e-02  -3.5008153e-02  -2.3654833e-01  -6.3142717e-02   0.0000000e+00   2.1410389e-01  -1.0863857e-01   9.2514222e-02  -2.0006460e-01   3.5136109e-02  -2.2847350e-01  -4.5810802e-02   7.8609173e-02  -1.8660640e-01  -2.6825187e-02   3.5601829e-01  -1.8751577e-01  -2.3612208e-02   3.6443434e-02  -1.1023524e-01   1.5557579e-01   2.0764345e-01   1.4773626e-01  -1.9024144e-01   1.7908388e-01   3.1404261e-01   1.6757645e-01   2.7743931e-01   2.7972501e-01  -4.9896130e-02   2.2643343e-01  -2.1884035e-01  -2.2095870e-01  -1.1141266e-01  -3.2850312e-02  -1.2011389e-02  -2.8268445e-01  -2.8259292e-01  -7.8823667e-02   6.0984110e-02   3.0646523e-01  -8.6873809e-02   1.7668299e-01  -9.4206118e-02  -1.9292418e-01   1.7172111e-01  -4.2591217e-02  -2.0754822e-02   3.2887320e-01  -1.0136782e-01   2.0989324e-01   6.3992031e-02   5.2893643e-01   9.3312579e-02  -1.3508041e-01   9.7285558e-02   9.4247039e-02  -3.7220711e-01  -4.1675210e-02   2.4147595e-01   3.4698861e-01   1.7190273e-01  -1.4286405e-01  -3.7073091e-01   1.6214555e-01  -2.1863473e-03  -3.2224929e-01  -8.4779763e-02  -7.5184144e-02  -7.6903227e-02  -1.2168852e-01   1.1628223e-01   2.2544868e-01  -2.5938852e-02   5.5148192e-01  -7.3971012e-02   6.6682914e-02   8.7427176e-02  -2.6796227e-02   1.2099700e-01   4.3376180e-01  -6.4845433e-02   3.5265419e-01  -2.3267705e-01  -7.1847534e-02  -1.4532869e-01   6.6155402e-02   1.0704231e-01  -2.7360164e-01  -2.9356947e-02   3.5030178e-02  -2.7801198e-01  -1.9580249e-01  -1.5484238e-01   3.7223593e-01   2.9822485e-01  -1.3628322e-01  -7.8299826e-02   5.9661696e-01  -2.3484327e-01   8.1207969e-02  -1.0189184e-01   5.0617933e-01  -1.3761992e-01   2.7256256e-01  -4.8191838e-03  -2.8032878e-01   1.7439623e-01  -1.9923042e-01   2.1490569e-01   1.3199022e-01   1.5633313e-02   9.0058373e-02   2.8037154e-01   1.3410049e-01   3.2061602e-02   7.5847099e-02   1.1503532e-02  -3.0949249e-02   3.5069478e-02  -1.1821577e-02   3.2774058e-01  -1.2461018e-01   8.1672868e-02  -1.6151174e-01   1.5440231e-01  -2.8001604e-01  -3.1043328e-01  -7.0071505e-02  -5.3825836e-03  -2.7715173e-01  -1.4808809e-01   4.3547955e-01  -1.1086387e-01  -1.3410903e-01   5.6585225e-01   3.6978002e-01   8.3055381e-02  -1.7337744e-01   2.3024695e-01  -2.8610423e-01  -2.3911726e-01   2.4083562e-02   5.5519424e-02  -9.2950001e-02  -2.5079484e-01  -3.5105602e-01   1.2271219e-01   5.2410629e-02   7.6364430e-02  -5.7165101e-02  -1.8258583e-01   1.0167965e-01   3.7308741e-01   8.4601332e-02  -9.1996426e-02   1.8901319e-01   2.9909286e-02   5.5498012e-02  -2.2196107e-01   1.6771758e-01   1.9088164e-01  -5.3494841e-02  -1.6885473e-01   2.0483529e-01   1.5499043e-01   1.6441871e-02   8.4444837e-02  -2.5694844e-01   1.4623466e-01  -3.0974790e-01   4.5585206e-02  -7.2497500e-02   6.7936935e-02
   5.1809118e-01   2.3726033e-01  -2.7422014e-01   2.9498115e-01  -1.1609098e-01   1.4418101e-01   8.3165710e-02   2.1410389e-01   0.0000000e+00   1.6468147e-01   5.6051936e-01  -3.5903776e-01   3.5699007e-01   9.8869838e-02   3.1854920e-01  -2.8359065e-02  -2.0249076e-01   2.9176349e-01   7.7856345e-02   1.6856520e-01   5.1702806e-01  -6.6662857e-02   4.7385780e-02   3.2100554e-01  -6.1394043e-01   5.6289609e-02   1.6228008e-01   3.1563496e-01  -5.9558883e-02   6.2169400e-01   4.6979147e-01   1.0105730e-01   1.0958974e-01  -3.0189809e-01   1.1063349e-01   3.2755640e-01  -4.7831000e-02   2.7951721e-01   3.7836631e-02  -2.4698608e-01   1.3386413e-01  -4.5054065e-01  -4.0846670e-01   3.8540880e-01   1.8074877e-01   3.9184604e-04   4.1654139e-01  -3.8593696e-02   2.1385074e-01  -3.5016130e-01   2.8351008e-01   6.8185379e-02  -1.4146078e-01  -1.1930565e-03  -9.4843958e-02   3.8975050e-01   2.6279021e-02   4.0369767e-01   4.2879331e-01   3.0430891e-01   2.1807605e-01   3.5946993e-01   1.7007126e-01   5.8907061e-01   5.9878261e-01   2.3066363e-01   2.2321473e-01   1.4711015e-01   2.1041904e-01  -4.2137705e-01  -2.1701666e-01  -9.0617908e-02  -2.1636906e-01  -5.2383193e-02  -1.1725761e-01   6.1128299e-02   3.2978774e-01   1.7258558e-01  -1.8330607e-01  -3.1902229e-01   2.0332108e-01  -2.6419064e-01   2.3505449e-01   5.6360046e-01   1.5841545e-01   6.2871506e-02   4.0963746e-01  -5.2265839e-01   1.6534706e-01   2.7579307e-01   3.0095823e-01  -3.1518631e-01  -5.2828848e-01   1.8899086e-01   4.2942988e-01   1.3141084e-01  -1.9103812e-01   2.5105258e-01   1.3854042e-01  -3.7421482e-01  -3.7734499e-02   3.1729873e-01   2.8570106e-01   5.2329606e-01   2.2034188e-01   1.5674829e-01  -2.5926963e-02   5.1709341e-01  -1.2056222e-01   1.8448816e-01  -1.3350982e-01   7.0119055e-02   4.7657039e-02   1.5623075e-01  -1.2977936e-01   3.5215950e-02  -3.5253919e-02   3.4745822e-01   6.9531486e-02  -9.3965650e-02   5.6190668e-01  -2.7269054e-01   1.6765604e-02   4.6395643e-01   2.5920838e-01  -1.9687283e-01   4.3491665e-02  -3.5564588e-01  -1.1358349e-01  -2.6481819e-01   4.6286946e-02   1.9040281e-01  -8.2939050e-03   1.3426898e-01   1.9583956e-01   1.4253768e-01   1.8227372e-01   3.0125983e-02   3.6045079e-01   1.4632579e-01   3.1973452e-01  -3.0181226e-01   4.9690103e-01  -3.3763265e-01  -3.0066716e-01   3.0050933e-01  -5.2006060e-01   4.1523897e-01   2.1632041e-01  -3.1004421e-01   2.5242188e-01   3.2971580e-01   1.5491058e-02   4.5838419e-01  -1.9509169e-01   2.2981605e-01   3.9288662e-01   2.6593518e-01  -2.2984217e-01   4.8689766e-02  -2.4387370e-02   2.1804268e-01   6.0761028e-02   4.1713552e-01  -4.1066213e-03  -5.4117567e-01   2.2566140e-01   1.1665206e-01   3.8488660e-01   1.4726226e-01  -2.0969985e-01   6.6058198e-03   5.4836852e-02   4.8472067e-02  -1.9528419e-01   1.6473853e-02   3.6279611e-01
   2.9827880e-01   1.7729072e-01   3.0161333e-01   3.3686801e-03  -2.1660799e-01   3.6868305e-01   4.9694440e-01  -1.0863857e-01   1.6468147e-01   0.0000000e+00   1.1982105e-01   2.1061366e-01  -3.3423764e-02   3.4231042e-01   1.7087411e-01  -1.5667043e-01   1.4252083e-01   4.9266144e-01  -1.6958975e-02   2.8042172e-01   5.1701593e-01   3.6420842e-02   6.1127452e-01   2.8283250e-01  -2.1865119e-01   1.0616074e-02   3.4685911e-01   4.6522595e-01   2.6006477e-01   2.6833101e-01   1.4056519e-01   2.6315478e-01   2.7720338e-01   1.3073485e-01  -2.0476763e-01   7.0720055e-02   4.1848453e-01   4.2881609e-02   1.8111609e-01   1.3376971e-01   1.2840219e-01  -2.8527980e-01  -4.0468805e-01   2.2045737e-01   1.9407357e-01   1.5997475e-01   1.5174370e-01   1.1340184e-01  -3.8388148e-01  -6.4349363e-02   3.6003433e-01  -2.6878080e-01  -1.0673241e-01   7.5747172e-02   2.3354917e-01  -4.2696063e-03  -2.5816337e-01   2.4528118e-01   4.2059135e-01   6.9554517e-03   2.0193723e-01   3.8469267e-01  -1.7469476e-01   8.2810291e-02  -3.2147427e-02   3.5415476e-01   3.4539276e-01  -1.0781371e-01   1.7706195e-01   2.8204004e-01  -7.1060123e-03  -8.6390051e-02  -5.4484788e-02   4.0412902e-01   1.5989314e-01   6.5189453e-02   2.4681139e-01  -2.1142336e-01  -2.1687986e-01  -1.7949005e-02   6.0767591e-01   1.9531734e-02   1.5434048e-01   2.8360398e-01   2.6701766e-01   2.3177944e-01   2.2792630e-01  -8.8826928e-02  -4.1108988e-02   2.9006679e-01  -3.2459071e-01   5.9952637e-02  -8.2449812e-02   1.2427024e-01   1.3924271e-01   9.9216563e-02  -1.6436044e-01  -1.8228504e-01   3.9809792e-02   2.6377510e-01   1.5712143e-01   1.2427591e-01   2.9238751e-02   1.6994357e-01   3.1642715e-01  -1.0835088e-01  -1.1601019e-01   2.8610117e-01  -2.0066822e-02   4.4984707e-02   3.7211286e-01   1.2689341e-01  -1.6975549e-01   1.3359129e-01   4.3982549e-01  -2.0275751e-01   3.4140671e-02   4.5463407e-01   2.2270092e-01  -3.3510399e-02   9.4137665e-02  -1.0781415e-01   2.6466907e-01   1.1100107e-01   2.1025238e-02   1.6180463e-01   1.5057236e-02  -2.0908358e-01  -3.6964130e-01   1.3786826e-01   2.9915597e-01   1.4639286e-01   9.0594146e-02   4.3430272e-02   1.9999723e-01   2.7120773e-03   2.0271574e-01   1.9664800e-01   2.4895295e-01   8.0896075e-02  -1.2207398e-01  -4.4907011e-01   2.0399758e-02   3.1069657e-01  -1.9544168e-02   1.1301966e-01   6.6505689e-02   2.8893713e-01   1.9184942e-01  -8.6962519e-02   3.5663412e-01   2.3135469e-01  -2.7002952e-02  -4.2149892e-02   6.5381824e-02  -4.6911005e-02   5.8462236e-02   3.6455189e-01  -2.7401939e-01   3.2595132e-01   8.8372484e-02  -1.2589755e-01   1.9272633e-03   5.8916441e-02   8.4341629e-02  -5.4375872e-04   1.4679162e-01   2.3704341e-01   1.5761019e-01  -8.0907319e-02  -3.5788804e-01  -5.6997745e-03  -2.4445561e-01   2.6552185e-01   9.8739542e-02   8.9862156e-02   4.5903917e-02
   1.8641646e-01  -1.1972464e-01  -2.8668878e-01   2.9432696e-01  -3.0639059e-01   2.6023073e-01  -1.3424115e-01   9.2514222e-02   5.6051936e-01   1.1982105e-01   0.0000000e+00  -3.8104271e-01   4.5671601e-02   1.0366571e-01   5.0994956e-01   1.5242565e-01  -4.1112172e-01   3.6991090e-01   2.2428095e-01   2.2528454e-01   5.6321326e-01  -6.5721520e-02   1.6778126e-01   1.9551588e-01  -5.5630868e-01   1.8565573e-01  -3.8573005e-02   4.2638207e-01   1.7521845e-01   7.3128263e-01   3.0181539e-01  -4.5517543e-02  -9.4161704e-02  -4.3648616e-01  -1.9671841e-01   9.8269756e-02   2.2979210e-02   3.4740588e-01   5.3093562e-02  -3.5629527e-01   3.2872343e-01  -1.6212880e-01  -2.3634653e-01   5.0816744e-01   1.9545396e-01   3.5601631e-02   7.6230064e-01  -4.4456343e-01  -4.9113088e-03  -5.9404755e-01   5.8921486e-01   7.7687614e-02  -3.6649645e-01  -1.8337933e-01  -8.3685808e-03   3.6635612e-01   1.5094320e-01   3.8362084e-01   4.0693910e-01   4.8313339e-01   1.8749992e-01   2.7693642e-01   8.8341499e-02   5.4834935e-01   5.4409708e-01   3.2500951e-01   2.3275877e-01  -2.3906828e-02   5.6535043e-01  -2.7361021e-01  -5.6877595e-01  -2.4038758e-01  -3.8584482e-02  -1.0855267e-01  -7.8925498e-02   1.9185983e-01   1.8158579e-01   1.5051580e-01  -3.7855459e-01  -4.6199683e-01   2.6631322e-01  -1.0664795e-01   2.8558892e-01   5.8871774e-01  -2.7269764e-02   3.4422921e-02   2.3466781e-01  -2.6552650e-01  -2.9930352e-02   1.0331165e-01   9.9480864e-02  -1.2254196e-01  -5.3475383e-01   1.8453443e-01   2.3374797e-01  -1.6472288e-01   2.8505719e-02   3.3346979e-01   1.3992740e-01  -2.2501563e-01  -3.0221717e-01   3.1046621e-01   5.6741590e-01   5.1020148e-01   4.1641686e-01   5.1476471e-02   4.2719894e-03   5.9676839e-01   3.9595093e-01  -6.4684325e-02   4.9256747e-03   2.5568130e-01   6.8968825e-02   2.0762927e-01  -1.3048918e-01  -2.1625677e-01  -3.8239054e-02   3.2497525e-01   4.8415351e-03  -2.2272987e-01   5.6318858e-01  -2.7578924e-01  -1.5901285e-01   2.5677806e-01   8.2888492e-02  -1.3539922e-01   2.5029277e-01  -1.7405640e-01  -1.5434272e-01  -2.9301640e-01  -1.1960580e-01   1.7851305e-01  -2.7696921e-01  -7.0459812e-02   1.8262597e-01   8.4118025e-02   1.2040298e-01  -1.9523740e-01   1.3184946e-01   2.6980270e-02   1.2058986e-01  -1.2595029e-01   6.9272915e-01  -4.2485769e-01   1.1231260e-01   6.6532038e-01  -7.6205036e-01   3.5522774e-01   6.4723611e-02  -2.0095578e-01   1.2021843e-01   2.9153492e-01   2.7688091e-01   5.1256250e-01  -5.7441315e-01   1.9449244e-01   3.3555636e-01   3.8269104e-01  -2.3998220e-01   6.5017921e-02  -5.2426556e-03   6.3040835e-01   1.2780016e-01   2.3432557e-01   2.5477775e-02  -5.0273107e-01   4.3354859e-01   3.1946640e-01   2.5051086e-01  -1.2199475e-01  -2.6695761e-01  -1.7990767e-03  -3.0036394e-02   1.0706055e-02   5.9402952e-02  -1.4584594e-01   2.6923997e-01
  -2.1056306e-01   3.1288460e-01   4.1415595e-01  -2.6792576e-02   4.2395267e-01  -1.8151238e-01   2.3677488e-01  -2.0006460e-01  -3.5903776e-01   2.1061366e-01  -3.8104271e-01   0.0000000e+00  -1.5807150e-01   1.5446420e-01  -2.5710581e-01  -1.1130669e-01   3.2082893e-01   9.1356375e-02   9.4836543e-02   1.4475520e-01  -2.2833534e-01   1.8932501e-01   8.9071148e-02   1.0531997e-01   2.5897156e-01  -3.4190354e-02  -9.8757486e-02   1.7289186e-02  -4.7508980e-02  -1.6980890e-01  -2.8481661e-01   5.2327236e-02   2.4968667e-01   3.3093249e-01   2.2541579e-01  -1.8220231e-02   2.8585688e-01  -2.5545157e-02  -3.8041770e-01   3.1287901e-01  -3.6746237e-02  -1.2632937e-03   1.8652929e-01  -2.3884452e-01   9.1049930e-02  -1.1799037e-01  -2.5818706e-01   2.7659966e-01   1.7909402e-01   4.1892088e-01  -1.9340780e-01  -1.9389766e-02   1.6917856e-01  -7.8691827e-02   5.2851782e-02   5.6374439e-02  -3.0620165e-01  -1.3027225e-01  -3.4965156e-02   7.2818643e-02  -2.4552374e-01  -2.0004718e-01   1.4531575e-01  -4.1517042e-01  -2.7013383e-01  -2.8921273e-02  -1.1939506e-01   2.4708877e-01  -1.8551591e-01   2.9909436e-01   3.7912828e-01   1.9888941e-01   2.5355175e-04   2.0561056e-01   2.6259324e-01  -6.0687385e-04  -1.8619417e-01  -7.0475641e-04   1.2700937e-01   3.2189333e-01   2.0612270e-01  -1.2360624e-02  -6.9753253e-03  -1.2958536e-01  -3.3469399e-02   1.3402706e-01   4.0189195e-02   5.5723958e-01   2.6771717e-01  -1.4228915e-01  -4.0180294e-02   1.9944007e-01   3.0544473e-01   1.8958527e-01  -4.2421892e-01   2.1301191e-01   2.2567228e-02  -1.4289194e-01   2.7168236e-01   4.0758959e-01  -1.8270557e-02  -5.8317274e-02  -1.0373653e-01  -2.9550072e-01   2.7842712e-02  -3.8871944e-03  -5.7315337e-02  -1.6763290e-01  -1.4534510e-01  -1.2078103e-01   1.2049180e-01  -2.1755232e-01   5.5860440e-02  -3.4360242e-01   2.4407652e-01   1.8983559e-01   1.9374055e-01  -1.1072996e-01  -1.8309856e-01   2.3397506e-01  -3.1349612e-01   5.5352955e-01   3.5978476e-01  -2.5603836e-01  -3.0530924e-01   3.3027545e-01   2.3486104e-01   2.3282227e-01  -1.0217840e-01   2.2823973e-01  -1.0981772e-01   1.6467459e-01   4.1158776e-01   2.1830544e-02   1.0089534e-01   3.8187509e-03  -1.5221166e-01  -4.4741337e-02   1.8082937e-02   2.5210557e-02  -2.6807978e-01  -2.6444312e-01  -3.4779919e-01   1.9440530e-01   8.3912349e-02  -2.3060702e-01   4.8585925e-01  -2.2932774e-02  -2.3206678e-03  -4.5621910e-02   1.3733540e-02  -2.0844887e-01   1.1662261e-01  -3.9998225e-01   3.3594062e-01  -1.1089407e-01  -1.7682100e-01  -1.6306978e-01   1.5533906e-01   2.2049754e-01   1.1879732e-01  -1.1522614e-01   1.4432634e-02  -4.3596442e-01   1.5736928e-01   4.5893054e-01   9.4645763e-02  -3.2083213e-01  -3.1097982e-01   1.4628110e-01   2.5364094e-01  -1.7307103e-01   2.7630232e-03   1.3652223e-03   1.9149233e-01   1.6834975e-01  -8.3604951e-02
   2.2873885e-01   3.0010429e-01  -9.5935242e-02   8.3133892e-03   1.5168375e-01  -3.8601403e-01  -1.8836422e-01   3.5136109e-02   3.5699007e-01  -3.3423764e-02   4.5671601e-02  -1.5807150e-01   0.0000000e+00   2.1142733e-01  -2.8085489e-02  -1.4768332e-01  -4.2964304e-02  -1.1751903e-01   6.7255919e-02   2.1650743e-01   3.0846563e-02  -3.1606076e-02  -6.0858746e-02   1.5670417e-01  -1.4322035e-01   5.9418517e-02   5.6764538e-02  -8.2526695e-02  -3.2918514e-01   9.5161999e-02   1.6022913e-01   1.1229931e-01   3.3644549e-01   6.9087160e-02   2.4354115e-01   2.2140027e-01   1.0432368e-01   1.9974216e-01   1.2122000e-01  -1.3965056e-01   2.3471456e-01  -1.9784273e-01  -2.3550252e-01   2.2395898e-01  -2.3384079e-01   1.2012909e-01  -6.2628256e-02   1.0864874e-02   1.8380779e-01  -8.0224037e-02  -8.2792843e-02   4.2266765e-02   1.4181296e-02   8.7767230e-02  -2.2812237e-01  -4.9238920e-03   1.3119107e-02  -2.1453683e-02   2.6821999e-01   5.9091650e-04   1.2326120e-01   8.4704292e-02   1.4401724e-01   4.2520995e-01   2.1466542e-01  -1.0181898e-01  -2.8871054e-01   5.7722470e-02  -8.3173980e-02  -1.7561660e-01   2.7191355e-01  -2.2657366e-01  -2.3671873e-01  -1.8107729e-01  -1.7760658e-01   1.2184157e-01   1.6692458e-01   8.2016560e-02   1.1105779e-01   2.7763471e-02  -6.8900023e-02  -2.5761397e-01   4.1541896e-02  -1.1128353e-03   2.2417171e-01   7.4534793e-02   3.1200687e-01  -2.2081246e-01   9.2767565e-02   1.9681328e-01   4.8003121e-01  -1.5088261e-01  -1.5877802e-01  -9.2393289e-02   7.3310375e-02   3.0397052e-02  -2.8153574e-01   6.1770721e-02  -8.6313008e-02  -1.4110483e-01   1.1632770e-01   7.8271985e-02  -1.6881655e-02   3.4721450e-01  -7.4206763e-03  -1.0767464e-01   3.5301543e-02   1.5665257e-01  -2.3175289e-03  -6.1196929e-02  -9.8386061e-02  -1.2934980e-01  -1.7915413e-01   1.1938289e-01  -1.4113502e-01   9.7640783e-02  -8.8077621e-03   1.5063243e-01  -1.0585965e-01  -7.7273950e-02   5.9061342e-02   1.3557326e-01  -3.0936323e-01   2.5926257e-01   3.1509986e-01  -1.1676340e-01  -1.5282487e-01  -1.3675573e-01  -2.0162890e-01  -1.6859121e-01   4.1906171e-01  -2.2490554e-02   1.8897729e-01   2.2356484e-01  -2.2480428e-01   3.2887194e-01   1.7239826e-01   1.3080637e-02   1.5705699e-01   8.7733459e-02   2.2287245e-01  -1.6043549e-01   1.0862343e-01  -3.5489703e-01   7.7204071e-02  -1.5480376e-01   1.0202361e-02   1.7072224e-01  -9.7249224e-02   3.5600038e-02   1.6828242e-01   5.3923030e-02  -3.3851524e-01  -1.1236395e-01   8.1138815e-02   1.4897032e-01   8.5719049e-02   2.1266061e-01  -1.9046535e-01  -4.2937400e-02  -3.5259045e-01   1.0649530e-01  -3.2543758e-02   2.8286114e-02  -8.6786873e-02  -2.1626619e-01  -6.5289274e-02   4.0382152e-03   3.2558232e-01  -4.4312200e-02  -1.2264790e-01  -1.6583024e-01  -2.4591724e-01  -1.7571273e-01  -5.1511843e-01  -8.5048074e-02   6.8649835e-03
   7.2197749e-02   2.5078812e-01   2.8568379e-01   8.1077745e-02  -2.1995556e-01  -2.1302367e-01   1.0705139e-01  -2.2847350e-01   9.8869838e-02   3.4231042e-01   1.0366571e-01   1.5446420e-01   2.1142733e-01   0.0000000e+00   1.3061321e-01   9.6774090e-02   2.6978779e-02  -7.1120330e-02   4.4550968e-02  -5.0919124e-02   4.1786815e-01  -1.1152482e-01   1.2468654e-01   3.0275635e-01  -1.4272074e-01  -5.4780905e-02   5.2453309e-02   1.1478410e-01   2.3928685e-01   1.5607171e-01   1.4760944e-01   1.9475142e-01   1.3951325e-01   4.8935183e-02  -2.1093708e-01  -1.9312753e-01   3.3877995e-02   1.3128436e-01   7.3004529e-02   2.2246957e-01   1.4301110e-01  -1.6209242e-02  -1.7472875e-01   2.6125614e-02  -2.8418795e-01   2.7475119e-01  -8.7431066e-02   1.3865212e-01  -9.8731701e-03   8.7147365e-02  -5.5668615e-02   2.3305556e-02   2.3548976e-01   1.8698593e-01   4.2186853e-01  -1.1288085e-01  -1.6928725e-01   1.9637198e-02   3.5898874e-01  -1.5454501e-01  -1.5329247e-01  -4.0418650e-02  -1.1393929e-01   1.1667021e-01  -1.5267582e-01  -9.4695381e-02  -1.5427523e-01  -1.6499398e-01  -1.3176454e-01   1.2284183e-01   1.7359942e-01  -2.5034266e-01   9.5909738e-02   2.1365429e-01  -6.1253140e-03  -1.5482737e-01  -1.2991358e-01  -8.6168849e-02  -4.9810606e-02   1.8503970e-02   3.4694402e-01   1.6939088e-01   1.9870015e-01   1.0216049e-02   3.4275371e-01   1.7906843e-02   2.9305930e-01   1.6581742e-01   7.7596725e-02   1.7980856e-01  -7.1546466e-02  -3.2317204e-01   1.6209495e-01  -7.7315607e-02   4.1577653e-02  -3.2188738e-01  -2.3456408e-01  -7.1041234e-02   4.7869098e-02   1.1632703e-01   2.8930681e-01  -5.2833655e-02   2.3944558e-01   3.5065969e-01   5.3217443e-02  -3.0518118e-01   2.3898892e-01  -7.0192820e-02   9.6730766e-02  -3.6652114e-02   3.2362741e-01   3.6709333e-02  -1.6974779e-01  -8.8426943e-02   3.3366603e-01   2.6170694e-01  -2.8197327e-01   3.9542370e-01   2.3482056e-01  -9.0297579e-02  -1.2586919e-01  -5.6397641e-02  -6.0990573e-02   2.5239907e-01   2.1738256e-02   4.2751866e-01   4.4466264e-02  -5.9048459e-02  -4.9510408e-01   2.2809220e-01   4.1862807e-01   1.5515536e-01   5.6661120e-01   1.5563881e-01  -2.7811182e-02   7.0268028e-02   2.8911592e-01   4.0629210e-01   2.4723597e-02  -2.0328209e-01  -1.0763020e-01   2.8179997e-02  -2.5428213e-01  -8.9178889e-02   2.4632614e-01   1.0186098e-01   1.0925818e-01   8.4088344e-02  -1.3123986e-01   2.9491330e-02   2.4998884e-01   3.9640927e-01   1.9902366e-01  -1.1504616e-01   1.1134879e-01  -2.1300452e-02  -1.6972611e-01   3.0587211e-01  -2.2687857e-01   3.0526792e-01  -1.7935239e-02  -1.6604969e-01   2.1891204e-01  -2.7118234e-01  -7.5236619e-02   1.6453400e-01  -7.6454515e-02   4.4587413e-03   3.0328197e-01  -5.7551577e-02  -4.1114981e-01  -5.8539440e-02  -4.8169825e-01   8.9472586e-02   6.9263091e-02  -1.2965065e-01  -2.2984361e-01
