   0.0000000e+00   2.0085154e-01  -5.3104592e-02  -8.5730690e-02   1.0140996e-01   9.4014896e-02   2.8688302e-03  -2.7695575e-02   4.7571942e-01  -3.6130478e-01   1.5665621e-01  -2.1493222e-02   3.4591869e-02   2.0663659e-01  -1.3127176e-01   4.9726427e-02   6.3407976e-02   2.3577746e-01   2.1281123e-02  -2.2728747e-01  -1.1351806e-01   4.2578457e-01  -7.8748656e-02   2.3462602e-01  -1.0761713e-01  -1.3072913e-01   5.0903839e-02   2.2172494e-01   1.5167869e-02   5.8353306e-01  -2.5319115e-02   3.1798252e-01  -1.0331358e-01  -1.1624138e-01   2.2882510e-01   2.2720274e-01  -1.5736391e-01   2.8931205e-01   9.8189460e-02  -7.2136101e-02   2.7366373e-01  -7.9521566e-02  -4.3326339e-01  -7.6142448e-02  -1.1081960e-01  -1.2757015e-01   4.5782744e-01   4.2783586e-02   1.9557128e-01  -7.6809774e-02   3.0974654e-01  -4.9258962e-02   2.1100939e-01  -2.1932638e-03  -1.7174183e-01   1.6773408e-02   1.5655202e-01   2.2203971e-01   3.8747321e-01   3.0658283e-01   2.2152101e-02  -1.7266426e-01   4.0106018e-02   1.2596392e-01  -9.5998743e-03  -2.8448606e-01   1.3333234e-01  -3.8822679e-01   1.3864459e-01  -2.8032921e-01  -1.5070288e-01   6.3258346e-02   5.8999929e-02   2.0971981e-01  -5.9681817e-02   1.3216018e-01   2.5704344e-02   1.0444882e-01   1.0747627e-01  -2.8336237e-01   4.9647096e-02  -5.8085607e-03   3.4635955e-01   8.0512885e-02  -9.1072933e-02   2.9796227e-01   2.5086434e-01  -5.1256283e-02  -9.1288758e-02  -1.2435955e-01   1.7173938e-01   3.0271774e-01   3.8453931e-01   1.9605198e-01   2.3141978e-01   1.0424438e-02  -2.1172367e-01   2.3090912e-01   5.4607158e-02  -3.2481674e-01  -1.9492781e-01   8.5143553e-02  -2.3267596e-01   5.5235465e-01   7.6956909e-03   4.5281354e-01  -4.0150326e-02   3.7301832e-01  -2.2102528e-01   4.5029573e-01  -2.1388731e-01  -7.4874541e-02   1.4726047e-01   1.2563149e-01  -2.7023183e-01   4.6626448e-01   5.3926467e-02   9.1123421e-02  -1.7209316e-01  -1.4267197e-02  -6.8739254e-02   1.4111536e-01  -2.3333935e-01   3.4890961e-01   1.4173254e-01   4.2061285e-01   2.9725635e-02   1.0090494e-01   9.6276333e-02  -2.4735898e-01  -6.1057518e-02   3.1750951e-01   2.0262840e-01   3.5156015e-02  -1.2418629e-01  -2.8210071e-02  -1.4702115e-01  -1.5962557e-01   1.9313603e-01   3.8245656e-01   1.8715717e-01   5.5077181e-02   2.1325895e-01  -1.2621196e-01   6.7490309e-02   3.6294234e-01  -3.6388169e-01   3.1004364e-01   4.8272826e-01  -1.5742785e-01  -2.9072694e-01   1.1732034e-01  -2.4580902e-02  -2.6504737e-02   3.8566102e-02   7.7334994e-02   1.3798724e-01   2.1949770e-01   9.8760394e-02  -8.4580766e-02  -2.9955634e-01   1.5302452e-01   2.7204088e-01   3.9929155e-01   6.7456040e-02   1.0220525e-01   1.4544298e-01   2.3275555e-01   4.9889478e-01   2.0233742e-01   4.4568917e-02   1.7095119e-01  -3.6673244e-02   2.7857255e-02   5.8646548e-02  -1.3429514e-01   3.3989208e-01
   2.0085154e-01   0.0000000e+00   4.6745435e-01  -2.9409257e-01   2.8955568e-01   2.4235121e-01  -2.9749586e-01  -1.9321245e-01   1.3528381e-01  -1.8975432e-01  -1.0337808e-01   5.0812905e-01   1.2473023e-01  -1.5388362e-01  -1.1457288e-01  -3.8562337e-01   6.6077495e-01  -1.4595834e-01   1.3921172e-01   1.6600690e-01  -2.2983847e-01   2.8808910e-01  -4.5244261e-01   8.4090871e-02  -1.1124341e-01  -3.2907951e-02   1.4066428e-01  -1.5446737e-01   7.5953657e-02   2.2320583e-01  -9.0683527e-02   3.6247144e-01  -2.9175057e-01   2.7023274e-01   2.5556178e-01   1.3114552e-01  -5.6187551e-02   1.7628276e-01  -1.5486677e-01   2.9302476e-02   1.7758672e-01   1.2821749e-01  -1.5294381e-01  -2.6942440e-01  -4.0379684e-01   1.3326249e-01  -2.9737417e-02   6.3981339e-03  -7.6618424e-02   6.2610224e-01  -2.1274308e-02  -8.0240263e-02   5.4490973e-01  -9.4870194e-02  -3.1383857e-02  -2.9032303e-01  -8.0295470e-02  -1.4375354e-01  -9.8722457e-02   4.6588522e-01   3.2446856e-01  -1.3341551e-01   2.8833626e-01   1.0446313e-01   1.9032867e-01  -3.2527464e-01   1.2735033e-01  -2.7546115e-01  -2.5454751e-02  -1.2570441e-01   4.7807459e-01  -1.0806631e-01  -1.0345083e-01   5.7916687e-01   1.3267048e-01  -1.1909312e-01   1.7830088e-02  -2.2624489e-01   6.7723431e-01   7.2786568e-02  -3.0410482e-01  -4.5853809e-02   3.8246706e-01  -6.4563659e-02   2.4462814e-01   4.6538172e-01  -4.0545922e-02   1.7011711e-01   1.2230665e-02   2.0413305e-01   6.8353184e-01   5.7602342e-01   5.4116871e-01   1.5012175e-01   2.1050131e-01   2.7632692e-01  -2.2007117e-01   2.7805349e-02   1.8638882e-01  -3.3458926e-01   2.8416390e-03  -3.4549827e-01  -4.3441185e-01   4.5618241e-01  -6.6295931e-02   3.0041628e-01  -6.2545378e-02  -1.8460607e-02   7.2572329e-02  -3.6264891e-02   3.3508368e-02  -1.3838943e-01  -2.2371703e-01   2.3565659e-01  -3.7503159e-01   7.3769686e-01   2.2666418e-01  -4.3637926e-02  -1.2225955e-01  -1.2967826e-01  -2.1081483e-01   6.0019813e-01   1.8245041e-01   1.5628057e-01   1.4971720e-02   3.0910625e-01  -1.8682258e-02   1.9925620e-02  -2.0788082e-01   1.3077807e-01   9.6438256e-02   4.1823879e-01   5.6311707e-01   1.9981027e-01   1.1167565e-02  -1.6042102e-01  -1.1874520e-01  -3.1452844e-01   4.8828546e-02   3.2795760e-01  -1.1129469e-02   9.1460341e-02  -7.9761579e-02   3.3851162e-02  -4.6087614e-02  -4.6646191e-02  -2.2638961e-01   3.4997366e-01   1.8253291e-01  -1.6921985e-01   1.5822588e-01  -2.6746635e-01  -4.3423982e-02   3.0475979e-01   6.4961266e-01   1.5855571e-01  -1.9229295e-02   1.2201510e-01   4.0909029e-01  -4.0965434e-01  -4.0574056e-01   2.4615166e-02  -3.0090830e-01   2.2757590e-02   2.3785496e-02   6.1929078e-01   2.2756218e-01  -1.5273473e-01   2.4659192e-02   6.1054740e-01   6.4817155e-01  -1.7761176e-01  -1.2554951e-01  -6.4826359e-02   1.0236906e-02   3.4255074e-02   2.1432741e-02
  -5.3104592e-02   4.6745435e-01   0.0000000e+00  -3.7680875e-01   1.3775992e-01   3.4087910e-01  -4.1332458e-01   2.0155663e-01   1.5349564e-01   1.5583187e-01  -2.0409508e-01   2.0401111e-01   1.3085240e-01  -5.0274837e-02   2.0184535e-02  -5.7936832e-02   8.5113210e-01  -3.7258865e-01   9.3779931e-02   2.9284620e-01  -2.7504190e-01   4.9052004e-02  -3.3687633e-01   1.0869179e-01   3.6251256e-03   4.2375806e-02   5.1841316e-01  -5.6425972e-02   1.6075927e-01  -2.3436816e-02  -1.9118505e-01  -2.8923267e-02  -3.2407779e-01   2.5051764e-01   3.3128475e-02   2.6759121e-02  -2.9186016e-01   2.3883808e-01   7.8794099e-02   4.1283475e-01  -1.7010106e-03  -6.2063989e-02   2.5530609e-02   1.3147740e-02  -3.1439330e-01   3.4779740e-01  -2.0035385e-01  -6.9463658e-02  -2.7527685e-01   7.9373808e-01  -3.7932449e-01   1.7852175e-01   3.3539683e-01   2.6977398e-01   2.4990241e-01  -9.5534808e-02  -6.4276957e-03  -1.3210016e-01  -1.2818162e-01   9.0252988e-02   3.8636492e-01  -1.3602140e-01   3.4112903e-01   5.7976088e-03   9.6057408e-03  -3.8918851e-01   4.5030087e-01  -5.7266249e-02   1.4092325e-01   2.6976659e-01   4.7424209e-01  -2.9073874e-01  -3.9086607e-01   5.6726326e-01   1.9124945e-01   9.2666012e-02   3.3834517e-01  -9.5806295e-02   3.2672197e-01   2.2792960e-01  -8.7500719e-02   9.4738847e-02   1.4407525e-01  -2.1684219e-01   5.9995849e-01   1.8889801e-01  -1.8476470e-01   2.1811041e-01   1.3921177e-01   2.0845748e-02   8.6043284e-02   3.5025421e-01   3.3081546e-01  -1.8959398e-01   2.5011640e-01   2.1822937e-01   1.1380068e-01  -5.6634832e-02  -1.8094801e-01  -2.8877727e-01   3.8019043e-01  -2.3402003e-01   6.5254564e-02   1.5221250e-01  -4.6076872e-01   1.1369962e-01   1.3058659e-01   7.4939472e-02   1.3083870e-01  -7.8448164e-02   3.6552890e-01   1.8448942e-01  -2.8918074e-01   4.7547256e-01  -5.9464112e-02   3.9971804e-01   1.7598436e-01  -2.5931288e-01   1.2981491e-01  -3.8577795e-01  -2.2223770e-02   4.0590290e-01   2.0592391e-01  -2.7107128e-01  -2.4651162e-02   1.9227581e-01  -3.5605305e-01   1.5710082e-01  -3.3680432e-01   5.8445375e-01  -4.8853590e-02   2.4157635e-01   5.0079147e-01  -2.1115828e-01   1.1704675e-01   8.1344570e-02   3.0014945e-01  -1.8646193e-01   1.8315429e-01   3.4294960e-01  -2.5205377e-01   6.6990255e-02  -1.3553615e-01   1.8583784e-01  -3.2003291e-01  -3.0901609e-01   2.2030921e-01   1.3408597e-01  -6.8795713e-02  -2.8268706e-01   3.6823337e-01   1.5136076e-01   2.9370212e-02   2.3236993e-01   7.7694436e-01  -1.0375390e-02  -8.7590946e-02   2.6808043e-01   4.7634045e-01  -9.3163144e-02   1.1202112e-02  -1.7549764e-01  -3.0962816e-01  -4.5079971e-01  -1.1410418e-01   6.6997157e-01   4.2853348e-01  -9.3941015e-02  -1.3752179e-01   4.1486916e-01   4.1871983e-01   1.0757220e-01  -4.0100918e-01   1.9523321e-01   5.2523032e-02   8.6985057e-02  -1.5936572e-01
  -8.5730690e-02  -2.9409257e-01  -3.7680875e-01   0.0000000e+00  -1.7141640e-01  -2.3887546e-01   3.1607581e-01  -1.8734951e-01  -5.8020397e-02  -1.0536506e-01   1.0724842e-01  -1.9260105e-01  -2.6705575e-01   4.0102380e-02  -1.3253256e-01  -1.1090004e-01  -4.0600438e-01   1.1553505e-01  -2.1803202e-01  -1.9274053e-02   1.6142318e-01   2.4324596e-01   1.5677040e-01  -1.7916952e-01  -1.8268216e-01   1.5776335e-01  -1.2721530e-01  -2.8043342e-01   1.8025051e-01  -2.6308159e-02  -6.6387165e-02   2.7227849e-01  -1.2547196e-01  -3.2428866e-01  -1.2883854e-01  -2.7470511e-01  -3.9863871e-02  -1.0377975e-01  -1.9376208e-01  -6.7223651e-02  -4.3382893e-02  -3.0331568e-01   2.0900767e-01   1.0536543e-01   5.8692429e-01  -4.2940169e-01   9.2809861e-02  -5.8110606e-02  -1.9579866e-01  -3.2522788e-01   8.6373599e-02  -1.0450448e-02  -3.9167025e-01  -7.4935116e-02  -7.5239032e-02   3.2567092e-02   9.9144366e-02   5.5218422e-01   7.6086680e-02  -2.2447363e-01  -1.9609098e-01   2.6831925e-01  -3.0610366e-01  -1.5131020e-01  -1.2197213e-01   1.1514271e-01  -4.5740499e-01   1.8742321e-01  -5.4208696e-02  -3.0716278e-01  -2.7237477e-01   8.0328981e-01   2.5738925e-01  -5.8462673e-01  -3.0929723e-02   3.0047511e-02  -4.2938932e-01   9.0856947e-02  -2.4089434e-01  -1.4133575e-01   2.6111908e-02  -1.9440991e-01  -3.5970800e-01   2.2489719e-01  -3.0407201e-01   8.7069749e-02   3.6486965e-02  -2.3782083e-01  -3.6235316e-01   3.1163843e-02  -4.4421711e-02  -5.8589356e-02  -3.3717587e-01   1.1559750e-01  -2.5755065e-01  -1.9753839e-01  -8.3544026e-02  -1.9012556e-01   2.5201645e-01   1.3386919e-01  -1.8060497e-01   5.4781771e-02   1.2445074e-01  -1.4968811e-01   7.3455293e-01   3.5294916e-01  -1.3309057e-01  -7.5913754e-02  -2.4422194e-01  -1.8853471e-01  -3.8663585e-01   3.1603939e-01   7.9159183e-01  -4.0890365e-01   3.1757407e-02  -4.4488650e-01   3.0623792e-01  -2.3003002e-02  -2.3804819e-01   8.2817817e-01  -1.1238211e-01  -4.2221192e-01  -4.2742570e-01   4.2654919e-01  -2.4250122e-01  -5.0503106e-01   4.0506882e-01  -1.2965567e-02   4.1071807e-01  -4.4704677e-01  -7.8579487e-02  -4.0055732e-01  -3.7521991e-01   6.7915999e-02  -1.2639459e-02   1.7694294e-01  -2.7911979e-01   9.9750928e-02  -2.2691265e-01  -3.9855346e-01   2.2479352e-01  -3.7987429e-02   3.0394339e-02  -1.6403959e-01   1.2812625e-01   6.3660766e-01  -2.7300562e-01  -2.1647392e-01   1.8140925e-02   1.4711614e-01  -2.4059228e-01  -1.8578257e-01   1.0802730e-01   6.8862520e-02  -4.7062685e-01  -3.9388259e-01   2.0351546e-01  -9.1591042e-02  -1.4579219e-01   7.2581183e-02   3.2854497e-01   4.8534734e-02  -8.7511668e-02   5.5436440e-01   6.9469839e-01  -4.8508174e-01  -2.7942878e-01  -7.6001762e-02   1.1533182e-01  -1.6471159e-01  -3.6403579e-01  -2.4750022e-01   7.7804511e-01  -1.7601854e-01  -6.0013645e-02   1.4625956e-01   5.8605605e-01
   1.0140996e-01   2.8955568e-01   1.3775992e-01  -1.7141640e-01   0.0000000e+00   1.0499156e-01  -3.1422275e-01  -1.1041341e-01   8.2889706e-02   1.1419715e-01  -1.3153328e-01   6.0527615e-02  -9.0616425e-02   3.0467847e-02  -5.5000184e-01  -1.4516087e-02   1.9695729e-01  -2.0813847e-01  -1.2924164e-01   5.6293418e-01  -4.4483523e-01  -1.9912504e-01  -2.6263592e-01   1.7690169e-02   3.1100829e-01   7.9551660e-02   2.5301960e-01  -1.9110659e-01  -2.4196555e-02  -1.3223267e-01  -4.4393377e-01  -1.5009288e-01   1.0819905e-01  -3.4916993e-02   1.6538090e-01   5.6993450e-01  -9.3358454e-02  -1.3503730e-01   3.4100274e-01   3.6831470e-01   2.5179541e-01   3.8444522e-01   3.4397050e-01  -1.8308701e-01  -1.9048634e-01   1.7183244e-01  -1.6452949e-01   5.7010319e-02   8.2381239e-02   1.9346816e-01  -1.7754794e-01  -1.1172693e-01   1.0882021e-01   3.0875723e-01  -2.4873261e-02  -5.1312292e-01   2.3707821e-01   5.6999352e-02   1.0979539e-01  -2.6806543e-02   4.4658867e-02  -1.8216755e-01   6.0205202e-02  -1.8320530e-01  -1.2037229e-01  -1.9909237e-01   2.3911444e-02  -4.8416285e-02  -8.6684202e-02  -3.2807700e-02   3.9808948e-01   1.3741414e-01   5.6710279e-02  -3.4009424e-02  -8.7738105e-02  -1.0511834e-01  -1.1218340e-01  -2.9953345e-01   5.8085524e-01   3.5825125e-01  -4.9498605e-01   3.2299593e-02   1.2653182e-01   9.8476507e-02  -7.6861658e-02  -7.6737933e-02  -2.0982681e-01   1.9689122e-01   1.3497041e-01  -1.2467695e-01   5.1602773e-01   2.2292317e-01   2.0630518e-02   2.7954136e-01  -1.1591638e-01   5.2176033e-01   9.9415457e-02  -9.9952249e-02   2.4570606e-01  -1.3412233e-01  -6.6990797e-02  -4.0805123e-01  -5.8021322e-01  -6.6718476e-02  -1.9018655e-01  -1.5044681e-01   1.8387747e-01  -2.9298965e-01  -1.2047640e-01   4.6920813e-02  -2.3506715e-01  -4.8667988e-01  -8.4539127e-02   4.4196141e-03  -3.7398780e-01   2.9647101e-01  -3.1868763e-01   1.9917541e-01  -1.6398463e-01  -2.2013776e-01  -1.2191654e-02   5.3983382e-01   3.7988821e-02   1.3976670e-01  -5.4011590e-02   2.2598652e-02  -1.6998868e-01   1.8653733e-01   1.6932481e-01   1.9548388e-01  -1.0998944e-01  -1.6017531e-01  -8.8642802e-02   9.4339237e-02   9.7208610e-02  -4.2276447e-01   1.0733410e-01   1.7397159e-02  -2.1227987e-01   9.6336139e-02  -8.1829989e-02  -1.3815279e-01  -2.0965844e-01  -4.5619233e-02  -1.2220089e-01  -4.3119754e-01  -2.4518237e-01  -8.7482106e-02  -7.1195104e-02  -1.2620852e-01  -1.7168501e-02  -8.7060519e-02  -8.5382189e-02  -1.9747465e-01   1.7631941e-01  -6.9052888e-02  -4.4405308e-01   6.4444955e-02   2.2498614e-02  -3.1214393e-01   7.3244828e-02  -3.1996575e-01  -1.6829748e-02   1.6261104e-02  -3.3827150e-01   2.9472327e-01  -1.2944547e-02   1.1135434e-01  -1.8480208e-02   7.4508028e-03   3.3441860e-01  -2.6780400e-01  -1.3646940e-01  -9.8261706e-02   3.0676338e-02   2.3991057e-01  -1.8846320e-01
   9.4014896e-02   2.4235121e-01   3.4087910e-01  -2.3887546e-01   1.0499156e-01   0.0000000e+00   1.5726004e-02   4.8262360e-01   3.5789515e-01   5.9001678e-02   4.5515960e-01   2.1120937e-01   1.8453019e-01  -2.3975209e-01   1.4541265e-01  -5.5321987e-02   3.5224341e-01  -6.7557235e-02   1.8792543e-01   4.7439154e-03   1.1469088e-01   1.2127413e-01   8.8371915e-02   1.5169450e-01   2.0531326e-01   1.6759764e-01   5.3649357e-01   1.7672910e-01  -2.5580717e-01   3.4607046e-01   8.4288223e-03  -1.6106158e-01  -4.5316337e-01   1.9980352e-01  -1.4844520e-01   7.6631689e-03  -3.1162288e-01   5.0143579e-01   2.5654129e-02   3.1924041e-01   2.8130196e-01  -1.4869406e-01   1.2827873e-02   9.8999969e-02   9.6282539e-02   6.2699659e-01   2.9197581e-01   1.4179475e-01  -5.9791814e-02   4.0332927e-01  -8.8759282e-02   2.6308631e-01   9.5679466e-02  -2.9283207e-01  -3.3485284e-01   3.8918877e-01   5.1713634e-01   1.6073812e-01   1.8937635e-01   1.2827987e-01   2.8233806e-01  -1.2680095e-01   2.6670720e-01   1.6538465e-01   6.6124574e-02   2.4456222e-01   5.6685215e-01   1.4793945e-02   5.2471852e-01   5.6487817e-01   8.8816167e-02   1.8007472e-02   1.0341750e-02   3.4098275e-01   6.1097157e-03   3.2480166e-01   4.8193253e-01  -2.0672465e-01   1.2264905e-01   1.7144836e-01  -1.1741445e-01  -2.0949941e-02   2.5349992e-01  -7.5037057e-02   1.9226863e-01   1.2021973e-01   8.3031597e-02   1.3475793e-01   1.3067438e-01   1.9462650e-01  -9.0493424e-02   2.4434041e-02   4.0309628e-01  -2.9293114e-01   5.7231146e-01   4.9520333e-02   2.7041432e-01   4.5444077e-01   1.7033694e-01   3.7100263e-02   1.2864578e-01   2.4928139e-01   9.3560599e-02   1.7906161e-01  -2.2566157e-01   1.1708362e-01  -4.4797659e-01   4.1179528e-01  -2.3509459e-01   1.4182749e-01   4.6819697e-01   4.1357366e-01   1.9421836e-02   6.7538728e-01  -1.0318862e-01   2.2419420e-01   2.2661284e-01  -2.3133223e-01   1.8644663e-01  -5.9244605e-02   4.1529107e-01   4.4384793e-01   5.8019055e-02   4.0109270e-02   4.5281949e-01   2.1704823e-01  -1.1428398e-01  -1.7203188e-01   1.2132674e-01   3.3923889e-01   2.5273915e-01   6.6148882e-01   3.6662303e-01  -1.3455955e-01  -4.3350380e-02   2.6241493e-01   8.6553166e-02  -1.9921183e-01   6.3872857e-01   3.6080682e-01  -3.5995288e-01  -6.2328468e-03   9.8074784e-02   2.0325729e-01  -1.5108720e-01  -2.1139741e-01   1.9101696e-01   4.4501620e-01   3.7153161e-01  -1.4450175e-01   1.0642518e-01   4.5839488e-01  -3.0143462e-01   5.7810121e-01   5.2190733e-01   2.2728898e-01   3.0020278e-02   3.0414415e-01   4.2742995e-01   2.7541215e-01   1.1635130e-01   2.5754723e-01   1.6112746e-01  -1.1884699e-01  -2.3722256e-01   3.3169084e-01   5.8382718e-01   2.5215054e-01  -2.6651536e-02   4.5765005e-01   3.4373063e-01   3.1279659e-01  -1.2334047e-01   4.7716493e-01  -2.4087829e-02  -2.9504825e-01  -5.3477929e-02
   2.8688302e-03  -2.9749586e-01  -4.1332458e-01   3.1607581e-01  -3.1422275e-01   1.5726004e-02   0.0000000e+00  -1.9236403e-01  -7.9309449e-02  -1.8788071e-01   5.0815399e-01   2.3834630e-01  -1.3215999e-01  -1.2681258e-01   3.2730852e-01   2.6395778e-01  -5.2462229e-01   6.7686100e-01  -2.9326617e-02  -2.7571892e-01   5.9291738e-01   7.6565219e-02   5.4375872e-01  -1.7573915e-01  -7.6803173e-02   1.4311504e-01  -7.0773652e-02   1.0958162e-01   7.6210382e-02   2.4044255e-01   5.0354130e-01   7.8068890e-02   3.5167070e-02   1.7826252e-01  -4.9555949e-02   5.0288605e-02   3.9745904e-01   5.7450688e-02   1.7083205e-01  -8.6483875e-02   1.3494788e-01  -1.6600512e-01  -4.6872137e-02   2.7939158e-01   4.4600522e-01  -3.4614080e-01   3.5275085e-01   5.2386767e-01   1.3607608e-01  -4.3396538e-01   4.4651799e-01   3.3361720e-02  -1.4727783e-01  -1.6453199e-01  -2.1718023e-01   4.7437088e-01   1.5097348e-01   1.5229213e-01   2.1926449e-01   5.4121586e-02   2.9393761e-02   2.5338424e-01  -2.5778194e-01   1.0445194e-01   4.4939609e-01   4.4842365e-01  -2.0420094e-01   8.8069232e-02   2.9968340e-02  -1.4559200e-01  -3.9374150e-01   1.4716957e-01   1.0095510e-01  -4.0827070e-01  -1.5254316e-01   4.8308173e-02  -2.3901184e-02   5.2788322e-01  -4.9625523e-01  -2.8379321e-01   3.1950385e-01  -7.1959391e-02   9.4025198e-02   3.1402309e-01  -2.4328846e-01  -4.7040674e-02   4.3019169e-01  -2.5547359e-01  -8.0031020e-02   7.7456414e-02  -2.2112876e-01  -3.2162362e-01  -6.3926542e-02   2.4013461e-01  -1.1922666e-01  -3.8402411e-01  -1.7939021e-01  -5.5160516e-03   1.8701375e-02   4.0197177e-01  -1.2676153e-02   4.3704597e-01   3.6725146e-01  -1.1644116e-01   3.7243595e-01   2.1426863e-01  -2.4932232e-01   9.0457910e-02  -3.8688338e-02   1.5808242e-01   1.4570887e-01   1.8023758e-01   2.9541633e-01  -1.8398854e-01   3.2687301e-01  -4.3308042e-01   1.7692970e-01  -1.1376078e-02   2.1684040e-01   3.8297347e-01   2.0221164e-01  -5.2877724e-01  -3.9022025e-02   2.9023187e-01  -1.8701679e-01  -7.1518563e-02   4.6833587e-01  -3.2222249e-01   3.4703328e-01  -2.6521276e-01  -2.1090904e-01   4.3573826e-03  -3.2747861e-01   2.7252229e-01   1.4904658e-01   2.0539123e-01  -3.3329465e-01   3.9016622e-01   2.7295747e-01  -1.9881038e-01  -6.1824209e-02  -1.5961303e-01   9.3878745e-02   7.9844096e-02   4.1882371e-01   3.1508089e-01   1.3588032e-01  -6.7343908e-02   5.5248054e-02   6.1702211e-01  -1.1864724e-01   5.2063809e-02  -8.2982537e-02  -2.2303159e-02  -3.0772405e-01   6.4857175e-02   3.1350981e-01   6.8728861e-03  -3.4554324e-01   4.0059972e-01   8.9308637e-02   3.3782655e-01   4.5206804e-01   2.9206583e-01   1.2680164e-01  -3.2707817e-01  -8.6705273e-02   3.7312091e-02   7.3365414e-02  -1.5243925e-01  -3.6092961e-01   1.9183176e-01   3.3448236e-01  -3.7474446e-02   4.0897787e-02  -4.5392219e-01   2.2092590e-01
  -2.7695575e-02  -1.9321245e-01   2.0155663e-01  -1.8734951e-01  -1.1041341e-01   4.8262360e-01  -1.9236403e-01   0.0000000e+00   2.3255428e-01   3.9061211e-02   2.8856326e-01  -3.7216117e-01   1.7449093e-02  -1.6178264e-01   2.0304737e-01   1.0449533e-01   2.3790773e-01  -2.0566049e-01   2.6959835e-01  -1.2207541e-01   4.5769007e-03  -2.2105357e-01   1.9670032e-02   1.8014776e-01   2.3832831e-01   1.2177713e-01   3.5859801e-01   2.8788393e-01  -3.8183042e-01  -1.5372042e-01  -2.8197154e-02  -3.3642057e-01  -1.6292233e-01  -2.5491195e-01  -3.9555857e-01  -1.4745144e-01  -3.6761008e-01   5.6013926e-01   7.9996762e-02   1.6668213e-01   5.0344362e-03  -3.4904792e-01   2.7344343e-02   4.0975458e-01   9.2640984e-02   7.2185166e-01   1.2969014e-01  -1.5795408e-01  -1.1391704e-01   1.6230742e-01  -2.1579285e-01   4.1914582e-01  -1.7192242e-01  -1.5039327e-01  -1.0945713e-01   4.2370222e-01   2.9960065e-01   1.2990826e-01   1.4476938e-01  -3.1715004e-01   2.1896013e-01  -9.9141805e-02   3.1842233e-01   4.0770066e-01  -1.3999231e-01  -3.1613994e-02   3.7109355e-01   2.6555305e-02   3.7683854e-01   5.1232830e-01   8.3298709e-02  -7.8791476e-02  -3.2027649e-02   7.3394303e-02   1.1810526e-01   2.8124321e-01   6.4451729e-01   1.1666133e-01  -3.2789097e-01   2.6633000e-01   2.1577389e-01   1.1022586e-02   1.6997491e-01   3.7671039e-02   7.4484844e-02  -1.4950669e-01  -7.0170339e-02  -1.4488907e-01   5.7101503e-02   2.6007885e-01  -3.1601444e-01  -1.2650160e-01   9.7697596e-02  -5.5956753e-01   5.9557091e-01   5.3458356e-03   5.5364961e-01   5.4244271e-01  -8.8774974e-02   3.6097151e-02   2.2863468e-01   2.8514241e-01   2.6216741e-02   4.6177225e-03  -2.6753768e-01  -1.7245458e-01  -4.0844739e-01   6.3224236e-01  -1.7374234e-01   1.1514007e-02   4.0766951e-01   1.9623609e-01   1.3668445e-02   5.9149206e-01   4.2915821e-02  -1.0859989e-01   1.5646739e-01  -1.3727086e-01   8.7178212e-02  -1.9593502e-01   6.8571960e-01   7.5695164e-02  -7.4589271e-02  -1.7986358e-01   5.5735354e-01  -1.3071587e-01  -2.7223108e-01   1.4594551e-01  -9.1286539e-02   2.6226592e-01   2.3964524e-01   2.8698500e-01   1.8237841e-01  -2.7910396e-01  -2.7923456e-02   2.7909660e-01   5.8943858e-01  -1.0979948e-01   3.6455329e-01   5.6732809e-01  -4.7217440e-01  -1.2653172e-02   2.9987168e-01  -9.1824484e-02  -2.6659200e-01  -2.7560957e-01   4.1018018e-01   2.1878097e-01   8.7713635e-02  -3.4525575e-01  -1.5845130e-02   6.6159904e-01  -2.5874214e-02   3.3820576e-01   1.5985683e-01   1.3132940e-01   9.3364782e-02   4.5917598e-02   2.8696509e-01   2.7746368e-01   1.7672470e-01   4.0775481e-01   1.9445796e-01  -2.9606797e-01  -3.7554154e-01  -1.4780692e-01   5.1260863e-01   3.2181607e-01  -1.1015566e-01   2.9506260e-01  -1.6808684e-01   3.9940604e-01  -1.3041932e-01   4.5306500e-01   4.0197486e-02  -5.9197999e-02  -1.5514507e-01
   4.7571942e-01   1.3528381e-01   1.5349564e-01  -5.8020397e-02   8.2889706e-02   3.5789515e-01  -7.9309449e-02   2.3255428e-01   0.0000000e+00  -2.6620318e-01   3.9140445e-02  -1.1185240e-02  -7.8163051e-02  -9.5191867e-02  -1.1855089e-01   1.5054195e-01   2.6618112e-01   1.1427424e-01   1.9777841e-01   5.3361612e-02  -8.1603752e-02   6.8654302e-02   9.0398173e-02  -1.4601487e-02  -1.0271532e-01   9.9368933e-02   2.2723181e-01   8.9231230e-02   4.6609029e-02   3.6647444e-01  -2.5343818e-01   4.8725377e-02  -4.3072156e-02  -6.2758620e-02   6.6669949e-02  -1.0140546e-01  -1.9738927e-01   4.4874560e-01  -9.1689080e-02  -3.3726666e-03  -9.1346480e-02  -1.1877849e-01  -2.4829141e-01  -1.7499747e-01   2.5147208e-01   1.8478202e-01   1.8779559e-01  -1.4413636e-01   2.3439973e-01   1.4168097e-01   5.4773510e-02   1.7304452e-01   1.9282399e-01   9.1839297e-02  -9.3454792e-02  -5.0938176e-02   2.2944422e-01   3.0846410e-01   2.0208545e-01   1.9788107e-01   1.7320938e-01   1.9447961e-01   3.0575600e-01   1.0747290e-02   2.8060608e-01   2.3684710e-02   1.2643886e-01  -2.5543045e-01   5.3819002e-02  -5.8536085e-02  -3.6150717e-02  -2.0963030e-02  -1.7361701e-01   1.2492781e-01   1.2810921e-01   3.7188442e-01   2.6826556e-01  -2.4591914e-01   1.0759834e-01  -5.5288999e-03   1.6254364e-01   6.8561270e-02   4.1065341e-02   1.0393597e-01  -2.5253096e-01   8.2802235e-02   4.1080234e-01   5.6778727e-02  -3.1489201e-01   1.0001405e-01   1.1990954e-01   2.0833704e-01   2.1526058e-01   4.1109945e-03   3.5886316e-01   1.8665702e-01   2.5290174e-01   3.5802877e-01  -1.1118664e-01  -2.0371490e-02  -1.5738856e-01   1.1627189e-01  -2.0458291e-01   4.6163296e-01  -4.9247077e-02   1.8439122e-01  -2.1503626e-01   3.1925071e-01  -3.7336473e-01  -1.2912073e-01  -1.1294188e-01   9.1559604e-02  -1.9608229e-02   1.0061792e-01  -4.8127151e-01   2.3309024e-01   9.4456584e-02  -3.6464397e-01  -3.7159568e-01  -1.0669248e-02   8.8392507e-02   8.0850620e-02   2.9446915e-02   2.0360959e-01   4.2713776e-01   1.6064675e-01   3.9679419e-04   7.8108177e-02   8.4037355e-02  -2.6636619e-01  -1.7084332e-02   2.3383466e-01   2.2638125e-01  -2.2183262e-01   3.5364923e-02   1.6509020e-02   1.9229726e-01  -3.0976052e-01   1.1538970e-01   2.9132566e-01   1.3494427e-01   1.6962903e-01   1.7608252e-01  -3.6804090e-01  -2.7057901e-01   1.9937668e-02  -1.6072360e-01   4.1902195e-01   2.8027248e-01   4.4769673e-02  -3.9754134e-01   1.9248960e-01   1.7581572e-01   2.0548908e-01   1.0025868e-01   1.6746851e-01   3.3144050e-01   1.4059745e-01   3.4881492e-01   1.8645062e-01   3.2403406e-02   1.9593681e-01   3.7882944e-01   7.7906138e-02   1.8000310e-02   9.7642846e-02   4.3172453e-01   1.3544284e-01   2.0060704e-01   2.9014512e-01   1.3894243e-01   3.4850871e-01   1.6311480e-02   9.0207001e-02  -1.3431787e-01   2.3971000e-02   4.6647127e-01
  -3.6130478e-01  -1.8975432e-01   1.5583187e-01  -1.0536506e-01   1.1419715e-01   5.9001678e-02  -1.8788071e-01   3.9061211e-02  -2.6620318e-01   0.0000000e+00  -2.3874216e-01   1.3899807e-01   9.6917713e-02   2.4822144e-01   6.1099680e-02  -2.2881578e-01  -6.7463540e-02  -1.1502132e-01  -1.6200774e-02   2.5655528e-01   5.0545756e-02  -3.0392753e-01   2.0001008e-01   2.9405390e-01   3.7541214e-01  -2.1277657e-01   1.1650981e-01  -4.7466280e-02  -1.8924196e-02  -2.1069713e-01  -1.5178360e-01  -3.4671409e-01  -1.0112697e-01   2.7206942e-01  -1.5724133e-02  -1.9436760e-02   1.3494026e-01  -2.3738788e-01   9.8154019e-02   2.7057529e-01  -1.3955704e-01   1.7758059e-01   4.9612626e-01   5.1115465e-03  -7.6945671e-02   8.7231223e-02  -1.2423131e-01  -4.2069743e-02  -8.3468359e-03  -1.6996267e-02  -2.4903827e-01  -1.6960545e-01  -2.4204706e-01   2.4035668e-01   2.1663879e-01  -1.6863829e-01  -1.3902911e-01  -9.4504554e-02   1.3958924e-02  -1.2799890e-01  -2.4655282e-02  -2.0550968e-01   9.1824385e-02  -3.6142089e-01  -3.8883200e-02   2.3304140e-01   1.4958585e-01   3.5117860e-01  -5.1135897e-02   4.7839667e-01  -4.5599220e-02  -9.5612803e-02  -1.3277201e-01  -1.7941550e-02  -2.9531202e-01  -2.3588474e-01   1.4126859e-01  -1.9570301e-01  -3.7916056e-02   1.5514393e-01  -2.4643737e-01  -1.8912696e-01  -7.5135344e-02  -3.9303641e-01   4.5761414e-01  -3.9367127e-01  -3.0029764e-01   3.3780068e-01   4.7252818e-01  -6.7364646e-02  -2.0120775e-01  -2.3858101e-01  -2.3772325e-01  -3.7876752e-02  -1.8104268e-02  -6.4982361e-02   1.5847383e-02  -1.3466748e-01  -1.6004039e-01   2.4121037e-01   3.2133835e-01  -1.2682027e-01   3.6241279e-01  -4.4077621e-01  -3.2927667e-01  -3.6328857e-01   1.2753722e-01  -2.6314065e-01   2.9394928e-01   4.6956628e-02   3.0761611e-01  -7.7596145e-02  -2.1800546e-02   1.9817078e-01   5.2312018e-01  -2.7252843e-01  -3.3116797e-01   6.4700677e-02   4.7729142e-01  -2.8383916e-01   6.3965637e-02   1.7217609e-01   2.2684873e-02  -2.4526958e-01   1.8846056e-01   6.6226750e-02  -3.2772464e-01   3.5691968e-01   6.2873111e-02   5.5937040e-01  -1.8993310e-01  -9.0684095e-02  -1.4763921e-01  -1.1314304e-01   3.3289532e-01  -1.4375936e-01   1.5705203e-01   1.1013802e-01  -1.4782194e-02  -2.0597556e-01  -1.4882181e-01  -6.3898280e-02  -3.6839302e-01   5.0900146e-01  -9.6709149e-02  -4.0713495e-01   2.7950426e-01  -2.4694016e-01  -2.3675328e-01   1.0978536e-01   5.1075804e-01  -2.4232685e-02  -5.6516951e-02   2.9834668e-03   1.9142982e-01   2.2130086e-02  -2.1676091e-01   2.4702623e-01   7.9880804e-02   1.0750767e-01   1.9538656e-01  -3.0431958e-01  -2.1669844e-01  -2.5631131e-01  -2.2023291e-01   7.5122225e-03  -1.6568807e-01  -1.6656663e-01  -8.7243860e-03  -2.4578862e-01  -3.3573215e-02   1.5688893e-01  -3.3881763e-01  -4.6871787e-03   2.7424300e-01   1.8144100e-01  -3.9314425e-01
   1.5665621e-01  -1.0337808e-01  -2.0409508e-01   1.0724842e-01  -1.3153328e-01   4.5515960e-01   5.0815399e-01   2.8856326e-01   3.9140445e-02  -2.3874216e-01   0.0000000e+00   1.3912276e-01   9.5936183e-02  -1.0764047e-01   9.5073344e-02   5.5760604e-02  -2.1661971e-01   2.6602864e-01  -1.3045823e-01  -3.1331893e-01   4.0002596e-01   2.3329420e-01   2.8385726e-01   1.0594439e-01   3.8033852e-02   1.9683909e-01   2.2685871e-01   2.8799044e-01  -1.9787019e-01   3.9806440e-01   4.1536573e-01  -6.0630604e-02  -1.9183667e-01  -9.6126378e-02  -9.1096350e-02   6.0180815e-02  -2.3731044e-01   3.7730909e-01   1.6324310e-01   8.2134181e-02   4.1756401e-01  -2.5617324e-02   1.3985585e-02   3.4596944e-01   2.0827081e-01   2.3441605e-01   6.1782009e-01   4.4805970e-01   9.2792660e-02  -1.5424321e-01   4.4731894e-01   3.0109912e-01  -1.6254274e-01  -3.1396633e-01  -4.1105816e-01   5.5283407e-01   4.2485027e-01   1.7376471e-01   5.4958956e-01   1.1540012e-01   3.4097479e-01  -9.5457537e-02  -1.1065182e-01   3.4143675e-01   8.8052564e-02   1.9007060e-01   2.2122226e-01   1.1491828e-01   6.6993140e-01   9.9414273e-02  -5.7689545e-02   1.7494962e-01   1.7185706e-01  -1.0361995e-01   7.6436658e-02   3.4180598e-01   2.5717598e-01   1.2945932e-01  -1.4345862e-01  -6.6844783e-02   1.3359597e-01   1.2638581e-01   2.8129548e-01   3.0066807e-01  -5.8921433e-02   3.0491804e-01   1.1079008e-01  -7.2344789e-02   4.5247152e-02   2.0941763e-01  -2.5596224e-01   1.4476103e-02   3.0281959e-01   6.4074900e-02   3.5491774e-01  -1.4709422e-01   9.8511754e-02   2.8312056e-01   1.6394416e-01  -7.1834586e-02  -5.8199447e-02   4.7563079e-01   1.4361947e-01   1.0482388e-01   1.4167579e-01   3.8844063e-01  -3.1403090e-01   5.3995648e-01  -6.2487705e-02   3.8334123e-01   3.7150493e-01   2.3360157e-01   3.0211035e-01   2.5188081e-01  -1.7589128e-02  -2.5805516e-02   2.0366945e-01  -6.6167140e-03   2.6346268e-02   1.8638015e-01   3.5838594e-01  -1.8340026e-02  -7.3276406e-02   2.9391324e-01   2.2738097e-01   1.5248448e-01   2.2239013e-01  -2.9626641e-01   4.4014072e-01  -7.5162120e-02   1.8352619e-01   2.9607957e-01   1.1991795e-01   5.1619545e-02  -8.3889346e-02   3.3199569e-01  -1.7526632e-01   7.1202919e-02   6.8372642e-01   2.4422715e-01  -2.9156726e-01  -2.0742028e-01   2.4465076e-01  -6.2187020e-02   2.4048884e-01   2.1336989e-01   1.9767057e-01   2.6251399e-01   4.6993564e-01   9.4462051e-03  -7.3667928e-02   2.5816192e-01  -9.7507293e-02   4.0945120e-01  -1.2749385e-02   3.1369983e-01   1.3264194e-01   2.0586870e-01   9.8825469e-02   2.5744296e-01   2.8265474e-02   4.3095386e-01   1.6301360e-01   3.0106407e-01  -1.5803589e-01  -1.3277226e-01   3.1604060e-01   1.7592491e-01   1.5242100e-01   1.5857538e-01  -2.3965471e-02   2.1997107e-01   1.5327319e-01   3.0275373e-01  -1.4571685e-01  -3.8704845e-01   4.2975057e-02
  -2.1493222e-02   5.0812905e-01   2.0401111e-01  -1.9260105e-01   6.0527615e-02   2.1120937e-01   2.3834630e-01  -3.7216117e-01  -1.1185240e-02   1.3899807e-01   1.3912276e-01   0.0000000e+00   4.1910922e-02  -2.2799655e-02   1.5062512e-02  -2.1513960e-01   1.3363132e-01   9.6374828e-02   1.3432291e-01   7.5491759e-02   2.1717285e-01   1.4141779e-01  -4.5030296e-02   7.4230443e-02  -2.1997760e-01  -1.9902903e-01   6.1227751e-02  -2.0977884e-01   6.4546623e-02   3.5798649e-01   6.2296863e-02   1.7848614e-01  -3.1475118e-01   4.9834083e-01   5.2544181e-01   1.4756126e-01   2.9031687e-01  -1.0878625e-01  -7.5036812e-02   4.4502214e-02   1.3032907e-01   8.4781248e-02  -1.8443601e-02  -1.9374457e-01  -5.5167768e-02  -1.5988004e-01   1.1334613e-01   3.4117664e-01  -3.9497862e-02   2.6984840e-01   1.6625576e-01  -5.1348532e-02   3.2476885e-01   2.0371211e-02   9.1206190e-03  -6.8581717e-02  -3.4068764e-03  -1.2490583e-01   4.9373821e-03   4.5696797e-01   1.2073417e-01  -6.1024069e-03   1.2098535e-01  -6.3644485e-02   4.0795505e-01   2.0344688e-01   4.2857066e-02   2.9081653e-02  -6.7512599e-02  -4.7520490e-02   1.0154594e-01  -3.1234018e-02  -1.3952300e-01   2.6580133e-01  -6.5205974e-02  -9.7839737e-02  -1.7247547e-01  -1.2805776e-01   3.1451859e-01  -1.9433720e-01  -9.5229196e-02  -1.7475519e-01   7.6123255e-02  -1.0780401e-01   2.4619923e-01   1.6885947e-01   2.3142099e-01   1.0787151e-01   1.5942445e-01   2.0103891e-02   2.6960156e-01   4.4267725e-02   1.7435622e-01   2.7015513e-01  -2.9417919e-02   1.6126547e-02  -2.1846969e-01  -9.1656486e-02   7.7375462e-02   5.7998735e-02   5.6663787e-02  -1.0644742e-01   9.5709538e-03   1.1031294e-01   9.0742868e-02   1.6240023e-01  -4.1028377e-02  -1.1007343e-01   2.1463489e-01   8.3353313e-02   1.4343369e-01  -2.1531551e-02  -5.9298883e-03   8.5676559e-03   7.0874541e-02   2.8325883e-01   6.9785976e-02  -1.2161662e-01   1.4484030e-01  -5.3367881e-02  -2.0400003e-01   2.4074710e-01   2.4960112e-01   1.3782561e-01  -2.8193389e-02   3.6593861e-01   9.2820242e-02  -4.3644677e-02  -1.2697062e-03   1.1492719e-01  -1.4787471e-01   2.8932738e-01   1.3825523e-01   1.4865780e-01   2.3616209e-01  -1.5984634e-01  -2.7667246e-01  -3.0871877e-02   1.6339599e-01  -9.5653706e-02   5.9250240e-02   1.2339267e-02  -1.7599994e-01   3.0427152e-01   6.4642814e-02  -1.0241460e-01   1.5288133e-01   7.9574253e-02   1.1984666e-01   2.6721626e-01   2.6574583e-01  -3.3622820e-01  -1.7927950e-01   2.5389437e-01   4.5393655e-01   1.9474856e-01  -3.0717525e-02   1.2180663e-01   3.5496336e-02  -1.1424237e-01  -1.8804450e-01  -8.1734203e-02  -1.6959016e-01   1.1263918e-01  -4.4335990e-02   3.5373593e-01   2.2125284e-01  -1.6293392e-01   4.9130763e-03   1.6102660e-01   4.9207744e-01  -1.7275488e-01  -6.1347669e-02  -2.0091154e-01   8.1211324e-02  -1.6640912e-01  -9.7897357e-02
   3.4591869e-02   1.2473023e-01   1.3085240e-01  -2.6705575e-01  -9.0616425e-02   1.8453019e-01  -1.3215999e-01   1.7449093e-02  -7.8163051e-02   9.6917713e-02   9.5936183e-02   4.1910922e-02   0.0000000e+00   2.1730904e-01   2.1825410e-01  -1.7209933e-01   8.4855591e-02   1.8086087e-02  -3.8242635e-01  -1.3903733e-01  -4.8549644e-02   2.4352374e-02  -4.6163212e-02   2.6845028e-01  -9.9923641e-02   1.9779392e-01  -1.8962806e-01   6.1235880e-02  -7.8967981e-02   2.5594981e-01   1.6102817e-01   5.0917915e-02   8.0147361e-02   4.5648868e-02   2.3257324e-01  -2.8454656e-01  -2.3309068e-01   7.5961234e-02  -3.5546655e-02   8.1333608e-02   3.0285728e-01   1.4811156e-01  -3.3051771e-01  -2.9103209e-01  -4.0665471e-01   1.6493665e-01   1.9142221e-01   8.7018476e-02   1.5689850e-01   1.5683893e-01   9.6322397e-02   1.2156873e-01  -1.5253465e-01  -5.8675577e-03   1.4317953e-01   6.1796355e-02   4.3914284e-02  -3.7209293e-01   2.7446550e-02   2.5545835e-01   9.1091507e-02  -2.5299966e-01  -3.8157803e-02   4.1969784e-02  -2.5461193e-01  -1.0558612e-01   2.5502806e-01   7.7351109e-02   1.0240418e-01   3.7274104e-01   3.7813285e-03  -3.1847290e-01   5.7937110e-02   3.1233491e-01   3.5094866e-02  -1.0999780e-01   1.3137476e-01  -1.6009942e-01   9.2439029e-02   2.1834037e-01   1.7825199e-01  -4.5144800e-02   1.5977842e-01  -2.8150375e-01   3.2342137e-01   3.6769788e-02   8.6282483e-02   1.8075754e-01   1.9849677e-02   7.5836033e-02  -6.8075135e-03   2.5203490e-01   1.8113519e-01  -1.5159806e-01   2.9350521e-01  -6.1169379e-02  -2.5080767e-01  -2.0663675e-02  -1.8588351e-01  -4.4607546e-01   1.8717974e-01  -1.1252756e-03   3.0655883e-01   2.5384246e-01  -9.3672828e-02   3.8042935e-02   2.6841321e-01  -5.3078423e-02   4.4638871e-01   6.1220195e-02   4.5202596e-03   7.0462449e-02  -2.8455217e-01   3.7029989e-01   9.8147964e-02   7.7368848e-02   7.9546660e-02  -1.9940975e-01   1.5834564e-01  -1.4908703e-01   3.6250063e-02   2.0729656e-01  -8.6322752e-03   4.9240824e-02   3.1253480e-01   1.3192190e-01  -1.3623443e-01  -1.8525124e-01  -2.4103184e-01   2.0750140e-01   2.3602629e-01   2.8728211e-01   3.4565299e-01  -1.2791075e-01  -8.8697754e-02  -1.3315507e-01  -1.1016420e-01   1.1790236e-01   2.5585313e-01  -9.0882555e-02   7.3431834e-02   3.5175356e-01   2.9309427e-02   1.3653121e-01   3.7311166e-02  -5.6665879e-02  -6.5872941e-02   2.6498013e-01   2.6431471e-01  -2.5736075e-01   1.3850338e-01  -1.4675540e-02   2.3871958e-01   4.8567400e-02   1.6345279e-01   4.0049954e-01   8.8378288e-02   1.8607068e-01   1.2907494e-01   2.1194835e-01  -1.2129441e-01   2.7261151e-02  -1.5456264e-01   7.5467372e-02  -1.0169561e-01   2.5646794e-01   1.0978284e-01  -1.3956989e-01   1.4314843e-01   1.0785664e-02   1.9777314e-01   3.3664708e-01  -1.6255395e-01   2.0218230e-02  -1.6215559e-01  -7.1088224e-02  -1.2484407e-01
   2.0663659e-01  -1.5388362e-01  -5.0274837e-02   4.0102380e-02   3.0467847e-02  -2.3975209e-01  -1.2681258e-01  -1.6178264e-01  -9.5191867e-02   2.4822144e-01  -1.0764047e-01  -2.2799655e-02   2.1730904e-01   0.0000000e+00  -3.9719443e-01  -1.2126954e-01  -1.1008774e-01  -1.8730185e-01  -2.2550317e-01  -3.4914263e-02   3.8848952e-02   1.9663047e-01   1.2111971e-01   5.3064622e-01   2.7693404e-01  -2.5180112e-01   1.7160720e-01   1.6894269e-01   2.1469409e-01   1.3634674e-01  -2.7166086e-01  -5.5881627e-02   1.2341040e-01  -3.6695741e-01   3.8242945e-01   7.5124230e-03  -1.8726628e-01  -3.9879932e-01   7.2161918e-02   2.7364625e-01   2.9160212e-02   2.5130705e-01   3.6263853e-02  -8.9480185e-03  -3.2959123e-01  -2.8147097e-01   1.2306461e-02  -1.2143579e-01   2.2018515e-01   1.1216855e-02   1.2922949e-01  -1.1177491e-01  -1.2357184e-01   3.8530584e-01   4.5825899e-01  -1.7198318e-01  -4.8627514e-02  -6.3881926e-03   2.6860067e-01   1.3079066e-01  -3.6133535e-02  -3.4604152e-01  -1.6768513e-01  -5.3932173e-01  -3.8135263e-01  -3.2310387e-01   1.6247711e-01  -1.1175199e-01  -6.8671726e-02   1.1821273e-01  -5.7493418e-02  -2.5992207e-02   8.8757825e-02   1.5385840e-01   5.3694966e-03  -1.1336391e-01  -2.2866617e-01   1.3133852e-01   1.0535831e-01   3.2924657e-02   1.5384897e-01  -1.7491779e-01  -1.9578609e-01   1.7679741e-01   4.0473007e-01  -3.3870049e-02  -1.1964028e-01   5.1843022e-01   2.2302768e-01   6.8613233e-02  -2.7240498e-02   8.6737012e-02  -1.7971500e-01  -1.6670459e-02  -3.8782578e-01   4.7669108e-02  -2.6907345e-01  -3.3934855e-01   1.2984918e-01  -3.5856678e-01   2.6994167e-01  -3.7393318e-01   2.8355052e-01   3.2223110e-02  -1.0668182e-01   1.6819449e-01   5.7842082e-01  -2.1839683e-01   1.0712660e-01   4.1061189e-01  -2.8156037e-01   9.3593753e-02   1.0064060e-01  -4.9588522e-02   4.0304521e-01   1.0566548e-02   8.0973185e-02   1.2215349e-01   3.6818878e-01  -1.0327777e-01  -3.0115369e-01   1.4773287e-01   1.8326564e-01   5.5319633e-03  -1.5073917e-01   2.1648901e-01  -2.7306086e-01   3.8518298e-01   7.3864700e-02   2.6096530e-01  -2.3653890e-01  -2.7240458e-01   1.0988704e-01  -1.6346770e-01   2.8657203e-01  -2.1439778e-01   9.9779939e-02   4.3951777e-01  -1.2744207e-01  -1.5130115e-01   3.0557217e-01   2.0450536e-01  -1.7303882e-01   4.0757924e-01   3.8959239e-02   1.4353935e-01  -2.4949557e-01  -3.6451309e-01   6.8338385e-02  -2.1860415e-01   4.8266422e-01   1.6031093e-02   2.7481459e-01  -3.0647997e-01   4.9430921e-02  -5.3932917e-02  -3.5143773e-01   1.6987816e-01  -2.8642731e-02   2.0658892e-02  -3.8520010e-01  -2.9444916e-01  -2.6398480e-01   2.1808017e-01  -5.2557911e-02  -4.2756327e-02  -2.2364644e-01  -6.0395797e-02   4.2911934e-01  -4.1960304e-01   5.9102873e-02  -6.0891067e-02  -1.5151876e-01   7.1696501e-02   1.2355568e-01   3.1808863e-01  -7.0191965e-02
