   0.0000000e+00  -4.2385532e-01   9.7038582e-03  -3.0835507e-01  -5.3132614e-02   3.9985704e-01  -1.5278738e-01  -1.5310691e-02  -5.4104263e-01  -1.8832344e-01   5.1217764e-02  -2.4514701e-01   1.2044213e-01   6.5828332e-01   7.5222505e-02   1.2451069e-01  -1.8155140e-01  -1.9556707e-01  -9.4743698e-02  -1.5907288e-01  -2.3974094e-01   5.2237387e-03   1.1981548e-02   7.4394636e-01   4.0405475e-02  -2.1120007e-01   1.9649335e-02   5.8515302e-01  -9.6198266e-02  -2.6978990e-01  -3.1660208e-01  -4.3325691e-02  -1.4161473e-01  -2.1375450e-01   4.7473390e-01  -2.9857311e-01  -4.2415135e-01   2.9343086e-01  -5.8022622e-02  -2.1218715e-01  -1.8092242e-01   6.0958612e-02  -2.9283955e-01  -1.7227763e-01  -1.8978257e-02   2.0652448e-01  -1.5331047e-01  -4.5360283e-01   1.1109400e-01  -1.9911054e-01   6.6027449e-02  -1.8481388e-01  -4.7168725e-01   3.0988388e-01   3.8243194e-01   2.1649975e-01   1.0584063e-03   2.5795239e-02  -1.8478740e-01   2.5669542e-01  -3.7835866e-02  -2.0671746e-01  -5.6277316e-01  -1.5464012e-01  -1.7394879e-01  -8.7508939e-03   4.0156476e-02  -2.0915323e-01  -1.9119576e-01   5.6130560e-01  -5.4835373e-01   5.2191657e-03  -2.7684132e-01   4.3826181e-01  -1.0677234e-02   5.5086871e-02  -1.3348685e-01  -1.6293713e-01  -1.3480285e-01  -2.4783712e-01   1.1153391e-01  -5.1750441e-03  -2.9223501e-01  -9.9428249e-02   3.8741651e-01   1.4699685e-01  -3.9642959e-01   7.7546242e-01  -3.4675551e-01   9.1416148e-01  -2.3499214e-01   3.6081717e-01  -1.2620912e-01  -3.1164742e-01   2.4690912e-02  -8.1027421e-02  -1.2951160e-01  -1.8084839e-01  -2.5760127e-01  -2.3561303e-01   4.7053082e-01   3.3623206e-01   2.2263838e-02  -1.5644829e-01   2.7177007e-01  -1.1103760e-01   3.1335075e-01  -8.8097054e-02  -3.0878915e-01  -7.8943451e-02  -3.0151815e-01   5.8098978e-01  -4.9048319e-01   9.1108534e-01   5.8385377e-01  -2.3340620e-01   3.6029881e-02  -9.4289246e-02   4.6277535e-01  -5.6719294e-02  -3.8548331e-04  -9.5470033e-04  -4.7727374e-02  -5.2878263e-02   8.4137379e-01   2.5307375e-01   3.7446765e-01  -3.9979108e-02  -4.2976907e-01   1.9343546e-01   7.3169502e-02  -3.7671651e-01   2.9558872e-01  -3.2404109e-01  -2.6623529e-01  -1.0429606e-02  -2.5467494e-01  -2.2415858e-01   4.6493957e-02   5.3477046e-01   8.1385622e-01   5.0891856e-02   2.1585421e-01   5.3605901e-01   2.0000975e-01  -2.1153762e-01  -2.9407054e-01  -1.0791361e-01   1.1077182e-01  -4.2563545e-01   5.9367190e-01  -1.2798700e-01   5.9635569e-01  -3.7037266e-02   1.5287128e-01   7.5288984e-01   4.8914237e-02  -1.9047425e-01   1.9429169e-01   1.5963375e-01   3.6275454e-02  -1.3428152e-01  -3.9766957e-01  -3.3079037e-01  -4.5853486e-02  -2.3080594e-01  -8.3611088e-02   3.2985135e-02   7.4018447e-01  -1.1591668e-01  -2.1426124e-01  -5.7318108e-02  -4.5634176e-01   4.4262633e-01   1.8350225e-01  -2.2851557e-01  -1.6500843e-01
  -4.2385532e-01   0.0000000e+00   1.0223910e-01   9.0776786e-02   2.4126729e-01  -2.4737887e-01  -2.7472443e-01   2.7472903e-01   2.8254708e-01   7.4403434e-02  -1.9884628e-01   3.0840059e-01  -2.8413723e-01  -4.2229553e-01  -9.8717439e-02  -9.2048199e-02   4.1375569e-01   2.0185094e-01   2.7822718e-01   1.4295438e-01  -1.5933527e-01  -2.4778962e-01  -4.0384574e-01  -1.1713766e-01  -3.3075654e-02   3.2125795e-01  -2.3751602e-01  -2.1393044e-01   4.8874002e-02   4.5156435e-01   3.5052942e-02   1.0820019e-01   5.4143890e-02  -1.0720708e-01  -2.2528642e-01  -1.9029495e-01   1.7601228e-01  -2.1880199e-01   2.2732936e-02   6.4681242e-02   5.3612607e-02  -1.3236039e-01   2.2716766e-01   2.4310178e-01   9.3822862e-02  -4.9785414e-01  -3.1228299e-01   2.8060332e-01  -3.6101479e-01   4.8760087e-01  -4.4776823e-01   3.4765042e-01   5.4708614e-01  -1.0226947e-01  -1.7912810e-01  -1.4086065e-01   1.9914120e-01  -1.8550672e-02   1.3614483e-01   5.7696468e-02   3.8506426e-01  -2.7799196e-01   2.5180348e-01   3.4878466e-01   4.2698667e-01  -3.5130325e-01  -2.9790470e-02   3.6314097e-01  -2.7461494e-02  -4.4933449e-01   4.6378054e-01  -3.1913016e-01   1.5195600e-01   1.8638714e-01   1.0605232e-01   2.9575405e-01   9.1901493e-02   2.6196638e-01   3.7649494e-01   2.5823366e-01   9.6443230e-02   6.6581425e-02   1.6055217e-01   2.2537270e-01   2.3895985e-01   1.6866466e-01   1.3467717e-01  -3.3634633e-01   5.7924545e-01  -3.0898978e-01   4.5115493e-01   1.5869327e-01   1.8350067e-02  -6.1288524e-02  -3.7029930e-01  -7.4103113e-02  -7.2357180e-02   2.2093607e-01   7.6574975e-02  -3.2320496e-01  -3.2412531e-01   1.2466823e-01  -1.8410273e-01   2.4641365e-01  -2.6557235e-01   1.7620922e-01  -2.9405624e-01   1.4721927e-01  -6.5749421e-02  -4.6980461e-01   4.1086371e-01  -4.5472356e-01   9.7445468e-03  -4.4926856e-01  -1.7110926e-01   5.6819468e-01   4.0468181e-02  -4.9793549e-02  -1.9124544e-01   1.6811574e-02   1.2635483e-02   1.4649744e-01   2.1603454e-01   5.6680348e-01  -3.6745017e-01   9.4619316e-02  -1.9438673e-01   5.1953795e-02   7.9717481e-02  -2.6192019e-02  -4.9733231e-03   4.0786109e-01   2.6525307e-01   2.9572647e-01  -4.4698364e-02   3.6425395e-01   4.3714859e-02   1.4801601e-01   2.3055935e-01  -3.1535870e-01  -2.6591313e-01  -4.0809179e-01  -3.3605169e-01  -2.9779951e-01   4.0381463e-02   2.9688702e-01  -1.7698828e-03   2.0349126e-01  -4.6027659e-01   1.6463691e-01  -2.2497734e-01   2.7064879e-01  -1.0092739e-01   3.9265211e-01   3.5215828e-01  -2.1211845e-01  -2.4773443e-01   2.5468086e-01   2.7904469e-01   5.5051225e-03   1.2453025e-01   2.6473627e-01  -2.3745742e-02   1.9573187e-01   9.1946754e-02   5.3966784e-01   2.8386754e-01   1.2208069e-01  -3.6008604e-01   4.8587254e-01   3.0497942e-01  -1.2987299e-01   2.5062650e-01  -3.2904867e-01  -3.7763559e-02   1.4246349e-01   1.5368763e-01
   9.7038582e-03   1.0223910e-01   0.0000000e+00  -1.7307563e-01   2.7962639e-01   1.5952311e-01  -3.5685181e-02  -1.1849574e-01  -2.1796948e-01   3.6344399e-01   2.4371640e-01   3.3052618e-01  -1.7008474e-01  -2.3370908e-01  -9.6870654e-02   8.9695568e-02   8.1131831e-01   3.0092222e-02   9.1486524e-02   5.5252285e-01  -2.2400537e-01  -1.3395284e-01   1.5046075e-01   1.7692240e-02   4.3588154e-02  -1.8530172e-01   3.7424152e-01  -9.7074698e-02   4.7333352e-02  -1.1322408e-01  -2.7548749e-01  -5.3508386e-02  -1.6490615e-01   2.3027349e-01   1.2176847e-01   1.3503274e-01  -4.6771289e-02  -1.2615381e-01  -1.2515651e-01   4.6309439e-01  -3.3712800e-01   2.3317538e-02   2.5252317e-01  -2.0304959e-01   2.8005043e-01   4.8707417e-01  -8.2063507e-03  -1.4065714e-01  -1.2136751e-01   6.0611942e-01   1.6132720e-01  -2.1735914e-01  -9.4660972e-02   4.1085661e-02  -2.3587302e-01  -1.9998976e-01  -3.0849871e-02  -1.3214461e-01  -2.0574826e-01   3.7387190e-01   4.2384574e-01   1.8987281e-01  -6.6541450e-02  -2.4839706e-01  -1.3369923e-01   4.7005398e-01   1.3185218e-01   2.8022382e-02  -1.9722915e-01   5.4453753e-01   2.7266023e-02  -1.4358713e-01  -2.9598473e-01   3.0326719e-01   5.3656974e-02  -4.4892659e-03   2.6319302e-01  -2.4881587e-02   1.1287354e-01  -1.0042405e-01  -2.1112444e-01  -6.7858724e-02  -1.7323454e-01  -1.4653839e-01   1.1057917e-01  -1.7488951e-02  -2.5531693e-01  -1.4646938e-01  -1.4336657e-01  -1.5943493e-02  -8.9727773e-02   4.1743298e-01   4.4546178e-01  -2.0058698e-01  -8.7981932e-02   4.2318277e-01  -4.0810812e-02   9.1338186e-02   8.1027557e-02   1.0255149e-01  -2.1930409e-01   1.8001951e-01  -2.5036554e-01  -1.3799631e-01   3.7668915e-02  -3.0372983e-02   1.7811130e-01  -8.2652365e-02  -5.1159645e-02  -2.1388017e-02   2.6122043e-01  -4.3268050e-02  -1.4773509e-01  -1.4299267e-01  -2.1402415e-01  -1.2235730e-01  -1.5293230e-01  -8.1918948e-02  -5.1184394e-02  -2.1740694e-01  -1.4097522e-01   3.4890632e-01   5.3971924e-02  -1.2528398e-01  -1.1265352e-01   3.7986113e-01   3.4612880e-01  -1.6230897e-02  -1.8022211e-01   2.1818781e-01  -1.2517363e-02   7.1014468e-02   2.6952217e-01  -2.7691421e-01  -1.1982729e-01  -1.3061984e-02  -2.2874498e-01  -2.0286212e-01  -3.0707349e-02  -9.7535204e-02  -1.7598346e-01  -1.2241520e-01   1.8318955e-02   1.7023294e-01   1.9164875e-01  -3.3855813e-01   2.1496427e-01  -3.4111113e-02   2.3871043e-01  -1.6833897e-01   7.1063346e-02  -2.4557324e-01  -1.5829828e-02   4.0254757e-03   5.5861918e-01  -1.5364903e-01  -1.5947694e-01  -1.3387581e-01   4.5002606e-01  -2.5810857e-01   2.0266121e-01  -1.3931461e-01  -1.2829516e-02  -3.4965498e-01  -7.1680672e-02   4.9115615e-01   2.8423252e-01  -1.4759074e-02   8.2124918e-02  -3.4935095e-02   2.0681093e-01  -1.4836279e-01  -3.3151791e-01   2.0149838e-01  -1.3669949e-02  -2.5690997e-01  -2.1022546e-01
  -3.0835507e-01   9.0776786e-02  -1.7307563e-01   0.0000000e+00  -7.8912334e-02  -3.1779911e-02  -1.5405295e-01  -6.3313487e-02   4.9133830e-01  -9.4693482e-02  -1.7257344e-01  -3.1154484e-03  -9.8761234e-02  -6.2784464e-02  -3.1128109e-01  -9.2748501e-02  -9.5502342e-02  -1.6342942e-01   1.0080741e-01  -3.8800313e-02  -1.1710480e-01   2.5387917e-01  -2.0357104e-01  -1.3859363e-01   1.8900332e-01   2.3767328e-01  -2.0416386e-01  -1.7989544e-01  -1.5399182e-01   8.7009451e-02  -6.7604161e-02   2.1929692e-01   1.3291861e-02  -1.8885520e-01  -1.6209093e-01   4.7761774e-02   4.1098946e-02  -9.9840444e-02  -7.2344873e-02  -1.9463086e-01   7.0095763e-02   8.0631558e-02   2.8792392e-01   1.6231244e-02  -1.9116523e-01  -2.7374694e-01   5.6711999e-03  -8.1129836e-02  -4.7053760e-02  -1.6048148e-01  -1.0124500e-01   1.6598861e-01  -1.0006557e-02  -7.8132961e-02  -8.0136080e-02  -1.1908042e-01   1.9962619e-01   4.0602325e-01   2.3210222e-01  -1.3124821e-03   9.3588009e-02  -8.7843402e-02   4.9672646e-01  -1.7584802e-01  -7.0503059e-02  -1.2678181e-01   1.8979045e-02   3.2840510e-01   3.6740351e-01  -3.7022212e-01  -9.0437193e-02   2.9248551e-01   3.0020490e-02  -2.8581251e-01   2.0424661e-01  -6.1600767e-02   3.5513585e-03   1.1286596e-01   2.2054828e-02   2.7352486e-01   2.9892974e-02   5.1678817e-03  -7.6084440e-02   7.0223212e-03  -3.7944437e-01  -1.3124596e-02   3.7592231e-01  -1.8293960e-01   5.1256759e-01  -2.7884816e-01   4.0626427e-02  -1.5350976e-01  -2.7845944e-02   5.9280352e-01   5.7592340e-02  -2.1261690e-02   3.4207682e-01   2.6226462e-01   2.2724331e-01  -1.0083702e-01  -2.6671010e-01  -3.1196723e-01  -6.0452278e-02   2.6580014e-01  -9.1730122e-02   3.0424165e-01  -3.7937281e-02   1.5925164e-01   5.7118370e-02  -5.4992008e-02  -1.1822741e-02   1.5621305e-02   6.0899045e-01  -2.7045480e-01  -1.9093829e-01  -1.1663114e-01   1.4620541e-01   1.5653322e-01  -3.2392338e-01   6.4720421e-01  -9.7874649e-03   3.9766649e-02   6.0133966e-01  -2.0627271e-02  -3.2295929e-01  -1.4926727e-01  -3.6571154e-01   1.8346723e-01   5.7132979e-01  -3.2826162e-01  -2.6163792e-01  -1.7280479e-01  -1.6632531e-01  -1.5750293e-01   6.0712259e-01  -5.2551788e-02   1.7405813e-01  -1.9596638e-01   3.5507750e-02  -5.6007559e-02  -1.5305356e-01  -9.2578415e-02   1.4050050e-01  -2.2993949e-01  -3.4986079e-01   3.3589459e-02  -2.1816323e-01  -1.2034978e-01  -7.6404675e-02   5.6476908e-02  -2.9401777e-01   1.3652826e-02  -6.2982050e-02  -2.7123586e-01  -1.9466100e-01  -9.5383333e-02   1.4456883e-01   1.5370971e-01  -1.6458665e-01   1.7513591e-01   3.0439837e-01   1.9520669e-01  -1.4595397e-01   4.0540348e-01   3.8568957e-01  -9.4958758e-02  -1.2261637e-01   9.4095360e-02  -3.5847624e-01  -2.3606640e-01  -5.3572531e-02  -1.0666229e-01   2.0698074e-01  -9.0660012e-02   3.6979168e-01   2.5381181e-01   2.9974983e-01
  -5.3132614e-02   2.4126729e-01   2.7962639e-01  -7.8912334e-02   0.0000000e+00  -8.5116266e-02  -1.8667832e-01   6.3070763e-02   6.1704670e-02  -5.4130758e-02   2.3432999e-01  -1.7928694e-02   7.3786575e-02  -5.0429229e-02  -2.8301103e-01  -3.9194826e-02   2.3941612e-01   3.2109158e-01   1.6474737e-01   6.8440077e-01  -2.4698898e-01  -3.3319512e-01  -1.1339250e-01   5.0644109e-02  -5.2552366e-02   9.5189630e-02   1.5656397e-01   1.3785544e-01   9.8660739e-03   3.4135297e-01  -4.3942735e-01   3.8035278e-02  -1.0346860e-01  -1.0428302e-01   6.6197642e-02   3.9018842e-01  -2.7051795e-01  -1.2836377e-01  -7.7911055e-02   3.1225805e-02   9.3822396e-02  -7.7874799e-02   4.1893473e-02  -1.4059335e-01   5.7366218e-01   3.8438214e-02   2.5343208e-01  -2.2522162e-01   2.9928286e-01   4.9727956e-01   1.5788425e-02   1.0806364e-01  -1.7635729e-01   1.1072937e-02  -3.4061560e-02  -7.6171357e-02   3.2704539e-02  -2.0745407e-01   4.3398123e-02  -3.0488854e-02   1.2579398e-01   2.1370711e-01  -7.4659320e-02  -2.6292468e-01   4.6950856e-02   9.1671994e-02  -4.2196278e-02   3.4493530e-01  -4.4774692e-02  -7.8522065e-02  -2.1273942e-01   1.3454448e-01  -2.4129280e-02  -8.1746158e-02  -8.4552985e-03   3.9784790e-02   5.0215211e-02   1.6002170e-02   7.7491562e-01   1.7575863e-01   5.3312920e-02  -1.0394997e-01  -3.3323698e-01  -1.1410362e-02  -2.4784577e-01  -8.3573350e-02  -1.9854538e-02  -1.2949606e-01   3.4548436e-02  -1.1188035e-01   5.9201827e-01   2.2020692e-02   6.4157481e-02  -9.1107096e-02  -2.7268530e-01   5.9742090e-01   3.3549014e-01   5.2568248e-02   5.6166492e-01  -1.2907405e-01  -2.9137920e-01   3.1545751e-04  -2.8245071e-01  -1.9867204e-02  -3.5713268e-02  -1.6352517e-02  -1.4496593e-01  -7.1493662e-02  -7.2944040e-02   4.9938872e-03  -9.5059964e-02  -1.1714046e-01  -7.6196261e-02  -1.8785073e-01  -3.9318180e-02   5.0781571e-01   4.7350011e-02  -2.1152706e-03   2.0826639e-02  -5.4526541e-02  -1.0043203e-02   5.8973817e-01   2.8425477e-04   1.3135034e-01   6.3845373e-02   9.0746284e-02  -1.0977772e-01   1.8321615e-01  -2.3983353e-01  -2.9957033e-01  -5.9765465e-02   5.8576886e-02  -1.9594273e-02  -4.1168562e-01  -1.8534406e-01   8.8868038e-02   1.2189386e-01  -2.0916836e-01   7.2103902e-02  -1.7492521e-01   3.5927896e-02  -2.5419459e-02  -1.3904028e-01  -3.5967173e-02  -2.1256315e-01  -2.8520341e-02  -1.7830370e-01   6.7845701e-01   1.8760513e-01  -5.0829821e-01  -1.4326585e-01  -1.1461460e-01  -1.7914015e-01   4.5113919e-01  -2.0123896e-02  -6.1537205e-02  -1.5347575e-01   1.8895011e-01   4.5239818e-02   1.5930839e-02   5.0892987e-01   1.4401544e-01  -1.5295116e-01   8.8200595e-02  -3.9768884e-02   2.0898446e-01   3.7011487e-01   4.7304455e-02  -2.7663468e-01  -3.8195693e-02   6.6840823e-01  -2.1261825e-01   2.9753406e-01  -9.2169225e-02  -2.2673955e-02   8.3272717e-03  -1.0649192e-01
   3.9985704e-01  -2.4737887e-01   1.5952311e-01  -3.1779911e-02  -8.5116266e-02   0.0000000e+00  -7.8152859e-02   3.6923105e-01  -3.6052352e-01   3.0350363e-01  -6.1978897e-02   1.3673607e-01  -3.9076072e-01   4.6472759e-01   1.4055645e-01  -4.3752314e-01  -1.8038775e-01  -3.1695139e-01   3.3198038e-01   1.2486913e-01   1.1738360e-02   5.3445647e-01   9.0206683e-02   4.9938722e-01   2.5021057e-01   2.0859408e-01   2.4551932e-02   5.3747173e-01  -5.0583894e-03  -1.6014783e-01  -1.6458963e-01   4.7104478e-01  -5.2076365e-01  -2.8550981e-02   3.3667951e-01  -3.0788921e-01  -2.2368572e-01  -1.8189287e-01  -6.4111360e-01  -8.1036626e-02  -4.8298773e-01  -2.3421700e-01   1.9561709e-01   3.8977856e-01  -1.5326390e-01   1.7521634e-02  -3.5121847e-01  -3.0928375e-01  -1.9001947e-01  -2.5183805e-01   1.7952615e-01   2.1142288e-01  -2.6011408e-01  -1.4052884e-02  -7.9633512e-02   6.2878380e-01   4.9814531e-01   6.3441706e-01  -2.6456077e-01   4.4188212e-01   1.4077542e-01  -3.4401805e-02  -3.6288794e-01  -1.3562755e-01  -3.4145855e-01   1.6660952e-01   7.7015102e-01  -4.0199995e-01   2.5942372e-01   4.3219710e-01  -3.6673008e-01   1.0637372e-01  -6.7425838e-01   4.7917517e-01   4.4494089e-02   5.2255681e-01   1.7898405e-01   3.4633033e-01  -6.9782726e-02  -2.6225974e-01   4.3236166e-01  -4.7105667e-01  -2.6176236e-01   3.8605181e-01   1.8966553e-01   5.6253717e-01  -4.3295750e-01   3.8588626e-01  -1.8862257e-01   4.2378849e-01  -2.9583720e-01   3.9898636e-01   4.2119440e-01  -5.7477834e-02   9.1801018e-02  -9.0925055e-02  -2.0544181e-01   3.0373427e-01  -2.8562983e-01  -2.1050687e-01   1.0712949e-01   3.8471629e-01   4.6397295e-01  -1.1307022e-01   3.1732242e-01   4.1363860e-01  -1.5131578e-01   4.7650010e-01  -2.9566125e-01   2.6724733e-02   2.4346668e-01   5.9136104e-01  -1.0942634e-01   3.8598035e-01   4.3879451e-01  -2.2158898e-01   5.8904170e-01  -4.7923544e-01   4.6641595e-01   2.6308970e-01   6.4913392e-02   3.2207782e-01   9.4137856e-02  -2.0784017e-01   4.3417738e-01   4.7521367e-01   3.8668090e-01  -1.0896406e-01   9.6751886e-02   2.6781922e-01  -4.3090862e-01  -1.7485716e-01   2.4151057e-01  -2.3717519e-01   2.4539679e-02   4.9895099e-01  -4.0000672e-01   3.5102284e-02   5.3612842e-01  -3.5613167e-02   1.9219792e-01  -2.9844178e-01   4.9816550e-01   7.5521878e-01   3.7212197e-01  -8.2641786e-02  -1.7071588e-01  -3.6433929e-01   1.8827233e-01  -1.4117754e-01   4.8843867e-01   3.7671137e-01   2.7405801e-01  -3.0947523e-01   4.2658833e-01   3.5056640e-02   1.2104854e-01  -4.7781896e-01   2.0305569e-02   4.3819290e-01   5.1577733e-02   1.6172783e-01  -2.3090470e-01   4.5490736e-02   5.0628134e-01   1.8761631e-01   2.2072411e-01   3.1235117e-01   2.8646992e-01  -1.4540296e-01  -6.7413816e-02  -2.8028890e-01  -4.2535116e-01   7.3077840e-01   4.4306178e-01  -5.1013806e-01   4.3926911e-01
  -1.5278738e-01  -2.7472443e-01  -3.5685181e-02  -1.5405295e-01  -1.8667832e-01  -7.8152859e-02   0.0000000e+00  -3.7959235e-01  -2.7346811e-01   3.6609338e-01   3.5875791e-01   4.6543986e-01   5.3821929e-02  -8.1408993e-02   6.0561968e-01   1.9898387e-01  -1.7946600e-01   6.9220003e-02  -4.3340115e-01  -8.2650679e-03   6.1021253e-01   1.8820659e-01   8.8420786e-01  -3.3515411e-01  -2.5459831e-01  -3.8688861e-01   3.8314149e-01  -2.2851000e-01  -1.4962706e-01  -4.5203661e-01   5.5074860e-01  -2.6683364e-01   6.3863084e-02   7.1671400e-01  -7.9514328e-02   4.7815540e-01   5.5133605e-01   1.5101790e-04   6.6562235e-02   5.6537357e-01  -3.7157535e-02   6.0075957e-02  -3.6241187e-01  -1.8380445e-01   4.6667268e-02   2.1809570e-01   3.5985030e-01   6.8808291e-01   3.2664418e-02  -4.4932160e-01   5.6030515e-01  -2.6858205e-01   2.8132789e-01  -5.9586444e-02   3.6367612e-02   1.8479375e-01  -4.6527020e-01  -1.7442419e-01  -1.2992621e-01  -2.9154180e-01  -5.4249051e-01   5.9747315e-01   2.5074012e-02   1.2127277e-01   4.9357090e-02   5.2925133e-01  -1.9757035e-02  -3.6589137e-01  -1.1803266e-01   2.3515633e-01   4.5440054e-01   3.8012167e-01   1.8354180e-02  -3.8773602e-01  -4.1153507e-01  -4.5211288e-01  -2.7124826e-01  -3.9013875e-01  -5.5266058e-01  -3.0011609e-01  -6.5254160e-02   1.6712097e-02   5.0763814e-01  -3.9306500e-01  -1.6422705e-01  -2.3293822e-01   1.7212465e-01  -1.1429370e-01  -4.9753893e-01  -2.2095839e-01  -5.3836975e-01  -5.0070715e-01   3.0465345e-01  -2.5542350e-01   2.4192624e-03   1.2796014e-02  -1.3735804e-01  -4.0450156e-01  -4.5375962e-03   7.5532475e-01   1.4975531e-01   8.7214423e-02   3.7931294e-01  -2.1417197e-01   3.5805326e-01  -3.2007383e-01   6.7579493e-02  -4.0191218e-01   5.3122570e-01   7.0709464e-01   3.2004430e-01   1.3882743e-01   1.5341190e-01  -1.2200964e-01  -2.2579165e-02  -4.2543981e-01  -1.7303625e-01  -1.4529960e-02  -1.2892360e-01  -1.2848899e-01  -1.2776840e-01  -4.4525451e-01  -3.7438791e-01  -4.2953109e-01  -1.6731052e-01  -2.9923039e-01   4.3542826e-01  -1.9900980e-01  -5.7381812e-02   2.0744395e-01   8.7040045e-02   3.4092331e-01  -4.1530770e-01   4.2858633e-01   2.3471041e-02  -3.8503359e-01  -1.0320455e-01   1.1435594e-01  -3.7572155e-01  -1.4975925e-02  -7.6348537e-02   2.6404939e-02   2.0728995e-01  -2.0641528e-01   1.6867842e-01  -8.5042636e-02   6.8332544e-01  -1.3122767e-01   5.3481202e-01   4.5168310e-01   1.0132462e-01  -4.9260814e-02  -1.5780267e-01  -2.8501665e-01  -2.1590195e-01  -1.9574547e-01  -5.3507455e-02  -1.1556805e-01  -3.8135495e-01  -1.1437026e-01  -5.1012260e-01  -5.2159900e-01   4.2032774e-01  -2.3334283e-01  -3.7350742e-01  -8.6807867e-02   1.9982358e-01  -4.1335701e-01  -7.1052754e-02  -6.1019051e-02  -3.3052392e-01   1.4887567e-02   5.4001007e-02  -1.3371216e-01  -2.2125031e-01  -1.4504539e-01  -2.3575587e-01
  -1.5310691e-02   2.7472903e-01  -1.1849574e-01  -6.3313487e-02   6.3070763e-02   3.6923105e-01  -3.7959235e-01   0.0000000e+00   1.8702348e-01  -6.8531000e-02  -3.0337899e-01  -9.4865535e-02  -2.7031501e-01   1.1098592e-01   5.1483029e-02  -6.7077968e-01  -3.6600056e-02   2.9069646e-01   6.5463874e-01   1.4562326e-02   1.9512030e-01   9.4910143e-02  -3.2729739e-01   2.6713924e-01   9.1607286e-02   7.8767485e-01  -6.3995825e-02   4.3778614e-01   9.1483745e-02   5.8839121e-01   8.8086816e-03   6.8239709e-01  -4.3210880e-01  -2.6707615e-01  -1.5319471e-01  -3.0161220e-01  -1.7981768e-01  -4.7229392e-01  -5.3005442e-01  -2.7128530e-01  -6.5171725e-02  -2.6888821e-01   2.0027183e-02   6.1130017e-01   4.1944557e-02  -2.1473834e-01  -2.4950895e-01  -1.0689287e-01  -9.1799298e-02   4.0451656e-02  -3.0249238e-01   8.0844019e-01   1.2081375e-01  -2.3512142e-01  -2.5037862e-02   4.0639347e-01   6.9724218e-01   4.8284774e-01   1.1455770e-01  -3.4166256e-02   3.3004591e-01  -2.5635181e-01  -1.7768810e-01   3.1779114e-01   2.7496448e-01  -3.2732052e-01   4.3179395e-01   3.3958260e-02   5.2042718e-01  -1.9056694e-01  -3.5647704e-02  -7.7586195e-02  -3.0976957e-01   2.0704356e-01   2.6687557e-01   8.2374128e-01   2.3849855e-01   7.7128762e-01   4.1151001e-01   6.6204129e-02   7.1777422e-01  -4.8767668e-01  -2.2215268e-01   9.1464341e-01   6.9631161e-02   8.1477197e-01   6.1179326e-02  -1.5695506e-02   2.3332753e-01   2.9071845e-02   4.5519868e-01   2.2955952e-01  -8.4484759e-02   8.7297223e-02  -1.1666408e-01   4.7220320e-02  -1.0223776e-01   6.6489314e-01   6.4830362e-02  -4.5388628e-01  -7.8825255e-02   2.1426855e-01   3.3818327e-01   2.0541859e-01   9.8558178e-02   6.6928502e-01  -4.8608065e-01   8.3086472e-01  -3.0917458e-01  -3.4971595e-01   1.7818301e-01   4.8696121e-03  -1.0991747e-01  -5.6124749e-02   2.9061541e-01   5.8702529e-01   6.5359011e-01  -4.1976813e-01   2.3698848e-03   2.8458602e-01   2.4803943e-01   3.1906277e-01   2.9704095e-02   5.5541728e-01   1.8648842e-01   1.3109415e-01  -9.7222597e-02  -7.6353386e-02   1.3511246e-01  -1.6357892e-01  -3.9776689e-01  -1.3431222e-01   6.2994590e-02   3.2161399e-02  -1.8598486e-01   8.8787024e-01  -3.5275148e-01   3.4127113e-01   8.6325376e-01  -3.7163201e-01   4.6100649e-02  -1.3470488e-01   2.2616137e-01   1.3544405e-01   1.6562819e-01   5.6541380e-01  -2.3578293e-01   1.9442347e-01  -3.3354976e-01   4.2195859e-03   1.0618423e-01   7.6828763e-01   1.0066903e-01   2.9665694e-01   4.2198471e-02  -1.1850475e-01   1.5617127e-01  -1.6512385e-01  -1.0997469e-02   6.5511226e-01   2.6003965e-01   6.6529801e-01   4.6363866e-03   5.6708809e-01   6.6153937e-01   2.5576758e-01   1.5073624e-01   2.8650431e-01  -1.5305251e-01   1.6173345e-01   3.9301492e-01  -3.1512948e-01   3.1868729e-01   7.1335484e-02   3.0027298e-01  -2.8619584e-01   6.0479103e-01
  -5.4104263e-01   2.8254708e-01  -2.1796948e-01   4.9133830e-01   6.1704670e-02  -3.6052352e-01  -2.7346811e-01   1.8702348e-01   0.0000000e+00  -2.6875670e-01  -1.5086695e-01  -1.3131700e-01  -6.0517021e-02  -2.9902806e-01  -2.7841298e-01  -3.2933526e-01  -4.0617577e-02   3.1330780e-01   3.2679949e-01  -5.4858180e-02  -6.6445743e-02   7.3813554e-02  -3.4640805e-01  -3.5885729e-01   2.1724225e-01   4.8101940e-01  -2.5209464e-01  -1.8273414e-01   2.6374059e-02   5.1471343e-01  -1.3808934e-02   2.4808013e-01  -7.3161219e-02  -1.5258207e-01  -3.1992036e-01   7.8797535e-03   9.7098442e-02  -2.6166369e-01  -1.0485122e-01  -3.4155214e-01   2.3923439e-01  -1.8480164e-01   3.3376875e-01   1.7049792e-01  -7.3567615e-02  -2.1570050e-01   1.1748569e-01  -5.2861485e-02   4.9878164e-02   4.1417368e-02  -1.6978605e-01   3.8529938e-01   1.5998989e-01  -2.0489181e-01  -1.8919577e-01  -1.1637447e-01   3.1421084e-01   1.9231959e-01   3.3118639e-01  -2.0745586e-01   6.5659508e-02  -1.2985459e-01   7.1783820e-01   7.0515681e-02   1.8876961e-01  -2.4022499e-01  -1.4634089e-01   5.9946795e-01   3.5798430e-01  -5.7936442e-01   5.0763479e-02   1.4612762e-01   2.3324320e-01  -4.4559598e-01   2.1747743e-01   1.0121749e-01   1.5659306e-01   2.9458529e-01   3.2257424e-01   4.3340219e-01   1.7152405e-01  -9.0504446e-02  -2.3641949e-02   2.7532932e-01  -4.2797414e-01   2.2613940e-02   4.5397517e-01  -3.0278571e-01   6.7271361e-01  -4.9684740e-01   5.0199985e-01  -3.1228130e-01  -1.8604740e-01   6.6548324e-01   3.0990173e-02   1.9905171e-02   2.0060752e-01   4.2068374e-01   3.4715404e-01  -1.6404918e-01  -2.7143985e-01  -2.9703890e-01  -1.6158582e-01   4.5222328e-01  -3.0816493e-01   3.4166118e-01  -3.2223712e-01   3.2656013e-01   9.1991973e-02  -1.7487931e-01   9.3570166e-03  -3.4444936e-01   5.5566596e-01  -5.4754491e-01  -1.8311864e-01   4.3410728e-01   1.8765463e-01   5.4292959e-02  -3.9634247e-01   4.1256428e-01   1.8976083e-01   8.1054640e-02   5.1938956e-01   2.2549845e-01  -3.8376376e-01  -2.6487642e-01  -6.0762625e-01   2.6830714e-01   5.8730276e-01  -4.1697920e-01  -7.8999855e-02  -3.8318975e-02  -2.0648695e-01  -4.1542589e-02   4.2454780e-01   1.3025946e-01   2.0006825e-01   2.2928006e-03   1.4787140e-01  -4.4827721e-01  -4.2005204e-01   1.6232179e-01  -4.0833649e-02  -4.1307323e-01  -4.5257006e-01   2.1837990e-01  -1.2150187e-01   3.2255080e-01  -1.8239032e-01   6.4289842e-02  -4.0428884e-01   1.7444193e-01  -2.4215790e-01   2.0563199e-01  -3.5887969e-01  -3.2692767e-01   4.0667552e-02   2.2654283e-01  -2.2130902e-01   1.3307270e-01   3.4411414e-01   4.4221748e-01   1.1680561e-01   5.5489545e-01   3.4310987e-01  -2.9282036e-02  -7.9283108e-02   2.1563094e-01  -4.8450462e-01   4.9476236e-03   2.8549562e-01  -8.3588826e-02   5.6201394e-01  -4.5060808e-01   1.2748235e-01   2.4391723e-01   2.6866180e-01
  -1.8832344e-01   7.4403434e-02   3.6344399e-01  -9.4693482e-02  -5.4130758e-02   3.0350363e-01   3.6609338e-01  -6.8531000e-02  -2.6875670e-01   0.0000000e+00  -2.4772026e-02   6.4291206e-01  -1.7712527e-01  -3.0206484e-01   3.5096567e-01  -1.2978645e-01   2.2719905e-01  -2.2472253e-01  -6.2950542e-02   3.4435465e-01   1.3755669e-01   1.7033749e-01   4.1911767e-01  -1.4890796e-01  -1.6754589e-01  -1.5441324e-01   2.3732947e-01  -7.6977301e-02  -3.3234040e-01  -4.2667773e-01   1.4402338e-01  -1.4937053e-02  -2.2569478e-01   6.6851771e-01  -1.1455553e-01   2.3666090e-01   4.2174547e-01  -2.2624186e-01  -2.6672460e-01   6.8586690e-01  -1.9501820e-01  -1.5470916e-01   8.8316334e-02   4.5628363e-02  -1.5960140e-01   1.4033557e-01  -5.8592346e-02   3.7899254e-01  -4.1148160e-01   6.9566035e-02   1.4960179e-01  -1.3496806e-01   2.9791199e-01  -2.1169177e-02  -1.7981345e-01   1.3852116e-01  -4.0054517e-02   2.6277550e-02  -2.1743239e-01   5.1422767e-02   1.1724247e-01   3.8405893e-01  -4.2467486e-02  -8.6288317e-02  -1.3469820e-01   4.5109166e-01   2.3592066e-01  -2.9924591e-01  -9.3929846e-03   2.8558995e-01   4.7409086e-01  -1.1912064e-01  -3.1648730e-01   2.5488750e-01  -4.1287771e-01  -2.0014137e-02   9.4776847e-02  -1.8561947e-01  -3.2925165e-01  -3.4439643e-01   1.4133922e-02  -2.7350248e-01   3.0241306e-01  -5.1963214e-02   1.9296993e-01  -7.1747500e-02  -2.6241309e-01  -2.1710533e-01  -1.8050085e-01  -1.4704157e-01  -3.6332585e-01   1.0587404e-01   6.7882049e-01  -2.0461186e-01   4.9123361e-02   1.5892467e-01  -9.8393113e-02  -1.5732295e-02  -3.9553522e-02   4.7319399e-01  -7.4842090e-02   1.4746589e-01   1.5353299e-01  -2.9646509e-01  -1.2776188e-01   5.4207441e-02  -4.5855766e-02  -6.2772014e-02   3.8253456e-01   1.5837209e-01   7.3292347e-01  -1.4300956e-01  -1.4499696e-02  -1.9563929e-01  -1.0903207e-01  -2.7997747e-01  -1.5083992e-02  -2.7880369e-02  -4.9030631e-02  -1.1745555e-01  -1.9498768e-01  -8.3972984e-04  -1.5710192e-01  -4.1597887e-01  -2.1140443e-01   7.1534252e-02   3.4837246e-01  -2.6678262e-01   6.3782977e-02   3.5804577e-01  -6.8392882e-02   4.5615507e-01  -1.2961344e-01   1.1497214e-01   5.2275058e-02   2.7505931e-02  -2.6370370e-01   1.7821417e-01  -9.2136965e-02  -2.0953781e-01  -2.9289310e-01  -2.7118300e-01  -2.5023577e-02   1.1364905e-01   2.4550969e-01  -3.4446146e-01   6.2985800e-01  -3.8150174e-01   1.2989071e-01   3.8356200e-01   2.3113490e-01   8.5810073e-02  -7.4591613e-02  -3.4400606e-01   3.9612767e-01  -3.6706129e-01  -7.8671863e-02  -1.1534507e-01   5.7556550e-02  -1.7279253e-01  -2.0264832e-01  -2.2743160e-01   3.1000395e-01  -3.5416296e-01  -3.3034602e-04   4.5511735e-01   2.6806821e-01  -1.6275338e-01  -5.6317931e-02   1.0383151e-01  -8.6602547e-02  -1.6651750e-01  -2.9595395e-01   4.6543904e-02  -1.6663476e-01  -2.7943609e-01   4.7441858e-03
   5.1217764e-02  -1.9884628e-01   2.4371640e-01  -1.7257344e-01   2.3432999e-01  -6.1978897e-02   3.5875791e-01  -3.0337899e-01  -1.5086695e-01  -2.4772026e-02   0.0000000e+00   5.7773544e-02   2.4421965e-01   2.9670196e-02   2.1570070e-01   1.9225124e-01   1.5239064e-01   2.3277414e-01  -1.0812379e-01   1.3624232e-01  -1.4701595e-02  -1.1000542e-01   2.9906661e-01  -2.1887509e-02  -2.0484984e-01  -3.1743906e-01   4.7045562e-01  -8.0823032e-02  -2.9124733e-02  -8.9163301e-02  -1.6972722e-02  -1.7643667e-01  -6.4734495e-02   3.7275197e-01   2.7072729e-01   3.6571446e-01   7.7164027e-02  -2.6168104e-02   1.6549040e-01   1.7914827e-01   1.0501402e-01  -9.9126244e-02  -1.9318540e-01  -2.1187322e-01   3.8387670e-01   2.6369396e-01   4.5657833e-01   2.1054878e-02   1.3306396e-01  -2.5872256e-02   6.4701564e-01  -2.8725679e-01   6.1543117e-02  -1.5615304e-02  -7.6334079e-02   1.9938852e-02  -2.5272634e-01  -1.6725103e-01   8.3888440e-02   1.7347814e-02  -2.2348404e-01   5.1376195e-01  -8.6932490e-02   6.5721777e-02  -6.8330018e-02   5.0350975e-01  -8.5310645e-02  -1.0354943e-01   6.3672327e-02   2.5720131e-01  -1.7036306e-02   2.5760185e-01   2.6558573e-01  -1.4581387e-01  -4.0388820e-02  -2.1878665e-01  -1.8455103e-01  -2.0750004e-01  -1.3989272e-02   1.8006468e-01  -2.1996870e-01   2.6094791e-01  -6.6041820e-02  -3.6381906e-01  -1.3878100e-01  -9.3699036e-02  -1.6147624e-01   1.1975941e-01  -3.3841571e-01  -1.0666990e-02  -1.1055681e-01  -2.6136353e-01   1.1948120e-01  -2.5440766e-01  -9.3070341e-02   1.4653360e-01   2.1456656e-01  -9.1783030e-02   3.2164915e-01   3.4678736e-01  -2.6461941e-02   3.5965066e-01  -1.2004473e-01  -4.4940811e-02   4.6104657e-01  -2.7370277e-01   1.9841051e-01  -2.0906917e-01   3.0348207e-02   2.8608901e-01  -2.7412271e-02   1.6132624e-01  -7.2840345e-02  -7.2427641e-02  -1.7287648e-02  -1.2648151e-01  -1.5174630e-01   2.2595283e-01   1.0678771e-01  -8.5134939e-02  -3.2640163e-02   2.8473167e-02  -2.1535104e-01  -1.5104487e-01  -1.1287796e-02   2.2259995e-02   3.5578409e-01  -7.4850168e-02  -2.7205917e-01  -3.5387041e-02   1.6316796e-01   2.9204016e-01  -1.1158633e-01   9.3337437e-03  -2.2453287e-01  -1.8520458e-01   1.4424112e-01  -9.2762695e-02  -1.8936807e-01  -4.5156327e-02   2.9044181e-02  -6.0153377e-02   2.1642939e-01  -5.3363479e-02   2.4015092e-01  -1.2580296e-01   2.9223506e-01   3.2880928e-01   5.3068155e-01  -3.0648300e-02   3.3005287e-03  -2.5524491e-01  -2.0974472e-02   2.7402958e-01  -4.7776144e-02  -2.3317954e-02  -5.2359618e-02   1.4258365e-01  -1.0379770e-01  -3.0673930e-01  -1.4829040e-03  -1.1423354e-01   6.6156124e-02  -2.0095526e-01  -4.0514549e-01  -3.5671298e-03   2.8322958e-01  -1.0569729e-01   7.7031099e-02  -1.4372733e-01   5.3762528e-02  -1.0495525e-01   1.1831547e-01  -6.4191148e-03  -2.2627543e-01   1.7301696e-02  -3.2191513e-01
  -2.4514701e-01   3.0840059e-01   3.3052618e-01  -3.1154484e-03  -1.7928694e-02   1.3673607e-01   4.6543986e-01  -9.4865535e-02  -1.3131700e-01   6.4291206e-01   5.7773544e-02   0.0000000e+00  -3.7810633e-01  -3.0021145e-01   2.5028513e-01   1.9310363e-02   1.9168718e-01  -1.4094565e-01  -3.3196318e-03   3.6404733e-01   1.1194936e-01   1.8091147e-01   4.8848012e-01  -9.6507830e-02  -7.5722417e-02  -6.6956400e-02   2.4187123e-01  -1.8979679e-01  -1.2866171e-01  -3.0068018e-01   9.0693325e-02  -3.1964758e-02  -1.2903429e-01   5.5297084e-01  -2.9263260e-03   1.8444738e-01   4.7928108e-01  -1.6792362e-01  -1.8247571e-01   5.6320223e-01  -3.2824388e-01  -7.4488682e-03   1.9504846e-01  -9.5168923e-03   1.0188271e-01  -1.0145945e-01  -1.5534918e-01   4.9677735e-01  -3.5559869e-01   2.5999003e-03   2.6740513e-01  -2.3246806e-02   4.3093000e-01  -4.3728395e-02  -2.3625096e-01   1.4276337e-01  -5.1828257e-02   2.6871725e-02  -1.7077794e-01   1.6094666e-01  -1.9965678e-01   3.5161980e-01   1.7754903e-01  -5.4901965e-02   5.8113885e-02   5.1231621e-01   1.6746634e-01  -1.3239988e-01  -1.4552514e-01   5.7308883e-02   4.7295473e-01   4.7054892e-02  -2.4334170e-01   6.2615681e-02  -2.4181713e-01  -4.8969473e-02  -8.6343606e-02  -1.1204673e-01  -2.3383848e-01  -2.4162149e-01   3.6138867e-02  -3.8470089e-02   3.6111225e-01  -1.1308380e-01  -3.9812743e-03   4.9822328e-03  -3.1911994e-02  -1.7331163e-01  -2.2470404e-02  -2.3840230e-01  -3.6512876e-01  -2.0633840e-01   7.1809198e-01  -8.6737038e-02  -1.8624851e-01   1.5118082e-01  -1.1569530e-01  -1.3591957e-02  -1.0680914e-02   4.0662929e-01  -2.7638608e-01   2.5647559e-01   6.7360563e-02  -1.1442275e-01   3.4208899e-02  -4.3552503e-02  -1.5678204e-01  -1.2424083e-01   4.0202247e-01   1.7978778e-01   7.2663537e-01  -5.2442392e-02   1.6279778e-01  -2.9442274e-01  -1.6817810e-01  -1.7067736e-01   1.6756352e-02  -1.6060770e-01  -1.6250926e-01  -3.4461531e-02  -1.9827075e-01   1.2208955e-01   1.0606799e-02  -2.6475126e-01  -2.7791622e-01   1.7108150e-01   4.5991808e-01  -2.9769724e-01   1.5942289e-01   1.8180143e-01  -4.3820614e-02   5.9943037e-01  -1.0651953e-01   1.9052221e-01   1.7538843e-01  -5.6638067e-03  -2.1420935e-01  -1.0820019e-02  -4.0238402e-02  -2.0738767e-01  -1.9585802e-01  -3.9356168e-01   3.9122756e-02  -7.8093864e-02   2.4182095e-01  -2.0640080e-01   5.2554849e-01  -2.5896454e-01   2.8906462e-01   3.4733490e-01  -4.2847803e-02   6.6642008e-02  -1.9736689e-01  -2.9103338e-01   3.1873480e-01  -2.3801470e-01  -2.2684867e-01  -2.4300257e-02  -2.2397580e-01  -1.4568622e-01  -1.0115551e-01  -3.0830753e-01   1.0740501e-01  -2.4777223e-01  -4.1939183e-02   6.6389363e-01   5.5258155e-01  -1.1503838e-01  -2.1282474e-01   1.0110039e-01   5.0001702e-02  -2.0396322e-01  -1.5109404e-01  -8.4851989e-02  -7.9820067e-02  -3.0387017e-01   6.1741802e-02
   1.2044213e-01  -2.8413723e-01  -1.7008474e-01  -9.8761234e-02   7.3786575e-02  -3.9076072e-01   5.3821929e-02  -2.7031501e-01  -6.0517021e-02  -1.7712527e-01   2.4421965e-01  -3.7810633e-01   0.0000000e+00   6.7129745e-02  -1.8400730e-02   5.2529210e-01  -1.3735572e-01  -2.2516470e-02  -2.9569606e-01  -4.5683834e-02  -4.6315067e-02  -3.5324826e-01   3.3456597e-02  -8.1548615e-02  -2.0814445e-01  -3.0135509e-01   1.1989436e-01  -1.5442250e-01   1.7515119e-02  -3.0215423e-02  -1.5948380e-01  -4.1795912e-01   3.6436253e-01   5.9532248e-02   1.0281500e-01   2.8761937e-01  -7.0942728e-02   2.0609323e-01   5.4715666e-01  -1.1835070e-01   6.7366112e-01   3.9676397e-01  -4.0775322e-01  -4.1090093e-01   2.8976680e-01   8.1563581e-02   3.9105639e-01  -1.1252463e-01   4.1375511e-01  -7.0867892e-02  -1.2278992e-02  -2.5375709e-01  -8.8113988e-02   3.8565635e-01   2.2085198e-01  -3.3100934e-01  -1.7966867e-01  -4.5354660e-01   2.3447465e-01  -2.6111270e-01  -1.6884055e-01   1.9707855e-01  -2.1201291e-01  -1.8740474e-01  -5.1050980e-02   8.7950002e-02  -4.5869259e-01  -8.6656129e-02  -4.4441141e-02  -3.3541534e-02  -8.2769977e-02   5.8257259e-02   5.1641478e-01  -2.1305495e-01   1.9343626e-02  -3.4047128e-01  -3.6158792e-01  -4.2133456e-01   1.1938309e-02   2.7644573e-01  -3.6444333e-01   4.6422521e-01  -1.4775440e-01  -3.6133649e-01  -1.7120691e-01  -3.5264871e-01   6.4728837e-02   2.0046223e-01  -2.5044712e-01   7.8311057e-02   3.3551997e-02  -2.1035018e-01  -3.0001367e-01  -2.1535884e-02  -1.4305861e-01   1.7433814e-01   4.7000309e-01  -2.2903719e-01   2.8199277e-01   2.2301532e-01  -1.0711234e-01  -1.6186953e-01  -2.6325869e-01  -5.1104922e-02   9.2745241e-02  -4.3692627e-01   3.1574076e-01  -3.2349100e-01   6.5546591e-02   9.3234210e-02  -3.6258797e-01  -2.4921804e-02  -1.7935163e-01   1.0018359e-01  -1.6573211e-01   2.8939628e-02  -3.5438922e-01   6.8506579e-01  -1.3153002e-01  -2.0374715e-01  -3.5319281e-02  -1.0376231e-01  -2.4425199e-01  -1.4911030e-02   4.3887938e-02  -3.1389621e-01  -1.0929960e-01   1.6834366e-01  -3.4330747e-01  -3.4496768e-01   4.9136097e-01  -1.7184711e-01  -3.0099662e-01  -2.0897884e-01  -2.3122339e-01  -3.9156114e-01   3.7250375e-01  -3.3243691e-01  -3.2495594e-01   2.9892534e-01   1.8703937e-01   5.4469506e-01  -7.8589482e-02  -2.8365541e-01  -1.0362608e-01   3.8448280e-03   3.5251036e-02   1.8013441e-01   7.1477623e-02  -2.1463647e-01  -1.4400493e-01  -3.9213405e-01   5.2128216e-02   2.5397883e-01  -4.7014667e-01   2.8657526e-01  -7.3467914e-02   4.8328580e-01  -1.4871574e-01  -2.8901819e-01   1.3531900e-01   2.1333273e-02  -1.5674818e-01  -1.0161989e-01  -3.6553255e-01  -3.4040333e-01  -7.8262106e-02  -3.1668053e-01   9.1760033e-02  -1.2142328e-01   5.4538045e-02   9.4984669e-02   2.3912870e-02  -1.5757461e-01  -2.4521942e-01   4.2174347e-01  -3.0580487e-01
   6.5828332e-01  -4.2229553e-01  -2.3370908e-01  -6.2784464e-02  -5.0429229e-02   4.6472759e-01  -8.1408993e-02   1.1098592e-01  -2.9902806e-01  -3.0206484e-01   2.9670196e-02  -3.0021145e-01   6.7129745e-02   0.0000000e+00   1.2348574e-02  -6.6882185e-03  -4.8418830e-01  -1.8755715e-01  -3.1086848e-02  -1.2549652e-01   1.9088135e-04   3.2796090e-01  -3.4743582e-02   6.6132582e-01   1.2009109e-01  -1.6962178e-02   5.3201893e-02   5.0437325e-01  -1.5246983e-01  -1.1267278e-01  -1.4774239e-01   1.7943319e-01  -2.1879922e-01  -3.1187925e-01   5.1236589e-01  -2.8087683e-01  -3.6878848e-01   2.3961623e-01  -9.7569721e-02  -4.5332164e-01  -1.1902937e-01   1.4296803e-02  -1.2377627e-01  -1.9108547e-02  -1.6372077e-01  -1.0508674e-01  -1.1335515e-01  -4.1343089e-01   1.9256484e-01  -4.6692286e-01  -1.9152337e-02   1.0938479e-02  -4.2240213e-01   1.0397954e-01   3.0844040e-01   2.5812345e-01   1.8960289e-01   3.2446707e-01  -2.4053568e-02   2.5074953e-01  -2.0105826e-01  -2.0659385e-01  -3.1921373e-01  -7.6022455e-02  -3.1943925e-01  -9.3743756e-02   3.0211958e-01  -2.4167552e-01   1.1325357e-01   1.8591853e-01  -5.4723801e-01   1.5819262e-01  -2.2207424e-01   1.0333592e-01   1.7787610e-01   4.7133768e-02  -2.0414826e-01   7.1737221e-02  -4.6350087e-02  -4.0383445e-02   2.7104080e-01  -1.3268468e-01  -3.0304377e-01   1.6760013e-01   8.4421551e-02   2.1512664e-01  -7.7151805e-04   6.2948275e-01  -2.6436602e-01   5.3760879e-01  -2.1305046e-01   1.0056241e-01  -1.5473249e-01  -1.2517332e-01   4.0639414e-02  -1.4550833e-01  -1.0050935e-01  -3.4688120e-02  -2.0279417e-01  -2.6714711e-01   3.0624395e-01   2.0654070e-01   3.6342952e-01   2.2556989e-01   3.6986205e-01   3.8542681e-02   6.2689361e-02   1.1561163e-01  -3.7427364e-01   3.8599688e-02  -4.0581273e-01   7.3666217e-01  -2.0970993e-01   6.7088940e-01   3.9315288e-01  -1.6398546e-01   2.7818924e-01  -1.2067836e-01   3.7307298e-01   1.6337975e-01   5.1684829e-02   4.8720444e-02   1.0007730e-01  -6.8778216e-02   5.7485147e-01   3.2344206e-01   1.4813474e-01   4.9138039e-02  -1.9168431e-01  -3.2481054e-02   2.8254697e-03  -3.7475308e-01   3.2316944e-01  -2.9850577e-01  -1.5010819e-01   8.9224585e-02  -1.6564406e-01  -1.6201807e-01   1.9731251e-01   3.8953559e-01   5.6176998e-01  -1.3076221e-02   4.1171912e-01   3.8976323e-01   7.7296754e-02   1.4101193e-02  -4.4533230e-01  -1.5137846e-01   1.4892019e-01  -3.5230377e-01   2.6911678e-01   1.6546872e-01   1.9675156e-01  -1.1754803e-01  -4.8851573e-02   4.2840230e-01   1.0543234e-01  -1.6793476e-01  -1.7609578e-01   3.9958601e-01   2.0222669e-02  -4.5325131e-02  -4.2638641e-01  -9.5998764e-03   2.1082118e-01  -3.3037339e-01  -1.8635722e-02   9.3393776e-02   3.0164167e-01  -1.4821595e-01  -1.7358268e-01  -1.4709021e-02  -2.6128267e-01   3.9526838e-01   1.9760821e-01  -6.4039176e-02   1.7540760e-01
