   0.0000000e+00   6.8519277e-02   1.6600069e-01   2.2449471e-02  -5.8770048e-01  -1.7956255e-01  -2.1467167e-01   1.0072755e-01   5.1069702e-02  -9.1605311e-02  -5.1601893e-02   5.5287562e-02  -2.2503332e-01   5.5239773e-01   2.2647096e-01  -3.1632477e-01   2.3645909e-01  -3.3679752e-01   8.2533243e-02  -5.3382868e-01  -2.6224188e-01   1.5492406e-01  -2.0782004e-01   5.2147886e-01  -2.2020139e-01   1.3033647e-01  -1.5365641e-01   4.7539259e-01  -1.3164542e-01   1.5043901e-03   5.3155817e-02  -1.9686873e-01  -1.0833244e-01  -2.4582527e-01  -1.7139138e-02  -4.8730756e-01   3.1159988e-02  -1.0409364e-01  -2.5743727e-01  -3.4724946e-01  -2.1879728e-01   1.9217886e-01   1.2258974e-01   2.0889319e-01  -2.5834333e-01   3.8147526e-01  -1.7340414e-01  -2.3373909e-01   7.0770714e-02  -4.0284833e-01  -3.6903552e-01   1.9056410e-01   1.1952917e-01   1.7838728e-01   3.1738764e-01   1.8884246e-01   9.1083727e-02   1.5720254e-01  -2.7394641e-01  -1.2966011e-01   6.7603605e-01   1.1400353e-01   1.7485214e-01   1.9407719e-01  -1.4452282e-01  -2.1217971e-01  -4.2062387e-01  -5.2635213e-02   1.0216632e-01   3.0076103e-01  -2.9603792e-02  -3.4397871e-01  -1.8633818e-01   5.3876633e-01  -1.1421459e-01   4.9859635e-02   4.1043844e-01   1.8900300e-01  -2.6247089e-01  -1.6396595e-01   3.7462485e-01  -1.4881692e-01   7.3747153e-02  -2.8971265e-02   5.9316587e-01   1.2139160e-01   3.0081920e-01   9.6638270e-02   1.7249909e-01   6.6871036e-01   4.5740659e-03   5.6118068e-01  -2.2693284e-01   7.1299378e-02  -1.1143362e-01  -3.7625240e-01  -4.2644465e-01   1.2925052e-02  -1.6928841e-01  -3.3762304e-01   4.6894501e-01  -1.9348683e-01  -8.0672144e-03  -8.8426721e-02  -2.8451640e-01   1.8791107e-02   2.2268872e-01   2.2785604e-02  -1.5490867e-01  -1.5903170e-01   4.1459219e-02  -1.2162765e-01   3.6381400e-01   1.5646798e-01   3.6283446e-01  -1.4346168e-01   7.1509825e-02  -3.4879023e-01   3.7066857e-01   1.3101127e-01   5.1752167e-01  -3.6940190e-01   7.7913074e-02   5.9914338e-02   5.0848392e-01   3.3781478e-01  -9.5748419e-02   2.2680547e-01   2.1745843e-02   5.3269607e-02   4.1164495e-02  -3.9126497e-01   5.7506185e-01   1.9900285e-01   2.5599246e-02   5.3050244e-02  -1.3822212e-01  -7.0395252e-02   1.4326923e-01   1.0886842e-01   2.8123917e-01  -3.3211734e-01   1.7208695e-02  -2.5029388e-02   6.2019323e-02   8.5789041e-02  -1.4284914e-01  -3.7521696e-01  -5.4402783e-02  -1.2766772e-01   4.9770274e-01  -7.6394046e-02   4.2456044e-01   1.2315488e-01  -7.5622913e-02   2.4496999e-01   5.5745122e-01  -4.0525676e-01   4.9748086e-01   2.0154034e-01  -7.1235259e-02   2.6774475e-01  -4.8397596e-01  -3.7645108e-01  -1.3068503e-01  -2.3290012e-01  -1.3888152e-02   2.4931647e-01   6.8640891e-01  -1.9603933e-01  -2.1865571e-01  -6.2795078e-02   5.3082111e-02   4.9064318e-02  -1.6462700e-01   9.0996768e-02   1.6955011e-01
   6.8519277e-02   0.0000000e+00   2.4810225e-01   2.2460111e-01  -3.1059753e-02  -5.5437556e-02  -1.7652103e-01  -2.4100783e-02   3.4879717e-01  -3.9472538e-01  -5.5202087e-01   5.4228924e-01   1.1424952e-01   1.7911503e-01   6.0231237e-02   4.8971408e-02   3.1869642e-01   8.7749341e-02  -3.0193324e-02  -9.8259013e-02  -3.8219707e-01  -3.2544382e-02  -3.5968898e-01   1.8677185e-01   2.4461340e-01  -1.4788005e-01  -1.6736149e-01  -2.0181644e-02  -1.5922762e-01   3.5808372e-01   3.5750308e-01  -9.8644116e-02   1.7840834e-01  -4.2962285e-02   5.0518110e-01  -2.2336056e-01  -2.5825757e-01  -1.7138962e-01   1.2131162e-01   2.2520089e-01   2.2422689e-01   8.0202340e-02   3.2704901e-01   5.4135878e-02  -4.9657250e-02  -3.0886143e-01  -3.6200581e-01  -1.0862529e-01  -1.7929453e-01   4.7703477e-01  -1.5750742e-01  -1.0849574e-01   6.1225075e-01   2.2111012e-01   4.9973220e-01  -2.5294353e-01  -1.1027920e-01  -2.1791338e-01   2.3668959e-01   2.5524655e-01  -1.1062276e-01   1.5661801e-01   6.0227689e-01   2.7739619e-01   2.6100369e-01  -4.5332851e-01   8.6056387e-02   3.4127462e-01  -2.2991975e-01  -2.2557822e-01   6.3438736e-01  -3.3548843e-01   3.4040136e-01   2.5595696e-01   3.2658452e-01  -8.7236000e-02  -1.6177091e-01   1.6867203e-01   5.4770709e-01   3.0440151e-01  -1.2495234e-01   1.4048420e-01   3.2440957e-01  -6.5169025e-02   2.6829444e-01  -2.5238715e-01   2.1689284e-01   2.6221146e-01   1.9919019e-01  -1.9144177e-02   2.7141680e-01  -8.4855127e-02   1.0103300e-01   4.3287138e-02  -1.5570370e-01   2.0656836e-01   9.4451866e-02  -4.1585371e-02   1.9380690e-01  -3.5585997e-01   4.1035504e-01   2.0926444e-02  -1.8227358e-02   5.1919053e-01  -3.9883481e-01   1.2423849e-02   4.5106754e-01  -1.2550229e-01  -4.7208629e-01   2.9129348e-01   6.0837985e-02  -2.7015949e-01   6.6229447e-03  -1.6354037e-01   3.2797878e-01   3.3536264e-01  -2.0787512e-01   1.8528806e-01   2.6463245e-01  -3.2264289e-02  -1.3666720e-01   3.0693089e-01   4.8183877e-01   2.0101078e-01  -2.1446272e-01   2.4090867e-01   3.1239882e-01   3.8620277e-01  -1.4467752e-01  -4.8197578e-02  -2.7048176e-01  -1.1562163e-01   5.7503172e-01   5.4181659e-01  -3.3493170e-02  -1.8533277e-01   2.3028532e-01   1.9043038e-01  -2.1710273e-01  -9.9731509e-02   5.8470750e-02   1.2405343e-01  -3.1368591e-01   4.5402749e-01   1.7617263e-01   1.0810238e-01   4.9382800e-01  -2.0333394e-01  -1.6363726e-01  -2.7404651e-01   2.5726170e-01  -1.0226571e-01   7.4886965e-02  -8.1204670e-02   7.0614521e-01  -2.1153766e-02  -2.1388522e-01   2.2613310e-01   6.6054750e-02  -2.8367787e-01   3.6873248e-01  -1.7839233e-01  -4.9633747e-03   1.0991925e-02   6.2068944e-02   1.2683774e-01  -2.9435519e-01   3.2775309e-02   1.3666191e-01   4.7426456e-01  -5.3754582e-03  -1.2439110e-01   1.8388050e-01   2.7453506e-01   3.6710983e-01   3.1333400e-01  -1.0372353e-01
   1.6600069e-01   2.4810225e-01   0.0000000e+00   1.6693545e-01   8.5969313e-02   1.8598788e-01   1.4361865e-01  -2.2414808e-01   1.5010817e-01  -1.6140722e-02  -1.3023393e-01   2.3080548e-01  -8.8668484e-02   2.0100031e-01   1.2156525e-01   3.0129135e-02   8.3028707e-01   2.9230898e-01  -7.6949067e-02   1.6355097e-01  -1.1932002e-02  -1.7301749e-01   1.9772451e-01  -1.3064914e-01   1.9488786e-01  -3.6904492e-02   7.5822421e-02   6.3732541e-02   3.9125703e-02   2.2956483e-01   1.6543505e-01   2.1342345e-02   8.4042021e-03   2.3744337e-01   9.7109518e-02   2.4747801e-01   1.8250280e-01  -8.3338886e-02   9.6959249e-02   3.4041259e-01   7.1387506e-02  -4.2079972e-02  -1.9525621e-02  -2.7159445e-01   3.6340851e-01   3.5065778e-01   1.5229619e-01   1.7861298e-01   3.7085557e-01   2.6614560e-01  -3.0584279e-02  -1.6511923e-01   1.9611572e-01  -7.9435493e-02  -7.7778886e-02  -1.1903237e-01  -4.8887577e-02  -1.5825224e-01   9.5927436e-03  -4.8939875e-02   4.6794067e-01   5.0228561e-01   2.2017715e-01  -1.8601365e-01   1.0774388e-01  -1.6309329e-01   9.2946531e-02   3.0994220e-01   2.9114864e-02   6.1426736e-01   2.9542879e-01   1.4231944e-01  -1.3700867e-01   2.3314736e-01  -6.6772455e-02  -2.4096717e-01   5.1538554e-01  -1.0959824e-01  -3.9326238e-02   7.3233046e-02   1.3031959e-01  -2.5631034e-01   2.0553813e-01  -2.2860124e-01   4.0701856e-01  -2.0088798e-01   1.3156058e-01  -1.8008298e-01   4.0044210e-02   4.9925251e-02  -2.1689019e-01   4.8484549e-01   1.0305248e-01  -2.2464315e-01  -5.5197143e-02   1.0724262e-01   4.2495366e-01  -1.8859843e-01   4.3151021e-01   1.5574565e-01   3.7690855e-01  -2.6218498e-01  -1.0083414e-01   2.3073751e-01  -1.7352395e-01   7.1975082e-02   1.0527467e-01  -1.3648971e-01   3.0766156e-01  -1.8668796e-01   2.6940450e-01  -1.9292843e-01   4.7480537e-02   3.6454698e-02   3.6296037e-01  -1.6430286e-01  -2.2805087e-01  -1.5041909e-01   2.4989912e-01   3.5262393e-01   8.9715722e-02   1.3379283e-01   1.8596807e-01   8.6476331e-02   1.0807414e-01  -5.1388564e-02   1.7051161e-01   3.8942601e-02  -1.4644348e-01   7.2730767e-01  -2.2059661e-01   1.9534652e-01   3.5014434e-01   1.2301459e-01  -2.0959247e-01  -2.4410917e-01  -1.6733407e-01   2.6507494e-01  -1.8475347e-01   4.3167080e-02  -2.2570058e-01   3.9084822e-02  -3.5816230e-01   5.2891039e-01   9.7080764e-02  -9.8953583e-02   4.8621669e-01  -3.3523773e-02  -2.5651040e-02   8.0640444e-02   3.4478890e-01  -1.0641561e-01   1.4088151e-02   7.7490543e-02   4.8381525e-01  -1.6717317e-01   4.4465038e-02   3.5126569e-02   4.4530766e-01  -6.8768451e-02   6.4209588e-01  -1.9465024e-01   4.3054948e-02   1.2704388e-01   1.6690916e-01   3.0531276e-02  -1.7735374e-01   7.0538495e-02   2.1315155e-01  -7.2189745e-02  -1.3270939e-01  -1.1640243e-01   5.4023196e-01   2.3668656e-01   2.6554563e-01  -9.6649490e-02  -2.8311496e-01
   2.2449471e-02   2.2460111e-01   1.6693545e-01   0.0000000e+00  -1.2890429e-01  -2.6869108e-02  -3.3153560e-01  -6.3968947e-03   3.5673988e-01  -2.8350181e-01   1.6378261e-01   3.4982875e-01   1.7527482e-01  -8.4181211e-02   2.6935082e-01  -1.4821861e-02   3.1105590e-01   1.8231595e-01  -1.3243422e-02  -3.1184334e-02  -1.4391594e-01   2.0074570e-01  -2.0489569e-01   9.9254846e-02   4.0017720e-01  -4.7780500e-03  -2.0933610e-01   4.9272769e-02   2.1787141e-01   2.9285258e-01  -7.8714727e-02   1.7176849e-01   8.6959048e-02  -3.6029038e-01   1.1220130e-01  -6.0026132e-03  -1.5636509e-01   6.4200978e-02  -2.0710244e-02  -4.2915729e-02   2.0712423e-01  -1.4276344e-01   1.7935772e-01   3.8698396e-02   2.5398167e-01   7.1960936e-02   2.1757627e-01  -4.0107794e-01   1.2233847e-01   1.1425721e-01   2.3499220e-01  -3.0364637e-05  -6.7258272e-02  -1.0699315e-01   2.1889659e-01   6.9752877e-02   1.0845825e-01   1.0595587e-01   2.9851433e-01   3.9492111e-01  -2.3805472e-02   1.0180488e-01   4.2506183e-01   4.7549662e-02   1.1049941e-01  -8.2535829e-02  -3.8434996e-03   2.8171123e-01   7.1848247e-02   8.7832379e-03  -2.5318068e-01   6.5220737e-02   1.4289894e-01   1.9994255e-01   4.0248540e-01   6.2961267e-03  -8.5639255e-03   6.7471229e-02   1.2841302e-02   1.3634754e-01  -6.9343122e-02   1.1410638e-02   8.6110633e-04   5.2380066e-02   2.9441488e-03   6.8623095e-02  -2.1343600e-01   2.0813916e-01   3.8914004e-01  -2.6210344e-02  -1.9328994e-01  -1.8388739e-02  -2.0207750e-01   3.1185482e-01   1.0521515e-01   1.1700986e-01   3.3386716e-01   1.0720495e-01   5.3559474e-02   1.4021662e-01  -4.6670287e-02   3.1379791e-01   1.1440514e-01   5.3017044e-01   2.4442567e-01   2.3247056e-01   4.1529847e-01   3.6137793e-02  -7.5445947e-02  -2.4392797e-02  -3.0909041e-01   2.4499634e-01   2.8356074e-01  -5.4617683e-02  -7.2318663e-02  -5.9335250e-02  -4.5079566e-02   1.7491387e-01   2.2508661e-02   4.5261431e-01  -9.0137370e-02  -2.6136136e-01  -3.6613330e-02   2.5041598e-02  -2.5296613e-02   2.3664301e-01   2.1038067e-01   3.3329657e-01   2.0544977e-01  -4.7765573e-03  -2.0892031e-01  -1.2423682e-01   2.1521848e-01   2.5238208e-01   3.9952857e-01   2.8593458e-02   4.2561541e-01  -1.4788199e-01   1.6745945e-02   3.0448435e-02  -9.0472692e-02   7.7288353e-02   6.8815543e-02   3.0122863e-02   2.6039619e-01   1.8597433e-02  -3.4581312e-02  -2.6411494e-01  -2.3702977e-01  -2.3336045e-01   4.5013695e-02  -2.2622515e-02   4.4448756e-03  -1.5397711e-01   3.4832530e-02  -1.5982598e-01  -2.2362455e-01   3.0938703e-01  -1.5294681e-01   4.2228069e-02   2.6741037e-01   6.9865606e-02  -2.2442896e-01   1.4657335e-01   1.5129808e-01  -6.5250116e-02  -1.9323646e-01  -2.1065444e-02  -1.0902603e-01  -4.3608439e-02  -2.5219206e-01  -1.2563122e-01  -2.4678181e-02   1.5889372e-01   3.4649519e-01   1.1675520e-01  -5.2924281e-02
  -5.8770048e-01  -3.1059753e-02   8.5969313e-02  -1.2890429e-01   0.0000000e+00   2.8968037e-01   3.0935657e-01  -1.7503676e-01  -1.2687998e-01   3.6172601e-01   4.8451172e-02  -5.5827938e-02   2.9260888e-01  -5.8356994e-01  -1.9151908e-01   3.7030047e-01  -1.9620504e-02   5.7295428e-01  -1.1943177e-01   8.1435707e-01  -5.7971332e-03  -3.4433720e-01   1.0529387e-01  -4.5589121e-01   1.6971313e-01  -1.3216216e-01   3.4762397e-01  -4.7370667e-01   2.2492853e-01  -9.9902727e-03  -9.2310841e-02   1.7093035e-01   3.9003012e-02   3.8625373e-01  -1.6147277e-01   7.4573781e-01   9.9330911e-02   2.0258315e-01   3.9407531e-01   5.7883935e-01   1.9467302e-01  -1.1864088e-01  -1.5646640e-01  -3.3303301e-01   2.7993108e-01  -1.3414838e-01   2.7200408e-01   2.1383275e-01   6.6478582e-02   4.5848981e-01   3.7682812e-01  -2.5739502e-01  -5.3227577e-02  -1.7479621e-01  -2.4835404e-01  -2.8025691e-01  -4.5177575e-02  -3.1735951e-01   2.5877396e-01   1.5830522e-02  -3.7160094e-01   2.4060647e-02  -1.1789723e-01  -3.9169400e-01   3.4727901e-02   1.6603549e-01   4.6678542e-01   2.0400651e-01  -1.9284713e-01  -5.5588291e-02   8.6464541e-02   2.2886790e-01   5.4359080e-02  -2.5486836e-01  -3.5990351e-02  -1.2316451e-01  -1.4153092e-01  -3.6070410e-01   3.8295201e-01   1.0609767e-01  -4.4745955e-01   6.5226538e-02  -2.1856142e-01  -8.3427397e-02  -2.3375803e-01  -2.4090800e-01  -3.9485761e-01  -2.8447369e-01  -1.5321652e-01  -4.1510096e-01  -9.8496164e-02  -4.0527924e-01   2.4195910e-01  -1.7734683e-01   2.1611305e-01   6.5786933e-01   4.0964128e-01  -7.7838135e-02   3.3199877e-01   2.8387862e-01  -2.7662879e-01   1.4057693e-01  -8.0370837e-02   6.2673779e-03  -2.4118191e-02   2.7769583e-02  -7.6302234e-02  -1.0707512e-01   2.5187298e-01   8.2496742e-02  -6.8321590e-03  -1.4442012e-01  -3.4146411e-01   1.7251252e-01  -2.8286717e-01  -2.1987571e-02  -2.0522601e-01   1.9271768e-01  -2.4347197e-01  -6.7960454e-02  -3.7966926e-01   5.7940485e-01  -3.5075527e-02  -1.4874382e-01  -1.8361643e-01  -6.0556287e-01   1.6241257e-02  -1.9629148e-01  -1.4761460e-01   1.9709576e-01   2.7292139e-02   4.8055776e-01  -4.0118487e-01  -2.5450879e-01  -2.5500360e-01  -1.5104348e-01  -4.0453853e-02   1.2270931e-01  -1.9584517e-01   7.4739208e-02  -8.4007991e-02   5.8182393e-01  -2.1555731e-01   1.1533086e-01  -1.8687099e-01  -2.4484879e-01   1.8485727e-01   2.8111525e-01   1.9167023e-01  -8.2987812e-02  -3.4053664e-01  -2.1971491e-02  -3.6391978e-01  -1.4016788e-01   3.5648485e-01  -8.1659510e-02  -1.9244462e-01   2.7959325e-01  -2.8266249e-01  -2.8342851e-01   2.0813313e-01  -4.4357762e-01   3.3996059e-01   4.8724544e-01   1.8885848e-01   1.4497250e-01   1.6479936e-01  -1.1304632e-01  -3.9231581e-01   2.2784608e-01   2.0611742e-01   1.8331156e-01   2.3000075e-01   1.5661072e-02   9.3697599e-02   2.9775599e-02  -2.4554383e-01
  -1.7956255e-01  -5.5437556e-02   1.8598788e-01  -2.6869108e-02   2.8968037e-01   0.0000000e+00  -9.6184457e-03   3.9724175e-01   3.1463076e-01   2.6355910e-01  -1.9381095e-01  -5.8340206e-02   1.0061864e-01   1.1029756e-01  -3.2837020e-01  -3.7288134e-01   1.4691643e-01   4.0875471e-01   6.3747369e-01   5.4920070e-01   2.5898323e-01   3.0199307e-01   3.1124834e-02  -5.9482664e-01   1.2395864e-01   7.2013821e-01   8.9631590e-02  -2.9175342e-02  -1.3402751e-01   2.6427684e-01   1.7853553e-01   6.8843268e-01  -5.3645425e-01   8.4482616e-02   1.3813396e-01   3.7056919e-01   3.4680319e-01  -5.4538719e-01  -4.0557643e-01   6.6445710e-02  -2.2767186e-01  -5.5965672e-01   1.9442482e-01   6.6249565e-02   3.0292466e-01  -4.7657693e-02   2.2568203e-01   1.6603119e-01   6.4418761e-01  -8.9083272e-02   1.0682776e-01   4.4946970e-01  -1.7068405e-02  -5.0644147e-01  -2.1470662e-01   9.1183989e-03   7.3864613e-01   3.7413877e-01  -2.0969080e-01   3.0946245e-01  -7.8072405e-03  -1.9929862e-02   5.5398438e-03  -2.6898351e-02   4.0642035e-01  -2.3056882e-01   6.8484308e-01  -2.3271364e-02   1.6976977e-01   3.2582024e-01   1.3473414e-01  -8.9304223e-02  -3.5235311e-01  -1.0392714e-01  -2.7728468e-01   4.9121516e-01  -1.6011946e-01  -1.7816840e-01  -1.9374052e-02  -4.6758032e-01   3.8738290e-01  -5.3181972e-01  -1.7864661e-01   5.9202642e-01  -1.7884147e-01   4.2186237e-01   4.7655320e-02  -5.3242419e-01   1.6138269e-01  -5.0194762e-01  -3.1880670e-01   6.1950642e-02  -3.3570108e-01   1.1076800e-01  -5.6477229e-01   2.8898026e-01   1.9710439e-01   5.5762332e-01  -1.1722931e-01   2.9927898e-01   5.6085547e-02  -3.4672359e-02   6.0419742e-01   2.0185054e-01  -1.0333102e-01   6.6624965e-01  -1.8983743e-01   5.8243021e-01   9.3147790e-02  -3.2409282e-02  -1.6677539e-01   5.1725611e-01   5.9788120e-02  -5.1286545e-01  -2.1926446e-01  -1.6987914e-01   3.2138270e-01  -3.1478408e-01   1.1155527e-01   2.0463192e-01  -5.0637836e-01  -3.2241672e-02  -3.0595914e-01   2.5994887e-02  -3.0076778e-01  -2.9822124e-01   2.6534387e-02   1.3853631e-01   5.2680135e-01   2.8631495e-01  -3.2604728e-01  -2.7768083e-01  -2.1961671e-01   1.6280332e-01   2.7860801e-01   5.3829885e-01  -4.6059018e-01   4.7871953e-01   5.1894661e-01  -5.8010742e-01  -5.9976237e-01   4.6111787e-01   1.3843963e-01   2.2287661e-01  -1.6467541e-01   2.3464663e-01  -1.0469371e-02   1.7299201e-02  -2.0950477e-01   2.7972464e-01  -2.4540064e-01   6.7061080e-01  -4.4433220e-01  -4.6192513e-01   2.0275490e-01  -6.8343880e-01  -5.1266773e-01  -2.6073267e-01  -1.2325908e-01   4.7002078e-01   2.2631953e-01  -1.6977792e-02   8.0468662e-02   5.6652959e-01   6.6522449e-01  -8.3035268e-02  -4.1703093e-01   3.8942710e-01  -2.7844640e-01  -2.3707009e-01  -2.2405554e-01  -5.5206337e-01   2.7364393e-01   5.7752980e-01  -1.1728955e-01  -4.3872722e-01   1.2059101e-01
  -2.1467167e-01  -1.7652103e-01   1.4361865e-01  -3.3153560e-01   3.0935657e-01  -9.6184457e-03   0.0000000e+00  -3.5478655e-01  -3.1989111e-01   3.1272723e-01   2.0272379e-01  -9.2606041e-02   1.3595753e-01  -2.7798892e-02   1.8087587e-01   3.6887664e-01  -1.3010172e-01   8.1293599e-02  -3.7110577e-01   2.4561413e-01   3.2013633e-01  -5.2462994e-01   6.7494646e-01  -2.0039682e-01  -2.4023549e-01  -3.2362678e-01   5.5484123e-01  -3.0120422e-01   1.3769378e-01  -1.8031572e-04   2.9887620e-01  -2.6724359e-01   2.9840022e-01   5.8102361e-01  -3.2837658e-01   3.7919802e-01   3.9475117e-01   2.3687448e-01   3.6418182e-01   3.7847670e-01   1.9803085e-01   3.0436304e-01  -4.8526829e-01  -2.8553023e-01   2.4082285e-01   1.4762711e-02   1.6210259e-01   5.3703136e-01   6.6191652e-02   9.0873323e-02   3.7746657e-01  -4.2210096e-01   1.7792302e-01   3.6124444e-02  -1.9448381e-01   4.7089477e-02  -3.1268650e-01  -4.7211770e-01   1.8930450e-01  -3.8934617e-01   8.4752468e-02   1.9364825e-01  -4.7129483e-01  -2.5465942e-03  -1.8637668e-01   3.9737494e-01   1.2752985e-01  -6.3621048e-02  -7.2633418e-02   2.0781113e-02   1.3354044e-01   4.6111902e-01   1.6589280e-01  -6.8881154e-02  -2.7287238e-01  -3.7246224e-01   2.6207928e-01  -9.7495531e-02  -7.4129403e-02   1.9714365e-01  -6.7464842e-02   1.7454977e-01   3.2885110e-01  -4.2521765e-01  -1.4355168e-01  -3.8804212e-01   3.2871628e-02  -1.4642796e-01  -4.9354188e-01  -1.0613083e-01  -1.9347198e-02  -6.6773009e-02   5.5995768e-01  -3.9075275e-01   1.9731291e-01   1.2932315e-02  -4.4509816e-02  -4.4334825e-01   1.6986901e-01   3.1624282e-01  -1.1574362e-01   2.4068481e-01  -1.5516592e-01  -3.8171223e-01   3.9434346e-01  -4.9438201e-01  -2.4117816e-01  -2.6197833e-01   4.4178578e-01   1.1950033e-01   6.3629229e-01  -2.2708682e-01  -2.2739811e-01   2.8692818e-01  -3.3897385e-02   7.1743794e-02  -9.5081718e-03   1.9312458e-01  -1.9168595e-01  -2.6069365e-01   1.1343282e-01   3.7867121e-01  -7.0724973e-02   1.4905422e-01   3.0030428e-02  -1.6377044e-01   1.6590161e-01  -4.2007396e-01  -5.4694227e-01   2.4039316e-01   3.2172446e-01   5.0480449e-01  -1.4134187e-01  -1.7625590e-01  -4.6292936e-01  -3.5053365e-01  -1.3768385e-02   1.0861106e-01  -3.5732307e-01   2.4514642e-01  -1.7922459e-02  -7.4266401e-02  -1.2358325e-01   1.0966113e-01   1.1284682e-01   6.9370077e-02   3.2124186e-01   4.7468721e-01   4.6015381e-01   1.9837056e-01  -6.4972744e-02  -1.1401580e-01  -4.4159911e-02   4.0071867e-01   6.7993869e-02   1.6900448e-01   2.1389955e-01   2.8072852e-01   1.2844920e-01  -2.4687428e-01  -1.6084262e-01  -2.1170687e-01   4.1536707e-01  -3.6693603e-02  -4.0344532e-01   3.4356684e-01   3.6216015e-01  -3.1736680e-01  -8.0586448e-02   8.9042307e-02   4.5460627e-01   3.1445989e-01  -1.0991158e-02  -1.9242889e-01  -4.8641984e-02  -8.3647234e-02  -1.2823358e-01
   1.0072755e-01  -2.4100783e-02  -2.2414808e-01  -6.3968947e-03  -1.7503676e-01   3.9724175e-01  -3.5478655e-01   0.0000000e+00   3.6607231e-01  -1.9496373e-01  -2.3853934e-01  -2.1178517e-01   4.6588688e-02   2.5796840e-01  -3.7824800e-01  -5.2781253e-01  -2.5999697e-01  -2.2075029e-02   8.2515056e-01  -1.8946479e-01   1.4755447e-01   8.1775656e-01  -3.9932643e-01  -2.6722273e-01  -1.8308662e-01   7.5632208e-01  -2.5627261e-01  -1.0814467e-01  -4.2672211e-01   3.0732977e-01  -7.1726163e-02   4.4663784e-01  -3.0254657e-01  -4.0850854e-01   2.0820792e-01  -2.9335146e-01  -1.8573762e-01  -6.7523801e-01  -6.6190951e-01  -5.1504854e-01  -2.0858709e-01  -3.1270515e-01   3.6345952e-01   6.1739732e-01  -2.4814790e-01  -2.6400275e-01  -2.2290716e-01  -2.6245512e-01   1.3823441e-01  -5.1927752e-01  -2.4060600e-01   9.2021710e-01  -2.2974104e-01  -8.1645757e-03  -1.0265575e-01   1.1051734e-01   6.3343407e-01   7.9737838e-01  -2.2960049e-01   3.6448072e-01  -1.6104009e-01  -5.5973118e-01   1.0494923e-01   3.0967666e-01   2.9522857e-01  -2.3022177e-01   6.5158670e-02  -2.2630548e-01   2.9054092e-01  -1.6676623e-01   1.1945439e-02  -1.8919491e-01  -9.0619686e-02  -1.2664612e-01  -1.6994621e-01   8.5783761e-01  -5.2657707e-01   4.8103241e-01  -1.0081309e-01  -3.2599181e-01   5.5861914e-01  -1.6949767e-01  -3.0587587e-01   8.3011140e-01  -3.5704281e-01   7.9559771e-01   2.4370197e-01  -2.8321417e-01   4.1819337e-02  -2.2863330e-01   1.2133835e-02   8.6116524e-02  -4.8487319e-01   3.9388677e-01  -6.2709289e-01  -2.4086570e-01  -2.0715788e-01   8.6923232e-01  -1.2241567e-01  -2.8376437e-01  -6.1267548e-02  -3.2449260e-01   7.0483967e-01   2.3057268e-01  -1.2765435e-01   7.1102889e-01   3.0198377e-02   7.4445775e-01  -4.9789379e-01   1.9575959e-01  -4.3815478e-01   6.3472545e-01   2.2063266e-01  -6.3613598e-01  -4.1075853e-01  -5.2499454e-02   4.6550338e-01  -1.7677747e-01  -2.3272104e-02   2.2235590e-01  -2.2823401e-01  -3.0904444e-01   2.1735268e-02   5.2574597e-02  -3.4964728e-01   1.0678622e-01  -3.4467479e-01   2.8166315e-01   7.4499220e-01  -4.3502772e-01  -6.0617456e-02  -5.4121147e-01  -4.3708655e-02   1.8401695e-01   5.6233534e-01   8.6278616e-01  -3.9606779e-01   1.3692806e-01   8.8010425e-01  -6.6384086e-01  -3.0825086e-01   1.1140761e-01   5.0923921e-01  -3.2968260e-01  -3.2979557e-01   3.8687004e-01  -3.7288781e-01   1.6429314e-01  -1.2607337e-01   1.6683860e-01  -4.8910969e-01   6.0718618e-01  -7.8661332e-02  -3.1887646e-01  -2.5018192e-01  -5.4449318e-01  -3.7780848e-01  -4.3667053e-01  -2.5292209e-01   7.8603083e-01  -5.2687980e-02   5.6871226e-01   6.6210319e-02   1.7621287e-01   5.2231829e-01  -3.1768147e-01  -2.8628752e-01   4.2910251e-01   1.0099992e-02  -2.0363732e-01  -2.3176025e-01  -6.3140489e-01   1.1962986e-01   3.1136364e-01  -3.3734230e-01  -2.3324318e-01   6.4431208e-01
   5.1069702e-02   3.4879717e-01   1.5010817e-01   3.5673988e-01  -1.2687998e-01   3.1463076e-01  -3.1989111e-01   3.6607231e-01   0.0000000e+00  -3.1361887e-01  -3.6380868e-01   2.6773120e-01  -9.8815688e-02   1.3327512e-01  -2.0841981e-01  -3.7643017e-01   2.7033975e-01   1.3167757e-01   4.4566130e-01  -3.9334441e-02  -1.5581982e-01   5.0954001e-01  -3.0577548e-01  -9.8878374e-02   1.8257332e-01   3.6013789e-01  -3.6313605e-01   4.0003951e-02  -1.8044238e-01   3.9705661e-01   2.9308106e-02   3.7431697e-01  -8.5097165e-02  -4.0884571e-01   6.2920243e-01  -2.1873216e-01  -2.0397846e-01  -5.1341023e-01  -2.8976767e-01  -3.4733657e-01  -3.1583242e-02  -3.0905719e-01   5.5965753e-01   1.3613012e-01   2.0589895e-02  -1.2286698e-02  -2.2449985e-01  -2.1989753e-01   1.3340891e-01  -1.3526445e-01  -1.0228780e-01   3.2939039e-01   1.3275540e-02   2.8592506e-02   7.9056648e-02  -1.5892665e-01   4.7683157e-01   4.2325490e-01  -9.6657569e-02   6.0139884e-01   4.6014985e-02  -1.3780893e-02   7.0375480e-01   2.9659980e-02   3.2548497e-01  -5.1235867e-01   2.2037641e-01   2.0523711e-01  -3.1896416e-02   7.2151973e-02   4.7021888e-02  -2.0614298e-01   4.5485244e-02   2.9613222e-01   3.0141032e-02   3.4899226e-01  -1.2386355e-01   4.3556933e-01   1.0630638e-01  -3.4224238e-03   2.2079980e-01  -2.2790118e-01  -1.0828157e-01   4.2981597e-01  -9.4459692e-02   3.3288713e-01   1.8535332e-01  -1.1915910e-02   3.0800962e-01  -1.9995430e-01  -5.1641282e-02   2.0467705e-01  -4.6392589e-01   5.9944885e-01  -4.7438189e-01   5.8019212e-02   1.6603085e-01   3.9270755e-01   1.9027152e-01  -2.3668193e-01   2.1066708e-02  -1.7416269e-01   3.7951399e-01   7.4589782e-01  -2.2275802e-01   4.8113289e-01   2.6071527e-01   3.2279960e-01  -3.9916026e-01  -1.1210624e-02  -4.3900115e-01   3.5094552e-01   3.2565687e-01  -4.6745644e-01  -1.7455547e-01  -1.7706783e-01   4.3883461e-02  -2.0420024e-01   1.0953031e-01   2.7158336e-01  -1.3400360e-01  -2.4300909e-01   2.8740206e-01   2.7489669e-02  -1.4489318e-01   1.3881256e-01   1.9598624e-03   4.8045199e-01   5.6193103e-01  -6.6534512e-02  -3.7767709e-01  -4.2376693e-01   2.7231800e-01   4.9873633e-01   5.8863881e-01   3.6585838e-01   2.1858359e-02   1.0573648e-01   3.5415835e-01  -4.8145306e-01  -3.1910753e-01   2.4581398e-01   5.6467214e-02   2.0706908e-01  -1.3823757e-01   1.1864280e-02  -2.0116666e-01  -2.3679706e-01  -4.2411444e-01  -3.6810959e-02  -1.2289931e-01   3.4025531e-01  -1.9667707e-01  -2.6376429e-01   6.4732603e-02  -4.6137552e-01  -3.9035003e-01  -4.1625830e-02   3.0556965e-02   2.8418910e-01   4.1316149e-01   9.9084553e-02  -1.4139784e-01   1.1333462e-01   3.5333072e-01  -3.3901892e-01  -3.0307097e-01   2.2301826e-01   7.3245383e-03  -2.3693521e-01  -3.9518989e-01  -5.5537549e-01   3.1010217e-01   5.3244897e-01   1.8544896e-01   6.1847435e-02   2.8875817e-01
  -9.1605311e-02  -3.9472538e-01  -1.6140722e-02  -2.8350181e-01   3.6172601e-01   2.6355910e-01   3.1272723e-01  -1.9496373e-01  -3.1361887e-01   0.0000000e+00   1.7325683e-01  -2.2553169e-01   3.3098183e-02  -2.0785700e-01  -5.8932425e-02  -3.8605703e-03  -1.0456152e-01   5.5347440e-02  -7.1390492e-02   5.2931680e-01   1.8846997e-01  -3.2736830e-01   2.4210438e-01  -2.3030499e-01   6.5867995e-02   7.8429652e-02   3.7255122e-01  -1.1145589e-01   3.7450583e-01  -3.8210577e-01   7.4456416e-02  -8.5558675e-03  -2.8338835e-01   4.5219384e-01  -2.7417897e-01   4.0295883e-01   5.5903002e-01   1.9360250e-01   5.7641814e-02   1.8462264e-01  -2.7900909e-01  -1.4768448e-01  -3.0818686e-01  -2.6009588e-01   2.2114003e-01   1.9594575e-01   2.8365427e-01   2.9204097e-01   4.0445396e-01  -1.6514858e-01   1.8718029e-02  -1.4649784e-01   3.1080484e-02  -3.3653516e-01  -3.4592559e-01  -8.7828717e-02  -1.7793725e-02  -1.4736430e-01  -2.7247076e-01  -2.8946491e-01   9.0449814e-02   1.2651260e-01  -4.5128599e-01  -2.1052970e-01  -7.8752751e-02   1.6268404e-01   2.8548702e-01   1.8022735e-02  -6.6986209e-02   1.4012351e-01  -1.1312928e-01   3.2895392e-02  -4.1978579e-01  -1.0089806e-01  -4.6049645e-01  -9.0498029e-02   9.0587676e-02  -4.2136971e-01  -6.5397736e-02  -2.0103660e-01  -7.7880806e-02  -1.8886785e-01  -2.6425189e-01  -7.3176742e-02  -2.7696334e-03  -6.8831104e-02   3.1923673e-02  -3.2626738e-01  -1.1573103e-01  -3.0190030e-04  -2.8500398e-01  -1.1229716e-01   4.2102407e-02  -2.9819081e-01   1.8153679e-01   3.5935728e-01  -5.9455421e-02  -2.1816609e-01   4.7568227e-02   3.9976646e-01  -1.6056243e-01   4.3139319e-02  -1.3493082e-01  -4.9813423e-01  -1.3182219e-01  -2.9674575e-02  -3.7088518e-01  -1.0664853e-01   4.7385364e-01  -2.0367985e-01   1.7436001e-01  -1.2916283e-01  -1.1661411e-01   2.1957089e-01  -1.3442206e-01  -1.1976950e-01  -8.8067359e-02  -2.5060987e-01  -9.1451057e-02  -1.5122165e-01  -1.7334767e-01   1.2435795e-01  -3.2738994e-01  -2.8829813e-02   1.5431045e-01  -3.4354898e-01   6.7069482e-02  -3.3113980e-01  -1.5937378e-01   2.7017745e-01   3.0370993e-02   2.6814533e-01  -3.2210624e-01  -2.6675900e-01  -3.7148175e-01  -4.1943717e-02  -2.4064893e-01   1.3381823e-01  -2.8382208e-02   1.7797763e-01   9.7337930e-02   1.1561826e-01  -1.6533924e-01  -2.2889269e-02   4.1499926e-02  -1.4409661e-01   9.1568545e-03   1.3463602e-01  -2.7019026e-02   2.0050765e-01  -1.1556328e-01   7.1563781e-02  -2.9299774e-01   1.5433900e-02  -5.4240951e-02   1.1794564e-01   1.9528513e-01  -3.0434284e-01  -5.7475032e-02  -4.7033299e-02  -9.1426495e-02  -2.5940425e-01  -9.0581181e-02   1.4777281e-01   3.3054713e-02   9.5386650e-02   1.3562265e-01  -7.4028435e-02  -1.4010924e-01  -4.6834089e-02   5.5592211e-02   2.0723594e-01   7.4017116e-02   3.1797427e-02  -6.3986788e-02  -2.0619091e-01  -2.5809499e-01
  -5.1601893e-02  -5.5202087e-01  -1.3023393e-01   1.6378261e-01   4.8451172e-02  -1.9381095e-01   2.0272379e-01  -2.3853934e-01  -3.6380868e-01   1.7325683e-01   0.0000000e+00  -3.2244495e-01   1.4949723e-01  -1.0496593e-01   1.8095824e-01   8.2672544e-03  -1.1781820e-01   2.6679430e-02  -3.5395955e-01  -2.9119324e-02   2.2677893e-01  -6.6543056e-02   3.5193899e-01  -1.1652378e-01   2.2128435e-02  -1.3934712e-01   2.2167700e-01   1.2423980e-01   2.6315135e-01  -1.7812668e-01  -2.3501545e-01  -1.7282215e-01  -1.9751663e-03   2.2816254e-02  -5.2947713e-01   2.5856642e-01   1.8256107e-01   2.8557725e-01   6.7321869e-02  -7.1043550e-02  -6.0103451e-02   1.0601540e-02  -3.6116182e-01   1.0098789e-03   3.2926847e-02   2.1189483e-01   5.4174053e-01   2.4080166e-02   1.1239276e-01  -2.4560533e-01   2.3451352e-01  -1.7797004e-01  -2.6251455e-01  -4.8672237e-02  -2.2673202e-01   4.4142505e-01  -1.1622141e-01  -7.8203300e-02   4.6217415e-02  -3.1182432e-01   1.2909652e-01   2.7538580e-02  -3.0241870e-01  -1.2747994e-02  -4.3842050e-01   6.0315506e-01  -2.0591050e-01  -1.8564702e-01   3.8978774e-01   1.9863626e-01  -5.0913500e-01   3.6500904e-01  -1.4779891e-01  -1.1416002e-01  -1.2858585e-01  -1.5858661e-01   2.8099685e-01  -2.8006945e-01  -3.4948485e-01  -1.6549102e-01  -6.1622379e-02  -3.7507883e-02   1.4580875e-01  -1.8451886e-01  -4.5905279e-02  -6.8554206e-03  -2.7528122e-01  -1.2669306e-01  -7.1726670e-02   1.1475178e-01  -1.6734209e-01   9.7471941e-02  -4.4091637e-02  -1.3444652e-01   3.0863071e-01  -8.8962608e-02   8.5335810e-02  -1.9779485e-01  -9.7481440e-02   1.8675842e-01  -1.5638067e-01   2.2880392e-01  -1.3609387e-01  -2.8266347e-01   4.7443994e-01  -2.1913736e-01   1.1106508e-02  -2.2688251e-02   3.8963637e-01  -2.3835706e-02   1.0432655e-01   8.3374429e-02  -1.0202497e-02   2.9923857e-01  -1.2762256e-01  -1.7593310e-01   1.9838167e-01   1.3265039e-02  -5.2467227e-02   8.6123086e-02   1.6305354e-01  -1.5800740e-01  -3.2822442e-01  -5.4632833e-02   1.8345039e-01  -1.6477366e-01  -2.6705892e-01  -6.0055882e-02  -1.6471693e-01   1.2110228e-01   2.3921351e-01   3.7924984e-01  -2.2161962e-01  -3.8210017e-01  -3.3185721e-02  -1.2625945e-01   2.7586999e-02  -2.3383687e-01  -4.2109684e-02   2.4703193e-01   6.8742705e-02  -1.3444404e-01   4.7933012e-01  -2.5835785e-01  -4.1429267e-02  -6.5904486e-02  -3.7457092e-01   1.6089882e-01   4.4425058e-01  -1.1095457e-01  -5.0493329e-02  -1.9133522e-01   2.3273765e-02   4.6334812e-01  -4.6793718e-01   1.2787824e-01   2.0985614e-01   2.5631968e-02   2.2734061e-02   2.5044438e-02  -1.8258468e-01   2.5790285e-01  -1.2440807e-01  -1.7016293e-02  -2.9843177e-01  -2.1348592e-02   3.9769459e-01  -1.5163577e-01  -2.0174428e-02  -1.3311488e-01   1.1853280e-01   2.0244936e-01  -2.9969965e-01  -2.7450580e-01   3.6292391e-03  -1.1413758e-01  -1.0095326e-01
   5.5287562e-02   5.4228924e-01   2.3080548e-01   3.4982875e-01  -5.5827938e-02  -5.8340206e-02  -9.2606041e-02  -2.1178517e-01   2.6773120e-01  -2.2553169e-01  -3.2244495e-01   0.0000000e+00  -1.4845348e-03  -4.7137810e-02   4.2362639e-01   2.3865828e-01   2.3695714e-01   1.3759601e-01  -1.2156106e-01   6.8906855e-02  -4.2697197e-01  -1.7242955e-01  -1.2615165e-01   4.4256004e-01   1.4123223e-01  -2.1936999e-01  -2.0129645e-01   5.8961639e-02   3.8344339e-02   4.1875074e-01   4.9857423e-02  -5.2815201e-02   8.4032035e-02  -1.0577204e-01   3.6183220e-01  -2.6255980e-02  -2.2138121e-01   2.4546582e-01   1.8302260e-01   2.6984178e-01   1.4649603e-01   1.1162327e-01   3.0802588e-01  -1.4537276e-01   1.9721907e-01   5.9267109e-02  -1.0442625e-01  -2.4024965e-01  -4.9078957e-03   4.1213599e-01   1.4765936e-01  -2.1460902e-01   1.4271207e-01  -1.3536564e-01   4.2276737e-01  -3.2251630e-01  -1.6945730e-01  -1.8909496e-01   3.6924839e-01   5.6582694e-01  -6.3161106e-02   3.2424773e-01   3.8334850e-01  -3.4335088e-02  -2.2910382e-02  -3.3980711e-03  -5.3762827e-02   1.5569462e-01  -2.7139578e-01   4.2637453e-02   2.7386237e-02   1.0959349e-01   6.1139878e-02   5.3973893e-01   3.7008527e-01  -2.3079445e-01   7.8624491e-02   9.4220427e-02   2.0433682e-01   2.4538875e-01  -2.1554923e-01  -6.3379589e-04   5.8045030e-02  -2.1104700e-01   1.4968857e-01  -2.8410666e-01  -1.3042455e-01   5.2623172e-01   2.5074359e-01   2.2447415e-01  -1.8608136e-01  -9.8563208e-02  -5.1491410e-03   1.8824752e-01   2.5438901e-01   3.5841260e-01   3.1387521e-01  -1.1179692e-01   1.1422137e-01   3.9786804e-02   9.9827981e-02   3.6051905e-01  -1.3611121e-01   5.1653358e-01  -2.3646353e-01   1.0619274e-02   2.1882117e-01  -2.5702107e-01   3.8730138e-02  -1.9881612e-01  -1.2990388e-01  -1.5010688e-01   1.2332144e-01   1.9521158e-01   2.8205887e-01  -2.0127869e-02  -2.4561465e-01   1.6795055e-02   1.3963852e-04   1.5793298e-01   6.2712093e-02   4.8246775e-02   2.9875959e-01  -1.5376057e-01   1.4816269e-01   4.9829462e-01   3.2300340e-01  -1.4479343e-02  -7.4572781e-02   1.1638609e-01  -2.6020320e-01  -5.0080215e-02   4.1861401e-01   2.5066939e-01   6.8504361e-02  -2.6446710e-01   2.9283436e-01   6.7134513e-03  -2.8763651e-01   3.5023138e-01   1.9467020e-01   2.3773088e-01  -3.7622397e-01   2.3890368e-01   3.7168941e-01  -1.6579000e-01   4.0056545e-01  -3.3837628e-01  -2.7046067e-01  -3.3685372e-01   2.8365822e-01  -1.9279072e-01  -8.7091373e-02  -1.6810030e-01   4.2254242e-01   2.5606998e-01  -1.6171535e-02   3.1120243e-01  -7.4339423e-02  -2.8520542e-01   3.3408209e-01  -2.0506772e-01   1.2087467e-02   1.9313705e-01   1.9754585e-01   1.8225612e-01   2.2419337e-02  -1.0877447e-01  -2.3691948e-01  -1.8934088e-03  -8.1917426e-02   1.9140942e-01   2.3025318e-01   5.4209710e-02   2.0677511e-01   2.1199762e-01  -2.4300127e-01
  -2.2503332e-01   1.1424952e-01  -8.8668484e-02   1.7527482e-01   2.9260888e-01   1.0061864e-01   1.3595753e-01   4.6588688e-02  -9.8815688e-02   3.3098183e-02   1.4949723e-01  -1.4845348e-03   0.0000000e+00   1.3185766e-02   1.4452826e-01   2.3020417e-01  -2.7381915e-01   2.9074536e-01   3.7529691e-02   1.7041478e-01   1.1179391e-02  -5.6070865e-02   1.7209703e-02  -1.5281272e-01   4.2756303e-02  -9.3896287e-02   1.3446301e-01  -3.0274113e-01   2.5128376e-01   1.4624633e-02   6.4242588e-02   1.6498936e-01   1.9845693e-01   2.9211534e-02  -1.5284390e-01   2.4490801e-01  -2.6978438e-02  -2.3015852e-02   1.3648967e-01   3.5832772e-01   6.0431244e-01   1.5453522e-02   2.7520749e-02   9.4966436e-02   1.4390608e-01  -4.3412902e-01   1.5067893e-01  -4.8194640e-02  -2.8500066e-02   2.0777492e-01   3.8576962e-01  -1.1130669e-02   3.1951595e-02   5.2880199e-03   1.2620630e-01   3.2529732e-01  -1.2467457e-01  -1.3460390e-01   4.1919447e-01   1.5172158e-01  -2.6868650e-01   3.8051414e-02  -6.1388786e-02   3.4460648e-01   1.4770271e-01   1.1733606e-01   1.3258763e-01   3.5146716e-02   8.0031707e-02  -3.5198625e-01   1.8635549e-02   1.6133947e-01   4.3404791e-01  -1.1979451e-01   2.9812835e-01  -2.1036057e-02  -3.2586057e-01  -3.7491817e-02   3.4174188e-01   2.0898819e-01  -3.9078032e-02   4.4126108e-01   3.5716947e-02  -2.5788247e-02  -3.9428133e-01  -8.0067382e-02  -1.0010381e-01   3.7582609e-02   6.1608621e-02  -2.7857389e-01   1.0586616e-01  -4.3523709e-01   1.3633525e-01  -1.1650701e-02   3.4466786e-02   2.7010490e-01  -3.6959001e-02   2.2502688e-02   5.5442189e-02   3.8617331e-02  -2.1375222e-02   3.1915671e-01   1.9967979e-01   5.7894980e-02   3.1254043e-01   7.7844865e-03   3.1458458e-01   4.8866741e-02   4.3992855e-02   4.0513112e-01   2.4347398e-01   3.6491485e-02  -1.0091948e-01  -1.6712959e-01  -1.5511706e-01   2.1881426e-01   3.5110948e-01   6.2742528e-01  -1.0884760e-01   1.8154003e-02  -3.3283930e-01   3.1270692e-01  -1.9513649e-01   2.0612552e-01  -3.4406509e-01  -7.3669093e-02   2.5122430e-01   1.1820792e-01  -7.6482115e-02  -2.3431356e-01   4.2953716e-01   1.9944086e-01  -5.3688582e-02   3.1941454e-02  -3.3782475e-02  -8.0129592e-02   2.9968736e-01  -6.0926599e-02  -4.9380428e-02  -4.1755652e-02  -1.3379129e-01   3.2370814e-01   1.4445729e-01  -6.7244204e-02   1.4997938e-01   1.9072741e-01   2.0871732e-01   1.9540487e-01   2.2084878e-01  -2.6338410e-01  -9.7161395e-02   4.4090174e-03   2.1158786e-01  -8.7048736e-02   2.6899129e-01  -1.8959174e-01  -1.6027660e-01   4.3262890e-01  -3.4750417e-01   7.2772951e-03  -1.6162407e-01   8.3166904e-02   2.1237547e-01   2.6907776e-01   4.0933113e-02   9.2027552e-02   1.9150850e-01  -1.5791247e-01  -1.1061447e-01   2.5396308e-01   2.6377843e-01   5.6954290e-03  -2.9765529e-02   1.9060958e-02  -2.2559644e-01   3.0800267e-01   1.0193050e-01
   5.5239773e-01   1.7911503e-01   2.0100031e-01  -8.4181211e-02  -5.8356994e-01   1.1029756e-01  -2.7798892e-02   2.5796840e-01   1.3327512e-01  -2.0785700e-01  -1.0496593e-01  -4.7137810e-02   1.3185766e-02   0.0000000e+00   5.8991622e-03  -3.8189330e-01   1.9937760e-01  -1.9051640e-01   2.1362797e-01  -5.0549240e-01   1.2608677e-01   2.4613582e-01  -2.9728408e-02   2.9440131e-02  -2.0712389e-01   2.5703904e-01  -5.1252395e-02   2.9623249e-01  -2.4169313e-01   1.1608624e-01   2.6759733e-01  -6.8238693e-02   7.9933900e-03  -8.9782438e-02   2.7313325e-02  -4.6588377e-01   1.4631305e-01  -4.9952999e-01  -3.6985261e-01  -2.3587408e-01  -7.6640020e-02   7.0569481e-02   1.1427814e-01   3.1650583e-01  -1.4851154e-01  -3.8468558e-02  -2.0940333e-01   7.6268329e-02   2.1094784e-01  -3.6349004e-01  -3.0994619e-01   2.9071960e-01   2.2105571e-01   2.0979881e-01   1.2791765e-01   2.3096479e-01   2.1337087e-01   1.5914848e-01  -1.4398535e-01  -9.7402779e-02   4.6688592e-01   9.8465903e-02   6.2659888e-02   4.1823970e-01   8.0591836e-02  -3.6794613e-01  -5.6525651e-02  -1.0093078e-01   2.1678126e-01   2.0004071e-01   2.4494350e-01  -2.2209242e-01  -1.1815308e-02   2.0069364e-01  -1.6056755e-01   1.5059990e-01   1.2670447e-01   2.2816767e-01  -2.4599982e-01  -1.0978184e-01   6.1697323e-01  -1.1016823e-01   4.5449217e-01   1.8105679e-01   2.3168341e-01   1.6632443e-01   6.1573126e-01  -1.0792595e-01  -7.4800039e-02   1.0721857e-01   6.1029530e-02   5.1083470e-01  -1.5921013e-01  -1.0592276e-01  -4.8330469e-01  -4.9499504e-01  -3.5589752e-01   1.5773683e-01  -2.5424556e-02  -2.6601298e-01   5.0505568e-01  -2.9721918e-01   2.3440478e-01  -6.4950371e-02  -5.1519831e-02   6.1313686e-02   2.1632547e-01   2.4901882e-01  -1.5147979e-01   1.1152923e-01   2.9459099e-01   1.9669853e-02   1.2248429e-01  -3.3363067e-01   2.9542253e-01   8.5675735e-03   2.7908086e-01  -1.2145138e-01   4.0654390e-01   6.6374567e-02   1.2455097e-01  -3.2707090e-01   1.1085422e-01   2.7896307e-01  -1.0355099e-01   2.2312892e-01   7.4010009e-02   2.9805990e-01   6.2766361e-02   7.2158488e-02   5.5036785e-02  -3.7473850e-01   4.6866685e-01   2.9666983e-01   8.4894376e-03   1.6406856e-01  -2.8466425e-01   2.5771352e-01   2.6994194e-01  -3.4092624e-01  -1.4317021e-01  -2.8054569e-01   2.0577659e-01   2.6240889e-01   8.0022507e-02   3.9191907e-01   4.4939613e-02  -8.6314195e-02   2.6987675e-02   1.7718588e-01   3.3254129e-01   1.9288154e-01   3.2454935e-01   1.5231598e-01   3.6689360e-02  -2.4116252e-01   1.0086284e-01  -3.6335859e-01   3.9872188e-01   3.2105483e-01   8.2080525e-02   3.2787124e-01  -9.7059643e-02  -1.8353549e-01  -3.8859115e-02  -2.1361817e-01  -2.2681933e-01   3.4749146e-01   5.2045409e-01  -1.4435427e-01  -1.1773578e-01  -3.7641183e-01   1.3048949e-01   2.6607010e-01  -1.5690498e-01   2.5580285e-02   2.2960981e-01
