   0.0000000e+00  -1.8278241e-01  -1.9265443e-01  -1.8193645e-01  -2.1390222e-01  -1.2575108e-01   1.6616497e-02   2.0652677e-01  -2.0768596e-01   5.9236201e-02  -2.5805595e-01  -1.7750456e-01   1.6047983e-01   4.6089548e-01   5.9223976e-02  -2.6618252e-01  -2.4033331e-01  -1.5910363e-01  -8.3538105e-02  -1.9626604e-01  -2.2721693e-01  -1.9135039e-01   2.9065204e-02   7.4887782e-01   1.7150581e-02  -1.9041629e-02  -1.9710389e-01   5.2454480e-01   8.0340434e-03   4.4451943e-02   1.7417754e-01  -3.2678793e-01  -1.1124495e-01  -1.1410125e-01   8.7811016e-02  -1.6221187e-01  -5.7652523e-02   2.9530443e-01  -2.9295521e-01  -1.8330063e-01  -1.0146799e-03  -2.1507938e-01  -1.1987859e-01   2.2622388e-02   2.0702366e-01  -2.0555054e-02  -2.1263065e-01  -2.1103546e-01  -1.0306911e-01  -1.7785487e-01  -1.1291451e-01  -6.7693512e-03   7.3203901e-02   7.3035605e-02   5.1689386e-02  -2.0093517e-01   1.1078897e-01  -3.4734917e-01  -8.7279422e-02   3.9593187e-02  -2.0444578e-02  -8.2352470e-03  -1.4709512e-01   4.1690212e-02  -1.6933899e-01  -3.7530523e-02  -1.6290733e-01  -6.9852895e-02  -1.8062841e-01  -1.0869623e-01  -1.6600700e-01  -2.5481694e-01  -2.4696946e-01   5.1919932e-01   3.6652290e-02  -1.6239481e-01  -6.6956187e-02  -3.6566812e-02  -1.3055232e-01  -1.8704728e-03   8.6165694e-02  -3.2691779e-01  -8.3967738e-02   8.9987891e-02   5.8764931e-01  -2.1825919e-01  -1.2294001e-01   5.7103822e-01  -9.6799842e-02   6.6808656e-01  -2.2079255e-01  -9.6295506e-02   3.3912440e-02  -1.1915420e-01   4.2745145e-01   3.4131435e-02  -1.8397967e-01  -1.2793901e-01  -5.3202722e-02  -4.0081259e-02   5.1123266e-01   2.4642918e-02  -1.3122298e-01  -5.8244068e-02  -3.6921248e-01  -8.9838772e-02   2.5777000e-02  -1.5739268e-01   2.0714998e-02  -2.3687760e-01  -1.0205125e-01  -1.9579302e-01  -1.8614684e-01   7.7192969e-01   4.8145856e-01  -1.8098356e-01  -2.2980266e-01  -1.4389311e-01   4.3310037e-01  -2.7431398e-01   2.8904004e-01  -1.6389637e-01  -1.2325344e-01  -2.3589691e-04   3.9201977e-01   2.5055124e-01   2.1322371e-01  -6.4268319e-02  -3.0913440e-01  -1.2078778e-01  -1.8864032e-01  -1.6396498e-01   7.3488378e-02   3.7787408e-02  -2.2756946e-01  -1.8408617e-01  -1.0464670e-01   7.6514166e-02  -2.2101149e-01   5.4370827e-01   6.2893786e-01  -1.2900912e-01  -2.2595484e-01   5.1806975e-02   1.5822424e-01  -1.8145112e-01   8.9675778e-02  -2.4756886e-01  -8.3758050e-03   5.2733043e-02   5.9928990e-01  -1.1531792e-01   4.6887389e-01  -5.3414613e-02  -1.8906265e-01   4.8163456e-01   2.4694456e-01  -1.0496492e-01   1.5189151e-02   1.7618965e-01  -2.4024730e-01  -2.5711323e-01  -1.0735985e-01  -3.0252311e-01  -3.4426634e-01   1.6385496e-02  -6.2556746e-02   1.6616785e-02   3.3939949e-01  -2.3792600e-02  -8.6875822e-02   2.9441309e-01  -3.3323725e-01   5.7421168e-02  -1.3995307e-01  -8.1839775e-03   1.8189308e-02
  -1.8278241e-01   0.0000000e+00   2.9889035e-01  -1.5242248e-01  -1.0770494e-01  -2.6591783e-01  -1.1725687e-01   1.8826707e-01   4.7796867e-01  -3.9689364e-01  -4.6043014e-01   8.3243559e-01  -2.3004693e-01  -1.0594918e-02   2.4774718e-01   1.1579283e-01  -6.1947193e-04  -6.8443048e-01   2.7164793e-01   4.1608658e-02  -2.9128224e-01  -1.6840390e-01  -2.0541180e-01  -1.4646967e-01  -7.7516103e-02   2.3546952e-01  -1.3839507e-01  -1.5186234e-01   1.7660872e-01   2.6542756e-01  -3.3940285e-01   9.9453847e-02   2.5144453e-01   4.6503776e-01   1.2680668e-01  -4.4842768e-01  -5.3344874e-01  -1.0420814e-01   3.7019295e-02   5.4774236e-02  -2.9675697e-01   4.5141827e-02   5.7967682e-01   5.0258976e-02  -8.4548688e-02  -4.7360551e-01  -4.5811578e-01   1.1824508e-01  -8.3448087e-02   2.8848405e-01  -5.7786254e-01   1.2010781e-01   5.1716987e-01   3.4374775e-01  -8.1290425e-02   1.5280037e-01   1.7803195e-01  -2.4416628e-01  -2.2544529e-01   4.1029203e-01   2.0063432e-01   6.7137884e-02   4.6043438e-01   3.3242554e-01   6.4034242e-02  -6.3849046e-01  -2.2254370e-01   1.8159644e-02   1.0078913e-03  -1.4211108e-01   7.7397723e-01  -4.8395596e-01  -3.5925860e-02   1.0289968e-02   2.1811531e-01   1.6093439e-01  -1.1916315e-01   2.7440002e-01   1.5401836e-01  -7.4666395e-02  -5.4120428e-01   1.4227680e-01  -1.1735966e-01   1.6503354e-01  -1.8801037e-01   2.8078954e-01   1.3746914e-01  -3.1527932e-02   5.7577079e-01  -2.8772180e-01   6.7011212e-01   1.8847695e-01   2.0423234e-01   2.2169756e-01  -2.8168397e-01  -1.1428900e-01  -1.0119610e-01   3.0959476e-01  -4.5994326e-01  -5.4428520e-01  -3.7976150e-01   4.7457700e-02  -5.9162130e-01   6.2589522e-01  -2.8888496e-01   4.3835284e-02   1.3126330e-01   2.9965724e-01   3.3735164e-01  -2.7061326e-01  -2.5775114e-01   1.6525722e-02  -3.5189273e-02  -3.2758535e-01  -4.9006865e-01   3.8158919e-01   2.7507353e-01   8.4258154e-02  -1.4274549e-01  -2.2076219e-01  -1.6370494e-01   6.8534202e-01   4.7883948e-01   3.8564057e-01  -3.9520932e-01   2.6280471e-01  -1.0374653e-01   7.6348054e-02   9.7457656e-02  -4.9620210e-01  -2.0200681e-02  -3.8888416e-01   4.6959892e-01   1.0051906e-01   1.9117327e-01   2.1547569e-01   1.2881108e-01  -5.4221099e-01   8.0017518e-02  -1.5457010e-01  -2.3278968e-01  -6.3567303e-02  -1.2636102e-02   2.5696698e-01   5.0366732e-02  -3.0309538e-01  -5.1894394e-02   1.0532500e-01  -5.9790819e-01  -3.2527158e-01  -2.3562878e-01  -2.9300904e-01  -1.9079689e-01   7.9455122e-02   4.1593317e-01  -1.3535848e-01  -2.2195710e-02  -1.7858785e-01   3.9558463e-01  -6.1241573e-01   2.3507033e-01   1.2402196e-01  -4.7050462e-01  -3.9793939e-01   4.1191457e-02   5.2918625e-01  -2.4911418e-01   5.8980622e-02   3.0226406e-02   5.1451414e-01   6.3709033e-01  -2.0938419e-01  -1.4536893e-01   5.1752420e-01   1.9009022e-01   2.7736880e-01  -3.7148695e-02
  -1.9265443e-01   2.9889035e-01   0.0000000e+00  -1.1824033e-01   3.3728183e-01   3.7210424e-01   1.2524861e-01   9.2191991e-02   3.2485677e-02  -3.5844230e-02   7.1358299e-02   3.3390885e-01  -2.8875489e-01  -3.3760350e-01   4.0942515e-02   7.9518846e-02   7.5294560e-01  -5.4173453e-02   3.6903063e-01   2.6204591e-01  -6.0978232e-02  -7.0498793e-02  -1.9352668e-01  -3.0659260e-01   5.0417728e-03  -2.7572984e-03   3.8896686e-01  -1.7516243e-01   1.3056558e-01   7.1876932e-02  -1.5049527e-01  -1.7594840e-01   1.1216122e-01   2.7921256e-01  -2.6077903e-01   1.8149953e-01  -1.5561578e-01  -2.4619578e-01  -1.4924172e-01   4.2884272e-01  -2.1360284e-01  -1.7169705e-01   1.1856788e-01   2.1580671e-01   1.5210834e-02   2.1128537e-02   6.7801117e-02   1.8780566e-01   1.2015075e-01   7.1250325e-01  -1.7768674e-01  -9.8379009e-02   2.6608380e-01   2.6942653e-02  -5.4534730e-03   1.2452775e-01   3.7281340e-01  -1.9600158e-01  -1.0327861e-01   1.9703641e-01   9.8216082e-02   1.3588378e-01   1.6870815e-01   9.2509233e-02  -1.4270673e-01   7.9884510e-02   3.6713508e-01  -9.5292473e-02   4.6918721e-03   6.6128581e-01   2.6419991e-01  -2.2144556e-01  -6.2354163e-02  -2.3376269e-01  -2.0239652e-02  -4.8725429e-02  -1.7299173e-01   1.0744218e-01   2.9601514e-01  -6.8116346e-02  -1.9204517e-01  -1.8849986e-01   2.8784400e-01   1.0540213e-01  -1.6269329e-01   3.1698617e-03  -1.9495320e-01  -4.2681122e-01   2.0003455e-01  -2.2974511e-01   4.4983154e-01   2.8304002e-01   3.6005312e-01   6.3756456e-02  -2.4432940e-01   2.3093175e-01   2.2131804e-01   1.8425935e-01   1.0872333e-02  -2.5035754e-01  -2.0834613e-01  -1.2674740e-01  -3.1397829e-01   1.1273633e-01  -1.8736330e-01   7.0141220e-03   8.3081713e-03   1.4347094e-01   4.6097089e-02   2.4606803e-01   2.0716177e-01  -1.6895542e-01  -6.8831714e-02  -2.7189464e-01  -7.3833546e-02   3.2648182e-01   1.0385959e-01  -1.9165524e-02  -5.2215112e-02   2.7106597e-01  -2.7572701e-01   3.9514117e-01   6.2657733e-02   1.4329744e-01  -4.6774540e-01  -7.6800276e-02  -6.5191673e-03  -1.6185215e-01   7.9696467e-02   4.4384192e-01  -1.1208572e-01   2.3537910e-02  -5.6225718e-02  -5.1090093e-02   1.5428441e-01  -1.8396604e-02   6.7802556e-02  -1.8800984e-01  -1.4016747e-01  -2.1026179e-01  -2.0672361e-01  -2.3702905e-01  -8.1291761e-02   4.0388475e-01   1.3401178e-02  -1.8492868e-01   1.2579070e-02   1.9931298e-01   8.1564837e-02  -1.5684948e-01  -2.7397762e-01  -3.5728294e-01   2.0089085e-02   1.1879429e-02   8.0017662e-01  -1.8506480e-01  -1.3794257e-01  -6.6852385e-02   2.4625471e-01  -3.0815638e-01   6.2556665e-02   3.8588056e-02   1.9464361e-01  -1.9889326e-01   4.0335642e-02   2.2179726e-01   2.6487716e-01  -9.9721159e-02  -7.5644051e-02   3.5832213e-01   3.1713871e-01  -1.9764905e-01  -8.8939564e-02   4.5029646e-01   1.3552661e-01  -7.5628791e-02   4.6009636e-03
  -1.8193645e-01  -1.5242248e-01  -1.1824033e-01   0.0000000e+00  -8.8894146e-02  -7.5042743e-02  -2.2114749e-01  -2.5488159e-01   3.8043095e-01  -8.0064195e-02   2.2277551e-01  -1.9106393e-01   2.5180385e-01   1.7024607e-01  -2.3185670e-01  -1.1316535e-01   5.1434609e-02   2.2390457e-01  -1.4643109e-01  -2.2318345e-02  -1.9037493e-02   4.7015125e-01  -1.2779796e-01  -2.6635576e-01   7.9937166e-02   8.2152110e-02  -9.8882792e-02  -3.1025961e-01   9.2709639e-02  -1.0419725e-01  -2.7064985e-01   5.5243923e-01  -2.9036356e-01  -2.8070695e-01  -8.2878169e-03   2.4652250e-01  -7.7764845e-03  -2.1896873e-01   2.1827510e-01  -5.5918083e-02   2.6676992e-01   4.4414633e-01   2.8085326e-01  -6.1894018e-03   8.6570169e-02   1.5590452e-01   5.6120638e-01  -2.3121223e-01   9.0295775e-03  -2.4597748e-01   6.2338555e-01  -2.7331897e-02  -5.2381389e-01   1.2708480e-01   6.2915976e-02   1.0219410e-01  -1.2414010e-01   6.0547074e-01   2.7522880e-01  -7.3651764e-03   2.6801169e-02   2.4315972e-01   2.6614434e-01  -3.7304180e-01  -2.4678602e-01  -3.8114294e-02   1.9453666e-02   5.7157887e-01   4.7144556e-01  -4.9630638e-02  -1.8802174e-01   7.9701319e-01   4.5783927e-01   1.0854723e-01   1.8391216e-01   2.0646085e-01  -1.4626891e-02  -1.2427081e-01  -5.6147535e-02   1.2373933e-01   1.3576580e-01   2.4838747e-01  -2.2478019e-01   3.1497474e-02  -1.0717152e-01   1.3713292e-01   1.3026473e-01  -1.0745769e-02   1.5195253e-01  -3.8144329e-01  -2.9438768e-01   2.8322301e-02  -3.1012083e-01   3.4024393e-01  -2.1944080e-01  -1.8167871e-01   2.0844967e-01  -5.5026578e-02   2.0801735e-01   1.7581718e-01  -1.8032630e-01  -4.9657663e-02   1.3838133e-01   4.1077306e-02   5.7059146e-01   5.9105628e-01   3.0394632e-01   1.6067289e-01  -1.2229221e-01  -9.3786838e-02  -7.8271960e-02   3.3401307e-01   8.5741916e-01  -1.3046308e-01  -9.6134164e-02  -2.2925111e-01   1.5365937e-01   4.1207724e-01  -1.7715475e-01   4.6384853e-01  -1.9617239e-01  -3.7217948e-01   4.8068239e-01  -1.2079071e-01   9.9225361e-03  -1.9103478e-02  -2.0795222e-01   1.8271945e-01   6.8349974e-01   7.5207687e-02  -3.6451568e-01   6.2827268e-02   3.5591293e-01  -3.7104021e-01   5.6292460e-01   1.9841096e-02   9.8660169e-03   7.2704760e-02   7.9516596e-02  -2.4784769e-01  -3.0277517e-01  -1.7856342e-01   1.6829599e-01  -4.1906453e-01  -2.8936255e-01   1.5713121e-01   2.3719732e-02  -2.6284984e-01  -6.4002155e-02  -2.0099346e-01  -2.0515497e-01   2.0514395e-01  -8.9393339e-03  -2.5420916e-01  -3.3564637e-01  -2.2393830e-01  -2.9009805e-01   1.2061523e-01   1.1425710e-01  -8.0409571e-03   5.7236433e-01   1.5619218e-01  -1.1560662e-01   5.2155087e-01   6.1249659e-01  -3.9577463e-01  -3.5279227e-01   3.6954948e-01  -1.1095554e-01  -3.1074761e-01  -4.6460161e-01  -7.8751333e-02   1.8658449e-01  -5.3656670e-01   3.8016881e-01   2.4048392e-01   6.0853344e-01
  -2.1390222e-01  -1.0770494e-01   3.3728183e-01  -8.8894146e-02   0.0000000e+00   5.3409274e-01   3.0480952e-01  -2.6734563e-01  -2.9418611e-01   2.6539980e-01   5.0492021e-01  -1.6670132e-01  -4.3311155e-02  -3.0312773e-01  -4.7927961e-01   2.1108583e-02   5.6257324e-01   4.7061689e-01   9.6166717e-03   7.3832411e-01   2.7721136e-01  -1.4146356e-01  -3.8871288e-01  -3.0108771e-01   1.3297172e-01  -3.5188389e-01   6.7953508e-01  -2.7015998e-01  -9.9928188e-02  -2.3426500e-01  -7.2389120e-02  -2.4296680e-01   9.4050765e-03  -3.1709435e-02  -2.4831059e-01   7.8198530e-01   1.8662594e-01  -3.4471398e-01   4.8217069e-02   4.9599557e-01   7.7403851e-02  -1.4142547e-01  -3.0878071e-01  -1.5895027e-01   1.5446716e-01   3.7899055e-01   4.4095901e-01   4.3595022e-01   2.5855149e-01   5.1423570e-01   1.8178672e-01  -2.9803899e-01  -5.3854591e-02   5.9656762e-03   1.1670970e-01  -1.8762526e-01  -6.6603807e-02  -2.1060735e-01  -1.6432389e-01  -2.4731914e-01   5.0033932e-02  -4.2340470e-02  -7.9673232e-02  -4.1638209e-01   1.9292187e-01   3.8972071e-01   6.7547455e-01   1.1701731e-03  -8.2921525e-02   4.6284656e-01  -2.0221599e-03   1.4927094e-02  -7.6836911e-02  -2.8509783e-01  -2.1135734e-01  -8.1548229e-02  -2.0308063e-01  -2.7274484e-01   6.8057586e-01  -3.1618346e-02   6.1567359e-02   2.2499224e-02   3.2960238e-01  -2.9034298e-01  -1.5535876e-01  -1.6748187e-01  -3.0314044e-01  -3.2826133e-01  -1.2546062e-01  -1.8596995e-01   4.0272741e-01   1.8325560e-02   4.0936098e-01  -2.8743767e-01  -1.2191367e-01   7.3166431e-01   1.5785739e-01  -2.1827157e-01   5.4273951e-01   2.4813345e-01  -6.4860365e-02  -3.6149313e-01   1.2828706e-01  -1.9349753e-01  -1.3252164e-01  -3.0738657e-01   3.6543834e-02  -3.3213325e-01  -2.2443602e-02   7.1766999e-01   4.5233295e-01  -2.0948780e-01   5.7246088e-03  -2.1967437e-01  -3.3330144e-02   4.7957797e-01  -3.7032510e-01  -1.9645352e-03  -1.6662033e-01   1.1663966e-01  -2.6345812e-01   1.2995559e-01  -2.9282529e-01  -2.8811578e-01  -1.0196903e-01  -3.3012384e-01  -4.1579042e-02  -2.4153903e-02  -1.2874601e-01   4.9468058e-01   2.3086262e-01   7.2390741e-01  -2.1537754e-01   5.2306977e-02  -8.9884365e-02  -2.2352495e-01  -7.2685798e-03   2.0545851e-02  -2.6943277e-01  -3.3393543e-01  -1.3037845e-01  -6.6794103e-02  -1.6860975e-01   1.6825725e-01  -2.0838038e-01   2.5503292e-01   1.5821970e-01   5.0648091e-01   5.3715270e-01   1.4426052e-01  -2.9430772e-01  -1.3413230e-01   1.7226948e-02   3.3324917e-01   3.9756984e-01  -3.0518812e-01  -1.1207266e-01  -7.7885746e-02   8.8932532e-02   1.1566756e-01  -1.3763156e-01  -2.5497957e-01   6.6218831e-01  -1.8998984e-02  -9.2095017e-02  -8.1288292e-03   5.6057199e-01  -2.9358785e-01  -2.1155925e-01   3.5319138e-01  -1.4089927e-01  -2.5000629e-01   2.8854557e-02   1.1859112e-01  -1.6931440e-01  -8.0857179e-02  -2.3721053e-01
  -1.2575108e-01  -2.6591783e-01   3.7210424e-01  -7.5042743e-02   5.3409274e-01   0.0000000e+00   4.2821043e-01  -2.1051381e-01  -4.2042914e-01   3.4226132e-01   7.0878829e-01  -1.8237560e-01  -1.5030833e-02  -3.7194352e-01  -3.3976382e-01  -3.5187695e-02   4.4292292e-01   5.3497732e-01   1.0605989e-01   4.0194193e-01   2.4610540e-01   1.0523319e-01  -1.8897962e-01  -3.1540108e-01   6.6752294e-02  -2.6667496e-01   4.6287338e-01  -3.0243727e-02  -1.7271761e-01  -4.9824476e-02   3.9937658e-02  -1.5108173e-01  -3.2447794e-02  -4.4223653e-02  -2.0365444e-01   6.6609410e-01   2.3003004e-01  -2.6439109e-01  -1.7571150e-01   1.9573868e-01   1.3000365e-01  -2.4150958e-01  -3.2642477e-01   1.2113073e-01   1.4811478e-01   3.4088205e-01   5.9987979e-01   4.2124287e-01   5.2134797e-02   1.8520677e-01   3.4713593e-01  -1.2320625e-02  -7.1196480e-02  -2.0840964e-01  -8.0558703e-02   3.2589485e-02   4.0105359e-01  -1.1957934e-01   2.8871434e-02  -8.0224930e-02  -3.1977906e-01  -1.6992717e-02  -1.3658306e-01  -4.2661154e-01  -9.8921573e-02   5.8409227e-01   5.9275612e-01  -6.9361380e-03   3.1693146e-02   6.5945186e-01  -2.4467549e-01   2.3943711e-02  -5.6954412e-02  -3.2579119e-02  -1.6058059e-01  -1.3265852e-01  -2.0199711e-01  -8.7959517e-02   2.3449585e-01  -7.9801963e-02   3.3870879e-01  -1.7463663e-01   3.8088387e-01  -4.2008442e-02  -5.0305990e-02  -1.2951792e-01  -3.8414197e-01  -4.4896335e-01  -2.8005987e-01  -4.1933059e-02  -1.6300408e-02  -2.3628748e-01   1.6408019e-01  -3.1326420e-01  -1.7292808e-01   2.8627269e-01   1.2998025e-01  -1.6605929e-01   4.5589486e-01   1.7661584e-01  -1.2450307e-02  -2.8403441e-01   2.0976872e-01  -1.7312988e-01   7.6958967e-02   1.0432463e-01  -1.5302075e-01  -2.4256166e-01  -2.6187407e-01   6.6930697e-01   4.9066870e-01   9.7241988e-02  -1.4535023e-01  -1.1979191e-02   3.0731048e-01   2.1876868e-02  -8.8848157e-02   1.3710821e-01   2.0216346e-01   2.6671094e-01  -1.9633262e-01  -3.5178066e-02  -4.1012593e-01  -2.7540528e-01  -8.9095820e-02  -2.0995403e-01   8.6414572e-02  -3.2445499e-01  -1.7149918e-01   6.8105496e-01   1.9029491e-02   5.7956189e-01  -2.1049749e-01   3.1331295e-02  -2.1359101e-01  -2.0378814e-01  -2.8977855e-01   2.8169032e-01  -2.8174564e-01  -2.0926313e-01  -1.2081850e-01  -9.4462990e-03  -5.4564622e-02   4.4530331e-01  -1.8378120e-01   2.1789638e-01   1.4587866e-01   3.0253773e-01   6.2619780e-01   1.3984117e-01  -1.4209084e-01   7.8732594e-02   2.0383080e-01  -1.0394042e-02   4.3005846e-01  -2.5323748e-01  -2.0147868e-01   1.1105831e-02  -2.4132728e-01   2.5632491e-01  -3.6874202e-01  -2.2525295e-01   6.3560582e-01   1.9952696e-01  -6.4798504e-02  -2.2311111e-01   5.5782843e-01  -5.3035923e-02  -3.3481150e-01   1.6140378e-02  -2.4084450e-01  -6.7559523e-02  -6.3519969e-02   8.9610603e-03  -1.6763065e-01  -3.1479556e-01   1.4117902e-02
   1.6616497e-02  -1.1725687e-01   1.2524861e-01  -2.2114749e-01   3.0480952e-01   4.2821043e-01   0.0000000e+00   2.3285414e-03  -4.7887340e-01   4.8983124e-01   3.1766536e-01   2.9740045e-02   1.9918595e-01  -4.0981892e-01  -7.4334218e-02  -1.6298148e-01   2.5481170e-01   2.0788161e-01   1.3518377e-01   4.0505369e-01   2.8312278e-01  -4.5043836e-02   1.8273807e-01  -1.1126520e-01  -3.6000246e-01   1.6238981e-01   5.2988444e-01   3.0790815e-01  -3.5182909e-01  -3.6411647e-01   3.4934117e-01  -1.8966030e-01  -1.9102282e-01   5.5556153e-01   3.3030329e-02   2.9959204e-01   2.2851741e-01  -1.4563235e-02  -5.4278967e-01   4.8229999e-01   6.9705616e-02  -3.5923709e-01  -3.2721775e-01  -2.4289973e-02   2.7573334e-01   3.4887248e-01   1.1161233e-01   5.2016264e-01  -2.7787253e-01   1.5989957e-01   1.1387534e-01   2.1590553e-01   1.6915816e-01   5.0903092e-02  -2.8714237e-01   1.4164114e-01  -4.7087131e-02  -9.9374877e-03  -7.9586797e-03  -1.6294451e-01  -1.6657176e-01  -7.0516717e-02  -3.7156041e-01  -3.5913911e-01   3.4760136e-01   3.4906836e-01   4.7004777e-01  -1.5776995e-01   3.0731855e-02   4.8642413e-01   1.2512030e-01  -9.1122859e-02  -3.6606583e-01  -8.8177406e-03   1.8605047e-02  -2.7081539e-02   6.6894453e-02  -2.9849297e-02   5.0960600e-01   2.1021459e-01   5.0690089e-01  -1.0687375e-01   3.2208000e-01   8.7985605e-02   2.1876202e-01   2.0128506e-01  -4.5516610e-01  -3.3704653e-01  -5.0876905e-01   2.0265423e-01   1.0893762e-01  -2.0066367e-01   5.4901033e-01  -3.2470837e-01  -6.9135970e-02   3.0707036e-01   2.8100016e-01  -1.1685112e-01   2.2824852e-01   5.7869578e-01   3.9028252e-01   1.9082712e-01   6.2462113e-02  -2.6516955e-01   7.8722817e-02  -2.6597887e-01  -2.3850052e-01   5.3489271e-02   1.8171445e-02   2.9390867e-01   7.1998528e-01   6.6529904e-02  -3.4283165e-01   1.1558838e-01   4.3474922e-01   3.8304016e-01   1.4229960e-01  -3.1439676e-02   6.0776212e-02   9.6211964e-02   8.5156881e-02   5.5387726e-02  -2.6674540e-01  -4.3186193e-01   1.6856592e-01  -1.0030764e-01   3.6341112e-01  -1.3550636e-01  -3.0776375e-01   4.0068152e-01  -9.5463490e-02   3.2262139e-01  -2.3037623e-01   4.5522844e-01  -2.7292486e-01  -1.9574891e-01  -3.9621446e-01   5.0933772e-01   6.3256767e-03  -3.6652770e-01  -2.0498157e-01  -2.6288071e-01   1.4139595e-01   1.2048262e-01   3.8840979e-01   3.3330833e-01   7.1464638e-01  -1.0165202e-01   5.5090051e-01   3.3042967e-01   2.8413233e-01  -7.7212086e-02   2.5481537e-01   2.3196729e-01   3.1128607e-01  -8.1404940e-02   7.2315845e-02   1.6594247e-01  -1.9896375e-01   5.8750755e-01  -2.9976241e-01  -2.3405991e-01   2.7511132e-01  -7.3722877e-02  -2.2563694e-01   1.8228771e-01   2.6233805e-01  -3.5271811e-01  -1.2880559e-01   2.3780265e-01  -1.3306177e-01   1.2566482e-01  -1.6027289e-01  -1.8308936e-01  -2.6551601e-02  -3.8464688e-01  -2.5997940e-01
   2.0652677e-01   1.8826707e-01   9.2191991e-02  -2.5488159e-01  -2.6734563e-01  -2.1051381e-01   2.3285414e-03   0.0000000e+00   8.2238694e-03  -1.1103295e-01  -3.3520182e-01   2.2044343e-01   3.0942422e-02   5.3653243e-02   3.4638023e-01   2.8450022e-01  -9.8796394e-02  -5.4046056e-01   2.6663160e-01  -2.2366851e-01  -1.0087053e-01   4.8189112e-02   1.9218640e-01   2.1535291e-01  -2.7823680e-01   5.6705054e-01  -6.1312751e-02   2.8534356e-01   1.7108095e-01   1.6118485e-02   1.1626217e-01  -7.2658360e-02   9.4055958e-02   3.4021533e-01  -3.4561784e-03  -3.9960538e-01  -1.9465556e-01   9.5946111e-02  -3.5222020e-01   4.0659232e-02  -2.0368067e-01  -2.2708740e-02   1.6301350e-01   4.5131801e-01  -3.3588685e-01  -3.3033793e-01  -2.6616946e-01  -4.9997118e-02  -1.2093606e-01   2.0552556e-01  -5.4268392e-01   5.0792616e-01   3.6156719e-01  -5.1969360e-02  -8.8986985e-02   2.2274662e-01   2.3947746e-01  -1.7991539e-02   8.3193565e-02   6.8180336e-02  -2.5320475e-02  -1.5227031e-01  -4.6553036e-02   5.7731210e-01  -2.5039351e-01  -2.9603045e-01  -6.6185061e-02  -3.9244973e-01   1.0480330e-01  -1.6526110e-01   2.2565705e-01  -3.8266543e-01  -3.6060676e-01   8.0223697e-02  -2.0659455e-03   2.1245218e-01   2.9072915e-02   5.1277923e-01  -2.1876419e-02   7.3003405e-02  -1.5172746e-01  -3.0087382e-01   6.2673521e-02   7.5453448e-01   1.3433604e-01   3.9252922e-01  -1.5789509e-01   7.2342166e-02  -8.3266716e-02   2.3681967e-01   1.8913074e-01   2.0161573e-01   1.4725300e-01  -3.0104143e-02  -8.0362520e-02  -1.4831487e-01  -5.1868790e-02   5.2202882e-01  -4.1821817e-01  -3.2809056e-01   9.4674087e-02   3.3694062e-01  -3.0751469e-01   2.4792841e-01  -7.7718489e-02  -1.5346518e-01  -1.9462652e-01   6.1123828e-01  -1.3446167e-01  -3.2283131e-01  -6.6632543e-02  -1.0519924e-01  -3.1512865e-01   1.6782900e-01   4.8629938e-02   8.5013909e-02   4.2602737e-01  -2.6503593e-01   5.1094749e-02  -3.9529453e-02   1.8214844e-01   2.1592864e-01   4.5798833e-03   1.0794545e-01   5.9949311e-02   1.7942991e-01   3.5495425e-02  -2.9807292e-02   1.8205823e-02  -2.8036905e-01  -1.5219419e-02  -4.2474059e-01  -8.0854851e-03   4.0189618e-02  -1.1426641e-02   4.0192460e-01  -1.5524348e-01  -2.5847774e-01   4.3585698e-01   4.0787383e-02  -1.3471929e-02  -1.2075364e-01   8.7740926e-02   8.0402286e-02   4.4975355e-01  -2.8388823e-01  -7.7588150e-02  -1.5299982e-01  -2.6404316e-01   3.7785867e-02   2.4481596e-01   1.4034667e-01   1.4843609e-01   2.7417664e-02   2.0273742e-01   1.1730623e-01   6.9722100e-02   2.2476825e-01   9.8872722e-02  -3.3871256e-02  -2.6235534e-01   2.8156537e-01  -2.8656426e-01  -4.3930399e-01  -1.0751498e-01   4.2768674e-01  -1.6949650e-01  -1.5569853e-01   3.2107986e-01   2.7479750e-01   3.4066991e-01   1.2627945e-01  -4.0743894e-01   3.5525776e-01  -1.7183936e-02  -6.6153856e-02   7.0988892e-02
  -2.0768596e-01   4.7796867e-01   3.2485677e-02   3.8043095e-01  -2.9418611e-01  -4.2042914e-01  -4.7887340e-01   8.2238694e-03   0.0000000e+00  -2.5027247e-01  -4.1231487e-01   4.1472167e-01  -7.5035803e-02   2.7846355e-01   2.9884269e-01  -3.8912755e-02  -2.2365378e-01  -3.4097497e-01  -1.4124699e-01  -6.8075463e-02  -3.5614112e-01   2.9658801e-01  -4.9308671e-02  -3.7500394e-03  -2.6590759e-03   8.9129727e-03  -3.8708619e-01  -2.2723637e-01   1.6862369e-01   4.1763741e-01  -3.5020472e-01   3.7018544e-01   5.5831964e-02  -1.3796654e-01   2.9893899e-01  -2.7415397e-01  -3.7570580e-01  -3.9129930e-02   3.6718774e-01  -2.8063721e-01  -1.0158186e-02   4.4052342e-01   7.2949291e-01   1.4553785e-02   7.1401970e-02  -4.0165981e-01  -2.2119584e-01  -4.1820963e-01   6.0919877e-02  -1.7080292e-01  -4.1513549e-02   3.8017358e-02  -1.2643456e-01   2.8844711e-01   7.4661300e-02   6.7961302e-02   1.4453487e-02   2.3064115e-01  -1.1001974e-01   5.3519544e-01   7.4616598e-02   4.1070463e-01   8.3509245e-01   3.2135201e-01  -6.6526958e-02  -4.5648141e-01  -4.1344979e-01   2.5759840e-01   9.2221952e-02  -2.8382101e-01   2.0416606e-01   1.1680546e-01   2.1923091e-01   7.7914988e-02   2.4587379e-01   2.0873526e-01  -8.9474371e-02   4.0269362e-03  -2.1016567e-01  -1.6244766e-01  -3.4764741e-01   2.1615813e-01  -3.9781928e-01  -4.8650594e-03  -2.6072503e-01   1.0570584e-01   5.2972585e-01   2.4533430e-01   7.1620043e-01  -3.6417506e-01   9.4480589e-02   1.5211075e-01  -3.0629797e-01   8.2178296e-01  -2.4726130e-01  -2.2233561e-01  -1.0742793e-01   7.8821247e-02  -2.6908919e-01  -3.6852123e-01  -4.3566102e-01   5.1357614e-02  -2.7916750e-01   6.4712818e-01   1.4648638e-02   4.2512019e-01   3.4501973e-01   1.6948678e-01   3.7563832e-01  -4.6031767e-01  -5.1418611e-01   2.8721945e-01   4.7089423e-01  -3.4433750e-01  -4.5993090e-01  -1.3556704e-01   1.4379746e-01   1.7881660e-01  -2.4765008e-01   1.3723534e-01  -1.4044966e-01   2.2329020e-01   6.9763018e-01   5.0081126e-01  -2.7638983e-01   3.7034620e-01  -7.9036119e-02   3.6833322e-01   6.5087854e-01  -3.9537283e-01  -8.7720842e-02  -4.3126604e-01   4.0143721e-01  -2.4560981e-01   7.0469252e-01   1.4492958e-01   3.4222170e-01  -4.7289398e-01   1.0858752e-01   1.9544771e-03  -1.5799469e-01   6.4587548e-02  -9.2748075e-02  -1.7920268e-01  -1.4918849e-01  -3.2822593e-01  -3.7374463e-01  -7.7687532e-03  -5.9957888e-01  -3.7373111e-01  -2.4525649e-01  -7.4922549e-02  -6.8487271e-02  -1.1750621e-01  -6.4763914e-02  -1.0422032e-01  -2.7665214e-01  -1.6728295e-01   2.4002226e-01  -5.1036438e-01   4.5599873e-01   1.9031508e-01  -4.2042449e-01   3.8465613e-02   5.5623334e-01   2.9317094e-02  -4.6755585e-01   2.2474691e-01   3.8382398e-02  -1.8703976e-01   2.8553165e-01  -2.1091974e-01   1.0005680e-01   6.3008118e-02   1.0722941e-01   4.8294249e-01   4.7377072e-01
   5.9236201e-02  -3.9689364e-01  -3.5844230e-02  -8.0064195e-02   2.6539980e-01   3.4226132e-01   4.8983124e-01  -1.1103295e-01  -2.5027247e-01   0.0000000e+00   3.7287046e-01  -3.2038375e-01   3.5384435e-01  -6.8431230e-02  -1.2124349e-01  -3.0265719e-01   5.8780044e-02   3.1202257e-01  -1.1472827e-01   3.9978830e-01   1.8471183e-01   4.6168631e-02   1.7663014e-01   1.5532369e-02  -4.3499534e-01  -1.7228983e-01   2.7007674e-01   1.0902389e-01  -5.1357127e-01  -1.3510649e-01   2.0345241e-01  -2.5936563e-01  -2.1517511e-01   8.7434699e-02   1.3739917e-01   4.5253064e-01   3.1139394e-01   2.1348947e-03  -3.3552392e-01   2.4340260e-01   2.0144665e-01  -2.7919200e-01  -2.7432261e-01  -5.9185193e-02   3.1716039e-01   2.7307287e-01   1.8858728e-01   1.1369337e-01  -7.2222054e-02  -1.3003576e-01   3.2804427e-01   9.8664213e-02  -1.8085744e-01  -8.4118151e-03  -8.7520633e-02  -7.6416021e-02  -6.4104094e-02  -4.8633630e-02  -1.0678968e-01   5.8548032e-03  -1.7106451e-01  -8.7665416e-02  -9.2368489e-02  -3.0923147e-01   1.4974328e-01   5.3806020e-01   3.4948179e-01  -1.9476063e-01  -1.3329614e-01   2.9163249e-01  -2.0633109e-01   4.9931251e-02  -2.3206636e-01  -1.9191988e-01   5.6729503e-02  -1.8818886e-01   6.4002211e-02  -1.6667018e-01   2.4600657e-01  -1.9337179e-01   4.9825212e-01  -4.1080926e-01   2.8435000e-01  -8.0153387e-02   9.5086210e-02  -1.5579289e-01  -2.1750296e-02  -1.2709006e-01  -4.1013863e-01   4.8771880e-02  -2.3015909e-01  -2.0952615e-01   2.7640849e-01  -8.7554542e-02   8.2131484e-02   4.0998971e-01  -4.6299129e-02  -2.3582662e-01   2.3097451e-01   5.6514332e-01   2.9727279e-01  -6.2761779e-02   3.7548067e-01  -1.8079686e-01  -4.5165471e-03  -1.7230246e-01  -1.1236044e-01  -2.6563328e-01   2.6211260e-01   3.3258116e-01   5.1736400e-01   8.3497856e-02  -2.0918380e-01   1.4954744e-01   3.3982614e-01   1.3387577e-01  -2.4573003e-01  -1.0280973e-01  -2.0930759e-02   1.8592963e-01   3.6415216e-02  -9.1121465e-02  -3.1521824e-01  -2.3114533e-01   2.2842031e-01  -6.2120286e-02   4.0134449e-01   1.6565427e-01  -1.9669472e-01   4.3130266e-01  -8.3190139e-02   4.3618558e-01  -2.8398301e-01   1.4611709e-01  -1.4312521e-01  -3.4995537e-01  -7.6079111e-02   4.0991070e-01  -2.2477904e-01  -1.6772678e-02   9.7640134e-02  -7.8964300e-02  -9.7964652e-02   4.0459330e-02   8.1506857e-02   3.3626611e-01   2.8772360e-01   1.2721544e-01   5.7083588e-01   4.4584419e-01   7.7040096e-02   8.4034869e-02   1.8580750e-01   3.0157780e-01   3.7044510e-02  -8.0907612e-02   4.4277947e-02  -1.9581098e-01  -3.0351426e-01   5.4557858e-01  -2.6419593e-01  -2.7684480e-01   5.0520003e-01   3.4713384e-02  -8.0211235e-02  -1.7915231e-01   2.9358787e-01  -2.5431383e-01  -1.2736152e-01  -1.3499610e-01  -2.5391258e-01   8.8376539e-02  -6.7345400e-02  -1.5672166e-01  -4.1217693e-01  -2.9997019e-01  -3.2938375e-02
  -2.5805595e-01  -4.6043014e-01   7.1358299e-02   2.2277551e-01   5.0492021e-01   7.0878829e-01   3.1766536e-01  -3.3520182e-01  -4.1231487e-01   3.7287046e-01   0.0000000e+00  -4.6398414e-01   1.9637322e-01  -4.1427759e-01  -4.4906226e-01  -7.1409741e-02   3.7554031e-01   7.0524893e-01   4.3779896e-02   3.9318281e-01   3.8818200e-01   2.3213972e-01  -1.4036894e-01  -4.7618758e-01  -4.6632796e-02  -1.2382177e-01   4.5656741e-01  -1.3338707e-01  -3.6136527e-01  -2.5565157e-01   1.8535997e-01   3.3849820e-02  -1.2639696e-01  -1.6332377e-01  -2.3818866e-01   7.0682542e-01   3.7931878e-01  -4.1433642e-01  -8.1594086e-02   2.2145165e-01   3.3758825e-01  -2.3881816e-01  -4.2127288e-01   1.9556038e-01   4.5998856e-02   4.8171977e-01   7.9773282e-01   3.3246792e-01   2.2172863e-02   3.3970055e-02   5.9760430e-01   5.0515923e-02  -1.9735813e-01  -3.1776907e-01  -1.0884437e-01   2.6679119e-01   1.5135502e-01   1.4085939e-01   3.3193581e-01  -4.0568832e-01  -2.8220108e-01  -1.3769472e-01  -3.1584065e-01  -4.2796058e-01   1.0066835e-01   6.1279898e-01   6.1112593e-01   5.8848318e-02   3.7939586e-01   4.9143243e-01  -2.4923253e-01   3.8465288e-01  -1.5265193e-02  -6.4106380e-02  -2.6067483e-01  -7.3982522e-02  -1.4475359e-01   1.7869858e-02   2.3945974e-01   1.4808647e-01   4.8807006e-01   9.7366239e-03   5.3081712e-01  -7.9626392e-02  -4.8448771e-02  -4.0973842e-02  -2.4487326e-01  -4.4532094e-01  -4.6405741e-01  -1.6654051e-01  -1.9428123e-01  -2.7405488e-01   7.0383893e-02  -3.1018845e-01  -2.7965381e-01   2.3597811e-01   1.8097358e-01  -1.5145500e-01   5.2956673e-01   4.2180922e-01   1.2288474e-01  -1.7239740e-01   4.5894463e-01  -3.2496310e-01   3.9380461e-01   2.5817596e-02  -1.8790217e-01  -9.5573791e-02  -3.3289731e-01   6.0648660e-01   5.7868875e-01   7.8554956e-02   7.8397297e-02  -9.8661308e-02   3.0636282e-01   6.1107316e-04   9.6028951e-02   2.5831401e-01   1.1980988e-01   3.3084894e-01  -2.1897308e-01  -3.5022647e-01  -3.7295539e-01  -4.6673233e-01  -3.5998244e-02  -4.0505721e-01  -1.2904379e-01  -3.7429474e-02  -8.6755617e-03   6.5197087e-01   3.5857059e-03   6.7483622e-01  -2.0268822e-01   6.7631725e-02  -1.5441132e-01  -1.8286650e-01  -3.3553722e-01   5.5412797e-01  -2.3137000e-02  -3.7427678e-01  -2.4900216e-01   7.6545212e-03   3.7113070e-01   6.4157466e-03  -2.5596782e-01   4.4486259e-01   2.2659762e-01   2.3425791e-01   6.1066137e-01   1.6022580e-01  -1.5454117e-01   2.8240168e-01  -1.9101236e-02   2.3360318e-01   1.1331071e-01  -3.9523595e-01  -2.2301221e-01   1.9534890e-01  -3.3393529e-01   4.4814227e-01  -2.1591062e-01   1.5200072e-01   6.0966647e-01   5.4722756e-01   1.2750142e-01  -3.5307075e-01   4.3804250e-01   6.1826149e-02  -4.3483551e-01  -9.6975358e-02  -5.5166069e-01  -1.9268366e-01   2.0529469e-01  -2.2899604e-01  -1.8855724e-01  -3.0292701e-01   3.3215418e-02
  -1.7750456e-01   8.3243559e-01   3.3390885e-01  -1.9106393e-01  -1.6670132e-01  -1.8237560e-01   2.9740045e-02   2.2044343e-01   4.1472167e-01  -3.2038375e-01  -4.6398414e-01   0.0000000e+00  -3.0243294e-01  -1.1451476e-01   4.8345452e-01   1.2894205e-02  -3.6717673e-02  -6.4580870e-01   1.9027229e-01   4.5714242e-02  -2.9528472e-01  -2.0476221e-01   3.5696011e-02  -2.8916450e-02  -1.2010299e-01   3.2141595e-01  -1.9737872e-01   6.5915337e-02   1.3937587e-01   1.6807966e-01  -2.5485602e-01   1.4703964e-01   3.0161060e-01   5.2970281e-01   2.3680233e-01  -4.7905242e-01  -5.0811668e-01  -3.8780321e-03  -1.0708797e-01  -3.1463103e-02  -2.2915959e-01   9.0907466e-02   5.1302973e-01   1.5393118e-02   4.9774745e-02  -5.4729805e-01  -5.0632589e-01  -4.1306298e-02  -2.0648421e-01   1.9913888e-01  -5.8212465e-01   3.0123050e-01   4.1089790e-01   3.4216756e-01  -1.4780403e-01   1.7154030e-01   2.2714180e-01  -1.9358350e-01  -1.8066501e-01   6.3053828e-01   1.0337683e-01   1.9151917e-01   4.4096882e-01   3.2946774e-01   1.0197621e-01  -5.2199899e-01  -3.0422639e-01   7.5524692e-02  -5.6142964e-02  -7.9940892e-02   6.8090816e-01  -4.8002980e-01  -1.9221203e-02   1.4454417e-01   4.0641726e-01   1.9772599e-01  -1.4772515e-01   1.9628504e-01   1.0718252e-01   1.8967601e-02  -4.1555098e-01   1.1978307e-01  -1.4016543e-01   1.0101902e-01  -1.3413517e-01   3.4440973e-01  -1.0562425e-02  -3.5907102e-02   5.2369130e-01  -7.9336423e-02   5.8011358e-01   2.4272603e-01   2.2482319e-01   2.6524019e-01  -3.1013968e-01  -6.3343813e-02   1.0640217e-01   3.1401410e-01  -5.2448653e-01  -4.5314439e-01  -2.6529664e-01   2.5124533e-01  -5.9662101e-01   5.9213568e-01  -3.0695103e-01   1.5722512e-01   1.3736458e-01   3.4660840e-01   3.3902857e-01  -3.5627439e-01  -2.2107265e-01   2.3978951e-01  -8.0798049e-02  -2.1379892e-01  -3.2427274e-01   2.4789619e-01   3.0791138e-01   2.4335787e-02  -2.8124037e-02  -6.8861615e-02  -9.3437298e-02   7.4203210e-01   4.9058228e-01   4.7585126e-01  -3.3726999e-01   4.4638512e-01   7.0946835e-02   5.5138343e-02   4.4593478e-02  -4.3127277e-01  -4.9904613e-02  -4.7382831e-01   2.2763983e-01   1.6331341e-01   2.1181539e-01   2.7181831e-01   1.4108790e-01  -5.1259228e-01   1.5899134e-01  -5.9234645e-02  -2.2320256e-01  -1.3803028e-01   5.3062673e-04   3.3279844e-01   2.6163067e-01  -2.4586630e-01   1.0034689e-01  -1.2056692e-02  -5.6383734e-01  -2.7225657e-01  -5.8417106e-02  -3.5760887e-01  -8.4543702e-02   2.0161510e-02   4.6622656e-01   3.1379194e-02  -7.1461443e-02  -7.5510534e-02   3.6343323e-01  -5.3178925e-01   2.1914102e-01   6.7627116e-02  -5.4250860e-01  -3.8609757e-01   5.9901393e-02   4.6893296e-01  -3.0802335e-01  -8.2979627e-02   6.0040878e-02   4.0452205e-01   7.2194446e-01  -1.3672745e-01  -1.7991951e-01   4.5437369e-01   2.2426527e-01   2.8374088e-01  -1.1482392e-01
   1.6047983e-01  -2.3004693e-01  -2.8875489e-01   2.5180385e-01  -4.3311155e-02  -1.5030833e-02   1.9918595e-01   3.0942422e-02  -7.5035803e-02   3.5384435e-01   1.9637322e-01  -3.0243294e-01   0.0000000e+00   2.9256399e-02   4.6886904e-02   1.0916449e-01  -2.7104743e-01   1.2198991e-01  -1.8586640e-01   2.0455085e-01   1.9734058e-01   7.2453156e-02   1.8579409e-01   9.8102712e-04  -4.5698193e-01   1.9915300e-01   1.9187403e-01   2.6013390e-01  -3.5241476e-01  -1.9116742e-01   2.1014962e-01  -1.3442376e-01  -1.0853030e-01   3.1562856e-02   1.7831701e-01   1.6388189e-01   2.2269239e-01   5.6779885e-02  -1.0041602e-01   3.0021987e-02   6.5368652e-01  -6.6373406e-03   2.9581952e-02   1.8243192e-01   3.6820961e-01   2.3214752e-01   1.8354095e-01  -1.2089813e-01   7.0209609e-02  -1.9388489e-01   2.6179247e-01   6.5362342e-02  -1.5379403e-01   7.9360152e-02  -1.8824907e-01   1.7360568e-01  -1.2268624e-01   1.3439621e-01   2.4874145e-01  -2.5464243e-01   1.4774632e-02   1.3815038e-01  -2.0925851e-01  -1.9452153e-01   5.9396378e-02   1.7704277e-01   1.8564823e-01   1.5341496e-01   3.1048191e-01  -6.2673513e-02  -2.0314103e-01   2.3816890e-01  -1.0127530e-01   1.4719336e-01   8.5311717e-02  -2.4064266e-01   3.1720587e-01   1.3083959e-01   1.9644091e-01   4.1745156e-01   3.4362744e-01   1.1012865e-02   2.0832995e-01   1.7268938e-01   2.5274317e-01   3.8506031e-02   7.4210859e-03   1.6757145e-01  -3.2770158e-01   1.0059540e-01  -9.2542434e-02  -1.9425804e-01   1.6726891e-01  -3.8054241e-02   1.0443152e-01   1.0785099e-01  -2.0007193e-01  -9.9562169e-02   2.4820867e-01   4.1141234e-01   3.7416956e-01   2.9470360e-01   1.6488818e-02  -2.3353123e-01   1.4490216e-01  -1.5754829e-01  -3.1632792e-01   7.9845673e-02   1.2050136e-01  -1.1189211e-02   3.1434218e-01   1.8022146e-01   2.6539630e-02   2.0230564e-01   3.6966916e-01   6.3364990e-02   9.1456321e-02   3.8913834e-01   2.7234121e-01   2.1647976e-01   2.3669491e-01  -2.2400607e-01   2.9365202e-03  -3.7891131e-01   4.1467226e-01  -9.6360111e-02   2.4044588e-01   1.6643259e-01   4.7246226e-02  -3.6406537e-02   1.1419916e-02   1.1947128e-01   1.6179711e-01   6.1180991e-02   2.4088855e-02  -3.1908551e-01  -2.5792030e-01   3.0259992e-01   8.6974227e-02  -2.2861072e-01   6.1456871e-02   1.9972255e-03   2.0810285e-01  -2.7993152e-01   2.8023688e-01   1.1095014e-01   1.3579001e-01  -2.5044771e-01   1.7202656e-01   1.6926030e-01   3.4503222e-01   1.2161362e-01   2.8078140e-02   2.6417955e-01  -3.0969184e-01  -6.4079609e-02   2.1340197e-01   3.1161007e-01  -9.1415762e-02   4.5943719e-01  -1.3383237e-01   7.1872266e-02  -1.2933450e-02   1.0540908e-01   1.4756277e-02   6.6202978e-02  -1.3584064e-01   4.6898325e-02  -8.3402857e-02   6.5427804e-02  -2.7539875e-01   2.9871926e-01  -7.7176249e-02  -3.5158809e-01  -6.4458733e-02  -3.8115840e-03   1.6027489e-01
   4.6089548e-01  -1.0594918e-02  -3.3760350e-01   1.7024607e-01  -3.0312773e-01  -3.7194352e-01  -4.0981892e-01   5.3653243e-02   2.7846355e-01  -6.8431230e-02  -4.1427759e-01  -1.1451476e-01   2.9256399e-02   0.0000000e+00   1.0403034e-01  -1.5731089e-01  -4.6146460e-01  -2.4464682e-01  -2.4404237e-01  -2.8394486e-01  -3.8259535e-01   2.0659081e-01   4.2280067e-02   4.3595084e-01   1.5311083e-01  -2.3585802e-01  -4.5199197e-01  -2.8291766e-02   1.7627148e-01   3.7771162e-01  -2.5833486e-01  -1.9305113e-02  -3.1141749e-03  -2.8918931e-01   2.6151420e-01  -2.2447663e-01  -3.5942134e-01   1.6663757e-01   1.4158114e-01  -3.7578200e-01  -1.4840752e-01   2.8873906e-01   2.3125647e-01  -7.4644444e-02   1.0612221e-01  -3.5109707e-01  -1.7183149e-01  -4.1017068e-01  -1.0801349e-02  -2.3722420e-01  -8.6004156e-02  -6.8911523e-02  -4.0489586e-01   1.9302596e-01   8.3818152e-02  -1.6995862e-01  -1.2761160e-01   9.3015426e-03  -1.2461211e-01   3.4750238e-01  -2.1471663e-01   9.6264774e-02   2.2554800e-01   3.5719447e-02  -4.1455335e-01  -2.3877397e-01  -3.3384477e-01  -3.0062537e-02  -1.8697753e-01  -4.8055436e-01  -2.5955175e-01   1.6259672e-02   1.3068378e-01   2.3684492e-01   1.8330059e-01  -2.8618829e-02  -2.5862706e-01  -7.4747921e-02  -3.2603493e-01  -2.7207985e-01  -1.1895378e-01  -1.5229888e-01  -3.9848975e-01  -2.5776646e-02   3.8241551e-02  -2.5766210e-01   3.5124489e-01   5.0080660e-01   1.4339678e-01  -4.0695795e-02  -2.1929415e-01  -1.0051893e-01  -1.7233082e-01   2.1338646e-01   2.5651322e-01  -1.4832607e-02  -2.5483690e-01  -1.3276561e-01  -2.9961267e-01  -1.6143350e-01  -1.0821583e-01  -1.5285457e-01   8.0907548e-02   2.4417086e-01  -2.0207986e-01   2.2793673e-01   2.2904836e-01  -1.7501324e-01   1.7455694e-01  -2.6796902e-01  -3.8952668e-01   6.5715405e-02   1.5955639e-01   2.4440099e-01  -1.3665940e-01  -2.1453314e-01  -2.6765327e-01  -1.2534852e-01   5.5206447e-02  -2.8885238e-01  -9.7609777e-02  -1.2250106e-02   1.3258973e-01   1.9333792e-01   1.0961254e-01   4.3762525e-01   5.0287835e-02   1.5533357e-01   1.0051989e-01  -3.8004177e-01  -1.6949614e-01  -2.0637894e-01   4.9590742e-01  -4.5569547e-01   2.8363688e-02  -5.4675057e-02   3.1830570e-01  -3.0795512e-01  -2.1141805e-01   4.5147532e-01   3.8771547e-01   1.1878340e-01  -3.3262459e-01   3.4184250e-02  -6.7051667e-02  -2.3640935e-01  -3.2810253e-01  -8.2097023e-02  -1.9944130e-01  -2.7393542e-01   2.0495372e-02   1.5708619e-01  -4.7844013e-02  -2.5508585e-01  -3.4452661e-01   1.0166212e-01  -1.2219710e-01  -1.4408805e-01  -4.6378083e-02  -1.1491388e-01   4.6091968e-02  -2.4450358e-01  -1.4481540e-01  -1.5505880e-01  -6.8824828e-02  -1.0199699e-01  -1.6099169e-01   3.1729491e-01   1.2835856e-01  -1.6955237e-01   2.6040787e-02  -2.5091881e-02  -7.9205642e-02   5.2455927e-02  -8.7893423e-02   1.9092922e-01   3.3663775e-01
