   0.0000000e+00  -3.5922429e-01  -4.4450849e-02  -1.1227016e-02  -2.5009009e-01   1.3702098e-01   2.5808925e-01  -2.0743744e-01  -3.0152778e-01   7.1072721e-02  -1.9060090e-02   5.8791935e-02  -4.4336948e-02   4.1996980e-01   2.7814097e-01   3.6921642e-02  -1.5878885e-01  -8.5609920e-02   6.2191776e-02  -7.8317191e-02  -6.7676521e-03  -2.5573571e-01   3.1744913e-01   5.7647433e-01  -1.8386514e-01  -1.6197962e-01  -3.8974860e-01   3.0079320e-01   1.7499652e-01  -2.6969500e-01  -3.6466621e-02   1.9748945e-01  -2.3242086e-01   1.4764798e-01  -1.3918706e-01   7.4638956e-03   5.1183326e-02   3.3786872e-01  -3.9751970e-01   1.3573136e-01  -2.9226000e-02  -1.3127318e-01   4.6797543e-02  -2.6361930e-02   1.3215398e-01   2.3586216e-01   1.3421883e-01  -3.4622935e-01  -7.8576469e-02  -4.1711375e-01   2.3475432e-01  -1.2517248e-01  -2.8633559e-01  -3.4659549e-02   1.2069776e-01   6.1595628e-02  -1.2270504e-01  -2.4972630e-01  -1.1347740e-01  -8.2609764e-02   1.3932961e-01   1.3026884e-01  -3.5504677e-01  -4.2205243e-01  -1.9270580e-01   2.2416679e-01  -2.8412996e-01   2.6915806e-01  -3.7030775e-01   3.6687987e-01  -3.4179977e-01   2.2934070e-01  -2.9845478e-01   6.7753449e-01  -2.0010495e-01   5.6314459e-02   1.7155313e-01  -3.5517489e-01  -4.4353973e-01  -3.8486856e-02   3.3568900e-01  -2.4467097e-01  -3.7897858e-01  -5.0979341e-02   3.4298540e-01   9.6196465e-02  -3.9915187e-03   5.4558784e-01  -9.1459736e-02   6.9636475e-01  -4.5975772e-01   8.8045640e-02   1.4165490e-01  -2.1968819e-01   3.8511963e-01  -2.6231837e-01   1.2727972e-01  -4.5932246e-02  -1.2462382e-01   4.5708976e-01   2.4804460e-01   1.2459330e-01  -3.7619315e-02  -1.7068596e-01   1.0065684e-01  -1.2964146e-01   2.7161047e-01  -2.6817820e-01   1.8611936e-01  -2.8721034e-01   3.4303144e-02  -1.0405788e-01   4.0508882e-03   6.3933585e-01   4.9924018e-01  -3.6920678e-01  -1.6588698e-01  -1.9288676e-01   3.9215929e-01   1.3930382e-03   2.2406669e-01  -2.6056601e-01   9.7363306e-02  -1.5460549e-01   3.8232872e-01   6.2320539e-01  -9.3942944e-02  -6.8705926e-02  -1.0303098e-01   2.3430717e-01  -4.3493282e-01  -8.6399392e-03   1.5136946e-01  -8.7046384e-02  -3.0031171e-01  -8.4957944e-02   1.8913261e-02   2.4362630e-01  -7.7830351e-03   5.2443230e-01   4.9525408e-01  -7.7699345e-03  -1.1848952e-01   3.4640577e-01   7.6865490e-02  -6.9746159e-02   3.5970621e-01  -1.3043427e-01   1.1600357e-01   2.1659380e-01   7.3732126e-01  -1.2891260e-01   3.6366513e-01  -2.6381315e-01  -2.3579729e-01   3.8229522e-01   3.0615806e-01  -1.6547150e-01   6.2912168e-03   5.7230898e-02   1.6815509e-02  -9.6751161e-02  -4.8715006e-02   8.3934993e-02   5.5754716e-02   1.1824995e-01   7.9197712e-02   4.5664730e-02   1.3884496e-01  -5.4721285e-01  -2.4299981e-01   2.2548481e-01  -1.7565773e-01   2.8661888e-02  -3.6306335e-01  -3.7280044e-01  -1.1703233e-01
  -3.5922429e-01   0.0000000e+00   6.7165565e-02   2.1183702e-01   4.5170859e-01   1.7481136e-01  -1.8394902e-01   3.1678014e-03  -1.8953217e-01   2.4621188e-02  -4.1577729e-01   3.0005104e-01   7.4672297e-02  -4.1994705e-01  -5.8890491e-01  -2.8635175e-01   2.4765567e-01  -1.0886552e-01   9.0833451e-02   2.0869315e-01   2.1359454e-01  -1.1039944e-02  -5.7372837e-01  -4.2174366e-01   1.1275451e-01   1.8965496e-01   8.4953069e-02  -4.4407297e-01   2.0416699e-01   1.0510049e-01  -4.2457595e-01   1.8651884e-01   2.6651793e-01  -4.6818500e-01  -7.8347965e-02   1.6042300e-01   6.3157082e-02  -1.8941831e-01   1.0600980e-02   2.3967295e-01   1.9622024e-01  -6.0856337e-02   1.3183146e-01  -2.9723640e-01   2.1557184e-01  -3.1485314e-02  -2.5991951e-01   2.8289138e-01   7.4067832e-02   2.8529518e-01  -4.5918079e-02   1.8217522e-02  -2.2697708e-02   2.4090642e-01   9.6875586e-02  -4.8063946e-01   8.3214636e-02  -8.8748007e-02   3.2830468e-02   2.4340190e-01  -6.0913090e-02   2.4644709e-01   4.7058893e-01   9.4452689e-02   4.5750627e-01  -5.0100295e-01   2.0669219e-01   2.4350677e-01  -1.2865841e-01  -3.7830420e-01   6.4939213e-01   1.9013792e-01   3.9668284e-01  -3.2102891e-01   9.1406647e-02  -5.8138891e-02  -1.3680889e-01   1.0130108e-01   5.9556588e-01   1.1149189e-01  -4.7211841e-01  -2.9907033e-02   3.9793914e-01  -3.9887327e-02  -1.4205558e-01   2.1970019e-02   6.4851954e-02  -3.3742446e-01   2.5074681e-01  -3.8424527e-01   6.2579839e-01  -7.1240921e-02  -3.8899053e-01   2.0716668e-01  -2.9533433e-02   4.8078818e-01   2.2122440e-01   6.0797126e-02   1.5721765e-01  -3.0149007e-01  -4.4841834e-01  -4.2849843e-01  -1.7434961e-01   3.8328966e-02  -2.0882915e-01   1.8045341e-01   9.0152104e-02   1.9807278e-01   1.3020030e-02  -1.1969378e-01  -1.8659913e-01  -1.0551701e-02   2.6074061e-01  -4.4911532e-01  -5.5506706e-01   5.4155831e-01  -2.8758395e-02  -2.8358577e-02  -5.1731723e-01   1.1927274e-01  -1.0714265e-01   2.0703301e-01   3.1415799e-01   5.4663197e-01  -1.3345226e-01  -2.2524152e-01  -3.1995529e-01  -8.3405917e-02   1.8198550e-01  -2.9897496e-01  -1.0488843e-01  -1.6216285e-01   2.0193787e-01  -1.3570737e-01   1.2993819e-01  -8.4001469e-02  -4.8359596e-02  -3.3930671e-01  -1.9439846e-01  -2.7221295e-01  -3.4218227e-01  -9.9434075e-02  -3.8620622e-01  -3.1562195e-01  -5.5056164e-01   3.9052407e-02  -4.0260280e-01  -3.0777812e-01  -4.4246009e-01   1.7676962e-01  -5.4985318e-01  -1.9943419e-01  -2.2446943e-01  -5.9172986e-02   2.7689691e-01  -3.2021982e-01  -1.3470807e-01  -1.7056409e-01   1.1609411e-01  -3.1468109e-01   2.3672312e-01  -2.4986659e-01  -3.2446541e-02   1.9348814e-01   2.0144968e-01  -2.2569388e-01  -2.5313478e-01  -2.3676389e-01  -1.6888935e-01   2.9130659e-01  -8.0403379e-02  -4.2219335e-02   1.5945772e-01  -1.0522899e-01  -5.9355207e-02   2.3468056e-01   3.4758837e-02
  -4.4450849e-02   6.7165565e-02   0.0000000e+00  -5.7417911e-02  -9.9173189e-03   1.6380101e-03  -1.7619279e-01  -2.1124572e-01   3.5031595e-01  -1.4818189e-01  -3.5580851e-01   5.8850977e-01  -1.0975420e-01   2.0725983e-02  -3.9797063e-02   1.5008689e-01   8.1630247e-01  -1.0691500e-01  -2.7246349e-02   6.3675720e-02  -2.4854680e-01   2.2245555e-01  -1.4518125e-01   4.7567307e-02  -9.6525950e-02  -3.5765183e-01  -1.0787845e-01  -1.4135713e-01  -8.2078175e-02   1.1907041e-01   1.5947123e-01  -5.9131966e-02   1.9528300e-01  -4.2437686e-02   1.5801737e-01  -3.0351361e-01  -1.3393212e-01   2.1084794e-01   9.8159286e-02   4.8484990e-01   6.0834615e-03   9.3071051e-02   2.0742687e-01   4.8543431e-02  -4.2934558e-01   4.7853257e-01  -2.4074489e-01  -4.9745805e-02  -6.5162445e-03   4.6090833e-01  -2.3085069e-01  -2.8178601e-01  -1.2117160e-01   2.0914794e-01  -3.7614644e-02  -1.2684142e-01  -2.6624939e-01   9.2848406e-02   3.5036455e-03   2.9920086e-01   4.6681350e-01  -1.4993404e-01   5.0159557e-01  -3.1151405e-01  -3.8460090e-01  -1.7319229e-01   3.0611954e-01   2.0689708e-04  -5.2599837e-02   4.1682707e-01   1.8008831e-01  -1.3730220e-02  -1.9811824e-02   1.1981613e-01  -2.0931432e-01  -2.1469152e-01   3.7545494e-01  -1.1664860e-01   5.7959890e-03  -7.2602671e-02  -2.1333771e-01  -1.0724398e-01   7.8523732e-02  -1.7136012e-01   2.1021259e-01  -2.3658163e-01   2.7498157e-01  -3.6778876e-02   2.6433803e-01   1.1794226e-01  -5.8244139e-02   6.9701181e-01  -2.0742812e-01   2.2688179e-01   3.6666663e-01  -6.4213829e-03  -6.0120133e-03  -2.3879743e-01  -2.5616323e-01  -4.0121322e-01   7.6265133e-02  -4.7019340e-01  -2.2877609e-01   3.7653183e-01  -2.9454078e-02  -5.2363842e-02   1.5219745e-01  -8.0286197e-02  -4.4131846e-01  -1.0677950e-01   3.4210680e-02   1.7229351e-01   2.0739371e-02   9.4670032e-02  -1.4221560e-01  -1.4091115e-01   4.7807466e-02  -1.4709729e-01   1.0896445e-01  -4.4443057e-02   2.9542155e-01  -4.2682453e-01   1.9567378e-01  -2.6065114e-01   2.6930776e-01   1.1860567e-01  -2.0389238e-01  -1.7605218e-01   1.9840231e-01   3.2204215e-01   6.3591881e-03  -3.7047338e-01   3.6653402e-01   1.8108712e-02   4.4415484e-01  -4.6117701e-01  -1.0657177e-01  -7.9668530e-02  -2.3652973e-01  -1.1542898e-01  -2.1366616e-01  -3.7746632e-03  -1.8443972e-01  -1.4736867e-02  -4.2200660e-02  -1.9092531e-01   3.1447421e-01  -2.6765926e-01  -2.5325976e-01  -2.3139808e-01   1.8536991e-01  -1.7803371e-01   3.3895179e-01  -2.3828849e-01   6.7622052e-01  -8.8364333e-02   1.6151257e-01  -6.9985708e-02   5.7066816e-01  -1.5640604e-01  -2.6907872e-02  -3.1001283e-01  -3.4646023e-01  -1.7058596e-01   1.0199210e-01  -1.3526934e-01  -3.6699443e-02  -4.4930679e-02  -4.7455838e-02   9.2266350e-02  -5.2466516e-01   3.1404196e-01  -2.1537845e-01   3.8793331e-01  -1.9639678e-03   3.5269003e-01   2.2981404e-01
  -1.1227016e-02   2.1183702e-01  -5.7417911e-02   0.0000000e+00   3.0904674e-01   6.2564932e-01  -2.6016583e-01   2.5701762e-01  -5.6376079e-02  -1.5579652e-01  -2.1569181e-01   5.5189666e-02   8.5250392e-02  -1.3844235e-01  -3.2335784e-01  -2.1476234e-01  -9.8787047e-03   3.9611820e-02   3.3286803e-01   2.6403018e-01   6.3592466e-02   3.6554949e-01  -3.0637672e-01  -2.0250662e-01   2.4857889e-01   1.6176337e-01  -3.1433161e-02  -3.1588043e-01   6.4616532e-01   3.2467947e-01  -2.0138142e-01   7.8654235e-01   3.0990597e-01  -2.9646220e-01   1.8715393e-01   3.6001090e-01  -1.9612718e-01  -3.6709608e-01  -2.2188480e-01  -1.2061285e-01   1.2534974e-01  -2.4254408e-01   1.0672810e-01  -1.4784992e-01   3.2117082e-01   6.1130286e-02   3.1584312e-01  -1.9785529e-01  -7.4536075e-02  -3.2385181e-01   3.0312487e-01   5.1519400e-02  -2.5624218e-01   1.9986532e-01   9.9780620e-02  -2.8581824e-01   1.2851553e-01   2.3319725e-01   2.2566499e-01   5.0951934e-01   1.3571094e-01   1.5697160e-01   1.3399878e-01  -3.1261547e-01   7.2283375e-02  -2.8312187e-01   3.3491645e-01   4.6923979e-01   1.8157447e-01  -4.8092048e-01  -9.9100896e-02   6.5621375e-01   4.5130686e-01   2.1567684e-01   1.4286061e-01   2.7746023e-01  -1.8142367e-02   9.1461331e-02   3.4243391e-01   3.5191147e-01  -2.7330499e-01  -1.2739566e-01  -1.8091466e-01   3.8220846e-01  -1.9050553e-01   2.8872388e-01   1.0337999e-02  -2.3761798e-02   1.3497025e-01  -2.4771086e-01   2.6909495e-01   3.8654700e-04  -3.3713574e-01   3.4618404e-01   8.5448482e-04   1.7824707e-01   5.4900927e-01   2.4641678e-01  -1.2832271e-01  -1.1818177e-01  -4.2249089e-01  -1.0503674e-01  -6.4073630e-04   2.0838354e-01   2.3673092e-01   5.8508860e-01   3.2794154e-01   4.1288336e-01  -6.3401588e-02  -7.0523568e-02  -2.5557848e-01   3.6109353e-01   6.0148713e-01  -2.2730864e-01  -4.4308439e-01   5.7233301e-02  -3.7620029e-02   4.8118568e-02  -9.0332793e-02   8.0978947e-01  -4.8232287e-02   2.8365930e-02   5.0087148e-01   2.2186612e-01  -5.2385406e-02   1.2381860e-01  -3.1669700e-01   4.6122507e-01   6.6935432e-01  -4.0628541e-01  -3.0850918e-01  -2.6508810e-01   1.6518647e-01  -3.6656347e-01   4.3986064e-02   1.3733839e-01   3.0967383e-01   4.5611716e-02   2.1296322e-01  -2.4767408e-01  -8.2129741e-03   3.2442449e-02  -1.8441633e-01  -1.2862151e-01  -1.2307766e-01   3.3806707e-01  -4.0986138e-01  -2.7626274e-01  -3.0456960e-01  -8.7690105e-02  -2.3524633e-01   8.4540247e-02   1.6687908e-01  -1.7790122e-01  -8.6754012e-02  -1.9633562e-01  -7.4112272e-02   1.1864109e-01   2.8864705e-01  -5.3489778e-02   2.1559598e-01  -2.0437918e-01  -2.7820131e-01   3.2541359e-01   6.1629979e-01  -1.5120186e-01  -2.4715022e-01   3.1917006e-01   4.3887755e-02  -1.6127608e-02  -2.2753469e-01  -1.2806239e-02   1.3325814e-01   3.1976078e-01  -3.7402307e-01   5.1969644e-02   5.8794585e-01
  -2.5009009e-01   4.5170859e-01  -9.9173189e-03   3.0904674e-01   0.0000000e+00   1.2609036e-01   1.3249285e-01   5.1833541e-02   1.0169488e-01  -9.8482188e-02   2.3580392e-02   4.5516728e-02   1.3399999e-01  -2.2123435e-01  -1.9712773e-01  -9.7504107e-03   6.7185402e-02   3.2939270e-01   8.8430833e-02   7.3575860e-01   2.9601383e-03  -1.6903345e-01  -1.9876658e-01  -2.5995003e-01   3.0884580e-01   7.9673254e-02   8.9891248e-02  -1.7685810e-01   4.1410803e-01   2.3821902e-02  -1.4243202e-01   2.0156564e-01   2.3894627e-01  -2.4046997e-01  -1.3024782e-01   7.7083272e-01   8.6390896e-02  -2.7633027e-01   3.1101387e-03   2.3469311e-01   1.9937023e-01   6.3801297e-03   2.3349397e-01  -1.9015325e-01   4.6719844e-01  -1.8916065e-02   3.7522903e-01   1.3412522e-01  -8.9420045e-03   2.3531768e-02   2.7999065e-01   5.6836893e-02  -2.4861558e-01   5.5272836e-02   1.9280233e-01  -2.2571876e-01  -5.7774141e-03  -1.7431579e-01  -5.2734453e-02   3.7143582e-01  -4.5395625e-02   4.8145919e-01   3.1232754e-01   4.8734560e-02   4.2603041e-01  -2.5216598e-01  -9.3780240e-02   4.9345109e-01  -2.1606545e-01  -3.6137185e-01   2.3504810e-01   4.1382271e-01   3.6893303e-01  -1.9487605e-01   2.0435700e-01  -8.7748643e-03  -2.4074000e-01  -1.5204506e-01   7.2296819e-01   2.1092801e-01  -1.0576751e-01   1.0680218e-01  -3.4804429e-02   9.0205736e-02  -3.6266444e-01   1.5472574e-02   3.0237800e-01  -1.6891356e-01   4.4296568e-01  -3.8014433e-01   7.2583383e-01  -1.1522974e-01  -4.4644095e-01   4.0130378e-01  -1.1395757e-01   7.1537659e-01   5.6974820e-01  -2.0171618e-01   4.3053466e-01  -6.2572525e-02  -3.9281293e-01  -7.1139548e-02   9.4593736e-02   1.8141503e-01  -4.2520337e-01   6.8371063e-02   2.6244787e-01  -1.8783527e-01   5.8694500e-02  -3.3748253e-01  -1.9104247e-01  -1.1726328e-02   4.4092823e-01  -3.4583779e-01  -3.3906696e-01   4.7508335e-01   2.1487848e-02   1.6844947e-01  -2.6384104e-01   1.2206153e-01  -3.6371110e-01   5.7932430e-01   4.3362289e-01   4.6908092e-01  -2.6913971e-01  -2.5042815e-01  -1.1127084e-01   1.1939164e-01   3.0057552e-02  -2.8198066e-01  -6.8697096e-02   6.9457360e-02  -3.5289724e-02  -2.6155380e-01   1.4971185e-01  -4.7503807e-02   1.5165438e-01  -1.3349054e-01  -7.0435556e-02  -2.4871933e-01  -3.0479831e-02   1.5733911e-01  -2.4940343e-01  -2.8774884e-01  -1.0435582e-01   4.8810541e-01  -3.6644286e-01  -1.7806039e-01  -4.9273669e-01   1.9570261e-01  -3.9275059e-01   4.2428126e-02  -9.2224516e-02   1.2138752e-01   1.1595904e-01  -3.4147654e-01  -1.5805962e-01  -1.3180196e-01   1.2488304e-01  -1.2554760e-01   3.9411595e-01   1.1095886e-01  -1.1883872e-01   2.3318745e-01   2.3622808e-01  -1.3825572e-01   2.0783815e-02   1.2094505e-01  -1.6201076e-01  -1.3159257e-01   9.1969529e-02  -2.8551018e-01   5.9049692e-01  -1.5454209e-01  -1.7258983e-01   1.8909978e-01  -5.6350437e-02
   1.3702098e-01   1.7481136e-01   1.6380101e-03   6.2564932e-01   1.2609036e-01   0.0000000e+00  -1.6503992e-01   3.1493937e-01  -3.5805549e-01  -1.5014877e-01  -2.5234275e-01   1.1563168e-01  -1.0946872e-02  -8.7655102e-03  -1.6630110e-01  -2.9580084e-01   4.4456148e-02  -1.1008540e-01   3.0206011e-01   1.7231433e-01   9.6833115e-02   2.6173877e-01  -1.6715694e-01  -1.6434538e-01   2.2786875e-01   3.0702685e-01   6.0695735e-02   8.4775288e-02   5.3119780e-01   3.4993718e-01   1.5999142e-02   6.2302796e-01   1.5943052e-01  -5.3261138e-02   2.9599273e-01   2.0601795e-01  -3.3733983e-01  -1.3370664e-01  -3.6936194e-01   8.6985608e-02  -1.6445754e-04  -2.1674801e-01  -2.5352146e-02   5.5676006e-03   1.7005962e-01   2.5444414e-01   1.9978559e-01  -5.1591078e-02  -2.5323934e-01  -2.9419660e-01   1.4029338e-01   3.2501412e-01  -2.2861876e-01  -1.4606610e-01   2.2639705e-02  -1.0535699e-01   3.6570764e-01   7.6893273e-02   4.8603079e-02   4.3636748e-01   1.8430559e-01   2.7728466e-02  -6.2751798e-02  -2.8967588e-01  -1.1524672e-01  -1.4265664e-01   3.2554540e-01   2.0216311e-01   2.5096295e-01  -1.3896453e-01  -9.5614497e-02   4.1850467e-01   4.3072970e-01   3.4192162e-01  -7.2542124e-02   2.6616340e-01   8.2065120e-02   4.6145038e-02   2.0415127e-01   1.3925792e-02  -1.8146763e-02  -2.2310500e-01  -1.5430289e-01   3.4418685e-01   3.5655525e-02   2.5194313e-01  -3.0047374e-01   1.6252837e-01  -1.2741777e-01  -1.3806933e-02   5.0510393e-02   7.7644285e-03  -1.4841522e-01  -1.1775652e-02   2.7265790e-01  -1.9858310e-01   2.7270700e-01   4.3200958e-01  -4.1532264e-01  -1.1371115e-01  -2.2502287e-01  -1.0660209e-01   3.3885013e-01   1.5654521e-01   1.4511002e-01   4.3799929e-01   2.1435141e-01   4.2434320e-01  -2.6762898e-01  -6.6830350e-03  -2.5565031e-01   3.7350758e-01   2.6203531e-01  -1.6867632e-01  -1.2196799e-01  -1.6812753e-01  -1.2172286e-02  -1.1596110e-01   1.8255437e-01   5.2496377e-01  -1.5286236e-02  -1.3496314e-01   2.8196858e-01   2.4228407e-01   1.9511709e-02   1.5109124e-01  -4.7987405e-01   1.6380651e-02   2.5579522e-01  -6.9131777e-02  -2.8975744e-01  -3.4647967e-01   2.2912073e-01  -2.4774765e-01  -2.0363923e-01   1.7821848e-01   2.1019978e-02   2.3066697e-01   1.3470272e-01  -1.5710584e-02  -2.1596286e-02   2.3900096e-02  -1.9238865e-01   3.0417104e-01  -3.1551314e-02   4.2408395e-01  -2.1120826e-01  -3.4545962e-01  -1.5159512e-01  -7.7397059e-02   5.9263798e-02   3.2737976e-01   1.3607690e-01  -4.2680690e-01  -7.6053047e-02  -5.0198197e-02   9.7952284e-03  -3.9290082e-03   2.4776156e-01   3.2214420e-01  -1.7762135e-01  -2.5682286e-01  -3.9787876e-01   3.2365305e-01   5.5258242e-01  -1.5093117e-01  -2.3963071e-01   2.4290853e-01   5.3356410e-02   4.5444397e-02  -3.2638377e-01   5.9227494e-02  -1.3295677e-01   6.1893197e-01  -3.5773263e-01  -3.0232086e-02   3.0259715e-01
   2.5808925e-01  -1.8394902e-01  -1.7619279e-01  -2.6016583e-01   1.3249285e-01  -1.6503992e-01   0.0000000e+00   3.6253091e-03  -5.7139253e-02   5.3936633e-01   4.2459074e-01   5.4990582e-02  -1.5257220e-01   1.5193565e-01   5.2464657e-01  -7.9756324e-02  -4.4283492e-01   1.4325452e-01   6.8483948e-02   2.6674716e-01   2.2581198e-01  -2.2428951e-01   6.6925310e-01   3.0173759e-01   1.9729976e-02   2.7154129e-01  -7.8617317e-02   2.7035836e-01   6.3029632e-02  -3.7145220e-01   1.2129273e-01  -1.3449534e-01  -2.9238233e-01   5.6514306e-01  -3.3048409e-01   2.6920709e-01   9.7672574e-02   2.7494677e-01  -2.4406173e-01   1.3795329e-01  -1.2585744e-01  -3.8211525e-02   2.7755790e-01   2.6254438e-02   1.4568830e-01  -1.3891397e-01   8.7250160e-02   4.4284320e-01  -1.6807573e-01  -4.2899678e-01   1.3886763e-01   1.9356798e-01   1.4216714e-01  -1.1375843e-01  -3.2430782e-02   3.3161461e-01   3.5694238e-02  -3.4408163e-02  -3.4290659e-01  -1.2559891e-01  -2.1524919e-01   4.9304161e-01  -4.6516876e-01   2.5117896e-01   1.1525733e-01   5.3998466e-01  -5.1372902e-01  -1.4791632e-01  -4.4889728e-01   2.0813304e-01   5.4000208e-02  -1.3788175e-01   3.5815523e-02   5.3761695e-02  -1.0399482e-01   2.0605715e-01   1.6265257e-02  -2.2236748e-01  -1.6308418e-01  -1.4643611e-01   5.6088398e-01   1.4052139e-01   1.2880530e-01   1.0650528e-02  -9.7380104e-02   2.7353178e-01  -1.7316322e-02   3.3956557e-01  -1.8152294e-01   1.2720570e-01  -2.3418964e-01  -3.1443786e-01   3.1994085e-01  -3.8057677e-02  -5.9456759e-02  -6.3022203e-02   8.5050573e-02  -4.7030528e-02   3.2303573e-01   6.8935238e-01   3.3884078e-01   4.1051234e-01   3.4187998e-01  -2.3812770e-03  -2.1110688e-01  -3.5048204e-01  -1.5554002e-01  -4.6470678e-01   4.6694614e-01  -2.7067848e-01   5.8604850e-01  -1.7358072e-01  -2.1482790e-01   1.1931155e-01   4.6269108e-01   1.3563977e-01  -2.0549701e-02   1.5996213e-01   2.9782674e-03  -2.5709509e-01  -1.5760694e-01   4.0051401e-01  -2.9651119e-01   1.4435287e-01  -2.6614841e-02   1.3046592e-01   5.4049356e-01  -1.7374844e-01  -5.0947122e-01   2.7032214e-01  -4.8360483e-02   6.9308097e-01  -3.5047627e-01   4.2374797e-01  -1.5640427e-01  -1.9645444e-02  -7.6465017e-02   2.1555357e-01   2.2001432e-01  -1.2767647e-01   2.9099733e-01  -1.6259524e-01  -1.0951223e-01  -8.3436532e-02   3.4344705e-01   9.1848084e-02   4.1440590e-01   9.2796330e-02   3.0299445e-01   3.7846566e-01   2.5647968e-01   2.3382945e-01  -1.0697988e-01   3.5046592e-01  -4.1147963e-01   2.3660475e-01   1.2812316e-02  -5.1295553e-02  -4.5834204e-01   2.3496842e-01   4.9784219e-02   4.2327271e-04   2.3018285e-01  -2.7121938e-01  -8.4530389e-02   6.3746559e-01   6.3843312e-01   9.8326092e-03  -4.8383614e-02  -3.2055708e-01   4.0709122e-01  -2.3251927e-01   1.0799365e-01  -3.7820113e-01  -2.7487655e-02  -4.5529521e-01  -2.8480055e-01
  -2.0743744e-01   3.1678014e-03  -2.1124572e-01   2.5701762e-01   5.1833541e-02   3.1493937e-01   3.6253091e-03   0.0000000e+00  -3.6049005e-03   2.7471713e-01   1.0790081e-01  -2.2305157e-01  -8.7166449e-03  -1.0791617e-01   1.6577626e-02  -1.2168319e-01  -2.5070026e-01  -9.2248878e-03   2.2870986e-01   1.3591360e-01   2.2938899e-01   3.9818997e-01   8.6975583e-02  -2.6078936e-01   3.1137083e-01   6.7574469e-01   4.5691379e-01   1.5361070e-01   1.5423689e-01   1.7801663e-01   9.3673139e-02   1.4898197e-01  -2.2963705e-01   2.0433401e-01  -2.6091240e-01   1.6419694e-01  -1.1078119e-01  -2.5223812e-01  -1.9850267e-01  -2.2376510e-01  -4.8886991e-02   3.5823690e-02  -9.0184475e-02   2.3560738e-01  -1.6976321e-01  -1.9455609e-01   9.6855791e-03   9.8347823e-02  -1.1851791e-01  -3.1181660e-02  -2.4997145e-01   6.8728104e-01   2.5426468e-01  -2.9321744e-01  -2.5933204e-01   3.3663423e-01   4.5208783e-01   3.5305187e-01  -2.5566158e-02  -1.3213455e-01  -7.1457319e-02   3.9217451e-02  -1.6209069e-01   3.4279460e-01   2.1973036e-02   1.7975865e-01   3.5049766e-01  -2.1477735e-01   2.6821057e-01  -3.9762006e-01  -3.6024346e-02  -2.0181278e-01   3.6953793e-01  -1.1511862e-01  -1.0464685e-02   5.4637033e-01  -6.2414971e-02   2.8345464e-01   2.2259145e-01   1.3011812e-01   2.6503948e-01  -8.8479525e-03   4.0499618e-01   7.4960517e-01  -2.7017199e-01   5.2762576e-01  -2.4593777e-01  -1.3480009e-01  -2.9248575e-01  -2.7151188e-01   1.1220692e-01  -1.4730698e-01   2.4436263e-01  -1.7410781e-01  -1.2093093e-01  -1.8882421e-01  -6.3479136e-04   5.8519429e-01  -3.9394409e-02   1.0153625e-01  -5.1757049e-03   3.0324974e-01   6.2617376e-01   1.5065368e-02  -9.4398877e-03   2.0232071e-02  -3.3798248e-01   4.6058880e-01  -1.6525030e-01   1.9689624e-01   2.8076045e-01   2.4194457e-01  -5.7114227e-02  -3.5556512e-01  -9.5596302e-03   3.3136850e-01   3.0281624e-01   2.8653573e-02   9.9632134e-02   2.4155403e-01  -2.2774498e-01   2.1967670e-01  -2.7007586e-01   2.2231538e-01  -1.8813593e-01   5.1605940e-02   8.3851562e-02   1.4268108e-01  -8.5178090e-02  -1.7341177e-01   1.2829833e-01   2.4300462e-01  -2.3492466e-01   2.4611133e-01  -1.4248474e-01   4.9938977e-01  -1.1619970e-01   3.8586759e-01   6.0443716e-01  -3.7386021e-01   2.3732615e-02  -1.3072516e-01  -2.0321694e-02  -1.0601048e-01   1.6136005e-01   2.2131876e-01  -1.6093745e-01   1.4429034e-01   2.7256333e-01  -5.9840204e-02  -2.4029846e-01   5.8982753e-01  -1.7670329e-01   2.8524737e-01  -2.0406295e-01  -9.5426414e-02  -2.9003224e-01   1.8222928e-01  -7.8362717e-02   4.2872581e-01  -1.6677745e-01  -4.1209395e-02   9.6747280e-02  -2.0168789e-01   2.3981637e-01   3.5399423e-01   3.1697687e-01   2.6441437e-01  -6.7271100e-02   4.2352755e-01   2.6702633e-01  -4.7976115e-01  -1.4333587e-01   1.2865572e-01   5.7544350e-02  -9.9387641e-02   1.7906883e-01
  -3.0152778e-01  -1.8953217e-01   3.5031595e-01  -5.6376079e-02   1.0169488e-01  -3.5805549e-01  -5.7139253e-02  -3.6049005e-03   0.0000000e+00  -4.9070023e-02   1.4396971e-01   9.5773474e-02   2.7033999e-01   5.9224501e-02   2.3053004e-01   2.8683548e-01   2.2234251e-01   3.2598842e-01  -3.6550492e-02   5.5774084e-02  -1.2819051e-01   2.0208510e-01   1.1688984e-01  -1.0765743e-02   1.1291836e-01  -2.1004220e-01   9.2746155e-02  -2.9370311e-02  -1.5786377e-01   3.0464103e-02   2.2314149e-01  -1.3999349e-01  -7.0923546e-03   1.3579942e-01  -1.1294576e-02   2.9065607e-02   3.8263874e-02   6.5272688e-04   2.5430086e-01  -1.6603547e-01   1.5325325e-01   3.8591313e-01   2.9106164e-01   5.1237950e-02  -2.3817587e-01   6.0967410e-02   4.3805679e-03   5.6371785e-02  -4.3887960e-02   1.8995940e-01  -6.6282083e-02  -5.2184159e-02   1.8618923e-01   1.6132539e-01  -1.7531167e-01   2.4720178e-01  -3.5474414e-01   3.9718889e-01   3.4161161e-01   2.1298848e-01   2.7513895e-01  -4.5032083e-03   5.5328290e-01   1.4355183e-01  -2.1087211e-02   5.6484393e-02   1.8015062e-01  -3.0570974e-02   1.0097238e-01   7.8545220e-03  -6.7758096e-02  -1.1461618e-01  -1.5895143e-02  -2.2313575e-01  -3.7634878e-03  -5.7806550e-02   1.2122982e-01   1.6675886e-01   8.6900637e-03   3.4314455e-01   1.7138234e-02   3.3223721e-01   6.1526950e-02   4.2396456e-02  -2.0709844e-01  -1.6449386e-01   4.8156125e-01  -9.7590006e-02   4.1385847e-01  -2.2508975e-01   7.2458756e-03   3.5755176e-01  -6.9250102e-02   5.5089743e-01  -8.9735284e-02   8.7014433e-02  -1.7409102e-02  -3.2425685e-01   3.2754651e-01  -1.9464115e-01  -9.1756938e-03   8.6451358e-02  -2.4901224e-02   5.4575414e-01   2.0608454e-01  -1.3247145e-01  -7.6837736e-02  -9.7335363e-02  -1.8141460e-01   8.4569874e-02   2.0621828e-01   1.9887454e-01   1.8564822e-01  -1.3925350e-01  -4.3924018e-02   3.6544561e-02   3.1989903e-01   3.0329808e-01  -4.4272564e-03   2.8916300e-02   7.8367378e-02   4.2527451e-02  -3.6301547e-03  -2.4983002e-01  -2.6664163e-02  -1.3150867e-01   4.2946807e-01   2.6131294e-01   2.7023148e-01  -1.2775023e-01   2.0538683e-01   1.5940565e-01   5.3931190e-02   1.0082965e-02   7.0638202e-01  -1.3622873e-02   1.5892447e-01  -9.1581219e-03   5.0796088e-02  -3.3908939e-01  -1.5947476e-01  -1.5660787e-01   2.5918111e-01  -2.4842086e-01   3.7223162e-01  -3.8240438e-02   6.1481176e-02   1.4782232e-01  -6.6480886e-02  -2.6312429e-01  -7.8401149e-02  -1.8472682e-02   8.6380997e-02   3.1430045e-01   2.4639905e-01  -1.6380217e-01   2.7520688e-02   3.3445603e-01   1.6943028e-01   3.8301969e-02   1.7367243e-01   1.2535482e-01  -6.9513308e-02  -2.3179421e-01   4.5376671e-02   1.1510285e-01   2.4672736e-01   3.2495718e-01  -1.1515854e-01   6.7809063e-02   9.1767594e-02  -4.8670270e-03   2.5028696e-01  -9.3953323e-02   3.5913815e-01   3.9909330e-01   3.1479390e-01
   7.1072721e-02   2.4621188e-02  -1.4818189e-01  -1.5579652e-01  -9.8482188e-02  -1.5014877e-01   5.3936633e-01   2.7471713e-01  -4.9070023e-02   0.0000000e+00   2.0190942e-01   1.0399152e-01   1.2957530e-01  -8.1579408e-02   2.8157418e-01  -2.2457178e-01  -3.3353998e-01  -2.1095424e-02   9.0837094e-02   1.0951511e-01   2.3402994e-01   1.2142450e-01   4.6088147e-01   2.1104486e-02   8.2548771e-02   3.1411071e-01   1.9499187e-01   2.9416455e-02  -6.8940705e-02  -1.4122668e-01  -1.0542104e-01  -1.2674309e-01  -3.9716705e-01   5.3410546e-01  -4.2294517e-01   5.8574534e-02   1.8442843e-01   6.6539092e-02  -1.7269192e-01  -2.6795666e-02   2.6144098e-02  -8.1026496e-02   2.8055087e-01  -1.4880881e-02  -1.7884261e-01  -3.2926855e-01  -1.4635079e-01   2.8987553e-01  -9.2054813e-02  -2.1216938e-01  -9.1608753e-02   3.1739331e-01   2.4772438e-01  -1.7984335e-01  -1.2404672e-01   2.5795221e-01   6.4844023e-02   2.4309210e-01  -9.3737873e-02  -2.0611620e-01  -2.9646282e-01   3.8563905e-01  -2.6631251e-01   2.6914057e-01   1.9295434e-02   5.7161776e-01  -1.1937303e-01  -1.9852163e-01  -2.8125232e-01   1.5508658e-01   1.8784618e-01  -2.7367078e-01   1.4344491e-01  -6.0461101e-02  -1.1089976e-01   1.5147062e-01  -1.0248346e-01  -8.9965078e-02  -8.5217119e-02   1.7266552e-02   3.8879783e-01   1.4871225e-01   3.3575975e-01   1.4514611e-01  -1.7162392e-01   2.9563060e-01  -1.2073481e-01   4.5455634e-02  -2.4459909e-01  -8.9168613e-02  -1.9776405e-01  -3.0660080e-01   3.9798656e-01  -1.0134436e-01  -2.7746390e-01  -1.3406940e-01  -7.9666519e-02   2.5692893e-01   2.4279806e-01   5.8910030e-01   2.4196005e-01   1.9150284e-01   1.2359850e-01  -1.0545294e-01  -7.5984180e-02  -1.8427315e-01  -3.2589539e-01  -7.0654655e-02   3.6229991e-01  -3.2043187e-02   6.2414814e-01  -1.1168073e-01  -2.9776322e-01  -1.9777880e-01   2.2967927e-01   2.2648642e-01  -1.8149229e-03   2.7238344e-01  -1.8946007e-01  -1.1969701e-01  -2.7631240e-01   3.1974128e-01  -3.6345487e-01   1.5496220e-01  -1.2049499e-01   1.4482316e-01   4.1284457e-01  -1.0093501e-01  -3.2051061e-01   1.7578161e-01   2.7439802e-02   5.6207521e-01  -2.9506272e-01   3.8682765e-01  -1.0173908e-01   1.0425265e-01  -1.9785315e-01   1.4706948e-01   2.2022884e-01  -3.0012118e-01   9.6984125e-02  -2.2616004e-01  -1.8536248e-01  -1.7069501e-01   2.0869142e-01  -1.5367965e-01   3.4592184e-01   1.1694340e-01   4.3170789e-01   2.5135264e-01   2.0450870e-02   1.8449187e-01  -2.3179129e-01   2.8916649e-01  -1.8321967e-01   5.5123836e-02  -2.0839742e-01   2.4180407e-01  -3.8648178e-01   2.0679105e-01   6.4903949e-03  -3.4749724e-02   4.4755325e-01  -3.7664187e-01  -3.0837013e-02   6.9513465e-01   5.7602195e-01  -1.4885098e-01  -7.0820236e-02   1.0022301e-01   4.3614870e-01  -2.4372076e-01  -8.6964881e-02  -2.7632778e-01  -1.6418820e-02  -2.7977518e-01   1.2950274e-02
  -1.9060090e-02  -4.1577729e-01  -3.5580851e-01  -2.1569181e-01   2.3580392e-02  -2.5234275e-01   4.2459074e-01   1.0790081e-01   1.4396971e-01   2.0190942e-01   0.0000000e+00  -2.9520550e-01  -8.4563060e-02   2.0194262e-01   4.5867430e-01   1.9764447e-01  -4.9712978e-01   5.3758759e-01   3.7655746e-03  -6.4819203e-03   1.7984090e-01  -3.3619886e-01   3.2549620e-01   1.2403730e-01  -6.0452647e-02   1.7850110e-02  -5.4666205e-02   1.8119794e-01  -2.4837876e-01  -9.6218912e-03   4.2581439e-01  -1.8381153e-01  -1.7154213e-01   4.2706971e-01  -2.1092303e-01   2.7080264e-01   4.9826343e-02  -1.7155334e-02  -1.8925206e-02  -3.2326924e-01  -1.2170388e-01   6.1317332e-03   4.9549194e-02   4.6773606e-01   1.6934587e-01  -2.7133715e-01   4.8584926e-01   1.4402204e-01  -1.0324349e-01  -3.9545811e-01   4.1794082e-01   1.0292394e-02   4.5596741e-01  -2.3826700e-01  -1.7904862e-01   6.3321352e-01  -4.7856073e-02  -1.7491136e-01   5.7333578e-02  -1.9180735e-02  -2.4346863e-01   2.4640839e-01  -3.8127133e-01   4.6610371e-01   1.6020382e-01   4.4952590e-01  -3.5849702e-01  -9.9275628e-02   1.2547049e-01   2.6498535e-02  -4.1976839e-01  -3.7395984e-02  -8.7306396e-02  -1.6977810e-01   2.6499428e-02  -1.1598504e-02  -1.3907952e-01   2.2260943e-01  -1.9126757e-01  -9.0512349e-02   3.7936633e-01   2.8939274e-01  -2.7019945e-02   2.2099864e-02  -2.7712852e-01  -5.6431376e-02   1.3494864e-01   1.3050723e-01  -2.2582682e-01  -1.3340402e-01  -1.8442652e-01  -2.7480870e-01   5.9790910e-01  -6.0813040e-02  -2.0778166e-01  -8.0261731e-02  -8.7033849e-02  -5.9809143e-02   4.7834931e-01   3.3824855e-01   1.6139353e-01   4.4339565e-01   2.3812969e-01  -4.5526433e-02   2.6664591e-02  -2.0763171e-01  -1.2815549e-01  -1.8100069e-01   2.3426490e-01   3.7854175e-01   4.7375613e-01  -2.0004829e-01  -4.8359479e-02  -3.5838195e-02   2.9353942e-01   4.5924260e-02   2.5601137e-01   3.3041309e-01   1.8978795e-01  -2.7602952e-01  -1.5120193e-01   3.5869422e-01  -3.0099743e-01  -7.5740233e-02  -1.8908565e-01  -2.0168314e-01   5.8608740e-01   9.3808170e-02  -3.2635218e-01   1.8079175e-01   1.8320957e-02   6.3724602e-01  -3.2959754e-01   3.7431251e-01  -1.2483350e-01   1.4248074e-01   6.4299572e-02   1.3465853e-01   1.4418749e-01   9.1891638e-02   2.7108128e-02  -1.3864795e-01   5.6511861e-01   1.2010356e-02   4.5251230e-01   9.9237297e-02   6.1629816e-02   6.5268041e-01   4.5647008e-01   1.1888195e-01   2.6527868e-02   2.2011458e-01  -3.7234895e-02   6.2284006e-01  -3.4864063e-01   8.2372036e-02  -4.4401143e-02   1.7310114e-01  -2.9930649e-01   1.8295081e-01  -3.4514928e-02   5.8901199e-01   4.3724413e-01   7.2009900e-02  -3.3445575e-01   4.3594306e-01   5.1015568e-01   9.8608847e-02   1.5690868e-02  -5.4666978e-02   5.1582115e-01  -1.7440904e-01   3.8427762e-01  -3.1430075e-01   3.1797821e-02  -2.0225406e-01  -3.5433903e-01
   5.8791935e-02   3.0005104e-01   5.8850977e-01   5.5189666e-02   4.5516728e-02   1.1563168e-01   5.4990582e-02  -2.2305157e-01   9.5773474e-02   1.0399152e-01  -2.9520550e-01   0.0000000e+00  -1.8442545e-01   1.0511947e-01   1.4663274e-02  -8.2172252e-02   4.9102441e-01   1.0550436e-03   1.1452809e-01   6.1103887e-02  -7.2139762e-02   1.1442644e-01  -1.0214413e-01   1.3710380e-01   3.1155791e-02  -1.9873773e-01  -2.9701982e-01  -8.5596648e-02   2.6106877e-02   2.5959080e-01  -3.7496650e-02   1.0934580e-01   1.6357550e-01   1.4670342e-02   2.4921185e-01  -1.2298676e-01  -3.2160839e-01   6.5609339e-02  -8.9933345e-02   3.1277753e-01   2.9479919e-02   2.2782308e-01   4.0604535e-01   1.1576386e-01  -1.5513597e-01   2.0574407e-01  -1.3599170e-01   5.2659632e-02  -3.9971995e-01   1.3483541e-01  -2.6200000e-02  -2.6185220e-01  -7.0679015e-02   2.9704686e-01   1.8627811e-01  -1.3226043e-02  -2.7068352e-01   1.1776654e-01   6.1921816e-03   4.3441034e-01   2.3256254e-01   9.0637385e-02   3.7858413e-01  -2.5466846e-01  -1.4896805e-01  -1.5112553e-01   2.0365582e-01   6.5733112e-02  -1.1838938e-01   2.6614763e-01   2.6453334e-01   9.7870724e-02   2.0211194e-01   2.0113568e-01  -7.2580241e-02  -2.1937252e-01   1.5204351e-01  -6.1394135e-02  -2.0418106e-02  -3.3097738e-02  -1.9557334e-03  -8.1380714e-02   7.7093901e-02  -1.3641479e-01   1.2847868e-01  -2.0316128e-01   1.2349414e-01   1.6269573e-01   2.0282990e-01   2.0089505e-03  -7.3007017e-02   3.7870043e-01  -5.2360285e-02   2.9804799e-01   2.1336154e-01  -1.3408487e-01   1.1844277e-01  -2.6760121e-01  -1.2824020e-01  -1.1071257e-01   1.2488692e-01  -4.0079981e-01  -2.2463512e-01   3.8027379e-01   1.7336152e-01   6.6618707e-03   1.8326105e-01  -8.8832679e-02  -1.4783993e-01  -1.5198033e-01   1.2549830e-01   2.2441581e-01   6.8002807e-02  -3.9536331e-03   2.4383434e-02  -4.6337576e-02   4.0893685e-02  -4.6343980e-02   8.1585038e-02   3.3415653e-02   7.6576034e-02  -3.4542704e-01   2.7806883e-01  -3.8918338e-02   4.7054889e-02   1.3496456e-01  -1.0745020e-01  -8.1820418e-02   2.4262786e-01   2.5680672e-01  -1.7206317e-01  -1.8137676e-01   3.8767964e-01   8.5298006e-03   3.9028989e-01  -5.3975182e-01   6.6288003e-03   4.3296590e-02  -2.9671094e-01  -6.8295693e-02  -4.8348097e-02  -2.4670544e-01  -2.6727482e-01   7.2476446e-02  -8.7510983e-02  -1.3206820e-01   4.1766360e-01  -3.9937777e-01  -1.2334630e-01  -1.9213797e-03   2.4789891e-01  -4.2879785e-02   2.3247837e-01  -2.6747555e-01   3.5985510e-01  -7.3415060e-02   1.1316291e-01   2.9213353e-02   3.4015849e-01  -4.4153152e-02   1.2007109e-02  -2.6358415e-01  -4.2216350e-01   9.0869500e-02   3.0924842e-01  -2.6333713e-02   6.9213973e-02  -8.1773178e-02  -2.3884289e-02  -3.0690038e-02  -4.4400205e-01   6.4628328e-02  -9.9598739e-02   1.7550977e-01  -6.5535247e-02   3.4225317e-01   1.8259363e-01
  -4.4336948e-02   7.4672297e-02  -1.0975420e-01   8.5250392e-02   1.3399999e-01  -1.0946872e-02  -1.5257220e-01  -8.7166449e-03   2.7033999e-01   1.2957530e-01  -8.4563060e-02  -1.8442545e-01   0.0000000e+00  -1.2907387e-01  -4.7490775e-02   2.2288323e-01  -9.8753449e-02   1.1461144e-01   9.1653714e-02   2.1683216e-01  -8.0186151e-02  -7.1042193e-03  -5.5088246e-03  -2.2653403e-02   2.2736866e-01  -1.3771117e-01   3.2713896e-01  -2.3716083e-01   5.9062830e-02  -1.1937549e-01  -1.2502093e-01   1.7930193e-02  -1.0361716e-01  -5.4608054e-02  -1.5010326e-01   2.3227228e-01   2.2131245e-01  -1.9192474e-02   3.5074376e-01  -1.6473045e-01   6.8695580e-01  -5.0834679e-02   2.4448847e-01  -2.4041151e-01   1.1179083e-01  -4.9643313e-02   1.1686281e-01  -3.3134259e-01   2.4708406e-01   1.1593335e-02   9.9167545e-02   2.8750042e-02  -1.3258867e-01  -3.0875467e-04  -1.0106278e-01  -1.7718475e-01  -3.6999379e-02   1.6287149e-01   3.4755072e-01   1.9821503e-02   9.3787768e-03   1.3207054e-01   2.4597072e-01   8.5104628e-02   1.3269301e-01   5.1137766e-02   8.7056551e-02   7.9722551e-02  -9.2016604e-03  -9.8228957e-02  -3.3881352e-02   2.0889294e-03   9.4642818e-03  -1.4258291e-01   2.7271473e-01   1.0131421e-01  -1.1766216e-01  -7.9698580e-02   2.0746785e-01   5.6347403e-01  -2.3813730e-01   5.3721044e-01  -2.2032260e-01  -8.9877347e-03  -9.2148285e-02   2.4186520e-01   8.4780008e-02  -1.0709562e-01   1.7797602e-01  -1.8827964e-01   1.6859296e-01  -1.0023070e-01  -2.2979797e-01   2.1404976e-01  -9.4731374e-02   2.2890590e-01   7.9618352e-02  -1.3955962e-02   3.2976709e-01  -3.1475262e-03  -2.0655346e-01   1.4546401e-01  -2.2661419e-01   1.3759497e-01   5.7782369e-02  -1.7817338e-03  -1.6060275e-01   4.4621633e-02   2.0362154e-01  -4.4537457e-02  -2.7408295e-02   5.9547538e-02   1.1182961e-01  -7.4641988e-02  -1.3978573e-01  -2.9866177e-02  -1.3454532e-01   5.6243061e-01  -1.7359794e-01   1.5520924e-01   1.9509360e-02   2.2518474e-01   2.2917675e-03   8.1036229e-04   9.7038904e-03  -2.1877137e-01   2.6791472e-01   3.2036588e-01   1.6423113e-01  -2.5615975e-01   2.1417057e-01  -5.3201732e-02   1.2824736e-01  -1.0728512e-01   1.7416784e-01   2.6470487e-01   2.1189246e-01  -2.8536803e-01   3.0155590e-02  -5.5762316e-02  -1.4858237e-02   1.6863831e-01   4.7247532e-02  -1.4597016e-01   6.2007155e-02  -4.6972936e-02  -2.2524390e-01   6.2439910e-03  -1.4234800e-01   6.1087694e-02  -1.7741029e-01  -2.2596922e-01  -2.0576693e-01  -6.7876450e-02   1.8666991e-02  -1.8583341e-01  -2.5810843e-02   3.5479164e-01  -1.5144879e-01  -1.2640251e-01   3.3330291e-01   1.6711452e-01   7.3499200e-02   1.4241593e-02  -4.3963184e-02  -7.0876979e-02  -7.2011982e-02   1.8139150e-02  -3.4696170e-01  -9.7698511e-02   2.4908597e-01   3.5869035e-02   1.6132323e-01  -1.1586776e-01   4.2031932e-01   2.1069023e-01   2.3099275e-01
   4.1996980e-01  -4.1994705e-01   2.0725983e-02  -1.3844235e-01  -2.2123435e-01  -8.7655102e-03   1.5193565e-01  -1.0791617e-01   5.9224501e-02  -8.1579408e-02   2.0194262e-01   1.0511947e-01  -1.2907387e-01   0.0000000e+00   3.0023563e-01   2.4288815e-01  -2.5020338e-02   1.6112942e-01   1.7261545e-01  -2.4132477e-01  -8.3794203e-03  -7.5202610e-04   9.6774864e-02   3.5309663e-01  -2.9123425e-02  -1.2348268e-01  -2.7244282e-01   5.2788564e-01   3.1169097e-02   9.5500941e-02   5.7625010e-02  -5.9463592e-02  -1.6866815e-01   2.2314083e-02   2.9647391e-01  -2.2116574e-02  -4.0472028e-01   1.8735762e-01  -3.0727208e-01  -3.9871475e-02  -3.0071040e-01   3.1163658e-01  -6.6397598e-02   3.5427201e-01  -1.9363566e-01   2.4196708e-02   2.8763226e-01  -1.9507725e-01  -4.3758095e-01  -2.3643376e-01   9.7729752e-02  -1.4559802e-01  -2.4404446e-02   9.7326450e-02  -7.3011743e-02   4.5513916e-01  -2.9780759e-01  -5.1314089e-02   1.3181843e-02   6.5837525e-02   9.8458536e-02  -1.7185688e-01  -1.6050741e-01  -1.7190245e-01  -3.1720502e-01   2.9385078e-02  -3.6497935e-02   7.8926482e-02   5.7042225e-02   2.2921376e-01  -2.7185759e-01   5.7022562e-02  -2.9191029e-01   2.9698955e-01  -4.5742943e-02   3.7246274e-02   1.0629208e-01   9.0211177e-02  -4.4167059e-01   7.5781209e-02   4.5103560e-01  -1.4091564e-01  -1.4955272e-01   9.8205680e-02   3.0297916e-01  -1.8544149e-01   3.0840431e-01   4.3023005e-01  -2.0588036e-01   3.4717341e-01  -3.7989489e-01   1.8144324e-01   2.4133950e-01  -2.2866822e-01   1.9123432e-01  -2.9715613e-01  -6.2646619e-02  -1.8881749e-01  -8.9021414e-02   1.7031095e-01   3.3855626e-01   1.2125271e-01   1.2129300e-01  -9.9172202e-03   1.3965332e-01  -1.7848933e-01   1.3026603e-01  -8.7330747e-02  -1.3045263e-01   7.5840360e-02   6.2177162e-02   1.2416378e-01   3.5779853e-02   4.1186757e-01   4.7002900e-01  -1.9797824e-01   2.2856236e-01  -2.5027752e-03   5.3072716e-01   1.0449314e-02   1.2166127e-01  -3.4072270e-01  -2.1980137e-02  -3.3885338e-01   6.5821618e-02   5.2298947e-01   1.1186782e-01   6.8735864e-03  -9.8295302e-02   1.9406690e-01  -3.6381000e-01   7.6139767e-02   2.0927321e-01  -9.7463510e-03  -1.8056627e-01  -2.2474345e-01  -9.1063472e-03   4.4076018e-01   1.1477462e-01   3.8363836e-01   4.0191274e-01  -3.0655613e-01   2.9913799e-01   3.4012896e-01   1.1555236e-01  -8.2530084e-02   3.1026155e-01  -3.7803585e-02   6.9846926e-02   3.8800064e-02   4.7981562e-01   8.0858624e-02   3.6345997e-01  -2.5817211e-03  -3.9974328e-02   1.9865297e-01   2.4075601e-01  -6.0959670e-03   1.3608827e-01   2.4703146e-01  -1.4028597e-01   3.8169534e-02  -1.4161854e-01  -5.3910832e-02  -5.6970039e-02   1.1766326e-01   2.8262061e-01   2.2369158e-01   1.2461123e-01  -1.8099782e-01  -2.1666490e-01   1.0645024e-01  -1.0355086e-01   3.3644009e-03  -5.7629617e-02   4.3826205e-02  -1.7468178e-01
