   0.0000000e+00  -1.9811415e-01  -1.3618877e-02  -4.7734444e-02  -1.7753814e-01  -1.1992775e-01  -2.2535615e-01   9.6897450e-02   1.4226580e-02  -7.7318388e-02   1.1132135e-01  -1.6381293e-01  -6.8375886e-02   2.1078901e-01   4.8232970e-01  -2.1471115e-01  -1.0911078e-01  -2.9203317e-01  -1.4011809e-01  -5.3384255e-02  -1.8847648e-01   1.8338014e-01   8.4806678e-02   4.8729615e-01  -5.2748769e-02  -1.3006961e-02  -2.0708510e-01   2.8430107e-01   1.7892783e-01  -4.6358047e-02   2.0148356e-01   1.2316614e-01   9.9848530e-02   1.5228683e-01   9.3825755e-02  -2.9873916e-01  -2.3422400e-01   3.6969087e-01  -1.9182985e-01  -1.2971527e-01  -3.4103007e-02  -3.7075897e-02   1.3441345e-01   3.0033713e-01   2.7640174e-02   1.6849407e-01  -1.2240934e-01  -3.6246357e-01  -2.5381974e-01   2.1630178e-01  -1.3254446e-02   1.6299123e-01   4.1752167e-02   1.5118583e-01   4.6698536e-02   1.3341527e-01  -1.1153515e-01   1.2440805e-01   1.8560214e-01   2.0996519e-01   2.2412714e-01  -8.5553408e-02   5.8240597e-02   1.9911165e-01  -2.7600279e-01  -5.3005845e-02  -2.2595151e-01  -2.4850422e-01   2.2560276e-01   1.1919387e-01  -3.1575238e-01   1.6728398e-02  -1.8262447e-02   2.4499703e-01   1.4138944e-02  -2.6359110e-01   2.6038716e-01   2.8200443e-01   5.1982531e-02   2.5425813e-02   4.7509337e-02  -8.2529230e-02   6.7611029e-03   1.2424883e-01   3.3958822e-01  -6.8380652e-02  -1.8948200e-01   4.0017333e-01   1.7944799e-01   4.0974835e-01   6.4505754e-02   3.0339841e-01  -3.2424412e-02   1.7222788e-01   1.8098167e-01   1.3166763e-01  -7.2172649e-03   1.1843227e-02  -2.9661153e-01   7.1058399e-03  -5.6727402e-02  -5.1225392e-02  -1.3877453e-01   7.9876255e-02   4.5356437e-02   9.1955769e-02   3.3577387e-01   1.5218635e-01  -6.5800393e-02  -3.1308050e-01   1.0063127e-01   2.0618992e-01  -1.0024191e-01   6.8426373e-01   1.8082394e-02   3.9358380e-02   4.5424823e-02   2.9786228e-02   1.5293632e-01   1.9726601e-01   2.2921073e-01   8.0719001e-02   1.6229485e-01  -5.9889292e-02   2.1967227e-01   2.1413685e-01   1.6497135e-02   1.3226582e-01  -4.4170709e-02  -5.9209482e-02  -2.2123593e-01  -1.2336968e-01   6.4251901e-02   1.4183672e-02   3.4913469e-02  -1.4794319e-01  -3.6260768e-02  -4.7987800e-02   8.3082210e-02   5.9157747e-01   6.7560335e-01   4.5507363e-02   2.6917067e-01   1.2312766e-01   3.0493296e-01  -6.8831228e-02  -2.7642626e-01  -1.3151302e-01  -7.6455309e-02  -3.1307101e-01   3.0015032e-01  -1.8106308e-01   4.5693560e-01   1.5983825e-01   1.3489749e-01   4.4817094e-01   1.8075703e-01   2.0750074e-01   2.3251769e-01   9.2570846e-02  -2.8924364e-02   1.3120941e-01  -2.7875792e-01  -2.0178467e-01   1.5058214e-01   8.2346903e-02   2.3007337e-01   3.5029491e-01   1.5606339e-01  -2.4793310e-01   7.7513308e-02   2.3138695e-01  -3.9725890e-01   1.5081946e-01  -9.4398683e-02  -1.0531456e-01   1.1348839e-01
  -1.9811415e-01   0.0000000e+00  -1.6092218e-01  -1.7682235e-01   4.1034164e-01  -4.6266797e-01  -4.0775762e-01  -1.3179265e-01   4.6100390e-01  -2.1890121e-01  -1.8978446e-01   6.2853874e-01   9.9061127e-02   2.5071944e-01  -3.4351848e-01  -1.7310705e-01   2.6227801e-01  -2.3926581e-01   3.1992322e-02  -7.8492097e-02  -4.6335049e-01  -2.6106511e-01  -6.0039531e-01   1.8565091e-01   9.7415685e-02  -1.8375816e-01  -8.1266448e-02  -5.2559936e-02   2.0906955e-01   4.4943873e-01  -3.7465910e-01  -2.2762096e-01   3.8441746e-02  -2.9050714e-01   1.1057428e-01  -5.4726299e-02  -1.3813411e-01  -1.7237973e-01   5.2391205e-02   2.4734976e-01   2.2063131e-01  -3.0468632e-01   1.6374939e-01  -3.6279547e-02  -1.6045955e-01  -1.6846189e-01  -1.8748379e-01   1.2971051e-01   9.0580019e-02   5.9141293e-01  -4.1994753e-01  -1.5201645e-01   4.6953530e-01   1.0261696e-01  -3.7068731e-01  -1.9097823e-01  -1.5694964e-01  -2.3528279e-01   9.8865670e-02  -5.6052484e-02   8.5781354e-04   2.0282640e-01   3.1129589e-01   9.8360571e-02   5.0179811e-01  -3.8270375e-01  -9.4579259e-02   2.0085389e-01   1.3523359e-02  -4.8321867e-01   5.2780197e-01  -4.5589316e-01   1.4116255e-01  -2.0577576e-01   1.3173964e-01  -2.8343071e-01  -6.4720614e-02  -2.0430632e-01   4.4778453e-01   2.0315493e-01  -6.8999358e-01   1.0020633e-01  -1.4278316e-01  -7.2043015e-02  -1.7871483e-01  -8.5124982e-02   4.8529621e-01  -1.2027281e-01   3.9665644e-01  -8.1258664e-02   7.8470150e-01  -2.7357883e-01  -1.6503207e-01   1.1277038e-01  -1.8005690e-01   8.6844424e-02  -8.3814576e-02   2.2119888e-01   2.5060615e-01  -2.6736471e-01  -2.6538896e-01  -1.7988583e-01  -3.6667269e-01   6.4011305e-01  -3.0708959e-01   8.0755050e-02   1.0913808e-02   2.5173088e-01  -1.4605852e-01   4.8736781e-01  -3.8814577e-01  -1.1096795e-01  -1.1012571e-01  -1.4848605e-01  -6.0273598e-01   5.7636975e-01  -1.3487361e-02   1.1616795e-01  -2.9435245e-01  -2.7756142e-01  -3.2973585e-02   5.6724448e-01   2.1581794e-02   1.1406514e-01  -1.2554515e-02   9.0496327e-03  -3.6503760e-01  -4.0109425e-02  -3.7830129e-02   1.6070145e-01  -1.0320624e-01  -1.0875442e-01   3.2823541e-01  -5.3307357e-02  -4.6879727e-03  -1.3599194e-01  -1.8720004e-02  -2.5499668e-01  -5.7927981e-02   2.7727655e-02  -5.8894061e-02  -1.4840079e-01   7.3981632e-03  -3.2218876e-01  -6.5338552e-01  -3.0276849e-01  -3.1014203e-01   1.9856591e-01  -3.1896007e-01   1.2370400e-01  -4.9531787e-01  -3.7101487e-01  -2.4935472e-01  -6.8248509e-02   8.0808493e-01  -4.3489486e-03  -2.1237906e-01   5.7226508e-02   1.2386839e-01  -4.8110126e-01  -8.8542308e-03  -2.9555458e-02   1.7801250e-01  -1.8891816e-01  -5.9542883e-02   1.8673505e-02  -3.0724925e-01  -5.9005518e-02  -3.2067581e-01   1.9677020e-01   2.2843927e-01  -1.9843915e-01   2.4341223e-01  -1.3975043e-01   6.8440100e-02   1.2488151e-01  -9.5159834e-02
  -1.3618877e-02  -1.6092218e-01   0.0000000e+00  -2.4287245e-01   2.8174692e-01   4.3310362e-01   3.7080504e-01  -2.7390536e-01  -4.2480977e-01   3.8803351e-01  -9.3798193e-02   1.0517908e-02  -1.6645459e-01  -4.0677273e-01  -1.8725184e-01  -1.5990284e-01   7.1392287e-01  -4.2161306e-02   1.4218162e-01   3.6875326e-01   2.2350811e-01  -1.5349998e-01   2.7540209e-01  -1.9111288e-01  -3.0733084e-01  -1.3129460e-02   6.3768682e-01  -1.6832735e-01  -3.5094528e-02  -3.1274418e-01  -1.8751383e-01  -3.3231611e-01   1.3745721e-01  -2.2577504e-02   8.7669274e-02   4.0511543e-01   2.8517280e-01   1.1448696e-01  -2.3370554e-02   3.7767639e-01  -5.3145351e-02   1.1196036e-01  -3.8105737e-01  -2.4126019e-01  -2.4854389e-01   4.7236145e-01   1.0690176e-01   2.9235935e-01  -1.8349004e-01   2.7239167e-01  -4.4478214e-02  -1.1859392e-01  -3.7291794e-01  -1.4992872e-01  -1.9792399e-02   5.2375275e-02   1.6872889e-01  -2.5292041e-01  -2.3637841e-01  -8.5763160e-02   2.5751555e-01  -1.5160933e-01  -4.2223098e-01  -4.9373466e-01  -3.8670859e-01   4.2848036e-01   3.1332155e-01  -9.7034913e-02   4.5890452e-02   6.8217453e-01   2.4851217e-01  -4.0781850e-02  -2.3392010e-02  -2.8198642e-01  -2.1340546e-01  -1.8142654e-01   9.6833568e-02  -1.1756386e-01  -1.7734549e-01  -1.5545080e-02   1.8535747e-01  -1.7383115e-01  -1.8010717e-01  -2.2305715e-01  -2.5438710e-01   1.1195945e-01   2.7320400e-02  -2.3054380e-01  -1.8252872e-01  -2.0573460e-01  -2.3021419e-01   2.1617852e-01   2.2332906e-01  -3.2890246e-01   1.4164805e-01   2.8326618e-02  -3.2186777e-02   1.4854377e-01  -7.3159772e-03   3.2137652e-01   2.6429617e-01  -3.2076327e-01  -1.9458182e-01  -2.3096560e-01  -1.2323468e-01  -3.6262612e-01   1.4679658e-01   2.1259322e-01   4.1297355e-01   6.8114186e-02  -8.8913808e-02  -2.5445752e-01  -3.2703305e-01   3.2668234e-02   3.6027038e-01  -2.3067002e-01   3.8289837e-02  -1.0297532e-01   1.8382498e-02  -2.8498204e-01   1.1711676e-01  -1.9675454e-01  -2.7984156e-01  -3.7918246e-01   7.2256304e-02  -3.0430984e-01  -2.3597456e-01  -1.8264395e-01  -2.8990301e-01   6.1001881e-01  -2.3404758e-02   8.4346519e-02  -1.4195030e-01  -8.0430861e-02  -3.1837550e-01  -3.1516340e-02  -3.3476239e-01   2.5551691e-01  -8.6827152e-02  -1.4567008e-01  -2.7453922e-01  -3.5704343e-01   3.0777699e-02   4.8545556e-01   1.3275954e-01  -2.2006260e-01   4.2102651e-01   3.3542669e-01   2.1112405e-01  -1.7910372e-02   7.5207239e-02  -1.3475504e-02   1.2155512e-01  -3.4972694e-01  -1.5439208e-01  -3.6486107e-02   1.3205560e-01  -1.0943241e-01   1.7933875e-01   2.6076474e-01  -3.0683324e-01  -1.0201114e-01   2.7294964e-01  -1.1359721e-01  -2.6358883e-01  -1.4608227e-01  -2.6333840e-01  -3.3395988e-02   2.3494056e-01   1.3076948e-01   1.0265383e-01  -2.7527350e-02   1.9982862e-02   8.9175568e-03  -7.4458247e-02  -2.7877257e-01  -1.2959795e-01
  -4.7734444e-02  -1.7682235e-01  -2.4287245e-01   0.0000000e+00  -2.0026622e-01   8.7749446e-02  -5.9502100e-02   2.7884487e-01   2.3594117e-01  -2.5704827e-01   5.1026061e-01  -1.4915561e-01   1.3977183e-01   1.1632450e-01  -1.3260857e-01   1.5462611e-02  -2.1013862e-01   4.2666313e-01   1.5713899e-01  -1.1077909e-02   1.8805032e-01   6.2846000e-01   1.6370437e-02  -2.9426518e-01  -7.9011871e-02   1.5755422e-01  -2.4703575e-02  -2.2616086e-01  -9.3089067e-02   3.4122329e-01   2.4237496e-01   4.9043847e-01  -1.0681299e-02  -1.9638594e-02  -7.6193355e-02  -6.3256973e-02   1.2740541e-01   2.2370737e-02   8.5135070e-02  -1.3939011e-01   1.6665656e-01   6.3544749e-02   3.0706818e-01   3.8906827e-01   9.9782948e-02  -1.6209945e-01   4.7287189e-01  -8.2632709e-02   1.4236224e-01  -1.8309020e-01   4.3891575e-01   1.5186840e-01   1.4697209e-01  -8.1777568e-02   1.7519488e-02   1.0190194e-02   1.6605911e-02   5.2777598e-01   5.3189481e-01   9.5804176e-02  -1.5691272e-02   1.2855811e-01   3.0055526e-01   3.9218709e-01   2.3302747e-01   6.4872158e-02   1.0802286e-01   2.1017286e-01   3.4304348e-01  -4.2512005e-01  -2.5605000e-01   5.5606532e-01   3.1555011e-01  -1.6814894e-01   4.7573038e-01   4.4389895e-01   2.9651507e-02   2.0827192e-01  -2.5325774e-01   3.7699868e-01   8.4006556e-02   1.3733559e-01   4.0932756e-01   3.1333311e-01  -1.0022209e-01   2.7907995e-01  -3.0554934e-02  -1.8119668e-01   1.1014661e-01  -3.4604895e-01  -1.7372596e-01  -1.3245285e-01  -2.1872172e-01   3.3423204e-01  -6.9658458e-02  -1.1293250e-01   4.5689257e-01   1.8559748e-01   2.5422168e-01  -7.8427885e-02  -8.8708143e-02   3.9715270e-01   3.2882423e-01   9.7006251e-02   5.0197321e-01   5.2325530e-01  -1.5609559e-01   1.5119754e-01  -7.3507638e-02  -1.8834709e-02   1.3943798e-02   2.0166595e-01   7.2649672e-01  -3.0803255e-01  -1.0514056e-01  -1.5585836e-01   3.3165170e-01   2.1016194e-01  -3.6445256e-02   6.5494241e-01  -1.5995451e-01  -1.3198687e-01   2.4944054e-01   4.3537854e-01  -3.1015347e-01  -1.0226485e-01   3.1239117e-01   2.5595546e-01   4.8843413e-01  -3.1164641e-01  -3.4118952e-02  -1.9401781e-01   1.0668850e-02   1.2761643e-01   5.4562322e-01   1.5240171e-01   2.8554173e-01  -1.3616666e-01   1.2729814e-01  -2.3526328e-01  -2.2978573e-01  -8.6646486e-02   3.4732947e-01  -4.8420170e-01   1.8762477e-02   4.8507392e-01  -1.5843148e-01   1.9037510e-01  -3.2017558e-02  -3.9932133e-02  -2.7250368e-01   1.3507243e-02  -1.9934232e-01   4.4039701e-01  -1.5321653e-01  -2.3226354e-01  -8.0094675e-02   3.7308270e-01  -2.1608371e-01   4.2137307e-02   3.0876960e-01   5.6613646e-01   3.5792497e-02   6.0299820e-01   4.9984698e-01  -8.5364278e-02   5.2552099e-03  -1.0368665e-01  -8.5113818e-02   2.8420356e-02  -1.0161889e-01   1.0818277e-01   4.3306082e-01   7.7546484e-02   3.2739382e-01  -7.3761244e-02   5.0576290e-01
  -1.7753814e-01   4.1034164e-01   2.8174692e-01  -2.0026622e-01   0.0000000e+00   6.1289785e-02   1.0053632e-01  -2.2789442e-01  -1.5247154e-01   4.9579719e-01  -3.1207834e-01   3.2145703e-01   2.6826035e-01  -3.0902578e-01  -4.7501416e-02  -1.9019750e-01   4.6303925e-01  -5.7552691e-02  -6.1184088e-02   6.4761183e-01   9.7543697e-02  -4.5406315e-01   1.3187081e-01  -1.1075000e-02  -2.6175979e-01  -2.8753111e-01   5.9727562e-01   2.2784370e-02   2.4876805e-01  -1.4467149e-01  -1.8172046e-01  -3.7129753e-01  -1.5923018e-01   5.9364608e-02   1.7397464e-01   5.9724051e-01   4.1356211e-01  -8.9437010e-02  -1.8633580e-01   6.9748926e-01   3.2734329e-01  -1.0374295e-01  -3.4569508e-01  -1.1915329e-01   1.5036765e-02   2.3780994e-01   1.8384291e-01   3.7391037e-01   3.6291863e-01   4.9231836e-01  -1.4571870e-01  -1.1517800e-01   2.4491939e-02   5.5690477e-02  -3.9560672e-01  -3.4299233e-02  -2.7348102e-01  -4.4241943e-01   4.7857947e-02  -3.4792230e-01  -8.0069911e-02   1.5150087e-01  -2.9639333e-01  -3.9398182e-01   9.2887529e-02   1.7682878e-01   3.4976455e-01   1.2178502e-01   8.2530351e-02  -5.5150646e-02   5.8462640e-01  -2.6894628e-01   3.1799412e-01  -5.4882040e-01   7.0531668e-02  -1.9460478e-01  -1.8624996e-02  -2.2951044e-01   5.1773133e-01   1.6564226e-01  -1.7258321e-01   1.3925539e-02  -5.3319067e-01  -2.2177301e-01  -2.1272290e-01  -1.1121913e-01   3.6840633e-01  -8.5122218e-02  -1.6463233e-02   5.2709460e-02   4.7700615e-01  -2.1592935e-01   2.7624945e-01  -3.0547330e-01   1.9431426e-01   3.9217771e-01   2.3252638e-01   1.6941136e-01   4.1362204e-01   3.1494769e-01   7.1443408e-02  -3.4855122e-01  -3.2910994e-01  -1.0460918e-02  -3.7671535e-01  -3.8252680e-01   7.9792352e-02   2.9425736e-01   5.3063139e-01   5.0408397e-01  -3.9359822e-01  -4.1462157e-01  -3.1305411e-01   6.7492912e-02   1.3161032e-01   4.3027007e-01  -1.7598410e-02   3.2453408e-01  -4.4168791e-01  -2.8092314e-01  -1.9770062e-02   3.0116514e-01  -4.3536295e-01  -2.9235152e-01   1.9767635e-01  -4.1076619e-01  -3.8560027e-01  -1.5795497e-01  -3.6449953e-01   1.7134544e-01  -2.6041440e-02   3.4426338e-01  -2.8323995e-01   1.5069488e-01  -3.9072037e-01  -5.7763267e-02  -9.5346439e-02   1.6007414e-01  -1.9476539e-01   3.6373888e-02  -2.7377093e-01  -1.0018002e-01  -4.7393117e-02  -2.1938395e-01  -3.3326697e-02  -3.8207752e-01   4.1423006e-01   3.5532623e-01   5.8354180e-02   3.0680026e-01   6.7446858e-03  -8.2450964e-02  -1.5562197e-01  -3.0519220e-01   1.3155164e-01   7.3814389e-02  -3.9576447e-02   2.6561582e-01   8.5801238e-02   9.1905020e-02  -2.9329838e-01  -1.9157479e-01   3.4629357e-01  -2.7644026e-01  -2.7204887e-01   1.3024276e-01  -1.0050492e-01  -1.3322566e-02   2.0176536e-02   4.9806618e-01   2.8445891e-01  -1.6514934e-01   9.0079151e-02  -4.3460961e-01   9.8426076e-02  -2.0899957e-01  -3.7315236e-01
  -1.1992775e-01  -4.6266797e-01   4.3310362e-01   8.7749446e-02   6.1289785e-02   0.0000000e+00   6.8777288e-01  -8.6160313e-02  -5.1407607e-01   3.9103913e-01   7.1000893e-02  -2.2575064e-01  -1.9710784e-01  -1.6413670e-01  -1.3853040e-01  -9.1065852e-03   1.8868623e-01   1.9145776e-01   2.8220225e-01   4.4675207e-01   5.6822300e-01   2.5188867e-01   4.6877037e-01  -2.5777882e-01  -3.6865159e-01   2.9832043e-01   5.2190802e-01  -2.6040159e-01   7.7839327e-04  -2.5398004e-01  -1.6250369e-02  -1.2676506e-01   1.5555330e-01  -2.4390341e-03   1.7861806e-01   4.8238286e-01   3.7668644e-01   9.3589918e-02  -1.3689419e-01   1.0053671e-01  -2.5638749e-01   1.3057890e-01  -3.2435973e-01  -1.3003362e-01  -1.5467004e-01   2.5024038e-01   4.7086547e-01   3.8066587e-01  -2.2923806e-01  -2.0335225e-01   2.7913881e-01   8.1669609e-02  -5.3644250e-01  -2.9367149e-01   2.7151830e-01   1.1725122e-01   3.7874936e-01   8.4356012e-02  -3.1222981e-01  -7.8278145e-02   1.6590997e-01  -1.3349328e-01  -4.7974178e-01  -4.5851358e-01  -6.4339343e-01   7.6310494e-01   6.5872861e-01   2.5891254e-02   8.9817649e-02   5.0282738e-01  -3.0969705e-02   3.0690265e-01  -1.1508474e-01   3.3208128e-02  -1.2790643e-01   2.1374495e-01   1.6207294e-01   4.8098875e-02  -4.7504579e-01  -2.0671838e-01   6.9012461e-01  -2.5615097e-01   1.1657992e-01   6.9884954e-02  -1.9146416e-01   2.5953851e-01  -5.0886177e-02  -3.0717926e-01  -1.7240864e-01  -2.5400691e-01  -5.4180579e-01   1.8454158e-01   4.5148340e-01  -2.8772674e-01   1.6509098e-01   1.4672139e-01   1.1794006e-01   8.7343778e-02  -9.1831312e-02   3.4704027e-01   2.9870874e-01  -1.7737614e-01   4.4759476e-01  -4.3133370e-01   2.6262641e-01  -3.1517275e-01  -5.3649209e-02   2.1239894e-02   4.7948924e-01   1.4703652e-01   2.8825433e-01  -6.0956662e-02  -2.2580022e-02  -1.5684436e-01   4.8878284e-01  -5.3112891e-01   1.0589918e-01  -6.2547719e-02   2.9765362e-01   1.5740162e-01   1.9954223e-01  -2.9728412e-01  -1.7238458e-01  -4.6568808e-01  -1.1771155e-01  -2.4658466e-02   3.8545265e-03  -2.1296221e-01  -2.1409830e-01   2.9795309e-01  -6.3666574e-02   1.0549176e-01  -4.7422911e-02  -1.1112720e-01  -1.7647630e-01   2.3598207e-01  -2.1685614e-01   2.8694004e-01   1.5286694e-01  -1.5852321e-01  -2.1828337e-01  -3.5795404e-01  -8.9228071e-02   3.6698295e-01   4.2225885e-01   1.0524364e-01   4.7788532e-01   4.3410353e-01   5.7173852e-01   1.7490639e-01   1.4008252e-01   3.6085537e-01   1.0024379e-01  -1.5765258e-01  -4.8218223e-01  -1.2541090e-01   2.8760771e-01  -1.2563921e-01   1.3624095e-02   6.4683463e-01  -1.9471448e-02  -9.5371859e-03   2.7348909e-01   1.6536483e-02  -9.9218146e-03  -2.3999440e-01  -8.3746950e-02  -1.4682642e-01   4.1517362e-01   2.1649391e-01   2.2406882e-01   2.2960245e-01   1.0607122e-01   3.4587717e-01  -5.3090589e-02  -2.4374411e-01  -9.8837779e-02
  -2.2535615e-01  -4.0775762e-01   3.7080504e-01  -5.9502100e-02   1.0053632e-01   6.8777288e-01   0.0000000e+00  -3.5153669e-01  -5.8794566e-01   5.3956304e-01  -2.6131656e-01  -1.8617996e-01   8.5454556e-02  -1.1304903e-01  -5.2004687e-02   1.4038317e-02   2.1299851e-01   2.6657809e-01  -7.4844013e-02   2.8713064e-01   7.0301138e-01  -9.9963922e-02   6.7821737e-01  -3.6906346e-01  -4.1947130e-01  -1.0408901e-01   5.3114705e-01  -1.6774942e-01  -8.5894979e-02  -3.7679766e-01   1.7852850e-01  -4.4028732e-01  -3.2888151e-03   3.4505521e-01   2.7025082e-01   4.5968077e-01   4.4318983e-01  -1.2883405e-02  -5.8041994e-02   2.3093837e-01  -5.5223330e-02   1.2373962e-01  -5.6797432e-01  -1.9383799e-01   7.8390733e-02   1.5639964e-01   2.1411918e-01   7.0415172e-01   1.7888562e-02  -4.1533072e-01   2.0891220e-01  -2.7767860e-01  -2.6006290e-01  -3.0316474e-01   3.1132791e-01  -1.0599621e-01  -2.8709461e-02  -3.7621540e-01  -2.0000827e-01  -7.5244548e-02  -7.8785245e-02   6.7947827e-02  -6.7382208e-01  -4.6815128e-01  -4.0386032e-01   6.2789408e-01   4.9692875e-01  -9.9961117e-02  -2.9241442e-01   5.3914680e-01   2.3940532e-01  -1.3702575e-02   1.0563957e-01  -7.7705706e-02  -5.2138242e-02   2.0915074e-01  -6.0224037e-02  -1.1843977e-01  -2.9698037e-01  -1.6267897e-01   6.7930858e-01  -4.5301881e-02   1.7481448e-02  -2.4632159e-01   5.2299844e-02   5.7144014e-02   2.0215935e-01  -3.2619581e-01  -3.7312315e-01  -7.9460338e-02  -6.1130096e-01  -5.4630990e-02   5.3991695e-01  -5.0080854e-01   1.2481257e-01  -1.9301730e-01   1.2727085e-01  -3.1269723e-01   1.0293309e-01   6.7273631e-01   5.5614147e-01  -2.4238719e-01   3.8870449e-01  -5.0424004e-01  -1.0333654e-01  -4.8452953e-01  -2.1122787e-01  -4.3465951e-01   6.5565256e-01   1.9804150e-01   3.3071981e-01  -2.5310201e-01  -2.3737731e-01  -1.4423064e-01   6.5865896e-01  -2.4475526e-01  -8.7477274e-02   1.0710125e-01   1.5381153e-01  -1.0333128e-01  -1.0145921e-03  -3.7619208e-01  -4.7959570e-01  -2.7252582e-01  -5.6880762e-02  -2.2489145e-01  -8.5274117e-02  -1.9272062e-01  -4.6532780e-01   3.8495765e-01   1.1040275e-01   4.7703988e-01  -1.7823411e-01   1.8050254e-01  -4.9524700e-01   1.8254406e-02  -2.1419538e-01   6.3857135e-01  -2.0442205e-01  -2.8149354e-01  -2.9526222e-01  -1.5298226e-01  -2.3685453e-01   3.7016025e-01   4.6940877e-01   7.7430404e-02   7.3294546e-01   1.9397236e-01   5.9134565e-01   3.0925690e-01   3.3103424e-01   5.1817083e-01  -3.1926811e-02  -1.7521530e-01  -5.2566626e-01  -1.8382387e-01   1.4199367e-01  -1.5497818e-02  -1.0918023e-01   6.4215826e-01  -9.6397355e-02  -2.4102417e-01   1.5130717e-01  -1.1681891e-01  -5.0308171e-01   6.1645165e-02   9.7081468e-02  -8.3636144e-02   2.2075851e-01   3.5850476e-01   1.9190425e-01   1.3821691e-01   5.0888156e-02  -2.6883589e-02   2.6952687e-02  -4.2992159e-01  -4.9104419e-01
   9.6897450e-02  -1.3179265e-01  -2.7390536e-01   2.7884487e-01  -2.2789442e-01  -8.6160313e-02  -3.5153669e-01   0.0000000e+00   1.9584045e-01  -1.3976018e-01   3.4457798e-01  -9.8101349e-02  -1.3100846e-01   1.8045320e-02   1.5614034e-01   2.2707940e-01  -2.2401473e-01  -6.3682772e-02   1.9426249e-01  -2.2472565e-01  -2.1071991e-01   2.4418659e-01  -1.9099398e-01   1.8022343e-01   3.2652011e-02   4.7013849e-01  -3.4746614e-01   2.7807559e-01  -2.2880305e-01   1.3063708e-01   1.1169906e-01   6.1122611e-01   9.1771480e-02  -1.2092653e-01  -1.9075875e-01  -3.9070626e-01  -2.1363587e-01   1.9905864e-01  -4.8250731e-02  -2.3088161e-01  -1.3900418e-01   6.1242943e-02   2.9343771e-01   2.3835360e-01  -1.0022662e-01   2.8463282e-02  -3.0068704e-02  -3.5736723e-01  -5.7231126e-03  -1.8082077e-02   1.1326445e-01   6.7219155e-01   8.0481559e-03  -4.6202345e-03   3.5348474e-02   1.7108954e-01   1.0945055e-01   3.7934125e-01   1.6981468e-01  -9.8087222e-02   2.5456404e-01  -1.3720853e-01   2.6300820e-01   4.2855729e-01   1.2592030e-01  -1.9969689e-01  -1.7933041e-01  -9.1665479e-02   2.9526023e-01  -2.9017610e-01  -2.4631228e-01   1.3121331e-01   2.5233406e-02   3.5898615e-03   1.2252113e-01   2.7756450e-01   2.2306950e-01   4.0212870e-01   2.1683193e-03  -7.1622877e-02   1.9029175e-03   2.8147765e-02   7.1326035e-02   5.1300314e-01  -1.5935954e-02   3.6743663e-01  -2.8807101e-01   1.3618570e-01   1.9306264e-01  -3.4032591e-02   2.8841491e-02   1.6673965e-01  -2.5386189e-01   2.7246773e-01   4.9252391e-02   5.7160132e-02  -6.3104440e-02   3.2342220e-01  -3.0314328e-01  -2.3039308e-01  -2.6084031e-01   5.1747372e-01   9.6677923e-02   8.2779764e-02   3.6646439e-01   4.0982361e-01  -5.0100942e-02   2.0295386e-01  -2.8808280e-01  -4.0902320e-01  -2.8171353e-01   1.4912758e-01   2.6436516e-01   5.5414990e-03  -1.8956350e-01  -8.1207136e-02   3.5960564e-01  -6.8764612e-02  -9.3084349e-02   3.4493747e-01   2.7785090e-02  -4.7845110e-02   2.1803418e-01   1.8780574e-01   7.4585991e-02   1.0703528e-01   2.8029083e-01   6.2097196e-02   3.6958973e-01  -4.4927873e-01  -1.7053886e-01  -2.5597933e-01  -2.1260726e-01   4.1430060e-02   4.0511792e-01   5.6347529e-01   1.1653294e-01  -2.1118135e-01   6.3510786e-01   2.1882267e-01   2.3425483e-01   1.9946261e-02   3.7380633e-01  -3.8631126e-01   7.2532435e-02   2.1137020e-01  -2.7087203e-01  -2.4597517e-01  -3.5230794e-01   8.9593330e-02  -2.1160919e-01   5.1221036e-03  -1.0270582e-02   1.7832473e-01  -5.5334033e-02   1.3061721e-01   1.0343488e-01   1.1542781e-01   9.7816034e-02  -7.3903579e-02  -3.6195692e-02   5.0836551e-01  -9.8051656e-02   2.4477452e-01   5.5407306e-01  -6.6290515e-02  -7.3064157e-02   2.3736265e-02  -5.2261172e-02  -2.8995293e-01  -3.4359464e-01   9.8689442e-02  -6.4058828e-02  -4.5005403e-02  -8.5514136e-02   8.1212712e-02   4.3039464e-01
   1.4226580e-02   4.6100390e-01  -4.2480977e-01   2.3594117e-01  -1.5247154e-01  -5.1407607e-01  -5.8794566e-01   1.9584045e-01   0.0000000e+00  -6.5430531e-01   1.4785958e-01   3.4209774e-01   1.0606330e-01   2.8944930e-01  -1.0795489e-01  -2.2451022e-02  -3.0925314e-01  -2.2163709e-01   2.7431525e-02  -2.7195162e-01  -5.4899780e-01   2.3893425e-01  -6.2412252e-01  -1.5076110e-02   5.3763899e-01  -1.4488564e-01  -5.4083604e-01  -1.8741441e-01   3.2098873e-01   7.7104233e-01  -2.0043740e-01   2.4021846e-01  -1.3864747e-01  -1.1615108e-02   1.2553661e-01  -5.1256410e-01  -4.6735427e-01  -3.0909775e-01   1.4904654e-01  -2.8782369e-01   1.7734825e-01  -3.1691234e-01   8.2944036e-01   1.1403175e-01   1.4053393e-01  -4.3561302e-01  -2.2592102e-01  -4.3780452e-01   5.1703742e-02   1.6275144e-01  -2.2082674e-01  -2.7916679e-02   4.7489005e-01   2.7018090e-01  -2.2363031e-01  -7.8715102e-02  -1.0890758e-01   3.0217834e-01   1.6714477e-01   4.2378560e-01   2.5790984e-02   1.9796456e-01   9.0120353e-01   6.6848154e-01   5.1014441e-01  -5.9555086e-01  -4.6109452e-01   3.9127307e-01   1.8314922e-02  -5.8836174e-01  -1.3490544e-01   6.5001362e-02   8.7265763e-02   1.8225466e-01   2.8699472e-01  -1.1942117e-01   1.3557192e-01   2.2390924e-03   3.1454115e-01   3.2650531e-01  -5.3805436e-01   3.1374444e-01   2.0045262e-01   1.2188472e-01  -1.4274912e-01  -5.5510272e-02   1.9421485e-01  -9.3516910e-02   5.7883089e-01  -3.4089500e-01   5.0549110e-01  -1.7903644e-01  -3.7954710e-01   8.0042505e-01  -1.3242159e-01   8.3834767e-02   3.2264326e-02   8.5610508e-02   1.1886024e-01  -6.4716674e-01  -4.3208288e-01   3.2499893e-01  -1.8974200e-01   7.4702951e-01   8.6579812e-02   4.7700360e-01   1.6326578e-01   2.5156434e-01  -5.6270436e-01  -4.7400801e-02   6.7830308e-02   4.2364073e-01   4.7806893e-01  -3.4122606e-01  -6.9595066e-01   3.9075143e-01   3.8006537e-02   2.0686439e-01  -2.3448632e-01   2.5721365e-01  -1.4087235e-01   4.5633475e-01   7.2330278e-01   4.2765018e-01  -3.9160318e-01   3.9188626e-01   1.9665877e-01   2.8135008e-01   6.5616797e-01  -4.7821392e-01  -1.2340434e-01  -3.6141681e-01   5.6427619e-01  -1.3325204e-01   6.6040326e-01  -1.3575921e-01   4.4145744e-01  -5.9861158e-01   2.1006615e-03  -8.5431591e-02   4.0795237e-02   6.5761822e-02   2.8636023e-02  -4.5407561e-01  -4.5851012e-01  -2.6466462e-02  -6.1850897e-01  -9.7741888e-02  -4.8145905e-01  -2.1902005e-01  -5.5207360e-01  -4.6839234e-01  -2.4169763e-01   3.6059808e-01   5.9724673e-01  -1.9606129e-01  -9.2645543e-02   1.5443013e-03  -1.4166616e-01  -4.9958681e-01   5.3524598e-01   9.7477233e-02  -2.8013071e-01   1.9461402e-01   3.9771718e-01   2.0056061e-01   6.2517207e-02  -1.9027969e-01  -4.3827759e-01  -2.3400542e-01   1.0401245e-01   8.4935052e-03   2.0155969e-01   1.0241229e-01  -6.2363154e-02   3.6185087e-01   5.5397839e-01
  -7.7318388e-02  -2.1890121e-01   3.8803351e-01  -2.5704827e-01   4.9579719e-01   3.9103913e-01   5.3956304e-01  -1.3976018e-01  -6.5430531e-01   0.0000000e+00  -3.2228157e-01  -3.3836683e-02   1.7638879e-02  -4.0987412e-01   2.2614320e-01  -1.9524150e-01   2.8807675e-01  -3.4975178e-02  -1.7070354e-01   4.9876882e-01   4.1732405e-01  -3.9247241e-01   6.0756119e-01   1.9605976e-02  -5.0956951e-01  -1.0875600e-01   5.8562251e-01   1.0962055e-01  -2.9917371e-02  -5.5864991e-01   1.2056429e-01  -3.5398375e-01  -1.9788804e-01   4.0084514e-01   3.1047642e-01   4.8813365e-01   3.4864876e-01   2.2870124e-01  -4.3593547e-01   5.6768204e-01   6.9518976e-02   8.0387805e-02  -6.7650009e-01  -2.4445047e-01   1.0622474e-01   3.5681924e-01   1.2335290e-01   4.7104289e-01   1.6312790e-01   3.3062295e-02   7.8634150e-02   9.8817693e-02  -1.9360631e-01  -1.1970950e-01  -4.1763195e-02   1.1467790e-01  -1.7774502e-01  -4.9091633e-01  -1.2106171e-01  -3.1880525e-01   6.9012350e-02   1.4551966e-01  -6.6720190e-01  -4.8784845e-01  -2.0586796e-01   4.9179054e-01   3.5470489e-01  -1.3866788e-01  -3.8819007e-02   4.3690074e-01   3.5444268e-01  -2.8306946e-01   1.3641855e-01  -2.9474111e-01  -3.0043123e-02  -8.3312263e-02   1.0166960e-01  -4.9581799e-02   1.6869754e-01  -1.8056682e-01   3.2558707e-01  -1.9641222e-01  -3.3367936e-01  -2.6854790e-01   1.4461237e-01   1.7742948e-03   1.9074070e-01  -1.6575731e-02  -4.1916121e-01   2.4303892e-01  -1.9299399e-01   1.7752800e-01   6.5258017e-01  -5.6826044e-01   2.6287686e-01   1.7158291e-01   9.3090340e-02  -1.9157224e-01   6.5561612e-02   7.1470614e-01   3.7861315e-01  -2.6380512e-01  -1.1919433e-01  -4.2333641e-01  -3.9844572e-01  -4.6503353e-01  -6.6218321e-02  -1.1331953e-01   6.8350782e-01   2.4114830e-01   9.7771181e-04  -4.9155232e-01  -5.0119941e-01   2.6076539e-01   5.9839358e-01   5.5329335e-02   7.1381656e-02   1.6358871e-01  -1.9268335e-01  -3.2373844e-01   1.2752596e-01  -6.3336192e-02  -6.1918009e-01  -3.5973783e-01   3.3889712e-01  -4.2693121e-01  -2.0425882e-01  -2.3271676e-01  -6.3536722e-01   2.6012608e-01  -3.9316392e-02   5.3015809e-01  -5.1985822e-01   2.8143006e-01  -6.7321475e-01   1.2726692e-01  -2.4482274e-01   5.1932100e-01  -9.9636801e-02   5.2667829e-02  -1.8539475e-01  -1.8615710e-01  -1.0223846e-01   1.0945321e-01   4.5973240e-01  -2.2815558e-01   7.3476948e-01   4.7946280e-02   4.6713245e-01   4.0861712e-01   4.2593067e-01   2.6354548e-01   1.4330497e-01  -2.6907005e-01  -4.0076966e-01   1.6534757e-01   1.1397490e-01   1.2651054e-01   1.1725096e-01   3.4138121e-01  -4.1123192e-01  -1.6179461e-01   2.2302590e-01  -4.4618939e-01  -4.2943759e-01   2.4615166e-01   2.8697164e-02   4.1511518e-02   2.7142740e-01   4.9061960e-01   1.7311359e-01   5.6465802e-02  -2.4665684e-01  -4.8157933e-01  -4.7013205e-02  -4.3016318e-01  -5.2336267e-01
   1.1132135e-01  -1.8978446e-01  -9.3798193e-02   5.1026061e-01  -3.1207834e-01   7.1000893e-02  -2.6131656e-01   3.4457798e-01   1.4785958e-01  -3.2228157e-01   0.0000000e+00  -3.4795166e-01  -1.3709984e-01  -5.9142309e-03  -7.4924196e-02  -6.7911943e-02  -4.9169755e-02   3.6245598e-01   4.1850425e-01  -6.7889971e-02   3.7727861e-02   5.6318488e-01  -4.5416453e-02  -2.3809754e-01  -1.2428438e-01   3.5442315e-01  -1.2734069e-01  -1.1801308e-01  -3.6799680e-01   8.6732146e-02   8.9989767e-02   4.8297061e-01   2.1943799e-02  -2.7877706e-01  -4.5416882e-01  -2.3232564e-02  -2.9186781e-02   2.4457430e-01   1.3912858e-01  -4.5929487e-01   3.3576085e-02  -1.0736800e-01   2.7575516e-01   1.7531788e-01  -1.5463818e-01   6.7212158e-02   5.6592417e-01  -2.6554797e-01  -1.3763481e-01  -2.1020890e-01   5.3871000e-01   2.4398037e-01   7.9611884e-02  -2.6377315e-01   1.3663998e-01   1.7810854e-01   3.5703764e-01   6.4656809e-01   2.5813557e-01  -8.3693367e-02   1.2167823e-01  -2.1513080e-01   2.7929675e-01   3.4324196e-01  -4.9785003e-02   1.7510473e-01  -2.2536900e-02   1.0093722e-01   6.1726669e-01  -2.1552064e-01  -3.5593652e-01   6.7791565e-01   9.8435749e-02  -9.6870702e-02   4.7505592e-02   1.3465578e-01   1.0045359e-01   2.6404643e-01  -3.3803344e-01  -1.5051395e-02   1.0942207e-01   4.3134554e-02   2.9117104e-01   3.7498983e-01  -9.4884140e-02   2.6330986e-01  -2.1277420e-01   4.6843896e-02   1.1437765e-01  -2.5478298e-01  -1.8276873e-01  -3.7405088e-02  -4.1097022e-01   1.5992063e-01   1.1513557e-02  -2.1564898e-01  -1.7553062e-01   3.0863800e-01  -2.1462734e-02  -1.9606793e-01  -1.7053179e-01   2.1599336e-01   9.7241057e-02   1.7091200e-01   7.0972649e-01   3.5381071e-01   1.1208979e-01   1.7460467e-01  -2.3096810e-01  -1.7489404e-01  -1.9904884e-01   2.7284522e-02   5.3930552e-01  -1.0327566e-01  -1.3029523e-01  -3.0509009e-01   3.2539876e-01  -1.1028781e-01   1.0236859e-01   3.8327805e-01  -8.7206484e-05  -3.2425223e-01   2.9180561e-01   2.2015941e-01  -2.0314803e-01  -1.3799393e-01   2.0360432e-01   2.3660701e-01   4.8495441e-01  -1.3260660e-01  -4.0966691e-03  -1.3350480e-01   3.2279480e-02   5.1097144e-02   5.4656419e-01   1.4799418e-01  -2.1451416e-01  -2.5921007e-01   4.2246866e-01   8.4568907e-03   2.6059548e-02  -4.3742747e-02   5.3522800e-01  -1.9722329e-01   1.5499354e-01   2.9574467e-01  -3.4570762e-01   2.3281768e-01   3.8077567e-02  -6.9077491e-02  -1.8166783e-01  -8.7910848e-02  -1.0158537e-01   5.6092977e-01  -6.5344532e-02  -6.9935575e-02  -2.2355327e-02  -4.3042320e-02  -1.2433749e-01   5.0583962e-02   7.0767450e-02   7.8782274e-01   1.7563123e-01   5.1945926e-01   5.3502463e-01  -3.4730425e-01   6.0834465e-02  -4.7266514e-02   3.0028124e-02  -1.3937164e-01  -4.2192842e-01   1.5872274e-01   3.1264354e-01   2.9848739e-01  -1.4035641e-01   5.5939595e-02   4.8671182e-01
  -1.6381293e-01   6.2853874e-01   1.0517908e-02  -1.4915561e-01   3.2145703e-01  -2.2575064e-01  -1.8617996e-01  -9.8101349e-02   3.4209774e-01  -3.3836683e-02  -3.4795166e-01   0.0000000e+00   1.3610099e-01   2.5755625e-01  -1.2847240e-01   8.2629267e-02   8.8485823e-03  -4.9179661e-01  -6.3874524e-03  -6.9582597e-03  -4.4661187e-01  -2.9220737e-01  -4.1904693e-01   1.2309932e-01   1.5103170e-01  -1.0033388e-01  -1.4763016e-01  -2.0508789e-01   4.2779065e-01   3.8977773e-01  -2.6742099e-01  -1.8610270e-01   8.1939505e-02   1.6479796e-01   4.4013880e-01  -2.5736492e-01  -3.1007995e-01  -3.3153114e-01   5.4171685e-02   3.2787844e-01   1.5867667e-01   4.1518983e-04   2.2276051e-01  -1.3078365e-01   1.6603246e-01  -4.4887979e-01  -2.9997338e-01   2.2801652e-03  -1.5724675e-01   5.1065230e-01  -5.0794976e-01  -6.8556347e-02   3.3068722e-01   3.4814367e-01  -4.4084010e-01  -8.9913262e-02  -2.7615884e-01  -2.9542909e-01   8.4503751e-02   3.7056142e-01  -1.5478939e-01   2.4543610e-01   2.3981267e-01  -2.0941033e-02   3.1998245e-01  -3.9423664e-01  -2.4661899e-01   1.0486985e-01  -1.2441021e-01  -3.0531817e-01   2.5945660e-01  -4.8632982e-01   8.8045259e-02   3.8501505e-02   2.6560386e-01  -2.4929460e-01  -1.7266660e-01  -7.4348056e-02   5.5961650e-01   1.0760503e-01  -5.3312722e-01   1.8377198e-01  -2.5360371e-01  -1.5280134e-01  -1.5610367e-01  -9.7075874e-02   3.2077107e-01  -9.5498625e-02   3.4947002e-01  -2.1024819e-01   5.3159358e-01  -5.5229377e-02   1.7743196e-01   3.5516083e-01  -3.2128083e-01   3.2284871e-01   1.5156921e-01   8.1594396e-02   1.0957876e-01  -1.3098252e-01  -3.1779578e-01  -4.3690629e-02  -2.2299381e-01   4.8065403e-01  -4.1388949e-01   4.6043468e-02  -1.5033037e-01   2.1545998e-01  -1.5951133e-02   1.6269628e-01  -1.0631382e-02   2.0627540e-01  -1.6149617e-01  -2.2625873e-01  -4.9501265e-01   4.5648232e-01   1.9082709e-03   2.7099583e-01  -2.1062261e-01   1.2644247e-02  -2.5187821e-01   7.5941744e-01   5.1614580e-02   1.1149731e-01  -1.7282520e-01   3.1437113e-01  -1.0595589e-01  -1.8221905e-01  -1.1809052e-01  -5.9998350e-02  -4.4484721e-02  -1.8613927e-01   2.3267578e-01  -1.4901020e-01  -5.2593886e-02  -4.8439299e-02   2.9322100e-01  -2.6945895e-01  -8.6601342e-02   2.4514946e-02  -5.4711425e-02  -1.9890380e-01   1.8925279e-02  -1.7494631e-01  -3.9517180e-01  -2.3865776e-01  -5.8594054e-02  -7.6200512e-02  -3.0408835e-01  -1.5452089e-01  -4.2627530e-01  -2.8817468e-01  -2.4529126e-01  -2.2155548e-01   6.8459872e-01  -1.0087261e-01  -4.1937057e-01   2.7963828e-01  -6.0850144e-02  -3.1951632e-01   9.8003385e-02  -2.3532581e-01  -2.5066283e-01  -3.2071755e-01  -1.4062651e-02   3.4121116e-01  -2.1002507e-01  -3.0474461e-02  -4.1614461e-01   1.2423464e-01   3.8879347e-01  -3.2004456e-01  -9.8033443e-02  -2.5847266e-01   1.6133087e-01   8.3446694e-02  -1.3134446e-01
  -6.8375886e-02   9.9061127e-02  -1.6645459e-01   1.3977183e-01   2.6826035e-01  -1.9710784e-01   8.5454556e-02  -1.3100846e-01   1.0606330e-01   1.7638879e-02  -1.3709984e-01   1.3610099e-01   0.0000000e+00   2.5706901e-01   1.2439357e-01   2.5931060e-01  -1.3765250e-02   2.5584142e-01  -2.4576222e-01   1.0727444e-01   1.1149242e-01  -1.1074422e-01   1.1428786e-01  -2.1424105e-01   1.9621229e-01  -4.6249418e-01   6.8229390e-02  -2.3355975e-01   1.7641895e-01   1.1416397e-01   3.1976140e-01  -5.5236437e-02  -7.1204590e-02   3.2091472e-01   8.6827693e-02   7.7415068e-02   3.8550067e-02  -3.9277719e-01   3.8029944e-01   2.4150937e-01   7.5549834e-01   2.6848638e-02   5.7957558e-03   8.0983632e-02   2.8405275e-01  -2.9820348e-01   2.6461329e-02   1.5359869e-01   3.0912233e-01  -1.0978740e-01   4.6118943e-02  -4.0085072e-01   4.4073577e-01   1.8437067e-01  -9.5568775e-02  -2.4005459e-01  -5.4438379e-01  -1.1518052e-01   3.2448861e-01   1.3488492e-01  -4.3077950e-01   2.3779422e-01   2.2576857e-02   1.4813153e-01   3.1178224e-01  -6.6510037e-02   2.7989899e-04  -1.2951013e-01  -1.7004396e-01  -3.1820393e-01   1.0880643e-01  -2.9898954e-02   6.8872725e-01  -8.1943397e-02   2.4788563e-01   1.8184177e-01  -3.2056068e-01   4.0982327e-02   4.5692484e-01   3.6095944e-01  -1.0036822e-01   5.5013002e-01  -4.5772805e-02  -1.9392811e-01   9.7056522e-02  -4.0024460e-02   3.6171126e-01  -1.9047100e-01   3.5077682e-02  -2.3634314e-02   1.2144966e-01  -3.4773301e-01   1.1066422e-01   8.4052869e-02  -3.3919654e-01   5.4866395e-02   3.0711481e-01  -7.6254128e-02   2.5351295e-01   1.1138296e-01   7.0179355e-02   5.7809413e-02   6.5952843e-02   1.2745114e-01  -1.0439572e-01  -2.9985772e-02  -1.9575880e-01  -1.5994619e-01   6.4325944e-02   1.9326994e-01   5.7121940e-02  -1.6474836e-02   1.6465135e-01  -1.7561532e-01  -1.2340368e-01   4.4840934e-01  -2.2575152e-01   7.5628014e-01  -2.4580197e-01   1.3818350e-02  -3.8074708e-01   1.6067698e-01  -1.9546002e-01   2.9644161e-01  -4.3876534e-01  -9.6107063e-02   1.1801795e-01   2.3754126e-01   5.7805475e-02  -1.1118517e-01   4.2477998e-01   3.9756989e-01  -1.2051431e-01   3.4081544e-01  -6.8745899e-03  -1.0330172e-01   1.9755645e-01   1.8704369e-02  -3.0130454e-01  -1.7112564e-01  -6.0045904e-02   3.7096234e-01  -2.2713472e-02  -3.9393991e-01   1.0057241e-01   7.1098199e-02   6.4913833e-02  -7.1915724e-02  -9.5791867e-02   1.4197458e-02  -1.0859394e-01  -6.4232845e-03  -3.3093864e-01   2.0513048e-02   1.1048343e-01  -1.8267423e-01  -4.2074881e-01   3.3993544e-01  -2.2558451e-01  -1.2933123e-01   7.5469973e-02  -5.5998039e-02  -1.4522142e-01   1.4827664e-01  -7.4068014e-02   4.4643634e-01   4.8129101e-02  -5.4704637e-02  -2.9365891e-01   3.5994317e-01   2.0301955e-01  -2.3585187e-01   1.8826248e-01  -3.2963207e-01   2.1755681e-01   8.6203217e-02  -1.9092949e-01
   2.1078901e-01   2.5071944e-01  -4.0677273e-01   1.1632450e-01  -3.0902578e-01  -1.6413670e-01  -1.1304903e-01   1.8045320e-02   2.8944930e-01  -4.0987412e-01  -5.9142309e-03   2.5755625e-01   2.5706901e-01   0.0000000e+00   1.4033744e-01   3.1815015e-02  -2.4695492e-01  -2.9474964e-02  -1.6385566e-01  -3.6066382e-01  -1.9718477e-01   2.1604242e-01  -2.2510496e-01   1.5429995e-01   8.9676952e-02   5.0920555e-02  -3.6510558e-01   5.4546340e-02   2.4559872e-01   4.0672024e-01   2.4595971e-01   1.0357930e-02   2.1090059e-01   9.4116846e-03   1.1398817e-01  -3.6248901e-01  -3.7104057e-01  -2.4772568e-01   1.1516803e-01  -2.0786165e-01   1.3973446e-02  -1.6054402e-01   3.6877546e-01   2.8699391e-01   5.0512472e-02  -4.4198607e-01  -9.1536657e-02  -9.1816866e-02  -1.0929547e-01  -7.0124767e-02  -7.1054438e-02  -6.5451295e-02   4.1897182e-01   4.6331734e-02   2.0483261e-01  -1.6517934e-01  -2.5026155e-01   2.2134272e-01   5.2223614e-02   3.3802177e-01  -2.3707416e-01   1.4152941e-01   3.1204182e-01   3.7227679e-01   1.0741440e-01  -2.6697416e-01  -1.5726937e-01   2.2169501e-03  -1.0133052e-01  -2.6309347e-01  -1.3197200e-01  -6.6840375e-02   1.6569007e-02   3.5450921e-01   1.1402758e-01   8.2104127e-02  -2.7827079e-01   2.8972975e-01   4.1358438e-02   1.0685980e-01   1.1703048e-02   4.0726149e-02   3.5194363e-01   2.1417842e-01   3.5293197e-01  -8.6210676e-02   2.2643371e-01   7.7647808e-02   2.8308108e-01   3.4316162e-03   9.5741697e-02  -2.8862674e-01  -5.6772879e-02   3.2399435e-01  -4.3829586e-01  -4.8395213e-02  -7.5748719e-02  -1.9131357e-01  -4.8331020e-02  -1.8097327e-01   5.9523337e-02   4.8119347e-02   4.5137024e-01   4.0642083e-01   1.0628977e-01   1.8489718e-01  -1.1642669e-01  -1.5448489e-01  -3.3851879e-01   3.1785129e-02   1.3700859e-01   3.5603660e-01   1.9088141e-01   3.7194806e-02  -2.9853508e-01   1.5245124e-01  -5.5302882e-02   1.6668889e-01   4.3518601e-01   2.7955925e-01  -2.4290854e-01   2.3954997e-01   2.4558307e-01   3.1610474e-01  -2.8574337e-01   4.9504098e-01   1.0190769e-01  -9.1893689e-02   1.3747862e-01   3.4757967e-02  -1.1663602e-01  -7.9432739e-02   4.0564388e-01   2.0917102e-02   2.3715235e-01   3.7872060e-02   7.0371479e-02  -1.7752102e-02   5.0506295e-02   1.9029760e-01   4.1349939e-01   6.8447390e-03  -5.2381250e-02  -5.7253430e-02  -6.6311471e-02   2.3997282e-01  -3.8523760e-01  -8.3875929e-02  -9.9326840e-02  -1.5208908e-01  -4.6846245e-02   1.8117608e-01  -1.0638892e-01   1.7767040e-01   4.8016181e-01  -5.9421252e-02  -3.7385280e-01   6.1938237e-02  -1.8777617e-01  -3.4414256e-02   2.2770111e-01  -4.4294656e-03  -2.1712029e-01  -2.8008089e-02   1.0753776e-01   1.1555161e-01   1.0876257e-02   2.9126535e-01  -3.5495135e-01  -2.4660324e-02   1.0969720e-01  -1.6926055e-01   3.5383111e-02   2.3719830e-01  -4.6831034e-02   9.3011644e-02  -1.0764349e-02
