   0.0000000e+00   3.0562081e-01   2.1813486e-01  -8.4239091e-02  -6.2871160e-01  -2.4627051e-01  -4.5353513e-01   4.4107810e-02   2.2653445e-01  -3.1495773e-01  -3.0268684e-01   4.1678428e-01  -4.0934786e-01   5.1798063e-01   4.5397675e-01  -4.2591761e-01   2.5775455e-01  -7.5746032e-02  -4.0189773e-02  -5.4926225e-01  -5.5132775e-01  -2.3271519e-01  -3.2394050e-01   8.7489493e-01  -3.8494244e-02   2.5312338e-01  -4.9259235e-01   4.4979339e-01   3.3300638e-01   1.4862384e-01   7.1536211e-02  -9.7439087e-02  -1.7342940e-01  -9.0568928e-02   5.6194276e-01  -6.1028361e-01  -4.1981184e-01   4.4250327e-01  -4.7435589e-01  -5.0903153e-01  -4.3255862e-01   1.3572910e-01   4.1541839e-01  -2.9013244e-01  -9.7655129e-02   2.7477103e-01  -4.8554303e-01  -4.4438367e-01  -4.8182130e-01   6.6913965e-02  -2.7152469e-01   1.5962727e-01  -8.7892254e-02   1.3712308e-01   3.4587933e-01  -1.4486605e-01   1.4524834e-01   1.2799213e-02  -2.4426320e-01   6.9558974e-01   1.1333361e-01  -5.2111069e-01   1.7523568e-01   3.6162610e-01  -2.2296933e-01  -3.9985864e-01  -6.6418995e-01  -5.1335081e-01  -4.0417520e-01   1.6391571e-01  -2.7526411e-01  -2.1990847e-01  -3.7258801e-01   3.8383021e-01   2.5090873e-01   1.3180433e-01   7.1000243e-02  -5.7278267e-02  -3.8054783e-01  -4.2537379e-01  -1.8750257e-01  -4.7306082e-01  -4.2336173e-01   1.9872208e-01   5.3504496e-01   4.0041126e-01   2.4325240e-02   6.3751652e-01   3.2207918e-01   7.9412160e-01  -4.6316217e-01   3.7073101e-01  -1.2017577e-01   5.6177862e-01   3.7565887e-01  -5.6179580e-01  -5.7739457e-01   9.2326494e-02  -5.7982158e-01  -4.9045589e-01  -2.6815607e-01   6.4667850e-01  -3.6540065e-01   4.9170210e-01  -9.1533251e-02  -3.0298637e-02   1.0153431e-01  -2.8405099e-01  -5.9628400e-01  -5.1227291e-01   2.8867109e-02   4.0592057e-01  -2.0848432e-01   8.9900582e-01   3.1215300e-01  -2.6271082e-01  -1.8687061e-01  -5.2739351e-01  -5.8208563e-02  -2.5776008e-01   2.7759281e-01  -5.8941059e-01   5.8295058e-01  -3.5172102e-01   5.9862442e-01   6.3147359e-01   3.5161301e-03   2.0256055e-01   2.0580188e-01   5.2894770e-01  -3.2024029e-01  -6.1135400e-01   6.3940586e-01  -2.0445489e-01   3.3701801e-01   3.0383421e-01   1.5315675e-01  -1.7310555e-01  -4.1646506e-02   7.5740152e-01   8.0999332e-01   1.1335329e-01  -1.8562897e-01   1.1781436e-01   3.9476149e-01   3.7845821e-01  -1.0717034e-01  -5.2789101e-01  -4.3181570e-01  -3.4173277e-01   6.4900089e-01  -2.0785529e-01   5.9141078e-01  -1.2442084e-01  -2.5869750e-01   6.9759544e-01   4.3012539e-02  -2.9783871e-01   9.7731114e-02  -3.6970070e-01   6.6678071e-02   2.1437153e-01  -3.3836353e-01  -3.3231688e-01  -5.3266356e-02   1.0709614e-01  -3.3270237e-01   3.0682835e-02   7.0134061e-01  -3.7971523e-01  -2.0325292e-01  -5.5421617e-03  -3.7811252e-01   1.1031331e-01   1.6311293e-01  -4.1199656e-02   5.1178150e-01
   3.0562081e-01   0.0000000e+00   4.6628109e-01  -1.5018785e-01  -3.2261801e-01  -1.1167437e-01  -4.4044455e-01   7.7586073e-02   1.3412674e-01  -2.8106196e-01  -2.2444965e-01   5.5011490e-01  -3.8475502e-02   1.9505076e-01   6.9719461e-02  -3.1060213e-01   3.4428400e-01   3.1083711e-02   7.7398825e-03  -2.8751486e-01  -6.2188951e-01  -1.9906999e-01  -5.8018808e-01   3.6848664e-01  -1.3253867e-02  -4.7901429e-02  -4.8045279e-01   1.1551218e-01   3.2726988e-01   4.9379725e-01   3.5163760e-01  -2.9891239e-01  -1.5629739e-01   1.7891567e-02   3.5559772e-01  -5.1248740e-01  -3.6472854e-01   1.6710215e-01  -2.4088636e-01  -4.3096470e-01  -2.0564021e-02  -8.1334551e-02   3.7629018e-01   1.1728323e-02  -1.9720066e-01  -1.1202028e-01  -4.4105279e-01  -2.9668157e-01  -2.8109660e-01   1.7072281e-01  -4.5214112e-01   5.9930810e-02   1.9636506e-02  -5.4900898e-02   5.1782662e-02   1.7424940e-02   3.0243540e-01  -2.3752013e-01  -1.5193205e-01   4.0753399e-01  -1.2956585e-01  -5.6008119e-01   5.0108768e-02   4.8155979e-01   1.4880019e-02  -4.2983915e-01  -3.9063653e-01  -2.2037425e-01  -2.5517165e-01   2.4940595e-01   4.6551210e-02  -3.0921781e-01  -1.1076177e-01   4.7264803e-01   2.1905068e-01  -1.5773378e-02  -2.8060580e-01  -1.3384771e-01   9.0342070e-02  -5.9324324e-02  -2.0622217e-01  -1.9226342e-01  -2.1647737e-01   2.1444701e-01   5.5695041e-01   5.8328553e-02   2.1673053e-01   2.4835696e-01   5.8393443e-01   3.2599692e-01  -1.6543634e-03   2.9866943e-01   5.8103190e-02   2.0825360e-01  -8.7002363e-02  -2.5428381e-01  -5.7572527e-01   3.3055759e-01  -3.1365579e-01  -6.6319915e-01  -3.5748130e-01   2.8831070e-01  -4.2215195e-01   5.0928850e-01  -3.4913294e-01  -1.3241228e-01   4.1524261e-02  -5.0965863e-02  -4.1965850e-01  -3.8186905e-01   2.0565317e-01   8.7511501e-02  -3.0762860e-01   2.8423665e-01  -6.7102829e-02   1.9356853e-01   7.8842576e-03  -1.8463016e-01  -4.8691176e-04  -3.8263650e-01  -1.3089454e-01  -1.5043103e-01   5.7308688e-01  -2.8447889e-01   1.1782090e-01   3.5433489e-01  -3.8917794e-02  -9.7391115e-02   2.0602671e-02   5.2379579e-01  -5.9000376e-02  -4.3002599e-01   4.4678218e-01  -4.1715604e-02   1.0203969e-01   1.8167505e-01   3.4821846e-02  -4.3538433e-01  -1.3373719e-01   2.8825586e-01   1.6477206e-01   2.3019687e-01  -1.7525202e-01   4.2800501e-01   6.8118309e-02   2.7694481e-01  -1.5147037e-01  -3.0313597e-01  -4.0994278e-01  -6.5353692e-01   2.3301588e-01  -1.0276142e-01   1.5566130e-01   6.6128430e-02   3.6377195e-01   3.7472958e-01  -2.6401231e-01  -2.8963162e-01   1.1379548e-01  -5.8794369e-01  -9.8265266e-03   1.2142029e-02  -3.4384783e-01  -2.8010260e-01  -1.3741724e-01   2.2132142e-01  -1.9764968e-01   1.5032085e-01   3.5044988e-01  -2.9186955e-02   5.8625759e-02   4.5483301e-02  -1.1748255e-01   5.4910863e-01   3.4112852e-01  -1.3652563e-02   2.2190299e-01
   2.1813486e-01   4.6628109e-01   0.0000000e+00   8.1923179e-02  -1.7507236e-01  -2.2687405e-01  -2.2621849e-01  -1.9058203e-02   1.8848439e-01  -1.1959920e-01  -3.2027746e-01   3.2518789e-01  -2.7583736e-01  -2.1770699e-02  -1.4815689e-01  -3.3519368e-01   7.6853971e-01  -2.2728313e-01  -2.5156973e-02  -7.6930890e-02  -4.6731935e-01  -4.4301029e-01  -2.9204692e-01   1.4916732e-01   7.4764518e-02   6.8111701e-02  -2.9784173e-01   8.5720872e-02   1.0753883e-01  -3.0453116e-03  -1.0874810e-01  -9.7552647e-02  -4.7532898e-02  -1.9906003e-01   3.1529188e-01  -4.0248514e-01  -3.7490694e-01   2.2496359e-01  -3.1678747e-01   4.3182055e-02  -2.5361727e-01   2.4778208e-01   1.9462087e-01  -2.3066525e-01  -4.4059284e-01   3.1324776e-01  -3.5082724e-01  -2.8704092e-01  -3.4305057e-01   5.5256990e-01  -4.2665100e-01   6.6172517e-02  -3.9232164e-02   2.4458351e-01   6.2180078e-02  -1.1403526e-01   4.2105505e-02  -2.0524140e-01  -3.0719158e-01   1.9484348e-01   3.7223848e-01  -4.5201793e-01   1.8139584e-01  -1.8345201e-02  -3.0630454e-01  -4.9156625e-01  -3.2166352e-01  -3.1816498e-01  -2.4543337e-01   7.0726033e-01   1.5856128e-01  -4.0824071e-01  -3.0672630e-01   3.6408553e-01   1.6313376e-01   5.9897655e-02   1.0113289e-01  -1.0443548e-01   2.5772443e-02  -1.3983187e-01  -9.5156693e-02  -3.8016424e-01  -4.0209360e-01   8.4931365e-02   4.1046013e-01   1.3037392e-01  -7.7497926e-02   1.2300809e-01   4.3734462e-01   2.3004188e-01  -1.3196285e-01   7.6618615e-01   3.6462157e-01   2.0397940e-01   2.2057652e-02   4.0646047e-02  -3.9566769e-01   1.4266443e-01  -3.7187637e-01  -3.1539899e-01   1.7602184e-02   2.0669230e-01  -4.9387131e-01   1.7844816e-01  -2.3891466e-01  -7.4915816e-02   2.1290623e-01  -3.0971442e-02  -3.3068899e-01  -4.6671327e-01   2.6566065e-01  -2.2647902e-01  -1.7739265e-01   2.5863641e-01   1.4462671e-01  -5.7528817e-02  -1.1808075e-01  -4.1190119e-01   2.1769081e-01  -1.7966092e-01   1.8454016e-01  -1.7865851e-01   6.2027213e-01  -4.3000980e-01   3.0469887e-01   1.2968221e-01  -3.1705955e-01  -2.5273193e-02   8.2334676e-02   5.3362008e-01  -1.4673905e-01  -5.0627889e-01   6.9292611e-02  -2.6326417e-01   1.6058195e-01   1.7416856e-01   1.2439650e-01  -8.9095447e-02  -1.0660456e-01   1.6437213e-01   1.4169899e-01   2.1106620e-01  -1.4886682e-01   4.0415663e-01   4.9188104e-02   2.0952270e-01   3.7505185e-01  -4.8125232e-01  -3.4047452e-01  -3.0997833e-01   3.4694635e-01  -3.1991089e-01   3.4207296e-01  -2.0849833e-01   4.0119946e-01   2.1846732e-01  -1.5639457e-01  -2.8640839e-01   5.8877687e-01  -3.1135733e-01   3.8295475e-02  -3.3750424e-02  -5.1243737e-01  -3.1369523e-01  -1.3494958e-02   9.4375975e-02  -2.1235287e-01  -1.3232254e-01   3.0910750e-01  -1.6661513e-01  -1.3778167e-01  -8.1054892e-02  -4.6898772e-01   1.7290916e-01   2.7540288e-01   3.6410098e-01   2.4278748e-01
  -8.4239091e-02  -1.5018785e-01   8.1923179e-02   0.0000000e+00   3.0953090e-02  -3.1702295e-03  -9.6384717e-02   3.0781394e-01   6.1995512e-01  -1.6882801e-01   4.3033494e-01  -1.0118947e-01  -2.5909819e-02  -1.7401646e-01  -3.2897666e-01  -1.4854104e-02   6.8540468e-02   2.9227862e-01   1.6844775e-01   1.4117763e-02  -2.9341303e-02   3.4244156e-01  -3.2094148e-03  -1.0396646e-01   2.3011368e-01   2.4390064e-01  -1.0843441e-03  -3.9693701e-01  -1.0186877e-01  -4.2485618e-03  -3.0223203e-02   6.0003111e-01   1.2523917e-01  -2.1756880e-01   2.0555520e-01   1.0602420e-01  -9.8604588e-02  -1.3993165e-01  -3.4721742e-02  -1.9962641e-02  -2.8825342e-02   1.5598613e-01   2.9645916e-01   1.5710698e-01  -4.5188983e-02   4.8224941e-02   3.1562602e-01  -2.2078579e-01  -5.9573865e-02  -3.1828372e-01   3.7737336e-01   1.9765570e-01  -2.8175391e-01   5.6788243e-02  -2.5951013e-01  -1.9809685e-01   1.3549814e-02   5.6062264e-01   4.1550072e-01  -1.0509762e-01   3.2149169e-01   1.2558480e-01   6.8946738e-01  -8.2831824e-02  -7.5192524e-02   2.4267178e-02  -1.4959453e-01   1.5098259e-01   3.5913644e-01  -7.1860257e-02  -2.5249217e-01   3.8628030e-01   9.0545093e-03  -1.8643798e-01  -1.2272018e-01   3.7499566e-01   6.1141737e-02   4.7997095e-01  -1.4286571e-01   2.8096877e-01  -2.6774654e-01  -2.9845732e-02  -1.8912117e-01   4.6083493e-04  -3.0606080e-01   2.5116469e-01   3.0462657e-03  -3.2961500e-01   2.9478462e-01  -2.5808524e-01  -1.5066889e-01  -4.6370319e-03  -2.7112399e-01   3.4746326e-01   9.3928714e-02  -7.2199743e-02   4.8015979e-01   1.9901018e-01   2.5044384e-01  -9.9290324e-02  -2.8534338e-01   8.1857067e-02  -1.1247336e-01   2.2479190e-01   5.0617400e-01   6.0482391e-01   1.6480435e-02   5.3809911e-01  -3.3260530e-03  -3.3294962e-01  -1.9450728e-01  -2.7122149e-02   8.0793583e-01  -6.9806055e-02  -3.7532720e-01  -2.5230458e-01   8.3753659e-02   3.6098773e-02  -3.0988957e-01   7.4056764e-01  -5.3772031e-02   4.6521567e-03   5.4916351e-02  -1.4491579e-01  -2.7890955e-01  -5.9306721e-02  -1.4386627e-01   1.6019179e-01   6.7312888e-01  -3.6885030e-01  -2.0156328e-01  -7.3178550e-02   8.2946701e-03  -2.9791119e-01   6.2434889e-01   2.8917102e-01   7.1629680e-02  -2.3624817e-01   6.6989312e-02   1.9804763e-01  -6.9515765e-02  -2.9550602e-01   4.3939784e-01  -3.0734843e-01  -2.0389529e-01   3.7138003e-01  -9.7417185e-02   2.4967797e-04   1.6463732e-01  -1.2819265e-01  -3.2544268e-01  -3.7087387e-01  -6.4577563e-02   9.6552025e-02  -5.2245173e-02  -8.4185113e-02   9.5862803e-04   2.9811679e-01   8.7818339e-02  -6.0502866e-02   3.9777306e-01   2.9618217e-01  -3.9583269e-03   3.2921029e-01   5.4055657e-01  -2.3894986e-01   3.0551752e-02  -1.3035758e-01  -2.9317638e-01  -3.0739048e-01  -1.7841115e-01  -1.0754816e-01   8.3595364e-02  -8.7062788e-02  -7.7755304e-02   4.8496028e-02   3.1943958e-01
  -6.2871160e-01  -3.2261801e-01  -1.7507236e-01   3.0953090e-02   0.0000000e+00   1.2245562e-02   5.3793011e-01  -1.8236951e-01  -2.6400306e-01   3.5053648e-01   2.4420104e-01  -6.3527882e-01   2.6948614e-01  -5.0086893e-01  -5.9194887e-01   1.9842652e-01  -6.3001664e-02  -1.4722366e-02  -2.7807701e-01   8.9348377e-01   4.6213833e-01  -7.8814584e-02   2.9098038e-01  -5.9608910e-01  -3.4188338e-02  -3.9561250e-01   7.0764215e-01  -4.6379580e-01  -2.2342196e-01   1.2760024e-02  -2.6740736e-02  -1.1388509e-02   2.5909961e-01   6.9464770e-02  -6.1227321e-01   8.9173390e-01   2.7988110e-01  -3.3440875e-01   3.4142906e-01   7.5949018e-01   3.6261415e-01   5.4990872e-03  -4.1568190e-01  -2.6101608e-02   1.6257983e-01  -9.7649629e-02   6.2043294e-01   5.7809185e-01   6.0622175e-01   1.5322501e-01   2.2041181e-01  -2.0150507e-01   9.1591553e-02  -1.2399521e-02  -5.2773709e-01  -2.9814190e-01  -2.9153440e-01  -2.6013481e-01   4.3959936e-02  -7.6239323e-01   9.9215178e-02   6.2186408e-01  -2.3698187e-01  -5.0879378e-01   9.7256910e-02   4.4686047e-01   6.5172676e-01   6.0561587e-01   1.0548468e-01  -1.2773859e-01   5.1435847e-01   1.8208270e-01   2.6169016e-01  -5.8339714e-01  -3.9734426e-01  -2.5220584e-01   1.1884348e-01  -1.5445795e-01   7.0567895e-01   3.2577327e-01  -9.7473075e-02   2.8124094e-01   8.8900273e-02  -3.0451417e-01  -6.2659679e-01  -4.3838830e-01   1.0981025e-02  -5.9011958e-01  -2.8285542e-01  -5.1391416e-01   7.5723553e-01  -3.3926742e-01   1.0118291e-01  -6.2745394e-01  -2.2327398e-01   9.3248701e-01   4.6560644e-01  -8.6246958e-02   7.0282803e-01   4.3799049e-01   2.2907718e-01  -5.6674923e-01   3.9848025e-01  -5.4583869e-01  -1.2648012e-01  -9.9691976e-02   7.6934840e-02   4.6337715e-02   6.1408265e-01   5.7830242e-01  -2.5800788e-01  -5.4735688e-01   2.2675643e-02  -6.7561470e-01  -3.6130283e-01   4.4999765e-01  -2.3637270e-01   3.5173705e-01  -1.5586247e-01   5.3587363e-02  -1.4185587e-01   8.4715513e-01  -4.9896875e-01   1.4877765e-01  -4.0678617e-01  -7.0957880e-01  -2.8407391e-02  -2.0384384e-01  -2.5796402e-01  -4.9248158e-01   2.1391554e-01   5.5575734e-01  -6.3870433e-01   1.4160665e-01  -3.5647564e-01  -3.5335058e-01  -1.4227459e-01   3.4439241e-01  -1.3432472e-01  -5.1690643e-01  -5.3109758e-01   2.7759743e-05  -1.0726030e-01  -3.8604658e-01  -6.0410350e-01  -4.0624018e-01   3.1213460e-01   7.4545235e-01   4.3106692e-01   4.3358858e-01  -4.9860265e-01   1.1931784e-01  -3.6559643e-01   9.9129694e-02   5.1549517e-01  -5.3104593e-01  -7.9900535e-03  -5.3076976e-03   6.8352652e-02   2.5812858e-01   1.7034733e-01  -2.1882545e-01   5.6579995e-01   1.4501269e-01  -2.0596844e-01   2.0964847e-02   4.3185416e-01  -1.8139599e-01  -5.5200714e-01   5.4804942e-01   3.9788519e-01  -1.3022488e-01   3.7551292e-01  -7.8956229e-02  -2.5258031e-01   1.5391849e-01  -4.5638922e-01
  -2.4627051e-01  -1.1167437e-01  -2.2687405e-01  -3.1702295e-03   1.2245562e-02   0.0000000e+00   1.1457716e-01   2.9752451e-01  -3.4865094e-01  -4.9897958e-02   1.7138826e-01   3.0491967e-01   8.6996981e-02   9.9732800e-02   2.3864104e-01   3.1589879e-01  -1.9554396e-01   1.0701582e-01   6.5116905e-01   1.2364744e-01   3.6853603e-01   5.7205910e-01   7.9861738e-02  -1.9510444e-01   1.4774417e-02   1.1485097e-01   3.3123489e-01   2.0520721e-01  -3.1776035e-01  -1.2438090e-01  -3.9020228e-01   2.7171755e-01   8.3219552e-02  -8.1450861e-02  -1.5805768e-01   1.7262095e-01  -2.4559498e-01   1.2169194e-01   9.6383431e-02   7.6394040e-02  -7.8431956e-02   6.5827881e-03  -3.1161978e-01   3.9882569e-01   3.7504238e-02   1.8578422e-01   3.6672412e-01  -1.6309802e-01  -1.7326089e-01  -2.5095422e-01   3.1920457e-01   1.7674950e-01  -5.2549233e-01  -1.2978097e-02   1.5303045e-01   4.8618588e-01   5.5429528e-01   3.9575285e-01   2.0455896e-01  -6.2429436e-04  -7.5483903e-03   8.4391754e-02  -2.8243107e-01  -8.7546236e-02  -1.2887403e-01   3.8572210e-01   4.8678295e-01   7.1661306e-02   6.4410414e-01   3.9947777e-02  -3.7016681e-01   5.0440274e-01  -6.1341364e-02   2.5542627e-01  -6.0589886e-02  -1.8404031e-03   1.1280090e-01   2.2123222e-01  -6.9492461e-02   7.5206863e-02   5.1833438e-01  -1.1468322e-01   2.1903299e-01   2.8852394e-01  -1.4918088e-01   1.4528547e-02  -2.8289086e-01  -1.4017921e-02  -4.1209071e-01  -1.1943485e-01  -9.0748890e-03  -1.7165729e-01  -1.4511849e-01  -2.5410306e-01   1.9789312e-01  -1.7993886e-02   2.1389794e-01  -1.8304967e-02   4.7080575e-02   2.5631604e-01  -5.3719678e-02  -1.9604855e-01   2.8340019e-01  -2.5789810e-01   3.5241167e-01   3.1202670e-01  -1.5391626e-01   4.1581669e-01   1.4016304e-01   8.4894710e-02  -1.9795632e-01   2.8847144e-01   2.0737925e-01  -3.0113872e-01   1.3226278e-01  -3.1189971e-01   4.8856889e-01  -7.8182002e-02   9.2541572e-02   3.4912707e-01   1.5059198e-01   1.1370507e-01  -4.3265357e-01   6.2001940e-02   1.0842907e-01  -9.8388788e-03   9.8180277e-02   8.1933793e-02  -1.4643609e-01   2.7718080e-02   4.0946557e-02   1.1780097e-02  -6.3661845e-02  -3.1981536e-01  -2.6650445e-01   1.2484665e-01  -2.8708058e-02  -9.3372367e-02   3.7845858e-01  -3.9340541e-01  -2.1390883e-01   9.8477335e-02   4.4177559e-01   2.3806965e-01   9.6887152e-02  -1.6292985e-01  -1.6737517e-01   2.6041755e-01   5.5552715e-01   1.1463123e-01  -1.7370023e-01   2.2713434e-01  -1.4127050e-01  -3.0572657e-01  -1.5289315e-01  -1.5240786e-01   3.6193179e-01   1.8709110e-01  -1.2916863e-01   2.5707574e-01  -2.2801539e-01  -1.0857718e-01   2.6643364e-01   4.9967213e-01   4.5955329e-01  -2.0618735e-01   2.2301249e-01   2.9789112e-01   1.3704037e-02  -2.6829082e-01   7.2129786e-02   1.0879987e-01   1.3365706e-01   1.4833726e-01  -6.0662140e-02  -1.7621833e-01  -2.3038927e-01
  -4.5353513e-01  -4.4044455e-01  -2.2621849e-01  -9.6384717e-02   5.3793011e-01   1.1457716e-01   0.0000000e+00  -3.6447011e-01  -4.2139411e-01   6.1260194e-01   1.0597192e-01  -4.8613668e-01   2.9201536e-01  -4.5471576e-01  -2.9546539e-01   1.9043831e-01  -2.7149075e-01  -1.3486951e-01  -2.9673251e-01   5.5542164e-01   6.2709737e-01  -1.4012958e-01   6.2985849e-01  -5.5373558e-01  -2.5312064e-01  -1.0253319e-01   7.0667063e-01  -2.5387720e-01  -3.6887832e-01  -2.0921393e-01  -4.1025189e-02   7.9037948e-02   5.3387907e-02   4.4421618e-01  -5.3079070e-01   6.4208621e-01   4.6565674e-01  -8.6795589e-02   8.8805324e-02   7.6868374e-01   2.3016864e-01   9.5197796e-03  -3.9509562e-01  -1.5813962e-01   2.5446426e-01   1.1374668e-01   4.1273280e-01   7.7511791e-01   5.0831789e-01  -6.3936178e-02   1.6436990e-01  -3.2760722e-01   2.7872392e-01  -4.1089880e-02  -1.6434089e-01  -4.4142450e-02  -2.2943902e-01  -2.5399139e-01  -3.9372399e-02  -6.2392313e-01   1.2555211e-01   6.5705370e-01  -3.8032810e-01  -5.1459632e-01   2.0128534e-01   4.5277336e-01   5.7820509e-01   4.7127418e-01  -2.1863995e-02   7.1405702e-02   5.4551393e-01   1.5004555e-01   1.6077349e-01  -4.6180278e-01  -4.7182108e-01  -2.7016424e-01   2.8568861e-01  -5.1139259e-02   4.0036664e-01  -1.8680966e-02   2.8311622e-01   3.1244423e-01   2.4447982e-01  -3.3683404e-01  -4.1801599e-01  -2.6849136e-01   5.6089852e-02  -5.3959407e-01  -4.8290366e-01  -4.5881540e-01   3.4675931e-01  -3.4033758e-01   2.2369758e-01  -5.4460649e-01   9.6388467e-02   4.9260473e-01   3.2541645e-01  -3.3063971e-01   4.4625990e-01   7.6865980e-01   4.6721515e-01  -4.5485417e-01   2.5794638e-01  -6.1982542e-01  -4.7492145e-02  -1.2408312e-01   1.4478012e-01  -5.3783929e-02   7.5153576e-01   5.3503275e-01   4.1357257e-04  -3.9222909e-01  -1.1235560e-01  -3.5800371e-01  -1.2299964e-01   2.8479672e-01  -2.1552839e-01   2.5337326e-01   2.5356141e-01   5.6768366e-02   4.1501625e-02   4.7146842e-01  -6.0764382e-01   4.4556473e-01  -1.2614348e-01  -6.0104212e-01   3.2664987e-01  -9.2792127e-02  -4.6635302e-01  -4.2683397e-01   2.2722908e-01   7.1741930e-01  -5.7595742e-01   4.4981619e-01  -4.6250333e-01  -3.7190484e-01  -3.2824904e-01   5.5496801e-01  -1.9634228e-01  -3.0526657e-01  -3.0546116e-01   1.2392741e-01  -1.5396612e-01  -2.9958687e-01  -2.3452508e-01  -3.6841696e-01   6.1240762e-01   3.5180568e-01   3.8797771e-01   5.4483072e-01  -3.9411485e-01   3.0135889e-01  -3.7000200e-01  -3.3441329e-02   1.4087884e-01  -3.4653499e-01   2.1068563e-01   6.3059335e-02  -1.5564971e-01   4.3709544e-01  -1.0299919e-01  -2.8478676e-01   2.3998170e-01   7.0747806e-02  -4.5150295e-03   5.5576534e-02   1.9322020e-01  -2.4678518e-01  -3.3083752e-01   4.5123054e-01   4.8463044e-01   4.5808685e-02   1.2400728e-01  -4.0736096e-01  -4.2610939e-01  -1.2153067e-01  -4.5386347e-01
   4.4107810e-02   7.7586073e-02  -1.9058203e-02   3.0781394e-01  -1.8236951e-01   2.9752451e-01  -3.6447011e-01   0.0000000e+00   1.4846598e-01  -2.6807510e-01   9.6861199e-02   4.0872176e-01  -1.6872332e-02   2.8893152e-01   1.0347491e-01   7.7755834e-02  -8.1046618e-02   9.7928349e-02   3.5249144e-01  -1.0362810e-01  -1.5081517e-01   4.7190231e-01  -2.7989431e-01   4.8278098e-02   2.8153501e-01   3.4991161e-01  -1.8643878e-01   1.4562435e-01   5.4292669e-02   4.9135872e-02  -2.1336900e-01   3.3108434e-01  -2.6095997e-03  -1.9925089e-01   1.5217160e-01  -1.9257121e-01  -3.3055070e-01  -2.3987239e-02  -3.3071408e-03  -3.0558812e-01  -9.1417197e-02   4.7765447e-02   1.6698260e-01   7.3467995e-01  -1.4924984e-01  -1.4734021e-01  -6.5407224e-02  -5.0808583e-01  -3.1208647e-01  -9.8627969e-02   5.0594800e-02   8.3151682e-01  -5.1913514e-01   1.8255453e-02   3.6534369e-02   2.0002701e-01   4.0983123e-01   3.6722357e-01   3.5473915e-01   3.2289714e-01  -1.9403827e-01  -2.3021184e-01   1.6116379e-01   4.0698707e-01  -2.3868161e-01  -6.5042672e-03  -1.0916802e-01  -2.2366590e-01   4.1543114e-01  -5.4058401e-02  -4.6295619e-01   7.3469843e-02  -2.6210362e-01   2.8926084e-01   2.6343142e-01   6.0565304e-01  -2.3478555e-01   3.3220606e-01  -7.3332780e-02   2.8673997e-01   1.1675911e-02  -1.0733644e-01  -1.4762209e-01   6.1720421e-01  -2.2804635e-02   3.9158501e-01  -2.7457040e-01   5.1299171e-02   5.6590287e-02  -3.9872188e-02  -1.0991265e-01  -1.1084307e-01  -1.9917690e-01   1.9397895e-01  -6.8379407e-02  -2.3560675e-01   5.6068686e-02   2.5080678e-01  -8.6221642e-02  -2.7034568e-01  -4.5458711e-01   1.6061674e-01   9.6886767e-02   2.4343102e-01   2.2890888e-01   5.8077671e-01  -3.1233255e-01   4.3345293e-01  -2.2647260e-01  -3.9004583e-01  -1.3174168e-01   3.7197239e-01   3.1762254e-01  -7.6753325e-02  -7.2915982e-02  -2.3414390e-01   5.2652157e-01  -1.3771903e-01  -3.2432696e-01   3.4967355e-01   6.3369523e-02  -5.9068390e-02   1.2516805e-01  -2.3480770e-01  -4.2926033e-02   3.3416560e-01  -7.4847906e-02   1.5166254e-01   4.7386314e-01   8.4049842e-02  -8.9419695e-02  -2.7667033e-01   4.3054249e-01  -5.5721761e-01   1.5347551e-01   8.3377408e-01   2.4127629e-01  -5.4914244e-01   5.1172464e-01  -9.4648392e-02  -6.8566785e-02  -1.3476720e-01   2.8097195e-01   1.5407198e-01   1.7788804e-01   2.5942324e-01  -3.9070348e-01  -4.7155511e-02   6.7412150e-02  -2.8689153e-01  -8.0654700e-02   9.5484587e-03  -2.3383912e-02  -8.4122582e-02   2.3739242e-03  -2.6144903e-02  -8.3690577e-02   2.8506993e-01  -2.3267724e-01  -1.1404928e-02  -4.8630279e-02   1.9801802e-01  -5.8029808e-02   4.1712340e-01   3.0844114e-01  -1.4162712e-02   1.3122748e-01   4.1926193e-01  -4.0823787e-02  -4.3343666e-01  -8.7343455e-03   1.0598724e-01  -3.6782828e-02   3.8849768e-01   1.5003724e-01  -3.0181712e-02   3.0613015e-01
   2.2653445e-01   1.3412674e-01   1.8848439e-01   6.1995512e-01  -2.6400306e-01  -3.4865094e-01  -4.2139411e-01   1.4846598e-01   0.0000000e+00  -3.0796289e-01   3.5455201e-01   1.9777225e-02   5.5806068e-02  -2.4584089e-01  -1.5826771e-01  -1.8845389e-01   9.7076849e-02   4.2323543e-01  -2.3310077e-02  -3.7366435e-01  -4.5123605e-01   4.1833540e-02  -2.5314207e-01   1.6611055e-01   2.5372238e-02   2.0744481e-01  -3.2370019e-01  -3.7178817e-01   2.0578234e-01   3.3582966e-01   4.1359879e-01   5.9015090e-02  -1.3108511e-01  -3.8887978e-02   5.5503957e-01  -2.6327221e-01  -1.7508104e-01  -1.9237014e-01  -2.9269680e-03  -3.4305482e-01   1.0635315e-01  -7.1483625e-02   7.0883447e-01  -9.6665943e-02   6.3446302e-02  -7.9448623e-03  -3.9923267e-02  -2.7122929e-01  -1.2348614e-01  -1.2943419e-01   1.2976852e-01   1.0170555e-01   8.4359832e-02  -1.4344357e-01  -4.0525037e-01  -3.6363801e-01   3.6047909e-02   4.3367043e-01   1.9040948e-01   2.5072523e-01   1.6186771e-01  -2.2996037e-01   9.4773228e-01   3.9681700e-01   1.0923398e-01  -1.7274177e-01  -4.8455760e-01  -9.9222471e-02  -1.9317753e-02   6.8989256e-03  -2.0608602e-01   1.1450037e-01   1.1794563e-01  -1.3576207e-01  -3.7092947e-02   2.4199304e-01  -3.7532174e-02   2.8666495e-01  -1.9441064e-01   1.4434854e-01  -4.2829315e-01  -1.0899006e-01  -3.6490320e-01  -5.0597598e-02  -1.2564028e-01   2.8885669e-01   2.7204994e-01  -1.5606465e-01   6.5755606e-01  -1.3469432e-01  -2.2723550e-01   1.3324765e-01  -3.1467590e-01   7.7233889e-01  -6.9038038e-03  -3.0811088e-01   1.7383507e-02   2.4091170e-01  -2.2791369e-02  -4.6222434e-01  -5.0388266e-01   5.9451554e-01  -3.9479684e-01   7.0868594e-01   1.9602205e-01   1.4925507e-01  -1.4349915e-01   1.9947342e-01  -3.2279563e-01  -3.7941748e-01  -3.4070990e-02   2.5739544e-01   5.1886546e-01   1.7729874e-01  -3.8764439e-01  -7.8672265e-02  -1.0395639e-01   2.4517878e-02  -2.5790495e-01   1.6333761e-01  -1.2015780e-01  -2.6419391e-01   4.4375851e-01  -3.2486630e-01  -2.0445356e-01   1.7333451e-01  -1.2310491e-01  -2.5049333e-02   7.8720713e-01  -1.0605341e-01   2.5544224e-02  -2.8299807e-01   3.2015993e-01  -9.4623718e-02   9.2322210e-01   2.4775478e-01  -2.9911953e-02  -3.6874491e-01  -1.4693622e-01   3.6523708e-01  -1.6645313e-02  -1.0067228e-01   2.3944006e-01  -1.1056841e-01  -6.5150002e-02   3.9427203e-01  -2.6656278e-01  -1.6998454e-01  -1.2327084e-01  -3.8448880e-01  -2.1077025e-01  -4.8290781e-01   3.4361426e-02   3.0732751e-01   5.9152789e-02   3.9709189e-02  -1.9238168e-01   1.5208925e-01   7.4848525e-02  -3.4882216e-01   3.1270909e-01   6.5667977e-01  -6.9774277e-02  -1.9261191e-01   5.8423638e-02  -4.5543259e-02  -2.0201003e-02  -3.2539451e-01  -4.3224236e-02  -2.9172765e-01  -1.7088315e-01  -2.1450622e-01   6.0379346e-02   1.7954416e-01  -1.1158429e-01  -5.1235561e-02   7.0677196e-01
  -3.1495773e-01  -2.8106196e-01  -1.1959920e-01  -1.6882801e-01   3.5053648e-01  -4.9897958e-02   6.1260194e-01  -2.6807510e-01  -3.0796289e-01   0.0000000e+00   2.9765384e-02  -3.2099181e-01   2.4756351e-01  -2.6774379e-01  -7.1965112e-02  -1.5017394e-01  -2.3759017e-01  -3.2785699e-02  -2.2211717e-01   4.4954103e-01   4.5286754e-01  -9.4059718e-02   6.1755169e-01  -3.7061953e-01  -1.6808930e-01  -1.6592760e-01   2.8815649e-01  -1.1506783e-01  -2.8398148e-01  -2.0523817e-01  -1.2331217e-01  -4.2052190e-02  -2.3093462e-01   4.2282010e-01  -3.9548300e-01   4.6610810e-01   5.4356818e-01  -3.5293338e-02  -1.4422822e-01   4.4151686e-01   2.5941471e-01  -2.4712655e-02  -2.1808367e-01   1.5327630e-02   1.8758759e-01  -3.0461404e-02   2.0265850e-01   4.7856317e-01   4.1023448e-01  -2.3508474e-02   1.6654302e-01  -2.8682028e-01   1.8134128e-01  -1.8299550e-01  -1.5649501e-01   1.5110566e-02  -2.9365661e-01  -3.1831178e-01   2.0026853e-02  -3.0348921e-01  -3.8987635e-02   5.4403790e-01  -3.3986547e-01  -2.2926274e-01   2.3104728e-02   5.0227977e-01   3.3576360e-01   1.7140449e-01  -2.0282939e-01   1.5390440e-01   2.9388223e-01  -1.8047041e-01   1.2634670e-01  -2.2143461e-01  -3.7424618e-01  -1.3411937e-01   1.7850464e-01  -1.4278878e-01   2.0961674e-01  -2.3646306e-01   1.9278878e-01   2.1912310e-01   1.3045570e-01  -1.2116738e-01  -2.4766577e-01  -2.7452981e-01  -2.7835079e-02  -3.9760183e-01  -3.4727927e-01  -3.7766926e-01   2.0741177e-01  -2.1724262e-01   3.4798711e-01  -3.3312454e-01  -2.7289292e-02   3.9144934e-01   1.1883843e-01  -2.5948670e-01   3.6141524e-01   6.0718045e-01   4.1089478e-01  -4.0076995e-01   4.2474545e-01  -3.7114824e-01  -2.0303052e-01  -1.5648301e-01  -1.1280025e-01  -1.9098219e-01   7.2993663e-01   4.6524130e-01   1.8571821e-01  -2.7673586e-01  -2.5320130e-01  -2.9919911e-01   1.4020347e-02   4.0425150e-03  -1.8850816e-01   2.3898505e-01   3.2680883e-01  -9.6690449e-02  -1.9539875e-03   3.5816561e-01  -4.3959848e-01   3.0632013e-01  -1.4455244e-01  -3.0329117e-01   2.8320527e-01  -3.2251340e-01  -3.6113495e-01  -2.3529384e-01   2.9851934e-01   5.3525537e-01  -2.1772349e-01   3.0107259e-01  -3.5007156e-01  -2.1848035e-01  -4.5384811e-01   4.5471357e-01  -2.1354380e-01  -2.7449843e-01  -3.2016636e-01   1.7610907e-01  -3.6316317e-01  -2.2842631e-02   4.5926376e-02  -1.7598169e-01   3.6605861e-01   2.0374240e-01   3.5085171e-01   4.2776540e-01  -2.0514546e-01   4.4937117e-01  -3.6724867e-01  -6.9892249e-02   1.2184820e-01  -2.5113410e-01   5.4457515e-02  -1.1738263e-01  -2.5068103e-01   4.1038161e-01  -2.5525317e-01  -3.8123672e-01   2.7039140e-01   9.0694749e-02  -1.3557084e-01   1.4904815e-01   3.1278108e-02  -1.6027008e-02  -3.2083426e-01   1.9420099e-01   2.6778662e-01  -2.0802918e-02  -6.2745561e-02  -1.5118398e-01  -3.4351295e-01  -2.0832506e-01  -3.1678907e-01
  -3.0268684e-01  -2.2444965e-01  -3.2027746e-01   4.3033494e-01   2.4420104e-01   1.7138826e-01   1.0597192e-01   9.6861199e-02   3.5455201e-01   2.9765384e-02   0.0000000e+00  -2.5154059e-01   2.8562864e-01  -4.3990074e-01  -2.8028454e-01   5.9560534e-02  -4.5788861e-01   7.2871861e-01  -7.7616925e-02   8.7861859e-02   2.5361086e-03   4.7093523e-01   1.1056536e-01  -3.1972079e-01  -1.0991441e-01  -7.7871761e-02   2.9642432e-01  -4.6363906e-01  -1.3707596e-01   3.8447987e-01   3.6962012e-01   2.9266248e-01  -1.5014532e-01   3.4118339e-02  -7.0097871e-02   4.3906169e-01   6.3055425e-02  -2.4753021e-01   1.6214319e-01   8.0064726e-02   3.3582874e-01  -3.4617546e-01   1.7887074e-01   1.0178076e-01   4.1106319e-01   5.7298400e-02   7.0423696e-01   8.0796025e-02   4.5762227e-01  -3.3162931e-01   7.2322750e-01  -1.5397757e-01  -9.5846365e-02  -4.8889868e-01  -5.1257353e-01  -1.4310298e-01   2.0376894e-01   3.9452137e-01   4.9944600e-01  -3.1949196e-01   1.5208386e-01   4.5264643e-01   3.8852587e-01   5.9666941e-02   4.1570249e-01   5.6369396e-01   3.1036595e-03   4.2498373e-01   5.0958862e-01  -1.8639092e-01  -7.7338240e-02   6.4464657e-01   2.7851404e-01  -4.4697457e-01  -3.4839593e-01   1.2678444e-01   1.0562123e-01   2.9513871e-01   1.2860488e-01   2.7876054e-01  -2.8472495e-01   7.4036907e-02  -1.5876681e-01  -1.1687998e-01  -6.0808480e-01  -5.4059250e-03   3.8131759e-01  -4.9264740e-01   5.3592958e-02  -4.4634714e-01   2.7913798e-01  -4.3996901e-01  -3.7687805e-01   8.4605032e-02  -6.1119576e-02   6.5816901e-02   4.2542153e-01  -3.0020401e-02   5.4735017e-01  -2.1946760e-02  -4.2532948e-01   8.0467738e-02   1.3159775e-01   5.8547184e-02   4.8438067e-01   3.6641283e-01  -3.5048911e-01   4.3285442e-01   3.3173478e-01   1.1058586e-01  -3.8303383e-01   1.8111159e-01   5.3889257e-01  -3.5604141e-01  -4.9007390e-01   1.9092642e-01   1.3932785e-02   3.0868654e-01  -3.9776833e-01   3.0907521e-01  -7.2430524e-02   2.7118484e-01  -3.2469352e-01   1.3909984e-01  -2.9167204e-01  -4.4314111e-01   1.1601231e-01  -1.5479521e-01   4.1205422e-01  -4.9706087e-01   1.3105935e-01   3.4579590e-01  -2.6510864e-01   7.4639209e-03   2.9853713e-01   3.3029356e-02  -2.7353548e-01  -1.4454103e-01  -6.2772288e-02  -1.1185273e-01  -3.1513167e-01  -1.5267307e-01   5.9718159e-01  -3.2501819e-01  -3.6867652e-01   2.9478138e-02  -1.1248793e-01   4.9899496e-01   6.5910134e-01  -1.9060632e-01  -6.3885762e-01  -9.8541704e-02  -4.1461204e-01   5.9874577e-01   8.8351377e-02  -2.5403989e-01   8.5288688e-02   2.3083290e-01  -2.7450172e-01   2.9059907e-02   2.0295482e-01   5.6796926e-01   5.4438360e-01   2.6955109e-01   1.7749679e-01   8.8342564e-03   5.5577719e-01  -4.1164211e-02  -3.5434184e-01   3.2099966e-02   3.0669806e-01  -1.3818959e-01   6.7867441e-01   1.4263951e-01  -3.8009273e-01  -4.6080592e-01   8.4723314e-03
   4.1678428e-01   5.5011490e-01   3.2518789e-01  -1.0118947e-01  -6.3527882e-01   3.0491967e-01  -4.8613668e-01   4.0872176e-01   1.9777225e-02  -3.2099181e-01  -2.5154059e-01   0.0000000e+00  -2.2404051e-01   5.2227885e-01   5.5182583e-01  -1.7778047e-01   1.5152081e-01  -3.1514727e-02   3.6516993e-01  -4.9867074e-01  -3.4133790e-01   2.4272709e-01  -3.4065170e-01   4.4089652e-01  -5.3341673e-02   1.9126682e-01  -4.7605371e-01   4.7169430e-01   4.2878113e-02   5.4442211e-02  -2.1145355e-01   5.0266472e-03  -3.3690457e-01  -3.0867732e-02   5.1634285e-01  -6.3666038e-01  -5.0617698e-01   3.7575859e-01  -3.6385631e-01  -5.5531897e-01  -3.6284036e-01  -7.0938901e-02   2.7599591e-01   2.5000178e-01  -1.3992339e-01   1.4317545e-01  -4.3662770e-01  -6.0589472e-01  -5.5593602e-01   1.7444759e-02  -1.8388444e-01   3.8452704e-01  -4.5957967e-01  -7.2473672e-02   4.2621297e-01   2.3886628e-01   5.0266602e-01   2.1923666e-01  -1.1229775e-01   7.1981770e-01  -8.3934842e-02  -5.8915800e-01   5.1942432e-02   3.6863290e-01  -3.2749796e-01  -1.6731181e-01  -3.6583450e-01  -5.6352584e-01   5.0484940e-02   3.8080990e-01  -4.9079278e-01  -5.2450307e-02  -3.7648253e-01   7.6808240e-01   2.1435681e-01   2.4289634e-01  -9.2881775e-02  -5.4401565e-02  -2.4541917e-01  -1.9951175e-01   1.3370272e-01  -4.1843041e-01  -1.5083756e-01   3.9952781e-01   5.3200083e-01   3.0669926e-01  -2.2577335e-01   5.1119771e-01   1.5424475e-01   3.9769642e-01  -3.8471888e-01   2.9266622e-01  -2.7162627e-03   3.9689575e-01   2.3193732e-01  -5.8788042e-01  -4.9915446e-01   3.6123891e-02  -6.4556911e-01  -3.8764391e-01  -3.2589712e-01   3.6166940e-01  -2.4456951e-01   3.3136617e-01   8.0401292e-02   1.7889551e-01  -2.3977543e-01   3.1393275e-03  -4.3625533e-01  -4.2003813e-01   1.8105539e-01   5.7226501e-01  -2.3238335e-02   3.6154729e-01   3.6284387e-01  -3.8139024e-01   2.5703767e-01  -4.5107710e-01   1.9464845e-01  -6.3210039e-02   2.0141872e-01  -3.6292432e-01   3.8898562e-01  -2.7698125e-01   3.4765221e-01   6.3760896e-01   7.8109499e-02  -7.2472267e-02   1.0089160e-01   5.9563220e-01  -1.2936812e-01  -5.4060885e-01   5.9605235e-01  -3.9845595e-01   9.8257785e-02   4.4903405e-01   1.8286020e-02  -3.8724826e-01   2.7086908e-01   1.8885735e-01   2.9478657e-01   1.7602301e-01   8.3236465e-02   6.3670297e-01   5.3206871e-01   2.9698566e-01  -2.5126397e-01  -3.5809202e-01  -1.2699937e-01  -4.9713315e-01   3.8604424e-01  -2.0868554e-02   2.1542750e-01  -3.0179875e-01  -1.0631196e-01   4.1255341e-01   1.0127182e-01  -5.8418834e-02  -1.0849185e-01  -2.5102989e-01  -2.4251760e-01  -2.1125124e-02  -3.7264921e-01   4.8321243e-02   2.0755732e-01   1.9539104e-01  -1.4159056e-01   3.3897226e-01   4.5380204e-01  -5.1896216e-01  -7.1070799e-02   1.6592047e-01  -3.5283743e-01   5.1989620e-01   2.0329316e-01  -2.4499055e-01   2.5582384e-01
  -4.0934786e-01  -3.8475502e-02  -2.7583736e-01  -2.5909819e-02   2.6948614e-01   8.6996981e-02   2.9201536e-01  -1.6872332e-02   5.5806068e-02   2.4756351e-01   2.8562864e-01  -2.2404051e-01   0.0000000e+00  -3.8642952e-01  -6.7044958e-02   1.6694354e-01  -3.1584981e-01   4.1518315e-01  -8.9313525e-02   1.6988188e-01   3.3146425e-01   1.7318927e-01   3.2269595e-01  -5.0801151e-01   2.2844886e-01  -1.8960483e-01   1.4183669e-01  -4.0374748e-01  -1.7807713e-01   1.0465861e-01   2.8311353e-01  -1.1184160e-01  -1.0473698e-01   3.4098291e-01  -3.0853955e-01   3.3199295e-01   3.6140960e-01  -4.0296276e-01   2.9113932e-01   7.9670091e-02   8.8970812e-01  -2.7208399e-01   5.6983204e-02   4.1073719e-02   2.8782363e-01  -2.1251398e-01   3.4768757e-01   4.0075668e-01   4.4732411e-01  -1.9667947e-01   3.3137671e-01  -2.5964815e-01   2.8651208e-01  -2.7862473e-01  -2.5771701e-01   1.5179086e-03   1.4646284e-01  -3.6260490e-02   4.3945730e-01  -2.8291822e-01  -1.6708529e-01   3.6321943e-01   6.8698341e-04   6.6474038e-02   2.9569117e-01   2.8944622e-01   2.8932299e-01   3.5161123e-01   5.2185795e-02  -9.2788199e-02   2.5898195e-01   1.6365476e-01   5.3094840e-01  -2.8194805e-01  -9.1681767e-02  -1.6224627e-01  -8.6215726e-02  -1.0620955e-01   1.8323062e-01   5.4455443e-01  -3.0889969e-02   4.3079349e-01   1.8452154e-01  -4.5862241e-02  -1.9273996e-01  -3.5246808e-01   1.6568172e-01  -4.6372617e-01  -9.0685820e-02  -5.4847633e-01   2.0508237e-01  -3.8782248e-01   5.5327851e-02  -8.6552884e-02  -2.7860224e-01   1.4120836e-01   3.0944030e-01  -2.2360021e-01   5.7522805e-01   2.5472269e-01   9.5985590e-02  -2.0656752e-01   2.2146593e-01   4.3155601e-02  -6.1398802e-02   1.0923487e-01  -7.1994198e-02  -9.6900643e-02   3.7901105e-01   3.9889895e-01   8.1235892e-02  -2.6966445e-02   5.7925097e-02  -4.4186305e-01  -2.9954337e-01   2.5977440e-01  -1.0291912e-01   6.5040349e-01   1.2004752e-01  -2.1758334e-02  -3.3618178e-01   1.7721834e-01  -2.3557660e-01   4.0273626e-01  -4.6324093e-01  -4.2626294e-01   3.8654243e-01   8.6591545e-02  -5.9912797e-02  -2.9757692e-01   6.1265953e-01   4.8767310e-01  -6.9172591e-02   4.5409677e-01   1.4026774e-02  -1.4643990e-01  -1.1303010e-01   1.9607989e-01  -3.0787406e-01  -3.7300814e-01  -4.8776506e-01   2.0579322e-01  -5.5201042e-02  -1.4677607e-01   7.4714942e-02  -8.9204169e-02   9.5411056e-02   2.7609274e-01   2.5840649e-01   2.0071966e-01  -4.0656471e-01   1.9840084e-01  -6.0037689e-01   1.8269363e-01   8.3596270e-02  -5.0210828e-01  -8.1737944e-02   4.1076833e-01  -2.3390631e-01   1.3129834e-01  -2.3767482e-01   2.1770291e-02   3.1003402e-01   1.0029968e-01  -1.2544045e-01   1.0088933e-01   1.1954300e-01  -6.7399879e-02  -2.1319062e-01   2.1625339e-01   1.6301484e-01  -9.1867831e-02   2.7008326e-01   1.4221652e-03  -7.6583580e-02  -1.3407513e-02  -6.2912970e-02
   5.1798063e-01   1.9505076e-01  -2.1770699e-02  -1.7401646e-01  -5.0086893e-01   9.9732800e-02  -4.5471576e-01   2.8893152e-01  -2.4584089e-01  -2.6774379e-01  -4.3990074e-01   5.2227885e-01  -3.8642952e-01   0.0000000e+00   4.6037571e-01  -1.0685483e-01   1.3638631e-01  -3.5340832e-01   2.8111764e-01  -3.7220349e-01  -1.4383820e-01   1.8795623e-01  -2.4991824e-01   5.6413082e-01   3.1047785e-02   1.4118294e-01  -4.1884705e-01   7.3603628e-01  -1.5097186e-02  -2.3695892e-01  -3.8692673e-01   1.0483824e-01   9.4777544e-02  -4.6450796e-01   1.0143347e-01  -5.0934001e-01  -3.6851621e-01   3.4506120e-01  -2.1490518e-01  -4.4497593e-01  -4.9845335e-01   1.5447482e-01  -1.5492541e-01   2.2315575e-01  -3.6679865e-01   9.4724911e-03  -4.3153763e-01  -5.1671382e-01  -5.6170523e-01  -6.9647456e-02  -2.7571007e-01   3.1181499e-01  -3.8848011e-01   2.6015316e-01   7.4063660e-01   3.5308420e-01   9.2332651e-03   8.3233612e-02  -1.0245049e-01   4.6814309e-01  -2.0272538e-01  -4.2608694e-01  -2.3458237e-01   1.5309553e-01  -4.0679341e-01  -3.1955484e-01  -2.6883780e-01  -5.7660164e-01  -1.1040301e-02   1.2023850e-02  -4.6361607e-01  -1.7994449e-01  -4.9729840e-01   5.6836073e-01   2.2881200e-01   2.5389351e-01  -1.8509938e-01   2.2422132e-03  -5.0127091e-01  -2.4672999e-01   2.5551931e-01  -2.8844646e-01   3.7213021e-02   4.3231822e-01   6.0198890e-01   2.4341044e-01  -3.2754404e-01   7.9217693e-01  -1.1473912e-01   6.6585147e-01  -3.9548000e-01   1.9583441e-01  -1.1277266e-01   2.5742373e-02   1.4977671e-01  -4.0949495e-01  -3.5623868e-01  -3.0155936e-02  -5.7902536e-01  -2.5064993e-01   6.5536930e-02   7.2915940e-02   8.9957360e-02   4.9892889e-02   7.1949227e-02   1.7547796e-01   9.8389616e-02  -1.6272078e-01  -4.9233753e-01  -3.1278933e-01   8.8135496e-02   3.0314317e-01  -1.5146430e-01   4.7142666e-01   6.4209363e-01  -5.0510157e-01   2.9174475e-01  -3.6048809e-01   1.3754609e-01   1.2401823e-02   1.5634375e-01  -3.8922773e-01   1.6519335e-01  -1.7699918e-01   4.2125906e-01   5.6687378e-01  -2.3585486e-01   2.3817760e-01  -4.5073527e-03   5.5868275e-01  -3.7470269e-01  -5.1748229e-01   5.2589922e-01  -3.7382794e-01  -1.6293591e-01   2.9457538e-01   2.4272221e-01  -5.3187580e-02   4.1674670e-01   3.3945150e-01   6.1552570e-01   3.1935776e-02   3.0947953e-02   2.8822245e-01   4.4667835e-01   3.4285237e-01  -2.7135157e-01  -3.9828110e-01  -3.2724706e-01  -1.4490425e-01   7.4110207e-01   2.5372030e-01   4.5644774e-01  -3.9092804e-01  -4.0622961e-01   4.3792745e-01   3.8783314e-03  -1.7713432e-01  -2.1697919e-02   2.7814863e-02  -2.2945436e-01  -1.4971873e-01  -2.9274493e-01   2.2107003e-01   1.5865543e-01  -1.6690388e-01  -4.1666203e-01   4.8373743e-01   4.6658600e-01  -3.8024748e-01  -4.0439206e-01   1.4249388e-01  -3.9962459e-01   4.4726144e-02   2.3108544e-01   1.0791542e-01   1.1297056e-01
