   0.0000000e+00  -3.4093028e-01  -1.9396250e-01  -1.3884057e-01  -3.2715814e-01  -2.7707033e-01   1.8031276e-01  -1.8998758e-01  -3.0925381e-01   8.9408975e-02   4.1127254e-02  -4.9675142e-02  -1.5671669e-01   4.7242953e-01  -3.5501022e-01  -1.0168044e-01  -2.2553837e-01  -6.6186675e-02  -1.6882837e-01  -2.8119831e-01  -5.4415197e-02  -1.9226751e-01   1.7744200e-01   2.4887259e-01  -2.5569226e-01  -5.2724140e-02  -2.8830994e-01   2.9467566e-01  -1.0498731e-01  -6.7729117e-02  -1.3876609e-01  -1.1385513e-01  -2.9069013e-02   3.9553787e-02  -1.2701612e-01  -1.3208687e-01   1.5554951e-01   5.5872915e-01  -5.2727183e-02  -2.6444268e-01  -1.7692798e-01   1.2894560e-01  -1.5617852e-01   1.1658483e-01  -1.6255901e-02   5.0748214e-01  -2.6763000e-02   4.3976396e-02  -4.4009227e-02  -1.4960552e-01  -8.4462161e-04  -5.1605146e-02  -1.0356283e-03   1.6204229e-01   1.3504433e-01   2.3124350e-01  -2.4478405e-01  -1.2300921e-01  -3.0579040e-01  -2.6095196e-01   3.5054164e-01   7.8565292e-03  -1.3921325e-01  -8.1009953e-02  -5.3955215e-02   3.2760404e-01  -2.7390516e-01  -1.2062635e-01  -1.4619450e-01   5.6065138e-01  -1.3451693e-01  -5.5314976e-02  -7.0191861e-02   2.2143586e-01  -2.2947090e-01  -2.1168937e-01   3.7092790e-01  -3.0770982e-02  -3.1805630e-01  -2.6649268e-01   1.0475347e-01   1.2833548e-01   1.7398008e-01  -2.1853309e-01   6.2879531e-01  -2.2234120e-01  -2.1922758e-01   2.0235642e-01  -1.7643910e-01   6.9083259e-01  -4.7744004e-01  -7.9001053e-02  -1.1907315e-01  -1.5536592e-01   6.3769216e-01  -2.2880980e-01  -2.0672839e-01  -2.6027496e-01  -2.5514725e-01  -2.0607079e-01   6.6260655e-01   1.2616555e-02   4.8684836e-02  -1.5466709e-01  -1.2884592e-01  -2.4176434e-01  -1.5025346e-02  -2.6329953e-01  -5.2962740e-02   1.5378178e-01   8.5864082e-03  -9.4282345e-02  -2.8633657e-01   7.8859340e-01   4.7925592e-01  -2.4630081e-01  -8.9983884e-02  -8.1925716e-02   5.1313146e-01   6.4566933e-02   2.6113369e-01  -5.1123524e-01  -2.5073548e-01  -7.3138002e-02   5.2099452e-01   2.4323238e-01  -2.0999627e-01  -1.7276519e-01  -2.3180079e-01   3.7527727e-01  -1.7279241e-01  -1.9031445e-01   3.7947430e-01   1.0329462e-01  -1.1291530e-01  -2.7240284e-01  -2.2335141e-01   4.2808309e-01  -2.1473810e-01   5.3987479e-01   5.5079387e-01   5.2903204e-02   4.1118746e-02   4.3885255e-01  -1.7064493e-01  -1.1158644e-01   5.7724283e-02   3.3435841e-02   1.1819560e-01   5.0488322e-02   5.5740469e-01   1.6920956e-01   2.3723902e-01  -6.4579189e-02  -2.4470900e-01   6.0307183e-01   3.6786711e-01  -1.6759926e-01   2.4426299e-03   2.3334038e-01  -1.2318800e-01   1.9395590e-02   5.9892056e-02  -1.6306490e-01  -2.2243076e-01  -2.6734906e-01  -1.6409609e-01  -1.0692365e-01   1.4214674e-01  -1.0887058e-01  -2.7300344e-01   4.0897401e-01  -1.2469451e-01   4.5057080e-02  -2.1822958e-01  -4.7694158e-02  -2.7953772e-01
  -3.4093028e-01   0.0000000e+00   3.5275728e-01  -2.9258641e-02   3.6454702e-01  -1.0016838e-01  -3.1095432e-01   1.9458714e-01   1.7060648e-01  -6.1634021e-02   1.2445048e-01   2.3035672e-01  -2.2536848e-01  -3.8656326e-01   4.7596313e-01  -1.4414558e-01   3.3229587e-01   9.4095216e-03   5.5263375e-02   1.3916428e-01   4.1311094e-01   1.7032293e-01   1.2680748e-01  -1.1231412e-01   1.1630584e-01   5.9241525e-02   2.3219286e-01  -2.1282756e-02   6.1827245e-02   3.1286895e-01   2.0196068e-01  -9.7979610e-02   1.9675531e-02   5.0189835e-01   1.5584879e-01   1.9024560e-01   6.7814661e-02  -2.5680444e-01  -1.6890121e-01   5.6465876e-01   1.3525958e-01   5.7866314e-05   3.3764982e-02   6.6802885e-02   3.5411075e-01  -1.6424279e-01   2.7869349e-03   5.5823178e-01  -5.3736175e-02   1.3877581e-01  -1.0600269e-01  -2.3917839e-01   5.9716136e-01   1.2641334e-01  -4.1728392e-01  -3.4310112e-01   6.3357644e-02   8.1124967e-02   4.8769183e-02   1.0851456e-01  -3.5650791e-01   9.7922595e-02   1.1417812e-01   1.8391388e-01   3.1758570e-01  -4.2551761e-01  -9.0791521e-02   2.5116996e-01  -3.3257792e-01  -3.7341370e-01   7.1244523e-01   3.6501119e-03  -1.6928702e-01  -3.3758935e-01   3.1329333e-01   2.5429567e-01  -9.8737203e-02   1.1891278e-01   2.7029434e-02   2.9599912e-01  -2.2038673e-01   6.5024699e-03   2.0590275e-01   2.1268417e-01  -3.6874316e-01  -1.5922704e-01   3.0058620e-01   2.7475466e-01   1.1328106e-01  -3.3987146e-01   1.7673034e-01  -1.3101259e-01  -2.8939672e-01   1.3855123e-01  -2.2426255e-01  -1.9856344e-01   2.4505731e-01   9.1795547e-02   3.5823645e-01   5.7727573e-01  -2.5553287e-01   3.3547785e-01  -8.2754874e-02   1.8007351e-01   1.2875650e-01   8.2833165e-02  -1.4652177e-02  -1.2587001e-01   1.8279000e-01   5.0155653e-02   4.6833234e-02  -1.6769220e-01  -9.2489736e-02  -4.1674104e-01  -1.1511631e-01   3.4210877e-01  -4.1512241e-01  -3.5688078e-01  -2.5958095e-01  -1.4378150e-01  -2.3557871e-01   3.7450312e-01   3.5039638e-02   2.3028486e-01  -9.5962270e-02  -1.4041986e-01   3.0110423e-01  -7.8230824e-02   1.7397324e-01  -9.9306867e-02   2.1456941e-01   4.6388207e-01  -1.6140556e-01   2.1942079e-01  -2.4141094e-01   1.9422633e-01   2.3787989e-01  -3.1390186e-02  -1.7399275e-01  -2.1462478e-01  -2.9456089e-01  -1.2550235e-01  -2.8645191e-01  -5.1114482e-01   3.2456674e-01   3.4990091e-01   3.3261757e-01  -1.3325480e-01  -4.7423883e-01   4.1672347e-01  -2.9732663e-01  -2.1289269e-01  -1.0231020e-01   1.0840286e-01   1.7683552e-01  -2.8704149e-01  -4.7583624e-01   1.9224462e-01  -9.1887500e-02  -2.5940049e-01  -2.6670817e-01  -1.8367027e-01   4.1763731e-01  -5.5717451e-03   1.3373276e-01   2.0105204e-01   3.7041459e-01  -1.5215265e-02   1.8736913e-02   1.2018650e-01   1.0220297e-01  -4.0328052e-01   1.0037449e-01  -1.7701975e-01   2.3018508e-01  -1.3792161e-01   2.1351822e-01
  -1.9396250e-01   3.5275728e-01   0.0000000e+00   3.4378810e-01   2.4426140e-01   3.7541220e-01  -9.9712011e-02   9.1891418e-03   1.3205712e-01  -1.2780973e-01  -5.2302713e-02   3.9620517e-01  -1.4561313e-01  -2.5152563e-01   2.4413540e-01  -9.0415469e-02   7.2977218e-01   2.7295042e-01   1.8564608e-02   5.0440873e-01   4.1322329e-01   4.3666918e-01   1.1617960e-01   6.0590773e-02   2.7935777e-01  -3.8276900e-01   4.7951910e-01  -3.2303890e-01   4.0368871e-01   3.6390962e-01   1.4915532e-01   2.9843751e-01   3.5898153e-01   1.0092208e-01   2.8156487e-01   3.1175667e-01   5.2136664e-02   2.2898370e-02  -2.8755163e-01   6.3046134e-01   1.8813811e-01   1.6842954e-01   5.1009142e-02  -1.7165395e-01   3.0387922e-01   1.0021410e-01   2.1291424e-01   2.0531470e-01  -1.7321166e-01   3.0661852e-01   3.2427365e-01  -1.7465887e-01   1.2548505e-01   4.1471937e-02  -4.2499057e-01  -2.6934294e-01   4.3547127e-02   2.2398841e-01   4.2473830e-01   3.3941087e-01  -4.9100494e-02   1.9307309e-01   3.1507899e-01  -9.5930742e-02   4.1161690e-01  -3.4543174e-01   1.9548910e-01   1.7782799e-01   2.5839349e-02  -8.9070425e-02   1.3834648e-01   2.3680894e-01  -4.2766704e-01   1.8568600e-01   2.0073196e-01   1.2276907e-01   1.5518787e-01   5.8410823e-02  -3.0576134e-01   3.5424951e-01  -2.4324865e-01  -2.7853900e-01  -4.3281457e-02  -1.2382837e-01   3.1398666e-02  -1.4299608e-01  -1.4840636e-01  -9.0310322e-03   1.2061103e-01  -1.4019411e-01   6.9963980e-02   4.2963700e-01  -1.1290153e-01   2.5270763e-01  -9.4788321e-03   1.7256887e-02   1.4773139e-01   5.5646170e-02   3.8190244e-01   4.6987764e-01  -8.4510010e-02   8.2871192e-02   1.0054975e-01   8.8766473e-03   3.2551968e-01   5.5841580e-01   5.2624088e-02  -5.2226777e-03  -1.5765775e-01  -1.0424367e-01  -7.3662777e-02   1.4008831e-02   2.0633741e-01  -1.2251389e-01  -1.8926919e-01  -1.7537150e-01  -3.9530965e-01  -4.2952660e-01  -1.6326316e-01   1.2137668e-01  -1.7847634e-02   9.8473886e-02   1.4248998e-01   1.2532411e-01   2.2165714e-01   7.4019603e-02   3.9588245e-01  -2.2891674e-01   4.5238311e-01   1.2126272e-01   1.7568242e-01  -1.0745373e-01  -1.1132897e-01   8.7899730e-03   1.2647088e-01   6.3949390e-02   2.5328426e-01  -7.8382192e-02  -2.2347867e-01  -1.4657340e-01  -1.7190199e-01  -2.1088346e-01  -1.3885993e-01  -1.7697617e-01   6.7917547e-03   3.0572358e-01   4.3658403e-01   2.2828613e-01  -1.6628647e-01   2.9764535e-01  -3.7987990e-02  -8.6703633e-02  -2.9121262e-02  -4.5678508e-02   5.7826274e-01  -5.8926109e-02  -1.9979749e-01   4.1670000e-01   4.5673262e-01  -1.6573347e-01  -1.9150594e-01  -1.0771931e-01   1.9740988e-01   4.1970053e-01   3.5448041e-01  -1.5567364e-01  -1.1055252e-01  -3.5433594e-02   1.8088114e-01   2.2249976e-01  -3.3568557e-01  -1.2405612e-01   2.5822172e-01   2.1924416e-01   3.3188094e-01  -2.1648376e-01   4.6680757e-01
  -1.3884057e-01  -2.9258641e-02   3.4378810e-01   0.0000000e+00   2.3888371e-01   4.7301009e-01  -9.3472787e-02   3.7827797e-01   6.7385012e-01  -2.4264807e-01   6.4582007e-03   2.2881883e-01   9.5037324e-03   4.4912517e-03   1.9771641e-01   7.7746740e-02   3.5614699e-01   6.8909912e-01   2.2937790e-01   3.5994172e-01   1.4284917e-01   7.0702135e-01  -1.2314022e-01   9.4803432e-02   2.6995536e-01   1.9424473e-01   7.8424680e-01   4.5647506e-02   4.6978262e-01   2.9643373e-01   3.4390462e-01   6.6123409e-01   3.4292745e-01  -1.4150425e-01   5.0887840e-01   5.1533659e-01  -1.5394536e-01  -2.3859181e-01  -2.4643417e-01   1.5409269e-01   1.6149833e-01   4.0999870e-01   2.4687552e-01   1.0354823e-03   3.0854406e-01   1.4584595e-02   5.6000796e-01  -4.8010806e-03   3.9617207e-03  -6.2759887e-02   6.2400264e-01   1.5616554e-02   1.9004475e-02   2.8542800e-01  -3.2853459e-01  -1.9702938e-01   4.8297468e-02   6.0060206e-01   8.1751848e-01   7.2229371e-01   2.6808443e-01   3.8290672e-01   5.7773734e-01   1.9847863e-01   4.6584333e-01  -2.7927879e-01   3.9422142e-01   3.4152889e-01   4.8720795e-01  -1.7808743e-01  -2.6386814e-01   6.2778393e-01  -2.8167751e-01   1.7473219e-01   2.6616808e-01   4.6375433e-01   1.3441262e-01   3.2606511e-01  -2.3417798e-01   4.7888106e-01   1.0168090e-01  -2.4869404e-01  -7.4497776e-02   7.7333731e-03   1.3635468e-01   2.4380121e-02   1.3299461e-01  -1.2746879e-01   4.4357975e-01  -1.8110289e-01   5.2654802e-02   1.3959619e-01  -5.7778268e-02   7.6466632e-01  -1.0256768e-01   5.3248816e-02   3.8118074e-01   1.4483154e-01   5.6595411e-01   5.9315382e-03  -1.0398750e-01  -2.0918005e-02   2.8593161e-01   4.4760489e-01   5.0173923e-01   6.6227151e-01  -8.9384607e-02   5.7954761e-01  -2.6652804e-01  -4.0333378e-02  -1.8791998e-01   1.7363534e-01   7.1948099e-01  -4.5310878e-02  -1.9048464e-01  -1.4608217e-01   8.2297680e-02  -4.8704763e-01  -5.5396556e-02   6.8815379e-01   8.4397549e-02  -1.5036303e-02   3.8516775e-01   3.8948737e-01  -4.0768396e-02   3.3030235e-01   3.7659538e-01  -1.6537285e-01   6.9473480e-01  -2.5455657e-01   7.4877682e-02  -1.9925971e-01   6.6424067e-02  -7.1316541e-02   5.9957258e-01   4.7081750e-01   3.7690421e-01  -2.2464010e-01   2.8840304e-01  -3.3356194e-01  -1.8806574e-01  -2.8315996e-01   1.9055996e-01  -1.9516922e-01  -1.9640872e-01   4.8567966e-01  -5.7698205e-02   3.1827870e-01   1.8676262e-02   2.8766745e-02  -1.7465208e-01   2.2379984e-01   1.3883159e-01   2.0336074e-01   6.4626214e-02  -9.4119970e-02  -1.5727290e-01   5.8883342e-01   1.9159854e-01  -6.3000923e-02   1.4296827e-01   2.4651893e-01  -3.6066189e-02   7.6541542e-01   6.2592734e-01  -2.4197743e-01  -3.1569150e-02   1.6673591e-01   3.0033012e-01   2.6153428e-01  -1.6589929e-01  -2.3862914e-01   6.2782124e-01   1.9667947e-01   3.9836742e-01  -2.9269000e-01   8.1607162e-01
  -3.2715814e-01   3.6454702e-01   2.4426140e-01   2.3888371e-01   0.0000000e+00   6.6662901e-02  -2.8862453e-01   1.5507164e-01   1.9575091e-01   3.9932775e-01   2.9305541e-01   1.5847460e-01   2.0622221e-01  -3.7786524e-01   1.5243322e-01   2.0384485e-01   2.5744924e-01   3.4671646e-01  -1.1773870e-01   6.9307441e-01   1.7780573e-01   2.4852934e-01  -4.5992404e-02   1.2348056e-02   7.3746308e-02  -4.0887882e-02   3.9852813e-01  -1.0272267e-01   1.4726977e-01   2.5370031e-01   4.5531069e-02   3.4628294e-01   1.1022718e-01   6.9991043e-02   2.2952063e-01   7.3653783e-01   1.8827834e-02  -2.3833121e-01   4.7414097e-02   3.5270038e-01   4.1989699e-01   2.6099585e-01   1.0813780e-01  -1.3935019e-01   2.2590238e-01   1.0675692e-01   5.3686621e-01   6.9013960e-02   1.1053899e-01   7.9672961e-02   3.3660723e-01  -3.9634511e-01   2.2353679e-01  -8.4618809e-03  -4.3116108e-01  -5.1184442e-01  -8.7425384e-02   2.6170253e-01   3.5491173e-01   2.6212503e-01  -2.1549993e-03   4.2103976e-01   1.5569893e-01   5.0389290e-02   8.6055146e-02   1.3919572e-02   3.1808403e-02   1.5798038e-01   2.6099526e-01  -1.1056095e-01   5.2586607e-02   3.5814295e-01  -2.3202069e-02  -1.7792209e-01   1.0971197e-01   3.6862113e-01   1.3407019e-01  -8.2847999e-03   1.8765788e-01   2.2457461e-01  -3.6433779e-02   2.6058324e-02  -5.0199108e-03  -9.6817053e-02  -2.1139508e-01   3.1351580e-01  -1.5413397e-01  -1.4479077e-02   8.7946554e-03  -2.5354974e-01   3.9006263e-01   1.2090093e-01   3.7887197e-03   2.3937551e-01  -1.5956733e-01   3.7799862e-01   4.4316488e-01  -8.4417747e-02   4.8708724e-01   1.7800295e-01  -3.5509792e-01  -1.4622095e-01   1.1819057e-01  -1.9532589e-02   4.8514999e-01   3.0172253e-01  -1.3200317e-01   3.6224128e-02   1.1957553e-01   2.4813595e-02  -8.6158552e-02  -2.6499203e-03   6.8596719e-02  -1.4465675e-01  -2.7219539e-01   1.8884996e-01  -1.8899771e-01  -8.2484984e-02  -2.5769751e-01   1.5883842e-01   1.1816228e-01   5.6977940e-01   5.4832394e-02   3.2467286e-01  -5.6471447e-03  -1.3865806e-01   3.5958481e-01  -2.5801902e-01   2.2849684e-01  -1.0275594e-01   3.5449237e-01   3.7015537e-01  -1.9335639e-01   4.1567286e-02   2.3911174e-02   3.6550427e-01   1.1298552e-01  -3.9368606e-01   1.6442391e-01  -3.4624443e-01  -2.5510020e-01  -1.4944727e-01   1.1243314e-01  -4.0683631e-01   2.5705969e-01   3.7172377e-01   1.7881143e-02   2.3060665e-01   3.2041309e-02   2.8028907e-02  -3.4501617e-01  -8.7084801e-02   2.3597057e-01   2.8602095e-01   1.9277170e-01  -2.3619492e-01  -2.4648155e-01   4.1359265e-01  -7.7188654e-02  -1.3925611e-01   1.1566563e-01   5.5996231e-02   2.7119780e-01   2.5726742e-01   3.0483450e-01   1.4535393e-01   3.3894671e-01  -3.0768617e-01  -3.2593269e-02   1.1030408e-01   2.4983211e-01  -2.4951349e-01   3.7783960e-01  -1.5382984e-01   1.0603927e-01  -2.5971668e-01   2.7396234e-01
  -2.7707033e-01  -1.0016838e-01   3.7541220e-01   4.7301009e-01   6.6662901e-02   0.0000000e+00  -1.6012679e-01   1.8923039e-01   1.1653602e-01   2.1285213e-02  -3.2276051e-01  -2.2290778e-01   2.7665191e-01   2.3452542e-01   5.9227445e-02   1.9263119e-01   2.2349052e-01   9.1410058e-02   2.5307851e-01   2.8029836e-01  -1.5068192e-01   3.1631682e-01  -3.3982381e-01  -2.2772394e-01   7.8235153e-02   2.3462705e-01   5.6399365e-01  -2.1382851e-01   2.2744851e-01   2.1833766e-01   8.2900032e-02   4.0248388e-01   7.4980037e-02  -3.2371963e-01  -1.1880058e-01  -4.1937367e-02  -1.8607690e-02  -2.5857856e-01   1.4214577e-01   1.9808904e-01  -3.5237671e-02   1.7242274e-01  -1.4317472e-01  -1.7192631e-01  -1.1093859e-01   9.5804905e-02  -1.0281186e-02  -2.0494338e-01   3.3188516e-01   1.4569223e-01   2.1165710e-01   2.0429669e-01  -2.3332543e-01  -1.8792699e-01   1.2854941e-01  -2.1139405e-01   4.3364079e-01   1.5712306e-01   4.2402003e-01   2.1061579e-01   1.4254140e-01   7.2462340e-02  -1.0962759e-01  -1.8390413e-01  -6.8796505e-02  -4.9906144e-01   6.0784811e-01  -2.5742090e-01   3.8728836e-01  -1.3385678e-01  -3.7115225e-02   4.9630658e-02   2.8439459e-02   2.1662858e-01   1.1573454e-02  -1.5866508e-02   7.7365765e-02   2.6222942e-01  -2.2413599e-01  -1.3211159e-01   3.6784757e-01  -1.5001618e-01  -1.6995893e-01   1.4128395e-01  -1.9208537e-01   1.1597075e-01   2.1444846e-01  -7.5388201e-02  -1.0189184e-01  -3.2524480e-01  -3.9717764e-02   4.7396571e-01  -1.3875528e-02   1.5048618e-01  -2.8096715e-01   3.7377951e-01  -1.0937799e-01   5.3039759e-01  -6.2596262e-02  -6.5553879e-02  -3.2861552e-01  -2.6338182e-01   6.1357936e-02   2.2468514e-01   7.0551854e-02   4.7178706e-01   5.9504525e-02   5.4197433e-01   1.5694728e-01  -2.6178709e-01  -2.5184683e-01   2.5518837e-01   1.0636031e-01   2.2339883e-02  -4.3082233e-01  -2.6025221e-01   1.3953810e-01  -1.7358477e-01  -4.3257818e-01   3.0573944e-01   1.4082628e-01   3.5032462e-02   2.4838990e-02  -2.3065750e-01  -1.0388076e-01   6.5085917e-02   6.2486306e-02   1.7511699e-01   1.0876343e-01  -6.7395308e-03  -2.1797654e-01  -3.0940540e-01  -2.1119267e-01  -2.0490036e-01   2.5225149e-01   2.0126985e-01  -2.1745678e-01  -3.4959770e-01  -4.2605485e-02   2.2896900e-02  -1.5148852e-01  -1.0216952e-01  -3.6533592e-02  -1.7483116e-01  -7.0300124e-02  -8.2640215e-03  -3.0118924e-02  -1.0514619e-02  -1.8991735e-01  -3.4338774e-01  -2.2716316e-01   2.7713382e-02  -1.1032087e-02  -1.4962633e-01   2.9103658e-01  -3.7795281e-01   1.9567590e-01   8.1901516e-02   3.4542549e-01  -2.0356965e-01   3.2414230e-01   5.1033793e-02  -2.0653019e-01   2.9021727e-01   2.7067673e-01  -6.3363237e-02  -3.8317759e-01   2.4510517e-01   1.3463624e-01   5.3706625e-02  -1.9464623e-01  -1.8946863e-01  -2.4688940e-02   4.2952249e-01   5.6025178e-02   1.1315178e-01   5.3560863e-01
   1.8031276e-01  -3.1095432e-01  -9.9712011e-02  -9.3472787e-02  -2.8862453e-01  -1.6012679e-01   0.0000000e+00  -1.6480442e-01  -2.4168167e-01  -6.8417613e-02   2.3639188e-01   4.1024581e-01   5.4578576e-02   1.2330059e-01   2.2939082e-01  -4.0698751e-01  -2.0455703e-01  -1.5419864e-01   6.6865318e-02  -1.0198900e-01   5.0250777e-02  -4.0762742e-01   4.8650249e-01   2.5095559e-01  -2.2711330e-01  -1.6562585e-01   5.7323768e-03   3.5771931e-01   2.0521068e-03  -2.2590590e-01   4.3329438e-01  -2.3100692e-01  -2.2152623e-01   1.7756439e-01   6.4230217e-02  -1.0687960e-01   2.0383929e-01   1.2685459e-02  -4.1682993e-01  -6.8814821e-02  -4.6529474e-02  -1.0053539e-01   3.0594672e-01   1.9003346e-01  -5.0140911e-02  -1.9229762e-01   1.0543814e-02   2.9636057e-01   8.6351840e-02  -3.3926946e-01   3.6496347e-02   1.6354234e-01  -1.1324327e-01  -1.4310196e-01   1.4338157e-01   4.8757117e-01  -4.8884113e-02  -2.5894387e-01  -2.8191908e-01  -3.7787374e-02  -2.6689336e-02  -1.0192773e-01   9.1175319e-02   1.9292418e-02  -4.9364522e-02   3.4916130e-01   2.8400497e-01   7.0591064e-02   1.3980461e-01   2.9392034e-01  -1.6359734e-02  -2.7921507e-01  -2.1037594e-01   3.2116312e-01  -1.9388253e-01  -1.4162106e-01  -2.1302388e-01  -1.0034986e-01  -1.3019955e-02  -7.5082576e-02   8.7752341e-02   5.4915074e-02   2.4002643e-01  -3.7917509e-02   4.8160206e-01   9.6246436e-02  -2.6659655e-01   2.0527388e-02   1.0723776e-01   2.6631863e-01  -1.5267746e-01  -1.7497915e-01   2.3420340e-01   3.5245576e-02   3.2817697e-01  -2.3261600e-01  -1.9218002e-01  -9.5321193e-02  -1.9195071e-01  -6.6157924e-02   2.7889250e-01   3.4097035e-01   4.1357880e-01  -3.1804498e-01  -2.3205192e-01  -2.4571407e-01  -1.2616885e-01   4.8759795e-02  -4.5174651e-02   1.0328417e-02   2.7183391e-01   1.9141161e-01  -5.8424733e-02   3.5692354e-02   5.6150429e-01  -3.6012078e-02   8.7910885e-02   1.5380018e-01   3.3271274e-01  -3.0580219e-01  -1.4715925e-01  -1.9810985e-01   2.8849898e-01   1.0999052e-01   1.7592273e-02   2.6038474e-01  -1.5863879e-02  -3.8601905e-01  -1.8600004e-01  -1.5792299e-01   1.2534439e-01   1.6295513e-02   2.6335033e-01   4.5284743e-01  -1.1300156e-02  -3.1904771e-01  -1.4631562e-01   4.8380392e-01  -4.8561698e-02  -4.9074458e-02   3.1195117e-01  -1.5525427e-01   1.7308834e-01   2.1744997e-01   3.4097049e-01   2.7025952e-01   4.0922503e-01  -1.6994327e-01   1.4963360e-01   6.3430822e-02   4.2399489e-01   3.2606348e-01   1.0677850e-01  -2.3207481e-01   6.0254142e-02   2.8876184e-01  -7.3124358e-02  -1.0509433e-01  -1.8911054e-01   4.7622483e-01  -3.8192182e-03   9.6096532e-02  -3.0519553e-01  -2.2891887e-01  -3.8857894e-01  -3.9059878e-02  -5.7985611e-02  -1.0851412e-02   2.9564927e-01  -7.5916132e-02  -1.5685179e-01   1.3673677e-01  -2.1635862e-01   4.3690426e-01  -2.7028557e-01  -3.6745268e-01  -3.0535881e-01
  -1.8998758e-01   1.9458714e-01   9.1891418e-03   3.7827797e-01   1.5507164e-01   1.8923039e-01  -1.6480442e-01   0.0000000e+00   2.4917461e-01  -1.8944762e-01   2.7459956e-01   1.0044302e-01  -7.6735684e-03  -2.2716979e-01   2.0370118e-01  -1.0212431e-01  -6.4944660e-02   1.8874294e-01   3.3826740e-01  -3.5384177e-02   2.9188965e-01   3.2445865e-01   1.1755154e-01   2.2280905e-04  -1.2817472e-01   4.3197615e-01   3.8696998e-01   2.0797384e-01  -6.9269527e-02  -1.4224867e-02   1.9933624e-01   1.4338836e-01  -1.3557604e-03   2.3537819e-01   2.0098299e-01   2.8408470e-01   1.0368996e-01  -3.7357710e-01  -3.0390837e-01   9.1530256e-02   3.7810497e-02   8.2670443e-02  -1.8485307e-02   3.7138665e-01   2.5700477e-01  -8.4341300e-02   2.8733126e-01   2.3777828e-01   8.8684842e-02  -2.7965689e-01   8.8780140e-02   5.0076807e-01   4.2364381e-01  -1.1844533e-01  -1.2665044e-01   3.4158550e-02   9.9194901e-02   7.7904246e-02   1.7753386e-01   3.5889146e-01  -1.0715100e-01   9.7371153e-02   1.6672200e-01   3.8429745e-01   2.9791982e-01  -1.9632680e-01   2.7687355e-01   2.1338469e-01   2.5873788e-01  -2.7238594e-01   6.1655884e-02   2.6952155e-01  -3.8710175e-02  -2.3670400e-01  -2.2901741e-02   8.3318671e-02  -8.4982389e-02   2.8920120e-01   2.1022024e-01   1.1958479e-01   4.2781137e-01  -4.0790789e-02   2.5118598e-01   5.9742516e-01  -1.1249857e-01   5.0987576e-02   9.5663024e-02  -5.5647582e-02   2.2251260e-01  -2.5960450e-01   2.3370203e-01  -2.5062953e-01   6.1575478e-02   4.0002600e-01  -1.5344615e-01  -1.1767723e-01   1.9138145e-01   3.3422463e-01   2.3035929e-01   1.6999085e-01  -1.7369595e-01   3.6261047e-01   3.3328773e-01   1.5044669e-01   8.7182991e-02   2.2637683e-01  -6.1869640e-03   5.0055669e-01  -1.0618015e-01   3.0299362e-01   1.3867002e-01   2.7808880e-01   2.5178190e-01  -8.5255513e-02  -1.0022453e-01   3.9732533e-01   1.5971422e-01  -7.1674233e-02  -1.0456513e-01   2.6355099e-01   2.1732635e-02   1.6582796e-01  -2.1865322e-02   2.5874273e-01  -1.7200871e-01  -9.2222945e-02   1.9936984e-01  -2.9418004e-01   2.7212187e-01  -2.7852333e-01   1.7229954e-01   3.2973221e-01  -2.3812812e-02   1.5034273e-01   1.3974062e-01   2.2127219e-01   3.0074576e-02  -9.7158746e-02   2.2788341e-01  -1.4194416e-01  -2.7403163e-01   3.8113237e-02   2.2679355e-01  -2.6225261e-01   9.2847530e-02   2.3911066e-01  -9.6705770e-02   2.8295806e-01  -4.2741228e-02   2.4725027e-01  -2.6341871e-01   6.2743749e-01  -4.3621793e-02   3.2761442e-01  -1.9611115e-01  -1.9354343e-01  -2.1405806e-01   1.2527951e-01  -2.1612873e-01   2.9837403e-01   1.6425676e-02   1.7353146e-01   3.2732618e-01   2.0016914e-01   2.7315912e-01   2.6701246e-01   3.2091623e-01   1.9984579e-01   1.1240962e-01   3.8741205e-01   2.4716045e-01  -2.6192851e-01   3.5777500e-01   1.4391081e-01   1.0125164e-01  -2.7562907e-01   3.5927042e-01
  -3.0925381e-01   1.7060648e-01   1.3205712e-01   6.7385012e-01   1.9575091e-01   1.1653602e-01  -2.4168167e-01   2.4917461e-01   0.0000000e+00  -2.9598133e-01   4.3739373e-02   2.0861924e-01  -1.8560595e-01  -1.7848438e-01   1.8214182e-01   1.1359530e-01   3.5002489e-01   6.2211419e-01   1.5454409e-01   1.6294117e-01   9.7908347e-02   7.1271395e-01  -3.4852077e-01  -2.4294745e-01   3.8760250e-01   1.6073478e-01   4.6224343e-01  -6.8644745e-02   2.6722353e-01   2.7130594e-01   2.1912527e-01   3.4074750e-01   2.0880677e-01  -1.6346356e-01   6.9070316e-01   4.4450955e-01  -4.5036088e-01  -3.3629666e-01  -1.3462752e-01  -4.6720373e-02  -1.7036160e-02   3.6529023e-01   4.9864393e-01  -8.6606071e-02   9.1170746e-02  -3.0282314e-01   4.3520460e-01   1.0615531e-02  -2.3032121e-01  -2.5503963e-03   3.3229901e-01  -1.4738604e-01   3.5003704e-02   3.8563462e-01  -3.7914641e-01  -1.8921970e-01  -8.6601922e-02   5.5979867e-01   6.1985541e-01   6.8990049e-01   2.4318492e-01   1.1428226e-01   7.2709704e-01   2.5877107e-01   3.4860829e-01  -1.2912738e-01   4.3636991e-02   4.7020818e-01   2.5935367e-01  -3.9920338e-01  -1.9518738e-01   6.0187225e-01  -2.0070427e-01  -2.1917744e-02   2.8086089e-01   4.2414416e-01  -5.1811477e-03   1.6920670e-01   8.8384758e-03   5.1128081e-01  -2.1777892e-01  -2.0800677e-01  -2.0259095e-01  -7.5932777e-02  -6.5997886e-02  -1.6539342e-01   3.1915249e-01  -1.8282640e-01   5.6011318e-01  -3.7243697e-01   2.6835605e-01   2.0865305e-02   6.8358942e-03   7.6785891e-01  -2.6367994e-01  -3.4614095e-02   3.9376595e-01   3.6811587e-02   5.4738817e-01   1.5850096e-02  -1.6900661e-01  -7.8963169e-02   2.2915500e-03   5.8754491e-01   3.9743172e-01   3.6904909e-01  -1.9604694e-01   3.8538281e-01  -3.2019556e-01  -5.5338295e-02  -4.0187840e-02  -1.4067857e-01   7.3573366e-01  -3.6487205e-01  -2.6448631e-01  -7.3896822e-02   1.2257163e-01  -4.0449696e-01   2.5656038e-04   4.9107848e-01  -2.5734077e-01   2.7402535e-01   5.2601506e-01   4.6441837e-01  -3.9638373e-01   1.9589547e-01   1.6270230e-01   2.7786848e-02   7.5270763e-01  -2.5271894e-01   1.3291926e-01  -1.1974260e-01   1.7060514e-01  -1.3738262e-01   6.9928093e-01   3.6137169e-01   4.9978654e-01  -3.2685037e-01   3.9580044e-01  -4.7556564e-01  -4.3749374e-01  -2.8680591e-01   1.5012843e-01  -1.2001375e-01  -3.2290254e-01   2.5702267e-01  -2.5136248e-01   2.8420358e-01  -4.8767721e-02  -2.6941803e-02  -3.5533790e-01  -9.0201448e-02  -4.1829587e-03   3.1784772e-01   1.1882140e-01  -2.9832545e-01  -3.5254291e-01   3.6386076e-01   9.7086752e-02  -2.3810680e-01   3.9376300e-02   2.9270531e-01  -2.4923918e-02   6.4269752e-01   4.2350864e-01  -2.7785144e-01   1.8986621e-01   2.2899970e-01  -4.8624143e-03   2.3075460e-01  -7.7514200e-02  -3.8134160e-01   6.8124382e-01  -9.0799236e-02   3.4552426e-01  -5.9210871e-02   6.7765357e-01
   8.9408975e-02  -6.1634021e-02  -1.2780973e-01  -2.4264807e-01   3.9932775e-01   2.1285213e-02  -6.8417613e-02  -1.8944762e-01  -2.9598133e-01   0.0000000e+00   2.6026360e-01  -3.4179758e-01   4.0979874e-01   2.0405356e-01  -2.2035015e-01   2.3744803e-01  -1.8923064e-01  -2.3450146e-01  -2.1630400e-01   3.2316959e-01  -2.0434713e-01  -4.4810770e-01   5.1155786e-03  -1.1256846e-01  -2.3744382e-01   9.2116642e-02  -1.8157696e-01   4.3304138e-02  -1.9637008e-01   2.8611409e-02  -1.6344185e-01  -1.4076238e-03  -7.0789263e-02   6.6822122e-03  -4.0437515e-01   5.8991805e-02   2.6645485e-01   1.4042712e-01   2.3042209e-01  -1.6811115e-02   1.5238672e-01   3.9053209e-02  -2.5901166e-01  -8.8826776e-02  -2.3230274e-01   2.8572055e-01   2.7682730e-02  -9.3033542e-02   3.7633228e-01  -1.3135578e-01   1.1160919e-02  -2.1862649e-01   6.5391485e-02  -3.4802764e-01   2.1832163e-01  -7.2766693e-03   2.0246114e-01  -3.6313595e-01  -2.2245440e-01  -3.9957116e-01   1.6085407e-01   1.8080692e-01  -5.4472881e-01  -1.5644769e-01  -5.5638853e-01   3.0526215e-01   5.7525655e-03  -5.4969354e-01   2.0873741e-01   2.2907769e-01   8.1188583e-02  -2.6447762e-01   1.1084723e-01  -1.8144982e-02  -4.4710927e-01  -1.6808707e-01   1.4379558e-01  -2.2519855e-01   8.4300818e-02  -3.6989209e-01   1.6687237e-01  -5.2771910e-02   7.7211855e-02   1.5656609e-02  -1.1209077e-01   2.7114428e-01  -6.6885615e-02   5.7460397e-02  -6.3372966e-01   1.8868698e-01  -8.6473001e-02   2.0799618e-01   2.3204474e-01  -3.5958423e-01   1.7589594e-01   5.8578731e-01  -2.6472838e-01  -4.0381081e-02  -3.3678065e-01  -2.1319359e-01  -1.6001480e-01  -2.9086016e-01   3.0159935e-02  -1.6952125e-01  -2.2439305e-01  -1.1025886e-01  -1.0782147e-01  -1.4241221e-01   6.5108074e-01   1.1966946e-01   7.6602077e-02  -3.3124931e-02  -4.7101354e-01   2.7102578e-01  -4.9423567e-02   8.8810710e-02   2.9777603e-02   2.6370640e-01  -1.2566939e-01  -2.0862659e-01   2.9125066e-01   5.8204202e-02  -3.5412831e-01  -2.5710516e-01   5.5793026e-02  -5.5773262e-03  -2.9505233e-01   3.2689269e-02  -5.0259227e-01   2.0649522e-01  -2.0343874e-01   2.2132473e-01  -1.4446744e-01   6.9908040e-05  -3.1882830e-01  -1.3923611e-01  -4.8127375e-01  -1.4854908e-01  -1.8726544e-01   2.3926853e-01   9.3659517e-02  -8.0804359e-02   1.7001364e-01   1.6082671e-02   2.3329651e-01  -1.8954234e-01   1.8338146e-02  -1.6751441e-01   1.9921456e-01  -3.6169674e-01   7.5533616e-02  -1.5705514e-01   3.3173190e-01   1.8984687e-03   6.5003239e-02  -9.6819574e-02   2.6944693e-01  -1.4749577e-01   2.0493829e-02  -1.2367596e-01   2.9289538e-01   6.8848484e-02  -2.7211731e-02  -3.3074438e-01  -2.7142344e-01   2.6623278e-01   8.1401058e-02  -2.8029734e-01  -7.3386637e-02  -8.5518184e-03   3.5714666e-01   1.5345166e-01  -3.3829005e-01  -4.8918341e-03  -4.8604880e-01   4.5831475e-02  -2.8760359e-01
   4.1127254e-02   1.2445048e-01  -5.2302713e-02   6.4582007e-03   2.9305541e-01  -3.2276051e-01   2.3639188e-01   2.7459956e-01   4.3739373e-02   2.6026360e-01   0.0000000e+00   2.5968725e-01   1.4238238e-01  -1.5654367e-01   1.8933961e-01   1.7115564e-02  -1.1107399e-01   2.6172328e-01  -5.1837472e-02   9.1599917e-03   2.2461318e-01  -9.9859898e-02   3.0368085e-01  -3.4258695e-03  -2.4003698e-01   1.9482824e-01   6.0079824e-02   3.8863343e-01  -1.2406776e-01   2.2930862e-01   4.9445926e-01  -4.5742780e-02  -8.5660368e-02   4.9148020e-01   2.0445079e-01   4.4639399e-01   6.3038850e-02  -9.9571666e-02  -1.9541695e-01  -5.2825896e-02   3.6229443e-01  -2.2563794e-02  -1.0573010e-01   6.0259102e-01   1.8425445e-01   3.3534535e-02   5.4592370e-01   4.6407518e-01  -1.2084208e-01  -5.3183933e-01   2.1592325e-01   2.7130386e-02   5.5891425e-01  -1.6885873e-01  -3.0972499e-02   4.6836143e-01   6.3460549e-02  -9.3127697e-02  -2.2567990e-02   2.1118657e-02  -2.4250269e-02   2.1626431e-01   1.0756226e-01   6.5836804e-01   1.2814691e-02   4.6527328e-01   3.2783488e-02   1.0995738e-01   4.0271431e-01   1.7230896e-01  -8.3458918e-03   1.3315393e-01  -2.9143614e-02  -2.1426269e-02  -1.9469123e-01   1.2722631e-01   7.4452991e-02   2.3425835e-02   1.1147898e-01   9.4104826e-02  -3.2457801e-02   5.5397863e-02   5.4192721e-01   2.3682108e-01   2.2830387e-01   3.7350435e-01  -1.0012672e-01  -1.3336694e-01   1.6212662e-02   1.6094231e-01  -1.0719453e-01  -4.4619417e-01   4.0855257e-01   1.2615364e-01   2.4819783e-01  -1.1111925e-01   2.0378012e-01  -7.7868432e-02   2.6449128e-01  -5.4788202e-02   8.7282950e-02   4.5723674e-01   1.0284013e-01   1.2529566e-01   9.9069166e-02  -1.4327846e-01  -3.2795093e-01   7.9428322e-02   1.2979654e-01   6.2817902e-01   5.4982140e-01  -1.1243142e-01  -2.5039619e-02  -3.5127213e-02   4.2160851e-01   3.5671437e-01   1.3853830e-01   1.4308811e-01   2.6381146e-01  -5.5455650e-02   5.4551433e-03   1.4088648e-01   3.3121220e-02   4.4702976e-01   1.8801262e-02   1.4803215e-01   6.0484381e-02  -4.1611903e-01   6.7834682e-02  -2.2168675e-02   1.8701626e-01   6.4944669e-01   3.5758505e-01   5.9246178e-01  -2.0554462e-01   1.2480856e-02  -2.0453446e-02   2.9249763e-01   2.1824009e-01  -1.9288967e-01   5.7244698e-02  -2.3756317e-01   6.2305517e-01   2.6153043e-02   3.6058348e-01   3.7022870e-01   2.7154049e-01   1.1174559e-01   4.0810408e-01   6.2845957e-02   2.4818670e-01   1.8093159e-01   2.0356112e-01   5.8551386e-01   8.9501045e-02   4.6659708e-02  -1.3368205e-01   2.3560374e-01  -4.2526467e-01   2.8497558e-02  -6.7685615e-02   5.6518527e-01   2.6048096e-01   6.1852713e-02  -2.0014541e-01   2.8241018e-01   5.9875024e-01  -1.4199596e-01   9.5676832e-02   4.0574598e-01   4.0078140e-01  -1.7273910e-02   2.6352198e-01   2.0277941e-01  -8.4425140e-02  -3.9079811e-01  -1.5503053e-01
  -4.9675142e-02   2.3035672e-01   3.9620517e-01   2.2881883e-01   1.5847460e-01  -2.2290778e-01   4.1024581e-01   1.0044302e-01   2.0861924e-01  -3.4179758e-01   2.5968725e-01   0.0000000e+00  -2.7416900e-01  -3.7197894e-01   3.8991433e-01  -3.9616245e-01   3.4341874e-01   3.2585198e-01  -1.2266202e-02   2.8125898e-01   2.6151142e-01   2.0049337e-01   2.2572142e-01   2.3310417e-01   1.8096745e-01  -4.0249658e-01   3.2155453e-01   1.0137573e-01   2.2217968e-01   1.0931601e-01   3.0779408e-01   3.7696901e-02   1.7082427e-01   2.0070826e-01   5.3091773e-01   4.6832150e-01   2.6153297e-02  -1.1209974e-01  -5.1797834e-01   1.7767870e-01   1.5397051e-01   1.7799350e-01   5.9591224e-01   1.7137454e-01   2.4518125e-01  -1.6065796e-01   3.9677010e-01   3.0241198e-01  -1.7889713e-01  -8.7078480e-02   3.3091745e-01  -1.3369880e-01   2.7660411e-01   3.2608674e-01  -4.3819209e-01  -5.4297967e-02  -3.2130683e-01   1.7514672e-01   9.6222220e-02   5.9795867e-01  -2.6471085e-02   1.4112881e-01   6.4488852e-01   1.6583849e-01   4.9481336e-01   6.3471739e-02  -4.7180377e-02   6.0038280e-01   8.3882661e-02  -2.9299984e-02  -7.9320256e-02   3.8097533e-01  -3.9014740e-01   2.2205788e-02   2.7939883e-01   1.9581531e-01  -2.5071761e-02   7.7818950e-02  -2.7185124e-05   5.3952175e-01  -3.4899215e-01  -3.2903525e-02   7.8950596e-02  -6.7338633e-02   4.1010438e-01  -1.4310148e-01  -2.7132788e-01  -5.2775770e-02   4.7692288e-01  -2.4625712e-02   9.2557535e-02  -1.5399917e-01   3.6077778e-02   5.2388491e-01   8.6742257e-02  -3.6621033e-01   3.2445681e-01  -2.2783924e-01   5.0952621e-01   2.7953673e-01   1.1070865e-01   3.2126157e-01   2.8510990e-01  -1.1089185e-01   3.7748045e-01   1.1908582e-01  -3.6768543e-02   5.8464418e-03  -4.6758919e-01   7.7414926e-02   1.0310220e-01   1.0925329e-01   4.2232852e-01  -1.3159643e-01   1.6924458e-01  -2.5233826e-03  -1.6702801e-01  -2.1374375e-01   2.8402891e-01  -1.2708468e-02  -2.6398939e-01   6.8045128e-02   5.8874579e-01   5.9449333e-01  -2.7929202e-02   1.8168322e-01   3.2843365e-01  -5.2322103e-01   4.1247835e-01  -1.6496986e-01   4.5444437e-01   1.1083333e-01   2.4972589e-01   2.4346620e-01   3.1828464e-01  -1.8061969e-02   4.8528038e-01   1.0935868e-01  -1.4145384e-02  -4.2816962e-01  -1.6487321e-01  -7.4270351e-02   9.7154572e-02  -2.2095198e-02   7.4396694e-02   5.2841475e-01   1.9880960e-01   2.4912108e-01   1.8866980e-02   4.0342716e-01   1.9757000e-02   2.0847631e-01   1.3627412e-02   6.1435968e-02   2.2793620e-01   1.7894013e-01  -5.5981245e-01   3.7071417e-01   1.9272468e-02   2.0288925e-01  -2.2575696e-01   8.7167552e-02   5.9942750e-02   2.9133053e-01   1.8128566e-01  -2.1789472e-01   2.0466478e-01  -1.5161993e-01   2.5412417e-01   1.4772467e-01  -2.0743728e-01  -1.8080951e-01   4.4347581e-01   1.9765457e-01   3.6934107e-01  -4.0810757e-01   2.0780229e-01
  -1.5671669e-01  -2.2536848e-01  -1.4561313e-01   9.5037324e-03   2.0622221e-01   2.7665191e-01   5.4578576e-02  -7.6735684e-03  -1.8560595e-01   4.0979874e-01   1.4238238e-01  -2.7416900e-01   0.0000000e+00   1.6866666e-02  -1.7005731e-01   3.8732050e-01  -2.7328259e-01  -2.4832756e-02  -4.1941566e-02   7.5602885e-02  -2.0739012e-01  -1.5773366e-01  -1.0132382e-01  -1.7309689e-01  -4.7553834e-01   2.2852606e-01   8.1878496e-02  -1.2098539e-01  -1.0028897e-01   7.7963216e-02  -1.1472304e-01   2.2890122e-01  -1.4758867e-01  -1.5457054e-01  -3.2428504e-01  -7.4573950e-02   2.2449590e-01  -2.2345061e-01   3.7519608e-01  -1.8437826e-01   4.8676812e-01  -2.2341613e-02  -2.5143260e-01   1.1447001e-02  -1.5146423e-01   1.7377542e-01   6.1602173e-02  -1.4529767e-01   4.9509542e-01  -2.0594380e-01   1.3406633e-01   1.0582677e-01  -1.2249488e-01  -3.7778558e-01   3.9482483e-01   1.3053172e-01   1.7820228e-01  -7.2746402e-04   6.2576023e-02  -1.4818356e-01  -9.8085540e-03   1.5900303e-01  -3.5919250e-01  -8.5481658e-02  -2.7247859e-01  -3.5121427e-02   3.1400909e-01  -4.5921062e-01   3.8327657e-01   8.9914327e-02  -2.7718437e-01  -1.2789641e-01   3.0461730e-01   3.2685426e-02  -2.4061156e-01   5.6375417e-02   1.7356520e-01   5.0268646e-02   3.1593973e-02  -3.3894742e-01   2.0160252e-01   3.2847143e-01   1.4729542e-02   3.6529124e-02  -7.0343691e-02   3.3252077e-01  -1.1692852e-01  -1.3762156e-01  -5.1912475e-01  -7.7709568e-02  -1.3763800e-01   8.4713339e-02   2.0108075e-01  -9.8988139e-02  -5.5277190e-02   4.7325740e-01  -2.0170946e-01   1.1587061e-01  -1.9997339e-01  -2.5245141e-01  -3.1054342e-01  -1.6357000e-01   7.8328016e-02  -5.7828196e-02   3.9141985e-02   5.1795746e-02  -2.1949968e-01   2.3256285e-01   3.3903704e-01   6.6078918e-03  -3.0904360e-02   2.3044190e-01  -2.5664375e-01   1.9132935e-01  -2.5624436e-01  -8.4104540e-02   3.3601462e-01   4.8857872e-01  -3.4588850e-01   1.1521849e-01   2.8619914e-01   2.1288884e-02  -2.2341536e-01  -1.3455757e-01   3.1932653e-02  -1.1367422e-01  -3.6754373e-02  -2.7328589e-02  -1.9397912e-01  -4.3226338e-02   1.6368440e-01   1.2557442e-01  -2.1563668e-01  -1.4586118e-02  -8.5891985e-02   1.0806036e-01  -4.4419108e-01  -2.5360117e-01   8.3127120e-02   8.2199669e-02   7.9747800e-02   1.9879919e-01   1.7541077e-01  -2.0392400e-01   1.9067337e-01  -2.8233779e-02  -4.8642779e-02  -9.4887271e-02   1.3788541e-01  -2.8703621e-01  -1.4817659e-01  -9.4259935e-02   1.7857760e-01  -4.7533391e-02  -1.5626078e-02  -1.6466049e-01   2.1860783e-01   3.5652647e-02  -1.7252339e-01  -1.7606581e-01   2.0765070e-01   1.5318622e-01  -1.9353461e-01   9.4118840e-03   5.9822677e-02   2.2675238e-01  -9.9556806e-02  -1.5377802e-01   6.3177835e-03  -6.0520269e-02   2.0313474e-01   7.0418757e-03  -2.0859740e-01   2.1403497e-01  -2.7579428e-01  -1.4817853e-02  -5.9844510e-03
   4.7242953e-01  -3.8656326e-01  -2.5152563e-01   4.4912517e-03  -3.7786524e-01   2.3452542e-01   1.2330059e-01  -2.2716979e-01  -1.7848438e-01   2.0405356e-01  -1.5654367e-01  -3.7197894e-01   1.6866666e-02   0.0000000e+00  -1.6261225e-01   3.4104539e-02  -3.1141516e-01  -2.0912470e-01  -9.8415694e-02  -2.0793971e-01  -4.6717663e-01  -2.4712838e-01  -1.0522097e-01   2.6997469e-02  -7.2459635e-02   3.0942473e-01  -9.8480189e-02   3.1231868e-01  -1.1791726e-01  -1.3342585e-01   1.9086595e-02   4.5045296e-02  -1.8917730e-01  -2.8148504e-01  -2.5166112e-01  -3.6574984e-01   3.1235995e-02   3.4875127e-01   1.5868146e-01  -3.1147718e-01  -3.0034853e-01   1.1870892e-01  -1.9438143e-01  -3.5954343e-02  -1.5810558e-01   2.6320869e-01  -2.6523823e-01  -2.7317026e-01   2.1070918e-01  -1.4612419e-01  -6.2637102e-02   1.6578113e-01  -2.9526613e-01   1.8612209e-02   4.9695044e-01   2.3502004e-01   2.8928899e-01  -9.3391770e-02  -1.4094001e-01  -2.5056642e-01   4.2380856e-01   5.1877225e-02  -3.7995644e-01  -1.2124452e-01  -3.8812420e-01  -2.2601196e-02   7.3269989e-02  -4.5066411e-01   1.3976579e-01   3.0937180e-01  -2.8782326e-02  -2.8596396e-01   1.2991277e-02   4.0891852e-01  -1.6867855e-01  -1.4852614e-01   2.9545823e-01   2.6106461e-02  -2.5691745e-01  -3.7760019e-01   3.5638972e-01  -1.2230606e-01  -4.0100093e-02  -2.1132298e-02   2.2767682e-01   1.4336853e-01   3.4618352e-01   2.3008813e-01  -3.0219089e-01   4.7185577e-01  -4.3213496e-01   1.1775299e-01  -8.0643003e-02  -2.5040570e-01   3.5269565e-01   1.1322636e-01  -3.0494872e-01   1.2126022e-01  -4.3133415e-01  -3.9083645e-01   2.9993542e-01  -1.3194608e-01   6.6650591e-03   2.6795474e-01  -3.6275008e-01  -1.7423702e-01   8.9255898e-02   1.5743442e-01   3.7052014e-01  -1.9502829e-01  -2.1165438e-01   5.9934670e-02  -1.8683425e-01   5.0023811e-01   2.7861724e-01  -1.7551109e-01   1.9578052e-01   1.3092458e-02   1.0208455e-01   6.3199293e-02   3.4391087e-01  -3.8544781e-01  -1.7707183e-01  -4.1673118e-01   1.0623267e-01   5.5225300e-01  -3.9729076e-01   4.0226258e-01  -3.8979003e-01   1.7581562e-01  -7.1648497e-01  -2.7223019e-01   2.0361829e-01  -8.5842160e-02  -5.6300420e-02  -5.2024982e-02  -3.6017822e-01   2.2324421e-01  -3.6632199e-02   4.1462903e-01   5.3418521e-01  -3.1418620e-01   1.5218396e-01   2.0355636e-01  -5.6680038e-02  -3.4714293e-01  -7.4547529e-03  -3.9441057e-01   7.2491191e-03  -4.4817724e-01   4.9545325e-01   8.3871059e-03   2.8459533e-01  -2.1403181e-01  -2.1610057e-01   9.3487175e-02   5.4357294e-01  -2.8757119e-01   1.5974003e-01   2.6607069e-02   4.6051232e-01   2.1921535e-02  -3.8590151e-01  -2.3701070e-01  -2.3988461e-01  -7.9988859e-02  -2.6792905e-01   1.4637641e-01   8.2830828e-02  -1.2360631e-01  -3.6637330e-02   2.8554278e-01  -3.4246845e-01   1.0080754e-01  -2.7495536e-01   3.1601672e-01  -1.0171050e-01
