   0.0000000e+00   4.2974607e-03  -4.6868410e-01  -1.3668991e-01  -2.4468216e-01  -3.5519026e-01  -4.4249639e-01  -5.8299824e-02  -1.1266255e-01  -3.0361175e-01  -1.5278694e-01  -1.0002133e-01   1.1928991e-01   7.3834190e-01   2.4454696e-01   2.1676764e-02  -3.3446905e-01  -4.9914740e-02   1.0447541e-01  -4.4253499e-01  -6.4988241e-03   1.0179948e-02  -4.9318133e-01   7.4285349e-01   2.5351614e-02   2.2137670e-01  -3.9899269e-01   3.4829723e-01   2.1174410e-01  -8.0317232e-02   2.0165370e-01  -1.4574518e-01  -8.5440894e-02  -3.7673107e-01   4.7414922e-01  -3.0200250e-01   2.9499343e-02   2.7680934e-01   1.9163816e-01  -3.5109345e-01   2.8128014e-01   4.3897139e-02  -1.6952618e-01   1.0173561e-01  -1.3233059e-01  -5.2609054e-01  -2.3623149e-01  -4.1625735e-02   2.5073962e-01  -1.3879521e-01  -6.6758361e-02   6.3151736e-02  -9.7227086e-02   2.4145292e-01   5.4789847e-01  -2.4559512e-02  -9.6308113e-03   7.6293308e-02   3.3464176e-01   4.9720935e-02  -2.4735251e-01  -1.6463776e-01  -1.5161301e-01   1.0418278e-01   9.3569310e-02  -2.5307304e-01  -2.4580105e-01  -2.2643785e-01  -4.9995549e-02  -4.2105754e-01  -1.2265023e-01  -1.7908417e-01   2.5502318e-01   5.4914886e-01   1.0417955e-01   2.4625836e-01  -3.0416868e-01   9.5623319e-02  -5.8762514e-02   1.0059731e-01   2.5435112e-01   1.5467915e-01  -2.5929364e-01   1.5652893e-01   6.1513495e-01   1.5725444e-01   6.9751259e-02   6.7267658e-01  -2.3832428e-02   8.3776235e-01   3.9377431e-02  -1.2463683e-01  -4.2319337e-01  -1.2516393e-01  -2.6471928e-01  -2.0251353e-01   1.1558976e-01   5.1866250e-02   1.7912985e-01  -4.3573573e-01   1.8590125e-01   1.2702076e-01  -4.1647375e-02   4.7317893e-02  -7.3589094e-02  -1.9285614e-01   3.9545950e-01   1.1203548e-01  -1.3789976e-01  -3.6703029e-01  -4.9230949e-01   2.7705870e-01  -1.6125179e-01   9.2669301e-01  -4.7791211e-02   5.4417977e-02   2.1468927e-02   1.5140095e-01  -1.8831655e-01  -8.3286002e-02  -3.6026971e-02   1.3338350e-01  -6.6969034e-03   1.0234463e-01  -1.6544583e-01   4.1013369e-01   1.3007973e-01   2.8412249e-01  -2.7555444e-01  -2.6342700e-01   1.3532213e-01  -2.5255462e-01   1.2003084e-01   3.6272323e-02  -2.2321426e-01   7.5532226e-02   1.1168957e-01   4.2961531e-01   3.2596649e-01   5.8485356e-01   8.3096845e-01   2.0271607e-01   6.3520219e-03  -4.0832194e-01   1.2047563e-01   3.7264198e-03  -3.5484386e-01  -1.0419406e-01  -2.7313128e-01   1.3288774e-01   6.6597403e-01   7.4481112e-02   3.1243513e-01   3.8113342e-02  -1.9273854e-01   6.8262855e-01   7.8026495e-02   2.6950749e-01  -2.1770220e-01  -2.3116053e-02  -1.8860993e-01  -1.3673079e-01  -6.0521978e-02  -1.4075800e-01  -7.2376393e-02  -5.2221059e-02  -2.2609307e-01  -3.3960201e-02   5.3970368e-01  -1.3183935e-02  -8.4907773e-02   1.2838262e-01  -1.9481113e-01   5.0032457e-03   2.1727553e-01   2.7145281e-01   1.4137330e-01
   4.2974607e-03   0.0000000e+00   2.3553373e-01  -3.6741960e-02   5.3935015e-01  -1.4200552e-01   3.7657795e-01  -2.7425246e-02  -1.1989606e-01  -4.3739521e-01  -6.2536714e-01   6.0334578e-01  -3.4648178e-01  -5.0199617e-02  -2.3127923e-01  -2.4133148e-01   5.9775564e-01  -8.0482558e-01  -4.8612923e-03   3.0713369e-01   4.5540904e-01  -7.9165950e-01  -7.2463832e-02   1.2078491e-01  -1.8726953e-01  -1.6872508e-01   3.8943880e-01  -4.1124694e-01  -1.1265624e-01   2.6334221e-01  -5.8241105e-02  -2.4659598e-01  -3.0569908e-02   5.6808921e-01  -4.0572291e-01   2.4455188e-02   5.7874900e-01  -1.8896952e-01  -6.3509203e-02   6.5553417e-01   9.2090175e-02  -8.2846762e-02   2.0505543e-01  -9.3488842e-02  -4.9736883e-01  -1.5479227e-01  -5.1620110e-01   5.4684508e-01  -1.4456111e-02   6.8601798e-01  -8.0635574e-01   8.9945773e-02   8.1288617e-01   2.0786726e-02  -1.8846166e-01  -4.1631379e-01  -3.7230823e-01  -5.6087913e-01  -2.5078957e-01  -1.3305135e-01  -3.2727533e-01  -5.9114127e-01   3.9326664e-02   3.2512970e-01  -2.0703558e-01  -5.9489193e-01   1.5136353e-01   9.9270876e-02  -5.8306968e-01  -2.1275930e-01   6.7483455e-01  -7.0427013e-01   2.5793489e-01  -2.9030437e-02   8.2579534e-02  -2.9254360e-01  -5.4540845e-01  -5.6586882e-01   4.9945075e-01  -2.2506159e-01  -2.9058152e-01  -7.4055334e-02   5.7576589e-01  -3.1282666e-01   1.7107113e-01  -1.5622416e-01  -2.3655412e-01  -1.6966250e-01   4.5867301e-01   1.5550947e-01   6.0128987e-01  -3.8479709e-01   4.7089021e-01  -9.0895610e-02  -2.3744842e-01   3.7519672e-01  -3.5137655e-01  -2.6904633e-01  -3.6090128e-01   4.6194112e-01  -3.1327620e-01  -6.5031251e-01  -5.1183690e-01   4.2938504e-01  -6.5215667e-01  -7.2343556e-02  -7.9066719e-02  -4.7534462e-01   2.6206336e-01   3.1135208e-02   2.5255366e-01  -6.7740405e-01  -4.2520815e-01  -1.0452653e-01  -4.4750880e-01   7.5115833e-01  -3.8063984e-01  -5.3904537e-02   3.2128791e-01  -3.0446822e-01  -3.9106241e-01   3.0887341e-01   1.3985569e-01   2.7549693e-01  -3.6807473e-01  -7.6142225e-02  -5.0011968e-01  -1.1938898e-01  -2.4357846e-01   5.0798174e-01   1.8447783e-02   2.4817220e-01   4.1009172e-01   6.7540896e-01  -7.0475703e-02  -2.1672037e-01  -2.1423366e-01  -5.0665359e-01  -4.9455818e-01  -6.2040297e-02  -1.9045463e-02   3.6058569e-02  -6.1286339e-01  -8.5668771e-02  -4.4487987e-01  -4.7353527e-01   5.9966652e-01  -2.0076919e-01  -4.7493207e-01   6.3557882e-01  -1.3147234e-01  -3.6678705e-01  -2.7609677e-01   5.0718210e-01   8.0182836e-01   1.6941311e-01  -3.3702575e-01  -3.5825117e-01  -7.7890524e-02  -7.7080936e-01  -2.3789770e-01  -5.1212410e-01  -2.4816560e-01  -6.9266605e-01   5.1909913e-02   6.8296932e-01   2.5564831e-01  -2.4184102e-01  -2.6050341e-01   8.5506355e-01   2.2171042e-01  -4.8329498e-02  -7.6386100e-01  -1.3498840e-01   2.6654055e-02   4.5219136e-02  -3.6010946e-01
  -4.6868410e-01   2.3553373e-01   0.0000000e+00  -1.1553694e-01   1.6145275e-01   2.2999112e-01   3.2617167e-01  -1.1130491e-02   2.7055562e-02  -4.8640643e-02  -2.6371452e-01   3.3923747e-01  -2.0865047e-01  -4.4257791e-01  -2.3672954e-01   3.4570625e-03   8.1546004e-01  -2.5497029e-01  -1.1920462e-01   2.2445925e-01  -1.5329613e-01  -3.0115397e-01   1.8047166e-02  -5.1035948e-01  -5.4509440e-02  -1.2313212e-01   3.1704433e-01  -3.2493709e-01  -2.2679433e-01  -2.1127252e-01  -2.3290239e-01   6.2261747e-02   1.8541264e-01   4.7096398e-01  -4.7812494e-01  -6.8136520e-02   1.9406037e-02  -2.3687693e-01  -2.2177393e-01   5.9475008e-01  -2.6522698e-01   1.7121812e-01   8.8160527e-02  -1.0399508e-01  -2.7513256e-01   5.6438073e-01  -2.1556063e-01  -1.0316842e-02  -3.9295061e-01   6.2539600e-01  -3.0007178e-01  -1.9045997e-02   1.1494282e-01   1.0958255e-04  -2.8159377e-01  -1.2303136e-01  -2.2092955e-01  -1.8403509e-01  -4.1121829e-01  -1.3946799e-01   2.3366912e-01  -1.1723917e-01   1.1885393e-02  -3.2844024e-01  -5.5230111e-01  -1.2519151e-01   1.1764942e-01   2.1362806e-01  -2.2267589e-01   6.6849373e-01   4.2503175e-01  -2.0050523e-01  -1.7462158e-01  -1.9669791e-01   3.9382211e-02  -1.0051870e-01   1.8892002e-01  -2.2230588e-01   7.9290509e-02  -1.0997632e-01  -1.7994708e-01  -9.3704494e-02   2.5098047e-01  -2.0327161e-01   2.3577181e-02  -2.3197305e-01  -3.1864684e-01  -2.9055482e-01   3.2777991e-01  -5.0558320e-01   1.7927042e-02   3.8942948e-01   5.6433000e-01   5.1163661e-02   5.9541916e-02  -3.5155736e-03  -1.7099140e-01  -2.4420510e-01  -2.8533390e-01   3.7558186e-01   2.2769100e-01  -4.5344080e-01  -1.1362443e-01  -6.9747364e-03  -1.3980219e-01   6.6668833e-03  -8.6276855e-02  -2.7619039e-01   2.8321625e-01   2.5697519e-01   5.4893132e-01  -5.0651086e-01  -5.4597695e-02  -4.7973144e-01   1.8381442e-01   3.0342361e-03  -1.9582680e-01  -2.3381555e-01   3.5807577e-01  -1.4352707e-01  -1.0838283e-01  -7.9085792e-02   9.9279993e-02  -3.2406198e-01   2.3749886e-02  -3.4605817e-01  -5.3792082e-01  -1.9768175e-01   9.9615346e-02   6.6487595e-01  -3.4471439e-02  -8.2224070e-02   1.8379255e-01  -1.6524651e-01   1.3446778e-01  -6.3048122e-02  -1.2871380e-01  -3.4208976e-01  -2.5419332e-01  -3.2118406e-01  -3.2110062e-01  -1.2412314e-01  -3.4219017e-01   4.1880229e-01  -2.6359611e-01  -3.6172623e-02   6.0613786e-01  -3.1007829e-01  -1.6071620e-02  -2.6433486e-01  -2.5471950e-01  -2.0139001e-01  -1.1985164e-01  -7.6838835e-02   4.9238286e-01  -4.3718768e-01   8.9880944e-02  -3.2544704e-01   5.9919084e-01  -3.2949678e-01   1.2452039e-02  -2.5522490e-01  -3.2531714e-01  -2.2854299e-01   2.2267645e-02   4.2820016e-01   5.2631234e-04  -2.2486995e-01  -1.7288450e-01   2.4588766e-01   1.4030293e-01  -8.2093137e-02  -3.1643597e-01   1.3225320e-01  -1.1760912e-01  -1.4000955e-01  -1.1829598e-01
  -1.3668991e-01  -3.6741960e-02  -1.1553694e-01   0.0000000e+00  -5.5447871e-02   1.5350858e-01   2.5001788e-02   1.2894166e-01   4.2560623e-02   1.3978880e-01   2.0266061e-01  -4.2661311e-02  -1.1556891e-01  -1.1781765e-01  -1.5169998e-01   1.9229433e-01  -5.8398525e-02   1.2660230e-01   3.0366502e-01   1.8164495e-01  -1.8389302e-02   1.1098670e-01  -4.2643177e-02  -2.5024922e-01   1.3273337e-01  -3.1105503e-02  -2.4805439e-02  -3.7797940e-02  -3.7039733e-02  -2.8226214e-02  -9.8074046e-02   1.4959919e-01  -2.5987964e-02  -1.3924456e-01  -1.5941968e-02   3.3494898e-02   2.5426441e-01  -6.2852962e-02   1.6784960e-01  -1.3107407e-01  -5.2288852e-02  -5.2800192e-02   1.0798361e-01   1.6615010e-01   7.4843118e-02   6.0060771e-02   1.8302411e-01  -1.5003341e-01   2.3902900e-01  -1.3546948e-01   1.4774763e-01   8.1596362e-02  -5.4918876e-02   6.1526391e-02  -4.9025213e-02   1.8934088e-01   5.0388652e-02   8.6201505e-02   2.1943482e-01   2.0854562e-02   2.7765015e-01  -9.4216762e-02   8.3393972e-02   7.7716151e-02   2.4084089e-01   1.4141358e-01   5.1700551e-02  -2.1032068e-01   2.4052009e-01  -1.2285324e-02  -1.1269881e-01   2.3390535e-01  -1.5974063e-01   3.1302002e-05   1.5540170e-01   1.3539962e-01   1.5986144e-01   1.6945038e-01  -3.8430553e-02  -5.6038050e-02   1.3640216e-01  -2.0030473e-02   7.8392850e-02   2.1569222e-01  -2.6863047e-02   1.7286349e-01   1.8065814e-02  -1.5413248e-01   1.8993862e-02  -6.1089537e-02   5.2879931e-03   1.8519117e-01   1.2563326e-01   5.6893674e-02   6.8172499e-02   8.9092277e-02   8.1008249e-03   2.0142119e-01  -3.0976978e-02   4.2575329e-02   5.7739201e-02   1.0724072e-01   1.9946357e-01  -2.3895689e-02   1.6841168e-01   5.6862471e-01  -2.8696890e-01   1.8252563e-01   2.0770934e-01   2.3252199e-01   1.4812147e-01   6.7447042e-02   5.1324304e-01  -1.5508178e-01   5.8315751e-02  -8.5737757e-02   2.7403488e-02  -1.1674091e-01  -1.2199226e-01   3.9655147e-01   5.9634486e-02   3.6573718e-04  -9.2692286e-02  -3.1341485e-02   1.7354824e-01  -7.1615278e-02  -1.6718747e-01  -1.5190264e-01   2.6776424e-01  -1.6471651e-01  -1.0804911e-01  -1.7229707e-01  -8.7947947e-02  -1.6145433e-01   2.8121333e-01   1.7332746e-01   3.6001289e-02   4.4851612e-02   7.4942070e-02  -2.9466300e-01  -2.3828765e-01  -6.5048101e-02   2.3875026e-01  -4.3337391e-02  -1.6892113e-01   2.4414281e-02  -7.0652714e-02   7.5881780e-02   1.1180121e-01  -8.1800381e-02  -1.1974667e-02   1.5563714e-01   1.4280763e-01   5.5588925e-02  -2.1299365e-01  -3.4029308e-01   3.5745370e-02   1.3417640e-01   1.8659979e-02   1.6646871e-01  -4.0234189e-02   2.5295831e-01   1.9809735e-01   3.0918935e-01   3.3390456e-01  -6.9595588e-02  -4.2155535e-02   4.0593026e-02   4.5870997e-02  -3.4452667e-02   6.1959013e-02  -3.0871592e-01   2.4513808e-01  -4.7922500e-02   3.6767119e-02  -6.9746716e-02   1.0469684e-01
  -2.4468216e-01   5.3935015e-01   1.6145275e-01  -5.5447871e-02   0.0000000e+00   1.6121538e-01   6.4136582e-01  -2.4820535e-01  -2.2067754e-01   2.4320226e-01  -2.1685932e-01   1.9995124e-01  -1.4478450e-01  -2.4616708e-01  -3.4699952e-01  -2.0412860e-01   5.0990312e-01  -3.3554463e-01  -2.2766569e-01   7.9341548e-01   4.6182190e-01  -4.5044946e-01   4.6198085e-01  -1.5746943e-01  -8.5920222e-02  -4.7560441e-01   6.1995015e-01  -5.3326624e-01  -3.0360089e-01   5.1161228e-01  -2.1306484e-01  -1.3734820e-01  -3.0209289e-01   4.7417910e-01  -5.2759821e-01   7.1598208e-01   6.0947776e-01  -2.2038365e-01  -1.9039670e-02   6.8835477e-01   2.1881144e-01  -3.4677857e-01  -1.1219061e-01  -2.9927230e-01  -9.8855199e-02   3.2177498e-02   9.7036847e-02   6.2257969e-01   1.4885087e-02   4.7441239e-01  -3.4504594e-01  -9.7168808e-02   6.6508616e-01  -2.1281326e-01  -2.8428432e-01  -4.2388010e-01  -2.1349409e-01  -3.8819137e-01  -2.0650625e-01  -2.9571810e-01  -2.7762627e-01  -3.3515464e-01  -2.0062350e-01   2.5041847e-02   3.1785783e-02   3.5817968e-02   3.2989595e-01   1.6799932e-01  -3.3915869e-01  -2.5182160e-01   4.7797151e-01  -4.1986914e-01   1.3485557e-01  -4.3442772e-01  -2.1976944e-01  -3.0208892e-01  -2.0862055e-01  -5.0174816e-01   4.8751278e-01  -3.2364473e-02  -3.5103895e-01  -5.9304353e-02   4.8420634e-01  -8.8726680e-02  -2.8659274e-01  -3.5870080e-01  -2.7759158e-01  -4.7768659e-01   1.1915512e-01  -1.4361520e-01   6.6874739e-01  -5.1068117e-01   5.5177698e-01  -2.1590578e-01  -1.4977096e-01   8.2673302e-01  -2.0216793e-01  -3.9341944e-01   4.9555137e-02   5.0276413e-01  -4.3832616e-01  -5.7908235e-01  -3.6075281e-01   8.8846922e-02  -4.1576590e-01   1.6839560e-02  -3.6646135e-01  -4.0041393e-01   4.1314328e-02   3.8159921e-01   2.3603500e-01  -3.6666182e-01  -3.4345950e-01  -2.5573215e-01  -2.7843285e-01   7.2779478e-01  -3.7147266e-01  -6.5015660e-02   4.3400570e-01  -1.6317611e-01  -1.9809286e-01   3.5023588e-01  -3.0379032e-01   2.2257568e-01  -2.5056298e-01  -2.9998684e-01  -1.4871088e-01  -1.4672760e-01  -2.3137964e-01   3.4582996e-01   7.2847506e-02   7.1437524e-01  -4.4826578e-02   6.7740171e-01  -2.2790125e-01  -4.0797245e-01  -1.8441698e-01  -4.5359286e-01  -5.9779680e-01  -1.2676523e-01  -1.2680131e-01   1.8389315e-01  -4.9403717e-01   1.0116024e-01  -3.4332062e-01  -4.0963223e-01   4.0491627e-01   4.6201172e-01  -4.3517397e-03   5.8115490e-01  -4.5539134e-01  -2.0520737e-01  -3.4845101e-01   5.1009334e-01   6.9249933e-01  -1.6408016e-01  -2.6169494e-01  -1.6296590e-01  -2.4163771e-01  -3.5464069e-01  -2.8569785e-01  -3.8766864e-01   2.5632866e-01  -3.3466886e-01  -8.1995723e-02   3.9770338e-01   5.1726653e-01  -1.0419364e-01  -4.1065308e-01   6.2300799e-01   3.6500395e-01  -1.2282038e-01  -2.4563286e-01   6.5928466e-02  -1.8019558e-01  -2.0110952e-01  -2.6942693e-01
  -3.5519026e-01  -1.4200552e-01   2.2999112e-01   1.5350858e-01   1.6121538e-01   0.0000000e+00   4.0352473e-01   1.3394256e-02  -2.0942259e-01   2.7576981e-01   1.6040650e-01  -4.7495582e-02   1.3741092e-01  -3.9398209e-01   3.9698882e-02   5.6264186e-01   2.3109968e-01   3.3708849e-01   1.7293594e-01   1.8557487e-01   4.1094628e-02   3.4063310e-01   2.6236376e-01  -4.8436995e-01   2.7036155e-01   9.9612011e-03   4.2104937e-01   2.0265996e-01   9.4453558e-02   3.3356766e-01  -6.5787610e-03   1.6373531e-01  -5.1487383e-02   2.2336804e-01  -1.6757315e-01   3.4025429e-01  -6.2864152e-02  -1.5521996e-01   3.8830885e-01   1.8698686e-01  -1.6812829e-02  -1.0981613e-01  -3.3100827e-01   1.9921717e-02   3.3697963e-01   3.1195696e-01   3.6038869e-01   1.9831866e-01  -4.0525513e-01  -2.8220047e-02   2.6366707e-01  -1.3213882e-01   5.8752291e-02   4.0810613e-01  -2.6491706e-02   1.2267635e-01   5.6635490e-01   1.2710352e-01   4.7718116e-02  -1.2193835e-01   4.4058021e-01   1.0258224e-01  -2.4359703e-01  -3.4407190e-01   2.3925646e-01   3.6176798e-01   7.0529937e-01  -2.3894545e-01   3.1054137e-01   1.4082325e-01   1.7003266e-01   2.0056510e-01  -1.5839455e-01  -1.6480927e-01  -1.6553983e-02   6.9221256e-02   3.6051506e-01   1.2586855e-01  -1.0829740e-01   1.4673400e-01   2.0739681e-01  -2.9529309e-02   4.1218840e-01   2.0727242e-02  -1.0543455e-01  -1.8777202e-01  -1.6528188e-01  -2.8315428e-01  -1.6650418e-01  -2.4532406e-01  -1.4315908e-01   2.6881187e-01   3.2913993e-01  -2.2781462e-01   3.3098577e-01   2.3068351e-01   8.5426375e-02  -2.6845599e-02  -6.0640187e-02   1.9439099e-01   1.3387480e-01  -8.9945295e-02   3.9316175e-01  -2.7847736e-01   2.2712487e-01   3.6782732e-01   1.7797492e-01   1.0902899e-01  -1.4795411e-01   5.0888185e-01   4.5036253e-01   2.2133976e-01   2.3601247e-01  -3.0653388e-01   2.8265974e-01   3.7764634e-03   2.0073478e-01  -1.6843748e-02   4.5198034e-01   3.0491893e-01   1.0092738e-01  -6.8334741e-02  -4.0320199e-01  -6.8075253e-02   3.1866540e-01  -3.3324913e-01   2.8018813e-02   2.6019359e-01  -1.3522234e-01   2.7116823e-02   3.7898694e-01   1.6798832e-01  -3.4246546e-01  -1.1467800e-01  -1.4967893e-01   4.8272298e-02   2.9502026e-01  -5.6362940e-02  -4.5588641e-03  -4.8358710e-01  -3.5011767e-01  -1.1736907e-01   1.5535764e-01   3.2749888e-01   9.7558369e-02   2.6324387e-01   2.7555960e-01   2.2873286e-01   4.5857016e-01  -8.0308736e-02  -1.6014031e-01   7.4495175e-02   1.3484154e-01  -2.0305596e-01   4.2112362e-02  -5.3684250e-01   1.8163919e-01   1.6789739e-01   3.2433859e-01   3.6078101e-01   6.6810811e-02   4.9190420e-02   2.2091855e-01   3.2008757e-01   2.1088604e-01  -7.8651657e-02   3.8487353e-01   2.3127484e-01  -4.6707341e-02   4.8395273e-02   1.9203856e-01  -2.4797580e-01   2.6355011e-01   5.7957405e-01   3.5297775e-01   2.4503821e-01  -5.0959099e-03
  -4.4249639e-01   3.7657795e-01   3.2617167e-01   2.5001788e-02   6.4136582e-01   4.0352473e-01   0.0000000e+00  -1.7983675e-01  -3.0185525e-01   4.3956058e-01  -7.1169049e-03  -1.5888918e-01  -2.3122367e-01  -5.5100034e-01  -5.4591980e-01   3.2359513e-02   5.9046078e-01  -2.0155582e-01  -1.4002307e-01   6.0850350e-01   2.6918492e-01  -1.4886590e-01   6.3373122e-01  -5.2661207e-01   4.8044744e-02  -8.9716720e-02   6.5978764e-01  -1.6046877e-01  -2.9325614e-01   4.3405037e-01  -4.3360550e-01  -5.6241850e-02  -6.2294794e-02   6.4881655e-01  -7.3153230e-01   6.6007865e-01   3.7370451e-01  -5.7298472e-01  -5.9999248e-02   6.8219245e-01  -4.1422137e-02  -2.5322467e-01  -2.7333313e-01  -2.9310655e-01   1.3318505e-01   3.6139757e-01   2.4865546e-01   5.3319836e-01  -2.1998988e-01   4.0939357e-01  -1.3678675e-01  -1.4944905e-01   5.5390567e-01   9.6377603e-03  -2.3982035e-01  -9.6406946e-02  -1.1123301e-01  -9.4857518e-02  -6.5133963e-02  -6.1652484e-01   2.9968281e-02  -1.5277272e-01  -2.6012734e-01  -2.6862647e-01  -1.5926315e-01   3.5078353e-01   4.5135124e-01   1.6695889e-01  -6.6963466e-02   3.1543760e-02   6.7216902e-01  -9.2525785e-02  -1.6324399e-01  -5.9363026e-01  -2.5402074e-01  -2.5667771e-01   9.5288606e-02  -3.2812022e-01  -1.2618762e-01   4.9424373e-03   1.3876125e-01  -2.6159073e-01   4.6379934e-01  -9.3840637e-02  -2.6415864e-01  -1.9682972e-01  -6.0886115e-01  -5.8024131e-01  -6.1040266e-02  -2.6293816e-01   8.0345097e-02  -1.6677094e-01   5.6061444e-01  -2.6759348e-01  -7.9067892e-02   3.5537803e-01  -6.9478294e-02  -3.1764108e-01  -6.0326549e-02   5.2860021e-01  -8.6256298e-02  -4.9131869e-01   4.3477600e-02  -3.7373384e-01  -1.2964501e-02   3.9878840e-02  -1.6826452e-01  -2.1027494e-01  -1.7713758e-01   4.6634319e-01   4.5573605e-01  -2.9621315e-01  -6.2398492e-02  -4.4437869e-01   2.2763082e-01   3.3198735e-01  -2.9755649e-02  -2.3608413e-01   4.2913729e-01   5.2266428e-02  -2.8737617e-02  -2.0413818e-01  -5.1318012e-01  -1.6932575e-01   1.9726578e-03  -7.0085462e-01  -3.4818371e-01  -1.4782901e-01  -5.0241715e-02   2.8644095e-01  -1.0800012e-02   5.9757415e-01  -4.5764266e-01   2.8756211e-01  -1.0470867e-01  -1.1116194e-01   1.8355720e-02  -4.7627336e-01  -3.0188878e-01  -5.1262463e-01  -3.8457957e-01  -1.4542536e-01  -2.6938277e-01   1.1028239e-01  -5.2321055e-01  -7.4282711e-02   6.2863056e-01   2.9084974e-01   4.0054700e-01   2.8486679e-01  -3.5238910e-01  -9.4189627e-02  -1.3464385e-01   1.0307008e-01   4.3967783e-01  -4.8002306e-01  -1.2874691e-01  -1.6595160e-02   1.0870934e-01   4.3960765e-02  -3.8715618e-02  -2.6060427e-01   2.2227389e-01   1.0787146e-02   7.1718934e-02   1.6145621e-01   3.6399369e-01   1.4682407e-01  -1.6230340e-01   3.6193533e-01   1.0851164e-01  -2.7312881e-01  -1.1845028e-01  -3.4014433e-02  -1.3688792e-01  -8.5691200e-02  -1.5060687e-01
  -5.8299824e-02  -2.7425246e-02  -1.1130491e-02   1.2894166e-01  -2.4820535e-01   1.3394256e-02  -1.7983675e-01   0.0000000e+00   1.4744713e-01  -1.8442612e-01   9.1945432e-02   1.6149579e-01  -1.3469978e-01  -2.2463320e-02   1.8443595e-01   1.7931247e-01  -5.9627014e-02   4.4723838e-03   3.7854030e-01  -1.8529900e-01  -1.3701638e-01  -4.6871760e-02  -1.9084610e-01  -7.4526058e-02   1.9432345e-01   2.0584325e-01   4.5031223e-02   6.3230371e-02   3.9285504e-01  -1.4865414e-01   2.0914467e-01   2.4706880e-01   1.9745017e-01   1.7120934e-01   2.1635157e-03  -2.0015939e-01   1.3849912e-02   6.2773210e-02   1.6248730e-01  -1.0161961e-01  -2.6758091e-01   1.2101699e-01   1.7160686e-01   4.8036614e-01  -6.5079477e-02   8.1353368e-02  -3.5658063e-02  -1.9387747e-02   3.5458451e-02  -3.5004671e-02  -7.9612750e-02   6.4679590e-01   1.2038620e-01   2.8276823e-01   1.6211995e-01  -3.0695344e-02   5.3936888e-03   2.6206054e-02   1.7457388e-01   2.5554965e-01   3.1861131e-01   1.2111348e-02   2.2207234e-01   2.0845729e-01  -5.9951272e-02  -1.6974472e-01   5.4507514e-02  -2.5614659e-01   2.9307098e-01   1.8414039e-02  -6.0044107e-02   1.3634814e-01   1.6862850e-02  -3.4936082e-02  -3.4758397e-02   7.0528195e-02   1.5763580e-01   2.9430023e-01   7.3906581e-02   3.3253231e-02   9.7868691e-02  -1.9866334e-02   2.1855014e-02   3.2679759e-01  -7.4656109e-02   3.2787835e-01   1.1262108e-01   4.0446402e-02   6.9559193e-02  -1.2095392e-01  -6.3774676e-02   1.2026092e-01  -2.0264780e-02   8.0438264e-02   2.4180334e-01  -1.2501883e-01  -1.6645294e-03   5.2922775e-01  -2.1742609e-01   1.2922347e-01  -7.0178356e-02   2.5141950e-01   1.0577770e-01   2.7534851e-02   8.3723246e-02  -4.7810953e-02   3.5989438e-01   3.7121866e-01   1.9918162e-01  -1.8957085e-01   5.5567124e-02  -9.6857097e-02   2.4845890e-01  -1.7307274e-01  -8.3586418e-02  -1.0681914e-01   1.7393784e-01   9.2517340e-02  -2.4086381e-01   7.0573408e-02   1.9660090e-01   2.8161306e-02   2.0993081e-01  -1.8199255e-01   2.3483458e-01   1.0350074e-01  -2.2124325e-01   3.1452824e-01   1.2985556e-01  -2.3912955e-01  -2.0171327e-01  -1.0296800e-01   6.5422862e-02  -4.8662482e-02   2.4809692e-01   6.2188816e-01   1.1751641e-01   2.1792634e-02   3.8345375e-01  -8.2346742e-02  -6.8930188e-02  -1.1777566e-01   1.8839279e-01  -2.4366820e-01  -2.3265045e-02   6.6231968e-02  -6.8405234e-04  -1.9183245e-01  -1.2753180e-01  -6.8798263e-02  -4.2047522e-02   2.1777840e-01   1.4087231e-01  -1.0487245e-01  -1.7608812e-01  -1.3518242e-01   1.9944439e-01   7.2437095e-02   1.9446037e-01  -2.2069910e-03   1.8172558e-01   2.4178139e-01  -1.0593333e-01   6.5507861e-02   2.1455938e-01   8.4224380e-02   1.1456811e-01   7.1754700e-02   1.5535365e-02  -6.8537565e-02   2.8986198e-02   5.0585327e-03   1.4256936e-02  -1.9073005e-01   2.3388634e-01   4.2730613e-01  -1.4000349e-01
  -1.1266255e-01  -1.1989606e-01   2.7055562e-02   4.2560623e-02  -2.2067754e-01  -2.0942259e-01  -3.0185525e-01   1.4744713e-01   0.0000000e+00  -9.5876144e-03  -6.2380600e-02   2.6739453e-01  -5.0180128e-02   1.3661429e-01   1.0897177e-01  -2.0045581e-01  -2.1646714e-01  -1.4780208e-01  -2.5658837e-01   2.5429817e-02  -2.6261245e-01  -8.1176651e-02  -7.4224502e-02   1.1018477e-01  -2.5067170e-01  -2.8930814e-01  -3.6984110e-01  -1.8235991e-01   1.7290331e-01  -1.7318459e-01  -2.1620511e-03  -1.0202643e-01   2.2931154e-02  -2.2450842e-01   3.8523602e-01  -2.9949010e-01  -1.4670555e-02  -2.8765655e-02  -1.3771119e-01  -1.9735533e-01  -2.0332506e-01   1.8921552e-01   8.4161308e-01   2.7129475e-01  -2.3643862e-01  -1.9761568e-01  -1.8165959e-01  -1.4530879e-01   2.5167760e-01   4.1723929e-02  -7.5211968e-02   3.1722359e-01  -3.4957736e-01  -2.1414418e-01  -2.2151933e-01  -1.3562471e-01  -3.0457513e-01   3.2770721e-01  -4.2190016e-01   6.6780166e-01  -1.9475295e-01   1.4162387e-01   8.2672297e-01   3.6179372e-01  -3.1499915e-01  -2.3478164e-01  -4.3036291e-01   1.1506405e-01  -3.5053208e-01  -9.5623794e-02  -4.2988694e-01  -5.4160393e-02  -1.6278312e-01   1.1087743e-01  -4.8229036e-02   1.7288990e-01  -1.8050362e-01  -5.6105533e-02   7.9711827e-02  -4.8111401e-01  -2.8981119e-01  -3.1225979e-02  -3.2143991e-01  -2.9282890e-01  -2.0262468e-01   1.8868939e-01   6.7170093e-01   8.9141777e-02   3.8647526e-01  -2.2219633e-01   6.4458793e-02  -2.9668067e-02  -6.2081494e-02   9.2366728e-01   1.1955632e-01  -6.5827395e-02  -4.3571262e-01  -1.9542237e-01  -2.9232793e-01  -2.0872533e-01  -2.7145467e-01   8.5890265e-02  -1.0521342e-01   4.6731941e-01  -1.8844158e-01   3.9498180e-02  -9.4368250e-02  -3.6850442e-01   4.9663822e-01  -2.4658189e-01  -2.7041038e-01  -1.3736061e-01   4.0968469e-01  -1.0187878e-01  -3.3697581e-01  -2.6102314e-01  -2.2434361e-01  -2.6831253e-02  -2.1174974e-01  -2.2670718e-01  -1.3025670e-01   2.2437023e-01   6.1867311e-01   1.2066405e-01  -3.1542800e-01   4.5078917e-01  -5.6535631e-02  -1.9737426e-01   7.5008072e-01  -5.9733470e-02  -2.3633988e-01  -3.4651670e-01   3.9180464e-01  -1.2695210e-01   8.2752427e-01   9.7168254e-03  -3.0504389e-01   3.3625703e-02  -6.5450444e-02   3.0458923e-01  -2.4566881e-04   1.1949209e-01  -1.1410763e-01   2.0244343e-02   1.0238015e-01  -9.8455075e-03  -1.8303410e-01  -3.8948151e-01  -3.3684629e-01  -4.0797888e-01  -1.5758468e-01   1.4187710e-01  -4.5575119e-01   1.4268712e-01  -5.1388630e-02   1.0561652e-01  -1.1675028e-01  -3.9731670e-01  -1.4170616e-01  -1.6788374e-01   1.9818387e-01  -3.7571840e-02  -2.1262481e-01  -2.6520993e-01   2.9409112e-02   7.1167061e-02  -1.5979246e-01  -3.5647312e-01  -4.0879999e-01  -1.6220059e-01  -1.2417903e-01   3.0908575e-01  -2.1871112e-02  -6.3736977e-02  -1.3412663e-01  -1.3971391e-01  -6.7488784e-03
  -3.0361175e-01  -4.3739521e-01  -4.8640643e-02   1.3978880e-01   2.4320226e-01   2.7576981e-01   4.3956058e-01  -1.8442612e-01  -9.5876144e-03   0.0000000e+00   6.4479771e-01  -5.8478903e-01   3.2557267e-02  -3.3894736e-01  -3.9219539e-01  -1.9327658e-04  -2.5281912e-02   4.4263862e-01  -2.5047258e-01   4.5737145e-01  -4.4242841e-02   4.3471546e-01   6.8815835e-01  -5.0133582e-01   1.3860097e-01  -4.8794449e-02   2.4997511e-01   1.1375272e-01   1.7874939e-02   1.0178012e-01  -3.6073336e-01   1.0554100e-01  -2.0682594e-01   5.4118843e-02  -3.4521900e-01   6.7647192e-01  -2.8852174e-02  -3.3977121e-01  -6.6824554e-02   9.6161094e-02  -5.0673381e-02  -3.6037597e-01  -2.1517535e-01  -2.3391046e-02   4.0856874e-01   3.3879095e-01   7.8661981e-01  -1.5523869e-02   4.2759966e-03  -1.6094182e-01   5.2844231e-01  -2.2520430e-01  -1.8863077e-01  -2.3625392e-01  -1.9139480e-01   2.1566162e-01   6.0291099e-02   3.1259394e-01   1.3792341e-01  -3.6689206e-01   1.1346552e-01   2.8759867e-01  -6.3549200e-02  -3.6001217e-01   5.7399621e-02   8.1045359e-01   4.1665886e-03   7.5685853e-02   3.2074244e-01   1.6631896e-02  -4.5195858e-02   4.6590760e-01  -3.3635532e-01  -5.7617358e-01  -2.8767234e-01  -2.2378018e-02   3.8142008e-01   1.2938384e-01  -4.0767679e-01   1.0688840e-01   2.8071387e-01  -2.6919164e-01  -1.7794719e-01   2.1170831e-01  -4.5094316e-01  -3.6561149e-02  -2.6406542e-01  -5.1014705e-01  -3.0754450e-01  -3.2088778e-01  -2.9285999e-01  -1.2875023e-01   1.7375915e-01  -1.9609367e-02  -2.7253550e-02   1.5759332e-01   9.1391394e-02  -5.9834115e-02   3.7357135e-01   2.3560319e-02   2.8990901e-02   5.5893247e-02   1.8607454e-01  -5.7785855e-01   4.6035720e-01   2.4216485e-02  -1.7994929e-01   1.1554868e-01  -2.1747849e-01   3.6599759e-01   1.6471220e-02   1.9135757e-01   2.8519797e-01  -2.5531538e-01   4.5580940e-01  -3.2250227e-01   1.8375445e-01  -3.3219016e-01   4.3412830e-02   1.6095816e-01   2.2584348e-01  -3.8561694e-01  -4.2208304e-01  -2.5588707e-01   1.4851060e-01  -4.8303852e-01   1.3972473e-01  -1.1790159e-02   2.2124346e-01  -2.5711733e-01  -1.6054491e-01   4.2185614e-01  -6.6038534e-01  -2.6198455e-01   1.0091225e-01  -3.3029937e-02   1.8569797e-01   8.6463256e-02  -2.7900567e-02  -2.8306986e-01  -2.5239821e-01  -8.2826332e-02   2.7448618e-01  -4.0918600e-03  -1.6057220e-01   1.0387282e-01  -4.3363379e-02   5.1085033e-01   7.3818243e-01  -2.5246023e-01  -3.1935834e-01   2.6231482e-01  -6.6369840e-02  -1.5079057e-01  -2.8938820e-01  -4.9961580e-01   6.9178442e-02   2.0766969e-01  -8.9972817e-02   5.8967328e-01   1.4867607e-01   2.3270042e-01   5.2412405e-01   5.6055857e-01  -4.7376850e-02  -4.0287044e-01   4.1561071e-02   3.8312675e-01  -4.0420970e-02  -3.4105265e-01  -5.9016951e-02  -1.9320795e-01   5.4618306e-01  -2.9855780e-02  -1.6594551e-01  -2.1230802e-01   2.0174012e-01
  -1.5278694e-01  -6.2536714e-01  -2.6371452e-01   2.0266061e-01  -2.1685932e-01   1.6040650e-01  -7.1169049e-03   9.1945432e-02  -6.2380600e-02   6.4479771e-01   0.0000000e+00  -5.8928119e-01   3.8942503e-01  -3.0513638e-01  -3.0229716e-02   3.0917070e-01  -3.6169967e-01   7.4975424e-01   1.1467652e-01  -1.1719627e-02  -2.0399677e-01   6.4897410e-01   3.6395449e-01  -3.4590586e-01   3.8134905e-01   2.0363359e-01   1.4326256e-01   2.4687178e-01   1.9142375e-01   1.9369109e-02  -1.8857532e-01   3.8357609e-01  -1.0108010e-01  -1.6340507e-01  -5.9511953e-02   3.4679509e-01  -2.2565728e-01  -9.2938476e-02   1.4347677e-01  -2.7667144e-01   6.8322876e-02   1.6973262e-02  -1.7555019e-01   2.3424523e-01   5.4990350e-01   2.3291124e-01   8.6223784e-01  -3.0596177e-01   1.4500795e-01  -5.3257140e-01   7.7498640e-01  -7.6456740e-02  -4.1766908e-01  -6.2018887e-02  -5.7064300e-02   4.5466904e-01   3.2877539e-01   4.0633013e-01   4.0018709e-01  -1.3103993e-01   2.5228857e-01   4.9182076e-01   3.8890948e-02  -1.7610085e-01   3.3119329e-01   7.5869671e-01   5.2602476e-02  -1.2359601e-02   7.3409130e-01  -4.5406620e-02  -3.0703299e-01   7.5568032e-01  -1.6708582e-01  -3.9580810e-01   7.1647960e-02   7.8986533e-03   4.6812930e-01   5.7062070e-01  -4.2121845e-01   3.8334789e-01   2.7943729e-01  -1.9191018e-01  -3.0471168e-01   3.4350675e-01  -4.2784986e-01   2.5580014e-01  -1.2832194e-01  -3.2755730e-01  -4.1460359e-01  -2.5372245e-01  -5.0797426e-01   1.2565661e-01  -2.8076297e-01  -2.6915263e-02   3.8970370e-02  -1.7905011e-01   4.3439014e-01   4.8681513e-01   4.6424961e-01  -2.5214928e-01   2.4158050e-02   5.0348258e-01   2.2487151e-01  -5.4894903e-01   7.1877186e-01   8.5504178e-02  -3.1713754e-02   6.1086393e-01  -3.0007672e-01   1.4675104e-01  -1.4191694e-01   3.7003346e-01   4.0345439e-01  -1.8014400e-01   3.5101904e-01  -5.6545758e-01   4.2502473e-01  -3.1919195e-02  -2.1513830e-01   4.0807201e-01   2.4096331e-01  -4.8339304e-01  -2.2424981e-01  -1.3542928e-01   3.5819271e-01  -3.4498065e-01   3.3582553e-01   8.0537238e-02   1.2985312e-01  -5.5512884e-01  -6.2042021e-02   1.7904860e-01  -7.2024001e-01  -3.5701799e-01   1.0922461e-01   2.8302149e-01   4.6577295e-01   1.2346477e-01   4.1487106e-01  -1.6340653e-01  -1.8510618e-01  -3.6051655e-01   7.6641178e-01  -1.4530793e-01   7.7872225e-02   2.9167769e-01  -3.6978165e-01   3.7275256e-01   7.2091377e-01  -3.8130218e-01  -1.8925932e-01   1.3829041e-01   1.5561025e-01  -1.6558841e-01  -6.8232901e-01  -2.9682449e-01   8.2550139e-02   4.8107584e-01  -7.7582745e-02   6.7790178e-01   3.3370533e-01   7.6436667e-01   4.5327935e-01   8.1461498e-01   5.7955960e-02  -5.8742828e-01   3.0228847e-02   3.4884076e-01   1.1054731e-01  -6.3921057e-01  -5.0447589e-02  -2.9963671e-01   7.8269498e-01  -1.0734065e-01  -6.2104243e-02  -1.2289945e-02   1.0363117e-01
  -1.0002133e-01   6.0334578e-01   3.3923747e-01  -4.2661311e-02   1.9995124e-01  -4.7495582e-02  -1.5888918e-01   1.6149579e-01   2.6739453e-01  -5.8478903e-01  -5.8928119e-01   0.0000000e+00  -2.1062966e-01   7.6884225e-02   1.5909844e-01  -1.2983673e-01   3.5808141e-01  -5.4025088e-01  -4.1428927e-02   1.5075901e-01   1.2604778e-01  -6.1608576e-01  -3.1177957e-01   1.6269517e-01  -5.8165671e-02  -1.9607710e-01   1.4663533e-01  -3.8625931e-01   7.9755427e-02   6.4166971e-02   1.3809805e-01  -1.7062064e-01  -8.3492112e-02   2.7523392e-01   3.3227093e-02  -2.9117753e-01   2.6269169e-01   6.0933820e-02   3.3875911e-02   3.6186127e-01  -9.3607622e-02   1.0832983e-01   5.0638074e-01   1.4455170e-01  -5.0451850e-01  -2.1558283e-01  -5.6191436e-01   1.4155624e-01  -5.4894569e-02   5.3365515e-01  -6.2371898e-01   2.7923681e-01   3.2290779e-01   1.0235883e-01  -1.5833418e-01  -3.9379682e-01  -1.5110877e-01  -3.7535230e-01  -4.3929193e-01   5.1026551e-01  -1.8248923e-01  -3.4398715e-01   3.1118130e-01   3.7380692e-01  -2.1658290e-01  -6.8342963e-01   6.3522670e-02  -3.1668322e-02  -5.5537653e-01  -2.9799661e-02   1.3740931e-01  -5.4770668e-01   2.7257040e-01   1.8352804e-01   2.1544374e-01  -1.5317246e-01  -4.1757702e-01  -4.0392735e-01   6.9633699e-01  -2.7735231e-01  -5.8383794e-01   1.4626275e-01   3.6460978e-01  -3.7049883e-01   7.3551151e-02  -7.6378125e-02   3.1442346e-01   2.6767439e-03   6.3576447e-01  -8.4874928e-02   5.6389173e-01  -1.5186883e-01   3.7012695e-01   2.4550125e-01   9.7245734e-02   3.0553928e-01  -3.7880299e-01  -1.3036737e-01  -4.0142972e-01   3.2460987e-01  -3.6434838e-01  -3.5338566e-01  -4.7156804e-01   6.8820445e-01  -6.5090306e-01   2.1028989e-02  -6.3352287e-02  -4.5238625e-01   5.5108430e-01  -5.2392805e-02   2.1251569e-01  -4.8766857e-01  -1.2066291e-01  -1.3343248e-01  -6.1076463e-01   4.5168353e-01  -4.5486128e-01   9.3279814e-02   2.0001225e-01  -3.0638645e-01  -3.6460068e-01   5.7387018e-01   5.7032052e-01   2.6774450e-01  -3.8545159e-01   3.7353145e-01  -2.7609806e-01  -5.1840750e-02  -2.5982776e-03   3.8947843e-01   7.0022015e-02  -1.3200748e-01   7.1224305e-01   3.8733419e-01   1.9556227e-01  -1.8933935e-01  -2.1545429e-01  -2.7674264e-01  -4.2585586e-01   9.7537279e-02  -3.9795279e-02   1.2631681e-01  -4.7523491e-01   1.3286920e-01   2.7545776e-02  -3.9186719e-01   3.3622268e-01  -3.0130007e-01  -6.7195888e-01   1.6795700e-01  -2.1357086e-01  -3.3118161e-01  -3.9071569e-01   3.8242286e-01   5.9242208e-01   1.6966458e-01  -1.4043982e-01  -5.0206613e-01  -1.8477947e-02  -7.6861254e-01  -7.6381703e-02  -3.6598104e-01  -3.1501510e-01  -6.6559516e-01   4.0428938e-02   7.1295835e-01   2.6587171e-01  -3.3712336e-01  -4.3225874e-01   5.7884974e-01   3.6609017e-01   1.7212362e-01  -4.7788827e-01   3.7076661e-02   1.2755147e-01   1.1641864e-01  -3.2679696e-01
   1.1928991e-01  -3.4648178e-01  -2.0865047e-01  -1.1556891e-01  -1.4478450e-01   1.3741092e-01  -2.3122367e-01  -1.3469978e-01  -5.0180128e-02   3.2557267e-02   3.8942503e-01  -2.1062966e-01   0.0000000e+00  -6.2743499e-02   3.7314256e-01   4.0189727e-01  -2.9465095e-01   5.1737996e-01   1.9288461e-01  -1.8859341e-01   2.7559415e-02   3.9074190e-01  -2.8896653e-02   7.4358585e-02   6.8395117e-02  -7.2284360e-02  -2.7370353e-02   1.5796498e-01   2.1557354e-01   2.1696106e-01   2.1733023e-01   1.6991063e-01   9.1136383e-03  -2.8066701e-01   1.9701032e-01   8.0372216e-02  -2.5988938e-01   8.6633703e-02   1.6016212e-01  -2.4403911e-01   6.6748807e-01  -2.9102744e-02  -8.1073551e-02   2.8303893e-02   3.8264341e-01  -9.8185996e-02   3.1549769e-01  -6.0273821e-02   6.6059013e-02  -3.9204982e-01   4.9077509e-01  -8.4209125e-02  -2.3554714e-01   3.2487094e-02  -1.6208961e-02   3.5127023e-01   4.9075349e-01  -1.1237389e-02   3.0662474e-01   7.3621668e-02   1.5176813e-01   4.2890238e-01   5.0493136e-02  -8.0562047e-02   4.2217384e-01   1.8236652e-01   2.7176019e-01   1.1859598e-01   3.3290312e-01  -7.8866347e-02  -2.6824686e-01   2.8080743e-01   2.6004136e-01   1.3480064e-01   1.4730244e-01   1.6843338e-01   2.4477678e-01   3.7601163e-01  -1.3413428e-01   6.0912812e-01   8.4096798e-02   6.2214187e-02  -1.8118966e-01   7.1045914e-02  -4.8505448e-03   2.0886324e-01   5.2279734e-02  -1.6511211e-02  -2.2686989e-01   7.1258159e-02  -1.7611881e-01   2.1293111e-01  -4.0208168e-01  -5.9982273e-02   5.0553136e-02  -4.0704932e-02   4.9658968e-01   2.5330546e-01   6.6092539e-01  -3.3914540e-01   9.1988767e-02   3.9045764e-01   3.6527847e-02  -1.2988882e-01   2.7549696e-01  -6.5177935e-02   7.0627104e-02   3.3582729e-01  -8.9133641e-02  -1.7365544e-02  -2.7320558e-01   2.4969641e-01  -7.7649891e-02   9.9260803e-02   9.6753025e-02  -1.7784402e-01   2.3333587e-01   6.9935635e-01   3.2754287e-02   2.5120546e-01   6.6887006e-02  -5.9736511e-02  -7.2060191e-02   2.7016900e-01   1.6104366e-01  -9.1558861e-02   4.6702962e-01   9.4278277e-02  -1.3794949e-01  -1.9694283e-01   4.5296807e-01   3.1727176e-02  -2.5958367e-01  -9.4327790e-02  -1.5657147e-01   2.7080443e-01   5.3864431e-01   2.0333220e-01   2.4129861e-01   1.8254272e-01   9.2219842e-02  -1.2565940e-01   3.5047030e-01  -3.2073001e-02   3.6489254e-01   2.7107466e-01  -3.1929162e-01   1.0083096e-01   2.0512300e-01  -1.3373689e-01   1.4490445e-01  -4.1653127e-02   8.9365541e-02  -6.2343560e-02  -2.8074445e-01   1.5010439e-01  -1.0399189e-01   5.0943216e-01   2.0298582e-02   2.2399742e-01   1.4476352e-01   3.6335500e-01   2.4821498e-01   2.7478764e-01  -9.9863742e-02  -2.3320574e-01  -3.4565540e-02   1.4830334e-01  -2.7368805e-02  -2.5858477e-01  -7.2462733e-02  -1.8885130e-01   4.1830710e-01   2.6987933e-01   5.4220246e-02  -5.5696434e-02   1.8735769e-01
   7.3834190e-01  -5.0199617e-02  -4.4257791e-01  -1.1781765e-01  -2.4616708e-01  -3.9398209e-01  -5.5100034e-01  -2.2463320e-02   1.3661429e-01  -3.3894736e-01  -3.0513638e-01   7.6884225e-02  -6.2743499e-02   0.0000000e+00   2.9572134e-01  -1.5742487e-01  -4.3527226e-01  -1.3271341e-01   2.0258594e-02  -3.9753881e-01  -4.2576000e-02   1.1893949e-02  -5.1551935e-01   7.4639193e-01  -2.2881855e-01  -1.0211048e-02  -5.0809360e-01   2.4401448e-01   8.6230984e-02  -1.8637979e-01   3.2408665e-01  -2.3841516e-01  -3.4776249e-02  -4.8137266e-01   5.9306973e-01  -3.6764948e-01  -2.3755239e-02   2.4605642e-01   9.7338433e-02  -4.6523149e-01  -8.8311478e-03   1.3806446e-01   3.2659574e-02   4.6313770e-02  -2.7095411e-01  -5.5065447e-01  -3.4625861e-01  -1.0846747e-01   1.0593994e-01  -1.4504159e-01  -1.6210704e-01   2.0914466e-01  -1.7281596e-01   1.6509473e-01   6.2682955e-01  -2.1686197e-01  -1.1884142e-01   1.3422908e-01   1.8206204e-02   2.3816647e-01  -2.0451085e-01  -1.9851428e-01  -4.3785088e-02   2.3833435e-01   5.2435317e-02  -3.7023906e-01  -4.3758526e-01  -3.2977066e-01  -2.1002647e-01  -3.4918848e-01  -3.0585563e-01  -2.4321085e-01   1.6244465e-01   6.0630641e-01  -1.2179613e-01   3.8515064e-01  -3.5810942e-01  -9.2736120e-02   3.9747502e-02  -1.7254976e-01   1.5004169e-01   3.1041415e-01  -3.0376092e-01  -7.6386921e-03   5.5784940e-01   1.3880195e-01   4.4853026e-01   7.0577300e-01   4.9877570e-02   6.3939976e-01   1.3052276e-01  -1.3236032e-01  -3.8219468e-01   7.3151352e-02  -2.6862919e-01  -1.2892981e-01  -1.2622312e-01  -9.6912289e-02  -5.0320020e-02  -3.3798378e-01   9.6314987e-02   1.2684406e-01   2.3619648e-02   2.5378975e-01  -2.2891351e-01  -2.3302286e-02   1.6688971e-01  -1.1158199e-01  -1.6014815e-02  -4.3846289e-01  -4.0290399e-01   2.6991673e-01  -3.6809754e-02   7.7608030e-01  -1.8175859e-01   7.0774866e-02  -1.9589198e-01   1.3287158e-01  -3.0912366e-01  -2.4895519e-01  -8.1814458e-02   2.6958663e-01   1.3227983e-01   1.7481903e-01  -3.4523139e-01   7.3502924e-01   1.0654361e-01   1.3554580e-01  -6.0441308e-02  -2.6766208e-01  -4.4853728e-02  -3.5854255e-01   3.9386533e-01  -2.0163102e-02  -9.3554476e-02   1.3177701e-02  -2.4266021e-01   6.0655262e-01   2.0074016e-01   5.2199732e-01   6.6591881e-01   3.8599106e-01  -1.1849800e-01  -2.4030613e-01   2.6557691e-01   4.9328018e-02  -3.4754496e-01  -1.3400262e-01  -4.9940934e-01   9.0386479e-02   5.9060243e-01   2.3772487e-01   1.2612166e-01   3.2105042e-03  -1.6636507e-01   6.0244666e-01   1.8229320e-01  -4.8191625e-02  -1.7525183e-01  -6.6205078e-02  -2.9188408e-01  -2.3641813e-01  -1.7718927e-01  -3.0247206e-01  -9.1905840e-02  -6.8771255e-03  -2.6134883e-01  -1.9383914e-01   3.6280025e-01   9.8109087e-03  -1.9080178e-01   2.6373861e-01  -1.8880989e-01  -2.5307622e-02   6.3762389e-02   1.7359486e-01   1.0813077e-01
