   0.0000000e+00  -1.4310264e-01  -4.6040400e-01  -9.8393528e-02  -1.4280883e-01  -3.7771985e-01  -9.6296787e-02  -3.6853044e-02  -1.2259354e-01  -9.9153002e-02  -2.1193954e-01   1.1187071e-01   8.5633655e-02   4.1110149e-01   4.0145911e-01  -1.7665280e-01  -3.6344916e-01  -8.8475356e-02   1.2824385e-01  -1.5184169e-01  -1.9518067e-01  -2.5698815e-01  -9.8302559e-02   5.3347111e-01   1.6892858e-01   2.1993926e-01  -2.7691010e-01   2.2835061e-01  -1.7927568e-01  -1.7526891e-01   4.4318079e-01  -1.1858652e-01   1.4068795e-02   1.7561890e-02   3.0634334e-02  -1.8272875e-01  -1.7474609e-01   3.8208709e-01  -3.2310412e-01  -2.4432994e-01  -9.3332927e-02  -1.5867530e-02  -1.3052190e-01  -6.7711085e-02   1.5885946e-01  -1.8538615e-01  -1.8470375e-01  -7.5649558e-02   2.0141995e-01  -3.1566113e-01   1.8419258e-01   1.5459305e-01   4.0846176e-03   1.6086971e-01  -3.7945623e-02   1.0563238e-01  -1.1977627e-01  -1.1261271e-01   7.3758242e-03  -4.1234956e-02  -1.4506129e-01   7.9751430e-02  -2.7920861e-02   2.1011665e-01   1.7628146e-01  -2.2338877e-01  -3.4344927e-02   2.1973642e-01  -2.1319585e-01  -3.0107068e-01  -1.9596488e-01  -1.0809724e-01  -3.8982746e-03   5.4134313e-01   1.8796333e-01   1.0368602e-01  -2.6003091e-01  -1.7895488e-01  -1.3166221e-02   6.0084620e-02   5.5676026e-02   6.0132887e-02  -2.6642956e-01  -1.3124001e-03   3.5455541e-01  -6.2832112e-02  -3.6191584e-02   3.7927440e-01   1.3708355e-01   6.8523578e-01  -1.3866234e-01  -4.8343528e-01  -2.6477557e-01  -2.1681454e-01   3.4762613e-01  -8.6506813e-02  -3.9729440e-01  -1.0779602e-02  -3.7712355e-02  -2.8175911e-02   1.4036633e-01   3.2723622e-01  -7.5728019e-02  -3.0005855e-02  -1.4585710e-01  -1.9545572e-01   1.7315852e-01  -1.7472440e-01  -1.8523484e-01  -3.2225073e-01  -2.7151980e-01   3.9999369e-02   1.8584821e-03   7.6471554e-01   2.0297249e-01  -1.4910740e-02  -6.3156318e-02   1.1059048e-01   1.7194422e-01  -2.2375547e-03   9.4107600e-02  -2.6331294e-01   1.6853883e-01   2.1831761e-01   1.7109778e-01   4.1342098e-01   1.3533769e-01   2.1187778e-01  -5.4959463e-02  -3.6215639e-01  -3.2613465e-01  -5.1425813e-02   6.7239997e-01   1.4621355e-01  -1.7324101e-01  -8.1311162e-02  -4.2378761e-02   1.2875428e-01  -4.1517604e-02   6.2382252e-01   6.0458631e-01  -5.5206358e-03  -1.8053373e-01  -1.1170461e-01   2.8503060e-01   1.8956947e-01  -2.3025087e-01  -4.5006342e-01  -3.9677735e-01   2.5834133e-02   3.2084148e-01  -2.6530955e-02   1.8592841e-01  -1.3148937e-01  -2.8547338e-01   4.1381618e-01   1.1778860e-01  -9.7736157e-02   1.9475508e-01   1.0726008e-01   5.9656151e-02  -2.3647129e-01  -1.1859626e-01  -1.2073829e-01  -2.8254052e-01  -1.8410290e-01  -3.9038481e-01   2.3139746e-01   4.7058769e-01  -1.2024815e-01  -2.6602519e-01   1.5244385e-01  -7.6895008e-02  -2.7045923e-01  -1.8721635e-01   1.6215340e-01  -2.8145976e-01
  -1.4310264e-01   0.0000000e+00   1.2649381e-01  -2.8888591e-01   1.7995680e-01  -1.8700656e-01  -1.2976341e-01  -1.7091961e-01   4.6136815e-01   2.2010452e-01  -4.0382765e-01   5.7133184e-01  -1.7837356e-01   3.2738206e-01  -1.0363972e-01   6.5607989e-02   4.8865354e-02  -2.4473444e-01   3.1966394e-02   5.3230393e-02  -4.6612361e-01  -2.1615853e-01  -1.9449087e-01  -5.1839124e-02   2.1690400e-01  -9.9427840e-02  -1.2794560e-01  -1.3233522e-02   1.5058361e-01   1.8776500e-01   1.3792472e-01  -2.0784713e-01   9.2523447e-02   1.0487499e-02   4.4786514e-01  -2.1562409e-01   1.1600493e-01  -1.7489311e-01   1.1116291e-01   5.7463836e-02  -7.3053793e-02   2.2857932e-02   5.5441584e-01  -3.3788111e-01   4.4422336e-01  -2.3000635e-01  -4.3363444e-01  -4.0430179e-02  -3.6403294e-02   1.1842696e-01  -2.4875581e-01  -1.3093523e-01   1.9808462e-01  -1.5643320e-01   5.6555341e-02  -3.2754298e-01   1.4466929e-01  -1.8360541e-01  -2.4379255e-01   4.6632322e-01  -2.4450782e-01  -6.9485426e-02   5.6862429e-01   3.8571931e-01   3.1695041e-01  -6.1348839e-02   3.4167129e-01   2.8556763e-01  -3.1498485e-01  -3.4489846e-01   4.0655464e-01  -4.2543494e-01   2.7170855e-01   1.6560987e-01  -6.7243973e-03   2.0428701e-01  -1.7236750e-01  -5.8362894e-02   5.6333380e-01   1.6271180e-01  -3.4872597e-01   7.8003817e-02  -3.8218488e-03  -1.7668214e-01  -1.4982379e-01   1.0981772e-01   6.0870380e-01  -1.7681425e-01   4.5265868e-01  -1.8044120e-01   5.0635314e-01  -5.9299680e-02   2.2488976e-01   4.3973637e-01  -3.7098097e-01   5.2098880e-01   9.7605977e-02   1.1756998e-01   2.2687203e-02  -3.4505653e-01   6.3127812e-02   4.9685785e-02  -2.8719255e-01   5.8856165e-01  -5.1212900e-01  -1.4458240e-01   4.0866137e-02  -1.7519640e-01   8.7152129e-04   2.1706757e-02  -1.8948322e-02  -2.0183247e-01  -1.3614185e-01  -3.3756747e-01  -7.4284098e-02   3.3905548e-01   1.3255582e-01   5.9141167e-02  -6.7485493e-02  -3.7337106e-01  -3.7911122e-01   4.7456091e-01   4.1416445e-01   2.2728611e-01  -1.3803885e-01   1.8045017e-01   6.5345799e-02  -3.5107648e-02  -4.5783229e-02  -2.4867327e-01   1.4055033e-01  -2.3867679e-01   2.3612591e-01   3.1720318e-01   2.1725905e-01   3.0197884e-02   1.9148796e-01  -1.0205105e-01   1.7722250e-01  -2.0538156e-01  -3.5454656e-02   4.5233826e-02  -3.8137164e-01  -1.4963259e-01   3.8163841e-01  -1.4387976e-01   3.2114177e-01   1.6558267e-01  -2.0729266e-01  -2.4021556e-01  -1.3322557e-01  -2.7440951e-01  -3.9616099e-01   2.7465220e-01   2.4709573e-01  -1.8472558e-01  -3.7477941e-01  -3.1516845e-01  -4.6190418e-02  -4.3887708e-01   3.1558772e-01  -4.0339650e-01  -5.7183568e-02  -4.6543187e-01   9.5963704e-03   3.1646072e-01   4.2455527e-02   8.7984198e-02  -1.5514556e-01   2.3208339e-01   4.2340773e-01  -1.9780170e-01  -6.2664052e-02  -7.5154410e-02   2.5297016e-01   2.0699102e-01   2.5967992e-01
  -4.6040400e-01   1.2649381e-01   0.0000000e+00  -1.6753990e-04   7.4273473e-02   2.9755810e-01  -8.8633492e-02  -1.0703282e-03   5.1961311e-02   1.2791216e-01  -1.4019940e-02   4.7039099e-02  -9.8296156e-03  -2.7221394e-01  -3.5466164e-02  -4.4042128e-02   6.9563479e-01  -1.6416099e-01   2.3670292e-01   1.0054348e-01   2.8133567e-02   4.2093167e-02  -1.7111653e-01  -2.1310898e-01  -8.8992195e-02  -4.1175165e-02   2.5773179e-01  -1.5606465e-04   1.0639095e-01  -6.5885145e-02  -1.1689169e-01   1.0143385e-01   2.8211119e-02  -8.7708069e-02   1.1733719e-01  -1.3719427e-01   1.9263508e-01   4.5238953e-02   2.7741200e-02   2.5988427e-01   5.3053462e-03  -1.3188357e-01   1.7918984e-01  -1.5150163e-01  -6.0154873e-02   3.1257693e-01  -6.8951466e-02  -3.6365781e-02  -1.0360802e-01   5.0571658e-01  -3.1280560e-01  -1.1732161e-01  -1.2386863e-01  -1.9615248e-02   2.7420236e-01   3.6115047e-04   2.7388027e-01   2.4443803e-02  -8.3681835e-02  -4.6436612e-02   2.9208969e-01   7.8889815e-02   9.9131318e-02  -1.8839743e-01  -2.2100139e-01  -1.4403569e-01   2.0431352e-01  -1.3136668e-01  -1.6612250e-01   6.1705495e-01   1.1476109e-01  -7.4291849e-02  -1.8525648e-01  -1.5248691e-01  -2.5090348e-02  -9.9917279e-02   3.8875081e-01   2.9909110e-01   1.4377083e-01   1.1089974e-01   2.6470147e-02  -3.3061965e-01  -2.9545277e-02   9.4708457e-03   1.6480007e-02   2.5082385e-02   2.2561500e-01  -6.0905113e-02  -1.1616364e-01  -2.9215360e-01   1.0125099e-02   6.0198652e-01   4.6231123e-02   1.3503985e-01  -7.5699637e-02   9.4001665e-02   1.5162886e-01   1.5786838e-01  -1.0884359e-01  -1.1298406e-01   2.6670933e-01   2.3896614e-02   4.3708341e-02  -2.0679415e-02  -7.4091074e-02   1.7156853e-01   1.7102745e-02   7.2599745e-02   1.7615662e-01   4.2243079e-02   1.1092055e-01  -2.3963200e-01  -8.7558972e-03  -2.8067921e-01   2.6330681e-01  -3.2537400e-02  -6.3705469e-03  -9.4671051e-02   7.2096457e-02   6.6777913e-02   1.4679999e-01   1.8329463e-01   1.2187918e-01  -1.7892650e-01   2.2007253e-01  -7.7450275e-02  -1.8127862e-01   9.6412658e-02  -1.2144098e-02   5.1514325e-01  -1.8887009e-02  -1.9597171e-01  -2.4189238e-01  -1.4496498e-01   4.5140514e-02  -1.1853083e-01   2.1489642e-01   6.1765902e-02   3.8154764e-02  -2.7888119e-01  -2.4790644e-01   8.0802639e-03  -7.7692486e-03   3.7420754e-01  -7.2602167e-02  -1.2928085e-01   3.2409846e-01   1.3085771e-01   8.3585776e-02  -2.2993495e-01   8.8708861e-02  -4.6632190e-02   8.3891269e-02  -5.4295340e-02   4.5617902e-01  -1.0152392e-01  -1.2609043e-01  -2.5134738e-02   1.3024644e-01  -2.2080841e-01   1.4945554e-01   1.0565454e-01  -4.3459646e-02  -4.2375913e-02   1.0882523e-01   2.3178615e-01   2.5982115e-01  -1.3657416e-01  -2.4369353e-01  -1.4464300e-01   8.2509446e-02   1.1927314e-01  -1.6270386e-01   3.5874242e-01   2.9108689e-01  -1.8531411e-01   3.8559991e-02
  -9.8393528e-02  -2.8888591e-01  -1.6753990e-04   0.0000000e+00   2.7157905e-02  -6.9930432e-02  -1.8694279e-01   6.9207084e-02   1.6705018e-01  -3.1355643e-01   4.4712765e-01  -3.6982675e-02   2.0455089e-01   1.0376411e-04  -1.1431933e-01  -1.0245730e-01   1.3467804e-01   6.4001377e-01   1.7973992e-02   1.5202774e-02   5.6434566e-01   7.5847349e-01   4.5952443e-01  -4.1535219e-02  -2.8147057e-01  -1.9855449e-01   5.9866944e-02  -3.6734019e-01  -1.7707678e-01   4.1409810e-01  -1.6733871e-01   4.2147851e-01  -1.8542132e-01  -3.4877500e-01  -1.5187500e-01   3.4156297e-01  -1.3820445e-01   3.8197337e-03   2.4731432e-01  -2.5292999e-01   2.0791045e-01  -2.7440856e-01  -8.6555282e-02   3.0733080e-01  -2.2822751e-02   2.8524297e-01   7.1617502e-01  -2.3693284e-02  -1.0794407e-01  -3.5095502e-01   6.7201746e-01  -8.8988495e-02  -2.8434567e-01  -4.3713819e-01  -5.2687376e-02   1.1157438e-02  -3.3080557e-01   4.0587412e-01   5.0732771e-01   2.9778827e-01   3.0314010e-01   1.1171361e-01  -1.1776580e-01  -5.6364294e-02  -1.5952029e-01   2.0079422e-01  -3.3793216e-01  -1.4212476e-01   4.3650179e-01   1.0969953e-01  -3.4116412e-01   5.9699658e-01  -5.7485630e-02  -2.6140396e-01  -2.9495346e-01   1.9900456e-02   3.0860093e-01   1.0738828e-01  -2.6571229e-01  -1.2075080e-03  -1.5159197e-01  -1.5319148e-01   9.8133316e-02   1.7789541e-01  -9.7006339e-02  -2.4166185e-01  -2.6554983e-01  -1.6929460e-01  -2.7228909e-01  -1.7254965e-01  -2.5982092e-01  -3.7006351e-02  -4.4252620e-01   1.4702952e-01   1.4873436e-01  -2.5061491e-01   1.2540141e-01  -8.2553281e-02   9.5703503e-02   5.7919701e-02  -3.4395106e-01  -9.2010373e-02   4.2689561e-01   1.0483584e-01   5.4453202e-01   6.3116710e-01   1.4714270e-01   3.4375046e-01  -2.5131783e-01   7.4732088e-02  -2.3155006e-01   3.7936855e-01   6.6471388e-01  -7.4200929e-02  -2.5920384e-01  -3.5007675e-01  -1.1703628e-01   2.1620839e-01  -2.5750170e-01   6.2185976e-01   1.6821332e-01  -2.4320471e-01  -2.2117998e-01  -1.1711693e-01   3.0060959e-02  -1.6847851e-01  -4.4090586e-02  -1.0859243e-01   6.2267726e-01   1.7433849e-01   1.3101167e-02  -1.0819289e-02  -1.0338265e-01  -5.0482017e-02   3.5663761e-01   6.5114920e-02  -1.1797921e-01  -2.8538176e-01  -1.7825836e-01   9.9903473e-02   1.2139010e-01  -2.2458806e-01   2.9233402e-01  -4.8347980e-02  -1.2797552e-01   2.6725480e-01  -3.7443862e-01   1.6146521e-01   2.5601706e-01   2.1466284e-02  -1.4674804e-01   1.2525652e-01   1.1330268e-01  -1.1683718e-01  -2.4016885e-01   5.4229647e-02   3.0234648e-01   4.7456792e-01  -1.3719272e-01   6.4262194e-02  -1.7192133e-01   3.9261573e-01   2.8835463e-01   6.8132511e-01   6.0593499e-01  -2.6696826e-01   3.9519693e-01   7.8008603e-02  -1.2909312e-01  -2.7187064e-01  -2.0769426e-01   1.4080148e-01   5.5191773e-01   4.9480546e-02  -3.6698058e-01  -1.1452954e-01   4.5470195e-01
  -1.4280883e-01   1.7995680e-01   7.4273473e-02   2.7157905e-02   0.0000000e+00  -5.8954545e-02   3.7741934e-01  -3.8774720e-01   4.1939286e-01   5.1949228e-01  -1.7367831e-01  -2.4019544e-01   4.3214102e-01  -1.9192533e-01  -4.0216582e-01   1.0348016e-01   4.4525742e-02   5.9693337e-02  -2.1700123e-01   8.6218151e-01  -1.3820096e-01  -6.6868899e-02  -3.0821692e-01  -4.5239335e-01   1.0186134e-01  -8.8758778e-02   5.1135184e-01  -2.8476972e-01  -3.7723617e-01   1.8206047e-01  -3.4510578e-02   1.4237349e-01  -1.5410394e-01   4.7891732e-01  -3.4717152e-01   6.5248183e-01   2.1814510e-01  -2.9187637e-01   7.6948590e-02   5.9276640e-01   5.7176989e-01   4.4336208e-02   1.3533188e-01  -2.9653760e-01   1.9301974e-01   1.2996841e-01   5.1034029e-02   2.1252018e-01   3.1976945e-01   4.7223199e-01  -9.5244950e-02  -3.9910535e-01   6.3627862e-01  -3.0002376e-01   1.0011425e-02  -3.9918548e-01  -2.4734247e-02   1.3442071e-01   1.8633821e-01  -7.6554402e-02  -2.6687277e-01   2.9383447e-01   4.5172354e-01   4.7887809e-01   4.8826296e-01   3.2187545e-01   1.7723580e-01   4.4984080e-01   1.2214153e-01  -5.0081991e-02   6.7390786e-01  -5.5910694e-02   5.3147408e-01  -1.7727448e-01  -2.9202483e-01   5.1580683e-01  -3.1521195e-02   1.0653433e-01   3.0722368e-01   3.7157811e-01  -2.5883337e-01   1.3583000e-01  -1.5998633e-01  -3.8066383e-01  -3.6610894e-01   3.9005292e-01   3.3550391e-01  -4.7941427e-01   1.6215725e-02  -2.7442012e-01   6.6538659e-01  -3.5191595e-01   4.8367411e-02   3.6647977e-01  -1.3675770e-01   6.6460063e-01   5.2555138e-01   4.9123100e-02   6.8685632e-01   3.9206508e-01  -1.4358469e-01  -2.3401098e-02  -1.1828289e-01   2.7323516e-01   4.5236641e-02   6.0219314e-02  -3.2104523e-02  -1.7331439e-01   3.6716537e-01   1.0868035e-01  -1.5462406e-01  -4.7932868e-01   6.7042733e-02  -2.5199286e-01  -3.3483443e-01   5.9184758e-01  -2.3499823e-01   3.9799031e-01  -4.1784346e-01  -1.5587694e-02  -2.0369335e-01   5.4017253e-01  -1.2916465e-01   4.0073047e-01   1.9531765e-03  -3.1595731e-01  -1.9842028e-01  -1.5904067e-01   3.4070991e-01   1.2472833e-01   4.2084392e-01   4.6400616e-01  -1.6822544e-01   7.8413106e-02   1.2571035e-01   3.4211968e-03  -5.6474520e-02  -1.6099415e-02   3.7653344e-01  -1.8918280e-01  -2.1298685e-01  -1.0883617e-01  -2.4564352e-01  -4.9695629e-01  -4.6244704e-02  -8.5792883e-02   8.9523295e-02   4.8320673e-01   4.7056959e-02   4.2637156e-01  -3.8105571e-01  -4.1477610e-01  -3.4303679e-01   4.7799298e-01   5.2561359e-01  -3.3431994e-01  -2.7135798e-01   2.8610562e-01  -5.0222331e-02  -3.4405553e-01   2.2610898e-01  -2.6711148e-01   4.3916063e-01  -1.9447078e-01   2.1164155e-01   4.6138403e-01   2.1187751e-01  -2.7633203e-01  -2.6985746e-01   5.8914974e-01   6.6006548e-01  -4.3208421e-03   2.4945628e-01  -5.2109449e-01   1.6060844e-01   2.4806525e-01   3.9418340e-01
  -3.7771985e-01  -1.8700656e-01   2.9755810e-01  -6.9930432e-02  -5.8954545e-02   0.0000000e+00   5.0023844e-01   7.0445299e-02  -3.0967419e-01  -6.5910024e-02   7.1277251e-03  -1.8512186e-01  -1.2268249e-01  -2.7903383e-01  -3.1537832e-02  -3.7022032e-02   2.8395867e-01  -4.8534773e-03   9.3602468e-02   1.1659453e-01   3.4586615e-01   1.6202839e-01   2.5351476e-01  -1.9535204e-01  -7.4152836e-02   8.3208825e-02   4.6663788e-01   3.6513882e-01  -1.3045576e-01   2.3313377e-02  -1.9636271e-01  -1.0108950e-01   8.6024436e-02   8.1802124e-02  -1.8473371e-01   1.3102443e-01  -5.4098585e-02  -2.1311215e-01  -6.0897209e-02   3.6007264e-01  -1.4625086e-01  -5.2900916e-03  -4.1253871e-01   2.0745553e-01  -4.1303733e-01   1.8481400e-01   2.4888023e-01   4.4162510e-01  -6.0323312e-02   1.8805835e-01  -4.3575677e-02  -1.5825124e-01  -1.0996603e-01   2.5256307e-01   2.6074281e-01   1.4885185e-01   4.0385979e-01  -2.0664679e-01  -6.9603815e-02  -4.3270357e-01   1.4037669e-01  -5.4088524e-02  -4.1610953e-01  -4.3386580e-01  -2.7981086e-01   2.6015112e-01   3.8462883e-01  -4.9011363e-01   2.0970611e-01   4.9490371e-01   8.4989636e-02  -1.8763452e-02  -1.4588178e-01  -1.1051613e-01   2.6699763e-02  -1.7398190e-01   2.6960022e-01   1.9521222e-02  -4.8206529e-01  -2.3447169e-01   5.6764170e-01  -1.8995759e-01   3.0764957e-01   1.5986453e-01   1.3588512e-01  -1.3713688e-01  -9.8195652e-02   1.9432292e-01  -2.7809967e-01  -2.9378911e-01  -1.9803524e-01   4.3275408e-01   4.3616937e-01  -3.6170713e-01  -7.9274751e-02  -6.9010919e-02   5.7397509e-02   2.5060323e-01  -2.0176490e-01   2.6142713e-01   2.1592847e-01  -2.7986109e-01   3.5066311e-01  -4.7803856e-01   1.8425931e-01  -1.0272072e-01   5.1914549e-02   3.6099762e-01   2.0616246e-01   4.8604928e-01   4.2365710e-01   1.1895152e-01  -2.7031791e-01  -2.3368545e-01   2.7703991e-01  -1.9797856e-01   9.0849080e-03  -4.2208103e-02   3.0506668e-01  -7.4494772e-02   1.3024961e-01  -5.8346467e-02  -3.7938567e-01  -2.3279130e-01  -3.1497119e-02  -1.6464371e-01   1.8550604e-01  -2.0237912e-03  -2.5261526e-01   4.6571836e-01  -1.0912587e-01   9.1872169e-02  -2.5498356e-01  -1.4185967e-01  -3.9885669e-01  -2.4597672e-01  -8.0414370e-02   4.7115206e-01  -1.9945142e-01  -3.7993742e-01  -3.5202536e-01  -3.0382282e-02   2.1827695e-01   4.1661856e-01  -4.2130799e-01   1.7489335e-01   5.1899294e-01   1.3134903e-01   5.0148272e-01   3.6223898e-02   2.3305437e-01   3.9011541e-01   1.5020288e-01  -3.2467977e-01   1.3884785e-01  -2.6679812e-01   5.3150868e-02   8.5075062e-02   6.6985674e-02   2.3006096e-01  -3.1937262e-01   2.5741203e-01  -4.3338200e-02   1.7199510e-01  -7.9601885e-02  -1.3028602e-01   4.4448914e-02  -7.3183650e-02  -4.5296470e-02   1.2912267e-01  -1.6948000e-01   4.6594466e-03  -3.7760769e-01   4.8860201e-01   4.7290272e-02  -2.2222638e-01  -1.8073294e-01
  -9.6296787e-02  -1.2976341e-01  -8.8633492e-02  -1.8694279e-01   3.7741934e-01   5.0023844e-01   0.0000000e+00  -1.6521245e-01  -5.0411745e-02   3.6204515e-01  -1.9049308e-01  -4.3194751e-01   1.6107232e-01  -2.9705195e-01  -1.5048526e-01  -1.2582679e-01   7.6321071e-02   7.5476311e-02  -1.6552292e-01   5.5586178e-01   6.9021604e-02  -1.1261233e-01   1.6402308e-01  -3.8898080e-01   6.9210717e-02  -7.9466920e-02   5.4331593e-01   2.1228371e-01  -4.6649753e-01   1.4030444e-01  -1.2868102e-02  -2.2357205e-02   6.6076829e-03   7.0976100e-01  -3.4030780e-01   4.9322734e-01   1.5215562e-01  -3.8595950e-01  -2.5112491e-01   5.9251830e-01   9.8019159e-02   3.7127057e-02  -3.3231668e-01   7.4054229e-03  -7.8828326e-02   5.4296343e-03   5.7327994e-02   6.9295386e-01   2.8315958e-01   2.1907159e-01   8.5218609e-02  -1.2016305e-01   4.8933304e-01   2.8816095e-02   7.3211361e-02  -1.4944432e-01   5.8804682e-02  -1.8198291e-01   1.2303723e-01  -4.0802203e-01  -1.6817421e-01   2.7465448e-01  -6.2621138e-02   4.8400201e-02   2.8140034e-01   3.9605060e-01   3.0241086e-01  -1.2948828e-01   1.7348252e-01   4.1820425e-02   5.7750398e-01  -7.4137300e-02   2.3213559e-01  -1.8268175e-01   6.2798187e-02   2.5920983e-01   1.6366204e-02   8.1482768e-02  -3.5397784e-01  -9.9503619e-02   4.0278131e-01  -5.8701948e-02   2.6974498e-01  -1.7208860e-01  -4.4586821e-03   6.8791608e-02   1.1392405e-01  -1.3318375e-01  -1.1051548e-01  -1.3842081e-01   1.1800908e-01  -2.3094495e-01   5.3404457e-01  -1.3774561e-01  -2.5455265e-01   1.3613114e-01   1.2145141e-01   1.0679540e-01   1.9895497e-01   6.2895183e-01   2.0234332e-01  -2.0854468e-01   9.8791112e-02  -1.7632759e-01   3.3001146e-01  -1.1542617e-01   5.2031844e-02   1.3059890e-01   3.0434551e-01   3.9300630e-01   4.8480391e-01  -2.2636942e-01  -2.7800422e-01  -1.5792196e-01   4.4604167e-02   4.0444397e-01   1.9375990e-02   2.2832298e-01   5.9350579e-02  -1.3476796e-01  -1.3849039e-01   1.6378170e-01  -3.7822402e-01   2.6716772e-01  -1.1568728e-01  -3.9879900e-01   3.7035017e-01  -1.6821684e-01  -7.6036961e-02   2.4038259e-01  -6.4571795e-02   5.1594820e-01  -1.9124076e-01   1.6258555e-01  -2.7222931e-01  -1.4290124e-01  -1.7716173e-01   5.5428449e-01   1.6584928e-01  -2.5177321e-01  -2.4623648e-01  -1.4114654e-01   6.7095938e-02  -1.5811093e-01  -1.9184123e-01   2.3594252e-01   4.3943686e-01   8.7046023e-02   3.0786474e-01   5.7578812e-01  -7.2392997e-02   5.4355277e-02  -8.7091410e-02   8.6171685e-02   2.3903317e-01  -3.7380500e-01  -2.3662635e-01   1.8955827e-01   1.0829236e-01   7.8670940e-02  -5.3414138e-03   6.3718926e-02   1.2458087e-01   2.3528838e-02  -1.9888573e-02   1.2372764e-01   2.5588469e-02  -1.2225576e-01  -2.5047377e-02   6.3926457e-01   2.2424318e-01  -2.4733393e-01  -3.4390977e-01  -1.5748675e-01   8.8680332e-03   1.2146049e-01   1.1282409e-01
  -3.6853044e-02  -1.7091961e-01  -1.0703282e-03   6.9207084e-02  -3.8774720e-01   7.0445299e-02  -1.6521245e-01   0.0000000e+00  -5.5367254e-01  -4.2170653e-01   3.7972084e-01  -1.6393958e-01  -2.5424807e-01  -1.4593608e-01  -1.2360342e-01  -2.8635913e-01   1.4247661e-01   9.2252965e-02   1.8956186e-02  -3.7254831e-01   2.4065296e-01   1.2759413e-01   4.3176403e-02   2.3366243e-01  -5.7532363e-02   3.2271715e-01  -4.1743156e-02   2.4835374e-01  -3.9444697e-02  -2.6248798e-01  -1.8222518e-01   6.4477798e-02   3.8708642e-02  -3.1217137e-01  -1.9370969e-01  -2.5326914e-01  -2.7958459e-01   1.4468270e-01  -1.1841062e-02  -1.0202904e-01  -3.2363592e-01  -1.0143750e-01  -3.9200681e-01   7.9396999e-01  -3.5648777e-01   1.1720432e-02   2.8208638e-01  -1.4319061e-01  -3.3310688e-02  -2.4877067e-01   4.6204506e-02   7.9276505e-01  -1.6972126e-01   1.0190594e-01  -3.8256922e-01   3.1770001e-01  -1.4224596e-01  -1.2426362e-01   8.0249958e-02  -2.4973681e-01   2.6184716e-01  -3.4842273e-01  -3.9668090e-01  -3.2200130e-01  -2.3523082e-01  -1.1977697e-01  -3.9804552e-02  -3.3664737e-01   2.2068481e-01   1.9815245e-01  -3.0633089e-01  -1.6480464e-01  -3.1985528e-01   1.5032716e-01   1.0064832e-01  -2.1332843e-01   6.2916305e-02   3.1260147e-01  -2.4912734e-01  -4.8846658e-01   3.0151946e-01  -3.4328171e-01   1.2040931e-01   7.3076330e-01   5.0415827e-03  -3.6652585e-01  -4.9432977e-01   2.0298079e-01  -1.0257102e-01   1.2043673e-01  -1.6483406e-01   1.3534287e-01  -5.7221115e-02  -5.2293871e-01   8.2655477e-02  -3.6356919e-01  -3.8631432e-01  -2.4306452e-01  -2.6307214e-01  -8.1428437e-02  -7.7959888e-02  -4.1178821e-01   2.6777291e-01  -4.9788848e-01   7.5246511e-02   3.0795305e-02  -1.6238061e-01   3.2324438e-01  -3.0702970e-01  -4.4654039e-02  -1.6465222e-01   4.9009933e-01  -2.1359148e-01   2.1311338e-02   1.3353026e-01  -2.8431027e-01   4.4713304e-01  -1.5738506e-01   2.5333207e-01  -1.7102804e-01   2.6639943e-01  -3.0119449e-01  -3.3978862e-01  -1.3122275e-01   7.8890760e-02   4.7817933e-02  -3.7894391e-02  -1.4477527e-01  -3.2572582e-01   1.7255918e-01  -4.5338479e-01  -1.8108695e-01   5.5334598e-02  -1.6594283e-01  -3.8212785e-01   4.6001830e-01  -2.1045660e-01   1.2096813e-01  -1.6779202e-01  -1.1987661e-01   5.1848674e-02  -1.2832055e-01   4.2039496e-01   2.6739841e-01  -3.5179931e-01  -7.7580873e-02  -1.5973027e-01  -2.5932711e-02   1.2892058e-01  -1.3345338e-01   2.5188512e-02   6.6982046e-01   1.7064267e-01  -9.6440661e-02  -3.0976996e-02   2.1232755e-01   2.5939279e-01  -1.4022593e-01   1.4050479e-02   5.5535145e-01  -3.6426695e-01   4.1180726e-01  -2.2153711e-01   2.6943243e-01   2.0284810e-02  -3.1015368e-01  -1.3239518e-01   4.9474238e-01   7.3612888e-02  -1.9435290e-01  -3.5352150e-01   4.8884420e-02  -1.7210821e-01   2.7380948e-01  -1.9938302e-01  -2.5242636e-01  -3.0941823e-01
  -1.2259354e-01   4.6136815e-01   5.1961311e-02   1.6705018e-01   4.1939286e-01  -3.0967419e-01  -5.0411745e-02  -5.5367254e-01   0.0000000e+00   3.8599881e-01  -2.0574585e-01   3.3798139e-01   1.9368628e-01   1.2137136e-01  -1.3754326e-01   1.4109286e-01  -1.8534098e-02  -6.4238981e-04  -5.7985981e-02   3.5567866e-01  -3.7648213e-01   2.6017431e-01  -4.2314974e-02  -3.2089856e-01   1.4209315e-02  -2.3482825e-01   7.2519862e-02  -4.1322134e-01   1.5428419e-02   5.6930975e-01   1.5729224e-01   7.0871499e-02  -1.3840574e-01   7.4348755e-02   2.5007836e-01   1.9368227e-01   3.0799239e-01  -3.9584110e-01   1.6385625e-01   8.4099570e-02   3.2057359e-01  -7.2753406e-03   7.2135763e-01  -4.5728318e-01   5.8074150e-01  -1.2700652e-01  -1.5600394e-01  -3.7631374e-02   9.0893635e-02   1.4854037e-01   4.0728442e-02  -4.9669294e-01   1.5389937e-01  -3.4885135e-01   8.8891005e-02  -3.6013405e-01  -7.9653600e-02   4.1256254e-01   6.3395300e-02   6.2340773e-01  -3.2906435e-01   2.8818033e-01   8.0765662e-01   6.1674345e-01   4.1588649e-01   2.2224761e-01   3.4468597e-02   4.3559507e-01   2.3096046e-03  -2.9415690e-01   2.8561119e-01   4.1001878e-02   3.4066832e-01  -1.4752109e-01  -2.9745615e-01   5.6766645e-01  -1.1809990e-01  -8.3518863e-02   3.8000104e-01   3.4308510e-01  -5.2367414e-01   8.9568238e-02  -2.0881475e-01  -4.3702098e-01  -2.7178063e-01   4.3662902e-01   6.0023169e-01  -3.4712030e-01   4.0596849e-01  -3.0257756e-01   4.4704711e-01  -2.3837670e-01  -1.7490146e-01   8.8439106e-01  -4.3816617e-01   4.1260243e-01   4.0597614e-01   2.0181236e-01   3.0229686e-01  -4.0488651e-02  -1.8134952e-01   3.1207744e-01  -2.1376468e-01   8.6547711e-01   3.5531503e-02   2.6521583e-01   4.5684487e-02  -1.0256146e-01   2.0351026e-01  -2.7714045e-01  -2.0117446e-01  -2.3693640e-01   3.5027418e-01  -2.9825915e-01  -3.9184503e-01   2.8877312e-01  -2.4285686e-01   2.5742363e-01  -5.1940541e-01   1.6963694e-01  -3.7067316e-01   3.5518349e-01   3.3110253e-01   2.9396832e-01  -2.1080135e-01  -8.5794456e-02  -5.3135865e-02   4.1911712e-02   6.5412086e-01  -2.0989478e-01   3.8279041e-01   1.8135457e-02  -1.0405047e-01   2.9218485e-01   7.1052479e-01  -7.4027036e-02  -5.4764004e-02  -4.5252524e-01   4.0064142e-01  -1.1214082e-01  -1.6568293e-01  -1.2488340e-01  -2.8150228e-01  -5.5201773e-01   4.2387158e-01  -3.9330405e-02  -6.1197520e-02   1.8792360e-01  -1.8087037e-01   4.2455054e-02  -3.1028735e-01  -6.6511230e-01  -3.7619937e-01   3.2795584e-01   9.6539803e-02  -3.1056792e-01  -4.5541252e-01   3.8026793e-02  -2.2011834e-01  -6.0077948e-01   3.2182350e-01  -2.5258466e-01   3.3099822e-01  -1.8509004e-01   4.9032932e-01   2.4910559e-01   3.0499744e-01  -3.1648335e-01  -3.2509613e-01   1.0185971e-01   3.8384103e-01  -1.9493905e-01   3.0199367e-01  -5.1703123e-01   1.5908760e-01   2.9461550e-01   7.8151072e-01
  -9.9153002e-02   2.2010452e-01   1.2791216e-01  -3.1355643e-01   5.1949228e-01  -6.5910024e-02   3.6204515e-01  -4.2170653e-01   3.8599881e-01   0.0000000e+00  -3.7436174e-01  -7.7202595e-02   3.4569428e-01  -1.6608855e-01  -7.2599884e-02   1.9878651e-01  -6.0305102e-02  -3.0835406e-01  -1.7811596e-01   5.6053922e-01  -4.6634329e-01  -3.4631898e-01  -2.1554680e-01  -2.4729083e-01   3.2897116e-01   8.2553404e-03   3.9193624e-01  -7.2092382e-02  -3.5364630e-01   5.9786346e-02   1.7588793e-01  -6.8998785e-02  -1.6034304e-01   5.5836933e-01  -4.6407487e-02   3.1406112e-01   5.2518930e-01  -2.2025107e-01  -1.1960560e-01   5.2371991e-01   3.7287716e-01   5.4693592e-02   2.9817779e-01  -4.3621756e-01   3.6407321e-01  -1.2826472e-01  -4.2528310e-01   3.0192818e-01   3.6097708e-01   4.1982182e-01  -3.3109752e-01  -3.4215368e-01   5.7396188e-01  -1.7441231e-01  -2.0391392e-02  -3.4444944e-01   1.9193971e-01   7.9312320e-02  -1.1689910e-01   2.6783634e-02  -4.6267048e-01   4.1322147e-01   3.3921475e-01   4.7756681e-01   4.1964095e-01   2.9998758e-01   1.5621629e-01   3.3234662e-01  -1.5810936e-01  -4.5202917e-02   5.7878300e-01  -1.5859157e-01   5.9761564e-01   7.1862691e-03  -6.3678271e-02   5.8551657e-01  -2.5906247e-01   2.3949169e-01   4.1186928e-01   3.6607508e-01  -1.2115285e-01   2.5153771e-01  -6.4287885e-02  -4.2514033e-01  -2.6230461e-01   5.7085002e-01   3.2431417e-01  -3.0240616e-01   4.9997437e-02  -1.1744534e-01   5.6637248e-01  -2.5722571e-01   2.7738216e-01   3.3945080e-01  -3.3964947e-01   3.4129264e-01   3.7752123e-01   2.0335288e-01   3.8527208e-01   3.7252421e-01  -1.0214820e-01   4.1687603e-01  -2.4263353e-01   3.4363574e-01  -3.3523257e-02  -1.3773114e-01  -1.5919063e-01  -1.5559497e-01   5.2011799e-01   5.0016174e-02   4.8647586e-02  -4.9424885e-01  -1.7392340e-01  -1.9758529e-01  -1.4788252e-01   6.3461712e-01  -1.7306766e-01   3.6332974e-01  -2.4645356e-01  -1.8360763e-01  -3.8029607e-01   4.9530476e-01   8.5365206e-02   3.1284854e-01  -1.0075217e-01  -5.9926643e-02   1.0080524e-01  -1.2432145e-03   1.1599390e-01   2.3832548e-02   3.5559760e-01   4.6947306e-01  -1.1511444e-01   2.2684712e-01   1.0942751e-01   9.9809727e-02   1.3178727e-01   1.7105176e-01   4.8484024e-01  -2.5082534e-01  -3.3167510e-01   1.8715255e-01  -3.5227239e-01  -3.5032034e-01   3.6014504e-01  -1.1484021e-01   1.4956215e-01   1.9690429e-01  -1.6704954e-01   4.6932553e-01  -2.4590726e-01  -4.0154956e-01  -4.2450174e-01   4.4289155e-01   4.5189009e-01  -1.8405254e-01  -5.9510315e-01   9.6104426e-02  -1.2323438e-01  -3.8035245e-01   2.8589136e-01  -3.9728814e-01   3.3180271e-01  -5.4454231e-01  -4.5239434e-02   6.0480869e-01   1.0898808e-01  -4.5351631e-01  -3.4413192e-01   5.4412877e-01   6.2531988e-01  -1.3681551e-01  -1.3696881e-01  -3.5736208e-01   2.5754396e-01   2.0755899e-01   2.4840289e-01
  -2.1193954e-01  -4.0382765e-01  -1.4019940e-02   4.4712765e-01  -1.7367831e-01   7.1277251e-03  -1.9049308e-01   3.7972084e-01  -2.0574585e-01  -3.7436174e-01   0.0000000e+00  -3.6622118e-01  -6.3832453e-02  -3.8558594e-01  -3.4567519e-01   5.1332416e-02   1.7004581e-01   3.8161566e-01  -2.1332418e-01  -2.2275914e-01   4.7963525e-01   4.5575141e-01   2.7291352e-01   4.9610055e-02  -3.1772270e-01  -1.2903281e-01   1.3541034e-01  -2.9312150e-01   1.7382016e-01  -6.3183934e-02  -4.5333574e-01   5.1821332e-01   7.5364123e-03  -2.7459214e-01  -3.2874496e-01   2.4603672e-01   3.4386352e-02   4.1441293e-03   3.3118703e-01  -4.7469922e-02  -1.1112163e-02  -2.8519413e-01  -2.2583671e-01   4.3647103e-01  -3.6975986e-01   4.3556443e-02   6.7881889e-01  -1.6517253e-01  -1.7418028e-01  -1.8040362e-01   3.6214766e-01   2.4194910e-01  -2.3572257e-01  -2.1224119e-01  -3.1267429e-01   2.1015348e-01  -3.4580995e-01   3.9029281e-01   3.1027584e-01  -8.4984870e-02   2.2906540e-01  -2.4652156e-01  -3.5035745e-01  -1.7683016e-01  -4.3819819e-01   1.6792658e-01  -4.4797902e-01  -5.1001381e-01   6.1494235e-01   2.4334052e-01  -2.4650719e-01   5.2471173e-01  -3.2050057e-01  -3.3954670e-01  -2.2009080e-01  -1.2476444e-01   1.4358005e-01   2.0314292e-01  -3.7411691e-01  -1.5218130e-01  -1.9301640e-01  -4.5322306e-02  -3.1900391e-02   1.5762656e-01  -2.4025203e-01  -6.3956148e-02  -5.2530114e-01  -3.8210318e-02  -4.6656950e-01  -1.0002883e-01  -3.7894361e-01   4.0489477e-02  -2.7107324e-01  -1.2644446e-01   1.5573668e-01  -4.3611985e-01  -8.5271503e-03  -2.5732652e-01  -1.5898110e-01  -2.9429027e-02  -2.3477525e-01  -3.1537887e-01   8.1501856e-02  -2.7959075e-01   4.8189984e-01   3.3586675e-01  -2.5458991e-01   4.6807770e-01  -2.9782985e-01   1.1817099e-01  -2.1974146e-01   3.4093037e-01   2.2066913e-01  -1.3503047e-01  -1.2342907e-01  -3.6372232e-01   1.3477877e-01  -1.3765952e-01  -1.6985680e-01   4.5318342e-01   2.5078102e-01  -3.5873520e-01  -3.7312473e-01  -3.2514710e-01  -1.7976881e-01  -1.9139342e-01  -2.8249288e-01  -2.5961732e-01   2.2368054e-01   2.7396966e-01  -2.8017639e-02   1.0475797e-01  -5.1793835e-01  -3.6031861e-01   1.2858900e-01   2.1559947e-01  -1.5109120e-01  -2.6698515e-01  -1.6620410e-01   1.5477695e-01  -7.0978066e-02  -1.1311732e-01   7.7147541e-01  -9.2984269e-03  -4.0933706e-01  -2.0409140e-01  -3.5962800e-01   3.5219639e-01   4.7245373e-01  -3.1132177e-03  -2.5122231e-01   9.2082803e-02   1.4718343e-01   1.0725642e-01  -6.7595324e-02   1.6139701e-01   4.3331559e-01   3.3773261e-01  -2.8913819e-01   1.9163494e-01  -2.9490432e-01   7.1215553e-01   2.6296025e-01   5.9102740e-01   3.4224277e-01  -3.2728114e-01   3.2710515e-01  -2.1765948e-02  -1.7972523e-01  -1.1520203e-01  -1.5842045e-01   8.4450644e-02   3.8363360e-01   7.0560851e-02  -9.3684705e-02  -2.9032119e-01   9.4752248e-02
   1.1187071e-01   5.7133184e-01   4.7039099e-02  -3.6982675e-02  -2.4019544e-01  -1.8512186e-01  -4.3194751e-01  -1.6393958e-01   3.3798139e-01  -7.7202595e-02  -3.6622118e-01   0.0000000e+00  -1.5430022e-01   6.7040765e-01   3.3753375e-01   3.1428805e-01  -2.7979974e-01  -3.4796882e-01   4.2697137e-01  -3.1913744e-01  -4.8416281e-01  -5.0060002e-02  -8.5979844e-02   3.6020615e-01  -2.1153727e-02   1.9054597e-01  -5.5844088e-01   1.3693468e-01   2.9891737e-01   9.2796950e-02   1.5720775e-01  -3.1235356e-01   2.5161967e-01  -3.5990576e-01   7.7905890e-01  -6.0584407e-01  -1.5830576e-01   5.0347805e-02   1.6484999e-01  -4.3872921e-01  -1.9111831e-01   2.2727674e-01   4.8658025e-01  -2.9448343e-01   3.7832841e-01  -3.5369930e-01  -4.1519761e-01  -4.4384961e-01  -2.7233936e-01  -1.8465736e-01  -2.9486328e-02  -1.2101641e-01  -3.6805379e-01   5.4116487e-04   8.4902429e-02   8.2622095e-02   4.3424137e-01  -2.1929000e-01  -2.3151277e-01   6.7787525e-01  -2.0317901e-01  -1.6622836e-01   2.8785294e-01   1.5824013e-01  -1.4205793e-01  -3.7216187e-01   1.4733040e-01   2.8333085e-01  -2.5853070e-01  -3.3681379e-01  -2.2895213e-01  -3.4369914e-01   2.7873621e-02   4.5900200e-01   2.1605047e-03   4.9480910e-02  -2.0048046e-01  -1.7917546e-01   5.3399409e-01   3.5873889e-02  -1.9591686e-01   2.5116839e-01  -1.4876808e-01   3.5662884e-02  -2.5424920e-02   1.8590598e-02   3.7589794e-01   1.5633901e-01   3.1247104e-01   7.0436557e-02   1.8600289e-01   6.4404347e-02   1.0256614e-02   3.3742108e-01  -8.5490740e-02   2.7157119e-01   6.1821395e-02   3.7487200e-01  -7.3895984e-02  -6.8606008e-01  -1.2791395e-01   4.6166842e-01  -1.2826059e-01   5.2298031e-01  -5.2162896e-01   2.2318776e-02   1.8691866e-01   4.3959657e-02  -2.5556359e-01  -2.4339888e-01  -2.2535535e-02   2.1152850e-01  -8.9785748e-03  -8.6716015e-02   1.6411112e-01  -1.5599434e-01  -2.2116310e-02   4.4288793e-02   6.2368240e-02  -2.1885279e-01  -1.5717313e-01   3.4452922e-01   4.7326564e-01  -2.0501089e-01  -4.0046141e-02   6.1889602e-01   5.3423861e-02   1.3688979e-01  -5.0949179e-02  -4.8911843e-01   1.2722380e-01  -6.0828030e-01   4.2010325e-01   3.9981526e-03   1.8556421e-01   1.0346340e-01   2.1923027e-01  -3.6613849e-01  -4.9295946e-03   8.5885178e-02   1.4750108e-01   2.1903357e-01  -2.8773284e-01   1.7900629e-01   5.8644727e-01  -1.3939254e-01   2.6087091e-01  -2.3693845e-01  -4.4478113e-01  -6.4459410e-01   2.8530191e-01  -1.3972292e-01  -1.2215212e-01  -1.4469149e-01  -1.8588500e-01   8.9343957e-02  -2.0242759e-01  -2.3006129e-01  -1.5364341e-01  -3.0468584e-01   1.6455768e-01  -2.8144715e-01  -3.8111010e-01  -3.4620795e-01   1.8779529e-02   2.0749771e-01  -3.3669220e-02   1.7185648e-01  -7.0213827e-02  -3.5446453e-01   1.0958167e-01   7.9615433e-02  -1.5631887e-01   1.8551078e-01  -5.7012627e-02   4.8119616e-02   2.0851759e-01
   8.5633655e-02  -1.7837356e-01  -9.8296156e-03   2.0455089e-01   4.3214102e-01  -1.2268249e-01   1.6107232e-01  -2.5424807e-01   1.9368628e-01   3.4569428e-01  -6.3832453e-02  -1.5430022e-01   0.0000000e+00  -1.6086471e-01  -4.7840594e-03   2.5000856e-01  -5.0205859e-02   1.5672895e-01  -1.6500596e-01   4.8349275e-01  -1.6064479e-01  -6.4805553e-02  -2.2154316e-01  -1.7104781e-01  -1.0815052e-01  -8.5628136e-02   2.7670723e-01  -2.0365075e-01  -3.9562309e-01  -1.6043869e-02   1.4598873e-02   3.1950771e-01  -2.6624135e-01   3.7074899e-01  -2.0259955e-01   4.0340466e-01   5.7100492e-02  -1.1131943e-01   2.0027692e-02   2.5973605e-01   8.0664861e-01  -1.9193171e-02   5.3415380e-02  -2.0474171e-01   2.6803923e-01   1.2609748e-01   4.8894681e-03   6.2709866e-02   4.5624419e-01   1.7108254e-01   1.4345237e-01  -2.3841251e-01   2.9799018e-01  -1.2842551e-01  -7.9752815e-02  -5.9363783e-02   9.2406754e-03   7.4063121e-02   4.2171818e-01  -1.6367151e-02  -4.3403061e-02   5.2832566e-01   2.3144596e-01   1.8741333e-01   3.9072415e-01   1.2918228e-01  -1.0549243e-01   2.1540927e-01   5.5127701e-02   2.9181999e-02   2.1697840e-01   2.1481470e-03   6.2310348e-01  -5.3941946e-02   1.4559825e-02   2.5713825e-01   1.8580714e-01   5.8273054e-02   2.5446479e-01   3.9115008e-01  -1.1182987e-01   3.8391058e-01  -1.2122744e-01  -1.6692062e-01  -3.3965584e-01   1.7894659e-01   6.5574242e-02  -3.0509548e-01  -2.0709045e-02   8.2091840e-03   3.1961440e-01  -1.2989352e-01  -2.2529430e-02   1.3430595e-01  -4.7182496e-02   1.8378561e-01   3.9317063e-01   1.0596319e-02   4.7854313e-01   2.8538637e-01  -2.5241664e-01   2.4895169e-01  -2.8920611e-01   1.2657627e-01   7.4007833e-02   1.7259663e-01  -1.7485891e-01  -4.0444588e-02   2.0084812e-01  -2.1129064e-01   2.2127231e-02  -3.3077231e-01   3.2817283e-03   2.8544835e-03  -1.4764357e-01   3.5235449e-01  -7.5642986e-02   5.8939343e-01  -3.7516533e-01   3.1770226e-01   4.2006756e-02   2.7297162e-01  -1.0266984e-02   2.8411592e-01   5.2985518e-02  -8.1923864e-02  -5.4534579e-02   8.4178962e-02   1.5425795e-01   1.1673689e-03   5.2389921e-01   4.0858875e-01  -1.2476075e-01   1.2887419e-01   5.1939316e-02  -3.1655806e-02   8.4480536e-02  -2.8735989e-03   2.6836306e-01  -4.8517446e-02  -8.2104720e-02  -2.8934736e-02   9.7370410e-02  -2.9776425e-01   1.7639922e-01  -5.8886932e-02  -8.1695613e-02  -1.0102043e-01  -1.4739191e-01   4.0109190e-01  -1.4904016e-01  -3.0013958e-01  -8.4585381e-02   1.9186152e-01   2.0044067e-01  -5.2622938e-02  -1.5233859e-01   5.2067511e-01   2.8543677e-02  -2.6378297e-01   7.1498230e-02   3.2094729e-02   1.1322871e-01  -2.2429549e-01   2.5525642e-01   2.9104295e-01   1.0045730e-01  -2.5772679e-01  -1.6465562e-01   2.2158848e-01   2.6260584e-01   1.1674047e-01   7.7228076e-02  -2.9034549e-01  -1.1187942e-01  -6.3264442e-02   2.3770449e-01
   4.1110149e-01   3.2738206e-01  -2.7221394e-01   1.0376411e-04  -1.9192533e-01  -2.7903383e-01  -2.9705195e-01  -1.4593608e-01   1.2137136e-01  -1.6608855e-01  -3.8558594e-01   6.7040765e-01  -1.6086471e-01   0.0000000e+00   3.9295466e-01   1.0543317e-01  -3.1635952e-01  -9.6047959e-02   3.9609627e-01  -2.1314041e-01  -2.2266290e-01  -1.3855138e-01   8.5837762e-02   4.2032168e-01   2.2342822e-02   1.1675556e-01  -6.4544995e-01   1.4222492e-01   1.0720074e-01   6.9536950e-02   3.5847088e-01  -4.1926379e-01   3.1941857e-01  -2.0969007e-01   5.6935857e-01  -4.0539878e-01  -4.2572352e-01   2.1976903e-01  -1.0773253e-02  -5.2540370e-01  -2.0640812e-01   2.1620138e-01   8.6141951e-02  -1.9490218e-01   3.1062099e-01  -2.8578520e-01  -2.1816768e-01  -2.7755002e-01  -1.5198686e-01  -3.6641875e-01   1.5354755e-01  -2.9968222e-02  -1.9449492e-01   1.5536859e-01   1.3061799e-01  -4.6927954e-03   2.3898759e-01  -3.1964547e-01  -2.2112012e-01   4.0876296e-01  -9.4967471e-02  -7.6368762e-02   3.7322470e-02   1.9356386e-01  -4.8693647e-02  -3.2966929e-01   1.3735844e-01   2.8249192e-01  -1.9536403e-01  -4.2723861e-01  -2.3681071e-01  -1.9246453e-01  -2.5577124e-02   4.7442151e-01   1.7725648e-01  -1.3331852e-03  -2.3678186e-01  -2.4723334e-01   3.1512515e-01   1.2038111e-02  -1.2234806e-01   2.0431980e-01   3.9151097e-02   3.7255288e-02   3.2074095e-01  -1.1646816e-01   1.8519724e-01   2.9837463e-01   1.7799373e-01   3.0476344e-01   1.0444517e-01  -1.2179129e-01  -2.1186823e-02   5.0245889e-02   1.3700401e-01   2.3113142e-01  -9.2136904e-02   3.5835739e-01   9.9713687e-03  -4.3181341e-01   7.2073276e-02   3.3052426e-01   4.7313259e-03   2.9530898e-01  -4.2759746e-01   8.1018607e-02   5.5194367e-01   1.7445342e-02  -3.4733889e-01  -1.1447391e-01  -4.6663467e-02   1.2076735e-01   6.1246056e-02   2.2362430e-01   2.3211191e-01  -1.5610662e-01   1.0942181e-02  -2.6436403e-02   2.2892023e-01  -2.7445654e-01  -7.2120055e-02   1.0924293e-01   2.9428188e-01  -5.4866797e-02   1.8289396e-02   4.8961192e-01   2.5665389e-01   1.2098302e-01  -8.7745079e-02  -4.8462845e-01  -1.1855039e-01  -4.9727356e-01   6.8026815e-01   1.0130453e-01   1.0912548e-02  -6.7440152e-02   1.4179037e-01  -1.6831774e-01  -1.2281931e-01   2.8719758e-01   4.7237361e-01   1.4142736e-01  -3.2872532e-01   1.8457754e-01   4.5460070e-01   1.8183565e-01   9.0759304e-02  -2.9032345e-01  -4.0965555e-01  -4.3597047e-01   3.7705685e-01  -3.8778246e-02   9.3113229e-02  -1.5917906e-01  -3.3092817e-01   2.6125942e-01  -3.3072327e-02  -3.0162766e-01   1.5587356e-01  -1.4899801e-01  -1.7414724e-02  -3.1614359e-01  -3.3100583e-01  -1.1882683e-01  -1.9382305e-01   5.0592049e-02  -1.6469491e-01   1.5587432e-01   3.9340404e-01  -2.1584562e-01  -1.9235372e-02   7.1431419e-02  -5.2843863e-02   1.0643377e-01  -1.9528319e-01   2.3477231e-01   2.0512605e-02
