   0.0000000e+00  -3.4331997e-01   2.4799132e-01  -2.7544953e-01  -2.4496734e-01   4.0023820e-01   3.7107091e-02  -2.5451694e-01  -2.9711977e-01  -3.3641978e-01  -2.3477213e-01  -1.7247970e-01  -2.9315048e-01   2.2569325e-01   4.9919213e-02  -5.8799204e-02   5.9308774e-02  -1.6343617e-01  -1.5843686e-02  -2.0106441e-01   3.0929231e-02   3.1959937e-02   1.3418006e-01   2.5696575e-01  -6.2909568e-02   3.6838236e-02  -2.7279355e-02   1.0093719e-01  -4.0927760e-01   2.3133332e-01  -2.2805479e-01   8.7991102e-04   1.3657754e-01  -2.8480658e-01  -2.7269507e-01  -2.2561962e-01  -2.8391602e-01   6.9260250e-01  -3.1054613e-01  -4.1753733e-01  -4.7340754e-01   2.8220999e-01  -1.3431745e-01  -6.8924435e-02  -3.8898821e-01   6.6434138e-01   7.7747399e-02  -3.2406333e-01  -1.8245305e-01  -3.8044290e-01  -3.2533560e-01  -6.4244279e-02  -3.1423162e-01   1.6742539e-01  -5.3610952e-02   2.5412430e-01  -4.6092033e-02  -2.2811114e-01  -2.9562464e-01  -5.6233273e-02   6.9926356e-01  -3.7694922e-01  -3.6002959e-01  -3.8167206e-02  -2.5983477e-01  -9.5395185e-02   1.1560520e-01  -3.8516966e-01   2.4400673e-02   2.5619752e-01  -4.7540670e-01  -1.7300196e-01  -2.8046129e-01   5.8465941e-01  -1.4880213e-01  -1.1000819e-01   7.2616321e-01  -1.0843633e-01  -2.7672005e-01  -4.2581184e-01   3.7835973e-01  -2.4666957e-01   2.1713690e-01  -8.7852283e-02   6.5298719e-01  -1.6375696e-01   4.1565937e-02  -5.3477251e-02  -1.3873650e-01   7.9818926e-01  -2.4603144e-01   5.6019672e-01  -9.0247283e-02  -3.4207462e-01   7.5780512e-01  -3.9001734e-01  -3.9757272e-01  -1.3174523e-01  -2.8933144e-01  -1.3598475e-01   3.6249213e-01  -2.6511833e-02   1.6035420e-01   5.4136745e-03  -1.0522415e-01  -7.4932711e-02   3.2837145e-01  -6.5500014e-02  -2.9567521e-01  -1.0264913e-01   1.9202307e-01   2.2013804e-01  -1.9597492e-01   8.3630962e-01   4.7335606e-01  -3.1051002e-01   1.1121932e-01  -1.6898017e-01   5.7903839e-01   1.3554191e-01   7.4345075e-01  -1.9740858e-01  -2.3974780e-01  -3.0839708e-01   6.9903228e-01   3.1406844e-01  -2.2128114e-01  -4.2411472e-02  -3.1582776e-01  -4.3688079e-02  -2.4906592e-01  -3.5211075e-01   4.2528105e-01  -3.1674845e-01  -2.2014551e-01  -8.6239059e-02  -1.5182466e-01   4.3231506e-01   4.1852196e-02   6.7981236e-01   5.9997397e-01  -3.5601676e-01  -4.4218069e-02   4.9545995e-01  -1.0694692e-01   7.9645475e-02  -2.0595211e-01  -8.7671959e-02   6.3584823e-02  -6.2430538e-02   6.3535756e-01   1.3075941e-01   4.9248854e-01  -1.9076170e-01   1.1467313e-01   6.4256114e-01   7.3477765e-01  -2.3715741e-01   6.6120960e-01   1.5435572e-02  -1.5357047e-01  -1.1111606e-01  -2.2258536e-01   1.6746111e-01  -1.0989711e-02  -1.4427875e-01   6.4948192e-02   1.9632847e-01   6.4094978e-01  -1.6462954e-01  -8.3112727e-02   7.3867488e-01  -1.7189603e-01  -5.6818524e-02  -3.3329648e-01  -1.1809946e-01   3.0722331e-02
  -3.4331997e-01   0.0000000e+00   4.6719244e-02   1.2554132e-01   8.2883053e-01  -4.0132221e-01  -9.6931463e-02   1.1930629e-01  -2.3339638e-01   3.0652912e-01  -7.0415782e-03   3.3820123e-01  -7.4417533e-02  -4.4188954e-01  -3.9482234e-01  -1.9820275e-01   5.4727362e-01  -1.5429992e-01  -1.2978294e-01   4.6813057e-01  -2.4989128e-01  -4.5262703e-01  -4.3457275e-01  -1.7986501e-01   4.9924776e-02  -7.8864994e-02   4.3425834e-01  -2.1654999e-01   2.4391083e-01  -2.6920240e-01   6.8718984e-02  -6.6269147e-02   2.9615999e-01   4.2695177e-01   2.2290445e-03   5.0820712e-01   2.1896478e-01  -4.8735291e-01   1.2221431e-01   5.8205234e-01   2.6434669e-01  -1.9937508e-01  -1.7307838e-01  -2.9122858e-01  -7.7460661e-02  -4.2768595e-01  -9.5497636e-02   6.0157428e-01   1.2376703e-01   7.3969325e-01  -1.8226944e-01  -7.1198547e-02   7.8806789e-01  -1.2290271e-01  -1.2119963e-01  -4.1048323e-01  -2.6003272e-01  -2.1341284e-01   1.3396914e-01  -3.7814635e-01  -3.5379959e-01   1.7094059e-01   1.0575919e-01  -5.3212303e-02   1.3758305e-01   1.7779194e-01  -1.7045764e-03   3.6504509e-01  -1.5960590e-01  -1.5655757e-02   6.9065440e-01  -2.2335187e-01   2.6583245e-01  -3.5638763e-01  -1.4207173e-01   8.5615862e-02  -3.5348666e-01  -1.1400257e-01   6.4734382e-01   2.4283779e-01  -5.3841635e-01  -2.3564902e-02  -1.8198574e-01  -3.1375092e-01  -4.5504464e-01   9.2603747e-02  -3.0504685e-01  -3.5770092e-01   2.6616504e-01  -5.0738280e-01   7.6043756e-01  -3.9238246e-01   3.5608250e-01  -1.2294624e-01  -5.3752900e-01   6.4811131e-01   1.1974950e-01   1.2004761e-01   4.6126548e-01  -8.9854966e-02  -3.6446898e-01  -2.7993537e-01  -3.2914187e-01   3.4615670e-02  -2.0649582e-02   5.6238437e-02   1.4612199e-01  -2.7247722e-03  -3.2310255e-02   4.3111596e-01  -2.1182074e-01  -4.8374626e-01  -3.6411564e-01  -5.8157684e-01  -5.6725936e-01   8.0115312e-01  -2.9878494e-01  -9.2141079e-02  -4.4480815e-01  -1.7477834e-01  -3.5585872e-01   3.5883964e-01   2.5805690e-02   7.1024940e-01  -3.1055920e-01  -3.4269340e-01  -1.3327774e-01  -7.9252346e-02  -1.9704065e-01   5.2366945e-01   1.6796645e-01   2.1611096e-01  -1.6564091e-02   5.6808554e-01  -2.0575560e-01   1.3330844e-01  -4.6694824e-02  -3.7573249e-01  -1.4992891e-01  -4.3211716e-01  -2.8099466e-01   1.6585577e-01  -2.6517177e-01  -3.5157749e-01  -7.8554409e-02  -2.1846170e-01   2.7684700e-01   4.2297030e-02  -6.9761421e-02  -1.2112814e-01  -3.9520201e-01  -4.7546672e-01  -3.5496349e-01   4.5654213e-01   4.7239177e-01  -3.3213319e-01  -3.9277179e-01   4.2623763e-02  -3.6169492e-01  -3.7519169e-01   4.3568861e-01   2.5998047e-02   3.2727793e-01  -3.0142181e-01  -1.0901672e-01   4.4679031e-01   3.9487993e-01  -4.9223384e-01  -3.4000763e-01   7.9251492e-01   6.4668005e-01  -4.3438032e-01  -2.7628860e-02  -1.0338899e-01  -1.9570424e-02   9.4273999e-02  -3.8961881e-01
   2.4799132e-01   4.6719244e-02   0.0000000e+00  -2.7009860e-01  -4.0475860e-02  -5.5485238e-02  -3.2495484e-01   1.0665897e-01  -1.6569387e-01  -8.3604843e-02  -2.9508808e-01   2.1105092e-01  -1.1866361e-01  -1.7571193e-01   1.3136965e-01  -1.1821049e-01   5.4537096e-01  -4.8272882e-01   1.7938208e-01   1.1312899e-01  -4.2718743e-01  -3.5987674e-01  -3.2367394e-01   1.8956979e-01   1.8652221e-01   7.7137452e-02  -2.0780829e-01  -1.4893930e-01  -3.0358086e-01  -1.8315997e-01  -4.4132865e-01   3.7993086e-02  -2.8029175e-02  -7.6288879e-02  -4.4288289e-02  -2.1358490e-01  -3.4794756e-01   3.2595450e-01  -2.2139689e-01  -5.8101056e-02  -3.2986200e-01   3.0203486e-01   3.7822461e-01  -3.1499107e-01  -2.6097005e-01   9.9581469e-02  -2.4753183e-01  -2.2975468e-01  -7.5778406e-02   3.3846171e-01  -3.8442166e-01   8.7709479e-02  -1.6451959e-01   1.4336391e-01  -2.4385330e-01  -2.1062632e-01  -1.9548597e-02  -6.9431985e-02  -3.3639508e-01   1.5442257e-01   2.6492494e-01  -1.7879534e-01   6.5595012e-02   1.9848916e-01  -2.4821356e-01  -1.2376129e-02  -1.5811177e-01  -1.1439071e-01  -2.2291307e-01   5.6938636e-01  -1.6833145e-01  -4.1888657e-01  -3.1946314e-01   4.8985385e-01  -1.1253495e-01   2.1538165e-01   2.6130461e-01  -1.5045596e-01   1.0835048e-03  -1.5180994e-01  -7.6888398e-02  -2.2429858e-01  -1.4043547e-01  -8.9930539e-02   4.2335283e-01   4.0384561e-02  -9.4714245e-03  -2.2274607e-01   3.7448188e-01   3.9998450e-01  -8.2101573e-02   5.9142670e-01   2.1526236e-01  -1.6765291e-01   2.7922313e-01  -4.6371026e-02  -2.8646700e-01   8.9174999e-02  -2.7608936e-01  -5.1298178e-01   2.3926896e-01  -5.9470153e-02  -3.7151271e-01   2.5279090e-01  -3.8636099e-01   7.1666549e-03   1.6911175e-02   1.1094551e-01  -2.7469410e-01  -1.9041357e-01   7.5314728e-03  -2.4746511e-01  -2.2079397e-01   2.3763751e-01   1.6099451e-01   2.4250242e-03  -1.0083692e-01  -4.0374527e-01   2.6682993e-01  -1.0957425e-01   3.6576828e-01   2.6859901e-01   2.1876466e-01  -3.2183564e-02   1.1924223e-01   4.3644399e-01  -1.4820639e-01   8.1523647e-02  -1.6278938e-01   4.2140444e-01  -1.9713036e-01  -2.5937437e-01   4.8330561e-01  -8.4986131e-02  -1.9739703e-02   2.6849512e-01   7.3784930e-02   2.8309660e-01   1.8798379e-01   2.4538567e-01   3.0943560e-01  -1.5544673e-01  -7.7996800e-02   2.7234624e-01  -2.7333874e-01  -2.6768378e-01  -9.9121485e-02  -1.9283726e-01   1.0540517e-01  -5.0453024e-01   4.9042047e-01  -3.7325445e-01   2.7789226e-01  -5.1900622e-02   4.4350219e-01   2.0516305e-01   2.1056479e-01  -2.9150949e-01   3.3147851e-01  -1.1967158e-01  -1.6842751e-02  -2.6157034e-01  -2.1772450e-01  -3.7744646e-01   2.0980174e-01  -5.5272852e-02   7.0284856e-02  -9.4219348e-02   2.1960450e-01   1.2203961e-01   1.0310067e-03   3.2283984e-01  -4.1149876e-01  -8.4098490e-02  -3.2318300e-01  -3.1749491e-03  -1.1609800e-01
  -2.7544953e-01   1.2554132e-01  -2.7009860e-01   0.0000000e+00   1.1071313e-01   5.8458044e-03  -1.3141501e-01   2.2672751e-01   1.6700659e-01  -1.9108921e-01   1.9267946e-01  -3.1890609e-02   2.3034847e-02   1.2641879e-01  -2.9231068e-02   1.0365072e-01  -1.3985281e-01   1.8700100e-01   1.4434216e-01  -2.7194783e-01   8.5262368e-02   3.4200300e-01  -2.9909127e-02  -1.4120895e-02  -9.1777627e-02   1.2554992e-01   1.6440642e-01   7.2631802e-02   3.4269710e-01   1.9142075e-01   2.3568523e-01   2.6513281e-01   2.8466976e-01  -1.2237575e-01   6.1457206e-02   1.2767344e-01   1.2507243e-01  -3.2545770e-01   2.0705660e-01  -4.9654596e-02   1.6200306e-01  -1.1654846e-01  -1.6286821e-01   2.2669803e-01  -5.2192340e-02  -8.0662145e-02   2.8194716e-01   6.0286354e-03   2.4333902e-01   6.1475823e-02  -2.8295950e-02   3.5187090e-01   1.4327207e-01  -3.8107688e-01  -5.7122779e-02   2.2818917e-01   2.1821108e-01   3.4813896e-01   4.7666332e-01  -1.8181564e-02  -1.0014718e-01  -7.1664442e-02  -3.8090701e-02   1.8367830e-01   4.7851591e-02   1.0767742e-02   1.6393123e-01   7.5472585e-02   4.0266908e-01  -1.3300218e-01  -1.3015650e-02   3.3003949e-01  -5.7435545e-02  -3.8423842e-01   3.3624911e-03  -3.2313411e-02  -2.1104967e-01   1.2947823e-01  -2.1557500e-02   3.5826901e-01  -7.3751527e-02  -2.1419702e-01  -1.4244749e-01   3.2608676e-01  -3.2521427e-01   2.0345734e-01  -7.3598022e-02   8.7406932e-02  -1.1914790e-02  -2.4655004e-01   1.9001902e-01  -1.8238323e-01  -3.0455297e-01   1.6701713e-01  -2.6463981e-01  -6.8829725e-02   6.9062490e-02   2.4913661e-01   3.2115917e-01  -6.3241851e-02  -3.4822901e-01   3.9213212e-02   7.6823295e-02  -2.7524304e-03   3.1377558e-01   3.3945911e-01  -2.8968054e-01   3.6059126e-01  -1.2336760e-01  -2.0794576e-02  -1.8908194e-01   2.9384990e-01   3.8523223e-01  -2.1737714e-01  -1.7879213e-01   1.1253425e-01   2.4750664e-01  -2.3413816e-02  -2.6355726e-01   6.4180434e-01  -2.0241472e-01  -4.6782397e-02  -3.5834213e-02   1.4012452e-01  -1.4814155e-01  -1.7696173e-01  -1.5855112e-01   8.7209532e-02   3.3160751e-01  -1.2992729e-01   2.1594360e-01  -6.5168023e-02  -1.9328163e-01   1.0550386e-02   1.8289064e-01   2.2801552e-01   9.2595845e-02  -2.8681471e-01   2.8266025e-01  -2.0552275e-01  -7.6573183e-02  -2.6382434e-02   1.0273634e-01  -1.3939591e-01  -1.2088785e-01   2.5065525e-01  -1.9162712e-01   1.8134116e-01  -1.8627998e-01   2.9907598e-02  -3.8383008e-01   1.4996566e-01  -1.5668800e-01   1.4226284e-01  -2.6868668e-01  -1.7955923e-01  -1.1745243e-01   4.1109526e-01  -1.2837132e-01   3.4868567e-01  -7.8032113e-02   3.6994117e-01   2.0290017e-02   2.9080277e-01   2.5827581e-01  -3.8648246e-02   9.1919448e-02   3.3565683e-02  -1.6553405e-01  -1.2686365e-01  -8.9740204e-04  -2.4918287e-01   2.4540619e-01   1.4869740e-01   3.6634427e-01   1.5114045e-01   4.6050563e-01
  -2.4496734e-01   8.2883053e-01  -4.0475860e-02   1.1071313e-01   0.0000000e+00  -2.5021935e-01  -1.7000566e-01  -5.7922637e-02  -2.2395808e-01   2.1812173e-01   3.3966123e-02   1.9113029e-01  -1.6019409e-01  -5.0933891e-01  -3.5735104e-01  -1.4555989e-01   4.9060426e-01  -7.0540306e-02  -1.9955900e-01   6.8714054e-01  -1.3314646e-01  -4.1147951e-01  -4.0021306e-01  -2.6659435e-01   2.1436660e-01  -2.1847468e-01   6.1937235e-01  -1.3788309e-01   1.7765355e-01  -1.8197694e-01  -1.0176199e-01  -4.6126507e-02   2.6659867e-01   3.1029824e-01  -1.8005118e-01   6.8574523e-01   1.8179104e-01  -3.6938536e-01   7.4846970e-02   5.5526427e-01   1.9804072e-01  -1.4325452e-01  -1.9150505e-01  -3.1996609e-01  -1.2756389e-01  -2.2802633e-01   5.7179086e-02   4.7291880e-01   2.0136994e-01   6.3647428e-01  -6.3717064e-02  -1.3139898e-01   7.0660340e-01   2.5681193e-02  -1.2959326e-02  -3.1288844e-01  -2.9347159e-01  -2.6059310e-01   9.7978138e-02  -4.1607353e-01  -1.7879600e-01   2.6996812e-01   7.1759329e-03  -1.4810411e-01   1.1935842e-01   2.9554686e-01   1.5374961e-01   3.7024301e-01  -1.9851871e-01  -1.4850560e-01   5.6438101e-01  -8.3999483e-02   2.0673529e-01  -2.6391288e-01  -9.0917559e-02  -3.3768118e-02  -1.3258286e-01  -2.5915126e-01   6.6536914e-01   1.8152574e-01  -5.3676044e-01  -2.3209549e-02  -1.7185684e-01  -4.2898252e-01  -3.3186872e-01  -4.9424153e-02  -3.8651028e-01  -4.3948421e-01   2.7452397e-01  -3.6348245e-01   7.6727764e-01  -2.7280544e-01   3.9366988e-01  -2.1258195e-01  -4.0987037e-01   7.8113142e-01   1.8278179e-01   2.0325985e-02   5.4665505e-01  -1.8060430e-01  -2.2334716e-01  -3.8096322e-01  -3.5227251e-01  -9.7596959e-02   2.3299049e-02  -7.0156906e-02   2.3861489e-01  -8.5042030e-02  -1.8557308e-01   4.6548215e-01  -1.9061874e-01  -4.0521828e-01  -2.7900299e-01  -4.3864851e-01  -4.2814852e-01   7.7851153e-01  -2.9140194e-01  -5.5177223e-02  -3.1250999e-01  -1.0529169e-01  -1.7722981e-01   3.9403766e-01  -6.7230976e-02   6.1248325e-01  -1.3328738e-01  -4.0191986e-01  -2.1212554e-01   7.0877911e-03  -2.7836187e-01   4.5801800e-01   1.0539927e-01   2.4048388e-01  -3.7603107e-02   4.3342696e-01  -2.3253821e-01  -9.2800342e-02  -3.0098049e-02  -2.7861592e-01  -2.7150134e-01  -3.5949899e-01  -3.3653082e-01   4.6803420e-02  -2.6497306e-01  -2.3045374e-01  -1.3512285e-01  -2.5946954e-01   1.0907233e-01   4.7433100e-02   1.0938261e-01  -1.0905791e-01  -3.4785272e-01  -5.3390020e-01  -2.0168900e-01   2.8720920e-01   4.1883071e-01  -3.0295753e-01  -2.3200971e-01   7.4770767e-02  -1.3119202e-01  -3.5724776e-01   4.7890991e-01  -6.0241705e-02   2.7381944e-01  -2.1583141e-01  -1.9974662e-01   4.2224749e-01   5.5812144e-01  -4.3605970e-01  -1.3339852e-01   7.3536470e-01   7.0322052e-01  -2.4952979e-01   2.9551883e-02  -8.2004254e-02  -6.9345713e-02   1.6131530e-01  -2.9712922e-01
   4.0023820e-01  -4.0132221e-01  -5.5485238e-02   5.8458044e-03  -2.5021935e-01   0.0000000e+00   1.8588235e-01  -1.5970966e-01  -3.4393615e-01  -4.4670971e-01  -8.3256292e-02  -5.7030711e-02   7.2597270e-02   2.0922883e-01   1.2700041e-01   3.0156502e-01  -1.2965133e-01  -1.4809228e-01   1.0535583e-01  -1.6300642e-01   2.9435709e-01   3.0199446e-01   3.4545625e-01   7.4016130e-02   1.6758759e-02   3.3332077e-01   2.3007788e-01   1.8526770e-01  -1.8426310e-01   3.5216631e-01  -2.2638382e-01   1.8569674e-01   3.1342123e-01  -3.3468120e-01  -3.3194535e-01  -1.9836791e-01  -2.1096710e-01   3.0404637e-01  -7.9802410e-02  -2.4959675e-01   3.2129192e-03   2.4335239e-01  -1.6381403e-01   2.8526192e-01  -5.0161643e-01   3.7403444e-01   2.4505347e-01  -3.0017501e-01  -1.6270450e-01  -4.0846301e-01  -3.1683848e-01   7.7347777e-02  -3.2554412e-01  -5.5754543e-02   2.1504727e-02   4.9855292e-01   4.3894897e-01  -1.6348264e-01  -1.0702994e-02  -4.3579551e-02   4.5254724e-01  -4.6695415e-01  -5.3600523e-01   1.2928668e-02  -3.7691405e-01  -9.0288571e-02   7.0132483e-01  -4.6213333e-01   4.5023238e-01  -1.3753474e-01  -3.6824295e-01   5.8129814e-02  -2.3380466e-01   4.1544035e-01   2.3435964e-02  -3.5631686e-02   3.4894331e-01   1.5534836e-01  -1.3767296e-01  -9.2488810e-02   5.4782782e-01  -2.2651532e-01   3.5883696e-01   1.8474188e-01   5.2714235e-01  -5.1945922e-02   6.4521051e-02   3.5357786e-02  -1.6331097e-01   4.0581531e-01  -2.6645238e-01   3.6224474e-01  -2.5364299e-02  -4.4386259e-01   5.0838578e-01  -3.4674525e-01  -1.4905159e-01   3.7292054e-02  -1.8243070e-01  -9.6420248e-02   5.1688923e-01   5.9900023e-02   2.9719812e-01  -1.1617756e-01   1.7207830e-01  -1.0122537e-02   4.0543478e-02   2.2943919e-01  -2.6953317e-01   2.3044133e-02   4.3685922e-01   5.1866063e-01  -2.7640274e-02   3.6807222e-01   4.4973656e-01  -3.3305815e-01   2.1424045e-01   1.6798883e-01   5.9214909e-01   4.2995233e-01   3.7172479e-01  -2.7055335e-01  -3.0266943e-01  -5.0219690e-01   3.6335872e-01   2.2233280e-01  -4.3063860e-01  -9.1522331e-03  -2.2368085e-01  -2.7401546e-01  -7.9595246e-02  -3.4600109e-01   2.3215469e-01  -3.4218520e-01  -1.6594011e-01  -8.8749523e-03   5.3887275e-02   1.8389476e-01   8.7660445e-02   2.7788398e-01   1.2453946e-04  -2.0280501e-01   1.5696442e-01   7.0230092e-01  -1.8219966e-01   1.8037289e-01  -3.3306265e-01  -7.2479935e-02   4.3347454e-01   4.2373184e-02   2.4832987e-01   3.0716602e-01   3.6299464e-01  -4.6633390e-01   1.2219615e-01   1.1704260e-01   3.5430538e-01   1.8179689e-01   4.0653332e-01   2.7710963e-01  -3.8267687e-01  -1.4128951e-02  -3.5425239e-01   3.3426590e-01   3.1596897e-02  -1.4367631e-01   6.1739322e-02   3.7731223e-01   2.7840501e-01  -2.3382556e-01  -1.1995087e-01   3.2867367e-01  -1.9346460e-01   4.5621681e-01  -1.4895606e-02  -1.5985999e-01   2.7880921e-01
   3.7107091e-02  -9.6931463e-02  -3.2495484e-01  -1.3141501e-01  -1.7000566e-01   1.8588235e-01   0.0000000e+00  -3.8566235e-01  -1.3778760e-01   1.7833127e-01   3.5258340e-01   2.2681728e-01   1.1847446e-01   1.1266263e-01   4.5257261e-02   1.5944012e-01  -3.8492921e-01   4.2363386e-01  -2.5152824e-01   3.6778189e-02   3.1053002e-01   7.9444748e-02   6.3442789e-01  -6.3949913e-02  -2.0229678e-01  -2.2364650e-01   2.1556766e-01  -2.1751562e-01   5.8775992e-02   2.8182553e-01   2.5074343e-01  -2.7623334e-01   6.4018539e-02   1.6431000e-01   1.3798529e-01   2.5717760e-01   6.9485459e-02   5.6642628e-02   3.4571309e-02   2.6883427e-02   1.6384235e-01   1.9716674e-02  -2.5144416e-01  -6.0834276e-02   3.1023188e-02   2.1842500e-01   3.6930246e-01   3.0012793e-01  -1.9035634e-01  -3.9335623e-01   2.1262736e-01  -3.3385895e-01   4.5261699e-02   1.8677618e-01  -4.1139000e-02   1.3785403e-02  -1.9751954e-01  -2.6554745e-01   2.4973499e-02   7.2492822e-02  -8.3819622e-02   1.4544581e-01  -2.0759824e-01  -7.7304950e-02   7.9704789e-02   3.2838694e-01   1.4581563e-02   7.0522436e-02  -8.1706614e-02  -5.6344994e-02  -4.4653825e-02   4.2997657e-01   1.4261733e-01  -5.4965395e-02  -1.6352007e-01  -3.3565894e-01   1.0824627e-01  -1.4387721e-01  -1.8238613e-01  -1.6561420e-01   1.7470319e-01   1.8229271e-01   2.7364267e-01  -2.6319973e-01  -3.4318916e-03  -3.5567323e-01   1.9765092e-01   4.6902355e-02  -2.3858281e-01  -3.7298723e-02  -2.3924591e-01  -1.3828134e-01   1.3551021e-01  -5.3828354e-02   4.4426853e-02  -2.0906923e-01   1.3141940e-01  -3.0515472e-01   1.3484580e-01   6.0108496e-01  -8.7150188e-02   1.1474162e-01   1.4075422e-01   6.0303630e-02   3.5670967e-01  -3.1442533e-01   2.0322286e-01  -4.3852351e-01   3.1643942e-01   3.2904574e-01   4.1378438e-01   1.2307763e-01  -3.2444261e-03  -4.5846988e-02   7.7904200e-02  -2.7087442e-01  -5.6563942e-02   3.2327874e-01   9.5857876e-02  -1.1844272e-01  -3.1495576e-02  -4.4104800e-01  -1.6207667e-01  -1.5926117e-01   2.1187710e-01  -9.2355679e-03   1.8473495e-01  -1.9455762e-01  -2.1517384e-01  -2.5816179e-01  -5.4337617e-02   3.2559914e-01  -1.4895178e-01   3.9152680e-02  -2.9893121e-01  -3.4118804e-01  -1.2974415e-01  -3.9988362e-02  -2.6859728e-01  -9.2105583e-02  -1.3095519e-01  -8.8752263e-03   3.7925671e-02   6.5737912e-02   4.2474467e-01  -5.9585164e-03   2.8872177e-01   1.2567997e-01   2.6421474e-01   5.0181452e-01   6.6345761e-02   1.1596273e-01  -9.8116851e-02   5.1515933e-02   6.7054693e-02   1.3806066e-02  -9.2029091e-02   9.6059025e-02  -1.6157454e-01  -1.5554928e-01   1.5636682e-01  -8.3694705e-03   1.2596054e-01   2.3277184e-01  -4.9404037e-01  -8.7374032e-02   6.1342284e-03   1.8016543e-03  -1.5429724e-01  -6.1293159e-02   1.6804667e-02  -6.7152874e-02   2.9635577e-01  -1.5250253e-01   2.5262813e-02  -3.2558956e-01  -3.0124487e-01
  -2.5451694e-01   1.1930629e-01   1.0665897e-01   2.2672751e-01  -5.7922637e-02  -1.5970966e-01  -3.8566235e-01   0.0000000e+00  -2.4111141e-02   1.2279605e-01  -3.1333859e-01   3.4450099e-02   8.5989366e-02  -1.3220900e-02  -1.0690596e-01  -4.2532815e-02   1.5529904e-01  -3.2295335e-01   7.4432028e-01  -1.3079717e-01  -4.7763781e-01  -2.3529135e-01  -5.0107430e-01  -1.3651756e-01  -2.8889791e-02   6.0699373e-01  -3.8200105e-01  -2.3974228e-02   2.3998402e-01  -5.1916118e-01   9.3841734e-02   1.2763389e-01   6.1293643e-03   2.5206039e-01   1.1841813e-01  -3.1247565e-01  -3.4261255e-02  -2.5750985e-01  -1.0412910e-01   2.2264645e-01  -5.6388403e-02   1.2155201e-01   1.2891652e-01   1.5061692e-01   1.4302492e-01  -3.5724372e-01  -5.7470585e-01  -1.3206656e-01  -4.8347621e-02   3.3781909e-01  -3.1759271e-01   7.7181995e-01  -5.8864642e-02  -1.5416260e-01  -1.3342636e-03  -2.1593898e-01   5.2855185e-01   2.1090469e-01   8.6606756e-02  -1.6281108e-01  -2.9384081e-01  -3.5678180e-02   1.9658912e-01   8.8585470e-02   1.0367455e-02  -2.9850496e-01  -2.5406161e-01  -5.1879810e-02  -1.0829945e-01   7.9074290e-02   2.0566544e-01  -4.2852835e-01  -2.3350618e-01  -6.7239540e-02   1.3243495e-01   5.4067952e-01  -4.0128863e-01   1.7181265e-01   1.8087585e-01   3.1508752e-01  -2.3352260e-02  -1.1953613e-01  -2.6582011e-01   7.0032040e-01  -1.9154603e-01   6.0677338e-01  -2.8549376e-01   1.1928294e-01  -2.4413119e-02  -1.9234491e-01   5.2883608e-02  -6.3217750e-02   5.4025313e-02   1.6306208e-01  -3.2478979e-01   4.9066889e-02   1.3103728e-01   7.6621303e-01  -1.9421248e-01  -3.1912229e-01  -1.7917750e-01   3.0024816e-01   6.0486077e-05  -1.8785577e-01  -1.9817687e-01   5.8931540e-01  -2.0949007e-01   5.3805909e-01  -1.0000826e-01  -3.7722307e-01  -1.5455018e-01  -3.5386132e-01  -1.7265490e-01  -1.2851621e-01  -1.4317554e-01   4.1909318e-02   3.6975976e-02  -2.0596467e-01  -3.8529657e-01   9.8742145e-02  -2.6853204e-01   1.3400517e-01   1.0772168e-01  -4.1654532e-03  -3.7737421e-01  -1.2429153e-01  -4.2781920e-02   7.9548443e-02   2.9094362e-01  -3.1590638e-02  -6.7722325e-02  -9.8253015e-02  -2.3325160e-01   4.0901828e-02   1.1372637e-01   7.7774539e-01   1.2269239e-01  -2.2638680e-02   6.7479407e-01  -1.8143590e-01   3.0438806e-02   7.5054104e-02  -1.2172486e-01  -3.9906511e-01   2.6285806e-02  -1.1008845e-02   2.1167327e-01  -4.2900843e-01  -3.3785911e-01  -3.9902941e-01  -1.3219414e-01   3.0197404e-01  -1.5632318e-01   6.3527627e-03  -1.5181732e-01  -1.5079745e-01  -3.4040157e-01   1.9151180e-01  -2.5189392e-01   4.1341797e-01  -8.1178903e-02  -9.3607766e-02  -1.0779842e-01  -4.6479407e-01   2.7922652e-01   1.8780274e-01  -2.0869187e-01   4.7193020e-02  -2.1137382e-01   2.0498117e-02  -1.3708079e-03  -2.9161006e-01  -4.1621064e-01   3.4301320e-02   1.2999636e-01   6.7876204e-02  -1.2005831e-02
  -2.9711977e-01  -2.3339638e-01  -1.6569387e-01   1.6700659e-01  -2.2395808e-01  -3.4393615e-01  -1.3778760e-01  -2.4111141e-02   0.0000000e+00   1.8964942e-02   2.9755891e-01  -9.7699696e-02   5.6913250e-02   1.9287008e-01   3.6404694e-01   5.6318025e-02  -3.3280497e-01   3.2777828e-01  -2.1981002e-01  -5.3539767e-02  -3.8942062e-02   3.7570970e-01   1.1445727e-01   8.9832220e-02   1.5377868e-01  -1.4788944e-01  -3.9226668e-01   5.3375113e-02   1.6044334e-01   1.8756575e-02   4.0817409e-01   2.2050850e-01  -2.4084198e-01  -2.2805315e-01   6.2856753e-01  -3.1859541e-02  -1.3909189e-01  -2.0107093e-01   1.9601508e-01  -2.5218203e-01   1.9801430e-02  -8.7198608e-02   4.7702646e-01   2.0507721e-02   4.5805298e-01  -4.3538613e-02   4.0533232e-02  -2.0834771e-01   2.9815902e-01  -2.3699540e-01   4.2103990e-01   6.7960728e-02  -3.0487066e-01  -1.3982253e-01   1.2846889e-01   9.9144499e-02  -1.6793158e-01   8.1332094e-01   3.1978441e-02   6.2528476e-01  -9.0719739e-02   1.6074735e-01   7.1568802e-01   2.5839660e-01   2.4372491e-01  -5.2246266e-02  -2.6350482e-01   4.5714935e-01   1.0273314e-01  -2.1505903e-01  -2.5024169e-01   2.5074468e-01  -2.9879654e-02  -3.3712790e-01   1.6280052e-01   1.6518208e-01  -1.7533374e-01   4.1250449e-02  -3.7969134e-01   1.3220406e-01   1.1843529e-01  -9.0812242e-02  -2.6151518e-01   1.2372495e-02  -2.5344855e-01   3.5031617e-01   3.7610858e-01   2.7321478e-01   3.5002144e-01  -2.4185672e-01  -2.9326868e-01  -1.0550617e-01  -3.0972807e-01   8.8275519e-01  -9.4748143e-02  -1.8881290e-01   9.0725554e-02  -2.8717226e-01   5.3087767e-02   5.3737207e-02  -2.7306568e-01   1.1319799e-01  -1.5930225e-02   4.9080365e-01   1.0857036e-01   7.0095142e-02  -1.6475915e-01  -5.7445378e-02   2.0714274e-01  -3.1386443e-01  -3.0446323e-01   1.6860821e-01   5.8531966e-01  -7.6087187e-02  -1.9306588e-01  -1.7409883e-01   1.4950571e-01   1.5475544e-02  -2.2350221e-01   5.8361363e-02  -1.8677233e-01   1.8018278e-01   6.2403929e-01   1.2411770e-01  -2.0454474e-01   1.2348261e-01   4.7668558e-01   1.6526293e-01   7.7515230e-01  -2.7570197e-01   5.5989497e-02   9.7082904e-02  -2.1263397e-01  -1.1009938e-02   7.9553261e-01   1.8227724e-02   6.6209007e-02  -4.6424960e-02   2.2998212e-01  -1.2540378e-01   1.1833352e-01   1.0386617e-03   2.3694863e-01  -3.5888607e-01   9.9405412e-02   2.7972111e-01  -1.7225399e-01   6.5760843e-02  -1.9657613e-01   5.3359940e-03  -2.8841650e-01   4.4736024e-03  -1.3040553e-01   3.0748975e-01  -4.3544800e-01  -6.7007771e-02   4.8415251e-02   1.1488838e-02  -1.4420629e-01   2.8301082e-01   1.1513308e-01   2.6405699e-01   1.0160880e-01   3.6338792e-02   3.2279719e-01  -2.8367779e-01  -1.3832062e-01  -2.2709007e-02   4.8705584e-02  -3.7400935e-01  -3.6259335e-01  -1.8716077e-01   4.0625667e-01   1.7410782e-02   9.1395192e-02   1.9384102e-01   4.2203215e-01
  -3.3641978e-01   3.0652912e-01  -8.3604843e-02  -1.9108921e-01   2.1812173e-01  -4.4670971e-01   1.7833127e-01   1.2279605e-01   1.8964942e-02   0.0000000e+00   2.8924689e-01  -2.5063865e-02   1.5655475e-03  -2.4429498e-01  -2.1029656e-01  -2.6871523e-01   1.7074743e-01   2.1970752e-01  -3.3006138e-02   4.2624265e-01  -7.9329914e-02  -3.1016284e-01  -4.7305498e-02  -2.6583280e-01  -1.9886527e-01  -6.5424528e-02   1.3749390e-01  -1.0118865e-02   5.5859194e-02  -4.0899556e-01   1.6664041e-01  -4.3190366e-01  -7.4748306e-02   5.9831872e-01   7.3223943e-03   4.3465004e-01   2.2819030e-01  -3.3511626e-01  -1.2541013e-01   4.3532957e-01   1.2354460e-01  -2.4792571e-01  -9.4321297e-02  -3.2411628e-02   4.5752670e-01  -2.7033526e-01  -1.3184071e-01   5.2145008e-01  -1.1007738e-01   2.1558868e-01   3.4751049e-01  -7.6085881e-02   2.4614631e-01   8.8868320e-02   1.1830965e-01  -2.5932660e-01  -1.1185635e-01  -2.0368895e-01  -6.2400765e-02  -1.3511719e-01  -3.1761677e-01   5.3720278e-01   2.3186453e-01   1.1382238e-02   4.2152295e-01   3.1970726e-01  -3.1002128e-01   2.8806928e-01  -3.4372265e-01   9.6319459e-02   4.9144771e-01  -3.1404629e-02   1.1249040e-01  -3.0424142e-01  -1.5828662e-01   1.6351137e-01  -1.7622928e-01   4.9821496e-02   5.0765401e-02   3.5744830e-02  -7.0020091e-02   3.5483030e-02   1.5503892e-01  -1.2389383e-01  -3.5805130e-01   3.8465284e-02  -1.3175622e-01  -2.1513466e-01  -8.9902311e-02  -3.7417629e-01   9.2453050e-03  -2.5778190e-01   4.0164260e-01   9.1468728e-02  -4.3685374e-01   4.0564277e-01   2.8340221e-01   1.2226385e-01   2.9334782e-01   4.1895585e-01  -1.5230410e-01   2.0033988e-01   4.0540343e-02  -2.1251044e-02  -9.8994253e-02  -2.3090256e-01   9.0700994e-02  -2.5197940e-01   4.9004991e-01   1.8208441e-01   8.6239062e-02  -4.9229719e-01  -1.3606595e-01  -4.1442965e-01  -2.2052026e-01   7.0565711e-02  -4.2845377e-02  -5.8839905e-02  -3.4896398e-01  -4.8799577e-01  -2.3943352e-01  -8.5223596e-02  -8.0052712e-02   2.5524691e-01  -1.3936074e-01  -3.6400988e-01   4.1182125e-01  -2.8907111e-01  -1.6696830e-01   2.2043498e-01  -1.9727578e-02   5.2823681e-01  -3.9021032e-01   4.4890913e-01  -2.0723445e-01  -1.3321617e-03  -1.8905622e-01   1.0444212e-01  -9.5203568e-02  -3.1135045e-01  -2.1475274e-01   1.5378482e-01   1.7281256e-02  -4.5864932e-01   3.9713737e-01  -3.4007059e-01   6.6741009e-01  -2.2744448e-01  -2.4285539e-01   2.5740256e-01  -5.2528019e-03  -1.7186977e-02  -1.5120408e-01   2.3606382e-01   1.5574420e-01  -3.6220780e-01  -3.4741691e-01  -3.1280170e-02  -2.5421216e-01  -1.5228230e-01   3.3980202e-01  -1.0049186e-04   5.4714001e-01  -3.4700329e-01  -2.5229478e-01   1.5925118e-02   1.1740662e-01  -1.6384869e-01  -2.5696606e-01   2.0275764e-01   8.1470431e-02  -3.8652480e-01   1.4747291e-01  -2.9200064e-01  -1.5322838e-01  -1.0395996e-01  -4.8371529e-01
  -2.3477213e-01  -7.0415782e-03  -2.9508808e-01   1.9267946e-01   3.3966123e-02  -8.3256292e-02   3.5258340e-01  -3.1333859e-01   2.9755891e-01   2.8924689e-01   0.0000000e+00  -8.0311250e-02   1.8123829e-01   5.0128145e-02   7.1432139e-02   6.1112512e-02  -2.6060744e-01   5.5745227e-01  -4.5436543e-01   8.9283041e-02   3.6151523e-01   3.9002010e-01   4.8343543e-01  -8.8104519e-02  -1.4960190e-01  -3.9488375e-01   3.2387390e-01  -1.6615014e-01   1.3940537e-01   4.3566321e-01   4.9315338e-01   5.2280547e-02   1.2255137e-01  -1.8620241e-01   2.0313347e-01   5.2910850e-01   7.9821494e-02  -2.3714127e-01   2.6794657e-01   3.9754415e-03   4.3685479e-01  -1.0435351e-01  -1.0129636e-01   3.2855305e-02   5.4155829e-02   1.8081681e-01   7.4622453e-01   2.9936758e-01   2.1131740e-01  -2.7559426e-01   5.7931920e-01  -3.3128626e-01   1.3163806e-01   1.0783645e-02   3.8452119e-01   1.9734286e-01  -2.1951280e-01   6.7962953e-02   3.0638994e-01   2.2933894e-01   5.0031750e-03   1.7167200e-01   1.3702326e-01   4.0439936e-01   2.8766496e-01   5.4913943e-01   1.2157793e-01   3.0375310e-01   3.0261040e-01  -8.1778380e-02  -2.9477031e-02   7.2225529e-01   1.9462369e-01  -3.4111237e-01   8.5726736e-02  -3.4392377e-01   8.1618479e-02   1.1748597e-01  -3.4161535e-01   4.1223128e-02  -5.7879538e-02   5.6353349e-03   1.6121211e-01  -2.4164066e-01  -2.5379035e-01  -1.9505422e-01   3.1371086e-01  -5.1094697e-02  -2.5677987e-02  -2.2285243e-01  -1.6174544e-01  -1.5896543e-01  -6.3179222e-02   2.3333004e-01  -1.4777799e-01  -5.6034094e-04   2.0777917e-02  -3.9818335e-01   5.6160121e-01   3.9295805e-01  -1.6416898e-01   5.2362778e-02   1.8692441e-01   3.2977317e-01   5.0362120e-01  -1.7111886e-01   3.5662550e-02  -3.4781435e-01   6.1884004e-02   3.4972638e-01   6.5385303e-03   3.1522125e-01   4.2606078e-01  -2.6997134e-01  -2.0582794e-01  -1.1199101e-01   9.6875856e-02   2.8975223e-01  -2.0502830e-02   1.9938413e-02  -1.8684803e-02  -3.2414645e-01   5.4316206e-03   1.4525572e-01   1.4452600e-01  -1.1944005e-01   1.5666272e-01   3.4366938e-02   8.9317179e-02   5.0566984e-02   2.0581299e-01   4.4410345e-01  -2.0220699e-01   1.2327402e-01   1.2951390e-01  -2.7799440e-01  -8.0884792e-02  -1.8309101e-02  -1.7265041e-01  -2.9816553e-01  -1.8723576e-01   7.9130464e-02   5.6999364e-01  -4.0135384e-02   1.5685199e-02   2.1659638e-01  -8.4623617e-02   4.3349545e-01   1.6834175e-01   4.5429406e-01  -1.9235514e-01   8.8835464e-02  -8.4007530e-02   4.4347101e-01   7.9959908e-03  -1.9205721e-01   9.7053521e-04   1.3261834e-01  -4.9194614e-03  -8.2473229e-02   1.6181093e-02   6.4474946e-01   5.0835751e-01   4.8256493e-01  -1.4459798e-01  -4.5694871e-01   1.8716031e-01  -1.3797550e-01   4.1408798e-02  -1.9904888e-01  -1.9932239e-01  -2.1392095e-01   6.8834379e-01   1.1528070e-02   1.2022757e-01  -2.2965014e-02   2.0881859e-02
  -1.7247970e-01   3.3820123e-01   2.1105092e-01  -3.1890609e-02   1.9113029e-01  -5.7030711e-02   2.2681728e-01   3.4450099e-02  -9.7699696e-02  -2.5063865e-02  -8.0311250e-02   0.0000000e+00   1.0269921e-01   6.9882504e-02   3.9637473e-01   2.4674317e-01  -7.7580254e-02  -2.4951130e-01  -1.3921568e-01   1.8434784e-01  -5.6005984e-01  -2.8663586e-01  -2.3233718e-01   3.2822774e-01   1.4949077e-01   5.6204990e-02   4.9455774e-02  -2.0288421e-01   2.5603747e-01  -2.7096914e-01  -9.2144282e-02  -1.0938323e-02  -1.0601483e-02   2.8117409e-01   3.2763578e-01  -4.4394166e-02  -2.7265108e-01  -5.7300817e-02  -6.2967039e-02  -2.8671296e-02   1.3209103e-01   2.4512086e-01   3.0133091e-01  -1.3837476e-01   6.1339120e-02  -3.3414480e-01  -1.8514271e-01  -1.3501028e-01  -2.5246736e-01   2.7284268e-01  -1.9444640e-01  -5.3594408e-02   5.9916986e-02   1.2117272e-01  -3.1456719e-01  -1.2397507e-01   4.5474056e-03  -7.3873677e-03   1.8208504e-01   2.4012457e-01  -1.7269899e-01  -9.2936242e-02  -1.9574190e-02   1.3054994e-01  -2.0011218e-01   2.2287991e-01  -1.5008897e-01   3.8456243e-02  -1.2612734e-02  -2.2423464e-01  -1.4143810e-01  -7.7632372e-02   2.3108675e-01   8.2681774e-02   3.4070219e-02   1.2315611e-01  -2.6575804e-01  -2.9267883e-01   3.5492214e-01   2.1799919e-01  -1.0307697e-01   1.9660086e-01  -2.7082632e-01  -1.2796100e-01  -6.0957186e-02   2.4653530e-01   6.6311647e-02   1.9139420e-01   1.5771143e-01  -9.0742414e-02   1.9082234e-01  -6.6371491e-02   4.5874148e-01   9.6647035e-03  -4.6549642e-02   8.4317126e-02   2.7908837e-01   5.5948204e-02  -1.5096046e-02  -1.6297441e-01  -3.5963996e-01   2.8376979e-01  -3.6719005e-01   2.1338475e-01   1.9856202e-01   6.3549462e-02   2.5320723e-02   1.4254566e-01  -5.3499814e-02  -1.2726284e-01   2.5334896e-01  -1.4285809e-01  -3.7590467e-01  -1.4140837e-01  -9.7703025e-02   2.0862232e-01  -1.1494497e-01   1.6410271e-01  -1.9926149e-01  -5.6444818e-02  -1.9273082e-01   4.9691996e-01   3.5525721e-01   9.7986221e-02  -3.0222316e-01   4.1005542e-01   2.2202624e-01   2.0383270e-01   1.1216092e-02  -2.8676945e-01   1.3578008e-01  -9.1045589e-02   2.4687647e-01  -1.6972585e-01   1.8022094e-03   1.0354134e-01   3.6824907e-01  -2.1347602e-01   5.0410124e-02  -2.2282156e-01   6.6788865e-02   6.9569502e-02   1.0467102e-01   4.3966730e-03   2.7807742e-01   7.4100988e-03   6.7509903e-03  -1.4638428e-01   4.4548403e-01  -4.3171502e-01  -1.7240331e-01  -4.0603472e-01  -1.5594538e-01   5.9896765e-02   2.6079396e-02   8.9071736e-02  -1.6116515e-01   2.1597110e-01  -2.9249812e-01  -2.0193563e-02   4.1261161e-01  -7.0246495e-02  -2.5297316e-01  -3.2691510e-01   3.8526247e-02   4.7399523e-01   2.8447540e-01  -3.1201912e-01  -1.9306006e-01   2.6048033e-01   5.2421088e-01  -1.0674278e-01  -2.3383447e-01  -4.4938086e-02   1.1668974e-01   5.9896246e-03  -1.8274628e-01
  -2.9315048e-01  -7.4417533e-02  -1.1866361e-01   2.3034847e-02  -1.6019409e-01   7.2597270e-02   1.1847446e-01   8.5989366e-02   5.6913250e-02   1.5655475e-03   1.8123829e-01   1.0269921e-01   0.0000000e+00  -5.1174035e-02   1.0732317e-01   3.4771082e-01  -2.3071724e-01   2.5920908e-01   7.3039623e-02  -2.8575155e-02   1.4507559e-01   2.4303845e-01   9.5341861e-02  -5.5911309e-02   1.4636384e-01   2.7374289e-02  -2.8703780e-02  -1.4401799e-01  -3.9637000e-02   1.6290559e-01   5.3269888e-02   1.7896214e-01  -1.1786803e-01  -1.3270491e-01   1.4393833e-01  -1.0206340e-01   7.6575611e-02  -2.1461935e-01   4.8890340e-01  -1.2258965e-01   6.6222104e-01   1.3327326e-01  -2.5081198e-02   8.6210082e-02   1.4176436e-01  -2.0696507e-01   6.4158046e-03  -9.1300818e-02   2.3508908e-01  -1.7475045e-01   9.1987733e-02  -2.0577974e-02  -1.4853230e-01   1.2778146e-01   2.9520716e-02  -3.7530787e-02   1.5793488e-01   7.0392386e-02   4.2319150e-01   1.3630774e-01  -1.6338646e-01  -1.1374766e-02   1.3393296e-01   1.5473052e-01   2.8170519e-01  -1.5202549e-01   8.4090214e-02   1.4371831e-01   2.5364385e-01  -1.9239793e-01  -8.9373408e-02   7.1634659e-02   2.8909987e-01  -1.5722523e-01   4.3675663e-01   6.5701455e-02  -2.9848254e-01   1.4540860e-01  -1.2731224e-01   4.5796575e-01  -3.8152676e-02   4.2497346e-01  -1.1880017e-01   2.9044654e-02  -7.8625559e-02   3.5555955e-02   3.1718275e-01   1.0975307e-02   1.8701366e-02  -1.8675232e-01  -1.7924329e-01  -1.0430433e-01  -1.0266433e-01   1.7735864e-01  -1.3336527e-01  -1.1734292e-01   3.5397808e-01   1.1458282e-01   3.1299136e-01   8.2195293e-02   1.1547448e-02   3.5276695e-02   1.1216210e-01   1.5212024e-01   1.4391861e-01   1.9268028e-01  -3.1557045e-01   7.5305194e-02  -9.9117721e-02  -1.7481972e-01  -8.6892843e-02   1.9532867e-01   1.9308129e-01  -2.1910769e-01  -1.6607679e-01  -1.0084852e-01   1.5933451e-01   7.1274372e-01  -5.0068329e-02   5.6595867e-02  -2.2178308e-01  -7.8894183e-02   6.3054905e-02   6.9687094e-02  -2.8709718e-01   3.1227636e-02   1.9880343e-01   2.1995539e-01   1.8476785e-01  -1.3668853e-01   5.2977306e-01   2.2934455e-02  -1.2423329e-01  -4.2325310e-02   1.2220834e-01   1.0844656e-01   5.7462077e-01  -1.0400164e-01   1.2345111e-01  -1.3313835e-01  -1.9377966e-01   4.1740220e-01   1.8658121e-01   4.6500385e-02  -5.3884075e-02   2.6131090e-01  -1.5779431e-01   4.3771861e-02   8.4937808e-02   1.1810039e-01  -3.4052567e-01   1.1184750e-01  -1.0388747e-01  -2.0443086e-02  -1.0232454e-01  -1.6853003e-01  -2.2165167e-01   3.9314417e-01  -1.0103721e-01  -2.1417516e-02  -2.5811824e-01   1.2815093e-01  -1.8454173e-01   1.9777862e-01   1.6890878e-01  -1.0922716e-01  -2.8228433e-01  -8.8180534e-02  -1.9940536e-01  -1.5678710e-01  -1.6363089e-01  -2.1051724e-01   8.3458450e-02  -9.2848989e-02   8.7991473e-02   2.0587434e-01   1.2636327e-01
   2.2569325e-01  -4.4188954e-01  -1.7571193e-01   1.2641879e-01  -5.0933891e-01   2.0922883e-01   1.1266263e-01  -1.3220900e-02   1.9287008e-01  -2.4429498e-01   5.0128145e-02   6.9882504e-02  -5.1174035e-02   0.0000000e+00   4.3936446e-01   1.6159524e-01  -4.9770957e-01   6.7953311e-02   4.5749634e-02  -4.4937482e-01  -2.8057378e-02   4.2579292e-01   2.3003100e-01   7.0573666e-01  -3.7330654e-02   2.4948257e-01  -3.2776389e-01   2.2120218e-01  -5.8175567e-02   2.5534505e-01   2.2802506e-01   2.9999662e-02  -8.1958970e-02  -2.2695240e-01   3.7833969e-01  -3.7135721e-01  -2.1395572e-01   1.3980241e-01   1.4004653e-03  -4.5638422e-01  -5.8603196e-02   1.8564438e-01   9.5675263e-02   3.6375173e-01   1.3014809e-01   1.1051469e-01  -5.0579058e-02  -3.9378340e-01  -2.3290216e-02  -3.7233919e-01   2.5343938e-02   6.7236763e-02  -4.5887181e-01  -1.3783943e-01   6.0468830e-02   4.2366802e-01   2.3143155e-01   2.1844878e-01   2.3733917e-01   4.6214327e-01   3.1053026e-02  -2.1621367e-01  -5.9705889e-03   2.6111100e-01  -8.0026388e-02  -1.9405948e-01  -4.3465979e-03  -2.5041150e-01   3.0391846e-01  -1.7602426e-01  -4.9623618e-01   1.8902518e-01  -8.0865680e-02   6.6405361e-02   8.0607025e-02   2.2698551e-02  -2.0898035e-02   1.6305677e-01  -3.1470723e-01   2.9836177e-02   4.9385011e-01  -3.8797107e-02  -6.5507552e-02   4.1719901e-01   7.1337785e-02   1.3044036e-01   5.9608572e-01   6.8559444e-01  -1.6364183e-01   2.3806372e-01  -2.5604858e-01  -6.0942731e-02  -2.7599956e-01   1.5286875e-01   2.3919443e-01  -4.1215761e-01   9.4081000e-02  -5.9960738e-02  -2.1806699e-01   3.7041178e-03  -1.7755735e-01   3.5391883e-01   3.3576825e-01   3.0468592e-01   9.6116759e-02   1.7015095e-01  -1.1357582e-01   2.9337747e-02   3.2556581e-02  -3.2076880e-01   6.6348381e-02   5.0378591e-01   1.4343549e-01   3.6736969e-01   1.7271910e-01  -3.2856255e-01   3.1525623e-01   2.0894558e-02   1.6017952e-03   3.4702057e-01   2.5038315e-02  -1.7403328e-02   2.5388618e-01  -2.1404086e-01   1.2131049e-01   5.1762697e-01   1.8616849e-01   2.4974879e-01   2.0625625e-01  -5.1664266e-01  -5.9452025e-02  -1.9824501e-01   2.7383015e-01  -3.3371564e-01   2.5300341e-01   6.3334027e-03   1.4204171e-01   4.5296898e-02   2.3692357e-01   1.9200039e-01   3.8314654e-01  -1.5235465e-01   4.0269791e-01   1.2434122e-01   1.5987266e-01   5.0258611e-01  -2.8704311e-01   1.4850700e-03  -6.6558328e-02  -2.0681090e-02   4.7388838e-02   4.0856349e-01  -2.5534622e-02  -1.2633159e-01  -4.9466407e-01   3.8978738e-01   1.5861138e-01   1.9721744e-01  -9.8307558e-02   3.8688533e-01  -1.1935582e-01   2.9394550e-01  -2.1731565e-01   2.5458748e-01   2.0901799e-01  -1.2084080e-01  -2.9597625e-01   4.6055441e-01   2.9078039e-02  -4.1299883e-01  -3.4218422e-01   8.2614215e-02   1.0396533e-01   2.5142629e-01   3.3721733e-01  -5.4641873e-02   4.0271094e-01
