   0.0000000e+00  -4.5883911e-01   5.1177684e-02  -2.7721503e-01  -4.4854292e-01  -2.6448536e-01  -3.0183336e-01  -1.5717055e-01  -3.0956160e-01   1.8101340e-01   2.1247130e-01  -2.9183195e-01  -4.0407907e-02   6.6573410e-01   1.0846852e-01  -2.7986088e-02  -1.2234989e-02   3.2607183e-02  -3.7767801e-01  -4.2721597e-01   1.9064820e-01  -2.0567709e-01   4.2158108e-02   4.9290784e-01  -4.4011433e-02  -1.1549663e-01  -2.3100456e-01   4.5847314e-01  -1.0823913e-01  -4.0829459e-01   3.9024745e-02  -1.1151184e-01  -2.1413602e-01  -5.4714027e-03  -2.2799135e-01  -3.2029808e-01  -2.6294796e-01   3.3703134e-01   4.8647702e-02  -1.9289761e-01  -1.1768484e-01  -2.9535109e-01  -3.2360373e-01   3.8230753e-01  -1.0294288e-01   4.1707667e-01  -2.2512718e-01  -4.0971197e-01  -3.4600582e-01  -3.3135687e-01   9.4061105e-02  -3.8510864e-02  -3.4682338e-01  -1.5320734e-01   4.4982455e-01   3.7313472e-01  -3.1682220e-01  -3.1758119e-01  -1.6803538e-01  -1.0012036e-01   7.8576358e-02  -2.2504614e-02  -4.1923530e-01   1.3178278e-01  -4.5742752e-02   1.4259323e-01  -4.0386732e-01  -1.2566337e-01  -1.6727857e-01   2.4191541e-01  -1.6205590e-01  -1.3717973e-02   4.4650564e-02   5.8987088e-01   1.2088193e-02  -6.9074265e-02   2.7316079e-01  -2.0803843e-01  -4.8274689e-01   9.7726447e-03   3.5651054e-01   1.5057117e-02   1.5177526e-01   1.6355909e-01   6.8164374e-01  -2.5473079e-01   2.7445546e-01   3.2452468e-01  -1.2533460e-01   5.2763920e-01  -5.6822978e-01   9.5876587e-02  -2.8595512e-01  -3.2360326e-01   5.1993907e-01  -2.1013014e-01  -8.6419223e-02  -2.3021461e-01  -1.4359216e-01   4.0901783e-02   6.0384834e-01   1.1823335e-01   3.8890927e-01   1.0038688e-02  -1.8051749e-01  -2.2962722e-01  -8.0783821e-02  -2.4880999e-01   8.9093798e-02  -6.7345061e-02  -9.6912403e-02  -4.6892460e-01  -8.2083674e-02   4.8187011e-01   5.2696844e-01  -4.8194198e-01  -1.2105288e-01  -1.6540139e-01   6.1824632e-01  -2.4700555e-01   3.7702162e-02  -5.1474296e-01  -3.8684285e-01  -4.6826373e-01   3.1141801e-01   8.6973243e-02  -2.0309157e-01   5.1172813e-03  -2.9328824e-01   3.0776259e-02  -2.0970481e-01  -4.4412658e-02   7.0122876e-01  -5.0468387e-02  -4.1781703e-01   9.2477502e-03  -5.5579558e-02   3.7153863e-01  -1.8316964e-01   4.4658245e-01   4.4818608e-01  -3.5005494e-01  -6.1847173e-02   4.0857893e-01   8.0890157e-02   1.0745360e-01   1.2651721e-01  -1.7490268e-01   1.3029812e-01   1.6095631e-01   6.2103253e-01   4.7341695e-01   1.1259564e-01   2.3583276e-01  -1.7458956e-01   3.6253777e-01   2.0800442e-01  -1.4492536e-01  -1.3881613e-01   3.4580205e-02  -1.7281190e-01  -1.6500242e-01   2.8886048e-01   3.9583008e-02  -1.3796062e-01  -4.0470723e-01   6.7004981e-02  -1.5044185e-02   1.3596474e-01  -4.3833518e-01  -4.0953762e-01   2.1282122e-01  -6.9042958e-02   1.4938092e-01  -2.7193454e-01  -2.1627877e-01  -4.0598339e-01
  -4.5883911e-01   0.0000000e+00   3.0200628e-01  -1.0385695e-01   6.8352703e-01   6.3524866e-02   5.2440651e-01  -6.8711908e-02   3.0111512e-01  -3.4015313e-01  -6.0302320e-01   6.8455014e-01  -2.4119003e-01  -4.4655630e-01  -5.0612933e-01  -3.0867206e-01   4.3821320e-01  -5.5595904e-01   2.7936695e-01   6.1499750e-01  -3.8837792e-01  -5.4193096e-02  -2.7004864e-01  -5.7421866e-01   2.7461068e-01  -4.3658925e-02   2.6329913e-01  -5.8090500e-01   3.0034215e-01   3.0294943e-01  -2.9366202e-01  -2.6446012e-01  -1.8801135e-01  -9.5030121e-02   1.8797955e-01   1.9370297e-01   3.0883664e-01  -3.1645597e-01  -1.8093712e-01   5.1499021e-01  -2.0796219e-01  -6.5597861e-02   7.3605764e-01  -5.6298171e-01   2.6878971e-01  -2.2486029e-01  -9.6069733e-02   6.5333526e-01   2.7763199e-01   5.3679945e-01  -6.4642434e-01  -1.4783526e-01   4.1406108e-01   2.6569032e-01  -5.0524612e-01  -5.9424538e-01  -2.2422810e-02  -1.1570427e-01  -1.9725141e-01   1.4140020e-01  -1.6699628e-01   1.5473375e-01   5.1932168e-01  -3.3467240e-01   1.0153472e-01  -1.8684165e-01   5.3302973e-01   2.3506176e-01  -1.5445521e-01  -1.0481340e-01   5.1446701e-01  -2.6294213e-01  -1.4280009e-01  -5.1953149e-01   9.6958760e-02  -2.8671931e-01  -3.3753911e-01  -1.6207143e-01   7.9639136e-01  -3.0265703e-02  -4.7609382e-01  -1.7027350e-01  -5.4086284e-02  -2.3115724e-01  -5.0870004e-01  -1.0838394e-01  -7.8288041e-02  -4.7310248e-01   2.6633327e-01  -5.2500293e-01   7.5674074e-01  -3.0039474e-02   5.1765678e-01   3.1751279e-01  -2.7434587e-01   5.8084678e-01   1.1205468e-01   1.9988561e-01   1.3800625e-01  -2.8010821e-01  -5.7658165e-01  -4.4637820e-01  -5.8902706e-01  -1.5899445e-02  -4.4314308e-01  -6.7477411e-02   1.1551087e-01   1.9146151e-02  -8.0543241e-02  -6.5355418e-02   1.5107920e-01   1.2687192e-01  -1.4738152e-01  -2.4947543e-01  -6.1163705e-01   6.8741732e-01  -8.5097863e-02  -7.6352012e-02  -4.5174727e-01  -2.9841810e-01  -4.3369008e-01   7.7087163e-01   6.0365276e-01   4.4894507e-01  -1.4708593e-01  -2.8581320e-01  -4.4594247e-02   4.3381884e-03   4.0984981e-02   2.5165080e-01  -9.5320898e-03  -3.5998757e-02  -4.3334274e-01  -3.9879233e-02   3.0003661e-01  -3.2663377e-01   3.5403432e-02  -4.1943659e-01  -3.0243675e-01  -2.9600544e-01  -5.4299325e-01   1.6220412e-01  -3.3915933e-01  -2.5748457e-01  -4.8214703e-01  -3.5656869e-01  -1.5295877e-02  -1.0242884e-01  -5.0250245e-01  -1.1588085e-01  -6.0161597e-01  -4.0270581e-01  -4.1283782e-01  -4.7428048e-01   6.6740031e-01  -5.0901864e-01  -3.4829986e-01  -1.9959790e-01   1.9782273e-01  -3.9274795e-01   4.4746491e-01  -2.1417320e-01  -3.5713743e-01  -4.2228358e-01  -3.6602926e-02   6.5624808e-01  -1.0222642e-01  -2.0514450e-01  -4.5221520e-01   7.5393903e-01   7.0512412e-01  -3.7374086e-01  -2.2795037e-01  -2.3711277e-01   2.3479058e-01   1.9826130e-01   2.0348159e-02
   5.1177684e-02   3.0200628e-01   0.0000000e+00   8.3647498e-02   2.4777981e-01   1.8440213e-01   4.3635209e-03   1.6714749e-01   3.7277458e-01  -2.4249121e-01  -4.5689750e-02   5.6411736e-01  -7.2515930e-02   4.0689727e-02  -7.6321526e-02  -6.1943052e-03   7.3744954e-01  -3.1011352e-01  -4.4558667e-02   2.7290831e-01  -2.5931449e-01   1.1056653e-01  -2.3858672e-01   2.7476942e-03   1.0016182e-01   2.7044221e-01  -2.1787693e-02  -3.4760893e-01   2.9753639e-01   2.0585558e-01  -2.3644009e-01   7.6202908e-02  -5.7037267e-02  -1.9518786e-01   2.6519298e-02   1.1669844e-01  -2.7635749e-01  -1.2584026e-01  -1.7376634e-01  -1.4843944e-02  -2.0401590e-01   8.3587716e-02   4.5395201e-01  -9.8338327e-02   2.9241566e-02   4.2036392e-02   8.6312565e-02  -1.2350930e-01  -2.2952697e-01   3.2246834e-02  -2.3726467e-01   2.7507026e-01  -2.9281383e-01   3.2909323e-01  -2.5817518e-02  -1.7424472e-01   1.1779287e-01   1.9120330e-01  -3.8070732e-01   3.6213702e-01   4.4082783e-01   7.7986802e-02   4.3438436e-01  -2.0578525e-01  -2.5594149e-01  -9.5561206e-02   2.8753325e-01   6.6016115e-02   1.3458231e-01   4.6475177e-01   1.0118444e-01   1.7899698e-02  -4.4440206e-01   4.2114660e-02   2.2966654e-01  -1.4484069e-01   2.8357881e-01  -1.4768134e-01   2.2012214e-01  -1.7369987e-01  -2.9495867e-01  -3.6649209e-01  -8.2015507e-02   5.8831279e-02   1.3426665e-01  -1.5470405e-01   1.3346195e-01  -3.5408619e-03   1.7262486e-01  -1.4843934e-01   1.7435038e-01   6.6221730e-01   4.9494232e-01   2.8087126e-01  -5.9040540e-02   4.1308174e-01   8.1330692e-02   8.6336685e-02   8.0782441e-02  -4.3187291e-01  -1.0943688e-01  -3.8702861e-02  -2.4029271e-01   2.8318652e-01  -1.5067632e-01   2.3213317e-01   2.8385064e-01   2.2087086e-01  -2.5984324e-01  -1.0063857e-02   2.0439758e-01   1.2609575e-01   1.4655756e-01   5.5756782e-02  -2.4320874e-01   7.3672848e-02   2.5678361e-01  -2.8653195e-01  -1.5532117e-01   1.0763310e-01   1.6555656e-01   2.6238841e-01   3.6969625e-01  -1.6836612e-01   1.3800326e-01   1.2408034e-01  -1.3967380e-01   1.0613160e-01   1.4329504e-01   3.7731616e-01  -1.6071270e-01  -3.6740348e-01   1.0830557e-01  -1.0189936e-01   2.4969005e-01  -8.1813655e-02   1.2747857e-01  -2.4626883e-01  -6.4486898e-02   3.1441607e-01   1.1374171e-01   3.8957140e-02  -2.5793950e-01   9.3590396e-02  -1.6219156e-01  -1.9225130e-01  -3.0211373e-02   1.1560092e-03  -2.0189115e-01  -2.5745673e-01  -1.4129339e-01  -2.8593537e-01   2.6923809e-01  -1.5125566e-01   5.2075657e-01   4.7255304e-02   3.8782729e-01  -3.0616506e-01   7.1183504e-01  -2.8082719e-01   1.7242376e-01  -2.0308506e-01  -2.6967466e-01  -8.5913674e-02   4.0553504e-01   2.0643564e-01  -7.7694175e-02   6.1830058e-02   1.8217235e-01   3.2731523e-01   1.3880562e-01  -3.1031325e-01  -7.7187256e-02   6.8846626e-02   1.3158689e-01   2.5379933e-01   3.1775345e-01
  -2.7721503e-01  -1.0385695e-01   8.3647498e-02   0.0000000e+00  -1.3154046e-01   1.6314424e-01  -2.6975078e-01   3.7126699e-01   2.5828609e-01  -4.0568495e-01   1.1341713e-01  -6.2411365e-02  -6.2187183e-02  -1.8976986e-01   2.3188488e-03   2.1908679e-01   2.3581622e-01   2.5827280e-01  -2.0395481e-01  -3.0522837e-01   3.7963327e-02   6.6787040e-01  -7.6924343e-02  -5.4718250e-02   1.8586891e-01   3.6346662e-01  -3.2154142e-01  -2.2218375e-01  -9.3718543e-02   3.2532713e-01  -6.5041235e-02   5.8734617e-01   4.5600768e-01  -4.5398536e-01  -1.0305417e-01  -9.7513086e-02  -1.2809447e-01   1.4157610e-01   1.0538066e-01  -3.5264196e-01   1.2633536e-01   2.6974236e-01  -4.3595963e-02  -9.9134957e-02  -2.3986727e-01   7.7590889e-02   2.2219930e-01  -2.4713923e-01   1.6120312e-01  -3.5181852e-01   2.5902951e-01   3.3995938e-01  -2.8408663e-01   1.5393370e-01   3.8109384e-02  -1.5598478e-01   9.8414065e-02   6.6775500e-01   1.9930269e-01  -2.5507260e-02   4.1810042e-01  -1.7000928e-01   1.5296625e-01  -5.4446543e-02  -5.9219268e-02  -4.2843927e-01   1.4363382e-01   6.5670958e-02   6.6353691e-01   1.1888614e-02  -3.7562587e-02   5.4207998e-01  -1.9067445e-01  -7.0324012e-02  -2.0480611e-03   3.9659999e-01   2.8441600e-01   2.6083467e-01  -1.7876223e-01   2.2852104e-01  -2.9203578e-01  -1.5384007e-01  -5.9157845e-02   3.4279620e-01  -1.0658484e-01   4.2193241e-01   5.5932890e-02   1.0995526e-02  -1.3907583e-01  -1.4808030e-01  -1.1010610e-01   3.7910558e-01  -2.0392903e-01   1.7971750e-01  -9.5588490e-02  -1.2561688e-01   5.5614945e-02   1.1976847e-02   1.5678561e-01  -1.2409388e-01  -7.4097871e-02   7.6748034e-02  -9.1939152e-02   1.4443257e-01   6.6481422e-01   6.9056620e-01   2.2453394e-01   5.5047441e-01  -1.6370815e-01  -1.0713562e-01  -2.9951228e-01   4.2307607e-01   5.8846022e-01  -1.3405056e-01  -1.5165743e-01  -1.6319820e-01   3.6824031e-01  -1.9263487e-01  -3.0658796e-01   7.2403707e-01   2.6013627e-01  -1.3851689e-01  -1.4941056e-02  -1.4281556e-01   3.7915632e-03   1.0530067e-01  -1.6243862e-04   9.7408524e-02   5.6984715e-01  -9.9948772e-03   1.5441343e-02  -2.2629526e-01  -3.3721839e-02  -3.6436986e-02   2.3224643e-01   2.4876593e-01   3.1486613e-01  -1.6509438e-01   3.3126846e-01  -1.2293914e-02   5.9622357e-02   2.1006458e-01   3.0919033e-01  -2.8003136e-01   7.6690723e-03   3.7854469e-01  -1.7755038e-01   2.4929865e-02   1.2454422e-02  -1.3086800e-02  -1.0293592e-01  -4.0469234e-01   2.9520560e-01   1.3423619e-01  -1.5889175e-01   1.3788352e-01   2.2725571e-01   5.0561452e-02   2.9744545e-01  -2.8029668e-01  -1.3618973e-02   4.3067660e-01  -9.9828944e-02   5.6325133e-01   6.1811731e-01  -2.3847954e-01  -4.2371870e-01   1.2058409e-01   1.8528036e-01  -4.5115201e-03  -1.4320353e-01  -2.3797565e-01   8.1117809e-02  -2.7690472e-02  -3.4274158e-02   2.8105573e-01   7.5234986e-01
  -4.4854292e-01   6.8352703e-01   2.4777981e-01  -1.3154046e-01   0.0000000e+00   2.5644265e-01   2.6116123e-01   9.9971009e-02   2.4399635e-01  -2.1747540e-01  -3.9950786e-01   3.6233910e-01   3.6953401e-02  -3.7325986e-01  -5.5750005e-01  -3.6807188e-01   3.2395831e-01  -4.0554577e-01   4.3563779e-01   7.7347672e-01  -5.6843812e-01  -8.7427413e-02  -3.9024157e-01  -4.1554586e-01   2.7489288e-01   1.4262287e-02   3.7723355e-01  -3.5887290e-01   2.6074325e-01   1.3909059e-01  -1.6363518e-01  -1.9857184e-01  -9.1427107e-02  -2.4596049e-01  -1.6595707e-01   6.1557403e-01   3.0391290e-01  -1.7845332e-01  -1.6813563e-01   5.3161194e-01   2.5874564e-02  -3.6970701e-02   4.3678117e-01  -2.7139656e-01   9.3557673e-02  -2.7865472e-01   2.7926598e-01   3.8389328e-01   3.8271624e-01   4.7941812e-01  -5.2139833e-01  -5.1618827e-02   2.9454753e-01   1.8290968e-01  -5.9606755e-01  -3.9396272e-01   1.4548353e-01   8.9199365e-02   8.2780920e-03  -1.0403893e-01  -1.5628947e-01   1.7181057e-01   5.3142112e-01  -2.4398371e-01   1.7718701e-01  -1.3095240e-01   6.1702224e-01   2.3851482e-01  -1.4204208e-01  -1.8433510e-01   2.2863989e-01  -2.4362849e-01   1.5833971e-02  -4.5475051e-01   4.7777317e-02  -2.5567497e-02  -3.5525043e-01  -1.0934931e-01   8.3025707e-01   1.9230541e-01  -4.5916614e-01  -2.1988869e-01  -1.7708911e-01  -2.0242835e-01  -3.4121362e-01   1.1529127e-01  -4.2832627e-01  -4.9331679e-01   1.6345912e-01  -3.3638254e-01   8.2703809e-01  -1.0164156e-02   5.2759501e-01   1.5034823e-01  -3.0060917e-01   7.5504740e-01   2.9134909e-01   4.7070323e-01   4.2166720e-01  -2.7726090e-01  -5.3955077e-01  -3.0081550e-01  -3.4777668e-01  -2.3522633e-01  -3.2463007e-01  -3.5017377e-03   2.3172802e-02   1.3532726e-01  -1.7747046e-01   5.7478127e-02   1.8658624e-02  -7.8224072e-02  -3.0500732e-01  -4.8628165e-02  -5.5906017e-01   7.3874225e-01  -3.2049958e-02   6.5364172e-03  -4.5552752e-01  -1.0377979e-01  -2.8248987e-01   7.8574222e-01   3.9649861e-01   4.9745711e-01  -1.6721999e-02  -1.9239979e-01  -2.3298409e-01  -1.7947517e-01   1.2980127e-01  -2.3523707e-02   4.8422723e-02  -7.6654135e-02  -5.4451042e-01  -7.8190638e-02   1.5417514e-01   9.3603842e-02   6.5842151e-02  -3.8057994e-01   1.1217103e-01  -1.6206527e-01  -4.3146423e-01   4.2828363e-01  -1.2401349e-01  -3.7117281e-01  -4.9233041e-01  -1.4852865e-01  -3.0715146e-01   2.2512159e-01  -3.8097367e-01  -3.0628153e-01  -4.5576492e-01  -2.1586073e-01  -3.1963028e-01  -3.0553584e-01   4.9708216e-01  -3.6794766e-01  -2.3727588e-01  -1.3827457e-01   1.8876547e-01  -1.2690472e-01   2.9412840e-01   9.0910238e-02  -1.3054681e-01  -3.6675803e-01  -8.7298331e-02   5.5730789e-01  -1.0858970e-01  -2.8007424e-02  -4.0723653e-01   6.9631770e-01   6.3446261e-01  -3.2043939e-01  -8.4200893e-02  -1.2727444e-01   1.2490838e-01   3.9135535e-02  -1.3594749e-02
  -2.6448536e-01   6.3524866e-02   1.8440213e-01   1.6314424e-01   2.5644265e-01   0.0000000e+00  -3.0104324e-01   2.4294291e-01   2.1549967e-02  -8.8768614e-02   2.5562318e-01  -6.8595646e-02   2.1633793e-01  -1.4914532e-01  -1.5059059e-01   3.8247861e-02   2.8992032e-01   1.2816032e-01   9.7828442e-02   7.3149757e-02  -2.2875146e-01   2.1797527e-01  -3.3286141e-01  -5.5235796e-02   1.4649760e-01   1.2939890e-01   1.8638082e-01  -8.1819300e-02  -1.5220081e-01   1.8740663e-01   5.3324827e-02   1.2201600e-01   1.2224632e-01  -1.5599455e-01  -1.2912056e-01   4.3726786e-01  -2.9572004e-01   5.7682618e-02   1.5988756e-01  -1.1402626e-01   2.6995837e-01   5.2194241e-02  -1.0607587e-01   2.0982873e-01  -2.2570460e-01   1.1285016e-01   7.0241457e-01  -2.9952175e-01  -3.5602187e-02  -1.4649684e-01  -2.0725075e-03   1.4586257e-01  -3.1538851e-01  -1.5587402e-01  -1.1790068e-01   2.3017181e-02   5.0506040e-01   2.8709558e-01   1.3085279e-01   1.1340152e-01   2.7665116e-01  -6.8009145e-02   9.9766443e-02  -1.5961211e-02   1.1736364e-01   5.4495548e-02   5.8379563e-01  -4.0170872e-02   2.0323748e-01   2.1974939e-01  -2.3964304e-01   2.3719973e-01   1.1853326e-01  -1.4492442e-02  -1.6273914e-01   1.0449652e-01   7.9943335e-02   9.3086556e-02  -2.7849216e-02   2.7515613e-02  -2.4577906e-01  -2.4485520e-01  -2.0663413e-02  -6.3246513e-02   1.9450489e-01   4.0621740e-02  -1.8135006e-01  -1.1832711e-01  -4.8090283e-02  -1.4938217e-02   9.9242834e-02   2.2777812e-01   6.7631379e-02   1.9443311e-01  -1.6738117e-01   9.9672066e-02   1.2157832e-01   1.2025944e-01   3.2135559e-01   1.5009679e-01   3.8089546e-02   1.1699534e-01   2.5119832e-01   1.8556348e-01   1.8835732e-01   1.5179905e-01  -6.5254953e-03   2.8182563e-01  -5.0763138e-01   4.6846524e-01  -2.4086476e-01   3.9202992e-01   7.3232051e-02   5.2778745e-02  -1.0391677e-02  -5.1215184e-02   2.9244519e-01   4.7021511e-02   4.9522757e-02   3.6380227e-01   1.3893724e-01   3.6109489e-02  -2.2138165e-01   6.7865628e-02   1.7199328e-01   2.5602141e-01  -6.2741540e-02  -3.3592175e-01   1.0844221e-01   2.7440918e-02   8.7418593e-02  -2.6198024e-01  -2.6796988e-02  -1.4227862e-01   3.0188488e-02   2.9203656e-01  -1.0558854e-01  -2.0812843e-01   2.6879179e-01   1.8238953e-01   1.4448707e-01   2.8886215e-01   3.2564193e-01   1.1383893e-01   7.3723251e-02   3.3732086e-01  -3.3252817e-01   5.2393537e-01   4.4486193e-01  -3.0863552e-01   5.5578970e-03  -4.0682095e-03   1.3786901e-01   5.6105229e-02   6.0885164e-02   9.7192890e-02   2.6587047e-01   1.8652288e-02   1.8668250e-01   1.0712963e-01  -2.2863706e-01   3.2368579e-01  -3.9742538e-02   2.7292575e-01   1.0432006e-01  -1.3192615e-01  -7.0770166e-02   1.9787831e-01   1.1112356e-01   5.9496640e-02   4.3034061e-02  -1.5036814e-01   1.7584852e-01   5.5629325e-01  -1.6950076e-01  -2.9423403e-01   1.3270433e-01
  -3.0183336e-01   5.2440651e-01   4.3635209e-03  -2.6975078e-01   2.6116123e-01  -3.0104324e-01   0.0000000e+00  -3.3354567e-01   1.0840650e-01   2.9690986e-01  -5.3761819e-01   5.8962000e-01  -1.6569627e-01  -3.2531452e-01   2.1862910e-02  -1.9201707e-01  -1.5074307e-01  -3.3147421e-01   2.2110096e-01   3.7785764e-01   8.3690474e-02  -3.9460532e-01   4.3970463e-01  -4.3128639e-01  -6.4606020e-02  -2.8420700e-01   2.1882747e-01  -8.3205333e-02   9.9800806e-02   7.8127576e-02  -2.4971039e-03  -4.5394430e-01  -1.5465828e-01   5.0950187e-01   5.8026057e-01  -1.3830985e-01   5.1606478e-01  -2.8904428e-01  -2.4669535e-01   6.9964471e-01  -1.9640595e-01   9.3778133e-02   4.6333787e-01  -3.7737442e-01   5.8806222e-01  -4.0394030e-01  -5.3533889e-01   8.3280576e-01   9.6940242e-02   6.7154260e-01  -3.2511347e-01  -3.2927772e-01   7.2529632e-01   9.8166483e-02  -2.2861948e-01  -2.5175999e-01  -2.2850450e-01  -3.8798855e-01  -4.9734995e-02   1.3286967e-01  -5.2482647e-01   1.0456313e-01   2.5364569e-01   5.8380961e-02   1.1823505e-01  -2.7923325e-02   3.0982494e-02  -7.1870537e-02  -4.9644401e-01   9.8116218e-02   7.0758681e-01  -5.2866076e-01  -5.2560200e-02  -4.5967078e-01   1.0786065e-01  -4.4493439e-01  -4.9140131e-01  -1.7202601e-01   5.7956563e-01  -2.4916553e-01   2.1915990e-01   5.5139521e-02   7.5684972e-02  -2.3867843e-01  -5.5939784e-01  -1.8030329e-01  -6.1152593e-02  -3.4374238e-01   2.9552697e-02  -4.1755060e-01   3.8594066e-01  -4.3303554e-01   3.4151305e-01   1.1682376e-01  -2.6436180e-01   3.1434807e-01  -2.0040907e-01   5.7285799e-02  -2.3871408e-01   1.8167462e-02  -2.2902612e-01  -3.4466933e-01  -4.9377422e-01  -1.5992068e-01  -5.0544271e-01  -2.6353615e-01  -2.0964754e-01  -2.7411429e-01   4.9094344e-01  -2.2385795e-01   6.8693255e-01  -1.0152615e-01  -3.7416087e-01  -4.2195756e-01  -1.0089633e-01   5.4208845e-01  -4.6615442e-01   1.0796608e-01  -6.7340526e-02  -4.3790647e-01  -5.5461411e-01   5.5234684e-01   3.6181515e-01   3.0774345e-01  -4.5720061e-01  -5.3563555e-01   2.5581317e-01  -4.0216846e-02  -1.8182429e-01   4.6052801e-01  -5.8020765e-02   3.9839194e-01  -5.1596682e-01   3.9061355e-01   1.1535918e-01  -4.5265111e-01  -1.4375574e-01   1.2364835e-01  -3.8097788e-01  -3.4035503e-01  -5.2750175e-01  -6.1598928e-02  -4.4564526e-01   2.0415211e-01  -1.3024474e-01  -4.7901921e-01   6.2002752e-01  -2.9977912e-01  -5.0229997e-01   2.6112954e-01  -4.0316827e-01   1.1030826e-02  -4.7910703e-01  -2.6761776e-01   5.9515144e-01  -5.4619457e-01  -5.5226219e-01   1.8427298e-02  -2.0704110e-01  -8.2133332e-03   9.1222695e-02  -4.3845483e-01  -1.0581819e-01  -5.0553477e-01  -2.9383878e-01   7.5352667e-01   2.7243018e-01  -2.8993422e-01  -4.6441638e-01   3.9954001e-01   5.5164168e-01  -1.5129774e-01  -2.9405806e-01  -3.0894740e-01   1.2655110e-01   2.0449996e-03  -1.8655118e-01
  -1.5717055e-01  -6.8711908e-02   1.6714749e-01   3.7126699e-01   9.9971009e-02   2.4294291e-01  -3.3354567e-01   0.0000000e+00   4.5486655e-02  -4.1159170e-01   9.7250827e-02  -1.3352955e-01  -1.1253733e-01  -2.0506842e-02  -1.9160161e-01  -5.6954351e-02   2.4398603e-01   6.6622435e-05   1.7019656e-01  -1.4844096e-01  -3.7118206e-01   6.0188254e-01  -3.0309525e-01   6.4398952e-02  -1.3568341e-02   8.7677194e-01  -1.3789234e-01  -1.6325964e-01  -8.2233244e-02   1.2027446e-01  -2.0521499e-01   3.8255643e-01   3.5658267e-01  -5.0331662e-01  -3.5591489e-01   1.3275846e-02  -1.7460435e-01  -1.0006361e-02  -3.7861381e-01  -1.3674233e-01  -7.7203526e-02   3.0809516e-01  -9.8736926e-02   1.0172579e-02  -5.3557805e-01   2.7270457e-01   3.0565120e-01  -3.1312578e-01  -2.2689144e-01  -1.9144480e-01  -3.9431636e-02   8.6887358e-01  -2.6002883e-01   9.3987009e-02  -2.2176463e-01  -2.2413838e-02   2.5407879e-01   4.8155798e-01  -1.3091788e-01  -2.8503673e-01   8.3106378e-02  -3.2474073e-01   2.4824331e-01  -1.7611789e-01  -1.2073110e-01  -2.9980414e-01   3.4632386e-01  -1.0101289e-01   6.8218066e-01  -4.4918560e-02  -3.6801327e-01   1.9608172e-01  -3.1366604e-01  -1.4853864e-01   9.7053258e-02   2.4693556e-01   1.5138502e-01   3.8499154e-01  -4.8943390e-02  -2.1546882e-01  -3.9216113e-01  -4.3142323e-01  -3.3676836e-01   6.9148116e-01   6.4737880e-03   2.2241950e-01  -2.5803487e-01  -5.1130175e-02  -1.2462543e-01   1.1856287e-01   8.9236344e-03   3.7055481e-01   8.3855421e-02  -1.2290816e-01  -3.8926096e-02   1.4352568e-01  -1.3162720e-01   3.6816464e-01  -8.3883613e-02  -1.6880980e-01  -3.5977979e-01   2.9064288e-01  -1.0603149e-02  -5.9042076e-02   4.0950828e-01   5.0813355e-01  -1.1537831e-02   8.0002193e-01  -4.5947685e-01   1.1490313e-01  -3.6590997e-01   2.7410963e-01   1.8684320e-01   3.6694045e-01  -3.3363226e-01  -1.5171046e-01   7.2529388e-01  -2.5322939e-01  -4.3781691e-01   5.2563323e-01   3.6617272e-01   2.9822077e-02  -6.6091866e-02  -1.9791539e-01   3.9936439e-01   2.5142978e-01  -4.2593407e-01  -2.2318001e-01   4.3512954e-01  -2.4386206e-01  -2.8318685e-01  -4.7002630e-01  -1.3030426e-01  -4.7915163e-01   1.4595079e-01   4.1752347e-01   2.5552142e-02  -5.1106798e-01   6.4210490e-01   2.1658179e-01   5.9024518e-02   2.2221617e-01   4.6629728e-01  -4.0461998e-01  -1.6187094e-01   5.5493848e-02  -4.3223620e-01   1.0906342e-01   1.8922195e-01  -3.3421190e-01   1.2539104e-02  -3.1445877e-01   2.5324451e-01  -1.7380553e-01  -8.5718855e-02   1.3930926e-01   2.3046574e-01  -9.4878116e-02   2.3109839e-01  -6.6374342e-02  -1.9157465e-01   4.3606035e-01  -2.0719918e-01   3.0379264e-01   4.8498860e-01  -2.9976961e-01  -3.1024263e-01   2.3914368e-01   1.3914578e-01   4.1159812e-02  -1.5236920e-01   1.2058615e-01  -1.2361502e-01  -9.5752574e-02  -1.6246714e-01  -4.3116469e-02   5.4536206e-01
  -3.0956160e-01   3.0111512e-01   3.7277458e-01   2.5828609e-01   2.4399635e-01   2.1549967e-02   1.0840650e-01   4.5486655e-02   0.0000000e+00  -2.8936700e-01  -2.3785805e-01   4.5863992e-01  -9.9513315e-03  -1.7298821e-01  -7.1853628e-02   3.6115676e-02   3.5283904e-01  -1.3235528e-01   2.5563398e-01   2.9938144e-01  -2.5240591e-01   2.4903555e-01  -2.1537263e-01  -1.0203276e-01   2.2062531e-01   8.3738478e-02   8.5854375e-02  -2.6159764e-01   1.2694444e-01   6.4752218e-01  -3.7695098e-03   1.3757367e-02   1.7148010e-01  -2.0576501e-01   2.2187526e-01   1.0964163e-01  -9.5483369e-02  -5.4812204e-02  -1.6841397e-01   4.4185718e-02  -7.7571065e-02   2.0166628e-01   6.1799161e-01  -2.2929369e-01   5.2365941e-02  -9.4917154e-02  -1.8621404e-02   1.3818806e-01  -5.2836676e-02   1.7497249e-02  -8.3213633e-02   1.2052435e-01   4.9128831e-02   1.2328387e-01  -2.5052597e-01  -1.8982475e-01   3.2029793e-01   3.7059491e-01  -3.3790942e-01   4.9315593e-01   1.2439571e-01   3.1335428e-02   6.0054470e-01   8.1473485e-03   3.1643181e-03  -2.8415507e-01   1.4738614e-01   7.4381080e-02   1.7496636e-02   1.8679132e-01   9.9995823e-02   1.2823412e-01  -3.2138678e-01   4.3244832e-02  -1.4376217e-02   4.6714979e-02   9.0339705e-02   1.0295321e-01   2.8220144e-01  -1.6496716e-01  -1.6458597e-01  -2.3796184e-01  -2.0520001e-01  -5.9483490e-02  -6.7037978e-02   4.5504385e-02   1.3756114e-01   1.8319981e-02   9.0940261e-02  -1.3229709e-01   2.7571824e-01   2.5334898e-01   2.1816253e-01   6.6981232e-01  -1.7630910e-01   2.5192683e-01   2.6157712e-02   2.6296440e-01   3.8780397e-02  -4.3521237e-01  -2.6911264e-01   7.7704010e-03  -2.2822320e-01   6.0014928e-01   1.4381132e-01   1.5850108e-01   1.1316381e-01   1.2583175e-01  -2.0842623e-01  -9.5056252e-02   3.4899317e-02   1.9448231e-01   2.5899050e-01  -1.8310645e-01  -2.7590122e-01   2.6178900e-01   2.1908242e-01  -8.2726232e-02  -3.8037613e-01   2.5727090e-02   2.0817293e-01   2.2617090e-01   3.7711953e-01   3.6369575e-02   2.2106802e-01   2.9717239e-01  -4.5948133e-02   1.0958082e-02   6.3455114e-01   1.6207100e-01  -1.2092779e-02  -2.2070385e-01  -1.4340130e-01   1.4905301e-01   7.2065400e-01   1.4833871e-02   4.7887357e-02  -1.2006219e-01  -2.2801646e-02   3.1502793e-02   8.4402556e-02   3.8195145e-01  -1.5884607e-01  -1.4116936e-01  -1.4287467e-01  -8.4519662e-02  -6.2548218e-02  -1.2786794e-01  -3.1653172e-01  -1.6681879e-01  -1.4127713e-01  -2.8946189e-01   1.4718667e-01  -1.9955115e-01   3.4195264e-01  -6.9195242e-02   1.7868743e-01  -3.2749889e-01   4.4819396e-01  -1.7194664e-01   3.0786248e-01  -1.0851563e-01  -2.1870533e-01  -8.7378004e-02   2.0010533e-01   3.1150494e-01  -4.3528544e-02   1.9393187e-02   1.3129625e-01   2.6604817e-01   2.2301026e-01  -2.7340146e-01   1.4003835e-01   7.3047722e-02   9.3910844e-02   2.5554334e-01   4.0265361e-01
   1.8101340e-01  -3.4015313e-01  -2.4249121e-01  -4.0568495e-01  -2.1747540e-01  -8.8768614e-02   2.9690986e-01  -4.1159170e-01  -2.8936700e-01   0.0000000e+00   1.1243737e-01  -1.2360600e-01   1.7785344e-01   6.6339853e-02   3.7111111e-01   2.2083074e-02  -4.6763709e-01   2.4413803e-01  -7.3446030e-02  -5.4075381e-02   4.6109055e-01  -4.8138388e-01   5.7311882e-01   2.2903696e-02  -3.2069041e-01  -4.1153134e-01   1.7693217e-02   4.4547413e-01  -2.1059174e-01  -3.1243405e-01   2.2948016e-01  -2.8680337e-01  -8.5625229e-02   5.7623197e-01   2.1382109e-01  -7.1505997e-02   2.2183497e-01  -6.0486964e-02   1.2048616e-01   1.4403283e-01   1.0056585e-01  -8.7546610e-02  -3.6360162e-01   2.2293139e-01   2.8807069e-01  -1.0279353e-01  -2.5247366e-01   2.9774136e-02  -4.2836612e-02   7.3769717e-02   2.9657772e-01  -4.1001777e-01   1.7481565e-01  -3.4505354e-01   1.3537434e-01   3.3398327e-01  -2.3135273e-01  -3.0360433e-01   1.8243815e-01   6.2027360e-02  -4.0139900e-01   6.7552006e-02  -3.4930231e-01   2.1913000e-01   4.1293259e-02   4.9577741e-01  -4.1026198e-01  -2.9345189e-01  -5.0960495e-01   2.3683700e-01   1.6917102e-01  -2.6542377e-01   2.2763789e-01   4.7050780e-02  -7.1360933e-02  -1.3440308e-01  -2.6456695e-01  -1.5835134e-01  -2.2289420e-01  -1.3190452e-01   5.6913253e-01   2.3619339e-01   1.1487324e-01  -1.4687273e-01   6.1034634e-02  -1.6479372e-01  -8.8083281e-02  -9.6485456e-02  -6.0853374e-02  -1.2196294e-02  -2.6985415e-01  -5.1257538e-01  -1.0718768e-01  -1.5940561e-01  -4.6620327e-02  -1.6629005e-01  -1.8288313e-01  -2.1995624e-01  -1.5873244e-01   4.0583173e-01   4.3757998e-01  -1.5799730e-02   1.8086389e-01  -1.0400781e-01  -1.6704008e-01  -3.1831675e-01  -3.1632625e-01  -4.3222427e-01   5.5560889e-01   1.4758970e-01   4.2484171e-01  -2.8516971e-01  -3.0900477e-01  -1.5672892e-01   5.3634336e-01  -1.2268388e-01  -3.7535473e-01   2.3275477e-01   5.6385385e-01  -1.5162277e-01  -1.2783927e-01  -1.9543446e-01  -2.8438594e-01  -4.9485324e-02  -2.3009779e-01  -1.5956170e-01   1.8315343e-01  -5.7755443e-02  -3.7364041e-01   2.3250837e-01   1.3329246e-01   4.2912179e-01   2.6035889e-02   4.2321302e-01  -2.4786811e-01  -1.7861632e-01  -2.8014574e-01   5.3575397e-01  -2.2969972e-01  -2.1422540e-03   3.6350071e-02  -2.3925783e-01  -5.8058737e-02   6.1067583e-01   2.9917511e-01  -2.3546436e-02   5.2061708e-01   1.2079914e-01   1.8368224e-01   4.0252291e-01   1.4166974e-01   4.8047186e-01  -2.7130305e-01   2.0129144e-01   4.1326348e-02  -1.0730612e-01  -2.2051550e-01   1.6492418e-01  -5.0097687e-01   3.2737509e-01  -2.8620867e-01  -2.9326561e-01   4.1874099e-01  -1.0696331e-01  -3.6174407e-01   3.8549963e-02   2.6523086e-01   1.4050514e-02  -1.7527273e-01  -3.5715726e-01  -1.6946855e-01   1.8582411e-01   2.5434294e-02   1.3673042e-01  -1.7396595e-01  -3.2725797e-01  -4.3529587e-01
   2.1247130e-01  -6.0302320e-01  -4.5689750e-02   1.1341713e-01  -3.9950786e-01   2.5562318e-01  -5.3761819e-01   9.7250827e-02  -2.3785805e-01   1.1243737e-01   0.0000000e+00  -4.5580878e-01   3.5158241e-01   3.4726343e-01   3.7764201e-01   4.2103548e-01  -2.2564312e-01   6.4299354e-01  -2.6087143e-01  -3.5076393e-01   2.3165784e-01   7.4649737e-02   2.0629747e-03   4.4921611e-01  -4.1489881e-03   5.1393952e-02  -1.1655864e-01   3.9702649e-01  -1.8423692e-01  -4.7225900e-02   2.9879761e-01   2.3956457e-01   1.8905781e-01   3.2049141e-02  -2.7683794e-01   1.8403630e-01  -4.2373669e-01   2.5666858e-01   2.1446952e-01  -6.0650745e-01   4.0707422e-01   2.7504337e-01  -5.3023764e-01   6.0901523e-01  -2.7598457e-01   1.1592795e-01   4.8460767e-01  -5.3426886e-01  -1.0216897e-01  -3.9478839e-01   6.3148390e-01   1.2509838e-01  -5.0900887e-01  -1.6726842e-01   2.5256546e-01   6.2047961e-01   3.8519924e-01   1.7719241e-01   4.4287547e-01   1.0668436e-01   3.9290066e-01  -1.5827465e-01  -3.1611549e-01   3.3876922e-01  -1.9609372e-01   2.4583610e-01  -3.5221309e-01  -1.5355888e-01   2.2468424e-01   1.3324463e-01  -5.9545577e-01   2.8213540e-01   1.9937402e-01   4.3830452e-01  -4.1443139e-02   2.7804012e-01   4.8821133e-01   2.0042190e-01  -5.7415041e-01   1.0431359e-01   2.5254286e-01   1.0596498e-02   1.2972778e-02  -4.8673396e-02   5.0247998e-01   3.5465512e-02   1.0089329e-01   3.7580166e-01  -1.4386779e-01   3.0742687e-01  -4.2829856e-01   2.3166738e-01  -3.3330345e-01  -1.3477803e-01   2.0953394e-01  -4.4549816e-01   1.9084398e-02  -2.7238285e-01   1.2229245e-01   1.5998749e-01   4.2146948e-01   6.0312824e-01   6.9065390e-01   2.1332011e-01   4.0686826e-01   1.4165444e-01   5.3111050e-02  -3.5247247e-02  -1.5016026e-01   3.2957325e-01  -3.0902838e-01   8.5573446e-02   1.8137786e-01   2.3544165e-01   4.5414581e-01  -4.5552013e-01   1.8751097e-01   2.1429570e-01   3.4700004e-01   2.9223781e-01   4.0702975e-01  -5.3183634e-01  -4.2371454e-01  -9.6646529e-02   1.6797752e-01   3.3478797e-01   1.6106691e-01  -6.8231971e-02  -3.4105818e-02  -2.1949798e-01   2.0127388e-02  -2.9441013e-02   4.0963580e-01  -2.7827714e-02  -7.1424624e-02   2.9520809e-01  -6.3135069e-03   2.5688152e-01   3.7734253e-01   1.8747589e-01   3.8733343e-01  -1.4133204e-01   5.4390200e-01   1.2495449e-01   5.1726377e-01   4.5997543e-01  -2.7667854e-01   4.3176619e-01   6.4388201e-01  -2.1405675e-01   4.5698498e-01   2.7599909e-01   5.2650115e-01   6.5480739e-01  -5.2278766e-01   3.8314889e-01   4.8131287e-01   4.4500946e-01   7.9546826e-02   4.9224070e-01  -4.1117092e-01   5.0981987e-01   2.1499071e-01   6.0147983e-01  -2.0640691e-02  -5.1639408e-01   2.0811281e-01   1.5989189e-01   5.3092024e-01  -5.2592666e-01  -4.2313964e-01   1.1460979e-01   4.8498586e-01   4.6892372e-01   3.9232569e-02  -1.6994616e-01   4.0208249e-02
  -2.9183195e-01   6.8455014e-01   5.6411736e-01  -6.2411365e-02   3.6233910e-01  -6.8595646e-02   5.8962000e-01  -1.3352955e-01   4.5863992e-01  -1.2360600e-01  -4.5580878e-01   0.0000000e+00  -1.9790280e-01  -2.3598765e-01  -1.9047166e-01  -1.6181284e-01   4.4578377e-01  -4.3488314e-01   1.9449267e-01   4.6968285e-01  -3.7640016e-01  -1.3135307e-02  -5.2416428e-02  -4.0440605e-01   1.8339804e-01  -5.5465073e-02   2.6915909e-02  -4.7802776e-01   3.6340303e-01   3.2456570e-01  -3.4320923e-01  -1.7345226e-01  -1.8512059e-01   6.9320868e-02   3.9023577e-01  -3.5884621e-02   8.3644419e-02  -3.4511512e-01  -2.6065406e-01   4.5242084e-01  -2.6015990e-01   3.4349259e-02   7.7871494e-01  -4.3668337e-01   3.3003679e-01  -2.5539916e-01  -2.7601933e-01   4.3416973e-01  -1.0900441e-01   4.8877341e-01  -4.0464729e-01  -8.9170481e-02   2.1080709e-01   2.7009289e-01  -3.2982857e-01  -4.6728014e-01  -1.0629536e-02  -6.3601644e-02  -3.0394023e-01   5.1589466e-01  -1.0255125e-01   7.3025599e-02   5.4806133e-01  -2.8479077e-01  -1.0111119e-01  -1.7183820e-01   2.8214914e-01   8.9870407e-02  -1.8515631e-01   1.7676783e-01   4.1731511e-01  -1.7389366e-01  -2.6060993e-01  -1.8907074e-01   2.1823572e-01  -2.3218878e-01  -1.9006107e-01  -9.6971152e-02   5.9850954e-01  -1.7012150e-01  -2.7989857e-01  -1.7389658e-01  -1.1898098e-01  -1.4897009e-01  -2.8658038e-01  -9.7602931e-02   3.1063598e-03  -2.3765106e-01   1.8033422e-01  -4.5209938e-01   4.4087533e-01   1.4560082e-01   6.2954064e-01   4.4569085e-01  -2.7277873e-01   5.0523393e-01   2.8674523e-02   1.7666998e-01  -9.8368527e-02  -3.5579786e-01  -4.1702680e-01  -2.7097398e-01  -5.2277356e-01   2.8994027e-01  -3.1547699e-01   9.9030414e-03   6.3673422e-02  -4.5223096e-02   2.2316266e-02  -1.7375865e-01   4.4438307e-01   2.0522523e-01  -4.5667706e-03  -2.4060777e-01  -4.2980913e-01   4.0223612e-01  -1.4952228e-01  -5.4351220e-02  -3.1128141e-01  -2.0911028e-01  -2.2563895e-01   6.3770585e-01   5.9539810e-01   4.6576759e-02  -1.5125569e-01  -1.1284893e-01   8.8549515e-02   7.7993734e-02   1.7141027e-01   4.3104925e-01  -7.4763165e-02  -1.6535233e-01  -2.2671612e-01  -7.0615650e-02   3.8309014e-01  -3.0176682e-01   1.3327631e-01  -3.2027536e-01  -2.8649205e-01  -4.4671672e-02  -2.9565998e-01   1.1695262e-02  -3.7593126e-01   5.3572422e-02  -2.1226652e-01  -3.9748249e-01   2.4347883e-01  -2.5432889e-01  -4.4710343e-01  -1.4319305e-01  -4.1699309e-01  -3.4699505e-01  -1.9385477e-01  -3.8654600e-01   8.2858655e-01  -4.0424872e-01  -8.4443275e-02  -2.1716795e-01   3.1369673e-01  -2.6782858e-01   3.1936957e-01  -3.4438819e-01  -4.1735955e-01  -2.9119603e-01   5.3568108e-02   6.6366720e-01   6.7385689e-02  -1.0237416e-01  -2.3255173e-01   5.3575626e-01   5.2536151e-01  -2.8504882e-01  -2.3461001e-01  -6.9626396e-02   3.0120545e-01   2.7162903e-01   6.5728832e-02
  -4.0407907e-02  -2.4119003e-01  -7.2515930e-02  -6.2187183e-02   3.6953401e-02   2.1633793e-01  -1.6569627e-01  -1.1253733e-01  -9.9513315e-03   1.7785344e-01   3.5158241e-01  -1.9790280e-01   0.0000000e+00   1.9965205e-01   1.1745244e-01   4.8245356e-01  -2.7834358e-01   2.4611011e-01   6.9577839e-03   1.1139329e-01   1.5857564e-02  -2.3761923e-01  -6.5665150e-02  -1.1130447e-02   6.9507910e-02  -1.3510352e-01   1.3008435e-01   6.5409736e-02   4.2622116e-02  -4.2696731e-02   2.2849098e-01  -1.6837507e-01   2.3400767e-01   1.0880367e-01  -5.1557585e-02   3.3797667e-01  -1.3100170e-01   9.5159879e-02   5.1718212e-01  -2.1164196e-01   7.9376653e-01   1.8562566e-01  -1.6464841e-01   3.6679666e-01  -2.0721006e-02  -3.8629578e-01   3.4445241e-01  -1.2743103e-01   1.5203251e-02  -3.7167111e-02   2.3944385e-01  -1.5506176e-01   5.0408188e-02  -3.2478561e-02   6.1378459e-02   2.8388381e-01   2.1676052e-01  -1.3448335e-02   5.0234221e-01   1.8113703e-01   1.3330814e-01   1.4572927e-01  -8.6246254e-02   2.5921700e-01   1.3053968e-02   3.1422337e-01  -1.9275557e-01  -6.0131437e-02  -1.0766801e-01  -1.5372651e-01  -2.6700849e-01  -8.6456187e-03   5.3631746e-01   1.3301634e-01   8.8704440e-02  -3.5849490e-03   9.4059764e-03  -2.0574766e-02  -8.9223446e-03   3.8911453e-01   9.5427217e-02   3.9802965e-01   7.5656053e-02  -1.6273752e-01   1.4810422e-01  -4.9792089e-02  -1.3225075e-01   3.3507558e-02   1.6834547e-01   7.6886510e-02   4.1596499e-02  -3.4166725e-02  -6.0626574e-02   1.1759139e-01  -1.2095559e-01  -1.9197260e-01   1.0747991e-01  -4.1562576e-02   2.1637111e-01   9.7975311e-02   6.2660384e-02   1.5449025e-01   3.1625546e-01  -8.1677680e-02   7.6403025e-02  -1.4953850e-01  -1.3599042e-01  -1.5995108e-01  -2.2138038e-02   1.4172894e-01  -4.8549563e-02   2.1102856e-01  -2.2045250e-01  -9.7135969e-02   1.2679499e-01   8.9818625e-02   3.3049046e-02   7.8426530e-01   8.3116970e-02   1.3638409e-02   9.7064575e-02  -4.4755972e-02  -9.7072199e-02   9.2789319e-02  -6.5698743e-02   6.6238173e-03   1.8624753e-01  -2.8483425e-02  -5.4274740e-02  -3.8117167e-01   5.5753525e-01   1.3166732e-01  -8.0314793e-03   1.2221711e-01  -7.4380226e-02   1.4222806e-01   2.3217352e-01   1.7415733e-01   1.3121416e-01  -1.9033855e-02   1.2200143e-01   2.4956549e-01   1.5091312e-01  -3.4335199e-02   1.7855052e-01   1.3440437e-01  -2.0690272e-01   4.9810501e-01   2.2732531e-01  -1.9302168e-01   1.2519707e-02   1.7026551e-01   1.3846010e-01   2.3043104e-01  -1.9235071e-01   5.4069291e-02   1.5571762e-01   4.2491565e-01  -1.1751193e-02   3.5018934e-01  -5.7065694e-02   6.9250536e-02   1.3058347e-01   3.6775082e-02  -2.3273176e-01  -2.9771795e-02   4.0856900e-01   1.3090114e-02   7.6496456e-02  -1.5687667e-01   1.3104539e-01  -1.0780871e-01   1.8815664e-01   2.0694512e-01   1.6722503e-01  -8.5412298e-02  -1.2859205e-01
   6.6573410e-01  -4.4655630e-01   4.0689727e-02  -1.8976986e-01  -3.7325986e-01  -1.4914532e-01  -3.2531452e-01  -2.0506842e-02  -1.7298821e-01   6.6339853e-02   3.4726343e-01  -2.3598765e-01   1.9965205e-01   0.0000000e+00   2.1253975e-01   2.3599222e-01  -3.2156799e-02   1.4219071e-01  -1.5284650e-01  -3.7752679e-01   4.4703508e-02  -9.7808845e-02  -1.5656339e-01   4.5228368e-01   1.2779590e-01   4.1874488e-02  -2.4538934e-01   3.5548819e-01   6.3488066e-02  -1.0982229e-01   1.0014178e-01  -1.2240964e-01  -1.1538258e-01  -1.0851456e-01  -1.3882009e-01  -2.2441212e-01  -5.8314703e-01   3.3418736e-01   2.6822631e-02  -3.1423593e-01   7.3208308e-02  -6.3846882e-02  -2.4979215e-01   2.6928833e-01  -2.8401488e-02   3.0452229e-01  -1.9527729e-02  -3.9745633e-01  -4.0033683e-01  -2.8832205e-01   2.4628987e-01   1.9490158e-01  -3.9205318e-01   4.4201169e-02   4.6564161e-01   3.6757271e-01  -8.3189831e-02  -3.0902065e-01  -1.0319025e-01   7.1269281e-02   1.5614679e-01   1.6651111e-01  -1.8572605e-01   3.1934933e-01  -1.5550071e-04   3.6499162e-02  -3.5843531e-01  -4.5806508e-02  -1.1845091e-02   1.3720750e-01  -4.4052206e-01   9.2406902e-02   2.0421806e-01   5.2740179e-01   8.7527384e-02   7.4941281e-03   3.6803788e-01   2.5984319e-02  -4.2438490e-01   1.5029498e-02   3.3545390e-01   6.2953591e-02  -3.4240461e-03   1.5397135e-01   6.6765212e-01  -1.8587355e-01   3.3859121e-01   4.1406923e-01   4.9094799e-03   4.6372471e-01  -4.7514068e-01   2.8225741e-01  -2.7950315e-01  -1.7068113e-01   4.2961717e-01  -3.5208676e-01  -6.6996516e-02  -9.4747795e-02   8.1609793e-03  -1.5285418e-01   4.0048703e-01   3.2326122e-01   4.5296135e-01   1.8552222e-01  -9.2500870e-03  -1.5884576e-01  -5.0338983e-02  -1.4376949e-01  -4.8950401e-02  -1.1908730e-01  -1.7442301e-01  -2.8052497e-01   5.2282400e-02   6.1253509e-01   3.1254254e-01  -3.3354218e-01  -3.6896234e-02   8.4490144e-02   3.5739927e-01  -2.1416439e-01   3.4231412e-01  -4.3885017e-01  -2.9808419e-01  -2.5820170e-01   4.4844693e-01   1.9853308e-01  -1.1413715e-01  -1.2629346e-01  -2.1094594e-02  -1.8720628e-01  -1.8178535e-01  -9.8533065e-02   5.8435949e-01  -1.9478034e-02  -2.3766363e-01   1.9256559e-01   6.9190726e-02   2.8299322e-01   5.1952990e-02   5.8035592e-01   5.0901241e-01  -2.1709975e-01   2.2587030e-02   1.4833574e-01   1.6923334e-01   1.0402150e-01  -8.0681144e-02  -1.0129477e-01   2.4051605e-01  -6.3917302e-02   5.5224500e-01   3.0647384e-01   3.8142326e-01   3.6509373e-01  -2.9011247e-01   4.1706891e-01   4.7053726e-01  -1.4819582e-01   1.7346078e-02   1.8518905e-01  -4.4397006e-02  -4.3410716e-02   2.7615269e-01   1.3073012e-01  -1.6046228e-01  -3.1894190e-01   1.8292687e-01  -3.6390320e-02   3.3583804e-01  -4.7543194e-01  -2.2884514e-01   1.1172649e-01   1.4959883e-01   2.1719707e-01  -1.3850730e-01  -1.8723702e-01  -1.8953858e-01
