   0.0000000e+00  -2.9685960e-01  -3.7285657e-02  -8.8400441e-02  -5.2630229e-01  -7.7986051e-02   6.1623381e-02   1.0375035e-01  -3.2294018e-01  -3.5914527e-01  -2.5898838e-01   1.4238218e-01  -1.2316810e-01   4.9050765e-01   1.8536591e-01  -8.1121218e-02  -2.4628119e-01   3.7822110e-02  -1.3583482e-01  -4.5360357e-01  -8.7241173e-02  -2.5569237e-01  -8.9698279e-03   5.6106874e-01   1.4620043e-01  -9.2766295e-02  -2.3890196e-01   1.1270398e-01  -2.1854669e-01   2.2924293e-02  -1.3296502e-01   3.4243628e-02   1.3841143e-01  -1.4543926e-01   2.3531613e-01  -3.3982927e-01  -4.8803512e-02   4.9960812e-01  -4.9701269e-02  -2.5998095e-01  -3.4179110e-02   1.0412838e-01  -2.6125835e-01   2.3321281e-01  -1.2597894e-02   4.7096682e-01  -3.2659538e-01   1.4494343e-01  -2.1527794e-01  -2.6204443e-01   7.5649893e-02   2.0192737e-02  -3.7158243e-01   2.2194425e-01   5.8908338e-01   1.9391980e-01   2.6736965e-01  -3.5816088e-01  -9.7100787e-03   7.8025896e-02   4.0347882e-01  -2.3038137e-01  -3.5226132e-01  -1.8521229e-01  -7.8022785e-03  -3.8020014e-01  -1.0208814e-01  -3.3048457e-01  -3.7728726e-01   2.2220774e-01  -2.5562832e-01  -1.9965689e-01   1.3420705e-02   6.0941251e-01   1.3256579e-01   1.6812661e-02   4.9170144e-01  -1.2818044e-01  -3.6874855e-01  -2.9291727e-03   1.2425198e-01  -9.3651945e-02  -1.4563662e-01  -5.2955679e-02   6.2079267e-01   3.7356637e-02   9.2922732e-02   5.4977004e-01  -1.6986517e-01   7.7926505e-01  -5.3250374e-01   3.0551315e-01  -2.3734375e-01  -1.0753928e-01   5.1272453e-01  -3.4672276e-01  -2.2295296e-01  -2.6263599e-01  -2.0747821e-01  -1.0383833e-01   4.5055012e-01   1.2196967e-01   7.4680821e-02  -1.9083712e-01  -9.7562110e-02  -3.7980541e-02   3.4820687e-01  -4.7201464e-01   5.4731149e-02  -3.0819512e-01   2.3130713e-02   8.1152090e-02  -1.5108680e-01   7.5004553e-01   4.4711847e-01  -4.2785651e-01  -2.6166730e-01  -7.7127763e-02   2.3893054e-01  -3.3242382e-02   4.1819980e-01  -4.6463498e-01  -1.5287549e-01  -4.0316672e-01   5.8400623e-01   4.4701537e-01   9.8074184e-02  -1.0376459e-01  -2.6547560e-01   1.2626519e-01  -6.5961482e-02  -1.6017256e-01   3.3105045e-01  -4.8684291e-01  -2.7781616e-01   1.6802989e-01   9.3837768e-02   2.7834742e-01  -1.7169993e-01   5.0055054e-01   7.1556878e-01   8.5232062e-02  -3.5521487e-01   3.4408266e-01   1.0221856e-01  -1.5263776e-01   1.4689234e-01  -4.9348898e-01  -2.5382713e-01  -6.7651834e-02   6.3464942e-01   1.4834818e-01   3.2129546e-01  -9.0208909e-02  -1.9468426e-01   5.6944462e-01   4.5614889e-01  -2.6864952e-01   3.1169870e-01  -3.2141795e-02  -3.0235575e-01  -3.6321278e-01  -4.9984985e-01  -1.0189081e-01  -1.2066474e-01  -2.2254242e-01  -2.3783991e-01   1.8765748e-02   3.8698800e-01  -4.0529013e-01  -3.4208821e-01   3.5386822e-01  -3.3467216e-01  -6.8428727e-02  -6.0045958e-02  -1.4463512e-01  -1.9846977e-01
  -2.9685960e-01   0.0000000e+00   1.6024304e-01  -1.9185331e-01   4.7004577e-01  -4.0770914e-01  -6.9223144e-01  -3.2704667e-01   5.5162229e-01  -2.9834413e-02  -2.4401321e-01   3.0924534e-02   6.6672541e-02  -3.0565292e-01  -5.1996723e-01  -9.6644992e-02   3.0394843e-01  -5.2660934e-01  -1.8291035e-01  -7.6077203e-02  -5.6577732e-01   8.5255140e-02  -6.2784223e-01  -3.6546204e-02  -3.7528057e-01  -2.1704768e-01  -7.9394148e-02  -4.2985054e-01  -1.0574270e-01   4.4844847e-02  -1.3626797e-01  -3.1956499e-01  -1.5370505e-01   4.8423054e-01   2.8650009e-01  -2.4485395e-01  -1.7528259e-01  -5.3717638e-02   9.7748940e-03   2.1889897e-01  -5.5205442e-02  -1.7296931e-01   2.5260142e-01  -5.3220623e-01  -2.9965381e-01  -2.4926007e-01  -1.9494050e-01  -4.8830994e-01   1.3282705e-02   3.4466686e-01  -5.8983936e-01  -9.5633388e-02   8.5835510e-01  -1.4299090e-01  -5.2771718e-01  -5.2534755e-01  -6.1237481e-01   3.7443971e-02  -3.0026902e-01   2.6824741e-01  -1.9551860e-01  -8.3359907e-02   5.4554140e-01   3.5025040e-02  -5.6117137e-01   1.1287532e-01  -4.2011073e-01   2.2109661e-01  -2.7540586e-01   4.0890099e-02   3.0128774e-01  -2.5502626e-01   1.6870613e-01  -3.3802161e-01   1.3540978e-01  -1.7604850e-01  -3.7676670e-01  -1.0476217e-01   4.5693607e-01   1.5508024e-02  -5.5983569e-01   8.7123478e-02   1.3226760e-02  -1.6754766e-01  -3.7852052e-01  -4.2808889e-01  -1.7348460e-01  -5.8499391e-01   5.2998433e-01  -2.3712949e-01   7.1271904e-01  -2.3800774e-01   1.9157244e-01   4.1221491e-01  -1.8726565e-01   9.9418866e-03  -1.4381305e-01  -5.8046198e-02   8.7005874e-02  -5.3845246e-01  -6.8640767e-01  -1.4726097e-01  -1.1503376e-01   3.7518202e-01  -1.5029891e-01  -2.8253856e-01  -1.5371167e-01  -1.4122627e-01  -4.4155948e-01   8.7672992e-04  -5.8620093e-01   4.2693423e-02  -7.8132631e-02  -4.0043795e-01  -5.8969405e-01   7.0285730e-01  -1.0927184e-01   2.2991093e-01  -3.0150883e-01  -1.9544212e-01  -2.4299865e-01   7.0050817e-01   3.9281197e-01   1.9530048e-01  -1.0417805e-01  -1.9602440e-02  -5.4001734e-01   1.0920789e-01   9.9021232e-02   4.5217410e-02  -8.1202231e-03  -3.2054315e-01   4.7983244e-01   3.5312257e-01   1.1492441e-01  -5.1615985e-01  -2.5573484e-01  -6.7736820e-01  -1.5557247e-01  -2.7482064e-01  -3.2461106e-01  -2.0933603e-02  -1.5071013e-02   1.1202016e-01  -6.0846071e-03   2.4930195e-01  -5.1654895e-01   6.1409564e-01  -2.7199461e-01  -6.0079399e-01  -5.1205169e-01  -4.4538587e-01  -2.2111222e-01  -3.4779567e-03   5.3249504e-01  -6.3719931e-02  -3.3247518e-01  -1.9362347e-01  -2.0598112e-01  -6.9214901e-02   2.0743859e-01  -6.1745028e-02   4.8517554e-02  -1.3382729e-01  -2.9170755e-01   5.3623655e-01  -1.8992260e-01  -1.1246784e-02  -2.6752303e-01   2.8075582e-01   6.0437749e-01  -1.1740743e-01   1.7459004e-01  -2.8334698e-02   1.4239355e-01   8.0225442e-02  -2.1114271e-01
  -3.7285657e-02   1.6024304e-01   0.0000000e+00  -4.1174609e-02   2.4248150e-01   5.2209755e-01  -2.6040900e-01  -1.0174243e-01   2.5823145e-02   3.4312333e-01   1.7167505e-01   3.5531050e-01  -1.1655475e-01  -4.2610635e-01  -8.2323404e-02  -2.9655881e-01   8.4523902e-01   2.3187859e-02  -1.6642457e-01   2.6068508e-01  -1.4331238e-02   1.1770185e-01  -1.5865005e-01  -2.7071100e-01  -1.0149972e-01  -3.2301189e-01   4.9842486e-01  -3.5102974e-01   3.7821112e-02   1.0015210e-01  -1.9901245e-01  -1.2559355e-02  -2.5122704e-01   2.5531385e-01   7.4139617e-02   2.0679026e-01  -3.2998937e-01  -3.3925387e-01  -3.5112804e-01   4.7784387e-01  -1.9224553e-01  -2.5915647e-01   2.3178335e-01  -1.8124234e-01  -1.1654357e-01   1.9249469e-01   2.1484595e-01  -2.2619399e-01   3.5728523e-02   4.2966022e-01   5.8753596e-02  -2.8817812e-01   1.0052137e-02  -5.7252867e-02  -1.8860697e-01  -9.6274028e-02   6.7538225e-02   1.0481983e-01  -6.1532934e-02   2.1144855e-01   2.9888025e-01   2.9703199e-01   1.3478022e-01   2.8935669e-02  -4.1081377e-01   4.0608271e-01   4.0323961e-01   9.9283000e-02  -4.3207893e-02   7.6840060e-01   4.1360823e-01   2.3062570e-01  -1.4849016e-01   1.3939381e-01  -3.9206019e-01  -4.6502174e-01   8.1719095e-02  -2.6779192e-01  -7.9511726e-02  -1.1141556e-01  -3.5426311e-01  -1.2348629e-01  -2.6770435e-02  -5.2780550e-01  -7.6877763e-02  -2.6406100e-01  -1.5153202e-01  -3.1417005e-01   1.2997561e-01  -2.1737702e-02   1.6122375e-02   4.2622457e-01  -9.1755631e-02   1.0845983e-01  -1.4595323e-01   4.1729631e-01   2.1162653e-02  -1.2540257e-01   5.6436644e-02  -1.5147459e-01  -2.2109668e-01  -8.2964342e-03  -3.7641488e-01   4.1801756e-02   2.1652864e-01  -7.6920179e-02  -2.7020691e-02  -8.0609734e-02  -2.9757487e-01   4.1246683e-01   9.5108251e-03   5.8397209e-02   2.6302051e-01  -2.2416765e-01   4.1207909e-02  -7.6283163e-02  -2.2477263e-01  -1.3319195e-01   4.7896594e-01   1.1497514e-02   2.0031675e-01   2.0852711e-01   3.1158803e-01  -2.4739687e-01   4.3912245e-02  -1.8905976e-01  -2.0459565e-01  -2.5973842e-01   1.2793329e-01   6.5275951e-01  -2.7100545e-01   1.1601198e-01   3.9689777e-02   1.0979049e-01   2.5210077e-01  -2.4877472e-01  -3.5371993e-01  -2.2204370e-01  -2.3698252e-01  -9.3040733e-02  -1.2405491e-02  -1.2130584e-01   2.5767764e-02   4.9028054e-01   2.3571320e-02  -1.2225074e-01   1.2374379e-01   2.5029669e-01   2.8019062e-01  -3.2113827e-01  -4.5530425e-02  -4.3888092e-01   2.6889699e-01  -1.1401973e-01   6.7822944e-01  -1.5213501e-01   1.0393567e-01  -1.9067456e-02   3.0466853e-01  -3.7169940e-01   4.5266342e-01   4.7057955e-02   2.3584416e-01   1.9951731e-01  -6.0550296e-02   2.3915333e-01  -1.2893177e-01  -2.1163661e-01   2.6545555e-01  -3.1783037e-01  -1.0440114e-01  -1.6303771e-01  -3.2939680e-02   4.7729571e-01  -2.9145696e-01  -1.3242233e-01   2.2993064e-02
  -8.8400441e-02  -1.9185331e-01  -4.1174609e-02   0.0000000e+00  -3.5643853e-02   1.8462505e-01   1.6826231e-01   2.6097207e-01   2.3927281e-01  -1.7257486e-01   4.0925029e-01  -1.5806993e-01  -8.6576812e-02  -5.1550907e-02  -1.4980347e-01   2.6669659e-01  -6.0542220e-02   2.4751971e-01   1.5912862e-01   1.7645935e-01   2.8727628e-01   6.0273817e-01   2.0066420e-02  -1.9258768e-01   2.8967022e-01  -5.9445789e-03  -2.2059757e-03   5.1429288e-02   2.7083978e-02   1.6948966e-01   1.2400464e-02   5.3799204e-01   1.4376060e-01  -2.8958434e-01  -2.9226484e-01   3.3313273e-01  -2.8866230e-01  -1.2461805e-01   2.1279883e-01  -1.7588395e-01   1.7989937e-02   1.4256389e-01   1.7375924e-01   1.5603675e-01  -2.5006344e-01  -1.3587652e-01   4.5980936e-01   4.9036715e-02   2.1629838e-01   6.6749194e-02   2.5390209e-01   2.7913848e-02  -3.1688905e-01   2.2412780e-02   2.1334057e-01  -5.1141598e-03   1.2607433e-01   5.8997549e-01   5.7266388e-01  -1.9744385e-01  -4.7511815e-02   1.0316575e-01   1.3688815e-01  -3.0029318e-01  -4.3329485e-02   5.0567592e-02   2.8510195e-01   3.1833771e-02   4.3892089e-01  -1.5427131e-01  -2.0401786e-01   5.2606760e-01  -1.3319056e-03  -4.1999919e-02  -6.6969741e-02   5.6968167e-02  -1.5021439e-01   2.7974341e-01  -2.7992394e-01   1.9169806e-01   7.5856633e-02   1.6811314e-01   2.3655824e-01   1.3362920e-01   2.1194849e-01   3.6575862e-01   2.7073162e-01   9.9964073e-03  -1.7342785e-01  -2.0738236e-01  -1.1619888e-01  -8.6884680e-02  -1.1582326e-01  -1.0884714e-02  -1.7515393e-01   1.7909272e-01   1.7678273e-01   1.5036342e-01  -5.2059944e-03   2.7415189e-01  -1.5255024e-02  -2.2521669e-01   2.9450068e-01   7.2753257e-02   3.0866925e-01   6.1337110e-01   8.5715860e-02   3.9466197e-01   1.3809010e-01   1.9220233e-01   1.5976205e-01   4.9220275e-01   5.6070549e-01  -1.1567856e-01  -8.6106175e-02  -3.8123843e-01   5.1498726e-01  -1.1186324e-01   5.2952756e-02   7.1291319e-01  -2.6910180e-01  -2.0648133e-01   1.9505369e-02  -1.7134358e-01  -1.1838839e-01  -1.4637846e-01  -1.4516733e-01   3.3438669e-02   5.4498918e-01  -1.9287678e-01   9.1068850e-02   3.7650463e-02  -5.2282658e-02  -2.3433128e-01   3.7589646e-01   1.6901514e-01   7.9531064e-02   8.4477988e-02   3.7959096e-01  -2.8306095e-01  -1.3878251e-01  -2.6052457e-01   4.9276127e-01  -1.3883322e-01  -2.0540311e-01   2.5567150e-01  -1.7650006e-01  -1.5489897e-01   2.0736942e-01   9.1003898e-02  -1.2587808e-01   1.1885105e-01  -9.2696298e-02  -3.9901657e-01  -1.3972671e-01  -1.5962924e-01  -1.8986520e-01   3.6912878e-01   2.5885885e-02   3.2444906e-01   1.9278992e-01   3.9636893e-01  -7.7461461e-02   3.8670842e-01   5.3453396e-01  -3.1237731e-01  -1.9318945e-01  -6.5937891e-03  -2.0566453e-01   3.7107090e-02  -2.0781051e-01  -3.2847536e-01   1.0713345e-01  -9.7562370e-03   2.4673079e-02   4.1623412e-02   6.8864381e-01
  -5.2630229e-01   4.7004577e-01   2.4248150e-01  -3.5643853e-02   0.0000000e+00   1.4566801e-01  -1.7231971e-01  -2.1834159e-01   2.0464659e-01   3.8449088e-03   2.4772175e-01  -1.0526990e-01   1.6591417e-01  -5.4998164e-01  -2.8068953e-01  -3.8498728e-03   3.6696863e-01  -4.6319881e-02  -2.3796072e-01   7.1063369e-01  -4.7353535e-02   6.2522195e-02  -1.7837894e-01  -4.3060018e-01  -6.4928884e-02  -1.1946528e-01   3.7192785e-01  -3.1359837e-01  -3.7330804e-02   9.0792148e-02  -2.3429690e-01  -8.5303296e-02  -2.3086171e-01   5.1823660e-02   4.0683904e-02   5.5690582e-01   5.8400081e-02  -4.5872772e-01  -2.6143458e-02   4.2761147e-01   7.4476338e-02  -7.4395673e-02   4.4089521e-02  -3.9317952e-01  -1.4495475e-01  -2.6633466e-01   4.5241147e-01  -1.3583211e-01   4.2082297e-01   3.4862942e-01  -3.0349553e-02  -1.4343330e-01   4.8125772e-01  -1.4264258e-01  -3.9016928e-01  -3.5200926e-01  -4.0547195e-01   1.6735305e-01  -1.9490802e-02   2.4080868e-02  -2.3257527e-01   5.2828527e-01   1.6436437e-01   1.4116473e-01  -3.0222432e-01   4.7482890e-01   1.9173995e-01   3.0848303e-01   2.5467648e-01   5.3763429e-02   3.8734445e-01   2.4833037e-01   4.9239191e-03  -4.3035497e-01  -1.0472087e-01  -2.6284074e-01  -3.2932669e-01   5.3488109e-02   5.1790033e-01  -5.8946805e-02  -4.0039505e-01   3.4508473e-03   8.4252456e-02  -1.5396763e-01  -5.6912456e-01  -1.1300450e-01  -1.4810284e-01  -6.2535482e-01   1.0803595e-01  -4.7236939e-01   6.8098242e-01  -1.9666357e-01   3.0561614e-01   1.4219941e-01  -4.0761823e-01   6.3060000e-01   3.2179378e-01  -9.9499301e-02   5.0297705e-01  -9.3980037e-02  -4.9061481e-01  -2.1638689e-01  -2.7163289e-01   1.8769420e-02   1.5299339e-01  -5.4794717e-02  -2.0124203e-01   1.7061870e-01  -2.6846238e-01   4.9348121e-01  -1.5700849e-01  -1.5378577e-02   8.0416048e-02  -5.5772236e-01  -3.6972050e-01   4.6328622e-01  -7.5730916e-02   3.1515766e-02  -2.6912650e-01   1.8609994e-02  -2.5732436e-01   5.5114901e-01   1.7896950e-02   2.5336626e-01  -2.9852223e-01  -4.2527279e-01  -3.2394544e-01   1.5089884e-02   1.7554409e-01   7.0732157e-03   5.3439038e-02   2.5037917e-01  -1.8688566e-01   4.7222468e-01   1.1298160e-01  -2.7824148e-01  -1.6089704e-01  -4.7230598e-01   1.0918650e-01  -3.2752781e-01  -3.8238115e-01   2.5935333e-02   1.8975284e-01  -1.6987908e-01  -1.8084602e-01  -9.1978790e-03  -2.5835365e-01   5.5050067e-01   1.5367343e-01  -1.0311722e-01  -4.4606898e-01  -4.6058301e-01  -1.4415702e-01   1.2235957e-01   2.8796656e-01  -2.5701486e-01  -4.0084002e-01   1.2597460e-01  -1.9128816e-01  -8.0207791e-02   4.0375073e-01   1.3922208e-01   5.5790737e-01   1.8022422e-01   2.8807148e-02   1.1204265e-01   4.9886927e-02  -2.9849245e-01  -1.9538180e-01   4.3468547e-01   2.6721151e-01  -2.4842752e-01   2.7647385e-01  -2.9730402e-02  -7.1303439e-02  -3.9946923e-02   4.0072017e-02
  -7.7986051e-02  -4.0770914e-01   5.2209755e-01   1.8462505e-01   1.4566801e-01   0.0000000e+00   4.3035334e-01   1.0458874e-01  -3.8676987e-01   2.6341164e-01   3.8443535e-01   3.1376170e-01  -1.0628616e-01  -2.8325800e-01   1.1189671e-01  -1.7406307e-01   5.3452823e-01   4.3187425e-01   1.3914072e-01   5.3480585e-01   5.4368246e-01   5.9840432e-02   3.9429946e-01  -5.0052445e-01   1.7741105e-01  -7.6643587e-02   7.1651898e-01   6.6301019e-02  -1.0793025e-01   2.5110870e-01  -2.9556680e-01   2.6114462e-01  -1.5420053e-01  -1.6228800e-01  -1.8354766e-01   6.4393128e-01  -2.0052404e-02  -4.5033744e-01  -2.3882758e-01   4.1578457e-01  -7.1718426e-02  -2.6517688e-01  -2.0053405e-01   2.1817500e-01  -3.9302054e-02   3.9435563e-02   5.6204029e-01   3.4855116e-01   3.6395441e-01   1.4805633e-01   5.6379693e-01  -3.3659733e-01  -4.6785447e-01  -2.1873996e-01  -5.3338612e-02   2.8637199e-01   5.6918256e-01   1.0819163e-01   3.3817968e-01  -1.3225426e-01   1.7742997e-03   5.4420039e-01  -3.5258426e-01  -9.5899412e-02   1.4114701e-01   5.3090455e-01   8.5077297e-01   2.9484715e-02   4.4813487e-01   4.8781243e-01   3.3538359e-01   5.1183157e-01  -1.7039524e-01   1.9907774e-01  -4.9674971e-01  -1.8674023e-01   4.4826710e-02   7.7269071e-02  -2.2360642e-01  -3.5967941e-02   2.7611683e-02  -6.0937199e-02   2.3450354e-01  -1.5958082e-01   1.0922331e-01   2.3295401e-01   2.3639361e-02  -1.4273105e-01  -3.2234339e-01  -1.2480700e-01  -3.6944186e-01   7.0701777e-02  -1.1439627e-02  -3.3624677e-01  -3.3337761e-01   6.2370583e-01   1.4923625e-01   1.2461455e-01   2.0630747e-01   3.9199970e-01   2.3685138e-01  -2.1457865e-01  -1.5648388e-01  -2.5367017e-01   3.2750406e-01  -1.3436841e-02  -6.7165813e-02   3.1103969e-01   5.1005687e-02   5.9054425e-01   5.3761565e-01   2.3814107e-01   2.3407300e-01  -1.6422472e-01   3.1428987e-01  -4.6278439e-01   2.6294326e-02  -2.5910435e-01   5.2206642e-01   1.7972828e-01   2.4417886e-03  -3.4629189e-01  -1.6041018e-01  -2.9087112e-01  -1.8042428e-01  -3.9989022e-01   6.2030724e-02  -2.7522279e-01  -1.5553179e-02   5.8538980e-01  -1.9775320e-01   5.1472585e-01  -4.0686222e-01  -1.9724301e-02  -9.9468440e-03  -3.8988256e-02  -2.8909614e-01   2.9177379e-01  -7.7075231e-02  -1.8526045e-01  -1.3063274e-01  -1.6767626e-01   2.3070885e-01   1.6832663e-01  -2.4470818e-01  -2.0416363e-01   4.1794450e-01  -7.7783137e-02   6.6205190e-01   2.9272486e-01   3.9896160e-02  -7.5709512e-02  -1.2332370e-01  -1.6920485e-01   1.9342508e-01  -3.1644339e-01   4.4599436e-02   3.0013819e-01  -2.4672919e-02  -2.1857387e-01   2.2986760e-01   3.1530933e-01   3.5132423e-01   4.3687372e-01   1.2814640e-01  -3.3026533e-01   1.2727816e-01  -8.5305571e-02   7.7658152e-03  -2.6093063e-01  -5.7083140e-01  -2.4417040e-01  -4.4106849e-02   5.0539656e-01  -3.6787175e-01  -3.2259722e-01   2.6598672e-01
   6.1623381e-02  -6.9223144e-01  -2.6040900e-01   1.6826231e-01  -1.7231971e-01   4.3035334e-01   0.0000000e+00   2.6794222e-01  -5.2618734e-01  -2.8165783e-02   2.6517494e-01   5.5647941e-02   4.3527370e-02   1.5331785e-01   4.9988363e-01   1.0082786e-01  -2.8582581e-01   5.1322309e-01   3.1828366e-01   3.1930603e-01   6.0812756e-01  -9.3847935e-02   7.9800465e-01  -3.5718202e-01   1.3253038e-01   4.3875519e-01   1.6209108e-01   2.7203703e-01   1.7263018e-01   5.6274835e-02  -4.3919187e-02   3.6653485e-01  -8.7120230e-02  -3.4686159e-01  -2.7465022e-01   4.8659982e-01   3.2243239e-01  -2.0369301e-01   1.1296388e-02  -9.1395512e-02   1.7959539e-01   5.3549840e-02  -3.2031713e-01   4.7912316e-01   2.6640983e-01  -4.7807800e-02   2.9400499e-01   7.1629823e-01   2.0559308e-01  -3.8256583e-01   7.4987298e-01   1.3643709e-01  -5.9146369e-01  -1.4896347e-01   1.7080581e-01   4.2168695e-01   3.0307955e-01  -2.6414327e-02   2.2060915e-01  -4.3085206e-01  -8.6041216e-02   3.5130028e-01  -6.4102009e-01  -1.3563290e-02   6.1213835e-01   1.0915812e-01   4.0788041e-01  -2.6478452e-01   3.5149160e-01  -1.6960096e-01  -8.6404702e-02   2.6961344e-01  -2.3377447e-02  -2.5845560e-02  -1.4599023e-01   3.3398810e-01   1.1481516e-01   1.9672494e-01  -7.9121853e-02   4.3092035e-02   5.9488206e-01   4.8876470e-02   2.6465510e-01   2.5928690e-01   1.0604422e-01   6.1734791e-01   2.0240271e-02   2.6246139e-01  -4.5819008e-01  -1.1468483e-01  -5.8922435e-01  -9.3906562e-02   1.8692577e-01  -5.3543345e-01  -8.4190008e-02   2.2835586e-01   1.2274018e-01   1.9665741e-01   1.8000789e-01   7.2908631e-01   5.5804137e-01  -1.1661734e-01   2.9348236e-01  -4.7497115e-01   6.8047087e-02   2.5443728e-01  -5.6362433e-02   1.9902436e-01   4.9385855e-01   1.8646346e-01   7.8495415e-01   6.6409007e-02  -1.2928030e-01   1.2074787e-01   2.8883993e-01  -5.3089368e-01   3.0537737e-02  -1.4241293e-01   1.4488405e-01   2.7384849e-01  -1.9283034e-02  -5.9808587e-01  -5.7227009e-01  -1.4536218e-01  -9.7722362e-02  -2.7254162e-01   4.7558634e-01   2.5073067e-02  -1.3629324e-01  -1.0168832e-01   7.5662253e-02   5.0953494e-01  -6.2594060e-01  -1.3789331e-01  -3.0210302e-01   3.9965318e-01   1.1106430e-01   6.8709880e-01   1.6058724e-01   3.1599073e-02   4.2386636e-02   3.5900095e-02   7.9510412e-02  -4.3212632e-01  -1.9904450e-01  -2.4788507e-01   5.2315977e-01  -4.3186986e-01   3.8013020e-01   6.7793307e-01   1.6272143e-01   5.1985849e-01  -9.5927939e-02   8.1429068e-02  -5.9026731e-01  -2.1171921e-01   1.1416932e-01   1.8677596e-01  -1.1301210e-01   2.8541862e-01  -2.8325620e-01   2.5091822e-01   2.0577750e-01   1.7096217e-01   2.8477767e-01  -5.9217446e-01   4.8340629e-01   1.6270793e-02  -4.0509149e-02  -6.2470954e-02  -5.6129131e-01  -5.8710374e-02  -6.8955392e-02  -1.3030048e-01  -1.8706660e-01  -1.2929355e-02   1.5231374e-01
   1.0375035e-01  -3.2704667e-01  -1.0174243e-01   2.6097207e-01  -2.1834159e-01   1.0458874e-01   2.6794222e-01   0.0000000e+00  -1.6177471e-01  -4.1451106e-02   4.8115099e-02  -7.2267250e-02  -5.7145907e-03   3.4779791e-01   1.0551089e-01   4.5201166e-02  -1.5067504e-01  -1.0116809e-01   5.3169231e-01   2.6119198e-03   1.1525914e-01   2.0342992e-01   2.5777844e-01   5.4457308e-02   2.3041710e-01   2.4740802e-01   1.3065927e-01   1.9343247e-01   1.5243122e-01  -9.8282333e-02   2.6243023e-02   3.1561490e-01   1.4133145e-01  -2.2465873e-01  -7.9159243e-02   1.7083203e-02  -1.0001588e-01  -7.4773239e-02   2.2390469e-02  -4.4534323e-02   1.1991033e-01   1.1930818e-01   1.1958187e-01   3.3386587e-01  -1.3120413e-01   1.9766996e-01   8.0430865e-02   2.2090918e-01  -1.5816378e-01  -1.8281250e-01   6.4447257e-02   4.7891942e-01  -3.0549799e-01   8.9581966e-02   1.5903950e-01   9.0500121e-02   2.2009699e-01   2.5312658e-01   2.6210088e-01   2.5787155e-03   1.5449393e-01  -1.6817674e-01  -5.0850151e-02   1.4361760e-01   1.6259518e-01  -3.8044907e-02   1.7575635e-01  -2.7821020e-01   1.0320299e-01  -2.3760487e-02  -2.4399124e-02   1.1581964e-01   7.0750034e-03  -4.6902075e-03  -2.1186151e-02   2.6088809e-01   1.4025686e-01  -1.0881395e-01  -1.9382948e-01  -7.2160864e-02   2.5048979e-01  -2.2956585e-01  -3.5537968e-01   6.5464412e-01   1.8751767e-01   3.8646640e-01   2.0668398e-01   3.3528698e-01  -1.0850323e-01   9.5290222e-03  -1.1725708e-01   7.6682895e-02  -9.7541013e-02   3.6370966e-02   5.1471662e-02  -2.5644439e-01   1.7397648e-01   4.2841088e-01   1.5165015e-02   2.7630476e-01   3.5533689e-01   2.8543512e-01   2.8481808e-01   2.3186981e-04   4.4879164e-02   4.2814605e-01   1.6672255e-03   3.5293950e-01  -1.9051561e-03  -2.0929063e-01   8.4566652e-02   6.9349911e-02   5.8088003e-02   1.9395097e-01   1.9159997e-01  -2.8167209e-01   2.1346500e-01  -1.9512959e-01   5.3777308e-02   2.7860443e-01  -1.6647218e-02  -2.5223923e-01  -1.5961916e-01  -1.2750758e-01   1.4129040e-01   1.7569534e-01   2.4113296e-02   5.2696328e-02   2.2118974e-01  -1.8675160e-01   3.2718144e-02  -2.1801839e-01  -1.7558839e-01  -1.8686822e-01   1.7114682e-01   6.2005700e-01   2.7292358e-01   4.6659505e-01   5.8694442e-01  -9.0769300e-03   3.7849526e-02   1.0432733e-01  -3.6309038e-02  -1.5234912e-01  -7.3471443e-02   4.4714261e-02   1.2071206e-01  -2.1152724e-01   2.4898521e-02   1.6311655e-01   1.8958110e-01   4.0819189e-01   1.4908767e-01  -2.2819893e-01  -2.0494449e-01  -9.4597659e-02   1.6821442e-01   1.5512111e-01   1.8166407e-01   4.0754240e-02  -1.8392038e-01   1.2211959e-01  -1.3938960e-01   2.6423078e-02   4.5027025e-01  -2.3725719e-01  -2.9189358e-02   1.5184186e-01   1.1822561e-01  -1.6756974e-01  -9.8375097e-02  -1.9088078e-01  -1.5039254e-01   1.4382950e-01   1.1288119e-01  -1.1833608e-01   3.2919910e-01
  -3.2294018e-01   5.5162229e-01   2.5823145e-02   2.3927281e-01   2.0464659e-01  -3.8676987e-01  -5.2618734e-01  -1.6177471e-01   0.0000000e+00  -9.6582631e-02   1.4366106e-01  -2.5395649e-01  -1.0442280e-01  -1.7102676e-01  -4.4403346e-01  -6.6268950e-02   3.1063597e-02  -1.0715560e-01  -2.5403174e-01  -7.0420279e-02  -1.7131682e-01   5.5135344e-01  -3.8445125e-01   2.7073298e-03  -1.1330374e-01  -2.7008220e-01  -8.9065040e-02  -3.7044964e-01   2.7478724e-01   1.0392592e-01   2.8363140e-01  -1.4977148e-01  -7.2148224e-02   1.0619514e-01   2.4055704e-01  -8.4412997e-02  -1.5054865e-01  -4.3444643e-02   8.5011792e-02   1.7466513e-02  -1.5885900e-01  -2.4604978e-02   6.3199487e-01  -3.3066813e-01  -4.8164417e-02  -2.1447987e-01   2.7244399e-02  -3.0767815e-01  -8.1067684e-02   1.4551809e-01  -3.3758204e-01  -8.5587204e-02   3.8936443e-01  -7.8454931e-02  -2.3538642e-01  -4.5974301e-01  -5.3983484e-01   4.4564520e-01  -5.8683537e-02   1.7055061e-01  -2.9445748e-01  -1.3961429e-01   5.9748163e-01  -8.5491765e-02  -2.5476705e-01   5.4487397e-02  -3.2240553e-01   3.6488199e-01  -7.2698242e-02  -9.2392672e-02   1.4859958e-02   1.3448379e-01   1.6350609e-02  -3.4607213e-01   1.4172797e-01  -1.3831364e-01  -4.5523013e-01   1.0507821e-02   6.9013586e-02   4.2118548e-02  -4.9384564e-01  -2.2418230e-02   9.9517922e-04  -1.9871162e-01  -4.3399861e-01  -1.1132597e-01   3.7552570e-01  -3.3882612e-01   5.3681950e-01  -3.7214457e-01   4.6059731e-01  -2.3699062e-01   2.1356335e-02   6.7321955e-01  -2.7960820e-01   4.3866601e-04  -1.3584097e-01  -1.6325164e-01  -1.6694435e-01  -1.3066569e-01  -6.3234472e-01  -5.4217790e-02  -8.9631831e-03   6.6894328e-01   2.0893829e-01   6.4728756e-02  -1.4502328e-02  -2.6838570e-02  -2.4433546e-01  -1.5317678e-02  -3.6927921e-01   1.9218612e-01   4.0076930e-01  -3.6225806e-01  -6.1969847e-01   4.7237635e-01   2.5999922e-01   1.7682952e-02  -3.4130309e-01   7.8967040e-02  -3.1355755e-01   3.8015633e-01   4.2173797e-01   3.2675641e-01  -7.7364239e-02  -4.7295987e-02  -3.0917788e-01   1.4700249e-01   5.7074337e-01  -2.2832054e-01  -1.1230773e-02  -2.7580887e-01   2.7096370e-01   2.8539264e-01   6.4229008e-01  -3.0718966e-01  -1.3235357e-01  -5.0713811e-01   1.6172598e-01  -3.5213297e-01  -4.1515599e-01  -1.9949805e-01   2.3992997e-01  -1.7133880e-01   2.0501411e-02   6.0381385e-01  -5.3945250e-01   4.2850410e-01  -2.9123759e-02  -2.6295304e-01  -5.4615391e-01  -3.9996617e-01  -1.4792763e-01   1.0221246e-01   1.7334897e-01  -1.2108119e-01  -3.8385811e-01  -1.7001964e-01  -1.7265253e-01   8.4324058e-02   3.9138232e-01   1.8037719e-01  -2.7005974e-02   1.6336514e-01   1.7541975e-02   3.3547376e-01  -9.1305795e-02  -7.5993185e-02  -2.2222580e-01   2.1625187e-01   3.5580719e-01  -2.6055263e-01   4.6515490e-01  -2.7302603e-01   1.2813263e-01   6.2168060e-02   2.4148392e-01
  -3.5914527e-01  -2.9834413e-02   3.4312333e-01  -1.7257486e-01   3.8449088e-03   2.6341164e-01  -2.8165783e-02  -4.1451106e-02  -9.6582631e-02   0.0000000e+00  -2.9211943e-02   3.5195455e-01   1.9514405e-02  -2.3812235e-01   3.6602945e-01   5.9898086e-02   3.3253173e-01   5.1247172e-02   6.3439731e-02  -2.3131189e-02   6.4578535e-02  -1.4494201e-01   2.0423440e-01  -3.1806862e-01  -2.1080545e-01  -2.5728359e-02   2.3711247e-01  -1.7977779e-02   2.4807365e-01  -6.4806462e-02   1.5455033e-01  -1.9735276e-01   9.1320674e-03   4.4018760e-01   2.6309757e-02   1.4061022e-02   1.1842578e-01  -2.6638929e-01  -8.6165048e-02   1.8229668e-01  -1.0292631e-01  -1.3971363e-01   1.4605711e-01   4.6354937e-02   3.0001989e-01  -7.3642312e-02  -1.1996977e-02  -2.0109625e-01  -2.9935886e-02   8.6143174e-02   4.9432038e-02  -2.2662072e-01   6.0524444e-02  -6.6817081e-02  -2.7136725e-01   1.9988703e-01   1.1349754e-01  -1.1836228e-01  -1.0037403e-01   1.7147425e-01  -6.6203013e-02   8.4938959e-02  -1.6732150e-02   2.8923886e-01   9.5613934e-02   2.9510178e-01   2.6726121e-01   6.6116098e-02  -2.5592644e-02   2.0180943e-01   2.4226153e-01  -4.1993912e-02   9.6724472e-02   4.6706625e-02  -1.9217949e-01  -6.0913192e-02  -9.5383301e-02  -1.8258074e-01   3.5933496e-02  -2.9462512e-02   8.4017572e-04   1.0196787e-02  -1.0035123e-01  -1.3516205e-01  -1.5890065e-01  -1.6478583e-01  -8.1012056e-02  -1.4412963e-01   6.3850324e-02  -2.1536244e-01  -8.0329171e-03   1.2324469e-01   6.2960233e-02  -3.0471024e-02  -1.2465156e-01   4.5241620e-02  -5.3084445e-02   1.8834150e-01   3.2457251e-02  -2.8449088e-02  -6.7767034e-03   3.2485844e-01  -4.0350524e-01  -3.4778243e-04   3.7330749e-02  -2.7934953e-01  -2.6649943e-01   9.4148294e-02   3.1664027e-02   1.7321149e-01   1.0591418e-01  -2.2126217e-01  -1.0708005e-02  -2.1990575e-01   1.7278367e-01   5.7762438e-02  -1.9470973e-01   2.9366606e-02   1.5807313e-01  -2.1710247e-01   5.0788576e-02   2.2929451e-01   3.2036220e-01   1.3632085e-01  -3.6761828e-01  -7.6327632e-02   3.6751309e-01  -7.1054547e-03  -1.6501056e-01   2.3062802e-01  -7.3596911e-02   1.3565362e-01  -2.7636978e-01   3.6069997e-01   1.8031884e-03  -1.5202945e-02  -9.3601164e-02  -2.6294015e-02  -1.2022546e-01  -3.6927967e-02  -3.0771724e-02  -1.3077797e-01  -6.2661418e-02   1.8107924e-01   4.4435777e-01  -1.3754619e-01   3.2302746e-01   2.4333462e-01   2.1710134e-01  -1.0957310e-01   3.1700269e-02  -1.7815626e-01   5.3973619e-02  -1.7226033e-02   2.4848022e-01  -3.8666197e-01   1.7254387e-02   1.4312185e-01  -3.9118999e-02  -2.9382512e-01   1.8525728e-01  -2.2860862e-01   4.5457029e-01  -1.3143551e-01  -2.3746220e-01   3.7144003e-01   3.8457355e-01  -1.6312142e-01   1.0946541e-01  -2.0026562e-01   2.1489758e-01  -5.3005511e-02   1.8112332e-02   2.3404491e-01  -1.0644834e-01   7.7611842e-02  -1.7945295e-01
  -2.5898838e-01  -2.4401321e-01   1.7167505e-01   4.0925029e-01   2.4772175e-01   3.8443535e-01   2.6517494e-01   4.8115099e-02   1.4366106e-01  -2.9211943e-02   0.0000000e+00  -7.4867893e-02  -1.5778047e-01  -3.5742046e-01  -6.1369205e-02   1.5227312e-01   3.8613622e-02   4.6865715e-01  -1.7104619e-01   4.4298122e-01   5.3999208e-01   3.0652869e-01   2.1371996e-01  -3.5902260e-01   2.1180025e-01  -5.3245820e-02   3.3765635e-01   5.2415724e-02   7.0361396e-02   3.9026771e-01   1.2046607e-01   4.5226585e-01  -1.9088202e-01  -1.9250945e-01  -1.2927777e-01   6.7535173e-01   6.7891976e-02  -5.4715447e-01   6.8514747e-02  -7.9111354e-02  -3.8674556e-02  -1.9852395e-01   2.0264173e-01   2.1243428e-01   3.3507694e-02  -1.0625987e-01   7.9688046e-01   2.1650781e-01   4.3971610e-01  -1.6689126e-01   4.3456914e-01  -7.8594166e-02  -2.3039888e-01  -2.1377733e-01   1.9882486e-02   1.5094582e-01   7.8552827e-02   2.7146488e-01   2.5774872e-01  -1.6232796e-01  -1.0493999e-01   4.9564431e-01   1.0448657e-02   2.3777748e-02   1.5541612e-01   4.6246202e-01   3.6801275e-01   1.3670398e-02   5.5453026e-01   3.4018083e-02  -7.4533526e-02   7.4999917e-01  -1.1486325e-01  -1.5599144e-01  -1.4138193e-01  -3.8125343e-01  -1.9433462e-01   2.9053896e-01  -1.4256033e-01  -3.7322693e-02   7.3276428e-02  -2.7159368e-02   3.2151859e-01  -1.6758431e-01  -3.1109919e-01   4.0891224e-01   3.1825762e-01  -8.7622709e-02  -4.4229773e-02  -3.3541008e-01  -5.8639838e-02   8.0740731e-03  -4.8898189e-02  -5.7966772e-03  -4.6366095e-01   6.3901379e-01   1.8056817e-01  -1.4734182e-01   1.7926596e-01   4.4565511e-01  -1.1409892e-01  -1.2325994e-01  -5.9333809e-02   3.6369350e-02   7.2171382e-01   2.7088735e-01  -1.5653019e-01   3.5994649e-01   3.0975058e-01   5.3359674e-01   3.8775552e-01   3.7748329e-01   5.0022385e-01  -3.2536910e-01  -6.5496853e-02  -1.3615109e-01   3.0115383e-01  -2.5655202e-01   1.4488148e-01   4.5231447e-01  -1.3234393e-01  -1.1489941e-01  -8.2225157e-02   1.4938387e-01  -1.8555670e-01  -3.6910411e-01   2.2810007e-02  -2.8942632e-01   3.4234991e-01  -9.9809227e-02   4.9762351e-02   5.2987584e-01  -4.1570226e-01   9.6258875e-02   3.0448210e-01  -1.6643361e-01   1.4988078e-02   4.2360643e-03   1.4744021e-01  -4.5008787e-01  -3.2702810e-01  -1.9377500e-01   6.5397944e-01  -2.4548682e-01  -1.2368676e-01   2.6134239e-01  -1.3297558e-01   1.6394289e-01   6.4608112e-01   2.9179962e-01  -1.7470227e-01  -1.9655426e-01   5.1868197e-02   7.8935963e-02  -1.9990061e-01  -3.9429906e-01  -1.3561570e-01   1.8241655e-01   6.7712859e-03   1.8368498e-01   3.5015207e-01   5.7538924e-01   2.9906269e-01   7.3644792e-01   3.8974888e-01  -1.6218842e-01   1.0691243e-01  -7.0372319e-02  -1.2391499e-02  -6.4942978e-02  -2.7231612e-01  -5.0325077e-01   5.0736563e-01  -1.0179056e-01  -1.3029246e-01  -2.3051909e-01   3.8034275e-01
   1.4238218e-01   3.0924534e-02   3.5531050e-01  -1.5806993e-01  -1.0526990e-01   3.1376170e-01   5.5647941e-02  -7.2267250e-02  -2.5395649e-01   3.5195455e-01  -7.4867893e-02   0.0000000e+00  -1.6661362e-01   7.5301107e-02   2.2992401e-01   1.7571948e-01   2.6029372e-01   2.9408820e-02  -5.8480626e-02  -1.1523872e-01  -9.8236769e-02  -1.5861273e-01   3.9714572e-03  -1.6434124e-01  -1.2757828e-02   3.5614147e-02   1.3807273e-01  -5.3783704e-02  -2.3439697e-02   9.1985714e-02  -2.3290038e-01  -2.1406872e-01   1.3831840e-01   5.1579351e-01   2.8389752e-01  -8.0569990e-02  -9.0367363e-02   4.8338300e-02   8.7748897e-02   2.0800425e-01   2.5078634e-02  -7.0360914e-02   1.4280646e-01   5.0072399e-02   2.0439292e-01  -3.6436864e-02  -9.6599399e-02  -3.0432343e-02  -7.2288814e-02   1.2959148e-01   1.4928733e-01  -3.0739355e-01  -9.0384311e-02  -4.6120950e-02  -1.7453648e-02   1.1709901e-01   1.6608978e-01  -2.6349241e-01   7.5414802e-02   3.0918457e-01  -1.9218020e-02   2.1340420e-01  -1.0896146e-01  -1.3625098e-01   5.9967430e-02   1.4730421e-01   2.5236033e-01  -1.4250993e-01  -2.3520878e-01   3.2311720e-01   2.1977691e-01  -1.3052582e-01   2.7136372e-01   3.9975970e-01  -1.0985358e-01  -1.4779069e-01  -2.7628877e-02  -5.5461426e-02   1.1839480e-01   1.0384114e-01  -8.1854843e-02   2.9594634e-01   1.4290066e-01  -9.5570037e-02   2.5919889e-01  -2.1098997e-01  -2.0965941e-01  -7.3746301e-02   1.4961144e-01   1.9192234e-01  -3.4483633e-01   7.2046729e-02   2.3932542e-02  -1.3044192e-01   6.2116263e-02   1.3778883e-01   1.7140897e-02  -1.0589665e-01   1.6334455e-01  -1.9260514e-01   3.3673700e-02   1.8271826e-01  -1.4725201e-01  -1.8783630e-01  -3.5662217e-02  -2.2549394e-01  -2.3453180e-02  -1.9661946e-01  -1.9386782e-01   1.5076232e-01   1.6518801e-01  -3.1038523e-03  -1.3023816e-03   2.3521538e-02   1.8405079e-01  -5.5728508e-02  -3.2387596e-01   3.6003036e-02   2.7037729e-01  -1.2300729e-01   3.0206305e-02   5.2001069e-02   2.2523967e-01  -3.2294779e-01   4.1632900e-02   1.9287951e-01   2.5825000e-01   2.8647192e-02  -2.1526100e-01   4.7646299e-01   2.6395924e-02   2.6503125e-01   1.8879930e-01   1.0099992e-01  -1.7405258e-01  -2.1177131e-01  -2.9983778e-02  -8.4622759e-04  -2.1842223e-01   3.0895022e-02   7.8909586e-02  -1.5040936e-01  -2.6914205e-01   3.9497608e-01   2.8440244e-01  -2.7838785e-01   4.0660054e-01  -1.1826178e-01   9.0122669e-04  -1.7162661e-01   1.8606520e-01  -1.2918831e-01  -4.8170894e-02  -2.1458460e-01   3.5192333e-01   9.1341766e-03   9.1387988e-02   9.1643384e-02  -9.8550840e-02  -3.3902678e-01   4.0335206e-02  -1.9294150e-01   5.1796035e-03  -8.1287198e-02  -2.9220502e-01   2.1334255e-01   1.3323960e-01   3.0524341e-02  -2.5061066e-02  -3.5552386e-01  -7.0182868e-03  -1.5172969e-02  -2.0905972e-01   2.9564673e-01  -5.6843079e-03  -1.9835969e-01  -1.6862071e-01
  -1.2316810e-01   6.6672541e-02  -1.1655475e-01  -8.6576812e-02   1.6591417e-01  -1.0628616e-01   4.3527370e-02  -5.7145907e-03  -1.0442280e-01   1.9514405e-02  -1.5778047e-01  -1.6661362e-01   0.0000000e+00  -1.8013235e-01  -4.7678352e-02   2.2803615e-01  -5.0264243e-02  -1.1634952e-01   2.4952478e-01   9.1893355e-02  -1.8765781e-01  -2.0104043e-01   4.4677661e-02  -1.1977512e-01  -6.2197548e-02   1.9268924e-01  -1.6194778e-01   1.0468409e-01  -1.2339783e-01  -2.8549130e-01  -7.8052649e-02  -8.0397354e-03  -2.0778187e-01   1.1680192e-01  -2.9618422e-01  -4.9221833e-02   1.6731434e-01  -1.4399211e-01   3.1531061e-01  -4.5282730e-02   8.2772146e-01  -4.7501248e-03  -1.4875563e-01  -1.7414238e-01   1.0253461e-01  -2.5510785e-01  -6.7961687e-02  -1.7307577e-01   1.2520972e-01   1.3140863e-01   6.2806434e-02   1.4999665e-01   1.6068897e-01  -4.5162720e-03  -6.5863843e-02  -1.2682348e-01  -1.8019787e-01  -3.7024722e-03   1.1036673e-01  -3.6806944e-01  -1.3918014e-01   5.5592052e-02   6.4053681e-02   2.7290235e-01   2.1803870e-02  -2.2282901e-01  -2.5016594e-01  -1.4210236e-01   1.0756280e-01  -2.2289292e-01  -1.3553562e-02  -1.7694751e-01   4.4156474e-01  -3.6062221e-01  -8.7153956e-02   6.8702885e-02  -2.6824661e-02   1.7689722e-01   2.9974373e-01   2.4857622e-01   1.0494286e-01   4.9173299e-01  -3.2211688e-02   3.6559229e-02  -1.8199210e-01  -8.3488677e-03  -2.6029381e-01  -5.5879565e-02   9.8190335e-03  -1.4472484e-01   2.1591009e-01  -7.5465179e-02   1.1789347e-01  -2.3939094e-01  -2.4768728e-02  -1.5982018e-02   2.5393505e-01   1.8267606e-01   2.0862182e-01   3.5504581e-02   9.1976233e-02  -2.1484944e-01  -1.1515761e-02  -2.8255921e-01  -3.3090433e-01  -1.6743254e-01  -2.0941067e-01   9.5057035e-02   1.5584972e-01  -2.5115056e-01  -9.2120314e-02  -2.3978393e-01  -3.4377069e-01  -6.0991156e-02   8.7833583e-02   2.3677976e-01   1.5918161e-01   7.9408978e-01  -1.6654332e-01   1.9797217e-02  -5.7846246e-02   2.9243278e-01  -1.9084984e-01   1.4705553e-01  -1.4272225e-01  -2.4389264e-01  -3.9591345e-02   1.8713622e-02  -1.3478971e-01  -2.3520837e-01   5.0167242e-01   4.9062722e-03  -2.2676804e-01   1.4198094e-01  -1.7967626e-01   1.0364489e-01   1.1775098e-01   9.3666820e-03  -9.3881714e-02   1.5804328e-01  -6.8821080e-02   3.4411018e-01   2.9570825e-02  -3.0401334e-01  -6.9769726e-02  -1.3310282e-02   8.1059643e-02  -1.2662579e-01  -2.1267866e-01  -2.7296518e-03  -5.7173045e-02  -4.7067854e-02  -1.2195340e-01   2.0344486e-02  -1.7543872e-01  -1.1713719e-01  -1.4091043e-01   2.7671641e-01  -1.2329112e-01   1.8578275e-02  -1.4105222e-01  -2.2741310e-02   5.9673410e-02  -1.0286559e-01   4.2865458e-02   8.4688622e-02   1.9629941e-04  -2.7712488e-01  -2.0119836e-01   1.1636851e-01   2.8475787e-01   6.8917348e-02  -4.4696735e-02  -1.0406355e-01  -1.4536118e-01   1.2273417e-01  -1.1390910e-02
   4.9050765e-01  -3.0565292e-01  -4.2610635e-01  -5.1550907e-02  -5.4998164e-01  -2.8325800e-01   1.5331785e-01   3.4779791e-01  -1.7102676e-01  -2.3812235e-01  -3.5742046e-01   7.5301107e-02  -1.8013235e-01   0.0000000e+00   2.7976364e-01   8.9584405e-02  -4.6269091e-01  -5.5285217e-02   2.8449240e-02  -4.1269470e-01   3.1844010e-02  -1.3112606e-01   1.0060526e-01   6.2550569e-01   1.1779432e-01   6.5153595e-02  -2.6134976e-01   2.7259046e-01   9.7910616e-02  -1.0296679e-01   8.4856696e-02  -8.4245997e-02   2.5349534e-01  -2.5447836e-01   2.9222609e-01  -4.0931643e-01   7.0881525e-02   5.2447847e-01   1.6432538e-02  -2.5831221e-01  -4.7807703e-02   3.7518763e-01  -1.1237486e-01   2.6340783e-01   3.4939953e-02   2.0262324e-01  -3.6649130e-01   1.6625050e-01  -4.6484607e-01  -2.7580385e-01  -2.7828905e-02   1.2538772e-01  -3.1564751e-01   1.9159718e-01   6.0771510e-01   1.5075675e-01   1.4204696e-01  -1.9710203e-01  -1.8370640e-02   2.8424831e-01   3.0410942e-02  -4.1622703e-01  -2.8139547e-01  -2.2266505e-01   9.5892355e-02  -4.6002576e-01  -1.0521223e-01  -2.0067168e-01  -2.7258534e-01  -1.6699837e-01  -3.4458215e-01  -3.2886301e-01  -7.0640327e-02   3.8331106e-01   3.1766837e-01   2.9548867e-01   1.4457694e-01  -1.0848029e-01  -2.8402000e-01   1.1572803e-01   3.1273679e-01  -2.1990433e-01  -1.7612997e-01   3.8326606e-01   5.4322533e-01   1.3412922e-01   1.8826962e-01   7.3816255e-01  -4.1438283e-02   3.7234045e-01  -4.2176268e-01  -1.0618141e-03  -2.2295921e-01   1.6597093e-01   2.9694632e-01  -5.7096071e-01   4.6251223e-02  -8.4535983e-02  -1.1895814e-01   2.4392706e-02   4.3274023e-01   3.4549229e-01   3.0135967e-01   1.5274775e-01  -1.1627348e-01   2.9326484e-03   1.1775678e-01  -2.9807672e-01  -6.8268624e-02  -4.5554757e-01  -8.3802071e-02  -2.5610986e-02  -1.5027479e-01   4.5818019e-01   1.9900099e-01  -3.2652081e-01  -1.4568448e-02  -1.9523857e-01  -1.1696307e-02  -1.6522019e-02   7.4223739e-02  -4.3833248e-01  -5.5085932e-03  -3.6382082e-01   3.3112801e-01   7.5113316e-01   2.1213113e-01   1.7702559e-01  -1.9237874e-01  -1.5253863e-01  -3.4985922e-02  -3.1387459e-01   3.6756189e-01  -3.9402053e-01  -1.6980553e-01   3.2155319e-01   3.5200215e-01   4.4658809e-01   1.8092000e-01   3.6761812e-01   4.6340810e-01   6.2611448e-02  -3.7940654e-01  -1.5618898e-02   2.6214951e-01  -1.3587753e-01   1.3975119e-01  -4.8223569e-01  -3.5032193e-01   1.0268156e-01   4.2571277e-01   4.3970229e-01   6.7740688e-02  -1.2953591e-01  -3.0624209e-01   4.8799891e-01   1.3672606e-01  -4.2386501e-02   1.9764965e-02   9.1077133e-02  -3.2642489e-01  -3.7868129e-01  -4.1790884e-01  -3.1755234e-01  -6.2270098e-02  -1.8773248e-01  -1.3906183e-01   3.6527129e-01   5.9423925e-02  -1.3091815e-01  -1.7726824e-01   2.2119198e-01  -3.7017722e-01  -1.5768006e-01   2.5568701e-01  -4.5637198e-02  -1.0559258e-01
