   0.0000000e+00   2.5005849e-01  -2.6875976e-02  -1.7906825e-01  -3.3785533e-01  -1.9387302e-01  -1.9879383e-01  -1.4144312e-01   3.0380313e-01  -1.2024603e-01  -2.1782806e-01   3.5817636e-01  -6.5748647e-02   3.4761516e-01   1.7836858e-01  -9.0562909e-02   2.4557670e-02  -1.4174120e-01   8.8466190e-02  -3.4505790e-01  -2.0380996e-01  -3.2453575e-01  -3.1991543e-01   5.0256000e-01   5.2542573e-02  -5.2640068e-02  -3.0244831e-01  -4.6951602e-02   5.2028885e-02  -1.1514687e-01   1.0028556e-01   1.2437426e-02  -4.2073768e-02   2.7757580e-01   1.5047907e-01  -4.3078397e-01  -8.9858765e-02   5.8542596e-01  -1.6001171e-01  -3.3714609e-01  -1.2485647e-02   4.6644067e-03   2.5278790e-01   7.9586626e-03   1.3834000e-01  -3.9077715e-01  -2.3142207e-01  -1.8013675e-01   4.1879954e-02  -8.9943591e-02  -1.3323862e-01  -1.9179168e-01   5.1674596e-02  -1.2525738e-02   2.4803854e-01  -2.3673279e-02   1.3732259e-02  -1.3599099e-01  -1.1806325e-01   3.4725355e-01  -1.7611029e-01   3.0458029e-02   1.9338800e-01   3.5235461e-01   5.7104639e-02  -4.1816021e-01  -2.6242987e-01   9.6653402e-02  -2.8432563e-01  -5.2569401e-02  -2.8936474e-02  -1.8760560e-01  -9.3191511e-02   3.2874483e-01   1.3129442e-01   3.1647719e-01  -2.4109287e-01  -4.3707952e-02   1.2889556e-01   6.8713609e-02  -9.7910675e-02  -1.1682053e-01  -1.0460520e-01  -4.9738638e-02   2.8977201e-01   2.5805395e-01  -2.4811852e-02   3.7874382e-01   1.7997436e-01   5.5910436e-01   1.0202383e-03  -4.7671269e-02  -7.2693948e-02   1.9132758e-01  -4.4981445e-02  -3.3067808e-01  -1.9371747e-01   3.3732314e-01  -1.6361506e-01  -2.2471855e-01   1.5145958e-01   3.8398925e-01  -2.7133075e-01   2.5565483e-01  -1.5110308e-01   7.3009832e-02   1.4130663e-01  -3.9248821e-02  -1.6502112e-01  -2.2389062e-01   3.9938095e-02  -9.8276639e-02  -9.6340683e-02   6.3098366e-01  -3.1859358e-02   4.7587753e-02  -2.7025547e-01  -1.0751887e-01  -1.8895798e-01  -1.4470634e-01   1.1200492e-01   1.3322234e-01   2.1091954e-01   7.0386487e-02   1.8512792e-01   1.2846025e-01   2.5400063e-01   1.3346463e-01   3.2124225e-02  -1.7726116e-01  -1.0795124e-01   8.6420604e-02   4.1347493e-01   1.1890672e-01   1.3147381e-01   2.5165397e-01   8.1911739e-02  -3.9455264e-02   2.6190658e-01   2.5987175e-01   6.1788578e-01   3.5582876e-01  -8.9531438e-02  -1.2890036e-01   4.0230531e-01   2.8386471e-01  -1.4902048e-01  -4.2067901e-01  -3.2235320e-01  -2.7924198e-01   3.7385303e-01  -1.0252865e-01   1.3933577e-01   1.6604801e-01   1.3528105e-02   6.5705273e-01  -5.0676464e-03  -1.8639086e-01   2.6413812e-02  -4.3696763e-02   4.5652202e-02  -9.0954403e-02  -4.1269395e-01  -1.2880473e-01  -5.6463345e-02  -9.7441666e-02  -2.7113595e-01  -1.0681696e-02   2.1292265e-01  -3.6912143e-01  -1.8748465e-02   1.9670015e-01  -2.0964197e-01  -1.5577399e-01   9.6891915e-02   2.2366464e-01  -5.6240484e-02
   2.5005849e-01   0.0000000e+00   5.5162354e-01  -7.6517865e-02   7.5180607e-02   6.7658238e-02  -4.4258492e-01  -8.2604864e-02   4.4968183e-01  -5.9196139e-01  -2.1982455e-01   6.2887459e-01  -1.8383890e-01  -5.4905584e-02  -3.9764290e-01  -2.2062073e-01   6.6775074e-01  -2.1563647e-01   5.3288184e-02  -1.1666816e-01  -3.2437567e-01  -1.5476905e-01  -4.8819375e-01   4.0982847e-01   2.3156897e-01  -2.3636696e-01  -2.1585019e-01  -1.0583509e-01   5.7291077e-02   1.1086300e-01  -3.7879395e-01  -1.5842003e-01   3.1517174e-01  -2.5341538e-01  -2.6887912e-01  -3.8552058e-01  -3.3127722e-01   4.2449826e-01  -1.2162572e-01  -2.5540885e-01  -2.6290570e-01   3.9483965e-01   5.9673779e-01  -6.1627708e-02  -1.6302398e-02   2.0553269e-02  -2.4887993e-01   2.3744948e-02  -3.6237705e-01   4.7661029e-01  -2.2254994e-01  -2.8228056e-01   1.1909665e-01   4.7170673e-01  -1.6257737e-01  -1.5429797e-01   3.1631128e-01   3.9913088e-02  -6.7692774e-02   4.7904119e-01   2.5658680e-01  -2.4974676e-01   7.1709598e-01   6.3441068e-02   1.2074172e-01  -4.4703865e-01   3.1733291e-01   9.2229660e-02  -2.1559475e-01  -1.7921357e-01   4.3538862e-01  -3.6676086e-01   1.9004974e-01   6.2177417e-01   1.9870518e-01  -1.0023468e-01   1.3271125e-01  -1.9638232e-01  -2.9312619e-02  -7.4042538e-03  -5.0812897e-01   6.3966508e-02  -1.2765904e-01  -4.1323083e-02   4.6154243e-01  -8.2743379e-02  -2.8712677e-01  -7.5152841e-02   7.2269340e-01   3.8319421e-01   2.7931220e-01   5.0818469e-01   9.0576464e-02   2.0806362e-01   4.0095678e-01  -1.8224395e-02  -2.2264059e-01  -2.0742018e-02   3.6571771e-02  -5.8081600e-01  -3.3458396e-01   2.6622966e-02  -3.5146263e-01   4.3790892e-01  -4.7848908e-01  -4.3022635e-02   4.5742926e-01  -2.9619984e-01  -3.6288024e-01  -4.4516942e-01  -1.8074795e-01  -9.6343735e-02   2.5137625e-01   5.2582351e-01  -3.8307362e-01   1.0078766e-01  -2.0050258e-01  -1.4769759e-01   6.7455873e-02  -1.9347158e-01   3.1523497e-01   3.8422888e-01   4.4462569e-01   2.9436267e-01   3.6674124e-01   2.1609992e-01  -4.8593590e-03   2.7293841e-01  -7.4307705e-02  -1.5709552e-01   3.0420467e-02  -3.0666558e-01   4.9998644e-01  -5.3048093e-02   9.5692090e-02  -1.7103840e-01   3.4978592e-01  -5.6351545e-01  -1.4324748e-01   5.4868675e-01   5.0091693e-01   4.9020460e-02  -3.7382278e-01   1.4560246e-01   2.0279490e-01  -4.6537921e-01  -2.2054619e-01  -3.3400580e-01  -4.6639860e-01  -4.3030523e-01   2.5827036e-01  -5.0360393e-01   4.6287027e-01   9.2249923e-02   6.6259315e-01   4.9663660e-01   3.8543394e-01  -1.9496049e-01   4.0715510e-01  -4.5339114e-01   5.6482988e-03  -2.4115906e-01  -4.4611389e-01  -3.5388361e-01  -2.2829401e-01   2.0506774e-01  -1.3716086e-01   1.5186090e-01   5.9017961e-01  -1.6433982e-01   2.4586255e-01   5.6218631e-01  -6.7836911e-02   3.9808963e-01   2.1998373e-01   5.8096785e-01  -7.8526484e-03
  -2.6875976e-02   5.5162354e-01   0.0000000e+00  -6.8174183e-03  -6.0398879e-02   3.4287178e-01  -2.1675775e-01  -1.7350829e-01   7.8499851e-02  -3.5364342e-01  -1.7832513e-01   4.7143117e-01  -1.1845645e-01  -1.2786540e-01  -3.9991493e-01  -2.5627391e-01   7.4242046e-01  -4.8405179e-02   3.2089718e-03  -4.5264083e-03  -4.2257170e-01  -8.9260050e-02  -1.9927115e-01   1.4464951e-01   2.8316146e-01  -1.9692031e-01   3.9800253e-03   9.0738331e-02  -7.1052070e-02   1.8139926e-02  -4.5237969e-01  -1.1132920e-01   2.6867768e-01  -3.8058008e-01  -2.5310814e-01  -1.5437332e-01  -2.5531792e-01   2.2352232e-01  -2.5027595e-01  -1.4787225e-01  -2.0574622e-01   3.3406571e-01   3.3272659e-01  -7.8141953e-02  -3.5705830e-01   2.9516487e-01  -2.3594489e-01  -4.7787309e-02  -3.6660700e-01   6.3806492e-01  -1.5256311e-01  -1.6637601e-01  -1.2391607e-01   5.9724373e-01  -2.5987435e-01  -1.2156554e-01   2.7654455e-01   1.0132333e-01  -1.1045019e-01   3.0139817e-01   4.9492805e-01  -2.6391230e-01   4.8597442e-01  -2.0762431e-01  -3.4410941e-01   1.5883341e-03   3.9435699e-01  -4.3587396e-02  -1.6352767e-01   1.7994184e-01   2.9785309e-01  -2.5381882e-01  -1.3720380e-01   2.4956819e-01   1.7691810e-01  -1.4972484e-01   4.9001922e-01  -7.7633712e-02  -2.8979684e-01  -1.5504044e-01  -2.9093378e-01  -2.1433386e-01   1.4979449e-01  -7.0974195e-02   4.1970439e-01  -1.9446442e-01  -2.8922902e-01  -7.7491593e-02   5.2722900e-01   2.1249941e-01  -3.2586819e-04   7.5530660e-01   2.7502964e-01  -9.5671101e-03   4.3797975e-01   1.0368132e-01  -4.2789743e-02  -1.8891895e-01   6.4932309e-02  -3.1661969e-01  -1.9924436e-01  -1.0655409e-01  -2.0944925e-01   1.1307012e-01  -2.3328425e-01  -1.1950336e-01   4.2710646e-01  -2.5728512e-01  -2.5224965e-01  -2.9710272e-01  -3.3997420e-02  -6.9185172e-02   2.3113279e-01   2.7665217e-01   7.0550851e-02  -1.9893243e-01  -1.7418862e-02  -2.1469504e-01   3.4089250e-01  -1.7133941e-01   3.9066083e-01   1.9230221e-01   3.7038670e-01   3.5332052e-02   3.0695322e-01   2.3288843e-01  -6.9346520e-02   1.6633145e-01  -1.1047749e-01   1.3521802e-01  -5.3182419e-02  -3.0662848e-01   1.1231145e-01  -3.6482044e-01  -2.1340484e-02  -2.5795414e-01   1.7637137e-01  -4.7260480e-01  -2.0330494e-01   3.9660667e-01   2.3101814e-01  -9.1750997e-02  -3.6597305e-01   4.7785940e-01  -1.1956310e-01  -4.4694223e-01   9.0040560e-02   1.8630254e-02   1.7699079e-02  -2.4944136e-01   3.1575089e-01  -4.1096602e-01   5.7865719e-01  -7.1335558e-02   5.0226814e-01   2.7319993e-01   3.8838435e-01  -1.2727430e-01   6.1097577e-01  -3.6215188e-01  -9.2036073e-02  -2.3179442e-01  -8.3044362e-02  -3.1351764e-01  -1.7459982e-01   1.9622986e-01   1.9452392e-01   1.2739136e-01   6.0284121e-01   1.4610264e-01   2.8628410e-01   4.0994233e-01  -1.1112353e-01   5.2178865e-01   2.1057497e-01   2.9252798e-01  -1.7575551e-01
  -1.7906825e-01  -7.6517865e-02  -6.8174183e-03   0.0000000e+00  -5.4652143e-02   2.1090446e-01  -1.6931806e-02   5.7883903e-01  -1.0198588e-01  -2.5019217e-02   4.3838821e-01  -1.1509403e-01   3.5151778e-01   1.9317880e-01   2.2222839e-01   6.2263005e-01  -2.7191268e-02   5.9991707e-01  -1.8626530e-02   5.3317632e-02   2.0151368e-01   6.2994139e-01   2.4815163e-01  -2.8432251e-01   3.1917189e-01   4.3791215e-01   1.7473789e-01   2.1509505e-01   5.7391499e-02   4.3532116e-01   2.8618214e-02   4.7527020e-01   6.1467650e-01  -1.1410996e-01  -3.4813620e-01   3.4494683e-01   1.8366671e-01  -2.4799215e-01   6.5235766e-01  -1.2362734e-01   3.4055011e-01   2.2182166e-01  -1.9085912e-01   6.2142101e-01   1.1170066e-01  -9.4312731e-02   5.0888558e-01  -1.9384389e-01   1.1635845e-01  -1.7343920e-01   6.1566518e-01   4.3640369e-01  -1.0176192e-01   2.7282498e-01  -3.0596950e-02   3.1988684e-01   1.8917457e-01   6.0851229e-01   6.4010283e-01  -3.3885837e-01   1.8640141e-01   9.6441752e-02  -9.0911259e-02   2.9619562e-02   8.1534507e-02   2.7178088e-01   3.5290393e-01   1.4070798e-03   4.9936174e-01  -1.6340068e-01  -3.3164173e-01   5.2655057e-01   2.9223146e-01  -9.0563062e-02   2.4982194e-01   9.6202176e-02  -2.1824342e-03   4.5202733e-01  -2.9821741e-01   5.8359515e-01   1.8499909e-01   2.2286536e-01   1.9270930e-01   5.2514646e-01  -3.5550020e-01  -2.0393526e-01  -7.3894249e-02  -3.5717499e-01  -1.7710059e-01  -3.1706530e-01  -4.3770861e-01   1.4304172e-01  -1.7868212e-02  -1.2209703e-04  -2.0419653e-01  -6.9312166e-02   3.8567133e-01  -2.8834929e-02   4.6018594e-01   6.8543834e-02  -2.6323795e-01   1.6063682e-01   6.2408963e-01   2.4785491e-01   5.6589046e-01   5.2869432e-01   9.2125487e-02   5.2544341e-01  -6.1282054e-02   5.5817892e-03   7.7813884e-02   5.0609953e-01   6.0392598e-01  -4.3147821e-01  -2.5063909e-01  -3.8406443e-01   3.9459734e-01   1.7314209e-01  -7.6706410e-02   7.8134770e-01  -1.2465576e-01  -3.6217813e-01   9.8363653e-02  -6.1570831e-02  -3.6857902e-01   1.0023216e-01   1.4668887e-01   8.1516624e-02   3.6366133e-01  -6.1564916e-02   2.8021741e-01  -4.5408612e-02   9.8763730e-02   7.2988717e-02   2.7913789e-01   1.3692596e-01   1.1861987e-01   7.1937752e-03  -8.6254927e-03  -1.4506490e-01  -1.8977036e-01   4.9936894e-02   4.1455638e-01  -1.6119563e-01   1.6655441e-01   1.3554311e-01  -3.5081838e-01   3.4660544e-01   2.0323822e-01   8.4644824e-03  -3.6515843e-01   3.4958570e-01  -7.5633605e-02  -1.1089366e-01  -2.0353610e-01  -3.5291745e-01   7.7992719e-02   5.6259165e-01   9.1664366e-02   2.2082817e-01   1.8759931e-01   4.6426468e-01   2.0898088e-01   5.1926096e-01   5.9868261e-01  -2.2729180e-01   2.6919048e-01   2.0529402e-01   6.8059678e-02  -1.3038018e-03  -1.0227983e-01  -3.1519425e-01   4.4397410e-01  -4.8682918e-02   1.4751297e-01  -3.1519548e-03   5.5231780e-01
  -3.3785533e-01   7.5180607e-02  -6.0398879e-02  -5.4652143e-02   0.0000000e+00   1.7395710e-01   1.3297812e-01  -1.3108961e-01   1.0669331e-01   2.2534131e-01   5.2686742e-02  -1.8710730e-01  -1.6168151e-02  -2.7631868e-01  -1.8831869e-01  -7.6773794e-02   2.9489379e-02   8.4837246e-02  -1.4628791e-01   7.2594831e-01   2.6453457e-01   7.2353006e-02   1.0432110e-01  -2.1899968e-01   1.1578806e-01  -1.5210499e-01   3.2906434e-01  -2.8134634e-01   1.8798339e-01   1.2800875e-01  -7.0971575e-02  -9.2031658e-02  -2.0384116e-01  -6.7562428e-03   4.5388274e-02   5.5396790e-01   1.7514064e-01  -1.1858977e-01  -1.1328386e-01   4.9322311e-01  -3.8029724e-02  -7.2979749e-02   5.9338595e-02  -1.3448800e-01   2.2676584e-01   2.1473250e-01   1.6195059e-01   4.7165116e-01   2.9475876e-01   9.7563602e-02  -8.6876945e-03  -1.3742409e-01   2.9441389e-01   7.7491293e-02  -1.7249235e-01  -2.5371834e-01  -5.9393352e-02   2.6373783e-03  -1.5360910e-01  -1.2161813e-01  -8.7585691e-03   2.5730099e-01   9.1418037e-02  -1.5201277e-01   3.5676749e-01   8.4864031e-02   1.8151236e-01   1.7923964e-01  -4.9415523e-02  -4.4550488e-03   4.3474345e-01   4.7998867e-02   1.7022225e-01  -2.4927903e-01   9.5546254e-02  -2.5156834e-01   6.1407789e-02  -5.7210237e-02   4.6408681e-01  -4.6035305e-02  -3.1521726e-01   2.6016397e-01  -1.5142439e-01  -2.1991608e-01  -1.5903651e-02  -2.0039716e-01   1.6123555e-01  -4.1149442e-01   1.9889408e-02  -5.4005897e-02   4.5627720e-01  -1.2001205e-01   1.4340859e-01   1.4655700e-01  -8.6447668e-02   6.9526139e-01   6.7183437e-02  -1.5268780e-01   3.1121146e-01   1.5067827e-01  -2.3352077e-01  -1.2463260e-01  -1.1126037e-01  -1.4909637e-01  -2.3952816e-01   2.5573793e-02   1.3857176e-01  -4.4520908e-02   1.3237684e-01   2.2914727e-01  -7.7950124e-02  -1.4492582e-01   1.2898679e-01  -9.7762271e-02  -2.7615389e-01   4.6307197e-01  -2.3014357e-02   1.8038920e-01  -7.8061981e-02   1.8586988e-02   1.3144564e-02   3.7296172e-01  -1.8765072e-02   3.6180734e-01   1.2453726e-01  -2.2237650e-01  -1.2754072e-01  -3.2798245e-02  -5.5529390e-03   1.3038957e-01   2.7006600e-02   2.9136748e-01  -2.6333286e-01   1.7932989e-01  -8.8061768e-02  -2.4764893e-01   9.0793732e-02  -8.4694978e-02  -1.9007167e-01  -2.1205905e-01  -4.2625999e-01  -3.7207783e-02  -1.5941585e-01  -2.0241645e-01  -1.9562521e-01  -1.8362942e-01  -1.1412662e-02   1.9380147e-01   1.4970637e-01   4.1666971e-01  -1.3331753e-01  -3.4538728e-01  -2.7358367e-02   1.9792277e-01   1.3125992e-01  -1.8590151e-01  -8.1672892e-02  -1.1200866e-02  -8.2120074e-03  -3.1704481e-01   2.7579373e-01  -2.0090188e-01   3.4596553e-01  -3.0842972e-02  -1.3906999e-01   2.7536291e-01   3.2487243e-02  -1.9877708e-02  -1.2308218e-01   1.4256470e-01   2.9084837e-01  -5.2619554e-02   3.0080448e-01  -7.4696793e-03  -1.8133445e-02   9.5231051e-02   5.2296795e-02
  -1.9387302e-01   6.7658238e-02   3.4287178e-01   2.1090446e-01   1.7395710e-01   0.0000000e+00   5.7555163e-02   9.4311422e-02  -4.4630638e-01   4.0432531e-03  -8.4589621e-03   9.5648756e-02  -2.1271372e-02  -3.6122804e-02  -1.9374643e-01   8.9073725e-02   2.9885099e-01   2.3936399e-01   3.9434912e-01   4.9992405e-01  -8.4428402e-02   1.3153940e-01   6.2936885e-02  -2.3562021e-01   1.5490926e-01   1.5114267e-01   3.6991685e-01   2.9966106e-01  -1.1290465e-01  -5.6956326e-02  -3.4111361e-01   2.4487110e-01   1.9927355e-01  -3.3673093e-01  -2.7837291e-01   2.4257810e-01  -9.2107378e-02  -2.7040336e-02   8.9842670e-02   1.9219180e-01  -5.8702394e-02   1.7928638e-01  -1.7830613e-01   1.6662910e-01  -2.9606618e-01   4.3362350e-01   1.7448647e-01   9.6124771e-02  -3.1636967e-01   3.5876260e-01   1.6213959e-01   3.7709932e-02  -2.9110851e-01   3.1176897e-01  -4.6353569e-01  -1.1828493e-01   4.3485748e-01   1.8646892e-01   1.2155419e-01   1.2799007e-02   4.4231657e-01  -9.5284307e-02  -1.1970690e-01  -3.5974457e-01  -3.2706424e-01   3.8592502e-01   6.3691779e-01   2.0447841e-01   1.7250870e-01   4.4524434e-01   5.7707128e-03   1.6967375e-01  -5.4651905e-02   3.5662318e-02   9.5496160e-03  -1.2909331e-01   3.6805070e-01   4.8717699e-02  -3.0248767e-01   1.7881433e-02   5.4048124e-02  -8.7103586e-03   8.6169590e-02   1.7282263e-01   1.5242031e-01  -1.5040443e-01  -2.8284162e-01  -3.0831180e-01  -4.6465922e-02  -3.4701256e-02  -7.7694877e-02   2.0251558e-01   2.6217958e-01  -3.3506370e-01   2.2830205e-01   4.1216986e-01   1.7669297e-01   3.8895059e-02   4.5507545e-01   4.1268334e-02  -1.8440839e-01  -1.0774756e-01   1.3770060e-01  -8.7585754e-02   1.5396944e-01   1.2971638e-01   5.5312866e-02   3.1645745e-01  -1.2608592e-01  -8.4250318e-02   8.9227962e-02   2.6772004e-01   2.4388717e-01  -5.2739584e-02   1.6720509e-01  -2.3175718e-01  -4.9239871e-02  -1.0449140e-01   4.9237559e-01   1.9788895e-01   1.4666384e-01   4.6426128e-02   1.2043449e-02  -2.1796819e-01   1.7102275e-01   1.4045734e-01  -7.0486109e-02  -9.1426885e-02  -2.4707682e-01   5.3233019e-01  -1.1309281e-01  -1.9845220e-01  -5.9071168e-02  -4.4445212e-01  -3.0402907e-01  -3.9080310e-02   1.8181851e-01  -1.5570164e-01  -6.0198747e-02  -6.1439392e-02  -1.6626104e-01  -3.4141232e-02   9.0565157e-02   5.8062402e-01  -3.1239989e-01  -2.1130200e-01   1.8923915e-01   4.2100221e-01   3.5188250e-01   1.4092632e-01   6.0979472e-02  -9.0618136e-02   4.5684098e-02  -2.2364822e-01   1.3252043e-01  -2.2529560e-01   2.5006514e-01   1.2325502e-01   4.8059580e-01  -7.8646239e-03  -2.9997514e-02   9.2288769e-02   3.2134642e-01   1.4704923e-01   9.5114367e-02   3.6981402e-01   2.7320310e-01   3.0411475e-01   1.1631018e-01   1.7207905e-01   1.6366096e-01   8.4781968e-02   1.3578480e-01   5.7727163e-01   1.0837871e-01  -1.1074072e-01  -4.6667403e-02
  -1.9879383e-01  -4.4258492e-01  -2.1675775e-01  -1.6931806e-02   1.3297812e-01   5.7555163e-02   0.0000000e+00  -2.5850239e-01  -4.7346079e-02   7.5889111e-01   1.0355760e-01  -2.0580265e-01   4.6064531e-01  -5.0053898e-02   6.4899945e-01   1.8888327e-01  -5.1752041e-01   3.8145779e-01  -1.8036358e-01   3.6257083e-01   4.1781486e-01   3.8496063e-02   7.1943455e-01  -4.1766804e-01   4.1771767e-03  -1.2854549e-01   5.0656600e-01   1.1391760e-01   5.1052352e-03   3.0393225e-01   6.1448673e-01   1.4240558e-01  -9.5137623e-02   5.1761052e-01   5.7396112e-01   5.2295469e-01   5.2187345e-01  -2.9455190e-01  -6.2542991e-02   4.4706782e-01   4.4183766e-01  -1.6123889e-01  -3.2767040e-01  -1.0747187e-01   3.4979315e-01  -1.1598972e-01   2.4911626e-01   5.1742108e-01   3.6179632e-01  -3.0708964e-01   3.3489530e-01  -1.1285800e-01   4.2655497e-01  -1.3675946e-01   1.8735601e-01  -1.6504426e-01  -1.7569859e-01  -1.5692686e-01  -5.9988691e-02  -1.3311841e-01  -2.8622650e-01   5.9875853e-01  -3.6459909e-01   3.7629399e-01   1.2938880e-01   4.2441185e-01   1.8543356e-02   1.3824771e-01  -6.4294765e-02   1.2763405e-01  -2.3531620e-01   3.1662569e-01   8.5525422e-02  -3.7366949e-01   5.1841194e-02  -6.3396792e-02  -8.6827348e-02   9.2242237e-02   1.5502358e-01  -2.8955598e-03   6.6209159e-01   1.0157109e-01   2.5450033e-01  -2.9277224e-01  -3.1538544e-01  -1.3174213e-02   4.1942599e-01  -7.3663280e-02  -1.1653397e-01  -1.5096263e-01  -2.0767912e-01  -2.4896012e-01   3.5148482e-01  -1.0406495e-02  -3.8805529e-01   2.1257420e-01   1.3827625e-01  -9.9277325e-02   2.1097273e-01   8.5465701e-01   3.8565099e-01   2.1275159e-01   1.5834016e-01  -2.0188441e-02   1.7288145e-01  -1.2737239e-01  -7.5998368e-02   6.0689117e-03   6.5585871e-01   7.5244875e-01   5.8061961e-01   2.0842524e-01   6.8701204e-02  -4.3804870e-01   2.6783416e-01   2.8945125e-01  -8.1698478e-02   2.9568944e-01  -1.6819138e-01   8.9947359e-02  -5.6606332e-02  -2.9028113e-01  -1.9531780e-01   1.0922426e-01  -3.4243991e-01  -8.2684941e-02   3.0473279e-01  -2.0442626e-01  -7.0816835e-02   9.1613266e-02   2.6746293e-01   7.2528313e-01  -1.9773746e-01   2.6149789e-01  -2.0795158e-02  -5.9958996e-02  -9.7072241e-03   6.6344879e-01  -3.7256128e-02  -5.9944779e-01  -4.0141745e-01   2.8504279e-01   1.0925798e-01  -2.1847862e-01   9.0024726e-02   2.7976433e-01   5.2897604e-01   3.4241550e-01   6.3210196e-01   5.5256796e-01  -2.8084393e-01   2.2109855e-01  -1.6431945e-01   1.5604754e-01  -5.4245390e-01  -4.4638285e-01  -3.4160519e-01  -3.3724022e-02  -2.7065546e-01   4.8505475e-01   1.6167672e-01   9.8539543e-03   4.7587095e-01   1.7718142e-01   1.1441044e-01   3.5598209e-01   2.8952825e-01  -1.1125288e-01  -2.3704105e-01   3.7576776e-01   4.4763506e-02  -4.2077998e-01   1.0897059e-01  -3.3425963e-01  -3.3852060e-02  -2.3679378e-01   6.8755318e-02
  -1.4144312e-01  -8.2604864e-02  -1.7350829e-01   5.7883903e-01  -1.3108961e-01   9.4311422e-02  -2.5850239e-01   0.0000000e+00  -1.6938951e-01  -1.9145748e-01   4.7160654e-01  -6.0906402e-02  -7.4074577e-04   9.0581785e-02   2.1975457e-02   4.2201554e-01  -1.1972443e-01   2.0312183e-01   1.3866003e-01  -1.3600329e-01   6.2735783e-02   3.2915461e-01  -1.1294495e-01  -1.5576759e-01   1.0283098e-02   6.5102337e-01   7.8961146e-03  -1.8917065e-03  -4.8936291e-02   1.7741001e-01  -6.5999778e-02   3.6555180e-01   4.2135443e-01  -1.2612580e-01  -3.9711039e-01   1.1560308e-02  -1.2504498e-01  -6.4017980e-02   5.4114562e-01  -1.7681993e-01   2.0571456e-02  -4.3104684e-02  -2.6453598e-01   6.1176205e-01   1.0496150e-02  -9.6909592e-02   4.6553314e-01  -3.2168352e-01  -6.5637194e-02  -1.5250560e-01   3.6490418e-01   7.9881767e-01  -1.6912360e-01  -7.3387371e-02   2.6842979e-02   5.9324531e-01   1.6885288e-01   3.8480419e-01   5.1573264e-01  -1.9893099e-01   2.0289352e-02  -1.0301862e-01  -1.1288301e-01   3.8385490e-02   1.2500028e-01   8.9437320e-03   8.1675610e-02   6.9723947e-02   8.0983212e-01  -1.5693667e-01  -3.2687548e-01   3.3441084e-01   6.4279897e-02  -3.5953500e-02  -1.8410624e-01   3.3710668e-02  -1.2620433e-01   4.3569428e-01  -8.5811009e-02   3.6971273e-01   8.2946284e-02   5.5065654e-03  -1.4640428e-01   7.7510046e-01  -3.3041129e-01  -5.8107107e-02  -1.0961531e-01  -1.1042561e-01  -2.6009355e-01  -3.2461948e-01  -2.4104947e-01  -7.7319126e-02  -1.2748268e-01  -2.0990118e-01  -1.1851818e-01  -2.2632423e-01   2.4171960e-01   8.4494465e-02   1.7894336e-01  -1.5172884e-01  -2.3667230e-01   1.9761451e-01   4.6636943e-01   5.6003509e-02   4.8033183e-01   5.6842404e-01  -3.1246519e-01   5.8126690e-01  -1.5432934e-01  -2.0297345e-01  -1.1383228e-01   3.1462173e-01   2.8530058e-01  -2.7673552e-01  -2.6635033e-01  -2.5119579e-01   5.4759187e-01  -1.5095769e-01  -1.9281626e-01   5.5284989e-01  -9.9019377e-02  -2.7396171e-01   3.3356833e-03  -1.6379781e-01  -2.4317166e-01  -5.4191524e-02   9.1967664e-02  -1.9557454e-01   2.0018517e-01  -1.3749508e-01   3.6236525e-02  -2.2631808e-01  -2.2865130e-02   6.4756338e-02   9.2159340e-02   1.3829924e-01   1.7897048e-01  -7.5557899e-02   7.2858146e-02  -2.2056114e-02  -1.6200313e-01  -1.5287131e-01   5.0674640e-01  -1.5871091e-01   1.2535332e-01  -2.4538328e-02  -4.1580717e-01   5.9411603e-02  -1.5878009e-01  -7.0092830e-02  -2.4118299e-01   5.2415181e-01  -1.6467186e-01  -9.8726435e-02  -5.8502643e-02  -1.6271346e-01  -8.2765750e-02   4.3076423e-01  -9.1854126e-02   3.0387097e-01  -4.4634071e-03   6.7164099e-01  -1.1568005e-01   4.6916093e-01   4.9961654e-01  -1.9830547e-01  -9.4506252e-02   2.0160722e-02  -2.3764626e-01  -2.4930558e-01  -2.5994768e-01  -1.5891612e-01   2.3371528e-01  -8.9797423e-02  -4.7754971e-02  -2.5495442e-01   2.5785788e-01
   3.0380313e-01   4.4968183e-01   7.8499851e-02  -1.0198588e-01   1.0669331e-01  -4.4630638e-01  -4.7346079e-02  -1.6938951e-01   0.0000000e+00  -5.9827352e-04  -2.1491031e-02   2.6747246e-01   8.0759890e-02  -1.6848473e-01   5.0134249e-02   2.4450963e-02   4.9861686e-02  -7.7963138e-02  -2.8343499e-01  -1.9119976e-01  -7.7724038e-02  -3.8996451e-02  -1.5791897e-01   2.0698474e-01   1.4447382e-01  -2.9895586e-01  -1.8145727e-01  -3.2697588e-01   2.2778008e-01   2.4211180e-01   1.9531919e-01  -1.2724800e-01   1.0950873e-01   2.0020945e-01   3.4242706e-01  -1.3508532e-01  -4.4116450e-02   1.0783915e-01  -3.1547688e-02  -1.7380520e-01   6.1150975e-02   9.9151356e-02   6.8591249e-01  -1.3729586e-01   4.1877594e-01  -4.3107029e-01  -1.4906538e-01   5.3164292e-03   7.0980130e-02   1.5629174e-02  -7.4510722e-02  -2.1756729e-01   3.5756490e-01   2.2794194e-01   1.0316281e-01  -1.6953621e-01   2.3295620e-03  -2.3955332e-02  -1.5162523e-01   3.6326195e-01  -2.5809213e-01   1.5747748e-01   6.9885688e-01   4.0729151e-01   4.5554036e-01  -3.7531931e-01  -1.1169625e-01  -1.9480151e-02  -3.6895534e-01  -5.2716565e-01   1.9672603e-01  -2.1467788e-01   3.2282013e-01   2.4858746e-01   3.1805822e-01   1.6639381e-01  -2.6380490e-01  -7.4849357e-02   2.9794699e-01   1.5057311e-01  -2.5941740e-01   2.2489294e-01  -2.8324040e-01  -2.6478543e-01  -1.7773117e-02   1.6991760e-01  -2.6056801e-02  -3.9732977e-02   6.1898114e-01   1.7505350e-01   1.9425859e-01   4.8787041e-02  -2.4166297e-02   7.6341232e-01  -2.3286137e-01  -8.3262919e-02  -1.3242976e-01   1.9190665e-02  -1.6101898e-01  -1.4912097e-01  -2.1285555e-01   1.6225702e-01  -4.5647342e-01   5.1541359e-01  -3.0967414e-01   2.7502124e-02   3.5498265e-01  -3.1716474e-01   3.7486235e-02   7.3299792e-03  -1.1820624e-01  -9.3478509e-02   1.3081321e-01   2.4617601e-01  -4.8190396e-01   3.9117952e-01  -2.5739360e-01   2.2635234e-01  -5.4197407e-01  -1.1722894e-01  -5.7204560e-02   2.3320401e-01   4.3267925e-01   5.3685897e-01  -6.4815506e-02   1.4242534e-02   2.3306539e-01   4.2018192e-01   4.3807902e-01  -4.7109262e-01   3.2514271e-01   1.9878105e-01   2.6538464e-01   5.2374445e-01   5.5780433e-01   3.0926555e-02   1.3768910e-01  -1.5665622e-01   1.1335223e-01   1.3951595e-01   3.3978508e-01   3.1315053e-01  -2.8960363e-01  -4.0899170e-01   5.3187885e-01  -5.9205097e-02  -2.1788576e-01  -3.7438431e-01  -2.3672529e-01  -2.1948725e-01  -1.3129440e-01  -3.3352727e-01   3.6392728e-02   3.2879578e-01   2.2254941e-01   2.4088166e-01  -1.2754003e-01  -7.7590085e-02  -1.7514458e-01  -3.2641622e-01   3.1334460e-01  -2.0185932e-01  -2.6956275e-01  -3.3709144e-01  -2.3248574e-02  -5.5826021e-02  -2.3863555e-01  -3.9155916e-01   9.5966884e-02  -2.3036726e-01   2.7346530e-01   4.4577389e-03   4.1554560e-02  -3.5599378e-01   1.2501962e-01   5.8032371e-01   2.9637091e-01
  -1.2024603e-01  -5.9196139e-01  -3.5364342e-01  -2.5019217e-02   2.2534131e-01   4.0432531e-03   7.5889111e-01  -1.9145748e-01  -5.9827352e-04   0.0000000e+00   2.4934089e-01  -4.9245099e-01   3.6078771e-01  -6.6024453e-02   5.4774772e-01   1.0339624e-01  -5.7269364e-01   4.0582791e-01  -2.8071116e-01   4.5124494e-01   2.9757230e-01   1.3597411e-01   6.1255322e-01  -4.6920444e-01  -1.0155436e-01  -6.5213066e-02   4.3444842e-01   5.9729269e-02  -4.3020341e-03   2.3796469e-01   5.1671403e-01  -2.7073537e-02  -2.5081920e-01   3.9396954e-01   4.6941444e-01   6.4009553e-01   4.2570400e-01  -2.9344471e-01  -7.7836999e-02   3.7009277e-01   4.3242184e-01  -4.2567279e-01  -4.2063442e-01  -6.4850298e-02   2.6171006e-01  -5.7669238e-02   3.0568296e-01   2.9042797e-01   4.2630392e-01  -4.2528354e-01   3.0665815e-01  -3.2363948e-02   2.1950532e-01  -3.5376941e-01   1.2422796e-01  -1.1584317e-01  -2.4912013e-01  -5.6068348e-02  -1.1859425e-01  -2.5683317e-01  -2.5817460e-01   5.0741916e-01  -4.2516745e-01   2.4728578e-01   2.9609452e-02   5.3240518e-01  -1.0744369e-01   8.3274157e-02  -2.0243195e-02   1.6738625e-01  -2.7559777e-01   3.2528933e-01   7.0642215e-03  -4.8424420e-01  -1.0549226e-01  -7.8914758e-02  -1.1703590e-01   5.5486887e-02   1.7482059e-01  -1.0300410e-01   4.6422132e-01   9.6521323e-02   3.0021579e-02  -1.3727541e-01  -3.9704677e-01  -1.0156796e-01   2.9302135e-01  -1.6098257e-01  -2.2967147e-01  -1.5439471e-01  -2.2322500e-01  -3.7744128e-01   1.0285218e-01   6.3682916e-02  -4.4773726e-01   1.7782502e-01   1.0396176e-01  -6.9482929e-02   1.5730514e-01   7.6455735e-01   1.6709806e-01   1.7832506e-01   1.7206706e-01  -4.9545565e-02   1.7488882e-01  -9.6826311e-02  -1.5487682e-01   1.0082212e-01   4.6530577e-01   6.2604391e-01   3.2477722e-01   1.1172472e-01   1.5281334e-02  -4.2316686e-01   1.5251726e-01   1.9097804e-01  -1.0094455e-01   3.1547289e-01  -3.0451133e-01   1.6184295e-02  -1.5561827e-01  -2.7432879e-01  -2.8778284e-01   4.2872425e-02  -3.1874858e-01  -2.6128312e-01   1.3031876e-01  -2.2184544e-01   2.8949249e-02   1.8207901e-01   1.2826411e-01   6.8096856e-01  -2.7708766e-01   2.3246409e-01   1.1254134e-02  -1.0845055e-01  -2.6711002e-01   5.9831245e-01  -6.9758564e-02  -5.6037544e-01  -3.5044180e-01   2.0150983e-01   7.3806362e-02  -2.9760882e-01  -4.0123627e-02   2.7871627e-01   2.2416608e-01   4.4042835e-01   6.9878818e-01   5.6395988e-01  -3.5115779e-01   2.2786876e-01  -3.4858138e-01   3.2673374e-01  -6.1060879e-01  -3.7370984e-01  -3.1869542e-01   9.3669523e-02  -2.9492748e-01   3.1958862e-01   1.0929305e-01   5.8557364e-02   6.4565958e-01   2.0261712e-01   1.3706792e-01   9.9035799e-02   2.4101862e-01  -1.6054707e-01  -3.6417051e-01   2.1096463e-01  -3.5575973e-02  -4.6087667e-01   2.0635746e-01  -4.1768160e-01  -2.5342749e-01  -2.8018998e-01   1.7538721e-01
  -2.1782806e-01  -2.1982455e-01  -1.7832513e-01   4.3838821e-01   5.2686742e-02  -8.4589621e-03   1.0355760e-01   4.7160654e-01  -2.1491031e-02   2.4934089e-01   0.0000000e+00  -3.2147247e-01   1.2173532e-01   8.8030046e-02   1.9559439e-01   4.2629336e-01  -2.4624497e-01   5.7535438e-01  -3.9774085e-01   2.3792151e-01   2.4827608e-02   4.2905136e-01   2.2894211e-01  -4.0315835e-01   2.1939684e-01   2.9603680e-01   2.0345761e-01   1.3794348e-01  -1.9650841e-02   4.6317620e-01   1.5283878e-01   2.0000838e-01   2.5755863e-01  -2.8491445e-01  -1.3366745e-01   5.2541749e-01   9.5293207e-02  -9.3601779e-02   4.1562793e-01  -1.6545354e-01   1.7684427e-01   7.3497581e-03  -2.8848868e-01   4.5789004e-01   3.5774156e-02   3.3332833e-03   7.5473431e-01  -2.4776511e-01   1.1541955e-01  -4.2270549e-01   6.2847510e-01   3.4307652e-01  -8.9359683e-02  -1.5638250e-04  -8.8759381e-02   3.1352163e-01  -5.8792737e-02   2.9039563e-01   3.5266859e-01  -1.5029086e-01   1.0043455e-01   1.3212895e-01  -1.6350735e-01   8.1131578e-02   1.0477483e-01   5.1794503e-01  -5.5757977e-02  -1.3043498e-01   4.9498621e-01  -8.6612509e-03  -4.3789555e-01   5.5241649e-01   8.3353391e-02  -9.1848033e-02   8.2202548e-02  -2.9548775e-02   1.0164454e-01   3.2703312e-01  -1.3852615e-01   2.5420711e-01   1.8241715e-01  -4.8610870e-02  -1.6655383e-01   2.9897913e-01  -4.8148926e-01  -1.3276302e-01  -5.4520855e-02  -3.2898884e-01  -8.8509607e-02  -4.3886334e-01  -3.4330015e-01  -9.4964693e-03  -2.1931540e-01   2.7111498e-02  -1.8818897e-01  -1.6460450e-01   1.2526739e-01  -3.2487888e-01   3.4534435e-01   2.0720642e-01  -3.3246445e-01   1.3052754e-01   4.3077155e-01   1.8009675e-01   4.9254495e-01   2.2423604e-01  -6.4887301e-02   4.0739404e-01  -3.2829356e-02   1.5192055e-01  -2.4896233e-02   3.2978816e-01   1.6731993e-01  -4.2397663e-01  -2.8434084e-01  -3.8056661e-01   3.3102349e-01   1.5394614e-01  -3.7239349e-01   4.8302485e-01   4.5896871e-02  -4.5999253e-01   4.8968335e-02   1.7206635e-01  -2.9646025e-01  -6.1455103e-02   1.3753663e-01   1.1904249e-01   2.8048687e-01  -8.4938715e-02   1.6448012e-01   2.1945184e-01  -4.9322965e-02   2.5671064e-02   1.5046781e-01   3.5850044e-02  -1.4556198e-01  -2.1647024e-02  -2.4090372e-02  -1.9670254e-01  -2.9025809e-01  -1.1692826e-01   3.5774789e-01  -2.7159905e-01   1.0211917e-03   6.1122233e-02  -3.7639492e-01   5.8655219e-01   3.7200051e-01   2.5812474e-01  -4.1077678e-01   3.7668937e-01  -2.3954254e-01   3.9612929e-01  -3.9952720e-01  -3.6238063e-01  -3.9101779e-02   2.1609585e-01  -3.9391343e-02   1.0548541e-01   1.7116405e-01   6.2750080e-01   4.0021527e-01   5.4940781e-01   3.0090629e-01  -3.9887522e-01   5.0269561e-01  -1.3707836e-01  -1.7288997e-01  -6.4278479e-02  -3.5626734e-02  -1.5417679e-01   6.1271390e-01  -2.4124930e-01   4.8800246e-02  -5.8811748e-02   2.3348850e-01
   3.5817636e-01   6.2887459e-01   4.7143117e-01  -1.1509403e-01  -1.8710730e-01   9.5648756e-02  -2.0580265e-01  -6.0906402e-02   2.6747246e-01  -4.9245099e-01  -3.2147247e-01   0.0000000e+00  -4.2588642e-02   9.2082408e-02  -8.6302439e-02  -1.6760524e-01   4.5121640e-01  -3.5712200e-01   1.5013360e-01  -2.2240198e-01  -3.5057673e-01  -2.4594116e-01  -3.6407007e-01   4.1427153e-01   7.3774846e-02  -1.9420957e-01  -1.5337921e-01  -4.2685634e-02   1.9077208e-01  -3.0771888e-02  -2.9794406e-01  -7.4229017e-02   1.7342201e-01   7.6941996e-02   3.2376929e-02  -4.7254127e-01  -2.8012976e-01   3.9793336e-01  -2.1566741e-01  -3.3996001e-01  -1.4166729e-01   3.5058679e-01   5.8232614e-01  -1.7144969e-02   9.2301240e-02  -2.7726157e-01  -3.8090408e-01  -7.8769294e-02  -4.0577097e-01   4.5003568e-01  -3.2426561e-01  -8.2184579e-02   6.8018886e-02   4.3372929e-01  -1.7874722e-01   4.1028334e-02   4.3304093e-01  -6.0167102e-02  -1.9177537e-01   7.2376470e-01   5.1254114e-02  -1.8124323e-01   5.7332415e-01   1.9946257e-01   4.7782278e-03  -4.6194035e-01   1.4847604e-01   2.2301438e-02  -1.7050211e-01  -1.6520424e-01   1.7296959e-01  -3.7849824e-01   3.4090071e-03   6.3541993e-01   2.0189310e-01  -1.1868081e-01  -4.0371371e-02  -1.1059842e-01   4.8536246e-02  -6.4893476e-02  -2.2423165e-01  -1.7033736e-01   4.1984020e-02  -3.1751936e-02   5.1444997e-01  -1.5988283e-02  -2.1580915e-01   1.6314511e-01   5.6166070e-01   5.3200918e-01   2.0815413e-01   3.7966599e-01   3.4885429e-01   1.5993393e-01   2.0568892e-01  -1.8031249e-01  -6.9255421e-02   1.1593119e-01  -1.6689050e-01  -2.8515106e-01   3.5370367e-02   2.9209039e-01  -3.1466166e-01   2.7054608e-01  -3.9189329e-01  -4.5340034e-03   2.1677884e-01  -2.5621561e-01  -1.9590666e-01  -2.9032556e-01   1.4048158e-01   5.2697940e-02  -5.3727467e-02   4.5993385e-01  -6.8935392e-03   4.5714714e-02  -1.0272068e-01  -2.0252531e-01   8.8851821e-02  -1.5453274e-01   2.4210750e-01   3.7239566e-01   5.0247607e-01   1.7603042e-01   2.3042038e-01   4.5360200e-01   3.5467809e-01   1.5784799e-01  -1.2836710e-01  -3.3799058e-01   6.2577196e-02  -8.7521431e-02   4.6886393e-01  -9.1090448e-02   1.5818649e-01  -9.1887314e-02   2.9467912e-01  -4.1833481e-01  -5.2001781e-02   3.7491564e-01   5.8019279e-01   1.4807551e-01  -3.0465893e-01   1.7333916e-01   3.8490771e-01  -3.2258708e-01   1.1000705e-01  -4.3918171e-01  -3.5852034e-01  -4.6184464e-01   4.8794971e-01  -3.0344041e-01   3.6290938e-01  -8.7465828e-02   4.6023218e-01   5.4216188e-01   2.0521319e-01  -2.5999234e-01   2.3754189e-01  -1.8122438e-01   1.6082873e-01  -2.3409252e-01  -5.9380662e-01  -3.7328424e-01  -1.4594555e-01   3.8271105e-01  -1.3695372e-01   1.3437447e-01   4.3774375e-01  -1.8254024e-01   3.1667991e-01   4.0884802e-01  -3.5769225e-01   2.1151188e-01   1.9293485e-01   2.3797252e-01  -8.0858447e-02
  -6.5748647e-02  -1.8383890e-01  -1.1845645e-01   3.5151778e-01  -1.6168151e-02  -2.1271372e-02   4.6064531e-01  -7.4074577e-04   8.0759890e-02   3.6078771e-01   1.2173532e-01  -4.2588642e-02   0.0000000e+00   5.4765355e-02   4.7401558e-01   3.4737493e-01  -3.0407653e-01   3.7855122e-01  -2.3606803e-01   1.1770436e-01   1.1303688e-01   2.2560351e-01   4.8709311e-01  -2.7058586e-01   6.2420777e-02   2.1549324e-01   3.0414285e-01   1.7548351e-01   1.0861651e-01   2.3279732e-01   1.9362668e-01   3.1442596e-01   1.7328855e-01   3.0231380e-01   2.5761333e-01   2.5939440e-01   2.8597607e-01  -1.6791574e-01   2.3037300e-01   1.2452539e-01   7.7936711e-01   1.3057789e-01  -1.1899026e-01   2.4191739e-01   3.2477733e-01  -1.9795697e-01   1.4330296e-01   1.3046887e-01   2.8799409e-01  -2.3882631e-01   3.1688737e-01   5.6682583e-02  -3.7423318e-03   5.1799165e-02   6.8519736e-02   1.9517411e-01  -4.1686408e-02   2.6081535e-01   3.7753038e-01  -7.8655538e-02  -9.7899553e-03   3.5300879e-01  -5.0192636e-02   2.3201615e-01   1.4332701e-01   2.1832010e-01   2.4481192e-01   9.7398924e-02   3.2915020e-02  -5.0033875e-02  -2.5455700e-01   2.8748382e-01   3.9216843e-01  -5.6312714e-03   9.5795871e-02   2.8571006e-02  -4.1177858e-02  -8.6516726e-03  -6.8250391e-02   3.4047536e-01   3.8489042e-01   4.5628873e-01   2.2147935e-01   3.2423935e-02  -2.5564463e-01  -5.0512814e-02   2.2874097e-01  -1.2992320e-01   1.4238407e-02  -3.9402120e-02  -2.6796281e-01   5.8984206e-02   3.0663827e-01   9.4220104e-02  -1.7546901e-01  -6.0409209e-02   3.8085951e-01  -2.2084019e-02   2.2780101e-01   4.4413208e-01   1.1577461e-01   2.9265512e-01   2.7900444e-01   1.1856680e-01   1.8787328e-01   1.7732181e-01   1.4693557e-01   1.0698307e-01   2.6418169e-01   2.3393427e-01   3.9742799e-01   3.2624623e-01   2.5773822e-01  -2.9551400e-01   1.0261562e-01   6.7170967e-02   2.0940167e-01   6.9926949e-01  -1.6532833e-01   3.0197891e-01   2.6357926e-03  -1.7055484e-01   1.0646359e-01   5.1672581e-03  -1.4034069e-01   7.7222556e-02   1.5728417e-01  -3.5236996e-02   2.3987320e-02  -9.2348885e-02   5.1283676e-01   3.0524890e-01   1.1528139e-01   6.5836107e-02   2.0778062e-01  -1.4473713e-02   2.0835382e-01   3.2888579e-01  -5.8044113e-02  -2.2256160e-01  -1.4225409e-01   4.2194671e-01   3.5903004e-02  -2.2384940e-01   2.5240406e-01   1.6215418e-01   1.0304056e-01   1.7875994e-01   3.7437896e-01   8.0041237e-02  -2.1719760e-01   1.9908991e-01  -2.6390141e-02  -9.5259796e-02  -3.4522293e-01  -1.2969613e-01   4.6967330e-02   5.0092474e-01  -9.1677040e-02   3.0698407e-01   3.0487519e-01  -5.1513614e-03   2.1291554e-01   2.2377859e-01   3.7730851e-01   1.5869383e-01   2.6942322e-01   2.7005219e-01   8.1594192e-03   8.2314082e-02   8.1214771e-02  -2.1013311e-01   1.0050296e-01  -2.8934789e-01   1.5151880e-01  -9.2871391e-02   2.3744168e-01
   3.4761516e-01  -5.4905584e-02  -1.2786540e-01   1.9317880e-01  -2.7631868e-01  -3.6122804e-02  -5.0053898e-02   9.0581785e-02  -1.6848473e-01  -6.6024453e-02   8.8030046e-02   9.2082408e-02   5.4765355e-02   0.0000000e+00   2.3020551e-01   1.4448856e-01  -1.5271773e-02   2.5881669e-01  -7.9963525e-02  -1.3141892e-01   7.3903439e-02   1.5355434e-01  -1.4598626e-02   3.0485244e-01   2.2332410e-01   1.1117790e-01  -1.9119735e-01   4.2020441e-01  -1.7342216e-01   1.8968596e-01   1.9322261e-01   7.8885645e-02   4.4480167e-02  -4.6819307e-02   3.6071680e-02   1.3256065e-02   1.2009324e-01   7.4094523e-02   9.7956491e-02  -3.7465657e-01   5.4206216e-02  -8.6976398e-02  -1.6875530e-01   2.7759308e-01  -4.2465398e-02  -2.8508476e-01   1.7348557e-01  -1.6663921e-01   1.2780534e-01  -2.6276304e-01   2.7912243e-01   6.0148625e-02  -3.1259814e-01  -1.8158235e-01   4.3863997e-01   1.9157438e-01   2.0087855e-01   1.3171470e-01   1.0667052e-01   1.7268385e-01   1.1127776e-02   1.9764772e-02  -2.5680031e-01   8.4485446e-02  -4.7898639e-02   3.0459229e-02  -1.1270864e-01   2.3358164e-01   1.2199839e-01   1.1424070e-01  -3.0876309e-01   3.2110438e-01  -1.9706083e-02   1.4165676e-01  -1.2968104e-01   2.5756317e-02  -9.3251257e-02   1.4008584e-01  -2.5138557e-01   1.4963847e-01   3.1769370e-01   3.8761729e-02   3.0537614e-01   2.6222548e-01   1.1584581e-01  -7.4819143e-02   3.4706359e-01   3.3976671e-01  -2.2356782e-01   3.7427760e-02  -2.6042301e-01   4.1771766e-02  -3.0160073e-01   3.4312330e-03  -2.7871152e-01  -3.5404280e-01   1.5467144e-01   6.9185653e-02   2.0087627e-01   5.2929116e-02   2.2670240e-01   2.1945030e-01   5.0065806e-01   2.8299283e-01   2.8492444e-01   1.2220165e-01   1.1374619e-01   2.9026110e-01  -4.6651805e-02  -1.6319846e-01   1.4001274e-01   4.3967823e-01   5.1797120e-02  -1.7698887e-02   2.7930802e-01  -3.6706006e-01   7.7007400e-02   3.8727034e-02   7.2794140e-02   2.5266084e-01   2.8074623e-01  -3.6933451e-01   3.1606998e-02  -1.2149633e-01  -7.4303595e-02   5.6064617e-01   2.1712772e-01  -1.0952349e-01   6.8526364e-02  -1.5931667e-01  -1.7224863e-01   5.7559574e-02   3.6060748e-01  -1.3512893e-01   3.9510172e-02   3.1899887e-02   8.4633487e-02   1.3100709e-01  -1.1692340e-02  -1.2479660e-01   1.8863079e-01  -6.9352982e-02   2.4404030e-01  -9.9548884e-03   4.3381735e-02   4.5926021e-01  -2.4912432e-02   6.9892229e-02   4.1559856e-02  -4.6675842e-02   2.0001481e-01   3.1577530e-01   1.3343371e-01  -1.0543250e-01  -4.4568145e-01   1.2783967e-01  -2.8465103e-02   2.7965180e-02   9.3446131e-02   2.4128203e-01   3.7163385e-02   1.6170618e-01  -8.0994695e-02   3.3131940e-01   1.7441911e-01  -1.1848156e-01   1.4602459e-01   3.0532828e-01   1.6525502e-01  -2.3832311e-01  -2.4292398e-01  -1.5537678e-01   1.1114056e-01  -2.1920536e-01   2.0755267e-01  -1.1777662e-01   1.1186726e-01
