   0.0000000e+00  -1.0002467e-01   3.7481375e-01  -7.3118884e-02  -4.5502777e-01   8.7346054e-03  -2.4542412e-01   5.2391435e-01   4.3976995e-02  -7.4147420e-03  -3.1450785e-01  -1.6887854e-01  -3.9201243e-01   1.7360019e-02  -1.6548807e-01  -6.0871779e-01   3.8190441e-01  -4.4713355e-01   5.4575867e-01  -3.9294696e-01  -2.3696085e-01   1.2678458e-01  -7.6295023e-02   8.6541034e-01  -2.2024212e-01   5.6142204e-01  -5.2597910e-01   2.4929132e-01  -4.8574921e-01  -3.2442813e-01  -2.0984655e-02   9.6665181e-03  -2.4844152e-01  -2.7678005e-01   2.2241629e-01  -5.5554725e-01  -3.1408026e-01   4.8767533e-01  -6.3687251e-01  -5.2127208e-01  -4.5246129e-01   1.0169317e-01   2.3421136e-02  -2.2430543e-02  -2.7620989e-01   5.7630610e-01  -2.7944736e-01  -4.4624095e-01  -3.0974786e-01  -3.0407756e-01  -3.7335047e-01   6.1466886e-01  -3.5751219e-01  -1.5754615e-01   2.7457721e-01   5.0690022e-02   5.5672051e-01   3.0864889e-01  -3.1201711e-01   1.6242260e-01   7.0867028e-01  -3.9407492e-01  -9.5302640e-02  -3.1062010e-01  -4.2492414e-01  -4.9522492e-01  -1.8474009e-01  -6.6141460e-02   1.5432255e-01   6.7505163e-01  -2.0493219e-01  -1.6566652e-01  -6.1774784e-01   6.3249452e-01   4.7494888e-02   5.8097974e-01   6.8835161e-01   3.1658871e-01  -2.2680362e-01  -3.8966272e-01   2.3244266e-01  -6.1572251e-01  -5.2092223e-01   6.5836842e-01   8.7976396e-01   3.2639575e-01  -4.1306870e-02   8.6711567e-02  -2.6337899e-01   9.0157383e-01  -4.3548684e-01   5.5652818e-01  -5.6782455e-01   2.6699057e-01   4.7508375e-01  -2.8966603e-01  -1.2316036e-01   5.1680599e-01  -6.8356815e-01  -2.5605794e-01   8.4199613e-01  -2.3921512e-01   5.8978254e-02   2.1037487e-01  -1.5028567e-01   4.5402116e-01  -1.2267720e-01   3.3463497e-01  -3.4650825e-01  -1.0914495e-01  -3.7003422e-01  -5.2640371e-02  -2.4087033e-01   7.1583109e-01   6.8192132e-01  -2.4621467e-01  -2.3096128e-01  -4.9929951e-01   1.6178163e-01   1.1077687e-01   8.7255494e-01  -3.2877345e-01  -5.6266965e-02  -1.7578068e-01   8.3177200e-01   4.0085640e-01  -1.7523956e-01  -8.5718372e-02   3.5997217e-01   4.2197630e-01  -6.3517836e-01  -3.5966894e-01   7.4244610e-01  -2.0788641e-01   2.6507638e-01   5.0865508e-01  -4.6319314e-01   2.9841595e-01   5.2969962e-01   8.5635764e-01   8.8207611e-01  -3.4028216e-01   8.7089536e-02  -1.8341637e-01   8.0841037e-02  -2.6902687e-01  -2.5262481e-01  -5.1834290e-01  -3.9874138e-01  -8.9269108e-02   8.2555748e-01   2.4988213e-01   7.2096132e-01  -3.0023985e-01  -4.3048939e-01   8.6603139e-01   8.0912642e-01  -3.3264211e-01   7.3238004e-01   4.3706134e-01  -3.5451877e-01   1.4289412e-01  -3.2649822e-01  -2.2736618e-01   4.0602545e-01  -1.8962766e-01  -3.6414451e-01   6.0198173e-01   8.9040980e-01  -5.5141127e-01  -2.7879850e-01   8.1742919e-01  -5.4861734e-01  -2.8249558e-01  -1.4311866e-01  -3.1938159e-01   2.7141066e-01
  -1.0002467e-01   0.0000000e+00   5.1040708e-01  -6.4307509e-01   5.5871382e-01  -6.7285934e-01   9.6691685e-02  -3.8567605e-01   5.9571113e-02  -2.9874557e-02  -4.0626388e-01   7.8800471e-01  -2.8760275e-01  -3.4119032e-01  -1.6877178e-01   1.6848496e-01   3.9887099e-01  -4.4311101e-01  -5.3026101e-02   6.2602679e-01   1.6478080e-01  -7.0123218e-01   8.8951750e-02  -1.9695565e-04  -2.7976349e-01  -3.9301845e-01  -4.2233285e-02  -3.5728636e-01   3.6821761e-01   1.9296545e-01  -3.2495128e-01  -6.2434212e-01   2.2573689e-02   2.2519499e-01  -5.4655266e-01   2.7340117e-01  -1.5250481e-01  -7.8756257e-02   8.0864065e-02   6.3572956e-01  -2.6791329e-01  -1.6221734e-01   1.4699554e-01  -6.7651409e-01  -2.8410837e-01  -9.0980638e-02  -5.1194156e-01   4.0585154e-01  -5.6869061e-02   7.8306614e-01  -5.2604303e-01  -2.5180206e-01   6.7475671e-01  -9.9347492e-02  -3.6272673e-01  -4.6895303e-01  -3.5213581e-01  -7.5473301e-01  -5.7612957e-01  -3.5487650e-01  -2.2013728e-01  -3.5908893e-02   1.3211906e-01  -2.1099002e-01   5.3657539e-01  -1.3946520e-01  -4.7350794e-01  -7.3126299e-02  -7.6352003e-01   2.3576510e-02   7.6635859e-01  -6.8929632e-01   9.0596531e-02  -6.1699066e-02  -2.7098124e-01  -4.5530130e-01  -2.5112910e-01  -5.0129864e-01   7.6744526e-01  -1.7462291e-01  -4.4169745e-01  -1.8851615e-02   2.0909591e-01  -2.4579278e-01  -1.6854056e-01  -4.8642582e-01  -5.8002246e-01  -2.9763052e-01   5.5898122e-01  -8.3418507e-02   5.8078912e-01   2.1600702e-01   1.5699446e-02  -6.4208941e-01  -4.8788017e-02   6.9386505e-01  -4.7549759e-01  -8.3179635e-02   4.0693773e-02  -3.0649570e-01  -1.0527748e-01   3.2900826e-02  -6.5795645e-01  -2.7220805e-01  -5.8688456e-01  -5.9304639e-01   8.6039619e-02  -5.5924326e-01  -2.3280163e-02  -6.1712630e-01   6.1740900e-01  -6.0658622e-01  -4.2996766e-01  -2.3289871e-02  -4.3848286e-02   7.2675813e-01  -1.1809230e-01  -5.4429395e-03  -2.0444831e-01  -7.6601021e-01  -1.8832019e-01   6.5119662e-01  -1.1124407e-01   2.1353712e-01  -1.9024954e-01  -3.4867908e-02   2.2671339e-01  -3.1789786e-01  -6.2330128e-01   3.5182268e-01   4.7929152e-02   2.5370813e-01  -1.3224127e-01  -2.8342263e-02  -6.7405429e-01  -4.1112693e-01  -1.2754926e-01  -3.2399962e-01  -4.1879542e-01  -1.4806017e-01  -1.9062947e-03  -2.7274733e-01  -5.6784452e-01   7.2617692e-02  -3.2963482e-01  -3.1071819e-01   5.8529297e-01   5.8826206e-03  -4.8997823e-01   3.2950716e-01  -1.2385644e-01  -4.4004366e-01  -1.6715130e-01   2.2367020e-01   7.8593946e-01  -1.6868582e-01  -2.0262025e-01  -4.4460806e-01   6.0017468e-02  -5.2103692e-01  -1.8199993e-01  -6.3572007e-01   4.3925862e-02  -6.3250705e-01  -6.7074118e-01   6.8106703e-01   5.8312401e-01  -2.8648583e-01  -1.6444371e-01   3.0025900e-01   6.9288081e-01  -1.8650823e-01  -1.8054835e-01  -2.5486788e-01  -3.8309388e-01   7.7853074e-02  -5.2173575e-01
   3.7481375e-01   5.1040708e-01   0.0000000e+00  -4.8917365e-01   1.6772257e-01  -3.9253088e-01   1.2696201e-01   2.7576077e-01  -6.5948697e-02   5.1511376e-02  -6.0280805e-01   4.2997032e-01  -4.0409968e-01  -5.6634702e-01  -3.7918787e-01  -1.1308278e-01   8.5719239e-01  -6.2404623e-01   4.0104259e-01   2.0131748e-01   1.9902035e-01  -5.4464444e-01   2.2499631e-01   2.9698080e-01  -3.6365198e-01   2.2538286e-01  -1.1861586e-01  -3.6830093e-01  -1.2403056e-01  -4.2428808e-01  -4.8256293e-01  -3.3846258e-01   2.2600247e-01   1.1449468e-01  -4.7715758e-01  -2.3586468e-01  -4.5075625e-01   1.3148937e-01  -2.0318441e-01   3.6299251e-01  -5.2456991e-01   1.6329852e-01   6.4467127e-02  -4.1761746e-01  -7.3503048e-01   3.2616242e-01  -5.2385629e-01   2.1733796e-01  -3.0123687e-01   5.0009949e-01  -6.7383684e-01   3.5515954e-01   3.2466645e-01  -8.2008474e-02  -3.2176081e-01  -4.0475741e-01   7.6582944e-02  -4.4715955e-01  -5.5648262e-01  -4.7203452e-01   4.4070290e-01  -3.3424970e-01  -1.5316009e-01  -4.1508422e-01  -2.1162112e-01  -5.6975430e-01  -4.1727542e-01  -5.4900078e-02  -3.6417492e-01   6.8709808e-01   5.2220312e-01  -7.0570461e-01  -4.3960078e-01   4.8871154e-02  -2.7663251e-01   1.5111387e-01   4.5310528e-01  -8.3975715e-02   2.6735000e-01  -2.7120480e-01  -3.2160011e-01  -2.8016485e-01  -3.7096170e-02   3.1232139e-01   1.7796952e-01  -5.2933885e-02  -7.0325347e-01  -1.9904981e-01   2.3791911e-01   2.6361783e-01   2.8666179e-01   7.6108877e-01  -2.5087060e-01  -3.7595150e-01   2.5573236e-01   4.2244675e-01  -5.1303328e-01   3.3223204e-01  -3.3150414e-01  -4.1898013e-01   4.7015914e-01  -3.3760609e-01  -6.4433695e-01  -3.5577350e-01  -7.7521074e-01  -9.2387412e-02   2.4970385e-02  -3.5498139e-02  -1.8176254e-01  -4.4026987e-01   2.4555883e-01  -7.2512495e-01  -3.8777088e-01   2.5090753e-01   2.1993539e-01   2.7701114e-01   9.0781656e-03  -1.8239908e-01  -1.1308876e-01  -4.6493891e-01   5.0062858e-01   3.3971891e-01  -1.8057820e-02  -2.5997715e-01   3.7421318e-01  -8.2760693e-02  -3.3856863e-01  -2.3140701e-01  -2.1430181e-01   8.4570315e-01  -2.5614800e-01  -2.5542804e-01   1.4362559e-01  -5.1306420e-03  -3.3206483e-01   2.5983484e-01  -3.5081792e-01  -2.0512179e-01   2.0194026e-01   3.0813625e-01   3.8327725e-01  -2.6799026e-01  -3.3447983e-01  -9.7127818e-02  -4.5241381e-01  -6.0309135e-01   5.0800851e-01  -4.8316282e-01  -5.5597633e-01   9.1213490e-02   2.3030093e-01  -2.5524904e-01   5.4500622e-01  -2.3405499e-01   4.3129295e-01   2.6356597e-01   5.0850903e-01  -4.9699763e-01   6.7186269e-01  -1.3793335e-01  -5.8322514e-01  -2.0687948e-01   1.2425536e-02  -7.7080517e-01  -2.5239337e-01   2.3215100e-01   9.8041104e-02   2.6728301e-03   4.8786927e-01   3.5509292e-02   2.4117373e-01   4.5083801e-01  -6.8350546e-01  -5.1153130e-01  -3.8401299e-01  -6.6349328e-02  -2.2882265e-01
  -7.3118884e-02  -6.4307509e-01  -4.8917365e-01   0.0000000e+00  -3.7624912e-01   4.3984206e-01   6.2248371e-02   1.0471477e-01   2.7145637e-01   3.9090351e-02   4.7063112e-01  -4.4559871e-01   4.1779074e-01   3.9544374e-01   5.1970534e-01   1.9194003e-01  -3.8865360e-01   5.3391401e-01  -1.2393432e-01  -3.6138789e-01  -5.6913513e-02   8.2484546e-01   1.5255616e-01  -1.6624464e-01   6.1758920e-01   1.1906083e-01   1.0210531e-01   2.3422321e-01  -1.0345955e-01   1.5729946e-01   4.5753893e-01   6.4258187e-01   4.0074329e-02   9.7701456e-02   5.6626769e-01  -2.4597533e-02   2.0884575e-01  -1.6616567e-01   2.5999346e-01  -4.6782331e-01   5.1090616e-01   2.0838196e-01   1.3823455e-01   3.3885821e-01   5.0142269e-01  -1.4679261e-01   5.4221866e-01  -2.2462447e-01   5.5918258e-02  -5.0894207e-01   5.9426345e-01  -3.0524384e-02  -4.6571202e-01   3.6158590e-01   3.2309380e-01   4.0155647e-01   9.7169915e-02   7.2221463e-01   7.8870965e-01   5.9106888e-01   3.3528746e-02   1.9833456e-01   2.9326645e-01   3.5852920e-01  -2.6412995e-01   1.7375818e-01   4.7805002e-01   2.2590515e-01   6.0472440e-01  -3.7559475e-01  -5.7005231e-01   7.6224229e-01   1.8169135e-01   6.0886990e-02   4.9446787e-01   2.1398436e-01   1.8851379e-02   2.7274975e-01  -5.4016426e-01   5.6890000e-01   5.4984953e-01   2.1323861e-01  -1.3429003e-01   2.0181510e-01  -8.0026054e-02   2.7875921e-01   5.0527277e-01   1.5664832e-01  -9.6611859e-02  -1.7948124e-01  -4.1583283e-01  -2.5966508e-01   1.8778797e-01   7.9545999e-01  -2.2545006e-01  -5.9040096e-01   6.8277408e-01  -8.4543617e-02   1.2313408e-01   4.1399849e-01  -1.7332911e-01   2.9316507e-01   6.4663793e-01   5.3098234e-01   7.2673317e-01   5.8694168e-01   2.4748220e-02   4.2186898e-01   9.0910996e-02   4.5590562e-01  -3.3094635e-01   7.4348078e-01   7.7332718e-01  -1.7241779e-01  -1.0174656e-01  -5.6615902e-01   1.8074859e-01   1.3137378e-01   1.1939069e-01   8.4878320e-01  -1.3793609e-01  -4.6718047e-01   4.2230884e-01   3.7717937e-03  -2.0154199e-01   1.5919633e-01   1.0941840e-01   4.5835724e-01   7.6063009e-01  -5.9666535e-01   1.7375197e-01   2.9958911e-02   7.1723020e-02   1.4951968e-01   7.8685629e-01   1.0452039e-01   4.5428234e-01   3.4489405e-01   1.5502384e-01  -5.0025268e-02  -1.8905358e-01   7.8796720e-02   5.5357795e-01  -1.4704022e-01   6.5653076e-01   4.1170927e-01  -3.3754946e-01   2.2545027e-03   4.6079091e-01  -2.3660227e-01  -1.8851382e-01   4.2459496e-01  -1.5493531e-01  -7.3401725e-02  -5.8405720e-01  -8.8467974e-02  -9.3266408e-02   6.5074221e-01  -1.4009621e-01   4.8116614e-01   3.9941955e-01   4.8158335e-01   5.1206491e-02   7.4472884e-01   7.0511924e-01  -3.6800382e-01  -2.8412983e-01   7.2084477e-03  -8.4687871e-02  -1.9071978e-01  -5.4223554e-01  -1.5413204e-01   4.2997566e-01   2.5705397e-01   4.7483682e-01   1.8199524e-01   7.4615072e-01
  -4.5502777e-01   5.5871382e-01   1.6772257e-01  -3.7624912e-01   0.0000000e+00  -4.3669484e-01  -1.0739682e-02  -4.8407864e-01  -2.2364148e-01  -1.6160340e-01   7.0743645e-03   5.9221944e-01   2.4236101e-01  -1.8746282e-01  -7.1408990e-02   6.0804490e-01   2.0494378e-01   1.4721897e-01  -4.1539075e-01   9.2188856e-01   7.2105118e-03  -5.1637862e-01  -2.7657669e-01  -3.4286393e-01  -2.0968671e-01  -4.5655219e-01   3.8300787e-01  -3.3816487e-01   4.2668260e-01   8.2033480e-02  -3.9076354e-01  -4.4471534e-01   3.9899068e-01  -9.8917026e-04  -4.8601931e-01   8.1562707e-01   2.2927798e-03  -1.6830203e-01   5.4314011e-01   6.4385722e-01   2.2796533e-01   1.8609635e-01   1.7377301e-01  -3.9689163e-01  -2.6858227e-02  -1.5795293e-01   9.5605739e-02   2.1927704e-01   1.4748013e-01   6.7510336e-01   6.7117665e-02  -4.9032595e-01   4.7580086e-01   1.3002183e-01  -3.6688427e-01  -3.2628136e-01  -7.0196022e-01  -6.1325453e-01  -1.1669866e-01  -2.9504120e-01  -3.1121154e-01   3.9584408e-01   2.1856739e-01  -2.0484150e-01   5.4062721e-01   1.7810078e-01  -2.2579363e-01   5.6226352e-02  -4.5654163e-01  -2.7683756e-01   3.0248554e-01  -1.7776255e-01   3.0758127e-01  -4.4913798e-01  -2.1129809e-01  -5.7933347e-01  -3.3530670e-01  -4.3593894e-01   7.4240550e-01   6.9510963e-02  -4.6076609e-01   3.6542380e-01   2.2190248e-01  -4.3278484e-01  -5.4179588e-01  -4.2641703e-01  -4.9880159e-01  -3.7676658e-03   4.4989449e-01  -4.4886457e-01   8.3367089e-01  -6.1707596e-02   1.2876435e-01  -5.8174767e-01  -1.4660909e-01   8.5086348e-01   5.2197371e-03  -3.5432849e-01   7.1036646e-01   6.0086660e-02  -5.0908402e-01   2.7443907e-02  -4.8482256e-01  -4.8304741e-01  -2.5308416e-01  -6.1777276e-01   2.5416502e-01  -5.3313265e-01   3.2260900e-01  -3.4849384e-01   4.5804720e-01  -2.7300843e-01  -6.4018355e-02  -3.3102726e-01  -4.8400035e-01   7.2966384e-01   3.3163174e-02   4.9355549e-01  -3.3285902e-01  -5.6379128e-01  -4.5671374e-01   8.7201734e-01  -2.4371967e-02  -3.3870638e-02  -4.6369176e-01  -1.5988487e-01   3.0195109e-02  -1.2267925e-01  -6.0251974e-01   9.5674146e-02   5.2388843e-01   3.9456586e-01  -4.3831101e-01  -2.9132933e-01  -6.7300704e-01  -4.9140925e-01   2.0235384e-01  -5.6861752e-01  -5.0791809e-01  -4.5930373e-01  -2.8470990e-01   2.1209544e-01  -3.2319636e-01  -6.2340633e-02  -3.1934845e-01  -2.0274951e-01   1.6510189e-01   3.7484082e-01  -4.8526534e-02  -2.7700927e-02  -4.9303646e-01  -4.9392548e-01  -3.8272616e-01   3.7999348e-01   7.4423635e-01  -4.8295462e-01  -4.1493599e-01  -3.1742072e-02  -1.5057027e-01  -5.4206560e-01   2.8180886e-01  -3.8719120e-01   6.2135301e-02  -2.0759910e-01  -6.0215249e-01   5.6669498e-01   5.2217285e-01  -4.5756391e-01  -4.4293718e-01   5.2094979e-01   5.9278893e-01  -4.6444455e-01   2.8925565e-01   7.1006966e-03  -1.3726156e-01   3.2109699e-01  -5.1850656e-01
   8.7346054e-03  -6.7285934e-01  -3.9253088e-01   4.3984206e-01  -4.3669484e-01   0.0000000e+00  -1.4724935e-03   4.1717187e-01   6.3006564e-02   2.5457731e-01   1.9859354e-01  -6.8393883e-01   1.5114710e-01   2.4090544e-01  -4.4854227e-02  -1.6205169e-01  -3.8872204e-01   2.8169304e-01   1.6610778e-01  -5.1793114e-01  -6.9276193e-02   5.2073054e-01   2.4598512e-02  -1.3003603e-01   1.5473951e-01   4.0757088e-01   2.9730824e-01   2.2456537e-01  -3.7077737e-01   4.6472571e-02   1.6015982e-01   5.2304847e-01  -4.9798978e-03  -1.3386186e-01   4.7836055e-01  -2.5981086e-01   1.3146424e-01  -1.4117973e-01   7.7411874e-04  -4.1388411e-01   1.9141569e-01  -1.2368087e-02  -2.4556397e-01   4.0569005e-01   1.3580481e-01  -1.4200273e-01   4.2100251e-01  -1.2356264e-01  -5.3898936e-02  -6.7489606e-01   2.8728390e-01   3.1616601e-01  -5.2671563e-01  -5.6070803e-02   2.6515954e-01   4.0439171e-01   4.9898141e-01   5.6649372e-01   5.1042169e-01   3.2822578e-01   1.0202518e-01  -1.4889289e-01  -1.6740251e-01   9.6722227e-02  -4.9128833e-01   3.9123627e-01   8.0280057e-01  -1.8733952e-01   6.4879861e-01   1.4726301e-02  -5.3952153e-01   4.6941150e-01   1.4369974e-03  -6.4704062e-02   1.2311676e-01   3.7407040e-01   1.0203008e-01   3.4249171e-01  -5.6611424e-01  -3.8609621e-02   3.3302879e-01   1.7109683e-02  -5.3074223e-02   2.1750312e-01   8.1868649e-02   5.2368055e-01   5.6480280e-01   1.3637664e-02  -4.4415007e-01  -2.3032343e-02  -3.9262064e-01  -2.5954273e-01   1.8297467e-01   4.1320469e-01  -8.9291762e-02  -5.4525632e-01   2.3252011e-01   2.1765264e-01  -1.1988428e-01   5.5404004e-02   4.2299536e-02  -1.1025476e-01   6.0898922e-01   2.0411136e-01   4.7555085e-01   4.2370268e-01   2.7893959e-02   6.2744118e-01  -1.5874574e-02   6.0244062e-01  -3.8729755e-01   4.7069092e-01   2.5952779e-01  -1.1415084e-01   3.8241659e-02  -5.2752500e-01   1.3166831e-01  -2.0721578e-02   2.3597351e-01   6.0789584e-01   1.3340976e-01  -5.2794753e-01  -7.6828511e-02  -3.2137740e-02   5.8778834e-02   7.9565311e-02  -3.0257697e-01   2.3659640e-01   4.4580943e-01  -2.3793846e-01  -3.3891667e-02  -3.1670221e-01   9.6922816e-02  -5.0808754e-02   5.1812391e-01   4.4882762e-01   1.1395962e-01   3.2048309e-01   4.3848927e-01   1.0818874e-01  -8.9871954e-02   2.2749227e-01   3.4496602e-01   1.4919549e-01   1.1441367e-01   4.2867863e-01  -4.8307700e-01   1.0046082e-01   6.1990286e-01  -3.7448361e-01   2.6276983e-02   5.0949952e-01   7.1401607e-02  -1.6688445e-01  -5.8769480e-01   7.6393782e-02   1.7022295e-01   2.9566169e-01  -1.5240305e-01   4.3694850e-01   5.3670501e-02   5.4237642e-01  -6.7318868e-02   5.7793517e-01   5.6742178e-01  -4.9282676e-01  -5.3403923e-01   1.1799054e-01   9.8856764e-02  -1.5806411e-02  -3.8474830e-01   1.5234060e-01   2.7815179e-02   3.0195814e-01   3.4369556e-01  -2.3351262e-01   3.2244488e-01
  -2.4542412e-01   9.6691685e-02   1.2696201e-01   6.2248371e-02  -1.0739682e-02  -1.4724935e-03   0.0000000e+00   1.7726863e-02   1.8922283e-01   3.0489854e-01  -1.0056756e-01  -4.9514585e-02  -4.1645892e-02  -3.6465097e-01   4.3710802e-01   2.0203670e-01  -5.4419165e-02  -2.5544875e-01  -1.2632142e-03   2.4183295e-02   5.2345881e-01  -8.6451691e-02   7.2234488e-01  -3.2110415e-01   1.0500005e-01  -2.0915628e-01   3.7606275e-01  -2.2645530e-01   5.8381599e-02   1.4351652e-01  -2.8292731e-02  -5.6819594e-02   8.7547203e-03   7.7658478e-01  -4.6035345e-02   2.6040650e-04   1.7749233e-01  -3.9647790e-01   1.3841128e-01   3.9008292e-01  -8.4602350e-03   3.9255772e-02  -2.0616708e-01  -2.3406985e-01   8.3725864e-03  -3.3042595e-01  -2.4559267e-01   6.9848898e-01   1.0693495e-01   2.0159522e-01  -2.1786223e-01  -8.9917338e-02   2.2804958e-01  -1.8745141e-01  -2.5015809e-01  -1.7240978e-01  -2.4523203e-03  -2.1264405e-01   6.4506892e-02  -1.8279674e-01  -2.2093704e-01   2.3303694e-01  -1.1516330e-01   1.2724224e-01   2.5857067e-02   1.8873355e-01   3.4707197e-02  -5.4051442e-02  -1.3595521e-01   4.7664447e-02   3.9133414e-01  -1.5486130e-01   2.5100190e-02  -2.7296381e-01  -1.5618243e-01  -1.4806336e-01  -1.3114690e-01  -2.4434114e-01  -8.9622356e-02   9.4073871e-02   9.3644936e-02  -1.6554176e-02   1.4204832e-01  -5.9020949e-02  -3.1453708e-01  -2.0786564e-01  -1.2523179e-01  -3.2415895e-01  -5.1644660e-02  -2.5414768e-01   1.3356571e-01  -1.2269508e-01   3.8916529e-01  -5.5635568e-03  -3.6210796e-01  -9.8372314e-04  -5.0258357e-02   9.4525944e-02   1.8569923e-02   4.2913981e-01  -1.2440978e-01   2.4262012e-01  -1.0050731e-01  -5.3349645e-02  -1.1813306e-01  -6.5461771e-05  -2.7565464e-01   9.9071997e-02   2.4911062e-01  -1.9473568e-01   4.5156528e-01  -8.7932454e-02  -1.6206429e-02  -3.3241413e-01  -1.0304485e-01   4.6713347e-02  -1.1964294e-01  -1.4645846e-01  -1.0907298e-02  -4.2767240e-02  -1.4078800e-01   7.9343263e-02  -3.9468551e-02   1.0815467e-01  -2.4798365e-01  -4.7700487e-01   3.5451940e-02  -2.0545605e-01   3.9820798e-02   2.8485252e-02  -6.9052359e-03   2.9495655e-01  -3.1866044e-01   3.7096015e-01  -1.1709558e-02  -7.9448998e-02   2.5726704e-02   2.2180596e-01  -1.7996016e-01  -2.6216638e-01  -2.5665042e-01   2.1776016e-02  -1.5548511e-01  -1.1173267e-01   3.0671862e-02   1.0871909e-01   5.9751301e-01  -2.4683866e-01   5.6631491e-02   4.7792658e-01  -2.3006810e-01   1.7601406e-01  -1.4513267e-01  -1.5944125e-01   2.5407742e-02  -2.1433474e-01  -1.6477633e-01   1.5398895e-01  -1.9315637e-01  -6.5873861e-02  -3.7702716e-02  -2.1554053e-03   3.1097939e-01  -8.6232375e-02  -9.5033700e-02   2.3034530e-01   3.1759964e-01  -3.0069371e-01  -1.9696306e-01  -4.6278210e-02   7.2946032e-02  -1.5061798e-01  -1.4829979e-01  -3.3400912e-01  -8.7488034e-02  -1.2813290e-01   1.0764657e-01
   5.2391435e-01  -3.8567605e-01   2.7576077e-01   1.0471477e-01  -4.8407864e-01   4.1717187e-01   1.7726863e-02   0.0000000e+00   2.2906048e-01   1.2389304e-01  -2.8531126e-01  -4.2666437e-01  -2.9733845e-01  -4.3791635e-02  -2.3164003e-01  -4.5009882e-01   2.5794156e-01  -3.3747548e-01   6.9941117e-01  -5.2952502e-01  -1.2258294e-01   3.3185007e-01   1.3041126e-01   3.4282655e-01  -7.1516732e-02   7.5443023e-01  -3.0090760e-01   1.7220857e-01  -4.3001460e-01  -3.6640219e-01  -7.9497649e-02   3.8086566e-01   1.8604885e-01  -1.5588405e-01   2.1631781e-01  -6.5413411e-01  -2.2272463e-01   1.6451678e-01  -4.7342450e-01  -5.3225591e-01  -3.4033741e-01   1.6527761e-01   1.0027429e-01   2.6100813e-01  -3.4924271e-01   3.3713944e-01  -1.8901128e-01  -2.1181348e-01  -4.2276477e-01  -5.3571972e-01  -2.8495487e-01   8.7193019e-01  -4.9189673e-01  -1.2113603e-01   1.1737738e-01   2.3279938e-01   6.6224230e-01   4.3556700e-01  -7.0836386e-02   6.3170446e-02   6.9394485e-01  -5.4155803e-01  -1.2553004e-01  -1.4188869e-01  -5.8556599e-01  -1.7846611e-01   1.7073409e-01   7.7109828e-02   3.8311679e-01   5.1777428e-01  -3.0403138e-01  -4.6681195e-02  -4.8143295e-01   1.8595467e-01   5.9718799e-03   6.8514371e-01   6.6138292e-01   5.0320035e-01  -4.1757462e-01  -3.3523811e-01   3.1947448e-01  -3.0565891e-01  -2.8539431e-01   6.7418276e-01   4.8262279e-01   5.6645414e-01   5.1211607e-02   2.8376031e-02  -3.5888003e-01   4.4227653e-01  -3.8570094e-01   4.2784825e-01  -2.8587871e-01   3.8592922e-01   2.4340066e-01  -3.6890182e-01  -1.9954973e-01   6.6291491e-01  -5.0095248e-01  -2.5649075e-01   6.5401732e-01  -2.7247836e-01   1.8827029e-01   1.1753229e-01  -3.5048597e-02   6.8712257e-01  -2.6873596e-02   7.3540920e-01  -3.1772841e-01   1.3047166e-01  -3.9003647e-01   1.2793072e-02  -2.4574578e-02   2.8121189e-01   4.2153452e-01  -2.6349944e-01   1.9571047e-01  -3.2152225e-01   5.6275315e-02   3.9941508e-01   7.1109155e-01  -4.1911759e-01   1.3933351e-02  -2.3091333e-01   5.3496633e-01   1.9756618e-01  -3.5418318e-01   1.4640818e-01   5.4109939e-01   3.0732147e-01  -3.9139211e-01  -5.3284120e-01   4.6920570e-01  -1.4276101e-01   4.8436190e-01   7.4891364e-01  -2.9154517e-01   2.9998428e-01   7.7561121e-01   5.5909618e-01   3.5444581e-01   3.8960045e-02   2.6752373e-01  -1.7697480e-01  -4.9454491e-02  -3.6443752e-02  -1.9410992e-01  -4.2998560e-01  -8.2132749e-02  -2.9090146e-01   4.9519396e-01   4.7363357e-01   7.1135030e-01  -3.0575428e-01  -5.2825471e-01   4.7315150e-01   7.7815806e-01  -1.5932510e-01   5.5014832e-01   6.3594665e-01  -4.0996480e-01   5.5268318e-01  -3.0171697e-01  -5.3265653e-02   6.0470404e-01  -2.4043064e-01  -5.1516843e-01   5.0001730e-01   6.6992802e-01  -2.9652831e-01  -3.2469155e-01   7.0030780e-01  -4.5039107e-01  -2.6900598e-01  -1.3510175e-02  -3.4783470e-01   4.1460843e-01
   4.3976995e-02   5.9571113e-02  -6.5948697e-02   2.7145637e-01  -2.2364148e-01   6.3006564e-02   1.8922283e-01   2.2906048e-01   0.0000000e+00   2.6521186e-02  -3.9644430e-02  -2.9460679e-02   8.7463660e-02   8.5688981e-02   2.1795108e-01  -1.2305681e-01  -9.4727462e-02  -4.8908859e-02   3.3033275e-01  -2.2261041e-01   8.6041343e-02   3.9131109e-01   3.4174130e-01   3.4741980e-02   2.1379055e-01   2.0592448e-02  -2.0779777e-01   1.8763190e-02  -8.1265447e-02   2.9868021e-01   1.9921977e-01   3.2733403e-01  -2.0837264e-01   2.0453296e-01   3.5183842e-01  -2.0035620e-01   8.3361865e-02  -1.2315607e-01  -1.8426989e-01  -2.4212515e-01   1.3837895e-02  -8.9283068e-02   4.9987302e-01  -2.4030666e-01   3.0052655e-01  -7.3407859e-02  -1.5910422e-01   5.0254918e-03  -1.8670619e-01  -1.9095636e-01  -1.2743526e-01   2.2650317e-01  -2.0404191e-01   3.3855578e-02   3.2043272e-02  -5.8029555e-03   1.8878081e-01   2.5539667e-01   9.5984366e-02   3.1615737e-01   9.3661283e-02  -1.7645186e-01   4.4558535e-01   1.7733572e-01   2.2298425e-01   4.5238806e-02   6.3885154e-02   1.4231718e-01  -7.3898168e-02  -2.1159646e-01  -4.9721004e-02   6.8318187e-02   6.5765318e-02   6.0558785e-02   2.2467104e-01   1.5372215e-01   5.3741885e-02   8.9074533e-03  -8.4037582e-02   1.1997104e-02   2.6289812e-01   1.0474639e-01  -3.1816412e-01   1.3331675e-01   2.1924024e-02   1.5821975e-01   2.7811764e-01   1.8281473e-03   1.3345935e-01  -1.0920813e-02  -1.9188355e-01  -1.2953117e-02   3.8051914e-02   4.4754737e-01  -1.0449313e-01  -2.0774952e-01  -3.3805219e-03   3.2962574e-01  -2.0004431e-01  -7.4071657e-03   4.2985359e-02   3.7051881e-01   1.6713707e-01   5.3844413e-01   2.0290737e-01   3.8091977e-01  -5.7073054e-02   2.5429680e-01  -1.3206949e-01  -1.1275584e-01   1.3246626e-02   1.4713056e-01   2.0879956e-01  -5.0046477e-04   1.0740702e-01  -2.0032034e-02   1.0693495e-02   1.5447225e-02  -1.6865415e-01   2.8701435e-01   4.0958281e-02  -2.9573292e-01   4.1887618e-01   4.2614535e-01  -9.3362776e-02   1.9656598e-01   4.8179031e-01   1.3208128e-02   4.5923672e-01  -2.9393633e-01   1.9577382e-02  -1.2187911e-01  -2.5765590e-02  -7.7131165e-03   4.4216190e-01   2.6883218e-01   6.5485297e-02   1.1319156e-01   2.3074461e-01   9.4173386e-02  -3.6031543e-02  -7.5961083e-02   7.8591785e-02  -2.5853755e-01   3.2389684e-01   3.3566272e-01   3.7669026e-02  -1.2437870e-01  -4.6668821e-02   4.2868458e-02   1.6323504e-02   1.7010421e-01   2.0670954e-03   1.7735650e-01  -2.3461356e-01   5.9363182e-02   8.7762689e-02   5.9897495e-02   1.5164090e-02   3.6265556e-01  -6.0019819e-02   4.1057028e-02  -9.3062829e-02   1.6985704e-01   3.6163650e-01   8.8745612e-02   1.4096757e-01   2.7367015e-02   1.0909599e-02  -2.8737225e-01  -7.7223754e-02   8.0380666e-02   1.7115525e-01  -1.3473119e-01   4.3006296e-02  -2.9881709e-01   4.9674739e-01
  -7.4147420e-03  -2.9874557e-02   5.1511376e-02   3.9090351e-02  -1.6160340e-01   2.5457731e-01   3.0489854e-01   1.2389304e-01   2.6521186e-02   0.0000000e+00   7.3239268e-02  -1.6130623e-01  -6.2483382e-03  -2.6697015e-01   1.4807924e-01  -1.0122444e-01  -1.3598170e-01  -1.5580879e-01   5.1378010e-02  -2.5677312e-01   3.0653931e-01   9.0822453e-02   5.1041749e-01  -2.2052679e-01  -1.4065280e-01   2.0330254e-02   1.2039152e-01  -1.4003125e-01  -1.3616122e-01   1.5894902e-01   1.7065328e-01  -1.2104350e-01  -1.0180813e-01   2.6663522e-01   2.8561157e-01  -2.4186250e-01  -8.4611502e-02  -2.8163107e-01   3.1740992e-03   3.9036320e-02  -7.9207587e-03  -4.2559630e-01  -3.6842716e-01   5.9039294e-02  -1.2733198e-01  -2.0384603e-01   1.8552008e-02   3.0076417e-01   1.0792494e-01  -1.6157503e-01  -1.6295679e-01   2.8138287e-02   1.6176078e-01  -4.9705271e-01  -1.4725610e-01  -9.8309198e-02   3.3093534e-01  -9.6972966e-02   7.1717720e-02   1.6304113e-01  -1.1691620e-01  -2.1901062e-01  -1.8121100e-01   2.7853288e-01  -1.2339887e-01   4.2807777e-01   2.7029359e-01  -1.4124977e-01   2.2397560e-02   1.4784596e-01   1.9991974e-01  -5.2802513e-02  -6.1954607e-02  -2.0851647e-02  -6.8549602e-02  -1.1036527e-01  -6.8221134e-02   4.8906466e-02  -5.4328743e-02  -2.0436542e-01  -5.2518992e-02  -1.6690012e-01   2.8593736e-01   1.4011092e-02  -1.8658044e-02  -8.5998226e-02   4.9572951e-02  -3.6026928e-01  -3.0547806e-01  -8.3574936e-03   2.8960714e-02  -1.9201081e-01   2.8029553e-01   1.8751882e-01  -2.2714338e-01  -1.3844189e-01  -1.4451116e-01   2.3093464e-01  -1.9554808e-01   2.9658453e-01   4.7678117e-02   1.1727407e-01   1.9464731e-02   1.4533197e-01   1.5849780e-02   2.4394540e-03  -3.1754738e-01   2.4923046e-01   2.0713963e-01   2.6284576e-01   2.2919723e-01  -1.0643166e-01  -6.7086744e-02  -2.3827435e-01   9.4813146e-02  -5.0963754e-02  -1.4261702e-01  -1.4984833e-01   1.7366082e-01   1.1862287e-02  -2.6008533e-02  -6.6055236e-02  -2.6210897e-01   2.2784182e-01  -8.9129017e-02  -1.3175942e-01  -1.7741852e-01  -1.4377943e-01   5.3369059e-02   1.3243031e-01  -1.4021536e-01   1.2875356e-01  -9.2459207e-02   3.5499771e-01   2.7170397e-02  -5.9519085e-02  -1.6971600e-01   2.5852753e-01  -8.8723849e-02  -8.4637260e-02  -2.2068027e-01   2.4794108e-01  -6.4073907e-03   6.8139688e-02   1.2648589e-01   3.6959128e-01   1.3663027e-01   1.4234008e-01   3.6570455e-01   3.3914567e-01  -5.0380226e-03   1.5128439e-01  -3.1549854e-02  -1.0143751e-01  -1.1061737e-02  -7.4369761e-02  -6.0775408e-02  -2.2665223e-02  -9.8843740e-02  -1.4752756e-01  -1.4389966e-01   8.6982331e-02   5.0643254e-01   5.7456414e-02   3.1120806e-03   1.2807659e-01  -9.4348743e-02  -1.0332799e-01  -2.6556934e-04   1.4935794e-01   2.0359816e-01  -1.9596490e-02  -2.2918969e-01   9.8148504e-02  -1.2308052e-01  -3.0162290e-01   1.6283238e-01
  -3.1450785e-01  -4.0626388e-01  -6.0280805e-01   4.7063112e-01   7.0743645e-03   1.9859354e-01  -1.0056756e-01  -2.8531126e-01  -3.9644430e-02   7.3239268e-02   0.0000000e+00  -2.8960865e-01   5.5708411e-01   3.0685006e-01   5.1905525e-01   1.9644534e-01  -4.4035703e-01   7.6204844e-01  -3.8026373e-01  -4.2508996e-02  -4.4607879e-02   4.7618402e-01  -1.0492007e-01  -3.3045294e-01   1.5034425e-01  -1.2092145e-01   2.7251662e-01   2.5947682e-01   2.4508777e-02   4.2554183e-01   4.2949166e-01   2.5016534e-01  -1.0897195e-01  -4.6700130e-02   4.3638927e-01   3.6896153e-01   2.2157348e-01  -1.1882787e-01   3.6423853e-01  -2.5208697e-01   6.4204331e-01  -1.2767183e-01  -2.2884500e-01   3.6917668e-01   5.2739837e-01  -1.8255351e-01   7.8983779e-01  -3.5998473e-02   2.7729086e-01  -3.0759918e-01   7.5801729e-01  -3.3653475e-01  -2.1602471e-01   1.1477817e-01   2.1728188e-01   3.9749656e-01  -6.1962473e-02   3.6361964e-01   6.1380837e-01   5.0825173e-01  -2.1008053e-01   3.6311032e-01   1.2993925e-01   5.1626001e-01   1.8793334e-01   4.6571337e-01   3.4297990e-01   1.0882301e-01   4.9372645e-01  -4.5025667e-01  -3.6659482e-01   7.4718205e-01   4.0462699e-01  -8.7760851e-02   1.8663699e-01  -1.7703492e-01  -2.0446386e-01   1.3434520e-01  -2.4690827e-01   2.5879403e-01   2.2305002e-01   2.3893868e-01   6.1327105e-02  -1.9688503e-01  -2.4330304e-01  -4.1082403e-02   4.0319566e-01  -4.1301206e-02  -1.4047131e-01  -3.0027588e-01  -1.0220566e-02  -4.8853712e-01   2.0362039e-01   3.4462490e-01  -1.9261262e-01  -3.2211270e-01   5.3980391e-01  -3.5465413e-01   4.6228894e-01   5.0673625e-01  -4.1045948e-01   3.5327505e-01   4.9936479e-01   3.4391476e-01   6.8433035e-01   1.4149760e-02  -1.0265059e-01   6.5208886e-02   1.8543989e-01   5.3258240e-01  -2.7139615e-01   5.7474371e-01   4.3249191e-01  -2.6654044e-01  -3.3940259e-01  -2.2828578e-01   4.6415464e-02   2.9671237e-01   2.1227051e-01   4.3790196e-01  -3.7210883e-01  -2.0085253e-01   2.0040981e-01   1.4840470e-01  -3.2199690e-01   2.1142065e-02   1.4076209e-01   1.8175034e-01   2.0729583e-01  -4.8473366e-01   2.5732646e-01   3.6614260e-01  -1.4584741e-01   2.3091154e-01   2.7527322e-01  -2.5829031e-01   2.9991026e-01   2.5220254e-01  -1.9054807e-01  -2.1945485e-01  -3.5512234e-01   1.9921497e-01   5.8136647e-01   5.5769880e-02   5.0181120e-01   5.3624257e-01  -3.4684125e-01   5.2690990e-01   5.7753734e-01  -1.5795825e-02  -3.6257820e-01   1.8181411e-01  -4.4740581e-01   3.5325347e-01  -2.4032315e-01  -2.5360659e-01  -3.7836382e-01   6.0145160e-01  -4.2910104e-01   2.1266883e-03   6.0952354e-01   4.3464545e-01   3.4442638e-01   6.8372114e-01   1.9110242e-01  -1.4281584e-01  -1.0083076e-01  -8.3391824e-02  -2.9343290e-01   1.0144275e-01  -2.3535697e-01  -3.7577854e-01   6.7637876e-01   4.6271213e-01   1.2900384e-01   8.3749292e-02   2.0627762e-01
  -1.6887854e-01   7.8800471e-01   4.2997032e-01  -4.4559871e-01   5.9221944e-01  -6.8393883e-01  -4.9514585e-02  -4.2666437e-01  -2.9460679e-02  -1.6130623e-01  -2.8960865e-01   0.0000000e+00  -1.0704654e-01  -1.9857234e-01  -2.0632342e-03   3.1110294e-01   3.2108160e-01  -2.6851541e-01  -1.9305775e-01   6.9257197e-01  -2.4655703e-02  -5.5326619e-01  -4.0604999e-04  -3.9482744e-02  -1.0833658e-01  -4.5674636e-01  -1.2997537e-02  -2.9460334e-01   4.3483233e-01   2.3577634e-02  -2.6897286e-01  -5.1603335e-01   1.0495463e-01   1.2902281e-01  -4.2845224e-01   3.4188998e-01  -1.0599662e-01  -8.9523619e-02   1.7792352e-01   5.3820597e-01  -1.7539290e-01  -2.5885716e-02   3.1052077e-01  -5.9249985e-01  -1.2465205e-01  -1.0377446e-01  -3.6665325e-01   1.3230471e-01  -8.6104942e-02   7.5741145e-01  -2.7241624e-01  -4.0388389e-01   5.0202615e-01   1.5571344e-01  -2.7452283e-01  -2.9890529e-01  -4.4606485e-01  -5.7688307e-01  -4.1369853e-01  -1.8158996e-01  -1.9844874e-01   2.0075379e-01   2.9121179e-01  -1.7039599e-01   4.1051692e-01  -1.3218658e-01  -4.5521773e-01   8.7432605e-02  -6.1701839e-01  -9.3376482e-02   5.0419736e-01  -4.4190046e-01   5.7206749e-02   4.0116997e-03  -1.7197682e-01  -3.6485665e-01  -2.8629402e-01  -3.9733528e-01   7.0607764e-01   7.3428523e-02  -3.4176203e-01   1.4904998e-01   6.9672897e-02  -2.4150799e-01  -2.1495678e-01  -3.7364546e-01  -6.0023552e-01  -8.4829445e-02   5.1629572e-01  -2.1643648e-01   5.0740373e-01   1.7282745e-01   4.4648551e-02  -4.4232635e-01  -8.2527466e-02   7.2754006e-01  -1.2987947e-01  -2.0388160e-01   1.4776177e-01  -1.2551789e-01  -2.2003684e-01   1.0495747e-01  -5.4315688e-01  -1.9586614e-01  -4.6029833e-01  -5.4188892e-01   1.3931338e-01  -5.6643786e-01   9.4017917e-02  -5.1390609e-01   5.1430683e-01  -4.2975548e-01  -2.6071171e-01  -6.4859895e-02  -1.2612970e-01   6.0394437e-01  -1.1344945e-01   1.7004595e-01  -1.7790042e-01  -5.9362528e-01  -3.0951405e-01   6.7819211e-01   1.1567430e-02   3.6422918e-03  -2.6118558e-01   1.7593822e-01   2.4634607e-01  -1.5811815e-01  -4.9533461e-01   2.0169885e-01   1.7668449e-01   2.4503238e-01  -7.0544695e-02  -6.0235687e-02  -5.7000063e-01  -4.1473506e-01   3.4072468e-02  -3.8751015e-01  -4.5020635e-01  -2.0721396e-01  -1.4187438e-01  -1.9396916e-01  -4.0440124e-01   8.9746058e-02  -1.5630700e-01  -4.7077789e-01   4.6210608e-01  -3.8272958e-02  -3.9178591e-01   1.2150954e-01  -1.9984696e-01  -4.8714662e-01  -2.3122225e-01   6.0538806e-02   7.8816465e-01  -2.5829015e-01  -3.0506341e-01  -2.3542518e-01   2.6234726e-02  -4.3922563e-01   6.3727957e-02  -5.3021870e-01  -1.1341201e-01  -5.2112679e-01  -5.5892695e-01   5.9337966e-01   5.3191831e-01  -2.4736097e-01  -2.2910214e-01   2.1719387e-01   6.6807202e-01  -3.0146759e-01  -1.7186774e-02  -1.2966988e-01  -1.5896506e-01   2.4244746e-01  -3.8529399e-01
  -3.9201243e-01  -2.8760275e-01  -4.0409968e-01   4.1779074e-01   2.4236101e-01   1.5114710e-01  -4.1645892e-02  -2.9733845e-01   8.7463660e-02  -6.2483382e-03   5.5708411e-01  -1.0704654e-01   0.0000000e+00   3.2881564e-01   2.9768389e-01   5.4442594e-01  -2.4747082e-01   6.0993935e-01  -2.7608316e-01   6.8810024e-02   1.5828890e-01   3.7615797e-01  -8.1208919e-02  -4.1419052e-01   1.5373398e-01  -1.8605734e-01   3.8620915e-01   8.9886970e-02   4.1496421e-03   9.8695703e-02   1.7829462e-01   1.2931850e-01   1.9519289e-01   4.8815972e-02   1.3993259e-01   3.8696914e-01   1.7070374e-01  -4.1667378e-01   6.1894152e-01   1.7319557e-02   8.5234230e-01   2.7241211e-01   1.3484502e-01   2.2144253e-01   4.3159425e-01  -3.3283702e-01   6.1106826e-01   1.3698439e-03   3.5517687e-01  -9.0058441e-02   5.7973904e-01  -3.6608606e-01  -1.2872460e-01   3.9842431e-01   2.1045979e-01   2.8410880e-01  -3.4968828e-01   1.5481827e-01   6.4156185e-01   2.7596726e-01  -2.3200212e-01   3.4417902e-01   1.4957591e-01   3.2350533e-01   1.2725447e-01   3.2836520e-01   2.5069730e-01   2.5089098e-01   2.8569366e-01  -4.8781373e-01  -2.4551890e-01   4.7965567e-01   5.8316433e-01  -2.4020761e-01   3.3847511e-01  -1.9022931e-01  -2.9165734e-01   8.0766428e-02  -1.4969243e-01   4.7585300e-01  -3.9935112e-04   5.6908808e-01   5.8536273e-02  -2.2735453e-01  -3.8340242e-01  -5.8569972e-02   2.8344043e-01   9.6903293e-02  -9.5268598e-04  -3.9914917e-01   2.0622095e-01  -3.2222950e-01   3.4367016e-01   2.3874092e-01  -4.3742188e-01  -5.2199147e-02   5.8223836e-01  -2.5240254e-01   5.4367581e-01   3.6833619e-01  -3.5888850e-01   2.3234779e-01   3.2621667e-01   6.5385732e-02   4.5446540e-01  -3.7086598e-02   1.8134950e-01   7.5630308e-03   2.9320056e-01   4.1832475e-01  -5.5783619e-02   4.0560327e-01   4.6175628e-01  -5.0605499e-01  -3.3651774e-01  -1.0939944e-01   2.0361202e-01   7.7323207e-01   7.3284782e-02   2.8259713e-01  -4.2454458e-01   7.5953202e-02   2.0695385e-01  -3.6200631e-02  -5.1685174e-01  -1.2075159e-01   1.3823737e-01   3.5058602e-01   2.1059041e-01  -3.7075347e-01   6.5120294e-01   6.0561163e-02  -2.5415085e-01   6.0323313e-02   1.9758687e-01  -1.5196296e-01   4.8429986e-01   2.1883703e-02  -2.6883335e-01  -4.9447927e-01  -3.9337108e-01   3.3419886e-01   2.4055509e-01  -1.4574036e-01   3.3037776e-01   3.0536465e-01  -2.2105245e-01   3.7835775e-01   4.0211470e-01  -1.3951369e-01  -4.4790482e-01   7.3335993e-02  -3.4824587e-01   2.0447903e-01  -6.9692852e-02  -4.5960687e-01  -3.5060384e-01   7.2449556e-01  -3.9032103e-01  -1.5860286e-02   3.3596192e-01   1.3067485e-01   2.8587645e-01   5.1161521e-01   1.5416404e-01  -1.1785915e-01   1.6400403e-01  -1.6006600e-01  -3.3954572e-01   1.2727356e-01  -1.6971660e-01  -4.5544184e-01   5.9408707e-01   3.0576141e-01   3.3458295e-01   1.5514170e-01   1.9995591e-01
   1.7360019e-02  -3.4119032e-01  -5.6634702e-01   3.9544374e-01  -1.8746282e-01   2.4090544e-01  -3.6465097e-01  -4.3791635e-02   8.5688981e-02  -2.6697015e-01   3.0685006e-01  -1.9857234e-01   3.2881564e-01   0.0000000e+00   2.5746920e-01   1.6326866e-01  -3.3264780e-01   4.1681760e-01  -9.5462394e-02  -9.9866944e-02  -2.5303477e-01   5.6386569e-01  -3.0330401e-01   1.5745761e-01   3.3179929e-01   6.5237828e-02  -9.4022031e-02   5.4683950e-01   1.3629014e-01   4.1837945e-02   4.0564772e-01   4.0751486e-01  -4.9232815e-02  -2.9976526e-01   2.9962883e-01   1.0090658e-01   3.6146503e-01  -3.5698238e-02   1.0204870e-01  -3.9136305e-01   4.2267281e-01   1.8850737e-01   1.6197810e-01   2.8945531e-01   5.7055801e-01  -5.2215580e-02   3.2369315e-01  -4.5714819e-01   4.5734433e-02  -3.3084767e-01   4.6010783e-01  -4.1613453e-02  -5.2031375e-01   3.8115106e-01   6.4771764e-01   6.0062846e-01  -3.3514175e-02   5.3481788e-01   4.4358968e-01   3.9226199e-01  -1.0686809e-02   2.6963375e-01   7.1790300e-02   1.7732084e-01  -5.3383875e-02   7.5511453e-02   2.2731866e-01   6.8461558e-03   3.1037340e-01  -3.8303624e-01  -5.3652401e-01   5.0806800e-01   2.9438407e-01   3.4566242e-01   4.2901629e-01   1.3912699e-01  -1.0130694e-01   2.4185423e-01  -2.4742408e-01   2.5531912e-01   5.0205145e-01   3.5528893e-01  -2.7513997e-01   5.9250204e-02   2.3546897e-01   2.9926100e-01   5.8651673e-01   5.4194488e-01  -1.4616226e-01   7.3140684e-02  -2.9850995e-01  -2.4897736e-01  -1.2052654e-01   4.1901460e-01  -1.4030369e-01  -2.6532492e-01   4.7568172e-01  -2.4561873e-01   7.2588387e-02   9.9306389e-02   8.2690825e-03   1.1074677e-01   6.8340664e-01   4.3793443e-01   5.1442384e-01   2.5748986e-01   4.3676519e-01   8.3277305e-02   9.6956396e-02   1.9732236e-01  -3.5527668e-01   7.0623387e-01   3.1386146e-01  -3.4452893e-02   1.2778876e-01  -2.9537822e-01   2.3600725e-01   1.3693594e-01   3.2061086e-01   3.8556157e-01  -1.2798969e-01  -2.6188325e-01   3.2433998e-02   5.4821086e-02  -9.0552004e-02   5.3299555e-01   3.2831302e-01   3.3292738e-01   3.3210657e-01  -4.3541525e-01   2.8061749e-01  -1.0727681e-01   4.0619950e-01  -8.5917739e-02   3.6590694e-01   2.0217272e-02   4.4363570e-01   3.1788064e-01   7.6050955e-03  -3.5670884e-02   1.2336559e-02   8.3598978e-02   2.7529239e-01   1.3459744e-01   4.6907041e-01   2.3110703e-01  -4.9405091e-01   1.6556708e-02   1.1203532e-01  -2.5183955e-01   1.0174647e-01   4.4624283e-01  -2.0255329e-01   1.8081486e-02  -4.1695680e-01   8.3650314e-03  -1.1405231e-01   4.5999018e-01  -1.9343965e-01   4.5826483e-01   2.4002525e-01   1.5493062e-01  -3.1127055e-01   5.0559726e-01   4.7731281e-01  -3.4404695e-01  -7.7358140e-02   2.3706014e-01  -6.0571607e-02  -2.4379445e-01  -3.3127683e-01  -1.3935702e-01   3.9353409e-01   3.2505344e-01   3.6624393e-01   3.8479667e-02   3.5260757e-01
