   0.0000000e+00  -2.3612704e-01   1.3816390e-01   4.1973636e-01   1.0833959e-01   1.3418021e-01  -1.5017107e-01   2.8533519e-01  -1.2062738e-01  -1.1489475e-01   2.7780120e-01   1.9015280e-01   1.9934385e-01   3.8947195e-04   2.0348317e-02  -1.2178141e-01   1.9104188e-01   2.2428786e-01   3.4616830e-01   5.3349110e-02   2.3012992e-01   1.9277033e-01  -3.0863540e-02   2.7444535e-01   4.0472919e-01   2.2221823e-01  -1.5551941e-01  -8.2899484e-02   2.0117273e-01  -2.2871486e-01  -2.7647583e-01   3.3014193e-01  -4.0667282e-04  -2.7606066e-01  -1.5911877e-01   1.5024668e-01  -2.9749442e-01   4.0079322e-01  -2.2904461e-01  -3.1473215e-01   2.9485113e-01  -1.6779600e-02   1.1391293e-01   2.8123481e-02   8.1513721e-02   6.4608938e-01   3.2261469e-01  -3.7689054e-01   4.4696855e-02  -1.3142879e-01   4.5441883e-01   3.1086695e-01  -4.1377348e-01   4.0112710e-01   2.4220001e-01   1.6183510e-01   2.0844579e-01   1.1441759e-01   2.2229881e-01   1.1792924e-01   6.0216791e-01  -1.0467701e-01   1.5312819e-02  -3.2373098e-01  -4.1852838e-01  -9.4435207e-03   7.6413670e-02   1.5273875e-01   1.5456405e-01   6.7857779e-02  -2.4602840e-01   3.3751863e-01  -8.0709723e-02   5.7321642e-01   3.2563892e-01   9.2390624e-02   5.0177012e-01  -5.9477871e-02   1.3312772e-01   4.4613847e-01  -1.4401998e-01   4.1763406e-02  -2.9420240e-01   3.9551956e-01   4.3570451e-01  -1.9419560e-03  -3.8596569e-01   4.2463355e-01  -3.7193322e-01   5.4756574e-01  -1.3161375e-01   4.9675269e-01   2.2545289e-01  -2.0086336e-01   4.1899670e-01   2.7304458e-01   2.1886407e-01   2.2982926e-01   2.1100745e-01  -8.6541900e-02  -2.3200472e-01   2.0378838e-01  -9.3431431e-02  -1.2705624e-01   2.7019582e-01   2.6696226e-01   4.4185633e-01   2.4497184e-01  -1.4281541e-01   2.0603326e-01  -2.7159474e-01   3.6886717e-01   1.2332125e-01   7.8435404e-01  -2.3194388e-01  -7.9040828e-02  -2.1562180e-02  -3.6224830e-02  -3.3870816e-01   4.0145691e-01   6.1125641e-01   9.6080877e-02  -2.5996307e-02  -4.1854944e-01   6.5116395e-01   2.1969975e-01  -4.3705018e-02   3.9431994e-01   2.2653459e-01  -1.0392203e-01  -1.3424361e-01  -3.6198070e-01   6.0344838e-01  -2.8511839e-01   2.9360221e-01   8.7225642e-02   3.5130856e-01  -3.9171022e-01   4.3077334e-02   6.2466079e-01   5.6069246e-01   1.3751115e-01   2.0001157e-01  -2.9925575e-01  -1.7523947e-01  -3.0801365e-01  -3.5044339e-01  -1.9208708e-02   3.6171812e-01  -5.1174296e-01   3.3022777e-01  -2.4802805e-01   5.8033577e-01  -1.4225967e-01  -2.1189461e-01   3.5808913e-01   5.7099031e-01   2.5542782e-01   4.4261825e-01   2.2582856e-01   3.2965262e-01   2.8542412e-01   5.1675785e-02   2.2289748e-01   2.4659249e-01  -1.5579213e-01   7.1355138e-02   4.4716962e-01   4.0901973e-01  -4.9807461e-02  -3.4272974e-01   2.5117011e-01   8.6923801e-02  -1.1478502e-01  -5.0299744e-02   3.0665541e-01  -3.5326255e-02
  -2.3612704e-01   0.0000000e+00  -1.1125552e-02  -3.0321301e-01  -3.9523004e-01  -1.9619757e-01   6.1169396e-01  -2.8355290e-01   5.8175370e-01   3.6688973e-01  -3.1099068e-01   4.4897861e-01  -1.9619541e-01   6.0643772e-01   2.5785954e-01   5.2583197e-02  -1.6743983e-01  -1.5592274e-01  -2.5522373e-01  -3.5115728e-01   1.8069555e-02   1.0347664e-02  -6.3971107e-02  -1.2372902e-01   8.5354098e-02  -8.0897627e-02  -2.7072705e-02   3.1467044e-01   3.7442588e-01   1.8531641e-01   5.3450087e-01  -3.9687526e-01   4.8371841e-02   2.7504690e-01   4.8597179e-01  -5.3532002e-01  -1.9177563e-01  -3.3898946e-01   2.2115796e-01   1.7407629e-01  -5.4060097e-02  -2.1283360e-01   3.6879305e-01   2.4263455e-01   8.2149666e-03  -2.4884024e-01  -4.8262514e-01   6.6972384e-01  -1.1780232e-01  -2.3183657e-01  -3.8804787e-01  -3.3278725e-01   7.0877394e-01  -2.8598157e-01   1.4497909e-01   1.7636718e-01  -7.5734658e-02  -2.8954204e-01   9.3965671e-02   3.8398412e-01  -1.9979382e-01   5.7214266e-02   2.8037950e-01   5.9312215e-01   5.9312344e-01   1.7612340e-01   1.5523526e-01   1.1599844e-01  -3.4028188e-01  -1.6123889e-01   5.6799653e-01  -5.5118213e-01   4.3239977e-01  -2.8880796e-01  -1.9820207e-01  -1.7069480e-01  -2.4284333e-01  -3.2179522e-02  -1.9609733e-01   3.3591376e-02   5.1305816e-01   2.9417289e-01   7.3824480e-01  -2.5232283e-01   1.8418593e-01  -3.1879920e-01   6.6321739e-01  -4.4308218e-02   7.5434367e-02  -1.4759901e-01   9.3349242e-02  -2.3970362e-01  -6.7070537e-03   4.5451672e-01  -1.8572911e-01  -4.3533547e-01  -1.8822203e-01  -1.6705360e-01   1.3903196e-01   1.7011033e-01   5.9472345e-01  -1.5725204e-01  -1.0289702e-01   6.6909444e-01  -4.8317173e-01  -3.4052592e-01  -2.1380506e-01  -1.2859070e-01   1.7295637e-01  -4.9379384e-02   5.1330884e-01  -2.7518519e-01  -1.3529846e-01  -2.0776216e-01   2.3415878e-01   1.8410678e-01  -3.8855750e-01   3.1874065e-02   4.5120003e-01  -4.1301218e-01  -2.2771819e-01  -2.4256097e-01   2.8112408e-01   5.1745980e-01  -2.1509651e-01   1.2575914e-01   2.7112503e-01  -1.1794163e-02  -2.4033479e-01   1.7500447e-02  -9.0515773e-02   5.8751587e-01  -7.6763223e-02   6.1944648e-01  -1.3657315e-01  -2.8725384e-01  -6.3379703e-02   6.4697317e-01  -3.4968335e-01  -3.4235473e-01  -1.5046143e-01  -3.1504257e-01  -2.3966140e-01   4.7439184e-01   1.9015268e-01   3.2139381e-01   3.2208681e-01   3.2068375e-01  -1.4841425e-01   3.4036154e-01   8.4000546e-02   5.5480255e-01  -1.7964453e-01   6.9338583e-01   4.4161994e-01  -1.8003033e-01  -2.2702222e-01  -7.2319973e-03  -1.9322841e-01   1.3095085e-01  -4.1857744e-02  -1.6408435e-01   1.8044973e-01  -3.8819722e-01  -2.5180004e-01   8.2110559e-02   2.2941635e-01  -4.6079521e-02   2.1407067e-02   1.8155901e-01   3.8313812e-01  -1.1236346e-01   1.8203180e-01   4.8687281e-01  -5.6194630e-02   6.1779240e-02  -1.4240276e-02
   1.3816390e-01  -1.1125552e-02   0.0000000e+00   7.1607267e-02  -5.2685833e-03   4.4586526e-02  -1.4318487e-01   2.0500406e-01   2.6188587e-01   2.3100603e-01  -3.1627670e-02   1.3144477e-01  -1.1115889e-01  -1.9595826e-01   1.4025030e-02  -1.5901526e-02   8.0240757e-01  -6.3387485e-02  -1.7672338e-01   3.7003048e-01  -2.4902747e-01   2.7131100e-01  -1.4697094e-01  -2.3655205e-01   9.5933363e-02   2.0304926e-02  -2.3521306e-02   2.5117503e-01   1.6244455e-01   7.9705285e-02   2.2683169e-01   2.8604981e-01  -9.0121668e-02   3.0900043e-01   1.4672186e-01  -4.3139120e-02   7.3418810e-02   5.6404241e-02  -1.0757530e-01   4.8960443e-01   1.5789326e-01   1.6548863e-01   9.7460503e-02  -5.0624249e-02  -1.3824451e-01   4.1177066e-01  -1.1752882e-01  -2.4534487e-01   4.7319256e-01   4.7385335e-01   7.6055652e-02   1.7005047e-01   3.2182434e-02   1.3312083e-01   1.2119127e-01  -2.0732325e-01  -1.0214637e-01   3.6940818e-01   1.1466832e-01   1.2920737e-01   3.5054941e-01   4.4608867e-02  -1.1263111e-02   3.2986896e-02  -1.9485150e-01  -2.3701386e-01  -2.8905896e-02  -1.0192683e-01  -1.8768054e-02   6.2218286e-01   1.2891535e-02  -2.8540317e-02  -3.0213066e-02   2.4511257e-01   1.7963378e-01   2.1228408e-01   3.3994333e-01   4.5631466e-02  -1.7231470e-02   8.4105606e-02   4.5967513e-02  -1.1489070e-01  -1.2601142e-01   2.3654599e-01   2.7393433e-01   3.5063078e-02   1.3821729e-01  -1.2486736e-01  -1.0868035e-01   1.3304118e-02   7.8200153e-02   3.5378891e-01  -1.3020527e-01   2.8953766e-01   3.5683673e-01   4.9828611e-01   3.6775562e-01  -7.0772164e-02  -8.4773273e-02   1.6856148e-02   2.8698859e-01  -9.8994726e-02  -2.0638325e-02   3.0659546e-01  -9.1682686e-02   1.6109977e-01   1.4591854e-02  -9.3578385e-03   3.7264775e-01  -4.6284080e-01   9.8829323e-02  -1.6884305e-02  -4.8163447e-03   8.7756346e-03   3.4174080e-01  -4.1147263e-01  -7.6057584e-02  -1.4900083e-03  -7.9661448e-02   1.4246668e-01   2.7653268e-01   2.4604001e-01   6.3543240e-02  -2.3173144e-01   2.8911019e-01  -5.6591772e-02  -1.0576006e-01   4.3721948e-01   2.0261515e-01   5.0215030e-01   7.1237796e-03  -5.3688774e-02   1.8550499e-01   1.2952409e-01   2.4251409e-01   1.7922145e-01   1.2488464e-01   2.2911415e-01   1.0531406e-01  -5.1022297e-02  -8.2371754e-02   2.4380934e-01  -7.1279918e-02  -8.1389646e-02  -1.8655225e-02   1.4091378e-01   4.4904356e-01  -4.4392809e-01  -3.2486784e-01  -1.6977415e-01  -9.9041593e-03   4.0010957e-02   1.9946268e-01  -7.5727057e-02   5.6155854e-01  -2.6112211e-01   2.8227322e-01   3.0570108e-02   2.3366720e-01  -2.9050177e-01   3.5442196e-02  -4.7843995e-02  -1.4156424e-01  -1.0482196e-01   3.3452589e-01   8.1263480e-02  -3.6822149e-01  -8.2511582e-02   1.1051716e-01  -9.4567197e-02  -4.3790360e-02   2.0277532e-01  -4.3175394e-01   6.2009222e-02   4.4115768e-02   1.5166364e-01   2.6801374e-01
   4.1973636e-01  -3.0321301e-01   7.1607267e-02   0.0000000e+00   3.0821110e-01  -1.2581553e-01  -1.7586933e-01   1.8258794e-01  -1.8632228e-01  -3.0656617e-01   1.5909101e-01  -9.6462184e-02   1.6416692e-01   7.4016102e-02  -5.6654684e-02   2.5223971e-02   3.3297211e-01   4.9629369e-01  -5.1226339e-02   2.0629382e-01   3.0940655e-02   1.5375114e-01   3.0408146e-01   1.9509227e-01   4.6401831e-01  -1.4005298e-01  -3.5082656e-01  -2.6391594e-01   4.5641448e-01  -3.5042268e-01  -4.5936783e-01   6.1477254e-01   1.3017138e-01  -3.2648046e-01  -2.5483037e-01   2.9414135e-01   6.7219071e-02   4.1008658e-01  -1.7372024e-01  -4.2191292e-01   2.2975132e-01   3.2041781e-01   3.0074947e-02  -2.6186694e-01   3.9594450e-01   4.2358264e-01   4.1351860e-01  -4.9811419e-01   4.2426507e-03  -1.6222672e-01   5.3258034e-01   2.4182270e-01  -5.4746318e-01   4.9407119e-01   2.3319113e-01  -8.0361027e-02  -1.0552072e-01   4.8417970e-01   5.0310849e-01   1.6380920e-01   5.8136698e-01   4.0782012e-01   1.2100595e-01  -4.4204492e-01  -1.0568357e-01  -8.8219629e-02  -1.6485728e-01   4.2499375e-01   6.0887807e-02  -1.1892342e-01  -2.6037857e-01   7.4387497e-01  -1.2390542e-01   4.0391938e-01   2.4940158e-01   8.7596325e-02   5.5021872e-01  -1.8671138e-01   1.6635739e-01   4.4851267e-01  -3.1167581e-01   7.2539817e-02  -4.2307654e-01  -2.0778106e-03   1.3729628e-01   6.8056817e-02  -3.4039631e-01   1.3472584e-01  -3.5506169e-01   3.3924589e-01  -6.9788435e-02   5.1651570e-01  -1.2461201e-01  -2.9338161e-01   2.5222862e-01   8.5531396e-02   1.4252304e-01  -1.9008459e-01   4.1254206e-01   1.9104237e-01  -4.5477711e-01  -5.5583555e-02  -2.0165738e-02  -3.0430369e-01   7.4001977e-01   7.8437110e-01   5.4406067e-01  -8.9074416e-04  -4.6408034e-02   9.7377952e-02  -3.6263870e-01   5.4890398e-01  -3.6331951e-03   5.4336030e-01  -3.5709707e-01  -4.0654399e-01   1.6646936e-02  -1.2021156e-01  -4.5589749e-01   6.6780318e-01   5.6001236e-01   8.0235236e-02  -1.2343682e-02  -1.4847111e-01   4.2122856e-01   1.8286124e-01   2.4427103e-01   2.5435154e-01   4.6355227e-01  -1.4414429e-01  -4.6571510e-01  -3.2435394e-01   4.8907962e-01  -4.8832194e-01   6.4510857e-01   3.4117115e-02   4.5241357e-01  -4.3114635e-01   3.8085173e-02   5.6686349e-01   3.4263385e-01  -9.4837786e-03   1.5574150e-01  -5.5123206e-01  -5.1890592e-02   1.0264229e-01  -3.0888698e-01  -1.8703290e-01   2.2144156e-01  -1.4670382e-01   6.7776259e-02  -3.1167502e-01   5.2037042e-01  -4.7323287e-01  -2.6601415e-01   3.3399576e-01   3.5425090e-01   2.5613609e-01   1.9680582e-01  -2.8075569e-02   6.6082732e-01   4.4512181e-02  -1.2814123e-01   7.5834854e-01   6.1016330e-01  -2.8539847e-01  -2.3690071e-01   1.9873132e-02   1.0987237e-01  -3.9498638e-01  -3.4175695e-01   3.7847330e-01   4.1699000e-01  -3.1197492e-01   3.1167116e-01   4.1284717e-01  -1.5465078e-01
   1.0833959e-01  -3.9523004e-01  -5.2685833e-03   3.0821110e-01   0.0000000e+00   9.3412599e-02  -4.7825348e-01  -3.5450698e-02  -2.1522511e-01  -3.5651580e-01   1.8757423e-02  -2.0176554e-01   7.6034890e-03  -3.5852413e-01  -3.0074794e-01   3.0304212e-02   1.4107662e-01   1.2554914e-01   1.2914910e-01   6.9794420e-01  -6.5862060e-02   9.1896489e-03   5.0016417e-02  -1.0355098e-01  -7.4808499e-02  -1.6940482e-01   1.1108536e-01  -3.7320533e-01  -3.5688709e-02  -1.1894375e-01  -2.7063742e-01   1.7767486e-01   1.3574858e-01  -2.5237005e-01  -4.4756919e-01   7.5659744e-01   3.1084223e-01   1.9905442e-01  -6.8804040e-03  -8.3716208e-02   4.5036316e-02   3.0946532e-01  -2.3156344e-01  -3.9295947e-01   1.6139167e-01   1.1900029e-01   5.2721111e-01  -3.8211043e-01   3.8436903e-01   2.3990377e-01   1.4907213e-01   9.4328678e-02  -3.5994451e-01   1.5568660e-01  -1.7662212e-01  -4.1952408e-01  -5.5756715e-02   2.6392364e-01  -1.5032733e-01  -4.6795233e-01   2.0658615e-01   2.2608503e-01  -1.0197376e-01  -4.7323112e-01  -1.9640411e-01  -2.3130040e-01  -1.1724794e-01   1.1795982e-01   2.5333960e-01   1.0684087e-02  -6.8038779e-02   4.0438524e-01  -1.4939284e-01  -2.6157784e-02   2.1981398e-01  -4.8357907e-02   2.4795252e-01  -3.7945983e-01   6.2660306e-01   6.1874268e-03  -3.8752628e-01  -1.7551028e-01  -5.0911298e-01   1.1382495e-01  -1.8122185e-01   1.0078530e-01  -2.4101812e-01  -1.8245830e-01   1.1502456e-01   3.2901532e-02   4.3468547e-01   1.8870640e-01  -4.0918620e-01  -3.0723855e-01   8.0248060e-02   4.8988670e-01  -9.7529620e-02  -1.8057471e-02   2.5369006e-01   4.7669574e-02  -5.1938387e-01  -1.3066518e-01   8.1041996e-02  -2.2414926e-01   3.6708237e-01   3.1963580e-01   1.2828465e-01  -1.0243953e-01  -2.2283949e-01  -1.8899717e-01  -5.1094759e-01   1.7424127e-01   1.8717393e-01   1.0666154e-01  -2.9863621e-01   1.4583487e-01   1.2873582e-01  -2.5259487e-01  -5.8297705e-01   3.2860336e-01   1.2388974e-01   5.0104980e-01   6.0971691e-02  -4.4669586e-02   1.3955625e-01  -4.7311465e-01  -2.6322552e-02  -5.3991126e-02   2.1135739e-01   8.3987325e-02   1.3622352e-02  -1.0394842e-01  -1.7580057e-01  -3.9679852e-01   2.3309714e-01  -7.7024195e-02  -2.5270048e-02  -3.7677832e-01   5.3509811e-02   2.1173826e-01   1.1625623e-01   1.8976661e-01  -5.2428623e-02  -5.2434299e-01  -1.2136853e-01  -1.7996179e-01  -1.8979875e-01   1.7586140e-01  -5.3023396e-02  -1.8941637e-01  -1.9203022e-01  -4.2782369e-01   6.6402283e-02  -3.8424238e-01  -1.8978469e-01   2.0625445e-02   2.0178447e-01  -1.4281208e-01   7.8489478e-02  -1.8357391e-01   2.3481850e-01  -3.0952244e-01   1.7249779e-01   2.8302167e-01   2.2034456e-01  -1.2938284e-01  -3.8036820e-01   8.0981094e-03  -1.1389542e-01  -2.1838712e-01  -1.1470834e-01   2.6879694e-01   1.6185979e-01  -4.1478672e-01   2.7362555e-02   7.2274838e-02  -8.9673563e-02
   1.3418021e-01  -1.9619757e-01   4.4586526e-02  -1.2581553e-01   9.3412599e-02   0.0000000e+00   1.7987692e-01   2.1997472e-01  -1.0363961e-01   4.1739312e-02   4.6276267e-01   4.4142694e-02   2.1603095e-01  -1.7371073e-01   2.9902090e-01   1.3888342e-01  -1.7204381e-01   7.9443413e-02   3.4006621e-01   2.9222450e-02   1.4705458e-01   2.1630916e-01   1.9949317e-01  -2.4850581e-01  -4.4499364e-01   3.4909226e-01   4.6441772e-01   3.9256652e-01  -3.6651849e-01   3.2665811e-01   5.8096109e-02   1.8082531e-01  -1.9202483e-01   1.7235471e-01  -1.1987585e-02   3.8818580e-01  -1.4114035e-01  -6.0686144e-02  -1.2343394e-01  -6.4624184e-03   1.6066533e-01   2.1183321e-01  -5.4403733e-03   1.4136080e-01  -1.5307402e-01   9.5121239e-02   4.6589805e-01   2.4763519e-02  -2.1457265e-01   3.6704830e-02   2.0498863e-01   3.7411682e-01  -1.6643783e-01   8.3964868e-03  -8.7699349e-02   1.6303636e-01   7.0272533e-01   1.7956690e-01   6.3381665e-02   1.1278849e-01  -8.3995446e-02  -6.3417767e-02  -2.8794326e-01   1.5589007e-01  -4.8615946e-01   9.8969195e-02   1.5930299e-01  -3.9966632e-01   5.3446288e-01   1.6505651e-01  -2.6045900e-01   2.2367780e-01  -2.1680273e-02   2.1588797e-01   3.5659845e-02   2.2282174e-01  -2.7216833e-02   3.2255943e-02  -5.7911326e-02  -3.1038208e-01   2.8811966e-01  -3.1935089e-02  -1.1951398e-01   2.2021994e-01  -4.6847326e-02   2.4831113e-01  -3.7484113e-01  -1.7380514e-01   2.3779294e-01   2.6084430e-01  -3.9220473e-01  -1.7656838e-01   2.4448968e-01   1.8391624e-01   9.7684544e-03  -3.5244204e-02   4.3598183e-02   3.8945123e-01  -4.0871268e-01  -1.6922555e-01  -4.7674352e-02   3.8177694e-01   3.0997314e-01  -8.4950083e-02   1.4090618e-01   8.4011215e-03  -1.9236588e-01   4.1519764e-01  -3.0131358e-01   2.0796058e-01   1.2662503e-01   2.6752881e-01   2.0057936e-01  -6.8990372e-02   2.1420441e-01  -1.1058376e-01   6.8519048e-02   2.2482863e-01   6.0477795e-02   2.6976751e-01  -5.5120671e-02  -3.8679602e-01   2.7553830e-02  -3.4744996e-01   7.2120655e-02   1.1143329e-01  -1.4418764e-01  -1.5990183e-01   7.4580320e-02  -7.9126476e-02   2.5199917e-01  -1.1762187e-01   4.2032036e-03  -1.6660018e-01  -1.2176716e-01   2.9387762e-01  -3.7138248e-01  -1.0472966e-01   3.4554258e-01   4.0161612e-02   7.2358075e-02   3.5780746e-02   2.9811209e-01   2.8302828e-01   2.2555572e-01  -7.0247674e-02  -8.9844753e-02   9.1090605e-03   3.2877925e-01  -2.4618275e-01   2.8177602e-01   9.2183107e-02  -1.1013068e-01  -1.6251610e-01  -2.4372987e-01  -2.0430854e-02   4.7103732e-02   1.3489761e-01  -3.3363959e-01   2.5749185e-01  -3.0749669e-01   2.8135221e-01   7.0303217e-02   5.3107437e-02   2.2260498e-01  -2.5261934e-01  -6.1137417e-02   1.5140782e-01  -1.7091035e-01   4.2783921e-02  -3.2631445e-01  -6.0679867e-02  -2.2136070e-01   2.2814298e-01   8.4890770e-02  -4.5639580e-01   3.4078099e-01
  -1.5017107e-01   6.1169396e-01  -1.4318487e-01  -1.7586933e-01  -4.7825348e-01   1.7987692e-01   0.0000000e+00  -1.9634314e-01   2.8409487e-01   4.3981180e-01   2.6928728e-02   4.3968427e-01   1.0677273e-01   5.8383417e-01   5.8233307e-01   1.5604356e-01  -3.0657591e-01   1.2583154e-03  -7.7520558e-02  -4.1565158e-01   1.0300426e-01  -3.2287806e-02   3.1402554e-01   5.6562971e-02  -5.2020140e-02   1.0213966e-01   1.1226782e-01   4.8116777e-01   1.0354208e-01   1.4737290e-01   2.3246020e-01  -2.7529809e-01  -6.0072984e-02   2.4345780e-01   5.2360491e-01  -3.6409579e-01  -2.6960231e-01  -2.1291747e-01   1.2670148e-01  -4.1621894e-02  -5.4197177e-03   6.4876263e-02   5.1065922e-01   3.1814431e-01   2.1318464e-01  -2.5479560e-01  -2.7372556e-01   4.7498083e-01  -5.3602335e-01  -4.2932246e-01  -9.0319318e-02  -1.0157657e-01   3.0486895e-01  -1.2054431e-01   5.7069287e-02   4.2130488e-01   3.5550317e-01  -3.6611446e-01   1.6825459e-01   4.8924185e-01  -2.1191665e-01   1.4859145e-01   2.2564489e-01   5.2603049e-01   2.8514362e-01   5.2060460e-01  -7.7987914e-02   9.3450429e-02  -1.8101223e-01  -8.0884614e-02   7.2627156e-02  -1.2271860e-01   1.9734138e-01   8.3139411e-02  -9.3549128e-02  -3.3030704e-01  -2.4257899e-01   2.0351647e-01  -3.4346846e-01  -1.5864974e-01   7.7143900e-01   3.3796647e-01   4.6416473e-01  -2.5190388e-01   1.5372318e-01  -2.9825480e-01   2.0060929e-01   1.5914875e-01   6.9795579e-02   2.0016277e-01  -4.2640565e-01  -2.5090711e-01   2.3961859e-01   3.6892583e-01  -2.0674196e-01  -6.3175738e-01  -1.4908161e-01  -7.3658395e-03  -1.3825729e-03   3.3905215e-01   3.9750209e-01   2.1046012e-01   3.5246799e-02   2.4242420e-01  -1.3831940e-01  -2.5977200e-01  -1.5999928e-01   4.6118160e-02   9.8455060e-02   2.7542371e-01   5.7760441e-01   1.7806246e-01  -1.6834724e-01  -5.9330829e-02   3.0742932e-01  -4.8270462e-02  -2.6535150e-01   2.8535459e-01   6.0539206e-01  -2.1675877e-01  -1.1925758e-01  -4.4065189e-01   1.9650661e-01   2.3039281e-01  -1.7562182e-01   4.6411342e-01   3.9430546e-01  -3.1375706e-01  -2.9883754e-01  -1.7492973e-01  -1.5956947e-01   4.4060838e-01   1.8292620e-01   2.4686959e-01  -6.6959155e-02  -2.2285709e-01  -2.3036478e-01   3.6163921e-01  -1.7512176e-01  -9.3359551e-02   1.0391540e-01  -1.5658868e-01   3.8984202e-02   5.6481719e-01   4.4576511e-01   3.0175481e-01   1.0277773e-01   1.0008157e-01   3.0532055e-01   3.4430992e-01   5.5016331e-01   6.1288280e-01   6.8444454e-03   4.1051244e-01   3.9856558e-02   1.3322847e-01  -1.8176150e-01   6.4173768e-02  -2.9517300e-01   5.8197308e-01  -2.6444880e-02   1.4172457e-01   3.6887697e-02  -7.8096206e-02  -9.7435808e-02   8.5887916e-02   3.9493416e-01  -1.8359328e-02   1.2141903e-01  -9.1906649e-02   3.1259323e-01  -9.6172082e-02   2.4223745e-01   4.8961831e-01   9.3156899e-02  -2.1879227e-01   4.5021020e-02
   2.8533519e-01  -2.8355290e-01   2.0500406e-01   1.8258794e-01  -3.5450698e-02   2.1997472e-01  -1.9634314e-01   0.0000000e+00  -1.9768253e-02  -4.9728590e-01   3.4525784e-01   2.0638671e-01   6.0593716e-02  -2.6613736e-01  -2.6775206e-01  -1.1776023e-01   2.7134395e-01   2.1616033e-01   4.4013616e-01  -1.7531364e-01   1.2903871e-01   5.6002131e-01  -1.6023011e-01  -1.6444582e-01   9.5382719e-02   5.9801438e-01   1.0882872e-01  -1.5932242e-01  -1.3822883e-01   1.4336499e-01  -2.5317884e-01   4.5783390e-01   1.9106842e-02  -3.6004523e-01  -2.5905534e-01   3.8681889e-02  -1.6278055e-01   1.2886232e-01  -1.3243135e-01  -5.4349764e-02   6.3343523e-02   2.1168893e-02  -3.1461667e-01   4.7349535e-01   4.4498327e-02   4.0150853e-01   2.1407119e-01  -1.0581758e-01   8.2445830e-02   1.2610177e-01   3.3314790e-01   7.2689029e-01  -2.0646008e-01   2.5205267e-01  -2.5550010e-01   3.7145598e-01   2.5679797e-01   3.0050825e-01   2.6775681e-01   3.0978055e-03   1.9510184e-01   8.7966915e-03  -3.1580376e-01   7.3302578e-02  -1.6894368e-01  -3.1126732e-01   4.7599924e-01  -1.7696950e-01   4.8761921e-01  -4.1599858e-02   2.1681239e-02   2.5514637e-01   1.1653717e-01   3.7472727e-01   3.4269381e-01   4.6070814e-01   1.2134087e-01   4.7320907e-01   6.3948514e-02   4.3738971e-02  -2.8728312e-01  -5.2949031e-02  -1.4126071e-01   5.7823632e-01   1.1122632e-01   3.9779472e-01  -6.7596466e-02   5.4115755e-02  -1.6746448e-01   7.6427988e-02  -4.3538646e-03   1.8982806e-01   1.7205004e-01  -7.4472567e-02   1.3702818e-01   1.0114636e-01   5.0363590e-01   5.8309087e-01  -1.4659884e-01  -3.5891136e-01  -2.8320657e-01   4.8087901e-01   1.8595393e-01  -1.3294784e-01   1.4458396e-01   2.7831467e-01   1.2728365e-01   7.8979583e-01  -2.2606776e-01   1.6283187e-01  -3.4411499e-01   1.8451424e-01   3.9877260e-01   1.1517421e-01  -2.8785630e-01   6.7495591e-02   4.0768444e-01   2.5112219e-02  -2.4159515e-01   5.0934722e-01   2.1584083e-01  -6.1614723e-03  -2.1762604e-01  -1.7499660e-01   2.0981232e-01   1.8839203e-01  -3.3214705e-01   2.7549782e-01   4.7897074e-01   4.7384346e-02  -1.7749290e-02  -4.0213433e-01   3.8812792e-01  -3.2286855e-01   1.1981767e-01   7.7591166e-01   2.3123943e-01  -2.7744424e-01   5.0678448e-01   1.9321586e-01   1.4631231e-01   3.2322098e-02   7.5948703e-01  -1.0880828e-01  -2.1691316e-01  -2.2534665e-01  -1.1895875e-01   8.0616560e-02   1.9545425e-01  -3.6130419e-01  -5.1563616e-03  -5.5723694e-02   9.4899541e-02  -2.5736235e-01   1.5225755e-02  -5.8204080e-02   3.3054722e-01   3.7884769e-01   1.7123732e-01   1.4475019e-01  -2.7413419e-01   7.0763986e-01  -1.2679024e-01   9.5310436e-02   3.2495123e-01  -2.8506762e-01   2.6036969e-02   2.4008511e-01   2.2679045e-01   2.8123702e-01  -2.6523819e-01  -8.0131012e-04   4.3832352e-02   2.2491194e-01   3.6058382e-01   3.0022445e-02   4.6396636e-01
  -1.2062738e-01   5.8175370e-01   2.6188587e-01  -1.8632228e-01  -2.1522511e-01  -1.0363961e-01   2.8409487e-01  -1.9768253e-02   0.0000000e+00   2.3411817e-01  -2.0626844e-01   1.8235409e-01  -1.6101024e-02   2.0796206e-01   4.3551790e-02   8.5474793e-03   2.5858868e-01  -1.3961346e-02  -2.2742341e-01  -6.3687387e-02   4.9866829e-02   3.5995927e-01  -2.0864265e-01  -2.4535176e-01   2.2905424e-01  -2.0046322e-02   7.4197309e-02   9.1584576e-02   3.1017881e-01   7.0701498e-02   3.5385784e-01  -1.2674166e-01   1.8830789e-01   3.4657142e-01   2.0604315e-01  -2.9117892e-01  -9.8081806e-02  -2.7597489e-01   1.4834834e-01   4.7569811e-01   9.7298652e-02  -5.5445701e-02   4.4215337e-01   1.1769767e-01  -2.0045423e-01  -5.6143380e-02  -3.0860359e-01   2.9606139e-01  -1.0245495e-01   1.3059178e-01  -2.3618743e-01  -8.4523872e-03   5.0073136e-01   2.3289333e-02   5.5134879e-03  -3.8634530e-02  -1.9178591e-01   2.3745589e-02  -9.7319658e-02   2.4812193e-01  -2.8854241e-02   2.2179242e-02   5.4393432e-01   3.2252843e-01   2.1919093e-01  -2.3187907e-02   1.4883907e-01   2.1387681e-01  -2.2742757e-01   2.7790836e-01   3.9109253e-01  -3.5196337e-01   4.1034275e-01  -2.0944328e-01   1.6007413e-01  -1.0515498e-01  -2.7482147e-02   1.0896746e-01  -7.1704674e-02   3.2565451e-02   1.1345129e-01   1.3962323e-01   3.2098202e-01  -1.0350513e-01   1.3168008e-01  -1.2992471e-01   5.2957850e-01  -2.5511481e-01   1.4796847e-01  -2.8124858e-01   1.3474004e-01   4.9219706e-02  -7.5334445e-03   6.8518775e-01  -2.6288438e-02  -4.8723389e-03  -7.3833433e-02  -6.3160174e-02   2.2143181e-01  -1.1206853e-01   3.2165616e-01  -7.1339785e-02  -6.0311710e-02   8.4331277e-01  -3.9784978e-01  -3.3672267e-02  -2.5213292e-02  -5.5022668e-02   7.5540326e-03  -1.5990058e-01   2.8639053e-01  -2.3482487e-01   7.2552932e-02  -1.8374683e-01   1.6743581e-01   9.9644569e-02  -2.2374563e-01  -2.9452545e-02  -1.7042207e-02  -1.8318219e-01  -1.9882703e-02  -6.6225373e-02   5.0560530e-01   3.3589967e-01  -1.5840726e-01  -1.8275709e-01  -4.7287535e-02   1.5048953e-02   1.6607241e-01   3.9020346e-01  -8.2015444e-02   1.9854600e-01   6.5265395e-02   4.3684692e-01   2.9422231e-01  -4.1035726e-02   3.2681291e-02   4.3188867e-01  -1.3623261e-01  -6.4622644e-02  -9.7196405e-02  -8.6829960e-02  -1.8372484e-01   1.6697976e-01   1.3146977e-01   2.6812890e-02   5.1210509e-01   1.7337872e-02  -3.1243273e-01   2.4968784e-01  -1.6585674e-01   2.8929512e-01  -4.7245404e-02   4.4023144e-01   5.5717475e-01  -3.8037989e-01  -2.6336247e-02  -1.5240560e-01   9.6955937e-02  -3.4956760e-02   3.9358200e-02  -1.1115941e-01   2.0711845e-01  -3.8596809e-01  -1.0639212e-02   9.5175250e-02  -1.5166318e-01  -9.1050213e-02   2.2124806e-01   5.4210953e-02   2.1753989e-01  -3.2214828e-02   2.6693968e-02   2.2113957e-01   7.1831573e-02   1.7861897e-01   2.6101243e-01
  -1.1489475e-01   3.6688973e-01   2.3100603e-01  -3.0656617e-01  -3.5651580e-01   4.1739312e-02   4.3981180e-01  -4.9728590e-01   2.3411817e-01   0.0000000e+00  -2.8732026e-01   1.0318286e-01   1.7448557e-01   1.4761139e-01   5.4462008e-01  -1.3528076e-01  -4.2600640e-02  -3.3529657e-01  -4.2960167e-01   1.3146205e-02  -2.5088515e-01  -3.4290166e-01   1.3714287e-01   1.8311142e-01  -1.6430789e-01  -3.2494846e-02  -1.4128126e-01   4.9919367e-01  -6.9897450e-02  -6.6004967e-02   3.8778990e-01  -3.3492732e-01  -3.5182886e-01   6.5401788e-01   4.5221543e-01  -4.4078283e-01   1.3951563e-01  -2.2341091e-01  -1.9863815e-01   2.7053970e-01   2.1258284e-02  -1.2755561e-01   5.3087939e-01  -1.3537712e-01  -9.2843425e-02  -1.2614324e-01  -5.2190968e-01   1.6825687e-01   8.5677852e-03  -6.6441105e-02  -2.4537653e-01  -3.5066048e-01   2.9399997e-01  -3.5501711e-01   1.3076332e-01  -1.5431077e-01   4.4210325e-02  -3.8513600e-01  -1.2296220e-02   2.4826611e-01  -1.4166609e-01   1.8423124e-02   1.5314543e-01   2.6030499e-01   9.4610563e-02   3.9764787e-01  -5.0360060e-01  -3.0943297e-02  -5.6184504e-01   3.5355311e-01  -3.1696199e-02  -3.5641485e-01  -1.2200560e-01   2.4959067e-02  -8.2994335e-02  -2.0306069e-01  -1.1685404e-01  -7.8496319e-02  -2.2722763e-01  -1.9574134e-01   5.9108818e-01   1.0965503e-01   2.3847556e-01  -1.5012760e-01   2.0613824e-01  -2.4721282e-01   1.3814632e-01   6.0707019e-02   3.6928418e-02   5.6192250e-02  -2.9754583e-01  -1.4493111e-01  -2.6400131e-02   3.6974966e-01  -8.3646075e-02  -1.1184237e-01  -7.0388209e-02  -3.2384965e-01  -8.0547651e-02   3.2063430e-01   4.5076617e-01  -1.4478550e-01  -6.1549926e-02   3.5183342e-01  -3.0394111e-01  -3.1659989e-01  -2.9555498e-01  -4.5510570e-01   3.7016299e-01  -2.7938992e-01   6.0243862e-01  -1.3407927e-01  -4.4525372e-01  -1.0804591e-01   5.2786912e-01  -2.7951788e-01  -3.4192324e-01   2.9105910e-01   4.2099240e-01  -5.0198092e-01  -1.4628916e-01  -1.7731365e-01   9.0164376e-02   1.6848809e-02   7.6201285e-02   7.5464363e-02   3.3031940e-01  -1.3434350e-01  -5.2582370e-01   5.3417950e-03  -4.0872363e-02   3.7154443e-01  -7.0329623e-02   4.3907621e-01  -2.5292674e-01  -3.7749275e-01  -3.3383209e-01   5.1118447e-01  -1.8537710e-01  -1.5903571e-01  -3.0821830e-02   1.6559377e-01  -5.7519144e-01   3.0832085e-01   4.2182487e-01   3.4160447e-01   3.8141109e-01  -3.3719656e-01  -1.1147645e-01   3.7354425e-01   3.1970011e-01   3.9257288e-01  -4.3703121e-02   2.5395625e-01   1.9250766e-01  -2.7708460e-02  -1.6148932e-01  -1.1040034e-02  -2.6376851e-01   2.5888021e-02   8.5946580e-03  -3.8655221e-01   5.9215801e-02  -3.1867243e-01  -2.3362220e-01   3.4607770e-01  -1.4017007e-01  -9.6540893e-02  -2.1967726e-03  -1.8409838e-01   2.9237498e-01  -1.0173632e-01  -3.4066712e-01   1.2297773e-01  -2.7368146e-01  -2.6060021e-01  -1.0180972e-01
   2.7780120e-01  -3.1099068e-01  -3.1627670e-02   1.5909101e-01   1.8757423e-02   4.6276267e-01   2.6928728e-02   3.4525784e-01  -2.0626844e-01  -2.8732026e-01   0.0000000e+00   2.7630367e-01   2.4711948e-01  -8.2890256e-02   1.6949333e-01   1.8517729e-01  -3.6032357e-02   6.0795478e-01   5.0056732e-01  -1.2270836e-01   5.8847993e-01   1.5570632e-01   3.4881699e-01  -1.9534156e-01  -9.3207658e-02   2.1057248e-01   2.3868152e-01  -1.8928521e-02  -2.4636319e-01   1.8213137e-01  -8.1777274e-02   3.8345788e-01   5.0871693e-02  -1.3336788e-01  -1.6110068e-01   4.1105887e-01  -9.0777599e-02   1.7789225e-01   4.5104725e-02  -3.0174226e-01   1.5976050e-01   1.0732589e-02  -8.8312441e-02   1.8050092e-01   1.1576986e-01   1.9891000e-01   6.5755841e-01  -4.3560661e-04  -3.0616838e-01  -1.5344574e-01   6.0301713e-01   4.0880058e-01  -2.1993321e-01   3.0193994e-01   2.8909725e-02   3.3399887e-01   4.4606180e-01   1.5701841e-01   1.6564844e-01   1.4025883e-01   1.3464502e-01  -3.1104501e-03  -2.0495220e-01  -2.5232030e-03  -2.7892531e-01   2.4341276e-01   3.4964847e-01  -6.9317095e-02   5.6444936e-01   6.4209970e-03  -1.9944320e-01   4.4607855e-01   1.2016259e-01   3.0486523e-01   1.1818533e-01   3.8620577e-02   1.0669028e-01   2.4321310e-01   3.9276967e-02  -1.3215960e-02  -1.2066214e-01   9.9362768e-02  -7.0154371e-02   1.9027009e-01   9.5193251e-02   1.9174503e-01  -3.4235088e-01   9.2689493e-02  -5.3452950e-02   2.6974150e-01  -2.4799743e-01   1.0966208e-01   5.5611652e-01  -1.0641158e-01   9.4992998e-02  -2.2278156e-01  -3.2500705e-02   1.0918335e-01  -6.7872770e-02  -1.5759730e-01  -3.0248249e-01   5.7296871e-01   2.8727323e-01  -2.5947929e-01   5.0922933e-01   2.2060159e-01   2.3441252e-01   5.5385487e-01  -3.3806094e-01   6.0377246e-01  -1.3809882e-01   4.8734264e-01   3.1914055e-01   3.0005405e-01  -2.9803931e-01   1.1382570e-01   2.3840501e-01   2.8320337e-01  -1.3922013e-01   4.6605018e-01   2.7720699e-01  -1.2845939e-01  -5.8908184e-02  -1.5834674e-01   2.2602752e-01   2.2310491e-01   5.1326263e-03   4.0339580e-02   2.5186561e-01  -1.7207428e-02   1.4098245e-01   3.3185686e-02   2.0071343e-01  -2.3067989e-01   1.6301710e-01   2.3178866e-01   3.8316625e-02  -2.9617573e-01   2.7137415e-01   3.1466741e-01   1.2964912e-01  -9.0309064e-02   5.6132398e-01  -3.6872779e-02   1.7309086e-01  -6.1697533e-02  -3.9081160e-01   1.1282291e-01   6.2924519e-01  -2.6667777e-01   2.2186565e-01  -1.3351521e-01   2.3251816e-01   6.8937809e-02  -3.0175721e-01   6.4952280e-02   1.6700036e-01   1.1449073e-01   4.6125923e-02   3.4160259e-01  -1.2278886e-01   5.4074914e-01   2.7404905e-01   3.9642833e-01   3.3248762e-01  -1.1785852e-01   3.6595999e-01   2.5210551e-01   1.0518754e-01   3.0110608e-01  -2.5597929e-01   1.8837256e-03   2.9168836e-01   1.9067262e-01   5.9663401e-02  -7.2172330e-02   1.1372180e-01
   1.9015280e-01   4.4897861e-01   1.3144477e-01  -9.6462184e-02  -2.0176554e-01   4.4142694e-02   4.3968427e-01   2.0638671e-01   1.8235409e-01   1.0318286e-01   2.7630367e-01   0.0000000e+00  -6.3916442e-02   2.5566550e-01   1.9844140e-01  -1.8885848e-01   2.2102745e-02   1.1694028e-01   1.8282506e-01  -3.4564081e-01   1.4697605e-01   4.8078846e-02   1.4882623e-01  -4.5352289e-02  -1.2809292e-01   2.5578942e-01  -1.1394463e-02   2.8448063e-01   5.3518343e-02   1.3484882e-01   3.0210852e-01   8.4350638e-02  -1.8391823e-01  -6.6117648e-02   2.5605514e-01  -2.2268950e-01  -2.4563662e-01  -6.6499525e-02  -1.0152395e-01  -1.0185151e-01  -1.8719950e-01  -2.5147155e-01   1.3823849e-01   3.3002373e-01   2.9560035e-01   1.1269023e-01  -6.5359522e-02   3.4345956e-01  -1.9415886e-01  -1.9013958e-01   1.3804088e-01   2.3745297e-01   2.6776989e-01  -5.6948218e-02   5.3396670e-02   4.1205410e-01   2.2040561e-01  -1.9442531e-01   2.9245507e-01   2.5511103e-01   1.0751825e-02   3.5716928e-02   3.9073701e-02   4.4202084e-01   2.9814504e-01   1.4795217e-01   1.7722312e-01  -8.2193246e-02   1.1598640e-01  -1.3704704e-01   4.5359931e-01  -1.4386631e-01   1.6126824e-01   2.7817206e-01   1.5882104e-01   7.6241674e-02  -7.3243500e-02   2.7352511e-01   9.5569458e-02  -4.0797595e-02   2.6414879e-01   8.7944481e-02   3.5983127e-01   1.9493287e-01   4.0986566e-01   1.4994325e-01   3.7934653e-01   3.6217059e-01  -1.3787226e-01   2.8652492e-01  -3.4667925e-02  -1.1749897e-01   1.1161782e-01   9.1872908e-02  -1.5803390e-01  -4.1949465e-01   1.6246857e-01   1.0077139e-01  -9.0676917e-02   1.1677424e-01   2.5097529e-01   2.9352391e-01  -2.8736386e-02   2.9809877e-01  -2.0999639e-02  -7.7760702e-02  -1.2787997e-02   3.1932171e-01   6.0316395e-02   1.2651785e-01   4.3623705e-02   3.2241051e-01  -9.3535395e-03   2.2752088e-01  -5.5894975e-02   1.1067287e-01   5.7071491e-02   1.6210239e-01   1.8781518e-01   3.9554045e-02   8.6174445e-02  -1.4122718e-01  -5.6276706e-02   2.4669947e-01   1.2608843e-01   4.3799072e-01   2.7989644e-01   1.0274159e-01  -2.0624393e-01   4.9155490e-02  -1.4835704e-01   3.3585354e-01   3.1011910e-01   2.2822854e-01  -1.2497105e-01   9.0986931e-02  -4.7258814e-02   3.0052379e-01   2.2493700e-01  -2.3115813e-02   1.4074430e-01  -2.3797932e-01   2.8681983e-01   1.3249692e-01   2.3769050e-01   6.1948334e-02   2.0848099e-02   3.5786014e-01   1.7330797e-01   2.1205105e-03   4.2872428e-01   2.8845386e-01   1.5327245e-01   4.9198877e-01   1.9537544e-01   3.6315234e-02   2.8964051e-02   2.6269922e-01  -1.0011763e-01   4.3154429e-01  -9.3005687e-02   3.1704398e-01   1.1770561e-01  -1.3342927e-01   1.4237564e-01   8.8816359e-03   3.6830555e-01   3.6233932e-01   1.1192284e-01   1.6845932e-01   2.0098806e-01  -8.4119586e-02   2.1365901e-01   3.8960538e-01  -1.6903774e-02  -1.0660799e-01   1.8462488e-01
   1.9934385e-01  -1.9619541e-01  -1.1115889e-01   1.6416692e-01   7.6034890e-03   2.1603095e-01   1.0677273e-01   6.0593716e-02  -1.6101024e-02   1.7448557e-01   2.4711948e-01  -6.3916442e-02   0.0000000e+00  -1.0861196e-01   2.7064026e-01   1.8390478e-01  -4.5818143e-02   2.8608736e-01   5.5617684e-02   1.1543009e-01   9.3630305e-02  -1.0587624e-01   3.0163312e-01   2.0686009e-01  -2.3611948e-02   2.1716702e-01  -9.1505442e-03   5.8734834e-02  -2.8350684e-01  -2.3287752e-01  -2.7016607e-01   1.0706042e-01   5.7244914e-02   1.4429725e-01  -5.7600052e-02  -2.0488465e-03   8.6791415e-02   4.3795833e-02   3.5692953e-03  -5.6823818e-02   6.1015865e-01   1.7770306e-01   2.3526161e-01   3.4432763e-02   1.8982318e-01  -3.1582653e-02   1.0846711e-01  -1.8237328e-01  -5.4708059e-02  -1.6739166e-03   3.1896035e-01   2.3801265e-01  -3.1266615e-01   1.8130533e-01  -1.9241653e-01   7.3981415e-02   3.2947691e-01  -1.9796881e-01   3.2125954e-01   9.8302568e-02   9.7040888e-02   5.1983859e-02  -1.0643923e-02  -1.8747949e-01  -2.4768579e-01   1.2411029e-01  -4.8295786e-02   5.7095691e-02  -8.8638324e-02   1.6474631e-01  -2.8572051e-01   2.8098026e-01   1.9379742e-01   1.2934747e-01   2.1885196e-01  -1.5982257e-01   4.7222882e-02  -6.0014553e-02  -1.1016250e-01   8.6105852e-02   3.9415289e-02   5.1577536e-01  -1.9593077e-01   4.3687956e-02  -1.6977927e-01  -6.1825671e-02  -3.1320731e-01   4.5790377e-02   4.3662772e-02   1.0869342e-01  -2.1923031e-01   7.4516902e-02   3.0749412e-01   6.0404607e-02  -4.0081114e-02   3.8249196e-02   6.0178615e-02   2.1519637e-02   1.6809468e-01   2.3141051e-01  -3.7431274e-01   3.0031174e-01  -2.0978208e-02  -1.2146973e-01   2.3363373e-01   1.0594344e-01   2.0354176e-01   1.4525765e-01  -2.4424318e-02   1.7096095e-01   1.0418724e-01   1.8771358e-01  -3.1331746e-02   1.4173391e-01   4.6850075e-02   7.1607536e-03   9.3297662e-02   6.9081809e-01  -1.4099510e-01   2.6148685e-01   7.5097824e-02  -6.9422394e-02   1.3686349e-01  -8.3352595e-02   1.6343181e-01  -1.0089720e-01   1.3095441e-01  -8.6596578e-02   9.8035092e-03  -1.9800921e-01   1.9879153e-01  -6.8506295e-02   1.1721122e-01  -2.2644576e-01   1.0083892e-01  -9.3133812e-02  -1.4963117e-01  -2.8073863e-01   4.6077363e-02   2.4015752e-01  -9.0100318e-03   3.7056954e-01   8.6526919e-02  -9.4219623e-02   1.5843560e-01   1.4410229e-02  -2.9841317e-02  -3.0908509e-01   2.8159444e-01  -1.7203914e-02   1.0171740e-01  -7.9411110e-02   9.9247886e-02  -2.1670840e-01  -3.1136944e-01   1.5297904e-01   1.7005511e-02   3.8427838e-01   4.0411990e-02   1.3312207e-01   2.5145145e-02   6.2806172e-02   2.2549214e-02   2.1909133e-01   7.5944951e-02   9.5462740e-02  -6.3428129e-02   3.1903423e-02   7.9684101e-02  -2.5322965e-02  -7.8209819e-02  -4.9277244e-02   6.8956252e-02  -1.6204009e-01  -4.2734374e-02  -4.2501044e-02  -1.1555063e-01
   3.8947195e-04   6.0643772e-01  -1.9595826e-01   7.4016102e-02  -3.5852413e-01  -1.7371073e-01   5.8383417e-01  -2.6613736e-01   2.0796206e-01   1.4761139e-01  -8.2890256e-02   2.5566550e-01  -1.0861196e-01   0.0000000e+00   2.8996091e-01   2.3874896e-01  -1.8147231e-01   1.2233163e-01  -1.5681561e-01  -4.7992003e-01   2.1511098e-01  -1.1571475e-01   8.2609941e-02   2.2092873e-01   2.5750059e-01  -2.3017666e-01  -1.6129960e-01   1.3400904e-01   4.7615176e-01  -1.4005053e-01   1.0738987e-01  -1.1428509e-01   4.1654920e-02  -4.7658965e-02   5.0818951e-01  -3.0088187e-01  -2.5796047e-01  -8.8912772e-03   1.8893286e-01  -2.9703317e-01   1.6752015e-02  -8.3447711e-03   3.0221216e-01   1.4289746e-01   5.6896080e-02  -1.0342066e-01  -1.3018286e-01   3.5071764e-01  -3.1880980e-01  -5.0762569e-01  -1.9904859e-03  -2.6887593e-01   2.4629869e-01   8.3371763e-02   3.8646758e-01   2.4049790e-01  -3.8571855e-02  -1.8110937e-01   1.4176750e-01   3.4556527e-01   3.7513815e-02   6.9647422e-02   2.3242007e-01   2.2078534e-01   3.8217362e-01   2.4691617e-01  -2.2334942e-02   3.0140058e-01  -3.0605199e-01  -3.6200260e-01   1.5902391e-01  -1.2522356e-01   2.0484353e-01  -4.5234273e-02  -1.6358436e-01  -2.1021848e-01  -3.2788863e-02  -4.6899890e-02  -4.3414421e-01   2.9656345e-01   3.9605498e-01   2.3879868e-01   4.2210356e-01  -3.4912057e-01   2.8598082e-01  -2.5350587e-01   2.8191071e-01   2.8641904e-01  -2.6919796e-01   1.0625574e-01  -3.0123813e-01   7.4581841e-03   1.5707489e-01   8.3813538e-02  -6.1358203e-02  -4.3385169e-01  -1.8931103e-02  -1.1115079e-01   1.9325499e-01   9.9850261e-02   3.7923349e-01  -3.5631516e-02  -1.8069582e-01   2.0338735e-01  -3.6158399e-02  -1.3735715e-01   1.1908812e-01  -1.3172822e-01   9.1979081e-02   2.8755685e-01   3.4526984e-01   9.6900661e-02  -2.4201757e-01   1.1890144e-01   1.5703885e-01  -7.0533604e-02  -3.3850326e-01   4.1692622e-02   3.8007671e-01  -1.1848804e-01  -1.2737542e-02  -3.8218389e-01  -5.1768485e-02   2.8548677e-01  -4.8766812e-02   4.0892839e-01   2.6989568e-01   1.3945495e-01  -1.6824623e-01  -2.6308178e-01  -2.3871416e-01   3.0965289e-01   2.4292091e-01   2.8255325e-01   1.3735634e-01  -3.1387609e-01   2.4029813e-01   2.4822209e-01  -2.4159502e-01  -2.2738588e-02   1.4877451e-01  -3.3037077e-01  -1.3073892e-01   3.8463872e-01   9.0530967e-02   3.2752758e-01  -6.0749040e-02   1.7097278e-01   1.1331075e-01   2.2995262e-01   3.7262663e-01   3.2580487e-01   1.5722461e-01   4.2821771e-01  -3.8518340e-02   2.8038817e-01  -1.1108283e-01   7.4323165e-02  -4.1542800e-02   2.7666973e-01   2.5480123e-01  -8.9481140e-02  -1.7532368e-02   6.9436279e-02  -7.4535836e-03  -6.8228792e-02   2.8020448e-01   6.9754322e-02   8.2077879e-02   3.0020550e-02   7.8081632e-02  -6.1651266e-03   3.3473723e-01   2.9635072e-01   1.3581397e-01   3.0937059e-01  -2.8342482e-01
