   0.0000000e+00   2.1209008e-01   3.7079543e-01  -1.2776995e-01  -3.8787836e-02   5.4986703e-02   1.8809728e-01   1.6225975e-02  -1.8195221e-01   1.2517430e-01  -2.0426109e-01   1.5151323e-01  -1.7749750e-01   3.7367605e-01   1.1465236e-01  -2.8980191e-01   4.1849777e-01  -2.0022818e-01   1.4449847e-01  -9.2163978e-02  -1.7680507e-01   1.2987071e-01   8.0921695e-02   5.2169834e-01  -1.2521678e-01  -2.5372283e-01   3.9517491e-02   2.1046134e-01   2.9832289e-02   4.1340353e-02   4.4737261e-02   4.6651499e-02  -2.7781412e-01   9.4189226e-02   9.0800131e-02  -1.4558828e-03  -1.0966827e-01   4.1952059e-02  -2.5437298e-01   1.5844807e-01  -1.2034551e-01  -1.5724187e-01  -1.9078315e-01  -1.0086324e-01  -1.2170918e-01   3.6800143e-01  -6.8954562e-02   5.8028461e-02  -1.2958716e-01   7.7329585e-02  -5.7815436e-02  -1.9558578e-02  -3.7993284e-02   2.3078873e-01   3.3482521e-01   4.7947689e-02  -2.4972020e-02   4.8485057e-02   6.8337957e-02   2.0689858e-01   4.7218506e-01  -1.3731006e-01  -1.1725442e-02  -3.4640956e-02  -1.3551591e-01  -1.5769305e-02   2.4920504e-01  -1.9630574e-01  -2.2785965e-01   1.5433513e-02   6.1571142e-03   1.3547384e-01   2.4572181e-02   3.5735379e-01   6.5192123e-02   2.0185066e-01   4.5639900e-01  -7.2902673e-02  -5.7557464e-03  -1.5386086e-01   9.4307998e-03  -1.9512437e-01  -1.9744353e-02  -3.3706686e-02   3.4055005e-01   2.6982528e-01   6.8740352e-02   3.1746460e-01  -1.2136186e-02   4.4072711e-01  -7.6561095e-03   1.0979546e-02   8.3222583e-02  -1.8134785e-01   3.3126893e-01  -1.3301696e-01  -3.3322808e-01   2.4766658e-01  -2.5099403e-01   1.5697555e-01   2.5958440e-01   7.9375759e-02  -1.0239167e-03   1.3948310e-01  -1.6782801e-01   3.6938775e-02   5.3007690e-02  -3.3705128e-02  -9.7613581e-02  -3.0476007e-02   1.0244594e-01   9.4755544e-03  -2.0790836e-01   4.3311144e-01   1.3295235e-01   2.4376780e-01   5.1851637e-02  -9.0294875e-03   4.1009186e-02  -1.5200218e-01   1.8092605e-01   6.7396580e-02   2.7804246e-01  -1.0699490e-02   2.4813080e-01   2.8808423e-01   4.5210619e-03   3.9637341e-02   3.2531865e-03   5.1035396e-02  -3.7721586e-02  -1.0237381e-04   3.1181787e-01   1.3168017e-01  -1.9137005e-01   8.9688860e-02  -2.3323672e-01  -8.5665787e-02   2.7560936e-01   1.5209253e-01   5.7053831e-01  -5.1117070e-02   1.1633672e-03   3.7532746e-02   1.5807042e-01   6.0195004e-02   1.1620974e-01  -1.0673682e-01  -7.0698596e-02  -1.2676279e-05   5.0233469e-01  -4.8140704e-02   3.7224296e-01   7.3996062e-02   2.6750295e-01   1.7490357e-01   7.8812755e-02   1.1278186e-01   1.1029828e-01  -3.7733232e-02   2.0898691e-01  -2.0383643e-01  -2.6448184e-02  -4.2983214e-03   1.5850117e-01   6.2682730e-02   2.7399123e-02   1.7419955e-01   4.1337492e-01   1.7920212e-02   1.6138523e-01  -1.7779982e-01  -1.2169928e-01   6.9758173e-02  -1.9517525e-01  -2.2613662e-01   3.6765674e-01
   2.1209008e-01   0.0000000e+00   1.9975595e-01  -1.4119784e-01   1.9201800e-02   1.9444139e-01   3.5911468e-01   2.1596836e-02   3.8969625e-01   1.4183200e-02   2.0921588e-01   2.3486864e-01  -4.2505756e-02  -7.5929496e-02   2.6261923e-02  -1.3121415e-01   3.1687270e-01   1.2085455e-02   1.5555418e-02  -6.1323291e-02  -1.5736765e-01   1.6823994e-01  -1.2183004e-01   2.3678804e-02  -3.1049754e-01  -1.3930267e-01   2.5140466e-01  -1.8190088e-01   7.1674365e-03   3.4773474e-01   4.4009146e-01  -1.2772636e-01  -2.8005425e-01   1.6607303e-01   7.3605545e-02   1.8976462e-01  -5.8543625e-02  -2.5940723e-01  -4.5632172e-02   2.2939618e-01   1.5891725e-02  -2.8730148e-01   9.9806561e-02  -1.9434815e-01  -1.0378048e-01  -2.0205596e-02   4.1031362e-01   2.3392266e-01  -2.0642840e-01  -2.9171241e-02   6.2499287e-02   1.5496899e-01   3.8309006e-01  -2.0844953e-01  -1.0517129e-01   2.9701619e-01  -1.1017912e-01   7.5830334e-02   1.5759480e-01   1.2833045e-01   1.9219496e-01  -2.9931784e-01   9.7016001e-02   2.8794246e-01  -1.2668986e-01   2.3251960e-01   3.4724173e-01  -1.8024579e-02   1.7369864e-01   1.6745904e-02   3.3980574e-01   1.3816707e-01   2.9727389e-01   6.2790919e-02  -1.1818112e-01   1.8611222e-01   1.6286883e-01   1.0342461e-01   1.7054789e-01  -3.9853814e-01   5.1529568e-02  -1.2753950e-01  -1.1717015e-01  -6.9716018e-02   3.2415770e-02   5.2932158e-02  -8.3695337e-03  -1.1774271e-02   6.4444004e-02  -6.2970305e-02   1.2767922e-01  -3.3309218e-01   1.0880393e-01   1.7180331e-01  -8.3710231e-02  -5.1537078e-02  -3.5291488e-01  -5.7615402e-02  -2.3050178e-01  -7.6126463e-02  -2.3305776e-01   5.2344711e-02   1.8371937e-01   3.9469764e-01   1.1855166e-02  -9.7073355e-02  -2.4601691e-01   2.6913605e-01  -1.7391120e-01   2.2296429e-01   1.4900894e-01   2.4388738e-01  -3.5767318e-01  -1.9454452e-01  -2.0287768e-01   3.0021341e-01   3.9272818e-02   1.4470655e-01  -1.8802419e-01  -9.3986112e-03  -3.2755735e-01   1.1699257e-01   2.7453843e-01   3.7558667e-01  -1.6587086e-01  -6.7893966e-03  -1.3246031e-01  -1.9641292e-01   8.6891951e-02   2.9510842e-01  -1.2368155e-02  -4.4861299e-02   4.9328012e-01   8.2946530e-02  -1.2312138e-01   2.3540367e-01  -3.4415545e-01  -2.2027385e-01   2.6986838e-01  -1.7981464e-01   5.0926276e-02  -1.5464259e-01   2.0510783e-01  -3.2514527e-02  -7.0949173e-02   1.2173681e-01   1.7159807e-01   2.8300259e-01   7.4991453e-02   3.7504299e-02  -1.3894107e-01  -6.3054291e-02  -2.8979639e-01   3.1007762e-01   4.8675585e-01  -8.5955485e-03  -3.1063934e-01   1.0241453e-01  -1.4218736e-01   1.3784152e-01   2.8516647e-01   9.7860670e-03   7.3427066e-02   1.7129982e-01   1.5631718e-01   1.9025101e-01   1.2695144e-01  -2.8058386e-01  -1.2364679e-01   5.0629207e-02   2.1076669e-01  -4.1246177e-01  -6.8543964e-02  -1.0217168e-01   7.6030236e-02  -2.0988604e-01   2.7606479e-01
   3.7079543e-01   1.9975595e-01   0.0000000e+00  -1.6457014e-01   3.8276549e-02   3.9378242e-01   3.5796635e-01   1.6583989e-01   2.3221311e-02   2.0346770e-01  -2.1426384e-01   8.3834229e-03   6.4607290e-02   2.5858601e-01   7.2892869e-02  -2.3222887e-01   7.7195396e-01  -1.6275291e-01   1.7680251e-01   1.2866184e-01  -2.0219745e-01   1.3716116e-01  -3.1612067e-02   1.8440592e-01  -1.2589148e-01  -2.3594959e-01  -3.6601094e-02   1.4772216e-01   1.1364669e-01   9.7269354e-02  -3.9394856e-02   4.8985803e-02  -2.7875390e-01   1.6512225e-01   1.7926465e-01  -5.7438962e-02  -5.2403505e-02  -3.9673208e-02  -2.0738174e-01   4.0114987e-01   2.2534395e-02  -3.3825039e-02   1.3917652e-01  -1.7304677e-01  -3.4941976e-01   7.6449990e-02  -2.6267136e-02  -1.1899534e-01  -1.4117474e-01   5.0471586e-01  -2.8968001e-02   1.1168435e-01  -1.0540980e-01   1.8153247e-01   2.1374402e-01   1.8962490e-01   1.3845836e-01   1.3260659e-01   4.9720283e-02   7.3339929e-02   3.7287708e-01  -1.0531711e-01  -1.8561878e-02  -3.6629917e-01  -3.0658011e-01   5.2424158e-02   4.8805030e-01  -2.4004262e-01  -1.4196843e-01   3.4695091e-01   1.9147220e-01   4.4572537e-02  -1.7149211e-01   1.0398035e-01   1.6122090e-01   6.1522409e-02   3.6956115e-01  -1.4383848e-02   6.8467562e-02  -3.0392325e-01  -1.4888231e-02  -2.7222115e-01  -6.5015566e-02   2.5640992e-02   2.1222608e-01   2.8380842e-01   1.0173728e-01   1.1631720e-01   3.8741508e-02   1.1385742e-01  -1.3817100e-01   2.8240513e-01   3.1631245e-01   1.7285793e-02   2.0128743e-01   7.8734288e-02  -3.5930381e-01   2.1584418e-01  -3.5160777e-01   8.8427555e-02   1.6484940e-01   2.9650592e-01  -4.4452831e-03   5.1986011e-02  -2.0483875e-01  -2.2514326e-02   2.3958642e-01   6.7896163e-02  -1.6784945e-01   1.3679669e-01   2.3619963e-01   8.9018759e-02  -2.7608263e-01   1.5813348e-02   2.4012055e-01  -2.0236689e-02   2.0222116e-01  -1.0061667e-01   2.8659224e-01  -1.4347358e-02  -6.6972281e-04   1.2085028e-01   2.0173087e-01  -2.2254376e-01   1.2406225e-01   1.2438931e-01  -6.3398610e-02   1.7726422e-01   2.5289312e-02   3.6890717e-01  -1.8190494e-01   9.8106893e-02   2.2342574e-01   2.2201355e-01  -5.7484045e-02   6.4423178e-02  -1.6948217e-01  -1.0519919e-01   2.3537816e-01  -8.6782807e-02   2.1978653e-01   7.1347918e-02   1.1560145e-01   3.5059251e-01   9.4373182e-02   1.0980177e-01   3.9276926e-01  -2.2997487e-01   2.2295468e-01  -2.1202721e-01   2.6363891e-01  -7.6457045e-02   1.9047065e-01  -2.6514805e-01   5.2581749e-01  -2.0014091e-02  -1.5918806e-01   5.5337707e-02   3.1068398e-01   2.8355096e-02   7.3935960e-02  -1.6572778e-01   4.8226977e-02  -1.4977042e-01   1.2233779e-01   1.1363756e-01   6.9291220e-03   1.8863830e-01   1.4599631e-01   5.5795211e-02  -1.5091715e-02  -2.2240391e-01  -4.2870639e-01   5.0115219e-01  -9.8812600e-02  -6.7157498e-02   3.4291693e-01
  -1.2776995e-01  -1.4119784e-01  -1.6457014e-01   0.0000000e+00  -7.6955866e-02  -1.0287272e-02  -2.8796512e-01   4.9023713e-02  -4.8940635e-02  -9.4846255e-02  -1.1339733e-02   3.0938804e-02  -5.0672850e-03  -2.3799355e-02  -1.5438117e-01   3.6048065e-01  -1.8703978e-01   6.2471821e-01  -4.1624586e-01   5.2223352e-02   1.9576109e-01   5.6374144e-01   2.7300747e-01  -9.0353597e-03   4.1035919e-01   3.4441924e-01  -6.1008727e-02  -1.4391712e-01  -1.0667340e-01   3.9828121e-01  -4.3107795e-02   4.5269566e-01  -6.4716739e-02  -2.4468942e-01   1.7957436e-01   1.3700153e-02   4.7786535e-02  -1.1067345e-01   2.3124109e-01  -4.5533227e-01  -1.4511588e-01  -6.7171201e-02  -2.1775237e-01   8.2760577e-02   2.7688828e-01   4.5994303e-02   1.1750085e-01  -3.1776234e-01   2.6274092e-01  -3.2823922e-01   4.8280148e-01   9.5941961e-02  -1.4141209e-01   1.3043627e-01  -1.6604610e-01  -1.4336658e-01  -4.7618913e-02   5.1416194e-01   4.9966779e-01   4.1056513e-01   1.5663108e-01   2.4616273e-01   5.7876291e-02  -2.4432049e-01   2.2983596e-01  -2.1084251e-01  -6.9469035e-02   4.1582473e-01   2.9304687e-01   6.0132842e-02  -4.0242260e-01   3.3307338e-01  -2.0712169e-01   2.8501260e-01  -3.0619748e-02   1.1131910e-01   1.3030055e-01   2.1824022e-01  -2.5258452e-01   6.0039913e-01  -8.3934932e-02  -9.6973229e-04  -4.6163382e-01   2.9105196e-01  -2.4770003e-01   1.1686290e-01  -2.7754086e-01   8.4095411e-03  -1.0220438e-01  -1.8205108e-01  -1.9397088e-01   3.3195804e-01  -4.0270218e-01   2.6255699e-01   1.8572789e-02   2.5821781e-02   5.3707633e-01  -2.8826339e-01   4.7343831e-01  -9.8120197e-02  -3.1891491e-01  -3.1195054e-01   2.2969698e-01   3.1524121e-01   6.7868194e-01   5.3117700e-01  -5.6190149e-02   2.1664227e-01   3.3670543e-01  -2.7634868e-01  -3.9141912e-01   4.1420054e-01   6.2494341e-01  -2.1384472e-01  -1.9458310e-01  -3.4244994e-01   1.5912005e-01  -2.3812982e-01  -3.5456902e-01   5.4513809e-01   6.8290798e-02  -2.7803650e-01  -4.3544509e-01   8.2877735e-02   4.5593996e-03   2.6976445e-01   1.9440315e-01   7.8319046e-02   5.6459876e-01  -4.2004471e-02  -5.1967403e-02  -2.1434003e-01   2.6260390e-01  -4.6296697e-02  -1.1381847e-02  -9.2893770e-02   4.6796443e-01  -1.2477794e-01  -1.4381094e-01  -1.7081475e-01  -1.3201486e-01  -1.9243045e-02   9.5417859e-02   3.9911456e-02  -8.7247070e-02   2.1453117e-01  -5.8579654e-01  -3.0923767e-01   3.7446820e-02   1.2588029e-03  -1.6183394e-01  -1.1122127e-01   8.1825581e-03  -3.3660447e-01  -5.1630433e-01  -1.4395752e-01   1.4893809e-01   3.1144720e-01   1.2470321e-01   2.3709654e-02  -1.7425292e-01   2.0825487e-01  -6.8316957e-02   5.4441968e-01   5.2806994e-01  -3.6617861e-01  -4.8192031e-01  -7.1950427e-03   6.4187030e-02  -4.7283121e-01  -3.8620540e-01   1.2572573e-01   5.6875163e-01   6.5431205e-02  -1.7534848e-02   4.2233762e-02   1.7789028e-01
  -3.8787836e-02   1.9201800e-02   3.8276549e-02  -7.6955866e-02   0.0000000e+00  -2.5680870e-01  -8.9790800e-02  -3.7356180e-01   2.0515131e-01   5.2263224e-01  -1.2012802e-01  -2.0633148e-01   4.3925721e-01  -1.7143953e-01  -1.6679064e-01  -1.5647210e-01   9.8295280e-02   9.4345144e-02   9.5360679e-02   8.0376036e-01  -2.2422256e-02  -2.5556001e-01  -3.6583550e-02  -2.1352858e-01   2.4597516e-01  -1.6180995e-01   2.6972459e-01  -2.9680549e-01  -8.7388725e-02  -3.7880933e-01  -1.1417101e-01  -1.5561095e-01  -2.1803202e-01   1.9150279e-01   2.8574209e-01   6.3975452e-01   2.4813952e-01   8.8870817e-04  -2.2212259e-01   5.8222348e-01   2.3757802e-01   9.9702365e-02   4.3616008e-01  -3.0563176e-01   4.6733174e-01  -1.5771865e-01   4.0913499e-02  -1.6625750e-01   1.6420193e-02   5.2163222e-01  -1.6320432e-01  -3.9518310e-01   1.5870958e-02   2.1397336e-01  -1.8061355e-01  -2.4391478e-01  -2.4292582e-01  -4.6681982e-02  -7.5561165e-02  -1.9523724e-01   1.3180134e-01   3.2005698e-01   4.7304034e-01  -1.6597553e-01   3.2248397e-01   4.4502151e-01  -1.9652210e-01   3.8958255e-01  -3.5841517e-01  -1.9736210e-01   1.7795822e-01  -6.3631220e-02   1.0759229e-01  -4.6699121e-01   1.3428766e-01  -1.8726358e-01   1.6316458e-02  -1.6449617e-01   6.0598227e-01   1.8955325e-01  -4.0405026e-01   1.2757003e-02   4.7117877e-02  -3.3825172e-01  -3.7868277e-01  -1.8718199e-01   2.3551928e-01  -3.1463284e-01   5.6344077e-02  -5.3826584e-02   7.2799493e-01   6.7937447e-02   4.6276682e-01   8.0899587e-02  -9.1080644e-02   7.2641766e-01   1.5365902e-01  -1.4358942e-01   4.0489400e-01   3.0025266e-01  -1.5462842e-01   1.1012681e-01  -2.8675928e-01  -4.4190973e-01  -1.0998114e-01  -3.2598366e-02   7.9283843e-02  -3.4473839e-01   2.4337499e-01   2.0251931e-01   3.2891014e-01  -4.8247241e-01   2.7954159e-01  -9.9390054e-02  -1.1830737e-02   4.5418998e-01  -3.1681714e-01   2.7385669e-01  -2.5504318e-01  -2.4384623e-01  -3.3606386e-02   7.0079663e-01   1.4804113e-01   1.3264197e-01  -1.4939554e-01  -3.5122244e-01   1.7951309e-02   2.5314815e-01  -2.6093796e-02  -2.2720022e-01  -2.7630403e-02   1.9184820e-01  -2.5760762e-01  -8.3399073e-02   3.2694761e-01  -2.1643176e-01   2.5146826e-01  -1.7375744e-01  -2.9048542e-01  -1.9534713e-02  -1.9139531e-02   4.0369866e-01  -3.3647717e-01  -1.4531399e-01   9.2741573e-02  -2.3656280e-01   1.5327433e-01   4.5129851e-01   2.0509274e-01   1.7001093e-01  -1.7638868e-01  -2.6323481e-01  -3.5492440e-02   1.4583163e-01   1.4621188e-01   2.8000467e-02   2.1848376e-02  -6.8127740e-02   2.5814610e-01  -4.9414081e-01   5.3370358e-03  -4.8027598e-01   2.3053985e-01   1.6337942e-02  -2.5819034e-02   2.7116145e-01   2.8756734e-01  -2.0651971e-01   2.2832822e-02   3.9904006e-01   5.4236867e-01   5.7577875e-02   2.2940719e-01  -2.6389440e-01   1.7343068e-01   6.4992905e-02   8.1214423e-02
   5.4986703e-02   1.9444139e-01   3.9378242e-01  -1.0287272e-02  -2.5680870e-01   0.0000000e+00   4.6037387e-01   4.3185729e-01  -4.1333552e-02  -2.2443066e-01   1.5365052e-01   1.3619924e-01   1.8176519e-01  -1.7365289e-01   1.0147142e-01  -8.0714067e-03   4.1194279e-01   1.0966086e-01  -2.5887022e-02   1.3668434e-02  -6.4615498e-02   3.3463721e-01   1.7813594e-01   7.6676548e-02  -3.1650509e-01   2.6532578e-04   1.0804943e-01  -9.2029261e-02   1.6554526e-01   4.6153837e-01  -3.9544600e-02   7.8046629e-02  -1.7381965e-01   9.0228887e-02  -1.2248006e-01   7.9320201e-02   1.2085368e-01  -1.8272556e-01  -1.3929780e-01  -2.8208150e-02   1.6241043e-01  -3.0667340e-01   3.0692913e-02  -5.8044306e-02  -4.2728714e-01  -1.6912180e-02   3.6931812e-01   8.9743212e-02   8.0707940e-03   8.5451649e-03   3.2260933e-01   3.4857664e-01   2.7614705e-01  -3.4477915e-01  -1.0191631e-01   4.3599595e-01   3.6512579e-01   1.0234310e-01   2.0714029e-01   2.4234048e-01   7.9529919e-02  -2.7267989e-01  -1.8471418e-01  -1.3068224e-01  -4.5505786e-01   7.9255637e-02   6.6441502e-01  -1.7746253e-01   4.1273885e-01   3.5063470e-01  -5.2579526e-02   3.2466997e-01  -9.5124121e-02   1.2707763e-01  -2.2188226e-01   1.4152779e-01   1.0358763e-01   2.4403493e-02  -4.1283281e-02  -4.1425269e-01   2.6125615e-01  -2.2771129e-01  -1.8191973e-01   1.3290843e-01   3.6364982e-01  -6.1014648e-02  -4.3845496e-01   6.9967006e-02  -2.4361727e-01  -2.4320267e-01  -3.1157689e-01   3.1352409e-02   1.3259540e-02   2.1107168e-01  -5.3281836e-02   2.7312665e-02  -2.1753136e-01   2.2096399e-02  -2.4248444e-01  -3.3833387e-01  -1.0030561e-01   4.4564464e-02   3.6117184e-01   1.4904274e-01   1.7155337e-01   3.5530850e-02  -1.4402375e-01   5.1706066e-01  -6.8877466e-02   2.4934015e-01   2.8416224e-02   4.2650115e-01  -2.1488411e-01  -7.5312501e-02   2.3752834e-02  -2.9798516e-01   4.2167704e-01  -9.3013768e-02   4.5668154e-02   2.6110486e-01  -2.6828369e-01   4.1217958e-02  -1.0875517e-01  -7.2406962e-02  -3.6631755e-02   1.2467366e-01  -3.1219531e-02  -2.1634069e-01   6.7477225e-02   4.8147301e-01  -1.8982376e-02  -8.3555933e-04   2.7125980e-01   1.0162875e-01  -7.6628752e-02   2.2014323e-01  -3.4546665e-01  -1.5260172e-01   2.2264458e-01  -1.3097125e-01   1.6603026e-02   5.7971533e-02   4.9858408e-01   3.7343036e-01  -1.3054872e-01   2.1404170e-01   1.3085486e-01  -1.6279163e-01   4.6298726e-01  -5.6194922e-01   6.0877826e-02   2.0459092e-01  -1.4981683e-01  -6.0249124e-02   3.9130669e-01   2.9321698e-02  -2.8695158e-01   1.2422019e-01   1.0841565e-01   3.5803197e-01   1.8602971e-01   1.4755308e-01  -2.2969108e-01   6.7909947e-02   2.5156470e-01  -5.0055503e-02  -9.3497015e-02   2.8977123e-03  -3.4634350e-02  -1.5696386e-01  -2.3944577e-01  -3.2549045e-01  -2.1404181e-01   4.8558421e-01  -2.0385336e-01  -1.7450994e-01   2.5628441e-01
   1.8809728e-01   3.5911468e-01   3.5796635e-01  -2.8796512e-01  -8.9790800e-02   4.6037387e-01   0.0000000e+00   1.3463164e-01   1.7988079e-02   2.7183909e-01   1.7337064e-02   2.7023991e-01  -2.3284833e-02   4.9374644e-03   3.7396459e-01  -2.4639070e-01   3.4846947e-01  -1.5824374e-01  -3.6088108e-02   3.5420482e-02  -4.3946558e-02   1.4713906e-02   3.0787206e-01  -1.2161603e-02  -2.6069734e-01  -2.9355977e-01   1.5584772e-02   1.1028891e-01   7.7646347e-02   1.5851287e-01   1.7067890e-01  -2.5206173e-01  -1.9518022e-01   6.1203108e-01   1.4208280e-01   2.9754441e-02   9.0138665e-02  -1.7511889e-01  -1.9937727e-01   2.1924832e-01   1.5346875e-02  -1.0816867e-01   1.7089849e-01  -1.3621768e-01  -1.9026879e-01  -5.7743941e-02   5.0401364e-02   3.6432755e-01  -2.8405365e-01  -7.2795645e-02   1.5173802e-01   1.1184816e-01   2.3698543e-01  -2.9294221e-01   1.2537473e-02   3.0224908e-01   2.3711551e-01  -7.9866945e-02  -1.7868094e-01   2.6076637e-01   4.7596224e-02  -1.9801447e-01  -1.7620353e-01  -2.5285234e-02  -3.3210759e-01   4.6574124e-01   3.9063757e-01  -2.7904583e-01   1.4932279e-02   1.7308330e-01   2.9271542e-01   2.0000510e-01  -2.2666208e-02   9.3426037e-02  -2.0673417e-01  -2.2235911e-01   1.0089601e-01   2.7247807e-02   1.9012907e-01  -5.4763492e-01   2.3362766e-01  -2.1120726e-01   2.2872829e-02  -2.2693539e-01   2.3548928e-01  -1.3575318e-01   4.6104320e-02  -6.1874568e-02  -1.7952112e-01  -9.1981441e-02  -1.7059553e-01  -2.5483777e-01   4.4660932e-01   2.6705746e-01  -1.4508188e-01  -1.4983934e-01  -4.5789665e-01   1.8440478e-01  -4.2976821e-01   2.3803709e-01  -2.9729681e-02   4.5066350e-01   9.4306720e-02   8.1728882e-02  -1.8814926e-01  -3.2023576e-01  -1.4235887e-01   3.9926897e-02   8.4885719e-02   3.1106261e-01   4.9699829e-01   1.0688269e-01  -4.1853096e-01  -1.2505391e-01   1.1682238e-01   8.7316262e-02   1.1188228e-01   7.7573801e-03   1.6357507e-01  -1.2538980e-01  -3.1876985e-01   6.7790582e-02   1.5697900e-01  -2.1395152e-02  -7.2311997e-02   7.5767791e-02   3.2663260e-01  -1.2382051e-01  -1.0808082e-01   3.1835222e-01  -1.5294514e-02   5.0556274e-01   2.1152110e-01   8.0266579e-02  -1.1846487e-01  -3.0209163e-03  -5.0723190e-01  -4.6736481e-02   6.6799966e-02  -2.3586393e-01   2.9166782e-03  -1.0946986e-01   2.7374975e-01   1.3200722e-01   2.8437399e-01   2.6548064e-01   5.1285009e-01  -2.8784418e-02   3.4475076e-01  -1.6804997e-01   4.2030143e-02   1.0400061e-01  -2.3472454e-01  -4.9682599e-02   5.0521513e-01  -1.0891638e-01  -4.1898019e-01  -4.2708742e-02  -5.0366265e-02   2.1322933e-01   4.1162399e-01  -1.2628121e-01   6.5246249e-02  -2.0253665e-01  -3.9355918e-02   4.6457208e-01   3.4713505e-01  -4.3631897e-02  -1.6114340e-01   1.6732393e-01   1.8618658e-01  -4.6285077e-01  -4.5602562e-01   3.8217097e-01  -2.8538148e-01  -2.0558718e-02   9.2277729e-02
   1.6225975e-02   2.1596836e-02   1.6583989e-01   4.9023713e-02  -3.7356180e-01   4.3185729e-01   1.3463164e-01   0.0000000e+00  -1.4593778e-02  -2.3697081e-01   1.5519905e-01   1.5044965e-01  -1.9733553e-01   2.4560354e-02   2.0257337e-01   2.2175653e-01  -2.1781762e-02   4.7217417e-02   2.3143419e-01  -2.2515209e-01  -1.0903232e-01   1.5443572e-01  -6.2292799e-02   8.6019963e-02  -2.9330819e-02   2.6991728e-01   4.2392506e-02   2.5359579e-01   1.4642769e-01   3.3070022e-01  -3.0526951e-02   1.1934078e-01   2.1373188e-01  -1.8430377e-01  -1.3012881e-01  -2.4156517e-01  -1.4759704e-01  -1.5297362e-01   1.6700195e-01  -1.4436705e-01  -9.9675515e-02   4.9595707e-02  -2.4746519e-01   3.5652870e-01  -4.0935391e-01   1.6339672e-01   2.0980748e-01   2.3844222e-01  -1.3832054e-01  -1.7796008e-01   1.2763219e-01   4.9212748e-01   3.6072408e-03  -2.3525268e-01  -1.3138462e-02   5.0470167e-01   3.4276202e-01   2.8265527e-03   3.3832573e-01   1.1599820e-01   9.4024251e-02  -3.4534930e-01  -2.4361139e-01   5.1886148e-02  -5.1126829e-01  -2.0614383e-01   2.6224875e-01  -1.4581693e-01   5.2658164e-01   3.3138545e-01   2.5177522e-02   1.0765939e-01  -2.0085168e-02   3.0707116e-01  -1.5212143e-01   1.0146173e-01   1.3276008e-01   2.8694712e-01  -2.2255481e-01  -2.6212528e-01   5.5494185e-01   1.5038208e-02  -1.6924164e-01   5.1009455e-01   3.5268926e-01   2.9931474e-02  -4.0690985e-01   2.0945112e-01  -9.5018848e-02  -1.0304460e-01  -3.0825779e-01   1.0136416e-01  -1.5487151e-01  -1.6839668e-02  -4.5969197e-02  -2.8356229e-01  -1.1932073e-01   2.1412290e-01  -1.2689909e-01  -3.3563824e-01   1.5747529e-01   1.9111837e-01   4.1965324e-01   2.1798653e-01   5.0099862e-02   4.0319572e-02  -2.5792194e-01   5.1464811e-01  -1.8985235e-01  -3.1191624e-03  -1.1919090e-01   3.8730752e-01  -2.5683517e-01  -1.4224334e-01   2.2754916e-01  -2.0720628e-01   5.0745039e-01   2.8874436e-02   3.2523278e-01   2.9706140e-01  -1.2176877e-01  -2.1261872e-01   1.7683699e-01  -2.8920793e-02   1.6313381e-01   3.1035132e-01  -1.2274208e-01  -2.5264341e-01   1.2108331e-01   3.2591882e-01   2.1210704e-01  -2.6439887e-01   3.3621655e-01   6.0411000e-02  -1.7005352e-02   2.2159038e-01  -2.9545416e-01   2.8483857e-01   2.6203138e-01  -2.8437868e-01  -5.8644534e-02   1.2151995e-02   5.5616248e-01   3.1126810e-01  -1.6639409e-01   6.1820827e-02   1.1425355e-02  -3.2548115e-01  -6.8545257e-03  -3.0049189e-01   1.3317081e-01   6.6500556e-01  -4.0221644e-03  -1.3350075e-01   1.0099930e-01  -2.0005436e-01  -1.5362341e-01   2.6150685e-01   9.2963878e-02   4.5163265e-01   1.4798734e-01   4.6783214e-01  -4.2817414e-01   7.1312162e-02  -7.1459201e-02  -1.1463162e-01  -2.2706141e-01   1.7520980e-01   4.6004332e-02  -4.6261702e-01  -2.7916644e-01  -2.6471319e-01  -2.0527527e-01   4.2305861e-01  -1.4858505e-01  -3.7877409e-02   1.2064871e-02
  -1.8195221e-01   3.8969625e-01   2.3221311e-02  -4.8940635e-02   2.0515131e-01  -4.1333552e-02   1.7988079e-02  -1.4593778e-02   0.0000000e+00  -6.8880115e-02   1.6457556e-01  -1.0976484e-02  -5.6665165e-03  -2.3610647e-01  -7.1230912e-02  -5.0126128e-02  -9.3183860e-02   5.4813434e-02  -1.5020389e-02   6.3434564e-02  -1.7185898e-01  -1.4679825e-01  -2.5085294e-01  -2.7593753e-01  -2.3590031e-01   3.2444506e-02   2.5311613e-01  -2.0264273e-01  -6.3182851e-02  -7.1582489e-03   2.2918182e-01  -1.4521939e-01   9.3544260e-02   4.6551137e-02   1.1566193e-01   1.2200462e-01  -5.7779290e-02  -3.8786628e-02   1.1423753e-01   1.7085096e-01  -1.6785184e-03   8.8151310e-02   1.4573999e-01  -7.0114367e-02   1.7253433e-01  -1.4600762e-01   2.8116346e-01   2.1161025e-02  -6.9116652e-02   3.7301114e-02  -6.7403806e-02   3.5712657e-03   1.6558423e-01  -2.3319653e-01  -3.3548201e-01  -1.1593062e-01   4.4847341e-02  -4.4316414e-02   1.0879427e-01  -5.9920400e-02  -1.1512092e-01   9.5193912e-02   4.7572835e-02   3.2480040e-01   1.1811058e-01   1.0064243e-01  -1.0234666e-01   2.5193086e-01   2.1839197e-02   4.6745684e-03   3.3103395e-01  -2.5825508e-01   3.2926128e-01  -3.7606898e-01   2.4568392e-02  -6.0178101e-02  -1.9054593e-01  -2.6950405e-02   2.8366285e-01  -1.5840466e-01  -1.5845676e-01   1.6061218e-01  -6.6378460e-02  -1.2909121e-02  -1.5166979e-01  -2.2508974e-01   6.4656055e-02  -2.9875734e-01   1.3854832e-01  -2.0866040e-01   3.3128235e-01  -9.7618453e-02   3.9283652e-02   1.9040391e-01  -1.2327902e-01  -3.4012804e-02   2.7331631e-02   3.9171502e-02   1.4560790e-01  -1.2859940e-01  -1.8039486e-01   1.4269733e-01  -8.6622076e-02   1.6211458e-01  -1.5456705e-02  -1.3890604e-01  -3.0010314e-01   3.7255635e-02   6.8624221e-02   4.1784065e-02   4.1899158e-03  -3.6298859e-02  -1.2190530e-01  -1.1123093e-01  -5.5875331e-02   2.1663004e-01  -1.5414051e-01   2.1361599e-01  -7.9479059e-02  -1.5237846e-01  -2.1724417e-01   2.2441400e-01   2.7024081e-01   3.8999765e-01  -1.5621519e-01  -1.9951576e-01  -4.9684235e-02  -1.2092712e-01   1.1205126e-01   3.4875227e-02   1.6086868e-01   1.5667435e-03  -8.8907467e-02  -1.0614297e-01   2.1460198e-01   1.3821698e-01  -1.0900657e-01  -1.2966491e-02   1.0130237e-01  -8.7748859e-02  -2.6505294e-01  -4.6701076e-02   5.9043366e-02  -1.0559573e-01   1.1678487e-02  -1.6271960e-01   4.9619995e-02   3.5201602e-01  -6.4402765e-02   4.0147043e-02  -2.4158456e-01  -7.2883973e-02  -2.8602589e-01   3.0949019e-01   3.1347415e-01  -1.2699762e-01  -1.7892688e-01   4.4806436e-02  -7.6327304e-02  -8.7873054e-02  -8.8559873e-03   6.4781192e-02   1.3190566e-02   1.2714605e-01  -4.3516785e-02   6.4381518e-02   9.1335006e-02  -3.0115489e-01  -1.9272686e-01   5.3669731e-02   1.4482818e-01  -1.4520473e-01   1.6772131e-01  -1.3992042e-01   1.6464469e-01  -3.1408254e-02  -7.9648106e-02
   1.2517430e-01   1.4183200e-02   2.0346770e-01  -9.4846255e-02   5.2263224e-01  -2.2443066e-01   2.7183909e-01  -2.3697081e-01  -6.8880115e-02   0.0000000e+00  -9.9229103e-02  -1.4802153e-01   2.0991696e-01   2.2589810e-01   1.2690805e-01  -1.6667465e-01   1.5791599e-01   5.1690647e-03  -7.2387617e-04   4.4880537e-01   1.2427536e-01  -2.1654083e-01   1.7415771e-01   9.4816712e-02   1.6720371e-01  -4.7564462e-01  -1.2075117e-01   1.1866360e-01  -1.0687383e-01  -2.6127968e-01   7.5748870e-02  -1.1723381e-01  -1.9921112e-01   5.0653563e-01   3.4042345e-01   3.3210922e-01   2.4315234e-01  -1.2202705e-01  -2.7519088e-01   2.6009438e-01   9.8833454e-02   5.3988329e-02   2.0971354e-01  -1.4060803e-01   3.0217511e-01   2.5699213e-03  -1.6271177e-01   1.2575502e-04  -7.9834514e-02   1.4447707e-01   1.9949427e-02  -3.4504006e-01  -4.7912139e-02   1.8605993e-01   1.9976514e-01  -9.8812879e-02  -1.8603674e-01  -7.0571371e-02  -2.4377383e-01  -1.3288030e-01   2.5157462e-01   1.8128149e-01   1.8768713e-01  -9.6740644e-02   1.7439212e-01   5.7138989e-01  -1.2945543e-01   1.7541395e-01  -4.0788974e-01   6.2835677e-03   1.4620705e-01   1.4284222e-01  -1.4534463e-02  -1.9996687e-01  -9.2989048e-05  -4.9734800e-01   2.6483248e-01  -1.6730278e-01   4.8778071e-01   2.8774919e-02  -1.1610147e-01  -6.6270438e-03   1.5968727e-01  -4.1703004e-01  -2.2539532e-01  -7.9388475e-02   2.8430464e-01   1.7973439e-02   1.1401501e-01   1.6206215e-01   3.2572279e-01   4.8366229e-03   5.4948054e-01   9.2455705e-02   3.0999366e-02   2.5474483e-01  -2.9262916e-02  -1.1198877e-01   5.4234028e-02   7.1539135e-01   1.2728607e-01   3.8961297e-01  -2.1369963e-01  -2.6775432e-01  -1.2587965e-01  -1.2183048e-01   1.4418019e-01  -4.7656098e-01   2.6036027e-01   2.4445771e-01   4.0751426e-01  -3.9565447e-01   1.3714676e-01  -1.2694406e-01   1.6725112e-01   4.5644780e-01  -2.6765697e-01   1.3096993e-01   2.5061083e-02  -2.9836265e-01   7.2564800e-02   3.9137992e-01   2.0968683e-01   8.5566011e-02  -6.4603655e-02  -1.1308186e-01   2.8510463e-01   2.9146128e-01  -2.3774371e-02   3.3889739e-02  -8.4751891e-02   5.2862574e-01  -9.2962532e-02   1.3290093e-01   2.5935102e-02  -2.6347781e-01  -4.7588103e-02   5.5339136e-02  -3.7855297e-01  -5.7158174e-03   1.9915704e-01   1.2688675e-01  -1.8117787e-01   1.6422687e-02   3.5475644e-01   1.4877280e-01   1.5228832e-01   2.3798904e-01   2.3507123e-01   3.8649349e-01   1.8596513e-02  -1.9605921e-01   1.1704285e-01  -7.3601541e-03   9.3602276e-02  -6.8038054e-02   2.5833618e-02  -2.4834109e-01   1.7848264e-01  -2.8148746e-01   1.9535572e-01  -3.7290431e-01   4.0648619e-01  -7.8466532e-02  -1.0644472e-01   4.1450977e-01   3.3894583e-01   4.2689552e-02   6.6605785e-02   2.1160287e-01   3.1038479e-01  -3.2299538e-02  -2.2045074e-02  -6.7671222e-02  -1.1620006e-01   1.0037155e-01  -2.1017331e-02
  -2.0426109e-01   2.0921588e-01  -2.1426384e-01  -1.1339733e-02  -1.2012802e-01   1.5365052e-01   1.7337064e-02   1.5519905e-01   1.6457556e-01  -9.9229103e-02   0.0000000e+00  -1.5412423e-01   3.1270167e-01  -1.9342272e-01   1.9983114e-01   5.7066410e-02  -3.2747024e-02   2.2941827e-01  -1.3052970e-01   2.9244862e-02   4.7558886e-01   2.6843307e-02   3.1511446e-01  -1.6705574e-01  -1.6892815e-01   1.1437837e-01   3.0767582e-01  -1.8352165e-02   5.2748601e-02   2.1726300e-01   3.6137186e-01  -5.4698496e-02  -9.0700904e-03   6.9673313e-03  -1.6626352e-01   3.2458786e-01   2.0482942e-01  -3.0663265e-01   1.6134133e-01  -1.1811235e-01   4.3028251e-01  -7.2914178e-02  -1.7027685e-01   1.6716471e-01  -7.0073806e-02  -1.2322027e-01   5.7037270e-01   1.4944520e-01   1.9423464e-02  -1.5245965e-01   2.6406351e-01   5.7954079e-02   5.3769331e-01  -3.4034581e-01  -8.0663257e-02   2.8797213e-01  -3.9660812e-02  -4.1281226e-02   2.0320130e-01  -6.2239530e-02  -4.9529560e-02  -2.9009108e-01  -2.8823697e-01   3.3855847e-01  -2.0132994e-01   7.0138673e-02   1.5583082e-01   1.8284997e-02   3.0544009e-01   1.4450226e-01  -1.6801669e-01   1.6376409e-01   3.3600651e-01  -9.7066953e-02  -7.4747620e-02  -2.2390372e-02  -4.5675987e-02   1.3241236e-01  -1.8293312e-01  -2.5135808e-01   3.3718720e-01   1.1785559e-01   2.7782819e-02  -4.6874253e-03  -2.8569037e-02  -2.1968288e-02  -3.4368218e-01   4.8676163e-02  -1.9029096e-01  -4.3416112e-01  -1.8648601e-02  -1.7925027e-01  -1.8238783e-01  -7.2354589e-03  -1.9547245e-01  -9.5495800e-03  -1.8887075e-02  -1.6448019e-01  -1.5554412e-01  -2.2891332e-01  -1.1419063e-01   5.8843609e-02   2.0072058e-01   8.0041830e-02   9.4341981e-02  -5.0003838e-02  -3.1612024e-01   2.6011595e-01  -3.1878964e-02   2.5697746e-01  -2.7946258e-02   1.2053167e-01  -2.0876834e-01  -4.2191010e-01  -3.0607153e-02  -1.2236951e-01  -1.3183963e-01   3.3011940e-01  -2.8863353e-02   3.9935576e-02  -4.2286725e-01  -1.9860754e-02  -3.7274462e-02   9.9340121e-02  -3.0185021e-01  -2.1152467e-02  -4.0460973e-02  -2.8251519e-01  -1.1145597e-02   2.3682668e-01   2.0280861e-01  -1.1474623e-01  -3.6267832e-02   3.4723244e-01  -1.4941652e-01   1.0502170e-01  -1.5459473e-01   1.6538879e-01  -8.5100278e-02  -2.2080935e-01  -2.3267022e-01  -4.1658767e-02   2.6995455e-01   5.3544044e-02  -1.9104447e-02   2.0224556e-01  -3.3842691e-02   2.7006996e-01   1.4758842e-01  -2.1687278e-01  -4.0718111e-01   2.3234886e-01  -4.6232906e-01   4.0966025e-01   8.7164982e-02  -1.4863517e-01  -3.0524905e-01   1.4733569e-01   8.7000367e-03   2.2431145e-01   2.1873007e-01   3.5178527e-01   1.2633894e-01   2.4873566e-01  -1.3816924e-01  -1.3847029e-01   6.1567181e-02  -2.8188912e-01  -3.5953226e-01  -5.8871669e-02   8.7928458e-02  -2.2726132e-01   1.0969472e-01  -1.4145585e-01  -2.5343838e-02  -2.0568950e-01  -1.4275536e-02
   1.5151323e-01   2.3486864e-01   8.3834229e-03   3.0938804e-02  -2.0633148e-01   1.3619924e-01   2.7023991e-01   1.5044965e-01  -1.0976484e-02  -1.4802153e-01  -1.5412423e-01   0.0000000e+00  -1.7455682e-01  -5.7844054e-02   3.7380172e-01  -1.4915461e-01  -1.3038722e-01   2.9793610e-02  -2.5794562e-02  -1.3350837e-01  -1.6812081e-01   6.4832142e-02  -1.2303985e-02   1.0858232e-01  -5.4208353e-03  -1.2998075e-02  -3.6138213e-02   3.1621415e-03  -5.2689869e-02   2.3697883e-01   3.2147479e-02  -2.5422512e-01   1.0801412e-02  -7.1069145e-02   2.0307304e-01  -1.2799440e-01  -1.7735013e-01  -4.0111825e-02  -5.0026965e-02  -1.6584557e-01  -2.6414837e-01   7.2030607e-02   3.7492606e-03  -1.7255019e-01   7.3209895e-02   1.9195466e-01   1.2137649e-01   9.3255219e-02  -8.1124653e-02  -1.8676061e-01   1.1663317e-01   1.2401833e-01   1.4610342e-01  -7.0163064e-02  -4.0042907e-02   1.5870443e-01  -1.1807817e-01  -5.1597301e-02  -1.3757800e-01   3.6474757e-01   4.7907465e-02  -6.9928257e-02  -5.1166514e-02   5.1162010e-02  -1.3380039e-01   5.3875400e-02   7.2901618e-02   1.1088512e-02   4.5723391e-02   1.3312328e-01   1.0009005e-02   2.7636834e-02  -1.1961252e-01   4.1993596e-01  -1.1310676e-01  -8.4836884e-03   9.7171836e-02   1.4312687e-03  -5.3206962e-03  -4.4701218e-02  -3.2293177e-02   1.6487579e-02  -2.5228438e-01   4.8571700e-02   1.7242215e-01  -2.0535066e-01  -1.6394259e-01   1.4510023e-01  -3.0736600e-02   6.7385401e-02   1.7741779e-02  -7.1309565e-02  -4.1338059e-02   2.3064799e-01  -7.4486484e-03  -1.8168026e-01  -7.1489094e-02  -7.6857684e-04  -5.9043857e-02  -7.7629949e-02  -1.2113958e-01  -6.7990720e-02  -1.2792770e-01   4.2525805e-01   1.7138807e-01  -2.7856927e-01  -2.7245772e-02  -2.4207494e-02   3.0049603e-03  -1.9441689e-01  -1.5859090e-01   1.0542759e-01  -1.3371443e-01   1.9949925e-02  -8.1548408e-02   8.2693172e-03   1.8283897e-01  -1.1360549e-01   5.7470824e-04   9.1658656e-02  -1.6950194e-01   2.8421802e-02   1.0225653e-01   7.5516705e-02   8.5892641e-02   1.3911610e-01   2.4914363e-01  -1.0873502e-01  -5.2243330e-02   6.0246806e-02   7.3748383e-03  -8.2342136e-02   4.4663188e-01  -2.0039551e-01   2.0307884e-01  -5.4932268e-02  -1.5376616e-01  -2.6091822e-01   7.4001391e-02  -7.3001893e-02   9.9601492e-02  -1.2380972e-01   1.6986697e-01   1.5974002e-01   6.2900217e-02   1.7980495e-01   9.3321559e-02  -8.0519025e-02   4.1927591e-02  -2.7050472e-01   1.2664439e-01  -1.2317892e-01   1.2368408e-01  -5.9632704e-02  -3.1242247e-03  -2.6552340e-02  -8.4805411e-02  -3.5272289e-02  -1.1962995e-01   1.1612172e-02   1.9229905e-01   6.9474600e-02  -1.7919606e-01   9.3455460e-02  -6.7075323e-02   1.0668845e-01  -6.6210093e-03   1.8221821e-01   1.1008995e-01  -1.3720697e-01   9.1036462e-02  -2.4015546e-01  -1.2078350e-02   1.5506313e-01  -3.4426373e-02   4.7627830e-02  -1.3890434e-01
  -1.7749750e-01  -4.2505756e-02   6.4607290e-02  -5.0672850e-03   4.3925721e-01   1.8176519e-01  -2.3284833e-02  -1.9733553e-01  -5.6665165e-03   2.0991696e-01   3.1270167e-01  -1.7455682e-01   0.0000000e+00  -1.6289647e-01   5.2540079e-02   1.4116968e-01   8.9987124e-02   2.4836107e-01   6.9042445e-02   6.4802379e-01   2.5528896e-01  -5.6001364e-02   2.9053278e-01  -1.8506913e-01   1.1866307e-01   3.6561169e-03   3.2248440e-01  -2.5260998e-01  -9.3182500e-02   1.4569199e-02   1.4248447e-02  -3.8566034e-02  -3.7889636e-02   7.1930813e-02  -6.0933211e-02   5.6327680e-01   3.5425458e-01  -1.0573552e-01   9.8730235e-02   1.8901276e-01   7.5093547e-01   1.2706215e-01   1.9628651e-01  -1.5088754e-01   1.7253783e-01  -2.6046643e-01   3.4600224e-01  -1.6368279e-01   1.3996553e-01   2.9891600e-01   2.5430444e-01  -6.4352697e-02   2.6170023e-01  -1.2238879e-01  -6.5943004e-02   1.0521997e-01  -2.2028630e-01  -9.2004158e-02   1.5606791e-01  -1.0246525e-01  -4.6200648e-03   1.0699888e-01   9.0475878e-02  -2.3500670e-01  -1.8090518e-02   3.7894928e-01   1.3771239e-01   2.6256004e-01   3.4743161e-02  -2.3347623e-02  -2.6350571e-01   1.7237939e-01   2.6199632e-01  -3.3254636e-01   1.8737676e-01  -1.9284474e-01  -6.2852521e-02  -2.2659742e-02   2.2318854e-01   5.5796544e-02  -5.0949196e-02   2.0084203e-01  -1.0819765e-01  -1.8028517e-01  -3.3001997e-01  -1.6114912e-01  -2.9805630e-01  -1.9421254e-01  -1.0261478e-01  -2.4851253e-01   3.1330183e-01  -6.3342731e-03   1.7144338e-01   4.0101313e-03  -1.5397312e-01   6.4521573e-01   2.6749856e-01  -1.7212655e-01   2.1301857e-01  -5.5555203e-02  -1.9680537e-01  -5.3177284e-02  -1.1375151e-01  -3.1523745e-01   9.3523441e-02  -6.1271838e-02  -1.6883531e-04   3.3491309e-02   1.4195205e-01   3.5680239e-01   9.5954664e-02  -1.4052142e-01   1.6479202e-01  -2.0713464e-01  -1.1793578e-01  -6.5212078e-02  -6.2487353e-02   5.2650920e-01  -1.5979090e-01   1.6639954e-02  -2.3938340e-01   4.6807176e-01  -2.9997666e-02  -1.2200603e-01  -2.6031475e-01  -2.7110626e-01   5.6160177e-02   1.9986140e-01  -1.5960009e-01   3.7176461e-02   2.6729539e-01   2.1483748e-02  -3.2576745e-01   1.1300164e-01   2.1304299e-01  -1.7266735e-01   2.6829094e-01  -2.1253811e-01  -2.4900823e-01   1.3472722e-01  -1.2939538e-02   4.0797019e-01  -3.9558271e-02  -1.0266585e-02  -1.3860476e-01  -5.1047955e-02   2.1605328e-02   2.8742663e-01   4.0267529e-01  -3.2276887e-01  -2.7590085e-01  -1.9384260e-01  -1.5173417e-01   1.0845605e-01   6.4438489e-02   1.3309014e-01  -1.4658137e-01   1.8323053e-01   2.0804072e-01  -1.2237641e-01   4.9265049e-02  -6.1220446e-03   2.1307341e-01   4.6485664e-03   1.4529455e-02   2.5421290e-03   4.1610020e-02  -1.2480768e-01  -1.9966888e-01   2.1534773e-01   1.6897159e-01   3.0015988e-02   1.2179712e-01  -8.2621907e-02   1.1078460e-01  -7.1673246e-02   2.2712894e-02
   3.7367605e-01  -7.5929496e-02   2.5858601e-01  -2.3799355e-02  -1.7143953e-01  -1.7365289e-01   4.9374644e-03   2.4560354e-02  -2.3610647e-01   2.2589810e-01  -1.9342272e-01  -5.7844054e-02  -1.6289647e-01   0.0000000e+00   2.2099795e-01  -8.4859367e-03   1.1125312e-01  -1.5645832e-01   8.5049736e-02  -2.0485298e-01   7.8952825e-02  -3.1114405e-02   1.4254964e-01   4.2798498e-01   1.6016056e-01  -1.4132348e-01  -1.2483488e-01   5.3545681e-01   1.7829744e-01  -9.7458149e-02   2.1456483e-01  -5.5539192e-02  -2.8684161e-02   6.1475570e-02   2.1255987e-01  -3.2817739e-01  -2.0146149e-01  -6.3370329e-02  -4.1104188e-03  -5.3495826e-02  -6.6764685e-02  -9.5760084e-03  -1.5075746e-01   2.2969492e-01  -1.0449211e-01   3.2916603e-01  -4.4296748e-01   5.4357580e-02  -5.6717445e-02  -2.6334762e-02  -6.7077124e-02   1.5770826e-02  -2.1029704e-01   3.6524403e-01   7.1687342e-01   2.2837135e-02  -1.8479509e-01  -1.6869992e-01  -4.2580017e-03   6.9616157e-02   2.1204688e-01   9.1693105e-03   3.0356731e-02   1.0999886e-02  -9.4568822e-02  -2.1569101e-01  -2.6275751e-02  -1.9089399e-01  -3.3943168e-01   2.1266393e-01  -5.5820682e-02  -1.2274867e-01   7.0889288e-03   3.4893084e-01   1.4827397e-01  -2.4608408e-01   3.4312697e-01  -5.4227302e-02  -2.6745933e-01   4.2447755e-02   2.6494274e-01  -7.1299171e-03   1.1647305e-01  -6.9939592e-04   3.3943614e-01   2.3140887e-01   2.6097484e-01   4.8995319e-01   1.9223637e-02   3.9061008e-01  -1.6355701e-01   5.3272216e-02   1.2757949e-01  -2.8994837e-01   2.4087042e-01  -1.9893366e-01  -2.1627173e-01   1.6928698e-01  -1.6064324e-01   3.2181801e-01   5.8903289e-01   2.5134323e-01  -9.8345178e-02   1.3915590e-01  -3.2829536e-01  -8.9470602e-02   3.0470044e-01  -2.5723753e-01  -1.9729301e-01  -2.4134998e-01   3.5906320e-02  -2.3046274e-01  -4.4900907e-02   1.4471860e-01   4.5805272e-01  -5.6298918e-02   1.4547760e-02  -1.0823109e-01   3.4915862e-01  -1.8228878e-01   1.7687225e-01  -1.8098007e-01   7.1267884e-02  -4.9493970e-02   1.6480898e-01   5.0076789e-01   7.7061204e-02   4.2543419e-02  -1.5092691e-01   1.4371282e-01  -1.4235466e-01   1.3324809e-02   1.5318304e-01   2.1536255e-01  -4.0910697e-02  -6.6688356e-02  -1.0077578e-03   3.5413179e-01  -2.4668410e-02   1.7329424e-01   4.7267898e-01  -7.4660808e-02  -1.0811402e-01   4.6336782e-02   3.2531335e-01   1.1594983e-01   6.2355858e-02  -3.2715451e-01  -3.1282731e-01   8.3182311e-02   4.6915176e-01  -7.4510585e-02   3.8730859e-01  -2.5219715e-01  -3.2262032e-02  -7.3816493e-02   5.7754522e-02  -4.9773179e-02   2.2566470e-02  -5.1654406e-02  -2.9488583e-02  -1.0667026e-01   7.0824419e-02  -7.6981773e-02  -8.1402986e-02   2.9524309e-02   2.0284113e-02   2.2631369e-01   3.6365700e-01  -3.3171225e-02  -1.2952774e-01  -4.6459055e-02  -1.2498443e-01   6.0993924e-02  -6.5254739e-02   6.8827078e-02  -3.1573643e-02
