   0.0000000e+00  -4.3016596e-02  -2.0844186e-01  -1.0490475e-01   8.8764556e-03  -3.8039193e-01   8.3778066e-02   1.0834290e-01   4.7352860e-03  -4.6202025e-02   1.1814165e-01  -3.2696071e-02  -7.7934710e-02  -6.1311633e-02   4.1885041e-02   6.4975852e-02  -1.0529925e-01   1.1611721e-01  -1.2351784e-01  -8.2413850e-02   1.5808740e-01  -1.7217355e-01   8.5210202e-03   2.7712073e-01  -3.3272011e-01   6.1670213e-02  -1.7024894e-02   2.5336190e-01   2.5356046e-01   8.5768377e-02   2.5042726e-01  -2.2970801e-01  -1.9835438e-01   1.3095193e-01  -4.6675900e-02   1.0000457e-01   1.2684374e-01  -1.5290063e-02  -4.5230271e-02   5.3488363e-02  -4.3429866e-02   1.8363882e-01  -1.2324369e-01   3.0377283e-01   2.5688076e-01   9.3888623e-02   1.1199588e-01   5.0368240e-02   2.3117154e-01  -1.7287658e-01   1.8331391e-01   8.2687513e-02   1.1801026e-01   2.3527167e-01   1.3415828e-01   1.7565052e-01  -9.9711618e-02  -9.5813457e-02  -2.4065248e-02   5.1300631e-03  -1.2722078e-01  -4.0127195e-02  -3.8413571e-02   3.0034912e-02   2.8772210e-01   1.1405652e-01  -3.0459227e-01   5.9378616e-03  -8.6009355e-02   1.8574299e-01  -3.8162678e-02   1.0367018e-01  -1.0678834e-01  -2.3825875e-01   1.8951219e-01   1.7945171e-01  -8.9580736e-02   1.0022750e-01   4.1804286e-02  -6.4195984e-02  -1.4179924e-01   1.3462913e-01   9.3949735e-02  -1.5728805e-01   3.1163150e-01   2.8993460e-02   8.2854998e-02   1.4543786e-01   1.0461403e-01   4.5702451e-01   1.7759821e-01  -6.7352678e-02  -1.0440355e-01  -7.6781360e-02   3.6501884e-02  -1.7781574e-01   1.7563126e-01  -1.7353749e-01   7.7407349e-02   3.8441755e-02   2.8355821e-01  -3.0966907e-02  -2.0340516e-01  -5.3718952e-02  -1.1100710e-01   1.7967177e-01  -1.4554442e-01  -1.4445570e-01  -3.8740238e-02   1.7754479e-02   1.1917809e-01  -1.7627278e-01  -5.7765943e-02   4.4719390e-01   3.6711016e-01   1.7880559e-01  -7.5612722e-02  -1.7899461e-02  -3.5283687e-02   6.6112140e-02   9.6198928e-03  -1.1304218e-01   5.7142703e-02   1.7989153e-01   3.2441018e-02  -1.6244175e-01   3.9295803e-02   4.8357704e-02  -1.0922956e-01  -4.9762283e-02  -5.0294714e-02   1.3832608e-01   4.2797262e-02  -1.7027156e-02  -1.1514847e-01  -5.9046257e-02   2.9193042e-02   3.6166745e-01  -2.3948219e-01   2.5611564e-01   2.1045512e-01   3.8162541e-02   2.0346552e-01  -2.6849214e-02   1.4002591e-01   1.3377461e-01  -6.2950637e-02   1.9533408e-01   2.2384374e-02   1.9537516e-01   5.0476531e-01  -1.2551271e-01   3.5723578e-01  -4.2724712e-02  -9.2113144e-02   3.9759837e-01  -7.1752200e-02   8.0900799e-02  -1.0016872e-01  -1.8660538e-01   2.8947333e-01   2.1715855e-01   1.3375094e-02  -5.6033339e-02  -1.7922224e-01  -6.2848415e-03   8.8912722e-02   4.2322210e-01   3.5823974e-01   5.3726397e-02  -9.5792294e-03  -1.8865997e-01   1.2036147e-01  -1.4375806e-01   9.2658262e-02   4.9408231e-02  -8.8485950e-02
  -4.3016596e-02   0.0000000e+00   4.5232432e-02  -8.7263103e-03   1.9754466e-01  -2.7633833e-01  -7.0330280e-02  -6.9135277e-02   3.9617218e-01  -1.4622945e-01  -1.9826832e-01   1.0251981e-01  -2.5300562e-01  -1.2443664e-02  -1.9457169e-01  -1.5411236e-01   1.4731076e-01  -5.0209425e-02  -2.4702355e-02   1.6737602e-01  -2.1906847e-01  -2.5082384e-01  -2.3679182e-01  -1.0986255e-01   2.1069213e-02  -4.7549219e-02   2.2298514e-01  -2.6640236e-01  -3.1336518e-03   2.1318998e-01   2.3101815e-01   5.0945444e-02  -5.1458367e-02  -6.2332007e-02   2.1515437e-01   2.7906680e-02   2.5173685e-01   4.2601635e-02  -1.1202880e-01   4.0110928e-01  -1.4830424e-01  -6.5425132e-02   2.8539637e-01  -8.2848905e-02  -4.9550685e-02  -4.2276196e-03  -2.1844206e-01   4.7659592e-01  -7.1889908e-02   1.0164931e-01  -1.7666312e-01  -1.8886441e-01   4.1637542e-01  -9.6545607e-02  -1.8695715e-01  -3.2179539e-01  -1.0446271e-01  -6.9866588e-03  -1.9702999e-01   3.0236647e-01  -1.2469562e-01   1.3514400e-01   2.6357551e-01   2.7169121e-01   3.7290556e-01  -3.7653582e-02   6.9629586e-02   1.5579408e-02  -3.5050591e-01  -2.4394093e-01   5.4172652e-01  -2.0917006e-01   4.9449631e-02  -1.2464259e-02  -1.0685000e-01   1.9287206e-01  -1.7360323e-01  -1.1899009e-01   3.3519720e-01  -2.0590633e-01  -2.5640929e-01   3.8470654e-02  -3.5484172e-03  -1.1503755e-01   1.5086607e-01   1.3662191e-01   5.8234387e-01  -1.1490904e-01  -4.2320929e-02  -7.2016785e-02   1.7492891e-01  -1.4708443e-01  -1.4089751e-01   3.4176227e-02   9.1234635e-02   1.1499512e-01  -1.8416144e-01  -4.0705685e-02   1.5820410e-01  -1.7137908e-01  -3.2250721e-03  -2.0195759e-01  -3.4024275e-01   4.3532796e-01  -2.1358030e-01   2.1219779e-01  -4.2975548e-02  -2.1112806e-01   9.2867533e-02  -2.1276295e-01   5.0303678e-03  -1.9787172e-01  -1.7167295e-01   1.2512646e-02  -1.7499271e-01   2.7700147e-01   4.8527689e-02  -3.0463617e-02  -6.7906822e-02  -1.9363137e-01  -1.7076027e-01   2.1504936e-01   1.7999489e-01   2.7430842e-01  -3.1305349e-02  -1.8743203e-01   1.4067065e-01  -1.0922153e-01  -4.9830971e-02  -1.1161168e-01  -4.4650015e-02   1.5299592e-01   2.2731676e-01  -2.4593223e-01  -2.3137811e-01  -1.8777421e-01  -1.3307916e-01   2.0420795e-02   9.1906592e-02   1.9648998e-01  -1.5139753e-01   8.8467257e-02   7.7847801e-02  -2.8555911e-01  -1.3975901e-01   1.0901912e-01   5.6703054e-02   2.5220847e-01  -2.8110944e-01   1.7059649e-01  -7.2467649e-02  -1.3587049e-01  -1.8933005e-01   1.5522190e-01   3.4900283e-01  -4.1446769e-02  -2.4551676e-01  -1.5761849e-01  -1.6741340e-01  -3.6589055e-01   5.8931962e-02  -1.6399860e-01  -1.7539060e-03   1.4372350e-01  -3.9266634e-02   3.6218303e-01  -1.8896501e-01  -1.8337527e-01  -2.1135573e-01   8.6909990e-02   7.9187217e-02  -1.9794817e-01   1.5952771e-01  -1.9537889e-01   1.0948034e-02  -8.3862321e-02  -8.7954175e-02
  -2.0844186e-01   4.5232432e-02   0.0000000e+00  -9.3189401e-02  -3.0599387e-02   3.3638406e-01   2.0714610e-01  -2.5548715e-01  -2.2424683e-01   1.5590457e-01  -2.6579895e-01   5.5821870e-01  -3.1001551e-02  -3.3888497e-03  -5.5596325e-02  -1.3719070e-01   7.5701064e-01  -1.8990592e-01  -4.5670293e-02   2.4398091e-01  -2.5645945e-01  -5.2622416e-02  -1.0684885e-02   5.5101035e-02   1.0300955e-01  -1.9432407e-01   9.8165240e-02   3.8672981e-02  -1.8371493e-01  -2.6231306e-01  -4.0937157e-01   2.7920175e-02   3.1461674e-02   8.0331651e-02   3.1727976e-02  -1.0840011e-01   4.0753776e-02  -1.8905697e-02  -4.7750401e-02   2.5578429e-01  -2.5302702e-02   2.2507734e-01   1.0192287e-01  -2.9308549e-01   4.4035944e-02   5.3891113e-02  -1.4736547e-01  -2.7728374e-01  -2.3985344e-01   5.4521130e-01  -5.6704660e-02  -7.8037223e-02  -2.9739928e-01   7.2699833e-02   1.6496776e-03  -2.7164659e-01   1.2976567e-01  -8.6296462e-02  -7.9135698e-02   3.2917131e-01   4.8146171e-01   1.5479486e-01   5.6513957e-03  -3.8811402e-01  -3.9946934e-01   1.4778700e-01   1.5237895e-01  -2.6998110e-01  -1.0829896e-01   4.4658285e-01  -3.0768009e-02  -7.8706442e-02   1.3625037e-01   4.0726521e-01  -1.7347316e-01  -1.8093819e-01   2.8639885e-01  -2.1046788e-01  -2.1317586e-01   1.5216646e-01  -1.8008796e-02   3.9163393e-02  -2.1873393e-01  -8.4281578e-02   1.1366768e-01  -5.1248036e-02  -3.6162720e-01  -2.2380019e-01   5.2372516e-02  -8.7433795e-02  -4.6883266e-02   4.9478456e-01   2.4173455e-01   7.2095801e-02   1.2526921e-02   2.5865368e-01  -8.7625780e-02  -1.2091004e-01  -3.3745883e-01   1.9661998e-01   1.0142298e-01  -1.0276343e-01  -1.2162768e-02  -1.9639781e-01  -6.7183525e-02  -3.5354338e-02   2.1823106e-01  -1.3972707e-01   9.5795164e-02   2.1355835e-03   5.4588094e-02   5.0290913e-02   7.2089534e-02   9.8219725e-02   1.0887656e-01  -4.3401128e-01   4.5218495e-02   2.2910550e-03   2.3849818e-01  -9.5066268e-03   2.2707727e-01   2.3106560e-01   1.2716976e-01  -4.2306951e-01   7.4855450e-03   2.2111373e-01  -1.6181078e-01   1.4955643e-01   1.6557095e-02   6.3248203e-01   2.2780298e-02  -2.0688712e-01   1.5905216e-01  -8.7619465e-02   1.7422536e-01  -2.3544974e-01   4.1007483e-02  -3.3605837e-01   3.7154166e-02  -1.9395377e-01   1.1599215e-01   2.1343414e-01  -3.4011349e-01   4.3687348e-01  -2.4485082e-02  -3.4832750e-01   3.2396747e-01  -2.5053247e-01   8.8783092e-02  -4.5421020e-01  -3.5582578e-02  -1.5431227e-01   8.1532859e-02  -3.3046047e-01   5.5808705e-01  -4.0299467e-02   2.0215527e-01  -6.1264733e-02   4.0522695e-01   3.5194526e-02   9.1910849e-02  -4.4394766e-01  -1.4649754e-01  -3.0818198e-01   9.1453184e-02   9.3386412e-02   4.5459043e-04   7.4693093e-02  -1.1350806e-02   7.4151465e-02   1.1234145e-01   2.2758513e-02  -4.0503876e-01   2.8997753e-01   6.3762575e-03   8.4120755e-02   3.7703129e-02
  -1.0490475e-01  -8.7263103e-03  -9.3189401e-02   0.0000000e+00   1.7800453e-01  -1.6851186e-02  -2.3347966e-02  -9.6460644e-02   1.5820852e-01  -1.0242964e-01  -8.5677027e-03  -1.6571559e-01   7.3462499e-02   3.0873667e-01   2.0619325e-01   1.2518862e-01  -9.5174600e-02   4.6727690e-01   2.0210876e-01   1.3570713e-01   1.0406599e-01   4.1442189e-01   2.5323319e-01  -8.4293898e-02   2.3969999e-01  -5.1618360e-02   6.0064213e-02  -8.0967236e-02  -8.8451455e-02   1.6852958e-01   1.0974820e-01   3.3428263e-01   8.9735259e-02  -8.6584399e-02  -7.2605283e-02   2.6241019e-01   1.8945601e-02  -1.0702205e-01   2.0212020e-01  -1.0160745e-01   3.3872379e-02  -3.2012472e-03  -2.5058319e-01   5.8588109e-02   2.7506980e-01  -1.9211411e-01   4.2713568e-01  -6.2051078e-02   2.8280827e-01  -3.0246168e-01   3.4678661e-01  -3.8482542e-02  -9.9977842e-02   1.6571446e-02   1.2128130e-01   1.6183992e-03  -1.2562801e-01   3.3791122e-01   4.5975284e-01  -8.5953703e-02  -3.7978116e-02   7.2614474e-02   2.1531302e-02   2.2450870e-02   1.2311590e-01   6.6170168e-02  -1.9933744e-02   5.3566271e-02   2.9836152e-01  -3.7411055e-01  -2.5382882e-01   2.7959795e-01   2.3969544e-02   1.5328556e-01   1.9566189e-01   1.9213669e-01  -1.4411477e-01   8.7072445e-02   2.1784812e-01   2.5322104e-01   1.8233326e-03  -3.8753058e-03  -1.9270449e-01  -3.1103428e-02  -1.0318229e-01   3.0768370e-01   4.3201766e-04  -1.8972446e-01   4.9098328e-02  -1.8230808e-01   1.3332363e-01  -9.9718190e-02  -5.9406796e-02  -2.9227324e-02   7.6987210e-03   1.1642241e-01   1.4228456e-01   1.0168185e-01   2.3787000e-01   1.6667328e-01  -1.2623313e-01   1.1388625e-01   1.0783211e-01   2.5207896e-01   3.4412767e-01   2.0076072e-01   2.2691575e-01   3.1214595e-01  -1.1626567e-02  -3.1775656e-02  -1.4545670e-01   2.8469143e-01   3.7424219e-01  -3.6382347e-02  -1.9741661e-01   2.4756841e-02   1.7489164e-01  -9.2073256e-04  -1.3514906e-01   2.8309696e-01  -1.9374656e-01   1.2867919e-01   2.4238805e-01   2.5815740e-01  -1.8241590e-01  -4.7180722e-03   3.3525743e-01   2.0889044e-01   3.7249167e-01  -4.3676883e-01   8.8017391e-02  -1.2014255e-02   2.1657375e-01   1.9387188e-01   8.5038557e-02   1.0101297e-01   2.1193959e-01  -2.4850016e-03   9.0269379e-02   3.0846621e-02  -2.0377475e-01  -7.2193106e-02  -4.5053048e-02  -2.4911052e-01   3.4398844e-01   3.1166273e-01  -1.2938605e-01   1.3594061e-01   5.4494738e-02   1.9245622e-01  -1.9523883e-01   8.2375477e-02  -3.0487373e-01   2.4149062e-01  -2.3167333e-01  -8.6115701e-02  -2.4041006e-01   2.4039815e-01  -1.2651866e-01   1.8105171e-01  -2.4187138e-03  -1.0145032e-01  -2.9193531e-02   3.9796008e-01   2.0983791e-01  -1.4912198e-01  -1.5592928e-01  -6.5590137e-02  -1.5129205e-01  -6.3254312e-02   1.9721937e-02  -2.5311064e-01   2.8735729e-01   1.4205887e-02  -7.6338336e-02   2.1562139e-01   3.2036283e-01
   8.8764556e-03   1.9754466e-01  -3.0599387e-02   1.7800453e-01   0.0000000e+00  -1.2658979e-01   2.3480639e-01  -2.2605892e-01   3.6252424e-01  -4.1915812e-02   4.3300861e-02   5.3712025e-02   1.0184785e-01  -2.9585759e-01   9.3032320e-02   1.1233492e-01   2.6024241e-02   3.9180009e-01   4.3253619e-02   6.2185068e-01   7.4700740e-02  -1.2724781e-01   1.3042468e-01  -2.0237493e-01  -5.5203784e-02  -9.2849783e-02   2.4240298e-01  -3.0467880e-01   2.2164942e-01   9.2096376e-02   2.0637897e-01   2.9647629e-01  -3.8549892e-02  -8.7391388e-02   1.7711175e-01   4.0379037e-01   1.3716677e-01  -2.6365288e-01   2.9366357e-02   3.1701415e-01   1.5535007e-01  -7.5770966e-02   7.9347675e-02   3.8447365e-03   3.0830375e-01  -2.9085275e-01   2.4817072e-01   7.6968340e-02   1.5329490e-01  -1.5613701e-02   2.1569798e-01  -2.3570117e-01   2.3083853e-01   3.7105703e-02  -6.5952045e-02  -2.1071058e-02  -1.9893934e-01  -1.1122218e-01   7.0096743e-02   1.1875685e-01  -1.3029797e-01   1.5282890e-01   7.4087284e-02   3.1148520e-02   3.6007496e-01   2.0654241e-01   1.8157036e-01   1.9737710e-01   1.0615560e-01  -3.1872680e-01   8.7459810e-02   1.0711815e-01   9.6129423e-02   8.2268647e-02  -5.0698255e-02   1.5169910e-01  -2.0498162e-01   8.9536129e-02   5.3290038e-01  -2.3432146e-01  -1.8546968e-01  -7.9110741e-03   8.0117300e-02  -2.1411719e-01   1.6774791e-02  -2.0266504e-03   1.1972374e-01  -4.0050318e-02  -7.3468651e-02  -1.0721659e-01   4.8662434e-01   7.7542237e-02   1.3444562e-01   1.0391821e-01  -1.7594483e-01   3.9469133e-01   1.3061845e-01  -6.6832826e-02   3.6469941e-01   1.7290012e-01  -2.4044189e-01   2.0867991e-02  -3.6686291e-01   2.1221942e-01   1.7370661e-01   9.5790071e-02   8.3780452e-02  -9.5003374e-02  -5.7339926e-03  -4.6704423e-02   1.6164103e-01  -2.0785864e-01   1.4440979e-01  -7.5269009e-02  -3.2936602e-01   4.4340975e-01   2.8352161e-02   2.5158131e-01  -3.4010847e-01  -1.3814249e-02  -3.3606340e-01   5.2966080e-01   2.8161818e-02   3.5928360e-01  -8.9579210e-02  -1.8696723e-01   3.7334560e-01  -1.6177549e-01  -9.4016752e-02  -2.8073878e-01   1.1877765e-01   1.7359094e-01   2.2092523e-01  -2.7486667e-02  -1.6153414e-01  -1.2667858e-01  -8.9712582e-02  -1.6952212e-01  -1.8935587e-01  -5.4455469e-02  -1.6306351e-01  -7.3379335e-02   1.4396149e-01  -2.9815156e-01   1.5277347e-01   1.7284402e-01  -2.2087308e-02   2.8509440e-01  -1.3932129e-01   2.6204436e-01  -6.5502060e-02  -2.8196145e-01  -6.4117378e-03   3.9659763e-01   1.2935486e-01  -1.6952217e-01  -3.2713542e-01   1.3485333e-02  -1.0072177e-01  -2.8689175e-01   1.4617195e-01   1.8602706e-01   8.2156027e-02   3.9290313e-01   2.2395545e-02   4.0181549e-01  -1.3736235e-01  -1.1778709e-01  -1.2678173e-01   2.3180875e-01   2.6941414e-01  -3.3140902e-01   2.8448955e-01  -2.6571433e-01  -1.1650496e-01   8.5601066e-02   3.5783661e-02
  -3.8039193e-01  -2.7633833e-01   3.3638406e-01  -1.6851186e-02  -1.2658979e-01   0.0000000e+00   1.1933785e-01   2.4654665e-02  -3.3677288e-01   1.6627361e-01  -2.0453826e-01   3.2702801e-01  -5.1785330e-02   1.5062152e-01  -1.3534779e-01  -7.7812448e-02   1.8363342e-01  -3.1346788e-01   1.4284638e-01  -1.4654796e-02  -1.7165922e-01   8.8649209e-02  -1.3453243e-01   5.3172687e-02   4.9257484e-02   1.9656584e-01  -3.0869963e-02   3.4752027e-01  -3.6492308e-02  -1.6982292e-01  -5.2851015e-01   1.1697672e-02   2.6917937e-01  -6.8991993e-02  -7.5289552e-02  -2.7174456e-01  -8.6176963e-02   1.1459524e-01  -5.6078848e-02  -2.6198443e-01   8.8805221e-02   1.8007853e-01   3.9333930e-02  -1.7619415e-01  -3.7308783e-01  -1.7831944e-02  -6.1881985e-02  -3.4547526e-01  -3.0281438e-01   2.2942270e-01  -1.4728406e-01   1.7101781e-01  -1.8777861e-01  -1.8615798e-01   8.1891662e-02  -8.1323523e-02   5.0728239e-01   1.1489639e-01   3.4478260e-02   7.7727059e-02   4.2631310e-01  -1.8674280e-01  -1.5096969e-01  -1.3480317e-01  -6.2440600e-01   5.6035796e-02   3.9663626e-01  -3.7581608e-01   3.4723537e-02   2.1311371e-01  -2.2671514e-01  -1.3919019e-01   1.7480295e-01   4.8807162e-01  -1.4963368e-01  -1.5464857e-01   3.0527578e-01  -1.3981806e-01  -3.4096147e-01   9.8302088e-02   1.8419729e-01  -6.2667718e-02  -5.9739024e-02   2.1637143e-01  -1.0886839e-01  -1.4123104e-01  -5.8446191e-01  -1.0396135e-01   6.9580997e-02  -6.7739669e-02  -2.6737190e-01   4.3816144e-01   1.2219021e-01   1.8505842e-02   6.3172925e-02   7.4986119e-02  -2.3394740e-01   2.6205443e-01  -3.6979856e-01   2.1215687e-01  -4.8676831e-02   1.2483730e-01   3.3537220e-01  -3.0071455e-01   1.4303211e-01  -1.3407660e-01   4.4975242e-02   2.6336674e-01  -1.2890552e-01   1.2853669e-01  -1.8508632e-01   3.7346155e-01   9.1595705e-02   3.8475553e-03   1.3960262e-01  -4.1238098e-01  -1.5698709e-02  -2.2010252e-01   3.4086691e-01   1.0937940e-01   1.9703191e-01   7.1407894e-02  -1.4746929e-01  -5.9117431e-01   8.4993787e-02   3.2587974e-01  -3.4893985e-01  -1.9851569e-01   9.9955192e-03   3.0394257e-01  -1.6318635e-01  -4.3030409e-01  -1.3309788e-01  -1.7935892e-01   3.4399616e-01   2.8064866e-01   3.0918690e-02  -3.0308460e-01   2.6812811e-01  -1.5969816e-01   2.5463995e-01   5.3690878e-02  -2.7352830e-01   3.9435079e-01  -2.7073319e-01  -3.3716894e-01  -5.6324264e-02  -2.1918706e-01   3.0110671e-01  -5.1331286e-01   5.8737251e-02   2.2721750e-01   1.1998540e-01  -2.1742662e-01   7.5583967e-02  -1.1147070e-01   1.2639454e-01  -5.8151397e-02   4.1732116e-01   2.1347426e-01  -1.7599167e-02  -2.2212211e-01  -1.7902153e-01  -2.5847373e-01   2.6975702e-01  -2.6666005e-02  -1.4525393e-01   1.7883926e-01   7.2278008e-02   6.1611093e-02   9.7689885e-02   2.9071183e-02  -4.1815083e-01   4.6206084e-01  -1.1437206e-01  -5.4849063e-03   2.3699997e-01
   8.3778066e-02  -7.0330280e-02   2.0714610e-01  -2.3347966e-02   2.3480639e-01   1.1933785e-01   0.0000000e+00  -1.3182781e-01   6.1605118e-03   3.8417476e-01   1.9608052e-01   5.7219886e-01  -1.5933049e-01  -2.9467575e-01   3.9267491e-01   1.4554335e-01   9.3628497e-02   8.0515002e-02  -1.2243299e-01   1.6219730e-01   2.3700126e-01   2.8578713e-02   2.4363240e-01   1.2495528e-02  -7.1357781e-02  -1.4179523e-01   1.4224307e-01  -1.0619104e-01   1.8647125e-02  -2.4474985e-01   4.0722090e-02  -5.4952889e-02  -4.4026230e-02   4.7171616e-01   2.5718497e-01   4.4276683e-01  -3.3849226e-02  -2.8688763e-01  -1.4044707e-01   2.0920012e-01  -4.8555538e-02   2.7725165e-02  -2.3939451e-01  -1.3793202e-01   2.1995734e-01  -5.9585617e-03   1.8153829e-01   1.3917233e-01   1.5049150e-01   4.2604718e-02   2.6026049e-01  -3.3145879e-01   2.0368512e-01  -9.5503217e-02  -1.9435279e-01   1.2090185e-01  -5.6055694e-02  -2.8254094e-01  -4.6080668e-03   4.3104720e-01  -1.9863885e-02   2.4437425e-01  -1.1522915e-01  -1.8852033e-01  -1.4137277e-01   4.6019044e-01   6.5201896e-03  -8.7738745e-02   8.3978850e-02   2.1079091e-01  -1.7126573e-01   2.5535137e-01   8.6556615e-02   1.3391896e-01  -1.2500245e-01  -1.5579200e-01  -5.7647054e-02   9.6981096e-02   1.2075562e-01  -1.7512520e-01  -1.0891060e-01   1.1286750e-01   4.5547893e-02  -2.5429040e-01  -4.4412510e-02  -3.2449817e-01  -2.6311985e-01   3.1883900e-02  -1.5257226e-01  -1.2912878e-01  -2.1126346e-02  -1.2527391e-01   5.1350813e-01   1.7516664e-01  -1.1646692e-01  -8.8950073e-02  -5.7075210e-02  -2.8217054e-01   2.0170203e-02   4.3387667e-01  -2.0665300e-01   4.5787252e-01  -5.1261136e-02  -1.0220945e-01   8.1357064e-03  -9.9863297e-02  -2.0685496e-01  -2.3344974e-01   3.0113323e-02   2.8867130e-01   4.9209153e-01  -1.1951398e-02  -1.3283256e-01  -6.0682573e-02   1.1553411e-03   6.8437170e-02  -2.3581902e-01   1.0080674e-01  -3.4975122e-02   8.0034171e-03  -1.3291430e-01   8.1964474e-02   4.3372817e-02  -1.0514004e-01  -1.5944979e-01   1.1850588e-01   4.5961260e-03  -1.9650179e-01  -2.4888080e-01   7.0518859e-02  -6.3455128e-02   2.5294265e-01  -4.4710224e-02   1.3814203e-01  -3.8041708e-02  -3.9049989e-01  -2.7842266e-01  -1.5749225e-01  -3.5712612e-01  -8.1399334e-02  -4.5698838e-03  -2.3919477e-01   1.2209911e-01   6.3068075e-02   3.1873497e-01   1.0720746e-01   4.2443646e-01   1.3440514e-01   4.9494544e-01  -4.7195698e-02  -4.6933245e-02  -2.0045987e-01  -3.1784573e-02   8.1934458e-02   1.5804660e-02  -3.8441166e-02  -1.9459553e-01   5.1930254e-02  -1.4824596e-01  -4.2960215e-02   1.3205045e-01   1.6131243e-03   4.2429793e-02   8.6671820e-02  -1.5769131e-01   5.6667980e-02   1.4846694e-01  -1.5087240e-02  -4.2949343e-02   2.0343120e-01   3.3262823e-01  -2.4688751e-01  -5.8627316e-02   4.1516657e-02   1.1622206e-01  -1.0845433e-02  -2.8901560e-01
   1.0834290e-01  -6.9135277e-02  -2.5548715e-01  -9.6460644e-02  -2.2605892e-01   2.4654665e-02  -1.3182781e-01   0.0000000e+00  -1.0214681e-01   6.0231004e-02   2.6440466e-01  -1.3835991e-01  -1.4900365e-01  -2.1745563e-02  -1.0714283e-01   1.3770538e-01  -2.6557295e-01  -1.1420473e-01   1.4170149e-01  -2.6491212e-01  -3.0866167e-02   1.2896771e-01  -9.1896440e-02   5.4263613e-02  -2.5774081e-01   6.5222674e-01  -2.0404430e-01   2.1509298e-01   7.5219194e-02  -5.7524995e-02   2.0730195e-02  -2.5979790e-02  -7.5275071e-02  -3.7118044e-02   3.1651753e-04  -1.4803707e-01  -8.9260672e-02   3.2621092e-02   7.7938554e-02  -2.2584699e-01  -1.3899956e-01  -2.0476439e-01  -5.5239753e-02   1.6761666e-01   2.3585691e-04  -3.6430111e-02  -7.3148655e-02  -5.3401508e-03  -1.2914477e-01  -1.4458507e-01   1.8917855e-02   6.0068411e-01   5.0945328e-02   1.0345820e-02  -1.4797260e-01   3.3924949e-01   6.2817530e-02   1.9354223e-01   1.4196165e-01  -5.5895362e-02  -6.5917983e-02  -9.2937655e-02  -1.2951684e-01   1.8936518e-01  -1.5998371e-02  -2.2181003e-01  -1.5122281e-01   3.7237962e-02   1.6788931e-01   1.4734802e-01  -1.2219527e-01   4.8598063e-02  -1.1409812e-01  -1.5219805e-02   2.9659376e-01   1.0500671e-01   7.1281777e-02   3.0408184e-01  -2.8419879e-01   1.5883429e-01   1.8320976e-01  -2.7564997e-01   6.7794416e-02   5.9750452e-01  -2.7386484e-01   3.4623394e-02   1.5378701e-02   1.2769870e-01  -8.3513982e-02  -6.8673849e-02  -1.7725056e-01  -3.1808577e-02  -1.6700286e-01  -2.4312683e-02  -1.0424062e-01  -2.7609365e-01   1.5494492e-01   1.2113673e-01  -3.8198956e-02  -6.3473685e-03  -4.5341412e-02   1.3569990e-01   4.0029861e-01  -2.2232195e-02   1.8090154e-02   1.9083059e-02  -2.7765519e-01   5.1824847e-01  -1.6678821e-02   1.5903705e-01  -4.7927220e-02   2.1248355e-01  -5.4939694e-02  -9.9043853e-02  -6.8364649e-02   2.8871453e-02   3.2541316e-01  -1.5055478e-01   1.3117253e-01   1.4921675e-01   1.7406612e-01  -3.0503447e-01   6.9208025e-03  -4.9787181e-02   5.8304272e-02   6.5789955e-02  -1.0899454e-01  -1.3794310e-01  -3.9908722e-02  -2.1254149e-02  -6.3657464e-02   7.8430871e-03   3.1739252e-02  -2.3995498e-02   1.5044380e-01   3.5632271e-01   1.7352799e-02   2.6638528e-01   2.5413520e-01  -5.7275574e-02  -6.4221938e-03   4.5445512e-02   3.3182708e-01   1.2242653e-02  -1.1421732e-01   3.8948677e-02  -1.3761237e-01  -1.2940733e-01  -1.4670231e-01  -8.3890482e-02  -5.2726551e-02   5.1086820e-01  -4.2846987e-02   9.5656562e-02  -2.2496055e-01  -1.7775425e-01  -4.2032363e-03   1.1235243e-01  -7.7184407e-02   2.2842962e-01   1.2412429e-01   2.2138566e-01  -4.1069999e-02   4.7006840e-02   1.5069046e-01  -1.3313698e-01   2.7944619e-01   9.8631617e-02  -1.1816309e-01  -9.6209443e-02  -3.2389335e-01   3.7429289e-03  -5.2263785e-02   2.0739303e-01   2.3554576e-01  -1.9368498e-01   9.2434327e-02
   4.7352860e-03   3.9617218e-01  -2.2424683e-01   1.5820852e-01   3.6252424e-01  -3.3677288e-01   6.1605118e-03  -1.0214681e-01   0.0000000e+00   2.7459140e-02   1.8477677e-01  -1.5868551e-01   1.5594687e-02  -1.2021858e-01   6.1644764e-02   6.0807714e-02  -2.1553507e-01   3.3703698e-01  -1.0082431e-01   2.0360105e-01   1.0257977e-01  -4.9340236e-03  -6.1028947e-02  -1.4094845e-01   8.0670351e-02  -1.1723760e-01   4.7467287e-01  -4.0213898e-01   8.7064728e-02   4.1411865e-01   3.5679921e-01   1.3452112e-01  -3.6343530e-03   1.6663587e-02   3.2629571e-01   4.4096414e-01   3.9811782e-01   7.7480699e-02   2.0624916e-01   1.6883974e-01   2.0100130e-01  -7.9495089e-02   1.1950669e-01  -2.7264867e-02   1.3026923e-01   9.5961366e-02   2.9472393e-01   5.0623955e-01   3.9534124e-01  -2.9731729e-01   1.7920170e-01  -2.8883278e-01   4.6498280e-01  -3.0474814e-01  -1.0620977e-01  -5.8972251e-02  -2.7889983e-01  -9.9697494e-02   2.7705985e-01   8.2681951e-02  -1.2729457e-01   1.8290810e-01   3.6028291e-01   4.3088616e-01   6.1530878e-01  -5.1525349e-02   6.7240473e-02   2.3448105e-01   1.4931848e-01  -7.3381220e-02   1.9894915e-01   1.0219722e-01   1.5938390e-01  -2.4682457e-01  -1.4444669e-01  -4.6846746e-02  -1.7379887e-02  -1.0587241e-01   4.1760055e-01  -1.8920432e-01  -5.1682525e-01  -1.2420860e-02   7.8729323e-02  -2.1317646e-01  -1.6235954e-01  -5.1324130e-02   5.0176064e-01   4.6677345e-02   1.4710293e-01  -8.9660815e-02   1.2369052e-01  -2.6635578e-01  -1.2691033e-01   1.8766829e-01   1.5568010e-01  -7.2356447e-03   4.3197523e-02  -1.1358934e-01   4.5206789e-01   6.1499145e-02  -2.8149239e-01  -1.2040241e-02  -3.3899104e-01   5.3238185e-01   1.7760837e-01   1.7274779e-01  -2.1128147e-01  -1.2464351e-01  -1.2732221e-02   3.3900377e-02  -8.9400793e-02  -2.2277044e-01  -6.3418895e-02   5.0402933e-02  -3.2410452e-01   2.6307965e-01  -2.3777521e-02   2.9008167e-01  -4.3868752e-01  -3.2386029e-02  -5.5394729e-02  -3.3000406e-02   7.3300949e-02   5.3241067e-01   8.7924018e-02  -4.0148858e-01   4.6688240e-01  -9.0594015e-02   9.7407316e-02  -2.4206496e-01   1.7418750e-01   2.2754016e-01   1.0669347e-01   6.1414504e-02  -2.1639962e-01  -2.7784512e-01  -1.9321943e-01  -2.0426644e-01  -2.0542953e-01   1.6121559e-01  -2.0743836e-01  -2.2340744e-01   3.9008810e-01  -5.7833648e-01   4.1749038e-02   3.1333460e-01  -8.5863905e-02   5.8057171e-01  -1.4966980e-01   3.8751542e-01  -2.1876443e-01  -3.4634022e-01  -3.3684067e-02   3.8497244e-01   1.4706500e-02   5.4056197e-02  -6.0413000e-04   4.8133197e-02  -2.2490692e-01  -3.3543516e-01   2.1004231e-02   3.0466437e-01   2.3769441e-01   5.4944723e-01  -1.3523964e-01   2.0855512e-01  -3.4546732e-02  -2.7186715e-01  -9.9462428e-02  -7.0484211e-02   1.5845403e-01  -6.2199398e-02   7.0419317e-01  -2.5897400e-01  -1.7831911e-01  -8.3571416e-02  -8.0662627e-02
  -4.6202025e-02  -1.4622945e-01   1.5590457e-01  -1.0242964e-01  -4.1915812e-02   1.6627361e-01   3.8417476e-01   6.0231004e-02   2.7459140e-02   0.0000000e+00   2.4877808e-01   1.5998592e-01  -2.1179319e-02  -3.2311830e-01   2.7171660e-01   1.4362051e-01   1.0989954e-01   1.8168847e-01  -2.2061078e-01   1.3866341e-01   1.3419844e-01   1.0075656e-01   2.7080873e-01   6.7462808e-02   2.1575105e-02  -5.1404742e-02   1.2746744e-01   2.9438544e-02   1.0365242e-01  -1.0483474e-01  -6.0339464e-02   1.4613063e-02   4.5880135e-02   5.4675005e-01  -1.2903952e-01   2.3109293e-01   1.6457979e-01   2.7743527e-02  -1.7478790e-02   1.3395484e-01  -3.8096489e-02  -5.6868024e-02  -2.1022722e-01  -1.2221918e-01   1.6314191e-01   6.0790462e-02   1.2015378e-01   2.5817615e-02  -2.0748476e-01   9.6235351e-02   2.5341645e-01  -1.2097525e-01  -3.6623011e-02  -2.8995168e-01  -7.2159823e-02   1.5296722e-01   9.6117076e-02  -2.1471636e-01   3.3359966e-02  -1.1655708e-02   1.8234492e-01   2.2285497e-01  -6.9404081e-02  -4.7559144e-02  -1.0358437e-01   4.9460675e-01  -8.8389861e-02  -1.0946693e-02   2.4985829e-02   4.0239705e-01   3.5901888e-02  -4.7513384e-02   1.7194745e-01  -1.3276051e-01  -2.2218744e-01  -1.4907640e-01   1.9732831e-01   4.5148864e-02  -1.4865738e-01  -1.8685218e-01  -1.2649931e-01  -6.9908202e-03   2.1114149e-01   2.8400828e-02  -1.7628351e-01  -3.4171339e-01  -4.8369094e-02  -8.0871102e-02  -9.7271855e-02  -1.2857579e-01  -6.1762803e-02   1.0722037e-01   2.6233738e-01  -1.5938607e-01  -3.5921831e-02   6.0783156e-03  -1.9269683e-01  -1.5220476e-01  -6.5152191e-02   3.1151809e-01  -3.8841828e-02   1.3781915e-01   1.3278764e-01  -8.9339530e-02  -1.1452781e-01   4.2467077e-03  -3.1629903e-01  -6.1724400e-02   2.4459736e-01   1.3438684e-01   2.0418256e-01  -7.8440128e-02  -2.2248244e-01   1.4211067e-02  -2.2701426e-02  -4.7169340e-02   1.4333823e-02   1.3134526e-01  -1.8348608e-01  -1.3913671e-01   1.6631538e-01  -1.7881887e-01  -3.9683781e-02  -1.7176609e-01   9.6917276e-03  -1.8114592e-01  -1.1020802e-01  -2.1908265e-01  -1.4266687e-01   1.4917808e-01   1.3175000e-02   3.9358173e-01  -2.7578759e-01   2.1368043e-01  -1.9346587e-01  -1.3821028e-01  -1.8737227e-01  -2.2608944e-01  -1.8788288e-01  -3.1450890e-01   1.1867622e-01  -6.2034457e-02  -1.3462053e-01  -1.3887463e-01   1.0982183e-01  -9.3631709e-02   4.5161524e-01   2.5575520e-02   4.1297111e-01   7.2590461e-02  -1.0867152e-01  -1.4702702e-01   1.9810098e-01  -1.1466442e-01  -5.3588114e-02  -1.1173578e-01   6.0338151e-02  -8.5824219e-02   1.8560515e-01   2.1480120e-02   7.2471950e-02  -4.3837649e-03   4.0648366e-01   4.9734407e-02  -3.2973987e-03   4.3956662e-02   3.3160701e-01  -5.0090905e-02  -1.1359681e-02   6.1694061e-02   8.3339661e-02   3.0031718e-02  -7.8618916e-02   7.8896711e-02   2.3944093e-02  -2.2091879e-02  -1.6864844e-01
   1.1814165e-01  -1.9826832e-01  -2.6579895e-01  -8.5677027e-03   4.3300861e-02  -2.0453826e-01   1.9608052e-01   2.6440466e-01   1.8477677e-01   2.4877808e-01   0.0000000e+00  -1.9774225e-01   1.3400775e-01  -1.3343714e-01   2.9602951e-01   3.5620602e-01  -2.5683129e-01   3.7051846e-01  -1.1835014e-01  -4.3936597e-02   2.9682815e-01   2.5872156e-01   1.4047418e-01  -4.8359982e-02  -1.7442190e-01   2.2640671e-01   1.6316228e-01   7.9274785e-02   9.0876283e-02   1.5889574e-01   4.1936439e-01  -1.5018702e-01  -1.0853416e-01   2.8192078e-01   1.5877508e-01   4.2168119e-01  -6.1002998e-02  -1.8103546e-01   3.2900378e-01  -7.7498385e-02   1.1081958e-01  -2.6327395e-01  -1.9364942e-01   2.2524816e-01   3.3031050e-01   9.7065019e-02   4.0389203e-01   1.5619698e-01   1.9600544e-01  -2.3248307e-01   5.3468114e-01  -9.5308857e-02   2.5226233e-01  -1.0928977e-01   3.1600155e-02   3.4797315e-01  -1.6293036e-01  -3.4258934e-01   2.9056838e-01  -1.0215505e-01  -1.5703502e-01   1.3825571e-01   4.0779475e-02   2.1194571e-01   1.7826647e-01   1.6856029e-02  -1.4488747e-01   1.2162045e-01   4.5350481e-01   2.3705157e-01  -1.3605364e-01   3.6919829e-01   8.9651192e-02  -3.1192377e-01   1.0270007e-02  -1.6267434e-01   8.4553193e-02   3.1694902e-01   5.7033977e-02  -6.1855713e-02   1.1773612e-01   2.2103977e-01   2.5832849e-01   7.1333550e-02  -2.8016893e-01  -2.1138191e-01   9.1781736e-02   3.1206068e-01  -7.3076376e-02  -1.9241507e-01  -1.7419323e-01  -2.4558888e-01   1.3865377e-01   9.9339506e-02  -1.1050567e-01  -3.4061840e-01   1.8743844e-01  -1.3195992e-01   3.7405751e-01   5.9398683e-02   3.8801816e-02   5.2334712e-01   1.8152886e-01   1.2260129e-01   2.1343748e-01  -1.4518388e-01  -3.1999925e-01  -7.1644468e-03  -1.0431698e-01   4.6452940e-01   2.3081245e-01   5.9599035e-02  -1.5696013e-01  -1.4449131e-01  -3.3520446e-02   2.9477335e-01   9.5039272e-02   2.8345563e-01  -5.7640052e-02  -1.0843557e-03   1.7822516e-01  -4.9591558e-01  -5.5998234e-02   2.6655821e-01   2.5582419e-03  -1.3054061e-01   3.0348395e-01  -1.5186758e-01  -2.1132107e-01   2.0727464e-02   3.0549901e-01   3.8236098e-01  -1.3264724e-01   3.3064501e-01  -1.4681192e-01  -1.7921353e-02  -1.6934514e-01   2.0908571e-01  -3.1601597e-01  -7.7342841e-02  -3.1860366e-02  -1.7911166e-01   3.9026977e-01  -8.5146207e-02   2.4735500e-01   4.2305185e-01  -8.9336418e-03   3.5478800e-01   1.4301724e-01   1.8337062e-01  -5.3175418e-02   2.9992759e-02   5.0310047e-02   3.5024238e-01  -2.1941125e-01  -2.8795064e-01   3.9797482e-02   3.3302364e-01  -1.6586187e-01   2.0323269e-01  -8.6757350e-02   3.6114522e-01   1.9824963e-01   4.7644710e-01  -3.6429237e-01  -3.5076343e-02   2.8121663e-01   1.9397850e-02   9.7173218e-02  -1.4245287e-01  -1.8160252e-01  -6.2269355e-03   3.4880934e-01  -4.5610090e-02  -8.2854009e-02  -1.1472587e-01  -2.8076809e-01
  -3.2696071e-02   1.0251981e-01   5.5821870e-01  -1.6571559e-01   5.3712025e-02   3.2702801e-01   5.7219886e-01  -1.3835991e-01  -1.5868551e-01   1.5998592e-01  -1.9774225e-01   0.0000000e+00  -1.9871229e-01  -3.7580235e-02   1.5727257e-01  -9.7379787e-02   5.0214212e-01  -3.3745175e-01  -2.7117972e-02   1.7799810e-01  -3.1626132e-02   1.3091780e-02  -7.5099187e-02  -1.5493417e-01  -1.7012298e-02  -6.7826559e-03   2.1427154e-01   4.5380295e-03   3.1910634e-02  -3.4423402e-01  -1.7180152e-01  -8.6925794e-02   4.6035750e-02   2.9199503e-01   2.0336236e-01   7.0566678e-02  -9.0705929e-02  -2.9446081e-01  -1.8225948e-01   3.6488406e-01  -2.8102042e-01   2.5921665e-01   2.0958862e-02  -2.7842580e-01   5.4272238e-02  -1.4590146e-01  -1.2519912e-01  -6.5094773e-02  -9.1120688e-02   4.9133366e-01  -1.0270774e-01  -9.8299419e-02   6.3201812e-03  -1.0143847e-01  -7.2802990e-02  -1.4720895e-01   8.5090464e-02  -7.7785006e-02  -1.5410411e-01   5.2267180e-01   2.2253778e-01   2.2028826e-01  -9.7009427e-02  -3.2881833e-01  -3.6038493e-01   3.8036317e-01   3.1366911e-01  -2.2300554e-01  -5.5141477e-02   2.6039418e-01   8.6953662e-02  -4.0151380e-02  -3.2024931e-04   4.5903135e-01  -1.3605656e-01  -3.8608035e-02  -3.6980050e-02  -2.5902350e-02   8.0969140e-02  -7.0123205e-02  -4.7477343e-02   1.0457791e-01  -1.2164363e-01  -3.8880999e-02   7.9458201e-02  -1.0142150e-01  -3.0194853e-01  -7.3299867e-02  -1.2226274e-02  -1.7275210e-01   6.6234632e-02   1.9244531e-01   4.4218109e-01   1.0255020e-01  -2.8659726e-01   1.8825421e-01  -2.9193732e-01  -1.2127118e-01  -2.4989537e-01   2.3582405e-01  -6.7116011e-02   6.2917159e-02   1.0229877e-02  -9.4609490e-02  -1.4231205e-01  -1.3015388e-02   5.8839167e-02  -1.0579102e-01   8.7598087e-02   7.3662285e-02   3.6886842e-01   2.1112054e-01  -3.4605218e-02  -2.1053081e-03   1.3698823e-01  -8.8323915e-02   4.8963839e-02  -1.9403181e-01   2.2411226e-01  -6.4796761e-02  -1.2141214e-01   4.0953186e-01   1.0310574e-01  -2.8433038e-01  -2.2916743e-01   3.8355584e-01  -1.8885816e-01  -5.5311268e-02  -1.7883231e-01   3.3101152e-01  -8.9496820e-02  -4.9100378e-03   1.5057734e-01  -7.9359430e-02   9.9424048e-02  -3.4779675e-01  -3.0255969e-01  -1.9755483e-01  -1.0783748e-01  -1.7052220e-01  -1.0258669e-02   1.9906935e-02  -1.4525851e-01   3.2171255e-01   8.0476922e-02  -2.1093115e-01   4.6145424e-01  -9.3041003e-02   2.0438346e-01  -3.4548092e-01   6.6286754e-02  -3.5660462e-02   2.8545621e-02  -1.2320123e-01   4.8674967e-01  -1.4783031e-01  -1.6991280e-01  -1.6561067e-01   1.7705362e-01  -6.8109264e-02   1.5208121e-01  -3.1036412e-01  -2.1763951e-01  -2.6438217e-01   1.1973249e-01   2.7285714e-01   6.4223124e-02   1.1018208e-01  -9.7732204e-02   2.6923979e-01   1.9100689e-01  -3.3747753e-01  -4.9090892e-01   2.7776315e-01   1.0060606e-01  -4.0878447e-02   3.3684755e-02
  -7.7934710e-02  -2.5300562e-01  -3.1001551e-02   7.3462499e-02   1.0184785e-01  -5.1785330e-02  -1.5933049e-01  -1.4900365e-01   1.5594687e-02  -2.1179319e-02   1.3400775e-01  -1.9871229e-01   0.0000000e+00  -1.3395603e-02   5.8830470e-02  -1.9038257e-03  -2.5692802e-02   2.0492523e-01  -5.3883334e-02   2.6575086e-01   1.3277438e-01   2.4577604e-02   1.7290208e-01  -7.1775625e-02   1.2799230e-01  -1.3986639e-01   9.4629817e-02  -5.2867599e-02  -1.7000848e-01   1.1206944e-01   7.5918776e-02   1.3349835e-01  -2.2642419e-02  -1.2685894e-01  -1.4450251e-01   1.8442895e-01   1.1541091e-02  -1.9102261e-01   2.2261640e-01   6.5792145e-02   5.8834271e-01  -1.3988309e-02  -1.5074642e-02   1.6981015e-01  -7.8580342e-02   2.3076275e-02   1.8763451e-01  -9.0665096e-02  -3.1362167e-02   2.2462955e-02   2.1823761e-01  -3.1817292e-02  -3.6977156e-02   1.7419237e-02  -1.1999898e-01   6.2743621e-02   2.6924040e-02  -1.2100825e-01   2.5035670e-01  -2.5352610e-01  -8.3386363e-02   2.4217750e-04   1.6746945e-01   1.0360542e-01   1.0297794e-01  -9.2799975e-02   4.4866796e-03   1.5450934e-02   2.0409283e-01  -8.1493860e-02  -1.4803535e-01  -1.7319690e-02   2.8990676e-01  -1.4526354e-01   3.8375918e-02   4.7730132e-02   1.0139591e-02   9.6243020e-02   1.1257820e-01  -6.4238035e-02   2.7024685e-02   3.3810767e-01   1.3050992e-01  -4.0460717e-02  -3.0942693e-02   1.0675740e-01  -2.8466486e-02  -2.8366889e-01   9.6612532e-02  -1.1668034e-01   1.0090291e-01   6.3586979e-02  -1.5501036e-02  -3.9647659e-02  -3.3143512e-02   2.3173648e-01   3.2407059e-02   9.3676415e-02   1.3438504e-01  -1.4845524e-01  -3.1756054e-02   1.5314135e-02  -1.1143966e-01  -3.7438122e-02   8.6629827e-02  -6.8193438e-02  -1.0475151e-01  -4.7369076e-02   9.0128957e-02   1.6334015e-01  -6.3732790e-02   3.8043509e-02   9.2355820e-02  -6.1263050e-03  -1.3046903e-02   1.2552048e-01   6.0410360e-02   6.3998120e-01  -1.0881576e-01   4.1244158e-02  -1.9415189e-02   4.4001714e-02  -1.0228906e-01   1.2899634e-01  -4.8158812e-02  -4.0452047e-02   2.3503413e-01  -3.0324171e-02   2.4467875e-01  -1.0245770e-01   5.3857742e-01   1.0944704e-01  -7.2839153e-02   3.2371505e-01  -7.0992673e-02   2.3013985e-01  -1.1447414e-01   8.6098551e-03  -9.8340806e-03  -4.2116049e-02  -7.2303432e-02   3.1708613e-01  -8.7538732e-02  -7.6750270e-02   7.2617399e-02   9.3917100e-02  -1.8012217e-01   9.0504513e-02  -5.4907783e-02   3.4082506e-02  -1.5981199e-01  -5.1384125e-02  -2.2975128e-02   1.3899309e-01  -6.5979582e-02  -2.0257850e-01   3.1408558e-03   8.8476469e-02  -5.8369194e-02   5.6620685e-02   8.4842406e-02   1.3905628e-01   1.3595386e-01  -2.9099292e-02   3.6528826e-03  -8.7813461e-03  -3.4677189e-02  -5.8885585e-02  -9.3315043e-02   1.5092923e-01   1.3142375e-01  -3.4855309e-02   1.0238585e-01  -2.0378232e-01  -4.1521531e-02  -1.1089053e-02  -5.0482331e-02
  -6.1311633e-02  -1.2443664e-02  -3.3888497e-03   3.0873667e-01  -2.9585759e-01   1.5062152e-01  -2.9467575e-01  -2.1745563e-02  -1.2021858e-01  -3.2311830e-01  -1.3343714e-01  -3.7580235e-02  -1.3395603e-02   0.0000000e+00  -7.1216843e-02  -1.9254791e-01  -2.4075542e-02  -2.6476102e-02   1.9090103e-01  -2.8028104e-01   9.6261651e-02   1.7008671e-01  -1.2359590e-01  -2.2081424e-02   6.1740292e-02  -3.0565118e-02  -9.5617719e-02   7.6934310e-02  -1.0057372e-01   1.8769440e-01   5.5737894e-02  -8.6720299e-02   1.3160338e-01  -2.0500945e-01  -4.8422340e-02  -2.6063368e-01  -8.3987876e-02   1.2369858e-01  -8.9078920e-02  -2.1137787e-01  -3.9846646e-02  -5.1845891e-02  -1.1408097e-01   1.7001437e-02   1.4846100e-02  -8.3114468e-02  -3.6103920e-02  -5.4926780e-02   7.4490577e-03  -2.3094064e-02  -2.0611258e-01   3.0569080e-02  -6.5294661e-02   3.1596315e-02   3.5670956e-01  -9.7467071e-02   1.1589102e-01   2.2047544e-01   1.1976741e-01  -1.4206497e-02  -1.2341469e-01  -3.0543761e-02   1.4511756e-02   2.6161330e-03  -1.2699799e-01  -2.5947953e-01   1.6689096e-01  -1.8650532e-01   1.4106108e-01  -2.9908570e-01  -7.8358498e-02   1.8068442e-02   5.4497529e-02   1.4126673e-01   1.6365500e-01   1.4981987e-01  -2.1058327e-01   3.5462463e-03  -4.3756709e-02   2.7327111e-01   1.3939696e-01   3.7055419e-02  -1.7229203e-02   1.5065749e-01   1.5738572e-01   3.3609813e-01  -9.4285743e-03  -2.1212059e-02   2.4298524e-01  -9.1169980e-02  -1.3742730e-01  -1.7190005e-01  -9.9659165e-02  -1.2626449e-01   1.5045638e-01  -1.2790030e-01  -6.8174646e-02   2.4840671e-01  -5.4336767e-02  -2.2939212e-01   9.4303834e-02  -7.9725876e-02   2.0851227e-01   7.4051618e-02  -6.1600327e-02   1.5703702e-01   2.4336980e-01   1.9719329e-01  -5.4838211e-02   1.9705468e-02  -1.4553183e-01   2.8261973e-01   3.3893404e-01  -6.1863877e-02  -7.0340412e-03  -1.9950279e-01   1.9117888e-01  -1.6597056e-01   3.2986485e-01   2.6034616e-01  -1.8959588e-01  -5.6972391e-02   6.7950867e-02   1.1863736e-01  -1.1164865e-02   3.2118700e-01   4.9673055e-02   2.9423069e-01   1.6635981e-01  -1.1933003e-01  -6.9519154e-02  -2.2695168e-01   2.4232793e-01  -7.1871472e-02   5.8356306e-02   1.3661596e-01   1.5917641e-01   1.8029715e-01   8.5267893e-02   3.2732847e-01  -3.4510987e-02   1.3054468e-01  -1.7244610e-01   1.2124541e-01   1.1036685e-01   1.3498384e-01  -1.3927289e-01  -1.0344159e-01  -9.8351957e-02  -6.3949923e-02  -2.3688000e-03   2.3165988e-01  -2.1766388e-01   1.1569748e-02  -2.2183753e-02  -3.8654959e-02  -1.1363348e-02   8.4503086e-02  -8.7576064e-02   2.3544999e-01  -5.6998702e-02  -2.0253244e-01  -2.6352640e-01  -2.7150999e-02   3.8077316e-02  -1.0144673e-01  -9.4551221e-02   8.0115600e-02  -9.3993498e-02   4.1526960e-02  -2.1436789e-01  -7.6287407e-02  -3.7662809e-02   2.0643924e-01  -2.4442661e-01  -2.1187502e-02   1.9013060e-01
