   0.0000000e+00  -3.0658661e-01   9.6680973e-02   9.6647751e-02  -1.9453252e-01  -4.4787038e-02  -8.0195909e-02  -1.6640781e-01  -2.2096484e-01   2.0245643e-01  -1.9201084e-01   1.3624996e-02   1.7324872e-01   4.5932866e-01   5.0575926e-02  -7.7072781e-02   7.3709637e-04   1.5287297e-01  -1.6000211e-01  -5.3056279e-02  -5.1658477e-04  -1.1895869e-01   9.5299803e-02   5.3549713e-01   5.6955237e-02  -1.7265433e-01  -3.0577618e-01   2.0426401e-01  -8.4608064e-03  -7.3408579e-02  -1.8984910e-01   3.4838182e-02  -5.9824837e-02  -3.3271304e-02  -1.1820148e-01  -2.2437547e-01   5.1885546e-02   2.2507079e-01   6.0830379e-02  -2.2371407e-01   6.8518979e-02   1.4010763e-01  -8.1391189e-03  -2.4469965e-01   2.3886304e-01   3.1293390e-01  -2.6028742e-01  -2.6977806e-01   1.2317918e-01   2.8419947e-02   2.5395405e-01  -1.8037176e-01  -4.4311770e-01   2.8186318e-01   4.0205287e-01  -9.2389424e-02  -2.9445500e-01  -1.7376064e-01   1.0195656e-01  -1.1211306e-01   2.8976777e-01   1.2117217e-01   1.8031189e-01  -1.6412176e-01  -6.9423708e-03  -3.1174117e-02  -3.7206872e-01   1.4425224e-01  -3.4835722e-01   1.8424637e-01  -2.8933256e-01  -3.7301719e-02  -1.7667777e-01   1.3660917e-01   1.8049117e-01  -1.1934542e-01   2.9427574e-01  -3.4963203e-01  -2.3881814e-01   1.4207179e-01  -1.1330958e-01  -2.6068412e-02  -1.5661779e-01  -2.5032236e-01   2.4147542e-01   1.2228145e-01  -2.1145916e-01   3.6378288e-01  -7.6672702e-02   4.9910812e-01  -4.1666416e-02   4.1457758e-01  -1.4434136e-01  -1.3706665e-01   1.7487932e-01  -9.8218788e-02   4.8895354e-02  -2.6873949e-01   9.7017977e-02   1.1947426e-01   7.8088762e-02   3.6490839e-03  -1.7758853e-01   3.6354467e-02   1.6048881e-01   1.0145471e-01   3.0693963e-01  -4.1631014e-01   1.7131313e-01  -1.7611631e-01  -9.4156140e-02  -1.7529512e-02   1.2459838e-01   4.2224211e-01   2.1862343e-02  -2.6910274e-01  -3.2382003e-01  -1.1085079e-02   5.7177260e-02   1.0968021e-01   5.5974162e-01  -1.0309549e-01   2.3079843e-02  -1.4451459e-01   2.6526802e-01   3.7156896e-01   1.3623749e-01   2.2272158e-01  -2.1906082e-02   4.2526464e-02  -1.3362151e-01  -3.7836017e-01   2.7071063e-01  -1.3871650e-01  -4.8350402e-02  -2.7212187e-01   1.8014958e-01  -1.1480894e-01  -2.1135890e-01   2.1644874e-01   4.5148543e-01  -1.5512460e-01   3.7367941e-02  -9.9332315e-03   2.9484531e-01   4.4177152e-03  -9.4744462e-02  -2.4541660e-01   6.0526413e-02  -1.4761423e-01   1.6477804e-01  -1.9429013e-01   5.1041580e-01  -3.0761234e-01  -2.2374568e-01   2.4093826e-01   3.4640272e-01   1.0308480e-01   3.7661105e-01  -1.8433336e-01  -8.5299881e-02  -2.6836438e-01  -6.3464658e-02   2.0692212e-01  -4.1308388e-02  -2.0114080e-01  -2.1849292e-01  -2.5685582e-02   5.6607503e-01  -3.5376124e-01   8.6805760e-02   1.5149205e-01   1.2508605e-01  -5.2757079e-02   9.3653008e-02   1.4376822e-01  -2.6438160e-01
  -3.0658661e-01   0.0000000e+00   2.4483182e-01  -1.7527527e-01   6.2671115e-01  -3.5024023e-01  -2.2829196e-01   1.1119401e-01   2.3802129e-01  -4.1946137e-01  -1.4558282e-01   4.6443270e-01  -3.1065551e-01  -4.3144303e-01  -2.8697581e-02  -1.0752953e-01   4.1333458e-01  -5.8439241e-01  -9.4246230e-02   4.1390362e-01  -2.9272121e-01  -2.0480923e-01   1.4001559e-01  -4.1775813e-01  -1.3070268e-01  -8.2364004e-03   5.1869941e-01  -2.0156856e-01   2.2998787e-01  -2.0324145e-01   1.7877941e-01  -2.3405109e-01  -3.4535480e-02   1.0759395e-01   6.1359273e-01   3.5481173e-01  -2.5045200e-01  -1.6912782e-01  -9.8151727e-02   5.5977167e-01  -1.7137239e-01  -6.8647536e-02   2.7593726e-01  -1.4320567e-01   7.5892584e-02  -1.3500631e-01  -1.6823828e-01   2.3229081e-01  -4.2090880e-01   2.8986318e-01  -2.8454818e-01   3.5977246e-02   5.8914236e-01  -1.0714259e-01  -4.5210440e-01  -2.4754797e-01  -1.3567006e-01  -6.1308295e-02  -8.4528343e-03  -4.9531922e-02  -1.7584614e-01   5.3910468e-02  -1.3688661e-01   3.3861532e-01   2.3131085e-01   1.3512170e-01   7.8223455e-02  -1.9411895e-02  -3.4502068e-02  -2.5399483e-01   8.2851986e-01  -3.0665545e-01   1.4688431e-01  -9.1683073e-02  -2.1514047e-02   1.2202902e-01  -1.0688849e-01   1.7301323e-01   6.4909225e-01  -1.2203517e-01  -1.0226065e-01  -1.0431791e-01   2.2125655e-02  -8.6117760e-03   2.7019298e-02  -2.6100718e-01   5.3063274e-01  -2.1695597e-01   2.4708307e-01  -9.1563206e-02   5.0117574e-01  -5.8448148e-02   2.7614270e-01  -8.7479762e-02  -3.0183964e-01   4.9062831e-01   1.1528305e-01   1.1566421e-02   3.6732844e-01  -9.8427412e-02   8.4917013e-02  -7.4690269e-02  -1.3454773e-01  -2.7394266e-02  -3.6974648e-01  -1.8966770e-01  -8.9771844e-02   8.5128420e-02   9.0667382e-02  -3.1795095e-01   7.1117369e-02  -3.9548171e-01  -3.1261178e-01  -2.2140864e-01  -1.5387774e-01   4.7220946e-01   2.5960740e-01  -1.0238328e-01  -1.7295791e-01  -8.5761861e-02  -1.9408556e-01   5.3726565e-01   2.4280373e-01   5.3112944e-01  -5.1661738e-02  -3.6039033e-01  -6.3227800e-02  -1.5398326e-01  -1.5454933e-01  -2.0418912e-01  -1.2388449e-01   6.3001253e-01  -5.7052527e-02  -1.7248814e-01   1.1956746e-01   2.1224547e-01  -2.9037955e-02   8.0110935e-02   1.4384214e-01  -7.2267000e-02  -4.3602578e-01   2.7592830e-01  -1.1432818e-01  -2.4329067e-01  -3.4576848e-01  -1.8588487e-01   4.3640723e-01   1.0784534e-01  -3.8507137e-01   3.6290630e-01   5.7161143e-02  -7.9215214e-02  -1.9037176e-01   3.6727594e-01   2.9735986e-01  -1.2180199e-01  -1.6866162e-01   5.7565055e-02  -4.1291908e-02  -1.2452630e-01   3.0996605e-03   5.1319309e-02   7.7364975e-02  -4.7677004e-01  -1.1658227e-01   5.2530614e-01   1.4953567e-01  -1.3291726e-01  -1.9504207e-01   2.5107032e-01   1.5852204e-01  -1.0504792e-01  -1.9300593e-01  -2.1478581e-01  -8.4721195e-02  -1.3716984e-01  -9.0400627e-02
   9.6680973e-02   2.4483182e-01   0.0000000e+00  -2.0389732e-02   1.2610057e-01   7.4975766e-02   1.0171713e-02   3.4612838e-02  -4.0530476e-01  -1.6997590e-02  -1.8382708e-01   5.3162925e-01  -4.9864378e-02   4.8141032e-02   3.3045908e-01   2.2760751e-01   7.1560065e-01  -2.4022461e-01   1.0877647e-01   2.5649112e-01   9.0059741e-02  -5.6388190e-02   3.6971959e-01  -1.8719394e-01  -2.6231794e-01  -2.8140856e-01   2.9897776e-01  -5.7040701e-02   1.9469998e-01   4.2475846e-02   9.9570555e-02  -1.2020761e-01   2.3649358e-01   2.4891838e-01   1.5487355e-01   5.2191052e-02  -2.0148280e-01   4.3129156e-02   1.6784965e-01   4.8492583e-01  -3.5306405e-02   2.5709993e-01   1.4668557e-01  -1.8416108e-02   6.1770203e-02   2.3297951e-01  -1.5616193e-01   4.7744456e-02  -4.8449036e-02   4.6019227e-01  -8.6182627e-02  -1.6071039e-01   2.4017440e-02   2.9499256e-01  -1.0720657e-01  -1.5240197e-02  -3.1910511e-02  -2.8660096e-01  -6.9900726e-02  -2.1848378e-01   2.3193856e-01   3.2559997e-01  -1.5755429e-01   7.3293680e-02  -1.3633408e-02   2.8603548e-01   9.8899511e-02  -1.2426663e-01   5.6089708e-03   1.5107009e-01   1.4019551e-01  -1.0561787e-01  -2.2040100e-02   3.2650701e-01  -1.6264934e-01  -1.5401020e-01   3.1882179e-01   6.1294911e-02   1.1454717e-01  -1.5094637e-01  -8.6046013e-02   7.4413861e-02   1.4199535e-01  -5.2847137e-02   4.5735878e-01  -6.2190208e-02  -1.0223920e-01  -3.9472708e-02  -1.2465549e-01  -4.0279999e-02   1.2986617e-01   3.4599444e-01   3.3294797e-01  -3.3383155e-01   6.7413659e-02   5.0106909e-02  -3.1670626e-02   2.9472024e-02   7.8196987e-02   5.5839188e-02   2.1142039e-01   1.6872550e-01  -2.1916782e-02   6.7880091e-02  -9.1954596e-02  -6.3298416e-02   1.7408107e-01  -4.2169608e-02   4.1782288e-01  -8.3873566e-02   2.8663468e-01   9.2653953e-03  -7.5873439e-02   2.2709838e-02   8.0576352e-02   5.8563131e-02  -3.4831438e-02  -7.6248918e-02   1.4092680e-01   1.1466721e-01  -5.6803095e-02   1.3853430e-01   4.4490337e-02   1.8534813e-01   1.2699178e-01   1.7205719e-01   4.4186184e-01  -2.1707417e-01  -2.2973457e-01   2.6263180e-01   7.5226367e-02  -3.3905590e-02   3.0159590e-01  -3.1609395e-02  -1.1425509e-01  -1.7419907e-01  -9.6451481e-02   1.5370894e-01  -9.1566696e-02   1.1927290e-02   6.9402613e-03   1.9569017e-01  -1.4721436e-02   1.1175159e-01   2.5530295e-01  -3.0831817e-02   1.7432237e-01  -1.3448845e-01   1.1190254e-01   1.1475538e-01   2.2955048e-01   5.8929428e-02   1.4238693e-01  -2.0655539e-01   5.2278277e-01  -1.9839421e-01   6.4861128e-02   6.4898710e-02   2.3072112e-01  -8.1230586e-02  -1.0051511e-01  -7.2864269e-02   5.4575714e-03  -3.4045831e-02  -2.8285869e-02   2.2242366e-01  -4.8839692e-02   1.7392164e-01   8.4243290e-02   9.1226216e-02   2.6023207e-01  -1.5221447e-02  -1.4428784e-01   2.3335727e-01   7.9342248e-02   2.1738533e-02  -6.9941127e-02
   9.6647751e-02  -1.7527527e-01  -2.0389732e-02   0.0000000e+00  -4.6027813e-02   1.3627156e-01   1.7088599e-01   1.9469787e-01   2.6273174e-01  -2.1622175e-01   5.5136344e-02  -1.2259258e-01   2.1964018e-01   1.3676123e-01   1.6921732e-01   2.5483138e-01  -7.3105893e-02   3.3323255e-01   1.4612987e-01  -3.2127046e-03   2.5190660e-01   3.3552493e-01  -2.3226430e-01  -1.1080777e-01  -1.1413444e-01   2.2048173e-01   1.3869192e-01   6.0832573e-02  -5.4460944e-02   5.2632220e-02   1.0042041e-01   5.0428900e-01   2.8996697e-01  -1.3322504e-01  -4.9223272e-02  -2.4856169e-02  -7.1678238e-02  -1.0574671e-01   3.2825476e-01  -1.6526466e-01   4.8163483e-01   5.4989221e-01   1.4916909e-02   3.7703873e-01   1.1355125e-01  -2.0426310e-01   1.0574849e-01   5.7539413e-02   2.0263336e-01  -3.1936666e-01   4.7387273e-01   1.4214550e-01  -9.4299515e-02   3.4478724e-02   9.2922961e-02   3.3768249e-01   1.8920850e-01   2.9469215e-01   5.2165625e-01   3.5067133e-01   2.1155723e-01   1.6528757e-01   3.0326087e-01  -2.6105663e-02   2.7318506e-01   1.1288617e-02   9.9038206e-02   4.5880203e-02   3.9574307e-01  -3.4746814e-02  -1.0349238e-01   4.8467795e-01   4.0474780e-01   1.5917314e-01   1.2639932e-01   1.5796409e-01   4.3598025e-02   1.3499189e-01  -2.8678110e-01   3.2524761e-01   2.7695485e-01   3.0326413e-01   3.6530297e-02   3.4538423e-01   5.8866020e-02   2.3467104e-01  -5.9906836e-02   5.8968748e-02  -5.6929123e-02   3.1533383e-02  -1.8897611e-01   1.4370020e-01  -6.6589628e-02   4.4902914e-01  -4.7302882e-02  -3.3114689e-01   2.2949475e-01  -4.7872201e-03   1.0394921e-01   4.4680509e-02   6.6632553e-02  -1.9160270e-02   3.7997622e-01   1.5766169e-01   4.2389016e-01   5.8539677e-01   2.1706737e-01   2.9142742e-01  -6.8919997e-02   2.3585774e-02   1.6456393e-01   2.9451533e-01   3.9743589e-01  -3.3916005e-01   2.2027633e-01  -2.2150610e-01   2.8618457e-01   1.9907333e-01   2.1701019e-01   7.3014200e-01  -5.6324993e-02  -2.0684959e-01   2.1483783e-01   1.1822026e-01  -1.9814787e-01   1.6418440e-01   1.2506435e-01   1.8118340e-02   4.3148193e-01  -7.8716393e-02   7.4276339e-02  -1.4805996e-01   2.4709261e-01   1.4636204e-01   3.4511027e-01   1.6392525e-01   1.8578022e-01   1.8389590e-01   4.4084805e-02  -1.1306245e-02  -6.5982323e-02   1.4754792e-01   6.2589434e-02   2.2630447e-01   1.7244029e-01   4.3942165e-01  -2.3765961e-01  -1.3133283e-01  -2.2743215e-02   2.4640763e-01  -4.0589682e-02   4.0253250e-01   1.8101653e-01  -6.2717199e-02  -7.2742933e-02   4.4350683e-02   8.8000387e-03   4.3993314e-01   1.1181480e-01   2.7329980e-01  -1.5822561e-01   6.9642114e-02   2.9567651e-02   5.8151263e-01   4.3469893e-01  -1.5900803e-01   1.6390835e-01   2.4859828e-01   5.5880320e-02   2.2283261e-03  -1.7391997e-01  -2.2157689e-01   1.4815919e-01   2.1237324e-02   1.4817156e-01   9.1120274e-02   3.3265484e-01
  -1.9453252e-01   6.2671115e-01   1.2610057e-01  -4.6027813e-02   0.0000000e+00  -2.1359893e-01  -4.4603541e-01   1.1730443e-01   3.6071285e-01  -2.6075317e-01  -8.5968657e-02   3.2053877e-01   1.5717167e-02  -4.7361385e-01  -3.4518841e-01  -5.7464645e-02   3.6335550e-01  -2.9745154e-01  -9.8425454e-02   6.7356227e-01  -1.9803271e-01  -1.5339576e-01   2.7353668e-01  -3.1835652e-01  -5.7492157e-02   4.2655829e-02   3.8006741e-01  -4.2734703e-01   3.2771138e-01  -3.9089008e-01  -6.0041391e-02   3.0461384e-02   1.8374131e-01   1.0370937e-01   4.4469112e-01   5.8009628e-01  -2.4592380e-01   2.3116456e-02  -6.9828832e-03   5.2557622e-01   9.2201046e-02   1.4713105e-01   5.8394034e-01  -1.5505645e-01   1.9772512e-01  -2.4695678e-01  -8.8990760e-02  -1.2453005e-01  -1.8628462e-01   3.6729022e-01   3.1314054e-02   5.1493311e-02   3.4969308e-01   1.2231126e-01  -1.1306274e-01  -2.4082095e-01   5.9691189e-02  -1.4705544e-01   4.4632075e-02  -7.7371801e-02  -9.0439161e-02   7.4537547e-02  -6.7242528e-02   8.9312265e-02   2.6686620e-01   2.6666867e-01   1.7303603e-01   1.2518872e-01  -2.5972793e-02  -5.8585401e-01   5.7816057e-01  -1.4245119e-01   2.2097252e-01  -2.2336693e-01   1.0844260e-01   1.3399692e-01  -9.9179421e-03   1.7939574e-01   7.3428947e-01   7.4884323e-02  -4.8062904e-01   3.7482966e-02   1.3598392e-01   4.4944779e-02  -5.0194127e-02  -2.5565549e-01   3.0469133e-01  -1.9509853e-01   2.2278510e-01  -7.6904834e-02   7.1333773e-01  -9.9080560e-02   4.0459322e-01  -2.8406709e-02  -1.1316663e-01   7.1799029e-01   1.4578840e-01   1.8107069e-01   4.4237381e-01  -2.0421773e-01  -3.7100587e-02  -3.0154234e-01  -3.6374166e-01  -1.0486415e-02  -2.2197644e-01   1.6413208e-02   3.8858335e-02   1.1582143e-01  -2.4507792e-02  -1.3115692e-01   4.4621000e-02  -3.1370144e-01  -1.0954412e-01  -2.8982865e-02  -5.4221080e-01   5.1068712e-01   1.9918553e-01   1.9533614e-01  -3.8674060e-01   4.6288384e-04  -1.7287185e-01   7.5169278e-01   4.2583520e-01   4.4449057e-01  -2.1673040e-01  -4.7572468e-01  -5.0666425e-02   8.2554284e-02   7.6006790e-02  -4.8165479e-01   1.0290451e-01   3.7360431e-01  -5.5403362e-02  -1.4233976e-01   3.4307996e-01   8.3610385e-02   1.3669931e-01  -3.3673526e-01  -1.2038844e-02   2.0074337e-01  -2.0295982e-01   3.6781474e-01  -1.4709543e-01  -5.2234206e-01  -3.8305112e-01  -1.8965409e-01   2.3538681e-01   2.6861844e-01  -2.5288134e-01   2.7621847e-01  -1.7031785e-01  -1.8958905e-01  -1.8081112e-01   4.7076235e-01   9.1733687e-02   1.9000771e-01  -1.7225327e-01   1.9091236e-01   1.1933229e-03  -2.5653484e-01   2.9380331e-02   6.2716827e-02   3.8507796e-01  -1.8534979e-01  -2.4010610e-02   4.7748998e-01   6.2908283e-02  -2.2449918e-01  -1.7828778e-01   3.5954741e-01   3.8720811e-01  -1.2045298e-01  -4.7205971e-02  -3.3390876e-01   1.4737048e-01  -1.6417482e-01   6.8841591e-02
  -4.4787038e-02  -3.5024023e-01   7.4975766e-02   1.3627156e-01  -2.1359893e-01   0.0000000e+00   4.1588449e-01  -2.0491803e-01  -1.5931269e-01   1.3779975e-01   4.1796949e-01  -8.9619812e-02   2.0397796e-01   1.4708426e-01   2.4173275e-01  -1.5074414e-02  -1.0718877e-01   3.6104617e-01   3.7662262e-01  -3.2049806e-01   2.5519232e-01   3.9673859e-01  -1.4198446e-01   1.3370839e-02  -5.1706936e-02   2.6228182e-01  -2.2707038e-01   2.8213992e-01   2.3738747e-02   5.2520634e-01   1.2036234e-01   7.7332595e-02  -8.8408064e-02   9.3406680e-02  -4.0943061e-01  -8.3066485e-02   1.5561294e-01  -3.7111090e-02  -4.1664800e-03  -2.9780434e-01   1.8666942e-01  -2.9183816e-02  -2.4216874e-01   1.0608550e-01   3.5055930e-02   2.0045217e-01   3.0673585e-01   1.6370191e-01   2.4819924e-01  -2.6538790e-01   1.1588287e-01   8.6366960e-03  -1.5101042e-01  -1.4773571e-01   1.5261736e-01   4.0064950e-01   4.2285268e-01   5.4712186e-02   1.7657615e-01   1.9680460e-01   1.4104087e-01   1.3892224e-01  -5.6989913e-02   7.0997017e-02  -1.8783089e-01  -9.9636012e-03   6.0609839e-01  -3.6263167e-01   2.2395241e-01   3.6464850e-01  -4.1924896e-01   2.5311213e-01  -1.9483690e-02   2.4113523e-01  -2.1539495e-01  -2.7952356e-02   4.3892912e-02   3.6425843e-01  -2.7916289e-01  -2.4603835e-02   2.4253282e-01   6.2414747e-02   2.3121310e-01   2.1467221e-01   1.9749437e-01   2.0582526e-01  -3.7012923e-01   1.1539738e-03  -8.6384022e-02   8.1627383e-02  -4.5334759e-01  -8.4981926e-02  -9.4391717e-03   4.4795179e-02   1.0667949e-01  -3.7836844e-01   7.5273849e-02   2.9596339e-01  -1.2495017e-01  -1.2204156e-01   1.9497930e-01   5.2335761e-01   2.3699562e-01   1.8031885e-01   2.7534124e-01   6.4130802e-02  -2.8150453e-02   2.0402528e-01  -2.9663525e-02   3.5780768e-01   2.0951821e-01   4.7665674e-01   3.6711371e-02   1.9708857e-02   1.3917150e-01  -2.3946730e-01  -2.9477587e-02  -4.0621380e-02   2.4635419e-01   2.0963661e-01  -1.1384120e-01  -3.4727761e-01  -1.2669292e-01  -3.0508690e-01   1.4589444e-01   2.7929292e-01   2.9400204e-01  -2.0523408e-01   5.1613025e-02   3.3459940e-01  -1.0820615e-02  -1.2876131e-01   2.0202381e-01   1.8121765e-01  -2.3754075e-01  -1.1035224e-01  -7.7095726e-02   1.0698343e-01   3.0179647e-02  -8.0818629e-02   1.3848337e-01  -6.8066986e-02   3.7624162e-01   3.7273140e-01   2.8303383e-01   1.8726523e-01  -3.0774021e-01   9.2337514e-02   3.6106168e-01  -2.8839722e-01  -5.1672293e-02  -4.4652220e-02   4.6810372e-02  -1.7589258e-03   2.2700946e-01  -8.0521765e-02   1.3453405e-01   1.7179187e-01  -3.2445534e-03   2.1178634e-01  -1.3865154e-01   3.2977735e-01  -1.5768314e-01   2.9012412e-01   9.6177003e-02  -1.2042190e-01   5.6581325e-02   2.1547317e-01  -6.3068813e-03   6.5872798e-02  -2.2505749e-01  -3.4003901e-02   1.6003308e-01   4.9121696e-01  -6.4403067e-02   3.5280714e-02   3.4949992e-01
  -8.0195909e-02  -2.2829196e-01   1.0171713e-02   1.7088599e-01  -4.4603541e-01   4.1588449e-01   0.0000000e+00  -2.4696439e-01  -2.4441257e-01   4.1681418e-01   4.6825041e-01   1.8829867e-02  -1.4942353e-01   2.4571099e-01   5.5198005e-01   1.4584364e-01  -1.8607327e-01   4.0623920e-01  -2.2756001e-02  -1.8693212e-01   4.2061035e-01   1.3942405e-01  -9.5457121e-02  -6.3593214e-02  -2.2307281e-01  -2.0943429e-01   5.8926220e-02   3.9505687e-01  -2.7640158e-01   5.6362244e-01   1.8283878e-01  -2.1311260e-01  -1.5423503e-01   3.7046097e-01  -1.0314514e-01   8.5513577e-02   4.4647740e-01  -1.7162552e-03   4.3160610e-02  -2.4516098e-01  -2.1879627e-02  -1.5666296e-01  -5.5315390e-01   2.9952996e-01   2.0215378e-01   2.2782413e-01   3.4773521e-01   6.3831075e-01   7.2985716e-02  -4.4728304e-01   2.1320860e-01  -2.0223427e-01   9.4887580e-02  -2.9753940e-01  -6.6767829e-02   3.7665652e-01   4.2484054e-02  -2.3628464e-01   1.5349158e-01  -9.2088696e-02   6.2036350e-02   9.8041879e-02  -1.1599243e-01   3.4743850e-02  -7.6162842e-02   1.3055712e-01   1.3324949e-01  -4.1808033e-01   1.3574270e-01   6.9519240e-01  -2.5463242e-01   3.5305062e-01  -9.1697677e-02   4.8912800e-01  -3.4755457e-01  -2.5033890e-01   2.2906521e-02   2.7415374e-01  -3.7849420e-01  -3.6697218e-01   6.5849912e-01   3.9722309e-03   1.0052967e-01  -1.2361015e-01   1.0691764e-01  -7.7956118e-03  -2.2974869e-01   1.1978984e-01  -2.6249586e-01  -4.5686824e-02  -5.4046389e-01  -1.1667924e-01  -1.4170773e-04  -1.6278256e-01   1.6464740e-01  -5.4177853e-01  -9.1668804e-02  -1.8661586e-01  -1.0196529e-01   4.3981468e-01   2.3023909e-01   5.4777211e-01   3.8935459e-01   5.0666339e-02   4.6937513e-01  -7.1575327e-02  -5.8044546e-02  -1.6212543e-01   2.4038118e-02   4.2386651e-01   3.4063679e-01   1.6173453e-01  -1.7375418e-01  -2.1183790e-01   5.7922498e-01  -4.1069466e-01   9.8406567e-02  -1.9680332e-01   4.8899813e-01   1.3700664e-01  -2.2831909e-03  -4.4449077e-01  -4.6440113e-01  -1.8627503e-01   1.9626973e-01   4.1022185e-01   3.2202835e-01  -4.9738345e-01  -5.8953642e-02   6.0665897e-01  -2.1436969e-01   9.3095372e-02  -1.2568062e-03   2.8825704e-01  -3.9778924e-01  -3.2937683e-01  -3.9435436e-01   5.7776532e-01  -2.3959857e-01  -1.8503889e-01  -3.6765164e-02   2.2835012e-02   1.4808417e-01   7.4216957e-01   5.0406334e-01   2.2762594e-01   1.9262488e-01   2.7018029e-01   5.4365856e-01  -1.4694833e-01   3.0818524e-01   1.1649546e-01   2.0671601e-02  -1.7014091e-01   3.3417327e-01  -3.5835893e-01   2.2680105e-01   8.9151227e-02  -1.1565933e-01   1.0151419e-01  -2.4171121e-01  -8.4934468e-02  -1.3864420e-01   2.1483003e-01  -2.8147713e-01  -1.2882342e-01   5.0858919e-01   2.3108545e-01   4.9989615e-02  -1.5518304e-01  -1.9337948e-01   5.5952377e-02   2.0126920e-01   6.8510146e-01  -2.9870669e-01  -1.7832888e-01  -1.6001238e-01
  -1.6640781e-01   1.1119401e-01   3.4612838e-02   1.9469787e-01   1.1730443e-01  -2.0491803e-01  -2.4696439e-01   0.0000000e+00   1.8100790e-01  -2.5105368e-01  -1.2918786e-01   1.3341319e-01   1.3539428e-01  -2.0851413e-01  -1.3145111e-01   1.9157735e-01   6.8023722e-02  -2.2371748e-01   1.1339529e-01   5.9460353e-02  -3.2112001e-01   1.3206239e-01  -1.0583855e-01  -2.6411065e-01  -5.6964871e-02   2.1730915e-01   4.2769220e-03   5.3459833e-02   2.0740448e-01  -2.4567868e-01  -1.8439988e-01   1.4562174e-01   8.3653446e-02  -2.3720311e-01   1.1906951e-01  -1.3513641e-01  -3.3125777e-01  -4.5449970e-02  -6.4505787e-02   6.8295068e-02   1.7598645e-01  -3.5701493e-02   1.2678504e-01   5.3203271e-01  -1.2148970e-01  -3.4391604e-01  -1.8854493e-01  -2.7613534e-01  -2.9164311e-01   1.3877276e-01   1.4639420e-02   7.1357104e-01  -1.1144611e-02  -9.4640872e-02  -1.8573555e-01   2.5028652e-01   1.5009691e-01   9.5691059e-02   2.0198906e-01   1.4789865e-02   7.8200733e-02  -2.4749629e-01   7.3214152e-02  -8.0262751e-02  -9.1033552e-02   4.7880971e-02   3.3017302e-02   6.5339144e-02   2.1890542e-01  -3.2486806e-01   9.4029378e-02  -1.7034149e-01   6.6064171e-02  -3.5489136e-02  -4.7984368e-02   1.7624030e-01   9.7300850e-02  -9.6265808e-02   2.0740930e-01   4.2104491e-02   1.5272791e-01   1.0730099e-02  -8.9340453e-02   5.4971471e-01  -2.2278247e-01   5.9637432e-02   3.4202627e-03  -2.0367688e-01  -1.1321448e-01  -3.2592715e-01   5.9241430e-02   1.7166304e-01  -1.8715598e-02   1.6067728e-01  -1.9440353e-01   5.6798783e-02  -1.0786069e-01   5.9904251e-02   4.9016905e-02  -2.7854479e-01  -1.3467045e-01  -2.2317152e-01   3.0292708e-01  -6.9185132e-02  -2.3860941e-01   4.8380023e-02  -1.9430965e-01   6.2166511e-01  -1.3692444e-01  -1.5315839e-01  -1.2847882e-02  -4.1420887e-03   2.2537174e-02  -1.8969522e-01   4.5136791e-02   4.8028370e-02   4.8083125e-01   2.5036226e-01   1.4790386e-01   2.5377916e-03  -9.0755466e-02   1.6891201e-01   1.4633481e-01  -2.8527264e-02  -2.1096399e-01  -3.8135223e-02  -1.2143273e-01   1.1379950e-02   3.5712694e-02  -3.4114917e-01   2.0861251e-01  -1.0093157e-01  -6.5258879e-02  -2.5183196e-01   8.9808403e-03   5.4290792e-01  -9.4659713e-03  -1.0718935e-01   1.5493538e-01  -9.2376620e-02  -2.9111741e-01   3.6519325e-02  -1.4414026e-01  -2.6111388e-02  -2.3444399e-01   1.0992683e-01  -2.3612356e-02  -3.4319619e-01  -2.3318826e-01  -7.8191364e-02  -9.8811122e-02   6.8429532e-01  -1.4112882e-01   5.6113766e-02  -3.9320965e-02  -4.1078488e-02   4.0747164e-03   4.8189142e-02   2.6872821e-02   5.4580003e-01  -1.5926371e-01   7.4303779e-02  -7.9866022e-02  -7.2035597e-02   2.3839488e-01   2.0181074e-01   2.2384031e-02   1.8041946e-01  -9.1642176e-02  -5.7686745e-02   6.9595554e-02  -9.5507570e-02  -2.2698116e-01  -1.4816361e-01  -1.4246830e-02  -1.2055602e-01   9.0455852e-02
  -2.2096484e-01   2.3802129e-01  -4.0530476e-01   2.6273174e-01   3.6071285e-01  -1.5931269e-01  -2.4441257e-01   1.8100790e-01   0.0000000e+00  -2.3309773e-01  -1.2021575e-01  -7.9007061e-02  -5.3176410e-02  -3.8401893e-01  -3.9638557e-01  -1.8588473e-01  -1.7138496e-01  -1.4409692e-01   9.6209131e-02   1.4912571e-01  -1.0081478e-01   3.0112576e-01  -2.1864771e-01  -1.2755598e-01   8.2456953e-03   4.1714570e-01  -2.6594550e-02  -1.9952025e-01   2.8108097e-01  -2.1752467e-01  -2.2188782e-03   2.0260270e-01  -1.1535090e-01  -1.1874341e-01   3.6658429e-01   8.3950640e-02  -2.2911302e-02  -2.2125254e-01  -1.6665498e-01  -1.2988729e-02   1.7930926e-01   3.4169295e-02   3.4084907e-01   2.6153923e-02   1.6849761e-02  -4.2383545e-01  -3.8913215e-02  -1.5082779e-01  -1.6121846e-01  -1.5941159e-02   3.8046424e-02   2.3793854e-01   1.9870703e-01  -1.4784417e-01  -1.6885336e-01  -7.5105795e-02   2.1500953e-02   4.7533910e-01   2.1644535e-01   4.2514554e-01  -1.6745655e-01  -2.0497099e-01   3.5622263e-01   3.0937136e-02   2.1826780e-01   4.1197043e-02   3.9007168e-02  -5.7683396e-03   2.5076941e-02  -5.0532841e-01   2.5773553e-01   4.8405015e-02   3.1464881e-01  -3.9309268e-01   2.9737409e-01   3.8859826e-01  -2.5011436e-01   1.6139649e-01   2.7599045e-01   1.8542059e-01  -9.3896525e-02   1.1020390e-01  -8.9614240e-02   3.5845653e-01  -3.8798268e-01   9.1849019e-02   2.2896565e-01  -1.7506190e-01   3.7008807e-01  -3.4317240e-02   1.7883579e-01  -1.8807263e-01  -6.0375546e-02   6.0359670e-01  -3.7989059e-01   3.0873889e-01   1.7082653e-01   6.4493090e-02   1.1377838e-01  -8.9956901e-02  -1.7393297e-01  -3.5389096e-01   3.8030999e-02   2.0471812e-01  -1.1972196e-01   2.7255737e-01  -9.8101099e-03   1.8152533e-01  -1.8199097e-01  -7.7648314e-02  -1.2125273e-01  -6.0837498e-02   1.5869682e-01  -2.7350198e-01  -2.9114262e-01   2.3578682e-01   2.9863116e-01   2.1058459e-01  -2.1097972e-01   1.7807708e-01  -1.6882245e-01   3.6314081e-01   3.2823405e-01   1.7491068e-01  -2.8822879e-01  -4.0416344e-01  -3.4269837e-01   1.9873322e-01   4.9735519e-01  -4.8955428e-01   9.0696595e-03   1.2864805e-01  -2.3172909e-01  -2.0743057e-01   6.1005504e-01   4.1425584e-01   2.3383142e-01  -3.1572367e-01   2.8904395e-01  -1.4887936e-02  -1.8670191e-01   1.7756726e-01  -1.1223807e-01  -2.0845031e-01  -4.1156454e-01   4.9840179e-02   2.5731946e-02   9.8936406e-02  -3.5513455e-01   2.0657347e-01  -2.6627941e-01   1.5659843e-02  -1.6823315e-01   2.1622670e-01  -2.4829965e-01   1.3824172e-01  -2.4211637e-01   1.1265722e-01  -4.4908346e-02   8.9496545e-03   1.0552321e-01   5.7769672e-02   1.9462188e-01  -3.1167084e-02   2.1433300e-01   1.2148692e-01   1.2252606e-01  -1.0816941e-01  -1.3798953e-01   1.3045952e-01  -7.1508243e-04  -1.8671885e-01  -5.4863617e-02  -2.6709811e-01   1.3456897e-02  -1.1294211e-02   4.0906270e-01
   2.0245643e-01  -4.1946137e-01  -1.6997590e-02  -2.1622175e-01  -2.6075317e-01   1.3779975e-01   4.1681418e-01  -2.5105368e-01  -2.3309773e-01   0.0000000e+00   2.6724709e-01  -4.1804263e-02  -7.8176969e-02   8.5798615e-02   5.5047374e-02  -3.2478932e-02  -2.3094802e-01   2.7271450e-01   1.9749119e-02   1.1517554e-01   1.6227757e-01  -1.0859712e-01   4.3807049e-01   1.3740269e-01   5.8881946e-02  -2.6839294e-01  -1.5837371e-01   1.4036606e-01  -8.3057807e-02   2.3672832e-02  -3.9315790e-01  -1.2159289e-01  -1.4388065e-01   4.6899228e-01  -8.4102216e-02   1.7280110e-01   4.3687427e-01   3.2560031e-02  -1.7761950e-04  -5.6610730e-02  -9.5199953e-02  -2.6801885e-01  -1.0477734e-01   2.6564688e-02   2.7567870e-01   7.3120757e-02   2.8614726e-01  -2.3699728e-02  -4.1451844e-02  -1.4161300e-01   2.5657890e-01  -2.2062622e-01  -2.4545580e-01   9.1473537e-02   6.5944162e-02   1.7592782e-01   5.1648515e-02  -3.0218441e-01  -2.7183793e-01  -3.7734159e-01  -9.8717588e-02  -3.0457241e-02   2.6125786e-04  -3.5118794e-01  -4.2022002e-01   3.9508198e-01  -1.2084880e-01  -1.3008146e-01  -1.6245888e-01   3.1620934e-01  -3.4999026e-01   2.5680481e-01  -1.6540719e-01  -1.9468085e-02  -1.4162023e-01  -3.0005925e-01  -9.7402646e-02  -4.2078962e-04  -2.1545458e-01  -2.4898129e-01   1.3434413e-01  -4.7742778e-02   6.0429215e-02  -2.0300056e-01  -1.2277404e-01  -1.0793938e-01  -4.8736884e-01   5.9279238e-02  -1.6387138e-01  -7.1743431e-02  -9.6850664e-02  -1.8117338e-01   1.4715734e-02  -2.4004091e-01   9.4483801e-02  -1.2025958e-01  -1.9597670e-01  -2.9787845e-03  -8.1793055e-02   5.3605963e-01  -1.8571300e-01   2.8691586e-01  -1.7203761e-01  -2.1475320e-01   2.2136420e-01  -1.9921519e-01  -2.3661896e-02  -2.5790846e-01   2.5484679e-01   2.7668247e-01   2.2967748e-01  -1.0103070e-01  -1.0050141e-01   1.7776014e-02   2.5960759e-02  -3.5877671e-01  -9.5156662e-02  -8.1225572e-02   1.5049453e-01  -8.7511814e-02   5.4024976e-02  -2.8938034e-02  -2.7436960e-01  -5.0481733e-01   2.8680986e-02   1.4113539e-01   7.9487093e-02  -3.3809675e-02  -1.3928666e-01   2.3135642e-01  -1.2169406e-01  -1.0636577e-01  -1.7266608e-01  -2.9411333e-02  -2.1402720e-01  -5.0716484e-01  -1.0675564e-01  -8.9951838e-04  -4.5852809e-01   3.2536016e-02   1.9854312e-01  -1.6551096e-01   5.0029275e-02   2.6566702e-01   2.9448104e-01  -2.0470750e-01   2.6947826e-01   2.8167237e-01   5.6671660e-01  -4.6845017e-01   2.7690221e-01  -2.1776768e-01  -1.4646253e-02  -1.4781473e-01  -5.1712774e-02  -2.6417461e-02   1.2724738e-01  -9.9263529e-02  -1.5253443e-01  -2.7375523e-01  -7.0820249e-02  -1.5777655e-01   1.0581268e-01   1.2953375e-01  -2.8071548e-01  -1.7916101e-01   2.9626416e-01  -2.0250987e-02   8.7039203e-02  -3.0330133e-01   1.6569328e-01   1.9204922e-02   2.0743058e-01   3.6900455e-01  -1.7436804e-01   3.0458606e-02  -2.5598117e-01
  -1.9201084e-01  -1.4558282e-01  -1.8382708e-01   5.5136344e-02  -8.5968657e-02   4.1796949e-01   4.6825041e-01  -1.2918786e-01  -1.2021575e-01   2.6724709e-01   0.0000000e+00  -2.3381002e-01   4.3358603e-02  -1.6749810e-01   2.3826933e-01   6.7640335e-02  -1.5802785e-01   3.9921673e-01   1.2682204e-02  -1.0868044e-01   3.0129885e-01   6.8030077e-02   1.9459955e-01  -3.4129354e-02  -9.6756886e-02  -6.8429805e-02   5.4724298e-02   2.7713952e-01  -2.0775673e-02   2.3954073e-01  -8.1740833e-03  -1.1322191e-01  -7.8823032e-02   2.8335864e-01  -2.9765477e-01   2.3427691e-01   3.5927903e-01   1.5976027e-01   4.9130694e-02  -2.1998843e-01   9.8692632e-02  -2.6174232e-01  -3.3497212e-01   3.0387867e-01   7.1080307e-02   9.2195427e-02   5.3937848e-01   3.3289278e-01  -9.5231077e-02  -3.7924520e-01   2.6141756e-01  -3.0621789e-02   2.5271618e-02  -3.8869854e-01  -1.5460358e-01   4.9233245e-01   1.6958265e-01  -2.2703089e-01   1.2031905e-01  -3.4622247e-02   4.5896190e-02  -1.0872901e-01  -1.1169515e-01   2.5264592e-01   4.7500792e-02   2.0445160e-01   2.8885769e-01  -3.6382172e-01   3.5568454e-01   3.3285270e-01  -1.6920068e-01   4.3428991e-01   1.2306269e-02   3.2695733e-02  -2.2387987e-01  -2.1584953e-01  -8.3307427e-03   4.2591569e-01  -1.1221631e-01  -2.1432639e-01   3.4876051e-01  -6.7585812e-02   9.4281201e-02  -5.6695704e-02  -2.5863095e-01  -1.6787280e-02   2.1572873e-02  -8.6966141e-02  -1.9054046e-01  -1.5462793e-02  -3.1245494e-01  -1.0431868e-01  -1.7577927e-02  -1.3275779e-01   1.3091747e-01  -1.6221164e-01   5.5753868e-02   3.0599314e-02  -9.9481720e-03   7.9657415e-02   1.2516108e-01   4.9936353e-01   8.1839352e-02  -1.2588459e-01   3.9410700e-01  -2.2116213e-01  -1.9215470e-01   1.3877702e-01  -2.1370872e-01   4.0377079e-01   1.6035096e-01   8.7199290e-02  -1.8746677e-01  -1.1906717e-01   1.4093367e-01  -3.0293543e-01   2.3878814e-01   2.7912338e-02   2.3176452e-01   5.5056639e-02   1.3086616e-01  -1.8172910e-01  -2.9019180e-01  -3.5052842e-01   1.5952343e-01  -2.8387258e-02   1.2854434e-01  -2.2283452e-01  -1.4545820e-01   2.4403553e-01  -5.9645543e-02   2.3258764e-01  -2.6466574e-01   2.4716453e-01  -2.0344307e-01  -2.2295103e-01  -2.6920756e-01   2.9521843e-01  -3.1023198e-01  -1.4680589e-01   2.1513065e-02   2.4389919e-02   5.1957615e-01   3.3478613e-01   3.4808329e-01   8.4667008e-02  -6.3894514e-02   3.8361116e-01   5.3725879e-01  -1.5088152e-01   3.5791138e-02  -2.5324825e-02   5.6201519e-02   3.0995164e-01   1.3485047e-01  -1.4906784e-01   2.2642092e-01   2.2153978e-01   1.9984866e-02  -3.1510129e-02  -1.0740529e-01   4.3958544e-01   8.2876485e-02   7.7040347e-02  -1.5887804e-01  -6.4043397e-02   3.3038844e-01  -7.9363173e-02   8.0669532e-02  -3.1538074e-03  -2.3113861e-01   3.0798290e-02   1.8182703e-01   1.6365137e-01  -2.9612201e-01  -9.2969331e-02  -8.9734371e-02
   1.3624996e-02   4.6443270e-01   5.3162925e-01  -1.2259258e-01   3.2053877e-01  -8.9619812e-02   1.8829867e-02   1.3341319e-01  -7.9007061e-02  -4.1804263e-02  -2.3381002e-01   0.0000000e+00  -8.2328011e-02  -2.2217807e-01   1.4744529e-01   2.3607951e-01   4.1155642e-01  -2.6203345e-01   5.7559453e-02   4.5251655e-01  -2.1647171e-01  -7.2275364e-02   2.4301370e-01  -2.5867086e-01  -3.0368075e-01  -9.4392011e-02   2.4936182e-01  -2.2179405e-02   1.8241789e-01  -3.5910938e-02  -1.4348676e-01  -1.3806634e-01   1.5278219e-01   3.4906346e-01   5.4212020e-01   3.0476414e-01  -1.2401808e-01  -8.5286208e-02   3.1459649e-02   4.1200786e-01   2.7725407e-02   3.3025952e-02   2.0103139e-01  -1.1524040e-01   1.0366034e-01  -1.0862061e-02  -7.4156712e-02   2.2964158e-02  -2.7455147e-01   2.3345384e-01  -2.8824156e-02  -7.3807963e-02   2.0568841e-01   1.1469766e-01  -3.0469913e-01  -1.8330283e-01  -1.6739106e-01  -1.5580695e-01  -1.4531571e-02  -1.4134386e-01   7.6289941e-02   1.8253561e-01  -1.0791537e-01  -4.8377018e-02  -1.1309180e-01   3.4290129e-01   5.4612488e-02   4.3760539e-02  -1.1866356e-01  -1.0247014e-01   3.6873065e-01  -1.4290915e-01   1.5820965e-01   2.7224725e-01  -7.5596893e-02  -6.3005342e-03   1.5341191e-01   4.7130321e-02   3.2319451e-01  -2.2708999e-01  -1.6215729e-01   8.7851569e-02  -5.5565051e-02   3.0037882e-02   2.5024717e-01  -6.8406380e-02  -8.5477429e-02  -8.0518506e-02  -1.1584198e-01  -1.7203475e-01   2.2432951e-01   2.0570848e-01   3.6410835e-01  -1.1889062e-01  -1.6259718e-01   1.4976151e-01  -2.1412018e-02   5.9526621e-02   2.1211465e-01   4.9424533e-03   8.4627657e-02   3.2281829e-02  -1.8172918e-01   1.2971245e-01  -2.2903007e-01   1.9033312e-02   6.4135760e-02   5.8185122e-02   2.6878558e-01  -1.6247169e-01   2.5586574e-01  -1.0170570e-01  -2.8543838e-01  -4.1613426e-02  -2.7797263e-02   1.4571052e-01   1.2386545e-02   1.6400716e-02  -8.5232814e-02  -9.3565076e-02  -8.6352698e-02   2.9064631e-01   1.2807142e-01   1.8401192e-01   7.9240311e-02   1.2858524e-01   1.8125528e-01  -1.6273197e-01  -9.7677423e-02  -8.5946157e-02  -5.8336386e-02   2.2440606e-01   1.9333494e-01  -2.6747706e-01  -7.5190213e-02  -3.9299367e-02  -8.6848452e-02  -1.2255567e-01   1.6548047e-02  -3.0529880e-02  -4.3324177e-02   3.3628431e-01  -1.8169830e-01  -4.4533620e-02   6.6686321e-03  -1.4682634e-01   5.3979783e-01   3.4443332e-02  -8.9125655e-02  -4.9592998e-02   2.5708166e-01  -1.0350748e-01   1.5269436e-03  -4.2569540e-02   3.6088168e-01  -1.2021994e-01   1.5461166e-02   1.5236288e-01   1.2197443e-01  -1.9056034e-01  -8.2501693e-02  -9.5128609e-02   1.0879529e-01  -1.7624305e-01   6.0253119e-03   4.0379999e-01   2.4491362e-01  -5.0007456e-02  -4.0030953e-02   7.6219438e-02   4.0875200e-01  -4.1326111e-02  -1.7304066e-01   1.1689386e-03  -3.7439629e-02   2.0513903e-02  -1.0112100e-02
   1.7324872e-01  -3.1065551e-01  -4.9864378e-02   2.1964018e-01   1.5717167e-02   2.0397796e-01  -1.4942353e-01   1.3539428e-01  -5.3176410e-02  -7.8176969e-02   4.3358603e-02  -8.2328011e-02   0.0000000e+00   8.2035748e-02   3.1588045e-02   1.7387634e-01  -1.3095190e-01   4.1358110e-01   1.3444001e-01  -3.4044631e-02  -6.0450980e-02   1.6219629e-01  -1.0201104e-01   1.3861409e-01   1.7463556e-01   1.8984092e-01  -3.0764033e-01   1.4467837e-01  -5.1530216e-02   1.0892847e-01  -6.8694194e-02   3.9459367e-01   1.8201715e-01  -2.0586104e-01  -2.4531223e-01  -1.7758721e-01  -2.8147766e-02  -1.3875328e-02   2.2976727e-01  -2.7503061e-01   7.1180057e-01   2.1167875e-01   1.7907853e-01   7.4358027e-02   4.5512523e-02  -1.9168232e-01   3.0550039e-02  -2.4856767e-01   1.9505418e-01  -1.2148508e-01   3.9778266e-01   1.6080117e-01  -2.9839718e-01   1.6360453e-01   2.9150264e-01   2.4371654e-01   1.8596892e-01   9.3731465e-02   2.4665916e-01   1.6570401e-01   1.4274243e-01   5.4162984e-02   1.7494191e-01  -8.7234273e-02   1.1348651e-01  -1.1391443e-01   1.6773403e-01   3.1288378e-01   7.9364805e-02  -1.1283294e-01  -2.6899274e-01   1.0353338e-01   3.7558123e-01  -1.6758711e-02   1.4445327e-01   2.1517952e-01   5.7690627e-03   3.2355602e-02  -1.3879582e-01   4.2750124e-01  -5.1263367e-02   3.5387255e-01   1.0412256e-01   1.9911937e-01   1.1339507e-02   3.9047152e-01  -1.2080207e-01   4.9843721e-02   3.5428922e-02   3.3323306e-02  -3.1485227e-02   5.3008383e-02  -2.3210952e-01   2.2517398e-02   1.0794688e-01  -9.9633075e-02   1.5486536e-01   2.2215229e-01   3.8273674e-02  -2.5435116e-01   6.8212179e-02   1.0423972e-01   8.5501296e-02   1.5546373e-01   1.7771337e-01   2.4728422e-01   7.7635546e-02   2.0411037e-01  -7.4121240e-02  -4.6702505e-02  -1.3403732e-02   3.6418626e-01   2.2802227e-01   1.3667718e-01  -7.3725016e-02  -8.0585079e-02  -3.4255424e-02   5.2856481e-01   2.1987640e-02   2.0640734e-01   1.0946779e-01  -8.0108645e-02   3.5707784e-01  -1.3894746e-01  -8.4045199e-02   2.3523090e-01   5.4428628e-02   3.3836342e-01   1.3124702e-01  -2.6695789e-01   3.4069967e-01  -2.8675128e-01   3.4841737e-01  -7.3452161e-03   7.9577356e-02   1.4378786e-01   3.1826625e-01  -1.3467848e-01   4.7929108e-02   6.6620375e-02   7.8658993e-02   1.7414378e-01   9.0277578e-02  -5.0599091e-02   5.4372975e-02   1.1787045e-01  -3.0679225e-01  -2.2410440e-01   1.1769007e-01  -1.7669087e-01  -2.6570144e-01   1.2631357e-01   1.4641337e-01   1.1454360e-02  -2.5135803e-01   1.3991430e-01   1.3884533e-02   3.1902347e-01  -3.4695742e-03   1.9808599e-01   9.3277353e-04   1.0513795e-01   3.5331338e-03   2.9636230e-01   3.0144644e-01  -2.3017661e-01  -2.2551561e-01   1.1598873e-01   4.3432637e-02  -4.6365762e-02  -2.0305463e-02  -7.0867355e-02   2.8900891e-01  -1.0667958e-01   2.8173875e-01   2.1127798e-01   1.3368075e-01
   4.5932866e-01  -4.3144303e-01   4.8141032e-02   1.3676123e-01  -4.7361385e-01   1.4708426e-01   2.4571099e-01  -2.0851413e-01  -3.8401893e-01   8.5798615e-02  -1.6749810e-01  -2.2217807e-01   8.2035748e-02   0.0000000e+00   3.1987243e-01  -4.4079965e-02  -1.6291580e-01   4.3793542e-01  -6.7806517e-02  -3.2278055e-01   2.9097656e-01  -1.4480611e-01  -2.9000239e-01   3.2253592e-01   3.8825074e-02  -1.9952169e-01  -3.1010638e-01   2.0160246e-01  -2.1192268e-01   3.6232679e-01   6.6514998e-02  -1.3564870e-01  -3.5780230e-02  -2.3012887e-01  -2.8998605e-01  -4.0595644e-01   2.3969906e-02   1.8832357e-01   1.3415535e-01  -4.0490640e-01   5.2488544e-02   9.8255197e-02  -2.7595552e-01   8.8485680e-03   1.4840851e-01   3.4556988e-01  -5.6348877e-02   1.7613414e-01   5.2875186e-01  -9.7402612e-02   9.1118086e-02  -1.9068522e-01  -3.6236695e-01   2.0150783e-01   5.6718720e-01  -3.9565865e-03  -3.6107974e-03  -2.2392870e-01   2.2042050e-01  -3.2544741e-02   1.7291880e-01   2.6674664e-01   3.5456197e-02  -1.0419070e-01   7.8543553e-02  -2.7466639e-01  -2.2299814e-01   4.1765695e-02  -5.1070606e-02   4.7607708e-01  -5.3654073e-01   1.5365683e-02  -2.8153821e-01   4.1411005e-01   1.6364463e-02  -1.8251213e-01   1.6132834e-01  -3.2645734e-01  -5.4160078e-01   1.5158969e-01   1.3461487e-01  -1.0118200e-01   2.9453177e-02  -3.0574424e-01   5.3380521e-01  -4.3180282e-02  -2.4508911e-01   4.2961312e-01  -2.1674372e-01   3.2077456e-01  -2.9085676e-01   9.5636215e-02  -2.1443316e-01  -8.9820905e-02   4.5542297e-01  -4.0611657e-01  -7.4238471e-02  -2.9738683e-01  -4.6747095e-02   1.0653724e-01   2.3855955e-01   1.4631630e-01   1.7538481e-01   1.2309487e-01   3.4395661e-01   1.3577506e-02   3.5336624e-01  -4.2899496e-01   7.8154098e-02   8.0047733e-02  -9.7840828e-02   1.7830476e-02   1.8178065e-01   4.2206960e-01   4.3598688e-01  -4.0247159e-01  -4.1062629e-01  -1.5838007e-01   4.0781600e-01   4.6095591e-02   2.0002120e-01  -5.0737549e-01  -1.6002546e-01  -6.2855507e-02   1.2795911e-01   6.2741289e-01   2.5124464e-01   2.1541566e-02  -2.4639100e-02   4.5400600e-01  -5.4129393e-02  -4.3546610e-01   4.0849865e-01   2.8520128e-01  -2.0681919e-01  -3.0912246e-01   5.4924726e-02   3.1497533e-01  -1.5047354e-01   3.2103632e-01   3.9147598e-01  -2.2024312e-01  -4.0972109e-02   2.9091290e-01   4.5448772e-01   3.3390133e-01  -3.0866023e-01  -3.1907774e-01   1.7391467e-01  -2.4142443e-02   1.0365418e-01   1.4149951e-01   3.6774878e-01  -4.5898761e-01  -6.3940410e-02   1.0399989e-01   1.9340601e-01   4.3408697e-02   1.4141801e-02   3.1511810e-02  -2.2713419e-02  -3.6873687e-01  -2.4202625e-01   3.8703508e-01  -1.7507933e-01  -4.3053615e-01  -2.6496161e-01   1.1934655e-01   3.4960000e-01  -1.7703038e-01  -2.5204052e-01   9.4531761e-02   3.8194466e-01   2.9061481e-01   2.2277763e-01   6.0338314e-02  -2.0269572e-01
