   0.0000000e+00  -4.1468536e-02  -7.1758517e-03  -2.3852943e-01   1.6565243e-02  -2.1221098e-01  -1.5351500e-01  -9.3253811e-02  -3.7621879e-01   2.9843678e-02  -2.3301645e-01   4.1221850e-02  -1.3953681e-03   6.5375243e-01  -1.2902427e-01  -1.9553273e-01  -5.0193229e-02  -3.4961468e-01   5.4466705e-02  -1.1464625e-01  -1.3120546e-01  -4.1637079e-01  -8.8741121e-02   6.0905164e-01   2.1157063e-01   2.7695857e-02  -2.8581549e-01  -9.4397609e-02  -8.4945501e-02  -2.5606295e-01   9.3072957e-02  -3.3852303e-01  -8.4345630e-02  -4.7228191e-02  -2.0933217e-01  -1.8000848e-01   5.3748353e-04   1.6533955e-01  -2.9634342e-01   2.5570988e-01  -6.2443226e-02  -1.3503558e-01  -1.5753482e-01  -3.9430608e-02  -2.4033185e-01   3.1526019e-01  -2.9398063e-01   4.8108505e-04  -1.5485443e-02   9.6889616e-02  -2.5503095e-01  -1.5557092e-01   4.1199366e-02   1.2251613e-01   2.6024929e-01   1.9995125e-03   9.1209172e-02  -3.5989430e-01  -9.9900736e-02  -1.3687036e-01   7.8892442e-02   9.1355419e-02  -9.8963156e-02  -1.8670288e-01   5.2165886e-02   4.7159749e-02  -2.6114235e-01   2.7861004e-02  -4.2251237e-01  -1.9343950e-02   1.6713873e-01  -2.6442944e-01   2.0902546e-02   3.1901817e-01   5.5587553e-02  -1.2124581e-01   2.1808390e-01   4.1951814e-02  -1.2644075e-01  -1.1477583e-02  -3.1328926e-01   7.1481636e-03   7.5659715e-02  -1.8699041e-02   1.9584670e-01  -1.7071070e-01   4.0103664e-02   5.0790017e-01  -3.1572435e-02   4.2428081e-01   1.3667056e-01   6.5925101e-02  -7.2868779e-03  -4.2437029e-01   3.6512863e-02  -1.3587906e-02   2.7943022e-01   4.7785678e-03  -5.7662387e-02  -1.0172090e-01   4.2598940e-01  -4.6535304e-02  -2.3555346e-01  -3.0156849e-01  -2.9981287e-01  -2.5848190e-01   2.0328902e-01  -2.9738626e-01   7.2297734e-02   1.2553671e-01  -5.9691272e-02  -1.9787433e-01  -1.0026467e-01   7.3359374e-01   1.9110293e-01   1.0446523e-01  -2.5075648e-01   4.4439985e-02   2.3101409e-01  -1.7494286e-01   1.7818102e-01   1.2829828e-01   3.8963849e-02  -1.1808017e-03   1.6864038e-01   1.7956625e-01  -1.0721382e-01  -1.4023767e-03  -4.1074359e-01   8.7421919e-02  -2.2888570e-01   4.9361419e-02   1.8092585e-01   7.6765231e-02   3.7420242e-02  -3.7454037e-01   1.7140203e-02   1.1977862e-01  -2.6528506e-01   4.3098008e-01   3.5033186e-01  -1.1236239e-01  -2.5132291e-01  -2.0834956e-01  -5.2963239e-02  -1.9204237e-01  -1.7893751e-02  -1.6492969e-03  -1.3433694e-01   8.8651445e-02   2.2198158e-01   6.7692457e-02   9.6076710e-02  -4.7224314e-02   9.0892534e-02   6.8447321e-01   2.3253992e-01  -8.9121355e-02   7.2917249e-02  -1.4222103e-01   1.6616952e-02  -2.9999476e-01   8.0343021e-02  -3.0439253e-01  -3.2944796e-01   1.5075316e-01  -4.2010425e-02   8.6632283e-02   1.4659949e-01   1.3389002e-01  -1.1419267e-01   1.1217162e-01  -2.2760185e-01   1.5836574e-01   1.9488572e-01  -2.7079090e-01  -4.7120054e-01
  -4.1468536e-02   0.0000000e+00   1.5941681e-01  -1.9320003e-01   4.6901147e-01  -1.2904695e-01   1.3785881e-01   8.6148166e-02   1.6146442e-01   3.4314255e-01  -2.2185670e-01   5.7865144e-01   7.8132010e-02  -2.0777530e-01   2.6907336e-01  -1.3453851e-02   2.2599599e-01  -7.7985042e-02   2.7285342e-01   4.8091504e-01  -3.6536816e-01  -3.6152233e-01  -2.6694138e-01   2.0210657e-02   3.6922315e-02   3.8381111e-02  -5.3466776e-02  -1.6316647e-01  -1.5367041e-02   1.1632587e-03  -4.6302249e-02  -3.9331339e-02  -1.5742794e-01   1.9928727e-01   1.8348786e-01   2.7544718e-01   3.3606475e-01  -1.2147481e-01  -5.8866135e-02   4.6777870e-01  -4.3930308e-02  -2.2139237e-01   4.1873868e-01   6.1875750e-02   3.2895516e-01   5.3016978e-02  -1.9302315e-01   3.6284724e-01   2.2718192e-01   3.8970166e-01   7.6793232e-02   1.5678723e-01   6.0891940e-01  -2.2661695e-01  -2.0871463e-01  -2.3719409e-01   9.0745389e-02  -1.1586392e-01   8.4009604e-02   2.4239539e-01   2.5580038e-02   4.0502877e-01   3.3868357e-01  -2.3131402e-01   4.8588230e-01   1.7778347e-01  -2.6970431e-02  -1.5789827e-01  -1.9239725e-01  -1.8823431e-02   5.4449051e-01  -1.7767052e-01   1.4365844e-01  -1.7630317e-02  -5.2383131e-02  -6.9657150e-02   2.7309208e-03   2.3907396e-01   4.2736908e-01  -1.8965602e-01  -4.6549564e-01   1.6669558e-01  -2.3765714e-01   8.0237241e-03   1.4657591e-01  -1.1004865e-01  -4.5496877e-02  -2.8823449e-02   2.6426900e-01   9.0011450e-02   4.5095086e-01  -8.7069383e-02   1.7372561e-01   1.7174087e-01  -2.0231289e-01   5.3724591e-01  -9.8314188e-02   1.7499908e-01  -1.2946754e-01  -6.7040806e-02  -5.4883905e-02   1.8096512e-01  -4.4930878e-01   1.4093402e-01  -6.0296510e-02   3.5239195e-02  -2.4622285e-02   8.2644881e-03   2.8523367e-02   4.5658542e-01  -1.4262320e-01  -2.4351475e-01  -4.1479367e-01   3.1367958e-02  -7.6717559e-02   6.0142915e-01  -1.7501940e-02   2.5214407e-01  -9.0506669e-02  -1.0251886e-01  -9.1919344e-02   4.9931981e-01   4.6969807e-01   2.2411114e-01  -5.6769274e-02   1.4815531e-01   1.9442726e-01  -1.0730352e-01  -2.0690926e-01   1.0252460e-01  -4.3893399e-02   1.0885940e-01   8.7596875e-02   5.7640584e-02   2.6843610e-01  -2.5192855e-02  -2.8294269e-01  -1.8269039e-01  -1.1844770e-01  -9.8121868e-03   5.3817495e-02   2.1183468e-01  -2.3447913e-01  -3.2960663e-01  -2.1570469e-01  -1.9730386e-01   1.6855269e-01   2.6463975e-01  -1.7642687e-01   2.5447864e-01   5.0726977e-02  -3.0087248e-01   1.9146096e-02   8.8791673e-02   4.5340361e-01  -6.4168465e-02  -1.3855771e-02   7.1595986e-02  -2.4736625e-01  -4.1471167e-01   1.3992872e-01  -1.0819584e-01   1.9918468e-01  -1.7003223e-01   9.4501500e-02   4.2731880e-01   3.2485908e-02  -8.8338335e-02  -1.6352338e-02   6.1243713e-01   5.1128811e-01  -1.1690197e-01   9.4933056e-02  -7.2165038e-02   3.5454878e-02  -3.3091964e-01   4.4998627e-02
  -7.1758517e-03   1.5941681e-01   0.0000000e+00   6.3621635e-02  -4.0529479e-02   3.4313701e-01   2.4041315e-02  -3.7416382e-02   9.9043577e-02  -1.5959477e-01  -1.5570885e-01   5.4828363e-01  -1.8925730e-01   2.1083580e-02   1.5479177e-01   1.3064647e-01   7.7776028e-01  -2.9590569e-01   4.9454295e-02   9.6891898e-02  -1.2140860e-01  -1.4321479e-02  -2.4055704e-01   9.3077013e-02   8.7427754e-02  -7.1579919e-02  -1.3771887e-01   6.4611058e-03  -1.7652352e-01  -2.0309139e-01  -1.1485910e-01   4.3175116e-02   5.7157112e-02   1.0923425e-01   2.1775984e-02  -1.5633059e-01  -4.2506104e-01   1.2578342e-01  -9.3577228e-02   3.0414777e-01  -2.8345731e-01   1.9149786e-01   1.0956828e-01   1.2702601e-02  -1.7867466e-01   4.7952958e-01  -1.5950694e-01  -1.2888497e-01  -2.3263933e-01   6.4067267e-01  -3.1552968e-01  -1.1738081e-01  -9.4180799e-02   4.6681051e-02   1.6994199e-01  -2.2922519e-02   1.6912688e-01  -6.0511881e-03  -1.0510523e-01   1.4469007e-01   5.8838307e-01  -5.4323265e-03   1.5509541e-01  -2.6379853e-01  -3.7576155e-01  -3.3383561e-01   5.3940904e-02  -2.3274581e-01  -6.5861593e-02   6.2934974e-01   3.9160779e-02  -2.3725709e-01  -8.0968763e-02   2.7391765e-01   1.2753023e-01   3.6972207e-01   5.5558798e-01   1.7203224e-01   6.4824852e-02   2.0379131e-02  -3.4796413e-02  -5.2375602e-02   9.2246482e-02   3.2635909e-02   3.4178527e-01   1.7680364e-01   9.4277003e-02   1.5065034e-01   1.6594068e-01   2.4663139e-01   1.2507697e-01   7.1503966e-01   4.9807141e-01  -1.4957176e-01   3.1836275e-01   1.8535977e-01   5.5893694e-02  -1.1022270e-02  -2.5622391e-01  -2.8084295e-01   1.5458207e-01   8.1826331e-02  -1.1668816e-01  -6.5711063e-02  -2.0414171e-01   1.6065652e-01   1.8966726e-01  -6.1534285e-02  -1.9704659e-01   1.1338853e-02   8.8605603e-02  -7.7079056e-02  -1.7272244e-01   1.4972669e-01   4.2719260e-01  -2.5751798e-03  -8.4368697e-03  -2.0861798e-01   3.5706401e-01  -7.9353038e-02   3.9123073e-01   2.1270072e-01   2.2392385e-01  -8.7754833e-02   3.9489259e-01   1.7976199e-01  -1.3329573e-01  -9.2807018e-02  -2.2756496e-02   4.4830683e-01  -1.0545045e-01  -5.0640384e-02   1.6685901e-01  -3.1396454e-01   1.7319777e-01  -5.5437431e-02  -2.1928080e-01   1.0481748e-01   6.6584588e-02   1.4787487e-01   1.3896520e-01  -7.5705188e-02  -3.8836162e-02   4.0623923e-01  -3.8539678e-02  -6.9807997e-02   5.1568140e-01  -1.0294079e-01  -2.0383139e-01  -3.4799615e-01   4.9302384e-01  -9.2185691e-02   3.7188275e-01  -1.0483814e-01   4.5897594e-01   1.9036482e-01   3.4916581e-01  -1.5306234e-01   4.8240113e-01  -2.7245061e-02  -2.9136681e-01  -1.3758673e-01  -2.1997508e-01  -2.5961335e-01   1.1358000e-01   1.9737864e-01  -5.3467944e-02  -1.6069736e-01   1.3978537e-01   3.6204863e-02   1.3767107e-02   2.3592981e-01  -5.0864911e-01   3.6495822e-01   2.0821530e-01   1.3891142e-01   2.5370284e-02
  -2.3852943e-01  -1.9320003e-01   6.3621635e-02   0.0000000e+00   9.2007275e-03   5.4267539e-01  -9.4587725e-03   3.2149300e-01   4.0585897e-01  -3.5840507e-01   5.2533033e-01  -2.5547960e-01   2.0310263e-01  -6.3525697e-02   1.9683663e-02   3.3926942e-01   1.4805554e-01   4.8269389e-01   2.1884269e-01   1.0256935e-01   4.3213363e-01   5.5605930e-01   1.7355099e-01  -1.3653750e-01   1.3664378e-01   3.7130582e-01   2.3821219e-01   3.1973426e-01  -2.1620185e-01   5.3610036e-01   2.0568739e-01   5.8628231e-01   3.5754126e-01  -1.1307263e-01   2.2709637e-01   2.1592422e-01  -6.1465221e-02  -2.6124936e-01   3.1701061e-01  -3.8715958e-01   4.0292915e-01   3.9132238e-01  -1.5576009e-01   3.6176994e-01   1.6101495e-01   1.5683166e-01   6.1551683e-01  -2.2841747e-01  -8.2208163e-02  -1.3562290e-01   3.9342406e-01   4.9099222e-01  -1.8362051e-01   2.3210625e-01   1.2112322e-01   3.6100099e-01   2.7826994e-01   6.5998890e-01   7.0095301e-01   5.1850056e-01   2.7784459e-01   3.7827902e-02  -1.1265572e-02   4.0363702e-01  -1.3968999e-01  -4.6841573e-02   5.2916389e-01  -1.3842356e-01   6.0688876e-01   2.2643667e-02  -3.4440151e-01   5.9790847e-01   5.7893181e-02   2.8733075e-02   2.4364730e-01   5.0101379e-01   1.8628024e-01   1.5805242e-01  -1.2497909e-01   3.8877826e-01   4.9711599e-01   1.4967766e-01   3.0925135e-01   3.8531749e-01  -9.4185846e-02   4.9066278e-01  -6.7486594e-02  -4.1937954e-02   3.8687991e-02  -1.6869354e-01  -1.6037163e-01   2.7530903e-01  -1.7079078e-01   2.5449449e-01   9.0089345e-03  -1.3101756e-01  -1.1611696e-01   2.2901811e-01  -2.8275688e-02   3.3759840e-03  -2.0789028e-01   2.7211004e-01   4.3327936e-01   4.5275567e-01   5.6317116e-01   5.8290560e-01   3.5065820e-01   5.3192926e-01  -2.8269177e-01  -1.2421379e-01   2.8086406e-01   5.4001781e-01   3.9801410e-01  -3.5148448e-01   1.5356968e-01  -2.4351150e-01   4.0838528e-01   1.5054114e-01  -2.7435451e-02   6.7312621e-01   5.0967521e-02  -3.3383802e-01  -1.3817148e-01   1.7278079e-01   9.7792274e-02   2.7232776e-01   1.4910135e-01   2.2700994e-01   5.3562387e-01  -9.1697042e-02   2.8634051e-01   1.3263602e-01   1.6335676e-01  -3.1344993e-01   2.2999879e-01   4.4642534e-01   1.8206513e-01   6.8054639e-02   4.8958333e-01  -3.0054846e-01  -2.4239136e-02  -1.9994058e-01   4.6115762e-01   1.5218249e-01   2.7346226e-01   5.2860875e-01  -1.0133861e-01   3.7477322e-02   3.4912806e-01  -9.0790804e-02   7.5094222e-02   4.3088449e-01   1.8520776e-01   2.7295785e-01  -3.7860232e-01  -3.3311302e-01   1.8476512e-01   4.6172587e-01   2.9397161e-01   3.9360203e-01  -1.2711984e-01   4.1773770e-01  -3.1424748e-02   6.8177361e-01   6.5868676e-01  -1.2871513e-01   2.0244040e-01   1.2838766e-01   1.4344733e-01  -1.3740054e-01  -1.6290630e-01  -3.4406541e-03   2.6731105e-01   5.1334909e-02   2.2134557e-01   3.6870507e-01   6.8432349e-01
   1.6565243e-02   4.6901147e-01  -4.0529479e-02   9.2007275e-03   0.0000000e+00  -1.2157546e-01   1.1573017e-01   4.6671568e-02   2.2098983e-01   3.4633523e-01   9.9611223e-02   7.5404426e-02   4.6375452e-01  -2.6599357e-01   3.2244533e-01   1.2961952e-01  -6.6665250e-02   2.7180486e-01   2.0565440e-01   7.9019753e-01   5.2910762e-02  -1.7409002e-01   9.9191877e-02  -1.0287342e-01  -1.1981087e-01   6.4708251e-02   1.3573184e-01  -8.3257006e-02  -9.1207497e-02   1.6625366e-02   1.8559239e-01   1.3880034e-01  -1.0891089e-01   1.4921144e-01   1.0998674e-01   7.3350877e-01   4.0082341e-01  -2.1510165e-01  -3.2337775e-02   1.8528283e-01   3.1465593e-01  -5.7780709e-02   3.6790125e-01   1.6723993e-01   2.7185845e-01  -4.3569015e-02   2.0157786e-01   1.1584929e-01   4.6151278e-01   1.5458306e-01   3.4018902e-01   2.6193718e-01   5.3574003e-01  -1.1834991e-02  -2.3646774e-01   7.3689392e-02  -1.3636398e-02   3.1846639e-02   1.9766132e-01   1.4810001e-01  -8.6513185e-02   5.0766598e-01   2.9726309e-01   1.2603956e-01   4.4341361e-01   4.5512575e-01   1.2828914e-01  -2.0640101e-01  -7.9163593e-03  -3.3471113e-01   3.3239488e-01   8.5813698e-02   3.6637823e-01  -1.8667229e-01  -7.0240667e-02   5.2622605e-02  -1.6236990e-01   1.8982356e-01   6.2914912e-01  -2.2966912e-01  -2.5215949e-01   3.1814933e-01  -4.0789652e-02   5.5666337e-02  -1.4963099e-01   1.9280438e-01  -2.2572643e-01  -8.7286880e-03  -6.1727759e-04   3.9715319e-03   6.6919773e-01  -1.3652635e-01   1.5075054e-01   2.6230067e-01  -1.8295371e-01   7.1791585e-01   1.1875062e-02   3.1673276e-01   1.7764516e-01  -6.4785429e-02  -1.8754840e-01   2.2613256e-01  -1.3617806e-01   1.0979316e-02   1.3263199e-01   7.2764554e-02  -5.2407627e-02   1.6655776e-01  -5.2751947e-02   5.4141188e-01   1.3125285e-01  -9.9996519e-02  -1.3921451e-01   4.2343052e-02  -1.8181329e-01   5.5334467e-01   2.0994993e-01   5.2378345e-01  -3.6197198e-01   9.2899707e-02  -2.6360046e-01   6.8780234e-01   2.4683055e-01   2.3138743e-01  -1.8431811e-01   1.3241033e-01   5.7034094e-02   6.7337307e-02   7.1463258e-03  -2.8623192e-01   1.8310164e-01   3.8924742e-01  -7.9805173e-02   3.1820249e-01   3.5824585e-01   1.0348551e-01  -1.3641559e-01  -2.2742638e-01  -2.7827335e-02  -2.0560403e-01  -1.0529948e-01   2.8821193e-01   4.3535253e-02  -4.5803910e-01   1.8811690e-02   5.4681628e-02  -5.7875326e-02   6.8647718e-01   2.2881464e-01   2.4995929e-01  -6.0609381e-02  -1.9083302e-01  -9.3630047e-02   3.9929600e-01   1.8273095e-01  -1.9693793e-01  -1.0172847e-01   1.3813365e-01  -1.9402446e-01  -2.4919114e-01   9.8380265e-02   8.8954403e-02   5.1992908e-01   9.3016383e-02   1.6171983e-01   3.9293489e-01   3.8061990e-01  -1.0821293e-01  -1.6460043e-01   5.6856540e-01   6.2379132e-01  -2.4792290e-01   3.2061834e-01  -3.2077461e-01  -1.1843548e-01  -2.2241517e-01   9.5922500e-02
  -2.1221098e-01  -1.2904695e-01   3.4313701e-01   5.4267539e-01  -1.2157546e-01   0.0000000e+00   1.0905481e-01   5.6559649e-01   1.8799338e-01  -1.0509360e-01   5.1649337e-01   5.9572536e-02  -5.0237919e-02  -1.2235539e-01  -2.6804511e-02   3.5649557e-01   2.5888137e-01   2.0644746e-01   7.4339459e-02   7.6117712e-02   3.7816222e-01   4.9533797e-01   1.8628867e-02  -3.0102368e-01   2.3298409e-01   2.3497405e-01   3.7576039e-01   1.4396951e-01  -2.0637300e-01   3.6928302e-01   6.3923272e-02   3.9656387e-01   2.5265969e-01  -3.2487391e-02   1.9426980e-01   6.9499173e-02  -2.6222031e-01   2.9431280e-03   2.8554354e-01  -5.9220759e-02   7.7908576e-02   2.2004517e-01  -1.2036164e-01   4.7805638e-01  -2.2478280e-02   1.2557589e-01   4.6142094e-01  -1.5195913e-01  -1.9873568e-01   8.4780816e-02   9.2747754e-02   4.0398996e-01  -1.0312635e-01   2.4832780e-01   2.4301533e-01   3.4836495e-01   8.9458556e-02   5.7302562e-01   3.8996161e-01   2.6478436e-01   1.8026265e-01  -1.4699515e-01   1.1023418e-01   3.1306063e-01  -2.5931135e-01  -3.0341566e-02   6.6441715e-01  -1.5165261e-01   6.1450495e-01   3.4436164e-01  -2.1384853e-01   2.6483333e-01   8.2226716e-02  -7.0245623e-02   2.7942257e-01   3.3333063e-01   1.6193806e-01   1.2109928e-01   3.2168747e-02   3.9707546e-01   5.3370829e-01   2.5187841e-02   5.7078494e-01   4.4945116e-01  -8.1336133e-02   2.7750627e-01   5.7548879e-02  -2.5083065e-01   1.1070995e-01  -2.0811594e-01  -1.0940382e-01   1.9605024e-01   1.5559478e-01  -3.3343079e-02   8.4374741e-03  -1.6388469e-02   1.9214685e-01   1.4520716e-01   1.1472662e-01  -9.6913438e-02  -1.7706193e-01   3.2613208e-01   4.9337219e-01   2.4946592e-01   3.0418854e-01   4.4220113e-01   2.7314662e-01   5.7902975e-01  -2.9536186e-01   5.5055644e-02   3.7661785e-01   4.6042776e-01   3.8005395e-01  -2.2065471e-01   7.2836933e-02  -1.2264185e-01   3.5651605e-01   8.6491354e-02   2.6671534e-01   3.7838494e-01   5.6778914e-03  -7.9032799e-02  -7.1271227e-04   4.3104415e-03   1.4968633e-01  -1.2318382e-01   3.3568533e-03   2.1429587e-01   2.5636215e-01   8.3721068e-02   2.1558229e-01   1.4008544e-01  -9.9874095e-02  -2.7477275e-01   1.2548763e-01   4.0499918e-01  -3.2521179e-02   6.3583361e-02   3.1903506e-01  -1.2310459e-01  -8.7944260e-02  -3.8598970e-01   3.2585812e-01   4.7018064e-01   1.3765608e-01   4.1159493e-01   4.6437564e-03  -2.9281818e-03   3.6299981e-01  -3.5998285e-01   5.8280273e-02   3.2363899e-01   8.5228680e-02   1.9064963e-01   3.4455748e-02  -1.6571677e-01   1.9409418e-03   2.2607856e-01   1.8611549e-01   4.0204890e-01  -1.6314173e-01   3.1907651e-01  -9.0015619e-02   2.8330741e-01   5.0114876e-01  -2.6884758e-03   2.3497612e-01   1.6049098e-01   9.7303817e-02  -2.3343158e-02   4.7707531e-02  -7.7686639e-02  -8.2623238e-02   4.9074655e-01   1.6151268e-01   3.3147001e-01   4.7678924e-01
  -1.5351500e-01   1.3785881e-01   2.4041315e-02  -9.4587725e-03   1.1573017e-01   1.0905481e-01   0.0000000e+00   1.3520865e-01   1.1034569e-01   3.7859126e-01   1.9213976e-01   3.1084120e-01   1.1800059e-01  -3.5502296e-01   6.1507465e-01   1.1351301e-02  -7.1619850e-02   1.3156234e-01   8.4057580e-02   3.0056086e-01   2.8504037e-01  -1.5870229e-01   5.1010414e-01  -4.0637765e-01  -3.5768829e-02  -2.5675205e-01   1.0727996e-01  -1.5744311e-01  -1.1104620e-01  -1.1138588e-01   7.6204945e-02  -4.7370151e-02  -2.4025638e-01   7.5464249e-01  -8.7943247e-02   3.2126036e-01   2.2204353e-01  -2.8452375e-01  -8.2062035e-02   2.7374622e-01   1.5378810e-01  -1.2736285e-01   4.5258375e-01   1.9943924e-01   4.6324483e-01  -3.5459808e-01   1.4419307e-01   5.1817934e-01  -1.1495982e-03   9.8038405e-02   1.9904277e-01   3.3057920e-02   2.7225429e-01  -2.3808885e-01  -2.6702432e-01   5.1356055e-02   4.9522524e-02  -3.8747091e-02   8.7514899e-02   8.9551418e-02  -3.3248980e-01   7.2493638e-02   2.9116543e-02   1.4220935e-01   1.4358885e-01  -2.4254938e-02   4.9049065e-02   4.4709950e-03   7.0444377e-02   1.0914394e-02   2.3304306e-01   1.7001920e-01   2.0661611e-01  -4.8243813e-01  -9.5646183e-02  -3.1677507e-02  -3.1668959e-01   2.2840382e-01   3.3272407e-01  -1.0102367e-01   1.6278977e-01   2.1246202e-01   6.0096685e-02  -1.0064268e-02  -3.9880905e-01  -3.0341048e-02   5.1593912e-02  -3.1067439e-01   6.0543132e-02  -3.1124691e-01  -8.8577070e-04  -1.8487688e-01   4.4403838e-01   2.5054335e-01  -3.3813719e-01   1.4295749e-01  -2.2830204e-01   1.6807551e-01   5.9827076e-02   5.3740080e-01  -3.2746716e-01   3.9434731e-01   1.9702851e-02  -8.8628440e-02   9.9840262e-02   1.5105229e-02  -8.9263264e-02   8.0943241e-02   2.6496660e-01   1.1368631e-01   4.5829341e-01  -1.8001952e-01  -5.7321214e-02  -5.8524233e-02  -1.8484998e-01   2.6449253e-01   1.0318894e-01   2.3258881e-01  -1.6834447e-01  -1.8281171e-02  -4.6534526e-01   1.2418308e-01   2.4146836e-01   2.4636169e-01  -2.7427362e-01  -2.5718394e-01   1.2944828e-01  -4.1798157e-02   9.0153840e-02  -1.4931249e-01   6.3497082e-02   4.0037162e-01  -3.7932679e-01   4.1942301e-01   3.1623679e-01   1.8345870e-02  -1.2657524e-01   2.5130263e-01  -1.1281147e-01  -5.5366421e-03  -2.4973654e-01  -6.5538713e-02   9.2134727e-02   4.5839937e-02   3.3061558e-01   1.6802065e-01   4.5235439e-01   6.6907781e-02   3.0634780e-01   3.4282256e-01  -3.2723894e-01  -1.4676573e-01  -3.4593588e-01   3.8375866e-02   2.0430202e-01  -2.2357069e-01  -5.1329340e-01   1.2497900e-01  -3.2494787e-01  -5.0530486e-02   2.0522333e-01   1.4966807e-01   2.3255146e-01  -4.0825392e-02   4.6620234e-02   4.1215763e-01   8.6035128e-02  -1.6213929e-01  -3.5853750e-01   2.3465733e-01   3.1435135e-01  -4.9830315e-01   6.8907482e-02  -1.8623697e-01   4.3183979e-02  -1.7557980e-01   1.4045563e-02
  -9.3253811e-02   8.6148166e-02  -3.7416382e-02   3.2149300e-01   4.6671568e-02   5.6559649e-01   1.3520865e-01   0.0000000e+00   5.3075237e-02  -4.1387021e-03   6.2950659e-01   1.1921960e-02  -2.8228264e-02  -1.1624980e-01   1.3920378e-01   3.3429278e-01  -6.3435884e-02   2.3661262e-01   3.4216234e-01   9.2669800e-02   2.5294740e-01   2.3695280e-01   8.5580950e-02  -1.5664867e-01   1.2961993e-01   3.3587697e-01   1.5424048e-01   1.2239219e-01  -1.0780998e-01   2.7264313e-01   1.5921691e-01   2.5718264e-01   2.3215855e-01   5.9670023e-02   8.7529636e-02   2.6163670e-01  -9.0612178e-02  -9.9379620e-02   4.2309364e-01   5.8952758e-02   1.8923107e-01  -4.7539780e-04  -1.2162222e-01   7.2310159e-01   1.5689380e-01  -9.7597518e-03   4.9210015e-01   8.7665863e-02  -1.5212142e-01  -8.9362826e-02   3.0656489e-01   6.1094295e-01   1.7489066e-01   1.1679258e-01  -2.0023464e-03   4.6666206e-01   5.4389443e-02   3.2509064e-01   3.0134986e-01   1.5870073e-01   1.0367885e-02  -8.0180821e-02   4.4088848e-02   5.1290159e-01   1.3104135e-02   1.8473170e-01   5.1388128e-01  -2.3138561e-01   6.7285956e-01   1.3859611e-01  -9.0392258e-02   1.1104662e-01   2.9311779e-01  -1.8938584e-01   4.6135058e-02   1.2912742e-01   1.1039616e-02   3.0222189e-01   1.4618352e-01   2.2866369e-01   4.0733558e-01   3.0563964e-01   4.2452128e-01   5.8753229e-01  -1.4648386e-01   1.4883132e-01  -2.7207907e-02  -2.9504575e-01   1.2638436e-01  -2.0821180e-01  -8.3328401e-02  -6.8832961e-02   7.1810355e-02  -7.0517529e-02  -2.0245823e-01  -4.8841546e-02  -4.4894582e-02   3.2174522e-01  -1.1885134e-02  -3.7277191e-02  -1.8470033e-01   3.7632136e-01   4.9103656e-01   1.5746903e-01   3.0221758e-01   3.8619009e-01   1.5125033e-01   7.1397521e-01  -1.9950948e-01   1.3293678e-01   3.9522437e-01   2.6954525e-01   6.7608699e-02  -2.9546223e-01  -4.6737690e-02   1.0725161e-01   3.7760516e-01   3.2127880e-01   1.5975269e-01   2.3427138e-01  -1.2109174e-01   5.4233704e-03  -5.3175448e-02   9.2680057e-02  -9.3050503e-02  -1.3089120e-01   1.0205538e-01   2.2780877e-01   8.5004927e-02  -4.7950922e-02   3.2972321e-01   2.7555115e-01  -8.4596695e-02  -5.3209209e-02  -2.4552895e-02   3.9921756e-01  -8.1972271e-02   1.1754044e-01   5.8908500e-02  -1.7412326e-01  -1.4003562e-02  -2.8318989e-01   3.6963932e-01   2.6308840e-01   1.9600570e-01   2.6267886e-01  -9.2262810e-02   1.6059936e-01   3.9031053e-01  -1.5666925e-01  -1.3153487e-01   2.9230312e-01  -2.7096431e-02   3.3359337e-01   2.6459242e-02  -1.3979960e-01  -1.9869025e-02   2.9720046e-01  -1.0550626e-01   3.1019485e-01  -2.7651292e-02   2.9902106e-01   8.6036980e-02   2.4425984e-01   4.5825325e-01   2.0748557e-01   2.6324149e-01   1.3077255e-01  -7.3129611e-03   6.7277511e-02   1.6212121e-01  -1.8556300e-01   5.7694589e-02   2.3882749e-01   1.2424958e-01   5.9029254e-02   3.5917183e-01
  -3.7621879e-01   1.6146442e-01   9.9043577e-02   4.0585897e-01   2.2098983e-01   1.8799338e-01   1.1034569e-01   5.3075237e-02   0.0000000e+00  -7.8861703e-02   2.5009865e-01   8.2686431e-02   3.1308510e-01  -2.2496029e-01   9.2565998e-02   1.3143879e-01   1.9710160e-01   3.3993884e-01  -4.2489098e-02   2.0122136e-01   4.1232918e-02   2.4298578e-01  -5.0899728e-02  -2.9852960e-01   5.4413020e-02   1.7839121e-01   1.5331963e-01  -1.3651321e-03  -2.9863049e-01   3.0985158e-01   3.1101990e-02   3.5091261e-01   1.8936075e-01  -3.6994383e-02   4.9203493e-01   2.8718201e-01   1.1062142e-01  -2.6400843e-01   1.8246413e-01  -1.4304588e-01   3.6226377e-01   3.1045367e-01   1.9110981e-01  -6.5287581e-03   3.3085605e-01  -1.3916597e-01   2.1346910e-01  -2.1557501e-01   1.2327847e-01   1.6618180e-01   3.0257893e-01   2.7367454e-01  -1.3328607e-01   9.0143476e-02  -1.9635625e-01  -3.9438450e-02   4.6732364e-03   4.1325786e-01   3.1631350e-01   5.2517887e-01   1.3458831e-01   2.2280694e-01   4.6809458e-01   1.1173086e-01   1.3593511e-01   6.3418326e-02   1.2963736e-01  -9.1008620e-02   2.7439960e-01  -9.9581336e-02  -1.2917284e-01   3.8813640e-01   2.1543781e-01  -5.3367602e-02   7.9110773e-02   2.2100741e-01  -3.6414673e-02   7.7316829e-02   1.7460816e-01   1.9043316e-01   9.0353377e-02   2.2727705e-01  -5.6234956e-02  -6.6955012e-02  -1.2895994e-01   4.0007410e-01  -1.0132256e-01  -1.0857357e-01   7.0556673e-02  -1.6891003e-01   1.7196314e-01   1.5864091e-01   2.7838376e-02   4.6537232e-01  -1.5620537e-01   2.7656249e-01  -2.3037228e-01   1.6635290e-01   1.0675190e-02  -2.1039109e-01  -3.3218194e-01   2.5597283e-01  -2.5564688e-02   5.2597316e-01   3.0497539e-01   3.3094978e-01   1.2937328e-01   3.3566024e-01  -8.4116694e-02  -8.4272990e-02  -7.5248569e-03   2.0592659e-01   1.0797494e-01  -3.2037630e-01   8.9603862e-02  -2.7954596e-02   2.7004043e-01   1.7363425e-01  -3.6596941e-01   3.9486692e-01  -7.2390851e-02   1.1032467e-01   1.9805840e-01   1.9932891e-01  -1.6338769e-01   2.3302969e-01   4.4031681e-02   1.4050032e-01   5.5962272e-01  -1.5775500e-01   3.4840245e-01   1.6848112e-02   9.7922240e-02  -2.5583987e-01   4.8648222e-01   2.6299719e-01   2.2747788e-01  -3.0155986e-01   3.5912182e-01  -5.0032842e-01  -1.1838307e-02   1.1858026e-01   3.5151369e-01  -1.2053416e-02   9.1896151e-02   3.5598390e-02   1.1119362e-01   8.2520219e-02   1.1307805e-01  -1.0889595e-01   1.1924235e-03  -1.2194838e-01   1.9379519e-02   2.6322728e-01   4.9794229e-03  -3.9551491e-01  -7.7621940e-02   2.7169734e-01   6.8191007e-02  -1.0694470e-02  -1.3328618e-01   2.1485397e-01   1.6704468e-02   4.2504069e-01   4.3844419e-01  -9.9439242e-02   2.8090386e-01  -2.4321748e-01  -2.4863102e-01   7.5072932e-02   1.4632417e-01  -1.6476899e-01   2.9962751e-01  -2.3424961e-01  -4.7408144e-02   2.6954081e-01   4.9197921e-01
   2.9843678e-02   3.4314255e-01  -1.5959477e-01  -3.5840507e-01   3.4633523e-01  -1.0509360e-01   3.7859126e-01  -4.1387021e-03  -7.8861703e-02   0.0000000e+00  -4.9415857e-02   2.5948193e-01   1.4815023e-02  -2.6745071e-01   3.3145681e-01  -8.0068099e-02  -3.2348164e-01   1.5279551e-01   9.6328921e-02   3.6903385e-01   4.5215226e-02  -3.4565957e-01   1.5202723e-01  -1.1352776e-01  -1.2030249e-01  -2.5398291e-01   4.7012650e-02  -4.5809416e-01   4.3394718e-02  -1.0312190e-02  -1.4664319e-01  -1.6915921e-01  -4.8862430e-01   4.5177413e-01  -3.5876253e-02   3.0831951e-01   4.2850290e-01  -1.2456468e-01  -1.6057527e-01   3.1750073e-01   1.4290231e-02  -3.4160649e-01   3.9109995e-01   6.5693230e-03   3.2856165e-01  -2.6965202e-01  -1.2954315e-01   2.8795537e-01   2.7993589e-01   3.9036325e-02   1.1544560e-01  -1.6951481e-01   4.2913543e-01  -4.0716519e-01  -3.9430061e-01  -2.4836618e-01  -1.0903841e-01  -1.5899025e-01  -6.0953484e-02  -8.7519199e-03  -4.9829919e-01   2.3026366e-01   1.3359501e-01   1.2999903e-02   4.9473506e-01   3.9441405e-01   5.2003700e-02   4.6655944e-02  -2.3268390e-01  -1.7766807e-01   2.4876940e-01  -1.6524959e-01   1.5313079e-01  -4.9961238e-01  -1.0459145e-01  -2.2387594e-01  -4.4427747e-01   6.6409486e-02   5.0576782e-01  -2.1056411e-01  -3.1463547e-01   6.5783970e-02  -2.0551233e-01  -2.4637867e-01  -3.5347630e-01  -2.2923129e-01  -3.2540314e-01  -1.3337825e-01   1.8566005e-01  -1.8199310e-01   2.9865018e-01  -5.0510381e-01   2.4784580e-01   9.1502978e-03  -2.8198557e-01   3.4134289e-01  -1.0212170e-01   1.0822109e-01   1.1905849e-01   3.4276611e-01  -2.6699060e-01   2.3020071e-01  -3.8742779e-01  -5.9163009e-02  -5.6734998e-03  -1.6611020e-01  -3.0124606e-01  -1.1758149e-02   1.0670851e-01   3.2461540e-01   8.3060859e-03  -2.6769631e-01  -1.9244384e-01   1.0406819e-01  -4.2027861e-01   4.4114732e-01  -1.5537974e-01   2.2508130e-01  -2.8524666e-01  -3.0520553e-01  -3.8009729e-01   3.8870834e-01   2.9458891e-01   2.5533996e-01  -2.9576669e-01  -2.5275315e-01  -3.0945442e-02  -1.9494243e-01  -1.5845481e-01  -2.3761267e-01  -3.6288941e-02   2.2978635e-01  -4.3871055e-01   4.1725810e-01   1.1832314e-01  -1.3249096e-01  -2.7544242e-01  -3.5010671e-01  -2.4883488e-01   2.7458541e-01  -7.4845348e-02  -5.9504910e-02  -2.6582148e-01  -2.8842178e-01  -2.1557276e-01  -8.9231067e-02   2.4920442e-02   3.5270560e-01   2.6318800e-01   2.7114656e-01  -3.4456495e-01  -4.1654089e-01  -3.7729847e-01  -1.8957076e-04   2.9994654e-01   1.1830016e-01  -4.4226514e-01   1.5019213e-02  -6.4575111e-01  -4.4818269e-01   1.7134929e-01  -2.1137601e-02   4.9554470e-01  -1.4193379e-01  -1.4472506e-01   3.7731602e-01   7.2119924e-02  -1.4713509e-01  -4.4369726e-01   3.8370342e-01   4.8663536e-01  -4.6457242e-01   1.9715232e-01  -1.2077429e-01  -1.4399263e-01  -4.8841678e-01  -1.4523027e-01
  -2.3301645e-01  -2.2185670e-01  -1.5570885e-01   5.2533033e-01   9.9611223e-02   5.1649337e-01   1.9213976e-01   6.2950659e-01   2.5009865e-01  -4.9415857e-02   0.0000000e+00  -3.3107593e-01   1.2211265e-01  -2.2459821e-01   2.1986831e-01   5.0915101e-01  -1.0404444e-01   5.4921873e-01   2.5303698e-01   1.6322972e-01   5.5081572e-01   5.0635338e-01   4.7300302e-01  -2.5886212e-01  -4.8391132e-02   4.4787602e-01   2.6883305e-01   2.8280892e-01  -1.2112821e-01   3.6563855e-01   2.6191330e-01   5.0693151e-01   2.1352365e-01   1.6335397e-01   9.1488403e-02   4.2135793e-01   3.7429466e-02  -1.0265698e-01   4.2349272e-01  -3.0796266e-01   3.2456279e-01   6.8742356e-02  -7.5526234e-02   6.3858474e-01   2.3533401e-01  -8.2225794e-02   8.2606187e-01  -7.2224394e-03  -7.8041901e-02  -2.7200729e-01   5.6386580e-01   6.0927587e-01   5.4717545e-02   8.3573418e-02  -1.1429255e-01   6.7151375e-01   1.2650031e-01   6.2935469e-01   4.0498473e-01   2.0385345e-01   3.2891551e-02  -1.3981547e-01   3.4219596e-03   8.1571010e-01  -9.9418394e-02   2.8192045e-01   5.5162631e-01  -2.8043179e-01   8.3378869e-01  -1.3585133e-02  -3.4642725e-01   4.3144690e-01   3.6697243e-01  -3.0583350e-01  -9.9306428e-03   3.4466502e-01  -9.0446066e-03   3.8154778e-01   1.4205149e-01   1.5963926e-01   6.5270454e-01   3.4512063e-01   5.1978039e-01   5.6320104e-01  -3.0046151e-01   4.9637237e-01  -1.1361626e-01  -3.4081955e-01  -1.7147035e-01  -2.9956055e-01  -1.4292077e-01  -6.2513121e-02   1.2473578e-01   2.1181370e-01  -2.8146987e-02  -9.3635346e-02  -1.8259255e-01   4.3498127e-01  -6.3703555e-03   1.3940743e-01  -3.8312551e-01   6.1555144e-01   6.2956359e-01   1.8693409e-01   6.0736574e-01   4.6192792e-01   4.4079765e-02   8.0550363e-01  -2.5458745e-01  -1.6728427e-02   6.4802003e-01   4.3733030e-01   3.3316299e-01  -4.0209191e-01   5.5373306e-03   5.8111647e-02   6.0084909e-01   3.0487292e-01  -9.3847905e-02   3.9881586e-01  -1.3321320e-01  -1.3224463e-01  -2.9322657e-01   1.0311624e-01  -2.9129866e-02  -4.6837805e-02   1.8084310e-01   2.4078152e-01   4.8109862e-01  -3.5126098e-01   4.2920797e-01   4.6688843e-01  -1.9196376e-01   2.3983366e-02   1.5374127e-02   5.8810942e-01  -3.7695314e-02   8.5043505e-02   4.5882048e-01  -3.5527184e-01  -1.4210058e-01  -2.2688250e-01   6.8219454e-01   2.2077456e-01   3.9767401e-01   5.5639910e-01  -1.0502645e-01   2.4948021e-01   6.3194491e-01  -4.9101211e-02  -1.5778712e-01   3.8444521e-01  -8.1591820e-02   4.1760105e-01  -3.4510532e-01  -2.9688817e-01  -3.6378483e-02   2.5459986e-01  -6.6010437e-03   3.5934830e-01  -1.8221907e-01   7.0843372e-01   2.5486125e-01   5.2373603e-01   5.8431119e-01   1.1337335e-01   5.1017765e-01   1.7378911e-01  -1.6482131e-01   6.3834480e-02   9.3977138e-02  -1.5598929e-01   2.5539849e-01  -5.5342393e-02  -1.0486343e-01   2.2202358e-01   5.5865186e-01
   4.1221850e-02   5.7865144e-01   5.4828363e-01  -2.5547960e-01   7.5404426e-02   5.9572536e-02   3.1084120e-01   1.1921960e-02   8.2686431e-02   2.5948193e-01  -3.3107593e-01   0.0000000e+00  -1.3003473e-01  -5.8327376e-02   4.0615995e-01  -1.6836684e-01   4.5093019e-01  -3.9526134e-01   8.0332792e-02   2.3035936e-01  -3.1251196e-01  -3.5542740e-01  -2.2019233e-01   8.7220342e-02   2.5123326e-02  -2.2279700e-01  -1.4231428e-01  -1.5226770e-01  -1.9195280e-01  -2.7490193e-01  -1.8753124e-01  -1.9940009e-01  -2.2741345e-01   4.1657324e-01   1.4061857e-01  -2.1747476e-02   4.3445975e-02  -5.1259344e-02  -2.0876264e-01   5.4057297e-01  -3.1772996e-01  -5.0691565e-02   4.2562868e-01  -8.2791572e-02   1.2735796e-01   6.9963238e-02  -4.0319132e-01   2.5862077e-01   4.6004224e-02   5.8053655e-01  -2.7776279e-01  -1.6467111e-01   2.9107595e-01  -1.0179533e-01  -1.7324649e-02  -2.6759104e-01   1.4531568e-01  -2.7118512e-01  -1.5957999e-01   1.7722391e-01   7.2171359e-02   2.2854479e-01   2.5541087e-01  -3.5006060e-01   2.8981349e-02  -1.2462897e-01  -2.0162276e-01  -1.9098098e-01  -3.5021066e-01   3.6001041e-01   3.9034802e-01  -3.7505524e-01  -6.6750526e-02   1.5700672e-01   1.6174831e-02   3.0132291e-02   6.8148817e-02   1.9660970e-01   2.2377007e-01  -1.2870840e-01  -2.8800650e-01  -2.1024181e-02  -1.3342221e-01  -1.7314236e-01   2.2592221e-01  -1.9575982e-01   9.2322371e-02  -9.7658796e-03   3.2425676e-01   1.5479927e-01   2.5179107e-01   2.0331175e-01   5.6001009e-01  -3.7142909e-02  -1.1575981e-01   2.9761906e-01  -2.7297240e-02  -2.9708103e-02  -2.2780602e-01  -2.7427717e-02   3.7460634e-02   1.1829331e-01  -4.1892153e-01  -9.1938318e-02  -3.5367806e-01  -1.1609011e-01   1.0618685e-01  -1.6539032e-01   1.4416746e-01   1.3197498e-01  -3.7372656e-02  -3.0840308e-01  -4.7587975e-01   1.7622467e-01   1.7308241e-01   3.2691027e-01  -1.4008559e-01  -9.9310473e-02   1.5528943e-01  -2.6180260e-01   4.4055875e-03   4.1175815e-01   4.6978488e-01   1.1300140e-01   1.8844745e-02   3.3424012e-02  -1.6875440e-02  -2.7805486e-01  -3.2369236e-01   2.3449686e-01  -2.0221213e-01   6.5727873e-02   4.7464754e-02  -2.2479965e-02   2.5261552e-01  -2.3572160e-01  -2.7154182e-01   7.8287235e-02  -2.4643834e-01   1.9277539e-01   1.5369446e-01  -3.1524136e-02  -2.6403937e-01   9.7025870e-02  -5.9979282e-02  -2.5428199e-01   6.0221040e-01  -7.0173760e-02  -2.2982727e-01  -9.8073511e-03   2.0785634e-01  -3.5636205e-01   3.6488491e-02  -8.7341880e-02   5.8482493e-01   1.3687530e-01  -3.2666937e-02  -1.0175676e-01  -1.0017927e-01  -2.5150736e-01  -1.3535924e-01  -3.0794010e-01  -2.1341391e-02  -4.6954818e-01  -9.8659059e-02   4.4080755e-01  -1.3316555e-01  -3.2774242e-01   3.9064617e-02   3.3027733e-01   3.0257773e-01  -7.4043672e-02  -3.2445359e-01   1.5074514e-01   4.8539695e-02  -1.7568195e-01  -1.6210139e-01
  -1.3953681e-03   7.8132010e-02  -1.8925730e-01   2.0310263e-01   4.6375452e-01  -5.0237919e-02   1.1800059e-01  -2.8228264e-02   3.1308510e-01   1.4815023e-02   1.2211265e-01  -1.3003473e-01   0.0000000e+00   3.8651203e-02   4.9407069e-02   1.5537408e-01  -1.5543525e-01   2.8193425e-01  -5.2031895e-02   4.2424554e-01   6.2936008e-02   9.0311850e-03   2.5172961e-01  -1.1057780e-01   2.9689765e-02   9.4023101e-02   7.6968045e-02  -5.4767245e-03  -1.1851687e-01   8.4509048e-02   7.4630276e-02   1.6931910e-01   1.0012812e-01   1.9083348e-02   1.0209668e-01   4.0804748e-01   1.8066412e-01  -3.1936798e-01   1.1350665e-01  -3.7148558e-02   6.5711071e-01   1.2697096e-01   2.5245297e-01   6.7638291e-02   1.1511264e-01  -2.5379752e-01   1.7983796e-01  -5.8558003e-02   2.3352125e-01  -5.9239030e-02   2.6160036e-01   1.9492932e-01   1.8130355e-02   2.0661637e-01  -3.2202940e-02   1.8938751e-01   1.0758133e-01   1.3559836e-01   3.9487828e-01   2.3367096e-01  -1.5258768e-01   3.3909270e-01   2.3726928e-01   7.1351635e-02   2.2256349e-01   2.9712084e-01   5.3623500e-02  -5.1059907e-03   2.0449633e-02  -4.1583756e-01   7.1221212e-02   3.6252016e-01   3.4777238e-01  -1.3734093e-01   2.8091599e-01   1.9770496e-02  -3.2294334e-01   6.6150935e-03   1.6398087e-01   2.1224006e-02  -3.9925247e-02   3.3230720e-01   7.4600209e-03  -8.2832244e-02  -2.8059734e-01   2.0934174e-02  -3.2354807e-02   6.4814468e-02   5.2747741e-02  -1.9963029e-01   3.6493114e-01  -1.0316619e-01   4.3702794e-02   2.4297801e-01  -2.6368326e-01   3.5150605e-01   1.1691272e-01   1.5155156e-01   3.3384027e-01  -4.1039632e-03  -1.7765059e-01   9.0862746e-02  -4.9102352e-02   1.4272640e-01   2.3710363e-01  -1.9539899e-02   1.7651239e-01   7.0737215e-02   3.0702545e-01   2.4172636e-01   1.6611719e-01   1.3315547e-02   1.9796174e-01  -3.7682668e-02  -2.1853773e-01   1.2614713e-01   9.4499444e-02   5.3526135e-01  -3.2132055e-01   2.3224863e-01  -4.0959176e-01   2.9200315e-01   2.4172962e-01   7.5238716e-02  -3.8905868e-01   9.4441122e-02   7.0818465e-02   2.8212790e-01   1.9598233e-01  -2.5566880e-01   3.9752017e-01   1.4013818e-01  -2.6183539e-03   6.5466470e-02   4.2086568e-01   9.4016460e-02   2.4713607e-01  -2.1293005e-01   3.8763118e-02  -2.4294726e-01  -1.5318287e-01   3.4417209e-01   6.5080713e-02  -3.3984428e-01   6.4399080e-02   5.8411043e-02  -1.3902168e-01   3.1568778e-01   2.8563232e-01   4.6388660e-02  -2.3972191e-01  -7.6181544e-02  -1.9637719e-01   3.1389984e-01  -6.0534366e-02  -2.5390017e-01  -2.4213049e-01   3.1963492e-01  -1.2595846e-01   4.4082417e-02   9.0899366e-02   5.9159506e-02   3.4185014e-01   2.5462845e-01   1.6697961e-01   3.2652684e-02   2.1622927e-01  -1.0146004e-01  -1.8540574e-01   2.6354903e-01   1.8208053e-01  -3.2545548e-01   3.2105911e-01  -2.4759955e-01  -8.6611386e-02   8.2042510e-02   1.8660732e-01
   6.5375243e-01  -2.0777530e-01   2.1083580e-02  -6.3525697e-02  -2.6599357e-01  -1.2235539e-01  -3.5502296e-01  -1.1624980e-01  -2.2496029e-01  -2.6745071e-01  -2.2459821e-01  -5.8327376e-02   3.8651203e-02   0.0000000e+00  -3.0072095e-01  -1.0904647e-01  -1.0157052e-04  -2.9417892e-01   2.3114292e-02  -4.0080860e-01  -9.6234683e-02  -1.9727587e-01  -1.9592899e-01   5.8981789e-01   3.8155902e-01   9.5990172e-02  -1.8729532e-01   9.3335943e-02  -1.5459312e-01  -5.2749338e-02   1.3163225e-01  -2.1610482e-01   9.3540252e-02  -3.5120271e-01   5.0123804e-03  -4.2209641e-01  -2.4731473e-01   1.2925215e-01  -1.3639608e-01  -7.4610401e-02   6.4861876e-03   3.7813610e-03  -3.9096899e-01  -1.4466326e-01  -2.8401913e-01   3.6697270e-01  -3.1560653e-01  -1.5894123e-01  -9.4293748e-02  -1.5452202e-01  -3.0824308e-01  -1.4432521e-01  -2.9427814e-01   2.1863445e-01   5.1597372e-01  -1.2472477e-02   1.0665972e-01  -2.4318295e-01  -3.0392568e-02   1.3373849e-02   2.5050302e-01  -3.6348494e-02  -1.9258863e-01  -1.8502386e-01  -6.7585003e-02  -4.5717004e-02  -3.2046470e-01   1.4675430e-01  -3.0142173e-01   1.1763162e-01  -6.8839705e-02  -1.6975786e-01  -1.9712257e-01   4.1440575e-01   1.9695829e-01  -9.4939118e-02   2.9358145e-01  -2.1808577e-01  -3.9836531e-01   2.0918233e-01  -1.7623692e-01   2.1482445e-02   8.1264851e-02  -5.7773311e-02   3.6069064e-01  -2.0480641e-01   2.6529182e-01   5.7338717e-01   1.7253172e-01   2.9928874e-01  -1.6150234e-01   1.8591782e-01  -1.9629972e-01  -4.4068056e-01   1.0466795e-01  -2.8077216e-01   3.2477265e-01  -2.4650166e-01   7.6274831e-02  -2.4914424e-01   6.4465843e-01  -1.9459459e-01  -9.1771429e-02   5.5335055e-02  -3.0716981e-01  -2.2883846e-01   3.2267851e-01  -2.8317021e-01   7.5601713e-02  -2.3910554e-01  -2.1373354e-01  -4.0244256e-02   7.9674713e-02   3.9207098e-01   2.6889109e-01  -2.2415601e-01  -2.0616876e-01  -7.5987308e-02   4.3096225e-01   1.4254352e-02   2.4267945e-01  -1.0522565e-01  -9.2812175e-02  -2.1174481e-02   2.1560371e-01   2.3189284e-01   1.3221530e-02   2.2196812e-02  -2.6478991e-01   3.7744044e-01  -1.3711952e-01  -1.7859823e-01   4.4324094e-01  -1.2761834e-01  -1.0724806e-01  -3.4167379e-01   2.6621846e-01   1.8302955e-01  -1.9395585e-01   2.2483941e-01   2.6766507e-01  -1.3566511e-01  -1.5797936e-01   5.3001026e-02   5.2258165e-02  -7.5571865e-02  -2.2113370e-01  -3.0300899e-01  -1.3633587e-01  -2.1702889e-01   3.0455094e-01   2.2028747e-01   2.0652350e-01  -1.4945945e-01  -1.0271693e-01   4.4949104e-01   3.4235393e-01   2.5103490e-02   2.5420705e-01   8.1774886e-02  -6.4745817e-02  -3.0563080e-01  -2.4459153e-01  -1.6320145e-01  -2.3038811e-01  -1.7045594e-01  -1.3293305e-01   2.1801965e-01   2.8051410e-01  -2.2067202e-01  -3.5250671e-01   1.4118777e-01  -2.5427568e-01   3.1475832e-01   2.3972985e-01  -5.9750025e-02  -3.1983582e-01
