   0.0000000e+00  -1.8360406e-01  -2.4811324e-01   2.6426949e-01  -1.9898115e-01  -1.5966510e-01  -2.1852815e-02  -8.4950622e-02   1.4889867e-02  -3.6887670e-01   1.0603643e-01   1.0677674e-01  -1.3805127e-01   1.7525113e-01   2.9610491e-01  -1.2752926e-02  -2.0625553e-01   3.5444924e-02  -4.6881814e-02  -2.7189211e-01   2.4754263e-01  -2.1664189e-02  -1.5788678e-02   3.5694684e-01  -1.2159865e-01  -1.3877554e-01  -1.0265764e-01   1.6950656e-01  -8.7663885e-03   1.4282091e-01   2.5809741e-01   1.0137050e-01  -5.9330047e-02  -1.7358015e-01  -2.1423634e-01  -3.3897167e-02  -7.1998168e-02   3.3349879e-01   7.3160737e-02  -4.7974111e-01  -1.7718442e-01   1.3006858e-01   6.4583249e-02   2.2095464e-02   2.7692941e-01   3.8213933e-01   1.4986893e-01   6.4753697e-02   1.5029036e-01  -3.3299251e-01   1.0068411e-01  -5.7118639e-02  -1.5794629e-01   1.0699612e-01  -1.1546032e-01   2.6984053e-02  -2.0285396e-02  -1.0926013e-01   2.5366057e-02   1.6750121e-01   2.5887598e-01   3.3767465e-01  -1.0339633e-01  -4.3777842e-02   2.4611563e-01  -1.7120310e-01  -1.2144968e-01   2.0111154e-02   1.5042948e-01   2.8372749e-01  -3.9370623e-01   6.1895204e-02   6.8292136e-02   1.8563402e-01   1.7216333e-02   1.2003725e-01   4.1408746e-01  -1.6425122e-01  -2.5789785e-02   2.4627754e-02  -7.9611062e-02  -3.8924359e-02  -1.4818239e-01  -8.4924653e-03   5.1559390e-01   1.5564082e-01  -1.0320265e-01   3.0516712e-01  -3.8696146e-02   5.1429375e-01  -2.1552351e-02   3.5466101e-01  -7.1847385e-02   8.8542045e-02   3.7487477e-01  -2.3287744e-01   3.0165730e-02  -9.9623187e-02  -3.9116010e-02  -1.4060808e-01   1.0528784e-02   8.2846198e-02   3.1943608e-02  -2.5586736e-01   2.5875858e-01  -1.0271510e-01  -1.3225614e-01  -8.6080159e-02  -1.2033530e-01   1.9515184e-01  -1.6106934e-01   1.6373131e-01   1.7026949e-01   4.5866645e-01  -4.6045427e-02  -1.8101342e-01  -2.1166392e-02  -1.4332893e-02   3.6661863e-01   9.5863434e-02   4.2219081e-01  -4.8933147e-02  -9.7740491e-02   2.7522424e-01   2.8864040e-01   5.3090338e-02   2.9762992e-01  -2.8459133e-01  -5.5109889e-03   2.4074818e-01  -1.8863876e-01  -1.2950239e-01  -4.9812001e-02   2.1781444e-02   2.2574125e-01  -3.0047789e-02   2.2772367e-02  -5.1290540e-03   3.2880356e-02  -1.5812643e-01   2.7697432e-01  -3.0402246e-02   2.3313598e-01   1.8489540e-01   1.5684978e-01   1.5519637e-01  -3.4177050e-01  -2.0164519e-02   1.6995602e-01  -5.6228424e-02   4.4628322e-01  -2.1936599e-01   2.9150975e-01  -1.8791548e-02  -1.7811706e-01   8.9693248e-02   3.7030852e-01   7.7698448e-02   2.9107607e-01   1.8899095e-01   3.5764824e-02   3.2795206e-02  -6.8551312e-02   1.6092585e-01  -1.7351419e-02  -1.9320557e-01  -5.7157653e-02   1.5261651e-01   2.9508454e-01   4.3510641e-02   9.2135821e-03   3.7375560e-01   8.0285182e-02  -1.0800424e-01  -7.7040929e-02   2.9636927e-01   1.2277817e-04
  -1.8360406e-01   0.0000000e+00   2.5178607e-01   1.6940364e-02   2.3285211e-01   7.2599811e-02  -1.4144078e-01   2.4221922e-01   3.5857182e-01  -4.5835985e-02  -1.5144073e-01   2.5233560e-01  -1.1059742e-01   1.2554026e-01  -2.5757167e-01  -1.9984341e-01   5.3575286e-01  -1.7868192e-01   3.1481960e-01   1.9957461e-01  -3.6150477e-01  -1.6993432e-01  -4.3660323e-01  -1.0106349e-01   7.0526886e-02   2.5471343e-01   2.5955182e-01   1.2046956e-01   1.0107161e-01  -8.3732188e-02   1.5152022e-01  -9.5574931e-02  -1.5473492e-01  -1.8041522e-01   9.5104670e-02   2.9592962e-02   6.6836807e-02  -1.1315783e-01  -1.0538475e-02   1.1264075e-01  -1.0909750e-01  -1.5975321e-01   2.6237685e-01   1.5029234e-01  -1.8551072e-02  -1.9919540e-01  -1.6989745e-01   2.2821987e-01  -2.0726463e-01   4.1799209e-01  -3.9812727e-01   1.4872850e-01  -2.6041945e-02  -8.2711684e-02   1.7927759e-01  -2.3127919e-01   1.2819970e-01   2.0479547e-01   1.7408866e-01   5.2290380e-02  -4.5619278e-03  -1.7371603e-01   3.2584151e-01   2.4562877e-01   5.7256956e-02   1.3150513e-01   1.6064374e-01   2.1558866e-01  -4.7432347e-02  -1.7757527e-01   4.6125175e-01  -1.8432513e-01  -1.1650352e-01  -3.5490731e-02   1.1222193e-01   1.5731861e-01  -1.4422056e-01  -5.4807598e-02   3.3172217e-01   1.6111431e-01  -1.0630200e-01   7.0414227e-02   2.8893880e-02   3.8024240e-01  -3.5729236e-02  -2.8639026e-01   1.9314127e-01  -1.7744127e-01   1.7010342e-01  -7.7659575e-02   3.1353160e-01   7.2924637e-02   2.0537484e-01   2.2093395e-02  -1.6159931e-01   1.3938100e-01   1.2257942e-01   3.3692535e-01   2.1008464e-01  -2.4814836e-01  -5.3215449e-02  -1.8045933e-01   1.1975994e-01   4.5483960e-01  -7.1320313e-02  -6.6273452e-02   2.1026825e-02   2.2496652e-01  -2.6887867e-01  -1.2430818e-01   1.6726094e-02  -3.0097828e-02   1.3734866e-01  -1.8726589e-01  -1.4249184e-01   1.8093281e-01  -1.4167887e-01  -1.3311117e-01  -1.7144818e-01   8.9035206e-04  -1.1505683e-01   1.8980238e-01   1.1184855e-01  -1.1755520e-01  -4.1605977e-02   8.5510427e-03  -3.1348899e-01   1.6560308e-01   5.2676149e-02  -3.9854231e-02   9.7646420e-02  -3.2590673e-02   2.0890319e-01  -1.7301039e-01   5.9891869e-02   6.3795706e-02   7.2638117e-02   2.5685787e-02   2.8249319e-01   7.5401461e-02  -7.2878145e-02  -1.1498747e-01   9.9455154e-02  -3.0806645e-01  -9.0492317e-02   6.2471807e-02  -2.4507021e-02   2.6303440e-01  -2.9678456e-01  -4.2412121e-02  -1.7439351e-01   4.6490627e-02  -1.7055723e-02   2.4051781e-01   5.0612367e-01   2.4327510e-02  -1.7181124e-02   3.8069778e-02   2.0878650e-02   7.2944091e-02   2.0797356e-01   2.0583935e-01   1.3460849e-01  -1.2361488e-01   1.2581499e-01  -3.6786522e-02  -1.0326180e-01   4.1024098e-02  -1.8556003e-03   9.2076989e-02   3.1983815e-02  -1.0900350e-01   3.4929704e-01   1.0838765e-02  -6.4441182e-02  -2.8676720e-02   8.7551180e-02
  -2.4811324e-01   2.5178607e-01   0.0000000e+00  -1.4917073e-02  -5.7504060e-02   4.7237108e-03  -1.1398496e-02  -1.9867075e-02  -3.5736694e-02   2.6629179e-01  -4.6022933e-01   3.1432943e-01  -4.5763978e-02  -8.6397023e-02  -2.7022922e-02  -1.0340479e-01   7.0973950e-01  -2.9292385e-01  -1.2596458e-01   4.0926400e-01  -3.3712788e-01  -2.8759563e-01   7.4405115e-02  -1.7457472e-01  -2.5263883e-01   1.4791025e-02   3.8107128e-01  -1.1536424e-01   1.2596799e-01  -1.4587569e-01  -1.5000905e-01  -3.2243766e-01   1.9902264e-01   2.8577099e-01   2.1087481e-01   1.4409968e-01  -2.2131133e-01  -2.0479224e-01  -7.1674356e-02   4.3249457e-01   1.6458495e-02   5.9529347e-02   2.7677033e-01   8.2781531e-02  -6.9097921e-02  -1.2936363e-01   1.1311278e-02  -2.8132270e-01  -1.3492626e-01   7.0890614e-01  -1.7884698e-01  -1.4746563e-01   2.9714824e-02  -1.0429980e-01  -9.6364088e-02   5.7285384e-02   7.2621028e-02  -1.7212263e-01  -1.8035409e-01  -1.3935904e-01   2.7024272e-02  -1.6208307e-01   2.6310428e-01  -1.3351401e-01  -3.8271318e-01   2.8150697e-01   5.1349189e-02  -2.9014385e-01  -9.2174711e-02   9.9172725e-02   3.9343717e-01  -1.7539763e-01  -1.4431573e-01   1.8371331e-01  -1.0147078e-01  -3.5462691e-01  -9.7453247e-02   5.2791978e-02   1.8917799e-01  -1.6014357e-01  -3.0310224e-02  -9.5700008e-02  -9.6110012e-02  -1.0766564e-01   1.4034250e-02  -3.3111260e-01  -2.0171195e-01  -2.5833881e-01  -2.6967282e-02  -2.6115083e-01   3.4077609e-02   7.8301678e-02   2.9066815e-01  -9.7149964e-02  -1.4058493e-01   2.2777835e-01   5.3389999e-02   1.0382797e-01   1.1169371e-01   1.0442060e-01   1.1166979e-01   5.8466470e-02  -7.7192800e-02  -6.6856696e-02  -2.5469307e-01  -8.1579090e-02   1.3126952e-01  -2.0950477e-02   2.7419870e-02  -3.0308713e-01   2.3581076e-01  -1.7271198e-01  -2.3539365e-01  -1.3188529e-01   1.3102093e-01   2.5147423e-02   6.9558133e-03  -1.7592501e-01  -9.2220942e-02  -1.6483680e-01  -2.9513382e-01   2.4033591e-01  -4.0703892e-02  -3.9827788e-01  -1.8785632e-01  -3.2282874e-03  -2.8026759e-01   2.5782619e-01  -3.4626987e-02   3.1727878e-01   1.3224679e-01  -7.2810878e-02  -1.7742464e-02  -3.0171617e-01  -1.5673914e-01  -2.2598819e-01  -1.4997249e-01  -1.4932188e-01  -8.1955272e-02  -1.4237320e-01  -1.7693594e-01   6.0432990e-02  -1.5565386e-01   1.1338147e-01  -2.1483269e-02  -3.3666965e-01   4.3555548e-01  -1.3806034e-01  -1.2311100e-01  -3.1508552e-01  -1.4061704e-01   3.9879360e-02  -2.5154061e-01  -1.2415415e-01   5.7635367e-01   3.6326269e-02  -2.2727516e-01  -9.9566840e-02   1.8612502e-01  -2.3194146e-02   1.1360827e-01  -2.8101098e-02   6.5787892e-02  -2.6234886e-01  -1.0887367e-01  -4.3782345e-02   7.4661466e-02   1.8601188e-02  -1.0723884e-01   1.1988545e-01  -1.3133351e-01  -1.5515534e-01  -1.1759687e-01   2.4123611e-01   1.8691721e-01  -1.6626654e-01   8.4720067e-02
   2.6426949e-01   1.6940364e-02  -1.4917073e-02   0.0000000e+00  -4.6454718e-02  -4.4351137e-02   7.6672900e-03  -8.7407357e-02   2.3318391e-01  -1.9557678e-01   1.0368835e-01  -6.7893627e-02   6.1413453e-02   2.3843811e-01   1.8755230e-01  -4.0767291e-02  -8.2677414e-03   2.9208470e-01  -1.3135548e-04  -7.0573110e-02   7.8916087e-02   2.3536855e-01   1.4664520e-01   7.9385202e-02   6.8232875e-03   4.6618141e-02   2.6559037e-02  -2.4418362e-01  -1.6676491e-01   2.7166927e-01   2.6962500e-01  -2.5896706e-02  -3.1183309e-02  -2.2693936e-01  -1.0569027e-01   2.1169770e-01  -5.7040552e-02  -7.3621563e-02   6.1177549e-02  -7.3270630e-02   7.3215442e-02   1.4824684e-01   1.2315784e-01   4.8214872e-02   2.8224243e-01  -6.0385555e-02   2.2796034e-01   1.4692438e-01   4.3607761e-01   3.2331975e-02   1.6292428e-01   2.3890424e-02  -1.4701125e-01   1.6993381e-01   9.5869602e-03  -1.0300876e-01   1.6718329e-01  -1.1667567e-01   1.7561435e-01   9.0030713e-02  -2.1182523e-02   4.4057873e-01   1.5476190e-01  -8.1298297e-02   1.3769291e-01  -8.0438385e-02  -5.3694307e-02  -3.2400551e-02   3.1383422e-01  -5.4018603e-03  -2.3980832e-01   3.7644791e-01  -1.7439966e-02   4.3492568e-02   9.4453923e-02   1.3942310e-01   1.2878344e-01  -6.3491206e-02   4.4758340e-02   4.2620194e-01   1.1687951e-01  -2.9085471e-02  -5.5834025e-02  -1.6002503e-01   8.3738475e-02   2.3816272e-01   1.1157344e-01  -8.1968279e-03  -1.1093465e-01   3.1604032e-02   4.4819933e-02   7.2164019e-02  -4.0323331e-02   1.2198077e-01  -1.8480860e-01  -1.2074034e-01   4.9070083e-01   8.3928503e-02   2.0624033e-01   1.3078589e-02   3.9222582e-02  -9.3027845e-03   1.6442701e-01  -1.1608653e-01   1.9667955e-01   1.5992814e-01   8.2533095e-02   2.0555902e-01   1.3550060e-01  -8.9821144e-02  -8.9916956e-02   2.8902650e-01   4.2631481e-01  -9.6687087e-02  -8.1358962e-02   2.2420763e-02   3.5874067e-02  -2.2297674e-01  -7.9038602e-02   6.2674743e-01  -9.9087563e-03  -9.2159889e-02  -1.2761139e-02   2.3985454e-01  -5.4074142e-02   7.0514757e-02   1.3251891e-01   1.3179350e-01   3.0978854e-01  -9.6402701e-02  -1.3636113e-01   1.5434179e-01   2.5823014e-01   1.1011075e-01   3.7213015e-01   1.4462399e-01   3.1875802e-01   2.3213436e-02  -3.9483332e-02   6.0974126e-02   5.9548605e-02  -2.2999475e-01   1.6322737e-02  -9.9285523e-02   3.2820962e-01   1.2221735e-01  -1.0803532e-01  -6.1906849e-03  -3.1909941e-02   1.2143502e-01   3.0491034e-02   6.5689257e-02  -4.5757216e-02  -3.0366120e-03   9.4968403e-03   2.4646335e-02  -9.6766469e-02   1.8559468e-01   9.9656869e-02   2.9889303e-01   1.8844597e-01  -1.5858001e-02  -9.7769199e-02   2.8966209e-01   2.4137923e-01   3.5789274e-02   9.6980114e-02  -4.1759038e-02  -1.3990996e-01   4.3189031e-02  -3.3673098e-02  -6.8386758e-02   3.4323127e-02  -3.3043592e-02   1.4891491e-01   3.3683724e-01   2.5576579e-01
  -1.9898115e-01   2.3285211e-01  -5.7504060e-02  -4.6454718e-02   0.0000000e+00  -4.9333907e-02  -5.2066758e-01   7.9754983e-02   3.6865714e-01   1.0010845e-01   9.8384163e-02  -1.7782226e-01   1.8783594e-01  -3.8446316e-01  -3.8708056e-01  -3.0790205e-02   1.7168417e-01   1.3079977e-01   1.2720282e-01   4.7970441e-01   9.4683533e-02   1.6331810e-01  -3.1542940e-01   1.8262901e-04   1.4090109e-01   1.8572325e-01   7.5710141e-03  -1.6078353e-01   2.0849963e-02  -1.7388700e-01   1.7702771e-01   5.9189892e-02   1.7089437e-01  -2.6122182e-01   1.7823547e-01   3.3434888e-01   2.5644700e-01  -1.6180796e-01   1.3405824e-01  -6.3485343e-02   1.8699423e-01  -1.4795291e-01   2.3147223e-01   3.1630734e-02   1.4422582e-01  -1.4432442e-01   6.5962633e-02  -2.5559643e-01   7.5809446e-02   7.4847327e-02  -1.4414469e-01   8.1359307e-02  -1.7229353e-02   2.2978038e-01  -2.3500013e-01  -1.3503574e-01  -6.2159696e-02   9.0813519e-02   4.7713576e-01   5.3773361e-02  -7.9794084e-02   6.3873928e-02   3.3906573e-01   1.4915076e-01   2.8782974e-01   2.9694965e-01  -9.2705181e-03   4.3127109e-01  -1.4777437e-01  -2.1792827e-01   9.4071257e-02  -1.0612258e-02   1.7615182e-01  -3.3432045e-01   2.1612697e-01   2.5687976e-01  -1.1226862e-01   1.1046880e-01   4.6210066e-01   2.4838072e-01  -3.6063859e-01   1.2440550e-01   1.8286714e-01   2.1470669e-01  -3.5860956e-01   5.2126075e-02  -1.5350728e-01  -3.6713606e-01   1.5846309e-01  -3.7331551e-02   4.7490454e-01  -3.0455873e-01   3.6068868e-01   2.5983392e-03  -9.7143323e-02   4.8229676e-01   1.3694809e-01   2.0742963e-01   4.6814745e-01  -2.1210871e-01  -2.9806703e-01  -2.6503089e-01   7.7790615e-02   3.7281147e-01   2.0137867e-01  -1.9552280e-02  -8.2364605e-02   3.4076604e-01   2.8041855e-02   3.6950802e-02   2.1181194e-02   2.1252488e-02   2.2742570e-01  -2.3638393e-01  -2.8418324e-01   3.7744804e-01  -1.9175798e-01   1.1778990e-01  -3.2126144e-01   4.3226444e-02  -7.7262746e-02   5.3877092e-01   1.4163578e-01   2.2874904e-01   2.7355573e-02  -2.3538189e-01  -7.0393003e-02   2.8671488e-02   1.9596458e-01  -2.9063025e-01   1.6633145e-01   5.2510799e-02   4.4829312e-02  -5.9423008e-03   5.3460868e-02  -7.0607132e-02   2.6277216e-01  -4.1088212e-01   1.0907497e-01   9.3312918e-02  -2.5273958e-01   4.4452410e-02   1.0561824e-01  -5.0594548e-01  -5.3436757e-02   3.8827972e-01  -2.6113530e-01   5.0496637e-01   5.1152770e-02  -1.4648390e-02  -2.9809632e-01  -1.8700959e-01  -4.2260979e-02   2.9280776e-01  -5.9627247e-02   6.8811350e-02  -1.1233975e-01   2.2431256e-01  -3.6588797e-01  -2.2957316e-02   7.0750483e-02   2.3156720e-01   3.3884812e-01   4.9881078e-02   3.4485630e-01   7.2869487e-02  -2.8541574e-01   7.7913028e-02  -2.9183700e-01   3.6591435e-01   2.5974840e-01  -2.2006043e-01   5.1441380e-01  -1.9503630e-01  -2.1131102e-01  -6.6638042e-02   1.7166990e-01
  -1.5966510e-01   7.2599811e-02   4.7237108e-03  -4.4351137e-02  -4.9333907e-02   0.0000000e+00   1.5224365e-01   1.8969549e-01  -8.3817140e-02   1.5549492e-01  -9.4655064e-02   2.4673069e-01  -2.7485686e-02   9.1014439e-02   1.2896296e-02   9.5996048e-02   1.0275458e-01   7.4562375e-02   2.5780051e-01   2.6230664e-02  -4.7723421e-02   2.1273460e-01  -6.9992930e-03  -1.4259396e-01   8.0213722e-02   1.8504179e-01   8.2846187e-02   1.2972875e-01  -2.3416328e-02   1.7932121e-01  -3.8315721e-01   1.1969194e-01   9.9659269e-02   5.7783452e-02   7.4497002e-02   1.1814190e-01  -2.7290314e-01  -2.5396775e-01   4.2609656e-02   2.0490211e-01  -1.2761500e-01  -1.6403733e-01  -1.6108314e-01   3.0478087e-02  -4.2541974e-02  -4.7230523e-02   1.3890664e-04   2.0267563e-01  -1.3609348e-01   1.0108580e-01   2.4840617e-01   3.2213442e-01  -1.5507046e-01  -1.6999085e-01   2.2190913e-01   1.6398214e-01   2.4984450e-01   6.7937002e-03   1.3157340e-02   7.4335451e-02   9.3954034e-02  -2.3377465e-01  -7.8462951e-03  -7.5412112e-02  -4.9811665e-02   9.8477708e-02   6.1373915e-01   4.8988314e-02   2.4820904e-01  -8.6055711e-02  -1.7756058e-02   1.9779908e-01  -1.3105591e-01  -2.8521496e-03   6.4080711e-03   9.3860598e-02   2.1092731e-02   2.0448135e-01   9.6586147e-02  -3.7178532e-02   3.9349953e-02  -1.3095262e-01   7.1452392e-02   2.6075746e-01  -1.0039945e-01   3.9315838e-04   1.1614108e-01   1.2302181e-01  -9.8448378e-02  -1.6462996e-01  -1.3097745e-02   6.1784722e-02   4.0005872e-02   5.2379961e-02  -1.3233021e-01  -2.1584569e-02   4.9645133e-02   5.0075342e-01  -1.7822991e-02   6.7027519e-02  -9.7543444e-02   2.3463958e-01   1.2349613e-01  -5.1727552e-02   1.0391629e-01   1.0924100e-01   6.8057002e-02   4.0254155e-01   4.6212045e-03  -8.5084266e-03   3.9091865e-02   1.1831175e-01   1.2454046e-02  -1.2796272e-01  -7.2063962e-02   6.0873368e-03   2.6292677e-01  -1.1238947e-01  -1.4124199e-01   6.2795955e-02   3.8042711e-02  -8.7535780e-02   1.6738134e-01  -4.8242326e-02  -1.3053260e-01   3.3730368e-01   9.4602560e-02  -5.7447799e-02   2.7441881e-01  -1.1220084e-01   2.8019728e-01   9.2395994e-02  -5.7559965e-03  -1.5254349e-01  -1.9336671e-01   2.4795493e-02  -1.4913565e-01   1.0739297e-02   2.5202895e-01  -5.7405413e-03  -4.7682025e-02  -2.0982977e-01   1.5411634e-01   1.3494047e-02   2.1362089e-02  -3.7770113e-02  -5.9450919e-03   1.0412085e-01   4.1543600e-02   3.8535201e-02  -2.1391994e-01   4.4408631e-01   1.8085409e-01   1.1510357e-01   1.1658332e-01  -1.3361496e-02   1.0555026e-01   5.3474301e-02   1.3742537e-01   1.0528068e-01   3.1447054e-02   5.8740293e-02   1.7597374e-01   1.2490597e-01   1.5822113e-01   8.5213403e-02   1.4913225e-02   1.0579109e-01   1.4127487e-01   3.5272514e-02  -2.2528118e-02  -1.9642530e-01  -9.9065513e-02   3.5565221e-01   1.3600186e-01  -3.8360914e-02   2.4860803e-01
  -2.1852815e-02  -1.4144078e-01  -1.1398496e-02   7.6672900e-03  -5.2066758e-01   1.5224365e-01   0.0000000e+00  -1.0838067e-01  -3.0716874e-01   1.7587521e-01   5.8327135e-02   2.7157018e-01  -3.6070340e-03   4.0967693e-01   3.0437788e-01   6.4776741e-02  -1.1414788e-01  -2.0117451e-01  -1.5200640e-01  -3.9183025e-01   5.1814767e-02   8.6009207e-02   4.9353383e-01  -2.6256466e-02  -1.7881237e-01  -1.8527042e-01   2.3464235e-02   3.5893290e-02  -1.4977333e-01   1.7504202e-01  -2.2724018e-01   6.7443812e-02  -1.0676983e-02   2.4864411e-01  -3.6682506e-01  -3.3582090e-01   4.8234150e-02   1.4382794e-01  -1.7375536e-01   2.7546217e-01  -1.9471290e-01   1.5237871e-02  -3.5655647e-01   9.1941672e-03  -1.9956377e-01   8.6465130e-02  -3.0048378e-01   4.4414354e-01   2.0404705e-02   3.7578776e-02  -1.3052555e-02  -1.0821397e-01   7.0103771e-02  -2.7020304e-01   3.0250481e-01   3.6707550e-01   1.7071753e-01  -8.1651906e-02  -3.5601771e-01  -1.1478237e-01   7.9865512e-02   9.0531208e-02  -2.9485959e-01  -1.2275213e-01  -4.0869949e-01  -1.6114382e-01   6.7639137e-02  -4.3932110e-01   2.0346137e-01   1.9612426e-01  -6.2811225e-02   2.5552710e-02  -1.6632929e-01   3.9679470e-01  -1.9795079e-01  -2.0973891e-01   8.2067618e-02  -2.0059228e-01  -5.7497888e-01  -2.2681395e-01   6.0897199e-01   5.9299446e-02   1.1260024e-01  -7.7265565e-02   1.4333466e-01   1.5005605e-03   1.0721009e-01   1.5745630e-01  -2.3439079e-01  -1.6670955e-01  -3.8555089e-01   6.4280781e-02  -4.7184301e-01  -1.3145521e-01   1.3867480e-02  -5.1961833e-01  -4.9788779e-02  -1.0802851e-01  -5.2327189e-01   3.8524462e-01   5.0422189e-01   4.3670499e-01   2.1512035e-01  -4.3813131e-01  -2.5676807e-01   1.3689114e-02  -9.6162226e-02  -5.0096123e-02   2.3961559e-01  -1.7028425e-01   1.1442513e-01   1.0270575e-01  -2.1560656e-01   4.9025222e-02   3.4306384e-01  -3.1276538e-01   1.4728766e-01  -1.3479503e-01   1.6906737e-01  -1.1336154e-02   4.5575243e-02  -3.4136567e-01  -9.5785567e-02  -2.3970248e-01   7.9920876e-03   1.7023089e-01   3.1771215e-02  -3.9770374e-02   6.0558495e-02   2.0965453e-01  -2.1477009e-02   7.0237112e-02  -2.6694718e-02   1.8121541e-01   1.9559050e-01   2.1366637e-01  -2.4921441e-01   5.1729074e-01  -5.3757279e-02   4.8922171e-02   9.8463947e-02   5.6139939e-02  -2.7625235e-01   3.9465719e-01   2.0510245e-02  -4.5822189e-01   3.3629402e-01  -3.8610615e-01  -1.1361029e-01   1.6203608e-01   2.3585985e-01   4.8460655e-01  -8.3750439e-02  -3.9957175e-01   1.2942764e-01  -2.2129061e-01   1.0942747e-01  -2.4141132e-01   2.1168392e-01   1.2878237e-01  -3.0338606e-01  -4.9560097e-01  -6.6326400e-02  -1.2442567e-01  -1.3326463e-01   6.4772897e-02   2.5164019e-01  -6.3433870e-02   1.5800709e-01  -3.3776616e-01  -2.5070986e-01   7.2955616e-02  -5.0519284e-01   2.1047526e-01   1.0343042e-01  -6.6186620e-02  -6.5030809e-02
  -8.4950622e-02   2.4221922e-01  -1.9867075e-02  -8.7407357e-02   7.9754983e-02   1.8969549e-01  -1.0838067e-01   0.0000000e+00   1.0423736e-01   1.0218177e-01   2.9122507e-02  -8.9237765e-02   1.8647197e-01  -2.0707909e-01  -5.9959942e-02  -8.4396367e-02   1.2244998e-01   6.7011084e-02  -4.3571748e-02   1.1014455e-02  -1.0792286e-01   1.9142829e-01  -3.2099934e-01   1.1245105e-01  -9.5561190e-02   1.4146604e-01   4.2504770e-02   2.1462260e-01   9.6115264e-02   4.4377091e-02  -2.4030545e-03   1.1346090e-01   3.5912675e-02  -4.4634571e-02   1.7463004e-01  -1.6854625e-02   3.4246289e-02  -1.0992782e-01   7.1507608e-02  -3.2447264e-02   2.2768186e-02   9.9871262e-02   7.3990179e-02   1.1520089e-01   3.6028563e-02   5.4783545e-02   3.7549696e-02  -2.5970338e-02  -7.1269485e-02  -9.1899806e-02  -1.2457579e-01   3.4556478e-01   2.5147208e-03   6.8424467e-02  -6.4292864e-02  -4.1989949e-03  -4.3104454e-02   1.4933030e-01   1.1607985e-01   2.8404285e-02   9.9393083e-02  -1.5594150e-01  -4.0504338e-02   2.4749307e-01  -1.3571495e-02  -1.7185717e-01   1.4651592e-01   1.8135863e-01   8.2342509e-02  -1.7817985e-02  -1.5533048e-02  -1.1294230e-01  -1.0188539e-01  -8.2097211e-02  -5.6700402e-02   3.7049302e-01   5.7139436e-02   1.5259309e-01   6.6361196e-02   2.4424445e-02   4.5231690e-02  -1.2309047e-01   4.2435914e-02   3.7253378e-01   9.1034898e-02   2.6762457e-02   1.1554357e-01  -5.4550414e-02   1.2842320e-01  -8.9911254e-02   9.1992836e-02   7.3284954e-02   1.3513836e-01   1.5975012e-01   1.0707613e-01  -1.4533378e-02  -7.1965769e-02   4.1056880e-02   1.6690362e-01   6.8912519e-02   2.4121497e-02   7.9035763e-02   1.0015060e-01   2.5205000e-01  -3.3807304e-02   2.4353968e-01  -1.6692650e-01   2.2670267e-01  -1.8794133e-01  -5.7258331e-02   1.2026419e-01  -1.0886018e-01   6.1727808e-02   5.1376670e-03   1.5976927e-02   8.9703052e-02  -9.8909390e-02  -2.5456801e-02   1.5501507e-02   4.3907834e-02   5.8504181e-02  -4.6661353e-02   1.1916083e-01   3.2255608e-02  -1.0891613e-01  -3.4473220e-02  -1.7695061e-01  -3.4012615e-02   1.7228508e-01  -9.3081682e-03   1.0429126e-01  -5.7436592e-03   8.4251929e-02   1.0777258e-01   2.0367751e-02   3.1746567e-01   7.9165107e-03  -1.3289523e-01   5.3486116e-01  -1.5672304e-01  -2.0334180e-01   1.9785105e-01   2.3189829e-01  -7.2751555e-02  -2.6122669e-01   2.1231918e-02  -3.9855517e-02   5.7778979e-02  -2.8124621e-01   1.1458464e-01  -9.1479558e-02   2.5551042e-01   1.1966169e-01   3.1504902e-01   2.2500931e-02  -5.6531520e-03   7.8820367e-02   2.5556408e-01   1.3922526e-01   2.5650569e-01  -4.6048676e-02   2.7389706e-01   1.4020016e-01  -3.7446030e-02   3.2250623e-01  -6.5942015e-02   6.1697036e-02   2.0410658e-01   7.9549473e-03   4.7940588e-02  -2.3384852e-01   2.4154432e-02   6.6303236e-02  -4.4670467e-02  -1.7491179e-01  -5.5478984e-02   1.7740225e-01
   1.4889867e-02   3.5857182e-01  -3.5736694e-02   2.3318391e-01   3.6865714e-01  -8.3817140e-02  -3.0716874e-01   1.0423736e-01   0.0000000e+00   3.2380808e-02  -4.9260022e-02  -3.9675092e-03   1.3490400e-01  -1.8276283e-01  -2.4671423e-01  -2.1880907e-01   8.2566318e-02   5.0778242e-02   9.9002514e-02   1.4564445e-01  -1.3066947e-01  -9.3001680e-03  -3.7584420e-01  -1.1857803e-01   9.7085786e-03   9.8127739e-02   5.8503420e-02  -1.1457799e-01   1.1640966e-01  -2.2805353e-01   2.0982716e-01  -1.4322954e-02  -1.3693314e-01  -2.6280654e-02   2.4807452e-01   2.3005395e-01   8.4761407e-02  -1.1294949e-01  -3.4397181e-02  -1.4087032e-01   3.7901688e-02   2.8847372e-02   4.1008985e-01  -1.3667605e-01   3.6907768e-01  -2.5283215e-01  -5.3076298e-02   7.1143897e-02   1.6481303e-01   3.2400777e-02  -2.5093692e-01   7.9048409e-03   7.3107206e-02  -4.7190905e-02  -1.2399502e-01  -1.1174615e-01  -1.6319346e-02  -4.3997959e-02   2.6827419e-01  -2.0072211e-02  -2.3680185e-01   2.1397418e-01   3.6316386e-01   3.3937973e-01   3.2926896e-01   2.0601070e-01  -1.3753991e-01   3.4907974e-01  -3.9375585e-02  -3.0804566e-01   2.5038897e-01   1.3418806e-01  -2.8286817e-02  -2.5975205e-01   3.1249566e-02   1.7964292e-01  -1.8920068e-01  -1.2876444e-01   3.7128324e-01   1.5516304e-01  -1.3336464e-01  -1.2502534e-01  -1.0629091e-02  -3.4418777e-02  -1.8837762e-01  -5.7676981e-02   6.1584048e-02  -3.4156989e-01   2.1783462e-01  -9.8575887e-02   2.6131262e-01  -2.4104011e-01   4.1001614e-01   3.0372585e-01  -3.3614688e-01   2.7156186e-01   3.1951799e-01   2.0365801e-01   3.9144164e-01  -1.0900294e-01  -2.1280605e-01  -1.9556824e-01  -1.5572309e-01   4.2937664e-01   9.7681423e-02  -2.5242098e-02   3.1585995e-02   1.6442368e-01   1.0817416e-02   5.5051865e-02   3.6497603e-02  -1.6896874e-01   2.4792699e-01  -2.7691465e-01  -1.5223794e-01   1.8073793e-01  -1.2264472e-01  -1.7604210e-01  -3.0338182e-01   2.3078077e-01  -1.9894803e-01   7.8684309e-02   1.4117847e-01   5.2957973e-02  -1.1311726e-01  -4.1629847e-02  -2.2619577e-01  -1.5749987e-01   1.7456764e-01  -2.7690996e-01  -1.4099932e-01  -7.1492713e-02   4.3708427e-02  -6.8643107e-02   2.8084418e-01   5.2574913e-02   2.9128858e-01  -9.8620069e-02   1.7718377e-01  -3.3528053e-02  -1.1431864e-02  -6.1812152e-02   5.9615713e-03  -4.0032855e-01  -3.9208448e-02   1.4753978e-01  -3.9513261e-02   1.5834343e-01  -3.9722239e-02   1.0276618e-01  -3.1191083e-01  -1.2313116e-01  -2.5834518e-01   3.0580252e-01   1.5094609e-01   1.4242506e-01  -2.2031807e-01   2.1056597e-01  -3.6618126e-01   2.2544205e-02   2.3694264e-01   3.4824309e-02   3.0512098e-02   3.7703881e-02   1.4731025e-01   9.3416155e-02   6.7808077e-02   1.0698675e-01  -3.2796174e-01   2.3125193e-01   7.3984648e-02  -3.1030065e-01   4.2514629e-01  -2.6474823e-01  -6.9846498e-02   2.0970198e-01   2.1361007e-01
  -3.6887670e-01  -4.5835985e-02   2.6629179e-01  -1.9557678e-01   1.0010845e-01   1.5549492e-01   1.7587521e-01   1.0218177e-01   3.2380808e-02   0.0000000e+00   3.9202722e-02  -2.0895540e-02   1.2233034e-01  -3.1948965e-01  -9.3458306e-02   1.0409498e-01   2.6194131e-01  -7.8711901e-02   1.0943624e-01   3.2987221e-01   5.3565636e-02  -2.7303411e-02   7.7299422e-02  -2.2785880e-01  -3.1003810e-01  -2.5431647e-02   8.0382966e-02  -1.1675602e-01  -1.0738282e-01  -3.5334833e-01  -2.7915265e-01  -1.5464064e-01   4.2194567e-01   4.5273633e-01   8.2081918e-02   2.0882801e-01   1.6427671e-01  -1.5762700e-01   1.8583858e-01   5.4910272e-01   2.2595457e-01   4.3811661e-02   2.6813158e-01   2.3551712e-01  -2.8832194e-01  -2.5608952e-01  -1.1430375e-01  -2.1844315e-02   1.4426452e-02   3.4901156e-01  -1.9732290e-01  -2.0762028e-02   5.3108151e-01  -1.7785381e-01  -4.2197508e-02   3.6072048e-01  -4.9581813e-02  -5.0539052e-02  -6.9606836e-02  -4.4276268e-01  -2.4535702e-01  -2.1950690e-01  -1.3540696e-01   1.5690857e-01  -3.3479676e-01   3.7866783e-01   1.3482815e-01  -2.1166248e-01  -6.8648048e-02  -1.6688337e-01   4.6672087e-01  -2.1190734e-01  -2.2413491e-02  -1.0230567e-01  -1.8231288e-01   4.3932230e-03  -2.8762928e-01   9.3178679e-03  -9.2820910e-02  -1.6973214e-01   3.1829318e-01  -6.7552768e-02   3.3698547e-01   4.3067725e-02  -1.9095052e-01  -1.8793000e-01   6.5068186e-02  -1.3784866e-01  -1.1089230e-01  -3.1569826e-01   4.3415367e-02  -2.8349656e-01   4.0615819e-02  -3.9196403e-02  -3.4286745e-01   3.1539949e-01  -5.8218555e-03   9.9100900e-02   3.3947937e-02   3.6760826e-01   2.4994393e-01   2.7114462e-01  -1.5887051e-02  -1.7835548e-04  -3.3879669e-01  -1.4045686e-01   4.6081679e-03   6.6840969e-02   2.9326832e-01  -2.7108683e-01   5.2730718e-01  -1.9649548e-01  -2.2927179e-01  -3.8587433e-01   2.6764285e-01   9.2514744e-02  -7.5752449e-02  -3.0824473e-02  -1.4031891e-01  -1.4647129e-01  -4.5721480e-01   2.6666502e-01   5.9325067e-02  -3.2300796e-01  -3.1248581e-01  -2.2116160e-01  -3.8453096e-01   1.0816959e-01   1.3610622e-01  -2.0805523e-02   3.1311022e-01   3.0920558e-01   2.1850060e-02   9.1605118e-02  -6.9942096e-02   1.5399595e-01   3.1503762e-02   1.7756081e-01  -4.6544005e-02  -1.5119640e-01  -2.2963526e-01   1.4442523e-01  -2.9867550e-01   4.7823626e-02  -1.1896422e-01  -3.0529183e-01   6.3332232e-01   1.0759302e-01  -5.2223972e-02   2.5421210e-01  -1.6121191e-01   2.9944604e-01  -3.7248303e-01   8.3340011e-02   2.6388210e-01  -4.7238360e-02  -3.7045445e-01  -4.6896812e-02  -2.4012435e-01   8.7755361e-02  -8.3392096e-02  -1.0573241e-01   4.9747339e-01  -1.8544819e-01   3.4422316e-02   2.8777384e-01   4.5689971e-02   2.3880021e-02  -3.6115549e-01   2.4678492e-01  -8.8897203e-02  -3.9813012e-01  -2.8658077e-01   1.0771349e-01  -2.0037854e-01  -7.1678450e-02   9.0933088e-02
   1.0603643e-01  -1.5144073e-01  -4.6022933e-01   1.0368835e-01   9.8384163e-02  -9.4655064e-02   5.8327135e-02   2.9122507e-02  -4.9260022e-02   3.9202722e-02   0.0000000e+00  -3.2386958e-01   2.3364136e-01  -1.4996781e-01  -2.8481175e-02   2.9836248e-01  -3.0905803e-01   2.5029871e-01   9.4337777e-02   2.3635178e-04   3.9340107e-01   2.3308120e-01   7.0699732e-02  -1.9535301e-02   1.0214092e-01   1.1439782e-01  -2.4562438e-01  -1.7410192e-01  -3.1425503e-01  -3.0438929e-02   9.0411703e-02   2.9827495e-01   2.0034559e-01  -4.8311342e-02  -5.5932218e-02   1.7874072e-01   3.6123564e-01   3.0364448e-02   2.8487502e-01  -8.5268004e-02   2.9362082e-01   3.3949867e-02  -3.0275566e-02   2.0194822e-01  -9.3522918e-02  -1.1430231e-01   2.1028253e-01   3.1974386e-02   1.6836670e-01  -2.7445405e-01   1.4328012e-01   2.5693464e-01   1.5989948e-01   2.6999956e-01   1.1430388e-01   9.3722289e-02  -1.9629010e-02   5.4895678e-03   3.2382172e-01   1.1874592e-01  -1.7760226e-01   2.3694657e-01  -2.2030731e-02   1.6073837e-01   1.7627252e-01  -7.4256823e-02  -1.9947699e-01   1.3289041e-01   1.3437870e-01  -1.9342115e-01  -1.3018487e-01   8.3106945e-02   2.4778627e-01  -1.1224691e-01   4.3571428e-02   1.9552633e-01  -1.0116429e-01  -1.8363748e-02  -1.6939404e-01   1.7116610e-01   1.1466590e-01   2.0487645e-01   2.5426481e-01   1.7562188e-01  -1.0869974e-01   1.3713834e-01   1.1566098e-01  -1.2714082e-01   4.8806870e-02  -1.2420332e-01   2.8222636e-01  -1.5814395e-01  -2.1151927e-01   2.0594093e-02  -8.8872899e-02   9.7952480e-02   1.4915580e-01   4.1290254e-02   1.4933969e-01  -5.7996290e-02   1.3226097e-02   1.4428623e-01   2.0385632e-02   2.4112632e-03   1.2355360e-01   1.3941674e-01  -9.9451357e-02   2.3878798e-01   9.5911213e-02  -1.3264065e-02   1.1299835e-01   8.7280370e-03   2.3279459e-01  -1.9702771e-01  -4.4072115e-02   2.3111007e-01   1.4307383e-02   2.8486454e-01  -4.5846551e-02   1.8277057e-01  -4.6176208e-02   1.1078925e-01   4.6646473e-02   1.8979945e-01  -1.0734765e-01  -2.7531252e-01   2.5787044e-02   2.1541845e-02   4.7730454e-02  -3.2526382e-01   2.2882874e-01   4.6178509e-01   2.7632465e-01   3.2883908e-01   2.6462295e-01   2.6703575e-02   3.8299730e-01   1.0518840e-01  -7.8935624e-02   2.3093128e-01  -8.0994232e-02   1.7228675e-02  -2.7704906e-03  -2.8673818e-01   1.0737754e-01   2.6962610e-01  -1.3306664e-01   2.9960492e-01   7.3905670e-02   1.8818962e-01   2.9678838e-02  -1.2566777e-01  -5.6257656e-03   1.4057019e-01  -3.0185484e-01  -7.4324900e-03  -1.4758933e-01   1.9108482e-01  -2.8216142e-01   1.8959691e-01  -9.4667933e-02   2.5668429e-03   4.5235211e-02   1.0077390e-01   2.9080824e-01   2.2837869e-01   1.2679980e-01  -1.5520433e-01  -1.7223260e-01   8.3854745e-02   1.4403323e-01  -9.5697449e-02   7.2490115e-02  -1.4129921e-01  -3.1019960e-01   1.7079404e-01   1.4071966e-01
   1.0677674e-01   2.5233560e-01   3.1432943e-01  -6.7893627e-02  -1.7782226e-01   2.4673069e-01   2.7157018e-01  -8.9237765e-02  -3.9675092e-03  -2.0895540e-02  -3.2386958e-01   0.0000000e+00  -1.9677224e-01   2.1480256e-01   1.3353227e-01  -7.9421144e-02   2.6170219e-01  -1.3216559e-01   8.2815976e-02  -8.8811347e-02  -2.9374273e-01  -1.3713121e-01   5.0919868e-02  -4.9413799e-02  -1.5875409e-01   9.0409484e-02   9.6712896e-02   1.4686020e-01   3.7542013e-01   9.3682228e-02  -7.9907050e-02  -8.3742361e-02  -1.5915650e-01   2.5295621e-01   6.8947810e-03  -4.7402480e-02  -2.2004584e-01  -2.8132524e-02  -1.6368433e-01   1.2584371e-02  -2.4508745e-01  -1.0560494e-03   1.0058877e-01   8.2810627e-02   2.6747873e-01  -8.1935777e-02  -1.4220132e-01   2.6967850e-01  -3.2844911e-01   3.2278850e-01  -9.4295976e-02  -1.0937729e-01  -1.8467562e-02  -3.0426634e-01  -4.9292847e-02   1.8622208e-01   3.5190535e-01  -1.8145258e-01  -1.7265309e-01   5.0574651e-03   1.3179883e-01  -1.0961909e-01   1.1448255e-01  -1.3888595e-01  -8.4315235e-02   2.0204286e-01   2.9219026e-01  -1.9367813e-01  -6.5322509e-02   4.6961224e-02   1.1011771e-01   1.8746904e-01  -2.7745145e-01   2.2567673e-01  -1.1182661e-02  -1.7185908e-01   1.0692316e-03   4.8065965e-02   1.7460125e-01  -8.1729639e-02   6.1229366e-02  -1.4406914e-01  -1.3422421e-01   7.1005483e-02   1.8497071e-01  -3.1014872e-01  -1.9024859e-01   1.0592384e-01  -6.5865616e-02   7.7788474e-02  -1.6419171e-01   1.9675635e-01   2.0394173e-01   2.1872216e-02  -6.7316924e-02  -3.4549092e-02  -8.0170844e-03   1.1398396e-01  -2.1828558e-01   8.2077210e-02  -1.4128641e-01   1.1647250e-01   8.3667517e-02  -2.3421598e-01  -5.9074096e-02  -1.5556643e-01   1.9344407e-01  -5.6466632e-03  -9.8190873e-02   2.5239923e-02   7.1552815e-02  -1.2297480e-01  -2.5754412e-01   3.6249919e-02  -2.7482830e-02  -9.9384537e-02   2.0987805e-01  -1.4345056e-01  -7.0611108e-02  -1.9180592e-02  -9.7406794e-03   9.5521764e-02   2.6602338e-02  -1.9527870e-01  -9.1056679e-02   3.9664068e-01   1.0826582e-01  -9.7952146e-02  -5.2688823e-02   1.8388338e-01   6.2205686e-02  -1.7164089e-01  -2.0919616e-01  -3.2226328e-01  -9.9967659e-02   8.8902739e-04  -2.3217397e-01   3.9423906e-02  -7.9115851e-02   4.1726603e-02   1.7640994e-01  -1.2691514e-01  -1.0753688e-01   2.9847081e-01   1.4031433e-01  -1.2841491e-01   1.2535016e-01  -1.4556894e-01   1.1571920e-01  -2.4088455e-01  -9.6623215e-02   4.1484234e-02  -1.7027840e-02  -6.8546195e-02   3.5807299e-01  -5.9008498e-02   6.6906505e-02  -2.3923403e-01   1.4861820e-01  -4.5866731e-03   2.5327433e-01  -6.1343903e-02  -6.7874278e-02   1.1978967e-02  -1.8973400e-01  -1.1483482e-01  -1.3706783e-02  -1.0747117e-01   1.3322478e-01  -3.0213521e-02  -7.5762751e-02  -6.6135017e-03  -1.7936967e-02   3.2039016e-01   3.6044197e-01  -8.3166611e-02  -1.1189751e-01
  -1.3805127e-01  -1.1059742e-01  -4.5763978e-02   6.1413453e-02   1.8783594e-01  -2.7485686e-02  -3.6070340e-03   1.8647197e-01   1.3490400e-01   1.2233034e-01   2.3364136e-01  -1.9677224e-01   0.0000000e+00  -1.8281705e-01  -7.4627807e-02   2.5573728e-01  -7.7492201e-02   6.1032770e-02   2.1605393e-02   1.6680915e-01   1.0101552e-01   1.3634570e-01   5.0949170e-02  -2.0150244e-01  -1.7085019e-02  -2.4537632e-01  -1.2726976e-01  -3.0830056e-02  -2.2948727e-01  -2.3369168e-01   7.0014589e-02  -1.6761194e-01   2.7487368e-01  -1.4356890e-01   1.2703232e-01  -3.7436613e-02   1.1783177e-01  -6.1327740e-02   3.1388817e-01  -1.6018813e-02   5.3263282e-01   1.2959009e-01  -8.0844653e-02   2.2304312e-01  -5.6479529e-02  -2.2013061e-01   2.3478111e-02  -2.4461002e-02   2.4395817e-01  -5.3121316e-02   6.0476393e-02   4.1259536e-02   1.8297596e-01   5.4910911e-02   1.3226554e-01  -5.4073188e-02   7.9417867e-02  -1.7631444e-01   1.8754094e-01  -7.2918510e-02  -4.7165867e-02   3.2326486e-01   2.4580258e-02   2.3751157e-01  -9.8170792e-02  -1.0480780e-01   5.8658647e-03  -4.9948144e-02   3.6286724e-02  -1.1697675e-01   1.2282483e-02  -6.3116241e-02   4.0999084e-01  -1.0890999e-01  -6.7013318e-03   1.0008810e-01  -1.1782037e-01  -1.8247540e-01  -9.2110877e-02   9.8603062e-02  -6.5552949e-02   2.2964735e-01   6.5140089e-02  -1.0094843e-01   2.9237694e-02  -3.0322078e-02  -1.6054664e-01  -1.5469712e-01   5.5220995e-03  -3.0466436e-01  -1.3496608e-03  -6.0797730e-02  -4.9247276e-02  -4.8588109e-02  -6.9728030e-02   2.4407516e-01   1.0287028e-01   2.6844718e-02   3.3469969e-02   1.8853168e-01   1.5063400e-01  -2.9105272e-02   1.0906203e-01   3.5109447e-02  -9.1596839e-02   6.6321615e-02   4.2957336e-03   4.5775763e-02   1.6462290e-01  -2.2974653e-01   7.7755981e-02  -1.7550473e-01  -7.3812046e-02  -4.9377324e-02  -5.7354374e-02   2.2058845e-01  -5.7107326e-02   4.8357400e-01  -1.2970500e-01   5.0138572e-02  -2.0853366e-01  -4.7968649e-02   6.3847602e-02  -5.5105320e-02  -1.4334530e-01  -1.2248916e-01  -5.4586288e-02  -4.4752168e-03   2.1557965e-02  -6.3050215e-02   2.5410989e-01   2.0148200e-01   1.2330118e-01   6.4204689e-02   2.4017758e-01   1.1992496e-01   1.3418618e-01  -6.3262785e-02   7.4184347e-02   1.0806557e-01  -2.4669792e-01   4.4703217e-01  -1.7502662e-01  -2.0978743e-02  -1.3618420e-01  -7.6918883e-02   7.2343083e-02   3.0912732e-02  -1.8760083e-01   2.2335727e-02  -9.2901833e-02   3.0277311e-02  -1.6538280e-01  -1.5587271e-01  -2.4069647e-02  -6.5773547e-03  -2.7971205e-01   2.5545178e-01  -1.1851216e-01  -1.0728617e-01  -1.2308364e-01  -2.5292319e-01  -7.5142906e-02  -1.1170717e-01   1.5889137e-01  -3.9266521e-02   4.6835667e-02  -2.5128857e-02  -2.7940562e-01  -2.8792746e-02  -1.2163510e-02  -3.0489540e-01  -1.8780327e-01   1.3919746e-01  -1.8059521e-01   2.1263871e-01   2.3049168e-02
   1.7525113e-01   1.2554026e-01  -8.6397023e-02   2.3843811e-01  -3.8446316e-01   9.1014439e-02   4.0967693e-01  -2.0707909e-01  -1.8276283e-01  -3.1948965e-01  -1.4996781e-01   2.1480256e-01  -1.8281705e-01   0.0000000e+00   1.4383126e-01  -6.8284188e-02  -1.2047855e-01  -3.2181631e-02   7.7227707e-02  -4.8145891e-01   2.1529230e-02  -2.2804104e-02   2.6197403e-01   1.5389102e-01   2.3791430e-01  -5.2824253e-02  -1.9690108e-03   2.9696806e-01  -1.7850173e-01   4.4619572e-01  -5.0478349e-02   4.7336485e-02  -7.2403701e-02  -2.4132376e-01  -3.2166763e-01  -3.4240568e-01  -1.3546729e-01   1.1376981e-01  -2.1478341e-01  -3.6745292e-02  -2.1846927e-01  -1.1881905e-01  -3.0743488e-01  -1.2731379e-02   5.7930108e-04   1.2006648e-01  -2.1744694e-01   4.3428288e-01  -5.1035995e-02  -4.5197812e-02   3.8822676e-02   3.4117140e-02  -3.3805553e-01  -1.4396275e-01   3.7124486e-01  -1.6210959e-01   1.2575904e-01   1.4989650e-01  -2.5786192e-01   4.5070433e-02   1.4651107e-01   4.4231656e-02  -1.9577183e-01  -2.1750515e-01  -2.0128102e-01  -1.3859342e-01   4.9894914e-02  -2.2088650e-01   1.6108070e-01   2.3255239e-01  -2.4454647e-01   1.7456685e-02  -1.1755245e-01   2.6309464e-01   6.6369722e-02  -6.7724045e-02   1.9107496e-01  -7.1449827e-02  -3.4254961e-01  -8.9752416e-03   2.0021915e-01   1.9119243e-02  -2.1868585e-01  -1.1899303e-01   3.6775693e-01   2.4785117e-01   2.9919725e-01   4.2119124e-01  -2.3715369e-01   1.2849855e-01  -2.9678402e-01   2.5657955e-01  -4.1365633e-01  -2.9645209e-01   2.1477467e-01  -5.8730119e-01  -1.4424959e-02   1.1925854e-03  -4.1543155e-01   6.6213131e-02   3.0613392e-01  -1.1790709e-02   3.5174148e-01  -2.0395632e-01   5.6783932e-02  -1.1463379e-01   3.6449143e-02  -1.2582870e-01   3.8490608e-02  -4.2384841e-02  -3.3186842e-01   3.9369163e-01  -4.0610149e-02   2.6887892e-01   1.2000370e-01  -3.8276185e-01   1.2588677e-01  -7.0251738e-02   3.3089652e-01   3.7331276e-02   2.2999295e-01  -3.5787686e-01  -1.0926241e-01  -1.9920814e-02   2.4178721e-01   3.7299666e-01   2.7297353e-01  -1.3429052e-02  -7.3015120e-02   2.3457521e-01  -2.1497518e-01  -2.2185122e-01   6.9925345e-02  -2.5844240e-02   3.8323662e-02   2.6098119e-01  -2.4461578e-01   4.1467140e-01  -2.8840602e-02   1.3813022e-01   2.0036692e-01  -3.0393499e-01   8.6812190e-02   3.6637614e-01   2.0389939e-01  -2.3743832e-01  -1.7701251e-01  -1.1535744e-01  -6.9224280e-02   4.5101021e-02   3.7789103e-01   2.3028628e-01   2.0116567e-01  -2.4346532e-01   8.9073168e-02  -5.1385295e-02   3.3514047e-01  -2.2148101e-01   2.9573708e-01   8.1133483e-02  -1.0941025e-01  -2.1308130e-01  -1.4494218e-01  -4.1350501e-02  -1.0738485e-01  -2.8667767e-01  -9.7005551e-03  -8.2436250e-02   4.6423973e-01  -3.6678760e-01  -1.9158152e-01   2.8799160e-01  -2.5986664e-01   1.3116303e-01   3.1311816e-01  -7.5158070e-02  -1.3689056e-01
