   0.0000000e+00  -3.3496189e-01   2.1250194e-01   2.6193953e-01  -5.6872312e-02  -1.6174161e-01  -4.3043895e-01   3.3100171e-01  -2.1145587e-01  -3.8486531e-01  -1.6315054e-01  -1.4870095e-01  -1.7394360e-03  -2.8802277e-01  -3.8329269e-01  -5.5650426e-01   2.5110924e-01   3.1253761e-02   2.6524224e-01  -1.7321120e-03  -1.7927609e-01   4.6166751e-01  -2.1350024e-01   8.4870167e-01   5.9403551e-02   3.3766348e-01  -2.9407582e-01   5.2837692e-01  -1.6624508e-01   7.6155791e-02  -5.1241363e-01   3.1904643e-01   2.2796427e-02  -4.5202043e-01  -2.8763214e-01  -7.8748089e-02  -2.6894867e-01   6.3588425e-01  -5.2645730e-01  -3.9688024e-01  -2.7841966e-01   1.7823682e-01   1.5024409e-01  -6.5249811e-03  -3.8145441e-01   6.7320206e-01   8.6679300e-02  -5.3816717e-01  -2.9892189e-01   5.6592997e-02  -5.3210515e-02   5.2474048e-01  -4.5134576e-01  -1.5585664e-01   3.5849352e-02   1.1928122e-01   2.7230973e-01   2.6057638e-01  -3.7282042e-01   4.1160948e-01   3.1623662e-01  -8.0328786e-02  -2.4199800e-03  -5.0934403e-01  -4.2208165e-01  -7.5890918e-02  -4.9606457e-02   6.6257342e-02   2.2894181e-02   3.4530041e-01  -3.7706112e-01   1.2662238e-01  -3.2906364e-01   6.7090396e-01   2.1568524e-01   5.4896233e-01   5.8206858e-01   1.1141385e-01  -3.3664830e-01  -8.0966213e-02   1.7321512e-01  -3.7884327e-01  -3.4018535e-01   3.5482010e-01  -1.2711894e-02   2.0955677e-01  -3.3942664e-01   4.7314305e-01  -2.2048033e-01   8.3641564e-01  -1.9014639e-01   4.0538699e-01  -1.0859706e-01   3.1615075e-01   6.4274796e-01   1.2648598e-01  -1.0495411e-02   7.3956080e-02  -1.6530826e-01  -4.4082773e-01  -1.8706760e-01  -2.3328745e-01  -9.0703443e-02   4.6604354e-02   1.0575590e-01   3.6342569e-01  -1.0781073e-01   2.0385955e-01  -3.4936496e-01  -2.6151310e-01  -4.5295114e-01   2.4580396e-01   1.7811885e-01   7.9410618e-01  -6.0296772e-02  -3.1024944e-01   1.9765246e-01  -2.0118769e-01   7.4783265e-02   1.4674376e-02   7.2343446e-01  -1.0696476e-01  -1.7976749e-02  -4.5748406e-01   6.6479738e-01   5.6496871e-01  -3.3690921e-01   1.1235084e-01   4.6857629e-01  -5.5433522e-02  -3.7954339e-01  -5.2379999e-01   5.7073230e-01  -4.2172024e-01   2.9676921e-01   2.2341312e-01   1.9027432e-01  -3.9153270e-01   3.0371678e-01   7.5387542e-01   7.4199794e-01  -5.1248179e-02   5.9460709e-02  -1.1463580e-01  -1.5149417e-01  -8.2957400e-02  -4.2653481e-01   7.8147955e-02  -5.1978682e-02  -2.2916714e-01   6.7098259e-01   2.3242114e-01   4.5909080e-01  -7.6966553e-02  -2.3118954e-01   8.1569679e-01   8.2738565e-01  -2.4380593e-01   4.0228117e-01   1.1444768e-01   4.3729065e-02   6.3236656e-03  -2.8419150e-01   2.5715536e-01   2.5457959e-01  -2.8524325e-01  -1.8901888e-01   3.1864765e-01   6.5649980e-01  -1.9136753e-01  -2.0757032e-01   7.1247757e-01   1.4747149e-01   6.8789055e-02   3.2851059e-02  -8.5560890e-02   3.4321769e-01
  -3.3496189e-01   0.0000000e+00  -5.7851503e-02  -3.0671896e-01  -1.5073119e-01   1.2458549e-01   4.6796031e-01  -1.2588716e-01   7.0652348e-01   2.5502436e-01   6.0395428e-02   5.0994878e-01  -1.7383242e-01  -5.9028689e-03  -2.3735282e-01  -4.8580946e-03  -7.9402583e-02  -1.5498272e-02  -9.3567285e-02  -6.3654410e-02  -2.0704364e-01  -1.7307587e-01  -3.5745602e-01  -3.1124333e-01  -8.7490205e-02  -6.6837895e-02   2.3727835e-01  -2.1750316e-01   2.2895895e-01  -1.0679217e-01   1.7037458e-01  -2.5818203e-01  -1.2226796e-01   3.6272795e-01   6.2484389e-01  -2.4827018e-01   5.6204465e-02  -4.4019438e-01   4.8175564e-02   3.0122768e-01  -5.5559444e-02  -3.1254552e-01   3.3900963e-01   2.0486064e-01   4.6654990e-01  -2.8808124e-01  -2.3006180e-01   4.8328537e-01   2.1119179e-01  -1.7258501e-01  -6.6748893e-02  -3.7876379e-01   4.2780355e-01  -1.7716329e-01  -1.3671442e-01  -3.1498162e-01  -1.3995090e-01  -3.2901099e-01   2.3435071e-01   1.0085485e-01  -1.6130017e-01   2.0086022e-01   5.3545124e-01   4.6632562e-01   4.1331254e-01   2.1723677e-01   3.4807195e-01  -1.8511825e-01  -3.6995938e-01   1.8206513e-01   6.4444954e-01  -6.6323388e-02   2.1566450e-01  -8.8405202e-02  -8.3844933e-02  -1.2914603e-01  -3.5232875e-01   2.2569940e-01   4.4030757e-01   3.3606033e-03  -3.5894443e-01   3.7386232e-02  -2.2779912e-02  -1.3180523e-01   1.4332890e-01  -6.0495400e-02   6.3756406e-01  -3.5543537e-01   1.8316660e-01  -2.5629954e-01   3.6017707e-01  -7.4340199e-02   1.2683321e-01   4.0325111e-01  -5.4245548e-01  -1.5586885e-01  -1.0877877e-01   1.1266591e-01   1.3554597e-01  -1.5988143e-02   1.7897799e-01  -1.0122400e-01  -2.5150323e-01   5.3000121e-01  -8.1661686e-02  -2.1981911e-01  -1.1033877e-01  -1.3852047e-01  -7.3522165e-02   1.6490057e-01   4.9543216e-02  -1.2795326e-01  -1.1313061e-01  -5.5994427e-01  -1.2652075e-01   3.0070590e-01  -2.6344433e-01   2.4258312e-02  -2.0467881e-01  -2.3155249e-01  -3.3394093e-01   5.0648835e-02   3.9754298e-01   5.8875134e-01  -3.1748823e-01  -4.3855760e-01   1.3332726e-01  -2.7821043e-01  -1.1666399e-01   4.3045184e-01   1.4646495e-01   5.1875916e-01   2.2382046e-02   1.6666960e-01   1.8549349e-01   5.4675226e-02  -1.7467295e-01   5.9865122e-02  -1.0338969e-01  -5.0610448e-01  -3.1236972e-01  -1.4784834e-01  -4.4173703e-02   2.6123346e-01  -2.3856289e-01   3.2315514e-01   3.0180616e-01   1.9331776e-01  -5.6520368e-02   1.4577578e-02  -1.8165540e-01  -1.3480732e-01  -2.2788444e-01   2.8953241e-01   5.8621872e-01  -3.9694463e-01  -4.6219478e-01   2.3158299e-02  -3.2104441e-01  -3.4364675e-01   5.2468535e-02   8.7203203e-02   4.3843903e-01  -2.1154141e-01  -2.5843064e-01   3.7310268e-01  -4.1632402e-02  -3.0771317e-01  -3.6760291e-01   2.4797423e-01   3.5424857e-01  -6.1446674e-01  -9.3694348e-02   1.3341376e-01   1.5575901e-02  -1.4830694e-01  -1.3188461e-01
   2.1250194e-01  -5.7851503e-02   0.0000000e+00  -1.6806702e-01   1.9390238e-01  -7.2296413e-02  -1.7388810e-01  -5.1641165e-02  -1.8427566e-01  -3.3942155e-03  -5.7196670e-01   7.8205926e-02   1.3304598e-02  -3.4774056e-01  -1.1379185e-01  -1.7084194e-01   8.2480720e-01  -2.2400224e-03   5.4799778e-02   1.2938918e-01  -4.2316713e-01  -1.6698952e-01  -1.8934825e-01   1.9086738e-01   1.8780015e-01   7.1835599e-02  -1.6643596e-01   2.7841134e-01   2.0221305e-02  -1.7440649e-01  -3.4672307e-01  -6.3182176e-02  -1.2883858e-01  -1.2211992e-01  -2.3742310e-01  -1.9073817e-01  -4.4894050e-01   2.7462423e-01  -1.9624122e-01   2.4575876e-01  -1.2581044e-01   1.1369542e-01   3.8523989e-01  -4.1162777e-01  -2.6143249e-01   1.2197927e-01  -3.9956676e-01  -3.8080791e-01  -2.9246827e-01   7.7080749e-01  -2.1592137e-01   2.4608694e-01  -1.9452127e-01   5.6984109e-01  -1.0329165e-01   1.4264875e-01   4.5817277e-02   4.2775393e-02  -1.7689446e-01  -2.1955113e-01   1.0383183e-01   1.0978796e-01   1.3321358e-04  -2.8147294e-01  -3.2996918e-01  -1.5472563e-01   1.3569926e-02  -1.5250170e-01  -3.0142024e-01   5.8630164e-01   4.9612782e-02  -7.2431319e-02  -2.2633360e-01   3.1483070e-01   3.9408361e-01   1.0634918e-01   2.2936809e-01   1.5083813e-02   1.2459697e-01  -1.5264126e-01   4.3035754e-02  -1.5692038e-01   8.0696547e-02  -2.0243806e-01   4.3216858e-01  -6.7162180e-02  -2.9835996e-01   4.2947889e-02  -1.3534730e-02   1.9729259e-01   1.5680620e-01   2.4008245e-01   6.0409151e-01   1.0344577e-01   2.0273035e-01   3.1858780e-01  -2.0229871e-01   2.0466711e-01  -7.8508388e-02  -3.6380110e-01   2.2980681e-01  -3.7729266e-01  -2.2484782e-01  -2.6571366e-01  -3.9175639e-01   8.0776083e-02   4.4713819e-01  -2.1059134e-01  -1.6727025e-01   6.3048817e-02   1.7336349e-01  -4.7216603e-01  -8.7335391e-02   2.7197291e-01   1.4555670e-01  -2.2563188e-01   2.7944283e-02  -1.6841247e-04   1.2275625e-01  -2.8908008e-02   1.1587297e-01   4.7029464e-01   1.4075725e-01  -4.5446320e-01   2.5828441e-01   3.2107170e-02  -1.2444420e-01   5.4627453e-02   4.8166524e-02   4.3793573e-01   2.1063971e-02  -4.7615064e-01  -3.3281751e-02  -9.9212201e-02   3.7249782e-01   6.7425774e-02   9.5828377e-02  -2.1680916e-01  -1.0791669e-01   2.4715607e-01   1.5687706e-01   1.1709797e-01  -4.1315561e-01   2.7918300e-01  -1.2193334e-01  -2.1570879e-01   4.2388639e-01  -7.7528132e-02  -1.0554102e-01  -3.4486543e-01   3.7796532e-01  -4.9694310e-02   4.2501807e-01  -1.9108243e-01   4.9767886e-01   1.8483234e-01   2.1516516e-01  -1.4411437e-01   1.4418725e-01  -5.8612174e-02  -2.0795979e-01  -2.9795118e-01  -1.1192029e-01  -1.5360404e-01  -1.9640734e-02   6.6439698e-02  -5.6176839e-02  -4.9587998e-02   3.3245018e-01   4.6041395e-01  -8.3499669e-02   2.9043438e-01  -1.6290522e-01   3.7299217e-02   2.0996290e-01   1.6794071e-01  -2.4800464e-02
   2.6193953e-01  -3.0671896e-01  -1.6806702e-01   0.0000000e+00   3.0324091e-02   7.1374134e-02  -3.4689824e-01   6.5803717e-02  -1.0999636e-01  -4.0239745e-01   6.5176240e-02  -2.5774626e-01  -7.3089224e-02   1.6549907e-01  -4.0215632e-03  -6.9403143e-02  -9.7506237e-02   3.9750053e-01   1.2658942e-01   1.5485757e-01   4.3964411e-01   4.5664049e-01   2.1930382e-01   2.4401559e-01   1.6156007e-01   2.1930288e-01  -1.6431090e-02   1.6323473e-01   4.0595637e-02   3.0030556e-01   1.9319305e-03   5.5804160e-01   1.5727030e-01  -5.3566694e-01  -2.0931809e-01   3.5290677e-01   2.8201868e-01  -1.0637841e-02  -4.0895875e-02  -2.9124630e-01  -2.0693704e-01   2.3358128e-01   4.4630887e-02   1.3529673e-01  -2.2569147e-01   3.2857170e-02   4.7110405e-01  -4.0713107e-01  -1.0210581e-01  -2.5868604e-01   3.8377257e-01   6.2440004e-02  -3.9471437e-01  -1.1431867e-01   4.7338717e-01   1.8410541e-01   6.7119244e-02   1.9955279e-01  -9.9573863e-02   2.3373270e-01   1.2735445e-01  -4.8191278e-02   9.3938290e-02  -3.8672883e-01  -4.1752949e-02  -2.1029915e-01   1.5253689e-01   4.0052274e-01   2.7003086e-01  -2.4131736e-01  -4.2439896e-01   6.0673966e-01   3.4041937e-02   2.3917746e-01   1.1211508e-01   2.8493884e-01   4.8795432e-02   1.3316060e-02  -3.3305160e-01   2.4033767e-01   1.3179485e-01   3.2842455e-03  -1.1326886e-01   2.2177900e-01  -7.0386489e-02   1.5666815e-01  -3.2678189e-01   3.5788968e-01   1.0512802e-01   2.5387234e-01  -3.0468480e-01   9.5789854e-02  -4.5050237e-01   1.7569622e-01   7.8240114e-02  -1.2716696e-02   3.4045438e-01   1.0003408e-04   7.2474723e-02   8.0257877e-02  -5.3815242e-02   8.8772210e-02   2.5867760e-01  -8.8294118e-02   5.6465993e-01   5.9487743e-01  -6.6145735e-02   2.4351774e-01   1.1473228e-01  -1.2672558e-01  -4.2779595e-01   4.5574708e-01   6.6960483e-01   2.0145356e-01   1.0451310e-01  -1.1751112e-01   1.2672828e-01  -6.0202127e-02   1.1439102e-01   6.0875578e-01   3.7866063e-01  -1.3585310e-01   1.0148533e-01  -1.5013522e-01   5.1018503e-02   3.4256513e-01   2.6805905e-02   2.9392689e-01   5.1832618e-01  -3.9889014e-01  -3.9227060e-01  -2.3620954e-01   2.3278284e-01  -1.3702972e-01   1.9724678e-01   9.3611510e-02   3.2237871e-01  -1.2129284e-01   1.9593567e-01   1.7295615e-01   2.3833056e-01   3.1019480e-02   2.4329942e-01  -2.3236986e-01   2.1386914e-01  -2.0200982e-02  -4.8759946e-01  -1.1463145e-01   1.6010215e-03   1.0110947e-01   6.6556414e-02   1.0633225e-01   3.8907473e-01  -2.5961741e-01  -4.0005035e-01   2.4272999e-01   1.7023592e-01   1.2677052e-02   1.0219070e-01   1.8628058e-01   2.8067936e-01   1.7453759e-01  -3.1812462e-01   6.9333445e-01   3.6387035e-01  -3.9911122e-01  -5.4497608e-02   1.8328787e-01   2.1212922e-01  -4.3266307e-01  -4.3862457e-01   1.1222700e-01   4.7190109e-01   1.3328861e-01   2.4463803e-01   1.7673509e-01   2.7915201e-01
  -5.6872312e-02  -1.5073119e-01   1.9390238e-01   3.0324091e-02   0.0000000e+00  -1.9308621e-01   7.9501303e-02  -1.3188206e-01  -7.2695829e-02  -2.0382947e-02   3.6619239e-02  -1.6032316e-02   4.8001929e-02  -4.0478671e-01   3.3967739e-02   1.5446152e-01   1.6840712e-01   1.0773415e-01  -8.0603728e-02   6.2130765e-01  -1.1405522e-01  -1.6727491e-01  -6.0732250e-02  -1.1299112e-01   2.1147920e-01  -3.1759448e-01   1.4241781e-01  -3.1900964e-01  -1.4525896e-01  -2.4163763e-01  -3.0764763e-01  -2.3461658e-01  -3.3992921e-03   8.7585737e-02   2.8535392e-02   6.0046257e-01  -6.4089976e-02   8.3289885e-02   1.7496860e-01   1.4805625e-01   2.2923032e-01  -5.3915076e-02   7.5428661e-02  -1.3447365e-01   8.0170468e-02  -1.9411966e-01   7.0873169e-02   6.1517267e-02  -6.0435637e-02   2.6491096e-01   1.8460519e-02  -3.7062774e-02   5.5502720e-02   2.0191540e-01  -1.9479956e-01  -1.3751274e-01  -2.5911063e-01   7.6320178e-02   1.9065547e-01  -2.7418935e-01  -1.1127872e-01   1.6467197e-01  -2.1635942e-01  -9.4790294e-03   1.9639101e-02  -1.4043639e-02   4.7399994e-02   2.0203527e-01  -1.4960047e-01  -4.3430304e-02  -8.2543288e-02   2.5855905e-01  -1.1150689e-01  -2.5854837e-01   3.1909046e-02  -2.5961929e-01  -1.6829969e-01  -1.2131309e-01   3.3907461e-01   1.5091284e-01  -3.5912526e-01  -6.4976122e-02   6.7553198e-02  -3.8879933e-01  -2.7348418e-01  -2.6377413e-01  -2.5630237e-01  -2.0188725e-01  -5.0895041e-03   7.1778705e-03   4.4343094e-01  -6.8309227e-02   1.8162148e-01  -9.6049776e-02   5.0321817e-02   6.7303550e-01   1.8330807e-01   1.9936336e-02   4.5406524e-01   6.9029250e-02  -3.7408218e-01   3.3350803e-02  -3.2209376e-01  -1.5000712e-01  -5.1736780e-02  -2.6519792e-01   1.1699785e-01  -5.6957676e-03  -4.5273015e-02   2.6008876e-01   1.5896853e-01  -2.0255305e-01   1.1643278e-02   1.0453710e-01  -2.7049216e-01   2.6005361e-01  -1.3518215e-01   7.5866372e-02  -2.7209774e-01  -1.1592716e-01  -9.6315827e-02   5.0414898e-01  -5.8429090e-03  -2.7796098e-01  -7.9363587e-02  -3.5433281e-01   1.2366350e-01  -9.1141118e-05  -1.5632212e-01  -7.5240451e-03   3.1263621e-01   2.1822468e-02  -5.0207655e-01  -1.0034187e-01   3.2988781e-02  -3.0017778e-01   7.0936530e-02  -4.0072920e-01  -1.3227411e-01   1.4960901e-01  -5.2476751e-02  -3.1267186e-02  -3.7631911e-02   7.4665805e-02   2.8158525e-02  -2.2818449e-01  -3.9625738e-02   1.7983612e-01   1.1403944e-01  -3.6297091e-02  -1.9666299e-01  -3.4635288e-01  -2.6920156e-03   9.1635336e-02   1.9756927e-01  -1.5704418e-02  -3.2226118e-02   3.7190484e-01  -3.3673702e-02  -2.4585715e-01   8.0500774e-02  -7.7404053e-02   8.7494603e-02   4.4336562e-02  -1.3503460e-01   1.3612291e-01   1.3059841e-01  -2.0448738e-01  -6.7180811e-03   2.4692419e-01   3.3525048e-01  -4.9838500e-03   1.0111230e-01  -1.3178811e-01   1.8317020e-01   3.2274850e-01  -6.7259783e-02
  -1.6174161e-01   1.2458549e-01  -7.2296413e-02   7.1374134e-02  -1.9308621e-01   0.0000000e+00   6.0314000e-02  -7.2460272e-02   3.6098163e-02   6.6548046e-02   3.5165419e-02   3.9378758e-01   3.9703217e-02   3.9507086e-01   2.5761146e-01   3.0367880e-01  -1.7111925e-01   1.1382566e-01   5.4743272e-03  -1.8441934e-01   3.9418831e-01  -1.5947140e-01   3.7324785e-01  -1.9301520e-01  -3.6486607e-01   5.3817673e-03   2.9836815e-01   4.4437892e-02  -4.1729263e-02   2.7151810e-01   2.9636943e-01   1.7131621e-01   4.9523711e-02  -5.5571493e-02  -4.3898740e-02  -3.8887489e-02  -6.7321282e-02  -2.7395108e-01   1.1956171e-01   2.7064955e-01   6.0422823e-03   2.0972760e-01  -4.8043893e-02   1.9743418e-01  -1.1003361e-01  -7.2099834e-02   2.6146303e-01   1.1723111e-02  -2.1271555e-01  -1.9021751e-01   1.2162186e-01  -1.4973320e-01  -1.7367484e-01  -1.0613560e-01  -2.6344657e-02   4.0704850e-01   2.7318996e-01  -1.2858611e-01   1.0343242e-01   2.2266378e-01  -3.1987474e-01   1.3394392e-01  -1.7545821e-02  -2.1846311e-01  -1.1832551e-01   1.9731989e-01   3.0088573e-01  -1.5615515e-01   4.6284328e-01   1.4066252e-01  -8.3536595e-02  -9.7842953e-02  -1.5392011e-03   1.4380226e-01  -1.4818088e-02  -7.2397010e-02  -2.5313840e-01   5.9067189e-02  -3.6698060e-02  -1.3808834e-02   3.6582583e-01   1.8116931e-01   2.5156973e-01   3.8307664e-01   2.3523238e-01   1.5110160e-01  -8.8883709e-03   2.4045200e-01  -4.2944699e-02  -1.7446095e-01  -2.3868951e-01  -2.8618615e-01   1.0923898e-01  -1.6511178e-01  -2.4710068e-01  -2.6751471e-01  -1.1278437e-01  -6.3691067e-02  -1.7832658e-01   2.2676727e-01   2.8934164e-01   2.5784088e-01   3.2545832e-01  -3.0958276e-01   1.9284964e-01   1.4043510e-01  -8.0107957e-02   6.9337494e-02  -1.5447382e-01   3.8701977e-01   2.9359926e-01   2.2901109e-01  -1.1116578e-01  -2.3210496e-01   3.9714721e-01  -1.0834558e-01   2.1522580e-01   1.2686294e-01   3.9869316e-01   1.2203745e-01  -2.5168193e-01  -9.7656839e-02  -1.9228033e-02   6.6039001e-02  -2.0030507e-01   1.6460023e-01  -4.6682831e-02  -2.0336683e-01   5.0696475e-02   2.1347400e-01   1.0886211e-01   2.4707253e-02   1.1094632e-01  -1.9708092e-02  -1.1825537e-01   3.2703950e-02  -1.3429014e-01   2.6020853e-01   8.7024460e-02  -2.3840878e-01  -1.7324668e-01  -1.4351239e-01  -2.4454289e-02   4.6375567e-01   2.7763811e-01  -3.6812570e-02   1.7801488e-01   1.3482706e-02   5.3030986e-01  -2.0194074e-01  -7.6982280e-02   1.8366133e-01  -2.6408390e-01  -1.5974385e-01   6.8461328e-02  -1.8282963e-01  -1.5449847e-01   1.4994321e-01  -1.9974703e-01   3.4644057e-01  -1.7384328e-01   5.7947754e-02  -2.2740780e-01  -3.6052009e-02  -7.4344675e-02  -2.4803000e-01   2.3951650e-01   2.8313954e-01  -2.0621529e-01  -3.2006816e-02  -9.7123334e-02  -2.3930915e-01  -1.3112651e-01   4.9614461e-01  -6.5622633e-02  -4.0935375e-01  -1.6928676e-02
  -4.3043895e-01   4.6796031e-01  -1.7388810e-01  -3.4689824e-01   7.9501303e-02   6.0314000e-02   0.0000000e+00  -1.6833271e-01   3.4794642e-01   6.5122440e-01   5.4412171e-02   3.0026552e-01   3.3669049e-02   1.0922784e-01   1.4344234e-01   1.9582084e-01  -2.7446506e-01  -1.9669531e-01  -1.2172812e-01  -1.7312011e-02  -6.4448622e-02  -3.8244562e-01  -1.1751992e-01  -5.2968998e-01  -2.7850169e-01  -3.2575558e-01   1.6908348e-01  -4.3832823e-01   1.4734096e-01  -2.6845230e-01   2.6041084e-01  -4.0084573e-01  -1.4815591e-01   8.0530549e-01   5.5905402e-01  -6.1780663e-02   1.8987857e-03  -3.3866938e-01   5.8849912e-02   2.9952605e-01   1.0623885e-01  -2.5531241e-01   5.4948093e-02   8.1013843e-02   4.4175470e-01  -3.8009649e-01  -2.5950766e-01   7.2657966e-01   1.2554965e-01  -1.4354859e-01  -2.1459621e-03  -3.3790985e-01   4.9881673e-01   6.7022003e-02  -2.4449053e-01  -3.2481633e-01  -2.9937764e-01  -1.8502285e-01   1.9783883e-01  -1.0905682e-01  -2.1447299e-01   1.3010299e-01  -3.7609057e-02   5.3702919e-01   4.2322190e-01   4.1579227e-01   1.0330907e-01  -2.4357747e-01  -8.6984423e-02  -1.9640666e-01   5.3629504e-01  -2.8089907e-01   1.3198662e-01  -4.8459886e-01  -1.0773936e-01  -3.9535999e-01  -4.6829521e-01  -1.5559697e-01   3.8795765e-01  -1.9783526e-01  -2.7837321e-01   2.1631454e-01   7.0244385e-02  -2.7787775e-01  -1.5657658e-01  -4.0270295e-01   6.1543517e-01  -4.2116109e-01  -6.8065829e-02  -3.8335314e-01   2.3636467e-01  -3.8646038e-01   4.0219489e-01  -1.5034305e-01  -3.8210573e-01  -1.2225846e-01  -2.4571926e-01  -1.7769970e-01  -2.9308268e-02   4.0969342e-01   8.7894344e-02   1.6014934e-01  -9.1983369e-02   2.3402164e-01  -2.4660478e-01  -5.2124882e-01  -1.3098246e-01  -2.5675521e-01   7.3582670e-02   1.3773531e-01   5.8405102e-01  -2.1966244e-01  -2.4076537e-01  -4.2440643e-01  -1.7995741e-01   3.7014887e-01  -2.5210962e-01   1.8146767e-01  -3.1839962e-01  -2.3976127e-01  -5.5954933e-01  -6.6570008e-02  -9.9462222e-03   4.2419571e-01  -4.1972796e-01  -5.5530784e-01   1.6740781e-01  -4.2819116e-01  -4.2044698e-01   8.7021217e-02   3.6331812e-01   5.3694972e-01  -2.5228605e-01   2.6893180e-01  -1.4315633e-01  -3.1065955e-01  -2.6349817e-01   2.2442374e-01  -3.7011897e-01  -3.7615574e-01  -3.2631553e-01  -8.9950718e-02  -1.9063319e-01   1.1203071e-01  -5.2436618e-02   2.3637083e-01   5.2694734e-01   6.9840533e-02   2.2515122e-01   2.2436439e-01  -3.0078134e-01  -5.9188086e-02  -4.3524585e-01   9.9985942e-02   4.0598964e-01  -5.1826199e-01  -5.0424742e-01  -4.6487570e-03  -3.2926293e-01  -2.7939261e-01  -2.7979100e-01  -8.6036706e-02   4.6645979e-01  -3.4762537e-01  -2.7153489e-01   5.0725076e-01   1.4925081e-01  -1.5595830e-01  -3.1328717e-01   1.9049672e-01   5.6928954e-01  -5.3874815e-01  -2.2662811e-01  -1.6073696e-01  -2.5054382e-01  -2.3515231e-01  -2.4777578e-01
   3.3100171e-01  -1.2588716e-01  -5.1641165e-02   6.5803717e-02  -1.3188206e-01  -7.2460272e-02  -1.6833271e-01   0.0000000e+00  -1.2316502e-01  -7.4793372e-02   1.2095180e-01  -9.5955237e-02   7.2119321e-02  -3.8732136e-02  -2.5996845e-01  -2.7313614e-01  -3.0776733e-02   9.1187301e-02   3.2780940e-02  -2.3913947e-01   1.1688209e-01   4.5502698e-01  -7.0277602e-02   3.6323280e-01   1.1915149e-02   4.2195444e-01  -2.3974402e-01   2.5823574e-01   5.2891321e-02   1.1344318e-01  -4.4044254e-02   1.9020314e-01  -7.6194787e-02  -1.9951508e-01  -2.1005857e-01  -1.2049504e-01   6.7965265e-02   1.2152318e-01  -1.2740865e-01  -3.4519107e-01   1.2859888e-01  -6.9400718e-02   1.0502852e-01   4.4010306e-01  -1.9712009e-01   3.2002356e-01   5.7128325e-02  -2.5281460e-01  -1.3918959e-01  -1.2442566e-01  -2.5372011e-02   3.8890262e-01  -5.8584798e-02  -3.9626795e-02  -1.3724143e-01   9.5163268e-02   3.8726039e-01   2.6814455e-01   8.6772331e-02   2.1748426e-01   1.9228009e-01   7.1772484e-02   9.5897965e-02  -1.3553202e-01  -7.7036411e-02   1.0339921e-01   5.3015406e-04  -2.8801900e-01   3.1261400e-01   3.5218905e-02  -1.3287956e-01  -1.1065221e-01   7.1357638e-02   2.9585634e-01   1.9947153e-01   2.4891856e-01   1.4445555e-01   2.9851582e-01  -2.2699797e-01  -8.9660181e-02  -4.3869431e-02  -1.4136311e-01  -2.0718981e-01   4.5462810e-01   4.6142815e-02   3.9850074e-01   4.7739903e-02   2.2976056e-02  -8.6793431e-02   3.5343019e-01  -1.5491815e-01   2.2719248e-01  -9.3385660e-02   1.8921934e-01   5.4510191e-02  -1.1735030e-01  -1.7439861e-01   2.6561331e-01  -2.0525924e-01  -1.0883327e-02  -6.7188330e-02   1.0420165e-01  -7.0808682e-02   1.0583769e-02   1.6052027e-01   2.0181260e-01  -9.8352768e-02   2.7360247e-01   1.1873718e-02  -2.2724603e-01  -2.4187750e-01   3.8958968e-01  -6.2830178e-02   2.7179229e-01  -9.3287784e-02   1.4926047e-02   1.4512511e-01  -1.2638395e-02   5.3760399e-02  -5.8980954e-02   2.9756270e-01  -2.7786317e-01   2.3704417e-03   7.1780058e-03   2.9894165e-01   2.0447003e-01  -2.9029023e-01   1.4361962e-01   3.1739596e-01  -2.6367089e-01  -1.8653067e-02  -2.3458218e-01   4.0885705e-01   1.1303606e-02   2.2654822e-01   4.0596234e-01  -1.7109567e-01  -4.1892155e-02   3.7932551e-01   1.4545086e-01   3.2173896e-01   9.2776037e-02   4.0370795e-01  -1.9718724e-01   1.5389138e-03   8.7185599e-02  -2.2716978e-01  -1.3973800e-01  -7.3481539e-02   2.1397158e-01   3.4111972e-01   2.6599835e-01   1.4287080e-01   2.2936656e-02  -2.3260323e-01   2.8368137e-01   2.9641703e-01   1.2568113e-01   1.4910200e-01   5.0952895e-02  -1.5152864e-01   4.0978359e-01  -6.5330600e-02   2.7192450e-02   1.4995094e-01  -3.5205894e-02  -1.4955177e-01   6.6634614e-02   2.7534348e-01  -5.2198607e-02  -1.9463431e-01   1.1058124e-01  -1.5792909e-01   1.0362435e-02  -1.9289009e-01  -2.1462895e-01   5.7534984e-01
  -2.1145587e-01   7.0652348e-01  -1.8427566e-01  -1.0999636e-01  -7.2695829e-02   3.6098163e-02   3.4794642e-01  -1.2316502e-01   0.0000000e+00   1.5491340e-01   2.7768207e-01   3.5879541e-01  -1.6788502e-01  -1.1582449e-01  -3.5242050e-01   4.2214391e-02  -2.2191903e-01   8.0978586e-02  -6.3447234e-02  -4.3197074e-02  -1.7996971e-01  -1.5931077e-01  -3.7008007e-01  -1.5932796e-01  -1.2453819e-01  -1.3924662e-01   2.1595087e-02  -1.5245443e-01   6.3026429e-02  -2.9638483e-02   8.0727284e-02  -7.5420554e-02   5.0459168e-02   1.6620288e-01   5.7196169e-01  -9.0937754e-02   1.3978329e-01  -3.8563014e-01   7.8214366e-02  -8.0346145e-03  -2.6381596e-02  -1.8431556e-01   3.7008250e-01   2.1139883e-01   4.2400550e-01  -2.3459908e-01  -5.8231532e-02   4.3929434e-01   2.7888846e-01  -2.9925007e-01   7.7851850e-02  -3.2141636e-01   2.5942618e-01  -3.0783713e-01  -1.3041359e-01  -3.7117603e-01  -2.0510988e-01  -9.4753542e-02   2.3404882e-01   1.3631655e-01  -1.6267933e-01   3.1038225e-01   6.2274653e-01   4.1478802e-01   3.6417436e-01   2.0601103e-01   1.2455434e-01   1.6749534e-02  -2.9601027e-01  -5.5638277e-03   3.8152127e-01   1.0941462e-01   9.5993505e-02  -1.6628764e-01  -2.7878218e-02  -1.1249997e-01  -3.0093274e-01   3.7501587e-02   4.0349538e-01   1.0785503e-01  -3.8451416e-01  -1.4789605e-03  -1.3734499e-01  -1.5161858e-01  -1.3322798e-01   6.3926708e-02   5.5468518e-01  -3.1789240e-01   2.4784461e-01  -1.5104089e-01   4.5396292e-01  -3.3020674e-02  -1.2956914e-01   4.2665537e-01  -4.0513091e-01  -1.4038744e-01   8.6346658e-02   2.5371572e-02   2.0294450e-01  -3.1571722e-02  -1.7244687e-02  -2.9593136e-02  -3.6290943e-01   6.8170049e-01   1.9539451e-01  -1.7947049e-01  -2.6337356e-01   3.7387553e-02  -1.6215097e-01   9.1240597e-02  -6.8540759e-02   6.5647182e-03   1.3517635e-02  -3.8284397e-01  -2.9930693e-01   2.1902995e-01  -2.2694743e-01  -1.9379948e-02  -2.6408856e-01  -4.6953976e-02  -2.1648287e-01  -1.2878069e-02   2.7664863e-01   5.0710778e-01  -2.0880624e-01  -4.1049550e-01   1.7462011e-01  -1.3999030e-01   3.4420138e-02   1.5081090e-01   1.1874402e-01   5.3074771e-01   9.3745247e-03   1.5110433e-02   2.1728110e-01   6.9688293e-02  -7.0057010e-02  -7.9264546e-02   1.4115984e-01  -3.4545957e-01  -1.0213369e-01  -8.7244281e-02   1.3554075e-01   8.0567799e-02  -2.1260828e-01   4.3216082e-01   1.0097176e-02   3.2061050e-01  -6.3231945e-02   7.2042256e-02  -1.4503608e-01  -2.9614868e-01  -2.1587062e-01   4.2935723e-01   3.9490303e-01  -3.0380937e-01  -3.2405482e-01   2.2749613e-01  -9.9472528e-02  -4.2441841e-01   2.6085527e-01   1.8279513e-01   5.0134900e-01  -1.8789621e-03  -8.8855362e-02   1.9970953e-01  -4.3630666e-03  -1.8029325e-01  -2.8515196e-01  -7.0513430e-02   3.2514672e-01  -4.7394965e-01   7.5620125e-02   1.2269825e-02  -5.2400888e-02   3.6583127e-02  -1.4688291e-01
  -3.8486531e-01   2.5502436e-01  -3.3942155e-03  -4.0239745e-01  -2.0382947e-02   6.6548046e-02   6.5122440e-01  -7.4793372e-02   1.5491340e-01   0.0000000e+00  -9.0661666e-02   7.6770685e-02   1.2141642e-01   8.6890543e-02   1.6662156e-01   1.7012777e-01  -1.3351917e-01  -4.4675376e-01  -5.3659089e-02  -1.2418483e-01  -1.8363855e-02  -2.7171971e-01  -6.5028796e-03  -4.0679215e-01  -3.0123946e-01  -2.8525936e-01  -1.5121905e-01  -3.1296050e-01  -2.0732025e-03  -3.0591330e-01   3.3387615e-01  -3.8255945e-01  -2.4842970e-01   7.5421835e-01   2.8256294e-01  -1.6393117e-01  -5.3485050e-02  -2.1158500e-01   1.4105604e-01   2.6632140e-01   1.3564325e-01  -2.8572031e-01  -6.3654620e-02   3.9853899e-02   2.5023679e-01  -2.9533299e-01  -3.7305660e-01   5.7464382e-01   2.9085964e-02   3.6345448e-02  -4.9578463e-02  -2.0891537e-01   4.1611112e-01   1.4889587e-01  -2.0840498e-01  -2.8027532e-01  -2.3619222e-01   9.1719575e-02   2.4529028e-01  -2.3561894e-01  -1.8638720e-01  -4.3125979e-03  -1.4670558e-01   5.3128395e-01   3.1857669e-01   3.6119483e-01  -1.7760718e-01  -3.5517587e-01  -2.4834836e-01  -1.5252267e-01   4.4526614e-01  -4.0692943e-01   2.8676672e-01  -4.2067991e-01   6.3804069e-02  -3.6061059e-01  -2.9811919e-01  -5.2491712e-02   2.1188647e-01  -2.6101138e-01  -1.5297073e-01   1.9328373e-01   1.8182931e-01  -1.5972256e-01   2.7603216e-02  -1.5798364e-01   4.5597409e-01  -3.0917761e-01  -1.9057078e-01  -3.6888105e-01   1.2269247e-01  -3.6587569e-01   4.2668004e-01  -2.0539746e-01  -3.3743176e-01  -1.9464009e-01  -3.2101071e-01  -6.3618865e-02  -1.4287557e-01   3.4211041e-01   2.3610054e-01   6.2943574e-02  -2.1472683e-02   2.6617317e-02  -2.9224362e-01  -4.2434782e-01  -1.7909298e-02  -2.2062460e-01   1.7976540e-01  -1.0053535e-02   6.5924863e-01  -1.8112337e-01  -2.9756887e-01  -3.4802203e-01  -4.3092478e-02   1.6485223e-01  -2.5811000e-02   2.0203044e-01  -8.6856265e-02  -2.7020448e-01  -5.0607692e-01  -8.0794538e-02  -2.4604492e-01   3.5523244e-01  -2.5268268e-01  -4.9787622e-01  -5.2402104e-02  -3.7837557e-01  -3.2246896e-01   6.7625370e-02   4.9488871e-01   3.5023955e-01  -2.9404402e-01   4.1398839e-01  -1.2329444e-01  -9.4937383e-02  -2.9468508e-01   3.7483824e-01  -1.9483259e-01  -2.7749550e-01  -2.8446489e-01  -4.0903250e-02  -2.0215194e-01   5.2161823e-02  -6.6606814e-02   1.5868442e-01   5.9627476e-01  -2.1194605e-01   1.2560735e-01   3.2379425e-01  -2.3625974e-01   2.3291701e-02  -4.1942494e-01   1.2355406e-02   3.3086429e-01  -4.6888391e-01  -3.9166317e-01  -2.2197480e-02  -2.0376540e-01  -1.3059262e-01  -3.6066154e-01   3.5648366e-02   4.7438732e-01  -4.8803565e-01  -2.1592680e-02   4.3981029e-01  -6.2673244e-02  -1.3765211e-01  -2.4126081e-01   1.5729612e-01   4.4901472e-01  -3.8564347e-01  -4.3760451e-01  -2.6717239e-01  -2.9108834e-01  -2.9308435e-01  -1.5540909e-01
  -1.6315054e-01   6.0395428e-02  -5.7196670e-01   6.5176240e-02   3.6619239e-02   3.5165419e-02   5.4412171e-02   1.2095180e-01   2.7768207e-01  -9.0661666e-02   0.0000000e+00   2.1237615e-01   1.2455765e-01  -4.2117143e-02  -1.6247181e-02   2.7353538e-01  -5.7670486e-01   3.2411386e-01  -2.2815122e-01  -9.9737729e-02   2.5348376e-01  -7.9290670e-03  -2.2735107e-03  -1.2266335e-01  -2.6797803e-01  -9.1762256e-03   2.2277201e-01  -2.6272219e-01   1.0812320e-01   2.0065173e-01   8.8802754e-02   9.2869156e-02  -1.0596008e-01   2.0141707e-02   3.3973393e-01   3.3859191e-01   3.3008344e-01  -3.1347717e-01   2.7556250e-01  -3.3281573e-01   1.9266526e-01  -3.1474920e-01  -3.5374645e-01   5.6260424e-01   4.9038908e-01  -2.2633480e-01   5.6544887e-01   1.8818492e-01   2.2257560e-01  -5.6208583e-01   3.7652926e-01  -1.0777409e-01   1.2557817e-01  -4.5268661e-01  -1.0519041e-01  -7.1800770e-02  -4.8562273e-02  -1.3260964e-02   3.2529079e-01   4.9591417e-02  -5.5210988e-02   1.8010345e-01  -1.2878703e-02   3.3412952e-01   3.4740072e-01   4.1356424e-01   3.9523610e-04   9.3683103e-02   4.0688690e-01  -3.9787202e-01  -1.2915752e-01   1.8156627e-01   2.7512441e-01  -2.0429932e-01  -2.9800902e-01  -2.4283629e-01  -3.0314910e-01   2.6813568e-02   1.5913269e-01   1.6721162e-01  -2.9231917e-01   2.5945255e-01  -1.5318841e-01   7.4259955e-02  -3.6706431e-01   1.0396179e-01   2.2805987e-01  -2.8144757e-01  -2.5966112e-03  -1.3857286e-01   1.9501491e-01  -2.2492607e-01  -4.4225462e-01  -4.1012941e-02  -2.9778148e-01  -2.3361150e-01   1.3047923e-01  -7.8265855e-02   2.7464672e-01   3.1726390e-01  -4.0718149e-01   5.2473225e-01  -1.2442222e-01   2.2636819e-01   5.3471745e-01  -1.3921972e-01  -5.1651819e-01   2.8416761e-01  -1.9859834e-01   1.3323116e-01  -1.1460153e-01   3.7821840e-01  -3.2295081e-02  -2.9846494e-01  -3.7606546e-01   1.2417374e-01   5.2633410e-02   6.1355944e-02  -1.2524211e-01  -1.6011887e-02  -1.9849354e-01  -2.5774890e-01  -6.9068999e-02   4.0550957e-01  -2.4220442e-01  -1.9618346e-01   2.9355263e-01  -6.0354295e-03  -1.9542228e-02  -2.8924776e-01   1.3444490e-01   5.6921011e-01  -1.1875039e-01   6.4425054e-02  -3.0297649e-01  -1.1344368e-02  -2.2809274e-01  -3.8801174e-02   3.2580904e-01  -2.7179899e-01  -8.0242771e-02   3.7714140e-02   5.4530997e-01  -1.6826493e-01   2.3952345e-01   4.7664204e-01  -4.4770788e-01   4.1817308e-01   2.0250856e-01   2.4962408e-01  -3.7523346e-01  -2.9208280e-01  -2.8061973e-01   5.3303088e-01  -2.2236940e-01  -1.9853139e-01  -1.8627016e-01   4.1692878e-01  -9.8713433e-02  -1.3750392e-01   6.8306953e-02   5.3777082e-01   3.4800819e-01   1.8087823e-01  -2.8070229e-02  -7.9457813e-02   2.7010843e-01   7.5946429e-02  -2.4222405e-01  -3.2435686e-01   2.2868178e-01  -3.7879850e-01   2.6109197e-01   7.3484387e-03  -3.7133062e-01  -8.7939497e-02   1.1630473e-01
  -1.4870095e-01   5.0994878e-01   7.8205926e-02  -2.5774626e-01  -1.6032316e-02   3.9378758e-01   3.0026552e-01  -9.5955237e-02   3.5879541e-01   7.6770685e-02   2.1237615e-01   0.0000000e+00  -6.4948929e-02  -6.8575231e-02  -3.7681530e-02   2.6650909e-01  -4.4863344e-02   1.4005811e-01  -7.6597191e-02  -6.2337913e-02  -7.7173859e-02  -3.5052473e-01  -1.2816256e-01  -1.5835823e-01  -2.9576801e-01  -6.0653162e-02   2.9710932e-01  -1.0368501e-01   1.2361283e-01   1.4789668e-01  -2.9313541e-02  -1.2606339e-01   4.0122872e-02   1.5331207e-01   3.9108519e-01  -1.4069888e-01   1.0491928e-02  -3.0655329e-01   9.1746686e-02   1.2240567e-01  -9.6908531e-02   3.0019028e-02   1.2739227e-01   2.2185119e-01   4.0209486e-01  -2.2708445e-01   7.1600394e-02   1.0868655e-01   4.8213311e-02  -1.4271119e-01  -3.5563654e-02  -2.7676932e-01   1.9662648e-02  -2.3781048e-01  -3.6353254e-01  -1.8744724e-03   8.8543211e-02  -4.0569330e-01   1.5762651e-01   2.5084218e-01  -3.1541757e-01   4.0732910e-01   1.9781797e-01   8.2459246e-02   2.2577301e-02   3.4147417e-01   2.3716764e-01  -2.2401469e-01   1.3531961e-01   2.4581944e-01   1.0392320e-01  -2.3634940e-01   1.9451937e-02   9.5087736e-02  -7.6019358e-02  -5.2584679e-02  -3.2446924e-01   3.0940685e-02   5.2298805e-01  -3.6198612e-02  -1.0912654e-01   2.4247566e-01  -1.2487406e-01  -8.6036941e-02   5.6634453e-02  -3.8323776e-03   2.0877012e-01  -4.9285331e-03   4.0419719e-02  -1.8886946e-01   2.9237731e-01  -2.1956570e-01   1.9758542e-01   1.7340988e-01  -3.4135630e-01  -1.7084473e-01  -1.9719796e-01  -1.3993538e-02   5.9119903e-02   5.5601945e-02  -1.0142552e-01   3.1822027e-01  -1.7038496e-01   8.4377548e-02   4.3117746e-03  -2.2749885e-01  -1.9891558e-01  -4.0551479e-02  -2.3867670e-01   3.0942563e-01   2.0264780e-01  -2.7624745e-02  -2.8780086e-01  -3.0942464e-01  -8.2213424e-02   8.5488490e-02  -1.7955493e-01   1.2050742e-01   3.5083347e-02  -1.7776896e-01  -3.3113109e-01   2.1294519e-01   3.2548772e-01   2.1984391e-01  -2.6038580e-01  -1.4447168e-01   3.2749485e-01  -1.4554142e-01  -1.0235143e-01   3.1925170e-01   2.0278378e-01   4.3390234e-01   1.0700185e-01  -1.7242577e-01  -1.7116877e-02  -1.2736725e-02  -1.6455374e-01  -6.8472709e-02   8.5417841e-02  -3.0169497e-01  -1.4401877e-01  -5.7878411e-02  -4.1601943e-02   5.1093519e-01   2.6285608e-02   1.4689268e-01   1.9836997e-01   3.5989570e-01   2.5254472e-01  -2.5313433e-01  -1.9224381e-01  -2.2856268e-01  -1.9466583e-01   1.9192838e-01   3.3506488e-01  -2.2478606e-01  -2.4116685e-01   2.6899651e-01  -1.7329261e-01   9.6741934e-03  -1.7654947e-01   6.6715632e-02   1.3723194e-01  -1.3070454e-01  -2.7792798e-01   7.8477111e-02   2.7252777e-01   2.3849930e-02  -2.8660120e-01   3.7609863e-02   2.4849169e-01  -3.8082442e-01  -1.1616987e-01   3.6880656e-01  -1.4642629e-01  -2.7243327e-01  -2.2223081e-01
  -1.7394360e-03  -1.7383242e-01   1.3304598e-02  -7.3089224e-02   4.8001929e-02   3.9703217e-02   3.3669049e-02   7.2119321e-02  -1.6788502e-01   1.2141642e-01   1.2455765e-01  -6.4948929e-02   0.0000000e+00  -1.7031537e-01   9.9129976e-02   1.0960562e-01   2.9412061e-02  -1.4169549e-01   1.2132386e-02  -9.7166816e-02   3.6586217e-02  -7.2693667e-02   6.5607011e-02  -9.9092510e-02  -1.7420447e-01  -1.4326926e-01   7.8924452e-02  -1.4340298e-01   4.5824379e-03  -1.9952165e-01  -7.7584923e-02  -7.6903355e-02  -2.9512068e-01   2.4392403e-01   5.1888230e-02   1.0957315e-01  -1.1686699e-01   1.0815477e-01   1.1238878e-01   1.5922986e-01   5.6564451e-01  -1.6771616e-01  -1.5567033e-02   2.2846892e-02   1.3850051e-01   1.4431308e-02   3.9058875e-02  -1.5381024e-02  -5.4890938e-02   1.9353862e-01   4.6959016e-02  -5.8722118e-02   1.7383970e-01   2.3429631e-02  -3.0631321e-01  -1.4413121e-01  -6.3684278e-02   3.0175092e-01   2.1645432e-02   4.0426908e-03  -1.6365137e-01   1.0991481e-01  -4.8534247e-02  -3.4514463e-02   6.4590187e-03   2.0106642e-01   5.8270132e-02  -3.2715016e-01   8.9563223e-02  -9.0442464e-02   5.8795564e-02  -1.2822304e-01   1.7887602e-01  -2.8691857e-01   1.7654288e-01  -5.4400168e-02  -5.1269003e-02  -2.1356257e-01   5.9907071e-02   2.0146145e-01  -4.4853761e-02   8.0890829e-02  -1.2748982e-01  -3.2915333e-02  -9.3575944e-02   1.0661963e-01   8.3116584e-02  -2.9267806e-01  -3.1181635e-02  -7.5022008e-02   1.2152399e-01  -4.1773593e-01   1.5473602e-01  -5.4780993e-02   1.2573248e-01   1.5223278e-01  -3.1605168e-01  -6.9625215e-02  -1.6846785e-01   1.8178934e-01  -1.9621022e-01   7.2993178e-02  -2.0735285e-01  -1.9615116e-01   2.3844802e-02   7.7858603e-02  -1.6290351e-01  -4.3028979e-02  -7.3415377e-03   1.3144524e-01   1.5574892e-01  -4.9936906e-02  -3.0631929e-01   1.6179347e-01  -2.0263913e-01   1.1071096e-01  -9.8427726e-02   5.2072153e-01  -1.0622024e-01   6.7028921e-02  -1.1808238e-01   1.3046478e-01  -1.2993142e-01  -7.3694412e-02   4.2501634e-02  -1.9922754e-01  -1.2643420e-01  -4.8064306e-03  -1.3128582e-01  -1.2573710e-02   2.0520164e-01   1.5075071e-01  -1.5709419e-01  -1.4457371e-02  -1.7120677e-01  -6.9689520e-02  -2.5189190e-01  -4.0767204e-02  -2.7042440e-02   1.7977475e-01  -6.5847833e-02   3.8523919e-02   5.8631398e-02  -7.5941516e-02  -5.7672618e-02   4.0305482e-02   1.6417854e-01   2.3565796e-02   1.5531609e-01   1.1197161e-01  -2.6030053e-01  -4.9362891e-02  -2.3833449e-01   6.7653799e-02   1.3013071e-01  -4.7087942e-03   4.4258886e-02  -6.5794495e-02  -3.9274651e-01  -3.5933276e-02  -3.4830058e-01   4.2497775e-02   1.7152196e-01  -7.5305404e-03  -2.7341870e-02   1.4139996e-01   1.1519017e-01  -1.1817733e-01   5.3491807e-02   2.3539666e-02   1.6203470e-01   2.1247554e-02  -2.4656466e-01  -8.9797298e-02  -1.0934352e-01  -1.9259423e-01   2.5576944e-02
  -2.8802277e-01  -5.9028689e-03  -3.4774056e-01   1.6549907e-01  -4.0478671e-01   3.9507086e-01   1.0922784e-01  -3.8732136e-02  -1.1582449e-01   8.6890543e-02  -4.2117143e-02  -6.8575231e-02  -1.7031537e-01   0.0000000e+00   4.6271936e-01   1.8517424e-01  -3.3487054e-01   1.3051211e-01  -1.4043910e-01  -3.9236060e-01   6.7443599e-01  -3.9107559e-02   5.8476586e-01  -2.7459595e-01  -2.6246136e-01   4.5934852e-03   1.3708817e-01  -2.2756040e-02   9.3788408e-02   3.8579973e-01   7.4262296e-01   1.4638246e-01   2.6376925e-01  -2.4434399e-02  -2.0102337e-01  -8.7013534e-02   1.6741304e-01  -2.9465522e-01   1.1237260e-01  -3.6620432e-02  -2.3776788e-01   2.3690581e-01  -2.6747361e-01   1.5819361e-01  -2.6734025e-01  -8.1867517e-02   1.4158504e-01   1.9744811e-01   4.7728411e-02  -3.5592548e-01   9.4903848e-02  -1.8603544e-01  -1.3975626e-01  -1.5758703e-01   4.0601341e-01   3.5492709e-01   3.4913960e-02  -3.7904709e-04   7.7066691e-02   6.4825487e-03  -1.7395398e-01  -2.4303126e-01  -3.9925865e-02   7.7904281e-02  -4.7844237e-02  -6.2524332e-03  -1.9858821e-01  -1.1730474e-01   3.9471951e-01  -2.1447387e-01  -1.1008225e-01  -1.1422172e-01   2.1186809e-01  -1.0439744e-01  -1.2922802e-01   3.8217804e-02  -1.6392620e-01   1.2644385e-02  -3.5079268e-01  -2.2337408e-01   4.2599504e-01   1.2097846e-01   4.4022604e-01   2.8714781e-01   2.4911735e-01   8.1941040e-02   9.4461343e-02   2.9611527e-01  -1.2043730e-01  -3.0711082e-01  -5.6671527e-01  -2.2464519e-01  -1.4978173e-01  -2.6882989e-01  -2.6493092e-01  -5.8059755e-01  -1.4891501e-01  -2.2083423e-01  -3.4312973e-01   2.1747170e-01   4.9727465e-01   4.5333544e-02   7.7773140e-01  -1.7674413e-01   8.2854800e-02   1.7341640e-01   1.1806657e-01  -9.3060866e-02   1.3365209e-01   1.5012117e-01   9.5366348e-02   1.6634212e-01  -5.1033630e-02  -3.6390864e-01   4.6883412e-01  -2.6666532e-01   9.0329431e-02  -4.0760529e-02   3.7711536e-01   2.2107864e-01  -1.9365279e-01  -5.0713009e-01  -2.1731324e-01   3.2472674e-01  -2.1018370e-01   3.0130871e-01  -1.9052823e-02   7.1129369e-02  -1.6765144e-01  -6.7822857e-02  -1.1435142e-02   1.9662653e-02   2.0525683e-01   4.5449489e-01  -2.5855594e-01   1.0463360e-01  -8.1274050e-02   6.7833671e-01  -1.0163566e-01  -3.4669817e-01  -1.7381191e-01   9.3147938e-02  -1.2422198e-01   8.3982586e-02   3.7016684e-01   2.4768190e-01   6.7583774e-02  -2.8396463e-01   2.8776137e-01   1.1269410e-01  -9.9497114e-02   4.3395844e-01  -1.6927377e-01  -3.5231314e-01  -3.1804165e-01  -2.2184897e-01  -2.7402549e-01  -5.4742343e-02  -1.2846717e-01   4.6835975e-01  -1.7145154e-01  -7.2253554e-02  -2.2357150e-01  -6.7532390e-02  -1.3296222e-01  -2.8950407e-01  -4.9182355e-02   2.4064029e-01  -1.2304741e-01  -2.0812840e-01  -3.8674796e-01  -2.1746251e-01  -1.0123903e-01   2.7848800e-01  -3.0027447e-02  -2.3479488e-01  -1.6872376e-01
