   0.0000000e+00   1.1387165e-01   7.8535528e-03  -6.7236921e-02   1.8318540e-02  -1.3742787e-01  -3.0316258e-01   7.1672805e-03   1.3098003e-01  -1.3478475e-01   4.3359403e-02   1.3617355e-01   5.9710630e-02   1.8808993e-01  -1.9359800e-01  -1.5666634e-01   1.5814417e-01  -1.3193693e-01   2.7648979e-01   7.8279354e-02  -3.4707855e-01  -1.4692419e-01  -4.4802405e-01   4.0246139e-01  -1.4736035e-01   9.3891399e-02  -2.5971046e-01   1.8097220e-01   2.9349996e-02  -9.3977436e-02  -9.8878003e-02   1.6318060e-01   1.0017719e-03   3.4529818e-02  -1.0962497e-01  -2.6948091e-01  -1.1477690e-01   1.5411917e-01  -1.8677044e-01  -9.1584244e-03   1.0208039e-01   1.6319498e-01   2.0623620e-02  -6.2358191e-03  -2.9156757e-01  -8.3067295e-02  -4.3390111e-02  -1.1414095e-01  -3.1748267e-01   1.3469471e-01  -2.8793166e-01   4.1523649e-02   1.2135383e-01  -5.6965020e-02   1.2849326e-02  -1.5852115e-01   1.2933172e-01   6.7512337e-02   2.7694616e-02   7.5656916e-02   1.0707715e-02  -1.8378561e-01  -6.3950420e-02   3.2832128e-01   7.1715262e-02  -6.4233960e-02  -3.1362441e-02  -4.6291269e-02  -1.5674148e-01  -1.8436405e-01   1.3051878e-02  -1.0209516e-01  -2.1175376e-02   2.6818076e-01   1.2738102e-01   1.0315513e-01  -4.9172465e-02   6.5896224e-02   6.2142316e-02   7.8706271e-02  -1.3314825e-01   5.2454763e-02  -1.7232561e-02  -1.2572084e-01   6.7896503e-02  -4.6525982e-03  -3.6015261e-02   3.4034046e-01   9.9771579e-02   5.3935294e-01  -5.4983964e-03   1.3589939e-01   1.2452642e-01   1.9856949e-01   2.0152910e-01   1.9176551e-01  -1.3949091e-01  -1.4535330e-01  -8.7226650e-02  -2.8950634e-01   1.7285406e-01  -2.3170693e-02  -1.0488459e-01   2.3896402e-01   5.2714148e-02   5.6856897e-02  -1.4364911e-01   7.0552657e-03  -3.1287111e-01  -1.2399815e-01  -2.7330768e-01  -1.3425916e-01  -1.9998273e-01   3.7942335e-01  -1.7234202e-02   9.3233830e-02   2.2997227e-02  -5.8259911e-02   8.1424079e-02   4.3866380e-02  -1.1144180e-01   6.4865664e-02   1.7178095e-01  -1.2468841e-02  -1.1931945e-01   2.2859226e-01  -2.2590806e-01   8.8629370e-02   4.1281935e-02  -1.1261725e-01   7.0171410e-02  -1.2407850e-01   8.9962986e-03  -1.3756732e-01   1.1559126e-01   8.2080380e-02   2.7755450e-02   1.3201995e-01   2.0923058e-01   4.7998702e-01   2.1925084e-01   2.2537944e-01   4.9253169e-02  -6.3097222e-02  -2.1061611e-01  -2.1097675e-01   2.4260715e-02  -2.7338098e-01  -4.5494220e-02  -2.0125646e-02  -8.3602282e-02  -1.2519364e-01   2.9688883e-02   2.5137091e-01   1.6887495e-01   5.2553832e-01  -1.1086304e-01   7.5352895e-02   1.0913515e-01  -1.4998028e-01  -3.4879579e-02   4.0793250e-02  -2.1188320e-01   1.6230546e-01  -5.5296605e-02   1.6731932e-01  -2.1819334e-02  -1.5682789e-01  -1.0692895e-01   4.7537192e-02   9.6929803e-02  -2.3492824e-01  -1.2664470e-01   1.5352834e-01  -4.3976313e-02   1.4644406e-01   1.9598296e-01
   1.1387165e-01   0.0000000e+00   1.8672003e-01  -1.2647970e-01   5.4270938e-01  -1.9238981e-01  -3.2313022e-02  -5.8481271e-02   6.8234319e-02   1.0482781e-01  -3.6415833e-01   6.7155043e-01  -2.3360384e-01  -4.9723673e-01  -2.8945993e-01  -1.4599564e-01   2.6221880e-01  -2.6431733e-01   2.1470775e-01   4.7181120e-01  -5.0107386e-01  -3.9671488e-01  -6.6563495e-01  -1.1548683e-01  -8.2558500e-02  -2.3914253e-01  -6.6194497e-02  -1.6355921e-01   2.0025082e-01   6.1951302e-02  -4.5808636e-01  -1.2537157e-01  -9.3154955e-02   6.5074180e-01   4.6224268e-01   1.3818404e-01   4.8775779e-01  -2.1317408e-01  -1.4563184e-01   2.2422151e-02  -2.5909243e-01  -2.7574415e-02   1.4434076e-01  -1.1872792e-01   4.2475446e-01  -3.6337043e-01  -3.5952620e-01   1.6363750e-01  -4.1116916e-01   1.9171871e-01  -3.5835706e-01  -3.2788626e-01   7.0640215e-01   2.2189166e-01  -2.9755110e-01  -2.0851998e-01  -2.0011195e-01  -4.3431942e-01  -2.1409190e-02   3.0564359e-02  -3.1023629e-01   4.0661005e-04   2.3352080e-01  -3.0332200e-03   5.7033917e-01   2.7770687e-01  -1.9093346e-01   3.5814837e-01  -5.3884250e-01  -2.3218771e-01   7.9166271e-01  -3.7088145e-01   8.9135331e-02  -1.2347358e-01   7.9690631e-02  -9.1723036e-02  -3.8251664e-01  -3.9378948e-03   7.4752973e-01   3.5180180e-02  -4.8217858e-01   1.8142502e-01  -6.0653004e-02  -8.8589517e-02  -2.7314213e-01  -3.4448462e-01   9.8477751e-03  -2.6965927e-01  -2.8081794e-02  -1.8005350e-01   7.4918409e-01  -2.6653344e-01   2.4556018e-01   6.0029003e-03  -1.0492996e-01   4.5311546e-01  -1.6784743e-02   1.7168048e-01   2.9367900e-01  -1.0930483e-02  -1.6942907e-01  -4.3427044e-03  -2.7133276e-01   1.5705981e-01  -2.6207646e-01  -9.7964679e-02  -1.0002434e-01  -2.3934494e-01  -3.5551808e-04  -6.8377554e-02  -2.3577171e-01  -3.4716644e-01  -6.5402960e-02  -1.9129388e-01  -3.5979516e-01   7.3306515e-01  -7.0296637e-02   3.3614312e-02   1.1689683e-01  -3.1360070e-01  -2.4368818e-01   7.7981516e-01   4.4741892e-01   6.0711427e-01  -3.5962977e-01  -4.3559589e-01  -8.9794063e-02   1.4867181e-01  -2.7500087e-01   2.3151985e-01  -2.5079787e-01   1.4242945e-01  -3.3035650e-01  -2.0232292e-01  -1.6414470e-01  -9.1274314e-02   4.1782309e-02  -2.3319227e-01  -3.7532711e-01   2.1142488e-01  -3.7785897e-01   1.3689235e-01  -7.1100019e-02  -1.8418505e-01  -2.6987849e-01  -6.2528225e-02   3.6801506e-01   2.3497301e-01  -2.1478678e-01   8.3084237e-02  -2.3914453e-01  -4.6142002e-01  -1.0140811e-01   1.8340399e-01   7.0043370e-01   4.4048117e-02  -2.6336701e-01  -3.5653562e-01  -2.3135853e-01  -4.3359473e-01   1.3982535e-01  -1.1286863e-01   8.7566212e-02  -1.3496332e-01  -2.3229384e-01   6.4793616e-01   3.4930078e-01  -2.5989723e-01  -3.6857128e-01   3.7537939e-01   5.4706241e-01  -3.1201789e-01   2.0017904e-01   1.7141997e-01  -1.0505014e-02   2.3052321e-01  -2.3401990e-01
   7.8535528e-03   1.8672003e-01   0.0000000e+00  -1.7723114e-01   1.7253031e-01   1.8975194e-01  -5.6067093e-02  -1.0611238e-01  -9.9305071e-02   1.3727590e-01  -7.2634353e-02   4.1824481e-01  -9.3468553e-02  -2.3549057e-01  -2.2052696e-01   1.5505068e-01   6.7067277e-01  -9.4449198e-02   1.3080868e-01   1.3005587e-01  -6.2842239e-02  -1.3708033e-01  -1.3178957e-01   1.5029689e-01   1.6538267e-02   1.7293083e-02   2.2530327e-01  -1.0517866e-01   1.1813400e-01  -2.4497503e-01  -2.4874195e-01  -2.8423963e-01  -1.3990462e-01   1.9648228e-01   9.1711739e-02   1.5355500e-01   7.9486184e-02  -3.8929896e-02   2.1697501e-02   2.9855731e-01   1.9130572e-02  -1.8575145e-01   1.8353301e-01  -2.1758013e-01  -1.0915047e-01  -5.5184656e-02  -4.7333146e-02  -1.2396263e-01   1.1812959e-01   6.0348242e-01  -1.5698701e-01  -2.8696353e-01  -1.6132766e-01   4.5885883e-01  -7.1096375e-03  -6.6991259e-02  -3.1906007e-02  -3.6266448e-02  -1.2510799e-02   6.5160147e-02   9.1070814e-02  -4.2523985e-02   1.3616597e-01  -2.0581870e-01  -6.4853564e-02  -1.4757320e-03   2.7546931e-01   4.3059455e-02  -1.6634359e-01   4.2485492e-01   2.4810329e-01   2.3086744e-03   3.7396742e-02   7.5622186e-02   1.4538308e-01   6.0046655e-02  -1.1904027e-02  -6.2792729e-02   1.4976766e-01   2.1885253e-01  -4.0478567e-01   4.1540710e-01   2.4065220e-01  -8.9784100e-02   1.2868088e-01   1.3998006e-03  -1.2504013e-01  -9.6271695e-02   8.1835289e-02  -6.0507677e-02   3.3940932e-02   2.5882630e-01  -1.5062345e-01   6.3510635e-02  -3.1911481e-02   1.8248922e-01   1.8357225e-01   5.7781348e-02   2.4326637e-01  -1.3593169e-01   9.4955408e-02  -3.1109109e-03  -2.4882907e-01  -3.0387303e-02  -2.3497666e-01  -1.2706585e-01   3.9258775e-01  -9.9697315e-02  -2.5518483e-02   8.2975710e-02  -4.3031764e-02  -1.7999276e-01   5.5781586e-02   1.2274053e-01  -2.5911652e-01  -5.1202963e-02   3.0118904e-02   1.2773250e-01   1.1712112e-01  -1.2373137e-01   2.0127861e-01   1.8030649e-01  -6.4301898e-03  -7.7001858e-02   5.4824884e-02  -2.7303480e-01  -2.9199646e-01   2.6030925e-01  -1.1353427e-01   4.0422092e-01  -1.2011744e-01  -2.6767422e-01  -5.9090325e-02  -1.9918011e-01   9.8393667e-02  -8.3563218e-02   1.4815924e-01  -2.6187337e-01  -1.0741132e-01   4.6788304e-03   9.4315618e-02  -7.7868654e-02   2.7731814e-02   1.8335720e-01  -2.0474069e-01  -1.4119525e-01   2.9893142e-01   1.4077004e-01  -7.8601325e-02  -2.4055029e-01   1.2361208e-01  -3.0447823e-01   3.6858648e-01  -6.2605642e-02   4.3978357e-01  -1.5841372e-02   1.4329752e-01  -6.6551221e-02   4.8522191e-02  -3.5921323e-01   1.0059781e-01   8.3927667e-03  -9.1711747e-02  -1.3966128e-01   8.0697424e-02   8.7566705e-02  -3.6671985e-02  -4.7160293e-02   3.1193803e-01   1.2985482e-01  -5.3136184e-02  -9.9059169e-02  -4.0544794e-02   3.0583464e-01  -1.3814845e-01   8.7586636e-02   6.2325494e-02
  -6.7236921e-02  -1.2647970e-01  -1.7723114e-01   0.0000000e+00   2.1066688e-02   8.1980996e-02  -2.0303348e-01  -2.4290261e-02   3.0115969e-01  -2.1506578e-01   3.2858328e-01  -2.5344857e-01   2.4951698e-01   9.5913754e-02  -3.6878379e-02   1.3770485e-01  -3.8977692e-01   2.5491785e-01  -1.3815907e-01  -2.0598193e-02   1.3863840e-01   4.3390743e-01   2.9356260e-02  -1.6791263e-01   1.1703130e-02   4.9968658e-02  -2.5438321e-02   6.7055135e-02  -1.1401019e-01   4.1093958e-01  -1.9402741e-03   5.4432498e-01   1.7343276e-01  -2.3275428e-01  -2.0995368e-01  -1.2125204e-01  -1.7125999e-02   1.0357150e-01   1.5899249e-01  -2.3893995e-01   1.7949096e-01   2.8364705e-02  -2.3973160e-02   1.5543546e-01   1.5079022e-02  -5.7364283e-02   2.7833947e-01  -1.5062109e-01   9.3496330e-02  -2.8180083e-01   5.7850862e-01   1.5026752e-01  -1.1314971e-01  -8.5959234e-02   2.6919769e-02   2.1229993e-01  -6.9310034e-02   2.8731117e-01   4.2951403e-01   6.3001878e-02  -5.2518752e-02  -1.6177643e-01   1.4059195e-01   1.9443759e-01   4.2248658e-02  -1.2734443e-01  -1.6105831e-01   9.4158867e-02   3.2946088e-01   6.4763375e-02  -3.0018845e-01   4.4485070e-01   1.0297987e-01  -3.8571766e-02   1.9349330e-02   1.7983076e-02  -1.8251337e-03   8.0091592e-02  -1.2206717e-01   8.6396869e-02   9.1389596e-02  -1.8322619e-01  -2.3778392e-01  -2.4667264e-02  -4.7873314e-02  -2.8629618e-03   2.2558604e-01   8.4383450e-03  -2.3087363e-02  -3.3484878e-03  -9.7737642e-02   9.0417406e-02  -5.7209645e-02   1.2579102e-01   1.1425191e-01  -1.6068086e-01   2.2569644e-01  -1.9369953e-01   1.2273202e-01  -3.1003072e-02   1.2234196e-01   1.8803617e-01   8.5820458e-02   1.3130413e-01   4.8090322e-01   3.9516299e-01  -4.2924030e-01   2.9109059e-01  -1.4620602e-01  -7.8646270e-02  -1.9929971e-01   4.1592006e-01   2.9281550e-01  -1.7645853e-01  -6.5176544e-02   1.1242608e-04   1.2339538e-01   3.4362926e-02  -1.1229497e-02   6.1296959e-01  -1.6301912e-01  -2.7981974e-01  -6.4307956e-02   4.1638513e-02  -8.9610563e-02   1.7938842e-01   2.4276099e-01  -1.4099516e-01   5.0913140e-01  -1.8169277e-01   1.9558309e-01   1.8605958e-02   1.6008172e-01  -5.0617913e-02   1.4021643e-01   2.3260083e-02   8.6403936e-02   9.6623691e-02   1.8615551e-01  -9.8845475e-02  -7.7024559e-02   1.9446545e-01   3.9844165e-01  -1.4891640e-01   1.5627947e-01   2.5231668e-01  -3.5672506e-01  -1.4070489e-01   1.5513398e-01   1.3132088e-01  -6.5612020e-02  -1.2610275e-01  -1.3024286e-01   3.4372943e-02  -2.4108879e-01   1.1005318e-01  -9.1139315e-02   3.6217841e-01   5.9580344e-02   1.8413358e-01   1.5049978e-01   2.4151058e-01  -1.1765612e-01   4.4163675e-01   7.0530147e-02  -2.5227975e-01   3.2490319e-02   8.8076055e-02  -1.9135867e-01  -3.2650718e-01  -1.7287849e-01  -7.8969213e-02   2.8745633e-01  -2.5000252e-02   2.0165507e-01  -6.8468203e-03   2.0917538e-01
   1.8318540e-02   5.4270938e-01   1.7253031e-01   2.1066688e-02   0.0000000e+00  -1.2932474e-01  -4.0601847e-01   1.1157660e-01   3.2669254e-01   5.4434114e-02  -2.4038439e-01   3.6237407e-01   1.2329211e-01  -5.1312184e-01  -2.8968780e-01  -1.4802572e-01   2.7391604e-01  -1.8014742e-01  -6.1974895e-02   8.1646288e-01  -1.5055151e-01  -2.7182694e-01  -5.4541479e-01  -2.4455672e-01   9.0600442e-02  -1.7963127e-01   1.8697988e-01  -3.3435730e-01   1.5751315e-01  -7.6183387e-02  -3.2342015e-01   1.3317482e-02  -1.8228051e-01   3.3085398e-01   1.6048428e-01   3.6078522e-01   2.0438258e-01  -9.1247832e-02  -7.9499007e-02   1.9201655e-01   1.1567938e-01   1.7228868e-03   2.0489514e-01  -2.1432862e-01   4.3235055e-01  -3.3265351e-01  -1.4382845e-01   1.1328748e-02  -2.5217581e-02   3.6921619e-01  -2.1687270e-01  -2.1737598e-01   4.5824073e-01   2.0277477e-01  -2.3350483e-01  -2.9675001e-01   1.5387639e-02  -2.9277527e-01   6.8762484e-02   5.0065886e-02  -3.1295508e-01   2.3329424e-01   2.6999825e-01  -8.8861918e-02   4.2690113e-01   2.1982242e-01  -7.4966349e-02   4.2878979e-01  -2.1576412e-01  -2.7880997e-01   5.3688333e-01  -2.7809322e-01   7.8470463e-02  -1.7648915e-01   2.9269447e-01   5.4956364e-03  -3.5842914e-01  -1.0061487e-01   6.9172168e-01   2.4966788e-01  -4.8388922e-01   6.4498895e-02  -1.1282354e-01  -1.4767991e-01  -3.2084492e-01  -3.2357420e-01  -1.6054247e-02  -2.9763224e-01   1.4934902e-01  -6.0675421e-02   7.1798761e-01  -8.4795139e-02   3.4292659e-01   1.6171002e-01  -1.7568413e-02   6.7405955e-01   1.7252269e-01   2.5748732e-01   4.5537899e-01  -1.9212840e-01  -1.4616173e-01  -1.5043941e-01  -2.3968218e-01   2.1686530e-01  -3.2153097e-01  -4.0389728e-02  -8.3976226e-02  -7.2438751e-02  -2.8017624e-02   1.3021014e-01  -4.0885447e-01  -3.7569034e-01  -6.8584348e-02  -1.1578701e-01  -4.9768197e-01   6.6874499e-01  -1.8235054e-02   2.7243380e-01   1.0866485e-01  -6.4853700e-02  -2.7831608e-01   6.2060904e-01   2.1715097e-01   3.3362163e-01  -3.7320954e-01  -2.8381053e-01   1.0342064e-02   2.4295750e-01  -1.9326107e-01   9.2057853e-02   5.8921881e-02   1.0288323e-01  -1.0691610e-02  -2.6198656e-01  -1.0692956e-01  -9.7114365e-03   2.1705816e-01  -2.3723660e-01  -2.7632628e-01   1.9778556e-01  -1.4801101e-01   1.5551940e-01  -1.0847142e-01  -3.9051517e-01  -1.7262224e-01  -5.9973876e-02   1.2326217e-02   2.9770539e-01  -4.9213529e-02  -1.6651359e-01  -4.1280726e-01  -3.7114748e-01  -1.9075523e-01   3.3073411e-01   5.6659250e-01   7.1844922e-02  -3.5772284e-01  -9.5018074e-02  -2.7970572e-01  -4.4669153e-01   2.2258215e-01  -9.2813802e-02   8.2709915e-02  -2.7490640e-01  -6.4939293e-02   4.3371339e-01   2.3920244e-01  -1.8894217e-01  -4.0785232e-01   3.6297988e-01   5.0856149e-01  -1.7843777e-01   2.8467829e-01   1.6005827e-01   4.6321579e-02   2.8827058e-01  -1.5516369e-01
  -1.3742787e-01  -1.9238981e-01   1.8975194e-01   8.1980996e-02  -1.2932474e-01   0.0000000e+00   2.7616029e-02  -9.4769946e-02  -1.3141370e-01  -3.2478247e-01   2.5398110e-01   9.2033340e-02   5.2011027e-02   9.1021662e-02  -2.1427253e-01   4.8878971e-01   9.7837410e-03   1.2258636e-01   1.4059209e-01  -5.5269642e-02   2.1157431e-01   3.9924264e-01   1.7329583e-01  -2.2349345e-01   3.9017703e-02   1.5245489e-01   1.7197074e-01   1.4547856e-01   4.3121211e-03   3.3437749e-01  -2.0403224e-01   1.4563952e-01   5.5310116e-02  -9.5225298e-02   9.4419617e-02   4.2790649e-02  -7.9685810e-02  -1.3951426e-01   1.5128585e-01  -6.1894654e-02  -8.8628063e-02  -1.2040037e-01   2.6213993e-01   2.6003970e-01  -7.4546413e-02   6.2670611e-02   3.6442727e-01  -1.3663154e-01   2.9543407e-01  -4.8379894e-02   2.5834282e-01   1.0053723e-03  -3.4446815e-01   1.4458558e-01  -3.6203663e-02   4.0116505e-01   2.4346790e-01   2.5584246e-01   2.9434265e-01   5.7817469e-01  -7.4244352e-02   5.7564374e-03   2.6380525e-02  -1.2251854e-01  -2.9531823e-01   3.2631501e-02   6.3277621e-01  -4.5567926e-02   4.3771459e-01   1.1359973e-01  -2.7329791e-01   4.8609470e-01   6.9038084e-03  -1.3304559e-02   5.9866785e-02   7.8871317e-02   8.3328378e-03   8.6237846e-02  -2.1072533e-01   1.3549175e-01  -9.1320912e-02   5.8421714e-03   2.9914447e-01   3.0392747e-01   2.8021669e-01   9.1431472e-02   1.5759484e-01  -1.5717184e-01  -2.0637437e-01  -1.7043565e-01  -1.5756930e-01  -1.1248756e-02  -2.1068795e-01   1.0475489e-01  -1.8498098e-01  -3.0388187e-01   1.5983160e-01  -8.9649257e-02  -6.4294684e-03  -3.4066026e-01   1.2791746e-01   3.8108816e-01   6.6357247e-02   9.4534337e-03   3.9785643e-01   1.2256370e-01   1.4894181e-01   3.5563091e-01  -2.7352329e-01   4.1171307e-01   2.4302406e-02   5.8481815e-01   1.5376437e-01  -1.0717844e-01  -1.3059676e-01  -2.6786072e-01   2.1288868e-01   1.4641556e-01   2.0755026e-02   2.8576167e-01  -3.3926107e-02  -2.4140594e-01  -7.7491423e-02  -3.6864112e-01  -2.5680782e-02   1.0139489e-02   2.1176715e-01  -1.5028398e-01   2.2750940e-01   1.7877224e-02   5.6162189e-02  -2.3367601e-01   2.3920080e-01  -2.0330802e-01   2.7221672e-01  -1.4962446e-01  -5.5574821e-02  -2.6061540e-01   6.9490621e-03  -9.3294146e-03  -7.4007269e-02  -1.0257054e-01   2.1191760e-01   2.8675351e-01   1.7472160e-01   1.0722964e-01  -2.9950639e-01   2.0592130e-01   5.3241297e-01  -4.0758115e-01   1.7352857e-01  -4.5417738e-02  -5.3282807e-02  -3.5450714e-01  -1.1427211e-01  -1.0927757e-01   3.3865823e-04   1.3948187e-01  -1.9984777e-01   9.9650431e-02   4.2603048e-02   1.4472644e-01  -4.2213727e-01   1.6388048e-01   1.0983395e-01  -2.5248927e-01   1.1896964e-01   2.4757987e-01   7.5994211e-02  -1.3489602e-01  -1.2356667e-01  -2.0786568e-01   1.0344517e-01   4.7933092e-01  -8.9020102e-02  -2.6265668e-02   2.9743229e-01
  -3.0316258e-01  -3.2313022e-02  -5.6067093e-02  -2.0303348e-01  -4.0601847e-01   2.7616029e-02   0.0000000e+00  -2.2247621e-01  -1.3469610e-01   2.2552289e-01  -2.3971145e-01   1.3431493e-02  -1.8692329e-01   1.9047926e-02   2.2479673e-01  -3.6287521e-02  -3.1857550e-01   2.6750071e-01   2.6975830e-03  -3.1553313e-01   4.1311298e-02  -6.3174710e-02   3.7139889e-01  -4.3414353e-02  -3.4740132e-02  -2.8418460e-01   1.1397780e-01  -4.8711772e-02   5.7287076e-04   3.3132229e-02   6.3554708e-02  -1.2091645e-01  -1.3241531e-02   2.8963682e-01   1.1883982e-01   1.6556152e-01   1.9614642e-01  -9.0851766e-02  -1.8759624e-01  -1.2985177e-01  -1.2207525e-01   2.5940576e-02  -2.5832818e-01   3.7550047e-02   2.2697861e-02  -9.2888675e-02  -1.6585684e-02   5.6287559e-01  -6.4727710e-02  -2.1314776e-01   2.1878680e-01   2.4466888e-02   8.0722060e-02  -5.6350527e-02  -7.4137411e-02   1.2829329e-01  -2.2354599e-01  -1.3669467e-01  -2.1283747e-01  -1.6927687e-01   3.2228377e-02  -1.4921936e-01  -2.2946651e-01  -2.2284589e-01  -1.0637305e-02   2.8739834e-01  -2.2017704e-02  -1.8830936e-01  -8.1364607e-02   1.2270619e-01   2.9155585e-02   1.2396749e-01  -1.7096265e-01  -1.5774334e-01  -5.4191257e-01  -1.1704294e-01   8.4047179e-02   8.8356732e-02  -1.6621800e-01  -2.9893627e-01   2.1717647e-01  -1.3982597e-01   1.7480788e-01  -3.7501822e-03  -9.9510771e-03  -1.8306588e-02  -5.4435118e-02  -2.4003702e-01  -2.2865373e-01  -3.1045611e-01  -1.4542980e-01  -2.4187332e-01   7.4994246e-02  -2.3463991e-01  -2.5273350e-02  -3.0697041e-01  -2.5272715e-01  -1.5486230e-01  -1.0647553e-01   6.2472910e-01  -1.8692148e-01  -4.1593553e-02   1.4475797e-01  -2.0759780e-01  -3.0331615e-02  -6.3750570e-02   1.0214278e-02  -1.0645743e-01   3.6249365e-01   6.8703382e-02   4.3144598e-01  -4.8184471e-03   3.5337917e-02  -1.0058399e-01   1.6321905e-01  -1.4145216e-01  -2.6143578e-02  -1.8142282e-01  -4.2182303e-02  -1.8249125e-01   1.4800573e-01  -9.6424917e-02   3.4512097e-02   8.4168332e-02   4.7482646e-02  -2.3746814e-01  -9.8844264e-02  -3.9083075e-01  -2.4434880e-02   1.7469431e-01  -2.8034365e-01   2.4922312e-01  -2.1748798e-01   3.5938122e-01  -1.9714523e-01  -7.7130229e-02  -3.7974137e-01  -6.5420318e-02  -1.2754571e-01  -2.4471730e-01  -1.1482927e-01  -4.2022631e-02  -1.4905020e-01   3.0449221e-01  -1.1069150e-01   4.2107587e-02   2.7855315e-01   1.7766316e-01   1.8456031e-02   3.0049996e-01   1.2864490e-01   1.3701915e-01  -5.0687732e-02  -2.3853154e-01  -2.1015341e-01  -1.9158548e-01   5.3492752e-02  -1.6508126e-01   1.6589437e-02   1.6602796e-01  -2.6347573e-01  -2.3640574e-01   2.8060120e-01   3.4644553e-02  -5.2305137e-02   4.8101923e-02  -8.1950790e-02  -2.6041184e-02   1.1744491e-01  -1.1090717e-01  -7.0628207e-02   1.5569294e-01   1.2039281e-01  -1.6318793e-01  -1.1075045e-01  -1.4291807e-01  -2.3986781e-01
   7.1672805e-03  -5.8481271e-02  -1.0611238e-01  -2.4290261e-02   1.1157660e-01  -9.4769946e-02  -2.2247621e-01   0.0000000e+00   1.2863805e-01   3.0456783e-02   9.6383326e-02  -5.9726825e-02   4.0181618e-02  -7.6469366e-02   2.3601844e-02  -3.9767482e-02   5.1930400e-02  -2.3474979e-01  -9.7017513e-02   1.0760801e-01   1.5209643e-01   2.0565451e-01  -5.7511977e-02  -1.0286371e-01   1.8232332e-01   4.1803047e-02  -2.2945559e-01  -1.6414210e-01   1.9122796e-01  -3.5458835e-02   4.0475959e-02   5.3741699e-02  -5.7717646e-02  -4.9719335e-02   6.3870501e-02  -2.0747333e-01  -1.9454764e-01   4.3079859e-02   1.1878810e-01   1.8161549e-02  -4.2875303e-02  -1.6770025e-01   1.1332973e-01   6.1166301e-02   1.1426074e-01  -9.4061763e-02  -1.3444891e-01  -7.8645849e-02   6.6005690e-02   6.1310806e-02  -7.3376627e-02   2.3045956e-01  -5.0545877e-02   1.2553632e-01  -1.6026712e-01  -1.8843628e-01   1.2481627e-01   1.8285868e-01  -4.8116622e-02  -1.8573707e-02  -1.7358530e-01   4.3211035e-02   1.3364751e-01   1.5951241e-01   1.2909735e-01  -4.1534058e-02  -7.4915892e-02   7.5664459e-02  -2.3520532e-04  -1.6127552e-01   4.2033653e-02   6.7800498e-03   1.1234013e-01  -8.7124194e-03   1.0663827e-01   1.6260058e-01  -1.1197708e-01   6.9206005e-02   8.7811591e-02   5.1495534e-03   3.7666408e-02   4.7755645e-02  -8.9136858e-02   1.0650496e-01  -1.2138818e-01   1.1856913e-01   2.4103318e-01  -9.0166517e-02   6.4622359e-02   5.4554489e-02   8.4269157e-02  -2.0669847e-02   1.2781372e-01  -6.3057794e-02  -1.5459702e-01   1.6105495e-01  -4.6180356e-02   1.8297515e-01   1.1394946e-01  -3.2374096e-02  -9.3919834e-02   7.7168666e-03   6.5693862e-02   1.5793286e-01  -7.3259069e-02   1.0107978e-01  -8.5169855e-02   1.9207637e-01  -3.9904031e-02  -1.5702741e-01   5.7457459e-02  -1.2508879e-01   7.8151848e-02  -9.2546661e-02  -2.9714495e-02   3.8538183e-02   5.2782096e-02  -6.0592316e-02   8.8469425e-02  -4.8614022e-02  -9.9840100e-02   1.0699259e-01   1.0061414e-01   7.4598417e-02  -1.0475731e-01  -1.6538675e-01   1.2013320e-01   7.6192567e-02   1.7232121e-01  -1.9846265e-01  -1.3289805e-02   1.2838004e-01   3.7632116e-02   7.9146901e-02   2.8329603e-02   3.8629976e-01   2.2725568e-01   5.0633982e-02   4.8634007e-02  -6.4793489e-02  -1.6220403e-01   1.0723479e-01  -1.5888432e-02  -8.4144085e-02   1.6219939e-01   1.3784184e-01   4.2424649e-02  -1.1338208e-01  -1.6842159e-01   5.1085734e-02  -1.9859617e-01   1.7262372e-01  -7.0708196e-02   1.4868349e-01   1.0119478e-01  -1.7726893e-03  -1.9011757e-01   3.0757968e-02  -2.1855774e-01  -1.1999081e-02   2.9523586e-01   2.5658619e-01  -2.4587113e-02   3.5039130e-02   1.9179191e-01   1.0912349e-01   2.9442229e-02  -2.8815021e-02  -1.7290915e-01   8.3074751e-02  -4.5394173e-02  -6.9207517e-02   1.2783651e-01  -3.9990037e-02   1.8448090e-01   2.1215107e-02   2.6644415e-01
   1.3098003e-01   6.8234319e-02  -9.9305071e-02   3.0115969e-01   3.2669254e-01  -1.3141370e-01  -1.3469610e-01   1.2863805e-01   0.0000000e+00   7.8711661e-02   7.4235980e-04  -5.9731740e-02   3.1049305e-01  -2.1476408e-01  -1.1595381e-01  -1.2734573e-01  -1.4752030e-01   4.4066467e-02   4.5610351e-02   2.0981294e-01  -1.3909733e-01  -9.5150106e-02  -1.3894551e-01   3.5636553e-02  -2.1214890e-01  -5.5511376e-02   1.1925936e-01  -3.0665886e-01   5.5096235e-02  -2.4605162e-03  -5.3119293e-02   1.8451292e-01   1.0703823e-01  -2.0947338e-02  -1.3206392e-02   1.7283879e-01  -1.9070432e-02   7.9750494e-02   4.3698446e-02   1.5990845e-01   2.0800085e-01   1.1211258e-01   2.3706456e-01  -1.3639641e-01   2.1466090e-01  -2.8895564e-01   4.7427678e-02   1.7957440e-02  -1.5239728e-01   2.2733566e-02   1.4065739e-01  -6.9521947e-02   7.1695180e-02   4.2283674e-04   6.5808846e-02  -1.7796025e-01   1.1263632e-01  -7.2053274e-02  -5.3650905e-03   4.2991995e-02  -1.8364694e-01   1.0307070e-01   1.4359163e-01   1.1806979e-01   3.1795357e-01   6.1911495e-02  -2.2195621e-01   2.5257560e-01  -6.6348506e-02  -3.2858505e-02   3.8469443e-02   7.0486700e-02  -2.6762244e-02  -1.3809453e-02   6.2065859e-02   1.0356058e-01  -1.7953858e-01  -1.5952276e-01   3.1834591e-01   1.5273352e-01  -1.3233034e-01  -1.5304146e-01  -2.4591563e-01  -1.8446587e-02  -2.9756347e-01  -2.2666560e-01   1.6782160e-01  -2.8260594e-02  -8.2689570e-02   1.1523509e-01   3.1085048e-01  -5.9331943e-03   1.2520884e-01   4.7186356e-01   7.1426933e-03   2.8152622e-01  -1.1099324e-01  -6.2675262e-02   2.4750235e-01  -4.1074009e-02  -7.1207093e-02  -2.3419749e-01  -7.2137424e-02   4.0910218e-01  -3.2385858e-02   3.4235392e-02  -2.7893768e-01  -1.8030302e-02  -1.3845410e-02  -3.3885097e-02  -2.2291051e-01  -1.9553837e-01   6.4183147e-02   2.5060624e-02  -1.9401030e-01   2.2469839e-01  -5.5906576e-02   7.2597503e-02   1.6849942e-02   3.0678989e-01  -1.0578715e-01   1.2906843e-01   2.5801663e-02   2.0202784e-01  -1.5562124e-01   4.7783437e-02   1.2434383e-01   8.3942636e-02   1.4370412e-01   1.1494352e-01   9.2927318e-02  -3.3817381e-02   8.0814458e-02  -1.5175877e-02   1.1368151e-01   3.1802500e-02   1.7105720e-01   3.2775999e-02   5.0565465e-02   6.5931790e-02  -5.0265792e-02   2.5469214e-01  -7.3407598e-02  -1.9970048e-01   1.2545461e-02   2.1862756e-02  -1.3720290e-02   1.4094005e-01  -7.3866172e-02   9.5127983e-02  -3.1727882e-01  -2.1693343e-01  -1.2311814e-01   2.9815350e-01   2.0534311e-01   2.3802145e-01  -1.0391776e-01   6.2918663e-02  -1.8744450e-02  -2.3459198e-01   3.7165617e-02   9.9484127e-02   9.1554383e-02   1.8302583e-01   9.6576045e-02   7.9960169e-02  -5.0403988e-02  -9.6269327e-02  -1.8611289e-01  -2.0614720e-01   2.6564388e-01  -1.3048694e-01   4.7341306e-01   4.5167443e-02   2.3367799e-01   2.2807986e-01   4.2661972e-02
  -1.3478475e-01   1.0482781e-01   1.3727590e-01  -2.1506578e-01   5.4434114e-02  -3.2478247e-01   2.2552289e-01   3.0456783e-02   7.8711661e-02   0.0000000e+00  -3.4582125e-01   1.2150487e-01   4.3291845e-02  -2.9389258e-01   3.5792214e-01  -2.9476896e-01   1.6998181e-01  -2.1541494e-01  -6.1108265e-02  -2.3517300e-03  -1.4159351e-01  -3.5446176e-01   4.6660224e-02   7.7845335e-02  -1.2861396e-01  -6.3300502e-02  -1.0409272e-01  -2.7809279e-01   1.2536052e-02  -4.9717696e-01   1.1729724e-01  -3.1295917e-01  -6.0710579e-02   3.0543166e-01  -2.6629774e-02  -1.2916411e-02  -7.3008630e-02   1.4116565e-01  -1.3348162e-01   2.1609688e-01   5.9145390e-02   1.1818110e-01   1.0211187e-01  -4.4652609e-01   1.2092295e-01  -2.0491169e-01  -4.1444567e-01  -6.2286236e-02  -1.8608774e-02   3.0785122e-01  -1.5175961e-01  -2.3554834e-02   5.6584450e-03   1.4569707e-01   1.0320100e-01  -2.5943366e-01  -9.2034441e-02  -2.9913670e-01  -4.0034945e-01  -3.3417612e-01   8.4683410e-02   3.6823613e-02  -6.6321082e-02  -1.9868567e-01   2.3344312e-01  -8.8013777e-02  -3.2310639e-01  -1.4764746e-01  -3.8447847e-01   5.6785888e-02   2.3679273e-01  -3.7765222e-01  -6.5203743e-02  -5.7177868e-02  -1.5578205e-01  -3.7292632e-02   2.4970907e-02   6.0017732e-03   2.6269033e-01  -8.9306172e-02  -2.2733774e-02   5.9510729e-02  -2.3451887e-01  -1.5532014e-01  -3.7669334e-01  -7.8421474e-02  -1.9936955e-01  -1.3800971e-01  -8.5518728e-02  -7.8754541e-02   1.0043681e-01   9.5364000e-02   1.7612602e-01  -1.7718181e-02   9.0436508e-02   3.8581672e-01  -1.3860237e-01   1.7322721e-01  -8.8987262e-02   4.8534260e-01  -1.4780659e-01  -2.2479428e-01  -1.4113444e-01  -9.1220758e-02  -4.2903253e-01  -2.7509957e-01   1.6717431e-01  -4.7200242e-01   3.6660032e-01  -3.1650916e-01   1.5157668e-01  -3.9094603e-01  -1.9946328e-01   1.4550717e-01  -3.7770327e-04   7.9771157e-02  -2.6372217e-01  -5.8671921e-02  -1.1931475e-01  -2.0938379e-01   1.6025151e-01   3.0888969e-01   7.4710269e-02   9.0717747e-02  -1.0579761e-01  -1.6267510e-01  -3.5531330e-02   7.9692811e-02  -2.2197268e-01   1.2216349e-01  -1.6627502e-01   1.5369494e-01  -2.6257924e-01   5.5804216e-02  -1.5785006e-01  -4.1871419e-02   6.1364400e-02  -9.6793855e-02  -7.9703397e-02   6.0328177e-02   3.7504915e-02   2.5834640e-02  -3.5353183e-01  -1.2102096e-01   1.0970922e-01  -1.1190723e-01   5.9942074e-01  -1.4223979e-01  -4.2958532e-01   2.4057988e-01  -8.4442750e-02  -1.4805058e-01   6.5611114e-02   9.4874000e-03   2.5925581e-01   3.4809755e-03   1.2446797e-01  -6.9954213e-02   8.9565848e-02  -1.4505380e-01  -2.8544223e-01  -1.6013668e-01   2.9575701e-01  -2.4693892e-01  -2.3297857e-01   2.0739690e-01  -3.2383463e-01  -2.1977864e-01   2.9746519e-02   1.2192161e-01   9.0055195e-04   1.1227913e-01  -9.8904803e-02  -2.3914351e-01   5.1312233e-02   3.8050316e-02  -2.1970837e-01
   4.3359403e-02  -3.6415833e-01  -7.2634353e-02   3.2858328e-01  -2.4038439e-01   2.5398110e-01  -2.3971145e-01   9.6383326e-02   7.4235980e-04  -3.4582125e-01   0.0000000e+00  -4.2030260e-02   3.2285630e-02   1.6921206e-02  -2.4011733e-01   1.8322105e-01  -2.0263685e-01   1.8598647e-01   8.6081545e-02  -2.1582559e-01   4.7490887e-02   3.3985379e-01   5.4872539e-02  -8.6397236e-02  -4.6426559e-02   3.6703070e-01   1.9960921e-01   1.9200419e-01  -6.0109303e-02   3.5452611e-01  -4.1401158e-02   3.5363013e-01  -1.5377350e-01  -2.7341269e-01  -5.0198671e-03   7.5898583e-02  -2.9021515e-01   4.4938481e-02   9.1551324e-02  -8.6365421e-02   5.0366562e-02  -4.1827948e-01   2.9130120e-01   7.2538128e-02  -1.2424243e-01   2.3661618e-01   7.1542069e-01  -1.8921820e-01  -8.3021950e-03  -3.2722306e-01   4.4283442e-01   7.3998333e-02  -2.7414888e-01  -2.4061138e-01   4.0284894e-02   2.8088497e-02   2.0084708e-01   5.4865101e-01   5.2664094e-01   4.4825285e-01  -6.3255469e-02  -4.9997437e-02   1.7714227e-01   3.2964375e-01  -2.2031186e-01   7.2079885e-02   1.1446057e-01   6.1329761e-02   5.4693689e-01   6.8648096e-02  -4.5184206e-01   5.5530683e-01   7.8735619e-02   1.8386535e-01   1.0832273e-01   4.9986396e-01  -9.5520760e-02   1.6656200e-01  -3.4856341e-01   2.1281575e-01  -7.6202165e-02  -5.3306332e-03  -1.2805318e-01   4.9270185e-02   1.0768471e-01   5.8719405e-01   2.6462958e-01   1.4792611e-01   2.3804483e-02   2.3048456e-01  -2.6712347e-01  -7.4101716e-02  -2.0644777e-01   3.3327271e-01  -7.0407761e-02  -3.1053553e-01   2.3469935e-01   3.8649985e-02   1.7749393e-01  -4.1749096e-01  -3.7592847e-02   3.3541686e-01  -2.2082965e-01   3.5074000e-01   6.3862834e-01   2.4197886e-01  -2.5704610e-01   5.9841923e-01  -3.9802350e-01   7.6918421e-02  -3.1442123e-02   4.2409841e-01   1.8298415e-01   8.5768087e-02  -1.2545697e-01  -3.6271926e-01  -7.9918215e-02  -2.2568900e-03  -2.8199501e-01   4.4087783e-01  -1.1321191e-01  -4.1149350e-01   4.7528023e-02  -1.1378977e-01   1.6287334e-02   9.6996507e-02   4.5719223e-03  -1.8111651e-01   4.7996318e-01  -1.4563543e-01   9.1180815e-02  -1.5790245e-01   3.2837793e-01   1.0191449e-01   3.5930253e-01   3.5069871e-01  -4.1616187e-02   4.7474848e-02   5.2353780e-01   1.4983261e-01   8.0204422e-02  -3.2151727e-01   5.5888374e-01  -8.6661649e-02   9.1185936e-02  -5.4152302e-02  -3.0024873e-01   1.8816972e-01   4.6152035e-01  -2.4790809e-01  -6.8757400e-02  -7.6760913e-02  -1.7265069e-01   2.0988591e-01  -2.0091247e-01   8.4503752e-02   1.4643714e-02   4.8027941e-01  -8.6478580e-02  -8.7976933e-02   3.0529370e-01   6.4502418e-01  -1.1585644e-01   5.0532180e-01   1.6698359e-01  -4.0261192e-01   1.5892019e-01  -4.6629294e-02  -8.0328744e-02  -3.8043590e-01  -1.2796689e-01  -1.9836767e-01   1.3185878e-01   1.5251896e-01   1.0918446e-01  -4.5821874e-01   5.7252582e-01
   1.3617355e-01   6.7155043e-01   4.1824481e-01  -2.5344857e-01   3.6237407e-01   9.2033340e-02   1.3431493e-02  -5.9726825e-02  -5.9731740e-02   1.2150487e-01  -4.2030260e-02   0.0000000e+00  -2.2196475e-01  -4.9850460e-01  -3.7011023e-01  -4.6826967e-02   3.6406906e-01  -2.8796637e-01   2.0624535e-01   3.5545438e-01  -4.5742006e-01  -2.7335744e-01  -5.1033189e-01  -1.1577644e-01   3.8887458e-02  -9.0380177e-02   5.7738620e-02  -2.0245851e-01   2.0308863e-01   7.1896882e-02  -5.1837717e-01  -1.0588500e-01  -2.3473042e-01   6.1457961e-01   4.3604690e-01   2.1042264e-01   3.1295501e-01  -1.6131864e-01  -1.6291737e-01   2.9338383e-02  -2.1010323e-01  -2.9953932e-01   3.1926498e-01  -1.9272627e-01   3.1277662e-01  -3.1894757e-01  -4.3365093e-02   8.5001584e-02  -2.8823482e-01   1.5412525e-01  -2.9802233e-01  -3.1795667e-01   4.0934504e-01   1.1961258e-01  -1.9982143e-01  -2.0199306e-01  -8.6159980e-02  -1.8597282e-01   3.8909280e-02   2.8250085e-01  -3.9222638e-01  -6.3536360e-02   2.8534914e-01  -6.3952313e-03   2.4189453e-01   4.1307782e-01   1.3990027e-02   2.6714350e-01  -3.0622297e-01  -9.5249782e-02   5.2992557e-01  -6.4811887e-02   2.0323181e-02   1.0045046e-02  -4.9025639e-02   2.2147593e-01  -4.5333343e-01   4.7956046e-02   5.3751588e-01   6.7340538e-02  -6.0834789e-01   2.9472784e-01   3.5766900e-02   1.4830315e-02  -1.0853233e-01   1.0278688e-02   1.2377667e-01  -2.6003790e-01  -4.9673168e-02  -7.8619168e-02   4.7879370e-01  -2.8181459e-01   1.2563097e-01   7.5328296e-02  -1.5812953e-01   2.5550414e-01   1.5581169e-01   1.0417532e-01   3.2370440e-01  -1.1040095e-01  -2.1091782e-01   1.6275134e-01  -3.4775470e-01   1.6512857e-01  -3.0679459e-02  -5.2225117e-02   1.1133765e-01  -3.7711043e-02  -1.8456235e-01   5.4701454e-02  -6.7715892e-02  -1.8491108e-01   5.3454469e-02  -1.0084012e-01  -4.5337777e-01   3.5472317e-01  -8.4573198e-02   7.2521835e-02  -8.7255951e-02  -1.6853694e-01  -2.1690085e-01   5.1571246e-01   4.1248245e-01   3.1766273e-01  -3.9131148e-01  -3.9809938e-01  -2.2956350e-01   1.0797732e-01  -5.1317280e-02   1.3912626e-01  -2.0378726e-01  -8.7173664e-02  -2.6459935e-01  -1.3113812e-01   4.0861837e-02   5.5734802e-02  -8.0021945e-02  -4.1726930e-01  -1.7921122e-01   2.9240314e-01  -1.6434898e-01  -1.6724215e-02   1.1596605e-01  -1.0214090e-01  -1.6327251e-01  -1.2171647e-01   3.9291142e-01   3.9378465e-01   4.4096083e-02  -1.3825093e-01  -1.8233890e-01  -4.6210203e-01  -1.1733350e-01   1.4038315e-01   6.8156653e-01   1.4971576e-01  -2.4879890e-01  -2.2273838e-01  -3.6251865e-01  -5.2328751e-01   1.6866963e-01   1.2734512e-01  -6.2031975e-02   9.3852621e-03  -1.1853795e-01   3.8381887e-01   2.6143691e-01  -2.6274760e-01  -2.5153797e-01   2.2474207e-01   4.3758250e-01  -4.2373541e-01   1.7690168e-01   3.8174875e-01  -1.2694105e-01   3.5046226e-02   8.5926700e-03
   5.9710630e-02  -2.3360384e-01  -9.3468553e-02   2.4951698e-01   1.2329211e-01   5.2011027e-02  -1.8692329e-01   4.0181618e-02   3.1049305e-01   4.3291845e-02   3.2285630e-02  -2.2196475e-01   0.0000000e+00   3.7594964e-02   1.3972645e-01  -1.3683661e-01  -1.3870840e-01   1.8564678e-01  -6.5847698e-02   1.0341960e-01   3.0179398e-01  -5.4365725e-02   1.6035835e-01  -1.2785137e-01  -1.0957311e-01   3.2782098e-02  -5.3009342e-02   1.3309781e-01  -6.2544194e-02  -7.6384005e-02   1.8204352e-01   2.8848182e-01   9.7515081e-02  -2.0597627e-01  -3.6763498e-01   2.1327870e-02  -6.4266115e-02   1.7391557e-01  -6.4831065e-02   3.2129954e-03   4.8107561e-01   2.9105872e-01   7.2249012e-02  -5.5922506e-02   7.3707201e-02  -8.7180003e-02   4.5903888e-02  -9.1151127e-02   1.6437056e-01   5.9866411e-02   2.7295299e-01   2.8022236e-01  -2.7975102e-01   2.5706272e-02  -1.4800361e-02   1.3833682e-01  -7.7494053e-02  -1.8147103e-01  -9.3666714e-02  -8.9986505e-02  -1.0466709e-02  -1.1335528e-01  -2.6257016e-02   2.2012064e-02  -2.1819513e-02  -1.9983946e-01   3.5320810e-02   3.9986239e-02   1.1684605e-01   2.1298032e-02  -1.2469764e-01   8.0602084e-02  -1.8260610e-01  -1.1684359e-01   1.0007175e-01  -3.1436541e-01   2.1751593e-01  -8.3645703e-02  -6.2557934e-02   1.9562742e-03   1.2184476e-01  -2.2106070e-01  -8.7340296e-02  -3.7409542e-02   5.6561100e-02  -2.0997627e-01  -1.1538043e-01  -5.0748659e-02   1.0385896e-01   7.8878935e-02  -1.5464005e-01   3.6917161e-01  -5.4559995e-02   4.8484812e-02   1.9633965e-01   1.9435469e-01  -8.6796174e-02   1.0606066e-01  -2.3587700e-02  -2.0158259e-03   1.9503133e-01  -5.3637783e-02   1.4429528e-01   6.5370474e-02  -9.3928280e-02  -4.4964262e-02  -5.8362684e-02  -5.2889994e-02  -7.8655518e-02   4.0648862e-02   7.5132305e-03   2.2187262e-02  -5.8165049e-02  -3.8838774e-02   1.2668751e-01  -1.0633846e-01   1.4712844e-01   2.4443926e-01   1.7433185e-01   2.5111369e-01   1.2931552e-01  -1.5097600e-01  -2.4076804e-02  -1.9353076e-01  -6.0640739e-03   1.9608135e-01   8.7965517e-02   1.4432891e-01  -9.1264574e-02  -1.4412065e-01   2.0338371e-01   1.4396445e-01   2.1369538e-01   1.4697265e-01  -5.8454241e-03  -1.7311193e-01   2.1357925e-01   3.8594675e-02  -3.6083198e-02  -1.9483920e-01   1.1215452e-01   4.2323905e-01   6.0506324e-02  -3.8158582e-03   3.0185270e-01  -1.6947479e-02  -2.9408357e-01  -8.5352985e-02  -1.5643018e-02   8.8051303e-02  -6.7644431e-02  -1.3695850e-02  -7.5604618e-02   1.6786451e-02  -1.4809096e-01  -9.4421120e-03   4.0393971e-02   2.3051149e-01   1.4756545e-01   1.3592564e-01  -3.7814689e-02  -9.0360688e-02   1.0451418e-04  -1.5591203e-01   8.8851169e-02  -1.9623337e-01  -7.2418028e-02   1.2928346e-01   1.2042278e-02  -1.7011747e-01  -1.0394402e-01   1.5511793e-01   2.0589596e-01   3.4888954e-03   1.0631883e-01   3.3211204e-01   2.8908002e-02
   1.8808993e-01  -4.9723673e-01  -2.3549057e-01   9.5913754e-02  -5.1312184e-01   9.1021662e-02   1.9047926e-02  -7.6469366e-02  -2.1476408e-01  -2.9389258e-01   1.6921206e-02  -4.9850460e-01   3.7594964e-02   0.0000000e+00   2.6210252e-01   2.1005003e-01  -2.1338968e-01   2.0820154e-01  -1.5731752e-02  -3.9110280e-01   2.5864685e-01   3.1794288e-01   4.0311783e-01   1.0583102e-01   8.0251757e-03   1.4312961e-01  -1.7942610e-01   4.0601784e-01  -1.6331007e-01   9.0234165e-02   4.3152239e-01  -2.1733184e-02   3.0491308e-01  -5.0411723e-01  -2.0325169e-01  -2.7715001e-01  -1.5636556e-01  -2.8815176e-02   2.5007988e-01  -1.9102675e-01   1.4924045e-01   2.1821293e-01  -4.4228079e-01   4.9216452e-01  -4.2506297e-01   2.3838326e-01   3.4761785e-03  -1.0341663e-01   2.5759049e-01  -2.3996798e-01   1.4420164e-01   2.8948249e-01  -4.3952814e-01  -1.2961370e-01   2.0413949e-01   4.5645815e-01  -9.7702327e-04   1.4187431e-01  -1.2784285e-01  -8.7688045e-02   2.0844004e-01  -3.5151521e-02  -3.3404805e-01   6.4974827e-02  -4.6684181e-01  -2.3603785e-01   1.5421410e-01  -3.2812075e-01   2.2385209e-01  -3.0890288e-02  -5.0671619e-01   8.1853580e-02  -4.1482071e-02   1.0350388e-02   3.1209365e-02  -1.5224513e-01   2.4177075e-01  -5.6930771e-04  -5.0156779e-01  -9.1272662e-02   6.3033938e-01  -2.5743714e-02   2.2992463e-01   2.4958878e-01   4.0612259e-01   1.2543655e-01   2.1437874e-02   4.6908657e-01   1.9514463e-02   1.3435429e-01  -5.8457417e-01   1.1977946e-01  -2.3223986e-01  -2.0056458e-01  -7.5410035e-03  -3.8043471e-01  -1.2103750e-02  -2.2221920e-01  -3.6203696e-01  -5.4962245e-02   4.1130274e-01   4.4506506e-02   5.9049399e-01  -1.8135154e-01   1.1159280e-01  -5.0376525e-02   8.6364560e-02  -2.3001767e-02  -4.2518956e-02   2.4473958e-02   9.8829138e-02   4.0394123e-01  -1.2743749e-02   2.3635613e-03   5.4325405e-01  -4.8640429e-01   1.9397025e-01   1.2092368e-02   2.1999801e-01   5.9838459e-02  -7.3176004e-02  -4.7746753e-01  -2.4599860e-01  -4.9151662e-01   1.5930948e-01   5.8685819e-01   1.1929671e-01  -3.7439659e-02  -4.6112491e-02  -3.1010137e-01   1.2055504e-01  -2.5922772e-01   2.3176052e-01   6.0862286e-02   8.8375938e-03  -1.7454904e-01  -7.4780381e-02   3.2396657e-01   4.2911882e-02  -6.3893488e-02   1.5208227e-01   2.8947193e-02  -4.6343532e-03   2.4978655e-01   2.6258369e-01   1.7297985e-01  -4.7253507e-01  -4.0558430e-01   5.9530248e-02  -3.6590722e-02   4.2274378e-01   5.9319256e-01   1.2829608e-01  -2.3212965e-01  -6.0528323e-01  -3.0919599e-02   8.6912448e-02  -1.0724164e-02   1.3873317e-01   6.1887382e-01  -1.4343534e-01  -1.5268844e-01  -2.7940819e-01  -2.7925161e-02  -5.2076314e-02  -3.9754470e-01  -2.6395877e-01   4.8167999e-01   2.2844239e-01  -2.9758434e-01  -3.1117576e-01   9.8465048e-02  -3.1657517e-01   1.1382041e-02  -6.2417318e-02   5.3579718e-03  -1.2893402e-03
