   0.0000000e+00  -1.5877520e-01   2.2929753e-02  -1.7111220e-01   6.8236577e-02  -2.2473566e-01  -2.3271902e-01   2.3512696e-01  -2.3577695e-01  -1.2701507e-01  -1.1974059e-01  -1.3318431e-01   4.2215686e-02  -1.8657059e-01  -1.2003474e-01  -1.8661323e-01   1.8650828e-01  -2.2574132e-01   1.6358076e-01  -3.6051519e-02  -2.7902091e-01   1.6699278e-01  -1.3383213e-01   3.8195480e-01  -6.9473560e-02   1.0845641e-01  -1.0038150e-01   2.6060303e-01   3.4452814e-02  -1.5334397e-02  -2.4245760e-01  -1.1670448e-01   1.3584444e-01  -2.4727313e-01  -2.1080476e-02  -4.8516635e-02  -1.6586195e-01   2.0814870e-01  -2.4023163e-01   1.6164688e-02  -1.0343586e-01  -8.3240547e-03  -6.6520124e-02  -1.9688469e-01  -3.0291948e-03   4.9103002e-01  -6.2814540e-02  -2.0480579e-01   2.4752581e-02   2.3767541e-01  -1.3837573e-01   2.4585201e-01   1.9866017e-01  -4.2766177e-03  -2.2415100e-01   1.2525979e-01   1.7687273e-03   1.5560336e-01   1.5461187e-01   1.8345859e-01   3.0656278e-01  -2.0471649e-01  -1.5579209e-02  -1.0688301e-01   1.8718846e-02  -5.4737323e-02  -2.1138049e-01  -3.9402243e-02  -8.7280651e-02  -4.8688351e-02  -1.9267328e-01  -1.3859214e-01  -1.4061216e-01   2.7483119e-01  -2.3531412e-02  -1.3455955e-01   3.5821491e-01  -6.3689484e-02   6.5540365e-02  -5.4730635e-02  -2.0141269e-01  -6.4456281e-02  -2.8607888e-01  -6.1523171e-02   2.5853487e-01  -1.1036503e-01   6.4853713e-02   1.8002937e-01   1.5543059e-01   4.4389840e-01   1.6324275e-01  -7.1652566e-03   1.4386988e-01   1.4550838e-01   2.8367493e-01   1.9323455e-01  -9.7368511e-03  -8.8473675e-02  -9.9967801e-02  -1.8113302e-01   6.6999591e-02   8.6898953e-02  -1.2973807e-01   9.8795163e-02  -1.4772255e-01   1.3344878e-01  -1.8549542e-01  -1.6667684e-01  -1.3930378e-01   6.4549040e-02  -5.0050397e-02   4.0023585e-02  -1.2710627e-01   5.0838972e-01   2.4848421e-01  -1.0501443e-01  -6.4751461e-02  -2.1190944e-01   1.2470860e-01  -1.1502495e-01   2.2107696e-01   6.6044561e-03  -1.0459633e-03  -9.3293177e-02   3.5393892e-01  -6.6019365e-02  -1.1924694e-02  -9.0489704e-02   4.5005561e-02  -1.7236225e-01  -1.1300651e-01  -2.9551617e-01   3.3595713e-01  -3.0977818e-01  -4.3652382e-02   8.5403989e-03   4.0194242e-02  -1.4942754e-01   6.9129295e-02   2.7468017e-01   4.6705885e-01  -1.0088129e-01   1.3204714e-01  -1.6812963e-01  -1.6530360e-01  -1.2406348e-01  -2.4814652e-01   1.3229457e-01   8.7510855e-02  -1.0258955e-01   2.4257513e-01  -2.1200065e-02   4.3131850e-01  -1.3552850e-02  -1.1857046e-03   4.5413790e-01   3.9195640e-01   1.6041688e-02   2.6729498e-01   1.0886767e-02  -3.2026770e-02  -7.4088673e-02  -1.1098696e-01  -1.3433750e-01   8.8264434e-02  -2.5344935e-02  -1.1132171e-01   3.6746959e-01   3.2535883e-01   1.5331066e-01   6.9769799e-02   3.1162332e-01  -1.6918872e-01  -3.9197413e-02   1.3874058e-01  -1.6610096e-02   7.9850569e-02
  -1.5877520e-01   0.0000000e+00   3.0931844e-02   3.3778440e-01   1.0937082e-02   4.7093042e-01   4.4415372e-01  -1.7007455e-01   6.7680670e-02  -1.4456685e-01   1.4220565e-01   4.2455071e-01  -3.5031022e-01   3.8252119e-01   2.4765121e-02   1.0706346e-01  -1.0782045e-01   3.0730985e-01  -2.6613281e-01  -2.7390746e-01   1.4302194e-01  -3.1327759e-01   2.5246114e-01  -5.7392409e-01  -2.8309570e-02  -2.1830296e-01   1.2190469e-01  -1.1323686e-01   1.6544637e-02   9.3739431e-02   2.1876763e-01  -4.6632909e-02  -8.8971823e-02   2.3494494e-01   1.4006772e-01  -3.1622700e-02   8.7629738e-02  -3.5555686e-01   3.4344262e-01  -1.0168281e-01  -1.2182013e-01  -2.5498327e-01   7.0567833e-03   2.6083338e-01   1.2167782e-01   2.4042064e-02   2.2195170e-01   4.4366365e-01   3.3113568e-02  -2.4128439e-01   2.7073367e-01  -2.2644602e-01  -1.0894165e-01  -2.0797173e-01   1.6591832e-01   1.8564407e-01   2.9324835e-02  -2.5340770e-01   8.0201479e-02  -1.5549887e-01  -1.2556619e-01  -2.4764631e-01  -1.7896811e-01   8.0824993e-02   1.0269352e-01   2.6931239e-01   4.5670113e-01  -1.4638723e-01   2.0946079e-01   3.6706247e-01   1.8961082e-01   1.1205900e-01   8.5206851e-02  -1.5254240e-01  -3.0183464e-01  -2.8197918e-01  -1.3494298e-01   5.7294286e-03   1.1006038e-01  -2.5370253e-01   1.7736124e-01  -4.6719145e-02   1.5661849e-01  -3.0187383e-03  -2.0032681e-01  -1.4678967e-01  -1.1440519e-01  -1.0865261e-01  -1.0462733e-01  -2.6149186e-01  -1.5308802e-01  -1.1203139e-01  -1.1167934e-01  -2.4930618e-02  -3.5073084e-01  -4.7142648e-01  -1.3824982e-01   8.9393660e-02   5.2567856e-02   1.5350571e-01  -1.1065737e-01   1.9376431e-01  -7.9716755e-02  -2.2545591e-01   2.9045362e-01  -3.1192995e-01   9.3327418e-02   5.4421135e-02  -2.7276992e-01   2.1427174e-01  -1.8535591e-01   4.2447092e-02   1.3024169e-01  -2.7741012e-01  -1.7468396e-01   5.3625921e-02   7.0403498e-02  -5.4315738e-02   1.9833636e-01   1.1203053e-01  -1.9800983e-01   1.7876327e-02  -1.2899272e-01   4.2538264e-01  -7.0118341e-02   3.2485020e-01   2.1260896e-01  -8.8278715e-02  -5.5437069e-02   4.2705416e-01  -1.8704605e-01   3.2397325e-01   2.6456979e-02   3.4241873e-01  -1.9622183e-01  -4.1455431e-01  -3.1197040e-01   3.2683633e-01  -3.1158496e-01  -2.5614131e-01  -3.2478559e-01  -2.7067167e-01   3.7597849e-02   9.7817542e-02   9.3270432e-02   2.1341060e-01   1.7753841e-01   9.3247118e-02   3.1153910e-01   1.8962466e-01  -1.4052816e-01  -2.8932829e-02  -3.0177687e-01   4.3959696e-02   1.4592085e-01  -3.9335282e-01  -1.1372895e-01  -6.2844745e-02  -2.3617454e-01  -1.7415422e-01  -1.4385755e-01   2.1881963e-02   2.6809740e-01   1.2299053e-01  -1.4188522e-01  -1.0265694e-01  -4.1642786e-03  -3.1497356e-01  -9.5788816e-02  -1.3185805e-01  -1.6616533e-01  -3.1949555e-01   2.3029534e-01   4.0606781e-01  -1.2936177e-01  -1.7381552e-01  -1.0418617e-01
   2.2929753e-02   3.0931844e-02   0.0000000e+00  -1.2366914e-01  -1.2549899e-02   9.2661239e-03  -1.5840141e-01  -1.7933981e-01  -7.1365543e-02   1.2479780e-02  -4.1552437e-01   3.7428742e-01  -3.6488310e-01   2.1383186e-01  -2.2177041e-01   5.5032035e-02   6.2598393e-01  -2.6091830e-01   5.1536834e-02   2.4590387e-01  -4.0680522e-01  -2.9602238e-01  -2.5854421e-01  -8.2025130e-02  -8.4751910e-02  -3.0909744e-01   5.4210185e-02  -1.2741970e-02   4.2654171e-01  -7.1380707e-02  -2.3833546e-01  -3.5212681e-01  -6.9674917e-02   1.5533406e-01   1.0348455e-01  -2.5098599e-01  -1.8067466e-01  -6.4555042e-02  -4.7478756e-02   6.2346984e-01  -6.9590764e-02   1.5333684e-01   2.2423358e-01  -1.0519922e-01  -7.1212964e-02   3.8078230e-01  -2.7258024e-01  -2.9237954e-01  -3.5728151e-01   6.7168132e-01  -3.2709279e-01  -3.2847502e-01   2.9307536e-01  -5.4567957e-02  -9.1932587e-03  -1.8577507e-01   1.7203687e-01  -2.3378252e-01  -1.7076719e-02  -2.1875827e-01   3.1514097e-01   3.5953327e-01   2.6534406e-02   9.6615211e-02  -4.2044206e-02  -2.1851467e-01   7.3330808e-02  -1.4623679e-01  -1.2425184e-01   2.5000363e-01   1.6050132e-01  -2.8719866e-01  -1.7706643e-01   4.7367687e-01  -1.8484518e-02  -1.1629304e-01   2.2673810e-01   8.1653869e-02   1.5656643e-01   1.5496606e-02  -6.2806667e-02  -2.6088976e-02   1.8061661e-01  -1.1102160e-01   4.6378356e-01  -1.7275847e-01   2.2654751e-01   1.5688085e-02   3.7560874e-02   9.5900839e-02   9.6512024e-02   3.7122174e-01   4.7856005e-01  -1.5697093e-01  -9.8450980e-02   9.3977654e-02  -1.1712345e-01  -6.3350659e-02  -7.3551170e-02  -2.4007440e-01   1.6227081e-01   2.3973064e-02  -1.3451297e-01  -1.2666821e-01  -3.4807507e-01  -6.0370731e-02   2.8992893e-01  -2.0618463e-01   1.6786709e-01  -2.0806567e-01   4.0419818e-01  -2.5223340e-01  -1.5348199e-01   5.5567930e-02   1.6636442e-01   1.7746057e-01   1.0613400e-02  -1.2480288e-01   3.6341467e-01  -2.2687379e-01   1.1819447e-01   1.6344479e-01  -1.4878839e-02  -5.8317493e-02   2.7805169e-01   6.7840193e-02  -2.1530342e-01  -5.3745528e-02  -1.4657414e-01   3.1344425e-01  -2.4428911e-01  -1.8826130e-01   3.0616695e-01  -2.1746065e-01  -2.3327539e-01  -1.6766684e-01  -5.0663872e-02   9.7377454e-02   1.8362001e-02  -1.3748739e-01   1.2053540e-01   8.0319059e-03  -1.0581550e-01   3.6480932e-01  -1.5756206e-01  -1.6634108e-01   4.1929620e-01   1.1213836e-01  -4.1677563e-02  -2.5770738e-01   4.8365052e-01  -1.1945845e-01   2.0354243e-01  -1.6831967e-01   6.1043415e-01  -2.2305199e-01   8.9364797e-02  -7.9826367e-02   1.3592916e-01  -1.5277868e-01   1.8908260e-02  -9.3017981e-02  -2.6892350e-01  -3.1366450e-01  -3.1198529e-01   3.5587580e-01  -1.0511224e-01   1.6720651e-01   2.0531076e-01   8.9368179e-02   1.9754796e-01  -2.2040265e-02  -3.6321919e-01   2.2319289e-01   2.5416180e-01   8.6105618e-02  -1.5142156e-01
  -1.7111220e-01   3.3778440e-01  -1.2366914e-01   0.0000000e+00   4.1903292e-02   3.0749255e-01   2.9716675e-01  -1.0906002e-01   3.3251661e-01   4.7614677e-02   2.0746412e-01   2.1552034e-01   6.9141539e-02   6.0261170e-02   6.4721141e-03  -1.0154497e-01  -3.4158091e-01   6.0203666e-01  -2.4274842e-01   1.1293824e-01   2.5929345e-01   3.8145642e-01   4.5524957e-01  -3.5191977e-01   9.9353973e-02  -1.9906938e-01  -1.6450895e-01  -3.2714385e-01  -6.5566537e-02   4.4863219e-01   6.7493680e-02   3.9268656e-01  -1.1174381e-01  -1.1036098e-01  -2.1968959e-01   2.4119716e-01   1.4272302e-01  -1.8383969e-01   7.3939899e-02  -3.2316862e-01   1.2266312e-01   2.1012976e-02   1.3675016e-01   1.1235302e-01  -2.8437192e-02  -2.4044001e-01   3.8210655e-01   3.7894294e-03   1.6487225e-01  -3.3095610e-01   5.4963697e-01  -1.5263077e-01  -2.9487568e-01   1.6236012e-01   2.7730634e-01   7.3008542e-02   1.9497473e-01   2.2479676e-01   2.8504820e-01   9.7719993e-02  -5.9418165e-02  -1.8693055e-01   4.1491861e-02  -2.1318370e-01  -2.7492793e-02   2.5479568e-01   2.4847699e-01  -1.8143820e-01   1.6476306e-01   8.1318216e-02  -1.8879905e-01   5.6047660e-01  -5.6958125e-02  -1.5421582e-01  -2.1311707e-01  -6.7663626e-02   1.5746067e-02  -1.7204113e-02  -8.1342374e-02   2.5609422e-01   2.5278331e-02   4.5681514e-02  -1.0759388e-01   4.1876359e-02  -3.1927751e-01   3.6876903e-02  -2.2393644e-01  -2.2118373e-01  -2.4463529e-01  -2.5304819e-01  -1.6037463e-01   1.7324392e-01  -3.1371549e-01   2.5954750e-01  -1.5004385e-01  -2.1745702e-01   6.7639085e-02   4.3827497e-02   1.4132329e-02   4.3009416e-01  -1.5865573e-01   8.1868292e-04   1.2204269e-01   2.0806951e-01   5.7345057e-01   2.2172416e-01   2.7286856e-01   1.1522518e-01  -2.1259558e-01   2.9449527e-02  -3.2779989e-01   3.5153193e-01   4.0425231e-01  -2.2490201e-01  -3.8583568e-01  -8.3377701e-02   2.5192907e-01   1.5674758e-01  -1.6445835e-01   6.6331500e-01  -1.1589794e-01   3.7177505e-02  -9.5304821e-02   3.1030208e-01  -2.6450842e-01   1.8012141e-01   1.9658780e-01   2.4704748e-01   5.6136701e-01   3.8942201e-02   4.9541334e-02   4.4923073e-02  -3.2633931e-01   1.6970070e-01   2.6063202e-01  -2.0391012e-01   1.6829005e-01   1.3627427e-02  -1.9717773e-01   9.4106343e-03  -2.1001003e-01   1.5707557e-01   1.0185808e-01  -1.8348091e-02   2.2952391e-01   2.5030418e-01  -7.1092829e-04   2.3997265e-01   3.8669638e-01   5.2579114e-02  -3.8148864e-01  -5.7693135e-02  -3.1031227e-01   1.1791090e-01  -2.2005742e-01  -1.3079596e-01  -4.2710749e-02   3.6622754e-01   1.1282587e-01  -1.2580433e-01  -1.4718265e-01   2.5197057e-01   2.0512820e-01   3.8921835e-01   2.9407568e-01  -2.6085565e-01  -1.6982215e-01  -3.2869098e-01   3.1384894e-02  -3.0214221e-01  -3.3057548e-01  -2.9202880e-01   3.3429057e-01   5.8104932e-02  -2.8546294e-01   1.6106193e-01   2.8782178e-01
   6.8236577e-02   1.0937082e-02  -1.2549899e-02   4.1903292e-02   0.0000000e+00  -1.3822290e-01  -2.5827108e-01   8.9155250e-02   1.0360223e-01   8.2768774e-02   1.0489183e-01   2.3898751e-02   2.1958076e-01  -3.1481028e-01  -3.1335124e-01  -1.5409236e-01   3.0584829e-01   5.4454040e-02   2.5341620e-01   4.7723963e-01  -1.2131250e-01   2.2218944e-01  -2.1569078e-01  -1.2932000e-01   1.0691688e-01  -7.5040603e-02   2.0849470e-01  -1.9420097e-01   1.7060191e-01  -1.2497885e-01   3.7303020e-02   3.7834523e-02  -8.7270500e-03  -1.0066264e-01   2.1599637e-01   4.2779078e-01   7.9308902e-02  -1.5468259e-01   7.1097802e-02  -1.9289749e-02   2.3809357e-01  -2.5191387e-01   1.9106474e-01  -3.0695246e-02   4.1612977e-01   2.9262170e-02   4.9110232e-02  -2.3033806e-01   2.9840689e-01   2.2376222e-01   6.4233160e-02   1.2477682e-03   2.3301329e-01   1.6412136e-01  -1.7036377e-01  -9.4600090e-02  -1.9458608e-01   1.2782043e-01   2.1938991e-01  -1.6931031e-01   1.2565597e-02   2.7622550e-01  -7.0402634e-02  -1.4874132e-01   2.5765901e-01   2.1179787e-01   1.1761447e-02   2.6867908e-01  -1.2672773e-01  -4.0594591e-01  -2.0380167e-02  -1.0264871e-01   2.4793075e-01  -2.5510428e-01   3.1166890e-02   1.1937383e-01  -1.8853321e-01  -1.1463117e-01   5.4616258e-01   1.6788959e-01  -3.9733526e-01   7.1754011e-02  -1.6235053e-02   2.5502112e-01  -7.1710491e-02  -6.5468781e-02   1.5222727e-01  -3.8192983e-01   3.0903234e-02  -7.3724446e-02   5.9267847e-01  -2.0453859e-01   1.5998837e-01   9.0924786e-02  -2.0160207e-01   5.1337714e-01   1.0269624e-01   1.9192343e-01   2.7680252e-01  -8.9632041e-02  -1.9925931e-01  -1.6053648e-01   4.6720738e-03   1.2330721e-01  -7.8336760e-02   9.4716070e-02   9.5423183e-02   4.8287116e-02   5.8806264e-02   4.3244683e-01   4.1923414e-03  -5.1141013e-02   2.3858899e-02  -1.6753730e-01  -3.7643987e-01   2.9563783e-01   1.2174786e-01   6.2384879e-02  -2.2853006e-01   1.4700098e-01  -2.1990796e-01   5.1487048e-01   2.5454525e-01   7.2220496e-03  -3.9180660e-02  -1.6956322e-01   1.2412821e-01   1.4506950e-01   2.2279643e-01  -3.7713328e-01   3.5554410e-01   1.9506402e-03  -8.9219182e-02  -1.3206568e-01  -1.9350838e-02  -3.9427069e-02   1.0556283e-01  -4.3368359e-01   2.7506989e-02   2.4330918e-01  -2.3881141e-01   3.0706073e-01  -6.4272445e-02  -4.3920628e-01  -3.1234486e-01  -1.3490795e-01  -3.6308947e-01   4.1560147e-01  -4.4628583e-02   9.0375104e-02  -3.9269998e-01   8.9945691e-03  -3.1339803e-01   3.2867572e-01  -6.7425643e-02  -4.7849171e-03  -1.6009077e-01   4.0002379e-03  -6.5855715e-02  -9.6321043e-02   3.1326134e-01  -1.9537371e-01   2.3388297e-01   8.8169736e-02   3.9156604e-02   1.1445490e-01   1.1081741e-01  -1.0887511e-01  -1.7035881e-01   3.3443980e-01   2.8400289e-01  -1.6766172e-01   1.6091858e-01  -1.3792764e-01   8.3435694e-02  -6.3153500e-02   1.6896652e-01
  -2.2473566e-01   4.7093042e-01   9.2661239e-03   3.0749255e-01  -1.3822290e-01   0.0000000e+00   7.2063667e-01  -7.5709180e-02  -4.6992482e-02  -1.7374638e-01   3.2087374e-01   2.9591916e-01  -6.2925639e-02   3.5364854e-01   1.8017011e-01   3.6727017e-01  -2.7567615e-01   7.1113000e-02  -1.1548123e-01  -3.2298034e-01   3.1321969e-01  -7.5233536e-02   4.3943116e-01  -3.2830296e-01  -2.1401615e-02   1.2204196e-02   1.3808688e-01   1.4447995e-01  -8.7506590e-03   3.4986761e-01   4.4895119e-02   1.7186002e-01   1.1597666e-01  -4.0381237e-02  -1.7284902e-01  -1.8377746e-01  -1.3087124e-01  -1.7013912e-01   2.5487386e-01  -9.3894178e-02   4.6654323e-02   4.9237312e-02   3.9764972e-03   3.5449379e-01  -1.5218899e-01  -8.2400528e-02   2.5183477e-01   3.5072424e-01  -3.0716269e-01  -2.3802137e-01   1.4316221e-01   9.1656506e-02  -4.7592598e-01   7.2753766e-02   2.0785365e-01   5.0217247e-01   1.8123987e-01   1.1717651e-01   2.4472491e-02   3.2977121e-02   6.0453053e-03  -2.6802910e-01  -1.1122468e-02  -3.0121102e-02  -4.2322984e-01   9.6245312e-02   6.5065928e-01  -9.0534019e-02   4.5273082e-01   5.6035965e-01  -2.9973362e-01   2.5598855e-01  -5.3889370e-02   7.7753442e-02  -1.1518622e-01  -1.1551966e-01   2.4817651e-02   1.4565248e-01  -3.0606866e-01  -1.1284100e-01   5.6483185e-01  -1.1814618e-01   9.3726540e-02   3.3882036e-02  -2.3057983e-01   2.5988426e-01  -5.9155621e-01   4.0588473e-02   1.6925255e-02  -2.4257793e-01  -5.0055871e-01   1.2855006e-01  -2.5831720e-01   5.2144910e-02  -1.2936384e-01  -3.5280729e-01  -4.9699180e-02   2.4487545e-01  -5.6550824e-02   4.1514542e-01  -3.1193521e-01   3.2753519e-01   2.8420967e-01  -1.3936726e-01   4.5490634e-01   8.9847376e-04   1.6486269e-01   3.5978583e-01  -3.7593153e-01  -4.1140111e-02  -5.1226586e-03   3.1378392e-01   1.8202814e-01  -2.3419358e-01  -1.3713476e-01  -3.4438790e-01   2.1361524e-01  -4.8460646e-02   1.4382062e-01   2.5426812e-01  -6.7686966e-02  -9.0254155e-02  -6.9925326e-02  -4.1863085e-02  -2.8098340e-02   3.9910096e-01   1.8287735e-01  -2.3372161e-01   1.2471821e-01   4.5845798e-01  -1.3472795e-01  -1.9197480e-01   4.8535370e-02   2.5921787e-01   8.4528243e-02  -1.0744791e-01  -1.0585346e-01   3.9882429e-01  -1.6440916e-01  -3.8049641e-01  -1.1329727e-01   6.4569408e-02   2.1011220e-01   3.5666240e-01   1.9382306e-01   2.1677295e-01   2.2608650e-01  -7.3377061e-02   5.3372523e-01  -2.3767418e-01  -2.2343702e-02   7.0056111e-02   5.0999303e-03  -1.9010507e-01  -1.6194707e-01  -4.3493374e-01  -8.9893051e-02   7.8204952e-02  -1.2070171e-01   2.9476583e-01  -8.6048313e-02   2.0751445e-01   1.8780540e-01   2.7262211e-01   8.6265990e-02  -2.9940259e-01   9.8818246e-02  -1.8500713e-01   6.0169320e-02  -4.9896579e-01  -2.4612944e-01  -1.5057797e-01   1.8567359e-01   5.4622613e-01  -1.6333800e-03  -9.2505543e-02   5.4899861e-02
  -2.3271902e-01   4.4415372e-01  -1.5840141e-01   2.9716675e-01  -2.5827108e-01   7.2063667e-01   0.0000000e+00  -5.6373847e-02  -1.0136960e-01  -1.7656839e-01   3.4324327e-01   1.6472751e-01  -4.6910479e-02   4.1120127e-01   4.1143985e-01   3.4141361e-01  -4.7006864e-01   1.2439717e-01  -3.8801802e-02  -4.4412302e-01   3.4160682e-01   8.5035289e-02   6.0193764e-01  -2.5929607e-01  -9.0916659e-02  -3.3380668e-02  -4.3824684e-02   2.6327506e-01   3.5337746e-03   4.3260217e-01   5.3869597e-02   3.7187450e-01   4.8547125e-02  -7.2241918e-02  -2.7425793e-01  -2.8298427e-01  -1.9382974e-01  -2.8050383e-02   3.0323210e-01  -2.5716965e-01   5.5692790e-02  -2.0243330e-02  -2.2905055e-01   3.0534728e-01  -2.2464304e-01  -2.6852465e-01   2.2417794e-01   3.9193416e-01  -9.3200463e-02  -3.2413532e-01   1.7113872e-01   1.2733316e-01  -4.2882036e-01  -1.1211028e-01   2.9232403e-01   5.7936378e-01   6.3084737e-02   7.7245913e-02   1.0244618e-01   2.8559081e-02  -1.0921185e-01  -3.9774839e-01   5.6376113e-02   2.5709973e-02  -5.0708439e-01   1.6673637e-02   5.9773357e-01  -7.0851490e-03   4.3417680e-01   4.6962113e-01  -3.0862106e-01   3.0272046e-01  -4.1919692e-02  -3.7815021e-02  -1.1754685e-01  -6.7238546e-02  -4.7114827e-02   7.9222993e-03  -4.4929795e-01  -6.8762006e-02   6.8935647e-01  -7.1110532e-02   6.4316815e-02   3.1044275e-03  -4.0867148e-01   3.1529632e-01  -6.0790700e-01   1.2222220e-01  -1.9502142e-02  -1.2942278e-01  -4.5822668e-01   1.7688155e-02  -4.2035888e-01   9.8571537e-02   5.1830022e-03  -4.5792557e-01   4.5475021e-02   1.8548720e-01  -1.4392645e-01   5.4390871e-01  -3.1576197e-01   3.3601325e-01   3.0255678e-01  -1.5845862e-01   5.0237451e-01  -5.3779992e-02   3.0457404e-02   2.2590336e-01  -3.0633619e-01  -1.0531502e-01  -7.2195119e-02   4.7590593e-01   1.1195495e-01  -2.3075451e-01   1.1849559e-02  -3.6160067e-01  -6.0268954e-03   3.4053945e-02   7.0733146e-02   2.4800970e-01  -6.4148483e-02  -2.7601541e-01  -1.1072472e-01  -2.7683137e-02  -8.2667511e-02   5.2392011e-01   1.5165545e-01  -2.8302729e-01   1.2208091e-01   3.7468650e-01  -8.6404422e-02  -4.4591788e-02   6.2177195e-02   3.6847049e-01   4.7918522e-04  -1.0235434e-01  -2.7986585e-01   5.1936899e-01  -2.0158346e-01  -3.1855513e-01  -1.2969566e-01  -1.9790490e-01   1.1279752e-01   3.3508057e-01   4.1881279e-01   3.4673463e-01   1.8174059e-01  -2.1363418e-01   4.4430165e-01  -1.3962937e-01  -1.1335612e-01   1.6876114e-01  -8.3157294e-02  -1.8554401e-01  -3.1009919e-01  -2.2802117e-01  -1.0219818e-01   9.8266348e-02  -1.7473392e-01   4.5455892e-01  -9.5321206e-02   6.9621073e-02   7.9604732e-03   2.2743334e-01   1.5920334e-01  -2.7250831e-01   1.0285064e-01  -1.7647360e-01  -3.0589570e-02  -4.4448450e-01  -2.7347700e-01  -9.9618056e-02   2.1455494e-01   4.1661690e-01  -8.9491827e-02  -4.8181067e-02   2.0161089e-01
   2.3512696e-01  -1.7007455e-01  -1.7933981e-01  -1.0906002e-01   8.9155250e-02  -7.5709180e-02  -5.6373847e-02   0.0000000e+00  -3.1606125e-03  -5.7504635e-02   1.7105157e-01  -1.6058499e-01   8.8123515e-02  -1.2085532e-01  -9.0258608e-02   9.7652902e-02  -6.9327150e-02  -2.8365434e-01   2.0840878e-01  -1.1707593e-01  -5.3976500e-03   3.3000147e-01  -1.0138427e-01   7.0420790e-02   6.7421725e-02   2.2453462e-01   7.3769853e-04   1.9343677e-01  -8.9764665e-02   1.0156889e-01  -1.2706593e-01   1.5802778e-01   1.9536546e-01  -2.3009377e-01   4.3132425e-02  -9.4004344e-02  -1.8146555e-01  -6.7365853e-02  -1.0986027e-01  -1.1875340e-01   2.3031908e-02  -9.9285576e-02   2.7739729e-02   2.7357016e-01  -1.3475732e-01   2.1813120e-02  -9.5390268e-03  -1.4692392e-01   1.8161513e-01   4.1151600e-02  -1.8598216e-01   4.8910390e-01  -6.3091531e-02   8.9058019e-02  -8.8646853e-02   1.2712736e-01  -6.2216846e-02   4.2304460e-01   1.4753462e-01   1.8736267e-01  -3.4608484e-03  -1.6557336e-01   9.5849256e-02  -4.1146022e-02  -4.2872758e-02  -1.4543298e-01   7.8475145e-03   1.5152909e-01   1.3763286e-01  -2.0632790e-01  -3.9097552e-02  -1.1966530e-01  -1.5048732e-01  -2.5059514e-02   2.1765432e-01   2.7841658e-01  -1.1381832e-01   1.8877357e-01   7.3728318e-02   2.9224346e-02   3.4738761e-02  -1.4556724e-01  -9.3966477e-02   5.2638565e-01  -2.6045665e-02   3.1139881e-01  -1.7027173e-02   1.5087213e-02   1.3691602e-01   1.1237529e-03   2.3505949e-01  -1.7880595e-01  -4.8564602e-02   5.1490100e-02   6.1983961e-02   2.2455799e-01   1.2012853e-01   2.4501410e-01  -4.7113006e-02  -2.3780354e-01  -1.9218267e-02   1.0399913e-01   4.4535335e-01   2.7854187e-01  -3.7286947e-02   2.2543763e-01  -3.5575707e-01   3.5599992e-01  -7.0796402e-02   9.3798674e-02   2.7466287e-02   3.2376135e-01  -2.1956013e-02  -1.7245054e-02  -1.1020621e-01  -1.9617990e-01   6.5707310e-02  -1.3317216e-01  -1.0604482e-01  -6.3975463e-02  -1.3625283e-01  -4.4654124e-02   1.8721137e-01  -1.5741920e-01  -2.1463586e-01   3.7448398e-02   1.9242728e-02  -7.1020506e-03   3.8104423e-02  -2.7432150e-01  -7.4611521e-02  -2.0086450e-01   1.7194278e-01  -1.7939268e-01   1.1337534e-01   3.1532314e-01  -4.8864789e-03  -8.8765222e-02   1.9245525e-01   1.2661817e-01   1.1369254e-01  -4.0369184e-02   1.4799823e-01  -2.1052275e-01   2.6943512e-02   9.5618558e-03  -3.6421793e-01   3.7154536e-02  -1.0803201e-01  -1.3348825e-02  -1.1759167e-01   5.9956003e-01   5.2326248e-02   1.2332079e-01  -2.2417697e-01   1.7992030e-01  -4.4683402e-02   5.3310526e-02   7.8279792e-03   2.7414110e-01   2.4008566e-01   1.2900204e-01   1.1582292e-01  -1.2383284e-01   3.5269237e-01  -1.5054746e-01   1.5376411e-01   1.0240673e-01  -8.1496965e-02   1.6664610e-01   7.0982944e-02   1.0920795e-02  -1.9660467e-03  -6.8713263e-02   1.9816368e-01   8.8466925e-02   4.3622066e-01
  -2.3577695e-01   6.7680670e-02  -7.1365543e-02   3.3251661e-01   1.0360223e-01  -4.6992482e-02  -1.0136960e-01  -3.1606125e-03   0.0000000e+00  -2.6239069e-02  -1.4803552e-01   2.0360332e-01   6.3564452e-02  -1.1290748e-01  -2.2650475e-02  -2.8397275e-02  -1.3131476e-01   2.3705008e-01  -1.4371474e-01   1.6027819e-01   5.4539530e-02  -1.3996993e-02   1.2984757e-02  -1.7120266e-01   2.4015365e-01  -1.1971179e-01   1.3213955e-01  -4.5873163e-01   1.1650860e-01  -1.9238198e-02  -5.0236897e-02   4.8447092e-02  -9.0091781e-02   2.3696449e-01   2.0236566e-01   2.3954739e-01   2.7352467e-01  -2.7773740e-01  -8.8824707e-02   3.5329003e-02   6.2723665e-02  -5.9287227e-02   2.5959161e-01  -3.2628231e-03   7.8065731e-02  -3.4085122e-01   3.2599983e-03  -1.1032341e-01   1.9451192e-01  -9.7753410e-02   1.4258920e-01  -1.6035926e-01   3.8458829e-02  -1.0641548e-01  -3.8528583e-02  -2.6451455e-01   9.5535587e-02  -7.7592391e-03   6.7130625e-02   2.0698954e-02  -4.3477716e-01   9.5637417e-02   1.5103918e-01  -3.6100063e-02   3.3672222e-01   1.3718142e-01  -7.1779059e-02  -3.9082324e-02  -2.1928071e-01  -2.0668896e-01   3.1793129e-02   1.2410137e-01   1.4734045e-02  -3.8167377e-01  -2.6184427e-02  -1.6135568e-02  -4.2239414e-01  -6.9596877e-02   1.1579952e-01   2.2031406e-01  -2.1005965e-01   1.0094554e-01   1.9468041e-02   1.8382440e-01  -2.4632582e-01  -5.7790294e-02   1.9767376e-01  -1.1035233e-01  -8.3285567e-02  -2.4772033e-01   2.1260154e-01  -2.9462184e-01   7.5856255e-02   1.5390397e-01  -3.6189085e-01  -4.2297099e-02   3.0124497e-02  -1.3088384e-01   2.6856826e-01   2.0421052e-02  -2.1592184e-02  -1.6568152e-01   1.1550248e-02   3.1654018e-01   6.6612424e-02   6.5377938e-02   2.9826517e-02   9.5017391e-02   3.6434574e-02   4.4313665e-02   1.6517053e-02  -7.4493871e-02   1.7403658e-01  -1.0975212e-01  -3.0790557e-01   1.0820370e-01   1.7149380e-01   1.7078228e-01  -7.4978526e-02   2.1926650e-01  -2.8648488e-01   2.4629655e-01  -8.3436790e-02   3.3161502e-01  -4.0030504e-01  -3.1145176e-01   3.2389899e-01   2.9225912e-01  -3.5980648e-03  -1.3167445e-01   8.9833747e-02   1.4865202e-01  -3.1786956e-01   4.4229773e-02   3.0282151e-02  -1.0008281e-01   9.5814267e-02  -1.8294221e-01  -1.1390159e-01   2.8707353e-01  -1.5113284e-01   1.4212055e-01  -7.7930614e-02  -1.6229214e-01   1.7090145e-01   1.0317048e-01   1.1244462e-01   2.5586292e-01   8.2514975e-03   7.4609770e-02  -3.2997325e-01  -2.4626268e-02  -4.6144203e-01   1.6654633e-01   1.5766160e-01  -7.2941159e-02  -2.9510983e-01   2.1664505e-02  -2.1441643e-01   1.1372411e-02   1.7016746e-01  -1.5123380e-01  -9.0002632e-02   9.4437690e-02  -8.2705838e-02   1.4083043e-01  -4.6088238e-02  -3.1045610e-01  -4.5135386e-02  -5.4338400e-02   8.2872965e-03  -4.2581502e-01  -7.1569353e-02  -3.7741293e-02  -1.0317001e-02  -3.6683782e-03  -6.8173034e-02
  -1.2701507e-01  -1.4456685e-01   1.2479780e-02   4.7614677e-02   8.2768774e-02  -1.7374638e-01  -1.7656839e-01  -5.7504635e-02  -2.6239069e-02   0.0000000e+00  -1.4186861e-03   1.3673087e-01   2.3140063e-01  -2.4185470e-01   1.0041117e-02   2.5886062e-02   1.4664620e-01   2.3001995e-02  -1.0297813e-01   3.5820312e-01  -8.2823256e-02   5.7111000e-02  -7.2620709e-02  -5.3502037e-02  -2.0916340e-01  -5.4483022e-02   1.9936520e-01  -2.6068441e-02  -5.6070244e-02   6.2316763e-02   8.7478879e-02  -4.9573956e-02   3.6140175e-02   1.5472080e-01  -6.1420546e-02   2.7102167e-01  -3.6669117e-02  -4.0531239e-02  -6.9923970e-02   2.0088796e-01   9.2891436e-02  -1.1473074e-01   2.6649916e-01  -1.1548587e-01   6.1109409e-02  -4.2573098e-02   7.1874362e-03   5.1948130e-02   7.5727158e-02   1.5124393e-01   7.5422364e-02   4.7345071e-03   8.3972696e-02   1.1988046e-01  -1.8869780e-01  -1.1592528e-01   2.0128623e-02   2.2185836e-02   7.1196612e-02  -2.4511808e-02   6.8851039e-02   1.0899680e-01   9.0074795e-02  -1.1305760e-01  -1.4590735e-01  -8.3070787e-03  -5.5870043e-02  -1.2571831e-01  -1.2846905e-01  -2.0194294e-01   7.1996617e-02  -5.6449208e-02  -7.6861915e-02   1.3949798e-01   8.2191207e-02   6.5951701e-02  -3.3084886e-02  -7.4571207e-02   1.4699619e-01   1.2039172e-01  -1.3949892e-01   1.0471155e-02   1.5812801e-01   2.0104272e-02   1.3088645e-01   3.5293731e-02  -2.1978467e-02  -1.4125236e-01  -1.2833034e-01  -1.3932067e-01   9.9575953e-02   3.1821476e-02   2.8825978e-01   1.9899036e-01  -9.3184623e-02   3.1863241e-01   9.8864935e-02  -8.7159407e-02   7.3679398e-02   1.2007911e-01   7.1509980e-02  -9.0878867e-02  -5.0037463e-02  -2.2496293e-01  -1.6286039e-01   1.0089861e-02   1.8118778e-01  -1.0227983e-01   2.0253594e-01   1.4692334e-02   1.2738955e-01  -4.1481686e-02  -2.0836126e-02  -4.4917446e-02   1.0746039e-01   1.7951775e-01  -7.1641585e-02   1.4776220e-01  -2.7085347e-02  -1.0221186e-01  -8.9264253e-02   2.7552810e-01   3.9678208e-02  -1.7463204e-01  -8.2408176e-02  -1.1788430e-01  -1.7508700e-01   1.8009896e-01   1.3655781e-01  -1.2516650e-01   7.1169166e-02   2.3300611e-01  -1.0787734e-01  -1.7833683e-01   1.3171542e-01   2.3121349e-02   1.8906349e-01  -1.6795562e-02  -5.3504198e-02   5.9123414e-02  -1.1203802e-02   2.5800215e-01   8.4067584e-02   6.1851396e-02  -2.4184085e-02  -2.8179808e-01   6.5839459e-02   1.3400522e-01  -4.4555083e-02   9.2205458e-02  -2.7634288e-02  -4.1259821e-02  -8.3709574e-02  -2.3216620e-02   7.7728108e-02   7.7675768e-02  -8.9233726e-03   1.1919098e-01   6.2869326e-02   1.4739746e-02   5.7230125e-02   4.3226541e-03   2.8149333e-01  -1.1459116e-01   1.3584467e-01   2.0628058e-01   5.2244757e-02   1.9481224e-01  -1.0412822e-01   2.5535021e-01   3.0071482e-01  -1.0986293e-01   1.7714869e-01  -1.5324350e-01  -1.8136377e-01   2.8216966e-01   1.3328700e-01
  -1.1974059e-01   1.4220565e-01  -4.1552437e-01   2.0746412e-01   1.0489183e-01   3.2087374e-01   3.4324327e-01   1.7105157e-01  -1.4803552e-01  -1.4186861e-03   0.0000000e+00  -1.1974008e-01   9.2185982e-02  -6.1580845e-02   1.0381680e-01   4.7557748e-02  -2.8873086e-01   2.7048460e-01   5.4842576e-02  -2.2977041e-01   3.6981968e-01   3.1606864e-01   2.7958800e-01  -8.7618674e-02  -1.0730163e-01   5.9128946e-02   7.1325111e-02   4.3399781e-02  -2.3466171e-01   2.7212830e-01   2.6733576e-01   5.2395197e-01   1.8077798e-01  -3.0635180e-01  -1.3968081e-01   2.0317298e-01  -8.5089493e-02  -1.2273976e-01   1.7424497e-01  -4.4115261e-01   8.9008611e-02  -3.2719966e-01  -2.3511207e-01   3.6497472e-01  -1.0761453e-01  -1.1330596e-01   6.0926253e-01   1.5493840e-01  -4.7951704e-02  -3.5786255e-01   2.8578266e-01   4.1553002e-01  -2.3637761e-01   1.9067754e-01   4.5253681e-02   3.7338235e-01  -1.5670676e-01   3.2643827e-01   2.4409718e-01   2.1625196e-01  -4.6793810e-02  -4.1804780e-01  -1.4690931e-02   9.0451883e-02  -2.3567000e-01   1.8545635e-01   4.0189974e-01  -7.3785948e-02   5.5810464e-01   4.0599844e-02  -2.1105674e-01   3.5538822e-01   5.5710232e-02  -2.1165682e-01  -7.9533033e-02   3.3424020e-01  -1.5759628e-01   1.7367600e-01  -1.9948064e-01  -6.0164365e-02   2.0684168e-01  -1.5137190e-01   5.9685256e-02   1.9761334e-01  -3.1118376e-01   4.7426053e-01  -2.6476517e-01  -2.2603735e-01  -3.6799650e-02  -2.7769286e-01  -1.6834688e-01  -8.4041142e-02  -3.9649760e-01   2.0171225e-01   3.3802248e-02  -1.2457719e-01  -2.1067623e-02   3.9906215e-01  -9.1547546e-02   1.4025476e-01  -2.7961912e-01   1.6255835e-01   3.3587554e-01  -5.7272988e-02   4.3188456e-01   2.1184799e-01  -6.9028495e-02   3.6507884e-01  -4.1462878e-01   3.5945547e-01  -2.0467225e-01   4.4920531e-01   1.1054370e-01  -3.0173937e-01  -2.1685212e-01  -2.6837055e-01   4.7959725e-02  -1.7317518e-01  -1.3527239e-01   2.3334670e-01  -1.7045725e-01  -1.4001856e-01   4.4828138e-02  -4.6303443e-02  -2.3395355e-01   1.1982917e-01   1.1134041e-01  -1.3757182e-01   2.8289934e-01   3.3965083e-02   1.1260939e-01   5.2376244e-02  -1.1175876e-01   2.0376000e-01   1.6716463e-01   2.1028783e-01  -5.6820756e-02   1.6451199e-01   1.9778707e-01  -9.2634436e-03  -1.4675844e-01  -4.0270552e-03   1.7458541e-01  -1.6674812e-01   5.1323697e-02   2.7532311e-01  -4.0294130e-01  -1.6105749e-02   2.4242428e-01  -2.8569833e-03  -3.7404127e-01   1.9158386e-01  -1.4840981e-01   1.3057014e-01  -4.1631319e-01  -5.1824550e-02  -1.1515300e-01   1.8763340e-01  -7.6127022e-02   1.7295684e-01   3.8603198e-02   3.1499205e-01   3.2327889e-01   4.1274597e-01   4.0845312e-01  -3.9368240e-01   3.6688902e-01  -7.3740229e-02  -2.0060762e-01   1.8002211e-02  -1.5947964e-01  -1.6133307e-01   3.7153662e-01   5.0576553e-02  -2.9786328e-02  -5.0178972e-02   3.2433640e-01
  -1.3318431e-01   4.2455071e-01   3.7428742e-01   2.1552034e-01   2.3898751e-02   2.9591916e-01   1.6472751e-01  -1.6058499e-01   2.0360332e-01   1.3673087e-01  -1.1974008e-01   0.0000000e+00  -9.2542573e-02   8.4523912e-02  -3.2576471e-02   3.2582958e-01   1.5149881e-01   1.3855661e-01  -9.6015084e-02   5.6447374e-02  -8.8622950e-02  -2.4381617e-01  -6.8655341e-03  -3.7533100e-01  -1.4424770e-01  -2.4788614e-01   5.5689886e-02  -1.5421966e-01   2.1559836e-01   2.5448260e-01  -1.5381039e-01  -2.8174516e-02  -2.2888027e-01   2.9587566e-01   1.7659063e-01  -9.7604952e-02   6.1687560e-04  -3.4556335e-01   2.5373667e-02   2.6730577e-01  -1.0808291e-01  -2.9744189e-02   4.3348588e-01  -1.2746266e-01   2.1267193e-01   2.2300854e-01   1.2634355e-01  -4.5857231e-02  -4.0666703e-02   2.3256388e-01   1.2688197e-01  -2.8345350e-01   1.0804616e-02  -9.4256727e-03   9.7098980e-02   1.4002662e-02   1.5845794e-01  -9.1261814e-02   1.7385938e-01   3.6634581e-02   1.1315242e-01   7.3256669e-02   3.3258694e-02  -1.0406906e-01  -4.7980301e-03   2.5662735e-01   1.9274792e-01  -2.9335194e-01   4.5044468e-02   2.7786246e-01  -6.5668539e-02   1.9378889e-02  -1.3974631e-01   2.0076719e-01  -2.2368191e-01  -2.9790635e-01  -4.9113787e-02   4.8291493e-02   8.3052055e-02  -2.3603190e-02  -9.1552156e-02   2.8116210e-01  -8.7923959e-03  -3.7685972e-02  -1.9120076e-02  -1.8929206e-01  -3.1903207e-02  -6.5837306e-02  -2.3367854e-01  -1.2267209e-01  -3.8644252e-04   1.6263530e-01   3.4421543e-01   1.6404357e-01  -4.2263400e-01  -1.8004348e-02  -1.9839847e-01  -6.0027555e-02   2.2666589e-01   1.0994276e-01  -8.6786322e-02   2.9775073e-01  -2.2521601e-01  -1.4763072e-01   1.5488898e-01  -1.4701087e-01   4.4087971e-01   2.2587233e-02  -1.1588760e-01  -1.2729978e-01   1.4393874e-01  -5.4839696e-03   6.0813996e-02  -1.3057433e-01  -1.5176095e-01   1.2922769e-01   1.7610638e-01   5.3034472e-03   2.8954386e-01   5.7370265e-02  -2.0319067e-01   2.7166421e-01   3.2022034e-02   6.9085080e-02  -7.7386064e-02   7.1862123e-02   1.9954305e-01   1.0415559e-01  -3.4262801e-02   3.0182804e-01  -1.2731092e-01   1.0462599e-01   2.4725075e-02  -1.2482682e-01  -8.9170206e-02  -1.9914629e-01   4.2431895e-03  -3.8443901e-02  -2.4882100e-01   1.0546745e-01  -1.4806108e-01  -3.2788094e-02   8.8531454e-02   1.6427240e-01   4.6265525e-02  -2.4710964e-02   3.4056091e-01  -2.8821178e-02   3.5629558e-01  -1.3869618e-01   1.2518703e-01  -2.5095771e-01  -2.4053790e-01  -1.4184887e-01   3.8774477e-01  -2.2708781e-01  -9.3078254e-02   8.5940576e-02  -3.0414767e-02  -2.1606873e-01   3.5008828e-02  -9.5716568e-02   1.5017962e-01   3.8777010e-02  -1.0838161e-01   2.3620756e-01  -2.4493746e-03  -6.5023271e-02   9.3541638e-02  -7.7007612e-02   7.6903915e-02  -3.3089147e-01   8.8941337e-03   4.2879390e-01  -1.3723190e-01   1.0201031e-01  -2.0493552e-03
   4.2215686e-02  -3.5031022e-01  -3.6488310e-01   6.9141539e-02   2.1958076e-01  -6.2925639e-02  -4.6910479e-02   8.8123515e-02   6.3564452e-02   2.3140063e-01   9.2185982e-02  -9.2542573e-02   0.0000000e+00  -3.8614663e-01  -3.0102895e-02   1.4462720e-02  -1.3178992e-01   4.8654788e-02  -4.8416650e-03   2.1075013e-01  -1.7775604e-02   3.2396005e-01  -3.0745720e-02   2.0626624e-01  -2.1235097e-01   1.3078692e-01  -2.4616745e-02  -5.7879737e-02   1.2375245e-02   3.2978680e-01  -2.6463059e-01   8.5964095e-02  -1.2074226e-01  -3.1551519e-01  -1.9053953e-01   3.0334334e-01  -1.0933458e-01   6.8568377e-02  -3.6839998e-03  -2.0965018e-01   4.0550729e-01   4.1585134e-02   1.8688756e-01  -1.2238893e-01   2.1337793e-01  -1.7927766e-01   9.2569788e-02  -2.1703817e-01   1.4402733e-01  -1.2454401e-01   2.2400909e-01   8.2344985e-02  -2.4428137e-02   2.1753870e-01  -2.8612895e-03  -8.7941498e-03   3.9201487e-02   2.9939093e-01   2.1356398e-01   2.5477233e-01   1.1872194e-02  -6.9187964e-02   2.9083785e-03  -3.7259468e-01  -1.7264171e-01   1.8094665e-01  -9.7102628e-02   1.8054913e-01   4.5141264e-02  -3.2144421e-01  -4.2017019e-01   8.4872525e-02   1.9625877e-01   3.6489872e-02   2.1402273e-01  -2.1350639e-02  -7.1697243e-02   1.2393560e-03   5.6863822e-02   3.7726806e-01  -1.3846689e-01   3.5274008e-01  -2.7689296e-01   5.5127635e-02  -1.9033570e-01  -3.3578331e-02  -1.7500669e-01  -2.0313093e-02  -6.1612202e-02   3.7384516e-02   1.8991026e-02  -5.8137782e-03  -6.2197194e-02   3.3633308e-01   9.6502936e-02   3.3895261e-01   2.1990572e-01  -6.6160310e-02   1.9001789e-01   2.4618399e-01  -2.3406483e-01  -1.2858955e-01   6.7319916e-02   2.1348430e-01   1.3278884e-01   2.4143485e-01   3.8380097e-02  -1.6194533e-04  -6.5984968e-02   8.3810042e-02   3.3189827e-02   1.8684280e-01   5.0124972e-02   1.4042794e-01  -1.8079613e-01  -1.5273017e-01  -1.1187920e-01   5.1853855e-01  -3.8289614e-01   1.5186794e-01  -7.6667832e-02   3.0202102e-01   1.9978022e-01  -3.5355870e-01  -2.2790028e-01  -1.5222218e-01   6.0361666e-02   1.8448866e-01   3.3368592e-01  -3.8176921e-01   4.7094064e-01  -2.2031825e-01  -6.8503911e-02  -3.8312202e-01   2.7979323e-01   1.8282701e-01   2.7098850e-01  -3.8292584e-01  -8.4082625e-02   3.0637700e-01  -1.9124991e-02   4.7178059e-01   8.3142948e-02  -2.3362603e-01  -6.2488349e-02  -2.1644764e-01  -3.4229554e-01   1.3283876e-01   1.8583038e-02  -1.6312587e-01  -3.0413839e-01  -5.8682916e-03  -2.8971770e-02   6.6634198e-02  -3.7430743e-01   2.9769687e-01  -1.1565040e-02   3.9626883e-01   6.8261581e-02   9.0786469e-02   5.7152215e-02   1.3626218e-01   1.3064912e-01   1.7253380e-01   2.8461055e-01  -4.5392306e-02  -3.1169853e-02   1.4881121e-01   3.5126679e-03  -8.9013615e-02   2.3758062e-01   6.7830523e-02   1.7942747e-01  -1.2331285e-01  -1.3960819e-01   3.1461660e-01   2.2315632e-01
  -1.8657059e-01   3.8252119e-01   2.1383186e-01   6.0261170e-02  -3.1481028e-01   3.5364854e-01   4.1120127e-01  -1.2085532e-01  -1.1290748e-01  -2.4185470e-01  -6.1580845e-02   8.4523912e-02  -3.8614663e-01   0.0000000e+00   1.7516159e-01   1.8751321e-02  -1.2185087e-01  -9.0796946e-02  -4.5620895e-02  -3.9605751e-01   2.0146395e-01  -2.6954386e-01   2.8607252e-01  -2.3446878e-01   7.1164094e-02  -6.4352037e-02  -2.3934727e-01   9.6004889e-02   7.4122055e-02   1.0203339e-03   1.7722354e-01  -4.0130300e-02   1.1527888e-01   2.4841529e-02  -1.5199344e-01  -4.7694240e-01  -8.5109910e-02   2.6055995e-02   2.8502641e-01   8.7962503e-02  -1.6731671e-02   2.2064772e-01  -1.9878413e-01   3.6739106e-01  -3.9056795e-01  -1.2652735e-01  -1.2846238e-01   2.3766213e-01  -3.4614063e-02  -1.1461602e-01  -3.1938052e-02  -1.4274776e-01  -1.0702695e-01  -1.5424347e-01   3.9015403e-01   2.8697068e-01  -8.8274790e-02  -3.7210750e-01   8.3992959e-02  -1.2277752e-01   3.6782125e-02  -5.9508061e-02  -8.9727859e-02   2.0300684e-01  -3.0242533e-01  -1.7479167e-01   3.0508826e-01  -2.3299101e-01   9.6222725e-02   3.4391685e-01   6.1593359e-02  -1.0629034e-01   7.7266314e-02   1.3196581e-01  -1.7576747e-02  -2.2774497e-01   1.0375451e-01  -7.3404448e-02  -3.2980275e-01  -4.0754888e-02   5.3803115e-01  -3.2121859e-02   3.4711003e-01  -3.9811140e-02   6.9699342e-02   6.0512890e-02  -8.1609606e-02   2.7658158e-01   2.8221660e-02  -4.1051411e-02  -3.1938279e-01   1.9823658e-01  -2.2741879e-01  -1.4920423e-01   8.8463658e-02  -5.0811573e-01  -1.4540145e-01   8.3735823e-02  -2.0253383e-01   1.4307870e-01   1.7552416e-01   2.3193781e-01   1.1354962e-01  -1.7641476e-01   7.5482839e-02  -1.8686081e-01   9.9900555e-02   3.8130394e-02   9.8438689e-02  -2.4846406e-01   7.2522380e-03   8.8944144e-03  -6.2925952e-02  -1.8126410e-01   1.8462392e-01  -7.9408809e-02  -6.1202036e-02  -1.0766263e-01   1.6930044e-01  -3.6625259e-02   3.5761105e-02  -4.5597567e-01  -1.2625401e-01   3.3276295e-01   1.4877136e-02   4.9870560e-01  -2.2680684e-01  -1.0528884e-01  -1.8299471e-01   3.7398406e-01  -2.5861521e-01  -1.6327551e-02   2.8242082e-01   4.4052066e-01  -1.7956171e-01  -1.4800671e-01  -2.5967964e-01   5.7148048e-01  -2.6888947e-01  -4.1863387e-01  -5.5402583e-02  -1.2635639e-01  -3.5937765e-02   3.7600809e-01   3.1049681e-01   4.3046991e-01   3.0302341e-01  -2.4173754e-01   1.3863991e-01   1.9079560e-01   2.6857932e-01   9.1922154e-02  -1.1225978e-02  -1.2382232e-01  -3.1793158e-03  -2.9919044e-01  -2.5418226e-02  -1.1058182e-02  -1.2178613e-01   1.9577597e-01  -7.8025252e-02   1.9531922e-02  -1.1298167e-01  -1.2428426e-01  -1.0410211e-01  -1.2731696e-01  -1.9020801e-01  -1.9080374e-01  -5.0946200e-02  -3.2028175e-01  -2.3670255e-01   3.6250427e-02  -1.9957615e-01   3.5282666e-01   1.0313411e-02  -9.4684629e-02  -9.9538478e-05
