   0.0000000e+00  -1.4803505e-01   1.0523079e-01  -2.2587630e-01  -5.8811438e-02  -1.3335244e-01  -2.2454322e-01  -2.1192206e-01  -4.7955490e-02   1.2654793e-01  -1.1639814e-01  -8.7980012e-02  -4.6948990e-02   1.8464202e-01   2.1654858e-01   9.0210379e-02  -1.5930801e-02  -6.6967372e-02  -4.9731264e-02  -2.3235985e-02  -4.1604077e-01  -1.5402014e-01  -2.8331078e-01   6.9829247e-01  -9.9465633e-02  -2.4741884e-01  -2.5007685e-01   2.6434655e-01  -3.8533452e-02  -4.8755029e-01  -8.3812934e-02  -1.6270110e-01   3.0574168e-02  -1.6064890e-01  -2.0629470e-01   2.1298498e-02  -1.0865487e-01   4.3277985e-01  -2.3430487e-02  -1.2733592e-01  -7.9972457e-02  -5.0455235e-02  -2.1443830e-01  -3.8068783e-01   2.2929344e-02   3.8871287e-01   3.2941298e-02  -4.0608314e-01  -1.9327314e-01  -6.9453339e-02  -1.6359363e-01  -5.6916967e-02  -2.2766865e-01  -9.9458526e-02   2.6336610e-01   8.2950033e-03   5.2148062e-02  -1.9911015e-01  -1.8201283e-01  -2.2986805e-01   2.6880810e-01   9.0832439e-02   3.9048568e-02   1.2271760e-02   5.0918717e-02  -1.1075440e-01  -3.8029121e-01  -1.7308425e-01  -3.6298733e-01   2.7133811e-01  -1.9750187e-01  -6.5260359e-02   6.7702025e-02  -6.9730765e-02  -1.5519170e-01  -1.6310307e-02   3.8683915e-01  -5.6374006e-02  -1.9192263e-01  -1.2084022e-01  -4.3891783e-02   4.3133259e-02  -2.9419745e-01  -1.7182564e-01   9.2304188e-02   9.3801832e-02  -2.5501036e-01   3.5176171e-01   2.3678813e-01   7.5690243e-01  -2.0044447e-01   1.2824266e-01   1.0204292e-01  -1.6497239e-01   3.7128564e-01  -8.2071805e-02  -9.3499509e-02  -2.7579630e-03   4.3949593e-02  -3.5598988e-02   6.2244882e-03   1.4802541e-01  -3.0814277e-01  -3.2688960e-02  -1.5855630e-01  -1.0401066e-01  -4.2023735e-02  -2.3625686e-01  -3.8029843e-02  -2.3451874e-01  -6.7342375e-02  -3.6319464e-01  -5.6388133e-02   8.2216558e-01   4.4689099e-01  -6.1865655e-02  -1.2238173e-01   4.4210552e-02   9.1749483e-02  -1.3534166e-01   4.2491762e-01  -2.9521929e-01  -6.0993595e-02   6.0240377e-02   5.6375017e-01  -2.3269596e-01  -9.5173971e-04   5.7199673e-02  -7.9811470e-02   1.3959679e-01  -4.2617522e-02  -9.0147191e-02   3.6856579e-02  -2.6929725e-01  -1.8091619e-01   1.9636545e-02  -1.9090345e-01  -2.3545107e-01   1.3913856e-01   4.2177581e-01   6.2667546e-01   2.4312512e-01   7.3455220e-03   1.6697561e-01  -8.5485758e-03  -2.3858564e-01  -1.2840017e-01  -1.1890885e-02  -3.1969214e-02   7.2495339e-02   6.7242144e-02  -3.0253279e-01   3.6242092e-01   1.0592955e-02  -8.7557411e-02   5.6872334e-01   4.1945733e-01  -1.3272153e-01   1.3231501e-01   1.1692876e-01  -5.3570036e-03  -3.3197926e-02  -1.7719920e-01  -2.8260581e-01  -1.2627126e-01  -4.7846017e-02   4.8963253e-04   1.5095604e-01   3.9301344e-01  -1.6360383e-01  -2.7060401e-02   4.5149079e-01  -6.8228575e-02  -2.9046276e-01  -9.4895814e-02  -2.2808466e-02  -1.2855089e-01
  -1.4803505e-01   0.0000000e+00   1.8858418e-01  -2.4033400e-01   4.7936487e-01  -2.6403949e-01   2.3096576e-02  -1.8171567e-02   2.5002174e-02  -2.7255668e-02  -3.3323987e-01   4.9967008e-01   1.1837559e-01  -3.6314106e-01  -2.4855373e-01  -1.7930688e-01   2.5575289e-01  -3.8828540e-01   3.2569232e-01   6.4022903e-02  -1.4130516e-01  -2.6689981e-01  -3.0084859e-01  -1.3247028e-01  -6.0772365e-02   2.0555681e-01   5.3940629e-01  -2.2175784e-01   5.0538885e-02  -1.5261168e-01   1.8019518e-01  -3.0910135e-01  -2.4982189e-01  -2.4151562e-01   4.2062498e-01   3.1744107e-01   7.6058720e-02  -4.0114165e-01  -8.6670300e-02   3.5945044e-01   1.4119741e-01  -5.1099244e-02   2.7754657e-01  -1.6793362e-01   1.7717471e-01  -4.3046147e-01  -3.9813250e-02  -6.9389329e-02   3.6067609e-03   5.6704369e-01  -2.7636342e-01  -1.8059040e-02   5.2516543e-01   3.3677282e-01  -2.2798260e-01  -3.9914205e-01  -8.2443182e-02  -1.0730475e-01   1.6971229e-01   2.1180847e-01  -3.8654215e-01   1.4874136e-02   3.2413850e-01   3.3226703e-01   2.2025074e-01   4.1068274e-02  -4.3031538e-02   3.5275720e-01  -4.7982133e-02  -4.0598245e-01   7.0649211e-01  -2.3231601e-01   1.5685956e-01   4.3785433e-01   4.5902777e-02  -2.1637921e-02  -4.7641837e-01   1.0432542e-02   6.6698245e-01   6.9811229e-02  -3.2020600e-01  -2.0900145e-02   3.9120936e-01   6.3831218e-02   1.7691603e-01  -2.7136336e-01   2.7154756e-01  -2.7308503e-01   7.1651889e-02  -1.7049003e-01   3.2739293e-01  -2.3300393e-01   2.4021693e-02   2.9119772e-01  -4.7116325e-01   1.5518289e-01   2.0890925e-01   1.9103505e-01   1.2482651e-01  -2.2971807e-02  -1.5510055e-01  -6.9444357e-02  -3.3979177e-01   2.7026399e-01  -3.2252629e-01  -2.6639640e-01   9.5838527e-02   1.5890141e-01  -1.8638628e-01  -2.6012837e-01   1.6342468e-01  -2.0167347e-01  -1.3193624e-01  -3.4811304e-01  -3.3918712e-01   7.5056073e-01   7.8771049e-02   1.2968156e-01  -2.9869807e-01  -3.1218020e-01  -5.5766385e-01   2.9845534e-01   3.8055724e-01   6.6226513e-02  -4.0348753e-01   2.1605652e-01  -2.7311598e-02   1.4648408e-01  -3.8004539e-01  -2.3650406e-01   4.5030319e-01   3.7434504e-01   2.5610907e-01  -2.2546493e-01   1.3651736e-01  -1.0162455e-01   1.1119718e-01  -1.9732219e-01  -6.0700337e-02  -5.0849422e-01  -2.0884000e-01  -3.3817127e-01  -5.8062945e-02  -3.9244676e-01  -2.6690407e-01  -2.8653026e-01   5.4296837e-02   1.2963564e-01  -2.2764443e-01   1.7924934e-01  -2.7338785e-01  -3.6439481e-01  -1.7622042e-01   1.5695587e-01   5.0993991e-01  -1.0481215e-01  -4.6294892e-01   2.1768835e-01  -2.5689851e-01  -3.9882154e-01   3.4828965e-01  -1.1251064e-01   3.4463556e-01  -2.9626324e-01  -1.6161097e-01   5.5971379e-01   2.4157717e-01  -1.7228221e-01  -3.6295391e-01   5.2681501e-01   4.7167507e-01  -4.9660693e-01  -7.8497751e-02  -2.6249191e-01   4.9900933e-02  -3.7245225e-02   1.2552950e-01
   1.0523079e-01   1.8858418e-01   0.0000000e+00  -1.8560145e-01   1.4343475e-01   1.6216079e-01  -2.6798183e-01   4.4450197e-01  -7.3567871e-02  -1.6622638e-01  -3.9965540e-01   1.7595629e-01  -2.8102334e-01  -2.6301921e-01  -3.1713327e-01   2.8383567e-01   7.9176490e-01  -4.5688737e-01   6.7837067e-02   1.2050074e-02  -3.8742988e-01   5.3057320e-02  -4.5675025e-01   3.2516835e-02  -3.1442076e-01   2.7054033e-01   1.8734504e-01  -1.2420604e-01   1.1124029e-01  -2.7449104e-01  -4.5113590e-01   5.4308542e-02   1.5025624e-01  -3.2577253e-01  -1.3263213e-01  -4.5470204e-03  -2.5149731e-01  -7.6541436e-02   1.2653771e-02   4.9838844e-01  -2.9733776e-01   1.5854182e-01   1.9820086e-02  -2.7595905e-01  -2.8654475e-01   1.0469948e-01  -3.9105556e-02  -5.3481568e-01  -1.9316165e-01   6.6674621e-01  -4.6296842e-01   2.0102522e-01   4.5659507e-03   2.2899916e-01  -1.0041412e-02  -3.4695010e-01   2.3360766e-01   1.3517553e-01  -1.2218075e-01  -3.1976791e-02   2.1412010e-01  -2.5268584e-01   1.9466589e-01  -4.9946264e-02  -3.6131002e-01  -3.0718854e-01   2.4285630e-01  -1.4909443e-01  -1.3337977e-01   3.4811563e-01   1.9405970e-01  -3.9859787e-01  -3.3766236e-01   6.0771204e-01   2.4387903e-01  -2.7592231e-02   1.3136379e-01   3.4475067e-02   2.5335916e-01  -1.5209549e-02  -5.1732546e-01  -1.4350332e-01  -5.7994953e-02   1.6607176e-02   4.9544134e-01   1.0729342e-01  -2.0327522e-01   8.5386622e-02   2.0537999e-01   8.3425348e-02  -3.1436467e-03   5.9977819e-01   2.3913368e-01  -1.6608252e-01  -1.9916383e-02   1.6600138e-01  -7.5857066e-03   2.0286528e-01   1.5398711e-01  -2.9274478e-01   1.1594305e-01  -1.4046896e-01  -1.6373212e-01   2.6293137e-03  -3.8822591e-01  -6.1162259e-02   4.5437909e-02   5.2888635e-02  -4.4603211e-01  -1.9393093e-01  -8.0862752e-02  -2.6384692e-01  -3.3001482e-01   4.9456391e-02  -3.1170069e-02   5.7319188e-02   4.6190582e-02   3.3169300e-02   1.5047641e-02  -6.2511561e-04  -1.7638465e-02  -1.1392396e-01   4.1153055e-01  -2.6287533e-01   2.1479394e-01  -8.4919484e-02  -3.3564050e-01   3.5368430e-01  -9.9621209e-03   5.2695444e-01  -6.6141930e-03  -3.8235734e-01   4.8431673e-01  -5.0618278e-01   6.4190076e-02   2.2522840e-01   3.6656149e-02  -4.6239453e-01   1.4980474e-01  -6.1121682e-02   7.6799024e-02   1.2646568e-01  -1.0309845e-01   1.1180196e-01  -3.7479588e-01  -4.3968440e-01  -2.8544154e-01  -2.4918668e-01  -3.3296584e-01   7.1406764e-02   1.4401328e-01  -3.3898516e-01   1.7212440e-01  -2.9423267e-01   7.6354780e-01   8.2357561e-02  -3.5411170e-02  -2.0528523e-01   4.5261727e-01  -8.7562273e-02   2.6585914e-01  -1.7644263e-01  -1.4510395e-01  -4.7671480e-01   2.0660715e-01   3.2370157e-01  -1.1682438e-01  -9.3650409e-02   1.0539200e-01   1.5145500e-01   5.3386447e-02  -1.3788281e-02  -4.5920273e-01   1.3248221e-01   1.4951789e-01  -3.0153460e-02   2.1275185e-02
  -2.2587630e-01  -2.4033400e-01  -1.8560145e-01   0.0000000e+00  -3.0061622e-01   7.2810887e-02  -6.2269297e-02   5.2848751e-02   3.9128063e-01  -2.1818285e-01   3.7669045e-02  -3.4093416e-01  -1.5482980e-01   1.5659539e-01  -2.7713902e-01   1.4860574e-01   2.8025017e-02   2.0816874e-01  -3.4833096e-01   2.1741713e-01   2.3685665e-01   5.1460491e-01   1.3399921e-01  -3.1208008e-01  -2.9035745e-02  -6.9486733e-02  -2.5394296e-01  -3.0819375e-01   2.7664868e-01   3.2506659e-01   2.1318755e-02   4.7926153e-01   3.7793846e-01  -7.6721457e-02  -1.4449864e-01  -3.5306925e-02  -1.1299215e-01   3.7608108e-02   1.7553186e-01  -1.7573839e-01  -1.7361079e-01  -2.8043522e-03   3.3811972e-02   3.0336424e-02   1.1200990e-01   1.1469378e-01  -8.1912351e-02   1.3816823e-01  -1.0490046e-01  -2.7253760e-01   1.5101803e-01   7.2328183e-02   2.8693432e-02  -1.4127174e-01  -3.3377741e-01  -1.6828251e-01   7.8090502e-02   4.6225634e-01   1.9741440e-01  -6.9658857e-02   2.2474660e-01  -4.7543913e-02  -5.6365550e-02  -3.6796008e-01   2.5309933e-02  -1.9116014e-01   2.1908942e-02   2.7231277e-04   3.4618808e-02  -1.5080582e-01  -1.9620732e-01   4.0995058e-01  -1.0870356e-01  -2.3987866e-01   9.3364840e-02  -3.6304617e-02   2.0741515e-01   1.1737551e-02  -2.7580801e-01   4.0431572e-01  -5.7679237e-02   4.4736440e-02  -1.1708607e-01   6.0306495e-02  -2.0494417e-01   1.3124939e-01   7.0611224e-02   5.8088085e-02  -4.3983190e-01  -2.0751255e-01  -8.2019952e-02   5.5480235e-02  -3.3967711e-01  -1.7772003e-01   1.5118664e-01  -1.2339699e-01   4.0043237e-01   1.6098814e-02   2.0821890e-01  -1.1594606e-01  -1.6599108e-01  -1.3696077e-01   3.0077229e-01  -5.7472707e-02   3.2180536e-01   6.0153967e-01   2.9742102e-02   9.5172356e-02  -3.1383036e-03   5.2547079e-02  -1.9412183e-01   3.6223303e-01   4.9998577e-01   8.4563735e-03  -2.1552201e-01  -2.9066224e-01  -2.2299879e-01  -1.9404928e-01  -1.9684410e-01   5.9412121e-01   1.2557742e-01  -1.4126522e-01  -3.3355440e-01   8.0196332e-02  -5.6685418e-02  -2.2042723e-01   1.4361367e-01   3.2081464e-03   6.0759325e-01  -7.9025682e-02  -2.5996211e-01  -1.8413952e-01  -5.6397176e-02   1.8105126e-01   1.9278770e-01  -3.6048865e-02   9.8511444e-02   7.8139481e-02  -1.5657455e-01   2.1343166e-01  -1.9177569e-01   3.1434763e-01   1.2004713e-01   6.1618310e-02   6.4847509e-02   3.3380752e-01  -1.6146601e-01  -1.8296291e-01  -3.2722857e-02  -4.1972749e-02  -2.1143535e-01   1.9035458e-01  -2.4957618e-01  -2.1145988e-03  -2.1742513e-01  -2.9326750e-01   1.0234537e-01  -5.2414126e-03   1.4616880e-01  -6.3701314e-02   9.3458474e-02   2.6200574e-02  -1.5457334e-01   3.1171761e-01   5.1141230e-01  -1.9838640e-01  -1.2755726e-01  -2.9706014e-01   2.1986427e-01  -8.5601579e-02  -1.5771894e-01   8.3596996e-02   1.0469455e-01   9.3744538e-02   6.4004305e-02   2.7887893e-01   2.5357991e-01
  -5.8811438e-02   4.7936487e-01   1.4343475e-01  -3.0061622e-01   0.0000000e+00  -5.2854054e-02  -7.9126926e-02  -4.2332834e-02   7.4852312e-02   3.8042594e-02  -1.5284223e-01   7.9052973e-02   1.7910983e-01  -2.0209886e-01  -5.5466331e-03  -3.4938564e-01   2.4658359e-01  -6.7960397e-03   5.0063590e-01   2.5762683e-01   4.4438678e-02  -2.1269045e-01  -2.8840120e-01   7.8057426e-02   4.9687040e-02   2.6563603e-01   3.9074580e-01  -7.8587338e-02  -7.2914275e-02  -1.1131326e-01   9.9622928e-02  -3.1140890e-01  -4.1265216e-01  -2.7158772e-01   3.4492597e-01   3.7379365e-01   2.1275621e-01  -2.9557818e-01  -2.9244080e-01   3.3386213e-01   2.8649611e-01  -2.2291329e-01   4.3881648e-01  -4.4379538e-04  -7.6275091e-03  -2.3868821e-01  -8.9305061e-04  -1.4179766e-01   1.2367825e-01   3.7319598e-01  -8.5319884e-02   4.9505326e-02   3.8857706e-01   4.8214164e-01  -8.0716484e-02  -2.0635470e-01  -1.2701544e-01  -1.4757823e-01   9.1101678e-02   2.1391438e-01  -1.3323711e-01  -6.7870114e-02   1.5152928e-01   2.1622920e-01   3.7816109e-02   1.6798008e-01   8.7067076e-02   3.8150150e-01  -1.9499557e-01  -2.3418752e-01   4.5644752e-01  -9.7913784e-02   2.1276925e-01   9.9174199e-02  -6.9820109e-03   2.6502620e-01  -2.3171306e-01   1.8678365e-01   7.2551494e-01  -1.0724746e-01  -7.0717482e-02  -1.7646730e-01   4.2793208e-01  -3.2894828e-02   1.2576952e-01  -3.5329638e-01   7.4827025e-02  -2.3851380e-01   2.0295337e-01  -1.1418827e-01   6.7377685e-01  -9.9605786e-02   8.7181824e-02   4.0275408e-01  -2.5688376e-01   4.7418504e-01   8.4930573e-02   4.5989439e-03  -5.4116536e-02   1.9592760e-02  -6.0712093e-02  -2.5415810e-01  -2.2192388e-01   2.5887634e-01  -2.4444590e-01  -3.5513166e-01   2.9030111e-01  -4.8517658e-03  -1.6276352e-01  -9.4155911e-02  -9.4958059e-02  -1.6392322e-01  -8.4668937e-02  -2.3610552e-01  -2.2329017e-01   4.8357709e-01   2.3309864e-01   2.5961139e-01  -8.0706697e-02  -3.3575091e-01  -2.4463007e-01   6.0880216e-01   1.7554803e-01  -1.7854939e-01  -2.1881576e-01   1.2352659e-01  -4.0405909e-02   4.4106523e-02  -3.5655569e-01  -1.4429220e-01   4.4687202e-01   2.3833684e-01   1.5558215e-01  -8.9891084e-02   1.5074148e-01  -1.3889492e-01   2.2985520e-01  -1.8216820e-01   4.3834066e-02  -4.1155362e-01  -4.3198112e-02  -3.4962060e-01  -9.9089770e-02  -3.4347827e-01  -3.2900358e-01  -2.6896835e-01  -5.4658922e-02   3.1640435e-01  -1.1148142e-01   1.0266712e-01  -2.9343327e-01  -7.3264288e-02   1.1533044e-01   1.3300437e-01   3.8998990e-01   1.9169659e-01  -1.6433462e-01   3.1493677e-01  -1.3175241e-01  -1.6194583e-01   9.3841078e-02  -5.5124128e-02   1.4003906e-01  -1.7782256e-01  -2.1667303e-01   1.2495027e-01  -3.9715353e-02   7.8722306e-02  -8.5517697e-02   5.4009214e-01   4.3658508e-01  -2.0381964e-01  -2.5964598e-02  -1.6120997e-01   9.7901159e-02  -1.7446009e-01   3.1900184e-01
  -1.3335244e-01  -2.6403949e-01   1.6216079e-01   7.2810887e-02  -5.2854054e-02   0.0000000e+00   2.1657639e-01   1.8375319e-01   4.5310204e-02   6.1461429e-02   2.9970409e-01  -1.1636551e-01   1.6915598e-01  -1.7883250e-01   1.1508534e-01  -1.3009548e-01   2.4277773e-01   3.8446284e-01  -1.2201683e-01  -1.1499751e-01   1.4795089e-01  -5.3698168e-02   4.0243495e-01  -1.2884475e-02   9.0669716e-02   2.1436261e-01   1.5147310e-01   2.2472629e-01   6.3504887e-02   3.8462561e-01  -4.0516181e-01   1.2519058e-02  -2.3860009e-01   2.5037544e-01   1.7879116e-01   1.3327823e-01  -1.7521979e-02   1.2748330e-01  -2.7452849e-01   8.9415110e-02   1.7644482e-01  -1.2737003e-02   1.0466524e-01  -1.2480871e-02  -2.1441989e-01   2.1540382e-01   3.3096225e-01   6.6063663e-02  -1.1665974e-01  -2.2079047e-01   4.3569509e-01   2.4811306e-01  -9.6063477e-02   9.9267592e-02  -1.7587770e-01   1.8252877e-01   6.4445046e-02   1.1616385e-01  -3.9758367e-02   2.3971303e-01   1.8960261e-01   3.3140789e-02  -1.3382538e-01  -1.6007923e-01   2.0881764e-02   1.1000191e-01   5.3766190e-01   2.5212868e-02   1.8411826e-01   4.9844744e-01  -3.0800606e-01   2.5523622e-01  -1.9882707e-01  -3.6374167e-01  -4.1711777e-02   3.0412053e-01   2.0812099e-01  -2.3980829e-01  -1.5476575e-01  -2.5996021e-01   2.0116945e-01  -1.6859040e-01  -2.9410095e-01  -2.5303028e-02  -2.1329512e-01  -1.1736428e-01  -1.4300776e-01  -1.7469221e-01  -1.6704071e-01  -1.6526238e-01  -1.6044171e-02   1.3058862e-01   8.7682334e-02   2.1472839e-01   5.4428870e-02  -2.6197033e-01  -1.3525168e-02  -2.3285220e-02  -1.4938371e-01   2.3972037e-01  -2.2834735e-01   3.3717474e-02  -8.1364477e-02   9.7022734e-02   3.3636938e-01   2.4041134e-02  -9.4781246e-02   8.1522307e-02   1.9556849e-02   3.9864137e-01  -1.2026172e-01   1.4515318e-01   2.4442880e-01   6.7553029e-02   3.4553670e-02  -3.7075928e-01   9.7021017e-02   2.1956340e-02   1.2143670e-01   1.0171607e-01   1.2649650e-01  -1.9698416e-02  -1.2532442e-01  -3.3054549e-01   1.6653218e-01   9.6872107e-02  -2.1488224e-01  -1.1155223e-01   1.2296382e-01   3.0086686e-01   2.6107229e-02  -1.4573500e-01   3.9296939e-02   1.5618715e-01   8.0116120e-02   2.3475250e-01   1.3643072e-02  -1.0771722e-01   3.0732987e-02   1.1438356e-01  -3.1979615e-01  -5.0618286e-02   1.9876137e-01   2.5876803e-01   4.2906396e-02   1.4865845e-01   4.8222152e-02   2.0637769e-01   3.9633355e-01  -3.2291526e-01   3.0259649e-02  -7.8313859e-02   1.7562389e-01  -1.4112992e-02  -6.7651524e-02  -4.8452730e-02   1.9824645e-01   8.3243553e-02   5.0113592e-02   7.6090224e-02  -2.0351454e-01   1.8151719e-01  -2.8361916e-01   2.1184556e-01  -2.2642050e-03  -2.6361251e-01  -1.0996842e-01   4.1118051e-02   1.9244170e-01  -1.2204705e-01  -6.6079351e-02   1.2944798e-01   2.7252115e-01   2.9618473e-01  -2.6898344e-02  -1.5513661e-01   2.5092249e-01
  -2.2454322e-01   2.3096576e-02  -2.6798183e-01  -6.2269297e-02  -7.9126926e-02   2.1657639e-01   0.0000000e+00  -4.6462554e-03  -7.8137799e-02   7.4235539e-02   5.4493839e-01   2.9929291e-01   3.6905064e-01  -2.6848648e-01   2.5691367e-01   2.0525441e-02  -3.0298632e-01   3.8158755e-01  -1.8258883e-01  -1.4973452e-02   3.0684652e-01  -2.2956327e-01   6.6359449e-01  -2.2742313e-01   4.8896107e-02   9.1292242e-02   3.8536062e-01   2.5460366e-01   1.1823923e-01   4.8968170e-01  -6.3581530e-02  -7.5507880e-02  -2.4304258e-01   6.6766912e-01   3.6120119e-01   1.1358801e-01   1.0509714e-01  -1.7355429e-01  -2.4638768e-03  -4.4840087e-02   1.6311983e-01  -3.2693736e-02   7.2859275e-02   2.9596845e-03   1.1375910e-01  -6.1069894e-02   4.0034804e-01   5.6976771e-01   3.1056356e-02  -2.4802410e-01   5.7693332e-01   6.1759928e-02   6.0096250e-02  -2.6659731e-01  -2.7520487e-01   4.0204459e-01  -3.9318436e-01  -9.5991426e-02   2.2174018e-01   2.8168310e-01  -3.0661549e-01   4.5406551e-01   1.9290265e-02   7.6766058e-02   2.4745306e-01   5.2937449e-01   1.1662639e-01   1.1501965e-01   1.8954602e-01   1.3094785e-01  -1.2099938e-01   3.5475746e-01   5.2930246e-02  -3.0397038e-01  -3.9614881e-01  -1.6259928e-01  -1.8311132e-01  -1.9647052e-01  -8.1009929e-02  -4.2861601e-01   4.8360806e-01   1.3079160e-01  -1.6530821e-01  -3.6699519e-03  -5.0040459e-01  -6.2309366e-02  -7.6730075e-02  -2.6266847e-01  -1.8678207e-01  -1.6902039e-01  -5.4481357e-02  -4.8471918e-01   1.1355954e-01   1.0037643e-01  -9.8658665e-02  -1.8309998e-01  -6.3363547e-02  -2.4042382e-01  -1.2893856e-01   4.8916761e-01  -4.0349771e-01   5.6662463e-01  -1.1714209e-01  -4.1651182e-02   5.5402908e-01  -2.2386188e-01  -4.0322630e-01   1.4741042e-01   8.4066917e-02   4.4779362e-01   1.8493192e-01   2.3647673e-01   7.4067080e-02  -2.2506753e-01   2.5322739e-02  -5.2189918e-02  -2.3338833e-01   2.2684778e-01  -3.4320624e-02  -9.7796051e-02  -1.5561244e-01   8.4844687e-02  -1.5448079e-01  -1.3940503e-02  -1.7857800e-01   3.2899445e-01   1.8466207e-01  -4.1186795e-01  -3.2785703e-02  -1.0436364e-01   2.6898753e-01   3.2189489e-01  -1.0291597e-01   2.8831054e-01  -7.5223376e-02   2.8741299e-03  -3.4403800e-01   2.3120575e-01  -8.2175310e-02  -2.0277649e-01  -2.6424104e-01  -1.9258198e-01   4.6995435e-01  -1.3491420e-02   4.0767857e-01   2.5993642e-01   4.9803058e-01   5.2650041e-01   7.3848727e-01  -2.0525877e-01  -1.2728884e-01   5.6245042e-03  -2.0067295e-01   3.0970479e-01  -2.1890019e-01  -3.0318722e-01  -1.3875496e-01   2.6524325e-01  -4.6277259e-01   4.5979311e-01  -1.3147653e-01   4.6123494e-01   2.7036229e-03   4.7445220e-01  -2.3426828e-01   2.4018436e-03   3.8832386e-01  -1.1507763e-01  -9.6323816e-02  -2.5659489e-01   5.9058069e-02  -2.0745648e-01   5.6075929e-01   7.9575932e-02  -3.8795311e-01  -4.3910164e-01  -6.8590488e-02
  -2.1192206e-01  -1.8171567e-02   4.4450197e-01   5.2848751e-02  -4.2332834e-02   1.8375319e-01  -4.6462554e-03   0.0000000e+00   2.3091969e-01  -4.2163297e-01   4.4877706e-03   1.1757636e-01  -2.7479159e-01  -2.2385069e-01  -2.8130590e-01   2.9630742e-01   2.9276789e-01  -1.2453180e-01   4.7518279e-02  -1.8072751e-02  -2.4027780e-01   2.9289731e-01  -1.1685312e-01  -1.8642976e-01  -1.5551260e-01   3.4125386e-01   2.0749807e-01  -1.8812263e-01   1.0480106e-01   1.1236521e-01  -1.9933070e-01   2.8268711e-01   1.7773184e-01  -1.1057448e-01   1.0591082e-01  -1.8180483e-01  -8.6958156e-02  -1.1314039e-02   9.3012060e-02   1.1138277e-01  -2.2266871e-01   2.3146815e-01  -1.1721813e-01  -7.1199934e-02  -2.0091698e-01   2.1271965e-01  -3.7259376e-02  -1.1930676e-01  -1.3603457e-01   1.8955962e-01  -1.8257457e-01   5.1412271e-01  -1.4479651e-01  -7.2533780e-02  -3.4044610e-01  -1.3674831e-01   2.8343517e-01   2.5531394e-01  -2.2343019e-02   1.6745544e-01   1.4248961e-01  -7.6963496e-02   2.6834719e-01   1.0322429e-01  -4.4022056e-02  -2.4302835e-01   3.4238400e-01  -1.1662206e-01   5.8200162e-02   6.5538493e-02  -2.0390429e-02  -1.8546331e-01  -3.4936998e-01   2.1334275e-01   2.0601215e-01   1.3928147e-02   1.1355500e-01   1.6391617e-01   5.3429232e-02  -6.4805656e-02  -2.1922849e-01  -6.6979628e-02  -2.3760842e-01   5.0967741e-01  -3.0159065e-02   3.0925359e-01   1.5117684e-01  -1.3960312e-01   4.6068662e-02  -1.3279050e-01  -1.8199696e-01   1.4015255e-01  -1.0329529e-01  -2.8161608e-02   1.8043810e-03   1.2268788e-01  -5.0310788e-02   4.4305626e-01   2.4675551e-01  -1.5167608e-01  -2.4496739e-01   1.8215542e-01   2.8202543e-02   2.8562537e-01  -8.9308141e-04   1.8160339e-01  -5.1728496e-02   3.3484385e-01  -2.0875470e-01  -1.2662827e-01  -2.5021001e-01   1.5187186e-01  -2.6079702e-01  -1.3999135e-01  -2.5026857e-01  -2.2238770e-02   2.1300134e-01  -7.8392924e-02  -2.6163832e-01   1.2942157e-01   5.8207748e-02  -8.9208063e-02   2.7959852e-01  -5.2888316e-02   6.1572991e-02  -3.1893922e-02  -2.7641853e-01   1.6024291e-01   2.4656322e-01   2.8495946e-01  -1.4946151e-01  -3.3688817e-01   3.8903090e-01  -2.5347856e-01   8.4907259e-02   5.4716023e-01   7.3640243e-02  -2.7588151e-01   3.4822427e-01   1.0238146e-01  -1.9025216e-01   4.1334998e-02   7.7442408e-02  -2.8005504e-01   7.4336291e-02  -6.0364730e-02  -1.9620192e-01  -9.9453750e-02  -1.4606013e-01  -2.7216834e-01  -2.5451751e-01  -2.8853673e-02  -8.6342183e-02   2.2124523e-02   2.4088166e-01  -1.2348782e-01   2.6701822e-04  -4.7964544e-02   2.1434057e-01   1.3757728e-01   7.0025022e-02   1.2202783e-01  -3.1258898e-01  -1.3964170e-01   3.9569570e-01   2.3113571e-01  -6.4265239e-02   5.5351263e-02  -1.5932976e-01  -4.0482237e-02  -5.1187766e-02  -3.0908705e-02  -2.9480128e-01   1.2475707e-01  -4.4002943e-03  -8.0100066e-02   3.1745182e-02
  -4.7955490e-02   2.5002174e-02  -7.3567871e-02   3.9128063e-01   7.4852312e-02   4.5310204e-02  -7.8137799e-02   2.3091969e-01   0.0000000e+00  -1.2361560e-01  -1.3595814e-01  -6.1925076e-02  -1.0741771e-01  -1.0753741e-01  -2.7241488e-01   1.2060298e-01   4.0079776e-02  -2.4338575e-02   1.4643524e-01   3.4356153e-01  -1.7134357e-01   5.5563442e-01  -7.6767507e-02  -2.1604551e-01   1.4210557e-02   4.2148409e-02   1.1248344e-01  -1.6990470e-01   1.2937284e-01   1.4196099e-01   5.3489642e-03   2.9900576e-01   2.0574664e-01  -1.9911995e-01   2.9777748e-01   1.5220628e-01  -2.9066210e-02  -4.9490103e-02   1.3795162e-01   7.4712680e-02  -5.7313353e-02   2.6815199e-01   3.1831774e-01  -3.7655389e-01   2.7498881e-01  -9.8958495e-02  -1.9250328e-01  -8.5046888e-02  -2.9063125e-01   6.2294993e-03   3.2228900e-02   4.0886508e-01   1.7031446e-02  -9.5061997e-02  -3.0917106e-01  -2.8046885e-01   2.8067494e-01   4.7919597e-01   8.2690805e-02   2.3032551e-01  -7.4147301e-02   1.4229055e-01   3.9353195e-01  -5.1967308e-02   4.0185945e-01  -2.6679368e-02   1.4336747e-01   2.5011743e-01  -2.5784907e-01  -2.5506749e-01   1.3228252e-01   2.8868382e-01   1.8191394e-02  -1.3360688e-01   1.2896624e-01   1.8963633e-02  -1.6041075e-01   1.9888198e-01   9.0993351e-02   2.7587907e-01  -1.4542512e-01   1.0754217e-01  -1.1254397e-01   2.6463740e-01  -1.7438337e-01   3.0867844e-01   5.3228874e-01   3.3724963e-02  -2.7159970e-03  -3.2386673e-02   6.7095994e-03  -1.1735605e-01  -2.8397888e-01   2.1601876e-01   1.1629505e-03   1.5518580e-01   1.4241856e-01   3.2161087e-01   2.3498387e-01  -1.4925728e-02  -3.9025785e-01  -1.2311386e-01  -1.5343016e-01   5.8454661e-01   1.1285524e-01   2.3305909e-01   1.7500824e-01   2.8821564e-01   3.2717680e-02  -4.3881460e-01  -1.1719362e-01   1.2671651e-01   3.1889481e-01   8.3130097e-03  -1.8296198e-01   1.4247566e-02   8.9516938e-02  -4.1377712e-02  -3.8883746e-01   2.5753587e-01  -5.4072303e-02   2.2189360e-02  -1.8985307e-01   2.2564759e-01  -1.3980663e-01  -7.8187920e-02   1.0962641e-01   2.3510701e-01   4.8851382e-01  -2.0517991e-01  -1.4608547e-01  -2.4557169e-02  -1.9933235e-02  -1.4176194e-01   4.2962361e-01   2.4587543e-01   3.2939212e-01  -1.6033938e-01   1.8196219e-01   1.9171465e-01  -1.8181802e-01   1.4017254e-01  -7.8306300e-03  -2.1387773e-01   1.4314203e-01   1.6084464e-01  -6.7302952e-03  -7.3025922e-02  -2.1410232e-01   3.5870397e-02  -4.5980935e-01  -1.8474760e-01  -3.3273201e-01   6.5283904e-02   1.0000097e-01   4.4325336e-06  -2.2052363e-02   1.2159869e-02  -6.9790572e-02  -3.9371865e-02   5.6689441e-02  -9.7201677e-02  -1.0410326e-01  -5.6503107e-02   3.9620114e-01   6.0074616e-02  -1.3018405e-02  -2.9845284e-01  -3.0955916e-02   1.3838751e-01  -7.3801915e-02  -1.4126876e-01   4.9864474e-02  -4.5819219e-02   5.1085528e-02   3.2690931e-01   2.6451027e-01
   1.2654793e-01  -2.7255668e-02  -1.6622638e-01  -2.1818285e-01   3.8042594e-02   6.1461429e-02   7.4235539e-02  -4.2163297e-01  -1.2361560e-01   0.0000000e+00   3.5121664e-02   1.9926917e-01   2.3410164e-01   2.2697500e-02   3.8386798e-01  -2.4550173e-01  -2.6761095e-01  -1.0395207e-02  -1.3868184e-01   1.2993187e-01   2.1901228e-01  -2.0639399e-01   2.6093532e-01   1.5322553e-01  -6.2158298e-03  -1.9305806e-01   5.7357277e-03   6.5397019e-02   2.0740867e-01  -6.0062279e-02  -1.1227376e-01  -1.7078067e-01  -3.0757363e-01   3.0358587e-01   1.3328827e-01   2.8364964e-01   9.4332954e-02  -5.7825110e-02  -1.8895189e-01  -4.4644589e-03   1.2497749e-01  -1.0278110e-01   2.4322122e-01  -1.4914638e-01   3.1119735e-01  -2.4269057e-01   3.6377824e-03   1.3607017e-01  -1.3056804e-01  -1.4435570e-01   3.3420741e-01  -3.5779772e-01   5.1065091e-02   5.1751087e-02   1.3774721e-01   9.4225389e-02  -2.2726807e-01  -1.2136547e-01   7.1084095e-02   2.7072571e-02  -2.8797788e-01   2.8806387e-01  -2.4027289e-01  -1.3804145e-01   2.9064729e-02   6.0139198e-01  -2.4458099e-01   5.6041187e-02  -1.6278860e-01   1.6481696e-02  -2.6793606e-02   5.2118635e-02   1.0757307e-01  -1.1586916e-01  -2.8311882e-01   1.3736191e-01  -2.5775294e-01  -1.0796593e-01   1.1461804e-01  -2.3549100e-01   1.2444814e-01   1.1756090e-01   3.0512264e-02  -3.1971617e-01  -2.7809655e-01  -2.1608232e-01  -1.0065071e-01   6.9138241e-02  -7.7506423e-02   1.2648683e-01   2.0199608e-01  -2.1140501e-01   2.5840688e-01   2.3126195e-01  -1.1996795e-01  -6.4042481e-02  -9.5429903e-02  -1.8140978e-01  -1.3567296e-01   5.1874451e-01  -9.6297185e-02  -3.5335231e-03  -8.7735130e-02  -7.7986818e-02   2.9793023e-02  -3.1608347e-01   1.9591735e-02  -2.2927118e-01   4.1930611e-01   3.4547364e-02   3.3417828e-01  -2.2869722e-01   1.4185728e-01   1.8347113e-02   1.6777141e-01  -3.8015517e-03   3.2229154e-02   1.6277031e-01   2.4666722e-02  -1.6867047e-01  -1.5369369e-01   1.8021087e-01  -1.2967568e-01  -6.0457293e-02  -1.3575289e-01   1.1464582e-01   2.7243551e-01  -2.9625234e-01  -2.7478635e-01  -2.8388450e-01   1.1633640e-01   4.2960186e-01  -4.8871150e-01   1.0000578e-01   9.9255746e-02  -1.9852439e-01  -7.1007827e-02   4.6125529e-02  -1.6084585e-01  -1.6520503e-01   2.0002739e-02  -2.1173370e-01  -5.5905047e-02   8.9821226e-02   1.2239232e-01  -3.0120485e-02   4.4874889e-01   1.8095354e-01   1.9810660e-01   2.3381810e-01   1.0251991e-01  -2.5906941e-02   3.9602979e-02  -1.5836297e-01  -1.5934919e-01   1.4372556e-01  -1.8041584e-01   1.7163583e-01  -3.3960844e-01  -1.9710233e-01  -1.0924792e-01  -1.2382948e-01   2.2659366e-01   7.1453078e-02  -3.4197179e-01   8.1013112e-02   6.8305724e-02  -1.4755900e-01   3.7347764e-02  -1.1334155e-01   1.9551851e-01  -1.3201589e-01   2.2242223e-01  -2.4581398e-01  -1.3149218e-01  -1.2543226e-01   3.3361969e-02
  -1.1639814e-01  -3.3323987e-01  -3.9965540e-01   3.7669045e-02  -1.5284223e-01   2.9970409e-01   5.4493839e-01   4.4877706e-03  -1.3595814e-01   3.5121664e-02   0.0000000e+00  -1.5993655e-01   3.2437496e-01   1.4235729e-02   4.5467280e-01  -9.1953660e-02  -4.7511664e-01   7.2470363e-01  -7.9419217e-02  -1.0560050e-01   2.6293040e-01  -1.8699276e-01   5.0146508e-01   1.6638813e-02   1.7030001e-01   7.5047291e-02   7.1742651e-03   3.5353957e-01  -7.6157535e-02   5.2716551e-01  -4.7460926e-02  -1.4958761e-02  -3.1900290e-01   4.5559354e-01   1.2815595e-01   7.1432831e-02   2.1506291e-01   1.2845796e-01  -6.8754277e-02  -3.1217597e-01   2.9440967e-01  -2.2657317e-01  -6.5923043e-02   2.9292627e-01   8.4056770e-02   1.8460832e-01   5.5057173e-01   3.4198930e-01   9.9773430e-02  -5.6631306e-01   6.8247306e-01   1.7164556e-01  -4.0283081e-01  -2.1141037e-01  -2.2015282e-01   6.1402161e-01  -2.2325998e-01  -2.0351205e-01   6.1316921e-02   1.1920657e-01   2.2100166e-02   3.5985332e-01  -2.5388681e-01   1.7254087e-01   2.0767591e-01   2.3462897e-01   3.1632729e-02   7.8426651e-02   4.7487532e-01   1.6969028e-01  -4.6061453e-01   4.0315295e-01   4.0265885e-02  -6.3056722e-01  -3.0772953e-01   1.8256405e-01   1.5927368e-01  -5.8931796e-02  -3.2033878e-01  -4.2770773e-01   4.9880233e-01   1.9140782e-03  -3.8140849e-01  -3.5106167e-02  -6.3187333e-01  -4.5763326e-02  -1.5416360e-01  -2.0913603e-01  -2.4820441e-01  -6.5358285e-02  -5.6933537e-02  -4.7229692e-01  -4.7485044e-02   4.6359153e-02   1.6409839e-01  -2.5712536e-01   7.8397878e-02  -1.9709664e-01  -1.0071894e-01   3.6228422e-01  -2.9900100e-01   5.2452117e-01   6.1032229e-02  -7.6953481e-02   6.2980346e-01  -4.9416180e-02  -4.5583827e-01   1.5076138e-01   2.5358443e-01   5.4253917e-01  -1.4650379e-01   3.5425767e-01   1.9088876e-01   1.3359627e-02   1.4184018e-01  -2.9486192e-01  -2.0890678e-01   1.4824014e-01   6.1741445e-02   2.3554724e-03   2.3518471e-01   3.2009129e-02  -3.5109956e-01  -1.1586575e-01   5.8509857e-02   4.5943695e-02   1.5062384e-01  -4.0090334e-01   8.4374260e-02  -7.8654487e-02   8.2761628e-02   7.3979621e-02  -2.3127352e-01   2.6378818e-01  -1.9934387e-01   1.8207851e-01  -2.2631530e-01   1.6778707e-01   1.4475588e-01  -4.5874389e-02  -3.5457445e-02  -5.2182066e-02   5.8971150e-01   4.6114193e-02   2.9915139e-01   3.9980029e-01   1.5924315e-01   5.3897444e-01   6.7913058e-01  -4.5132247e-01  -1.2846510e-01   2.4737668e-01   3.5522467e-02   4.8122766e-01  -5.6345402e-01  -9.7905517e-03   2.1292897e-01   2.3273587e-01  -4.4405589e-01   4.1782601e-01  -1.3379733e-01   6.9562646e-01  -2.0316233e-01   6.7348315e-01  -1.8557064e-01  -2.7437869e-01   1.8629596e-01   2.8125060e-01  -2.0374441e-02  -4.2126368e-01   2.2624020e-03   1.8987886e-01   5.2533153e-01   8.9178373e-02  -8.5492278e-02  -3.3586000e-01   2.4721509e-03
  -8.7980012e-02   4.9967008e-01   1.7595629e-01  -3.4093416e-01   7.9052973e-02  -1.1636551e-01   2.9929291e-01   1.1757636e-01  -6.1925076e-02   1.9926917e-01  -1.5993655e-01   0.0000000e+00   9.7612177e-02  -4.0327535e-01   3.8454275e-02   5.7881459e-02   7.2605956e-03  -3.4678584e-01   2.5840609e-02   9.5490740e-03  -7.6400232e-02  -1.5476037e-01  -3.3526807e-02  -1.6218632e-01  -1.8026498e-01  -3.1335808e-03   4.0048909e-01  -1.7516903e-01   7.6709464e-02  -1.3063345e-01   8.2707962e-02  -1.6285989e-01  -1.5067380e-01   2.1420759e-01   4.2099911e-01   2.0735812e-02  -9.1306644e-02  -3.0015067e-01   6.1699464e-02   2.5451100e-01   3.4546754e-02   1.1023037e-01   2.3594096e-01  -2.8819014e-01   2.5400763e-01  -3.0222563e-01  -7.7570940e-02   1.7543987e-01  -1.1567207e-02   2.8653687e-01  -1.2670132e-01  -1.0042738e-01   2.9048396e-01   9.1264634e-02  -2.1524534e-01  -2.8627578e-01  -1.7680455e-01   1.0086391e-03   1.8106390e-01   2.6602124e-01  -3.4981724e-01   2.5297974e-01   1.8304839e-01   2.1534331e-01   1.5359497e-01   2.8628967e-01  -5.7873660e-03   2.9004364e-02  -7.1273492e-02  -8.1462368e-02   3.4291908e-01  -1.9379405e-01   6.7456116e-02   4.4941581e-01  -4.8996611e-02  -1.9404317e-02  -3.7747762e-01  -1.0861863e-01   2.9376976e-01  -8.7935516e-02  -1.7292605e-01   1.6535269e-01   2.0606966e-01   2.6464000e-01  -5.0974697e-02   4.8638208e-02   1.4351343e-01  -1.5819615e-01   7.8578907e-02  -1.0883350e-01  -9.1134163e-02  -1.2446139e-01   1.8335181e-01   1.4407360e-01  -2.5855926e-01   5.8764391e-02  -1.3974577e-01   8.7982907e-02   1.4218419e-01   3.0789396e-01  -1.6959413e-01   2.9560270e-01  -2.6767682e-01   9.1105438e-02  -1.9836780e-01  -1.3635892e-01  -4.2031492e-02   9.0496546e-02   2.3929845e-02  -2.7693195e-01   4.8099288e-01  -6.8500617e-02  -2.1672040e-01  -2.2838149e-01  -1.0321228e-01   3.0070894e-01   9.4181432e-02   2.1374381e-01  -1.0945792e-01  -2.4538969e-01  -4.1899778e-01   1.5130544e-01   3.5235131e-01   1.9446230e-02  -2.7359575e-01   3.3329179e-01   9.6761886e-02   2.1954210e-02  -2.6049397e-01  -1.0590512e-01   2.4029997e-01   4.5707825e-01   5.2796092e-02  -1.2101052e-01   8.4151164e-02   1.2226149e-01  -1.0937912e-01  -3.6781371e-02   7.6339487e-02  -3.4204310e-01  -1.5580320e-01  -1.4156828e-01   2.8963082e-02  -1.8759472e-01   2.2534467e-01  -1.7079794e-01   4.0821948e-01   9.8482533e-02  -5.2660891e-02   7.5684859e-02  -3.0984142e-02  -2.4586980e-01  -1.5780374e-01   3.8552919e-02   3.1802330e-01  -8.4916466e-02  -4.2397729e-01   1.1189866e-01  -2.3300083e-01  -2.4991754e-01   5.1855730e-02  -1.0715877e-01   1.5895196e-01  -2.4796508e-01  -1.7379300e-01   4.5854192e-01   2.1374291e-01  -2.1067496e-01  -2.8286466e-01   3.3781293e-02   1.5013011e-01  -4.2367604e-01  -7.1670482e-02  -5.3546872e-02  -2.7736917e-01  -1.3785846e-01  -6.5838543e-02
  -4.6948990e-02   1.1837559e-01  -2.8102334e-01  -1.5482980e-01   1.7910983e-01   1.6915598e-01   3.6905064e-01  -2.7479159e-01  -1.0741771e-01   2.3410164e-01   3.2437496e-01   9.7612177e-02   0.0000000e+00  -7.5743246e-02   4.1033240e-01  -4.9831938e-01  -6.8064474e-02   2.6062382e-01   1.7130107e-01  -1.6572893e-01   2.5552552e-01  -3.6383078e-01   3.8104602e-01   8.7598119e-02   2.5803794e-01   4.9806090e-02   3.5741613e-01   3.0327430e-01  -7.8577136e-02   1.7630737e-01   2.2353030e-03  -3.2085472e-01  -5.5637565e-01   3.9155392e-01   3.4444111e-01   2.0551680e-01   3.5045867e-01  -3.4551452e-03  -2.7974209e-01   5.1634619e-02   7.2798381e-01  -3.5206701e-01   2.4572868e-01   9.0383197e-02   8.3658095e-02  -2.0129444e-02   2.5696273e-01   2.1255073e-01   3.3365444e-01  -2.0588915e-01   3.6376436e-01  -1.3522036e-01  -6.6028761e-02   4.6615195e-02  -1.2664257e-01   2.2589129e-01  -2.3889385e-01  -3.0078853e-01   1.5348238e-01   1.8306774e-01   2.9344960e-02   3.5606408e-01  -9.5492143e-02   1.3256918e-01   1.8668987e-01   4.7920759e-01   5.5120337e-02   1.3422409e-01   8.8498138e-02   8.8066953e-02  -2.3838571e-03   2.1600495e-01   2.1833903e-01  -3.7668314e-01  -4.8759299e-01   2.2374460e-01  -1.3158237e-02   4.0348665e-02   6.6467055e-02  -2.8936502e-01   3.9236865e-01  -1.8070177e-01  -5.1644347e-03  -2.7882064e-01  -3.1676529e-01  -5.7984620e-01  -2.0122644e-01  -2.8736346e-01  -1.2722397e-01  -1.0447659e-01   2.8494800e-01  -3.8897602e-01   1.8007511e-01   4.5178735e-01  -4.6170945e-02  -1.5473063e-01   1.3331563e-01  -1.1262840e-01  -8.0806019e-02   4.5292580e-01  -2.3935177e-01   9.7692067e-02  -2.3438980e-01  -2.0200310e-02   1.9401188e-01  -2.5842717e-01  -7.1435058e-04  -1.1420774e-01   3.1802594e-01   2.2691913e-01   1.6383093e-01  -9.1795612e-02   2.1493730e-01  -9.0653810e-02   6.6627646e-02   5.5448507e-02  -6.4230831e-02   4.0104887e-01  -2.4993827e-02  -2.0168796e-01   7.8892140e-03   2.3761496e-01  -1.1582106e-01  -2.7074086e-01  -3.4252773e-02   1.0069568e-01   4.7973449e-02  -3.1103741e-01  -3.4150947e-01  -3.1365911e-02   4.6675395e-01   2.4809874e-01  -3.5477922e-01   2.9828271e-01   6.1105695e-02  -6.1208299e-02  -5.6636277e-02   1.9467889e-01  -4.2470053e-02  -2.6805992e-01  -2.5460592e-01  -3.7573981e-01   1.0473996e-01  -4.7126658e-02   5.2567679e-02   5.9826501e-02   2.4473742e-01   4.4250607e-01   5.0574495e-01  -2.3677715e-01  -8.6115479e-02   2.1352279e-02   2.2893941e-01   1.2220652e-01  -2.2242870e-01  -3.2388426e-02   2.0658231e-02   3.9422003e-01  -3.2138913e-01   3.2020222e-03  -1.3733021e-01   8.8920534e-02   9.8977259e-02   3.4017342e-01  -5.1130541e-01  -6.2294492e-02   1.9966663e-01   7.6088676e-02   5.6397061e-02   6.2396220e-02   4.2237940e-01   3.7056596e-02   3.3378898e-01   5.3239910e-02  -1.8703701e-01  -8.7465370e-02   3.2219396e-01
   1.8464202e-01  -3.6314106e-01  -2.6301921e-01   1.5659539e-01  -2.0209886e-01  -1.7883250e-01  -2.6848648e-01  -2.2385069e-01  -1.0753741e-01   2.2697500e-02   1.4235729e-02  -4.0327535e-01  -7.5743246e-02   0.0000000e+00   1.5281883e-01  -1.1122721e-01  -2.8998430e-01   1.5108183e-01   3.5886635e-02  -1.4458142e-01   2.0056235e-02   1.7939170e-01  -6.2101672e-02   2.0522192e-01   1.9202261e-01  -3.4586605e-01  -3.6242480e-01   2.9251622e-01  -2.0563393e-01   1.6565008e-01   1.8865751e-01   8.8824673e-02   3.4990847e-02  -2.1110528e-01  -1.8899883e-01  -8.6013411e-02  -1.8446995e-01   3.5297409e-01  -2.9437889e-02  -4.8159536e-01   1.1140439e-01  -2.6975759e-02  -1.4765264e-01   3.3175027e-01  -1.9485546e-01   2.2455399e-01   8.9866900e-02  -3.9478056e-02  -3.1021695e-02  -3.8328344e-01   1.8569587e-02  -2.6109996e-01  -3.5312295e-01  -2.3338012e-01   4.0981609e-01   2.2253644e-01   5.5919339e-02  -7.7468077e-02  -6.9749354e-02  -1.1082409e-01   2.5904461e-01  -3.0132502e-01  -2.0121090e-01   3.2399783e-02  -4.3130384e-02  -2.0710863e-01  -3.3632288e-01  -1.1252841e-01  -6.1482511e-02   7.1332896e-03  -4.6234569e-01   2.1594559e-02   8.2129682e-02  -3.0710791e-01  -2.2100595e-01  -4.1013751e-04   3.1007854e-01   1.9940036e-01  -3.1313149e-01   6.6560621e-02   2.1644161e-01  -2.0368420e-01  -2.0565420e-01  -1.4573926e-01  -1.6167834e-02  -1.5383179e-01   3.5582842e-02   3.0655976e-01   1.0487816e-02   2.5959176e-01  -9.2574051e-02  -5.3999767e-02  -1.5808730e-01  -6.5926200e-03   2.5821538e-01  -1.8398278e-01  -1.1000786e-01  -8.1903589e-02  -1.2650529e-01  -3.0437275e-01   3.9027729e-01  -5.3232641e-02   5.0045121e-01  -6.2618725e-02  -2.4811167e-02   1.3537249e-01   2.3813164e-02  -2.2715057e-01   7.9240982e-02   2.0875870e-01  -3.0154753e-01   9.1932282e-02   4.0801136e-02   2.9222725e-01   3.1924485e-01  -1.9778548e-01  -1.7611517e-01  -1.3884838e-02   4.1262451e-01   1.6412309e-01   2.5026689e-01  -1.1077200e-01  -2.7407365e-01   2.4316830e-03   3.2304643e-01   1.3682394e-01   1.3812910e-01  -2.6422056e-01  -7.5635517e-02   6.4044851e-02  -1.9375460e-01  -2.1908904e-01  -1.4722596e-01   1.7118860e-01  -1.2119067e-01  -3.0345006e-01  -6.5534791e-02   9.3527801e-02  -2.1142447e-01   1.6181290e-01   3.5826493e-01   1.0233195e-02  -2.3831149e-01   2.7146070e-01  -2.9013896e-02   3.9490853e-01  -3.5205254e-01   2.4136551e-02   2.8387646e-03  -2.0287017e-01   1.6821561e-01   5.4433600e-01   2.8096887e-01  -7.6325595e-02  -4.5944865e-01   2.3600112e-01   2.5703668e-01  -7.3886981e-02  -1.3208435e-02   2.0681821e-01  -2.0414887e-01  -7.7475197e-02  -4.1535689e-02   2.5599187e-01  -5.1335824e-02  -2.3876260e-01  -1.4922604e-01   1.7759797e-01   3.1361993e-01  -2.8937389e-01  -2.9505385e-02   3.4400953e-01   1.5704788e-02   9.9279499e-02   1.4459195e-01   1.9925943e-01   7.5600883e-02
