   0.0000000e+00  -2.1891416e-01  -1.7136177e-01  -1.8709202e-01  -2.1290491e-01   1.8704066e-01   1.1758963e-01   1.4126258e-01  -1.2018677e-01  -1.8496694e-01   4.4112742e-02  -2.1903811e-01   1.0058208e-01   1.8463831e-01   1.3790284e-01   1.1987698e-02  -9.1864636e-02  -2.2909355e-01  -1.3639470e-01  -2.6647449e-01  -8.9567801e-02   2.2033768e-02   1.7662323e-02   3.6740996e-01  -3.6258897e-02   7.1414887e-02  -3.4052427e-01   1.5990258e-01  -1.3156202e-01  -3.3038975e-02  -1.0432950e-01  -1.0485894e-01  -1.5647175e-01   1.8688205e-01   2.4774228e-01  -8.6909864e-02   1.6971879e-01   1.7544538e-01   7.0192028e-02  -1.9284616e-01   1.9735292e-02  -1.1456037e-01  -7.4176652e-02   6.0252015e-02  -1.9532532e-01   3.0630875e-01   1.2937323e-01  -1.8757872e-01  -3.9582918e-02  -1.8137498e-01  -3.9345694e-03   4.5191415e-02  -2.3718921e-01  -1.1554929e-01   1.3651004e-01   1.5041762e-01  -1.4012523e-01  -1.2988494e-01   1.1100365e-02   7.3003293e-02   1.7628812e-01  -1.0030468e-01   2.2928123e-01  -2.4640413e-01  -3.0615974e-01   6.1744714e-02  -2.3020957e-01  -2.5800436e-01  -3.7977351e-02  -1.6637001e-02  -4.0982575e-01   8.2068677e-03   1.0008983e-01   2.7311669e-01   6.6145525e-02  -2.0863089e-01   1.8806519e-01  -1.1482276e-01  -2.8888051e-01   6.7767394e-02  -2.3541520e-01   6.7624633e-02  -1.7341297e-01   7.3452873e-02   3.6441013e-01  -9.6683119e-02  -2.5887509e-01   9.4012440e-03   8.4806933e-02   3.6781604e-01  -2.2111916e-01   2.1292302e-01   3.1624805e-01   1.3689034e-01   1.5081743e-01  -2.9222487e-01  -7.9525171e-02  -8.9542219e-02  -2.1295652e-01   2.2603253e-01   1.8535264e-01   3.0522174e-01  -1.8050619e-01  -7.2372766e-02   2.0081695e-01  -2.5336258e-01  -1.1563040e-01  -6.0910322e-02  -1.4734757e-01   2.8513501e-01   2.3735094e-02  -2.5314947e-02   1.2670320e-01   5.2204247e-01  -1.0300687e-02  -3.1922509e-01   2.1260620e-01   1.8839585e-01   1.8118995e-02  -2.2612773e-01   1.7422237e-01  -2.3624918e-01  -4.4689773e-03  -3.2844672e-01   1.7238888e-01  -3.2392540e-02  -2.1881336e-02  -9.0984738e-03   2.5754428e-02  -1.1701771e-01  -3.4465815e-02  -3.1081107e-01   5.1009472e-02  -1.9459032e-01   1.7398749e-02  -1.1209114e-01  -1.2031184e-01  -2.4873651e-01   5.8402901e-04   2.7916035e-01   2.8537161e-01   1.1962608e-01   3.8534752e-01   2.0648477e-01  -2.7907810e-01  -2.8264261e-01  -2.2927873e-01  -6.4236397e-02   3.8875744e-01  -3.9153146e-01   4.5031283e-01  -3.0543587e-01   2.7508948e-01  -2.6461380e-01  -2.5531666e-01   4.5084484e-01   2.4767868e-01   1.3034406e-01   1.3547394e-01  -1.7142219e-01  -4.9262750e-02   1.6541879e-01  -3.1268827e-01  -5.9733740e-02  -1.8054654e-01  -2.7833580e-01  -5.6810519e-02   2.3228304e-01   3.4045247e-01  -3.8816493e-01  -1.2984919e-01   1.1743596e-01  -2.0994494e-01   1.2047662e-01  -3.3832234e-02  -4.7088005e-02  -1.7081466e-01
  -2.1891416e-01   0.0000000e+00   4.3507073e-01  -1.4878232e-01   3.7098781e-01  -1.6295567e-01  -7.3218591e-02  -1.3826585e-01   4.6831498e-01  -7.2413249e-02  -1.8705580e-01   2.2963387e-01  -2.2041181e-01  -3.2545884e-01   1.5215967e-02  -6.0284490e-02   3.9780787e-01   1.7060272e-02   1.2960503e-01   1.8996922e-01  -3.9114614e-01  -2.7201738e-01  -2.6100147e-01   6.9845141e-02   1.0003158e-01  -1.3966969e-01   9.8260661e-02   1.8918715e-02   1.7763358e-01  -3.9029702e-02   1.8678960e-01  -6.3562292e-02   1.3817061e-01  -3.1351651e-01  -1.8179558e-01   1.4974248e-01  -6.9932439e-02  -2.8834609e-02  -1.1918617e-01   1.5213261e-01  -1.9471716e-01   1.4726502e-01   9.3008118e-02  -2.0646418e-01  -7.0716463e-02  -5.5254865e-02  -1.8166212e-01   3.3455426e-01  -3.8328757e-01   4.5129923e-01  -1.3645424e-01  -1.2748053e-01   3.1740060e-01   1.7974996e-01   6.6274512e-02  -1.9406531e-01  -2.2707263e-02  -1.8971839e-01   8.7957536e-02  -3.3012831e-01   2.0361127e-02  -2.6655694e-01   3.4672563e-01   2.7106794e-01   1.6452328e-01   8.5234600e-03   9.2362529e-02   1.9666597e-01  -3.0900795e-01   3.4480181e-01   6.2036770e-01  -2.7224530e-01  -2.8001389e-02   7.1577712e-02  -4.9704900e-02  -1.8270333e-01   5.8553220e-03   8.7547446e-02   2.9994899e-01  -3.5278543e-02  -4.2803375e-02  -3.4873399e-02  -4.6336580e-03  -2.0361547e-01  -6.5924695e-02  -2.7764575e-01  -1.1967452e-01   6.1893305e-02   4.5241275e-01  -3.1675908e-01   2.2759268e-01   9.4494750e-02  -2.3548651e-01  -1.8697266e-01  -3.4660735e-01   1.7999111e-01   7.8578008e-02  -1.1391989e-01   2.5439204e-01  -2.9043206e-01   1.7587861e-01  -2.5704857e-01  -1.5736996e-01  -5.6176104e-02  -4.0990004e-01  -1.7591419e-01   2.1253482e-01  -9.2494402e-02  -1.9026536e-01  -3.7355374e-01   9.9244227e-02  -2.0466186e-01  -1.6545332e-01  -2.3968236e-01   1.8643661e-01   3.3227571e-01  -1.5802603e-01  -2.0668377e-01   1.1742735e-01  -1.9576040e-01   9.7389427e-02   1.1355012e-01   2.8163007e-01   2.8638720e-01  -7.6331485e-02  -2.4163215e-01  -1.0139639e-01  -2.2132873e-02  -2.5133494e-01   4.3816830e-01  -8.0554429e-02   1.1346071e-01  -3.8928769e-02  -1.4419613e-01  -2.2635030e-01  -1.7831662e-01   3.7895050e-01   9.6457666e-02  -1.9267340e-01  -1.0444054e-01  -9.7800710e-02   3.7932379e-02  -3.3328781e-01   1.9582142e-02   7.4546454e-03  -9.2178935e-02   4.0022379e-01   3.0401397e-01  -3.6432895e-01   3.0051131e-02   6.5451213e-02  -2.2241401e-02   1.5219070e-01  -7.0046529e-02   5.2885876e-01  -5.5947736e-02  -2.9566643e-02  -3.5558947e-02   1.6588102e-01  -1.0264065e-01   3.1219565e-01  -3.4420376e-01   2.5760947e-01  -3.0707693e-01   1.5896313e-02   2.1775324e-01  -5.0399758e-02   2.2635572e-01   1.1758143e-01   2.6981166e-01   1.6647069e-01  -2.5018627e-01  -9.1747591e-02  -7.1558115e-03   7.4433725e-03   2.9376224e-01  -3.0667826e-03
  -1.7136177e-01   4.3507073e-01   0.0000000e+00  -2.0372436e-01   3.8103063e-01   2.1075056e-01  -1.9195878e-01   2.1760989e-02   1.0751272e-01  -1.6191295e-01   5.2281586e-02   2.4692750e-01  -2.3456315e-01  -2.4303368e-01   2.6187392e-01   1.6428261e-01   8.4872009e-01  -7.9005705e-02   3.1391600e-01   2.5140505e-01  -2.9154808e-01  -2.9198228e-01  -3.1462334e-01   8.2688935e-02   3.1954334e-02   5.5359996e-02   1.8790544e-01   2.6608738e-01   4.1241501e-01  -1.9235103e-01   1.2171206e-01  -2.6817668e-02   4.2314411e-01  -3.8970979e-01  -4.2124895e-01   9.7407349e-02  -2.6571569e-01   2.0571972e-01   1.8501890e-02   2.3213145e-01  -1.1967111e-01   3.5060672e-01   8.9121341e-02  -6.2825312e-02  -1.5097070e-02   1.1547235e-01  -1.6076928e-01   5.7052441e-02  -2.7602287e-01   6.8698256e-01  -2.0286440e-01  -2.9818611e-03  -5.1490002e-02   2.8318718e-01   1.4215700e-01   7.5056445e-02   1.6098871e-01  -2.2058286e-01   1.2490656e-01  -3.1802677e-01   2.8026024e-01  -1.5050384e-02   3.8692864e-01   1.5780641e-01  -1.1823499e-01  -2.1720324e-01   3.7161261e-01   2.3088063e-01  -5.4459243e-02   5.3674882e-01   4.0068872e-01  -3.7808282e-01  -9.0010378e-03   2.6485481e-01  -6.1215690e-03  -9.0942761e-02   2.1037346e-01   1.1265114e-01   4.2827686e-01  -1.8113447e-01   7.4476989e-02  -5.7196868e-02   2.0165379e-01   9.6908934e-02   9.5889294e-02  -1.3811608e-01  -2.2320918e-01   1.3669258e-02   1.8882694e-01  -2.7328888e-01   3.0449357e-01   4.5527450e-01  -6.0447894e-02  -3.4004744e-01  -7.6554892e-02   3.8224942e-01   3.0016116e-02   5.1106522e-02   9.6451779e-02  -4.6235792e-01   1.6540304e-01  -1.9446170e-01   4.7867673e-02  -2.5044713e-01  -4.8683130e-01  -7.2143781e-02   3.5492254e-01   2.6424131e-01  -2.3203656e-01  -3.2761450e-01   1.9307558e-01  -2.5338497e-01  -1.5527649e-01  -2.4009733e-01   2.0122109e-01   1.5432639e-01   2.6399877e-02  -2.7299388e-02   1.8756169e-01  -2.4604851e-01   2.2558421e-01   2.5073258e-01   2.1629350e-01   7.2485005e-03   6.5545133e-02  -5.7103392e-02  -1.0196183e-01  -5.5658216e-02  -2.2887429e-01   5.3200338e-01   1.4537005e-02  -5.2659972e-02   1.1055475e-01  -9.5082190e-02  -3.7970771e-01   2.3895552e-02   1.6937089e-01  -7.8159395e-03  -9.3461875e-02  -2.3575573e-01  -2.2071118e-01   1.4008195e-01  -9.3443785e-02  -8.4017268e-02  -2.8349242e-02   2.6241503e-03   4.9694807e-01  -1.0891088e-01  -4.4637995e-01  -1.9073950e-01   1.3627257e-01   6.6724398e-02   2.1756455e-01  -4.7046913e-02   6.3180505e-01  -9.6378823e-02   6.1259147e-02  -1.7897021e-01   4.2588636e-01   5.7072736e-02   1.3252985e-01  -1.6703542e-01   2.8538229e-02  -3.5300323e-01  -3.7682351e-02   1.5765713e-01  -1.1450965e-02   1.7660226e-01   2.3149907e-01   1.4720169e-01   4.2262853e-03   1.7572646e-02  -2.8947951e-01   1.7193087e-01  -2.4281927e-02   2.1824807e-01  -1.6865005e-02
  -1.8709202e-01  -1.4878232e-01  -2.0372436e-01   0.0000000e+00  -1.3221591e-01   2.7933752e-01   1.3294213e-01   1.7455694e-01   1.0395874e-01   7.6761368e-02   2.5826538e-01   6.0133305e-02  -5.7846367e-02   1.1971990e-01  -1.9645117e-01  -1.2294084e-01  -2.1901656e-01   4.0943864e-01   3.8053523e-02  -1.7664758e-02   2.3846140e-01   5.4146405e-01   3.0926210e-01  -3.7233092e-01   2.0515756e-02   2.5259861e-01   5.5975167e-02  -5.9560669e-03   1.1660331e-01   5.2230715e-01  -1.1543251e-01   4.3795378e-01  -1.9934912e-01   6.0475534e-02   9.2045664e-03   5.3703957e-02   6.3168448e-02  -2.2940668e-01  -2.3280898e-01  -2.1198365e-01  -1.7868624e-01  -2.1018073e-01   2.1687814e-01   7.1945908e-03   2.0751510e-02  -1.2284872e-01   2.2110357e-01  -1.9681814e-02   3.1478894e-01  -3.6084170e-01   3.5214782e-01   1.7592250e-01  -2.4445409e-01   1.1900532e-01  -4.0954543e-03  -2.6727583e-02   3.4969542e-01   4.3055577e-01   4.3035134e-02   4.2736184e-01  -5.2799624e-02   3.1973130e-01  -8.7144694e-02  -8.9249531e-02   1.8299653e-01  -1.0436171e-01   2.4213051e-01   1.6179397e-01   3.1403077e-01  -1.2828098e-01  -3.8927897e-01   6.3528631e-01  -3.5540096e-01  -1.5948411e-01   2.2376295e-01   3.1411700e-01  -2.6238439e-01   2.3982299e-01  -1.3641342e-01   1.5669952e-01   1.8760580e-01  -7.8440881e-02  -1.1325452e-02   1.0508515e-01  -1.4191176e-01   3.8887058e-01   4.3844159e-01   3.4856636e-01   3.3370269e-03   9.2656297e-04   2.0065108e-01  -8.1579850e-02   9.5260649e-02   2.6549711e-01  -7.7410384e-02  -6.9271019e-02   2.4874236e-01   2.9938077e-01   2.2509336e-01   1.7044938e-01  -1.1583387e-01  -3.7427350e-02   1.2657417e-01   5.8938483e-01   4.8372230e-01   5.1050196e-01   3.8270563e-02   2.6029301e-01   1.9404151e-01  -3.0984841e-03  -2.2839102e-01   5.0564715e-01   5.3386827e-01  -1.5844051e-01  -2.6146676e-01  -8.7680060e-02   2.7415576e-01  -4.1356307e-02  -2.3243270e-01   6.8857580e-01  -1.0505236e-01  -3.6756271e-02   1.3413691e-01   1.6499457e-01  -4.5121069e-02   2.2384016e-01   3.3560769e-01   1.3696223e-01   3.3684861e-01  -1.8436642e-01  -3.5412652e-01   8.3906059e-02   1.7155371e-01   9.5466924e-02   4.6566358e-01   2.2267599e-01   3.5474870e-02  -7.5059122e-02   2.4034925e-01   1.5048659e-01   2.2680314e-01  -1.9783886e-01   1.9199161e-01  -1.3580178e-01   1.2840235e-01   2.9555100e-01  -2.3130601e-01  -2.3320091e-01   9.8113872e-02   1.0673771e-01  -2.8058283e-01   1.8828725e-01  -2.2101094e-01   2.7571229e-01  -3.3891558e-01  -2.1407083e-01  -2.1941251e-01   3.5906751e-01  -1.3085655e-01   1.6193749e-01   1.6441302e-01   2.8250240e-01  -2.2594262e-01   5.2500870e-01   4.9828833e-01  -3.6227806e-02   3.6460562e-02  -1.3765307e-01  -2.3182861e-01  -1.6156717e-01   1.1129740e-01  -3.4803925e-02   1.7453252e-01   9.8400419e-02   2.3122506e-01  -1.0192673e-01   3.9406187e-01
  -2.1290491e-01   3.7098781e-01   3.8103063e-01  -1.3221591e-01   0.0000000e+00  -1.0497292e-01   1.0392309e-01  -2.7438886e-01   1.7950188e-01   2.8623800e-01  -2.8267815e-01   4.6803088e-01   2.9251982e-02  -3.8543317e-01  -1.2343496e-01   2.1169723e-01   2.8764816e-01   1.6497058e-01   1.8732059e-02   7.6796546e-01  -2.8728490e-01  -3.8936313e-01  -1.5076263e-01  -1.0214039e-01  -1.2244915e-01  -7.4281779e-02   5.0396349e-01  -1.3069431e-01   1.5101431e-01  -2.6931765e-01  -9.8634118e-02  -2.2162202e-01   6.3074354e-02  -5.1422229e-02  -1.0516863e-01   5.4747258e-01   4.7901410e-02  -5.8163293e-02   1.8435971e-01   4.4115913e-01   2.3900226e-01   1.4410249e-01   2.1187616e-01  -4.9808543e-01   2.0674168e-01  -2.3687243e-01  -5.4589549e-02   3.7533397e-01  -8.5858481e-02   5.0375616e-01   4.9878369e-02  -2.5822745e-01   3.8796767e-01   2.5388469e-01  -8.0432065e-02  -3.3745931e-01  -2.6475479e-01  -3.1922965e-01   1.1805192e-01  -4.0985676e-01  -1.4178588e-01  -1.7338841e-01   2.3699306e-01   6.9398497e-02   3.5263414e-01   4.2016698e-01   3.9591133e-01   4.5870561e-01  -1.8960262e-01   1.6106627e-01   4.8572567e-01  -7.8697865e-02   1.4504204e-01  -3.4765356e-01   3.5004156e-02  -3.3458284e-01  -1.9684239e-01  -1.4958169e-01   7.2827964e-01   4.6493013e-02  -2.6677043e-01   1.3983923e-01  -3.6406496e-02  -2.4445324e-01  -3.7777975e-01  -4.7738715e-01  -1.8016655e-01  -9.7647481e-02   1.2781371e-01  -2.0150984e-01   5.0052665e-01  -1.3034696e-01   1.3139664e-01  -1.1945382e-01  -2.8299857e-01   5.6210144e-01   3.6719951e-01  -2.6843348e-01   3.6206756e-01   3.0582916e-02  -1.5416056e-01  -2.5267353e-01  -3.4051543e-01  -2.9946357e-01  -3.7265339e-01  -2.7579842e-01   8.7762053e-02  -2.4727888e-01  -9.6616691e-02  -1.6975855e-01   3.2226540e-01  -3.6844872e-01  -2.5767050e-01  -2.1948804e-01  -2.0127904e-01   5.9099482e-01  -3.8102906e-01   8.2030875e-02  -2.1881292e-01  -1.1039074e-01  -2.1729241e-01   6.4589987e-01   1.9945061e-01   4.3313573e-01  -3.5245513e-01  -3.9936088e-01   1.7383800e-01   2.2555894e-01  -4.3152993e-01   3.2440707e-01   1.6295365e-01   2.1181847e-01  -2.9138286e-01  -3.0545030e-01  -2.0870496e-01  -3.6422182e-01   8.8984983e-02  -2.3344707e-01  -4.1400331e-01  -1.6930973e-02  -1.2305391e-02   1.7365938e-01  -2.9920579e-01  -2.6945951e-01  -6.1249821e-02  -9.7861054e-02   4.0162832e-01   4.6223964e-01  -9.0559040e-02   8.1403867e-02  -2.6143195e-01  -3.1211691e-01  -8.2805860e-02   1.3950620e-01   5.6602507e-01   2.8831097e-02  -1.3679150e-01   7.2487627e-02  -9.7430653e-02  -2.5453655e-01   2.6653129e-01  -5.5243099e-01   3.3530816e-01  -3.5080299e-01  -1.7007508e-01   3.5292406e-01   2.0428847e-01  -7.4170445e-02  -7.5420882e-02   4.4076145e-01   4.4110708e-01  -2.5704972e-01   1.5326347e-01  -3.2088662e-01  -1.6161736e-01   1.9210652e-01  -1.6781873e-01
   1.8704066e-01  -1.6295567e-01   2.1075056e-01   2.7933752e-01  -1.0497292e-01   0.0000000e+00   2.9053583e-01   2.4835529e-01  -4.1609169e-02  -2.9894900e-01   4.7865107e-01  -3.7704661e-02  -1.3294144e-01   2.1629763e-01   1.3919319e-01   1.6000711e-01   2.3153188e-01   2.7962145e-01   3.8436163e-01  -1.0607324e-01   2.0218287e-01   1.7943156e-01   1.6012955e-01   2.3264847e-01   7.2784776e-02   3.9487115e-01   5.4812813e-02   1.0955608e-01  -3.2888482e-02   3.0010853e-01   6.0497429e-02   1.6624979e-01   2.4855525e-01   2.7210344e-02  -2.7352497e-02   5.5614066e-02  -8.2510327e-02   1.4349618e-01  -1.1029250e-01  -1.5673989e-01  -2.7799450e-02   1.5253226e-01  -1.7862732e-01   2.1882801e-01   3.2189641e-02   3.1442965e-01   2.2788407e-01   1.5817069e-01   9.1856870e-02   4.1589997e-02   2.4625487e-01   3.6204833e-01  -2.8564981e-01   1.3852175e-01   1.1144416e-01   4.0332872e-01   4.2329984e-01   7.5483600e-02   2.1517354e-01   2.2928160e-01   4.0644799e-01   1.8787504e-01   1.6072657e-01   1.0291941e-01  -1.6569470e-01  -2.4810808e-01   5.0520755e-01  -4.9488484e-02   3.5369535e-01   9.0400432e-02  -2.8220713e-01   2.2176436e-01  -8.7575490e-02   3.1013890e-01   8.0190852e-02   2.1633229e-01   3.0258780e-01   6.4006978e-02  -1.9227103e-01  -8.5472960e-02   2.2212536e-01  -1.8910886e-01   3.1503803e-01   3.7552332e-01   1.9456588e-01   3.4042218e-01   1.4695392e-01   2.0057781e-01  -6.8672034e-02  -9.0384242e-02  -6.5678628e-02   3.8233422e-01   1.3275520e-01   5.6188206e-02   1.2037083e-01  -1.8601163e-01  -8.8994055e-02   4.3872344e-01   6.3613199e-02  -5.3812765e-02   1.5012186e-01   2.4389980e-01   2.9286673e-01   1.2265604e-01   2.9876347e-01   2.8634865e-01   1.6795298e-01   5.9476863e-01   2.1210710e-02   7.3978700e-02  -5.5144092e-02   3.4619060e-01   3.5928294e-01  -1.4826283e-01  -3.4257133e-02  -1.2622874e-01   3.3580543e-01   1.6236154e-01   8.4228922e-02   1.9718667e-01   3.2731634e-01  -1.5921890e-01  -1.5685280e-01   3.0179529e-02   1.8788356e-01   3.1909877e-01   1.3861121e-01  -1.8653899e-01   1.4413388e-01  -2.2462308e-02  -6.2410060e-02   9.3665973e-02   1.2289840e-01   1.9677505e-01   1.6860563e-01   3.3160927e-01  -5.2415527e-02   4.3764223e-02   3.5623623e-01  -4.5745413e-02   2.6005961e-01   9.3775870e-02   1.7935702e-01   1.1186949e-01   8.1891353e-02   2.9585808e-01  -1.1371774e-01  -3.0306811e-01   5.7587343e-02  -1.4972440e-01   2.2646309e-01   1.4976414e-01   3.6254499e-01   9.9247546e-02  -2.2933325e-01   5.5735838e-02   3.0957215e-01   7.8629608e-02   4.0179831e-01   2.3529463e-01   2.1517700e-02   2.4539947e-01  -3.0079952e-01   1.8665422e-01   3.4660233e-01   3.7077558e-03   1.2335383e-01  -2.7007380e-02   3.7396656e-01  -2.0373922e-01  -1.7297595e-01   3.2134516e-01  -7.9312705e-02   4.6115455e-01   2.7050967e-01   1.2950130e-01   3.6026692e-01
   1.1758963e-01  -7.3218591e-02  -1.9195878e-01   1.3294213e-01   1.0392309e-01   2.9053583e-01   0.0000000e+00  -3.6923584e-01  -1.9652879e-01   1.3967296e-01   2.8997502e-01   8.7315904e-02   1.3561239e-01   5.5588359e-02   5.4761352e-02   4.5068521e-01  -2.1049324e-01   3.8405815e-01  -1.2733216e-01   2.1318654e-01   3.0770434e-01  -1.9258357e-01   6.0173260e-01   3.3363637e-01  -1.9786583e-02  -1.1478158e-01   3.5668441e-01  -1.8811325e-01  -7.7884309e-02   1.2453163e-01  -3.9392000e-02  -1.2503334e-01   2.3331478e-01   4.7759436e-01   1.1207642e-01   4.4440640e-01   9.6263376e-02  -3.1612910e-02   1.9650895e-01   1.2698198e-01   3.3192795e-01   3.3217796e-01  -4.2424788e-01  -1.0931754e-01   5.3527885e-01  -2.2673725e-01   3.6476678e-01   4.9342882e-01   2.3119228e-01   1.2667862e-01   5.3572880e-01  -2.2348364e-01   2.1590285e-01   2.8875207e-01   3.4911260e-02   7.9458602e-02  -2.6353783e-01  -2.9013096e-01   2.7552383e-01  -1.4421244e-01  -1.5847781e-02   3.1036618e-01  -1.8308864e-01  -9.8326182e-03   1.9632823e-01   3.6368980e-01   2.7771078e-01   1.4060025e-01   1.2235172e-02  -7.9379012e-02  -1.1192221e-01   4.0617126e-01   2.9180546e-01  -1.9962237e-01   1.4089027e-04  -3.6182594e-01  -4.6971676e-02  -1.5190110e-01  -2.5484668e-02   3.3055148e-01  -4.2436091e-02   2.8418714e-01   2.0844153e-01  -2.6800669e-01  -2.4619319e-02  -1.3804115e-01   1.8774573e-01   1.6042609e-02  -2.0243649e-01  -1.1877616e-01  -1.9562018e-01   2.7513916e-02   2.8402700e-01  -1.6010340e-01  -8.9149287e-02  -3.2082658e-01   4.2765829e-01  -2.2291189e-01   2.4896472e-01   3.1839796e-01  -9.6415729e-02   4.3740059e-01  -1.8544517e-01  -2.3508046e-01   4.0700108e-01  -2.0697981e-01   2.6707147e-01  -1.0481411e-01   3.9222979e-01   1.0484258e-01   3.5928822e-01  -6.0719785e-02   1.9371688e-01  -1.8080875e-01   6.1368700e-03   9.9964971e-02  -8.3863010e-02   2.9552455e-01  -1.1287592e-01   1.3858567e-01   1.3116799e-01   2.1319565e-02  -1.2618949e-01   2.7449070e-01  -1.7165811e-01  -1.5505315e-01   3.4468991e-01   1.7555048e-01  -1.2581844e-01  -1.4978336e-01   1.0362091e-01   6.2532889e-01  -3.3054866e-01   1.0110430e-01   7.9828189e-02  -4.0779682e-01   7.9464073e-02   2.0272369e-01  -1.6058287e-01   1.4267960e-01   2.6317645e-01   5.7765205e-02  -1.9288154e-01  -1.1138269e-01   4.3140320e-01   1.5022904e-01   1.1469432e-02   1.3904246e-01   4.1825779e-01   3.2769837e-01   3.3525708e-02  -9.2812964e-02   3.3825605e-01   3.0169198e-01  -2.7789770e-01   2.0303426e-01   1.4730282e-01   4.1584114e-01   1.3601000e-01  -2.8033708e-01   1.1116975e-01  -8.0364142e-02   2.0859812e-03   1.8244546e-01  -1.2923902e-01   2.9110292e-01   4.3852245e-01  -5.7130715e-02   3.4175163e-01  -9.4264261e-03   8.8952791e-02  -5.0128474e-02   3.6816246e-01  -2.2425630e-01   1.6332024e-01   2.9132808e-01  -1.8623588e-01
   1.4126258e-01  -1.3826585e-01   2.1760989e-02   1.7455694e-01  -2.7438886e-01   2.4835529e-01  -3.6923584e-01   0.0000000e+00   6.7489056e-02  -1.2675577e-01   1.0408594e-01  -1.0349422e-01  -8.8951055e-02   3.6779292e-02  -5.4636258e-02  -3.0350580e-01   1.2881748e-02  -1.9334023e-01   1.1070910e-01  -2.6138776e-01  -2.4585551e-01   4.5304928e-01  -3.5095460e-01  -1.3204993e-01  -1.5137747e-01   3.6693946e-01  -4.4709530e-01   2.6092759e-01   6.2051621e-02   9.3433411e-02  -1.0376204e-01   1.2893798e-01  -1.2526828e-01  -1.4636187e-01  -7.7797737e-02  -2.5005131e-01   3.9686354e-02   1.4092423e-01  -1.6598575e-01  -2.2057088e-01  -1.8093246e-01  -3.2309825e-01   1.6058233e-01   2.4561966e-01  -3.0171609e-01   3.5517769e-01  -5.0667889e-02  -3.5867571e-01  -3.1650961e-01  -3.2119689e-01  -1.8973569e-01   3.8428756e-01  -3.3838887e-01  -3.0432920e-01  -2.4233043e-01   1.8664660e-01   3.5398953e-01   3.7162736e-01  -1.3840450e-01   2.3187921e-01   2.3242630e-01  -2.2162035e-01   1.2336674e-01  -8.0085994e-02  -2.2595120e-01  -1.8252621e-01  -2.5643079e-02  -2.4960454e-01   2.2204815e-01   2.3510276e-02  -1.2385877e-01  -9.6578069e-02  -2.7586520e-01   1.1530324e-01  -1.8745040e-01   5.2462810e-01   3.4103886e-01   3.1438507e-01  -1.6508084e-01  -3.0967746e-01   1.8023990e-01  -3.5338359e-01  -6.5633989e-03   6.0429410e-01   1.3181768e-01   3.0062022e-01  -1.5227912e-01  -1.0670734e-02   1.2572546e-01   2.2288729e-01   1.0501000e-01   1.4120567e-01   8.8696704e-02   2.5333433e-01   1.7398714e-01  -2.6941815e-02  -4.2203586e-01   3.6439888e-01  -3.7523058e-01  -1.1903376e-01   4.6240818e-02  -1.4424613e-01   4.2108859e-01   3.2451891e-01  -8.6157127e-02   3.7118043e-01  -2.9282732e-01   5.0782573e-01  -2.6875274e-01   8.4577842e-02  -6.3628020e-02   2.6216364e-01  -4.8837374e-02   1.3308268e-01  -2.0063008e-02  -1.9235499e-01   3.6930513e-01   5.7775075e-03   7.8914669e-02  -7.7779406e-02   1.8117888e-01  -1.5020436e-01  -1.1292464e-02  -1.6533880e-01   3.3771784e-01   2.1598252e-01  -1.8231055e-01  -2.0518538e-01   2.1889308e-01  -2.1702089e-02  -1.8583682e-01  -4.4114181e-01   3.3115507e-01  -7.8214578e-02   9.7230638e-02   6.3031820e-01  -2.9418734e-01  -2.9488739e-01   4.4887134e-01  -1.0240490e-01   1.9626988e-02  -2.2471573e-01   5.4601579e-01   2.5371221e-01  -3.5963364e-01  -9.7610638e-02  -7.4181113e-02  -2.2735058e-01  -8.3939450e-02  -3.7669998e-01   1.6764937e-01   3.3595609e-01  -5.5456526e-02  -1.3972130e-01   5.9215892e-03   2.6770042e-02   7.1100094e-02  -2.1589629e-01   5.9404964e-02   4.1969966e-01  -9.1536864e-02   5.0584755e-01  -2.3071139e-01  -6.5904833e-02   3.2451135e-01  -1.7922414e-01  -7.7809828e-02   1.0313978e-02  -6.0928997e-02  -9.0799348e-02  -7.1773873e-02   2.7043936e-01  -3.1801236e-01   3.5720984e-01   1.5946239e-01  -2.8435689e-01   4.1016360e-01
  -1.2018677e-01   4.6831498e-01   1.0751272e-01   1.0395874e-01   1.7950188e-01  -4.1609169e-02  -1.9652879e-01   6.7489056e-02   0.0000000e+00  -2.3325076e-02  -3.0852723e-01   1.5887942e-01  -3.1374747e-01  -2.1873122e-01  -1.5331741e-01  -3.3113883e-01   9.2208867e-02   2.2702772e-02   3.5635594e-01   4.5114606e-02  -3.6274424e-01   1.4138712e-01  -2.5027667e-01  -3.1720162e-02   1.2510774e-01   1.1767037e-01  -4.6636375e-02   9.0391624e-02   7.1861570e-03  -7.3694216e-02   9.6855935e-02   1.0255893e-01  -1.5304951e-01  -2.1596414e-01  -1.4434844e-02  -2.3272749e-02  -1.4682522e-01  -1.1655767e-01  -4.4318531e-01   1.8677641e-02  -3.1704383e-01  -1.4740316e-01   2.8504519e-01  -2.2353171e-01  -1.6256062e-01   5.3148118e-03  -1.7316921e-01   2.5731776e-01  -3.8283770e-01   9.1934543e-02  -5.4963120e-02   2.8820524e-01   9.7796342e-02  -4.8625021e-02  -1.1747758e-01  -1.9581558e-01   1.1499441e-01   2.3885668e-01  -1.7254576e-01  -5.5286339e-02   2.5062347e-02  -2.1888335e-01   3.9885270e-01   1.8724729e-01   8.2293973e-02  -6.9732691e-03   1.9357072e-01   2.4477052e-01  -8.8418546e-02   1.2500759e-02   3.8728419e-01  -2.2142509e-01  -3.0791146e-01  -1.0163013e-01  -5.6983678e-02   1.4286196e-01  -3.9527347e-02   2.4006496e-01   1.2199695e-01  -1.9817932e-01   1.3248155e-01  -2.4102072e-01  -7.0842631e-02   9.6992214e-02  -2.4945184e-01   6.6932022e-02  -4.4124751e-02   6.4808162e-02   4.2628340e-01  -2.6043293e-01   1.7437885e-01  -1.1485652e-02  -2.7008118e-01   4.0603198e-01  -2.5911535e-01   9.6243378e-02  -1.7557260e-01   2.1570539e-01   1.2972920e-01  -2.0562758e-01   4.2823877e-02  -2.9627872e-01  -8.2845130e-02   3.1869555e-01  -2.3982110e-01   1.5516188e-01  -6.6303532e-02   9.8821304e-02  -8.1447727e-02  -2.4800925e-01  -3.6665749e-02   1.2109903e-01  -9.8287490e-02  -1.3889710e-01  -7.2057337e-02   1.2392393e-01   1.1899830e-01  -3.6223053e-01  -1.2526383e-01   2.2162350e-02  -2.0384150e-03  -7.6860729e-03   3.9156828e-01   2.3377461e-01  -3.2137724e-02  -5.8413894e-02  -2.1336374e-01  -1.1697350e-01   4.3886089e-02   1.1888888e-02  -2.6465512e-01  -2.1231459e-02  -9.1572375e-04  -1.4389876e-01   1.6976767e-01   1.2057191e-01   1.9859460e-01  -9.7205964e-02   8.3941378e-02  -2.1297748e-02   8.0575096e-02  -1.3365553e-01  -1.3493246e-01  -2.2651770e-01  -1.0636770e-01  -8.4890833e-02   2.9273747e-01   1.7261947e-01  -2.2972046e-01  -1.0811475e-02  -6.5445765e-02   6.8035065e-02  -7.9632487e-02   7.1156022e-02   2.6434928e-01  -6.3827627e-02  -4.3590715e-02  -1.4639121e-01   2.4943662e-02   2.6628588e-01   2.6003082e-01  -1.1064420e-01   1.4740816e-01  -2.9645748e-01   4.1719481e-01   1.4582577e-03  -2.3761369e-02   6.2384310e-02  -1.1410455e-01   2.2196206e-01  -9.2440106e-02  -9.0644658e-02  -1.4176218e-01  -8.9793513e-02  -4.5688125e-02  -5.1211119e-02   2.8096536e-01
  -1.8496694e-01  -7.2413249e-02  -1.6191295e-01   7.6761368e-02   2.8623800e-01  -2.9894900e-01   1.3967296e-01  -1.2675577e-01  -2.3325076e-02   0.0000000e+00  -4.1815638e-01   3.4018790e-01   2.4404185e-01  -2.4035977e-01  -1.8617227e-01   6.4660607e-02  -2.3073173e-01  -4.8172559e-02  -1.4239907e-01   3.5213271e-01  -5.9475730e-03  -1.6648095e-01   2.4033598e-01  -1.6841607e-01  -2.4047359e-01  -2.1413666e-01   2.3934146e-02  -1.9102149e-01  -4.4845799e-03  -1.8847634e-01  -1.4936716e-01  -2.9840581e-01  -2.9687815e-01   3.8329599e-01   8.1453009e-02   7.9299342e-02   1.5791415e-01  -2.6907877e-01   1.3607163e-01   2.5797611e-01   2.1283209e-01  -2.1854456e-01   9.2630333e-02  -3.6816801e-01   2.6851155e-01  -4.1322324e-01  -2.7771792e-01   2.0667008e-01   1.6356983e-01  -1.7451228e-03   2.1982075e-02  -1.8566122e-01   2.7722216e-01   1.0416481e-01  -1.9931616e-01  -2.7511920e-01  -1.5592356e-01  -1.4480918e-01  -2.1781825e-01  -1.6519443e-01  -5.7593449e-01  -4.0902565e-02  -2.0737939e-01   1.6201414e-02   4.9456399e-01   5.7543706e-01  -1.1060921e-01   2.3583456e-01  -3.2814051e-01  -7.0334480e-02   2.5548321e-01   6.3707794e-03   3.0332344e-02  -3.9200216e-01  -3.4954323e-05  -1.6253001e-01  -4.7296483e-01  -6.4655153e-02   2.9223454e-01  -2.2632820e-02  -2.2832116e-01   7.4081071e-02  -8.1405500e-02  -2.9781222e-01  -2.0714368e-01  -3.1491996e-01   3.0373477e-01   4.8944334e-03  -6.2892706e-02   8.7940035e-02   2.2679425e-01  -5.8547804e-01   5.0479764e-02  -2.4692177e-02  -2.1685009e-01   3.5982442e-01   2.1263717e-01  -2.5615922e-01  -1.9814189e-03   2.8699882e-01  -5.1687514e-02  -1.7829177e-02  -2.6166419e-01  -1.0203047e-01  -1.1086948e-01  -2.6426089e-01  -1.8173574e-01  -3.8565196e-01   4.1757245e-01   5.6316697e-02   3.2837801e-01  -3.4624281e-01  -1.8754682e-02  -2.6741685e-02  -8.6727684e-02   3.0670452e-01  -2.8018090e-01   2.2270854e-01  -1.1707456e-01   5.5972192e-02  -4.3217767e-01   4.4262927e-01   1.5338221e-01   3.2199181e-01  -3.1493593e-01  -1.5626235e-01   1.8254667e-01   2.8110192e-01  -2.7568918e-01   4.3541840e-02  -1.0893174e-01   2.1786689e-01  -2.5025569e-01  -2.0256567e-02  -2.4423653e-02  -2.4302121e-01  -1.3308966e-01  -1.0887052e-01  -3.3474460e-01   2.4529165e-02   6.3312669e-02   6.2704096e-02  -3.8120403e-01  -2.3481477e-01   2.1696852e-01  -8.2589078e-02   3.0304366e-01   4.5336403e-01   1.0341098e-01   4.4181023e-01  -3.0135598e-01  -1.2715687e-01  -4.9938899e-01   2.7038777e-01   1.0324925e-01  -8.6104255e-02  -4.0273172e-01   7.3412647e-02  -6.0478075e-01  -2.1169724e-01   2.3657757e-01  -3.2550309e-01   5.0518236e-01  -1.2967234e-01  -1.4111784e-01   1.6576277e-01   4.6590917e-02  -2.8079114e-01  -3.2867642e-01   3.2469159e-01   3.8866513e-01  -2.3620037e-01   1.2487845e-01  -3.3357114e-01   8.8912264e-02  -1.0456876e-01  -1.5770067e-01
   4.4112742e-02  -1.8705580e-01   5.2281586e-02   2.5826538e-01  -2.8267815e-01   4.7865107e-01   2.8997502e-01   1.0408594e-01  -3.0852723e-01  -4.1815638e-01   0.0000000e+00  -3.3617717e-01  -4.8365756e-02   3.3116840e-01   3.6387186e-01   2.0232859e-01   1.0349508e-01   4.1682748e-01   3.6888725e-02  -2.5253667e-01   4.7580052e-01   2.3969952e-01   1.9691851e-01   2.7254086e-01   3.4414612e-02   1.3609780e-01   1.4101602e-01  -4.0533398e-02  -5.2430564e-02   4.6480064e-01   3.1562865e-01   2.0589652e-01   3.4213139e-01   2.2871223e-02  -1.9958579e-01   1.8373194e-01  -2.1122716e-01   6.5832672e-02   5.1482256e-02  -1.7270792e-01   6.0818664e-02   2.7655710e-01  -3.5973847e-01   5.1560723e-01   5.8039298e-02   2.0968044e-01   5.7859627e-01  -7.2832191e-02   1.0240168e-01  -3.3949745e-02   2.8927142e-01   2.1370621e-02  -1.5083440e-01  -6.9305241e-03   1.2109582e-01   5.2793009e-01   2.2037495e-01   1.0233642e-01   3.1922643e-01   2.6420938e-01   3.3035634e-01   2.5426787e-01  -2.2073913e-01   1.3909307e-01  -2.8985939e-01  -3.7682204e-01   1.9738680e-01  -1.8898634e-01   5.6115835e-01  -8.4579100e-02  -4.6853878e-01   4.0448442e-01   8.5529705e-02   1.5175589e-01  -8.3241129e-02   1.7843921e-01   2.3132537e-01   2.4113099e-02  -2.7498118e-01   1.4432184e-01   2.5372947e-01   1.2091531e-01   4.4457313e-01   2.2309595e-01   2.3748966e-01   3.8246326e-01   2.1572503e-02   1.3007342e-01  -2.9112936e-01  -1.4406458e-01  -2.6151122e-01   3.5172273e-01   2.2888050e-01  -1.4225245e-01   1.0103584e-01  -4.2305336e-01  -6.9465361e-03   1.5902760e-01  -2.4731116e-02  -1.6876563e-01  -5.5237665e-03   4.0848161e-01   3.7765105e-01   1.0180646e-01   3.7272983e-01   3.5249159e-01   2.2793155e-01   3.7350546e-01   1.1922907e-01   6.0910373e-02  -1.2035645e-01   3.3189100e-01   2.5683702e-01  -3.0375487e-01   1.0907958e-01  -2.3736135e-01   2.7172681e-01   1.9208603e-01   3.4383633e-01   1.8277442e-01   2.7220228e-01  -4.0762598e-01  -3.6710455e-01  -4.4976648e-02   1.8574713e-01   3.3475389e-01   2.1113283e-01  -2.4867415e-02   2.8041129e-01  -4.9938457e-02   1.4149112e-01   2.5988278e-01   2.3611272e-01   4.6093592e-01   1.0722781e-01   2.3008480e-01  -2.7623751e-03   3.3908924e-01   2.5367339e-01  -1.0871179e-01   7.5238520e-02  -2.4140431e-02   3.5399240e-01   4.0804075e-01   3.0400986e-01   4.0243588e-01  -3.2953506e-01  -3.7823315e-01   2.1033060e-02  -1.3858594e-01   1.8414995e-01   3.6629704e-01   3.7755624e-01   2.2105199e-01  -2.8095509e-01  -2.6080339e-02   2.3846885e-01   1.4432298e-01   4.3058076e-01   1.0828511e-01  -1.5923487e-01   5.2047364e-01  -3.6658903e-01   4.4935833e-01   1.9294768e-01  -6.1289167e-02   1.7534070e-01   9.7609839e-02   2.9392071e-01  -3.6886244e-01  -1.9372527e-01   2.5631751e-01   1.4241348e-01   3.6623619e-01   1.5537294e-01   2.4440559e-01   1.1039114e-01
  -2.1903811e-01   2.2963387e-01   2.4692750e-01   6.0133305e-02   4.6803088e-01  -3.7704661e-02   8.7315904e-02  -1.0349422e-01   1.5887942e-01   3.4018790e-01  -3.3617717e-01   0.0000000e+00   1.3505107e-01  -4.3516531e-01  -5.4933265e-02   1.1262968e-01   6.4416074e-02  -4.4119368e-02  -6.5070771e-02   5.5579182e-01  -1.2536190e-01  -8.0719106e-02   2.6488029e-03  -2.1768240e-01  -2.3716700e-01  -1.0818913e-01   2.7784019e-01  -2.1307879e-01   1.4847264e-01  -1.9652910e-01  -1.4829158e-01  -1.1649857e-01  -8.8447269e-02   1.5743324e-01   9.1775249e-02   2.8640439e-01   1.2375159e-01  -2.4537338e-01   9.4907591e-02   3.4740260e-01   2.3950573e-01  -4.2826853e-02   2.7716971e-01  -4.0674938e-01   1.0413672e-01  -3.2965820e-01  -1.5720093e-01   3.5166349e-01  -1.9894062e-02   2.7888817e-01  -8.2405303e-02  -1.7085484e-01   2.5097554e-01   3.5819337e-01   2.1707672e-02  -3.1739924e-01  -9.7121341e-02  -1.4353507e-01   1.8684472e-02  -1.4808309e-02  -3.9406706e-01  -2.5989439e-02   2.1038431e-01   2.5156711e-02   3.8803576e-01   4.6971013e-01   3.1494460e-01   2.7212523e-01  -1.8379007e-01   1.7265590e-01   4.7584059e-01  -1.4217175e-01   1.7784905e-01  -1.7220965e-01   1.4908186e-01  -1.4043787e-01  -3.1661199e-01   1.4709346e-01   6.0298015e-01  -6.5794914e-02  -1.7139307e-01   1.0277695e-01  -8.8274868e-02  -1.6581832e-01  -3.9154533e-01  -1.9454577e-01   8.1547139e-02   1.4532250e-01   8.8124114e-02  -1.8355134e-01   5.5307978e-01  -2.7074884e-01   1.9796302e-01   1.9190530e-01  -3.1931401e-01   5.3391668e-01   1.7019533e-01  -4.3555861e-02   2.9102135e-01   1.4325832e-01  -1.7304460e-01  -2.1434114e-01  -1.7738647e-01  -2.3406391e-02  -2.4988920e-01  -4.0850756e-02   1.1653717e-01  -6.4314469e-02  -1.7048341e-01  -1.9147987e-02   2.0994451e-01  -1.0781741e-01  -1.9403929e-01  -2.5634588e-01  -1.4942196e-01   5.1903474e-01  -2.1343183e-01   2.9617289e-01  -2.6338024e-01  -9.1567868e-02  -2.3031690e-01   6.3579410e-01   3.4662310e-01   3.6372821e-01  -2.9790672e-01  -6.6339929e-02   1.7950391e-01   1.0325368e-01  -3.6943842e-01   2.8477064e-01  -4.8946878e-02   8.4699365e-02  -1.3677310e-01  -2.5596318e-01  -1.1524783e-01  -1.6312849e-01  -1.0874480e-01  -2.5002554e-01  -1.2158626e-01  -4.0616038e-02   1.6326074e-02   8.6502948e-02  -3.7679973e-01  -2.4213181e-01  -1.1742777e-01   1.8343824e-03   5.4265352e-01   4.1403488e-01   2.4813969e-02   1.8544772e-01  -4.2541517e-01  -1.6672669e-01  -2.3466158e-01   1.3646800e-01   4.4243313e-01  -1.5946947e-01  -3.0900954e-01   2.4024589e-01  -3.4227534e-01  -1.9405597e-02   2.4445543e-01  -3.8700898e-01   2.0234358e-01  -2.4414564e-01   2.2075032e-02   4.2228451e-01   2.2136543e-02  -1.9571254e-01  -2.9468959e-01   4.5174042e-01   5.3751548e-01  -1.6936275e-01   5.2500773e-02  -2.9458866e-01   1.7805257e-01  -9.7279086e-02   1.6384268e-02
   1.0058208e-01  -2.2041181e-01  -2.3456315e-01  -5.7846367e-02   2.9251982e-02  -1.3294144e-01   1.3561239e-01  -8.8951055e-02  -3.1374747e-01   2.4404185e-01  -4.8365756e-02   1.3505107e-01   0.0000000e+00   2.0916932e-01  -1.0890846e-01   3.7604629e-01  -3.3149931e-01  -1.4059513e-02  -2.4755905e-01   7.8510000e-02   1.5785730e-01  -8.5989275e-02   2.5863058e-01  -9.2832493e-02  -9.4668778e-02  -7.7930521e-02   2.9070977e-02  -9.9207975e-02  -1.6778085e-01  -1.7280201e-02   8.6812904e-02  -3.3947391e-02  -6.9611054e-02   3.9176420e-01   2.9296120e-01   9.4636354e-02   3.5334744e-01  -2.8900645e-01   5.9715355e-01  -2.4208323e-02   6.5151738e-01  -6.0279566e-02  -1.4690999e-01  -9.7502870e-02  -2.6418322e-02  -3.8041628e-01   1.1685268e-01  -1.1919041e-01   2.1416082e-01  -1.6483171e-01   7.9883188e-02  -8.9638292e-02   1.0354909e-01  -1.1331873e-01   2.8329640e-01  -2.7601892e-02  -2.0384986e-01  -1.3906083e-01   2.2114466e-01   1.2807363e-01  -3.7934746e-01   1.9917179e-01  -1.5182425e-01  -1.7898607e-02   1.4839225e-01   2.7267044e-01  -1.0843198e-01  -5.8907461e-02  -4.9918931e-02  -3.2418024e-01  -1.7473158e-01   8.4047251e-02   5.4284045e-01  -2.2167157e-01  -2.1539915e-02  -1.5263785e-01  -3.2603753e-01  -1.6448521e-01  -5.0190390e-02   2.7061572e-01  -6.9932471e-02   4.2127727e-01  -9.2271976e-02  -2.1758527e-01  -1.2531542e-01  -2.3574996e-01  -1.0235765e-02   7.1461935e-02  -3.0134195e-01   1.7612220e-01   3.8189840e-02  -3.2632550e-01   2.7209025e-01   9.0862636e-02  -1.0200305e-01  -6.0233155e-03   2.4930781e-01  -2.8263000e-01  -1.8626082e-01   4.2261228e-01  -2.3993453e-01   2.0092786e-01  -9.8813354e-02  -5.7880963e-02   1.2581117e-01  -2.1431033e-01  -1.5639880e-01  -3.3383871e-01   1.9385205e-01   2.3249248e-01   4.8894853e-02  -6.2460764e-03  -4.8428025e-02   1.1601666e-01  -6.6214293e-02  -5.0085726e-02  -2.1022828e-01   5.5054616e-01  -1.6947840e-01   4.7358731e-02  -3.2962612e-01   1.0937901e-01   5.7654497e-02  -2.2070233e-02  -3.6065874e-01   1.1666766e-01   2.1111727e-01   3.9801358e-01  -8.7257054e-03  -2.7439180e-01   3.6482245e-01  -6.7628350e-02  -1.7040961e-01  -4.3753002e-02  -7.2221648e-02  -1.3039295e-01  -1.4477515e-02  -1.4224916e-01  -6.1813068e-02   1.7390698e-01   1.4707288e-01   2.0051514e-01  -1.0591016e-01   1.5624832e-02  -1.1264933e-01  -1.1338542e-01  -1.6905280e-01   9.6708877e-02   3.0491708e-01   3.5986311e-02  -2.4832885e-01  -1.8920584e-01  -1.6757805e-01  -1.5550969e-02  -1.0895038e-01   6.7246108e-02  -1.3788290e-01   3.5614974e-01  -2.8815795e-01  -9.9133221e-02  -1.7659897e-01  -8.3663109e-02   3.0124732e-02   3.4572817e-02  -2.2744775e-01  -7.4865910e-03   3.8703802e-02  -7.5312485e-02  -1.8449970e-01   4.9468775e-02   2.3085346e-01  -2.2391783e-01   1.8919244e-01  -2.0036691e-01  -1.6376153e-01   1.4833387e-02  -3.1832178e-01
   1.8463831e-01  -3.2545884e-01  -2.4303368e-01   1.1971990e-01  -3.8543317e-01   2.1629763e-01   5.5588359e-02   3.6779292e-02  -2.1873122e-01  -2.4035977e-01   3.3116840e-01  -4.3516531e-01   2.0916932e-01   0.0000000e+00   2.0648555e-01   8.1220417e-02  -1.6351561e-01   2.5169650e-01  -1.6122995e-02  -5.2276286e-01   4.3953509e-01   1.5290164e-01   3.6527591e-01   3.8889509e-02   2.2581547e-01   1.4458047e-01  -1.2444247e-01   2.3245690e-01  -3.3081334e-01   3.1290527e-01   3.6115370e-01   1.7776752e-01   9.4451399e-03   1.7689853e-01   1.7224172e-02  -2.2490208e-01  -8.2411564e-02   3.2303686e-02   6.6624679e-02  -2.7076424e-01   8.0532348e-02  -1.6046537e-01  -2.8028844e-01   5.5936419e-01  -1.1892985e-01   9.1510335e-02   1.6197680e-01  -2.1175784e-01   2.6396116e-01  -2.2371855e-01   2.3408350e-01   1.8457387e-01  -2.6599848e-01  -1.6200504e-02   3.5418686e-01   4.3575515e-01   5.1290486e-02  -5.5251577e-02   8.3721905e-02   2.8386969e-01   1.0683294e-01   2.7363483e-01  -2.6036450e-01  -1.6771412e-02  -1.0215569e-01  -3.4484316e-01  -1.2259058e-01  -3.1933950e-02   2.8470768e-01  -2.2479839e-01  -5.1641925e-01   2.0519795e-01  -5.8922369e-02   2.4307299e-01   1.0551556e-01   1.0493184e-01   8.4441243e-02  -6.0321181e-02  -5.1329165e-01   3.3111832e-01   4.2330230e-01  -1.1677109e-01   2.2434625e-01   3.2333822e-01   4.3287664e-01   2.5845379e-01   3.0455846e-01   3.1321372e-01  -3.3117526e-01   3.4415710e-01  -3.4254399e-01   1.7631188e-01  -5.7969762e-03  -4.6650440e-02   1.7956569e-01  -4.4023145e-01  -7.5615722e-02   6.2015322e-02  -1.4831046e-01   2.9120359e-02   1.5867776e-01   3.6540864e-01   4.3671201e-01   1.8638927e-01   4.0847189e-01   5.8742212e-02   3.9963906e-02   6.0377552e-02   2.9680012e-01   1.0872832e-01  -3.0141203e-01   1.8680742e-01   2.7032295e-01   1.2494743e-01   2.5821956e-01  -3.7159400e-01   2.0375307e-01   6.0723323e-02   3.7868254e-01   2.2359402e-01  -3.1514996e-02  -5.3420129e-01  -3.3606510e-01  -1.7528534e-01  -8.7790503e-03   4.5849933e-01   2.1866512e-01   1.9886460e-01   1.0413741e-01  -2.9010298e-01  -8.7500354e-02  -9.6998499e-02   4.5113838e-01   3.6994782e-01   1.3827623e-01   4.9766563e-02   4.0548181e-02   3.5758033e-01   1.0796845e-01   7.4528406e-02   2.1989511e-01  -1.5500911e-01   2.0437147e-01   2.6506453e-01   1.6164501e-01   3.7660876e-01  -3.8496610e-01  -4.2050927e-01   1.1561451e-01  -2.4785865e-03   2.0701360e-01   3.2888000e-01   1.7749935e-02  -3.7435008e-02  -4.4792052e-01  -4.6501547e-02   1.4565935e-01   3.9476023e-02   1.4025823e-01   2.0281937e-01  -2.6073690e-01   2.7563631e-01  -1.6974418e-01   4.2748265e-01  -1.8740254e-02  -2.9000323e-01   1.1903690e-02   3.0127820e-01   1.3400386e-01  -3.8679165e-01  -2.6462601e-01   1.0281052e-01  -4.7830316e-02   2.7542893e-01   1.5979444e-01  -1.1991506e-01   1.6928488e-02
