   0.0000000e+00  -1.5778356e-02   1.8743453e-01  -2.3547549e-01  -1.4203124e-01  -8.5712408e-02  -1.6450870e-01  -2.5554193e-01   4.2434770e-03  -2.8061257e-01  -2.6494288e-01  -1.2687673e-01  -3.1755550e-01   5.8001476e-01  -2.6305004e-01  -9.8657460e-02  -1.1465008e-01  -2.6472312e-01  -1.0446924e-01  -2.1464235e-01  -1.2790405e-01  -9.5601038e-02  -2.1442669e-01   5.1055689e-01  -1.5217014e-01  -2.5372870e-01  -2.0008714e-02   2.2122083e-02   2.5953144e-02  -3.0945120e-01  -5.7885977e-02  -1.6822766e-01  -1.9278510e-01  -2.5748718e-01  -1.2173934e-01  -1.7546394e-01  -2.3047724e-01   4.5664973e-01   6.8147574e-03  -6.8728367e-02  -3.0622418e-01   1.3604822e-01  -1.2140700e-01  -9.8355445e-02  -3.9116048e-01   1.7549182e-01  -9.0082833e-02  -1.7140767e-01  -1.7772430e-01  -6.6981763e-02  -4.0902814e-01  -3.1259755e-01  -1.5478179e-01  -3.7782653e-02  -1.4505509e-02  -1.8194298e-01  -6.9394762e-02  -1.6848681e-01  -3.9878741e-01  -1.7490015e-01   9.0317894e-02  -2.7791103e-01   7.0117721e-02  -1.1634152e-01  -1.2739697e-01  -2.8682892e-01  -2.8016652e-01   7.1085630e-02  -2.9449469e-01   4.1401564e-01  -1.0963800e-01  -1.6130069e-01  -2.7164569e-01   3.8000504e-01  -8.9405875e-02  -1.9230948e-01   3.7150902e-01  -1.4567370e-01  -4.0365605e-03  -2.6267144e-01  -1.5608233e-01  -3.2385109e-01  -5.0513753e-02  -1.3884839e-01   4.8134761e-01  -1.8537960e-01  -9.8598520e-02   1.5661238e-01  -1.1651529e-01   6.8271449e-01  -1.0707208e-01   3.6017120e-01  -1.0135994e-01  -7.3804844e-02   3.9479773e-01  -1.9558973e-01  -3.0423576e-01  -2.2803687e-01  -1.8181316e-01  -1.3105475e-01   2.9456162e-01  -3.8456312e-01   9.7840662e-02  -6.7780041e-02  -4.3498304e-01  -5.8361248e-02  -4.3661336e-02  -2.3159995e-01  -2.4179329e-01  -1.5604922e-01  -8.0034912e-02  -2.0722359e-01  -2.9096115e-02   7.0168110e-01   2.2210671e-01   4.5415109e-02  -1.4177168e-01  -4.4506906e-01   5.2785743e-01  -2.4503213e-01   5.7053136e-01  -1.6901956e-01  -9.7954948e-02  -2.2132347e-01   4.6266755e-01   2.4329782e-01  -3.8274325e-01  -1.1455899e-01  -2.8443660e-01   9.1385830e-02  -3.4709137e-01  -7.2999005e-02   4.0895725e-01  -4.8067143e-02  -1.8777346e-01  -1.0674563e-01  -1.7897740e-01   1.1423650e-02  -1.2000174e-01   5.2547058e-01   5.5668139e-01  -5.5460954e-02  -3.0126559e-01   3.2024829e-01  -2.0125180e-01  -2.2995084e-01  -1.7604672e-02  -1.4061625e-01  -9.9555150e-02  -1.2562335e-01   5.7841069e-01   8.5676075e-02   3.3048399e-01  -6.4301456e-02  -2.6547500e-02   6.6223017e-01   5.8496626e-01  -4.4185178e-01   2.7416722e-01  -1.7946148e-01  -3.8730912e-02  -2.9245652e-01  -3.4455696e-01  -4.2512418e-01  -3.1540157e-01  -9.9836844e-03   2.6691085e-02   1.0636020e-01   3.6185119e-01  -2.3354798e-01   1.3696804e-01   5.7335478e-01  -1.1407172e-01  -1.5886080e-01   8.6243519e-02  -2.1666720e-02  -3.5514074e-01
  -1.5778356e-02   0.0000000e+00  -5.4653401e-03   9.4486816e-02  -1.2832509e-01   2.6234912e-03   1.7396443e-01   3.8045249e-01   3.9385709e-01  -4.3103831e-01  -5.6518114e-02   6.7627777e-01  -1.3681225e-01   1.9548513e-01  -1.9168878e-01  -4.2165312e-01  -2.4552078e-01  -2.5685641e-01   1.6969767e-01  -3.3249780e-01  -2.7528417e-01   3.7156251e-01  -2.6180256e-01   1.4283814e-01   1.8001633e-02   3.1115169e-01  -4.1612561e-01   2.6715702e-02   7.1533073e-02   6.2414023e-01  -1.0530566e-01   4.0867627e-01  -1.3130690e-01  -2.0218632e-01   1.0760255e-01  -3.0013664e-01  -2.4523057e-01  -6.0556624e-01  -5.0018930e-01  -3.8973836e-01  -1.0582658e-01  -3.3739061e-01   1.5700112e-01   3.2231312e-01  -3.9248902e-01  -1.2881272e-01  -1.3024101e-01  -7.1483228e-02  -3.9306491e-01  -1.5225483e-01   4.3453084e-02   3.1195338e-01  -2.2420121e-01  -2.3206246e-02  -3.0562297e-02  -2.9236489e-02   3.2329123e-01   4.7208707e-01  -5.4942225e-02   5.9600084e-01  -3.3053764e-01   5.2699849e-02   3.4565776e-01  -3.7570017e-02  -1.2342294e-01  -1.5082699e-01  -4.9063778e-02   2.3654576e-01   3.3855651e-01  -2.1754989e-01  -2.5138509e-01   3.6848180e-02  -4.6950991e-01   5.2052393e-01   3.7400057e-01   3.1222246e-01  -2.8857295e-01   2.7117353e-01  -6.9568661e-02  -8.4987407e-02   9.4833661e-02  -4.7236987e-01  -3.3327538e-01   3.8780409e-01   2.9275970e-01   3.1473952e-01  -9.2216685e-02   3.5361373e-01   2.1642373e-01  -7.5517914e-02  -1.2250458e-01   2.4981843e-02  -1.6180305e-01   5.6694957e-01  -3.8287712e-01  -1.7540009e-01  -9.0857096e-02   2.4034157e-01  -1.1972306e-01  -4.0433527e-01  -1.9976759e-01  -5.9172580e-02   4.6187683e-01   5.8019139e-01   3.9985983e-02   3.8181654e-01  -9.9925043e-03   4.4066875e-01  -3.4344856e-01  -5.4298401e-02  -1.5612183e-01   4.9571261e-01  -1.3716010e-01   1.1044470e-01   1.5698164e-02  -2.3499057e-01   1.2304612e-01  -2.1829081e-01   1.1783637e-01  -1.4016647e-03   8.5839676e-02  -2.4203939e-01   3.9517952e-01  -9.8457139e-02  -2.9333968e-02   5.4441086e-01   8.7770357e-02   1.7414190e-01   3.6982427e-01  -2.8756813e-01  -3.3129687e-01  -2.8150268e-01   5.0425530e-01  -3.1438909e-01   2.1645767e-01   3.4482675e-01  -1.1645864e-02  -1.3628651e-01   2.9458797e-01  -4.8386256e-01  -1.5743657e-01  -7.5437178e-02   1.9628967e-01   1.3871682e-01  -8.1603303e-02  -8.0004951e-03  -1.9267388e-01  -1.3281757e-01  -1.3824802e-01  -3.8655663e-01   1.4486012e-01   3.2857089e-01   2.1125332e-01  -1.4594994e-01   1.6957350e-01  -3.4935159e-01   7.4264284e-02  -2.1464153e-01   8.0375443e-02   3.6148252e-01   3.5974123e-01   1.6888321e-01  -2.9709763e-01   2.0168056e-01   3.7293187e-01  -3.3338926e-01  -1.6296804e-01   2.5304188e-01   7.0209067e-02   2.1170400e-02   4.1226286e-02  -1.5599133e-01   1.9010593e-01   3.1416663e-01   9.5396018e-02  -2.3562138e-01   3.3916855e-01
   1.8743453e-01  -5.4653401e-03   0.0000000e+00  -6.2212368e-02   8.9964054e-02   3.2520401e-01   1.1374133e-01  -8.9172870e-02  -2.0550922e-02  -7.8015193e-02  -1.1245695e-01  -9.3037095e-03  -9.8434192e-02   6.4303481e-03  -2.1314380e-01  -1.0825739e-01   3.8822790e-01   5.1214360e-02   3.2459119e-03   5.7278680e-02  -2.3042904e-01  -9.6168932e-02  -1.2428330e-01   1.9355740e-02   8.7301810e-02  -9.1130957e-02  -1.5740183e-01  -5.3700635e-02   8.3476722e-02  -2.3310765e-01  -3.2476223e-01  -1.9804481e-01  -1.7822475e-01  -3.3186091e-01  -1.1685482e-01   8.5590572e-02  -1.8821236e-01   5.9699790e-02  -1.9720733e-01   6.4234678e-02  -1.8361024e-01   2.5655770e-01   1.3243042e-01  -1.2249989e-01  -4.5013424e-02   2.8220468e-01  -4.5569046e-02  -3.1069440e-01  -1.1950408e-01   3.4383344e-01  -2.0009692e-01  -1.0593644e-01  -1.8301056e-01   1.0385182e-01  -1.0547706e-01   1.3019135e-01  -2.9035701e-02  -3.0648326e-02  -2.1609093e-01  -1.0467699e-01   2.5528483e-01   7.2986842e-02   2.1861069e-01  -2.8730845e-01  -2.0512240e-01  -5.3640711e-02   9.9950461e-02   1.0793777e-01  -1.7977597e-02   4.8632818e-01  -2.0709256e-01   6.7103702e-02  -1.6950416e-01   2.0807399e-01  -2.6684358e-03  -1.5106242e-01   3.5502244e-01  -3.0512563e-02   2.4909506e-01  -5.9722170e-02   1.4580512e-02  -6.7528118e-02  -2.3709825e-01  -1.2136194e-01   3.4171419e-01  -2.6141348e-01  -2.8226979e-01   8.2866459e-02  -9.6630388e-02   2.3529706e-01   5.3945854e-02   5.2683798e-01  -1.8909827e-02  -3.4277441e-02   6.5928393e-02   1.9946603e-01   7.0048223e-02  -1.0427260e-01   2.1256717e-01   6.0887932e-02   1.5796316e-01  -6.1619332e-02  -1.6778147e-01  -8.8486446e-02  -1.4874047e-01  -5.5206109e-02   4.5042584e-02  -4.4407589e-02  -1.4417066e-01  -2.3329178e-01   1.2155028e-01  -1.1842762e-01   1.4379080e-01   2.2840643e-01   4.9675806e-02  -1.4516643e-01   8.3763059e-02  -7.5443537e-02   2.7914865e-01  -1.1657933e-01   3.6799170e-01   2.1730660e-01   1.0596216e-01  -7.0548118e-02   2.3578823e-01   9.9155356e-02   3.4186077e-02   1.3916786e-01  -1.6452388e-01   1.2723496e-01  -2.1201500e-01  -1.3409855e-01   1.3140688e-01  -2.7346824e-01   7.9669856e-02  -2.0489711e-01  -1.2782269e-02  -2.2205484e-01  -1.5400250e-01   1.6977141e-01   1.1529360e-01  -9.7685018e-02  -5.6601164e-02   2.4453632e-01  -2.0447858e-01  -2.5479925e-01   6.6719193e-02  -3.0491810e-01   4.6576899e-02  -1.9932556e-01   3.7091203e-01  -1.7073027e-01   4.4080664e-01   3.4551763e-02   4.4668275e-01   1.6877391e-01   3.2318893e-01  -3.3023636e-01   5.0377575e-01  -1.2213403e-01   6.5033677e-02   7.5378982e-03  -1.5036466e-01  -2.0029976e-01  -1.2397370e-01   2.6446999e-02  -2.0371273e-02  -1.4001032e-01   3.1180391e-01  -1.0908131e-01   3.2671477e-01   1.7193524e-01   5.5991749e-02   2.5902358e-01  -1.1394939e-02   2.3777360e-01  -8.6266773e-02
  -2.3547549e-01   9.4486816e-02  -6.2212368e-02   0.0000000e+00   7.3012660e-02   1.8349033e-01  -4.5322830e-02   1.4333204e-01   1.2436108e-01  -5.2152565e-02   8.1185709e-02   2.6268084e-01   3.0570779e-01  -7.2830934e-02  -2.5011395e-01  -1.9663702e-01  -5.3742061e-02   3.9135879e-01   1.0944590e-01   4.2457013e-01   1.8321311e-01   5.2937939e-01   1.6062222e-02   8.2435857e-02   2.2319316e-01   1.0915795e-01  -8.7379474e-02   1.0668988e-01   2.0522922e-02   3.1658049e-01  -1.1206444e-01   4.4328647e-01  -3.0793513e-01  -2.1395452e-01   3.3575299e-01   1.9870651e-02   6.3982343e-02  -1.8127683e-01  -1.9081021e-01  -2.6867450e-01   2.9365872e-01  -2.5807734e-01   1.8393492e-01  -2.4631784e-01   6.7197594e-02   4.3124981e-02   2.8709498e-01  -1.2965610e-01  -3.1999054e-02  -4.7971610e-01   3.4539047e-01   2.3619530e-01  -2.6502982e-01   2.9636167e-01   2.8870773e-01  -1.5028015e-01   2.0871185e-01   2.5811497e-01   2.1724239e-01   2.8280034e-01   1.0608062e-01  -3.0406383e-02   2.5180631e-01  -2.8891636e-01   6.2177465e-03  -4.0732511e-02   1.4606766e-01  -3.2719805e-01   3.6125382e-01   1.1258711e-01  -2.5128792e-01   6.6950627e-01  -3.5046453e-02   4.3103575e-02   3.1089490e-01   2.2935273e-01  -1.3497633e-01  -1.8846725e-02  -4.1784599e-02   4.3016680e-01   7.7406023e-03  -1.8696852e-01  -3.7020987e-01   1.1876622e-02  -8.5856456e-02   2.5327417e-01   9.9029062e-02   2.1712515e-01   3.0482855e-01  -2.1532242e-01  -9.3976669e-04   1.6538278e-01  -1.6697152e-01   3.4438449e-01  -4.1445379e-02  -9.9511441e-02   4.0429230e-01   6.2799934e-02   3.1483061e-01   2.6124392e-02  -2.2005777e-01   6.5785663e-03   1.5855258e-01   2.8896600e-01   4.7150072e-01   5.3092032e-01   2.1746851e-01   1.6097051e-01   6.9849985e-02  -7.3741272e-02  -2.6580924e-01   2.8377595e-01   4.3838848e-01  -6.8398724e-02   1.4516159e-02  -3.6605170e-01   6.1647987e-02   1.4557205e-01   3.8610750e-02   7.5914509e-01   4.5929335e-02   1.9200221e-01   2.9089855e-01   1.6983679e-02   5.7668078e-02   2.8790920e-01   1.0309173e-02   4.3116938e-01   3.1151434e-01  -2.6951381e-02  -2.2398034e-01  -2.8027068e-01   9.7208951e-02  -2.2341652e-01   5.2521005e-01   1.8003386e-01   5.0922493e-01  -1.8270875e-01   1.2122508e-01  -2.2923461e-01  -1.6194934e-01   3.4380103e-01   6.4085078e-02   2.1323139e-01   3.5962371e-02   4.8888937e-02  -2.7894537e-01  -6.3623715e-03  -1.4799677e-01  -5.0312637e-02  -4.4546026e-02  -8.7870248e-02  -6.7553391e-03  -2.7655234e-01  -2.9457351e-02  -2.3015052e-01   1.6912961e-02   1.3480021e-01  -4.4905551e-02   1.5471132e-01  -3.3305598e-01  -1.3666261e-01  -4.0744206e-02   6.7660041e-01   4.0930951e-01  -4.1452522e-01  -2.5972621e-01   3.6152792e-02  -3.5286391e-02  -4.1128720e-01  -2.0959892e-01   4.4929353e-02  -1.1517369e-01   3.4601680e-01   1.0379352e-01   9.9650329e-02   5.7781286e-01
  -1.4203124e-01  -1.2832509e-01   8.9964054e-02   7.3012660e-02   0.0000000e+00   1.3578870e-01  -5.6520788e-02  -5.3662718e-01  -3.3877781e-02   2.8863873e-01   1.6626116e-01  -2.9753079e-01   3.2159803e-01  -1.4200262e-01  -1.4989792e-01   1.7651221e-01   4.1069967e-01   2.7293713e-01  -4.0829525e-01   7.3106052e-01   6.1166550e-02  -2.9849080e-01  -1.8610287e-02  -1.4081135e-01  -5.8209408e-02  -5.1335706e-01   5.0450831e-01  -3.3459594e-01   1.5186614e-01  -2.9510585e-01  -3.4548427e-02  -3.7524524e-01   9.3905227e-02  -8.7115927e-02   4.7438113e-03   6.7673688e-01   3.5029983e-03   1.3053005e-01   3.3822886e-01   6.0536672e-01   4.3264880e-01   2.3647941e-02   3.4646908e-01  -5.3237164e-01   2.5115837e-01  -1.5691024e-01   4.0627509e-01   1.8400207e-01   3.5723883e-01   3.5774300e-01   1.3563129e-01  -4.4840359e-01   2.6317149e-01   8.5821434e-02   4.1421365e-02  -9.9318347e-02  -1.3283349e-01  -4.9205964e-01   1.5239227e-01  -4.0804391e-01   1.7689952e-02   4.1459969e-01   1.9607680e-01  -2.6098461e-03   7.8467701e-02   4.0463698e-01   1.3180759e-01   1.6535072e-01   1.2989748e-03  -1.7636918e-01   4.5975497e-01   2.2411741e-01   3.7258797e-01  -3.0503523e-01  -1.1677727e-01  -5.4030696e-01  -1.5818086e-01  -3.1628689e-01   6.3001958e-01   2.0492295e-01  -4.9497449e-01   3.4612619e-01   3.2393364e-01  -5.3807289e-01  -3.5701110e-01  -4.7848442e-01   1.5268375e-01  -1.1834195e-01   1.4457508e-02  -1.1235361e-01   7.4198472e-01  -2.1261439e-01   7.0745449e-02  -2.2421379e-01  -8.6735613e-02   7.5335904e-01   2.4555813e-01  -4.8708986e-01   4.6818690e-01   1.8987653e-01  -3.5097367e-03  -9.5584411e-02  -6.0540533e-01  -2.1216507e-01  -2.3673920e-01  -2.4299048e-01   3.7406993e-01  -4.5144216e-01  -5.8221035e-02  -1.9551744e-03   1.3630554e-01  -4.9239336e-01   1.1209044e-01  -2.2695994e-01  -2.2485105e-01   4.2668441e-01  -2.4496259e-01   3.9323440e-01  -2.1808680e-01   1.7791302e-01  -3.3503621e-01   7.5767921e-01   1.5492493e-01   1.6507420e-01  -2.6414015e-01  -3.7363383e-01  -3.3266735e-02   1.2436141e-01  -3.6589187e-01   1.3598424e-01   3.1578793e-01   3.3880920e-01  -4.7785642e-01  -2.4433325e-02   1.7893882e-01  -5.5692313e-01   2.0980074e-01  -1.8806036e-01  -6.0641734e-01   2.4444491e-01   1.0856936e-01   2.1231899e-01  -2.0091186e-01  -2.9908796e-01  -2.8542609e-01  -2.6758641e-01   2.9536006e-01   3.4008199e-01   1.0110618e-01   2.2837810e-01  -3.5657675e-01  -5.4511601e-01  -3.3889798e-01   2.9483868e-01   5.2868435e-01   1.2605364e-01  -2.2659776e-01   2.3278085e-01  -2.4797577e-01  -5.7180761e-01   5.0346437e-02  -1.9073083e-01   3.9887592e-01   2.4733737e-02  -1.9974500e-01   2.8931793e-01   2.2537661e-01  -4.9588507e-01  -1.9476004e-02   4.1446620e-01   2.1214695e-01  -4.1978542e-02   2.2991662e-01  -9.3237456e-02   8.7062796e-02   1.1558778e-01  -1.0899601e-01
  -8.5712408e-02   2.6234912e-03   3.2520401e-01   1.8349033e-01   1.3578870e-01   0.0000000e+00   4.2340888e-01   4.2575901e-02  -4.0317243e-01   2.2273666e-01   2.4330017e-01   1.7805882e-01  -8.0813516e-02  -9.3393335e-02  -8.8887011e-02   1.8983712e-01   1.8999439e-02   1.4466209e-01  -1.9064358e-01   2.4256540e-01  -2.7073459e-01   1.6696929e-01   1.6145047e-01  -1.9221837e-01   2.9980075e-01  -1.0724537e-01   8.8791864e-02  -1.4829423e-01  -1.0357386e-01   8.1912222e-02  -4.1093135e-01   5.7774704e-02   2.1466934e-01  -1.0644318e-01   2.2198921e-02   2.6740392e-01  -1.3264536e-01  -7.1514774e-02   8.1343002e-02   6.8855012e-02  -1.0056107e-01   3.0450689e-01   2.6107305e-01  -2.3206772e-01  -4.0476203e-02   2.1259482e-01   3.4059077e-01  -4.1749718e-01  -1.8945617e-01   1.3682785e-01   3.6670487e-01   2.8653550e-02  -1.4459199e-01  -6.5350532e-02  -1.0868410e-01   4.5389310e-01   2.4530714e-01   6.3663248e-02   3.8695721e-02  -1.8579317e-01   2.5362982e-01   1.6388653e-01  -3.3680960e-02  -6.2769796e-01  -4.3016838e-01   1.0966983e-01   6.6050360e-01  -1.5483015e-01   5.0217283e-01   3.2195307e-01  -3.9899582e-01   3.1189326e-01  -6.0164017e-03   4.3137936e-03  -1.6705950e-02  -1.2573645e-01   1.2563121e-01   1.9632602e-02   2.2653363e-01   4.9599177e-02   1.1962049e-01   5.9852643e-02  -3.4498709e-01  -6.2705960e-02   6.4222231e-02  -5.4206940e-02  -4.1010948e-01  -6.8489015e-02   1.0019552e-01  -1.5558313e-01  -6.2698385e-03   1.8400760e-01   2.9520210e-01  -1.7828770e-01  -8.2085514e-02   2.5780723e-01   1.0547340e-01  -1.6626684e-01   1.7257273e-01   3.9387640e-02  -2.6605969e-01   3.5603615e-01  -4.8963433e-02  -1.9875594e-01   2.4688055e-01   5.0449659e-02  -1.2561447e-01   1.8290718e-01  -3.2788839e-01   1.5906160e-01   2.9992368e-01   1.6692009e-01   2.1957719e-01  -1.2275555e-01  -8.7573320e-02  -2.3346880e-01   1.9623995e-01   7.4460281e-02  -4.5075265e-02   3.3113710e-02  -1.1158996e-01   3.6041393e-01   7.8404075e-02  -4.0422893e-01   3.2373158e-02  -2.0539512e-02   2.9401807e-01  -1.7340600e-01   4.0890058e-02  -1.9982590e-01   7.3409555e-02  -5.7674477e-02   5.2509547e-02  -3.8065803e-01   1.3239251e-01  -2.6961353e-01  -1.4284112e-01  -4.9257950e-01  -2.3978987e-01  -1.7036730e-02  -2.0045089e-01  -1.1178218e-01   5.1774370e-01   1.9157749e-01   2.0980871e-03  -3.1706748e-01   3.8262421e-02  -4.2060801e-01   4.3695167e-01  -3.3449247e-01   4.7361370e-02  -3.5127439e-01   2.2607003e-01   3.6435619e-02   1.7360181e-01  -1.0400924e-01  -5.7661193e-02  -1.0535703e-01   2.8351466e-01   2.8988381e-01   1.4864522e-01   2.0109404e-01  -2.4525722e-01   2.9158188e-01   2.0848335e-01   1.1591606e-01   1.1160183e-01  -2.8601499e-01   2.1520909e-01  -9.1328072e-02   2.4823731e-01  -1.1988758e-01  -1.4630413e-01   3.8715225e-01   1.3102010e-01   2.3637480e-01   3.0684450e-01
  -1.6450870e-01   1.7396443e-01   1.1374133e-01  -4.5322830e-02  -5.6520788e-02   4.2340888e-01   0.0000000e+00   7.7045532e-02  -2.3287307e-01   2.7768818e-01   3.7044969e-01   2.8859850e-01  -1.1319371e-01  -7.9542356e-02   4.2379524e-01   2.0046561e-01  -1.6676613e-01   6.2052824e-02   5.3868141e-02  -5.0320632e-02  -1.3464538e-03  -4.8663606e-02   5.3276987e-01  -2.6016372e-01   1.5829245e-02   2.9198490e-02   1.7568851e-01  -1.8983382e-01  -6.8352882e-02   2.2285747e-01  -3.2029180e-02  -3.3402813e-02   2.8562545e-01   4.1001735e-01   3.7775354e-01   2.1726230e-01  -3.2547822e-02  -2.9441599e-01   4.5202821e-02   8.1566168e-04  -1.7973846e-01   1.4270817e-01   2.8571711e-01   1.3155936e-01   1.3049460e-01  -8.0378235e-02   1.2907337e-01  -1.9965726e-02  -2.4293560e-01   6.6872686e-02   3.6710280e-01   3.0047921e-02   2.2347342e-01  -2.9001829e-01  -2.6029163e-01   5.1935446e-01  -5.2594570e-02   1.1422147e-01   1.7957828e-01   6.8102215e-02  -1.1098566e-01   2.1075799e-01  -2.6545873e-01  -1.0100961e-01  -3.3657597e-01   3.8232117e-01   3.3527692e-01  -1.6158242e-01   2.8432218e-01   1.3408795e-01  -1.6982965e-01   3.0643719e-02   7.9424458e-03  -6.5067367e-02  -2.1309149e-01  -6.1024133e-02  -1.5437035e-01   6.4074461e-03  -2.3460860e-02  -2.7819656e-01   3.9302082e-01   1.9696231e-01  -5.9078327e-02   3.7381212e-02  -1.7992526e-01   8.0346149e-02  -2.3179651e-01  -7.1351278e-02  -6.1869450e-02  -3.8874493e-01  -2.9065459e-01  -1.6082653e-01   4.5696143e-01   2.3206325e-02  -2.9889406e-01   6.3189305e-02  -2.4856207e-01  -1.2021718e-01  -7.0454703e-02   2.5707692e-01  -2.4450461e-01   6.0099713e-01   1.3556949e-01  -7.9362933e-02   3.1690498e-01  -1.8144253e-01  -2.6817418e-01   4.4148285e-02  -3.9016901e-02   3.1362664e-01   4.6754255e-01   2.3657148e-01  -1.4812141e-01  -3.4676474e-01   8.1125603e-02  -1.6327938e-01   5.2065616e-02   3.1206877e-02  -2.0892964e-01  -2.1617641e-01  -3.8530971e-01   9.5993535e-02  -6.0051148e-02  -2.2784456e-01  -2.5899480e-01  -5.8327150e-02   3.7029485e-01  -3.6057325e-01  -1.5007352e-02  -7.0437130e-02   2.2739906e-01   1.9355562e-01   4.0598384e-02   5.1896255e-02   1.7605467e-02  -1.4219707e-01  -4.1886426e-01  -3.0614047e-02  -4.2413396e-02  -2.2976373e-01  -1.8585816e-01  -3.5921785e-01   4.4985908e-01  -7.7875511e-02   3.6193776e-01   2.5012231e-04   1.8735709e-01  -1.3961453e-01   5.4759728e-01  -9.3035446e-02  -2.1350729e-01  -5.1718729e-02  -5.8413562e-02   4.7403925e-02  -1.7525087e-01  -3.1712049e-01  -3.8656098e-01   1.1317842e-01  -7.0798696e-02   3.5308604e-01   2.9012910e-01   2.9192365e-01   9.2783904e-02   1.5421706e-01   7.7367397e-02   3.2408014e-01   2.0198596e-01  -1.4950489e-02  -1.1187708e-01   1.9382672e-02   1.5621209e-01  -4.5145447e-01  -1.3445535e-01  -5.2522085e-02  -3.6861231e-02  -1.0717813e-01   4.8981697e-02
  -2.5554193e-01   3.8045249e-01  -8.9172870e-02   1.4333204e-01  -5.3662718e-01   4.2575901e-02   7.7045532e-02   0.0000000e+00   1.3776117e-01  -3.0048869e-01  -5.5004963e-03   4.0797957e-01  -1.2917066e-01  -1.1605853e-01   7.6004484e-02  -2.6604837e-01  -2.6073769e-01  -1.3438619e-01   3.9360650e-01  -4.6155055e-01  -1.4857540e-01   5.4637611e-01   2.4257943e-02  -1.5770874e-02   2.7613613e-01   7.5514407e-01  -5.3039505e-01   2.1309846e-01  -1.6185781e-01   5.6053421e-01  -4.0095287e-02   6.7719928e-01  -9.2705615e-02  -2.2567094e-02   8.0083121e-02  -4.6535649e-01  -1.4501450e-02  -5.1501751e-01  -4.8775163e-01  -4.5033606e-01  -2.6173915e-01  -3.0013452e-01  -5.0201054e-02   4.6104038e-01  -1.6716097e-01   8.0522694e-02  -2.5693476e-01  -1.5924767e-01  -4.5329725e-01  -2.4817763e-01   1.8311039e-01   8.2681150e-01  -2.8359841e-01  -7.3525482e-02   1.2057983e-01   1.1544390e-01   2.2074602e-01   7.6564248e-01   4.0565388e-02   6.0451055e-01  -1.3996684e-01  -2.9571711e-02  -7.6657820e-02  -5.0564863e-02  -9.3778417e-02  -2.9246175e-01   4.1743617e-02  -2.9600315e-02   3.5566369e-01  -1.9387166e-01  -4.5919708e-01   9.7554649e-02  -2.9987327e-01   2.9149416e-01   2.7953334e-01   6.9788858e-01  -1.2227243e-01   6.0462159e-01  -2.7828946e-01   6.3982203e-02   4.0817026e-01  -3.2069712e-01  -4.4569421e-01   7.8752554e-01   1.0831016e-01   6.8587434e-01  -2.4678470e-01   1.8041305e-01   3.2888939e-02  -2.4956890e-01  -4.6497493e-01   1.3013000e-02  -1.4274624e-01   3.9542268e-01  -2.4338903e-01  -3.5147303e-01  -8.7873138e-03   6.9664678e-01  -2.2850951e-01  -2.7443448e-01  -3.6560048e-01   2.3646128e-01   6.2487760e-01   4.0524279e-01   4.3740272e-01   4.8857163e-01  -3.2112045e-01   8.3778715e-01  -1.4031183e-01   1.1054578e-03  -1.2100622e-01   7.2232657e-01  -7.6111124e-02  -3.4358374e-02   6.6611553e-02  -4.7629920e-01   4.5786689e-01  -2.3336952e-01  -1.0947531e-01   9.3135673e-02   2.2605311e-02  -4.7437564e-01   9.2231729e-02  -7.8975616e-02   6.0268965e-02   3.5618845e-01   3.9619010e-01   2.6693441e-02   6.6133761e-01  -4.2935364e-01  -2.2786637e-01  -4.3162825e-01   3.5580428e-01  -2.0776598e-01   7.4343221e-02   7.1498492e-01  -4.8686282e-02  -1.4756322e-02   7.4098586e-01  -5.6400745e-01  -3.1723774e-01   2.6422917e-02   4.5790282e-01  -8.3724719e-02   2.2449689e-01   2.2954204e-01  -2.8386354e-01  -3.0009721e-01  -3.9314105e-02  -3.5697469e-01   8.3156903e-02   5.6897145e-01   2.2969388e-01  -6.9774789e-02  -2.7727538e-01  -4.6792819e-01  -9.6354963e-02  -2.4526219e-02   7.0213477e-02   7.3968936e-01   2.2324020e-01   5.0345959e-01  -3.4358066e-01   3.3212392e-01   6.7672897e-01  -3.9267695e-01   9.2283852e-03   4.0229557e-01  -1.2285633e-01  -1.5045904e-01  -1.2925621e-01  -3.7805195e-01   4.3456058e-02   1.6161611e-01   1.7589841e-01   6.3407305e-03   5.2064910e-01
   4.2434770e-03   3.9385709e-01  -2.0550922e-02   1.2436108e-01  -3.3877781e-02  -4.0317243e-01  -2.3287307e-01   1.3776117e-01   0.0000000e+00  -4.4696687e-01  -1.1465757e-01   5.5457196e-02   3.0202023e-02   1.5524155e-01  -3.0743009e-01  -5.9988552e-01   4.1084259e-02  -6.8073435e-02   2.5881816e-01  -1.5987812e-01  -4.3596899e-02   2.4550580e-01  -3.5444964e-01   3.3048027e-01   1.6246485e-01   1.6482814e-01  -3.9151441e-01   1.6578364e-01   4.2785718e-01   1.7711528e-01   5.5706521e-02   1.6876665e-01  -2.3289547e-01  -3.7293141e-01   5.8970621e-02  -2.8373971e-01  -3.4240742e-02  -2.6719503e-01  -5.0715861e-01  -2.6878906e-01   4.6723770e-02  -2.9557059e-01  -1.8200790e-01   1.4839458e-01  -9.2716552e-02  -2.3736689e-01  -2.1525680e-01   1.5774272e-01   9.8238026e-02  -1.2754018e-01  -2.0625626e-01   1.9252042e-01  -2.2153150e-01   1.6314858e-01   2.1100043e-01  -4.4088842e-01   1.3393702e-01   2.7333037e-01  -1.9477684e-01   4.1155919e-01  -3.0900564e-01  -1.0521924e-01   5.7326941e-01   2.8657914e-01   4.5461798e-01  -2.6175785e-01  -4.2318644e-01   3.2795916e-01  -1.3291215e-01  -1.8037250e-01   1.2742729e-01   8.0931469e-02  -2.5389119e-01   8.4886999e-02   2.7798812e-01   1.5213648e-01  -2.2082809e-01   1.4565649e-01  -3.1990549e-02   2.2357017e-01  -4.9571591e-02  -3.2787086e-01  -1.3881034e-01   1.7782475e-01   3.6636561e-02   6.8875586e-02   3.8704028e-01   3.1362019e-01   4.0251290e-01   1.5555756e-01  -4.1901816e-02   8.9777379e-02  -6.1531063e-01   5.0253813e-01  -1.9419939e-01  -2.0308494e-01   1.4529278e-01   1.9882998e-01   2.0043144e-01  -2.1649400e-01   1.1234233e-01  -4.7867296e-01   1.0009622e-01   6.5887988e-01  -4.1891418e-02   2.6658954e-01   2.4337740e-01   1.6668241e-01   8.3273920e-02  -3.3606163e-01  -5.1649180e-01   7.8201894e-02   2.1108180e-01   1.8280299e-01   2.8575845e-01   1.6267543e-02   2.3551531e-02  -1.4379616e-01   2.0232953e-01   9.5802449e-02   2.9358907e-01  -2.3941477e-01   3.3380420e-01   3.4007726e-01  -5.8985607e-02   2.9217931e-01  -8.0332665e-02   4.4297777e-01   3.5259645e-01   2.9543888e-02  -3.8371478e-01  -2.0126903e-01   4.2734408e-02  -5.0659254e-02   1.8044197e-01   2.3172271e-01   2.6139787e-01   1.9629879e-01   2.1474090e-01  -1.5848776e-01  -8.1088226e-03  -3.1608902e-02  -1.9427792e-01   5.1611167e-02  -2.3994011e-01   1.7896114e-01  -2.2323757e-01   1.9292310e-01  -4.8416832e-01  -4.7070139e-02   1.4854743e-02   2.3668719e-01   2.1629146e-01  -1.1770823e-01   1.5926662e-01  -6.0381058e-04   1.4137763e-01  -1.8672511e-01   2.5361210e-02  -4.6209056e-02   5.0997205e-02   1.8472183e-02   3.1027239e-02   1.1617801e-01   1.8582545e-01  -4.5520441e-01  -3.0903263e-01   2.5883901e-01  -4.8293133e-02  -1.2956498e-01  -4.1958278e-02   4.7777107e-02   4.6941000e-01   6.4586691e-03   1.1431503e-01   6.2459673e-02   1.5994341e-01
  -2.8061257e-01  -4.3103831e-01  -7.8015193e-02  -5.2152565e-02   2.8863873e-01   2.2273666e-01   2.7768818e-01  -3.0048869e-01  -4.4696687e-01   0.0000000e+00   5.8392032e-01  -4.1394521e-01   2.5416336e-01  -4.3151762e-01   4.4582796e-01   4.9142055e-01   1.6836505e-01   5.1636936e-01  -1.7678762e-01   3.2249155e-01   4.4109664e-01  -3.4333704e-01   6.6961231e-01  -4.9328726e-01   8.7331940e-03  -2.0744534e-01   6.3962057e-01  -2.7166860e-01  -1.8181282e-01  -1.8538237e-01   2.7335139e-01  -3.8425226e-01   3.7446673e-01   4.4197994e-01   8.9802306e-02   5.6178142e-01   2.4856548e-01   1.9695905e-01   5.4968207e-01   4.2354852e-01   3.7466250e-01   1.7530057e-01  -7.1277200e-02  -1.1379351e-01   6.2569655e-01   9.6765695e-02   3.4742363e-01   3.3088693e-01   3.5233167e-01   1.7192903e-01   4.6452270e-01  -2.9974890e-01   4.9777468e-01  -3.8603241e-01  -5.5356896e-02   2.6582781e-01  -1.7377640e-01  -3.7488735e-01   3.9578386e-01  -4.3946975e-01   2.2756659e-01   2.3303040e-01  -4.3582719e-01   2.1369912e-01   1.2544596e-01   3.5470496e-01   2.7833549e-01  -2.5714230e-01  -1.3048435e-02   1.1381705e-01   3.0351000e-01   1.2490198e-01   5.8543083e-01  -5.9577153e-01  -4.4362582e-01  -2.9137268e-01   9.0451020e-02  -1.9146252e-01   6.7259586e-02   4.7410269e-02   2.9961448e-02   6.2548492e-01   2.5365302e-01  -4.3106948e-01  -5.8609280e-01  -1.6344143e-01   9.3425603e-02  -5.7810709e-01  -1.2149877e-01  -4.7964940e-01   8.6198273e-02  -3.1519066e-01   3.8701539e-01  -4.3635758e-01   1.3109247e-01   3.6242927e-01   1.4804042e-01  -3.7641994e-01   2.9685471e-01   5.9215279e-01  -2.4225872e-02   3.3276524e-01  -4.0033500e-01  -4.3656997e-01   2.5243221e-01  -4.6202453e-01  -1.8394450e-01  -4.4593055e-01   3.4121785e-01   4.0184420e-01   2.2293123e-01  -3.2322831e-01   6.1172793e-02  -5.9035382e-01  -2.2244791e-01   3.2297659e-01  -1.5174240e-01   4.3161887e-01  -4.4712345e-01  -1.5389558e-01  -4.6730641e-01   3.2357004e-01  -4.4399908e-01   2.2947440e-01  -2.1890828e-01  -6.2076969e-01   3.6102296e-01  -4.0655769e-01  -3.0429457e-01   4.5537083e-01   6.5006497e-01   4.4893633e-01  -4.6394385e-01   4.1683950e-01  -2.6038401e-01  -4.1235192e-01  -1.1698203e-01   2.5871816e-01  -3.5815122e-01   1.1187847e-01  -3.3560757e-02  -7.9562419e-02   1.3247331e-01  -3.3374913e-01   3.7158618e-01   2.5237265e-01   1.3117933e-01   2.6546592e-01   4.6362062e-01   4.5768222e-01  -5.4058183e-01  -4.5330484e-01  -4.6336651e-01   2.9728633e-01  -1.6921874e-01  -1.2902214e-01  -3.8694631e-01   4.3948124e-01  -2.6356704e-01  -2.3962973e-01  -1.7076588e-01   1.8695220e-01   4.9820657e-01   1.6918091e-01  -2.3219603e-01   4.3170937e-01   2.5054421e-01  -4.3402150e-01  -4.0021243e-01   1.0625805e-01  -5.8819646e-02  -2.2261126e-01  -3.0020523e-02  -2.3244002e-01  -1.6863714e-01  -9.9784533e-02  -1.9514025e-01
  -2.6494288e-01  -5.6518114e-02  -1.1245695e-01   8.1185709e-02   1.6626116e-01   2.4330017e-01   3.7044969e-01  -5.5004963e-03  -1.1465757e-01   5.8392032e-01   0.0000000e+00  -2.2412862e-01   1.1803724e-01  -3.6084149e-01   4.0172813e-01   4.1497010e-01   2.5197370e-02   5.1127867e-01  -1.6573562e-01   1.8791010e-01   3.7377158e-01  -1.4113458e-01   4.8894801e-01  -3.5517773e-01   1.2831132e-01  -9.9833249e-02   3.9092698e-01  -3.9150582e-01  -8.2064891e-02   8.0274077e-02   3.7644079e-01  -1.6027400e-01   3.2825350e-01   3.0352448e-01   1.6237657e-01   4.5133804e-01   2.8498946e-02  -2.5398063e-02   4.0000169e-01   2.3347098e-01   3.3087108e-01   6.8937156e-02  -7.8926111e-02   6.5979044e-02   3.5885391e-01   6.7305888e-02   6.0661912e-01   3.6085585e-01   2.1032513e-01  -3.0393847e-02   6.0722214e-01  -1.0158875e-01   4.2685421e-01  -2.4344257e-01   1.8677433e-03   3.2821329e-01  -1.6278069e-01  -2.0138748e-01   3.5298581e-01  -2.1747752e-01   1.9592137e-01   1.2370993e-01  -3.7561284e-01   3.0601261e-01   1.2726694e-02   1.6650258e-01   2.9265191e-01  -2.4833327e-03   3.4591207e-01  -7.4422779e-03   1.1472711e-01   3.3060730e-01   5.3539269e-01  -3.6824560e-01  -3.1954568e-01  -2.1054134e-01  -5.5351955e-02  -1.1200020e-01  -1.3836967e-01   4.0508722e-02  -3.3859095e-02   4.7526396e-01   1.1856318e-01  -2.3227827e-01  -4.0375736e-01  -6.7629821e-02   1.7519446e-01  -3.2017964e-01  -1.3058326e-01  -4.7636300e-01  -1.2188740e-01  -2.4520230e-01   1.6844758e-01  -2.7700477e-01   4.7242032e-03   9.0999327e-02  -3.2253990e-02  -3.1822378e-01   1.8472012e-01   2.3982915e-01   3.9910589e-02   3.4184543e-01  -2.5782681e-01  -1.3307197e-01   3.0939461e-01  -2.7105963e-01  -1.7171191e-01  -1.3748247e-01   2.1787955e-01   4.6308094e-01   1.0766743e-01  -1.2641193e-01  -2.4167004e-02  -4.7174347e-01  -2.0471363e-01   8.5194571e-02  -9.2075944e-02   3.9557568e-01  -3.5133611e-01  -7.1133427e-02  -3.8306872e-01   8.6079261e-02  -2.3099057e-01   1.7460363e-01  -2.4152931e-01  -4.6720577e-01   3.5265460e-01  -3.5138483e-01  -1.0858614e-01   3.0996267e-01   4.8320288e-01   4.2522753e-01  -3.1015316e-01   3.4449211e-01  -2.2989763e-01  -2.4346360e-01  -1.9159564e-01   2.8562073e-01  -2.0057670e-01  -7.1528461e-02  -5.3802382e-02  -8.8159477e-02   3.9270873e-01  -2.2735252e-01   2.6302841e-01   2.4223557e-01  -1.6900265e-01   1.9547068e-01   2.7338229e-01   1.8503264e-01  -4.3587395e-01  -3.1317045e-01  -2.6206076e-01   2.6156271e-01  -1.5632370e-01  -2.4746580e-01  -3.3909415e-01   3.9529565e-01  -1.4665541e-01  -3.4417087e-02   2.4050270e-02   3.8914010e-01   3.4654558e-01   3.8715377e-01   8.0017369e-03   1.0271325e-01   2.0716176e-01  -4.0464937e-01  -2.6264556e-01   1.1796904e-01  -2.5938666e-01  -2.4506716e-01   1.4665241e-01  -2.1190135e-01  -1.1877569e-01  -4.1817451e-02   3.5115960e-02
  -1.2687673e-01   6.7627777e-01  -9.3037095e-03   2.6268084e-01  -2.9753079e-01   1.7805882e-01   2.8859850e-01   4.0797957e-01   5.5457196e-02  -4.1394521e-01  -2.2412862e-01   0.0000000e+00  -1.4768028e-01   1.3626897e-01  -1.2041725e-01  -3.7723135e-01  -3.0490340e-01  -3.1813863e-01   1.6227641e-01  -2.6189232e-01  -2.7711684e-01   5.3131122e-01  -2.1000703e-01   8.2381920e-02  -8.9232187e-02   3.4485944e-01  -5.0050668e-01   1.6386942e-01   1.5133274e-01   7.3254699e-01  -2.2163730e-01   5.4357506e-01  -2.4431378e-01  -5.0674418e-02   1.6823943e-01  -3.5292711e-01  -1.1850575e-01  -6.2997642e-01  -5.6143986e-01  -5.2175019e-01  -1.9862135e-01  -2.3929777e-01   2.4773262e-01   2.6264713e-01  -4.4940419e-01  -4.6322877e-02  -1.8579936e-01  -2.8686245e-01  -5.2709161e-01  -3.2389592e-01   5.0003759e-02   4.2169071e-01  -3.2523131e-01   1.7385517e-01  -1.7317722e-02   1.4510680e-01   3.6177402e-01   6.0500567e-01  -1.7141106e-02   6.8676166e-01  -1.9186086e-01   3.2977718e-02   2.2150025e-01  -3.5606329e-01  -4.0536211e-01  -5.9437671e-03   9.3833108e-02  -9.0568342e-02   3.1983373e-01  -8.6636970e-02  -5.1370911e-01  -2.8593316e-02  -4.9938227e-01   6.0865893e-01   5.2833774e-01   5.4728855e-01  -2.6671303e-01   1.8817069e-01  -1.0708855e-01  -1.7917454e-01   2.7810387e-01  -4.3081628e-01  -3.9655283e-01   3.7091424e-01   3.5067377e-01   5.3146172e-01  -1.8292811e-01   4.0479997e-01   1.2501010e-01  -9.1119166e-02  -2.6503225e-01   1.7798153e-01   1.9946436e-02   5.5262511e-01  -4.0120268e-01  -2.9457906e-01  -8.1320974e-02   3.9596998e-01  -3.3391475e-01  -3.5242531e-01  -3.6098916e-01   2.1201789e-01   6.4579719e-01   5.0391283e-01   1.9837850e-01   5.2918407e-01  -7.6829620e-02   5.5214355e-01  -3.3607848e-01   1.1362464e-02   1.3770059e-01   7.3093008e-01  -1.8255153e-01   5.8638356e-02   1.6931402e-02  -4.7834905e-01   2.0331458e-01  -1.9889289e-01   8.8125440e-02   2.0193375e-01   3.9915781e-02  -1.9892223e-01   4.7158856e-01  -3.3132189e-01   3.9361548e-02   6.3704600e-01   1.2299124e-01   1.6561963e-01   5.3149163e-01  -5.0258904e-01  -3.5543309e-01  -4.1511940e-01   5.8760575e-01  -4.1351343e-01   3.9776175e-01   5.1596970e-01   4.5653706e-02  -3.2344515e-01   4.8489516e-01  -5.6725880e-01  -3.7685159e-01   3.2093116e-02   2.6436324e-01   2.4392387e-01   1.0617654e-01  -5.8313572e-02  -2.6952102e-02  -3.0733268e-01  -1.8519031e-02  -4.4817576e-01   2.9211115e-01   3.5391893e-01   1.5994559e-01  -3.8192032e-01  -1.4929516e-03  -4.4661537e-01  -6.6200557e-03  -1.4798739e-01   1.4332787e-01   5.7745109e-01   2.2500990e-01   1.1639076e-01  -4.2356783e-01   2.5733799e-01   4.9298130e-01  -2.8450617e-01  -1.6127191e-01   3.0198828e-01   1.0555375e-01  -1.0870956e-01   7.0979103e-02  -2.0965338e-01  -8.3017353e-02   3.6099505e-01   1.7303471e-01  -2.9979946e-01   4.6874215e-01
  -3.1755550e-01  -1.3681225e-01  -9.8434192e-02   3.0570779e-01   3.2159803e-01  -8.0813516e-02  -1.1319371e-01  -1.2917066e-01   3.0202023e-02   2.5416336e-01   1.1803724e-01  -1.4768028e-01   0.0000000e+00  -2.6007157e-01  -6.9456643e-02  -4.8114165e-02  -2.2673868e-02   3.4395344e-01  -1.3950207e-02   4.1223856e-01   2.1863721e-01  -5.2237120e-03   2.0278878e-01  -2.5864394e-01   7.5620749e-02  -9.1703026e-02   2.2485116e-01  -1.3299172e-01   8.7936265e-02   1.0942837e-01   5.6609800e-02  -1.8492131e-02   1.1409795e-01   6.4327436e-02   9.7616754e-02   3.0687217e-01   2.0927060e-01  -2.6291724e-02   9.4463333e-02   1.0668056e-01   7.1524693e-01  -1.6415276e-01  -3.3077454e-02   2.4132251e-02   2.8946368e-01  -6.8772763e-02   1.4864362e-01   1.1284036e-01   3.0142262e-01  -1.3792730e-01   3.8941139e-01  -1.7370505e-01   1.7343411e-01   1.9616225e-02   1.2674141e-01  -3.6404164e-02  -9.2698646e-02  -1.3120865e-01   4.0585086e-01  -7.8826284e-04  -6.8431983e-03   1.6346787e-01  -9.9430599e-02   2.8102556e-02   2.4864311e-01   6.8855281e-02  -2.8052040e-03  -5.7348493e-02   8.2248472e-02  -5.7803501e-02   1.9073778e-01   2.9519578e-01   3.7644685e-01  -3.3218396e-01   3.7933704e-02  -1.8854682e-01  -9.2267080e-02   6.2728616e-02   1.3195979e-02   4.0675427e-01  -4.6456967e-02   4.3372818e-01   8.3407886e-02  -1.3830434e-01  -2.0602726e-01  -7.6852923e-02   1.0379133e-01  -1.3202769e-01  -5.7236756e-02  -2.7173357e-01   2.5278144e-01  -1.5623519e-01   8.1652260e-02  -2.0233016e-02   3.2226459e-02   1.9952020e-01   3.5130568e-01  -1.4598298e-01   2.1640655e-01   1.8722216e-01  -4.4235296e-02   9.6957055e-02  -2.3057056e-01   2.6053970e-02   9.3168410e-02  -9.3219165e-03   8.1133968e-02  -1.8000621e-01   2.1559179e-01   8.1208176e-02  -4.3785431e-02  -2.0400640e-01  -2.9256919e-02  -1.8200771e-01  -1.9423461e-01   8.9293151e-02  -5.9272862e-02   6.2247828e-01  -1.3357538e-01   3.0770769e-01  -1.8060539e-01   3.1512223e-01   3.1192971e-02   2.4450606e-01  -7.3870649e-02  -2.3707295e-01   8.9049915e-02   1.1511949e-01  -6.6109900e-02   1.8191614e-01   3.7484917e-01  -7.6183703e-02  -2.0183709e-01   7.4763962e-02   5.0899292e-02  -1.3062428e-01   2.9134496e-01   1.0820766e-01  -1.3914727e-01  -8.6208561e-02  -9.0640491e-02   3.5336492e-01   6.6054077e-02  -2.3510576e-01   7.1361636e-02  -1.4698212e-03  -3.1587232e-02   1.9990128e-01   4.6612601e-02   1.8964584e-01  -2.6096277e-01  -1.1912951e-01  -3.0920442e-01   8.8948874e-02  -5.4773417e-02  -1.9265351e-01  -1.9568944e-01   5.2812324e-01  -2.7105440e-01  -1.6812795e-01  -1.8314896e-01   1.8088256e-02   2.6784940e-01   2.9539421e-01   3.5226887e-02   2.8429774e-02   7.8931699e-02  -4.1351640e-02  -2.0723527e-01   8.8861847e-06  -1.4028892e-01   9.3549879e-03   1.7147529e-01  -1.1136362e-02   4.2013028e-02  -5.0936090e-02   1.5193920e-01
   5.8001476e-01   1.9548513e-01   6.4303481e-03  -7.2830934e-02  -1.4200262e-01  -9.3393335e-02  -7.9542356e-02  -1.1605853e-01   1.5524155e-01  -4.3151762e-01  -3.6084149e-01   1.3626897e-01  -2.6007157e-01   0.0000000e+00  -2.6642266e-01  -1.7639197e-01  -3.0914600e-01  -3.4696564e-01  -1.5077029e-01  -1.8083466e-01  -1.3213240e-01   2.3618030e-02  -3.3005876e-01   5.1154500e-01  -1.2371351e-01  -2.0315635e-01  -1.8921189e-01   4.3521063e-02   1.9132276e-01  -5.7483501e-02  -1.6289140e-01  -1.0076749e-01  -2.3406215e-01  -2.5889882e-01   6.8912583e-02  -3.2590330e-01  -4.5830420e-02   9.9967959e-02  -8.5376975e-02  -1.6344054e-01  -2.6463452e-01   2.9210885e-02   2.2032497e-02   4.2323508e-02  -4.9446572e-01  -1.9592924e-01  -1.1974231e-01  -2.3264673e-01  -2.4609416e-01  -1.1331776e-01  -4.9364879e-01  -1.8544625e-01  -2.7118956e-01   1.2977386e-01   1.6078004e-01  -1.6307614e-01  -3.0916947e-02  -1.1621651e-01  -4.0328842e-01   4.3995314e-03  -2.4515932e-01  -1.4425344e-01   1.4885905e-01  -2.2198178e-01  -1.1967136e-01  -2.4052076e-01  -1.9164731e-01   9.0948448e-02  -2.4881924e-01   1.0221830e-01  -2.1622038e-01  -1.3699713e-01  -4.0040621e-01   4.1217793e-01   1.4539687e-01  -1.0900949e-01  -3.4817040e-02  -1.2530378e-01  -3.1052945e-02  -1.9155960e-01  -2.2110940e-02  -4.0546289e-01  -5.8618462e-02  -2.6615543e-02   4.4263809e-01  -1.7777356e-01   2.2243383e-02   4.5923810e-01   2.9814850e-02   5.1376954e-01  -1.0503841e-01   1.4463147e-01  -2.5231137e-01   2.0610926e-01   1.7100907e-02  -2.5673196e-01  -2.5148429e-01  -1.6526476e-01  -2.3589459e-01  -2.9996680e-01   2.1942336e-01  -2.6386981e-01   2.2127509e-01   1.6920199e-01  -3.3245356e-01   6.5700002e-02   1.2230510e-01  -7.3058831e-02  -2.2101462e-01  -3.4489878e-01  -8.3614280e-02  -1.1597534e-01  -4.5790149e-02   5.9318808e-01   2.9567972e-01  -2.1736673e-01  -4.4026561e-02  -3.8563588e-01   4.9863209e-01   3.9147707e-02   3.1014384e-01  -9.3643168e-02   1.9218097e-01  -2.4765978e-01   1.3703118e-01   4.7198437e-01  -4.1178583e-01   4.9711385e-02  -1.2889316e-01  -2.3799818e-01  -3.7600810e-01  -2.4074935e-01   3.6930502e-01  -1.1738501e-01   7.2497330e-02  -3.8043656e-02  -6.0503781e-02  -3.7848445e-02  -6.0705120e-02   2.5212351e-01   3.6481604e-01  -3.2810700e-02  -2.7674841e-01   3.7111276e-01  -2.2297232e-01  -2.2437278e-01  -9.2087885e-02  -1.6793963e-01  -2.6317366e-01  -1.6555021e-01   3.3013106e-01   2.3476380e-01   3.4991825e-01  -2.1053035e-01   6.3375260e-02   4.6766296e-01   3.2046001e-01  -4.1140879e-01   7.4021847e-02   1.7485091e-02   1.4794763e-01  -1.9117954e-01  -3.8684694e-01  -2.1435856e-01  -2.2366457e-01  -2.2639372e-01  -6.8736240e-02   9.9725710e-02   3.4158985e-01  -2.6310389e-01  -4.6230952e-02   2.5093737e-01  -1.1148552e-01  -1.1815992e-01   1.7987628e-01   2.8310752e-02  -1.1259732e-01
