   0.0000000e+00  -1.6138081e-01  -2.6929229e-02   1.5925132e-01  -2.1277109e-01   1.6581855e-01   1.6520448e-02   3.5028675e-01   2.3258612e-01  -7.2624164e-02  -4.7741012e-02  -1.1906517e-01   8.9274743e-02   3.2397064e-01   4.5608680e-02   2.8183438e-01   1.3572163e-01   3.6189700e-02   3.8435814e-02  -9.0997727e-02  -1.4035917e-01   2.8127519e-01  -6.0651563e-02   6.7337047e-01  -9.4141901e-02   5.5092290e-02  -4.3276741e-02   9.8082300e-02   8.0845115e-02   1.5467744e-01  -4.4042754e-01   1.6583139e-01  -1.2918691e-03  -1.3773110e-01   9.8661089e-02  -1.3229083e-01   5.4322873e-02   3.1490226e-01  -2.6250496e-02   3.7996941e-02  -1.1687630e-01   9.6819323e-03   1.9238420e-01  -2.9197516e-01  -2.4245953e-02   5.2578067e-01   2.0764720e-02  -2.0299708e-01   4.9053975e-02  -6.2120011e-02   8.1411512e-02   1.8778528e-01  -1.2563072e-01   1.5683127e-01   7.3704454e-02  -1.6365414e-01   1.1768141e-01   2.2731376e-01   9.8967641e-03   1.5489776e-01   2.9831974e-01  -2.5852361e-01   1.0299652e-01  -1.2770270e-01  -2.6837950e-01  -1.0377705e-01   8.7050088e-02  -2.4428756e-01  -1.3279399e-01   2.5441072e-01  -1.6399994e-01  -3.3122897e-02  -3.2080317e-02   3.0772616e-01   6.9005313e-02  -8.2006573e-02   3.6618786e-01  -3.1351457e-01   1.9784451e-02  -1.4225345e-01  -3.5085711e-03   2.4422767e-02  -4.2408327e-01   1.6666645e-01   1.4101905e-01   8.1861758e-02  -1.3057630e-01   2.8786945e-02  -2.5441018e-02   8.1391071e-01  -1.2756460e-01   1.7975441e-01  -7.2655342e-02   6.7266847e-02   3.4764056e-01  -9.8330691e-03  -2.2102311e-01   1.8686251e-01  -1.9118654e-01  -8.9613264e-02  -2.2540674e-01  -1.4067808e-01   1.8779560e-01   4.6609870e-02   1.2916650e-01   2.1539733e-01  -8.0128121e-02   1.1907189e-01  -2.1880831e-01   2.1014268e-01  -2.7479450e-01   3.6286900e-01  -6.3749279e-02   7.6129062e-01   3.1407580e-02  -8.4111579e-02  -8.7265309e-02   1.6042776e-02   2.1368332e-02   1.4561227e-01   4.8593497e-01   1.9967757e-02  -3.6286040e-02  -1.8857807e-01   4.6820597e-01   2.9937445e-01   4.3423137e-02  -3.5035168e-02   2.3065149e-01   4.0556293e-01   3.5057434e-02  -2.9260738e-01  -1.8189097e-01  -3.4999246e-01   1.1530391e-01   4.9706976e-02   3.2102437e-03  -2.4338788e-01   2.7966309e-03   4.5759148e-01   5.5339877e-01   5.1576585e-02  -1.8893424e-02  -2.6852216e-01  -1.7946015e-01  -1.6412866e-01  -1.6771113e-01   1.1820533e-01   1.2435569e-01  -3.1229767e-01   4.0465868e-01   2.7260512e-02   6.6295825e-01  -1.6621162e-01  -1.6632730e-01   4.3541710e-01   4.0995972e-01   1.2234414e-02   9.6850221e-02   2.8781796e-01  -1.6725857e-01  -5.0655832e-02   2.2577558e-02  -4.6370323e-02   1.6400794e-01  -9.3447482e-02  -4.2985865e-02   3.4792543e-02   5.1230273e-01  -2.6094312e-01   7.5827800e-02   5.0597262e-02  -6.9010823e-02   1.3874595e-01  -2.4357207e-01  -2.8735818e-01   2.3079601e-01
  -1.6138081e-01   0.0000000e+00   3.6878101e-01  -1.4712420e-01   5.2460004e-01  -1.6379993e-01   5.1324124e-05  -2.5136394e-01   4.5400071e-01   1.3626780e-01  -2.9268238e-01   6.1620286e-01  -4.3841977e-02  -2.4982498e-01  -3.2405737e-01  -2.4311727e-01   2.7198098e-01  -3.2702033e-01  -1.1984852e-01   2.8596962e-01  -3.9102774e-01  -1.7733117e-01  -4.0652977e-01   1.2288894e-02  -9.3763655e-02   4.4218525e-02   6.5974542e-02  -1.8910527e-01   1.7811609e-01  -4.2927268e-01   1.7536889e-01  -4.1021175e-01   2.7049802e-01   1.6711626e-01   5.9295504e-02   3.5692677e-01   3.0631615e-02  -8.4735072e-02   1.4539429e-01   3.3607451e-01   9.0031382e-02   1.3003339e-01   4.1682032e-01  -1.1398839e-01  -1.3581160e-01  -2.0407654e-01  -9.0524763e-02  -1.6899684e-01  -1.5704356e-01   4.0791483e-01  -4.1691217e-01  -2.1239182e-01   9.1186151e-03   1.7677947e-01   1.0203662e-01  -2.4597946e-01  -2.2526196e-01  -3.0698377e-01  -7.6701633e-02   1.5774096e-01   1.0444660e-01  -1.7318071e-01   1.5896436e-01   2.0508627e-01  -1.1710534e-01   1.6775340e-01   1.3964294e-01  -3.8900132e-03  -1.7317905e-01  -8.7807314e-02   6.6699620e-01  -2.8729699e-01   2.6794031e-01   2.5647322e-01   1.6112139e-02  -3.3683168e-01  -7.7475022e-02   5.2462186e-02   5.2198621e-01  -1.0190475e-02  -3.2580036e-01  -5.8063999e-02   2.0931199e-01  -6.0118597e-03   4.1822698e-01  -3.9573663e-01   4.9530632e-01  -1.1914550e-01   2.4985910e-01   2.3499052e-02   4.3702535e-01   1.8579904e-01   1.5439780e-01   1.0962146e-01  -1.8384530e-01   5.9232735e-01   6.3364960e-03   6.6361044e-02   2.3866995e-01  -4.2553514e-01   1.9695795e-01  -3.6670673e-01  -4.6987278e-01   3.3735120e-01  -3.8274917e-01  -1.3735516e-01   1.4444667e-01  -1.5555948e-01  -4.0524339e-01  -2.3122345e-01   2.5656848e-01  -3.8868389e-01  -2.0588598e-01  -1.7009814e-01  -8.9073794e-02   5.0818476e-01  -9.5150901e-02  -4.2044271e-02  -3.4447399e-01  -3.2182478e-01  -8.8111449e-02   5.2584989e-01   4.4934390e-01  -2.4803629e-01  -1.3045702e-01  -1.6955929e-01  -4.2060301e-01   2.1314251e-01  -3.2078976e-01  -2.2598679e-01   1.8503986e-01   8.9497094e-02   3.4468081e-01  -1.4850342e-01   6.5483987e-02  -3.3655951e-01  -6.9887571e-03  -3.9372154e-01  -3.4975474e-01  -1.5197563e-01  -9.2994759e-02   2.8117420e-02  -3.6609767e-01   2.6870555e-01  -1.9950067e-01   4.3823801e-02   2.2085661e-01   5.1883358e-01  -2.4419597e-01  -1.7145021e-01  -1.2404128e-01  -3.6236946e-01  -2.3186830e-02   5.4016137e-01   6.6171287e-01  -4.7187758e-03  -1.0456696e-01  -4.0726419e-02   3.4248473e-01  -3.9575792e-01  -1.2688009e-01  -1.3586457e-01   3.0094375e-01  -7.2351645e-02  -1.6722606e-01   4.0956335e-01   4.1305669e-02  -1.4127522e-01  -1.8257206e-02   6.2305968e-01   1.2247202e-01   3.1685534e-02  -7.0386519e-02   1.0729535e-01   6.7342369e-02   1.9427693e-01  -6.6616253e-02
  -2.6929229e-02   3.6878101e-01   0.0000000e+00   9.6519960e-02   3.2724899e-01   9.2906534e-02  -1.8362901e-01   5.2616140e-02   1.3539523e-01   1.5710755e-01  -5.9479765e-01   7.7720657e-01   1.7136015e-01  -1.3470710e-01  -3.7790673e-01  -7.2792976e-02   8.4707242e-01  -5.8136020e-01   2.1996704e-02   5.2058909e-01  -6.7753281e-01   2.0869112e-01  -6.1848370e-01  -2.4878966e-02   2.0777897e-01   3.2509969e-02   2.6624152e-01  -3.4101993e-01   5.0560341e-01  -1.2537851e-01  -1.9364285e-01  -1.3451342e-01   3.4159230e-01  -1.8789803e-01  -1.7377237e-01   2.4009421e-01  -1.5382566e-01  -6.6162630e-02   2.8849452e-01   7.8585098e-01   2.7349430e-01   3.6475054e-01   5.8371258e-01  -2.0544418e-01  -3.9662493e-01  -1.8419348e-01   7.2713966e-02  -5.4884762e-01  -3.2141058e-01   8.7741037e-01  -5.6832308e-01  -5.5914604e-02  -4.5088245e-01   5.4379016e-01   1.8036776e-01  -2.7711979e-01  -2.3211275e-01  -2.4196834e-02  -4.5530910e-02   1.7424048e-01   3.0220916e-01  -1.3185624e-01   3.7843326e-01  -3.0506334e-01  -5.0219031e-01  -8.0991633e-02   2.9758468e-01   4.5265003e-02   1.4319228e-01   2.5541819e-01   3.4897901e-01  -3.3956460e-01   8.8832278e-02   3.3684787e-01   2.9368267e-01  -5.2800755e-02  -4.3747400e-02  -1.7327746e-02   5.5174530e-01   2.7701429e-01  -4.1102872e-01  -5.8401028e-03  -5.8823796e-02   6.8714729e-02   4.9624772e-01  -3.2959401e-02  -1.1154873e-02  -2.4063502e-02   3.7038216e-01  -5.3926000e-02   1.3862680e-01   6.2561001e-01   3.4167063e-01  -4.3844140e-02  -3.6260823e-02   6.7417391e-01   6.9848473e-02  -6.3672232e-02   2.9741692e-01  -6.7252750e-01   3.1347853e-01  -5.5306700e-01  -2.4350197e-01  -2.3101720e-01  -4.0028693e-01   1.5301682e-01   6.4390957e-01   1.1849737e-01  -4.0977582e-01  -4.2573240e-01   1.9061545e-01   5.0263319e-02  -6.8379612e-02   5.7824525e-02  -2.1517355e-01   7.8475149e-02   3.9481139e-02  -7.3348918e-02  -3.7084914e-01  -9.5803927e-02  -2.7025209e-01   6.1259877e-01   6.7171005e-01  -5.3967460e-01  -2.7363492e-01   1.7602070e-01  -2.5503761e-01   6.3777045e-01  -7.1378244e-02   5.0512325e-02   2.6548487e-01  -3.7528299e-01   1.5006420e-01  -5.2061820e-01   2.0083678e-01  -6.9832852e-02   4.6003940e-01  -4.8141606e-01   3.2790194e-02   1.4430237e-01   1.2362708e-01   1.6913659e-01  -2.2821426e-01   2.4305227e-01  -3.8227223e-01  -3.5993706e-01   4.2029199e-01  -3.1133135e-02  -5.8966793e-01  -4.7454402e-01  -1.8064764e-01  -3.6794836e-01   1.5101766e-01  -5.5081678e-02   8.0832959e-01   1.4740213e-01  -2.1171880e-01   2.1259651e-01   6.3551592e-01  -3.2631188e-01  -1.0804814e-01  -3.2051851e-01  -4.1931812e-02  -4.3091913e-01   3.3382597e-02   3.4021010e-01  -2.6462918e-01  -3.3056166e-02   3.2260146e-01   5.8781642e-01  -1.7636990e-01  -6.1478958e-02  -4.6142637e-01   2.3410786e-01   2.1366260e-01   4.5372514e-01   2.1604867e-01
   1.5925132e-01  -1.4712420e-01   9.6519960e-02   0.0000000e+00   1.6532892e-01   3.2818740e-01   1.9750191e-02   2.5975086e-01   3.0423264e-01  -1.9350284e-01   1.1637850e-02  -3.7053610e-02  -1.4902469e-02   5.7718646e-04   1.2352654e-01   3.4342817e-01   1.8973179e-01   2.5190861e-01   1.6033910e-01   1.9045023e-01  -9.0400237e-02   6.6616938e-01   2.4240178e-03   1.2496504e-01   2.4221463e-01   4.2782691e-02   2.1804728e-01  -1.1924753e-01   1.4906644e-01   5.0488563e-01  -4.1882390e-02   4.7854488e-01   4.0907294e-01  -3.4699548e-01   2.4842718e-01  -1.0207033e-01  -4.6062166e-02  -1.0191037e-01   3.7150190e-02   5.3969498e-02  -1.2902025e-01   4.3190592e-01   5.7628941e-02  -1.9734673e-01   1.2619932e-02  -1.3146402e-01   3.6749089e-01  -1.6409491e-01  -2.3348443e-01   1.2151036e-01   1.6190539e-01   2.4132938e-01  -2.5272566e-01   4.1272719e-01   9.9778204e-02  -1.4869131e-01   4.5563920e-02   4.9057848e-01   5.3670870e-01   4.3448184e-01  -8.6639349e-02   8.7586302e-02   5.6030253e-01  -3.1180405e-01  -3.9404455e-02  -4.1695444e-01   2.3713714e-01   1.1197885e-01   2.6631950e-01  -6.0163747e-02  -2.7334229e-01   4.2292907e-01  -3.5633380e-02  -2.0939817e-03   2.4611472e-01   5.1743566e-02  -1.4252839e-01  -1.7641448e-01   2.1449882e-02   1.9773178e-01  -1.3627909e-01   8.7668919e-02  -2.9275258e-01   9.8769673e-02   7.0957678e-02   1.1343563e-01   2.3139119e-02   3.2376653e-01  -6.1662980e-02   1.3388388e-01  -7.3870855e-02   1.9784964e-01  -1.4735657e-01   3.4272958e-01  -5.2611707e-02   1.9575611e-02   7.4517654e-02  -1.6422610e-02   6.8703256e-02  -6.2846522e-02  -2.0439661e-01  -1.3258940e-02   3.1653151e-02  -3.0432222e-02   4.2348567e-01   5.1147433e-01   3.4833112e-01   2.2151850e-01  -1.1737607e-01   3.0761780e-02  -3.3350969e-01   3.0743810e-01   5.1015199e-01   2.2950064e-01  -1.6068233e-01  -8.2111840e-03  -1.6699535e-01  -6.1506338e-02  -1.2088633e-01   7.0116321e-01  -1.5656492e-01   1.1226786e-02  -6.3796242e-03   1.2633823e-01  -1.5893371e-01   1.6300640e-01   3.4309231e-01   2.9157836e-01   5.2329045e-01   2.6132999e-02  -3.3543335e-02  -1.5085733e-01   1.1868651e-02  -2.1207407e-01   5.0203349e-01   6.0114729e-02   3.7214822e-01  -2.8940547e-01   6.7536308e-02   3.1087137e-01   6.3860448e-02   1.6014700e-01   1.8156315e-01  -2.1855868e-01  -1.3269424e-01   3.8647530e-02  -2.0856883e-01  -1.1808297e-01  -6.3310569e-02  -1.9771242e-01  -2.8778036e-02   2.4608038e-02   1.4516536e-01  -3.0972813e-01  -1.1458995e-01   1.5650420e-01   2.2313716e-02   4.7024347e-01   4.8669743e-02  -5.5215231e-02   1.1774946e-01  -1.7277396e-01  -9.9352313e-02   2.9564057e-01   4.3158253e-01  -1.9448229e-01  -1.9129241e-01   4.1511192e-02   3.0457015e-01  -1.5981676e-01  -7.4889112e-02  -5.9143999e-02   7.5035212e-02   1.1913492e-01  -6.0650335e-02   2.4490235e-01   6.2512682e-01
  -2.1277109e-01   5.2460004e-01   3.2724899e-01   1.6532892e-01   0.0000000e+00   7.9475812e-02  -1.4180749e-02  -3.0634597e-01   5.0004224e-01  -7.2368557e-02  -2.5278781e-01   4.0904876e-01   3.8598650e-03  -3.3518060e-01  -2.1494634e-01  -4.5404129e-02   2.4392621e-01  -1.9077741e-01   1.0464154e-01   5.8881784e-01  -1.5731521e-01  -1.3312959e-01  -1.9288027e-01  -5.6746572e-02   2.0866558e-01  -1.8134419e-02   2.5535925e-01  -3.6067795e-01  -6.7703404e-02  -2.4333699e-01   4.1391775e-02  -1.3333992e-01   2.5212153e-01   5.2345696e-02   1.7994856e-01   6.2285259e-01  -3.0985603e-02  -1.1533330e-01   1.1953909e-01   1.7722472e-01   5.8792309e-02   1.3961809e-01   2.0275863e-01  -2.0516895e-01   2.8151213e-02  -2.4511944e-01   2.1656902e-01  -2.5474070e-01  -1.4875313e-02   3.4248995e-01  -2.7665501e-01  -2.2303060e-01  -1.0909567e-02   2.2849022e-01   1.2219571e-01  -2.8295411e-01  -1.7965492e-01  -1.7854399e-01   7.2322582e-02   2.1999347e-01  -1.5778547e-02   3.0640366e-02   3.4277305e-01  -2.0181198e-01  -7.4751767e-02   7.9168377e-02   2.6181615e-01   2.3307836e-01  -4.2472563e-02  -2.2450131e-01   2.9524628e-01   3.7573047e-02   1.2260239e-01   3.9428437e-02   1.9157873e-01  -2.8561341e-01  -1.6499427e-01   3.4477699e-02   5.7015653e-01   8.5578263e-02  -3.6472671e-01   1.7774763e-01  -6.3167204e-02  -3.9058696e-02   1.5749972e-01  -1.8843512e-01   2.1867080e-01   5.4713434e-02   2.0629333e-01  -9.8652757e-02   4.2079871e-01   1.9694538e-01   2.5636276e-01   1.3006243e-01  -1.4174224e-01   6.1909995e-01   1.4750900e-01   7.5387128e-02   4.3087264e-01  -2.3713298e-01  -6.0705475e-02  -2.4309117e-01  -4.7085241e-01   1.0881550e-01  -8.6693682e-02  -1.4382031e-01   2.5504086e-01   2.2732087e-03  -1.7958639e-01  -7.2234428e-03   3.6257108e-02  -3.0789030e-01   9.7528591e-02  -1.0793319e-01  -3.1446970e-01   5.1999714e-01  -9.1782256e-02   2.7779143e-02  -3.3431642e-01  -1.2878044e-01  -2.7666526e-01   5.6871091e-01   2.7251245e-01  -1.1462776e-01  -2.9948448e-01  -5.1336500e-02  -2.1805206e-01   1.5577373e-01  -8.5433046e-02  -3.0103109e-01   1.6140598e-01   1.0891276e-01   9.6020411e-02  -1.1995891e-01   6.4779788e-02  -2.4227339e-01   1.5558935e-01  -3.9163062e-01  -1.3169769e-01   5.9237398e-02  -1.6762943e-01   2.3807952e-01  -1.0646100e-01   7.8148829e-03  -1.4195232e-01   8.9908517e-03   4.8101615e-02   3.1698142e-01  -1.6763608e-01  -4.0905272e-02  -3.4335415e-01  -4.8698565e-01  -2.8427173e-02   1.6736012e-01   3.6762061e-01   9.9917736e-02  -1.4980550e-01  -6.4105903e-03   1.4785833e-01  -4.4238786e-01   6.2315429e-02  -2.9467105e-01  -2.0381670e-02   9.1703359e-02  -9.9150639e-02   4.1614634e-01   7.0763720e-02  -5.3963318e-02  -2.2308979e-02   4.9647505e-01   1.9873994e-01  -5.7129234e-02   1.4385001e-02   9.0012126e-02   2.1222717e-01   1.5303214e-01  -8.3557581e-02
   1.6581855e-01  -1.6379993e-01   9.2906534e-02   3.2818740e-01   7.9475812e-02   0.0000000e+00   5.9453179e-01   1.6724101e-01   1.5466575e-01  -1.9944516e-01   1.9175252e-01   8.0726705e-03   6.3483674e-03   9.6758840e-02  -1.0185778e-01   2.1934930e-01   1.9591550e-01   2.5028527e-01   1.5959938e-02  -8.7747852e-02   2.2619334e-01   2.5059429e-01   2.7205127e-01   1.1396305e-01   2.4155509e-01  -2.7523385e-02   2.7773996e-01  -4.2835009e-02  -7.7389296e-02   3.9141883e-01  -7.7146192e-02   4.6367525e-02  -7.1949101e-02   2.2965278e-01   3.2324734e-01  -2.2120844e-02  -5.0465795e-02   1.7526271e-02  -4.5447363e-02  -1.0185239e-02   7.7717445e-03  -1.6414818e-01  -2.6038928e-02  -2.3876232e-01   2.0926048e-01   2.0262446e-01   2.8770738e-01   2.7742012e-01  -1.4448658e-01  -1.6512974e-01   2.0685939e-01   7.2833826e-02   2.3038186e-01  -8.4101761e-02  -4.9027728e-02  -1.9688634e-01   2.1345627e-01   3.5129697e-02   1.4087466e-01   1.8051281e-01   2.3686554e-02   1.1299802e-01   3.2124930e-01  -2.2535589e-01  -4.7930960e-02   9.6943305e-02   7.1812406e-01  -2.9519176e-02   2.7009898e-01   3.8404051e-01  -2.8424293e-01   2.1295978e-01   1.7479253e-02   9.7306038e-02  -2.1074597e-02  -3.3601613e-02   3.4602741e-02  -1.6532348e-01  -1.2730842e-01  -1.6430498e-01   1.4798048e-01   9.0786631e-02  -1.9362983e-01   4.9614623e-02   8.1882367e-02  -2.3552637e-02  -1.5890665e-02  -3.0059623e-02  -8.8671413e-02   8.0285726e-02  -2.2571634e-01   2.3561629e-02   4.2905530e-01   1.9398971e-01   8.3837750e-02  -1.3324375e-01  -1.2751109e-01   5.0718658e-02   1.2450658e-01   1.6288389e-01  -1.8488439e-01   2.5478648e-01  -8.9580650e-02  -2.0626504e-01   2.8831561e-01   6.7211496e-02  -1.1238260e-01   1.3737906e-01  -2.3128813e-01   4.2426254e-01  -2.6708226e-02   1.0479603e-01   2.0147715e-01   1.8775498e-01  -8.8717671e-02  -9.5034921e-02  -1.4327060e-01  -4.4010689e-02   3.5334394e-02   8.3415847e-02  -2.4588605e-02  -1.6033736e-01  -2.2763766e-01   1.3960664e-01   9.9517352e-02   3.6571735e-01   2.0773116e-01  -2.6894562e-01   2.1173041e-01   4.1632055e-01  -8.1365441e-02   1.9634262e-01  -2.8977451e-02   1.7955921e-01   5.9226344e-02  -1.3667586e-01  -6.8191049e-02   1.6958032e-02  -1.0751902e-02   3.7223277e-01   1.3144554e-02  -1.5655376e-01   2.8173967e-01   1.2445052e-01   1.6408525e-02  -2.3335516e-01  -1.1345154e-01   1.8393793e-03   3.2486547e-01  -6.8525154e-03   1.3513695e-02  -3.5557845e-02   1.7978413e-02  -1.4606187e-01  -1.4951279e-01   2.2727134e-01   1.2549010e-02   1.2095573e-01  -1.1127878e-01   1.4806497e-03  -7.2525056e-02  -8.9175571e-02  -1.2499385e-01   2.1200073e-01   5.7463402e-02  -9.7891600e-02   3.2463492e-01  -2.6576303e-02   9.3531576e-02  -1.6892653e-01   1.3648480e-01  -9.0674906e-02   1.2090416e-01   5.4080319e-01  -8.7491078e-02  -3.5831006e-01   6.1393702e-02
   1.6520448e-02   5.1324124e-05  -1.8362901e-01   1.9750191e-02  -1.4180749e-02   5.9453179e-01   0.0000000e+00  -3.1906445e-02   8.1123682e-02   4.0843000e-02   3.6768128e-01  -1.2477275e-02  -1.3210394e-01   5.5823174e-03  -1.0484609e-01   2.2803085e-01  -9.7188129e-02   4.1137058e-01  -1.0542614e-01  -3.7336055e-01   4.8516229e-01   3.0781772e-02   5.1024806e-01  -1.2632927e-01  -6.5595207e-03  -2.3756092e-01  -1.6185972e-02   1.1122490e-01  -3.3659063e-01   2.0030910e-01   1.8221707e-01   2.4836807e-02  -2.5151769e-01   6.5326281e-01   3.5630439e-01  -3.0005744e-02   1.0537417e-01   5.1794367e-02  -1.0030772e-01  -3.0784072e-01  -1.0513381e-01  -3.9549958e-01  -1.6062114e-01  -1.4591111e-01   2.6915545e-01   3.1667730e-01   4.5223225e-02   6.1403945e-01  -1.0967614e-01  -4.4273705e-01   3.7103963e-01  -2.0580328e-02   5.8558207e-01  -3.7225479e-01  -4.7097545e-02  -7.8539377e-02   9.6402745e-03  -2.4187403e-02   3.3222852e-02   2.4573150e-02   6.5395051e-02   1.6360887e-01   1.1643782e-02   4.6562541e-03   1.6365748e-01   4.4208795e-01   3.6239434e-01  -2.0051907e-01  -1.3281550e-01   3.9490358e-01  -1.3075138e-01   1.4124670e-01   4.9403923e-02  -1.8183712e-02  -1.5642450e-01  -9.4295300e-02   6.5594779e-02  -8.6004851e-02  -3.9581328e-01  -3.9482195e-01   3.3400025e-01   1.2914120e-01   1.5192388e-01   3.6107441e-03  -3.1262710e-02  -9.5205049e-02   1.3439140e-01  -2.2024303e-01  -2.6403285e-01  -7.3286227e-02  -1.9775800e-01  -1.5545469e-01   3.9617503e-01   2.4604863e-01   6.4454130e-02  -3.8222964e-01  -2.9357438e-01  -1.8770014e-01  -1.4987353e-01   4.5231410e-01  -1.5257689e-01   6.0275307e-01   4.0380471e-02  -1.6946983e-01   3.7934632e-01  -7.4408248e-02  -3.9395796e-01  -2.7407067e-01  -5.8279454e-02   4.8856909e-01   2.3921633e-01  -1.1840239e-01  -4.9540133e-02  -7.2294053e-02  -2.5032922e-02  -8.6182258e-02  -2.3133584e-01   5.2416826e-02   6.6873878e-02  -1.5486456e-02   1.8804031e-01  -3.5898402e-01  -3.9562454e-01   2.7489294e-01   2.1402809e-01   9.8369026e-02   1.1827878e-01  -5.0885969e-01   9.5773223e-02   4.4732152e-01  -1.0152504e-01   6.0602665e-01   8.7307068e-02   5.6721932e-01  -8.7562977e-02  -3.1760107e-01  -4.4358674e-01   2.3874909e-01  -2.3078983e-01   6.1015451e-03  -9.4591493e-02  -3.8358612e-01   1.7496402e-01   2.0616256e-01   3.0794497e-01  -1.5878181e-01   1.3222487e-02   1.4658667e-01   5.6118598e-01   3.2501056e-01  -3.4804392e-02   1.0539782e-01  -1.3505483e-01  -2.1807394e-04  -2.5684310e-01   2.0395160e-02   1.1377842e-01  -8.9360486e-02  -1.7770044e-01   2.1446481e-02  -2.3498001e-01  -1.8130834e-01   1.0930001e-01   3.2321510e-01  -2.7298587e-02  -8.5239478e-02   5.3624979e-01  -2.5646375e-03  -3.8302735e-02  -2.1708198e-01   3.4909801e-01  -6.0006551e-02   2.1599614e-01   2.8397705e-01  -8.9589771e-02  -5.0778160e-01  -1.6058057e-01
   3.5028675e-01  -2.5136394e-01   5.2616140e-02   2.5975086e-01  -3.0634597e-01   1.6724101e-01  -3.1906445e-02   0.0000000e+00   2.1769491e-02  -2.7397514e-01  -1.1181169e-02  -9.3263199e-02   1.1832858e-01  -9.8265176e-02  -1.9690167e-02   3.8915806e-01   2.7382068e-01   2.3759690e-02   3.5978484e-01  -1.8125273e-01  -5.8446663e-02   5.9310799e-01   3.7298580e-02   3.5328065e-01   1.3186348e-01   4.8031959e-01   7.6569419e-02   1.4933388e-01   3.2367671e-01   9.0538583e-02  -3.9126085e-02   2.7341186e-01   1.4920161e-01  -1.1125027e-01  -2.4662923e-01  -3.9199437e-01  -1.8160665e-01   8.1717731e-02   8.5666575e-03   1.4612947e-01   1.1489067e-01   2.5139889e-01   1.9192678e-01   1.2608324e-01  -1.6889260e-01   3.0188074e-01  -4.1143782e-02  -5.8285886e-02  -8.1185882e-02   1.2809162e-02   1.1196363e-01   6.0487760e-01  -2.4456057e-01   1.6494938e-01   1.1298662e-01  -4.9650471e-02   2.2860463e-01   3.1020148e-01   3.0884176e-01   1.4316563e-01   3.1839390e-01  -4.2170514e-02   2.1941760e-01  -4.2477454e-02  -2.2505038e-01  -1.8259678e-01   3.0376410e-01  -1.5475695e-01   1.5380167e-01   2.8987261e-01  -6.1135479e-02  -5.3342668e-02   3.6215542e-02   5.8765686e-02  -7.0685218e-02   1.4834670e-01   2.1218715e-01  -7.6469293e-02  -2.9756889e-01   8.3212954e-03   2.6254073e-01  -7.3653548e-02  -1.1236823e-01   5.3465000e-01   1.6402604e-02   1.0667606e-01   1.0153409e-01  -2.4010961e-01   1.8023272e-01   3.4229945e-01  -1.4239129e-01   1.4326528e-01  -1.4290667e-01   4.5310473e-02   2.2239647e-01  -1.7102163e-01  -1.9267574e-01   2.5803922e-01  -2.8320599e-01  -4.7436492e-02   1.4107522e-01  -2.2705765e-02   3.6644259e-01  -1.3542409e-01   8.5432624e-02   4.0528214e-01   1.6566892e-01   4.3887906e-01  -2.9240124e-02   6.6152727e-02  -7.5840174e-02   3.3973500e-01  -1.9592918e-02   4.6453759e-01   2.4518429e-01  -1.8588170e-01   2.6972330e-01  -9.2466367e-02   6.1738381e-03   2.6435681e-01   1.0587966e-01  -2.6333901e-01   6.8871053e-02  -9.7056464e-02   2.1800560e-01  -2.3596942e-02  -8.2871987e-02   1.5371610e-01   3.0358797e-01   2.7897817e-01  -1.5089181e-02  -1.9008431e-01  -1.7281360e-01  -1.7204850e-01   1.6248357e-01   2.6182459e-01   1.8623047e-01   1.6952345e-04   1.6334714e-01   4.9048233e-01   3.3298910e-01  -1.8427793e-01   2.9309455e-01  -1.9886618e-01  -2.3394402e-01  -2.5910595e-01   1.5395597e-01  -3.9358070e-01   1.5827746e-02  -1.3065613e-01   2.3801870e-01   3.9631087e-01   3.7552980e-01  -6.0381625e-02  -4.1684717e-02   2.6638353e-01   1.1059288e-01   2.4090166e-01   3.0508648e-01   2.5800145e-01  -9.8457457e-02   1.2157736e-01  -2.7910160e-01  -6.6933816e-02   4.1088984e-01  -1.6402301e-01  -1.0231701e-01   3.3812190e-02   2.8662953e-01  -1.9731201e-01  -8.5776614e-02  -1.3845766e-01  -1.0389584e-01   9.6019601e-02   1.7099942e-02  -5.5090699e-02   4.4221189e-01
   2.3258612e-01   4.5400071e-01   1.3539523e-01   3.0423264e-01   5.0004224e-01   1.5466575e-01   8.1123682e-02   2.1769491e-02   0.0000000e+00  -1.3337369e-01  -1.5216012e-01   2.6773226e-01   3.1016384e-02  -3.0241381e-01  -3.7919509e-01   5.7100709e-02   2.2353158e-01  -1.7965471e-02   1.1409639e-02   4.0149695e-01  -3.1320982e-01   9.5685873e-02  -2.8121373e-01   3.1238008e-01   5.5156576e-02  -1.0633826e-01   3.9975827e-01  -4.2348512e-01   1.7989899e-02  -1.2509807e-01  -2.4345383e-01   5.9635995e-02   1.9358359e-01   5.8465110e-02   3.6947440e-01   3.6999795e-01   1.7959956e-01   2.1519548e-02   7.3058473e-02   1.9518919e-01   3.6682518e-02   1.1065476e-01   4.0002345e-01  -4.7488847e-01   2.4975642e-01   1.0535092e-01   2.6668572e-01  -3.3779058e-01  -1.4161493e-01   1.4666602e-01  -7.2392371e-02  -1.0156011e-01   5.7539884e-02   2.4062035e-01   2.0108246e-01  -5.9119057e-01  -2.0434191e-01   5.4628770e-02   3.3673714e-01   4.4974341e-01   1.1233871e-01   8.7545530e-03   4.7467548e-01  -7.6430772e-02  -4.5908401e-02  -6.0301979e-02   2.8646714e-01   2.7449425e-01  -2.0546552e-01   4.5623991e-03   2.1251025e-01   2.7615109e-01   2.0151897e-01   1.6448475e-01   1.0645069e-01  -3.2936999e-01   5.9362149e-02  -2.4284925e-01   4.7133179e-01   1.1439046e-01  -4.6011720e-01   1.8347449e-01  -4.6265978e-01  -1.6379447e-02   5.5789815e-02  -1.5261237e-01   4.5418612e-01   4.1125977e-02   3.0297454e-01   3.5749259e-01   1.0492658e-02   2.1091353e-01   6.3612413e-02   5.8667819e-01   7.5508588e-02   3.6489455e-01   1.8818889e-01   1.2125311e-01   2.7335716e-01  -3.3965515e-01  -3.4886403e-01  -2.0327576e-01  -3.5833202e-01   3.3284882e-01   2.0541350e-01   5.7574586e-02   1.5988951e-01  -1.7656682e-02  -3.7116407e-01   2.1770496e-01  -1.8714817e-01  -2.1550229e-01   2.9790992e-01   3.0213067e-01  -3.7613515e-01   4.4475265e-01  -2.2204136e-01  -1.0588125e-02  -4.6587348e-01   1.2573453e-01   8.7428846e-02   3.9341810e-01   2.2344127e-01  -1.9028805e-01   1.1440466e-01  -1.7499478e-01  -1.4283647e-01   9.6078491e-02   1.8555963e-01  -1.0683639e-01  -6.4882822e-04  -3.4214145e-03  -9.4991344e-02  -3.4699314e-01   3.5923353e-01  -1.3701173e-01   1.1218857e-01  -6.2740789e-01  -9.2603376e-02   2.8283693e-01   1.7632475e-02   2.8781183e-02  -8.7084704e-02  -2.2852257e-01  -6.1775287e-02  -3.5806018e-02  -1.7367415e-01   5.0286702e-01   1.1151324e-01  -4.2902013e-01  -2.0078308e-01  -4.0502134e-01   3.4202209e-01   2.4767921e-01   1.5023357e-01   2.7899187e-01   2.3893866e-01   1.3462820e-01   2.0879145e-01  -5.2322746e-01   2.2259508e-01  -1.0175925e-01   9.0013515e-02   3.6708046e-01   1.3675590e-02   1.3764997e-01   1.3624940e-01  -1.7094857e-01   2.9487887e-01   1.7425537e-01   6.3024030e-02   6.5894160e-02   3.1040773e-01   6.1129820e-02  -5.3608206e-02   5.1151279e-02   5.1518494e-02
  -7.2624164e-02   1.3626780e-01   1.5710755e-01  -1.9350284e-01  -7.2368557e-02  -1.9944516e-01   4.0843000e-02  -2.7397514e-01  -1.3337369e-01   0.0000000e+00  -1.8024106e-01   2.2409585e-01   8.4755781e-02  -1.1010288e-01  -2.1263561e-01  -1.9011200e-01   2.9769887e-02  -6.9844514e-02  -2.0038749e-01  -3.3929170e-02  -9.1284742e-02  -1.1384277e-01  -3.3836317e-02  -1.8543587e-01  -1.5421190e-01  -7.6552607e-02  -8.9517717e-02   1.1034629e-01  -4.8605811e-02  -2.7433568e-01  -4.0084054e-02  -1.4940023e-01  -2.5539120e-01   2.5370781e-01  -3.5295483e-01   2.9851349e-02   4.1561947e-01  -2.8668714e-01  -1.2749166e-01   2.4006891e-01  -1.9355459e-02   3.7046510e-02   1.2512714e-01  -1.3830790e-02  -2.7333476e-01  -1.4801058e-01  -2.8999194e-01   1.0227270e-02   6.2533401e-02   6.9423145e-02  -4.8015626e-03  -2.9516578e-01   5.1848751e-02  -5.1326580e-02  -1.8068242e-01  -7.4750519e-02  -1.8381225e-01  -2.4008526e-02  -1.3215589e-01  -2.6945842e-01   6.7615006e-02  -1.7453234e-01  -2.1292788e-01  -1.5940372e-01   5.5730492e-02   5.7895993e-01  -2.7696289e-01  -2.5536306e-01  -3.6436697e-01   8.6617818e-02   3.9929891e-01  -3.1164012e-01   1.2801503e-01  -1.9584477e-02   7.5258690e-02   6.3359438e-02  -1.9050259e-01  -2.7764283e-01  -2.3280005e-02   1.0702439e-02  -1.2177833e-02   1.5065193e-01   2.1200188e-01  -3.2915391e-01   3.2766893e-02   7.7308353e-02  -7.6543594e-02  -4.2039826e-02  -1.8958191e-01  -1.0790879e-01   3.0575818e-01  -2.2614494e-02   4.5197317e-02  -1.8178582e-01  -2.1836185e-01   2.0464381e-01  -4.7733186e-02  -7.0616055e-02  -1.2142151e-01   1.1093634e-01   2.6220642e-01  -7.0273654e-03  -8.2695173e-02  -2.4135660e-01  -2.8481238e-01   1.5307474e-01  -1.0847055e-01  -3.1727478e-01   3.6077040e-01  -2.0588620e-01   3.4192206e-01  -1.3457029e-01  -2.3131465e-01  -1.2697522e-01   3.5003025e-02   2.8661985e-02  -1.9217158e-01   1.6093800e-01  -1.3938086e-01  -2.5036867e-01  -1.7891289e-01   2.3032632e-01   1.2665231e-01  -3.1523164e-01  -2.5176097e-01  -1.4608200e-01  -1.9379725e-01  -1.3552555e-02  -6.4273725e-02  -2.4959179e-02   1.0085264e-02   1.2224357e-01   2.8462372e-01  -5.3803300e-02  -1.1372400e-01  -7.4670549e-02   1.6251343e-02   3.2815924e-02  -9.4233447e-02  -1.6662601e-01  -5.0440425e-02   1.2026023e-01  -3.5310692e-01   1.2699807e-01  -1.8474331e-02  -3.1111149e-01   4.6130468e-01   1.4638059e-01   6.9142512e-02   1.3664222e-01  -1.5247289e-01  -1.5825002e-02  -1.5770458e-01  -1.1384844e-01   2.4303213e-01  -5.9262011e-03  -2.4150366e-01   7.2873646e-02   9.7972729e-02  -1.6747082e-01  -2.7518323e-01  -3.5261916e-01   6.4383931e-01  -3.6227921e-01   3.8014573e-02   4.2630438e-01   1.7134277e-01  -1.2474810e-01  -1.1350330e-01   3.0970169e-02   2.9652442e-01  -3.2908547e-01  -4.2646513e-01  -1.0162574e-01  -1.5127832e-02  -2.0874289e-02  -5.3600760e-02
  -4.7741012e-02  -2.9268238e-01  -5.9479765e-01   1.1637850e-02  -2.5278781e-01   1.9175252e-01   3.6768128e-01  -1.1181169e-02  -1.5216012e-01  -1.8024106e-01   0.0000000e+00  -5.6930313e-01  -1.0751716e-01  -3.7535479e-02   4.9749902e-01   1.5385858e-01  -4.7642255e-01   6.4850050e-01  -1.4245946e-01  -4.4632909e-01   6.3618689e-01  -5.6248592e-02   5.4839787e-01  -1.2054409e-01  -1.1248420e-01  -5.0665598e-02  -8.0188987e-02   2.8877781e-01  -4.5842584e-01   1.8836311e-01   4.8576009e-01   1.9889917e-01  -2.8395725e-01   3.5050284e-01   2.1617115e-01  -9.3056134e-02   1.1611528e-01   2.9150410e-01  -9.4537918e-02  -5.3561333e-01  -1.1530615e-01  -2.3638326e-01  -5.1890229e-01   2.8565261e-01   8.5722710e-02   2.9241963e-01   2.6439226e-01   6.7569653e-01   2.8254209e-02  -5.7087932e-01   6.2471089e-01   8.3691472e-02   4.4063162e-01  -5.7309517e-01  -2.1634223e-01   3.8207225e-01   1.6208846e-01   1.1365590e-01   1.0745822e-01  -3.3440894e-02   2.3441122e-02   1.2745998e-01  -1.4259058e-01   5.3743911e-01   3.5872222e-01   1.8371019e-01   5.2226952e-02  -1.9606414e-01   2.1589212e-01   5.7381460e-02  -4.3841179e-01   2.3394041e-01  -3.6551425e-02  -3.2862725e-01  -4.3263690e-01   1.4086958e-01   2.6997831e-01  -1.0274400e-01  -5.7069004e-01  -4.4460779e-01   4.4935378e-01  -5.4033095e-02   2.8751022e-01  -4.2435457e-02  -3.8573725e-01   5.8910704e-02   5.7318493e-02  -1.5191535e-01  -3.7821776e-01  -1.6577884e-01  -2.9592596e-01  -1.7897988e-01  -1.3163776e-02   8.8669495e-02   2.5160695e-01  -6.3644179e-01  -3.1022547e-01   8.6977844e-03  -3.8264120e-01   4.8683151e-01  -6.9858284e-02   6.4194286e-01   1.5926676e-01   7.9358597e-02   4.8045453e-01   2.1135358e-02  -5.2418968e-01  -2.8384403e-03   2.3839999e-01   3.9725696e-01   1.1613510e-01  -9.9524150e-02  -3.5605184e-02  -1.3649690e-01   2.4688908e-01  -2.4827855e-01   3.8272890e-03   1.7570772e-01   2.9679764e-01   7.6516553e-02   1.6427700e-01  -6.8869863e-01  -4.9879121e-01   6.2636794e-01   2.1356692e-01  -1.0772770e-01   2.6959790e-01  -6.2314557e-01   2.3201021e-01   1.3109951e-01  -1.9648957e-01   5.9111485e-01  -1.9425689e-02   6.4042815e-01  -1.8064020e-01   1.1834424e-01  -3.8949584e-01   5.5236382e-01  -5.4460125e-02  -1.2515227e-01  -1.9820724e-01  -3.2300686e-01   4.0059229e-01  -1.9215282e-02   5.6943556e-01   4.3783905e-01  -2.9624467e-01  -4.8189039e-02   5.4359903e-01   4.4586784e-01  -2.1830343e-03   3.2784633e-01  -1.8598008e-01   2.6859861e-01  -5.6512059e-01  -2.6538422e-01   9.0756694e-02   2.4220412e-03  -3.3531192e-01   1.8439925e-01  -9.4312171e-02   5.7432831e-01   8.4955169e-02   5.2783595e-01   1.3681988e-01  -3.3153648e-01   4.9957747e-01   8.2963331e-02  -3.0783417e-01  -3.5772166e-01  -1.8038330e-02   9.9766180e-02   3.9467521e-01   6.9174419e-03  -1.7599417e-01  -3.9728644e-01  -1.0407202e-01
  -1.1906517e-01   6.1620286e-01   7.7720657e-01  -3.7053610e-02   4.0904876e-01   8.0726705e-03  -1.2477275e-02  -9.3263199e-02   2.6773226e-01   2.2409585e-01  -5.6930313e-01   0.0000000e+00   2.2925948e-02  -1.4264629e-01  -4.9581000e-01  -1.4868540e-01   5.9546764e-01  -5.3534390e-01  -4.8720729e-02   4.3810876e-01  -5.8305670e-01   4.9413773e-02  -5.9418417e-01  -8.8019975e-02   1.3464812e-01  -4.8539790e-02   1.5016546e-01  -4.2507415e-01   5.4800159e-01  -1.4283198e-01  -1.5767508e-01  -2.4569742e-01   1.7902482e-01   6.3869942e-02   1.4940878e-02   2.7256089e-01  -1.5953914e-02  -1.5562457e-01   1.5516658e-01   6.0156544e-01   2.0928449e-01   2.1475505e-01   6.3050625e-01  -2.5060108e-01  -1.1677609e-01  -2.3688360e-01  -1.9744886e-02  -4.4388450e-01  -1.6301265e-01   6.8045236e-01  -6.1706911e-01  -1.8680135e-01  -2.2431995e-01   4.2800688e-01   9.8109504e-02  -3.7583661e-01  -2.6157550e-01  -1.3755317e-01  -3.7526472e-02   2.5348531e-01   2.2787903e-01  -1.3393707e-01   2.6111319e-01  -2.0093841e-01  -3.6234409e-01   7.5142358e-02   2.7634236e-01   8.9180658e-02  -4.0887215e-02   4.7112139e-02   5.2419919e-01  -3.4954847e-01   1.6547384e-01   4.4045887e-01   2.2201801e-01  -1.5330681e-01  -1.1659689e-01   3.7187985e-02   5.9633837e-01   2.7273283e-01  -5.4187966e-01   1.1082160e-01   1.1983244e-03  -1.2058200e-01   4.3073671e-01  -1.5330606e-01   1.5562377e-01  -5.9386949e-03   3.1926097e-01  -1.0103204e-02   2.5153370e-01   4.0061345e-01   3.2492954e-01   5.2338850e-02  -1.7043926e-01   6.6014203e-01   1.0075130e-01  -1.2077310e-01   3.4553278e-01  -5.7501925e-01   1.3195090e-01  -3.9417976e-01  -3.3798286e-01  -5.3212273e-02  -4.0413738e-01   5.7501158e-02   4.5666449e-01  -3.5585413e-02  -4.2722223e-01  -3.0294379e-01   1.5397016e-01  -1.0135433e-01  -1.9382050e-01  -1.1634214e-01  -3.6470850e-01   3.3313545e-01  -5.6962330e-02  -7.2656251e-02  -4.4955400e-01  -1.8278909e-01  -1.7840625e-01   6.6355664e-01   6.7548184e-01  -4.4140596e-01  -2.4388723e-01   6.1640069e-02  -2.8433230e-01   5.4173566e-01  -1.9028212e-01  -1.3139434e-01   2.8120353e-01  -2.4104095e-01   2.0687754e-01  -4.4427082e-01   1.4992483e-01  -1.9080618e-01   3.7369140e-01  -5.6109647e-01  -1.4127929e-01  -1.2113018e-02   2.1595079e-02   1.9389349e-01  -2.7350333e-01   2.8732481e-01  -2.2731195e-01  -3.6506849e-01   4.0763236e-01   2.4108280e-01  -4.6988793e-01  -3.7985515e-01  -2.8540030e-01  -3.9947883e-01   1.3751544e-02   7.4271741e-02   7.9521765e-01   5.3225625e-02  -1.3732663e-01   1.8831603e-01   4.9398938e-01  -4.7972873e-01  -4.7004812e-02  -3.4006659e-01   5.1773049e-02  -3.6333038e-01  -1.3480403e-01   5.2294093e-01  -1.2519528e-01  -6.7577910e-02   2.0057805e-01   5.4738963e-01   3.7956631e-02  -5.8813819e-02  -3.3628032e-01   2.2072836e-01   2.2856695e-01   2.6945039e-01   6.2305121e-02
   8.9274743e-02  -4.3841977e-02   1.7136015e-01  -1.4902469e-02   3.8598650e-03   6.3483674e-03  -1.3210394e-01   1.1832858e-01   3.1016384e-02   8.4755781e-02  -1.0751716e-01   2.2925948e-02   0.0000000e+00   4.9842005e-02  -1.3856563e-01   3.0774783e-02   1.9852556e-01  -6.6174563e-02   8.5080155e-02   1.8018448e-01  -1.0698578e-01   7.1953292e-02  -1.7051620e-01   3.5290257e-02   2.2566892e-01   1.0007516e-01   4.0762528e-02  -1.3873601e-01   9.2569263e-02  -1.1223126e-01  -1.6247504e-01  -2.3404798e-01   3.7115854e-03  -1.1872170e-01  -1.7811328e-01   6.1137069e-02   1.3958161e-01  -7.0322210e-02   5.2403885e-01   9.8761341e-02   6.7354025e-01   3.9310582e-01   6.6390349e-02   1.1722142e-01   3.4191717e-02  -7.8836686e-02  -2.1638576e-02  -1.6937816e-01   1.9855456e-01   9.3012489e-02   6.4434132e-02  -2.0473594e-01  -1.2411358e-02   1.7234390e-01   9.4638661e-02   3.7649397e-02   1.5254495e-01  -3.4807884e-01   1.5342114e-01   2.3008511e-02  -4.9962372e-02   1.8763801e-01  -7.7603099e-02   9.0442150e-02  -3.9335445e-02   2.1867551e-03   2.0455972e-01   1.9149950e-01   2.7467449e-02  -3.2768889e-02   1.6232516e-02  -5.3753775e-02   4.5218233e-01   9.3896234e-02   2.3483470e-01  -2.9884254e-01  -8.7556521e-02   2.5175485e-02   1.1602130e-01   3.6433904e-01  -7.5886358e-02   4.9150702e-01  -1.0364594e-01   1.1266836e-01   9.1348626e-02  -1.9609914e-01  -1.7349074e-02   1.2310874e-01   7.8759260e-02   6.6515134e-02  -2.8478215e-02  -7.6172830e-03  -1.1301733e-01  -1.1135342e-01  -1.0846813e-01   1.2403486e-01   3.0036244e-01   1.6646916e-01   1.7977958e-01  -7.5208050e-02  -3.6088593e-02  -2.0365256e-01   3.3785272e-02  -6.1628218e-02  -2.9408815e-01  -1.7931564e-01   1.1570127e-01   1.7943556e-01  -3.2004369e-03   2.6496323e-02  -1.1410006e-01  -5.4686011e-03  -3.3580539e-02   1.1195496e-01  -8.1057188e-02  -3.5957202e-02   2.0886680e-01   7.4010224e-01  -9.2602088e-02  -1.6950106e-01  -1.0040431e-01   1.3441690e-01   1.1408517e-01  -8.4011604e-02  -5.3520419e-02   4.9109831e-02   7.8085545e-02   1.3364733e-01  -2.6704744e-01  -4.1234880e-03   5.9249273e-01  -6.7882598e-02  -7.4838932e-02  -9.6855497e-02  -2.3175522e-01  -1.1898762e-01   4.3049377e-01  -1.3721844e-01  -2.1604929e-01   1.3025362e-02  -1.2801349e-02   4.8205015e-01  -1.3606643e-01   3.4086040e-02   2.0388422e-02  -1.4274156e-01  -1.0071571e-01  -5.8818542e-02  -1.5205920e-01  -9.0983826e-02  -1.6677482e-02   1.8444484e-01   1.4480422e-01   2.0625377e-02   1.0770287e-01   1.3627253e-01  -8.6271993e-02   3.4080455e-01  -1.3495279e-02   4.8849640e-02   1.2680340e-01   3.4819405e-02  -1.0038769e-01  -1.7640792e-01   2.0741332e-03   3.7089662e-03   1.3103195e-01   2.2734339e-02   1.0883847e-01   5.3904833e-02  -1.1159018e-01  -5.5092996e-02  -8.3505416e-02   1.2114641e-01   2.7785736e-01   1.2709438e-01   4.9120760e-02
   3.2397064e-01  -2.4982498e-01  -1.3470710e-01   5.7718646e-04  -3.3518060e-01   9.6758840e-02   5.5823174e-03  -9.8265176e-02  -3.0241381e-01  -1.1010288e-01  -3.7535479e-02  -1.4264629e-01   4.9842005e-02   0.0000000e+00   1.9962933e-01   1.3628521e-01  -2.1550918e-01   2.5268663e-02  -8.9857870e-02  -2.5952379e-01   6.4842128e-02  -3.2605088e-02   5.4307324e-02   1.5662403e-01   1.8310472e-02  -1.9157319e-01  -3.1593953e-01   2.7289932e-01   2.4315524e-02   4.0604801e-01  -2.0017612e-01   2.2594798e-02   1.5417742e-02  -3.3346795e-01   1.4009527e-01  -3.0640932e-01  -1.2419043e-01   3.6710959e-02   9.2017966e-02  -2.7549689e-01  -6.2821448e-02  -6.8772606e-02  -2.3723892e-01   1.3248757e-01   2.2960625e-01   2.5077464e-02  -1.0826923e-01   1.2308633e-01   9.0568056e-02  -2.0095478e-01   1.2288236e-02  -1.3904187e-01  -4.1502865e-02  -3.6299292e-02   7.4135546e-02   2.5754792e-01   1.4826839e-01  -8.0260090e-02  -7.6005974e-02  -1.6328908e-01  -2.1898894e-01   2.4407118e-02  -2.3128128e-01  -3.0419806e-02   3.2544950e-02  -2.8203702e-01  -1.1207160e-01   8.2428490e-02   5.4751581e-02  -1.2578650e-01  -2.7399214e-01   5.4241090e-02  -9.9776224e-02   3.9677884e-01   5.9631983e-02  -1.8464355e-01  -8.0764395e-02   1.5099666e-01  -6.0942403e-02   5.3448525e-02   5.2709223e-02  -7.6422439e-03  -5.4382080e-02  -1.8733578e-01   3.0907871e-01  -7.6797558e-02  -2.6942036e-01   4.4313793e-01  -2.0434596e-01   3.0096704e-01  -9.4947024e-02  -1.6273062e-01  -1.3944761e-01  -2.6722981e-01  -1.8106790e-01  -2.4700043e-01   5.9482869e-02  -1.6409534e-01   1.7574828e-01   8.9916041e-02  -1.9430989e-01   3.3254548e-02   2.7491589e-01  -9.1337463e-02   3.5022119e-02  -1.0637123e-01  -6.2953720e-02  -1.8175103e-01  -1.0591340e-01  -1.0122347e-01  -3.6691914e-01   3.7730949e-01  -1.9418866e-02   1.5294182e-01  -3.4686538e-02  -6.9914064e-02  -2.7626217e-02  -6.3283703e-02   4.8709827e-01   1.1709732e-01   8.6128926e-02  -1.2754350e-01  -2.8028241e-01   1.9412061e-01   6.4790970e-02   5.9569549e-01   2.9882902e-01  -3.7176851e-02  -8.3710618e-02   2.5829215e-01   7.7653029e-02  -2.8550938e-01   7.5882841e-02  -1.6875157e-02  -9.6458548e-02  -2.2488637e-01  -3.8090174e-03   1.4665662e-01  -1.0262945e-01  -2.0817640e-01   3.8964161e-01   1.5568417e-01   6.9017860e-02   2.0016751e-01  -7.4962182e-02   1.3848900e-01  -3.7960624e-01  -7.0844292e-02  -1.9022557e-01   1.1292226e-02   4.4733836e-01   2.8517735e-01   6.4776732e-02  -2.8857571e-01  -2.1592008e-01   2.5839032e-02   1.2712686e-02  -2.4575738e-02  -3.1397399e-01   4.4953467e-01   7.9814894e-02  -8.1278977e-02  -1.6137084e-01  -1.2139880e-02  -1.4884591e-01  -1.8622856e-01  -1.4882317e-01   2.4653950e-01   1.6419007e-01  -3.1102609e-01   1.6732887e-02  -1.9108299e-02   3.0056060e-02   1.8300124e-01   4.6830259e-02  -8.3245352e-02  -1.2741826e-01
