   0.0000000e+00  -1.8440721e-01  -2.0211647e-01   1.7547042e-01   7.9782427e-02  -9.7704028e-02  -1.5831051e-01  -4.5176256e-02  -2.3018021e-02  -1.9633443e-01   7.6050479e-02  -2.4638758e-01   4.2355318e-02   2.0588701e-01  -3.0285215e-02  -2.8723279e-02  -1.5111565e-01   7.4932365e-02   7.2589705e-02   8.7386751e-02   6.3059628e-02   6.5422799e-02   5.6809129e-02   9.1477458e-02  -1.3238699e-01  -3.3240491e-02   3.4957267e-03   1.2288045e-01  -8.2347158e-02  -9.4952758e-02   4.6181847e-02  -3.9599329e-02   4.8462980e-02  -3.6944281e-02  -3.3782669e-02  -6.2464938e-02  -9.6342400e-02  -9.4469151e-02  -1.9075155e-01  -1.9612186e-01   1.9540596e-01   4.0515344e-02  -2.2998084e-01   1.2871227e-01   4.8881166e-02   7.4348450e-02  -8.0882955e-03  -3.9266349e-03  -6.6910590e-02  -1.3309222e-01   2.6855684e-02   1.7597717e-01  -1.2051466e-01  -1.4432628e-02  -6.2086881e-02   1.4137228e-01   8.1604756e-02  -1.0448923e-01   1.5773322e-01   1.2294464e-02   1.1225094e-02   5.1634023e-02   8.4442935e-02  -1.8089791e-02   5.0853127e-02  -2.1250452e-01   1.9612376e-01  -1.7503269e-01   9.8488524e-02  -1.7085657e-02  -1.9431600e-01   1.5771094e-01  -1.1641614e-01   1.3252136e-01   2.4506227e-01  -1.1537730e-01   1.4435143e-01   4.0863198e-02  -1.7406908e-01  -1.9738301e-02   2.0059996e-01  -1.2078597e-01   2.6320025e-01  -5.5678196e-02   1.2210443e-01  -1.1590942e-01   8.0370272e-02   1.3258102e-01   8.6444486e-03   8.5859108e-02  -1.0769449e-01  -2.0059251e-02  -1.7057397e-01   4.8219497e-02   1.2449353e-02  -1.5723046e-02  -5.4086571e-02   1.4257347e-01  -1.6184417e-01   1.6056811e-02   1.7055235e-01   2.8869633e-02   1.7627304e-01  -7.2875386e-02   1.0334693e-01   2.6825344e-02  -3.9994849e-02   9.7630643e-02   6.1276184e-02   1.0033625e-01  -1.8452673e-02   3.8247827e-02   5.1495331e-02   2.6601092e-01   1.1812468e-01  -1.6678981e-01  -1.1353131e-01  -2.0630400e-01   4.7309905e-02   8.1892046e-02   1.7443072e-01  -1.6131151e-01  -1.2886221e-01  -1.8480255e-01   3.8966561e-02   2.5862887e-01  -2.1375357e-02   1.6043689e-01   4.8211630e-02  -8.0960836e-02   2.4579683e-02  -7.3803987e-02   2.6258301e-01   1.5029598e-01   4.4801946e-02  -1.0276741e-01   7.7137047e-02   1.5132776e-02  -5.7439179e-02   7.3359663e-02  -7.4427196e-02   7.7673762e-02  -1.2233930e-01  -1.3741318e-01  -1.7537388e-01   2.9781214e-02  -9.1274442e-02  -9.6652401e-02   6.2418432e-02  -9.8683807e-02   1.6267987e-01   2.0107333e-01  -2.9629093e-02  -3.6773731e-02  -1.3216137e-01  -1.1101303e-01  -1.4247028e-02   3.2830386e-02  -4.9434679e-02   1.5920733e-01  -8.1953854e-02  -8.5581231e-02   7.2050661e-02   1.8344105e-01   1.5742080e-01  -2.6716533e-01  -1.0132368e-01  -6.0230932e-02   7.1827264e-02  -9.1662753e-03  -1.6767801e-01  -1.3661975e-01   1.3373227e-01   3.8968525e-02  -1.3522592e-02  -4.7409750e-02   3.6234393e-02
  -1.8440721e-01   0.0000000e+00   4.2401521e-01  -2.2344890e-01   3.9291243e-02   1.5775721e-01   2.7492778e-01  -1.7587368e-01   6.1140926e-02   2.1877473e-01  -6.0825611e-02   6.4526809e-01  -2.4928302e-01  -3.2032025e-01   4.6767837e-01   2.3618509e-03   3.2042897e-01  -8.6745818e-02  -7.8099139e-02  -9.7556104e-02  -7.3635938e-02  -2.1498009e-01  -2.3309054e-01  -2.3652737e-02   2.6599259e-01  -2.2870685e-01   1.1522875e-01  -3.2031039e-01   9.8966560e-02   4.6108263e-01   4.3591236e-01  -5.5474965e-02  -1.3927721e-01   3.4045891e-01   3.0694455e-01   1.4975148e-01  -3.0172724e-02   1.8995091e-01  -1.2115188e-02   9.1944247e-02  -2.2893748e-01  -7.8267507e-02   3.3195294e-01  -4.9037557e-01   4.8850412e-02  -9.8373794e-02   1.7196069e-01   3.1743129e-01  -1.8752965e-01   9.2907065e-02  -3.0765995e-01  -4.5253602e-02   4.9823183e-01   2.1163734e-01  -7.4800143e-02  -4.2267774e-01   2.4894566e-01  -6.4419030e-02  -1.6532403e-02   2.8207775e-01  -1.3161580e-01  -3.7945307e-01  -1.1653146e-02   3.0872580e-01   2.4685276e-01  -3.3353784e-01  -1.1175090e-01  -1.1806387e-03   1.0933228e-02  -2.7371526e-01   4.9145901e-01  -2.0933836e-01   1.9830711e-01   7.7515479e-02   2.2428451e-01   2.1755566e-01  -1.1154105e-02  -2.9469456e-01   4.3590541e-01  -2.1389422e-01  -6.9935402e-02  -2.2116936e-01  -7.0349295e-02  -3.7543525e-01  -2.1194788e-01   1.8251809e-01   1.7372530e-01  -4.9559282e-02  -7.4862223e-02  -9.4736042e-02   3.3249722e-01   1.3144880e-01   2.8504556e-01  -1.6690611e-01   6.2303102e-02   8.3480010e-02  -1.8067254e-01  -2.6393435e-01  -1.9831833e-01   3.8475656e-01  -2.5970799e-01  -1.5376648e-03  -2.0972262e-01   3.4063062e-01  -1.2643141e-01  -2.1100656e-02  -5.1199778e-02   2.0995241e-01  -2.9220556e-01  -1.8826304e-01  -3.2080456e-02   1.3628902e-01  -1.3289394e-01   1.0393255e-02  -1.3151004e-01   7.2809320e-01  -1.9311546e-01   1.9759703e-01  -3.6034739e-01  -8.8983658e-02  -1.0720418e-01   2.4830989e-01   1.8540233e-01   4.1848130e-01   1.1207231e-01  -2.9416420e-03   1.2446251e-01   2.4063729e-01  -1.2118766e-01   3.1708779e-01  -5.1712026e-03   2.6115513e-01  -4.6282869e-02   2.1604052e-01  -2.2360800e-01   3.3377726e-01  -1.7950123e-01   8.0005870e-02   1.1742078e-01   9.3367816e-02  -2.1568401e-01  -1.8686351e-01   6.4366881e-02  -2.8511050e-01   5.4972595e-01   6.3531152e-02   4.9930668e-01   1.1152610e-02  -2.0569815e-01   3.7668518e-01  -2.2184748e-01  -3.7329090e-01  -2.3178748e-01   3.4567609e-01   3.9962444e-01   7.2059246e-02  -3.0441451e-01   1.3755507e-02  -2.6594294e-01   7.7001001e-02  -6.4700798e-02  -3.5142951e-02  -4.1490738e-02  -3.9943821e-01   8.2197725e-02   4.8451271e-01   1.1839295e-01  -4.4543471e-01  -4.4092389e-01   1.8498449e-01   5.2439558e-01   9.1643476e-02  -2.0883291e-01  -1.2520822e-01   2.0888585e-01  -4.5694024e-02   2.2360372e-01
  -2.0211647e-01   4.2401521e-01   0.0000000e+00  -2.8836076e-01   5.4537713e-02   1.8767618e-01   1.6170449e-01   9.2499322e-03   3.0432848e-02   4.4997422e-01  -2.3037142e-01   3.7742269e-01  -1.4863585e-01  -4.3847796e-01   4.1628075e-01   5.3595129e-02   7.6370236e-01  -1.5492275e-01  -5.0208670e-02  -4.7594764e-02  -2.3862170e-01  -3.2043442e-01  -1.3651112e-01  -3.0820060e-01   2.1980757e-01  -2.3948110e-01   3.9756773e-01  -8.2548632e-02   7.6176421e-02  -1.3995586e-01   1.8213657e-01  -2.3278083e-01   2.1412795e-03   2.0839439e-01   6.7369699e-02   9.4684265e-02  -1.1801947e-01   3.1612447e-01   1.9648303e-01   6.3800622e-01  -1.4290345e-01   7.3575641e-02   3.0856325e-01  -3.2689605e-01  -5.8751247e-02  -1.6721738e-01   3.1692072e-02   1.4632972e-01  -2.4608521e-01   6.6591285e-01  -3.6920332e-01  -3.0970867e-02   3.7148007e-01   2.0314946e-01  -1.4959725e-01  -2.8989218e-01  -2.2011309e-02  -1.8698386e-01  -1.2480839e-01  -1.6102550e-01   2.8673295e-01  -3.7989646e-01   8.4823157e-02   1.5986419e-01   5.6218157e-02  -2.1415779e-01   8.3972759e-05   1.3908067e-01  -1.3684445e-01  -8.4942892e-02   5.2959771e-01  -2.3911142e-01  -9.8978605e-03  -8.6338283e-03   1.2982611e-01  -1.0369431e-01  -7.4335153e-03  -2.9307171e-01   3.3140592e-01  -1.8942648e-01   4.0107010e-02   4.5987686e-02   1.8499743e-01  -3.1345902e-01   2.4541806e-01   1.1175374e-01  -1.1901852e-01  -1.8737462e-01   5.0160999e-02  -1.4363580e-01  -1.0111094e-01   2.0196146e-01   4.1851127e-01  -1.9441427e-01   5.0882029e-02   3.4645006e-01  -4.9439911e-02  -2.5119538e-01  -7.7699315e-02   1.9372502e-01   1.4990957e-01  -2.8867444e-02  -3.7020307e-01  -1.1276721e-01  -3.7131032e-01  -2.5165123e-01   1.7345571e-01  -2.3220248e-01  -3.1919695e-01   1.4731530e-01   2.1604989e-01  -3.8018483e-01  -5.5381717e-02  -1.1189727e-01   2.9736160e-01   1.8251848e-01  -2.6784114e-01   1.5546969e-01   2.9743127e-02  -2.4893913e-01  -2.1193049e-01   1.7816239e-01   1.1249801e-01   3.2898470e-02  -4.0842236e-02  -2.4492016e-01  -1.8463231e-01   7.0565371e-02  -1.4345653e-01   5.6432603e-01   1.9413949e-01   1.0553965e-01  -1.8355874e-01   1.7271000e-02  -8.0259604e-02   1.4248719e-01  -3.1571825e-02   1.9192211e-01  -3.2716292e-02  -4.7500139e-02  -1.2779720e-01  -1.0794746e-01  -3.9190439e-01   3.8808614e-01   2.9318140e-01  -2.5127328e-01   5.0028218e-01  -3.0011625e-01  -1.7689517e-01   1.0501676e-01  -1.3105211e-01  -2.6910161e-01  -7.7176521e-02   2.5153494e-01   6.8348951e-01  -2.5202108e-02  -1.3219345e-01  -1.4336198e-01   1.8563842e-01  -4.6533755e-02   9.0177550e-02  -7.9332324e-02   1.6639523e-03  -3.0432938e-01  -2.0186910e-01   3.4852589e-01   4.7841059e-02  -2.6024957e-01  -1.7252864e-01   3.3346550e-01   2.7803707e-01   2.0760388e-01  -7.1541840e-02   4.8911506e-03   1.8019620e-01   1.3103851e-01  -1.1960051e-01
   1.7547042e-01  -2.2344890e-01  -2.8836076e-01   0.0000000e+00   5.9507330e-02  -3.7527706e-02  -2.5418546e-01   2.2920330e-02   5.1322137e-01   3.3116234e-03   2.4626467e-01  -2.6904684e-01   1.4030998e-01   3.0653812e-01  -4.4349616e-01  -5.9301775e-01  -2.7058745e-01   6.4325533e-01  -1.4007609e-01   5.7332607e-01  -1.1298316e-01   2.5058810e-01  -2.1601179e-01   1.9537434e-01  -3.7033788e-02   9.9333856e-02  -1.6873280e-01  -1.4633512e-01   3.7960346e-02  -2.2729275e-02  -2.0194339e-01   2.6630481e-01  -1.4286490e-01  -4.0313601e-01   7.7321760e-02  -1.2213297e-01  -8.2196730e-02  -2.3615007e-01  -4.3818789e-01  -3.4783618e-01   5.3280483e-02  -2.0600485e-01   1.3353872e-01   2.2833620e-01   5.3972590e-01  -2.0995810e-03  -1.3344774e-01  -8.5668677e-02  -1.9597414e-01  -3.1562383e-01   4.2910974e-01  -2.1850402e-01  -3.1536809e-01   2.1243794e-01   1.6661845e-01   1.6201703e-01  -2.9258630e-01   2.2893279e-01  -4.4804132e-02   7.0908921e-02  -9.1688842e-02   1.7740096e-01   5.3698390e-01  -3.4457806e-01   1.6115415e-01  -1.6615752e-01   1.1848900e-01  -1.6455281e-01   3.6976351e-02  -9.2022658e-02  -3.5230259e-01   6.9388395e-01  -3.6184732e-01  -3.6658522e-01   5.7512809e-02   6.8450005e-02   2.1410430e-01   4.6257162e-03  -3.5718166e-02   3.1463182e-01  -1.9750859e-01  -2.3994246e-01  -2.1903031e-01   7.3906086e-02  -1.9168178e-01  -3.8860189e-01   2.8879747e-01   3.4475316e-01   8.2656026e-02  -1.2042513e-01  -8.9520836e-02   3.3680457e-01  -3.1852423e-01   4.4309056e-01  -2.2942237e-01   4.5261703e-02   1.9364596e-01  -6.5536720e-02  -1.8662483e-01  -2.6379425e-01   6.4213370e-02  -1.2170428e-01   2.9340125e-01   3.7070341e-02   6.2916157e-01   1.9514067e-01   3.6512897e-01   2.8457406e-01  -2.6965304e-02  -3.8848037e-01  -3.3992563e-01   4.2392272e-01   3.8865321e-01   1.4500819e-02  -2.2791265e-01  -1.0292212e-01   6.6363742e-02  -2.7192405e-01  -1.8555951e-01   8.3598611e-01   5.3938861e-01  -7.6142148e-02   9.9910689e-02  -7.3727665e-02  -2.2401614e-01   1.3579042e-01   5.6687563e-01   4.0864409e-01   6.9819162e-01  -2.0803809e-01  -5.2754711e-01  -2.4382095e-01  -1.1915964e-01  -2.7913887e-01   6.4542425e-01  -1.2365170e-01   1.9076068e-01  -3.3468929e-01  -3.0811465e-01   1.5202860e-01   5.8208198e-02   9.5963786e-02   2.9869354e-01  -3.0667208e-01  -5.0425373e-01   2.6308823e-01  -3.7524295e-01  -3.1048531e-01  -7.5638834e-02  -2.9704411e-01  -2.4385315e-02   3.4778394e-02   3.7530629e-01  -1.6508419e-02  -2.9435537e-01   2.2432778e-01   2.6801386e-01   1.9402966e-01  -8.5446403e-02  -3.2794921e-02   5.2065333e-02   2.3958975e-01   2.6163328e-01   6.7745409e-01   1.9572117e-01   4.4339068e-02   2.1592446e-01   1.5142909e-01   4.9912324e-01  -3.0881617e-01  -2.2716843e-01  -2.3351142e-01   4.1533519e-01  -2.3225754e-01  -1.2624329e-01   5.0230600e-01   3.0551711e-01
   7.9782427e-02   3.9291243e-02   5.4537713e-02   5.9507330e-02   0.0000000e+00  -4.2408518e-02  -2.6894749e-01  -4.2461857e-02   1.0380773e-01  -1.9835024e-01   2.8977432e-02  -1.5337000e-01   6.1970936e-02  -1.5011983e-01   2.0167710e-03  -1.1773463e-01   2.7752112e-01  -1.6364386e-01  -2.2594617e-01   5.2119758e-01   5.0008886e-01  -6.1374742e-02  -9.0190481e-02   1.4036759e-01  -9.7699865e-02   1.8976086e-01   7.6631417e-02   1.9820604e-01   4.1396902e-02  -1.0408620e-01   2.2448479e-01  -8.0064260e-02   2.4621576e-01  -1.6688034e-01  -1.2660506e-01   1.9702251e-01  -3.9525912e-02   8.2764109e-03   1.0743610e-02   2.0746607e-02   8.4398317e-02  -1.5276384e-03  -5.1409756e-02  -1.6548475e-01  -6.6745033e-02   5.8761002e-02   9.2116778e-03  -9.7032160e-02  -2.9884373e-02   8.9711666e-02  -1.0796339e-01   1.6784251e-01  -9.3656831e-02   3.5886038e-01  -3.9774828e-02   2.9722925e-02  -4.0264037e-02  -1.0773546e-01   2.8246888e-01  -8.9859914e-02   1.8111565e-01   1.2707333e-01  -1.4360608e-01   1.1513899e-01   6.2197620e-03  -4.1959901e-01   1.0894892e-01  -1.9172270e-01  -8.4682905e-02  -2.3452348e-02   1.4506218e-01  -5.5885127e-02  -2.0254144e-01  -9.7504347e-03   1.1674689e-01  -4.4765265e-02   8.3327487e-02   4.6302686e-02   2.7283580e-01  -6.2777897e-03   5.8302980e-02   2.7571506e-03   1.7350313e-01  -1.1763638e-01   1.6582668e-01  -1.3192144e-01  -5.4622384e-02   1.6653558e-01  -1.9837730e-01  -1.1939522e-01   4.3872593e-01   2.2273537e-01  -1.2500307e-01  -2.0288003e-02  -7.5858318e-02   3.3092180e-01  -1.4293797e-01   5.0096854e-03  -1.5780367e-02  -1.1178632e-03   3.0589684e-01  -4.8925682e-02  -1.5430538e-01  -9.0656950e-02   9.8408832e-02   1.6889196e-02   3.2092879e-01   8.9471791e-02   7.0379029e-02   5.2505971e-02  -2.3185708e-02  -9.6431985e-02  -1.6025448e-01  -9.4032160e-02   1.7692926e-01  -5.7583147e-02   2.2985279e-02  -1.3404837e-01  -2.7205140e-03   1.0705416e-02   3.5017304e-02   4.0480891e-01  -5.4959476e-02   3.3896272e-02  -1.5222259e-01  -8.0363025e-02  -1.1518915e-01  -1.2463916e-01   1.1255346e-01   1.0654739e-01   2.3351697e-01   1.1321402e-01  -1.2857128e-01   1.7659924e-03   5.9036458e-02  -7.9162110e-03  -1.1404945e-01   1.0683035e-01  -5.4087007e-02   7.7067385e-02  -1.9343238e-01   3.5212195e-01  -3.3341888e-02   2.3085842e-02  -1.3113915e-01   2.1630270e-02  -6.6038570e-02  -3.3072557e-01  -4.8586954e-01   7.0285218e-02  -1.7669757e-02  -6.0175538e-02   2.1760141e-01   9.2189288e-02   4.8551473e-02   1.2231284e-01   6.2818086e-02   1.7630845e-01   1.6895283e-01   9.3512522e-02  -1.1823031e-01  -1.7558684e-01   4.8704874e-02   2.9312999e-02   2.6362569e-02   1.7551820e-03  -1.1748510e-01  -7.9914838e-03   6.4097370e-02   9.8623353e-02  -8.5185605e-02   1.5482964e-01  -2.5619676e-02  -4.0485414e-02   6.5010050e-02   2.1478592e-02  -4.7504690e-02
  -9.7704028e-02   1.5775721e-01   1.8767618e-01  -3.7527706e-02  -4.2408518e-02   0.0000000e+00   1.9984774e-01  -5.0527338e-02  -1.7732121e-01   1.5577523e-01  -2.0483150e-01   1.5095366e-01   1.0244372e-01   1.4390510e-01   2.5419604e-01   3.0247496e-02   1.7177850e-02  -1.6045909e-01   7.0144949e-02  -6.1131436e-02   4.8746730e-02  -2.2602069e-01  -1.1547661e-01  -1.3464183e-02  -4.3322450e-02  -4.0973100e-01  -1.0062465e-01  -1.1337181e-01  -1.8076980e-01   3.5425587e-03   3.1298159e-01  -2.9947082e-01  -1.4030658e-01   2.6481963e-01   1.8002887e-01   2.9411808e-02  -1.1017929e-01   1.5682870e-01   5.7235106e-02   7.7515297e-02   8.8369106e-02  -1.4765601e-01   3.5204309e-02  -2.5657979e-02  -1.2300589e-01  -6.3290520e-02  -1.8323209e-01   4.4835815e-01  -3.5671841e-02   3.2131235e-02  -3.4222222e-01  -1.2126194e-01   2.8897512e-01   2.4468530e-01  -1.7140968e-01   4.4531228e-03  -8.4523415e-03  -2.1075795e-01  -3.0973448e-01   1.0503319e-01   1.3171813e-02  -2.8363994e-01   2.4432282e-04   1.5653251e-01  -6.0241739e-02   2.6413876e-02   4.5098886e-01  -1.1533169e-01  -5.0159250e-02  -1.4805493e-01   1.8413607e-01  -9.1111838e-02  -6.8295455e-02   7.3578268e-02   1.2737222e-01   1.3745678e-01  -1.3122673e-01  -3.8033477e-01   1.2785893e-01  -4.4553419e-04   2.7828364e-01  -2.2733023e-01   2.7230338e-01  -1.5392314e-01   2.3626858e-01   1.2065484e-01   1.1598405e-02   1.1786589e-01  -1.3356738e-01  -1.5102562e-01  -9.9357274e-02  -9.7975338e-03   2.8415625e-01  -1.6670619e-01   1.3153806e-01   1.6614963e-01  -1.6841536e-01  -2.3162283e-01  -3.3366090e-01   3.8746842e-02   2.1513512e-01   4.9087867e-02   3.2106845e-01  -4.4864817e-02  -2.2608985e-01  -1.0033384e-01  -2.0613563e-02   1.5202787e-01  -3.6013496e-02   1.2282013e-01   3.1913284e-01   4.4179394e-03  -9.0269870e-02   2.4789401e-02   9.0163880e-02   2.4931268e-01  -4.3055527e-02   7.3551200e-02   2.6172653e-01   4.7929942e-02  -6.5086403e-02  -3.0822083e-02  -2.7483630e-02  -1.0768273e-01   3.1258115e-02   9.0103525e-02  -2.6284723e-02   1.2341013e-01  -1.2533851e-01   2.5134223e-01  -6.0475173e-02   2.7149453e-01  -1.1223394e-01   1.7282035e-01  -1.3989195e-01   2.2363670e-01  -3.1060707e-01   2.9233433e-01   1.2118628e-01   1.7134716e-01   3.3788706e-02   1.9374354e-01   6.3464068e-02   6.0241112e-02   8.6389108e-02   8.7232852e-02   3.2114872e-01  -8.8664161e-02  -5.5088663e-02   8.7713616e-02   2.3833513e-01   2.2379954e-01  -8.2764824e-03  -1.0539883e-01   8.6072785e-02  -2.2748658e-01  -1.4536510e-01  -6.0670622e-02  -3.3308594e-01   4.7729125e-01  -8.6809179e-02   4.1759305e-02   6.9092396e-02  -2.7049250e-01  -7.7601081e-02   2.8094375e-01   2.9539830e-01  -1.7977261e-02  -2.0877932e-01   4.4506394e-01   1.1921408e-01   1.8738188e-01  -1.8856245e-01   5.9923637e-02  -1.3658182e-01  -2.7301692e-02   4.1892802e-02
  -1.5831051e-01   2.7492778e-01   1.6170449e-01  -2.5418546e-01  -2.6894749e-01   1.9984774e-01   0.0000000e+00  -1.1068439e-01  -2.6555753e-01   3.2377138e-01  -2.6941307e-01   4.5793675e-01  -2.7884295e-01  -2.6696563e-01   3.7522189e-01   2.7102998e-01  -7.6861575e-03  -1.2634532e-01  -1.2778176e-01  -1.7774373e-01  -2.7421207e-01  -2.6883926e-01   7.5079733e-02  -3.4952374e-01   2.1148814e-01  -1.9675983e-01  -1.0757825e-01  -2.0809037e-01   1.3232788e-01   8.4322472e-02   6.1492247e-02  -2.2755294e-01  -6.4666171e-02   5.6098834e-01   3.1757010e-01  -4.5569246e-02  -1.0631528e-01   1.2019040e-01   1.3285199e-01   1.0793685e-01  -1.9750806e-01   2.0507522e-01   3.3680869e-01   1.1714692e-02  -5.6210441e-02  -3.6666716e-01  -1.3500446e-01   2.7958027e-01  -1.2618146e-01   2.4892009e-02  -2.0397854e-01  -1.2882030e-01   4.3223311e-01   3.5146738e-02  -1.6046491e-01  -5.8485897e-02  -2.1023786e-02  -2.6947347e-01   1.1583728e-03  -1.7747640e-01  -7.0483579e-02  -2.4328199e-01  -1.0028640e-01   3.0530232e-01  -1.4058283e-01   3.2680287e-01  -1.8346796e-01   1.0651725e-01  -2.3142675e-01  -2.1430753e-01   2.6104329e-01  -2.4431984e-01   2.2384574e-01  -2.6817799e-02   2.0212744e-01  -1.1223263e-01  -3.0916006e-01  -1.6731457e-01   2.6753833e-01   2.6662414e-02   2.0074540e-01   1.2923195e-01   2.7083164e-02  -2.1254491e-02  -6.3766534e-02   1.5085450e-01   9.1947208e-02  -2.8178769e-01  -1.1765447e-01  -3.0483153e-01   1.1150045e-01  -1.4820447e-01   5.7087946e-01  -2.9420179e-01   1.8276542e-01  -1.5359926e-02  -1.2842729e-01  -1.7630025e-01   1.1562025e-01   2.9461852e-01  -3.5696530e-01   2.0018898e-01  -1.2832021e-01  -2.2348673e-01  -2.3048516e-01  -2.6530391e-01  -2.2588915e-01  -1.6167090e-01  -2.0698944e-02  -4.7372130e-03   5.4504129e-01  -1.6816950e-01  -1.8399375e-01   8.2699130e-02   8.1244490e-02   2.7279679e-01  -2.5329997e-02   1.1519412e-01  -1.3092424e-01  -2.8299150e-01  -3.2923226e-01   1.6646131e-01  -7.3902522e-02   2.4756935e-01  -9.8935921e-02  -2.2977873e-01   1.4429169e-01   2.3158349e-01  -2.6680724e-01  -1.0228167e-01   1.8657897e-01   2.3627092e-01  -1.6174263e-01  -4.5885511e-02  -2.9290667e-01  -1.6610675e-02   2.0516106e-01   1.9017911e-01   2.4669658e-02  -2.0242015e-01  -2.6979658e-01  -2.7248079e-01  -1.0480651e-02   1.1751871e-01   4.6596503e-01  -3.4357014e-02   5.3666695e-01   1.0568425e-01   1.9375828e-01   1.1297850e-01  -1.1811751e-01  -1.9631687e-01  -1.3975271e-01   2.6491685e-01   3.1002136e-01  -1.6729752e-01  -4.3728686e-01   9.4510430e-02   2.0065426e-02   8.1914603e-02  -1.3468160e-01  -1.3976188e-01  -3.2582004e-01  -3.3878817e-01  -2.6024122e-01   4.5564392e-01   1.2148109e-01  -1.5752452e-01  -1.1347322e-01   1.8309199e-01   5.0383341e-01  -4.4087403e-04  -2.3165135e-01   1.0298971e-01   6.4460656e-02   5.8588814e-03  -2.3375274e-01
  -4.5176256e-02  -1.7587368e-01   9.2499322e-03   2.2920330e-02  -4.2461857e-02  -5.0527338e-02  -1.1068439e-01   0.0000000e+00  -1.5852446e-01  -1.9490006e-01  -5.8668857e-02  -2.3522109e-02   4.1158266e-01  -1.3890535e-01  -4.6346691e-01  -7.0924049e-02  -4.8181352e-02  -1.8327660e-01   3.8067221e-01  -1.3080114e-01  -1.7297656e-01   2.4193441e-01  -1.0588715e-01   1.2647758e-01  -3.0556303e-01   4.4321149e-01  -2.7228149e-02   2.7844093e-01  -1.5057093e-01  -4.5827445e-02  -5.5927623e-01   8.7649615e-02   1.2945677e-01  -3.4725803e-01  -2.3611461e-01   8.8348759e-02   2.9902407e-01  -2.8491331e-01  -1.5084683e-01   2.0693621e-01   3.1426276e-01   2.3177192e-01  -1.2510509e-01   4.4200823e-02  -2.3811075e-01   1.8110270e-01   1.5953573e-01  -2.2014043e-01   4.7395612e-01   8.7092079e-02   1.6384629e-01   4.4885942e-01  -2.0249057e-02  -1.2911301e-01  -6.0353866e-02   3.3780906e-02   2.1672714e-02   2.5925753e-03   6.0055413e-02  -6.9099316e-02   1.1306849e-01   3.7272580e-01  -9.7957010e-02   1.7392973e-01  -1.3695452e-01   2.9271616e-01   7.1244825e-02  -2.9223662e-01   3.0414291e-01   4.5653620e-01   9.8353783e-02  -1.1495500e-01   7.4458871e-02   2.5546831e-01   6.1245152e-02  -1.1861968e-01  -3.7662979e-01   2.5047187e-01  -2.2478123e-01   1.5182729e-01  -1.9285880e-01  -7.7180960e-02  -3.8834244e-02   2.8690325e-01   1.6167061e-01   2.9965029e-02  -4.3438324e-01  -2.5722875e-01  -3.1621282e-01   1.7493448e-01   5.2190956e-02  -2.2443149e-01   1.9432736e-02   2.6578685e-01  -3.0112328e-01  -2.3351190e-01  -1.9505847e-01   3.2896878e-01   3.1775913e-01  -1.4183470e-01   1.1546776e-03   2.3772219e-01  -8.0196864e-02  -2.8845873e-01  -1.5182963e-01   2.8382362e-01  -2.0752878e-01   1.1583518e-01   1.1857460e-01   8.0719058e-02  -1.5165957e-01  -6.4614272e-02  -2.7917750e-01   1.2257424e-01  -1.2611090e-01  -1.6556719e-01   1.3047158e-01   3.0298550e-01  -6.6352613e-02  -8.1914662e-02  -2.8095868e-01   2.1627054e-01  -3.7731422e-01   1.1999120e-01   3.3035981e-01   5.8327283e-02  -2.5386829e-01  -1.5950375e-01  -1.2380556e-01   1.5259757e-02  -6.0604825e-02  -2.1831113e-01   3.2793015e-01  -1.2300194e-01  -9.7470752e-02   1.5206467e-01   2.3056677e-01   4.4368482e-02   1.9268870e-01  -1.2042657e-01   8.7612622e-02  -5.8175787e-02  -3.9486867e-02  -4.5202764e-02  -2.6307983e-01  -4.3679443e-01  -1.5741781e-01   1.2855179e-01   2.8365419e-01  -1.5178973e-01   3.2788166e-01   1.6637859e-01  -3.6881810e-03   2.4781157e-02   2.6542623e-02  -2.6897078e-01   3.0686290e-01   8.9128573e-02   3.0601252e-01  -3.4789360e-02  -2.7185255e-01  -5.4381135e-02   1.8301632e-01   4.3218124e-02   7.2927214e-02   6.2664397e-02   2.8758478e-02   1.8800710e-01   1.0556200e-01  -7.3217002e-02   5.7044671e-02  -1.0590030e-02  -2.3969607e-01   1.8147033e-01  -1.1002977e-01  -6.2840741e-02  -5.3601085e-02
  -2.3018021e-02   6.1140926e-02   3.0432848e-02   5.1322137e-01   1.0380773e-01  -1.7732121e-01  -2.6555753e-01  -1.5852446e-01   0.0000000e+00   5.1315771e-02   1.0538688e-01  -1.1161569e-01  -3.7647652e-02   1.3558229e-01  -7.9865208e-02  -4.7219888e-01   1.5246055e-01   5.6479973e-01  -2.4950125e-01   6.0033565e-01  -1.3507875e-01   1.0012854e-01  -1.5145425e-01   8.8639996e-02   1.3602408e-01  -7.8422015e-02   8.0526676e-02  -4.3631682e-02   1.7639229e-01   3.0046928e-02   6.9360663e-02   2.0299687e-01   2.1587161e-02  -2.1898113e-01   7.8023756e-02  -6.2342152e-02  -2.1580104e-02  -1.1000305e-01  -2.0532656e-01  -1.5227918e-01  -1.6047264e-01  -4.6352301e-02   1.4903857e-01  -7.1755304e-02   4.9095046e-01  -1.3503887e-01  -1.7670464e-01  -1.6194208e-01  -2.8103290e-01  -5.8648232e-02   3.4674045e-01  -3.9432629e-01  -2.1535369e-01   2.2621839e-01   2.4181210e-01  -5.1714665e-02  -2.0547381e-01   2.0251619e-01  -1.6255064e-01  -8.4405921e-02   3.0882234e-02   4.6081018e-02   4.3057676e-01  -4.6997336e-01   3.0347245e-01  -2.8352177e-01  -1.4980065e-01   1.7248208e-01  -1.7038577e-01  -1.6178280e-01  -1.7870965e-01   5.3383980e-01  -1.6890211e-01  -3.4741966e-01  -2.6172575e-02   6.4776080e-02   3.7743201e-01  -1.4449741e-01   1.6629805e-01   1.2517633e-01  -2.6125244e-01  -1.9129655e-01  -3.8731640e-01  -2.2621144e-01  -3.3042874e-01  -4.2368299e-01   3.6393289e-01   3.8675571e-01   2.9216527e-01  -1.2497611e-01   1.2533926e-02   5.3673815e-01  -2.3124467e-01   4.3963893e-01  -2.8860471e-01   1.9339735e-01   3.6298565e-01  -1.1168737e-01  -2.4847983e-01  -1.2647216e-01  -5.3115431e-03  -5.0429772e-01  -1.2019091e-01   3.2381756e-01   4.6310461e-01   1.1613942e-02   3.9954181e-01   1.4098355e-02  -1.3628539e-01  -3.4360033e-01  -4.3490242e-01   4.1104723e-01   4.4334632e-01  -3.4825738e-01  -1.6708799e-01   2.1868861e-01  -1.4169005e-01  -1.0685710e-01  -2.7077040e-01   6.5385975e-01   5.3271335e-01  -1.2609560e-01   3.5961457e-01  -3.2231732e-02  -2.1869081e-01  -7.9407358e-02   4.3116142e-01   3.0996892e-01   6.2935765e-01  -1.3069435e-01  -3.4641194e-01  -8.2358378e-02  -2.3551916e-01  -2.9450672e-01   5.8255945e-01  -1.8950537e-01   4.4659363e-02  -3.2877704e-01  -4.3199083e-01  -1.2909554e-02   6.9373687e-02   3.5275938e-03   7.0814636e-03  -1.9316929e-01  -2.3324868e-01   1.5850193e-01  -2.6657966e-01  -3.9003615e-01  -2.9578465e-01  -6.5886582e-02  -3.3935355e-01  -2.2315251e-01   4.0595558e-01  -4.1399834e-02  -4.7925304e-02   3.7362482e-01   2.0521504e-01  -7.5115014e-02  -7.9130955e-02  -2.4602441e-01   3.2213468e-01   7.4736004e-02   2.3837439e-01   2.8126902e-01   1.0697481e-01   6.6857137e-02   9.3139942e-02  -1.2819567e-01   3.3103958e-01  -3.3559509e-01  -5.9009533e-02  -1.7955120e-01   3.5988848e-01  -1.8473299e-01  -3.0332436e-02   4.6260492e-01   2.4843397e-01
  -1.9633443e-01   2.1877473e-01   4.4997422e-01   3.3116234e-03  -1.9835024e-01   1.5577523e-01   3.2377138e-01  -1.9490006e-01   5.1315771e-02   0.0000000e+00  -9.8816246e-02   3.8728998e-01  -2.8039427e-01  -3.6727921e-01   2.9027562e-01  -1.1649469e-02   2.7815232e-01  -4.0421439e-02  -2.2317568e-01   4.4945303e-02  -2.8334262e-01  -4.4643262e-01  -2.0249032e-01  -3.6963979e-01   1.5654093e-01  -4.4214774e-01  -2.8207300e-02  -2.6102435e-01  -1.0379499e-01  -2.6749385e-01   1.4425724e-01  -9.2192732e-02   9.3347630e-03   4.0133155e-01   1.9730168e-01  -6.3292999e-02  -2.5213626e-01   3.0601734e-01   1.4727659e-01   3.0433500e-01  -1.4337831e-01  -1.3492566e-01   4.9643131e-01   2.7753817e-02   1.9515966e-01  -3.8751266e-01  -2.1136865e-01   2.0755113e-01  -3.9122214e-01   3.1093289e-01  -1.8099874e-01  -2.8060676e-01   4.0768744e-01   8.1848662e-02   4.8206962e-03  -8.4900968e-02  -1.3697262e-01  -3.4445631e-01  -1.9223614e-01  -3.4738183e-01  -1.0420311e-01  -3.7435566e-01   2.3217443e-01   3.0597720e-02   1.1676946e-01  -7.8196365e-03  -6.0242942e-02   6.3260977e-02  -1.9140663e-01  -3.6510114e-01   4.2834607e-01  -5.1414596e-02   2.0191889e-02  -1.0978960e-01   1.2957552e-01  -5.8427218e-02   2.1391717e-02  -2.7303732e-01   4.2749877e-01   8.8868476e-02  -1.8481156e-02   3.1453844e-02   2.9683873e-02  -2.1182444e-01   2.2980483e-02   5.6318646e-02   2.4954196e-03  -1.6810386e-01   6.5494453e-02  -7.1380445e-02  -1.5521764e-01   1.2101577e-01   6.8251567e-01  -1.3529925e-01   1.1036309e-01   3.2813379e-01  -8.3359076e-03  -4.4650342e-01  -7.5145701e-02   3.9897098e-01  -2.7903288e-02   2.4603656e-02  -1.7701338e-01  -1.5812334e-01  -2.5680352e-01  -2.6783564e-01   1.2544926e-01  -2.8136875e-01  -6.1439097e-02  -5.9151916e-02   4.5422342e-01  -2.7411951e-01   1.1211081e-01   5.4093013e-02   6.9528094e-02   2.5520763e-01   2.4624347e-02  -1.4514332e-02  -4.3667759e-02   4.2038505e-02  -9.2726943e-02   2.2394552e-01   1.8364187e-01  -8.1539417e-03  -1.7563234e-01  -4.2507674e-01   4.3387795e-02   3.5911963e-01  -1.9466728e-02   1.3486071e-01  -2.7779452e-02   6.1061194e-02  -4.1079017e-01  -6.1248640e-03   4.5665010e-02  -8.0237363e-02   1.3577493e-01   2.9784722e-02  -1.1869998e-01  -2.1344824e-01  -1.6967811e-01  -1.8288518e-01  -2.8121058e-02   1.6302463e-01   1.5628513e-01  -5.7215317e-02   4.0724090e-01  -2.4664248e-01  -7.2552488e-02   4.3966079e-03  -2.7786117e-01  -1.3295488e-01  -5.1006605e-02   2.7806378e-01   5.5391529e-01   9.1238621e-02  -3.5251283e-01  -1.9595011e-01  -1.4181734e-01  -9.8466211e-02   2.3890754e-02   1.7402976e-01  -8.9100753e-02  -1.3666405e-01  -2.6413295e-01   5.7741261e-01   2.1905115e-01  -2.0243893e-01  -1.5711968e-01   3.5019298e-01   3.0853607e-01   3.7457615e-02   3.5623552e-02  -1.3520471e-01   6.3047124e-02   3.0965303e-01  -1.9226492e-01
   7.6050479e-02  -6.0825611e-02  -2.3037142e-01   2.4626467e-01   2.8977432e-02  -2.0483150e-01  -2.6941307e-01  -5.8668857e-02   1.0538688e-01  -9.8816246e-02   0.0000000e+00  -4.0871266e-02  -7.6795219e-02   1.9499983e-01   7.6858058e-02  -9.5554910e-02  -1.0067453e-01   2.6754267e-01  -1.0823107e-01   1.3590893e-01   1.6346045e-01   2.7377795e-01  -2.5858522e-03  -1.2273811e-01  -5.2044589e-02   1.8858684e-01  -5.9761492e-02  -3.3618073e-02  -9.8580567e-02   3.3258636e-01   6.9709107e-02   1.6221118e-01  -1.5800499e-01  -1.5568672e-01  -2.4039394e-01   9.3563794e-03  -2.5321069e-01   1.3233686e-01  -4.1717912e-02  -3.2865335e-01  -3.1346918e-02  -1.0497166e-01  -1.8122378e-02   1.6192361e-01   2.3310760e-01  -2.6527321e-03   1.5715500e-01  -7.6733208e-02  -1.0769910e-01  -2.9025554e-01   3.2130337e-01  -9.3636413e-02  -2.8803642e-01   3.5538877e-02   2.0774779e-01   2.3003948e-01  -7.6610958e-02   1.1403806e-01   2.9280047e-01   2.8344922e-01  -4.9248199e-02   5.3225279e-02   1.5005341e-01   4.9200634e-02   1.9126597e-01   4.3156878e-02  -1.2328317e-01  -2.2553098e-03   1.5757876e-01  -1.5761048e-01  -3.0506744e-01   2.6969596e-01  -6.1057768e-02  -1.3631212e-01  -8.5643607e-02   3.2832178e-01   8.4164179e-02   6.2100148e-02  -1.8396024e-01   1.8318382e-01   4.2283358e-02  -2.2540439e-02  -1.4187523e-01  -4.1584256e-02  -3.5339052e-01   2.3176268e-01  -7.0241006e-02   1.6170726e-01   1.0631953e-01   1.8966736e-01  -3.0619779e-02   3.1891187e-02  -1.6798216e-01   2.1009355e-01   5.9451628e-02   1.8184188e-01   1.0288755e-01   4.4495823e-03   7.6062408e-02  -3.0788375e-01  -2.4922219e-02   1.9253265e-01   2.8108289e-01   1.0521949e-01   3.5088349e-01  -1.4773215e-02   1.4857756e-01   1.7103208e-01  -8.5355909e-02  -2.0595962e-01  -1.3603998e-01   4.3303408e-01   2.9082922e-01   1.4637773e-01  -6.0617886e-02   2.2677170e-02   4.6321281e-02  -2.1121336e-01   1.5029236e-02   1.5465308e-01   3.1994988e-02   6.3091240e-03   1.9478932e-01  -8.1668039e-02  -1.6752706e-01   2.1001436e-01  -1.2328167e-01   5.5513562e-02   2.7399099e-01  -2.1687335e-01  -1.3730305e-01   1.6079222e-01   8.4659213e-02  -6.3825267e-03   2.2500643e-01   2.9290755e-01   1.7100501e-01  -1.9994736e-01   1.9901198e-01   1.8569457e-01  -1.3700089e-01  -7.5052033e-03   4.4326048e-01  -2.3057816e-01  -8.2029376e-02   3.0406603e-01  -2.2471111e-01   2.6514173e-02   2.8933888e-03   6.6383921e-02  -2.0584181e-02   1.2710117e-01   1.6730373e-02   1.0465256e-01  -2.8657598e-01   3.0508571e-01  -8.4323863e-02   3.9268649e-01  -1.4871086e-01   1.3936582e-01   1.2666542e-01   3.7737380e-01  -6.8127263e-02   3.8352977e-01   1.3953083e-01  -1.3813567e-01   2.3613402e-01   3.3434608e-01  -5.0470975e-02  -1.6115784e-01  -2.4132490e-01  -1.5933183e-01   3.2071339e-01  -1.8395009e-01  -2.2556620e-01   7.5285230e-02   1.4980305e-01
  -2.4638758e-01   6.4526809e-01   3.7742269e-01  -2.6904684e-01  -1.5337000e-01   1.5095366e-01   4.5793675e-01  -2.3522109e-02  -1.1161569e-01   3.8728998e-01  -4.0871266e-02   0.0000000e+00  -1.2157474e-01  -3.9480549e-01   4.3127425e-01   1.6380359e-01   3.0102027e-01  -2.4664142e-01   1.4237583e-01  -3.1017101e-01  -1.3096565e-01  -2.4741537e-01  -3.0493255e-01  -2.2026263e-01   2.0350376e-01  -1.8018760e-01   2.6615035e-02  -1.4164578e-01   2.0185213e-02   3.0355459e-01   2.1348520e-01  -1.6021380e-01  -2.4004134e-01   4.2539064e-01   3.0987575e-01   1.9733534e-01  -7.8351956e-02   3.3625920e-01   4.7848191e-03   1.9700779e-01  -1.1128273e-01  -7.5195961e-02   4.3756026e-01  -3.0365575e-01  -1.1552063e-01  -1.7250090e-01   2.3435246e-01   1.8353431e-01   2.2636249e-02   1.3357655e-01  -4.0276861e-01  -4.4885182e-04   5.0216129e-01   3.8374522e-02  -6.2704917e-02  -3.6169041e-01   1.7481958e-01  -2.0226020e-01   5.6193335e-03   2.2767920e-01  -1.2836837e-01  -3.1247127e-01  -1.0480063e-01   4.2360076e-01  -1.6047630e-02  -9.4167896e-02  -1.2696468e-01  -1.1761273e-01   1.1228414e-01  -2.2494394e-01   5.5399970e-01  -3.4357887e-01   1.5538148e-01   2.3701144e-01   2.2396971e-01   1.2833606e-01  -2.7636180e-01  -1.7180363e-01   3.4615740e-01  -5.8050416e-02  -2.0198265e-01  -3.6176256e-02  -1.5192296e-01  -2.8404082e-01  -1.8136130e-01   3.5246347e-01  -6.7106449e-02  -4.0239755e-01  -3.2563048e-01  -1.8347266e-01   2.9234588e-01  -1.2203198e-01   5.7374681e-01  -1.8103738e-01   2.8800341e-01   3.1769598e-02  -2.9179163e-01  -2.3738203e-01  -3.9999053e-02   3.8502989e-01  -3.3373984e-01   2.2999610e-01  -2.3029204e-01   5.0587559e-02  -3.5247235e-01  -1.4839039e-01  -9.2705070e-02   9.4569626e-02  -1.0563518e-01  -6.9501560e-02   1.6881729e-01   4.5381418e-02  -2.8508177e-01   7.2364141e-02  -1.6629255e-01   5.8501801e-01  -7.4718210e-02   1.7431190e-01  -3.6628630e-01  -2.6855026e-01  -4.7302544e-01   3.9090732e-01  -8.0738643e-02   3.4655530e-01   1.8756724e-01  -2.3107620e-01  -8.4317749e-03   1.2339226e-01  -3.3554173e-01   2.6054386e-01   1.7388904e-01   1.4699355e-01  -7.4650774e-02   5.8428952e-02  -3.9005229e-01   3.5341082e-01   1.2914524e-01   6.1030968e-02   2.9364627e-01  -7.8108451e-02  -3.7337842e-01  -1.2683588e-01   6.5237732e-02  -1.4900988e-01   5.9302595e-01  -6.4894580e-02   6.7292434e-01   1.0552551e-01  -5.0080544e-02   2.3098710e-01  -1.4218722e-01  -2.9520095e-01  -3.8975425e-01   2.4120741e-01   5.2467483e-01  -1.1934766e-02  -5.1143302e-01   1.4518156e-01  -1.4896666e-01  -3.4487286e-02  -2.6275207e-01   1.0087220e-01  -1.6826395e-01  -4.5355428e-01   4.3795700e-02   6.1514687e-01   1.8016998e-01  -3.9741313e-01  -5.1878464e-01   2.9191115e-01   6.4029101e-01   2.4964555e-01  -2.9532747e-01   1.5231244e-01   9.9714905e-02  -9.1388405e-02  -3.2110500e-03
   4.2355318e-02  -2.4928302e-01  -1.4863585e-01   1.4030998e-01   6.1970936e-02   1.0244372e-01  -2.7884295e-01   4.1158266e-01  -3.7647652e-02  -2.8039427e-01  -7.6795219e-02  -1.2157474e-01   0.0000000e+00  -3.8564220e-02  -3.8490101e-01  -1.9861801e-01   2.9552429e-02  -1.4129234e-01   1.3360205e-01  -5.7495116e-02   5.0903806e-02   4.2360112e-01  -1.1306679e-01   1.8230683e-01  -2.4250720e-01   3.0585161e-01   9.7272272e-02   7.2770445e-02  -7.4062334e-02  -1.6743420e-02  -2.4329454e-01   1.4355356e-01  -2.0505620e-01  -3.8229729e-01   3.8788906e-03   2.3723985e-01   2.7282706e-01  -7.0446162e-02  -1.7508808e-01   9.0826906e-02   7.3709040e-01  -1.2397717e-01  -9.0577334e-02  -1.1241064e-03  -2.1312537e-01   3.5379974e-01   1.7675096e-01  -2.2324137e-01   4.5522707e-01  -3.6257950e-02   2.7318121e-01   1.6953111e-01  -1.6575948e-01   9.8711062e-02  -1.1284657e-02   7.4276717e-02   1.6374624e-01   1.9171386e-01  -1.4817193e-01   1.4637285e-01   1.8216046e-01   2.3846015e-01  -1.8243268e-01  -2.6903695e-02  -2.1746817e-01   1.3997957e-01   2.3831497e-01  -4.2898595e-01   3.3064697e-01   2.7284444e-01  -6.8543713e-02  -5.9444477e-02   8.7128288e-02   6.4742247e-02   1.8191045e-01   6.1908175e-02  -3.0818731e-02   9.9610226e-02  -1.9573145e-01   2.4520860e-01  -3.4783370e-01  -1.1803739e-03  -1.2248822e-01   2.2440482e-01  -7.1598998e-02  -1.6529624e-01  -5.6941491e-02  -1.2504509e-01  -3.7908265e-01   7.7688895e-02   9.0529963e-02   9.6604866e-03  -1.5110307e-01   1.5116743e-01  -4.3723894e-02  -1.9197732e-01  -1.7962549e-01   2.3958342e-01   1.5827110e-01  -1.2281779e-01   1.0454408e-02   1.2717408e-01  -4.6776866e-02   5.6694886e-02  -5.8078065e-02   3.2785643e-01   1.5476820e-01   2.4730860e-01   1.7941990e-01   1.5234396e-01  -2.8750683e-01   1.8460542e-02  -3.2056283e-01  -6.0089705e-02  -2.7747759e-01  -9.7463888e-02   8.8705617e-02   3.7630112e-01  -4.1905173e-02   1.1940215e-01  -2.6113915e-02   1.1359806e-01  -3.9058218e-01   1.4508977e-01   2.1176946e-01  -1.6156722e-02  -1.0754050e-01   6.0862742e-02   1.4109949e-01   1.1772916e-01   2.2922801e-02  -1.7500479e-01   2.3068162e-02  -9.4731896e-02  -1.2298361e-01  -2.2229293e-02   1.3633526e-01  -6.6031627e-02   9.6001661e-03  -3.7070462e-02  -4.5351867e-02   4.4710356e-01   3.7410176e-02  -5.8184902e-02  -3.2522316e-01  -1.6071428e-01  -2.6747562e-01   1.5017605e-01   4.5907489e-02  -1.1570902e-01   7.5029591e-02  -9.8156709e-03   5.4379666e-02  -2.7066111e-01  -1.2493589e-01  -2.7237884e-02   3.0669247e-01   1.7633979e-02   2.1917395e-01  -1.3086294e-01  -3.5504724e-01  -1.6259879e-02   4.2830323e-01   6.3083968e-02   2.4812677e-01  -7.7989400e-02   1.6379229e-02   2.2567338e-02   1.8400261e-01  -8.2722349e-02  -1.0261410e-01   3.0735573e-01  -2.2970854e-01   5.6771427e-02  -2.0647836e-01  -1.0602928e-02   2.1784324e-01
   2.0588701e-01  -3.2032025e-01  -4.3847796e-01   3.0653812e-01  -1.5011983e-01   1.4390510e-01  -2.6696563e-01  -1.3890535e-01   1.3558229e-01  -3.6727921e-01   1.9499983e-01  -3.9480549e-01  -3.8564220e-02   0.0000000e+00  -1.8517971e-01   1.3103067e-02  -4.3916811e-01   3.5631580e-01   1.1982671e-01   5.7630302e-02   2.4231253e-01   1.2722083e-01   1.6322118e-01   1.5527355e-01   2.4584039e-02  -6.7624395e-02  -4.4203024e-01   1.3879622e-01   3.7252221e-02  -3.5804616e-02   5.1508943e-02   1.6326855e-02  -7.4169923e-02  -1.7048611e-01  -1.2676041e-01  -2.3538783e-01  -1.9967012e-01  -1.0108673e-01  -1.4486010e-01  -5.0024614e-01  -1.6802225e-02  -1.1459158e-01  -2.8122354e-01   4.6715366e-01   1.1319980e-01  -9.2863873e-02  -2.7484323e-01   4.7491491e-02  -2.7444486e-02  -3.6682108e-01   9.8173189e-02  -7.9704176e-02  -3.2990022e-01   2.6702507e-02   2.5947637e-01   4.4888299e-01  -3.9355006e-02   1.3243861e-01   1.0562048e-02   9.7339275e-02  -1.2179543e-01   1.5349106e-02   5.8628838e-02  -2.4165387e-01   3.1772649e-02  -1.9888302e-02   2.8665029e-01   1.2942303e-01  -1.3596680e-01  -1.0791429e-01  -4.4090523e-01   2.5310504e-01  -1.3344198e-01  -2.0965801e-03  -2.2630161e-01   1.6602733e-01   1.4983053e-01   1.2130741e-01  -2.6206528e-01   1.1055282e-01   3.6770012e-01  -2.3333180e-01   1.5402011e-01  -3.7689339e-02   7.2348349e-02  -1.1964455e-01   2.5240539e-01   5.7721040e-01   2.2309523e-01   1.1262852e-01  -1.4460577e-01   5.9054026e-02  -3.4869435e-01   1.3507128e-01   1.9921822e-02  -3.9281422e-02   2.0780061e-01   2.8134718e-02  -2.5501894e-01  -3.3336994e-01   3.0214904e-01  -1.8390875e-01   7.1545374e-01   1.6896479e-01   2.3790890e-01   1.4556505e-01   1.1795335e-02   3.7644158e-02  -7.5880006e-02  -5.2969429e-02  -9.6541081e-02   3.5575128e-01   2.5423088e-01  -9.4352632e-04   1.4547705e-02  -1.2798281e-01   3.6000415e-03  -2.8938892e-02   4.4027187e-01   2.9968956e-01   3.0706553e-01  -4.3883702e-01   8.1039756e-02  -2.0544247e-01  -1.1137244e-01   4.9459430e-01   2.1936230e-01  -2.1692457e-02   1.8011187e-01  -3.0126642e-01  -2.0156571e-01  -6.5594425e-04   3.2694282e-02   1.0203833e-01   1.8280213e-01   4.8806062e-02  -6.2636942e-02   3.1291816e-02   5.8822713e-02   3.5094950e-01   2.6767238e-01   1.3379574e-01   1.0205136e-01  -1.4890684e-01  -1.9200718e-01   3.4855424e-01  -3.3751205e-01   4.2257069e-02  -7.3920337e-02  -1.6015650e-01   1.8876889e-01   5.5686686e-01   1.1158389e-01  -2.4136201e-01  -4.5794211e-01   1.5295660e-02   8.9607514e-02   1.3826440e-01  -2.4091056e-01   2.1800086e-01   2.0646212e-01  -9.8369874e-03  -5.0557571e-02   2.7159002e-01  -5.7662315e-03  -3.2164733e-01   2.9907975e-02   3.1972372e-01   1.4187527e-01  -1.8554844e-01  -4.1798727e-01  -1.0524150e-01   1.1941665e-01   9.8130548e-02  -1.9410641e-01  -5.3624487e-02   1.9621784e-01
