   0.0000000e+00   5.8833671e-02   2.4630201e-01   1.4711852e-01  -3.4346630e-02   2.9403416e-01   1.5090976e-03   2.2490045e-01   1.8407308e-01  -1.9219963e-01   7.2810426e-02   1.0110029e-01  -3.7761995e-01   4.5374770e-01   5.3724409e-02  -7.8366601e-02   1.3930872e-01   1.7385773e-01   1.0510175e-01  -1.4714111e-01  -2.8935232e-01   3.1702327e-01  -1.4808015e-01   5.7931620e-01   4.6485181e-02   1.9662879e-01  -2.2654507e-01   3.5656995e-03   1.9330986e-02   2.2374870e-01  -1.5995825e-01   3.4701671e-01  -2.2609421e-01  -2.9220490e-01   1.4348569e-01  -1.3217611e-01  -1.2384897e-01  -1.5418779e-01  -1.1880149e-01  -2.8916339e-01  -3.5642694e-01  -3.7118897e-02   1.0167057e-01  -1.2344632e-02  -3.8974188e-02   4.3801250e-02  -2.8103564e-02  -1.4678780e-01  -1.8600952e-01  -2.1664463e-01   3.3382016e-01   1.1345299e-01  -1.5890471e-01  -1.1204115e-01   2.4951628e-01   4.5759841e-02   3.6948360e-01   2.5325400e-01   9.1248995e-02   3.7957582e-01   2.3204595e-01  -1.9361932e-01   1.5924846e-01  -8.2494022e-03   5.5564259e-02   3.3525545e-01   1.3356005e-01   3.3246352e-02   2.0463260e-02   1.0406369e-01  -1.9282234e-01   1.5582478e-01  -3.3029956e-01   5.0194588e-01  -2.5767546e-01   6.0388409e-02   1.1097181e-01  -5.7124681e-02  -1.7763003e-01  -2.7363452e-02  -1.1725616e-01  -2.0132763e-01  -3.7263022e-01   2.3136805e-01   2.0163525e-01   2.8528228e-01   2.0822863e-01   3.2911395e-01  -1.6532168e-01   5.4695067e-01  -2.9361833e-01   1.3341875e-01  -1.6174171e-01   1.6834162e-01   2.3818085e-03  -2.0984590e-01  -3.6107385e-02   8.6007558e-02   5.2450113e-02  -4.5194911e-01  -4.8773426e-02   1.5462728e-02   1.7280128e-01   3.1768153e-01   1.5466193e-01   2.7516915e-01   3.5325040e-02   2.4481428e-01  -1.8350514e-01  -2.1835154e-01  -2.4231245e-01   4.3396392e-01   1.5328984e-01   5.0207825e-01   3.5410344e-01  -2.3334640e-01  -9.9664523e-02  -1.4851931e-01  -2.3653203e-01   1.5433395e-01   3.9953763e-01  -3.9797091e-02  -1.8839941e-02   1.5935845e-01   6.4619104e-02   3.7781764e-01   1.9132675e-01   8.7529007e-02   2.2472777e-01  -2.8566140e-01  -3.5409087e-01  -3.4324633e-01   3.4567164e-01  -2.7086443e-01  -8.3112279e-04   1.5825685e-01  -1.4523474e-01   1.0132868e-01   1.8100299e-01   1.9072801e-01   4.2541545e-01  -2.3468792e-02   1.6033592e-01  -2.0008578e-01   2.1019507e-01   7.5286576e-02  -1.3954292e-01   2.2155042e-02   8.7355873e-03  -3.1728436e-01   4.0386573e-01  -1.2077169e-01   2.6264324e-01  -2.4237249e-01  -1.1697386e-01   2.1134163e-01   3.5454078e-01  -1.5748137e-01   1.7462370e-01  -5.2303497e-02  -3.7546767e-02  -1.7303284e-01  -2.8959982e-01   2.6462382e-01   2.0431731e-01  -2.0595181e-01   8.5813924e-03   2.0858331e-01   3.3017517e-01  -2.8565141e-01  -7.6304108e-02  -1.5143521e-01   5.5408393e-02   1.3304048e-02  -3.1436130e-01  -1.5141098e-01   2.0330532e-01
   5.8833671e-02   0.0000000e+00   3.3342410e-01  -2.1241211e-01   2.1115092e-01  -4.2246000e-03   3.0343902e-01   1.9658141e-01   3.8235007e-01   7.7943356e-02  -1.7257749e-01   5.6859101e-01  -1.4486988e-01  -1.0323160e-03   8.5866923e-03  -3.5229579e-01   3.8745240e-01  -4.4415208e-02   1.6483844e-01  -2.1459903e-02  -2.7378282e-01  -5.1078118e-02  -1.9049934e-01  -2.9988242e-01   1.0627383e-03   1.0863450e-01  -2.6352624e-01  -1.5588620e-01   5.7613824e-02   1.3556028e-01   4.6522443e-02   3.4307145e-02  -1.1864207e-01   3.6565902e-01  -1.9420198e-01  -2.2553421e-01   2.1018046e-01  -3.9954879e-01  -2.5364410e-01   1.7836693e-01  -1.0924271e-01  -2.4035904e-01   1.3997578e-01  -8.8647887e-03   2.0616846e-01  -2.7200291e-01  -3.9011727e-01   2.9935313e-01   1.4829774e-01   4.2214241e-01  -1.5345364e-01   2.1171323e-01   4.1528586e-01  -1.1065445e-01  -1.3273726e-01   1.4160673e-01   5.3526365e-02   2.0303811e-01  -1.4039734e-01   8.2668394e-02  -2.5899745e-01  -1.9204928e-01   4.4342304e-01   2.9848372e-01   1.4541802e-01  -1.0344351e-01  -1.8634616e-01   1.7895871e-01  -3.1695945e-01  -1.0433660e-01   5.8826740e-01  -3.1868176e-01  -1.2623310e-01  -3.8639269e-02   1.3364682e-01   1.3303319e-01  -2.4701196e-01   1.0423512e-01   4.0214390e-01  -1.1769755e-01  -7.8372118e-02  -2.5746927e-01   3.9195124e-01   1.5474626e-01   1.7374234e-01   1.6980447e-01  -1.9210038e-01  -1.6160178e-01   1.6636496e-01  -3.5277658e-02   2.9332351e-01   6.5371529e-02   4.8809870e-01   2.8232534e-01  -4.4942682e-01   1.1320065e-02  -1.4305198e-01   7.5479533e-03  -6.0915387e-03  -4.5719616e-02   2.2184968e-02  -1.4487939e-01  -8.5356609e-02   3.3807372e-01  -1.6305905e-01   8.0095049e-02   1.1197115e-01  -2.6169936e-02  -5.4253215e-02   2.7627022e-01   2.6562257e-01  -9.0877446e-02  -1.5316279e-01  -3.0014767e-01  -1.1652320e-01   5.5278671e-01   5.2018380e-02   1.4444912e-01   1.1091827e-01  -2.7672471e-01   5.7178216e-02   2.7083190e-01   1.9627728e-01   4.0946077e-01  -2.1568474e-01  -6.2831368e-02  -2.0381854e-02  -2.0298496e-02  -4.3850449e-02   3.3930389e-01  -2.0963722e-01  -3.6556470e-02   2.6426038e-01   3.8838926e-01   2.0954639e-01   1.1920956e-01  -2.2282125e-01  -4.2123071e-02   4.1287777e-02  -2.6424655e-01  -9.6050617e-02  -2.8741433e-02  -1.2864422e-01   1.0117399e-01  -3.2869302e-02  -1.9550326e-01   4.4722917e-01  -1.3997103e-03  -8.2884904e-02   2.3251272e-03  -4.1907539e-03  -8.6857632e-02  -1.7790081e-01   9.6460924e-02   6.6054137e-01  -5.3198166e-01  -2.2842231e-01  -2.4211401e-01   9.5232870e-02  -5.1654932e-02   1.1524684e-01  -7.4846225e-03  -9.1406142e-03  -2.9205225e-01  -1.3276451e-03   2.0705053e-01  -8.6172026e-02   5.7548645e-02  -1.5663686e-01   4.8952798e-01   3.6969613e-01  -4.7105519e-01  -1.6378215e-01   2.6429711e-01  -5.5809289e-02  -2.3393616e-01   1.4206531e-01
   2.4630201e-01   3.3342410e-01   0.0000000e+00   2.2411390e-01   7.5575358e-02   2.5483889e-01  -1.6051461e-01   2.8987171e-01   1.9706254e-01  -3.9818326e-01  -1.2164617e-01   3.2728967e-01  -2.9047338e-01   1.6518822e-01   3.1249035e-01  -1.2077084e-01   7.7358873e-01   2.3922945e-01   1.3144007e-01  -6.4706552e-02  -2.7383405e-01   4.0062246e-01  -1.1034364e-01   1.7464199e-01  -4.8959671e-02   2.8989593e-01  -3.3806442e-01  -9.6675495e-02  -2.6099427e-02   4.3439029e-02   1.5941962e-01   2.4965314e-01  -6.0962473e-02  -1.8597871e-01  -9.5060035e-02  -1.5991574e-01  -7.9296365e-02  -2.2078261e-01  -7.3892837e-02  -5.3719193e-02  -4.6562385e-02  -1.6898299e-01  -1.5794000e-01   2.9021569e-01  -1.2053805e-01   1.2052823e-01  -2.0581102e-01  -2.7009342e-01  -1.3828906e-02   4.1396749e-01  -5.2776824e-02   2.4116126e-01  -2.7129030e-01   2.0138282e-01   8.6851676e-02   2.1742833e-01   2.0272650e-01   3.7405153e-01   7.3977994e-02   2.2867307e-01   3.6649763e-01  -4.0735837e-01   2.1476607e-01   2.1565552e-01  -2.3948396e-01   5.9310132e-03   3.8403404e-02  -6.1249540e-02  -2.5838013e-01   2.7307304e-01   1.4133754e-01  -1.9979152e-01  -6.6344795e-02   4.8258942e-01  -2.3009733e-02   1.8579502e-03   2.7545694e-01   8.0253507e-02  -9.5719814e-02  -6.0696986e-02  -8.0273663e-02  -3.1695461e-01   1.5014685e-01   2.1046388e-01   5.4365140e-01   2.9367741e-01   2.5621941e-02   1.3045278e-01   2.4516887e-02   3.8455027e-01  -2.2666922e-01   5.4766175e-01  -2.6122191e-02   2.3970985e-01   2.3927906e-02  -8.7216875e-02  -2.8929293e-01   2.3079034e-01  -1.7922332e-01  -3.3433157e-01   3.2365950e-01  -1.9354263e-01   5.5338177e-02   3.0398311e-01  -5.5731247e-02   4.9512217e-01   3.1207305e-01   2.0796223e-01  -3.0237952e-01   8.6781202e-02  -1.0586984e-01   1.3863104e-01   5.2251643e-02   1.0381193e-01   2.6874490e-01  -1.9436905e-01  -3.9636740e-02   2.0297654e-01   4.0264596e-01   2.0522568e-01   6.6954002e-02   1.8153994e-01   1.1353929e-01   2.5143674e-01   7.4717023e-02   3.8719384e-01   1.1706250e-01   1.7956713e-01   3.7782391e-01   3.2471725e-01  -2.0553661e-01  -3.1133952e-01   3.5631869e-01   1.2353179e-01   1.0234730e-01   2.2275569e-01  -1.8327716e-01   6.8911145e-02   1.0229836e-01  -1.4852405e-01   1.9222093e-01  -7.2972807e-02   5.5752881e-02   1.5197252e-01   4.0420407e-01   2.7979601e-01   3.0657920e-01  -1.1891857e-01  -1.2857868e-01  -1.1754247e-01   4.8234021e-01   3.9544647e-02   1.2889999e-01  -1.8041571e-02   3.3659664e-01  -1.9869671e-01   2.4492072e-01  -1.9121225e-01   5.5997963e-01   1.9513439e-02   1.3214968e-01   2.5480818e-02  -2.8526293e-01   2.0965308e-01   3.6553932e-01  -3.7346135e-01  -2.8483320e-01   2.1266796e-01   1.2018511e-01  -5.1403788e-02  -6.8640346e-02  -2.2575941e-01  -2.2425441e-01   3.8402117e-01  -1.7982939e-01  -1.5727417e-01   4.9407054e-01
   1.4711852e-01  -2.1241211e-01   2.2411390e-01   0.0000000e+00  -2.1962663e-01   2.5273299e-01  -2.6863267e-01   1.6586707e-01   8.9284149e-02  -3.2631513e-01   2.0836897e-01  -2.0095854e-01  -1.1380350e-01   1.7348604e-01  -6.8838147e-02   2.0924908e-01   9.4153955e-02   3.4644994e-01  -1.0475967e-02  -1.0080788e-01   8.4389108e-02   3.7686610e-01   2.5723055e-02   2.6374454e-01  -1.9670398e-01   3.2204699e-01  -7.3477314e-02  -7.7259660e-02   1.5570427e-01   5.8589248e-02   1.7955428e-01   4.0398457e-01   2.5155719e-01  -4.8746086e-01   1.2757743e-01  -1.6366136e-01  -2.6385809e-01   1.8208590e-01   3.1419053e-01  -1.1171672e-01   7.3562852e-02   2.0025421e-01  -1.0006136e-01   6.5401555e-02  -3.7430185e-01   2.7078741e-01   1.3940346e-01  -1.6347598e-01  -9.8504361e-02  -3.4978000e-02   2.1945638e-01   1.8196551e-01  -1.7552015e-01   1.5530290e-01   1.6468105e-01  -5.5494335e-02   1.1424693e-01   3.6511381e-01   5.1373090e-01   3.0606799e-01   4.4541999e-01  -3.1922106e-01  -1.3717851e-01   1.5577422e-01   9.1889382e-02   5.7085107e-02   1.4408148e-01  -1.9360572e-01   2.5019679e-01   6.5897143e-02  -1.0779747e-01   1.3386030e-01   1.4727355e-01   2.5566455e-01  -7.9668492e-02   2.1771110e-01   3.4028603e-01   8.0007032e-02  -2.7709984e-01   1.0141647e-01  -1.0743512e-01  -9.2290900e-03  -2.2671940e-01   2.8120321e-01   1.6237400e-01   3.1035747e-01   2.2454987e-01   3.1673892e-02  -2.6127802e-01   1.7687469e-01  -4.1082100e-01   2.1246578e-01  -4.2466149e-01   2.2812286e-01   2.9310534e-01  -3.2894406e-01  -1.1980529e-01   2.5724817e-01  -9.7562734e-02  -3.0295594e-01   1.4800539e-01  -1.3331119e-01   3.2229678e-02   6.2003953e-02   2.5563450e-01   5.6114621e-01   1.9179205e-01   3.5109022e-01  -2.0712439e-01  -2.6040223e-01  -4.1739998e-01   2.7155198e-01   1.9448410e-01   1.3771604e-01   2.5823116e-01  -3.9572695e-01  -7.0928834e-02   2.0802745e-02  -8.3083295e-02   5.6274811e-01  -9.4136053e-02  -6.9064645e-02  -1.3346616e-01   1.4551650e-01   1.6488917e-01   2.5778100e-01   1.0330072e-01   2.9604791e-01   5.2191018e-01  -7.7832256e-02   3.0150773e-02  -3.1935980e-01   5.3368349e-03  -5.1103730e-02  -2.1518305e-02   2.6755228e-01  -8.1059607e-02   2.2291181e-01   3.0616495e-01   1.5137325e-01   2.7842103e-01  -1.2843206e-01   2.7489103e-01  -1.8642379e-01   2.1488092e-01   3.1129120e-01  -1.7004455e-01  -1.3471007e-01  -1.4982049e-01  -9.0244496e-02   2.1800397e-01   8.6590474e-02   1.0654159e-02  -6.8189415e-04  -1.5444764e-01   1.0222420e-01   1.7145580e-01   2.9804157e-01   2.9450769e-01  -2.7654053e-02   1.1826037e-01   2.1244129e-01  -2.3168653e-01   5.2441326e-01   5.6330583e-01  -4.9550839e-01  -1.0490615e-01   4.0597067e-02   5.1138997e-02  -3.0870132e-01  -2.7520111e-01  -3.9554955e-02   1.4392185e-01  -1.0827786e-01  -1.4372636e-01  -9.5011997e-02   3.6996705e-01
  -3.4346630e-02   2.1115092e-01   7.5575358e-02  -2.1962663e-01   0.0000000e+00  -1.0414677e-01  -8.9786756e-03  -5.4533130e-03   5.7585166e-02   3.3353733e-01   9.9812932e-03   3.6729971e-01   1.9732672e-01  -4.2551246e-01  -2.4489037e-01  -4.9289597e-02   9.6823627e-02  -9.9093758e-02  -5.6385461e-02   7.7761682e-01   1.2965265e-02  -9.9288541e-02   1.4407840e-01  -1.8582821e-01   1.0749417e-01  -8.4841484e-02   8.8465170e-02  -3.0916900e-01  -1.2083439e-01  -2.5382896e-01  -1.7226421e-01  -4.5552208e-02   1.0343810e-02   2.7768039e-01  -1.9348322e-01   5.2385519e-01   5.3781473e-02   9.1174103e-02  -4.4947412e-02   1.8662967e-01   2.6994747e-01  -1.6279113e-01   2.0247226e-01  -8.5334721e-02   4.2094061e-01  -1.8922683e-01   1.1935744e-01  -3.1956169e-02   2.7207931e-01   1.0474861e-01   1.4006256e-02   1.2693513e-03  -3.3373273e-02   1.4819479e-01  -2.3443067e-01   7.4145588e-02  -4.4340760e-02  -1.4430012e-01  -3.9827927e-02  -7.9481238e-03  -1.5170150e-01   3.2422362e-01   2.5254809e-01  -2.7303149e-02  -7.4499859e-02   3.2733275e-01   2.7887477e-03   2.1944670e-01  -2.5455117e-01  -2.3794717e-01  -1.0367729e-01  -1.8372327e-02   2.2231574e-02  -1.4949816e-01   2.3805687e-01  -3.0902915e-01  -2.3639302e-01   9.4215916e-02   6.3374534e-01   2.9206436e-01  -2.7434533e-01  -3.9142114e-02   1.2249390e-01   1.3743449e-02  -3.0918142e-01  -1.6832709e-01  -4.0727946e-01  -1.2443469e-01   1.1048150e-02  -5.9076677e-02   5.9843481e-01  -1.2039623e-01   5.0376151e-01   7.7164352e-02  -1.1654678e-01   5.9835126e-01   1.9422357e-01  -1.9344981e-02   5.7531986e-01  -3.9563093e-02  -4.6489583e-01  -2.2012120e-01  -3.6552605e-01  -1.0251852e-01  -1.0777392e-01   5.3231438e-02   1.7750442e-01  -4.1133492e-02   2.2979399e-02   2.0232272e-01   1.6124489e-01  -4.3719180e-01  -3.6027198e-02  -8.4130325e-02  -3.5191184e-01   3.7569981e-01  -6.8385777e-02   3.3707639e-01  -5.4823063e-02  -1.6628406e-01   2.0459410e-02   6.7707776e-01   1.9113367e-01   8.1541352e-02  -7.2830641e-02  -1.6111286e-01   1.8688841e-01   4.3581251e-02  -1.1629800e-01   7.8745435e-02   2.6183765e-02   1.6478959e-01  -1.7216292e-02  -7.0073268e-02   1.6824451e-01  -1.5637181e-01   1.8364008e-01  -3.6120148e-01  -2.9544817e-01   5.5066443e-02  -5.3224031e-02   3.1685868e-01  -1.6572228e-02   1.4989680e-02   8.2717014e-02  -2.1725832e-01  -2.0354009e-01   4.7517223e-01   1.9926304e-01  -2.4093549e-01  -2.9975839e-01  -2.4801301e-01  -2.8217193e-01   3.8506128e-01   2.5199740e-01  -2.0315101e-02  -5.5611502e-02   9.6186171e-02  -1.4144229e-01  -2.9327935e-01   1.4767293e-01   6.4433177e-03   4.7411675e-01  -1.1373558e-01  -1.6045567e-01   2.9483783e-01   2.5814495e-01   7.9763153e-02   1.0351641e-02   3.1733264e-01   6.3259778e-01  -6.6034030e-03   8.6403944e-02   1.3875258e-01   1.3967189e-01   1.2826892e-01  -7.4056613e-02
   2.9403416e-01  -4.2246000e-03   2.5483889e-01   2.5273299e-01  -1.0414677e-01   0.0000000e+00  -8.3373890e-02   2.8603446e-01   4.3420035e-02  -1.1784780e-01   8.5073385e-02   1.9243392e-01  -2.6019918e-01   2.2745705e-01   5.5683586e-02   1.6925538e-01   1.2953935e-01   1.0020066e-01   2.6982011e-01  -1.2850765e-01  -1.7194518e-01   2.4096158e-01  -2.9282186e-01   2.1762528e-01  -3.4010688e-02   3.2714159e-01   6.8656537e-03  -3.0136911e-01  -2.1741644e-01   3.8153591e-01  -3.0308203e-02   1.4378723e-01   9.9354957e-02  -1.7374526e-01   5.3247495e-03  -3.2595718e-02  -1.9295037e-01  -9.2252632e-02   2.7284778e-02  -4.8245479e-02  -2.4107749e-01   2.1001264e-01  -4.3948442e-02  -9.2239922e-02  -1.5993485e-01   1.0881091e-01   2.3245485e-01  -1.6204266e-01   3.9277867e-02   8.3687585e-02   1.0173881e-01   2.1164583e-01  -2.0329395e-01  -5.2537621e-02   3.2571084e-01   2.3270131e-02   3.6202332e-01   1.8957390e-01   7.0590554e-02   1.8945155e-01   7.0009616e-02  -2.9601346e-01  -1.3897565e-01   1.7395101e-02  -1.7803918e-01   1.8825052e-01   6.2751686e-01  -8.1718111e-04   1.6771256e-01   1.2238343e-01  -1.0936097e-01   1.0907357e-01  -1.3483846e-01   2.7530043e-01  -3.6089847e-02   8.3059242e-02   7.0431868e-02  -1.0705856e-01  -1.0067253e-01  -1.1453128e-01  -2.7755429e-01  -6.5028589e-02  -1.4643136e-01   1.1238851e-01   2.8460095e-01   1.7691494e-01   3.3031623e-01   8.1075496e-02  -1.7045210e-01   3.6892485e-01  -2.8970155e-01   7.8630889e-02   4.5666387e-02   3.6784912e-02  -3.7517366e-03  -1.7858544e-01  -1.2357671e-01   1.6238948e-01  -1.0919506e-01  -5.3177824e-01   3.7119450e-02  -4.2457148e-02   9.9610649e-02   2.1771244e-01  -9.2334890e-02   1.3555461e-01   4.8398443e-02   3.2391804e-01  -5.1384010e-01   2.9533655e-01  -1.1799132e-01   2.6258987e-01  -1.1850693e-02   1.9996863e-01   2.3748371e-01  -7.4219737e-02   1.9809375e-01   9.2285890e-02   1.6362430e-05   2.3799152e-01  -2.8466215e-02  -6.3850438e-02  -5.2532138e-02  -4.3038567e-02   4.4649722e-02   5.3313355e-02   1.5469590e-01  -4.1714254e-02   1.1080269e-01  -7.6897680e-02  -2.1650131e-01  -2.8230090e-01   1.5057305e-01  -1.1407710e-01   9.2339658e-03   2.1730475e-01  -1.3544669e-01  -2.0566903e-05   2.4089791e-01   8.5293156e-02   1.4767424e-01  -1.6690074e-01   1.7560294e-01   1.3565032e-01   1.1399387e-01  -4.4991172e-02  -5.5492648e-02  -9.8461900e-02   1.9755685e-01  -2.1889415e-01   3.1431018e-01  -1.8849969e-01   1.2410397e-03  -2.1597572e-01  -1.1365804e-02   7.6460067e-04   9.6426442e-02  -8.3541151e-02   1.5391822e-01  -1.4119256e-01  -5.8130835e-02   2.4906022e-02  -1.6402552e-01   1.3030730e-01   2.2030237e-01  -2.6376987e-01   1.1182002e-01   5.2489621e-02   9.6960982e-02  -9.7497644e-02   3.7960342e-02  -1.9268964e-01  -1.7254382e-01   1.9527893e-01  -4.2342137e-02  -3.4644793e-01   2.8536609e-01
   1.5090976e-03   3.0343902e-01  -1.6051461e-01  -2.6863267e-01  -8.9786756e-03  -8.3373890e-02   0.0000000e+00  -2.5976024e-02  -1.1994692e-02   3.7290236e-01  -1.4665294e-01   2.0972519e-01  -2.1111123e-01   1.2200125e-01   8.7239436e-02  -1.2491190e-02  -2.4079145e-01  -3.7678370e-01   3.5388286e-02  -4.0058905e-02  -1.0389640e-02  -2.0295813e-01   3.7841552e-01  -1.2334008e-01  -1.1259306e-01  -2.2171041e-01   1.7790623e-01   1.3771406e-01  -9.4378391e-02   2.3689651e-01   2.5738168e-01  -1.8157936e-01  -1.7132535e-01   6.5056191e-01   2.1970327e-02   1.4880000e-01   2.1364501e-01  -3.8958958e-02  -3.6680107e-02   3.3001926e-01  -2.8930011e-01  -4.9475202e-02   1.2642895e-01  -1.2590263e-01  -2.2862158e-02  -2.1712462e-01  -1.4322670e-01   5.4708911e-01  -1.2183794e-01   7.9559218e-02  -2.6291464e-02  -3.4602499e-02   5.3347154e-01  -3.4358032e-01   1.0769868e-01   7.6725174e-02  -1.2502985e-01  -1.7905089e-01  -2.2181185e-01  -2.5094356e-01  -3.4680497e-01   1.0591627e-01  -1.0897408e-01   4.4039213e-02   2.7038841e-02   1.0968963e-01  -8.9905503e-02  -1.2504386e-01   2.7679736e-02  -1.5714338e-01   3.3684204e-01  -2.0568031e-01  -1.3233569e-01  -2.3274362e-01  -1.1308980e-01   4.9393345e-02  -1.9823955e-01   3.1318847e-02   2.5491194e-01  -3.3719056e-01   4.7202922e-01   1.2185476e-01   1.4495929e-01  -1.6003473e-01  -2.5702105e-01  -5.8979604e-02  -5.7735739e-02  -6.1197877e-02  -6.7896742e-02  -1.7751769e-01   1.1050165e-01  -3.5845253e-01   3.4870098e-01  -1.5319768e-01  -1.8313557e-01  -8.9928889e-02  -3.0373594e-01  -1.6864960e-01  -1.6828937e-01   2.6860335e-01  -3.2329313e-01   2.7253309e-01   3.3769292e-01  -1.2672627e-01  -3.1090818e-02  -1.7926989e-01  -3.1796412e-01  -1.6234741e-01   2.4695090e-01   1.7216623e-01   6.3229830e-01  -1.1420618e-01  -4.0951684e-01  -3.7700717e-01  -2.5901591e-01   3.3651275e-01  -1.2229491e-02  -7.1461824e-02  -1.7261396e-01  -3.9120856e-01   6.3468160e-03  -4.2496046e-02  -1.3969842e-01  -5.8894802e-02  -4.5780564e-02  -2.4166927e-01  -1.4910403e-01  -2.8955991e-01  -2.8917756e-01  -9.1743420e-02  -2.8978105e-02   3.0909446e-01  -2.4078993e-01   1.5680993e-01  -2.1317798e-01  -1.3655325e-01  -2.2436121e-01   1.0382813e-01  -2.9690032e-02  -1.3516968e-02   1.3855023e-01  -3.5906095e-01  -2.5304714e-01   1.6534856e-01  -2.7568743e-01  -8.3111654e-02   4.9644124e-01  -1.0554725e-01   2.3355079e-01   9.7853010e-02  -2.1602345e-01   1.8631790e-01  -1.5230993e-01  -2.9009603e-02   1.9715264e-01  -1.8081755e-01  -1.5307394e-01  -2.1813139e-01  -2.9486976e-01   3.6504331e-01  -2.1156552e-01  -2.1400911e-01   4.6836682e-02  -4.2718859e-01  -1.8717514e-01   5.5726321e-01   8.5744734e-02  -1.0161595e-01  -7.8771972e-02   1.7192371e-01   2.5176417e-01  -3.2936934e-01  -1.8402824e-01  -2.3186689e-01  -1.4073955e-01  -1.5607882e-01  -1.1676373e-01
   2.2490045e-01   1.9658141e-01   2.8987171e-01   1.6586707e-01  -5.4533130e-03   2.8603446e-01  -2.5976024e-02   0.0000000e+00   4.9667636e-01  -1.5177151e-01   2.0679491e-01   2.0590988e-02  -2.0585732e-01   9.3800489e-02   2.6799263e-01  -3.3674122e-01   3.5213118e-01   7.6359131e-02   4.4879367e-01  -2.1912808e-01  -2.8580120e-01   2.7276119e-01   3.5554616e-02   2.2721924e-01  -1.6105054e-01   6.7331471e-01  -4.1630159e-01   1.1494101e-01  -9.5208662e-02  -1.0675944e-01  -8.9040429e-02   3.1167794e-01  -3.1816625e-01  -3.2873440e-02   4.4276287e-02  -2.3196558e-01  -2.4415528e-01  -4.8013520e-01  -2.8490740e-01  -4.0799426e-01  -2.3626526e-01  -2.3120792e-01   2.0510729e-03   4.3834967e-01   1.5718894e-01   2.4654155e-01  -3.6659555e-01  -2.8340207e-01  -1.6256626e-01   1.5771636e-02   2.9786628e-01   8.4743484e-01  -1.9069819e-01  -1.2143361e-01  -1.9322694e-01   5.1173290e-01   4.0379449e-01   6.0080868e-01  -6.7312122e-02   4.5283274e-01   4.8139423e-01  -3.3303779e-01   2.5416940e-01   5.2452950e-01  -9.7736520e-02   2.3017675e-01   1.7890083e-02  -1.9801741e-02  -2.4730630e-01   3.8753351e-01  -1.6961422e-01  -3.8298404e-02  -3.5420000e-01   4.2104199e-01  -1.5250716e-01   3.6578055e-01   3.1768153e-01   4.0412779e-01   7.9003043e-02  -2.8173043e-01   1.0512730e-01  -3.0590232e-01  -5.8536267e-03   6.7167995e-01   2.4349619e-01   5.1911846e-01  -9.7736914e-02   3.4590624e-01  -7.7324864e-02   3.4698666e-01  -5.0545756e-03   5.0936048e-01  -2.1326380e-02   3.9649732e-01  -1.1769658e-01  -2.4719607e-01  -3.2090425e-01   6.6546752e-01  -1.5734752e-01  -1.7088980e-01   3.4932799e-02   1.4706476e-01   1.8053326e-01   3.6103211e-01   2.4440950e-01   3.6399679e-01  -1.1251050e-01   7.0998416e-01  -1.1157237e-01  -9.7479181e-02   1.1070506e-01   1.5575654e-01  -7.1225736e-02   2.4186234e-01   5.4269127e-01  -1.3290059e-02   5.3532580e-01   1.5947989e-01  -6.0531703e-02   1.1176611e-02   4.4421195e-01   1.2959793e-01  -1.2613782e-01   2.6162499e-01   1.6025455e-01   5.2644255e-01   2.5112496e-01   5.2571035e-02   3.4758200e-01  -8.9420056e-02  -3.6183933e-01  -1.0501654e-01   1.0179385e-01  -2.8203040e-01   2.1178531e-01   7.7193235e-01  -2.9621603e-01   3.8815944e-02   5.2807165e-01  -3.4943128e-01   3.2481556e-01  -1.3292583e-01   2.2045931e-01  -1.7078727e-01   3.4126506e-01   1.2507577e-01   1.7176980e-02  -1.7352634e-01   1.2141773e-01  -3.8271846e-01   5.2341915e-01   2.2158606e-01   3.3382115e-01   1.7406478e-01  -5.6453708e-02   1.3267042e-02   4.0345860e-01  -9.7963596e-02   5.9235442e-01   3.7608536e-01  -2.6689081e-02   4.0904895e-01  -1.0352406e-01  -4.8726584e-03   4.8939231e-01  -1.6874493e-02   5.3783555e-02   2.9820891e-01   3.9923623e-01  -2.8744744e-03   2.4349491e-01  -5.2981120e-02   2.9242621e-02   5.0275832e-03  -5.1308345e-02  -5.6824412e-01   5.3580709e-01
   1.8407308e-01   3.8235007e-01   1.9706254e-01   8.9284149e-02   5.7585166e-02   4.3420035e-02  -1.1994692e-02   4.9667636e-01   0.0000000e+00  -1.5847842e-01   1.9924775e-01  -5.6587044e-03  -1.9049098e-01   1.3626183e-01   8.5668461e-02  -5.7919369e-01   2.3398207e-01   3.5949606e-01   3.7460678e-01  -1.3005694e-01  -2.9679168e-01   2.0859488e-01   1.3069692e-01   1.3627244e-01   2.7763372e-02   5.2295099e-01  -4.2866666e-01   1.0516304e-01   4.6692906e-02  -3.2790995e-02  -1.8932355e-01   3.0794271e-01  -3.5685106e-01  -5.2407865e-02   1.9485194e-01  -2.7791858e-01  -9.5954971e-02  -4.9299894e-01  -4.7711503e-01  -4.0167351e-01  -2.1641102e-01  -1.9241125e-01   2.8784032e-01   2.5903459e-01   1.2817655e-01  -3.8900413e-02  -2.8934578e-01  -1.1542193e-01  -6.7345963e-02  -1.8599747e-01   3.0653228e-01   5.1036737e-01   5.0725268e-02  -3.6959883e-02  -2.2993049e-01   3.1701267e-01   2.8673148e-01   4.9544407e-01  -1.4968750e-01   5.8998327e-01   2.2879471e-01  -9.4784214e-02   5.4091956e-01   5.1777824e-01   2.5187474e-01   2.2023142e-01  -6.6373897e-02   3.7086387e-01  -2.0504493e-01   2.2347072e-02  -6.2164187e-02   1.8273593e-01  -4.0719703e-01   2.8932217e-01   1.1474827e-01   1.5557373e-01  -5.8512878e-02   2.5742816e-01   9.7812323e-02  -1.3284121e-01   8.6080318e-03  -4.5832741e-01   1.3336319e-01   5.8626982e-01   1.0289242e-01   2.3855086e-01  -5.1724107e-02   2.6622119e-01   1.9897222e-01   2.1116909e-01   8.5412860e-02   3.0848455e-01   7.1150286e-02   6.5459097e-01  -3.4306317e-01  -2.3218913e-01   6.8643157e-02   4.3115636e-01   1.2348514e-01  -1.5209197e-01  -2.6819050e-02   1.3340472e-02   2.1006480e-03   6.7927557e-01   2.8273132e-01   2.8959007e-01  -5.4847480e-02   4.0767141e-01   6.2621472e-02  -2.1041890e-01   1.0306051e-01  -3.2949442e-02   2.3552600e-01   8.3642330e-02   3.1410968e-01   1.9096084e-01   1.6089108e-01   3.9094026e-02  -3.2618191e-02   8.6080449e-02   1.5597999e-01  -6.2462135e-02   1.7899022e-01   5.7487479e-01  -1.5310306e-01   4.2649615e-01   2.8800206e-01   1.1135213e-01   4.9099771e-01  -1.6205561e-01  -5.6217084e-01  -6.2712748e-02   1.2906702e-01  -1.6583922e-01   5.0583459e-01   4.7935780e-01  -1.4032950e-01   9.0023787e-02   1.8970430e-01  -4.5730567e-01   8.5327587e-02   5.0638027e-02   2.3511813e-01  -2.4524930e-01   4.1020602e-01   6.3997462e-02  -8.6950494e-02  -3.3575827e-02   1.0654421e-02  -1.8667743e-01   2.9190179e-01   1.3983145e-01   1.1761683e-01   1.8219920e-01   2.6170028e-02  -1.1433810e-01   8.6585505e-02  -3.8372864e-01   4.7475149e-01   2.0893706e-01   4.2957600e-01   1.9969310e-01  -1.2168227e-01   1.8279176e-01   3.7753463e-01   1.5306654e-02  -9.3102231e-02   2.0416503e-01   7.0677977e-02   7.7508064e-02   2.5337346e-01  -2.1315508e-01   4.0959803e-01  -3.2276424e-03   1.1503343e-01  -3.1957984e-01   4.1073083e-01
  -1.9219963e-01   7.7943356e-02  -3.9818326e-01  -3.2631513e-01   3.3353733e-01  -1.1784780e-01   3.7290236e-01  -1.5177151e-01  -1.5847842e-01   0.0000000e+00  -1.0418652e-01   2.4831833e-01   3.6377225e-01  -2.7527195e-01  -2.4596737e-01   2.7761819e-02  -3.4706279e-01  -2.0086452e-01  -2.3952198e-01   4.9352315e-01   5.6130741e-02  -3.9009942e-01   2.0335970e-01  -1.9217790e-01   1.2019175e-01  -3.3354695e-01   3.1306112e-01  -2.9616314e-01  -1.4304743e-01   2.0449936e-02  -1.8202455e-01  -3.2880378e-01  -1.5798756e-03   6.0165974e-01  -8.8782641e-02   3.2519337e-01   2.6082837e-01   1.1862566e-01  -2.9303788e-02   3.4321555e-01   1.5079872e-01   9.9897734e-03   8.6554184e-02  -3.1527407e-01   2.8734105e-01  -3.3621909e-01   1.0565281e-01   2.3605518e-01   1.5174653e-01   1.0602579e-01  -1.3383410e-02  -1.4176095e-01   1.8877592e-01  -2.7165110e-01  -1.2729814e-01  -3.3636205e-01  -1.6351909e-01  -3.9091325e-01  -1.5454302e-01  -1.8594862e-01  -4.5589881e-01   4.6122337e-01  -1.7317878e-01  -2.8375314e-01   1.2768301e-01   2.6613326e-01  -7.1085238e-02  -1.4749977e-01  -7.2953085e-02  -3.8292395e-01   1.0317865e-01  -9.5525031e-03   2.7726905e-02  -4.1550982e-01  -1.1368865e-01  -1.7666208e-01  -2.7878987e-01  -2.4254890e-01   4.6032329e-01  -1.7756018e-02  -1.3260637e-01   3.2031547e-01   2.9724795e-02  -3.2175382e-01  -3.4144480e-01  -3.1908834e-01  -1.5328565e-01  -1.6549530e-01  -1.1769174e-01  -2.0148865e-01   4.1087089e-01  -4.3806924e-01   5.5309875e-01  -2.4664310e-01  -1.7545920e-01   4.2065036e-01   3.2073757e-02  -2.4079632e-01   1.8258389e-01   3.0698716e-01  -3.6644827e-01  -8.2064099e-03  -2.6986712e-01  -2.3611874e-01  -1.0522109e-01  -3.1270173e-01  -6.1080460e-02  -3.0586186e-01   1.5867951e-01   2.6990769e-01   3.2596816e-01  -3.9987208e-01  -1.9397683e-01  -1.7437258e-01  -4.8148763e-01   4.6319615e-01  -1.6778077e-01   1.4262642e-01  -2.3289555e-01  -2.5476331e-01  -9.1095484e-02   2.8135929e-01   6.8178092e-02  -5.5046221e-02  -2.3119628e-01  -3.6755789e-01   1.0589740e-01  -3.4183097e-01  -4.1931182e-01  -1.8590428e-03   2.6430670e-01   3.2199860e-01  -2.5457306e-01   8.7949564e-02  -3.1673041e-02  -3.5162708e-01   3.5882314e-03  -3.0272234e-01  -1.7410297e-01   1.5620108e-01  -2.8819434e-01   5.0551671e-03  -2.9941650e-01   1.5239071e-01  -2.3244676e-01  -4.0236468e-01  -7.1237929e-03   1.5813655e-01   3.1529121e-01   2.2806573e-02  -5.1476929e-01  -3.0042814e-01  -2.9769824e-01   1.6175617e-01   1.4127290e-01   5.7504750e-04  -3.2515462e-01   1.8727966e-01  -4.6098655e-01  -1.7084928e-01  -2.2184391e-01  -2.4865715e-01   4.0099526e-01  -2.8586908e-01  -3.6389965e-01   5.8459722e-01   3.2814084e-01  -2.1613541e-01  -1.7340170e-01   1.6771460e-01   4.9023424e-01  -2.4320265e-01  -8.1122669e-02  -1.4252522e-01   1.1781703e-01   4.9900684e-02  -4.7175409e-01
   7.2810426e-02  -1.7257749e-01  -1.2164617e-01   2.0836897e-01   9.9812932e-03   8.5073385e-02  -1.4665294e-01   2.0679491e-01   1.9924775e-01  -1.0418652e-01   0.0000000e+00  -2.9906258e-01   9.8831687e-02   1.5834657e-02   3.8626396e-01  -2.8433837e-02  -6.5279915e-02   3.8042377e-01   2.3406297e-01   5.5641497e-02  -2.3662892e-02   3.0677486e-01   1.9780293e-01   1.3139762e-01  -1.0664514e-01   2.5668835e-01  -1.5442501e-02   2.2292330e-01   8.5811523e-03   1.5515453e-01  -1.0419023e-01   2.3072103e-01  -2.2906322e-01  -1.2166444e-01   4.1253230e-01   1.6938493e-01  -2.5308553e-01  -9.5400378e-02  -5.3297490e-02  -4.4508285e-01   4.1132192e-02   1.6118015e-01   3.2583879e-02   3.1830449e-01  -9.9741061e-02   7.7744293e-02   3.0302702e-01  -2.2770292e-01  -2.7229731e-01  -2.7198961e-01   5.9670927e-01   3.1600313e-01  -1.1508340e-01  -1.9481247e-01  -1.4164539e-01   4.0085148e-01   1.1597160e-01   2.3544921e-01   2.7445476e-01   2.9944335e-01   3.1315629e-01  -3.4706588e-02  -1.1238865e-01   3.5447582e-01  -1.2411808e-01   3.3734159e-01   1.3139737e-01  -1.0399504e-01   3.6793775e-01   1.4287880e-02  -4.4371642e-01   3.1892220e-01  -2.6017262e-02   1.5906690e-01  -1.9795855e-01   1.2940008e-01   1.7923663e-01   1.8403613e-01   8.3963543e-02  -1.2382922e-01   2.4630358e-01   1.2885972e-01  -8.0680682e-02   3.3567225e-01  -1.7892557e-02   1.4505301e-01   1.4830353e-01   2.6289387e-01  -2.7618809e-01   8.7920200e-02  -8.6091506e-02   1.6554704e-01  -2.6063278e-01   2.1484468e-01   8.8727912e-02  -2.1954284e-01  -1.8662223e-01   2.8352426e-01   6.7427939e-02   1.7348939e-02  -1.6987619e-01   4.5210518e-01   1.6590263e-01   2.5949529e-01   5.0781830e-01   1.3175632e-01  -1.4033717e-01   2.8578301e-01  -1.0925237e-01  -2.7916785e-02  -4.2671191e-02   2.9693333e-01   4.9172944e-02   1.9408925e-01   3.5541867e-01  -1.9126648e-01   1.8986316e-01   1.9849083e-01  -1.0643693e-01   2.0697920e-01   1.7874383e-01  -6.5807463e-02  -1.9076718e-01   1.0199197e-01   1.1698297e-01   1.6242901e-01   3.9035205e-01  -1.7585244e-01   3.1867165e-01  -3.9737271e-01  -1.1380536e-01   2.5688759e-01   2.0341382e-01  -2.6065563e-01  -3.5052756e-02   2.9074477e-01  -2.4984917e-01   2.3451966e-01   2.1672881e-01  -1.8014250e-01   8.2941966e-02  -6.0262900e-03   4.8888217e-01  -1.5914929e-01   3.5927315e-01   2.3947584e-01  -3.5443554e-01   1.4108548e-01   2.5931662e-01  -2.7522594e-01   1.3245041e-01   2.5836009e-01   1.9678111e-01   3.8234925e-01  -4.9049218e-01   5.3040862e-02   1.7749664e-01   1.5726833e-01   1.8709302e-01   3.8050944e-01   1.1284619e-01   4.5338505e-01   8.6941706e-03   4.1743641e-01   1.8781218e-01  -2.1218458e-02   4.7953003e-01   3.7546098e-01   2.9726188e-01  -1.8054669e-01   3.9566011e-02   2.0919257e-01   2.7664905e-01  -1.0481942e-01   5.4490867e-03  -1.6302132e-01   1.6597066e-01
   1.0110029e-01   5.6859101e-01   3.2728967e-01  -2.0095854e-01   3.6729971e-01   1.9243392e-01   2.0972519e-01   2.0590988e-02  -5.6587044e-03   2.4831833e-01  -2.9906258e-01   0.0000000e+00  -1.7333163e-01  -1.1212503e-01  -1.4748437e-01  -4.7023736e-02   3.3066197e-01  -2.0044385e-01   1.3366945e-01   2.7036470e-01  -2.5068197e-01   1.8814039e-02  -2.8665655e-01  -1.5687555e-01   9.3651972e-02  -3.0922877e-02  -6.9558673e-02  -3.6989793e-01  -1.5860322e-01   1.1849473e-01  -9.5384860e-02  -5.2905832e-02   4.0570957e-02   3.0178584e-01  -2.1242225e-01   1.0177557e-01   9.6809455e-02  -1.6997083e-01  -9.3423872e-02   3.1944698e-01  -4.9252761e-02  -1.0414173e-01   9.9989490e-02  -2.7771760e-01   1.8448705e-01  -3.0900466e-01  -1.4930455e-01   8.5847381e-02   2.8289484e-01   3.6857442e-01  -2.5183560e-01  -4.8143316e-03   1.0507370e-01   8.5477551e-02   3.2237277e-03  -7.8598528e-02   5.2598641e-02  -7.6922851e-02  -5.8750826e-02  -1.3111978e-02  -2.3189532e-01  -7.4729428e-02   2.6434462e-01  -8.5370837e-02  -4.4259145e-03   1.0822549e-01  -5.1491284e-03   1.1903364e-01  -3.1131128e-01  -1.2246130e-01   2.7761504e-01  -2.5611262e-01  -2.0779248e-02  -3.5602336e-02   2.0109541e-04  -6.6056815e-02  -2.7371360e-01  -5.3592235e-03   4.5277739e-01   2.4221718e-02  -2.9505724e-01   1.2383981e-02   7.9414403e-02  -1.4560261e-01  -3.7781280e-03   4.6679732e-02  -1.6480583e-01  -4.6354727e-02   1.9638917e-01  -1.0706451e-03   1.8396132e-01  -1.3537773e-02   5.9534657e-01  -6.9942733e-03  -2.9640460e-01   2.0846176e-01  -8.3597360e-02  -1.3161365e-01   1.5621550e-01  -3.0738957e-01  -1.9251282e-01  -2.9096277e-01  -2.3822778e-01   2.4375074e-02  -3.9674610e-01   3.9831231e-02   2.5270748e-01  -9.2400707e-02  -2.0296380e-01   3.3516469e-01   2.2123455e-01  -9.4626568e-02  -7.2873193e-02  -1.2566364e-01  -2.2024100e-01   3.6329182e-01  -6.0982221e-02   1.5974214e-01   7.2329018e-02  -2.2340976e-01  -1.5609056e-02   4.4882846e-01   1.2891953e-01   1.1568118e-01  -1.9079918e-01  -1.3815504e-01  -3.9264838e-02   1.7471774e-02  -1.9734837e-01   3.2572933e-01  -6.1526308e-02  -1.6242420e-01   1.6615256e-01   2.6113633e-01   9.1759702e-02  -9.5840692e-02  -4.2922852e-02  -3.6746145e-01  -4.8484085e-02   4.3730948e-02  -2.4765857e-02  -6.8988193e-02  -2.0423260e-01   3.2931832e-01  -2.1487365e-02  -2.4126503e-01   2.2126846e-01   1.7303188e-01   1.3974772e-01  -1.7074125e-01  -7.9488500e-02  -4.0613661e-01  -1.8636009e-01  -7.0898982e-02   5.6382146e-01  -3.6293431e-01  -8.0764286e-02  -9.0249353e-02  -2.9301638e-02  -2.7199100e-01  -1.9396369e-02  -2.0153278e-01   9.8272874e-02  -2.4109989e-01  -1.2389935e-01   1.1424725e-01   8.4934211e-02  -5.2751403e-02   1.8385362e-02   2.8918594e-01   4.8630423e-01  -3.4001505e-01  -2.3181301e-01   2.8570867e-01   6.7567190e-03  -1.9066488e-04   9.2951960e-02
  -3.7761995e-01  -1.4486988e-01  -2.9047338e-01  -1.1380350e-01   1.9732672e-01  -2.6019918e-01  -2.1111123e-01  -2.0585732e-01  -1.9049098e-01   3.6377225e-01   9.8831687e-02  -1.7333163e-01   0.0000000e+00  -4.6202064e-01  -1.6233473e-01   2.0350634e-01  -2.0505759e-01   8.0087686e-02  -2.5087319e-01   4.2250789e-01   1.5730337e-01  -3.2251549e-01   1.1290786e-01  -2.8716060e-01   2.3154709e-01  -2.7048869e-01   1.2456740e-01  -2.1274200e-01   1.5788223e-01  -2.5098690e-01  -7.8775923e-02  -1.2921385e-01   2.6279869e-01   9.3364587e-02  -6.2278741e-02   1.7330631e-01   1.4424736e-01   2.1572009e-01   1.4863751e-01   1.1344910e-01   5.5822433e-01   7.0557855e-02   3.0262466e-02  -1.7412655e-01   2.5060733e-01  -5.7101250e-03   2.0831339e-01  -1.5494870e-01   1.6593152e-01   5.0021380e-02  -3.9716163e-02  -2.0318658e-01  -1.4018132e-01   1.3316226e-01  -2.7787163e-01  -2.6660039e-01  -3.0416199e-01  -2.6379954e-01  -2.9289247e-03  -1.1383257e-01  -8.9021438e-02   4.5451413e-01  -1.4576487e-01  -1.5246640e-01   4.2808332e-02  -6.1822297e-02  -9.1063686e-02   8.3085474e-02   4.3548812e-02  -1.1455394e-01  -1.4009781e-01   5.7921004e-03   3.0346933e-01  -4.2230037e-01   2.2861542e-01  -1.6102795e-01  -5.1829499e-02  -1.6966723e-02   1.1816143e-01   3.3551841e-01  -1.6585421e-01   2.8187692e-01   7.6106980e-03  -2.2489244e-01  -2.1975146e-01  -2.2383743e-01  -1.8737735e-01  -2.7572894e-01   2.7180195e-02  -3.8065775e-01   2.9474265e-01  -1.1995546e-01   1.6061132e-02  -7.5398354e-02   7.0502788e-02   3.9376477e-01   2.7563723e-01  -2.0263760e-01   2.7087605e-01   3.8276735e-01  -1.6046565e-01  -8.7981757e-02  -3.1106930e-01  -1.9441163e-01   2.6144626e-02  -1.7463871e-01   1.2152460e-01  -1.9967841e-01   1.9568000e-01  -1.2287840e-01  -1.4466904e-01  -3.6609598e-01   1.2730126e-02  -1.6764844e-01  -2.2860206e-01   3.3201620e-02  -1.9906277e-01   3.4073936e-01  -5.7930712e-02  -2.8050412e-02  -8.1923086e-02   2.1415969e-01   1.8400736e-01  -6.6182422e-02   9.5858781e-04  -2.8165933e-01   7.8532538e-02   9.9012453e-02  -2.1158616e-01   1.3982912e-01   4.4635544e-01   2.8042755e-01  -1.9193865e-01   9.4112514e-02   9.1813789e-02  -2.0232273e-01   2.4432843e-01  -2.0729450e-01  -1.7001066e-01   1.6028303e-01  -1.5964224e-01   4.6520092e-01  -2.3455643e-01  -6.1069280e-02  -1.7365234e-02  -7.3139695e-02  -1.5156915e-01   4.3475037e-02  -1.0326312e-01   3.0079144e-02  -4.4971901e-01  -2.5266234e-01  -9.5560877e-02   1.9788868e-01  -4.7366491e-02   3.8473188e-02  -3.0296459e-01   4.2925287e-01  -2.2327632e-01  -2.0326620e-01   8.9637390e-02   1.4510489e-02   2.1201743e-01  -4.7175522e-02  -2.0179853e-01   2.1377718e-01   9.5306106e-02  -2.0414949e-01  -1.1728862e-01  -1.0143793e-03   6.7816066e-02   8.0534600e-02   8.8791467e-02  -5.1278607e-02   3.2213897e-01   3.0323137e-01  -3.5907814e-01
   4.5374770e-01  -1.0323160e-03   1.6518822e-01   1.7348604e-01  -4.2551246e-01   2.2745705e-01   1.2200125e-01   9.3800489e-02   1.3626183e-01  -2.7527195e-01   1.5834657e-02  -1.1212503e-01  -4.6202064e-01   0.0000000e+00   2.1886921e-01  -1.4374417e-01   3.1446546e-02   1.1929750e-01   2.0307381e-02  -5.3603525e-01  -6.2104684e-02   2.8476108e-01  -1.4969203e-01   3.1820783e-01  -1.6268862e-01   7.1793513e-02  -2.0322861e-01   2.2956571e-01  -7.7223823e-02   4.5179994e-01   9.8283303e-02   1.8138594e-01  -2.7232610e-01  -3.2524168e-01   4.2167577e-01  -3.1721836e-01  -1.3764390e-01  -5.3639848e-02  -8.5397161e-02  -3.0003225e-01  -4.6266990e-01   2.7889225e-02   4.0230901e-02   1.9115869e-01  -3.0367373e-01  -4.1531099e-02  -1.6334114e-01   3.0683398e-02  -2.1392529e-01  -1.4855504e-01   1.7909833e-01  -1.8218731e-02  -8.5330650e-02  -1.3707153e-01   4.5067364e-01   1.2173108e-01   4.2655099e-01   1.1350173e-01   4.6443455e-02   1.7429934e-01   1.0988817e-01  -2.3064551e-01  -3.4224487e-02   3.7225448e-02   5.2990238e-02  -9.4613439e-02   1.0674469e-01  -1.5411988e-01   6.2418870e-02  -4.7789961e-02  -8.9941713e-04   9.4319890e-02  -2.6365893e-01   3.0433234e-01  -2.3346795e-01   1.9474924e-01   5.5442011e-02  -2.3416881e-02  -5.1554665e-01  -2.9366020e-01   2.1573855e-01  -1.4608121e-01  -1.4794265e-01   1.1699486e-01   2.2670314e-01   1.5139511e-01   6.1422942e-01   3.0706675e-01  -1.9763503e-01   2.6236005e-01  -4.5340885e-01   6.2997266e-02  -3.5333112e-01   4.8562918e-02   2.0251802e-02  -4.0992929e-01  -1.2335072e-01  -3.7398586e-02  -2.8901955e-01  -2.3002149e-01   1.9553713e-01   1.6172212e-01   4.1285927e-01   2.5865615e-01   7.4240763e-02   1.6151927e-01  -9.4536760e-02   3.4497415e-02  -1.9882494e-01  -1.3739994e-01  -1.3049226e-01   5.1457892e-01   5.1745179e-02   1.5628459e-01   2.9670590e-01  -3.4355249e-01  -6.1155971e-04  -3.2477371e-01   1.0535778e-01   1.5652260e-01   9.1553227e-03  -3.6126685e-01  -1.2040815e-01   1.1357647e-01  -3.3954498e-02   2.7423858e-01   8.5423408e-03  -1.1779939e-02   1.7530548e-01  -3.1054764e-01  -3.3824117e-01  -1.9956870e-01   2.7491009e-01  -9.2076041e-02  -9.7291009e-02   6.3682265e-02  -3.0298760e-01   3.2178837e-01   1.6017890e-01   1.3841686e-01   1.8352777e-01  -3.5437130e-01   1.7092522e-01  -1.5797572e-01   8.3950428e-02   3.2985457e-01   1.0743138e-01  -2.6112272e-01  -8.4564160e-02   6.9632475e-02   3.2918836e-01   2.5162962e-01   4.2607574e-02  -2.6115578e-01  -1.7463970e-01  -9.2161865e-02   1.4706989e-01  -2.7452336e-01   1.5093081e-01   1.8719140e-01  -4.6493742e-02  -2.7138568e-01  -3.0538876e-01   1.4199062e-01   7.7569909e-02  -2.4031160e-01  -1.2914876e-01   1.8255615e-01   6.7038640e-02  -2.8782826e-01  -3.6395390e-01  -2.2106567e-01   3.8612090e-02   4.1528353e-02  -3.7978159e-01  -2.8097738e-01   1.6622696e-01
