   0.0000000e+00  -5.9878600e-02   8.1061705e-02  -9.2583698e-02   3.2750414e-01   4.8922887e-02  -2.1931329e-01  -1.9581453e-02  -6.6872187e-02  -3.5607667e-01   5.8677070e-04  -1.1881112e-01  -1.5120276e-01  -5.6731109e-02  -1.3820396e-02  -2.1017584e-01   1.4678081e-02  -2.0743472e-01  -2.1823827e-01   2.8266494e-01  -1.4279937e-01   5.9953475e-02  -1.4106716e-01   4.0959370e-01   8.9107606e-02   1.3346455e-02  -1.0123776e-01   1.1934896e-01  -5.4267067e-02  -6.3940706e-02  -2.4922003e-01  -8.9395278e-03  -3.7833402e-02  -2.0224098e-01  -1.4264142e-01   2.2898608e-01  -1.6815462e-01   6.5902261e-02  -1.9365018e-01   3.8345280e-02  -3.2106523e-02   1.6842131e-01  -1.4725918e-01  -1.9108888e-01  -1.3870383e-03   2.8144688e-01   8.6388746e-02  -5.1526715e-01   8.7180707e-02   1.7894157e-01  -1.0639554e-01  -3.0138856e-02  -3.9604786e-02   2.2451246e-02   2.7326164e-01   1.1772730e-01   4.8181002e-02  -3.1693081e-02  -2.2803051e-02   9.0730716e-02   2.8167100e-02   1.9831129e-02  -4.7192190e-02  -1.1239756e-01  -1.4534731e-01  -4.1687546e-01  -1.1380222e-01  -2.7720897e-02   1.3667745e-01  -2.8771378e-02  -9.1862924e-02   1.1652877e-01   7.7112925e-02   1.5618867e-01  -1.1471264e-01  -7.0862857e-02   1.8835824e-01  -4.8663498e-02   1.4576451e-01   1.1377457e-02  -9.6292944e-02  -1.2315764e-01  -2.1727306e-02  -1.6538960e-01   2.1069567e-01  -1.7366595e-01   7.0035750e-02   2.2359973e-01  -2.7847267e-02   4.9306790e-01   2.8495572e-01   1.2500864e-01  -1.1805619e-02   3.1945095e-02   1.1145211e-01   1.6422916e-01   2.1796043e-01   1.2329991e-01   7.8992110e-02  -2.8660703e-01   4.4368122e-02  -9.0620765e-02  -3.1390926e-01  -1.3262513e-01   2.1372893e-01   3.4797157e-02  -4.1889775e-02   2.4838195e-02   4.2266507e-02   1.6435420e-02  -8.4985465e-02  -2.0563235e-02   3.1581686e-02   3.7373895e-01   5.5107254e-01   5.8945040e-02   2.1248527e-02  -1.7813096e-01   1.1244869e-01   5.9164431e-02   5.2684185e-01   2.5524215e-01   1.4935786e-01  -3.8940387e-02   4.7612186e-01   2.8282817e-01  -1.8043943e-02   2.0341076e-01  -1.7983292e-03   1.3290098e-02  -2.5369346e-01  -3.0159435e-01   9.6584396e-02  -3.3438140e-01   3.4172895e-02  -3.8181226e-02   8.2061735e-02   6.5647600e-02  -1.3159681e-01   7.7120062e-02   4.1202015e-01  -2.3729762e-01   2.0631490e-02  -1.7195666e-01  -3.6930310e-01  -2.7466170e-01  -1.4151697e-01  -1.0095095e-01  -2.8046744e-01  -2.1023505e-02   2.1183781e-01  -6.1130870e-02   3.5271920e-01  -3.1605692e-01   4.7808949e-03   2.8174646e-01   2.1071536e-01  -9.2995764e-02   1.6164418e-01  -1.6136381e-01  -8.2094909e-03  -8.9490399e-02  -2.4964772e-01   2.6404144e-01  -8.3749117e-02  -1.0056970e-01  -8.2504588e-02   1.8184186e-01   5.4207012e-01   4.6988760e-02  -1.0726487e-01   4.9252787e-02   2.6202220e-01   6.3736061e-02  -7.7685352e-02   9.3370152e-02   5.6698257e-02
  -5.9878600e-02   0.0000000e+00   2.3126966e-01  -2.8701303e-01  -4.7213038e-02  -2.4848185e-01  -1.5116754e-01   1.8939944e-01  -2.3917041e-01   1.8550348e-01  -3.5813857e-01   5.6741050e-01  -1.1066177e-01  -6.7995819e-02   3.4804922e-02   1.0692776e-02   4.9310447e-01  -2.0332808e-01  -3.1467116e-02   2.0856745e-02  -6.0507272e-02  -4.5161274e-01  -1.2610043e-01  -1.3864893e-01  -2.6561175e-01  -2.6379335e-02  -3.3625024e-01  -7.3686990e-02   6.4980574e-02  -4.5587584e-01   6.9573230e-02  -7.9102998e-02   8.8315935e-02  -1.1664565e-01   6.0020374e-02  -2.9210005e-01  -1.9326932e-01  -1.4367711e-01  -8.7274811e-02   4.5733613e-01   1.3783727e-01   1.2625727e-01   3.3640769e-01   6.6513462e-02  -1.7503780e-01  -1.4691656e-01  -4.0199490e-01   3.0435736e-01  -5.8745408e-02   4.3127888e-01  -4.8710482e-01   3.5081729e-01   5.0201395e-02  -3.8542169e-02  -8.1836660e-02  -5.2467823e-02  -3.0940057e-01  -2.3077541e-01  -7.6028340e-02  -1.8408916e-01   1.0571887e-01  -4.1398216e-02   6.8944405e-02   1.3676468e-01   1.4078377e-02   2.5520878e-03  -3.6998012e-01  -2.5132822e-01  -4.5390432e-01  -2.0192152e-01   7.8183781e-01  -3.2107014e-01   9.2912732e-02  -3.6656593e-02   2.3136115e-01   1.1070159e-01  -9.3086766e-02   6.9310769e-02   3.5846625e-01  -1.6039968e-01   4.8953003e-02  -1.2677899e-01   3.7885655e-01  -4.4914731e-03   2.2475745e-01   1.6843108e-01  -5.2216211e-01   1.4767322e-01   2.7747694e-01  -1.3011880e-01   3.9540263e-01   1.0471161e-01   3.1618515e-01   6.4984575e-02  -1.2181181e-01   5.8127940e-01  -1.5033579e-01   8.6814739e-03  -9.4341678e-02   1.6378804e-01   1.7900211e-01   1.2478780e-01  -2.3363860e-01   1.2142723e-02  -4.4537420e-01  -2.8149423e-01   1.9195428e-01  -1.4346571e-01  -2.9693036e-02  -2.6732609e-01   3.6057554e-01  -5.0995243e-01  -4.1977462e-01  -7.1537377e-02   1.4466764e-01   4.5506681e-01  -8.6058635e-02  -2.1727496e-01  -1.9112873e-01  -3.0110905e-01  -3.2060169e-02   5.4474658e-01   1.2794217e-01  -1.0849038e-01  -2.4574987e-01   2.4539862e-01  -1.9118436e-01   1.7184932e-01  -3.5588639e-01   9.6596159e-02  -4.7207083e-02   1.3989897e-01   8.7620455e-02   1.5134188e-01   1.3622603e-01   1.3424349e-01   9.1926564e-02  -1.5201416e-01   1.2814468e-01   1.9554607e-01   8.4953166e-02  -1.4655207e-01   4.0896277e-03  -2.1014422e-01  -3.0710497e-02  -2.6068914e-01   2.5576995e-01   1.4983915e-01  -1.7115971e-01   2.7742693e-02  -2.7711745e-02  -1.8496825e-01  -2.2907706e-01   2.4636285e-01   4.2134367e-01  -4.1394332e-02  -2.8927756e-01  -2.0579057e-01   1.0304186e-01  -1.9644376e-01  -1.4094302e-01  -2.0025918e-02   4.1703654e-01  -5.2197399e-01  -1.1037771e-02   1.8797447e-01   1.3003346e-01   1.6902637e-01  -9.3003728e-02   3.4419910e-01   3.4133526e-01   4.0455277e-02  -3.9886836e-01  -1.1231906e-01  -9.4661654e-02   2.4354800e-01  -2.2605809e-01
   8.1061705e-02   2.3126966e-01   0.0000000e+00  -2.9042159e-01   5.1304442e-02  -3.1140718e-02   5.8729149e-02   2.2199706e-02  -1.0761536e-01   1.2610416e-01  -3.7790182e-01   5.6439985e-01   7.0581451e-02  -1.9514372e-01   2.1154590e-02  -8.8073914e-02   7.6614340e-01  -2.6837207e-01   1.8243891e-01   2.8392720e-01  -1.7581706e-01  -4.9049501e-01   6.2921683e-02   1.3909982e-01  -2.4664689e-01  -9.1916562e-02  -3.7839305e-03   1.5353651e-02  -7.3783626e-02  -4.1407867e-01  -1.9978232e-01  -3.6975259e-01   1.0771735e-01   9.7373756e-02   1.9101310e-01  -1.6871900e-01   1.2857334e-01  -2.1267531e-02  -3.6181098e-02   4.9523898e-01  -8.1326212e-02   1.4664646e-01  -8.2603524e-03  -1.2145206e-01  -2.6526005e-01   3.6395217e-01  -2.5369252e-01   4.4748512e-02  -1.7516572e-01   5.9617931e-01  -3.8447937e-01   1.1082230e-01  -1.3669047e-01   2.5370737e-01  -1.3490836e-01   3.2406252e-01   4.0324511e-02  -3.3760994e-01  -4.2845886e-01  -1.0457618e-01   1.3359109e-01  -2.1531003e-01   9.2254859e-02  -3.1806536e-01  -3.3316869e-01   7.7178322e-02  -4.4073989e-02  -2.6062859e-01  -4.1268079e-01   5.8641977e-01   2.7795220e-01  -4.1930098e-01  -1.3626065e-01   3.1491259e-01   1.7210880e-01  -7.2720545e-03  -9.6118298e-02  -1.3843978e-01  -9.1007995e-02  -4.5300122e-01   1.4547832e-02  -1.2863242e-01   1.5622889e-02  -5.2759364e-02   4.6606047e-01  -7.8275297e-02  -5.5112944e-02  -4.1832778e-02   1.9061987e-01   2.6734788e-02  -4.0936356e-03   5.8762937e-01   2.4857289e-01  -2.5672823e-01  -2.1899750e-02   3.9919274e-01  -3.7528987e-01   1.7354971e-01  -2.4366069e-01  -1.6272668e-03  -3.5359019e-02   7.8055422e-02  -3.5657049e-01  -1.6970999e-01  -5.2606574e-01  -3.0806461e-01   2.3751954e-01  -1.3357190e-01   1.4242802e-02  -2.0474864e-01   2.7377040e-01  -4.2975845e-01  -4.0143952e-01  -5.0640996e-02   2.1831454e-01  -2.2017762e-01  -2.8870688e-01  -6.9749525e-02   2.5007884e-01  -3.2921346e-01  -5.1871215e-02   1.5764380e-01   2.6438953e-01  -4.0304802e-01  -3.5725603e-02   4.7391567e-01  -2.1528294e-01  -4.4716967e-02  -3.3478561e-01   6.4497439e-01  -1.2656247e-01  -2.9705733e-01   3.2425256e-01  -1.0442660e-01   8.2040682e-02  -1.6555368e-01  -1.0320920e-01  -6.8622484e-02  -2.1579833e-01   2.7562197e-01   3.5793968e-02   1.9733198e-02  -8.3266641e-02   3.0797006e-01  -9.2209919e-02  -5.1817256e-01   4.8971821e-01   1.0798883e-01   1.2950602e-02  -7.7261495e-02   2.4374434e-01  -2.3046206e-01  -7.5153395e-03  -7.4544105e-02   7.2325247e-01   2.4582280e-02  -9.5089265e-02  -5.2624680e-01   3.3493160e-01  -4.0367157e-01  -2.5198180e-01  -5.6047763e-03   3.8338306e-01  -4.9603705e-01  -1.5395332e-01  -1.9273315e-01  -1.3087990e-01   2.1390996e-01  -6.5917440e-02   3.1766044e-01  -6.5312060e-02   3.3023783e-01  -1.2717724e-01   3.3155085e-01  -1.3960924e-01   4.0017059e-02  -2.7218959e-01
  -9.2583698e-02  -2.8701303e-01  -2.9042159e-01   0.0000000e+00  -2.3196711e-01   4.6581562e-01   1.1273095e-01   3.0254702e-01   1.8067974e-01   2.0498942e-02   3.8545790e-01  -3.2890265e-01   7.5304786e-02   5.9114458e-02  -9.9039179e-02   2.5505578e-01  -3.1335005e-01   3.4374467e-01  -1.6274499e-02  -1.2205636e-01  -1.3718725e-02   3.4050171e-01   4.7503105e-02  -2.3579806e-01   3.2745967e-02   3.0129235e-01   2.1733317e-01  -5.4086318e-02   1.6932907e-02   3.2530908e-01   5.6578133e-03   3.6407047e-01   5.7659978e-02   5.0539533e-02   1.0047167e-01   1.7560244e-02   1.3649837e-01   2.9831233e-01   1.4630623e-01  -2.5905142e-01   3.2828287e-02  -3.2394087e-02  -2.2520625e-01   1.2487653e-01   3.8074287e-01  -9.8407955e-03   2.5282658e-01   8.0758586e-03   4.7187332e-02  -4.3486914e-01   5.0169906e-01   2.8187394e-02   8.2847135e-02  -3.6916101e-02   2.0297780e-01   4.2364976e-04   8.8094596e-02   3.3646116e-01   4.6776929e-01   1.6685220e-01   1.1173568e-01   9.0105418e-02  -1.4007524e-02  -1.8309478e-02   2.3099240e-01  -1.8531104e-01   2.3248153e-01   1.0313346e-01   5.1536809e-01  -8.1215939e-02  -2.2097875e-01   4.5687968e-01   3.4308218e-03  -1.4330816e-01  -1.6564110e-01   5.9619600e-02   2.5175821e-01   3.7479364e-02  -2.3337193e-01   2.8299654e-01   1.3772340e-01   7.9567450e-03  -1.5226174e-01   2.6879071e-01  -2.4794426e-01   1.5517485e-01   6.8745881e-02  -1.4531128e-01  -2.1436973e-01   9.8713390e-02  -2.6060178e-01  -3.8026250e-02  -2.0428821e-01   9.4302067e-02   2.2263474e-01  -2.3672830e-01   2.2532605e-01   2.3959909e-02   9.4021278e-02   1.6209655e-01   1.2339709e-01  -1.6605784e-02   3.1615257e-01   1.4735753e-01   4.7259126e-01   4.3059262e-01   1.5281634e-01   4.2988790e-01   1.4367748e-01   1.6794910e-01  -2.1421079e-01   3.6389011e-01   4.3020091e-01   1.7075148e-01  -2.0921675e-01  -2.2447947e-01   2.6224633e-01   7.3614716e-02  -2.0529206e-01   4.8023065e-01   1.5972557e-01  -1.7153607e-01  -1.4396997e-01   4.0345243e-01   1.6754420e-01  -1.9097321e-01   1.9325437e-01   7.0553301e-02   3.9060881e-01  -2.7672016e-01   3.3327973e-01   3.9591805e-02  -1.3676900e-01   1.9652508e-01   1.2697581e-02   1.6157823e-01   9.0981671e-02  -4.1512200e-02   1.8266894e-01  -8.0967984e-02   6.5477054e-02   2.1037400e-01   1.5669064e-01  -3.1542341e-02   1.1429412e-01   3.2058933e-01  -2.9239187e-01  -8.4981867e-02   2.5371890e-02  -8.7612173e-02  -1.2674394e-01   2.5889212e-01   1.2782531e-01  -4.2478556e-02  -4.0524746e-01   1.5782454e-01   3.4649346e-01   5.2056126e-01   5.6876146e-03   1.3478425e-01  -2.1747891e-02   4.1287328e-02  -9.8512501e-02   5.3864476e-01   2.4524414e-01   1.1247696e-02  -3.9190139e-02  -1.7038614e-01   1.5607487e-01  -2.9687192e-01  -2.8318101e-02  -1.9512448e-01   9.0404546e-02  -7.4757427e-02   1.6631346e-01  -1.8210535e-01   4.0705188e-01
   3.2750414e-01  -4.7213038e-02   5.1304442e-02  -2.3196711e-01   0.0000000e+00  -9.1873985e-02  -1.1326110e-01  -2.0328038e-01  -1.3584471e-01  -1.0666759e-01  -4.7748818e-02   5.9670709e-02   1.0747516e-01  -6.4804083e-02  -1.7996950e-01   2.9080838e-02   8.1611886e-02  -7.9207529e-02   7.3646427e-02   4.0412749e-01   4.4429876e-01   8.0238792e-02  -1.9793307e-01   1.5876094e-01   7.6968936e-02   5.4110976e-02   1.7295378e-01  -2.3454827e-01  -1.3349477e-01  -1.4409239e-01  -1.3500885e-01  -2.1909455e-02   2.7328611e-01  -1.6999224e-02  -2.6900141e-01   3.3208291e-01  -2.4440750e-01  -1.8385087e-02   1.2189603e-01   1.7578397e-01   2.3067420e-01   1.1145221e-01  -1.2413182e-01   1.4426222e-01  -3.2487535e-02   6.9306229e-02   3.2125508e-01  -3.3507060e-01  -7.3265722e-02   1.7606515e-01  -9.1968959e-02   1.1659231e-01   2.2353027e-01   2.9853507e-01   1.1898472e-01  -2.8089369e-03   2.3821428e-03  -1.9856908e-01  -1.7583313e-01  -1.1089854e-01   1.1236329e-01   6.9477725e-03  -5.9605236e-02  -1.0330245e-01  -3.0823366e-01  -1.6558442e-02   2.6680678e-02   7.8166941e-02   4.8427710e-02  -1.4045618e-01  -1.5909908e-02  -5.1771894e-02   1.0431508e-01   1.6551565e-03   8.8646591e-02   1.3870338e-01   4.4117030e-02  -1.8526857e-01   3.7970123e-01   4.0754004e-03   1.1790948e-02   1.1960459e-01  -8.2724438e-03   9.7107060e-02   1.3295085e-02  -1.1936416e-01  -6.4919063e-02   1.6357936e-02  -2.9707263e-02   8.0734993e-02   6.8850541e-01   1.6058693e-01   1.9305765e-01  -1.1314025e-01   1.3807134e-01   2.4228531e-01   1.8429301e-01  -2.1860531e-01  -1.0769783e-01  -2.6836388e-01  -5.9983917e-02  -4.8701095e-02  -1.1200000e-01  -2.1318870e-01   1.3317648e-01   3.0455889e-02  -6.7952115e-02  -1.2553456e-01  -9.5298960e-02   2.8309172e-01   2.2216008e-01  -5.2029916e-02  -7.1942203e-02   2.3490500e-02   1.7247987e-01   1.4824078e-01   8.0281903e-02  -1.3102631e-02  -4.1360556e-02   9.4505714e-02  -4.4798406e-03   2.0012788e-01   6.6099356e-02  -2.5367397e-01   1.3119405e-01   9.8579371e-02  -1.4535289e-01   2.2086375e-01   1.5153387e-01  -2.1664066e-01  -1.9691102e-02  -1.3334223e-01  -5.2533031e-02  -2.5204916e-01   3.2105380e-02   3.5342637e-02   4.3491294e-02  -7.7498407e-02   7.0888681e-02   1.5305092e-01  -4.5508151e-02  -2.0726967e-01  -1.3740349e-01  -4.1910243e-02  -2.8556052e-01  -1.5464916e-01  -9.8470128e-02  -3.7402103e-01   7.2619998e-03   5.2589253e-01  -1.0418733e-01  -9.8574364e-02  -7.7657594e-03  -2.2181605e-01   1.0095303e-01   1.2588678e-01  -6.5640933e-02  -8.8124570e-02   9.3118040e-02  -9.4547937e-02   5.8889863e-02   8.1648080e-02  -5.5890211e-01   3.5482134e-02  -1.4811557e-01   2.7063853e-02   1.6687814e-01   1.7856210e-01   7.0896928e-02   2.2702697e-01   1.9835792e-01   1.3982990e-01   2.1004317e-01  -8.6071191e-02  -2.7991724e-01   2.6911321e-02  -2.4982034e-01
   4.8922887e-02  -2.4848185e-01  -3.1140718e-02   4.6581562e-01  -9.1873985e-02   0.0000000e+00   2.8694560e-01   2.6572028e-01   4.8662119e-02   2.8915924e-02   3.6473807e-01  -1.8286973e-01  -9.7228920e-02   8.5672293e-02  -3.4882338e-02   3.7526034e-01  -2.2135365e-01   4.3756069e-01  -1.5936548e-02  -2.7752601e-01   9.7971057e-02   2.2087838e-01  -1.1979953e-03  -3.2973864e-01  -8.6052722e-02   1.9611102e-01   4.1195933e-01   2.5151303e-02  -1.1474289e-01   4.0585507e-01  -1.6143810e-01   1.2283486e-01   2.2850744e-02   2.7514583e-01  -8.6375322e-03   2.4478949e-01   8.2258898e-02   9.0419992e-02   2.3587206e-01  -2.0714783e-01  -7.2499109e-02  -4.3001513e-02  -1.5674735e-01   2.9562825e-01   3.5264502e-01   3.4720500e-02   5.0328741e-01  -4.9773781e-02  -1.8327443e-02  -3.5984446e-01   3.7710329e-01  -4.7768458e-02   1.7913614e-01  -1.7710762e-01   6.0036397e-02   1.0955135e-01   3.3698188e-01  -1.6184693e-02   3.6316195e-01   3.3352435e-01  -4.9606717e-02   1.7353115e-01  -8.4143885e-02  -2.4667630e-01   1.3014848e-01   1.4933695e-01   3.5683293e-01   1.0939363e-01   4.9823842e-01   2.4557597e-01  -4.1969233e-01   4.3174669e-01   1.6377033e-01   2.1966829e-01  -3.3809234e-01  -1.2140579e-01   3.7932417e-02  -1.4029460e-01  -2.2117189e-01   1.2609983e-01   2.2786659e-01   1.4993077e-01  -6.1726653e-02   4.2258962e-01  -2.7372236e-02   5.1411723e-02   1.8098591e-01  -3.5515829e-01   3.0112591e-02   1.5039813e-01  -2.0028468e-01  -1.5877857e-01  -2.2826187e-01  -1.3162265e-01  -3.9871361e-02  -3.5285176e-01  -2.4089136e-02  -4.7878460e-02   5.8942942e-02   1.1749122e-01   1.7885693e-02   8.3095286e-02   3.7548112e-01   1.7618834e-01   2.9454769e-01   1.2319607e-01  -1.7300809e-01   4.4894319e-01   8.2169256e-02   2.3200635e-01  -1.7026022e-01   4.2593981e-01   2.8864216e-01   1.0167938e-01  -9.9218973e-02  -9.8701766e-02  -1.2864484e-02   1.2223951e-01   2.1600285e-01   3.3073665e-01  -1.1369055e-02  -2.9076868e-01  -1.5453274e-02  -1.6941820e-01   5.4991477e-04  -1.6540092e-01  -2.7338345e-02  -2.0586964e-01   1.0160030e-01   7.8674258e-02   2.6166478e-01   1.9875674e-02   2.9175609e-01  -1.4520705e-01   7.6904601e-02  -1.3191245e-02  -1.8461709e-03   1.5924731e-01  -6.7653495e-03  -2.3314257e-01  -5.2033314e-02  -1.3627762e-02   1.1117111e-01   3.2525650e-01   9.2265207e-02   1.3402527e-01  -1.4525730e-01   1.5457851e-02   3.5624317e-01  -3.6734723e-02  -1.1107722e-01   3.5639217e-01  -1.2994424e-01   2.0020535e-01  -1.2274013e-01  -6.7940576e-02   2.4001433e-01   2.2062045e-01  -1.2070685e-01   2.9991040e-01  -1.8028453e-01   2.7466483e-01  -1.5152419e-01   2.1407318e-01   4.1998785e-02  -1.2330849e-02   5.1872858e-02  -8.2644207e-02   2.0123872e-01  -8.2274483e-02  -2.2102120e-01  -3.2454491e-01   1.4952064e-01   3.3966027e-01  -2.1542591e-02  -1.0327657e-01   1.0994528e-01
  -2.1931329e-01  -1.5116754e-01   5.8729149e-02   1.1273095e-01  -1.1326110e-01   2.8694560e-01   0.0000000e+00  -2.4243373e-01  -1.7728255e-01   3.5313089e-01  -4.0621863e-02   1.7962818e-01   1.4391225e-01   4.0597660e-01   1.6856649e-01   3.9428324e-01  -2.2793202e-01   6.3454451e-02  -3.0519734e-02  -2.0670936e-01   3.3679812e-01   7.9036912e-02   5.8401654e-01  -1.4548061e-01  -6.9698908e-02   1.3739253e-02   5.9196502e-02   1.6912885e-01   7.2902287e-02   2.1100746e-01   2.7299187e-01  -1.4747098e-01   1.0178775e-01   6.3299393e-01   3.0906981e-01   1.0550151e-01   5.8138412e-02  -1.4004097e-01   2.4861469e-01  -1.3048246e-03   1.3658096e-01  -3.1553780e-01  -9.3035915e-02   3.3920438e-01  -2.5543817e-02  -8.7004183e-02   6.1946036e-02   5.9807440e-01  -1.3792526e-01  -2.5863110e-01   2.6809140e-01  -1.6573061e-01  -4.7444263e-02  -1.9419356e-01   1.3968379e-01   3.7856615e-01   2.0596851e-02  -1.0821322e-01   7.4601721e-02   6.5706895e-02  -3.9994257e-01  -8.9567183e-02  -4.5874725e-01  -1.2886603e-02  -2.1492071e-01   2.8940527e-01   1.0543695e-01  -9.9867672e-02   2.7218138e-02   4.9795019e-01   3.7596991e-02   2.8828716e-02   6.8082860e-02   2.6557267e-01  -2.3728721e-01  -1.8737501e-01  -8.0180594e-02  -2.9521425e-01  -5.5935160e-01  -4.3480557e-01   5.4177852e-01   1.3856497e-01   5.0284073e-02   3.2371028e-02   1.7876981e-01  -4.8821799e-02   3.3858335e-01  -2.9806142e-01  -3.1485836e-01  -2.3763858e-01  -3.3459143e-01  -2.2179744e-01  -9.9008707e-02  -2.2288463e-01  -8.4509667e-02  -4.4381816e-01  -2.4860318e-01  -5.4903426e-02  -2.4045088e-01   4.0433307e-01   2.7643631e-01   4.3773601e-01   4.6265962e-01  -3.0687746e-01  -5.2350741e-02   9.4120211e-03  -2.6680311e-01  -5.3252787e-02   5.0075459e-02  -4.9129227e-03   2.1933567e-01   2.0126503e-01  -4.8845804e-02  -1.6916694e-01  -9.1137745e-02  -3.5933194e-01  -1.0684505e-01   3.1455145e-01   5.0007394e-01   1.6017295e-02  -3.9141945e-01  -3.9198732e-01  -5.1038868e-01  -1.9293847e-01  -2.9041934e-01   6.8697267e-02   1.3487256e-01  -5.3510721e-01   6.3900939e-02   4.0978484e-01   1.2808873e-01   2.3379017e-01  -5.5219744e-02   1.6704289e-01  -2.4106730e-01  -2.8729898e-01  -1.9536354e-01   5.6250921e-01  -1.3321110e-01   1.1037863e-01   7.2734165e-02   1.6484311e-01  -1.7628732e-01   6.1473125e-01   5.5736514e-01   7.2199451e-02   5.5421514e-01   4.1995117e-02   4.2802624e-01   2.3329679e-01   2.1768444e-01   2.3501752e-01  -3.5101838e-01   9.2090967e-02   1.9424290e-02  -2.1789674e-01  -1.1025060e-01   4.0369581e-02  -5.3430236e-01   4.4293267e-01  -3.5951479e-01  -7.5347496e-02  -4.8705745e-03   6.6492820e-02  -6.8604618e-02  -2.2328068e-02   1.0694204e-01  -1.3409604e-01  -2.4351510e-01  -1.0300047e-01  -9.3450188e-02  -8.1146225e-02  -1.2215058e-01   1.6894037e-01   1.2663427e-01  -3.3304823e-01  -7.6182908e-02
  -1.9581453e-02   1.8939944e-01   2.2199706e-02   3.0254702e-01  -2.0328038e-01   2.6572028e-01  -2.4243373e-01   0.0000000e+00   1.1228514e-03  -2.0550964e-01   1.3706220e-01   3.8095508e-02  -1.0955209e-01  -3.3093903e-01  -1.4908561e-01   7.5517626e-02   1.3643427e-01   2.0367466e-01   1.7248620e-01   1.0782893e-01  -3.7418224e-01  -1.3047287e-02  -1.6251326e-01  -1.3250759e-01  -3.4000925e-02   3.5211581e-01   1.8692652e-01   2.5872108e-02   2.2229386e-02  -1.1178451e-01  -1.6016402e-01   4.0350230e-01  -4.8657447e-02  -8.4531959e-02  -1.9044913e-01  -7.4054631e-02  -3.6089042e-02   3.2297201e-01  -3.7171707e-02   6.4050176e-02  -6.2994109e-02   1.8505168e-01   1.4391171e-01  -7.9365317e-02   6.9077027e-02   6.4311024e-02   9.5301481e-02  -1.5122671e-01   1.3555168e-02   3.2570269e-02  -2.8313904e-02   3.8700849e-01   9.8763111e-02  -1.6092350e-01  -1.4164467e-01   1.2239993e-02   1.7690543e-01   2.3410841e-01   2.4189086e-01  -8.6707524e-02   1.3815362e-01   6.7275406e-02   1.8247082e-01   3.4140000e-02   1.0746219e-01  -2.3262035e-01   8.5040754e-02  -5.6319908e-04   2.7343417e-01  -1.6300150e-01   1.1376684e-01   2.0058178e-01   1.0746970e-01  -3.6921085e-01  -1.5919360e-01   2.6524331e-01   2.3440598e-01   2.8063617e-01   5.7283368e-02   2.9434257e-01   1.3879622e-02   6.9765956e-03   4.0449823e-02   4.1526223e-01  -2.4082082e-01   3.3695356e-01  -1.9104923e-01  -1.3919939e-01   8.1495993e-03   2.5219376e-01  -1.6572137e-02   1.9139939e-02  -5.6242441e-02  -8.2445050e-02   7.8928285e-02   1.4122427e-01   4.8959722e-02   4.2018963e-01   1.7287024e-02  -9.6211834e-02  -1.8233912e-01   1.3471783e-02  -1.7519753e-01   1.9994965e-01   1.4445335e-01   3.9497082e-02  -9.0102755e-03   5.3053157e-01  -2.7164752e-02  -1.3425483e-01  -1.9262085e-01  -5.4328102e-02   8.8867921e-02   9.6517170e-02  -1.5942646e-02  -3.7245133e-02   3.1900930e-01  -1.5080183e-01  -3.6755876e-01   1.0190165e-01   2.4529876e-01   1.8284143e-01   1.5976750e-01  -4.2005042e-02   2.0299669e-01   3.6577656e-02  -2.0077717e-01   8.2263504e-02   5.8699996e-02  -1.8660688e-01   9.7231449e-02  -8.0039362e-02   3.9653394e-03   9.7654003e-02   1.7335137e-01   4.4446882e-01   1.6819672e-01  -3.7520643e-01   3.6516892e-01  -2.6981323e-01   8.4599385e-03  -1.7448760e-01   5.3862001e-01  -3.1245373e-01  -1.6903064e-01  -9.2583263e-02  -1.6278695e-01  -5.6506659e-02  -1.7780941e-01  -3.0015161e-01  -1.6567387e-01  -4.8915844e-02   1.2971164e-01   3.1178071e-02  -1.0064008e-01   2.5933598e-01   2.8863137e-01   2.1427827e-01   1.2244630e-01  -1.2905230e-01   2.0716777e-02   4.2127561e-01   1.4373863e-01  -1.8351824e-02   3.1312054e-01  -8.4289009e-02  -7.7809453e-02   1.1132150e-01   1.1144387e-01  -9.3015189e-02  -2.2273582e-01  -5.4303328e-02  -6.5917032e-02  -9.1106911e-02  -3.9708153e-02   3.7017755e-02   1.6381013e-01
  -6.6872187e-02  -2.3917041e-01  -1.0761536e-01   1.8067974e-01  -1.3584471e-01   4.8662119e-02  -1.7728255e-01   1.1228514e-03   0.0000000e+00  -5.9470760e-02   1.7799861e-01  -2.1033545e-01   5.3194447e-02  -1.9204057e-01  -2.0481867e-01  -2.0769289e-01  -4.7271734e-02   1.6175904e-01   1.0671266e-01   3.2933018e-02  -9.3664616e-02   2.3315417e-01  -9.9691612e-02  -1.2060305e-01   6.1337147e-02   1.2414600e-01   1.8711480e-01  -1.2743303e-01   2.8076434e-02   3.3017726e-02  -1.3491447e-01  -2.3106347e-02  -1.3177915e-01  -1.1530355e-01  -1.3292170e-01   1.7331927e-01   7.2656924e-02   2.6924486e-01  -1.4166862e-01  -8.6586538e-02  -1.0618260e-01  -2.7319617e-01   1.6687019e-01  -2.3904888e-01   3.9251579e-01   1.0324074e-01   1.1468032e-01  -1.7745472e-01   2.6019504e-02  -1.1448504e-01   3.1713811e-02  -7.0600479e-02   1.2926921e-01  -8.7732323e-02  -1.9218025e-01  -2.6098873e-01   1.0153691e-01   2.1302210e-01   2.9968386e-02   2.9108057e-01   1.5336062e-01   1.8404819e-01   3.8515321e-01  -1.6550735e-01   3.1772137e-02   8.4120870e-03   2.1939068e-01   1.3437389e-01   9.4658419e-02  -8.3144834e-02  -2.0898800e-01   1.5490014e-01  -6.8923514e-02  -2.1902015e-01   4.9152480e-02   4.6627626e-02   7.0075328e-02   1.5363881e-01   8.1142712e-02   2.0022811e-01  -4.4386060e-01  -1.5638609e-01  -1.0890969e-01   1.2933680e-01  -3.0460129e-01  -2.5452455e-01   3.9244331e-02  -2.0861352e-01  -3.0163919e-02   9.3217194e-02  -6.6858954e-02  -9.2268203e-02  -2.8170194e-01   4.0712857e-01   2.4044259e-01  -1.5773288e-01   1.4073614e-01   7.4468508e-02   2.1410117e-01  -6.3628523e-02  -2.0391565e-01  -2.9980078e-01  -1.2583631e-01   4.0188781e-01   1.6473196e-01   1.9713987e-01   2.4689645e-01   3.1013568e-03  -5.0510308e-02  -3.5286612e-02  -1.9110973e-01  -1.0938308e-02   1.5813357e-01   4.3555649e-02  -2.8366084e-01  -3.2707367e-02  -3.7500971e-02  -7.6449959e-03  -7.7607902e-02   1.2133908e-01   1.1839562e-01   1.3717305e-02   3.7060712e-01   3.7481425e-01   1.7190152e-01  -7.6442859e-02   1.5908255e-01  -3.5012164e-02   4.0282290e-01  -1.0210318e-01  -1.4142185e-01   9.4497965e-03  -9.9158423e-02   3.3865116e-02   3.3156935e-01   1.3406450e-01  -9.8287311e-02  -1.6088670e-01  -1.1191699e-01  -1.6323994e-01  -1.8481929e-01  -2.4171158e-03   6.1767451e-02  -1.1915392e-01  -1.4520688e-01   1.1889500e-01  -3.0980431e-01   8.4427080e-02   7.1269163e-02  -2.4993817e-01  -3.4245594e-01   2.1609416e-02   1.9407901e-01  -4.1467127e-02  -1.1639503e-01   2.0640214e-01   1.3796020e-01   2.7899233e-02   1.4234194e-02  -2.1896226e-01   2.2112259e-01   6.2030197e-02   1.0408826e-02   1.5571190e-01   2.6785308e-01   7.0175481e-02  -1.9464049e-01  -8.0018315e-02   4.9929962e-02  -2.2846364e-02  -1.4756937e-01  -4.4325214e-02   9.9029886e-03  -1.0205027e-01   1.8599750e-01   2.9530568e-02   3.8050564e-01
  -3.5607667e-01   1.8550348e-01   1.2610416e-01   2.0498942e-02  -1.0666759e-01   2.8915924e-02   3.5313089e-01  -2.0550964e-01  -5.9470760e-02   0.0000000e+00  -2.7677937e-01   3.5446019e-01   1.4880009e-01   1.4256380e-01   2.0093965e-01   2.0855714e-01   8.6313737e-02  -4.1809138e-03   2.0097547e-03   1.8895887e-03   2.7740903e-01  -1.4473956e-01   1.2610041e-01  -3.2940814e-01  -4.0390593e-01  -4.7924832e-02  -1.8896601e-01   4.9459760e-02  -2.3659487e-01  -8.8173905e-02   2.4143742e-01  -1.0893025e-01   7.2852696e-03   4.6861033e-01   3.2049926e-01  -6.3606455e-02   4.5182454e-02  -1.4372348e-01   4.1091900e-02   2.4733908e-01   1.6257872e-01  -3.3631593e-01   1.1177717e-01   3.3507376e-01   2.1170005e-02  -1.6226771e-01  -1.7732070e-01   4.5449931e-01  -1.0789470e-01  -3.8007625e-02   6.6334718e-02   1.1961174e-01   7.9529118e-03   1.0100030e-01   1.8704657e-02   1.5736267e-01  -1.3133353e-01  -9.0766828e-03   6.5518867e-02  -3.4011338e-02  -9.9991779e-02   5.6159475e-02  -1.1290354e-01   1.3097583e-01  -2.4086011e-01   4.8087360e-01  -4.0189679e-02  -1.8216192e-01  -3.6293583e-01   1.9535180e-01   2.2395687e-01  -8.5216494e-02  -9.1535382e-02   1.9756878e-01   6.1983053e-02  -8.0794785e-02  -3.0641854e-01  -2.5906021e-01  -1.6959116e-01  -2.1347102e-01   2.5474772e-01  -1.3371460e-01   3.0455670e-01  -7.4853293e-02   1.6746593e-01  -9.6384219e-03  -4.2794444e-02  -2.1678591e-01  -4.2225204e-02  -3.8264247e-01  -1.7715285e-02  -1.7803083e-02   2.9832479e-01   3.8334959e-02  -1.9800893e-01   1.3057448e-01  -2.8760963e-01  -1.4252657e-01  -8.1783449e-02   2.5914085e-01   2.3165214e-01   2.3777446e-01   2.5489666e-01  -2.6380472e-01  -2.9592069e-01  -9.0521346e-02   1.5585338e-01  -2.2370641e-01   4.7107268e-02  -3.5000338e-02   3.1132893e-01   2.0271349e-02  -2.6682347e-01  -2.7358794e-01  -8.1990194e-02   8.9573814e-02  -2.1291724e-01   1.7573863e-02   1.7753670e-01   7.0115800e-02  -4.0065913e-01  -4.7760966e-02  -1.8554826e-01   5.8464167e-02  -4.5031338e-01   1.2405316e-01   1.6893449e-01  -2.4959362e-01  -5.1197250e-02   2.2022040e-01   3.2927907e-02   2.9632089e-01  -1.6066462e-01   1.7409936e-01   2.7669686e-02  -1.0909400e-01  -9.2540597e-02   2.6489970e-01  -2.7118261e-02   2.2930568e-01  -1.8846346e-01   2.7131475e-01  -3.4760897e-01   3.9460258e-01   4.0043424e-01   9.6320928e-02   4.4335520e-01   2.9857670e-01   3.2179336e-01   1.2592988e-01  -1.3024087e-01   1.0732290e-01  -4.5071112e-01   3.2123579e-01   2.6293710e-01  -2.0596901e-01  -3.1434116e-01   1.4713193e-03  -2.2498309e-01   1.3581638e-01  -3.1515843e-01  -4.5757667e-02   3.9060803e-01  -1.3824365e-01   5.9457524e-02   2.2491054e-01   1.6120055e-01   5.8920157e-02  -2.2254231e-01   4.0604796e-01   1.7993856e-01  -9.9883344e-02  -2.9590732e-01   1.3281594e-01  -8.9788057e-02  -1.2828202e-01  -1.8634004e-01
   5.8677070e-04  -3.5813857e-01  -3.7790182e-01   3.8545790e-01  -4.7748818e-02   3.6473807e-01  -4.0621863e-02   1.3706220e-01   1.7799861e-01  -2.7677937e-01   0.0000000e+00  -6.0680352e-01   8.6752454e-02  -2.4854024e-02  -1.7150965e-01   2.0057400e-01  -3.9953230e-01   4.9592970e-01  -5.1475102e-02  -2.0081612e-01   1.0624225e-01   3.5134825e-01   7.1850103e-02  -1.5012471e-01   1.9925922e-01   1.3709255e-01   3.0403162e-01   2.6610534e-02   1.1549782e-01   2.7187319e-01   9.1327261e-02   2.9760162e-01   1.0176271e-01   5.3993529e-02  -3.9765360e-01   3.5909645e-01   9.7776619e-02   3.0095609e-01   4.2342041e-01  -4.7817753e-01  -5.2435618e-02   7.7127562e-02  -4.0575741e-01   1.9296011e-01   2.0974230e-01   1.2062168e-01   5.2032244e-01  -8.3508878e-02  -2.8021333e-03  -4.9856206e-01   5.2088628e-01   1.2633840e-01   1.2686244e-01  -1.3913921e-01  -6.0294936e-02  -4.9311853e-02   4.4729840e-03   1.9228338e-01   4.4115376e-01  -4.4790228e-02   2.6618548e-02   4.0761728e-02  -1.0037968e-01   3.2771970e-01   2.1747367e-01  -8.9802850e-02   2.3473983e-01   1.3745989e-01   6.9025112e-01  -7.6269523e-02  -3.8441544e-01   3.2972611e-01   4.3933236e-02  -8.0670204e-02  -2.8997806e-01  -8.9208968e-03   2.4412849e-01   1.6052568e-01  -5.8295412e-02   3.8417056e-01  -4.5997108e-02   8.4030065e-02  -1.8356650e-01   2.5672849e-01  -2.5041933e-01   1.2113773e-01  -3.3390571e-03  -2.9410332e-02  -2.6745803e-01   1.8876437e-01  -1.9630139e-01  -1.7684214e-01  -3.6407043e-01  -7.5143047e-03   2.7287878e-01  -2.7657752e-01   2.3733192e-01  -7.6943036e-02   1.6521501e-02  -7.0350470e-03   4.5226673e-02   3.1182847e-02   1.8141804e-01   1.0467544e-01   4.8804978e-01   3.0699694e-01  -1.2711406e-01   2.9850174e-01   2.8791892e-01   3.5001176e-01  -2.4942928e-01   2.1383059e-01   3.1639372e-01   2.3819860e-01  -1.0473367e-01  -2.2058904e-01   3.3498379e-01   5.1953788e-02   2.7839794e-02   2.4094164e-01   3.0119404e-01  -2.7205270e-01  -2.0430557e-01   3.6042264e-01   2.3236540e-01  -2.0715739e-01  -1.2610824e-02   1.8333529e-02   2.9677406e-01  -2.1539037e-01   3.2875534e-01   2.1793678e-01  -8.3517714e-03   1.7998840e-01  -1.0841819e-01   1.4064431e-01  -6.2068370e-02   7.0810702e-02   1.3125987e-01  -2.4255179e-01   3.8834764e-02   4.1201163e-02   2.3509384e-01  -3.9922576e-03   1.1126949e-01   3.7549163e-01  -4.6460056e-01   5.2173786e-02   8.0017828e-02  -7.0303119e-02  -2.9802301e-02   2.3790939e-01   1.5937086e-01   9.9203544e-02  -3.9957905e-01   1.4149433e-01   4.4494494e-01   4.5687348e-01   1.0622679e-01   2.3445314e-01   5.0032168e-02   3.2218372e-01  -1.6675706e-01   4.0405281e-01   6.3274780e-02  -1.1141224e-01   4.8194041e-02  -8.5036401e-02   1.4535803e-01  -2.9332711e-01  -3.6073268e-01  -1.5997361e-01   2.1760143e-01   2.6494944e-02   1.0199704e-01  -5.8774164e-02   1.8235733e-01
  -1.1881112e-01   5.6741050e-01   5.6439985e-01  -3.2890265e-01   5.9670709e-02  -1.8286973e-01   1.7962818e-01   3.8095508e-02  -2.1033545e-01   3.5446019e-01  -6.0680352e-01   0.0000000e+00   6.3907153e-02  -2.0821148e-01   1.5464718e-01  -1.0767588e-02   5.5856419e-01  -3.3656272e-01   2.6277656e-01   2.9383849e-01  -5.3088596e-02  -4.3677267e-01  -7.0300524e-03  -9.4581734e-02  -2.8985709e-01  -4.4977520e-02  -1.3579553e-01   4.1013280e-02  -5.9857477e-03  -4.4692412e-01  -3.1633060e-02  -3.2751664e-01   6.5248697e-02   1.9695809e-01   2.8968214e-01  -3.1176560e-01  -2.6868525e-02  -5.9956748e-02  -1.2953534e-01   5.6926225e-01   2.0773758e-01  -1.2952036e-03   4.1777692e-01   5.8257720e-02  -2.6080213e-01  -1.7811300e-02  -3.9419430e-01   2.2055430e-01  -1.4800583e-01   5.8051700e-01  -4.2495735e-01   1.5159099e-01   1.1079613e-01   1.2416218e-01  -1.1671002e-01   1.8690970e-01  -5.8625351e-02  -3.9746482e-01  -3.1031363e-01  -5.3370585e-02   7.1916362e-03  -1.5049213e-01  -1.5173134e-02  -1.5026202e-01  -3.5849788e-01   1.9465702e-01  -1.1623516e-01  -1.4265659e-01  -5.3236000e-01   2.9406287e-01   5.2290698e-01  -3.4292124e-01   3.3540973e-02   2.4576232e-01   2.1932955e-01  -1.2020762e-02  -1.6508274e-01  -9.5712629e-02   7.2052125e-02  -3.9715246e-01   1.1387060e-01  -2.9717080e-02   2.4910910e-01  -8.2671043e-02   3.0171832e-01  -3.2101110e-02  -2.9940576e-01  -1.7316623e-01   1.8311089e-01  -2.1451757e-01   2.0198410e-01   3.7598307e-01   4.7745419e-01  -8.0015017e-02  -1.2896364e-01   4.3025875e-01  -3.8288861e-01   1.1076136e-01  -1.7913272e-01   1.0239384e-01   4.9383425e-03   1.5735016e-01  -2.2781404e-01  -1.6282222e-01  -5.5169187e-01  -3.5225320e-01   1.9746438e-01  -2.0786272e-01  -2.2472868e-01  -2.0726612e-01   5.8313412e-01  -4.5979435e-01  -3.5871905e-01  -2.6804077e-01   1.4883795e-01   8.8433644e-02  -1.7074772e-01   1.8700474e-02   1.5773996e-01  -2.1275335e-01  -2.7785882e-01   3.3080555e-01   2.4263305e-01  -3.3892650e-01  -2.4159676e-01   4.2353069e-01  -6.9377100e-02  -1.3081007e-01  -4.0163051e-01   3.4934136e-01  -1.3397495e-01  -6.0285817e-02   6.8439034e-02   1.9759763e-05   1.4938832e-01  -6.4531934e-02  -8.0761378e-02  -4.4417753e-02  -1.7235794e-02   3.6723682e-01  -6.2754566e-02  -3.1192177e-02  -1.1977108e-01   2.5026426e-01   7.5212534e-02  -4.4678855e-01   6.5677334e-01   8.6493754e-02   8.1184798e-02   1.1694674e-01   7.3447757e-02  -1.8298052e-01  -1.9812057e-01   1.2629626e-01   6.0262290e-01  -1.4432571e-01  -3.1739264e-01  -3.7595412e-01  -3.5077410e-03  -2.8773049e-01  -1.6283275e-01   4.4072758e-02   3.5119970e-01  -5.8707007e-01  -1.8504844e-01   3.1272358e-03   5.5742315e-02   1.3774945e-01  -2.4692643e-01   3.9994107e-01   2.0025519e-01   1.7805912e-01  -2.3718700e-01   8.3397556e-02  -1.0553297e-01   1.0444678e-01  -3.3630585e-01
  -1.5120276e-01  -1.1066177e-01   7.0581451e-02   7.5304786e-02   1.0747516e-01  -9.7228920e-02   1.4391225e-01  -1.0955209e-01   5.3194447e-02   1.4880009e-01   8.6752454e-02   6.3907153e-02   0.0000000e+00   3.5538475e-02   9.0795961e-02   2.1941850e-01   8.3017376e-03   2.8558489e-02   3.8549253e-02  -5.3938436e-02   9.2008292e-02   1.8895268e-01   2.5918005e-01  -1.3561477e-02  -1.3706357e-01  -1.1383709e-01  -2.3968966e-02  -1.4753137e-01   1.4205680e-01   2.0501705e-02   2.0927066e-01  -1.6143520e-01   1.2427109e-01   8.5879579e-02  -1.5813967e-01   1.8100000e-02  -2.0980855e-03  -1.8665863e-03   3.1122213e-01  -3.8619139e-02   5.4428533e-01   6.5225728e-02  -1.4321405e-01   8.7446559e-02   8.2826908e-03   1.8056763e-02   1.0716682e-01   1.8371248e-01   1.0179355e-01  -7.2383515e-02   2.6029333e-01  -1.3492279e-01  -6.7174144e-02  -1.0717269e-02  -7.7803097e-02   1.1467125e-01   4.8190194e-02  -8.2260579e-02   1.5623984e-01  -2.2035373e-01   4.6644618e-02  -5.6656772e-02  -7.7830707e-02   4.8936085e-02  -2.2648837e-01   1.2837259e-01  -9.3131970e-02  -3.3985946e-02  -3.4591564e-02   5.0736040e-02  -1.5939592e-02   2.4854999e-02  -1.1382825e-01   3.3453588e-02   2.2063899e-01  -1.0562668e-01  -1.2344755e-01  -1.7389971e-01  -1.0543007e-01   3.7618988e-02  -1.4713200e-01   1.9770272e-01  -3.3459074e-02  -4.8645648e-02  -1.0125676e-01  -1.6057757e-01  -1.2377109e-01  -2.3936572e-02  -2.1375357e-01  -2.5878403e-01  -5.1144256e-02   1.0857682e-01   7.8484346e-02  -2.5557962e-01   7.4806798e-02   4.7800468e-03  -2.1559771e-02   4.4931696e-02   8.0359779e-04   8.1885476e-02   1.6242341e-01   1.1441966e-01   2.7749991e-02  -2.5576985e-01  -8.3109131e-02  -7.4191778e-02  -4.1066710e-02  -1.1527759e-01  -2.2819674e-02   1.0527644e-02   2.3380430e-01  -8.0389987e-03  -1.8722861e-01  -8.9914075e-02  -1.5267992e-01  -2.7482452e-01   8.2451443e-02   5.4543868e-01   8.9535809e-02  -2.6089927e-02  -1.0457312e-01  -5.6192951e-02  -1.2262493e-01   9.5065027e-02  -1.7701272e-01   3.3612579e-02   5.0781573e-02  -1.7904177e-01   3.0325800e-02  -1.9027208e-02   3.7653433e-01   1.7327906e-01   3.1045350e-03   2.9534621e-01  -2.3080578e-01  -1.1387458e-01   9.2175620e-02  -8.3768664e-02   4.5444173e-02   1.6251598e-01  -2.0737008e-01   2.4879470e-01  -3.6402985e-02   2.6622965e-01   2.8407169e-01  -7.8359742e-02   2.0089388e-02  -4.4878550e-02   1.2745041e-01   1.3727476e-01  -9.7897459e-02   3.9127693e-03  -1.8263879e-01   7.5202960e-02   2.2886063e-02  -9.5712846e-02   1.1454808e-01   2.7961316e-01   1.0909647e-01  -8.2866735e-02  -1.7167934e-01   7.1455405e-02  -1.4719533e-02   4.2249313e-02  -1.5057571e-01  -5.5378164e-02   1.9782788e-01  -1.0004277e-01  -1.4936010e-01   7.5961028e-02   5.1966703e-02  -4.5727760e-02  -6.8607079e-02  -1.1014760e-02   1.2813751e-01  -5.5156953e-02  -1.4848261e-01
  -5.6731109e-02  -6.7995819e-02  -1.9514372e-01   5.9114458e-02  -6.4804083e-02   8.5672293e-02   4.0597660e-01  -3.3093903e-01  -1.9204057e-01   1.4256380e-01  -2.4854024e-02  -2.0821148e-01   3.5538475e-02   0.0000000e+00   2.7319548e-01   4.1678847e-01  -2.0073660e-01  -6.8603611e-02  -1.3865104e-01  -3.7071260e-01   4.5422026e-01   4.2152402e-02   4.2648563e-01  -3.4614965e-03  -1.8153296e-01  -2.3431763e-01  -2.1714273e-01  -1.8299850e-02   1.3506387e-01   4.0040239e-01   4.5014521e-01  -1.1104830e-01   2.7470185e-01   7.4175191e-02   2.6521064e-01   4.3920551e-02  -2.1825634e-01  -4.8171691e-01   2.1331152e-01  -1.9858567e-01   3.5520296e-02  -1.5114625e-01  -1.6957974e-01   2.1994581e-01  -1.1881787e-02  -1.5093803e-01  -9.3326611e-02   4.5489051e-01  -4.1441623e-02  -3.6326283e-01   1.7516497e-01  -3.2479302e-01  -2.6658833e-02  -2.0341340e-01   4.9334303e-01   1.4749340e-01  -8.6404432e-02  -3.7214142e-02   1.4234117e-01  -4.4815866e-03  -2.4052236e-01  -4.4774291e-02  -2.2449332e-01   9.0193683e-02   5.8666659e-02   7.7126994e-02  -4.0556701e-03  -1.0719431e-01  -2.1003324e-01   2.9081378e-02   1.7737905e-02   7.9270351e-02  -7.3905877e-02   2.5771861e-01  -1.8401321e-01  -1.2921269e-01  -1.7318527e-01  -1.8532851e-01  -1.2998872e-01  -1.9317772e-01   3.4029572e-01   1.2673392e-03   2.1115763e-01  -1.6325965e-01   3.7877937e-01  -3.1366097e-03   4.3248964e-01   1.5772425e-01  -1.5936678e-01  -2.6843748e-01  -9.2791989e-02  -2.4827428e-01  -5.1279049e-02  -1.8194244e-01  -3.6409736e-01  -3.7444434e-01  -1.9624305e-01  -2.5245302e-01  -1.5148126e-01   1.6740077e-01   5.1048166e-01   1.4836115e-01   6.7749887e-01  -1.0520412e-01  -9.9079154e-02   3.0757628e-02  -1.4187883e-01  -1.4822890e-01  -7.3944652e-02   1.4006116e-01   9.0991528e-02   3.7789344e-01  -9.6662056e-02  -2.1649333e-01  -4.0552209e-02   1.3406805e-02  -2.3165591e-01   3.2826899e-01   3.4395364e-01  -2.3149769e-02  -2.4178966e-01  -3.2351843e-01  -5.1025867e-01  -7.2655437e-02  -3.2619942e-01  -1.4854208e-01   4.0412988e-01  -1.4548435e-01   1.1934552e-02   2.3328289e-01   1.8031414e-01   1.5093095e-01   1.7940618e-01   2.4342578e-01  -2.9184455e-01  -3.1502128e-01  -5.0683422e-02   4.8978352e-01  -3.3785694e-02  -1.7960800e-01   7.5547996e-02   5.8281435e-02  -2.4198257e-01   2.1970670e-01   3.5530244e-01   3.5042465e-01   7.3426712e-02   4.6062820e-02   7.8695786e-02   2.4008903e-01   1.6875248e-01   3.0040883e-01  -2.6192565e-01   9.0922672e-02  -4.6162936e-02  -3.3169731e-01  -1.0005549e-01  -2.4859644e-02  -2.6418658e-01   5.8177671e-01  -2.8776280e-01  -3.7410646e-01  -1.6473623e-01   1.4561226e-01  -8.3438179e-02  -1.1684078e-01  -1.0360011e-02  -1.1229641e-01  -4.6305138e-02  -1.7506832e-01   1.6025496e-01  -2.6593834e-01  -2.6536147e-01   1.0183847e-01   6.7012108e-02  -7.5360400e-02  -6.9039301e-02
