   0.0000000e+00  -8.3726465e-02   3.2545317e-02   1.7357523e-02  -1.0643587e-01  -3.0894816e-01  -3.5235690e-01   1.2599538e-01  -5.8470080e-03  -3.9537551e-01  -3.2979887e-01  -4.1069649e-01   1.6261767e-03   5.2777444e-01  -1.8130909e-01  -2.8571420e-01   3.8606896e-02  -1.8489645e-01  -4.6379260e-02  -1.4787276e-01  -1.9833443e-01   2.0911467e-01  -4.1524690e-01   6.0242466e-01  -2.7478222e-02   2.9474199e-01  -2.0686052e-01   5.5183170e-01  -1.4698225e-01  -1.1160660e-01  -1.5801006e-01   1.3459196e-01  -1.4824964e-01  -4.7520493e-01  -2.8739213e-01  -3.3396582e-01  -2.0252362e-01   2.5948532e-01  -3.1367832e-01  -2.6053185e-01  -4.0300061e-03  -1.5310087e-01  -2.2522043e-01   1.0422643e-01  -1.7573063e-01   2.7178971e-01  -2.6277514e-01  -2.4287986e-01  -2.5949244e-01  -8.2630903e-02  -2.1406902e-01   2.8689564e-01  -4.3752615e-02  -1.1262510e-01   5.7829993e-02   8.6009397e-03  -7.0761170e-02   6.7652832e-02  -1.4814928e-01  -1.7523148e-01   1.6011605e-01  -3.6938635e-01   7.7487407e-02   6.7867980e-02  -1.4934423e-01  -1.7182323e-01  -1.9281984e-01  -3.9720468e-02  -2.8187517e-01  -8.7449385e-02  -4.0213105e-01   3.8870655e-02  -1.8142856e-01   5.8429152e-01  -2.4955290e-01   2.1106721e-01   1.7381356e-01   2.7059338e-01  -3.4619965e-01  -1.3312878e-01   3.6964567e-01  -1.6541150e-01  -1.0377152e-01   1.3714933e-01   1.8310976e-01   1.6126048e-01   6.4074041e-03   4.2715452e-01  -2.5062336e-01   7.2034393e-01   3.2600003e-02   1.3190182e-01  -3.3406834e-01  -2.2424838e-01   2.3345813e-01  -1.9759533e-01  -1.7420467e-01   9.5189023e-02  -2.8436367e-01  -2.1672679e-01   1.7530828e-01  -2.0755385e-01   2.5003094e-01   9.4499648e-02  -2.3783695e-02   3.8072885e-02  -1.1351579e-01   1.7668821e-03  -3.9974446e-01  -1.5142260e-01  -4.2781289e-01  -1.1229490e-01  -4.7234164e-02   6.5959088e-01   5.6182573e-01   6.9249042e-03  -7.1937486e-02  -2.9615832e-01   2.9055566e-01  -2.0032370e-01   2.2024104e-01  -2.2409608e-01  -3.2034437e-01  -1.8148049e-01   2.6518336e-01   5.8055337e-01  -9.0880888e-02  -1.6645031e-01   2.4865475e-01  -1.6747606e-01  -2.1455562e-01  -3.5591190e-01   2.7005896e-01  -2.9847218e-01   1.4299334e-01   9.5648791e-02  -1.6071770e-01   4.3291738e-01   1.9276300e-01   3.7022938e-01   3.3083570e-01   1.3985176e-01  -1.1505092e-01   2.7187060e-02  -3.1739949e-01  -1.5729861e-01  -3.8793731e-01  -2.9932662e-03  -2.9171581e-01  -3.1013265e-01   5.6675480e-01   3.6894434e-01   1.8166151e-01  -1.5098583e-01  -2.1351236e-01   4.1298077e-01   3.2462756e-01  -2.1656794e-01   3.0335545e-01   2.6166700e-01  -1.3756485e-01  -1.1290044e-01  -1.7375085e-01   7.3455994e-02  -8.3204568e-02  -1.2801754e-01  -2.1371529e-01   3.1842663e-01   3.5058439e-01  -1.4766705e-01  -1.6048750e-01   3.0269550e-01   6.1115307e-02  -2.0861661e-01  -1.7119609e-01  -1.3551792e-01   2.1444575e-01
  -8.3726465e-02   0.0000000e+00   1.0912787e-01  -7.8511237e-02   3.8340356e-01   2.4405480e-01   5.0042513e-02  -1.8737879e-01   3.8875973e-01   9.1454180e-02  -1.9258625e-01   5.7896866e-01  -1.6602576e-01  -1.9095466e-01  -1.4711962e-02  -9.3241964e-02   3.0817225e-01  -1.1475576e-01   6.7848943e-02   3.1028439e-01  -1.4470747e-01  -1.2841941e-01  -7.4344040e-02  -1.8096913e-01  -3.1741513e-02  -7.0850772e-02   3.9367533e-01  -1.0761916e-01   3.6686616e-02   2.1572613e-01   1.5856787e-01  -1.9410500e-01  -1.2950223e-01   3.4851375e-01  -1.7257651e-01   1.2375885e-01   3.1462899e-01  -1.0884506e-02   3.8524969e-02   4.2724416e-01  -1.4655105e-01  -2.6407860e-01   2.0484199e-01  -1.1297728e-01  -5.4579944e-02  -2.8355854e-01  -3.5269243e-03   1.1371210e-01   1.0218311e-02   4.1151823e-01  -3.1491929e-01  -1.1622469e-01   4.7048362e-01  -4.7875930e-02  -2.4253254e-01  -1.3224157e-01   5.8317675e-02  -1.8695809e-01  -7.7114955e-03   1.0050403e-01  -2.1000443e-01   1.0689347e-01   4.1052519e-01   4.2131551e-01   2.7127765e-01  -1.0826399e-01   1.1957020e-01   2.4834523e-01  -2.0933874e-01   1.4633397e-01   4.1928254e-01  -2.6010992e-01   1.4465885e-01  -1.9885743e-01  -7.5569747e-02  -7.9049699e-02  -2.1660649e-01   7.1867837e-02   4.3710982e-01  -9.5336457e-03  -2.1423034e-01   7.9355757e-02   1.3884545e-01  -2.0496017e-01   5.1061367e-02  -5.4156544e-02  -1.5695042e-01  -2.6699284e-01   1.6616622e-01  -1.2948597e-02   4.6273972e-01  -2.4222342e-01   3.1801049e-01   1.6082002e-01  -1.3817049e-01   2.6721454e-01  -2.0536368e-01  -7.7517861e-03  -4.5898470e-03  -5.6182537e-02   1.3911717e-01  -1.0083278e-01  -1.9406468e-01   3.9215071e-01  -3.1904372e-01   2.2285014e-02  -4.0843671e-02  -1.0138058e-01  -2.7799856e-02   1.6204664e-01   2.9113679e-01  -9.1468396e-02   3.0267698e-04  -5.7407196e-02   5.8003211e-02   5.3781859e-01   1.1817236e-02  -6.0359226e-02   4.6845364e-02  -2.0311992e-01  -2.9765688e-01   3.0111198e-01   8.0354426e-02   2.2911265e-01  -2.6506817e-01  -1.2551030e-01  -1.8359205e-01   6.0081665e-02  -5.6291231e-02   4.4599026e-01   1.2982764e-04   2.1035521e-01   5.3906750e-01   8.9103943e-02   5.2655215e-02  -1.1120902e-01  -1.0891081e-01  -2.3102541e-01  -1.2088335e-01   4.2112512e-02  -2.4008154e-01  -1.2693668e-01  -4.6014827e-02   2.2475027e-01  -1.8540883e-01  -8.2545461e-02   4.0243256e-01   2.3605498e-01  -5.2264484e-02   1.7893476e-01  -1.0872413e-01  -1.8986415e-01  -2.0265885e-01   1.9857678e-01   6.6168568e-01  -6.9954668e-02  -1.9512103e-01  -1.3383292e-01  -2.2152870e-01  -2.5685598e-01   4.1284409e-02  -5.9172463e-02   1.5019987e-01  -2.1221275e-01  -1.0041228e-01   4.8744802e-01  -9.2612038e-02  -1.8974139e-02  -2.3071620e-01   5.2594772e-01   2.9695959e-01  -2.8873541e-01   1.7929459e-01   2.4031441e-01   1.7565109e-01   8.3717303e-02  -1.6849589e-03
   3.2545317e-02   1.0912787e-01   0.0000000e+00  -2.3293300e-01   8.5481872e-03  -7.5455237e-02  -2.9857830e-01  -8.7921166e-02  -1.9024944e-01  -3.2573895e-01  -7.9635479e-02   9.4929980e-02  -1.5632596e-01   3.5199862e-02   7.4339580e-02   3.9404930e-02   7.3759504e-01  -1.5855789e-01   9.6688938e-02  -3.2994684e-02  -2.4219183e-01   2.2682683e-02  -1.4909338e-02   2.1427666e-01   2.8851534e-02   1.2323111e-01  -7.2973501e-02   9.4634378e-02   5.2608228e-02  -2.5308236e-01  -3.1547417e-02  -9.1001380e-03   1.7037421e-01  -2.8777550e-01  -2.9900545e-01  -1.8900509e-01  -4.5847708e-02   1.0955037e-01  -1.2117768e-01   2.1921383e-01  -3.2851056e-01   2.4984061e-01  -8.6635932e-02   9.8310855e-02  -4.3134874e-01   3.7030956e-01  -1.2214535e-01  -3.1750070e-01  -2.3079869e-01   5.7893553e-01  -2.9341181e-01   1.0401451e-01   5.0675299e-02   2.0617359e-01   1.5720898e-01   6.0890736e-02  -1.3645345e-01  -5.2949350e-02  -6.7534879e-02   6.0470386e-02   5.1168919e-01  -8.6620294e-02  -3.1058737e-02   1.5168569e-01  -2.6657462e-01  -2.8869011e-01   4.9991566e-02   1.0104357e-01  -1.6392286e-01   5.7333214e-01   3.4701081e-02  -1.7555231e-01  -2.0098669e-01   2.5491265e-01   2.4190264e-02   5.2770009e-02   3.8913593e-01   2.4866454e-01   5.6849250e-02  -6.0703246e-02   4.5885342e-02  -9.9224876e-02   4.3777215e-02  -2.8272074e-02   2.8773005e-01  -6.3678168e-03  -2.3945430e-01   9.7517355e-02  -4.6654398e-02  -1.7183559e-02   8.7449913e-02   6.6461525e-01   3.8499422e-02  -2.4358917e-01   2.7240416e-01  -4.0515668e-02  -1.7646174e-01   1.3249273e-01  -1.9298832e-01  -3.1633891e-01   2.5833539e-01   5.1803166e-02   2.3530558e-01   4.2114790e-02  -1.5204004e-01  -1.4326870e-03   3.5566180e-01   5.1628026e-03   1.1005066e-02  -1.7406821e-01   2.6635491e-01  -3.6504386e-01   9.1262991e-02  -3.6138256e-02   2.1914849e-01  -9.7064690e-02  -1.0317497e-01  -2.2211659e-01   1.1298093e-01  -3.0781397e-01   3.8357326e-01   3.1497856e-02   1.2048933e-02  -2.0887065e-01   2.8983613e-01   2.3641225e-01  -1.6027958e-01  -1.9714708e-03   2.0775661e-02   5.5667846e-01  -1.8854891e-01  -2.4530176e-01   2.7377202e-01  -2.6850449e-02   1.7224302e-02   1.0069512e-01  -2.8603172e-02   8.6704809e-02   1.7935822e-01   9.4214145e-02   2.8886677e-01  -1.4579918e-01   1.2993811e-01   5.1819787e-01   1.0446451e-01  -2.2895116e-01   3.4488973e-01  -1.9504579e-01  -2.2391631e-02   3.1603037e-02   3.6483888e-01  -2.9991738e-02   3.1367386e-01   7.1619487e-02   4.3643664e-01   2.0182428e-01   2.6492682e-01  -1.5595147e-01   4.4067231e-01   1.4205218e-01   1.4762129e-01   2.3989606e-01  -8.6140033e-02  -1.5820988e-01  -1.7442369e-01  -2.3396058e-02  -2.2209928e-01   1.1624764e-02   3.3568294e-01   5.9633013e-02   1.0918436e-01   4.0994387e-02  -1.1857196e-01   1.1122905e-02   1.1590068e-01   1.8214452e-01  -7.2068809e-02
   1.7357523e-02  -7.8511237e-02  -2.3293300e-01   0.0000000e+00   3.8418915e-01   8.5942362e-03  -1.5258070e-01   1.1804493e-01   5.8955362e-02  -2.6295654e-03  -1.0286053e-02  -2.8723242e-01   1.2909760e-01   2.5641282e-01  -2.6731873e-01  -2.2138998e-02  -1.3552609e-01   4.6451147e-01   2.7532162e-01   2.6423039e-01   3.3418480e-01   4.6230939e-01   6.8839430e-02  -2.1329793e-01   1.2416216e-01  -1.0658242e-02   1.0433518e-01  -2.3348613e-02   8.7256406e-02   5.9536464e-02  -8.7595325e-02   5.2764543e-01   5.1020148e-02  -1.8479869e-01   1.6723525e-01   1.5382468e-01   1.7905507e-01  -3.2599097e-01  -2.1713581e-02  -2.5186047e-01   3.1646881e-01   2.2113528e-01  -1.6604671e-01   1.4517510e-01   2.2727464e-01  -2.7201901e-01   1.3945420e-01  -2.7868760e-02   5.4952451e-01  -4.0753095e-01   3.7977391e-01   1.8181439e-01  -6.6263325e-02   1.9913707e-01   8.3347754e-02   1.8849664e-01   1.5455136e-01   4.2369285e-01   4.0492738e-01  -1.5242193e-01  -1.5052578e-01   8.0405431e-02   2.1665070e-01  -8.1306395e-02   2.8462918e-01   7.3171948e-02   9.6830571e-02   2.3270605e-01   2.8877582e-01  -4.2989566e-01  -1.7044260e-01   5.5432216e-01   4.1088694e-02  -1.8234964e-01   2.9633348e-01   2.7853426e-01  -3.0353923e-01   2.7471680e-01   1.2386379e-02   4.4137741e-01   5.9840972e-02  -1.4327327e-01  -3.2456711e-03  -4.8194154e-02  -2.1643991e-01   3.4540819e-01   2.2455934e-01   8.8830109e-02   1.3186692e-01  -4.5222215e-02  -8.4673329e-02  -1.4429975e-01   3.4486731e-02   1.6988006e-01  -3.0345075e-01  -2.0059891e-02   4.3155318e-01   1.1705433e-01   3.2197791e-01   3.1077890e-01  -3.4827299e-01  -6.2184263e-02   3.6221221e-01   2.5003807e-02   5.6020020e-01   6.4149364e-01   2.2389898e-01   3.1070440e-01   2.3225445e-01   5.2334741e-02  -2.3475868e-01   1.7245955e-01   5.2590904e-01  -7.5389405e-02  -1.4348462e-01  -2.8145854e-02  -3.2309865e-02   1.0050662e-01  -1.5460313e-01   6.5938213e-01  -1.3328152e-01  -1.4492843e-01   1.7340276e-01   2.5729244e-01  -2.3933585e-01   9.6924800e-02   3.1819262e-01   2.5389694e-01   5.9089839e-01  -4.6319335e-01   6.2005866e-02   2.0663542e-01  -7.3836167e-02   4.1843264e-03   2.8493784e-01   2.1173221e-01   4.6130531e-01  -5.8516517e-02   2.7122539e-01  -8.3693903e-02  -8.1728817e-03  -1.2776209e-02  -1.3813970e-01  -5.2144700e-01   4.6760593e-02   4.0896780e-01  -2.8265420e-01   2.4798476e-01  -2.1991402e-02   1.4381522e-01  -1.7543900e-01   3.3289702e-01   1.2243295e-01   7.1693994e-02  -3.4012024e-01  -3.1650531e-01  -2.5902135e-03   4.5849403e-01   1.0673596e-01   1.5251629e-01   3.4130586e-01   8.4720348e-02  -1.1514364e-02   5.2885538e-01   3.2197655e-01  -1.7164893e-01   3.7332107e-02  -1.1849351e-02   7.6838263e-02   1.0022033e-01  -4.6517106e-02  -3.1708007e-01   3.7396523e-01  -1.7367351e-01   8.8167310e-02   2.8549630e-01   4.2319616e-01
  -1.0643587e-01   3.8340356e-01   8.5481872e-03   3.8418915e-01   0.0000000e+00   2.3923216e-01  -1.9657886e-01  -6.9707275e-02   5.7326383e-02   2.4868546e-01  -1.8380845e-01   9.6152089e-02   1.6756689e-01  -1.1938099e-01  -1.5652890e-01  -3.4109418e-02   7.9948332e-02   3.7608646e-02   2.1478036e-01   8.1526118e-01  -1.4105356e-01   4.6766281e-02  -8.0972324e-02  -3.1904523e-01   1.4525525e-01   1.8161265e-02   4.6818544e-01  -1.6155476e-01   4.0071063e-01  -9.2031325e-02  -3.1644878e-01   1.8952222e-01  -8.4966618e-02   1.9804244e-01  -1.2875751e-01   4.9775617e-01   2.5858112e-01  -1.7957351e-01   1.2795383e-02   2.0871101e-01   2.6210106e-01  -2.6853255e-02   1.6746090e-01  -3.4628890e-02   1.7316165e-01  -3.6368031e-01   3.0925198e-01  -2.2828038e-01   4.2350387e-01   7.4299364e-02   1.1954560e-01   5.8707697e-02   3.0177434e-01   4.0609908e-01  -3.4062873e-02  -3.0684381e-02   2.4705836e-01   3.0103015e-02   4.2029019e-01   4.0197415e-02  -1.9666263e-01   2.6034872e-01   3.7660174e-01  -4.7230718e-02   2.9859264e-01   1.7247628e-01   1.8337146e-01   4.1539573e-01   8.6033572e-02  -2.6991118e-02   2.5331492e-02   1.7742619e-01   6.4544203e-02  -1.6966375e-01   2.4579749e-01   4.0506376e-02  -2.7226227e-01   9.9190903e-02   6.3670462e-01   5.0779446e-01  -2.3811151e-01   6.0429593e-02   6.4356902e-03  -1.8642224e-01  -2.9740145e-01   1.9609339e-01  -1.4021708e-01   4.6486689e-02   1.5972239e-01  -1.2990770e-01   6.0352299e-01  -1.4541994e-01   5.7090184e-01   6.4824572e-02  -3.2978271e-01   6.1900417e-01   3.5874754e-01   1.5625071e-02   3.2296270e-01   3.8588049e-02  -3.0170086e-01  -2.6955572e-01   6.1819998e-02  -1.0196689e-01   4.9648866e-02   2.5677730e-01   3.2365649e-01   1.6629357e-01   3.9058391e-01   3.8545391e-01   1.5076632e-01  -4.0774026e-02   2.7132995e-01  -2.8132972e-01  -2.2229019e-01   4.1040000e-01  -3.3734970e-02   1.7601840e-01  -1.8447447e-01   2.8488396e-01  -1.9773500e-01   5.5009898e-01   3.2348852e-01   1.4216687e-02  -2.9170154e-01  -1.1007280e-01  -3.9685063e-02   3.7139389e-01   1.6279717e-01   1.1619956e-01   2.2796316e-01   2.2462400e-01   1.5749771e-01  -1.2652214e-01   2.4424399e-01   8.3580597e-02   4.5849518e-01  -3.6516733e-01   9.3475993e-02  -2.2933008e-02  -2.8738320e-02  -2.2270716e-02  -8.9005956e-02  -8.2422901e-02  -2.1221445e-01  -2.7958376e-02  -8.5598557e-02   5.1560034e-01   3.5669980e-01   5.3965813e-02  -1.5773017e-01  -8.7867494e-02   1.1916057e-01   3.2222214e-01   2.7565094e-01  -2.7014272e-01  -1.6588353e-01   3.8439024e-01  -1.0908482e-01  -1.4298456e-01   4.1128436e-01  -9.5190917e-03   3.6688963e-01  -5.8434699e-02  -1.8479915e-02   2.5852307e-01   1.3676741e-01  -1.5597013e-01  -7.0863655e-02   4.4100368e-01   5.2005997e-01  -4.3799817e-01   3.9419026e-01   1.6225730e-01   1.0948469e-01   3.6580193e-01   6.6658588e-02
  -3.0894816e-01   2.4405480e-01  -7.5455237e-02   8.5942362e-03   2.3923216e-01   0.0000000e+00   3.7045993e-01  -2.7628086e-02  -1.8916407e-01   2.3676121e-01   2.5517466e-01   3.4002189e-01   1.3679711e-01  -2.7832504e-01   4.3316649e-02   4.2291391e-01   4.6804047e-02  -5.1711708e-02   1.5351412e-01   2.7129304e-01  -1.3483290e-01  -1.5794406e-01  -6.2399712e-02  -4.9233907e-01  -1.4928459e-01  -5.7534125e-02   6.6396711e-01  -1.3892567e-01  -1.4032536e-02   3.1596856e-01  -2.2376023e-01  -1.0011376e-01  -8.6821664e-02   4.3635947e-01   1.1466264e-01   6.2814798e-01   2.0059788e-01  -3.9927086e-01   4.5459946e-01   6.2997217e-01   1.5395233e-01  -2.0746970e-01   7.2673813e-02   5.1967461e-02  -6.8576235e-03  -3.7861689e-01   5.1490386e-01   3.5585296e-01   9.9841613e-02   2.4295039e-01   8.2984858e-02  -1.3984369e-01   1.2734745e-01  -1.8237272e-01  -3.3928119e-01   2.3779764e-01   3.6679671e-01   3.6380445e-02   2.4622733e-01   3.4840199e-01  -2.4395544e-01   1.4658270e-01  -1.1693925e-01  -1.5422578e-01  -1.1801386e-01   1.5132262e-01   6.8267259e-01  -1.5681049e-01   4.8005147e-01   2.1701576e-01   5.1906509e-01  -1.3723749e-01   3.7544866e-01  -2.1756762e-01   7.3036994e-02  -2.2120393e-01  -2.4420496e-01  -1.1612121e-02   3.9502645e-01   2.0490651e-01  -1.5629283e-01   3.7217483e-01   2.5705621e-01  -8.0590378e-02   1.8994327e-02  -7.7145548e-02  -2.5725669e-02  -3.7170555e-01   3.8380495e-02  -4.1499230e-01   6.6399839e-02  -2.7598867e-01   2.2641131e-01   8.0259174e-02  -4.1634032e-01   4.3948058e-01  -5.3466481e-02   7.8334936e-02   5.3585697e-02  -1.7316306e-02  -4.4501610e-02   4.8661511e-02  -2.1785223e-01  -7.3375485e-02   1.3377153e-02  -2.8959377e-02  -2.2085264e-01   2.5896112e-01  -8.1153954e-02   4.0150692e-01   2.7238862e-01   2.3548568e-01  -1.5172297e-01  -4.0047476e-01  -1.6273716e-01   8.5534159e-02   1.6153071e-01   3.1634810e-01   1.8085361e-01   1.8249452e-02  -3.5772082e-01   3.1454678e-01  -7.6677342e-03  -1.7076125e-01  -3.5750154e-01  -3.9270048e-01  -3.2259271e-01  -2.6639891e-02  -2.2778134e-01   3.3406076e-01   4.6701019e-01   3.8288999e-01   1.0670677e-01   8.6070080e-03  -2.0722065e-01  -5.6638595e-02   8.2575357e-02  -1.1833792e-01  -2.1277233e-01  -3.6339451e-01  -2.6220069e-01  -3.4262625e-01   3.0441772e-01   1.9340602e-01  -1.9644198e-01  -2.0434718e-01   2.2955016e-01   2.7927380e-01   4.3725414e-01  -8.7312053e-02  -2.2752030e-01  -1.4804561e-01  -1.6300726e-01   1.0148564e-01   4.4981649e-01  -5.0879190e-01  -3.5034399e-01   2.7123107e-01  -3.0877454e-01  -1.6976817e-01  -4.5333378e-02   6.2621693e-02   2.9979614e-01  -1.6460930e-01   2.1115692e-01   1.4602284e-01   2.8313220e-01  -4.1755931e-02  -2.4175849e-01   1.7270375e-01   1.2720933e-01  -3.8646566e-01  -7.9951278e-03   7.6863501e-01   7.3270921e-02  -7.9458866e-02  -6.3666311e-02
  -3.5235690e-01   5.0042513e-02  -2.9857830e-01  -1.5258070e-01  -1.9657886e-01   3.7045993e-01   0.0000000e+00  -8.9057646e-02  -1.3668119e-03   2.4448345e-01   4.1358780e-01   4.4004102e-01   2.8508239e-02  -2.1646541e-01   1.5231144e-01   2.8220902e-01  -2.1829261e-01   1.2135829e-01  -2.4875135e-01  -5.0071686e-02   2.5621519e-01  -2.6494061e-01   4.9489143e-01  -2.4342097e-01  -6.1676207e-02  -2.0964866e-01   1.7229924e-01  -1.2523411e-01  -2.3246224e-01   5.8715626e-01   2.6598836e-01  -3.0239822e-01  -6.7408004e-03   5.0458577e-01   3.4260017e-01   2.6188130e-01   3.2408971e-02  -2.5374681e-01   3.6017616e-01   1.5360818e-01   6.4911728e-04  -7.4771562e-02  -3.1730596e-02   2.9793178e-01   1.7708769e-01  -2.5239685e-01   1.0608560e-01   7.3252392e-01   1.3973352e-03  -7.3394955e-02   1.3607014e-01  -2.4445594e-01   1.2370342e-01  -2.3946817e-01  -1.1209085e-01   3.0442847e-01  -4.7384775e-02  -1.5240262e-01   1.5496689e-02   6.5511853e-02  -2.2455178e-01   2.4916453e-01  -2.9501375e-01   1.0810173e-03   4.4853490e-02   2.1030507e-01   1.3699021e-01  -3.1018035e-01   1.4470654e-01  -8.4557944e-02   5.9716845e-01  -7.4963415e-02   2.2967137e-01  -8.0039471e-02  -6.8435506e-02  -3.7184737e-01  -1.7856340e-01  -2.4763018e-01  -7.3232679e-03  -7.4506873e-02   1.4992492e-01   1.6525225e-01   4.2542856e-01  -8.9466473e-02   1.5415823e-01  -2.8619248e-01   2.5277288e-01  -1.9448287e-01   2.0995642e-02  -3.0204777e-01  -2.3762281e-01  -2.0575613e-01   2.4376998e-02  -8.7787607e-02  -2.9957621e-01  -6.5754710e-02  -1.3974948e-01  -2.2533649e-01  -1.2928140e-02   4.0973624e-01   9.4735907e-02   4.4942345e-01  -2.8284187e-01  -1.0140072e-01  -5.0321487e-02  -3.1861645e-01  -2.1387404e-01  -1.0534418e-01   1.1905692e-02   1.8534518e-01   3.3818282e-01   2.7607088e-01  -2.5929432e-01  -4.2576008e-01  -5.0977477e-02  -2.2545692e-01   1.7644064e-01   1.5507547e-01   1.2180590e-01  -9.1464235e-02  -2.6585245e-01  -9.6427152e-02   2.2584224e-02   1.5609555e-01  -2.6002158e-01  -3.2686757e-01  -6.5937452e-02  -1.0108514e-01  -3.9388432e-01  -2.5784038e-02   2.2078265e-01   5.5424273e-01  -1.3200898e-02   4.3148189e-01  -4.0387091e-01  -2.7126869e-01  -1.9731658e-01   8.6870739e-02  -3.5355660e-01  -2.2804250e-01  -3.4418627e-01  -1.5398400e-01   1.0784194e-01   1.2430407e-01   3.2156665e-01   1.0504580e-01   4.3792827e-01  -1.1320305e-01   1.2320402e-01   1.6232183e-01  -2.3655250e-01  -1.2803137e-01  -2.0173669e-01   5.4923595e-02  -1.1033973e-03  -3.1570313e-01  -3.3352524e-01   1.9208043e-02  -3.2629394e-01  -5.5589241e-02  -2.1628580e-01  -1.0708596e-01   2.0638800e-01  -5.7113003e-02  -5.2937499e-02  -8.1972319e-02   2.3918398e-01  -2.6450529e-02  -2.5041943e-01   5.1931318e-02  -4.2706599e-01  -2.2786940e-01  -2.1764858e-01   3.0127137e-01   3.2973028e-02  -1.7002518e-01  -2.4543825e-01
   1.2599538e-01  -1.8737879e-01  -8.7921166e-02   1.1804493e-01  -6.9707275e-02  -2.7628086e-02  -8.9057646e-02   0.0000000e+00   1.1080524e-01  -3.0942196e-01   1.3374523e-01  -4.6967342e-01  -1.9991353e-01   3.1962313e-01  -1.1537008e-01   1.7646745e-02  -1.8250711e-01  -8.4235256e-03   3.3326944e-01  -2.2600160e-01   1.9926269e-01   4.9115311e-01  -2.2193461e-01  -1.1528049e-01   3.0262235e-02   6.3644996e-01  -1.1206401e-01   5.3866644e-01  -2.0967241e-01   7.9322091e-02   1.1155643e-01   4.5200617e-01   2.9225702e-01  -1.9638276e-01   2.4577213e-01  -1.9096913e-01  -2.2660237e-01  -3.2393790e-01  -1.1848301e-01  -3.4676308e-01  -5.2139189e-02   3.5739903e-02  -4.1667424e-01   5.1662779e-01   8.6140998e-02   3.6027245e-02  -1.3166233e-01   1.7638102e-01   4.3639700e-02  -2.6195379e-01  -1.2228192e-01   7.2300909e-01   2.5271470e-02  -4.1613149e-01  -2.2362389e-01   3.9758040e-01   2.7086098e-01   4.9653557e-01   1.4540014e-01  -1.2456940e-01   8.6483434e-02  -4.0584726e-01  -2.8164713e-01   2.3040047e-01  -1.2096570e-02  -7.5539944e-02   3.3501694e-01  -1.7598157e-01   2.4968396e-01  -1.9984190e-01  -4.2588857e-02   1.2351010e-01   5.4850713e-02  -8.4147893e-04   1.2589627e-02   5.3276797e-01   5.4016428e-02   5.0906219e-01  -1.8210747e-01  -7.5650173e-02   6.4571218e-01  -1.6853645e-01   2.5059024e-01   6.8978783e-01   1.4829048e-01   4.0900533e-01   3.1657285e-01  -3.0021133e-01  -1.1842520e-01  -5.3278322e-02  -2.9372030e-01   8.6257841e-02  -7.0134340e-02   6.0261793e-02  -9.5133735e-02  -3.2985343e-01   6.8226403e-02   6.6009634e-01  -2.3062571e-01  -9.2223075e-04   6.1497524e-02   2.1277067e-01   5.7629384e-01   1.8694505e-01   2.5532244e-01   3.7976818e-01  -2.2327143e-01   6.1165644e-01  -2.7096897e-01  -4.3075755e-04  -2.4664278e-01   2.7836319e-02  -3.5943864e-02   2.9472855e-02   1.3551629e-01   3.5589361e-02   4.4165662e-01  -1.6170878e-01   3.7561832e-01   2.5470444e-01   2.3918155e-03  -3.2736470e-01  -3.5587493e-01   5.4919767e-02   1.3431031e-01   3.1255688e-01  -8.3524511e-03  -1.4168555e-01   3.7353573e-01  -3.4361643e-01  -1.0755558e-01  -2.8812102e-02  -1.3073597e-01   9.3225846e-02   1.3693114e-02   6.1934993e-01  -2.9002883e-02   5.0046730e-01   6.1967601e-01  -3.0043627e-01  -8.2480964e-02  -1.8059717e-01   1.8782274e-01  -2.0432580e-02   5.3910498e-02   4.5178694e-01  -2.3604019e-01   4.1073707e-02  -1.4836069e-01  -1.8338418e-01   1.0161411e-01   6.8287597e-01  -2.2520424e-01   2.4658319e-01  -3.6731417e-01  -2.6583198e-01   1.4816303e-01   1.0164054e-01   1.8364447e-01   6.3112986e-01  -1.0223510e-01   4.0622790e-01  -3.6190178e-01   1.7998090e-01   3.5741989e-01  -1.5303872e-01   1.1892433e-01   4.3249296e-01  -5.8589268e-02   9.6647467e-02  -1.0165401e-01   3.4592036e-02  -1.4855953e-01  -5.6811557e-02   1.8875012e-01  -2.3479468e-01   6.0841614e-01
  -5.8470080e-03   3.8875973e-01  -1.9024944e-01   5.8955362e-02   5.7326383e-02  -1.8916407e-01  -1.3668119e-03   1.1080524e-01   0.0000000e+00  -7.9460351e-03  -2.0464868e-01   2.0576727e-01  -2.3646783e-02   4.8332003e-02   1.3335727e-01  -2.2989674e-01  -2.0081759e-01   1.2294676e-02   1.3316344e-01   1.4808260e-02   1.5451818e-01   1.4349704e-01  -8.7203558e-02  -7.5945265e-02  -3.7681629e-02   1.7475012e-01  -1.3734842e-01   1.5306241e-02  -1.6103219e-02   5.3965729e-02   3.9379527e-01   4.2838661e-02  -1.3439421e-01   1.8044162e-01   1.4713638e-01  -2.4814164e-01   4.6954374e-02  -8.7505040e-02  -2.2043411e-01  -7.6725154e-02   1.0878136e-01  -1.7555181e-01   2.1307916e-01  -1.4299537e-01   3.3242040e-01  -2.6567938e-01  -3.6056323e-01   1.1017369e-01   1.8122020e-01  -1.0034842e-01  -6.6266447e-02   1.5552987e-01   1.5150774e-01  -2.6411014e-01  -1.5357360e-01  -2.3659459e-01  -9.3553324e-02   1.5055093e-01   2.0215302e-02   1.0755889e-01  -1.8849782e-01   4.1781290e-02   2.8110155e-01   5.3426406e-01   5.6003202e-01  -1.0815288e-02  -1.7757891e-01   2.0668369e-01  -2.5861440e-01  -2.0866747e-01  -1.7395955e-02   1.0077766e-01   1.1978469e-01  -2.9288558e-01  -2.4617732e-02   1.1192396e-01  -2.7011626e-01   6.7784706e-02   1.8710404e-01  -6.9028815e-02   2.8479663e-02   3.8702971e-02  -4.1751809e-02   9.6659345e-02  -2.1622517e-01   1.0249620e-01   1.3670174e-01  -8.5901461e-02   1.8166185e-01   6.1512607e-02   1.6983709e-01  -2.8427108e-01   1.2278646e-01   4.8745883e-01  -1.6369488e-01  -9.0616191e-02   7.5306108e-02   2.3215141e-01   2.5079266e-02   1.8659340e-01   1.9790409e-02   1.1083584e-01   7.4723350e-02   4.6421557e-01   9.1813387e-02   8.7571442e-02  -2.4896175e-01   9.6537108e-02   7.5805571e-02  -2.2572117e-01  -3.8446235e-03   1.1948502e-02   8.1292810e-02  -4.4661613e-02  -1.1323936e-01   5.1180931e-01   7.3910679e-02   2.2698101e-02  -1.4726903e-01   4.4623324e-02  -3.3839012e-01   5.5209492e-04   3.1316601e-02   5.0265960e-01  -1.8789136e-01   1.1978216e-01   2.6009755e-01  -4.5121080e-02   2.8567816e-01  -1.3887798e-01   4.1643862e-02   1.2797279e-01   1.3229173e-01   1.1443686e-01   3.4744696e-01   3.7564151e-02  -8.0512699e-02   4.2911966e-02   1.5463182e-01   5.4132363e-02  -2.0218686e-01  -8.2361487e-02  -9.4735735e-02  -2.3658104e-01  -1.6202366e-03   3.0000573e-01   5.3086709e-02   1.3212972e-01  -3.5295158e-01   3.3243918e-01  -1.0636264e-01   2.0740658e-02  -3.7549997e-01   1.5186439e-01   6.6715961e-02  -6.3687856e-02  -1.1889580e-01  -3.1199356e-02  -2.5245889e-01  -6.4823835e-02   5.2675595e-02  -1.2201139e-02  -1.3337442e-01   1.0842019e-01   2.8532006e-02   2.4490631e-01  -4.3004986e-02   1.2528590e-01  -3.9360372e-01   3.1585898e-01   1.5901761e-01  -2.4474119e-01   2.6635078e-01  -3.2267321e-01   7.1403015e-02  -1.0240412e-01   1.9393588e-01
  -3.9537551e-01   9.1454180e-02  -3.2573895e-01  -2.6295654e-03   2.4868546e-01   2.3676121e-01   2.4448345e-01  -3.0942196e-01  -7.9460351e-03   0.0000000e+00   1.1423473e-01   2.2962711e-01   1.5953920e-01  -3.1660200e-01   2.9765566e-01   4.9235504e-02  -2.6648354e-01   4.0117113e-01  -2.0888256e-01   4.9430804e-01   1.4675152e-01  -3.2863415e-01   3.1300676e-01  -4.7284304e-01   1.0509695e-01  -2.8975152e-01   3.6586835e-01  -4.3740890e-01   1.4432327e-01   6.1216341e-02  -5.9802156e-02  -1.9668721e-01  -1.2014329e-01   6.3695293e-01   8.1397923e-03   6.3389771e-01   2.6841069e-01  -2.1004480e-01   1.8121956e-01   2.5744421e-01   2.6611781e-01  -1.4692225e-01   4.7252637e-01  -2.9725078e-01   3.3976882e-01  -3.0710597e-01   4.5838699e-01  -6.3440076e-02   3.3350995e-01  -7.1736483e-02   3.7228993e-01  -3.1728350e-01   2.1257383e-01   1.1029595e-01  -1.3351790e-02  -2.7161215e-01   4.4891530e-02  -1.9923356e-01   1.3470897e-01   2.6546394e-01  -3.9482933e-01   5.3662838e-01   1.3121329e-01  -1.9217530e-01   1.3433849e-01   6.3368254e-01  -7.5691686e-02   1.1773653e-01   9.7912953e-02   7.1410566e-02   6.6893867e-02   1.6869342e-01   1.9581425e-01  -3.0745235e-01   1.4217205e-01  -2.3897587e-01  -3.7327626e-01  -4.4826320e-01   3.7385276e-01   2.7957219e-01  -4.5186761e-01   2.8567118e-01   9.8077077e-03  -3.5388485e-01  -3.8623497e-01  -1.6950632e-01  -1.1942254e-01  -8.3564569e-02   7.9952557e-02  -3.2395586e-01   2.0857746e-01  -4.6694412e-01   3.0458245e-01   2.1391779e-01  -3.1244957e-01   4.3571668e-01   1.7152111e-01  -3.9757678e-01   4.2372176e-01   2.0483699e-01  -3.8291614e-01   8.0304582e-02  -3.8881881e-01  -2.0135644e-01   7.3359434e-03  -1.8955129e-01  -5.4658440e-02  -2.9668099e-01   2.9484114e-01   4.4943418e-01   1.8617547e-01   2.0699297e-01   9.3828041e-02  -3.1817555e-01  -3.0471276e-01   1.2067860e-01  -9.8784269e-02   4.0812051e-01  -3.8289782e-01   3.7450253e-02  -2.7437472e-01   4.7690868e-01   2.7624267e-01   8.6034841e-02  -3.5020533e-01  -4.3810061e-01   1.7398444e-02   2.0327070e-01  -1.9487596e-01   8.6058936e-02   2.3108735e-01   3.4375784e-01  -1.7076625e-01   3.8618791e-02   2.1491433e-01  -2.4344656e-01   1.6314132e-01  -5.0827307e-01  -3.3993235e-01  -1.1159428e-01  -1.7657747e-01   6.8581798e-02   3.6087392e-02  -1.6850071e-01  -5.8808325e-02  -9.0848156e-02  -8.9677397e-02   1.6379577e-01   6.1102595e-01   1.0967803e-01  -3.4125572e-01  -4.5051618e-01  -1.6557771e-01  -7.1635492e-02   6.6028916e-02  -2.9193298e-01  -1.6910081e-01   1.7454763e-01  -3.6850398e-01  -4.1732954e-01   1.0674139e-01  -8.6249637e-02   5.9787652e-01   1.3794163e-02  -8.1129043e-02   2.9681391e-01   2.4756224e-01  -3.3082418e-01  -3.3099515e-01   5.1125376e-02   3.4024811e-01  -3.7952904e-01   2.7769631e-01   2.2923247e-01   8.3575385e-02   8.6286784e-02  -2.7583890e-01
  -3.2979887e-01  -1.9258625e-01  -7.9635479e-02  -1.0286053e-02  -1.8380845e-01   2.5517466e-01   4.1358780e-01   1.3374523e-01  -2.0464868e-01   1.1423473e-01   0.0000000e+00   6.5384112e-02   1.4690766e-02  -7.4815668e-02   3.1919495e-01   4.0587798e-01  -1.1054229e-01   3.4785001e-01   2.7437234e-02  -1.6327208e-01   3.5709838e-01   5.9516329e-02   4.0915947e-01  -2.2270687e-01  -2.0216134e-02  -1.3849097e-01   2.0271878e-01  -1.2089440e-01  -1.6430477e-01   3.2546742e-01   2.8913001e-01  -8.3726415e-02   4.4054515e-02   2.4751177e-01   2.4639228e-01   3.6259390e-01  -6.9892210e-02  -3.0069181e-01   4.6480536e-01  -3.4807536e-02  -1.2382065e-01  -8.7635422e-02  -2.4444764e-03   3.7345192e-01   1.2666830e-01   1.2412232e-02   4.9772151e-01   3.0416687e-01   6.3717714e-02  -8.3686631e-02   3.0966431e-01  -1.2613291e-01   1.5294887e-01  -2.6955439e-01  -1.4786151e-01   3.5056961e-01   8.1896122e-02   6.3848505e-02   1.7864975e-01   1.1890966e-01   2.2221257e-02   3.4539427e-02  -3.7071219e-01   4.8575588e-02  -2.0099061e-01   4.1338223e-01   2.0723279e-01  -2.1180885e-01   5.3052447e-01  -4.6026268e-02   1.6150300e-01  -1.2803837e-01   3.4012912e-01  -1.2734666e-01  -1.0453171e-01  -2.2568245e-01   4.5090957e-02   7.1203048e-02   4.2304541e-02  -3.6921119e-02   5.5459832e-02   3.7959050e-01   4.6924421e-01   3.0987813e-02   2.2066836e-02  -2.7768562e-01   2.5327356e-01  -4.0979581e-01  -8.1856627e-02  -3.6462836e-01  -1.2046292e-01   4.8436475e-02   9.1906522e-02  -1.6167472e-01  -1.5514119e-01  -6.6204822e-02  -9.4792777e-02  -7.2098794e-02  -1.0916326e-01   2.1283782e-01   5.0650389e-03   6.1720420e-01  -1.0246996e-01  -5.6158892e-02   2.5998627e-01   6.8711763e-03  -1.8733819e-01   1.2407568e-01  -8.6933989e-02   2.4017796e-01   3.1666742e-01   4.3966763e-01  -2.3364535e-01  -3.3161825e-01  -2.9091358e-01  -2.3203066e-01   1.8756320e-01   2.5395467e-01   8.6609361e-02   1.1016107e-01  -9.4136340e-02  -6.9846697e-02  -1.4729839e-01   1.4177674e-01  -6.3843232e-02  -1.7097914e-01  -4.5142464e-02  -2.8658255e-01  -1.4443471e-01  -1.2958006e-01   3.6946695e-01   4.6271468e-01  -2.0978207e-01   4.1828245e-01  -3.2714561e-01  -1.1049038e-01  -9.4315687e-02   1.1848198e-01  -1.5368838e-01  -3.0086709e-01  -1.7475284e-01  -1.3272349e-01   5.5006141e-01   7.6034047e-02   3.9543228e-01   1.2952198e-02   1.8499362e-02   1.3083768e-01   2.8098081e-01   2.0097243e-02  -2.2302307e-01  -3.3633394e-02  -1.5173142e-01   3.6307843e-01  -9.2117137e-02  -2.4465012e-01  -1.4557740e-01   1.8573639e-01  -2.9958170e-02  -7.7245541e-02  -1.7884162e-01   5.0077419e-01   2.7492434e-01   3.0265200e-01   6.0731195e-02  -2.7670847e-01   3.9634780e-01  -1.7153938e-02  -6.9758180e-02   8.3941823e-02  -1.5584595e-01  -5.0698043e-02  -1.3244154e-01   2.0228704e-01  -5.6539163e-02  -2.1352296e-01  -3.7422188e-02
  -4.1069649e-01   5.7896866e-01   9.4929980e-02  -2.8723242e-01   9.6152089e-02   3.4002189e-01   4.4004102e-01  -4.6967342e-01   2.0576727e-01   2.2962711e-01   6.5384112e-02   0.0000000e+00  -4.2352280e-02  -4.1672779e-01   2.1190382e-01   2.5751966e-01   2.4421194e-01  -9.9419226e-04  -1.8895173e-01   1.8027982e-01  -1.1568190e-01  -5.5699109e-01   2.1046604e-01  -2.3711280e-01  -1.9913271e-02  -3.7798034e-01   2.9825122e-01  -3.7550584e-01   8.9706150e-02   1.8009953e-01   2.2181696e-01  -5.1116116e-01  -3.8054743e-02   5.7396831e-01  -6.4046262e-02   2.0409624e-01   3.1837173e-01  -1.8723946e-02   3.9228304e-01   6.0101935e-01  -5.4240005e-02  -1.1616242e-01   3.3866516e-01  -2.0954506e-01  -5.2212863e-02  -2.3794107e-01  -1.6069363e-02   3.0563105e-01  -6.9002870e-02   4.6105344e-01  -2.0984082e-01  -4.9468450e-01   3.7321962e-01   5.6268743e-02  -7.8713676e-02  -2.1027157e-01  -2.4143867e-01  -4.5733655e-01  -1.1447389e-01   1.8352009e-01  -2.1829231e-01   3.4963619e-01   1.6848183e-01   1.1228104e-01   1.1885388e-01  -6.9195626e-02   7.9146492e-02   8.5452350e-02  -1.6825215e-01   2.0515645e-01   5.8781932e-01  -3.3391169e-01   3.1632476e-01  -1.4244010e-01  -2.0301745e-02  -5.6165193e-01  -1.7771520e-01  -3.0385265e-01   4.0658236e-01   3.1766715e-03  -4.1635984e-01   2.3677002e-01   1.9099255e-01  -4.4028087e-01   1.5123852e-01  -4.9641030e-01  -1.6633122e-01  -2.1269349e-01   2.6213602e-01  -2.2902197e-01   3.4931597e-01  -1.7094890e-01   3.8319264e-01   7.4574856e-02  -1.9030454e-01   2.5283587e-01  -1.5696600e-01  -3.3694443e-01   1.0408921e-01   6.1942845e-02   1.4215918e-01   1.0115559e-01  -4.9839734e-01  -1.4233603e-02  -4.5343549e-01  -3.8918561e-01   2.9896021e-02  -3.7728900e-01   2.8768824e-01   5.4754514e-02   6.3494771e-01  -1.0425498e-01  -1.1729047e-01  -3.0785188e-01  -1.1726536e-01   1.8520273e-01  -1.7566999e-01   2.0550717e-01  -1.3816605e-01  -3.4576854e-01  -2.7009570e-01   3.4612802e-01   3.3431458e-01   9.6174060e-02  -2.8802826e-01  -3.2044090e-01  -1.5506221e-01   1.2776482e-01  -4.5847375e-01   4.9467368e-01   2.3785083e-01   3.5304373e-01   3.3301036e-01   2.2062666e-01  -2.3153602e-01  -4.5134576e-01  -7.1413452e-02  -3.2066111e-01  -4.9498569e-01  -2.3065609e-02  -2.3279754e-01  -2.2089483e-01  -3.8108912e-03   2.8448545e-01   1.2223887e-01  -2.3776072e-01   6.5451580e-01  -7.9182864e-02   1.7817418e-02   2.4543721e-01  -1.9669388e-01  -5.1155493e-01  -1.5249815e-01   4.9678933e-02   6.5872307e-01  -1.1515007e-01  -4.1244587e-01  -1.1335403e-01  -3.9480528e-01  -5.3790540e-01   2.4400958e-02  -2.3266474e-01   1.5512583e-01  -3.6275232e-01  -3.0590682e-01   4.0376912e-01   3.2548227e-02  -1.7911265e-01  -2.8050802e-01   3.6997274e-01   1.1544165e-01  -3.3299945e-01  -2.3752918e-02   2.7679500e-01   9.2861649e-02   1.0670320e-01  -4.6398339e-01
   1.6261767e-03  -1.6602576e-01  -1.5632596e-01   1.2909760e-01   1.6756689e-01   1.3679711e-01   2.8508239e-02  -1.9991353e-01  -2.3646783e-02   1.5953920e-01   1.4690766e-02  -4.2352280e-02   0.0000000e+00  -2.0097847e-02   1.3772235e-01   5.4294544e-02  -1.3805544e-01   2.2191037e-01  -1.6767993e-01   2.9233023e-01   3.8530206e-02  -7.9440198e-02   1.6607058e-01  -5.3686144e-02   1.8598850e-01  -2.2099316e-01   7.0545902e-03  -2.6000610e-01   1.2433637e-01  -2.4023911e-02  -1.8308538e-01  -6.7830920e-02  -2.0351413e-01   3.9508381e-02   1.3339263e-01   1.8052634e-01   1.9411802e-01  -1.8369440e-01   2.0063768e-01  -6.5684472e-02   7.2675648e-01  -4.7865496e-02   2.5030014e-01  -1.3496159e-01   2.9537716e-01  -2.8640170e-01   1.4715919e-01  -1.3026663e-01   3.7354594e-01  -1.9261491e-01   3.7983959e-01  -2.1714095e-01  -2.3802191e-01   2.5756106e-01   2.0663645e-01  -2.0660566e-02   5.0793556e-02   4.9626520e-02   2.6167795e-01   2.2211259e-01  -2.4402451e-01   2.9961235e-01   1.9137733e-01  -2.9576170e-01   3.5213980e-02   2.2346950e-01  -1.4261683e-01   1.4485388e-01  -3.2718495e-02  -1.2038558e-01  -1.6939271e-01   3.8239393e-01   2.8615580e-01  -7.8825681e-02   1.6596786e-01  -2.6088522e-01  -2.6608226e-01  -2.8241638e-02   2.9883119e-02   4.5477102e-01  -1.6369010e-01   3.5610463e-01  -2.4902202e-01  -9.5313582e-02  -2.6393912e-01  -1.3621240e-01   3.1233673e-02   2.2620432e-01  -1.3125460e-02  -1.2446256e-01   1.0671852e-01  -2.6834940e-01  -3.8193616e-02   1.9988576e-01  -3.5053953e-01   2.0014919e-01   3.7173891e-01  -1.9161220e-01   3.9008872e-01   2.7366246e-01  -3.9292081e-01   2.2812778e-02  -1.4099089e-01  -6.2127447e-02   1.0153193e-01  -2.9458143e-02   2.3048130e-01  -9.1347166e-02   2.4858016e-01  -4.0602247e-02  -6.3027222e-02   2.0061151e-01   3.1567386e-01  -1.0829508e-01  -2.6499744e-01  -1.4036085e-01  -6.0666405e-02   5.9824899e-01  -1.5192677e-01   2.1103370e-01  -2.0610499e-01   9.4967738e-02   2.9406508e-01   5.2811112e-03  -3.1670117e-01  -3.4538383e-02   3.2104025e-01   2.3733772e-01  -2.4447617e-02  -8.9650761e-02   4.9271907e-01   6.1265959e-02  -4.0455268e-02  -1.9490512e-01   3.0870154e-01  -2.3870299e-01   3.6203629e-01  -9.0551707e-02  -1.9485266e-01  -4.2362697e-02   3.8760117e-02   1.8791080e-01  -5.2830439e-02  -1.1099976e-01   3.2436451e-02  -1.4498969e-01  -1.7291010e-01   3.6488515e-02   2.0552494e-01  -2.8152625e-02  -1.9416193e-01  -1.6244750e-01   2.5614223e-02  -1.7482705e-01  -6.9730538e-02  -1.6194519e-01  -1.5779352e-01   3.2721999e-01  -2.9070492e-01  -1.8630792e-01   1.3486411e-01  -1.6403037e-01   2.6937161e-01   2.8545858e-02   1.5300076e-02  -2.2825698e-01  -2.0175950e-03  -1.0898510e-02  -1.1533305e-01  -1.8439071e-01  -1.7246267e-02  -2.1047828e-01   2.7595498e-01   3.9493761e-02  -1.0064089e-01  -1.1840068e-02  -1.1841024e-01
   5.2777444e-01  -1.9095466e-01   3.5199862e-02   2.5641282e-01  -1.1938099e-01  -2.7832504e-01  -2.1646541e-01   3.1962313e-01   4.8332003e-02  -3.1660200e-01  -7.4815668e-02  -4.1672779e-01  -2.0097847e-02   0.0000000e+00   2.1409458e-02  -4.0505153e-02  -3.0381880e-03   9.6962665e-02   8.3594698e-02  -2.4308115e-01   7.4424708e-02   5.1633218e-01  -1.4936367e-01   3.2353786e-01  -1.0961101e-02   4.2305748e-01  -2.7809184e-01   5.0990566e-01  -1.0511306e-01   5.6615093e-02   1.6283635e-03   4.2931803e-01   1.5691494e-01  -4.0580852e-01   7.0379342e-02  -3.2858881e-01  -3.2895063e-01  -1.2679705e-01  -1.4524304e-01  -4.8045265e-01   4.7777795e-02   1.5830702e-01  -2.5167566e-01   2.7913545e-01   1.4696169e-03   1.1830921e-01  -2.0706921e-01  -1.6319054e-01  -3.8232430e-02  -3.2379554e-01   4.4725791e-04   5.0831475e-01  -1.1796398e-01  -1.6574537e-01   1.8182456e-01   2.4887355e-01   1.2074258e-01   5.0479957e-01   2.0049653e-01   1.5316415e-02   9.0236043e-02  -2.5111588e-01   2.2050125e-02   2.3854272e-01  -1.2956691e-01  -8.4940070e-02  -1.2264562e-01   6.0339315e-02  -1.0704450e-02  -1.7796865e-01  -3.6661768e-01   2.9702186e-01  -9.8462547e-03   3.1749525e-01  -3.0660563e-02   4.4455193e-01   4.2144244e-02   3.8007388e-01  -3.3969079e-01   1.6903861e-01   5.2919412e-01  -1.2675151e-01  -1.1198041e-01   2.5519441e-01   9.3390711e-02   3.4547329e-01   4.3621684e-01   2.9691013e-01  -2.3293482e-01   3.1249797e-01  -2.0878817e-01   1.2295337e-01  -3.4993103e-01   8.1037197e-02  -3.6784374e-02  -3.1248917e-01   2.5756022e-02   3.5955611e-01  -1.4900887e-01   1.2649184e-01  -3.4185467e-02   1.5521837e-01   4.7422473e-01   2.5549663e-01   3.1316988e-01   3.5086610e-01  -6.5814531e-02   3.0970259e-01  -3.5582338e-01  -1.6548812e-01  -4.4971617e-01   1.6426720e-01   2.2761829e-01   2.5102707e-01   2.4926292e-01  -1.4269549e-01   2.0405174e-01  -1.4716830e-01   2.5955984e-01   2.2463296e-01   5.3322617e-02  -4.3677192e-01  -3.9181324e-01   3.1884456e-02   2.1840969e-01   7.5339179e-01   2.5852858e-01  -9.1798047e-02   4.7921858e-01  -3.5636309e-01  -5.0253246e-02  -1.6409931e-01   2.2073681e-01  -5.6713400e-02   1.7297200e-01   3.3146788e-01   2.8786486e-02   4.7224829e-01   4.6631371e-01   5.6688136e-02   2.0420499e-01   1.0644531e-01  -4.6511130e-03  -9.2161255e-02   6.2560131e-02   3.3172994e-01  -3.7148212e-01   7.7509145e-02  -2.9992600e-01  -2.3998530e-01   3.2034598e-01   4.6071043e-01  -3.5615422e-02  -5.8181521e-02  -4.0336828e-01   6.5377481e-02   1.7988477e-01   1.1595161e-01   2.5667670e-01   4.1273685e-01  -7.3822936e-02   1.5159166e-01  -3.0035108e-01   4.3981389e-01   3.9846899e-01  -3.2771553e-01  -1.3808719e-01   2.9801789e-01   7.1387075e-02  -5.6419844e-02  -1.7560002e-01   3.8891191e-02   1.6206778e-01  -4.0003866e-01  -7.1815778e-02  -5.4522083e-02   5.0215041e-01
