   0.0000000e+00  -4.6869323e-01  -1.1556258e-01  -6.7315718e-02  -1.9086210e-01  -3.4381983e-01  -3.0926413e-01   3.5309854e-01  -2.1414697e-01  -2.9429812e-01   4.2032239e-03  -3.3886666e-01  -5.7551365e-02   1.9543641e-01  -1.3179160e-01   1.4976255e-01  -1.5190673e-01  -3.8085995e-03   3.0329452e-01  -1.8880808e-01  -2.1226923e-01   5.5436521e-02  -1.1889238e-01   7.9863847e-01  -1.2460440e-01   1.4840941e-01  -2.4852743e-01   6.2780441e-01   1.8211608e-01  -3.2656578e-01  -3.8175278e-01  -6.0833452e-02   1.4187358e-01  -3.0943921e-01  -4.5884281e-01  -9.8216304e-02  -2.2774776e-01   6.3668493e-01   6.0298324e-02  -2.9435503e-01  -1.6886580e-01   2.3496842e-01  -4.2811093e-01  -1.4185960e-02  -1.2845818e-01   4.4558318e-01   3.6815243e-02  -4.4903855e-01  -1.3239246e-01  -1.7707399e-01  -5.7451287e-02   3.6231234e-01  -2.5748862e-01  -8.3056468e-02   1.4337952e-01  -2.6580286e-02  -4.5049541e-03   3.4285248e-02   1.3022223e-01   1.6483299e-02   3.1921133e-01  -3.3677192e-01  -2.3810002e-01   4.0892397e-01  -2.1052961e-01  -2.4143383e-01  -2.4822874e-01  -9.3386697e-02  -1.0237230e-01   1.2739075e-01  -2.3582299e-01  -1.3121828e-02  -1.5919883e-01   3.1858872e-01  -1.4531628e-01   2.2873007e-01   3.6071552e-01  -3.5066674e-02  -6.4143887e-02  -3.7406617e-02  -1.1024337e-02  -2.4537515e-01  -2.5261566e-01   8.2412724e-02   7.1528476e-02   1.0018974e-01  -2.8508035e-01   5.8484192e-01   2.2637838e-02   8.5603159e-01  -3.5964669e-03   3.1069914e-01  -2.8676936e-01  -1.8235030e-01   5.3291070e-01  -2.5176446e-01   4.0676466e-02   1.8839053e-01  -2.1559102e-01  -2.7518279e-01  -2.2458605e-01   3.8563393e-01  -2.6840783e-01  -2.5774205e-01  -1.4432811e-01   6.0505375e-02  -6.7661297e-02   3.5083303e-02  -2.6431059e-01  -4.2796665e-01  -3.5353633e-01   8.7445320e-02  -2.7520363e-02   8.4785470e-01   1.3115278e-01  -5.2237066e-02   1.0187705e-01   3.1719631e-02   5.1076328e-02  -5.4961581e-02   5.4777113e-01  -2.1242061e-01  -2.0516265e-01  -2.6107138e-01   6.0977105e-01  -1.1099211e-01  -4.1359283e-01  -7.1052312e-02  -3.0613128e-02  -2.8583523e-01  -6.9347279e-02  -2.5357238e-01  -1.0463490e-01  -4.3879510e-01  -1.7251800e-01   2.2258992e-01  -4.4158282e-02   1.3504112e-01   2.2538401e-01   6.7225314e-01   7.7837150e-01   2.1342706e-02   1.4436548e-01  -2.7193078e-01  -3.0600932e-02  -2.7710020e-01  -4.0258115e-01  -1.9308632e-01  -2.4608217e-01  -1.4125157e-01   9.0423996e-03  -2.3058755e-01   5.0319663e-01  -1.3909539e-01  -2.6913241e-01   7.4319494e-01   4.3495117e-01  -4.4787501e-02   1.4936130e-01   9.0616685e-04  -2.8457745e-02  -1.3835909e-01  -2.1133869e-01  -1.7015008e-01   2.7937526e-01  -1.4392287e-01  -4.1365097e-02  -2.1811955e-01   4.3744799e-01  -1.9233595e-01  -1.7342263e-01   5.7710374e-01  -1.4927632e-01  -2.8778790e-01   5.9426665e-02  -2.0742025e-01   1.2279986e-01
  -4.6869323e-01   0.0000000e+00  -2.2392081e-01  -1.8143533e-01   1.4807174e-01  -1.9448774e-01   1.6746247e-01  -3.2551695e-01   3.6131695e-01   4.9944787e-01  -1.2052396e-03   2.6918023e-01  -9.4984039e-03  -4.2548068e-01   1.0075026e-01  -1.8012360e-01  -5.9867819e-02   6.1718867e-03  -1.7698997e-01   7.6672428e-02   1.5062166e-01  -2.4533485e-01  -2.9969341e-03  -4.0704837e-01   1.0865541e-04  -2.3405119e-01   2.5669481e-01  -3.4030932e-01   1.5639240e-01   9.0968105e-02   3.0693578e-01  -1.3169437e-01  -3.4716073e-01   2.9230472e-01   6.0499762e-01   2.5501163e-01   2.6130479e-01  -4.4459879e-01  -1.6782533e-01   9.2722095e-02   2.7681477e-02  -4.4267926e-01   5.2466737e-01  -8.7509071e-02   3.1220502e-01  -1.9902143e-01   6.9402697e-02   4.7030312e-01  -2.8598838e-01  -2.7061500e-02   3.7933047e-02  -3.1093909e-01   4.1117526e-01  -1.1974808e-01  -1.3129268e-01  -2.2066716e-01   1.5437934e-02  -2.0327545e-01  -6.7383243e-02   2.4090547e-01  -4.9093247e-01   3.2932456e-01   3.2059746e-01  -1.3130112e-01   4.9130771e-01   2.1380537e-01  -1.1463203e-01   5.2800123e-02  -1.2414790e-01  -3.8593178e-01   5.4326227e-01  -1.4976671e-02   3.2377003e-01   6.6260366e-02   3.2342889e-02  -1.7637076e-01  -2.9987880e-01  -1.7389052e-01   5.0045046e-01  -4.0107333e-02  -2.3920941e-01   2.0623528e-01  -9.5185665e-02  -2.8476662e-01  -2.1236829e-02  -5.0845476e-03   4.7860057e-01  -3.7379885e-01  -1.2707018e-01  -3.6191513e-01   2.3085088e-01  -5.3470451e-01   2.5370795e-01   1.9476055e-01  -3.7710335e-01  -8.6286303e-03  -1.8085228e-01  -1.0800352e-01   3.2461194e-01   3.4053089e-01  -1.8913594e-01  -3.4641493e-01  -1.2782104e-01   1.1342386e-01  -4.4040086e-02  -2.8392352e-01  -1.7370734e-01  -2.2625084e-01   3.1434609e-01   3.2621120e-01  -7.6572281e-03  -9.4214132e-02  -1.2272302e-01  -4.0558673e-01  -4.7308233e-01   6.5189328e-01  -1.6831593e-01  -5.3995531e-02  -3.4078337e-01  -1.9809531e-01  -3.4803293e-01   2.4738527e-01   1.2043592e-02   5.8238849e-01  -3.4847660e-01  -1.3378866e-01   3.9225180e-01  -1.6897717e-02  -1.8307891e-01   2.0024678e-02   6.6106299e-02   2.8689881e-01   1.6462875e-01   1.2485725e-01   6.9122579e-02  -1.7251691e-01  -9.2752482e-02  -1.8544593e-01  -9.5404028e-02  -3.0437442e-01  -3.2576642e-01  -2.7195018e-02  -1.2880876e-01  -2.1345797e-01   8.8850005e-03   1.3759682e-01   2.2937629e-01   4.8532825e-01   1.9991902e-01   4.3328631e-01  -3.0834046e-01  -1.8753428e-01  -4.5707136e-01   1.0747231e-01   1.4580925e-01  -3.5749295e-01  -3.9241575e-01   1.1606247e-02  -4.8071774e-01  -3.9274158e-01  -1.2955318e-01   9.4673097e-02   4.1093793e-01   7.5118597e-02  -2.5261265e-01   4.7311539e-01   1.9543641e-01   8.3522170e-02  -4.6344827e-01   2.3713006e-01   5.6058281e-01  -3.7909237e-01   1.6560297e-01  -2.1136169e-01  -7.5988334e-02   2.0744256e-02  -1.0169607e-01
  -1.1556258e-01  -2.2392081e-01   0.0000000e+00   6.1722304e-02   1.3954417e-02   3.0270078e-01  -4.1295579e-01   1.1027775e-02  -3.7118661e-01  -4.2699419e-02  -4.4668013e-01   2.5116589e-01  -7.3091324e-02   2.3121850e-02  -4.0074044e-01   1.6714491e-01   8.4821921e-01  -4.7573698e-01   1.1217020e-01   2.5293551e-01  -4.3050889e-01  -1.6078248e-02  -3.9662482e-01  -1.5175422e-01  -6.2457106e-02   1.3757201e-01  -2.1523318e-02  -1.6360762e-01   1.1962731e-01  -3.4581935e-01  -2.3142304e-01  -5.3636000e-02   3.4504039e-01   1.4880845e-02  -3.4336076e-01  -4.2027180e-01  -4.7012457e-01  -1.1365920e-01   8.9659414e-02   3.2010256e-01  -1.6700406e-01   3.0561716e-01   5.8237341e-02  -1.1546459e-02  -4.3204109e-01  -3.5488204e-01  -4.8911413e-01  -4.5396059e-01  -6.6409790e-02   7.1344230e-01  -3.9673798e-01   8.1232885e-02   3.3807713e-02   6.7155303e-01  -2.4025700e-02   8.0781320e-02  -2.1127314e-01   2.2343894e-01  -2.1637917e-01  -5.8126793e-01   2.4908677e-01  -3.0424841e-01   2.6466767e-01  -2.8562271e-01  -4.2944588e-01  -4.3007109e-01   1.9638179e-01  -5.8760460e-02  -4.9252466e-02   3.6274852e-01   1.7498844e-01  -2.1082706e-01  -3.0218920e-01   1.3409423e-01   3.2004665e-01   4.8935615e-02  -2.4572734e-01  -1.1435968e-01  -2.1614499e-01   2.1485712e-01  -7.0032432e-03  -8.8631236e-02   3.8367954e-01   1.6564262e-01   6.0024158e-01  -7.6899041e-02   8.8488502e-03   1.4423273e-01   2.7771304e-01  -1.8539971e-01   6.0238794e-02   3.6014258e-01   5.1900608e-01  -2.1122831e-01  -2.4405759e-01   5.1076277e-01   1.9637383e-01   1.7592504e-01  -2.1205119e-01  -1.4397070e-01   4.8794090e-01  -8.2112799e-02   3.1164870e-02  -2.6494114e-01  -4.2032803e-01   5.6025087e-02   5.1045999e-01   4.5785911e-02  -3.2853090e-01  -2.3002265e-01   4.5216707e-01  -7.9554062e-02   1.7877304e-01  -1.2696514e-01   3.0151281e-01  -1.8910884e-01   8.6347134e-03  -3.0660253e-01   2.7582290e-01  -9.0610445e-02  -1.7468359e-01   4.8526653e-03   4.8156922e-01  -3.2853666e-01  -2.1029893e-01  -8.5868304e-02  -3.9706722e-01   3.7664201e-01  -8.5776870e-02   4.8417257e-01  -2.0865249e-01  -2.7981978e-01  -1.4261303e-01  -1.8793720e-01   1.8043619e-01   3.7225501e-02   4.8062123e-01   2.6436989e-01   2.9116595e-02  -9.0415921e-02  -1.7196982e-01   1.8965738e-01  -1.8490073e-01   4.8204975e-01  -5.2435802e-01  -5.2438966e-01   3.8355061e-01  -5.0778859e-01  -4.2059836e-01  -2.3401750e-01   5.9635339e-01   7.3953160e-02   1.7024700e-01  -3.1392755e-01   6.2949400e-01  -2.0995177e-01  -1.7641992e-01  -4.0922578e-01   6.9371014e-01  -4.7985919e-02   4.3895911e-02  -2.4988359e-01  -1.0941111e-01  -4.5555003e-01   6.2270700e-03   3.6995967e-02  -5.7889773e-01   5.5433360e-02   1.1176811e-01   4.7339388e-01  -1.5770397e-01  -9.3801484e-02  -1.2954532e-01   4.3159229e-01  -8.4470123e-02   5.4400932e-01  -2.5486356e-02
  -6.7315718e-02  -1.8143533e-01   6.1722304e-02   0.0000000e+00   2.5515760e-01   1.8445591e-01  -1.4113673e-02   1.2897771e-01   1.7859508e-01  -1.8250174e-01  -5.9609898e-02  -1.6926646e-01   1.9247003e-01   1.6422975e-02  -8.8771283e-02  -2.0677652e-01   1.5116953e-02   2.0761023e-01  -4.2635882e-02   3.0750367e-01  -1.4283081e-01   4.0479453e-01  -1.3791296e-01  -9.7701194e-02   1.1997403e-01  -1.8850928e-02   2.1011062e-02  -7.7942066e-02   1.5724078e-01   2.3487362e-01  -1.8011512e-01   2.9790367e-01   1.2011408e-01  -3.7538779e-01  -1.2759281e-01  -1.3785754e-01  -6.2880529e-03  -1.6996963e-01  -6.0105891e-02   1.3524840e-01   1.4553987e-01   1.7216544e-01   1.7887058e-01  -1.7172495e-02   2.4128800e-01  -1.6868086e-01  -1.1125108e-01  -2.3472516e-01   5.8464718e-02   3.2113535e-02   3.1222459e-01   2.0982375e-02  -3.8602796e-01   2.5481485e-01   6.1219227e-02  -8.2964385e-02  -8.0041962e-02   3.5600574e-01   2.3463977e-01  -3.8950596e-02  -7.3219314e-02   1.3530059e-01   2.3427001e-01  -1.6671180e-01   8.6657853e-02  -1.2769486e-01   3.8095900e-01   4.0333430e-02   2.4289997e-01  -1.7295533e-02  -1.8813482e-01   4.5633041e-01   3.3360593e-03  -1.2678111e-02  -2.3450022e-02   6.8867194e-02  -9.3094208e-02   3.2293773e-01   4.5163119e-02   5.5179450e-01  -1.1456151e-01   1.2137721e-01  -2.5174239e-01   1.1151926e-01  -7.1012242e-02   1.6167968e-01  -3.6756639e-02   6.1402679e-02   1.5174972e-01  -1.4209958e-01   2.5396417e-02  -9.9153690e-02  -1.1004203e-01   1.4217662e-01  -1.7532407e-01   2.1547189e-01   4.3299994e-01   1.2688558e-01   6.8525557e-03  -9.1762747e-02  -5.6516194e-02   3.8675331e-02   2.4483172e-01  -2.2961953e-03   3.2409664e-01   4.9005411e-01   3.5170777e-01   3.2116052e-01  -1.2429754e-01  -1.6578430e-01  -2.2413141e-01   3.6290821e-01   4.9284355e-01  -1.2152466e-01  -7.9008881e-02  -1.4844962e-01   1.9095153e-01  -9.2174273e-02  -1.3313564e-01   5.2007992e-01  -1.5416426e-01   8.0666372e-02   2.4231769e-01  -1.4439811e-01  -1.8331780e-01   2.6164890e-02   2.4555446e-01   3.7302539e-01   6.2432749e-01   1.8050115e-02  -3.0041038e-01  -2.5176018e-01   6.9630795e-02  -1.9784608e-01   4.6877045e-01  -1.3685792e-02   3.5688514e-01  -2.5509893e-01  -3.4373790e-02   3.2273081e-02  -6.1634495e-02   1.5111139e-01   1.0784112e-01  -5.7251649e-02  -5.0232834e-02  -3.1490865e-02  -2.1194844e-01  -1.9676597e-01  -1.4398796e-01  -3.4009989e-01  -6.8682067e-02   4.8418951e-02  -2.9674850e-02  -1.4470209e-01   1.4274345e-02  -2.5320569e-01  -6.3156528e-02   2.8219756e-01  -1.7696024e-01   2.7590351e-01   2.5031179e-01   5.0923426e-02  -3.9138726e-01   4.4673405e-01   2.4766902e-01  -7.3040645e-03  -1.1411764e-01  -7.1825035e-02  -1.1167838e-01  -2.3132437e-01  -2.0016278e-01  -1.0829923e-01   3.8039348e-01   7.5848057e-02   1.3183563e-01   3.5001754e-01   3.0044438e-01
  -1.9086210e-01   1.4807174e-01   1.3954417e-02   2.5515760e-01   0.0000000e+00   1.0904654e-01   6.7577745e-02  -2.3159097e-01   3.5029399e-01   2.3025815e-01   1.6789169e-01   5.2899880e-02   3.6998633e-01  -4.4307457e-01  -2.7488093e-01  -1.7842172e-01   1.6952302e-01   4.6177927e-01  -2.8953828e-01   7.4212652e-01   1.9871538e-01  -2.8875308e-01  -8.9595138e-03  -4.2463720e-01  -1.1053559e-01  -2.1911048e-01   2.9570232e-01  -4.1882405e-01   4.4325162e-02  -3.5430794e-02   9.4767695e-02  -1.2333688e-01  -7.4411975e-03  -2.2107398e-03   1.8433049e-01   5.4664257e-01   9.2842107e-02  -3.0667392e-01   1.8438454e-01   2.2403795e-01   1.6336700e-01  -2.4786190e-01   4.0092948e-01  -2.6975799e-01   5.2618818e-01  -4.2346869e-01   1.9786970e-01   2.0809008e-01  -1.3696146e-01   2.1928129e-01   3.3692478e-01  -3.2297976e-01   5.6088351e-02   1.0055406e-01  -3.6986100e-01  -3.4715503e-01  -4.2201351e-01  -5.0331123e-02   2.2714662e-01  -3.9731035e-02  -3.0804576e-01   2.3621190e-01   3.0229496e-01  -8.1962269e-02   3.2455153e-01   2.5443319e-01   2.3411339e-01   1.6860891e-01  -1.7624524e-02  -4.1523566e-01   1.8304460e-01   3.4173099e-01   1.5869036e-01  -1.7881591e-01  -3.0104099e-02  -2.4682053e-01  -3.7256844e-01  -6.4147628e-02   4.7499354e-01   2.1532560e-01  -3.1755354e-01   2.5457022e-01  -1.2934888e-01  -1.3802525e-01  -1.5137266e-01  -1.4836819e-01   2.3961690e-01  -4.6104599e-01   3.3681354e-02  -3.3408859e-01   4.1266722e-01  -3.3690063e-01   1.4845042e-01   3.7144835e-01  -4.2106089e-01   4.7744979e-01   2.1095302e-01  -9.1973770e-02   5.2386754e-01  -6.2729507e-02  -1.3894684e-01  -3.7471563e-01  -2.0504117e-01   1.5706865e-02   1.6218644e-01  -1.8269332e-01   2.1448452e-01   5.9945008e-04   5.6253835e-02   4.3488723e-01  -1.6301393e-01  -4.0346527e-02   1.7307296e-01  -3.2840825e-01  -4.1376012e-01   2.3426102e-01  -1.7657918e-01   1.3524658e-01  -2.5485189e-01   2.0068144e-01  -4.7102420e-01   6.5351759e-01   2.0250374e-01   2.9949256e-01  -4.6328804e-01  -4.8763925e-01   3.9212638e-01   2.9671005e-01   5.8762879e-02  -5.0140861e-02   1.4324038e-02   3.3722483e-01  -3.4428022e-01  -1.3243440e-01   2.1333953e-01  -1.7923364e-01   1.1891508e-01  -1.0879270e-01  -1.5562202e-01  -1.2332393e-01  -2.8370459e-01   2.8606760e-01  -1.0718188e-01  -2.6931797e-01  -4.6704118e-02   1.9945530e-01   1.2980564e-02   3.8495054e-01   3.1416533e-01  -5.7377548e-02  -3.7892675e-01  -1.5875966e-01  -4.6108833e-01   1.1102874e-01   1.8492683e-01  -3.5704838e-01  -3.9918642e-01   2.1903974e-01  -1.9487396e-01  -1.3144673e-01   1.6817872e-01  -5.6445843e-02   1.4193710e-01   4.5581920e-01  -1.6054817e-01   1.9368071e-01   2.3631871e-01  -2.3393655e-01  -4.7792634e-01   2.8442179e-01   1.7134380e-01  -3.7791072e-01   4.8897141e-01   1.7005592e-02  -1.6103652e-01   4.0882781e-01  -7.7723928e-02
  -3.4381983e-01  -1.9448774e-01   3.0270078e-01   1.8445591e-01   1.0904654e-01   0.0000000e+00   3.0243828e-01  -5.9320974e-02  -1.7854013e-01  -1.8538327e-02  -7.7563325e-02   2.9831747e-01  -3.4864224e-02   8.3791044e-02  -1.0154372e-01   3.7009606e-01   1.3715244e-01  -5.5989697e-02   1.5724498e-02   1.3096273e-01  -7.0478947e-02   2.2736869e-01   6.3366757e-02  -3.5961096e-01  -5.5922389e-02  -3.7011047e-02   4.7186649e-01  -2.2177325e-01  -3.2259353e-01   2.1039778e-01  -1.3513356e-01   1.5729916e-01   3.1406044e-01   1.1955557e-01  -4.9197226e-02  -1.2208827e-01   6.8594213e-02  -1.9460166e-01   2.7828802e-01   4.7256641e-01   3.5381314e-02   2.0206981e-01   6.5093408e-02   1.6294555e-01  -1.9170389e-01  -2.2682222e-01  -1.6911593e-01   1.6755173e-01   2.8139371e-01   3.3270589e-01  -2.9045935e-02  -9.5570480e-02   6.3321688e-02   7.1662773e-02  -1.0610806e-01   1.7053846e-01   1.4251663e-01   1.5348748e-01  -1.0664536e-01  -3.2895755e-01  -4.1594470e-02  -8.4830274e-02  -1.9143417e-01  -2.7229062e-01  -3.4624656e-01   3.6740009e-02   7.2320842e-01  -6.7458867e-02   1.7202691e-01   4.2359332e-01  -5.7241421e-03  -1.7822165e-01  -2.5072299e-01  -2.4185265e-01  -4.4332530e-02  -2.1069620e-01  -6.6289466e-02   1.1353538e-01  -4.3467312e-01  -1.6356678e-01   2.9396234e-01  -1.8784246e-02   2.8098065e-01   3.1397235e-01  -3.3943005e-02  -1.9017027e-01  -1.2443251e-01  -1.5319279e-01  -1.0365315e-01  -4.4029203e-01  -3.3771086e-01   2.9871375e-04   2.1441000e-01  -6.9949833e-02  -1.4789050e-01   1.8250772e-01  -9.2228123e-02   1.1438901e-01  -3.1466975e-02   8.0381544e-02   3.7117869e-01  -1.4505207e-01   4.2219008e-01  -1.6733352e-01  -1.5806375e-02   1.1645410e-01   8.2013328e-02   2.6758828e-01  -5.9853209e-02   2.2820846e-01   4.5129824e-01   1.5317903e-02  -2.2699458e-02  -2.8789833e-01   3.0752593e-01  -3.2681518e-01  -9.0680246e-02  -5.9133443e-02   2.4634046e-01   7.3703131e-02  -2.0667475e-01  -1.1121261e-01   3.9205820e-02  -2.2693437e-01  -2.5744188e-01   7.2577510e-02  -4.5320179e-03  -2.7657370e-02   1.2898164e-01   5.6142135e-01   1.7329085e-01   7.6372585e-02   1.0143549e-01   1.0949253e-01  -4.1154799e-02  -1.2369132e-01  -1.3082410e-01   2.2927555e-01  -1.8161084e-01  -2.4392721e-01  -3.6319477e-01  -8.7853516e-02  -3.2733236e-02   5.3434459e-01  -1.3398999e-01   5.9865428e-02   4.1323945e-01  -2.4104685e-01  -6.2610161e-03  -1.3073376e-01   2.4379714e-01   4.2086580e-01  -1.5043980e-01   2.9023789e-03   2.3961738e-01  -3.5645770e-01  -1.2291299e-01  -5.9559069e-02   1.5973952e-01   2.7276317e-01  -3.9484861e-02  -6.0872371e-03  -1.6119848e-01  -8.5663434e-02   3.0819880e-02  -9.0681928e-02  -1.8856025e-01   1.7969655e-01  -9.4873584e-02  -2.7599925e-02  -1.6231289e-01  -1.8086695e-01  -1.2226517e-01   6.2896000e-01  -1.3879887e-01  -1.2236249e-02   6.4264332e-02
  -3.0926413e-01   1.6746247e-01  -4.1295579e-01  -1.4113673e-02   6.7577745e-02   3.0243828e-01   0.0000000e+00  -1.6789217e-01   1.0939101e-01   1.5802609e-01   5.5166840e-01   3.5275106e-01   3.5515724e-02  -1.0585744e-01   4.8916821e-01   2.6001122e-01  -5.4046258e-01   5.5496638e-01  -1.2423364e-01  -1.2482819e-01   5.1248105e-01   1.3227933e-01   6.1332836e-01  -2.5942209e-01  -2.2394259e-02  -3.0113784e-01   3.2363190e-01   5.8656125e-02  -3.4065201e-01   6.3277113e-01   2.1581243e-01   7.7505240e-02  -6.7269955e-02   2.7709921e-01   3.8685877e-01   4.5247398e-01   4.7583414e-01   2.2194511e-02   1.7882112e-01  -1.9259117e-01   1.8572145e-01  -1.9767042e-01   1.4906480e-02   1.8179136e-01   4.0525224e-01   1.7372055e-01   5.8778866e-01   7.2757609e-01   2.6375847e-01  -4.7474376e-01   5.2287835e-01  -2.9007285e-01   2.6622047e-02  -6.0724156e-01  -1.7855027e-01   1.9447177e-01   2.6455891e-01  -1.1062368e-01   1.6881444e-01   2.8893625e-01  -5.3295481e-02   1.4371963e-01  -4.7794812e-01   2.4206687e-01   1.1435478e-02   6.2731623e-01   2.5492027e-01  -7.0055098e-02   3.3110745e-01   8.0697567e-02  -2.5431263e-01   6.5011104e-02   1.5477649e-01  -2.8847800e-01  -5.1761467e-01  -3.1828163e-01   1.0669672e-01   5.5115460e-03  -2.7276710e-01  -3.9453212e-01   1.6424760e-01   1.8925608e-01  -9.0477569e-03  -1.8581766e-01  -4.4570489e-01   1.1495101e-01  -2.8805638e-01  -4.0550799e-01  -4.6753775e-01  -2.2575435e-01  -4.9643852e-01  -1.4129229e-01  -2.7295655e-01   2.6810128e-01   8.0851530e-02  -4.5107094e-01  -3.5405300e-01  -2.2484152e-01   2.6467939e-01   3.8085099e-01  -9.9070301e-02   2.5207030e-01   3.2742190e-01   7.3306976e-02   5.2685662e-01  -1.4026169e-02  -4.0536881e-01   3.8866858e-02   2.8895127e-01   5.7257904e-01   3.3475601e-02   2.2157078e-01  -2.8035419e-01  -1.0882364e-01  -1.4802872e-01  -1.3872924e-01  -3.1470513e-01   2.8468367e-02   5.9203420e-02   1.9559298e-01   3.7717136e-02  -1.7509671e-01  -6.1733708e-01   1.2525500e-02   4.4310762e-02   1.5674393e-01   4.8927755e-01  -5.7116845e-01   1.3300966e-01   4.4532906e-03   3.7691962e-01   5.5546820e-01   3.2979465e-01   2.8159920e-01  -3.5175856e-01  -1.9624063e-01  -4.9574212e-01  -6.7975607e-03  -1.0974666e-01  -1.1907111e-01  -3.3851073e-01  -1.4878228e-01   1.1778948e-01   1.9836663e-01   6.6434592e-01   6.2346904e-01   3.0431182e-03   4.3954005e-01   6.5164483e-01   1.3839661e-01  -2.2118519e-01   2.3761933e-01  -1.8515827e-01   4.1627525e-01  -5.0653688e-01  -3.5739100e-02   1.1801896e-01   4.1859779e-01  -3.0703170e-01   2.1553440e-01  -2.2617237e-01   2.1132939e-01   1.5524916e-01   3.8381810e-01  -3.0229648e-02  -1.2277519e-01   3.6849925e-01   2.0497175e-01  -4.5429591e-02  -4.7573567e-01  -9.8810762e-02  -2.0116167e-02   9.7983657e-02   2.0425469e-01  -2.6085159e-01  -4.4965430e-01   8.5405013e-02
   3.5309854e-01  -3.2551695e-01   1.1027775e-02   1.2897771e-01  -2.3159097e-01  -5.9320974e-02  -1.6789217e-01   0.0000000e+00   1.6853900e-01  -3.7267485e-01   9.3546203e-02  -1.9881852e-01  -2.4012592e-01   6.9621613e-02   1.5601991e-01   1.8017971e-01  -3.4501573e-02  -1.0347049e-01   5.3027033e-01  -2.7411977e-01  -2.5203850e-01   4.8508528e-01  -2.3746929e-01   3.6820948e-01   6.9023013e-02   6.3053769e-01  -1.5374841e-01   4.2117385e-01   5.8631524e-02   8.6821430e-02  -3.7416161e-01   2.7669164e-01   3.9901581e-01  -4.9046386e-01  -2.5277400e-01  -2.5277036e-01  -1.0924555e-01   2.4748476e-01   4.8717119e-02  -2.7872640e-01  -5.4095934e-02   4.4475439e-01  -2.3386258e-01   2.7201339e-01  -3.4385301e-01   4.1288517e-01  -1.5359468e-02  -2.5125500e-01  -1.4475390e-01  -1.2886999e-01  -2.0406235e-01   8.3684360e-01  -4.3940341e-01  -1.5403895e-01   8.0950967e-03   2.5078744e-01   1.5723626e-01   2.3507111e-01   2.8709911e-01   2.8086971e-01   2.6800441e-01  -2.3343511e-01  -1.1675049e-01   2.0386303e-01  -1.0849206e-01  -2.2234204e-01   1.7452461e-01  -5.0461404e-02   1.6000337e-01   1.4689438e-01  -2.7821690e-01  -1.5962083e-01  -2.6200438e-02   3.9566462e-01  -1.5046406e-01   6.5442413e-01   4.4889092e-01   4.4502968e-01  -1.5199458e-01  -1.7681131e-02   2.5560305e-01  -2.8178643e-01  -2.9366344e-01   7.0185468e-01  -6.7880978e-02   4.3000459e-01  -2.4594117e-01   3.1326367e-01  -2.2882316e-02   2.7340249e-01  -1.4912710e-01   2.8929957e-01  -2.8421898e-01   5.2997876e-03   3.4458485e-01  -3.2292546e-01  -1.7498209e-02   5.2116115e-01  -1.1033953e-01  -4.2886472e-01  -2.5625701e-01   2.8363883e-01   1.3791258e-01   4.5464390e-02   7.4170897e-02   4.7020669e-01  -1.2622687e-01   7.0670993e-01  -4.1667333e-01  -3.9684587e-01  -3.5034098e-01   1.9561149e-01  -3.6038836e-02   1.8322863e-01  -1.3682283e-02  -1.7916931e-01   4.3661793e-01  -7.2036553e-02  -7.5638720e-02  -9.1220823e-02   2.9341849e-01  -1.6598937e-01  -1.1498280e-01  -8.8381835e-02   3.6255239e-01   8.7720069e-02  -2.9048068e-01  -1.4194504e-01   3.8596396e-01  -2.6787921e-01   2.9053165e-02  -3.6997244e-01   1.8290278e-01  -3.0350029e-01  -1.4201599e-01   7.1895914e-01  -1.6891447e-01  -1.5814366e-01   6.5695739e-01   2.1952503e-02   1.9232531e-01  -2.3220669e-01   4.2585075e-01  -7.5610468e-02  -2.7988616e-02   1.4318100e-02  -3.9006572e-01  -1.7611260e-01  -2.3415595e-01  -2.5184912e-01   4.9888539e-02   1.6648254e-01   2.1983072e-01  -3.2997836e-02  -1.4169603e-01   2.6101130e-01   1.8660517e-01   3.0114607e-02   2.2873798e-01   2.1587621e-01  -5.7224496e-02   4.1807721e-01  -3.3140645e-01   6.3434090e-03   4.8226862e-01  -4.2688232e-01  -2.8606203e-02   8.8235252e-02   1.8747565e-01  -2.7283555e-01  -2.2118776e-01   2.0440739e-01  -2.7052339e-01  -1.2308537e-01   1.3060814e-01  -3.3570144e-01   4.2661986e-01
  -2.1414697e-01   3.6131695e-01  -3.7118661e-01   1.7859508e-01   3.5029399e-01  -1.7854013e-01   1.0939101e-01   1.6853900e-01   0.0000000e+00   1.7424650e-01   1.3990353e-01  -6.3346897e-02   9.2759362e-02  -5.4589233e-01  -5.1841116e-02  -3.2380039e-01  -1.7086178e-01   2.3025134e-01  -9.3589836e-02   2.9180231e-01   5.2520642e-02   1.4950131e-01  -1.3161355e-01  -3.3294045e-01   8.3483818e-02  -1.6218380e-02   2.5594346e-01  -2.5827686e-01   1.0983445e-01   3.0377666e-01  -8.9493237e-02   2.1515944e-01  -1.9894725e-01  -1.9604229e-01   4.4593222e-01   3.3367381e-01   2.0341111e-01  -9.3826586e-02  -1.3567119e-01   1.6794431e-02   3.2574357e-02  -2.9925562e-01   5.5332190e-01  -1.6147599e-01   4.1279719e-01   8.9149734e-02   1.0135658e-01   2.8638824e-01  -3.2389892e-01  -1.4505810e-01   2.3873949e-01   5.3358107e-02  -6.8996529e-02  -3.6879746e-01  -3.3550153e-01  -2.3988220e-01  -1.4068053e-01   1.1718379e-01   2.8670291e-01   6.0555631e-01  -3.0329484e-01   2.6538759e-01   3.4845866e-01  -1.1826000e-01   4.8398180e-01   2.4056350e-01   2.5738977e-02   2.0844781e-01  -1.7813224e-01  -3.4315473e-01   2.0642675e-01   3.4237679e-01   1.2426388e-01   6.0126049e-02  -3.4643701e-02   1.0014549e-02   1.1583851e-01   1.6309178e-01   4.8576123e-01   5.3582204e-02  -2.8374954e-01   7.3755243e-02  -5.2618578e-01   1.9484253e-02  -3.6567541e-01  -2.5574754e-02   3.8968989e-01  -4.4774286e-01   5.1887974e-02  -2.0286291e-01   2.0784142e-01  -3.3243026e-01  -1.0968800e-01   6.6493296e-01  -2.6452614e-03  -4.4567299e-02   1.7077579e-01   1.0011854e-01   3.9525851e-01  -9.9150850e-02  -5.9727440e-01  -3.4642535e-01  -2.4216987e-01   5.2491682e-01   4.2097234e-01   7.8161752e-02  -1.8648043e-01   2.3478499e-01   9.1492065e-02  -2.0528520e-02  -4.5399252e-01   8.3908841e-02   1.4345784e-01  -2.4635531e-01  -6.0642385e-01   3.4352070e-01   1.4794650e-01   1.5183395e-01  -5.7442571e-01   7.0535102e-02  -1.4564527e-01   3.6739313e-01   6.8788086e-02   5.0330431e-01  -5.8423168e-02  -4.1096671e-01   3.9778294e-01   4.4886390e-02   4.0145411e-01  -2.1590694e-01  -7.2780561e-02   1.4911937e-02  -6.5271986e-02  -1.5042308e-01   3.4403701e-01   4.1784579e-02  -4.7884440e-02  -3.7429648e-01   4.3984557e-02  -2.3969841e-01  -2.7424557e-01  -5.9376028e-02   2.8509125e-01  -4.5447572e-01   7.9704552e-02   2.6129462e-01  -1.1516354e-01   3.4233304e-01   1.3690874e-01  -9.5916137e-02  -6.3662703e-01  -2.4350773e-01  -4.3873307e-01  -7.9157559e-03   1.5948168e-02  -1.4024532e-01  -1.2196482e-01   2.0995290e-01  -4.5560432e-01  -2.5679118e-01   1.7260106e-01   2.5903088e-01   7.0039201e-02   4.8837567e-01   3.5244450e-02   1.3460879e-01   2.8159040e-01  -1.1351898e-01  -4.8248315e-01  -2.6414820e-02   2.9722324e-01  -1.0544299e-01   2.9692877e-01  -2.3350327e-01   7.4018881e-02  -4.8865446e-02   2.4191971e-01
  -2.9429812e-01   4.9944787e-01  -4.2699419e-02  -1.8250174e-01   2.3025815e-01  -1.8538327e-02   1.5802609e-01  -3.7267485e-01   1.7424650e-01   0.0000000e+00  -1.5060960e-02   4.8102018e-01   2.6363891e-01  -5.9065187e-01  -1.7508192e-01  -1.0594278e-01   3.7306870e-02   1.0789044e-01  -2.1257716e-01   3.8978976e-01   1.3230150e-01  -2.8696660e-01  -1.6970112e-02  -4.2359802e-01  -1.5336682e-01  -3.0810096e-01   3.1556138e-01  -2.9722325e-01  -3.4581070e-02  -1.9158235e-01   1.4131379e-01   1.8785750e-02  -4.1392779e-01   6.8972417e-01   5.7813542e-01   4.2197283e-01   3.3706748e-01  -3.1324974e-01  -7.3516156e-02   2.8809546e-01   1.9292819e-01  -4.1075996e-01   4.7822174e-01  -2.3924959e-01   2.5904987e-01  -3.3522184e-01   1.4463368e-02   3.8341570e-01  -2.7947750e-01   1.5128755e-01   1.8919322e-01  -3.8887216e-01   6.0644507e-01  -9.7308721e-02  -4.4772932e-01  -2.9192583e-01  -1.9543580e-01  -4.1517793e-02  -2.3664036e-02   4.8929926e-02  -5.1829064e-01   1.8493126e-01   1.3212303e-01  -2.9164736e-01   1.0278250e-01   4.6731717e-01  -3.0817746e-01  -1.4144147e-01  -2.6707021e-01  -3.3932778e-01   6.0565807e-01  -6.9674899e-02   2.3116710e-01   1.1590276e-01   1.2458349e-02  -1.3135058e-01  -3.7968554e-01  -1.5159632e-01   2.7868218e-01  -8.0854942e-02  -1.0204661e-01   2.3009683e-01  -5.6665276e-02  -2.6498868e-01  -2.7999437e-01  -1.8922545e-01   3.7551669e-01  -4.2770774e-01  -9.1807398e-02  -3.8386887e-01   2.2100472e-01  -5.5695804e-01   5.8574545e-01   2.7780654e-01  -3.5488380e-01   2.0735412e-01  -2.3926579e-01   6.7185555e-02   4.1468831e-01   5.2104055e-01  -2.1239282e-01  -3.4732403e-01  -4.4752665e-01  -6.7362309e-03   5.5489316e-02  -2.4639964e-01  -1.6070681e-01  -2.0937791e-01   4.5772685e-01   2.4646048e-01   2.7079515e-01  -1.3747753e-01  -1.9159563e-01  -3.3532657e-01  -3.2836248e-01   5.4362315e-01  -6.2782711e-03   2.4541455e-01  -3.8712624e-01   8.0656834e-02  -4.4168878e-01   4.1365030e-01   8.3577065e-03   3.5395184e-01  -4.4349340e-01  -5.2413266e-01   3.0536223e-01  -9.4875613e-03  -3.3920229e-01   1.9787531e-02   3.5904062e-01   4.5131492e-01  -1.6451928e-01  -8.5439335e-02   9.8242977e-02  -1.0671457e-01  -1.8445998e-01   2.5709367e-01  -9.8319472e-02  -1.9023075e-01  -3.3201785e-01   1.4069583e-01  -1.7852629e-01  -2.2736516e-01  -1.6483762e-01  -7.0046172e-02   6.6235541e-01   3.0236975e-01   2.9671725e-01   5.1902590e-01  -3.6321524e-01  -2.6427349e-01  -5.3843621e-01   1.3572106e-01   2.3676720e-01  -2.5708612e-01  -4.1887357e-01   1.1705983e-01  -3.8622822e-01  -5.3862609e-01  -2.3255539e-01  -7.0056903e-02   6.8176638e-01   3.5827918e-02  -2.2196165e-01   6.7352217e-01   9.9394825e-02  -1.6155476e-01  -5.2489435e-01   3.2830237e-01   6.8605797e-01  -3.4535933e-01   8.8145703e-02  -1.9100134e-01  -2.8214176e-01   1.0447961e-01  -9.7320764e-02
   4.2032239e-03  -1.2052396e-03  -4.4668013e-01  -5.9609898e-02   1.6789169e-01  -7.7563325e-02   5.5166840e-01   9.3546203e-02   1.3990353e-01  -1.5060960e-02   0.0000000e+00  -6.5410702e-02   8.5578342e-02  -1.5293256e-01   5.2665041e-01   7.6535554e-02  -4.8376969e-01   7.0845954e-01   2.1437582e-02  -2.0713044e-01   5.6898031e-01  -2.6030745e-02   5.1902934e-01  -9.0752013e-03  -8.1689343e-03  -1.3411536e-01  -4.3857580e-02   1.2596136e-01  -1.1491018e-01   4.0642522e-01   1.6338384e-01   9.0324099e-02  -1.2071951e-01  -4.5862618e-02   9.3708630e-02   5.9230896e-01   3.9533621e-01   2.3094645e-01   1.0840549e-01  -4.2983703e-01   1.7890255e-01  -2.4336829e-01  -1.9921559e-01   2.1161373e-01   3.0838984e-01   2.5710244e-01   8.6522710e-01   4.8913995e-01  -3.4890039e-02  -5.1571073e-01   4.8157754e-01   7.6277476e-03  -2.4825526e-01  -5.4371058e-01  -1.4208967e-01   1.5883902e-01   1.6544317e-01  -2.7643012e-01   3.9733859e-01   4.1606553e-01   1.4395320e-01   1.0161165e-01  -4.2882242e-01   6.0137271e-01   7.5065853e-02   6.3217840e-01   4.4465357e-02  -7.6892120e-02   5.8236304e-01  -1.4357250e-01  -4.1308406e-01  -1.5558011e-02   3.1915274e-01  -1.4878090e-01  -4.1745306e-01  -1.5014919e-01   1.7075434e-01   1.0392434e-01   3.8311071e-03  -2.8864273e-01   2.0067177e-02   2.3446105e-01  -8.6324642e-02  -1.0800897e-01  -4.0381944e-01   2.9062771e-01  -3.5926019e-01  -1.8011235e-01  -4.4276294e-01   7.6534492e-03  -1.5040845e-01  -3.8676755e-02  -4.4385309e-01   1.8991682e-01   1.9399050e-01  -4.0040301e-01  -2.9475331e-01  -1.5740626e-01   2.0947393e-01  -1.9664338e-01  -3.3722775e-01   4.2463660e-01   8.7756776e-02   1.1277461e-01   5.4268502e-01   6.7402744e-02  -3.7579143e-01   2.1003190e-01   9.8381880e-02   5.5178894e-01  -3.4890627e-01   1.6457971e-01  -3.4405730e-01   4.4939130e-02  -3.1964062e-01  -1.3897549e-01   3.9150613e-02   1.2667530e-01  -6.6266411e-02   7.4477354e-02   9.2940181e-02   5.0651338e-02  -6.1687968e-01   1.0203201e-01   1.5699182e-01   2.0826611e-02   2.7774876e-01  -3.9790763e-01   9.9706538e-02  -3.6781502e-01   2.5699452e-01   4.5843609e-01   2.2404365e-01   1.4697255e-01  -4.6048580e-01   1.9718387e-02  -4.7078722e-01  -1.5377447e-01   1.2648725e-01   1.2427633e-01  -4.1771057e-02  -7.7110903e-02   4.0942186e-01  -1.4285545e-01   6.1429143e-01   7.0336316e-01  -4.5625480e-01   6.6544998e-01   7.5660893e-01  -2.8037071e-02  -3.6209200e-01   3.9370929e-02  -9.1286439e-02   7.2551818e-01  -6.3625051e-01   1.6118343e-01   1.7269160e-01   4.9917814e-01  -1.3787745e-01   2.0891616e-01  -2.7351639e-01   6.1599892e-01   1.7345218e-01   6.1821053e-01   1.3830323e-02  -4.1967430e-01   6.2429294e-01   8.5331112e-02  -4.1176456e-03  -3.6746051e-01  -1.2001368e-01   9.7206488e-02   1.1651839e-02  -9.9995986e-02  -1.3845087e-01  -4.3943211e-01  -6.1433707e-03
  -3.3886666e-01   2.6918023e-01   2.5116589e-01  -1.6926646e-01   5.2899880e-02   2.9831747e-01   3.5275106e-01  -1.9881852e-01  -6.3346897e-02   4.8102018e-01  -6.5410702e-02   0.0000000e+00  -7.2674547e-03  -3.7107852e-01   3.8655969e-02   2.5490976e-01   1.3533713e-01  -8.7360716e-02  -6.2983663e-03   7.4711809e-02   1.1973937e-01   2.5069663e-02   2.1225705e-02  -4.3583007e-01   1.9105906e-02  -1.2910660e-01   3.4785578e-01  -2.9842999e-01  -1.0213917e-01   1.2679839e-01   1.2201614e-01   3.9228915e-02   1.9261521e-02   4.5740447e-01   4.0940461e-01   1.4979977e-01   5.7147678e-02  -9.7562313e-02   4.4463987e-02   1.9885982e-01   7.1358869e-02   1.6676262e-02   4.5774940e-01  -8.3775533e-02  -6.4910096e-02  -2.8889524e-01   4.3234397e-02   3.3124657e-01  -2.7050521e-02   1.8404724e-01  -7.6591624e-02  -1.0023157e-01   4.1316582e-01   2.0917014e-02  -2.8210036e-01  -1.3329669e-01  -1.2773359e-01   1.2424272e-01  -1.1994285e-01   3.8205368e-02  -2.5976165e-01  -1.8265163e-02   5.0449844e-02  -8.5078074e-02  -2.9176113e-02   2.6822430e-01   1.0040537e-01  -2.6924668e-01  -7.2622119e-03  -9.9107921e-03   3.5461095e-01  -3.2121596e-01   4.2294251e-02   2.3212556e-01  -1.1120703e-01  -1.1599471e-01  -3.5630375e-01  -7.9290742e-02  -6.5009289e-02  -2.2386497e-01  -1.5851860e-01   1.5118406e-01   1.0329563e-01  -3.0567402e-02   2.0479659e-01   1.0440230e-01   9.7425709e-02  -2.5253299e-01  -2.5579010e-01  -3.3052811e-01  -5.3819020e-02  -2.0505733e-01   4.2720480e-01   3.2845252e-01  -2.4293539e-01   6.3641485e-02  -2.6425530e-01   5.7285288e-02   1.2365597e-01   3.4281892e-01   6.2508812e-02  -2.5580203e-01  -1.3274692e-01   1.0745518e-01  -6.8405139e-02  -7.7619295e-02   1.6307041e-02   4.0881461e-02   1.7650439e-01   2.1683735e-01   4.1385624e-01   7.3916290e-02  -2.8331737e-01  -2.5768124e-01  -1.5069507e-01   1.8524332e-01  -1.9624802e-01  -2.3857940e-02  -9.6269838e-02   9.4093123e-02  -3.0170133e-01   1.2431417e-01   4.1850839e-02   3.6882897e-02  -2.5673041e-01  -1.5724943e-01   1.8394301e-01  -1.4196996e-01  -2.5047186e-01   1.9366486e-01   2.6784078e-01   3.1577239e-01   9.2416430e-02   1.0063007e-01  -1.1142404e-01   3.3692671e-02  -1.8815347e-01   2.3164383e-01   1.1831720e-01  -8.4010308e-02  -3.8183119e-01   4.0637494e-02  -1.5235722e-01   2.0783972e-01   1.0589103e-01   2.3788700e-02   5.5330927e-01   7.8750789e-02   1.4870407e-01   2.1019130e-01   1.2542579e-01  -1.1180287e-01  -2.5807514e-01  -1.0294304e-01   2.4143062e-01  -1.9781207e-01  -3.4197215e-01  -6.6839027e-02   9.1723695e-06  -2.5719783e-01  -4.0735384e-01  -1.3081811e-01   3.8208084e-01  -2.1062281e-01   3.5020442e-02   3.6839802e-01  -1.1617200e-01   2.4687065e-01  -2.3408111e-01   2.3040973e-01   2.5374033e-01  -2.3701481e-01  -1.8624119e-01   2.7364029e-01  -2.4765071e-01   5.5467823e-02   9.6070597e-02
  -5.7551365e-02  -9.4984039e-03  -7.3091324e-02   1.9247003e-01   3.6998633e-01  -3.4864224e-02   3.5515724e-02  -2.4012592e-01   9.2759362e-02   2.6363891e-01   8.5578342e-02  -7.2674547e-03   0.0000000e+00  -2.6076270e-01  -2.4185951e-01  -4.3933786e-02  -1.4856544e-03   2.6988649e-01  -1.4156073e-01   4.4872581e-01   2.8486527e-02  -4.0942111e-02  -3.4049924e-02  -2.3596254e-01  -3.3228567e-03  -1.3444698e-01   2.0466150e-01  -2.6461037e-01   8.6600020e-02  -2.7440588e-02  -1.3999858e-02   1.4198398e-01  -1.6190730e-01   1.5584024e-01   1.7556259e-01   2.6092572e-01   1.1910384e-01  -2.2860766e-01   1.5131469e-01   1.4718896e-01   7.0950545e-01  -1.7672416e-01   1.2819478e-01  -3.5055798e-01   2.5164335e-01  -3.4343720e-01   1.1631244e-01   1.2110870e-02   4.3236961e-02   7.0196888e-02   2.9999276e-01  -2.5383317e-01   9.3057342e-02   9.5207064e-02  -2.7137770e-01  -3.0860260e-01  -3.5694980e-01   5.4542206e-02   3.3594279e-01   5.1209967e-02  -2.6309265e-01   9.4516705e-02   1.1761810e-01  -2.3736035e-01   1.4660356e-01   1.4843907e-01  -3.0788452e-02  -5.6791193e-02   5.9712442e-02  -3.7702377e-01   2.0581096e-01   1.2645595e-01   2.9093527e-01  -1.3414115e-01   9.7933725e-02  -2.1636170e-01  -2.9268074e-01  -1.5157815e-01   1.9171920e-01   2.2666205e-01  -1.4260187e-01   3.6368148e-01  -1.7012228e-01  -1.5527771e-01  -1.8895129e-01  -1.6419067e-01   1.4109715e-01  -3.0505498e-01   3.6679910e-02  -1.8834736e-01   1.7187549e-01  -3.3986819e-01   1.2060275e-01   2.4390094e-01  -2.7947378e-01   3.3751804e-01   9.5606877e-02  -1.0993533e-01   2.0607950e-01   5.2625090e-02  -1.1925697e-01  -2.0076075e-01  -1.7870371e-01   1.0858964e-01   3.4401512e-01   1.3939255e-02   1.4265238e-01  -3.0772502e-02   1.2913476e-01   1.3396001e-01  -1.2473042e-01   1.0509363e-01   1.8973305e-02  -2.1349903e-01  -2.0987069e-01   9.1006060e-02   7.1055566e-02   5.3420332e-01  -3.1336159e-01   3.9505897e-01  -4.2280520e-01   4.0430462e-01   8.6178949e-02   3.8291858e-02  -3.6390633e-01  -3.3224361e-01   2.6914887e-01   2.2257832e-01   7.7520966e-02  -1.3398890e-01   3.2571998e-01   1.9513669e-01  -2.2002742e-01  -1.3981939e-01   3.1571221e-01  -1.4501120e-01   2.3887706e-01  -6.1174329e-02  -1.9190754e-01  -7.0007862e-02  -1.4677363e-01   6.7572584e-01   1.6889752e-02  -3.1168284e-01  -3.3731590e-02  -1.6533158e-02   8.8635250e-02   1.9402921e-01   1.4705355e-01   7.4622580e-02  -2.7879911e-01  -2.2772461e-01  -3.6336326e-01   5.9509887e-03   9.5591527e-02  -2.2327394e-01  -3.0478158e-01   5.4185646e-01  -2.6254595e-01  -5.4166953e-02  -3.2348112e-03   1.4728967e-02   9.6832680e-02   3.4618737e-01   2.3128530e-03   2.1446691e-01   1.3320118e-01  -1.1699202e-01  -3.3516030e-01   1.4361320e-01   1.4405091e-01  -2.6619574e-01   1.6062808e-01  -8.9657747e-02  -4.1461950e-02   2.0288569e-01  -3.2856500e-02
   1.9543641e-01  -4.2548068e-01   2.3121850e-02   1.6422975e-02  -4.4307457e-01   8.3791044e-02  -1.0585744e-01   6.9621613e-02  -5.4589233e-01  -5.9065187e-01  -1.5293256e-01  -3.7107852e-01  -2.6076270e-01   0.0000000e+00   3.2134686e-01   2.0888775e-01  -1.2297283e-01  -2.3330582e-01   1.6750551e-01  -4.4886240e-01  -5.1057099e-02   4.6565120e-02   1.4480899e-01   4.7359731e-01   6.3941670e-02   1.4949954e-01  -2.6141269e-01   3.9517396e-01  -9.4374129e-02  -4.1203905e-02   1.7638869e-01  -1.3417346e-01   2.3429874e-01  -2.1891988e-01  -4.1217909e-01  -5.5198428e-01  -1.9672771e-01   6.4389291e-02   1.1070179e-01  -1.7836582e-01  -1.4592856e-01   3.0445507e-01  -6.1445908e-01   3.8211224e-01  -2.4794582e-01   8.5308137e-02  -1.9861170e-01  -2.2603792e-01   5.9932227e-01  -1.5811296e-01  -1.5018755e-01   6.2504322e-02  -1.7064768e-01   1.4576636e-01   6.5606301e-01   4.6386985e-01   2.7831304e-01  -1.4855426e-01  -2.8871905e-01  -3.2747992e-01   3.1235486e-01  -3.6127924e-02  -3.5152030e-01   1.3712105e-01  -2.3167267e-01  -3.7062315e-01   4.3022761e-02   1.1516813e-01   1.5748452e-01   3.4857974e-01  -4.8697305e-01   6.9293313e-02  -2.1528374e-01  -2.4548231e-01   4.2286967e-02   1.1042554e-01   1.4233441e-01  -1.8453722e-02  -4.9480659e-01   4.5939055e-02   4.7239399e-01  -1.6514288e-01   4.7008499e-01   1.3070902e-01   2.0287058e-01  -4.3525434e-02  -3.0806996e-01   4.8301206e-01   1.5419351e-01   2.6210250e-01  -3.2317938e-01   3.8140211e-01  -3.3179150e-01  -5.9015612e-01   1.3081638e-01  -2.0515781e-01   7.0937418e-02  -1.3785404e-01  -4.2427176e-01  -3.8322092e-02   6.2231127e-01   3.8849046e-01   5.4240673e-01  -3.1322359e-01  -1.9335366e-01  -3.0544015e-02   1.1737928e-01  -1.3085167e-01  -1.2169126e-01  -1.9360838e-01   2.3642270e-01  -1.3222567e-01   1.9720935e-01   2.5332845e-01   7.2241891e-01  -4.5060526e-01  -1.4448858e-01  -1.8274255e-01   7.0688364e-01  -7.9434555e-02   3.2204731e-01  -5.0857615e-01  -7.4149086e-02  -3.7648459e-01   2.0013609e-01   7.3408739e-01  -2.4966484e-01  -1.3589352e-01  -3.1919393e-02   1.2312221e-01  -1.3219681e-01  -1.6520759e-01   2.9068904e-02   3.9210338e-01  -1.9215019e-01  -4.9035085e-02   8.1152351e-02   1.5482232e-01  -1.5209358e-01   7.7082423e-02   4.2178845e-01  -2.2416165e-01  -5.5256901e-02   3.9852242e-01   3.8526142e-02  -5.1697229e-02  -2.1300704e-01  -4.7192627e-01  -2.8667727e-01  -1.0130614e-01   5.9963692e-01   5.8709314e-01   5.3443357e-01   3.3046889e-03  -2.0856860e-01   1.5608506e-01   3.0062889e-01  -2.3640805e-01   2.7603726e-01   4.1862864e-01   2.2403294e-01  -8.7383151e-02  -4.2499670e-01  -2.5884954e-01  -6.7209226e-02  -4.2117206e-01  -1.0324449e-01   2.2602745e-01   5.9837426e-01  -3.1280553e-01  -5.1159872e-01   1.8069842e-01  -4.3104741e-02   1.4013138e-01   2.3373355e-01  -1.2223482e-01  -2.2208714e-01
