   0.0000000e+00  -3.6128065e-01  -2.7071493e-01  -4.7258864e-01  -9.8643896e-02  -3.7254318e-01  -8.1361789e-02   2.0185876e-01   9.5378818e-02   2.1585108e-01  -7.1634183e-02  -3.0508920e-01   1.6948740e-01   3.4007381e-01  -1.2194805e-01  -4.1888337e-02  -1.0070980e-01  -4.3315743e-02   5.7054720e-02  -1.7015150e-01  -2.8604971e-02  -3.0002763e-01  -1.5067782e-01   2.5533186e-01   4.9653459e-02   2.0218049e-01  -3.6660421e-02   5.2040092e-02  -9.5426489e-02  -7.1628680e-02  -1.2430965e-01  -1.6032317e-01   2.4255843e-02  -5.7077953e-02   8.9489429e-03  -1.9841398e-01   1.9525484e-01   2.4548004e-01  -1.5466947e-01   1.1025167e-02   9.1420941e-03   2.5578614e-01   1.0398266e-01  -1.8711317e-01  -1.5339657e-01   6.1475179e-02  -1.1483840e-01  -2.9015832e-01  -1.6606044e-01   9.0730352e-02  -1.9307188e-01   1.7758663e-01   1.7817441e-02  -1.5400406e-02  -7.4703569e-02   6.8148596e-02  -8.5733052e-02  -3.4718325e-01  -2.1985055e-01  -3.4572679e-01  -3.1309401e-01  -8.8509963e-02   3.3588162e-02  -1.5748876e-01  -1.5178860e-01   2.4779360e-01  -4.5175741e-01  -1.0389336e-01  -1.1468446e-01   1.1121500e-03  -3.6832564e-01  -3.1912192e-01  -1.2976921e-03   3.0888099e-01   2.8514945e-01   9.1397245e-02  -1.5403330e-01   1.7622096e-01  -2.6408042e-02   1.3538299e-01  -9.3606125e-02   1.7651198e-01  -2.9568633e-01   2.0140889e-01   3.0680600e-01   2.8050370e-02  -6.3166022e-03   2.6400517e-01   1.6491006e-01   6.1917184e-01   3.3115079e-02  -1.0907287e-01  -9.7469713e-03  -1.0782022e-01   1.2094041e-01   1.3659886e-01  -5.9312329e-02  -6.4534565e-02  -1.3575641e-01  -2.4903400e-02   7.1405254e-03  -8.8892317e-02  -1.3564374e-01  -9.0287346e-02  -1.7861385e-01  -1.2535038e-01   2.4117505e-02  -2.0038695e-01   7.3213567e-02   1.7442735e-02  -1.1029861e-01  -3.0781998e-01  -1.8794197e-01   6.8991661e-01   7.0750689e-02   4.6435534e-03   9.1956979e-02   9.6830754e-02   5.3658025e-02  -3.8955166e-01   2.2351821e-03   1.1239391e-01  -8.5134382e-02  -4.8237034e-02   2.5041214e-01   2.1319121e-01  -2.1579794e-01   1.0445578e-01  -1.6118102e-01  -1.9188129e-01   4.9594333e-02  -5.6136997e-02   1.2094675e-01  -1.2772773e-01  -1.5181834e-01   1.0261471e-01   2.4768697e-02  -1.2097891e-01  -1.1692338e-02   3.9158651e-01   1.9214229e-01  -1.8006375e-01   6.9297525e-02  -2.4046340e-01  -1.6368405e-01   3.1968497e-02  -2.1394913e-01   2.1300453e-01   4.5335881e-02  -7.5547353e-02   2.4996641e-01  -1.2928558e-01  -1.2501029e-02  -6.5980705e-02  -3.4696258e-01   1.2630907e-01  -2.1744251e-02  -1.7638568e-01  -2.1689167e-01   4.7607139e-03  -4.6274174e-02   6.9458643e-02   1.3396487e-01  -2.0214450e-01  -3.5989428e-02   5.7164089e-02   1.4244842e-01   1.5013105e-01  -6.1988868e-02  -7.5281718e-02   1.2702319e-01   3.2536035e-02  -1.0632359e-01  -2.2899777e-01   1.1719394e-01  -1.1802507e-01  -1.2224320e-01
  -3.6128065e-01   0.0000000e+00   4.7985471e-01   2.3701170e-01   5.2643348e-02   1.2002715e-01   2.7064666e-01   5.3812963e-03   2.6143742e-01  -3.2381804e-01   1.0318264e-01   6.4952439e-01  -3.0051011e-01  -3.7175644e-01   3.4320919e-01  -3.6340704e-02   4.5421979e-01   1.1745266e-01   3.4098839e-02   9.3668725e-02  -6.0386766e-02   7.0877631e-02   3.4226394e-01  -2.5829493e-01   2.0620980e-01  -1.2053526e-01   9.8808317e-02   1.6739838e-02   1.6211896e-01   2.3007299e-01   3.8407222e-01   7.4661702e-02  -2.2780204e-02   2.5437930e-01   1.6397218e-01   1.7745423e-01  -2.6927133e-01  -2.6018735e-01  -4.7084218e-02   1.7068968e-01  -1.5992932e-01  -3.4966475e-02   2.8141047e-01   1.6063032e-01   3.0106590e-01  -2.8116537e-01   7.2703722e-02   4.5773281e-01  -8.0987762e-02   2.7940779e-01   3.3435594e-02  -1.2972554e-01   2.4588391e-01  -4.0313171e-02   2.4811590e-01  -1.6711080e-01   7.5675532e-02   1.1598082e-01   2.2858730e-01   4.2743850e-01   2.2111846e-01   2.3703853e-01   6.3284268e-02   4.4554005e-01   4.3647796e-01  -4.7074307e-01   8.6252933e-02  -1.1702374e-02  -1.0965181e-01  -1.2554962e-01   6.4239491e-01   1.0621624e-01  -1.7219332e-02  -4.7937936e-01  -1.4877465e-01   6.0185598e-02  -1.0965310e-01  -8.9849825e-02   4.2509929e-02  -4.6999028e-02   2.0849824e-01  -6.4721070e-02   2.4357104e-01  -9.2699823e-02  -1.8411275e-01   1.5841156e-01   7.8944944e-03  -3.3814173e-01   9.8956825e-02  -4.4020958e-01  -1.7392120e-01   2.3012528e-01  -5.9065288e-02   2.3036693e-01  -2.8725636e-01  -1.6198665e-01  -5.2468101e-02   1.9731103e-01   1.8119003e-01  -8.5636399e-02   1.0851327e-01   2.4608152e-01   7.5435010e-03   3.4930696e-01   1.9821580e-01   1.7633473e-01   1.6551223e-01   1.7697292e-01   1.3755009e-01  -2.6938374e-01   4.5652420e-01  -8.1351139e-02   3.2610255e-02  -5.0166570e-01   2.7371212e-02   2.3591448e-01  -3.8444160e-01  -1.9734839e-01   5.9057188e-02   2.0360818e-01  -2.0906216e-01  -1.9179114e-01   8.4034822e-02   4.6733070e-01  -5.1368137e-01  -3.4726696e-01   3.7951857e-01  -2.2109512e-01   9.4648951e-02   1.9085922e-01  -4.1842742e-02   4.0266356e-01  -1.5660909e-01   5.5255390e-01   1.6270795e-01  -3.9656150e-02   2.9841347e-02   4.2188016e-01   1.0150957e-01  -2.8191197e-01   6.5836583e-02   2.0923930e-01   1.4597131e-01   1.5180459e-01   3.6402399e-01   2.5528503e-01   6.2294961e-01  -2.4641935e-01  -1.3899367e-03   2.1588891e-01  -1.7508433e-01  -3.9713409e-02  -1.1986493e-03   2.6778588e-01   4.4554122e-01   7.0186078e-02  -1.9394120e-01   2.1981382e-01   1.8077061e-01  -1.0364133e-01   6.5804835e-02   1.5167618e-01  -3.5904910e-01   1.0943928e-01   2.0682126e-02  -8.5440254e-02   2.5417179e-01  -3.6894879e-01  -7.8936396e-02   1.6357163e-01  -9.3862669e-02  -3.0210300e-01   6.2297985e-02   9.5661782e-03   1.6661444e-03   1.0513532e-01   8.1895481e-02
  -2.7071493e-01   4.7985471e-01   0.0000000e+00   2.6241105e-01  -1.2823701e-01   2.1979614e-01   2.4003186e-01  -1.0183533e-01  -9.6749949e-02  -1.9205803e-01  -1.2585880e-01   5.2459918e-01  -2.1102792e-01  -2.9408282e-01   1.6568575e-01  -2.1418260e-01   7.2262229e-01  -1.0029351e-01  -3.5950053e-02   6.2983450e-02  -6.3919135e-02  -2.0169862e-01   1.6273626e-01   9.7836784e-02   2.3169633e-01  -2.0045229e-01   2.1964362e-01  -1.2095619e-02  -4.9211652e-02  -6.2899494e-03   1.2138628e-01   3.7277360e-02  -8.9349255e-02   1.5401501e-01  -4.0428941e-02   9.9589849e-02  -2.5894760e-01   7.9899807e-03  -1.9341000e-01   3.9506758e-01  -1.6392326e-01  -9.9829193e-03  -3.6424875e-02   7.3795053e-02   2.2082064e-01   8.9154863e-03   5.2561564e-02   3.6501459e-01  -1.4028065e-01   3.8878561e-01   4.6272467e-02  -2.2320312e-01  -6.9930972e-02   1.2256147e-01   2.4118600e-01   1.7603072e-02   5.7897005e-03   6.5271083e-02  -3.8491030e-02   1.5258360e-01   2.5807162e-01   1.5221596e-01  -7.6274221e-02   1.8349713e-02   5.4951555e-02  -4.8529466e-01   8.6889506e-02   8.7543156e-03  -1.2081202e-01   4.1436989e-01   3.7081541e-01   2.4056461e-01  -2.1963183e-01  -1.7933527e-01  -2.3349729e-02  -1.2077791e-01   1.4859419e-01  -2.4335433e-01  -1.7341322e-01   2.2372718e-03   6.4185352e-02  -1.7141041e-01  -5.2334953e-02  -1.3930508e-01  -3.7775973e-02   1.1118608e-02  -2.1765765e-01  -1.5804218e-01  -1.4274523e-01  -3.0867138e-01  -3.2594166e-01   4.0370085e-01   9.9722290e-02  -1.3286451e-02   2.9706684e-02  -2.3568847e-02  -6.2891867e-02  -4.8692848e-03  -3.2655459e-03  -1.4762725e-01   6.4455696e-02  -5.6211887e-02  -8.8572593e-02  -1.3072206e-01   2.4941707e-01   4.5550989e-02   3.2213381e-01   7.9312821e-02   1.5542218e-01  -5.2049595e-02   2.8140586e-01  -5.5879414e-02   1.1489362e-01  -2.7476213e-01  -6.1057189e-02  -4.7527683e-02  -2.3940579e-01  -3.3539689e-01   5.1755525e-03   1.5144581e-01   2.0453541e-01  -2.7761901e-01   6.7432217e-02   2.6139236e-02  -1.6713973e-01  -2.5391611e-01  -3.4121700e-02  -8.9062615e-02  -4.8326853e-02   5.2669497e-01  -2.1550760e-01  -1.0711354e-01  -9.4417692e-02   1.1458784e-01   1.5864628e-01  -7.9015532e-02  -1.7873478e-02   2.1479747e-01  -7.0010524e-02   1.0815094e-01   2.6324539e-01   2.4845209e-01   4.7362754e-02   2.7243473e-01   1.2450919e-01   1.6760659e-02   4.9599423e-01  -3.1287827e-01  -1.6563536e-01   1.8141109e-02   4.4936158e-02  -1.5002325e-02   2.7594922e-01  -2.6154129e-01   5.9309186e-01   3.8171145e-01   1.3003322e-01   4.1760455e-02   3.1352476e-01  -9.7228142e-02   9.7635288e-02  -3.1412447e-04  -3.2771924e-01   7.3449811e-02  -1.0194759e-02  -2.1026370e-01  -2.7533586e-02  -2.1593462e-01   1.9301229e-01   7.8298311e-02  -2.0807915e-01   1.7204806e-01   1.0466428e-01  -1.0180902e-04   5.3133449e-03   2.3391209e-01   1.0989952e-02
  -4.7258864e-01   2.3701170e-01   2.6241105e-01   0.0000000e+00   4.0627190e-01   2.7132413e-01   8.7327775e-02  -2.1428159e-01   1.6839270e-01   1.3111591e-02   2.4975711e-01   3.6337573e-01  -9.1182230e-02  -3.2408761e-01   3.4320345e-03  -3.0118258e-01  -9.0318491e-02   1.9092057e-01  -1.4753606e-02   5.6724703e-01  -1.0672872e-01   2.0119988e-01  -1.7665997e-01  -3.6556746e-02   1.3027356e-01  -1.9900843e-01  -1.4730401e-01  -2.2526987e-01  -1.7978283e-02   1.0143973e-01   5.3279045e-02   1.8351807e-01  -3.2596958e-01  -1.1996356e-01   2.0620640e-01   2.3326407e-01  -1.5910888e-01  -3.6140885e-01  -2.1761761e-01   5.5662931e-02   9.6209314e-02  -5.7155736e-01   2.5668264e-01   5.9303043e-02   5.5932197e-01  -2.5124443e-01   3.3746669e-01   7.7204230e-02   9.7634500e-02  -1.1415830e-01   5.7392110e-01  -1.6349788e-01  -9.9405736e-02   3.4044672e-01  -3.5721190e-02  -2.9198227e-01   1.0233467e-02   4.7914540e-01   1.8643614e-01   2.9671036e-01   2.3468407e-01   4.4191221e-01   5.1347836e-01   3.9395943e-02   2.3528406e-01  -1.8959652e-01   3.7751651e-01   2.4208477e-01   1.8625727e-01  -1.4562864e-01   9.1174528e-02   7.9649753e-01   3.1319800e-02  -3.9999391e-01   9.2270545e-02  -1.0956955e-01  -1.2351989e-01  -1.4320814e-01   1.7887512e-01   3.6191675e-01  -1.7603788e-01  -2.8589216e-01  -1.2068151e-02  -1.7350982e-01  -5.5452324e-01  -1.4605857e-02  -6.5677318e-02  -1.9505433e-01   2.1880279e-01  -4.8081477e-01   5.4785731e-02   6.5142184e-02  -1.0278748e-01   3.0034924e-01  -2.8295242e-01   1.5956342e-01   4.4006920e-01  -9.1202493e-02   1.1355366e-01  -1.6376665e-01  -2.8133563e-01  -9.2129638e-02   1.6482291e-02   9.5273687e-02   2.9612475e-01   3.7119448e-01   1.7725123e-01   1.4852353e-01   4.9318482e-02   4.3170184e-02  -9.6113542e-02   1.8953483e-01   6.7582984e-01  -5.4228710e-01  -2.0457818e-01  -4.7464339e-02  -1.6347511e-01  -2.4552426e-01  -7.5639290e-02   8.3405325e-01  -9.4482519e-02   1.0473412e-01   2.9179221e-01   1.8376160e-03  -3.1362427e-01  -2.9677145e-01   2.0586858e-01   2.4212142e-01   5.4058431e-01  -4.7465871e-02  -2.7884759e-01   1.2134472e-01  -3.8519201e-01   7.7977621e-02   6.6467308e-01  -1.2024535e-01   1.5045422e-01  -5.3096090e-02   1.1506472e-05  -1.2109108e-01   2.0286075e-02   5.6787153e-01  -7.9352581e-02   4.5251854e-02  -2.6860598e-02  -4.8485449e-02   1.6611195e-01  -9.7534382e-02  -8.1308121e-02  -3.0368993e-02  -1.9124636e-01   4.8590468e-02   3.2222583e-03   6.0142910e-02   1.6225426e-01   8.2747820e-02  -1.6228718e-02   3.0527829e-01   1.5608918e-01  -1.4085155e-01   2.4318184e-01  -9.6872021e-03  -8.3298547e-02   5.2807994e-01   3.9896028e-02  -5.5477895e-02  -7.6042934e-02  -1.5545477e-01  -1.2991273e-01  -7.5625206e-02   1.4565309e-02  -2.9619724e-01   4.6324352e-01   7.8436532e-02   3.1536570e-01   5.9959512e-01   3.0002699e-01
  -9.8643896e-02   5.2643348e-02  -1.2823701e-01   4.0627190e-01   0.0000000e+00   1.0668022e-01   2.6712638e-01  -1.1284014e-01   1.0105804e-01  -3.3367498e-02   4.0076145e-01   1.8008143e-01   2.0991953e-01  -1.1070161e-01  -1.3312579e-01   2.2561388e-02  -3.7278129e-01   2.7761753e-01  -2.8652893e-02   7.3800379e-01   9.8747920e-02   2.7787844e-01  -1.4070535e-01  -1.0335991e-01  -9.1812674e-02  -1.3819105e-01   5.2441844e-02  -3.3925581e-01   6.4714553e-02   5.8333978e-02  -1.5239703e-01   3.9008941e-01  -1.4912265e-01  -2.5235604e-01  -3.1523455e-02   2.4865730e-01   6.3964191e-02  -3.1773865e-01   2.3355604e-02   2.1460982e-02   3.9378403e-01  -2.6196287e-01   1.6457376e-01  -1.7136782e-01   3.7143663e-01  -3.2931493e-01   3.3168641e-01  -1.2394833e-01   2.2476939e-01  -2.1173575e-01   4.9930213e-01  -9.3061539e-02  -9.9454970e-02   1.6990478e-01  -1.0406084e-01  -2.8954358e-01  -9.8472217e-02   4.0868410e-01   2.1121289e-01   2.6732263e-01  -3.9417079e-02   1.6660409e-01   1.4540416e-01  -5.3569999e-02   1.8629072e-01   1.1296397e-01   1.6552465e-01   4.1915575e-02   3.1328962e-01  -3.1316044e-01  -1.6998525e-01   3.6589449e-01   1.1242543e-01  -2.2679542e-01   1.1162902e-01  -3.8067419e-02  -2.8730218e-01  -9.5705513e-02   2.9778055e-01   2.6287429e-01  -2.4502458e-01  -9.1771826e-02  -1.2961500e-01  -1.0874430e-01  -4.4165242e-01  -8.6318044e-02  -7.0395877e-02  -1.8296654e-01  -3.7611284e-02   2.5494911e-03   8.9001880e-02  -1.4132629e-01  -1.5292992e-03   1.9092803e-01  -3.8392550e-01   2.4356118e-01   3.8549744e-01  -4.4754096e-02   1.3579407e-01   3.4148993e-01  -4.9735479e-01  -7.9648917e-02  -7.7521745e-02   5.4314607e-02   2.5883626e-01   4.0556007e-01  -5.4891612e-02   1.3179793e-01   2.2366290e-01   2.9779442e-02  -1.9203021e-01   1.6891232e-01   1.8448815e-01  -2.2166884e-01  -2.2773981e-01  -1.8088356e-01  -1.4088440e-01  -5.7350971e-02  -1.8056895e-01   5.6797615e-01  -1.7972614e-01   2.5880017e-01  -6.5046553e-02   6.9088563e-02  -2.8643225e-01  -9.8854589e-02   2.2486166e-01   1.4310601e-01   5.1330770e-01  -3.6941086e-01   1.4951473e-01   2.5416765e-01  -3.0899007e-01   4.8439219e-03   2.7444443e-01  -5.7980990e-02   6.3004070e-02  -3.1577872e-01   2.1651687e-02  -1.5059744e-01  -1.5696848e-01   3.1914118e-01  -1.2964898e-01  -1.0637805e-01   1.0943802e-01   1.2131985e-02  -1.3966376e-01  -5.2090290e-02   7.3336311e-02   1.2826446e-01  -2.5607939e-01  -2.3226027e-01  -1.7037460e-01   3.9184854e-02  -1.3953600e-01  -1.1489800e-01  -2.5834150e-01   3.3723139e-01  -1.1442619e-01  -4.2916213e-02   3.9533864e-02  -2.4616632e-02  -1.7199071e-01   4.9938453e-01   2.0278548e-01  -5.5786319e-02   1.7878767e-01  -5.5122550e-02  -2.1748766e-01  -9.3616499e-02  -5.8855959e-02  -3.5897258e-01   3.0927402e-01   8.4339063e-02   2.7566717e-01   2.3566635e-01   4.0092522e-01
  -3.7254318e-01   1.2002715e-01   2.1979614e-01   2.7132413e-01   1.0668022e-01   0.0000000e+00  -5.5785275e-02   2.7428443e-01  -2.3595779e-03  -6.7468053e-02   9.0750280e-02   1.3033262e-01   4.0383015e-02   4.3124384e-02   1.3920697e-01   3.0332234e-02   1.5213739e-01  -1.9468670e-01   2.4228718e-01   1.0820302e-01   4.4331851e-02   2.5887045e-01   1.4090858e-01  -2.3591454e-01  -8.3431187e-02   1.3109981e-01  -5.4688622e-02   7.7337863e-02   7.0152645e-02   1.6155535e-01  -8.6295622e-02   8.5210964e-02   4.3888817e-02  -2.0037688e-01  -1.3513607e-01  -5.2385581e-02  -2.0337267e-02  -1.8572388e-01   2.8738416e-02  -1.4965495e-02   3.5879602e-02   9.2670502e-02  -2.9027445e-02   2.2491197e-01  -1.2728767e-01   8.1169733e-02  -7.0440896e-02   9.9356397e-02   7.6441621e-02  -6.5375015e-02   7.8239831e-02   9.6221575e-02  -2.6751392e-01  -8.4157364e-02  -6.7672082e-02   6.1922044e-02   5.8811040e-01   1.6061516e-01   4.9347743e-02   2.2724305e-01   2.7587970e-01  -2.5815213e-01  -4.4042108e-02  -1.4502532e-02  -1.3634052e-01  -5.3135029e-02   5.2637540e-01   3.9572366e-02   2.4238344e-01   1.7606120e-01   9.8275576e-02   1.2623940e-01  -2.5934987e-02   3.9164989e-02  -5.3922039e-02  -1.8280386e-02   1.3345669e-01  -1.6946695e-01  -7.6517722e-02   3.1773248e-02   1.2257207e-01  -1.2183737e-01   8.4225205e-02   2.4605189e-01  -2.1105844e-01   8.9921049e-02   6.5986693e-02  -1.0747148e-01  -1.9440956e-01  -1.9351019e-01   7.7759178e-02   2.4986908e-01   2.4700203e-01   6.5378302e-02  -2.9113982e-02   2.6970879e-02  -9.0774107e-02   3.7674497e-01  -4.5839168e-02   8.2063987e-02  -1.3432195e-01   1.8549259e-01   6.8521025e-02   1.2574043e-01   2.7801274e-01   1.0709831e-01  -1.0007042e-01   5.4568891e-01  -1.1881740e-01   1.8619739e-01  -7.2363775e-02   2.9571392e-01   3.4029477e-02  -3.3885827e-01  -7.1628581e-02  -1.7877887e-02  -3.6138040e-02  -1.2100190e-01  -7.6026012e-02   2.2367410e-01   1.2211019e-02  -7.1368797e-03   2.6619744e-02  -8.6231222e-02  -6.1625755e-02  -2.6414369e-02  -1.7240358e-02  -1.0995786e-01   1.6513442e-01   1.0588966e-01   4.2176152e-02  -2.2987525e-01   1.2500354e-01  -1.0576833e-01   6.1931503e-03   6.2422012e-02  -8.1505272e-02   2.7635769e-02   8.0262073e-02  -2.2394179e-01  -1.7085713e-01  -3.7043089e-02   5.6811683e-02   2.7059893e-01  -6.4760553e-02   2.9353591e-03   1.0533763e-01  -5.9362291e-02   4.0568823e-02  -8.7979681e-02  -7.1825020e-02  -1.5736567e-02   8.8097566e-02  -1.2397477e-01   3.2777765e-01  -3.8924479e-02   1.0693081e-01   1.5755324e-01   2.0309848e-01   2.5794406e-02  -4.1518700e-02   1.0307474e-01  -3.7893948e-02   2.2138987e-01   1.9030190e-01  -1.0927703e-01  -3.4362245e-01   9.5209053e-02   1.7900740e-01  -1.1843905e-02  -1.3297013e-01  -5.5342740e-02  -5.0500738e-02   6.3828371e-01  -1.3453797e-01  -6.6479759e-03   3.1609509e-01
  -8.1361789e-02   2.7064666e-01   2.4003186e-01   8.7327775e-02   2.6712638e-01  -5.5785275e-02   0.0000000e+00  -2.7374115e-01  -9.8424596e-02  -1.5864639e-02   1.5376078e-01   6.0588010e-01   1.3295391e-01  -2.6924165e-01   3.8250421e-02   7.7513487e-03  -3.8547172e-02   2.0519784e-01  -1.3069848e-01   2.6295879e-01   2.0030075e-01  -2.0414518e-01   1.7534414e-01  -1.2302583e-02   2.6388702e-02  -2.8928702e-01   2.3424299e-01  -4.8791897e-01  -1.4982564e-01   4.1502195e-02   1.5217695e-01   7.7007391e-02  -2.2105275e-01   4.3583892e-01  -1.4762281e-01   2.5901738e-01   5.6347741e-02  -9.2360441e-02  -1.9056404e-02   4.0975974e-01   7.0262496e-02  -1.2245575e-01   1.0163103e-01  -1.1213094e-01   3.0142676e-01  -4.5500918e-01   1.9915115e-01   4.6755374e-01  -2.5802110e-02  -7.0589402e-03   1.2810988e-01  -2.4203885e-01   2.6618060e-01  -1.7747563e-02  -8.9364107e-02  -2.6752939e-01  -2.2836311e-01   1.6013710e-01   1.7784780e-03   1.8326895e-01  -3.0138699e-01   2.3386452e-01  -1.2172506e-01   1.8081800e-01   2.8518799e-01   4.1400888e-02   7.1710452e-03  -1.3198891e-01  -7.7468502e-03  -1.7404104e-01   2.4843144e-01   2.1177819e-02  -4.2719512e-02  -2.5557390e-01  -8.7551596e-02  -9.0790785e-03  -4.0783977e-01  -7.5790974e-02  -7.9765816e-02   7.0061715e-02  -1.0275527e-01  -1.3424671e-01   1.3581296e-01  -4.0180286e-01  -2.3210048e-01   6.4336819e-02   5.7814315e-02  -1.9808942e-01  -3.7606076e-02   2.4508703e-02  -3.4480199e-01  -3.0776800e-01   2.9074624e-01  -3.4504457e-03  -3.1341488e-01   4.5003856e-02   2.1206320e-01  -8.6864093e-02   8.1932553e-03   2.7921806e-01  -1.6363812e-01   8.4304298e-02   8.9283166e-03  -5.7069642e-02   1.6015210e-01   5.0981362e-02   1.1111853e-01  -1.1911296e-01   3.1435346e-01   6.9975499e-03   3.0514695e-01   7.1680530e-02   4.2549893e-02  -8.5983112e-02  -1.1072536e-01   2.6148303e-02  -5.0457391e-01  -9.6856180e-02  -1.0362070e-01   1.0901466e-01  -2.2599354e-01  -4.8426277e-02  -1.2889316e-01   2.3163029e-01  -4.6470874e-01  -2.6082584e-01   1.6129268e-01   3.2098898e-02   7.8866796e-02  -9.1307489e-03   1.9716529e-01   3.8009802e-01  -3.5711103e-01   1.7100860e-01   9.4107243e-02  -2.0449188e-02   2.0076420e-01   1.2411688e-01   1.6833129e-01   9.3428382e-03   1.7012725e-01   2.8576585e-01  -9.8384248e-02  -5.6438770e-02   3.1820562e-01   2.1997882e-02   2.5420324e-01  -3.3449315e-01   2.1692465e-01   3.7611672e-01  -2.1815758e-01  -7.9340417e-02  -3.0971659e-01  -9.9122907e-02   1.2281814e-01   2.5189832e-01  -3.8363643e-01   2.4645380e-02  -4.0817371e-01  -1.0743324e-01  -1.3891545e-01  -8.2124865e-02  -1.6429638e-01   2.0276617e-01  -1.5779825e-01   8.1990591e-02   1.0887660e-01  -2.7798285e-01  -4.2985298e-01   2.1246927e-01  -1.8580390e-01  -1.0790681e-01   2.1400336e-01  -1.8061687e-01   1.2889728e-01   1.7714636e-01  -5.1224415e-02
   2.0185876e-01   5.3812963e-03  -1.0183533e-01  -2.1428159e-01  -1.1284014e-01   2.7428443e-01  -2.7374115e-01   0.0000000e+00   2.0023377e-01  -2.3527943e-01   2.8920312e-01  -2.7276685e-01  -6.2076254e-02   2.3891276e-01   1.8450633e-01   2.3285385e-01   1.3107951e-01  -1.1607466e-02   2.3298833e-01  -3.3177082e-01   2.5399898e-01   1.3830337e-01   2.0246313e-01  -4.9349876e-02   5.8948786e-02   5.3035721e-01  -1.3802726e-01   1.8295325e-01  -3.1586791e-02   1.1778336e-02   1.1496367e-01   1.2941774e-01   2.4204995e-01  -9.3578796e-03  -2.7244966e-02  -3.5182207e-01  -1.4734787e-01   1.3002965e-01   1.9828230e-01  -9.5224988e-02   1.0972545e-02   3.2583898e-01   2.1979502e-02   1.7746846e-01  -3.5961902e-01   9.7081445e-02  -1.1807349e-01  -6.1507856e-03  -2.1609218e-01   1.0903861e-01  -7.7724980e-02   5.8156327e-01  -1.2201960e-01  -1.6758058e-01  -3.3531872e-02   2.1287679e-01   4.0341105e-01   9.3122749e-02   1.0868551e-01  -2.0117959e-02   9.3486178e-02  -1.9464721e-01   1.5329239e-02   3.2806218e-02  -1.5694432e-01  -8.2599226e-02   1.7290599e-01  -1.3221742e-01   1.8780119e-01  -6.6821258e-02   2.7676496e-02  -3.0661472e-01   1.3629976e-01   4.7382961e-02   1.9076082e-02   3.7470004e-01   1.2470464e-01   2.5107214e-01  -3.6705743e-01  -1.8556334e-01   1.5494551e-01   2.0238009e-01   6.8965818e-02   7.5666349e-01   1.6557499e-01   4.2271577e-01  -5.9673091e-02   1.2510404e-01   8.3722328e-03   1.1957218e-01  -1.0519005e-01   1.1126594e-01   2.2646541e-01   1.6838963e-01   2.1045529e-01  -1.1555021e-01  -2.0954976e-01   4.3301502e-01  -5.5702292e-02  -1.8633208e-01   5.3099792e-02   3.5661047e-01   1.7522153e-01   1.4544911e-01   1.3370705e-01   2.8036575e-01  -6.3928177e-02   3.9439140e-01  -2.9329078e-01   4.5826841e-02   9.8139014e-03   1.5685458e-01  -2.3816276e-01   1.9628801e-01  -5.5449546e-02  -1.3621752e-03   3.4514874e-01   2.1581982e-01   1.1666384e-02  -1.9608474e-01  -5.6592802e-02  -3.3918854e-01  -1.3137263e-01  -6.7971771e-02   1.0724126e-01   1.6442551e-01  -2.0054214e-01  -2.8508776e-01   1.9590070e-01  -9.9137016e-02   2.2114423e-01  -1.3823796e-01   2.0059785e-01   6.2339666e-02  -1.2445878e-01   5.2377486e-01  -1.3151109e-01   2.6807468e-02   4.2001091e-01   2.5961733e-02  -5.0013501e-02  -2.9941568e-01   5.2115480e-01  -1.2983578e-01   1.1136522e-01   1.9869859e-01  -1.8182853e-02  -1.0161352e-01  -1.5840963e-02  -1.2786427e-01  -2.9962583e-03   3.0955589e-01   2.5778383e-02   1.4219253e-01  -1.0517031e-01  -9.1831188e-03  -3.5960125e-02   1.7578721e-01   3.1231248e-02   2.7633831e-01  -1.2960624e-01   4.0203358e-01  -1.3669927e-01   1.5702140e-02   4.3772474e-01  -1.1284699e-01   1.1457574e-01   4.0635616e-01   1.2782816e-01   1.1488889e-01  -2.1116576e-01  -1.2060532e-01  -3.1421877e-01   4.1616642e-01  -2.0320676e-01  -3.1770090e-01   2.7319336e-01
   9.5378818e-02   2.6143742e-01  -9.6749949e-02   1.6839270e-01   1.0105804e-01  -2.3595779e-03  -9.8424596e-02   2.0023377e-01   0.0000000e+00   6.1872278e-03   2.0659536e-01   1.2324577e-02  -1.5729366e-01  -6.9620467e-02   2.0577673e-01  -1.1028473e-01  -6.3368274e-02   2.1957456e-01   4.4426766e-02   1.0811234e-01  -2.2119566e-02   3.3459312e-01   3.5516112e-02  -1.0893170e-01   1.1647619e-01   2.8612157e-01  -3.7262384e-02   2.3214754e-01  -4.0384912e-02   2.7543715e-01   1.8093651e-01   1.1413983e-01  -8.0342660e-02   1.0955617e-01   4.6621774e-01  -1.1938244e-01   1.8657545e-03  -1.7916793e-01  -1.5750038e-01   3.1070912e-02   1.0469218e-01  -6.5893816e-02   4.5141166e-01  -3.8989539e-02   3.5193108e-01  -2.9975838e-01   5.6624105e-02  -6.6950771e-02  -1.2279514e-01   1.7027276e-01   1.7618434e-01   4.3173074e-01   1.2749933e-01  -3.2265783e-02  -3.4400940e-02  -2.0747894e-01   1.1036122e-01   1.5351797e-01   3.9520619e-02   2.3573350e-01  -1.2396713e-01   2.6766207e-01   5.6799603e-01   4.4428007e-01   4.4647037e-01  -7.7750706e-02  -4.9034755e-02   6.4254304e-02   1.2961545e-01  -3.0606497e-01   7.9912747e-02   1.4102383e-01   1.3625940e-01  -1.9263653e-01   1.4235521e-01   3.3664916e-01  -2.7499763e-01   4.5524093e-02  -1.4307063e-02   8.6325318e-02   2.0715423e-01  -7.8050092e-02   2.4857534e-02   1.2565514e-01  -1.5917397e-01   3.7200155e-01   1.8987554e-01  -1.3041587e-01   2.0156635e-01  -4.7519260e-02   4.7589989e-02  -5.9881828e-02  -6.5366999e-02   6.0623182e-01  -1.8962567e-01   4.2430660e-02   3.5387477e-02   1.1386204e-01   2.5393483e-02  -3.4293512e-01  -3.4143190e-02   1.5345160e-01  -3.5080030e-02   4.9583151e-01   2.9774872e-01   2.1716946e-01  -6.9963631e-03   2.1675053e-01   2.2812774e-02  -2.6729721e-01   1.4784197e-02  -3.4367491e-02   1.0350552e-01  -7.0900315e-02   1.8144481e-01   3.0416232e-01  -8.2562927e-02  -4.7299564e-02  -1.3206409e-01   1.3984476e-01  -2.9135936e-01  -2.6236199e-02   9.8502561e-02   4.1532054e-01  -2.8411136e-01  -6.9047060e-02   3.0791084e-01  -1.7285471e-01   5.1628642e-01  -2.4095126e-01  -2.6711798e-02   2.8957389e-01  -1.9911822e-01   2.6012442e-01   4.5157140e-01   3.1019517e-01  -1.3885280e-03   9.2280077e-02   3.9665856e-01   3.5569179e-02   4.9248080e-02  -2.7523902e-02   2.0266645e-01  -2.2157697e-01   3.6721054e-02   3.1945658e-01   1.4062028e-01  -6.6059890e-02  -1.7925486e-01  -1.6956627e-01   8.3663718e-02  -5.7429853e-02  -1.7895033e-01   3.3435693e-01  -1.3730267e-01   1.5331732e-01  -2.7924757e-01   1.3559451e-01  -4.9017091e-02   7.5492596e-02   3.1999066e-02   3.4087747e-01  -1.2930789e-01   1.4942562e-01   2.4039483e-01   1.8797551e-01   4.0549709e-01  -2.3897577e-01  -8.9512035e-02   4.0547246e-02   1.2053008e-01  -3.1128528e-01   1.9188298e-01  -3.9535503e-02   9.8167647e-02  -2.3175161e-02   3.5778108e-01
   2.1585108e-01  -3.2381804e-01  -1.9205803e-01   1.3111591e-02  -3.3367498e-02  -6.7468053e-02  -1.5864639e-02  -2.3527943e-01   6.1872278e-03   0.0000000e+00  -6.7094418e-02  -1.5708957e-01   1.4862562e-01  -4.3862763e-02  -1.2925022e-01  -2.9937205e-02  -3.0058999e-01  -1.3181768e-01  -4.9073846e-02   1.3411480e-01  -4.0601758e-01  -2.4413713e-01  -2.1213556e-01   2.1613643e-01  -2.7296381e-01   1.5824983e-01  -6.8765157e-03   4.0827388e-02  -1.4051566e-01  -1.3173192e-01  -2.6530667e-01  -2.4814533e-01  -1.2785559e-01  -1.6147339e-01   6.6566908e-02  -4.2560310e-02   2.9108617e-01  -1.7128711e-01  -7.5620282e-02  -2.4430123e-02   4.0533406e-03   2.4545274e-02   1.7007534e-01  -3.5930078e-01   1.2667051e-02  -2.9321979e-02   2.0961165e-03  -2.6841904e-01   3.8243232e-01  -1.9850363e-01  -2.4621286e-02   7.6462048e-02   4.1217819e-03  -1.0150219e-02  -1.0922706e-01  -1.3133293e-01  -1.5002857e-01  -2.2485178e-01  -3.0037258e-01  -1.0099703e-01  -2.5115409e-01  -2.6230698e-02   6.9268824e-02  -9.1660612e-02  -1.9890218e-01   6.4760858e-01  -1.1845991e-01  -3.1851127e-02   8.6986290e-02   4.4787729e-02  -2.9664449e-01  -1.4211245e-02   9.0833896e-02   2.3636960e-01   3.2057755e-03  -1.4968673e-01  -2.0427036e-01  -2.1495138e-01   4.1805381e-01  -8.2247936e-02   1.3807509e-02   1.8619384e-02  -2.5558575e-01  -1.4831184e-01  -6.3920497e-02  -1.9902424e-01   4.8192481e-02   9.9416333e-02   2.2014981e-01   1.5921963e-01   6.4288685e-01  -2.0737449e-01   5.1941303e-02  -1.0066405e-01  -1.3102065e-01   5.5493576e-01   1.6463677e-01  -2.5964586e-01  -6.2553963e-02   1.3722980e-01  -2.1042156e-01  -1.8376572e-01  -2.3545166e-01  -5.8406562e-02  -2.3225887e-01  -1.4560779e-01  -7.3764925e-02  -1.6712657e-01   1.5234891e-01   9.6515179e-02  -1.9753461e-01  -8.9708550e-02   8.3965135e-02   5.9535903e-02   1.0580207e-01   3.0833703e-01   1.0120030e-01   1.1054553e-02  -2.5036410e-01  -4.3438903e-02  -5.0658033e-02   6.6963387e-01  -1.5618763e-01  -1.6010108e-01   6.3422428e-02   4.8629468e-02  -5.2156497e-04   5.6392333e-02  -1.3783953e-01  -1.1934328e-01   1.2471877e-02  -3.5783008e-02  -5.5097582e-02   1.3729036e-02  -9.5532793e-03  -2.6488288e-01  -8.6559923e-02  -2.7331328e-01  -1.4743940e-01  -1.8141784e-02   1.1475319e-02  -7.0502762e-03  -2.8584408e-01  -2.7016499e-01  -1.9673956e-01  -2.5470813e-01  -1.4738783e-01   4.8292807e-01   3.2046686e-01  -2.1727903e-01   1.4871100e-01  -1.6312928e-01   1.0011472e-01  -1.8178828e-01  -2.1268590e-01  -1.6842802e-01  -4.4375256e-02  -1.4447916e-01  -1.7229818e-01   5.3270601e-02  -1.5982592e-01  -2.0525756e-01   7.3688578e-01  -8.5325107e-02  -1.8586971e-01   3.2196471e-01  -1.7642163e-01  -2.4288533e-02   1.1467159e-03  -2.5621236e-01   6.3247181e-01  -1.7698852e-01   1.8792819e-02  -2.2323121e-01   1.8090369e-01  -4.7928927e-02  -1.7840789e-01
  -7.1634183e-02   1.0318264e-01  -1.2585880e-01   2.4975711e-01   4.0076145e-01   9.0750280e-02   1.5376078e-01   2.8920312e-01   2.0659536e-01  -6.7094418e-02   0.0000000e+00   1.0907707e-01  -7.1378775e-03  -4.9112071e-02   4.4070099e-01   1.9122906e-01  -2.1331996e-01   6.2145897e-01   1.5893193e-01   7.5168557e-02   3.1447132e-01   3.6016513e-01   6.4817573e-02  -1.1356083e-01  -7.3431440e-02  -1.8480374e-02   6.3077871e-02  -2.0240143e-02  -9.3913739e-02   1.6411613e-01   3.3351418e-01   4.4277343e-01  -1.0432088e-01   2.1478744e-01   1.7887775e-01   2.9338069e-02  -3.0529651e-01  -3.5281737e-01   1.5130903e-01  -1.7489046e-01   3.1470351e-01  -6.3209706e-02   2.7465061e-01   3.3042146e-01   1.0523069e-01  -4.3520791e-01   3.8342175e-01   7.3124981e-02  -2.2397951e-01  -1.5391641e-01   5.1604661e-01   1.1025149e-01   2.5108352e-02  -1.5335840e-01  -1.2210498e-01   1.2801209e-01   9.5760091e-02   4.1838852e-01   5.0405100e-01   2.6157615e-01  -1.7929617e-01   8.4004217e-02   1.0294541e-01   3.4621326e-01   2.2580946e-01   9.8265259e-02   1.7328626e-01  -5.8505906e-02   6.2477273e-01  -3.8099069e-01  -2.8896177e-03   1.3029401e-01   2.7704774e-01  -2.8416562e-01  -1.7942264e-01   3.2583743e-01  -3.2067589e-01   2.9621829e-01  -3.5657201e-02   3.4969405e-02   1.0430525e-01   1.4085447e-01   1.9742487e-01   1.7257887e-01  -1.5216210e-01   3.5062530e-01   7.6918699e-02  -1.0811487e-01   1.3719689e-01  -1.1158759e-01  -6.9172451e-02  -2.3587765e-01   1.9703765e-01   2.3812849e-01  -3.8437386e-01  -1.3139952e-01   1.4025329e-01   1.6558105e-01   2.0611846e-01  -4.8151637e-02  -4.5136269e-02   4.4663154e-01   3.2003178e-01   2.4578861e-01   3.8463870e-01   4.8692590e-01  -1.0617666e-01   3.6846914e-01  -1.7525678e-01   2.4125785e-01   1.1397647e-01   3.7621751e-01  -3.3004123e-02  -2.5343770e-01  -8.7891140e-03  -5.4030949e-02   1.2376928e-01   1.9634808e-01   6.3668539e-02   3.9162056e-01  -3.0372226e-01  -1.4277318e-01  -2.4218000e-01   1.9056051e-01  -4.4413922e-01  -9.8038876e-02   2.9086484e-01  -2.4037603e-01   5.3185113e-01  -2.1205046e-01   2.7000326e-01   4.3423377e-01  -3.1922590e-01   1.9483931e-01   1.3206213e-01   3.4183928e-01  -1.2166313e-01   4.3135913e-02   4.2172946e-01  -1.9769882e-01  -1.3034327e-02   8.7462101e-02   4.8672407e-01  -1.6511850e-01   3.5317157e-01   4.1424957e-01  -5.7511899e-02  -1.1821150e-01   2.5455072e-01   6.2070943e-02  -7.1527283e-02   2.7219362e-01  -2.0980930e-01   2.7816977e-01  -2.2893886e-01  -1.0830992e-01  -3.5671451e-01   4.9088734e-01  -2.6179100e-01   2.6662548e-01  -2.2710544e-01   6.5621312e-01  -1.8714047e-01   4.5336515e-01   4.0123879e-01  -1.4737029e-01   4.2778829e-01   1.3830672e-01  -2.8242665e-01   1.6194542e-01  -2.3467894e-01  -3.9482267e-01   8.0917305e-02  -4.1284370e-02   1.3847851e-02  -1.1719843e-01   1.2321119e-01
  -3.0508920e-01   6.4952439e-01   5.2459918e-01   3.6337573e-01   1.8008143e-01   1.3033262e-01   6.0588010e-01  -2.7276685e-01   1.2324577e-02  -1.5708957e-01   1.0907707e-01   0.0000000e+00  -4.0268935e-02  -2.7555659e-01   1.8063254e-01  -9.1551886e-02   2.7417030e-01   1.3121819e-01  -2.0306933e-01   2.7978697e-01   1.2974512e-02  -6.0742950e-02   1.4403374e-01  -1.0640397e-01   1.4809481e-01  -3.2125689e-01   6.6367960e-02  -1.8973843e-01  -5.0806446e-02   1.7750522e-01   2.9756888e-01   1.6439613e-01  -1.3290668e-01   3.2813931e-01   2.2324739e-01   2.0974450e-01  -1.9296364e-01  -2.3368294e-01  -1.2085981e-01   2.8806881e-01  -4.5377952e-02  -1.2458506e-01   3.1798944e-01   1.4873781e-01   4.2172324e-01  -3.6229870e-01   1.7488939e-01   3.9959525e-01  -5.0311029e-02   9.3992048e-02   1.3557651e-01  -2.8793241e-01   1.6768333e-01   1.0387639e-01   1.9156432e-01  -1.4649007e-01  -2.2295501e-01   2.4595251e-01   1.3959521e-01   5.0892910e-01   3.4909130e-02   4.0320694e-01   2.1500053e-02   2.3602447e-01   3.1113035e-01  -3.3299748e-01   1.5705609e-01  -1.4872207e-01  -6.6036765e-02  -7.8125990e-02   4.3651900e-01   2.1230027e-01  -3.2457398e-02  -3.5785649e-01  -6.6378706e-02  -1.1677354e-02  -2.3305548e-01  -5.3330362e-02   3.4344219e-02   1.4970320e-01  -2.2988514e-02  -1.8220603e-01   1.1311421e-01  -2.9817239e-01  -3.1726777e-01   4.4019788e-02   6.8328514e-02  -1.7870591e-01   6.0825990e-02  -3.4802224e-01  -2.7661211e-01   1.7512101e-02   3.3217848e-02   2.0778799e-01  -2.9932992e-01  -9.5695298e-02   2.1427799e-01  -9.4588019e-02   8.7066702e-02  -1.1398314e-01  -7.7129752e-02   5.4239427e-02   3.6121889e-02   2.2151950e-01   1.9650942e-01   1.5329362e-01   2.7639674e-01   3.5721279e-02   1.4176146e-01  -4.9570780e-02   3.8327979e-01   2.0456635e-02   1.2681363e-01  -4.0591066e-01  -1.4562770e-01  -2.4014957e-02  -4.0657623e-01  -2.2768077e-01   5.3524030e-02   2.9773510e-01  -1.2075451e-01  -9.7485129e-02   3.1790285e-02   2.5377385e-01  -4.8959506e-01  -2.4555526e-01   3.0887690e-01   1.2830004e-02   1.1654930e-01   1.7357351e-01  -4.4247869e-02   3.4472841e-01  -2.9139460e-01   3.1843819e-01   2.4321104e-01  -5.9397569e-02   1.8171977e-01   2.3519079e-01   1.0603265e-02  -1.0471918e-01   1.6079358e-01   3.2554016e-01   5.1314614e-02   1.8980308e-01   2.3991628e-01   1.2825392e-01   4.7708562e-01  -3.3912521e-01   1.3504198e-02   1.7749277e-01  -2.6759706e-01  -2.0167123e-02  -8.4522379e-02  -9.2730707e-04   4.2714306e-01   1.7934157e-01  -1.9739666e-01   2.1600671e-01  -3.5502814e-02  -1.4725528e-01  -7.2131200e-02  -9.4857062e-03  -3.1389357e-01   2.2291943e-01  -6.4901037e-02  -5.9990483e-02   1.1102036e-01  -3.7539297e-01  -2.1526368e-01   1.9214319e-01  -1.4084848e-01  -1.7518082e-01   1.1875677e-01  -7.0402730e-02   8.7452983e-02   3.0415877e-01   8.1597536e-02
   1.6948740e-01  -3.0051011e-01  -2.1102792e-01  -9.1182230e-02   2.0991953e-01   4.0383015e-02   1.3295391e-01  -6.2076254e-02  -1.5729366e-01   1.4862562e-01  -7.1378775e-03  -4.0268935e-02   0.0000000e+00  -7.7137392e-02  -2.5168859e-01   3.9754101e-01  -2.5066428e-01  -5.2166157e-02  -1.6232048e-01   2.0003156e-01   6.5556525e-02  -2.2844863e-01  -1.9162681e-01   9.4797287e-03  -3.0335572e-01   5.8288955e-02   1.5440351e-01  -2.7065874e-01   1.1821011e-01  -2.6350588e-01  -2.2375567e-01   2.3299936e-02   2.0574789e-01  -2.6366702e-02  -1.8154291e-01   1.0125549e-01   8.5443748e-02  -4.7541101e-02   3.1964750e-01   1.9986607e-01   6.5120911e-01   2.4977827e-01   3.6124470e-02  -2.8174579e-01   2.3968588e-02  -3.6002777e-02   1.6689062e-01   2.4939180e-03   1.4712222e-01  -1.0044414e-01   1.4665151e-02  -1.8066792e-02   1.9864709e-01   1.5522242e-01  -1.9771377e-01  -2.0427605e-01  -9.1419849e-02  -1.1035496e-01   8.7948521e-02   2.3730465e-02  -2.6857382e-01  -7.4739413e-03  -1.4882438e-01  -2.4532766e-01  -2.0910311e-01   1.6094246e-01   1.0799141e-01  -2.5715765e-01   1.6650686e-01   7.2430170e-02  -2.3033955e-01  -1.4656133e-01   2.0542515e-01   3.5810065e-01   2.2943877e-01  -1.1055979e-01  -9.8786368e-02  -2.1556434e-01   1.2496595e-01   1.2713498e-01  -1.0049524e-01   3.3552594e-01  -1.1212792e-01  -8.0056955e-02   1.0854149e-01  -1.8776119e-01  -1.9590596e-01   2.5411080e-01  -1.1831140e-01   2.7966533e-01   4.2693748e-02  -2.7254988e-01   6.4836096e-02  -1.1266340e-01  -1.1576997e-02   1.7499961e-01   9.5157179e-02  -7.5627129e-02  -1.3133712e-01   2.2944070e-01  -3.6801389e-02  -1.5889472e-01  -3.5583442e-01  -1.7779640e-01  -1.8977241e-01   4.1506111e-02  -4.5320902e-02  -3.8594963e-02   1.4605748e-01   7.3029078e-03  -2.7864083e-01  -1.8229729e-01  -1.5716421e-01   2.0299937e-01   7.6133131e-02   4.0165245e-02   7.9252072e-03   4.8678568e-01  -9.3424092e-02  -1.8238566e-02  -6.6061007e-02   1.3410831e-01  -2.4057394e-01  -9.7035412e-02   9.5460607e-02   7.8826706e-02  -2.0158634e-01   2.9623342e-01   1.4902835e-03  -4.6933429e-02   4.2027746e-01   1.4524820e-01   5.1932646e-02  -2.1088945e-01  -1.1040395e-01  -2.0425242e-01   2.8490657e-01  -1.8216899e-01  -1.4065012e-01   2.0835633e-02  -1.7122208e-01  -5.1671956e-03  -3.4361409e-01  -4.0469493e-02  -8.4396569e-02  -1.9820223e-01  -4.0046154e-01  -1.4638540e-02   1.5881144e-02  -1.6170071e-01  -3.6375777e-02  -3.7286396e-01  -1.6699558e-01  -2.7407212e-01  -4.0793068e-02  -2.6081766e-01  -1.1023051e-01   3.1922986e-01  -3.2860365e-01  -2.5868258e-01  -2.4053753e-01  -3.0156630e-01  -5.8556520e-02   7.2162405e-03   6.9985810e-02   2.7138607e-01  -2.8529558e-01   2.0354690e-01  -1.6223550e-01  -6.8674244e-02   7.5946707e-02  -1.1510195e-01  -2.1358040e-01   1.8631066e-01  -4.1052987e-02  -6.0227562e-02  -6.0116312e-02
   3.4007381e-01  -3.7175644e-01  -2.9408282e-01  -3.2408761e-01  -1.1070161e-01   4.3124384e-02  -2.6924165e-01   2.3891276e-01  -6.9620467e-02  -4.3862763e-02  -4.9112071e-02  -2.7555659e-01  -7.7137392e-02   0.0000000e+00  -4.8786329e-04  -8.7575456e-02  -1.8858802e-01  -3.8525466e-02   2.3820766e-04  -3.0867833e-01   1.5142615e-01   1.7474608e-01  -1.2612314e-01   4.5654763e-03  -3.8227150e-02   4.1982789e-02  -3.9333008e-01   3.3200599e-01  -2.0009297e-01   2.4618966e-01  -3.9041201e-02  -6.2033974e-02   6.9871574e-02  -1.2801711e-01   1.4854717e-01  -4.6288580e-01   7.1240779e-02   4.2617820e-02  -7.5054695e-02  -4.5208663e-01  -4.1251729e-02  -4.0422281e-02  -5.0580252e-02   2.6452733e-01  -2.5650989e-01   3.6386328e-01  -3.6733490e-01  -3.9136091e-01  -4.2080389e-02  -2.7620348e-01  -6.5686874e-02   1.1302839e-01  -2.1039889e-01   4.0277951e-02   1.1558663e-01   3.3816182e-01  -2.6735778e-02  -1.4806793e-01  -1.1295849e-01  -1.3210816e-01   1.2893198e-01  -2.5354045e-01  -2.6114897e-02  -2.7539845e-01  -1.7283571e-01   1.1425559e-01  -1.5721943e-01  -5.6942266e-02  -1.5391683e-01   2.3983788e-01  -3.6032346e-01  -1.2116632e-01   6.2798261e-02   5.1113995e-01   2.0346610e-02   4.5840183e-02   1.8332613e-01   4.5285931e-01  -1.6966022e-01  -9.2320986e-02  -4.6043180e-02   1.0249505e-01  -2.4636946e-01   3.7547706e-01   3.5558240e-01  -5.0219577e-02   2.3867060e-01   5.1128407e-01  -6.5793072e-02   2.1442720e-01   7.9458981e-03   1.2293300e-01  -4.0917850e-02  -1.4926185e-02   2.0194468e-01  -2.4624535e-01  -4.0415687e-02  -1.1290841e-01   3.9199706e-02   1.3184135e-01   6.7022002e-02  -1.3812440e-02   3.6689460e-01   8.3841677e-02  -1.5232482e-01  -2.4129555e-01  -3.5790274e-02  -1.5292725e-01  -3.0778610e-01   1.7310474e-01  -1.9406762e-01   2.5207713e-01  -1.8682377e-01   3.1506712e-01   1.7789489e-03  -4.0660155e-01   2.5087911e-01  -2.3340981e-02   2.6589055e-01  -2.8780003e-01   2.6360039e-01  -9.2331231e-02  -8.8847310e-02  -1.8096626e-01   3.2859937e-01   6.2473689e-01  -2.0367134e-01  -1.7835307e-02  -1.1774861e-01  -8.4041636e-02  -3.2817264e-02  -4.0477252e-01   6.1986042e-01  -2.5326520e-01  -2.3318258e-01   1.1448992e-01  -2.3024390e-01  -1.0603186e-01  -1.1285065e-01   3.0147793e-02   5.4888530e-02  -2.3473144e-01   1.4366538e-01   1.5011149e-01  -1.4610553e-01   3.9725642e-02  -1.5799151e-01   1.2331553e-01   2.1838332e-01  -1.4464140e-01   5.4118871e-02   2.1019377e-01   1.6490931e-01  -6.2118597e-02  -3.4435452e-01  -2.6511681e-01   3.1429981e-01  -1.6406724e-01   1.4740599e-01   3.3126328e-01   2.6621800e-02   9.9402979e-02   4.2283663e-02  -9.8418027e-02  -5.5594077e-02  -7.1646517e-02   8.9597189e-03   2.1657858e-01   2.4046496e-01  -1.2365666e-01  -1.6149778e-01   1.9960254e-01  -9.9580872e-02   5.1302214e-03   7.4531836e-02  -1.8641737e-01   1.2818154e-01
