   0.0000000e+00  -2.2134382e-01  -2.4669729e-01   1.4399782e-01  -3.4427537e-01  -2.3140100e-01  -2.7980202e-01   2.2297621e-01   4.4204726e-02  -4.1468743e-01   1.3647834e-01  -3.1028434e-01  -1.5307791e-01   4.1996426e-01   6.9930337e-02  -1.3700228e-01  -9.4714858e-02  -4.9609730e-02  -4.2741466e-02  -3.4682894e-01   9.7856335e-02   1.0382854e-01  -1.9944510e-01   5.8167341e-01   3.2698900e-02   7.9362657e-02  -3.4429702e-01   1.6018059e-01   1.8450760e-02  -7.7595373e-03  -9.1230571e-02   2.1898760e-01  -3.4466044e-02  -2.7775954e-01   5.0879162e-02  -2.7158093e-01  -1.2008022e-01   1.2416549e-01  -1.0788924e-01  -4.2065616e-01   3.0925733e-02   7.9653428e-02  -3.6201728e-03   2.9715226e-01  -7.7339188e-02   5.8535243e-02  -7.6589532e-02  -1.2527975e-01  -1.8630253e-01  -2.6498545e-01  -6.6760676e-03   1.6127504e-01  -2.4003216e-01   2.5692187e-01   1.1110322e-01   2.3644593e-01   9.9269916e-02   9.7131713e-02   7.6903931e-03  -1.6592599e-02   1.2683402e-01  -9.1606499e-02  -4.5911804e-02   8.5371329e-02   7.4359976e-03  -3.8676072e-01  -9.3187255e-02  -6.5993646e-02  -6.1209415e-02  -2.6409829e-01  -3.3260936e-01   2.6763291e-02   6.9811417e-02  -2.8359041e-02   1.7807167e-01   2.1603850e-01   6.7356174e-02   2.4629716e-01  -3.0910783e-01  -1.9248675e-01   2.1519078e-01   1.6763586e-01   1.7834476e-02   1.7450755e-01   1.2714982e-01   3.4260466e-01  -1.2758821e-01   3.5192039e-01  -7.9685459e-02   4.2535092e-01  -1.6341591e-01   1.2991214e-01  -3.9675440e-01   1.4176167e-01   6.7602778e-02  -3.1683099e-01  -1.6367475e-01   8.8526298e-02  -1.9127720e-01  -8.9930537e-02  -3.1187752e-02  -1.4584775e-02   4.1937757e-02   3.3817195e-02   4.2082259e-02   1.1596524e-01   4.9790285e-02   3.5813158e-02   1.1515250e-01  -1.8452674e-02  -2.0126162e-01  -1.1651000e-01   1.1430544e-02   5.7050790e-01   1.3480376e-01  -1.7229265e-01   8.3504162e-03  -2.7431611e-03   3.1873092e-01   7.6308152e-02   3.4585384e-01   8.1948134e-02  -3.1995763e-01   9.5236857e-02   1.4990680e-01   2.1492542e-01   3.9286279e-02  -2.3874053e-03   8.6814424e-02  -2.9223942e-01  -4.0140076e-02  -1.9970575e-01   1.9865691e-01   5.7930841e-03   1.6865939e-01   1.8739590e-01   1.4079629e-01   2.5734296e-01   2.0349305e-01   5.6025961e-01   4.7867906e-01   1.0694472e-01   9.9216572e-02  -4.5674273e-02   3.2268439e-02  -8.0851073e-02  -3.5638800e-01  -5.2975463e-02  -1.2655613e-01  -2.0509381e-01   3.8298862e-01   2.3042187e-01   3.4302364e-01   1.4127463e-01  -2.6746602e-01   3.2458423e-01   1.9535577e-01  -1.3967935e-01   1.4142909e-01   1.0652153e-01  -7.0413652e-02   1.4770286e-01  -2.9547556e-01   4.1825374e-02   2.7094176e-01  -2.5341536e-01   1.1152598e-01   3.4230777e-02   2.2956953e-01  -2.2751322e-01  -2.6436704e-01   6.1166112e-02   1.3805180e-02   1.6185168e-01   1.4339406e-01  -2.1299571e-01   2.2340101e-01
  -2.2134382e-01   0.0000000e+00   4.3467512e-01  -1.9136077e-01   2.7070082e-01   4.3483497e-01  -2.1718889e-01  -2.8872983e-02   2.5487051e-01   9.7681757e-02  -9.5601903e-02   3.6271700e-01  -7.5469638e-02  -4.2138666e-01  -4.4270733e-01  -2.9894569e-01   5.3052328e-01  -8.0319908e-02  -2.0323983e-01   1.9368095e-01  -3.2805559e-01   1.1271271e-01  -3.2248202e-01  -1.0074364e-01  -1.0712038e-01  -1.3552426e-01   5.6155018e-01  -3.1679437e-01  -4.7284076e-01   6.4561906e-01  -1.1834028e-01  -2.0444748e-01  -2.4192417e-03   5.1057039e-02  -6.6558298e-02   3.2249184e-01   3.5158441e-01   2.1787737e-01  -1.3408899e-01   4.5677921e-01  -2.6157332e-01  -1.2510793e-01  -8.6495432e-02  -1.4023762e-01  -3.2945496e-01   4.3377517e-01   2.3694015e-01  -1.0061027e-01  -3.0919461e-01   6.0371478e-01  -2.2904970e-01  -9.6835272e-02   3.0826739e-01  -2.2171578e-01  -1.2095166e-01  -3.2809222e-01  -2.2594852e-01  -2.0897948e-01   4.9903807e-02  -5.5129191e-03   9.4824843e-02  -2.2956413e-01   3.9852817e-01   3.1586495e-01  -1.7030470e-03   1.1543859e-01   2.5680524e-01  -1.0846546e-01  -1.6850300e-02   1.9866012e-01   5.0695383e-01  -1.1005972e-01  -1.4597153e-01   1.4755196e-01  -2.8290358e-01  -4.9026712e-02   8.0379964e-02   2.5049566e-01   4.2102412e-01   8.2101382e-02  -5.4632861e-01  -1.6871652e-01  -1.7355589e-01  -2.8115943e-01   4.5232231e-01  -3.0333147e-01   4.5034256e-01  -5.5507885e-01   5.0879236e-02   2.5213701e-01   3.3132643e-01   1.8207379e-01   1.9735268e-01  -4.1940011e-01   9.9006832e-02   4.9173924e-01  -1.5031420e-01  -6.7216484e-02   1.7647367e-01  -1.5063578e-01  -3.2809912e-01  -2.0337213e-01  -3.0780673e-01   3.9201213e-01  -2.2874397e-01  -2.1146729e-01  -2.0031333e-02   1.7832996e-02  -4.5396546e-01   5.5663514e-01  -7.1617331e-02  -2.9403153e-01  -1.0622439e-02   1.6715551e-01  -4.3013601e-01   5.6285724e-01   1.9200042e-01   5.3689540e-03  -2.8454962e-02  -3.1115869e-01   1.2569242e-01   3.7419072e-02   2.2611437e-01  -7.4179726e-02   2.7272131e-01  -6.0326569e-02  -3.4021124e-01  -2.7770001e-01  -7.2643490e-02   3.3292241e-01  -1.5884342e-01  -2.1069103e-01   5.4251963e-01   3.1625130e-01  -1.3753506e-01  -5.9044354e-02  -3.1075663e-01  -4.1929526e-01  -2.3696405e-01   1.0361577e-01  -2.9342006e-01   7.4926933e-03  -9.3060722e-02   1.1778490e-02  -3.5733146e-01   2.0893832e-02  -1.6060637e-01   6.2471136e-01   2.9519415e-01  -2.5610474e-01  -2.9617410e-01  -3.6079309e-01   1.1256239e-01  -1.7296946e-01   5.7004620e-01  -3.3103924e-02   1.8193387e-01  -1.7320537e-01   1.0188964e-01  -5.7458515e-01   5.4090835e-03   4.2152602e-02   1.9505067e-01   1.6595814e-01  -1.6033660e-01   2.8641490e-01   3.6943678e-02  -3.7548460e-02   2.0103625e-01   1.5849095e-01   4.1780388e-01   1.4109326e-01   1.6761581e-01   2.2185211e-01  -9.1480344e-02  -8.3088299e-02  -7.2831163e-02
  -2.4669729e-01   4.3467512e-01   0.0000000e+00  -3.3209631e-01   4.7909915e-01   4.7951039e-01   1.4244500e-01  -8.0029977e-02  -1.1966796e-01   2.9345516e-01  -1.4523415e-01   5.0874807e-01  -7.5579807e-02  -2.6655398e-01  -9.7224249e-02   4.1035075e-02   7.0062587e-01  -2.6585911e-01  -1.6901342e-01   4.5006250e-01  -3.2027390e-01  -1.1160637e-01   3.5083615e-02  -2.2227811e-01   3.0784921e-02  -7.7474989e-02   5.8411565e-01  -3.1338759e-01  -1.4060119e-01  -3.4924128e-02  -3.7428468e-02  -2.4530118e-01   7.7399498e-02   3.8290372e-01  -1.6400350e-01   3.5639999e-01  -1.1413455e-01   1.8820910e-01  -1.0962998e-01   6.1169341e-01  -3.4172227e-01   3.7800158e-02  -9.5118253e-02  -1.2696625e-01  -1.5054467e-01   2.3794818e-01   4.3125276e-02  -2.9077722e-01  -9.1537648e-02   8.1402624e-01  -3.0950702e-01  -4.0089878e-02   2.4243038e-01  -1.0910530e-01  -7.1126574e-02  -2.8523872e-01  -4.4103957e-02  -2.2760601e-01  -3.2683364e-01  -1.5516698e-01   2.6874065e-01  -1.6140872e-01   2.6933418e-01  -2.6410581e-02  -2.6635906e-01   3.2483820e-01   2.5944404e-01   1.5304054e-01   3.0529356e-02   6.0028477e-01   4.9906215e-01  -1.2009330e-01  -1.7856127e-01   2.6529136e-01  -3.6833795e-01   1.5987061e-02   2.4435526e-01  -6.0685806e-03   4.3655731e-01  -1.8225712e-01  -2.5751801e-01  -1.3908093e-01  -2.5563355e-01  -1.4807001e-01   2.6897506e-01  -1.3761311e-01   1.9108551e-02  -4.4605486e-01  -4.0582869e-02   6.5882202e-02   2.3995623e-01   3.7631643e-01   5.4793758e-01  -3.3728367e-01   1.2771732e-01   5.1097537e-01  -2.0639536e-01  -1.0178059e-01   1.9768509e-01   9.4540077e-02  -3.7036529e-02   2.1388505e-02  -3.6177707e-02  -1.4082979e-01  -2.8853550e-01  -8.8644676e-02   1.8068692e-01   9.4148134e-02  -2.4770476e-01   1.9744344e-01   4.4269177e-01  -2.3941060e-01  -1.7122976e-01  -5.1763640e-02  -1.9516018e-01   4.0120155e-01  -3.6897029e-02  -1.5691603e-01   3.3367577e-02  -2.8814666e-01   6.1297865e-02   6.2503548e-03   2.9985123e-01  -3.2467242e-01   1.2117180e-01   2.6893794e-02  -3.8512363e-01  -2.2605474e-01  -3.0384726e-01   5.7366483e-01  -6.7521435e-02   2.2690661e-01   3.2643983e-01   5.7007050e-02  -2.2294204e-01   3.6202559e-03  -2.0579778e-01  -2.5891473e-01  -1.0331683e-01  -5.2972799e-03  -2.2661033e-01  -7.4521572e-02  -1.5546858e-01   3.0115153e-01  -2.4085157e-01  -2.3621273e-01   2.8765844e-01   1.7491915e-01   1.3918702e-01  -4.9808145e-02  -1.1083092e-01  -2.2944631e-01   1.0442176e-01  -1.5242386e-01   6.7310482e-01  -1.6142654e-01   1.3328277e-01  -2.9238551e-01   2.3461801e-01  -1.0801541e-01  -8.3304254e-02  -1.5070579e-01   1.8169777e-01  -1.9158975e-01  -6.0785111e-02   3.1176296e-01   1.7855905e-01  -1.4309111e-01   1.0917848e-01   3.7368199e-01   3.4133972e-01   2.3497924e-01  -2.5483044e-01   2.3501047e-01  -2.0997486e-01   1.7715870e-02  -1.7643152e-02
   1.4399782e-01  -1.9136077e-01  -3.3209631e-01   0.0000000e+00  -3.0858794e-01  -2.4630265e-01  -2.8662063e-01   2.3446230e-01   3.8509609e-01  -1.8344890e-01   3.3702509e-01  -3.3539398e-01  -7.0077531e-02   2.7653215e-01  -2.5425459e-02  -9.0783456e-02  -2.4444212e-01   3.6831672e-01  -5.3503980e-03  -2.8325008e-01   7.6395759e-02   3.9303629e-01  -5.3986441e-03   2.6032905e-01   1.6587933e-01   1.4545014e-01  -3.2740184e-01   9.7009716e-02   1.3263022e-01   3.9685254e-02  -1.9964734e-01   3.9168884e-01   1.9383853e-02  -3.5026177e-01   1.4055993e-01  -2.3504428e-01   1.0771831e-01  -4.3131577e-02  -1.0489934e-01  -4.9617297e-01   2.5164525e-01   8.8952842e-02   2.7938022e-01   2.6068316e-01   9.6630119e-02   8.7049678e-03   8.5562548e-02  -2.3806172e-01   2.3991406e-01  -3.9077051e-01   1.9704511e-01   1.5282955e-01  -4.2446539e-01   2.6311015e-01   1.8856017e-01   1.2264953e-01   1.0683783e-01   4.8990322e-01   2.7636150e-01   3.3591103e-01  -1.4938058e-02   9.5403023e-02   1.8077935e-01   4.7446267e-03   1.6065284e-01  -4.7547621e-01  -7.4222670e-02   5.6218485e-02   1.9302227e-01  -2.8592637e-01  -4.6452375e-01   4.5454177e-01   1.7910094e-02   2.8435937e-02   3.6953575e-01   1.9914971e-01   1.1404797e-01  -4.8268072e-02  -3.4493294e-01   3.3880261e-01   1.2177656e-01   9.5874930e-02  -1.1579246e-01  -5.0761861e-02  -2.6141650e-01   3.0536550e-01  -2.4149392e-01   2.5068801e-01   1.2510800e-01   9.5033008e-03  -1.4559230e-01   5.9406592e-02  -3.9283927e-01   4.7360166e-01   1.4170660e-01  -1.7796598e-01   3.5755029e-01   1.5467733e-01   5.9025756e-02  -6.2718943e-02  -6.5479768e-02   4.1673270e-03   4.9666500e-03   1.7947873e-01   3.6982185e-01   4.7032031e-01   2.2474916e-01   2.5135296e-01   1.9152828e-01  -1.2183788e-01  -3.7413814e-01   1.3481193e-01   5.4155743e-01   1.4978446e-01  -2.2159266e-02  -3.0882563e-01   2.7332634e-01   1.0219316e-01   1.0523059e-01   5.0143277e-01   7.4396752e-02  -1.6799199e-01   1.6009437e-01   2.1303908e-01   1.1332985e-01   1.4066492e-01   2.1983063e-01   3.2256058e-01   5.8439219e-01  -4.1261371e-01  -2.1878233e-01  -2.8297085e-01  -3.1033284e-02  -1.1645489e-01   4.7240051e-01   2.3043808e-01   4.8492867e-01   5.1698594e-02   1.3949896e-01   9.5355899e-02   1.8591291e-01  -1.7253946e-01   2.7909930e-01  -1.7575709e-01   1.4001234e-02  -3.0761473e-02  -2.8475118e-01  -2.2554699e-01  -1.9220479e-01  -2.0306591e-01   5.2710987e-02   1.4946022e-01   1.2785901e-02   2.0188589e-01  -3.0629191e-01   9.2629582e-02   5.0599833e-02   2.7230827e-01   2.3321509e-01   5.5362749e-03   4.4490906e-01   3.4378005e-01  -2.1625324e-01   4.2188346e-01   2.9853023e-01  -2.5630745e-01  -6.7228397e-02   1.3857079e-01   8.2599501e-03  -3.6718998e-01  -3.6160502e-01  -4.4297887e-02   4.5709440e-01  -6.9670336e-02   3.4106366e-01   4.4898517e-02   4.6516281e-01
  -3.4427537e-01   2.7070082e-01   4.7909915e-01  -3.0858794e-01   0.0000000e+00   3.4906716e-01   6.4710544e-02  -3.1019035e-01  -3.4485077e-02   4.2802505e-01  -3.3700556e-01   3.0623101e-01   3.4899865e-01  -4.0141382e-01  -3.6239965e-01   2.1753621e-01   4.6092439e-01  -1.5574472e-01  -1.6627319e-03   7.5796563e-01  -2.3027867e-01  -1.5422483e-01  -4.0015890e-02  -4.7545241e-01   2.3168892e-04  -1.8573976e-01   6.0799821e-01  -4.2628908e-01   3.5629232e-02   2.1446687e-02  -2.2797407e-01  -3.0041731e-01   1.9631597e-01   3.9585426e-01  -3.4404062e-01   6.4085318e-01   1.4745599e-01   3.3499544e-01   1.6219107e-01   4.3963034e-01   1.0159035e-01  -6.3428359e-02  -9.4583309e-02  -3.6046606e-01   8.3448503e-03   1.7615447e-01   3.6800855e-02  -2.6929328e-02   1.9301000e-01   5.0042441e-01  -7.9022232e-02  -3.1571043e-01   4.0771045e-01  -4.7887386e-02  -1.9134749e-01  -4.0505052e-01  -1.2816341e-01  -3.2316240e-01  -3.4868701e-02  -3.5341540e-01   2.1597181e-01  -1.6191483e-03   1.8415667e-01  -1.7795143e-01  -3.9010335e-02   3.5095012e-01   1.9125970e-01   2.9001490e-01   9.2305943e-02   1.0954879e-01   5.8333220e-01  -6.2046515e-02   1.2855199e-01  -1.2702877e-01  -2.1478166e-01  -2.9862033e-01   1.4787344e-01  -1.3197643e-01   6.4930230e-01   1.6715768e-01  -4.7125856e-01   4.0038514e-02  -5.2747472e-02  -2.3516903e-01   1.0977253e-01  -4.0253059e-01   3.4816693e-02  -4.7395757e-01   2.3086066e-01  -4.3519350e-02   4.0337276e-01   2.2598229e-01   4.2562621e-01  -4.0271123e-01   1.2113056e-01   5.5490522e-01  -1.4218957e-02  -4.2400119e-01   3.9228499e-01   3.1326395e-01  -3.0873982e-01  -4.2455319e-01  -1.3028230e-01  -3.1299530e-01  -3.7974847e-01  -3.3570936e-01   2.2439347e-01  -2.2617322e-01  -1.4581418e-01   3.5812930e-01   8.7869060e-02  -3.7428493e-01  -1.9409834e-01  -9.8868900e-02  -4.3473516e-01   3.9958124e-01  -1.3118583e-01   1.5223269e-01  -3.0232416e-01  -3.6098101e-01   8.9684368e-02   3.4262878e-01   2.3217428e-01  -3.7889657e-01   8.9283366e-02  -3.2702247e-01  -3.5759585e-01  -2.0602757e-01  -3.7934630e-01   2.7231418e-01   1.8625030e-01   1.9438912e-01   2.1558064e-02   2.5049113e-01  -3.6030173e-01  -3.4260660e-01  -2.8525547e-01  -4.4905877e-01  -3.7557632e-01  -9.6320361e-02  -3.4960868e-01   3.1794156e-01  -5.4262878e-01  -8.0379617e-02  -4.8072026e-01  -1.6874506e-01   5.4615110e-02   3.5893429e-01   3.6119590e-01   3.2651166e-01  -4.3638839e-01  -4.7930789e-01   1.1853629e-01  -4.5085769e-01   2.5562939e-01  -1.3133687e-01   1.1857832e-01  -1.3789119e-01   9.2181557e-02  -3.6737005e-01  -6.5482188e-03  -4.8646787e-01   4.3216207e-01   2.9162601e-02  -3.6387651e-01   2.8133965e-01  -1.3926455e-01  -1.2269909e-01   6.5378048e-02   3.5487103e-01   3.8963290e-01   2.3360856e-01  -9.3158491e-02  -1.0856768e-01  -2.0547060e-01   1.1594406e-01  -3.0127293e-01
  -2.3140100e-01   4.3483497e-01   4.7951039e-01  -2.4630265e-01   3.4906716e-01   0.0000000e+00  -4.1615070e-02   1.2886963e-01   1.1159742e-01   1.9848523e-01  -2.0403145e-01   3.6015913e-01  -1.5453471e-01  -2.9186860e-01  -3.6121981e-01  -1.3813352e-01   6.4642487e-01  -1.5229559e-01   1.1227433e-01   4.5090291e-01  -3.0755027e-01   1.5354306e-01  -3.1474579e-01  -3.4221640e-01   6.3674228e-02  -5.8003921e-02   6.8290643e-01  -1.0257320e-01  -7.6318515e-02   2.1992527e-01  -1.4651593e-01  -2.1537285e-01   1.3769051e-01   1.3790688e-01  -2.4472906e-01   4.0322381e-01   3.5273345e-02   3.2531272e-01  -1.2465355e-01   4.6283633e-01  -3.2747314e-01   1.2340481e-01   3.1512299e-02  -4.9614341e-02  -2.4731815e-01   4.9705491e-01   2.7401271e-01  -1.5635924e-01  -1.0540668e-01   4.6428573e-01  -1.9148070e-01   7.3033955e-02   2.8655954e-01  -1.5239222e-01   6.6519650e-02  -2.7993339e-01   2.3454191e-01  -4.0933799e-02  -1.9927864e-01  -2.4242706e-02   3.7935631e-01  -1.9213504e-01   3.9030890e-01   1.4913658e-01  -2.6529445e-01   1.5572177e-01   6.1000704e-01   1.6350620e-01   2.6312386e-01   3.0406981e-01   3.4354771e-01  -1.3532715e-01  -2.3524434e-01  -7.9949047e-02  -3.2679735e-01  -9.1135595e-02   1.5937884e-01  -2.4902573e-02   4.5113900e-01  -1.1038735e-01  -3.1867571e-01  -2.7257539e-01  -5.8163062e-02   3.7290445e-02   1.4644101e-01  -2.2549236e-01   3.5876591e-03  -4.2100219e-01   4.6071715e-02   1.8928355e-01   1.4705998e-01   2.7094548e-01   3.1799713e-01  -3.1891394e-01   2.9976939e-01   3.7800094e-01  -9.1338991e-02   2.0389171e-02   5.0383585e-02  -1.4385588e-01  -4.0011294e-01  -2.7238212e-01  -2.4415809e-03   2.1809917e-02  -2.6318677e-01  -1.8345814e-01   1.1787723e-01   1.4738492e-01  -3.0002853e-01   4.4355416e-01   1.6076629e-01  -3.1710914e-01  -3.2603149e-02   3.6164411e-02  -3.7345368e-01   4.9343955e-01   2.7451543e-02  -1.7322016e-01  -9.2657078e-02  -1.8852035e-01   3.1574088e-01  -5.9672211e-03   2.5237754e-01  -3.8130378e-01   3.9712373e-01  -2.4045042e-01  -4.3697351e-01  -1.8723962e-01  -1.5459491e-01   3.7061159e-01  -1.7850001e-01   3.2668318e-02   4.7569456e-01   3.7890339e-01  -2.5147218e-02   6.0069850e-02  -3.6659852e-01  -2.3371338e-01  -1.5439168e-01  -6.2506709e-02  -2.3368048e-01  -8.0450098e-03  -2.4720354e-01   1.8638642e-01  -4.8738427e-01  -3.1756926e-01  -8.7113071e-02   2.4133002e-01   3.1383475e-01  -2.2789017e-01  -2.6006157e-01  -1.9179568e-01   4.0245980e-01  -2.7906754e-01   5.1913636e-01  -1.4307539e-01   3.6128153e-01  -3.5363238e-01   2.4574169e-01  -2.6926285e-01   4.3500627e-02  -1.3064300e-02   1.1522052e-01   1.9084675e-01  -1.4031307e-01   2.6792396e-01  -1.1611906e-01   7.8286999e-02   3.4660491e-01   4.6030153e-01   2.1210448e-01   3.4549146e-01  -1.2662195e-01   4.3332964e-01  -2.3167942e-02   6.6823598e-03   2.2678826e-03
  -2.7980202e-01  -2.1718889e-01   1.4244500e-01  -2.8662063e-01   6.4710544e-02  -4.1615070e-02   0.0000000e+00  -2.2823546e-01  -4.8478590e-01   4.1781774e-01  -5.7531918e-02   3.4694635e-01   2.0353111e-02   2.8127400e-02   5.4189025e-01   2.9894463e-01  -6.7449249e-02  -1.3117061e-01  -2.5195631e-01   2.3523560e-01   1.7321102e-01  -4.5562583e-01   5.3023385e-01  -4.2695775e-01   8.8334003e-02  -1.4888258e-01   1.0382305e-01   4.9668649e-02   1.9353583e-01  -2.4076621e-01   2.4151555e-01  -2.3514313e-01  -8.4651028e-02   5.0330816e-01   7.5790327e-02   1.5856137e-01  -1.3391525e-01  -3.9857363e-01  -6.5435944e-02   2.1495212e-01  -6.1244446e-02   9.1688680e-03  -3.6586440e-01  -9.6744324e-02   3.6857647e-01  -3.0670155e-01  -2.0835331e-01   4.4870200e-01  -7.4359014e-02  -3.9833141e-02  -1.5480929e-02  -4.0093830e-02   1.6048761e-01  -1.4366277e-01  -8.5293553e-05   1.5360320e-01  -1.4874084e-01  -2.5606680e-01  -1.9477441e-01  -2.4654718e-01  -1.3720639e-01  -5.9130113e-03  -2.4039843e-01  -1.1191977e-01  -1.7727786e-01   4.5523064e-01  -4.3016355e-02   7.5888980e-03  -1.9509337e-01   5.7963961e-01   1.6223057e-01   3.8431468e-03   2.7089726e-02  -3.5405227e-02  -2.5460034e-01  -1.3149817e-01  -1.3548465e-01  -2.6858031e-01   1.3527779e-01  -2.3199607e-01   3.8550152e-01   2.0122473e-02   5.0435633e-01   5.5331865e-02  -6.2523591e-02  -1.7259306e-01   1.9538401e-02   1.5589834e-02   3.5390420e-02  -3.1895151e-01  -1.0955686e-01  -2.7217441e-01   1.0981990e-01  -2.3605112e-01  -3.6148578e-01  -1.6168605e-01   4.8603188e-02  -7.7164831e-02   7.0802963e-02   3.2908743e-01   5.5798731e-01   3.4808008e-01   1.2906287e-01  -3.6814221e-01   7.1108228e-02  -1.4927228e-01  -3.7873364e-02  -7.6912605e-02   1.6174732e-01  -3.4460386e-01   5.9473645e-01   4.3997426e-01  -1.4884722e-01  -4.5092613e-01   5.2145030e-01  -4.0015710e-02  -1.9563613e-01  -4.2142209e-02  -7.6898397e-02   2.1755914e-03  -5.2405123e-01  -1.5614886e-01  -1.1792758e-01  -2.0181276e-02  -4.8708171e-01   1.0934789e-01   3.1146050e-02  -1.5629959e-01  -4.6286323e-01   3.8866223e-01  -8.8223266e-02   6.8764580e-01  -4.6144213e-01  -2.2368582e-01  -3.8609451e-01  -1.9928924e-01  -1.6251774e-01   2.5213606e-01  -8.4225436e-02  -3.8190946e-01  -1.3790835e-01  -1.3066881e-01   2.8056279e-02   3.7022077e-01   2.4735224e-01   6.5665858e-02   7.7769688e-01  -2.3851509e-01  -1.0825937e-01   2.4628773e-01   2.8288838e-01   1.0444810e-01  -4.2136056e-01   9.5729327e-02   9.3338981e-02  -2.8218663e-01  -4.7627517e-01   6.2862427e-02  -2.6062311e-01   5.1532042e-01  -2.7436825e-01  -2.4523817e-01   2.4459880e-01  -4.7970955e-01  -1.9001144e-01   1.0961245e-01   5.6483628e-02  -2.5409696e-01  -4.2763371e-01   2.5559363e-01  -1.0750122e-01  -3.8912450e-01  -2.7368944e-01  -3.0686724e-02  -2.2164788e-01   5.9759249e-02  -3.8413286e-01
   2.2297621e-01  -2.8872983e-02  -8.0029977e-02   2.3446230e-01  -3.1019035e-01   1.2886963e-01  -2.2823546e-01   0.0000000e+00   2.9119998e-01  -2.0545539e-01   4.7200573e-01  -1.0712704e-02  -5.2675400e-01   2.2870817e-02  -1.8201426e-02  -3.0824907e-01  -4.8226247e-02   6.9636976e-02   1.1316857e-01  -3.2167362e-01   1.0980210e-01   3.6797525e-01  -1.9254881e-01   9.6514777e-02   7.8125987e-02   6.1581207e-01  -5.4601497e-02   3.0740031e-01   8.2448630e-02   1.0027093e-01  -1.7095099e-01   4.3805365e-01   2.7591878e-02  -1.5884895e-01   3.1675068e-01  -2.9415660e-02  -5.7851840e-02  -1.9821176e-01  -3.8332614e-01  -1.9624202e-01  -3.3339997e-01  -1.5497758e-01   4.6770045e-01   5.4701389e-01  -1.8185796e-01   1.0941394e-01   2.9756519e-01  -1.4348566e-01  -2.7224318e-01  -2.1914547e-01  -2.3332093e-02   7.8411688e-01  -2.7279877e-01   6.4822205e-02   6.1553231e-02   3.1208214e-01   1.8188165e-01   4.8046838e-01  -9.3841543e-02   1.8893692e-01  -8.2393527e-02  -1.2071197e-01   1.8113889e-01   2.8422849e-01  -1.7000753e-01  -4.1855730e-01   2.3909649e-01  -6.5741177e-02   3.0271826e-01  -6.7351741e-04  -2.7440356e-01   1.0835880e-01  -1.6622266e-01   1.5863360e-01   2.7195204e-02   4.5500848e-01  -1.8668932e-01   1.6816844e-01  -1.0166659e-01  -3.0215084e-01   2.5859910e-01  -1.2326347e-02  -1.8322886e-01   4.9374279e-01  -2.7143000e-01   5.1685708e-01  -2.7419747e-01  -3.3664168e-02   1.0496637e-01  -1.3557772e-01   1.4443166e-02  -5.0411644e-02  -5.7994311e-02   3.9445770e-01  -4.8549504e-02  -2.6340022e-01  -6.8201560e-02   5.0608669e-01  -2.5698482e-01  -3.5045923e-01  -1.4319636e-01   3.0564181e-01  -1.4123006e-02   2.4242366e-01   2.1818066e-01   4.5367459e-01  -2.1911374e-01   6.4840813e-01   5.4015793e-03   2.1223088e-01  -4.6795029e-02   7.0210435e-02   7.7477038e-02   7.5432257e-02   5.3898238e-03   1.2386792e-01   2.8728434e-01  -2.9714329e-01   1.8965314e-01   1.1831279e-01   2.8470887e-02  -8.5681335e-02   4.9687305e-02  -4.6015662e-02   1.3965873e-01  -6.7052551e-02  -7.1855015e-02  -3.1898508e-02   4.5223892e-01  -1.9685596e-01  -2.6902277e-01  -9.4283540e-02   2.7166539e-01  -8.1105894e-03   5.5728804e-01   7.1358275e-01   6.1017956e-02   1.5080703e-01   5.5146954e-01   8.8326803e-02   1.1255228e-01  -3.0002782e-01   4.8729717e-01  -8.9404255e-02   2.9858967e-02   5.9703486e-02  -2.7234354e-01  -7.2235397e-02  -3.0760117e-02  -6.2920396e-01   5.3149254e-02   3.4164944e-01  -3.1961208e-03   1.6920002e-01  -9.3351832e-02  -1.0526433e-01   5.0606869e-02  -2.1092665e-01   7.7215795e-02   2.2582224e-01   1.8395790e-01   5.1235256e-01  -3.7859120e-01   1.6676257e-01   5.7942861e-01   3.4862892e-03   2.3099029e-01   1.2215505e-01  -1.1545796e-01  -5.6210981e-02  -5.3907355e-02  -1.4111789e-01   1.6943293e-01   2.4830779e-01  -4.1115042e-02  -1.8147757e-01   3.2510496e-01
   4.4204726e-02   2.5487051e-01  -1.1966796e-01   3.8509609e-01  -3.4485077e-02   1.1159742e-01  -4.8478590e-01   2.9119998e-01   0.0000000e+00  -3.6429778e-01  -1.4933407e-02  -6.9448016e-02  -1.6739579e-01  -1.0768749e-01  -2.5386561e-01  -3.0787291e-01   2.8095277e-02   1.3136276e-01   2.0285737e-01  -1.3196101e-01  -2.2242243e-01   2.6277533e-01  -4.1546222e-01   9.8652618e-02   7.6116104e-03   2.9173626e-01  -3.0581395e-02  -9.6766649e-03  -7.2085576e-02   2.1688033e-01  -9.1319109e-02   8.9902139e-02  -3.5682684e-02  -4.2635489e-01   1.6314258e-01  -4.8927709e-02   1.6063687e-01   4.6190100e-02  -1.5833951e-01  -1.8533741e-01  -2.2473979e-02  -1.5440010e-02   4.1169613e-01   6.1014371e-02  -9.5331386e-02   6.4159778e-02   1.1643397e-01  -2.7981315e-01   2.0711812e-02  -2.5836434e-02   9.1420323e-02   2.5273961e-01  -1.7446368e-02   1.2701241e-01   3.8881168e-03  -1.4887419e-01   1.6935296e-01   2.2451690e-01   1.4490360e-01   3.0094936e-01  -5.1805093e-02   1.1748693e-01   4.6050978e-01   1.2994612e-01   1.4512235e-01  -3.6311666e-01   7.3968532e-02   1.1331148e-01   1.3284611e-01  -3.8012206e-01  -5.6546444e-02   7.3189841e-02  -5.3253328e-02   3.8488032e-02   2.1756804e-01   2.8634970e-01  -5.1938133e-02   2.5165002e-01   2.5752957e-02   2.1157540e-01  -1.2127612e-01  -2.1275034e-02  -3.9229707e-01  -1.4204286e-01  -1.0801355e-01   1.6825835e-01   5.7527151e-03  -7.5366747e-02   1.4474039e-01   4.0900287e-02   2.7583033e-01   1.2410063e-01  -2.4500104e-02   3.4615406e-01   8.8799380e-02   1.2940266e-01   6.6278897e-02   3.3517391e-01   2.6503459e-02  -2.3539838e-01  -2.8891584e-01  -1.4296575e-01  -2.6011980e-01   3.8260000e-01   2.7166566e-02   1.4692614e-01   6.1671086e-02   2.6125164e-01   3.2799650e-02   2.8685056e-01  -3.6418438e-01  -1.7732629e-01   2.5848103e-01   9.7669732e-02  -2.8776213e-01   2.7567079e-01   3.4909791e-01  -3.2366803e-03  -6.1462568e-02   1.6899900e-01   1.3974881e-01   5.8657669e-02   4.0409529e-01   8.0415596e-02   1.2887329e-01  -1.5404339e-01  -3.8256406e-02   9.8378807e-02   3.8493411e-01  -2.8039557e-01  -2.3974976e-01  -2.7846102e-01   2.6268927e-01  -3.2341109e-03   3.8373334e-01   3.1458427e-01   8.1140428e-02  -1.8371716e-01   2.0556136e-01   1.6157126e-01   1.9295771e-02  -5.3407677e-02   2.0793410e-01  -2.5329756e-01  -6.7907991e-02   1.3523929e-02  -3.4727449e-01   2.0401628e-01  -1.8824933e-01  -2.4581989e-01  -1.7721343e-01  -8.6684097e-02   1.1945249e-01  -1.1713769e-01   6.9420047e-02  -1.9663753e-02   1.6861569e-01  -7.7787200e-02   1.3894198e-01  -3.0180173e-01   4.4451015e-01   2.3672379e-01  -1.9693234e-01   3.2081473e-01   1.7294066e-01   4.9983693e-02   6.9913682e-02   6.1635123e-02   1.1156279e-01   5.1361068e-02   9.4943170e-02   4.9083055e-02   1.6416458e-01   9.2887421e-02   2.3082159e-01  -1.5413785e-01   3.3172630e-01
  -4.1468743e-01   9.7681757e-02   2.9345516e-01  -1.8344890e-01   4.2802505e-01   1.9848523e-01   4.1781774e-01  -2.0545539e-01  -3.6429778e-01   0.0000000e+00  -7.5391845e-02   3.6112430e-01   2.2188828e-01  -1.5265862e-01  -1.2273115e-01   1.5763862e-01   2.4578107e-01   4.8354974e-02  -1.7456006e-01   3.6303552e-01   1.0643126e-01  -1.7145873e-01   3.4500679e-01  -4.4006353e-01  -1.3301583e-02  -1.4878905e-01   4.0509775e-01  -2.7479642e-01   1.0984163e-01  -8.3774627e-02  -1.9011529e-01  -1.5914717e-01   1.1617004e-01   4.8604874e-01  -6.8952085e-02   3.6346217e-01   1.2101895e-01  -1.6476649e-02  -7.5462176e-02   4.0900892e-01   7.3418863e-02  -6.6884157e-02  -1.5702488e-01  -1.2918917e-01   2.0143198e-01   1.8070160e-02  -2.7078053e-02   1.2380433e-01   1.6627603e-01   2.8344408e-01  -1.9507737e-02  -1.9350753e-01   1.2074292e-01  -4.6615885e-02  -1.0676180e-01  -1.5000506e-01  -1.7548941e-01  -1.4089724e-01  -6.5991153e-02  -2.1383027e-01   2.9344990e-03  -8.0962796e-02   3.6656075e-02  -2.1797974e-01  -2.3635058e-01   5.2659162e-01   3.2564309e-01   2.6001778e-02  -1.0786215e-01   4.4919428e-01   3.3692278e-01   1.8010760e-01   6.5882971e-02  -4.9695053e-02  -1.1889745e-01  -1.9481828e-01  -4.0998303e-02  -1.4193532e-01   2.6651707e-01  -1.1440951e-01  -1.9019805e-01   3.8823105e-02   2.6068949e-01  -4.7325774e-02  -2.2460036e-02  -3.2569032e-01  -9.5654609e-02  -2.2983259e-01   1.2308041e-01  -2.1227608e-01   1.9555369e-01  -1.3038060e-03   2.6965411e-01  -3.0478819e-01  -1.4297520e-01   3.0474071e-01   1.1213526e-01  -2.5474533e-01   1.5366053e-01   4.3111380e-01  -5.6089644e-02  -8.5903704e-02  -6.0377532e-03  -3.1969332e-01  -1.1182809e-01   5.4850597e-03   1.1736767e-01  -1.4906108e-01  -2.8825639e-02   1.7393293e-01   3.0341334e-01  -4.1827286e-03   6.7331020e-03  -2.1495500e-01  -1.7228901e-01   3.8926529e-02  -1.4643604e-01   1.2918340e-01   1.4791176e-02  -6.7152270e-02  -2.4376521e-01  -2.7877967e-02   4.6291084e-02  -2.2754389e-01  -1.8876963e-01   4.1753626e-02  -1.3615378e-01  -1.4155123e-01  -2.6251857e-01   4.1816605e-01   9.7642666e-03   2.3086512e-01  -1.3802400e-01   1.3633489e-01  -2.1413339e-01  -2.0934079e-01  -2.4171353e-01  -1.6105912e-01  -2.8388762e-01  -4.1800847e-01  -3.7104824e-01   2.4267112e-01  -2.3106221e-01   2.3838148e-01  -2.4977948e-01  -1.1708503e-01   3.3076661e-01   9.1138110e-03   3.9274982e-01   1.9301277e-01  -1.5133186e-01  -2.0735121e-01  -1.8401535e-01  -1.5166603e-01   2.1523554e-01  -1.6314035e-01  -1.3354462e-01   1.0815990e-03  -6.5484701e-02  -1.0614250e-01  -6.4577419e-02  -2.3014122e-01   5.9306601e-01  -1.2441010e-01  -3.0041514e-01   1.9212000e-02  -4.5212986e-03  -7.1697642e-03  -1.7055493e-01   4.1638193e-02  -3.7546282e-02  -2.3374473e-02   1.1711851e-01  -1.6546739e-02  -2.2703508e-01   2.9010070e-02  -2.7244410e-01
   1.3647834e-01  -9.5601903e-02  -1.4523415e-01   3.3702509e-01  -3.3700556e-01  -2.0403145e-01  -5.7531918e-02   4.7200573e-01  -1.4933407e-02  -7.5391845e-02   0.0000000e+00  -1.7059705e-01  -1.3870868e-01   1.9134436e-01   3.0512449e-01  -9.3988611e-02  -2.7552344e-01   3.6384404e-01   4.6509877e-02  -3.5020951e-01   3.4005089e-01   3.8465994e-01   1.6555822e-01   1.6386242e-01  -1.0488507e-02   2.5298924e-01  -2.8316059e-01   2.7992283e-01   9.5115913e-02   1.8714439e-01  -1.0540901e-03   3.9433214e-01   2.2792224e-03   4.6042372e-02   4.1052072e-01  -2.4417107e-02  -1.9037032e-01  -3.2954545e-01  -2.1557007e-01  -4.1022257e-01   3.6670581e-02  -9.6067643e-03   2.7312400e-01   5.4250267e-01   1.0905401e-03  -9.0986368e-02   4.8694996e-01   8.6263128e-02  -2.5957577e-02  -3.2233614e-01   1.8583433e-01   4.5190858e-01  -5.9169122e-01  -7.8920887e-02  -6.7857900e-02   4.6682614e-01   4.8023422e-02   4.7206975e-01   2.1318986e-01   4.2091688e-01  -1.2101229e-01   3.0188099e-02  -2.9868849e-02   2.5067340e-01   1.6278384e-02  -3.6010150e-01  -2.2364142e-03  -1.3271796e-01   3.7414925e-01   6.4307158e-02  -5.5595512e-01   3.3319920e-01   6.8247556e-02   1.1965840e-01   7.0506330e-02   2.4360552e-01  -1.6982059e-01   1.0504524e-01  -1.8105802e-01  -1.9411516e-01   3.8240174e-01   2.6390745e-01   3.5775962e-02   2.9949909e-01  -2.3118106e-01   4.6275591e-01  -3.4850048e-01   1.1108292e-01   1.0652432e-01  -2.6673038e-01  -1.7960153e-01  -1.1489096e-01  -1.3674945e-01   4.8735167e-01  -1.6497796e-01  -3.4785730e-01   3.9651260e-02   2.9833599e-01  -1.2281211e-01  -2.9366444e-01   4.0021460e-02   4.9669463e-01  -1.3457915e-02   3.1560471e-01   5.5504789e-01   4.1814298e-01  -1.5912368e-01   4.3369202e-01  -7.7929416e-02  -1.2441385e-02   8.4257264e-02   4.1549262e-01   1.7031142e-01  -1.9718251e-02   3.0638658e-01  -2.2558366e-01   2.4014660e-01   7.7368013e-02   3.4774941e-01   3.1044184e-01  -2.3665970e-01  -1.7777701e-01  -1.2532074e-01   1.3211975e-01  -9.6933701e-02   1.7905919e-01   2.3769172e-01   1.0142171e-01   4.0924936e-01  -2.9436665e-01  -5.2641327e-02   2.5746412e-02   2.2495286e-02  -1.8148083e-01   4.2543475e-01   4.4708378e-01   1.1954390e-01   1.9769717e-01   3.8384342e-01   3.5273371e-02   1.1057529e-01  -3.4882656e-01   6.1431980e-01   1.2737164e-01   3.3389131e-01   1.7115769e-01  -1.0376995e-01  -4.5784858e-02   1.7998040e-01  -4.3975620e-01   2.8105620e-01   4.6529207e-01  -2.1356654e-01   5.0451568e-01  -2.4178340e-01   3.1842841e-03  -2.5528396e-01   3.3663735e-01   5.3744745e-02   3.4564549e-01   1.3164710e-01   5.8178680e-01  -3.7528551e-01   1.4985793e-01   4.2364396e-01  -1.1390452e-01   2.3886757e-01   1.8177675e-01  -2.3409148e-01  -2.3935648e-01  -2.2169507e-01  -2.8326348e-01   3.8615409e-01   7.4127906e-02  -4.1965207e-03  -1.1970521e-01   3.8767787e-01
  -3.1028434e-01   3.6271700e-01   5.0874807e-01  -3.3539398e-01   3.0623101e-01   3.6015913e-01   3.4694635e-01  -1.0712704e-02  -6.9448016e-02   3.6112430e-01  -1.7059705e-01   0.0000000e+00  -1.5402295e-01  -3.6430291e-01   3.5342371e-02  -9.2269479e-03   3.2734529e-01  -2.2674004e-01  -7.5927562e-02   4.0479854e-01  -2.5081522e-01  -4.1758607e-02   5.0685607e-02  -3.9314384e-01  -1.8678782e-01   2.6621129e-02   5.7771404e-01  -3.1334399e-01  -1.1019683e-01   1.7841455e-01   4.1087013e-02  -1.6218166e-01  -3.4793258e-02   3.1721212e-01   2.0068713e-01   4.2358264e-01   5.0374344e-02   7.0522632e-02  -1.7204331e-01   5.3281034e-01  -2.9863958e-01  -2.3295276e-02   8.8679652e-02  -2.8444814e-01   2.8095738e-03   2.5265932e-01   2.0013663e-02   1.2397706e-01  -3.3375457e-01   4.0218878e-01  -7.3409058e-02   9.1731917e-02   3.2015955e-01  -2.6923193e-01  -2.8356627e-01  -2.7559210e-01  -2.0299692e-03  -6.2439611e-02  -2.1210300e-01  -1.0109545e-01   1.0795932e-01  -2.0061605e-01   1.5997607e-01   2.0615628e-01  -2.0046967e-01   3.7685011e-01   2.3458900e-01   9.4896602e-02  -3.3531318e-02   5.0867296e-01   5.4358252e-01  -9.5883697e-02  -1.8640898e-01   3.6093419e-01  -3.0169241e-01   4.4175324e-02   9.1139938e-02   2.6496473e-02   5.4630098e-01  -3.1103419e-01  -2.1165444e-01  -1.3332733e-01   1.0774706e-01   8.5328860e-02   8.1609220e-02  -1.1761083e-01   1.4263622e-01  -4.0675657e-01  -2.5779754e-02  -1.1749705e-01   2.0117327e-01  -5.2644858e-02   4.1266390e-01  -2.0086363e-01   1.1428087e-01   3.1402644e-01  -1.5835049e-01   6.7699755e-04   4.8181865e-02   2.1615170e-01   4.3427432e-02   7.6479978e-03   5.6660035e-03   3.8818691e-02  -7.3432282e-02  -1.6770735e-01  -6.3655387e-02  -1.6404581e-02  -2.8529304e-01   2.8209457e-01   4.0895822e-01  -4.0314387e-02  -1.2210337e-01  -1.8162827e-01  -1.3225249e-01   5.1001346e-01   2.4838645e-02  -2.3395945e-01  -2.5627836e-01  -2.1469806e-01  -1.9470113e-01   1.6463235e-01   3.4770900e-01  -2.3159757e-01   1.3910721e-01   3.8525973e-02  -3.2970061e-01  -3.5911230e-01  -1.7495693e-01   4.8451555e-01   7.8350965e-03   4.1607035e-01   2.6926096e-01   1.0792262e-01  -1.1604184e-01   1.2163831e-01  -3.7074939e-01  -2.9809096e-01  -3.4830115e-02  -1.9571813e-01  -2.1829971e-01  -5.8192303e-02  -1.5193429e-01  -1.1166553e-02  -8.7868109e-02   2.6803817e-03   4.3408295e-01   3.1806929e-01   2.0941911e-01  -2.3725883e-02  -2.4071911e-01  -1.9920825e-01  -1.2239151e-01  -7.4261936e-02   5.2004881e-01  -3.0432481e-02   6.9778856e-02  -2.6402322e-01  -1.1616027e-01  -7.2078527e-02   7.5962353e-02   2.1134791e-02   3.5240924e-02  -4.3454621e-02  -1.3701766e-01   5.7833847e-01   7.8207281e-02  -7.2094438e-02  -1.2750869e-01   3.3197342e-01   4.2391222e-01   3.3600774e-02  -1.4343760e-01   3.0897438e-02  -2.5774864e-01  -6.7893237e-02  -8.6576450e-02
  -1.5307791e-01  -7.5469638e-02  -7.5579807e-02  -7.0077531e-02   3.4899865e-01  -1.5453471e-01   2.0353111e-02  -5.2675400e-01  -1.6739579e-01   2.2188828e-01  -1.3870868e-01  -1.5402295e-01   0.0000000e+00  -2.3529598e-02  -1.2906917e-01   4.0377540e-01  -1.1980246e-01   2.9029227e-01  -4.3882164e-02   2.6298071e-01  -4.4819452e-03  -1.1329380e-01   1.5289038e-01  -1.2755102e-01  -7.3277870e-02  -3.3341623e-01   1.9353495e-02  -2.2608344e-01  -5.1395413e-03  -1.5221539e-01  -6.5355842e-02  -1.6326896e-01   1.8112641e-01   6.0962596e-02  -3.4126506e-01   2.6403648e-01   7.6334877e-03   1.1575962e-02   3.3723925e-01   6.8010709e-02   6.4292729e-01   1.0733071e-02  -2.1889115e-01  -3.4052822e-01   2.5269318e-01  -1.5890843e-01   6.4051840e-02  -2.0296133e-02   4.6818169e-01   5.6575090e-02   3.3261204e-01  -4.6898768e-01  -6.4185767e-02   3.4258606e-02  -8.9541911e-02  -2.1040049e-01  -2.3441474e-02  -1.7840919e-01   2.7226327e-01  -8.2569133e-02   8.6276157e-03   2.7245683e-01  -1.5584053e-01  -1.9472184e-01   1.3813224e-01   1.7479346e-01  -2.2586773e-01   5.9481510e-02  -9.1130653e-02  -2.3583894e-01  -4.3724284e-03   8.1445478e-02   4.3074185e-01  -4.5485799e-02   1.7582547e-01  -3.5880655e-01   8.3898609e-02  -1.3333057e-01   1.3463472e-01   4.3629505e-01  -2.0090556e-01   2.7636555e-01   1.6756050e-02  -2.5550153e-01  -1.0671136e-01  -2.7838996e-01   6.5723427e-02  -4.3084264e-02   2.1288435e-02  -9.9823997e-02   6.1000353e-03  -1.1152506e-01   1.0880036e-01  -2.2000198e-01  -4.2353490e-02   2.2775824e-01   2.3100674e-01  -4.3889899e-01   3.6558190e-01   3.0146199e-01  -1.6303384e-01  -3.1737521e-01   1.0651747e-01  -5.7311760e-02  -2.8574094e-02  -2.9540176e-01   4.3009325e-02  -4.5859172e-01   1.1925756e-02  -2.9108366e-02  -1.3249848e-01  -4.1691756e-02   2.3745595e-02  -1.2069512e-01  -1.0149239e-01  -1.8367674e-01  -9.0560388e-02   6.8707177e-01  -3.0410406e-01  -5.8006809e-02  -7.5277389e-02   1.8643971e-01  -1.5452012e-01  -2.2959880e-02  -1.6291797e-01  -2.6089701e-02   2.4432501e-01   2.0771900e-01  -2.1618529e-01  -1.5924180e-01   4.2828913e-01  -1.4625443e-02  -2.0864466e-01  -3.7880680e-02  -2.9454612e-01  -4.5355111e-01   1.4068783e-01  -3.1952684e-01  -4.1045933e-01  -2.0564596e-01  -2.3790366e-01   4.4135463e-01  -3.2552922e-01  -2.8618702e-02  -9.0265754e-02  -1.6061155e-01   3.9415384e-02   9.3517525e-03   2.3009439e-01   3.9293606e-01  -1.8512506e-01  -3.8176223e-01  -1.2150814e-01  -2.2627574e-01  -1.0775176e-01  -3.2219455e-02  -1.0650316e-01   4.2755756e-01  -8.3931013e-02  -2.4053540e-01  -3.7874260e-02  -3.1142475e-01   3.2011658e-01  -3.4396523e-03  -4.1831221e-01  -1.6884896e-01  -1.8238673e-01  -1.9451036e-02  -7.6438392e-02  -1.0596545e-01   7.4468449e-02   8.7181304e-02   4.7956037e-02  -2.8092119e-01   1.7318101e-01   3.5802255e-01  -1.8273942e-01
   4.1996426e-01  -4.2138666e-01  -2.6655398e-01   2.7653215e-01  -4.0141382e-01  -2.9186860e-01   2.8127400e-02   2.2870817e-02  -1.0768749e-01  -1.5265862e-01   1.9134436e-01  -3.6430291e-01  -2.3529598e-02   0.0000000e+00   2.8863941e-01   1.9977973e-01  -2.1790955e-01   8.4073621e-02  -3.5732110e-02  -3.7520817e-01   3.4278601e-01  -2.0281055e-02   1.6254105e-01   2.7641997e-01   2.3045409e-01  -5.2603230e-03  -4.3310285e-01   2.1580691e-01   2.4550971e-01  -1.2059536e-01   1.3585531e-01   3.2519159e-01   1.1329089e-01   5.3137896e-03   1.1917537e-01  -3.3035951e-01  -1.2390401e-01  -3.5892272e-01   2.1627934e-02  -3.7056575e-01   1.0800684e-01   1.7032239e-01  -1.9170858e-01   3.3533071e-01   1.3338039e-01  -2.1923127e-01  -1.8444300e-01   4.4893690e-02   1.3295914e-01  -4.2408783e-01   1.0565989e-01   6.3588734e-02  -2.0499803e-01   2.0256595e-01   3.5207977e-01   4.2597032e-01  -4.1938586e-02   2.6083015e-01   9.2111433e-03   1.9562758e-01  -1.2767867e-02  -4.4556541e-02  -1.1184669e-01   3.0729652e-02   1.2663117e-01  -2.2218359e-01  -8.7226698e-02  -3.8787232e-02   5.2487279e-02  -1.2267566e-01  -4.1866227e-01   2.4948268e-01   2.5627531e-01   4.9944144e-02   2.7882524e-01   2.7905763e-01   1.7582738e-02  -1.6430427e-01  -3.6464860e-01  -6.4701592e-02   3.6358508e-01   2.8373580e-01   1.8538084e-01  -3.9635852e-02  -8.9797446e-02   2.8042579e-01  -1.7834874e-01   5.4693540e-01  -2.8994686e-02   9.4973193e-02  -8.4314499e-02  -9.9958673e-02  -4.0745817e-01   2.2441853e-01  -2.4829077e-01  -4.6099878e-01   1.8654577e-01   1.1004084e-01  -1.4813763e-01  -3.8222106e-02   2.8483841e-01   2.3042508e-01   2.8753743e-01  -2.6506984e-02   3.0209034e-01   4.2233591e-01   7.3556215e-02   1.2943235e-01   1.7452078e-01  -3.4804367e-01   6.4233842e-02   2.4155408e-01   2.6440318e-01  -2.8707663e-02   3.2047052e-01  -3.8858288e-01  -2.7505220e-02   1.6329392e-01   4.0148569e-01   3.8600697e-01  -6.5545312e-02  -2.8150048e-01  -2.3465560e-01   2.0414150e-01  -2.8887054e-01   5.6731342e-01   3.1565203e-01   8.7170737e-02   1.6643452e-01  -1.5038809e-01  -1.7714411e-02  -3.6337348e-02  -6.6768655e-02  -1.3849623e-01   1.3404626e-01   1.3022949e-01   3.1057833e-01   4.3285847e-01   1.4783505e-01   1.4546005e-01   4.2564406e-01   1.1070079e-02   1.9345623e-01   4.7771578e-02   2.3449414e-01   7.4325174e-02  -3.1073451e-02  -3.4156588e-01  -3.6789458e-01  -1.7741695e-02   4.4160930e-01   3.5419763e-01   4.2916361e-03   2.6684470e-01  -3.9834289e-01   5.1931570e-02  -1.4943637e-01   1.8609657e-01   2.7045441e-02   3.6082126e-01  -1.7421360e-02   1.1703260e-01  -1.0419512e-01  -8.6083447e-02   3.3479393e-01  -3.9511445e-01  -2.4517602e-02  -5.6929061e-02  -4.7540368e-02  -1.4635060e-01  -5.9842791e-01  -2.6245550e-01  -2.1415550e-02   5.8067159e-03   1.2583784e-01  -1.3523980e-01   2.3316668e-01
