   0.0000000e+00  -1.8306524e-01  -1.1134948e-01   1.4849065e-01   5.2941688e-02   5.3603574e-02  -3.3483033e-01  -1.9141068e-01  -8.5376180e-02  -1.6555302e-02  -2.1197311e-01  -1.9751945e-01   2.8718573e-02   3.2178409e-01  -1.3844430e-02  -1.6018409e-01  -4.6270823e-02  -1.5361719e-01  -4.0697092e-02  -3.2748655e-02   1.4380961e-01   2.5986515e-01  -1.7898579e-01   5.2348450e-01  -1.1614011e-02  -1.0951654e-01   6.5812177e-03   2.0838641e-01   1.0304072e-01   5.5164608e-02  -1.3288435e-01   2.5797454e-01   7.9313639e-02  -1.4379511e-01  -1.4197573e-01  -6.8865001e-02   2.3056054e-01   4.4754419e-01  -8.4839204e-02  -1.8535281e-01  -4.5661807e-02  -1.2028945e-01   4.3835877e-03  -2.2672132e-01  -9.0168912e-02   3.6319194e-01   2.1414024e-01   1.7517855e-02   1.6050419e-01   1.3557680e-02  -6.6213700e-02   4.3962574e-02  -8.3176811e-02   8.6715151e-02   2.0175331e-01  -1.4980892e-01  -1.4384005e-01   1.1656799e-01   1.0136648e-01   3.4170842e-03   2.1174163e-01  -3.5169076e-02   8.8370022e-02  -1.8024209e-01  -1.1948964e-02  -1.8758126e-01  -4.8608051e-02  -2.2191754e-03   2.7275197e-01  -2.7940966e-02  -9.7674222e-02   1.3478938e-01  -2.1263531e-02   3.1161618e-01   1.7749405e-02  -8.6061174e-03   4.4527918e-01  -1.3803410e-02  -1.1802534e-01   5.7434986e-02  -1.0044444e-01  -1.1156252e-01  -1.9987403e-01   6.4882702e-02   3.0651685e-01   9.8006459e-02   3.3931633e-02   2.4861181e-01  -5.3381662e-02   4.7987796e-01  -3.6990059e-02  -1.6076343e-02  -2.1279884e-01   2.7692093e-02   3.1607951e-01  -1.1752292e-01   1.2491379e-01   2.1728527e-01  -1.2088040e-01   2.3585305e-02  -1.2487423e-01  -1.8445868e-01   4.1626116e-01   1.5266857e-02   6.1181386e-02   1.1169181e-01  -1.5494138e-02   3.7245577e-01   6.6337167e-02  -4.6670986e-02  -2.3315038e-01   3.4261023e-01   6.8648414e-02   5.1840595e-01  -1.8187656e-01  -5.3263820e-02   2.6695662e-01  -1.6760160e-01   1.8357404e-01   1.7484987e-01   3.7730486e-01  -2.6104706e-02  -2.1056688e-02   1.2976641e-02   4.1305261e-01   4.6646573e-02  -1.0694136e-01   9.6341286e-03   1.7743567e-01  -6.2924491e-02  -1.4155120e-01  -1.2679693e-01   4.2263671e-01  -1.0578621e-01   1.4120313e-01   3.8597241e-02  -1.6715007e-01  -3.0644219e-02   1.0120799e-02   3.6882238e-01   4.1931510e-01  -7.2350525e-02  -8.4599397e-02  -3.7257676e-01  -3.6595322e-02   1.5725302e-01  -4.0053708e-01  -1.3632098e-01  -7.3140049e-02  -1.7359040e-02   1.7570689e-01  -7.2395033e-02   2.6336719e-01  -1.9160677e-01  -1.5617353e-01   4.4422845e-01   3.5040825e-01  -7.4123709e-04   8.2488133e-02   8.4656098e-02  -7.7710213e-02  -1.5322960e-02  -9.6386119e-02   8.1523747e-02   1.5936645e-01  -1.8745813e-01  -6.1289495e-02   1.6899443e-01   4.2706138e-01  -2.6255700e-01  -7.3122954e-02   3.8153984e-02  -3.8668044e-02  -9.3719894e-02  -1.7765552e-01  -1.4020515e-01   3.4132869e-01
  -1.8306524e-01   0.0000000e+00  -3.7506186e-02  -3.1595732e-01   1.1970938e-02  -4.1677306e-01   2.2208639e-01  -1.9266083e-02   2.9731697e-01  -7.7741583e-02  -1.6340099e-01   3.1960361e-01  -1.0830946e-01  -4.3648629e-01   1.3117888e-01  -2.9978233e-01   2.8026696e-01  -3.4729344e-01   5.9295662e-02  -9.4999145e-02  -4.2710526e-01  -2.6417385e-01  -3.9717572e-01  -2.0575043e-01  -2.8293212e-01  -9.5777330e-02  -3.4931353e-01  -2.7040781e-01   1.0038861e-01   1.6271349e-01   6.5206313e-01  -8.2939672e-02  -1.1231566e-01   1.8877516e-02   3.3453069e-01  -1.7040590e-01   4.3773864e-02  -4.0380857e-02  -2.5538597e-01  -4.3847188e-02   7.3301469e-02  -2.0644319e-01  -2.4233743e-01  -1.8311439e-01   1.3461831e-01  -4.2241459e-02  -2.8205672e-01   3.6924071e-01  -2.7375014e-01   2.3199908e-01  -2.6704013e-01  -1.5361836e-01   4.8762906e-01  -3.2045320e-01  -2.2322421e-01  -2.9538932e-01  -1.6469500e-01  -2.6021842e-01  -3.0630343e-01   1.3051934e-01  -4.0173488e-01  -1.1798963e-01  -1.9359661e-01   6.5984278e-01   1.4219724e-01   1.1409428e-01  -4.2341551e-01  -2.1545757e-01  -3.6698932e-01  -2.1928227e-01   5.7743398e-01  -1.3683049e-01   1.2238130e-01  -2.7545743e-02  -3.6844340e-02  -3.9551780e-02  -4.8750734e-01  -1.0406053e-01   2.8698863e-01  -2.9006535e-01  -3.6078979e-01   2.8136149e-01  -4.7017744e-02  -2.3043896e-01  -2.3318685e-01   2.4230347e-02   3.0898533e-01  -1.1189776e-01   1.9888785e-01  -1.0860700e-01   4.9219146e-01  -5.7070857e-01   4.6644416e-02   1.2749427e-01  -3.1335477e-01  -1.7817640e-01  -1.7635747e-01  -7.3161972e-02   2.2031588e-01  -3.8004566e-01  -9.3432088e-02   2.3842288e-01  -2.3359600e-01   3.7988707e-01  -3.1345293e-01  -2.5179454e-01  -3.4339284e-01  -3.6928378e-01  -1.7047081e-01  -2.8234878e-01   3.7420415e-02  -2.1540772e-01  -1.7717626e-01  -2.4296655e-01  -2.8207154e-01   6.7516585e-01  -6.7846338e-02   1.8893574e-01  -1.3219811e-01  -3.8761353e-01  -4.0082257e-01   1.0652412e-01   4.1986427e-01   2.7833588e-01  -1.0056736e-01  -2.3672859e-01   6.9725711e-03  -1.7178632e-01  -3.4150879e-01   1.2199891e-01   9.5538806e-02  -5.7022387e-02   9.1854637e-03  -1.1314677e-01  -2.9396875e-01  -4.6858235e-03  -1.8630271e-01   1.8164324e-01   2.2648494e-02  -3.4404295e-01  -2.1507813e-01  -6.1984802e-02  -1.0856442e-01  -9.0308216e-02   7.7505192e-02   7.8846534e-02   2.0534493e-01   2.5112199e-01  -8.9451399e-02   3.9814881e-02  -2.9992378e-01  -3.6869173e-01  -3.7595295e-01   2.5660422e-02   6.5325313e-01  -3.8822780e-02  -3.0280483e-01  -7.6413941e-02  -2.8815127e-01  -1.2360935e-01  -1.3257124e-01  -1.5613091e-01   1.0841072e-01  -8.9899243e-02  -3.1280953e-01   5.1490624e-01  -3.2310399e-02  -1.0524906e-01  -3.2397324e-01   2.3158137e-01   5.1748065e-01  -3.9934744e-01   3.4286677e-02   6.9183262e-02   6.0539429e-02   2.3749276e-01  -4.1941067e-01
  -1.1134948e-01  -3.7506186e-02   0.0000000e+00  -1.1490219e-01   3.1404841e-01   4.3029910e-01   8.4580529e-03   3.7064763e-02  -6.0504720e-03   1.2039173e-01   3.2133738e-02   3.2424050e-01   3.2348795e-01   7.5983273e-02  -1.7793277e-01   1.2159152e-01   7.5454776e-01   3.3666270e-02  -1.1387024e-01   1.8681572e-01  -1.6659620e-01  -1.2798610e-02  -3.5322456e-02  -1.4323352e-01  -7.1248003e-02   5.2125782e-02   5.5381152e-02   3.8701205e-02  -6.2644588e-02  -6.3803653e-02  -1.6807820e-01  -6.9795802e-02   6.8237909e-02  -2.6611429e-02  -1.4647636e-03   3.1004211e-01  -2.3106774e-02  -7.4762433e-02  -2.5003945e-02   2.7101155e-01   1.3489219e-01   5.9063626e-02   1.7769591e-01   7.4455804e-02   8.6450315e-02   1.2012978e-01   1.1677921e-01  -1.6039229e-01  -4.3141125e-02   6.3790976e-01  -1.3360015e-01  -8.9927369e-02  -2.8090245e-01   7.0652819e-02  -2.5460365e-01   1.7221102e-02  -1.0723068e-01  -1.4712403e-01   8.0300277e-02   4.7206522e-02   2.2539564e-01   2.6622846e-01   9.6385019e-02  -1.8909898e-01  -3.4686268e-01   1.3787566e-01   3.0301780e-01  -5.7716165e-02  -4.0476691e-03   4.8992954e-01  -1.6889516e-01   5.0557200e-02  -5.5278918e-02  -1.7544165e-01   8.2436981e-02  -8.7182653e-02   8.0582719e-02   3.5178710e-01   1.4849615e-01   1.0238722e-01   1.5085940e-01   1.0047050e-01   1.5246767e-01   9.3483641e-02   3.8890745e-02  -1.2926293e-01  -2.3361549e-01   9.1047143e-02  -2.0408473e-02  -2.7637427e-01   1.7702898e-01   2.7297753e-01   2.5226611e-01  -7.1882704e-02   4.6630652e-02   1.4121882e-01   1.8025218e-01  -1.1930951e-01   2.1092533e-01  -8.6814825e-02   5.4949511e-02   3.2266096e-01  -1.9622984e-02  -2.7381186e-01  -1.9460029e-01  -6.1595974e-02   2.3115456e-01  -2.4324103e-02   2.9136887e-02   3.0850335e-01  -1.5923597e-01   1.3272765e-01  -8.9193957e-02  -9.9207463e-02   4.3122210e-01  -1.1570783e-02   7.4168885e-02  -3.1155417e-03   2.3002756e-01  -3.7871362e-02  -2.8638384e-01   1.1745792e-01   6.7277526e-03  -3.9084096e-01  -2.3469914e-02   2.3511076e-01   1.4509619e-01   4.7928583e-02  -9.0615237e-02   3.7068076e-01   1.7769941e-01  -2.8700312e-01   1.2345817e-01  -5.3252664e-02  -1.2962702e-02  -1.3198066e-01   1.2096915e-01  -2.2860056e-01  -2.6747353e-02  -5.9990769e-02  -2.4311391e-01   7.7825246e-02   4.0304550e-02   5.2049560e-01   8.2440523e-02  -3.0032165e-01   2.2667233e-01   1.6092218e-01   2.6841400e-01  -3.1791657e-01   2.4424676e-01  -7.7922436e-02  -2.7921159e-03  -4.0724977e-02   3.1649507e-01  -1.3136059e-01  -7.0459115e-02  -7.5272089e-02   3.9920300e-01  -3.7301158e-02  -1.4774385e-02  -1.6013416e-01   2.6945196e-01  -3.5838447e-01  -5.7499936e-02  -9.6204985e-02  -2.4313930e-02  -1.0073801e-01  -1.7813619e-01   2.0483147e-02   6.7882432e-02  -2.2479747e-01  -8.9256398e-02   4.2422517e-01  -1.7037768e-01   3.7484741e-02   2.2447654e-02
   1.4849065e-01  -3.1595732e-01  -1.1490219e-01   0.0000000e+00   1.2377893e-01   6.1489618e-02  -7.7162373e-02  -4.0685587e-02  -8.8123100e-02   6.2944000e-02  -3.2517614e-02  -1.1606599e-01   1.7152541e-02   2.5338894e-01  -4.7846067e-03   3.5830117e-01  -2.7623552e-01   2.3758322e-01  -9.3849008e-02   3.8690542e-01   3.4208612e-01   5.1094323e-01   1.7057425e-01   9.4470774e-02   6.5756081e-01  -6.5374694e-02   3.8164632e-01   1.7730885e-02   1.3121635e-01  -9.3631206e-02  -2.6359452e-01   4.8960052e-01   4.5056864e-01  -1.4020489e-01  -1.4926230e-01   1.7111651e-01  -8.6915896e-02   1.0302386e-01   4.9344437e-01  -8.7976845e-02  -9.9753038e-02   3.1170091e-01   3.3632111e-01   7.3368046e-02  -2.3878125e-03  -1.8524361e-01   2.8135484e-01  -1.2673021e-01   5.1052522e-01  -3.6156796e-01   4.7935089e-01   1.1491827e-01  -1.3478278e-01   4.5686105e-01   3.2774748e-01   7.0238898e-02   2.1630638e-01   6.9056224e-01   3.2323385e-01   1.6242185e-01   3.0847554e-01   2.8015724e-01   4.1503193e-01  -2.9269237e-01   2.4042513e-01  -1.4278753e-01   1.5556150e-01   4.5379748e-01   3.6313033e-01  -1.2196886e-01  -2.6438709e-01   2.1217805e-01   2.4001508e-02   3.2720200e-02   1.3093846e-01   1.2542172e-01   2.0808702e-01   6.4376164e-02   3.4619441e-02   5.4099891e-01  -1.4185205e-01  -1.8325009e-03   1.3562805e-01   2.5691052e-01  -7.1652843e-03   9.2668128e-02   1.3087372e-01   1.0496213e-01   3.8599758e-02   2.5420172e-01  -1.8389401e-02   1.8773408e-01  -1.5607877e-01   2.3826625e-01   1.3266954e-01   3.2128898e-01   3.5660459e-01   4.1990718e-01  -1.6940205e-01   3.2985676e-01  -1.3172053e-01  -2.1532862e-01   2.6084861e-01  -3.3819156e-02   6.0006925e-01   6.5734283e-01   4.0209926e-01   4.0822058e-01   1.0426392e-01   2.9787213e-02   3.6507952e-02   2.4444236e-01   5.8388423e-01   7.2597858e-02  -2.9456186e-01  -1.0402488e-01   9.7553984e-02  -2.2189920e-01  -2.8846473e-01   6.7739187e-01  -1.4304974e-02   3.4889230e-01  -3.9413915e-01   1.6555190e-01   8.3910886e-02   2.6947252e-01   3.7121045e-01   3.5999009e-01   6.9190537e-01  -4.0975477e-01  -4.3129457e-02   3.2296819e-01  -6.9756182e-02  -1.8153623e-02   4.1233602e-01   6.3120234e-03   4.8430817e-01  -3.8705101e-01  -4.8636690e-02   4.2452790e-01   4.0666407e-01   7.7929684e-02  -1.3944210e-01  -3.4865268e-01   1.1235947e-01   3.1693605e-01  -2.9723735e-01  -2.6765443e-01  -2.0043721e-01   1.1770508e-02   9.2138826e-02   1.7336524e-01   1.9920707e-01  -1.3549730e-01  -5.1626470e-01   3.5992138e-01   6.7720049e-02   1.1342812e-01   1.4565577e-01   1.0035302e-02   4.1530608e-01   3.1099950e-02   3.3538603e-03   2.4140471e-01   6.2453148e-01  -1.6352222e-01   5.8871048e-02  -1.5275758e-01   2.8206795e-01  -1.3717336e-01  -1.6526174e-01   3.3667974e-01   1.0207778e-01  -3.8101535e-01   7.4384801e-02  -3.8101143e-01   5.6836438e-01
   5.2941688e-02   1.1970938e-02   3.1404841e-01   1.2377893e-01   0.0000000e+00   1.2550558e-01   1.0730377e-01  -2.0852689e-02  -4.8167820e-02   3.1188654e-01   6.9591289e-02   3.8345590e-01   4.1190135e-01  -1.6780793e-01   7.6464576e-02   3.6618839e-01   1.7950419e-01   1.1887523e-01  -2.6380330e-02   6.1695192e-01  -1.1396656e-01  -5.3609229e-02  -6.6342526e-02   2.2807432e-02   2.1777512e-01   5.0420228e-02   3.1449492e-01  -1.2548356e-01   3.2502408e-02  -1.6696717e-01  -3.5452719e-02  -1.7358598e-01   3.7675336e-01   3.2197377e-01   1.2695887e-01   5.7873623e-01   2.2710903e-02   1.8224572e-02   3.8635807e-01   3.1882819e-01   1.7573107e-01   2.3809313e-01   2.3926563e-01  -3.5119818e-03   3.3042274e-01  -9.9614986e-03   1.4521730e-01   1.0474707e-01   2.3977269e-01   1.8043012e-01   2.2271222e-01  -5.9931597e-02   9.5832904e-02   1.7174163e-01  -2.0135977e-01   5.6402385e-02  -9.6553737e-03   5.7643262e-02  -1.8507367e-02   1.2387146e-01   2.1495887e-01   3.2566719e-01   2.1604348e-01  -1.8469236e-01   1.4708756e-01   2.6180061e-01  -4.0881716e-03   2.4204020e-01  -4.6013492e-02   1.3988607e-01  -1.6133777e-03  -1.2643006e-02   2.7271429e-01  -1.8580297e-01   1.4204398e-01  -2.7869961e-01   1.1736433e-01   2.3036507e-01   5.6037688e-01   2.6631858e-01  -2.1129636e-01   2.5307916e-01   1.1886747e-01   1.8020731e-01  -1.7546571e-01  -3.4945898e-01  -4.5109121e-02  -1.7841395e-01   1.0544818e-01  -1.0815855e-01   5.2277523e-01   9.7077943e-02   4.5046828e-01  -2.4067328e-02   6.9604387e-02   5.8839374e-01   2.2181361e-01  -1.0366940e-02   9.9195701e-02   2.1972375e-01  -2.1264808e-01   2.1819372e-03  -2.8682496e-01  -2.4334530e-01   7.0249499e-02  -7.2600180e-02   2.9176354e-01   7.6038424e-02   1.8003914e-01   2.5670237e-01   2.2231032e-01  -1.7217806e-01   2.4532763e-02   8.0269039e-02  -1.6223163e-01   2.2309883e-01   2.8401015e-02   1.5054103e-01  -2.0775746e-01   1.6114287e-01  -1.0334362e-01   6.2185981e-01  -2.4769370e-01  -1.3267513e-01  -1.2403898e-01   1.3689703e-01   2.8665387e-01   3.1811098e-01   1.2255817e-02  -1.1286549e-01   4.7302359e-01   9.3419928e-02  -2.1988009e-01  -2.5450083e-01   2.1309011e-01  -3.2156044e-01   2.6804281e-01  -4.1332215e-01  -2.4112559e-01   7.8009264e-02  -2.3644906e-02   4.1767827e-01  -2.9489599e-02   5.3856534e-02   1.6318283e-01  -2.7101253e-01   9.9666825e-02   1.0819808e-01   1.4940914e-01  -1.6050634e-01   4.1644426e-03  -2.6581125e-01   9.3376627e-02  -1.2361625e-01   1.0286096e-01   1.5193299e-01   5.1542847e-02  -1.0664734e-01   2.1302663e-01  -4.2854069e-01   1.9047125e-01  -2.1748105e-01   2.8337641e-01  -1.5394791e-01   3.8887409e-02   3.2074658e-01   1.9048309e-01  -1.9033114e-01   3.7225262e-02   2.2444594e-01   2.5879671e-01   8.2620081e-02   2.1147371e-01  -1.2531861e-01  -3.2607800e-02  -3.1033985e-01   7.7604182e-02
   5.3603574e-02  -4.1677306e-01   4.3029910e-01   6.1489618e-02   1.2550558e-01   0.0000000e+00   7.2583157e-03   5.0454558e-02  -2.0423627e-01   5.4488089e-02   9.5161062e-02   1.2552730e-01   8.7280572e-02   3.4288975e-01  -1.7309824e-01   7.5937517e-02   1.7366603e-01   6.5127913e-03   3.0962609e-02  -8.0015658e-03   2.7215913e-01  -1.4784412e-01   1.9073992e-01   2.4598611e-02  -1.0204361e-01   2.5912120e-01   2.5798915e-01   7.4168729e-02   4.0621299e-02  -5.4116445e-02  -4.0148823e-01   1.0774492e-01  -1.4589713e-01   8.0355799e-02  -1.6618048e-01   1.1565595e-01   7.0822007e-03  -1.3240709e-01  -6.0056392e-02   3.9507909e-01  -7.7906896e-02  -9.9056881e-02   1.6827125e-01   2.4946261e-01  -1.6402897e-01   8.5563223e-02   1.3124264e-01  -3.8486795e-02   1.9811624e-02   2.7024409e-01   1.0730220e-01   1.5125053e-01  -2.6873445e-01   8.0585496e-02   2.1079596e-02   2.6934085e-01   1.8250549e-01  -3.0863647e-02   1.2656367e-01  -1.8464537e-01   9.7680320e-02   2.2101124e-01   6.2714874e-02  -3.1229497e-01  -4.6133130e-01   6.7852522e-02   7.0885858e-01  -1.2417347e-01   9.0808206e-02   5.4259665e-01  -1.8005753e-01  -2.5231002e-02  -3.0840130e-01  -3.8024593e-02   3.9245832e-02  -2.6894948e-02   8.1290430e-02   2.0247290e-01  -2.3343934e-01   9.2327397e-02   4.8694645e-01  -1.4075347e-01   1.2220572e-01   2.0608754e-01   7.6499143e-02  -2.2301840e-01  -3.2155404e-01   8.7662877e-02  -2.0094490e-01  -2.1774042e-01  -1.7989685e-01   2.9601428e-01   2.3226213e-01  -9.7130099e-02  -7.7683853e-02   2.6559193e-02   1.1752885e-01   5.5240111e-02  -1.3063927e-01   1.0614121e-01   2.4551598e-01   1.8934783e-01   3.4265892e-01  -4.4301648e-01  -1.9684005e-04   4.4907631e-02   2.5177888e-01   2.5876109e-01   1.9653691e-02   4.6075258e-01  -5.8375455e-02   1.8345110e-01  -5.5638172e-02  -8.1400704e-02   3.8912889e-01  -4.9619529e-01   1.1110804e-01  -2.6001321e-01   2.3671783e-01   1.7127401e-02  -9.9077828e-02  -1.8646936e-01   4.1020642e-02  -4.9360896e-01  -9.7574166e-02   3.8210487e-01  -7.9041996e-02   1.1043432e-01   1.0177386e-01   2.7889823e-01  -1.8521353e-01  -1.6159743e-01  -3.6841361e-02  -2.9962265e-02   6.7036502e-02  -6.4577416e-02   3.2058876e-02  -8.5481929e-02   2.9394122e-02   1.3057372e-01  -1.1670432e-01  -1.0935449e-01   1.2652535e-01   3.0032403e-01  -1.4698839e-01  -3.2599574e-01   1.2265213e-01  -8.3643225e-02   3.4667839e-01  -2.5580349e-01   1.2995084e-01   3.5531938e-01   1.2819445e-02  -1.9317255e-01  -1.4814233e-01  -4.8910130e-02   6.5296608e-02   3.3371389e-02   8.3553990e-02   3.9864696e-01  -1.2457763e-02  -7.4561861e-02   1.4654353e-01  -1.6261824e-01   2.8806007e-02  -3.9567609e-01   8.1080050e-02   2.4324950e-02  -1.5255127e-03   1.9605075e-01  -3.0182624e-01  -1.7417463e-01  -2.6712344e-01   4.4868312e-01  -9.9841645e-02   1.2884506e-01   1.0695135e-01
  -3.3483033e-01   2.2208639e-01   8.4580529e-03  -7.7162373e-02   1.0730377e-01   7.2583157e-03   0.0000000e+00  -5.5273484e-02   2.2288259e-01   4.4341524e-01   9.0831845e-02   3.3371559e-01  -4.0550415e-02  -3.8219852e-01   5.6065218e-01   2.0486910e-01  -8.5505769e-02  -6.4774786e-02  -9.1753052e-02   1.1943006e-01  -7.7023872e-02  -2.2891640e-01   3.7578302e-01  -4.3132080e-01  -1.6442718e-01  -3.3327983e-03   1.0227423e-01   6.4347281e-02  -3.4554944e-02  -1.5926054e-02   1.6550302e-01  -2.2535455e-01  -1.6044500e-01   5.7230955e-01   4.1394972e-01   1.7412054e-01  -5.5219492e-02  -2.8745522e-01   1.4728714e-02   1.2239350e-01  -4.5526707e-02  -1.6453680e-01  -7.4406739e-02   9.8766274e-02   2.2807325e-01  -1.0358401e-01  -2.8325088e-01   3.8491866e-01  -3.4342274e-01  -4.2127881e-02  -3.1781910e-02   1.8554139e-02   4.3112003e-01  -2.2472163e-01  -2.3750355e-01   2.3682781e-01   2.7366187e-02  -2.0874299e-01  -2.0917928e-01   7.7707506e-02  -1.7891348e-01  -1.4719186e-02  -2.5302990e-01   2.3361603e-01   6.8431305e-02   4.7887213e-01  -2.4505331e-01  -7.3454722e-02  -2.2499584e-01   1.6401080e-01   1.5898511e-01  -1.2686181e-02   1.8451904e-01  -2.1363842e-01  -1.6333640e-01  -1.1548944e-01  -1.3293322e-01   8.6286016e-04   1.4303748e-01  -2.9666676e-01   2.6190805e-01   3.5158648e-01  -9.0006466e-02   1.1258940e-01  -3.9358411e-01  -2.4812610e-01  -9.0700346e-02  -4.0922585e-01   3.7497895e-02  -3.6664960e-01  -5.2356390e-02  -1.7471397e-01   3.7630370e-01   6.5032686e-02  -2.3279483e-01   2.6074259e-02  -3.4997054e-02  -1.1679951e-01   1.7470545e-01   2.1087443e-01  -1.8573638e-02   4.0007046e-01  -2.2092207e-01  -6.1640140e-03  -6.5494328e-02  -2.2510807e-01  -2.7596135e-01  -3.1277558e-01   1.0989162e-02  -8.6743760e-02   6.2447261e-01  -2.3900954e-01  -2.3885449e-01  -3.8648053e-01   7.7939752e-02   1.0563531e-01  -7.1936924e-02   1.6572806e-01  -2.5899278e-01  -2.1352787e-01  -2.8468927e-01   8.9362785e-02   2.0966256e-02  -7.0324026e-02  -3.5964943e-01  -9.9385722e-02   2.7250389e-01  -8.6612519e-02  -3.0198734e-01   1.5691846e-01   3.5380078e-02   2.8776375e-01  -3.3097286e-01   1.1133090e-01  -1.9191828e-01  -7.2036793e-02  -1.7222719e-01   6.5218410e-02   3.9927003e-03   3.3852177e-02  -1.3237679e-01  -4.4662713e-02   3.5595813e-02   3.0903289e-01   3.9539196e-01   5.3877589e-02   5.3793062e-01   2.6207755e-01   1.4286617e-01  -2.8065842e-02  -4.2253113e-01   1.1776145e-03  -4.6117226e-01   3.5540192e-02   1.1368239e-01  -2.0360028e-01  -1.7295103e-01  -2.6115038e-02  -2.3404092e-01   4.2636664e-02   1.2810573e-01  -8.3197286e-02  -5.5444736e-02  -9.8153313e-02  -1.0327398e-01   3.8626227e-01   2.8202172e-01  -6.4017857e-02  -3.5540402e-01   3.3605166e-02   2.0682676e-01  -9.9435938e-02   1.7277197e-01  -1.3821363e-01   1.5751452e-01   4.9153294e-02  -1.1917670e-01
  -1.9141068e-01  -1.9266083e-02   3.7064763e-02  -4.0685587e-02  -2.0852689e-02   5.0454558e-02  -5.5273484e-02   0.0000000e+00  -4.7875092e-02  -1.0620290e-01   2.9991370e-01  -7.8872963e-03   2.1416828e-01  -1.1487759e-01   2.3704527e-02  -8.1437717e-02  -4.8909230e-02   9.3023363e-03   2.8847680e-01  -1.4009910e-01  -5.1870464e-03  -1.5707183e-02  -2.4591905e-01  -2.2238880e-01  -3.8389667e-02   2.3166425e-01  -1.3262100e-01   1.3209336e-02  -7.7731378e-02   1.2498593e-02   9.8575831e-02   1.4296591e-01  -1.6183009e-01  -6.8651266e-02  -1.0576522e-01  -1.0785656e-01  -2.0023386e-01  -1.3102155e-02  -4.5987226e-02  -1.1795116e-01   2.5984914e-01  -2.3261572e-01  -2.4486565e-01   4.0980220e-01   6.4877311e-03  -2.7917638e-02  -9.8150878e-02  -1.2809311e-01   1.5581440e-02   1.7176280e-01   6.5536567e-03   4.9295543e-01   1.0788762e-01  -1.4958462e-01   2.9866231e-02   6.2220641e-02   5.5719008e-02  -3.1979511e-02   4.0433059e-01  -1.3328810e-01   5.1733004e-03   3.0220250e-02  -1.5429220e-01   2.8943659e-01   2.2751705e-02  -1.3011019e-01   1.9795473e-01  -1.8585259e-01   7.2992502e-02  -5.9902771e-02   8.6452374e-02  -3.9187339e-01   2.0494969e-01  -2.7820474e-02   6.7418762e-02   1.8218341e-01  -1.9309101e-02   2.4065710e-01   1.4390737e-01   8.5192885e-02   7.6952099e-02   1.9468005e-01   3.3821198e-01   2.2997844e-01   2.4566241e-02   1.1311207e-02  -1.3791459e-01   2.5041773e-01  -3.8492744e-02  -1.5246867e-01   1.3368279e-01  -2.4938475e-02   5.2521063e-02  -4.5159190e-02   1.0442923e-01  -9.4023846e-02   2.4114570e-02   2.8032583e-01  -5.1463840e-02  -2.2821822e-01   8.8111825e-02   2.7615594e-01   1.9780582e-02  -1.3811402e-01  -2.2681264e-01   2.4470163e-01  -5.2984486e-02   2.8512820e-01  -1.3452899e-01   1.1206710e-02   2.8973624e-02  -1.4102256e-02  -9.9387269e-02  -4.1097067e-02   4.9489192e-02   2.1609888e-02   5.8047619e-02   2.1312857e-01   1.0470085e-01   8.9087489e-03  -2.6297737e-01  -3.8632081e-02   1.3063199e-03   1.7876217e-01   1.0525475e-01  -1.5873060e-01   9.4214002e-02  -1.2511602e-01  -2.6260868e-02   8.4396289e-02   1.5467346e-01   2.1404852e-01  -9.2333866e-02   1.4632728e-01  -3.2417157e-01   4.7844283e-01  -3.7949341e-02   1.6116315e-01   3.9442005e-01  -1.4263050e-01  -2.3944540e-01  -3.2096661e-04   3.4489247e-01   9.0224987e-02  -3.0336987e-02   2.0587766e-01   4.7685071e-02  -4.6602805e-02  -1.6988661e-02  -1.2342186e-01  -2.3591928e-02   1.7631136e-01   4.6221078e-02   2.8259156e-01   6.5885908e-02  -3.3306940e-01  -1.0726508e-01   4.8388490e-01  -2.0425039e-01   3.5420194e-02  -7.0894668e-02   3.3270426e-01  -8.0254740e-02   1.0364776e-01   1.5271561e-01  -3.7735047e-03   1.3644181e-01   2.6155831e-02  -2.7549288e-01   2.2291704e-01   3.4282769e-03  -3.6395603e-01  -2.0288257e-01   1.2767226e-01   1.6729583e-01   9.2580688e-02   3.2050796e-02
  -8.5376180e-02   2.9731697e-01  -6.0504720e-03  -8.8123100e-02  -4.8167820e-02  -2.0423627e-01   2.2288259e-01  -4.7875092e-02   0.0000000e+00   4.5167680e-02   1.2171146e-01  -4.5861288e-02  -3.6291079e-01  -1.6130013e-01   2.5026562e-01  -1.2665138e-01   5.8589800e-02   4.9726038e-02   1.6059439e-01   6.7501241e-02   1.7578970e-02   2.1279782e-02   1.8662072e-01  -1.0442833e-01  -4.5918042e-02  -9.4857944e-02   7.8299345e-02  -1.6728701e-02   1.9545607e-01   4.5745949e-01   4.0061008e-01  -1.3511731e-01   7.9022991e-02  -6.7878169e-03   3.3083530e-01   3.7998201e-02   4.3247124e-01  -1.8503927e-01   1.1186364e-02  -8.8936790e-02  -1.1309596e-01   1.4984722e-01   1.9234631e-01   7.0232858e-02   3.2570859e-01   1.2201398e-01  -1.1777209e-01   4.2954131e-01  -4.9468262e-02  -2.6577669e-01  -5.5860358e-02  -6.4260461e-02   2.6824287e-01   1.3715611e-01   6.5257489e-02  -1.4417443e-01  -5.0132364e-02  -1.4858629e-01   1.5701581e-02   1.9698006e-01   1.8788625e-02  -1.2885523e-01  -1.0830602e-02   4.0054448e-01   2.9731560e-01   3.1171494e-01  -2.2035105e-01   6.7154895e-02  -1.0998794e-01   7.4200546e-02   8.3144575e-02   3.0494613e-01   1.1336213e-01  -1.5351052e-01  -1.6218265e-01  -5.6801322e-02  -1.2308607e-01  -6.0997495e-02  -9.6150154e-02  -2.3800287e-01   6.0719719e-02   1.9226301e-01  -1.4031429e-01  -1.0543721e-01  -1.6991141e-01  -1.0701686e-01   1.3798018e-01  -1.5663136e-01   2.2997738e-01  -1.8214370e-01   8.1777647e-02  -1.3556421e-01  -2.0663194e-01   4.3376312e-01  -4.9790866e-02   1.2027967e-01  -9.2654117e-02   6.8668212e-02   3.7851773e-01  -1.2504196e-02  -5.2979097e-02   1.6979985e-01   5.5782354e-03   4.9476168e-01   9.7834505e-02  -1.7341414e-01  -1.2590342e-01   6.5807434e-02   2.3572762e-01  -2.8953709e-01  -1.1722042e-01  -4.0258027e-02   2.2541537e-01  -2.2674032e-01   8.3936492e-02   3.0597042e-01  -1.7230906e-02  -1.7280996e-01  -8.8672217e-02   1.8675290e-01  -1.9691700e-01  -8.9134203e-03  -5.7809592e-04   3.9743277e-01  -2.3478772e-02   8.2284419e-02   2.8381074e-01  -4.9459020e-02  -1.4189139e-01   1.7699502e-01  -1.2030196e-01   9.7860768e-02  -3.7188102e-02   2.9405766e-01   2.3505113e-01  -5.6300984e-03  -1.2016209e-01   1.9469123e-01   9.5031758e-02   2.3576001e-01  -8.3341395e-02  -1.4732506e-01  -2.3704254e-01  -1.0474934e-01   3.5371375e-01   2.4927934e-01  -6.4122469e-02   3.9209976e-01   7.0072813e-02   2.1137380e-01  -1.9350977e-01   1.9005455e-01  -2.1229393e-01   1.5758169e-01   5.0920148e-03   5.6635820e-02  -1.7833433e-01  -2.5045334e-01   1.2742870e-01  -3.9293161e-02  -5.2853520e-02  -1.2816874e-01   3.6674791e-01   1.7892048e-01   2.6582843e-02   1.6596372e-01   2.4344731e-01  -7.5226519e-02  -1.2484515e-01  -3.0154264e-01   2.1612045e-01   6.7563690e-02   4.6007052e-01  -1.7782789e-01  -2.6298868e-01   1.5278715e-01   2.4749603e-03
  -1.6555302e-02  -7.7741583e-02   1.2039173e-01   6.2944000e-02   3.1188654e-01   5.4488089e-02   4.4341524e-01  -1.0620290e-01   4.5167680e-02   0.0000000e+00   5.8560935e-02   1.1063215e-01   1.1419776e-02  -1.7782022e-01   2.4160740e-01   3.2323994e-01  -9.1245404e-02   3.8893417e-02   8.0649462e-02   2.4183802e-01  -4.1462207e-02  -1.0118511e-01   3.1634231e-01  -9.7746310e-03  -2.5386119e-02   4.6016945e-02   1.9467583e-01  -5.8106102e-02   7.0219006e-02  -2.4680381e-01   4.6023666e-02  -8.1320412e-02  -7.4789192e-04   6.8392559e-01   4.7345784e-02   2.3937663e-01   9.5869447e-02  -5.2662970e-02   2.2866455e-01   3.4782534e-01   4.2827591e-02  -1.5809175e-01   9.4714989e-02   7.0954622e-02   1.8223159e-01   3.8630187e-02  -9.4633222e-02   1.7601587e-01  -1.0449564e-01  -1.1256615e-02   8.2790062e-02  -7.3759058e-02   2.2181624e-01  -9.8772788e-02  -2.1336602e-01   1.7328248e-01  -1.0101679e-01   6.3898860e-03   8.5813338e-02  -6.7777921e-02   2.4132091e-02  -2.0298364e-02  -5.9609177e-02  -4.0578217e-02   1.1379208e-01   4.6422411e-01  -1.0906126e-01   8.6401543e-02  -1.3885365e-01   1.2433279e-01   1.2201233e-01  -9.9288884e-02   3.8083161e-01  -2.2370629e-01  -1.5314754e-01   4.8181992e-02   1.0861381e-01   8.7161976e-02   2.5622294e-01  -1.2597078e-01   1.3983182e-01   2.9692237e-01  -5.9436290e-03   9.7459370e-02  -1.5643511e-01  -2.6739158e-01  -5.6097692e-02  -3.6261376e-01  -1.8457513e-02  -1.5402490e-01   7.0759619e-02  -1.0049307e-01   4.7266098e-01   1.8413225e-02  -8.2441548e-02   2.5569203e-01   2.7477568e-02   2.9681931e-02   6.0392239e-02   5.5528912e-01  -1.6144746e-01   2.0967204e-02  -2.7801509e-01  -1.5001994e-01  -8.3305500e-03  -5.5922450e-02  -5.2219137e-02   1.7669349e-02   3.1628513e-01   1.3287689e-01   5.2046277e-01  -1.2054430e-01  -3.6575202e-02   4.9479160e-03   8.1153134e-04   1.2355531e-01  -8.8349041e-02   2.0615237e-01  -1.8522635e-01  -1.2301521e-02  -7.2878663e-02   2.6833037e-01  -2.9310579e-01  -2.3161915e-01  -1.0819811e-01  -1.2730850e-02   1.4172433e-01  -9.4722115e-03   1.5757231e-02  -4.0872140e-02   1.2478297e-01   1.5371000e-01  -2.3560709e-01   1.0947619e-01   9.9578510e-02  -1.2213997e-02   8.0159415e-02  -2.4332487e-01   4.4871763e-02   1.0424340e-01   5.6678245e-02   3.9855466e-02  -5.0726786e-02   2.3666718e-01   3.3268414e-01   1.7882298e-02   3.7746955e-01   1.0219637e-01   2.5557268e-01   5.6876476e-02  -1.8228750e-01  -8.8431673e-03  -2.3946820e-01  -1.1130004e-01  -3.0659934e-02  -2.3761295e-02   5.5368129e-02  -1.6404511e-02  -7.1890949e-02  -1.6430806e-01   3.2864356e-01  -6.8007113e-02   1.5784614e-01  -1.7267597e-01   7.2146314e-02   1.7524972e-01   9.8492078e-02  -8.4135412e-02  -1.1996918e-01   7.0210674e-03   6.8765603e-02  -1.8432808e-03   4.4612032e-02  -2.1575106e-01   2.5212722e-02  -1.3680673e-01   1.5748900e-01
  -2.1197311e-01  -1.6340099e-01   3.2133738e-02  -3.2517614e-02   6.9591289e-02   9.5161062e-02   9.0831845e-02   2.9991370e-01   1.2171146e-01   5.8560935e-02   0.0000000e+00  -2.9597132e-01   1.8519400e-01  -1.6353647e-01   2.9232856e-02   2.1649853e-01  -9.8687034e-02   4.9485057e-01   1.6949184e-01   1.6527207e-01   6.5471275e-02  -1.9413080e-01   1.1490702e-01  -1.5613472e-01   8.3410446e-02   1.6126743e-01   3.1800324e-01   1.4633171e-01  -8.1649401e-02   2.8447297e-01   1.3418655e-01  -1.8604082e-01  -4.6727694e-02   2.3075349e-01  -8.5118084e-03   4.3238528e-01  -2.5623086e-02  -1.1169336e-01   1.4390344e-01   4.9910694e-02   1.7332844e-01  -7.3645771e-02   6.3991675e-02   5.0089438e-01   2.5925387e-01   2.5985248e-01   3.3598663e-01  -1.0939744e-01  -1.1185580e-01  -2.0871929e-01   2.9310370e-01   3.0735330e-01  -5.4204545e-02   1.7267134e-02   2.2834409e-01   2.5761747e-01   2.3574244e-01  -4.7316074e-02   2.6342862e-01   1.5824447e-01   1.9031848e-01   4.9977368e-03   4.9076044e-02   5.7560575e-02   2.7583071e-02   3.5352677e-01   3.1231904e-01   1.1714283e-01   8.9675825e-02   3.4649689e-01  -3.5773452e-01   1.4571747e-01   1.6020822e-01  -9.9893278e-02  -1.2542844e-01  -1.1998327e-01   2.2031077e-01   1.3919624e-01  -9.8936582e-02   1.1643078e-02   3.4929238e-01   5.9700972e-02   6.8540795e-02   2.5714320e-01  -3.3561770e-02  -3.3673185e-01  -3.0407649e-01  -7.7252130e-02   2.4250869e-01  -9.2092261e-02  -9.9285263e-02   1.5632124e-01  -1.1957989e-01   3.3732545e-01   8.1824535e-02   2.4129722e-01   6.3309522e-02   4.8973785e-02   1.2084424e-01   1.1962545e-01   1.7738989e-01   2.4901233e-01  -3.4642101e-02   1.7831338e-02   1.4488699e-01   1.1775547e-01   1.0123554e-01   1.9707114e-01  -1.7280301e-01   1.9911826e-01  -6.5031061e-02  -1.6421442e-01   1.5296415e-01  -4.1157515e-02   2.3588086e-01   4.7470398e-02  -5.9237054e-02   1.5006506e-01  -1.0216373e-01   1.4644731e-01  -3.7439994e-03  -1.5488794e-01  -2.3943392e-01   9.7731729e-02   8.6685475e-02  -3.3781398e-02  -7.2146428e-03  -1.0317458e-01  -8.4493181e-02   1.6241925e-01   1.7000274e-01   2.4744832e-01  -2.1542045e-01   2.6020613e-01   5.8616448e-02  -6.1019382e-02  -1.4425764e-02   1.0341856e-01  -2.4998770e-02   5.0650284e-02  -1.5115682e-01   1.2166206e-01   2.9091659e-01   2.3192845e-02   6.6115748e-02   1.8605043e-01  -2.3813537e-01   4.1326721e-01   5.3834600e-01  -1.7875104e-01   9.8056294e-02   3.3434549e-01   2.0999664e-01   4.4314124e-01  -2.6613627e-01  -1.8749484e-01   1.6056101e-01   2.2276136e-01  -7.9184938e-02   1.9592615e-01   1.8655013e-02   4.2501281e-01   5.4122857e-03   3.3495119e-01   9.6804591e-02  -1.2212934e-01   1.0826019e-01  -1.4072568e-01  -4.6530212e-02  -5.3158241e-02   1.1827404e-01  -1.3179406e-02   3.6503817e-01  -1.5187231e-01  -7.6111230e-03  -9.2208721e-02  -1.2907650e-01
  -1.9751945e-01   3.1960361e-01   3.2424050e-01  -1.1606599e-01   3.8345590e-01   1.2552730e-01   3.3371559e-01  -7.8872963e-03  -4.5861288e-02   1.1063215e-01  -2.9597132e-01   0.0000000e+00   6.6084894e-02  -1.4007471e-01   3.2002993e-01   5.0009389e-02   2.6682639e-01  -3.4788389e-01   7.2229260e-05   1.3530182e-01  -3.0670207e-01  -7.8710358e-02  -8.5527920e-02  -2.2190807e-01  -1.1115022e-01   1.5773956e-01  -1.6866063e-01  -1.4019674e-01   1.4881073e-01  -2.0593570e-01   1.2555490e-01   6.9502185e-02  -2.1726716e-02   1.6507702e-01   2.9706538e-01   5.1684362e-02  -2.2776845e-01  -1.4008244e-01  -6.0696027e-02   1.3301629e-01  -9.3744455e-02  -2.3306756e-02  -8.6228949e-02  -1.2841343e-01   1.0975979e-01  -3.6067190e-01  -2.4165105e-01   1.6080991e-01  -5.6887340e-02   4.0314203e-01   5.8549164e-03  -8.6084617e-02   1.1237547e-01  -7.5347249e-02  -3.6426826e-01   3.9726146e-02   6.1920661e-03  -8.2069579e-02  -2.2879226e-01   8.5603320e-02  -6.1545157e-02   1.6655535e-01  -6.5954651e-02   4.9961266e-02  -8.4628084e-03   9.4815250e-02  -1.6695381e-01  -1.0290847e-01  -2.5679318e-01  -4.5227115e-02   1.8851380e-01  -1.8361381e-01  -9.1276010e-02  -7.0061113e-02   1.4025403e-01   1.4571036e-02  -3.2880206e-01   2.3976783e-03   4.6889771e-01   1.0328156e-01  -2.2819215e-01   2.2712826e-01   6.1154290e-02   6.5398331e-02  -2.7766624e-01  -3.5091652e-02   1.0347236e-01  -1.0962283e-01  -1.4332308e-01  -3.3745408e-01   5.0575515e-01  -9.6520431e-02   4.7366689e-01  -1.5880379e-01  -3.0132993e-01   6.5996103e-02   1.2941870e-01  -2.1655634e-01   1.5273135e-01  -1.0948155e-01  -1.2346494e-01   3.6254162e-01  -1.7705759e-01  -1.7407908e-01  -2.2189129e-01  -6.0269509e-02   4.6228691e-02  -2.2335932e-01   8.9039141e-02  -1.7544615e-01   3.2839720e-01   3.0856294e-02  -1.7210215e-01  -2.9030371e-01  -6.7805306e-02   1.9944271e-01   6.5536996e-02  -2.2397028e-02  -1.7466020e-01  -2.5355868e-01  -3.7983467e-01   4.2959171e-01   2.6367677e-01  -1.4823645e-01  -2.9632578e-01   9.5778257e-02   3.8948884e-01   2.6847556e-01  -1.0088920e-01  -1.2427701e-01   1.9383283e-01  -6.6202356e-02  -1.1263234e-01  -2.7460735e-01  -2.0297881e-01  -8.6263566e-02   1.5315921e-01  -2.3809362e-01  -1.9108443e-02  -4.4519206e-02  -1.7889858e-01  -6.3440050e-02   1.2863470e-01   1.6436301e-01   3.1469188e-01  -1.6789796e-01   5.2590614e-01  -9.4232069e-02  -7.2221406e-02  -1.6303232e-01  -2.2576360e-01  -3.3226229e-01  -3.1118267e-01  -3.0018997e-01   3.6367239e-01  -1.5173259e-01  -2.4725763e-01  -9.5242436e-02  -1.0042825e-01  -1.2257533e-01  -4.2404259e-03  -2.6194078e-01  -3.2241351e-02  -4.2873070e-01  -1.2720858e-01   5.2752237e-01   3.1689077e-02  -1.3318846e-01  -3.6094431e-01   2.8759141e-01   4.4087394e-01  -2.4641689e-01  -1.1552543e-01   1.0826567e-01   8.4806833e-02   2.0325256e-02   4.4091129e-02
   2.8718573e-02  -1.0830946e-01   3.2348795e-01   1.7152541e-02   4.1190135e-01   8.7280572e-02  -4.0550415e-02   2.1416828e-01  -3.6291079e-01   1.1419776e-02   1.8519400e-01   6.6084894e-02   0.0000000e+00  -4.5205304e-02  -2.1745334e-01   3.5951955e-01   2.5193152e-01   1.7471665e-01  -1.5035950e-01   3.2676491e-01  -2.6266541e-03  -6.1331119e-02  -2.4202702e-01  -6.0300314e-02   8.7612434e-02  -3.4895572e-02   1.6730509e-01   1.0394572e-01  -4.1875237e-01  -1.4964866e-01  -1.2957544e-01  -1.0695177e-01   1.3890647e-01   6.7119422e-04  -9.9783914e-02   4.4017937e-01  -5.7810604e-02   1.8537760e-01   2.8259374e-01   1.4251068e-01   5.6108851e-01   9.2974097e-03   2.3007137e-02   1.4639909e-01   1.2019116e-01   5.5634178e-02   1.9533690e-01  -1.8026957e-01  -3.9444074e-02   3.2500974e-01   3.8746640e-03   1.8505531e-01  -2.9959984e-02   1.3191567e-03  -3.6333895e-02   9.6178335e-02   1.0141850e-01  -1.1268208e-01   2.0411317e-01   1.0825368e-01   2.5552631e-01   1.7215517e-01  -2.5428803e-02  -1.7106014e-01  -1.2589404e-01  -1.1986076e-01   2.3128257e-01   2.3704069e-02   6.6145701e-02   2.4540978e-01  -1.5057739e-01  -1.2325131e-01   3.1506141e-01  -1.1323194e-01   1.5144015e-01  -1.4399481e-01   1.8106917e-01   2.8483763e-01   2.7452886e-01   1.4552526e-01  -6.3416174e-02   1.1344087e-01   1.5136936e-01   1.7688572e-01   1.8402421e-02  -1.3159132e-01  -1.2347323e-01   4.3926240e-02  -1.3435486e-01   6.0813957e-02   9.7984372e-02   1.6830156e-01   1.9720692e-01  -1.5297188e-01   2.9558064e-01   1.4613242e-01   2.0612718e-01   1.6293959e-01  -3.4858722e-02   1.8038987e-02   3.7369375e-02  -9.4085076e-03  -1.1513738e-01  -1.5113397e-01  -1.2218595e-01  -1.1805474e-02   1.1992497e-01   6.2246845e-02  -8.2511899e-02   3.0534286e-01  -2.6366738e-02  -1.6251067e-01  -1.6178285e-01   2.0694475e-01   2.7089980e-02  -4.9452281e-03   1.4559778e-01   3.9377991e-01   9.1937626e-02  -3.3160247e-02  -4.4241318e-02   2.3989303e-01  -1.6990669e-01  -1.6027658e-01   1.1451560e-01  -1.3532963e-01  -8.8752148e-03  -7.3095386e-03  -9.5671053e-02   1.7709881e-01   5.6294922e-01   1.5128219e-01   2.0778257e-02  -4.2521522e-02  -8.9909856e-02  -9.5858231e-02   1.1988758e-01  -6.3497316e-02  -1.6494465e-01   6.5595649e-02   2.0965550e-02   3.6618951e-01   1.5327921e-01   2.8428367e-01  -1.9467313e-01  -1.1449844e-01   1.8528938e-02   1.9648734e-01   2.2656696e-01  -2.5035234e-01   1.5510756e-01  -1.1747548e-01   2.1555330e-01   2.5604052e-01   1.5268391e-01  -1.6019334e-02   9.5060501e-02   2.3229924e-01   8.8554053e-02  -2.1719766e-01   1.2415620e-01   8.6473363e-02  -2.3189130e-02  -7.7695367e-02  -3.0766914e-02  -6.1410780e-02   1.1466963e-01  -1.9453510e-01  -8.6424736e-02   1.2340413e-01   1.2149199e-02  -1.0876446e-01  -6.6879242e-02   1.5125079e-01   1.2845555e-01  -2.4181031e-01  -2.0226367e-01
   3.2178409e-01  -4.3648629e-01   7.5983273e-02   2.5338894e-01  -1.6780793e-01   3.4288975e-01  -3.8219852e-01  -1.1487759e-01  -1.6130013e-01  -1.7782022e-01  -1.6353647e-01  -1.4007471e-01  -4.5205304e-02   0.0000000e+00  -2.5188003e-01   2.5643062e-02  -1.5861057e-02   1.8125682e-01  -6.3576487e-02  -2.0661991e-02   3.8616054e-01   3.1506875e-01   5.8110668e-02   4.4109786e-01   2.4733418e-01  -9.2530176e-02   1.8365886e-01   2.4751096e-01   2.5735361e-02  -6.3237923e-03  -3.5550958e-01   3.0870460e-01   1.7603824e-01  -3.2311858e-01  -1.2026106e-01  -1.0927444e-01  -7.5131271e-02   1.9285644e-01   4.4612042e-02   6.6024525e-02  -2.6100497e-01   2.1053058e-01   2.8235801e-01  -6.4947961e-03  -2.0007822e-01   5.2626857e-02   2.1777250e-01  -3.6855393e-02   2.8664644e-01  -2.6855768e-02   1.8747548e-01  -1.5375482e-01  -3.6414020e-01   4.3423768e-01   5.0091625e-01   7.1472537e-02   1.2606709e-02   2.3937778e-01   1.2756581e-01  -8.0519765e-02   3.1374512e-01   1.3241860e-01   3.0227764e-01  -4.2740223e-01  -8.9780547e-03  -2.9015257e-01   3.3326606e-01   8.2843267e-02   2.2921817e-01   5.0681852e-02  -2.5866472e-01   2.6085766e-01  -3.1143417e-01   2.9120428e-01   4.0825729e-02  -6.3331239e-02   2.8946852e-01   1.7170079e-02  -2.7597356e-01   2.8522186e-01   2.0610839e-01  -4.8697499e-01   1.9784934e-01   1.9288455e-02   5.3899394e-01  -3.3818536e-02   1.4054336e-01   4.1601446e-01  -1.4289588e-01   3.1495413e-01  -2.2790803e-01   3.8115823e-01  -2.7479562e-01  -5.2281185e-02   3.3293608e-01  -3.8215341e-02   2.2596781e-01  -1.8005263e-02  -2.0385542e-01   1.9682799e-01   2.5531427e-01  -2.3223243e-01   4.6595184e-01  -1.2767361e-01   1.7570827e-01   2.0920366e-01   4.0902196e-01   2.0408784e-01   1.7611735e-01   8.1610395e-02  -3.0223603e-01   3.4330315e-01   3.0791922e-01   2.1978523e-01   1.4117441e-01  -3.9097279e-01   1.3756402e-01  -3.6915742e-01   1.5665085e-01   2.6149749e-01   2.7596198e-01  -1.2772612e-01  -1.0726342e-01  -1.7360840e-02   1.8174514e-01   3.6426686e-01   5.3515053e-02   2.7341190e-01   3.3853854e-01  -9.3896858e-02  -2.8250093e-01  -5.0097707e-02   3.7302598e-01  -5.1492803e-03   3.4024642e-01  -8.8111072e-02   1.6049904e-01  -1.9715605e-02  -9.9949068e-02   4.2019801e-01   3.7622895e-01  -2.4001148e-01  -1.6925918e-01  -1.1654718e-01  -1.9435460e-01  -3.5330752e-03  -2.8652578e-01  -2.8562366e-01  -9.2358730e-02   9.9927468e-03   4.0756769e-01   4.0681386e-01   3.9795974e-01  -2.3473465e-01  -3.8466249e-01   2.2140225e-01   2.0180073e-01  -4.5335368e-02   2.4172922e-01   2.6433857e-01  -5.6660173e-02  -1.1888901e-01  -1.6257494e-02   1.6919736e-01   1.7040990e-01  -5.2780361e-01  -1.6948666e-01   2.0443019e-01   3.3601210e-01  -4.6505006e-02  -4.1014605e-01   1.6613700e-01  -1.1895382e-01   8.2917926e-02  -1.4212341e-01  -9.6012889e-02   2.3996626e-01
