   0.0000000e+00  -7.8690648e-02  -2.4975352e-01   3.3800709e-01  -4.3993243e-02  -2.9051357e-01  -4.1037282e-01   2.9458250e-01   1.7197458e-02  -9.0069623e-02  -1.1042463e-01  -5.8203518e-02   4.8610820e-02   3.2102260e-01  -2.9534983e-01  -5.3208188e-01  -7.9024732e-02  -1.3559201e-01  -2.1866725e-01  -4.3003217e-02  -3.1933980e-01   2.7329003e-01  -2.0540648e-01   5.4343973e-01   1.0925072e-01   8.7039841e-02  -4.8288935e-01  -6.5110515e-02  -1.8569339e-02  -3.2974068e-01  -7.9653880e-02   1.5991755e-01  -7.0889899e-02  -2.8125892e-02  -5.0464382e-02  -4.2353381e-01  -2.2207382e-01   3.5426337e-01  -4.1808795e-01  -1.9932889e-01  -7.3566963e-02   1.4357682e-01   3.3977265e-02  -1.6027227e-01  -3.4394776e-02   1.9514670e-01  -2.0942245e-01  -4.7389383e-01  -3.9160309e-01   1.1483377e-03   3.4689249e-02   1.3007122e-01  -2.3563067e-01   1.7168284e-01   2.1230405e-01  -1.6689460e-01  -7.4371948e-02   2.2362597e-01  -1.0967955e-01   2.7307917e-01   4.1055279e-01   1.3436767e-01   1.5115157e-01   7.6604031e-02  -1.7744448e-01  -3.1025758e-01  -3.5772536e-01  -2.3809369e-02   2.0436835e-02  -2.6250258e-01  -2.5573915e-01   4.8706848e-02  -1.8056964e-01   1.5320449e-01  -1.3283166e-01   3.0498798e-01   3.5541437e-01  -5.2913816e-02  -2.6039202e-01  -1.9596551e-02  -3.4142301e-01  -2.8592421e-01  -4.3227483e-01   2.6609188e-01   1.5856881e-01   3.3322753e-01  -2.0917805e-01   3.7628943e-02  -2.8553966e-02   4.3967551e-01  -1.7718077e-01   2.9533956e-01  -8.4362252e-02   4.7218299e-01   4.8362111e-01   1.4032172e-02  -1.6085174e-01   2.0160614e-01  -1.2971418e-01  -9.0914018e-03  -1.7056223e-01  -1.4966184e-01  -7.7048057e-02   9.8195243e-02   5.4918287e-02   3.4745027e-01   2.2253661e-01  -3.2226672e-02   2.0179311e-01  -4.3962204e-01  -2.1733321e-01  -8.5619655e-02   3.5635756e-02   4.7192917e-01  -1.0885168e-01  -1.1542106e-01  -1.3810190e-01  -2.5602841e-01  -1.3378034e-01   3.3206769e-01   3.7258284e-01  -1.1095529e-02  -1.1185280e-01  -1.5398164e-01   2.7752992e-01   1.0480716e-01  -8.6146007e-03   1.6565958e-01   4.5144857e-01  -4.4919462e-01  -2.5986689e-01  -3.9556630e-01   2.7026596e-01  -4.2067270e-01   3.8541870e-01   3.8275162e-01   2.0172876e-01  -2.1295861e-01   2.6406641e-01   5.0597435e-01   2.2609207e-01   8.6592875e-02   7.1716581e-02  -3.8374324e-01  -2.1775145e-01   3.6141995e-02   2.0606829e-01  -1.7709842e-01  -3.4302289e-01  -2.1255069e-01   8.7411185e-02  -6.4285641e-02   3.1591510e-01  -1.8686380e-01  -3.4491022e-01   4.9921066e-01   2.8620760e-01   1.9290049e-02   4.5989441e-01  -2.2404361e-01  -3.2396681e-01   1.1065766e-01  -4.4915208e-01   1.0021611e-02   3.5007993e-01  -5.8591619e-02  -2.1976332e-01  -4.3914371e-02   2.3685593e-01  -1.1235413e-01  -1.1167155e-01   5.0618904e-01  -2.2755208e-01  -4.6137148e-01   1.8963675e-02  -1.3763468e-01   5.4542527e-01
  -7.8690648e-02   0.0000000e+00   5.4073593e-01  -3.1103368e-01   2.6052751e-01  -3.7367491e-02   2.1484420e-01  -2.0532112e-01   4.8444626e-01   5.1761567e-02   1.5077174e-02   3.3262910e-01  -9.4793783e-02  -3.2840523e-01  -2.6810824e-01  -7.7116948e-02   5.5890543e-01  -3.8115110e-02   8.6747761e-02   3.9940478e-02   7.6323411e-02  -3.5128025e-01   1.2287979e-02  -1.3510601e-02   1.7483309e-01  -1.7475149e-01   1.8668294e-01   1.2860500e-01   1.3609539e-01   2.7310112e-02   2.4261503e-02  -3.6380123e-01   2.9689371e-01   1.1782013e-02   2.3624739e-02   3.3582447e-02  -1.3724206e-02  -2.9143903e-01   1.4049268e-01   4.6276482e-01   8.3440988e-02   9.3476272e-02   3.5100972e-01  -1.7558038e-01  -3.7807748e-01  -4.3210028e-02  -2.3758448e-01   1.0577554e-01  -2.8817931e-01   3.8910469e-01  -3.4047608e-01  -2.0836149e-01   2.9148841e-01   1.3779146e-01  -2.6819957e-01  -2.6376221e-01  -2.2047587e-02  -5.6772245e-01   7.7250237e-03  -2.7908925e-01   6.2757928e-02  -3.3966755e-01   3.8178659e-01   4.3992219e-01   3.2802890e-01   1.4122194e-01   6.4226039e-02   1.1902977e-01  -2.3248318e-01   5.9238627e-02   6.1436293e-01  -3.5539824e-01   2.3654223e-01  -1.2449704e-01   8.5412973e-02  -2.0908486e-01  -2.3665064e-03  -7.7158131e-02   3.7375958e-01   2.2941726e-01  -2.1721595e-01   1.5808061e-01   2.4058195e-01   9.1155843e-02   4.6751605e-01  -8.8866559e-02   4.2665702e-01  -2.2954146e-01   3.7062771e-01  -8.5778248e-02   4.3045342e-01   4.4703935e-02   8.5820151e-02   9.4232804e-02  -2.8620908e-01   1.3582123e-01  -5.3684983e-02  -2.2572703e-02   3.0356633e-01  -3.6412163e-01   2.3934928e-01  -2.8495005e-01  -3.7541968e-01   2.7846755e-01  -3.5344399e-01  -1.7675276e-01  -1.1587775e-01  -2.8165591e-01  -2.5374536e-01   2.9546174e-01   1.0419744e-01  -3.8107991e-01  -1.7855728e-01  -1.6307941e-02  -5.3506060e-02   3.8690310e-01  -7.4362191e-02   9.1343294e-02  -1.9420412e-01  -3.2767869e-01  -8.7863754e-02   2.9481874e-01   1.7202572e-01   4.1334525e-01  -1.9355889e-02  -4.6983110e-01  -2.5091687e-01   6.7133472e-02  -3.5929443e-01   3.2246110e-01  -1.4390703e-01   1.5998479e-01   1.0057548e-01   1.7195673e-01  -1.6450767e-01  -5.3589333e-03   1.8855279e-01  -1.7633011e-01  -1.6582115e-01  -3.5352528e-01   1.1427122e-01  -6.2892640e-02  -1.5980421e-01   2.8435022e-01  -1.0471180e-01  -2.7391502e-03   2.3470091e-01   6.0807930e-01   1.6261842e-01   1.2994034e-01  -3.7060406e-02  -2.1727727e-01  -9.2616820e-03   3.6265445e-01   6.5402988e-01  -5.0224534e-02  -4.0294299e-01  -9.6776093e-02  -5.2805040e-02  -3.3328139e-01   1.2439016e-02  -1.4808417e-01   3.4683352e-01  -9.3684347e-02  -5.5374680e-02   1.0537159e-01   2.2399587e-01  -1.7961549e-01  -7.4158376e-03   1.9197035e-01   3.0286910e-01  -2.0799711e-01  -2.3749502e-01   1.4385353e-01  -1.3223650e-02  -9.0038390e-02  -1.5416412e-01
  -2.4975352e-01   5.4073593e-01   0.0000000e+00  -2.2636414e-01   3.8607958e-01   3.2095761e-01   4.2526052e-01  -3.0084508e-01   2.3006940e-01   1.8913772e-01   8.4444482e-02   5.1273734e-01  -2.1305600e-01  -4.3504574e-01  -1.8244415e-01   1.5111201e-01   6.9895481e-01  -8.7659215e-02   2.5622406e-01   3.1759658e-01   8.6760305e-02  -2.4687817e-01   4.9347522e-02  -1.3135034e-01   1.3514278e-01  -1.4917045e-01   5.3415856e-01  -3.1917800e-02   1.7362875e-01   7.7348203e-02  -1.7515371e-01  -3.6686894e-01   1.6734733e-01  -1.0421377e-01   1.2222164e-01   3.1862857e-01  -1.7883322e-01  -1.7218459e-01   1.3963841e-01   6.1471065e-01   1.0192898e-01   1.4472389e-01   5.3011902e-01  -1.6867579e-01  -1.4418135e-01   1.4291586e-01  -1.3404592e-01  -2.9346157e-02  -1.3412677e-01   5.2685953e-01  -2.4755962e-01  -3.6365944e-01  -7.7025668e-02   2.5354400e-01  -2.1394539e-01  -1.0027809e-01  -3.2274264e-02  -3.9963684e-01   3.1187198e-03  -1.4021163e-01   1.3397796e-01  -3.2223183e-02   2.7984717e-01   1.0687637e-01   1.1029215e-03   2.5511548e-01   3.6535645e-01   3.2958148e-01  -1.9876056e-01   2.9506010e-01   3.2184538e-01  -8.3024953e-02   9.9527001e-02   5.5403255e-02   1.1325426e-01  -1.1690660e-01   3.3537841e-01  -1.7814407e-01   5.1162715e-01   1.0985313e-01  -1.8500743e-01   1.2894296e-01   7.3881734e-02  -2.9223891e-02   3.4066012e-01  -9.9818355e-02   2.3521469e-01  -1.8739168e-01   2.5552508e-01  -1.2020816e-01   3.4558548e-01   2.8490853e-01   2.6534021e-01  -3.1875717e-02  -2.3674205e-01   3.2247224e-01   2.1807225e-01  -2.3051241e-01   4.9473312e-01  -8.9607253e-02   2.4632976e-02  -1.0304940e-01  -4.0403279e-01   1.5958670e-01  -2.5108419e-01  -1.7243519e-01   8.3347342e-02  -1.3207964e-01  -3.1574305e-01   3.9519155e-01   2.4151564e-01  -2.7632626e-01   8.2523966e-02  -1.1357440e-01  -1.2163154e-01   2.7375753e-01  -2.9805340e-01   7.7024802e-02  -1.7183028e-01  -1.3116654e-01   3.7536073e-02   4.0400398e-01   3.9762099e-02   3.7938020e-02   4.7643412e-02  -3.8690074e-01  -2.1227087e-01  -8.2582348e-02  -3.0299462e-01   3.6665903e-01  -2.0871053e-01   1.3383635e-01   7.1801208e-02   8.6019322e-02  -5.5171485e-02  -1.4137869e-01   1.8586446e-01  -2.4972930e-01  -1.3917490e-01  -2.7668100e-01   1.5193726e-02  -1.9665000e-01  -1.5806559e-01   4.3886700e-01   8.4450255e-02  -2.5161720e-01   2.7326739e-01   3.7228781e-01   4.6804348e-01  -1.2103394e-02   1.9862683e-01  -2.3712318e-01   1.8918030e-01   2.5290363e-01   7.5276997e-01  -4.4223309e-02  -1.1245477e-01  -1.1128344e-02   8.5557049e-02  -2.7088969e-01   2.2488345e-01  -2.5409669e-01   2.2947875e-01  -3.2099310e-02   5.4026615e-02   1.8037690e-01   2.5702935e-01  -1.6216460e-01   2.1738849e-01  -2.5734911e-02   3.7086371e-01  -1.6460444e-01  -1.1712245e-01   4.1549932e-01   1.0330937e-01  -1.6560256e-01  -1.5362966e-01
   3.3800709e-01  -3.1103368e-01  -2.2636414e-01   0.0000000e+00  -1.8609349e-01   2.0607553e-01  -1.8609327e-01   1.5998034e-01  -9.5040943e-02   2.5857215e-02  -1.7624929e-03   5.6607804e-02   1.2272344e-01   3.1088363e-01   5.0604235e-02  -1.2487591e-01  -2.7215446e-01   1.9035611e-01  -1.3882595e-02   3.1252711e-02  -1.4186126e-01   4.1818428e-01  -5.8360023e-02   2.3808414e-01   1.1368110e-01   2.5081413e-01  -1.6193363e-01  -1.3847539e-01   1.1395895e-01  -1.2974233e-02  -7.0666261e-02   2.0914307e-01   1.6240384e-02   2.8265436e-02   2.6589477e-01  -8.6942790e-02   7.7307735e-02   2.1907722e-01  -2.8787058e-01  -1.6239558e-01  -1.1797409e-01   1.0577560e-01   1.1390345e-01   1.7182784e-01   3.5892665e-01   1.1624280e-01   1.9473728e-01  -2.0641138e-01  -4.1985810e-02  -1.7185531e-01   3.1849878e-01   1.2096350e-01  -2.7074025e-01   1.5207418e-01   1.2927062e-01   2.1521346e-01   1.0526008e-01   3.8991675e-01   5.1174447e-02   3.0086825e-01   2.7998834e-01   1.5404088e-01   7.8820049e-02  -1.1539142e-01  -1.2773797e-01  -9.8058350e-02  -4.0194629e-02   2.9166449e-02   3.4351744e-01   5.1434348e-02  -3.8064709e-01   4.3891785e-01  -3.2799111e-01   3.1897128e-01  -1.1965479e-01   3.0046570e-01   2.9092983e-01   7.8907204e-02  -1.9247149e-01   2.0006235e-01  -8.5960370e-02  -1.3452943e-01  -3.0987328e-01  -4.3755202e-02  -2.4780458e-01   2.5620404e-01  -2.4981842e-01  -9.4398372e-02  -1.0137912e-01   1.8795255e-02  -2.8129278e-01   1.6828330e-01  -1.0327596e-01   2.7985119e-01   2.4194656e-01  -3.2337880e-02   2.0982846e-01   1.6493991e-01   1.2917183e-01   3.7320800e-01  -2.1815918e-01   2.0335372e-01   3.7375507e-02  -1.7263365e-01   3.1082925e-01   4.2189013e-01   2.0714417e-01   3.0898909e-01   5.8010214e-02  -3.2067894e-01  -1.8340174e-01   2.5067599e-01   4.2261205e-01   7.0301408e-02  -9.7839096e-02  -2.7826958e-01   6.0633845e-02  -2.2805032e-01  -3.9362398e-02   6.5297646e-01   3.7493723e-01  -1.8846789e-01  -3.1106636e-01  -2.6936705e-01   1.2174656e-01   3.9850219e-01   3.6465491e-01   2.5861666e-01   4.1299824e-01  -2.8381320e-01  -2.8574155e-01  -2.2379672e-01   1.4222588e-01  -1.9887242e-01   4.9236651e-01  -1.2735614e-02   2.7532252e-01  -2.9705533e-02   2.7492254e-01   2.2195070e-01   2.6138122e-01   6.8389635e-02   1.1308185e-01  -1.0337917e-01   1.1035948e-01   1.0979679e-01  -7.1024208e-03  -3.9592317e-01  -8.1919113e-02  -5.3249942e-02   5.3184105e-02  -1.9730699e-02   2.4112690e-01  -4.3303333e-01  -3.6967049e-01   1.2689514e-01   3.1447726e-01   3.0172124e-01   3.3079015e-01  -2.0050390e-01   2.1211829e-02   1.9314336e-01  -3.3626068e-01   3.6186477e-01   2.5220881e-01  -1.8854525e-01  -2.3063052e-01   1.7381383e-01   1.9427752e-01  -2.1759143e-01  -2.5542374e-01   3.6985180e-01   2.6405668e-01  -1.7335962e-01  -8.6150467e-02  -1.7038716e-01   4.6121400e-01
  -4.3993243e-02   2.6052751e-01   3.8607958e-01  -1.8609349e-01   0.0000000e+00  -1.3456091e-01  -1.9077098e-03   2.0246552e-01   2.5370564e-01   1.5831634e-01   7.7990746e-02   1.2463518e-01   1.3190439e-01  -3.4136667e-01  -3.1840786e-01  -1.5003389e-01   5.9188105e-01  -1.6169623e-01  -1.4667812e-01   7.6253861e-01  -3.3751798e-01  -6.5942153e-02  -3.1814259e-01  -2.8506692e-02   1.4918443e-02   1.5442699e-01   7.2627728e-02  -1.0973213e-03   1.5986254e-01  -3.6504143e-01  -2.0311680e-01  -1.9993234e-01   3.8884508e-01  -9.1227520e-02  -1.0260243e-01   5.1746998e-01  -1.7655169e-01  -4.2170065e-01   1.0699570e-01   4.9761297e-01   1.4968597e-01   3.0027367e-01   3.6912663e-01  -2.0710523e-01  -9.8519932e-02  -3.2522567e-01  -1.3005844e-01  -3.6410910e-01  -4.3623006e-02   6.6259792e-01  -3.8830946e-01   1.4769940e-01  -1.6073199e-01   1.4134776e-01  -2.3128177e-01  -3.3806967e-01  -1.2549415e-01  -2.4452600e-01   5.6333120e-02  -3.6166234e-01   1.9548714e-01   2.5953961e-01   2.0613623e-01   1.4645034e-01   1.2189788e-01  -3.5768495e-02   1.6312904e-01   1.2964362e-01  -3.0367473e-01  -4.1398336e-01   2.8083387e-01  -4.0193266e-01   2.3137336e-01  -2.7024441e-01   1.0800278e-01   1.9790140e-01   2.1953932e-01  -2.0113576e-01   6.1896217e-01   1.8112143e-01  -2.0161426e-01   1.3419810e-01   9.5842776e-02   1.7481230e-01   5.7152771e-01   3.0097208e-01  -1.4989239e-01  -1.6023392e-01   2.4903236e-02  -3.2099451e-01   7.0092929e-01   1.9880120e-01   4.1298417e-01   1.0187289e-01  -2.2709907e-01   8.0903820e-01   2.5564110e-01   1.0776858e-01   4.2874238e-01  -1.2092503e-01  -1.1212188e-02  -2.9270499e-01  -1.5195043e-01   1.0493279e-02  -4.8704376e-01   1.3696310e-01   1.1217224e-01  -1.3909432e-01  -1.3027050e-01   2.5352646e-01   1.8376186e-01  -4.9962845e-01  -1.4715323e-01  -3.4130809e-01  -2.0718121e-01   5.1998945e-01  -2.4133287e-01   1.7074718e-01  -2.1264701e-01  -1.4673533e-01  -3.0867666e-01   7.4693393e-01   6.5801099e-02  -9.9895649e-02  -1.6598173e-01  -5.1395455e-01  -3.3377521e-01   1.5012143e-01   3.3120379e-03  -1.3576312e-01   3.6701052e-02   1.1411196e-01  -7.1085275e-02  -1.0718018e-01  -3.4730179e-02   2.7610733e-01   2.8199904e-01  -3.0264280e-01  -5.5067974e-02  -2.5378349e-01  -8.1714601e-02  -1.7146183e-02  -3.2305528e-01  -6.8504480e-02  -2.1662799e-01  -3.7089048e-01   5.6561139e-01   3.4841805e-01  -1.2106750e-02  -5.9107228e-02  -4.1295943e-02   1.5941909e-01  -1.9884693e-01   5.0417454e-01   5.0589357e-01   3.0428197e-02  -1.6186420e-01   1.3344458e-01   3.3608201e-01  -1.9255614e-01   6.4112902e-02  -2.4082923e-01   1.1880077e-01  -2.5249543e-01   1.9683188e-01   3.7592528e-01   1.8594060e-01  -4.1031664e-02  -3.8179055e-02   3.7900665e-01   5.1174395e-01  -2.5033136e-01  -1.6090908e-01  -9.4357709e-02  -9.3743691e-02  -5.7098859e-02   2.2749944e-01
  -2.9051357e-01  -3.7367491e-02   3.2095761e-01   2.0607553e-01  -1.3456091e-01   0.0000000e+00   4.8615842e-01  -2.9107177e-01  -1.7142958e-01   1.2996930e-02   1.6500974e-01   4.5583462e-01  -2.8667157e-01   3.4091544e-03   1.5500306e-01   4.3277638e-01  -1.2999522e-01   3.7129356e-01   3.7793423e-01  -6.9554464e-02   4.3101599e-01  -9.3432006e-03   3.4084518e-01  -1.5316528e-01   1.6811960e-01  -1.4176291e-02   6.4549129e-01  -2.2835859e-01   2.1347893e-01   5.4092296e-01  -2.1174537e-01   3.5713950e-02   3.6129103e-02  -1.6257308e-01   3.8487649e-01   2.7824445e-01   5.9938495e-02  -4.9634496e-02   1.5940851e-01   1.1440801e-01  -2.8765847e-01   1.0839200e-01   3.3667680e-01   1.3721615e-01   3.9834279e-01   9.1957834e-02   2.7227482e-01   1.6634728e-01   2.7273982e-01  -1.5391715e-01   2.2963171e-01  -2.5960459e-01  -1.3044770e-01   2.3061368e-01   9.8780201e-02   4.2326115e-01   2.1991129e-01   2.1111095e-02   1.5168520e-01   1.4003837e-01  -4.0470905e-02  -6.4762751e-02   1.8349909e-01  -2.1326991e-01  -4.9657686e-02   4.2473429e-01   6.9400738e-01   1.4615719e-01   2.8390612e-01   6.3118519e-01  -2.3024633e-01   5.4179169e-01  -2.7491798e-01   4.6346420e-01  -8.3368800e-02  -7.2345595e-02  -9.2673834e-03   1.3782574e-01   5.8260694e-02   1.9877462e-01   3.0870832e-02  -9.7674334e-02  -1.2113057e-01  -2.1509068e-01  -3.2649976e-01  -5.8136886e-02   2.7981692e-01  -1.6228982e-02   1.0281627e-01  -7.9983366e-02  -1.6062636e-01   2.7335887e-02  -7.0611401e-02   2.2228676e-02  -3.2682382e-01  -1.9777528e-01   3.2310680e-01  -1.5593500e-02   3.7720808e-01   3.3318331e-01  -2.5202561e-01   3.0963786e-01  -1.5761805e-01  -2.6468735e-02   3.4137317e-01  -2.0099016e-02   3.3280614e-01   5.4991430e-01  -1.1789909e-01   4.5138417e-01   1.3159534e-01   3.2649336e-01   4.2911874e-01  -6.7130891e-02  -1.0580471e-01  -1.4007531e-01   1.0264508e-01  -1.9147148e-01   4.2727974e-02   1.6226418e-01   1.6559408e-01  -2.2190455e-01  -1.8036659e-01   7.8450192e-02  -5.7329865e-02   2.1604273e-01   2.5613371e-01  -1.0524282e-01  -2.8566724e-01   3.0678276e-01  -2.9415248e-01   2.9384921e-02   1.3662355e-01   1.0188250e-01   6.4772863e-02  -1.1899466e-01   1.1767373e-01  -3.9686784e-02   7.8827232e-02  -3.2433042e-02   1.1508678e-01  -2.4230599e-01   2.7992507e-01   3.4831215e-01   2.5065580e-01  -3.2608980e-02  -3.5563167e-01  -9.4009747e-02   5.9603791e-01  -2.6161384e-02   1.7659053e-01  -3.2736247e-01   2.9029601e-01  -1.3774890e-01   8.2875098e-02  -8.8297519e-02   9.5022925e-02   1.3157223e-01  -6.5359190e-02  -1.4238702e-01   1.8834945e-01  -6.9660063e-02   2.3969620e-03   3.6669508e-01  -7.6260411e-02  -1.3556628e-01   2.0147292e-01   1.5156303e-01   3.1827961e-01  -2.0782066e-01   6.1611160e-02   1.7072716e-02   4.2209729e-01   5.5437351e-01   1.8265588e-01  -1.9745720e-01  -1.2965186e-01
  -4.1037282e-01   2.1484420e-01   4.2526052e-01  -1.8609327e-01  -1.9077098e-03   4.8615842e-01   0.0000000e+00  -4.7647342e-01   9.6944266e-02   2.7626891e-01   6.2208001e-02   4.0213858e-01  -1.0944280e-01  -1.8981192e-01   4.6128186e-02   2.7282145e-01   1.5060660e-01   1.6433780e-01   3.5867415e-01  -5.4065638e-02   3.9190817e-01  -6.3427945e-02   4.4796684e-01  -3.5234720e-01   2.2623444e-01  -3.8761512e-01   5.2713748e-01  -1.4806508e-01  -2.1393983e-03   4.8833905e-01  -2.5618807e-01  -8.1705180e-03   1.8685673e-02  -3.2786861e-02   2.9008864e-01   1.8195653e-01  -7.7147985e-02  -1.8633547e-01   6.4822190e-02   1.4962735e-01  -1.1071342e-01  -1.0168552e-01   1.7676825e-01  -1.3260165e-01   2.7131289e-01   6.3079480e-02  -6.2498634e-02   1.6306050e-01   1.5765640e-01   4.0450360e-02   2.5098390e-01  -4.7965402e-01  -1.2395097e-01   1.6565928e-02  -9.2887118e-02  -1.3929052e-02   8.5938371e-02  -2.4535561e-01  -1.3079021e-02   3.7076622e-03  -1.1559438e-01  -1.6154379e-01  -1.8854612e-02  -1.4366028e-01  -9.0523870e-02   5.9644782e-01   3.1940185e-01   2.2372901e-01  -2.2158616e-02   5.0630893e-01   1.6013382e-02   1.8704768e-01   3.6510959e-02   1.3262461e-01   1.2373520e-01  -2.0518489e-01  -8.7552449e-02  -1.6864781e-01   1.2901961e-01  -1.6890924e-01   1.9594032e-01   2.2877192e-01  -9.4588083e-03  -1.3059903e-01  -2.0428519e-01  -2.1814223e-01   3.8950985e-01   3.3098081e-02   1.0109399e-01  -1.2447889e-01  -7.9549378e-02  -1.4910808e-01   5.3467037e-02  -4.6999432e-02  -2.8975313e-01  -2.0417865e-01  -4.5020504e-03  -2.3474037e-01   2.4848087e-01   3.1093866e-01  -2.0669441e-01   3.1320738e-01  -2.0992313e-01   8.7479690e-02   2.5596243e-01  -1.7642127e-01  -1.0741592e-01   1.0473547e-01  -2.0665918e-01   3.5759125e-01   1.7680831e-01   1.6968361e-01   8.2781676e-02  -7.6511431e-02  -4.9848980e-02  -2.3229450e-02  -2.4374252e-02  -5.3011809e-02  -1.5057717e-01  -1.3270778e-01  -2.7454959e-02  -1.0358712e-01  -4.7353352e-02   2.4730738e-01   6.5939937e-03  -4.1624285e-02   2.5239238e-01  -2.7924479e-01  -3.3293599e-01   3.1660794e-01  -4.9665559e-02   3.7136597e-01   5.5198912e-02   1.0439093e-01  -1.3053142e-01  -7.7765963e-02  -2.6064685e-01  -9.6407907e-02  -2.2457792e-01  -2.0130757e-01  -1.8015958e-02  -5.0700123e-02  -1.3361718e-01   1.7663409e-01   4.3708200e-01  -3.9668733e-02  -1.8703293e-01   1.9035731e-01   4.3555499e-01   1.1606715e-01  -4.7276352e-02  -3.2970481e-01   5.5379264e-02   1.0163428e-01   2.1973205e-01  -1.6658158e-01  -2.0864958e-01  -2.6163492e-01  -2.1241052e-01   1.1130680e-01   1.3997897e-01  -1.9688596e-01   2.1541269e-01   1.6389685e-01  -1.4626378e-01   1.2728263e-01   2.0035543e-01   9.2428185e-03   6.5766592e-02  -2.8655331e-01   1.5349375e-01  -3.1994048e-01   1.8908292e-01   4.3533457e-01   1.8391560e-02  -1.6889228e-01  -2.0492936e-01
   2.9458250e-01  -2.0532112e-01  -3.0084508e-01   1.5998034e-01   2.0246552e-01  -2.9107177e-01  -4.7647342e-01   0.0000000e+00   1.9129982e-01  -2.8009327e-01  -1.6111640e-01  -1.2432443e-01   1.0229603e-01   4.3203375e-02  -2.0443147e-01  -2.2575812e-01  -9.7291122e-02  -3.2307839e-01  -2.1080722e-01   1.8367098e-01  -4.6743895e-01   9.4386895e-02  -5.4094989e-01   2.6191146e-01  -2.5309532e-01   4.8918380e-01  -2.9526204e-01   9.6188749e-02  -2.9995401e-03  -5.0487030e-01  -1.7165155e-01   8.9974321e-02   9.5376110e-02   5.1440761e-03  -2.2833879e-01  -1.1795740e-01  -1.0403887e-01   9.9274370e-02  -1.5709965e-01  -1.0495025e-02  -1.7308867e-02   6.1159174e-02  -1.0101429e-01   1.2718632e-01  -2.9347937e-01  -6.9538788e-02  -2.2412433e-01  -3.4250844e-01  -1.6896244e-01   7.2130670e-02  -3.2163179e-01   7.4839177e-01  -1.1506430e-01  -1.4148676e-01  -1.7800745e-03  -8.5709010e-02  -6.8702824e-02   2.7132661e-01   6.4146942e-02   7.4259264e-02  -5.4967177e-02   4.7621859e-02   1.1562414e-01   2.3894891e-01  -6.7646680e-02  -4.4020277e-01  -3.3245855e-01  -4.1598857e-01  -1.0867683e-01  -4.6429312e-01  -1.0515385e-02  -3.7601038e-01  -1.4402053e-01  -1.5669698e-01   8.1904112e-02   3.9862593e-01  -4.9540672e-04   3.3689472e-01   4.1281634e-02   1.0731914e-01  -2.8355109e-01  -1.0738680e-01  -1.5816663e-01   3.8103937e-01   2.1777318e-01   4.5865783e-01  -3.4441441e-01  -1.3102323e-01  -1.9371688e-01   8.2054752e-03   2.0969834e-01  -1.3549963e-02   8.3813192e-02   2.3024217e-02   2.2818864e-01   2.7117011e-01  -1.6685674e-04   3.8627526e-01  -2.1612167e-01  -3.2445399e-01  -8.8566783e-02   1.3568562e-01   1.0545801e-01   1.0937080e-01  -3.6665290e-01   1.3456760e-01  -2.8867736e-02   7.1705952e-02  -8.3807659e-02  -3.0558289e-01  -8.8859624e-02  -3.6610696e-01  -2.9123125e-01   5.5698752e-02  -9.0379127e-02   1.0274735e-01   1.3441435e-01   1.0609236e-01   2.7076571e-02  -7.1975122e-02  -1.2540460e-01   2.3140151e-01   1.6697536e-01  -2.9235408e-01   1.3288036e-01  -1.1184471e-01  -3.5155932e-01   2.3392217e-01   3.9611555e-01  -4.7220916e-01   2.0415604e-01  -3.4820425e-01   8.6296830e-03  -2.5502679e-01   1.2577036e-01   4.9122402e-01   1.7014918e-01  -1.3130833e-01   6.0766291e-01   8.3642108e-03  -2.5647313e-02   4.7905707e-02   1.3736908e-01  -2.2058375e-01  -2.6155690e-01  -2.9025361e-02   3.4475198e-01  -1.6064619e-01  -3.2922845e-01  -3.3177090e-01   2.2075006e-02   5.5071156e-01  -1.3435486e-01  -9.2791264e-03  -1.1365219e-01   2.4848082e-02   3.7808340e-02   2.8224871e-01   1.2205773e-01  -2.0377708e-01  -1.9867400e-01   2.6638234e-01  -2.9201820e-01  -1.5900321e-01   3.2813995e-01   7.1082894e-02   6.1427088e-02   1.2898370e-01  -1.0088010e-01   2.7073546e-01   1.0278264e-01   1.7505767e-01  -3.4755299e-01  -4.7350730e-01  -1.1993327e-02   2.8511566e-01   1.7933691e-01
   1.7197458e-02   4.8444626e-01   2.3006940e-01  -9.5040943e-02   2.5370564e-01  -1.7142958e-01   9.6944266e-02   1.9129982e-01   0.0000000e+00   1.6991481e-02  -8.9740417e-02  -8.0784540e-03   6.1665807e-02  -2.2081532e-01  -4.6184409e-01  -1.1637187e-01   1.6390122e-01  -1.2310731e-01   2.6204433e-02   4.9877045e-02  -4.6065585e-02  -5.3932555e-02  -1.3264675e-01  -8.5143291e-03   1.1003716e-01   3.0657327e-02   4.9670482e-02  -3.5864909e-02   1.7559824e-01  -1.5950218e-01  -1.4217166e-01  -2.4740286e-02   1.9872708e-01  -6.9039481e-02  -5.4316607e-03  -4.7075307e-02  -5.3985143e-02  -5.4232972e-02   1.0569847e-01   2.0555692e-01   7.0055891e-02   1.0204429e-02   7.1878460e-02  -7.1524989e-02  -2.6468299e-01  -8.3649428e-02  -2.2033397e-01  -6.7419234e-02  -3.9668517e-02   1.3350007e-01  -2.4123753e-01   1.1377815e-01   3.0770668e-02  -7.2239194e-02  -1.6449428e-01  -1.7561910e-01  -1.4960714e-01  -1.5756324e-01   1.5763972e-01  -1.2102246e-01  -2.6923675e-02  -2.7254738e-01   3.6396466e-01   3.5197692e-01   2.5039874e-01   4.3341734e-02  -2.4074709e-01  -2.7348666e-02  -1.9786430e-01  -1.2127990e-01   2.9421904e-01  -3.1567045e-01   1.0167399e-01  -2.3080159e-01   1.2473840e-01   8.8996737e-02   2.2851077e-02   1.1973991e-01   9.5473847e-02   5.8452513e-02  -1.4293036e-01   4.3132800e-02   5.2735175e-02   2.0981016e-01   2.0463268e-01   1.6194168e-01   1.0411585e-01  -3.4658816e-01   2.0911484e-01  -2.1139307e-01   2.7880159e-01  -1.9604606e-01  -1.1052802e-01   1.7817194e-01  -5.6219297e-02   1.0780796e-01  -3.5041224e-02   9.4354343e-02   1.7720994e-01  -2.9710156e-01   1.5428934e-02  -2.9776193e-01  -1.2567541e-01   4.7265175e-01  -2.4099370e-01   3.3251786e-02  -2.1192267e-01  -1.9558667e-01  -2.6056537e-01   1.0347438e-01  -1.4651267e-01  -3.0836022e-01  -2.0043268e-01  -1.5882798e-01  -1.6399258e-01   2.3157679e-01  -2.1221439e-02   9.6302114e-02  -2.4865021e-01  -2.0246156e-01  -1.0773147e-01   2.1576524e-01   6.0423383e-03   2.1794823e-01   1.4982709e-01  -2.0825709e-01  -3.7539352e-01  -1.3180599e-01   1.5303106e-01  -5.7855071e-02   2.4223018e-02  -4.7134867e-02   4.8727765e-02  -1.1300735e-01   1.4640708e-01   2.8671539e-01   1.6135699e-01  -1.1990178e-01   6.1979747e-02  -3.6264267e-01  -5.9681007e-02  -1.5068912e-01  -1.5958732e-01  -2.4122745e-02  -2.2194461e-01   2.4612797e-01   1.5780207e-01   5.1439535e-01   2.3450684e-02  -8.6514570e-03  -3.1808348e-01   3.3752893e-02  -1.9864005e-01   3.3875481e-01   2.3741503e-01  -1.2270729e-01  -2.7212299e-01  -8.0114107e-03  -1.5708561e-01  -2.2561237e-01  -1.3358243e-01   1.8119878e-01   1.6342997e-01   8.2581361e-02   1.8843724e-01   1.3144024e-02   5.9404907e-02  -1.7962121e-01  -4.2313787e-02  -2.0953112e-02   1.3913549e-01   7.1063980e-03  -2.0423647e-01  -1.8574577e-01  -3.5696912e-02   1.6385630e-01  -2.3490127e-02
  -9.0069623e-02   5.1761567e-02   1.8913772e-01   2.5857215e-02   1.5831634e-01   1.2996930e-02   2.7626891e-01  -2.8009327e-01   1.6991481e-02   0.0000000e+00  -1.2703514e-01   2.1668098e-01   2.3977905e-03   1.5119679e-02   2.6365360e-01  -4.1283000e-02   3.2292618e-01   1.1782803e-01  -9.8202588e-02   2.0437032e-01  -1.3313988e-01  -4.3516226e-02   1.6321954e-01  -2.1145036e-01   9.3236520e-02  -1.9839107e-01   1.5689600e-01  -4.8935824e-02   2.2521097e-01  -9.4900810e-02   4.9228361e-02  -1.1550287e-01   2.2750311e-01   3.5121026e-01   3.3769739e-01   1.7074477e-01   1.8346421e-01  -2.5108642e-01  -8.1025007e-02   3.2109164e-01   1.0025015e-01   1.4276470e-01   1.0244187e-01  -2.9176161e-01   3.9709008e-01  -2.4028866e-01  -1.3937107e-01  -6.9291647e-02   1.3395454e-01   3.2011506e-01   1.9740567e-01  -1.8208179e-01  -1.5481351e-02   1.5605763e-01  -2.1692054e-01  -9.8584945e-02   6.1010562e-02  -1.8093249e-01   2.3548259e-02  -1.0526640e-01   2.4156418e-01   1.8121001e-01   3.0854228e-03  -1.2781316e-01   1.5198123e-01   2.1064885e-01   1.6502893e-01   5.0209906e-02  -3.3356620e-01   1.0483414e-01   1.5372076e-01   6.7901487e-02  -9.3455349e-02  -1.3120194e-01  -9.0104758e-02   2.2862854e-02   1.2383545e-01  -1.4045886e-01   7.2547756e-02  -5.4034662e-02   2.6571056e-01   3.3570290e-02  -3.7102554e-02  -1.8973370e-01   1.0785529e-01  -5.9468638e-02  -5.4582249e-03  -3.4853637e-02   5.3650886e-02  -1.3610294e-01  -7.5040860e-02   1.3777752e-02   2.3101613e-01   1.0757564e-01  -1.9173427e-01   1.8534947e-01   5.7753482e-02  -8.8447598e-02   9.0888561e-02   5.9308327e-01   5.9701753e-02  -6.0694105e-03  -5.4500374e-02  -1.3262055e-01   4.8050190e-03   3.1048904e-02  -1.6911623e-02  -9.6188241e-02   1.6588935e-01   1.4730336e-03   3.5948779e-01  -8.0689203e-02  -3.3299268e-02  -3.3353124e-01   1.8368487e-01   2.0146263e-01  -1.4659364e-02   1.2422504e-01  -9.5599269e-02   7.2124000e-02  -1.2267484e-01   1.4413664e-01  -3.7490755e-02   3.2193276e-02  -1.9877068e-01  -1.4471375e-01   3.1848267e-01   1.8325585e-01  -2.3291476e-01   1.7439449e-01  -1.4578095e-01   3.9019769e-01  -5.3547721e-02   2.0550400e-02  -1.4545285e-01  -1.0218563e-01  -4.8610364e-02  -3.9971044e-02  -3.2299974e-01  -1.3580047e-01  -1.5420821e-01  -6.0990285e-02  -3.7785829e-01  -2.7641709e-02   3.5833740e-01  -1.9844392e-01   1.7593435e-01  -2.4613340e-02  -1.0978227e-01   3.3014213e-01   6.6449887e-02  -8.6596795e-02  -7.8142752e-02   8.3683749e-02   2.0548875e-01  -1.9744537e-02  -1.0392269e-01  -8.4086688e-03   3.9258143e-02  -6.8311194e-02   7.2546961e-02  -3.3650595e-01   2.0684273e-01  -1.1885318e-01  -1.5485632e-01   4.2927546e-01  -5.3658171e-02  -1.8110202e-01  -1.6801000e-01   5.2815915e-02   8.0078855e-02  -3.0968608e-01   4.7977274e-02  -2.2410819e-01  -6.7322390e-02  -7.5623811e-02   7.4023970e-02
  -1.1042463e-01   1.5077174e-02   8.4444482e-02  -1.7624929e-03   7.7990746e-02   1.6500974e-01   6.2208001e-02  -1.6111640e-01  -8.9740417e-02  -1.2703514e-01   0.0000000e+00  -2.4340439e-01   2.2454030e-01  -1.3292452e-02  -1.2681483e-01   1.6544712e-01   4.6263608e-02   4.3648153e-01   2.2674673e-01   5.6995264e-02   4.9861975e-01   1.0355975e-01   2.7004163e-01  -1.0399450e-01   1.7112288e-01  -1.1123988e-01   2.6194824e-02  -4.9332958e-02  -3.8724814e-02   4.6320643e-01   1.4780296e-01  -6.4779463e-02   7.3952901e-02  -5.0988023e-01  -1.0639536e-01   2.0567571e-01  -1.6313673e-02  -2.2305590e-02   1.9029100e-01  -1.6374504e-01   2.7857703e-01  -2.7161496e-02  -1.1466739e-01   3.0932661e-01   2.1789681e-01   2.3878391e-01   5.7635689e-01  -1.3688723e-02   1.1066177e-01  -9.7022861e-02   3.7963025e-01  -2.7130582e-01  -1.3513524e-01  -2.2272835e-01   1.8691301e-01   3.5498849e-01   7.3007057e-02  -6.6560147e-02   2.9058836e-01  -1.8216040e-01  -6.3471372e-02   7.2955494e-02  -2.6454211e-01   1.1971816e-01   9.4175994e-02   2.5171268e-01   1.6902306e-01   2.4913561e-01   4.4240827e-01   1.2907302e-01  -2.9487553e-01   2.8835086e-01   1.3623945e-01  -6.3828695e-02  -5.6656525e-04  -4.3818376e-01   1.4316398e-01   6.1677918e-02  -1.1780862e-01   3.1557036e-02  -1.6672521e-02   2.3638167e-01   4.3926585e-02  -2.2280862e-01  -2.5331605e-01  -2.3918994e-01  -7.3204136e-03   5.3536510e-03  -4.3678875e-02  -7.1450883e-02  -9.9653236e-02   2.9228386e-02  -2.8284000e-01  -6.2578099e-02  -5.9101940e-02  -3.3919752e-03   1.9779247e-01  -1.2404562e-01   2.0055045e-01   8.1343955e-02  -9.0398495e-02   1.6087441e-02  -6.8633002e-02  -4.5525943e-02   2.9847416e-01  -1.3321208e-02  -2.2878539e-01   6.6493235e-02  -2.9087820e-02   3.7248019e-01  -2.1605311e-01   2.4469054e-01   9.2909667e-02   2.8960860e-02  -1.4529644e-01  -1.9264316e-01  -1.3452939e-01   1.9629248e-01   3.4335866e-02   4.7908219e-02   1.7518634e-01  -1.1677272e-01  -1.3624496e-01   2.3805756e-01   1.3639915e-01   8.4878763e-02   7.0839520e-02  -2.5089827e-01   3.1857617e-02   1.5781730e-01   3.2713105e-01   2.1990426e-01  -1.0528069e-01   2.1845400e-01   5.5167299e-02  -2.8156494e-01  -9.0871467e-02  -4.0638654e-02  -2.0872252e-02  -1.5360251e-01   5.3493289e-02   1.7065998e-01   3.1642424e-01  -1.3885269e-01  -6.9754884e-02   2.7530352e-01  -3.1885617e-01   3.6870019e-01   2.2994432e-01   2.5897485e-02  -1.4387785e-01  -1.2246382e-01   1.2559744e-02   2.6949631e-01  -1.4461303e-01  -9.0994778e-02   2.2262580e-01   2.7837435e-01   6.3599645e-02   6.4788619e-02   8.3597367e-02   4.0438682e-01   1.9527865e-01   4.3357750e-01  -2.6237794e-01  -2.4857799e-01   1.0876054e-01  -7.5508741e-02   9.1537735e-02  -1.8059905e-01  -3.1086244e-02   2.0841547e-01   3.8196825e-01   2.6026842e-01  -9.8290479e-02  -1.5789726e-01  -3.3867053e-03
  -5.8203518e-02   3.3262910e-01   5.1273734e-01   5.6607804e-02   1.2463518e-01   4.5583462e-01   4.0213858e-01  -1.2432443e-01  -8.0784540e-03   2.1668098e-01  -2.4340439e-01   0.0000000e+00  -2.1888588e-01  -1.2796443e-01  -2.9354967e-02   3.0900980e-02   3.5389242e-01  -1.9716948e-01   2.7114478e-02   2.0868111e-01  -8.4060250e-02  -1.6981098e-01  -9.9230736e-02   3.5726703e-02  -2.7124445e-02  -4.0614156e-02   3.7597852e-01  -1.1755811e-01   2.0431711e-01   2.5834026e-02  -4.5282577e-01  -2.5049403e-01   2.7894280e-02   1.2237586e-01   4.1793715e-01   7.4726324e-02  -1.2022368e-01  -6.3047915e-02  -2.0115201e-01   4.8768469e-01  -3.1543480e-01   1.4728756e-01   5.7272704e-01  -3.2879283e-01   5.4501834e-02   1.0465184e-02  -4.0233779e-01  -1.2347523e-01  -1.1578177e-01   3.8851467e-01  -1.6622459e-01  -1.6823962e-01  -1.0042132e-01   2.7453338e-01  -1.2918554e-01  -7.1044525e-02   1.3035051e-01  -2.2333945e-01  -1.8390456e-01   2.3199482e-01   9.8340822e-02  -3.5359386e-02   4.1590161e-01  -8.1013728e-03  -4.7648965e-02   3.3063648e-01   2.6931024e-01  -1.1099608e-02  -2.3506504e-01   2.4414338e-01   1.4626700e-01   1.6273422e-01  -1.1134003e-01   3.2733099e-01  -1.4732560e-01   4.5813844e-02   6.3278746e-02  -2.1436313e-02   4.6118821e-01   1.3977288e-01  -2.8299711e-01  -4.2152104e-02  -2.4219096e-01  -7.4096172e-02   2.0169593e-01   6.7698001e-02   3.8478592e-01  -1.2251453e-01   1.2331058e-01   5.7780183e-02   1.4619841e-01   4.7730930e-02   3.8660661e-01   1.8302554e-01  -2.9095160e-01   1.5381266e-01   4.2889715e-02  -1.5336612e-02   2.5699661e-01   7.5088020e-02  -2.6957772e-01   2.8432789e-01  -4.4697138e-01   1.7496828e-01  -4.6524395e-02  -1.2762172e-01   1.9912213e-01   1.1323483e-01  -2.1408903e-01   1.8803066e-01   1.2574830e-01  -2.0182869e-01   1.5665696e-01  -1.1461631e-02  -1.0787920e-01   3.1461969e-01   5.1786286e-02  -1.1162417e-01  -2.9693139e-01  -7.7286165e-02   3.5361412e-02   3.3570252e-01   2.0435740e-01  -9.9682342e-03  -8.4265643e-02  -6.4484500e-02  -7.9920239e-02   7.6912681e-02  -2.7503244e-01   3.9047200e-02  -3.8233592e-01  -1.8204204e-01   4.3964034e-01  -1.9483074e-01   9.6064377e-02   1.0475479e-01   2.6646736e-01  -4.4487437e-01   1.2088229e-01  -6.6388478e-02   1.6211308e-01  -9.0576357e-02   4.1883528e-02   3.1587782e-01   2.3687985e-01  -3.4718576e-01   2.5536439e-01  -6.4834520e-02   5.1169808e-01  -2.4545236e-01   2.1002699e-01  -2.5535339e-01   2.1900781e-01   5.2527121e-03   4.8673049e-01   1.1515585e-01  -1.3124992e-01  -1.9745311e-02  -5.6395126e-03  -3.6979479e-01   1.6804315e-01  -2.6670305e-01  -1.3369422e-01  -9.9711802e-02   1.0363623e-01   3.0755841e-01   3.5792400e-01  -2.1544227e-02   1.5452478e-01   6.8106598e-02   4.9076729e-01  -1.4767749e-01  -1.4110077e-01   1.6833710e-01   1.2021983e-01  -6.3769897e-02  -3.2280859e-02
   4.8610820e-02  -9.4793783e-02  -2.1305600e-01   1.2272344e-01   1.3190439e-01  -2.8667157e-01  -1.0944280e-01   1.0229603e-01   6.1665807e-02   2.3977905e-03   2.2454030e-01  -2.1888588e-01   0.0000000e+00  -6.2121583e-02  -2.7518180e-01  -6.3346572e-02   3.2526241e-02  -5.6939980e-02  -2.7807514e-02   1.3747101e-01  -2.1449768e-01   1.6057880e-01  -2.7598161e-01  -1.0821041e-02   1.9242468e-04  -2.2097764e-02  -3.2598193e-01  -1.8092175e-01  -1.1649402e-01  -9.4342203e-02  -1.0783015e-01  -2.9888628e-02   1.4997186e-02  -3.0442814e-01  -3.4963821e-02   2.8492210e-02  -5.8871447e-02   3.0011834e-02  -8.6953317e-02  -2.1348032e-01   4.6790993e-01   1.2229376e-02  -1.9837202e-01   4.0097074e-02   1.8834602e-02  -4.0731346e-02   4.2254936e-03  -3.5485231e-01   7.6414824e-03   1.0544514e-01   3.8690930e-02  -4.9721439e-02  -2.6453953e-01  -1.2129935e-01   7.4746176e-02  -7.1211872e-02   2.6465476e-02   5.2898586e-02   1.0684935e-01  -1.3838875e-01   2.8990960e-02   1.3512315e-01  -1.0494449e-01   3.6796379e-02  -2.5312828e-02  -3.0968711e-02  -3.3845946e-01  -9.7328787e-02   5.5758972e-02  -3.6173618e-01  -1.3258366e-01  -1.4640542e-01   2.1729620e-01  -1.1111664e-01   1.2389141e-01  -1.1842546e-01   1.2135744e-01  -5.0493919e-02   7.3753561e-02   2.8216214e-02  -1.3985574e-01   1.6340987e-01  -2.3797284e-01  -3.4478012e-02   4.4899446e-02   9.4149578e-02  -2.1852049e-01  -1.6941855e-01   5.3474099e-02  -1.1747445e-02   6.5927049e-02   1.6370189e-02  -1.2363999e-01  -3.3006956e-02   1.0155145e-01   2.4295734e-01  -3.3206159e-02   9.7272432e-02  -3.9706233e-02   1.4501699e-02  -2.9896134e-01  -2.1507574e-02   3.6552974e-02  -1.2368885e-01  -4.5653793e-03   6.8097989e-02  -1.7358470e-01  -2.3058189e-01  -1.5005126e-01  -6.1097455e-02  -3.0457234e-01  -1.2925582e-02  -1.2531224e-01   7.2081631e-02  -4.1364612e-01   9.0728451e-02  -8.5454544e-02   1.7727041e-01  -2.8940991e-01   5.0334646e-02   9.4817087e-02   1.7194342e-01  -3.2909278e-03  -2.1537682e-02   4.5271381e-02   7.5380963e-03  -4.7177751e-02   7.6145730e-02   3.0789540e-01  -3.7274055e-01   4.4375127e-01  -1.6668791e-02  -1.3831516e-01  -2.3811578e-01   3.6295440e-02   8.3708625e-02  -8.1744750e-03  -2.6003748e-01  -2.7292761e-02  -2.4929798e-02  -1.6015650e-02   4.6789326e-01  -2.1576091e-01  -1.5812686e-01  -1.4450376e-01   1.6493847e-01   1.0910045e-01   1.4975621e-01  -1.9683146e-01  -8.0104477e-02  -2.5690752e-01   4.6229335e-02  -1.8853733e-02   2.2169890e-01  -1.3133525e-01   7.8194812e-02   1.1872508e-01   1.2053345e-01   1.5611231e-01   2.6689002e-02  -2.1684214e-01   2.8176535e-01  -1.5669433e-02   8.7287412e-02   4.3749718e-02   1.0575732e-01  -8.2879465e-02  -2.7032462e-02   4.4013391e-02  -9.4346483e-02   4.8805472e-02   9.7741368e-02  -4.6446418e-02  -1.6029401e-01  -2.3018371e-01   1.1361180e-01   2.0698817e-01
   3.2102260e-01  -3.2840523e-01  -4.3504574e-01   3.1088363e-01  -3.4136667e-01   3.4091544e-03  -1.8981192e-01   4.3203375e-02  -2.2081532e-01   1.5119679e-02  -1.3292452e-02  -1.2796443e-01  -6.2121583e-02   0.0000000e+00   2.1216657e-01  -1.8642446e-01  -4.3841435e-01   2.0228286e-01  -1.5458138e-01  -1.7252307e-01  -5.0566648e-02   3.6035974e-01  -7.8769088e-02   2.4263128e-01  -2.0114401e-02   3.8096148e-02  -2.3759558e-01  -8.6845391e-02  -2.1043878e-02   9.1067819e-02   9.3018832e-02   1.1654518e-01  -2.7316658e-01   2.3558582e-02   2.2690356e-01  -2.5499138e-01  -9.9397890e-02   2.7383297e-01  -3.1793471e-01  -3.6605286e-01  -2.2355178e-01  -1.8363668e-01  -2.0998614e-01   6.8286264e-02   4.3244301e-01  -6.3473973e-02   1.2311576e-01  -4.8260864e-02   5.3221026e-02  -3.9790298e-01   3.1042338e-01   1.0278031e-01  -9.7690243e-02  -1.4844207e-02   2.2196454e-01   1.9050241e-01   1.9271024e-02   3.8060221e-01   3.5239153e-02   4.5133949e-01   6.9702204e-02   3.1452124e-01  -1.2241246e-01  -4.3357182e-02  -5.4012803e-02  -1.7871979e-01  -7.7871935e-02  -1.0069334e-01   1.5512856e-01  -9.2455140e-02  -4.0112456e-01   3.1902414e-01  -1.8090660e-01   1.8584835e-01   3.9536880e-02   2.4080517e-01  -8.9692999e-02   1.4438077e-02  -3.8150491e-01  -5.7551647e-02   5.0724262e-03  -4.2492631e-02  -2.5210655e-01  -1.3131707e-02  -2.6570341e-01   1.7502199e-01   1.1387154e-02   3.1189792e-01  -1.0751811e-01   1.4579470e-01  -4.2113391e-01  -5.3481679e-02  -1.3508068e-01   1.7395667e-01   1.6030177e-01  -2.3649740e-01  -7.3978279e-02  -8.3154646e-02  -1.4685597e-01   3.0042443e-01  -1.5217171e-01   2.9852473e-01   3.5012985e-01   1.1080509e-01   2.9950957e-01   1.8288301e-01   1.2253158e-02   1.6368223e-01   1.0560238e-01  -2.5998279e-01  -1.5074074e-01   3.9104585e-01   1.4451681e-01   1.5392181e-01   4.4100726e-02  -1.7641440e-01   2.3984700e-01  -1.3829542e-01   5.1607351e-02   3.2137991e-01   2.2264958e-01  -3.3591147e-01  -1.1812228e-01   4.6328788e-02  -3.2335999e-02   5.6525379e-01   3.4212314e-01   3.8763668e-02   2.4707678e-01  -2.1659970e-01  -1.2655614e-01  -1.3709894e-01   2.1762183e-01  -2.5083222e-01   2.0968909e-01   8.6879798e-02   2.5330491e-02   1.8270749e-01   1.8552980e-01   2.6860743e-01   1.4170521e-01   2.2569337e-02   8.0357789e-02  -3.2969606e-01   2.2244854e-01   2.9108670e-01  -2.5099362e-01  -4.0928142e-01  -1.4708296e-01   9.8307967e-02  -4.0185893e-02   8.3360308e-02   1.1082478e-01  -3.0301602e-01  -5.2668404e-01   2.1482495e-01   7.1699845e-02  -1.0455686e-01   9.6546043e-02  -9.1446224e-03  -4.7872017e-02   1.4591352e-01  -3.0228923e-01   2.3811688e-01   1.1570222e-01  -1.4247648e-02  -1.8438343e-01   7.9043551e-02  -2.4593257e-02  -2.2674593e-01  -1.9265505e-01   2.3229963e-01   1.3855360e-01  -1.6837406e-01   2.6852656e-01  -9.2117194e-02   2.1707413e-01
