   0.0000000e+00  -4.0554437e-02  -1.9266126e-02   4.5476531e-02  -9.8722924e-02  -1.2384330e-03  -1.3020817e-01   2.5130083e-01  -1.8318108e-01  -3.1133733e-01  -3.6809170e-02  -7.1532280e-02  -4.1433739e-01   3.8341366e-01   7.4734493e-02   1.1493060e-02  -1.7740366e-01  -2.3221677e-02  -2.8336832e-02   3.1813557e-02  -2.8942352e-01   1.1986486e-01  -5.0201623e-02   4.7891026e-01  -2.8708935e-02   1.3308674e-01   8.5528038e-02   3.2620261e-01  -3.1051641e-01  -5.7462312e-02  -3.1381189e-01   1.7450402e-01   3.6558069e-02  -1.1271491e-01   3.6803602e-02  -9.4680328e-02  -1.5030250e-01   1.9315554e-01  -2.8323967e-01  -4.6776142e-02  -4.2731260e-01   3.3197224e-04  -4.3390911e-02   1.0428582e-02  -1.1500744e-01   1.3804466e-01  -9.2790336e-03  -1.7812641e-01  -2.0908895e-03  -1.2097609e-01  -4.1268494e-03   2.8007214e-01  -1.7694946e-01  -5.3733953e-02   5.1118167e-02  -2.2754315e-02   5.2456670e-02   3.3279880e-01  -6.7397720e-02   4.6327967e-01   1.9467854e-01  -7.5772110e-02   4.5038115e-02  -1.9660620e-01  -2.7372487e-01  -6.5296959e-02   7.1984023e-02  -2.7914784e-02  -1.8999772e-03   7.9371782e-02  -9.4941653e-02   8.6257397e-02  -3.5622937e-01   1.1216349e-01   1.3363358e-01  -2.4432008e-02   1.7259550e-01  -7.3136684e-02  -1.5187856e-01  -8.7440868e-02   1.8507842e-01  -2.4311989e-01  -1.3336764e-01  -3.3407968e-02   3.0584016e-01   5.1200722e-02  -2.7397863e-01   4.1448289e-01   3.4362056e-02   4.1434223e-01  -7.2567962e-02  -5.7623065e-04   3.4970707e-02   8.0979798e-02   1.3053210e-01  -1.3386858e-02   5.6003822e-02  -1.9474604e-02  -1.1378936e-01  -3.3725147e-01   2.8726861e-01   2.0121113e-01  -3.3926659e-04   4.9825508e-02   1.7384147e-01   1.0112429e-01  -3.4931064e-02  -5.0482712e-03   6.6915341e-03   1.3213569e-02  -2.9877595e-02   2.0839260e-01  -1.9178576e-03   4.5558645e-01   1.4054177e-01  -1.9582751e-01   1.2523501e-02  -2.9573200e-01  -2.8067174e-02   7.2813833e-02   1.3154247e-01  -5.5232955e-02  -2.8084964e-02  -3.1498010e-01   2.9131659e-01   1.6284647e-01  -4.1909302e-03  -1.8976875e-01   2.0313836e-01  -5.6911703e-02  -3.6075283e-01  -3.1419193e-01   3.2895829e-01  -2.8424392e-01   2.3921884e-01   1.1393860e-01  -2.5117057e-02  -1.1353591e-01   3.4270178e-01   1.2130731e-01   3.2457968e-01  -1.4168377e-01   1.0927851e-01   6.6034413e-02  -8.4979412e-02  -1.2683480e-01  -8.2036516e-02  -3.2597816e-02   8.4075426e-02  -3.0844118e-01   4.3976100e-01   1.7539125e-01   3.4474461e-01  -1.8563274e-02  -6.7553546e-02   2.4089572e-01   1.7889294e-01  -1.6937067e-01   5.7005164e-02   1.7409663e-01  -2.5497270e-02   2.3429756e-01  -2.1387418e-01  -1.7449818e-02   2.3010987e-02  -1.7709708e-01   5.8232542e-02   4.7191930e-02   2.4166897e-01   1.0184869e-02  -4.7317512e-02   1.8072353e-01  -1.2658039e-01  -1.3413870e-02   1.3538362e-03  -1.1561829e-01   1.5161612e-01
  -4.0554437e-02   0.0000000e+00   5.1046814e-01  -2.2029568e-01   5.7759372e-01  -1.9353104e-01  -2.0201153e-01  -1.0731050e-01   1.2850430e-01  -2.1640784e-02  -3.7171818e-01   5.9827594e-01  -7.1783371e-02  -3.3373512e-01  -4.1492708e-01  -1.4288514e-01   5.3635628e-01  -5.1474850e-01  -4.5012688e-02   4.7465883e-01  -3.5069459e-01  -4.9288697e-01  -5.6701012e-01  -3.1095685e-01   2.0491012e-01  -1.0499473e-01   4.9035874e-01  -2.9509395e-01  -1.0980403e-02  -1.8497919e-01   4.9627845e-02  -5.8513811e-01   4.5599298e-02   5.6642406e-02   4.6631445e-01   1.9043436e-01   6.4345106e-02  -4.4612582e-01   3.0981642e-02   2.1285666e-01  -8.6601830e-02  -5.9741112e-02   3.8198422e-01   3.9856350e-02  -2.8108747e-01  -4.3187222e-01  -2.4202425e-01   1.1308792e-01   1.8930044e-01   6.6519730e-01  -5.3352778e-01  -2.6204763e-01   2.7528059e-01  -2.5922608e-01  -2.4263882e-01  -4.2020416e-01  -9.7763897e-02  -4.9040707e-01  -1.3215175e-01  -2.6531051e-01  -4.0555573e-01   1.8568643e-01   2.9443490e-01   1.3246371e-01   7.3009514e-02   1.1909426e-01   1.0605804e-01   1.1900957e-01  -4.5487402e-02  -1.8812429e-01   4.7435636e-01  -4.5080867e-01   7.4734666e-02   2.4921460e-01   2.2500342e-02   1.9853105e-02  -4.0488770e-01  -4.7191496e-02   6.6246194e-01   2.5280830e-02  -3.1392116e-01  -6.3028299e-02   9.1272711e-02   1.0491212e-01  -2.6304407e-01  -2.5792614e-01   1.4305909e-02   4.2720532e-02   5.7976703e-02  -1.1999442e-01   5.5968888e-01   6.3793083e-02   1.7945135e-01  -1.3462210e-01  -5.2267884e-01   6.2516218e-01  -9.6175150e-02  -1.7906834e-01   1.7333874e-01  -7.7683155e-02  -5.0795352e-01  -2.1566922e-01  -2.0953144e-01  -1.6780773e-01  -5.7617436e-01  -2.6260738e-01   1.5857743e-01  -6.5496105e-02  -3.9728322e-02  -1.1491392e-01   7.7351175e-02  -3.4749416e-01  -1.0400652e-01  -3.0469598e-01  -3.7179619e-01   6.5122691e-01  -1.5505045e-01  -8.1715749e-02  -1.2558510e-01  -2.8338040e-01  -3.7782113e-01   6.1810270e-01   3.4289364e-01  -7.4252137e-02  -3.6487760e-01  -1.7853614e-01  -4.4856630e-01   4.8354328e-02  -2.6180702e-01   2.0826710e-02   7.8931506e-02   2.5869768e-01  -2.5752854e-01  -3.5048801e-02   8.1244586e-02  -1.5089037e-02   1.5136059e-01  -2.3130769e-01  -4.1113986e-01  -3.2909475e-01  -2.9121767e-01  -3.8330692e-04  -3.6776660e-01  -1.2823935e-01  -3.4455950e-01  -2.5476805e-01   2.0178552e-01   1.4685285e-02  -4.0702384e-01   2.8526531e-01  -1.7282235e-01  -2.1166806e-01  -1.4639356e-01   3.5552373e-01   5.3559658e-01  -3.7757654e-01  -3.9241388e-01  -1.5776302e-01  -1.3568065e-01  -1.1577296e-01  -1.6684924e-02  -3.3834224e-01   1.1903358e-01  -4.1231882e-01  -2.7978371e-01   4.9570095e-01   2.9246452e-01  -1.9503528e-01  -2.5209963e-01   2.4956732e-01   4.7783851e-01  -4.5559839e-01  -1.9802684e-01   2.0980667e-01   3.3187786e-02   2.7964108e-01  -2.4340931e-01
  -1.9266126e-02   5.1046814e-01   0.0000000e+00  -1.8280596e-01   4.7733363e-01  -1.3663654e-01   1.1364663e-02  -1.6399184e-01   3.8029209e-03   9.6002131e-02  -3.8536551e-01   5.0829420e-01   1.0516801e-01  -3.1102300e-01  -3.3242947e-01  -1.9156988e-01   8.5100356e-01  -3.0088874e-01  -1.9264689e-01   3.7563441e-01  -1.7513919e-01  -4.0993678e-01  -1.6223838e-01  -2.4470733e-01   4.9657436e-02  -2.2904771e-01   6.9102467e-01  -3.4730566e-01   5.4381096e-02  -8.4571787e-02  -5.1847370e-02  -5.3237739e-01  -1.8734788e-01   3.5337694e-02   2.7373084e-01   2.6700551e-01   1.1569243e-01  -3.3199071e-01  -7.3617888e-03   4.1737621e-01   1.6568118e-01  -7.4426655e-02   2.9720374e-01  -2.1598498e-01  -2.1500036e-01  -4.0414423e-01  -2.8925822e-02   1.1020163e-01   7.0931608e-02   6.4397159e-01  -3.1983304e-01  -4.5645158e-01   1.8148063e-01  -5.3798144e-02  -1.7967307e-01  -4.4874288e-01  -2.0716081e-01  -3.7075232e-01  -2.0223842e-01  -2.2448625e-01  -1.7245918e-01   1.5867516e-01   1.3844305e-01  -1.7980701e-01  -1.8774177e-01   9.9780860e-02   1.2177358e-01  -6.1749017e-02  -1.6858696e-01   1.3127072e-01   4.3852859e-01  -2.5237030e-01   4.8455583e-02   2.4017811e-01   2.2625372e-01  -1.5503901e-01  -2.9042354e-01  -9.0178688e-02   4.3266828e-01   7.3233883e-03  -4.5960504e-01  -6.7624814e-02   1.3537122e-02  -1.4311509e-01  -2.3340890e-01  -2.5028019e-01   5.1433748e-02  -1.6592907e-01  -1.5160569e-01  -1.2438248e-01   2.2656704e-01   1.6145572e-01   3.8213419e-01  -1.9761146e-01  -3.9605212e-01   4.4547091e-01  -1.3044340e-01  -2.9553783e-01   2.1209374e-01  -8.4587089e-02  -4.3412239e-01  -3.2969343e-01  -4.2041378e-01  -1.2288864e-01  -4.4611144e-01  -2.6163507e-01   6.7826997e-02  -3.2995068e-01   5.9631087e-02   6.2774062e-02   1.7555334e-01  -2.9512761e-01  -1.4727376e-02  -2.5044203e-01  -3.4772377e-01   3.8670597e-01  -2.0894610e-01  -2.7923501e-02  -8.4836613e-02  -2.9372348e-01  -3.3793543e-01   2.8429760e-01   2.1236032e-01  -2.1396325e-01  -2.6517959e-01  -1.3333485e-01  -3.1164142e-01   1.8816050e-01  -3.3370972e-01   3.3546176e-01   5.0214407e-02   1.7865492e-01  -2.0537507e-01   2.5141309e-02   7.3812309e-02  -2.5486435e-01   2.1183992e-01  -1.0117016e-01  -3.5186856e-01  -1.1063997e-01  -1.7011532e-01   1.4182245e-02  -4.2052428e-01  -8.1707737e-02  -1.3907924e-01  -2.9398409e-01   2.4151451e-01   2.4710112e-01  -3.2726606e-01   1.0976326e-02  -1.3972256e-01  -2.5780921e-01  -3.4332437e-01  -2.7787458e-02   6.6824040e-01  -3.1518443e-01  -3.2852640e-01  -1.5395292e-01  -8.8462008e-02  -3.5737331e-01  -1.4139768e-01  -3.3788733e-01   2.2965158e-01  -3.5000776e-01  -2.5396212e-01   1.3258259e-01   1.0239827e-01  -2.8521781e-01  -3.3190595e-01   2.8252166e-01   2.4206686e-01  -3.4443335e-01  -1.6870409e-02   1.2869775e-01   1.8413691e-03   2.5905381e-01  -3.7551539e-01
   4.5476531e-02  -2.2029568e-01  -1.8280596e-01   0.0000000e+00   3.3988956e-03   1.2919136e-01  -2.0219883e-01   3.3934711e-01   2.7284086e-01  -3.0482986e-01   1.9562898e-01  -1.9031639e-01   9.9459327e-02   4.6963449e-01   7.2298796e-02   1.9485069e-01  -1.6267718e-01   3.3372599e-01   1.0235584e-01   1.7417136e-03   2.8209360e-01   5.6298583e-01  -8.5493666e-02   2.2436031e-01   2.1273437e-01   3.5139202e-01  -1.9944494e-01  -8.2197073e-02  -2.9484949e-02   3.0645611e-01   5.7936701e-03   4.2948583e-01   3.8178676e-01  -3.6404746e-01   1.4412669e-01   2.6083554e-01  -1.2711055e-01   1.4285500e-01   2.9496406e-01  -2.9575899e-01   1.7539888e-01   1.8521935e-01   2.1270274e-02   1.7243669e-01   2.3291082e-01   2.4945294e-01   3.5288630e-01  -2.2679008e-01   2.1589238e-01  -2.1077083e-01   3.9536148e-01   2.9495291e-01  -2.4102092e-01   2.3323347e-01   3.3471831e-01   1.1573502e-01   8.0702566e-02   4.3533773e-01   5.2506347e-01   1.7084854e-01   3.8690399e-01   9.0301828e-02   1.3304768e-01   2.4219109e-01   1.0431648e-01  -1.8137858e-01  -1.1980274e-01   2.2591678e-01   4.6256321e-01  -2.7898976e-01  -4.2663684e-01   5.8852300e-01   8.2322696e-02  -2.4615884e-02   6.8549462e-02   1.6037136e-01   3.1709794e-01   8.5669236e-02   7.2480888e-02   2.1860010e-01   1.8757143e-02   1.9127295e-01  -2.1020731e-01   1.1758441e-01   7.8192599e-02   2.5563361e-01   1.8033777e-01   2.3960590e-01   1.4288260e-01   6.8567434e-02   1.1919551e-01   4.3133814e-01  -1.2656200e-01   3.4337916e-01   3.2583133e-01  -6.7234592e-02   1.1273153e-01   1.7334397e-01   8.0173130e-02  -2.0466180e-01   1.0555964e-01  -1.8139650e-01   3.1048629e-01   4.0896428e-01   5.3023337e-01   5.5609064e-01   2.2702834e-01   2.8386418e-01   8.0522228e-02  -1.4517017e-01  -4.0501781e-01   3.2781023e-01   2.4636651e-01   1.2582064e-01  -2.3998646e-01  -8.7547805e-02  -7.2473374e-02   1.1270130e-01  -1.3581165e-01   5.3816157e-01   2.4867482e-01   2.1022959e-02   2.0757067e-01   2.7408962e-01   4.5452056e-02   1.6228885e-01   2.8483460e-01   2.1220575e-01   6.0694782e-01  -2.7144579e-01   1.3254028e-01  -1.4201019e-01   2.1430695e-01  -1.0497572e-01   2.2397714e-01   1.9131943e-01   1.2287958e-01  -9.3345801e-02   2.4016252e-01   3.1163180e-01   2.6340041e-01   1.3981260e-01   2.5939605e-01  -2.1924967e-01  -7.6473917e-02   5.0095760e-01  -5.0708909e-01  -8.1927146e-02   1.3546241e-01  -1.5260246e-01   1.0960914e-02   6.4685064e-02   1.7481879e-01  -9.1861399e-03  -3.0663254e-01   3.0041037e-01   2.4944676e-01   5.3192045e-01   4.7076829e-01   2.8232026e-01   2.4585812e-01   2.2974317e-01  -1.8422771e-01   4.8618427e-01   5.2528144e-01  -1.5929751e-01   5.3806534e-02  -3.9568257e-02   3.1865101e-01  -2.1817069e-01  -2.2364715e-01   1.3282585e-01   2.9375727e-01  -3.0371409e-01  -1.3479735e-01  -7.5201509e-02   6.4381693e-01
  -9.8722924e-02   5.7759372e-01   4.7733363e-01   3.3988956e-03   0.0000000e+00  -5.4568202e-02  -1.9615707e-02  -1.9746914e-01   1.9188669e-01   1.2022923e-01  -4.6874616e-01   3.4854379e-01   6.1961311e-02  -2.5109486e-01  -3.4426260e-01  -1.0014929e-01   4.9963619e-01  -2.2694044e-01   2.6615848e-02   7.3028999e-01   2.3397101e-03  -2.9528681e-01  -3.7749015e-01  -1.6163233e-01   1.1502942e-02  -1.2937668e-01   4.7975507e-01  -4.9964077e-01  -1.9542330e-02  -1.2462311e-01   6.4495326e-02  -3.1307221e-01   2.9410848e-02   2.1889765e-02   4.9629918e-01   6.4130782e-01  -4.9511720e-02  -2.9084694e-01   2.3411044e-01   2.0504324e-01   1.8157187e-01   7.7701409e-02   3.6592735e-01   7.7943615e-02  -8.9863731e-02  -4.9438220e-01  -5.9299536e-02   1.1529986e-01   1.8031697e-01   6.4164930e-01  -2.4528643e-01  -2.4064219e-01   2.5003908e-01  -1.9399418e-02  -1.1250951e-01  -2.4832073e-01  -2.5893842e-02  -3.5687021e-01  -1.3293754e-01  -2.6184512e-01  -1.0338881e-01   4.0107948e-01   3.3523355e-01   1.6808400e-03   1.2469166e-01   8.2476189e-02   1.4735714e-01   2.0549856e-01  -6.0607279e-02  -3.1817524e-01   3.5043925e-01  -2.7602635e-02   2.2296931e-01   1.3728542e-01   8.5973117e-03   5.8514980e-02  -1.8654139e-01   4.4331144e-02   6.3818466e-01   2.2276849e-01  -1.4522333e-01   8.6401129e-02   1.9375254e-01  -6.2970615e-02  -4.1983888e-01  -2.2350951e-01   3.0273234e-02  -8.0404969e-02   1.5321562e-01  -2.0084424e-01   6.6105145e-01   2.8743931e-01   2.4414224e-01   6.2339433e-02  -3.5961041e-01   6.0323436e-01  -1.2992839e-01  -1.2674363e-01   1.6746753e-01   7.8721846e-02  -4.0227409e-01  -3.6380611e-01  -2.3453070e-01  -1.3728274e-03  -3.8683095e-01  -3.4725120e-02   3.1101706e-01  -4.5180223e-02  -2.4338569e-02  -1.3613904e-01   1.3297633e-01  -5.1259558e-01   1.0230420e-02  -3.1661780e-01  -4.3002588e-01   5.3677044e-01  -2.1148199e-01   5.4446221e-02  -1.1173412e-01  -1.3681906e-01  -2.8635701e-01   5.7804621e-01   2.2904507e-01   1.0956027e-01  -5.2302562e-01  -2.3585525e-01  -1.3007607e-01   3.2235834e-01  -9.2833320e-02  -4.4862053e-02   1.9034491e-01   4.0763234e-01  -1.9816620e-01   8.2724158e-02   1.2490530e-01  -7.7609985e-02   4.2533728e-01  -2.0916007e-02  -4.9677764e-01  -6.6851207e-02  -2.7215037e-01   1.6290346e-01  -5.1649566e-01  -1.8128314e-01  -1.7567092e-01   1.8791439e-02   9.6080725e-02   1.6127588e-01  -3.5564665e-01   3.5082326e-01  -2.8128811e-01  -1.8949613e-01  -2.5493737e-01   2.0809541e-01   4.5563794e-01  -1.6113973e-01  -3.0384306e-01  -5.3247364e-03   2.3792258e-01  -2.1974021e-01   1.3491393e-01  -2.7408283e-01   2.9312759e-01  -1.4469290e-01  -8.1954276e-02   3.0336001e-01   2.2601691e-01  -3.3221707e-01  -1.8123514e-01   3.2742576e-01   2.5437613e-01  -4.5405495e-01   2.0252561e-01  -1.2318366e-01  -2.5727083e-01   3.1231012e-01  -8.1296611e-02
  -1.2384330e-03  -1.9353104e-01  -1.3663654e-01   1.2919136e-01  -5.4568202e-02   0.0000000e+00   9.7368089e-02   5.4500493e-02  -2.1426872e-01  -5.0055977e-02  -5.3868107e-02  -7.1397829e-02  -6.2079283e-02   5.5266957e-02  -8.4895961e-02   3.0944731e-01  -5.1109853e-02   1.9524351e-01   2.6949137e-01   8.1210365e-03  -1.8893280e-02   1.0284155e-01   7.0398508e-02   2.1419009e-02   9.2106154e-02   1.9516459e-01  -6.5732377e-02   1.7890716e-01   1.2339425e-01  -6.6630771e-02  -3.9622978e-01   2.1705917e-01   1.8645212e-01  -2.3919538e-02  -3.1167328e-02   2.5232962e-02   2.6480232e-02   2.2680448e-01   2.9670145e-01   1.8592611e-01   1.3097348e-01   1.3664157e-01   1.8551305e-01  -1.2758495e-01   1.2859470e-01   1.7742963e-01  -1.2194541e-01  -1.3679132e-01   1.5625676e-01   6.1100711e-02   1.2782354e-01   2.7556029e-01  -2.2844342e-01   4.1002360e-01   2.0053336e-03   1.4252179e-01   1.6720228e-01   4.4972578e-02   2.1615643e-01   1.5927088e-01   8.1705407e-02  -1.5920827e-01  -4.3976960e-02  -3.8872340e-01  -5.0398053e-02   7.7901995e-02   4.1219896e-01   2.6873596e-01  -1.0306035e-01   2.4488085e-01   5.4323584e-03   2.8479339e-01  -9.1013799e-02  -3.2542270e-01   1.4382804e-01  -6.9812310e-02  -7.7919201e-03   1.2899639e-01  -2.2175232e-01   2.3433746e-01   1.6450181e-01   1.8308749e-01  -3.4682094e-02   1.5372097e-01   1.3514975e-01  -1.4398521e-01  -2.0103782e-01   1.6372967e-01   2.3110177e-01   2.9749243e-02  -1.7632481e-01   1.1128714e-01   6.8898573e-02   5.5020086e-02   6.9961596e-02   6.2308609e-03   2.4971729e-01   3.9449734e-01  -9.7081540e-02   3.3796185e-02   7.0252257e-02   7.7056238e-02  -3.7918311e-05  -4.1482659e-02   1.5940682e-01   9.7397617e-02   1.6061944e-01   3.8263627e-01   3.1590706e-02   1.2378304e-01   7.4640350e-02   5.3244364e-02  -7.7075778e-02  -8.7898234e-03   3.6480426e-02  -3.4194785e-01  -3.0574236e-02   8.5209843e-02   2.7861009e-03   3.0358977e-01   2.9676903e-01  -3.6862437e-02  -1.9278813e-01  -2.6056630e-01  -9.2448621e-03   1.4517306e-01   2.3355924e-01   1.6763169e-02   8.0371403e-03   2.7249049e-01   1.4025373e-01  -3.3893494e-01   9.8023476e-02  -3.1456099e-01  -1.1127414e-02  -1.3357049e-01   2.0295811e-01   1.1096870e-02   6.8763085e-02   9.1818630e-02   1.1660809e-01  -1.0868469e-01   2.0780588e-01   1.3454791e-01   1.3776203e-01  -4.0460806e-02   3.5793121e-02  -1.0993489e-01   1.7070346e-01  -1.3700419e-01   1.4304807e-01  -5.4351943e-02   3.6264246e-01  -2.8637593e-01   9.1106155e-02   8.4091689e-02   2.1898985e-01   1.3292433e-01   1.3413107e-01   1.9054287e-01   2.5478487e-01   1.8987837e-01  -8.6636146e-03   3.5536055e-02   5.9578537e-02  -2.1442739e-01  -7.1219384e-02   1.5177705e-01   1.4005478e-01  -1.5641064e-01  -1.8331538e-01   1.8200958e-01   2.4926616e-01   3.3000766e-01   1.7550541e-01   8.6714678e-02   1.6272620e-01
  -1.3020817e-01  -2.0201153e-01   1.1364663e-02  -2.0219883e-01  -1.9615707e-02   9.7368089e-02   0.0000000e+00  -2.0214851e-01  -1.4056379e-02   4.5428224e-01  -4.9818058e-02   1.0437962e-01   3.9993197e-02  -2.1371411e-01   2.2260171e-01   1.5983203e-01  -3.8181281e-02   5.4480789e-02  -9.6210857e-03   1.3815176e-02   1.7343824e-01  -9.7619884e-02   4.8273574e-01  -2.8921947e-01  -1.9956311e-01  -1.4595396e-01  -1.4557130e-01  -6.0557420e-03  -5.6948199e-02  -2.0829585e-01   1.1164761e-01  -5.0293702e-02  -1.7776818e-01   5.3725156e-01  -1.1369155e-01   8.2012740e-02   6.3007384e-02   8.7075739e-03   1.0008683e-01   1.8443215e-01  -4.2186649e-02  -7.7915646e-02   1.8969731e-02   6.1852746e-02  -2.1969582e-03  -2.0261259e-01  -2.2338840e-01   4.8163463e-01  -1.5818886e-01  -1.7561540e-01   8.8263314e-02  -1.7210947e-01   2.4916363e-01  -1.3447186e-01  -1.9034576e-01   4.1846313e-01  -7.5815103e-02  -1.8529546e-01  -1.4974987e-01  -1.2795044e-01  -2.3097555e-01   5.9523888e-03  -1.6954251e-01  -1.6284262e-01  -1.5717027e-01   2.4318868e-01   6.2182563e-02   5.3453994e-03  -1.7917264e-01   3.1674594e-01   2.8431754e-01  -7.8003422e-02   1.1400993e-01  -2.5291403e-01  -4.4063754e-02   4.1009218e-02  -1.9867362e-01   1.7994750e-01  -2.6180407e-01  -6.5676197e-02   3.7176122e-01   1.9876767e-01   4.0993309e-01  -1.8052578e-01  -1.1593098e-01   2.4011330e-02  -8.1718844e-03  -2.8385657e-01  -2.4366336e-01  -1.8964052e-01  -2.1459614e-01  -4.0059198e-01   3.2713463e-01   2.5042461e-02  -1.6706335e-01  -1.8079498e-01  -3.8447403e-02  -2.6825815e-02   7.9956415e-03   4.6002240e-01   1.8289812e-01   3.0297612e-01   3.7552939e-04  -1.6098540e-01  -1.3999846e-01  -1.0778161e-01  -2.6124847e-01  -1.0527979e-01  -8.6816102e-02   2.3768733e-02   5.9804114e-01  -1.6381592e-01  -1.5896172e-01  -2.2830590e-01   3.2764064e-01  -7.2555242e-02   1.7617927e-01   2.7344729e-01   1.7748650e-01  -9.9711297e-02  -1.5413732e-01  -2.9832895e-01  -2.8118617e-01  -3.7198067e-02  -1.2061341e-01  -1.0189601e-01   6.7639254e-02  -2.1969758e-01  -2.0446940e-01   2.9496746e-01  -9.8965608e-02   3.8649716e-01  -1.5082020e-01   1.4456465e-01  -2.3005828e-01  -9.7148474e-03  -5.6113155e-02   4.5384591e-01  -4.1600697e-02   5.7382202e-03  -1.1648135e-01  -3.7122221e-01  -1.9847270e-01   2.0584716e-01   5.1884776e-01  -5.7987920e-02   6.7823688e-01   1.0781230e-01   2.5572293e-02   1.6909028e-01  -1.6366325e-01   2.3619246e-01  -1.5538203e-01  -6.2610012e-02   1.0094667e-01  -4.3839939e-02  -1.6611501e-01  -1.0542774e-02  -3.2872673e-01   1.1625558e-01  -1.0440279e-01  -2.7511168e-01   1.6621619e-01  -1.0283751e-01  -8.9482788e-02   2.2066762e-01   4.2472188e-02   4.1412366e-02  -3.0409364e-01   1.6355053e-01   2.4926940e-02  -1.4148292e-01   1.1319524e-02  -9.9922231e-02  -1.5978147e-01  -1.1859894e-02  -1.5327585e-01
   2.5130083e-01  -1.0731050e-01  -1.6399184e-01   3.3934711e-01  -1.9746914e-01   5.4500493e-02  -2.0214851e-01   0.0000000e+00   4.2043882e-02  -4.4607065e-01   2.2010369e-01  -1.6330011e-01  -1.0061300e-01   3.1880536e-01  -2.0032766e-01   1.7794387e-01  -1.9554854e-01  -5.9061143e-02   2.9188808e-02  -1.2458845e-01  -9.8651279e-02   3.6405275e-01  -1.6388986e-01   3.4265769e-01   1.6383477e-01   2.1789665e-01  -2.1786742e-01   2.9873737e-01   8.3080324e-02   6.8448721e-02  -1.7094442e-01   2.1111718e-01   2.8685793e-01  -3.7214057e-01   4.7444674e-02  -1.9703290e-01  -1.8910805e-01   2.9814300e-01   2.3759987e-02  -2.5811557e-01  -1.6910772e-01   5.4908649e-02  -2.0150305e-01   2.8067202e-01  -7.9127612e-02   3.6388790e-01   1.3243027e-01  -2.4286207e-01   1.0349871e-01  -1.4256916e-01  -1.4027999e-02   3.6272715e-01  -2.5842837e-01  -1.9975477e-02   6.4233397e-02  -2.2631263e-02   3.9132126e-04   3.3297486e-01   2.4315457e-01   3.1305250e-01   2.9304281e-01  -8.6962305e-02  -9.8054191e-02   1.1728334e-01  -1.0765242e-01  -9.2841412e-02   5.0995157e-02  -1.2699445e-01   5.2186811e-01   8.1812690e-02  -1.1348695e-01   5.5100679e-02  -1.5201157e-01  -6.7546906e-02  -5.0848155e-02   2.8959921e-01   2.6260139e-01  -3.7488071e-02  -1.0904630e-02   7.5957551e-02   1.7085049e-01  -2.2596888e-01  -2.2792443e-01   4.5756436e-01   1.6267554e-01   2.8799450e-01  -5.5315402e-02   3.8414591e-01   4.7859413e-02   3.1422335e-01   7.5312596e-02   5.8489951e-02  -2.0277434e-01   1.0210243e-01   4.0422258e-01  -1.3828323e-02   1.0972277e-01   2.4146532e-01  -1.4201748e-02  -3.6206495e-01   9.0121081e-02   7.8822883e-03   3.1530351e-01   1.7469558e-01   1.9901554e-01   1.8963343e-01   3.6449431e-02   4.0747352e-01  -3.4570391e-02  -2.1866827e-01  -3.0119608e-01   3.1059732e-01  -1.7607634e-01   3.9084177e-01  -1.5643923e-02  -8.8846911e-02   4.6770726e-02  -1.4369224e-01  -1.6249107e-01   1.7727731e-02   1.8933663e-01  -5.6919865e-02   3.1433426e-02  -4.8471527e-02   2.7479360e-01   1.4596734e-01  -2.5108700e-02   1.5949198e-02   3.8018395e-01  -8.2425079e-02  -1.1330245e-01  -3.4374166e-01   1.7868869e-01  -2.3186359e-01   1.0349831e-01   5.0864423e-01  -7.5438855e-02  -1.4919510e-01   4.7561198e-01  -6.9420353e-02   2.8942455e-01  -7.6133390e-02   2.4841084e-01  -2.1974984e-02  -2.4001997e-01   2.1704792e-02  -2.5531428e-01  -2.0190896e-01   1.2484118e-01  -2.9644210e-01   1.1982496e-01   3.3870582e-01   3.9040114e-01   9.5892386e-02  -2.4499940e-01   1.1616324e-01   3.5300964e-01   1.8702593e-02   1.7654718e-01   3.7814121e-01   3.6578685e-02   3.8678390e-01  -3.0933162e-01   2.1222877e-01   3.5530820e-01  -6.5291469e-02   7.8864001e-02   2.4263170e-02   3.0092808e-01  -2.0006832e-01  -5.7294327e-02   2.2885221e-01  -1.8974004e-01   2.3942920e-02   2.5500439e-01  -6.8306067e-02   4.7850516e-01
  -1.8318108e-01   1.2850430e-01   3.8029209e-03   2.7284086e-01   1.9188669e-01  -2.1426872e-01  -1.4056379e-02   4.2043882e-02   0.0000000e+00   3.2001127e-02   6.5320598e-02   1.0617556e-01   1.2020946e-03   1.1113503e-01  -1.0126271e-01  -2.5061056e-01   1.2219963e-01   1.4128408e-01   1.8131104e-01   3.5359603e-01   2.1442330e-01   2.2869580e-01  -8.6383066e-02  -2.8932976e-01   8.6287219e-02   3.1452128e-01  -1.7890547e-03  -2.6807915e-01  -1.3302792e-01   4.6163088e-01   3.4386215e-01   3.9683160e-02   2.8882262e-02  -4.9469516e-02   5.0874916e-01   2.2359690e-01  -2.2232955e-02   3.1138170e-02   1.6797760e-01  -2.6592435e-01   5.3737639e-02  -3.1575092e-02  -1.4367869e-01   1.2172287e-01   1.2725408e-01  -1.3741361e-01   6.3754907e-02   1.8219461e-01   8.6272309e-02  -1.3008711e-01   1.2806533e-01  -1.5117578e-02   1.7776068e-01  -1.2475800e-01   5.3355604e-02  -1.6354964e-01   1.3275312e-01   1.4894843e-01   1.9972557e-01  -2.3282305e-03   1.3741126e-02   1.5355970e-01   4.0615472e-01   3.9614045e-01   3.3237832e-01   1.5393031e-01  -1.7929269e-01  -2.5698977e-02   2.0229695e-01  -3.2769043e-01  -2.2547421e-01   1.4542008e-01   3.8485510e-03  -6.4981177e-02  -1.6700734e-01   1.6839952e-01   1.1034616e-01   2.0640467e-01   4.1404353e-01  -4.3566508e-02  -1.2154370e-01  -1.8570195e-01  -1.3849014e-01   1.1796766e-01  -3.8329613e-01   2.4161847e-01   5.4413595e-01  -1.7099768e-01  -3.0817665e-02  -2.1194925e-02   3.4179745e-01   5.9498334e-02  -1.2449986e-02   5.1483344e-01   7.2544445e-02  -9.7066150e-02  -2.6601510e-01   1.4002648e-01   2.3812148e-01   2.2382589e-02  -1.5244468e-01  -7.5996423e-02  -5.9378462e-02   5.4814270e-01   1.9612339e-01   3.9323481e-01  -1.3860223e-01   3.7044820e-02  -9.3688678e-02  -8.0193156e-02  -2.5709299e-01  -6.6462488e-02   8.6260415e-02  -1.3573540e-01  -2.9436218e-01   2.5050986e-01   2.1326344e-03  -6.0020746e-02  -3.6153857e-01   1.4908815e-02   3.5060696e-02   1.9890903e-01   2.1922483e-01   5.2690800e-01  -1.8466833e-01  -6.9378026e-03   1.7738012e-01   3.6526199e-02   2.5596216e-01  -1.8056382e-01  -7.5897925e-02   1.9379111e-01  -6.1694399e-02   2.1216778e-01   2.9450308e-02   1.6056803e-01  -9.3286016e-02  -7.4207121e-02  -1.2495140e-02   1.3786020e-01  -3.0582702e-02   1.2796245e-01   6.6556363e-02  -5.3355896e-01   4.1842000e-03   4.7899583e-01  -2.3687007e-01   1.8471728e-01  -7.3706916e-02   2.7230068e-01  -2.8835542e-01  -1.0019698e-01  -2.0164765e-01   2.6915049e-01  -2.1842619e-01  -7.3519268e-02  -3.2854250e-02   1.6794152e-01   2.8277185e-02   1.4775042e-02  -8.3560660e-02   9.0275547e-02   1.6894278e-01   2.8597011e-01   2.9957300e-01   3.0419786e-01   3.3493892e-01  -2.1298694e-01  -5.6166097e-02  -1.2866283e-01   2.2180483e-01  -2.0371277e-01   4.8280823e-02  -2.9511058e-01  -8.3024598e-02  -2.5169914e-01   2.7329364e-01
  -3.1133733e-01  -2.1640784e-02   9.6002131e-02  -3.0482986e-01   1.2022923e-01  -5.0055977e-02   4.5428224e-01  -4.4607065e-01   3.2001127e-02   0.0000000e+00  -2.2393236e-01   1.0107443e-01   7.5842482e-02  -3.2516693e-01  -4.6184107e-02   3.0593160e-02   2.3893996e-02  -1.4835277e-01  -3.3117735e-02   1.9882003e-01   1.6963874e-01  -2.7389113e-01   3.2743840e-01  -3.7934782e-01  -1.7825998e-01  -2.5959508e-01  -4.6365284e-02  -2.2215175e-01   1.7183096e-01  -2.1191129e-01   2.3270844e-01  -1.0333742e-01  -3.4643449e-01   5.5812567e-01  -8.5219390e-02   2.1144224e-01   1.7281495e-01  -2.7617945e-01   8.9322121e-02   1.9801664e-01   9.2463840e-02  -1.9922027e-01   1.5929006e-01   2.2960032e-02  -6.3258606e-03  -5.0885775e-01  -2.8829202e-01   4.9217370e-01  -1.3883357e-01   1.4242877e-01  -8.8946255e-02  -4.5486643e-01   4.7354425e-01  -1.7318398e-01  -1.2526090e-01   1.1504738e-01  -1.3121939e-01  -3.5077472e-01  -2.7473662e-01  -2.7423274e-01  -4.2000031e-01   2.3473017e-01  -1.8727109e-02  -1.2233776e-03  -3.2452062e-02   4.3782850e-01  -9.5003139e-02   3.4121987e-02  -4.0752065e-01  -5.4851957e-02   3.6353737e-01  -2.0922594e-01   2.6676647e-01  -1.7146323e-01   9.2328190e-03  -1.3439312e-01  -3.9438544e-01  -7.6326421e-03   9.8803786e-02  -1.1542346e-01  -1.9970929e-02   3.5303830e-01   4.7276682e-01  -1.2757472e-01  -4.2009754e-01  -3.9264460e-02   2.0316620e-01  -4.6514654e-01  -1.4136175e-01  -3.7164010e-01   2.8577399e-02  -3.1236171e-01   2.6320179e-01   2.4747577e-02  -4.2985758e-01   6.2652245e-02  -2.0250179e-02  -1.3034721e-01  -3.6027770e-02   5.7222017e-01  -1.5105677e-01   9.4847699e-02  -1.1390483e-01  -2.5008720e-01  -2.6579488e-01  -1.9830598e-01  -1.4964845e-01  -2.6563192e-01   1.6411735e-01   1.5434611e-01   5.6177181e-01  -3.8845022e-01  -1.1451040e-01  -3.2534359e-01   9.6380170e-03   2.6132425e-01   6.4272193e-02   2.7729985e-01  -1.2146829e-03  -2.1712846e-01  -3.3682095e-01   6.1373831e-03  -1.6691678e-02   3.5557023e-02  -4.0029665e-01  -3.1698407e-01  -6.5056209e-02  -5.4711974e-02  -4.2157269e-01  -6.7597380e-02   1.7390875e-01   5.2532207e-01  -3.9162717e-01   2.9097975e-01  -2.6959362e-01  -1.7422060e-01   8.5027384e-02   2.5552775e-01  -2.9387812e-01  -3.9004658e-02  -3.6207044e-01  -6.5896990e-02  -3.2922831e-01  -3.7474581e-02   3.3214313e-01  -6.2979657e-02   5.8745491e-01   1.7761208e-01  -1.9030725e-01   3.3815907e-01  -3.1092140e-01   1.6684328e-02  -4.6946213e-01   5.0111790e-02   1.9374866e-01  -1.9873777e-01  -4.9439870e-01  -7.2847141e-03  -3.2368107e-01  -2.6059713e-01  -2.5433228e-02  -2.5911922e-01   5.8878734e-01  -2.0508905e-01  -1.7066607e-01   2.6785785e-01   1.2016672e-01   1.3047356e-01  -4.5913748e-01   4.1350845e-01   1.5824954e-01  -4.4541179e-01   3.6004776e-02  -1.7290341e-01  -1.3243519e-01   4.9996502e-02  -2.4776444e-01
  -3.6809170e-02  -3.7171818e-01  -3.8536551e-01   1.9562898e-01  -4.6874616e-01  -5.3868107e-02  -4.9818058e-02   2.2010369e-01   6.5320598e-02  -2.2393236e-01   0.0000000e+00  -3.2330844e-01  -7.1896363e-02   2.5235555e-01   2.7523359e-01  -2.8416255e-02  -2.6558369e-01   4.6815390e-01  -1.1859828e-01  -3.8225002e-01   3.0942993e-01   3.4330058e-01   1.9105613e-01   1.2875325e-01  -3.1746268e-02   2.3366261e-01  -2.8259859e-01   1.0188278e-01   8.4575238e-03   4.5260897e-01   1.1986953e-01   3.5919085e-01   4.2733379e-02  -1.6536824e-01  -1.9746911e-01  -1.2224460e-01  -1.8672940e-01   4.1035747e-01  -2.0902035e-01  -3.2934718e-01   4.1616706e-03   1.7942489e-03  -3.8735130e-01   6.4252068e-02   3.8704476e-01   4.6960762e-01   4.3948914e-01   3.5430496e-02  -2.1565360e-01  -5.1054644e-01   5.0813112e-01   3.8878210e-01  -1.5944293e-01  -1.8770614e-01   6.5183597e-02   1.6777153e-01   1.3778848e-02   3.3742096e-01   3.7870158e-01   1.8144725e-01   3.0968460e-01  -8.3154579e-02  -1.1600759e-01   3.3534802e-01   2.3508887e-01  -8.5234711e-02   1.2889163e-01  -1.5712136e-01   4.0741805e-01   1.8768620e-01  -2.7143570e-01   1.8706525e-01  -7.2266975e-02  -1.9584350e-01  -3.3202516e-01   7.2313196e-02   3.2762637e-01   4.5678910e-02  -3.6577972e-01  -1.8748630e-01   8.7078764e-02   1.2061370e-02  -6.8477311e-02   1.5758761e-01   1.7016762e-01   3.3983782e-01   1.9935626e-01  -8.2661554e-02  -1.7943494e-01   2.8785120e-01  -3.3634679e-01  -5.9300531e-02  -3.0957185e-01   1.4100336e-01   4.1384146e-01  -6.3406783e-01  -9.5946416e-02   1.1955864e-01  -1.5686500e-01  -2.9387992e-01   2.5751943e-01   4.7395248e-01   1.2496827e-01   3.2713558e-01   4.7474420e-01   2.3714933e-01  -1.8487253e-01   2.4069572e-01  -2.3039743e-01   3.1651198e-01  -2.7471095e-01   4.9890974e-01  -1.4357180e-02   2.6722550e-01   1.3717734e-01  -4.3643012e-01   1.8694284e-01   1.4387354e-01  -4.4627494e-02   1.8796353e-01   3.6522671e-01  -5.3722135e-01  -3.2919328e-01   3.7424064e-01   4.1273136e-01   1.9024325e-01   3.9771799e-01  -2.6786331e-01   3.2528893e-01   1.4473845e-01  -2.1472466e-01  -8.6245565e-02   1.1585948e-01   1.6072765e-01  -2.1080578e-01   1.5848733e-01  -5.0003435e-01   9.2020217e-02   4.1782865e-01   2.6511718e-02   1.0437710e-01  -1.1066520e-01   5.2188097e-01  -5.5686053e-02   5.2504712e-02   4.0356113e-01  -3.2772645e-01   1.9933056e-01   5.0988222e-01  -2.2238482e-01   1.5154507e-01   5.5545112e-02   1.0388178e-01   2.3589729e-01  -3.6213896e-01   1.9734583e-01   3.9987629e-01   1.9342368e-01   6.4581429e-02   2.3562833e-01  -1.9937816e-01   4.7517386e-01  -6.7964984e-02   3.8414370e-01   3.4841106e-01  -2.9715201e-01   1.9651066e-01   3.8799988e-02   2.4253940e-01  -2.4347270e-01  -2.4304109e-01   3.0322842e-01   1.4750014e-01  -4.1656257e-03   5.5534906e-02  -2.0897466e-01   1.6505696e-01
  -7.1532280e-02   5.9827594e-01   5.0829420e-01  -1.9031639e-01   3.4854379e-01  -7.1397829e-02   1.0437962e-01  -1.6330011e-01   1.0617556e-01   1.0107443e-01  -3.2330844e-01   0.0000000e+00  -4.4853329e-02  -3.6700036e-01   5.0464407e-02  -1.1843843e-01   4.4178428e-01  -3.4115255e-01  -1.5796926e-01   3.9813430e-01  -4.1825167e-01  -4.6762999e-01  -2.1961892e-01  -3.6335976e-01   2.1141362e-01  -7.8764567e-02   4.6224651e-01  -2.0885863e-01  -2.9930360e-03  -9.9307223e-02  -1.6727225e-01  -4.6498017e-01  -9.2808922e-02   3.1420954e-01   3.8734394e-01   7.3467797e-02  -7.7348470e-02  -3.1404692e-01  -3.8167855e-02   2.8526935e-02  -2.2263647e-01  -6.6877105e-02   5.4732588e-01  -2.1604784e-01  -1.6789080e-01  -2.9391662e-01  -1.5293241e-01   3.7172894e-02  -1.3866953e-01   4.2842943e-01  -3.2637138e-01  -2.8861198e-01   5.2763107e-02  -6.6613929e-02  -1.9002016e-01  -2.8648261e-01  -2.8198495e-01  -4.8566464e-01  -1.2524136e-01  -4.6435375e-02  -3.8913911e-01   1.2334435e-01   1.9636479e-01  -1.7994872e-01  -1.0257438e-01   3.8920909e-01  -2.1967832e-03   1.1164572e-01  -1.4363089e-01  -1.6559478e-01   1.8734068e-01  -3.4096171e-01  -6.0150161e-02   2.0327438e-01   6.7023074e-02  -1.6067850e-01  -3.2361521e-01   1.2760936e-02   3.7243488e-01  -1.3894036e-01  -4.3091871e-01  -8.8224664e-02  -2.2261271e-02  -1.1635096e-01  -7.2205557e-02  -2.8154329e-01  -3.9923083e-03  -9.0140216e-02   3.0255680e-03  -2.6050872e-01   2.5853579e-01  -1.3231080e-02   5.1697867e-01   1.8286097e-01  -4.1111394e-01   2.9575744e-01  -1.2871163e-01  -2.1185575e-01   4.0273008e-02   1.7382499e-02  -5.4880202e-01   3.1192512e-02  -2.8915620e-01  -1.5466962e-01  -3.2626639e-01  -2.7704990e-01  -3.7797017e-02  -1.9703032e-01  -5.8606264e-02  -4.6356071e-02   1.2124144e-01  -1.8482142e-01   8.6676011e-02  -3.7462977e-01  -3.6927398e-01   3.4431255e-01  -1.0910992e-01   1.7767520e-02  -7.0405822e-02  -1.3227184e-01  -3.2405277e-01   4.7121933e-01   3.5954986e-01  -1.7505664e-01  -3.0975688e-01  -3.6083512e-02  -5.8427979e-02  -1.9355066e-01  -3.2204778e-01   8.5334365e-02   1.8998166e-02   1.1709278e-01  -1.1983066e-01  -1.5842743e-01   2.2319541e-01  -1.4089718e-01   3.5179544e-02  -2.9782841e-01  -3.2760513e-01  -2.6020944e-01  -2.9989378e-01  -9.0870683e-02  -3.9604673e-01   6.3314330e-02   2.8392584e-02  -3.0160747e-01   2.9863578e-01  -2.8970179e-02  -1.5799165e-01   8.6068462e-02  -1.2918608e-01  -3.7116545e-01  -1.7577249e-01  -4.2583459e-02   4.5153087e-01  -5.2839673e-01  -2.8374868e-01  -1.9675447e-01  -2.4225605e-01  -1.8875878e-01  -1.3158506e-01  -3.0273111e-01  -1.2219170e-02  -2.6544207e-01  -3.1924563e-01   4.1289123e-01   3.4928093e-01  -1.4964029e-01  -2.4714461e-01   3.5489444e-02   3.3812438e-01  -4.2264080e-01  -1.8275762e-01   3.1588909e-01   5.0266961e-02   2.1969851e-01  -3.7538845e-01
  -4.1433739e-01  -7.1783371e-02   1.0516801e-01   9.9459327e-02   6.1961311e-02  -6.2079283e-02   3.9993197e-02  -1.0061300e-01   1.2020946e-03   7.5842482e-02  -7.1896363e-02  -4.4853329e-02   0.0000000e+00  -3.9064550e-02  -1.6983132e-01   1.1305339e-01   1.4854639e-01   1.3589971e-01  -5.9569259e-03   7.4711944e-02   4.1233435e-02  -5.5749855e-03   6.4499977e-02  -1.8177379e-01   7.6081986e-02  -1.7622782e-01   1.3639573e-02  -2.0067845e-01   3.5882538e-01  -8.5091969e-02  -1.3233862e-01  -7.9481085e-02  -5.6811005e-02  -1.0317225e-01  -7.0005908e-02   1.3043390e-01  -1.0363243e-01  -2.0589452e-02   1.8380559e-01   2.3686326e-01   5.6460878e-01   1.7136868e-01   1.7855817e-01  -1.2455964e-01   1.9988426e-01  -7.6024485e-02   1.8716468e-01  -9.9620624e-02  -5.4000727e-02   1.2628573e-01   1.7777343e-01  -1.4438339e-01  -1.1108149e-01   2.0975877e-01   2.3855432e-01  -1.1240845e-01  -2.3926764e-01  -1.8935012e-01   1.6125196e-01  -1.6795099e-01   5.7687116e-02   3.5531310e-02   1.6858680e-01  -8.5262874e-02  -4.6428029e-02  -5.4019540e-02   5.1765820e-02   5.2243278e-03   1.6546191e-01  -3.4625133e-02  -4.6979200e-02   2.0443498e-01   3.8996713e-01  -1.1526076e-01  -4.8785741e-02  -1.8534591e-01  -6.5674685e-02   1.2713844e-01   6.0301583e-03   2.8452658e-01  -1.3477817e-01   2.1373688e-01  -1.2750140e-01  -7.0425174e-02   3.2358526e-02  -1.0032260e-01   2.8316314e-02  -2.1134550e-01   2.0606120e-01  -1.4692245e-01  -4.4886435e-02   9.4413088e-02  -6.0580869e-02  -1.9382836e-02  -5.2242713e-02   6.8110416e-02   3.3525763e-01  -6.7194671e-02  -2.1041071e-02   6.8768243e-02  -1.5641180e-01  -2.4375176e-01   1.9980789e-02  -4.7228179e-02  -1.5045539e-02  -4.0309380e-02   2.1287619e-01  -1.7650084e-01   9.4231784e-02  -1.5383489e-01  -5.0835998e-02  -4.7909142e-02   2.8591658e-01  -2.3918850e-01  -2.1810711e-01  -6.3048134e-02  -1.7433487e-01   4.3791099e-01   3.1102592e-05   1.3455368e-02  -3.9339660e-02   5.0481181e-02   7.4363983e-02   2.7669922e-02  -1.5876862e-02  -1.0243563e-01   3.8638893e-02   3.4238583e-01   1.0700258e-01   1.0661692e-02   4.0785228e-01   1.6108748e-01  -1.2836804e-01  -8.0907588e-02   1.9030773e-01  -1.8012888e-01   3.6588553e-01   2.2822735e-02  -2.4565664e-01   2.1333093e-01  -1.0804890e-01   3.3939645e-01  -9.3318804e-03  -4.6655563e-02  -7.2082841e-02  -6.2660437e-03  -6.6834584e-02  -5.7440461e-02  -5.6819614e-02  -4.6381346e-02  -1.8662123e-01  -6.7599847e-02  -7.7562702e-02  -1.7681177e-01   1.4069087e-01   8.2575409e-02  -4.8513841e-02   2.9416363e-01   1.4695614e-01  -7.7538161e-02   2.8522062e-01  -8.3342649e-02   8.3129660e-02   3.1699531e-02  -1.2571486e-01  -1.1953626e-01  -2.0031130e-01  -1.6836028e-01  -8.1730546e-02  -1.4147642e-01  -2.6636718e-01  -2.2583238e-02   2.8462475e-01  -2.2108560e-02  -5.4833943e-02   2.4741275e-01  -1.2091767e-01
   3.8341366e-01  -3.3373512e-01  -3.1102300e-01   4.6963449e-01  -2.5109486e-01   5.5266957e-02  -2.1371411e-01   3.1880536e-01   1.1113503e-01  -3.2516693e-01   2.5235555e-01  -3.6700036e-01  -3.9064550e-02   0.0000000e+00   1.1815697e-02   1.3303109e-01  -3.2838064e-01   4.3705955e-01  -3.5213844e-02  -1.6261165e-01   3.1343555e-02   5.9959879e-01  -3.6648995e-03   3.4905378e-01  -3.1392166e-02   2.5270401e-01  -3.2615725e-01   1.7183482e-01  -1.6394319e-01   3.0362355e-01  -1.1450138e-01   3.3498852e-01   2.0438923e-01  -3.8916738e-01  -3.5577603e-02   3.6963796e-02  -9.3667319e-02   3.4884480e-01  -2.8550438e-02  -3.1645053e-01   4.8582488e-02   5.0789708e-02  -1.3404025e-01   1.1221485e-01   1.3165256e-01   4.3512840e-01   3.1570109e-01  -2.5910367e-01   1.7569525e-01  -4.8191967e-01   3.8880748e-01   3.6678590e-01  -4.2079045e-01   1.4991781e-01   3.7617746e-01   1.5820476e-01   1.3169043e-01   5.4492682e-01   3.8294726e-01   2.8733202e-01   4.2272369e-01  -3.0544722e-01   1.6086579e-02   1.1868188e-01   5.7333226e-02  -1.1799916e-01  -2.2453021e-01  -4.1815331e-02   1.8305960e-01   1.4988512e-02  -4.6758523e-01   4.1442212e-01  -1.1125613e-01   6.1793754e-03   1.8257269e-02   1.3996967e-01   3.9037426e-01  -9.8389291e-02  -2.1411992e-01  -5.4975835e-03   1.5387492e-01   7.8397178e-02  -3.1256352e-01   1.6232738e-01   3.1693558e-01   2.6621190e-01  -3.3149307e-02   4.6945486e-01   3.6694439e-02   1.8317096e-01  -1.3556718e-01   1.6342171e-01  -2.0922904e-01   2.2248019e-01   3.7896530e-01  -3.0705592e-01   3.5670903e-02   2.4229523e-01   1.4049858e-01  -2.6843382e-01   2.4023445e-01   7.3494247e-02   3.1060920e-01   4.1728180e-01   5.4751131e-01   5.1206469e-01   3.1668984e-02   2.5918575e-01   4.4360098e-02  -5.3989448e-02  -3.2803472e-01   4.9434042e-01   1.5455061e-01   4.7614223e-01   1.4782355e-04  -3.6107318e-01  -1.8385282e-01   3.3541741e-02  -1.1781955e-01   6.2320749e-01   4.4946453e-01  -2.4669266e-01  -1.0373392e-02   1.7925699e-01   4.7131342e-01   2.8020516e-01   2.1373704e-01   7.8539423e-02   5.3361539e-01  -2.6028817e-01  -1.3772223e-01  -3.0014927e-01   5.0313847e-01  -2.4875533e-01   9.0092728e-02   1.7349889e-01  -2.1349006e-01  -1.5599819e-01   3.8515039e-01   2.8725924e-01   4.1308537e-01  -8.5072438e-02   4.3559500e-01  -1.8610365e-01  -1.8227128e-01   3.1918275e-01  -4.4469089e-01  -1.0339686e-01   3.5557407e-01  -2.7967867e-01   1.9794926e-01   1.4949349e-01   3.9306419e-01  -1.2581073e-01  -4.4001567e-01   2.8420396e-01   4.1940817e-01   2.9281792e-01   2.6645012e-01   2.7218016e-01   2.8362317e-02   3.0399470e-01  -1.8969668e-01   5.3121358e-01   3.3845875e-01  -3.2109466e-01  -9.6015731e-02   1.4940812e-01   4.6668210e-01  -3.7757807e-01  -2.7520154e-01   2.7457528e-01   1.9175279e-01  -2.3500874e-01  -6.4957394e-02  -2.4128857e-01   4.9352735e-01
