   0.0000000e+00  -1.8582057e-01   9.7801172e-02   9.0198276e-02  -4.7733534e-02   1.0803054e-01   1.5805498e-01  -1.9291756e-01  -2.7982651e-01  -7.4846838e-02   2.3095959e-02   8.2422667e-02  -1.1269157e-01   4.0885587e-01   3.1029804e-01   1.3236409e-01  -1.6536043e-02   2.4528460e-01   8.0804077e-02  -2.0057319e-02  -2.3911090e-01  -2.7683376e-01   5.3333265e-02   5.9508461e-01  -1.5529885e-01  -3.3930667e-01  -1.3581609e-01   4.3063171e-01   1.0293152e-01   8.1196062e-02  -6.8697194e-02  -1.4564014e-02   3.2896838e-01  -2.4386403e-01   1.6571228e-02  -2.3143554e-01  -1.4041314e-01   9.4070762e-02  -1.5813203e-01  -1.9674440e-01  -1.4828164e-02   2.5023972e-01  -1.7099970e-01   1.3765307e-01  -1.8930553e-02   3.6870320e-01  -3.8093532e-03  -9.0318011e-02  -1.3014073e-01  -1.8834293e-01   1.6982815e-01  -2.3569495e-01  -3.1081933e-01   4.2314705e-02   2.0285817e-01   2.3386347e-01   2.4725656e-02  -2.1352301e-01  -5.1358069e-02   4.6553969e-02   2.7859047e-01   7.1983960e-03  -9.6635630e-02  -2.1633614e-02  -1.1131728e-01   1.1895228e-01  -7.2776479e-02  -1.7333349e-01  -3.3287154e-02   1.7199510e-02  -3.0808680e-01  -5.6233867e-02  -2.8493674e-01   2.4566090e-01  -1.5559721e-01  -2.2766417e-01   5.4547437e-01  -1.1124020e-01  -2.1635749e-01   9.0551231e-02  -1.0851727e-01   5.3060689e-03  -2.2305213e-01  -5.9094092e-02   5.4749154e-01  -2.2722582e-01  -1.5738542e-01   3.1765566e-01  -3.5798022e-01   4.5169722e-01  -1.3378667e-01   2.8928127e-01  -1.1966528e-01  -8.3181910e-02   4.5062471e-01  -8.2494006e-02  -1.4601429e-01  -1.9617480e-01  -1.2989094e-01   2.1476768e-02   4.7799592e-01   4.3410837e-01  -1.3211036e-01  -2.2021073e-01   7.2003350e-02  -1.5541350e-01   1.9585533e-01  -2.2654011e-01   9.8594707e-02   5.3986846e-02  -2.0682791e-01  -8.5916314e-02  -9.1271551e-02   1.9777403e-01   5.1648448e-01  -2.9909032e-01   5.7560728e-02  -1.7772299e-01   6.1966582e-01   1.0382004e-01   3.7306637e-01  -2.6779121e-01  -5.7863236e-02  -1.9548768e-01   2.1722397e-01   2.9345458e-01   2.5662838e-01  -6.2137667e-02  -1.0401379e-01   8.0917601e-02  -2.0884731e-01  -1.8031378e-01  -3.2294558e-03  -1.5778518e-01   8.8581624e-02   1.5877557e-02   2.0499289e-01   4.7283591e-02  -1.5157839e-01   3.9355572e-01   4.7763877e-01   2.4553869e-03  -1.5000715e-01   2.2624689e-01   3.1851864e-01  -2.3247423e-02  -1.7938630e-01  -2.2936182e-01   2.3611188e-02  -1.6702033e-02   5.7390593e-01  -1.1436898e-01   4.7488808e-01  -3.0837539e-01  -1.8518123e-01   3.9048996e-01   3.3995870e-01   2.6443905e-01   1.8770059e-01  -6.8962154e-02  -1.9237426e-01  -2.6784728e-01  -2.5919883e-01  -8.4369417e-02  -1.2262388e-01   3.8132407e-02  -1.6097736e-03   4.0040963e-02   5.8349934e-01  -2.1697943e-01  -1.4665954e-01   2.5628498e-01   9.2387261e-03   1.2290057e-01  -5.5890990e-02   1.1545623e-01  -3.2263144e-02
  -1.8582057e-01   0.0000000e+00   2.0527466e-01  -4.7813288e-02   3.6996248e-01  -4.5618362e-01  -2.3951562e-01   1.3918882e-01   2.6274519e-01   5.3451786e-02  -3.2105192e-01   3.6312395e-01  -2.2458462e-01   2.2857325e-02  -1.1581237e-01  -5.3714901e-02   2.8105469e-01  -1.7842403e-01  -1.4783083e-02   3.9762957e-02  -4.3926822e-03  -4.2602284e-03  -4.1450836e-01  -2.4938625e-01   1.0841934e-01   1.1079487e-01   2.0182776e-01  -5.2703490e-01   4.9928756e-02  -2.4231501e-01   7.8000073e-02   5.3439508e-02   1.0056750e-01  -2.6887000e-02   3.4250398e-01   1.3045980e-01   1.8233131e-01  -2.9845285e-01   1.9314600e-02   2.0588754e-01  -8.3142090e-02  -1.6754990e-01   4.6770742e-01  -1.7160829e-02   3.0791450e-01  -1.9987108e-01  -2.5648660e-01  -2.5292107e-02   1.7465674e-01   2.1790874e-01  -2.9643532e-01  -1.3127208e-02   3.0852454e-01   1.8149361e-01   1.3131345e-02  -3.0980739e-01   1.7181324e-01  -8.3272868e-02  -4.6876626e-06   5.2139240e-02  -1.8895995e-01   2.2399575e-01   3.9871616e-01   7.9836488e-02   4.6782534e-01  -8.1535818e-02  -1.8016132e-02   1.3605155e-01  -7.5877204e-02  -8.3303598e-02   5.7650316e-01  -2.1636643e-01   2.2793084e-01  -1.5693742e-01   2.4492334e-01  -1.3268777e-02  -3.5799085e-01   6.5461544e-02   5.5935424e-01   4.1985273e-03  -1.7073446e-01  -1.5549134e-02   2.6747506e-01  -2.0025040e-02  -2.6247904e-01  -2.6719855e-02   4.8059589e-01  -1.6394732e-01   5.4743817e-01  -4.2592288e-01   5.5372399e-01  -1.3158183e-01   2.2937747e-01   8.3209191e-02  -4.2207168e-01  -2.6045730e-02   1.0075972e-01   4.7147503e-02   3.1242264e-01   1.0730313e-01  -2.7143908e-02   2.6668341e-02   9.8144702e-02   6.1683406e-02  -1.9416279e-01  -1.0527112e-01   1.3657401e-01   5.9876347e-02  -1.9363980e-01  -9.1908005e-02   1.5270062e-01  -7.2737990e-02  -2.0188962e-01  -3.3279459e-01  -4.5515145e-01   3.9533095e-01  -1.7438266e-01  -3.9523746e-02  -1.2613260e-01  -1.7388982e-01  -3.8086033e-01   4.7670933e-01   1.3326000e-01   2.4475828e-01  -4.4442403e-01  -1.6057838e-01  -1.2052601e-01   3.4633190e-01  -1.7715700e-01  -1.3626628e-04   4.1393570e-02   2.3774779e-02   3.1295521e-01  -6.0925749e-02  -1.2532559e-01  -1.3671236e-01   5.2056393e-02  -6.9631552e-02  -8.3401425e-02   5.2125661e-03  -1.6321255e-01  -6.3244497e-02  -2.9342687e-01  -1.3902410e-01   8.9161444e-02   1.1760014e-02   1.6619995e-01   5.1231172e-02  -3.6654051e-01  -4.7341402e-02  -4.0078445e-01   1.0720909e-01  -2.9397031e-01   6.1316952e-03   5.5516566e-01   1.1865496e-01  -2.4037357e-01  -2.3309146e-01  -9.0661230e-02  -4.4199298e-02   7.0412986e-02  -1.6668248e-01   1.0454579e-01  -1.3336884e-01   1.4765909e-01   3.9231837e-01   3.4898994e-02  -7.6118156e-02  -2.1192838e-01   5.6373348e-01   3.1607195e-01  -3.6608511e-01  -1.7906468e-01   1.6044785e-01   9.6399063e-02   1.0892714e-01   7.8834511e-02
   9.7801172e-02   2.0527466e-01   0.0000000e+00  -1.2560075e-01   7.9960093e-02   1.4551891e-01   7.1559915e-02  -1.2239689e-01  -3.3463996e-01   9.2943340e-02  -4.5033421e-01   5.3028362e-01   1.0670479e-03  -2.5896130e-01  -1.0304241e-01   2.4763522e-01   7.6322962e-01  -4.1282086e-01  -1.7909948e-01   2.4135846e-01  -4.7121665e-01  -8.7623559e-02  -9.6879944e-03   9.0099224e-02  -9.0397156e-02   1.9406047e-03   2.7971924e-01   5.0271903e-03   4.8119927e-02  -3.5492995e-02  -4.3672351e-01   1.4719487e-01   1.7773476e-01  -7.0590472e-03  -3.6889508e-03  -4.5063078e-03   1.1324332e-01   1.9773622e-02  -8.2662092e-02   4.2392150e-01  -8.9484506e-02   1.5281739e-01   2.7347838e-01  -4.1074623e-02   4.6857081e-03   2.7728718e-01  -1.1579821e-01  -2.6871735e-01  -1.1450913e-01   6.0916833e-01  -1.5254149e-01  -1.0845710e-01  -2.6821644e-01   5.2850948e-01  -6.0274267e-02   2.7854582e-02  -9.5311408e-03   9.8435438e-02   3.2643236e-02  -2.0854125e-01   4.8551827e-01   2.6458509e-01   1.0876237e-01  -4.2007312e-01  -2.2422811e-01   6.1153821e-03   1.1719079e-01  -3.6440673e-01  -1.0108043e-01   5.6508389e-01   1.5242811e-01  -2.3387278e-01  -2.1803534e-01   2.8072625e-01   2.6739563e-01  -1.0277624e-01   3.5316269e-01   1.6133968e-01   8.8970442e-02   1.2918187e-01   2.4820744e-02  -1.2183175e-01  -7.0487313e-02   3.1177020e-02   3.0809268e-01   4.8361697e-02  -2.4084445e-01   1.6977256e-01  -1.0706117e-01   1.0574948e-01   6.5629555e-02   5.4460171e-01   3.7815810e-01  -3.1089586e-01   1.7845967e-01   3.4992690e-01   1.0997512e-01  -3.4955249e-02  -5.9105190e-02   1.0628203e-01   3.7454491e-02  -1.5157672e-01  -3.8166538e-02  -3.7907203e-01  -8.4787834e-02  -2.6621614e-03   3.0117497e-01  -1.8378216e-01   2.2732984e-02  -5.8862479e-02   2.6052970e-01   1.3667974e-01  -2.5464916e-01   2.3121287e-01   2.6335391e-01  -1.4546681e-01   8.0535417e-02  -1.8626025e-01   2.6667044e-01   8.9027273e-02   2.5459047e-01   1.1984195e-01  -5.5025391e-02  -3.4794673e-01   1.9783980e-01   1.3163591e-01  -1.8619053e-01   2.0599878e-01  -2.3027902e-01   5.7949051e-01   3.8214522e-02  -2.3690280e-01   8.1396381e-02  -4.4558237e-01  -3.5236842e-02  -1.2084095e-01   9.7359337e-02  -1.3745962e-01  -1.0719096e-01  -6.2546530e-02   1.0257926e-01   5.0801255e-02  -2.2705940e-01   3.5542304e-01  -1.1343551e-01  -4.4592622e-01   4.7051255e-01  -5.4227291e-01   9.4685367e-02  -3.2276152e-01   2.3944025e-01  -1.4146753e-01   2.2627351e-01  -2.7746004e-01   3.9361573e-01  -8.1460272e-02   1.2607490e-01  -7.3121926e-02   4.7836605e-01  -1.3681974e-01  -1.0115182e-01  -2.5901005e-01  -4.5648430e-01  -4.0989837e-01   7.0316979e-02   6.1145172e-02   5.1370160e-03   1.3623597e-01   2.8311969e-01   4.2174924e-02  -9.7144467e-02   1.5423635e-01  -4.9655060e-01   3.4796499e-01  -1.4980489e-01   2.0980561e-01   2.4399788e-01
   9.0198276e-02  -4.7813288e-02  -1.2560075e-01   0.0000000e+00   2.1452637e-03   2.7326630e-01  -4.1944380e-02   1.7172773e-01   1.8818196e-02  -2.1072297e-01   2.0212569e-01  -1.8135157e-01  -1.2022479e-02  -1.0951203e-02  -4.1139460e-02   1.9658157e-01  -1.9413154e-01   2.8897950e-01   3.4517520e-02  -5.5096686e-03  -2.9935236e-02   5.2579924e-01  -4.1687668e-02   1.2179017e-01  -5.5193611e-03   1.1929534e-02  -4.0386596e-02   1.8357431e-02  -9.9962188e-02   2.5207201e-01  -1.6388990e-01   4.6647829e-01   8.9281678e-02  -3.0384956e-01  -1.7538236e-01   1.3833735e-01  -8.6665284e-02   1.5840253e-01  -6.5392151e-02  -3.7138631e-01   2.3920033e-01   3.2012742e-02  -2.7850977e-01   4.8644022e-02  -6.4561288e-02  -1.0140971e-01   2.8783496e-01  -1.8455385e-01  -1.3075767e-01  -2.8346674e-01   3.6238737e-01   1.3903958e-01  -3.2979153e-01  -1.1437221e-01   5.6718836e-03   8.4177635e-03   2.6104123e-01   5.3787802e-01   4.1274955e-01   2.4917934e-01   1.9348629e-01   3.1793339e-02  -2.3944547e-01  -7.3967905e-02  -2.9373326e-02  -6.0878926e-02   1.5803066e-01  -5.5837103e-02   4.7184124e-01  -6.0044187e-02  -3.8758154e-01   1.3871374e-01   3.4357971e-02   1.0301262e-01  -2.7411798e-02   3.1048773e-01   5.5752825e-02   3.3123820e-01  -5.9737831e-02   1.7357164e-01   1.0919049e-01  -3.8446773e-02  -1.7491171e-01   4.2468722e-01   7.0159042e-02   1.3377837e-01  -1.9055782e-01   1.2777715e-01  -1.9335953e-01   9.1025469e-02  -6.4371495e-02   2.1109184e-01  -2.8893335e-01   1.1236757e-01   1.2268156e-01  -6.2163198e-02  -9.2749713e-02   1.6538257e-01  -3.5266186e-02  -1.4944313e-01  -2.2453011e-01  -1.0916406e-01   1.2892560e-01   1.1445191e-01   3.0643066e-01   5.1009956e-01  -6.8985339e-02   4.4762893e-01  -1.1664360e-01   1.1452897e-01  -2.7911105e-01   4.1204117e-01   3.7696399e-01   7.6940400e-02  -5.2502813e-02  -1.7991849e-01   1.8509080e-01   3.2892980e-02   8.7394222e-02   3.8161864e-01   7.2765796e-02  -1.6379913e-01  -1.1851884e-02  -3.4748125e-02   1.0390149e-01   1.2068416e-01   1.2790006e-01  -2.8649017e-01   6.3219638e-01  -3.2557312e-01  -4.1536277e-02  -6.0482114e-02   2.3025731e-01   7.6633490e-02   2.9140125e-01   2.9966265e-01  -5.9675222e-02   7.5282551e-02   3.0631762e-01  -4.5401049e-02  -5.5841316e-02  -1.0130880e-01   1.0954528e-01  -8.6915006e-03  -6.3829505e-02   3.1298620e-01  -3.6318399e-01   8.1259166e-02  -6.3031137e-02  -2.8191305e-02   1.1676148e-01   1.2628417e-01   2.0407979e-01  -1.3418720e-01  -2.9540980e-01  -1.1445768e-02  -7.9073934e-03   2.7896829e-01   1.6440673e-01   2.1673743e-01  -6.5320843e-02   1.9582767e-01  -9.0869189e-02   3.1918188e-01   5.6345284e-01  -1.9668045e-01  -1.0969668e-01   1.7284400e-01   1.0251552e-01  -2.2710927e-01  -1.8665771e-01   1.6343102e-01   2.6445763e-01   1.0276082e-01   7.4393175e-02  -6.3718248e-02   3.9332013e-01
  -4.7733534e-02   3.6996248e-01   7.9960093e-02   2.1452637e-03   0.0000000e+00  -3.7199501e-01  -2.0394516e-01   2.9906993e-02   2.7808231e-01  -6.6658202e-02  -4.9798029e-02   2.6573322e-01  -3.9740264e-02  -2.5021221e-01  -3.7409406e-01   9.6628732e-02   1.4480971e-01  -5.6372369e-02  -1.7309826e-01   5.2453315e-01  -1.2253664e-01  -3.2847011e-02  -3.3907530e-01  -1.3832969e-01   1.9635629e-01  -9.2965995e-02   3.8935794e-01  -3.6967737e-01   1.8294617e-01  -3.8132410e-01   8.4785714e-02  -1.7857943e-01   9.1467383e-02   8.2672706e-02   5.2030314e-01   4.5721389e-01   1.3552042e-01  -1.7559888e-01   7.5223492e-02   3.1282061e-01   1.3202266e-01   1.1733390e-01   4.1105646e-01  -2.8504691e-01   5.6433589e-01  -2.7863524e-01  -8.3777158e-02  -1.7298994e-01   1.7657593e-01   1.8274480e-01  -1.8362013e-01  -1.3002931e-01   2.6585285e-01   2.3928933e-01  -1.1492761e-01  -4.3490339e-01  -6.9598283e-02  -9.7353112e-02   1.7023380e-01  -1.0821733e-01  -1.9036237e-01   3.2980109e-01   2.8774863e-01   1.7281475e-01   4.3231306e-01   7.3093716e-02   7.3621971e-02   1.2727957e-01  -1.0143243e-01  -1.3110637e-01   4.6237314e-01  -1.7080223e-01   4.1672854e-01  -1.6899902e-01   2.6661834e-01  -1.9574178e-01  -1.9488472e-01  -6.7774859e-02   7.2594293e-01  -1.2796076e-01  -4.1935493e-01   5.5364251e-02   2.9129494e-01  -2.4419219e-01  -1.5198537e-01  -1.7346059e-01   3.7430268e-01  -1.4127946e-01   2.1370856e-01  -1.1883678e-01   7.8621772e-01  -7.0013331e-02   2.0202317e-01   1.3011150e-01  -3.6897607e-01   1.3785310e-01  -3.5201034e-02  -3.2718433e-01   5.6331360e-01   7.5378100e-02  -1.7395964e-01  -2.4406861e-02   9.2977353e-02   1.0055466e-02  -3.5343821e-01  -6.3675693e-02   8.8580079e-02   8.3323616e-02  -1.5534265e-01  -2.0085842e-01   9.9404567e-02  -2.3181122e-01  -3.5363613e-01  -6.2736746e-02  -3.3326633e-01   6.3189662e-01  -1.1340474e-01   3.6353364e-01  -2.1262092e-01  -2.3380757e-01  -6.3144052e-02   7.2029700e-01   3.5834469e-01   4.0225026e-01  -1.8750389e-01  -2.8035281e-01  -1.1263084e-01   1.5988093e-01  -4.0719089e-02   2.2568405e-02   2.3882141e-01   3.2623618e-01   2.6119054e-02  -1.8666051e-01  -2.2266979e-01  -1.9403953e-01   2.1823940e-01  -3.6432278e-01  -2.4116511e-01  -7.3387430e-02  -2.2138819e-01   2.0522718e-01  -4.0782320e-01  -2.6813244e-01  -7.6169807e-03  -1.2148787e-01   1.5109086e-01   1.4078331e-01  -4.3542019e-01  -1.0414587e-01  -1.7538556e-01  -9.8021939e-02  -1.3148162e-01   2.0521238e-01   5.9941448e-01   4.1887252e-02  -2.2800933e-01  -2.2513450e-01  -6.6965355e-02  -3.8447474e-01   2.5219090e-01  -1.8057049e-01   2.0773062e-01  -1.9337630e-01   4.1352748e-02   5.6214094e-01   2.1614706e-01  -5.7316074e-02  -2.2111421e-01   6.5375076e-01   5.0022967e-01  -1.8385246e-01  -1.0707840e-01  -2.3917202e-01  -6.9276507e-05   5.8313364e-03   1.0885362e-01
   1.0803054e-01  -4.5618362e-01   1.4551891e-01   2.7326630e-01  -3.7199501e-01   0.0000000e+00   1.8205450e-01   5.7749260e-02  -3.8151488e-01  -2.1082794e-01   2.4956270e-01  -6.4578466e-02   1.3239992e-01  -2.4191000e-02   6.2039645e-02   2.5331615e-01   1.6238927e-02   1.1876365e-01  -5.6193151e-03  -3.4696139e-02  -3.9517342e-02   2.5984253e-01   4.2035463e-01   2.3886572e-01   5.7806485e-03   8.7496395e-02  -3.8445077e-02   5.1381470e-01  -1.8272609e-01   4.0689422e-01  -1.7744819e-01   2.0353167e-01  -9.9539221e-02  -2.5577482e-01  -4.8785872e-01  -6.4347855e-02  -1.5933468e-01   5.6441796e-02  -1.9333720e-01  -2.3554646e-01   1.1866006e-01   7.1294787e-02  -3.7666980e-01   2.7309213e-01  -4.9195795e-01   4.0787258e-01   4.6829928e-01  -1.7944348e-02  -3.0318567e-01  -5.6977346e-02   4.8166067e-01   1.9836973e-01  -4.9172450e-01   3.0786790e-02  -3.7549764e-02   4.8563315e-01   7.2799761e-02   4.7771338e-01   1.4941165e-01   1.5469341e-01   3.9768382e-01  -3.2439341e-02  -2.8823138e-01  -2.4215277e-01  -6.0076206e-01   7.0114923e-02   4.3196733e-01  -2.2790341e-01   3.3605294e-01   3.2010278e-01  -5.1480669e-01   3.8224692e-01  -2.8030561e-01   3.4011898e-01  -1.0161747e-01   9.8182055e-02   4.1821559e-01   1.2029047e-01  -6.1854536e-01   1.9053734e-01   3.1789779e-01  -9.3721733e-02  -2.1773695e-01   3.2918709e-01   3.4279440e-01   7.6215770e-02  -4.8844206e-01   3.4605884e-01  -4.1527363e-01   1.7885764e-01  -5.4188759e-01   3.8220067e-01  -9.3596690e-02  -2.6647102e-01   3.8588058e-01   6.6342586e-02   7.4696513e-02   4.9394283e-02  -2.7728592e-01  -2.9929084e-01   1.0105065e-01   9.9941879e-02   7.9633989e-03  -6.8749716e-02   4.9932410e-01   1.6581330e-01   2.2036214e-02   2.0256996e-01  -2.9146243e-02   2.9424161e-01  -1.4810484e-01   5.3661931e-01   3.5504493e-01   1.8618559e-02   4.5743476e-01  -5.2158236e-01   2.3140930e-01  -1.5370966e-01   3.2147768e-01   4.5481473e-01   2.7773814e-01  -5.2451815e-01  -3.5390566e-01  -3.9222898e-01   3.6711206e-01   3.7799728e-01   1.7215985e-01  -2.4704160e-01   3.3064513e-01   7.7064439e-02  -1.4560242e-01  -2.1953198e-01   5.6421746e-03   8.8718727e-02   2.0388441e-01   1.4645472e-01  -1.5222328e-02   1.3332081e-01   2.2599809e-01  -9.1366173e-02   1.6834643e-01  -1.1011928e-01   3.5937916e-01   3.8315124e-01  -1.5427860e-01   5.0343416e-02  -2.0624390e-01  -1.3937169e-01   4.5558617e-01   3.0453376e-02   3.7918320e-01  -1.7023197e-02   3.3757676e-01  -1.8140539e-01  -5.0624478e-01  -1.1285872e-01   2.5069136e-01   3.1612662e-01   2.8450291e-01   2.3908092e-01  -2.2586084e-01   9.9698771e-02  -1.7481119e-01   1.5778634e-01   2.7764567e-01  -4.4597082e-01  -2.0736003e-02   1.9782074e-01   3.0151000e-01  -4.7054219e-01  -3.7863737e-01   4.3569484e-01   6.3524081e-03   2.1374642e-01  -1.0664003e-01  -9.9427272e-02   2.3685940e-01
   1.5805498e-01  -2.3951562e-01   7.1559915e-02  -4.1944380e-02  -2.0394516e-01   1.8205450e-01   0.0000000e+00  -3.5188268e-01  -3.6286327e-01   2.1540407e-01   1.4589820e-01   3.8965266e-01  -8.8638318e-02  -5.2252038e-02   4.3967319e-01   3.8798222e-01   5.0065324e-02   3.5009597e-03  -1.0038923e-01   1.4759930e-01  -1.1914244e-01  -2.6232047e-01   7.1915979e-01   8.4357701e-02  -2.2054742e-01  -4.2458795e-01   2.5945246e-01   3.9174968e-02   1.5041124e-01   3.0931649e-01  -1.3710238e-01  -2.0834142e-01  -7.7367557e-03   4.5060687e-01   9.6749503e-02   7.2835209e-02   1.5789981e-01   9.2362126e-03   9.5685505e-02   2.3502100e-01  -2.2385693e-02   2.9847360e-01  -2.6197647e-01  -2.0057894e-01   1.7045091e-01   2.9324971e-01   1.2921141e-01   2.4916442e-01  -1.9005585e-01  -8.3578768e-02   3.2466661e-01  -3.8535662e-01  -1.0644211e-01  -6.3086043e-02  -2.4159299e-01   2.6233679e-01  -1.0497412e-01  -1.4946704e-01   7.6989953e-02  -1.1708283e-01  -3.1075814e-02   1.2652805e-01  -2.1600579e-01  -1.8839717e-01  -2.9804749e-01   4.9229789e-01   9.3648731e-02  -3.7967820e-01  -1.7637383e-01   4.1022465e-01  -8.5358064e-02   3.2085773e-01  -6.9570883e-02   1.0172923e-01  -1.3745150e-01  -4.7526917e-01   2.8416013e-01  -2.7945722e-01  -1.2521923e-01  -4.6133809e-02  -9.7804187e-02   2.2088810e-01  -5.2438736e-02  -2.5588954e-01   1.1797554e-01  -2.9836846e-01  -3.1155380e-01   1.9785773e-01  -2.2983407e-01   1.1444818e-01  -1.2186787e-01  -2.9416152e-02  -5.2010837e-02  -1.6418977e-01   5.1187745e-02   1.1666356e-01  -1.5444550e-01  -4.4853217e-01  -1.6673697e-02   3.9662232e-01   1.1139029e-02   2.0735429e-01  -3.5397504e-01  -1.6821274e-01   4.8624386e-01  -2.4560620e-01   1.0347332e-01  -5.1556899e-01   2.5885874e-01   1.4934358e-01   3.1728230e-01   8.7598419e-02  -4.5487302e-02  -2.0603267e-02   4.3694868e-01  -1.1974695e-01   9.6438178e-02   7.7174881e-02   7.4646502e-02   3.5919872e-01   1.8273884e-01  -2.4029121e-01  -2.1507215e-01  -3.4119434e-01   7.0509858e-02   2.5413701e-01   4.1674571e-01  -2.9159914e-01  -1.0424220e-01   3.0950867e-01  -1.5961033e-01   2.2164286e-01  -2.3348489e-01   2.5352433e-02   1.1039991e-02  -4.0221287e-01  -2.9059589e-04  -1.1339562e-01  -3.3852440e-01   2.4444384e-01   1.6411978e-02  -1.7055351e-01   4.8974345e-02   3.2177615e-01   3.5096982e-01  -2.1699111e-01   4.2660917e-01  -5.1648957e-02   5.1069451e-01   1.3148896e-01   1.5770729e-01  -3.3004843e-01   4.6686563e-03  -1.0988876e-01  -1.7991979e-01   1.6069743e-01   7.7187330e-02   4.1934387e-01  -1.7732547e-01  -4.4480915e-02  -2.2734847e-01  -3.2253970e-01  -1.9232250e-01  -4.7616335e-03  -2.2811070e-01   8.1591171e-02   2.8453726e-01  -6.6301295e-02   1.8369307e-01  -3.0554864e-01   3.8969211e-02   1.2265480e-01  -8.7990007e-02   3.2184426e-01  -1.6076896e-01  -1.0306045e-01  -2.0454029e-01
  -1.9291756e-01   1.3918882e-01  -1.2239689e-01   1.7172773e-01   2.9906993e-02   5.7749260e-02  -3.5188268e-01   0.0000000e+00   1.8443342e-01  -1.2439967e-01   1.4109733e-01  -2.0989630e-01  -1.2981107e-01  -5.4447417e-02  -3.1270080e-01  -3.2024163e-01  -1.0033045e-01   3.5797907e-02   2.7272197e-01  -2.1846212e-01   1.9502984e-01   2.5985889e-01  -2.3989044e-01  -7.2874094e-02   3.8016509e-02   3.5878827e-01  -3.3375677e-01   1.0925677e-01  -1.8259414e-01  -1.3219659e-01   1.8360159e-01   6.0518041e-02  -8.2611214e-02  -2.4777839e-01  -1.6085045e-01   3.7299105e-03  -1.8974661e-02  -1.8963639e-01  -2.3636645e-01  -2.9894441e-01  -4.1415736e-02  -2.7099983e-01  -7.7253068e-02   3.5140636e-01  -1.4906074e-01  -2.0376519e-01  -5.9208685e-02   3.3698944e-02   2.2138828e-02  -6.5832805e-02  -1.6883119e-02   5.0630998e-01   1.3320933e-01  -6.0093726e-02   1.0335725e-01   1.2503361e-02   2.1470968e-01   1.7939527e-01  -1.6526010e-01  -2.7355525e-02   5.0009329e-02   1.5358315e-02  -2.4701571e-03   3.4354606e-01   1.8711565e-01  -1.3012078e-01   9.1929524e-02   9.7395972e-02   2.1951934e-01  -2.0409285e-01   1.2092881e-01   4.0749484e-02   5.4797929e-02  -5.2665260e-03   1.6350590e-01   3.7560733e-01  -2.2478001e-01   1.3022022e-01  -1.0874345e-01   1.9359884e-01   2.7759172e-01  -3.5420835e-01   1.7806943e-01   3.5063231e-01  -2.1027791e-01   1.5868666e-01   1.4470504e-01  -9.5718277e-02   3.6246938e-02  -2.3614592e-01  -8.8968767e-03  -1.0613171e-01  -2.7540375e-02  -8.9065658e-02  -1.0449565e-01  -1.5408370e-01  -3.8992878e-02   3.6565478e-01  -6.0467208e-02  -2.6980894e-01  -6.6683030e-02  -1.8659228e-02   5.2657472e-01   2.1330566e-01  -1.7209710e-01   2.8866918e-01  -5.5199564e-02   5.5274316e-01   4.3593822e-02  -4.2008182e-02  -1.6988308e-01  -4.3529630e-02   8.0330498e-02  -1.8783965e-01  -3.3728477e-01   1.0604500e-02  -1.8681583e-02  -1.9866339e-01   7.7072900e-03  -2.1619073e-01  -1.4832384e-01  -1.0040052e-01  -9.6163984e-02   1.5819249e-01   2.1844127e-02  -1.4870112e-01  -2.5603219e-01   1.0437378e-01   1.3505428e-01  -2.8894839e-01  -2.0668129e-01  -1.5882203e-02   2.9204617e-01   1.8652425e-01  -1.1350668e-01   3.7291786e-01  -1.8455404e-01   2.2518846e-01   2.5426576e-01  -3.6670799e-01  -1.0080031e-01   2.0360730e-02   1.2875890e-01  -2.9252105e-01  -3.4372599e-01   6.0471243e-02  -2.7137283e-01   1.5645622e-01  -7.7397494e-02   1.0359462e-01  -1.6597666e-01   5.5554044e-01  -7.5644478e-02   3.1316216e-01  -7.3955424e-02  -2.4105375e-01  -1.1024180e-01  -2.7506193e-01   8.5319415e-02   2.5582344e-01   1.7390264e-01   2.5013703e-01   3.1313451e-01   1.0287898e-01   2.7643163e-01  -2.0022473e-01  -3.7279633e-02   1.2531656e-01  -1.1158026e-01   1.7585584e-01  -4.5617947e-02  -6.0611477e-02   1.1946549e-01  -1.8698739e-01   5.6936062e-02   4.7202998e-02   3.0079918e-01
  -2.7982651e-01   2.6274519e-01  -3.3463996e-01   1.8818196e-02   2.7808231e-01  -3.8151488e-01  -3.6286327e-01   1.8443342e-01   0.0000000e+00   1.4833326e-02   1.1096955e-01  -2.5888174e-01   1.4640009e-01   1.3637127e-01  -2.1081578e-01  -2.1601423e-01  -2.7100081e-01   1.7901986e-01   1.4638864e-01  -1.4096660e-01   3.6199864e-01   3.3943833e-02  -4.3588097e-01  -3.7277034e-01   1.4488954e-01   1.8203760e-01  -1.6241897e-02  -4.0706864e-01   2.2511615e-01  -4.7381089e-01   4.8304776e-01   6.2044114e-04  -1.0127264e-01  -1.6693267e-02   2.5353364e-01   9.2927752e-02  -8.6956025e-02   6.7922999e-02   1.5945397e-01  -1.2005123e-01   1.6982967e-01  -2.9588024e-01   2.9975697e-01  -2.6428012e-01   1.4086421e-01  -4.2074189e-01  -5.1447165e-02   1.4742204e-01   2.7498834e-01  -1.9527588e-01  -2.1069909e-01   3.8282877e-02   5.8562150e-01  -1.0732939e-01   1.7180879e-01  -4.0423685e-01   4.7390847e-02  -1.2779211e-01   1.5739559e-02   7.7393422e-02  -2.8437412e-01  -8.2748885e-03   4.4620517e-01   5.5884525e-01   6.6152963e-01  -1.7932981e-01  -1.3992168e-01   4.0174397e-01  -9.4550515e-02  -3.9335344e-01   2.9621427e-01  -1.7478886e-01   4.6270555e-01  -5.4279130e-01   6.8721018e-02   1.9855804e-01  -4.2768620e-01   4.5375724e-02   3.6929287e-01  -1.4026852e-01  -1.0462056e-01  -5.0002438e-02   2.7320175e-01  -1.4576623e-01  -3.5892113e-01  -6.7448489e-02   7.1530307e-01  -5.4482732e-01   5.2298888e-01  -1.1463057e-01   2.2014785e-01  -2.6273401e-01   8.6419922e-02   5.9627714e-01  -3.2240193e-01  -2.5515692e-01   8.7848959e-02   1.2472508e-01   1.8768397e-01   7.4481267e-02   8.2621866e-02  -2.0052126e-01   1.5554296e-01   5.7777965e-01  -4.0994926e-01   4.4870811e-02  -1.8420216e-01   2.0621870e-01  -1.7705249e-01  -2.9040763e-01  -6.7912891e-02  -3.0809585e-01  -9.3986474e-02  -5.9710724e-02  -4.1246513e-01   4.7426526e-01  -1.1657006e-01   1.9079819e-01  -4.5723987e-01  -3.5687289e-01  -3.0785100e-01   2.8659893e-01   2.5405704e-01   5.8210438e-01  -2.4811066e-01  -5.1156435e-01  -2.7987874e-01   6.8537212e-02   1.7629637e-02  -2.8274257e-01   1.8288431e-01   2.6705408e-01  -4.2413502e-02   9.9130067e-02  -1.7159457e-01   1.1371470e-01   1.1433803e-01   5.4868078e-02   8.8803484e-02  -1.8690102e-01  -3.8101984e-01   4.7292648e-02  -1.2100990e-01  -4.1242297e-01  -1.7892898e-01   1.6078910e-01  -3.5768656e-02   3.0777040e-01  -4.8441951e-01  -2.5793935e-03  -4.0065354e-01   2.1728011e-01  -3.5384548e-01   4.2520816e-01   2.6250472e-01  -9.8420907e-02  -2.3002757e-01  -3.0014949e-01  -2.7098798e-01  -8.9990305e-02   1.9598585e-01   1.5736359e-01   4.0077647e-01  -3.7570336e-03  -1.4657554e-02   1.3847366e-01  -3.6983698e-02  -2.4244917e-01  -4.2395993e-01   3.1328910e-01   2.5530874e-01  -2.0485812e-01   3.3769583e-01  -4.0002382e-01   1.1299721e-01   4.1405866e-02  -3.8009113e-02
  -7.4846838e-02   5.3451786e-02   9.2943340e-02  -2.1072297e-01  -6.6658202e-02  -2.1082794e-01   2.1540407e-01  -1.2439967e-01   1.4833326e-02   0.0000000e+00  -1.2645729e-01   1.7662460e-01   4.2372727e-02  -9.9576335e-02   8.3465653e-02   1.1503799e-01   1.3339062e-01  -1.2713932e-01   3.5406783e-02   6.7169429e-03  -1.5534559e-01  -8.4140148e-02   1.0569762e-01  -1.1215820e-02  -4.6262447e-02  -2.3419891e-02   1.8176431e-01  -3.9373520e-02   1.0352258e-01  -1.5768956e-02  -6.3421038e-02  -8.4975790e-02   4.0257204e-02   5.0701796e-01   1.6428545e-01  -3.3342750e-02   9.1599952e-02  -1.1502232e-01   4.7389227e-02   3.9044251e-01  -9.5651258e-02   9.5562443e-03   3.4824953e-02  -1.7507698e-01   1.0954892e-01   5.5085856e-02  -2.5222032e-01  -4.6223893e-03  -1.1224138e-01   2.2936785e-01  -1.8212694e-01  -2.2561642e-02   1.6787278e-01  -2.5230682e-01  -1.6687823e-02  -6.8062687e-02   4.5653086e-02  -1.6518364e-01  -1.9750255e-01  -2.5564267e-01  -1.0209389e-01  -1.6502173e-02   9.6280706e-02  -2.8345674e-02   3.1248159e-02   4.8731884e-01  -1.3584125e-01  -3.5129612e-02  -2.8512874e-01   3.6640632e-01   1.8663476e-01  -3.4077421e-01   4.2049991e-02  -2.6420180e-01  -1.5597869e-01  -2.4299979e-01  -5.2807909e-02  -1.7018667e-02   2.1356670e-01  -4.2052393e-01   8.8425605e-02   2.8269955e-03   4.3213115e-02   2.0530911e-02  -2.5188795e-01  -1.5209622e-01   7.2827189e-02  -2.7751407e-02   1.5142669e-01  -1.5885228e-01   1.5660495e-01  -1.3371800e-01   2.7345328e-01  -1.3445211e-01  -6.5761207e-02   1.7887985e-01  -2.0799410e-01  -1.6297597e-01  -2.6138433e-02   4.7765634e-01  -3.3479463e-02  -4.3315270e-02  -6.1533154e-03  -1.9526170e-01  -8.9324627e-02  -1.2507889e-01  -3.2022340e-01  -3.7296384e-01  -1.1356549e-01   3.5977276e-02   3.0968075e-01  -9.3969882e-02  -3.6527787e-01  -1.6640955e-01   1.0997486e-02   1.5524300e-01   3.3114428e-03   4.1904049e-02  -5.6735974e-02  -7.8365907e-02  -1.8213370e-02   1.2757143e-01  -1.1646765e-01  -1.1071026e-01  -2.1663256e-01  -1.9606823e-01  -1.4278934e-01  -2.4142942e-02  -2.9086077e-01   4.5205354e-01  -4.9738909e-03   1.7911145e-01  -1.4005028e-01  -5.6320502e-02  -1.9647465e-01  -1.7820084e-01  -9.6880781e-02   3.2984871e-02  -1.7552486e-01   1.1448301e-01   2.1890726e-02   1.0505507e-02  -2.6022345e-02   1.9185273e-01   6.0091587e-02  -3.3343897e-02   4.8268559e-01   8.6702047e-03   1.7865950e-01  -4.7131350e-02  -2.0552899e-01  -5.1488593e-02  -3.1495628e-01  -1.2336002e-01   3.1876453e-01   8.7890629e-02  -8.2626290e-02  -9.4547394e-02  -2.0046970e-01   5.9676575e-02  -2.2660099e-01  -1.9618143e-01   1.4167523e-01  -2.6413847e-01  -2.2937775e-01   2.2830700e-01   1.0410206e-01  -1.2337337e-01  -1.8167329e-01  -5.6574260e-02   1.2471512e-01  -1.8168047e-01  -1.1571861e-01   7.6294709e-02  -7.7572590e-02  -3.7257159e-01  -1.3003583e-01
   2.3095959e-02  -3.2105192e-01  -4.5033421e-01   2.0212569e-01  -4.9798029e-02   2.4956270e-01   1.4589820e-01   1.4109733e-01   1.1096955e-01  -1.2645729e-01   0.0000000e+00  -3.3157113e-01   1.4029545e-01   1.4659807e-01   2.0084873e-01   5.4321182e-02  -4.6675885e-01   5.6471655e-01   8.8950730e-02  -1.1618488e-01   3.7417713e-01  -1.4390981e-02   2.5620837e-01  -1.0957555e-01  -1.5663714e-02  -9.5546222e-04  -2.1719393e-01   2.4889282e-01  -1.2019341e-01   2.0892865e-01   4.5726585e-01  -9.1789728e-02  -1.6559409e-01  -3.7626850e-02  -1.6982727e-01   3.2123156e-01  -1.4923468e-01  -6.0341853e-02  -1.8912535e-02  -3.0258219e-01   2.1244855e-01  -1.7398060e-01  -3.9905542e-01   2.8446084e-01  -2.4980636e-02   9.5618935e-02   5.1193352e-01   4.7436439e-01   6.6711945e-02  -4.0603115e-01   4.0283230e-01   1.2116653e-01   7.7636049e-02  -3.6247866e-01  -1.1769120e-01   4.3863297e-01   4.3689029e-02  -2.6495874e-02   5.9676176e-02   1.3103993e-01  -1.3213730e-01  -1.5399815e-01  -2.4537896e-01   4.3344103e-01   1.0778845e-02   2.5509232e-01   2.3609629e-01   3.0167995e-02   2.8845649e-01  -1.9678045e-01  -3.2060621e-01   5.3362767e-01   1.3088713e-01  -1.4574168e-01  -2.9528929e-01   2.3530970e-02   5.3960518e-02  -3.4336090e-02  -2.5590100e-01  -2.8541043e-02   2.1140856e-01  -5.0821165e-02   2.9310146e-01  -1.7844349e-01   2.1090403e-02  -6.0194197e-02   3.4823736e-02  -2.7116289e-02  -1.3597513e-01   1.1135266e-02  -2.4000467e-01  -1.5159131e-01  -1.3735992e-01   2.6105561e-01   1.2691324e-01  -3.4473737e-02  -2.2645538e-01   3.4360708e-02  -8.3913887e-02  -2.1604501e-01   2.3606351e-01   9.7292337e-02   1.4894958e-01   2.5314720e-01   2.2594371e-01   8.1039313e-02  -2.3152614e-01   1.6672242e-01   7.8799639e-02   4.2527640e-01  -5.2269161e-02  -2.5483794e-02   2.3877221e-01  -1.4206535e-01   8.6444692e-02  -1.4937450e-02   1.2831622e-01   1.8741861e-01   7.9005749e-02  -6.7224152e-02  -8.4487674e-02  -3.3005614e-01  -4.6577537e-02   2.3140231e-01   9.2757066e-02   2.0901385e-02   2.5478280e-01  -4.6120792e-01   1.3037003e-01  -2.0038474e-01  -3.5908701e-02   3.7793206e-01   3.6444747e-03   4.9497825e-01  -1.0292394e-01   2.6367152e-01  -8.5511755e-02   2.2400083e-01   1.0913093e-01  -4.0241982e-02  -1.3223167e-01   1.0874728e-01   2.8077345e-01   6.5677139e-03   1.8763925e-01   3.2826138e-01  -3.9489684e-01   4.2080589e-01   2.9118055e-01   3.7679972e-01  -5.3612761e-03   1.4822985e-01  -6.6939385e-03   4.0490072e-01  -4.3843239e-01  -1.2353053e-01   6.6649273e-02   1.5840389e-01  -2.1152541e-01   2.2241348e-01  -1.4489935e-02   2.4195714e-01   3.3460741e-01   5.2202877e-01  -5.2367264e-03  -2.7925465e-01   2.1504896e-01   1.1345025e-01  -1.7621512e-02  -1.4403412e-01  -8.2355971e-02   1.0267054e-01   5.6046606e-01   1.8045692e-02   6.6535564e-02  -2.1656085e-01  -1.6355409e-01
   8.2422667e-02   3.6312395e-01   5.3028362e-01  -1.8135157e-01   2.6573322e-01  -6.4578466e-02   3.8965266e-01  -2.0989630e-01  -2.5888174e-01   1.7662460e-01  -3.3157113e-01   0.0000000e+00  -2.0570578e-01  -1.8779769e-01   6.4659273e-02   3.0565729e-01   5.1870312e-01  -3.2149200e-01  -8.8583643e-02   4.6220525e-01  -3.6248062e-01  -2.7484410e-01   1.3570794e-01   1.4039372e-01   5.1882276e-03  -1.6202208e-01   4.6296805e-01  -1.4558525e-01   1.6628321e-01  -9.4907622e-02  -3.1711520e-01  -8.0304935e-02   1.7168070e-01   2.3913455e-01   4.0523933e-01   1.6737337e-01   1.6994072e-01  -1.6951367e-01  -3.5010719e-02   5.0892107e-01  -3.4768976e-02   1.1654968e-01   3.8984341e-01  -2.5356150e-01   3.8780346e-01   1.1518299e-01  -1.8409961e-01  -1.8172166e-01  -8.0652906e-02   3.0610522e-01  -1.5695243e-01  -2.6012827e-01   6.4598535e-04   3.9971860e-01  -2.5780125e-01  -1.9689451e-01  -6.0799492e-03  -1.0069662e-01   9.3094549e-02  -1.1428430e-01   5.6241336e-02   2.9958493e-01   1.1428429e-01  -2.6587440e-01  -9.1287608e-03   1.7826442e-01  -2.4942254e-02  -3.8857521e-01  -2.3811238e-01   4.4150795e-01   3.8343704e-01  -1.2858102e-01   1.6023182e-03   2.5990947e-01   2.2747812e-01  -3.0640630e-01   2.1386339e-01  -1.4055554e-01   3.8930374e-01   1.7645774e-02  -2.6627164e-01   1.3165442e-01  -6.0017859e-02  -1.1336839e-01   1.2407360e-01  -1.8460042e-01   4.6365470e-02   2.8445559e-01   3.7756809e-02   4.8941137e-02   3.7425900e-01   2.4333254e-01   3.6149042e-01  -1.4304737e-01  -6.9561994e-02   2.1001927e-01  -3.9298394e-02  -2.8891742e-01   3.3565566e-01   3.5498966e-01  -1.1148261e-01   1.9841922e-01  -1.3889223e-01  -3.0155854e-01  -3.3708287e-02  -2.9515207e-01   2.9038319e-01  -3.5448870e-01  -9.6390855e-02  -9.4285796e-03   3.5142838e-01  -7.6799286e-02  -3.7034093e-01   1.6906991e-03   1.3889134e-01   1.9870004e-01   2.7113952e-02   3.2961753e-02   1.0142892e-01   8.6933337e-02   1.5544347e-01   3.6063236e-01   1.4732014e-01  -1.4699944e-01  -1.8166785e-02   2.2166536e-01   1.7702223e-01   1.6859904e-01  -2.9703405e-01   4.2579128e-01  -5.4686817e-02   2.4135361e-02   5.1052301e-02  -3.0306563e-01  -1.2086258e-01  -4.0167496e-01   3.0907490e-01  -2.3480276e-01  -2.8224228e-01   1.0065905e-01  -8.8586796e-03  -1.1794380e-02  -3.4792985e-01   2.0965152e-01   2.0365426e-01  -3.4540047e-01   6.0578684e-01  -3.7100706e-01  -2.6257366e-02  -1.0651458e-01   1.1908538e-01  -3.0426547e-01   2.3177195e-02  -1.2274840e-01   4.4808424e-01   1.3413970e-01   2.9189501e-02   9.4775285e-02   8.7518641e-02  -3.4245612e-01   9.5538431e-03  -4.4337120e-01  -2.3915294e-01  -3.4510768e-01   5.5365606e-02   5.3762594e-01   2.3809682e-01   1.8110792e-02   1.6550063e-01   2.4986919e-01   2.1322828e-01   6.4602377e-02  -4.8572992e-01   2.6001532e-01  -2.3880632e-01   8.3459428e-03  -1.0031188e-03
  -1.1269157e-01  -2.2458462e-01   1.0670479e-03  -1.2022479e-02  -3.9740264e-02   1.3239992e-01  -8.8638318e-02  -1.2981107e-01   1.4640009e-01   4.2372727e-02   1.4029545e-01  -2.0570578e-01   0.0000000e+00  -1.9328063e-01  -1.5504992e-01  -6.7338692e-02   2.3222202e-02   5.9531229e-02   3.2885435e-02   1.1874003e-01  -1.3480436e-01  -7.3993178e-03   2.2225719e-02  -1.2462081e-01  -8.0239507e-02   7.2451968e-02  -6.2659789e-03  -6.1451048e-02  -7.8378950e-02  -1.5624337e-01  -5.7003005e-02   1.9415912e-03  -3.3927935e-01   1.4905832e-01  -1.5145527e-01   2.8603581e-01   6.5921329e-02   1.4223915e-01   5.7351306e-02   1.2451063e-01   5.4862069e-01   2.7983830e-02   7.4389338e-02  -7.2927990e-02  -1.2692005e-01   1.7009394e-02   1.7632874e-01  -1.1888534e-01   6.6400079e-02   1.1625638e-01   1.3810878e-01  -2.2111884e-02  -4.4170155e-02  -7.7130917e-02   1.3136673e-01  -7.5531755e-02  -1.1620426e-01  -2.5232058e-02   2.2035265e-01  -9.8339610e-02   6.6809646e-02  -1.2119897e-03   9.7116129e-02  -2.9215249e-02  -6.2320281e-02   1.3363119e-01   2.2971093e-01   8.6892499e-02  -3.6496374e-02   5.9536837e-02  -1.7929797e-02   3.3972625e-02   6.7980580e-02  -1.8156560e-01  -3.1697553e-02   7.9935421e-02   5.2993511e-02   1.8464832e-01  -2.0567056e-02   1.0202887e-01   1.4071564e-01   8.4919750e-03  -2.2667950e-02   3.3332714e-03  -1.4873341e-01   7.1126049e-02  -1.4889725e-01  -4.7031236e-02   1.4055223e-01   1.6122442e-01  -3.3513603e-02   9.5322536e-02   2.9709863e-02  -9.7295691e-03   1.5695276e-01   3.2375220e-01   8.8890822e-02  -6.7752055e-02   1.1318409e-01  -1.1028169e-01  -1.1627373e-01  -3.2066847e-01  -4.8390203e-02   1.0204116e-01  -1.0506511e-01   5.8334024e-02   3.5431737e-03   1.0661895e-01   9.7423560e-02  -7.2436200e-02  -1.4990899e-02   2.2901431e-02  -7.4585097e-02  -7.4725039e-02  -6.7822648e-02   3.9466419e-03   6.8735920e-04   3.4215792e-01  -1.2743354e-01  -1.5620104e-02   5.4201191e-02   1.4480858e-01   3.2456749e-02   1.0693756e-02   8.3132807e-02  -1.3438028e-01  -1.6046280e-01  -8.0601656e-03   1.3140764e-01   4.0902268e-02   3.8449607e-01   1.4261777e-01  -7.9403983e-02  -1.8296509e-02   1.0072253e-01   9.8847389e-02   1.6453469e-01  -6.4808779e-02   5.8833377e-02   3.7232404e-02  -4.3937351e-02   2.7173765e-01   1.3549825e-02  -7.2986238e-02  -2.6340811e-01  -9.7411666e-02   6.2030224e-03  -1.0728571e-02   8.4155840e-02   3.8511528e-02  -9.4018757e-02  -1.0645034e-01  -1.5727076e-01   4.9629830e-02   5.6722765e-02  -2.0271818e-02  -3.4222924e-02   1.3016690e-01   1.1957055e-01   1.3822247e-01  -1.5179749e-01   2.2224130e-01  -7.6811822e-03   4.2012016e-02  -1.4954769e-01  -2.1220646e-01   4.9426838e-02   4.4821872e-02  -1.8975994e-01   4.3471165e-02   3.2447425e-02   3.2965983e-02   9.6441705e-02  -7.0679829e-03   1.0455087e-01   1.4529210e-01   6.7560133e-02
   4.0885587e-01   2.2857325e-02  -2.5896130e-01  -1.0951203e-02  -2.5021221e-01  -2.4191000e-02  -5.2252038e-02  -5.4447417e-02   1.3637127e-01  -9.9576335e-02   1.4659807e-01  -1.8779769e-01  -1.9328063e-01   0.0000000e+00   3.1488813e-01  -4.7701122e-02  -3.6082819e-01   3.3845515e-01   1.9524568e-01  -4.1508213e-01   4.1280192e-01  -1.3656141e-01  -8.3051006e-04   1.2552327e-01  -3.9790068e-02  -3.1528896e-02  -3.1771953e-01   1.2342528e-01   4.2530365e-02   1.1683941e-01   5.1678799e-01  -1.2949677e-01   5.4353111e-02  -3.2081441e-01  -1.4164975e-01  -3.7738134e-01  -3.9303634e-01  -1.9570963e-01   1.4286889e-01  -3.6268431e-01  -1.5090206e-01  -7.7118018e-02  -1.1763601e-01   1.8371040e-01  -9.7129607e-02  -3.0344744e-02  -4.7268187e-02   2.8747087e-01   3.0393401e-01  -3.2949907e-01   1.4985887e-01   5.0906180e-02   5.4633891e-02  -6.0921786e-02   4.1174590e-01   1.0783913e-01   3.7744824e-02  -1.5076640e-01  -1.5909737e-01   2.2155001e-01  -1.4572226e-01   1.4555757e-02   1.3944841e-01   2.5744874e-01   1.9204177e-01  -3.7098170e-02  -1.0566707e-01   2.6781638e-01  -6.1793428e-02  -3.3711241e-01  -2.4731641e-01   4.8940396e-02  -3.9596657e-02  -1.7191081e-02  -1.8390730e-01   1.3818258e-02  -2.6477921e-02  -1.6733728e-01  -2.4335312e-01   1.5507683e-01  -6.7300367e-02   5.8423826e-02  -6.9188318e-03   2.2167842e-02   1.6896319e-01   1.8661369e-02   2.8496154e-01   1.0567478e-01   1.7030043e-02  -5.2785417e-02  -2.8185915e-01  -2.0315180e-01  -2.9011550e-01   2.5279242e-01   9.1664669e-02  -3.9168850e-01  -5.8812355e-03   7.1149516e-02  -1.1828851e-01  -2.2852061e-02   5.9830105e-01   2.5172999e-01  -5.7601636e-02   2.9283551e-01   3.1082349e-02  -1.4028710e-01  -3.3278428e-02  -1.1051631e-01   1.7930398e-01   5.0026720e-02  -3.1457116e-01  -8.0558693e-02   1.8737492e-01  -1.2334106e-01   1.9843904e-01  -1.4308249e-01   4.7139591e-02  -1.5869530e-01   1.2120051e-01   6.0817031e-03  -1.9281846e-01  -3.3873847e-01  -2.3304686e-01   1.8272863e-01  -1.6938111e-01   2.8024954e-01   3.1307708e-01  -2.9409196e-03  -9.9128979e-02  -1.9595636e-01  -4.7423004e-04  -5.2020244e-02   1.7124772e-01   2.6024936e-01   5.0060148e-02   3.5782119e-02   1.2469478e-02   3.2912715e-01   1.7612798e-02   2.4449752e-01   3.5655229e-01  -7.2338308e-02   9.6343580e-02   1.8350971e-02   3.9429905e-01   4.4226491e-01  -3.5231364e-01   8.7423165e-02  -1.4746355e-03   2.3027136e-01   7.6083226e-02   1.1037567e-01  -7.0044895e-02  -1.9339134e-02  -3.2791563e-01   1.7625163e-01   2.9620757e-02   4.8284881e-02  -2.4343194e-01   1.6309848e-01  -3.8095179e-02   2.4570231e-02   2.3999233e-02   2.0066602e-01  -1.0150501e-01  -1.2309794e-01  -1.4774594e-01  -2.4121238e-01   7.3886607e-02  -1.8507949e-01  -1.8295195e-01  -4.6824753e-02   3.0010820e-01   7.0151005e-02   3.4944361e-02   3.2482589e-02  -1.6953163e-01
