   0.0000000e+00  -2.1877496e-01   5.8462424e-02   7.5432619e-02  -1.5412177e-01   1.6547350e-01  -6.4076048e-03  -1.4561191e-01  -2.1318962e-01   1.9915344e-01  -4.9781544e-03   4.4030694e-02   2.8125225e-02   2.3982300e-01   2.4878279e-01  -1.2036081e-01   1.8539684e-01  -1.5618702e-02  -7.9270357e-02  -1.3191538e-01   8.1529441e-02   3.0472426e-02   2.0442143e-01   3.5998671e-01   8.0237226e-02  -3.1475797e-02  -3.4585362e-01   4.0305396e-01  -4.0136636e-02  -1.1318174e-01   9.0870279e-02   1.4839870e-01   1.7095026e-01  -1.4746179e-02  -1.3365718e-01  -1.5709102e-01  -2.9440840e-02   5.5804365e-01  -2.5202618e-01  -1.5946418e-01  -1.4971672e-03   1.5450622e-01  -2.3275418e-01   2.6860534e-01  -1.9211060e-01   4.2264946e-01  -9.7135231e-03  -3.6891915e-02  -2.6748210e-01  -7.4277700e-02   1.3933351e-01  -7.7472072e-02  -1.2310787e-01  -4.1359956e-01   2.1179531e-02   3.4329724e-01   1.2111127e-01  -2.2524977e-01   1.5241944e-01   5.5419656e-02   3.9478042e-01  -2.3239634e-01  -1.6480237e-01   1.1457316e-01  -1.4424706e-01  -1.2545013e-01  -5.1411708e-02  -2.1332721e-01   3.4804070e-02   1.2525057e-02  -1.1182661e-01  -5.9977824e-02  -1.1908471e-01   3.2900594e-01  -2.0066623e-01  -5.3095675e-02   5.7709809e-01   5.6853246e-02  -1.8832693e-01  -1.4590177e-01   2.9984283e-01  -1.7826670e-01   1.7432402e-01  -8.0244323e-02   4.2365586e-01   7.9894598e-02   8.5154741e-02   2.5787746e-01  -2.3306425e-01   5.4101877e-01  -1.2310237e-01   3.7423975e-01  -1.3044885e-01  -2.4127038e-01   5.5498901e-01  -2.9378793e-01  -2.3746574e-01  -1.0998604e-01  -2.7402016e-01  -9.4609327e-02   2.2181744e-01   7.1129409e-02   1.7558412e-01  -1.4251284e-01  -1.3142177e-02   2.2770050e-02  -2.2753375e-01  -1.8694073e-01  -3.7499212e-01   5.3951853e-02   1.5388839e-01   1.9323142e-01  -7.8285891e-02   6.4679851e-01   2.6731360e-01  -1.9663175e-01   1.0303338e-01  -4.2132854e-02   4.4056894e-01  -6.1777970e-03   5.2872884e-01  -2.2699503e-01  -2.1671004e-01  -1.0179728e-01   3.9881357e-01   2.4468252e-01  -9.6030952e-02  -2.3476762e-01   1.3148687e-02   1.4083030e-01  -2.2204633e-01  -8.5014648e-02   2.9574418e-03   1.1000442e-01  -1.9977835e-01  -1.4165337e-01  -2.9965333e-01   1.6232379e-01  -1.0347185e-01   2.2154795e-01   3.4614017e-01   5.5436542e-02   2.4786512e-01   3.5049786e-01   6.2131647e-02  -4.0910383e-02  -1.3739688e-01  -5.2615331e-02   1.3762334e-01  -1.0686813e-01   4.6053669e-01   1.1166117e-01   4.2111650e-01  -5.8232534e-02   1.8144439e-02   2.3393539e-01   5.0438880e-01   1.8236009e-01   1.2017567e-01   1.2180770e-01  -9.9778402e-02   2.8733686e-01   1.1176323e-01   9.1164097e-04  -1.0728213e-01  -3.2470314e-01  -1.1026626e-01   2.5633045e-01   2.3674748e-01  -5.6320799e-02  -1.5077224e-01   4.4025855e-01  -1.2660985e-01   2.8217642e-01   6.1366201e-02  -2.8141710e-01  -5.3977975e-02
  -2.1877496e-01   0.0000000e+00   2.4794551e-01  -1.4296709e-01   4.4811540e-01  -5.7740970e-02   1.0674119e-01  -3.5130068e-02   4.0202182e-01  -2.6362855e-01  -2.5730834e-01   2.7779240e-01  -1.1666598e-01  -1.1044699e-01  -3.9584727e-01  -1.7078962e-01   3.1886769e-01   8.3991815e-02  -1.2811550e-01   3.7151542e-01  -6.9524754e-02   2.1030847e-01  -2.2373843e-01  -1.5853064e-01  -1.7210194e-01   1.5380554e-01   3.0397409e-01  -2.3690742e-01   1.0876007e-01   1.1529216e-01   1.5719528e-01  -1.7749062e-02  -1.1458948e-02   8.9086771e-02   7.3334294e-02   2.3716224e-01  -7.0117528e-02  -1.3992224e-01  -1.4198540e-03   1.7904253e-01   5.1487931e-02  -1.3511573e-01   3.5294521e-01   5.8950495e-03  -1.7073036e-01   1.2344681e-01   3.2780698e-02   4.5481790e-01  -6.2864368e-02   4.6051672e-02  -2.6058615e-01  -5.9853348e-02   4.5357390e-01   1.3618157e-01   1.3317885e-01  -2.0909148e-01   1.3948226e-02   1.2095356e-01  -1.7296506e-01  -1.2040179e-01   1.8682703e-01   1.6657929e-02   3.8506727e-01   9.4667125e-04   4.8243332e-02   7.1281756e-02   1.5125496e-01   4.0770564e-02  -6.6917345e-02   3.5479705e-02   5.2234648e-01  -1.4693028e-01   1.6803169e-01   4.2343035e-02  -1.1118303e-02   2.0826102e-01   6.9606254e-02   2.2223384e-01   4.6893820e-01  -2.9144166e-02  -2.2886252e-01   1.5668799e-02   3.0076142e-01   1.3417134e-01   1.4531624e-01   8.9673523e-02   2.3637436e-01   2.9145271e-02   2.3845884e-01  -1.4025232e-01   5.3319512e-01   7.3632696e-03   1.8957011e-01   3.5748215e-02   2.0964098e-02   4.3172340e-01   5.5172462e-02  -7.1252250e-03   1.9526390e-01   1.9795208e-01   3.1284943e-02  -3.4286149e-01  -8.9673840e-02   1.7863782e-01  -2.0955877e-01   1.0778289e-01   3.5504047e-01  -8.2410116e-02   3.2276129e-02   9.2498509e-02   1.6198806e-01  -1.2147082e-01  -1.1863364e-02   4.8116940e-02  -1.5933240e-01   4.3069650e-01   2.4515660e-02  -1.3147117e-01  -1.5559191e-01  -1.6263404e-01   1.0642950e-01   3.0333701e-01   2.3724231e-01   3.6027078e-01  -3.9096059e-02  -1.2540850e-01  -4.1991093e-02   3.8175108e-01  -5.7561474e-03   2.1774907e-01  -1.7588989e-01   3.4741816e-01   2.8223711e-01   2.4018151e-01   2.1306029e-01   8.4377902e-03  -6.9762140e-02   1.4476013e-01   8.3130105e-03  -7.3650842e-02  -3.3155262e-02   4.9852375e-02  -3.0784249e-01   1.2652108e-02  -1.8886907e-01  -7.5491420e-02   3.2042132e-01   2.9717958e-01  -2.8780548e-01   3.1858378e-01  -1.8009776e-01  -4.8226579e-02   5.0212099e-03   2.2200236e-01   5.0604007e-01  -1.8526786e-01   8.0843316e-02  -1.4513212e-01   1.2082829e-01  -1.8440467e-01   9.5672608e-02  -1.1153774e-01   1.9766892e-01  -7.3218211e-02  -1.9505912e-02   2.5961702e-01   1.9835755e-02   9.2674353e-02   2.2235958e-01   5.0732564e-01   9.7101509e-02   2.0889026e-01   9.7981122e-02   5.9106391e-02  -6.0404925e-02  -1.8286858e-02   1.2761377e-01
   5.8462424e-02   2.4794551e-01   0.0000000e+00  -1.7366500e-01  -7.9403830e-02  -1.2277007e-01  -1.6089060e-01  -1.5932839e-01  -8.8165176e-02  -9.1942061e-02  -3.5686035e-01   8.0336372e-02  -1.8445492e-01   2.1193531e-01  -1.4087995e-01  -5.4493306e-02   6.4577722e-01  -3.8844588e-01  -3.1669474e-02  -4.9666821e-02  -1.3039961e-01  -2.7845209e-01  -2.9391709e-01   1.2014912e-01  -6.1789180e-02  -1.7027156e-01  -1.2915719e-01   1.1662993e-01  -1.7373831e-01  -4.1718789e-01   1.9747402e-01  -1.2331195e-01   2.3446207e-01  -2.6860412e-01   1.4020814e-01  -1.5710618e-01   9.4310049e-02  -6.2207588e-02  -2.0419796e-02   3.2556177e-01  -1.9437591e-01   2.9408956e-01   1.2897874e-01  -4.0993972e-02  -2.0556886e-01   1.7054838e-01  -3.0798147e-01   7.8771207e-02   1.9446203e-01   3.3523617e-01  -3.5890289e-01  -3.0649308e-01  -6.8876582e-02   2.1221373e-01   3.0704272e-01  -9.9684767e-02   6.3879832e-02  -1.8678591e-01  -1.6047408e-01  -3.9331814e-01   3.1779897e-01  -8.8306111e-02   6.5942557e-02   1.8634422e-01   5.4871347e-02  -2.7844937e-01  -2.4888907e-01   7.2119717e-02  -2.8490322e-01   4.0701382e-01   2.1152355e-01  -2.7394731e-01  -1.5136852e-01   2.4932700e-01  -2.3589587e-02  -2.2075375e-01   1.5951993e-01  -1.6469079e-02   2.4316431e-01   1.5315945e-01  -8.3417518e-02  -1.7973293e-01   2.6235222e-01  -2.0434397e-01   4.4782631e-01  -2.3004525e-01   4.4789400e-01   2.0227641e-01  -2.6377311e-02   2.6648241e-01   1.1109118e-01   5.8127761e-01   3.4761711e-01  -2.8556735e-01   3.8943756e-02   2.8146584e-01   1.5472850e-01  -1.7787162e-01  -1.1002156e-02  -1.6101140e-01   2.9673092e-01  -2.5177270e-01  -5.0491151e-04  -2.2902251e-01  -3.5436265e-01  -5.5019470e-02   2.8808771e-01  -2.2254885e-01   1.8991403e-01  -2.8411629e-01   1.6700060e-01  -3.0237678e-01  -2.8826609e-02   1.5386314e-01   2.8101713e-01   1.7027447e-01  -1.1463219e-01  -2.1870935e-01   3.0009571e-01  -1.0329064e-01   2.6401406e-01   9.3847971e-02   2.5668547e-01   9.7018413e-02   1.5038459e-01  -1.2229563e-01  -3.2196643e-01   3.2762233e-02  -3.0510209e-01   5.4765890e-01  -5.9023759e-02  -8.4498817e-02   1.3800856e-01  -5.7688360e-02  -1.4171321e-01  -2.5388313e-01   9.2339283e-02   2.5787899e-01  -2.8070329e-01  -8.5620412e-02   1.8350881e-01   4.0015075e-02  -1.8137139e-01   2.2870250e-01  -1.1054033e-01  -2.4429131e-01   1.5297911e-01  -1.8939608e-01  -4.5133048e-01  -9.3764315e-02   3.0069040e-01  -8.3586740e-02   3.7805515e-01   8.7711670e-02   5.0915287e-01  -6.0395520e-02   2.6395693e-01  -1.1067710e-01   6.0681141e-01  -2.4189601e-01   1.0594507e-01  -2.5701922e-01  -1.4265930e-01  -3.8781803e-01  -1.5888800e-01   2.2400427e-01  -1.7792031e-01   6.3049776e-02   4.5937888e-01   2.6835603e-01   9.7225809e-02   8.5196369e-02  -7.8313776e-02   1.4553735e-02   4.6553126e-02   7.1825128e-02  -2.9577089e-01
   7.5432619e-02  -1.4296709e-01  -1.7366500e-01   0.0000000e+00   1.4996089e-01   1.3514318e-01   1.6902500e-01   3.1288563e-01  -9.2350492e-03  -8.9745548e-02   3.6445023e-01   2.0100430e-01   1.3948025e-01  -1.9487176e-02   1.8959519e-01   2.3400996e-01  -1.0423626e-01   2.6230656e-01   8.6042978e-02  -1.3284230e-02   2.3202693e-01  -4.5607909e-02   1.3214885e-01  -1.1452885e-01   9.1005298e-02   1.3164061e-01   1.6690851e-01   2.9857962e-01  -3.1056708e-02   3.0835773e-01   5.9544834e-02   1.3605950e-01   1.9906136e-01   1.2705475e-01   1.2062559e-01   3.2304219e-01   7.8915080e-02  -2.5111549e-02   2.5403241e-01   4.3470419e-03   4.3799656e-01  -1.4638175e-01  -1.8177121e-01   1.3142022e-01   1.3088152e-01  -1.7593508e-02   3.3022490e-01   2.2621140e-01  -5.7049781e-02   1.8687481e-01   2.8061784e-01   1.4862923e-01   3.8967733e-02  -2.4512549e-01   1.3062093e-01   1.2060680e-01  -4.6369205e-03   3.0420699e-01   4.7481586e-01   2.9972835e-01   1.1779226e-01  -9.7479291e-02  -9.2428110e-02   1.8659526e-01  -1.3008979e-01   6.2141160e-02   1.2034035e-01  -2.7039544e-01   2.1734680e-01  -2.0539915e-02   4.4900318e-02   4.2276245e-01   1.7769753e-01  -8.9888071e-02   1.4177609e-01   1.5063082e-01   2.6872347e-01   1.6465137e-01  -1.0539042e-01   7.4870962e-02   2.3875190e-01   6.3394282e-02   3.7204171e-03   1.6007991e-01  -1.1177296e-01   2.5648031e-01  -1.6942891e-02   5.7533206e-02   1.1318215e-01  -2.0445936e-02  -7.9417580e-02   2.6617993e-02  -1.4440699e-01   1.0512936e-01  -2.0359713e-02   3.8439386e-02  -2.8008727e-01   1.9795995e-02   1.4179510e-01  -2.8578242e-02   2.3618466e-01   1.9515722e-01   7.5058541e-02   3.5146383e-01   4.0203468e-01   2.3863757e-01  -7.1348563e-02   3.1111078e-01  -1.5248569e-01   7.2869599e-02   2.7060398e-02   2.7183581e-01   2.8429820e-01   2.0564587e-02   2.1325700e-01  -2.7162740e-02  -6.3059540e-02   2.4365029e-01   1.8652035e-02   3.1849356e-01  -1.3543027e-01  -1.0410780e-01  -1.9840900e-01  -2.0713516e-02  -7.3665348e-02   1.4587666e-01   2.2707406e-01  -8.3032445e-02   1.3107340e-01   9.6636198e-02  -6.4788034e-04   8.0959823e-02  -1.6574365e-01  -1.5495684e-02   2.8991782e-01   2.2925842e-01  -2.6862940e-01   2.5634531e-01   2.3084364e-01  -1.6103250e-02   1.2243807e-01   2.1849527e-04   3.0163607e-01   2.0462770e-02   1.6771393e-01   3.7251345e-01  -9.8758476e-03   8.9310103e-02   1.1446847e-01   9.5597496e-02   8.5156545e-02   1.1089158e-01   1.4508189e-01   1.2412699e-01  -1.7586354e-01  -1.2058142e-01   1.7147021e-01   3.9170088e-01  -2.3542871e-02   2.2302906e-01  -1.1530699e-01   1.7128967e-01   8.6687839e-02   2.2921451e-01   4.4089159e-01   2.0812157e-01  -4.7013117e-02   1.1831501e-02  -6.6732931e-02  -1.0201068e-01  -9.2775845e-03   5.4682506e-02  -8.8029349e-02   1.6864816e-01   4.0346214e-01  -2.4775242e-01   3.2112426e-01
  -1.5412177e-01   4.4811540e-01  -7.9403830e-02   1.4996089e-01   0.0000000e+00   1.0916539e-01   1.8105729e-01   1.2663727e-01   2.4709675e-01  -1.9723121e-01   2.6408221e-01   2.9248140e-01  -7.6852949e-02  -3.8732074e-01  -2.7015813e-01   1.5855145e-02   6.2765375e-02   3.6871334e-01  -2.0236311e-01   7.6213936e-01   4.6843290e-02   2.0380358e-01  -4.5992246e-02  -2.9270760e-01   8.2394334e-02   9.9520676e-02   4.8141877e-01  -7.4126933e-02   2.2609206e-01   2.5520990e-01  -1.5914925e-01  -5.3990381e-03   5.3256710e-03   1.8943887e-01  -1.7433278e-01   5.4632555e-01   5.3497795e-02  -1.7821639e-01   1.3595143e-01   2.0828867e-01   1.6883940e-01  -1.2579630e-01   3.1547458e-01   9.6575059e-03  -2.0641340e-01   2.3272457e-01   3.9563478e-01   1.8685176e-01  -1.4467562e-01   1.1026911e-03   1.3822515e-01   3.0647011e-02   3.6908184e-01  -7.4794704e-03   2.9954678e-02  -8.3525409e-02  -4.9445984e-02   2.0500666e-01   4.9860535e-02   8.9415367e-02   2.3384725e-01   7.1249588e-02   3.0457884e-01  -1.1926385e-01  -1.0723886e-01   3.1105877e-01   2.2928150e-01   9.9074478e-02   1.8167497e-01   2.5061188e-01   2.6283016e-01   2.5384595e-01   2.6651158e-02   1.0643385e-01  -1.0145081e-01   1.5819454e-01   8.1003591e-02   1.4177037e-01   4.6232959e-01  -7.9543678e-02  -2.3343116e-01   1.3793585e-01   1.5255792e-01   7.7476416e-02  -1.0252218e-01   1.6728024e-01  -2.0961085e-01  -2.5129633e-03   1.8041099e-01  -1.6789926e-01   4.8517795e-01  -4.7858772e-02   1.6627375e-01   1.3576172e-01   1.5006148e-01   5.7726522e-01   7.9759789e-03   1.0839264e-02   3.5973823e-01   3.4724823e-01  -7.4224845e-02   2.8608694e-02  -5.9930520e-02   1.1397628e-01   2.2959747e-01   9.6658484e-02   1.0172662e-01  -5.7753776e-02   3.1615520e-03   4.2028777e-01   1.1739016e-01   4.6800894e-02   1.8688102e-01   8.1620652e-02  -1.2838682e-01   4.0827016e-01  -4.1541296e-02  -4.2144750e-02  -2.1663056e-01   1.2998031e-01   5.5163673e-02   5.3162277e-01   4.3654392e-02   1.9285739e-02  -4.7549511e-02   1.3544726e-01   5.3948633e-02   3.4272560e-01   2.0584760e-01   2.8887669e-01   5.1954299e-02   4.2480988e-01  -3.4137964e-02   2.5199632e-01   2.9962614e-01   6.4866761e-02  -2.7247658e-01  -1.1081153e-01  -2.3088836e-02  -1.3801550e-01  -3.1632518e-02   9.5620713e-02  -2.8404948e-02   1.1106029e-01  -2.1543463e-01  -2.1307711e-02   2.7949975e-01   5.3964659e-01   1.5611217e-01   3.2812101e-01  -2.9279563e-01  -2.1086445e-01  -1.5152688e-01   1.9186501e-01   3.1106664e-01  -2.7990540e-01   1.6712451e-01  -3.7368068e-02   7.0204999e-02  -3.2779353e-01   1.7214118e-01   2.0971920e-02   2.2447720e-01   2.7136859e-01   7.6209393e-02   3.9523446e-01   3.0675521e-01  -9.5417373e-02   4.9274762e-02   3.8939986e-01   2.9813873e-01   1.5544853e-01   4.0277365e-01   2.6763114e-01  -9.8235165e-02  -9.8043858e-02   1.9306852e-01
   1.6547350e-01  -5.7740970e-02  -1.2277007e-01   1.3514318e-01   1.0916539e-01   0.0000000e+00   3.2537643e-01   3.0870402e-02  -2.2903508e-01  -7.4801005e-02   4.3252897e-01   2.8637645e-01   1.3564001e-01  -1.4120353e-02   2.8965301e-01   4.5091549e-01   2.0364061e-01   1.5297904e-01   6.1276124e-02  -5.0040692e-02   1.0565308e-01  -1.6935396e-01   3.4259096e-01   6.4407785e-03   1.5675037e-01   2.0549552e-01   1.6833910e-01   2.4993573e-01  -2.2124751e-01   2.3733675e-01  -2.7519694e-01   2.8942706e-01   1.9332787e-01   1.6222699e-01   9.2181499e-02   1.6015615e-01  -1.2186842e-01   2.6268946e-01   2.8251948e-01   2.4886353e-01   2.1033711e-01   1.0372246e-01  -1.7083551e-03   2.1583939e-01  -2.0286774e-01   2.9881436e-01   3.6902272e-01   1.9757744e-01  -9.7091896e-02   1.1054829e-01   3.8163308e-01   2.8926190e-01   2.0234330e-01  -4.3813256e-02   3.7323567e-02   4.1928407e-01   1.0639124e-01   1.1699899e-01   3.2417401e-01   5.1948895e-01   1.1918133e-01   5.8136949e-02  -2.9213235e-02  -9.6244398e-02  -3.0602644e-01   1.1599705e-01   5.6046373e-01   2.1955293e-01   5.6992597e-01  -1.3391581e-02  -2.1493589e-01   3.6847680e-01  -1.1564778e-03   7.4524526e-02   8.0776279e-02  -1.0891983e-02   2.9168869e-01  -1.9494055e-02  -2.9871581e-01   2.2735016e-01   2.6267962e-01   5.6796287e-02   3.2178510e-03  -6.0445615e-02  -7.8783730e-02  -3.4281418e-02  -2.9497340e-01   1.1890710e-01  -7.0776861e-02   8.9251180e-03  -2.7675913e-01   1.3549395e-01   2.0859987e-01   1.5986019e-01   3.4962034e-01  -2.9443996e-01   1.4733821e-01  -2.3101028e-02  -1.5272211e-01   9.0988231e-02  -1.0236830e-02   5.8284544e-01  -1.5826948e-01   2.8006113e-02   4.5668238e-01   3.9600337e-02   1.1155550e-01  -3.2531865e-02  -3.0628834e-01   3.6827337e-01   2.3352211e-01   3.6384430e-01   2.0244746e-01   6.1635853e-02   7.5626587e-02  -2.2325473e-01   9.0579823e-02   7.5736461e-02   4.6079150e-02   4.1071476e-01   2.4447737e-01  -1.3838999e-01   5.4197939e-02  -3.2000091e-01   1.1564103e-01   3.2603568e-01   1.6261527e-01   6.9876086e-02  -9.9152217e-02   1.8391846e-01  -1.4098642e-01   1.6458159e-01  -2.8198138e-01   1.9417998e-01   1.1204611e-01  -5.9470525e-02   1.4403668e-02  -1.5654900e-02   6.2066501e-03   2.0802483e-01   3.1560206e-02   2.3710590e-02   3.4598441e-01   4.7851218e-01   1.6545039e-01  -1.4272927e-01  -1.3579940e-01   9.2396169e-02   5.8192860e-01  -1.7076901e-01  -3.6403310e-02  -8.8285587e-02   2.8931034e-01  -2.8151180e-02   9.5014220e-02   1.4135636e-01   3.2918560e-01   4.0222561e-01   6.4338085e-02   3.2383957e-02   1.5289302e-01   4.1140144e-01  -4.4140277e-04   2.8241321e-01   2.9928719e-01  -4.5004174e-02   2.2742215e-01   4.3126186e-02   2.2991144e-01  -1.4132692e-01   2.5290369e-02   1.3746160e-01   7.5170959e-02   4.9112619e-01   1.5513453e-01  -5.2835563e-02  -7.3830692e-02
  -6.4076048e-03   1.0674119e-01  -1.6089060e-01   1.6902500e-01   1.8105729e-01   3.2537643e-01   0.0000000e+00  -1.9033350e-01  -7.3015102e-02  -4.4133644e-02   3.4250256e-01   1.6362483e-01  -7.7850571e-02  -2.6237800e-01   3.2566692e-01   1.6809221e-01  -5.6235669e-02   1.9529210e-01  -5.7605389e-02   1.4035588e-01   2.8382698e-01  -1.7323859e-02   5.4010788e-01  -1.2165382e-01  -6.8868453e-02   1.0362525e-01   4.9707738e-01   8.5810825e-03  -2.2285223e-01   2.8662081e-01  -2.4297653e-02   1.3157603e-01   1.5784779e-01   5.6935653e-01   1.9372780e-01   4.1994874e-01   4.2276939e-03   3.8549895e-02   2.6245527e-01   5.1883467e-01   8.8655352e-02  -7.2210994e-02  -2.2313793e-01   5.5622315e-02   6.5798383e-02   6.7695073e-02   3.1506755e-01   4.5640495e-01  -1.7853575e-01   1.9502101e-01   1.4862326e-01   2.4270223e-02   3.1474971e-01  -2.0002563e-01  -4.9809048e-04   3.9940323e-02   3.5010025e-02   1.1550061e-01   3.8762205e-02   4.1739214e-01  -2.0757317e-02   2.0328482e-01   3.5931342e-02  -5.8170221e-02  -1.9271891e-01   4.0036338e-01   3.4978436e-01  -1.1794970e-01   2.1651470e-01   3.6110565e-02   3.5853781e-01   3.1114896e-01   1.2999683e-01  -1.6143091e-01  -9.3178281e-02  -1.0018073e-01   2.0256139e-01  -5.4652570e-02   8.3896581e-02  -1.7020376e-01   3.5123669e-01   2.4913154e-01   1.2398919e-01  -9.7257552e-02  -1.9527334e-01  -8.1648235e-02   4.4155813e-02  -2.5299928e-02   1.5067621e-01  -1.7709438e-01  -2.4282640e-02  -1.3887254e-01   1.5131198e-01   1.4199416e-01   1.2202836e-01  -6.6800282e-02  -2.0476020e-01   2.0248110e-01  -1.4382891e-01   4.7002188e-01   2.0747986e-01   4.5865527e-01  -1.6988002e-01   2.0295334e-01   3.1907320e-01  -2.0976043e-01   6.8074102e-02   1.0637323e-01  -2.9337184e-01   2.9197350e-01   4.3045948e-01   2.7162455e-01   9.0445735e-03   5.4814717e-02   4.6817486e-02   2.0214754e-01  -3.8113620e-02   2.3920582e-01  -7.6641032e-02   2.0421771e-01   1.6617639e-02  -3.4965450e-02  -3.1825558e-01  -1.2550703e-01  -1.1672418e-01   7.9905030e-02   2.9178394e-01   7.9166937e-02  -1.7745918e-01   1.7201615e-01  -5.7137529e-02   4.2224142e-01  -1.2752011e-01   4.3456679e-01   1.0914629e-01  -1.0602879e-01  -3.2228172e-01   6.6279659e-02   1.9036242e-02   8.6454735e-02   1.1250399e-01  -1.2309877e-01   6.1800785e-02   5.3389721e-02   4.4815594e-01  -4.3052650e-02   5.4859197e-01   2.0167272e-01   3.4649208e-01   1.1467847e-01  -1.8771481e-01  -1.2974094e-01  -8.1326023e-03  -5.4778696e-04   8.5160007e-02  -2.7530188e-02   2.3861766e-01   1.5996911e-01  -3.4455086e-02   1.6080302e-01  -1.5411245e-01   1.2268653e-01   1.6336270e-01   7.7999849e-02   6.4644606e-02   1.2878976e-01   5.5177627e-02   3.5228581e-02   2.8109988e-02   6.0116291e-02  -3.6230930e-02   8.3886088e-02   6.2792910e-02   1.9268930e-01  -2.6411614e-02  -1.7970826e-01   5.2676035e-02
  -1.4561191e-01  -3.5130068e-02  -1.5932839e-01   3.1288563e-01   1.2663727e-01   3.0870402e-02  -1.9033350e-01   0.0000000e+00   1.4539430e-01  -9.8310009e-02   1.0509247e-01   2.9314498e-02   7.7757687e-02  -1.5757933e-01  -9.2090800e-02   1.4223450e-01  -2.7018771e-02   1.9153947e-01   1.3494005e-01   1.7760272e-02  -5.7668001e-02   9.0969245e-02  -2.7230131e-01  -2.4811993e-01  -1.7313405e-02   3.7228549e-01   2.8793283e-02  -9.2404137e-02   1.9303142e-01   2.0109408e-01  -6.8316226e-02   1.3350299e-01  -6.9388561e-02  -1.0800910e-01  -2.4668573e-01  -3.0248164e-03  -1.3042671e-01  -1.0497649e-01   1.7844896e-02  -6.0100863e-02   2.6846344e-01  -3.0734657e-03  -1.1900972e-02   3.7288266e-01  -2.3802237e-02   4.0502525e-02   6.8620677e-02  -4.6929665e-02  -1.4849175e-01  -3.1443934e-02  -4.0165866e-02   5.8977144e-01   2.5806382e-02  -1.1868111e-01  -1.2784854e-01   1.8552248e-01  -1.6676192e-02   4.2625013e-01   1.9152237e-01   6.5649548e-02   1.9703701e-01  -1.5628700e-01   1.6296048e-02   1.3419888e-01  -8.7128901e-02  -1.3203291e-01   1.7254518e-01  -6.3369911e-02   2.6312495e-01  -4.4985557e-03  -3.8911969e-02   9.2810725e-02  -6.2877390e-03  -2.0842992e-01   6.2458080e-02   4.7562523e-01   8.1069026e-02   3.4469504e-01  -7.1632588e-02  -4.2214376e-02  -1.1417626e-01   7.5083506e-02  -5.6132134e-02   5.6306446e-01  -1.1572330e-01   4.9650841e-01  -2.6912444e-02  -4.9161857e-02  -5.1588868e-02  -5.9997777e-02  -6.1843449e-02   1.9712873e-02  -8.9292272e-02   1.3341609e-01  -1.9363951e-02   1.0408562e-01  -1.2270051e-01   2.9083972e-01   1.6113176e-01  -8.8976523e-02  -9.2607428e-02  -2.1131571e-02   2.9155552e-01   2.9332752e-01   1.0700201e-01   2.4100712e-01   3.5606400e-02   3.2278786e-01   5.0824914e-02   1.9167009e-02  -1.7859051e-01   5.1322271e-02   1.1493038e-01   7.2380765e-02  -9.4541528e-02  -1.3331577e-01   1.5930830e-01   1.5468640e-01  -1.8582060e-01   3.7740218e-03   8.4966483e-02  -1.3440386e-01   1.0978289e-01   6.6890218e-02   5.4637877e-02   2.1229297e-01  -5.3994973e-02   6.0595852e-02   4.1326058e-01   2.1016292e-03   1.0365544e-01  -1.2846552e-01  -1.7818759e-01  -1.0374739e-01   2.0550749e-01   7.6070665e-01  -1.0792334e-01   3.1422232e-02   5.6262942e-01  -4.4516932e-02  -1.9043095e-02   3.0833842e-01   3.3321017e-01  -1.5575575e-01  -2.2088981e-01   7.9699074e-02  -2.0816809e-01  -7.4056828e-02  -6.2930445e-02  -1.3430030e-01  -1.5450151e-01   2.1388048e-01   2.7689466e-02   1.8294238e-01  -6.3667088e-02  -1.5414143e-01   3.2159075e-02   2.6080653e-01   6.7900576e-02   1.5653759e-01  -4.5597716e-02   2.8220865e-01   4.2192500e-03   1.7871932e-01   3.5939077e-01  -2.7437025e-02   1.2840009e-01  -2.7893678e-02  -5.6890713e-02   3.6545601e-02   2.3432663e-02   2.4891289e-01  -1.1664500e-02   3.3052030e-03   9.2004179e-02  -9.7665293e-02   3.2231911e-01
  -2.1318962e-01   4.0202182e-01  -8.8165176e-02  -9.2350492e-03   2.4709675e-01  -2.2903508e-01  -7.3015102e-02   1.4539430e-01   0.0000000e+00  -9.9773350e-02  -2.7253187e-02   9.1397723e-02   1.9435303e-01  -2.6122165e-02  -4.8493642e-01  -8.1412748e-02  -1.1794289e-01   2.4040808e-01   5.3379547e-02   2.9333323e-01  -9.9343587e-02   3.1697337e-01  -1.6495348e-01  -1.6516058e-01  -8.5879372e-02   2.2352009e-01   2.5029571e-01  -3.8538795e-01  -7.4791511e-02   3.0818228e-01   2.7115797e-02   3.7904276e-02  -1.8352107e-01   7.5433842e-02   6.2041708e-02   2.0689828e-01   6.6042014e-02  -1.9807211e-01  -8.3388617e-02  -5.3663891e-02   2.7041455e-01  -1.7887435e-01   2.8678877e-01  -1.6886673e-01  -7.8069386e-02   2.9938129e-02   1.7737377e-01  -1.0203994e-03  -1.8074344e-01  -2.5877364e-01   1.5718386e-02   4.5336364e-02   3.1625058e-01  -9.4428048e-02  -5.1845848e-02  -2.7667689e-01   1.1820827e-01   3.8477408e-01   4.1682919e-02   6.0069295e-02  -1.2231562e-02   2.4904233e-01   2.3547149e-01  -1.2952625e-01   2.1282429e-01   2.1901226e-01   9.9069269e-02  -6.3117359e-02  -6.5819933e-02   1.6344684e-02   7.5664867e-02   7.7610175e-02   6.1129202e-02  -2.3313202e-01   1.6547538e-01   3.4105455e-01  -1.8554225e-01   9.4132837e-02   2.3487234e-01  -2.0582040e-02  -4.1333597e-01   3.5584010e-02  -6.9636311e-02   1.9081925e-01  -2.1305966e-01   2.7167405e-01   6.5608077e-02  -1.7500516e-01   5.0050239e-01  -2.6308554e-01   3.0723502e-01  -1.3636347e-01  -7.8005740e-02   4.1406200e-01  -3.1662331e-02   2.6485172e-01   2.6613217e-02   9.1158201e-02   2.1776656e-01   2.3018747e-01  -2.7787162e-01  -2.5664536e-01  -1.8475183e-01   4.0553344e-01   7.9193899e-02   2.0750168e-01   3.1426501e-02   1.9438098e-01   2.2531214e-01   1.1664840e-01  -9.1435266e-02  -8.4944899e-02   2.8281453e-02  -1.2091909e-01  -4.6392347e-01   2.1010374e-01   4.5062187e-02  -3.2569667e-02  -4.0511331e-01  -8.1649728e-02  -1.2815930e-01   3.0873546e-01   3.2095617e-01   1.7722746e-01  -3.2636904e-02  -3.5824855e-01   1.5429436e-01   2.2874388e-01   4.2578375e-01  -1.0268271e-01  -4.0440244e-02   1.5146636e-01   3.4530093e-01  -1.9418201e-01   4.0474438e-01   2.7441457e-01   8.4363517e-02  -1.4870436e-01   2.8814542e-01  -2.0635722e-01  -1.6263439e-01   1.2092101e-01  -1.6604495e-01  -2.0851035e-01  -2.4106470e-01   2.3729784e-01   1.2205765e-01   2.2026903e-01  -1.6549743e-01   4.8468474e-01  -3.4542638e-01  -2.3769278e-01  -3.7191863e-01   6.9873662e-02   7.2891963e-02  -1.3686021e-01  -8.1067919e-02  -1.1044376e-02  -2.6751138e-02  -1.4921400e-01   3.6564867e-02   2.0766956e-02   9.9031177e-03   2.0747340e-01   2.0015909e-01   1.7679307e-01   1.5280486e-02   1.1842154e-01  -1.4939007e-01   2.0155986e-01   2.1552215e-01   6.6457340e-03   2.6174908e-01  -1.3336285e-01  -1.0829062e-01   2.8714088e-02   3.6152620e-01
   1.9915344e-01  -2.6362855e-01  -9.1942061e-02  -8.9745548e-02  -1.9723121e-01  -7.4801005e-02  -4.4133644e-02  -9.8310009e-02  -9.9773350e-02   0.0000000e+00  -1.4355246e-01  -3.1277835e-01  -3.5255199e-02   2.6974304e-01   1.8540317e-01   9.6141308e-03  -1.5950392e-01   1.5681158e-01   2.0132804e-01  -1.9736274e-01  -1.2063489e-01  -4.0416818e-02   1.7825452e-01   2.6987907e-01  -8.6820027e-02  -2.6175983e-01  -2.2128230e-01   1.6998767e-01  -1.9579999e-01  -2.9026287e-01   9.5125776e-02  -1.2710835e-01  -1.4224380e-01   2.1976657e-01   2.6387932e-01  -5.6442408e-02   2.2263404e-01   3.3013424e-02  -1.8105428e-01  -9.2823323e-02  -1.5498205e-01  -1.5474639e-02  -1.9166725e-01  -1.3510251e-01   2.3188756e-01   3.4175516e-02  -2.0673061e-01   2.6815820e-02   1.3669653e-01  -3.2433061e-01   2.6595139e-01  -1.9996170e-01  -4.8238421e-02  -1.4335150e-01   3.2649822e-02   1.4214164e-01  -8.9957745e-03  -3.5135692e-01  -7.1420325e-02  -1.7636571e-01  -1.3076349e-01   8.0273773e-02  -1.9866522e-01   6.2820034e-02   2.5277117e-01   4.4442397e-02  -1.7757073e-01  -5.8980909e-02  -2.3659588e-01   5.4654188e-02  -1.0278539e-01  -4.9476304e-02   2.2508215e-02   2.0026015e-01  -1.0530280e-01  -2.6097430e-01  -1.0102380e-01  -8.3488889e-02  -1.1506309e-01  -8.9611835e-02   1.7144206e-01  -2.6468333e-01  -8.2685902e-03   5.1402722e-04   2.4078128e-01  -1.4212171e-01   3.9288890e-02   8.5192732e-02  -2.1975639e-01   4.2070344e-02  -3.6858241e-01  -1.2077925e-01  -1.4958348e-01  -3.8600915e-01  -3.9455780e-02  -2.2337910e-01   8.4398781e-02  -3.8875218e-02  -4.5036891e-03  -2.2306833e-01   7.4067713e-02  -3.4835345e-02   4.1288779e-02  -2.1208126e-01  -1.1179319e-01   2.3517572e-02  -9.2486641e-02  -1.1131085e-01   3.9252582e-02  -2.0152991e-01   2.1498998e-01  -1.8095415e-01  -3.1174569e-02   5.7943788e-02   2.6951841e-01  -1.5051974e-01  -9.1212638e-02   1.1109560e-03   4.7988263e-02   2.4004560e-02  -4.0006109e-02  -1.9318497e-01  -1.9850545e-01  -4.0376962e-02   1.0539881e-01  -6.6028062e-02  -3.4893214e-01  -3.6257407e-01  -9.8478597e-03  -8.3202464e-02  -1.3851540e-01  -7.7447105e-02   1.7453139e-02   6.9714560e-02  -1.0949662e-01  -1.8948212e-01  -3.6597592e-02   1.5602504e-01  -1.6466955e-01   3.8807608e-02   1.2394835e-02   3.7934799e-02   7.1104061e-02  -6.4224649e-02   9.9048191e-02  -1.8010474e-01  -4.6956740e-02  -1.2137806e-01  -6.3106073e-02   4.7397305e-02   2.3769602e-01   1.9153173e-01   4.1875792e-03  -1.7400411e-01  -3.6498117e-01   2.0208572e-01  -5.2079210e-02  -1.2358257e-01  -2.1796043e-01   7.5644016e-02  -6.9524762e-02  -6.7216674e-02   4.2691195e-01  -2.0949174e-02  -2.9233722e-01  -3.4482344e-01  -5.3691338e-02  -3.6648142e-02  -5.0338300e-02  -1.3422997e-01  -1.5859406e-01  -4.6766018e-02   6.0147640e-02  -2.8292693e-01   8.5658728e-02   9.2299551e-02  -1.4518222e-01
  -4.9781544e-03  -2.5730834e-01  -3.5686035e-01   3.6445023e-01   2.6408221e-01   4.3252897e-01   3.4250256e-01   1.0509247e-01  -2.7253187e-02  -1.4355246e-01   0.0000000e+00   1.0835560e-01   1.7548458e-01  -1.0032973e-01   3.8373778e-01   2.5042217e-01  -1.5755648e-01   4.7404895e-01  -1.2128805e-01   1.6077671e-01   4.2386656e-01   1.4001942e-02   4.1476413e-01  -2.0581907e-01   6.6395784e-02   2.0236744e-01   3.0362315e-01   1.9182817e-01  -1.9927778e-01   5.1896162e-01   3.0977499e-03   2.1135614e-01   1.8271463e-02   1.3036562e-01  -1.4093383e-01   3.5367106e-01  -6.0351291e-03   2.3841865e-02   4.4546617e-01   2.1562453e-02   3.1056942e-01  -1.2469826e-01  -1.7095965e-01   2.4515807e-01   6.8409010e-02  -6.9622577e-03   6.3533715e-01   3.1625477e-02  -1.1136326e-01   1.4581289e-02   4.0667915e-01   2.6419089e-01   6.5739947e-02  -2.2413102e-01   5.2354699e-02   2.1567198e-01  -2.4616578e-03   2.8858455e-01   4.5702975e-01   4.4225504e-01   6.1339059e-02   1.4472781e-03  -4.8996812e-03   2.2758488e-01  -1.5282718e-03   2.0020999e-01   3.1918396e-01   4.3704789e-03   5.3900543e-01  -7.0983942e-02  -2.0804662e-01   5.7643207e-01   1.4585374e-01  -1.0974613e-01  -9.1430786e-02   2.3393957e-01   1.1061306e-01  -8.9848579e-02  -1.2634273e-01  -5.2626557e-02   2.8846185e-01   4.7272473e-01  -9.8749692e-02  -1.9029725e-01  -2.0400977e-01   2.5961610e-01  -2.5682757e-01   4.5341879e-02  -2.2030121e-02  -1.9530596e-01  -6.4173199e-02  -5.4887201e-02   5.1004102e-02   2.6092612e-01   8.0576248e-02  -9.9108939e-03  -2.2305643e-01  -5.3093293e-03   7.7750197e-02   2.6973511e-01   1.8837418e-03   4.9460651e-01  -8.7517642e-02   2.3682810e-01   6.1506053e-01   2.2349813e-02  -7.7242194e-02   2.0261329e-01  -1.5986186e-01   5.6153521e-01   1.1927471e-01   3.8940713e-01   1.1343522e-01  -2.9212336e-02  -1.1093352e-01  -8.0168932e-03  -4.7817772e-02   2.6453808e-01   4.3168081e-02   1.7636324e-01  -1.0548148e-01   7.8904927e-02  -2.7422060e-01  -1.4013822e-01  -1.5187195e-01   3.2030169e-01   3.3837862e-01   1.6321057e-01   1.5705679e-01   3.4778681e-02   1.9641511e-01   3.9830248e-01  -2.0590559e-01   1.6713054e-01   9.6925983e-02   1.5912268e-01  -2.1259878e-01   1.5366588e-01   2.0520299e-01   2.6024927e-03  -5.5565017e-02  -6.3121713e-02   2.5794798e-01   1.4132625e-01   4.4185121e-01   4.2130203e-01  -6.2049082e-02   2.2984907e-01   5.0558156e-01   1.3604760e-01  -1.4812609e-01  -3.2577604e-04  -9.9904596e-02   3.7569492e-02  -1.1481665e-01  -2.0952271e-01   1.6248830e-01   4.8824855e-01  -7.1873925e-02  -4.6808358e-03  -1.4115089e-01   5.2543182e-01   8.5432941e-02   5.4878037e-01   3.1422146e-01   1.8608072e-01   1.4626163e-01   3.7611756e-02  -7.9123498e-02  -8.2390145e-02  -6.0751383e-02   1.3300520e-02   2.5823276e-01   4.6435452e-01   5.7093661e-02  -1.5874571e-01   2.4045313e-01
   4.4030694e-02   2.7779240e-01   8.0336372e-02   2.0100430e-01   2.9248140e-01   2.8637645e-01   1.6362483e-01   2.9314498e-02   9.1397723e-02  -3.1277835e-01   1.0835560e-01   0.0000000e+00  -1.3417943e-01  -2.6607009e-01   1.2365827e-03   1.2735758e-01   3.3751137e-01   1.8077336e-01  -1.9631670e-01   3.0305300e-01   1.3208569e-01   4.3565550e-02   1.3924590e-02  -1.0479724e-01   2.6148454e-01   2.8605784e-01   1.9793330e-01   1.0709475e-01   9.5449360e-02   3.4595174e-01  -1.7935069e-01   2.6846813e-01   1.0690975e-01  -1.1141734e-01   1.5714416e-01   8.8538643e-02  -2.6759645e-02   7.7586757e-02   9.9558032e-02   3.9651476e-02   1.0369146e-01  -8.7983711e-02   4.0853776e-01   4.9730583e-02  -1.8851273e-02   2.6706932e-01   3.4568695e-01   8.1701859e-02   7.8891800e-04   2.2088772e-02   2.2356412e-01   1.6199013e-01   8.3492997e-02  -6.9457294e-02   6.8615438e-02   8.7926395e-02   1.1573638e-01   4.3094992e-01   3.9520399e-01   4.9012218e-01   3.1474775e-01  -6.2428549e-02   1.3345727e-01  -1.8723125e-01  -1.2274343e-01  -3.9738198e-03   2.5324777e-01   1.4253252e-01   2.2029009e-01  -6.3086528e-02  -2.9897578e-02   4.5262110e-01   6.4554937e-02   1.6655211e-01   1.4946126e-01   2.1442710e-01   2.8188734e-01   8.0862617e-02   3.6537325e-02   1.4724942e-01  -1.6336565e-01   1.9421666e-01  -3.9998993e-02  -3.7053018e-02  -1.3088979e-01   2.1098561e-01   3.7660551e-02   3.2274737e-02   1.4976327e-01  -3.2937612e-02   1.6102375e-01   2.0283353e-01   8.2673436e-02   4.2639210e-01   1.9745576e-01   1.4746106e-01   5.9571458e-02   1.3630382e-02   1.7664977e-01   2.5346736e-01  -2.1735161e-01   2.5889363e-01  -1.9063896e-01   2.5062894e-01   3.9065186e-01   9.2176242e-02   1.1691624e-01  -3.0218723e-02   4.6727991e-02   6.3723261e-02   1.5884119e-02   3.8857377e-01   3.3464955e-01  -2.5485204e-03  -1.7981594e-01  -6.5306347e-02   9.6589479e-02  -7.8612368e-02  -5.7358752e-02   2.1600630e-01   1.7663607e-01   2.8060309e-01   1.6928593e-01   1.1367780e-01   1.6232817e-01   3.3692113e-01   3.0912450e-01   2.4660418e-01   1.0601156e-01   8.9739225e-02  -1.3835919e-01  -1.4901868e-02  -1.0582983e-03   2.4118053e-02   3.8667719e-01  -1.0060728e-02   1.5506199e-02   4.6532433e-02   3.5100757e-02  -4.1685992e-02   1.4206945e-01  -9.4373452e-02   1.7293915e-01   2.8701219e-01   6.8814867e-02   1.3748527e-01  -6.9446714e-02   6.9243367e-02   1.8497227e-01   2.5590518e-02  -2.2245732e-01  -3.0346069e-01   1.8752642e-01   2.1635790e-01   1.7400857e-01  -1.8647610e-01   3.4957746e-01   3.4009636e-01   2.7532825e-01  -2.1636425e-01   1.8926497e-01   1.6239532e-01  -1.4172433e-01   2.4611632e-01   4.9388203e-01   2.8958552e-01   2.8624361e-01  -5.9460831e-02   3.4493157e-01  -9.0133216e-02   1.7958635e-01   2.2062708e-01   1.1468028e-01   3.3506880e-01   1.8075030e-01  -2.2554463e-02   3.0457662e-01
   2.8125225e-02  -1.1666598e-01  -1.8445492e-01   1.3948025e-01  -7.6852949e-02   1.3564001e-01  -7.7850571e-02   7.7757687e-02   1.9435303e-01  -3.5255199e-02   1.7548458e-01  -1.3417943e-01   0.0000000e+00   1.2126806e-02  -1.7034668e-01   3.0261358e-01  -2.6002509e-01  -1.7548408e-02   2.5166299e-01   7.7058687e-03  -5.1331862e-02  -2.5293897e-02  -6.0038960e-03  -8.4903594e-02  -8.9939191e-02   2.2978917e-01   1.4291084e-01  -2.2076983e-01  -7.0964731e-02   6.1427481e-02  -2.6343210e-01   9.5479322e-02  -7.5423041e-02   6.8384187e-02  -6.0731616e-02   6.5760097e-02  -1.8924994e-01  -9.9848245e-02   1.4332053e-01  -2.4662166e-02   6.3458765e-01   1.1662367e-01   3.8788913e-02  -9.9680820e-02   7.2134650e-02  -1.7240136e-01   1.9178149e-01  -1.9907446e-01  -8.7479346e-02  -9.1550132e-02   2.9107434e-01   2.2380447e-01  -2.2036518e-03  -3.5521002e-02  -1.8500622e-01  -1.6202611e-02   1.9274950e-01   1.0862790e-01   2.4598500e-01   1.3009398e-01  -1.8704436e-01   2.7457066e-01   4.8304565e-02  -2.1105644e-01  -1.5821801e-01   1.2012374e-01   1.3231619e-01  -5.1281592e-02   2.4779141e-01  -2.9848596e-02  -1.7589974e-01   1.3149658e-01   3.8652401e-01  -9.4816073e-02   1.6576896e-01   8.6828653e-02  -1.7959714e-01   9.8007187e-02  -1.2691024e-01   2.6060323e-01  -1.8453777e-01   2.9017743e-01  -3.8151072e-01   1.0645694e-01  -3.8570840e-01   2.3861739e-02  -1.8271846e-01  -1.6853182e-01   1.5031804e-01  -1.8631710e-01  -7.3571441e-02  -1.4004303e-01  -9.3967828e-02   2.4018827e-01  -6.7715719e-02  -6.0733496e-02   2.4510077e-02   1.8583863e-01  -1.0730194e-02   2.0695892e-01  -4.0390808e-01   7.7965838e-02  -4.6998619e-02   1.2228935e-01   2.5264515e-01   1.7245395e-01   4.6482511e-03   4.3977056e-01   1.1782526e-01   1.2942802e-01  -2.1186960e-01   1.0848649e-01  -6.1387746e-02  -2.1339636e-01  -3.4573658e-01  -2.2630616e-01   6.0839812e-02   6.0554448e-01  -2.9451229e-01   8.5369089e-02  -3.5454631e-01  -4.1079976e-02  -2.8540153e-02  -2.0749719e-01  -2.1030884e-01  -7.1847097e-02   5.6121221e-02  -1.5742929e-02   1.5471975e-01  -1.3943802e-01   2.9113616e-01  -6.8609175e-02  -3.0181562e-02  -2.5228319e-01   1.0200083e-01   9.7476819e-02   3.0620059e-01  -2.9409541e-01   2.2341875e-01   5.6539812e-02  -2.5500825e-01   2.0595630e-01   8.7793477e-02  -1.7203798e-01  -1.0265523e-01   1.5521677e-01  -8.0658207e-03   1.9302135e-02   2.2412410e-01   2.4181318e-02  -2.1671624e-01  -2.5416594e-02  -3.2777312e-01  -1.4192830e-01  -1.5795787e-01   7.2458585e-02  -2.3373507e-01   3.7959911e-01  -1.0875952e-01  -3.8706884e-02   8.2163843e-02   2.1253673e-01  -3.7672013e-01   1.6605601e-01   1.4153461e-01   1.4908173e-02   3.2197742e-02  -3.3594051e-03  -3.2511743e-01  -1.2213571e-01   2.1737720e-01  -2.2277090e-01  -4.6829582e-02  -4.5608869e-02  -5.0855742e-02   9.9274678e-02   1.1502786e-01
   2.3982300e-01  -1.1044699e-01   2.1193531e-01  -1.9487176e-02  -3.8732074e-01  -1.4120353e-02  -2.6237800e-01  -1.5757933e-01  -2.6122165e-02   2.6974304e-01  -1.0032973e-01  -2.6607009e-01   1.2126806e-02   0.0000000e+00   2.2122062e-01   2.4935459e-02   2.4899789e-01  -3.0548406e-03   1.7222225e-01  -3.6122465e-01  -1.9204097e-02   9.4130193e-02   1.6465660e-01   4.2819447e-01   2.5259001e-02  -6.7646934e-02  -3.2807033e-01   2.3423481e-01  -1.8525128e-01  -1.6887986e-01   3.8153335e-01   1.7508261e-01   7.4874482e-02  -3.5266616e-01   6.1085771e-02  -1.2826419e-01  -4.7849335e-02   4.6818231e-03  -1.0461940e-01  -1.6079170e-01  -9.7346975e-02   1.3147008e-01  -3.3411016e-01   1.0216281e-02  -7.0013660e-02   9.3793975e-02  -4.8018048e-02  -3.6982223e-02   7.7368278e-02  -1.8993916e-02   4.6925610e-02  -6.5871624e-02  -3.3564802e-01   4.5589794e-02   2.4374928e-01   1.9610793e-01   5.7305233e-02  -1.1941489e-01   1.1570211e-01  -3.3270885e-01   1.5992658e-01   7.1584872e-02  -2.5283949e-01   2.2305531e-01   1.3962223e-01  -2.9060106e-01  -1.1117528e-01  -2.2531119e-01  -2.5286498e-02   7.1239469e-02  -3.1026631e-01  -1.2139685e-01   2.7910161e-02   2.1966864e-01   1.6166208e-01  -1.4296980e-01   8.1598612e-02  -1.3334394e-01  -2.8999676e-01   8.0751280e-03   4.2093409e-01  -3.4888038e-01   2.6163222e-03  -1.7923755e-01   4.9636855e-01  -1.2155532e-01   2.1070284e-01   2.8828660e-01  -2.4425131e-01   2.7642895e-01  -3.2823371e-01   2.8695968e-01  -8.0454401e-02  -3.3187729e-01   8.7258961e-03  -2.9676020e-01   2.3889232e-02  -1.5625321e-01  -1.4781852e-01  -4.7585029e-01   2.8747264e-01  -2.4105042e-01   2.0644406e-01  -1.7855715e-01  -1.0501825e-01   3.5196710e-01   9.2671679e-02   8.4466625e-02  -8.8352950e-02  -2.1762325e-01  -4.4634962e-02  -1.8663585e-02  -1.4416153e-01   1.1782437e-01   4.3703125e-01  -3.4866508e-01   1.1106901e-01  -3.2361252e-02   3.7377877e-01   7.6299736e-03   4.1036182e-02  -3.0453779e-01  -1.2929292e-01  -2.1566030e-01   1.7162697e-01  -6.6737574e-02  -1.8472586e-01  -3.3836005e-02   3.2442121e-02   6.0102259e-02  -2.4304602e-01  -1.5907852e-01   4.3669716e-01  -2.1872273e-01  -6.4819661e-02  -1.8584992e-01   1.2238449e-01   3.6749919e-01  -1.2330379e-01   5.4261778e-02  -4.1386883e-02   9.7591143e-02  -9.1391963e-04   2.4646169e-01   1.7141007e-01   8.6485511e-02  -2.7011433e-01  -2.7072898e-01  -2.2779637e-01  -4.5889197e-02   4.9878871e-01   3.3571973e-01   2.7185038e-01  -3.7978960e-01  -1.6504824e-01   1.9726485e-01   2.2593660e-02   4.1247036e-04   1.1571005e-01   3.9142932e-01  -8.7901808e-02   6.0737068e-02   1.5070555e-01  -1.9790194e-02  -4.8515040e-02  -3.7376019e-01  -3.3367501e-01   1.3595486e-01   2.0248093e-01  -2.0132311e-01  -4.3644386e-01   4.2742566e-02  -2.1357073e-01   7.8626728e-03   3.6613152e-02  -3.7976363e-02  -2.3885648e-02
