   0.0000000e+00  -3.8181669e-01   1.0929066e-01   1.7118455e-01  -2.1556364e-01   3.9811333e-01  -2.9570143e-01  -4.2320649e-02  -1.1612021e-01  -2.8663630e-01  -1.4623515e-01  -4.8273485e-01  -3.1139108e-01   5.3981257e-01  -2.9735440e-02  -8.1110989e-02   2.8207710e-03  -3.8860321e-03  -1.4267749e-01  -2.5876462e-01  -3.3964666e-01  -8.8741768e-02  -3.4343300e-01   5.2391931e-01   2.1443007e-01   1.1295651e-01   2.2413971e-02   5.9536897e-01  -9.1901934e-02   3.4458955e-02  -1.6086770e-01  -5.8016228e-02   1.4758375e-01  -2.1848795e-01  -4.5701620e-01  -2.8903949e-01  -3.9170936e-01   4.0366748e-01  -1.7174185e-01  -1.9518985e-01  -1.4255791e-01   1.3183956e-01  -3.2707058e-01   3.2765180e-01  -3.5308834e-01   3.9462034e-01  -3.4389479e-02   4.4988437e-02  -1.7432127e-01  -1.4886789e-01   1.6264656e-02   1.3867885e-01  -1.1075914e-01   1.0690767e-01   1.4935083e-01   2.8534735e-01   2.5936607e-01  -7.1895833e-02  -1.3982352e-02  -1.4377972e-01   3.3628902e-01  -3.1701817e-01  -1.1886016e-01  -4.0981729e-01  -3.7647863e-01  -4.1550708e-01   2.1624603e-01  -2.8468406e-01   8.0361436e-02   3.2566831e-01  -5.0552119e-01   1.6948754e-02  -2.9545531e-01   6.3342882e-01  -1.3065353e-01  -1.2990800e-01   4.0787525e-01  -4.7535885e-02  -3.2274937e-01  -2.0774274e-01   1.8903386e-01  -4.3962180e-01  -6.0897146e-02   2.2482513e-01   5.0919163e-01  -2.1116830e-01  -2.1547205e-01   6.1163172e-01  -2.2189778e-01   6.3693235e-01  -4.2665195e-01   4.3275989e-01  -3.1412716e-01  -3.3824132e-01   4.9116186e-01  -1.7021941e-01  -1.5576322e-02  -2.0118335e-01   7.2975189e-02  -5.2075982e-01   5.9882367e-01  -5.6495561e-02   1.6512203e-01   1.2782533e-01  -6.4402080e-02   2.6426541e-02   1.1939645e-01  -5.0725288e-02  -3.6802872e-01  -1.0774685e-01  -3.4742251e-01   4.5733323e-02   1.4819626e-01   5.8938173e-01   3.8653780e-01  -2.8933535e-01   4.0851796e-02  -2.4434067e-01   4.5268468e-01   7.1135654e-02   4.3975684e-01  -2.5596838e-01  -2.3546075e-01  -2.1125236e-01   6.0880275e-01   4.7394076e-01   2.6500508e-02  -1.5992978e-01  -5.3528816e-02   2.3280256e-01  -3.4386458e-01  -4.0951134e-01   3.4356336e-01  -4.7155100e-02   3.5508953e-02  -3.1807194e-02  -2.7561642e-01   4.2222839e-01  -1.5294647e-01   2.3751803e-01   3.2942880e-01   9.9174559e-02  -3.2535788e-01   2.8782460e-01  -3.2689024e-01  -7.3937550e-02  -5.6339256e-01  -1.2424444e-01  -2.9799838e-01  -1.5226114e-01   6.7805754e-01   2.0476599e-01   6.4274895e-01  -4.1089667e-01  -2.0227595e-01   3.5870490e-01   4.7516931e-01  -1.4976729e-01   2.8060871e-01   5.8928129e-02  -2.3793314e-01  -9.9015636e-02  -4.6887687e-01  -1.8773231e-02  -6.3412575e-02  -2.8418601e-01  -3.4443808e-01   3.4150861e-01   5.7070578e-01  -2.8751213e-01  -2.5765418e-01   4.6465728e-01  -1.7832028e-01   3.1778658e-01  -1.0419818e-01   1.3229449e-01  -1.3989979e-01
  -3.8181669e-01   0.0000000e+00   6.5980088e-03  -2.3839085e-01   2.1960801e-01  -1.7439893e-01   2.3659304e-01  -1.8158294e-01   5.0035853e-01   1.7773970e-01   1.0552952e-02   4.3844204e-01   6.8548834e-02  -4.0639161e-01   1.3359093e-01  -8.7311991e-02   7.4236721e-02   9.4570945e-02   1.5616151e-02   9.3849561e-02   2.4710647e-01  -1.3810391e-01   1.3061034e-01  -2.3734781e-01  -2.1327364e-01  -2.4456149e-01   5.4701351e-02  -4.0131123e-01  -1.1701509e-01   1.3588853e-02  -5.0076440e-02  -1.9904445e-01  -2.1785265e-01   6.6714678e-03   5.5703121e-01   1.9799746e-01   1.2010037e-01  -2.4282806e-01  -7.6550209e-02   1.8914125e-01   6.9798672e-02  -3.2600960e-01   4.7097586e-01  -2.8169994e-01   4.5338698e-01  -6.5968658e-02  -1.4144435e-01  -7.8915543e-03   4.7494729e-02   6.8103008e-02  -2.4023271e-03  -3.4084454e-01   3.4359134e-01  -1.8775824e-01  -2.0481500e-02  -2.6650737e-01  -1.6878495e-01  -2.6336297e-01   2.8166199e-02   3.5279604e-01  -2.9076856e-01   2.1260248e-01   6.2862541e-01   6.4812417e-01   6.7088357e-01   2.8957315e-01  -6.4656126e-02   2.4426690e-01  -2.1162281e-01  -3.7109818e-02   5.2984284e-01  -1.7347131e-01   1.2888210e-01  -2.1747769e-01  -9.4580633e-02  -2.3033915e-01  -2.3602078e-01  -2.5162381e-01   3.3846229e-01  -1.1363598e-01  -4.4797655e-01   1.2268802e-01   9.4671878e-02  -2.6012714e-01  -1.5081889e-01  -1.5068052e-01   1.9555509e-01  -3.0640118e-01   2.1854566e-01  -2.8430025e-01   4.0331174e-01  -3.5964348e-01   3.0827425e-01   2.3707550e-01  -2.7477652e-01   4.8152006e-02  -1.8998063e-01   6.2018205e-02   3.4146495e-02   1.4751315e-01  -1.4242807e-01   2.9046194e-01  -4.2535436e-01   3.7449813e-01  -1.6488819e-02  -2.0475503e-01  -2.3258051e-01  -1.7277328e-01   8.9584355e-02   1.9623687e-01   1.8738134e-01  -1.1651864e-01  -1.7888100e-01  -1.8970130e-01  -2.0203558e-01   3.9039473e-01  -2.2304997e-01   2.2031822e-01  -3.0643700e-01  -3.2450452e-01  -2.1304034e-01   1.1495922e-01   3.6945944e-01   4.6400166e-01  -2.8892676e-01  -3.1123970e-01   3.3006072e-01  -2.2124974e-01  -1.2151162e-01   3.0624530e-02  -4.8082901e-02   3.0126390e-01  -6.9261002e-02  -5.0225230e-03   2.5031263e-01  -1.0138405e-01  -4.0640579e-02  -3.2244022e-01  -8.3536927e-02  -3.9608883e-02  -1.6576452e-01  -1.6091847e-01  -3.5872894e-02  -6.8468790e-02   1.1164741e-01   1.7985691e-01   3.0387789e-01   2.0417466e-01   1.5199344e-01   5.7093069e-02  -2.8589200e-01  -2.5914919e-01  -2.2539101e-01   4.6610107e-01   3.7686455e-01  -1.2927784e-01  -2.2061218e-01   2.7631777e-02  -3.7390726e-01  -2.8285086e-01   6.5144214e-02  -4.3620403e-02   4.3069228e-01  -5.8133713e-02  -7.7335837e-02   3.5286499e-01   2.4364109e-01  -3.1119831e-01  -1.2810213e-01   3.6081377e-01   2.9213840e-01  -3.1067950e-01   2.8466417e-01  -7.7364070e-03   4.2675137e-02  -2.3581456e-01   3.0137182e-03
   1.0929066e-01   6.5980088e-03   0.0000000e+00  -4.5537130e-01   1.3489411e-01   1.9280370e-01  -3.2201463e-01  -3.8396207e-01   2.1475515e-01   2.2724833e-01  -4.4906295e-01  -1.1775186e-04  -1.2467314e-01  -2.6043725e-01  -2.1606451e-01  -7.5659352e-03   8.7033579e-01  -2.6390378e-01   3.5503288e-02   2.1572933e-01  -1.4889726e-01  -2.2822694e-01  -2.8542759e-01   1.3417372e-01   2.5430456e-01  -3.2593557e-01   3.2539856e-01   4.0725434e-02   1.0191553e-01  -5.0389148e-01  -2.5371516e-01  -4.4261359e-01   2.8638866e-01  -1.9778509e-01   7.2798208e-02   5.2261505e-02  -8.8978804e-02   2.3016066e-01  -2.4121700e-01   5.6309611e-01  -7.9058008e-02   1.7305271e-01   1.2011055e-01  -4.5056817e-01  -2.7266521e-01   5.4150609e-01  -4.0717895e-01  -4.5879259e-01  -1.1633987e-01   6.8446205e-01  -3.5120367e-01  -3.5760475e-01  -1.3202801e-02   3.8848682e-01  -3.6155736e-01  -1.6521423e-01  -9.1812783e-02  -2.1110446e-01  -2.2024308e-01  -1.6498841e-01   5.4996989e-01  -3.6922890e-03   2.3408441e-01   1.2234231e-01  -2.6344126e-01   1.8809752e-01  -7.0465590e-02   1.6868924e-01  -4.6717435e-01   7.9963220e-01  -4.8101416e-03  -4.9412022e-01  -6.6932113e-02  -3.0227788e-02   1.0309688e-01  -4.8598359e-01   4.8699909e-01  -5.2836847e-01   6.4797451e-02  -3.4147556e-02  -2.0884103e-01   6.5401231e-02   2.6941351e-01  -1.5034641e-01   3.1125258e-01  -4.0278201e-01   6.9892610e-02  -1.7266100e-02   2.6782347e-01   3.1329076e-01  -1.1821907e-02   6.9206451e-01   2.8738669e-01  -2.1323470e-02   3.4614128e-01   2.7966075e-01  -2.2574564e-02  -5.0341140e-01   3.0394202e-01  -1.6293895e-01   3.6628884e-01  -2.0706592e-01  -2.2566676e-01  -1.1868218e-01  -5.4722210e-01  -3.2649540e-01   4.5059323e-01  -4.2581613e-01  -1.2665890e-01  -2.4892939e-01   3.2575435e-01  -4.1441927e-01  -1.4008524e-01   2.9380688e-01   2.0236964e-01   2.0631876e-01  -4.5982609e-01   9.0703908e-02  -5.7585268e-02  -4.5400314e-01   2.7279794e-01   2.6587208e-01   2.5801890e-01  -3.8869328e-01   4.5529014e-01  -2.9591155e-01  -3.8053298e-01   3.0277593e-01  -3.3860023e-01   6.3391214e-01  -2.6106717e-02  -6.3484383e-02  -3.7308630e-01  -3.4894985e-01  -1.1298159e-01  -5.0070364e-01  -8.3052294e-02  -5.0739107e-02  -5.0090947e-01   1.0884375e-01  -1.4642131e-01  -4.9162326e-02  -6.1658499e-01   3.1869875e-01  -2.8190340e-02  -5.4792322e-01   1.1621766e-01  -1.0067849e-03   6.5194229e-02  -2.0976134e-01   3.5821850e-01  -3.7981138e-01   3.6931430e-01   8.2849441e-03   7.0423551e-01   1.2577800e-01   2.6544029e-01  -3.2955525e-01   6.8736497e-01  -3.5102041e-01   2.9425077e-02  -5.5473107e-01   1.1200025e-01  -6.2505755e-01  -1.9600758e-01   2.2167698e-02  -1.4353448e-01   1.0238887e-01   2.5787531e-01   1.4067771e-01   1.2812663e-01   2.7560747e-01  -4.0426473e-01   4.6168247e-01   1.5526069e-01   4.0306081e-01  -1.6866841e-01
   1.7118455e-01  -2.3839085e-01  -4.5537130e-01   0.0000000e+00  -1.2625642e-01   2.4546297e-01   1.4106775e-01   4.3372495e-01  -1.6902156e-01  -3.4757298e-01   2.6011665e-01  -1.2312696e-01   1.4576467e-01   3.2458757e-01   8.0966955e-02   3.4736704e-01  -5.4121236e-01   3.1630643e-01   1.5741663e-01  -1.3199575e-01  -7.1005879e-03   6.2525867e-01   6.6145316e-02  -1.3278469e-01   1.5742008e-02   3.7007222e-01  -4.9856931e-02   2.3159826e-01   3.0831363e-02   6.4265960e-01   1.4751595e-01   6.4598934e-01   1.3285257e-01   1.3703242e-01  -2.2268243e-01  -4.0087250e-02  -6.5037368e-02  -2.7896522e-01   4.3743744e-01  -5.1467492e-01   2.6075055e-01  -4.1566113e-02  -3.9448076e-01   5.7235269e-01  -4.0362402e-02  -2.4250516e-01   5.5662026e-01   4.9124131e-01   1.6932819e-01  -5.5739872e-01   3.5355624e-01   4.5679322e-01  -2.1663564e-01  -3.5548341e-01   3.8235583e-01   3.2028757e-01   3.2880481e-01   5.7953022e-01   4.4206655e-01   3.9336752e-01  -1.7265248e-01  -7.9368887e-02  -3.4138537e-01  -3.9262829e-01  -5.3881502e-03  -3.0917584e-01   2.9310551e-01  -2.6162012e-01   7.1323452e-01  -3.1897286e-01  -4.0705060e-01   5.8774441e-01   2.6018886e-01   3.0640724e-01  -1.4128064e-01   4.6031405e-01  -2.6138636e-01   5.0604900e-01  -3.4768005e-01   1.3014333e-01   3.3088677e-01   2.0762037e-02  -3.1719168e-01   3.7217522e-01  -1.2428720e-01   2.9561784e-01  -4.3141816e-01   2.3099506e-01  -2.4541435e-01  -2.0102451e-01  -3.4291191e-01  -2.6564154e-01  -4.9884764e-01  -3.9074814e-02  -2.1208996e-01  -2.4828104e-01   1.8301822e-01   5.0375804e-01  -2.6341785e-02  -1.0278982e-01   4.4620685e-02  -7.1467702e-02   4.9765467e-01   2.2311240e-01   4.9147893e-01   6.4364430e-01  -2.2596886e-01   6.3091428e-01   9.8466811e-03  -9.3999154e-02  -4.2447061e-01   7.1059957e-01   2.5093935e-01  -1.4544974e-01  -1.6757661e-02  -4.1226807e-01   5.6495419e-01   1.2444081e-01   2.9695613e-01   6.9690825e-01  -1.6113664e-01  -3.1180933e-01  -2.8044995e-01   1.7712319e-01  -1.5867540e-01   5.4151370e-01   1.3327548e-01  -2.4104194e-01   5.8651159e-01  -2.7827153e-01   2.1511682e-01  -1.8532706e-01   5.8399182e-01   3.1131639e-01   1.4472122e-01   3.8428866e-01  -1.4408561e-01   2.6434662e-01   3.7620235e-01  -2.8621312e-01   2.8082995e-01   2.8835115e-01   4.3327396e-01   9.5739474e-02  -4.3587849e-02   3.2612295e-01  -3.3648826e-01  -1.1439901e-01  -2.2949792e-01   2.7812028e-01   6.3085943e-02   5.9460689e-01  -1.5532839e-01  -3.5775886e-01  -5.8275499e-01  -2.6041079e-01  -7.7403704e-02   3.7858585e-01  -2.5447317e-01   4.5191544e-01  -1.0683136e-01   3.7342427e-01  -4.4402940e-01   6.5855469e-01   5.1789504e-01  -3.7704168e-01  -1.0973032e-01   3.0672985e-01  -9.1911229e-02  -4.2801223e-01  -3.2386213e-01  -1.4708667e-01   1.8707225e-01  -9.4636960e-02  -1.6282301e-01  -1.3031413e-01   5.8321556e-01
  -2.1556364e-01   2.1960801e-01   1.3489411e-01  -1.2625642e-01   0.0000000e+00  -2.4937250e-01  -3.8801165e-01  -1.1307500e-01   1.7216397e-01   2.0477871e-01  -1.0201378e-01   1.2588278e-01   3.0498017e-01  -2.4603572e-01  -3.1007336e-01   3.6262996e-02   2.8255998e-01  -8.7600100e-02  -4.4371437e-02   7.2125538e-01  -1.2031900e-01  -1.2593426e-01  -1.7323156e-01  -7.9551383e-02  -2.5765399e-01  -1.1632767e-01   5.0225665e-02  -6.9687173e-02   5.2383619e-02  -3.6703741e-01  -3.4403225e-01  -2.6482856e-01  -1.9048828e-01  -5.0502097e-02   5.9547038e-02   5.3989761e-01   2.4311543e-01   3.7742216e-02   3.3815511e-02   2.6339814e-01   2.4637735e-01   1.0524165e-01   4.5070912e-01  -3.6851547e-01   2.0382596e-01  -1.5088607e-01  -8.4470867e-02  -5.6495291e-01   1.2788401e-02   4.8246670e-01  -2.1336274e-01  -7.4017240e-02  -2.2371001e-02   7.2952216e-03  -1.2690895e-01  -4.2740419e-01  -2.9905183e-01  -9.9822376e-02  -1.3256201e-01  -1.3131793e-01   1.8861471e-02   3.3596146e-01   3.0216752e-01   2.1050455e-01   2.3764711e-01   4.0822906e-01  -4.4574561e-01   4.6255969e-01  -2.9979685e-01  -6.8360817e-02   1.7766950e-01  -2.4366120e-01   1.5755460e-01  -4.2771824e-01   2.5911734e-01  -1.4195313e-01  -2.0679915e-02  -1.5713410e-01   7.0369764e-01   5.7019616e-02  -2.2806020e-01   8.7047266e-02   3.9014487e-02  -1.4994130e-01  -1.7600972e-01  -1.4659246e-01   5.3600837e-02  -2.4065446e-01   4.0603203e-01   3.7445696e-02   4.2341117e-01   5.9865786e-02   6.3464939e-01   2.3745885e-01  -4.7188645e-03   6.8657043e-01   1.2901070e-01  -9.2352612e-02   2.2346479e-01   5.9638440e-02  -2.8496000e-01   2.4375178e-02  -1.9010267e-01  -3.0200052e-01  -2.7431504e-01  -2.3714927e-01   3.6326657e-02  -1.7831683e-01   3.0322537e-02   1.2685323e-01   1.5343727e-01  -3.0549483e-01  -2.1840986e-02   1.7982942e-01  -4.1439845e-01   4.1997824e-01  -3.5684555e-01   3.2630215e-01  -4.9303340e-01  -3.1066094e-01   9.1038907e-02   7.1297835e-01   1.4989374e-01   5.7754763e-02  -5.1759515e-02  -4.3843100e-01  -1.5159565e-01   2.6102812e-01  -2.5087723e-01  -1.7075339e-01   3.1507371e-01   7.0542723e-02  -3.1905526e-01  -3.9966302e-01   7.3759035e-02  -2.4232919e-01   1.4165218e-01  -4.6765635e-01  -1.4898871e-01   2.3916836e-01   6.3572563e-02   4.1459383e-01  -1.5924618e-01  -2.8683251e-01  -2.5261011e-01  -5.0072361e-01   7.7615575e-02   2.6676279e-01   3.2713834e-01  -2.6271097e-01  -2.0759086e-01  -3.1430725e-01  -2.4814402e-02   4.7496854e-01   1.8565107e-01   9.0490328e-02   1.5838450e-03  -1.8128422e-01   8.3794646e-02  -2.7528079e-01   3.3037361e-01  -1.5784113e-01   4.3452763e-01  -2.7148364e-01   1.1228762e-02   2.5461756e-01   1.0630393e-01  -2.1694043e-01  -9.8353237e-02   6.0088487e-01   5.4629479e-01  -1.8858961e-02   2.1352066e-01  -1.3214624e-01   3.9617200e-02   1.2923654e-01   6.1331673e-02
   3.9811333e-01  -1.7439893e-01   1.9280370e-01   2.4546297e-01  -2.4937250e-01   0.0000000e+00   1.5238506e-01  -3.9712028e-03  -1.2487790e-01  -8.4418867e-02  -5.9854373e-02  -2.3509029e-01   1.1200831e-01   4.3736684e-02   1.7368041e-03   2.0552327e-01   1.0820526e-01   2.3812336e-01   4.3399382e-02  -8.3608008e-02  -4.4511217e-02   1.1986240e-01  -5.2807378e-02   3.5367359e-02   3.0573060e-01   4.8764547e-02   3.4975473e-01   2.8616798e-01  -7.3855003e-02   2.3443278e-01   4.7319176e-02   2.3527171e-01   1.3106721e-01   9.3725039e-02  -1.1217258e-01   7.2554097e-03  -2.5246191e-01  -1.3328054e-01  -1.2118553e-02  -2.8446332e-02   9.6140577e-02   7.6364023e-02  -1.7609405e-01   2.6831555e-01  -7.6215894e-02   2.7380947e-01   2.4984466e-01   3.4297118e-01   8.6481574e-02  -2.1444951e-01   3.0873098e-01   1.1353369e-01  -5.6522953e-02   4.3103082e-02   1.8803440e-01   1.6208296e-01   5.1825871e-01   4.7437683e-02   2.4659955e-01   1.5645475e-01   2.0598093e-01   6.5509069e-02  -1.5388210e-01  -3.3405351e-01  -3.3373637e-01  -2.7993705e-01   6.4747029e-01  -2.0142728e-01   3.8696096e-01   3.0324872e-01  -2.5485521e-01   3.4640328e-01   4.4943143e-02   4.0023345e-01  -1.5607530e-01  -1.4293491e-01   1.1149424e-01   6.2474150e-02  -4.3811144e-01   2.2941228e-02  -6.9002969e-02  -2.3305559e-02  -6.7039608e-02   2.9057659e-01   2.1182033e-01  -2.7707454e-01  -2.7215014e-01   1.7349381e-01  -2.4023233e-01   1.6506331e-03  -3.9646341e-01   2.3341657e-01  -3.7739684e-01  -2.4184849e-01   6.1118674e-02  -2.7137855e-01   3.2387513e-01   6.3567640e-02   2.1971575e-01  -1.5199278e-01   5.1752012e-01  -2.1003115e-02   1.0152042e-01   1.6021909e-01   2.4263116e-01   2.1012337e-01   1.1594778e-01   1.7334522e-01  -1.7366861e-02  -1.8964080e-01  -2.7856101e-01   4.0897771e-01   1.2260217e-01   2.8084698e-02   7.4183493e-02  -3.5183198e-01   1.8314956e-01   5.1069812e-02   3.6670054e-01   2.8747487e-01  -5.9843758e-02  -2.9068159e-01  -2.5652602e-02  -1.3663008e-01   2.6487790e-01   4.2823629e-01   9.6460337e-02  -9.8624413e-02   2.2979075e-01   3.2202154e-01  -6.2294568e-02  -2.3956136e-01   4.5405465e-01   1.4166356e-01  -6.9156843e-03  -1.2335201e-01  -2.7399132e-01   2.5484060e-01  -1.9973029e-01  -2.3104645e-01   5.2875034e-04   5.5524968e-02  -1.3169432e-01   5.3569736e-01  -8.2682661e-02   1.1248190e-01  -3.3102147e-01  -9.8182686e-02  -9.4302221e-02   8.8060480e-02   3.5874778e-01   1.3860747e-01   1.4678799e-01  -3.3497058e-01   3.5048005e-02  -2.6140313e-01   1.0207679e-01   4.3661604e-02   1.8610427e-01   1.8329638e-01  -5.7406131e-02  -1.0789998e-01  -3.9063980e-01   1.6367535e-01   1.1588172e-01  -2.1183288e-01  -2.7555233e-01   2.4283917e-01   2.8547775e-01  -3.5765966e-01  -1.6574536e-01   1.8860484e-02  -3.8019258e-03   4.9782960e-01  -1.3220174e-01   1.5735071e-01   1.2171074e-01
  -2.9570143e-01   2.3659304e-01  -3.2201463e-01   1.4106775e-01  -3.8801165e-01   1.5238506e-01   0.0000000e+00  -5.5328140e-02  -9.1016003e-03   1.1524967e-01   3.3581178e-01   3.6176226e-01   3.6497238e-02  -2.1651079e-01   5.2991047e-01  -7.1314768e-04  -3.7244624e-01   4.5675546e-01   1.6316455e-03  -2.6977025e-01   4.3044188e-01   1.6658962e-01   6.3324104e-01  -3.5041450e-01  -6.7890102e-02  -9.1439383e-03   1.2201994e-01  -3.0825709e-01  -3.2500460e-02   4.5946278e-01   4.5696908e-01   2.3470907e-01  -2.0415470e-01   4.2075940e-01   4.0090903e-01   9.9366816e-02   2.0877629e-01  -5.1937580e-01  -8.8833208e-02  -1.4183857e-01  -8.6607798e-02  -2.8392770e-01   7.4985234e-02   1.5429437e-01   4.1382676e-01  -2.8775134e-01   2.7367763e-01   6.5819128e-01   1.8330023e-01  -4.9209766e-01   6.1187178e-01  -9.1451885e-02   3.4328165e-01  -2.9291822e-01   1.2479828e-01   2.7391111e-01   1.8573840e-01   1.2675828e-02   1.7165165e-01   4.0201304e-01  -4.0860028e-01   2.9518649e-01  -1.5862581e-01   1.8042865e-01   1.6770233e-01   4.2550832e-02   3.0915762e-01  -1.4531852e-01   3.0659082e-01  -1.8102566e-01   2.5563815e-01   4.6096444e-01   6.8445295e-02   1.0371967e-01  -3.2573425e-01   1.5903889e-01  -4.3741544e-01   1.6579524e-01  -2.3761396e-01  -1.3332975e-01   1.0706209e-01   2.2829387e-01  -7.0858443e-02  -1.1286630e-02  -9.6627441e-02   1.0080826e-01  -5.0901651e-02  -2.3070503e-01  -2.6841850e-01  -5.4538806e-01   7.1881184e-03  -4.8788097e-01  -2.9467872e-01   4.7340712e-02  -5.5890826e-01  -4.2662390e-01   4.2648612e-03   2.3340171e-01  -3.7951028e-02   4.3477825e-01  -8.4581964e-02   5.1246072e-01  -2.1994709e-02   3.2733388e-01   4.8929474e-01   2.1502380e-01  -2.6757403e-01   1.5810922e-01   2.7038304e-01   5.5521177e-04   1.1311313e-01   3.4264245e-01  -7.8593827e-02  -6.0263104e-01   1.0368665e-01  -2.0807758e-01   1.7782302e-01  -6.4613371e-02   1.0345296e-01   1.5599739e-01  -5.3227634e-01  -4.3401908e-01   8.6125263e-03   2.6910965e-01  -4.8492469e-01   2.9461623e-01   3.9914520e-01  -1.9609880e-01   1.7870604e-01  -7.1633167e-02  -8.8955719e-03   5.1597537e-01   2.7214197e-01   4.2408012e-01  -5.6201606e-03   1.4799639e-01  -2.0101089e-01   1.4474575e-01   5.9732142e-02  -4.1791722e-01  -2.3802960e-01  -2.1565240e-01   2.3791279e-01   1.4475155e-01   5.9202766e-01   6.0522681e-01   3.0293616e-01   1.0070344e-02   1.8796612e-01   4.7285084e-01  -2.4340900e-01   1.7682035e-01  -4.6886855e-01  -2.4623238e-02  -1.0059820e-02  -4.5566128e-01  -4.4375495e-01   1.5926763e-01  -5.2782201e-01   2.4345542e-01  -1.3711732e-01   1.7646619e-01   3.1994930e-02   3.8834188e-01  -1.7915305e-02   2.4874764e-02   2.8139050e-01  -1.8847562e-01  -3.2270985e-01  -3.2591616e-01  -2.3853547e-01  -5.1307101e-01   2.9739973e-01  -1.3036804e-01  -1.8782386e-01  -3.7954160e-01   1.3363332e-01
  -4.2320649e-02  -1.8158294e-01  -3.8396207e-01   4.3372495e-01  -1.1307500e-01  -3.9712028e-03  -5.5328140e-02   0.0000000e+00  -1.4258584e-01  -4.0749216e-01   2.5247907e-01  -6.3382482e-02   1.2154219e-01   3.7359608e-01   5.8777352e-02   3.6589991e-01  -3.5914372e-01   3.9745480e-02   2.3189703e-01  -1.0639043e-01  -3.0638639e-02   6.0557572e-01   2.1209515e-02  -1.3373534e-01  -2.0735781e-02   4.6246347e-01  -1.0028898e-01   2.4252072e-01  -9.9834202e-02   5.4279638e-01   1.9218728e-01   3.9225359e-01   9.6584647e-02   8.7849476e-02  -2.0529389e-01  -8.9005086e-02   5.2952107e-02  -1.4005849e-01   5.1203125e-01  -4.6856140e-01   3.0021560e-02   1.4542010e-02  -2.3932647e-01   5.6325386e-01  -6.7443384e-02  -1.4501026e-01   3.9637502e-01   3.2055937e-01   2.0448467e-01  -4.2671186e-01   1.1825775e-01   5.9260808e-01  -1.5593556e-01  -2.2946976e-01   1.1445411e-01   2.9360841e-01   1.2446662e-01   4.3637202e-01   2.1091377e-01   1.8807762e-01  -1.1764909e-01  -2.5069666e-01  -2.6139689e-01  -1.6011884e-01  -2.3984797e-02  -2.5096974e-01   1.2572245e-01  -1.5940595e-01   5.3945114e-01  -3.9319627e-01  -2.9560986e-01   2.8818524e-01   1.3705532e-01   6.8098884e-02   5.1764111e-02   3.4207282e-01  -1.0509994e-01   5.1334207e-01  -9.2711633e-02  -3.8509885e-02   4.0773418e-01   3.9947375e-02  -2.2537469e-01   5.0097365e-01  -1.2437097e-01   3.2631604e-01  -2.3862529e-01   1.3481101e-01  -9.6994136e-02  -2.7414322e-01  -2.1683151e-01  -2.3867517e-01  -2.7152566e-01   7.2491366e-02  -1.1933233e-01  -1.0216675e-01   2.4087678e-02   3.3270408e-01  -3.4958294e-01  -9.4831608e-02  -9.2853453e-02  -5.9750298e-02   5.9884503e-01   3.0708415e-02   2.5992655e-01   3.8640701e-01  -2.0754200e-01   6.1287868e-01   4.2976359e-02  -4.2928698e-03  -3.2478357e-01   4.6440678e-01   8.7466515e-02  -2.2041376e-01   1.5525172e-02  -2.2774089e-01   5.5584105e-01   4.2018509e-02   3.4490984e-01   4.3404314e-01  -1.1494051e-01  -1.7248038e-01  -1.3260069e-01   2.3997755e-02  -2.6296016e-01   2.4862406e-01   2.9051415e-02  -2.7025197e-01   4.5613058e-01  -2.6309516e-01   8.6113941e-02  -2.5153948e-01   3.4386832e-01   3.2343764e-01   2.9070259e-01   5.8406948e-01  -1.1264709e-01   3.2730426e-01   6.1394393e-01  -3.1560722e-01   1.0513915e-01   1.5938364e-02   5.8609166e-01   1.3104746e-01  -6.4013547e-02   1.9368358e-01  -2.1994951e-01   2.2324739e-02  -2.4593544e-01   5.8510908e-02  -1.0451398e-01   6.9297371e-01  -2.3424959e-01  -1.9472851e-01  -5.6318211e-01  -2.3029146e-01  -7.1883437e-02   2.3537215e-01  -1.6263895e-01   5.8371781e-01   3.4363694e-01   5.4243693e-01  -1.5263160e-01   4.8280630e-01   4.5808922e-01  -1.7449909e-01  -2.5490500e-02   2.6010471e-01  -1.6060592e-01  -2.4206468e-01  -8.7456678e-02  -1.0684406e-01   2.9662712e-02  -1.1674126e-01  -1.8990773e-02  -3.1836651e-02   3.9776548e-01
  -1.1612021e-01   5.0035853e-01   2.1475515e-01  -1.6902156e-01   1.7216397e-01  -1.2487790e-01  -9.1016003e-03  -1.4258584e-01   0.0000000e+00   4.0321302e-02   4.0809508e-02   2.0957683e-02  -2.4694697e-02  -3.7955754e-01   7.1838594e-02  -5.0408091e-02   2.3333130e-01   4.2303117e-02   5.6975168e-02   1.1835367e-01   1.9644924e-02   2.1574197e-02  -1.1944015e-01  -2.3771384e-02  -1.0340124e-01  -3.2768197e-01   3.8054694e-02  -1.4287394e-01   1.5360780e-01   2.1786098e-03  -1.4450312e-01  -2.9380175e-01  -7.9204365e-02   9.1600640e-02   8.2265919e-02   2.0161786e-01   3.1665731e-02   3.8878283e-02  -1.8950815e-02   1.0358994e-01   7.0830786e-02  -2.9417850e-01   3.2340126e-01  -2.7750379e-01   9.5712601e-02   5.1384746e-02  -9.1544712e-02  -2.4912731e-01   8.5654199e-02   1.8329856e-01  -6.0543107e-02  -3.1290252e-01   2.2053260e-01  -1.3101020e-03  -4.2083034e-01  -9.1156303e-02  -3.2560322e-01  -1.5641241e-01  -6.3296136e-03   1.6180021e-01   4.0469774e-02  -1.0646397e-02   6.5430446e-01   4.8228037e-01   3.3881911e-01   1.5328094e-01  -6.7711292e-02   2.2707365e-01  -1.7980904e-01   7.6228799e-02   8.6481478e-02  -1.7919512e-01   8.3823077e-02  -1.8540554e-01  -1.2859660e-01  -2.0544878e-01   1.2670692e-01  -4.1589039e-01   2.4803287e-01   6.2589696e-02  -2.2025113e-01   1.0554851e-01  -6.5183976e-02  -2.5738836e-01  -7.5171131e-02  -2.8780186e-01   5.8034129e-02  -1.7073213e-01   3.1103133e-01   1.9181128e-02   3.5793183e-01   2.2713814e-02   1.2491111e-01   4.1163077e-01   8.4906204e-02   1.1042435e-01   2.1840121e-02  -2.6862318e-01   2.2845839e-01  -1.2749664e-01  -5.1292843e-02   1.7844471e-01  -2.4352029e-01   2.7713666e-01  -1.9086600e-01  -1.1278706e-01  -1.3950166e-01  -2.2598994e-01  -9.2567300e-02   1.1470855e-01   1.5834152e-01  -1.6927911e-01  -1.0208214e-02   2.7226471e-02   1.7005116e-01   2.6957742e-01  -3.2886679e-01   1.0262876e-01  -2.4239515e-01  -1.8847587e-01   8.8619474e-02   1.4590331e-01   4.5217577e-01   7.8471645e-02   2.2572314e-02  -3.0394314e-01  -3.2787334e-02  -2.2410926e-03  -1.2866089e-01   1.7755011e-02   1.3394958e-01   1.0863276e-01  -1.6900026e-01  -1.2574281e-01   3.1351619e-01  -1.7641869e-02  -1.0704579e-02  -1.7379437e-01  -2.2645914e-01   1.0834286e-01  -2.9215002e-01  -9.1349407e-02  -2.5911650e-01  -9.9358528e-02   7.2388512e-03  -6.0202053e-03   3.3229114e-02   2.1810499e-01   6.0410481e-02  -7.4313995e-02  -3.4081200e-02  -3.2776286e-01   8.3485679e-02   1.7395094e-01   2.5541305e-01   1.7683810e-01  -5.3347128e-02  -4.7343563e-02   2.1936586e-02  -2.1919137e-01   6.4992446e-02  -1.5580082e-02   1.7447452e-01  -1.5126743e-01  -8.9634323e-02   1.9337621e-01  -5.1457072e-02  -2.4963354e-01  -9.5648575e-02   1.8313316e-01   1.1434975e-01   8.4288883e-02   1.0314200e-01   2.4407250e-02   1.0626303e-01   6.4798686e-03   9.9001600e-02
  -2.8663630e-01   1.7773970e-01   2.2724833e-01  -3.4757298e-01   2.0477871e-01  -8.4418867e-02   1.1524967e-01  -4.0749216e-01   4.0321302e-02   0.0000000e+00   2.5177647e-03   3.8534949e-01   1.2913088e-01  -4.3179491e-01   1.0529780e-01  -2.4954715e-01   2.8410623e-01   3.7556391e-02  -4.4208185e-02   3.7114811e-01   2.1901590e-01  -2.4881502e-01   2.6798775e-01  -1.0565326e-01  -3.9652905e-03  -2.1647849e-01   1.9283851e-01  -3.5427140e-01   1.2097668e-01  -3.7694766e-01   3.0276894e-04  -3.1463403e-01  -2.5279289e-01   2.7974620e-01   3.9432628e-01   3.6717608e-01   2.2366304e-01  -1.2794498e-01  -3.9842066e-01   3.5443761e-01  -6.7257946e-04  -1.2621381e-01   4.0784939e-01  -4.3379516e-01   3.8934971e-01  -1.8012760e-01  -2.3821850e-01  -2.0804536e-01  -7.2089975e-02   3.9937466e-01   7.1346427e-02  -2.0550751e-01   9.1455629e-02   1.1633145e-01  -1.6303210e-01  -1.8054889e-01  -1.6248080e-01  -2.0173151e-01  -9.2152989e-02  -9.0326743e-02  -1.2899220e-01   6.0254749e-01   1.9468757e-01   3.5193587e-01   2.0935985e-01   5.7425335e-01  -6.0146016e-02   2.3978449e-01  -4.2415800e-01   1.4378157e-01   4.2610536e-01  -1.7113382e-01   1.1864933e-01  -3.0001558e-01   3.6340590e-02  -2.1107147e-01  -1.8092774e-01  -3.0587202e-01   3.6830713e-01  -9.0235418e-02  -3.4241381e-01   2.1014674e-01   1.9954429e-01  -3.8147979e-01  -1.1413488e-01  -9.3285350e-02   1.8855569e-01  -2.7613925e-01   5.5578572e-02  -1.7922202e-01   3.2670047e-01  -1.1548502e-01   5.1129512e-01   1.6156264e-01  -2.0592137e-01   2.9193258e-01  -1.9759612e-02  -2.4841839e-01   2.7830484e-01   3.2698697e-01  -1.4984847e-01   2.8545617e-01  -3.3393801e-01  -2.3460925e-01  -1.5294752e-01  -2.2115464e-01  -2.4806487e-03  -2.7412401e-01   1.9705831e-01   1.2833926e-01   5.1222930e-01  -4.1059624e-01  -2.8888723e-01  -1.4892551e-01  -1.8725016e-01   2.4304126e-01  -3.6671578e-01   2.1887870e-01  -3.7524654e-01  -2.8884169e-01  -2.5853725e-01   4.4702137e-01   1.0052732e-01   3.9743229e-02  -2.2685281e-01  -3.3537220e-01  -4.7433002e-02   9.2800864e-02  -3.9574860e-01   5.4080891e-02  -4.7247488e-02   5.1934033e-01  -3.2075452e-01  -1.8022290e-01  -4.5503404e-02  -3.2435990e-01  -5.8981254e-02  -2.4490769e-01  -2.5732775e-01   6.1799054e-02  -1.2873764e-01  -4.4684707e-02  -2.4238666e-01  -1.1752595e-01   2.7979879e-01  -1.9345701e-01   4.2335948e-01   1.4227511e-01   6.3220023e-01   3.7598460e-02  -1.8366703e-01  -4.7300853e-01  -2.0527855e-01   3.5070629e-01   4.6749516e-01  -6.6280854e-02  -2.9635830e-01  -5.7769248e-02  -5.0214858e-02  -4.1894641e-01   1.2150556e-01  -2.6854071e-01   4.3603453e-01  -3.5326796e-01  -3.1087952e-01   4.4656600e-01   3.2647836e-01  -2.2620298e-01  -2.4341136e-01   2.3985697e-01   2.7534383e-01  -1.7690284e-01   1.1741610e-01  -1.7949075e-02   1.0177925e-02  -5.0106156e-02  -2.6551116e-01
  -1.4623515e-01   1.0552952e-02  -4.4906295e-01   2.6011665e-01  -1.0201378e-01  -5.9854373e-02   3.3581178e-01   2.5247907e-01   4.0809508e-02   2.5177647e-03   0.0000000e+00  -1.9362703e-01   3.5023257e-01  -1.0583956e-01   3.9699449e-01  -9.7416539e-02  -4.8007757e-01   6.6595001e-01  -1.0393909e-01  -1.9386110e-01   1.4222785e-01   1.6882025e-01   1.7443997e-01  -8.9205141e-02  -3.2309511e-02   1.7023642e-01   1.6479030e-02   8.2011735e-02   3.0690494e-02   3.6075916e-01   3.4728802e-01   1.3360886e-01  -2.4037855e-01   5.2973439e-01  -1.5401382e-01   3.7851949e-01   2.5374545e-01  -2.3205378e-02   1.5579163e-01  -5.5775731e-01   3.1125907e-01  -1.9218856e-01  -1.2249563e-01   4.1574760e-01   1.5897214e-01  -2.3519984e-01   6.0095704e-01   3.0067876e-01   2.6582887e-02  -4.5872101e-01   5.7674757e-01   2.4917789e-01   1.5079314e-02  -4.4966031e-01   3.4504750e-02   2.7902990e-01  -9.7016642e-02   2.1021816e-01   3.9638159e-01   2.4571226e-01  -1.9539575e-01   5.5346019e-02  -1.6874591e-01   4.3787002e-02   2.3896304e-01  -1.8045644e-01   3.6456778e-02  -1.0000320e-01   3.3623974e-01  -4.6060862e-01  -2.4120276e-01   5.1436603e-01   3.0836711e-01   5.0277131e-02  -3.3182925e-01   4.7111369e-02  -1.1652639e-01   1.2263425e-01   4.1548124e-02  -1.0055938e-01   3.4062801e-01   2.8593192e-01  -2.9498979e-01  -4.1003223e-03  -3.2760200e-01   1.1450641e-01  -3.3799919e-01   6.3705641e-02  -3.1290866e-01  -1.7262333e-01   7.1848430e-02  -3.6637341e-01  -2.6926142e-01   1.0225351e-01  -1.4930006e-01  -2.6344596e-01   4.2641581e-02   9.6189917e-02   1.7592046e-01  -1.8388413e-04  -2.7393123e-01   4.1663671e-01   2.1414165e-01   1.2635168e-01   5.5477900e-01   1.9968326e-01  -3.7557915e-01   2.8002069e-01  -2.1828547e-01   3.5546318e-01  -4.1369258e-01   2.4698541e-01  -1.9210686e-03  -1.0826644e-01   1.7898580e-02  -2.9475019e-01   2.5882022e-01   2.3183961e-01   1.1808396e-01   2.9623923e-01  -2.8392297e-02  -2.4209205e-01  -2.6731329e-01   3.4589723e-01  -2.2140870e-01   1.5959975e-01   2.9988894e-01  -2.7393775e-01   2.1907722e-01  -4.7596615e-01   2.9989340e-01   2.6938129e-01   1.4371968e-01   2.8716352e-01   2.0732513e-01   3.5640298e-01  -2.9124044e-01   3.5291530e-01   1.1811721e-01  -7.8777372e-02  -1.2264036e-01   9.7594469e-02   3.7870020e-01  -1.5941263e-01   9.8316335e-02   5.0338848e-01  -2.4129015e-01   2.0006224e-02   1.6663665e-01   1.3646505e-01  -2.3573130e-01   3.0844171e-01  -1.5747801e-01   9.0025022e-02  -5.0092990e-01  -4.0454397e-03  -1.1968659e-01   3.9270864e-01  -3.4526241e-01   3.9270918e-01   1.0306817e-01   5.7667724e-01  -1.1355944e-01   5.8240472e-01  -8.7715548e-02  -2.5398059e-01   7.4571732e-02   3.4749702e-02  -1.8156035e-01  -2.4320780e-01  -3.1010184e-01   4.9718614e-02   5.3989545e-01  -3.4969285e-01  -2.2866267e-01  -2.2077215e-01  -6.0612706e-04
  -4.8273485e-01   4.3844204e-01  -1.1775186e-04  -1.2312696e-01   1.2588278e-01  -2.3509029e-01   3.6176226e-01  -6.3382482e-02   2.0957683e-02   3.8534949e-01  -1.9362703e-01   0.0000000e+00   4.0213603e-02  -3.2704120e-01   2.4178554e-01   1.6755171e-01   7.1772863e-02  -3.0969141e-02   7.4567279e-02   2.1615901e-01   2.6752768e-01  -4.3955227e-02   4.9923451e-01  -3.4034287e-01  -1.7831746e-01  -1.2950145e-01  -9.7938777e-03  -4.1166110e-01   9.1929657e-02  -1.7525078e-02   1.4637838e-01  -5.8944139e-02  -4.2192358e-02   6.2000851e-02   7.0038276e-01   9.2353232e-03   1.0047386e-01  -5.2244718e-01  -4.5269561e-02   3.3492229e-01  -1.4193031e-02  -8.4316355e-02   4.2176362e-01  -2.2218296e-01   5.1459696e-01  -3.9448307e-01  -1.6439137e-01   2.7739849e-02   3.7302956e-02   1.7503399e-01   8.5676876e-02  -1.2789135e-01   1.4996529e-01   9.8270076e-02  -2.1786438e-03  -1.0669156e-01   1.6731897e-02  -1.8104013e-01  -7.4399385e-02   3.1451956e-01  -3.8259308e-01   3.7655580e-01   1.3740277e-01   4.1050426e-01   2.3967150e-01   6.3649117e-01  -8.8035774e-02   9.5003903e-02  -1.7908620e-01  -1.2172882e-01   5.7785072e-01  -6.7311313e-02   7.1773713e-02  -2.1444039e-01   2.2062310e-01   8.6893689e-02  -4.9084013e-01   9.6172193e-02   3.1375503e-01   7.2984901e-02  -2.4496017e-01   2.9696449e-01   1.1769097e-01  -1.2884290e-01  -1.1621836e-01   9.1476285e-02   2.4444976e-01  -3.9309458e-01   1.5821599e-01  -4.8832686e-01   3.4986081e-01  -3.8209913e-01   3.6528645e-01   2.8238098e-01  -6.0313715e-01   1.1876245e-01  -1.1466579e-01   5.7920426e-02  -1.8871706e-01   6.1839297e-01  -2.3695388e-01   2.2595808e-01  -2.5852181e-01   6.0123526e-02  -8.4887907e-02  -1.3315556e-01  -3.9504312e-02  -4.1302368e-02   4.8953933e-01  -1.0326161e-01   6.0187591e-01  -1.0125278e-01  -7.2594820e-02  -5.6830591e-01  -9.3398097e-02   3.8890007e-01  -1.3304599e-01   7.0931448e-02  -2.8732007e-01  -3.0232398e-01  -4.9527843e-01   2.5227733e-01   3.1045748e-01   2.0999312e-01  -5.8206309e-01  -1.6243936e-01   2.1206708e-01   2.5668099e-02  -1.6911609e-01   8.1224222e-02   1.1757810e-02   4.8078635e-01  -8.0078988e-02   8.9584375e-02   1.3324991e-02  -7.5339150e-02   1.7086504e-01  -2.9199741e-01   1.3922619e-01  -3.0464455e-01   2.1218667e-02  -8.9197463e-02   9.1109723e-02   7.7807519e-02   5.0956392e-01   7.2772855e-02   6.5969861e-01  -3.2562269e-03   2.5272069e-01   1.6985506e-01  -3.3315471e-01  -1.1557228e-01  -5.1989093e-01   3.4478378e-01   3.2724950e-01  -3.5939683e-01  -5.4371574e-01   5.1522072e-02  -3.5152503e-01  -9.1560404e-02   1.7289209e-01  -2.1931542e-02   4.2752988e-01  -1.2102713e-01   5.8048839e-03   4.1608165e-01   4.9361853e-01  -3.6184778e-01  -4.2773241e-01   2.0033228e-01   4.2746115e-01  -6.4125676e-01   4.8841263e-02  -1.2451431e-01  -4.5164131e-02  -2.0135591e-01   1.3402990e-01
  -3.1139108e-01   6.8548834e-02  -1.2467314e-01   1.4576467e-01   3.0498017e-01   1.1200831e-01   3.6497238e-02   1.2154219e-01  -2.4694697e-02   1.2913088e-01   3.5023257e-01   4.0213603e-02   0.0000000e+00  -3.4888542e-01  -8.4604452e-02   1.7018023e-01  -3.9826660e-02   3.4366879e-01  -2.1222189e-02   3.8946594e-01   7.7503117e-02   5.4339801e-02   1.0353658e-01  -3.9954868e-01   3.7253026e-02  -7.0052792e-02   2.9443059e-01  -1.9794810e-01  -1.0339209e-01  -5.7489165e-02   6.6359222e-02   1.5856328e-01  -1.6457677e-01   2.4526980e-01   1.7226899e-02   4.4845977e-01   1.9992453e-01  -3.4022126e-01   2.8687759e-01  -7.1533894e-02   6.8545950e-01   1.4715279e-01   1.4626334e-01  -3.5792346e-03   1.8804569e-01  -1.7790384e-01   2.7905092e-01   2.6227857e-02   2.9592505e-01  -9.7686904e-03   2.7209267e-01   2.3877199e-02  -8.9433664e-02  -2.4609421e-01   6.0920034e-02  -1.2661290e-01   4.6559250e-04   2.3731550e-01   3.4071494e-01   1.5042355e-01  -9.9318529e-02   4.4522905e-01  -3.8257026e-02  -1.3961803e-02   1.9253416e-01   7.1330864e-02  -3.5418897e-02   1.9027668e-01   2.0428343e-01  -1.4293621e-01  -2.4751575e-02   3.1712687e-01   5.6062375e-01  -2.9712564e-01   8.8722876e-02   1.6307348e-01  -1.5444685e-01  -3.3430147e-02   2.1036735e-01   1.0579786e-01  -1.8348074e-01   3.8791942e-01  -1.6268589e-01  -5.2584788e-02  -3.3612214e-01   1.1930730e-01  -1.9734431e-01  -3.9923413e-01   1.5738650e-02  -3.9332340e-01   9.9452939e-02  -1.9952679e-01   4.2075566e-02   1.9591695e-01  -3.0896763e-01   1.0011402e-01   4.4145755e-01   9.2999556e-02   2.8737391e-01   8.6233497e-02  -2.5420864e-01   8.2439541e-03   1.1419566e-02  -2.4751035e-01   2.9809258e-01   8.8764663e-02  -1.3729845e-01   2.0358797e-01  -1.0303367e-01   2.0155577e-01  -1.1720428e-01   1.8938859e-01   8.3053575e-02  -2.3287810e-01  -3.9215377e-01   9.6415112e-02   5.4353492e-02   6.7939279e-01  -2.3262251e-01   2.7049760e-01  -2.7531314e-01   2.3502046e-01   1.1427895e-01   3.9155049e-02  -2.8849902e-01  -2.1865960e-01   5.5089810e-02   1.3246024e-01   1.6103132e-01  -2.3323169e-01   6.0034074e-01   1.8283739e-01   9.3058314e-03  -7.2521752e-02   2.3023893e-01   1.6676188e-02   6.8126878e-02  -4.1687480e-02   7.5547431e-02  -2.4342380e-01  -1.8075174e-01   4.7449109e-01   1.8266287e-01  -1.6218817e-01   1.8946129e-02   1.2036176e-02  -5.6685092e-03   8.3412392e-02   2.5811439e-01   1.1980311e-01  -4.0395529e-01  -1.1249073e-01  -3.9483364e-01   2.7760779e-01  -6.7607306e-02  -3.3398174e-01  -2.4733301e-01   4.3114547e-01  -1.3610620e-01   1.1615723e-01   2.7394791e-01   2.0528350e-01   1.3164425e-01   1.8195811e-01   1.5599825e-01   1.0754821e-03   9.8270457e-02  -1.1871403e-01  -3.3926163e-01   8.8749180e-02   1.2383173e-01  -2.2441632e-01   3.7433978e-01  -1.3268583e-01  -5.9450222e-02  -1.4790879e-01   1.4696141e-01
   5.3981257e-01  -4.0639161e-01  -2.6043725e-01   3.2458757e-01  -2.4603572e-01   4.3736684e-02  -2.1651079e-01   3.7359608e-01  -3.7955754e-01  -4.3179491e-01  -1.0583956e-01  -3.2704120e-01  -3.4888542e-01   0.0000000e+00  -4.3016923e-03   7.5010436e-02  -2.7309370e-01  -1.6331735e-01  -1.4399238e-01  -4.0002984e-01  -2.7968843e-01   1.4120759e-01  -1.2609370e-01   3.0768442e-01   6.9421787e-02   4.2198693e-01  -3.7146444e-01   5.0554132e-01  -1.7546856e-01   2.8629051e-01   8.7735052e-02   1.5591037e-01   2.3556944e-01  -2.4304090e-01  -3.3294698e-01  -4.6566014e-01  -1.9370707e-01   1.6790749e-01   1.3944328e-01  -3.8213599e-01  -3.4463326e-01   1.1771405e-01  -5.3826951e-01   5.8086439e-01  -3.7386824e-01   1.1430785e-01  -6.5948411e-03   2.5321057e-01  -7.4503898e-02  -3.9569867e-01  -5.3948781e-02   3.6102868e-01  -1.8419597e-01   3.7264397e-02   3.4409948e-01   4.0328853e-01   3.6581956e-01   1.0110280e-01  -1.4500432e-01  -1.1123647e-01   1.0465993e-01  -4.1179818e-01  -3.4829266e-01  -4.0697439e-01  -3.4553143e-01  -4.1925129e-01   1.0396851e-01  -2.9466225e-01   1.9658907e-01  -1.7747281e-02  -4.3778274e-01  -7.1628149e-03  -3.4103767e-01   5.7476186e-01   7.4938604e-02   2.4442843e-01   8.1569496e-02   3.6815775e-01  -3.9962143e-01  -1.5512574e-01   4.6699863e-01  -5.0376923e-01   3.4026547e-03   4.9679829e-01   3.8418547e-01   1.2449333e-01  -8.9162970e-02   5.8249615e-01  -1.5060062e-01   3.4746646e-01  -5.2770431e-01   1.1938158e-01  -4.3183295e-01  -2.4633343e-01   2.1759652e-01  -1.7444859e-01  -1.8898501e-01   1.0187785e-01  -3.2905389e-01  -2.6956052e-01   4.0787637e-01  -2.7082500e-01   4.1506992e-01   1.8765328e-01  -8.6426449e-02   1.8518265e-01   1.5361270e-01   1.5845928e-01  -1.9309455e-01  -1.8313329e-01  -3.8295345e-01   1.6586086e-01   1.0910491e-01   3.2711932e-01   3.2352304e-01  -4.0711278e-01   3.3067948e-01  -4.2324656e-01   5.6961763e-01   2.9420235e-01   2.3816320e-01  -3.6317775e-01  -2.7908395e-01  -1.5691011e-01   2.5331584e-01   4.5746572e-01  -9.4675261e-02  -2.1064443e-01   6.9581049e-02   4.0952451e-02  -3.9616622e-01  -4.6590666e-01   4.2745894e-01   2.1653904e-01   2.1091550e-02   2.3488617e-01  -8.8266724e-02   4.6970013e-01   2.9351913e-01   9.2899286e-02   4.6373230e-01  -4.9404360e-02   4.2772830e-02   2.1254063e-01  -2.1573890e-01   9.1480909e-02  -3.8880920e-01  -1.1001313e-01  -4.1947464e-01   5.5622393e-02   5.0253648e-01   5.2917140e-01   3.3088150e-01  -4.3801352e-01  -4.4218347e-01   1.3667394e-01   3.4045335e-01  -2.0052072e-01   4.4048195e-02   3.2496116e-01  -1.5808709e-01   9.1326466e-02  -4.2214218e-01   1.3852150e-01   1.2890480e-01  -4.2617580e-01  -2.5830029e-01   4.9659648e-01   4.2319840e-01  -3.7103985e-01  -3.0170428e-01   1.6491769e-01  -2.8571523e-01   1.2769520e-01  -9.6088989e-02   5.1296738e-02   9.4287103e-02
