   0.0000000e+00   4.1946809e-01   2.5181233e-01   2.2027453e-01   1.0157744e-01   5.1603913e-02  -6.9522514e-02   6.6716289e-02   1.9135652e-01  -1.9183577e-01  -2.3868248e-01   4.0766136e-01  -1.7253278e-01   4.0916284e-01  -2.7685576e-01   1.0022320e-01   1.6890925e-01   9.1784673e-02   1.7269877e-01   1.1568079e-01  -2.5566855e-01   2.1967546e-01  -3.2381909e-01   4.3728339e-01  -1.0121797e-01   5.7517025e-03  -7.4641754e-02  -2.5787735e-01   2.2304780e-03   1.7842259e-01  -4.9908950e-01   2.2713071e-01   6.8824957e-02  -4.6241123e-01   9.3732285e-03  -1.9220600e-01  -2.7645343e-01  -8.5400230e-02   1.8105556e-01  -3.1080973e-01  -2.0881430e-03  -1.8727606e-02   1.8378069e-01  -1.1516709e-01   7.1482719e-02   3.1254009e-01  -2.3841466e-01  -1.9901162e-01  -1.5287094e-01   8.2747051e-02  -2.2219214e-02  -1.6143715e-02  -3.3757363e-01  -1.2491666e-01   4.8303070e-01  -9.0668090e-03   4.0226435e-02  -6.4359304e-02   1.5118136e-01   2.8820934e-01   2.1250438e-01  -8.5893653e-02   1.8693252e-01  -2.7991860e-01  -2.1141334e-01   1.7702035e-01   1.4487617e-01  -4.5149443e-02  -5.1143751e-02   1.2451712e-01  -1.3542687e-01   9.4146165e-02  -1.0338191e-02   6.9263873e-01  -5.3466196e-02   1.0163161e-01   1.2854899e-01   1.8570993e-01   1.2362437e-01   8.8358360e-02  -2.5099790e-01  -1.1974073e-01  -3.7326672e-01   2.5492456e-02   9.1798647e-02   8.2061689e-04   4.9197387e-02  -2.4400631e-01   2.2627157e-01   1.2135055e-01   2.0645424e-01   1.6820781e-01   1.4358623e-01   1.4414756e-01   8.6932897e-02   1.0093065e-01  -1.0185438e-01   1.2757923e-01   1.6639423e-01  -2.2259273e-01  -4.2101966e-01  -2.4669459e-01   2.9674971e-03   3.6946119e-01  -6.5708788e-02   2.3499544e-01   2.2332541e-01   4.8633517e-02  -4.4841804e-01  -1.1247466e-03  -4.0795988e-01   3.3436350e-01   1.6339990e-01   1.4065478e-01  -5.3450151e-01  -4.5229458e-02   1.9591129e-02   4.0311320e-02  -4.1070640e-01   1.8683162e-01   3.6798693e-01   3.1296757e-01   1.0562758e-03   7.7537852e-02   3.1348905e-01   8.2166391e-01   3.2328259e-02   9.0326734e-02   1.7559250e-01   8.1409060e-02  -9.8790306e-02  -2.0443099e-01   6.9787744e-01  -5.2613081e-01   3.1067386e-02  -4.5516373e-02   5.3886153e-02  -6.0476638e-01  -7.4322083e-03   4.8788165e-03   4.4852058e-01  -1.9103530e-01  -8.6780579e-02   6.6407174e-02  -1.7754604e-01  -1.0736454e-01  -4.6314048e-01   7.5321903e-02  -1.9930536e-02  -4.5111112e-01  -1.1841919e-02  -2.5384001e-01   2.5319850e-01  -2.4781469e-02   4.0530475e-01   7.2328385e-03   3.3452360e-01   1.4704848e-02   3.1276855e-01   1.0262393e-01   4.8770598e-02   5.0573832e-02   7.0721942e-02   1.7014170e-01   3.5585900e-01   1.1000134e-01   1.7808893e-03   6.4433125e-02   3.3482117e-01  -3.8966915e-02   1.9478362e-01   6.7638334e-02   1.2612444e-01   4.6400969e-02  -4.9477110e-02  -1.5338866e-01   2.2761468e-01
   4.1946809e-01   0.0000000e+00   1.5666085e-01  -2.2553291e-02  -1.6184021e-02  -1.8358451e-01   1.0452926e-02  -3.1625436e-02   6.5811224e-01  -2.0082379e-01  -3.9608357e-02   5.9703531e-01  -6.3132160e-02   4.6776334e-01  -1.0071443e-02  -4.5177495e-02   6.5327142e-02  -6.9406037e-02  -9.4604867e-03   5.9194352e-02  -2.9570195e-01   1.4104893e-01  -4.4075029e-01   2.2745888e-01  -4.0265521e-02  -1.4965166e-01  -2.3590057e-01  -1.4748183e-01   3.2710910e-02   6.8663760e-01  -4.2939695e-02  -2.4556687e-02   1.0834444e-01  -4.0539288e-01   5.9112230e-01  -2.8079332e-01  -2.8250265e-01  -2.1975577e-01   7.6220503e-02  -3.9697299e-01   7.8245004e-02  -1.5659601e-01   6.5735112e-01   8.4840612e-03   1.3522934e-01   9.2220644e-02  -1.1223506e-01  -4.2140855e-02  -2.9260334e-01  -7.7473881e-02  -2.0894653e-01  -3.0514826e-02  -5.5029634e-02   2.0207747e-02   1.2731832e-01  -2.8284319e-03  -8.1967825e-02   1.7812269e-02   4.1194694e-02   6.3043871e-01  -1.0701682e-01  -1.7962742e-01   6.1120823e-01   2.5998324e-01   1.5824948e-01  -4.8890758e-02  -1.3959861e-02   1.0536779e-02  -8.0453257e-02   3.3362524e-02   3.4014045e-01  -5.2468400e-02   1.0657406e-01   2.2763935e-01   5.8216760e-02  -8.8660839e-02  -2.3977528e-01  -4.2133751e-02   4.5901113e-01  -2.1629195e-02  -4.5745766e-02   8.3515636e-02  -9.1299463e-02   1.1571084e-01   3.9267003e-02  -1.1700151e-01   6.5155181e-01  -2.3422830e-01   5.3436605e-01  -1.1649430e-01   4.2147956e-01  -1.3719324e-01   2.0579719e-01   4.1149388e-01  -2.2387024e-01  -6.2059052e-02   7.2634308e-02  -1.3465068e-01   1.0008151e-01  -3.4644495e-01  -5.6309854e-02  -9.5945331e-02   2.6965390e-01   6.6590054e-01  -1.2596314e-01  -1.6314916e-03   6.4445037e-02  -1.3674677e-01  -5.9074286e-01   1.7585614e-01  -2.5346248e-01   2.6559842e-01  -6.8824673e-02  -1.1791295e-01  -2.0189230e-01   2.9761423e-01  -3.5589595e-02   2.1098079e-01  -1.2030058e-01   8.8807868e-02  -4.8504437e-02   5.4548253e-01   5.5258445e-01   2.5288075e-01  -4.7013511e-02   5.0328532e-01   1.2810938e-01   2.6358911e-02   4.8897853e-02   4.3706478e-02  -1.1710091e-02   2.5216712e-02   7.1293102e-01  -2.6272515e-01   3.0785632e-01  -1.7326609e-01   3.0845416e-02  -2.1819039e-01  -2.3927126e-01  -3.3252154e-02  -2.2232788e-02  -6.7491852e-02  -2.4245728e-01   5.8686102e-02  -5.1011118e-02   3.1537453e-01  -1.9874137e-01   2.3153646e-01  -7.7074743e-02  -5.0427434e-01  -4.7890352e-02   7.7803214e-02  -1.1558065e-01   2.7376124e-01   7.5105070e-01  -7.9389638e-02  -1.4523112e-01  -1.8898532e-03  -1.1112175e-02   2.2244427e-02   1.5290307e-02  -1.1556478e-01   5.7879769e-02  -1.5531097e-01   3.0423100e-02   3.5866899e-01   2.5985142e-01   1.6651373e-01  -1.0325576e-01   2.4447927e-01   4.5814885e-01  -2.1287188e-01  -4.4691615e-02  -6.8235015e-02   1.5471903e-01  -1.4644620e-01   4.9412005e-02
   2.5181233e-01   1.5666085e-01   0.0000000e+00  -1.0524933e-01  -1.3188104e-01   3.0333076e-01   3.0007483e-01   2.6332897e-01  -8.6429326e-02   1.1235325e-01  -1.0679742e-01   4.1882317e-01  -9.7602141e-02  -1.0272994e-01  -4.3730702e-02   3.6443735e-02   9.0581560e-01   2.2315408e-01   1.3377739e-01  -3.3325433e-02  -3.2168206e-02   2.1980159e-01   5.6421742e-02   1.2751550e-01   7.9748505e-02   3.3286815e-01   1.3189987e-01  -2.7748348e-01   2.7158212e-01   1.9701869e-01  -2.7336316e-01   2.0429662e-01   2.3633144e-01   1.5071145e-01  -6.3851684e-02  -1.7038746e-01  -1.2970532e-01   2.9835352e-01  -9.6263463e-02   7.9532834e-02   6.3940553e-02   1.6026704e-01   6.2495212e-02  -1.2787505e-01   2.5905640e-01   7.0815401e-01  -4.2782291e-01   2.5109527e-01   3.8806284e-02   5.3288131e-01   2.8400391e-01   1.9216874e-01  -1.0699271e-02   1.4414803e-01   9.6929845e-02  -2.6919063e-02   3.3425495e-01   5.6155344e-02  -2.0221209e-01   1.1626135e-01   7.6304731e-01   2.7394473e-01  -1.4855960e-01  -2.1776312e-02   1.1089061e-01   1.1682433e-01   5.0411929e-01  -1.8665577e-01  -7.0958473e-02   6.5963908e-01   1.4469627e-01   8.8767373e-02   2.3975821e-01   3.4747083e-01   1.3825866e-01   1.2948903e-01   6.2668135e-01   1.4801598e-01  -4.2961487e-02  -7.8616171e-02   8.3433856e-03   3.1117946e-02  -9.9216921e-02   2.0037250e-01   1.5918420e-01   6.9977510e-02  -1.1095222e-01  -1.9288106e-01  -1.6265775e-01  -6.1420458e-02  -2.6857652e-02   7.6914896e-01   2.3863835e-01   8.5456968e-02   3.8041659e-01   2.2099331e-01  -6.2325692e-02   3.7628800e-01   9.8859384e-02   2.7232594e-01  -4.8042331e-02   8.8135015e-02   1.0928024e-01   1.3266126e-01  -1.8006602e-02   4.3698623e-02   1.8627911e-01   3.3197296e-01  -3.1685982e-02   1.2890702e-01   1.0977418e-01   4.2448975e-01  -1.1334277e-01  -9.0049900e-02  -2.4348125e-01  -1.0356808e-01   4.0995869e-01   1.4268224e-01  -1.7207060e-01  -1.1288716e-03   4.7693308e-01   5.5318004e-02  -9.0359512e-02  -1.4884166e-01   5.0700342e-01   2.9547718e-01   3.0069733e-01  -2.0957658e-01   1.2955186e-01   5.1095027e-01   1.1094229e-01  -2.2127643e-01   2.6785630e-01  -7.4739698e-02  -1.8139929e-01   2.7326739e-01  -9.8158884e-02  -2.7616663e-01   2.2207438e-01  -4.8155752e-02  -4.4887581e-02   1.3194327e-01   1.4649305e-01   3.7631145e-03   1.4980732e-01  -1.3923358e-01   1.8804648e-01   5.5915653e-02   3.2119546e-01   9.7540210e-02   2.9386304e-01  -5.1134201e-03   3.8238479e-01   8.4757892e-02   2.2372661e-01   4.2980671e-02   4.8914600e-01  -1.2792738e-01   5.6235645e-01   2.3521215e-01  -2.6569492e-01   2.9139372e-01   1.3593423e-02  -2.7880456e-02   2.7370759e-01  -1.0858129e-01  -6.2862410e-02  -1.3685133e-01   4.3921219e-01  -5.3042208e-02   4.3602296e-03   2.3807177e-01  -8.9413332e-02  -3.8014087e-02   8.3096229e-02  -1.6329170e-01   2.6731793e-01
   2.2027453e-01  -2.2553291e-02  -1.0524933e-01   0.0000000e+00   1.0738089e-02   8.6738999e-02  -2.0929002e-01  -1.8150970e-02   2.1202150e-01  -1.8022828e-01  -5.1056474e-03  -2.7810924e-02   1.4519697e-01   4.1402209e-01  -6.7554648e-02   2.3026403e-01  -1.2896544e-01   2.4523312e-01  -5.7142142e-02   1.3359049e-01   1.3979183e-01   2.7396027e-01  -1.4450807e-01  -1.0775517e-01   3.4440290e-01  -2.8609802e-01  -3.9089851e-02  -2.1290426e-01  -2.7512752e-02   9.4075728e-02  -8.6537649e-02   5.6235728e-01   2.7670655e-01  -2.0244900e-01  -2.1018165e-02   6.6916914e-02  -1.0460939e-01  -3.3093336e-01   2.3679129e-01  -1.7126031e-01   2.7789508e-01   2.9204161e-01   9.9097469e-02  -2.1179655e-02   1.7856382e-01  -1.3505117e-01   1.4392785e-01  -8.4530975e-02   1.5614448e-01  -3.5680230e-01   1.6818736e-01  -2.9052743e-01  -1.6464497e-01   7.7847146e-02   3.5644139e-01  -3.2332758e-02  -1.0682586e-01   1.6356488e-01   6.8372870e-01   1.8914318e-01  -6.7476332e-02  -1.7721894e-02   2.6835148e-01  -9.3977788e-02  -6.2890784e-02  -2.0942519e-02  -2.9638530e-02   1.6109833e-02   1.0635767e-01  -2.9828708e-01  -3.6330917e-01   3.6300461e-01   1.0324316e-01   1.2864068e-01   1.1558284e-01   2.6880859e-01  -2.1333591e-01   2.1445138e-02  -1.0734603e-01   5.4378005e-01  -1.4141737e-01   3.4285219e-01  -7.8604172e-02  -2.3106189e-02  -1.4249751e-01   2.5744775e-02   9.3703779e-02  -1.8967460e-01   2.0072271e-01  -1.7729575e-01  -1.1370318e-01  -7.4854094e-02  -2.8788510e-01   5.2932687e-02  -2.0270394e-01   7.0110752e-02   2.3685740e-01  -1.6623091e-01   3.9120752e-01  -2.3897898e-01  -2.5358466e-01  -2.1718431e-01   3.2507136e-01   2.8832852e-01   2.9165385e-01   6.3470228e-01   4.5921578e-01  -1.0340513e-01  -1.5049654e-01  -2.4727426e-02  -2.1040224e-01   2.7247971e-01   6.2481756e-01  -1.8110517e-01  -2.4897322e-01  -1.6515037e-01  -1.2826490e-01   2.4266634e-01  -1.4823625e-01   6.5448244e-01  -5.7560058e-02  -1.0137093e-01  -9.3577419e-03   2.1199843e-02  -2.3955906e-01   1.3071176e-01  -7.7041762e-02   3.3203230e-01   3.8191898e-01  -3.1118465e-01  -2.3557975e-02  -9.8930248e-02   2.2399277e-01  -8.5062084e-02   1.8241006e-01  -6.3845355e-02   2.9537285e-01  -1.6402563e-01  -1.6783219e-01  -1.0394499e-01   1.8282668e-01  -2.7734786e-01  -6.1889527e-02  -2.7592687e-01  -9.3088602e-02   1.1333405e-01  -3.8299192e-01  -1.0746418e-01  -1.5644265e-01  -9.8188817e-02  -2.9208327e-01  -6.4632883e-03  -1.1686333e-03  -2.1694962e-01  -1.4453783e-01  -1.8553253e-01  -6.5039376e-02   4.4053389e-01   2.4313255e-01   1.8833658e-02  -8.6514799e-02  -5.3671167e-02  -6.7299015e-02   6.5742559e-01   9.1645758e-02  -3.0194304e-02  -2.8654193e-02  -3.6052812e-02   2.4276422e-01  -1.8116322e-01  -5.5213789e-02  -2.6957528e-01   3.6746966e-01  -8.7137978e-02   1.1914723e-01   3.2882481e-01   2.5573255e-01
   1.0157744e-01  -1.6184021e-02  -1.3188104e-01   1.0738089e-02   0.0000000e+00   1.7609748e-01  -2.3355180e-02  -6.9853209e-02  -1.3256332e-01  -3.4940482e-02   2.5403067e-04  -1.3950902e-02   5.1478862e-02   1.9770046e-01  -4.7982880e-01   1.9202940e-01  -8.6361307e-02  -1.1835184e-01   1.4879527e-01   8.1886015e-01   2.2212692e-01   1.8598434e-01   6.7425955e-02  -1.3325249e-01  -2.9947677e-01  -6.8236210e-02   4.4836564e-01  -2.1872986e-01  -1.2854759e-01   1.0648764e-01  -2.7739852e-01   1.1053449e-01   2.0486323e-01  -3.4465487e-01  -2.1860663e-01   6.0654285e-01   8.3465520e-02  -2.9242492e-01   1.8596892e-01   2.0626022e-01  -7.8131652e-02   7.3479487e-03  -1.2235486e-01  -9.5123704e-02  -1.4787822e-01  -1.7459814e-01   3.6723728e-01   2.1234024e-01  -2.6987669e-02   1.7785979e-01  -1.5082320e-01   5.4542338e-02  -5.5268506e-02  -6.0641059e-02  -4.5470403e-02  -1.3019976e-01  -7.0906637e-02  -2.1088551e-01  -3.2588509e-02  -1.9636140e-01  -2.3928293e-01   2.4237266e-01  -7.5227594e-02  -1.1820692e-01  -1.6064364e-01   3.7472096e-01   1.4252408e-01   2.2597249e-01   1.7519199e-01  -1.3406812e-01   6.7608791e-02   2.3193829e-01  -2.5962479e-02  -5.3980151e-02  -1.4180845e-01  -1.3438341e-01  -2.6137671e-01  -8.0080730e-03   5.6208782e-01   6.0869003e-02  -2.7326991e-01  -3.6441635e-02  -1.3697896e-01  -3.7839181e-04  -2.5463666e-01  -1.8733493e-01  -2.1272821e-01  -9.4039161e-02  -1.8668345e-01  -1.4322360e-01   6.2883809e-01  -1.2086017e-01  -2.8218256e-02  -3.4630908e-01  -2.1666628e-01   4.8709310e-01   6.8865225e-02   3.5798722e-02   1.1577892e-02  -3.6747880e-02  -4.2408264e-01  -3.1266000e-01   1.3072994e-01  -1.2216044e-01  -3.9694624e-02  -3.5979158e-02   2.0017952e-01  -8.5609736e-02  -3.8441271e-02   3.0019152e-01  -3.5748283e-01  -9.8577265e-02   1.1593023e-01  -4.4800715e-02  -3.9245942e-01   4.5220383e-01  -1.0529305e-01  -3.0193068e-03  -4.0320749e-01  -1.6218298e-02  -2.5045777e-01   5.7892061e-01  -1.2533289e-01   6.0955872e-02  -1.1680782e-01   1.5416061e-01  -1.2501463e-01   6.4969184e-02  -1.1924126e-01   9.0299054e-02  -1.8904406e-02   4.5959628e-01   4.5314561e-02  -1.9212519e-01   1.5248040e-01  -1.2237341e-01   1.3282723e-01  -3.2980609e-01  -9.2636171e-02  -1.4278898e-01  -2.0618663e-02  -1.4678666e-01  -3.0780283e-02  -1.1254866e-02  -4.0604263e-01  -2.2263334e-01  -2.5177120e-01   4.3402836e-01   2.4006026e-01  -6.6722056e-02  -3.1273585e-01  -1.3603463e-01  -1.0193153e-01   2.5015142e-01   3.6509916e-02  -1.4119034e-01  -1.6375329e-01   1.7716225e-02   5.1566369e-02  -5.3163658e-02   3.0768310e-01  -6.1570383e-02   2.9512580e-01   1.4202967e-01   2.6873687e-01   4.4456111e-01   1.2004691e-01  -7.5801617e-02  -7.5606660e-02   1.2533828e-01   4.4096061e-01  -2.9424466e-01   2.0089904e-01  -2.5157279e-02  -1.1703601e-01  -6.0332497e-03   2.0307595e-02
   5.1603913e-02  -1.8358451e-01   3.0333076e-01   8.6738999e-02   1.7609748e-01   0.0000000e+00   1.3222568e-01   1.6375488e-01  -2.8085351e-01   2.2167454e-01   3.0280484e-01   6.0930466e-03  -1.8440818e-01  -1.3497484e-01  -2.8804656e-01   4.4672547e-02   3.0204410e-01   1.4869095e-01   5.4803159e-01   2.2689268e-01   7.4092178e-02   2.7493867e-01   1.1672998e-01  -2.9880677e-01  -7.3885450e-02   3.8349620e-01   5.3408902e-01  -1.7180168e-01  -1.1978105e-01   8.1843436e-02  -3.0573248e-01   1.6531991e-01   3.4457627e-02   5.5006235e-02  -2.7980161e-01   2.6374932e-01  -1.4334285e-01  -1.9380430e-01   4.9048846e-02   2.3049025e-01  -2.0874948e-01   1.5945762e-02  -2.7744418e-01  -4.7585836e-02  -8.2573921e-02   3.9737052e-01   3.5956501e-01   1.2616628e-01  -1.6074294e-01   2.8057034e-01   1.9841752e-01   3.0626353e-01  -1.2085102e-01  -2.1386883e-01  -3.4396557e-01   9.8184222e-02   6.4366544e-01   2.1456591e-02  -1.5304775e-01  -1.0804130e-01   3.4439626e-01   8.8273901e-02  -3.8446758e-01  -5.9097378e-02  -3.5001360e-01   3.5675386e-01   6.7300561e-01  -6.7088824e-02   6.3238930e-01   4.0746767e-01  -1.9567941e-01   2.2009694e-01  -7.7096809e-02   1.4422002e-01  -2.0565704e-01   9.9084466e-02   2.6866899e-01   4.4888611e-01  -1.4068018e-01  -2.5212218e-02  -1.4172700e-01  -1.9201632e-01  -1.1323380e-01   2.0714299e-01  -1.7761334e-01   2.0311648e-02  -3.9181504e-01  -3.1056154e-01  -3.4911441e-01  -2.6088210e-01  -1.3019908e-01   4.3962054e-01  -4.1640388e-02  -2.8327681e-01  -5.1524241e-02   3.9462833e-01  -1.1571924e-01   5.4538471e-01   2.3446492e-02   9.9627425e-02  -3.8320567e-01  -1.0817589e-01   1.0493077e-01  -5.6351277e-02   1.5343144e-02   1.6668794e-01  -5.4759901e-02   5.6432253e-01   1.5649881e-02   8.7398308e-02   6.4807114e-02   3.8892253e-01   1.1225228e-01  -1.6572708e-01  -3.5010756e-01  -1.2070687e-01   4.5173599e-01  -1.7482230e-01  -2.8021311e-01   1.0342150e-01   1.5528781e-01  -3.8327553e-02  -2.7179688e-01  -4.3390335e-01   2.2310253e-01   1.2360106e-01  -2.1642571e-01  -4.2199273e-01   8.6523547e-02   3.1901733e-01  -8.4534500e-02   2.3267750e-01   1.6221770e-01  -1.8381042e-01  -1.7196912e-01   1.9563323e-01  -2.6260977e-01  -4.1466610e-01   2.0376480e-01  -3.1091090e-01  -1.6794898e-01   4.8643795e-02   5.5977126e-01   3.6777837e-01  -2.0888226e-01  -3.9728849e-01  -2.0174335e-01   2.3888779e-01   3.4776103e-01   6.2797728e-02  -4.4544889e-02  -1.5075108e-01   1.2916577e-01   3.0122492e-01   2.2242500e-02  -2.9681920e-01   2.0071583e-01  -2.0879328e-01   3.7492264e-01   1.8185375e-01  -9.0522212e-02   5.8542375e-01   1.3622786e-01   1.9859731e-01   3.2891948e-01   3.5151545e-02   1.6791456e-01   1.5375803e-01   1.2402979e-01   1.4163471e-02  -2.2063836e-01  -1.7748672e-01   1.1317003e-01   3.3229957e-01  -1.7268232e-01   1.0166913e-02   4.2342272e-01
  -6.9522514e-02   1.0452926e-02   3.0007483e-01  -2.0929002e-01  -2.3355180e-02   1.3222568e-01   0.0000000e+00   2.0016081e-02  -1.3173813e-01   4.9187098e-01  -2.0842983e-01   3.8268657e-01  -1.0782937e-01  -2.4131949e-03   1.5442248e-01  -2.1280372e-01   1.4371598e-01   3.3883693e-01  -1.3797833e-01   1.5090200e-01   6.8399928e-02  -7.9340818e-02   3.4060056e-01  -1.8779425e-01  -6.9226980e-02   3.2645932e-02   1.5957560e-01  -5.3784129e-02   1.1767133e-01   1.7585308e-01   1.1483475e-01  -1.4660075e-01  -1.0103193e-01   4.0496658e-01   2.2011103e-01   1.7743559e-01   2.0138553e-01   1.5669969e-01  -3.4680222e-02   8.5894592e-02  -8.6501456e-02  -1.7572197e-01   1.4139096e-01  -8.0025199e-02   3.1234989e-01   2.0078436e-01  -8.9422400e-02   6.0082925e-01   5.9011082e-02   3.7052870e-02   3.1482770e-01   1.6571003e-01   1.8114543e-01  -4.2915098e-02  -2.6801597e-02  -4.6648997e-02   1.1905564e-01  -1.8760025e-01  -3.4362255e-01   8.1864686e-02   1.6533208e-01   4.5417906e-01  -1.7974860e-01  -7.6127460e-02   1.1637844e-01   3.3556296e-01   1.9246444e-01  -4.7362812e-02  -1.7314323e-01   3.5970710e-01   1.3374314e-01   1.2108734e-01   1.3273214e-01  -9.5294910e-02  -2.1284614e-01   7.2547179e-03   1.9449203e-01  -2.2318396e-01   1.4125733e-01  -1.9372201e-01   2.7252987e-01  -1.0204506e-01   1.3797488e-01  -4.3180392e-02   3.7398806e-02   1.3424968e-02  -3.0752271e-02  -6.7521751e-02  -2.1848675e-01  -1.8351963e-01   4.9459580e-02   1.1875268e-01   2.7354312e-01   1.1058632e-02   2.2167178e-01   2.1829307e-01  -2.2851231e-01  -1.3105220e-02  -1.8451675e-02   5.9332522e-01   1.2654789e-01   8.1565667e-02  -5.3275647e-02  -7.7851994e-02  -8.8184585e-02  -2.1566397e-01  -9.2678282e-02  -9.4679275e-02   3.3850758e-01   2.0079330e-01   4.2083327e-01   1.5546929e-01  -1.6269319e-01  -2.6219262e-01   1.1033758e-01   3.3342090e-02   1.5162639e-01   4.1332596e-03   1.1594350e-01  -1.6010189e-01  -1.0437930e-01   1.5921750e-01  -8.0496487e-03  -1.9630214e-01   1.8389141e-01  -1.7464789e-02   3.6627829e-01  -2.0835874e-01  -1.7089658e-02   3.5273786e-01   4.3409638e-02   1.6441454e-01  -6.6329246e-02   2.5688810e-01  -1.5485934e-01  -2.7863326e-02  -2.2326239e-01   2.3754587e-02  -5.5052453e-02  -1.9382470e-01  -1.8903030e-01   1.3772769e-01  -5.4938480e-02   1.0957759e-01   2.1252020e-01  -5.4955018e-02   4.6653878e-01   4.8622356e-02   5.2859649e-01   3.5483745e-01   1.6615559e-01   1.8363899e-01  -1.4629998e-01   2.1865110e-02   4.2562777e-02  -1.0284647e-01   8.2445740e-02  -2.2699926e-01  -2.0110072e-01   2.2129468e-01  -1.2920882e-01   1.1754592e-01   3.2581886e-01  -1.4493765e-01  -1.1351774e-01   1.7309792e-01  -5.4590030e-02  -1.4466788e-01  -1.1762064e-01   1.2162938e-02   1.3648380e-01   1.5933681e-01   1.2293240e-01  -3.7216389e-02  -2.1577402e-01  -3.2753863e-01  -1.8596052e-01
   6.6716289e-02  -3.1625436e-02   2.6332897e-01  -1.8150970e-02  -6.9853209e-02   1.6375488e-01   2.0016081e-02   0.0000000e+00   9.6531436e-02   1.7704174e-01   3.1333788e-01  -2.2169290e-01  -2.1705465e-01  -1.3084264e-01   2.6835244e-01  -3.2210408e-01   2.7040004e-01   1.7003397e-01   2.1057126e-01  -1.1594331e-01   1.3616986e-01   2.8039640e-01   1.7432270e-01   1.8475480e-01   1.1279483e-01   6.4249199e-01   2.7477207e-02   2.7252866e-01   1.7574323e-01   1.5080017e-01   2.4922076e-01   1.5552710e-01   1.2791437e-01   3.4948881e-01   4.2486924e-02  -2.8357535e-02   3.9038031e-02   1.7988253e-01  -3.5384445e-01  -4.9279461e-02   1.3592602e-02   1.0383643e-01   6.8348066e-02   6.5007941e-01   1.5952114e-01   3.0439635e-01  -3.7088932e-02   4.9243388e-02   2.2984838e-01  -5.5357365e-02   1.5828019e-01   5.9747026e-01   1.4917957e-01  -6.7459791e-02  -1.7100203e-01   5.0566821e-01   3.9741263e-01  -2.7236068e-02  -1.2094157e-02   4.5814717e-02   4.3766798e-01   1.8749691e-01  -1.1991946e-01   5.0715172e-01   9.0508616e-02   1.3494389e-01   3.1152241e-01  -3.1459998e-02   3.4338218e-01   1.4120636e-01  -1.7414586e-01  -2.4428530e-02   1.7708003e-01   1.2370853e-01   2.7662090e-03   3.3357212e-01   2.2408949e-01   4.7431179e-01  -1.0989666e-01  -3.3801390e-01   3.6403008e-01  -7.0322043e-02   3.3200381e-01   8.4664998e-01   1.9411901e-01   3.0487876e-01  -1.1321920e-01   1.5389570e-02   8.5615466e-02   6.2563868e-02  -2.0115289e-02   2.4074607e-01   4.8742301e-02   2.6501127e-01   1.9782576e-01   1.1853033e-01  -7.6205692e-02   3.7880940e-01  -8.9045996e-02  -4.6833231e-02   8.4990106e-02   5.1490804e-01   3.7704011e-01   1.5274983e-01   1.2989662e-01   1.6342382e-01  -1.4505678e-01   5.8942720e-01   1.3809586e-01   1.7730073e-01   3.0147598e-01   2.3818519e-02  -1.4489755e-01   3.9384907e-03   3.7757974e-02   5.1087029e-02   5.6946332e-01   1.0915976e-01   2.3736429e-01  -6.0133422e-02   1.7131082e-01  -9.4900274e-02  -1.5622913e-01  -5.7465843e-02   2.6079274e-01   1.9366076e-01   2.1144237e-01  -2.9573003e-01   2.6382122e-01  -9.0543259e-04  -2.1980000e-01   1.8166031e-01   1.2556799e-01   2.5373731e-01  -1.9641040e-01   5.6736351e-01  -3.4831647e-01   1.4784879e-01   4.2213975e-01  -1.8148767e-02  -9.7467425e-02  -1.7554829e-01   2.1003804e-01  -1.9748572e-01   3.3313026e-01   2.8010926e-01  -7.8033000e-02   1.6464285e-01   1.7714917e-01  -6.4233667e-03   3.7552933e-01   5.2320194e-01   6.3747521e-02   1.2272612e-01  -6.8535333e-02   6.6417243e-02   1.6767121e-01   3.1777070e-02   2.4525063e-01   5.2495640e-01  -1.5009673e-01   4.9277517e-01   4.0865821e-02  -8.5150627e-02   2.7294708e-01   7.5527603e-02   1.9445631e-01   5.4944450e-01   4.7585061e-02   2.3621837e-01  -2.8778848e-02   1.7753218e-02  -2.1319992e-01   1.9199819e-01   1.9729989e-01  -3.7739037e-01   3.5712811e-01
   1.9135652e-01   6.5811224e-01  -8.6429326e-02   2.1202150e-01  -1.3256332e-01  -2.8085351e-01  -1.3173813e-01   9.6531436e-02   0.0000000e+00  -1.6155134e-01  -2.5865878e-02   8.2726740e-02   1.5414293e-01   5.7004301e-01   6.7002882e-02  -5.0420200e-03  -1.6221976e-01   4.8127995e-02  -1.5724473e-01  -1.2633203e-02  -1.1872209e-01   2.4947528e-01  -2.0955387e-01   1.4597756e-01   1.4301794e-02  -2.2164678e-01  -2.4526141e-01   7.2536457e-02  -2.6744773e-02   5.5260653e-01   1.6557612e-01   7.3629868e-02   2.3906277e-01  -2.6467368e-01   4.8647041e-01  -2.1716118e-01  -3.0494571e-01  -3.3966647e-01   1.4110612e-01  -3.9274522e-01   2.4461930e-01   2.0089120e-02   5.7659254e-01   1.7525688e-01   9.5612512e-02  -1.9413795e-01  -8.7546673e-02  -1.6769273e-01  -2.7658236e-01  -3.3377829e-01  -1.1554533e-02  -1.7593249e-01  -1.6150706e-01  -5.0362669e-02   2.0354388e-01   1.0850587e-01  -1.1081335e-01   9.7260160e-02   2.3938941e-01   5.6402477e-01  -2.5532330e-01  -1.0371626e-01   7.2651680e-01   3.1778919e-01   1.9874675e-01  -1.6234411e-01  -3.0047601e-01   7.4737630e-02  -7.3018888e-02  -8.7846384e-02  -4.6457275e-03   6.0687700e-02   1.1542278e-01   4.1475310e-02   5.4276135e-02  -1.1054789e-01  -4.0290889e-01  -1.0049361e-01   2.8122510e-01   1.2230935e-01   2.4636577e-01   2.5064262e-01  -3.9883957e-02   1.9128189e-01   2.7483652e-02  -2.1914647e-01   8.1563568e-01  -1.2773702e-01   6.9052505e-01  -1.4016945e-01   2.8544223e-01  -2.2397516e-01  -2.0581681e-01   5.3034110e-01  -4.1181664e-01  -1.6726232e-01   9.8825225e-02  -3.3427387e-01   2.4745824e-01  -4.2459498e-01   1.2495645e-01  -7.5592665e-03   3.2079403e-01   8.2166524e-01  -3.1782063e-02   1.3429451e-01   2.6881482e-02  -2.4884497e-01  -5.1620466e-01  -1.3682429e-01  -1.4346050e-01   2.6330983e-02   1.1405024e-01  -9.8169409e-02   8.5940776e-02   5.8151724e-02  -1.8896960e-01   2.5644495e-01   1.3195456e-01   2.0540439e-01  -2.2644396e-01   2.6680133e-01   5.3759348e-01   4.4421867e-01  -3.1055818e-01   2.5383983e-01   6.5193941e-02   1.0948005e-01   2.6712180e-01  -9.7106440e-02  -5.0828425e-02  -7.1364470e-02   4.9255928e-01  -8.9368141e-02   4.1738465e-01  -2.0197339e-01   9.0045487e-02   8.9914369e-02  -3.4892019e-01   1.7231968e-02   1.2645562e-01  -3.5041313e-02  -3.9970302e-01  -1.0243470e-01   7.3915140e-03   4.5141302e-01  -1.6963618e-01   4.7027406e-02  -3.4922442e-01  -4.3951334e-01   2.0012969e-02   2.9765552e-01  -2.3320800e-01   1.5158605e-02   3.6846382e-01  -1.0291894e-01  -3.7391153e-01   1.2294287e-01   4.4405115e-02   1.0937669e-01   1.4406361e-02  -3.0562140e-01   1.4867118e-02   9.8491751e-02  -8.8476624e-02   1.1244037e-01   1.2179642e-01   2.6904910e-01  -2.8217977e-01  -2.7369115e-02   2.3236853e-01  -3.9460173e-01   1.9833307e-01   2.5779692e-02   1.4916130e-01   2.3131902e-02   1.2781004e-01
  -1.9183577e-01  -2.0082379e-01   1.1235325e-01  -1.8022828e-01  -3.4940482e-02   2.2167454e-01   4.9187098e-01   1.7704174e-01  -1.6155134e-01   0.0000000e+00  -4.6276214e-02  -1.1807200e-01   1.6081467e-01  -1.4036343e-01   2.4428404e-01  -1.4843914e-02   3.3288630e-02   2.5040856e-01  -1.4522766e-01   1.8401784e-01   2.3702699e-01  -1.1086574e-01   5.9583671e-01  -1.2250738e-01   7.2487943e-02   3.2315383e-01   2.1237986e-01   2.5379566e-01   3.0556865e-01   9.3649888e-02   4.1775301e-02  -9.9815563e-02  -7.6771188e-02   4.8538249e-01  -4.4623608e-02   4.4218350e-01   4.0790486e-01   2.1726208e-01  -1.1065395e-01   2.2934450e-01  -7.9520996e-02  -1.0394839e-02  -9.8043521e-02   1.3956206e-01  -2.8277478e-02   1.0804449e-01   7.6668282e-02   2.3843991e-01   2.2421537e-01  -1.6366430e-01   1.8102781e-01   3.1256556e-01  -9.2886258e-03  -1.8450965e-01  -2.9708513e-01   1.5600373e-01   8.9434868e-02  -1.1636654e-01  -1.8801781e-01  -6.3108310e-02   1.3361955e-01   3.5643176e-01  -4.2347514e-01  -3.4278829e-02  -6.9732942e-02   7.1223894e-01   2.2257163e-02  -9.2032252e-02  -5.1066010e-02   2.6037571e-01  -2.4677297e-01  -8.7202216e-03   2.0077632e-03  -8.2094865e-02  -1.6429369e-01   2.5724645e-02   1.9372838e-01  -2.3293913e-02  -2.4365955e-02  -2.6437348e-01   2.6682340e-01  -2.8813193e-02   5.1284362e-02   9.1305478e-02   9.1818920e-02   8.7222934e-02  -2.5529368e-01   1.9421208e-01  -1.8996951e-01  -1.0814034e-02  -1.1359926e-01   7.4837964e-02  -8.0243766e-03  -6.0988095e-02   1.6134747e-01   3.4620902e-01  -9.1102230e-02   2.3126604e-02  -4.8295121e-02   3.9776570e-01   3.8886987e-02   2.6258402e-01  -1.4732385e-01  -1.4683268e-01  -6.4521467e-02  -1.4574714e-02  -2.0981544e-01   9.3210556e-02   4.5163953e-01  -1.7736870e-02   3.8635585e-01   4.4092199e-02  -1.3118681e-01  -1.7156638e-02   2.0968506e-01  -1.4439741e-01   2.4693329e-01   7.7755423e-02   2.3370384e-01  -1.7080812e-01   1.6168148e-02   7.0923929e-02  -2.8154055e-01  -1.9277015e-01   8.7541952e-02  -9.1530257e-02   2.2217206e-01  -3.0053691e-01  -1.1328814e-01   2.0022652e-01   1.5339614e-02   1.1777452e-01  -1.9776360e-01   2.0485840e-01  -2.5584607e-01   6.8127179e-02  -2.7729782e-01   1.5867034e-01   1.6205618e-01  -1.5823855e-01  -2.0572859e-01   3.0732931e-01  -3.1516355e-02   8.2809425e-02   2.2599579e-01  -6.8296441e-02   1.9629787e-01   7.0935877e-02   5.5394646e-01   4.7060261e-01   3.1443269e-01   9.4391084e-02  -6.7110622e-02   1.0523032e-02  -1.7791601e-01  -3.5684159e-02   8.0893054e-02  -1.9206911e-01  -1.4674757e-01   2.2760506e-01  -2.9918217e-01   2.5597813e-01   5.7764939e-01  -1.9814755e-01  -7.2807088e-02  -3.7567104e-02  -1.0144463e-01   4.3901878e-02  -1.6829193e-01  -1.3812209e-01   2.2888432e-02   1.1352721e-01  -1.7078927e-01   2.4527866e-01  -7.1547521e-02  -1.6247827e-01  -1.1785433e-02
  -2.3868248e-01  -3.9608357e-02  -1.0679742e-01  -5.1056474e-03   2.5403067e-04   3.0280484e-01  -2.0842983e-01   3.1333788e-01  -2.5865878e-02  -4.6276214e-02   0.0000000e+00  -2.3823709e-01  -6.8994838e-02  -3.2262788e-01   2.2174293e-01  -9.6544128e-02  -7.5508772e-03   6.3214995e-03   5.0960433e-01  -1.0272555e-01   5.2666261e-02   1.0555771e-01  -1.2594342e-01  -2.7169907e-01   7.7391603e-02   2.3387089e-01   8.8066165e-02   1.0646684e-01  -2.2624805e-01   7.2816565e-02   2.2922357e-01  -1.3365172e-02   2.7216209e-02   1.3724011e-01   9.8582210e-02   4.4114267e-02  -8.0514856e-02  -2.4530291e-01  -1.3764072e-01   9.5935933e-02  -4.0815804e-02  -3.0587969e-02  -3.3274160e-02   3.7880144e-01  -3.1663446e-02  -4.8009754e-02   4.7320044e-01  -1.2193319e-01  -3.6359669e-02  -4.7749993e-03   5.8590594e-02   1.8027490e-01   3.1381531e-01   8.5955629e-02  -4.6903262e-01   2.3589972e-01   4.2744261e-01   1.4879639e-01   1.7993494e-01  -5.6650212e-02  -6.2100787e-02  -5.6865985e-02  -1.5625679e-01   6.1943827e-01  -2.6180188e-02  -6.9082144e-02   2.9852773e-01  -1.0427198e-01   6.3883743e-01  -1.3870533e-01   6.6765308e-02  -9.5031151e-02  -6.6745238e-02  -2.2215956e-01   8.8291052e-02   6.9902484e-02  -1.0079229e-01   4.2056291e-01  -8.1563075e-02   9.9962748e-02  -8.2176949e-03   7.4692998e-03   4.1752451e-01   3.1300676e-01  -1.1036672e-01   1.4899129e-01  -2.5341064e-02   2.7384575e-02  -1.6019592e-01  -2.0503610e-01  -1.5272185e-01  -4.8274206e-02   1.0011971e-01   6.7688030e-02  -2.7284800e-01  -1.0971435e-02   1.0942402e-01   4.2005466e-01  -7.4720228e-02  -1.1994586e-01   1.7203642e-02   3.0259900e-01   1.6525039e-01  -3.1163338e-02   2.8966858e-01   2.2959809e-02  -2.1594117e-01   4.8248307e-01  -2.3412763e-02   1.8111548e-01   1.9872147e-01   5.6837926e-02  -9.3183369e-02  -2.4619967e-01  -2.6937842e-02   2.2292397e-01   3.3308749e-01  -4.9506502e-02   4.3805384e-02   1.0557943e-01  -1.9611454e-01  -1.2510361e-01  -1.1233376e-01  -1.6681180e-01  -1.4869709e-01  -9.9741248e-02  -4.6315189e-02  -1.0616521e-01   9.6266897e-02  -1.8127632e-01   5.6522449e-02   5.4311101e-01   2.9222897e-03   2.0494277e-01  -1.3558348e-02   3.2190257e-01  -1.8800302e-02   9.4121542e-02   2.1159021e-01  -2.9371058e-01  -3.9141267e-01  -1.0650654e-01   4.7826886e-01   5.4477584e-04   1.6977873e-01   2.6247574e-01  -1.3808052e-01   2.0832920e-01   7.2757737e-02  -5.1628312e-02  -9.5454739e-02   1.2254322e-01  -1.5801013e-01   5.1587995e-01  -4.9431162e-02  -2.5486751e-01  -2.1908710e-01   1.2417137e-01  -6.5923922e-02  -2.6397475e-03  -1.4524323e-01   4.4547959e-01  -1.1788470e-01  -9.2668603e-04   5.1225241e-02   2.4983902e-01   5.6172819e-01   3.9283760e-01  -1.8955574e-01   3.4975367e-01  -1.8516264e-01  -2.8238655e-01  -1.4996165e-01   1.6759745e-01   1.3825080e-01   1.2309632e-01   1.9120116e-01
   4.0766136e-01   5.9703531e-01   4.1882317e-01  -2.7810924e-02  -1.3950902e-02   6.0930466e-03   3.8268657e-01  -2.2169290e-01   8.2726740e-02  -1.1807200e-01  -2.3823709e-01   0.0000000e+00  -1.9179848e-01   2.2092231e-01  -8.4382393e-02   4.0029981e-02   3.5320758e-01   1.2971140e-02   6.2670947e-03   7.1642076e-02  -3.9576174e-01   1.0635555e-01  -3.8744628e-01   1.8279622e-01  -1.9465394e-02  -1.0090044e-01  -1.5027024e-01  -4.3747153e-01   1.5417108e-01   3.7735091e-01  -2.9442988e-01   1.3797205e-01   3.4681226e-02  -3.2347615e-01   4.2905998e-01  -2.6233706e-01  -1.7986516e-01   5.3422176e-03   2.0735603e-01  -2.2379921e-01   4.5628626e-02  -1.6908329e-01   3.9802607e-01  -4.2436686e-01   3.2884720e-01   3.1668879e-01  -3.0297296e-01   1.5434920e-01  -1.3159330e-01   2.8930932e-01   1.0958151e-02   2.3403161e-02  -2.4426993e-02   1.2032710e-01   2.1220006e-01  -3.2175670e-01  -5.7746901e-02   2.4294551e-02  -1.2824347e-01   4.8333123e-01   1.6453471e-01   5.5445115e-02   2.1094483e-01  -1.3331999e-01   1.4935188e-01   1.2689620e-02   2.4894976e-01  -1.0766814e-01  -2.1350673e-01   1.6822315e-01   4.3863543e-01   6.4202562e-02   1.9121032e-01   3.2407039e-01   8.3851711e-02   6.2621049e-02   1.1562445e-01  -2.3022812e-01   2.3684430e-01   2.7805038e-02  -2.8793422e-01   3.6814225e-02  -2.5504836e-01  -1.8846762e-01  -1.9285481e-01   1.1308908e-01   2.2848697e-01  -2.6030060e-01   9.0755243e-02  -9.9516832e-02   2.0705670e-01   1.5113125e-01   3.6249023e-01   1.8367205e-01   8.9304219e-02   1.7139837e-01   8.3346625e-02   1.3729609e-02   2.9087131e-02   1.0754588e-01  -1.7499810e-01  -1.7120143e-01   1.9203491e-02   2.3735365e-01  -6.2670989e-02  -8.3194097e-02   1.3345950e-01  -1.0326330e-01  -2.5628456e-01   1.4213898e-01  -2.5242575e-01   4.9831644e-01  -5.4892528e-02  -2.6340647e-01  -3.7273847e-01   1.0214877e-01   3.2565953e-02   1.5983603e-01  -3.5157453e-01   1.6194261e-01   1.8308977e-01   4.1881673e-01   2.7290010e-01  -2.4225396e-02   2.2822630e-01   4.4233630e-01   2.3779768e-01   2.5775574e-02   4.5631979e-02   2.4582462e-01   1.7967843e-01  -1.8394013e-01   4.5440860e-01  -2.7922778e-01   8.3110359e-02  -1.1032015e-01   5.7577878e-02  -4.4098034e-01   2.9659909e-02   2.0121941e-02  -3.8814326e-02  -8.0765560e-02  -4.1684135e-02   4.0603049e-02  -2.5157715e-02  -1.3807265e-02   8.6645687e-02  -1.9071754e-02   1.8495192e-01  -1.8702085e-01  -8.3842960e-02  -2.6595655e-01   1.1412137e-01   8.2631091e-02   6.0043300e-01   9.4478521e-02   1.7238805e-01  -5.1866493e-02   1.8959192e-02  -6.9136489e-02   9.8707143e-02  -6.2955114e-02  -2.0199486e-02  -1.2339887e-01   2.1873270e-01   2.0641137e-01   8.2188653e-02  -2.3118909e-01   1.5297512e-01   7.7454313e-02   3.0047708e-01   1.3413029e-02   6.9676362e-02  -2.5784678e-01   1.2361651e-01  -2.1392977e-01  -8.7809896e-02
  -1.7253278e-01  -6.3132160e-02  -9.7602141e-02   1.4519697e-01   5.1478862e-02  -1.8440818e-01  -1.0782937e-01  -2.1705465e-01   1.5414293e-01   1.6081467e-01  -6.8994838e-02  -1.9179848e-01   0.0000000e+00   1.3703199e-01   2.7130319e-02   3.1255082e-01  -8.5710521e-02   2.9167904e-01  -1.7050216e-01   1.5856015e-01   2.6582656e-01   1.0855662e-01   1.6603811e-01  -9.5711927e-02  -1.5033964e-02  -2.6511424e-01   9.1877933e-02  -4.6205616e-02  -1.4358913e-02  -7.2632095e-03   1.3026289e-01   8.8600003e-02   1.0739973e-01   9.5429592e-02   7.1380083e-02   3.1063569e-01   1.7164794e-03  -1.4999626e-02   3.8266652e-01   1.6802570e-01   6.8814751e-01   1.9966062e-01  -4.5022655e-02  -1.8637686e-01   7.7854193e-02  -1.8377897e-01   6.7079783e-02   5.3481450e-02  -1.9848536e-02  -5.0445838e-02   2.2283208e-01  -2.6451386e-01   7.0724423e-02   1.7830368e-01   5.8209489e-02  -1.8987348e-01  -1.7896955e-01   5.0572420e-02   3.9195776e-01  -2.5647812e-02  -5.6869741e-02   3.4364385e-01   1.7277618e-02   5.2924121e-02   1.9191399e-01   3.7975335e-02  -1.6961070e-01   9.7219651e-03  -2.3052980e-01  -1.7566154e-01   3.9635419e-02   6.3776950e-02   3.9910397e-01  -2.8492961e-01   2.6651264e-01  -1.8541688e-01  -7.1921440e-02  -1.3662743e-01   5.3423333e-02   4.2635679e-01  -1.0524543e-01   5.0914671e-01  -1.1124979e-01  -3.0657397e-01  -2.0294050e-01  -7.9856709e-02   2.0413722e-01   1.4434941e-01  -1.0558693e-02  -1.2585225e-01  -5.2851079e-02  -4.7706132e-02  -1.3211770e-01   2.2274703e-02  -1.1089631e-01   7.3320586e-02   4.2521590e-01  -1.3428219e-01   3.5582377e-01   1.4123671e-01   3.9588401e-02   6.9846039e-04  -1.0639283e-01   1.4948818e-01  -4.7380735e-02   2.7513497e-02   4.5278373e-02  -1.0640973e-01   7.1619010e-02  -9.7605467e-03  -9.8388535e-02  -8.6724792e-02  -6.9775681e-02  -6.5802736e-02   9.2359050e-02  -1.0616122e-02  -3.1472210e-01   6.7805183e-01  -2.2346254e-02   1.2651646e-01  -8.0720970e-02  -5.9853189e-02   5.3391435e-02   2.0527169e-01  -2.4727515e-01  -2.0475863e-01   1.0518007e-01   2.1607762e-01   6.3510139e-02  -9.1909002e-02   5.1877114e-01   3.5234789e-02  -5.4068778e-02   2.3403877e-01   9.1006896e-02  -1.4096116e-01   4.4122965e-01   1.7938631e-01  -1.1788253e-02   3.8371300e-02  -5.2213328e-02   2.3863217e-01  -2.1354215e-01  -3.7589444e-01   1.0556688e-01   1.1337815e-01   1.0603316e-01   6.5140077e-02  -3.9648700e-03   2.9206180e-01  -1.2849826e-01  -1.9032726e-01   8.9182116e-02  -5.7417411e-02  -2.0910488e-01   1.5869753e-02  -6.7437190e-02   4.9146387e-01   2.7757712e-04  -1.7599366e-01  -1.0904077e-01  -2.9086014e-01   5.1622782e-02   1.1145072e-01   3.8589373e-02  -9.4891929e-02   2.7073138e-02  -3.0846899e-01  -6.8403774e-02  -9.9650570e-02   1.0399324e-02  -8.6586017e-02   1.0569364e-01  -3.1025707e-01  -4.5316863e-02   3.9262869e-02   3.4548386e-02
   4.0916284e-01   4.6776334e-01  -1.0272994e-01   4.1402209e-01   1.9770046e-01  -1.3497484e-01  -2.4131949e-03  -1.3084264e-01   5.7004301e-01  -1.4036343e-01  -3.2262788e-01   2.2092231e-01   1.3703199e-01   0.0000000e+00  -2.2611892e-01   1.7171146e-01  -1.5789077e-01   1.5862207e-01  -2.1038657e-01   1.9797679e-01   2.1154026e-01   2.9203406e-01  -1.1183382e-01   8.6793192e-02   7.5029974e-02  -3.0422664e-01  -1.6534957e-01  -2.2262832e-01   5.7788784e-03   4.5193375e-01  -8.1510812e-02   2.4362173e-01   2.1897915e-01  -4.6965473e-01   2.9062366e-01   3.0404180e-02  -1.6177035e-01  -3.4004392e-01   4.0356691e-01  -4.5843019e-01   3.8270988e-01   1.4117336e-01   3.5121309e-01  -4.8744518e-02   1.1975644e-01  -1.1095791e-01  -6.6014262e-03   7.9751322e-02  -7.5736398e-02  -3.2848231e-01  -1.7901164e-02  -1.4286408e-01  -2.3264727e-01   3.2555069e-02   5.8516979e-01   1.3535962e-02  -2.4558268e-01  -9.3556638e-02   3.3926177e-01   4.1256568e-01  -1.8189896e-01  -1.9119369e-02   5.6843443e-01  -1.0946485e-01   1.0379214e-01   1.1215026e-01  -1.3173874e-01   7.5498437e-02  -1.6844785e-01  -1.9844579e-01  -4.9401454e-02   2.8099794e-01   3.4208179e-01   2.1884277e-01   7.4925657e-02   1.3578635e-02  -3.2790004e-01  -1.4685000e-01   3.9615046e-01   2.9239050e-01   4.4438919e-02   3.8629949e-01  -1.5719461e-01   7.3878418e-02  -1.0300377e-02  -1.1701828e-01   5.3953506e-01  -1.8862421e-01   5.8851069e-01  -1.9642238e-01   4.4373478e-01  -1.9817660e-01  -2.2157370e-01   1.5205367e-01  -2.0026615e-01   1.4937044e-02   2.1813252e-01  -3.9995822e-01   3.4558911e-01  -3.6128486e-01  -9.2556467e-02  -3.9250010e-01   2.8825959e-01   5.8266813e-01  -1.2363511e-01   2.8316095e-01   3.8917056e-01  -3.7093456e-01  -4.6281233e-01   2.4225761e-02  -4.3200768e-01   7.3563120e-02   2.8650523e-01  -1.4449867e-01  -2.2967056e-01   1.0559634e-01  -2.0676388e-01   3.5615561e-01  -1.0088544e-01   2.9451231e-01  -9.6992435e-02   3.9514012e-01   2.4024390e-01   4.4518948e-01  -1.1366365e-01   4.1982670e-01   5.6237634e-02   3.7668907e-01   2.2077944e-01  -1.6118243e-01   5.2448929e-02  -4.5264728e-02   5.9406817e-01  -1.6987166e-01   3.0614321e-01  -2.5555379e-01   3.4205199e-01  -2.0409764e-01  -3.7435987e-01  -6.7596551e-02   2.4459733e-01  -2.0607869e-01  -3.5659537e-01  -1.9337324e-01  -2.1309703e-01   2.8578289e-01  -2.9133372e-01   2.0057478e-01  -1.8286953e-01  -3.3043780e-01  -1.4700734e-01   8.5328593e-02  -3.6402107e-02  -1.3136771e-01   2.9454014e-01  -1.5803795e-01  -1.0118993e-01   2.5078818e-01   1.3169631e-02   2.0716393e-01   1.5780399e-01  -3.0748638e-01   3.0414891e-01   3.5095466e-01   1.1716934e-01   1.9218532e-01  -1.3696617e-01  -1.7965917e-03   3.0291774e-03  -9.5432874e-02   4.4712704e-01  -2.4792528e-01   3.8266234e-01  -8.3673097e-02   8.6535180e-02   7.6057129e-03   2.2173587e-01
