   0.0000000e+00  -3.1362414e-01   3.6599432e-02  -1.9616085e-01  -1.4738155e-01  -2.1546507e-01  -1.7146862e-01  -1.6768825e-01  -4.3864736e-01  -1.6460257e-01   5.6224627e-02  -7.7385427e-02   7.5923531e-02   2.4371619e-01   1.7199991e-01   1.8672403e-01  -8.1800329e-02   9.5821072e-02  -6.4092636e-02  -1.0189104e-01  -7.8366287e-03  -2.8169344e-01  -1.0005473e-01   6.0349414e-01  -1.3763821e-01  -1.4101450e-01  -2.9727494e-01   4.3103085e-01  -2.0319251e-01  -1.7099482e-01  -5.8153086e-02  -1.7014880e-01   9.9073435e-02  -1.4144373e-01  -1.4542461e-01  -6.1612385e-02   1.6725487e-02   4.5388951e-01   1.7274588e-01  -3.2631670e-01   4.4119686e-02  -1.9815860e-02  -1.0825243e-01  -3.0057738e-02  -2.4369799e-02   4.3316300e-01  -3.1305319e-02  -2.2088046e-01  -1.8997001e-01  -8.9756798e-02   6.5873014e-03  -1.8417905e-01  -2.0709985e-01   1.5565585e-01   3.2824564e-01   6.6568220e-02  -1.0779332e-01  -3.5190242e-01  -1.8758837e-02  -2.1223022e-01   1.4343910e-01  -9.8587356e-02  -2.4187852e-01  -1.2728100e-01  -1.6870447e-01  -4.1363198e-02  -1.8074546e-01  -1.2108872e-01  -2.0177741e-01   7.8543966e-02  -3.6892093e-01  -1.6323701e-01   5.7075436e-02   4.3410106e-01   6.8715465e-02  -1.7866668e-01   2.7759186e-01   8.3677571e-02  -1.0358712e-01  -2.6913886e-02   4.6303652e-02   1.5161481e-01  -1.6563682e-01  -1.8854543e-01   1.6537208e-01  -7.8540221e-02  -3.6234484e-01   4.3220312e-01  -1.9339871e-01   7.3086811e-01  -6.6346847e-02   3.0263916e-02  -2.2115179e-01  -3.6783810e-01   3.4324069e-01  -4.7934194e-02  -8.5317650e-02  -3.0510825e-01  -1.5594519e-01  -3.0489429e-01   8.3135331e-02   1.7265896e-01  -1.0080033e-01  -1.9305903e-01  -1.3561413e-01  -2.3262532e-01   1.7733545e-01  -3.2874845e-01  -1.1455781e-01  -9.7304594e-02  -1.4993676e-01  -4.9658343e-02  -1.8999086e-01   6.7965155e-01   2.4582796e-01  -2.2556135e-01   3.6577791e-02   8.5628745e-02   1.6867629e-01  -2.5829447e-01   4.4365173e-01   1.3820720e-01   1.7665417e-03  -1.6575742e-01   5.1455445e-01   3.2263133e-01  -7.8370980e-02  -1.8546521e-02  -3.3142063e-01  -2.9397259e-02   1.8217473e-01  -9.4792843e-02   4.3689658e-01  -1.5917531e-01  -2.8245358e-01  -1.0077128e-01  -8.6154494e-02   1.4583458e-02  -1.4962569e-01   5.2156548e-01   6.4484781e-01   1.3516036e-02   4.1154979e-02   7.4699367e-02  -6.3238822e-03  -1.7927269e-01  -3.1577172e-01   1.0026015e-01  -8.7753998e-02  -9.4476433e-02   4.0577613e-01  -6.3985048e-03   4.7753221e-01  -1.4331138e-01  -1.3750347e-01   5.0212897e-01   3.2928698e-01   1.0441896e-02  -1.4751482e-02  -2.1780355e-02  -1.8644467e-01  -1.2826802e-01  -4.3508472e-01  -1.6325058e-01  -2.1372257e-01  -1.7504042e-01  -3.7441449e-02  -3.1494748e-02   4.4901384e-01  -2.4867171e-01  -4.6259867e-02   2.9915347e-01  -4.9010201e-02  -8.7164625e-02  -1.2160096e-01  -1.2410684e-02  -1.5833466e-01
  -3.1362414e-01   0.0000000e+00   3.0845452e-01  -7.8707923e-02   3.2000345e-01  -6.1259619e-02   5.7580170e-02  -8.8095311e-02   4.3610663e-01   4.5522904e-04  -2.9469612e-01   3.6396313e-01  -2.6016132e-02   4.6840053e-02  -2.5984321e-01  -8.4745785e-02   3.2521845e-01  -2.5152826e-02  -1.3105712e-01   7.1154888e-02  -1.6159553e-01   6.9274165e-02  -1.7915595e-01  -2.9861596e-01   2.6794531e-02   1.0926804e-01   2.4643880e-01  -1.9030948e-01   3.0962718e-01   1.2556478e-01   5.7460582e-02  -4.7761373e-02   1.1510348e-02   8.6463665e-02   2.4998859e-01  -1.8920355e-02   8.9302910e-02  -4.1001701e-01  -2.3023612e-02   1.1236728e-01   4.3292356e-03   9.7891832e-02   3.4637581e-01   1.4179061e-02  -1.1037844e-01  -2.9205497e-01  -1.4687419e-01   2.3153650e-01  -3.4233774e-02   1.4680130e-01  -2.4450382e-01  -3.8672223e-02   3.6561902e-01   1.1501092e-01  -3.0243283e-02  -1.3369498e-01  -1.8957363e-01   1.4097892e-01  -1.6823775e-01   6.6629507e-02  -1.7580185e-01  -9.1607857e-02   4.3417970e-01   3.5443531e-01   2.2767146e-01  -9.6947301e-02   1.0744815e-01   2.7298857e-01  -1.5793365e-01  -3.4172496e-02   5.9813766e-01  -1.6969145e-01   7.5901576e-02  -1.8157421e-01  -1.0558817e-01  -7.2454128e-03  -3.0351109e-01  -4.4432916e-02   2.8496937e-01   7.2429667e-02  -1.0277362e-01  -7.2662988e-02   1.6396505e-01  -1.8145102e-01   6.8610092e-02  -2.0731170e-01   3.3897834e-01  -3.2283235e-01   4.7216208e-01  -2.5315795e-01   2.8355862e-01  -9.1347479e-03  -7.2038558e-02   3.2665557e-01  -3.9742725e-01   2.6367258e-01  -1.4027978e-01  -6.7573708e-03   2.2317555e-01   9.8836893e-02   7.2478919e-02  -3.6595153e-01   6.5862980e-03   3.5173750e-01  -2.3045076e-01   5.0196830e-02   1.2900290e-01   6.0742846e-02  -1.0114937e-01   2.7308673e-01   5.3065051e-02  -2.2953206e-02   3.9396120e-03  -1.3835448e-01  -2.2729664e-01   2.8964726e-01  -2.3040483e-02  -3.0104921e-02  -3.2880300e-02   3.7640817e-02  -3.6986946e-01  -8.1072882e-03   3.2364126e-01   2.7791721e-01  -4.0568522e-01  -1.4590879e-01  -1.8825094e-01   2.6527799e-01   1.1121994e-02   1.9848299e-01  -1.7736831e-02  -1.8232455e-01  -1.9551138e-01   8.9234530e-03   1.6677097e-01   1.0197632e-01   2.1216005e-01   3.0309914e-02  -1.1682801e-01  -2.4034962e-01  -1.3367959e-01   6.2051920e-02  -2.4651098e-01   9.7658032e-03  -2.3988328e-01   3.0444230e-01   4.7176185e-01   2.6083711e-02  -1.3379237e-01   2.0128185e-01  -2.3039177e-01  -3.9453967e-03  -3.0274242e-01   1.5682400e-01   4.8727796e-01  -2.6803507e-01  -3.1250070e-01  -2.6589245e-02  -7.4860321e-02   1.1089692e-02  -7.0271557e-03  -1.6200441e-01   1.7946448e-01  -1.0687890e-01   3.8640230e-02   6.9060507e-02  -9.5981882e-02   5.7136184e-02  -2.0891989e-01   3.5466139e-01   1.2479489e-01  -3.6637263e-01   5.7021305e-02   1.1204797e-01   2.0263755e-01   5.7117099e-03   7.4711470e-02
   3.6599432e-02   3.0845452e-01   0.0000000e+00  -4.1826019e-01   2.5098212e-01   2.3356232e-01  -2.8726146e-02  -2.1179409e-01  -3.3702886e-02   1.3602349e-01  -2.1785617e-01   4.3766907e-01   2.7926190e-01  -6.5382707e-02   8.9895399e-02   4.1475317e-01   8.8034779e-01  -5.3792107e-02  -3.9442209e-02   2.8065743e-01  -1.0409113e-01  -3.9967374e-01  -2.4413466e-01  -1.7174380e-01  -1.3447650e-01  -1.5193743e-01   3.4214058e-01  -1.0341513e-01   2.1625164e-01  -3.3667795e-01  -1.3040162e-02  -3.7375845e-01   2.8186548e-01  -9.4804780e-03   4.0532369e-02   6.2862888e-02  -3.8742410e-01  -1.6490593e-01   3.5082135e-01   3.4420933e-01   2.0568390e-01   4.3839391e-01   2.2066876e-01  -1.3334742e-01  -2.4606572e-01   1.5696120e-01  -1.3936831e-01  -3.6561453e-01  -1.5654107e-01   6.8360742e-01  -1.1760243e-01  -2.2343011e-01  -6.3311797e-02   3.1123313e-01   5.4902693e-02   4.5375918e-02  -1.5729817e-01  -2.9723929e-01  -7.6639031e-02  -3.1085754e-01   3.4721855e-01   4.9852283e-02   5.0701006e-01  -2.1550194e-02  -5.4648800e-02   7.7706978e-02   3.2552630e-01   6.2251287e-02  -3.9513647e-01   5.3071125e-01   1.4168499e-01  -3.2553666e-01   3.3282423e-03   5.9179357e-02   4.8949943e-02  -2.6232872e-01   2.1317461e-01  -1.9516772e-01   9.8856743e-02   1.0398884e-01  -8.7369109e-02   3.2170759e-02  -5.6391976e-02  -3.8355761e-01   3.8115629e-01  -3.3365540e-01  -1.9014517e-01  -3.9575454e-01   3.9805649e-01   3.3612457e-02   3.9827875e-01   5.3231937e-01  -1.3156212e-01  -1.7627269e-01   5.2960732e-02   3.4858701e-01  -6.2566199e-02  -2.6759461e-01   3.3507356e-01  -2.4694271e-01   3.0498650e-01   1.1243945e-01  -3.6315531e-01  -1.2937399e-01  -3.8280784e-01  -2.4323066e-01   5.2972902e-01  -2.4481785e-01  -1.9198745e-01   2.2404739e-01   2.1816346e-01  -3.5214569e-01  -2.2485992e-01   9.5705849e-02   1.9052367e-01  -3.0870455e-01  -2.5348188e-01   1.3971106e-02   3.9345018e-01  -2.5118187e-01  -2.3392018e-01   3.5142382e-01   6.8110549e-01  -1.6544214e-01  -5.3487664e-02  -1.6662016e-01  -1.7940930e-01   2.1171526e-01  -3.4279687e-01   7.6915277e-01   2.6665432e-01  -2.2790396e-01   2.7749672e-02  -1.1795533e-01  -1.3409330e-02  -1.9486735e-01   1.9113925e-02   1.2459003e-01  -4.5120935e-01  -1.1249334e-01  -6.6156850e-03   1.4533153e-01  -3.2987579e-01   5.4113029e-01  -9.8745793e-02  -3.6414177e-01   2.0666134e-01  -1.3995550e-02   4.4428614e-02  -1.2176635e-01   1.8769164e-01  -2.0160570e-01   2.2012927e-01  -6.3129005e-03   7.4048547e-01  -1.6135887e-01   3.1338178e-02  -8.1017460e-02   5.2089523e-01  -3.3674227e-01   9.7749320e-02  -3.2870273e-01   3.4895192e-01  -3.5418084e-01  -2.4523736e-01  -2.8557629e-01  -9.2092871e-03  -2.0619590e-01   1.0445784e-01  -7.9528268e-02   1.3760303e-01  -6.6263006e-02  -1.7816424e-01   5.2095146e-01  -4.3532658e-02   2.4148220e-01  -1.9415030e-01
  -1.9616085e-01  -7.8707923e-02  -4.1826019e-01   0.0000000e+00  -2.9043993e-01   2.6271183e-01   2.1662380e-01   2.3621371e-01   7.0534139e-02  -1.2191643e-01   3.6074720e-01  -9.8842788e-02  -3.2812509e-01   2.6891317e-02  -3.5956970e-02  -2.5637771e-01  -4.6739949e-01   3.6965736e-01   3.8952794e-02  -1.4452432e-02   3.2596599e-01   6.3632620e-01   1.4318206e-01  -3.1549101e-01   2.5303448e-01   6.4371179e-02   3.9184881e-03  -2.1678027e-01  -1.0040514e-01   4.8476556e-01  -6.5085709e-02   7.1559633e-01   5.9302553e-02  -1.5902577e-01  -4.0538392e-02   1.2483854e-01   1.6604117e-02   6.2815579e-02  -1.9361627e-01  -2.8484886e-01  -2.9314318e-01  -1.4762358e-01  -3.4227437e-02   1.8800137e-01   2.4494082e-01  -8.5418407e-02   5.4766895e-01   1.2771417e-01   4.8929607e-01  -4.7304253e-01   4.1267147e-01   2.4692747e-01  -1.1716624e-01  -6.8391905e-02  -8.8050830e-02   7.6330670e-02   2.3321935e-01   4.6986425e-01   4.3871821e-01   4.4977328e-01   3.0205037e-02  -1.0564775e-01  -2.2185123e-01  -2.2524314e-01   1.8869465e-02  -6.9975536e-02   8.6265108e-02   9.4703412e-02   5.0123613e-01  -1.0772245e-01  -2.2341181e-01   6.4260058e-01  -2.5316562e-01  -5.0649915e-04  -2.3650905e-02   2.2834438e-01   5.6250844e-02   2.4684261e-01  -2.0606619e-01   2.8161467e-01  -1.3417683e-01  -2.4160715e-01  -2.0364557e-01   1.8580074e-01  -2.1887569e-01   4.0858435e-01   1.0185927e-01  -7.3167947e-02  -1.2957822e-01  -3.9023475e-01  -3.6754608e-01  -1.1590083e-01  -5.3513104e-02   2.0765634e-01   6.1103374e-02  -1.5737810e-01   3.6222400e-01   1.7762816e-01  -5.6010091e-02   3.8888528e-02  -2.7982971e-01  -1.7571457e-02   4.1948390e-01   5.7163894e-02   6.8976812e-01   5.7332416e-01  -2.8328976e-01   3.8719818e-01   2.7163886e-01  -2.0882489e-01  -4.5825302e-01   6.2151899e-01   6.5966884e-01  -4.6488633e-01  -3.1301600e-01   1.8099032e-02   8.2727210e-02  -2.5040582e-01  -2.2995573e-01   7.6472097e-01   2.7642080e-01  -2.5362393e-01  -3.7707794e-01   1.9322749e-01  -5.6881983e-02  -8.5750347e-02   2.9886967e-01  -8.0631517e-02   6.5076524e-01  -3.9717507e-01  -4.4950469e-01   1.8790367e-02   1.0780301e-01   2.3469979e-02   4.0879231e-01   1.4983123e-01   2.8882570e-01  -1.0616125e-01   3.9422044e-01  -9.2724452e-02  -2.5958089e-01  -4.3391204e-01   3.8797887e-01  -2.6312080e-01   1.5341009e-01   1.3460401e-01  -2.0949318e-01  -1.8596963e-02   1.6057457e-01  -7.6216642e-02  -9.3685118e-02   9.5024746e-02   1.3162302e-02   6.5143804e-02  -5.7558423e-01  -2.3247433e-01   1.7628749e-01   3.6064489e-01  -3.4534993e-02   2.0007477e-01   1.5528986e-01   4.1753330e-01  -9.8994427e-02   6.9366656e-01   6.0410774e-01   4.7297488e-02   9.8882742e-02   6.4019606e-02   2.0448093e-01  -1.9237970e-01  -1.9573671e-01   2.2483792e-02   3.2587775e-01  -2.7515110e-02   1.2228081e-01   8.0805441e-02   5.2754932e-01
  -1.4738155e-01   3.2000345e-01   2.5098212e-01  -2.9043993e-01   0.0000000e+00  -1.3043580e-02   1.9704180e-01  -1.8680149e-01   4.6718381e-02   4.8683941e-01  -3.8696938e-01   6.3958049e-02   3.8752900e-01  -4.3653126e-01  -3.6691640e-01   1.9684337e-01   4.2026360e-01  -2.0449017e-01  -1.2388967e-01   6.6067826e-01  -3.2640071e-01  -2.0217342e-01  -1.8500571e-01  -1.9204139e-01  -2.6872436e-01   4.8414280e-03   4.6208231e-01  -3.9559776e-01  -3.6477895e-02  -2.3941894e-01  -3.4253566e-01  -2.5759768e-01   1.0849515e-01   3.3788126e-01  -1.0782607e-01   4.8776858e-01   1.8093287e-01  -2.6948620e-01   1.7704590e-01   3.8526316e-01   4.4193259e-01   1.4983079e-02   4.4625667e-01  -4.3514648e-01   1.7973177e-01  -3.1915757e-01  -2.5194859e-01   2.1551227e-02  -1.5211891e-01   5.4259499e-01  -1.4981293e-01  -1.3581740e-01   3.7343780e-01   2.2299599e-01  -6.3029662e-02  -3.4159812e-01  -3.2647423e-01  -1.1079595e-01  -2.1512637e-02  -1.0396402e-01  -2.2590013e-01   3.5271327e-02   3.1990949e-01   4.5339626e-02   3.4485598e-02   2.6635564e-01   3.5806368e-02   2.3453668e-01  -2.4162568e-01  -1.6966348e-01   6.0799423e-01  -2.5846735e-01   2.8668091e-01  -4.5400928e-01   2.1972934e-02  -1.1735572e-01  -2.8698059e-01  -3.0271283e-01   6.5060887e-01   1.5132118e-01  -3.1795158e-01   2.2819296e-01  -1.9571606e-01  -3.8914305e-02  -1.9986808e-01  -4.3818260e-01  -2.0425441e-01  -4.3815849e-01   3.7139124e-01  -6.4093441e-02   6.1352000e-01   9.9398872e-03   4.5979256e-01   5.1598382e-02  -3.8050851e-01   6.8560537e-01   3.8563880e-02  -3.5566757e-03   4.2846021e-01  -1.1967244e-01  -3.2492066e-01  -3.1165919e-01  -4.4047256e-01   1.8687936e-02  -3.2751691e-01  -2.3734635e-01   9.8702263e-02   9.0835580e-02   2.7680599e-02   4.6945740e-01   3.4438284e-01  -3.9206607e-01  -1.9586367e-01  -2.5647059e-02  -3.8921650e-01   4.2144745e-01  -9.7691186e-02   2.4850810e-01  -2.6776878e-01  -2.2157612e-01  -4.8709490e-01   6.2467683e-01   3.8884860e-01   1.2771842e-01  -3.6766168e-01  -3.2531930e-01  -2.9311696e-01   2.7213083e-01  -2.7961377e-01   4.0578881e-02   3.9999038e-01   1.9924303e-01  -3.3523615e-01  -1.7269842e-01  -2.0870555e-01  -1.2020210e-01   1.8024962e-01  -4.3284887e-01  -3.0244010e-01  -2.1887971e-02  -1.7192854e-01   2.2694229e-01  -2.3518570e-01  -2.9855612e-01  -3.8194773e-01   4.7282328e-02   6.2251451e-01   2.3858674e-01   6.2942250e-02  -1.1666555e-01  -4.4192042e-01  -4.5109451e-01  -3.0500095e-01   3.0928940e-01   4.0819145e-01   1.0619867e-01  -4.9091975e-01   1.0482518e-01   9.1144864e-02  -4.0997233e-01   8.5772096e-02  -2.4102888e-01   4.2704811e-01  -3.4585145e-01  -1.8529499e-01   2.9330838e-01   3.5403132e-01  -2.5151742e-01  -2.9468789e-01   6.3101087e-01   4.6780878e-01  -6.2387206e-01   2.8708473e-03  -8.0240508e-02  -1.1250172e-01   1.6083929e-02  -8.3934883e-02
  -2.1546507e-01  -6.1259619e-02   2.3356232e-01   2.6271183e-01  -1.3043580e-02   0.0000000e+00   3.2949699e-01  -4.9845231e-02  -1.8193707e-01   1.4345688e-01   3.6475920e-01   3.2298048e-01  -1.2168165e-01  -9.3007590e-02   2.7450598e-01   2.7866717e-01   1.6255916e-01   3.0759050e-01  -8.5884268e-02   2.0035837e-01   2.4791399e-01   7.8878039e-03   1.9541106e-01  -2.5148689e-01   3.1687199e-02  -1.2434592e-01   3.5693316e-01  -2.9250163e-01   1.4525478e-01   3.5277641e-01  -8.6970612e-02   1.3191645e-01   1.1162608e-01  -1.8083984e-01   1.6558070e-01   2.8097309e-01  -3.0119076e-01   1.8786264e-01   1.5381060e-01   2.1427547e-01  -1.4176891e-01   2.6757611e-01  -1.3840944e-02  -1.2408455e-01   1.6226508e-01   6.0442388e-02   5.2803685e-01  -1.7318402e-01   3.0360920e-01   1.0827807e-01   5.1877637e-01  -1.8469829e-02  -3.8633728e-01   2.1372980e-01   1.0699419e-04   9.4771815e-02   1.2055517e-01   2.2280783e-02   2.5027262e-01   1.2995767e-01   3.3868649e-01  -4.1794949e-02   2.6559675e-01  -4.2691158e-01  -1.8505793e-01   2.8504163e-01   5.6189963e-01  -8.7097690e-02   2.9105418e-01   3.3871684e-01  -2.5818370e-01   4.0311690e-01  -3.6152617e-01   7.3035583e-02  -2.8739009e-02  -1.9598128e-01   2.6450150e-01  -2.3780093e-02  -1.0818374e-01   1.4088734e-01  -1.2559291e-01  -1.4960046e-01  -2.9849812e-01  -1.1164595e-01   1.0968055e-01   8.8518207e-02  -4.3895786e-02  -2.6224951e-01   7.2026211e-02  -1.6600406e-01   8.7394618e-03   3.0350726e-01   2.8257380e-02  -1.8149129e-01   1.8199334e-01  -4.0115391e-02   1.4179369e-01  -2.5820020e-02  -4.7475502e-03  -2.1092640e-01  -1.3146142e-01   2.2805568e-01  -7.7952906e-02  -1.8785890e-01   4.3493900e-01   9.1951439e-02   2.1386378e-01   2.0466130e-01   2.2956957e-01  -1.9333963e-02  -2.5252478e-01   2.0549238e-01   3.4624044e-01  -3.4684512e-01  -6.1837192e-02  -3.6039880e-01  -1.3899049e-01  -3.2722699e-01   3.9220932e-02   4.0233397e-01   4.7009142e-02   9.1075474e-02   1.2320209e-01  -5.6097393e-02  -1.2382429e-01   4.0154114e-02   3.2523670e-01  -1.1643994e-01   1.0461358e-01   2.5329797e-01  -2.0791933e-01  -1.9544686e-01   1.6990953e-01  -2.6423857e-01   2.3454968e-01  -1.9558123e-01   1.4165997e-01  -1.3339816e-01  -9.0365158e-02  -4.1612559e-02  -1.6241538e-01  -1.4132983e-01   2.8312560e-01   2.4090539e-01   5.3452597e-02  -2.6107971e-01  -1.7069734e-01   1.5503256e-01   4.9982560e-01  -4.9467302e-01   1.2739953e-01  -2.1659481e-01   3.3373473e-01  -3.9939052e-02  -1.8919176e-02  -1.8955421e-01   1.2519276e-01   2.3616198e-01   3.5516663e-01  -1.4565077e-01   3.1170069e-01   1.3264916e-01   2.8209268e-01   2.7772295e-01   2.1771312e-01  -2.4254850e-01   1.9890514e-02  -2.8956052e-01   2.9219464e-01  -1.9525363e-01   1.1536264e-01  -1.9951723e-02   1.6183909e-01   5.1058589e-01  -2.0699419e-01   2.3818539e-01   5.4907238e-02
  -1.7146862e-01   5.7580170e-02  -2.8726146e-02   2.1662380e-01   1.9704180e-01   3.2949699e-01   0.0000000e+00  -4.0423565e-01  -1.2975543e-01   4.3073010e-01   1.0087931e-02   3.0922379e-01   5.1644504e-03  -3.3683963e-01   1.4928952e-01   2.6137833e-01  -8.5031353e-02   2.3639014e-01  -2.1864929e-01   4.3239192e-01  -2.1401902e-02  -5.0085439e-02   2.3632367e-01  -6.6775779e-02   1.6002458e-01  -4.4210724e-01   4.4225807e-01  -2.1712194e-01  -7.9730600e-02   2.6085268e-01  -3.1035394e-01   1.3193945e-01  -1.5221035e-03   4.1798143e-01   3.4530825e-01   5.1912399e-01   1.4378486e-01   3.0121116e-04   1.4559686e-01   5.6368358e-02  -1.7225187e-03   2.3394439e-01   9.2795012e-02  -3.2045641e-01   6.6711647e-01  -2.9371759e-01   2.3088753e-01   3.3083102e-01   2.0059985e-01  -1.0639476e-01   4.1008023e-01  -3.0001064e-01  -2.7247835e-02   6.7320205e-02  -1.2849877e-01  -2.7615972e-01  -2.4777358e-01   4.4447669e-02   1.1167306e-01   2.2199326e-01  -2.6906756e-02   1.1667893e-01   7.1544451e-02  -2.7310368e-01  -1.6172200e-01   4.8038351e-01  -9.8836628e-02   4.5677750e-01   1.3632565e-03   6.1674513e-02   5.0686706e-02   4.9292833e-01  -1.1278355e-01  -3.5968590e-01  -1.4352041e-01  -3.2534308e-01  -1.1726574e-01  -5.1883026e-02   4.0396453e-01   9.8783164e-02  -7.2483933e-02   1.5149338e-01  -3.7157799e-01  -2.3979692e-01  -2.9467623e-01  -1.4742619e-01  -1.7209977e-01  -2.0621005e-01   2.2123489e-01  -2.4039505e-01   6.0528884e-02  -1.6521846e-01   3.2423373e-01   2.4004715e-02  -8.8097401e-02  -9.2637383e-02   4.4056474e-01  -2.0883183e-01   1.9813509e-01  -6.5138834e-03  -3.7973208e-01   3.0883729e-01  -2.3921061e-01  -7.3245613e-02   4.7377994e-01   1.1986050e-01  -1.9732765e-01   2.9730252e-02   4.0323043e-01   1.3650544e-01  -9.4176445e-03   1.0079680e-01   4.8839747e-01  -1.0809562e-01  -2.4916674e-01  -1.6714331e-01  -2.5751504e-01   1.0902317e-01  -3.4412635e-01   1.6235329e-01  -9.9276283e-02   2.9646550e-01   1.5743226e-01   5.2175450e-03  -3.9025350e-01  -8.4088144e-02   2.4627938e-01   3.1079228e-02   1.7426117e-02  -1.1119739e-01  -4.3130846e-02   2.2202290e-01  -2.0935982e-01  -2.8234608e-01  -6.7589450e-02  -3.8766245e-01   1.7517042e-01  -2.9376587e-01  -1.7421010e-01  -1.6884762e-02  -7.6221108e-03  -7.1598071e-02   1.2767536e-02  -1.6568949e-01   2.0204863e-01   1.5339067e-02   1.2243902e-01   1.8237413e-01   4.7181642e-01  -2.2440118e-01  -2.4266807e-01  -4.3952681e-01  -1.6074066e-01   6.1482468e-02  -1.0326008e-01   1.5350195e-01  -2.5572488e-01   2.6533374e-01  -1.0545131e-01  -1.1293121e-01   5.3839662e-01  -9.1293726e-02   2.0471368e-01   3.0099734e-01   6.0253393e-02   2.7116909e-01   4.2794807e-01  -3.9035622e-01  -7.4399617e-03  -1.6262668e-04   2.6985791e-01  -2.8810116e-01   5.4446670e-01   1.9318953e-01  -1.9635813e-02   1.4942309e-01   6.0603396e-02
  -1.6768825e-01  -8.8095311e-02  -2.1179409e-01   2.3621371e-01  -1.8680149e-01  -4.9845231e-02  -4.0423565e-01   0.0000000e+00   2.8512688e-01  -2.9753782e-01   3.4064194e-01  -1.7392930e-02  -2.1664146e-01   6.6101975e-03  -1.7410553e-01  -5.5249401e-01  -1.8654396e-01   1.1293448e-01   3.3588150e-01  -2.7981920e-01  -7.3398700e-02   5.1114877e-01  -1.8818273e-01  -1.6421557e-01  -3.1580656e-02   7.2888227e-01  -1.2885750e-01  -1.0787333e-02   1.1047936e-01   1.7050653e-01  -1.2020214e-01   3.9513106e-01  -2.7746163e-01  -3.2036304e-01  -2.8930853e-01  -1.6782235e-01   3.0158755e-02  -4.7542326e-02  -6.0648328e-01  -1.1985909e-01  -2.3947786e-01  -2.7349803e-01   1.6442590e-02   3.6661950e-01  -2.0366349e-01   6.6085382e-02   1.9385441e-01  -2.4932235e-01  -4.6304101e-02  -8.7394549e-02   3.4324280e-02   7.7502922e-01  -7.3787774e-02  -2.5380015e-01  -9.5746684e-02   2.4490501e-01   3.9343615e-01   5.2146141e-01   1.3241643e-01   4.3330127e-01   4.8426392e-02  -3.3469408e-01  -1.7358998e-01  -2.6477672e-02   2.1843419e-02  -3.1523819e-01   2.5958346e-01  -2.3494384e-01   5.0594718e-01  -6.9415174e-02  -1.0347665e-01   1.6899427e-03  -2.6544781e-01   2.0286462e-02   1.0547120e-01   6.3243471e-01   3.1359849e-02   3.3748566e-01  -3.4700221e-01  -8.6205456e-02   6.0776804e-02  -5.7970311e-01   4.5395827e-02   6.9827279e-01  -1.4467627e-01   5.9468823e-01  -1.1155040e-01  -5.6162164e-02  -3.3718916e-01  -1.9007270e-01  -4.2357523e-02   1.0289445e-01  -1.7748065e-01   3.5634498e-01  -5.8153614e-03   6.2202393e-02  -3.2228695e-01   6.6707822e-01  -1.8865776e-01  -9.1828703e-02  -1.4199884e-01  -9.6856268e-02   3.8562573e-01   2.3757769e-01   1.0245353e-01   2.8523265e-01  -1.7809724e-01   6.2015213e-01  -1.8053271e-01   9.2843121e-03  -1.9377983e-01   3.0034288e-01   1.4066254e-02  -3.1212347e-01  -1.0042580e-01   3.5720004e-02   4.9562784e-01  -3.6244940e-01   1.4276192e-01   2.4840292e-01   6.2416086e-02  -2.3998540e-01  -2.6111364e-01  -1.3216734e-01   2.0196839e-01   4.4370899e-02  -8.6135726e-02  -1.9698890e-01   5.2053030e-01  -7.8713187e-02  -3.1266834e-01  -3.0063925e-01   1.7537685e-01  -1.1019204e-03   4.2685049e-01   6.7895189e-01   7.0348567e-04  -2.9639974e-02   6.8954777e-01  -2.3953563e-01  -2.3006796e-01  -3.1525009e-02   3.4088310e-01  -1.8641167e-01  -2.4900095e-01  -1.5703189e-01  -1.0928498e-01   7.2382408e-02  -1.1538035e-01  -3.1548504e-02  -1.3349128e-01   3.9759076e-01  -2.0160426e-02   3.4125977e-02  -1.8247243e-01  -2.8485582e-01   7.4580004e-02  -1.7872760e-01   8.0512479e-02   3.3957419e-01  -2.3997606e-01   4.8766722e-01  -6.4728694e-02   1.3575597e-01   3.7551292e-01  -1.0927759e-01  -7.1949310e-02   4.2860341e-01  -9.8224276e-02   7.4903998e-02  -2.1624354e-02   1.9160515e-01  -1.9566510e-01  -1.0447052e-01   9.8796504e-03  -7.7203610e-02   3.8895161e-01
  -4.3864736e-01   4.3610663e-01  -3.3702886e-02   7.0534139e-02   4.6718381e-02  -1.8193707e-01  -1.2975543e-01   2.8512688e-01   0.0000000e+00  -1.0167455e-01  -1.0542481e-01   1.6280005e-01  -1.4541832e-01  -7.7003910e-02  -3.3986856e-01  -4.4717938e-01   8.3306168e-02  -5.0037286e-02   2.2017168e-01  -8.2595270e-02  -2.8955652e-01   3.1954169e-01  -3.3091425e-01  -2.4208551e-01   6.6034700e-02   4.8330118e-01   1.0263891e-01  -1.9243031e-01   1.9805820e-01   1.5401213e-01   5.1672586e-02   1.3726739e-01  -2.4599911e-01  -8.5154427e-02   6.1278697e-02  -2.2402304e-01   1.8943446e-01  -3.5309970e-01  -3.3514860e-01   1.1469844e-01  -2.0217070e-01   4.7151349e-02   3.3995482e-01   2.0042415e-01  -1.0006847e-01  -3.0703779e-01  -1.3320069e-01   8.8226404e-02  -1.8985796e-01   6.6376408e-02  -2.0263372e-01   3.4501026e-01   3.0489134e-01  -1.2048868e-01  -2.9496250e-01  -1.0118967e-01   1.5337304e-01   4.2340323e-01  -1.9501981e-01   4.5116235e-01  -1.6172295e-01  -2.8721979e-01   2.9236584e-01   2.0115209e-01   3.8705444e-01  -3.6978468e-01   6.6328904e-02   2.5821573e-01   1.0394833e-01  -2.1740764e-01   4.2376447e-01  -1.6593223e-01   4.8190076e-04  -2.7548073e-01   1.8723373e-01   3.5623681e-01  -2.2871027e-01   3.2213512e-02   3.5611053e-02  -2.4801393e-02  -9.0210395e-02  -2.5809016e-01   1.3363001e-01   2.6483321e-01  -2.8298761e-01   1.1565126e-01   2.6774852e-01  -1.9868467e-01   2.4408278e-01  -3.1439564e-01   1.3025792e-01  -1.9691124e-02  -1.2299829e-01   7.4507410e-01  -3.3635229e-01   1.9721168e-01  -2.1151535e-01   4.2791263e-01   7.3313340e-02   1.1553644e-01  -1.5675378e-01  -3.9559583e-01  -5.0662658e-02   6.4573521e-01  -1.1154883e-01   1.8484531e-01  -2.4836570e-01   4.5985095e-01  -2.0201176e-01   7.3209425e-02  -1.0406837e-01   7.1609093e-02   1.6676385e-02  -2.9028989e-01  -2.2808067e-01   3.9396199e-01   2.3830490e-01  -1.4921909e-01  -9.2929458e-02   8.0709996e-02  -2.8720036e-01  -1.3299934e-01   4.6612786e-02   1.7984776e-01  -2.3340417e-01  -6.4511133e-03  -1.5070592e-01   2.5950554e-01   4.2473020e-01  -1.0770099e-01  -2.2869148e-01  -2.1717662e-01  -3.1967139e-01   5.1014379e-02   4.6964670e-01   3.7042960e-01   1.4796763e-01  -1.4235935e-01   2.3057868e-01  -4.5386580e-01  -1.5728406e-01  -1.7787045e-03   5.4212187e-02  -2.0017241e-01  -2.8397179e-01   2.1217153e-01   3.3182405e-01  -2.2678243e-02  -2.1039905e-01   2.9188963e-01  -3.0946925e-01   1.2743745e-01  -3.6103949e-01   7.8884431e-02   2.0925328e-01  -3.6855955e-01  -1.1642812e-01  -2.2800723e-01  -6.8787264e-02   1.3850235e-01   2.5491932e-02   5.3857531e-02   1.9116944e-02   2.1746176e-02   3.1333032e-01   5.0908012e-02  -1.6574342e-01   4.0271359e-01  -4.4273460e-01   1.2317887e-01   6.2938661e-02  -1.6995484e-01   4.0374900e-02  -1.2840028e-01   2.3542453e-01  -7.0149273e-03   2.9645186e-01
  -1.6460257e-01   4.5522904e-04   1.3602349e-01  -1.2191643e-01   4.8683941e-01   1.4345688e-01   4.3073010e-01  -2.9753782e-01  -1.0167455e-01   0.0000000e+00  -1.8485603e-01  -1.2674983e-01   3.3556749e-01  -4.4974490e-01  -2.4181929e-01   1.6568323e-01   2.2657204e-01   3.6655624e-02  -2.3469678e-01   6.0035408e-01   6.0181884e-03  -1.2913800e-01   2.5871518e-01  -1.2407995e-01  -5.7061501e-02  -2.8863649e-01   4.2167553e-01  -3.4834867e-01  -1.3746545e-01  -9.7506808e-02  -4.4991738e-01  -1.5690235e-01  -1.7111804e-01   4.8028953e-01  -3.2829273e-02   4.6004480e-01   1.0052759e-01   7.8097819e-03   1.7849136e-01   2.6296235e-01   2.8146393e-01  -1.3190651e-05   2.5484087e-01  -3.5591613e-01   3.7507847e-01  -3.6402686e-01  -1.0988793e-01   1.0405630e-01   9.3534362e-02   2.5761226e-01   2.4235893e-01  -2.3924796e-01   7.4404677e-02   8.7748842e-02  -2.2274328e-01  -2.0974791e-01  -3.7433536e-01  -8.3238941e-02  -6.3865395e-03  -6.9459741e-02  -1.2092487e-01   1.2557872e-01   7.8638200e-04  -1.6018115e-01  -8.1700895e-02   6.5044878e-01  -1.5376431e-01   1.3374485e-01  -2.2655168e-01  -4.4517221e-02   2.9121930e-01   2.0025130e-01   1.2637308e-01  -3.7804562e-01  -1.1020534e-02  -1.9886279e-01  -2.5187995e-01  -1.7138093e-01   4.0036778e-01  -2.6647862e-02  -1.4569202e-01   3.2351354e-01  -2.1587623e-01  -9.8690638e-02  -2.3006668e-01  -2.7578908e-01  -2.5168197e-01  -3.1903044e-01   2.6522750e-01  -1.5486286e-01   2.8918054e-01  -3.5284056e-02   4.8607328e-01  -1.7608683e-03  -2.6162910e-01   2.8226249e-01   2.1336307e-01  -1.0824736e-01   2.8076006e-01  -5.8616675e-02  -2.7425537e-01  -1.0967945e-01  -3.1009135e-01  -8.1010075e-02   9.8794430e-02  -1.0844399e-01  -1.3222962e-01   1.4075269e-03   2.6078733e-01   3.8862154e-01   2.0966845e-01  -1.6170404e-01   5.3044222e-03  -1.3181777e-01  -2.5434539e-01  -1.4133562e-02  -2.0633312e-01   2.0477855e-01  -3.2309214e-01  -1.1527161e-01  -1.7359997e-01   4.3352220e-01   9.0058917e-02  -9.1111565e-02  -3.0375095e-01  -2.8593261e-01  -1.9491262e-01   1.5849837e-01  -1.5211304e-01   3.8434289e-02   3.1163870e-01   1.6376458e-01  -3.6849648e-01  -1.8981962e-01  -1.7273738e-01  -2.9368864e-01   6.8802683e-02  -3.6038296e-01  -2.4282316e-01  -1.8770592e-02  -1.5328325e-01   3.3869620e-01  -1.4070764e-01  -1.1620798e-01  -1.2000259e-01   3.2027343e-03   3.7021411e-01   2.3358735e-01   3.6896708e-01  -1.0910060e-01  -2.3675127e-01  -4.4915006e-01  -2.4798370e-01   9.7419286e-02   1.2613214e-01   1.2447543e-01  -3.8056958e-01   8.2121415e-02   2.3777026e-03  -3.3268818e-01   2.6478075e-01  -1.9473386e-01   5.5490462e-01   7.4522416e-03  -2.5938453e-01   1.0131322e-01   3.5596753e-01  -2.7970590e-01  -1.4267398e-01   1.7249769e-01   2.9267270e-01  -3.5153518e-01   2.1029999e-01   4.1415727e-02  -8.3166565e-02  -1.0264516e-01  -6.9059423e-02
   5.6224627e-02  -2.9469612e-01  -2.1785617e-01   3.6074720e-01  -3.8696938e-01   3.6475920e-01   1.0087931e-02   3.4064194e-01  -1.0542481e-01  -1.8485603e-01   0.0000000e+00  -6.1930287e-02  -2.7087093e-01   4.9400691e-02   5.4574228e-02  -2.7641435e-02  -2.3846458e-01   5.6274294e-01  -4.0976798e-02  -1.8017965e-01   1.2501381e-01   3.0671248e-01   3.2751991e-01  -1.1229910e-01   7.4588992e-03   4.6277340e-02  -5.7573889e-02   6.5313692e-02  -1.0326052e-02   4.2563801e-01  -1.8045218e-01   2.7574378e-01  -1.3792190e-01  -2.9394155e-01  -1.2102829e-01   2.0903893e-01  -1.1159266e-01   3.2529234e-01  -7.4090288e-02  -2.4553024e-01  -2.3016605e-01  -1.1246855e-01  -3.2150207e-01   3.2372466e-01   6.0995302e-02   3.2202441e-01   8.0121373e-01  -1.3871351e-01   8.3877225e-02  -2.7743438e-01   6.1737314e-01   1.9928331e-01  -4.2983108e-01  -2.7241782e-01  -1.7920547e-01   4.9805929e-01   2.9110704e-01   2.1326947e-01   3.8753856e-01   1.1132905e-01   3.2445895e-01  -2.3974770e-01  -1.9004968e-01  -2.3651743e-01  -2.3258126e-01   2.3221493e-02   2.1059574e-01  -1.3798051e-01   6.3944195e-01   3.0228771e-01  -4.4628226e-01   4.4611722e-01  -3.5682751e-01   3.3164774e-01  -8.4011845e-02   1.6989521e-02   3.2478406e-01   5.2164758e-01  -3.6202144e-01  -1.5977197e-01   1.9769233e-01  -3.0421861e-01  -1.5339834e-01   1.1584708e-01  -1.2248559e-01   5.8213619e-01  -2.6339211e-01  -3.2112378e-02  -3.5187908e-01  -8.7530898e-02  -2.4173992e-01   6.7854117e-02  -3.4556668e-01  -2.4619492e-02   3.7293881e-01  -2.9538054e-01   2.0587442e-02   1.3258038e-02  -1.2958753e-01  -3.4876718e-01  -2.2582858e-01   3.8909935e-01   3.3231076e-01  -6.6837896e-02   5.7832999e-01   1.6973606e-01  -1.1591785e-01   2.4201349e-01   6.1282442e-02   1.5154585e-02  -3.8507674e-01   6.0577299e-01   3.1788715e-01  -3.1133039e-01  -9.1525530e-02  -3.6109963e-01   1.9708526e-01  -3.5830814e-01   2.0777618e-01   3.8553792e-01   4.0775597e-01  -2.3763022e-01  -2.5729201e-01  -2.5800626e-01   2.9645889e-01   1.1314951e-01   5.3468873e-02  -4.8805078e-01   3.6565502e-01  -3.2317996e-03  -3.4114638e-01  -9.0316438e-02   3.8989525e-01  -3.1879187e-01   1.5928320e-01   2.1123457e-01  -1.5716433e-01  -3.1335832e-02   4.6112668e-01  -3.4934125e-02  -1.8527897e-01  -1.4594511e-01   5.7561240e-01   6.5476637e-02  -6.6355366e-02  -2.5982840e-01  -5.0490152e-01   2.6618016e-01   3.8206979e-01  -3.1333617e-01   1.5098853e-01   2.3107882e-01   2.3112758e-01  -4.7329938e-02  -3.4999121e-01  -2.2258499e-01   3.1440118e-01   1.6776691e-01   1.2085755e-01   5.2503940e-01   1.2714897e-01   5.7159884e-01  -8.7405088e-02   5.5631629e-01   2.6410228e-01  -2.8854544e-01   3.3425969e-02   1.6573821e-01   2.2026466e-01  -3.6937686e-01  -7.8245257e-02   3.7398775e-01   2.7546744e-01   2.5343206e-01  -2.1759042e-01   7.3001597e-02   1.3779450e-01
  -7.7385427e-02   3.6396313e-01   4.3766907e-01  -9.8842788e-02   6.3958049e-02   3.2298048e-01   3.0922379e-01  -1.7392930e-02   1.6280005e-01  -1.2674983e-01  -6.1930287e-02   0.0000000e+00  -1.5333935e-03   1.3306125e-01   2.7460849e-01   6.1163098e-02   2.7934483e-01   9.0866926e-02   2.6201896e-02   7.4812841e-02  -6.5041135e-02  -5.4294015e-02  -1.8869562e-01  -9.1208479e-02   1.2103075e-01   3.9085222e-02   2.3839898e-01  -1.1665385e-01   2.1139145e-01   2.1335934e-01   1.5252720e-03   2.9669698e-02  -1.0033737e-02   4.8390081e-03   4.2628919e-01  -8.9705713e-03  -8.4532874e-02  -2.2128501e-01  -7.9247080e-02   7.4265132e-02  -1.6849752e-01   2.3702690e-01   2.4225603e-01  -5.1198423e-02   1.6458762e-01  -1.0172802e-01   1.1217374e-02  -1.0519446e-01  -5.6466592e-02   8.0673424e-02   1.3800042e-01   7.9446948e-02  -1.5751127e-01   3.4092898e-01   6.6941992e-02  -7.4524317e-02  -8.1432124e-03   7.6195012e-02  -7.9114798e-03   3.0134852e-01   2.5944134e-02  -1.8961944e-03   3.5253835e-01  -2.1740439e-01   1.2201565e-02  -1.5646122e-03   2.7454295e-01   2.5666789e-01  -8.7684176e-02   2.3132141e-01  -1.6336710e-02   1.4006841e-02  -1.7335587e-01   2.3491251e-02   6.0665739e-02  -2.0956396e-02   3.5625081e-02  -7.2253141e-03   3.4621727e-03   1.2544484e-01  -1.3653956e-01  -1.1727538e-01  -1.8581229e-01  -7.0570419e-02   1.3576666e-01   7.6232878e-02   1.2111553e-02  -1.9013394e-01   2.3132747e-01  -1.2606273e-01   2.2290780e-01   1.8244211e-01  -1.1218320e-01   2.0946200e-01  -6.8976687e-03  -2.4327189e-02   8.0243007e-03   1.4779562e-02   7.0123134e-02  -6.8971109e-02  -9.8239032e-03   1.1452687e-01  -1.4583048e-01   1.1859016e-01   6.3698252e-02   2.4819693e-02   2.1435388e-01   7.1325187e-02   7.6890574e-02   4.4690205e-03  -7.0892233e-02  -1.2311503e-02   2.1957382e-01  -2.4634086e-02  -4.9934670e-02  -1.9011519e-01  -5.1954147e-02  -8.2727238e-02   1.3592983e-01   1.0333666e-01  -1.9481170e-01   2.0413825e-01   4.0835857e-01   5.1236436e-02  -1.8028447e-01   2.9148595e-01   2.7084063e-01   9.2017262e-02   5.6510166e-02   3.4589507e-01  -7.8718054e-02  -3.5229423e-01   1.3481596e-01  -1.6795483e-01   2.8962368e-01   1.7172633e-02   1.7871065e-01   2.0080658e-04   1.1345384e-03  -2.3888288e-02   1.2253047e-01  -1.1164398e-02  -1.7629162e-02   2.2927085e-01   3.7762057e-02  -1.9700229e-01   1.0750171e-01  -4.5692793e-03   1.6505049e-01  -2.0402777e-01  -1.6141367e-03  -1.2633543e-01   1.2549263e-01  -1.0549643e-01   2.8189308e-01  -9.0827651e-02  -4.0288469e-02  -1.1430681e-02   6.7636380e-02  -4.5837608e-02   1.2526901e-01  -1.9760228e-02   1.3901534e-01  -4.9638133e-02   1.3465723e-02  -2.0247231e-01  -9.0322721e-02  -1.1111547e-01   4.3638155e-02  -1.2659240e-01   1.1935087e-01  -7.4138718e-02   5.0114098e-02   3.6064814e-01   2.1092232e-01   2.7162531e-01   4.5570423e-02
   7.5923531e-02  -2.6016132e-02   2.7926190e-01  -3.2812509e-01   3.8752900e-01  -1.2168165e-01   5.1644504e-03  -2.1664146e-01  -1.4541832e-01   3.3556749e-01  -2.7087093e-01  -1.5333935e-03   0.0000000e+00  -6.3249583e-02  -7.4308863e-02   3.3508358e-01   3.3688216e-01  -2.2076399e-01  -1.4965208e-01   2.9178962e-01   1.4067882e-02  -2.5317574e-01   3.6559952e-02   7.3477088e-02  -2.9697270e-01  -2.1481716e-01   2.4454707e-01  -7.5794728e-02  -3.1916624e-01  -2.9405431e-01  -1.6845830e-01  -2.4689897e-01   1.1325015e-01   2.1658670e-01  -1.0495839e-01   2.5272090e-01  -7.3197490e-03  -4.1862458e-02   2.5881409e-01   1.6351844e-01   6.8569457e-01  -3.2953618e-03   1.5653543e-01  -2.8174291e-01  -5.4187016e-03  -2.2259230e-01  -2.6324507e-01  -2.0091693e-01  -1.6969810e-01   4.0655894e-01  -1.2426906e-01  -2.7209016e-01   4.0315441e-02   6.9689524e-02  -1.2193073e-02  -1.3159229e-01  -3.7950218e-01  -2.3257566e-01   1.9098689e-01  -2.4527821e-01  -1.2820204e-01   4.0348861e-02  -1.9697714e-02  -3.0627023e-02  -4.5105079e-03   2.8016425e-01  -1.9659867e-01   8.7947770e-03  -4.1525758e-01  -1.9319036e-02   2.2579164e-01  -2.4822435e-01   4.7910082e-01  -1.5665214e-01   1.3704087e-01  -1.0386308e-01  -1.4629135e-01  -3.1618513e-01   1.7995755e-01   2.6662561e-02  -3.1061464e-02   6.0178696e-01  -1.8431864e-01  -1.3668769e-01  -9.4257277e-02  -2.4472812e-01  -2.7756274e-01  -1.2835689e-01   1.9994569e-01   1.4105958e-02   3.1879134e-01  -8.3469818e-02   2.5286479e-01  -1.2897190e-01  -1.7469247e-01   3.0830322e-01   9.9367042e-02  -7.8416944e-02   2.2197155e-01  -1.6708082e-01  -3.1281813e-02  -7.3724054e-02  -2.0791956e-01  -6.9953487e-02  -2.6498616e-01  -2.7792256e-01   1.7870482e-01  -2.2857095e-01  -1.7112863e-01   2.4018084e-01   2.1813093e-01  -3.4486767e-01  -2.7049484e-01   1.6031685e-01  -1.4843668e-02   1.7397475e-02  -1.6743410e-01   7.2157325e-01  -3.9693278e-02  -3.8757886e-01  -2.5042397e-01   4.4336876e-01   2.9238724e-01  -8.5065417e-02  -2.5537893e-01  -7.6585215e-02  -2.0582035e-01   2.7519959e-01  -3.3172981e-01   1.8555676e-01   7.1985330e-01  -4.9179524e-02  -2.7639816e-01  -1.1683327e-01  -2.7682106e-01  -2.1060445e-01   7.4664150e-02  -1.6784089e-01  -2.9425461e-01   2.0394684e-01   2.4089245e-02   4.2284814e-01  -2.0495029e-01   1.4363897e-02  -1.8660092e-01  -3.6514028e-02   2.7670460e-01   6.9859430e-02   1.6380498e-01  -1.9016410e-02  -1.0288226e-01  -2.4812974e-01  -2.2348409e-01   9.7526297e-02   3.0451459e-01   1.8635328e-01  -3.1119301e-01   1.6294781e-01  -4.0017413e-02  -2.4619677e-01  -7.3615716e-02  -1.9310419e-01   1.7124077e-01  -2.9562705e-01  -4.6841010e-01   9.0944034e-03   1.8248803e-01  -1.2789261e-01  -2.0954335e-01   6.5444817e-02   1.1587980e-01  -2.9796578e-01  -1.4032158e-01  -7.2197932e-02   1.5707265e-01  -7.3702548e-02  -1.7690975e-01
   2.4371619e-01   4.6840053e-02  -6.5382707e-02   2.6891317e-02  -4.3653126e-01  -9.3007590e-02  -3.3683963e-01   6.6101975e-03  -7.7003910e-02  -4.4974490e-01   4.9400691e-02   1.3306125e-01  -6.3249583e-02   0.0000000e+00   3.0090437e-01  -4.5187917e-02  -1.9182672e-01  -1.2285022e-01   1.0141401e-01  -6.2092632e-01   3.4878641e-01  -1.3748770e-02   2.0508381e-02   1.5930543e-01   4.8035286e-02  -3.2587767e-02  -4.0876142e-01   4.2701497e-01  -4.4628237e-02   1.3081541e-01   4.1634063e-01  -8.4176749e-02   1.7154503e-01  -1.8997503e-01   2.3294148e-01  -5.8023177e-01  -4.4646340e-02   9.1347171e-02   2.2563823e-02  -3.2902270e-01  -1.7208147e-04  -5.5250135e-02  -2.8481667e-01   3.7465814e-01  -4.2731990e-01   2.2233422e-01  -2.4055495e-02   4.4332082e-02   2.7810105e-02  -2.9553508e-01  -1.2891298e-01  -8.2797046e-02  -2.1288993e-01   2.7656782e-02   2.5227620e-01   3.8942285e-01   2.3580208e-01  -1.9467637e-01   4.4317179e-02  -2.0146061e-01   1.2243545e-01  -8.4063673e-03  -2.2247023e-01   1.6211259e-01   3.3658871e-02  -1.9519696e-01   7.4550158e-02  -2.6948582e-01  -6.9302127e-02   4.6686358e-03  -2.6835721e-01  -2.1367740e-01   1.5732139e-01   5.2122667e-01  -1.1104406e-01  -4.5708803e-02   1.6643204e-01   2.1900619e-01  -3.1438306e-01  -7.9786848e-02   2.6588980e-01   4.5822578e-03   3.9126035e-01  -1.1203932e-01   4.5552386e-01   1.3282103e-02   4.3681102e-01   3.2922570e-01  -1.3798499e-01   2.2144485e-01  -4.4774700e-01  -1.1243693e-02  -2.4997195e-01  -1.7096873e-01   2.5453148e-01  -3.9730688e-01  -2.3021585e-01  -1.3365237e-01  -2.3325269e-01   1.4091277e-01   4.6657968e-01   1.1306104e-01   4.3923209e-01  -2.6780523e-02  -9.8010941e-02  -1.1247325e-01   2.7969036e-01  -2.9860248e-01  -2.0256573e-02  -2.4463594e-01  -1.6874470e-01   9.6299384e-02  -1.2213305e-01   2.0672504e-01   2.9515269e-01  -3.5550996e-02   4.3522915e-02   7.7898312e-02   4.5434208e-01  -3.3126249e-02   2.5623096e-01  -3.9619956e-01  -2.0509369e-01   2.0598120e-01   1.8896650e-01   4.8477140e-01   1.6503873e-01  -4.8889110e-02  -4.1378677e-02   5.6444512e-02   2.2620971e-03  -2.0011576e-01   4.7533763e-01   2.9656936e-01  -4.8672816e-02   3.4610219e-02  -2.3936194e-01   5.7679552e-01  -1.5808553e-02   1.2223540e-01   1.8223983e-01  -1.0780771e-01   7.0107485e-02   3.9501305e-01   1.4148758e-01   8.2254715e-02  -3.9420894e-01  -3.6172166e-01  -1.4663864e-01   2.7144624e-01   4.5891124e-01   4.5225602e-01   2.5524658e-01  -1.2107247e-01  -7.9370349e-02  -1.2264755e-01   2.4989440e-01   6.7564572e-02  -1.2152059e-01   2.3285972e-01  -3.7263788e-01   5.6938722e-02  -3.2769107e-01  -5.7054632e-02  -1.4844792e-01  -2.8033533e-01  -3.3431647e-01   2.5481034e-01   1.8708628e-01  -3.5700619e-01  -3.5596121e-01   3.7219462e-01  -3.0665892e-01   1.4198808e-01   1.8688292e-01   4.8745595e-02  -1.5107898e-01
