   0.0000000e+00   2.3593933e-01   5.2211055e-02   3.9686717e-02  -1.6320377e-01  -1.5324775e-01  -2.3689013e-02  -8.6043890e-02  -1.5095075e-01  -2.0155728e-01  -4.3294084e-02   4.8527014e-02  -1.2397800e-01  -8.3798067e-02  -6.7531922e-02  -2.3279203e-01  -1.3728315e-01   1.6534192e-02  -1.3178222e-02  -3.1912500e-01  -5.3851936e-02  -1.6368742e-02  -1.3057483e-01   4.9121842e-01  -1.8474126e-02   1.1547905e-01  -5.3423982e-03   7.5466803e-02  -2.0712128e-02  -1.6714151e-01  -1.2927200e-01   2.0611796e-01  -8.8497581e-02  -2.5124824e-01  -1.7948845e-01  -3.6398656e-02  -8.1513346e-02   5.0042870e-01  -7.5852182e-02  -2.4184966e-01  -9.7930584e-02  -2.7339475e-02   9.6859900e-03  -1.8290192e-01  -1.4388986e-01   4.6853369e-01  -1.1489303e-02  -5.0618009e-02  -1.3724011e-01  -8.2616084e-02   1.0082460e-01   2.7131733e-03  -2.8008158e-01  -1.5774663e-01  -1.0644907e-01  -2.1450776e-01  -1.6242898e-01   1.0896577e-01   2.4331726e-01   8.4818756e-02   1.6990144e-01  -1.1488473e-01  -6.3993270e-02   2.1586223e-01  -2.1113751e-02   4.9390232e-02   9.1222782e-02  -6.9227384e-02  -1.3247181e-01   1.5488902e-01  -1.0342773e-01   6.6914936e-02  -1.9712930e-01   2.8130599e-01   1.1303480e-01  -2.5477963e-01   2.8351716e-01   4.5488361e-02  -1.0738582e-01  -1.2317819e-01  -3.4960034e-01   9.6808244e-03  -3.3012493e-01  -3.7718326e-02   2.1140415e-01  -2.3159495e-01  -1.9766930e-01  -3.8948601e-02  -1.4158380e-01   6.2239542e-01  -2.0754615e-01  -9.1738478e-02  -2.0724523e-01   1.1787712e-01   6.3494216e-01  -1.4628228e-01  -7.8750478e-02  -1.6850703e-03  -1.4328992e-01  -1.4473715e-01   2.8416427e-01   8.5521737e-02  -3.0932561e-01  -1.4920491e-01  -4.5477325e-02  -3.7659939e-02  -2.9667043e-01  -1.1729711e-01   7.4196485e-02  -1.9492695e-01  -1.1848465e-01  -3.5929263e-02   3.7028009e-02   7.9640229e-01  -2.5694140e-02  -2.1990666e-01  -1.2317930e-01  -2.0387242e-01  -2.2793761e-01   6.5397182e-02   4.0199479e-01  -1.8264954e-01  -1.1373820e-01  -1.7135107e-01   4.6152952e-01   4.5136411e-02  -1.1576653e-01  -1.0149967e-02  -4.9306679e-02   1.9615325e-01  -1.8210137e-01  -1.3768691e-01   3.2304718e-01  -1.9902876e-01   1.0973958e-02  -3.0824519e-02   9.0218828e-02  -2.0615099e-01   4.8678415e-02   6.2992349e-01   5.4800462e-01   1.0401143e-01  -1.1613503e-01  -1.0208909e-01  -2.5611835e-01  -2.4193039e-01  -2.9096449e-01  -1.8705831e-01  -9.0108093e-02  -1.3570614e-01   3.3215081e-01  -2.4434944e-01   5.1415508e-02   1.6355820e-01  -7.9587493e-02   6.4455605e-01   6.1082117e-01  -1.2339848e-01   2.1609701e-01  -2.6176179e-01  -1.0999803e-01  -5.9172346e-02   1.0297819e-01   1.4053874e-01   1.9360764e-01  -4.9470448e-02  -1.0863991e-01  -2.4434557e-02   1.1236778e-01  -1.8517542e-01  -6.3455855e-02   6.6967944e-01  -2.4466573e-02  -1.0480079e-01  -4.7402644e-02   8.6506448e-02   5.4365290e-02
   2.3593933e-01   0.0000000e+00  -2.1908333e-02   2.0150747e-01   3.2779351e-02  -2.0605275e-01  -9.9913323e-02  -2.0921234e-01   9.0279374e-02  -1.2518585e-01  -1.8046442e-01   4.1772669e-01  -2.3491550e-01  -1.8677191e-02  -1.1816254e-01  -2.0481566e-01  -1.4514654e-02  -7.8823332e-02  -1.5261873e-02   7.2180988e-02   1.2949881e-01   3.2091593e-01  -5.5950660e-02   2.0243915e-01   1.5882136e-03  -1.8889232e-01  -3.0584096e-01  -1.9482712e-02  -1.2987666e-01   4.1240006e-01   2.6326649e-01   1.7160823e-01   1.8180055e-02  -3.0475671e-01   2.4786308e-01   6.3365719e-02  -2.0049132e-01   1.0532762e-01  -2.8807109e-01  -1.1684619e-01  -2.2459671e-01   2.9101009e-01  -6.5547372e-02  -7.0907277e-02  -2.0325266e-02   9.5230748e-02  -2.2133031e-01   1.2697482e-01  -1.5015743e-01  -2.9285066e-01   4.9000962e-02  -1.2606507e-01  -1.6452601e-01  -9.6620936e-02   5.8722271e-02  -1.2585271e-01  -6.1423577e-03   2.7535712e-01  -3.6708891e-02   1.6520717e-01   1.0822514e-01   6.0545533e-02   2.7533253e-01  -6.5727642e-02   6.7585213e-02   1.7671723e-01   6.8982038e-02  -3.5094369e-01  -1.7743509e-01   1.6385468e-01   4.3865959e-03   2.1808603e-02  -1.3525812e-01   2.6093914e-01  -6.1847766e-02  -1.0502118e-01   1.1329108e-01   1.4122451e-02   5.4019918e-02  -5.1183507e-02  -1.5331779e-01  -2.0326116e-01  -3.4670960e-01  -1.2907045e-01   3.9238731e-01  -1.9310098e-01  -1.1217403e-01   6.4197966e-02  -6.6234013e-02   2.7037309e-01  -1.9669628e-03  -4.1041227e-02  -1.6225553e-01   1.8434242e-01   2.1627759e-02  -3.7441464e-02  -7.1548275e-02  -1.2354049e-01  -1.8544279e-02   6.4581582e-03  -1.5777837e-02  -9.9235058e-02   1.2701878e-01   1.5216323e-01   1.5258607e-01   3.1945978e-01  -1.7265070e-01   7.3277610e-02   5.0195853e-02   5.2221995e-02  -1.9363627e-01   1.5253552e-01  -3.1310358e-01   1.7520074e-01  -1.1183546e-01   1.0722057e-01  -1.5465825e-01  -9.2813407e-02  -2.5258633e-01   1.8844568e-01   1.3936127e-03  -4.8583505e-02   3.7126903e-02   6.6194520e-02   6.0552763e-02   3.6544633e-01   3.9798362e-02  -8.9288788e-02   1.6293475e-01   1.9528981e-01  -2.2982477e-01  -2.5782459e-01   4.0551105e-01   1.8609774e-03   1.0884980e-01   5.2489596e-03  -1.0820203e-01  -1.0334728e-02  -7.6151299e-02   1.8789082e-01   1.7136573e-01  -3.5749629e-02  -8.3982618e-02  -2.3310286e-02  -8.1357331e-02  -9.5499483e-02  -2.4063980e-01   2.6767691e-01  -1.8197174e-01  -4.5136684e-02   9.4343604e-03  -1.4452054e-01  -1.0687587e-01   1.7097431e-02  -2.5772718e-02   1.8380856e-01  -1.0152976e-02  -1.0409149e-01  -1.0418161e-03  -1.5027359e-01  -1.1868777e-01  -1.4575096e-01   7.7703744e-02   2.3855879e-01  -1.2841865e-02  -1.5010512e-01  -1.8751522e-01   7.8254206e-02  -2.7508351e-02  -1.7792323e-01   1.0856829e-01   7.2270843e-02   4.9851202e-02  -1.5469815e-01   3.9137779e-02   1.3160214e-01   3.2341126e-01
   5.2211055e-02  -2.1908333e-02   0.0000000e+00  -2.1352175e-01   3.7456326e-01   2.9240981e-01   2.9964945e-01  -6.6373128e-02  -1.5860848e-01   9.4597897e-02  -3.8423289e-01   1.2176636e-01   1.3471890e-01  -3.1620499e-01  -7.0585571e-02   1.9280077e-01   7.4769962e-01  -3.7509238e-01   1.6202763e-01   4.1536049e-01  -4.5011895e-01  -3.1534681e-02  -2.2584934e-01  -1.6457849e-01   4.8657903e-03   1.4345296e-01   1.6573737e-01  -2.1840462e-01   1.0193467e-01  -5.6527343e-02  -1.0669517e-01   2.9424219e-02  -1.8985476e-01   2.1167448e-01  -2.1858210e-02   3.0737617e-01  -1.5159806e-01  -5.9706923e-02   9.5188115e-03   5.2342076e-01  -4.2122437e-03   9.7903128e-02  -3.1590108e-01  -1.8186399e-01  -2.8257505e-01   1.1670181e-01  -3.8480171e-01   1.9549853e-01  -3.1797531e-01   6.3879081e-01  -3.8742568e-01  -9.0231180e-02   4.7461928e-02   1.7302411e-01  -8.0051728e-02  -1.3866043e-03  -1.7674263e-01  -1.1271328e-01  -1.1822605e-01  -1.7131105e-01   1.9642387e-01  -2.2716580e-01  -9.9775540e-02  -1.6912166e-01  -2.8897665e-02   1.0156339e-01   5.8808854e-02   1.4941778e-01  -2.9415118e-01   4.8191787e-01   2.5426493e-01  -2.7593109e-01   5.9903110e-03  -1.2367236e-01   7.7889990e-02   3.1615796e-01   2.3010032e-01  -8.9375605e-02   3.1523677e-01   1.1138365e-02  -1.6000009e-01  -4.4881020e-02  -9.7871765e-02   6.9327346e-04  -4.6250446e-03   9.1891198e-02  -6.4213849e-02  -1.5347909e-01   1.7951694e-01  -1.2292430e-01   2.2949485e-01   5.1714942e-01   4.9021133e-01   7.8094455e-02   4.1923731e-03   5.6285129e-01   1.3963243e-02   7.9459962e-02   4.9732731e-03  -2.2062005e-01   4.2351540e-02  -2.2679606e-01  -1.1170461e-01  -2.0504985e-01  -3.4609193e-01   2.5834569e-02   2.3490343e-01   1.1388131e-01  -3.1487521e-02   1.9293314e-01   3.2199311e-01  -1.6206983e-01  -8.5530539e-03   1.9445937e-02  -1.5083471e-01  -5.8224087e-02   1.2067473e-01   1.0762536e-01   5.4027096e-02  -2.0872686e-01  -2.9422348e-01   5.3674380e-01   2.8297871e-01  -3.0723012e-01  -1.7819381e-01  -2.3162616e-01  -2.5203415e-01   1.9261885e-01   3.5379019e-02   4.8179018e-01   1.6215138e-01  -2.7928076e-01  -2.4025238e-01   9.2681081e-02   1.9391923e-03   9.3243106e-02   6.2516854e-02  -1.5212184e-01  -1.4001473e-01   6.9283926e-02   2.0087879e-02   1.8679405e-01  -1.4741708e-01   3.2767184e-01   2.3446421e-02  -3.9715226e-01   3.4008067e-01   9.7948677e-02   4.7422759e-01  -2.6406350e-01  -9.3896225e-02  -2.2965651e-01  -8.5492678e-03   1.7645704e-01   5.6355807e-01  -8.9273525e-02  -1.0606530e-01  -7.3386172e-03   3.8442109e-01  -1.7623454e-01   4.0166584e-02  -1.8933483e-01  -9.5594709e-02  -2.0622313e-01   1.8481471e-01  -1.0082440e-01   1.4626022e-01  -1.5559919e-01  -1.9977901e-01   2.5175437e-01   2.8364855e-01  -9.5630271e-02  -1.9035545e-01   1.7687350e-01  -2.7709163e-02  -5.0138509e-02   1.6046329e-01
   3.9686717e-02   2.0150747e-01  -2.1352175e-01   0.0000000e+00  -1.8408123e-01   5.1022144e-02  -1.9325495e-01  -6.6326253e-02   2.5275418e-01  -7.1801800e-02   3.0486420e-01   2.7353932e-01  -2.7898860e-01   1.2916734e-01  -1.3689570e-01  -3.7574789e-02  -1.4120136e-01   2.5524329e-01  -1.7401381e-01  -1.8038796e-01   3.3808926e-01   4.8552641e-01   1.0862853e-01   2.1055822e-01   4.3039589e-02  -9.2944803e-02  -5.7632089e-02   5.5070104e-02  -8.2096962e-02   2.7959078e-01  -1.1423749e-01   1.7176605e-01   3.8643617e-01  -4.1017809e-01   2.2041732e-01  -2.7234840e-01  -7.9953205e-02   2.7548789e-01   4.0687270e-02  -3.8223635e-01  -1.3764647e-01   3.7629405e-01   5.9676430e-02   1.0229889e-03   2.3397820e-01   2.9109556e-01   3.2687895e-01  -4.1838951e-01   4.1289643e-01  -4.5956323e-01   2.6695464e-01  -7.9414745e-02  -3.3502189e-01   2.1355446e-01   2.1036196e-01   5.2603234e-02   5.7899592e-02   4.1869791e-01   3.7704735e-01   2.7324387e-01   4.2772664e-01   4.1179751e-01   2.7014852e-01  -9.6998929e-02   2.1434504e-01   9.0415501e-02  -4.9677902e-02   1.9715778e-01   2.5688623e-01  -1.2361695e-01  -2.0101674e-01   6.4268499e-01  -1.0525030e-01   1.8613959e-01   5.9533611e-03  -3.3673214e-02   2.4661594e-02  -2.1277636e-01  -3.3490353e-01   3.9470281e-01  -2.7421304e-01   9.5644720e-03  -2.3083830e-01  -7.6372317e-03   2.8646206e-01  -2.5827014e-01  -1.4432740e-01   3.3326953e-01  -3.8230472e-01   1.3583929e-01  -2.3542559e-01   2.0585042e-01  -5.1342264e-01   3.2851212e-01   2.9666348e-01  -1.6942421e-01   4.9771357e-01  -3.0323426e-01   2.1340424e-01   1.6028504e-02  -1.7731299e-02  -2.4233447e-01   1.2994052e-02   1.6283415e-01   2.8055120e-01   4.8632298e-01  -2.9039247e-02  -3.2758526e-02   1.1752533e-02  -2.3499539e-01  -3.2416006e-01   2.7933300e-01   4.0646783e-01   2.0105093e-01  -1.0225694e-01  -2.1554378e-01  -1.3167374e-02  -2.7821610e-01  -1.4890871e-01   6.1190493e-01   2.9815932e-01  -2.8841499e-01   3.4143807e-01   1.9769983e-01   2.5103651e-01   3.3463966e-01   3.1879928e-02   7.3864856e-02   4.8289303e-01  -3.5240602e-02  -3.2797220e-01  -2.5134088e-01   9.4122120e-02  -2.6787354e-01   4.8814868e-01  -2.0466122e-01   2.4271167e-01  -5.3313454e-02   1.8044879e-01   2.3560621e-01   1.5347834e-01  -2.0543125e-02   2.5453272e-01  -2.4154423e-01  -1.0986372e-01   8.9540549e-02  -3.7314946e-01  -1.4268967e-01  -2.2425352e-01   2.8833936e-03   2.1319888e-02  -3.4006674e-01   2.6282661e-01  -4.7809544e-02  -4.3415284e-01   7.4311308e-02   4.1022894e-01   4.2714832e-02   2.9183870e-01  -1.2866029e-01   3.4354878e-01  -1.0927261e-01   7.9497056e-02   6.1148561e-01   2.3126424e-01  -2.3867754e-01  -2.5025127e-01  -6.8921427e-03   2.8623308e-01  -3.4418680e-01  -4.8121180e-01   2.0477167e-01   4.3198020e-01  -1.4063784e-01   2.3063640e-01  -4.3278489e-02   3.4171723e-01
  -1.6320377e-01   3.2779351e-02   3.7456326e-01  -1.8408123e-01   0.0000000e+00  -2.3490268e-01  -1.4386109e-01  -9.7573064e-02   2.2887706e-01   1.2848538e-01  -3.3171835e-01  -1.3922857e-02   1.6225621e-01  -3.9866210e-01  -1.6892415e-01  -1.3885582e-01   5.6354544e-01  -1.3708109e-02   1.2290105e-01   6.1278948e-01  -5.0591807e-01  -1.0455944e-01  -4.5936722e-01  -2.1168759e-01   2.8632275e-02  -1.0198354e-01   8.9761044e-02  -1.0096186e-01   3.5570606e-01   2.7609785e-01   1.7879128e-01  -2.1283964e-01   1.8025802e-01  -1.6240149e-01   2.0682337e-01   3.3846374e-01  -1.6159455e-02  -1.5231941e-01  -1.2130653e-01   1.5734358e-01   4.8095537e-02   2.9739831e-01   1.6203124e-02  -3.2573293e-01   2.6553223e-01  -2.8389962e-01  -3.6704123e-01   4.2939384e-01  -5.6661920e-02   2.8917672e-01  -2.0182306e-01  -1.9852061e-01   1.3545484e-02   2.0696267e-01  -1.1685326e-01  -2.0759038e-01  -1.0862346e-01  -2.8834510e-01  -2.5814124e-01  -4.8463896e-01   6.3446617e-02   1.4971534e-01   3.3608000e-01  -1.6732983e-01   5.8426942e-01  -1.5617328e-02  -3.7390145e-01   1.9341882e-01  -2.9910457e-01  -1.8839575e-01   5.7013287e-03  -4.2057507e-02   3.1513333e-01  -4.0328422e-01   3.2197225e-04   2.5784888e-01  -2.7880850e-01  -1.5047140e-01   6.7069968e-01   2.4509944e-01  -2.4799270e-01   7.7414629e-03  -2.9259891e-01  -1.2340689e-01  -2.8544730e-01  -4.7714732e-02  -1.2329017e-01  -7.3068556e-02   6.3098241e-02  -2.5362223e-01   6.7584048e-01   1.5086995e-01   4.1444313e-01   1.3691274e-01  -1.3824683e-01   5.8389599e-01   2.5000933e-01   6.0822507e-02   3.8421020e-01  -9.1609390e-03  -3.4234952e-01  -2.8705324e-01  -2.8213075e-01   4.4604735e-02  -3.5340168e-01   1.1248020e-01  -7.6173001e-02   2.0527261e-02  -8.8661669e-02   2.7575905e-01  -1.0722891e-01  -4.2632737e-01   7.6309143e-02  -3.0293983e-01  -2.5465422e-01   4.6560866e-01  -1.1727075e-01   2.5667822e-01  -1.4232627e-01  -2.6219577e-03  -5.2828617e-01   7.3864967e-01   2.7581774e-01  -5.6026604e-03  -3.4849764e-01  -3.8011580e-01   1.4258335e-01   2.6280267e-01  -7.1932520e-02   8.5767095e-02   1.1889067e-01  -1.5936367e-01  -1.7873959e-01   5.7947811e-02   6.2585960e-02  -2.7478753e-02   2.5241149e-01  -1.6641067e-01  -2.7701415e-01   4.7743242e-03  -1.6252773e-01   1.0616270e-01  -4.1963708e-01  -1.6997480e-01  -3.7688703e-02  -2.3492542e-01   9.4089002e-02   4.4336883e-01   1.2788737e-01   6.3981181e-02  -5.8931143e-01  -3.5803779e-01  -2.7586942e-01   3.1986088e-01   2.5996200e-01  -1.6483585e-01  -2.2450310e-01   8.0487872e-02   1.4218103e-01  -3.3182936e-01   3.5364953e-01  -2.5568385e-01   1.0457462e-01   3.3828968e-02  -2.8583302e-03   1.6244772e-02   2.9546055e-01  -2.3331103e-01  -3.3547246e-01   2.5638855e-01   4.0341514e-01  -3.8259169e-01   2.3553000e-01  -1.8765647e-01  -5.3083679e-02  -1.8735168e-01   3.2722782e-01
  -1.5324775e-01  -2.0605275e-01   2.9240981e-01   5.1022144e-02  -2.3490268e-01   0.0000000e+00   3.5318635e-01  -6.1291642e-02  -2.8774974e-01   2.4165805e-01  -4.8001031e-02   1.3964866e-01   1.6198095e-02   1.0752736e-01  -3.0934687e-02   4.2137592e-01   1.8951464e-01   8.1324063e-03   8.2128029e-02   1.2234933e-01   1.6932765e-01   1.1604414e-01   1.9364861e-01  -1.8670768e-01  -1.8223115e-01   9.3949847e-02   3.6146198e-01  -1.2616102e-01  -3.4275637e-02  -3.2982552e-01  -2.6794380e-01  -8.2779159e-03   3.4263748e-02   4.5813006e-01  -2.6644131e-02   1.9740253e-01  -1.1455440e-01  -1.5644983e-01   2.3504606e-01   2.2288099e-01  -1.0576410e-01  -6.4496476e-02  -2.0110140e-01   1.0754109e-01  -3.0804308e-01  -5.0917348e-02   1.0511767e-01  -4.7078428e-02  -7.5873086e-02   2.5387462e-01  -3.7112621e-02   3.0813259e-02   3.4426275e-01   1.1844278e-01   1.7900036e-01   9.3378829e-02   1.4812301e-01   3.6708503e-02   1.4501925e-01   1.3468959e-01   8.3298625e-02  -2.1142951e-01  -2.2925768e-01  -2.3420092e-01  -3.9145781e-01   1.8913516e-01   5.0462234e-01   1.5220698e-01   7.9914130e-03   2.8442694e-01   2.7141369e-01  -1.2340382e-01   1.9068944e-02  -8.6883202e-03  -1.3639718e-01   1.8871225e-02   2.2691795e-01  -1.3868944e-01  -1.0825961e-01  -7.0022644e-02  -1.6310173e-02  -1.7385059e-02   3.7126591e-01   1.7656635e-01  -7.3256967e-02  -1.3059754e-01   1.0828062e-01  -1.1586739e-01   2.7051431e-02  -1.7158417e-01  -1.2987301e-01   3.4912449e-01   1.7967207e-01  -8.1686718e-02  -1.1488961e-01   1.8790374e-01   2.0166138e-02   2.7141973e-01  -2.3736657e-01   1.1921844e-01   2.3306268e-01  -1.2084714e-01   1.9271513e-01  -1.7039659e-01  -1.3099842e-01  -2.2726762e-02   4.2617248e-01   8.3792994e-02   1.3441926e-01   1.3067619e-01   5.4432866e-01   1.4276352e-01   9.7059037e-02  -8.8084145e-02  -3.6382153e-02  -2.2182332e-01   9.4873426e-02  -9.9523174e-02   1.5577766e-01  -6.6109884e-02  -8.0517080e-02  -5.0425446e-02   1.8621024e-01  -1.9505898e-01  -1.4885718e-01   3.7973929e-02  -2.3489180e-01   5.5244918e-02   6.3172697e-02   5.3884727e-02   1.9088808e-01   2.2112185e-03  -2.4024708e-01   1.8767674e-01   3.2103392e-02  -2.8716621e-02  -8.6811150e-02  -2.6458932e-02   2.5864412e-02  -2.7850954e-02   5.6452242e-02  -3.2928783e-02  -3.0094559e-02   3.1562986e-01   9.6726398e-02  -8.1415045e-02   3.4537571e-01  -2.2204368e-01   4.2830275e-01  -3.7536445e-02   1.2059488e-01   1.2876949e-01   1.6609077e-01  -2.7747583e-02   2.5943440e-01  -2.2346111e-01  -8.5583232e-02  -1.8332149e-01   4.0649198e-02   2.2267177e-01  -1.8197294e-02  -1.9978498e-02  -1.9065190e-01  -2.1640196e-01   1.5785660e-02  -1.0337873e-01   1.8729045e-02  -8.9427261e-02   8.8930605e-02   2.4048279e-01  -3.6214807e-02  -1.1730449e-01  -2.5259262e-01   3.6343263e-01   2.0758932e-01  -2.7127145e-01  -7.6151018e-02
  -2.3689013e-02  -9.9913323e-02   2.9964945e-01  -1.9325495e-01  -1.4386109e-01   3.5318635e-01   0.0000000e+00   6.5815711e-02  -1.1955973e-01   1.6253363e-01  -1.3646787e-01   2.9464091e-02   7.4870257e-02   5.3879555e-02   1.7926641e-01   2.3758476e-01   1.7587410e-01  -7.9523819e-02   1.6062738e-01   2.7092468e-02  -2.0264629e-01  -2.2905312e-01   4.0202829e-02  -8.9891587e-02   9.7783630e-02   5.9874837e-02   6.6380733e-02   1.2297801e-01  -8.3188341e-03  -2.7411064e-01   8.5246096e-02   1.9767653e-02  -2.9874120e-01   3.7241195e-01  -2.5063056e-01   1.2552779e-01  -9.0478471e-02  -1.4151303e-01   1.0831809e-01   2.9635984e-01  -2.0245086e-02  -2.4075646e-01  -1.8699383e-01   1.6342900e-01  -2.5253973e-01  -4.0552801e-02  -1.1657418e-01   1.8270708e-01  -1.2759130e-01   3.6951611e-01  -1.1828756e-02   7.5355052e-02   6.0819702e-02  -2.6543942e-01   1.7082399e-01   5.0078012e-02   1.4578841e-01  -1.1242073e-01  -1.3146726e-02  -5.6246282e-02  -9.2888514e-02  -2.3414375e-01  -2.1288444e-01   9.7350110e-02  -3.0793344e-01   6.8345852e-02   1.2386651e-01   7.7890845e-02  -2.5643906e-01   3.6255103e-01   3.2454537e-01  -3.8957772e-01   4.9413595e-02  -1.6684963e-01   1.3961066e-02   1.8812328e-02   2.6311480e-01   4.7040003e-02   1.9387687e-01  -2.6579909e-01   2.9938195e-01   5.8770334e-02   1.8715023e-01   1.2365234e-01  -2.2461801e-02   6.7340140e-02   1.9263544e-01  -6.4437925e-03   3.0664894e-01  -1.1894990e-01  -1.7661170e-01   2.8893064e-02   2.0675974e-01  -9.7507325e-02  -1.2018021e-01   5.9693363e-02  -3.6475655e-01   1.3963850e-01  -3.8887877e-02   1.4983382e-01   4.3036150e-01   1.0365759e-01   1.1158095e-01  -1.7851737e-01  -2.5053163e-01  -1.3918431e-01   8.9369236e-02  -1.4913715e-01   1.0096030e-01   2.1760196e-01   4.6426817e-01   5.9478112e-02  -2.2113913e-02  -5.8455193e-02   2.2838537e-01   6.8882899e-03   1.2246434e-01   7.5696733e-02   2.9572450e-01  -4.1326891e-01  -1.9706362e-01  -9.0598333e-02  -1.3443591e-01  -1.3843426e-01  -1.8462468e-01  -1.3764942e-01  -1.1730891e-01  -1.5679610e-01  -2.4819360e-01   2.5551458e-01   1.6477634e-01   1.7339129e-01  -2.1677155e-01   1.5299014e-01  -1.8356513e-01   2.2295240e-01  -2.5164664e-01   3.3876007e-01   9.0711215e-02   2.9517085e-02   9.5699230e-02   1.8920417e-01   3.7199068e-02   4.1709165e-01   3.6503116e-01  -1.3635445e-01   5.3060268e-01   4.6345332e-02   4.0937295e-01  -3.8837057e-02   2.1231756e-01   3.6455859e-01  -1.9901789e-02   8.2693823e-02   4.4704741e-01   6.6819165e-02  -2.9548272e-01   9.1931019e-03  -9.3331992e-02   3.7092330e-01  -2.5128152e-01   2.3118427e-01   2.8675134e-02  -3.6032629e-01  -4.8969350e-02   1.3467922e-01   1.1174022e-02   9.6032705e-02  -2.8483868e-01   2.2913915e-01   7.5516623e-02  -1.7531457e-01  -3.4482525e-01   2.9648853e-01   8.0112155e-02  -1.7286709e-01  -3.7572388e-01
  -8.6043890e-02  -2.0921234e-01  -6.6373128e-02  -6.6326253e-02  -9.7573064e-02  -6.1291642e-02   6.5815711e-02   0.0000000e+00   5.1167137e-02  -2.6423146e-01   7.0901091e-02  -6.9955341e-02   8.9231417e-02   6.0627791e-02   3.5609488e-01  -3.0147884e-02   2.5159773e-02  -1.4441017e-01   2.2689171e-01  -3.4812971e-01  -7.9024161e-02  -1.8958217e-01   3.5966223e-02   1.1842535e-01   7.3168551e-02   2.9636012e-01   8.8773775e-02   4.5952196e-01   3.9614234e-02  -9.6216828e-02   4.7693005e-02   1.4086733e-01  -1.3334427e-01   1.0872884e-02  -3.2500593e-01  -1.5868425e-01  -8.4805582e-02  -5.0363642e-02   1.5560630e-01  -7.6779372e-02   3.2041949e-01  -2.3596155e-01   2.6839095e-01   2.8258728e-01   1.6411972e-01   5.6315154e-02   1.3004603e-01   1.1863038e-01  -4.5283546e-02   3.4609270e-02  -3.1300333e-02   4.2474467e-01  -6.6996535e-02  -1.8261458e-01   1.5706995e-02   3.0938535e-01   4.1917709e-01   1.0705350e-01   1.9043358e-01   1.5439243e-01   1.4818021e-01   2.7285874e-02   3.8105135e-03   3.6181668e-01  -6.5005068e-02   1.3312218e-02   1.3658806e-01   1.3955673e-01   3.8661466e-01   3.9065476e-02  -2.1306369e-01  -1.6158786e-02   1.9275266e-01  -1.2670002e-01  -5.9564628e-02   9.9659538e-02   1.1540885e-01   6.2797894e-02   6.5243813e-03  -1.1933352e-01   3.0605226e-01   1.2880723e-01   2.8735421e-01   3.2145684e-01   5.9238919e-02   3.6757369e-01  -1.6176176e-01   8.9218602e-02   1.8435118e-01  -2.1861154e-02  -3.2393292e-02  -2.9740579e-02   1.0700659e-02   1.3987723e-02  -2.1023664e-01  -1.7294379e-01  -8.5628924e-02   2.3665399e-01   9.7708624e-02  -1.8533831e-01   5.5529222e-02   3.5773769e-01   1.0812594e-01  -7.6334779e-02   4.0120127e-02  -6.7097282e-02  -4.1655553e-02   2.2399401e-01  -1.4494408e-01   2.3841057e-01   6.5938941e-02   1.4658964e-01  -6.3821497e-02  -5.9316345e-02   1.9455974e-01   3.9996014e-02   1.3789307e-01   7.7191397e-02   1.7978273e-01  -6.6005632e-02   6.4656351e-02  -3.6670660e-02  -1.3862314e-01  -5.6984617e-02   1.2142937e-01  -2.7414179e-02   1.6272937e-01  -1.3495428e-01  -1.3858353e-01   1.2297807e-01   9.3293173e-02  -6.0602794e-02   9.7164906e-02  -2.0351215e-01  -1.8752927e-02   3.7589984e-01  -9.2795996e-02   2.1826393e-01   4.2732498e-01  -1.9637709e-01   6.8339355e-03   3.5267764e-02   3.8298543e-01   2.7242802e-01  -1.1527088e-01  -1.7666216e-02   6.3224508e-02   2.9565566e-02   1.3618343e-01  -3.9652593e-02   9.3015577e-02   3.0124078e-01   9.3180334e-02   1.7632727e-01   6.8604138e-02  -1.4516972e-01   1.2235927e-02   3.0163058e-01   2.3935436e-02   3.1103077e-01  -2.3355169e-02   3.4442461e-01   1.7745381e-03  -7.0073060e-02  -2.6244316e-02   6.4127401e-03   1.4249343e-01   3.4982512e-01   1.5321121e-01   3.7460196e-03  -1.5220565e-01   1.2388930e-01  -7.3572420e-02   1.8228227e-01  -2.5729003e-01   2.0861770e-01  -3.0992955e-01
  -1.5095075e-01   9.0279374e-02  -1.5860848e-01   2.5275418e-01   2.2887706e-01  -2.8774974e-01  -1.1955973e-01   5.1167137e-02   0.0000000e+00  -1.2032807e-01   9.6195804e-02   4.5973946e-02  -1.2850350e-01   5.9334819e-02  -3.6036246e-02  -1.8932191e-01  -9.8257557e-02   2.6312592e-01   1.0185933e-01  -8.3225618e-02  -2.6704065e-02   2.0928221e-01  -8.9740310e-02   1.7266701e-02  -1.0637031e-01   9.1919894e-02  -7.1785754e-02   9.6325315e-02   6.2709414e-02   4.1177362e-01   2.7629903e-01  -4.5901048e-02   2.9095669e-01  -4.5774858e-01   3.2561533e-01  -1.5003134e-01  -1.2879083e-01   1.0651900e-01  -9.9331949e-02  -1.7268263e-01  -1.3895786e-01   3.1314216e-01   3.1018432e-01  -1.2799119e-01   4.5563510e-01  -1.5177430e-01  -4.8769930e-02   1.3063160e-01   2.2064506e-01  -2.8939880e-01  -2.3419677e-02   4.0440165e-02  -2.8396159e-01   5.4162175e-02   1.0316935e-01  -1.0544746e-01   3.6442426e-02   1.2908630e-01  -6.1602695e-03  -1.1908030e-01   4.6800430e-02   2.8760907e-01   5.4708126e-01  -5.0372483e-02   4.8015593e-01   6.5107591e-02  -3.3560488e-01   1.4117219e-01   3.4523207e-02  -1.1389511e-01  -2.0347752e-01   3.4617704e-01   1.3353079e-01  -1.1928681e-01   6.6340947e-02  -5.9608012e-03  -4.0115350e-01  -2.5589121e-01   1.5103174e-01   1.9886754e-01  -3.3820239e-02  -9.0644741e-02  -2.4308677e-01   5.8451307e-02  -3.8259520e-04  -8.1009282e-02   3.2983444e-03   1.9503113e-01  -1.5050248e-01  -7.2781812e-02   3.9327560e-02  -7.4196935e-02  -2.6637878e-01   3.3005262e-01   1.7590448e-02  -5.9746562e-02   2.0071671e-01  -1.0688169e-01   2.2797794e-01   1.3838804e-01  -1.7183055e-01  -7.4697874e-02  -1.2461010e-01   5.0798372e-01   2.7623307e-02   2.6247828e-01  -2.1510977e-01  -1.5062661e-01  -2.0648635e-01  -2.4726882e-02  -2.7247592e-01  -3.1859147e-02   3.4774186e-01  -1.7005499e-01   3.4702650e-02   1.5149946e-01  -4.6452621e-02  -7.7979496e-02  -2.3649908e-01   2.4000621e-01  -4.8113332e-02  -5.0697950e-02   2.6298602e-01   4.4373217e-01   1.2445589e-02   1.1632678e-01   4.0266167e-01   8.5186858e-02   2.7080950e-01  -2.1961265e-02  -2.8414591e-01  -6.9158306e-02   4.6706563e-03  -6.3491359e-02   2.7122798e-01  -2.9016618e-01   1.8379786e-01   1.8251055e-01  -2.1137066e-01  -1.2684346e-02  -1.2598531e-01  -8.8460415e-02  -8.3528507e-02  -1.5239545e-01  -1.5791630e-02   1.4847114e-01  -1.9058423e-01   1.6701407e-01  -2.6446612e-01   1.0417150e-01  -1.4608014e-01  -1.7125255e-01  -1.0729954e-01   2.1445398e-01  -2.3167253e-01  -6.6548738e-02   1.1862829e-01   5.1119461e-04   3.4826042e-03  -1.9608642e-01   2.8340203e-01  -1.7690181e-01   2.3523198e-01   4.1945292e-01   1.8042731e-01  -6.9320049e-02   1.8864009e-01  -4.1781244e-02  -1.1440297e-01  -2.3108959e-01  -1.1860283e-01  -4.0120159e-02   3.9273020e-01  -1.9666390e-01  -1.6811895e-01  -1.0772064e-01   3.2336866e-01
  -2.0155728e-01  -1.2518585e-01   9.4597897e-02  -7.1801800e-02   1.2848538e-01   2.4165805e-01   1.6253363e-01  -2.6423146e-01  -1.2032807e-01   0.0000000e+00  -1.3509244e-01  -1.8461027e-02   1.2985931e-01   1.5999770e-01   1.8301381e-01   2.5612732e-01   1.4112370e-01   7.8023582e-02  -2.0754772e-01   3.5312135e-01  -9.5801799e-02   9.6518545e-02   1.3174348e-01  -1.0514645e-01  -1.2694328e-01  -6.8972755e-02   1.3314882e-01  -1.8585756e-01  -1.1272421e-01  -5.6601356e-02   1.6342008e-01  -3.8366728e-02   8.1283576e-02   3.4147017e-01   1.8824419e-01   1.6601765e-01   1.6955908e-01  -1.9964643e-01   1.5672479e-01   1.9634197e-01   7.6199190e-02   5.5838453e-02   2.0753487e-03   5.5774677e-02   1.1548352e-01  -1.5509073e-01  -1.4480301e-01  -8.6236275e-03   1.0855433e-01   1.8395430e-01   1.4982891e-01  -1.9127254e-01   1.9066869e-01   8.7357178e-02   6.2698000e-02   2.8017267e-02  -1.8164881e-01  -1.5393628e-01  -1.4382610e-01   1.2320357e-02  -6.8480035e-02   1.4860432e-01  -5.7542646e-02  -1.4175732e-01  -5.0292295e-02   1.9311897e-01   7.3997135e-02  -3.4531376e-02  -1.0638363e-01   9.5354049e-02   1.5362760e-01  -1.0775176e-01  -2.6185236e-02   1.7351101e-03   1.7367221e-01   1.4628923e-01   2.3014751e-02  -1.2839680e-01   1.6599852e-01   3.2224834e-02   6.6076406e-02  -4.9884093e-02   1.5260315e-01  -2.1435014e-02  -1.5551113e-01   8.8237539e-02   3.0521762e-01   2.4989190e-02   1.2860108e-02  -1.3853770e-01   1.5345814e-01   1.9646706e-02   2.2699105e-01   4.1051747e-02  -9.9915234e-02   1.6808081e-01   1.1376069e-01   9.6022668e-02   3.0551936e-02   2.2587662e-01   4.0734205e-02  -1.1556091e-01   1.1548414e-01   1.3522063e-01  -1.1222454e-02  -1.1765888e-01   5.2784343e-02   5.3342240e-03   3.1962098e-01  -1.2755024e-01   2.1499051e-01   2.2484846e-02  -8.0783378e-02  -2.3851536e-01  -3.0975130e-02   2.6400090e-02   1.1483601e-01   1.3887876e-01   1.2326831e-01  -7.8908509e-02  -1.5337254e-01   2.5430032e-01   1.1869682e-01   1.4015031e-01  -2.8263436e-01  -5.4260356e-02   5.2879530e-02  -5.6997765e-02  -6.9486890e-02  -1.6551348e-01   2.1235134e-01   2.2719803e-01  -8.9258622e-02   1.6156623e-01  -9.2952432e-02  -1.5945304e-02  -9.6850376e-03   1.0478038e-01  -1.7787958e-01  -8.0734216e-02  -1.5612771e-02   1.4338334e-01  -2.8700516e-02   3.6785214e-02   4.2306037e-01   6.3518272e-02   2.5818855e-01   3.3367233e-02   8.1004252e-02   1.6756596e-01  -1.8297332e-01   5.1712828e-02  -1.9482914e-01  -2.9970829e-01   2.1021105e-01  -2.7701973e-02  -2.4302062e-01  -2.9620494e-01   4.1393897e-02  -2.6329788e-02   6.6842599e-02  -5.5363411e-02  -5.6012870e-02  -7.0448200e-02  -6.8222168e-02   1.8730005e-01  -8.2038593e-02  -8.6649136e-02  -3.3474640e-01   1.1470118e-01   3.1735723e-01  -2.2421474e-01  -1.3081637e-01   5.8125478e-03   6.0578449e-02  -1.1840250e-01   8.3360762e-02
  -4.3294084e-02  -1.8046442e-01  -3.8423289e-01   3.0486420e-01  -3.3171835e-01  -4.8001031e-02  -1.3646787e-01   7.0901091e-02   9.6195804e-02  -1.3509244e-01   0.0000000e+00  -1.5187350e-01  -1.0910038e-01   7.3629588e-02  -2.8071937e-02   5.2038723e-02  -4.1309732e-01   4.8427397e-01  -1.4940875e-01  -3.5267108e-01   4.7778117e-01   1.8133824e-01   1.4290924e-01   1.8948744e-01  -1.8772869e-01  -7.0211624e-02   3.3744823e-02   1.5218653e-01  -2.2625636e-01  -2.9558498e-02   2.3477547e-02   3.7524190e-02   1.0425590e-01  -1.5916869e-01  -5.2909448e-02  -3.0306010e-01   3.4208747e-02   1.6761839e-01   5.1476683e-02  -1.4350079e-01  -5.0298352e-02  -1.6080453e-01   1.5041281e-01   2.8042113e-01   1.5951697e-01   9.2733013e-02   5.4063042e-01  -3.9627908e-01   3.4702165e-01  -3.6696053e-01   2.7003041e-01   1.2449620e-01  -1.0255353e-01   7.8036885e-02   1.1383659e-01   1.4819296e-01   1.7018912e-01   2.1307465e-01   3.7913004e-01   2.2023314e-01   7.9836426e-02   2.3640146e-01  -1.1619361e-02   3.8364330e-01   1.5130247e-01  -5.8242006e-02  -3.0693044e-02   2.1048666e-01   4.8690723e-01  -1.0745673e-01  -3.0104180e-01   4.9043186e-01   2.7796132e-03   1.7415544e-02  -3.4485854e-02  -1.7093994e-01  -5.0709391e-02   2.1394441e-02  -3.3843283e-01   8.9465008e-02   1.4915227e-01   6.9153778e-02   1.0822785e-01  -9.1366286e-03   1.2004599e-01  -2.5411235e-02  -6.7359997e-02   2.1220714e-01  -2.4850667e-01   4.7996358e-02  -2.7219197e-01  -1.2246659e-01  -4.4291501e-01   1.3480320e-01   1.5130245e-01  -3.5636336e-01   1.9208925e-01  -2.3524234e-01   5.9028978e-02   8.9922253e-02  -9.4805450e-02   2.6060230e-01   4.8133939e-02   1.2044018e-01   3.2027723e-01   1.1644577e-01  -1.6439310e-01  -7.9327990e-02  -8.8694382e-02  -3.0888798e-01  -1.8973615e-01   2.0240396e-01   2.6792449e-01   1.4376042e-02   2.2762932e-01  -2.1991363e-01   1.7422599e-01  -1.0730391e-01   4.2143068e-02   3.1342655e-01   1.9831623e-01  -4.1599372e-01  -1.1318007e-01   3.2247203e-01   2.9632800e-01   1.7670205e-01   1.4825177e-01  -2.0845879e-02   3.0518965e-01  -2.1245542e-01  -1.8693684e-01   2.9691881e-01  -5.8936587e-02  -7.3765532e-02   3.4477305e-01  -1.7807293e-02  -8.7072424e-02   2.2682731e-01   1.6300269e-01   4.3593353e-02  -6.5619084e-02  -6.1285487e-02   3.7418428e-01  -1.6229862e-01   6.3649810e-02   3.7390561e-01  -1.7355667e-01  -2.1418577e-01  -3.9940640e-01   1.8852838e-01   1.6667429e-01  -5.1844765e-02   1.8716075e-01  -4.7396717e-02  -4.5906919e-01   2.7249791e-03   2.3212896e-01   2.5002324e-01  -1.1739140e-01   5.9554770e-02   2.9498056e-01   2.2863469e-01   1.5815615e-02   3.4291385e-01  -4.6957373e-02   4.6040565e-02  -2.0381215e-01  -1.3047713e-01   2.4840870e-01  -3.1609246e-01  -3.5241721e-01   2.0404404e-01   3.7072396e-01  -8.3779083e-02   9.2268889e-02  -4.9148302e-02  -3.0041059e-02
   4.8527014e-02   4.1772669e-01   1.2176636e-01   2.7353932e-01  -1.3922857e-02   1.3964866e-01   2.9464091e-02  -6.9955341e-02   4.5973946e-02  -1.8461027e-02  -1.5187350e-01   0.0000000e+00  -1.2351077e-01  -5.4575157e-02  -4.6027890e-02   1.9552565e-02   1.5996122e-01  -8.3871540e-02  -2.6836227e-02   1.6120266e-01  -4.2147727e-02   2.5376214e-01   2.6158789e-02  -1.7881185e-02  -5.2923434e-02  -6.4585937e-02  -3.2186324e-02  -9.3629957e-02   9.7036055e-02   2.4774604e-01  -5.2612695e-02   4.7023642e-03  -8.8732231e-03  -1.4507864e-01   1.7876846e-01   1.4777575e-01  -2.2720108e-01   1.5248419e-02  -1.1501673e-02  -1.3390611e-01  -1.1426795e-01   2.0704752e-01  -7.7534758e-02  -2.5562101e-02   1.8023792e-01  -3.1511797e-02  -2.2565139e-01   1.2779155e-01  -1.7118894e-01  -1.0625352e-01  -1.0855092e-01  -8.7121939e-02  -1.1025027e-01   1.0810007e-01  -1.7551810e-02   3.6367623e-02  -1.3356337e-01   8.1301248e-02  -9.0081683e-03  -3.3280587e-02   1.2445490e-01   3.9880876e-02   3.8774865e-02  -9.9674539e-02  -1.5848007e-02   1.4447029e-01   1.0769172e-01  -1.5418431e-01  -3.8626700e-02   6.4148651e-02   8.2035288e-02  -9.7931872e-03  -4.8888067e-03   2.2723241e-01   4.3312380e-02  -3.0316494e-02   3.8981678e-02   1.3937346e-02   1.3562110e-01  -2.2229003e-03  -2.1360622e-01  -1.7951307e-02  -1.1896776e-01  -1.3134807e-01   1.9713206e-01  -1.7856107e-01  -9.4880068e-02   1.8058803e-01  -5.0265346e-02   1.5054630e-01   3.1050006e-02   1.2450844e-01   1.4881242e-01  -1.1184351e-02  -9.5870647e-02   1.1300803e-01   3.0894459e-02   3.8340955e-02   2.2800526e-02   5.4336816e-02  -4.2782966e-02  -2.5381912e-02   8.1696961e-02   8.1899032e-02  -2.2430648e-02   1.9888508e-01   1.2261276e-01   6.7917790e-02   1.3067722e-01   1.4080057e-01   7.4749324e-02   2.4105550e-02  -8.3565308e-02   4.9087217e-02  -1.9169504e-01   1.6654896e-02  -1.7262978e-01  -1.2677566e-01  -1.2418192e-01   1.6524420e-01  -5.2850480e-02   1.3346914e-01   2.5825815e-01  -1.1153769e-01  -1.1056524e-02   1.8156020e-01   4.4324133e-02  -1.5255630e-01   1.3581188e-01   1.6003861e-01  -7.6653032e-02  -2.6298815e-01   2.2636851e-01  -2.4995989e-01   6.6630118e-02   4.9697715e-03   2.2272962e-01  -1.6412057e-01  -1.8005778e-02   1.5186451e-01   7.9937815e-02   2.0306797e-02  -2.2969321e-02   5.3035095e-02  -1.4472885e-02  -2.4135328e-01  -8.0938893e-03   6.4591608e-02   7.9330272e-02  -3.1047336e-01  -3.7152935e-02  -8.9874180e-02   2.9900179e-02   7.5226910e-02   7.1350707e-02   3.3766756e-02   3.9608751e-02  -4.6466163e-02   9.2275155e-02  -1.7220727e-01   1.3338491e-01  -1.1217061e-01  -1.0517865e-01   1.1044261e-01   3.5998112e-02   1.5643327e-01   1.7231086e-02  -4.4817005e-02   4.3625041e-02   5.0964252e-02   1.1338698e-01  -6.0356172e-02  -8.6236916e-02  -6.7375503e-02   1.7834585e-01   4.3497444e-02   1.9633485e-01
  -1.2397800e-01  -2.3491550e-01   1.3471890e-01  -2.7898860e-01   1.6225621e-01   1.6198095e-02   7.4870257e-02   8.9231417e-02  -1.2850350e-01   1.2985931e-01  -1.0910038e-01  -1.2351077e-01   0.0000000e+00   5.4654822e-02  -2.3393332e-02   6.7958597e-02   2.0576659e-01  -1.2690732e-01  -2.4843371e-02   1.1485830e-01  -1.8040542e-01  -3.5199534e-01  -1.9488776e-02  -8.5968211e-03   7.7760197e-02   4.7751350e-02   2.0879614e-01   4.7405632e-02  -2.8582926e-02  -3.0530888e-02  -3.4100906e-02  -4.6587686e-02  -8.0787055e-02   1.8221169e-01  -1.7536499e-01   1.5463428e-01   7.0015345e-02  -6.1444422e-02   1.4687263e-01   1.8807875e-02   4.8920311e-01  -8.6528685e-02  -1.0617559e-01   5.3146094e-03   1.4975975e-01  -1.6379197e-02  -3.6547000e-02   9.3549123e-02   2.0462454e-01   2.6254670e-01  -1.0258318e-01  -6.2210376e-02   2.5203761e-02  -1.3021466e-02  -1.5623442e-01   8.2615147e-02   2.7856900e-02  -2.1286887e-01   4.7967408e-02  -1.4121624e-01   1.0240618e-01  -1.9469204e-02   4.8117379e-02   1.1712382e-02   1.8419665e-02  -1.6723906e-01  -6.0869900e-02  -1.5585663e-02   2.2564170e-02   9.7369746e-02   6.3391633e-02  -2.9393839e-01   2.3872154e-01  -6.0824417e-02   5.6770734e-02   2.6434346e-01   1.6087099e-01  -4.6464210e-02   5.9352013e-02  -8.7583826e-02   6.5993063e-02   2.3286185e-01   1.4445791e-01   1.3025269e-01  -1.1573600e-01   5.9344228e-02   8.8709185e-02   6.2163229e-03   1.3434243e-01  -6.1958410e-02   1.9590244e-01   7.5274186e-02   1.3310072e-01  -3.0333231e-02  -1.4992762e-01   7.5320104e-02  -1.0421396e-01   1.7116999e-01   4.7986798e-02   7.3556845e-02   4.0889479e-02   1.1285868e-01  -2.4525418e-02  -7.9672447e-02  -1.1700587e-01  -1.5956221e-01   5.9324237e-02   4.9609515e-02  -1.3230145e-01   1.6746130e-01   2.6708262e-02  -1.4563560e-01  -1.3942820e-01  -1.4043180e-01   1.0162129e-01  -3.3613285e-02  -6.5010086e-03   4.9595168e-01   2.0454871e-01  -2.1245293e-01  -1.6041566e-01   2.7458529e-01  -3.6583036e-02  -1.9554899e-02   2.7211948e-02  -1.5945219e-01  -2.1494295e-03  -1.1079155e-01  -3.5229521e-01   3.8750976e-02   4.2950083e-01   9.4160585e-02  -6.3348251e-02  -3.2898939e-02  -4.0314985e-01   1.2373972e-01   1.3660575e-02   6.0169306e-02  -2.2684474e-02  -2.6477797e-01  -8.5200225e-02   2.1199824e-01  -4.2191577e-02   2.4279842e-01   2.4181304e-01   5.0704893e-02   2.5376653e-01   5.4761577e-02   1.2951959e-01  -6.9408648e-02   1.6193805e-02   1.3008440e-01   1.0162874e-02  -9.1523505e-02   1.4262783e-01  -2.5314668e-01  -1.9075854e-01   4.8191987e-02   3.7952852e-04   1.1038017e-02  -2.5707327e-02  -1.1188915e-02  -1.5530596e-01  -3.6603994e-01  -6.5677994e-02   8.6070817e-02   1.4858535e-01  -4.6641816e-02  -2.6816350e-02   1.2913238e-01   1.7787432e-01  -1.2420579e-01  -2.4146241e-01   2.3822727e-01  -2.4492172e-02  -2.8576255e-01  -1.5297215e-01
  -8.3798067e-02  -1.8677191e-02  -3.1620499e-01   1.2916734e-01  -3.9866210e-01   1.0752736e-01   5.3879555e-02   6.0627791e-02   5.9334819e-02   1.5999770e-01   7.3629588e-02  -5.4575157e-02   5.4654822e-02   0.0000000e+00   1.7931784e-01  -2.9706102e-02  -3.4883752e-01   1.6900063e-01  -1.2593721e-01  -2.0693177e-01   2.6459281e-01   9.7702568e-02   5.5674745e-01   2.8819380e-01   5.2555681e-02  -1.0796283e-01  -4.3643108e-02   6.2741076e-02  -1.9333005e-01  -1.1090647e-01   2.2984895e-01  -4.8671608e-02  -6.8045991e-02   1.2311394e-01   9.3491816e-02  -2.7119422e-01  -1.3081722e-02   2.3892116e-02   6.5450277e-02  -1.5764701e-02  -1.3698154e-01  -1.5608816e-02   2.8749192e-01   8.5026695e-02   8.9651972e-02   5.4739592e-02   1.4711213e-01  -2.3782144e-01   3.8576270e-01  -2.1735658e-01   2.8585001e-01  -1.4119576e-01   6.6336153e-02   8.0288544e-03   3.3854002e-01   1.4885905e-01   9.3069450e-02  -2.8965595e-02  -1.0115583e-02   3.9986628e-01  -4.5417430e-02   2.1471078e-01  -2.1236565e-01  -3.9604841e-02  -3.0830209e-01   4.2922659e-02   2.5466035e-01  -1.7670107e-01   2.1456900e-01   9.5344914e-02   1.0603968e-01   9.2502583e-02  -3.1743078e-01   1.9025718e-01   5.0160469e-02  -9.7986302e-02   6.7799009e-02  -1.3853567e-01  -3.3667041e-01  -7.6384225e-02   1.0699084e-01  -1.8870399e-01   3.0979424e-01   1.9532071e-01   1.5045340e-01   2.1477076e-01   3.7963156e-01   3.1619317e-01  -2.8550681e-02   1.2150942e-01  -2.9959533e-01  -6.6029253e-02  -2.0976049e-01   8.6018156e-04   6.7842202e-02  -2.7960510e-01  -1.0666684e-01  -4.5944837e-02  -8.9162980e-02   3.0166487e-01   4.4324584e-01   8.2419009e-02   2.0251545e-01   2.7027234e-02   3.3759757e-01  -2.0465082e-01   1.2412051e-01   2.0638349e-02   2.0298989e-01  -2.4205838e-01   6.6329467e-02   4.1316678e-01  -1.2101998e-01   5.0774562e-02   4.2799278e-01  -2.6945059e-01  -4.0996986e-02  -8.8880287e-02   3.3187515e-01   1.4184084e-02   2.5946804e-01  -3.4420852e-01  -8.0046469e-02   3.8712191e-01   1.6627922e-01   4.1187530e-01   2.6003420e-01  -1.3475719e-01   2.3537077e-02   6.9332192e-03  -8.6915754e-02   1.8789605e-01   1.5574638e-01  -5.7141497e-03  -8.6585003e-02  -5.1244917e-02  -7.7976813e-02   4.6982062e-01   2.0260887e-01  -5.0378713e-02   1.9225884e-01  -2.7403052e-02   2.2659494e-01   2.4287910e-01   3.1274643e-01   3.1224982e-01  -2.2323638e-02  -1.8443201e-01  -1.6948282e-01   2.8286810e-01   3.3410873e-01   3.1578102e-01   3.0207755e-01  -2.8211781e-01  -3.8622357e-02   1.7408550e-01   5.5903476e-02  -2.2095406e-01  -1.1716099e-01   2.1200033e-01  -1.7795453e-01  -2.5361396e-02   2.9590844e-02   3.5431444e-02  -2.0538459e-01   6.8591781e-02  -7.9896791e-02   5.6904496e-02   1.7975360e-01  -8.0420437e-02  -1.4420826e-01   1.0111375e-01  -1.4627458e-01   8.0849609e-02  -1.4531251e-01  -5.0255755e-02  -9.7009284e-02
