   0.0000000e+00  -2.5299309e-01   2.2862237e-02   1.2235999e-01  -1.5241705e-01   1.7456007e-02  -3.3506292e-01   2.1126150e-01   8.0790075e-02  -2.6782117e-01  -4.0915377e-01  -3.8998177e-01  -3.3430976e-02   2.0336504e-01  -3.5199425e-01  -2.7020282e-01  -9.7192278e-02  -2.8151592e-01   1.6821653e-01  -2.0257794e-01  -3.6955023e-01   4.8551480e-02  -2.9081495e-01   5.6864960e-01  -9.1880202e-03   2.7446773e-01  -1.2946455e-01   1.3267198e-01  -1.8547220e-01  -4.1228993e-01  -2.6505126e-01  -4.4139402e-02   4.0830926e-02  -2.8289355e-01   9.6171105e-02  -3.1626070e-01  -2.4069383e-01   2.8157712e-01  -2.2691488e-01  -1.9952535e-02   5.1140978e-02   1.1214194e-01   8.0003520e-02  -1.6010029e-01  -1.9620076e-01   4.5861906e-01  -4.7873446e-01  -4.0485465e-01   1.6810313e-03  -1.9366868e-01  -2.8152103e-01   2.8332265e-01  -3.4558152e-01  -2.4609585e-01   4.5926166e-02  -5.6784601e-02   1.2396310e-01  -2.8471590e-02  -2.2488758e-01  -7.7528638e-02   4.7704184e-01  -2.4671432e-01   1.7171968e-01  -4.1801515e-01  -1.2875747e-01  -2.6318038e-01  -1.0049374e-01  -1.1332011e-01  -7.7779263e-02   2.2405528e-01   3.5926268e-02  -6.7241593e-02   1.3358647e-01   5.2117870e-01   9.1807114e-02   6.9357217e-02   3.8950417e-01  -1.2873622e-02  -1.5384973e-01  -2.0964689e-01   1.6282813e-01  -3.7988058e-01  -2.6209917e-01   2.6341158e-01   3.9257443e-01  -2.2049434e-01   8.1742493e-02   2.4892444e-01  -6.1871630e-03   6.6784629e-01  -7.6187076e-02   3.4555244e-01  -1.8459907e-01   1.6804517e-01   3.9139003e-01   3.3910694e-02  -1.9657747e-01   1.8091644e-01  -3.1619406e-01  -1.0958109e-01   2.7840546e-01  -2.7921578e-01  -3.5205983e-02   5.9069579e-02  -3.2486143e-01  -3.6103710e-02   7.1157600e-02   1.0523197e-01  -8.5145302e-02  -3.3977142e-01  -4.0139475e-01  -1.9327565e-01  -2.1097387e-02   6.1186817e-01   3.2178295e-01   6.8717502e-02  -4.3934264e-02  -8.4827191e-02  -2.4788993e-01   5.1070160e-03   4.1123195e-01  -5.9230186e-02  -1.7902997e-01  -2.6615421e-01   5.0847516e-01  -1.3647084e-02  -1.9812754e-01   2.1081638e-03   7.5289884e-02  -8.4127475e-02  -7.4141138e-02  -5.7186187e-01   1.1032540e-01  -2.6271016e-01   2.1804161e-01   4.9379254e-02  -1.3022188e-01   1.6431192e-01   2.3850001e-01   4.1750618e-01   4.3129600e-01   1.4478219e-01  -2.1862123e-01   2.6936958e-02  -5.0739959e-01  -3.0465482e-01   1.6274129e-02  -1.5420100e-01  -1.6475422e-01  -1.5423849e-01   6.3223472e-01   2.0688938e-01   4.1629978e-01  -2.2946069e-01  -7.7391623e-02   4.7868134e-01   4.7481996e-01  -2.3003885e-01   4.0451006e-01   1.4950218e-01  -3.7655133e-01   5.5886719e-02  -2.5111297e-01  -3.9507066e-01  -4.8370554e-02  -2.3358145e-01  -2.5640849e-01  -1.7153651e-01   3.8002704e-01  -1.2848809e-02  -3.5143692e-02   2.4562558e-01  -2.0463589e-01   4.1872367e-02  -1.2527560e-01  -1.3550597e-01  -2.9724582e-02
  -2.5299309e-01   0.0000000e+00   3.2233659e-01  -2.5850236e-01   5.8628383e-01  -3.4651647e-01   9.8582021e-03  -3.1698410e-01  -2.3628636e-01   4.1401213e-01  -5.5407973e-02   4.8292548e-01   5.0121746e-03  -3.6859531e-01  -5.1389414e-02   3.1526679e-01   5.3368455e-01  -5.4225992e-03   3.7791240e-02   5.0442214e-01   3.4962834e-02  -3.4833105e-01   2.2459221e-02  -3.8942261e-01   7.5741796e-02  -1.6092518e-01  -8.2213894e-02  -1.5073879e-01  -9.5798696e-02  -1.4329382e-02  -1.4271895e-02  -1.5013353e-01   1.4697377e-01   3.5954602e-01   5.0708229e-03   3.9688412e-01   2.5515388e-01  -1.1831475e-02   3.2986649e-01   2.3350967e-01  -1.1847039e-01  -7.6173252e-03  -3.8375312e-01  -3.1762023e-01   1.9823021e-01  -2.6574003e-01   4.0812142e-02   2.1417579e-01  -2.2054023e-01   4.7814255e-01  -1.2130140e-01  -3.7722159e-01   5.6274451e-01   5.6402847e-02  -2.0679983e-02  -4.0718429e-01  -1.7568191e-01  -1.7629110e-01  -1.4449805e-01  -1.8177295e-01  -2.3598720e-01   1.3534597e-01  -1.0007674e-01   3.8754704e-01   4.2530606e-01   2.8619063e-01   1.0280755e-01   1.4973413e-01  -4.7065166e-01  -1.8891028e-01   3.7091103e-01  -2.7711708e-01   1.8340402e-01  -1.9866224e-01  -4.9498099e-02  -2.3616320e-01  -1.5288571e-01  -2.4311763e-01   5.2536738e-01  -4.8188370e-02  -4.0033600e-01   2.9968595e-01   2.5487852e-01  -1.7830902e-01  -7.8002850e-02  -1.0150290e-01   1.5876055e-01  -4.9585848e-01   2.3326547e-02  -5.6986923e-02   4.5471631e-01  -2.4789467e-01   3.9730580e-01  -4.3200339e-01  -2.1733269e-01   4.4293642e-01  -1.2227309e-01  -1.5420280e-01   2.2861379e-01   1.1114705e-01  -3.7613069e-01  -9.7376310e-02  -2.8784076e-01  -3.2846302e-01  -2.2002582e-02  -7.1683215e-02   1.1765904e-01  -2.5830451e-01   9.0846847e-02   1.2063905e-01   4.1219229e-01  -4.6212529e-01  -2.8059269e-01  -3.9429759e-02  -3.2245808e-01   3.2282983e-01  -2.7458363e-01   2.5291762e-01  -3.0433515e-01  -2.0689211e-01  -3.3172313e-01   4.9264829e-01   7.6965982e-02   1.8596267e-01  -1.2230864e-01  -2.8815674e-01   1.1294707e-01   9.5570752e-02  -3.5073926e-01   3.6442822e-01   2.6817960e-01   4.0343146e-01   3.1655149e-01   4.1844129e-02  -3.7956511e-01  -2.9495375e-01  -1.9803952e-01  -3.3306114e-01  -2.3299507e-01   8.0135324e-02  -7.5454696e-02   7.3934646e-02  -1.5060708e-01  -4.4115233e-01   3.5305999e-01   1.5312880e-01  -9.0360232e-03   2.4892808e-01   2.3063523e-02   5.1211027e-01  -3.8189546e-01  -3.6399739e-01  -2.2779837e-01   3.5114052e-01   5.7106184e-01  -1.2244236e-01  -2.1985000e-01  -1.2768414e-01  -1.4226742e-01  -3.3183433e-01   5.3831599e-02  -2.1637023e-01   3.9224253e-01  -1.6334503e-02  -9.0468992e-02   3.5771610e-01   3.7006901e-01  -8.2476658e-02  -2.6235137e-01   3.9731614e-01   3.2047714e-01   5.2490488e-02  -1.2735449e-01  -2.6678499e-01   2.0324810e-01   4.7821915e-02  -6.7134894e-02
   2.2862237e-02   3.2233659e-01   0.0000000e+00  -7.7428479e-03   3.4981514e-01  -2.3175818e-01  -3.7336790e-01   1.1212828e-01  -5.8642680e-02   1.6273901e-01  -3.8516803e-01   1.5414668e-01   3.3056266e-02  -3.0396029e-01  -1.9966764e-02  -2.5463485e-03   7.1345522e-01  -3.4657983e-01   1.7858587e-01   1.6588644e-01  -2.5315097e-01  -1.0080961e-01  -3.5110255e-01   1.8224936e-02   3.6716089e-01   8.8103187e-02   1.1573683e-02   9.8808709e-02   3.9565247e-02  -4.2080911e-01  -1.2561973e-01  -1.8403097e-01   7.6182600e-02   1.2941883e-03   7.7217060e-02  -8.1716626e-02  -1.3808124e-02  -1.7515831e-01  -3.3482144e-02   8.1023391e-02  -6.3103357e-02   8.2089932e-03  -1.0862793e-01   9.4118789e-02  -2.1101680e-01   1.7498786e-01  -4.8938426e-01  -1.1307807e-01  -6.7701837e-02   4.4911963e-01  -3.6485616e-01   1.2692228e-01   1.1391490e-01   1.4487776e-01   6.8370933e-02   3.6939353e-02   1.2064129e-01  -2.5687700e-02  -7.6119395e-02   8.3196870e-02   4.2317808e-01  -1.9999330e-01   1.3124006e-01   1.3076445e-01  -7.2355330e-02  -1.8952534e-01   2.2187904e-02   3.0767250e-02  -2.6569429e-01   3.1681829e-02   5.4225673e-01  -5.8335942e-01   2.0300511e-01   3.6730811e-01   2.1692788e-01  -9.8497941e-02   2.2249667e-01  -2.0420380e-01  -1.3796444e-03  -5.8261199e-04  -6.0133778e-02  -1.5072310e-01   3.3511799e-01   1.6600680e-01   5.9119520e-01  -2.2828171e-01   9.2233663e-03   8.8323754e-02   1.5098635e-01   9.5022272e-02   2.2647998e-01   5.4545502e-01   3.9629584e-01  -7.0254652e-02   6.3055709e-03   3.9755262e-01  -1.2196664e-01   1.7803845e-02  -3.3881981e-02  -3.7932248e-01   1.8433474e-01  -2.6234088e-01   7.3524059e-02  -2.6533195e-01  -4.3567160e-01   8.4930871e-02   6.0199090e-02  -7.0412165e-02   7.2867135e-02  -1.1241088e-01   2.0516095e-01  -5.5299604e-01  -1.0423680e-01   1.7719743e-01   4.9695827e-02   2.2443350e-01  -9.1257929e-02   1.1598077e-01   1.5283429e-01  -2.4850412e-01  -1.0023904e-01   3.7669676e-01   4.1620216e-01  -1.9287240e-02   9.0512975e-02  -1.8926126e-02  -3.1829045e-01   2.3771244e-01  -5.9772497e-02   4.6131430e-01  -2.0859307e-01  -3.0394101e-01   4.8692468e-01   1.9351408e-02  -3.3626246e-02  -1.7072038e-01   4.4363925e-02   2.2566642e-02  -1.6692456e-01   5.7647535e-02   1.1050407e-01  -1.7693192e-01  -2.7075274e-01  -3.8981334e-02  -6.5841835e-03  -3.2015805e-01   3.4192406e-01  -1.5363967e-01  -3.0016471e-01   2.8490942e-01   1.5571583e-01   1.1696015e-01   2.8185032e-01  -1.0707213e-02   6.6814066e-01  -6.7190634e-02   9.8911854e-02  -4.0801827e-02   5.7119155e-01   1.0044078e-01   8.0101956e-02  -1.8454464e-01   2.9208325e-02  -4.0575398e-01   9.5873659e-02   3.1990502e-01   8.4939666e-02  -8.2968793e-02   1.4201092e-01   3.1699234e-01   2.7940274e-03   3.1045684e-02  -5.4773595e-01   3.1016815e-02   1.9205368e-01   1.6748769e-02   1.5167119e-01
   1.2235999e-01  -2.5850236e-01  -7.7428479e-03   0.0000000e+00  -3.0613161e-01   3.2961338e-01  -1.2772805e-02   3.2197706e-01   4.8412145e-01  -2.7907953e-01  -2.4315767e-02  -1.3055936e-02   1.7445268e-01   3.8773047e-01   3.9760779e-02  -5.9274351e-02  -1.3871462e-01   1.2399715e-01   2.2823650e-01  -2.4543206e-01  -1.3702377e-01   6.4254471e-01   4.9636702e-03  -1.5406700e-02   2.1115207e-01   2.9185090e-01   3.0600010e-01   1.8414335e-01   1.5613052e-01   1.1093003e-01   1.1513683e-01   4.2315586e-01   2.1615831e-01  -2.2783273e-01   2.3637722e-01  -2.9306651e-01  -3.5310332e-01  -4.0506885e-01  -1.3931043e-01  -1.1543087e-01   2.0533344e-01   8.0160213e-02   1.5415240e-01   1.4515113e-01  -8.8928668e-02   1.0376021e-01  -4.8315630e-02  -1.3294040e-01  -4.8818048e-02  -2.5441784e-01   3.1436797e-01   3.4110973e-01  -2.3422474e-01  -6.3069664e-02   3.1619490e-01   2.0464313e-01   2.5099522e-01   5.5097802e-01   4.8510958e-01   4.6839519e-01   2.5514693e-02  -1.5819113e-02   2.5480779e-01  -2.3589800e-01  -1.4554876e-01  -3.9450160e-01   1.6166605e-01   9.7100393e-02   5.8463035e-01   9.4203168e-02  -2.5248838e-01   2.6995917e-01   1.0972931e-01   2.3992922e-01   2.7346842e-01   3.6326183e-01  -9.9243415e-02   2.3493947e-01  -3.6549134e-01   2.2836480e-01   3.8838672e-01  -2.5815110e-01  -2.8717295e-01   2.9701287e-01  -1.2445355e-01   3.5179633e-01   6.8447823e-02   2.7055798e-01   5.6850184e-02  -2.1233102e-01  -2.9736761e-01   1.6617392e-01  -3.6628216e-01   6.2890764e-01  -1.1632781e-01  -1.9842757e-01   3.5884697e-01   3.9037105e-01   4.0135124e-02  -2.2991745e-01   1.2920927e-01   1.2367058e-01   3.8222573e-01   5.4217986e-01   2.5089199e-01   5.7758607e-01  -1.1031278e-03   4.8365512e-01  -1.2000171e-01  -2.2036594e-01  -3.0464035e-01   4.1528833e-01   4.0255909e-01  -1.7386497e-01   1.0148854e-01  -1.7176111e-01   2.4404801e-01  -9.6469968e-02   5.1571273e-02   7.2541703e-01  -1.0552955e-01  -2.3175903e-01   5.3626780e-02   1.3690072e-01  -4.1310132e-02   4.5273335e-01  -4.0314614e-02   7.2963694e-02   6.8444814e-01  -3.0305138e-01  -2.2976380e-01  -4.1376745e-01   1.5612615e-01   7.0927360e-02   6.0898959e-01   3.7428276e-01   3.1238309e-01   2.1902980e-01   4.9450745e-01  -2.2455097e-01  -3.1438392e-02  -6.8832122e-02   2.4039660e-01   1.5824951e-01  -9.9906607e-02   1.3900995e-01   1.2387408e-02  -1.4663968e-01  -1.6159789e-01  -6.7916118e-02   3.0457310e-03   3.5636160e-01   1.6724084e-01  -2.7925067e-01  -2.1743830e-01  -1.8398016e-01  -5.5276493e-02   3.2683387e-01   1.8624005e-01   4.5898713e-01   1.4351950e-01   5.4236737e-02  -3.3000135e-01   3.3311781e-01   6.1977336e-01  -1.2279914e-01  -3.3173542e-01   5.8154547e-02  -9.6275173e-02  -3.6190968e-01  -2.4790734e-01  -4.0304284e-01   2.1628558e-01   2.0445492e-01   1.1057530e-01  -1.0572372e-01   5.7994227e-01
  -1.5241705e-01   5.8628383e-01   3.4981514e-01  -3.0613161e-01   0.0000000e+00  -5.2980505e-01  -2.7924961e-01  -2.5950534e-01  -1.8463042e-01   2.2738418e-01  -1.8902427e-01   2.0296186e-01  -7.5119786e-03  -4.6949335e-01  -9.7094509e-02   1.3781946e-01   7.2186412e-01  -6.8597702e-02  -6.8455515e-02   7.5259426e-01   1.8741833e-01  -3.9318579e-01  -1.2463951e-01  -4.0882280e-01   2.4293422e-01  -2.4866910e-01  -7.7137227e-02  -1.8466713e-01  -1.0002901e-01  -2.4671860e-01   1.6082342e-02   1.1989344e-03   1.2424423e-01   1.9172349e-01   1.7746616e-01   5.8725879e-01   3.9068317e-01   8.0851805e-02   7.1880035e-02   1.5052169e-01   2.8641529e-02  -2.6715000e-01  -1.3506357e-01  -3.1523542e-01   1.7935345e-01  -4.0774696e-01  -4.6004967e-02  -7.0436607e-02   2.4345714e-01   5.1512823e-01  -2.1633111e-01  -2.0618629e-01   4.0517976e-01   2.8092697e-01  -1.4650830e-01  -4.5863054e-01  -2.0919082e-01  -2.1039317e-01  -2.1954109e-01  -1.8399608e-01  -1.5307930e-01   5.4437157e-02   7.8363142e-02   1.9943997e-01   4.8612702e-01   1.6893658e-01  -6.8950468e-02   2.8104541e-01  -5.3147734e-01  -3.7761618e-01   3.1541381e-01  -3.5679313e-01   7.6077386e-02  -1.3619876e-02   2.2327227e-01  -2.7238146e-01  -2.7455873e-01  -1.6553125e-01   6.4487064e-01  -2.7354278e-02  -4.6495796e-01   4.6739345e-02   3.0437402e-01  -2.5810796e-01   1.4477472e-01  -1.2653753e-01  -1.2814198e-01  -3.5542801e-01   1.4658127e-01   1.1756373e-02   7.3821469e-01  -1.4865787e-01   5.2336794e-01  -4.0102282e-01  -3.1377791e-01   7.3783059e-01   7.5207237e-02  -2.4499099e-01   3.0442053e-01  -3.1131028e-02  -4.8086834e-01  -1.9564602e-01  -2.4784163e-01  -4.6358818e-01  -1.0398306e-01  -7.6585587e-02   1.6616281e-01  -3.1270843e-01   2.7969177e-01   3.2542684e-02   3.2556354e-01  -4.9885316e-01  -1.0601431e-01   3.0397187e-02  -5.0553669e-01   5.5131088e-01  -3.1855879e-01   2.5941962e-01  -2.5245072e-01  -1.5509606e-01  -3.6305709e-01   7.7963528e-01   4.3557992e-01   1.7787882e-01  -1.7738341e-01  -2.3384322e-01   8.5583429e-02   2.1755280e-01  -3.6175409e-01   3.1273302e-01  -5.6920831e-02   2.0949678e-01   4.5165788e-01   5.3187818e-02  -2.9906113e-01  -3.8507816e-01  -5.8949879e-02  -3.4932415e-01  -3.1220917e-01   1.1056549e-01  -1.5641604e-02   1.5510981e-02  -2.4644010e-01  -4.5404954e-01   1.4946843e-01  -9.5530206e-02  -2.1819606e-01   2.0024313e-01  -4.0218672e-02   4.2534927e-01  -3.2365094e-01  -2.8749821e-01  -2.5258894e-01   1.6914886e-01   5.8295583e-01   3.5178159e-02  -2.8000005e-01  -2.0624525e-01  -4.1693489e-02  -1.7575009e-01   1.8332626e-01  -4.4975887e-01   5.5711857e-01  -9.2119822e-02  -3.2975342e-02   4.5675726e-01   2.1495173e-01  -1.1245399e-01  -2.7089399e-01   6.7686784e-01   3.9431923e-01   6.8068278e-02  -1.8689648e-01  -3.6276495e-01   2.7265965e-01   4.8480843e-02  -9.6692313e-02
   1.7456007e-02  -3.4651647e-01  -2.3175818e-01   3.2961338e-01  -5.2980505e-01   0.0000000e+00   1.8030941e-01   4.0944717e-01   1.9560447e-01  -2.8894235e-01   1.9741754e-01  -1.2156937e-01   4.5932640e-02   2.4453055e-01  -1.3669313e-02   4.4624797e-02  -3.5945848e-01   6.6206277e-02   2.1387320e-01  -4.8742996e-01  -1.5402025e-03   4.9393444e-01   6.6888210e-02   1.1303911e-01  -1.5313613e-01   4.2385009e-01   3.7551592e-01   3.1106214e-01  -1.6956088e-02   3.8285874e-01  -6.0758603e-02   1.3027811e-01  -8.3401937e-02  -1.9816171e-01  -1.0581610e-01  -3.7465678e-01  -4.5150945e-01  -2.4499484e-01   1.0094400e-02  -6.8311365e-02  -1.2167903e-02  -9.4186333e-02   1.6201706e-01   2.0812357e-01  -2.0999177e-01   1.4292193e-01   8.8830326e-02   1.7743707e-02  -1.9621476e-01  -2.3992937e-01   1.6467174e-01   4.1170172e-01  -2.2768208e-01  -2.7108276e-01  -1.0855507e-01   4.5349930e-01   2.8115645e-01   3.3488786e-01   2.5839730e-01   3.3361315e-01  -1.2356875e-01  -1.0539257e-01  -1.0863922e-01  -1.5670425e-01  -2.2206682e-01  -2.7360309e-02   5.2070269e-01  -1.0597002e-01   5.6025297e-01   1.2659940e-01  -3.6165848e-01   3.8315883e-01  -5.6735140e-02   9.8817093e-02  -1.0262706e-01   2.2639104e-01   6.0623819e-03   1.8795431e-01  -3.9469115e-01   7.1752898e-02   5.9511832e-01  -3.4287236e-02  -2.5394705e-01   3.3418224e-01  -1.3008838e-01   1.7062832e-01   1.1170852e-01   1.4455990e-01  -1.1670623e-01  -1.6594390e-01  -3.8037436e-01  -5.4623495e-02  -2.6704543e-01   3.9592456e-01  -4.6884565e-02  -4.4591519e-01   2.0550120e-02   3.7724626e-01  -2.5288844e-01  -1.3122255e-01   1.6856313e-01   2.3770938e-01   2.3950301e-01   5.3109509e-01   1.3609071e-01   2.4277741e-01  -2.3668528e-01   5.5183482e-01  -3.9756628e-01  -2.3978819e-02  -1.7825559e-01   5.2333885e-01   5.1576252e-02  -1.8520315e-01   3.5859166e-01  -3.0994660e-01   4.7703003e-01  -3.6879107e-01   3.4250155e-01   8.5898991e-02  -6.0691157e-03  -4.6004574e-01  -3.1296370e-01  -8.2930142e-02   1.8854131e-02   3.1414723e-01   2.0380035e-01  -2.1693416e-01   3.3609512e-01  -2.6788970e-01  -1.3180993e-02  -5.3695925e-04  -2.1073121e-01  -4.3205579e-02   2.3373736e-01   3.5260980e-01  -3.6263545e-02   3.7420552e-01   2.6899169e-01  -2.8869702e-01  -1.1876893e-01  -1.0190583e-01   2.9317300e-01   5.4735648e-01  -7.8408396e-02   1.3513404e-01  -1.6808435e-02  -1.4058238e-01   1.0790406e-01  -4.4186992e-01   1.5725880e-01   3.8529211e-01  -7.6402466e-02  -5.4995330e-02  -2.8893392e-01  -2.3910003e-01  -5.9104098e-02   7.9097704e-02  -1.0505415e-01   4.0323695e-01  -6.9376948e-02   3.5764082e-01  -3.7375924e-01   2.3441618e-01   3.0241606e-01  -2.5191035e-01  -7.5778848e-02   3.0252124e-01  -2.0264174e-02  -3.4174775e-01  -3.5477732e-01  -2.3761788e-01   2.8276184e-01   5.1182318e-01  -1.2135737e-01  -1.6865055e-01   2.4565840e-01
  -3.3506292e-01   9.8582021e-03  -3.7336790e-01  -1.2772805e-02  -2.7924961e-01   1.8030941e-01   0.0000000e+00  -2.0294952e-01  -1.0329568e-01   3.1599203e-01   3.3345835e-01   2.0744403e-01  -2.6417928e-01   9.2938377e-02   3.2130847e-01   1.9810595e-01  -4.5601284e-01   2.4482141e-01  -2.0478689e-01  -1.5406032e-02   3.0004362e-01   1.0185178e-01   7.4978173e-01  -1.5455926e-01  -1.8821409e-01  -2.6589388e-01   3.3811980e-02  -2.1341526e-01   1.5210693e-01   5.1659426e-01   1.5883292e-01   7.9554083e-02  -1.1612105e-01   4.4306901e-01  -1.3424975e-01   1.1860268e-01  -1.0867206e-01  -9.1496700e-02  -4.8107301e-02   1.4138702e-02  -2.4208998e-01  -3.5255622e-03  -9.1287137e-02   2.5819277e-01   3.0324386e-01  -1.3929592e-01   4.7055731e-01   3.5456080e-01  -2.8853847e-01  -2.7135565e-01   4.1051544e-01  -2.2137646e-01  -2.1307176e-02  -1.8466452e-01  -7.1403561e-02   2.2492770e-01  -2.1395520e-02  -2.2632657e-02   2.4605069e-01   9.6100792e-02  -4.1267192e-01   2.2631585e-01  -1.7543326e-01   5.1274702e-02  -1.9890583e-01   4.5947784e-01   1.0217288e-01  -4.6839915e-02   2.6405173e-01   1.4599173e-01  -2.3261942e-01   3.4033471e-01  -2.8359975e-01  -4.0708101e-01  -2.2131553e-01  -4.3821606e-02  -1.3988065e-01   1.5843167e-01   4.8550596e-02   8.5485922e-02   1.5842509e-01   1.4796920e-01  -2.9367637e-01  -1.9812084e-01  -4.6122148e-01   1.9947668e-01  -5.3617621e-02  -1.4088571e-01  -4.3412537e-02  -2.4927800e-01  -2.7791608e-01  -5.3225548e-01  -1.7689228e-01  -1.9496495e-03  -5.2255325e-02  -4.5391331e-01   9.4610804e-03  -1.1922280e-01   1.0896945e-01   6.0584768e-01   1.2336001e-01   4.6079570e-01   1.6742301e-02   1.3424792e-01   5.3563202e-01  -3.7479714e-02  -3.3065768e-01  -7.8134968e-02   1.2057731e-02   3.1524608e-01   1.5645989e-01   5.0954965e-01   6.8947087e-02  -2.2183183e-01   1.1327320e-01  -2.6966081e-01   2.1445992e-01  -1.0309723e-01   9.2491694e-02   1.7683238e-01  -1.1039029e-01  -2.4952184e-01  -2.9027473e-01   5.9239680e-02  -7.8426584e-02   5.5194682e-02   2.5432001e-01  -3.1683183e-01  -1.0152598e-01  -1.8663965e-01   7.3431288e-02   3.6969272e-01  -5.1173720e-01   1.6334542e-01  -1.2966697e-01  -1.3201301e-01   1.4232496e-01  -1.3412913e-02  -9.7020410e-03  -2.4058189e-01  -1.6378382e-01  -1.4074500e-01   2.4727853e-01  -1.4495047e-02   4.2568763e-01   4.9674714e-01   2.4844680e-01   1.7263142e-01   3.5978771e-01  -8.6676927e-02  -2.5195580e-01  -1.6749939e-01  -2.4484547e-01   1.7849542e-02  -4.1429376e-01  -2.1679335e-01  -1.5574627e-01   1.9303280e-01  -5.7337188e-01  -7.6942624e-02   9.1145689e-02   1.2407337e-01   1.9888813e-03   4.2315195e-01  -2.1028887e-01  -7.7842696e-02   1.8247208e-01   1.0815879e-01  -7.7340200e-02  -4.6751418e-01   2.5480025e-01  -1.9819241e-01   2.8608364e-01  -8.1187363e-02   1.4724917e-02  -7.9814762e-02  -1.5144255e-01
   2.1126150e-01  -3.1698410e-01   1.1212828e-01   3.2197706e-01  -2.5950534e-01   4.0944717e-01  -2.0294952e-01   0.0000000e+00   1.7580537e-01  -3.6270474e-01   1.9322840e-01  -4.3899601e-01  -1.3215985e-02   1.0081729e-01   1.6228535e-03  -1.7303388e-01   3.0361242e-02  -2.6958234e-02   3.3486450e-01  -4.7738234e-01  -2.5854491e-01   4.7249077e-01  -2.4678590e-01   1.3309119e-01  -3.8927564e-02   6.2414746e-01   3.9617434e-01   5.0241695e-01   4.8589546e-02  -9.8995622e-02   9.6903374e-02   9.5461646e-02  -7.5748675e-02  -4.2262347e-01  -1.0505422e-01  -4.8643761e-01  -2.2483935e-01  -2.1238816e-01  -2.0773798e-01  -1.9832042e-01  -3.4752518e-02  -1.7426937e-01   1.9450571e-01   3.6905907e-01  -2.0667680e-01   2.1727774e-01  -2.2237350e-01  -1.2385811e-02   3.4797986e-02  -1.2915268e-01  -1.0915327e-01   6.9677547e-01  -1.1203235e-01  -2.9601232e-01  -1.0788955e-01   4.0487766e-01   4.7111695e-01   3.3009265e-01   7.3307233e-02   1.4643424e-01   2.1949677e-01  -1.8761281e-01   1.6103427e-02   5.1479140e-02  -1.7672865e-01  -2.1531708e-01   4.3023377e-01  -3.0930157e-01   4.3982012e-01   2.0470396e-02   7.7549607e-02   1.1251040e-01   4.3793429e-02   2.4896226e-01  -1.6796310e-02   3.0822293e-01   1.2113739e-01   2.1013995e-01  -4.3391802e-01   6.4455833e-02   5.7259118e-01  -2.7602958e-01   1.1786777e-01   7.0544000e-01   2.3021126e-01   1.2211198e-01   1.4666326e-01   2.7530306e-01   3.3998262e-02  -9.1697588e-02  -1.7998861e-01   3.1719600e-01  -1.9194959e-01   4.2437454e-01   7.4362875e-02  -1.3225747e-01  -1.2642304e-01   5.4930487e-01  -2.1528225e-01  -3.9588853e-01   1.9790356e-01   1.2832604e-01   3.8983976e-01   3.2665461e-01  -1.9521937e-01   7.1763373e-02  -1.8245441e-01   7.0596052e-01  -3.4923576e-01   4.3984023e-02  -1.5862233e-01   1.0127286e-01  -2.4314014e-02  -1.9754605e-01   2.6061363e-01   1.2197040e-01   4.2658301e-01  -3.4922143e-01   3.4800929e-01  -1.8721635e-02   7.2291600e-02  -3.5685412e-01  -8.1150693e-02  -1.5243955e-01   3.5279825e-02   1.4688395e-01  -9.4174010e-02  -5.4134515e-03   4.6201771e-01   3.2647918e-02  -2.8083226e-01  -3.3489173e-01   5.3117731e-02  -1.7511373e-02   3.7207990e-01   5.0907717e-01  -1.1161480e-02   4.6734224e-01   3.3469917e-01  -2.8722265e-01  -1.1379855e-01  -2.6538002e-01   2.3065580e-01   5.0856875e-01  -3.2160347e-01  -2.1893101e-01   9.5276703e-02  -1.5577370e-01  -5.0803280e-02  -2.1515820e-01   3.1188906e-01   6.4982936e-01   2.4850830e-01   8.5318825e-02  -7.2867351e-02  -1.9761666e-01   5.1812635e-02   5.7949555e-02   2.9208996e-01   4.9238796e-01  -6.4080412e-02   4.0146434e-01  -3.0690021e-01   1.8185630e-02   3.6380553e-01  -1.3972123e-01  -2.7304253e-01   9.2247792e-02   4.4545307e-02   3.9192628e-02  -2.9735400e-01  -1.6521463e-01   1.5648296e-01   4.6638979e-01  -1.6694771e-01  -3.2149888e-02   2.8845307e-01
   8.0790075e-02  -2.3628636e-01  -5.8642680e-02   4.8412145e-01  -1.8463042e-01   1.9560447e-01  -1.0329568e-01   1.7580537e-01   0.0000000e+00  -2.8554217e-01  -2.0805764e-01  -1.0595249e-02   7.6494133e-02   3.3816141e-01  -7.4858725e-03  -3.1698946e-01   1.0109456e-02  -7.4519219e-02   2.1502600e-01  -1.6136126e-01  -3.1607151e-01   5.1035284e-01  -8.1040867e-02   3.0595915e-02   1.0336948e-01   3.1925273e-01   6.5747108e-02   1.4261028e-01   1.2598340e-02  -1.6994264e-01  -7.2921998e-02   4.0205397e-01  -4.5687101e-02  -2.5302209e-01   3.6522864e-01  -1.9145628e-01  -1.6607135e-01  -5.7791139e-01  -2.7288203e-01  -2.4206552e-01   5.5240304e-02  -1.0997359e-01   5.0761303e-01   1.8993269e-02  -3.2431101e-01  -4.2854915e-02  -1.8892983e-01  -2.3122286e-01  -4.0377681e-02  -3.1261826e-01  -2.2677770e-02   4.6337256e-01  -2.1523137e-01   9.7469394e-03   1.8300232e-01   9.9452466e-02   7.9085072e-02   5.1507058e-01   4.9843350e-02   3.6736232e-01  -8.1909501e-02  -1.7196097e-01   4.1364723e-01  -1.7430859e-01  -1.6770525e-02  -4.6791569e-01   9.6395391e-02   6.0288413e-02   2.4634426e-01  -2.3275321e-01  -2.6051148e-01   1.2687281e-02  -1.0769346e-01   2.8384013e-01   2.4689551e-01   4.6601187e-01  -3.1010697e-01   8.1575167e-02  -1.9453629e-01  -1.1465066e-01   3.8221235e-01  -1.9724996e-01  -8.6042043e-02   5.7910653e-02  -3.6083236e-02   3.1993530e-01   1.5274954e-01   4.0174663e-01   7.9190826e-02  -2.4994088e-01  -1.0242487e-01   9.2213162e-02  -3.0932092e-01   7.2090422e-01  -3.5295563e-01   1.0028555e-02   1.1144247e-01   2.6338400e-01  -2.0646672e-01  -2.9206020e-01   1.1197571e-01  -8.1536592e-02   5.2881210e-01   3.9243967e-01   2.4336426e-01   4.9294709e-01   2.3062091e-01   3.3286946e-01  -1.5362663e-01  -2.3630626e-01  -1.9590174e-01   1.7810484e-01   1.0686861e-01  -2.1681491e-01   1.4791072e-02  -5.1762232e-02   1.2002665e-01  -8.8739927e-03   8.9687312e-02   4.5202899e-01  -2.4394813e-01  -4.8631117e-02   1.1215475e-01   1.4432288e-01  -2.0828638e-01   5.0664276e-01  -3.5842975e-03   2.8071959e-02   5.5657665e-01  -3.6324720e-01  -2.3016496e-01  -3.5875987e-01   3.6670311e-01   1.0276149e-01   7.6217548e-01   4.1262611e-01   3.3066520e-02   4.0384154e-01   3.2211852e-01  -2.5359055e-01   6.4423283e-03   1.5783982e-01   1.8357042e-01   7.3505656e-02  -2.7388765e-01   8.0215339e-02   9.7570577e-02  -2.1766259e-01  -3.3135876e-01  -1.3113038e-01  -2.1109815e-02   4.3475206e-01  -9.4798236e-03  -2.8268079e-01  -1.5949021e-01  -2.8138333e-01  -1.6230890e-01  -3.5520476e-02   1.5739093e-01   6.3553185e-01   1.0769152e-01  -7.5093215e-03  -2.7322973e-01   8.2490657e-02   4.7472757e-01  -1.4354972e-01  -1.9753637e-01   1.7897760e-01  -1.6488746e-01  -1.7452737e-02  -8.5928766e-02  -4.2504656e-01   3.8570477e-02  -4.4899986e-02  -3.2779841e-02   1.6386281e-02   4.6648161e-01
  -2.6782117e-01   4.1401213e-01   1.6273901e-01  -2.7907953e-01   2.2738418e-01  -2.8894235e-01   3.1599203e-01  -3.6270474e-01  -2.8554217e-01   0.0000000e+00   3.3477893e-03   4.4806787e-01  -2.2409315e-01  -2.8278971e-01   2.5908627e-01   2.6316039e-01   1.0590326e-01   2.0949794e-02  -2.1713740e-01   3.9415324e-01   9.6830550e-03  -2.3239644e-01   2.3981750e-01  -1.0970851e-01  -1.6987220e-01  -2.6497677e-01  -1.3982580e-01   6.0166312e-02  -3.9317218e-02  -4.5893798e-03  -7.8480751e-02  -1.6688674e-01  -4.5786427e-02   5.2670226e-01   1.9803979e-02   3.4185763e-01   1.2899800e-01   7.6649541e-02   2.0860883e-01   1.8650849e-01  -1.0018463e-01   5.6234298e-02  -1.3031645e-01  -4.7636046e-02   3.7903258e-01  -5.4622289e-04   1.3559265e-01   1.8847818e-01  -1.8302043e-01   1.7174533e-01   7.5512998e-02  -3.5085036e-01   2.2570614e-01  -6.1380861e-02   1.0950306e-01  -1.9258740e-01  -2.0151407e-01  -2.0291281e-01  -8.2370038e-02  -7.1939823e-02  -1.3903528e-01   3.4751125e-01   3.8131000e-02   1.0908460e-01   6.1068289e-02   5.0541782e-01  -5.8147222e-02   4.7148102e-02  -2.2366675e-01   2.9781632e-01   1.7633773e-01  -1.3991145e-01  -1.2288386e-01  -2.3462141e-01  -2.9987385e-01  -2.4502433e-01   6.0406526e-02  -1.7533593e-01   3.1552768e-01   6.8961716e-02  -1.9778157e-01   1.3844464e-01   2.0010236e-02  -2.7359165e-01  -1.4723578e-01  -9.1210022e-02  -9.4344248e-02  -1.3437432e-01   3.0509211e-02  -3.3354931e-02   1.7406294e-01  -2.4919109e-01   3.2436844e-01  -3.3028828e-01   5.1263905e-02   1.5448927e-01  -7.6151677e-02  -2.8611382e-01   1.9339186e-01   3.9198462e-01  -9.1294046e-02   1.5020898e-01  -1.5207395e-01  -3.3746910e-01   3.4559089e-02  -1.0092200e-01  -4.7118056e-02  -2.9125005e-01   3.4817824e-01   2.7931306e-01   4.8050881e-01  -1.8109265e-01  -1.4388768e-01   4.0771026e-02   4.9785206e-02   3.7348607e-02  -8.9390852e-02   2.1500693e-01  -6.3682061e-02  -1.6033798e-01  -3.8946320e-02   2.4605056e-01  -4.3097407e-02   5.5303088e-02   3.6894490e-02  -1.9757559e-01   1.8959798e-02  -1.7477600e-01  -2.2215722e-01   3.1370098e-01   1.9554144e-01   3.2071029e-01  -1.0867866e-01  -1.5623421e-02  -2.8922067e-01  -1.6698446e-01   6.9117631e-04  -1.7500203e-01  -3.6019017e-02   1.2464682e-01   2.0336076e-02  -6.8801553e-02  -1.7775704e-01  -2.3452007e-01   3.6401873e-01   2.1784413e-01   2.2233870e-01   2.7462855e-01   2.5317184e-01   3.1552558e-01  -2.7464021e-01  -2.7262333e-01  -8.3449381e-02   1.6823486e-01   1.7887331e-01   1.2651645e-03   2.9443834e-02   2.8133366e-02  -1.9393166e-01  -1.8230552e-01   8.2206141e-02  -1.1588066e-01   3.4913333e-01  -2.3646943e-02  -2.0255714e-01   2.2715475e-01   4.2812498e-01  -9.5319952e-03   4.9662705e-02   2.7360905e-02   4.1469647e-01   9.3832953e-02  -1.4892945e-01  -2.5369294e-01   1.3453751e-01   1.6441811e-02  -2.3672624e-01
  -4.0915377e-01  -5.5407973e-02  -3.8516803e-01  -2.4315767e-02  -1.8902427e-01   1.9741754e-01   3.3345835e-01   1.9322840e-01  -2.0805764e-01   3.3477893e-03   0.0000000e+00   8.3273708e-02  -4.4759588e-02   3.0077201e-02   2.6414412e-01   1.9638627e-01  -3.1018243e-01   6.0742102e-01  -1.8191992e-01  -8.9499158e-02   4.0432146e-01   1.2672305e-01   4.1321904e-01  -3.4211614e-01  -2.6334012e-01  -5.4407367e-02  -2.0852249e-02   8.4835237e-02   6.5916652e-02   4.4035182e-01   2.5530742e-01   2.3329561e-01  -1.9678408e-01   3.1891198e-02  -3.7587734e-01   9.3516329e-02   1.4614238e-01   1.5753187e-02   1.8624163e-01   2.1138981e-03   5.5804095e-03  -4.0945710e-02  -1.1134407e-01   2.4640021e-01   3.4323319e-01  -2.0498113e-01   5.7489787e-01   4.9293677e-01   1.3208368e-01   5.4795765e-02   5.8605526e-01  -1.6470406e-01   8.8952294e-02  -4.3701562e-02  -1.3352324e-01   3.0728707e-01   2.8729449e-02   1.0787305e-01   3.3647457e-01  -1.1059569e-01  -2.5785682e-01   1.9254771e-01  -3.0997903e-01   2.7846620e-01  -1.1851328e-02   4.0420727e-01   1.0923916e-01  -2.0673076e-01   3.2599026e-01  -8.2844008e-02  -2.6206637e-01   5.2460282e-01   1.0507583e-01  -4.6312014e-01  -2.4756820e-01   1.4744954e-02  -1.1763227e-01   3.3889320e-03  -1.8377652e-01   1.7699739e-01   7.0537091e-02   3.2270647e-01   9.6826650e-02   5.7753309e-02  -4.1274395e-01   3.2471169e-01  -1.4759341e-01  -2.3209005e-01  -1.2720148e-01  -2.7481756e-01  -2.5705440e-01  -3.1370503e-01  -2.0231721e-01  -1.0387647e-01   1.3223520e-02  -3.9605277e-01   1.2464722e-01  -7.1894412e-02   2.7415655e-01   1.9797780e-01  -2.7077327e-01   4.0066411e-01  -1.5366126e-01   8.7237008e-02   4.1519843e-01  -1.4400343e-01  -2.8866762e-01   2.5063019e-02   2.0165782e-02   4.4127895e-01   7.5175553e-02   4.1642518e-01   6.0500641e-02  -4.7879161e-01  -7.1800603e-04  -1.1489224e-01   3.0069249e-01  -1.6650655e-01   2.5615962e-01   6.6251153e-02  -1.0196543e-01  -4.0384528e-01  -2.6931782e-01   1.9079670e-01  -1.8601956e-01  -9.0426234e-02   3.1046897e-01   2.7243036e-02   1.0937733e-01  -8.9091905e-02   1.8039679e-01   5.4329187e-01  -3.9877615e-01   1.9143176e-01  -1.1958160e-01   1.7212738e-01   1.7178760e-01  -1.6701743e-01  -3.8321441e-02  -3.6144933e-01  -3.5002289e-01  -9.9999389e-02   4.7512169e-01   2.4735880e-01   3.1984422e-01   2.4602371e-01  -1.7744237e-01   2.3214295e-01   4.3724555e-01  -9.0767319e-02  -2.6553824e-01  -1.2250039e-01  -2.6240035e-01   4.2757294e-01  -3.7449545e-01  -2.2646155e-01  -2.7365003e-01   3.1696822e-01  -3.4290914e-01  -1.7573014e-01   6.6131448e-02   4.6819126e-01   2.1336524e-01   6.3100784e-01  -1.0991337e-02  -1.7975831e-01   7.6022180e-02   1.7913211e-01  -2.3792239e-01  -1.9447216e-01  -2.6446277e-01  -2.1112935e-01   6.0683721e-01   1.5175421e-01  -9.2306695e-02   8.7119043e-02  -1.0606347e-02
  -3.8998177e-01   4.8292548e-01   1.5414668e-01  -1.3055936e-02   2.0296186e-01  -1.2156937e-01   2.0744403e-01  -4.3899601e-01  -1.0595249e-02   4.4806787e-01   8.3273708e-02   0.0000000e+00   7.8513499e-02  -2.5664467e-01   2.9084303e-01   2.6200710e-01   2.6092096e-01   1.0174358e-01   1.0536131e-01   4.4682900e-01   2.5235958e-01  -1.2873057e-01   3.1689085e-01  -4.4823513e-01   1.2847767e-01  -2.9322829e-01  -2.3061688e-01  -1.6644089e-01   1.2346232e-01   2.1567960e-01   1.4254168e-01   6.3660496e-02   4.3164395e-02   3.9294574e-01   6.7872048e-02   3.7380020e-01   1.7494044e-01  -1.9186298e-01   1.6938685e-01   2.8046657e-01   6.5844379e-02   4.7236397e-02  -1.9110231e-01  -6.5554941e-02   1.0643931e-01  -2.6316764e-01   2.7929177e-01   2.3326312e-01  -7.8350195e-02   2.7265152e-01   3.0442902e-01  -4.1869974e-01   2.7269000e-01   1.6118812e-01   3.6879768e-02  -8.4663680e-02  -1.9372372e-01   4.6684371e-02   1.5957988e-01   2.1098063e-01  -2.8435091e-01   2.4489287e-01   2.4556598e-02   2.0704629e-01   9.1249305e-02   2.3849661e-01   2.7652148e-02   2.7909444e-01  -2.1310003e-01  -9.0219178e-02   9.5099530e-02  -7.3251573e-02   7.2521810e-02  -2.1635425e-01  -5.1633036e-02  -3.1243178e-02  -2.8131162e-01  -1.2913934e-01   1.2831533e-01   1.0367892e-01  -4.0989323e-01   3.2458150e-01   1.3973600e-01  -3.8852633e-01  -9.8801611e-02   1.3874359e-01  -1.4036927e-01  -3.3774951e-01   9.6304854e-02  -2.0860086e-01   1.5895146e-01  -2.7267783e-01   9.8894207e-02  -2.4692262e-01  -3.0259038e-01   1.4009250e-01   1.2309229e-01  -3.6153974e-01   2.7526114e-01   2.2714606e-01  -2.0813814e-01   5.3949705e-02  -1.2046710e-01  -1.8796287e-01   2.3701422e-01   1.6294758e-01   2.5951200e-02  -2.2692848e-01   2.4796693e-01   6.5222151e-02   3.9580249e-01  -3.1010883e-02  -9.5220006e-02  -1.2979115e-01  -1.6589184e-01  -2.7002875e-02  -1.3315311e-01   3.2811932e-01  -9.5755273e-02   4.2869723e-02  -4.5423831e-01   2.5104789e-01   2.6069694e-01   2.7381125e-01  -1.9120376e-01   1.6409804e-02   1.8164462e-01   8.5581551e-02  -1.0583218e-01   2.2342506e-01   1.7279948e-01   3.1033161e-01   1.7007124e-01   3.3714653e-01  -2.6105885e-01  -2.0358107e-01   7.8106276e-02  -2.5859217e-01  -4.2481546e-02  -1.0330928e-02  -4.8589777e-02   7.6909069e-02  -8.7584428e-02  -4.0679749e-01   5.4656391e-01   2.7571944e-01   1.8786189e-01   1.4251638e-01   1.3110729e-01   3.7596510e-01  -4.8918518e-01  -2.6994532e-01  -3.4299880e-01   1.0179532e-01   2.0515987e-01  -1.4743476e-01  -2.5083896e-01   9.9084980e-02  -2.5277056e-01  -2.2958705e-01   1.7520695e-01  -2.1182960e-01   2.3765809e-01   2.6580232e-01  -3.2311175e-02   2.0247274e-01   4.1356239e-01   1.7422684e-01  -2.5297512e-01  -3.2623189e-02   2.4337346e-01  -1.9613716e-01  -8.1378835e-02  -3.1695206e-01   2.5436057e-01   5.0673070e-02   5.1811808e-03
  -3.3430976e-02   5.0121746e-03   3.3056266e-02   1.7445268e-01  -7.5119786e-03   4.5932640e-02  -2.6417928e-01  -1.3215985e-02   7.6494133e-02  -2.2409315e-01  -4.4759588e-02   7.8513499e-02   0.0000000e+00  -2.4911378e-02  -1.0845954e-01   1.9945820e-01   1.3537448e-01   3.6667436e-02   8.8338275e-02  -5.1442035e-02  -3.3457245e-02  -4.1377850e-02  -1.0038757e-01  -1.3811594e-01  -3.5418229e-02   1.6073465e-02   4.9163400e-02  -1.1063226e-01   2.9723336e-03  -3.6045877e-02  -1.2328013e-01   1.2523198e-02   1.5681607e-01  -7.3958274e-02  -3.9411458e-02   6.0198728e-03   5.2024527e-02  -8.0199041e-02   3.3899002e-01   9.5631825e-02   6.2883122e-01   8.8984832e-02  -2.6999581e-01  -2.3263239e-02  -1.6280382e-01  -1.2285787e-01  -6.1266947e-02  -6.1321322e-02   1.7410861e-01   2.1185149e-01   8.4350602e-02  -3.3485414e-02  -8.5559468e-02   7.0437310e-02   2.1441121e-01  -1.1266797e-01   2.7482346e-02   4.6761227e-02   2.9833978e-01  -1.4460884e-01   7.9567402e-02  -1.5981271e-02  -1.7991411e-01  -1.5691764e-01  -1.6440983e-02  -2.4593227e-01  -1.3142471e-01  -9.4848859e-02  -5.3139127e-02  -1.6732450e-01  -7.7909645e-02  -9.8529412e-02   4.1920012e-01  -7.7044459e-02  -1.7363770e-02   2.3535001e-02   5.2769334e-02  -2.9873757e-02  -2.2656658e-01   4.5509071e-01  -2.5733779e-01   2.5965480e-01   3.0962208e-01   2.5064641e-02   1.2160142e-01  -3.3053333e-02  -1.5988094e-01  -1.1528072e-01  -5.1690146e-02  -7.7919725e-02   5.7886137e-02   1.6684303e-01   8.1785090e-02   3.9203850e-02  -9.4970875e-02   1.7886449e-01   1.9659339e-01   3.9529087e-02   1.1794494e-01  -5.3686616e-02  -1.2143968e-01  -1.6126472e-01  -1.0617726e-01  -1.7496390e-01  -9.6112568e-02  -3.6483025e-02   2.3703898e-01   8.5787267e-02   1.2533807e-01  -6.6081198e-02   1.0433861e-04  -1.0101273e-01  -1.1188602e-01  -1.1509311e-01  -1.1901520e-01  -1.4837379e-01  -2.4204234e-01   3.7438370e-01   8.8261604e-02   9.9349565e-02  -2.1976125e-02   3.7427895e-02   5.7872267e-02  -1.7339552e-01  -9.4098774e-02  -3.0280456e-02  -2.3875859e-01   3.3681068e-01   1.1343798e-01  -3.8102024e-02   4.5119759e-01  -1.4948647e-01   1.2293112e-01   1.3116018e-01   3.8100587e-02  -5.4482985e-02   4.9767753e-02  -9.1858272e-02   1.8015804e-02   2.3328856e-02   1.5640914e-02   4.3344148e-01   1.0396741e-02  -3.9610661e-03  -1.4245651e-03  -1.2091358e-01  -9.7264414e-02  -8.4274622e-02  -1.3822686e-01  -6.7224954e-02  -1.3902176e-01  -8.0636084e-02   6.8833420e-02  -2.0454098e-02   1.0138323e-01  -7.2224757e-02  -3.6354138e-02   3.3895692e-01   1.1945443e-01  -8.8950114e-02  -2.3775441e-01  -1.0093096e-01   7.0109611e-02  -4.5844853e-02   8.8484136e-02  -7.9848455e-02   5.0424077e-02   1.0719737e-01  -1.2361056e-01   6.4833641e-02  -1.8743011e-01  -1.9169739e-02  -5.3329440e-02   2.3027049e-01   5.1964984e-02   1.3793764e-01   5.9486783e-02
   2.0336504e-01  -3.6859531e-01  -3.0396029e-01   3.8773047e-01  -4.6949335e-01   2.4453055e-01   9.2938377e-02   1.0081729e-01   3.3816141e-01  -2.8278971e-01   3.0077201e-02  -2.5664467e-01  -2.4911378e-02   0.0000000e+00  -7.0138996e-02  -7.4039249e-02  -4.2549373e-01   1.5308320e-01   1.8844309e-01  -3.4666452e-01  -1.0207219e-01   4.0729042e-01   2.4298523e-02   1.8355825e-01   9.6272879e-03   1.2122247e-01   7.7388798e-02   3.5699380e-03   9.6724120e-02   1.4568693e-01   1.3176608e-03   2.7037657e-01   9.5017614e-02  -4.5878227e-01   1.9768236e-01  -3.7091632e-01  -3.4839055e-01  -2.0596308e-01  -5.9793124e-02  -1.9054578e-01   1.9388252e-02   2.2564121e-01   1.9857865e-01   1.6070897e-01  -6.0380215e-02   9.8788778e-02  -3.8315844e-02  -1.3861152e-01   1.3508450e-03  -4.2724549e-01   2.2317411e-01   1.4412822e-01  -2.8148390e-01  -2.1669864e-02   2.0969346e-01   2.4244944e-01   1.7430955e-01   3.2975990e-01   2.1420754e-01   2.8166403e-01  -5.5741452e-03  -4.7717269e-02   1.8147308e-01  -2.6255602e-01   6.5403344e-03  -2.9783424e-01  -2.3910818e-02   4.9026460e-02   3.8544074e-01   3.2987775e-02  -3.9846083e-01   3.8665306e-01   1.1988463e-01   2.5644743e-01   7.3027966e-02   2.1140711e-01  -1.6774134e-02   3.8597307e-01  -2.9013028e-01  -9.5488792e-02   3.8980620e-01  -2.0863792e-01  -3.6149330e-01   1.2806069e-01  -1.7477718e-01   1.6896931e-01   3.4207353e-01   4.1256153e-01   4.3327070e-02  -7.3009713e-02  -4.3276193e-01  -1.8477294e-02  -5.3692478e-01   4.8109751e-01   1.3279206e-02  -4.4053759e-01   1.1371550e-01   2.6867094e-01   9.4289291e-02  -6.0008867e-02   1.9079065e-01   5.2746351e-02   2.3480902e-01   5.9876813e-01   2.5364060e-01   3.5097360e-01   3.5041313e-02   2.6626675e-01  -1.6283018e-01  -2.8877220e-01  -5.4565336e-01   3.8653499e-01   3.6568294e-01  -5.0155434e-02   2.4657494e-01  -1.5079129e-01   2.8535296e-01  -5.9510372e-02   1.3003630e-01   5.0326485e-01   7.7837329e-02  -3.3228470e-01  -2.2913432e-01   1.4684227e-01  -6.8141727e-02   4.8392504e-01   1.4666516e-01  -4.8488403e-02   3.8208976e-01  -4.5714687e-01  -1.0693030e-01  -3.1771578e-01  -1.7918788e-02  -1.4524158e-01   4.3463731e-01   2.1163772e-01   8.5682918e-02   2.3074855e-01   3.1428102e-01  -1.2261887e-01   1.7622154e-01  -6.4354403e-02   2.6753824e-01   1.7010858e-01  -2.8584705e-01   3.1446152e-01  -2.8605702e-02  -2.1851050e-01  -1.1969179e-01  -2.0887065e-01   1.4880147e-01   1.8992258e-01   1.6469624e-01  -1.8642728e-01  -4.6266111e-01   9.9223567e-03  -7.0479198e-03   1.4867724e-01   6.9046453e-02   2.1017488e-01  -2.6126108e-03   2.8424729e-01  -3.1840805e-01   2.4723358e-01   2.4238720e-01  -4.1092531e-01  -1.8879299e-01   9.8185332e-02   7.9934582e-02  -3.6608433e-01  -2.5724392e-01  -1.8879858e-01   2.8952443e-01   1.7530277e-01  -1.0044919e-01   1.1724308e-02   3.8190821e-01
