   0.0000000e+00  -1.9916380e-01  -2.4440439e-01   2.3174346e-01  -2.2416799e-01   2.8267762e-01  -1.3120997e-01   1.7915491e-01   2.0174829e-01   5.5148472e-02  -1.6734215e-01  -2.7561610e-01  -1.4399601e-01  -2.8450639e-02  -1.0879295e-01  -9.9434801e-02  -1.8598465e-01   6.9346804e-02   2.9638660e-01   1.9264200e-01  -2.6960899e-01   1.0229279e-01  -1.3316653e-01   5.9051685e-01   1.5753407e-01   2.7293518e-01   2.5107285e-02   4.5746040e-01  -1.5466741e-01  -1.4348593e-02  -2.3881352e-01   3.4798845e-01  -1.2849188e-01  -2.0519957e-01   3.2422434e-02  -3.8385165e-02   8.0353379e-02   1.8634486e-01  -2.8810178e-01  -2.8597546e-01  -1.4496677e-01  -1.0790800e-01   1.5318151e-02   6.5181340e-02  -1.9318847e-02   3.5448646e-01   1.0602799e-01  -4.2824262e-01  -1.3412256e-01  -2.2952016e-01   2.0753354e-01   2.0457730e-01  -3.1896800e-01   2.0331545e-01   7.6779482e-02   6.4038790e-02   1.9172054e-01   2.2860670e-01   2.0520616e-01   1.7357425e-01  -5.9427503e-02   8.7263430e-02   1.0574167e-01  -8.5286426e-02  -1.5570253e-01   9.6328890e-02  -2.5867174e-02   2.2463698e-01   2.6124312e-01  -1.8337166e-01  -3.2365761e-01   2.5056710e-01  -2.1071797e-01  -1.0055431e-01   1.5538176e-01   1.9917295e-01   1.4544728e-01   1.8611426e-01  -1.4327930e-01   1.2606990e-01   2.2994815e-01  -1.9083537e-01  -3.7453479e-01   3.3226586e-01   1.1349615e-02   2.2757523e-01  -3.9490685e-01   1.8280469e-01   2.6719236e-01   5.2009431e-01  -8.6439433e-02   1.1072357e-02  -2.8644663e-01   1.5106284e-01   2.3620735e-01   1.1269438e-01   1.8636514e-01   2.5846569e-01   5.6126615e-02  -1.9096398e-01   2.7077960e-01   2.2467131e-01   1.4781404e-01   2.5657012e-01   1.4432336e-01   2.3622972e-01  -3.4208389e-02   2.8036604e-01  -5.3279094e-02  -1.3668527e-01  -2.6405345e-01   2.6563580e-02   2.6167227e-01   5.2742424e-01   2.8532522e-01  -2.4217959e-01  -2.9293758e-02  -1.8649040e-01   2.3684357e-01   1.6871169e-01   4.2692495e-01   1.6984488e-02  -2.1358102e-01  -1.6851053e-01   3.8603915e-01   2.4711996e-01  -2.2829526e-01   1.9646059e-01   3.9909990e-01  -3.2183657e-02  -1.4113452e-01  -3.7192696e-01  -1.4720678e-01  -2.2287268e-01   2.0806442e-01   1.7434909e-01  -7.9972024e-03   4.4325570e-02   2.4288962e-01   4.6146062e-02   3.6634565e-01  -2.0424300e-02   2.9864593e-01  -2.3628613e-01  -2.0133663e-01  -2.8326887e-01  -2.7644336e-01   7.0885580e-02   2.6783341e-02  -1.3194228e-01   3.8482850e-01   7.4505280e-02   2.3750563e-01   9.2050864e-03  -3.5955139e-01   2.4761380e-01   4.4888337e-01   4.9180660e-02  -3.6652043e-02  -3.5679387e-03   2.6325697e-01   1.8740984e-01  -1.5416960e-01   6.9929955e-02   2.2802136e-01  -6.7385994e-02  -1.2147899e-02   4.0992888e-01   1.9906947e-01  -3.1904082e-01  -3.1546866e-01   3.8184898e-01   2.4678080e-01  -1.3816152e-01  -8.1699250e-02  -1.4686390e-01   2.8979364e-01
  -1.9916380e-01   0.0000000e+00   5.3746431e-01  -3.1172867e-01   3.8551506e-01  -5.3910334e-01   9.0954477e-02  -2.9489876e-01   1.2746489e-01   3.1238092e-01  -2.8412914e-01   5.8920235e-01   4.8457381e-02  -1.1939296e-01  -3.3658896e-01   5.7693062e-02   5.8568004e-01  -2.8174474e-01  -1.9718136e-01   3.2173622e-01  -1.8766485e-02  -1.4844204e-01  -2.3347209e-01  -1.7440161e-01  -2.0553204e-01  -1.5293333e-01  -3.1852453e-02  -1.3526768e-01   2.0783261e-01   9.4980971e-02  -4.5183624e-02  -1.0273743e-01   2.5162613e-01   2.9884317e-01  -3.8473462e-01   3.5004253e-01   2.8229581e-01  -3.8099234e-01   3.1917548e-01  -3.8758270e-03   2.9417721e-01   7.5445534e-02   4.4866980e-01  -2.0336164e-01  -1.0917932e-01  -2.8360360e-01  -2.0800962e-01   2.3883284e-01  -4.5338229e-01   2.4710748e-01  -4.3705302e-01  -1.9828019e-01   5.0197364e-01   4.5070864e-02  -1.2038429e-01  -3.2966035e-01  -3.2484669e-01  -2.0079821e-01  -2.2552800e-02  -3.4955626e-01   3.1418325e-01  -6.4402123e-02   5.0677804e-01   5.9796272e-01   4.0316250e-01   9.5711518e-02  -5.0206207e-01   1.4764436e-01  -4.2369585e-01  -9.2911699e-02   6.3806153e-01  -3.0435515e-01   5.1893744e-01   3.2869199e-02   6.7231846e-02  -1.9329006e-01  -2.1252451e-01  -1.4800766e-01   5.9989317e-01   7.2174514e-02  -2.8986748e-01   1.3934296e-01   1.9486637e-02  -2.7748333e-01   3.7816600e-01  -2.6989796e-01  -4.1994268e-02   1.7351464e-03   4.4700797e-01  -3.4250459e-01   3.5358610e-01   1.6530251e-01   2.4720619e-01  -5.2508563e-02  -2.7842924e-01   1.0179191e-01  -7.5472063e-03  -1.6813564e-01   7.4443727e-02   1.3024286e-01  -3.0733532e-01  -4.6719139e-01  -2.1324016e-01  -2.0128140e-01  -2.8390000e-01  -1.9452110e-01   2.2187176e-01  -2.5693746e-01  -2.2837252e-01  -2.6989147e-01   1.6590073e-02  -3.8498827e-01  -2.7838723e-01  -3.3354795e-01  -1.8759038e-01   5.7691279e-01  -1.1487265e-02   1.5067544e-01  -2.2292577e-01  -1.5064084e-01  -3.9780483e-01   2.6707622e-01   4.8084728e-01   2.2933764e-01  -4.8228857e-01  -7.5678655e-02  -1.7802244e-01   5.1030063e-02  -1.9994424e-01  -2.1590765e-03   6.5457099e-02  -1.2411409e-02   2.1652325e-01  -2.1441101e-01  -8.1687033e-02  -3.0490711e-01   2.8301896e-02  -3.0718490e-01  -3.8267686e-01  -1.7247826e-02  -6.4840463e-03   1.8880165e-01  -1.7748410e-01  -4.6744359e-03  -3.7399034e-01   5.4783236e-04   2.2608285e-01  -4.1154356e-02  -3.9035255e-01   3.7789024e-01  -2.2164143e-01  -2.9538644e-01  -2.5777835e-01   3.7251288e-01   5.2474653e-01   6.6043338e-03  -1.0247942e-01   1.3172484e-01   2.4523946e-01  -3.0882826e-01   2.5804400e-01  -9.9675622e-02   2.6976148e-01  -8.3055528e-02   1.0861415e-02   2.1856524e-01  -3.7010890e-02  -2.8600357e-01  -1.0100001e-01   2.5685745e-01   1.0708773e-01  -4.1382343e-01   5.3363697e-02  -3.3637539e-01  -5.0743869e-02   1.6990920e-01  -7.9174137e-02
  -2.4440439e-01   5.3746431e-01   0.0000000e+00  -2.6736802e-01   2.9914554e-01  -4.7096536e-01   8.2597309e-02  -3.2124621e-01  -1.5938341e-02   1.4691042e-01  -2.4364392e-01   6.0263930e-01  -4.3773842e-02   5.0814809e-02  -6.5245674e-02   5.2746230e-02   7.4356164e-01  -3.6033078e-01  -3.2137630e-01   2.3466091e-01  -1.7657816e-01  -2.0091513e-01  -2.1205888e-01  -2.8208723e-01   1.2028301e-02  -2.8057848e-01  -2.0473806e-02  -2.5830768e-01   3.5136827e-01  -1.7142642e-01  -9.1270976e-02  -4.0027084e-01   1.6691827e-01   2.4101675e-01  -2.2656187e-01   2.2420344e-01   1.1455929e-01  -4.2557716e-01   3.2501988e-01   4.1370662e-01   1.6025626e-01   5.3884215e-02   4.3394300e-01  -2.8157441e-03  -1.8015216e-01  -2.3984509e-01  -1.2208558e-01   1.2997846e-02  -2.5779106e-01   5.3361503e-01  -4.7512722e-01  -3.7474629e-01   1.6650816e-01   3.3055912e-01  -8.6082566e-02  -1.0547400e-01  -3.0618336e-01  -3.8137301e-01  -1.7608507e-01  -2.7814117e-01   3.9097347e-01  -4.9848776e-02   5.3700028e-01   3.1114859e-01  -8.6206589e-03  -8.2829066e-02  -4.0537727e-01   1.8279934e-01  -4.2393348e-01   3.4253507e-01   5.1897711e-01  -2.9886679e-01   3.9185797e-01   3.9144232e-01   6.9232785e-03  -3.8665364e-01  -2.6310209e-01  -1.3019428e-01   4.8913328e-01   1.2561059e-01  -3.9595819e-01   1.6709955e-01   4.6683425e-02  -3.2709353e-01   5.0130081e-01  -4.9606027e-01   5.4002511e-02   4.2649361e-04   3.1261272e-01  -4.1782526e-01   2.7841059e-01   4.5973350e-01   3.0209676e-01  -1.9682277e-01  -2.3313745e-01   2.1507708e-01   1.2402051e-01  -2.3227614e-01   1.1306643e-01   2.5622875e-02  -9.5731883e-02  -4.2194040e-01  -3.4023333e-01  -2.3011411e-01  -4.5920101e-01  -4.0557275e-01   3.5575156e-01  -3.3036913e-01  -1.5431841e-01  -1.5868681e-01   2.4522193e-01  -3.6175349e-01  -1.0964690e-01  -3.6901110e-01  -1.6531012e-02   3.4138741e-01  -4.3251245e-02   2.4608106e-01   3.7906390e-02  -3.3169996e-01  -3.8730019e-01   1.9701819e-01   4.3713880e-01  -8.0626466e-02  -5.4122390e-01  -1.3694173e-01  -1.6399211e-01  -6.7850755e-03  -3.0954957e-01   3.3767941e-01   4.2527190e-04  -7.6996253e-02   2.5969911e-01  -8.6089588e-02  -1.8369411e-01  -4.4385132e-01   2.3293580e-01  -2.4350843e-01  -5.1201847e-01  -5.2082483e-02  -1.9578813e-03   2.4877342e-01  -3.0661854e-01   3.5672674e-01  -1.9463771e-01  -2.0264283e-01   5.3219065e-01  -1.2859728e-01  -3.1024643e-01   2.1184259e-01  -1.7203044e-01  -3.1225585e-01  -7.2128378e-02   2.0341458e-01   7.6289101e-01  -2.8044465e-01  -2.2405670e-01   1.8701123e-02   3.6875425e-01  -4.6123623e-01   1.1822235e-01  -2.2246645e-01   6.9229268e-02  -3.6159101e-01  -2.0223539e-01   1.5992430e-01  -5.2925657e-02  -2.5038772e-01   1.6466404e-01   3.3774110e-01   2.1244937e-01  -3.5816326e-01  -9.4956497e-02  -1.5758506e-02  -1.7848092e-01   4.3384088e-01  -2.5116934e-01
   2.3174346e-01  -3.1172867e-01  -2.6736802e-01   0.0000000e+00  -1.9606064e-01   3.7906526e-01  -1.8244530e-01   4.3573976e-01   4.1788987e-01  -2.8501134e-01  -2.2181715e-02  -2.6512267e-01  -1.3360292e-01   9.5644646e-02  -1.3625322e-01   5.9497750e-02  -2.3430763e-01   3.5280879e-01   2.8260940e-01  -1.6524779e-01  -3.5782243e-01   5.6205308e-01  -1.9856360e-01  -2.5377151e-02   3.6605768e-01   3.3810327e-01  -5.4660659e-02   4.0067136e-01  -1.0907178e-01   1.6124054e-01  -3.3871483e-02   5.1400730e-01   8.3297376e-02  -3.5446683e-01   3.0101033e-01  -2.6612333e-01  -1.2768700e-01  -3.2680314e-02  -5.0642426e-02  -2.0814360e-01  -1.6505901e-01   7.5174997e-02   1.6542219e-01   2.2678043e-01   6.3870858e-03   4.7489052e-02   1.5788749e-01  -3.5647999e-01   1.5103442e-02  -2.8353666e-01   3.8930719e-01   3.7227153e-01  -3.5327857e-01   1.7961693e-01   8.4379091e-02   1.4352165e-01   1.4637170e-01   6.3841744e-01   4.2613457e-01   3.5678936e-01   3.7726450e-02   5.5430940e-02   1.0708614e-01  -2.4749386e-01  -6.6747513e-02  -2.1597412e-01   4.7277063e-01   4.3411862e-01   4.9004351e-01  -1.9704504e-01  -4.3055009e-01   5.5320454e-01  -1.3404492e-01  -3.3152547e-01   1.3301403e-01   2.8052770e-01  -9.0426957e-02   1.6105155e-01  -3.5901971e-01   4.8060370e-01   3.8261563e-01  -4.4474971e-02  -6.8786352e-02   3.7815552e-01  -3.1233736e-01   2.2136031e-01  -6.4676565e-02  -2.9113032e-01   1.4511128e-01  -3.7800621e-02  -3.1265039e-01   6.1004270e-02  -4.4089917e-01   5.3538640e-01   9.0465220e-02  -2.5742622e-01   4.4920477e-01   2.9493355e-01   3.5252231e-01  -2.4573512e-01  -2.0735982e-02   1.9889410e-01   4.5181736e-01   5.0375090e-01   3.2711999e-01   5.9325875e-01   1.8688256e-01   4.2998896e-01   9.3887700e-02  -2.8751616e-02   7.5381550e-04   1.5815231e-01   6.6059190e-01   3.7789856e-02   1.0300839e-01  -3.9401824e-01   2.0836461e-01  -1.6116301e-01   1.0354594e-01   6.8694048e-01   6.9683253e-02  -1.1304534e-01  -1.4506807e-01  -8.0418510e-02  -2.3192892e-02   2.0967015e-01   2.7551731e-02   3.4877549e-01   7.0467612e-01  -2.1152042e-01   4.1676491e-02  -1.9180808e-01   1.5403870e-01   1.9384013e-02   5.9352813e-01   3.4247401e-01   3.4404017e-01   2.9656584e-01   3.0657004e-01  -1.5153714e-01  -1.3042098e-01  -5.2824225e-02   2.3722481e-01  -8.2849277e-02  -5.0245971e-02  -4.4378842e-03  -3.9349083e-01  -2.6660595e-01  -9.4635321e-02  -2.2331853e-01  -1.4007159e-01   5.2061079e-01   1.7308032e-01  -2.9109038e-01  -4.1801652e-01  -1.1611461e-01   9.4832564e-02   2.7767333e-01   5.2242792e-02   3.8994044e-01   3.7368449e-01   3.3786609e-01  -3.0751530e-01   1.7215110e-01   6.2875722e-01  -9.9681716e-02  -1.0734640e-01   2.7113964e-01   3.0633587e-01  -3.0835910e-01  -4.1598695e-01   7.8503459e-02   3.7816986e-01   9.0010338e-02   4.7853205e-02   4.5169205e-02   6.2256571e-01
  -2.2416799e-01   3.8551506e-01   2.9914554e-01  -1.9606064e-01   0.0000000e+00  -2.2283662e-01   1.4889991e-01  -2.7911879e-01  -5.4323913e-02   1.1786232e-01  -1.1059687e-01   5.6079296e-02   2.4377149e-01  -3.3380947e-01  -1.9569432e-01  -2.2832066e-01   5.0907918e-01   8.0234603e-02  -2.3237900e-01   5.6235329e-01   2.7026114e-01   4.9529752e-02   3.3147106e-02  -1.0914903e-02  -7.2665005e-02  -1.6062469e-01   2.6045259e-01  -2.5732026e-01  -1.3606620e-02  -4.9184741e-03  -6.9889708e-02  -1.7552288e-01  -1.2626479e-01   1.7587782e-01  -1.6658634e-01   6.5231566e-01   4.2715520e-01  -1.9558204e-01  -3.3847484e-02  -3.2512987e-02   4.9988273e-01  -1.9916666e-02   1.8591410e-01  -1.6160125e-01   1.1958353e-01  -2.5390548e-03   3.2136612e-01   2.3477860e-01   6.5755199e-02  -7.6021363e-02  -7.8752712e-02  -2.3287471e-01   3.3534826e-01   4.2658013e-02  -5.4515068e-02  -2.6265817e-01  -2.7212699e-01  -2.0592972e-01   6.5249107e-02  -1.4377752e-01   4.3702098e-01   2.0303713e-01   2.3447647e-01   1.2394229e-01   3.6203491e-01   7.0766521e-02  -9.4372598e-02   9.0505296e-03  -1.1271175e-01  -6.7742428e-02   2.4619885e-01   8.7635600e-02   2.6472956e-01   6.8323172e-02   9.8567140e-03  -2.2695584e-01  -1.1761379e-01  -2.0509979e-03   4.5612187e-01   1.1636605e-01  -2.9916840e-01   3.0473298e-01   1.5177597e-01  -2.5844161e-01   3.0300068e-01  -1.5064587e-01   4.5467795e-01  -1.5519460e-01   1.4993246e-01  -1.6971183e-01   5.7232191e-01   3.2024729e-01   2.0540471e-01  -8.9838806e-02  -1.1332790e-01   5.0670819e-01   1.6622462e-01  -1.3172351e-01   3.2771915e-01   7.6591699e-02  -1.5114035e-01  -2.7365832e-01  -2.8312386e-01  -1.4891507e-01  -3.3527774e-02  -1.5737947e-01   4.3225088e-01  -1.4752156e-01   4.2823508e-02   2.4024795e-01  -1.7594562e-02  -8.0651609e-02   1.0093415e-02  -1.9497859e-01  -2.9932903e-01   4.1668783e-01   2.7920297e-02   2.1240584e-01  -1.7427181e-01   3.0206214e-03  -1.0424772e-01   4.0040056e-01   2.7581656e-02   2.8563028e-01  -7.8320143e-02  -9.6091466e-02   1.0533608e-01   1.7233864e-01  -1.8882590e-01   1.8465330e-02  -3.3516359e-02   2.5785669e-01  -6.0804303e-02  -1.6423494e-02  -6.8068496e-02  -1.9755284e-01   5.5181342e-02  -3.8819608e-01  -2.1701306e-01  -6.6324951e-02  -7.5784002e-02   4.3570202e-01  -1.6273456e-01   3.1747024e-02  -7.0923460e-02   1.0962950e-01  -5.0577702e-02   1.4647048e-01  -9.7766596e-02   1.9095064e-01  -2.8221847e-01  -4.5125133e-01  -8.4202669e-02   2.3446271e-01   2.9196590e-01  -2.4284677e-02   1.8120976e-02   8.1526301e-02   4.4257101e-01  -1.3067247e-01   1.6096495e-01  -2.2941313e-01   2.8268343e-01   2.7426790e-01  -7.7609587e-02   2.0308441e-02   9.3185351e-02  -2.3545219e-01   1.0928707e-01   3.1358749e-01   2.8348714e-01  -2.3090785e-01   6.1484058e-02  -5.1778986e-02   3.2543382e-02   1.9812382e-01  -1.4458473e-01
   2.8267762e-01  -5.3910334e-01  -4.7096536e-01   3.7906526e-01  -2.2283662e-01   0.0000000e+00  -1.0939742e-01   6.2051590e-01   1.7720938e-01  -5.5371024e-02   9.0052637e-02  -4.9959603e-01  -2.4484923e-01  -7.9023710e-02  -5.9144603e-02  -2.7001907e-01  -4.5805180e-01   1.4816122e-01   5.6810421e-01  -1.4469989e-01  -2.3215907e-01   2.0747934e-01  -1.7133681e-01   2.2533936e-01   1.9333944e-01   6.1200148e-01   9.3981834e-02   4.1769949e-01  -1.9807111e-01   2.0707206e-01  -9.0911709e-02   5.2153261e-01  -2.7906616e-01  -3.3048146e-01   3.4523195e-01  -2.4965609e-01  -1.4743020e-01   1.2312964e-01  -5.6882825e-01   2.4841976e-02  -8.4957936e-02  -6.8976554e-02  -3.2774441e-01   3.4677277e-01  -7.1679524e-02   1.4876499e-01   2.0554425e-01  -2.8149571e-01   6.5076662e-02  -2.4901585e-01   3.6470267e-01   5.7924012e-01  -2.6698522e-01   8.8632814e-02  -1.1135050e-01   3.6962905e-01   4.1933179e-01   5.2615602e-01   1.5096287e-01   5.0260952e-01  -4.2939427e-01  -2.5196689e-02  -9.6631995e-02  -3.4074265e-01  -1.9109391e-01   8.2108923e-02   7.2648635e-01   1.4262890e-01   6.7553839e-01  -7.1623065e-02  -5.3264126e-01   3.4146089e-01  -4.0962012e-01  -5.1582240e-02   1.2504351e-02   5.5404080e-01  -1.8834069e-01   5.0256112e-01  -4.5182347e-01  -4.4438564e-02   5.0382557e-01  -4.4815244e-01   5.2216357e-04   6.4643558e-01  -3.5703612e-01   5.2277255e-01  -7.6057509e-02  -9.9037645e-02  -9.9633489e-02   3.1950097e-01  -1.3715021e-01  -3.1379743e-01  -2.6756692e-01   3.7514358e-01   8.7297469e-02  -1.7745921e-01   1.8190654e-02   6.2835676e-01   6.4415851e-02  -3.5791736e-01   1.0615507e-01   6.6643265e-01   5.2180925e-01   4.5757616e-01   2.7675694e-01   3.6971720e-01  -5.8523923e-02   7.1239157e-01  -1.2940061e-01   2.4979789e-01   2.1344598e-02   2.7420619e-01   3.3995564e-01   2.8635891e-01   1.9147082e-01  -3.9786048e-01   3.8636730e-01  -3.3440414e-01   1.2419356e-01   1.5047927e-01   3.1126224e-01   3.0198383e-02  -3.8117209e-01  -2.7817988e-01   3.4429483e-01   3.4633518e-01  -1.7604766e-01   2.2164261e-01   4.2294321e-01  -7.7766315e-02  -9.0892777e-02  -9.7911510e-02  -8.7458649e-02  -7.1290622e-02   3.2975828e-01   6.3668733e-01  -1.1842041e-01   2.5414307e-01   7.1061524e-01  -2.4946396e-01  -9.1859381e-02   7.1266297e-02   6.2952363e-01  -6.5588879e-02  -2.4284477e-02  -1.6695829e-01  -4.5850706e-01   6.0155252e-02   3.4434592e-01  -4.1585538e-01   2.1578695e-01   3.7097891e-01   3.0202924e-01  -8.7312040e-02  -4.8584666e-01   1.1600865e-02   1.1176608e-01   4.3835766e-02  -3.4615714e-01   4.5402026e-01   2.7694973e-02   4.0898685e-01  -2.4582843e-01   3.7923042e-02   4.4539619e-01  -1.4426901e-01   2.5967683e-01   4.4694315e-01   1.7315335e-01  -1.3904310e-01  -3.3465978e-01   3.1813521e-01   2.2505252e-01   3.3825537e-01  -1.5242964e-01  -3.3435553e-01   3.9554401e-01
  -1.3120997e-01   9.0954477e-02   8.2597309e-02  -1.8244530e-01   1.4889991e-01  -1.0939742e-01   0.0000000e+00  -4.7426175e-01  -3.6664411e-01   1.3972913e-01   1.6887784e-01   2.9560192e-01   8.7202462e-02   1.6056049e-01   2.1981824e-01   2.4866994e-01  -6.5638751e-02   1.5125402e-01  -2.8038022e-01   1.2948828e-01   2.2969077e-01  -9.3939014e-02   4.9712906e-01  -1.1670047e-01  -2.0482944e-01  -3.4444347e-01   1.6053042e-01  -3.4099960e-01   2.0993870e-03   1.3628610e-01  -1.3118057e-01  -2.4969809e-01   1.4645273e-01   5.4583945e-01   8.5116999e-02   3.7631454e-01   1.0268140e-01  -4.2588629e-02   1.9302200e-01   2.4443347e-01   1.1368197e-01  -7.1486930e-03   7.0547708e-02  -1.2216069e-02   7.4530176e-03  -1.6539247e-01   1.5413359e-01   3.7594315e-01   1.0359079e-01  -8.6686843e-02   8.6362985e-02  -4.1921687e-01   1.9379532e-01  -8.9861693e-02   2.6975679e-01  -7.8269039e-02  -2.6936257e-01  -3.2707716e-01  -2.4954462e-02  -2.7470322e-01  -1.9157996e-01   1.7884082e-01  -1.9998561e-01   4.8673919e-02  -2.1359480e-01   5.1776645e-01   1.0285358e-02  -9.2069958e-02  -2.1447063e-01   3.6144940e-01   7.0529256e-02  -1.8226450e-02   1.0857951e-01   9.1635684e-02  -2.4243471e-01  -4.0294217e-01  -2.3184229e-02  -2.3720776e-01  -6.1740575e-03  -6.4880854e-02  -2.1195421e-01   2.2816194e-01   1.8645338e-01  -4.2408478e-01  -6.7477695e-02  -4.4647027e-01   3.0863204e-01   1.5363926e-02  -7.8621689e-02  -2.3533766e-01  -2.3428637e-02  -2.2907989e-01   5.3354892e-01  -1.6631953e-01  -1.7203727e-01   1.8202402e-01  -6.2267456e-02  -4.3050520e-01  -2.1248938e-01   3.2045513e-01   2.5662959e-02   3.9528063e-02  -3.0234026e-01  -4.1220007e-01   1.5217736e-01  -3.5353264e-01  -5.6239324e-02  -4.9049075e-01   2.7133794e-01   3.9679451e-01   3.7502147e-01   1.4062977e-01  -1.8931719e-01  -2.4454054e-01  -1.9791988e-02  -1.0149578e-01  -1.5666488e-01   1.7269645e-01   6.7454878e-02  -2.6835484e-01  -1.2969059e-01   3.0334954e-01   1.6627821e-01  -1.4296584e-01  -1.0265128e-01  -3.9725287e-01   2.5939434e-01  -1.8378485e-01  -2.9353107e-01   3.0697453e-01   2.5828431e-02   2.5612840e-01  -2.3936690e-01   4.3090868e-03  -3.6391575e-01  -4.5775956e-01  -1.2074432e-01   5.7747266e-02  -4.1008214e-01   1.9347907e-01   1.6603734e-01   8.6395690e-02  -3.6287691e-01   4.2586672e-01   2.9254633e-01  -9.9712143e-02   4.2173097e-01   1.8339412e-01   5.1475622e-01   5.4956713e-04  -1.0827341e-01  -9.4730958e-02  -8.7247421e-03  -5.6513350e-02   3.9515289e-01   8.8368705e-02  -2.3454653e-01  -4.1013665e-03  -1.4250340e-01   2.0432744e-02  -8.8628812e-02  -1.4633443e-01   2.6611298e-01   2.7070512e-02  -3.4842600e-01   5.0445062e-02   2.3948921e-01  -3.0277623e-01  -1.0190092e-01   7.3344258e-02   3.3858082e-01  -1.1693908e-01  -2.4928197e-01   2.1860908e-01   4.6431960e-02  -5.4020321e-02  -3.0356248e-01
   1.7915491e-01  -2.9489876e-01  -3.2124621e-01   4.3573976e-01  -2.7911879e-01   6.2051590e-01  -4.7426175e-01   0.0000000e+00   5.1548690e-01   9.5290205e-02  -1.7532967e-01  -3.2601900e-01  -2.4195195e-01  -5.9918433e-02  -3.0783455e-01  -2.6199620e-01  -1.9424233e-01  -1.3221923e-01   6.0687946e-01  -2.6210165e-01  -3.3891870e-01   1.0519517e-01  -5.4161972e-01  -1.1336662e-02   2.5281138e-01   7.5203837e-01  -1.4599227e-01   5.8579439e-01  -8.3328550e-02  -2.0627924e-02  -8.4939901e-02   5.7830068e-01  -1.5788320e-01  -3.2992099e-01   5.6411533e-02  -4.7186964e-01  -1.0693135e-01  -9.6506121e-02  -4.7174491e-01  -4.2519466e-02  -9.5040886e-02  -1.5964674e-01  -1.3765110e-01   4.4293901e-01  -1.8585754e-01   5.7624212e-02  -2.0246443e-01  -2.7221347e-01  -2.5366182e-01   7.9691326e-03  -3.9239286e-02   8.1423718e-01  -1.3539258e-01   1.3413940e-01  -1.2026345e-01   3.4934784e-01   3.2387877e-01   5.8077395e-01   3.3137984e-02   4.1426573e-01  -2.6963813e-01  -3.0350476e-01   1.0916496e-01  -3.4555090e-02  -1.7507910e-03  -5.9056553e-02   4.1716434e-01   2.5637613e-01   4.5336255e-01  -3.2304748e-01  -2.8138507e-01   1.3266565e-02  -2.2311290e-01  -1.7283483e-01   9.6104515e-02   6.7134237e-01  -2.7395583e-01   5.1327360e-01  -2.6922144e-01  -1.0338897e-01   6.1672588e-01  -4.5140284e-01   6.2868286e-02   8.5332728e-01  -2.2395758e-01   6.5865088e-01  -2.8153065e-01  -1.8429432e-01  -3.0488102e-02   1.5277807e-01   8.9283815e-03  -2.3112520e-01  -3.4072587e-01   4.2390672e-01   3.4462693e-03  -3.6928271e-01  -9.8203744e-02   7.9323819e-01   1.7889420e-01  -3.0850254e-01  -8.4141217e-02   4.5269540e-01   7.3310469e-01   5.9976252e-01  -8.0337151e-02   4.9024183e-01  -1.8845807e-03   8.4169415e-01  -4.1367799e-01  -8.9416065e-02   1.2023587e-01  -1.5186792e-01   2.8517201e-01   2.2036614e-01   1.0504410e-01  -7.8558589e-02   4.8899899e-01  -2.7532202e-01   6.8783894e-02   1.5740003e-01   8.4349674e-02  -7.2747196e-02  -2.5834035e-01  -2.8455257e-01   1.2112667e-01   4.5057392e-01  -3.8270288e-01   3.3986221e-01   4.7294902e-01  -2.4599517e-01   5.1053234e-02  -4.5009866e-02   1.3897904e-02  -1.7238055e-01   5.0336802e-01   7.4388886e-01  -1.2070129e-01   3.2083207e-01   7.3652659e-01  -4.2338418e-01  -1.4884871e-01   3.9866451e-02   7.3235966e-01  -2.3565167e-01  -2.5912131e-01  -1.5369266e-01  -4.3034709e-01   5.7898494e-02  -1.5475895e-01  -1.9283344e-01   7.7545319e-02   5.6046078e-01   9.5228978e-02   9.3958411e-02  -4.5476718e-01  -1.0360433e-01   8.5880239e-02  -7.3671055e-02  -1.9714837e-01   4.0325669e-01   1.8404246e-01   4.1806360e-01  -1.7042843e-01  -2.1190896e-01   5.7682215e-01   6.0204355e-02   1.1799669e-01   5.8910316e-01   1.0879151e-01  -1.1111267e-02  -3.6270539e-01   1.3958202e-01   1.7110732e-01  -1.8444515e-02  -1.8327392e-01  -2.9796426e-01   4.5851099e-01
   2.0174829e-01   1.2746489e-01  -1.5938341e-02   4.1788987e-01  -5.4323913e-02   1.7720938e-01  -3.6664411e-01   5.1548690e-01   0.0000000e+00   9.1458625e-02  -2.3816736e-01  -1.0430872e-01  -2.0132132e-01  -1.4725326e-01  -4.1272694e-01  -2.0443833e-01   1.3408437e-01   7.2617467e-03   3.4765982e-01  -9.1456842e-02  -3.3857708e-01   4.0325932e-01  -4.1252853e-01   5.9959978e-02   2.1194320e-01   5.1198371e-01  -6.4073704e-02   4.5540532e-01  -1.8394223e-01   2.6543909e-01  -1.0315525e-01   3.7262779e-01  -5.2837230e-02  -3.2379026e-01   3.9270199e-02  -2.9771117e-01  -6.4151364e-03  -1.0391504e-01  -1.9817148e-01  -2.7433589e-01  -9.5820717e-02  -1.0285159e-01   1.4637389e-01   8.4597000e-02   3.7780000e-02   2.5702867e-01  -1.5757637e-01  -3.4383588e-01  -2.9933806e-01  -2.3285887e-02  -9.8106463e-03   5.3962842e-01  -1.2054852e-01   9.6151115e-02  -1.6806501e-01   4.8700100e-02   1.6724548e-01   5.2497472e-01  -8.9890510e-02   4.3754339e-01   1.7275237e-01  -2.2844256e-01   3.5742407e-01   1.5848581e-01   2.0978804e-01  -2.2060868e-01   1.2829397e-02   2.7634618e-01   2.7778281e-01  -2.8542928e-01  -1.1899352e-01   1.3047658e-01  -3.2936209e-02  -2.5070192e-01   6.5719896e-02   4.1702377e-01  -1.0580597e-01   2.9430045e-01  -1.9248337e-02   9.6704569e-02   2.7265515e-01  -1.8417410e-01  -1.9861119e-01   4.2488445e-01  -9.7990683e-02   3.5854727e-01  -2.8038414e-01  -2.7268066e-01   1.6632284e-01  -1.7810048e-02   8.3753993e-02   1.1564569e-01  -4.5657306e-01   5.6553162e-01   1.0212661e-01  -1.8198149e-01   9.5962238e-02   4.2659766e-01   2.6779400e-01  -1.6057137e-01  -2.8282940e-01   4.0995211e-02   3.8981451e-01   6.8026518e-01   6.4349112e-03   4.3850613e-01   2.1343316e-01   5.3771807e-01  -3.3321990e-01  -2.8959058e-01  -1.5026230e-01  -1.6668785e-01   3.3663271e-01   6.4814392e-02  -1.6135758e-01  -4.0971291e-03   1.8453401e-01  -2.6751045e-01  -5.0074049e-02   2.9060506e-01   1.0782216e-01   2.5627454e-02  -9.3836525e-02   1.4266943e-01   7.7996283e-02   3.6129213e-01  -2.0275005e-01   2.0319891e-01   6.1251556e-01  -2.1502083e-01  -3.5833529e-02  -2.3920882e-01   2.5897118e-01  -1.0612565e-01   6.6787895e-01   4.2370259e-01   6.0702476e-02  -5.4542461e-02   3.3047538e-01  -2.9116891e-01  -9.1703821e-02   8.9726723e-02   2.9229151e-01  -1.2357589e-01  -3.4338109e-01  -6.9183037e-02  -3.9564294e-01  -2.8725357e-02  -3.8917887e-01  -6.7180448e-02  -1.6921145e-01   2.7614407e-01   5.2388003e-02   7.9124704e-02  -2.3488094e-01  -1.7756429e-01   2.9521137e-01  -6.3812036e-02   2.5407004e-01   1.5360879e-01   3.6367319e-01   4.7441685e-01  -1.4327583e-01   1.7221855e-01   5.8681268e-01  -2.1716685e-02  -1.8733248e-01   3.7544420e-01   9.1761561e-02  -1.6507829e-01  -4.1770581e-01   3.1127946e-02   4.7997018e-01  -1.2029216e-01  -5.7667134e-02  -1.8859247e-02   6.2085714e-01
   5.5148472e-02   3.1238092e-01   1.4691042e-01  -2.8501134e-01   1.1786232e-01  -5.5371024e-02   1.3972913e-01   9.5290205e-02   9.1458625e-02   0.0000000e+00  -3.1732573e-01   8.9829571e-02   8.5855067e-02  -8.1245268e-02  -3.1093118e-01  -2.5243727e-01   1.7612501e-01  -3.4775423e-01   3.5167020e-03   1.6400500e-01   1.7127245e-01  -2.8961201e-01  -1.7690640e-01  -2.8282247e-02  -6.7008190e-02   2.1155702e-01   5.4198419e-02   2.2691588e-01   1.3730162e-02  -1.4343998e-01  -2.3923301e-01   3.4792854e-04  -1.4406850e-02   4.8254533e-01  -3.9145246e-01   2.2207129e-01   4.4186540e-01  -2.3286131e-01  -1.5280282e-01   4.9364557e-02   1.3900802e-01   4.3357206e-02   1.7705862e-01   1.1270751e-01  -1.3384175e-01  -1.4128865e-01  -2.3177296e-01   3.4458489e-01  -2.6725276e-01   5.8090582e-02  -4.2980851e-01   1.8871920e-01   4.0611913e-01   7.4779697e-02   6.1415108e-02   5.4516549e-02  -2.3153381e-02  -9.4299598e-02  -3.0375819e-01  -2.9000097e-01  -5.0618874e-02  -3.6773873e-02   1.1501014e-01   4.7358606e-01   2.5398572e-01   4.7946282e-01  -2.9701283e-01   1.6064054e-02  -2.2236931e-01  -9.5895490e-02   3.7835154e-01  -4.2899845e-01  -1.6103236e-02   3.1113699e-02  -1.0301192e-01  -7.0907425e-04  -3.5509249e-01   4.4121502e-02   4.2163740e-01  -2.5061028e-01   9.8255335e-02  -1.9618470e-01   2.1888113e-01   1.3513107e-01   2.5782727e-01   5.9224335e-02  -1.1388029e-01   2.6055443e-02   1.3855286e-01  -2.2715647e-02   4.6034438e-01  -1.5336675e-01   3.6433387e-01  -1.1197224e-01  -1.9400843e-01   2.2344425e-01  -3.6097293e-01   1.3314023e-01  -4.2808906e-02   5.0620594e-01  -2.2582096e-02  -3.3712842e-02   9.6140528e-02  -2.1197462e-01  -1.9921449e-01  -1.2850409e-01   5.7378125e-02   9.3593246e-02  -2.5177687e-01  -2.0078981e-01   3.3232885e-01  -4.5735238e-01  -2.5749363e-01  -8.5907290e-02   4.6486430e-02   4.3134935e-01   1.6622780e-01   9.6427895e-02   1.3096547e-01  -2.0688336e-01  -1.8316471e-01   3.5814585e-01  -2.1644046e-02  -6.8633432e-02  -7.3377165e-02   1.2909439e-01  -9.5651430e-02   5.4040526e-02  -4.4807619e-02  -7.7519485e-03   8.0230873e-02   2.4129796e-01  -1.5631554e-01  -1.7475383e-02  -5.3059163e-02  -1.7935279e-03  -3.4241818e-01  -2.3086878e-02  -9.0256600e-03  -1.2046675e-01  -3.5473028e-03   3.4951531e-01   2.4529527e-02  -5.2863780e-03  -2.7445939e-01  -6.2265720e-02   1.6444834e-01   4.7516008e-01  -6.6122542e-02   3.8431433e-01   1.1499311e-01   9.5825438e-04  -2.1805209e-01   4.0324890e-01   2.2303795e-01  -3.1403083e-02  -1.4338683e-02  -2.8323212e-01   2.6940683e-02   1.4075247e-01   5.1989488e-02  -8.3728738e-02   5.1507450e-01  -2.1772556e-01  -4.6105959e-04   4.8830509e-01   1.5943383e-01   4.6315607e-02  -8.4673314e-02   3.4175704e-01   3.2081269e-01  -2.3260454e-01  -1.2169054e-01  -8.2052991e-02  -1.2076933e-01  -1.0338419e-01  -7.7495351e-02
  -1.6734215e-01  -2.8412914e-01  -2.4364392e-01  -2.2181715e-02  -1.1059687e-01   9.0052637e-02   1.6887784e-01  -1.7532967e-01  -2.3816736e-01  -3.1732573e-01   0.0000000e+00  -1.0614479e-01   1.6636430e-02   2.1826326e-02   6.1977498e-01   2.3132424e-01  -2.4292673e-01   4.3641774e-01  -1.6735505e-01  -2.0249219e-01   1.4609745e-01  -5.3531010e-02   4.1179665e-01   3.0940639e-02  -1.0324630e-01  -1.9547028e-01  -6.2389035e-02  -3.6363996e-01   1.8396472e-02   1.4560663e-01   4.9503121e-01  -6.7779235e-02   1.7871167e-01  -5.5125917e-03   2.5358093e-01   2.1727646e-02  -1.3812844e-01   2.3289957e-01   1.6448178e-01  -3.2400077e-03   1.5740395e-02   2.5784422e-01  -2.6573305e-01   2.3041976e-01   1.9938124e-01   6.9751418e-02   4.1973369e-01   7.3729878e-02   3.2332508e-01  -1.7727452e-01   3.9089396e-01  -1.0075844e-01  -6.1542818e-02  -1.4188303e-01   4.3235536e-02   1.0709524e-01   2.3147206e-02  -1.3154711e-01   1.8159326e-01   1.1561162e-01  -5.2764355e-02   1.4063290e-01  -2.5931165e-01  -7.9969753e-02  -8.4191977e-02   1.1774397e-01   2.5133127e-01  -2.5563840e-01   1.6533370e-01  -1.0614503e-04  -2.4098039e-01   2.2231227e-01   5.2287022e-02   3.5840798e-02   2.7616546e-02  -5.6517974e-02   3.5258560e-01  -9.8099650e-02  -2.9020244e-01   3.9720274e-02  -2.2186582e-01   3.9462698e-02   2.0516179e-01  -2.0592087e-01  -3.5983149e-02  -2.4243677e-02   3.3482643e-01   7.2348569e-02  -3.3365021e-01  -6.9507481e-02  -1.9630399e-01   6.2722124e-02   1.0908573e-01  -2.0599288e-03   1.0700580e-01  -5.4751222e-02   1.9390693e-02  -1.8095394e-01  -1.0195966e-01   3.2659767e-02   6.7969410e-02   1.5370081e-01  -2.1054452e-01  -7.8780913e-03   2.9478808e-01  -2.6706886e-02  -1.8424953e-01  -2.4035158e-01   4.3712317e-01   3.9199479e-01   8.6757618e-02   3.0105824e-01  -3.6204590e-02  -5.7688654e-02  -9.1096783e-02  -1.1179935e-01  -1.2837449e-01  -6.3202917e-02  -8.5373681e-02   6.0452051e-02   6.0261659e-02  -3.1308853e-02  -9.5657933e-02   1.4395861e-01   6.4287489e-02  -1.8747670e-01   4.3700459e-01  -1.8560482e-01  -2.4253795e-01  -1.9058879e-02   1.9714596e-01   3.0513620e-01  -2.1298320e-02   4.1717376e-01  -1.6905307e-01  -6.5396011e-02   1.0035537e-01  -5.5034609e-02   2.2254382e-02   1.1084722e-01  -2.0712842e-01  -3.0565576e-01  -7.9088416e-02   1.0748409e-01   5.9452396e-01   1.6313679e-01   1.0692641e-01   8.2643108e-02   3.9540444e-01  -2.1053618e-01  -4.1335263e-02  -1.7439038e-01   2.5878520e-01  -8.1816824e-03  -1.6211816e-01   8.2164715e-03  -7.0021872e-02   2.2685114e-01  -1.2161093e-01   2.1834855e-02  -2.2780765e-01   1.3773612e-01   1.0533663e-01   2.7359284e-01  -2.0536174e-01  -9.7200570e-02   2.8878445e-01  -2.3327560e-01   9.8203008e-03  -3.6676521e-03   2.7299717e-02   9.4685372e-02  -8.1878132e-02   2.9624996e-01   1.8402733e-01   3.6374476e-02  -2.0533354e-01
  -2.7561610e-01   5.8920235e-01   6.0263930e-01  -2.6512267e-01   5.6079296e-02  -4.9959603e-01   2.9560192e-01  -3.2601900e-01  -1.0430872e-01   8.9829571e-02  -1.0614479e-01   0.0000000e+00   1.8885945e-02   1.5025011e-02   9.4716978e-02   4.4953973e-01   3.5006713e-01  -2.8209356e-01  -3.3599379e-01   2.1931728e-01  -1.2915823e-01  -2.7061184e-01  -7.7725261e-02  -2.8714485e-01  -1.2814676e-01  -3.2371519e-01  -2.5389876e-02  -2.1980888e-01   4.3199609e-01   8.8288661e-02  -5.6412662e-02  -2.5615862e-01   3.0493881e-01   4.3224887e-01  -2.5583848e-01   2.5199580e-01   1.7849943e-02  -3.4463986e-01   4.9190680e-01   4.4823854e-01   1.5343516e-01   4.1216823e-02   5.1618032e-01  -1.2528646e-01   5.0107305e-03  -4.2517188e-01  -1.6548492e-01   6.4268839e-02  -3.7589500e-01   4.6389452e-01  -3.1804523e-01  -3.5578638e-01   2.6931576e-01   1.5726355e-01   2.7684134e-02  -2.0643375e-01  -4.0943636e-01  -3.6878157e-01  -5.0679648e-02  -3.5595841e-01   2.5437300e-02   1.4846873e-01   3.4619970e-01   3.6438608e-01  -8.7205123e-02   2.1196131e-01  -3.6360060e-01   1.9021186e-01  -5.2940823e-01   1.7060393e-01   4.5716760e-01  -2.8555225e-01   4.9277809e-01   1.9429920e-01  -1.8571443e-03  -4.2858484e-01  -1.5953857e-01  -2.3262555e-01   4.1500592e-01   2.8960124e-02  -3.5333322e-01   2.6936007e-01   9.3563138e-03  -3.6077198e-01   2.5654522e-01  -5.1689811e-01  -4.2812704e-02   1.2267036e-01   2.5489278e-01  -4.4914303e-01   8.6038463e-02   5.5347977e-02   5.2159621e-01  -1.6505656e-02  -2.8800014e-01   1.4353100e-01   1.0880375e-01  -3.0307456e-01  -7.9647776e-02   7.0036226e-02  -2.8468361e-01  -2.8847652e-01  -3.4109732e-01  -2.8237311e-01  -2.6673796e-01  -3.2310224e-01   7.5209380e-02  -4.1794508e-01  -1.4732011e-03  -1.6394166e-01   3.3613487e-01  -2.4676445e-01  -2.5733729e-01  -3.3712265e-01  -7.7860844e-02   2.9476008e-01  -2.0309423e-03   2.4867595e-01  -1.4947201e-01  -3.3707394e-01  -4.4585250e-01   3.1088623e-01   7.7985204e-01  -1.2368705e-01  -5.2709527e-01  -3.6963290e-01  -1.9323815e-02  -7.4462714e-03  -3.7669584e-01   1.4717197e-01   2.2878475e-01   9.1351414e-02   1.7386453e-01  -2.1155269e-01  -2.1789398e-01  -5.4364027e-01   1.5505570e-01  -1.6502044e-01  -5.5628644e-01   1.8153398e-02   2.0113930e-02   1.4238955e-01  -2.4521268e-01   1.9949742e-01  -1.0200165e-01  -2.0118726e-01   5.7970677e-01  -1.3211723e-01  -2.0095395e-01   1.7563878e-01  -3.4381231e-01  -2.3255731e-01  -1.0581060e-01   1.8141277e-01   6.3389568e-01  -7.4587302e-02  -3.3721900e-01   1.8707195e-01  -4.7322630e-02  -3.8170901e-01   1.8985174e-01  -2.7717951e-01   1.0229310e-02  -4.0336504e-01  -1.9874462e-01   2.8629121e-01   2.0357104e-01  -2.5436260e-01  -1.0124609e-01   2.7810053e-01   2.8208269e-01  -3.8997791e-01  -2.8239834e-01  -2.1919153e-01  -2.5367933e-01   1.8473373e-01  -2.7157141e-01
  -1.4399601e-01   4.8457381e-02  -4.3773842e-02  -1.3360292e-01   2.4377149e-01  -2.4484923e-01   8.7202462e-02  -2.4195195e-01  -2.0132132e-01   8.5855067e-02   1.6636430e-02   1.8885945e-02   0.0000000e+00   7.6228527e-03   2.4856010e-02   3.5758295e-03   1.2013243e-01   1.5839921e-01  -4.0689630e-01   7.0019534e-02   3.2597344e-01   7.7955860e-02   1.9840254e-01  -3.2906806e-02  -2.6355338e-02  -3.8273947e-01   3.5938026e-02  -1.9850820e-01   7.6175155e-02  -9.9330450e-02   7.9316972e-02  -3.2359751e-01  -1.4319740e-02   2.0802792e-01  -7.8109877e-02   3.2222052e-01   1.0000428e-01   1.0858243e-01   1.7958331e-01   2.0713824e-02   3.5194696e-01  -7.2781612e-03   1.0164219e-01  -1.9644322e-01   1.6737323e-01   4.1570414e-02   1.5091762e-01   2.4688669e-01   3.2717663e-01  -8.8492824e-02   1.1161262e-01  -2.6000017e-01   4.5206728e-02  -2.8069214e-01   5.7154323e-02  -1.1944694e-01   3.8571712e-03  -2.3553638e-01  -1.6710592e-01  -2.4098586e-01   2.4528195e-01   2.4894415e-01  -2.2092673e-01  -6.1396301e-02   1.4318358e-01   8.3621219e-02  -1.5786857e-01  -2.7415582e-01  -1.3794852e-01   1.0266967e-01   1.6515501e-01   4.0119917e-02   1.0175609e-01   6.1801483e-02   1.7781917e-02  -2.8664067e-01   1.6047629e-01  -2.0183136e-01   1.3812499e-01  -1.2314423e-01  -2.0974092e-01   3.2373234e-01   5.3756445e-02  -2.7609590e-01  -5.9998744e-02  -2.5181333e-01   1.8039730e-01   6.8132381e-02  -1.9849990e-01   1.0510431e-02   7.4451952e-02   7.8826821e-02   1.4720199e-01  -3.0994867e-01   2.6264518e-02   1.8108830e-01  -2.7837941e-02  -3.4196848e-01  -8.2292522e-02   2.6567512e-01  -1.0008053e-01  -2.9765941e-01  -3.2081901e-01  -2.9712947e-01   1.2336903e-01  -1.9907462e-01  -1.2296643e-02  -2.8437486e-01   3.7926616e-01  -5.1070502e-02  -9.3724203e-03   2.2769306e-02  -1.3243250e-01  -1.3060582e-01  -9.6642808e-02   1.6735375e-01  -3.2716723e-01   3.4995840e-01  -1.5587778e-01   2.8824196e-02  -1.1065553e-01  -1.3947341e-01   8.4906437e-02   2.4876139e-01   8.2039959e-02  -7.4575598e-02   1.8807254e-01  -1.7389343e-01  -1.7403893e-02   3.2026757e-02   2.3696544e-01   1.6258338e-01   6.3439528e-02   1.0961363e-01  -2.0920938e-01  -3.1570683e-01   1.2110740e-02  -1.1419278e-01  -2.5456751e-01  -1.6861357e-02  -1.2320610e-01   1.8443631e-01  -2.4563364e-01  -2.0222433e-02   8.9916527e-02   1.9939794e-01   1.3466744e-01  -1.9893911e-02   1.0477841e-01   3.4338880e-01  -8.3981999e-03  -1.7542493e-01  -3.2044508e-01  -7.4407850e-02   1.9545648e-01  -4.5848494e-02  -2.4871882e-01  -1.1587077e-01   1.3252577e-01  -1.2094183e-01  -2.3182398e-01  -2.7222710e-01   1.5284372e-01   2.5620278e-01  -3.2118706e-01  -1.8508432e-02   2.5876359e-02  -3.3773670e-01  -2.4701270e-01   2.4309174e-02   2.0235480e-01  -1.4592311e-01  -8.7993568e-02  -3.9683721e-02   1.4999339e-01   1.0582730e-01  -1.4388400e-01
  -2.8450639e-02  -1.1939296e-01   5.0814809e-02   9.5644646e-02  -3.3380947e-01  -7.9023710e-02   1.6056049e-01  -5.9918433e-02  -1.4725326e-01  -8.1245268e-02   2.1826326e-02   1.5025011e-02   7.6228527e-03   0.0000000e+00   1.3709059e-01   8.0444859e-02  -6.3399952e-02   6.9204296e-02  -1.5057457e-01  -4.9091505e-01  -1.6779399e-01   1.1270780e-01   9.0986099e-02  -2.1820283e-01  -4.7422592e-03  -2.1945969e-01  -1.6386972e-01  -1.6759856e-03  -5.9103939e-02  -1.9506770e-02   1.2292153e-01  -1.4542552e-01   2.2931400e-02  -4.4816371e-02   2.8773252e-01  -3.1389719e-01  -2.4926986e-01  -7.3941770e-02   1.0797503e-01  -8.2727795e-03  -1.6960683e-01   2.4730574e-02  -1.3158224e-02   3.3333438e-01  -1.7990545e-01  -8.1248017e-02  -1.2556253e-01   3.5417866e-02   6.1681880e-02  -1.2508141e-01   4.3925314e-03  -2.1684826e-01  -2.2383046e-01  -1.1958445e-01   2.9191507e-01   3.9830216e-01  -2.6697078e-02  -1.2093699e-01   2.2276914e-03  -2.7724880e-02   5.1429408e-02  -1.9393499e-01  -1.8362856e-01  -5.4932780e-02  -2.9598871e-01  -4.2122169e-02   2.9998807e-02  -8.0034554e-02   2.6044884e-02   3.9561008e-01  -9.9022594e-02  -8.5038162e-02  -1.8415529e-01   1.0449344e-01  -7.2039229e-02  -9.3312566e-02   4.3072254e-02  -6.5850917e-02  -1.7043681e-01   1.8226243e-01   2.3911127e-01  -3.3473653e-02   4.4482074e-02  -7.1175702e-02   2.1166495e-02  -2.1620441e-01   4.1243076e-02   1.6471023e-01  -1.1226606e-01  -1.7945029e-01  -3.3764626e-01  -3.5686444e-03  -7.5440089e-02  -1.3064720e-01  -8.0700257e-02  -4.0354584e-01  -6.8037015e-02  -2.4752629e-01  -2.4370442e-01  -4.5812168e-02   2.5302083e-01   5.9402056e-02   4.5937843e-02  -2.0008720e-01  -2.2457880e-02  -1.5411868e-01  -8.4887136e-02  -1.6992439e-01  -6.8451626e-04   1.2486078e-01   6.8567581e-02   1.8202139e-01  -6.2055384e-02  -2.8396308e-01   3.9122590e-01  -4.5546025e-01   8.2359827e-02  -3.5343930e-03   3.9102658e-01  -1.2763259e-01  -3.0024504e-02  -1.9631634e-01   1.1916120e-02  -8.4078832e-02  -2.5309607e-01   1.3450351e-01   3.1386449e-02  -1.5473966e-01  -1.1040265e-01   3.5131323e-01  -8.9708372e-02  -7.9948928e-02   2.0392755e-01   2.0258381e-01  -1.6542197e-01  -2.1683277e-01   3.6632425e-02   4.7590974e-01  -2.1422832e-01   2.9478213e-01   2.2813495e-01  -3.1321554e-01  -6.0910323e-02   3.2548960e-01   1.2270754e-01   7.2846576e-02   1.6630359e-01  -9.0794416e-02   2.7310833e-01  -3.6781312e-02   3.2160463e-01   3.6870124e-01  -6.1315716e-02  -2.2289811e-01   4.7125797e-02  -1.2917566e-02  -8.4310516e-02  -2.0367200e-01   3.2832514e-03   1.5522491e-01  -9.2227731e-02  -4.0612305e-02  -7.4748414e-02  -9.0639191e-02  -2.2896511e-01  -1.3894486e-01  -2.0941665e-01  -7.2472146e-02   1.5517627e-01  -2.7173049e-01  -2.2078114e-01  -2.7377793e-02  -1.5126192e-01   2.0691022e-01   5.1107657e-02   5.6438463e-02  -8.8574437e-02
