   0.0000000e+00   4.7251938e-02  -1.2137093e-01  -1.1276252e-02  -2.4108046e-01  -4.5193044e-03  -7.8690879e-02   3.0339087e-01  -4.9116180e-02   8.5384912e-04   2.6479784e-01   3.7208840e-02  -1.8697279e-01   4.2150534e-01   3.8078779e-01   6.7948343e-02   3.5050431e-03  -1.0012228e-01   2.1483078e-01  -2.0306276e-01  -2.4631303e-01  -3.4716127e-01  -1.5045408e-01   5.3285831e-01   1.5186261e-02   1.6407252e-01  -1.8042875e-01   3.9045719e-01   6.4040504e-02  -1.4793862e-01   1.2544881e-01  -1.1432685e-01   1.4177761e-01   1.3739375e-01  -2.0333397e-01  -2.6205373e-01  -1.8976132e-01   1.9394703e-01   5.3397909e-03   6.2784570e-02  -1.7256568e-01   3.2648462e-01  -2.6566356e-01   2.3647790e-01   4.4413787e-02   1.1221324e-01  -1.8534416e-01  -1.6351253e-01  -2.9652266e-01  -5.2266995e-03  -3.4879821e-02   1.4591102e-01   7.9228942e-02  -1.4557850e-01   3.1404266e-01   2.3109279e-01   2.3586012e-01   2.1984077e-02  -1.7831300e-01   8.1010181e-03   3.5328251e-02  -2.2956595e-01  -1.8972529e-01   2.3340330e-01   5.2971835e-02   5.1320334e-02  -2.3066778e-01   1.9242102e-02  -7.1017251e-02   8.8036007e-02  -3.5421560e-02  -3.3169349e-01   2.4826561e-02   2.4175857e-01  -2.0087610e-01   1.9556661e-01   9.0622322e-02   7.8106109e-02  -1.0109650e-02  -2.5344455e-01   2.4321785e-01  -4.1620722e-03  -1.6095634e-01   9.5361133e-02   3.5165250e-01   2.3287091e-01  -1.2640870e-02   1.6190045e-01  -4.5215114e-02   6.3775566e-01   1.2680519e-01  -8.9026065e-02   6.9630213e-03  -1.7660473e-01   2.7882874e-01  -7.1481722e-02  -8.5440232e-02   9.6580306e-02  -1.3930963e-01   5.8536634e-02   1.4591969e-01   2.4478246e-01  -1.0766366e-01   9.7152969e-03  -6.6843142e-02   9.0990303e-02  -1.7112623e-01   9.6328798e-02  -1.6407790e-01  -1.5066011e-01  -5.8513192e-02   1.7203803e-01  -3.8938999e-02   7.1213678e-01   4.1530511e-01   2.5043849e-02   1.3408182e-01  -9.3551610e-02   5.3978359e-02  -1.6648058e-01   7.2527418e-02  -1.2903154e-01  -2.1813998e-01   1.4583201e-02   2.9553579e-01   5.3135422e-02  -1.2324661e-01  -1.4417563e-01  -6.2027799e-02  -3.5219141e-04   1.0313217e-01   3.4630856e-02   3.0327802e-01  -2.8637117e-02  -2.4648395e-01   1.6364920e-01  -2.7165773e-01   2.9551240e-01   2.6461823e-01   6.6228384e-01   7.7139732e-01  -6.7369958e-03   1.3206493e-01   2.6649620e-01   3.2457979e-01  -1.4913395e-01   2.3776450e-02  -4.2087969e-02   1.5944150e-01  -2.4441236e-02   3.3642987e-01   5.2947130e-02  -4.6945249e-02   7.5083876e-02  -3.2232989e-02   4.1074395e-01   2.7977568e-01  -7.6966429e-02   5.3434178e-02   1.4580600e-01  -1.1564601e-01   8.2122113e-02   3.5777918e-02  -2.8199050e-01  -5.4243236e-02   4.0153294e-02   1.5212145e-01   2.5162042e-01   3.1997423e-01  -5.9805247e-02   1.6815281e-01  -6.0777608e-02  -2.0265936e-01  -7.6201048e-03   1.5966808e-01  -2.6156089e-01   1.8220899e-01
   4.7251938e-02   0.0000000e+00   3.5425163e-02  -2.3761787e-02   3.0714761e-02   6.2785304e-02   1.8898255e-01  -1.9534766e-01  -3.5931135e-01   1.8454791e-01  -8.7854082e-02   5.4194160e-01  -2.0941636e-01   7.4097689e-02   3.7635652e-01   6.4011667e-02   6.0544988e-02  -1.3585731e-01  -2.4261640e-02  -1.2785238e-01   3.2694856e-01  -2.4316122e-01  -4.6832342e-02  -1.2191222e-01   4.3904654e-02  -1.6826700e-01  -1.9004304e-02  -1.1008661e-01   2.5564183e-02   3.0828332e-01   4.7684189e-01  -3.6121119e-02   1.7600308e-01   2.8223764e-01   2.5240182e-01   1.9466517e-02   4.5687004e-01  -1.5256714e-01   1.5327772e-01   2.2733648e-01   8.1834824e-02  -4.2601231e-02  -1.4618311e-01   1.2614278e-01   3.6032338e-01  -2.2097493e-01  -1.8545439e-01   6.0718397e-01   2.2311996e-01   9.1520081e-02   2.5704999e-03  -3.1627174e-02   4.7656665e-01  -3.7315688e-01   3.4705516e-02  -1.6642957e-01  -1.7690870e-01  -1.6420078e-01   6.4488091e-02   2.6276957e-01  -3.8432452e-01  -9.3494952e-02  -3.1727618e-01   3.1302836e-01   3.1945591e-01  -1.0884557e-01   1.4883481e-01  -2.7496517e-01  -7.0424031e-02  -1.2446394e-01   7.0568719e-01  -3.4740937e-01   1.9825560e-01  -9.1953309e-02  -2.9457038e-01  -4.7765101e-02  -3.6119907e-01  -1.2300998e-01   1.9533623e-01  -1.3715768e-01  -4.8885961e-02   7.4719688e-02   4.5630628e-01  -2.0136684e-01  -2.0420542e-02   5.9461720e-02   4.6158508e-01  -2.1759096e-01  -3.2840004e-01  -9.8361054e-02   2.4719198e-01  -2.8430291e-01   7.5146764e-02  -1.9135870e-01  -1.8319017e-01  -1.5657258e-01  -2.3642718e-01  -2.9978727e-01  -1.8790113e-01   2.3423873e-01   1.8157081e-01   6.5819080e-02   2.2901491e-01   2.5606390e-01   4.6413751e-03  -8.0556943e-02  -1.4492851e-01  -1.6513838e-01   4.8627922e-02   1.1594059e-01   3.1846173e-01  -1.1730497e-01  -3.8542714e-01  -8.8142319e-02  -4.0628814e-02   4.9127463e-01  -1.4396753e-01  -1.3232354e-01  -5.4937109e-02  -1.7148246e-01  -2.6983473e-01   6.1996982e-02  -3.6001530e-01   8.8660437e-02  -1.8999393e-01   5.7857492e-02   1.5324894e-01  -2.4931945e-01  -3.1469564e-01   2.1781226e-01   2.1329038e-01   4.6478696e-01   1.0287199e-01   2.8934731e-01  -3.5544486e-01  -1.0490111e-01  -2.2177288e-01   1.4753550e-01  -7.1790673e-02  -8.2581525e-02   2.7486689e-02  -9.3953260e-02  -7.6619659e-02  -2.0081644e-01   1.5102535e-01  -9.3966581e-02   4.5838950e-01   1.2625034e-01   5.6685669e-02   5.3063545e-01  -1.9734083e-02   8.8726129e-02  -2.6025393e-01   2.2134567e-01   3.8962720e-01  -1.6585695e-01  -2.4832423e-01   3.2422559e-02  -3.5258725e-01   3.7955205e-02  -3.0971021e-01  -8.8503363e-02   4.7189776e-01  -5.2921239e-02  -3.7590544e-01   3.9337186e-01   1.7200545e-01  -1.2235927e-01  -2.3988395e-01   4.0245611e-01   3.0705731e-01  -1.7975260e-01  -8.5204491e-02  -9.3560223e-02  -8.2150613e-03  -2.1502433e-01  -1.2616514e-01
  -1.2137093e-01   3.5425163e-02   0.0000000e+00  -1.4639464e-01   1.3766642e-01   3.1388596e-01  -3.1671029e-01   1.0042339e-01  -1.9409585e-01  -7.8930275e-02  -2.9366490e-01   3.1517350e-01  -2.0700367e-01  -3.6378299e-01  -2.1254901e-01  -7.9864984e-02   8.5802725e-01  -2.5736967e-01   1.0224115e-01   9.5890299e-02  -1.8861551e-01   1.3693217e-01  -1.0522294e-01   8.4021309e-02  -6.1797097e-02   4.0700580e-01   1.5290732e-02  -4.8286160e-02  -8.4100924e-02  -1.8014932e-01  -3.9345208e-01   5.7950058e-03   1.3116337e-02   7.1589029e-02  -9.2128180e-02   6.2152254e-02  -2.0374459e-01   5.1550968e-01  -2.2965787e-01   2.4948342e-01  -1.6330200e-01   1.7339655e-01   1.1689639e-02  -2.5911615e-01  -2.2710932e-01   5.9190702e-01  -1.0394425e-01  -3.4625933e-01  -2.5009665e-01   6.0871738e-01  -1.9072350e-01   1.8512665e-01  -2.3065228e-01   1.9549264e-01  -3.6162626e-01   1.3396572e-01   2.6910887e-01  -7.2501869e-02  -1.8417836e-01   1.3173522e-01   5.6117340e-01   6.8301892e-02  -1.5766975e-01  -3.7679029e-01  -4.3971069e-01   1.0986941e-01   8.9401040e-02   2.4318158e-01   1.0059744e-01   6.9571346e-01  -3.0439262e-01  -8.2190377e-02  -1.3392836e-01   5.7685721e-01   6.0612366e-02   1.7238638e-01   6.1337440e-01   4.6217171e-01   2.5862423e-01  -3.5699403e-02  -8.0095120e-02  -5.5910777e-03  -1.5418027e-02   2.6606327e-01   1.1970325e-01   1.2253177e-01  -3.7811250e-01  -2.7883865e-01   8.8372440e-02   2.0325881e-01   3.3634350e-01   5.0986551e-01   2.8969857e-01  -4.5892869e-02   4.9914084e-01   3.4665014e-01   1.1553913e-01  -1.0860641e-01  -5.3764482e-02  -1.3355014e-01  -1.3162533e-02  -1.1720955e-01  -2.6519825e-01   1.2222017e-02  -1.8310600e-01  -2.5436376e-02   2.7627335e-01   5.0401868e-02  -8.3849544e-02  -2.5373381e-01   3.4379941e-01   2.9723600e-02   1.1019284e-01   1.7614735e-01  -9.7581437e-02  -1.0325347e-02   2.5584836e-01  -2.2589646e-01   7.9981938e-02  -6.0603097e-02   5.0589491e-01   3.6618042e-01   4.7372217e-02  -2.4945628e-01   3.9307100e-01   2.2191695e-01  -2.8810502e-01   8.9871457e-03  -3.7954283e-02   6.4819489e-01  -1.8189534e-01  -2.8780031e-01   3.3556274e-01  -3.7157137e-01   2.6104202e-02   1.6619932e-01  -2.0700605e-02  -4.2197591e-01   1.3809999e-01   1.2474499e-01   5.6086055e-02  -1.2383989e-01  -1.6203354e-01   2.3944468e-01  -1.8995529e-01  -3.3271540e-01   1.0392197e-01   1.3309456e-01   1.3511755e-02  -3.5018547e-01   2.3209272e-01  -5.4820574e-02   5.4468385e-01  -3.1261073e-01   4.5284606e-01   3.6025851e-01   4.9419452e-01  -1.5358861e-01   5.3619700e-01  -1.3662522e-01   1.2364742e-01  -8.3836739e-02  -2.2894986e-01  -3.5526249e-01   1.4449923e-01   5.0200513e-02   3.0330646e-01   2.8720243e-01   4.9339901e-01   1.0312859e-01   2.4902204e-01   4.2666564e-01  -1.7841683e-01   1.4448949e-01   1.1842896e-01   5.6228044e-02   2.3514116e-01
  -1.1276252e-02  -2.3761787e-02  -1.4639464e-01   0.0000000e+00   1.5683067e-01   2.6648426e-01  -3.9576461e-02  -1.0812059e-01   1.7953462e-01  -2.0832198e-04  -9.8455043e-02   9.3618505e-02   1.6513271e-01  -1.2128093e-01  -2.4647654e-01   1.5301358e-01  -1.9038689e-01   4.4362935e-01  -7.0133981e-02   3.7552702e-01   2.8499772e-01   4.8941908e-01   1.9889167e-01  -2.1911065e-01   3.1842632e-01  -2.0116365e-01   1.4884547e-01  -2.6771743e-01  -2.7279150e-01   4.5944166e-01   3.8482428e-03   4.1259449e-01   2.0905978e-01  -1.3284074e-01   5.5410361e-02   3.9519444e-01   1.5567887e-01  -1.5845262e-01   3.2391889e-01   2.5125923e-01   2.3624757e-01  -5.5027547e-02   4.8183924e-02  -2.8092524e-01   4.4460254e-02  -1.7880823e-01   3.5835516e-01   7.1708528e-02   2.8387889e-01  -1.8613868e-01   4.0389692e-01  -1.7465387e-01  -1.4748421e-01  -1.5170722e-01  -1.9244267e-01  -4.3503554e-01  -9.3585438e-02   1.9483705e-01   3.9745162e-01   2.3486630e-01   1.5384602e-01   2.5850407e-01   1.1387835e-01  -1.5136004e-01  -2.0209547e-02  -1.2362794e-03   4.2511395e-01  -1.1839317e-01   1.4975593e-01  -2.2587572e-02  -5.7042609e-02   5.2356386e-01   1.3384779e-02   1.3201062e-02  -1.1684116e-01  -5.2191836e-02  -9.7749340e-02  -2.1488751e-01   4.3229100e-02   3.6692101e-01  -2.3011377e-01  -2.4272403e-01  -2.2563473e-01  -8.5145554e-02  -3.2858815e-01  -1.8489992e-01  -1.2561878e-01  -2.2502546e-01  -2.8123290e-02  -1.7844011e-01   3.6377133e-02  -1.1351033e-01  -9.1567476e-02   5.1640396e-01  -1.2738913e-01   7.9406106e-02   8.9213017e-02  -1.4844986e-01   4.0068007e-01  -1.3827453e-01  -1.5934179e-01  -2.5580731e-01   1.2250119e-01   1.9387372e-01   2.7929110e-01   7.4377859e-01  -3.8634998e-01   1.1713719e-01  -3.6147576e-02   2.8974137e-01  -1.4894039e-01   2.6823261e-01   3.5690737e-01  -1.0050865e-01  -3.3558588e-01   2.6298620e-02  -1.3219556e-01  -3.9412774e-02  -2.5960356e-01   6.5068515e-01  -2.0542310e-01   1.0604465e-01  -1.4032120e-01   2.0011513e-01  -1.4737379e-01   1.3109487e-01   3.4419687e-01  -1.0126331e-01   6.3144197e-01  -1.2984143e-01  -7.3014004e-02  -1.2760794e-01   1.4130885e-01   1.2393292e-01   3.6251036e-01  -9.1123977e-02   3.0891605e-01  -1.8405657e-01  -1.1890709e-01  -1.0411083e-01  -1.2113072e-01   3.9470696e-02  -2.2195158e-02  -1.9480726e-01  -5.6914295e-02   2.3704180e-01  -7.0886541e-02   1.1760238e-01   1.6812999e-01   7.0778907e-03  -3.0192937e-01  -2.4045397e-02  -3.1403796e-01  -2.2900797e-04   2.2055496e-01  -1.6977416e-01  -2.1312879e-01   2.7190786e-01   4.2218799e-02  -2.4593229e-01  -1.1838519e-01   1.2041992e-01   6.6998619e-02   6.5299742e-01   2.7712166e-01  -4.9576820e-02  -4.7668449e-02   1.4009984e-02  -1.0517643e-01  -1.2639088e-01  -4.0950863e-02  -2.7165854e-01   4.9585434e-01   1.9532876e-01   2.7284239e-01   8.8154335e-02   3.9690255e-01
  -2.4108046e-01   3.0714761e-02   1.3766642e-01   1.5683067e-01   0.0000000e+00  -1.3564391e-01  -3.3939125e-01   3.4982177e-03   1.4380167e-01   3.0484701e-02  -1.6607032e-01   2.1711726e-01   5.4139926e-01  -3.3665679e-01  -1.5156222e-01  -1.4907057e-01   1.0602813e-01   2.8652450e-01   2.2403922e-02   7.3153511e-01   2.0118562e-01   2.9829267e-01  -1.2158579e-01  -1.4184096e-01  -5.1994942e-02  -6.2654798e-03   2.2994822e-01  -3.2409535e-01  -2.0952695e-01  -3.0349800e-03  -1.7878122e-01   7.2497180e-02   2.0738859e-02  -9.5617439e-02   1.0466685e-01   3.8979014e-01   2.7120636e-01   1.2530432e-02  -2.0050880e-01   2.5974270e-01   3.3270262e-01   7.5339574e-02   8.7943720e-02  -2.2734528e-01   1.4075418e-02  -9.0294849e-03   1.5820239e-01  -1.7897862e-01   3.6560148e-01   1.4587980e-01   7.5842850e-02  -2.2747528e-02  -1.0494779e-01   1.5289730e-01  -2.7069980e-01  -1.6526204e-01  -1.9273876e-02   2.3927633e-02   2.0994685e-01   1.1416717e-01   1.6312309e-01   5.9546912e-01   1.3023873e-01  -2.5835347e-01  -3.0382574e-01   2.1810618e-01   9.9088947e-02   1.1244911e-01   5.5128083e-02  -1.3367366e-02  -1.6660099e-01   1.5629938e-01  -1.1731501e-01   2.1544770e-01   3.4370243e-01   8.7381661e-02   4.4429576e-02   2.6558830e-01   6.1416152e-01   1.7641101e-01  -2.9520855e-01  -3.2240858e-02  -1.4259593e-01   1.5264360e-01  -1.5147443e-01   9.7736406e-03  -2.3851000e-01  -8.2351591e-02  -7.5367016e-02   3.9489021e-02   6.3623313e-01   2.7314426e-01   1.2070082e-01   3.5757458e-01  -4.9637688e-02   6.6696008e-01   2.4739190e-01  -1.5907602e-01   3.8758687e-01   7.1001028e-02  -2.8501028e-01  -1.0858189e-01  -2.1481627e-01  -9.5129759e-02   7.6535831e-02   1.0272954e-01  -9.3623722e-02  -1.0277838e-01   1.1641992e-02  -2.7707923e-02   1.2271151e-01   2.3877396e-01   2.5615051e-01  -8.8552821e-02  -4.5112392e-01   3.7837760e-01   1.5276303e-02   4.2525841e-01  -2.1378144e-01   1.9197542e-01   2.2644377e-02   7.7640463e-01  -6.9592379e-02   1.9466674e-01  -5.6258321e-02   1.5292148e-01   1.4968768e-01   1.6633338e-01   3.9105067e-02  -1.6443470e-01  -7.4226114e-02  -9.9312299e-02  -3.2952822e-02  -2.1866641e-01   1.4042310e-01  -1.6250170e-01   3.6148466e-01  -3.2378813e-01   1.4190935e-02  -1.5627799e-01  -1.4754637e-01   2.9464148e-01   1.7011955e-02  -2.5162533e-01  -1.1783328e-01   6.7006365e-02  -1.5888628e-01   3.3567431e-01   6.8300713e-02  -2.6299446e-02  -2.0226246e-01  -2.1172670e-01   1.4255643e-01  -2.1991451e-02   1.3707054e-01   2.8455531e-02  -1.0124482e-01   1.3368953e-01   1.3881001e-01  -3.9942423e-01  -1.8274450e-02  -1.8557763e-02   1.9996371e-01   1.3555007e-01   1.2259422e-01   3.8256892e-01   2.9473643e-01   1.6504531e-01   9.3278198e-02   2.6311095e-01   3.9567094e-01  -1.5417557e-01   3.0558771e-01  -3.8177637e-02   7.4340500e-02   1.4328602e-01   2.4594450e-01
  -4.5193044e-03   6.2785304e-02   3.1388596e-01   2.6648426e-01  -1.3564391e-01   0.0000000e+00   1.1754140e-01   6.9518714e-02  -7.3763451e-02  -1.3373938e-01  -4.4823696e-02   2.0478378e-01  -2.7322002e-01   1.2458557e-01  -2.0808706e-01   4.7038708e-01   1.9027668e-01  -1.0017376e-01   1.7221715e-01   7.3189583e-02   2.1442447e-01   1.9110883e-01   2.4164186e-01  -2.2856687e-01   3.7139012e-01   1.7260848e-01   4.1436258e-02  -4.1651182e-02  -1.0516039e-01   3.9268855e-01   4.1010529e-02   8.6579699e-02   2.4301927e-01   1.4357022e-02  -2.3679133e-01   3.4830504e-01  -7.6976355e-02   1.1829435e-01   3.8196488e-01   2.8429566e-01   1.7798494e-01   2.5548858e-01  -8.7243189e-02  -4.6986996e-02  -7.5174199e-02   9.0161737e-02   3.4756300e-01   1.2533754e-01  -2.6127195e-02   6.3862517e-02   2.6408145e-01  -3.3535348e-03  -1.5810257e-03  -3.3072563e-01  -2.2944669e-01  -4.4528596e-02   2.5208468e-01   2.0603565e-01   2.2780071e-01   2.5260410e-01   3.5718918e-02   1.2367785e-01  -1.6153850e-01  -6.3768542e-02   1.5352523e-02   1.3777533e-02   5.3302858e-01   4.3955553e-02   3.8672779e-01   4.0857433e-01  -9.8641617e-02   1.5807285e-01   2.2697922e-01   3.3770043e-01  -2.6709549e-01  -7.5324335e-02   1.5647649e-01   5.8384017e-02   9.1270605e-02   2.1474033e-01   1.0294684e-02   1.4334382e-01   1.1038250e-01   1.8051429e-01  -1.5846179e-01  -1.0112922e-01   1.0953658e-01  -2.9413245e-01   1.0558296e-01  -7.2832204e-02  -7.9102413e-02   1.7157704e-03   1.8677004e-01   8.0335385e-02   1.2780465e-01   4.2383559e-02   2.3529962e-01  -1.5595187e-02   8.2146307e-02  -1.8281443e-01   6.6871085e-02  -2.5243706e-01   2.0591572e-01   3.3211066e-01   1.9540244e-02   2.7602412e-01  -2.1992279e-01   2.7884910e-01  -1.4287292e-01   2.9676707e-01   3.0086966e-02   1.9942278e-01   1.2628350e-01  -3.5871437e-02  -3.8631869e-02  -5.8777692e-02   4.1708388e-02  -2.5265765e-01   8.4699975e-02   2.7363590e-01  -4.7785076e-02  -1.0164513e-01  -7.3800675e-02   2.0038691e-02   4.6084678e-02   1.8671444e-01  -2.0280925e-02  -2.8694728e-01   1.8200580e-01   3.6538338e-01   1.0134351e-02  -1.2037451e-01   4.2397064e-01   1.7336228e-01  -1.4364574e-02   5.8618673e-02   4.8507365e-02  -5.2664498e-02  -1.5368233e-01   8.9282428e-03  -8.2622542e-02  -4.9164295e-01  -1.3057150e-01   2.5179127e-01  -1.8882342e-01  -3.5264213e-02   1.9928815e-01   2.1422558e-01   3.0708653e-01  -1.3098081e-01   2.2898361e-02   2.8735715e-01   9.1870246e-02  -1.4936146e-01   5.5580990e-01  -6.6389639e-02  -1.2839019e-02   3.2223474e-01  -3.8452598e-02  -2.8909743e-02  -3.1991585e-02   2.0859319e-01  -1.4270387e-01   2.0816373e-01  -5.2060023e-02  -8.9893183e-02   1.5466357e-01   1.6035422e-01   5.2642156e-02   1.5002315e-02   1.9288581e-01  -8.6516343e-02   1.6737526e-01   5.2536464e-01   2.8100168e-01   9.7526377e-02   3.2688745e-01
  -7.8690879e-02   1.8898255e-01  -3.1671029e-01  -3.9576461e-02  -3.3939125e-01   1.1754140e-01   0.0000000e+00  -5.8209662e-02   4.1305006e-02   3.6628770e-01   3.6705388e-01   2.7435764e-01  -1.8247798e-01   5.4759538e-02   5.3560265e-01   1.0568394e-01  -4.3475272e-01   2.6471387e-02  -4.4380619e-02  -2.2459802e-01   4.9490077e-01  -2.2086169e-01   6.4561088e-01  -3.6258474e-01   3.0953527e-02  -2.4891237e-01   1.3265345e-02  -6.9011519e-02   8.5269704e-03   2.2606556e-01   5.1334028e-01   6.1238740e-02  -1.2312637e-01   6.0666542e-01   1.0782955e-01   7.5305506e-02   2.6445284e-01  -5.1052418e-01   1.3754439e-01   3.1835032e-02   1.0506817e-02  -2.0382312e-01   1.1485758e-01   4.2937299e-01   2.5041871e-01  -5.2220553e-01   1.3200387e-01   6.6358069e-01   2.7406940e-01  -2.6209097e-01   2.6397784e-01  -3.8205240e-02   6.1699503e-01  -1.0503296e-01   2.3507233e-01   1.6350677e-01  -1.9400308e-01  -2.1489101e-01  -1.4630668e-01   6.8534583e-02  -5.8372166e-01  -2.7979409e-01   5.1509696e-02   3.3575189e-01   3.1401846e-01   2.6630514e-01   1.7653199e-01  -3.9987846e-01   8.5956396e-02  -1.8211595e-01   5.7613793e-01  -5.2901942e-02   3.7012668e-01  -4.7891181e-01  -2.9580519e-01  -7.2347423e-02  -4.8797018e-01  -3.1831095e-01  -3.2554089e-01  -2.7917442e-01   1.5517941e-02  -2.9332704e-02   5.6839584e-01  -2.7896096e-01  -3.4593431e-01   8.5674814e-02   3.8295112e-01   2.0477138e-02  -1.1321664e-01  -3.6054889e-01  -4.1826005e-01  -5.2973037e-01   3.6352913e-01  -2.9610739e-01  -5.1432247e-01  -4.5919997e-01  -3.5954093e-01   3.1185480e-03  -2.1542154e-01   4.8773563e-01   2.0659487e-01   5.1642164e-01   5.3989064e-01  -5.7410095e-02   4.0097816e-01  -1.9599875e-01  -1.4893134e-01  -4.3915936e-02   3.0026873e-01   3.7695345e-01   3.6205556e-01  -2.8085599e-01  -2.6261152e-01  -3.3968489e-01   2.7980616e-01   8.1292029e-02  -3.1744009e-01  -1.3171923e-01   1.5228475e-01  -1.2245806e-01  -5.8458545e-01  -4.0426440e-01  -1.7088297e-01   1.1500585e-01  -4.0492447e-01  -8.4851721e-02   3.8672323e-01  -1.7598871e-01  -1.7647177e-01  -1.3221371e-01   1.2492245e-01   6.2009968e-01  -1.8591874e-01   5.4316461e-01  -1.8369537e-01   1.3769607e-01  -1.9066863e-01   5.2812874e-01  -8.6756082e-03  -2.7725707e-01  -3.1336382e-01  -1.5558911e-01   2.3400925e-01   2.1278557e-02   2.2301357e-01   2.7699016e-01   6.5503589e-01   1.1138745e-01   3.1468381e-01   4.8229880e-01  -1.5722496e-01   3.5357118e-01  -5.2800515e-01   3.8288097e-01   1.3995285e-03  -4.6020074e-01  -4.9177751e-01  -2.2254760e-01  -6.3467446e-01   3.9803841e-01  -2.9850360e-01   3.3157526e-01   2.5943505e-01   7.9686455e-02  -2.8130639e-01   2.4163208e-01   2.7804487e-01  -3.1172020e-01  -6.3125955e-01   3.0915483e-01   5.8193363e-02  -4.5689487e-01  -1.4976229e-01  -1.0106261e-01  -1.0522030e-01  -2.3917822e-01  -3.7415781e-01
   3.0339087e-01  -1.9534766e-01   1.0042339e-01  -1.0812059e-01   3.4982177e-03   6.9518714e-02  -5.8209662e-02   0.0000000e+00   4.2076594e-01   2.2577688e-01   5.6175122e-01  -2.4665734e-01  -5.5637452e-03  -4.6656002e-02   2.6686241e-01  -2.0073969e-01   2.4962292e-01   2.1442729e-02   5.3800050e-01  -1.5552258e-01  -1.6933452e-01  -3.4976763e-01   1.8345267e-01   2.2178847e-01  -1.6048456e-01   6.8510079e-01  -3.8615993e-01   4.0132308e-01  -1.7776685e-01  -2.6252788e-01   2.3529328e-01   8.9927825e-02   1.5528096e-01   1.5526535e-01  -3.3519577e-01  -3.0605687e-02  -2.1929125e-01   4.1853104e-01  -2.3963629e-01   2.6085530e-02  -2.0451305e-01   4.5469859e-01   1.4629618e-01   5.0641907e-01  -1.1921579e-01   3.0601203e-01   7.6179436e-02  -3.1347971e-01  -9.0184371e-02   1.5575668e-01   1.3583979e-02   7.1689237e-01   1.8774684e-01  -4.3935988e-02   6.4152343e-02   5.8549281e-01   5.8137993e-01  -2.9159703e-01  -2.4697107e-01  -1.7637468e-01   1.6516031e-01   1.8924174e-02  -8.8665929e-03   2.5830686e-01  -3.9872234e-02   2.1318667e-01  -9.1034196e-02  -1.9557943e-01   3.9356346e-01   3.5393847e-01  -1.0227921e-01  -3.9535046e-01  -2.0124418e-01   6.9436987e-02   1.5501817e-01   6.0501430e-01   3.0845951e-01   5.0782849e-01   1.8281173e-01  -3.9975870e-01   4.1894004e-01  -1.4904677e-01   1.7412816e-01   7.6090074e-01   4.2133549e-01   5.9533090e-01  -1.1138473e-01  -4.9916072e-02  -1.2063981e-01   4.8411497e-01   1.7316471e-01  -1.9162179e-02   3.2213198e-01   1.1618883e-01   2.8027146e-01   1.0054910e-01  -9.8395520e-02   5.9081285e-01  -1.2115053e-01   3.2921587e-02   3.7022412e-01   4.6643292e-01  -8.1152917e-02  -2.2101640e-01  -3.1690320e-02   7.7029497e-02   8.1519190e-02   6.3560873e-01  -6.9868994e-04  -8.9112160e-02   1.8491435e-01   3.5563089e-02  -1.5390741e-01   3.7478734e-01   2.6756634e-01   1.1621200e-01   5.4822231e-01  -8.6978977e-02   2.2384767e-01  -2.0863214e-01  -2.8168801e-02  -1.3388541e-01  -3.4553048e-01   8.4363605e-02   5.0982447e-01  -1.0847474e-01  -5.1169048e-02  -2.5168360e-01   6.3009749e-02   9.2001442e-02   1.5417023e-01   2.8787349e-01  -4.2034966e-02   1.4299856e-01  -3.5117216e-01   6.9942775e-01  -1.1292035e-01   3.5719787e-01   7.3431269e-01   4.4265655e-01   3.5604915e-01   1.2878946e-01   3.6341328e-01   3.8480321e-01   5.2473536e-01  -5.2135506e-03  -1.1279893e-01   1.8309941e-02   3.2478835e-01  -1.2479481e-01   4.1782496e-01   4.9410753e-01   4.5338136e-02   2.2432303e-01  -1.3788941e-01   4.1289698e-01   2.1963463e-01   2.6987690e-02   5.4956203e-02   3.5207553e-01  -3.6932444e-01   3.5727571e-01  -1.5630453e-02  -2.4903011e-01   2.7475977e-01   5.7869816e-02   2.0282658e-01   4.2131026e-01   3.2917532e-01   2.1790255e-01   1.8023144e-01  -3.5700937e-02  -4.0417370e-01   1.0474943e-01   2.6501959e-01  -2.7889129e-01   4.5811467e-01
  -4.9116180e-02  -3.5931135e-01  -1.9409585e-01   1.7953462e-01   1.4380167e-01  -7.3763451e-02   4.1305006e-02   4.2076594e-01   0.0000000e+00  -2.7933470e-03   5.1717895e-01  -2.7693205e-01   3.9201950e-01  -2.8643800e-01  -2.8518474e-02  -1.7031472e-01  -1.4073201e-01   2.4243182e-01   3.3565463e-01   1.5451131e-01   6.5026362e-02   1.1996103e-01   1.1574420e-01  -1.7973436e-01  -3.5710962e-02   1.9222779e-01  -1.0361239e-02  -1.0854746e-01  -1.5435810e-01  -9.2570378e-02   7.1004065e-02   5.8837420e-03   5.9861981e-02   1.1263546e-01  -8.0946259e-02   1.4365589e-01  -1.2059003e-01   4.7107746e-02  -1.2551487e-01  -1.2473068e-01   8.6508228e-02   1.4941143e-01   2.0960009e-01   1.5101580e-01  -5.8721839e-02   9.3196121e-03   2.0854043e-01  -2.2005771e-01   3.6159849e-02  -1.7375883e-01   3.1684984e-01   2.0688582e-01   1.4004905e-01   4.1709755e-02  -8.9157391e-03   2.4143823e-01   1.1151707e-01  -4.7998769e-02   7.0198915e-02  -3.7817135e-02   1.4088952e-01   3.4143808e-01   3.5804044e-01   3.0625041e-01  -5.9321923e-02   4.0635576e-01  -5.6571607e-02  -4.0231441e-02   3.0465398e-01   2.4973405e-02  -1.6854757e-01   1.6648151e-01  -2.0874899e-01  -1.3235239e-01   1.2884922e-01   2.9113642e-01   6.5689819e-02   8.4062799e-02  -1.4868781e-03  -2.7192415e-02  -1.5526692e-03  -3.9921546e-02  -1.0774396e-02   2.6951043e-01  -1.4599886e-01   3.2922196e-01  -1.6426313e-03   2.3518679e-02   7.2144683e-02   4.8126094e-02   1.8489446e-02  -3.3736043e-02   2.4098785e-01   3.1327379e-01  -2.8925587e-02   2.2880845e-01   6.4609618e-02   3.7570203e-01   2.3942755e-01   1.0850533e-01  -3.9371480e-02   3.2436433e-01  -8.8860810e-02  -5.2860194e-02   2.1824855e-01   2.3278841e-01   1.0206106e-01   3.6808917e-01  -1.5246107e-02   1.0822958e-01   5.0852273e-02   6.2010228e-02   9.2597026e-02  -3.1029758e-02   2.6311497e-02   5.9847411e-03   9.4445066e-02   3.0762105e-01  -5.4912030e-02   1.0914076e-01  -1.1295865e-01   3.6177918e-02  -9.3048814e-03   3.5908996e-01   6.0359389e-02  -4.3531470e-02   6.0311246e-02   4.0243085e-02   3.4906707e-01  -2.1155108e-01   1.3687921e-01   8.1481580e-02  -2.4238585e-01   8.2669175e-02   9.1297793e-02   3.6661193e-01   1.4028165e-01   7.9716331e-02   3.1508989e-01   1.4878529e-01   5.7741613e-02   3.0440250e-01   4.0065409e-01  -1.3710963e-02   2.6376665e-01   2.9272843e-01  -1.0878838e-01   1.8178696e-01   2.0181704e-01  -1.2001167e-01  -8.0978985e-02   8.4247964e-02  -8.6232365e-02   2.1019695e-01  -2.9012446e-01   1.2044750e-01  -2.5937318e-02   1.0664771e-01   8.4698624e-02   3.4781135e-02  -1.6236370e-02   4.5998883e-01  -3.9344137e-02   1.7993279e-01   2.1480437e-01   7.0827906e-03   1.5742989e-01   1.0598310e-01   6.1599459e-02   5.7286664e-02   1.1962375e-02  -2.4610515e-01   2.7464041e-02  -1.2149241e-01   2.4774605e-01   1.1340191e-01   3.6030774e-01
   8.5384912e-04   1.8454791e-01  -7.8930275e-02  -2.0832198e-04   3.0484701e-02  -1.3373938e-01   3.6628770e-01   2.2577688e-01  -2.7933470e-03   0.0000000e+00   9.7265912e-02   3.1087021e-01   6.0106529e-02  -2.0815713e-01   4.0956079e-01  -9.3083946e-02  -1.0554838e-01   1.2635846e-01   5.3137140e-02   5.6063710e-02   3.8606883e-01  -1.8594855e-01   4.4808239e-01  -1.0657421e-01  -1.2181908e-01   2.1628956e-02  -1.4526265e-01   1.1427967e-01  -2.4686651e-01  -7.4438415e-02   3.9432316e-01  -5.9675673e-02  -2.4652831e-04   5.7865985e-01   1.1362769e-01  -4.9063323e-02   3.9096088e-01  -1.1993819e-01  -3.2119597e-02   2.4644464e-01   2.8341835e-03   1.6122062e-03   2.4220437e-01   3.4470681e-01   3.3006603e-01  -1.9671821e-01  -1.2385180e-01   2.5224427e-01   2.8577520e-01   3.0186982e-02   1.8731645e-01   1.4919601e-01   4.2482739e-01  -5.8182258e-02   1.9165132e-01   1.9270780e-01  -6.4972512e-02  -3.2799185e-01  -1.6578967e-01  -3.6818109e-02  -2.8073252e-01   6.4282751e-02   1.7156800e-01   9.4399151e-02   2.4901983e-01   5.0382654e-01  -8.7884721e-02  -1.8745338e-01  -6.9143844e-02  -4.4277877e-02   3.1309458e-01  -1.6935080e-01   7.0578474e-03  -3.4040277e-01  -3.2069070e-02   1.8820940e-01  -2.6123522e-01  -1.7141519e-02  -5.8012814e-02  -3.0880153e-01   1.6401183e-01  -2.3311562e-01   2.8743700e-01   1.2103350e-01   1.6942621e-02   2.5641686e-01   5.5984698e-02   4.8024781e-02   2.0852528e-02  -6.0178657e-02   4.5259691e-02  -3.5194051e-01   5.2633369e-01  -1.7963990e-01  -2.0528218e-01   1.1412105e-01  -2.1182544e-01  -4.1018366e-02  -6.7729815e-02   5.3606657e-01   2.7408865e-01   4.7469960e-01   1.3640535e-01  -1.3851080e-01   2.4786663e-01  -1.2810195e-01  -1.2435878e-01  -1.7936397e-01   6.0701675e-01   6.8907044e-02   4.7538237e-01  -2.9618680e-01  -9.9811429e-02  -1.1384014e-01   1.7647136e-01   2.8538840e-01   5.4215331e-02  -3.9699291e-02   1.8713562e-01  -1.2336207e-01  -3.6829845e-01   8.6435717e-02  -1.8873149e-01   2.0925965e-01  -5.6977019e-02  -1.3745056e-01   4.0983520e-01  -2.5887614e-01  -1.2536207e-01  -8.4861102e-02   6.5590012e-02   4.6826571e-01  -2.5636043e-01   3.2582973e-01  -2.1596410e-01   1.0437520e-01  -1.9800867e-01   3.8502860e-01   1.8767243e-01  -1.4579207e-01  -1.0243770e-01   2.1405058e-01   2.1346982e-01   6.0710709e-03   4.0844306e-01   2.0456888e-01   4.9997390e-01   1.8741704e-01   3.6984859e-01   3.8593370e-01   1.7835674e-02   2.8684540e-01  -3.8995035e-01   2.3995446e-01   1.0908699e-01  -1.8039246e-01  -2.4717145e-01  -6.5234823e-02  -3.2232092e-01   2.0860197e-01  -2.9893393e-01   3.4213740e-02   4.9996690e-01  -1.3335784e-01  -2.5964736e-01   4.1760113e-01   3.2763702e-01  -4.2265812e-02  -3.0695811e-01   4.0303440e-01   2.0050046e-01  -2.9372241e-01  -1.5920500e-01  -2.7101459e-01   9.6870603e-02  -2.6333314e-01  -1.9348287e-01
   2.6479784e-01  -8.7854082e-02  -2.9366490e-01  -9.8455043e-02  -1.6607032e-01  -4.4823696e-02   3.6705388e-01   5.6175122e-01   5.1717895e-01   9.7265912e-02   0.0000000e+00  -1.7822886e-01  -1.3115769e-02  -1.9687626e-02   4.9888192e-01  -5.3316760e-03  -2.2828220e-01   1.1618609e-01   3.0907059e-01  -2.4161302e-01   4.4253265e-02  -3.6200368e-01   2.8296847e-01  -1.6895343e-03  -4.3365717e-02   2.2079078e-01  -5.1055055e-02   2.3542084e-01  -6.7620202e-02  -7.4810683e-02   5.0814213e-01  -2.1324086e-02   1.2313852e-01   3.5317667e-01  -1.4280005e-01   2.2791582e-02  -1.2681256e-01  -8.5935289e-03  -1.5100348e-02  -9.0975739e-03  -3.5036442e-02   2.0833452e-01   5.9497024e-02   6.6441183e-01   1.4300204e-01  -1.4732348e-01   2.7893085e-01   6.4798629e-02  -6.1119644e-03  -1.2237418e-01   3.4983770e-01   3.6949999e-01   5.2310676e-01  -1.8074601e-01   2.7081163e-01   4.8789026e-01   1.9315381e-01  -2.2756040e-01  -1.0168026e-01  -1.7812969e-01  -2.1036950e-01  -8.8952821e-02   3.1502489e-02   6.2184613e-01   1.7893693e-01   3.0093774e-01  -1.4182949e-01  -2.7720341e-01   5.0300233e-01   6.5668103e-02   1.8584102e-01  -2.1615954e-01   5.5762230e-02  -2.2907698e-01  -1.3929826e-01   2.4163043e-01  -7.1305743e-02   2.0022730e-02  -1.6201489e-01  -3.2607328e-01   2.1607487e-01   2.2477686e-02   2.8670172e-01   1.9369779e-01   7.9890532e-02   4.3862712e-01   2.2485046e-01  -2.6315039e-02  -1.6062699e-01   1.7198470e-01  -1.7617233e-01  -3.2105494e-01   2.4160606e-01   5.2826602e-02  -1.0901528e-01  -1.4760268e-01  -2.1202863e-01   4.3898941e-01  -2.1552553e-01   3.2206644e-01   2.8933134e-01   6.4169060e-01   1.1217962e-01  -1.7642446e-01   1.7349752e-01   1.0385644e-02   2.5331740e-02   4.9238992e-01  -3.1218261e-02   1.0856019e-01   1.8890132e-01  -1.7561329e-01  -2.6112879e-01   4.8073929e-02   3.3596527e-01   7.5843410e-02   1.1557568e-01   4.9270186e-02   1.6815123e-01  -2.3687172e-01  -2.5220174e-01  -3.5462587e-01  -2.1331103e-01   2.7202974e-01   9.6082908e-02  -2.1078712e-01   7.3979032e-02  -1.2527897e-01  -6.1188867e-02  -1.0802907e-01   3.2897399e-01   5.1813313e-01  -2.3413808e-01   3.5893802e-01  -2.7610279e-01   5.0995107e-01  -1.4000173e-01   5.4490223e-01   3.9796635e-01   2.5003505e-01   2.1287402e-01   5.6708831e-02   5.5047537e-01   2.2694473e-01   4.9287922e-01   1.9674297e-01   1.4243940e-01   6.0928714e-02   3.6888008e-01   1.5540059e-01   1.6810707e-01   3.1025739e-01  -2.3166492e-01   5.3315865e-01  -2.6205904e-01   1.0847021e-01  -1.0528215e-01  -1.0345882e-02  -2.8672055e-01   2.9144323e-01  -2.5244518e-01   5.7004497e-01   1.2805204e-02  -2.3589804e-02   7.3208802e-02   9.5052333e-02   3.3352435e-01   3.0979549e-02  -5.8088464e-02   2.2568672e-01   9.6791242e-02  -3.1595476e-01  -3.0901497e-01  -1.3770563e-01   2.0126029e-02  -2.0044731e-01   9.8011972e-02
   3.7208840e-02   5.4194160e-01   3.1517350e-01   9.3618505e-02   2.1711726e-01   2.0478378e-01   2.7435764e-01  -2.4665734e-01  -2.7693205e-01   3.1087021e-01  -1.7822886e-01   0.0000000e+00  -8.0927234e-02  -2.0587564e-01   3.5187818e-01   6.5086395e-02   9.7286118e-02  -2.1795612e-01  -3.5535112e-02   2.9815999e-01   3.7343074e-01   6.6133782e-02   6.8042375e-02  -2.3239699e-01   1.4266826e-01  -2.4038068e-01   2.2018959e-01  -3.2803755e-01  -3.9611598e-02   2.1241800e-01   1.4185954e-01   1.2282691e-02  -4.1907955e-02   5.7677497e-01   2.9931213e-01   1.6444389e-01   4.2384117e-01  -1.6173355e-01   1.5446094e-02   4.2991216e-01   9.0256098e-02  -1.4640006e-02  -6.1142516e-02  -1.1317686e-01   2.0271240e-01  -1.2861029e-01  -1.1117407e-01   4.2627135e-01   1.8830729e-01   1.3126361e-01   1.4528187e-01  -1.2948032e-01   3.2930132e-01  -1.1385649e-01  -1.6029315e-01  -1.2717840e-01  -2.7450303e-01  -4.7384564e-02  -7.6926875e-02   4.7699895e-01  -1.1919692e-01   3.1847142e-02  -1.2071615e-01   1.1131904e-02  -7.5870391e-02   2.9876008e-01   2.2460539e-01  -1.5477481e-01  -5.9881187e-02   5.8448135e-03   3.1071435e-01  -1.4227433e-01   1.7040277e-01   1.7143194e-01  -2.2126846e-01   3.7662808e-02  -2.0177649e-01  -1.2603096e-01   2.0391386e-01  -1.0292258e-01  -2.8927569e-01   5.9675153e-02   3.0025364e-01  -3.2607396e-01  -3.7928431e-01   1.4334669e-01   1.6229389e-01  -4.0623884e-01  -2.6365202e-01  -8.9699957e-02   3.1342425e-01  -1.4734215e-01   4.8546650e-01  -1.4296437e-01  -1.2857464e-01   2.1283926e-01  -2.4977858e-01  -3.9549996e-01  -1.2326846e-01   4.4025988e-01  -1.9704138e-01   1.8980834e-01   1.8078542e-01   1.9459052e-01   2.1382895e-01  -1.7972204e-02  -2.1720560e-01  -2.9805213e-01   1.4504734e-01   1.8708515e-01   6.5292090e-01  -6.7503265e-02  -1.5727341e-01  -9.7305545e-02  -2.1582478e-01   4.0230496e-01  -3.1228689e-01  -6.6598826e-02  -2.4548263e-01  -2.6481058e-02  -1.1990947e-01   4.2559509e-01  -3.1163874e-01   5.3847481e-03  -1.9377520e-01   4.1215911e-01   1.6664645e-01  -3.2117425e-03  -1.5801168e-01   3.1486712e-02   9.8372883e-03   2.2423909e-01   2.0952284e-01   9.9634129e-02  -1.5525305e-01  -1.1620250e-02  -7.6976452e-02  -1.4258877e-01  -9.5721604e-02  -5.7440186e-02  -3.7081078e-02  -1.2067394e-01   5.6354299e-03  -2.8798353e-01  -4.9708209e-02  -2.6474781e-03   7.0008003e-01   4.0141611e-01   2.9319301e-01   3.5981749e-01  -2.6450845e-01  -1.4292237e-02  -2.3696828e-01   2.1657752e-01   5.3969490e-01  -1.1463156e-01  -1.4858122e-01  -1.3568895e-01  -2.3738851e-01  -9.1507971e-02  -2.3682946e-01   6.2805941e-04   3.2876408e-01  -9.1325433e-02  -3.1963343e-01   6.0779095e-01   5.4132414e-01  -1.4161098e-01  -2.4085232e-01   4.9373967e-01   5.7499014e-01  -2.4567603e-01  -3.6871530e-02  -1.4598262e-01   4.6440987e-02  -1.6712310e-01  -1.0575723e-01
  -1.8697279e-01  -2.0941636e-01  -2.0700367e-01   1.6513271e-01   5.4139926e-01  -2.7322002e-01  -1.8247798e-01  -5.5637452e-03   3.9201950e-01   6.0106529e-02  -1.3115769e-02  -8.0927234e-02   0.0000000e+00  -2.0044132e-01  -1.7081992e-01  -1.6530167e-01  -1.5999197e-01   3.3704344e-01   1.3108688e-01   5.5518484e-01   9.5623859e-02   3.0220681e-01  -4.3669402e-02  -6.9777111e-02   4.1913900e-02  -1.3740693e-01   1.5702807e-01  -2.6474576e-01  -2.3613803e-01  -9.6965006e-03  -7.2264383e-02  -1.3193493e-02   2.6031651e-02  -1.0700599e-01   6.3674680e-02   4.3871268e-01   2.3989800e-01  -1.9268384e-01  -1.3089727e-01  -3.5528103e-03   5.1516710e-01   1.2185385e-01   1.9081642e-01  -2.0219713e-01  -1.2934879e-01  -1.3903693e-01   2.6983847e-01  -1.0358061e-01   3.6457718e-01  -8.0987893e-02   2.3753003e-01  -1.1376538e-01  -1.1363644e-01   2.4586011e-01  -5.5706024e-02  -1.7374343e-01  -8.6120617e-02   4.6502779e-02   1.9462703e-01   5.4167101e-02   6.2270503e-02   4.8476970e-01   3.7986843e-01  -1.7959812e-01  -1.8917794e-01   3.7056529e-01   3.7905191e-02  -1.4378166e-01   1.0552119e-01  -1.0900786e-01  -1.9149528e-01   2.0446443e-01  -1.2837100e-01  -1.0498111e-02   4.3048266e-01   1.2827580e-02  -1.1612399e-01  -7.9330482e-02   2.6549747e-01   1.2535973e-01  -2.4359514e-01   1.3446593e-02  -2.6134752e-01   2.2082578e-02  -1.9122310e-01  -2.1140174e-02  -1.1990274e-01   1.9578635e-01  -8.3650789e-02  -1.5393541e-01   2.1839581e-01   1.0791475e-02   3.7022073e-02   3.2576205e-01  -2.3516498e-01   4.5450252e-01   6.8706007e-04   3.7267087e-02   3.5084577e-01   1.5560946e-01  -2.2561196e-01  -6.3394948e-02  -7.8106587e-02  -3.6594847e-02   1.0888882e-01   1.3183038e-01  -7.0690085e-02  -5.2839892e-02   3.1437754e-03   2.5282159e-02  -1.3183866e-01   1.1301262e-01   8.2529539e-02  -1.9310572e-01  -2.7031965e-01   1.8531589e-01  -2.7113930e-02   5.4311688e-01  -1.9071693e-01   1.6614596e-01  -1.3109766e-01   3.8370827e-01  -1.0425516e-01   2.3613694e-01  -2.3182364e-01   5.2768086e-02   1.3734232e-01   2.7520125e-01   1.7720066e-01  -3.5095406e-01   9.6528519e-02  -1.4928178e-01  -1.4477861e-01  -7.9189668e-02   8.9181542e-02  -1.5617339e-01   4.6315375e-01  -2.5614358e-01  -1.5814742e-02  -2.1807119e-01  -1.8569828e-01   5.9791609e-01   2.3467769e-01  -3.2331114e-01  -4.6114432e-02   2.9873597e-01  -2.2243758e-01   2.7270114e-01   8.9298165e-02   1.4405059e-03  -3.1198090e-01  -2.9045926e-01  -1.1935506e-01   9.5930203e-02  -1.0151532e-01  -1.2137751e-01  -2.3151952e-01   1.6618111e-01   4.1352074e-02  -2.6114021e-01  -1.0544625e-01   3.9436907e-02   2.4311723e-01   2.3646075e-01   6.2608517e-02   9.6737849e-02   9.5465215e-02  -6.8321671e-02  -7.7969861e-02  -1.8687206e-02   9.2412902e-02  -2.3538368e-01   2.5776365e-01  -5.4587881e-02   8.3426971e-02   1.4766537e-01   9.5901052e-02
   4.2150534e-01   7.4097689e-02  -3.6378299e-01  -1.2128093e-01  -3.3665679e-01   1.2458557e-01   5.4759538e-02  -4.6656002e-02  -2.8643800e-01  -2.0815713e-01  -1.9687626e-02  -2.0587564e-01  -2.0044132e-01   0.0000000e+00   9.7619257e-02   4.0434372e-01  -2.0660688e-01  -9.4547623e-02   3.2443877e-02  -2.8351022e-01  -9.9770521e-02  -1.9371229e-01  -1.8430981e-02   1.1877754e-01  -1.4252519e-02  -1.9607446e-02  -1.6044627e-01   2.5401021e-01   3.3462795e-01   1.6052437e-01   9.2137790e-02  -8.5383514e-02   1.0959042e-01  -2.0384414e-01  -2.4525648e-01  -2.1807332e-01  -2.1274943e-01  -1.5286158e-01   3.8001368e-01  -1.4796991e-01   4.3780382e-02   6.8050455e-02  -3.5567900e-01   1.5278205e-01  -9.1392104e-02  -2.0910232e-01  -9.1801093e-02   9.3467843e-02  -2.1127226e-01  -9.7750438e-02  -1.4426239e-01  -7.4065069e-02   6.2591348e-03  -1.4969072e-01   2.6853561e-01   3.4715214e-02   3.9685534e-02   1.1216954e-01   1.2510980e-02  -2.8517049e-02  -3.4895032e-01  -3.7122397e-01  -2.0399592e-01   1.3012658e-01   1.5548463e-01  -3.8028684e-01   9.0921854e-02   6.9321176e-02  -1.9429798e-01  -2.1995118e-01   2.0373780e-02  -2.1874106e-01   1.6533302e-01   7.1728850e-02  -4.9452516e-02  -1.3063443e-01  -2.3106479e-01  -1.0488694e-01  -2.9821104e-03   2.1015757e-02   2.3700351e-01   7.0151808e-02   6.0518137e-02  -2.0901085e-02   2.6005091e-01  -1.3774100e-01   2.1453599e-01   1.9622097e-01   5.8390987e-03   1.4557629e-01  -1.4681702e-01  -9.1711314e-02  -2.7091816e-01  -2.9790198e-01  -9.5223807e-02  -2.6740791e-01   6.5674759e-02  -5.0242803e-02  -1.7781770e-01  -2.8635972e-01   1.8760905e-01  -2.1644064e-01   2.6943616e-01   3.6394524e-01  -2.2762417e-01  -1.0804159e-01  -2.1752073e-01   2.0471049e-02  -1.7523784e-01   2.0468478e-01  -3.7227156e-01   2.0806402e-01  -4.1537199e-02   2.0103934e-01   1.9831739e-01  -7.7438241e-02   2.8584935e-02  -1.0464372e-02   2.5312832e-01  -2.1341276e-01  -1.2283562e-01  -3.2676575e-01   2.2533301e-02  -8.8813665e-02  -3.0249528e-02  -4.9076205e-02  -8.4590742e-02  -1.3575861e-01  -2.1584576e-01  -5.3923774e-03   6.8498282e-02  -6.1124760e-02   3.8118784e-01   2.3335244e-01  -1.8123608e-01  -2.1201400e-01  -5.3958156e-02   2.8422804e-01  -1.0925079e-01   8.3646326e-02   1.8066853e-01  -1.3775032e-01  -2.0577915e-01   2.4140995e-01   1.4809826e-02   8.3524766e-03  -2.1904850e-01  -2.1608483e-01  -3.5689832e-02  -5.2954659e-02   1.8207614e-01   1.3060548e-01   1.3352932e-01  -4.9376794e-02   2.6848600e-02  -1.2314039e-01  -1.3266555e-01   1.3918165e-01  -1.8058433e-01   2.1563001e-01   4.8626153e-02  -1.2644379e-01  -5.6724504e-02   6.4979635e-02  -1.7335544e-01  -2.9603345e-01  -3.0159532e-01   9.5457434e-02  -2.1459458e-02  -8.9268663e-02  -1.1081749e-01  -9.8762531e-02   3.3943840e-02   3.9874782e-01  -1.5727515e-01  -7.2596390e-02  -1.1788547e-01
