   0.0000000e+00  -3.5042588e-01  -2.6103663e-01  -2.1853785e-01  -2.4890756e-01  -1.7877591e-01   1.8195664e-01   4.5284156e-01  -3.5281366e-01  -2.8816438e-01  -1.0197229e-01  -4.2211830e-01  -7.5336648e-02   5.5168323e-01   5.0629983e-01   1.2723833e-01  -2.3794915e-01  -1.9562852e-01  -6.2793520e-02  -2.0449202e-01  -1.6087442e-01  -3.6700872e-01  -2.5313565e-01   5.5753801e-01  -2.1396434e-01   3.3661024e-02  -4.0255870e-01   5.4730545e-01  -5.6890750e-02  -2.8909143e-01   2.8081357e-01   8.8044356e-02   1.7387172e-01  -2.3729815e-01  -3.7839498e-01  -3.8389956e-01  -3.8218736e-01   3.1739381e-01   1.1445687e-01  -4.0681075e-01  -2.2656393e-01   1.4777594e-02  -4.1421443e-01   1.9434221e-01  -6.5250622e-02   1.5382535e-01  -2.7786515e-01  -1.5047961e-01  -1.0896639e-01  -2.7504188e-01  -2.2496479e-01   3.0346619e-01  -7.9592660e-02  -1.8833378e-02   3.2700185e-01   2.6565480e-01  -1.5973977e-01  -1.9327179e-01   1.1969045e-01  -3.8533201e-01   2.8199180e-01  -1.6089459e-01  -1.0478884e-01   1.5501864e-01  -2.4593849e-01  -2.8942519e-01   1.8374450e-02  -2.2635189e-01  -6.3884952e-03   3.5412149e-01  -4.4893711e-01  -3.3896725e-01  -1.1343945e-01   4.4799549e-01  -2.4135523e-01  -2.5586673e-02   4.5500435e-01   5.3541930e-02  -1.1733630e-01  -2.0490788e-01   5.4928222e-01  -7.6297383e-02  -1.5926508e-01   2.6546980e-02   3.7963297e-01   1.1184327e-01  -2.5386491e-01   4.6166943e-01  -9.3308419e-02   6.5604321e-01  -2.6268559e-01   3.6059900e-01  -3.2007775e-01  -2.4510154e-01   5.6773100e-01  -3.7293044e-01  -1.7568827e-01  -8.5973206e-02  -2.4829382e-01  -1.8070421e-01   2.5198694e-01   1.0841014e-01   7.2594376e-02  -3.1219223e-01  -1.6204988e-01  -2.3713823e-01  -2.4742092e-01  -1.2550345e-01  -2.1332789e-01   1.7270427e-02  -2.6189326e-01  -3.6448968e-01  -2.5111629e-01   7.1009458e-01   4.7247820e-01  -2.1256451e-01   1.6109081e-01  -2.0997212e-01   4.3804706e-01  -2.5383591e-01   4.4911349e-01  -2.0718618e-01  -2.8532104e-01   1.0708750e-01   5.7215068e-01   3.7751318e-01   2.7368574e-01  -6.2446167e-02  -4.1305802e-01   3.0672520e-02  -4.9590633e-02  -3.1890295e-01   2.9946524e-01   6.2449583e-03  -4.6984441e-01   5.1113712e-02  -1.7026615e-01   4.9944305e-01   9.5859334e-02  -2.3754942e-01   2.0624821e-01  -1.2908589e-01   2.0545839e-01   4.5103077e-01  -3.3301222e-02   2.5143562e-01  -3.8466691e-01  -4.2957981e-01  -1.6117343e-02  -3.9047434e-01   4.7502568e-01   3.7050974e-01   3.9533245e-01  -3.4618674e-01  -3.4192165e-01  -6.8836133e-03   3.1721763e-01  -3.9028729e-02   2.3341604e-01   3.6794523e-01   6.6139828e-02   2.3882823e-01  -2.7885468e-01  -5.5867273e-02  -2.1631166e-01  -2.7514925e-01  -1.7757458e-01   2.4226004e-01   4.1546360e-01  -2.9327762e-01  -1.4088423e-01   3.4042903e-01  -6.8646658e-02   2.5312789e-01  -2.6537188e-01  -2.2574107e-01  -2.9970716e-01
  -3.5042588e-01   0.0000000e+00   1.3661241e-01   8.2942626e-02   5.8861699e-01   1.2796476e-02  -4.0734793e-01  -1.7711364e-01   7.1463433e-01   2.4102858e-02  -1.3752598e-02   4.8911895e-01  -1.8090095e-02  -4.6933505e-01  -4.5544810e-01  -8.4633810e-02   2.4879004e-01   3.8891959e-02  -1.1029059e-01   2.1490402e-01  -1.9370115e-01   4.2736921e-01  -6.1858779e-02  -3.3238402e-01  -7.4035425e-02  -1.0704663e-01   3.3578662e-01  -4.6852306e-01   2.2872419e-01   4.1426347e-01  -2.3749518e-01  -4.3450014e-02  -6.1134644e-02   2.3079636e-02   5.2710342e-01   3.7360761e-01  -1.9386112e-03  -2.4846652e-01  -9.7598007e-02   3.1476880e-01   1.1826226e-01  -4.7901608e-02   5.1133836e-01  -3.5031001e-01   2.8748497e-01   7.6298175e-02   1.8155187e-01  -8.3623194e-02   2.4277053e-02   9.8637911e-02   7.1487056e-02  -3.1746235e-01   2.2588546e-01  -9.9045514e-02  -9.3809286e-02  -5.3404725e-01   3.4716152e-01   3.3961778e-01   7.0388449e-02   5.3165917e-01  -2.3102528e-01  -3.2010068e-02   6.0372026e-01   1.3587845e-01   4.7178028e-01   4.3934635e-02  -3.8616875e-02   2.7207218e-01   5.0965055e-02  -3.3537051e-01   3.1097754e-01   1.4982525e-01   2.0321674e-01  -3.0428178e-01   1.5998270e-01   6.8888853e-02  -2.2449070e-01  -1.6744073e-01   4.4959439e-01   7.9002775e-02  -5.1174841e-01   9.4236051e-02   1.5968408e-01  -1.2180360e-01  -3.7755581e-02  -2.0779342e-01   4.6588419e-01  -8.7344743e-02   1.8169666e-01  -3.7531214e-01   5.1305594e-01  -2.1280012e-01   4.7393613e-02   4.6385276e-01  -2.5464410e-01   2.8367097e-01  -2.8086280e-02   1.1489608e-01   1.9806431e-01  -2.2795897e-02  -4.2597491e-01   9.0231845e-02  -9.8255489e-02   5.5113823e-01   3.6273133e-01   1.4920955e-01   2.5990783e-01  -6.0000634e-02   6.1602781e-02  -8.1964444e-03   6.2791301e-02   4.3997415e-01   2.8130444e-01  -4.0113416e-01  -5.7276545e-01   6.0706010e-01  -3.0439079e-01   1.4679707e-01  -4.2462869e-01   2.4182494e-01  -9.0169373e-02   2.2636114e-01   3.5977979e-01  -1.4105970e-01  -1.3539776e-01  -9.1998211e-02  -2.4234574e-01   1.2068966e-01   5.2389807e-01  -1.1918788e-01   1.7438838e-01   4.7699466e-01   8.1125991e-02  -2.8757580e-01   4.2041535e-01   2.6278980e-02  -1.0444814e-01  -5.3045180e-01   4.9378295e-02   8.5234190e-02  -1.1065975e-01  -3.2311450e-02   4.4262269e-02  -4.4778685e-01  -1.9512564e-01  -7.6944962e-02   6.5246447e-02   4.8850035e-01   1.4573367e-01   2.0279504e-01  -4.6035211e-01  -4.9810256e-01   9.3366472e-02   1.3795704e-01   4.5013878e-01  -6.1013983e-02  -8.7267405e-02  -2.4045140e-02  -6.8863835e-02  -5.0444166e-01   1.3685815e-01   4.8373779e-02   2.1519451e-01   1.1923031e-01   2.2385433e-01   2.2100934e-01   1.9046760e-01  -2.9426079e-01  -1.4928164e-01   8.0178862e-02   2.5656019e-01  -2.0901759e-01   3.1469145e-01  -2.2445403e-01   4.7854616e-02   1.4555911e-01   3.9624364e-01
  -2.6103663e-01   1.3661241e-01   0.0000000e+00  -2.0776419e-01   1.2177020e-01   3.6580540e-01  -3.9014837e-01  -5.7461045e-01  -3.4974930e-02   3.0443043e-01  -3.2181106e-01   2.2697283e-01   1.1383359e-01  -2.5527506e-01  -2.1560985e-01  -2.4564942e-02   8.4039319e-01  -3.4661807e-01   1.5598943e-01   2.1444513e-01  -1.5827478e-01  -9.6286192e-02   7.7367673e-02  -2.2504725e-01   2.9902895e-01  -2.8902805e-01   3.9376282e-01  -3.7858367e-01   7.7453075e-02  -3.0690851e-01  -4.1865857e-01  -1.3291610e-01   1.9125272e-01   1.3933522e-01   1.7445684e-01   2.1093190e-01   2.5185689e-01   3.5880578e-02  -2.2539839e-02   6.8154845e-01   1.2840169e-01   1.2545777e-01   2.2736786e-01  -8.3962153e-02  -4.6701283e-01   6.1933722e-01  -2.9792486e-02  -2.6604676e-01   3.7381815e-02   8.4000954e-01  -4.1121693e-01  -2.8742910e-01  -2.1799008e-01   3.3811783e-01  -3.4088632e-01  -3.4088633e-02   2.1361686e-01  -9.9934844e-02  -2.5745626e-01  -1.9493395e-01   4.4439525e-01   5.7012771e-02   2.2447884e-01  -3.0713142e-01  -2.8220081e-01   3.2939072e-01   2.1013647e-01  -1.2199502e-01  -1.8830096e-01   4.4218304e-01   4.3653912e-01  -1.8852249e-01  -1.4433880e-01  -2.2089225e-01  -2.4455488e-01  -3.5473856e-01   2.4934088e-01  -1.2148157e-01   1.4331068e-01  -2.3606427e-01  -4.7589276e-01  -7.6320844e-02   2.4697010e-01  -2.9828871e-01   3.3778187e-01  -4.9534717e-01   4.4346058e-02  -1.7565287e-01   1.1857150e-02  -1.1787885e-01   1.3538213e-01   4.6500444e-01   5.0054225e-01  -9.7020512e-02   1.3494692e-01   5.8678613e-01  -1.0218697e-01  -6.6216419e-02  -6.7396591e-02  -1.3888666e-01  -8.9711571e-02  -1.6758597e-01  -3.3317623e-01  -8.0763773e-02  -2.5052623e-01  -8.8947644e-02   6.1939045e-01  -9.5519721e-02  -1.1750647e-02  -1.5956612e-01   4.4346331e-01  -1.7900575e-01   2.3886208e-01  -1.5437357e-01  -6.5788023e-02  -6.3638178e-02  -2.3004535e-01   7.1108915e-02  -4.0522712e-01  -1.3670838e-01   1.8200810e-01   3.6458010e-01   1.6310783e-01  -5.2215962e-01   2.0305023e-02  -5.9553136e-01  -2.4237839e-01   7.7689332e-02   9.3403821e-02   6.8037120e-01   8.7763615e-02   1.8788622e-01  -2.7233143e-01  -1.6562044e-01   2.2648372e-01  -3.4142176e-01  -5.1615176e-02  -3.3742394e-01  -2.6296982e-01   1.1592957e-01   4.9810081e-02   3.4556145e-02  -6.6717621e-01  -2.1024951e-01  -7.1194595e-02  -5.7003370e-01   6.5527213e-01   2.1206520e-01  -4.3424022e-02   8.9547249e-02   5.5669172e-02  -4.4146874e-01   2.2365793e-02   1.2847883e-01   7.3394985e-01  -6.2321099e-02   2.4901536e-01  -1.7975682e-01   4.8389558e-01  -3.1250796e-01  -1.7783993e-01  -3.7850843e-01   2.0522468e-01  -5.0403776e-01  -2.5495586e-02   2.4719391e-02  -6.7012911e-02  -3.4057035e-01   1.6638489e-01   2.5700284e-01   2.0241687e-01   2.3847256e-02  -3.5878292e-01   4.3973506e-02   1.8186207e-01   9.4881341e-02  -1.7273468e-01
  -2.1853785e-01   8.2942626e-02  -2.0776419e-01   0.0000000e+00   1.0526804e-01   1.9403232e-01   1.4668325e-01   1.9068050e-01   7.2815633e-02  -2.9601994e-01  -1.9789123e-02   2.9592187e-01  -1.0171777e-01  -1.8775086e-01  -1.4311010e-01  -1.6645025e-01  -1.7505812e-01   2.4385064e-01  -7.8422272e-02  -1.3410650e-02  -1.2149143e-02   3.9899438e-01   8.3891472e-02  -1.3897664e-01   4.5472879e-02   3.6414312e-01   2.1821557e-03  -5.5089997e-02   2.2142685e-03   4.9488698e-01  -1.3172851e-01   3.7035668e-01  -1.8908198e-03  -3.1430202e-02   4.3875627e-02  -4.7985772e-02  -4.4011468e-02  -3.2174355e-01  -2.5306995e-01  -1.3688904e-01   2.5466716e-02  -4.1516033e-02   1.7787580e-01  -2.1364991e-01   2.4998653e-01  -1.8942679e-01   1.9676285e-01   1.3582956e-03   2.6200136e-01  -1.5296000e-01   3.0477686e-01   2.1811911e-01  -1.5107822e-01  -4.9988718e-02   1.8803586e-01  -2.7571875e-01   1.2066124e-01   3.1611893e-01   2.3905207e-01   3.6736292e-01  -1.4866398e-01   2.3274173e-02  -1.4646539e-01  -3.0033925e-01  -7.9866862e-03  -2.3388802e-01   2.8471024e-01   1.2312284e-01   4.4148002e-01  -2.4336406e-01  -2.3746395e-01   5.1157026e-01  -1.3216452e-01   9.4754579e-02   7.6814628e-02   3.1780525e-01  -1.5086776e-01   2.0761215e-01   2.4856557e-02   3.2708854e-01   3.1235543e-02  -2.0781872e-01  -2.0272940e-01   1.5784186e-01  -3.1357612e-01   3.8963504e-01  -2.3729775e-01  -3.3350090e-01  -1.6069495e-02  -1.5033187e-01   6.5898256e-02  -1.7290930e-01  -2.3415532e-01   2.3751444e-01  -2.4971522e-01   7.6872077e-02   8.7264437e-02   3.3959602e-01  -1.4090823e-03   1.5877477e-02  -2.3451618e-01   8.2802835e-02   3.8763065e-01   1.4599317e-01   4.6675634e-01   3.6324197e-01  -1.9241998e-02   4.4613163e-01   2.0687068e-02   1.3866819e-01  -3.5325865e-01   4.1315677e-01   3.1475142e-01  -2.3605753e-01  -3.4490836e-01   4.3666344e-02   1.0400736e-01  -1.3176764e-01   9.2940637e-02   6.3086549e-01  -1.4784227e-01  -6.4253436e-02   1.4502358e-02   9.1303265e-02  -8.4670958e-02   1.8872341e-01   3.7855042e-02   1.7550240e-03   1.9201023e-01  -3.5418416e-01  -1.0070741e-01  -1.4856765e-01   1.0001897e-02  -2.5780228e-01   3.2166723e-01   2.7203414e-01   1.1285583e-01  -1.3117448e-01   2.6478268e-01  -4.4584165e-02  -1.2591700e-02   7.9286198e-02   2.2969323e-01   7.7805316e-02  -4.6733293e-03   2.7099233e-02  -3.2240071e-01  -1.6065849e-01   1.0602372e-01  -2.1687175e-01  -1.7736826e-01  -5.4786323e-02  -1.6977092e-01  -4.8928637e-02  -1.4009221e-01  -1.8302320e-01  -2.7057083e-02   1.9925169e-01  -1.7878076e-01   5.7767484e-02  -5.6802867e-03  -1.3981472e-01  -3.2935072e-01   5.5986787e-01   2.7355709e-01  -9.2776437e-03  -1.8076788e-01   9.6838941e-02  -1.5652853e-01  -1.8755301e-01  -5.0683689e-02  -1.8126443e-01   1.4547127e-01   2.4794980e-01   2.6432718e-02  -7.9007454e-02   3.6880773e-01
  -2.4890756e-01   5.8861699e-01   1.2177020e-01   1.0526804e-01   0.0000000e+00   6.5033014e-02  -4.0592676e-01  -1.9925079e-01   7.2403996e-01   6.5611312e-02   2.8704743e-02   3.3890798e-01   3.0998376e-01  -3.3102365e-01  -5.5615885e-01  -1.1841915e-01   1.8278056e-01   3.9961778e-02   1.0231646e-01   5.5870680e-01  -1.3463009e-01   2.4051152e-01   7.5773252e-02  -4.4137348e-01  -3.5941942e-02  -1.1894630e-01   3.7641651e-01  -3.9524429e-01   1.9219450e-01   3.1679838e-01  -3.8616458e-01  -2.4700321e-01  -1.1256056e-01   1.5421455e-02   5.2896475e-01   5.3718274e-01   1.1048303e-01  -1.9534837e-01   5.9380123e-03   3.0234706e-01   4.0411729e-01  -5.1961049e-02   6.1141331e-01  -3.6910751e-01   4.4201238e-01   2.9944848e-02   2.6627000e-01  -2.4620570e-01   2.7729691e-01   1.0146840e-01  -6.4291062e-03  -1.5326218e-01   2.8095906e-02  -1.3222000e-02  -1.1827388e-01  -5.5578835e-01   3.3688567e-01   2.4138756e-01  -3.6574396e-02   2.9752215e-01  -2.6148691e-01   2.3045979e-01   5.9742566e-01   4.6249201e-02   4.7779828e-01   6.7320986e-02  -8.0927871e-03   3.5160305e-01  -1.8962951e-02  -3.4433527e-01   7.3902309e-02   2.6470549e-01   1.5116599e-01  -3.5249054e-01   2.1694879e-01  -1.1867005e-01  -2.5061623e-01  -1.4003338e-01   6.6781133e-01   2.5885947e-01  -3.8790286e-01   1.4335423e-01   4.7545906e-02   3.2924651e-02  -1.0033019e-01  -3.5590497e-01   3.6924222e-01  -2.2696635e-01   1.3127389e-01  -3.9838141e-01   7.7647233e-01  -3.0554967e-01   1.6460653e-01   4.2467776e-01  -2.0062061e-01   5.1503233e-01   1.5686056e-01   1.7514358e-01   4.8543077e-01  -3.0478910e-03  -5.4880442e-01   3.5836441e-02  -2.1124154e-01   4.2562402e-01   1.5694794e-01  -1.4967343e-01   3.1767742e-01  -1.0051926e-01   1.9907568e-01   1.5965205e-01   4.0078883e-02   1.9052315e-01   2.9560694e-01  -3.7580550e-01  -5.8804959e-01   5.0171958e-01  -3.3146939e-01   1.6416430e-01  -4.4965438e-01   1.0371451e-01  -2.4668362e-01   4.9193947e-01   4.5855314e-01  -8.2943412e-02  -1.5407720e-01  -2.2232367e-01  -3.0627812e-01   3.4031752e-01   3.3191497e-01  -2.3044462e-01   2.9613589e-01   6.1620652e-01  -1.6390151e-01  -3.9906184e-01   2.5232262e-01  -2.2460826e-01   3.1541567e-02  -4.9932846e-01  -1.7066994e-01   1.0088031e-02  -1.3747373e-01   4.5249440e-02   4.3613720e-02  -4.5424973e-01  -3.0892973e-01  -2.0271865e-02   6.6002024e-02   3.8266729e-01   3.3248795e-01   1.0875617e-01  -4.3418967e-01  -4.0419937e-01  -8.2784854e-02   1.1067458e-01   3.6884862e-01  -1.3932221e-01  -2.5348841e-01  -2.5182828e-01  -1.2245646e-01  -3.6433563e-01   2.6939737e-01   3.7175472e-03   1.2741579e-01   1.3470186e-01   2.2940912e-01   3.1677935e-01   2.6160116e-01  -2.1110863e-01  -2.3557725e-01   1.3564034e-01   4.7810199e-01  -2.0472992e-01   5.9365774e-01  -1.3909451e-01  -1.0184012e-01   1.1991992e-01   2.4842565e-01
  -1.7877591e-01   1.2796476e-02   3.6580540e-01   1.9403232e-01   6.5033014e-02   0.0000000e+00   1.4666360e-01   4.5933260e-03  -7.1613233e-02   1.1379613e-01  -1.4318603e-01   3.8739158e-01  -1.1030299e-01  -3.2076594e-01  -3.4875743e-01   5.3832597e-02   2.7486372e-01  -3.4690934e-02   6.2561694e-02   1.9274490e-01   2.1644656e-01   1.9689660e-01   4.4632861e-01  -1.8902914e-01   2.9106309e-01   1.2669614e-01   4.8952472e-01  -1.4319585e-01   1.3734437e-01   1.3553653e-01  -5.9975500e-01   2.5507222e-01   6.1140284e-02   3.5393423e-01   1.8738807e-02   1.4777238e-01   3.0621511e-01  -2.6945507e-01  -2.0293935e-01   3.9434159e-01   6.7733144e-04   2.3655639e-01   1.5744201e-01  -2.3168948e-01  -8.3741394e-02   3.9138332e-01   3.3646793e-01  -1.4556314e-01   3.3878750e-01   2.1555711e-01   7.3104972e-02   1.3912726e-01  -1.4174447e-01   3.0451471e-01   4.0630843e-02  -7.2716286e-02   3.0421659e-01   2.3481989e-01  -5.6057341e-02   1.6253354e-01   2.8565219e-01   6.5499279e-02  -1.0061698e-01  -5.8872373e-01  -3.2025171e-01   1.3045431e-01   6.4605986e-01  -6.3426295e-02   3.2932321e-01   2.0740921e-01  -1.0764026e-02   2.8037490e-01  -3.4642554e-01  -6.7172347e-02  -1.2719598e-01   6.5544322e-02   1.5562324e-01  -1.3846067e-02  -9.4805716e-02   3.3845260e-02  -2.1949729e-01  -2.7201901e-01   1.1408161e-02  -5.0887876e-02  -2.4389802e-03  -2.1355863e-02  -1.3800688e-01  -3.1687333e-01  -3.7045200e-01  -1.9559720e-01   5.2541187e-02   1.8257591e-01   2.3694455e-01   9.7767026e-03  -1.0445657e-01   2.8674076e-01   1.4847219e-01   1.5734157e-01   1.5322267e-01   1.3646733e-01  -2.9939712e-01  -1.1239801e-01  -1.5309478e-02  -1.4492809e-01   2.2711104e-01   8.0331318e-02   4.4268594e-01   3.6104756e-01  -3.3582133e-02   2.4732587e-01  -5.4767305e-02   2.4247341e-01   3.3158454e-01  -2.1927748e-01  -2.6648653e-01  -1.5679913e-01  -1.3780850e-01  -3.4920115e-01  -4.8544511e-02   3.5356400e-01   1.1465801e-01   7.4482180e-02  -1.4098589e-01  -4.7373177e-01   4.4020513e-02  -2.1005463e-01  -2.6843005e-01   1.1221446e-02   1.5968217e-01   1.2481082e-01   1.1368864e-02   6.3693891e-02  -8.1809858e-02  -3.8858821e-01   2.2058177e-01  -5.0335055e-02   9.2354195e-02  -3.2902508e-01   1.4022403e-02  -3.1443826e-02  -6.7184831e-02   8.2205933e-02  -1.6324074e-01   1.2681630e-01  -2.2396258e-01  -5.6238252e-01   2.5269636e-01   1.2056022e-01   2.6391451e-01  -5.7598312e-02  -1.4404897e-01  -2.9590956e-01  -4.8803816e-03  -2.4928294e-02   2.7204314e-01  -3.2156042e-01   1.8326566e-01  -1.2099769e-01   3.2421802e-01   3.5042848e-02  -1.9227820e-01  -4.6270519e-01  -2.0166737e-01   1.5611497e-01   2.3255542e-01  -1.2306799e-02   1.9723101e-03  -6.5854072e-02   2.1610988e-01   1.8502380e-01   1.7989479e-01  -1.6565939e-01  -1.2067325e-01   4.3109852e-01   4.0003638e-02   1.1552258e-01   2.2669188e-01
   1.8195664e-01  -4.0734793e-01  -3.9014837e-01   1.4668325e-01  -4.0592676e-01   1.4666360e-01   0.0000000e+00   4.3415402e-01  -2.9884924e-01  -1.1004338e-01   1.4102717e-01   4.9979943e-02  -1.8851420e-01   1.8770836e-01   3.1043824e-01  -3.8143436e-02  -3.9652474e-01   1.9224667e-01  -1.1064304e-01  -2.4909051e-01   3.1147613e-01   6.6662198e-02   3.2626422e-01   1.5313613e-01  -1.5184690e-01   1.3464961e-01  -6.4600881e-02   2.7467327e-01  -8.9116929e-02   1.4005467e-01   2.1143448e-01   6.4122840e-02  -2.5074616e-01   7.5100562e-02  -2.9404906e-01  -2.2801717e-01  -1.1667988e-01  -4.2265541e-02  -5.6601285e-02  -2.5415088e-01  -1.9802430e-01   8.3790051e-02  -2.5476460e-01   2.3009898e-01   1.4130186e-01  -1.5923906e-01  -8.3438429e-03   4.0829499e-01  -6.0789533e-02  -4.3088769e-01   3.0522163e-01   3.0392839e-01   5.4481465e-02  -1.5119008e-01   1.5357277e-01   3.7400673e-01  -3.3135876e-01   8.1415019e-02  -1.5829082e-02   3.1535169e-02  -4.1758528e-02   1.6205235e-02  -4.1303667e-01  -2.1620925e-01  -1.4782512e-01   8.0092791e-03   1.9905612e-01   2.3910986e-02   1.4990914e-01   9.4431571e-02  -2.4677627e-01   2.3828301e-01  -1.6841992e-01   2.0481013e-01   1.9559832e-02   2.6900555e-01   2.2340571e-02  -1.0493558e-02  -4.3305614e-01  -1.7711001e-02   4.3233672e-01  -6.4476629e-02  -8.7163435e-02   7.2765799e-02  -1.5714680e-01   4.3919354e-01  -2.4700599e-01   6.2177015e-02  -3.0679682e-01   8.4601741e-02  -4.5977880e-01  -9.3234359e-02  -1.6467785e-01  -9.4246327e-02  -6.3165093e-03  -4.7687654e-01   1.3105932e-01  -2.4554959e-01  -9.6615004e-02   1.7946829e-01   2.5783231e-01   1.6344074e-01   4.3246984e-01  -2.3698157e-01   9.6321347e-03  -6.1506325e-03  -3.0104558e-01  -3.3859588e-02  -1.7927736e-02   1.5133799e-01  -2.1209889e-01   2.4511237e-01  -1.7422309e-01   1.3555830e-01   2.8103917e-01  -3.1857631e-01   2.7612341e-01  -2.5044752e-01   3.8573636e-01   1.5997351e-01   9.2579716e-03  -3.6020309e-01  -4.1600171e-01   9.7791481e-02   4.3584754e-02   3.6040146e-01   2.3454533e-01  -1.2214829e-01  -1.0488678e-01  -1.8105813e-01  -1.5551782e-01  -3.8451695e-01  -6.9290219e-02   1.4800643e-01  -2.1514573e-02   2.0988650e-01  -8.5372213e-02   3.5843017e-01   1.1991551e-01  -1.4087869e-01  -6.9117668e-02   5.4536255e-02   2.4156834e-01   3.9768511e-01   3.2298993e-01   8.5141114e-02  -9.9426655e-02  -2.4730142e-01   1.1512487e-01  -2.1786798e-01   1.6512817e-01   3.5980252e-01  -6.4907079e-02  -3.6858183e-01  -3.8330192e-01  -5.3301341e-02  -7.1223921e-02   1.0432147e-01  -1.7267098e-01   4.0543734e-01  -2.1711671e-01  -4.2057858e-02  -3.6799879e-01   2.9409330e-01   7.1041065e-03  -2.2359297e-01   3.2625583e-02   2.3437753e-01   3.7173993e-02  -9.6429079e-03  -2.3943201e-01  -2.3456162e-02   4.1649561e-02   2.5236655e-01  -2.6104837e-02  -5.1474328e-02   5.3879577e-02
   4.5284156e-01  -1.7711364e-01  -5.7461045e-01   1.9068050e-01  -1.9925079e-01   4.5933260e-03   4.3415402e-01   0.0000000e+00  -1.0078043e-01  -4.7046041e-01   1.0344261e-01  -1.5052653e-01  -3.0091254e-01   2.2595144e-01   2.7861632e-01   8.4584882e-03  -5.0468335e-01   9.0580927e-02  -1.9570047e-01  -2.6633533e-01  -9.9141157e-02  -7.2376475e-02  -1.6659916e-01   4.4931617e-01  -1.7457453e-01   3.2721728e-01  -2.6835580e-01   5.0965416e-01  -1.8083947e-01   1.9073974e-01   1.8392920e-01   3.1447878e-01  -8.0157292e-02  -2.3948942e-01  -2.7618341e-01  -4.0240141e-01  -2.9726162e-01   7.7571293e-02  -1.0307225e-01  -5.1772263e-01  -3.3236025e-01   5.7994863e-02  -3.8558833e-01   6.3043195e-02   2.9938459e-01  -6.6464087e-02   3.5270060e-02  -8.8663552e-02   2.2445805e-02  -5.3410127e-01   3.0584019e-01   5.0731407e-01  -1.5135460e-02  -6.8351058e-02   4.3540296e-01   2.4441099e-02  -6.9706233e-02   7.0600195e-02   2.6508504e-01   5.6682668e-03  -2.3897092e-02  -9.9290643e-02  -3.3111311e-01  -1.8158869e-02  -1.8069653e-01  -3.6920206e-01   1.1196275e-01   1.6545008e-01   3.8846358e-01   8.4322482e-02  -6.3724208e-01   1.6156562e-02  -2.0342163e-01   5.5790857e-01  -4.5833070e-02   3.8328778e-01   2.3133055e-01   2.1506795e-01  -1.0190697e-01   1.8947364e-02   5.3310765e-01  -1.9943787e-01  -4.0662228e-01   2.7315025e-01  -7.4394050e-02   3.9208553e-01  -3.5313221e-01   2.8003276e-01  -6.4557680e-02   4.4347754e-01  -1.9790340e-01   8.3504836e-02  -5.7816891e-01  -1.2579752e-01   1.0629063e-01  -4.3578694e-01   9.4725085e-02   1.8928566e-02  -9.8522699e-02  -9.6322475e-02  -1.4247975e-02   2.8837132e-01   4.6311087e-01  -2.0669708e-01   3.1405551e-01   1.3231284e-01  -3.8202004e-01   3.1203696e-01  -3.5464392e-01   3.0542634e-01  -6.2997147e-01   1.0679614e-02  -1.7435313e-01   3.8664836e-01   2.0370788e-01  -1.3562210e-01   6.6308890e-02  -3.8533308e-01   5.7736413e-01   8.6278257e-02   2.3015267e-01  -3.5307446e-01  -2.7071140e-01   2.1338751e-01   4.2350397e-01   5.5564381e-01   2.0979014e-01  -6.9562639e-02  -3.3291192e-01  -3.9050879e-01  -1.5120858e-01  -2.6372252e-01   2.9812823e-01  -1.6270294e-01  -4.4363621e-01   3.6604363e-01  -1.4493125e-01   3.3121692e-01   4.1674923e-01  -3.4061492e-01   1.6806385e-01   8.2736884e-02   5.6220972e-01   5.1749582e-01  -6.1866634e-02   4.2216423e-01  -6.3474807e-01  -2.6513486e-01   1.5354892e-01  -4.2308444e-01   2.5778317e-01   4.1744339e-01   2.5385490e-01  -2.5998893e-01  -5.1478639e-01  -1.5259265e-02   1.7193072e-01   3.7078491e-02  -2.2488670e-02   5.5978244e-01   6.7379487e-03   1.6503679e-01  -4.9458626e-01   4.2568127e-01   1.3691941e-01  -1.6278323e-01  -1.3014831e-01   3.2785267e-01   3.1745162e-01  -4.6910260e-01  -1.1195197e-01   1.8753321e-01   2.3494242e-01   4.1372668e-01  -1.7310016e-01  -2.2471264e-01   5.2266809e-02
  -3.5281366e-01   7.1463433e-01  -3.4974930e-02   7.2815633e-02   7.2403996e-01  -7.1613233e-02  -2.9884924e-01  -1.0078043e-01   0.0000000e+00   1.2047005e-02   1.6277972e-01   3.8515292e-01   1.6778601e-01  -3.9446116e-01  -4.9201764e-01  -1.3648941e-01   7.6222948e-02   9.5922505e-02  -9.1979839e-02   2.6764057e-01  -1.8420898e-01   2.0811680e-01  -1.8210718e-02  -3.7695671e-01  -4.7505149e-02  -3.2314022e-02   2.8702770e-01  -3.1199947e-01   1.7954751e-01   4.3363980e-01  -2.2794468e-01  -2.6026275e-01  -1.5746810e-01   4.1346623e-02   6.5080230e-01   3.5957282e-01   7.7255364e-02  -2.0546525e-01  -6.4727840e-02   2.1108238e-01   3.2104176e-01  -1.2180917e-01   4.5635211e-01  -3.3448151e-01   5.5366588e-01   2.8658033e-02   2.8598435e-01  -1.1070930e-01   8.3740743e-02  -6.0088362e-03   1.5125581e-01  -2.7998263e-01   1.1796897e-01  -1.1955043e-01  -8.0378399e-02  -5.2238724e-01   2.1827869e-01   8.2599000e-02   2.8478361e-02   3.8915051e-01  -3.1767709e-01   1.9954847e-01   6.6363697e-01   1.7665671e-01   4.6381510e-01   1.1096654e-01  -1.5729964e-01   3.6978952e-01   1.1974882e-01  -3.8030209e-01   1.6011109e-01   2.5710813e-01   2.9015313e-01  -2.4794958e-01   1.3989524e-01  -6.8114331e-02  -3.4153850e-01  -2.9132728e-02   6.1568548e-01   2.2607125e-01  -3.7134053e-01   1.4013297e-01  -1.0900798e-02   1.0127249e-01  -2.2145962e-01  -2.5254845e-01   4.5818360e-01  -6.4434980e-02   2.6094267e-01  -3.9150052e-01   6.7503496e-01  -3.7301547e-01  -7.3418198e-03   4.5029933e-01  -2.5932007e-01   2.6366211e-01   1.4554985e-01   1.1150373e-02   4.2113515e-01  -6.2348511e-02  -5.0410027e-01   2.0466433e-01  -5.0621629e-02   4.8936637e-01   2.4780004e-01  -2.1557006e-02   7.7561512e-02  -5.6750216e-02   1.2408814e-01   2.6397088e-01  -3.6286470e-02   2.3866372e-01   2.5573824e-01  -4.0700000e-01  -5.3814054e-01   6.2201927e-01  -2.8213397e-01   1.7158872e-01  -3.2138116e-01   1.3001871e-01  -2.4473241e-01   3.7513377e-01   4.5158281e-01  -1.8412115e-02  -1.5527919e-01  -1.5149562e-02  -2.8049613e-01   2.0913116e-01   2.9530385e-01  -3.2200679e-01   1.5231751e-01   4.9373893e-01  -8.7723035e-02  -3.3447304e-01   1.6567372e-01  -1.0730015e-01  -8.1414412e-03  -4.7754949e-01  -4.6396247e-02  -1.6144921e-02  -1.6191723e-01   3.7705303e-02   1.7366249e-01  -4.1841788e-01  -2.8908105e-01   8.0357958e-02  -3.6477800e-02   5.3071178e-01   3.7756966e-01   2.0907496e-01  -4.3876302e-01  -3.1652044e-01  -1.4032325e-02   1.4945546e-01   3.5757955e-01  -1.3962260e-01  -2.5888756e-01  -1.5144670e-01  -1.6268073e-01  -3.9407885e-01   2.9917343e-01   2.1273238e-01   1.5833680e-01   2.0492485e-01   1.4456127e-01   2.9060700e-01   2.8916585e-01  -2.3167758e-01  -2.2679856e-01   8.6167365e-02   4.1887086e-01  -2.5323916e-01   6.3882022e-01  -1.9844127e-01   6.9494553e-03   9.5355220e-02   2.4782909e-01
  -2.8816438e-01   2.4102858e-02   3.0443043e-01  -2.9601994e-01   6.5611312e-02   1.1379613e-01  -1.1004338e-01  -4.7046041e-01   1.2047005e-02   0.0000000e+00   2.2095428e-01   8.0887870e-02   4.3700356e-01  -1.8158109e-01  -1.7008626e-01   2.1872487e-01   2.6256756e-01   1.0671929e-01   1.4768800e-01   4.2875006e-01   4.1048428e-01   2.0431751e-01   4.8620322e-01  -3.1180486e-01  -1.3325039e-01  -2.6211813e-01   4.6525438e-01  -4.1999649e-01   1.2090275e-01  -2.6622526e-01  -1.1408585e-01  -3.5594011e-01   1.4861129e-02   3.3879927e-01   8.2770318e-02   5.3132051e-01   4.4055890e-01  -4.5791583e-02   2.6744318e-01   4.8342602e-01   2.6734443e-01   2.4059452e-01   2.9583201e-01   1.6166791e-02  -2.5981843e-01  -7.1552699e-02   2.0810846e-01   2.3523244e-01  -1.1726805e-01   3.6492409e-01  -2.1079360e-01  -1.5702958e-01   2.0947087e-01  -4.3927404e-02  -4.6189935e-01   1.3948002e-01  -1.3086849e-03   1.9643203e-01  -3.0213218e-01   3.4288044e-02  -4.4601897e-02   2.9730888e-01  -2.5496457e-02   1.5464934e-01   2.4495055e-01   6.1101555e-01  -2.1018080e-01  -1.4830163e-02  -5.8812838e-01  -1.7603206e-01   6.2964995e-01  -2.4378213e-02   3.9589330e-01  -6.6053495e-01  -1.4646325e-01  -1.9986721e-01  -3.2492458e-01  -3.1988396e-01  -3.2129707e-01  -2.1155943e-01  -3.0154289e-01   3.5188913e-01   4.8160179e-01   4.8950528e-02  -1.5146828e-01  -3.1705087e-01   3.8979217e-01  -3.6072687e-01  -2.2647492e-01  -3.9154679e-01   9.3207164e-02  -2.3907896e-01   7.4694642e-01   9.2857663e-02  -2.2729624e-01   3.3944808e-01  -1.0018671e-01  -1.7268473e-01   1.6543901e-01   3.8838504e-01   5.1923945e-02  -3.3814442e-01  -3.8377725e-01   9.0986190e-02  -3.7003115e-01  -3.3761553e-03   1.9610152e-01  -3.9714057e-01   5.4609741e-01  -2.2914632e-01   6.9693367e-01   1.0852970e-01  -1.6748747e-01  -3.7271384e-01  -1.7489725e-01  -1.6013945e-01  -2.1115944e-01   4.0615170e-01  -6.0615116e-01  -2.2620710e-01  -4.5580442e-01   1.8755604e-01  -1.2780281e-01  -1.4609817e-01  -4.1722021e-01  -3.3648862e-01  -1.9241529e-01   1.3398602e-01   3.2980405e-01   2.5026702e-01   4.2208567e-01   3.2327105e-01  -3.2724483e-01   3.3636813e-01   3.1918900e-01  -2.0758192e-01  -1.0228597e-03  -2.6875990e-01  -2.6756515e-01   3.3463998e-01  -2.5951372e-02   1.3853878e-01  -3.8634048e-01  -4.9264017e-01   1.2933833e-01  -3.8261482e-01   7.3809660e-01   2.9521831e-01  -2.1307837e-01   4.5768589e-01  -4.1785064e-01  -2.9766163e-01  -3.4812383e-01   1.3926380e-01   2.8645553e-01   1.3454845e-01  -4.1474813e-01  -1.6285241e-01  -1.2796687e-01  -4.0913144e-01  -2.9354832e-01  -2.5240845e-01   6.7111258e-01  -4.5655153e-01  -2.6821220e-02   6.9110803e-02   2.7279414e-01  -4.2229531e-01  -4.1831429e-01   6.7620745e-01  -1.3105744e-02  -2.5449260e-01  -2.3866653e-01  -2.1598264e-01  -1.1462288e-01   1.4589483e-01   2.4915117e-01
  -1.0197229e-01  -1.3752598e-02  -3.2181106e-01  -1.9789123e-02   2.8704743e-02  -1.4318603e-01   1.4102717e-01   1.0344261e-01   1.6277972e-01   2.2095428e-01   0.0000000e+00  -8.6998320e-02   2.4901425e-01   1.9846129e-01   1.9621086e-01   4.1701088e-01  -2.3367260e-01   5.4067256e-01  -2.8779040e-02   1.8388062e-01   4.1985281e-01   1.8894817e-02   2.0739276e-01   3.3332248e-02  -1.2954267e-01   1.1809877e-01   1.7646730e-01   1.5893445e-01   1.2837548e-01   1.5515477e-01   4.0016440e-01   4.5974455e-02   5.9705467e-02   1.5340062e-02  -1.5591235e-01   3.1523823e-01   1.7056997e-01  -1.1256166e-01   4.0217605e-01  -1.1738487e-01   2.1708639e-01   2.1920727e-01  -1.3000800e-01   3.5618353e-01   1.9633287e-01  -3.5322312e-01   4.9401944e-01   4.0216037e-01   5.0340443e-06  -2.9068596e-01   4.1723844e-01  -4.4629193e-02   2.9537681e-01  -1.7585151e-01   2.9693702e-02   2.2351100e-01  -2.3748936e-02  -6.1769380e-02   2.2609687e-01   1.6489378e-01  -2.7396293e-01   3.4542177e-01   1.3465902e-02   3.9675352e-01   3.3015259e-01   1.0156587e-01  -2.1421036e-01   1.6012374e-01   1.7168794e-01  -2.9922952e-01   1.2043593e-01   2.0188579e-01   4.0590784e-01  -2.0003291e-01   1.7380625e-01   2.8045988e-02  -3.2493481e-01   1.1117661e-01  -2.1336795e-01   1.7578476e-01   1.5626584e-01   1.5318533e-01   8.2331684e-02   7.4739323e-02  -3.6694397e-01   8.3959367e-02   2.0158675e-02   1.2479851e-01  -8.7184730e-03  -1.6668268e-01   4.5286060e-02  -3.5314656e-01   4.3050764e-02   1.1981990e-01  -3.4635380e-01  -1.8331873e-01   1.4654583e-01   1.0239827e-01   3.3710727e-01   8.4423099e-02   1.9584762e-01   1.8041116e-01  -1.3906727e-02   4.3603096e-02   2.0872595e-03   1.8200241e-01  -3.8390376e-02   7.1542157e-02   2.8231937e-01   6.3495566e-03  -1.9669745e-02  -2.3475251e-02  -2.9496462e-02  -9.1983147e-02   1.9303191e-02  -1.8849736e-01   1.1857932e-01   2.7399978e-01   4.5961159e-02  -3.4795084e-02  -3.8885367e-01   5.3498461e-02  -1.3464874e-01   4.4876607e-01  -3.0842828e-01   1.3025323e-02   2.4457461e-01   4.7770265e-02   2.3896438e-02  -2.3665877e-01   3.9194654e-01   1.5509391e-01  -2.3787341e-01   4.0574650e-01  -2.1894287e-02  -1.5575735e-01   9.2961690e-02   1.7519650e-01  -1.3958297e-01   9.1637569e-02   7.3381099e-02  -4.6279965e-02   4.1814307e-01  -1.0641070e-01   2.5797225e-01   3.0109856e-01  -8.6884586e-02   1.4537254e-01   7.4721392e-03   2.0445903e-01  -1.3386851e-01   8.0651085e-02  -1.1670159e-02   2.6085711e-01  -2.8204808e-01   1.1301653e-01  -5.1695244e-01   2.5080280e-01  -3.1359288e-01   5.6564788e-02   1.1564935e-01   4.8136853e-01   2.4276935e-01   1.2172976e-01   1.7411223e-01   3.5051655e-02   3.4398411e-01   1.7811391e-02  -1.8176027e-01   1.9229782e-01  -1.2234557e-01  -4.2756406e-01   2.7341575e-01  -1.1940094e-01  -1.7816655e-01  -1.5401112e-03   2.1918688e-01
  -4.2211830e-01   4.8911895e-01   2.2697283e-01   2.9592187e-01   3.3890798e-01   3.8739158e-01   4.9979943e-02  -1.5052653e-01   3.8515292e-01   8.0887870e-02  -8.6998320e-02   0.0000000e+00  -4.3534418e-02  -4.7524068e-01  -4.9749972e-01  -1.6546682e-01   1.4774648e-01   6.1213100e-02  -1.5971900e-01   1.1230510e-01  -2.1208523e-02   4.4323062e-01   3.4437589e-01  -3.6817757e-01   6.2086835e-02  -1.1172523e-01   4.5589498e-01  -5.5557745e-01   2.4825104e-01   4.3260320e-01  -5.4566145e-01   1.6547697e-01  -3.6064873e-01   3.4453172e-01   5.3332159e-01   3.0621567e-01   1.5392735e-01  -2.0363077e-01  -2.6528470e-01   3.0670786e-01   1.2885388e-01   6.5926968e-02   5.2101838e-01  -4.1751691e-01   2.5050568e-01   1.5844700e-01   3.1008936e-01  -3.1645863e-02   1.8382195e-01   1.1360288e-01   1.5851974e-01  -1.6907668e-01  -2.5891168e-02  -1.4951181e-01  -9.9095546e-03  -3.4117663e-01   1.9357279e-01   4.3885547e-01   2.9874602e-02   5.4531722e-01   1.0041219e-03   9.6770870e-02   2.1542208e-01  -3.3004711e-01   1.1758626e-01   1.9900096e-01   2.2472042e-01   1.3507954e-01   1.0004971e-01  -1.0582488e-01   1.8475695e-01   4.7412119e-01  -5.5995597e-02  -2.4287489e-01   1.5184185e-01   1.2973207e-01  -9.6988823e-02  -2.4000105e-01   2.2240539e-01   1.9070706e-01  -5.7686824e-01  -3.4145846e-02   9.0054427e-02  -1.6402745e-01  -2.2939231e-01  -8.2236034e-02   2.1741222e-01  -3.2162957e-01  -7.0592812e-02  -3.7086283e-01   2.7014042e-01  -1.2982937e-01   1.7120214e-01   5.1345068e-01  -2.1877722e-01   2.3606861e-01   5.6301060e-02  -8.4330200e-02   1.2773772e-01   1.2712796e-01  -4.5230826e-01   1.5651478e-01  -3.3890827e-02   3.6763842e-01   4.2524364e-01   1.2642534e-01   2.6055385e-01   6.4661026e-03   8.5716007e-02   1.6837976e-01   1.0662673e-01   5.1506551e-01   3.4910241e-01  -4.9935314e-01  -5.6883531e-01   1.7062801e-01  -1.8876599e-01  -1.0244465e-01  -3.5865181e-01   5.3015210e-01  -7.7726291e-02   6.4408262e-02   2.4804273e-01  -2.1913605e-01  -1.3849902e-01  -1.3637642e-01  -2.8927661e-01   1.2081967e-01   5.0596334e-01  -8.9999388e-02   1.2591821e-01   3.0541776e-01  -1.0404101e-01  -3.9365339e-01   5.5144229e-01   3.9830124e-02   1.4992706e-01  -5.9256367e-01   9.4725172e-02   1.5301816e-01  -1.6179382e-01   1.2481314e-01  -6.7671662e-02  -2.7346963e-01  -5.9447138e-02  -3.1929978e-01   2.8790466e-01   3.1524749e-01   3.3668969e-01   2.2583018e-02  -4.1209912e-01  -5.0108468e-01  -1.7978825e-01   1.0921774e-03   2.6166896e-01  -6.7329187e-02  -6.9709559e-03  -7.2424289e-02  -4.6388321e-02  -3.3708835e-01  -5.2930427e-02  -2.2377698e-01  -4.1502213e-02   3.4632226e-01   2.7418614e-01   1.9331257e-01   8.2426434e-02  -3.2098096e-01  -6.8008531e-02   1.2238521e-01   2.5605387e-01  -3.1668228e-01   1.9430137e-01  -1.2115441e-01   8.4745320e-02  -9.5634594e-04   3.5180455e-01
  -7.5336648e-02  -1.8090095e-02   1.1383359e-01  -1.0171777e-01   3.0998376e-01  -1.1030299e-01  -1.8851420e-01  -3.0091254e-01   1.6778601e-01   4.3700356e-01   2.4901425e-01  -4.3534418e-02   0.0000000e+00  -1.1004017e-01  -2.1939375e-01   1.5020124e-01   2.2050341e-01   1.8140006e-01  -7.6180906e-02   4.9467483e-01   1.9101370e-01   4.0929590e-02   2.8320507e-01  -3.3838802e-01  -1.9417476e-01  -9.6671451e-02   3.3571798e-01  -3.0627256e-01   1.1643835e-01  -2.5649996e-01  -1.0463669e-01  -2.6188509e-01  -3.0950805e-02   1.4654235e-01   9.3778235e-02   5.1358795e-01   4.2298780e-01   1.1168456e-01   3.6850601e-01   3.0359972e-01   6.3906847e-01   1.4812895e-01   2.1237953e-01  -3.6917351e-02   1.9622669e-02  -4.5444392e-02   3.3988528e-01  -6.6492718e-02   7.6613751e-02   1.9812860e-01  -1.5629137e-02   4.3333480e-02   6.8447496e-02  -4.8105664e-02  -2.8709815e-01  -8.8842946e-02  -4.8781932e-02  -1.8417299e-03  -1.1905918e-01  -1.1603537e-01   8.8698797e-02   3.9330220e-01   2.2792972e-01   1.9324410e-01   2.8907136e-01   2.7019022e-01  -2.6650929e-01  -9.4763015e-03  -3.6894436e-01  -2.0350901e-01   1.9615230e-01   1.2826854e-01   5.6355710e-01  -4.0090993e-01  -5.3281005e-02  -2.8500615e-01  -1.6995058e-01  -2.8384524e-01   7.7803004e-02  -2.2962142e-02  -1.6334668e-01   3.6652883e-01   1.1712706e-01   9.4720335e-02  -2.7341334e-02  -3.8645749e-01   8.7660693e-02  -1.9696747e-01  -4.4885650e-02  -2.2956019e-01   3.6069415e-01  -1.9656232e-01   3.4648565e-01   1.2432435e-01  -1.8816551e-02   4.0783755e-01  -1.0305317e-01  -1.0883662e-01   3.7587261e-01   2.0182250e-01  -1.4584563e-01  -1.9754633e-01  -3.9811014e-01  -8.6519693e-03  -3.2912995e-01  -1.9801103e-01   1.0032135e-01  -4.1875988e-01   4.4426918e-01   4.7584189e-02   2.8764794e-01  -1.0043978e-01   2.7315315e-02  -1.9137642e-01  -2.8017696e-01   3.8136082e-02  -2.4981434e-01   4.2829828e-01  -3.9274547e-01  -1.9319752e-01  -4.1570080e-01   3.0290096e-01   7.0236222e-02   1.9214995e-02  -2.6979526e-01  -2.8624621e-01  -3.0055291e-02   1.8158185e-01   9.8230462e-02  -2.5464316e-02   5.6110786e-01   2.8847971e-01  -3.4878307e-01   4.2087707e-02   9.4229768e-02  -2.2230155e-01  -9.7874988e-03  -2.4807886e-01  -3.0395450e-01   5.2213703e-03  -8.9483237e-02   4.2235478e-01  -1.6689749e-01  -3.6739699e-01   1.9488123e-02  -1.3967271e-01   3.0878717e-01   3.3409051e-01   1.1750051e-01   2.3214417e-01  -2.6925330e-01  -2.3400628e-01  -2.3635819e-01   2.5523882e-01   1.6057456e-01  -7.4075059e-02  -4.2347451e-01  -6.2796592e-02   3.1618802e-03  -2.8417354e-01   2.0826170e-03  -5.8458772e-02   4.2830080e-01  -1.8584183e-01  -1.9172884e-02  -4.6952227e-03   2.0047755e-01  -3.4012692e-01  -3.1643402e-01   5.3411382e-01   2.0832958e-01  -1.6155022e-01   2.5482358e-01  -1.4417196e-01  -2.4577932e-01  -8.8938786e-02   1.5532614e-01
   5.5168323e-01  -4.6933505e-01  -2.5527506e-01  -1.8775086e-01  -3.3102365e-01  -3.2076594e-01   1.8770836e-01   2.2595144e-01  -3.9446116e-01  -1.8158109e-01   1.9846129e-01  -4.7524068e-01  -1.1004017e-01   0.0000000e+00   6.9875986e-01   1.7680985e-01  -2.4766218e-01   1.6844768e-01   9.0379814e-02  -2.0027470e-01   2.6718451e-02  -5.3235348e-01  -1.2469817e-01   5.6013286e-01  -1.8611862e-01  -4.9557925e-02  -3.6003551e-01   5.8083024e-01  -1.0986841e-01  -3.1239035e-01   5.8269323e-01   6.8992446e-02   1.5077587e-01  -3.9020523e-01  -5.0737552e-01  -2.6340084e-01  -2.9359713e-01   2.3899374e-01   1.7005499e-01  -3.7219089e-01  -2.9243371e-01   1.6164851e-01  -5.2688739e-01   4.3775389e-01  -2.5793220e-01  -7.3277268e-02  -2.1272275e-01   9.7483148e-02  -1.8247633e-01  -2.8905266e-01  -1.1075274e-01   2.8702087e-01  -9.5834027e-02   8.4180373e-03   3.4990622e-01   5.0068004e-01  -2.3380310e-01  -3.6525348e-01   1.4061345e-01  -3.7411419e-01   1.4153569e-01   1.0118946e-02  -2.4783206e-01   1.8687465e-01  -1.3841784e-01  -3.4847229e-01  -1.2086226e-01  -3.7729287e-01  -7.9834309e-02   3.1441873e-01  -3.3287683e-01  -2.9067665e-01  -1.2165425e-01   2.6667881e-01  -1.5848988e-01   1.5187302e-02   2.0066340e-01   1.4166059e-01  -2.3781635e-01  -1.0492579e-01   6.3957160e-01  -1.2068986e-01  -1.7973615e-01   5.7412923e-03   2.7208701e-01   2.7563594e-01  -2.1420383e-01   4.5410075e-01   3.3863935e-03   4.7393979e-01  -3.0582521e-01   1.8473610e-01  -2.0975328e-01  -4.5270540e-01   2.8096671e-01  -3.4122980e-01  -2.2282125e-02  -2.4770512e-02  -1.9193902e-01  -2.7177366e-01   5.7291708e-01   1.3605011e-01  -4.4448189e-02  -3.6320434e-01  -3.6957348e-01  -1.2234049e-01  -1.8327100e-01  -1.2745163e-01  -2.9577267e-02  -1.6361469e-01  -2.4979534e-01  -4.4601293e-01  -3.2092651e-01   6.4700185e-01   7.0291415e-01  -4.6022047e-01   3.3581884e-01  -1.7153629e-01   5.1538763e-01  -3.2383485e-01   1.9166161e-01  -1.6537759e-01  -1.7759712e-01   3.7613268e-01   2.5470909e-01   2.9074569e-01   4.9194420e-01  -1.8489668e-02  -4.8154325e-01   1.5963921e-01  -5.9776424e-02  -3.2709186e-01   1.4955524e-01   3.4096459e-01  -4.2302720e-01   9.6030213e-03  -2.4082376e-02   7.3323141e-01   1.4975744e-02  -5.9732754e-02   3.2873043e-01  -1.9127417e-01   2.5022439e-01   4.1646074e-01   1.7006430e-01   3.6837254e-01  -3.0550179e-01  -3.7603761e-01  -2.0717865e-01  -3.8703724e-01   5.5858304e-01   5.0813251e-01   1.9417831e-01  -1.0613265e-01  -3.8717264e-01   2.0011341e-01   9.8392221e-02   1.3755046e-01  -5.1100721e-02   4.4733296e-01  -8.3259323e-03   3.9349562e-01  -1.2113662e-01  -8.9593298e-02  -3.4446251e-01  -2.8043642e-01  -1.5006547e-01   3.0303401e-01   2.7702746e-01  -1.6205135e-01  -3.4542734e-01   1.6286747e-01  -1.4131598e-01   3.0780736e-02  -2.4972355e-01  -1.6576881e-01  -3.3083246e-01
