   0.0000000e+00  -2.9138031e-01   4.8920376e-03  -1.8567600e-02  -3.0654964e-02   9.0266002e-02  -1.3065300e-01  -2.0687112e-01  -8.5932082e-02  -1.3867141e-01  -1.9431595e-01  -6.3064067e-02   6.4347935e-02   9.6584294e-02  -2.3176892e-02  -3.0771619e-02   5.2143090e-02  -1.8752926e-01   1.6581712e-01   3.5367695e-02  -7.7315147e-02  -1.8941905e-01   3.8497872e-02   2.9973959e-01  -9.8035012e-02   6.9463872e-02   1.1339173e-01   3.0375764e-03  -2.0107107e-01  -1.3429963e-01   9.2759056e-02  -2.0040113e-02  -6.2524479e-02  -6.4016100e-02   9.8891563e-02  -9.6437235e-02   2.6847772e-02   1.4929818e-01   1.9742154e-02   2.0660984e-01  -1.7132641e-01   7.8143999e-02   1.1302427e-01  -2.3697887e-01  -3.6543245e-02  -1.2634384e-01  -6.3763074e-02   1.5016919e-02   6.1422605e-02   6.2886731e-02  -3.7688499e-01  -5.1578544e-02  -6.8163329e-02   7.8455577e-02   2.0867156e-01  -2.9199981e-01  -2.0788091e-02  -1.8409718e-02  -2.8577098e-02  -2.3512625e-01  -6.7906260e-02  -1.1635334e-01  -4.4138480e-02  -1.1354173e-01  -6.4580527e-02  -1.6603178e-01   1.2632752e-01  -1.4532172e-01   2.7607230e-02   3.7623787e-02   7.5526525e-02  -8.9177787e-02  -1.3095162e-01  -5.2790451e-02  -1.8595616e-02  -2.4788010e-02  -1.6383184e-02  -2.6133965e-01   8.5982945e-03  -1.5689871e-01  -1.8759576e-01   1.1691866e-01  -1.1179536e-01  -3.2310587e-02  -2.3129023e-02  -2.4158931e-01   5.4137196e-02   2.6261673e-01  -3.1471523e-02   1.3790885e-01  -5.7546867e-02  -9.1799463e-02  -1.1297944e-01  -6.6718884e-02   7.0575357e-02   7.4616240e-02   1.5353286e-03   9.4692724e-02  -9.0743988e-02   2.1586448e-01   6.7890903e-02   3.4688573e-02  -1.2902293e-01   7.9426063e-02  -2.5676060e-01  -1.3999023e-01   1.0095879e-01  -5.9083209e-02   1.3569569e-01  -3.4388671e-02  -4.0790594e-03  -2.0458540e-01   5.1260140e-03   1.4811381e-01  -7.6908860e-02  -2.6561929e-02  -5.9041841e-02  -4.4349117e-02  -3.5039150e-02  -1.1392158e-01   4.0022070e-02  -8.2841382e-02   4.2968032e-02   1.2480833e-01  -3.3073695e-02  -1.1539511e-01  -1.2860536e-01   2.5319419e-01  -1.0728332e-01   6.4707182e-02  -1.1967395e-02  -1.5927700e-02   1.8541393e-01  -6.6688099e-02   2.1268803e-02  -1.6787989e-03   4.2855785e-02  -6.4200829e-02  -2.2386872e-02   2.0026905e-01   2.4632628e-01   1.4890777e-01  -6.8773170e-02  -2.4329856e-02   9.1543089e-02  -7.3593180e-02  -2.7004638e-02  -4.1518854e-02  -1.5681768e-01   7.5969539e-02   2.4768734e-03  -1.0137431e-01  -1.0252112e-03  -2.5013052e-02   1.2389569e-01   4.1597732e-01   2.1878956e-02  -9.7140378e-02  -1.0031339e-01  -1.9289471e-01  -2.1356132e-01  -1.0368850e-01  -1.0512274e-01  -2.1629980e-01  -3.1169260e-02   6.5058461e-02  -1.4936299e-01   1.3732555e-01   2.6598400e-01   5.3376425e-02  -3.5509467e-02   5.3620145e-02  -2.2696699e-01   8.7287825e-03  -9.5886900e-02   1.6984731e-01  -7.9772924e-03
  -2.9138031e-01   0.0000000e+00  -7.1947045e-02  -3.2595746e-01   3.7986962e-01  -1.2639085e-01   9.5874060e-02  -7.2966879e-02   4.6495940e-01   2.6335147e-01  -2.5507825e-01   3.7826726e-01   1.6594427e-01  -5.0620098e-01  -2.2049797e-01  -1.6093802e-01  -5.5960390e-02  -1.5470244e-01  -1.4038856e-01   9.8556505e-02  -3.4208270e-02  -2.1966027e-01   5.3423852e-02  -3.0268661e-01  -2.8852335e-02  -6.7109872e-02   2.8419859e-01  -2.7511724e-01   1.0350084e-01  -1.9442980e-01  -1.6030385e-01  -3.9616185e-01  -1.5605332e-01   2.2112551e-01   2.0945200e-01   2.3970775e-01  -3.8327484e-02  -1.6500695e-01  -2.2295055e-01   1.4399868e-01  -3.8497938e-02  -1.2163872e-01   2.2399055e-01  -3.7667168e-01   2.3625772e-01  -2.0173567e-01  -2.9614624e-01   5.0267913e-02  -2.1218817e-01   3.3138962e-01  -9.8451113e-02   2.5035591e-02   5.7170216e-01  -2.8029384e-02  -3.3445637e-01  -1.5362302e-01  -5.3323082e-02  -1.3578813e-01  -2.6423143e-01   2.3680822e-01  -3.2408683e-01  -1.9726109e-02   3.2459363e-01   4.6574484e-01   2.4366487e-01   3.7347470e-01  -1.7038493e-01   1.8389987e-01  -3.5982940e-01  -2.0051461e-01   5.3102295e-01  -1.9832165e-01   8.0960026e-02  -1.2752446e-01  -1.1528735e-02  -2.9206790e-01  -3.3318729e-01  -1.7988002e-01   3.1822067e-01  -2.8662570e-01  -2.8386087e-02  -2.0166818e-01   1.4781386e-01  -1.1390937e-01  -2.9478677e-01  -2.2332369e-01   5.2496190e-01  -3.4509096e-01   3.9332962e-01  -2.2527351e-01   5.4161750e-01  -3.7632790e-01   2.2732472e-01   1.3095089e-01  -2.5053798e-01   1.2466938e-01  -1.4416741e-01  -1.6005588e-01   2.5820688e-01   2.6296605e-01  -1.0790040e-01   1.2215391e-01  -4.0071033e-01   1.8940261e-01  -1.9673387e-01  -3.3857517e-01   2.0030282e-01  -1.4767874e-01   1.4807020e-01   1.1843499e-01   2.6627310e-01  -2.7858287e-01  -1.3182825e-01  -1.2452386e-01  -6.7772890e-02   4.6138471e-01  -2.8242659e-01   2.5253364e-02  -2.9840258e-01  -4.2658979e-01  -3.3010882e-01   2.6060819e-01   2.2720618e-01  -2.4490159e-01  -2.0080297e-01  -1.1287810e-01  -2.3009377e-01  -2.6505373e-02  -1.8379312e-01  -1.2860040e-02  -1.8593433e-01   1.0552610e-01   2.7055241e-01  -3.6197384e-02   2.4269228e-02  -2.9947161e-01  -1.6518947e-01  -2.1848448e-01  -1.9931887e-01  -1.8637421e-01  -1.4641160e-01  -5.4386778e-02  -2.8842072e-01  -1.1567638e-01  -2.3624110e-01  -2.7212336e-02   3.7845687e-01   1.7279121e-01  -8.6124230e-03   3.4824371e-01  -6.1095148e-02  -1.8398719e-01  -3.2360642e-01   9.9681916e-02   4.1838820e-01  -1.9986056e-02  -2.1548367e-01  -2.8500653e-01  -2.6920317e-01  -1.5654257e-01   2.1560294e-01  -2.4090191e-01   3.9923852e-01  -7.4135710e-02  -7.1116527e-02   3.2293931e-01   2.2124467e-01  -2.4734642e-01  -4.5106568e-01   4.3665778e-01   4.8596194e-01  -1.9570240e-01   4.8880987e-01   1.7819899e-02  -1.5536177e-01  -5.6641974e-02  -2.4694207e-02
   4.8920376e-03  -7.1947045e-02   0.0000000e+00  -5.1678301e-02   1.9082218e-01  -1.0358319e-01  -2.0115694e-01  -2.1696215e-01  -2.8046954e-01   6.5646050e-02  -2.9366394e-01   3.0442967e-01   1.4556728e-01  -4.3191412e-02   2.7030516e-02  -6.8408593e-02   6.8444860e-01  -3.1748394e-01  -1.9187641e-01   1.9995432e-01  -1.9165536e-01  -2.7811949e-01  -2.8024314e-02   2.3296820e-01   6.0376094e-02  -2.6233836e-01   5.6337674e-02   8.0179333e-02  -1.5893001e-01  -2.3101294e-01  -1.2894142e-01  -2.0838298e-01  -1.0936069e-01   2.7271408e-02  -1.6347715e-01   1.2797379e-01   4.7949019e-02   1.8325403e-01   4.9690934e-02   2.1619088e-01   2.8795272e-01   1.6846091e-01   9.6351958e-03   1.0478272e-01  -4.3050063e-02   1.8007192e-01  -2.1767476e-01  -2.1171559e-01   1.5618258e-02   3.2656302e-01  -1.6018487e-01  -3.6678241e-01  -3.6886558e-03   3.7619899e-01  -1.7800729e-01   9.8090355e-02  -3.9714465e-02  -2.5284595e-01  -2.0510418e-01  -3.7397591e-02   3.9240571e-01  -3.4479998e-02   4.4615515e-02  -9.1256881e-02  -3.5347259e-01   1.5132394e-01  -2.4931554e-02   1.0113427e-01  -2.7792501e-01   6.2493107e-01  -3.6245868e-02  -9.5250194e-02   3.0524186e-01   4.7430789e-01   8.6832911e-02  -2.3112915e-01   2.6082892e-01  -1.4006985e-01   1.2531676e-01  -4.6503118e-02  -8.1688800e-02   2.7662845e-01   1.7443695e-01  -1.0129249e-01   2.7094461e-01  -1.8143559e-01  -3.4584548e-01   1.2120196e-01   1.5162564e-01   2.2895229e-01  -4.7340577e-02   4.7424912e-01   5.8454943e-01  -1.3230991e-01   2.0777907e-01   3.0069355e-01   9.8679507e-02  -1.3918993e-01   5.6702644e-02  -7.5104574e-03   8.1946802e-02   1.0328632e-01  -1.0195090e-01  -2.9952788e-01  -3.1273573e-01  -1.7145604e-01   1.6755242e-01  -1.8531552e-01   2.9042246e-02   9.5075409e-02   2.8052816e-01  -1.5805770e-01   4.2919972e-02  -5.4575103e-04   1.9522436e-01  -1.9566608e-01  -7.6670264e-02   2.0364931e-01   3.2759552e-01  -1.2225658e-01   2.0291253e-01   2.8293503e-01  -1.6749957e-01  -2.5508942e-01   2.5304942e-01   4.4863509e-02  -2.5250439e-01   9.2250900e-02  -3.1055743e-01   5.7865646e-01   2.5473396e-01  -3.7842146e-01  -1.3005944e-01  -1.1951682e-01  -2.3993682e-01  -2.3993080e-01   8.6259637e-02  -2.5445458e-02  -2.5916035e-01   4.5903858e-02  -3.2896871e-02   2.2299850e-01  -1.7672606e-01   4.5175547e-01   6.0026593e-02  -3.2933590e-01  -2.4816898e-02   1.2330772e-01  -1.2855338e-01  -2.3980744e-01   2.9993871e-01  -1.4594206e-01   3.3635743e-01  -2.4436471e-01   2.4594300e-01   2.7823591e-02   2.1397325e-01   5.8115384e-02   3.5016257e-01  -2.3154225e-01   1.3530460e-01  -2.6431653e-01  -9.6375808e-02  -1.9821825e-01  -1.9705455e-01   7.8048129e-02  -1.6516162e-02  -9.4920657e-02   1.9918932e-01   2.4553231e-01  -8.0121219e-03   2.2213547e-01  -3.2869806e-01   3.7737953e-01  -3.1729253e-01   1.2636314e-01  -1.7138752e-01
  -1.8567600e-02  -3.2595746e-01  -5.1678301e-02   0.0000000e+00  -1.5147297e-01   2.5386775e-01  -2.4072468e-01   2.4384428e-01  -1.6464861e-01  -5.1410514e-01   2.0023738e-01  -8.5959510e-02   7.3307829e-02   4.6076282e-01  -2.3414916e-01   1.5420579e-01   7.2571906e-02   2.7139312e-01   1.2778352e-01   6.6852449e-02   7.8851290e-02   6.2996981e-01  -3.9360844e-01   8.3326238e-02   1.8283833e-01   2.5529582e-01  -1.4767014e-02   1.2164947e-01   1.1993669e-01   5.2219392e-01  -1.0221775e-01   6.9889607e-01   2.9651590e-01  -5.3480277e-01  -3.2106150e-01  -1.2932771e-01  -1.5373326e-02  -1.0319062e-01   2.8941969e-01  -2.5257027e-01   3.8673506e-02   1.4537663e-01  -8.9414701e-02   4.3604148e-01   4.3613588e-02  -4.5977925e-02   4.2172383e-01  -1.9279580e-01   3.3615883e-01  -4.5332405e-01   2.1281885e-01   1.8721852e-01  -3.9888628e-01  -5.3108386e-02   2.7870201e-02   4.9304450e-02   1.4562766e-01   5.2366927e-01   5.3499376e-01   2.1316924e-01   5.4688742e-02   2.1312530e-01  -3.3093924e-02  -2.7515216e-01  -7.6638204e-02  -4.6658550e-01   1.6424009e-01  -1.6345305e-01   6.6671793e-01  -1.2639375e-01  -4.2321150e-01   4.0839517e-01  -7.7903379e-02  -2.0239228e-01   2.8441171e-01   3.4194670e-01   2.5803554e-02   4.8177837e-01  -1.0470290e-01   4.7215442e-01  -1.9826909e-02   2.4447544e-02  -1.2131089e-01   1.9367854e-01  -2.1068821e-02   1.3509192e-01  -4.1135730e-01   1.7378387e-01  -1.3958425e-01  -1.1975976e-01  -2.5001732e-01   4.8550202e-02  -4.0031519e-01   1.1015883e-01  -1.1830750e-01   8.4831602e-02   4.7247480e-01   2.8391537e-01   4.3116957e-02  -4.3817511e-01  -2.3479879e-01  -2.2530642e-01   5.0193914e-01   1.1382243e-01   2.7248572e-01   6.9698606e-01  -1.2495580e-01   4.6380793e-01  -4.7383337e-01  -7.6145775e-02  -5.5309754e-01   5.2100666e-01   4.6852475e-01  -1.9956198e-01  -3.2626528e-01  -1.0722740e-01   1.3514600e-01  -5.0715578e-02   9.1406868e-02   7.4172379e-01  -7.7960429e-02  -2.8658395e-01  -7.8629054e-02   2.5583225e-01  -1.0224978e-01   1.6245988e-01   2.0200498e-01   1.9397831e-01   6.6914087e-01  -1.8450146e-01   2.1078887e-01  -3.8803631e-01  -2.4766626e-01  -1.3875845e-01   3.7968882e-01   4.2263017e-01   3.5629234e-01   1.1561829e-01   3.8225276e-01  -7.9215132e-03  -9.6559702e-03   2.7820431e-01   2.5398408e-01  -2.4978117e-01  -1.7529229e-01   9.9070371e-02  -5.5550283e-01  -2.0694897e-01  -9.7036980e-02  -2.3540988e-01  -3.2682214e-01   3.0570947e-01   5.9971537e-02  -1.2845391e-01  -3.0528107e-01  -1.4838536e-01  -1.2208400e-03   4.1723351e-01   9.5216527e-02   4.5027975e-01  -1.8615004e-01   4.3614005e-01  -3.4111133e-01   3.3016792e-01   5.2883303e-01  -2.5147986e-01  -3.3385354e-01   1.9241241e-01   9.3047529e-02  -3.5799075e-01  -2.6249883e-01  -9.1216305e-03  -7.4488292e-02  -6.2439865e-02   2.1074649e-01   1.3283809e-01   4.7557780e-01
  -3.0654964e-02   3.7986962e-01   1.9082218e-01  -1.5147297e-01   0.0000000e+00   2.7582669e-01  -1.4804235e-01  -2.1954609e-01   1.1763942e-01   1.3462257e-01  -4.1332961e-01   4.9673530e-01   3.5236020e-01  -4.1208096e-01  -3.5827288e-01  -3.3199461e-01   1.2430147e-01  -1.4885154e-01  -2.3089159e-01   6.8135391e-01   7.9879429e-02  -2.6515434e-01   7.2427980e-02  -2.0547017e-01   8.2976691e-02  -6.2239490e-02   6.2463003e-01  -4.5364167e-01   7.2668555e-02  -2.4800022e-01  -3.2304552e-01  -3.3247721e-01  -2.8394794e-01  -5.4512958e-02   1.0878401e-01   6.9802720e-01  -1.2141424e-01  -9.4636278e-02  -2.7353041e-01   3.6389803e-01   1.5270905e-01  -5.6758205e-02   2.1132662e-01  -3.2861848e-01   1.7471341e-01  -2.3997067e-01  -2.3127853e-02  -3.1220734e-01   3.1145809e-01   2.8207571e-01  -9.8787391e-02  -1.6216732e-01   3.3449605e-01   1.6393139e-01  -2.6170822e-01  -1.8504468e-01  -4.4060661e-01  -1.6315479e-01  -2.0365292e-01   2.2958497e-02  -2.4783933e-01   2.2610140e-01   1.6717227e-01  -3.1753599e-02  -2.1523729e-01   4.5960239e-01   3.2085064e-01   2.2831467e-01  -1.1920454e-01   1.4073675e-01   2.3196470e-01   3.0597770e-02  -1.1192372e-01  -1.3207700e-01   4.8605195e-03  -1.6046197e-01  -3.3490671e-01  -2.8894792e-01   6.4688259e-01   1.5248993e-02  -3.3226679e-01  -3.7276817e-02   4.2182645e-02  -1.2661738e-01  -2.4422418e-01  -4.7960234e-01   4.6574722e-03  -3.6500992e-01   1.0685087e-01  -2.3733979e-01   6.2073279e-01  -2.5558582e-01   4.0760660e-01   2.0855164e-01  -1.1537659e-01   7.4028901e-01   1.4969735e-01  -1.0453227e-01   5.5072345e-01   1.8615191e-01  -3.6644836e-01   2.8216041e-02  -3.6195209e-01  -2.3136039e-01  -2.9100630e-01  -3.3240624e-01   2.0789337e-01  -6.4908399e-02   1.2891958e-01   4.1355389e-01   9.0924350e-02  -3.3824629e-01   1.5830232e-01  -1.5214270e-01  -2.5775639e-01   4.8841373e-01  -2.0286266e-01   2.7417789e-02  -2.8649302e-01  -2.5604336e-01  -3.4830463e-01   7.5382439e-01   1.5793638e-01  -3.4900737e-01  -1.4807724e-01  -1.4398647e-01  -1.0952284e-01   3.4102494e-01  -1.5845928e-01   3.1821737e-01  -9.9235253e-02  -1.6633740e-01  -1.1568574e-01  -3.2257333e-01   1.7693864e-02  -3.4765739e-01   5.7825584e-02  -4.4012883e-01  -2.6802388e-01  -1.0639435e-01  -2.8911605e-01   6.3668694e-02  -3.3153772e-01   5.5838227e-02  -2.8774417e-01  -3.6887753e-01   1.4804969e-01   5.4073215e-01   1.6380062e-01   8.9848478e-02  -3.1392416e-01  -4.1315295e-01  -2.8697662e-01   1.9299794e-02   6.1170967e-01  -5.3242234e-02  -3.1952813e-01  -1.8904187e-01  -2.9242226e-01  -3.5304086e-01   3.9067920e-01  -3.2490052e-01   4.7660895e-01  -2.5563832e-02  -1.5819043e-01   2.7472221e-01   3.7186626e-01  -3.8552646e-01  -2.5705558e-01   4.1645452e-01   4.9494099e-01  -2.7296295e-01   2.5722684e-01   2.5033694e-01  -2.9466762e-01  -1.1704388e-01  -1.9230309e-01
   9.0266002e-02  -1.2639085e-01  -1.0358319e-01   2.5386775e-01   2.7582669e-01   0.0000000e+00   3.8530775e-03   9.6053656e-02  -1.2955586e-01  -3.3097227e-01   1.3327452e-01   2.3711644e-01  -6.8693775e-02   3.4703176e-02  -4.7228577e-01   3.5569500e-04  -1.7624187e-01   2.3074719e-01   3.9452742e-02   3.1586131e-01   2.5720059e-01   3.1369381e-01   7.0139918e-02  -1.3109955e-01   1.5391646e-01   1.0299682e-01   3.5430349e-01  -9.1574059e-03  -1.2416212e-01   3.0182397e-01  -5.0431791e-01   2.2065325e-01   2.3030363e-03  -1.8240401e-01  -1.7063120e-01   1.8209793e-01  -4.1883739e-02  -1.1950648e-01  -1.0797000e-01   2.4772246e-03  -3.2205246e-02   1.1998063e-01   3.4351268e-01   1.9622098e-01  -2.9175475e-02   2.9243052e-02   5.7333271e-01  -2.4083296e-01   3.1630040e-01  -2.1082718e-01   2.6876685e-01   8.3085934e-02  -2.0448816e-01   1.5218035e-01  -9.6574158e-02   9.7818785e-02  -2.0664532e-02   2.5010493e-01   1.5945619e-01   1.5521971e-01  -8.0898694e-02   3.9225792e-02   1.1651859e-01  -4.3693915e-01  -4.0180884e-01   1.1063186e-01   5.8246454e-01  -5.1635628e-02   4.4287119e-01   2.0290171e-01  -3.9650406e-01   3.1806452e-01  -2.9132195e-01  -1.2296143e-01   2.2222601e-01   1.7512228e-01  -1.5450103e-01  -6.0785966e-03   1.2851710e-01   7.1932021e-02  -3.7854389e-01  -9.2468049e-02   1.1249736e-02   6.5947275e-02  -1.2750873e-01  -1.7823473e-01  -2.9118602e-01  -5.0519130e-02   3.9207910e-03  -1.9538166e-01   2.6267550e-02  -1.4369405e-04  -3.9012295e-02   1.8104320e-01  -5.1362354e-02   2.8186166e-01   3.0297435e-01   3.6271406e-01   9.7057202e-02  -3.8980782e-01  -4.5914150e-01   6.0544446e-02  -4.3571279e-02   4.9657951e-02   2.6635574e-01   1.5674933e-01  -9.4444830e-03   3.7695469e-01  -1.6092522e-01   4.3004486e-01  -1.0022408e-01   2.5015729e-01   4.3253907e-01  -1.5094582e-01  -1.9347539e-01  -3.6528557e-02   8.8978729e-02  -2.4730935e-01  -5.2817181e-02   2.2546505e-01  -1.9443727e-01   2.2074070e-01   2.0403599e-01  -1.1915608e-01   7.0245205e-05   3.5236854e-01   2.4745917e-01   3.0673383e-01   3.9027161e-01   4.6309742e-03  -2.7958131e-01  -2.4022589e-01  -2.2117709e-01  -2.2194225e-01   3.5510360e-01   6.7208878e-02   2.5187728e-01  -3.6199838e-01   1.7983891e-01  -1.6285870e-02  -2.6613891e-01  -1.0378856e-02   2.1834093e-01   8.4347361e-02  -3.5915645e-01  -4.2515468e-01  -3.0254659e-01   2.8656272e-01   4.5966608e-01  -3.3249422e-01  -4.4639105e-01  -3.7565785e-01  -1.2973363e-01  -8.8385341e-02  -1.1733584e-01   5.1042644e-02  -1.6106797e-01   5.0391704e-02  -1.7663839e-01  -1.4640242e-01   4.7541908e-02   3.3980630e-01  -2.1306738e-01   1.8801059e-01   1.4920097e-01   7.5694552e-03   1.6938851e-01   4.7955085e-02  -1.0778698e-01  -2.5149552e-02   2.0639600e-01  -1.3010969e-01   1.3433040e-02   3.6393874e-01   2.0706011e-01   1.7249103e-01   7.5398882e-02
  -1.3065300e-01   9.5874060e-02  -2.0115694e-01  -2.4072468e-01  -1.4804235e-01   3.8530775e-03   0.0000000e+00  -2.2706840e-01  -2.2647618e-01   1.8646875e-01   2.4563333e-01  -9.9156765e-06   4.3518015e-02  -6.3737250e-03   3.5474170e-01   1.1258133e-01  -3.8395814e-01   8.9285925e-02  -2.3043468e-01  -1.1544314e-01   3.6428329e-01  -1.6285358e-01   7.4118016e-01  -2.3480333e-02  -1.4597455e-01  -3.7048445e-01   7.0379001e-02   1.2854207e-01  -1.9630718e-01   6.4463497e-02   2.0104531e-01  -8.5183292e-02  -2.2601977e-01   6.0888868e-01  -4.1905954e-02  -1.1372954e-03   2.9131597e-01  -1.7331009e-01   2.9902161e-02   2.4245983e-01   1.2247636e-02   7.4887136e-02  -1.7551265e-01   6.7628512e-02   6.6789554e-02  -2.2030706e-01   6.2137554e-02   5.9974693e-01  -1.2102356e-01   1.6421009e-01   3.3549394e-01  -3.8574317e-01   8.7614090e-02   1.0925365e-01  -7.9531686e-03   3.9134915e-01  -7.8823111e-02  -3.4349159e-01   3.9519033e-03  -4.2196734e-01  -2.4298709e-01   1.6434679e-01  -2.0559952e-01   9.3839440e-03   1.9968322e-01   2.4220511e-01  -6.9065191e-02  -1.0860192e-01  -1.9972455e-01  -1.1197520e-01   1.8396408e-01   1.5367596e-01   5.6039420e-03  -2.2568546e-02  -1.9262159e-01  -2.7210726e-01  -1.9230304e-01  -6.6690328e-02  -3.2179410e-01  -2.1663208e-01   4.2500452e-01   3.7819279e-02   1.6560477e-01  -2.9992812e-01  -2.8794320e-02   5.0987590e-01   1.2928107e-01   4.3861829e-02  -3.2164060e-01  -6.7739407e-02  -8.7809150e-02  -1.5006266e-01   2.8589829e-03  -4.9487855e-01  -1.8536105e-01  -2.4811532e-01  -1.7489659e-01  -1.3654514e-01  -2.2772159e-01   1.8055338e-01   1.6951730e-01   1.4167815e-01  -1.3752143e-01  -2.3114533e-01   4.3103032e-01  -2.9457860e-01   1.5120015e-02  -3.3641217e-01   3.7656337e-01   8.2373480e-02   2.5687652e-01  -6.6476095e-02  -2.8877835e-01  -1.4879366e-01   5.9335458e-01  -2.5287449e-01   8.0837795e-02   1.4804373e-02   1.1913887e-01  -1.7312801e-01  -1.7536093e-01   1.1562501e-03  -2.0332658e-01   1.8500185e-01  -3.1124068e-01   2.1119952e-02   3.4767480e-01  -7.4863785e-02  -2.7126645e-01  -2.7585227e-01   1.2710070e-02   5.5038545e-01  -1.6715423e-01   5.5491377e-01  -3.3091551e-01  -2.5279892e-01   2.8127320e-02   2.7749115e-01  -2.6834670e-01  -4.4093450e-03  -2.2217997e-02  -2.7143882e-01   9.3779593e-02   1.3924943e-01   3.4749280e-01   1.4488317e-01   5.9197593e-01  -4.2918275e-02   4.2010516e-01   2.7464630e-01   2.3404719e-01   1.3893855e-01  -3.5996266e-02  -8.7643309e-02  -2.3908565e-01  -1.4863521e-01  -2.5762015e-01   4.4150570e-02  -2.6932894e-01  -8.6962892e-02  -6.8454162e-02  -6.7663489e-02   3.9831411e-02  -5.7333770e-02  -4.4469001e-01  -1.3244505e-02   1.8407887e-01  -2.8549664e-02  -2.0140670e-01  -1.2746525e-01  -1.8553007e-02  -2.0505322e-01  -1.7067145e-01  -1.6297485e-01  -5.8600188e-02  -8.4676512e-02  -4.0123756e-01
  -2.0687112e-01  -7.2966879e-02  -2.1696215e-01   2.4384428e-01  -2.1954609e-01   9.6053656e-02  -2.2706840e-01   0.0000000e+00   3.4499341e-01  -3.9250311e-02   1.6886743e-01  -1.8738299e-01   3.8387371e-02  -1.1111331e-01  -3.1493695e-01   2.5433476e-01  -4.2269615e-02  -1.1435709e-01   1.9851334e-01  -1.6962449e-01   4.0229089e-02   4.7889879e-01  -8.3409032e-02  -2.4868738e-01  -1.0276159e-01   3.4938961e-01  -1.8116399e-01   7.4417957e-02   1.2321690e-01   7.6278423e-02  -1.4352674e-01   1.2740685e-01   4.0986994e-01   4.6538578e-03   6.6113582e-02  -1.8088675e-01  -1.6690855e-01  -8.4734946e-03   9.9491056e-02  -2.2292870e-01  -1.3228894e-01   9.6802998e-02   3.2499849e-01   1.0812601e-01  -2.6600530e-03   3.2862376e-02   1.1601523e-01  -3.5582016e-01  -5.6355300e-02  -1.7155158e-01   3.0741152e-02   6.7069513e-01   7.2457434e-03  -3.4625942e-01  -1.5619476e-01  -1.4921730e-01   1.3886373e-01   5.3972197e-01   5.3419376e-03   3.7900066e-01   1.6396015e-02  -1.7118609e-02   1.1445708e-01   4.7521510e-02   3.3663153e-02  -5.1565729e-02  -8.1019047e-02  -1.1283314e-01   2.9757809e-01  -2.4696355e-01  -1.4002965e-01  -8.1052097e-02  -3.7372839e-02  -2.1879507e-01   1.2695794e-01   6.0714186e-01  -1.9950329e-02   2.5566377e-01  -7.2171528e-02  -7.1322284e-02   6.2316815e-02  -3.3303619e-02  -1.4181799e-01   3.8510210e-01  -3.7298977e-01   1.2222525e-01   7.7819454e-02  -2.8813580e-01   1.1616802e-01  -1.3601425e-01   2.4533712e-02   2.1860372e-02  -6.5453803e-02   3.8817091e-01  -1.2606801e-01  -1.8591239e-01  -7.7324234e-02   2.6030476e-01  -2.5911783e-01  -1.5885612e-01  -2.6133282e-01  -1.8849647e-01   2.7204127e-01   2.2156642e-01   1.7647492e-01   3.6498641e-01  -8.9372068e-02   6.0409076e-01  -2.0846316e-01  -1.0975467e-01  -5.8672684e-02   2.7535374e-01   5.5844061e-02   2.3786324e-04  -3.4635821e-01   1.8802930e-01   1.0662796e-01  -4.4329225e-02  -2.8267932e-01   3.0409754e-01   7.6724451e-02  -1.2229641e-01  -6.1876291e-02  -1.2656877e-01   1.4967676e-01  -6.7388055e-02  -5.7277932e-02   2.5217279e-02   4.3023058e-01  -1.4145320e-01   5.5312140e-02  -1.8702532e-01   1.3403914e-01  -1.1423025e-01   5.9523920e-01   6.0952067e-01   4.9604855e-02  -1.8670753e-01   5.8065992e-01  -2.4284890e-02   4.7859223e-02   1.3807782e-01   3.8978927e-01  -3.8253851e-01  -2.3131695e-01  -7.5247151e-02  -2.6542783e-01  -5.4409225e-02  -2.1204690e-02  -9.9934618e-02  -3.7520080e-01   1.2218947e-01  -1.5648325e-01   1.3632841e-01  -1.3986336e-02  -3.9206362e-02   4.6005240e-02   3.6125242e-03   2.3746473e-01   5.0073525e-01  -1.0101859e-01   4.3089908e-01  -1.0171266e-02  -1.0468555e-01   3.8804136e-01   4.2227220e-02   4.8996982e-02   5.6284152e-02  -1.3151615e-01   2.7416204e-02  -1.1429424e-01  -9.8039655e-03   1.7700191e-01  -1.5908770e-01   2.3051015e-01  -4.1010257e-03   4.2569493e-01
  -8.5932082e-02   4.6495940e-01  -2.8046954e-01  -1.6464861e-01   1.1763942e-01  -1.2955586e-01  -2.2647618e-01   3.4499341e-01   0.0000000e+00   1.5727440e-01  -1.9971309e-01  -1.7038275e-01  -3.9799910e-02  -3.1188472e-01  -2.3895542e-01  -1.4185506e-01  -9.3616268e-02  -2.2266367e-01   9.9274967e-02  -1.5834980e-01  -1.5072150e-01   1.2563129e-01  -1.0799595e-01  -3.0777028e-01  -1.1142594e-01   4.8440467e-01   4.7041643e-03  -1.6307205e-01   3.2123228e-02  -1.4007382e-01   4.1098531e-02  -1.3336214e-01   1.4925178e-02   7.9810836e-02   3.3697328e-01  -3.2329172e-02  -2.1044834e-01  -1.6063650e-01  -9.6936223e-02   5.8697140e-03  -2.7707085e-01  -2.5093754e-01   3.7685788e-01  -2.8235327e-01   1.3321358e-01  -8.1367524e-02  -2.3804285e-01  -1.4526221e-01  -9.2501351e-02   1.1117778e-01  -2.8410096e-01   5.2696981e-01   3.9323858e-01  -1.4322592e-01  -9.4013684e-02  -3.5735211e-01   2.5018904e-02   3.0900817e-01  -1.9884838e-01   3.5955685e-01  -1.5785687e-01  -8.7819557e-02   4.4416608e-01   3.3119087e-01   2.9249338e-01   1.1045624e-02  -2.3948142e-01   2.1121818e-01  -4.0134843e-02  -3.4480740e-01   3.4669150e-01  -1.9737717e-01  -1.0230276e-01  -9.5949972e-02   1.3718585e-01   1.8216903e-01  -2.7493136e-01  -7.0370891e-02   2.8254928e-01  -1.9839265e-01   1.9681724e-02  -1.8704368e-01  -8.5370215e-02   2.1726775e-01  -2.3145796e-01  -1.7072185e-01   5.8595034e-01  -2.3486009e-01   2.2058222e-01  -8.5253322e-02   3.9483259e-01  -2.7943517e-01  -5.2673302e-02   5.7930291e-01  -2.1506037e-01  -5.2726650e-02  -2.7933798e-01   1.6522788e-01   8.9904463e-02   3.2588588e-01   6.0077795e-04  -1.7030521e-02  -1.0071967e-01   3.9303146e-01  -2.2652994e-01  -3.7997572e-02   1.5318590e-01   1.7319393e-01   2.4799929e-02  -9.2220574e-02   3.2839082e-03  -9.8792974e-02  -8.3610790e-02   1.3424561e-02  -3.2035516e-01   4.9376325e-01  -7.7930773e-02  -1.4407846e-01  -4.2566527e-01  -1.1915142e-01  -1.9305044e-01   6.3611954e-02   2.0637936e-01  -1.5009683e-01  -5.3362328e-02  -1.6443163e-01  -2.8723320e-01   5.3762687e-02   1.2505461e-01  -4.7037154e-02  -1.9580744e-01   7.3165179e-02   5.2358308e-01  -9.2864107e-02   4.2682803e-01   1.5667089e-01  -2.2925913e-01  -2.1957002e-01   3.2633822e-01  -8.4114191e-02   1.5552707e-01   2.1224382e-02   7.8787907e-02  -4.1017011e-01  -1.6884288e-01   1.3805414e-01  -3.1766858e-02   7.0477542e-02  -2.1516816e-01   2.8590778e-01  -1.6214579e-01  -5.1170985e-02  -3.5948986e-01   2.5036364e-01   3.0685121e-01  -3.6762080e-04  -3.7261412e-02  -2.7683884e-01   1.4890589e-02   8.8253873e-02   6.5422334e-02   3.4138401e-02   3.8313346e-01  -2.6069704e-02   2.3962269e-01   1.2607739e-01   2.1368588e-02  -2.8143649e-01  -2.0452319e-01   2.2064676e-01   2.1747551e-01  -9.4018561e-02   4.4598258e-01  -3.0268081e-01   9.3000835e-02  -9.6964247e-02   3.9981361e-01
  -1.3867141e-01   2.6335147e-01   6.5646050e-02  -5.1410514e-01   1.3462257e-01  -3.3097227e-01   1.8646875e-01  -3.9250311e-02   1.5727440e-01   0.0000000e+00  -2.2315140e-01   1.7321284e-01   2.0924969e-01  -4.2161794e-01   4.0881898e-01  -1.9167723e-02  -7.2202870e-02  -4.4073278e-01  -1.1363856e-01   3.7881919e-02  -2.5252482e-01  -4.1587067e-01   3.5625097e-01  -1.0178791e-01  -2.7636684e-01  -2.1598822e-01   1.8158382e-01  -1.1002182e-01   2.4737837e-01  -4.1526906e-01   2.0088831e-01  -5.2541634e-01  -9.4916222e-02   6.0330908e-01   5.3651228e-01   2.1684260e-01   1.2921792e-01   9.6484835e-02  -7.7795456e-02   3.5700312e-01   4.8315230e-02  -5.8811614e-02   1.6058954e-01  -3.1242197e-01   3.3277796e-02  -1.8768485e-01  -4.6183206e-01   1.0897873e-01  -3.6478529e-01   3.0879445e-01  -2.9660192e-04  -6.6408252e-02   3.0741407e-01  -4.0893797e-02  -1.4924946e-01   3.3881279e-02  -8.2966808e-02  -3.6035973e-01  -4.2755066e-01  -8.8810494e-02  -2.6011621e-01  -7.8828980e-02  -1.2771334e-01   2.8459716e-01   4.0428350e-02   5.6459711e-01  -3.4521959e-01   2.2315928e-03  -5.8407416e-01  -4.9327670e-03   3.8362464e-01  -1.3761556e-01   1.4300118e-01  -5.8091552e-02  -2.7694956e-01  -2.1563366e-01  -1.4315287e-01  -1.7712150e-01   8.8368742e-02  -3.2712704e-01   1.6438706e-01   9.2165531e-02   3.4164844e-02  -2.2107321e-01  -1.4656425e-01  -3.7734522e-02   3.3862100e-01  -3.1723864e-01  -8.3731236e-02  -1.4839683e-02   1.2485989e-01  -2.1218273e-01   4.0672150e-01  -4.7622899e-02  -5.0725581e-02  -6.9489993e-02  -2.8890602e-01  -2.5424151e-01  -2.9905669e-02   6.4226016e-01   1.4978095e-01   1.2037706e-01  -5.1987135e-01  -1.3766745e-01  -1.9010697e-01  -5.2714842e-01   1.1970985e-01  -3.4801402e-01   4.9725560e-01  -7.6004046e-02   5.4619506e-01  -4.3210436e-01  -4.5671324e-01   8.7103670e-02   2.5367505e-01   2.2868940e-01  -1.4512024e-01   2.8728852e-01  -1.0649242e-01  -3.2599301e-01  -1.5478133e-01   2.2193424e-01  -1.3811557e-01  -1.3557281e-01  -6.7540970e-02  -3.2282042e-01  -1.9819737e-01  -1.1097099e-01  -4.4684917e-01   2.1948077e-01   5.6084055e-02   4.3794017e-01   2.6382103e-01   2.3614597e-01  -1.0459681e-01  -2.3793719e-01  -2.9681193e-01  -1.3805180e-01  -2.6053946e-01   1.8649430e-02   1.9062684e-02  -1.3681160e-01  -3.7492791e-01   1.9570222e-01   3.2888257e-01  -7.0829547e-02   6.2113577e-01   1.3432830e-01   1.2200611e-01   3.3873236e-01   2.9242245e-01  -2.4456160e-01  -1.4223567e-01  -2.9756828e-02   3.6400153e-01   6.8972760e-02  -1.7360528e-01  -1.7359173e-01  -1.5318313e-01  -1.3631264e-01   2.6902825e-01  -4.6154275e-01   4.2790627e-01  -3.4001651e-01  -1.4310295e-01   9.6004213e-02   3.6984106e-01  -3.0288749e-01  -1.7937244e-01   1.6427593e-01   2.4302957e-02  -1.2511851e-01  -7.1352807e-02  -4.2496475e-02  -3.4545598e-01   4.9164730e-02  -3.0235786e-01
  -1.9431595e-01  -2.5507825e-01  -2.9366394e-01   2.0023738e-01  -4.1332961e-01   1.3327452e-01   2.4563333e-01   1.6886743e-01  -1.9971309e-01  -2.2315140e-01   0.0000000e+00  -2.1552269e-01  -9.8938049e-02   2.0586547e-01   1.3806107e-01   3.6018949e-01  -3.5093103e-01   5.3091715e-01  -1.1955563e-01  -2.4948645e-01   1.0886933e-01   2.8998270e-01   1.2199615e-02  -1.2107763e-01   2.1741085e-01  -1.9586433e-02  -2.8606471e-01   1.4151734e-01   1.5477289e-02   2.4191058e-01  -4.6546056e-02   4.2248459e-01   4.7461194e-02  -1.0036049e-01  -1.1046966e-01  -1.3911589e-01  -4.4553001e-02  -7.1416593e-02   3.0371480e-01  -4.8411599e-01   4.2804300e-02   1.1300283e-01  -2.2189589e-01   3.3494114e-01   3.1174288e-02   1.3187450e-01   5.8790063e-01   7.8655371e-02  -5.2818919e-02  -5.0986655e-01   4.4842854e-01   4.4064620e-02  -4.6810791e-01  -1.3501320e-01   3.2431135e-03   3.4211146e-01   1.3199121e-01   1.3783383e-01   4.0939881e-01  -2.2689743e-02   1.6834835e-01  -8.6660680e-02  -1.4327264e-01   2.3553101e-02   1.1167699e-01  -2.3616287e-01  -5.1120404e-03  -3.9712204e-02   3.8860823e-01  -1.2712065e-01  -4.7910192e-01   4.8419013e-01   1.2907357e-02  -9.9887754e-02   3.0811605e-02   9.4741016e-02   1.5081397e-01   3.0909397e-01  -3.3289950e-01   2.1947967e-01   8.1470429e-02   1.2748507e-01  -1.8768148e-01  -6.8968229e-02   8.3202316e-03   4.4323891e-01  -4.9429246e-02  -3.7972783e-03  -2.5874182e-02  -5.4237129e-02  -3.2896777e-01   1.9378616e-01  -2.8250593e-01  -9.9726441e-02   7.0722569e-02  -3.6354991e-01   2.1801299e-01   6.3500391e-02  -2.9986253e-02  -3.5781020e-01  -1.0741752e-01  -7.3669605e-02   3.1482942e-01   2.1041345e-02   6.5617797e-01   3.1958778e-01  -3.9992095e-01   1.3381060e-01  -6.7978635e-03   3.1596423e-02  -2.1568529e-01   3.9557976e-01   2.8151799e-01  -6.8344612e-02   1.2446958e-02  -3.6247903e-01   1.5161356e-01   1.2485738e-02   5.2374994e-02   3.5157229e-01   5.5115210e-02  -2.7770559e-01  -2.2244559e-02   1.7493669e-01  -5.5625718e-03   3.3831171e-01   4.3282891e-01  -1.2533354e-01   3.8157449e-01  -4.1493895e-01   1.8210562e-01   9.3050143e-02  -1.2613113e-01   1.5342733e-01   8.2736282e-02   2.1747820e-01   1.0731532e-01   7.4987494e-02   5.7370293e-02  -7.9263284e-02   1.4657586e-02   3.8051899e-02   4.6786358e-01  -1.4264193e-01   7.3533750e-02   2.5513023e-01  -2.3507156e-01  -1.8789966e-01   3.5099130e-01  -3.0779075e-01  -1.1509032e-01   2.4342332e-01   2.3497246e-02   2.7764024e-01  -6.5525448e-01  -1.8226394e-01   1.1065223e-01   3.3585216e-01   1.5343149e-01   2.7867142e-01   4.4188296e-02   5.1192733e-01  -4.1027810e-01   5.0163199e-01   4.5007857e-02  -2.5105683e-01  -4.4864507e-02   1.2703060e-01  -1.7186316e-01  -5.3657658e-01  -1.4599448e-01  -1.7523975e-02   1.3127343e-01  -1.9582493e-01   2.4048667e-01   6.0098875e-02   9.3542335e-02
  -6.3064067e-02   3.7826726e-01   3.0442967e-01  -8.5959510e-02   4.9673530e-01   2.3711644e-01  -9.9156765e-06  -1.8738299e-01  -1.7038275e-01   1.7321284e-01  -2.1552269e-01   0.0000000e+00   2.0860553e-01  -3.8991097e-01  -2.1567411e-01  -2.5964712e-02   5.7597092e-02  -1.6479108e-01  -2.0455522e-01   5.0068809e-01  -1.0045147e-01  -2.7009738e-01  -1.2852010e-02  -1.5193768e-01   2.7163131e-03  -1.1393813e-01   4.1877522e-01  -1.5062922e-01   1.3816582e-01  -1.1416398e-01  -4.7747557e-01  -2.9643457e-01  -5.0417668e-02   1.4174574e-01   1.5936108e-01   3.9479370e-01   7.6217559e-02   3.0198261e-02  -2.0500135e-01   1.1358192e-01   8.0236575e-02   2.0718389e-01   2.1437105e-01  -1.6847480e-01   3.2827029e-01  -1.7275725e-01  -4.4217320e-02  -2.0993341e-01  -7.3638858e-02   1.8745129e-01   7.7556323e-02  -1.7395401e-01   1.5677178e-01   2.8153024e-02  -4.8868166e-01   1.2706705e-01  -4.1826092e-02  -1.9856220e-01  -2.3243697e-01   2.1127439e-01  -2.0589286e-01   5.7953782e-02  -6.4112081e-02  -1.0475939e-01  -2.5485027e-01   5.3455216e-01   1.9005942e-01   1.1685830e-01  -2.4847590e-01   2.6161769e-01  -2.7545370e-02   5.1179934e-02  -6.9504601e-02   4.4756093e-02   7.3211149e-02  -2.2286988e-01  -1.5592842e-01  -7.8197788e-02   4.5351281e-01  -2.1701998e-01  -2.2142393e-01   1.2832944e-02   4.6706815e-02  -2.3650088e-01  -1.2471118e-01  -3.3410918e-01  -2.0623910e-01  -2.7205128e-01   1.3251704e-01  -1.1116390e-01   3.9313388e-01  -4.2357754e-02   5.1429901e-01   2.9815689e-02  -1.3558709e-02   3.5104760e-01   2.3223544e-01  -6.7229384e-02   2.4390881e-01   2.7987304e-02  -3.1341151e-01   3.8407988e-01  -4.1240040e-01  -1.3490899e-01  -7.3743211e-02  -1.7598444e-01   1.2474008e-02  -1.3576757e-01  -4.4481222e-02   1.7063838e-01   2.5976732e-01  -2.1255399e-01   5.0772437e-02  -1.0271754e-02  -4.6772383e-02   1.1323758e-01  -3.5000906e-02   1.9587751e-01  -3.5655941e-02  -2.0572103e-01  -1.1777877e-01   4.6302556e-01   4.0169948e-02  -3.4645608e-01  -1.3332097e-01   1.9879764e-01  -6.3617852e-03   8.1186377e-02  -1.6080433e-01   1.6406300e-01   1.2628973e-02  -1.1777199e-01  -1.7691142e-01  -2.0596411e-01  -4.4694885e-02  -2.9764494e-01  -4.9193536e-02  -4.4730239e-01  -2.6234875e-01  -4.1908791e-03  -2.2907724e-01  -6.5307121e-02  -3.1300177e-01   3.7178019e-01  -1.8026734e-01  -4.2908326e-01   2.7188612e-01   1.6977251e-01   2.4068391e-01  -1.0234999e-01  -4.7193573e-02  -4.3510807e-01  -1.6022623e-02  -8.4897431e-02   3.2703298e-01  -9.6158248e-02  -1.4253591e-01  -1.1397514e-01  -1.5422828e-01  -3.3848752e-01   2.8156743e-01  -2.9785950e-01   8.4764946e-02  -1.2672331e-01  -1.2131523e-01   3.6978478e-01   3.2273103e-01  -2.0067019e-02  -1.6260624e-01   1.9276403e-01   5.5940713e-01  -6.7430041e-02   1.3870212e-01   3.4337764e-01  -2.3112265e-01   1.0558019e-02  -2.5746031e-01
   6.4347935e-02   1.6594427e-01   1.4556728e-01   7.3307829e-02   3.5236020e-01  -6.8693775e-02   4.3518015e-02   3.8387371e-02  -3.9799910e-02   2.0924969e-01  -9.8938049e-02   2.0860553e-01   0.0000000e+00  -2.0221106e-01  -5.8435208e-02   4.6812653e-02   4.8030088e-02  -2.3024852e-01  -8.1707401e-02   3.2181818e-01   1.2483214e-01  -1.4944064e-01   1.2263543e-01   4.3618480e-03  -1.9999821e-01  -1.3058683e-01   2.8504376e-01  -1.4078763e-01   5.3303478e-02  -2.1785443e-01  -8.6313684e-02  -2.1992733e-01  -3.7654770e-02   1.7278391e-01   1.3300711e-01   4.1195456e-01   6.0811642e-03  -1.1075771e-01   9.0523106e-02   2.3499850e-01   4.2045253e-01   1.0447611e-01   7.5971984e-02  -8.9616231e-02   1.3754641e-01  -2.1789663e-01  -4.0377783e-02  -1.6726052e-01   3.5446315e-02   1.0183671e-02   4.2032147e-02   9.3085181e-03   2.1477374e-01  -4.1400613e-02  -2.2640250e-01   8.3971428e-02  -2.1062729e-01  -7.4708230e-02   5.3249367e-02  -1.3104281e-01  -1.5076624e-01   2.9262922e-01  -3.3528232e-02   1.2199912e-01   7.2078004e-02   3.6690283e-01   8.1441062e-02  -2.4779919e-01  -8.0843935e-02  -5.7243393e-02   1.3913842e-01   9.9272890e-02   1.5188061e-01  -2.1709689e-01  -1.4391596e-02   7.0192539e-04  -1.5846863e-01   9.1343622e-02   2.1377661e-01  -9.2151148e-02  -5.6492637e-02   3.7901752e-01  -3.7331239e-02  -4.0915716e-02  -2.4091007e-01  -1.3214588e-01   3.9360370e-02  -3.3366325e-01  -9.0998761e-02  -9.3479159e-02   2.8234127e-01  -2.2006223e-01   2.3888917e-01   3.4415387e-02  -1.9662382e-01   2.9805999e-01   1.1317009e-01  -1.2320262e-02   1.0191530e-01   2.0596317e-01  -1.6349022e-01  -7.3857298e-04  -2.1584364e-01  -1.6177884e-01  -1.8652151e-01  -7.2873668e-02  -6.3080774e-02  -4.6027645e-02   2.0047126e-01   1.1861735e-01   1.4989962e-01  -2.5404654e-01   2.8833339e-02  -2.8383124e-01  -7.1813762e-03   2.6445556e-01  -1.0917011e-01   5.0319709e-01   3.0011083e-02  -3.9665180e-02  -2.0111817e-01   3.8448777e-01  -1.9115463e-01  -1.3110974e-01  -1.8262022e-01  -3.2210206e-01   5.4989987e-03   1.2386616e-01  -1.1242177e-01   1.4217260e-01   3.8778746e-01   2.0243415e-02  -7.1393945e-02   7.9968183e-03  -1.5971313e-02  -5.2528269e-02   1.4264201e-01  -2.1453943e-01  -1.4257439e-01  -1.7239214e-01  -2.9664100e-02   2.6797077e-01  -2.0483256e-01   5.4632662e-02   3.7330969e-02  -1.1633315e-01   2.9067685e-01   2.0171380e-01   1.4230550e-01   1.9647202e-01  -3.3686749e-02  -2.6215902e-02  -1.6767036e-01  -1.6659008e-03   3.2779024e-01  -1.1662613e-01  -1.9059566e-01   2.4492749e-01  -1.2726418e-01   3.1285746e-03   6.6205671e-02  -1.7812847e-01   1.8931507e-01  -1.1642951e-01  -4.4202739e-02   1.0451259e-01   2.4951258e-01  -2.2528100e-01  -1.9199022e-01   1.0532189e-01   4.8282763e-02  -2.1408633e-01   5.1778918e-02   6.9028388e-02  -2.0327517e-01   6.7654758e-02  -6.1500713e-02
   9.6584294e-02  -5.0620098e-01  -4.3191412e-02   4.6076282e-01  -4.1208096e-01   3.4703176e-02  -6.3737250e-03  -1.1111331e-01  -3.1188472e-01  -4.2161794e-01   2.0586547e-01  -3.8991097e-01  -2.0221106e-01   0.0000000e+00   3.0661334e-01   2.0911962e-01   1.5227961e-01   2.0763106e-01   2.9391824e-01  -2.4838146e-01  -4.0579916e-02   2.7205892e-01  -2.4439506e-01   3.9865331e-01   1.4426178e-01  -5.3278502e-02  -3.6717824e-01   3.2624968e-01  -2.2056670e-01   4.5128759e-01   3.4111061e-01   4.5126019e-01   2.0680736e-01  -2.8554938e-01  -3.8876250e-01  -5.1984410e-01   1.3656595e-01  -5.5085154e-02   2.8799826e-01  -2.0746337e-01   7.7016957e-02  -2.5373139e-02  -3.7138631e-01   4.8070618e-01  -4.9115245e-02   1.6944794e-01   1.3945214e-01   2.0259600e-01   3.5052024e-01  -2.4712979e-01   4.3221514e-02  -1.6959611e-01  -5.3137895e-01   1.8922895e-01   5.3912607e-01   1.9254924e-01   1.3616411e-01   1.6368552e-04   4.3227043e-01  -6.7527057e-02   1.0389394e-01   2.1592662e-01  -2.6201582e-01  -1.6503734e-01  -4.5896529e-02  -6.0954978e-01   7.3662584e-02  -2.7684990e-01   3.7174612e-01  -4.1372738e-02  -3.8517345e-01   1.4891626e-01   6.1140619e-02   1.6412680e-01   3.2942374e-01   1.1523247e-01   1.3228615e-01   3.2654514e-01  -3.5701252e-01   3.6017360e-01   1.9120702e-01   1.4545917e-01   1.1710224e-01   7.3885586e-02   3.8130499e-01   2.2439637e-01  -3.1400358e-01   5.8929195e-01  -2.9763381e-01   6.7192866e-02  -6.4766608e-01   6.8121566e-02  -4.8322486e-01  -2.2867132e-01   3.7207048e-02  -3.1358589e-01   2.2094788e-01   6.2346037e-02  -2.4117819e-01  -3.1789229e-01   2.8906177e-01  -1.4988397e-01   4.8261763e-01   1.2388972e-01   1.6722866e-01   2.9057024e-01   1.9804400e-02   2.2464885e-02  -1.6204788e-01  -1.7049559e-01  -3.6595596e-01   3.9379725e-01   8.6665890e-02  -1.1397321e-01   1.8807549e-01  -4.0034124e-01   3.3763463e-01  -1.3282462e-01   3.6188178e-01   4.0077833e-01   4.2065313e-02  -5.4276818e-01  -2.5402726e-01   5.1165423e-01  -5.4471791e-02   2.2838144e-01   1.7766551e-01  -2.2475708e-02   1.8996220e-01  -1.1735890e-01   2.4168521e-01  -3.3545699e-02  -1.0960775e-01   1.9508746e-01  -1.1695797e-01   1.8973743e-01   2.7943762e-01   5.7127327e-01   1.0668390e-01  -3.5464291e-02   1.2665840e-01   4.0900456e-02   2.2303716e-01  -8.6520666e-03   2.8843340e-01   3.0636895e-01  -3.8270089e-01  -3.3746709e-01  -2.8122564e-01  -2.2210402e-01   2.0608840e-01   4.0393223e-01   2.6416572e-01   6.8196902e-02  -4.5036766e-01  -6.0236133e-02   6.3628917e-02   3.6060547e-01   1.0357928e-01   1.9417658e-01  -3.3020593e-01   2.9540181e-01  -3.5855273e-01   1.6891438e-01  -1.5110467e-02  -2.5991293e-01  -5.0555283e-01   1.6978080e-01   2.9348519e-01  -4.4268439e-01  -4.4421475e-01  -2.4931954e-02  -4.3735364e-01  -2.6681857e-02   3.8503904e-01   8.3562172e-02   7.1480465e-02
