   0.0000000e+00  -2.3682590e-01   4.1084636e-01  -1.5598984e-01  -1.3976237e-01   1.1450120e-01  -3.4120317e-01  -2.9715043e-02  -1.6341339e-01  -3.4262325e-01   1.2023930e-02   8.0718108e-03   9.3922526e-02   2.6918235e-01  -1.9196824e-02   2.2867150e-01   1.7604502e-01   3.6174148e-02  -8.6573862e-02  -7.1155158e-03  -2.1331402e-01  -1.2657597e-01  -2.2160481e-02   6.0589159e-01   1.2431690e-02  -7.8194156e-02  -1.5936587e-01   2.5086599e-03   1.0291139e-01  -1.9284180e-01   1.5283283e-02   4.6658686e-02  -2.7806590e-01  -2.3770657e-01  -9.5830431e-02  -4.5888043e-02  -2.8548725e-01   5.2410487e-01   9.6022171e-03  -1.7330355e-01   6.0420155e-02   8.5604987e-02   1.0398427e-01   1.9178623e-01  -1.4164264e-01   5.7237187e-01   3.1497822e-02  -1.6325025e-01  -1.6852023e-01   2.2899751e-02  -4.4911050e-02   7.1285865e-02  -9.5883588e-02  -1.1568895e-01   1.2773868e-02   1.1003947e-01   2.7092803e-01  -1.4842572e-01  -1.7896334e-01   3.3169448e-01   4.8342866e-01  -1.2604304e-01   1.7007816e-01  -1.0801913e-01  -2.5475997e-01  -1.8057813e-01  -3.5225845e-02  -4.0044830e-02  -3.1702362e-01   5.2476771e-01  -4.0276529e-01   1.3616179e-01  -2.4084141e-01   3.2847046e-01  -1.2519194e-01   1.4034271e-01   6.3000001e-01  -6.1875032e-02  -3.0245392e-01  -2.1800578e-01   2.9231203e-02  -5.8194505e-02  -2.0394714e-01  -2.5920054e-01   3.2825315e-01   1.5235854e-01  -2.4269356e-01   4.8892768e-01  -1.0852702e-01   6.2025531e-01  -6.4170143e-02   4.5747597e-01  -1.5424174e-01   5.9172408e-03   5.8901934e-01  -3.4864181e-02  -2.6574370e-02  -1.7777007e-01  -2.0183851e-01  -2.8691795e-01  -2.0893118e-01   5.0670306e-01  -7.9475973e-02   1.1196509e-01  -3.9379975e-04  -3.6094208e-02  -6.4870508e-02  -3.7515793e-01   1.9125808e-01   3.6840721e-02  -3.8928518e-02  -1.0469063e-01   1.1108887e-01   6.5087183e-01   2.8736670e-01  -2.3544435e-01  -2.1395098e-01   4.2529207e-02   4.0171812e-01   1.5371961e-02   6.6818760e-01  -2.2748021e-01   2.1081408e-01   3.3871381e-02   5.8065474e-01   1.8266898e-01   5.3526299e-02  -3.7207971e-01   1.3935882e-02   1.3463906e-01   2.6288673e-01  -2.9375237e-01   3.3405122e-01  -1.5389926e-01   5.2279710e-02   3.8783916e-01  -4.0498396e-02  -1.3173805e-01  -9.2457946e-03  -1.0203299e-01   5.7159376e-01   1.8738264e-01  -1.3448223e-01  -4.7643329e-03  -2.6267028e-01  -9.9326518e-02  -5.7653247e-02  -2.2233734e-02  -7.8007425e-02  -2.5684256e-01   6.5809069e-01   1.1127341e-01   6.3906740e-01  -3.7438478e-02  -5.1205149e-02   4.6436649e-01   6.8297330e-01   1.5866548e-02   4.9435834e-01  -9.2103407e-02   2.6017785e-01  -6.5496077e-02  -2.4968165e-01  -1.1815299e-02  -8.9914599e-02  -2.8718519e-01  -1.3936556e-01   6.9084848e-02   6.5247487e-01   4.7229548e-02  -3.9356886e-01   6.2542945e-01  -1.9506195e-02   1.5203734e-02  -7.6499220e-02   7.2286861e-03  -1.4259342e-01
  -2.3682590e-01   0.0000000e+00  -3.3226708e-01  -8.8150497e-02   3.1352362e-01  -2.2628033e-01  -8.5653224e-02   1.4189811e-02   3.8695943e-01   9.5671903e-02  -4.8000520e-02   2.1775465e-01  -1.0782248e-01  -3.6733863e-01  -2.2465193e-01  -2.2039914e-01  -6.1856253e-02  -2.2116417e-01   1.8346643e-02  -2.3213874e-02   2.2356799e-01  -1.2894464e-01  -2.5094030e-01  -1.5713076e-01   1.2938174e-03   2.2366701e-02  -9.7773937e-02  -2.3987158e-01  -3.2046528e-01  -1.4038464e-01  -8.2886092e-02  -2.6812920e-01  -3.6366265e-02   1.3860618e-01   1.8442312e-01  -9.3829982e-02   2.6171280e-01  -2.3418991e-01   6.7020684e-02   1.9805780e-01  -3.0355533e-02  -1.6204593e-01   3.5078537e-02   1.0290938e-01   2.0141468e-01  -2.4400061e-01  -1.7834749e-01   2.9159420e-01  -4.3417148e-02  -4.2267870e-02  -2.6795251e-01   2.3714311e-02   4.0720086e-01  -2.1268989e-01  -1.2891823e-01  -1.7867766e-01  -6.5463997e-02  -7.9976413e-02   3.7563946e-02  -4.9401765e-02  -3.5382683e-01  -1.4986806e-02   3.5424573e-01   3.5958307e-01   5.3496210e-01  -1.1310813e-01  -6.5765086e-02   3.4699159e-01  -9.7004106e-02  -3.2954462e-01   5.2314068e-01  -3.6009709e-01   3.7371864e-01  -1.1395092e-01   2.3589367e-02   3.5937162e-02  -2.4773860e-01   1.2926460e-01   6.5192888e-01   1.9790916e-02  -2.9951669e-01   1.3005116e-01   3.1058290e-01   2.4428979e-01  -1.0404843e-01  -1.4223650e-01   4.6443839e-01  -3.3392756e-01   1.5546676e-01   9.9616395e-03   3.2746444e-01  -4.1446271e-01   6.4463078e-02   2.0706538e-01  -2.1818152e-01  -6.2604189e-02  -1.7730729e-01   1.2691639e-01   2.3993695e-01   2.5871196e-01   1.2023276e-01  -1.1332573e-01  -3.1414868e-01   1.5664544e-01  -2.6781798e-01  -1.1428097e-01  -2.7376810e-02   1.3829654e-01  -2.0990353e-01  -1.8844512e-01   1.6338040e-01  -1.1953224e-01  -1.2640993e-01  -1.2939350e-01  -3.3989352e-01   7.0950908e-01  -1.5235932e-01   8.9918131e-02  -2.0181466e-01  -4.1053725e-01  -2.4617484e-01   5.1797207e-01   1.0299281e-01   5.3105110e-01  -2.0162947e-01  -2.3903867e-01  -2.0236798e-02   2.0292115e-01  -1.4989621e-01  -1.9991105e-01  -1.9373868e-02   2.5958176e-01  -1.6070899e-01   4.4505872e-01  -1.8082258e-01  -6.6635820e-02  -5.8457572e-02  -1.4338418e-01  -3.5350697e-02   1.2061483e-01  -2.7352017e-01  -1.0486451e-03  -6.1046588e-02  -2.8996257e-01   2.1544050e-01   5.6686420e-02   1.5527240e-01   1.2214493e-01  -2.1188737e-01   4.5372361e-01  -2.8532491e-01  -2.7810008e-02  -1.8488704e-01   1.4076321e-01   2.2038566e-01  -2.8926725e-02  -2.7136483e-01   5.2026606e-02  -2.6052085e-01  -9.3982989e-02   3.1273004e-02  -6.7733499e-02   4.9399595e-01  -1.4273783e-01  -4.8930716e-03   2.7150693e-01   1.8119255e-01   1.4762888e-01  -1.9432130e-01   1.3403685e-01   6.0972042e-01  -2.6955514e-01  -3.6025965e-02  -2.3949245e-01  -3.7596364e-02   1.3677523e-02   1.0329055e-01
   4.1084636e-01  -3.3226708e-01   0.0000000e+00  -1.7679332e-01  -7.1128943e-02   3.3593226e-01  -1.9585315e-01  -1.0093567e-01  -2.8005753e-01  -3.0224984e-01  -2.9768119e-02   2.8529998e-01   1.5626799e-01   3.2998345e-01  -1.2551482e-01   2.5244936e-01   6.7540670e-01  -1.1806863e-01   3.0069924e-04   6.6152321e-02  -4.9191964e-01  -2.7789396e-01  -2.6711751e-01   4.3671411e-01   5.9683325e-02   4.6155147e-02   2.5868839e-01   1.3910636e-01  -2.1575229e-02  -1.3944288e-01  -2.1488953e-02  -5.2797854e-03   1.1491115e-01  -1.0133381e-01  -7.0160013e-02   1.7742955e-01  -1.9838056e-01   3.3458359e-01  -1.0703483e-01   1.5850898e-01   5.6652411e-02   2.9100002e-01   3.0786963e-02   9.5644385e-03  -2.6482375e-01   5.4342559e-01   1.2761233e-01  -3.3926546e-01  -1.2705960e-01   4.2280360e-01  -8.6078308e-02   8.1413468e-02  -2.0727424e-02   1.7940804e-01   1.1452078e-01   1.8235187e-01   1.8787485e-01  -2.7706325e-01  -1.9752067e-01   2.7658425e-02   6.1933232e-01  -1.4705246e-01   2.4937654e-01  -2.3638793e-01  -5.4899947e-01  -1.8240857e-01   3.0371189e-01  -1.3806771e-01  -1.2199081e-01   7.3660140e-01  -2.5387227e-01  -1.9902724e-02  -2.3043346e-01   2.3164555e-01   4.7578433e-02  -1.1649145e-01   4.7903262e-01  -6.7454717e-02  -2.5203270e-01  -1.4565378e-01  -6.3793203e-02  -1.8651389e-01  -1.5282079e-01  -1.1276162e-01   4.1746976e-01  -1.7867634e-01   8.2549177e-02   3.7161147e-01  -4.1694415e-02   3.5447666e-01  -1.2400418e-02   7.3176695e-01  -2.7940933e-02  -1.7998041e-01   4.4665092e-01  -1.0058843e-01   2.4254361e-01  -1.6407907e-01  -1.2326742e-01  -4.9087750e-01   4.0876225e-02   3.3207428e-01  -3.4816461e-02  -2.2878890e-02  -1.5414349e-01  -5.7890658e-02   3.1159867e-01  -2.4613296e-01  -1.0694881e-02  -5.3705261e-02   1.3952096e-01  -1.7753026e-01  -5.7797725e-02   3.8076710e-01   4.3761485e-01  -3.2270126e-01   1.9348529e-02   7.3746229e-02   2.4827885e-01  -1.3044214e-02   3.9492142e-01  -1.5019915e-01   1.9667514e-01  -2.4365635e-01   4.5105113e-01   1.5075325e-01  -2.5154522e-01   4.1242140e-02  -1.7420670e-01   5.1119188e-01   1.2749160e-01  -3.9457676e-01   1.7844752e-01  -4.5364274e-01  -5.4816478e-02   1.4620971e-01   7.5350040e-02  -3.0622691e-03  -1.5572554e-02  -3.2310694e-02   3.8231371e-01   5.2867594e-02  -3.4817810e-02   2.7144285e-01  -4.3576097e-01  -3.0143077e-01   2.6400443e-01  -6.3298657e-02  -1.2396556e-01  -5.4550653e-01   6.1382385e-01   3.8407226e-02   4.6067434e-01   1.2400993e-01   4.6134537e-01   2.1962277e-01   4.3242928e-01  -2.9402989e-03   6.8165587e-01   5.1831742e-02  -1.4712459e-01  -9.7959240e-02  -2.0347608e-01  -1.9708127e-01  -2.0717373e-01  -3.3963127e-01  -7.2902499e-02   1.8605380e-01   4.5398982e-01   5.5279355e-02  -3.1216299e-01   4.1834418e-01  -1.6269526e-01   2.5638618e-01  -1.7541571e-01   2.8008430e-01  -1.3490154e-01
  -1.5598984e-01  -8.8150497e-02  -1.7679332e-01   0.0000000e+00  -1.1139938e-01   1.6200438e-01  -2.3554164e-02   2.0187993e-01   6.1167000e-02   7.9768438e-02   5.5735726e-01  -4.0791228e-01   1.8198261e-01  -4.2772913e-02  -1.9380973e-01   1.6409219e-01  -2.7946394e-01   3.2283237e-01   9.6949996e-02   9.6646309e-02   5.1528932e-02   5.0951528e-01  -1.3975463e-01  -2.1096423e-01  -1.4239975e-01   1.8380647e-01  -5.7494209e-02   1.0187407e-01   2.5091634e-02   6.4671694e-01  -1.5667023e-01   5.2039408e-01   2.1845593e-01  -1.1425641e-01  -9.1136068e-02   1.7464791e-01  -2.6399184e-01  -8.7380543e-02   1.7945522e-01  -3.0513665e-01   2.3215614e-01  -4.5786772e-02   5.9865216e-02   1.0214689e-01  -1.9600965e-01  -8.4527408e-02   3.3494034e-01  -5.3209563e-02   1.2743975e-01  -1.9254841e-01   3.2967920e-01   1.3505119e-01  -1.7067938e-01  -4.5530841e-02  -7.2075667e-02  -3.5459802e-02   2.3048302e-01   4.4128306e-01   6.1243076e-01   2.2908406e-01   3.1711954e-02   6.4592267e-02  -1.8020870e-01  -2.5026842e-01  -1.1925352e-01   1.3210525e-02   1.7205067e-01   3.8338281e-02   4.1088607e-01  -1.4837553e-01  -2.5905461e-01   4.1767462e-01   2.6280702e-02   2.2319237e-02  -8.5700626e-02   2.1557855e-01  -6.5841287e-02   1.6662798e-01  -1.8688986e-01   2.5683840e-01   3.0658279e-02  -1.5059603e-01  -1.6218089e-01   5.1887773e-02  -1.9011166e-01   1.6621525e-01  -2.7226365e-01  -1.0048732e-01  -2.3183813e-01  -8.5511691e-02  -2.6709029e-01  -2.2868582e-02  -6.6513347e-02   1.7575798e-01  -1.3673719e-01   4.2373111e-03   6.0181014e-02   2.7595225e-01  -5.0314360e-02  -4.5346081e-02  -3.5691097e-01  -1.5072718e-01   3.5148709e-01   3.6889053e-01   4.8436001e-01   5.7267769e-01  -7.6404950e-02   5.0655962e-01   3.0857081e-01   4.3338102e-01  -2.9795223e-01   5.5289384e-01   2.9938177e-01  -7.5327556e-02  -2.9296787e-01  -1.4589386e-01   1.6372969e-01   9.9065686e-02  -1.5633211e-01   5.4305762e-01  -1.5454923e-01  -1.4365804e-01  -2.4018686e-01   1.0381566e-01  -1.1891499e-01  -6.9899451e-03  -5.8320383e-02   4.2147221e-02   6.4520226e-01  -3.3808634e-01   1.2469047e-01  -5.0277945e-02   3.0552699e-01  -1.1477290e-01   3.4739580e-01   8.2758954e-02   1.1914117e-01  -1.7237308e-01   3.1843542e-01  -8.2730667e-03  -1.9865618e-02   1.0183407e-02   6.5859843e-01   5.0298226e-02   7.2075590e-02   1.8537465e-01  -4.2083553e-01   1.0010219e-01   2.1672004e-01  -2.0863777e-01  -2.1138421e-01   1.0601446e-01  -5.7339269e-02  -1.4994677e-01  -2.0923785e-01  -1.2300643e-01  -1.2802701e-01   5.7073681e-01  -1.2606587e-01  -1.6246901e-03  -4.5517393e-02   4.9153753e-01  -1.1934606e-01   4.8068455e-01   5.1919488e-01  -1.7901092e-01  -4.8675779e-03   1.9997615e-02  -1.1598487e-01  -8.6355063e-02  -2.0177818e-01  -1.3896054e-01   2.7390380e-01   3.5582531e-01   3.7851497e-01  -1.4986697e-01   6.9193108e-01
  -1.3976237e-01   3.1352362e-01  -7.1128943e-02  -1.1139938e-01   0.0000000e+00   1.4555364e-01   1.5366452e-01  -1.6093407e-01   9.7356864e-02   2.0123110e-01  -5.5475000e-02   3.9034210e-02   1.2153337e-01  -4.0504392e-01  -1.6950128e-01  -1.7732510e-02   1.0274008e-01   2.3117570e-02   2.2425031e-01   4.8457498e-01   4.8445129e-02  -9.6948146e-02  -1.3312426e-01  -2.8919279e-01   1.0598106e-01  -6.2343279e-02   2.1419490e-01  -1.9693406e-01  -1.1843269e-01  -3.4183181e-02  -3.8540554e-01  -5.9611113e-02   1.0867928e-01   1.9462928e-01  -3.1439605e-02   3.1466800e-01   3.6507777e-01  -2.2625672e-01   2.5011260e-01   1.6445626e-01   2.5801483e-01  -1.4817741e-01  -6.8171896e-02  -1.2685002e-01   1.1650041e-01  -3.1025408e-01   7.5206679e-03  -1.0131985e-01  -5.3359622e-02   7.0955455e-02  -7.2655975e-02  -5.5706668e-02   3.1201631e-01  -1.6390425e-01  -2.4308764e-01  -3.1608224e-01  -1.8009036e-01  -1.4873256e-01   1.6685037e-01  -1.9530289e-01  -1.9520255e-01   7.3068767e-02   1.2576494e-01   2.2149828e-02   2.0207641e-01   1.9012897e-01   7.0973578e-02   1.3651474e-01   8.5544132e-02  -1.6728307e-01   3.1391957e-01  -1.7659707e-01   2.7499048e-01  -2.4871365e-01  -2.8703586e-02  -1.3458944e-01  -3.2533785e-01  -1.7855475e-01   5.3720161e-01   2.7085592e-01  -8.8575031e-02   1.4926564e-01   3.8126638e-02   1.3166482e-01  -2.4813300e-01  -7.2278046e-02   1.0078985e-01  -4.4324254e-01   6.5966341e-02  -2.8399582e-01   3.4455699e-01  -1.9432605e-01   5.8461640e-02   5.3294060e-02  -2.6325700e-01   3.1171410e-01   2.7640032e-01   1.2518023e-02   5.9808013e-01   2.5998310e-01  -1.1849908e-01  -2.3778094e-01  -3.2701413e-01  -2.0625077e-01  -2.7160241e-01  -8.1520997e-02  -1.7690300e-01   4.9250541e-02  -2.5474311e-01  -1.2163292e-01   4.4536914e-02  -1.0088035e-01  -6.3413053e-02  -3.1186254e-01  -4.1509772e-01   3.2236847e-01   5.8341698e-02   3.3252272e-01  -3.9280030e-01  -3.2826889e-01  -4.1511231e-01   5.3228560e-01  -8.6349469e-02   1.8921371e-01  -2.6032763e-01  -2.6575002e-01  -1.2827234e-01  -4.5861597e-02  -1.6509773e-01  -1.5529129e-01   1.9141098e-01   2.0295720e-01  -1.3584102e-01   5.0904462e-02  -2.6105706e-01  -1.8624113e-01  -1.7211063e-02  -3.5313431e-01  -6.4935910e-02   8.3603692e-02  -1.5805448e-01  -5.0638894e-02  -1.6688005e-01  -7.8247899e-02   6.2970147e-03  -2.1137618e-01   1.5224656e-01   2.0534587e-01  -3.4151767e-02   1.8414759e-01  -4.2116619e-01  -3.1975625e-01  -4.4118850e-01   1.1333178e-01   3.2926453e-01  -1.7441281e-01  -3.4743479e-01  -3.2199399e-02  -2.3262651e-01  -8.3924062e-02  -3.7602935e-02  -1.0104223e-01   3.1182320e-01  -7.7121007e-02  -6.8932687e-03   2.6558802e-01   7.6854890e-02  -1.6918811e-01  -4.1390337e-01   4.6575902e-02   3.3705902e-01  -3.5081641e-01   1.7212728e-01  -1.4662426e-01  -2.1637900e-01  -1.7369081e-03   4.7575897e-02
   1.1450120e-01  -2.2628033e-01   3.3593226e-01   1.6200438e-01   1.4555364e-01   0.0000000e+00   3.6408586e-01  -1.4763512e-01  -1.8644588e-01   2.7429004e-02   4.1854729e-01   7.3335949e-02   1.4507494e-01   1.9327068e-02   1.6387182e-02   4.1707019e-01   2.1765695e-01   9.8460485e-02   1.5942415e-01   9.6273709e-02  -1.4802751e-01  -8.0223264e-02  -1.0427629e-01  -1.6080916e-01  -5.9156546e-03  -1.6505428e-01   4.1535098e-01   1.7009651e-01  -8.1805834e-03   1.9631324e-01  -3.1612575e-01  -2.5018687e-02   1.6150686e-01   2.2581084e-01  -1.6826850e-01   5.0834078e-01  -1.8526805e-01  -5.3860023e-02   4.1424447e-01  -1.3661061e-03   2.8063219e-01  -4.8935235e-02  -2.3183424e-02   1.1285549e-01  -2.6170508e-01   4.3846926e-02   4.9202855e-01  -2.1104404e-01  -1.8225747e-01   1.9308081e-02   3.8358903e-01  -1.7117303e-01  -6.3420844e-02  -9.9610274e-03  -1.3697514e-01   3.0404563e-01   2.5623515e-01  -1.9467763e-01   1.4358719e-01   8.5596687e-02   1.6887370e-01   7.7817793e-02  -8.1503612e-02  -2.2656355e-01  -4.2182931e-01   4.5061618e-01   5.8307960e-01  -2.2605334e-01   2.7822867e-01   1.5329862e-01  -1.7746124e-01   2.5916112e-01   4.7761333e-02  -1.1056920e-01  -1.9684062e-01  -1.7471477e-01  -6.1296880e-03   6.7249972e-02  -8.0329927e-02   3.5106241e-02   5.7214894e-02   1.3639383e-01  -1.9462251e-01  -1.3605993e-01   3.6268973e-02  -1.3553012e-01  -2.2715869e-01  -7.1662652e-02  -3.4694191e-01  -2.0598382e-01  -2.6892571e-01   2.5810710e-01   4.1762606e-01   1.4058019e-01  -4.8119278e-02   4.4139920e-03   9.0197799e-02   5.6700555e-02   5.4116445e-02  -1.4502408e-01  -1.4993041e-01   1.9152706e-01   8.9972816e-04   3.7365447e-02   2.6051146e-01  -4.3964986e-02   1.1026430e-01   2.2274098e-01   6.2583223e-02   4.0222110e-01  -9.5150797e-02   2.0317965e-01  -2.5640388e-02  -2.4346469e-02   1.3284332e-01  -2.0282272e-01   8.4683722e-02   2.2982892e-01   5.8601141e-02   4.4030239e-03  -8.6451232e-02  -1.4053012e-01  -2.0752539e-01  -1.3206840e-01  -2.9197831e-02  -1.2894437e-01  -4.7779548e-02  -1.6736587e-01   7.5563132e-02   2.4564268e-01   1.3645639e-01   2.5874574e-01   2.0887963e-01  -3.1141448e-01  -2.2815081e-01  -7.3231865e-02  -1.2427130e-01  -6.4894698e-02  -4.1732957e-02   1.9315375e-01   4.0063573e-02  -1.0581078e-01   2.4008761e-01   4.5925200e-01   4.0747465e-02  -2.7190791e-01   4.8506734e-02   3.1119706e-01   3.6112293e-01  -4.7448620e-01  -3.0620103e-02  -2.6868402e-01   1.4985250e-03   5.3815214e-02   4.1819948e-01  -8.0274251e-02  -9.6462834e-02   2.5204720e-01   1.3606906e-01   1.0635252e-01  -4.6977570e-02   3.4785676e-01  -1.2981372e-01   1.2906628e-01   1.3610429e-01   1.0214040e-02   1.6203881e-01   4.7414414e-02   2.4189457e-02  -1.5253980e-01  -3.2350455e-01  -1.1704465e-01   3.3496489e-02   5.9829022e-01  -1.9774354e-01   1.3707611e-01   8.1622251e-02
  -3.4120317e-01  -8.5653224e-02  -1.9585315e-01  -2.3554164e-02   1.5366452e-01   3.6408586e-01   0.0000000e+00  -1.0893603e-01   4.0565620e-02   3.0986287e-01   8.3287633e-02   2.2523668e-01  -9.5839617e-02  -2.3339009e-01   4.2648464e-01   3.1155484e-01  -1.2722391e-01  -4.3558083e-02   9.8852458e-02   1.1183485e-01   2.3903801e-01   3.1217378e-02   4.4689641e-01  -4.0990290e-01  -1.5873522e-01  -2.5413113e-01   2.6577553e-01   4.9148663e-02   1.3418588e-01  -4.4542931e-02  -1.5506169e-01  -1.5851507e-01   7.9738586e-02   3.7415527e-01   9.3040592e-02   2.1327382e-01   2.5498579e-01  -3.3204381e-01   2.7117993e-01   1.0036742e-01  -6.5149046e-02  -2.1528258e-01  -2.0552425e-01  -1.3429630e-01   1.0905184e-01  -3.2728529e-01   1.7278363e-01   1.4857317e-01   3.1825495e-02  -6.8026763e-02   3.7278606e-01  -2.2231516e-01  -1.9928883e-01   1.3538011e-01  -8.1246065e-02   2.4228114e-01  -2.8201812e-01  -1.1649944e-01  -6.6694625e-02  -1.5914007e-01  -2.3823118e-01   3.6333656e-01  -1.5451634e-01  -5.2092378e-03  -5.7873834e-03   6.2716405e-01   1.5105579e-01  -1.3822849e-01   2.5844624e-01  -3.4175567e-01   1.7436713e-01   1.1983220e-01   1.3574579e-01  -2.6020837e-01  -1.3187728e-01  -8.8350540e-02  -3.7584445e-01  -1.7096316e-01  -8.7641551e-03   8.5574228e-02   3.8791365e-01   1.7760575e-01  -1.4820950e-01  -1.7662319e-01  -2.3807169e-01  -1.0754798e-02  -4.2552113e-02  -2.2975937e-01  -2.1510562e-01  -4.6972745e-01  -2.5244635e-01  -2.5788231e-01   4.5837253e-01  -7.8062921e-02  -3.4516964e-01   1.2075061e-01  -3.1582269e-02   7.2225521e-02   3.5471742e-02   3.8331984e-01   7.1797749e-02   1.7394237e-02   8.2115629e-02  -2.0048651e-01   2.5100464e-01  -1.5373200e-01   1.1872778e-02   2.6176626e-01   1.3453507e-01   9.3218324e-03   2.1472994e-02   5.7146074e-02  -1.1511855e-01  -3.1861092e-01   5.6592407e-02  -6.5583730e-02  -3.4478341e-02   1.4825145e-01  -2.3762278e-01  -7.8243567e-02  -4.3904724e-01  -8.9091030e-02  -2.2049442e-01  -1.3554264e-01  -3.2113111e-01  -6.5219032e-02   1.8372523e-01   2.7445655e-02   6.7050840e-02  -5.3985857e-02  -5.6949117e-02   5.7430651e-01  -1.8213049e-01   1.7908695e-02  -3.1113995e-01  -3.0599845e-01  -2.7157367e-01   1.6087983e-01  -2.1655383e-01   7.3116987e-02  -3.5373746e-01  -3.0877607e-01   8.6694646e-02   1.5878500e-01   4.8068869e-01  -7.6814389e-03   1.7200177e-01   1.1363283e-01   4.3511764e-01   2.6229104e-02  -3.7287487e-01  -2.3628775e-01  -3.8992034e-01  -1.9837696e-02  -3.6457913e-02  -3.1781600e-01  -4.2145318e-01  -1.1622193e-01  -3.9037601e-01   2.3466427e-01  -1.8979434e-01   1.7121142e-01   9.3943618e-02  -1.8889886e-03  -1.0555576e-01   3.5023136e-01   1.9807166e-01  -1.1949911e-01  -3.6565292e-01  -1.6331416e-01   2.8534753e-02  -4.8106109e-01  -9.9050326e-02   3.0918116e-02  -9.2835180e-02   2.9651007e-02  -5.6614971e-02
  -2.9715043e-02   1.4189811e-02  -1.0093567e-01   2.0187993e-01  -1.6093407e-01  -1.4763512e-01  -1.0893603e-01   0.0000000e+00  -1.8515821e-03  -2.0299072e-01   7.7210358e-02  -1.2306753e-01   1.2552001e-01   3.6520343e-02   3.5656170e-02   2.1169450e-01  -2.3721121e-01   5.5361561e-02  -1.0877947e-01   1.5731129e-02   1.3916622e-03   2.9625184e-01   2.5932067e-02  -1.8476803e-02  -3.8801405e-02   3.5851849e-01  -2.0280645e-01   1.6180888e-02   2.0575757e-02   2.5455962e-01   1.9371051e-02   1.7226406e-01   8.3324547e-04  -2.6431671e-01   1.2160752e-02   7.9779689e-02  -1.9375027e-01  -2.3431663e-02   1.3228984e-01  -2.6370541e-01   1.4040884e-01   5.8997251e-02   1.8809264e-01   2.6316017e-01  -1.9845332e-01  -6.1891396e-02   1.0374629e-01  -2.1778209e-02  -5.3377316e-02  -1.4743781e-02   6.7206988e-02   1.7992129e-01   6.3452387e-02  -1.3073707e-02   2.0062909e-01   1.1085744e-01   1.6386005e-01   1.7041500e-01   1.6936043e-01   4.9494176e-02   2.6532001e-02  -1.2952983e-01  -1.3112630e-01  -4.3479558e-02  -5.7759147e-02  -1.1783147e-01  -2.2151346e-01  -5.2220265e-02   2.0263484e-01   7.3585874e-03  -9.1573984e-02   5.3986418e-02  -8.5588100e-03   1.0642633e-01   8.4880758e-02   1.8260051e-01   6.4723655e-02  -7.0835113e-02  -5.2278481e-02   8.5456263e-03   5.1760484e-02  -3.3164153e-02   1.2391818e-01   2.4105267e-01  -1.9429573e-01   1.0555819e-01  -1.8312127e-01   1.1292604e-01   7.2047878e-03   5.1584270e-02   7.0082102e-02  -1.9901191e-02  -1.4207720e-01   1.3399832e-01  -4.9568966e-02   2.7551106e-02  -7.4105064e-02   2.7217003e-02  -1.1464871e-01  -3.1108267e-02  -1.4528734e-01   4.4501096e-02   2.5586653e-01   6.7635500e-03   1.1867244e-01   2.6106460e-01  -7.7592497e-02   2.3828369e-01   1.3638437e-01   1.5498604e-01  -9.6232691e-03   1.4425432e-01  -4.3664423e-02   4.1784800e-02  -3.1019530e-02   4.4068118e-02   4.4191784e-02   7.9104540e-03   5.4448814e-02   2.2152435e-01   3.9696485e-02  -1.1729075e-01   3.8337302e-03  -1.6550108e-02  -7.7099592e-02   1.4249271e-01  -8.7645903e-03  -4.7899180e-02   2.3931065e-01  -1.6881484e-01   1.6815582e-02  -1.3070182e-01   3.0897213e-02  -2.6116688e-02   2.3464384e-01   1.4902294e-01  -9.4306560e-02   2.9340042e-02   2.3988090e-01   2.1240970e-02   5.3869144e-02   3.6174097e-02   2.5234794e-01  -9.2324714e-03  -9.3798745e-03   8.0381815e-02  -2.4786616e-01   1.3891839e-01  -4.6807623e-02   2.3756849e-03  -2.7253229e-02   2.6372416e-01   9.1101909e-02   5.2530785e-02  -1.0920419e-01   1.4549231e-02   1.5633099e-02   3.0844130e-01  -3.6314645e-02   4.5327330e-02   1.4289966e-02   1.8796850e-01  -2.6238015e-02   1.4995808e-01   3.6428551e-01  -2.7253960e-01  -8.2788053e-02   1.2328131e-01   6.7509632e-02   1.2697204e-01  -4.3006857e-02  -7.9011846e-02  -4.7491075e-02   6.8492309e-02  -9.1712155e-04  -2.0592161e-01   1.4597919e-01
  -1.6341339e-01   3.8695943e-01  -2.8005753e-01   6.1167000e-02   9.7356864e-02  -1.8644588e-01   4.0565620e-02  -1.8515821e-03   0.0000000e+00   2.1652812e-01  -7.7571550e-02   1.2460953e-01  -3.4520275e-02  -2.1193606e-01  -8.6454776e-02  -1.0238306e-01  -2.1396292e-01  -1.1729450e-01   3.5562978e-02   7.6202283e-02   2.0803885e-01   1.1346961e-01  -7.6159968e-02  -2.0161161e-01  -4.0221638e-02   1.7477467e-01  -2.2159720e-01  -2.5743953e-01  -1.4239272e-01   2.4552073e-02  -6.4139229e-02  -1.0809037e-01  -5.4349503e-03   1.9516965e-01   2.5671402e-01  -1.8606333e-01   1.6483662e-01  -2.1124977e-01  -1.2024405e-03   9.4235609e-02  -1.0987043e-01  -1.8148667e-01   1.0509575e-01  -1.1179131e-01   3.1138999e-01  -2.4755108e-01  -2.4053546e-01   8.8116273e-02   3.0144438e-02  -7.0657182e-02  -5.3943243e-02  -5.9140522e-02   7.5470620e-02  -6.3845467e-02  -1.6355419e-01  -1.9038218e-01   9.6880148e-03   1.0790947e-01  -1.8316446e-02   6.2142607e-02  -3.9844532e-01   1.0738149e-01   2.3816782e-01   1.6635396e-01   3.7602942e-01   4.3668197e-02  -1.6172819e-01   3.1991082e-01  -1.4879528e-01  -2.9155872e-01   2.1865321e-01  -4.5029844e-02   2.4840514e-01  -3.0132773e-03   1.2926630e-01   1.7378689e-01  -3.2419216e-01   3.5501875e-02   3.3721428e-01   4.9938083e-02  -1.5771857e-01  -8.5182446e-02   3.4776611e-02   1.0608639e-01  -1.2314974e-01  -3.9258682e-02   2.3707724e-01  -2.0172049e-01   1.0956976e-01  -8.1600874e-02   6.7448053e-02  -3.0764990e-01   1.9667799e-01   8.7611196e-02  -1.8616862e-01   1.7907956e-01  -5.5207848e-02   1.3018622e-01   1.3150056e-01   1.9228444e-01   2.3342719e-03   9.4621908e-03  -3.2500468e-02   2.0901416e-01  -1.0800411e-01  -3.1617231e-02  -7.3893887e-02   2.0051987e-01  -1.9677535e-01  -1.7185037e-01   1.8681280e-01  -1.0985185e-02   1.4595335e-01  -9.6146026e-02  -2.3107323e-01   3.7141817e-01  -9.9961398e-02   7.1326415e-02  -2.8315129e-01  -9.7775088e-03  -2.2690745e-01   1.6342874e-01   1.5494130e-01   3.1689389e-01  -1.2889478e-01   2.1493098e-02   1.0287249e-01   8.6651600e-02   6.4854137e-02  -2.8029889e-01  -1.6662706e-01   1.5229089e-01  -1.0363126e-01   3.6036711e-01   1.4922134e-01   7.3471103e-02  -5.8193077e-02  -1.5558807e-01  -4.6332883e-02  -1.3916973e-02  -1.7428408e-01  -8.8867464e-02  -8.3152926e-03  -2.8018302e-01   2.9025805e-01   1.3989742e-01   3.4329335e-03  -1.7093102e-01  -4.3696615e-02   2.1375307e-01  -2.7065577e-01   2.9394225e-03  -1.2439725e-01  -5.0036433e-02  -6.1689313e-03   4.7602181e-02  -2.3159708e-01  -3.1651240e-02  -2.8618480e-01  -1.9841719e-01   1.3803366e-01  -2.1150872e-01   1.0725598e-01  -5.8486978e-03   9.0831013e-02   2.2655510e-01   4.8032526e-02  -5.1366122e-02  -1.6776268e-01  -2.5916147e-02   2.7006395e-01  -1.9161006e-01   6.4282063e-02  -2.6224964e-01   1.3978723e-01   1.1524784e-01   1.3301348e-01
  -3.4262325e-01   9.5671903e-02  -3.0224984e-01   7.9768438e-02   2.0123110e-01   2.7429004e-02   3.0986287e-01  -2.0299072e-01   2.1652812e-01   0.0000000e+00  -8.5502731e-02   1.5791577e-02   1.2140925e-01  -4.4762416e-01  -5.8481264e-02  -6.6952931e-02  -9.0135161e-02  -1.5021956e-01   2.3295336e-01   1.9566620e-01   2.2094046e-01  -1.6900007e-02   4.6586387e-02  -3.2105012e-01  -2.3237035e-02  -9.5468740e-02   2.2994183e-01  -1.4903202e-01  -7.1321013e-02  -3.6438053e-02  -1.1279927e-01  -1.1643286e-01   5.0887395e-02   4.7463174e-01   1.0761564e-01   1.9542267e-02   1.6144357e-01  -2.7269875e-01  -3.0060212e-02   2.8963378e-01   4.0464299e-02  -3.9835231e-02   7.5976710e-02  -3.4917923e-01   1.8352766e-01  -4.7267928e-01  -1.3423724e-01  -2.8409757e-02   2.3413468e-01  -3.5011349e-02  -2.4926121e-02   2.0205715e-03   3.7675935e-02   6.9688402e-02  -7.0356271e-02  -1.4418554e-01  -1.2584290e-01   7.2813531e-02  -8.2777540e-03  -2.0448747e-01  -4.3178106e-01   1.8960457e-01  -1.8011823e-02   6.8257221e-02   2.7138945e-01   3.9454619e-01   2.8364891e-02   2.5297988e-01   5.5959616e-02  -5.2007609e-01   3.0599508e-01  -1.5648178e-01   1.4321166e-01  -2.0504849e-01   1.7817406e-01  -1.8654717e-01  -5.7321395e-01  -4.8082465e-02   2.7197392e-01   4.0621870e-01  -2.3385548e-02   2.9512821e-01   1.5599377e-01   3.9758966e-02  -1.7553816e-01  -1.0466487e-01   2.4215617e-01  -5.0524345e-01   1.5722921e-01  -3.3016409e-01   1.1206907e-01  -4.7807781e-01   4.1480875e-01  -1.1834564e-02  -4.6871826e-01   3.4956346e-01   2.9891592e-01   1.9126375e-01   1.6026126e-01   5.2313656e-01   6.3992957e-02  -1.2636594e-01  -2.5584163e-01   4.4335821e-02  -1.3955895e-01  -1.1273438e-01   2.6916456e-02   1.4609275e-01  -2.8187739e-01  -1.9106713e-01   1.8423879e-01  -1.5422627e-01   4.4027497e-02  -4.8632520e-01  -3.2429921e-01   1.7119462e-01   3.1855508e-02   6.8651641e-02  -4.5873482e-01  -9.9442156e-02  -4.7155995e-01   1.6788752e-01   9.6366309e-02   3.6413324e-02  -4.0958616e-01  -2.8857491e-01  -8.1615013e-02   2.1480710e-01  -3.0138165e-02  -2.6451973e-01   5.0668561e-02   4.5082202e-01  -2.3522335e-01   2.6205667e-01   1.3373884e-01  -2.6877758e-01   1.6325848e-01  -1.4288876e-01  -1.0726890e-01   7.7099586e-02  -1.8977030e-01  -1.7348547e-02  -9.3165052e-02  -2.6048382e-01   3.1171270e-01  -1.1323816e-01   2.1433041e-01  -2.1654386e-02  -1.8549029e-02   1.5509523e-01  -4.1043309e-01  -4.0577367e-01  -4.2641368e-01  -1.3641192e-01   6.6187217e-02  -1.0791708e-01  -4.8499381e-01  -2.4459636e-02  -4.5595159e-01  -2.7532422e-01  -1.5666808e-02  -1.7517596e-02   3.2687370e-01  -2.1356744e-01  -6.3691563e-02   3.7550029e-01   1.1164744e-01   2.3211555e-02  -4.2887974e-01   8.0993159e-02   2.3788850e-01  -3.3982670e-01  -9.3751073e-02  -2.5516888e-01   6.1441155e-02   2.3509841e-02   9.1115266e-02
   1.2023930e-02  -4.8000520e-02  -2.9768119e-02   5.5735726e-01  -5.5475000e-02   4.1854729e-01   8.3287633e-02   7.7210358e-02  -7.7571550e-02  -8.5502731e-02   0.0000000e+00  -3.3127621e-01   1.2100289e-01  -3.4256718e-02  -1.2730631e-01   3.6469291e-01  -7.6783738e-02   3.1307303e-01   1.6385423e-01  -7.0370301e-02   1.2271165e-02   2.2773435e-01  -3.2210854e-01  -1.6203873e-01  -1.7384911e-01   1.0109224e-01   1.0063192e-01   2.1380978e-01  -3.5782747e-02   5.0670262e-01  -1.3433829e-01   2.6375649e-01   1.4050972e-01   2.3463289e-02  -3.4730422e-01   4.1975694e-01  -2.3722536e-01   4.1503902e-02   4.8174653e-01  -3.0953895e-01   3.3589887e-01  -1.6393287e-01  -2.0991323e-02   3.1819987e-01  -3.9039918e-01   6.3152616e-02   5.9919709e-01  -2.2422784e-02  -6.7178965e-02  -2.7132478e-01   4.6302295e-01  -1.0167070e-01   6.2824518e-02  -2.5624966e-01  -9.3007727e-02   1.8063338e-01   4.2779859e-01  -1.3632102e-02   5.5630447e-01   9.1419390e-02   9.0470186e-02   4.6876950e-02  -1.8269305e-01   4.2624020e-03  -3.0386180e-01   1.6969589e-01   4.3780631e-01  -1.5761010e-01   4.3247511e-01   8.9674856e-02  -3.4897446e-01   3.8011327e-01   8.5984701e-02  -1.2481649e-02  -3.5961089e-01   5.5801259e-02   4.6511841e-02   1.6527214e-01  -2.6680497e-01  -9.7708926e-02   3.9677300e-02   1.2084762e-02  -2.3079767e-01  -1.0764411e-01  -4.5568254e-02  -3.5856754e-02  -3.5044741e-01  -1.2174326e-01  -3.7223100e-01  -5.8634752e-02  -2.5442851e-01   1.5304930e-01   2.3517205e-01   1.2421833e-01  -2.8664174e-02  -2.0697712e-01  -1.0819856e-01   1.8800321e-01  -1.4761537e-01  -2.0629705e-01  -2.2273054e-01   1.3621862e-01   3.3194777e-01   2.8364478e-01   5.1050874e-01   3.6927041e-01  -7.4760075e-02   4.1258919e-01   2.2201448e-01   7.3792877e-01  -2.7010599e-01   5.8914800e-01   1.7950353e-02   1.4058044e-02  -5.8860740e-02  -1.9843710e-01   9.5185038e-02   2.6945795e-01   4.8052050e-02   1.9764652e-01  -4.8292856e-02  -2.9302110e-01  -3.7693644e-01   4.7275539e-02   3.7383018e-02  -1.2160173e-01  -1.6146364e-01  -1.7274745e-01   4.0798413e-01   5.8257611e-02   2.7582478e-01   1.4524240e-01   2.2462082e-01  -1.3303597e-01  -7.5225446e-02   2.7769327e-02  -2.5795369e-01  -6.2172534e-03   1.3206691e-01   1.8352961e-01  -8.4350065e-02  -1.0465502e-01   7.4223156e-01   4.1325250e-01  -3.4324847e-02   1.0025812e-01  -4.0634534e-01   4.5525520e-01   4.6846853e-01  -2.9983967e-01  -9.7887888e-02   3.0641482e-02  -1.6720235e-02   1.3111517e-01   1.0948100e-01  -5.2047141e-02  -1.0943983e-01   5.6491100e-01   4.1483185e-02   9.1365258e-04  -1.5596381e-01   7.2230471e-01  -5.8712419e-02   5.7814320e-01   4.0582251e-01  -2.1662999e-01   1.2144211e-01   4.0676556e-02  -4.7931768e-03  -2.8449625e-02  -3.6607492e-01  -1.0788730e-01   2.5095491e-01   5.7252944e-01  -1.0587644e-01  -1.4749867e-01   3.4324337e-01
   8.0718108e-03   2.1775465e-01   2.8529998e-01  -4.0791228e-01   3.9034210e-02   7.3335949e-02   2.2523668e-01  -1.2306753e-01   1.2460953e-01   1.5791577e-02  -3.3127621e-01   0.0000000e+00  -1.6906663e-01   4.7769428e-02   2.5670768e-01   9.6009837e-02   2.5449969e-01  -3.7743597e-01  -2.2497028e-02  -3.7054130e-02   3.0438930e-02  -2.3610321e-01   1.3923038e-01   6.3931009e-03  -3.1731528e-02  -1.9010570e-01   9.6894762e-02   1.9363708e-02  -6.0225386e-02  -4.3210751e-01   2.2055285e-03  -2.8881722e-01  -7.8647042e-02   2.2477362e-01   4.2678925e-01  -1.5662085e-01   2.2177907e-01  -1.6226926e-01  -1.6587207e-01   3.1616014e-01  -2.4051971e-01  -7.8159938e-02   9.5577213e-02  -1.3417427e-01   2.1252298e-01  -3.8978718e-02  -1.9436600e-01   3.2541076e-02  -5.7145037e-02   1.7370408e-01  -1.5205867e-01  -9.3845092e-02  -5.9748406e-03   1.5615755e-01   1.4594490e-01   2.2090313e-01   4.7124181e-02  -2.5096449e-01  -3.2407953e-01   4.3807803e-02  -4.7874209e-02  -4.7983372e-02   3.1556142e-01   1.2272674e-01   4.0782972e-02   4.8882090e-02  -1.9288113e-02  -3.2385982e-02  -1.4873978e-01   4.9581170e-02   2.0322577e-01  -2.5445444e-01   1.4556325e-02   8.4472388e-02   3.1603414e-02  -5.8036252e-02  -3.3696265e-02   2.2953191e-02   2.4321370e-01  -3.9688567e-02   8.7706021e-03   1.4533713e-01   5.3456829e-02  -8.7765278e-02   1.3391240e-01  -3.8723062e-02   3.9298503e-01   6.4775757e-02   1.8723367e-02  -1.6451516e-02   3.2990736e-02  -4.4840069e-02   1.5665024e-01  -3.5543560e-02  -5.4130515e-02  -9.1012785e-02   1.7161059e-03   1.7940067e-02   1.2470383e-01   3.6356010e-02   2.3027114e-01   3.4155374e-01  -3.4686191e-01  -6.4732095e-02  -1.5075782e-01  -2.9732653e-01   2.2444889e-01  -1.2473700e-01  -1.4199905e-01  -3.6706858e-01   2.7666850e-01  -4.3217428e-01   6.6948004e-02   8.0104344e-02   3.8410442e-01   4.7507939e-02  -2.1298800e-01   8.3218285e-03   3.6640632e-02  -3.7431964e-01  -1.3494654e-01   1.4387127e-01   2.7399016e-01   2.1165722e-02  -5.4962688e-04   1.3732826e-01   1.5337593e-01   1.3209220e-01  -2.1743324e-01   2.7172569e-01  -6.4978048e-02   6.7695574e-02  -1.0996374e-01   1.2439248e-01  -1.4612384e-01  -1.6203665e-02  -5.7576967e-02   1.6620476e-01  -1.1170519e-01   3.8746488e-02  -8.5719241e-02  -6.3680032e-02  -2.2303484e-01   4.7926531e-02   2.2358712e-01  -7.0157401e-02   5.5487759e-01  -1.7559458e-01  -3.8699167e-02  -3.0212598e-02   1.3436430e-01  -6.3358937e-02   1.0559745e-01   4.2116663e-02   2.7441057e-01  -5.8172956e-02  -1.1571091e-01  -3.1513763e-01   3.4889970e-02  -9.9024212e-02   4.2064021e-02  -2.8023513e-01   2.1896850e-02  -3.7490842e-01  -3.8618414e-01   1.5057505e-01   6.4265204e-02   2.4055431e-01   8.0072294e-02  -5.4618467e-02   2.5310099e-01  -1.2083293e-01  -2.2088171e-01  -7.5700920e-02  -3.9840720e-02   2.3834806e-01  -1.9162438e-01
   9.3922526e-02  -1.0782248e-01   1.5626799e-01   1.8198261e-01   1.2153337e-01   1.4507494e-01  -9.5839617e-02   1.2552001e-01  -3.4520275e-02   1.2140925e-01   1.2100289e-01  -1.6906663e-01   0.0000000e+00  -1.0967099e-01  -2.2429548e-01   2.7305046e-01   1.8336377e-01   1.3383908e-02  -9.4057120e-02   2.9200630e-01  -2.3262737e-01  -7.1575317e-04  -2.1989704e-01   1.5740771e-02  -8.1635575e-02   9.3787251e-02   1.0810300e-01   1.3460976e-02   1.2095122e-01   1.8046656e-01  -2.5459720e-01   1.2009348e-01   1.7287088e-01  -4.8842824e-02  -9.9346105e-02   3.0183878e-01  -2.2709374e-01   8.5601397e-02   1.6703582e-01  -2.9508624e-02   6.1303540e-01   3.1171120e-02   8.3468752e-02  -1.6694211e-01  -2.0756766e-01   8.6442791e-02  -2.7986825e-02  -4.5491004e-01  -1.5304030e-01   4.5269218e-02   2.4914798e-02   3.8706306e-02  -1.9900090e-01   2.5012859e-02  -4.5333933e-02  -1.2538986e-01   4.1152641e-02   1.7307844e-01   9.0021304e-02  -4.8121860e-02   1.3541934e-01   1.9607543e-01   7.2161682e-02  -1.3235971e-01  -2.5787771e-01   8.3335454e-02   6.4235737e-02   9.3324750e-02  -6.6813909e-02   1.8696973e-01  -2.6329326e-01   3.9135065e-02  -9.8624710e-03  -1.4693061e-01   1.5139038e-01  -2.5747469e-02  -7.5306008e-03  -1.7737836e-01  -1.3794984e-01   2.9102564e-01  -1.0484732e-01   4.6948753e-02   2.2990885e-02  -3.0870847e-03   4.1778457e-02  -5.3123503e-02  -1.2316418e-01  -1.0526708e-01   1.5698942e-01   3.4906940e-02  -6.1440435e-02   1.9741405e-01   2.5622503e-02   1.1578458e-01   6.6981774e-02   1.8896744e-01   2.1887075e-01  -6.1776840e-02   1.9665483e-02   1.0247249e-03  -2.3168409e-01  -1.5285451e-01  -1.5364783e-01   1.0982839e-01  -3.2119011e-02   1.1843626e-01  -6.0018408e-02  -3.1728477e-02   6.4410080e-02   7.1753001e-02   1.4627722e-01   8.9037696e-02  -6.5730579e-02  -1.2537537e-01  -1.6797994e-01  -2.6177051e-01   1.3672440e-01   4.1475560e-01  -1.2046663e-01   2.5168087e-02  -2.2842927e-02  -7.0025323e-02   1.0999430e-01   8.3421288e-02   5.9982832e-02  -1.4862160e-01  -2.9115820e-01   5.0909722e-02   2.9867708e-01  -1.3204103e-01   3.1314183e-01  -1.3493816e-01  -2.9121262e-02  -3.2105628e-01   1.9064133e-01  -8.9197785e-02   1.7068295e-01  -3.1225847e-01  -9.4007948e-02   2.3022934e-01   1.9398999e-01   4.9346110e-02   1.3568891e-01  -9.4014914e-02  -1.4427893e-01  -1.9323852e-01  -4.8703919e-02   3.3129460e-02  -8.7096245e-02  -2.0966658e-01   7.7724469e-03  -1.9862793e-01  -8.8267459e-02  -6.0498636e-02   1.9269215e-01   1.0068821e-01  -5.6112402e-04   2.4573587e-01   1.0979677e-01  -1.1078510e-01   1.9654338e-01   3.8922372e-02  -5.7690475e-02  -9.6925709e-02   2.1924335e-01  -2.3324323e-01  -2.2984319e-01  -3.2843321e-02  -5.4649761e-02  -1.9809938e-01  -1.3041221e-01   1.4312082e-01  -3.8008221e-02  -1.0512967e-02   9.9003145e-02   1.8444055e-02   2.9562333e-01
   2.6918235e-01  -3.6733863e-01   3.2998345e-01  -4.2772913e-02  -4.0504392e-01   1.9327068e-02  -2.3339009e-01   3.6520343e-02  -2.1193606e-01  -4.4762416e-01  -3.4256718e-02   4.7769428e-02  -1.0967099e-01   0.0000000e+00   2.2878526e-01   1.5785498e-01   5.2627650e-02   5.4615230e-02  -1.8654181e-01  -2.8942610e-01  -1.4172219e-01  -1.3797283e-01   1.1658302e-01   3.1437013e-01  -3.0703358e-02   1.5931143e-01  -1.8600975e-01   3.3326841e-01   1.6686956e-01   8.0808363e-03   4.2764801e-01   8.9592585e-02  -8.2288577e-02  -2.3115853e-01   5.9078994e-02  -2.4866108e-01  -3.2450872e-01   2.6566677e-01  -2.9112746e-01  -3.0550503e-01  -1.6106248e-01  -1.3689845e-04  -1.1013155e-01   2.5154340e-01  -2.2725029e-01   3.9411020e-01  -9.0964134e-02   3.5800322e-02  -4.7308575e-02  -2.7615907e-02  -1.6118930e-01   5.2054718e-03  -2.3159606e-01   9.9161510e-02   2.6468864e-01   3.0017742e-01   1.1723993e-01  -7.5445888e-02  -2.2372861e-01   1.2375804e-01   3.7953731e-01  -1.7461408e-01  -9.3990992e-02  -1.1055557e-02  -2.9678440e-01  -4.2455672e-01  -1.4000026e-01  -2.3985106e-01  -1.7842859e-01   4.0640199e-01  -2.6091863e-01  -1.3247577e-01  -2.9432801e-01   2.6586394e-01  -2.8481893e-02   1.4630557e-01   3.9887105e-01  -4.1931755e-02  -4.4590127e-01  -2.8241200e-01   3.1289527e-01  -2.6949224e-02  -4.9727469e-03  -1.6909966e-01   5.1297974e-01   1.3378569e-01  -1.1675078e-01   5.0459745e-01   2.1917224e-03   3.0941044e-01  -2.2293772e-01   3.4656511e-01  -4.4680087e-01  -3.6193326e-01   3.8274415e-01  -3.1656167e-01  -1.2375925e-01  -2.6454131e-01  -3.6956216e-01  -3.8002914e-01   3.0165815e-01   2.0952059e-01   3.1701688e-01   6.1937236e-03   1.0431250e-01   2.1404529e-02   1.1858461e-01  -3.2239461e-01   1.4736169e-01   8.3967655e-02  -9.9090350e-02   3.9524973e-02  -7.3353119e-02   4.7134483e-01   5.8727056e-01  -3.2408164e-01  -1.9185996e-02  -3.1727273e-01   4.8825311e-01   1.1689776e-01   3.4739069e-01  -3.5889146e-01   3.6258531e-02  -2.3560975e-01   3.7041652e-01   5.3459611e-01   9.3385052e-02   1.6208686e-02  -1.8184215e-01   4.3465461e-01  -3.1466375e-02  -4.8229388e-01   3.8433347e-01  -1.8929103e-01  -8.1915848e-02   3.3654411e-01   1.4136776e-03   4.2296381e-01   1.1500347e-01  -1.9577179e-01   2.5218487e-01  -4.4990765e-02  -5.9885529e-02   2.8803220e-01  -2.1765730e-01   2.2766040e-01  -1.0613731e-01  -2.8323448e-01  -6.3550955e-02  -2.1288455e-01   5.2291519e-01   4.7336363e-01   3.1933921e-01   2.6095118e-02  -1.4047623e-01   1.3019782e-01   3.6930602e-01  -1.5377176e-01   4.0788823e-01   3.7147255e-01  -2.5761657e-02  -1.1611581e-01  -3.9419952e-01  -3.2225600e-02  -1.2220079e-01  -2.6969285e-01  -2.6957479e-01   1.3772700e-01   4.4280905e-01  -8.0559297e-02  -4.3513320e-01   3.8745552e-01  -9.6953513e-02   2.3000056e-01   1.0296900e-01  -4.8192406e-02  -1.6142962e-01
