   0.0000000e+00  -2.0117241e-01  -7.3024223e-03   1.8537658e-01  -3.0336642e-01   1.2386419e-01   2.7173321e-02   3.4941190e-01   4.8066614e-03   4.6795552e-02   1.4070363e-01  -9.8278284e-02   4.2613573e-02   3.6454746e-01   3.4443151e-02   1.6339497e-01  -1.1598725e-01  -2.5028425e-02   4.0296170e-01  -2.1533456e-01   4.0411161e-02   1.1786910e-01   1.4002830e-01   5.5165212e-01   3.5257872e-01   1.1023065e-01  -2.7580706e-01   3.0325652e-01   3.3616501e-01   1.0830162e-01   1.8536475e-01   2.7264163e-01   2.8837202e-01  -1.9692299e-01  -3.0170839e-01  -9.9524620e-02  -8.1241900e-02   4.7256102e-01   1.0177163e-01  -4.2814063e-01   2.5305083e-01   5.0107263e-01  -1.7237183e-01   3.3962231e-01   1.5106263e-02   5.7293700e-01   2.2418444e-01   3.2370759e-02   6.1461146e-02  -3.5512512e-01   2.4126734e-04   1.7949866e-01  -6.4505789e-02   1.2404282e-01   6.1887002e-02   1.6762845e-01   2.2202345e-01   1.9821092e-01   1.5737251e-02   2.7470152e-01   4.6232853e-01   1.9164571e-01  -1.0067153e-01  -1.8874661e-02  -7.6334096e-02  -3.8072559e-02   7.0709622e-02   6.0170111e-02   3.3849642e-01   2.3714484e-01  -1.8385950e-01  -6.0279222e-02  -1.0910626e-01  -1.9420572e-02   1.6813772e-01   7.0008554e-02   6.1850497e-01   3.1051897e-01  -1.6586394e-01   1.1703285e-01   3.3692490e-01  -1.2782893e-02   6.7595351e-02   3.1881683e-01   7.5320585e-02   1.2771046e-01  -9.1167419e-02   3.2710321e-01  -1.2203282e-01   5.1022606e-01  -1.5781374e-01   6.2585099e-01  -6.2876986e-02   4.3782834e-02   4.5584039e-01  -3.0256447e-01  -5.9987384e-02   3.1307613e-01  -1.3960666e-01   1.0395663e-01   1.7154807e-01   7.2630779e-02   3.6046668e-01   2.7970792e-01   1.8602348e-01   4.7446119e-02  -1.1839365e-01   2.8339639e-01   1.0560009e-01   1.9838396e-01  -2.7248228e-01   3.1760820e-01   1.3296477e-01   6.8392697e-01   2.4597443e-01  -2.2136173e-01   2.3299554e-01   6.6681700e-02   1.0668413e-01   1.3635926e-01   6.5806204e-01  -1.2946809e-01  -3.4347705e-01  -1.2521102e-02   5.4598993e-01   1.4217363e-01   1.6116646e-01   3.4773069e-01   1.0137294e-01  -2.8240574e-01  -2.5773707e-01   9.0771434e-02  -3.2926697e-02   2.6286330e-01  -3.5118892e-02   2.3941068e-01   1.2245871e-01   1.5809946e-01   3.5750367e-01   1.5419825e-01   1.6149922e-01   1.4807118e-02   1.5564103e-01  -3.2838605e-02   3.5231292e-01   3.4565301e-01  -1.5748586e-01   4.5382408e-02  -5.6619191e-02   1.7997806e-01   3.2202947e-01   2.9724815e-01   4.8757290e-01  -1.6234952e-01  -3.7004255e-01   4.5276509e-01   5.9199402e-01   7.8266210e-03   3.9007007e-01   3.6341161e-01  -2.0607165e-01   1.5636629e-01  -2.9707879e-02   2.6965747e-02   2.2089222e-01  -2.8830935e-01  -1.0255847e-01   1.0874791e-01   4.9509983e-01  -1.0033781e-01  -2.0177664e-01   3.7533162e-01  -2.3811236e-01   1.4835802e-01   1.1634680e-01   2.8309370e-02   1.9058092e-01
  -2.0117241e-01   0.0000000e+00   4.0536877e-01  -2.2303889e-01   3.7889478e-01  -2.5073342e-01  -1.2016966e-01  -1.3960361e-01  -8.7690007e-02  -1.9247662e-01  -6.0283897e-01   5.2628915e-01   1.2116242e-01  -2.8146947e-01  -1.7279373e-01   2.5274208e-01   3.3668844e-01  -2.4109576e-01  -3.0757268e-02   1.7240484e-01  -4.4821816e-01  -3.4905224e-01  -5.0053666e-01  -1.3358795e-01  -1.7858953e-03   1.5425991e-02   8.9964284e-02  -1.9408541e-01   5.1626596e-02  -3.8330725e-01  -8.1653292e-02  -2.4460457e-01  -1.0882731e-01   2.1375070e-01   4.3122565e-01   1.1050942e-02   5.2289159e-01  -7.4716745e-02   1.5868527e-01   4.3549157e-01   1.1433318e-01  -1.7186728e-01   3.4737915e-01  -5.5167932e-01  -7.7835130e-03   1.8439495e-02  -4.6991570e-01   7.0691682e-02   2.5693128e-01   3.3505190e-01  -4.5788549e-01  -3.0778017e-01   4.7761792e-01   5.8550731e-02  -2.3005879e-01  -4.0388187e-01  -8.5853656e-02  -5.8463921e-02  -3.9784927e-01  -2.3929113e-01  -6.2387769e-02  -7.3286588e-02   9.7889914e-02   1.8821032e-01  -1.8237868e-01  -3.0625118e-02  -1.3319664e-01   1.7590310e-01  -5.1833431e-01  -1.6690639e-02   6.1502377e-01  -3.8750536e-01   2.1416061e-01  -7.8778103e-02   1.1857794e-01  -1.6501595e-01  -1.8272169e-01  -5.3636128e-01   2.1428220e-01  -1.7517674e-01  -2.8727372e-01   2.0144657e-01   6.6294753e-02  -1.6030751e-01  -5.7311339e-03  -2.0827191e-01   6.1377076e-02  -4.5821109e-02   7.2235234e-02  -2.0942601e-01   3.8001536e-02  -2.1965178e-01   2.6208952e-01  -1.1980289e-01  -1.0967586e-01   2.2630611e-01   2.3202054e-02  -2.6532468e-01   7.0263147e-02   1.1768247e-01   7.4366792e-02  -2.8621140e-01  -3.0966038e-01  -2.3550244e-01  -4.2099836e-01  -1.2804849e-01   3.0024607e-02  -3.6566425e-01  -2.8089809e-01  -1.1612679e-01   9.2038544e-02  -3.1074969e-01  -2.2581112e-01  -1.7394795e-01  -2.1209451e-01   5.8568661e-01  -1.5618225e-01   1.0383609e-01  -2.2412036e-01  -1.2092317e-01  -2.2195978e-01   2.1793777e-02   2.7046279e-01   7.7800775e-02  -4.8417263e-02  -2.6416232e-01  -1.7888009e-01   2.2392568e-02  -2.7079674e-01   4.1886663e-01   2.3175125e-01  -3.8375586e-02   6.2311788e-01  -6.5629867e-02   1.2672297e-01  -1.8266433e-01  -3.2499092e-02  -2.7157806e-01  -1.0300611e-01  -9.1738861e-02  -9.6210525e-02   6.2053298e-02  -3.2577908e-01   6.3450829e-02  -3.4238944e-01  -3.7719052e-01   3.4586402e-01   3.0117154e-01  -1.7673024e-01   1.4813977e-01  -1.6378932e-01  -4.8030851e-01  -1.6839904e-01   6.5804700e-02   7.6424382e-01  -5.4262187e-02  -2.7040123e-01  -3.0786507e-01  -1.5438257e-01  -2.6411654e-01   1.2326244e-01  -4.9336534e-01  -1.6361911e-01  -4.7034425e-01  -1.9782706e-01   1.8485473e-01   6.6698670e-02  -1.9995989e-01  -2.0044170e-01   3.1416197e-01  -1.5649783e-01  -1.1943760e-01  -8.5984562e-02   1.8857133e-01  -2.6711610e-01   7.9098784e-02  -2.0041961e-01
  -7.3024223e-03   4.0536877e-01   0.0000000e+00   2.3553649e-01   2.1644255e-01  -6.7240152e-02  -2.8482557e-01  -6.0632400e-02   2.0105358e-01  -2.1612470e-01  -3.6529918e-01   2.7755990e-01   1.1540744e-01  -3.1271400e-02  -4.4269133e-01   1.0329959e-01   7.2868730e-01   1.1767249e-02   2.1412158e-01  -1.8154685e-02  -5.3317816e-01   2.2987814e-01  -4.9489089e-01  -6.9094516e-02   3.1622161e-01  -7.5217606e-02   2.7412665e-01   6.6952397e-02   3.1450390e-01   4.7542894e-02  -1.7793248e-01   2.3678476e-01   1.4625018e-01  -1.0350386e-01   2.1322321e-01  -1.7325144e-01   1.9953055e-01  -6.3316693e-02   1.9269501e-01   4.2681804e-01  -3.1456627e-02   1.7319647e-01   1.9208110e-02  -5.8719843e-02   6.3375489e-02   1.8701251e-01  -1.6107456e-01  -7.5387720e-02   3.4062597e-01   5.9035137e-01  -2.1632922e-01   1.1914525e-01   1.0666636e-01   1.3356112e-01  -1.4804372e-01  -1.2916004e-01   4.6700897e-02   2.3785887e-01   3.8857929e-03   6.5508078e-02   2.0888312e-01   7.8206891e-02   2.8678737e-01   2.0610412e-01   4.5337311e-02  -8.1907372e-02  -6.3777618e-02   2.1552189e-01  -3.1512248e-02   5.4598078e-01   2.8790143e-01  -1.3171127e-02   1.9411992e-02   1.4891033e-01   2.4558827e-02  -5.8073917e-02   7.7270390e-02  -1.9781155e-01  -7.6467589e-02   2.1568902e-01   8.5180767e-02  -4.8200343e-02   1.3185185e-01   8.3038732e-02   2.7807506e-01  -4.1396765e-02   1.7311050e-02   1.3106290e-01  -1.1356686e-01  -1.9216243e-01  -8.1810487e-02   1.1741829e-01   3.8504028e-02   1.2121431e-01  -1.2627474e-01   4.0532399e-02   9.5583101e-02  -1.2235213e-02   2.5165158e-01  -2.7100885e-01   1.4195939e-01  -2.3225467e-01   1.9240900e-01  -5.4949102e-03  -5.4897928e-02   1.3209798e-01  -9.3408932e-03  -2.1823527e-02  -3.5232837e-01  -2.6936311e-01  -2.2878496e-01   1.3847002e-01   1.4930831e-01   2.3444883e-02  -4.0375590e-02   1.9887109e-01   4.6700611e-02   4.8081603e-02   8.9424802e-02   2.3605216e-01  -8.3756809e-02  -3.0421675e-02   9.1170396e-02   1.0959989e-01   9.7687444e-02   5.4463582e-02   1.5680711e-01   8.4798375e-02   2.0515644e-01   6.9146535e-01   2.9149303e-03  -2.3505697e-01   4.7641055e-01  -1.8318666e-01   7.5796957e-02  -1.8346963e-02   1.7225884e-01   1.3538044e-01   2.7246794e-01  -2.4173221e-02  -5.6738309e-02   1.5713510e-01  -5.1645967e-02   3.5154324e-01  -1.9643789e-01   5.0524087e-02  -1.3345989e-02   2.2821425e-01  -3.6136706e-01  -9.5494378e-02   1.3120708e-01   2.7298198e-02  -3.4862783e-02   4.4199419e-02   5.9414577e-01  -7.5208414e-02  -4.4153172e-02  -4.7902842e-02   6.2106746e-02   4.1625499e-02   1.2378760e-01  -6.2385122e-02  -1.6112839e-01   8.3809153e-02   2.6019481e-01  -2.2965992e-01   7.4685893e-03  -5.5824540e-02  -1.3916270e-01   1.0853877e-01  -2.9299039e-01  -1.4913090e-01  -3.9793198e-02   1.9337151e-01  -5.5082800e-03  -1.5299851e-02   1.2827307e-01
   1.8537658e-01  -2.2303889e-01   2.3553649e-01   0.0000000e+00  -1.7666931e-01  -6.9156959e-02  -1.9330592e-01   1.1988059e-01   5.8261796e-01  -2.1204205e-01   6.4531825e-02  -3.4426360e-01   1.5970781e-01   2.1876359e-01  -3.7861700e-01  -1.0300175e-02   3.1678373e-01   1.2503906e-01   3.0478174e-01  -8.0680438e-02  -2.6676081e-01   5.6302292e-01  -1.5092542e-01   2.2271599e-01   3.9732325e-01   1.0824771e-01   1.3258310e-01   3.4166024e-01   2.3352175e-01   2.0778481e-01  -1.0265549e-01   4.0600526e-01   2.9708448e-01  -5.6544691e-01  -2.0000084e-01  -1.6339962e-01  -1.2746984e-01   7.9000723e-02   1.6751919e-01   7.8786171e-02   2.2735549e-01   3.3126536e-01  -1.5664971e-01   3.1074476e-01   4.7598750e-02   5.6761696e-02   1.7725532e-01  -1.6662189e-01   4.2216407e-01   2.2612600e-01   8.8160058e-02   1.0619322e-01  -1.7623421e-01   1.6793052e-01   2.4288363e-01   1.9065742e-01   8.1274323e-02   4.3691922e-01   2.3511000e-01   3.5300008e-01   1.5807683e-01   3.2456715e-01   4.4270544e-01   1.8223824e-01   3.1246630e-01  -3.1942044e-01   6.4476206e-03   1.6923881e-01   3.7707532e-01   1.2149761e-01  -1.4417215e-01   3.1391306e-01  -7.4566616e-02   3.0673643e-01   1.2070255e-01   1.2187306e-01   2.4476103e-01   2.3159025e-01  -2.2279829e-01   3.4686842e-01   2.4010199e-01  -4.0083906e-02   1.9600852e-01   2.0351613e-01   2.4251231e-01   1.7826855e-01  -2.0104161e-02   3.0992399e-01  -1.1092440e-01   1.8501591e-01  -7.2087063e-02   3.1324788e-01   1.4096956e-01   3.9835337e-01   1.2844621e-02  -1.6272404e-01   2.1300958e-01   3.0422358e-01  -2.7793440e-02  -1.4084913e-01   1.9795664e-02  -2.5982040e-01   3.7537439e-01   5.0034151e-01   3.6047554e-01   4.8983599e-01  -7.1869306e-02   3.8088701e-01  -1.2133196e-01   5.3905397e-02  -1.8730455e-01   1.9509711e-01   5.3893504e-01   3.1203601e-01   3.6426756e-02  -1.1162364e-01   1.9658916e-01  -1.3203482e-02   2.6412920e-01   3.2567443e-01   1.1025762e-01  -1.9549161e-01   2.6013599e-02  -4.4622772e-02   1.2942007e-01   1.7082246e-01   4.2983883e-01   3.1128855e-01   6.0887228e-01  -1.3866299e-02  -7.4498737e-02  -2.3076617e-02   9.9351115e-02  -2.0703774e-01   1.3918254e-01   3.0462222e-01   2.0772798e-01   3.1287396e-02   3.7023640e-01  -1.5049903e-01   5.9138908e-02   1.6407005e-01   5.9743969e-02  -1.8766805e-02   1.6095366e-01   3.9056182e-01  -2.6973594e-01  -5.5340756e-02  -2.8313914e-01   1.4503560e-01   1.1402897e-01   3.2109489e-01   4.9336158e-02   2.2964942e-02  -7.5153836e-02   1.4943363e-01   6.2064470e-02   2.4547042e-01   1.6543405e-01   3.0933517e-01   2.3730280e-01   2.8829524e-01  -3.3277241e-01   4.9533501e-01   4.8944376e-01  -5.8023521e-02  -3.4432870e-02  -7.1046226e-02  -3.9098588e-02   3.3556705e-01  -2.1602496e-01  -1.0233435e-01   2.4889232e-01   4.8206715e-02   8.0613139e-02   1.1346665e-01   4.5490604e-01
  -3.0336642e-01   3.7889478e-01   2.1644255e-01  -1.7666931e-01   0.0000000e+00  -8.8844435e-02  -6.5095056e-02  -1.8496562e-01  -8.8135934e-02   1.2216317e-01  -2.0479944e-01   3.0737653e-01   6.3108749e-02  -4.3849076e-01  -2.5093835e-02   5.2063794e-02   2.9124587e-01  -1.0128488e-01   5.2118448e-03   7.5127602e-01  -1.1525775e-01  -1.8307794e-01  -9.6701566e-02  -2.2820523e-01   1.1979682e-02  -6.8120258e-02   3.2725599e-01  -2.7468177e-01  -4.4371699e-02  -2.1897827e-01  -2.1465344e-01  -1.3624273e-01  -1.6136272e-01   2.7241968e-01   2.0815091e-01   5.4759158e-01   1.3728517e-01  -1.3932158e-01   2.1113720e-01   2.8398543e-01  -6.3429267e-02  -1.7962291e-01   5.7776492e-02  -2.9496221e-01   4.5189659e-02  -1.7530062e-01  -1.5470118e-01  -1.7471714e-01   1.0516917e-01   3.2494940e-01  -1.4029308e-01   2.1230522e-02   1.7087033e-01   1.6324477e-02  -2.8649929e-01  -2.7348717e-01  -7.1331654e-02  -6.4070271e-02  -1.2373529e-01  -4.4801856e-02  -9.9423727e-02  -1.4355987e-02   5.3910310e-02  -1.1340880e-01   3.1412914e-02   1.9098941e-01  -5.1605740e-02   1.6079944e-01  -2.8121662e-01  -7.7782492e-02   1.8912365e-01   9.9791870e-02   1.7368582e-02  -1.7653018e-01  -1.7034454e-01   4.6042052e-02  -2.4755103e-01  -2.9041461e-01   5.0054121e-01  -4.1484507e-01  -2.6852176e-01   1.2588590e-02   8.3394043e-02  -2.5353496e-01  -1.8579132e-01  -1.6057558e-01  -9.5967147e-02  -1.8830749e-01   1.2050071e-01  -2.2885137e-01   3.1101804e-01  -1.4319667e-01   2.4255043e-01  -5.8124355e-02  -1.6224908e-01   5.2205325e-01  -1.7207379e-01  -1.6773074e-01   1.0070910e-01  -6.3439500e-02  -1.7852076e-01  -2.0505754e-01  -3.1795786e-01  -1.0686757e-01  -3.1695854e-01  -3.8286182e-02   1.4994214e-01  -2.7263913e-01  -5.4501032e-02   1.8377404e-01   1.5799374e-01  -2.5058775e-01  -1.4877229e-01  -1.4373531e-01  -3.5500583e-01   4.9148704e-01  -9.7444147e-02  -7.3306812e-02  -2.3568581e-01   9.1029517e-02  -3.2181698e-01   3.6129402e-01   6.6281584e-02  -2.1122186e-01  -2.6662572e-01  -2.6346913e-01  -3.0554102e-01  -2.0837852e-01  -1.3206011e-01   2.1773048e-01   3.6276369e-02   1.0736173e-01   1.7402225e-01  -2.1265122e-01  -1.2443170e-01  -7.6113818e-02  -3.7817858e-02  -3.3314141e-01  -7.5226242e-02   2.4449571e-02  -1.1884569e-01   5.6965113e-02  -1.1978499e-01  -7.9359163e-02  -2.5346502e-01  -3.4378903e-01   1.2604138e-01   2.2946252e-01   2.0373679e-01  -1.0298467e-02  -2.2915079e-01  -3.6761628e-01  -1.5230994e-01   3.3250902e-02   4.1125233e-01  -9.0125244e-02  -3.0983831e-01  -2.3249398e-01  -1.6645002e-01  -1.0929739e-01   6.3379911e-02  -3.5067832e-01   7.1759778e-02  -3.1414352e-01  -3.9884382e-02   3.4994969e-01   6.1641929e-03  -2.3852744e-01  -2.4784816e-01   1.5453125e-01   2.2799885e-01  -1.4742657e-01  -3.9242389e-02   1.4194934e-01  -2.7744697e-01   2.0762558e-02  -1.5186578e-01
   1.2386419e-01  -2.5073342e-01  -6.7240152e-02  -6.9156959e-02  -8.8844435e-02   0.0000000e+00   9.5938999e-02   3.0363486e-01  -1.6756557e-01   1.7753471e-01   2.6534498e-01  -9.7020362e-02  -1.6594743e-01   5.3152955e-02   1.2716022e-01   2.7827110e-01  -1.3538409e-01  -1.8704021e-03   1.1434363e-01  -5.5971101e-02   2.3035648e-01   2.2628620e-01   2.8460415e-01   1.9890195e-01   1.9779403e-01   3.5803594e-01   1.3210605e-01   2.8380080e-01   1.5515107e-02   3.7193391e-01  -3.7275949e-01   1.3942652e-01   9.1841037e-02   1.5105905e-01  -1.6513142e-01   1.5512311e-01  -1.8975410e-01   2.2645573e-01   3.4271920e-01   1.3761275e-03  -1.4605839e-01   2.1573350e-01  -3.0663510e-01   3.6111225e-01  -2.1955938e-01   2.6982334e-02   3.4715675e-01  -2.8187417e-01  -7.7371481e-02   2.1324018e-02   2.5856341e-01   1.9991398e-01  -1.9956812e-01  -1.9262706e-01   1.2462174e-01   3.4961989e-01   3.6150889e-01  -1.4350916e-02   8.5933750e-02   3.2441965e-01  -1.7267319e-01  -8.7025775e-02  -2.4928208e-01   7.7076982e-03  -1.8947653e-01   7.0495811e-02   4.6647328e-01  -3.9772472e-01   3.0379362e-01   2.2021979e-01  -2.5165208e-01  -1.2093761e-02  -4.2313865e-02   2.3715595e-01  -2.0340406e-01   2.4889386e-01   1.4133791e-02   1.7877484e-01   3.7191344e-02   3.0608893e-02   5.4429328e-01   6.2942758e-02  -2.2640681e-01   2.7050198e-01  -1.1793099e-01   3.3028083e-01  -2.9231372e-02   6.2031937e-02  -1.9790992e-01   1.1782194e-01   4.4411872e-02  -1.2442057e-01   2.5416036e-01   1.4124820e-01   5.7975451e-02   7.9812539e-02  -1.8758448e-01   2.7291257e-01  -8.5140056e-02  -1.5442691e-01  -6.8516048e-02   4.3666522e-01   2.2519635e-01   1.5052451e-01   8.4250346e-02   2.3348441e-02  -1.1458236e-02   4.2112542e-01  -1.2193719e-02   1.3340074e-01   4.6042303e-02   3.3996939e-01  -6.6366331e-02   1.0236909e-01   1.6056822e-01  -2.4249730e-01   2.1233650e-01  -4.6445635e-03   2.8068668e-01  -1.8459292e-01   6.8805534e-02   1.1103647e-01  -2.2985920e-01  -1.2510789e-01   1.2341583e-01   4.6208483e-01  -4.7445315e-02  -8.6744966e-02   1.0894434e-02   1.5696137e-02   4.0916793e-03  -1.8057805e-01  -4.0063444e-01  -2.2987170e-01  -1.9025264e-01   3.8582332e-01  -2.1753624e-01   2.1649254e-01   1.7493136e-01   1.7807216e-01   1.6825363e-01  -1.1247809e-02   2.6057379e-01   3.3323963e-01   9.1796746e-02  -7.8185941e-02  -1.0522664e-01   1.2430171e-02   2.3858242e-01  -2.2673020e-01  -9.8742792e-03   3.2529295e-01   7.0396815e-02   9.2441540e-02  -1.1043191e-01  -1.1564688e-01   2.9131215e-02   5.1898534e-02  -3.3188258e-01   9.3445329e-03  -3.2911526e-01   2.1882441e-01   1.3069893e-01   5.0408578e-02   8.8977545e-02  -9.5585840e-02   1.1029533e-01   3.0241622e-01   2.1023925e-02  -2.5456782e-01   1.3410334e-01  -2.2462266e-01  -2.2086344e-01   2.5743501e-01  -1.9458773e-01  -2.7411090e-01   1.7323342e-01
   2.7173321e-02  -1.2016966e-01  -2.8482557e-01  -1.9330592e-01  -6.5095056e-02   9.5938999e-02   0.0000000e+00  -2.5813667e-01  -2.8529543e-01   1.6811347e-01   2.3296241e-01   1.8667505e-01  -1.4591952e-01   3.1964859e-01   7.0538389e-01  -1.6930508e-01  -3.4069601e-01  -8.8162289e-02  -2.2788972e-02  -6.7021060e-03   4.2249535e-01  -8.4370958e-02   6.7413249e-01  -3.1570501e-02  -4.2350885e-02   2.9754346e-03   1.8705232e-01  -1.2769196e-01   5.7923505e-02   2.7773595e-01   3.0323322e-01  -2.3681732e-01  -3.5165665e-01   3.8108725e-01   3.0463629e-02   1.8129509e-01  -1.5965946e-01  -6.3200876e-02  -3.0413819e-01  -4.2884022e-02  -1.9586882e-01  -9.3729398e-02  -1.5369183e-01   1.1589520e-01  -3.1826283e-02  -8.3705200e-02   1.7789997e-01   5.3573097e-01  -2.1598859e-01  -2.1098571e-01   2.0741437e-01  -2.2270670e-01  -1.1433904e-01  -3.1843554e-01   7.6738066e-02   1.6177222e-01   1.6829253e-01  -2.6549770e-01  -2.5926684e-01  -1.9568288e-01  -2.7990758e-01   4.3941427e-02  -1.9751478e-01  -1.1631426e-01  -3.5924158e-02   1.0817708e-01   1.2183595e-01  -1.7215410e-01  -8.2332438e-02   1.9437361e-01   1.9588899e-01   2.2169069e-01  -1.6611122e-01   1.2097025e-03  -8.9957821e-02   5.9509719e-02  -2.1030424e-01   1.3380026e-01   2.1703108e-02  -1.9349243e-01   1.5272176e-01  -2.6294328e-01  -2.2022999e-02  -1.4947470e-01   1.0655170e-01  -1.0682553e-01  -1.6577670e-01   1.2843222e-01   3.4797453e-02  -7.9387295e-02  -1.4100778e-01  -2.4672209e-01   4.8875625e-02  -2.2976238e-01  -1.7314674e-01  -1.1509167e-01  -2.5916774e-02  -2.2424969e-01  -1.0006401e-01   4.0822296e-01   3.8150240e-02   3.6719170e-01   1.7828984e-01  -2.2655514e-01   2.4585848e-02  -4.4157910e-01  -1.9990003e-01  -2.8437429e-01   3.3765317e-01   1.6509333e-01   4.1779475e-01   1.0392442e-01  -1.0562037e-01  -9.9919906e-03   4.1315151e-01  -3.0211547e-01  -1.7026416e-01  -1.2900915e-01   2.6536547e-01   4.6664521e-02  -1.2733432e-01  -1.1326295e-01   5.2590309e-03  -1.4804656e-02   5.2040817e-03   2.5761543e-01   5.0972922e-02  -3.3935509e-01   4.1622336e-02  -6.6281269e-02  -2.1047416e-01   2.5185478e-01  -3.9420071e-01   3.3404904e-01  -1.3141946e-01   2.3709571e-02  -5.3086872e-02   4.1194552e-01  -2.0981430e-01   4.4839746e-03  -1.3620849e-01  -1.0066692e-01   8.8268416e-02   3.0952776e-01   5.2400871e-01   2.2736276e-01   5.3224087e-01  -1.9059527e-01   4.3176388e-01   4.2561496e-02   3.0114980e-01   1.6812014e-01  -1.5588822e-01  -8.6298121e-03  -2.5448773e-01  -7.8690936e-02  -1.4072863e-01  -1.7342328e-01  -3.6663890e-01   7.0081273e-02  -8.4735263e-02  -5.0393780e-02   1.0059743e-01  -7.4919422e-02  -2.8795616e-01  -8.3026102e-02  -1.6364137e-01   2.1169613e-01  -1.9357986e-01  -2.7767652e-01   2.5027608e-02  -8.3487466e-02  -6.6045133e-02  -1.9407794e-01  -1.0194278e-01  -1.2327974e-01  -2.9803884e-01
   3.4941190e-01  -1.3960361e-01  -6.0632400e-02   1.1988059e-01  -1.8496562e-01   3.0363486e-01  -2.5813667e-01   0.0000000e+00   1.5872720e-01  -1.5741423e-01   2.9623689e-01  -2.0782843e-01   8.1631251e-02   1.6800854e-01  -7.2121557e-02   3.5301086e-01  -1.3505962e-01   1.9414333e-01   2.6711845e-01  -1.0218785e-01   4.4048085e-02   2.9678090e-01   6.6449063e-03   4.8108589e-01   3.0115939e-02   4.4537681e-01  -9.8771299e-02   1.9943608e-01  -1.0703334e-02   2.4333051e-01   3.7492855e-02   3.8879251e-01   3.1102586e-01  -1.8470087e-01  -3.0901957e-01  -4.8188568e-02   7.6943530e-02   1.7332676e-01   3.6066224e-01  -2.4862140e-01   1.6572313e-01   3.7677431e-01  -1.8997889e-02   1.2319476e-01   2.2658145e-02   2.6941606e-01   1.4750986e-01  -9.8138693e-02   1.7134006e-01  -2.6351569e-01   1.4515325e-01   5.8620341e-01  -9.8995176e-02   5.6552549e-02   7.2311542e-02   2.0883271e-01   2.9791296e-01   4.1084992e-01   2.3106496e-01   4.6044830e-01   1.5714423e-01   1.4260157e-01  -5.7071053e-02   1.5728199e-01  -5.0946783e-02  -1.2460913e-01   2.1371659e-01   6.6461262e-02   4.3304292e-01  -9.6005020e-02  -2.9084652e-01  -5.8263414e-02   1.0140388e-02  -1.0252863e-01   1.8066135e-01   4.6413383e-01   2.7713910e-01   1.5299105e-01  -2.6834380e-01   2.2821027e-01   4.0570333e-01   9.9920021e-02  -1.1835572e-01   4.5038132e-01  -1.6813429e-01   5.8533892e-01   1.7721372e-01   3.7120409e-02   7.2264204e-02   1.9857492e-01  -2.1512221e-01   3.1298732e-01   1.9208630e-02   2.4622669e-01   3.0753994e-01  -2.6543364e-01   7.5115361e-02   5.3909564e-01  -1.3646122e-01  -1.0055889e-01   1.2848891e-01   1.7501894e-01   2.1353611e-01   3.0928496e-01   2.3544376e-01   4.8746057e-01  -5.1682366e-03   6.4389465e-01  -1.3471418e-03   8.0642924e-02  -2.6188030e-01   3.0043516e-01   7.8316611e-02   3.4149462e-01  -9.3841513e-02  -1.5465119e-01   4.0121391e-01   2.9673016e-02  -5.8030796e-02  -4.5164121e-02   3.1831424e-01  -1.4099571e-01  -3.7102206e-02  -1.3528835e-02   2.9568639e-01   6.7820344e-02   2.5465449e-03   2.5502534e-01   3.1518663e-01  -2.5843984e-01  -6.5068306e-02   3.3917640e-02  -3.8900928e-02   1.1381732e-01  -2.5174560e-02   5.0625522e-01   6.8954259e-02   1.3907206e-02   5.3204061e-01  -2.7663950e-02   3.3394502e-01  -4.9490237e-03   2.9824724e-01  -1.3680078e-01   1.0435059e-03   2.1229625e-01  -3.1294563e-01  -1.0214457e-01  -2.0263567e-02   1.0831603e-01  -1.9399164e-01   9.8525212e-02   9.3015919e-02   1.9563122e-01  -2.5899835e-01   1.7931752e-01   3.8004039e-01   2.0758377e-01   1.6973126e-01   4.2604003e-01  -8.4375033e-02   4.5422122e-01  -9.0071831e-02   1.4513653e-01   4.3754554e-01  -9.6872053e-02   2.1020391e-01  -1.0878310e-01   3.1328604e-01  -3.1659036e-02  -2.0010154e-01   8.0904754e-02  -9.8602817e-02   7.7896929e-03   2.0118020e-01   6.8487870e-03   4.6238678e-01
   4.8066614e-03  -8.7690007e-02   2.0105358e-01   5.8261796e-01  -8.8135934e-02  -1.6756557e-01  -2.8529543e-01   1.5872720e-01   0.0000000e+00  -2.2216646e-01  -5.5450067e-02  -3.8390352e-01   3.3628053e-01   1.8093587e-01  -3.7091685e-01  -4.9772562e-02   1.9579282e-01   7.6371517e-02   2.0739942e-01  -3.9842651e-02  -2.8605676e-01   3.3148496e-01  -2.1919139e-01   8.5327495e-02   1.2671284e-01  -1.1600833e-02  -6.5541849e-02   1.2468605e-01   2.6140107e-01   1.0743861e-02  -9.9386620e-02   3.1694008e-01   1.8713741e-01  -4.3140091e-01   4.6634861e-03  -1.9526886e-01   3.2365489e-02   1.3431479e-02   2.3509171e-01   6.0191150e-02   2.9199513e-01   1.1113913e-01   4.5417866e-02   1.3111088e-01   9.3474425e-03   5.8786719e-02  -8.7048767e-02  -4.2865740e-02   3.0653486e-01   1.2803335e-01  -3.1179336e-02   2.2017060e-01  -1.9051698e-01   1.8466213e-01   9.3383734e-02  -5.1785105e-02   1.0147930e-01   3.5538489e-01   2.8533509e-01   2.9115841e-01   2.1160378e-01   4.3376067e-01   5.7789683e-01   1.1722586e-01   2.0117043e-01  -2.0775357e-01  -1.3494042e-01   2.0233217e-01   1.6075607e-01  -1.2099180e-01  -4.2475637e-02   1.2519130e-01   7.5696921e-03   9.4220145e-02   1.2458924e-01   1.5049157e-01   2.5731068e-01   4.2152227e-02  -2.5614802e-01   3.4453555e-01   1.3233410e-01   6.7198635e-02   1.8717788e-01   1.7808909e-01   3.8705376e-01   1.2807442e-01  -1.0204805e-03   2.0639292e-02   4.0535445e-02   6.2224121e-02  -7.0780500e-02   2.0174388e-01   6.5495406e-02   4.8805878e-01   8.7005020e-02  -9.4279549e-02   2.5092831e-01   2.2817483e-01   1.7513089e-02  -2.1278385e-02   1.0459602e-01  -2.3018375e-01   1.4796435e-01   4.0198900e-01   1.4311285e-01   3.7641686e-01   2.3694148e-01   3.1158927e-01   7.7031099e-02  -7.9695683e-03  -2.3965875e-01  -1.5456585e-02   5.4314224e-01   1.7569293e-01  -1.3845248e-01  -8.1956725e-02   1.7702902e-01   6.6605200e-02   1.1706123e-01   2.0790114e-01   1.4346674e-01  -2.0320908e-01   1.0056057e-01  -1.0068084e-01   1.6307041e-01  -4.5683321e-02   9.8625708e-02   4.1082496e-01   3.6722754e-01  -7.8062242e-02   2.7653409e-01   8.9200648e-02   1.3138939e-01  -1.0105564e-01   3.2239029e-01   2.3631206e-01   3.3106131e-01  -5.4194032e-02   3.2354668e-01  -1.3143238e-02   2.2047824e-01   1.6091675e-01  -2.5177040e-01  -1.6148076e-01  -1.1950307e-01   1.9915581e-01  -2.9571404e-01  -1.1378882e-02  -2.7595209e-01   1.0718290e-01   2.2779986e-02   1.3912590e-01   2.6497959e-02   7.6887618e-02  -8.1194987e-02   5.9657045e-02   1.6568511e-01   2.6220729e-01   3.3314250e-01   2.8896354e-01   3.1096665e-01   5.3783771e-02  -6.2592228e-02   2.4021396e-01   3.6805418e-01  -5.2438818e-02   1.0656890e-01  -2.3076137e-01   5.6057766e-02   3.4854057e-01  -2.2808275e-01   1.8344950e-01   1.9174688e-01  -3.6934057e-02   1.9028792e-01   3.8128167e-01   3.8224847e-01
   4.6795552e-02  -1.9247662e-01  -2.1612470e-01  -2.1204205e-01   1.2216317e-01   1.7753471e-01   1.6811347e-01  -1.5741423e-01  -2.2216646e-01   0.0000000e+00   1.8523879e-02   2.1936811e-01  -2.4146771e-01  -9.9310353e-02   3.0771896e-01  -1.0065965e-01  -8.5867492e-02  -3.5344512e-01  -8.2102092e-02   3.5930218e-01   2.0583613e-01  -3.4271455e-01   4.5339988e-01  -1.0831178e-01  -2.2742355e-02  -1.3813053e-01  -1.1915210e-01  -1.2873689e-01   9.6461414e-03  -2.7639252e-01  -2.2823383e-01  -3.3344729e-01  -1.4320385e-01   4.0964763e-01  -1.6778966e-02   2.9770365e-01  -4.1845734e-01   3.3796068e-01  -4.7295482e-02  -1.1679648e-01  -3.3732608e-01  -2.3466986e-01  -2.4447963e-01   1.5640623e-01  -4.1123876e-01  -1.2601967e-01   4.4539578e-02  -8.1548942e-02  -5.2997434e-01  -1.3377633e-01  -1.3616772e-02  -7.7632347e-02  -4.9157224e-02  -1.6251027e-01  -6.1067539e-02  -5.0936328e-02   1.2717205e-02  -4.5119427e-01  -1.4059561e-01  -2.1425566e-01  -1.5315610e-01  -4.2967169e-02  -2.4832805e-01  -4.2804022e-01   2.0340696e-01   8.2481930e-01   2.1671701e-01  -2.1338035e-01  -1.4876095e-01  -1.6501815e-02  -2.1090495e-02  -9.2826642e-02  -2.1925240e-03   1.5004842e-01  -2.4096210e-01  -2.9518628e-01  -4.4854062e-02   1.6894462e-01   6.7806615e-01  -2.0222574e-01  -8.4033280e-02  -4.8736689e-02   3.3805252e-02  -1.1749473e-01  -8.6540341e-02  -4.0928366e-01  -3.7672375e-01  -1.1321964e-01  -2.1000330e-01   6.1750054e-02   7.8804894e-01   3.1838802e-02   3.1550924e-01  -8.1070173e-02   7.8019614e-02   6.0579547e-01  -4.5133069e-01  -2.4583282e-02  -7.4641726e-02   1.5769565e-01  -3.0212660e-01   1.1987341e-01  -2.4717927e-01  -1.3307439e-01  -3.1974813e-01  -4.1606789e-01  -6.8785021e-02  -4.7025745e-02   5.2133612e-01   3.1845077e-01   2.8034540e-01  -2.1631540e-01  -2.4074635e-01   1.2569325e-02  -3.1590502e-02   1.8579540e-01  -1.4598234e-01  -9.0193368e-02  -5.8915337e-02  -2.4420474e-01  -1.9199152e-02   8.0483795e-01  -3.8552941e-01  -2.2691699e-01  -5.9911452e-03   1.3027878e-02  -1.3252695e-01  -2.5207345e-01  -4.1042351e-01  -7.3100020e-02  -1.1373604e-01   1.9990591e-01  -3.5890691e-01  -5.5529202e-02  -3.5786655e-01  -9.6890311e-02  -2.6712369e-01  -8.2228866e-02  -2.7282246e-01   2.0694735e-01   6.0932211e-02  -2.3477100e-01  -1.4981481e-01  -4.8890391e-02   3.5664384e-01  -2.7276745e-01   1.6656293e-01   4.8232040e-01   4.8681391e-01  -2.1704358e-01  -1.7517111e-02  -5.3973967e-02  -2.9692932e-02  -1.5425852e-01  -9.7086528e-02  -5.6683072e-02  -1.0878090e-01   1.4057523e-02  -1.1429800e-01  -2.3517175e-01  -2.6092147e-01  -1.4889365e-01   8.3718230e-01  -2.7792434e-01  -2.1771826e-01   2.0292203e-01   4.9751057e-03   1.3260919e-02  -1.1207470e-01  -9.0219043e-02   8.3834317e-01   4.2315185e-02  -2.7835073e-01  -1.1410088e-02  -2.3513094e-01  -2.4553724e-01  -1.7239277e-01
   1.4070363e-01  -6.0283897e-01  -3.6529918e-01   6.4531825e-02  -2.0479944e-01   2.6534498e-01   2.3296241e-01   2.9623689e-01  -5.5450067e-02   1.8523879e-02   0.0000000e+00  -2.5650410e-01  -9.2594296e-02   1.3116584e-01   3.1439444e-01  -3.6641543e-02  -3.1204607e-01   4.5778089e-01   1.3291060e-01  -1.7783280e-02   5.6229018e-01   3.1263145e-01   5.3802707e-01   4.9543182e-02   9.8338278e-02   2.3803855e-01   1.7197460e-01   1.4440138e-01   1.4772835e-01   5.1424155e-01   2.1626426e-01   2.6266851e-01   2.1696593e-02   4.3603117e-02  -2.3794791e-01   3.1593048e-01  -2.7938193e-01   5.9064378e-02  -5.2538208e-02  -3.3924638e-01   8.1257772e-02   2.2235081e-01  -3.5510471e-01   4.4689239e-01   1.0785543e-01  -1.1771657e-01   7.0285562e-01   8.9205186e-02  -1.5266794e-01  -3.4747151e-01   6.4105176e-01   2.3966172e-01  -1.6747526e-01  -8.3557416e-02   1.2532233e-01   4.1781038e-01   1.5923095e-01   1.0214930e-01   4.2298085e-01   3.0126010e-01  -4.3083575e-03  -3.3058818e-02  -2.8301630e-01   6.7598890e-02   6.3398192e-03  -1.1568020e-01   2.8506594e-01  -7.6616619e-02   5.4265272e-01  -3.3103437e-04  -4.1620645e-01   3.7851466e-01  -1.6940732e-01   3.6041928e-02  -2.0019610e-01   2.9552064e-01   5.1237292e-02   4.6851597e-01  -1.7307772e-01   1.6580694e-01   3.6405522e-01  -2.3048940e-01  -6.9284742e-03   2.6555229e-01  -1.2594387e-01   3.2513251e-01   5.3426943e-02  -1.0070258e-02  -1.7931516e-03   1.8668443e-01  -1.5770771e-01   1.0512056e-01  -1.9171147e-01   1.6455970e-01   2.5525286e-02  -1.9204713e-01  -1.4023614e-03   2.5920943e-01  -2.1998377e-02  -1.7480077e-01   2.4375105e-03   4.8035507e-01   1.6099682e-01   6.7539909e-02   4.4668480e-01   8.1743116e-02  -1.0998129e-01   2.4937331e-01   1.1807239e-01   2.3770180e-01  -1.3974084e-01   3.8480527e-01   2.9505483e-02   7.7863577e-02   2.1777438e-01  -5.4881946e-01   6.4957528e-02   3.1959363e-02   1.1664745e-01   8.5413233e-02   8.5055651e-02  -1.2928310e-01  -7.5639466e-02  -4.4535773e-02  -5.4915751e-03   2.4163351e-01   2.0372497e-01  -9.0261673e-03   2.2825125e-01  -2.9941176e-01  -2.2273116e-01   2.1370613e-01  -5.3570369e-01   1.8734157e-01  -1.0052245e-01   3.1329361e-01  -5.7726121e-02   3.3215732e-01   1.7675309e-01  -3.4773476e-02   2.4470224e-01  -1.8467776e-01   4.9086893e-01  -4.8197818e-03   2.6483767e-01   3.1536525e-01  -1.2120040e-01  -3.2632040e-01   2.9326394e-01  -2.0721133e-02  -2.8169397e-02   2.9691466e-01   1.3887073e-01   6.1467763e-02  -6.0079448e-01  -1.0967458e-01   1.5274501e-01   2.9847240e-01   3.3282228e-02   2.0212282e-01  -1.9149807e-01   6.2955139e-01   6.6570843e-02   4.5826588e-01   1.7123245e-01  -6.8360380e-02   7.5638188e-02   6.4265251e-02   7.5664034e-02  -2.8086497e-01   2.3720263e-02   9.6590769e-03   1.9070408e-01   9.4688402e-03   1.8236715e-01  -1.2920967e-01   2.2482076e-01
  -9.8278284e-02   5.2628915e-01   2.7755990e-01  -3.4426360e-01   3.0737653e-01  -9.7020362e-02   1.8667505e-01  -2.0782843e-01  -3.8390352e-01   2.1936811e-01  -2.5650410e-01   0.0000000e+00   1.2167908e-01  -2.7490206e-01   2.0240527e-01   2.2924017e-01   1.4031570e-01  -1.8798466e-01  -1.0958621e-01   2.7955235e-01  -1.8943110e-01  -3.1835622e-01  -1.3856835e-01  -2.7707946e-01  -1.7512967e-02  -1.5963593e-01   2.2643054e-01  -2.9871976e-01   2.4541245e-01  -1.4969287e-01  -7.9766009e-02  -2.4146901e-01  -1.3155231e-01   5.5567266e-01   5.1107438e-01   2.9657702e-01   2.3934028e-01   1.8008938e-02   8.2234394e-02   2.7121281e-01  -6.4986228e-02  -3.1642609e-01   1.7709778e-01  -2.5011690e-01   8.3973387e-02  -1.8554483e-01  -1.0809651e-01   2.0526666e-02  -1.0445066e-03   1.5983750e-01  -1.0443462e-01  -3.1575255e-01   2.8176390e-01  -5.5272912e-02  -1.8233494e-01  -2.8102398e-01  -1.7468364e-01  -1.4588086e-01  -2.8965041e-01  -2.2435543e-01  -2.3512208e-01  -7.7052868e-02  -2.0830769e-01   1.2788484e-01  -2.1000135e-01   3.4617244e-01   2.6301390e-02   2.6012080e-02  -3.9522056e-01   1.6505818e-01   5.0341307e-01  -1.8514453e-01   4.2578969e-02   1.7112873e-02  -1.5520336e-01  -1.6720735e-01  -3.9951177e-01  -2.2712138e-01   3.6126946e-01  -1.9503667e-01  -2.6901684e-01   1.9436655e-03  -3.0344213e-02  -1.2420048e-01  -2.2050878e-01  -3.3605703e-01  -1.1223148e-01  -1.8087314e-01  -5.6125826e-02  -2.0004657e-01   8.8404334e-02  -2.9246558e-01   1.2148669e-01  -2.4602637e-01  -1.3070769e-01   3.2852176e-01  -1.0751609e-01  -4.1097276e-01   1.2932547e-01   2.8450408e-01  -8.9352464e-02   1.4326245e-01  -3.5990402e-01  -4.0521866e-01  -2.4950435e-01  -3.1811729e-01  -5.0554982e-03  -4.0646638e-01  -1.6187092e-01  -1.5174217e-01   2.1479054e-01  -1.7979201e-01  -4.2455169e-01  -2.1312273e-01  -2.4459280e-01   2.7248360e-01  -1.3791387e-01   1.7843436e-01  -2.3757680e-01  -1.1299950e-01  -3.6201740e-01   2.5418415e-01   1.3263001e-01  -3.3433860e-02  -9.9096389e-02   2.3709182e-02   5.3201145e-02  -2.5060392e-01  -3.2509801e-01   4.6512427e-01   5.5753213e-02   1.7819251e-01   1.7040664e-01   9.3021887e-02  -6.8898823e-02  -2.0409702e-01  -1.3857701e-01  -8.4868869e-03  -1.3192761e-01  -3.6833735e-02  -1.9099657e-01  -1.9525840e-02  -8.6636208e-02   1.6690775e-01   9.9837093e-02  -2.4634963e-01   4.7505210e-01   2.3777093e-01   2.2420094e-01  -1.4890894e-01  -1.2606331e-01  -3.7574263e-01  -1.6090781e-01  -8.9197340e-02   5.7406107e-01  -1.2171880e-01  -3.9801548e-01  -1.8688426e-01  -3.6468502e-01  -3.2311548e-01  -8.7810409e-02  -3.3699066e-01   1.2392239e-01  -3.7528988e-01  -2.6497871e-01   1.6971438e-01   1.3370431e-01  -1.1509810e-01  -2.6811773e-01  -7.6089390e-02   1.5721759e-01  -1.9351028e-01  -2.2719235e-01   1.6924522e-01  -2.8333547e-01  -1.4011688e-01  -3.7317579e-01
   4.2613573e-02   1.2116242e-01   1.1540744e-01   1.5970781e-01   6.3108749e-02  -1.6594743e-01  -1.4591952e-01   8.1631251e-02   3.3628053e-01  -2.4146771e-01  -9.2594296e-02   1.2167908e-01   0.0000000e+00  -2.0343952e-01  -2.0837760e-01   3.2438044e-01  -1.2740166e-01   2.2840190e-01  -1.5888555e-01  -1.3559265e-02  -2.2794034e-01   8.0666480e-02  -3.1418641e-01  -1.0031047e-01   3.3099407e-02   3.5984008e-02  -9.3337394e-02  -2.9218162e-02   1.7468714e-01  -1.4442217e-01  -1.3116375e-01   3.3962187e-01   5.8294327e-02   8.2353324e-02   2.7651894e-01  -4.6607760e-02   2.6005673e-01   4.0857524e-02   1.9575151e-01  -7.6252216e-02   5.5896060e-01  -1.0474812e-01   2.9668572e-01  -1.2783096e-02   2.4308148e-01  -6.7330976e-02  -1.3842404e-01  -1.5843738e-01   1.5968761e-01  -1.3170167e-01   1.5594749e-01   1.8126022e-02   1.4841132e-01   1.2705656e-01  -2.0703850e-01  -1.0327880e-01  -2.0369827e-02   4.4470760e-01   1.9187815e-01   9.7555960e-02  -3.7979335e-03   3.2085271e-01   7.1289674e-02   2.6659801e-01  -1.6622979e-01  -1.0873700e-01  -1.7037281e-01   1.7744632e-01  -6.2335321e-02  -5.3341522e-02   3.5254739e-03   2.4973243e-02   1.5421430e-01   3.2535073e-02   2.4706431e-01   2.8313389e-01  -6.0355452e-02  -2.0655028e-01  -1.3482917e-01   2.2768354e-01  -4.4124571e-03   3.0426941e-01   4.0463443e-02  -1.4030955e-01  -1.0603682e-01   1.5849825e-01   1.2940736e-01  -8.2850794e-02   5.7044939e-02  -1.7915742e-02  -2.6156686e-01  -3.0739587e-03  -1.1131185e-01  -2.7635715e-02   3.6306568e-02   1.0757853e-01   3.0579463e-01   2.2747491e-02   1.2375405e-01   1.6409440e-01  -5.0646206e-02   1.1554669e-01  -9.7400892e-02   1.0238282e-01   2.0988349e-01   1.6359537e-01   1.4894263e-01   2.7571625e-02  -1.1884375e-01  -1.1717076e-01  -6.2274386e-02  -3.1755302e-02   1.1385258e-01  -3.0202157e-02  -1.5985751e-01  -1.0642280e-01   2.8771187e-01   6.3162729e-01  -1.4812497e-01   1.8610969e-01   7.4977156e-02  -1.4130788e-01   1.2805719e-01  -8.2780547e-02  -9.8804899e-02  -6.0254473e-02   5.5446418e-02   7.5127582e-02   7.9400648e-02   4.5404608e-02   4.1651061e-01   5.1199901e-02   6.4005819e-02  -8.9679272e-02   3.3139973e-01   9.4871293e-02  -2.4303038e-02  -1.2873964e-01   2.5059598e-01  -1.1501097e-01  -1.2312551e-01   3.4660204e-01  -1.2017309e-01  -5.7702657e-02  -1.1830089e-01  -6.9203805e-03  -1.0375875e-01   3.6747177e-02   1.8685439e-02  -1.3624312e-01  -8.4305978e-02  -1.5384063e-01   1.4534829e-01   1.6212535e-01   1.3949903e-01  -3.5692209e-02  -7.0575675e-02   1.0516759e-01   1.1556359e-01   1.4513655e-01   1.0378444e-01   3.8271826e-02  -8.8727058e-02  -9.8044489e-02   1.3459521e-01   3.5513078e-02   2.0867824e-01  -2.5414262e-03  -1.1387933e-01   1.1922840e-01  -1.9686744e-01   7.9170140e-03   1.4539257e-01   1.3974987e-01   6.4476875e-02   2.8895848e-01   1.1629545e-01
   3.6454746e-01  -2.8146947e-01  -3.1271400e-02   2.1876359e-01  -4.3849076e-01   5.3152955e-02   3.1964859e-01   1.6800854e-01   1.8093587e-01  -9.9310353e-02   1.3116584e-01  -2.7490206e-01  -2.0343952e-01   0.0000000e+00   9.4452376e-02  -2.6103820e-01  -8.3071312e-02  -7.6802350e-02   3.0014528e-01  -3.8195366e-01   1.2884405e-01   2.0753705e-01   2.8747593e-01   5.0693393e-01   2.0682571e-01   7.9775662e-02  -7.1488918e-02   3.1169152e-01   1.7222097e-01   4.2235289e-01   3.3462994e-01   3.4735131e-02   1.2751301e-01  -2.2698852e-01  -4.2178662e-01  -1.9761055e-01  -1.5580089e-01   7.5415829e-02  -4.7590946e-02  -1.8255785e-01   1.2115763e-01   3.5051512e-01  -1.3055585e-01   4.3483817e-01  -7.1505219e-02   4.4031519e-01   1.7594459e-01   4.3161858e-01   6.7450713e-02  -1.7385068e-01   6.9623798e-03   2.2395683e-01  -1.6328287e-01  -1.3856498e-02   3.1002115e-01   3.0440071e-01   3.2007630e-02   3.8155561e-02   1.8967579e-02   1.1527625e-01   2.1883571e-01   2.3844197e-01   1.7142022e-01   2.4415345e-02  -9.4819596e-03  -1.6439566e-01   2.6641035e-01  -1.3642948e-01   3.2455559e-01   3.4330776e-01  -1.3311726e-01   1.2302407e-01   5.5078258e-02  -1.3973355e-01   1.1295946e-01  -1.5230306e-02   3.6170134e-01   4.1739233e-01  -3.4902302e-01   2.0351574e-01   4.9982449e-01  -9.2274128e-02   5.5840222e-02   2.9898625e-01   4.9921133e-01   1.0814384e-01  -1.6939752e-03   5.2280834e-01  -1.2577661e-01   1.9517237e-01  -2.7190477e-01   1.9740785e-01  -2.7128695e-02   2.5071936e-01   2.3269459e-01  -4.3118607e-01   1.7683685e-01   2.0198670e-01  -1.1818296e-01  -8.9513168e-03   2.8677560e-01   1.0192196e-01   5.9324664e-01   2.0947051e-01   2.2267325e-01  -7.2876492e-02  -1.0790129e-01   2.4977370e-01   1.0317990e-01   2.1704510e-01  -7.4203530e-02   2.5579314e-01   2.6782890e-01   3.7769140e-01   6.1596945e-01  -3.1982811e-01  -1.3134719e-02  -1.9390582e-01   5.9536358e-01   4.6640423e-02   3.7598074e-01  -2.9424717e-01  -1.7747423e-03   1.1705669e-01   4.5222456e-01   2.4605343e-01   8.9952400e-02   2.1580572e-01   2.8998112e-01  -1.0168156e-01  -1.6234522e-01  -7.9627537e-02  -1.9719767e-01   3.5240809e-01   3.8715706e-02   1.8833221e-01   4.2094113e-01   5.5556433e-01   1.2363636e-01   1.0159731e-01   2.0917598e-01   2.6634087e-02   1.2299626e-01   3.6478505e-01   2.7644077e-01   5.2183362e-01  -6.3718167e-02  -8.3002810e-02  -4.9870989e-02   3.9158022e-02   4.4158488e-01   6.4976306e-01   9.1569640e-02  -1.3223316e-01  -4.1545610e-01   2.9126247e-01   4.9518206e-01   1.1204914e-01   5.4184317e-02   4.8644191e-01  -1.0970344e-01   2.2771575e-01  -6.1740946e-02   2.5167059e-01   1.8000727e-01  -3.9767107e-01  -2.3258225e-01   3.1736059e-01   3.0896805e-01  -9.1472918e-02  -2.7661702e-01   1.5086058e-01  -4.8664489e-04  -3.1101753e-01   2.5393274e-01   8.0279509e-02   1.5588602e-01
