   0.0000000e+00  -8.6099759e-02  -2.0101066e-02  -2.4115962e-03  -4.4107057e-02   2.2738641e-01  -2.1411914e-02   1.1409626e-01   1.9515403e-04  -1.3379734e-01  -2.8583945e-01  -1.4299918e-01  -1.6646587e-01   1.8174663e-01  -1.4836817e-01   1.4379681e-02  -2.0138984e-01  -5.4615242e-02  -1.1264351e-02  -8.0209793e-02  -1.5084667e-01   1.8329600e-01  -5.0952379e-02   6.3676814e-01   8.3336232e-02   1.1443770e-01   7.3730364e-02   9.9934367e-02  -4.5106739e-02   2.3375345e-01  -3.9077908e-01   9.0700196e-02   2.0978357e-01   5.9339455e-02   2.1414693e-01  -1.6603455e-01  -2.2185503e-01   4.3051919e-01  -1.2494780e-01  -1.9609481e-01  -4.5296135e-02   4.8335722e-01  -7.5167049e-02  -8.0584483e-02  -1.4525569e-01   5.5058698e-01  -4.5934849e-02   4.8034362e-02  -1.4344914e-01  -2.5205300e-01  -8.4524559e-02   7.5200365e-02  -1.9863117e-01   1.1918706e-01   3.5881642e-02   2.2480140e-02   1.6685821e-01   2.7447057e-01   1.1708933e-01   1.7596657e-01  -2.4482069e-01  -1.5425476e-01  -3.2208146e-01  -2.8804973e-01  -2.9793826e-01  -2.2798267e-02   5.9583054e-02  -8.2809970e-02   7.2842627e-02   3.6337757e-01  -1.7514408e-01   1.1286968e-01  -6.8388496e-02  -8.8187682e-02  -1.8112787e-01   6.1236194e-02   3.6434549e-01  -6.6767393e-02  -9.3018457e-02  -3.7428521e-02   8.6291443e-02   2.6180671e-02  -2.1203406e-01   7.7143551e-02  -1.8672660e-01   2.0080649e-01  -1.4266715e-02   2.1108780e-01   5.0967421e-02   6.3154930e-01  -1.8378440e-01   4.2025404e-02  -1.5478191e-01   1.9446646e-02   4.9153361e-01  -6.8224853e-02  -1.2881435e-02   1.2131430e-02  -7.8325907e-02  -2.9693790e-02  -5.6307677e-02  -1.7460970e-01   1.8921498e-01   2.2875841e-01   1.8833846e-01   5.4830029e-02  -1.0256285e-01  -2.0616927e-02  -8.6076093e-02  -4.5841377e-02  -2.2922195e-01   2.9627500e-01   2.5757411e-02   4.3261097e-01   6.2171692e-03  -1.7168002e-01  -1.1532616e-02   2.0491072e-02  -1.1242386e-02   7.0005577e-02   5.8511943e-01  -8.6430769e-02  -7.0558866e-02  -1.1728655e-01   5.8331080e-01  -1.1200954e-01  -6.1757223e-02  -4.7951660e-02   8.9085502e-02  -1.6904659e-01   1.5526023e-01  -2.1299842e-01  -6.3379150e-02  -2.6854174e-01  -4.4607095e-02   1.2217385e-01  -2.2252815e-01   1.1351444e-01   2.5166880e-01   3.9683440e-01   4.2563950e-01  -2.4152799e-02   6.1598726e-02   1.8288711e-01  -3.2875786e-02  -1.5797856e-01   7.4792927e-02  -2.0526438e-01   2.3395921e-01  -3.0810158e-01   2.0928993e-01  -2.8619904e-01   6.2991304e-01  -1.2937074e-01  -1.2678428e-01   5.9509380e-01   3.0393294e-01  -3.0562107e-02  -2.3319098e-01  -2.3570817e-02   1.3776075e-01  -5.8708745e-02  -4.0237949e-01   6.2345839e-02   1.1886173e-01  -7.6184653e-02  -1.7539976e-01  -1.4640549e-02   3.8082066e-01  -3.5650097e-01  -2.0346443e-01   9.5859571e-02  -4.3734226e-03   2.1257253e-01   1.6131393e-01  -1.5146635e-01   2.0610684e-01
  -8.6099759e-02   0.0000000e+00  -1.7001132e-01  -1.0421569e-01   2.5868286e-01  -1.7308859e-01   1.5799083e-01  -2.5811662e-01  -3.0073856e-01   1.6570153e-01   2.0060943e-01   4.2273444e-01  -2.8744644e-01   2.5352396e-01   3.0052869e-01   1.0234363e-01   1.8153717e-01  -1.6120759e-01   3.0135181e-02  -9.3659835e-02   3.5978799e-02  -3.1090026e-01  -3.6284903e-02  -3.6595074e-01   1.0685206e-01  -1.3542754e-01   6.8725645e-02   1.3354826e-01  -2.0918440e-01   1.4502971e-01   4.2196294e-01  -4.6247511e-01  -6.3446213e-02   1.1045567e-01   1.8090071e-01   1.0860897e-01   2.8144234e-01  -3.0333182e-01   2.5536208e-01   1.1647640e-01  -2.4284857e-01  -6.2958748e-02  -1.2735146e-02   2.9226515e-01   1.7772698e-01  -2.3952420e-01  -1.2617313e-01   2.7278477e-01   3.9804421e-02   2.0434198e-01  -2.5557780e-01  -1.7087214e-01   5.0467985e-01  -3.8698265e-01  -2.2142220e-01   3.0184247e-01  -6.2565353e-02  -5.7765632e-01  -1.1618464e-01   2.2546270e-02  -2.4093914e-01   7.4228159e-02  -1.4277301e-01   6.6356021e-01   4.2330746e-01   1.2742604e-01  -4.4847738e-01  -6.1392652e-02  -2.7973651e-01   5.6942321e-03   5.3796693e-01  -2.8871332e-01   2.7434093e-01   1.2022927e-01  -1.4249593e-03  -2.5797272e-01  -3.9161930e-01   3.9734877e-02   2.9807310e-01  -1.7034665e-01  -1.5605184e-02   1.0356456e-01   2.9488464e-01  -1.7684723e-01   1.9063639e-01  -5.2734828e-02   3.7704256e-01  -1.7002127e-01   6.3013513e-02  -6.4497137e-02   2.7279014e-01  -2.0537660e-01   7.2699123e-02  -2.1972025e-01  -4.5467512e-01   3.4375836e-01  -2.3869638e-01  -2.9659041e-01   1.5601360e-02  -1.0468953e-01   1.7230877e-01   4.6578640e-01  -2.4991219e-01  -1.8831724e-01  -2.6712647e-01  -3.7888246e-01   1.0583140e-02  -3.6777078e-01   1.2457477e-01   1.1302921e-01   1.1874488e-01  -2.6439265e-01  -3.0233917e-01  -1.9036393e-01   2.4201020e-01   3.9012640e-01   1.8537635e-03   4.4743236e-02   2.6385308e-01  -1.8634173e-01  -2.9407127e-01   1.4420572e-01  -1.9810344e-01   2.2483279e-01  -2.7260875e-01  -2.1122712e-01   2.6394883e-01  -3.6041630e-01  -4.0888224e-01   3.5548658e-01  -6.0669974e-02   4.7063751e-01   4.3519516e-01   3.1933391e-01  -2.4721853e-01  -1.5493160e-02  -1.8976104e-01   2.2268068e-02  -2.2372587e-01  -4.0273101e-01  -1.8665118e-01  -1.6302885e-01  -3.2462403e-01  -2.2610430e-03  -1.0096004e-01   3.4516568e-01   2.4075279e-01   5.2752321e-01  -2.5378382e-03   2.9704777e-01   4.2991114e-02  -2.0036542e-02  -3.3912374e-01   5.4627603e-01   2.7140299e-01  -2.3874845e-01  -3.3478743e-01  -4.7322069e-02  -2.8015593e-01  -4.7083717e-02  -8.4820340e-02   1.6389632e-01   1.3098598e-01   2.1252442e-01  -2.8611936e-01   3.3779872e-01   9.5300031e-02  -1.6152927e-01   2.1303451e-03   2.6824399e-01   2.1168236e-01  -2.0389477e-01   1.0852519e-01  -3.5500927e-01   1.4666034e-01  -1.2611203e-01  -4.7138326e-01
  -2.0101066e-02  -1.7001132e-01   0.0000000e+00  -1.7866025e-01   2.9245496e-02   9.7490435e-03   1.2819063e-01  -3.6442465e-01  -2.3754616e-01   4.1272035e-01  -2.2855878e-01   2.6944137e-01   1.9827059e-01  -3.7425252e-01   2.8399340e-01   7.2869137e-02   6.5305393e-01  -2.6981556e-01   9.5676308e-02   4.5613052e-01  -3.5412299e-02  -4.7295445e-01   1.7310785e-01  -1.1664377e-01  -3.8921046e-02  -1.5429913e-01   1.8700494e-01  -8.0664479e-02   7.3580364e-02  -4.0441357e-01   2.9797726e-02  -1.4583669e-01   6.2567474e-02   3.4944274e-01  -2.5729958e-01   7.3071060e-02   1.0584507e-01   9.3007572e-02  -4.6408939e-02   6.3143234e-01  -4.4645847e-02   1.6995837e-01   3.5850453e-02  -1.4110741e-01  -2.7134113e-01   3.3171370e-01  -3.1542765e-01  -2.6091188e-01  -6.7631160e-02   6.2184040e-01  -7.0682859e-02  -1.4423537e-01   2.9430808e-03   3.5004669e-01   1.2225327e-01  -8.4824144e-02  -1.4373123e-01  -2.5278457e-01  -1.2059369e-01  -3.0763117e-01   6.2362697e-01   1.6497795e-01  -1.2184000e-01   1.5909508e-02  -7.5784177e-02   3.3066547e-01  -6.0213402e-02  -2.1904415e-02  -3.6766776e-01   5.7965525e-01   3.3671846e-02  -3.6260695e-01  -1.3285772e-01   4.3273233e-01   6.1946381e-02  -1.7446698e-01   3.0124465e-01  -1.6041703e-01  -1.8498361e-03  -1.7826661e-01  -1.9686544e-01  -1.3653570e-01   5.7822816e-02  -2.3425614e-01   4.4209278e-01  -2.7087059e-01  -3.0419641e-01   7.4605063e-03  -1.1295392e-01   4.0054733e-02   1.3634805e-01   5.3984910e-01   3.6039309e-01  -2.3964830e-01  -4.4958132e-02   1.1895000e-01  -1.3307778e-01  -2.4934828e-01  -2.9791358e-02   1.0619916e-01   1.7734128e-01   4.1307010e-01  -3.5975503e-01  -4.6961743e-01  -4.4035260e-01  -1.4154396e-01   4.4100452e-01  -2.7788285e-01   5.9188330e-02  -9.9203598e-02   5.8002158e-01  -4.8978024e-01  -2.3308413e-01   1.2430064e-01   2.5066192e-01  -7.7035989e-02  -5.7219305e-02  -6.0105823e-02  -1.7699569e-01  -2.1563503e-01  -6.0516059e-02   1.7203787e-01   1.7044401e-01   1.7264534e-02  -2.0461815e-01   2.0028720e-01  -4.8027139e-02   8.4418541e-02  -4.9078426e-01   5.4066144e-01  -5.3120736e-02  -3.9143467e-02   1.1063789e-01   4.0704719e-02  -1.4740396e-01  -1.9329091e-01   5.0435858e-02  -1.1343395e-01  -2.1423686e-01  -2.3381567e-02   1.1564324e-03  -1.2553384e-01  -2.0318942e-01  -1.0867803e-02   1.4293266e-01  -4.0897538e-01   3.5123172e-01  -1.3060026e-01  -8.0374526e-02   9.6987323e-02   3.8238681e-01  -2.4383073e-01   1.7909773e-01  -1.6419752e-01   5.7491409e-01   3.8912026e-02   2.3825694e-01  -2.0693934e-01   6.7359876e-01  -1.2636710e-01  -1.9021519e-01  -4.4340262e-01   3.0206239e-01  -4.9706151e-01  -2.3225071e-01   4.5742360e-02   1.6484574e-02  -1.1481912e-01   3.2145059e-01   2.2627221e-01   2.0414662e-01   1.7358256e-01  -4.3819970e-01  -1.1626569e-01  -1.7950876e-01   1.9945168e-01  -2.4912334e-01
  -2.4115962e-03  -1.0421569e-01  -1.7866025e-01   0.0000000e+00  -9.2450749e-02   2.9034032e-01  -1.4178718e-01   2.6231048e-01   2.3528175e-01  -2.2515130e-01  -1.9257909e-01  -2.7980010e-01   4.0887123e-02   1.8436252e-01  -2.2496588e-01  -2.2801105e-01  -1.8053636e-01   1.6942658e-01  -3.3893392e-02  -6.9809623e-02  -9.6118411e-02   3.4823236e-01  -9.2404185e-02   8.6767304e-02  -2.3045318e-02   1.7418141e-01   1.1936867e-01   9.1700390e-02  -1.9759107e-02   2.2668560e-01  -2.3030935e-01   5.7434570e-01   3.2521904e-02  -3.0857227e-01   8.6261687e-02  -7.5123387e-02  -2.3086713e-01   3.9754380e-02  -3.4021481e-01  -2.4034719e-01   2.7796124e-01   3.7967729e-02   2.6561578e-01  -2.1743270e-01   3.8904170e-02  -3.2137243e-02   1.4672930e-01   5.7380112e-02  -9.7541075e-03  -2.1241113e-01   2.0296463e-01   4.1607140e-01  -3.2020731e-01   9.1442504e-02   2.5612352e-03  -1.9139079e-01   2.1556518e-01   2.8415778e-01   1.7105528e-01   2.4805192e-01  -2.6661468e-01  -1.5228859e-01   3.7036360e-01  -3.8010678e-01  -6.0184190e-03  -3.4883490e-01   3.2032838e-01   1.2659232e-01   3.3128441e-01  -9.8988421e-02  -2.5761225e-01   4.1521496e-01  -8.3073119e-02  -2.7250793e-01  -1.7717689e-01   1.0138114e-01   1.5928080e-01   1.6972884e-01  -1.8023484e-01   1.9720457e-01  -4.0468831e-02   1.5661622e-01  -1.5279098e-01   5.6126080e-02  -1.8764874e-01   2.3532803e-01   9.8563519e-02   1.8534057e-01   1.2323270e-02  -1.2096900e-01   3.3889566e-03  -1.6255688e-01  -1.5698423e-01   4.4314608e-01   3.2948124e-01  -1.9971529e-01   2.7166420e-01   1.7514662e-01  -7.6788793e-02   1.9547114e-01  -2.6772954e-01  -2.9631791e-01   3.8843055e-01   3.1216234e-01   3.8693249e-01   3.4653532e-01  -1.1204619e-01   4.7996433e-01  -2.0096142e-01  -9.4507660e-02  -3.3708018e-01   4.7428117e-01   3.6223102e-01  -2.2850025e-02  -2.7724161e-01  -2.2088322e-01   2.8920439e-01   9.4110762e-02  -9.0029001e-02   5.8585927e-01   1.1425762e-01  -1.0894004e-01   1.6021455e-01  -5.2423676e-03   1.9257056e-01   1.4757631e-01   1.0948843e-01   1.3009474e-01   5.8466712e-01  -3.5334388e-01  -6.7547550e-02  -2.0874265e-01  -6.6495455e-02  -1.5075397e-01   3.7947433e-01   2.0748006e-02  -2.9311313e-02   6.4042148e-02   2.2276656e-01   1.0447000e-01   7.3590255e-02   1.2224779e-01   2.7108535e-01  -9.3922333e-02   4.9827264e-02  -4.4128879e-02  -1.5330063e-01  -2.6753082e-01   5.8319438e-02  -1.1166682e-01  -1.6966507e-01   5.9678558e-02   1.3631880e-01  -8.4744242e-02  -3.5014197e-01  -4.4912990e-02   1.9484129e-02   8.0463266e-02  -2.4118291e-01   4.0059839e-02   7.9967618e-02   1.3236064e-01  -3.0908577e-01   2.2469951e-01   3.8652232e-01  -1.2198749e-01   2.9394991e-02   1.7071785e-01  -1.3867997e-01  -1.2931527e-01  -5.5091352e-02   7.2785212e-03   2.1312250e-01   3.0474116e-01   1.3023363e-01   1.5910342e-01   5.6045198e-01
  -4.4107057e-02   2.5868286e-01   2.9245496e-02  -9.2450749e-02   0.0000000e+00  -3.7652990e-01  -4.1159238e-01  -1.9961835e-01  -1.9201025e-01   6.2987069e-02   6.3359547e-02   4.5661375e-01  -9.3209782e-02  -2.9686733e-01   7.4782162e-03   1.5834541e-03   5.2453683e-01  -1.4768424e-01   3.2007399e-02   6.2525522e-01   1.1005758e-01  -2.7647286e-01  -2.4938662e-01  -3.0823525e-01   2.1996780e-01  -1.2191951e-01   1.5487168e-01  -2.0627036e-01  -1.1046101e-02  -3.5168536e-01   6.8741971e-02  -1.5617348e-01  -6.5182069e-02  -9.0593049e-02   2.3356093e-01   4.5391003e-01   1.1231850e-01  -5.5201343e-02   2.4703310e-01   1.2772350e-01  -5.3251428e-02  -4.7882141e-02   1.4018556e-01  -2.9258301e-01   3.0886725e-01  -1.4715553e-01  -4.6329005e-03  -4.1456578e-01   1.1940492e-01   3.4129242e-01  -2.5300380e-01  -2.5225136e-02   4.7130871e-01  -1.5495833e-01  -2.0493689e-01  -2.2446089e-01  -1.9523925e-01  -2.8500782e-01  -2.5075110e-01   2.5952171e-02   1.3060074e-02   1.4753189e-01  -8.0780426e-02   3.9541335e-01   2.4116641e-01   3.4459801e-02  -1.9955846e-01   1.0219180e-01  -2.8561869e-01   2.0893892e-02  -5.9095020e-02  -4.0143297e-02   6.3966680e-02  -1.9500110e-01   1.4545357e-01  -7.2482390e-02  -1.0365732e-01   3.5788271e-04   7.0766996e-01   1.3005344e-01  -3.5253874e-01  -2.3692151e-01   1.3716837e-01  -1.2100190e-01   3.4045732e-02  -3.2515693e-01  -2.0847360e-02  -2.5723784e-01   2.8990298e-01  -2.7893823e-01   7.2779442e-01  -1.4440043e-01   3.3719291e-01   3.5619337e-02  -3.3168174e-02   6.7525313e-01  -4.0608280e-02  -1.4399007e-01   4.1419450e-01  -1.6917012e-01  -3.8291827e-01   1.8066592e-01  -2.8468717e-01  -1.2732263e-01  -7.4850145e-02  -1.6497118e-01  -5.2517218e-02  -9.8927089e-02   1.3508067e-01   3.4562863e-01   1.1246163e-02  -2.7196512e-01  -1.4528622e-01  -2.2175108e-01  -3.3894447e-01   6.0715880e-01  -8.8477276e-02   1.4950644e-02  -2.8223603e-01  -1.8169396e-01  -2.3111827e-01   6.4080819e-01   3.4597249e-02   1.4729572e-02  -8.1081204e-02   2.8091042e-01   5.1272136e-02   2.4482187e-02  -2.5353905e-01   2.5863423e-01   1.7722454e-01   3.1879120e-01   6.6129479e-01  -8.3680162e-02  -3.0043370e-01  -1.5050119e-01   3.1671636e-02  -3.9757234e-01  -2.1040748e-01  -2.7620559e-01  -3.3064170e-01  -6.0707220e-02  -1.3023059e-01  -1.8434431e-01  -3.7619917e-01  -9.2005164e-02  -3.2014309e-01   4.7798987e-01   2.4385798e-01   1.4393033e-01  -3.8552296e-01  -9.7600518e-02  -3.2119474e-01   3.1844112e-01   5.3406474e-01  -4.0212548e-01  -1.1340826e-01  -8.7886329e-02   8.7368193e-02  -2.1495985e-01   1.9601307e-01  -2.1067142e-02   2.5698989e-01  -1.2773930e-01  -2.9140011e-01   5.7784518e-01  -9.5192133e-02  -3.8687576e-01  -2.9808675e-01   3.7215884e-01   5.4249514e-01  -2.0555976e-01  -8.1583842e-02  -4.3024534e-01   7.5935016e-02  -1.6767881e-01  -2.0832081e-01
   2.2738641e-01  -1.7308859e-01   9.7490435e-03   2.9034032e-01  -3.7652990e-01   0.0000000e+00   1.9488723e-01   2.3901306e-01   9.7678302e-02  -8.2964848e-02  -2.3531698e-01  -1.0972581e-01  -5.8622769e-02   2.8262010e-01  -2.5176897e-01  -8.2192109e-02  -3.0636251e-01  -5.1952899e-03   3.3464290e-03  -1.6495365e-01   1.7902015e-01   3.2261478e-01   1.5716829e-01   3.8591718e-01  -1.1493380e-01   3.0437940e-01   2.8740017e-01   1.6091930e-01   2.9040139e-02   3.9067907e-01  -4.0675774e-01   2.5708393e-01  -2.2183945e-02   9.0919337e-02   3.8482297e-02  -2.5806123e-01  -2.2682976e-01   1.1730953e-01  -1.5241583e-01  -6.5549279e-02   6.1174799e-02   3.4397055e-01  -6.3630142e-02  -2.5475729e-02  -2.4553177e-01   2.0843790e-01   1.1494607e-01   1.7538335e-01   1.6679792e-02  -3.0820014e-01   1.0385295e-01   2.8717648e-01  -3.6217021e-01   1.9300098e-01   1.3608818e-01   9.4347844e-02   3.4267077e-01   4.1528817e-01   2.3446590e-01   3.3864125e-01   6.5977094e-03  -9.4088097e-02   7.7761184e-02  -4.5002478e-01  -3.7140701e-01  -9.7213607e-02   5.3993511e-01  -2.7312523e-02   3.9788851e-01   2.7482822e-01  -2.6441649e-01   5.2961603e-02   5.6469584e-02   1.4410715e-01  -1.7975983e-02   3.4996221e-02   2.0750265e-01   7.0149208e-02  -3.5641684e-01  -3.1675029e-02   2.3993276e-01  -2.2984635e-02  -1.0196951e-01   1.5675180e-01  -9.2136253e-02   2.9324923e-01   1.1677347e-02   3.3218702e-01  -1.6812210e-01   1.0291050e-01  -3.1253435e-01   8.6968488e-02  -7.0573883e-02   3.0085545e-01   2.9300791e-01  -2.0788216e-01   1.2660087e-01   1.8297928e-01  -1.7451552e-01   2.9256078e-01  -3.5531004e-03  -1.1807849e-01   2.5381673e-01   3.0746271e-01   3.7680626e-01   1.0073096e-01  -9.9945592e-02   3.5276646e-01  -1.7111314e-01  -1.3711702e-01  -8.4964065e-02   3.8599209e-01   8.9485929e-02   2.1879993e-01  -3.6625781e-02  -4.2081336e-01   3.4411792e-01   2.3287098e-02   1.4071126e-01   3.9296262e-01   2.3844717e-01  -2.6879735e-02   1.1187422e-01  -6.3055787e-02   1.4473885e-01   6.8683955e-03  -5.4201972e-02   1.2049611e-01   3.7638274e-01  -2.7691450e-01  -1.0626590e-01  -2.1884112e-01  -2.7349704e-01  -7.0961253e-03   1.1850642e-01   4.9571335e-02  -2.1183761e-02   2.2935803e-01   2.7886021e-01   2.9335863e-01   2.4224463e-01   1.2853324e-01   2.1880654e-02   3.9395802e-01   1.1794256e-01  -9.3973300e-03   6.3700350e-02  -4.2564295e-01   2.3447827e-01  -3.6361458e-01   4.7561358e-02  -4.2120884e-02   2.9549911e-01  -1.9154579e-01  -2.3905972e-01   2.8043440e-01   1.3484316e-01  -8.3678264e-03  -1.1706617e-01   1.9124682e-01  -1.4999530e-01  -1.5556697e-01  -3.9890933e-01   2.6471560e-01   2.8149475e-01  -1.6497643e-01   1.2686243e-01   2.5466716e-01   7.1624094e-02  -1.9782337e-01  -2.1306162e-01   1.8206608e-01   1.1787112e-02   5.7060571e-01  -8.2199463e-02   1.3526059e-03   2.7584496e-01
  -2.1411914e-02   1.5799083e-01   1.2819063e-01  -1.4178718e-01  -4.1159238e-01   1.9488723e-01   0.0000000e+00  -2.3563989e-01  -4.0730418e-01   3.9193874e-01  -1.5162836e-01   1.3228263e-01   1.2961315e-01   3.5510753e-01   3.3044112e-01   1.1769417e-01  -1.2858438e-01   1.7136230e-01  -1.6151101e-01  -2.7990807e-01   3.3605567e-01  -1.2725824e-01   7.5007529e-01  -3.3160248e-02  -3.9379059e-02  -1.0714905e-01  -1.8813863e-01   1.9337782e-01  -2.3660850e-01   2.1605160e-01   1.4681675e-01  -2.9576134e-01   3.5761927e-02   4.6060564e-01  -1.7444015e-01  -4.5442317e-02   2.6579261e-01   4.7384822e-02   6.7479179e-02   1.7497538e-01  -1.2365537e-01   1.5170809e-01  -5.1465123e-01   4.2107754e-01  -2.4473120e-01  -5.8542444e-02   6.0617498e-02   4.9178238e-01  -6.0721651e-02  -1.1165928e-01   1.7169530e-01  -2.3827234e-01  -9.0659207e-02   1.4325766e-02  -9.6953766e-02   5.1652417e-01  -8.1771830e-02  -1.6290010e-01   1.9912290e-01  -1.3885118e-01   1.5437589e-01   1.6076424e-01  -2.2674255e-01   1.2317038e-02  -1.5572166e-01   4.4080791e-01  -5.9533569e-02  -1.3796999e-01  -1.4736786e-01   1.7189945e-01   3.2046489e-01  -1.7534234e-01   1.9158746e-01   3.9651576e-01  -2.7707490e-01   6.3613172e-02  -6.3644950e-02   1.4650196e-01  -4.7200716e-01  -5.3328045e-01   2.7586173e-01  -1.3168551e-02   4.0126931e-02  -2.0449604e-01   1.5213073e-01   3.5359992e-01  -2.9595927e-02   2.2255883e-01  -2.4010438e-01   1.8741595e-01  -5.2301542e-01   2.6953227e-01  -1.0028521e-01  -8.7808333e-02  -2.2232049e-01  -2.5803673e-01  -1.4286220e-01  -4.5890860e-01  -4.7180655e-01   4.8306816e-01   4.3844087e-01   4.1195502e-01   6.0973844e-03  -2.6085388e-01  -1.3627155e-01  -5.9230439e-02  -6.4673059e-02  -5.0140571e-01   2.8489353e-01  -2.0376738e-01   3.7246685e-01  -1.0238077e-01  -2.4265856e-01   4.6144303e-02   7.0976098e-01  -4.1797498e-01   1.1475510e-01   2.1291384e-01   3.3747406e-01  -1.1104918e-01  -5.5050483e-02  -3.5901762e-01  -2.1074734e-01   2.0138741e-01  -3.0116847e-01  -4.1110345e-01   2.6118172e-01  -3.5844804e-01  -1.3248952e-01   1.7022400e-01  -1.2731178e-01   9.6691459e-02  -3.7079218e-01   3.4403261e-01  -2.9733715e-01  -7.8933230e-02  -1.6846826e-01   2.3968453e-01  -6.1064268e-02  -4.5681693e-02   1.3293780e-01  -5.6699101e-02  -2.3931024e-01   6.0980776e-02   5.2936226e-01   2.0789282e-01   7.6147350e-01  -5.7848764e-02  -8.1836021e-03  -9.7661056e-03   6.3079799e-01  -1.6470973e-01   1.1075832e-01  -9.0652365e-03  -1.6392666e-01  -1.3619472e-02  -9.6060766e-03   2.2753871e-01   1.3039011e-01  -1.3045418e-01  -3.5731623e-01  -2.1332126e-01   4.3229513e-02   1.6168249e-01  -2.5068748e-01  -2.8597931e-01   1.3621365e-01   1.9106557e-01   2.7870815e-01  -1.3784840e-01  -2.6007301e-01   2.4208017e-01  -1.3381393e-01  -1.6432835e-01  -2.9735847e-01  -2.2531102e-01  -2.5466953e-01
   1.1409626e-01  -2.5811662e-01  -3.6442465e-01   2.6231048e-01  -1.9961835e-01   2.3901306e-01  -2.3563989e-01   0.0000000e+00   2.8163247e-01  -5.5222291e-01   1.2510672e-01  -4.7008379e-01  -1.1584418e-01   1.7791851e-01  -2.0947820e-01  -3.5792806e-02  -3.6538674e-01   1.5489338e-01  -9.3981539e-02  -1.8467616e-01  -1.7864900e-01   4.9747757e-01  -3.1654164e-01   2.9119963e-01  -1.1703337e-01   3.2735726e-01   8.3997812e-02  -1.2022846e-01   1.6460299e-01   1.3879596e-01  -1.0608851e-01   4.8262014e-01   3.0393625e-01  -3.5082929e-01   3.9101529e-02  -3.0790560e-01  -3.6368511e-01   3.0813358e-03  -3.1928737e-01  -3.3438611e-01  -7.0436466e-02   8.7237047e-02   2.1509957e-01  -1.0334900e-01   7.3801407e-02   2.0990026e-02   1.7426341e-01   4.2125842e-02  -1.1216130e-01  -3.7601539e-01   2.5707394e-01   3.5699515e-01  -3.5655129e-01   1.0095735e-01   2.3497977e-01  -3.4406937e-01   1.3897127e-01   4.3597635e-01   9.5732931e-02   2.7070053e-01  -2.5847425e-01  -7.4822082e-02   2.2108042e-01  -2.8876805e-01  -8.4995068e-02  -4.1443660e-01   3.6536033e-01   5.1305965e-02   3.8794926e-01  -1.8179065e-01  -1.0793957e-01   2.5906836e-01  -2.0750136e-01  -3.2224335e-01   1.0352997e-01   2.4356444e-01   8.7059739e-03   1.3276558e-01  -1.6375729e-01   1.1068533e-01   1.8570974e-01  -2.5063932e-02  -6.9465510e-03   3.8419897e-01  -1.1951042e-01   2.5982584e-01  -1.4351317e-02   2.0586001e-01  -6.3096495e-02   1.4698552e-01  -1.0120012e-01  -1.2401564e-01  -2.1062917e-01   3.4813499e-01   1.8770417e-01  -8.5020441e-02   1.6988115e-01   3.8956257e-01  -7.3668835e-02  -2.0190703e-01  -1.7235064e-01  -4.3499499e-01   3.6821460e-01   2.3570387e-01   3.8603618e-01   1.1993187e-01  -3.1309676e-02   5.1679472e-01  -1.5362769e-01  -9.1024705e-02  -4.0934471e-01   4.4009065e-01   1.1623807e-01   1.9290080e-01  -3.4382246e-01  -1.8473313e-01   4.2057957e-02  -1.7809301e-01  -1.2837047e-01   3.5906979e-01   2.1484780e-01  -9.2830337e-02   1.1785780e-01   6.6498720e-02   2.8321585e-01   1.0518776e-01  -3.2589833e-02   1.8580736e-01   4.2349842e-01  -3.7097284e-01   1.1519867e-02  -2.0680542e-01  -2.2248692e-01  -2.0133023e-01   4.0922517e-01   2.7934217e-01   5.7835598e-02   2.6332808e-01   3.1269318e-01   3.7797863e-01   2.8144669e-01   1.6366508e-01   1.9685849e-01   1.9217425e-02  -3.5563776e-02   8.1430493e-02  -2.7745957e-01  -3.1723064e-01  -1.1443721e-02  -1.9423352e-01  -1.6382868e-01   4.1447230e-01   1.9227962e-01  -2.3361492e-01  -3.9162517e-01   1.4068084e-01   1.4486993e-01   1.2384035e-01  -2.9514678e-01   3.1673287e-01   1.5056140e-01   2.9961956e-01  -3.0986609e-01   1.9914358e-01   4.6067338e-01  -1.3451483e-01  -1.2756945e-01   2.1485682e-01  -3.0840526e-02  -5.2335848e-02  -7.5658382e-02  -3.3500271e-02   3.1080542e-01   3.4402839e-01   2.4316022e-01   7.0355113e-02   3.5290250e-01
   1.9515403e-04  -3.0073856e-01  -2.3754616e-01   2.3528175e-01  -1.9201025e-01   9.7678302e-02  -4.0730418e-01   2.8163247e-01   0.0000000e+00  -4.1969864e-01   1.9325516e-01  -4.3994036e-01  -6.7216868e-02  -2.0874226e-02  -4.8272148e-01  -3.3418238e-01  -3.0877394e-01   1.2059582e-01   1.3365983e-01  -2.8251077e-01  -9.5822195e-02   2.8954677e-01  -2.7321703e-01   1.5589265e-01  -1.1543800e-01   7.2258112e-02  -3.9237699e-02   7.9539679e-03   1.9925486e-01   7.4002081e-02  -1.3950051e-01   2.7478494e-01   1.7413814e-01  -2.0130671e-01  -4.8410459e-02  -1.3349336e-01  -2.0173654e-01  -2.5223325e-02  -1.7256709e-01  -2.6698238e-01   1.5916637e-01  -2.4547563e-02   1.2120838e-01  -6.2124289e-02  -2.3984573e-02   1.2957017e-02   2.6893169e-01  -9.9834486e-02   1.3386160e-01  -2.5702463e-01   9.5289841e-02   2.2521197e-01  -2.6750212e-01  -2.6848988e-02   4.1415674e-02  -2.1519523e-01   3.4065521e-01   3.7370639e-01   1.3393627e-01   1.0150353e-01  -1.0537822e-01  -3.7046507e-01   1.9987978e-01  -1.8239430e-01  -1.2081575e-02  -2.9268065e-01   1.8762387e-01   1.9569286e-02   3.7971921e-01  -2.9189175e-01  -2.3943046e-01   1.6637454e-01  -2.1603918e-02  -2.3457289e-01  -1.4125652e-01   1.2834546e-01   1.1048790e-01  -6.2914039e-02  -1.2381759e-01   2.0249099e-01   1.6807023e-01   1.3832023e-01   3.9578362e-02   2.7859099e-01  -1.8508110e-01  -6.6986271e-02   5.7347200e-02   3.8494801e-02  -5.3951335e-02  -1.0980905e-01  -1.2145421e-01  -6.7400893e-03  -1.3664314e-01   2.7930308e-01   1.7260482e-01  -2.4947748e-01   3.7699371e-01   3.6114474e-01   1.0861941e-01  -2.9218924e-01  -1.2234331e-01  -2.9701322e-01   3.0535731e-01   3.4767502e-01   2.5600196e-01   1.1823160e-01   6.9196908e-02   3.9715797e-01  -2.0053645e-01   2.4757699e-01  -3.6573749e-01   2.3761274e-01   3.0220080e-01  -9.7806196e-02  -3.1389429e-01  -9.4890140e-02   1.3653997e-01  -2.4940191e-01  -9.5021553e-02   4.1958611e-01   1.2624670e-01  -1.5824775e-01   7.6058399e-02   9.7583592e-03   2.4459382e-01   1.1282706e-01  -3.4182684e-01   2.2386701e-01   3.6303216e-01  -3.2687064e-01   9.2328777e-02  -2.5288188e-01  -2.0096808e-01  -1.7674358e-02   3.7355670e-01   3.2598167e-01   2.0791409e-01   1.3326649e-01   3.1439747e-01   1.3792791e-01  -9.2888922e-02  -9.4711523e-02   2.3253327e-01   8.0209606e-03  -2.6507943e-01   4.2567980e-02  -4.4181253e-01  -7.7159307e-02   7.8432588e-03  -1.8584583e-01  -3.6340220e-01   3.0800921e-01   4.0497485e-03  -1.4228769e-01  -3.0238338e-01   8.0423096e-02   1.0674755e-01   1.1888311e-01  -1.4230988e-01   2.6169094e-01   3.0395842e-01   3.1985874e-01  -1.4138276e-01   1.2213028e-01   4.9517367e-01  -9.7256137e-02   2.3010303e-02   1.3446337e-01  -1.0745448e-02  -1.0608864e-01  -2.0482324e-01  -7.1484393e-02   2.5633702e-01   3.7679078e-01   1.9994907e-01   2.8525549e-01   3.3002494e-01
  -1.3379734e-01   1.6570153e-01   4.1272035e-01  -2.2515130e-01   6.2987069e-02  -8.2964848e-02   3.9193874e-01  -5.5222291e-01  -4.1969864e-01   0.0000000e+00  -2.4153544e-01   5.5640331e-01   1.9866382e-01  -2.0849388e-01   4.3323570e-01   1.3985800e-01   3.4658938e-01  -1.1179642e-01  -1.1666516e-01   3.4550565e-01   1.7380241e-01  -5.8348637e-01   5.2214560e-01  -2.3071143e-01  -9.6281647e-02  -1.0263405e-01   6.7530456e-02   2.7771273e-03  -8.4558106e-02  -2.8128190e-01   1.5882395e-01  -3.9020949e-01  -1.6176975e-01   5.6801499e-01  -8.4241128e-02   2.7506763e-01   2.9535348e-01   3.5802477e-02   8.2612215e-02   4.4939186e-01  -1.5707545e-01   1.6888986e-01  -1.4700820e-01   4.4556037e-02  -7.3493220e-02   5.3865153e-03  -2.0571567e-01  -9.8885937e-02  -9.7596198e-02   3.6707538e-01   1.5240995e-01  -3.3781964e-01   2.6585778e-01   8.0397159e-02  -1.8221795e-01   2.9770580e-01  -7.2427563e-02  -4.0864665e-01  -1.9707859e-02  -3.4736029e-01   4.0064880e-01   2.0352586e-01  -1.5255319e-01   1.9298771e-01   9.2710745e-03   6.3510459e-01  -2.4737305e-01   1.6853376e-02  -4.4521645e-01   3.6375252e-01   1.2770919e-01  -2.3950012e-01   8.0699890e-02   2.7538859e-01  -1.5009241e-01  -2.3365559e-01   5.6685921e-02   2.9969903e-02   1.6977376e-01  -1.5537257e-01  -2.5182510e-01  -2.3639513e-02  -3.1662533e-02  -3.5880998e-01   1.5749261e-01  -1.6795055e-01  -9.2757201e-02  -1.9266598e-01  -1.3848853e-01  -1.5760792e-01   1.2570967e-02   2.1610085e-01   2.5632757e-01  -2.1704796e-01  -9.0270457e-02   1.8363756e-01  -2.6622487e-01  -4.4640097e-01  -7.5060874e-03   5.6813288e-01   7.7545060e-02   6.0254238e-01  -4.6945397e-01  -5.2870430e-01  -3.4063772e-01  -1.1721987e-01   1.9679701e-01  -4.9530880e-01   1.9816209e-01  -1.2159107e-01   5.6716810e-01  -5.4389105e-01  -2.2099950e-01  -2.3367669e-01   4.1003758e-01   3.9844838e-02  -1.5262349e-01   2.2233343e-01   1.2661163e-01  -3.4045408e-01  -2.0832033e-01   2.1129313e-01  -2.0036965e-01   1.4109027e-02  -2.6726348e-01  -2.0978265e-01   3.1183562e-01  -2.5120090e-01  -4.7254287e-01   3.9329730e-01  -1.6310153e-01   2.4776671e-01   1.4551134e-02   2.2669467e-01  -4.2023131e-01  -3.7892491e-01  -1.0405808e-01  -2.2255095e-01  -2.7159187e-01  -1.7878252e-01  -1.6658728e-01  -1.5884337e-01  -1.7932556e-01  -3.3234483e-02   2.4856768e-01  -2.0108858e-01   4.9418056e-01   2.1259499e-02   1.4816471e-01   1.9857544e-01   2.1100980e-01  -2.9149396e-01  -1.3867658e-01   5.0618663e-02   3.7572748e-01  -1.4060377e-01  -1.2084378e-01   2.3262001e-02   2.7884719e-01  -4.0472543e-01  -2.8791898e-01  -5.0657867e-01   3.1727508e-01  -2.7495056e-01  -5.8704776e-01   1.0700812e-01   1.1331984e-01   4.4896810e-02   3.1635735e-02   2.8602509e-02   8.1540657e-02  -2.4564358e-02  -2.8017319e-01  -4.6115275e-01  -2.4393575e-01  -2.4254973e-02  -3.5834724e-01
  -2.8583945e-01   2.0060943e-01  -2.2855878e-01  -1.9257909e-01   6.3359547e-02  -2.3531698e-01  -1.5162836e-01   1.2510672e-01   1.9325516e-01  -2.4153544e-01   0.0000000e+00  -2.2828431e-01  -2.1241745e-02   5.0609124e-03   4.3798761e-02   6.9779270e-02  -1.1696446e-01   2.8696132e-01   1.3905332e-01  -2.4211391e-01   1.5972280e-01  -1.0660786e-01  -2.4779791e-01  -3.8820845e-01   3.8930357e-02  -6.6500250e-02  -1.4885054e-01   1.5275293e-02   1.4531736e-01  -7.9914659e-02   5.0021409e-01  -2.0497755e-01   2.2389477e-01  -9.7543608e-02  -1.2860880e-02  -8.9028379e-03   1.2855883e-01  -4.3996240e-01   2.4410297e-01  -3.1971127e-01  -9.8470262e-02  -1.1103495e-01  -5.2959315e-02   4.3308068e-01   1.7599996e-01  -3.9696253e-01   1.4772510e-01   1.5015195e-01  -8.2408580e-03  -1.4942582e-01   1.2261260e-01   2.3874794e-02   2.3512084e-01  -2.2981778e-01   4.2316525e-02   4.7678468e-02   2.8281358e-01  -1.5360199e-01   1.6762173e-02   2.5605379e-03  -7.5277441e-02   5.9722910e-02   5.5503890e-02   4.3597206e-01   4.0737180e-01  -1.0429113e-01  -2.5406027e-01  -1.3135059e-01   2.4750265e-01  -4.2915119e-01   3.6238782e-01  -1.2926732e-01   1.0676730e-01   6.8712939e-02   1.1476252e-01   2.7956461e-02  -3.8951518e-01   1.8700386e-03   8.3935920e-02  -5.3477567e-02   3.0062769e-01   9.3235763e-03   1.6474506e-01   8.8957217e-02   8.1050175e-03  -7.0819246e-02   1.5529185e-01   2.5530034e-02   3.8623615e-02  -1.3937496e-01   1.1044356e-01  -1.8044013e-02  -2.7446805e-01  -9.3447392e-02  -4.8120758e-01   1.4347141e-01   7.4814508e-03   1.8923386e-01   2.6789454e-01  -3.8832367e-01   1.5983763e-01   7.8744656e-02  -9.1067790e-02   2.7528022e-02  -4.0699320e-02  -2.4074457e-01   8.5156596e-03   4.7954933e-02   5.6707204e-03   3.7059174e-01  -8.7858583e-02  -1.1165465e-01  -7.0353918e-02  -2.3645894e-01   1.1948047e-01   1.6670179e-01   2.2278187e-01   5.7055047e-03   1.4641793e-01  -5.7881244e-02  -2.6562468e-01  -1.2925857e-02   5.2339741e-04   4.5718853e-01  -3.3327920e-01  -2.0455176e-01  -1.5948481e-01   4.4973658e-02  -9.5116550e-02   2.5309003e-02   6.7473882e-03   2.2384992e-01   2.0939761e-02   3.4980500e-01   1.4092139e-01   2.5132483e-01   1.3484599e-01   1.9170734e-01  -6.1398948e-02  -2.7522024e-01  -2.5688970e-01  -1.5428552e-02   1.2189886e-01  -1.4166375e-02  -7.5899926e-02   5.2963913e-01  -1.1061398e-01   5.0079668e-01  -9.0454429e-02   1.6737842e-01  -7.9979048e-02   3.3654374e-01  -2.0598961e-01   3.9661041e-01  -1.1885195e-01  -3.0154726e-01  -2.1667032e-01   1.8290467e-01  -1.5563118e-01   1.6361203e-01  -6.1841392e-03   6.7675125e-01   1.8770563e-01   2.9727475e-01   4.2054199e-02   1.0161283e-01   2.5643466e-01  -3.8900501e-02  -1.4213251e-02   9.3251962e-02   4.2621551e-03   6.2452722e-03   2.9534544e-01   4.2915177e-02   6.5120967e-02   1.3553977e-01  -1.9947511e-01
  -1.4299918e-01   4.2273444e-01   2.6944137e-01  -2.7980010e-01   4.5661375e-01  -1.0972581e-01   1.3228263e-01  -4.7008379e-01  -4.3994036e-01   5.5640331e-01  -2.2828431e-01   0.0000000e+00   6.9958819e-02  -2.7450260e-01   3.5089409e-01   1.4345755e-01   4.7895302e-01  -3.4042335e-01   3.3304818e-02   4.8219306e-01   7.6780526e-02  -4.0383719e-01   2.4982218e-01  -3.1876158e-01   7.1503123e-02  -1.3291477e-01   1.5698955e-01  -9.6300728e-02  -1.4972360e-01  -2.1457206e-01   2.0943760e-02  -3.6480065e-01  -1.8899242e-01   3.6819241e-01   1.5987909e-01   4.2056694e-01   2.0740648e-01  -3.3600816e-02   1.7941923e-01   4.3563931e-01  -2.3390274e-01   4.2176890e-02   1.2209542e-01  -2.5233716e-01   5.5436551e-02  -2.9592736e-02  -1.3421143e-01  -3.2933002e-01   9.8468904e-02   4.7424777e-01  -1.2410147e-01  -2.2469010e-01   5.3865871e-01  -7.6007347e-02  -2.3641800e-01   1.5202296e-01  -3.1898070e-01  -4.2141349e-01  -2.1929502e-01   5.9256436e-02   7.9056750e-02   1.6942384e-01  -9.5908384e-02   3.4666728e-01   5.5727565e-02   2.8036009e-01  -3.2141009e-01   1.1312088e-02  -4.9115496e-01   4.2163820e-01  -1.7353895e-02  -2.5046138e-01   1.7392183e-01   1.0294281e-01   6.6760009e-02  -4.0245457e-01  -4.7012583e-02   4.1087618e-02   5.3361843e-01  -5.0699823e-02  -4.3872989e-01  -1.1246830e-01   5.2849596e-02  -3.8183803e-01  -8.4329111e-03  -1.9954723e-01   2.2313936e-02  -2.4952759e-01   1.4337444e-01  -1.6752987e-01   4.5124524e-01  -4.9157951e-02   4.4595165e-01  -5.7674179e-02  -7.8422020e-02   4.9124070e-01  -2.2408771e-01  -3.4289984e-01   9.5879630e-02   2.2051001e-01  -2.2299618e-01   6.2242031e-01  -5.3914609e-01  -2.9190293e-01  -2.6706160e-01  -1.8939745e-01   1.2731180e-01  -3.5517807e-01   2.0490859e-01   5.6202618e-03   3.7993670e-01  -4.4305949e-01  -2.9541245e-01  -2.3254517e-01   2.1277570e-02   4.1050633e-01  -2.7096855e-01   1.4636157e-01  -1.1937544e-01  -3.6862650e-01  -1.8510082e-01   5.5854800e-01  -3.7749268e-02  -1.8508780e-01  -1.5746600e-01   2.1364887e-01   2.7311029e-01  -2.7197398e-01  -4.2855688e-01   3.9871987e-01   8.0551243e-02   3.7409047e-01   4.3480702e-01   7.8062724e-02  -4.3269764e-01  -4.3218050e-01  -1.0841035e-01  -4.8228627e-01  -2.8199407e-01  -2.9208545e-01  -2.8812615e-01  -1.3352504e-01  -2.3822261e-01   4.7618465e-02  -1.1219830e-01  -2.5487236e-01   1.5129608e-01   2.5939260e-01   2.6208495e-01   1.2299338e-01  -3.0712510e-02  -3.7980474e-01  -2.7329123e-01   2.7496787e-01   5.7215186e-01  -2.2722960e-01  -1.2340865e-01  -1.2573699e-01   1.2512727e-01  -4.2178948e-01   3.0926545e-02  -4.2956741e-01   1.7547042e-01  -2.2889488e-01  -4.0711975e-01   4.4142371e-01   4.9249075e-02  -2.2712277e-01  -2.1597332e-01   2.1088905e-01   3.2467920e-01  -1.1959689e-01  -2.6328149e-01  -4.9444115e-01  -7.9598142e-02  -1.4664666e-01  -3.6470194e-01
  -1.6646587e-01  -2.8744644e-01   1.9827059e-01   4.0887123e-02  -9.3209782e-02  -5.8622769e-02   1.2961315e-01  -1.1584418e-01  -6.7216868e-02   1.9866382e-01  -2.1241745e-02   6.9958819e-02   0.0000000e+00  -8.0228294e-02   1.3039145e-01  -2.2947534e-01  -1.4891835e-02   7.5960058e-02  -6.3318032e-02   1.0522909e-01  -4.2624995e-02  -8.4661253e-02   1.6400258e-01  -6.4417329e-02  -1.8250994e-01  -1.9115351e-02  -6.7790441e-02  -4.7643260e-02  -9.2460828e-03  -2.9020891e-01  -6.3981799e-02  -1.8439790e-02  -9.6539057e-03   1.3879362e-01  -2.5392452e-02   8.4601710e-02   7.5492247e-02   7.9726149e-02   2.1689034e-02  -1.8147885e-02   2.1564486e-01   5.9235486e-02   3.2556879e-02  -7.0699309e-02  -1.5537792e-01  -2.6214631e-01   3.3369605e-02  -2.4384874e-01  -1.2614786e-01   7.1376599e-02   1.7625899e-01  -2.3929584e-01  -1.0616866e-01   1.2349670e-01  -3.3100844e-02   8.8519103e-02  -6.1257198e-02  -2.3165430e-02   3.2721556e-02  -1.0587900e-01   1.1392196e-01   1.7728922e-01   1.0314341e-01  -1.1268990e-01  -2.1667415e-02   2.6685582e-01  -1.0695393e-02   2.2808614e-01  -4.9165339e-02  -5.8214035e-02  -1.7151710e-01   7.1350238e-02  -1.2342432e-01   9.7497748e-02   4.3062972e-02  -4.0675026e-02   1.3420082e-01  -6.6850345e-02  -1.1940756e-02   1.8261005e-01   9.1128270e-02  -1.5488372e-02  -3.4660971e-01  -2.3444810e-01  -1.1025735e-01   4.0984752e-02  -8.4894377e-03  -1.4931003e-01  -2.1373171e-01   8.8630072e-02  -2.9784745e-02   7.7954507e-02  -2.6922248e-01   1.1157917e-01  -3.4640014e-02  -3.5198233e-02   2.9316167e-01  -1.1603543e-01   4.8752201e-02   1.8977507e-01  -8.3178324e-02   1.1125816e-01  -1.7644685e-01   1.8375694e-02   7.1753466e-02   1.3154698e-01   1.4248847e-01  -3.8329509e-02  -8.2017682e-02  -1.4309026e-01   1.0743438e-01  -1.5038204e-01   1.3514528e-01  -6.7172788e-02   1.0983255e-01  -1.2749740e-01   3.4707938e-02   2.2367498e-01  -8.0132477e-02  -4.3695690e-03  -7.9681473e-02   4.6295414e-02   1.6643693e-01  -9.9955394e-02  -2.0953779e-01  -1.3750403e-04   1.8059711e-01   2.0507663e-01   1.0213135e-01  -1.1334593e-01  -6.1634382e-02  -1.7847565e-01  -1.3993239e-01  -1.6131502e-01  -1.0794118e-01  -4.3391835e-02   2.1813171e-01  -1.3401298e-01  -9.9422038e-02   9.9653907e-02  -1.8287241e-02   1.7185567e-01   2.4655785e-01  -1.8101522e-02   2.6038635e-01  -2.9411344e-02   1.0463537e-01   2.2400464e-02  -1.7928758e-01  -2.1703196e-01  -6.2373001e-02  -8.3388801e-02  -4.2670533e-02  -1.0634493e-01   1.7955362e-02  -7.8908776e-02   4.0878417e-02   1.4453939e-01   1.4883655e-01  -3.1215074e-01  -8.0003897e-02  -1.0697428e-01   1.7298888e-01  -8.3368009e-02  -1.3639536e-01  -1.4723631e-01   2.9658335e-01   1.0743432e-01   7.4835967e-03  -2.6086996e-01  -3.2920463e-02  -4.8570161e-02  -1.6375641e-01  -8.9735676e-02  -1.3752872e-01   1.4891645e-01   5.3298969e-02
   1.8174663e-01   2.5352396e-01  -3.7425252e-01   1.8436252e-01  -2.9686733e-01   2.8262010e-01   3.5510753e-01   1.7791851e-01  -2.0874226e-02  -2.0849388e-01   5.0609124e-03  -2.7450260e-01  -8.0228294e-02   0.0000000e+00   5.7099944e-02   1.8157710e-02  -4.2644390e-01   1.7954250e-01  -4.1873859e-02  -4.8130914e-01   6.4401342e-02   3.6138559e-01  -3.0581546e-02   1.2830750e-01   6.1749725e-02   7.1288176e-02  -6.5048750e-02   3.8042260e-01  -2.8454104e-01   6.2184532e-01  -3.3472859e-02  -1.6831109e-02   8.6392000e-03  -4.0542099e-02   1.5145962e-01  -3.4524190e-01  -1.2059974e-01   8.5056196e-02   3.2323365e-02  -3.3393391e-01  -2.8624971e-02   8.7181478e-02  -3.3339923e-01   4.2428755e-01   2.4223983e-02  -6.5221991e-02   1.6812689e-01   6.6218968e-01  -5.8667150e-02  -3.9683085e-01  -4.0121468e-03  -5.9827335e-02  -2.0178054e-01  -3.0906428e-01   1.9256803e-01   3.0086616e-01   1.2718410e-01  -2.7254361e-03   2.1309462e-01   1.9891842e-01  -2.0004041e-01  -1.0796820e-01  -3.1446821e-01  -2.1084050e-02  -1.3659273e-01  -2.9009291e-02   1.3066899e-01  -8.8278899e-02   2.3517902e-01  -1.3991540e-01   3.0909543e-01  -1.1777279e-01   1.1657558e-01   1.0655628e-01  -2.4085679e-01   1.4330884e-01  -3.5468124e-02   3.1386593e-01  -2.6609092e-01  -2.7998847e-01   5.4487835e-01  -7.1867542e-02  -1.0588621e-01   8.0481168e-02   1.0580476e-01   4.9417655e-01   4.4944237e-01   2.5372740e-01  -4.4163611e-02   2.1367016e-01  -3.9848891e-01  -1.0163548e-01  -4.0602683e-01  -5.0020122e-03   3.7175918e-03  -1.0649857e-01   7.2124897e-02  -9.0134763e-02  -3.1698307e-01  -7.4929809e-02   3.9406651e-01  -9.4674168e-02   4.3689537e-01   3.2691254e-01   1.5815420e-01   2.1690906e-01  -1.7840375e-01   5.4004140e-03   5.4298588e-02  -2.1152302e-01  -2.2519367e-01   3.5420589e-01  -1.4210465e-01   8.0331975e-02   3.7644217e-01  -2.4626522e-01   2.6214471e-01   7.7403124e-02   5.1530458e-01   2.2527472e-01  -1.0456983e-03  -3.2636326e-01  -2.6991664e-01   3.2563919e-01  -4.4264438e-02  -3.3487091e-01   2.1625193e-01  -2.1131442e-01   2.0017641e-01  -2.0417199e-01   1.2035842e-01  -2.7514502e-02  -5.7824914e-02   1.5121644e-01  -1.7870935e-01   1.8638558e-01  -1.4301439e-01   3.9927732e-01   6.8248742e-02   1.0021621e-01   2.8543553e-01   8.6594940e-02  -1.3526327e-01   2.0327344e-01   1.9559186e-01   5.4446401e-01   2.2588704e-01  -6.2488528e-02  -1.6483399e-01  -2.8231838e-01   2.7801816e-01   8.0779872e-02  -7.3437864e-02   1.4532342e-01  -3.6346050e-01   1.0036967e-01  -1.3516565e-01   4.4592595e-02  -3.6754423e-01  -7.3984640e-02  -3.3006194e-02   2.0493702e-01  -2.8959319e-01   4.0176104e-01   1.2766002e-02  -4.1299146e-01   5.3265788e-02   3.3321152e-01   1.1470266e-01  -1.9943528e-01  -9.6480001e-02  -1.0385282e-01   6.1716679e-02   2.1475615e-01   2.6103863e-01  -2.2608875e-01   5.8492437e-02
