   0.0000000e+00   1.0989606e-01   6.4675922e-02  -1.1928353e-01  -4.0464928e-01  -1.3143425e-01  -3.4566577e-01   3.7606944e-01   2.8737532e-01  -2.0583949e-01  -1.5117790e-01   7.9454989e-02   5.4878641e-02   6.6425664e-01   1.1441964e-01  -2.6912547e-01  -4.9965281e-02  -2.3157215e-01   1.7087099e-01  -3.8654990e-01  -2.8491571e-01   1.5718157e-01  -1.4736803e-01   7.2329099e-01   2.5021218e-01   1.4454450e-01  -5.2181156e-01   5.2651721e-01   1.3809763e-01  -1.9832939e-01  -3.8097279e-02   4.6207102e-02  -2.9360881e-01  -2.3511631e-01   2.0072379e-01  -4.6154909e-01   1.4766076e-01   5.8762741e-01  -4.4863417e-01  -4.3118389e-01  -3.3792426e-02   2.8277649e-02   1.5088167e-01   1.5319624e-01   8.2317007e-02   3.3329516e-01  -2.8175086e-01  -4.2382644e-01   2.8086839e-01  -4.5340320e-01  -1.6172834e-01   1.6673394e-01  -2.8687282e-01   2.0637543e-01   3.0444729e-01   5.2224380e-02   3.6175234e-01  -8.7533077e-02  -1.9652777e-02   2.2420307e-01   2.8750697e-01   7.9796852e-02   3.8840460e-01   3.3504629e-01  -2.4760361e-01  -2.2059785e-01  -8.4929124e-02   4.5187449e-02  -2.0796903e-01  -6.4679276e-02  -1.8087305e-01  -7.2999743e-02   8.2961080e-03   5.5169626e-01   3.3565252e-01   3.2790794e-01   3.9341968e-01   2.9355002e-01  -1.9996652e-01  -1.5874060e-01   2.5869697e-02   6.1893217e-02  -1.4510437e-01   4.0127506e-01   4.3879361e-01   3.8534363e-01  -1.9514100e-01   6.6886013e-01   1.8146829e-01   8.1255370e-01  -3.9585041e-01   6.5657874e-02  -8.3617608e-02   2.7839003e-01   4.5063797e-01  -2.9768654e-01   6.3395923e-02   4.3561497e-01  -9.2617272e-02  -2.2294830e-01  -1.8791088e-01   3.2293893e-01   1.8330800e-01   4.1195474e-01   5.2504663e-02  -2.3484968e-02   2.4054899e-01   2.6108427e-01   3.1138285e-01  -3.6395651e-01  -3.2698194e-01   7.7521889e-02   1.2045310e-02   7.9987577e-01   2.1103085e-01  -2.4100269e-01   1.8046673e-01   2.9393939e-01   3.2781873e-01  -2.0940528e-01   3.1788227e-01  -3.1746981e-01   2.8526223e-01  -2.6257168e-01   5.1969401e-01   5.5791296e-01   4.5253686e-01   9.2010551e-02   2.6738915e-01  -3.2755090e-01  -2.6609188e-01  -4.4645833e-01   5.9113259e-01  -3.2638676e-01  -6.1244065e-02   3.8564290e-01   3.6351137e-02   1.5207996e-01   3.8324363e-01   6.7497359e-01   7.1594086e-01   1.9615904e-01   1.4322218e-01   7.9516052e-02  -1.8437355e-01  -3.0906350e-01  -2.3936022e-02  -8.1552065e-02  -3.6111090e-01  -2.6142275e-01   3.7819553e-01   1.1895672e-01   2.9450368e-01   4.4288053e-02  -1.2083800e-01   7.4208050e-01   4.5769994e-01   3.3107769e-02  -2.5165207e-03   7.9788803e-02  -5.8397277e-02  -4.1411068e-02  -9.9506558e-02  -1.8694061e-01   1.4102566e-01  -3.2634576e-03  -1.3819707e-01   4.2936145e-01   1.4494473e-01  -4.5790097e-01  -2.2392639e-01   6.5477671e-01  -1.5604502e-01  -4.5070631e-02   1.0133757e-01  -3.2607372e-01  -9.2034695e-02
   1.0989606e-01   0.0000000e+00   3.5608510e-01  -2.0604968e-01   1.0328511e-01  -4.6990811e-02   6.2334982e-02   2.8787381e-01   4.5571574e-01  -1.5217509e-01  -2.3980510e-01   5.6452706e-01   4.0285722e-02   1.3625744e-02   1.1003668e-01  -6.8325459e-02   4.5850921e-01  -1.8227002e-01   1.7334773e-01  -1.3832311e-01   2.3032967e-02   1.1437299e-01   1.1923191e-01   5.8484884e-02  -1.3576506e-02   3.0635036e-01   6.2056819e-02   3.0445082e-01  -5.4884647e-02   1.4964392e-01   2.8933282e-02  -6.1411156e-02  -2.5353041e-01   2.2807441e-01   7.3658097e-02  -2.0816827e-01  -4.4753333e-02   2.0110412e-02  -1.8303800e-01  -1.4979107e-01   1.0318729e-01  -7.7915800e-02   2.3691801e-01   7.5464306e-02   1.5180951e-02   4.2076268e-01  -3.6197076e-01   2.3869953e-01   1.4159299e-01   4.9774798e-03  -2.5131908e-01   2.5735205e-01   4.1573134e-01  -8.4978903e-02   1.5214014e-01   3.0252264e-01  -3.1832783e-02  -2.5031793e-01   1.7238523e-01   4.1361734e-01   4.9326134e-01  -7.5987044e-02   1.8566609e-01   3.2946561e-01   1.1375155e-01   6.0837420e-02   6.5222319e-02  -1.8118995e-01  -1.7838646e-01   1.4272110e-01   4.2571449e-01  -2.6060019e-01   1.1670298e-01   3.6099581e-01  -1.2090275e-01   1.8864838e-01   3.8836750e-01   1.6532251e-01   2.6615938e-01  -4.3605423e-02   1.2400405e-01   5.0642679e-02   2.7972519e-01   1.4195811e-01   3.7882055e-01   3.2952452e-01  -6.4378995e-02  -8.9637715e-02   2.2009225e-01   9.8440248e-02   2.3227501e-01   8.8932709e-02   2.2568631e-01   4.7456996e-01   4.5730991e-02  -9.4483370e-02  -2.1104300e-01   1.6870888e-01  -6.5452105e-02  -1.3181974e-01   9.5696672e-02   4.6415928e-01   2.3727339e-01   4.1343515e-01  -1.7012028e-01   1.5905063e-01  -8.0307238e-02   9.7191028e-02  -3.0163043e-02   1.0611616e-01   8.1282696e-02   2.9135701e-01  -2.8412321e-01  -2.4716964e-02  -1.9337073e-02   4.7586626e-01   1.4433181e-01   3.0665156e-01   2.5600590e-01  -2.4003327e-01   2.6645395e-01   1.8107922e-01   2.2135133e-01   1.0118930e-01   3.0933635e-01   3.2672443e-01   2.1884147e-01  -1.3240523e-01   1.2890387e-01   2.5940825e-01  -4.0680256e-02   1.1378284e-01   3.5719981e-01   1.5368424e-01  -2.4120897e-01   3.7668125e-01  -1.3183323e-01  -6.5211580e-02   3.8314520e-01  -2.1344087e-02   1.4393988e-01   1.4132120e-01   1.1356147e-01   1.4665861e-01   1.3075058e-01  -1.1172765e-02   3.0288631e-01   2.9875547e-02  -1.6428369e-02  -4.6868379e-02   4.0112304e-01   1.6245062e-01   1.6359454e-01   6.2159968e-02   4.0545343e-01  -5.2129197e-02   3.7701247e-01   1.1041124e-01   5.9635379e-02   3.2078397e-01  -3.1871089e-01  -1.1129690e-01   1.6001415e-02  -2.9061064e-01  -5.5314890e-02   3.7396434e-01   1.0537255e-02   1.7055240e-01   1.2890240e-01   2.9265566e-01   3.0036551e-01   2.5630367e-02  -5.9454105e-02   1.8379034e-01  -7.6854341e-02  -3.4078525e-01  -1.3127616e-01
   6.4675922e-02   3.5608510e-01   0.0000000e+00  -2.2208333e-01  -1.6053831e-01   9.2423889e-02   1.3044620e-01   4.9059320e-01   3.0617505e-01   6.0862121e-02  -2.5253091e-02   5.8267435e-01   1.8042820e-01  -1.1343451e-01   3.9462749e-01  -2.5634828e-02   8.0135937e-01  -2.7270259e-01   1.8281875e-01  -2.4108119e-01  -3.8145226e-02   4.7414630e-01   4.3908932e-01  -1.3669593e-01  -1.9418710e-01   3.1802193e-01  -1.2713395e-01   3.4447375e-01   9.7259175e-02   3.0407974e-01   1.7595473e-01  -2.3847874e-01  -2.2799110e-01   1.4262450e-03   1.9399326e-01  -2.5695252e-01   5.4097501e-02   9.9706707e-02  -2.7404907e-01   5.9476788e-02   2.0380406e-01   1.9505735e-02  -1.6974176e-03  -1.2130412e-03  -6.7678808e-02   7.0834541e-01  -1.7666277e-01   1.0787846e-01  -2.0148042e-01   1.3633066e-01  -1.7514697e-01   3.9566240e-01   1.3298079e-01   4.0513122e-02   7.4209279e-02   1.7629776e-01   2.3078291e-01  -2.6646950e-02  -3.5649727e-02   4.1257103e-01   7.0874663e-01  -1.9068353e-01  -1.1326746e-02   1.4431823e-01  -1.3510747e-01   5.1467640e-02   3.4026408e-03  -2.1396107e-01   8.9191145e-02   5.4210004e-01   1.2478191e-01  -2.5622620e-01   8.9916215e-02   3.7142034e-01  -5.8012502e-02   4.0988848e-01   6.0288812e-01   1.8215084e-01  -1.3798095e-01  -3.6835320e-01   2.8933459e-01  -8.0517957e-02   3.8871833e-01   2.8534399e-01   5.5920498e-01   3.5427919e-01   1.0982432e-01  -1.7259114e-01   3.4661372e-01   7.4227927e-02  -1.7260194e-01   6.3872907e-01   4.3908303e-01   2.0157958e-01   1.7587639e-01   4.5446351e-02  -3.9108092e-01   3.1937309e-01  -3.0247495e-01  -1.4052179e-01   5.0087714e-01   2.6292861e-01   1.5123383e-01   1.3659348e-01  -8.2403335e-02   9.9580362e-02   2.0210215e-01   4.3497946e-01   8.2587140e-02   6.4348561e-02   1.2485213e-01   4.5200945e-01  -3.4525405e-01   6.9270210e-03   3.7879704e-01  -8.0392555e-02   2.7402119e-01   3.2347530e-01   2.2167206e-01  -3.4448499e-01   4.3017695e-01  -1.5406777e-01   3.4899127e-02   1.2906809e-01   5.9765769e-01   3.3485351e-01   3.0383467e-01  -3.1396146e-01   2.2297826e-01   4.4525515e-01  -1.5966483e-01  -1.4496726e-02   4.8551918e-01   2.5619018e-01  -1.5355799e-01   5.5175297e-01  -3.6231747e-01   5.7069925e-02   4.6479821e-01  -3.8299280e-02   1.7400953e-01   8.8314312e-02   4.1037235e-02   3.1149785e-01   4.5518589e-01   1.2938640e-01   1.5058108e-01   9.5590562e-02  -4.3564160e-02  -4.5408428e-02   6.1226478e-01   2.7520213e-01  -1.2669393e-02   4.7314086e-03   1.4621279e-01  -2.1437963e-02   5.1976106e-01  -1.8439744e-02   3.6170311e-01   2.9163209e-01  -4.2294475e-01  -3.4266668e-03  -2.4822033e-02  -1.7340053e-01   1.7088043e-01  -5.7370385e-02   6.9630820e-02   7.1573848e-02   1.9762955e-01  -1.4005625e-02   3.7346726e-03   1.8041995e-01  -3.2335379e-01   2.0065624e-01   5.9435328e-02  -5.7068391e-01   1.3073273e-01
  -1.1928353e-01  -2.0604968e-01  -2.2208333e-01   0.0000000e+00   2.2323536e-01  -2.6416396e-01  -4.6478342e-02  -4.0957980e-01   1.1850207e-01   1.2589495e-02   1.3656466e-01  -1.6182492e-01   9.2254620e-02  -7.1164439e-02  -4.2224532e-01  -2.3998796e-01  -2.8844255e-01   6.1823353e-01  -3.1701083e-01   4.5265518e-01  -2.5407399e-02  -1.9144947e-02  -2.5418329e-01   2.7980597e-02   3.5841899e-01  -2.4990154e-01   1.8823057e-01  -4.1516257e-01  -1.8710784e-01   3.8418023e-01   5.0507131e-02   4.8342480e-01   1.5018203e-01  -6.5635866e-02  -1.6516474e-01   2.9936525e-01  -5.8697943e-02  -2.3188339e-01   2.0378596e-01  -1.0204921e-01   2.7087038e-01   4.1126629e-02   1.7452741e-01  -3.3884218e-01   6.8410941e-01  -3.9257584e-01   2.9908559e-01   7.3730613e-03   4.2850388e-02  -2.5591757e-01   6.7314340e-01  -3.4890719e-01  -7.2801415e-02   2.0727066e-01  -2.0684936e-01  -4.3109226e-01  -3.2251342e-01   7.5392893e-01   1.3284521e-01  -4.5734299e-02  -1.9989117e-01   4.8925866e-01   2.1342646e-01  -3.9840827e-01   4.5439021e-01  -1.3099335e-01  -3.0813963e-01   5.6063186e-01   9.8779977e-02  -3.2448552e-01  -1.8889639e-01   8.6044710e-01  -1.8128580e-02  -2.6417188e-01   1.1903528e-01  -7.5288929e-02  -4.1764340e-01  -2.8133891e-01   2.3832686e-01   4.7112845e-01  -3.4670566e-01  -2.6980881e-01  -2.9947015e-01  -3.5889956e-01  -3.9155741e-01  -2.1724785e-01  -1.6045809e-01   4.5586395e-02  -5.8256393e-01  -2.3012669e-01   2.5081667e-01   1.1414312e-01  -1.8232431e-01   1.5525841e-01  -3.6355744e-02   2.9439992e-01   4.9127855e-01  -2.7158151e-01   6.6872957e-01   3.0174324e-01  -3.5821442e-01  -3.9012820e-01  -2.5754376e-01  -1.5460507e-01   4.9201399e-01   5.5525299e-01   2.4391440e-01  -2.4034095e-01   2.1180296e-02   1.2595522e-03  -2.4026279e-01  -8.8519374e-02   6.6930853e-01  -1.7982842e-01  -3.4901460e-01  -3.4824678e-02  -2.0235540e-01  -1.2226713e-01  -3.5537294e-01   8.5789043e-01  -6.5859088e-02   2.8254658e-01   3.0520255e-01  -1.9729379e-02  -3.8474757e-01  -1.3542126e-01   9.3643530e-02   4.1468947e-01   4.0514821e-01  -4.3147810e-01  -2.1107565e-01  -3.1543531e-02  -2.6750095e-01  -1.5413458e-01   8.1199913e-01  -2.9730594e-01   4.3347602e-01  -3.9922729e-01  -3.2366628e-01  -1.3125202e-01  -5.8972529e-02  -1.7673734e-01  -3.2243008e-01  -2.8819468e-01  -2.7668048e-01  -3.7335432e-02  -2.9712226e-01   2.1737356e-02  -1.2063605e-01   5.9705149e-02  -4.6148379e-01  -3.8743055e-01   3.0811456e-01  -2.8570875e-01  -1.6195256e-01  -4.6424834e-02  -7.6490836e-02   2.4147584e-01   2.4237593e-01  -4.0519249e-01   5.7794224e-01  -1.8453173e-01   1.4717978e-01   8.8658089e-01   4.0726486e-01  -7.1865430e-02  -4.4375112e-02  -2.6244480e-01   3.9814730e-01  -6.5341894e-02  -2.1747299e-01  -1.3960347e-01   5.2481788e-01  -4.0339377e-01   2.0158121e-01   4.4820366e-01   7.5121036e-01
  -4.0464928e-01   1.0328511e-01  -1.6053831e-01   2.2323536e-01   0.0000000e+00   1.6522097e-01   1.7719748e-01  -2.6804819e-01  -1.9854436e-02   1.3225439e-01  -5.8665082e-03   5.0447036e-02   2.4317346e-01  -2.4304789e-01  -1.9244805e-01   8.3086852e-02  -1.9625900e-02   1.1472732e-01  -1.6383963e-01   8.0422625e-01   2.1953303e-01   4.1800931e-02  -4.3743110e-02  -3.3091574e-01   1.1917451e-01   6.0089432e-02   4.3973713e-01  -2.4291415e-01  -3.1263134e-02   1.0626380e-01  -9.4991694e-02  -9.9716567e-03   2.7668233e-01   3.6580759e-01  -1.3889790e-01   6.1080203e-01   6.8950276e-02  -3.2689183e-01   2.1175206e-01   8.4915054e-02   1.4502999e-01   1.4827381e-01   2.5413746e-01   6.2683574e-02   1.8883752e-01  -2.6855730e-01   9.1433542e-02   1.3624231e-01   4.9808574e-02   1.1704190e-01   1.4442485e-01  -1.2815538e-01   2.1304155e-01   4.2797414e-02  -2.1148651e-01   7.2010963e-02  -2.6024814e-01   7.1792235e-02  -5.3392640e-02  -1.3976182e-01  -2.2762796e-01   2.7128188e-01   6.2584157e-02  -1.2078845e-01   3.6315154e-01   2.4429483e-01   9.1682189e-02   1.9844210e-01  -3.6325158e-02  -2.6873960e-02   2.4110063e-01   2.4756647e-01   7.2218584e-03  -3.1333289e-01  -2.0711621e-01  -1.6831665e-01  -2.7498657e-01  -6.0538550e-02   4.9497971e-01   3.2144696e-01   7.9258227e-02  -4.7894124e-02   4.1928563e-02  -1.0690442e-01  -1.5835146e-01  -2.9646813e-01   1.1644340e-01  -3.0350687e-01  -1.6560274e-01  -3.5043404e-01   7.1917587e-01  -1.6358460e-01   2.5385830e-01   2.9779050e-02  -2.5344861e-01   4.4580120e-01   1.4054131e-01  -2.8105724e-01   3.5902251e-01  -2.1090963e-02  -3.4797726e-02  -1.6400778e-01  -1.2083921e-01  -6.0472327e-03   9.2845466e-03   2.4900937e-01   1.2266358e-01  -2.8866573e-01  -9.0690926e-02   1.9641516e-01   2.2120653e-01  -1.7113211e-01   1.3306842e-01  -3.9738740e-01  -1.8349853e-01   4.3063266e-01   5.7919612e-02  -6.0407032e-02   2.0233490e-04   3.2984723e-01  -2.7749193e-01   6.9951790e-01   1.2412526e-01   2.5677889e-01  -4.1053434e-01  -2.5516240e-01  -3.3051946e-01   1.7265239e-01  -5.7590899e-02   1.9186725e-01   1.5813392e-01   4.2296362e-01  -3.0418044e-01   9.0642264e-02   2.6236892e-01  -2.9097793e-01   3.4218115e-01  -2.0997581e-02  -3.5994854e-01  -2.5742602e-01  -4.4280797e-01   4.1358012e-02   6.8901618e-02   2.1122879e-02  -7.2198134e-02   5.2985887e-02   3.0700487e-01  -2.0804105e-02   2.9248752e-01   6.5598729e-03  -2.1700243e-01  -5.3694377e-03   1.3878355e-01   1.4808096e-01   3.8893741e-01  -4.1139580e-01  -2.5564737e-01   6.2468698e-02  -3.2746636e-02   2.1404032e-02   1.4996414e-01  -6.7297822e-02  -3.6518288e-02   2.0262917e-01   2.7052217e-02   3.8175627e-01   4.3944499e-01  -3.0418820e-02  -1.5587618e-02   3.8154887e-01   3.6106258e-01  -3.8496353e-01   3.0905221e-01   8.8290583e-02  -1.5565204e-01   2.2474766e-01   6.4510552e-03
  -1.3143425e-01  -4.6990811e-02   9.2423889e-02  -2.6416396e-01   1.6522097e-01   0.0000000e+00   5.3009233e-01   1.6818544e-01  -1.2141429e-01   1.9132432e-01   1.4720515e-01   6.0577078e-02   7.4943207e-02  -6.2493799e-02   2.4671903e-01   2.0966024e-01   2.0223312e-01   4.2621248e-03   2.4737926e-01   1.0859962e-01   4.3265978e-01   2.6388146e-01   2.5380979e-01  -2.1011393e-01  -1.9631970e-01   2.7845432e-01   4.0255053e-01   2.1971951e-01   3.5102867e-02   2.7163922e-02   1.1370732e-01  -2.7295111e-01  -1.9574868e-02   4.5368157e-01   1.0916057e-01   1.9892959e-01   2.1805494e-01   1.2244151e-01   2.0875047e-01   3.7399202e-01   1.3054052e-01   7.0239820e-02  -3.7204635e-01   3.1035406e-01  -3.1772783e-01   1.1972505e-01   1.4460095e-01   3.7265419e-01  -3.2692029e-01   1.4707076e-01  -1.4832804e-01   2.2943765e-01   7.5844485e-02  -3.4657036e-01  -2.6288806e-02   2.7844940e-01   4.9416859e-01  -1.9796443e-01   1.5381723e-01   2.0609152e-02   1.9040309e-02  -1.2733301e-01  -1.3793410e-01   1.3651663e-01  -3.0979967e-01   4.7197033e-01   7.6610749e-01  -3.3611394e-01   4.5857564e-01   5.2236584e-01   1.3945323e-01  -2.6769727e-01   1.1075513e-01  -1.0181900e-02  -2.7397609e-01  -8.9265041e-02   9.7796009e-02   2.1397645e-01  -2.8840189e-01  -2.2024146e-01   3.4856349e-01   2.6163258e-01   3.0246597e-01   1.8346962e-01   1.4405036e-01  -7.6598841e-02   1.1323406e-01  -1.8600605e-01   3.1892002e-01   6.1733097e-02  -7.1172694e-02  -9.4487525e-02   3.3417151e-01   6.6921918e-02   3.4313708e-02   1.2740779e-01  -3.5548384e-01   3.1302766e-02  -3.1708048e-01   1.7724068e-01   3.2955414e-01   9.3621195e-02   3.1618948e-01  -3.2330239e-02  -1.8880046e-01   1.4406703e-01  -1.7058161e-01   3.3038895e-01  -1.6573447e-01   3.8006035e-01   3.5236876e-01   8.6923952e-02  -4.1304046e-01   3.3803212e-02   1.7280756e-01  -8.1727210e-02   1.8876957e-01   2.3328099e-01   3.0762356e-01  -2.5602601e-01  -4.5217584e-02   1.3126037e-01  -3.5718256e-01   2.3162119e-01   3.0151379e-02  -1.5233974e-02  -1.1723939e-01  -3.5168607e-01  -1.5648775e-01   5.5107947e-01   2.3474242e-01   2.2888236e-01  -1.1919206e-01   1.5230478e-01  -3.4746979e-01  -1.5532356e-02  -2.6038444e-01   3.2168801e-01   5.8568567e-02   6.1931241e-02  -1.1708963e-01  -8.1096314e-03   9.9728008e-02   4.4522067e-01   2.5903169e-01   2.8643993e-01   3.1858971e-01   2.4577046e-01   4.5048513e-01   3.3750988e-01   1.6585845e-01   2.2447398e-01  -3.3168153e-01   2.4700444e-01   4.4559763e-01   5.9178185e-02  -7.1929665e-02   1.0568484e-01  -2.2149896e-01   3.5250891e-01  -4.1624893e-01   1.2047092e-01   1.9175241e-01  -2.4517152e-01   3.4384183e-02  -5.4437375e-02   1.2028880e-01  -5.7008227e-02  -1.8509011e-01   2.0630015e-01   1.0502543e-01  -6.7823336e-02  -2.5529938e-01   5.7429583e-01  -1.5833360e-01  -3.3763661e-01  -1.3011207e-01
  -3.4566577e-01   6.2334982e-02   1.3044620e-01  -4.6478342e-02   1.7719748e-01   5.3009233e-01   0.0000000e+00  -1.7351106e-01  -9.8053877e-02   2.9688751e-01   4.2802595e-01   2.8613104e-01  -1.3610434e-01  -2.1515087e-01   1.7214752e-01   6.6408643e-02   1.5442575e-01   1.5056274e-01  -1.3532947e-01   2.1936598e-01   5.1318152e-01  -1.8571951e-02   1.6933929e-01  -3.1444523e-01  -4.5140725e-01   1.0187910e-01   5.5202815e-01  -1.1949553e-01   1.8480884e-02   3.8361341e-01   4.9767052e-02  -1.8103252e-01  -1.5813881e-01   5.2310812e-01   8.6163291e-02   3.5644152e-01  -3.0713965e-03  -1.2716302e-01   1.3236541e-01   1.7806406e-01   9.2648995e-02   1.2990113e-02  -2.3028912e-01  -8.9780053e-02  -3.1228662e-02  -1.2429495e-02   3.2952018e-01   7.0593408e-01  -5.0262877e-01   1.1583637e-02  -1.7879928e-02  -3.9347102e-02   2.0646644e-01  -2.5903435e-01  -3.7122191e-02  -7.1859939e-02  -5.8690266e-02   2.5629373e-02   1.2387664e-01   1.3928839e-01   1.2136489e-01  -1.3533309e-01  -4.6579933e-01  -7.9092331e-03  -9.6915922e-02   6.2464945e-01   3.3256196e-01  -1.9804420e-01   4.7804640e-01   2.4659596e-01   9.9288429e-02  -1.1065232e-01   8.1546066e-02  -1.2887032e-01  -4.0217366e-01  -1.4223924e-01   1.5972614e-02  -8.4657402e-02  -4.8186529e-02  -1.6302788e-01   6.5448872e-02   1.4952907e-01   1.6813176e-01  -1.1857126e-01  -6.3609460e-02  -1.6879662e-01   1.9381008e-01  -1.8226069e-01   1.2381808e-01  -3.3972087e-01   5.6222034e-02  -4.7969797e-02   1.4997302e-01  -1.6673956e-01  -4.3314366e-02   2.6192240e-01  -3.6165358e-01  -4.1712525e-01  -1.8623375e-01   4.6799928e-01   3.0766915e-01  -2.6215288e-03   3.4331228e-01  -1.6842243e-01  -1.1397271e-02   1.0532200e-01  -2.8562603e-01  -9.4097687e-02  -3.1856288e-01   4.8657996e-01   2.6761493e-01   1.9386267e-01  -3.0589512e-01  -2.5228954e-01  -2.3256419e-02   1.9485356e-02  -2.1634367e-01  -7.8523768e-03   6.4667397e-03  -1.4482484e-01   1.1155012e-01   1.5256935e-01  -3.4377298e-01   5.5145659e-01  -1.5632474e-01  -9.8650758e-02  -1.1677801e-01  -4.3265146e-01  -1.9865682e-01   3.4974727e-01   1.8639527e-01   2.9749212e-01  -2.4984339e-01   3.7876237e-01  -1.5607783e-01  -1.0388452e-01  -3.9321895e-01   5.8379636e-02  -8.3830261e-02  -1.6823273e-01  -1.9224333e-01  -2.3186153e-01   6.7285233e-02   8.7717912e-02   2.7994168e-01   5.3066287e-01   9.2832610e-02   3.5082130e-01   3.9813726e-01   5.1166164e-01  -4.6729308e-02   9.7285574e-02  -3.7544387e-01   2.0374025e-01   1.4121032e-01  -2.6579421e-01  -6.4639777e-02  -1.6048248e-02  -1.6435012e-01   1.2619721e-01  -3.7369786e-01   1.2448825e-01   4.0712794e-01   1.1875265e-02   2.6818287e-02  -1.7024092e-01   2.2174729e-01  -3.4395478e-01  -5.6372155e-02   1.5379950e-01   2.7908493e-02  -1.6515755e-01   1.1948250e-02   2.0037977e-01  -9.5104437e-02  -2.2775679e-01   2.6913119e-02
   3.7606944e-01   2.8787381e-01   4.9059320e-01  -4.0957980e-01  -2.6804819e-01   1.6818544e-01  -1.7351106e-01   0.0000000e+00   3.8660751e-01  -1.5782139e-01  -2.1645543e-01   2.7473528e-01   2.4527187e-01   1.7521047e-01   5.2060570e-01  -4.0845941e-02   5.6521598e-01  -4.1236165e-01   4.8613841e-01  -3.7511707e-01  -1.7269806e-01   3.5939953e-01   2.5175963e-01   2.1027172e-01  -7.1200435e-03   5.6874507e-01  -3.8607890e-01   6.9888588e-01   1.6391974e-01  -1.2360878e-01   6.2283527e-02  -2.1364151e-01  -1.4501682e-01  -1.1102498e-01   2.1365877e-01  -4.8074376e-01   3.4947279e-01   3.4859924e-01  -3.0430041e-01   4.1491211e-02   1.9753260e-01   1.4035759e-02  -1.5588062e-01   3.9099765e-01  -1.4915891e-01   6.1934105e-01  -4.4155418e-01  -1.4645253e-01   1.4909249e-01   3.0067580e-02  -3.1041363e-01   7.2391707e-01   1.7343045e-01  -3.9597201e-02   7.1718426e-02   4.2616229e-01   5.9859998e-01  -3.1515910e-01   5.6903959e-02   4.0950372e-01   5.0353962e-01  -1.8748795e-01   2.3168978e-01   5.2419849e-01  -2.6409117e-01  -1.5696704e-01   2.1273356e-01  -3.8026933e-01  -5.8953278e-03   4.3640532e-01   2.5359987e-01  -3.9950077e-01   1.7654344e-01   5.0910858e-01   8.9306988e-03   5.3401524e-01   5.3181318e-01   4.6181767e-01  -2.0720851e-01  -3.7383606e-01   4.3849107e-01   1.7663004e-01   1.3783291e-01   6.5649552e-01   6.2303518e-01   5.9492205e-01   2.1534746e-01   2.6830668e-02   5.6164490e-01   4.9629089e-01  -3.0300933e-01   2.7890288e-01   3.4643158e-01   3.1744934e-01   1.4572813e-01  -1.0002380e-01  -3.0120863e-01   6.9140645e-01  -4.0457122e-01  -2.3408527e-01   3.7440658e-01   5.4618044e-01   2.1800217e-01   3.3475783e-01  -1.7738864e-01  -6.0942147e-02  -7.0580669e-03   6.6954198e-01   1.2032737e-01  -1.9369043e-01   1.2372671e-01   3.9718280e-01  -4.1025933e-01   4.0945689e-01   4.9507278e-01   2.3282070e-02   4.8227351e-01   4.8334867e-01   3.6194184e-01  -4.2588664e-01   1.9567828e-01  -1.9118621e-01   1.7034828e-02   3.5326671e-02   6.5976522e-01   5.3729933e-01   3.8022591e-01  -3.3055334e-01   2.4121937e-01   2.4072546e-01  -1.8346519e-01  -7.4565338e-02   6.5110529e-01  -7.0339973e-02  -3.4664473e-01   7.8711895e-01  -4.1097119e-01   2.1374129e-01   7.6496984e-01   2.4711755e-01   3.2243452e-01   3.0853324e-01   1.9103247e-01   2.8283845e-01   3.7327945e-01  -1.5971472e-01   2.4040989e-01  -5.0258464e-02  -1.8557610e-01  -1.5472540e-01   7.1565000e-01   3.5719505e-01  -1.2058194e-01   1.0422069e-01   5.3033924e-02   3.1791883e-01   4.6186831e-01   5.0999395e-02   4.5044339e-02   5.4338844e-01  -4.5223038e-01   5.5141718e-02  -1.2724261e-01  -4.6391510e-01   1.2950170e-01   1.1730587e-01  -7.5089427e-02   3.8954855e-01   6.6703652e-02  -6.0964408e-02  -2.4451680e-02   2.6185952e-01  -3.8544946e-01   2.1500119e-01  -7.8652734e-02  -5.9945342e-01  -2.0082425e-01
   2.8737532e-01   4.5571574e-01   3.0617505e-01   1.1850207e-01  -1.9854436e-02  -1.2141429e-01  -9.8053877e-02   3.8660751e-01   0.0000000e+00  -2.0407432e-01  -1.7280579e-01   1.7185325e-01   1.0825719e-01   3.9400655e-01   3.8878195e-02  -1.5660342e-01   2.7251452e-01  -5.2076516e-02   2.6507263e-01  -6.7916864e-02  -1.2491241e-01   4.7670538e-01   1.9201385e-02   3.1526776e-01   2.3985408e-01   3.3560543e-01  -2.2864548e-01   2.6018221e-01   1.6968005e-02   2.8007415e-01  -6.9206203e-02   3.3185751e-01  -3.1207919e-01   1.4442550e-02   3.5646920e-01  -3.0060064e-01  -1.5201828e-02   2.1779786e-01  -2.2643615e-01  -3.1507796e-01   1.6569768e-01  -7.0799273e-02   3.4071149e-01   1.7837335e-01   2.9172419e-01   3.4346559e-01  -2.5042466e-01  -1.3223766e-01  -1.4074951e-02  -2.9082503e-01  -6.2067758e-03   3.2475061e-01   1.8147328e-01   2.0605300e-01   3.3925291e-01   1.3738764e-01   1.4022139e-01   6.6182690e-02   1.3739747e-01   5.5541321e-01   4.3850255e-01   1.4292188e-02   3.5802910e-01   3.4932778e-01  -4.5660838e-02  -1.6665375e-01  -1.4586414e-01  -5.8078680e-02  -6.1106804e-02   4.9105303e-02   1.4196313e-01   3.6256854e-02   1.5407779e-01   3.5211725e-01   2.0528600e-01   2.0033644e-01   2.7950775e-01   3.1363126e-01   8.5402166e-02  -1.6006011e-02   2.4534746e-03   1.5413768e-01   1.0233174e-02   2.7839571e-01   3.9925701e-01   2.1221479e-01   1.0200436e-02   8.4754038e-02   4.5723639e-02   3.0955994e-01  -6.9422075e-02   3.1694333e-01   2.1906068e-01   7.0978564e-01   1.6167262e-01  -1.2085858e-01   2.9358760e-02   3.4667708e-01  -4.9764021e-02  -5.2350150e-02   2.7102360e-02   3.5297671e-01   1.6992678e-01   5.5203030e-01   1.2612561e-01   3.4435057e-01   2.8599816e-01   3.4256105e-01   2.0173850e-01  -1.9653202e-01  -1.4264257e-01   2.4968318e-01  -1.3460481e-02   2.7361930e-01  -1.8616725e-02   1.4140164e-01   2.6309120e-01   3.9059776e-01   1.8581633e-02   2.9017316e-02   3.2922953e-01  -7.2762262e-03   2.4913981e-01   9.8225183e-02   3.4265572e-01   4.6337923e-01   3.8853149e-01   3.5194052e-02   4.0920924e-01  -9.6278325e-02  -4.6406664e-01  -1.2323918e-01   5.1610313e-01  -1.2651142e-01   7.9836947e-02   4.5431084e-01  -7.1793914e-02  -1.9546065e-01   3.6448623e-01   2.5938794e-01   4.4813825e-01   1.2633820e-01  -4.5877742e-02  -4.4259761e-02  -1.3931164e-02  -5.9469867e-02  -3.5555178e-02  -1.1346014e-01  -2.1233400e-01  -6.2412938e-02   3.4048045e-01   6.6891872e-02   2.5419637e-01   2.5855236e-02  -4.3572345e-02   2.6269169e-01   4.7474571e-01   2.2979666e-01   1.3310553e-01   1.4855245e-01  -9.3564443e-02  -7.3133390e-02   1.5225495e-01  -2.5297515e-02   4.2793751e-01   1.4683201e-01  -1.0847295e-01   1.7241788e-01   3.2119837e-01  -1.4508470e-01  -1.0545891e-02   1.1003318e-01  -3.3999486e-02  -2.7623932e-02   2.8565463e-01  -3.4782301e-01   2.3264793e-01
  -2.0583949e-01  -1.5217509e-01   6.0862121e-02   1.2589495e-02   1.3225439e-01   1.9132432e-01   2.9688751e-01  -1.5782139e-01  -2.0407432e-01   0.0000000e+00   1.6898187e-01  -4.4576861e-02   2.8705566e-03  -2.8791767e-01   2.6317468e-01   2.4481955e-01   1.1754887e-01  -7.3489458e-04  -5.5596054e-02   1.4210571e-01   1.5681191e-01   5.7848383e-03   3.8045089e-01  -3.2320787e-01  -6.6240627e-02   2.6236693e-02   8.9665062e-02  -5.1327579e-02   1.2256828e-01   5.3124420e-02   1.1041185e-02  -3.9393637e-04   2.3350475e-01   3.9764240e-01   1.4149666e-01   3.4740996e-01   1.0248426e-01  -2.9578236e-01   9.6106193e-02   2.7865449e-01  -2.4688160e-02   2.7945561e-01  -1.8345394e-01  -8.2115289e-02   1.5197073e-02  -1.7244423e-01   2.1963974e-01   2.6777651e-01  -8.2987332e-02   1.4663660e-01   5.6347411e-02  -3.3767272e-02   2.8182066e-01   3.6486079e-02  -2.0762844e-01   2.0613706e-02  -6.5122676e-02  -1.9072467e-02   2.4385217e-01  -2.5315737e-02  -1.2079289e-01   1.5474596e-01  -7.1049262e-02  -1.5576456e-01   8.8391851e-02   3.6434662e-01   2.0165294e-01  -2.6377898e-02  -5.6757203e-03   2.3204797e-01  -4.8527152e-02  -1.8533003e-02   8.5447882e-03  -2.1733162e-01   5.0580744e-02   3.3895668e-02  -2.0090879e-01   2.8076030e-02  -6.5267587e-02   2.3976053e-01   3.0227735e-01   1.4854032e-01   2.4475309e-01  -1.1395490e-01  -3.5384404e-02  -6.3276973e-02   9.5670608e-03  -2.5026445e-01   2.5924841e-01  -2.8437654e-01  -3.0557916e-02  -1.2497498e-01   1.6750213e-01  -1.8755339e-01  -2.8696678e-01   2.2313097e-01  -1.8078508e-01  -1.3704749e-01  -6.6452491e-03   2.5416021e-01   1.8844948e-01   9.7673926e-02  -2.1266359e-01  -2.9108410e-01   1.5599309e-01   1.1100051e-01   1.2886080e-02  -9.8445050e-02  -8.0474562e-02   3.0523548e-01   4.5058759e-01   1.2872479e-02  -1.1424792e-01  -2.7894244e-01   9.9015301e-02  -6.8404769e-02   1.8519510e-02   1.0279285e-02   1.4986166e-02   3.1917653e-02  -2.4657115e-01  -2.9212661e-02  -3.6572814e-01   3.3333560e-01  -2.2201082e-01  -6.2548230e-02   1.7432351e-02  -8.0650337e-03   1.2493858e-01   2.5913317e-01   1.6831604e-01   4.1150245e-01  -2.4680587e-01   3.6492107e-01  -1.0899043e-01  -9.7026109e-02   8.2983841e-03   6.4753654e-02  -3.0822194e-02  -1.9236852e-01  -1.5306952e-01   6.6854373e-02   1.8558643e-01   2.2317337e-01   4.0368455e-01   1.1370549e-02   1.3431628e-01   2.0286954e-01   3.5336560e-01  -1.1196154e-01   2.6204972e-02  -4.3672993e-02  -1.8662781e-01   1.0555497e-01   1.6487981e-01  -2.5703590e-01  -1.5164244e-01   1.3721812e-01   6.2444506e-02   9.0174026e-02  -1.4669293e-01   1.0178691e-01   1.5617493e-01  -4.2543953e-02   6.7678814e-03  -1.6893320e-01   2.1392562e-01  -3.6835752e-02  -2.7669628e-01   2.3986315e-01   3.3115056e-03  -3.2356406e-01  -2.9408165e-02   4.9063041e-02  -1.9656002e-01   1.0424243e-02  -1.1053698e-02
  -1.5117790e-01  -2.3980510e-01  -2.5253091e-02   1.3656466e-01  -5.8665082e-03   1.4720515e-01   4.2802595e-01  -2.1645543e-01  -1.7280579e-01   1.6898187e-01   0.0000000e+00   2.8524090e-01   5.3809201e-02  -9.8721398e-02  -2.1355494e-01   8.8258592e-03  -1.3828711e-01   3.5499935e-01  -3.2208276e-01   9.7938436e-02   1.6434661e-01  -1.8664837e-02  -1.2835998e-01  -1.3467430e-01  -2.7643283e-01  -3.4947824e-01   1.9028145e-01  -4.0990220e-01   9.1158832e-03   2.4732243e-01  -4.1963658e-02   5.4567287e-02   4.2244641e-02   5.1670980e-02  -7.5194724e-02   1.7190082e-01  -1.2620176e-01  -5.8649841e-02   8.6560057e-02  -8.0766292e-02   5.0874079e-02   8.2842444e-02   7.6537081e-02  -1.4992180e-01   8.6668239e-02  -3.0928828e-01   5.6826540e-01   8.4681769e-02  -2.3161848e-01  -2.1132209e-01   2.7008211e-01  -2.8059780e-01  -1.2973097e-01  -2.2178222e-02   3.9581569e-02  -3.4443552e-01  -8.2405257e-02   2.3128963e-01   1.4408066e-01   1.1387336e-01  -4.8865144e-02  -6.3688974e-02  -2.4461531e-01  -6.5756804e-02  -1.1778884e-01   2.9096731e-01   4.4160671e-02  -1.1926148e-01   5.8443765e-01  -2.3094774e-01  -2.6828248e-01   2.5454866e-02   8.8420243e-03  -7.7248099e-02   7.5488248e-03   1.2262197e-01  -1.7671611e-01  -1.4440202e-01   4.4312750e-02  -4.8443473e-02  -1.8381547e-01   1.6809498e-02   2.5390892e-02  -8.9852590e-02  -2.8148470e-01   1.2441370e-01   9.2860932e-02   5.0042261e-02   3.6190800e-02  -2.7949841e-01  -5.3724562e-02  -2.5053675e-02  -1.4381642e-02  -3.0051008e-01  -1.0896385e-01   1.5564045e-01  -1.1217139e-01  -4.3680883e-01  -1.1256242e-01   3.1518620e-01  -6.6632526e-02  -1.0256675e-01   2.4116719e-01  -3.8170892e-02   2.3639346e-01   7.6490638e-02  -7.8384003e-02  -1.4267969e-01  -1.6919031e-01   2.1715546e-01  -1.2510035e-01   9.7233217e-02  -7.5765658e-02  -1.8761652e-01  -2.5410926e-01  -1.4377247e-01  -3.9904642e-01   6.1771661e-02  -2.0877956e-01   8.8645208e-03   9.8792348e-02   1.8398653e-01  -4.1543615e-02   1.8827365e-01  -2.3790732e-01  -8.7323535e-02   2.9980242e-02  -2.5170844e-02   3.3893328e-02  -1.7962710e-01   6.5826700e-02   1.7690159e-01  -1.9802392e-01   9.7097721e-02   5.8086666e-02   7.4005831e-03  -9.1981197e-02   1.0583424e-01  -3.1288310e-02  -1.0387699e-01  -8.8925770e-02  -3.3043410e-01   1.4046620e-01  -6.4528121e-02   2.6037920e-02   2.8114889e-01  -2.9081507e-01   5.7032911e-02   3.1748255e-01   2.2719282e-01  -2.1666200e-01  -4.4757240e-02  -1.8395527e-01   1.6243316e-01  -1.8323747e-01  -1.3408790e-01  -1.2939202e-01  -1.3482047e-01  -9.0545891e-02  -1.3978497e-01  -1.7808676e-01   4.2207891e-01   1.9351446e-01   2.2604414e-01   1.3507747e-01  -1.1518408e-01   2.9720232e-03  -4.3131597e-01   9.6509616e-02  -1.6240015e-01  -1.3768884e-01   7.0308614e-03   2.1500759e-02  -1.0340907e-01  -9.5065941e-03  -3.2965617e-02   1.2519192e-01
   7.9454989e-02   5.6452706e-01   5.8267435e-01  -1.6182492e-01   5.0447036e-02   6.0577078e-02   2.8613104e-01   2.7473528e-01   1.7185325e-01  -4.4576861e-02   2.8524090e-01   0.0000000e+00   4.6997764e-02  -2.6172071e-02   2.1873633e-01  -1.0990187e-01   5.0547842e-01  -1.9789943e-04  -2.6312036e-02  -5.1367397e-02   1.3646012e-01   2.1464631e-01   2.3143865e-01  -3.5379414e-02  -2.3833322e-01   1.8348308e-01   9.4034522e-02   1.8589307e-01   1.9284936e-02   3.3000764e-01   1.8295126e-01  -1.3978673e-01  -1.7953816e-01   1.6899933e-01   5.2874473e-02  -9.0186486e-02  -8.5988051e-02   1.9652845e-01  -2.1154816e-01  -9.5477211e-02   1.4547423e-01   6.9765481e-02   1.8440767e-01  -3.9522688e-02   6.5766918e-02   3.9761481e-01  -2.9016037e-02   2.6276951e-01  -1.0947286e-01  -1.3940592e-01  -6.8784568e-02   7.2041255e-02   1.2677816e-01  -2.3720354e-02   1.1683400e-01   9.1808152e-02   1.7265443e-02   9.2210956e-03   1.2398304e-01   5.0596271e-01   5.8008245e-01  -1.8356130e-01  -5.2769218e-02   1.6536774e-01   4.5841416e-02   2.2655343e-01  -1.6648721e-02  -2.5027748e-01   1.9347547e-01   1.4444128e-01   2.1058576e-01  -2.4590817e-01   6.2091886e-02   3.7656905e-01  -2.5566077e-01   3.2851940e-01   4.3995590e-01   7.2539684e-02   1.6764044e-01  -3.1590710e-01   1.0290276e-01  -1.6083110e-01   3.7115832e-01   2.7516277e-01   3.6956803e-01   3.3888148e-01   1.0546595e-01   1.1089841e-01   3.0803700e-01  -3.5318921e-03   9.5603879e-02   2.7117615e-01   3.0590793e-01   1.5821797e-01   2.2629166e-01   3.5886155e-02  -3.8907040e-01  -2.7433532e-02  -1.9716954e-01  -1.6142790e-02   2.9729895e-01   2.9507110e-01   3.2429806e-01   2.7148904e-01  -8.9865044e-02   2.0147837e-01  -8.7731542e-03   1.3835223e-01  -1.7669689e-02   1.8721842e-01   3.6590897e-02   3.2364361e-01  -3.1235625e-01   2.2565626e-02   1.5804634e-01   1.3421709e-01   9.1511380e-03   2.6828172e-01   1.9214354e-01  -3.1856544e-01   4.1530638e-01   1.9696808e-01   2.0025464e-01   2.3464076e-01   3.1002823e-01   3.6640879e-01   2.6600190e-01  -2.6960460e-01   1.3820721e-01   2.6550683e-01  -3.6248865e-02   1.0317883e-01   3.3704173e-01   3.6787144e-01  -1.4843437e-01   4.2277171e-01  -3.1034276e-01   1.5153880e-01   3.3292833e-01   4.7289316e-02   1.5527200e-01   5.9394523e-02   1.7612499e-01   1.8983570e-01   3.1569689e-01   2.4643131e-01   1.2655116e-01   7.5750023e-02   8.6651156e-02   2.0101103e-01   4.5063010e-01   2.2259703e-01  -4.8124275e-02   1.6736382e-01   1.4033510e-01   5.8089643e-03   3.9340312e-01  -5.0524870e-02   8.3096712e-02   2.7891229e-01  -4.5845805e-01   1.8795301e-01   5.1402786e-02  -7.4112570e-02   1.3714311e-01   1.9126394e-01   1.4339630e-01  -1.0382440e-01   1.5325589e-01   1.0215322e-01   1.5518004e-01   1.9559759e-01  -1.1182890e-01   4.1519680e-02  -1.4789812e-01  -5.1004879e-01   1.5374311e-02
   5.4878641e-02   4.0285722e-02   1.8042820e-01   9.2254620e-02   2.4317346e-01   7.4943207e-02  -1.3610434e-01   2.4527187e-01   1.0825719e-01   2.8705566e-03   5.3809201e-02   4.6997764e-02   0.0000000e+00   1.8834822e-02  -2.1860206e-02   9.1600686e-02   8.6480303e-02   6.7199953e-02   9.2002495e-02   1.5924291e-01  -7.1139499e-02   3.8428046e-01  -6.0166200e-02   8.5907567e-03   3.0595011e-01  -1.0734545e-02   9.6297838e-03   7.7351603e-03  -7.6668158e-02   1.5227651e-01  -7.2482038e-02   6.6356941e-02   6.5520400e-02  -7.0463080e-02  -5.3020905e-02   4.6231896e-02   1.3669809e-01  -7.2982442e-02   1.7181780e-01  -5.6079708e-02   5.5988911e-01  -1.2098877e-01   5.9772300e-02   4.4072430e-02   5.3159948e-02   1.8828287e-02   4.4303282e-02  -1.7186731e-01   3.0760775e-01   7.1705223e-02   1.6681120e-01   1.4339122e-01   9.0400480e-02   8.5799511e-02  -1.6989053e-01   7.9506879e-02   2.8973688e-01   5.5730798e-02   1.7525655e-01   2.9512630e-02  -3.9611773e-02   1.3019947e-01   2.4796755e-01   7.8681710e-02   1.0247326e-01  -6.0503620e-02   1.3167158e-01   8.7687067e-02   6.1101077e-02   4.6001010e-02  -7.5892712e-02   8.3931009e-02   1.9990008e-01   1.2237053e-01   1.7527415e-01   3.0631509e-01  -9.2759447e-02   3.8294140e-02   1.7335245e-01   2.7858650e-01   1.2641222e-02   1.4149965e-01   3.8939542e-02   1.5271286e-01   4.4938534e-02   2.6026856e-01   1.0911595e-01  -1.3204900e-01   1.1356570e-02   4.1542282e-02   1.1942670e-01   5.4334677e-02   1.3600032e-01   1.0174574e-01  -9.8328576e-02   1.2246956e-01   1.5705876e-01   1.6796868e-01   1.6641447e-01  -1.9829828e-01  -5.6151362e-02   1.0475198e-01   2.5606330e-02   5.3652057e-02   1.2414868e-01   2.3813056e-01   1.0440692e-01   1.1724269e-01  -1.4391454e-01  -5.5047569e-02  -7.9925092e-02   1.4117528e-01   8.5508952e-02   8.3923086e-02  -9.7434112e-02   3.6935906e-02   2.2082556e-01   3.3609078e-01  -5.8667929e-03   1.6771063e-01  -1.4335624e-01   1.7199413e-01   1.9463206e-01  -9.7565522e-02   2.9552657e-02   2.2898799e-01   1.1262232e-01   1.3503444e-01   2.4452553e-01   3.0429089e-02   1.9547732e-01   1.4409875e-01   2.0919944e-01  -1.2055896e-01   1.9943581e-01   2.2987654e-01   1.8766394e-01  -7.3366379e-02   1.8349359e-01  -8.1277898e-03   3.4590778e-02   2.5977424e-01  -1.7178886e-02   1.4050917e-01  -6.1857275e-02  -8.7051479e-02   4.0359636e-02   1.1210072e-01   6.2511944e-02  -1.8700534e-01   3.9846221e-02   1.4366414e-01   7.4618421e-02   3.5409393e-02   2.3731525e-01   2.0270166e-03  -1.1862100e-02   2.1639691e-01  -4.4059258e-02   9.3720568e-02   7.4127849e-02  -5.4349244e-02  -1.2582807e-01   5.9377526e-02   2.2166993e-01   1.0762176e-01   9.9900199e-02  -7.2392793e-02   6.6103926e-02  -1.1198281e-01   7.5740467e-02  -1.0662890e-01  -1.5050698e-02   1.2412202e-01   2.5870528e-01   5.0623133e-04   7.0738315e-02
   6.6425664e-01   1.3625744e-02  -1.1343451e-01  -7.1164439e-02  -2.4304789e-01  -6.2493799e-02  -2.1515087e-01   1.7521047e-01   3.9400655e-01  -2.8791767e-01  -9.8721398e-02  -2.6172071e-02   1.8834822e-02   0.0000000e+00   1.8137775e-02  -2.5890170e-01  -1.9213143e-01  -8.9433311e-02   7.8386878e-02  -1.3690132e-01  -3.3900785e-02   2.0875794e-01  -1.6273927e-01   7.2388832e-01   2.5125222e-01   3.8714894e-02  -3.9461420e-01   3.8253904e-01   9.4267536e-02  -1.2927389e-01   1.0201252e-01   1.0708551e-01  -2.0039981e-01  -2.1596669e-01   2.0914092e-01  -3.0621114e-01   3.2694489e-02   6.2316706e-01  -3.1251342e-01  -4.4197292e-01  -8.2609806e-02  -6.7918885e-02   2.2675871e-01   2.5791420e-01   2.6362962e-02   9.1603673e-02  -1.4459013e-01  -3.9605796e-01   1.6098536e-01  -5.0558568e-01  -7.5535749e-02  -7.9354208e-03  -2.1647544e-01   2.5681992e-01   5.1947901e-01   1.0943352e-01   1.6240711e-01  -7.8472575e-02   2.8288917e-02   1.8945094e-01   1.2165135e-01   2.2410487e-02   3.3557643e-01   3.7055035e-01  -2.0052191e-01  -2.2160192e-01   4.3395137e-02  -4.4564283e-02  -9.5798600e-02  -1.6511833e-01  -1.4778858e-01   5.9459502e-02   1.0003184e-01   4.6967125e-01   3.2012756e-01  -1.6204157e-02   2.0593785e-01   2.9054401e-01  -1.6210836e-01  -4.3949271e-02  -8.9813195e-02   1.8935403e-01  -1.5317224e-02   2.5451992e-01   2.4629881e-01   6.4172254e-02  -2.2543639e-02   5.8963626e-01   8.0661831e-02   6.8112682e-01  -3.6786827e-01  -1.3627700e-01   5.2126883e-02   4.0703761e-01   4.2229743e-01  -2.9312852e-01   1.9088244e-01   1.9589737e-01  -5.1308569e-02  -1.0347445e-01  -4.3225778e-02   1.6197909e-01   3.2170606e-01   3.6745354e-01   3.4061772e-02  -1.5383314e-02   3.5413299e-01   1.8309585e-01   3.6543352e-01  -2.3809855e-01  -3.2163154e-01  -1.1532737e-02   1.0149669e-01   7.1680768e-01   5.4549293e-02  -1.9590052e-01   1.8691743e-01   2.6829856e-01   2.1706475e-01  -1.2632919e-01   1.8151937e-01  -1.6929477e-01   2.7163405e-01  -1.4198309e-01   2.3277089e-01   5.5950724e-01   2.3451324e-01   2.7598308e-01   7.5139023e-02  -2.3191904e-01  -2.2547082e-01  -2.3811339e-01   4.4794209e-01  -2.5587540e-01  -4.9397085e-02   1.4792294e-01   1.6940050e-01   1.7797504e-01   8.1999300e-02   6.5465171e-01   6.1643005e-01   1.3348312e-01   1.1469731e-02  -1.1716587e-02  -2.4700093e-01  -3.2036781e-02  -1.1952536e-01  -1.8084061e-01  -1.4210770e-01   3.5733166e-02   1.7958791e-01   2.2235037e-01   2.5354132e-01   3.5627135e-02  -1.8545729e-01   7.3091966e-01   2.2728941e-01   2.9438006e-01  -2.0105923e-01   2.3320504e-02   1.4169116e-02   7.4703186e-02  -3.9406803e-02  -8.4347225e-02   2.0741767e-01  -3.8022381e-02  -5.6342375e-02   2.4121691e-01   1.7073948e-01  -4.0683779e-01  -1.6229200e-01   5.0994395e-01  -1.0117582e-01  -9.7012942e-02   2.1325906e-01  -2.7338815e-01  -7.6007225e-02
