   0.0000000e+00  -7.4433701e-02   2.3612139e-03   8.6143803e-02  -8.1244956e-02  -2.8037776e-01   4.8904758e-02  -5.3614618e-02   2.7289393e-01   7.6790203e-02   7.6679603e-02   2.5316825e-02   3.4987512e-01   9.6922768e-02   3.0613566e-01   8.7542888e-02   6.3586867e-02   2.2264610e-01  -1.5471875e-02   1.5511908e-01  -1.3312797e-01  -4.0535262e-02  -1.4328805e-01   5.6520021e-01  -4.1113522e-02   6.6512212e-02  -9.3166503e-02   1.1593210e-01  -6.6979048e-02  -8.9134966e-03   5.0710374e-02   3.1749455e-02   1.7242906e-01  -1.6700926e-01  -5.1175013e-02  -1.1365014e-02  -3.4067654e-02   3.5414897e-01   1.4840323e-01  -2.5961619e-01   1.6432414e-01  -2.9134318e-02   2.0407948e-01   1.4737554e-01   8.8250919e-02   1.3131773e-01   1.9512497e-01  -8.7502150e-02   3.4838793e-03  -2.7213722e-01   8.0669517e-02  -8.1612171e-02  -2.0662973e-01   8.3473430e-02  -1.1769421e-02   8.5560288e-02  -6.4344183e-02  -1.4199574e-03   1.3955169e-01   3.4085425e-02   2.2395933e-01  -1.2162440e-01   1.5873192e-01   1.6290071e-01   2.3548536e-01   5.1993167e-02   1.5244641e-02   1.1806031e-01  -5.3521750e-03  -3.2391318e-02  -3.3040940e-01   3.1749008e-02  -1.2432032e-01   7.8048723e-03   1.4543735e-02  -1.4795915e-01   6.0397055e-02  -1.1672155e-01  -1.3080785e-01   1.7538526e-01   1.0045522e-01  -5.9371275e-02  -1.4888366e-01   2.9531756e-02   1.6271477e-01  -1.4498417e-01  -1.5161849e-01   2.7608391e-01   1.8629979e-01   4.6378393e-01   1.3156541e-01   2.3850827e-03  -1.0807218e-01   3.1044587e-01   2.7982850e-01   6.0015802e-02   1.5433446e-01   4.8984372e-03   2.0492216e-01  -1.1381726e-02   2.5796420e-01  -6.3891745e-02  -8.1226632e-02   6.5197409e-02  -1.1652933e-01   2.8688857e-02   1.8623863e-02  -5.1990538e-02  -3.4951471e-02   9.3971173e-02  -1.5137665e-01  -9.5683514e-02   1.5326632e-01   5.0059666e-01   2.0180554e-01   4.4368746e-02   4.5741363e-02   1.4889025e-01   2.4074992e-01   1.0789299e-01   2.1702994e-01   1.0943210e-01   2.1655352e-01   1.6542016e-01   5.7331096e-02  -3.6300355e-02   1.3344320e-01  -2.5717797e-01   7.5827118e-02   6.6814225e-02  -2.1724451e-01  -3.6132249e-02   2.5136712e-01  -2.2435452e-02   3.2471787e-03  -7.1666035e-02   1.6675423e-01   1.2304409e-01   4.1800607e-02   4.2775927e-01   6.0346686e-01   3.3477675e-01  -1.0420970e-02  -7.1235492e-02   2.7991488e-02   1.6796168e-01  -2.3649146e-01   1.5236232e-01  -1.5884025e-01  -2.3281215e-02   3.2727174e-01   3.0707813e-02   7.2093333e-02   1.1847806e-01  -2.6536825e-01   6.1206516e-01   1.2300940e-01   3.2252186e-01   1.0252086e-01  -5.3769136e-02   8.4955033e-03   5.4948859e-02  -1.7004711e-01   1.6471745e-01  -1.0983763e-01  -4.8669294e-02   2.2600821e-01  -3.3156430e-02   4.0304821e-01  -3.0691364e-01   1.6426561e-01   3.2840687e-01   2.6035001e-01  -9.2946299e-02  -1.4964742e-02  -2.1605928e-01   1.5205250e-01
  -7.4433701e-02   0.0000000e+00   1.2617022e-01  -2.4516082e-02   1.0388109e-01   2.2091659e-01   2.1243878e-01  -2.2834121e-01   3.6435760e-01  -9.1974632e-03  -2.9013330e-01   3.3341804e-01  -8.1474257e-02  -6.8197238e-02  -1.9455200e-01   1.7466020e-01   1.2069590e-01  -1.7585206e-01  -1.7357552e-01   1.9364455e-01   7.2738377e-03  -6.0338123e-02  -3.2961946e-02  -1.6496857e-01   1.4098965e-01  -1.5947675e-01   3.5365891e-01  -2.0381400e-01   2.7737576e-01   2.1614772e-02  -4.3293224e-02  -4.9476189e-02   1.6300431e-01   1.1733507e-02   2.2953003e-01  -1.3131283e-01  -8.9024053e-02  -2.6554198e-01   1.8895997e-01   1.6284915e-01   1.3818244e-01  -6.7912705e-02   2.5682794e-01  -2.2336417e-01   7.2441890e-02  -3.3752433e-01  -8.1631618e-02   2.4232815e-01  -4.4374542e-01  -8.5520180e-02  -1.9482275e-01  -2.6200803e-01   9.2081510e-02  -2.2895772e-01   7.9943698e-02  -2.7941470e-02   5.6682546e-02  -2.8303719e-01  -1.0851183e-01   1.5117635e-02  -5.2991996e-02   1.0889879e-01   3.7222725e-01   1.2054666e-01   3.5028914e-01   1.4721047e-02   1.5086140e-01   2.2868594e-01  -7.9688202e-02   2.2304422e-01   4.0719777e-01  -7.7067235e-03   2.5307741e-01  -1.1426078e-01   2.0622892e-01  -8.6253407e-02  -7.8002878e-02   8.5390923e-03   5.0869468e-01   7.6442705e-02  -2.4904648e-01   1.2782571e-01  -2.3474193e-01  -2.7389070e-01  -1.3635567e-01  -1.6795155e-01   3.6162623e-01  -9.6974390e-02   3.1068250e-01  -2.8213027e-01   1.3955138e-01  -2.4241766e-01   4.1790621e-02   4.6719177e-01  -1.3596888e-01   1.3275246e-01   2.0501911e-01  -8.4861068e-02   4.3282582e-01   8.9321187e-02  -2.9549963e-01   1.8592650e-02  -8.5525576e-02   1.2659750e-01  -1.1468577e-02  -1.0155496e-01   4.7408976e-02  -1.0389210e-01  -7.2472784e-02  -2.0231194e-01   4.9782924e-03  -2.4458437e-02   2.1020450e-01  -2.4353467e-01  -2.8863754e-01   3.8618780e-01  -1.7286352e-01  -2.6045521e-02  -1.4335693e-01  -7.1334080e-02  -2.1544058e-01   2.5749389e-01   1.9970344e-01  -1.9099253e-01  -2.4658308e-01  -9.1860418e-02   1.0826314e-01   1.6866382e-01  -3.4849764e-02   2.8220082e-01  -1.2470312e-01   3.3888051e-01   1.5923007e-01  -3.0622794e-01  -6.7651585e-02  -1.2024262e-01  -1.0786755e-01  -3.2683044e-01  -1.0012672e-01  -2.0213541e-01  -2.7171271e-01  -1.1603308e-02  -1.4822157e-01   2.1344077e-01  -5.9800775e-02  -3.6154269e-01   6.2813165e-02  -2.7534173e-01  -1.3110587e-01   9.2913234e-03  -2.9071545e-01  -3.2701787e-01  -2.3673352e-01   2.0828655e-02   4.4544103e-01  -1.6672504e-01  -2.4004865e-01  -1.6501235e-01  -9.5341606e-02   7.4861470e-02   4.1245962e-01   7.1998693e-02  -1.1531788e-01   8.5241777e-02  -8.1653018e-03   3.6827812e-01  -1.1512979e-01  -5.0146848e-02  -9.1620684e-02   1.4113118e-01   3.8172450e-01  -1.7139470e-01   1.1307923e-01  -3.1028490e-02   1.8478375e-01  -9.5967097e-02   1.2761136e-01
   2.3612139e-03   1.2617022e-01   0.0000000e+00  -1.3774454e-02   5.3959395e-01   2.4937726e-01  -3.8768072e-02   7.3670949e-02   5.0087993e-02   2.2993487e-01  -3.3341331e-01   6.4040273e-01   3.0879608e-02  -1.9929936e-01  -2.1573752e-01  -1.6856292e-01   7.9951425e-01  -2.5808276e-01   3.1037590e-02   5.4446688e-01  -2.6442038e-01   5.4430954e-02  -1.3677816e-01  -2.1043930e-01   8.8499292e-02  -6.5961448e-02   1.0217866e-01  -6.4208047e-02   1.0028209e-01  -2.3677799e-01  -1.8357851e-01   4.1509047e-02   1.8204368e-01   1.6606726e-01   1.3702828e-01   1.5985159e-01  -1.8498606e-01  -9.5548391e-02   6.1901823e-02   1.5272610e-01   6.9337164e-02  -4.9418628e-03   4.7703205e-02  -3.7941049e-03  -3.4405344e-01   5.6120367e-02  -1.0524354e-01  -3.9604043e-01  -6.0819978e-02   2.2083571e-01  -1.0570399e-01  -1.6388066e-01  -7.7526024e-02   3.2265349e-01  -2.2490613e-01  -1.7842812e-01   3.7567780e-02   2.5528220e-02  -3.1016617e-01  -2.5839301e-01   3.7894180e-01  -1.3577510e-01   9.3793536e-02  -3.5178189e-01  -1.3864631e-01  -3.1947230e-01  -8.4435141e-02   9.3277116e-03  -1.6894855e-01   4.6600294e-01   4.4437248e-01  -2.1353958e-01  -1.3093332e-01   2.9507820e-01   1.4087120e-01  -1.2958874e-01   6.1476387e-02   6.5239189e-02   2.1423328e-01   8.5199884e-02  -1.7722680e-01  -5.7697020e-02   2.7719334e-01   1.6661218e-01   2.0351490e-01  -1.0300174e-01   1.3930340e-01   7.1533460e-02  -8.3356506e-02  -2.2944809e-01   2.1435380e-01   5.1234502e-01   5.8187355e-01   9.9088684e-02  -1.0429613e-01   6.1460320e-01   1.2231550e-02   4.5719003e-02   1.2539035e-01  -3.0651804e-01   1.5412829e-01  -3.3521441e-01  -1.7800032e-01  -3.1994103e-01  -2.9910246e-01   1.7671618e-01   2.6228831e-01   1.1830346e-01  -2.0282966e-02  -7.2363312e-03   2.9403030e-01  -1.7803135e-01  -4.1340540e-02  -1.8690418e-01   8.7426682e-03   6.6218689e-02   1.5206576e-01  -1.3138585e-01   2.4157418e-01  -8.0592682e-02  -3.1986780e-01   6.5010349e-01   1.6510245e-01  -2.0547608e-01  -2.3487935e-01  -4.0966852e-01  -2.7836598e-01   3.0649018e-01   5.1321655e-02   3.9833814e-01  -2.9682293e-01  -5.6157501e-02  -2.2267347e-01  -2.5510352e-01   1.3502135e-01  -5.0115663e-02   1.3239613e-01  -1.9849775e-01  -1.7149546e-01  -1.7213281e-01  -1.7981981e-01   2.5812979e-01  -2.8730946e-01   3.9066775e-01  -2.8089989e-01  -3.8672517e-01   4.5245874e-01  -2.7214459e-01  -1.1651087e-02  -3.6690152e-01  -8.3849220e-02  -3.0009134e-01  -2.7530962e-02  -2.3396135e-01   5.9996909e-01  -1.9689386e-01  -2.2104325e-01  -2.3710350e-01   4.4480928e-01  -2.4017473e-01   1.2820047e-01  -1.8753424e-01   9.6737380e-02  -8.1587345e-02   3.0106536e-02   6.2817159e-02  -3.6407367e-01  -9.6804683e-03   6.6115665e-02   3.9986939e-01   1.5525579e-01  -3.2288519e-01  -1.9266112e-01   9.3870602e-02   1.7490555e-01   2.8384405e-01   1.8813675e-01
   8.6143803e-02  -2.4516082e-02  -1.3774454e-02   0.0000000e+00   4.2209783e-02   7.5025458e-02  -1.0663802e-01  -3.4175849e-01   1.7890210e-03  -9.6454599e-02   6.4256000e-02   3.2980259e-03   1.3744929e-01   2.1432016e-01  -1.9296227e-01  -4.5130665e-02   1.2653000e-01   4.5883196e-01   2.3055911e-01   1.3551630e-01   2.1836943e-01   2.5459362e-01  -1.4012679e-02   8.9106742e-02   2.2726948e-01  -2.7698225e-01   2.4676165e-01  -4.6027187e-01   1.9510831e-01   2.9238585e-01  -1.2383138e-01   1.0569514e-01   2.8893234e-01  -2.4409573e-01  -2.3418016e-02   4.2122372e-02   3.1764542e-01   9.9917006e-02   2.3386279e-01  -8.0603920e-02   2.7007935e-01  -2.8600607e-01   2.8814161e-01  -1.3700680e-01   1.6050392e-01   2.8321172e-01   3.2389578e-01  -1.3980917e-01   1.1332805e-01  -1.5538315e-01   3.3378884e-01  -5.2861128e-02  -1.4839766e-01   1.8533983e-01   3.8851498e-01  -1.2339448e-01   1.7189388e-01   8.4858058e-02   2.3120255e-01   2.2994303e-01   4.0667050e-01   1.0219494e-01   3.1425336e-01  -1.0534824e-01   2.6495557e-01   3.6670004e-02   2.0693200e-01   4.3425412e-01   4.2979874e-01   2.0011227e-01  -1.5425741e-01   6.6292421e-01  -1.2466834e-01   4.3085366e-01   2.2984047e-01  -5.5133698e-04   6.4435349e-02  -6.7985525e-02  -1.2170902e-01   4.8143124e-01  -2.4312840e-01   5.1083804e-02  -1.7776635e-01  -2.0008663e-01   2.3657812e-02  -8.9121021e-02   1.2465105e-01   1.0677031e-01   1.9783982e-01   5.9622587e-02   6.2547851e-02   1.4694699e-01  -7.8222673e-02   2.0814554e-01   3.8424726e-01   1.7590464e-01   4.5377646e-01  -2.0962485e-01   3.9369932e-01   6.3720516e-02  -1.2347581e-01   1.9289457e-01   1.9313194e-01   1.0149079e-01   5.2536678e-01   5.1982591e-01   9.9567192e-02  -2.5579393e-02  -6.6733015e-02  -1.0457275e-01  -1.6954575e-01   3.6351023e-01   5.7527891e-01   6.8650067e-02  -3.7594909e-01  -1.8281336e-01  -2.5536442e-01  -9.7747697e-02  -2.2377263e-01   6.6299411e-01   2.9142277e-01  -4.7898127e-03   1.9229818e-01   6.2756573e-02   1.9348549e-01   1.5836529e-01   1.2500695e-01   1.8461249e-02   7.2785674e-01   7.3749696e-02  -4.1069902e-01  -1.7320285e-01   2.4413996e-01  -8.5538111e-02   4.4813374e-01  -2.9606302e-01   4.7099993e-01  -2.2090094e-01  -6.3678388e-02   2.3820398e-01   1.6566453e-01   3.4827181e-01  -7.2230418e-02  -1.4488121e-01  -6.4315323e-02   5.4421871e-03  -1.5707427e-01  -2.2237552e-02   7.2739720e-02   2.5462632e-01   1.1146298e-01  -1.8760056e-01  -6.4304713e-02  -1.3428584e-01  -1.0188953e-01  -3.3011166e-02   2.8567682e-01   3.2780808e-01   3.4350544e-01   2.1820738e-01   3.7927981e-01  -3.8477487e-01   1.3088725e-02   6.3442608e-01   1.7601815e-01  -1.7885978e-01   1.1178738e-01  -1.7628183e-01   2.3189881e-01  -2.1721519e-01  -1.9121634e-01   2.2317877e-01   5.2915970e-01  -3.8136613e-02   1.0353483e-01  -2.5425372e-01   5.5915535e-01
  -8.1244956e-02   1.0388109e-01   5.3959395e-01   4.2209783e-02   0.0000000e+00   1.5204558e-01   1.1797621e-01  -5.9623792e-03   2.2388522e-02   8.5701821e-02  -2.8202214e-01   5.6923725e-01  -1.6289559e-02  -1.0659306e-01  -2.6112049e-01  -1.9786649e-01   4.9659612e-01  -1.9608689e-01  -2.7524682e-01   6.0971655e-01  -1.1658100e-01  -1.4165564e-01  -2.2514840e-01  -1.7040536e-01   9.0675385e-02  -9.5088791e-02   1.4925175e-01  -3.6561313e-02  -8.9860908e-03  -3.6535512e-01  -1.4896130e-01  -2.5930249e-02   1.9043863e-01   6.5626913e-02   2.4745671e-01   4.0295475e-01  -3.3654714e-02   6.9534900e-02   8.7765768e-02   6.6475643e-04   1.3200667e-01  -2.4931420e-01   6.0782596e-02   5.1018010e-02  -3.5510496e-02  -8.3660712e-03   9.6118906e-02  -2.9227342e-01   1.9171603e-01   1.5202614e-03  -1.4092291e-01  -2.5123522e-01   2.1840193e-01   2.2636556e-01  -7.5763389e-02  -3.6272418e-01  -2.2010945e-01  -1.1390040e-01  -8.3125114e-02  -1.8825128e-01   2.0387961e-01   1.5941918e-01   3.4933318e-02  -1.9165903e-01   1.3642414e-01  -1.2655499e-01  -1.7882423e-01   6.5509952e-02  -1.5588425e-01   1.5635280e-01   4.3339731e-01  -5.7149009e-02  -1.0379538e-01  -3.0879636e-02   9.5721514e-02  -9.7578685e-02   6.7573127e-03   1.4525322e-01   3.7797535e-01   1.4306525e-01  -2.1950567e-01  -1.9894572e-02   2.0374408e-01  -1.2568884e-01  -5.9282414e-02  -2.8361691e-01   6.6369727e-02  -1.9584045e-02   8.9566747e-02  -2.2898251e-01   1.4244531e-01   1.9393671e-01   3.1490745e-01   1.6174136e-01  -8.2726329e-02   6.3083422e-01   1.6678469e-01  -6.9054083e-02   2.8585978e-01  -1.6066375e-01  -5.0132525e-02  -4.1709489e-01  -2.7049771e-01  -1.8484376e-01  -1.0157801e-01   1.8187687e-02   2.9202099e-01   2.8145723e-02   6.4612070e-02   1.0317451e-01   1.2483908e-01  -1.8657004e-01   5.6207908e-02  -8.2331330e-02  -2.3278095e-01   1.2224138e-01  -8.8372429e-02   7.8537239e-03   5.8871298e-02  -7.4206972e-02  -4.1068909e-01   5.4446773e-01   2.4873576e-01  -2.2085215e-02  -2.5280104e-01  -3.3394623e-01  -1.7846316e-02   2.4512732e-01   1.0105064e-01   1.5113189e-01  -1.7597493e-01   1.6836608e-01  -2.2805444e-01  -2.5977904e-01  -1.8207407e-02  -4.8863586e-02   1.3152581e-01  -2.8144420e-01  -2.1936500e-01  -7.5667679e-02  -2.2783668e-02   1.3864403e-01  -2.4206758e-01   1.1724489e-02  -1.8674357e-01  -1.9499757e-01   2.8690075e-01  -2.7045902e-01  -1.1100390e-01  -1.5585025e-01  -3.1726636e-01  -2.7531248e-01  -1.3735689e-01  -2.7536641e-01   4.1211051e-01  -1.0427041e-01  -1.2759388e-01  -1.2798361e-01   3.5561566e-01  -2.4576501e-01   3.4920124e-01  -1.8419061e-01   2.7894186e-02   5.0436595e-02  -2.5325301e-02   8.7363088e-02  -1.3757421e-01   5.6300854e-03  -5.0465268e-02   4.5952776e-01   2.5228562e-01  -2.5954814e-01   5.1525021e-02  -2.7012491e-02  -1.8591334e-02   2.1175070e-01   7.8359343e-02
  -2.8037776e-01   2.2091659e-01   2.4937726e-01   7.5025458e-02   1.5204558e-01   0.0000000e+00   4.5224092e-01  -1.4459004e-01  -4.0010616e-02  -2.1188445e-01  -3.9277730e-01   4.0176728e-01  -1.4161320e-01  -1.3106320e-01  -3.6769419e-01   3.8168826e-01   7.1250320e-02  -4.4763783e-02   1.5841131e-01   2.0637466e-01  -1.6416161e-01  -2.8617691e-02   1.3840064e-01  -2.3455099e-01  -8.4304944e-02  -1.7164250e-01   6.3956469e-01  -1.0794367e-01   1.6717915e-01  -1.4563314e-01  -5.0430897e-01   5.4870181e-02   8.4758954e-02   5.0396145e-01   2.3217123e-01   2.9836362e-01   7.9428491e-02  -2.5192537e-01   2.8068973e-01   6.8632226e-01   5.7572799e-02   1.5125247e-01   4.1535569e-02  -2.3132298e-01   1.3537191e-01  -6.5280904e-02   3.4801950e-02  -1.9162238e-01  -2.1963476e-01   3.8786836e-01   6.4224405e-04  -9.3350833e-02   1.0024384e-01  -1.1956675e-02  -1.9525476e-02   3.3928490e-02   2.3169102e-01  -2.3278525e-01  -1.0014581e-01   8.2826653e-02   2.4687582e-03   2.1112398e-01   2.0974515e-01  -2.1548612e-01  -3.1141850e-01   1.7422542e-01   3.2559871e-01   1.3683247e-01   3.3842701e-01   5.4272541e-01   2.5835191e-01   1.6940253e-02   8.2370562e-02   3.4580749e-01   6.0611516e-02  -4.3196114e-01   4.2851546e-02   2.2241504e-01   3.0314065e-01  -4.8943750e-02  -4.6053903e-02   1.0774042e-01  -9.4430712e-02  -1.7767323e-01  -8.4191440e-02  -3.2978033e-01   1.3057880e-02  -1.8811812e-01   4.7514449e-02  -2.9194859e-01   3.0086155e-01   1.7607172e-01   4.3601646e-01   1.3969413e-01  -6.0875481e-02   1.3876034e-01  -6.2836289e-02   1.7035825e-01   2.1865166e-01   2.7790272e-01  -3.4487831e-01   2.6908987e-02  -1.1779810e-01  -1.9955953e-01  -1.0122415e-01   3.9593893e-02   1.8633054e-02  -4.4327745e-02   5.2180464e-02   1.1125723e-01   5.4881935e-01   1.2597000e-01   1.0232494e-01  -4.0403636e-01  -1.1432551e-01  -3.8167181e-02   1.8524160e-02  -2.2226430e-01  -1.6701396e-01   8.5976485e-02  -2.4936204e-02   8.1274667e-02   1.5055416e-01  -3.3804335e-01  -1.2990735e-01   2.2546254e-01   9.1093752e-02  -1.5363940e-02   1.1095609e-02   2.7099944e-01   5.4434448e-02   2.9703162e-01   2.6072848e-02  -4.6109247e-01  -3.2996678e-02  -3.5381638e-01  -1.4490587e-01  -1.1222464e-01  -2.8362109e-01  -2.6651002e-01  -3.0940401e-01  -3.8129661e-02  -1.8657354e-01   3.4784192e-01  -2.7189159e-01  -4.8573874e-01   4.4140917e-01  -4.2504682e-01   2.9120252e-01  -1.7737468e-01  -2.2893054e-01  -2.4000485e-01   1.5926032e-01  -2.6737916e-01   4.9519139e-01  -2.9049716e-01  -7.4792198e-02  -2.0725992e-01   9.7810858e-02   1.5562119e-01   1.0968878e-01  -1.4479825e-01  -1.7072453e-01  -1.4380580e-01  -6.5400233e-02   2.3116852e-01  -4.4752111e-02  -1.0275006e-01  -5.3875509e-02   4.0478583e-02   1.9692066e-01  -1.8398541e-01  -6.8186775e-02   3.0007148e-01  -1.9753886e-03  -1.4670663e-01  -5.7431320e-02
   4.8904758e-02   2.1243878e-01  -3.8768072e-02  -1.0663802e-01   1.1797621e-01   4.5224092e-01   0.0000000e+00  -2.3532342e-01   2.2028702e-01  -1.5203214e-01  -1.9223954e-01   2.9993867e-01   2.0228267e-01  -5.4745428e-04  -6.6966647e-02   3.4112515e-01  -4.4179127e-02   4.8870505e-02  -1.8603286e-01   2.1402030e-01  -2.3199769e-01  -2.6822987e-01   6.9574735e-02  -4.6300627e-02  -2.5904319e-01  -1.7794773e-01   4.7054966e-01   1.6342636e-01   9.0095634e-02  -1.8021738e-01  -2.4393121e-01  -2.9558793e-01   6.3856333e-02   5.5717447e-01   3.6382876e-01   5.2236929e-01  -4.3302970e-02  -1.2475294e-01   2.1435777e-01   2.7415280e-01   7.2461956e-02   1.9831484e-02   1.6081735e-01  -2.6115447e-01   3.5469192e-01  -2.3976116e-01   2.9762790e-01   1.7469134e-01  -1.5843097e-01   5.3784515e-04  -3.1671679e-02  -1.9421068e-01   1.7484570e-01  -9.2631829e-02  -2.4333406e-01  -5.5156014e-02   1.0234083e-01  -5.6683588e-01  -5.0506667e-02  -7.3767956e-02  -4.1942310e-02   3.1685156e-01   1.7844256e-01   1.0826549e-01  -4.3540841e-02   2.7437844e-01   1.5076013e-01   7.0330583e-02   2.2957174e-01   2.8396794e-01   7.8307546e-02  -3.0746711e-02   3.9802278e-02  -2.7707021e-02  -1.7628406e-01  -4.3067805e-01  -1.8318958e-01  -2.3671564e-02   3.9445444e-01  -1.9832830e-01   2.9185927e-01   4.7341848e-03   5.6476981e-03  -4.2129068e-01  -1.0208346e-01  -4.1471195e-01  -1.5835064e-01   4.3290071e-02   8.8130524e-02  -1.3914375e-01   2.0172375e-01  -1.2703536e-01   2.5179751e-01   3.6594884e-01  -8.7139451e-02   1.5860492e-01   1.4912306e-02  -8.1714712e-02   2.1551154e-01   4.3901045e-01  -2.1659481e-01  -1.5307051e-01  -2.3977168e-01  -1.9153885e-01  -2.1058033e-01  -3.5156932e-01   7.0785176e-02  -1.8380102e-01   2.2308263e-01   2.9443950e-01   4.6384140e-01  -2.9224369e-02   1.9749613e-02  -5.2447737e-02   5.0659794e-02   1.7413946e-01  -1.7723307e-01   1.0663026e-01  -1.2007880e-01  -1.5579282e-01  -8.4001570e-02  -3.6434891e-02   2.2480014e-01  -1.5186438e-01  -3.1063714e-01   3.0521986e-01   1.8016547e-01  -1.0233752e-01  -2.3218152e-01   1.8898314e-01   1.3948209e-02   5.3251254e-01   3.4435002e-02  -2.8666478e-01  -6.1366547e-02  -3.1284486e-01  -1.8939848e-01   9.3917552e-02  -3.1089259e-01  -6.8845330e-02  -7.4846266e-02  -5.7591867e-03  -2.0213697e-01   1.9735881e-01   1.3178111e-01  -1.4891977e-01   3.1213224e-01  -2.1394637e-01   3.5839054e-01  -1.3863596e-01  -2.9346046e-01  -9.1506962e-02  -8.7998962e-02   4.5218154e-02   1.0040382e-01  -1.0267206e-01  -2.4396561e-01   3.8874263e-02  -1.2062693e-01   2.2802082e-01   2.7651506e-01  -7.1065875e-02  -2.1921943e-01   1.8111810e-03  -3.7163051e-01   3.7275382e-01   3.7797622e-02  -1.9822694e-01  -1.9513855e-01  -2.6195558e-03   3.6504619e-01  -9.9401249e-02   1.7720903e-01   1.4084941e-01  -2.7035750e-02  -1.2527769e-01  -1.9964145e-01
  -5.3614618e-02  -2.2834121e-01   7.3670949e-02  -3.4175849e-01  -5.9623792e-03  -1.4459004e-01  -2.3532342e-01   0.0000000e+00  -1.1719523e-01   2.6098819e-01   1.1147801e-01  -1.0967518e-01  -1.8997051e-01  -3.6105926e-01   6.1930597e-02  -2.6109738e-01  -2.4894946e-02  -1.7668643e-01   7.8191902e-02  -1.6203968e-01  -8.0739858e-02   1.8804780e-01  -5.1193038e-02  -1.5542825e-01  -8.3866570e-02   4.2108490e-01  -3.0390642e-01   2.4884422e-01  -1.7872735e-01   6.8223734e-02   8.1052893e-02   1.3010995e-01  -1.2904666e-01  -5.4350952e-02  -1.9507461e-01   4.9178594e-02  -4.8980240e-02   1.6121166e-01  -5.6201092e-01  -3.3901811e-02   3.3445584e-03   3.8940794e-01  -4.3752186e-01   2.0028655e-01  -1.5238426e-01   1.9305720e-01  -1.6921301e-01   4.7071271e-02   3.5700657e-02   1.9401408e-01   1.4540140e-02   4.8014760e-01  -9.9160839e-02  -4.3700611e-02  -1.8856299e-01   1.6515411e-01   1.1194729e-01   2.8126526e-01   8.2306416e-02   4.6085428e-02  -6.0437966e-02  -7.1735271e-02  -3.8560380e-01  -4.0399761e-02  -3.2682566e-01   9.3441599e-02   1.2618353e-01  -5.5045986e-01  -1.3390296e-01  -8.9516505e-02  -1.2878175e-01  -2.1225031e-01  -1.5884915e-01  -9.7215112e-02  -3.2135156e-01   3.5992134e-01   3.1181810e-01   1.1330028e-01  -1.8374775e-01  -3.3309023e-01   1.7664985e-01  -3.0740564e-01   2.2511969e-01   5.0828305e-01  -4.4654039e-02   4.6963216e-01  -3.7189265e-01  -2.8840573e-02  -6.0137230e-01  -2.8222289e-02   5.5498807e-02   2.0778091e-01  -1.4943524e-02  -3.5410432e-01  -8.4632652e-02  -8.0024751e-02  -4.9683891e-01   4.8162043e-01  -4.2363919e-01  -1.5024023e-01   1.5032661e-01   1.2602721e-01   2.6326386e-01   9.4547866e-02  -1.6988369e-01  -3.5070064e-02  -3.8499421e-01   5.9540845e-01  -8.4561359e-02   1.1695674e-01   1.0080860e-02   3.1132298e-03  -6.5973519e-01  -7.6220508e-02   2.4485737e-01  -6.7002357e-02   4.1229472e-01  -1.0698646e-02   1.4297072e-01  -2.2043105e-02   6.9546751e-02  -8.5750338e-02  -4.3901517e-01   6.7860338e-02   1.3216210e-01  -1.8116110e-02  -2.3641335e-01  -1.0845824e-01  -3.5686899e-01  -2.7172490e-03   2.6885821e-01  -1.9546895e-01  -1.9881285e-01   1.4470326e-01  -1.2788193e-01   6.4420540e-01  -1.4364822e-01   2.1152224e-01   4.4144579e-01  -1.4317042e-01  -2.7086668e-02  -3.4558900e-01   3.0163936e-01   1.0493575e-01  -1.2758724e-02   1.4930683e-01  -8.5634302e-02   2.0236248e-01  -4.4325742e-02  -2.1954985e-01   9.6376304e-02   4.1743341e-01   3.4374251e-01  -9.8110315e-03  -1.5009079e-01   4.8209123e-02  -1.4541309e-01  -1.8590852e-02  -2.3813440e-01  -1.2529450e-01  -4.0924059e-01   3.8346091e-01   8.4991859e-02  -1.6317307e-01   2.3823572e-01  -1.0106470e-01   1.0129098e-01   2.3403508e-01  -2.5614191e-01  -1.4050024e-01  -3.0586950e-02  -3.8710853e-01  -3.1666981e-01   1.7274826e-01  -4.1131746e-02   2.3202990e-01  -2.0935848e-01
   2.7289393e-01   3.6435760e-01   5.0087993e-02   1.7890210e-03   2.2388522e-02  -4.0010616e-02   2.2028702e-01  -1.1719523e-01   0.0000000e+00  -5.6590061e-02  -8.7615736e-02   1.3959334e-01   2.7777364e-01   4.0362999e-02   1.6786047e-01  -1.1396941e-01   5.6628910e-02   3.8296245e-02  -2.6787695e-01   2.8910739e-01  -3.6290932e-01  -6.9194554e-02  -1.8103721e-01   8.7545257e-02   1.1190824e-01   1.3189864e-02   1.8405182e-01  -1.9605902e-01   2.1024686e-01   6.9351555e-02   1.5593469e-01  -1.2178496e-01   3.0712099e-01  -1.2448760e-01   3.1578129e-01   4.4452181e-02  -2.2592663e-01  -1.3327815e-02   1.2310091e-01   1.1251437e-02   2.2954601e-01  -1.5161298e-01   4.0822142e-01  -1.4441193e-01   2.7814068e-01  -1.6555024e-01   1.8855809e-01   3.2726102e-01  -2.5118381e-01  -2.9740904e-01  -2.0543835e-01  -1.3596907e-01   9.4790201e-02  -1.3051138e-02  -1.5385260e-01   4.0680700e-02  -2.4623502e-01  -5.4664071e-02   1.4426326e-01   2.0267869e-01   1.1742577e-01   2.5911980e-01   5.2643767e-01   2.7132481e-01   4.7299750e-01  -1.7383015e-01   1.8060242e-02   2.7525583e-01  -1.0580473e-01   1.2616904e-01   2.1130387e-01   6.8584545e-02   2.6395421e-01  -2.4598237e-01   7.5714418e-02  -7.9461639e-02  -1.9714328e-02  -1.4923630e-01   3.1373566e-01   2.7002178e-01  -1.2400538e-01   1.1370700e-01  -1.8563363e-01  -3.6936472e-01  -1.9005997e-01  -1.3665189e-01   3.4368411e-01   1.9281645e-01   2.3940054e-01   1.5920067e-01   2.8841525e-01  -2.0283126e-01   3.8327172e-02   6.5005180e-01   4.9377149e-02   1.1844946e-01   4.3686146e-01  -2.8803658e-02   5.5551006e-01  -1.2332527e-01  -1.2092834e-01  -1.2719093e-01  -3.2722522e-01   3.1871481e-01  -1.0902382e-01  -5.8328992e-02   1.0111796e-01  -1.5854486e-01   4.6214791e-02  -1.9887807e-01  -1.3724186e-02  -2.0309140e-01   2.7793148e-01   1.6596871e-01  -1.3747423e-01   4.2626641e-01  -6.7039403e-03   2.6632473e-01  -1.6011931e-01   7.0762111e-02   6.3234455e-02   1.8443301e-01   2.5673475e-01   1.3170324e-01  -1.0303101e-01  -2.9999894e-01   1.1987652e-01   1.0212783e-01   1.8401225e-01   2.6430542e-01  -2.0335511e-01   3.5667198e-01  -1.6278023e-01  -2.5666362e-02   3.0763394e-01  -6.0365753e-02   2.0748829e-01  -1.3582565e-01  -1.7828026e-01   1.0435399e-01   1.0159572e-01   2.1442662e-01  -2.2887404e-01  -4.3897428e-02   9.7017137e-02  -1.7364921e-01  -5.2375719e-02   1.6127795e-02  -2.4831659e-01   1.5773347e-01  -1.0067634e-01  -3.2078071e-01  -1.6762349e-01   2.8931031e-02   1.6051505e-01   1.6789726e-01  -2.4948853e-02   2.1892353e-01   7.8098140e-02  -1.3956921e-01   5.5220973e-01  -1.1256614e-01  -4.7487498e-02   8.2282329e-02   1.4783690e-02   2.5221667e-01   2.0662769e-01  -1.5519540e-01   1.2161148e-01  -6.6853864e-02   1.7427858e-01  -1.8835809e-02   3.6841438e-01  -2.5477630e-01   2.0537785e-01  -1.0612139e-01   1.6699166e-01
   7.6790203e-02  -9.1974632e-03   2.2993487e-01  -9.6454599e-02   8.5701821e-02  -2.1188445e-01  -1.5203214e-01   2.6098819e-01  -5.6590061e-02   0.0000000e+00   1.0473266e-01   8.5496553e-02  -4.3613649e-04  -3.6428465e-02   1.2831137e-01  -1.3340900e-01   1.0626619e-01  -3.0581525e-02  -5.9863623e-02   1.3292055e-01  -1.3638973e-01   5.2474290e-02   2.2441517e-01   4.2272271e-02   1.5745690e-03   1.0102638e-01  -2.4864414e-01   1.7400756e-01  -1.4507739e-01  -2.3898646e-02   1.7418443e-01   2.0451693e-01   6.8651242e-02   1.0667713e-01   6.1367379e-02  -1.4540657e-01  -7.5502915e-02  -1.0392055e-01  -2.0681053e-01  -1.4362267e-01  -4.4539171e-02   1.8633730e-03  -2.6786149e-01   2.2901174e-01  -1.6356292e-01   7.5459812e-02  -3.0430767e-01  -2.5862029e-02   4.3226817e-02  -1.5501823e-01  -1.6119201e-02  -7.3196102e-02  -1.5121137e-01   3.4380485e-02  -7.8573082e-02  -5.8179442e-02  -2.8864262e-02   6.4448193e-02  -2.8892927e-01  -2.9379055e-01   1.2576229e-01  -1.7098004e-01  -3.1816771e-01  -1.4611120e-01  -2.8909769e-01  -1.5323847e-01  -2.1775627e-01  -1.6811952e-01  -3.2490398e-01   3.4485989e-02  -1.5096854e-02  -1.0119731e-01  -1.2289669e-01   3.1626482e-02  -1.8880102e-01   1.6680588e-01   1.6368925e-02   3.4527831e-02  -5.5478114e-02  -2.3444596e-01   2.4460051e-01  -2.0449589e-01   2.8122559e-01   1.1437501e-01   2.6443359e-01   2.1463551e-01  -8.6397799e-02   8.7153644e-02  -1.1522612e-01   2.0301804e-02  -1.9115090e-01   1.0658552e-01   3.0330883e-01  -1.6249546e-01  -6.9842077e-02   2.9973295e-02  -7.3404963e-02  -1.0875849e-02  -1.9549402e-01   2.5670767e-02   2.9632222e-01  -1.0924147e-01   1.9648540e-02  -3.6156630e-02  -8.5094900e-02   2.5679685e-01  -7.9909679e-02   4.8112356e-02  -2.2377932e-03  -2.1659453e-01   1.1517099e-01  -1.4792686e-01  -2.1223815e-01   1.3417223e-01   3.5147133e-01  -9.2845729e-02   5.4127614e-02   6.4636873e-03   2.8053892e-01  -5.4037333e-02  -1.9228079e-01   1.0804377e-01  -6.3832107e-02  -9.0898536e-02   2.8265072e-02  -3.0202793e-02  -3.0026313e-01  -1.1032438e-02  -9.6046192e-02   1.3479914e-01  -6.3943387e-02  -1.0762380e-01  -1.4976444e-02   1.7876036e-01  -2.1050524e-02   1.1929522e-01   2.4916031e-02   1.3468826e-01   8.6300860e-02   5.3892508e-02   4.3994768e-02  -1.0504483e-02   2.5084118e-02   1.9115981e-02   1.8504495e-01   2.1579650e-02   1.3071660e-01  -1.6225972e-01   8.2241550e-02  -4.8642548e-03   2.0976977e-01   8.8559847e-02  -3.4272125e-02  -1.3289226e-01   5.1362608e-02   4.2188906e-03  -4.9378602e-02  -8.1640000e-02  -1.3696980e-01  -1.7006375e-01  -1.7779716e-01  -5.3145840e-02   2.9340471e-01  -1.6762587e-01   1.0232292e-01   1.8085606e-01  -1.7344683e-01  -1.5997230e-01  -3.6326405e-02   6.7950498e-02   5.3888640e-02  -1.3624260e-01  -2.9325938e-01   1.1317657e-01   1.8787261e-01   1.4434725e-01   1.9507308e-01
   7.6679603e-02  -2.9013330e-01  -3.3341331e-01   6.4256000e-02  -2.8202214e-01  -3.9277730e-01  -1.9223954e-01   1.1147801e-01  -8.7615736e-02   1.0473266e-01   0.0000000e+00  -5.7690438e-01   1.3645173e-01   4.7481759e-02   5.0885014e-01   6.2380683e-02  -3.0535642e-01   3.7954153e-01   2.2807083e-01  -3.7594111e-01   2.7700680e-01   1.1121856e-01   1.1395148e-01  -1.4685166e-02  -1.8233473e-01   2.1254886e-01  -3.6478560e-01  -5.9478894e-02   2.1219187e-02   2.3707821e-01   3.3673646e-01  -2.7561930e-01  -3.8882422e-02  -1.9163047e-01  -1.8676225e-01  -1.2002213e-01   1.2484062e-01   1.2532981e-01   3.7245338e-02  -1.1159541e-01  -6.6802012e-02   5.9860148e-02  -1.1144057e-01   4.8823056e-01   2.7270720e-01   1.4311856e-01   2.2279325e-01   3.5646009e-01   3.4447987e-01   8.3622151e-02   3.9035653e-01   2.3403736e-01  -1.5528971e-01  -1.1196584e-02   1.1440318e-01   2.7993847e-01   2.5388823e-01   6.6096620e-02   2.7037090e-01   1.2625489e-01   2.1535785e-01   1.0850655e-01  -1.3459036e-01   3.8500098e-01   1.4085483e-01   2.1338332e-01   1.0586871e-01  -4.6518102e-02   2.8656912e-01  -3.3826130e-01  -3.5170654e-01   2.2706267e-01   7.5310817e-02  -7.1859688e-02  -1.2854622e-01   4.1840226e-02   2.5922583e-01  -1.0409521e-01  -4.2709253e-01   1.1772692e-01   1.4857105e-01   1.1489689e-01   1.9982714e-01   1.4126895e-01   6.2032876e-02  -5.8923073e-03  -1.3782214e-01  -2.7807033e-02  -2.2558137e-01   1.8202743e-01  -1.5089537e-01   7.5526378e-02  -2.2789931e-01  -1.8430558e-01   1.9952023e-01  -3.8370043e-01  -1.1105231e-01  -1.0428482e-01  -2.3009925e-01   3.9310359e-02   3.0125007e-01   2.8470344e-01   1.8907904e-01   1.1812207e-01   1.7376846e-01  -1.9691288e-01  -6.3129490e-02   1.9904386e-01  -4.5167565e-02   4.8235763e-02  -1.7732185e-01   2.8862302e-01  -7.6445474e-02   2.1889155e-01   2.3844269e-01  -1.8898759e-01  -2.2593124e-02   1.8712613e-01   4.9124572e-03   1.6803285e-01   2.1332806e-01  -3.6277101e-01  -2.8985903e-01   5.3313279e-01   9.0251642e-02   1.7872013e-01   2.0799257e-01  -2.2760692e-01  -4.0397646e-02  -2.2924097e-01   2.6455287e-01  -6.5785668e-02  -7.6549308e-03   5.8764288e-01   7.3215095e-02   1.4548686e-01   1.2535931e-02   2.7994896e-01   8.6305159e-02   3.0915227e-01   2.7586274e-01  -2.3102349e-02   4.6061996e-01  -1.3468881e-01   1.5454730e-01   4.2001237e-01  -3.2122901e-01   4.8942597e-01   1.2931389e-01   3.3275417e-01   7.7400592e-02   4.0720471e-01   1.7171900e-01   3.1819640e-01  -4.4538119e-01   6.3868448e-02   2.9537342e-01   2.8326849e-01   1.1848984e-01   2.4471279e-01  -2.4509505e-01   2.1951341e-01   3.5209199e-01   2.2030586e-01   1.9265126e-02  -2.2718037e-01   2.2082229e-01   1.8281817e-01   5.7024778e-02  -2.0003824e-01  -2.0178229e-01   2.3650103e-01   1.8253424e-01   1.1253950e-01  -1.5171130e-01  -1.5393264e-01  -1.3135477e-01
   2.5316825e-02   3.3341804e-01   6.4040273e-01   3.2980259e-03   5.6923725e-01   4.0176728e-01   2.9993867e-01  -1.0967518e-01   1.3959334e-01   8.5496553e-02  -5.7690438e-01   0.0000000e+00   7.5779870e-02  -1.3077667e-01  -3.4106784e-01   1.0153659e-01   4.7433326e-01  -2.9847719e-01  -8.3780071e-02   6.1688788e-01  -2.1214956e-01  -1.6715229e-01  -2.1941224e-01  -8.7069500e-02   1.6839930e-01  -1.6647963e-01   3.6081133e-01  -6.9004369e-02   8.2624767e-02  -3.4395582e-01  -2.8160232e-01   5.9378508e-02   2.0518835e-01   2.3402565e-01   4.0058152e-01   2.2156318e-01  -7.5579501e-02  -1.7573253e-01   1.8707249e-01   2.5346180e-01   1.8357108e-01   3.9615480e-02   2.2847672e-01  -2.2117129e-01  -2.8459291e-02  -1.2441000e-01  -6.7918934e-02  -2.9125270e-01  -1.7261531e-01   1.6976457e-01  -2.5179745e-01  -3.0613320e-01   1.2807811e-01   2.2436298e-01  -4.5877774e-02  -3.2878586e-01  -9.1305667e-02  -2.2187169e-01  -3.2036482e-01  -8.4469776e-02   1.4838508e-01   6.7446366e-02   1.3525562e-01  -3.3373544e-01   1.9637225e-02  -9.1126971e-02   4.0787969e-02   1.1916918e-01  -9.1090406e-02   4.1309447e-01   4.0613355e-01  -1.3834868e-01  -1.1365525e-01   1.8801094e-01   6.5410008e-02  -3.0391792e-01  -1.0334088e-01   1.1139844e-01   4.7890022e-01   5.0203950e-03  -2.7542411e-01   8.8231345e-02  -2.7861727e-02  -1.9899284e-01   1.9293172e-02  -3.0528794e-01   1.7170976e-01   8.4977969e-02   1.0207336e-01  -2.4247643e-01   1.6311434e-01   2.7472660e-01   5.0134494e-01   3.4100199e-01  -1.5324337e-01   5.6528969e-01   1.9449588e-01  -5.4030586e-02   3.1809338e-01   4.7494175e-02  -2.0083899e-01  -2.4530752e-01  -3.0750975e-01  -3.5585619e-01  -2.1156040e-01   1.0443129e-01   2.3657391e-01  -9.9335944e-03   1.2454765e-01  -1.8273885e-02   2.9989616e-01  -1.3814152e-01   8.5429881e-02  -1.3828717e-01  -2.5086967e-01   1.3924868e-01   2.9383500e-03  -5.2671934e-02  -3.3080114e-02  -1.4445201e-01  -2.9583242e-01   5.9672409e-01   3.7556129e-01  -3.3581102e-01  -2.0593147e-01  -9.8339817e-02  -5.4340544e-02   3.5851317e-01   3.1380963e-03   2.9754950e-01  -1.7580207e-01   1.9165762e-01  -8.9298783e-02  -4.9598930e-01  -1.1823941e-01  -3.2099492e-01   1.2990062e-01  -3.1141533e-01  -3.0834639e-01  -1.4513699e-01  -1.7090139e-01   2.4771137e-01  -3.7692288e-01   2.1301647e-01  -1.5658722e-01  -4.6618730e-01   4.3071395e-01  -4.9123798e-01  -5.8979712e-02  -2.5256481e-01  -2.3190622e-01  -4.3589748e-01  -2.0731692e-02  -3.1533140e-01   5.8816894e-01  -1.0560489e-01  -1.8170725e-01  -1.5568967e-01   2.2793756e-01  -1.7854976e-01   2.9543708e-01  -2.7987707e-01  -1.5363364e-01  -1.2697762e-01  -1.2892762e-01   2.9022024e-01  -2.2423182e-01  -1.8793905e-01  -4.3026472e-02   3.0520869e-01   3.6211987e-01  -2.8359476e-01  -3.0491448e-02  -1.0574028e-02   9.6146231e-02   7.5446191e-02   1.7071595e-01
   3.4987512e-01  -8.1474257e-02   3.0879608e-02   1.3744929e-01  -1.6289559e-02  -1.4161320e-01   2.0228267e-01  -1.8997051e-01   2.7777364e-01  -4.3613649e-04   1.3645173e-01   7.5779870e-02   0.0000000e+00  -1.9052650e-01   2.2354722e-01   6.5689466e-02   5.4655115e-02   2.5494054e-01   3.1862560e-03   1.0411876e-01  -2.4944235e-01  -1.9439646e-01  -9.6689328e-02   2.2939207e-01  -9.0259061e-02  -1.3727085e-01   1.9306021e-01  -1.0990370e-01   1.6944677e-01   1.5916728e-01  -1.2935743e-01  -3.8484763e-02   3.2029123e-01  -8.3984311e-02   6.7289115e-02   2.5680300e-01  -2.5864841e-02   2.0859056e-01   2.5354760e-01  -2.1183596e-01   4.8192592e-01   7.2076324e-02   1.7971282e-01  -6.9916849e-02   1.4330257e-01   2.7452650e-01   3.7258192e-01   4.1438662e-02  -8.1156263e-03  -2.0880571e-01   2.4219296e-01  -2.4174880e-01  -1.9882713e-01   1.1577594e-01  -1.5158796e-01  -4.7726237e-04   7.5646987e-02  -1.9024795e-01   1.5207135e-01   1.6045793e-02   4.1919269e-01   9.4092018e-02   2.4932014e-01  -6.2506383e-02   2.0863391e-01   1.2016796e-01   7.3665090e-02   1.3248157e-01   4.5396242e-02   2.3409958e-01  -2.8450513e-01   1.1161223e-01   1.9147910e-01   4.2216543e-04  -5.0490739e-02  -2.6271473e-01   1.0422824e-01  -5.2220572e-03  -1.3424451e-01   1.1468669e-01   3.1263786e-02  -1.1545061e-02  -1.4981280e-01  -2.8843486e-01   7.9638788e-02  -1.7416241e-01  -1.6167653e-01  -2.1662718e-02   6.7066900e-02   3.5479284e-01   2.2351946e-01  -3.4275086e-02  -2.6679838e-02   3.2256387e-01   2.1834789e-01   9.0183860e-02   1.8985507e-01  -1.6222962e-01   1.3786879e-01  -6.2465647e-02   7.5261807e-02  -4.5933618e-02  -1.9439980e-01  -1.7106463e-01  -1.6283374e-01  -2.9056352e-02  -1.1729874e-02  -1.6893765e-01   1.3310647e-01   2.0757598e-01  -9.6683481e-02   3.5352252e-02   1.4494350e-01   3.5563661e-01  -9.8945180e-03  -8.4382930e-02  -1.2292101e-01   1.7307665e-01   5.7174888e-02   1.7350501e-01   1.3264372e-01   6.2759742e-02   2.1681769e-01   7.8600191e-02   3.0978382e-02  -1.9714627e-02   1.6019009e-01  -2.1982305e-02   9.8312390e-02   3.1054587e-01  -1.1720549e-01  -8.5575087e-02  -9.5744134e-02   7.1082377e-03   4.5509829e-02  -1.3850750e-01   1.8747212e-01  -1.5544679e-01  -9.5609039e-02   2.1811158e-01   2.9468446e-01   3.9607801e-01  -2.9234619e-01   7.9228607e-02   2.9668741e-03  -1.0450276e-01  -1.5342015e-01   6.6981411e-02  -5.9167588e-02  -6.4147982e-02   1.9986725e-01  -2.1535637e-01  -2.5512795e-02  -2.0363647e-01  -2.0667970e-01   4.3162143e-01   1.0512871e-01   3.4857514e-01   9.7625428e-02  -1.0247369e-01   2.3383754e-01  -1.3467359e-01  -1.5408955e-01   1.7437570e-01  -2.9484773e-02   5.1837614e-02  -3.1865660e-03  -1.3966045e-01   2.0538891e-01  -2.8043558e-01  -6.1758208e-03   2.0566869e-01   2.7518256e-01  -1.2363713e-01   1.3443752e-01  -1.2631953e-01   1.4337761e-01
   9.6922768e-02  -6.8197238e-02  -1.9929936e-01   2.1432016e-01  -1.0659306e-01  -1.3106320e-01  -5.4745428e-04  -3.6105926e-01   4.0362999e-02  -3.6428465e-02   4.7481759e-02  -1.3077667e-01  -1.9052650e-01   0.0000000e+00   1.6447718e-01  -3.2716941e-02  -1.7183730e-01   8.8132904e-02  -1.3997947e-01  -1.7399056e-02   2.7066522e-01  -2.1059712e-01   2.0058838e-01   1.2099832e-01   1.8644474e-01  -1.5065351e-02  -2.6708957e-01   9.8369180e-02  -1.2460320e-01  -7.9851734e-02   3.3856593e-01  -1.7505637e-01  -8.7973549e-03   1.2205925e-02   1.7058572e-01  -2.4660940e-01   2.0091787e-01   1.0166892e-01   5.2373375e-02  -1.7096875e-01  -1.2282567e-01  -3.3851127e-01   1.0590170e-01   1.1109537e-01   7.5574590e-02  -1.1002773e-01  -2.1148040e-01  -3.6542400e-02   2.8738630e-01  -2.9664048e-01  -3.1245003e-02  -1.1349102e-01   2.4103777e-01  -8.4574431e-02   4.6357788e-01  -3.1272856e-02  -2.0763132e-01  -4.3412285e-03  -4.6235822e-02  -3.8468037e-02  -1.3151773e-01   7.2107248e-02  -5.6117588e-02   2.1014819e-01   1.7692218e-01  -3.3145199e-01  -1.9338874e-01   9.5861364e-02  -2.4305573e-01  -3.0739481e-01   1.8340871e-02   1.2297297e-01   3.9988537e-02   1.1317089e-01   1.0947603e-01  -5.9416820e-02  -1.7699846e-01  -1.9837880e-02  -5.4296665e-02   1.3678778e-01   1.5313580e-01  -2.9321562e-02   2.4205045e-01  -2.2244372e-01   3.1209094e-01  -1.7014510e-01   3.1193434e-01   3.7198382e-01   1.7729216e-01   3.1143221e-01  -1.4008377e-01  -1.3468502e-01  -9.7300009e-02   9.2657004e-02   1.6094498e-01  -1.9074552e-01   2.4227014e-01  -1.6089247e-01   1.5385731e-01   6.2371256e-02   2.8235001e-01  -1.1168828e-01  -7.2105849e-02   1.5462523e-01   1.8640503e-01   1.0345247e-01   1.9297216e-01  -2.7137755e-01  -3.0659593e-02  -2.1953284e-01  -5.0871495e-02  -9.4905881e-02   2.9394105e-01   2.5207171e-01   1.4904106e-01   8.2303027e-02  -1.6454538e-01   1.5391966e-01  -3.4331372e-02  -6.4485322e-02   1.2881416e-02  -2.6556283e-01   7.4064802e-02   2.5229972e-01   4.8382481e-02  -1.3904216e-02   5.5794508e-02   6.2589371e-02   8.6909344e-02  -2.6980850e-01  -1.0498524e-01   8.6241624e-02   1.9578123e-01   2.2203802e-01   7.4107253e-02  -2.2067590e-01   5.3422859e-02   3.0872477e-01  -3.1346532e-01   4.1410630e-01   1.7913182e-01   1.9815082e-02   3.8884983e-02  -3.9081524e-01   1.5894265e-01   2.7554885e-01   6.8214440e-03  -4.8834094e-02  -5.8956781e-02   4.0312333e-01   1.7652688e-01   6.7422736e-02  -1.2426896e-01   2.1638158e-01  -1.2526011e-01   8.7354954e-02   1.6839121e-01  -9.0222524e-04  -1.4790321e-02  -8.2739479e-03   2.0952637e-02  -4.7119066e-02   9.8608994e-02   4.6727234e-02  -3.3941262e-02  -8.5121259e-02  -8.7395038e-02  -6.5284723e-02   2.3685779e-01   7.1192337e-02  -2.5230798e-01   3.2400122e-01   7.4757523e-02  -1.8546752e-01   8.4606462e-02  -1.0525979e-01   2.4049316e-02
