   0.0000000e+00  -2.8884861e-01  -3.1850455e-01   7.5477228e-02  -1.1200829e-01  -1.3361598e-01  -2.5545274e-01  -2.9893824e-03  -1.9490421e-01  -6.9943998e-02  -1.7983542e-01  -2.7049696e-01   1.8995604e-01   4.9347799e-01  -2.3297631e-01  -1.3050295e-01  -1.6463815e-01  -7.4046146e-02   9.1875847e-02  -1.8858748e-01  -1.5831540e-01  -1.5957466e-01  -7.9951753e-02   2.7429317e-01  -4.0561703e-02   1.9998910e-01  -3.7005135e-01   3.4982509e-01  -6.3381237e-02  -2.3469956e-01  -1.0110296e-01   1.9066747e-02   2.0252112e-01  -3.5123033e-01  -3.1992401e-01  -1.6424334e-01   3.8844294e-02   4.1823020e-01  -4.7447202e-02  -2.1321643e-01  -8.0050020e-02   2.4090906e-01  -8.6334066e-02   5.5414931e-02  -6.4308557e-02   1.6711484e-01  -2.1339600e-01   4.5916323e-02   1.9046139e-01  -2.8187311e-01  -8.1345492e-02   2.6485802e-01  -1.0722937e-01   1.7979892e-01   7.4760104e-02   2.2883652e-01  -8.1372539e-02  -1.2087155e-03  -3.3775850e-01  -2.8801232e-01   3.4485192e-01  -1.2496073e-01  -1.2126449e-01  -1.2984428e-01  -2.7275322e-02  -2.8746810e-01  -1.0541293e-01   1.5218411e-01  -3.0423283e-01  -2.7272952e-01  -2.7917785e-02  -1.4881360e-02   4.1407183e-02   4.2550949e-01  -1.1195738e-01   3.4628605e-02   2.9952852e-01   1.8170196e-02  -2.5485814e-01  -1.2027637e-01  -4.0816257e-02  -1.2397081e-01  -2.2247479e-02   2.6717974e-02   1.9121785e-01   1.7154488e-02  -4.2866428e-02   4.9549262e-01  -1.1882650e-01   2.2511682e-01   4.6815302e-03   3.5886752e-01  -3.1907479e-01  -1.7584169e-01   4.9259624e-01   3.4604062e-02   5.6230958e-02   7.9782138e-02  -2.1219186e-01  -4.4265677e-03   2.1011822e-01  -2.1497869e-01   1.0199867e-01  -3.2948627e-01  -3.5273071e-02   1.6582475e-01   2.0659539e-01  -1.2327501e-01   1.1359571e-01  -2.9894359e-01  -7.8277664e-02  -4.1743338e-02   2.3954784e-03   6.0504020e-01   3.2839266e-01  -2.2785658e-01  -8.5198175e-03   1.9956115e-01   2.4593841e-01  -7.6946777e-02   4.5144664e-01  -2.0879169e-01  -1.8988455e-01  -1.2088301e-01   1.6936557e-01   4.6016368e-03  -1.2105880e-01   3.1590757e-01  -6.9570623e-02  -4.9141331e-02  -1.6367552e-01  -1.5919261e-01   4.5666988e-02  -1.8655168e-01   2.6564289e-01  -6.4734830e-02   4.7153545e-02  -2.7925221e-02   1.8342076e-03   3.6386376e-01   4.7494953e-01   2.0933118e-03  -2.8470009e-02  -1.9751494e-01  -2.9187027e-01   6.2062617e-02  -2.1176559e-01  -2.6535565e-01  -1.0055847e-01   5.2195588e-02   3.1928627e-01   2.0909716e-02   4.2131291e-01   1.2893666e-01  -1.6880344e-01   3.4996999e-01   3.4468472e-01  -1.7680267e-01   1.1035693e-01   1.8793284e-01  -8.7766355e-02  -1.3543864e-01  -2.2830489e-02  -3.0285204e-01   1.3813529e-01  -8.5876945e-02  -8.5584625e-03   2.2420377e-01   3.4232895e-01  -8.1518063e-02  -2.4033679e-01   2.9696884e-01  -1.1533462e-01  -8.9939068e-02   9.2297461e-02   7.7862525e-02  -1.1748952e-01
  -2.8884861e-01   0.0000000e+00   2.5623870e-01  -1.6131795e-01   3.6492480e-01   5.6416005e-02   2.6947970e-01  -1.9843508e-01   3.1796018e-01   7.5547486e-02   2.5640490e-02   4.3092738e-01   1.6122258e-01  -2.9656126e-01   4.1394882e-02   1.3175565e-01   2.5542781e-01  -7.5468066e-02  -1.3591538e-02   2.7332418e-01  -3.1007048e-01   2.2526866e-03  -3.6949725e-01  -1.1137319e-01   1.0449524e-01  -2.1729626e-01   4.0338733e-01  -2.2310458e-01   2.7182881e-02   3.5859870e-01   9.5881567e-02  -2.2658573e-01  -2.4500251e-01   3.7722854e-01  -3.9304967e-02   2.3567359e-01  -1.2905008e-01  -4.5652023e-01   1.3425272e-01   1.7807585e-01   2.4122345e-01  -2.8603174e-01   2.9371262e-01   2.0979497e-03   3.2957081e-01  -1.8593701e-01   6.4148269e-02  -9.7297878e-02  -2.3549658e-01   2.2131676e-01  -1.5063100e-01  -1.3572351e-01   2.5802439e-01  -2.2798620e-01  -1.3156228e-01  -2.8445246e-01   6.0901734e-02  -1.8363395e-01   2.1206765e-01   2.4786855e-01  -2.0182706e-01   2.8413108e-01   2.8759101e-01   4.5106172e-01   4.4792904e-01   1.9970172e-01  -1.4525061e-01  -1.1357242e-01  -1.5316701e-02  -2.3624079e-02   2.4889651e-01  -1.8862904e-01   2.1084747e-01  -3.5134854e-01  -1.1854964e-01  -3.9220657e-02  -2.5015481e-01  -6.7001420e-02   5.4827195e-01   7.5415368e-02  -1.6264238e-01   3.0859318e-01   7.3551179e-02  -1.3408329e-01  -5.2640052e-02  -2.1220801e-01  -2.3523973e-02  -2.1947096e-01   3.9958000e-01  -8.0423113e-03   7.5788996e-02  -2.9443932e-01   2.8126861e-01   2.9620238e-02  -3.0072353e-01   2.2647745e-01  -1.2603909e-01  -6.9818652e-03   2.8958287e-01  -2.3822606e-01  -2.0467945e-01   2.7348059e-01  -2.0670542e-01   2.7125103e-01  -2.9372747e-01  -2.1784774e-01  -2.0018596e-01  -5.8609028e-02  -1.4588328e-01   8.4524072e-02   6.5068673e-02  -1.6209027e-02   2.4392961e-02  -2.5782895e-01  -1.1687399e-01   6.2160958e-01   2.6317935e-02   8.5480474e-02  -2.2477153e-01  -7.3510143e-02  -2.3543613e-01   3.7570937e-01   1.9662185e-01   4.3887429e-01  -3.0041546e-01  -2.2789235e-01   1.1139031e-01  -2.3341378e-01  -1.2713507e-01  -1.2078838e-01   3.0581980e-01   3.8949670e-01  -3.9652172e-02  -1.2806117e-01  -2.0609665e-01   5.5228202e-03  -1.6973318e-01  -1.6012292e-01  -1.1695750e-01   2.7146388e-03  -3.8275263e-02   2.2332076e-01  -1.2351577e-01  -5.5907550e-02  -2.8214752e-02  -1.7363894e-01   1.5448492e-02   2.2213629e-01   6.6636641e-02  -8.5797416e-02  -2.1972353e-01  -1.3516271e-01  -3.2373078e-01  -9.1395963e-02   5.2793026e-01  -2.3171351e-01  -2.2086629e-01  -6.9597968e-03  -1.8564761e-01  -9.8647069e-02   1.9701674e-01  -7.9385648e-02   1.5585268e-01   1.4117052e-01  -2.3701359e-01   2.8091538e-01   1.3052458e-01  -9.6725742e-02  -3.0666847e-01   2.3416036e-01   2.8675307e-01  -2.7559641e-01   2.2852388e-01  -9.1320835e-02  -1.9213494e-01  -7.8880619e-02  -7.7357757e-02
  -3.1850455e-01   2.5623870e-01   0.0000000e+00   3.1969733e-02   3.5916999e-01   3.6237657e-01   1.7687383e-01  -2.2134372e-01   2.0987950e-02  -7.2373889e-03  -2.7486892e-01   5.8268350e-01   1.1435022e-01  -3.7046910e-01   2.8753875e-01   3.3443432e-01   7.8563160e-01   6.9776950e-02  -1.3292694e-01   4.0776753e-01  -2.7455634e-01   2.9024330e-02  -7.8487842e-02  -1.2525279e-01   2.0923934e-01  -3.0706176e-01   3.9197489e-01  -3.1580776e-01   1.2849897e-01   1.0619557e-02  -2.5732712e-01  -4.6609436e-03   1.0687204e-01   1.8584843e-01   3.7020113e-01   4.1895885e-01  -5.0208734e-01  -2.1706349e-01   3.5336084e-03   6.1237907e-01   4.8756821e-02   1.8630010e-01   4.6121427e-01  -2.7050095e-01  -6.6653151e-02   1.4993391e-01   2.2864223e-01  -4.1857067e-01  -2.7417007e-02   7.8634343e-01   1.3707851e-01  -2.4479030e-01  -3.4277755e-01   1.4502691e-01  -7.8169895e-03  -1.6637777e-01   1.0855315e-01  -1.3299157e-01   1.4391096e-01   6.0482461e-01   1.2652872e-01   1.9701499e-01   2.5434028e-01  -2.0802149e-01  -3.4738345e-01   3.4667575e-01   2.8682862e-01   1.6563336e-01   2.2944157e-01   4.1806002e-01   1.7795875e-01   1.4184659e-01  -2.0417589e-01  -1.3283546e-01   9.0845952e-02  -1.9396908e-01  -2.3212498e-01   9.9820974e-03   3.6659489e-01   2.5382418e-01   1.1366801e-02  -8.3395923e-02  -1.3657040e-01  -1.0978513e-01   1.1920120e-01  -1.8507905e-01  -4.6262126e-01  -2.9652323e-01   4.7435026e-01  -2.0179216e-02  -9.6861662e-02   1.8721863e-01   2.4032650e-01   1.0143357e-01  -1.0539472e-01   3.5217554e-01   1.7690870e-01  -1.0798923e-01   3.0621214e-01  -2.1931846e-01  -2.1517902e-01   6.6533314e-02  -2.5636965e-01   1.3221628e-01  -7.7998722e-02  -2.2103233e-03   1.4447364e-01   1.2066942e-01  -3.4298205e-01  -2.6902521e-02   1.0093615e-01   1.1622461e-01  -5.5312563e-02  -1.1544560e-01  -1.8376175e-01   4.1412754e-02  -1.4362479e-01  -1.0474751e-01  -9.3811011e-02  -2.3585046e-02  -3.1026480e-01   5.0304511e-01   5.2774865e-01  -1.0920268e-02  -1.7633339e-01   1.2447444e-01   3.1628477e-01   1.6366678e-02  -1.4712885e-03   3.1823975e-01  -3.8820210e-03  -4.9077337e-02   2.4582309e-01  -1.9228687e-01  -1.7133269e-01  -1.8589958e-02   1.0409344e-01  -6.0835661e-02  -1.6115043e-01   1.7468449e-02  -1.0748417e-01   2.5240484e-01   4.1322517e-03   3.4903192e-01   6.7684758e-02  -3.1709693e-01   2.2428355e-01   1.7495313e-02   1.6584177e-01  -4.6593239e-01  -1.5242754e-01  -9.7745993e-02  -1.6134919e-01  -5.4237474e-01   7.5051485e-01  -1.0560031e-01  -2.2537857e-01   5.0732479e-03   1.8800795e-01  -1.5291358e-01   2.0874062e-01  -7.8719222e-02  -8.6436824e-02  -2.3055238e-02   7.3458381e-02   1.3845963e-01  -3.3649036e-01  -1.4211564e-02  -1.0968372e-02  -4.5451457e-02   1.5340238e-01  -3.8184171e-01   1.0672079e-01   3.3672139e-01   3.4970440e-02   1.3889055e-01  -4.8165247e-03
   7.5477228e-02  -1.6131795e-01   3.1969733e-02   0.0000000e+00  -2.2787260e-02   3.0769142e-01  -2.4381291e-01   1.2105342e-01   2.4516458e-01  -2.0866571e-01  -2.7020587e-01  -1.2312799e-01   1.8086811e-01   4.9337146e-02   1.2803421e-01   1.7758297e-01   1.4880790e-01   2.4888600e-01   8.0125019e-02   1.7858903e-01   1.2503316e-01   5.2140974e-01   4.1347766e-02   5.9044982e-02   2.4953658e-01  -7.7959884e-02   1.8126613e-01  -3.6756421e-02   1.0626244e-01   2.0779051e-01  -1.4160716e-01   5.5369321e-01   3.9206880e-01  -4.5468133e-01   2.9350666e-01   2.0401986e-02  -1.3723025e-01   8.1519427e-02   2.6117089e-02   1.0401481e-01   1.1841780e-01   4.1523214e-01   2.7343840e-01  -2.6205763e-01   4.6528902e-02  -7.4659467e-02   2.8792764e-01  -1.5507449e-01   3.7234801e-01   1.4424592e-01   3.5523154e-01  -2.8459205e-01  -2.9522625e-01   3.0017604e-01  -3.6451075e-02  -1.7617173e-01   3.2383202e-02   5.3104182e-01   4.1251998e-01   1.5903699e-01   1.7542432e-01   2.3845123e-01   1.9097446e-01  -3.4879075e-01  -5.4865037e-02  -1.6822151e-01   3.7746704e-01   2.8921353e-01   3.6536632e-01  -6.7662227e-02  -1.7893540e-01   6.5365377e-01  -2.1430257e-01  -7.3240061e-02   1.6275544e-01   1.4322377e-01  -4.4186983e-02   1.8107950e-01  -5.2518402e-02   4.2826747e-01  -2.4560944e-01  -3.5001675e-01  -2.1151706e-01  -1.0384775e-01  -4.6266377e-02   2.1090170e-01   1.0709173e-01   6.9685686e-03   2.0025824e-01  -2.0072608e-02  -2.6023425e-01   3.2938245e-01  -4.0324699e-01   3.2712049e-01   1.8151558e-01  -8.7433940e-02   6.1199590e-01   1.6878211e-01   1.6767833e-01   9.7112017e-02  -1.7896210e-01  -1.9522043e-01   2.4056741e-01   2.3681948e-01   4.4122211e-01   6.4054153e-01   1.5875321e-01   4.3595743e-01   2.2250925e-01  -7.8547069e-03  -3.4591024e-01   3.2969158e-01   3.8895511e-01   7.3636628e-02  -2.2673010e-01  -1.7586167e-01   2.2621566e-01  -1.3767953e-01  -1.9007395e-01   6.2277811e-01   5.7689719e-02  -3.4888210e-03   2.9891187e-01  -6.9309694e-02   4.9675749e-02   2.3360174e-01   8.4448411e-02   3.1036772e-01   7.4291997e-01  -1.8033123e-01  -1.9100031e-01  -2.1591437e-01   2.6557992e-01  -1.4989456e-01   5.6845959e-01  -7.8007254e-02   4.2682425e-01  -2.2070754e-01   7.5982391e-02   1.7383513e-01  -1.8933623e-01   2.3209328e-01   2.4831424e-01  -1.5678128e-01  -1.1345525e-01   9.7543176e-02  -3.3464175e-01  -2.6111185e-01  -4.8374589e-03  -2.0516978e-01  -1.1925027e-01  -2.1146036e-01   1.5150796e-01  -1.6637386e-01  -1.3112411e-01  -5.5057207e-02   7.0049971e-02   3.7747492e-01   1.1600702e-01  -8.3198696e-02   4.0329756e-01   1.4680220e-01  -2.3046534e-01   4.4093036e-01   6.5585951e-01  -1.1706961e-02  -3.2789711e-01   8.3280043e-02   6.7024406e-02  -2.9241821e-01  -5.0370692e-02  -1.3232467e-01   3.1576599e-01   2.8084963e-01   2.2409688e-01   2.0090888e-02   4.7239963e-01
  -1.1200829e-01   3.6492480e-01   3.5916999e-01  -2.2787260e-02   0.0000000e+00   3.9283077e-01   1.2454759e-01   1.1979648e-01  -9.9596058e-02  -5.5923630e-03  -7.9968720e-02   3.7665796e-01  -2.6507262e-02  -3.3732816e-01   2.7658969e-01   4.0028699e-02   4.9092344e-01   2.5802008e-02  -6.9985175e-02   6.6686597e-01  -1.3703556e-01   1.9227365e-01  -8.9987553e-02  -4.3548853e-02  -1.7232582e-01   1.1219144e-01   5.0408919e-01  -1.3867490e-01  -2.5857988e-01   1.8057502e-01  -6.6421912e-02   1.0012482e-02  -1.0657708e-01   1.0818137e-01   5.9907168e-02   5.2257410e-01  -1.4386248e-01  -2.8047795e-01  -5.9520349e-02   3.8316689e-01   1.0257370e-01  -1.6044361e-01   3.5654187e-01  -2.1626100e-01   1.1423337e-01  -9.6803935e-02   2.2631760e-01  -3.5084090e-01   1.2294915e-01   4.1208441e-01   1.2248211e-01  -5.0108859e-02  -1.0990805e-01  -1.4217065e-02  -1.8370852e-01  -2.5776635e-01  -1.2310029e-02  -4.1505943e-04   7.2784568e-02   3.1214427e-01  -9.7921328e-02   2.3196473e-01   1.6509810e-01  -9.4326276e-02  -3.3045766e-02   4.2814086e-01   2.2904180e-01  -2.1951873e-01   5.1716067e-02  -8.1578851e-02   1.3436115e-01  -3.2131969e-02   1.6788002e-01  -2.2474644e-01   5.4369826e-02   6.4301267e-02  -2.5130180e-01  -1.8683190e-01   4.3603971e-01   1.5480545e-01  -3.1804040e-02   2.1929068e-01   7.3607368e-03   2.3879553e-01   4.3338914e-02  -9.9525487e-02  -2.9363086e-01  -2.2231170e-01   2.8904401e-01   7.0212141e-02   2.1553023e-01  -1.3559586e-01   4.1365625e-01  -1.8691489e-02  -2.2313147e-01   4.7189277e-01  -3.0087824e-02  -9.4883483e-02   2.3778423e-01  -4.3638576e-02  -2.6783539e-01   3.3081580e-01   1.6942394e-01   2.4488104e-02  -6.6562395e-02  -3.4242415e-02  -7.7913087e-02   1.3572740e-01  -9.2171945e-02  -8.6177104e-02   1.3631816e-01   2.5512528e-01   3.1844103e-01  -4.9339137e-02  -2.6991042e-01   4.3000051e-01  -2.5674338e-01   1.4145246e-01  -2.9455799e-01   1.6103988e-01  -3.0671428e-01   6.5728057e-01   1.5846749e-01   2.0005874e-01  -2.4015101e-01  -1.2784930e-01   4.5123673e-01  -1.3905479e-01  -9.3861290e-02  -1.9538615e-01   1.5207901e-01   2.6196656e-01   8.3267074e-02  -1.6448362e-01  -3.0777542e-01   1.6819285e-01  -8.7642208e-02  -1.1394240e-01   2.2585776e-01   1.3400274e-01  -6.8496877e-02   2.0897441e-01   4.0157821e-02  -1.5558167e-01   1.0449676e-01  -2.0299723e-01  -5.6676016e-02  -5.5070914e-02   3.7875584e-01  -1.7066200e-01  -7.2762569e-02   7.4758508e-02  -2.9318341e-01  -2.8558896e-01   3.8437679e-01  -6.4242540e-02  -3.3439385e-01   1.3631379e-01  -1.2272086e-01   1.7867672e-01   1.7927721e-01  -1.0512693e-01  -1.9048938e-01   4.3690308e-02   1.2638729e-01   3.6972330e-01   2.4470035e-01   2.1906299e-01  -2.6089310e-01   3.0678725e-01   2.4772796e-01  -2.1065493e-01   2.1815413e-02   6.9186528e-02   4.3300768e-02  -1.7477050e-02   2.1902005e-01
  -1.3361598e-01   5.6416005e-02   3.6237657e-01   3.0769142e-01   3.9283077e-01   0.0000000e+00  -1.2377432e-01   9.4002667e-02   1.1258310e-01  -1.4393477e-01  -2.3836382e-01   2.5682719e-01  -9.5364702e-02  -2.9928460e-01   4.7651368e-01   1.1971609e-01   2.6167297e-01   2.0761576e-01  -1.8896315e-01   4.9094548e-01  -1.1786593e-01   5.1343249e-01  -1.8522994e-01  -1.4326503e-01  -1.0098562e-01  -3.7139137e-02   4.5076360e-01  -2.6024131e-01  -1.1217557e-01   2.8981181e-01  -3.4115868e-01   1.9463623e-01  -1.0440474e-01  -8.7295677e-02   5.5636441e-01   3.7321275e-01  -3.0949047e-01  -1.3966971e-01  -2.0087958e-01   4.0017395e-01   1.0703050e-01  -1.0389513e-02   5.0426351e-01  -3.7324212e-01   9.0851880e-02   4.1669317e-02   6.4153441e-01  -5.2142093e-01   9.5936346e-02   4.5743908e-01   4.4756868e-01  -1.3716272e-01  -3.4442339e-01   9.7597527e-02  -4.0359519e-01  -1.6853962e-01   1.7960985e-01   2.7000400e-01   3.5938485e-01   6.2755421e-01  -1.8530303e-02   7.9233931e-05   1.7014758e-01  -2.4899600e-01  -3.3474417e-01   2.1636662e-01   7.3104494e-01  -4.4636775e-02   6.6834036e-01   3.4586071e-01  -4.1464537e-01   3.1538410e-01  -3.0637933e-01  -5.3454330e-03  -9.7788841e-02  -4.9121183e-02  -9.9855297e-02   1.1374243e-01   2.4260187e-01   2.8281646e-01  -8.6846875e-03  -3.6073514e-01  -2.8697199e-01   1.4539333e-03   7.6829068e-02  -8.6663354e-02  -3.3046605e-01  -1.6440447e-01   2.1097309e-01  -1.7148275e-01  -3.5006620e-01   1.8939284e-01   2.3803841e-01   1.4382741e-01  -8.3190688e-02   1.7811358e-02   1.6904328e-01  -5.9547983e-02   3.0839608e-01  -2.6307012e-01  -4.4275666e-01   2.0853021e-01   2.5825988e-01   5.4502327e-01   2.7117569e-01   1.5339082e-01  -1.5035188e-01   4.1363361e-01  -2.5113741e-01   1.1378428e-01  -1.7502627e-01   6.4806552e-01   3.6333382e-01  -1.4883991e-01  -3.1907612e-01  -6.6616389e-02   2.0613716e-02  -2.3838753e-01  -2.0207592e-02   2.8813434e-01  -2.1341555e-01   2.8123445e-01   4.5945943e-01  -1.4575468e-02  -6.6917808e-02   4.0235188e-01   2.7920200e-01  -3.6127492e-02   3.0941732e-01  -5.0814405e-02  -1.6553860e-01  -9.0356547e-02   5.0121472e-01  -3.6011769e-01  -7.0303254e-02   4.1472848e-02  -2.1618232e-02  -2.2124049e-01   2.0604583e-01  -8.0237726e-02  -2.6801767e-01   2.5414662e-01   3.5001434e-01   2.3223962e-01  -1.8909908e-01  -1.5630741e-01  -2.4906145e-01   6.7628841e-03   6.0638882e-01  -5.1711036e-01   2.8157838e-02  -1.1434155e-01  -7.0514692e-02  -5.5916112e-01   2.7093397e-01  -2.1626517e-01  -9.2668503e-02   3.4238639e-01   1.2317715e-01   8.6072740e-02   3.0147924e-01   1.6762457e-01  -3.7142015e-01   5.4781605e-01   2.2645229e-01  -1.4649483e-01  -1.5870405e-01   2.8430614e-01   1.8625465e-02  -7.0068645e-02   1.9941926e-01  -1.4141944e-01   3.2738152e-01   6.7174212e-01  -4.0851580e-02  -8.7796535e-02   2.9827709e-01
  -2.5545274e-01   2.6947970e-01   1.7687383e-01  -2.4381291e-01   1.2454759e-01  -1.2377432e-01   0.0000000e+00  -1.7847343e-01   1.7575494e-02   6.1516117e-01   3.3529108e-01   2.7618203e-01  -1.0249731e-01  -1.0536676e-01   1.9635913e-01  -4.6988538e-02   2.3082422e-01  -1.1785282e-01   1.6167047e-01   9.6970680e-02   1.1708902e-01  -2.6308418e-01   3.1230654e-01  -2.6977008e-01  -2.3402855e-01   9.7450259e-03   4.3205603e-03  -6.6384845e-03  -1.6162287e-01  -2.6500056e-02   4.1126723e-01  -2.6395391e-01  -1.5481739e-01   6.3277970e-01   2.7365847e-02   2.3442766e-03   7.7861470e-03  -3.4973022e-01  -1.6734283e-01   3.0169793e-01   1.2181580e-01  -3.1083843e-01  -1.3868049e-01   1.2416644e-01   1.2896903e-01  -2.4851406e-01  -2.8138809e-01   3.8179057e-01   2.7626113e-02   1.1521055e-01  -1.6901331e-01  -2.2921785e-02   3.9761174e-01  -3.4555666e-01  -4.0161232e-02  -8.0164129e-02   1.5519225e-01  -3.3340746e-01  -5.2830451e-02   1.4351213e-02  -4.0946362e-01   9.3845154e-02  -3.6511162e-01   3.0740818e-01   2.1835539e-01   5.9242532e-01  -1.1689672e-01  -4.0301932e-01  -2.6194103e-01  -5.6988431e-02   4.8226089e-01  -1.1484602e-01   9.6278849e-02  -2.0564899e-01  -1.8065791e-01  -2.4458439e-01  -4.3769662e-01  -2.0643774e-01  -1.5866539e-02  -2.2312342e-01   3.7986235e-01   3.4612832e-01   3.6663034e-01   7.8997699e-02   1.0848131e-02  -4.1366841e-01   1.6773438e-01  -1.4355099e-01  -1.2356489e-01  -8.6647486e-02   1.9699798e-01  -4.4204088e-01   3.4392839e-01   1.7121632e-02  -5.7226275e-01   2.8291878e-01  -2.9683347e-01  -1.1418882e-01  -1.6042289e-01   3.9517850e-01   2.4615069e-01   4.0343595e-01   8.7792914e-02  -9.5991706e-02  -6.1992325e-02  -2.5731020e-01  -1.5664935e-01  -4.2882632e-01   3.0484760e-01  -1.4180660e-01   5.5005056e-01  -2.7699673e-01  -2.8851029e-01  -1.2560446e-01   2.1435287e-01   1.0860313e-01  -3.1098573e-01   5.2286317e-03  -5.3916130e-02  -2.1329062e-01  -5.0277413e-01   8.1245150e-02  -1.0964911e-01  -1.5963929e-02  -4.0358940e-01  -3.6297827e-01   2.0830328e-01  -2.6284251e-01  -3.6526719e-01   6.4980897e-02   9.3052206e-02   3.6011916e-01  -3.9967833e-01   3.7020007e-01  -1.5894164e-01  -6.5505316e-02  -3.3966552e-01   3.3352780e-01  -1.9835301e-01  -2.6808551e-01  -2.1653171e-02   6.5752140e-04  -4.5154476e-01  -6.6212761e-02   5.4730569e-01   4.8441299e-02   6.2563069e-01   1.9545566e-01   3.5114905e-02   3.6350136e-01  -1.6703887e-01   2.5528112e-01  -4.4747313e-01   5.2425641e-02   2.2664479e-01  -2.9493225e-01  -4.7815872e-01   7.6833468e-02  -3.9057603e-01   8.7491479e-02  -2.0872308e-01  -2.5253908e-01   5.1178713e-01  -2.3823258e-01  -2.1356273e-01   1.8224516e-01   2.2932456e-01  -1.9828149e-01  -3.0785201e-01   1.4773805e-01   3.6814807e-01  -3.1834928e-01  -3.3401822e-01  -2.0714274e-01  -1.0577763e-01  -3.7377697e-01  -1.4600610e-03
  -2.9893824e-03  -1.9843508e-01  -2.2134372e-01   1.2105342e-01   1.1979648e-01   9.4002667e-02  -1.7847343e-01   0.0000000e+00  -2.2647861e-01  -2.1490041e-01  -1.3092972e-02  -6.4306683e-02  -4.0033736e-02   8.5410560e-02   6.4768243e-02  -1.2625135e-02  -1.5475555e-01  -1.8707619e-01   9.6308384e-02   1.0333283e-01   5.5865298e-02   2.7164044e-01  -2.3075613e-02   1.3162296e-01  -2.1758898e-01   4.4374132e-01   9.5862117e-02   1.3131986e-01  -1.4813881e-01   6.2348105e-02  -9.9608160e-02   2.6426097e-01  -4.7631294e-02  -1.8395580e-01  -1.5997452e-01  -1.5815982e-01  -6.2219217e-02  -1.1677378e-01  -1.3322689e-01  -2.5250990e-01  -8.9164188e-02  -2.5722267e-01  -6.2576057e-02   1.9077350e-02  -1.7648349e-01  -1.4923372e-01  -2.1733967e-02  -1.0577863e-01   2.6947904e-01  -1.1555457e-01   2.4886351e-01   4.4257829e-01  -9.0484259e-02  -1.0732460e-01   2.2388653e-02   7.9715896e-02  -3.0238438e-02   4.1352213e-01   1.7777390e-01  -1.1695777e-01  -1.1174034e-01  -7.6152986e-02  -1.5996091e-01  -2.9455587e-01  -1.3554780e-01  -6.7235915e-02   3.1316332e-02  -1.7421761e-01   1.0709955e-01  -3.0463714e-01  -8.2085509e-02  -4.7457811e-02  -7.8442808e-02  -1.1089021e-01   1.0457934e-01   4.5300759e-01  -1.0667649e-02   1.4758180e-01  -1.5460570e-02   7.9081398e-02   8.0500247e-02  -9.4193378e-02  -2.5079857e-02   4.6592865e-01  -1.0336405e-01   5.6980573e-01  -7.7619394e-02  -9.0743256e-02  -2.7720570e-01   1.1549868e-01  -9.9023960e-02  -6.8142438e-02  -2.8846626e-02  -3.8759028e-02  -1.1164609e-01   9.8462223e-02  -1.0707694e-01   3.7689088e-01  -4.6180421e-02   5.8848571e-02  -1.0343319e-01   2.2850712e-01   3.8084942e-01   1.5815910e-03   2.4092933e-01   1.9307502e-01  -1.2814090e-01   3.7980635e-01   4.9414277e-02  -5.8640896e-02  -6.2990179e-02   3.4091027e-01   4.5793122e-02  -1.0438565e-01  -1.5511886e-01   9.6670870e-02   1.2122496e-01  -1.5076240e-01  -1.8226891e-01   3.4499172e-01   1.0859777e-01  -3.0399767e-02  -1.3039355e-01  -1.3074353e-01   1.5588167e-01  -8.6340090e-03  -5.0861781e-02  -1.6151921e-01   1.5621248e-01  -3.4697067e-01   3.2853252e-02  -5.1365727e-02  -6.0825600e-02  -8.6298883e-02   1.1128501e-02   4.0938699e-01  -7.9271348e-02  -6.3168853e-02   5.5121929e-01  -1.6367174e-02  -1.4743584e-01  -2.1223753e-01   3.1855063e-01  -2.7829359e-01  -5.5643410e-02   3.7338337e-03  -1.8575401e-01  -2.7890465e-01   2.0384137e-01   6.0983088e-02   7.7840123e-03   1.6825171e-01  -1.1442635e-01   6.6822167e-02  -2.7625668e-01   7.4998527e-02   7.2885448e-02   3.6660523e-01   2.6630509e-02   3.7193262e-01  -1.5609174e-01   2.1159643e-02  -1.8384392e-01   1.9263402e-01   2.0755168e-01   1.5015215e-01   8.7188017e-02   3.5390044e-01  -4.3014445e-02   1.2686006e-01  -3.3560518e-03   7.7256210e-02  -2.2960792e-01  -2.3256994e-02   1.1233131e-01  -1.1818080e-04   4.8240700e-02
  -1.9490421e-01   3.1796018e-01   2.0987950e-02   2.4516458e-01  -9.9596058e-02   1.1258310e-01   1.7575494e-02  -2.2647861e-01   0.0000000e+00   4.2135902e-02  -2.0749319e-02   1.3572083e-01   2.2637055e-01  -2.2335656e-01   5.2302421e-02   1.2531779e-01  -5.3040278e-02   1.3918693e-01  -1.0720626e-01   1.1822815e-01  -1.1363592e-01   3.1188255e-01  -1.1438477e-01  -3.0323541e-01   6.5498974e-02  -3.4794972e-01   2.6512333e-01  -3.5955259e-01   1.0620686e-01   3.3258464e-01  -5.4865949e-02   1.5476832e-01   3.0128390e-02   4.9759414e-02   1.5117884e-01   1.1848875e-01  -1.6193076e-01  -2.0977115e-01   2.3902096e-01   6.9651060e-03   1.8606168e-01   3.1710614e-04   3.3469882e-01  -6.7841682e-02   3.4498448e-01  -1.8106097e-01   2.8837931e-01  -2.0945401e-01  -2.8329723e-02  -2.4507236e-02   6.1787917e-02  -3.7898354e-01   3.0086459e-02  -1.0567099e-01  -1.6005683e-02  -1.5517244e-01   7.6306348e-02   9.2141447e-02   2.7021122e-01   2.5222521e-01  -1.4573140e-01   3.4779072e-01   3.4041673e-01   1.8752487e-01   1.8030526e-01   2.6504685e-02   1.5849939e-01   9.1418685e-02   3.0305995e-01   1.6971448e-02  -3.0698476e-01   2.0003087e-01  -5.6007383e-03  -2.9746666e-01   6.3699231e-02   1.0405056e-01  -2.4866175e-01   2.5001258e-01   2.7940923e-01   2.9431917e-01  -3.0750442e-01   6.1685233e-02  -3.3905561e-01  -2.1302738e-01  -3.5905174e-01   1.0898318e-02   5.6326085e-02  -1.8623700e-01   3.0326568e-01  -2.8475235e-01  -3.4374309e-01  -5.7941281e-02  -1.5869019e-01   2.0869402e-01  -1.5690511e-01  -1.1320949e-01   2.8903430e-01  -3.8791834e-02   3.4710790e-01  -1.9449695e-01  -3.7726683e-01   1.8080552e-02  -1.7524289e-01   4.9984628e-01   1.0621111e-01   1.5626049e-01  -1.7457347e-01   1.9187832e-01  -3.3661103e-02   1.6708853e-01  -2.4838565e-01   6.1355266e-02   1.7159826e-01  -2.5271263e-01  -1.9737454e-01   1.7183536e-01   2.1020344e-01   1.1652935e-01  -2.4714781e-01   1.3135464e-01  -2.3685199e-01   1.2230228e-01   1.8651421e-01   2.5812891e-01  -9.5241096e-02  -3.2168383e-02   1.4180623e-01   5.6088465e-02   3.1294824e-01  -2.3356461e-01   7.6571453e-02   2.4647030e-01   1.0869702e-01   2.8849651e-02   2.4592708e-01   9.1500792e-03   1.6086920e-01  -2.5946686e-01  -1.9314258e-01  -5.7009844e-03  -7.4674433e-02   2.4146494e-01   2.7236640e-02   4.2277148e-02  -5.3984860e-02  -7.5689744e-02  -1.1359885e-01   1.9432405e-01   1.4298777e-03  -2.5353865e-01  -2.8704394e-01  -2.2194629e-01  -2.6414922e-01   8.5423203e-02   1.7603554e-01  -3.5291213e-01  -1.3793855e-01   1.4348235e-01  -9.7961844e-02  -2.7335062e-01   2.8113116e-01   1.6285189e-01   6.4791918e-02   3.6443361e-01   6.5218736e-02   2.1767582e-02  -1.1397699e-02   8.8239633e-03  -2.0626786e-01  -2.2218687e-01   2.7949014e-01  -1.5068409e-01   5.0434911e-01   1.3313656e-01   5.8778384e-02  -8.7074306e-02   1.9891303e-01
  -6.9943998e-02   7.5547486e-02  -7.2373889e-03  -2.0866571e-01  -5.5923630e-03  -1.4393477e-01   6.1516117e-01  -2.1490041e-01   4.2135902e-02   0.0000000e+00   3.8373490e-01   1.6266314e-02  -3.2794804e-02  -4.0890838e-02   1.4091698e-01  -5.0248717e-02  -1.9495515e-02   1.9091002e-03   4.9662360e-02   4.4962922e-02   2.1243071e-01  -1.8421380e-01   3.0050356e-01  -1.8473826e-01  -3.2722621e-01  -2.9468605e-02  -1.7881583e-01   5.0619153e-02   2.6498151e-02   5.0198943e-02   2.4998260e-01  -7.5372760e-02  -1.7771050e-01   5.8367508e-01  -2.5754014e-03   5.4082379e-02   1.3694764e-01  -1.1800364e-01  -4.0289483e-02   1.5495300e-01   1.6599736e-01  -2.2666749e-01  -1.7714400e-01   1.9762323e-01   2.6584613e-01  -9.3328601e-02  -6.7814500e-02   3.1555927e-01  -1.4122107e-01  -9.3052309e-02  -9.7525763e-02  -5.2013967e-02   3.8520699e-01  -3.0635130e-01  -1.5727025e-01  -1.1669708e-01   1.7752431e-01  -2.7868192e-01  -1.7128987e-01  -1.2890919e-01  -3.5971739e-01   1.5192661e-02  -4.3909795e-01   3.1925585e-01   1.4672990e-01   5.5272179e-01  -1.4665375e-03  -2.6816176e-01  -1.5295192e-01  -2.4433152e-02   1.8750510e-01  -1.4489053e-01   1.8222237e-01  -7.1150812e-02  -3.5679945e-01  -1.8796383e-01  -1.8851843e-01  -2.5587307e-01  -1.6785444e-01  -3.4337844e-01   3.1207671e-01   3.0440321e-01   1.9103864e-01  -4.9719979e-02  -1.7136511e-02  -3.9381146e-01   1.5380751e-01  -6.4888696e-02  -1.4737676e-01   1.3052646e-01   8.7958492e-02  -3.1908339e-01   3.8614443e-01   2.9740597e-02  -2.5764383e-01   1.6473988e-01  -2.9626649e-01  -2.0669631e-01  -2.4891784e-01   4.2429150e-01   1.6861546e-01   3.2604539e-01   5.5386629e-03  -7.0803992e-02   1.0171956e-02  -9.5315074e-02  -1.9809714e-01  -4.1754610e-01   2.6423053e-01   1.1658854e-01   3.3882281e-01  -2.5377169e-01  -3.1567236e-01   8.7682220e-02   3.8362301e-01  -5.9228315e-02  -1.1722319e-01   2.0301601e-01  -9.5282446e-02  -1.3563582e-01  -2.8696360e-01   4.0524886e-02  -2.2938956e-01   5.8885668e-03  -1.9648852e-01  -2.7118572e-01   2.2974343e-01  -1.9769633e-01  -3.1632914e-01   1.2143068e-01   1.5054761e-01   1.6595041e-01  -3.1787141e-01   2.7040461e-01  -8.3358961e-02  -1.1724918e-01  -3.3943825e-01   2.6184175e-01  -1.6345799e-01  -8.2939566e-02   1.8373295e-01  -3.3990658e-02  -3.7137237e-01  -3.6706477e-02   3.5123087e-01   1.8011636e-01   5.2714028e-01   3.0691800e-01   1.4610507e-01   4.0161159e-01  -1.1255228e-01   2.2955204e-01  -2.9807334e-01  -2.5200498e-02   6.8791790e-02  -4.8862963e-02  -3.1297811e-01   1.3491277e-02  -3.4819791e-01   9.8358982e-02  -3.1381866e-01  -1.0818035e-01   5.2535411e-01  -1.1876280e-01  -9.1370123e-02  -5.0452285e-02   5.6868612e-02  -1.9190942e-01  -9.6114797e-02   9.8041257e-02   3.0064276e-01  -4.0263039e-02  -2.1400874e-01  -2.3197185e-01  -1.2847182e-01  -4.1720440e-01   1.0718919e-01
  -1.7983542e-01   2.5640490e-02  -2.7486892e-01  -2.7020587e-01  -7.9968720e-02  -2.3836382e-01   3.3529108e-01  -1.3092972e-02  -2.0749319e-02   3.8373490e-01   0.0000000e+00  -3.6591941e-01  -1.5575905e-01  -4.3450178e-02  -1.1702330e-01  -9.1659215e-03  -2.1522188e-01   1.5967182e-01  -7.1171703e-02  -2.2823500e-01   5.3723164e-01  -1.3980789e-01   2.2866744e-01  -3.1667150e-01  -1.9393438e-01   6.6080108e-02  -1.5375477e-01   1.9531982e-02  -1.9232017e-01   9.8818878e-02   5.5092048e-01  -1.3536222e-01  -1.9670898e-01   3.3334172e-01  -4.5349472e-02  -1.4100479e-01   4.1407753e-01  -6.2302719e-02   2.1662870e-01  -9.3933426e-02   1.4173144e-01  -3.4679448e-01  -2.8515553e-01   3.7220274e-01   8.5773384e-02   8.0249270e-03  -5.8548009e-02   6.2044577e-01  -1.6533971e-01  -2.6253296e-01  -1.1940748e-01  -4.2115232e-02   6.3173391e-01  -3.9549528e-01   7.6701937e-02   1.3750888e-01  -6.6746959e-02  -1.3145118e-01   2.2928217e-02  -2.4221595e-01  -2.6846698e-01  -2.5253752e-01  -3.7307439e-01   5.0494360e-01   1.1816005e-01   5.4802114e-02  -6.4476683e-02  -3.7621477e-01  -2.6462913e-03   9.6679604e-02   2.0640054e-01  -3.0254144e-01   2.2810412e-01  -1.0247606e-01  -1.5340092e-01   1.5008544e-02   4.5224289e-02  -1.0016465e-01  -4.2369685e-01  -3.2166130e-01   2.9403645e-01   2.0358129e-01   5.2911764e-01   2.1378371e-01   4.1596681e-02  -1.4822780e-01   4.5886585e-01  -1.6501763e-01  -4.7555160e-01  -2.0175078e-01   2.1829234e-01  -3.2039282e-01   2.0896771e-01  -1.9086827e-03  -2.2269559e-01  -2.8126305e-01  -4.0857444e-01  -2.5500728e-01  -2.8674014e-01   2.1436166e-01   2.4197729e-01   2.4460495e-01   9.0946183e-02  -6.8804910e-02  -2.5465116e-03  -2.4905688e-01  -2.5548344e-01  -1.3626085e-01   1.5690486e-01   3.0443209e-01   3.1751863e-01  -2.6918132e-01  -8.7324460e-02  -2.8650921e-01   2.0729880e-01  -6.4551762e-02   2.8968412e-02   5.2425119e-02   1.7152006e-01   2.2579663e-02  -1.6169735e-01  -3.4880462e-01  -4.0431424e-01   6.9893865e-02   2.3331143e-02  -2.9281620e-01  -1.4390249e-01  -4.0443019e-01  -2.1365339e-01   2.6219502e-01   2.3290086e-01   2.0518154e-01  -4.0926342e-01   6.4698860e-01  -3.0072799e-01  -1.7255655e-02  -3.6005818e-01   5.0572465e-01   7.0388466e-02  -2.0950227e-01  -1.4948574e-01  -1.8155988e-01  -2.7280844e-01   9.3095524e-02   1.2286450e-01   3.8055260e-01   2.9775503e-01   4.0517732e-01  -3.0874507e-03   5.4151298e-01   2.5102046e-02   1.8829747e-01  -1.4791201e-01   3.7549917e-01  -2.6133022e-01  -9.1220853e-02  -8.0883056e-02   1.3584424e-01  -1.6179314e-01   6.2357495e-02  -3.5132696e-01   8.5827862e-03   3.8959903e-01  -1.7288073e-02  -1.8857687e-01  -1.7418143e-01   2.8757545e-01  -1.8016936e-01  -1.3958007e-01   3.6279702e-01  -7.8040866e-02   1.3086999e-01  -2.3437486e-01  -2.0110558e-01  -2.4286987e-01  -3.4191424e-01   6.7850814e-02
  -2.7049696e-01   4.3092738e-01   5.8268350e-01  -1.2312799e-01   3.7665796e-01   2.5682719e-01   2.7618203e-01  -6.4306683e-02   1.3572083e-01   1.6266314e-02  -3.6591941e-01   0.0000000e+00   3.6654230e-02  -3.2134435e-01   3.8745021e-01   1.1300441e-01   5.3815640e-01  -1.6961541e-01   6.6332440e-02   5.4004005e-01  -3.7316187e-01  -3.1954088e-02  -1.1297402e-01  -1.3596317e-01   1.3324562e-01  -8.3633495e-02   3.2833909e-01  -2.8482952e-01   7.0147140e-02  -3.7443987e-02  -2.2693351e-01  -1.2846617e-01  -1.8506224e-01   4.1554489e-01   2.4722574e-01   4.0904407e-01  -3.5092498e-01  -3.6392924e-01  -1.2724271e-01   4.3609999e-01   1.3409071e-02  -2.0989130e-01   3.1337272e-01  -3.0505019e-01   7.0208975e-02  -2.9834247e-01   2.8780606e-02  -3.9747254e-01   1.1824988e-01   5.0039860e-01  -3.5282657e-02   7.5021628e-02  -2.1636985e-01  -1.5734589e-01  -6.8671852e-02  -1.8409542e-01   1.8887173e-01  -2.4524354e-01   1.7520012e-01   5.6864404e-01  -2.6678879e-01   3.7222745e-01   2.1883234e-01  -2.0059562e-01  -1.6752174e-02   4.8090041e-01   1.4518125e-01  -1.0622581e-01   8.3710441e-03  -8.0744814e-02   1.9257777e-01  -6.0525111e-02  -2.6687464e-01  -3.7459459e-01   2.2708108e-02  -1.1339721e-01  -4.8283114e-01  -8.4040608e-02   6.6150367e-01   2.1572846e-01  -1.0616644e-01   2.0318150e-01  -2.6192683e-01  -3.1948908e-02   2.9023646e-02  -1.5486897e-01  -5.6059598e-01  -1.3375352e-01   4.3658659e-01  -1.4059020e-01   2.8596075e-02  -2.1986214e-01   2.9304326e-01   2.3510616e-01  -3.7337670e-01   6.5106929e-01  -1.8666970e-03   1.6144492e-01   5.1675512e-01  -9.8232426e-02  -2.1659151e-01   2.0597648e-01  -1.9176725e-01   1.1488255e-01  -1.8818013e-01  -1.3010009e-01  -4.7143357e-02  -1.0150210e-03  -1.8270177e-01  -1.9288811e-01   3.4004791e-01   1.0964348e-01  -3.2433647e-02  -1.3749888e-01  -2.3693315e-01   3.6482166e-01  -1.3640098e-01  -2.1120722e-02  -2.7112460e-01  -1.2054738e-01  -5.0422401e-01   6.9137893e-01   3.2062952e-01   1.2573821e-01  -3.3408734e-01  -1.8300550e-01   4.3722027e-01  -3.4622859e-02  -1.7945698e-01  -2.5053623e-01  -9.7037271e-03   3.1255797e-01  -2.8802147e-02  -2.0511162e-01  -2.0443436e-01   9.7787593e-02  -4.1709078e-02  -2.9256058e-01  -1.1286806e-01   3.4078597e-02  -6.0126376e-02   1.8875262e-01  -1.9675627e-01  -4.1450942e-02   3.5808022e-01  -4.8885593e-01   2.0749587e-01   8.0047093e-02   1.3851836e-01  -3.6488257e-01  -3.3623013e-01   3.2050753e-02  -5.2158498e-01  -3.7671282e-01   6.8711475e-01  -2.5236395e-01  -4.7653742e-01  -4.8761998e-03  -1.7562135e-01  -8.8978260e-02   1.4677632e-01  -2.0580874e-01   3.7247447e-02  -1.0404318e-01  -1.5607797e-01   5.5920294e-01  -2.0397032e-02  -7.3152828e-02  -3.2957812e-01   1.4724925e-01   4.2530800e-01  -3.9473715e-01   1.5413266e-02   4.2688209e-02   1.4028901e-01   7.5185261e-02  -1.1387429e-01
   1.8995604e-01   1.6122258e-01   1.1435022e-01   1.8086811e-01  -2.6507262e-02  -9.5364702e-02  -1.0249731e-01  -4.0033736e-02   2.2637055e-01  -3.2794804e-02  -1.5575905e-01   3.6654230e-02   0.0000000e+00   1.3013811e-01  -5.2762970e-02   3.6197789e-01   8.4014599e-02   2.2404532e-01  -2.7969843e-02  -5.8866906e-03  -1.6707131e-01   2.1263515e-02  -1.5434724e-01  -6.9159410e-02   1.5798069e-01  -2.5575225e-01   1.6086019e-02  -9.0579640e-02   1.9950558e-01  -3.1858914e-03  -8.4943876e-02   2.4222890e-02   5.0687909e-01  -3.8285781e-02  -8.2616605e-02   4.4892762e-02  -1.1315184e-01  -7.6030221e-02   4.2625032e-01  -9.2256487e-02   3.0030494e-01   2.7653763e-01   1.1201478e-01  -1.0957273e-01   1.5194886e-01  -1.1756365e-01   5.7419148e-02  -1.0479978e-01  -5.7999044e-03   4.8723482e-02   3.9851440e-02  -1.2840153e-01  -1.3137959e-01   1.3679945e-01   1.9774820e-01  -1.2699782e-01   1.4582196e-02  -1.0241925e-01   2.0915648e-01   1.1087643e-03   5.1900877e-02   3.1406214e-01   1.2699360e-01  -5.8135735e-02   4.3064691e-02  -1.3742243e-01  -9.5818171e-02   4.4130652e-01  -1.2595807e-01  -1.3569100e-01   8.1048237e-02   9.5911206e-02  -9.1813385e-02  -1.4356843e-01   1.9079861e-01  -6.3767711e-02  -2.1816165e-01   2.7414419e-01   1.2694328e-01   3.0962635e-01  -1.6906701e-01  -4.6780797e-03  -1.0278175e-01  -7.1667151e-03  -1.1429904e-01   1.0341756e-01  -1.1969736e-01  -3.0524345e-02   4.3303353e-01   9.3173515e-02  -1.8557010e-01   1.4723676e-01  -2.1975371e-01   6.0666205e-02   1.3759198e-01   1.6359203e-01   1.8804440e-01   2.3242031e-01   1.8953232e-01  -3.0629363e-02  -7.5769842e-03  -2.0844145e-01  -2.2412500e-01  -5.8029394e-02  -6.3053195e-02   2.5000271e-01   1.9204368e-01   1.4832439e-01   8.9898721e-02  -1.3469076e-01  -1.7508395e-01  -2.0136837e-01  -9.7275054e-02   1.6581994e-01   4.2115574e-02   1.2876481e-01  -3.2602650e-02   2.9790423e-01  -3.1039208e-02  -3.7306161e-02   1.9845880e-02   6.4609194e-02   1.5235550e-01   1.2103976e-01  -1.8351456e-02   5.8543252e-02   6.9330405e-03   1.5923020e-01   1.5181407e-01  -9.6505745e-02   1.4062004e-01  -6.0776778e-02   4.7850183e-02  -1.5435890e-01   2.2017528e-01  -1.1806016e-01   3.0909403e-01  -1.2262423e-01  -1.7033353e-01   3.1113738e-01   8.4726410e-02   2.4282812e-01   5.3278864e-02   8.5181649e-02  -1.2596099e-01  -2.7912527e-01  -5.8002444e-03  -2.8919340e-02  -1.8759634e-01  -2.9912318e-02  -2.0810655e-01  -1.7296818e-01  -8.5305567e-03  -2.7615841e-03   2.1656558e-01  -1.5921352e-02   3.8441706e-02   9.5477268e-02  -1.3170931e-02  -1.9163199e-01   1.7374384e-01   5.4675328e-02   7.7296080e-02  -1.5096175e-02   3.7719391e-02  -1.2520445e-02  -2.0160650e-01  -3.4887593e-02  -6.8397763e-02  -1.0407798e-01   7.7787206e-02  -2.1116208e-01   1.6082150e-01  -6.9172960e-02   1.3430456e-01   2.2876935e-01   1.0995559e-01
   4.9347799e-01  -2.9656126e-01  -3.7046910e-01   4.9337146e-02  -3.3732816e-01  -2.9928460e-01  -1.0536676e-01   8.5410560e-02  -2.2335656e-01  -4.0890838e-02  -4.3450178e-02  -3.2134435e-01   1.3013811e-01   0.0000000e+00   1.8087615e-02  -1.2243944e-01  -2.8059390e-01  -3.8081666e-02   2.1159565e-01  -3.3297507e-01   8.5154115e-02  -2.8819367e-01  -2.2579167e-02   2.7984306e-01  -5.1668556e-03   1.9225231e-01  -2.9387086e-01   3.8182694e-01   1.5386830e-01  -3.9272814e-01   2.5303833e-01  -7.6654739e-02   1.4789653e-01  -2.4018598e-01  -1.6492348e-01  -3.0203542e-01   2.0971974e-01   1.0615305e-01  -9.8318889e-02  -2.8916584e-01  -9.3955505e-02   1.4453939e-01  -2.8290130e-01   3.6375478e-01  -1.0865886e-01  -4.3810630e-02  -2.6239938e-01   3.3170107e-01   1.9387368e-01  -3.8773469e-01  -1.3697837e-01   2.2823689e-01   7.4198396e-03   1.6931751e-01   3.1666768e-01   4.1586425e-01  -7.2914467e-02  -1.6313644e-01  -1.3954332e-01  -2.7134713e-01   1.4795202e-01  -1.8786406e-01  -2.6601447e-01   4.5847893e-03   9.1750076e-02  -2.7084015e-01  -1.8792322e-01   1.4283389e-01  -3.1576365e-01  -1.8544825e-01  -8.4614393e-02  -4.6723612e-02  -1.2372735e-01   2.4621609e-01  -1.6389507e-02  -1.3992596e-02   1.0842215e-01  -2.4214092e-02  -2.6332493e-01  -2.2069351e-01   3.2751523e-01  -1.7256561e-01   8.3342111e-02   2.9708667e-02   2.2467052e-01   5.0126874e-02   2.4027784e-01   4.2649859e-01  -2.5408506e-01   2.1556693e-01   4.3131916e-02   1.4367940e-01  -3.1256100e-01  -1.2923080e-01   1.4652494e-01  -8.3267130e-02  -2.3825916e-02   3.1777357e-01  -2.2561660e-01  -8.3747938e-03   5.1198757e-01  -1.8838658e-01   3.2508917e-01  -3.1095364e-01  -9.3497326e-02   1.9034246e-02   2.7267536e-01  -1.7629399e-01   1.4687670e-01  -1.4998500e-01  -1.1309686e-01  -2.4090842e-01  -9.7253695e-02   4.6605625e-01   4.7976648e-01  -2.8107156e-01  -4.3732398e-02   8.5387591e-02   4.0288768e-01  -1.2716510e-01   2.9532891e-01  -3.3129332e-01  -1.4788014e-01  -2.3486912e-01  -2.7112686e-02   6.4753359e-02  -2.3456821e-01   2.9647141e-01  -2.6198193e-01   8.4218919e-02  -1.7242985e-01  -3.3971679e-01  -4.3312180e-02   9.4991254e-02   2.0773437e-01  -4.2926613e-02  -1.8593205e-02   2.4115502e-01  -6.5500604e-02   2.1230291e-01   2.7233369e-01  -6.6209956e-02  -8.0780827e-02  -6.9165619e-02   1.2279651e-02   1.5053775e-01  -1.0641232e-01  -1.3420633e-01  -1.6601424e-01   1.6484987e-01   2.3340183e-01   3.8393271e-01   3.0312634e-01   1.5581223e-01  -2.6824412e-01   2.2700031e-01   1.3217368e-01  -7.7841926e-02  -2.1751906e-02   3.5881124e-01  -1.7936784e-01  -1.8430909e-01   9.4828676e-02  -2.7735922e-01  -1.0867960e-01  -2.0829210e-01  -7.3553267e-02   1.5986012e-02   2.8364604e-01  -2.0989137e-01  -2.2000474e-01   3.5954764e-02  -1.3100438e-01  -1.8559624e-01   3.3796088e-02   2.4370568e-02  -3.4105715e-01
