   0.0000000e+00   1.2065722e-01   3.6557007e-01  -1.4541723e-01   5.7882122e-02   3.5925278e-01  -4.4457444e-01   2.6852833e-01  -2.4021350e-01  -1.9910928e-01   2.5979016e-02   1.3388876e-01   1.6487811e-01   1.0999655e-01   3.9015498e-02  -1.6284292e-01   4.0265672e-01   9.4685010e-02   2.3408052e-01  -1.0787583e-01  -2.1078192e-01   1.3437851e-01  -1.9931437e-01   4.6129915e-01  -1.2272746e-01   3.8120771e-01  -2.0074574e-02   1.7650093e-01  -1.6475095e-01  -1.4732041e-01  -1.0437129e-01  -6.6961538e-02  -5.1597879e-02  -2.3836042e-01  -3.0829359e-01  -6.1393466e-02  -1.6766009e-01   5.2365368e-01  -3.9108210e-01   5.4909353e-03   4.7207451e-02  -7.5619258e-02  -1.6989612e-02   1.2814524e-01   1.9431060e-01   2.5878036e-01   3.0324132e-02  -4.2014757e-01  -1.7523664e-01  -1.8246789e-01  -1.6047977e-01   3.6941680e-01  -1.4045404e-02   1.1909771e-01  -1.0023462e-01   2.4076586e-01   2.3162499e-01  -4.1155520e-02  -3.1014731e-01  -6.1824902e-02   5.2448777e-01   1.6557683e-01  -1.5851019e-01   1.7482083e-01   1.1047394e-01  -2.3198434e-01   1.6113541e-01   2.2670185e-02   1.0238258e-02   2.0027402e-01  -1.7038067e-01   6.9196078e-02  -2.2092126e-01   4.4872245e-01  -2.6050487e-01   1.1513390e-01   2.8069127e-01   1.2367101e-01   1.3314692e-01  -2.1649190e-01   1.8534840e-01  -2.0237861e-01   3.1881012e-02   2.3720778e-01   5.4784275e-01   1.6767968e-01  -8.7038410e-02   1.2649500e-01  -3.6140135e-01   6.2225959e-01   2.8375365e-02   4.1089838e-01  -1.8573156e-01  -3.0895711e-01   3.8676679e-01  -8.5384740e-02   8.3728430e-02   1.8842296e-01   1.4344496e-01  -2.8215303e-01   2.5684808e-02   4.8902230e-02   1.1061685e-01   1.3464803e-01  -2.6586115e-01   1.0222873e-02   1.0024660e-01   4.2293076e-02  -1.7279337e-01  -2.0286760e-01  -6.1994664e-02  -2.3057310e-01   5.9810797e-02   6.7297251e-01   2.6480584e-02   3.5915673e-02   3.4629445e-01   6.2737379e-02   9.2396509e-02  -6.0385027e-02   1.5817647e-01  -3.6355184e-01   3.5329383e-02   1.6974643e-01   4.6895888e-01   1.2585781e-01   3.1105580e-01  -1.5929164e-01  -1.6067323e-01   1.5993712e-01  -2.3504428e-01  -2.4020619e-01   6.1187101e-01  -7.5472715e-03  -1.0037185e-01   4.5057848e-02  -2.7783938e-01   1.1048777e-01   1.2914175e-01   6.5248516e-01   3.7212937e-01   2.9533329e-01  -4.3081801e-02   1.1602731e-01   2.5596253e-01  -1.8905094e-02  -1.4636353e-01   6.0306287e-02  -1.6965243e-01  -1.1757976e-01   5.3407207e-01   3.2593268e-01   1.0269877e-01   1.3346777e-01   2.5129295e-01   7.0136941e-01   4.0442077e-01  -3.0750992e-01   3.9130092e-01   3.6206727e-01   1.0625543e-01   1.5294809e-01   3.2304939e-02   6.2023393e-02   1.9815217e-01   6.0235782e-02   6.2266518e-02   2.5108077e-01   3.7917730e-01   1.1950887e-01  -8.9100671e-02   1.0627122e-01   1.7986127e-01   4.7926813e-01  -4.5414018e-02  -1.5396393e-01   1.1627514e-01
   1.2065722e-01   0.0000000e+00   4.1325239e-01  -1.3369215e-01   2.2053804e-01  -2.7593126e-02  -3.8576742e-01   1.6819109e-01   5.6837013e-01  -8.1916459e-02   2.8949608e-01   6.0026551e-01   1.0082199e-01  -3.1643166e-01  -3.1471142e-02  -4.3238691e-01   4.3608489e-01  -8.1951182e-02   4.9434207e-02  -8.2297053e-03  -2.2332344e-01   2.5806356e-01  -2.8016576e-01  -3.5572855e-02  -4.3816529e-01   1.0587346e-01  -2.0608401e-02  -4.6744294e-02  -2.0898958e-01   7.0756006e-02  -1.0341719e-01  -1.1182293e-01  -4.5102485e-01   1.3082287e-01   7.3339948e-02   3.2497625e-03  -1.0064827e-01   9.7044231e-02  -4.4888332e-01   9.9721045e-02   1.1954514e-02  -4.7665313e-01   4.4334734e-01   8.7644477e-02   2.9782883e-01   2.4776387e-01   7.9369263e-02  -2.7445860e-01   5.7783252e-02  -2.0449892e-01  -2.4782960e-01   2.3912687e-02   3.8869852e-01  -2.6572190e-01  -3.0053011e-01  -1.3828949e-02  -3.2035621e-02   1.5998926e-01  -2.3397021e-01   2.8863567e-01   3.8170107e-01   8.9005065e-02   4.0232431e-01   2.8686976e-01   1.4593704e-01  -1.3430823e-01   7.0000394e-02  -1.9180022e-01   2.2293285e-02   2.2824849e-01   4.7353429e-01  -1.8279521e-01  -1.6554427e-01   5.6348764e-01  -1.8151304e-01   2.0551999e-01   2.0005025e-01   8.7851501e-02   5.0203021e-01  -4.1571676e-01  -9.1731627e-02  -1.9835732e-01  -9.7700360e-02   1.2532388e-01   3.8953954e-01   2.3329462e-01   3.7133520e-01  -1.8960548e-01  -1.6071449e-01   1.9818479e-01   3.9366989e-01   2.8638368e-01  -5.8424215e-02   2.1929841e-01   1.5648389e-01  -3.4440233e-02  -2.0953353e-01   9.4434189e-02  -1.8500012e-01  -2.8105211e-01   2.2942949e-02   2.8017300e-03   2.4600454e-01   5.0132136e-01  -1.2218093e-01   2.1704325e-02  -2.7579068e-01   6.3192204e-03  -2.2540654e-01  -3.1262331e-01  -7.7174960e-02   1.6038884e-01  -2.1524302e-01   1.2453020e-01  -2.4662611e-01   6.6420414e-01   5.3846327e-02  -4.3242934e-02  -5.4770537e-02  -2.1258976e-01   7.0644366e-02   1.2470882e-01  -8.4425258e-02   4.7387950e-01   1.5681541e-01   2.2447401e-01   3.0872412e-01  -3.9443149e-01   3.4257689e-01   2.5078201e-01  -1.5231388e-01   1.7946466e-01   5.1423765e-01  -1.0456020e-02   3.4284406e-02   1.7929915e-01  -1.7215724e-01  -1.0371496e-02   1.3622708e-01   1.5420049e-01  -1.4369006e-01   2.8734039e-02   1.7165166e-01   1.2328412e-02   3.8371688e-01  -6.9573988e-03   7.8755959e-02   1.9548256e-01  -2.7692367e-01   5.1984767e-02   1.6539700e-01   1.1142731e-01  -1.4295367e-01   5.4375320e-01   6.4834047e-01   7.3029447e-02   1.6238931e-01  -7.1166180e-02   7.1509918e-02   8.5466451e-03   2.0822297e-02   2.2500678e-01  -5.9866057e-02   2.6545487e-02   1.6951861e-01   5.7640283e-01   3.5914781e-01  -2.4317570e-02   6.3044981e-02   3.6452459e-01   4.0559259e-01  -6.5579358e-02   8.5453205e-02   2.2334187e-01  -1.6818512e-01  -3.8831539e-01  -3.1669028e-02
   3.6557007e-01   4.1325239e-01   0.0000000e+00  -1.8191991e-01   1.9174472e-01   4.7312740e-01  -2.7957668e-01   2.0702478e-01   5.7304812e-02  -1.7919576e-01   2.0052087e-01   6.9065216e-01   2.1812192e-01   1.1280001e-02  -5.6375492e-02  -2.4016373e-01   8.8607557e-01  -5.8369601e-02   1.6638576e-01  -3.1457459e-02  -3.8920656e-01   3.9805682e-01  -2.5770785e-01   2.4834949e-01  -3.5759456e-01   3.5469529e-01   7.1972659e-02   3.2249413e-01  -3.5941438e-01  -2.5254756e-02  -3.8428651e-01   2.7613596e-01  -1.8036042e-01  -2.2376031e-02  -2.4516043e-01   1.6532410e-01  -3.2254815e-02   3.8558655e-01  -4.6407958e-01   1.5124034e-01   2.1018333e-01  -3.1437578e-01   1.2105104e-02   2.4622049e-01   2.9272067e-01   7.1902496e-01   3.0694776e-01  -5.1716642e-01   1.3786184e-03  -2.2815488e-02   9.6391405e-02   3.3981787e-01  -2.1629087e-01  -9.4308742e-02  -1.6933486e-01   2.8834021e-01   3.4777961e-01   2.1401600e-01  -1.7033725e-01   1.9796272e-01   8.3156902e-01   1.9012218e-01  -9.4076262e-02  -1.4874075e-01  -1.6528608e-01   1.2108770e-01   2.8297405e-01  -1.0774902e-01   1.9374770e-01   7.4221507e-01  -2.9710605e-01   1.0064856e-01  -2.1141758e-01   7.1400980e-01  -4.1716091e-01   3.4749066e-01   6.9597713e-01   2.2595733e-01   4.9724508e-01  -4.8103343e-01   1.4099727e-01  -2.4674528e-01  -2.0623318e-01   3.5770489e-01   7.0600548e-01   4.1917295e-01  -1.7158882e-01  -3.2081817e-02  -4.9233498e-01   5.9117046e-01   2.8027452e-01   8.4251268e-01   7.1467431e-03   4.5151707e-02   5.7505702e-01   2.3333424e-02  -3.2125767e-02   1.7817582e-01   3.1767695e-02  -3.9260972e-01  -5.3934083e-02  -2.8122612e-02   1.9838041e-01   2.8598709e-01   6.7468446e-03   1.2573711e-01  -1.3306783e-01   2.2777827e-01  -9.1105793e-02  -1.7183325e-01  -6.2171899e-02   1.1101049e-01  -1.2618811e-01   5.1153686e-01   1.4517776e-02   1.7066067e-02   2.6252984e-01   1.3555586e-01   2.4890298e-01  -6.1404954e-02   5.7931712e-01   7.4258401e-02  -1.5395318e-01   1.4245489e-01   6.3631810e-01   2.9735746e-01   2.9946625e-01  -4.5489237e-01   9.4969364e-02   7.4191043e-01  -2.8041468e-01   6.6396401e-02   5.4182791e-01  -4.4918632e-01  -6.7514085e-02   1.5260727e-01  -3.0288763e-01  -8.7815355e-02   3.6276678e-01   2.6635609e-01  -1.6744832e-01   1.6528799e-01   2.7073506e-01   4.8413466e-01   1.7214034e-01  -2.9300268e-02   3.4793237e-02   2.1667334e-01   1.0830419e-01  -2.7598607e-01   4.9891900e-01   3.0115257e-01   1.7558973e-01   2.6246853e-01   6.9511084e-01   2.3940541e-01   7.0482386e-01  -1.5134223e-01   5.5149756e-01   3.1309610e-01   3.5183021e-02   5.9190649e-02  -1.1836413e-01  -7.4809113e-02   3.5508432e-01   3.4917296e-01   3.7862876e-01   2.0161992e-01   5.5357993e-01  -2.7324850e-02   2.1574829e-01   1.2880523e-01  -3.2357121e-03   4.8612032e-01  -2.4865103e-01  -4.6779522e-01   2.1391363e-01
  -1.4541723e-01  -1.3369215e-01  -1.8191991e-01   0.0000000e+00   1.4321188e-01  -2.3317977e-01  -1.6448849e-01  -4.2563450e-01   3.3633029e-01  -2.7646402e-02  -3.3000445e-01  -2.7669873e-01  -4.1111153e-02   1.1340540e-01  -2.2591962e-01  -4.5575548e-02  -1.6991295e-01   5.2242277e-01  -6.7092911e-02   6.7625258e-01   5.2025723e-02   3.0833323e-01   9.9256156e-03   7.9975125e-02   6.7726212e-01  -3.8903826e-01   4.1521901e-01  -2.0573119e-01   4.6468939e-02   3.3008155e-01  -1.2577010e-01   2.2217337e-01   1.4045439e-02  -1.7372255e-01   4.8296479e-01   4.0808869e-01   6.8452964e-02  -2.5126636e-01   7.5574453e-02   1.1871137e-02   2.9049899e-02  -1.8409040e-01   2.5886821e-01  -2.6026117e-01   2.4853161e-01  -3.2138340e-01   1.1323476e-01  -6.2325550e-02   8.2789004e-02  -5.0424296e-01   3.2863499e-01  -3.4864882e-01  -1.7087637e-02   2.9462066e-01   3.0352524e-01  -2.8291416e-01  -8.2545909e-02   4.5045873e-01   5.5060289e-01   2.4527583e-01  -1.8973775e-01   9.0216330e-02   3.0377424e-01  -3.7154950e-01   1.6990753e-01  -9.0627867e-02  -2.7849620e-01   6.7789262e-01  -3.7388479e-02  -3.0925275e-01  -1.1878245e-01   6.4237265e-01   7.8675730e-03  -1.3223118e-01   1.2273381e-01  -1.0349016e-01  -3.1192876e-01  -1.5377243e-01   7.3296900e-02   6.1605157e-01  -3.9303808e-01  -1.4781312e-01  -8.5583377e-02  -4.9342322e-01  -3.1586854e-01  -9.2485631e-02  -3.7816379e-02   1.8754243e-01   1.6700924e-01  -9.7126541e-02  -1.0517143e-01   1.1644700e-01  -1.9701001e-01   5.4945690e-01  -3.1523748e-01   2.4521777e-01   6.1373958e-01  -1.5467170e-01   6.2317352e-01   9.3418404e-02  -1.3072439e-01  -1.7368239e-01  -2.6778173e-01   2.3353576e-01   3.5105595e-01   4.6844315e-01   3.1173340e-01  -2.5761571e-01   3.4269308e-01  -1.3256176e-01  -1.6640787e-01   1.9469683e-01   7.9694696e-01  -2.5372890e-01  -9.9672543e-02  -2.6628257e-01   3.6432045e-03   7.0867059e-02  -2.6860737e-01   7.6727665e-01  -1.9044448e-01   1.6617750e-02   7.1872905e-01   1.2658751e-01  -2.4534647e-01   2.4266487e-01   1.1343869e-01   5.4087360e-01   4.4150396e-01  -3.6201034e-01  -3.5953038e-01  -2.3006209e-01  -1.5497903e-01  -2.4990599e-01   5.4618055e-01  -2.2940949e-01   3.2092153e-01  -3.8247003e-01  -1.8485486e-01  -2.8225844e-01   6.2505858e-02  -4.5680628e-03  -2.9847134e-01  -3.8473905e-01   8.3845238e-02   3.1167923e-01  -1.4416651e-01  -4.5365726e-01  -1.6022207e-01  -2.1062946e-02  -2.4975105e-01  -4.1847613e-01   4.2682934e-01  -4.1114286e-01  -3.3793622e-01   3.8571055e-02  -2.4934342e-01   3.1161835e-01   3.0291965e-01  -1.7636789e-01   6.9781707e-01  -3.6343113e-01  -3.9357497e-02   7.0520122e-01   4.5775316e-01  -2.1166887e-01  -3.3871984e-01  -1.7011136e-01   1.0075488e-01  -2.5516176e-01  -8.8802000e-02  -4.3808925e-01   5.3762152e-01  -3.0934296e-01   3.6373217e-01   7.3428862e-01   5.7217174e-01
   5.7882122e-02   2.2053804e-01   1.9174472e-01   1.4321188e-01   0.0000000e+00   3.0762978e-01  -2.9715617e-01   1.0755582e-01   1.5609451e-01  -7.6033221e-02   2.1886098e-01   2.5192836e-01   2.0628630e-01  -8.9369549e-02  -8.8660163e-02  -2.2440444e-01   2.2762822e-01   5.2722036e-02   1.5877576e-01   4.7548882e-01  -1.6324819e-02   2.8844811e-01  -2.1936527e-01  -1.1324449e-01   4.9149363e-02   2.1861124e-01   2.9566420e-01  -8.9846032e-03  -8.1894011e-02   1.2692942e-01  -1.2060636e-01  -3.5511395e-02  -1.2253649e-02   5.7093009e-02  -1.0283072e-01   3.0416844e-01  -1.0004285e-01   4.9878696e-02  -1.8682346e-01   1.3182979e-01   2.3377337e-01  -2.8002359e-01   7.1459281e-02  -2.0733408e-02   3.0806186e-01   9.4459080e-02   2.8712772e-01  -3.1760610e-01  -2.2207022e-01  -1.1704937e-01   1.4081831e-01   1.8182402e-01   6.7045039e-03  -2.2112987e-02  -1.3409865e-02   4.3840326e-03   2.4632493e-01   1.0187237e-01   7.6385276e-02   2.1906675e-01   1.7064153e-01   2.5002501e-01   1.5037702e-01  -1.8538079e-02   1.5934834e-01   1.9369179e-01   2.4006393e-01   1.5007685e-01   3.4308381e-01   3.9040263e-02  -9.2183953e-02   1.4593256e-01   3.1297645e-02   1.0002749e-01  -2.8691454e-01   3.2578962e-02   3.3109899e-02   1.3135318e-01   4.7836744e-01  -1.1847278e-01  -1.1703929e-01  -5.9141538e-02  -1.5593014e-01   6.6725709e-02   1.6338800e-01   8.5683668e-02  -3.1342176e-02  -1.0390523e-01  -1.5001051e-02   8.3506846e-02   3.3933843e-01   1.6486385e-01  -1.9191311e-02   1.2689779e-01   3.9071099e-02   5.5502564e-01   5.8558624e-02   2.6517346e-01   1.7267341e-01  -2.9778121e-01  -1.0057336e-01  -2.0361649e-01  -2.1215999e-02   1.4574980e-01   7.9855166e-02   2.5237873e-01  -8.7045528e-02   1.9988334e-01  -7.0999233e-02  -1.0239399e-02  -2.1582409e-01   6.7190810e-02   1.6043688e-01   7.6231877e-02  -2.4457018e-01   2.5013392e-01   1.9773800e-01   1.2925879e-01  -7.4277637e-02   6.5652353e-02  -6.6713831e-02   3.2399814e-01   1.3534838e-01   2.0966004e-01   1.3068793e-01  -7.2400353e-02   2.5805615e-01  -1.5076752e-01   1.5080300e-01   9.3814659e-02  -1.1992864e-01   1.3936089e-01   1.3764364e-01  -8.3258705e-02   1.1616712e-02   3.2640270e-02  -8.5579119e-02  -1.4532101e-01  -4.2885850e-02   4.9902990e-02   1.0859882e-02   2.9541059e-01   6.0999344e-02  -1.4392812e-01   1.7837744e-01   1.5015137e-01  -9.9922397e-02   1.4802125e-01   3.3399248e-02  -8.9841614e-02   1.5187691e-01  -8.5196345e-02   4.7711277e-02   1.4529665e-01   1.7015466e-01   5.1689534e-03  -3.6968285e-03   3.2004649e-02   2.1276135e-01   1.9056801e-02   2.7770261e-01   1.7711617e-01   4.8340177e-02   2.0580029e-01   2.9727950e-01   1.5071966e-01   1.5718221e-02   3.3607152e-02   1.0549276e-01   1.5515590e-01   3.8069742e-01  -2.7332603e-01   1.9801404e-01   2.4137838e-01  -6.7575656e-02  -4.3859169e-02   2.3537482e-01
   3.5925278e-01  -2.7593126e-02   4.7312740e-01  -2.3317977e-01   3.0762978e-01   0.0000000e+00  -5.9671059e-03   3.9312441e-01  -2.3196745e-01  -2.2605877e-01   2.9625988e-01   1.7098444e-01   9.0526570e-02   2.4980427e-01  -3.0540740e-02  -1.4451429e-01   4.0615123e-01  -2.7848813e-01   6.6383615e-01  -1.1473242e-01  -3.2575329e-02   2.4208160e-01  -1.8864055e-01   4.6855629e-02  -2.6999795e-01   6.9142478e-01   1.8069990e-01   4.0732208e-01  -2.9325738e-01  -1.2099372e-01  -2.4179916e-01   7.9642273e-02   1.2863104e-01  -1.2837485e-01  -4.2503620e-01  -1.4836915e-02  -1.8654321e-01   4.2852236e-01  -2.6612260e-01   2.6247441e-01   1.4797165e-01   5.0358608e-02  -2.3703728e-01   3.8138967e-01   7.0172294e-02   4.3898656e-01   1.5381704e-01  -1.8717153e-01  -1.8835762e-01   2.5060236e-01   6.6978745e-02   5.4444115e-01  -2.8678255e-01  -3.6443449e-02  -1.0593220e-01   4.5128396e-01   7.5815325e-01  -1.7766128e-02  -1.6040607e-01   1.1430073e-03   4.6571140e-01   1.5290279e-01  -2.2695622e-01  -1.7607317e-01  -2.1118342e-01   1.0373070e-01   8.3046394e-01  -1.4063611e-01   5.7640992e-01   4.7458938e-01  -3.6536960e-01   8.9152123e-03  -1.1769733e-01   3.0862715e-01  -4.5395459e-01   1.6681795e-01   4.2097123e-01   4.9478238e-01   1.1641595e-01  -3.9878531e-01   3.3141563e-01  -2.6379915e-01  -2.8754288e-02   5.2954330e-01   4.8417157e-01   1.4340922e-01  -3.6559588e-01  -2.1533495e-01  -4.6080842e-01   5.4066447e-01  -1.5988667e-02   4.3241643e-01   1.4229319e-01  -4.2281903e-02   4.6147087e-01   2.8809335e-02  -8.1425789e-02   7.3433647e-01  -1.0887288e-02  -3.0804932e-01   1.5833840e-01  -7.5404855e-02   2.2672930e-01   2.7149969e-02  -1.3358114e-01  -5.0342549e-03  -3.1233270e-02   7.3917110e-01  -2.2070347e-01   2.0323819e-01  -2.9278061e-02  -2.8288326e-02  -1.4675969e-01   5.5025214e-01   2.3494626e-01  -9.0339977e-02   3.8462770e-01   3.1183968e-02   5.5194132e-01  -1.8914927e-01   2.8591887e-01  -9.8032895e-02  -3.0733040e-01  -2.2921751e-01   5.4698889e-01  -4.6493678e-02   9.7463754e-02  -2.4982581e-01  -2.7980216e-02   5.8031587e-01  -8.4375966e-02   5.4125994e-02   3.2026787e-01  -2.1358518e-01  -2.0543920e-01   1.1393554e-01  -2.3838521e-01   1.6792399e-01   1.8744768e-01   3.2064617e-01  -8.6555623e-02   1.4947448e-01   1.5195344e-01   4.6183209e-01  -1.6499283e-01  -2.3107554e-01  -2.1977632e-01   2.0619533e-01   3.9618265e-01  -2.2006111e-01   5.5246777e-01   4.0660779e-01   8.8991024e-03   1.7386625e-01   3.6180152e-01   1.3293876e-01   3.6958399e-01  -2.4817964e-01   2.7613931e-01   2.9376867e-01  -3.9770864e-02   1.3537538e-01  -1.0187948e-01  -1.7896951e-01   1.8919709e-01   8.4063626e-02   1.5242597e-01   4.1787386e-01   2.4625592e-01  -2.0976253e-02  -1.1706807e-01   1.5658512e-01  -1.3350479e-01   7.7205777e-01  -2.7267641e-01  -3.4477936e-01   2.4499051e-01
  -4.4457444e-01  -3.8576742e-01  -2.7957668e-01  -1.6448849e-01  -2.9715617e-01  -5.9671059e-03   0.0000000e+00  -3.8945090e-01  -2.6148656e-01   1.8753464e-01   4.6696540e-02  -1.0817964e-01  -8.2355208e-02  -5.8833521e-02   1.2691449e-01   2.4420959e-01  -3.3824596e-01  -1.8902594e-01  -6.5544734e-02  -1.1092982e-01   2.9100793e-01  -2.4774461e-01   4.4700237e-01  -3.8145538e-01  -2.8018407e-02  -1.8092429e-01   1.0433009e-01  -3.9852819e-02   2.9276309e-02   1.5022685e-01   1.8828862e-01   4.2865267e-02   1.3505214e-01   3.5596672e-01   4.2438852e-02   5.6715715e-02   2.2689793e-01  -2.5422772e-01   3.8085001e-01   1.6736446e-01  -6.7533998e-02   3.1484518e-01  -4.5946251e-01  -2.4616937e-01  -3.6998261e-01  -2.7858995e-01   1.4378522e-01   7.1097725e-01   6.6706562e-02   3.0819961e-01   1.2927681e-01  -2.1504176e-01  -1.3454146e-01   1.1047456e-01   2.4422809e-01  -7.2362087e-02  -1.1859785e-01  -1.1925798e-01   9.9605504e-02  -1.5057627e-01  -4.6418265e-01  -1.2584573e-01  -3.0448100e-01  -2.8996576e-01  -2.9906169e-01   2.4406017e-01   3.8322886e-02  -3.4852712e-01   7.7938590e-02  -1.8845211e-01   1.2590303e-01  -1.6148533e-01   2.1271766e-01  -4.4756158e-01   2.0664291e-01  -2.8134854e-01  -2.9140221e-01  -1.6260658e-01  -4.9418985e-01   6.0808482e-02   1.0795529e-01   2.4204068e-01   7.3246449e-02  -2.4376512e-01  -3.0139478e-01  -2.8364535e-01  -4.7412287e-02  -9.9001416e-02   1.1214732e-02  -3.5836563e-01  -4.2203292e-01  -4.1051442e-01   3.9166873e-01  -1.0518057e-01  -2.5683368e-01  -9.4752422e-02  -2.3883438e-01  -1.3411216e-01  -3.7692738e-01   4.7867338e-01   3.0978166e-01   7.3618793e-02  -3.5523253e-02  -3.3145317e-01   1.1566812e-01  -1.7310495e-01   8.3724620e-02  -1.2494261e-02   1.6616970e-01   2.9398886e-01   3.1432275e-01   9.6777952e-02  -2.3930369e-01  -3.7713888e-01   2.9845968e-01  -3.7366581e-01  -2.5156630e-01   2.1548439e-02   6.5238328e-02  -1.2157092e-01  -1.0212368e-01  -6.0426091e-02  -3.3392636e-01  -5.6543671e-01  -2.9076945e-01  -2.5424527e-01  -2.7985268e-01   1.7184967e-01  -1.6036878e-01  -7.8243205e-02   3.1180045e-01   3.7758057e-01  -5.6831167e-01   1.6158103e-01  -8.8710677e-02  -1.7172515e-01   2.0457240e-01   1.3307887e-01  -1.5838588e-01  -3.0732646e-01  -3.0147998e-02  -1.2090526e-01  -5.9006011e-02   1.1612819e-01  -2.6976535e-01  -2.0544987e-01   4.2242286e-01  -3.5526110e-02   4.3614637e-01   2.4500313e-01  -6.1358513e-02  -1.6984341e-01  -1.5962136e-01  -2.1748731e-01  -2.2422977e-01  -4.2860718e-01  -3.2573848e-01   7.3217787e-02  -4.6731390e-01  -1.4228975e-01  -3.7051912e-01  -2.8782840e-01  -2.9666121e-02  -2.6605172e-01  -2.3468948e-01  -1.1858186e-01   1.1495580e-01  -1.8392938e-01  -2.9482124e-01  -2.3262843e-01  -2.5114557e-01   3.9743787e-02  -4.4233905e-01  -3.0673833e-01  -1.2618049e-01   7.4216002e-02  -2.3389221e-01
   2.6852833e-01   1.6819109e-01   2.0702478e-01  -4.2563450e-01   1.0755582e-01   3.9312441e-01  -3.8945090e-01   0.0000000e+00  -9.9230513e-02  -2.3829450e-01   3.0049693e-01   4.6050146e-02   4.8749973e-02   1.3434558e-01   1.3654818e-01  -1.6074414e-01   2.0414567e-01  -1.1635997e-01   2.7739110e-01  -4.0394596e-01  -1.3406824e-01   1.0202306e-01  -2.0415892e-01   1.1563754e-01  -3.4154068e-01   6.0152870e-01  -2.7668748e-01   3.4979155e-01  -3.1416017e-02  -2.9584920e-01   7.6686152e-02  -1.2616254e-01  -7.5609513e-02  -1.5415193e-01  -4.1829588e-01  -3.2613307e-01  -2.6575896e-01   3.1899633e-01  -3.5620418e-01  -1.0882427e-01   8.7730763e-02  -9.8907403e-02   1.0380078e-01   6.5440296e-01   1.3065111e-01   3.5614229e-01  -1.6900839e-01  -3.4839072e-01  -2.5819432e-01   1.8696208e-01  -1.1850912e-01   5.8850950e-01   9.0609924e-02  -2.9448897e-01  -2.6268166e-01   4.1357174e-01   3.7224942e-01  -1.4926599e-01  -2.7705402e-01  -9.9824945e-02   3.4817576e-01   3.8718256e-02  -6.3813139e-03   4.6537477e-01   5.3766949e-02  -1.6770937e-01   4.5073060e-01  -1.2021517e-01   2.1109004e-01   3.4835298e-01  -1.8603863e-01  -1.4975290e-01  -8.3878207e-02   2.3979621e-01  -3.4011418e-01   3.4980018e-01   3.5109158e-01   4.8511979e-01   8.6806064e-02  -3.9701355e-01   4.6181556e-01  -1.3549617e-01   6.2172106e-02   7.9239297e-01   2.7548764e-01   3.1603884e-01  -1.4000742e-01  -2.1319769e-01  -1.9685799e-01   3.0524917e-01   1.3940521e-01   1.5297703e-01  -7.0942220e-02  -2.2550006e-01   3.6592331e-01  -1.2801114e-01  -1.2753023e-01   5.3777047e-01  -4.5977187e-02  -2.6222430e-01  -2.1114458e-02   7.9020058e-02   3.2682430e-01   8.0920486e-02  -2.6752361e-01  -1.1259228e-01  -1.7756554e-01   5.3607281e-01  -3.5961286e-01   3.3544669e-02  -1.1771086e-01  -8.2090323e-02  -2.3391471e-01   3.9953753e-01  -5.0482095e-03   3.1542135e-01   4.0409564e-01   1.5791929e-02   4.2422049e-01  -3.4855025e-01   1.3940729e-01  -1.1359578e-01  -2.8650968e-01   1.6270174e-01   4.0484486e-01  -1.5088734e-01   1.2769648e-02  -3.5245845e-01  -5.5172464e-02   3.1903109e-01  -1.3473200e-02  -9.5597656e-02   3.9011979e-01   8.8853176e-02  -2.6016193e-01   4.0518477e-01  -3.5620798e-01   3.2701079e-01   3.2363519e-01   2.7705302e-01  -1.0369624e-01   1.5398838e-01   2.9459125e-01   2.2148807e-01   5.8925680e-02   1.0329735e-01  -3.8542009e-01   2.0972192e-01  -8.7747036e-02  -1.6140679e-01   2.8865792e-01   7.2264343e-01  -1.8109492e-01   2.5392856e-01   1.8579820e-01   9.7110609e-02   3.1397798e-01  -2.5509995e-01   6.8963878e-02   4.6389069e-01  -1.1301966e-01   6.3321374e-01   1.3119546e-03  -1.3634749e-01  -1.7823200e-01   7.5589995e-02   6.3439275e-02   5.4307147e-01   1.1904545e-01   3.6467420e-01   8.1444281e-03   1.7369648e-01   6.0751123e-02   4.8028224e-01  -2.2562040e-01  -4.4801601e-01  -4.5203537e-02
  -2.4021350e-01   5.6837013e-01   5.7304812e-02   3.3633029e-01   1.5609451e-01  -2.3196745e-01  -2.6148656e-01  -9.9230513e-02   0.0000000e+00  -1.3792832e-01   8.4786638e-02   1.4189906e-01   5.2626582e-02  -1.8320464e-01  -1.3899818e-01  -2.5648496e-01   5.6535782e-02   1.7582751e-01  -6.5689587e-02   1.6042105e-01   1.0660419e-01   2.5787683e-01  -9.4063276e-02  -9.3328446e-02  -1.0878644e-01  -1.0056530e-02   9.1858334e-02  -2.3112227e-01   1.7253701e-01   2.2925143e-01   4.5386445e-02   1.4542877e-01  -2.9983699e-01   1.5292357e-02   5.5172558e-01   1.0799401e-01  -1.5991873e-01  -9.7109937e-02  -2.4178948e-01  -5.5767753e-02   9.4560077e-02  -2.9360050e-01   6.0566452e-01   3.1524295e-03   2.9674552e-01  -5.8552451e-02   7.4245135e-02  -9.9253126e-02   6.1991211e-02  -2.4590314e-01   1.2854304e-01  -5.7581594e-02   2.9749507e-01  -7.3637492e-02   8.4596813e-03  -9.0073834e-02  -7.5689211e-02   3.7926963e-01   1.6333272e-01   5.8843835e-01   7.9407855e-02   1.3284771e-01   7.8502987e-01   1.6351191e-01   2.5262287e-01  -2.1594114e-01  -1.1774075e-01   1.5094339e-01   4.7244384e-02  -8.7661329e-02   3.1977419e-01   2.2008622e-01  -4.4772944e-02   1.4656345e-01   7.8915325e-02   1.9354949e-01  -2.2926688e-03   1.1046299e-01   1.8759844e-01  -4.6207435e-02  -2.7972393e-01  -1.2474481e-01  -1.6626106e-02  -1.1371942e-01  -2.1576675e-02   1.1510428e-01   5.4464449e-01   3.8563238e-02   1.5280287e-01  -8.1477063e-02   5.9182036e-02   1.1235567e-01  -1.9816495e-01   7.3876745e-01  -7.4662985e-02  -6.3816680e-02   7.9801572e-02   6.9106680e-03   4.1538260e-02  -1.9205001e-02  -3.1217354e-02  -6.8890517e-03  -2.7050698e-02   5.5717513e-01   2.8617159e-01   1.7817784e-01  -3.8382381e-02  -5.8589468e-02   2.8924524e-02  -1.9904363e-01  -1.3310617e-01   4.0851900e-01   9.7487386e-02  -1.6840524e-01  -1.7435436e-01   4.0075405e-01   1.4756972e-01   3.7498040e-02  -1.9891834e-01   2.1685437e-01   2.4185783e-02   2.3181335e-02   2.2559180e-01   4.6585548e-01  -9.7208209e-02   4.0133963e-01   2.3799863e-01  -3.7109197e-02   6.3001564e-01  -1.2805488e-01  -1.2737672e-01   1.2812101e-01   1.1194640e-01   8.1527747e-02   4.7327580e-01   1.8295040e-01   1.4460527e-01  -2.1695937e-01   1.2209162e-01  -4.8572764e-02  -8.8964340e-02  -4.5989442e-02   1.4213953e-01  -2.7094259e-01   3.0419158e-01   2.6456558e-01  -1.2613035e-03  -1.5001496e-01  -3.2934225e-01   3.2711373e-02  -2.6340019e-01  -1.6977316e-01   3.9321243e-02   2.6245103e-01   6.5702804e-02  -7.8488675e-02  -3.5775001e-02   2.7841129e-01   3.3447568e-02  -2.0071110e-01   3.0711810e-01   9.3221506e-02  -6.1407547e-02   2.7690845e-01   2.9663019e-01   2.7176109e-01   1.3242694e-01  -1.3640247e-01   6.9893425e-03   1.0108789e-01   2.0920541e-01  -1.5685418e-01   2.1786843e-01  -9.2113412e-02   2.0162006e-01  -4.5019595e-03   2.3568897e-01
  -1.9910928e-01  -8.1916459e-02  -1.7919576e-01  -2.7646402e-02  -7.6033221e-02  -2.2605877e-01   1.8753464e-01  -2.3829450e-01  -1.3792832e-01   0.0000000e+00  -2.3553171e-01  -6.8173288e-02  -2.6098089e-01  -1.7576634e-01   2.7568783e-01  -2.2613196e-02  -1.5886426e-01   2.8810604e-02  -1.7176239e-01   2.9090006e-01  -1.8325841e-01  -2.5419003e-01   3.5178789e-01  -3.4130993e-02   6.1213462e-02  -1.7871886e-01  -9.6152073e-02   2.8168833e-02   1.4346969e-03  -1.2539257e-01   1.9909774e-01  -3.0967842e-02   4.3696134e-02   3.7489113e-01   2.2575057e-02  -4.9125709e-02   5.8189147e-01  -3.0650080e-01   1.0126150e-01  -5.9263363e-02  -3.0701963e-01  -6.1281498e-02  -8.3404728e-02  -1.1858398e-01  -1.2912074e-01  -1.9799316e-01  -2.9466084e-01   1.9425231e-01   6.0354649e-02   9.2545933e-02   3.9746073e-02  -3.4713476e-01   1.4105990e-01   1.0337562e-01  -1.6820596e-01  -3.5163301e-02   2.5451953e-02  -5.2933819e-02  -3.5548936e-02  -9.5539755e-02  -3.4810912e-01  -1.2312058e-01  -1.0742467e-01  -1.1571468e-01  -2.4092547e-01   5.6949457e-01  -1.3428184e-01  -2.1820900e-01  -2.4876518e-01  -5.7279614e-02   7.1577514e-02  -1.2424950e-01  -1.7731925e-01  -1.6962478e-01   5.4791165e-02  -1.5703038e-01  -2.6808913e-01  -4.8241464e-02   1.1856735e-01   1.1170518e-01  -9.1753992e-02   1.0555159e-01   1.1625260e-01  -2.5996007e-01  -2.5496634e-01  -9.2664679e-02  -5.8710469e-02  -3.2779183e-01   1.1440073e-01  -4.2112565e-01   3.7586032e-01  -3.6772604e-01   1.6504526e-01  -2.0923594e-01  -3.3780380e-01   3.6384808e-01  -2.6346854e-02  -1.4559414e-01   2.3137295e-02   4.0561600e-01   2.2639901e-01   3.5061267e-02  -1.9481657e-01  -1.6845883e-01   4.8699540e-02  -1.4685343e-02  -1.4415930e-01  -2.5146703e-01   4.3326839e-01   2.3364140e-01   3.3574132e-01  -2.1257897e-01  -6.4779747e-02  -3.7410097e-01   1.9955340e-01  -1.4978010e-01  -1.7775143e-01  -1.2608130e-01  -5.5593092e-02  -7.1118594e-02  -3.9790310e-01   5.8098277e-01  -8.8163093e-02  -1.9203074e-01  -2.9753545e-01  -1.3166091e-01  -1.7329990e-01  -8.8848551e-03  -7.2927609e-02   2.8390130e-02   5.1392123e-02  -6.8740677e-02  -1.8801209e-02   1.1975539e-02  -4.8472733e-02  -1.7230050e-01   1.0440360e-01   1.7027347e-01  -1.0402618e-01  -3.3741162e-01  -8.3535393e-02  -1.2035264e-01  -2.1796338e-01   1.8695837e-02  -2.0980745e-02   4.7568933e-02   1.4656021e-01   1.3007098e-01   1.1517788e-01  -1.2621852e-01  -1.9008323e-01  -2.8942754e-01  -3.0029975e-01  -2.0790408e-01  -5.8981995e-02  -3.2650221e-01  -3.5553747e-01  -6.1444232e-02  -3.5779997e-01  -2.9953679e-01  -2.4699262e-01  -1.7180327e-01   4.8749766e-01  -4.5927113e-02  -2.0840354e-01   2.6891279e-02  -1.0514815e-01  -7.9523218e-02  -3.6384170e-01   5.8786350e-02   4.0488873e-01  -1.1155518e-01  -1.3304053e-02  -2.1101114e-01   2.3960816e-02   9.8861311e-02  -1.5958414e-01
   2.5979016e-02   2.8949608e-01   2.0052087e-01  -3.3000445e-01   2.1886098e-01   2.9625988e-01   4.6696540e-02   3.0049693e-01   8.4786638e-02  -2.3553171e-01   0.0000000e+00   3.9050124e-01   1.4437969e-01  -1.9622341e-02   2.9253436e-01  -1.7381907e-01   1.6462953e-01  -4.0423426e-02   1.0011678e-01  -2.1616133e-01   1.0079159e-02   1.9888175e-01  -2.6911009e-05  -1.3986860e-01  -4.7467837e-01   3.2346367e-01   1.8359058e-01  -1.2069878e-01  -8.9286988e-02   3.2573452e-02   1.5283172e-01   1.9155469e-01   2.7860730e-02   1.3257729e-02  -1.3472369e-01   8.6697309e-02  -1.3982293e-01   7.3168400e-02  -1.9026175e-01   1.6819201e-01   3.1432791e-01   4.7858938e-02  -7.1867541e-02   1.0847362e-01   5.9012490e-02   1.4633972e-01   4.8921303e-01  -1.5670685e-01  -1.9770452e-01  -1.1172115e-01   4.7569387e-02   3.5744479e-01  -1.0502344e-01  -2.0388824e-01  -7.6952432e-02   1.3966204e-01   1.6616192e-01   8.6615682e-02  -3.7583646e-03   2.8292965e-01   1.8737658e-01   1.5984255e-01   1.0652995e-02   2.2135747e-01  -5.3124042e-02   1.2703583e-02   4.1277895e-01  -3.4918779e-01   6.5207645e-01   8.3118618e-02   4.4487332e-02  -7.5813766e-02   1.3500732e-01   2.1504448e-01  -3.7927082e-02   1.2061024e-01   1.4320267e-01   1.8317067e-01   1.3845792e-01  -3.2695781e-01   1.5474191e-01  -1.2040232e-01  -4.1667409e-02   2.7119709e-01   3.2312922e-01   3.6189075e-01   6.7404151e-02  -1.5756386e-02  -1.8998133e-01   1.3518838e-01   1.8225313e-02   1.3148606e-01   2.3498896e-01   3.4698024e-02   9.6315481e-02  -3.1423447e-02  -2.6198464e-01   2.9918761e-01  -3.7534919e-01  -1.9761909e-01   1.0727225e-01   2.4122299e-01   3.6175583e-01   1.6628525e-01   2.0504751e-01  -1.1760792e-02  -7.1546966e-02   4.8112363e-01  -1.9192819e-01   9.4739152e-02  -1.7013895e-02   3.3884445e-01  -2.8352135e-01   1.3459225e-01  -1.0000759e-02   1.9556130e-01   1.1514176e-01   9.0000449e-02   8.6034028e-02  -1.9624091e-01   6.5625609e-02  -5.6862084e-02  -3.1349589e-01   1.3329406e-02   1.3399681e-01   1.3514257e-01   2.6336464e-01  -2.2645060e-01   1.0683888e-01   9.4917441e-02   1.6377578e-01   5.3882144e-01   1.2377079e-01   3.3938197e-02  -7.7361336e-02   2.3589050e-01   1.0774202e-01   1.6616165e-02   2.2061794e-01   1.1687297e-01   6.6285818e-02   1.2183193e-01   6.7590345e-01   7.3446350e-02   2.8208458e-01   4.5422965e-03   2.0764944e-02   1.8149891e-01   2.1278229e-01  -1.5969861e-01   2.2692255e-01   2.4726666e-01  -3.0599953e-02   5.7307136e-01   2.9096536e-01   1.1181607e-02   1.0958369e-01   1.4938708e-01  -7.0921343e-02   3.0749342e-01  -1.7786885e-01   4.1073867e-01  -4.0223358e-02  -1.2691301e-01   1.5133061e-01   1.8526587e-01   4.0900676e-01   3.1285461e-02   6.2105164e-02   2.3090586e-01   1.0422172e-01  -9.5671355e-02  -2.2767880e-01   2.3193471e-01  -1.1520986e-01  -4.3293865e-01   2.7462604e-03
   1.3388876e-01   6.0026551e-01   6.9065216e-01  -2.7669873e-01   2.5192836e-01   1.7098444e-01  -1.0817964e-01   4.6050146e-02   1.4189906e-01  -6.8173288e-02   3.9050124e-01   0.0000000e+00   1.0887897e-01  -2.4912629e-01   1.3096178e-02  -1.0895002e-01   7.1503775e-01  -1.1109954e-01   8.7527185e-02   1.7004696e-02  -3.1843320e-01   3.2239445e-01  -2.2639131e-01   3.2276756e-02  -4.0898757e-01   1.4491660e-01   1.4276194e-01   1.8710507e-01  -3.3772479e-01  -8.0696790e-04  -2.2772111e-01   2.7694819e-01  -1.6048465e-01   1.6211500e-01  -1.3422610e-01   3.3104855e-01  -4.9705913e-02   9.4675413e-02  -2.7225786e-01   2.1168267e-01   1.7455718e-02  -3.0828926e-01   1.2811919e-01   9.5007746e-03   1.5947075e-01   4.8390844e-01   4.3292241e-01  -3.1904778e-01   7.3889705e-02  -8.5680209e-02   1.5448661e-02   1.4081999e-01  -4.0642205e-02  -1.1172294e-01  -1.8390701e-01   7.9758023e-02   6.0538629e-02   2.4642715e-01  -3.0488748e-01   2.8173330e-01   5.3885664e-01   4.6098688e-02  -8.0814994e-02  -6.3914845e-02  -1.4811057e-01   4.7923738e-02   1.5603500e-01  -2.6419755e-01   1.9262215e-01   4.8477338e-01   1.4414102e-01  -5.7153478e-02  -1.0801551e-01   5.8592573e-01  -2.1105273e-01   1.9787599e-01   3.9006807e-01  -2.6105884e-02   5.6055814e-01  -5.0170283e-01  -1.8294208e-02  -6.2670161e-02  -3.1897897e-01   1.5708842e-01   5.5779775e-01   3.0024833e-01  -2.3071389e-02  -1.0911450e-01  -3.2845568e-01   2.7583470e-01   2.5919908e-01   4.9231988e-01   8.5192899e-02   7.8650313e-02   2.2240820e-01   8.2894910e-03  -2.1025250e-01   3.1237327e-02  -1.4419056e-01  -4.0682613e-01  -3.9852231e-02  -2.8332361e-02   2.2560513e-01   2.2256028e-01   5.4943769e-02   1.3552277e-01  -1.1249422e-01   3.9687980e-02  -1.6193142e-01  -2.1534425e-01   2.1276984e-02   1.9174869e-01  -2.4351145e-01   1.9295897e-01  -1.6183545e-01   2.0521368e-01   4.3718545e-02   1.2391626e-01   2.1635625e-02  -9.8063065e-02   2.5786514e-01   1.6623138e-01  -1.7888406e-01   7.6541881e-02   3.4809151e-01   2.7455052e-01   3.4677577e-01  -4.1301478e-01   6.5641849e-02   5.1135015e-01  -3.9573153e-02   4.0766809e-01   4.2193084e-01  -2.7991390e-01   5.6365126e-02   1.3539824e-01  -2.4805026e-01  -1.2702444e-01   2.6014551e-01   4.3327787e-02  -1.2130004e-01   1.4377080e-02   3.1764070e-01   2.9081341e-01   2.9773136e-01  -8.3612252e-03   3.7372905e-01   2.2406218e-01   8.0609093e-02  -1.3412209e-01   3.2438243e-01   1.6538028e-01   3.9119664e-03   4.0117837e-01   7.1987150e-01   1.1860401e-02   3.7133282e-01  -1.6312355e-01   2.8064709e-01   1.3237947e-01  -5.2867519e-02   1.9165112e-02  -6.8870975e-02  -2.0623273e-01   3.2530239e-01   4.2181256e-01   3.7026089e-01  -6.9017244e-02   2.9552963e-01   1.0042851e-01   3.9665792e-01   4.1423054e-02  -2.1780879e-01   2.7652405e-01  -2.6943024e-01  -4.7524770e-01   4.0554589e-02
   1.6487811e-01   1.0082199e-01   2.1812192e-01  -4.1111153e-02   2.0628630e-01   9.0526570e-02  -8.2355208e-02   4.8749973e-02   5.2626582e-02  -2.6098089e-01   1.4437969e-01   1.0887897e-01   0.0000000e+00  -4.3218062e-02   3.8011324e-02   1.6936460e-01   1.9065196e-01   5.9780155e-02  -4.1895526e-02   2.5769165e-02   4.7493530e-02   1.5673945e-01   5.3322749e-02   1.3665302e-03  -1.0780418e-01   5.9667308e-02   2.6701688e-01  -2.0827866e-01   8.6276247e-02   1.8230141e-01   1.1758673e-01   9.3551451e-02   1.7403108e-01  -1.1686781e-01  -1.5149238e-02   1.9602857e-01  -1.5772495e-01   5.1341832e-03   1.7262468e-02   2.0394867e-01   7.5124877e-01   6.0533905e-02  -9.7550343e-02  -6.5618769e-02   2.8433805e-01   1.8390471e-01   2.9134683e-01  -1.6795487e-02  -2.3980553e-01  -2.7754616e-02   2.3108861e-01   2.5975107e-01  -5.6688214e-02   2.5212612e-01   1.3198975e-01   2.8146172e-02   5.1768528e-02  -3.6668694e-02   2.5420210e-01   2.8117688e-01   1.8485943e-01   4.2032399e-01   1.3105736e-01  -4.4588388e-03   1.5736302e-01  -1.0159741e-01   4.6703596e-02  -5.8311424e-02   1.7052757e-01  -1.6033100e-03  -6.2358766e-02   2.2106874e-01   3.2974582e-01   6.7881243e-02   6.1905249e-02   6.0424751e-02   1.6039514e-01  -1.9241868e-02   3.2310890e-02   8.9394928e-02  -3.3658275e-02   2.8602287e-01   3.7687055e-02   1.9413205e-01   2.0748802e-01  -1.2164777e-02   2.1512545e-02   1.8311715e-01  -3.9022882e-02   6.0565019e-02  -6.1785830e-03   1.5443506e-01   7.6793036e-03   5.6036756e-02   1.0421423e-01   7.9947348e-02   2.0162028e-01  -3.9504938e-02  -3.9216575e-02   9.1726150e-03  -4.4980983e-02   7.6518211e-02   4.2177358e-02   2.2692228e-01   2.3769445e-01   4.1111630e-02   5.7114790e-02   3.6065696e-02   2.7896606e-03   1.1187374e-01  -2.1942394e-01   1.8697429e-01  -6.7555336e-02   5.9947046e-02  -1.2284149e-01   1.3128136e-01   1.5431435e-01   6.3219551e-01  -2.1827370e-01   7.4959852e-02   1.7659387e-01  -6.4076587e-02  -1.0093025e-01   8.4382260e-02   1.1117509e-01   9.8752822e-02   2.7439825e-01  -3.9945322e-02   6.1379149e-02   7.4476393e-02   3.4511691e-01   2.1156209e-01   9.2009256e-02   1.0689465e-01   3.1302371e-02  -7.8459825e-02   4.0037392e-01  -1.6208419e-01   5.6837676e-02   1.3923571e-01   1.6542831e-01   5.7628092e-01   1.8033733e-01  -1.4338430e-01   1.6810341e-01   1.0566294e-02  -1.4020794e-01   5.5297668e-02   6.0197260e-02  -4.2665278e-02   2.1285687e-01   4.6604876e-02  -2.2279028e-02  -2.8121054e-02   7.5951510e-02   2.5196672e-01   2.5947236e-01   4.7949907e-01   1.8269461e-01   3.1194153e-01   3.0229012e-02   1.4397158e-02  -3.9076921e-02   1.0567002e-01   1.2745523e-01   3.6561287e-02   1.5479519e-01  -1.0303733e-01   2.0774261e-01   1.6418181e-01  -1.1595888e-02  -1.7243315e-01   8.3716962e-02   1.7728131e-01   2.1079012e-01   3.2729035e-02   8.4386243e-02
   1.0999655e-01  -3.1643166e-01   1.1280001e-02   1.1340540e-01  -8.9369549e-02   2.4980427e-01  -5.8833521e-02   1.3434558e-01  -1.8320464e-01  -1.7576634e-01  -1.9622341e-02  -2.4912629e-01  -4.3218062e-02   0.0000000e+00   2.4030140e-01   7.5193924e-02  -7.1939128e-02  -2.0454539e-01   1.1698584e-01  -6.8738800e-02   2.7649704e-01   1.8399402e-01  -2.8214322e-02   1.9760256e-01   1.8697255e-02   1.8308126e-01   1.2538934e-01   3.4023680e-01  -2.1412175e-01  -1.2933311e-01   6.7619485e-02   1.9094392e-01   4.8122210e-01  -3.1889502e-01  -2.2757855e-01  -1.9037519e-01  -1.7168023e-01   4.7776380e-02   1.3648221e-01   6.7389169e-02   2.8538133e-02   3.1334891e-01  -1.4399857e-01   3.7270065e-01  -4.4024539e-02   2.8026645e-01   9.1062567e-02  -4.3865500e-02  -6.2314029e-02   5.6192255e-02   5.2638495e-02   5.0320106e-02  -2.8881158e-01  -1.3505604e-01  -1.9819657e-03   2.3515807e-01   2.5547111e-01  -2.6123301e-02   2.0643880e-01  -2.4795106e-02   3.7435496e-02   5.4418009e-02  -1.3388570e-01  -1.6429768e-01  -9.6086619e-02  -9.3990166e-02   2.9521046e-01   8.7386571e-02   4.2541266e-01   3.0980002e-01  -3.6801937e-01   9.5466963e-02   6.9918526e-02  -1.4367886e-01  -9.8683058e-02   4.1345101e-02   2.0682770e-01   3.3648127e-01  -7.8722050e-02   8.4273095e-02   4.6789882e-01  -7.2490946e-02   1.2447585e-01   2.4978498e-01  -1.1073991e-01   9.2304492e-02  -2.5335096e-01   1.1711588e-01  -1.7030841e-01   7.2460133e-02  -1.9453909e-01   4.4301979e-02   1.3474551e-02   4.2091084e-02   1.2862470e-01   4.3528487e-02  -8.1640732e-03   1.8984858e-01   7.4518048e-02  -6.6857835e-02   2.0437660e-01   3.2250345e-02   4.2131978e-01  -2.2335112e-01  -3.6434149e-02   1.4574547e-01   1.1874609e-01   3.4870185e-01   4.7190692e-02   3.1610815e-02  -4.7094984e-02   1.1671930e-01   1.0571325e-01   2.3986780e-01   4.3370258e-01  -2.8982481e-01   2.5902417e-01  -1.9852806e-02   4.6416385e-01   1.0057961e-01   1.2957416e-01  -8.6331037e-02  -4.2563933e-03  -5.8371856e-02   3.5073660e-01   2.3468400e-01   5.1120506e-02   3.0907970e-02  -6.4892971e-02   1.9956877e-01   9.2460552e-02  -1.9250466e-01  -2.8461255e-02  -1.6004070e-01  -8.5014077e-02  -1.6395021e-01   5.6157397e-03   2.9509463e-01  -2.2407757e-02  -2.0935278e-02   1.4662596e-01  -2.4627424e-03   7.1496391e-02   1.9801765e-01  -1.1979336e-01   1.0727482e-01  -2.3502834e-01  -2.5527532e-01   3.0558343e-02  -1.2879412e-01   8.6970386e-02   4.1531288e-01   1.0935421e-02  -2.0634071e-01  -1.6577091e-01  -9.8240554e-03   8.0875950e-02   2.2339915e-02   7.8937113e-02   2.7131834e-01   7.5326805e-02  -1.2885356e-01  -3.1961966e-01  -1.0801667e-01   1.5465137e-01  -1.1823092e-01  -1.3587414e-01   3.7229310e-01   9.4920940e-03  -1.7117880e-01  -1.7424796e-01   3.8702365e-02  -1.8891270e-01   7.2125561e-02   8.3546515e-02   2.2034389e-04   2.4300947e-01
