   0.0000000e+00   1.8738965e-01  -7.8213109e-02  -2.5423715e-01   1.8631148e-01  -2.1845864e-01  -2.6712221e-02  -1.5812578e-01  -9.7912137e-02  -4.4945770e-01  -6.7041539e-02   4.8065401e-02  -1.7608216e-01   4.2217564e-01  -2.1113568e-01   3.9150302e-02   2.7319010e-02  -2.0353512e-01   5.3546542e-02  -1.6715200e-01  -4.5869704e-02  -3.4876375e-01  -3.0066207e-01   8.3636228e-01   2.3553941e-01  -7.6911150e-02  -2.6292830e-01   4.9310468e-01   3.5278198e-02  -3.3493731e-01  -2.2881785e-01   1.0518597e-01  -5.5496229e-02  -3.1088841e-01   9.9247985e-03  -1.4040940e-01  -5.8647389e-02   2.4430202e-01  -2.6972746e-01  -1.9745125e-01   5.7310602e-02  -5.8359824e-02   2.3187816e-01  -1.3192606e-01   3.0053608e-01   3.2754163e-01  -6.7310252e-02  -1.2858863e-01   3.9815968e-02  -1.8462019e-02  -1.7064376e-01  -1.0799728e-01  -8.0159210e-02   2.4856384e-01   2.5012166e-01  -1.3456626e-01  -1.8591545e-01   3.1287853e-01   9.2270784e-02   1.8833644e-01   1.1373113e-01   1.1212611e-01   8.3992145e-02   1.7214366e-01   2.6779010e-01  -5.0372047e-01  -6.0602453e-02   9.4881680e-02  -1.9320519e-01   1.6855908e-01  -1.8505734e-01  -2.5361564e-01   5.2395002e-02   5.5774543e-01   1.4175357e-01  -4.5796362e-02   4.7215266e-02   1.0367050e-01   1.4793804e-01   2.9458640e-01  -8.5336152e-02   2.4587386e-01  -1.4320038e-02  -2.2711005e-01   6.6073689e-01   1.9448897e-01  -8.2700549e-04   4.9885540e-01   7.4943434e-02   6.9278063e-01   2.4515151e-01   1.5287430e-01  -1.6623747e-01  -7.6619744e-02   2.5007496e-01   7.1373981e-02   1.5962509e-01  -2.2356674e-02   9.6188352e-02  -1.9494373e-01   3.6312075e-01   5.2209427e-02  -1.7174503e-01  -1.4693506e-02   1.2241308e-01  -3.4479509e-01   2.3471298e-01  -1.7334713e-01  -1.3773389e-01  -1.4571672e-01  -8.9171749e-02   1.8672156e-02  -1.4458669e-01   7.2806124e-01   4.1878044e-01   3.4940506e-02  -1.0487723e-01   1.5119220e-01   1.9268666e-02  -6.0073339e-03   5.1599521e-01   1.7069080e-01   2.1025896e-01   2.1785525e-01   3.0003836e-01   3.2469139e-01  -7.1329574e-02   1.7134773e-01  -2.8733206e-01  -1.5574718e-01   1.3269606e-01  -1.9709122e-01   4.5090063e-01  -2.5043774e-01   4.2596623e-01   2.0255525e-01   1.1058045e-01  -3.0869515e-01   3.0960507e-01   5.3164051e-01   7.6444097e-01  -3.0978732e-01  -9.1990334e-02  -3.8617023e-01  -1.3272949e-02   1.8246684e-01  -2.8621913e-01  -5.8871926e-02  -3.3128139e-01  -2.8453809e-01   7.6676316e-01  -2.2749764e-01   6.3220093e-01   1.5840990e-01  -4.0836477e-03   6.8595006e-01   1.9118581e-01  -1.8934784e-01   7.7953488e-02  -3.0086536e-01   8.3594057e-02   3.2562316e-02  -4.2253125e-01  -2.1174022e-01  -3.3914066e-01   1.6664054e-01   1.9434151e-01  -1.4502345e-01   3.7265833e-01  -5.7207456e-02   1.9160625e-01   1.5653942e-01   1.0345008e-01  -1.3058029e-01   1.5774750e-01  -1.3643978e-01   8.4490386e-02
   1.8738965e-01   0.0000000e+00   4.1205138e-01  -3.3265229e-01   4.9313497e-02   4.0797287e-02   9.1844818e-02  -4.6140806e-01   5.7567703e-01   5.7099438e-02  -5.0743873e-01   6.1627082e-01  -1.1879596e-01   1.5415023e-01  -1.0139761e-01  -6.7652905e-02   3.6459099e-01  -2.6601373e-01  -1.0841273e-01  -5.7747443e-02  -4.3386372e-01  -3.7521855e-01  -4.6683372e-01   1.0590996e-01   4.0645660e-01  -1.6349984e-01   1.6410009e-01  -5.0773052e-02   3.9207581e-01  -6.6426521e-02  -1.4216162e-01  -1.2126180e-02   9.5228397e-02   7.0489835e-02   7.6643381e-02  -2.9540602e-01  -1.1636821e-01  -2.3293270e-01  -1.4594622e-01   2.9981799e-01  -6.9593933e-02  -3.6123348e-02   6.2571684e-01  -4.3948253e-01   1.3643477e-01  -1.2688454e-01  -4.1897316e-01   5.4471793e-01   6.7185170e-02   4.5737080e-01  -3.1469694e-01  -3.9825155e-01   6.7764068e-01   3.3150366e-01   7.6911236e-02  -3.7459829e-01  -1.1716748e-03   1.6808628e-01  -1.5774362e-02   2.0351987e-01   8.4725467e-03   1.2836073e-01   6.7655267e-01   4.4206104e-01   3.8938266e-01  -4.3032465e-02  -1.6829433e-02   2.0643587e-01  -4.0989968e-01   2.2994593e-01   4.6577310e-01  -3.6832727e-01   3.3037456e-02   4.4545386e-01   1.3173926e-01  -4.0151345e-01  -2.7965439e-01  -1.8429871e-01   4.5329313e-01   1.4897264e-01  -3.6020241e-01   1.2923749e-01   3.2291447e-01  -4.3262174e-01   3.5581952e-01  -2.7310810e-01   4.5602711e-01   4.3123151e-03   3.0237124e-01   5.0813988e-02   2.4224756e-01   2.4805525e-01   1.0347422e-01   9.0915228e-02  -1.9783846e-01   1.2784900e-02   7.0600672e-02  -3.0370648e-01   2.3028913e-01  -8.9739462e-02  -4.2384351e-02   7.9863563e-02  -4.9536742e-01   3.9348414e-01  -2.0694487e-01  -3.6611263e-01   2.6143793e-01  -5.1638617e-01  -1.0517641e-01  -2.4051152e-01   3.4688646e-01  -1.4313727e-01  -1.6498013e-01   1.8157390e-01  -1.2465826e-01   5.8525972e-01  -1.5387367e-01   4.0888805e-02   4.8993668e-02   5.3512364e-02  -6.9768189e-02   1.9859329e-01   5.4982445e-01   6.4347645e-01  -9.7535188e-02  -6.2395569e-02  -1.0243211e-01   1.8818968e-01  -3.2115885e-01   4.6770059e-01   1.1904065e-01   1.3650247e-02   4.0038199e-01  -1.2542850e-01   3.6159422e-01  -2.6977198e-01  -1.1095688e-02  -8.3358498e-02  -2.5380323e-01  -7.1881881e-02   1.1860659e-01  -1.1140172e-01  -5.1146189e-01   2.3899167e-01  -5.1924997e-02  -2.5809290e-02   1.0757863e-01  -1.4044366e-02  -3.8366767e-01   9.3305716e-02   9.2590673e-02  -4.2222145e-01   1.8442728e-01   2.8270411e-01   6.7273909e-01   2.2121578e-03  -1.0465527e-01  -3.5251650e-01   1.6594358e-01  -5.3652196e-01   1.2915690e-01  -3.3081172e-01  -6.5316356e-02  -4.3837334e-01  -1.4978261e-01   4.8254970e-01   1.1107567e-01  -1.5868967e-01  -1.0552423e-02   3.9323579e-01   2.5544752e-01  -2.3325897e-01  -4.6362742e-02  -1.4168913e-01   1.6223050e-01  -4.1161008e-02   2.7536774e-03
  -7.8213109e-02   4.1205138e-01   0.0000000e+00  -2.5145935e-01   1.0200476e-01   1.7432966e-01  -1.9614006e-01  -2.7526100e-01   8.4343041e-02   1.5696399e-01  -4.5316430e-01   5.2910495e-01   1.7523299e-01  -1.0968381e-01  -4.7282067e-02   8.2946612e-02   7.7487148e-01  -3.0762918e-01  -1.8704113e-01   1.5711866e-01  -2.6506036e-01  -1.8523455e-01  -2.7741592e-01  -2.5690519e-01   6.7542915e-02  -8.4188751e-02   3.2601776e-01  -2.7583205e-01  -4.1826584e-02  -1.3150147e-01  -2.6042145e-01  -1.6446839e-01   1.1975362e-01   1.1745255e-01   2.6416321e-03  -2.1167175e-01  -1.8439264e-01  -1.2357195e-01   5.6070097e-02   4.5367878e-01   2.0797138e-02   3.8608099e-02   3.2729666e-01  -3.1380659e-01  -1.4240873e-01   1.3623737e-03  -3.0282488e-01   6.0647672e-02  -6.8957162e-02   6.6353796e-01  -3.8425509e-01  -3.2401175e-01   2.1935025e-01   3.2055022e-01  -4.4599332e-02  -2.4065043e-01   5.0560714e-02  -2.0416093e-01  -3.0747207e-01  -2.3549777e-02   3.1878500e-01  -6.3846698e-03   2.7789204e-01  -5.9866433e-02   1.8770781e-03  -2.9991922e-02  -6.5547337e-04   1.5205411e-01  -1.9524294e-01   3.9464818e-01   4.3555210e-01  -2.0265837e-01   2.5335859e-02   1.6989686e-01   7.1251392e-02  -2.9640877e-01   4.1399344e-02  -2.1921387e-01  -7.3655039e-04  -1.3895335e-01  -4.4980117e-01  -1.1981464e-01   8.4632037e-02  -2.7080632e-01   2.1282057e-01  -3.2317332e-01   1.1867097e-01  -1.7624890e-01   9.4553620e-02  -6.6750309e-02   7.1310359e-02   5.4716955e-01   3.7234983e-01   5.8285229e-03  -7.3012422e-02   3.6981137e-01   1.6410318e-01  -3.0775087e-01   5.4041012e-02  -5.0963903e-02  -7.7355663e-02  -1.5476838e-01  -3.4115959e-01   4.0811911e-03  -4.6036625e-01  -2.2908906e-01   4.9532289e-01  -3.3850903e-01  -2.3704330e-01  -8.7249991e-02   2.9816088e-01  -4.0786134e-01  -2.4781569e-02   1.5962038e-01  -2.3546039e-01   1.0139300e-01  -2.0752257e-01   1.0666760e-01   2.9992335e-01  -8.3654510e-02  -8.4842547e-02   1.2011629e-01   4.0682411e-01   1.0136311e-01  -6.3425800e-02  -1.8609052e-01  -7.5673845e-02   1.2087164e-01  -2.3579779e-01   6.1379729e-01  -3.6234569e-02  -1.3438420e-01   9.6582775e-02  -1.7044980e-02   7.3138538e-02  -3.6543628e-01  -5.3876677e-02  -1.5687015e-01  -3.6256931e-01  -1.2604400e-01  -6.3363559e-02   7.9213251e-02  -2.0688507e-01   4.1331077e-01  -2.8101803e-01  -2.6249275e-01   2.9329315e-01  -1.4796046e-01  -3.4143066e-02  -1.2219015e-01  -8.1925530e-02  -3.6433316e-01   1.9333815e-01  -1.9302939e-01   6.3895339e-01  -1.8119096e-01   8.1661712e-02  -3.6170248e-01   4.0428294e-01  -3.7913172e-01   1.6996828e-01  -3.6797751e-01   2.7612121e-02  -3.7907274e-01  -1.3991451e-02   2.1939463e-01  -2.8496837e-01  -1.5134480e-01   3.5817799e-02   4.7387105e-01  -6.2380608e-02   3.9977088e-02  -1.5789108e-01  -1.2762581e-01  -7.6444163e-02   9.3587095e-02  -1.6752473e-01
  -2.5423715e-01  -3.3265229e-01  -2.5145935e-01   0.0000000e+00   1.4484938e-02   6.9050139e-02  -9.7384793e-03   4.1240216e-01  -1.4625673e-01  -1.3548758e-02   3.0815173e-01  -3.8247470e-01   1.8027094e-03  -8.8120505e-02  -9.9795837e-02   1.1183011e-02  -3.2090050e-01   3.5605860e-01   1.4314840e-01   1.6062535e-01   3.7268830e-02   6.1383428e-01   2.4643099e-01  -2.7590286e-01  -2.2331140e-01   3.1097493e-01  -2.9611934e-02  -1.1956828e-02  -6.5129818e-02   1.0840027e-01  -3.4589224e-03   1.8194551e-01   1.6454523e-01  -1.4358692e-01  -5.2466003e-02   1.9849974e-01  -1.2725018e-01  -2.5513556e-02   2.9561489e-01  -1.6608445e-01   1.2840160e-01   2.2187535e-01  -4.5127359e-01   3.4116207e-01  -6.0544226e-02  -1.6245706e-01   2.5279316e-01  -2.8145699e-01   7.5233026e-02  -2.6695236e-01   3.8003995e-01   3.3182553e-01  -3.3758249e-01  -4.7698492e-01  -1.9517665e-01   2.4298550e-01   2.7647986e-01  -9.9220931e-03   2.7210226e-01  -1.5352398e-01  -2.1883483e-01   1.2468479e-01  -5.8636160e-02  -2.3640728e-01  -2.2931810e-01   8.6432079e-02  -8.0262411e-03  -2.5201093e-01   4.5363605e-01  -2.3984687e-01  -2.9600899e-01   4.6964211e-01   9.7443847e-02  -4.4830377e-01  -3.1004431e-02   4.0168216e-01   6.2497505e-02   2.8612075e-01  -2.2001911e-01   2.8448442e-02   3.1313366e-01  -1.7095076e-01  -2.2348996e-01   4.8739220e-01  -3.8546387e-01   2.4759216e-01  -1.9654795e-01  -1.1295362e-01  -3.8351509e-01  -2.4304265e-01  -1.5070482e-01  -3.0668852e-01  -2.3620805e-01   2.2476765e-01  -4.2373194e-02  -1.0060681e-01   5.5367609e-02   2.0037075e-01   2.0256099e-02  -7.3903555e-02  -1.6765875e-01   9.6338841e-02   5.0237449e-01  -1.4577248e-01   3.9203926e-01   5.8303885e-01  -2.7801673e-01   4.4307001e-01   1.6032379e-01  -3.9925768e-02  -2.5488730e-01   3.5745915e-01   3.2561198e-01  -2.9449318e-01  -1.2306906e-01  -5.3417630e-02   3.1781986e-01  -2.6618371e-01  -6.0823552e-02   4.6497694e-01  -1.9366144e-01  -1.4489352e-01  -3.3692113e-01  -1.6876708e-01  -1.0454882e-01   1.3163040e-01   1.0812473e-01  -2.2243573e-01   6.5646847e-01  -2.2056317e-01  -1.6267789e-03  -1.3165408e-02  -2.9433318e-02  -6.4985530e-02  -7.9893179e-02   2.8873489e-01  -4.1181972e-02   7.5141641e-02   3.2445318e-01  -5.6513284e-02  -1.6756468e-01  -9.6304187e-02   3.4281869e-01  -8.0685516e-02  -4.8747098e-02   4.1884246e-02  -1.6811553e-01  -6.2056536e-02   1.2624288e-01  -3.2439836e-02  -3.2464263e-01   2.8622345e-01  -2.8306426e-01  -1.1131688e-01  -3.1648883e-01  -2.1010068e-01  -5.2105421e-02   4.5304555e-01  -1.0378535e-01   5.8527095e-01  -2.9563449e-01   2.3078209e-02   2.0677516e-02   4.9928986e-01   4.5941464e-01  -2.5879998e-01  -6.5358198e-02   2.8303820e-01  -1.0421291e-01  -2.4035199e-01  -2.3253727e-01  -5.9283780e-02   1.7822512e-01   1.7649296e-02   8.6325732e-02   1.6010325e-01   6.6916805e-02
   1.8631148e-01   4.9313497e-02   1.0200476e-01   1.4484938e-02   0.0000000e+00   2.8475921e-01   1.2356298e-01  -1.2848651e-01  -3.6043072e-02  -1.1966554e-01   6.2780056e-02   1.7004647e-01   2.6726373e-01  -2.0654276e-01  -3.7355864e-02   4.3191187e-02   1.5248754e-02  -1.1131521e-01   1.6166448e-02   6.7267446e-01   1.9217736e-01   1.1116409e-01  -4.4851116e-02   5.0218426e-02  -1.5987404e-01   9.9624568e-02   2.9310270e-01  -1.1866537e-01   1.1382104e-01  -1.2820632e-01  -9.6545371e-02   1.5532770e-02   1.3385191e-01  -1.4411648e-02   1.4554229e-02   5.0664597e-01   1.5311149e-01   1.0131223e-01   7.2721988e-02   8.3580555e-02   3.4296500e-01   2.5162711e-01   2.3506986e-01  -1.3443028e-01   1.0823509e-01   2.3473740e-02   2.2739191e-01   7.5841088e-02  -9.7890808e-02   7.4248543e-02  -4.5418038e-02  -8.2278349e-02   1.4209376e-01  -3.9232665e-02  -1.5870500e-01  -3.8193775e-01   4.7050776e-02  -2.8200421e-02  -3.7080292e-02   2.4502259e-02   8.7564108e-02   8.9285925e-02   1.3860224e-01  -1.0591394e-01   1.2617286e-01  -7.8462978e-02   3.4956368e-01  -2.9880792e-01   2.5159818e-01  -3.9173251e-02  -7.1910196e-02  -5.1822293e-02   1.9615156e-01  -6.6845576e-02   5.5882697e-02  -1.4502558e-01   7.9260967e-02   2.1209998e-02   4.9814005e-01   8.9575843e-02  -3.5805246e-01  -1.0855301e-02  -8.0735226e-02   3.9086815e-02   4.1285106e-02  -2.1628940e-01  -1.1778830e-01  -2.2451832e-01  -2.1272012e-01   1.1971097e-01   6.4416449e-01  -2.1666538e-03   3.0064763e-01  -1.0198284e-02   9.3619905e-02   4.4703458e-01   1.3013605e-01   3.2864634e-02  -2.1859348e-02  -1.1794839e-01  -2.3148080e-01  -1.4036188e-02  -1.7394808e-01   3.5202563e-02  -1.6720110e-01   1.3028012e-01  -3.8191979e-03   1.6195344e-01   1.3430962e-01   2.7376226e-01  -8.0702237e-02  -1.7445469e-02  -1.9325299e-01   2.0191866e-01  -2.7379438e-01   2.6200222e-01   2.2058692e-01   2.9372260e-01  -3.6184446e-02   2.1800227e-01   9.9841700e-02   6.6614486e-01  -2.8346455e-02   6.7518011e-02   1.2691329e-01   4.4792969e-02  -1.3431616e-01   1.0314828e-02   1.8549756e-02   2.5579590e-02   1.2648338e-01  -3.1854933e-02   9.6274055e-02  -8.8040867e-03   9.9439613e-02  -6.2475303e-02   4.6327218e-02  -3.5551279e-01  -8.0682882e-02   7.8929742e-02   1.5636955e-01   1.6824588e-02  -2.0423791e-01  -1.6751904e-01  -3.0493340e-01  -3.3741458e-01  -1.4720330e-01   5.1012923e-01   1.1869678e-01  -4.0017712e-02   1.3725573e-02  -2.6850740e-01   1.9244562e-01   1.2686312e-01   2.7796474e-01   8.3356607e-02  -3.9410727e-03  -2.1280913e-02   5.4498481e-02  -2.6839971e-01  -1.0477742e-01  -2.0890546e-01   9.5399935e-02  -1.7860538e-01   1.3655912e-01   2.3767796e-01   1.3346576e-01  -5.6229373e-02  -1.1501167e-01   2.5519342e-01   4.3924542e-01  -4.9528937e-02   9.8206273e-02   1.8641955e-01  -9.1351714e-03   3.3555758e-02   1.1040743e-01
  -2.1845864e-01   4.0797287e-02   1.7432966e-01   6.9050139e-02   2.8475921e-01   0.0000000e+00   3.7387625e-01  -8.5978354e-02   1.2323553e-01   2.7270173e-01   1.1369134e-01   3.1087217e-01   2.7883338e-01  -3.9610653e-01   1.8182297e-01   9.2891190e-02  -1.8299489e-02  -6.3909257e-02  -6.2405393e-02   5.7706489e-01   3.1475599e-02   1.6260897e-01   3.8997695e-01  -2.6684049e-01  -2.9283199e-01   8.9574368e-03   5.1104248e-01  -1.3835957e-01   1.4178911e-01   3.5414289e-02  -1.4770394e-01  -7.9681054e-02   2.4144224e-01   2.8037170e-01   7.9058881e-02   4.7673855e-01   8.6611001e-02  -2.8266813e-01   1.1445288e-01   4.6232455e-01   1.1858331e-01   2.3352290e-01   1.4446294e-01  -1.9581061e-01  -7.6378139e-02  -3.4487170e-01   2.7894647e-01   1.6332926e-01   3.4671979e-02   2.0567240e-02   2.8561135e-03  -2.0703059e-01   6.8640397e-02  -1.2773354e-01  -4.9082976e-01  -7.6426032e-02   4.8863012e-01  -1.7442364e-01   2.7598336e-02   1.3224489e-02  -1.9223583e-01   7.0812553e-02   1.3192249e-01  -1.8396517e-01  -2.7056235e-01   4.1017636e-01   6.4590443e-01  -2.1325766e-01   3.7109528e-01   1.5207174e-01   9.8876082e-02   1.0593034e-01   4.4662675e-03  -1.9951843e-01  -1.4874752e-01  -1.9877584e-01  -1.9295213e-01  -2.0149486e-01   1.6501109e-01  -1.6894687e-01  -2.7069542e-02  -1.2558200e-01  -7.6193010e-02  -3.9053522e-02  -2.0065487e-01  -2.9706926e-01  -1.4101224e-01  -4.6818035e-01  -2.3539215e-01  -2.3321851e-01   4.5318341e-02  -1.5646398e-01   4.0251276e-01   1.1484107e-01  -2.1100764e-01   3.3126280e-01  -4.8678218e-02  -4.5853296e-02   8.8997548e-02   1.4900611e-01  -3.5783590e-01   3.2213145e-03  -9.3280013e-02   4.7463648e-02  -9.9735092e-02  -6.5538765e-02  -3.2412821e-02   2.6931568e-01   2.1088781e-01   2.5228634e-01   6.5749711e-02   1.0084843e-01   5.9372904e-03  -1.6726376e-01  -2.9378684e-01   1.1462177e-01   1.1288817e-02   1.0948442e-01  -8.4364041e-04   1.4509353e-01  -3.0281336e-01   3.8424074e-01  -2.3817111e-03  -1.8172440e-01  -2.6962801e-01  -7.2458851e-02   6.9317613e-03  -1.8688459e-01   1.2440793e-01   2.9601421e-01   2.3109115e-02   3.2051103e-02  -1.6451219e-01   9.6290084e-02  -7.3893888e-02  -2.2046156e-01   5.2162127e-02  -1.1493231e-01  -1.7576262e-01  -3.5045012e-01  -2.6877732e-01   2.0504999e-01   1.2718546e-01   4.5201631e-01   2.8792422e-02  -4.5848543e-01   2.5960599e-01   1.5168321e-01   6.2626736e-01   1.1710587e-01  -3.5334648e-01  -2.1843714e-01  -2.7733629e-01  -6.3175732e-02   2.7687408e-01  -2.0170338e-01  -1.7550449e-01  -6.1883392e-02  -1.8782344e-01  -6.4662117e-02  -1.5862573e-01  -1.6005546e-01   2.5426267e-01  -1.0275038e-02   1.0201698e-01   9.0812972e-02   1.7714776e-01  -3.4034859e-02  -3.1960867e-01   8.6153087e-02   2.7146603e-01  -1.9114223e-01   1.3976028e-02   3.8044620e-01   7.3619799e-02  -1.6721534e-01  -7.0918823e-02
  -2.6712221e-02   9.1844818e-02  -1.9614006e-01  -9.7384793e-03   1.2356298e-01   3.7387625e-01   0.0000000e+00   1.6228368e-02   2.4805831e-02   2.0403353e-01   3.0949290e-02   3.1592727e-01   7.1420071e-02  -2.9463094e-02   4.3188765e-01   2.3263218e-01  -2.8465867e-01  -2.0027855e-01  -3.0611943e-01   3.7634349e-01   4.1929577e-02  -1.1888183e-01   1.9141515e-01   1.0198361e-01  -7.4184556e-02  -4.0629769e-02   2.7397089e-01   1.0196507e-01   3.7271236e-01  -2.7342810e-02  -2.2796733e-02  -1.4020975e-02  -7.8229093e-02   4.1520355e-01  -1.9518092e-01   2.2050556e-01   9.6773465e-02  -2.3125470e-01  -1.4061131e-01   1.6765082e-01   6.4185128e-02  -4.1037248e-02   2.7547741e-01  -1.4675949e-01   2.6739092e-01  -2.4778262e-01   4.4246316e-02   2.0665148e-01   2.7529310e-01  -6.1343631e-02   1.3597159e-01  -2.1687196e-02   1.0179254e-01   7.5902816e-02  -1.7790504e-01   8.2901163e-02   2.9997459e-02   1.9565712e-01   2.3119903e-01  -7.9887889e-02  -2.1896969e-01   3.6884019e-01   1.1613579e-04  -1.2213742e-01   8.9803681e-02   2.2393890e-01   3.5878324e-01  -1.3274396e-01   2.3165995e-01   1.1844526e-01   1.2659424e-02  -6.6392824e-02  -2.1696509e-01   1.2200265e-01  -2.1438846e-02  -2.6626589e-01  -3.0179368e-01   2.4998354e-02   4.1484323e-01   1.1763082e-01   9.3839318e-02   1.2147829e-01  -1.4995335e-01  -2.7972930e-02  -6.7168661e-02  -1.5925999e-01  -6.4497090e-02  -2.8546503e-02  -7.7608951e-02  -8.6219795e-02   8.8131097e-02  -1.6233521e-01   1.7078581e-01  -2.5433997e-01  -1.9572219e-01   1.7978954e-02  -2.7001843e-01  -9.1679248e-02   5.3986612e-02   3.4607607e-01  -1.7576263e-01   3.5269940e-01   3.5435624e-02  -1.5093816e-01   1.9251561e-01  -2.6339445e-01  -3.4076796e-02   1.6758461e-01   4.7281112e-01  -2.0589974e-03   2.6949757e-01   2.2760174e-01   2.1724926e-02  -5.6925261e-02   4.1256623e-02   2.4906045e-01   1.1207315e-01  -1.1273881e-02  -2.6666986e-01   1.5817002e-01  -2.6128805e-01   3.4187212e-01   1.1272261e-03  -3.6851259e-02  -2.2901041e-01  -1.8989463e-03  -1.0845707e-01  -1.7394210e-01  -1.3565525e-01   6.6560269e-03   9.7316507e-02   2.3428769e-01  -2.4000639e-01   3.3855034e-02   1.7891523e-01  -6.1974300e-02  -2.9021658e-02   2.2150271e-02   4.9481914e-02  -2.2724842e-01  -3.9545744e-02   6.8465672e-02   5.8236672e-02  -8.4755230e-03   4.0914529e-01  -1.0751096e-01   1.4244027e-01   9.6613768e-02   2.4978887e-01   1.9043306e-01  -4.3338182e-02  -2.6166495e-02  -1.1037840e-01   2.6505795e-01   8.0813027e-02  -1.0343270e-01  -1.2862002e-01  -4.6158686e-02  -1.4684503e-01  -3.8010032e-02  -1.7184756e-01  -2.0996745e-03   9.9042480e-02   5.2685233e-02  -1.4215610e-01   5.2408916e-01   5.1736596e-01   9.3199268e-02  -8.1573533e-02  -1.3209339e-01   4.5688079e-01  -2.3716838e-01   1.1157502e-01  -7.1232730e-02   6.8526407e-02  -3.5876137e-02   1.4133520e-01
  -1.5812578e-01  -4.6140806e-01  -2.7526100e-01   4.1240216e-01  -1.2848651e-01  -8.5978354e-02   1.6228368e-02   0.0000000e+00  -7.9651481e-02   1.0664440e-01   5.1763086e-01  -4.2224001e-01   6.6511489e-02  -2.2719930e-01   1.0927098e-01   2.4801226e-01  -2.8083226e-01   5.2441663e-01  -3.5827258e-03  -4.2687267e-02   3.1591892e-01   2.4624996e-01   4.2144064e-01  -9.1253254e-02  -1.7302469e-01   2.8093698e-01  -9.8332666e-02  -5.1647968e-02  -2.4976668e-01   2.2662399e-02   2.0442780e-01   1.7375372e-01  -8.6101036e-02   3.9510533e-03  -1.5750625e-01   1.6218570e-01  -3.6288510e-02   2.4550762e-01   1.9965780e-01  -2.7340249e-01   2.8671477e-01  -7.4714898e-02  -3.2169887e-01   5.5849532e-01   7.5180846e-02   1.5158686e-01   2.9914211e-01  -1.6767703e-01  -8.5948840e-02  -4.0542538e-01   4.1640443e-01   5.8235713e-01  -3.5877702e-01  -1.5388078e-01  -1.2750150e-01   3.4660536e-01   2.6731585e-02   1.6560293e-01   3.5526745e-01  -2.1642614e-01   9.8785224e-02   8.4910778e-02  -2.9551412e-01   3.2416221e-02   3.7187139e-02   7.6112279e-02  -1.8414410e-01  -1.6071287e-01   4.6367431e-01  -2.4047409e-01  -3.1398455e-01   3.5067731e-01   1.8492399e-01  -3.5951065e-01  -1.0458021e-01   4.2786478e-01   2.3603317e-01   3.4483160e-01  -2.3932981e-01   1.8741032e-01   3.0437072e-01   1.3149046e-01  -2.6614393e-01   4.9767442e-01  -3.3938931e-01   4.1505411e-01  -3.0953010e-01  -2.0294742e-02  -1.8447315e-01  -9.4403863e-02  -1.0143778e-01  -8.2508158e-02  -2.5542815e-01  -1.2197541e-01   2.1273893e-01  -1.1812289e-01  -3.0715867e-02   3.4782130e-01   2.3576517e-02   1.2787138e-01  -1.0424887e-01   8.2403407e-02   4.2210157e-01  -9.4261581e-02   3.0644694e-01   3.6847720e-01  -3.1455887e-01   5.4174951e-01   2.0856476e-01   1.5021384e-01  -1.9852312e-01   2.2111586e-01   2.2480763e-01  -1.2037830e-01   6.9334204e-02  -2.9577778e-01   2.9333427e-01  -4.6587514e-02  -3.5913430e-02   1.1541311e-01   4.4182065e-02  -2.2118132e-01  -3.2173893e-01  -1.6418350e-01   1.2850528e-01  -7.1520699e-03   5.5106038e-02  -2.6077224e-01   2.6714182e-01  -3.2355425e-01   2.4712247e-01   1.0896078e-02  -3.4768351e-01   4.5681860e-02   2.8035085e-02   4.8360305e-01   1.5660053e-02   1.9107783e-01   4.0566164e-01  -3.8432722e-02  -1.0214596e-01  -1.8369893e-01   4.2106496e-01  -2.4980043e-01   6.4697602e-02   1.7246419e-01  -1.5282317e-01   8.6686949e-02   2.3224134e-01  -3.9662321e-02  -1.4495482e-01   3.7006388e-01  -2.0319298e-01   1.4443492e-01  -4.4149430e-01   3.7913683e-02   1.2999882e-01   4.7101362e-01  -2.4680930e-01   5.6642539e-01  -9.2388469e-02   4.7627111e-01   4.3005668e-02   4.8620751e-01   7.8988025e-02  -3.0805878e-01   1.9356879e-02   1.0478613e-01  -1.7729588e-02  -2.5914872e-01  -7.8935648e-02   1.6535606e-02   3.1460572e-01  -1.5430972e-01  -1.3023476e-01   2.5088578e-01   1.5366980e-01
  -9.7912137e-02   5.7567703e-01   8.4343041e-02  -1.4625673e-01  -3.6043072e-02   1.2323553e-01   2.4805831e-02  -7.9651481e-02   0.0000000e+00   2.4410293e-01  -5.2288313e-02   2.0054747e-01   3.6840777e-02  -1.8477634e-01   1.0443109e-01   3.1695521e-02   8.7057992e-02   2.5977607e-01   1.1845426e-01  -1.0871861e-01  -1.6418750e-01   9.1013796e-02  -6.4148455e-02  -6.9734684e-02   2.4154477e-01  -1.0763782e-02   9.6419161e-02  -1.2899515e-01   3.3678052e-01   4.4452500e-01   1.0655170e-01  -6.6185009e-02   2.2692797e-01   1.2086617e-01   2.8192377e-01  -1.6406358e-02   1.7566459e-02   8.6986065e-02   2.5890449e-01   3.7000474e-03   5.0820934e-02   1.6591654e-01   2.7734415e-01  -2.7911288e-01   2.3320813e-01  -6.3459406e-02  -7.5829705e-02   5.5481512e-01  -7.3455098e-02  -7.8134057e-02  -4.7200369e-02  -8.1161297e-02   5.7959287e-01  -5.6657927e-02  -5.4075698e-02  -2.6165786e-01   2.1188580e-01  -7.1524773e-02  -3.6280794e-02   5.4130546e-02   4.0676828e-02  -1.7081388e-02   6.6814809e-01   6.9012009e-01   2.8003059e-01   2.2420437e-01  -3.5142741e-02   7.8773504e-03  -1.5763707e-01  -4.8621772e-02   2.2001645e-01  -1.2423938e-01   2.7951116e-01   2.7953134e-02  -1.1933483e-02  -6.2635308e-02   1.4878990e-02  -7.1262084e-02   2.1365709e-01   7.2331484e-02  -1.6809014e-01  -3.1318130e-02   1.8257280e-01  -6.1918614e-02  -3.6286690e-02  -6.0123921e-02   4.2426453e-01  -1.7251461e-01   2.0041668e-01   1.5388316e-02   2.2268919e-01   2.2901230e-02   4.2306685e-02   3.4638571e-01   7.1560420e-02  -1.5771893e-01  -5.9364601e-02  -3.2532110e-02   2.6598486e-01   8.6784613e-02  -3.4029380e-01  -4.6360133e-02  -3.2133445e-01   7.5990313e-01  -1.6923552e-01   3.2031861e-02  -1.3830241e-01  -1.5236208e-01  -4.8925665e-02  -4.2533663e-02   2.0306705e-01  -1.8245275e-01  -1.8310532e-01  -2.9103719e-02  -2.9572161e-01   4.6706530e-01  -1.6346467e-01   1.4242937e-01   4.7060432e-02   1.1530967e-01   5.1862322e-02   1.4421628e-02   1.8745766e-01   5.5619722e-01   8.3199483e-02  -2.7665933e-01   1.5666956e-01   2.1882099e-01   5.5747887e-02   1.7807180e-01   1.7317166e-01   8.6068799e-02   2.3136955e-01   5.7719341e-02  -9.9160341e-02  -7.3718526e-02   1.0792884e-02  -6.7655551e-02  -1.4436582e-01   7.7364510e-03  -1.0195475e-01  -2.0092396e-01  -2.1842035e-01   8.1647311e-02   4.3051939e-02  -8.3392966e-02   1.0474335e-02   1.2276401e-01  -2.1249411e-01   3.1585798e-01  -1.5332208e-01  -2.5071971e-01  -5.0866451e-02   1.7457196e-01   2.6549382e-01   9.0361345e-02   6.8361915e-02   1.2262613e-02  -6.1598128e-02  -1.8377686e-01  -1.8426996e-02  -1.1144337e-01   1.9857237e-01  -1.4847989e-01   2.3768630e-01   1.3798282e-01   1.3530234e-01  -2.3230834e-01  -2.4936964e-01   2.4698851e-01   3.4049142e-01  -4.5087757e-02   2.1102941e-02   3.6345543e-02   2.6770979e-01  -2.5853105e-01  -1.1477530e-01
  -4.4945770e-01   5.7099438e-02   1.5696399e-01  -1.3548758e-02  -1.1966554e-01   2.7270173e-01   2.0403353e-01   1.0664440e-01   2.4410293e-01   0.0000000e+00   2.8480754e-02   2.9674538e-01   3.0157983e-01  -2.9439656e-01   5.6719354e-01   5.7682532e-02   1.5177172e-01   5.9595488e-02  -3.0502006e-02   1.7478964e-01   4.0692557e-02   1.1793106e-02   2.9373170e-01  -4.8129662e-01  -3.4539490e-01  -9.9950039e-03   1.5957281e-01  -3.6300886e-01   1.2085484e-01   5.0100373e-02   2.7912008e-01  -1.8823916e-01   7.0316311e-02   5.8911650e-01  -2.8103396e-04  -2.5981357e-02   1.9679682e-01  -1.8493181e-01   1.7541453e-01   2.9288486e-01   4.4553041e-02   6.4638546e-02   1.9604139e-01  -1.6880150e-02   2.9114862e-02  -2.4139573e-01  -2.4602424e-01   4.3825891e-01   2.0425709e-01   1.9669110e-01   6.8709385e-02  -9.2720564e-02   2.2283132e-01   2.3826360e-03  -1.4122987e-01   6.0498956e-02   1.3457433e-02  -2.2744224e-01   2.1454397e-02  -1.8263481e-01   6.2857962e-03   6.1352029e-02   6.4500171e-02  -6.4654652e-02  -4.8223198e-02   6.7250361e-01   1.0784054e-01  -2.3585361e-01  -1.0930670e-02  -1.7681936e-01   5.5485029e-01  -7.3053160e-02   1.5862604e-01  -2.9547549e-01  -2.8667947e-01  -1.5298523e-01  -7.6917625e-02  -2.4523164e-01   1.0103467e-01  -2.6803915e-01   1.0745175e-01  -2.8699782e-02   2.1890460e-01   4.6898563e-02  -2.5716188e-01  -1.1959918e-01   2.8191917e-01  -2.4291304e-01  -8.7834278e-02  -4.2283318e-01  -6.1100394e-02  -9.1021855e-02   4.8374619e-01  -2.6347527e-02  -2.1475061e-01   1.6669512e-01  -1.2410143e-01   1.7895476e-02  -2.1423200e-01   6.4897832e-01  -1.9204382e-01   3.8172467e-02  -7.1084737e-02   2.0346691e-01  -2.7675957e-01  -4.7299615e-02   1.5175854e-03  -8.6035616e-02   3.8115101e-01  -1.5783262e-02   6.1602750e-01  -2.9064557e-01  -7.5850322e-02  -5.2390676e-01  -2.4324222e-01   1.7524807e-01  -6.0111156e-02   6.6141307e-02  -9.6491698e-02  -1.2310324e-01  -4.4309848e-01   1.3162187e-01  -1.6315020e-01  -1.4098090e-01  -2.9917616e-01  -4.4209081e-01   1.7993572e-01  -7.7826419e-02   1.8003876e-01   1.4431408e-01   2.0559916e-01   3.9451556e-01  -2.3531678e-01   4.0730748e-01  -1.3870054e-01  -1.8261030e-01  -5.5591535e-02   1.9268400e-01  -2.2359959e-01  -2.8728981e-01  -4.7230662e-01   1.3604071e-01  -1.6736455e-02   2.7879024e-01   3.8473731e-01  -5.7403951e-02   6.7659960e-01  -1.0044943e-01   3.6052789e-01   5.5955308e-01  -3.8006201e-01   9.8935819e-02  -3.6270392e-01   1.2555970e-02   1.1952884e-01  -2.6941844e-01  -1.1144705e-01   1.4161630e-01  -8.3587675e-02   9.4063417e-02  -7.9030609e-02   5.5777935e-02   4.7781244e-01  -6.0665103e-02   4.5353336e-02   1.9811119e-01   3.7009918e-02  -1.0577669e-01  -3.2840364e-01   2.5369277e-01   1.3267878e-01  -2.9548616e-01  -1.3341704e-01   7.1252994e-02   1.5645046e-01   3.4773045e-02   1.9806935e-04
  -6.7041539e-02  -5.0743873e-01  -4.5316430e-01   3.0815173e-01   6.2780056e-02   1.1369134e-01   3.0949290e-02   5.1763086e-01  -5.2288313e-02   2.8480754e-02   0.0000000e+00  -4.4672583e-01   1.0060766e-01  -2.8141254e-01   2.4085009e-01   9.6150240e-02  -5.1478030e-01   6.3428027e-01   3.3131448e-01   1.1371242e-01   5.4206162e-01   4.0170117e-01   5.4636091e-01  -7.9830035e-02  -2.4498044e-01   3.0861757e-01  -1.4020735e-01   3.5701503e-03  -1.7218601e-01   1.3710576e-01   3.9699368e-01   1.2663811e-01   6.0671469e-02   5.7832830e-02   1.7829423e-01   6.2473877e-01   2.1292298e-01   2.6275742e-01   2.6579779e-01  -3.7101680e-01   2.4697689e-01   2.3817773e-01  -4.1699392e-01   4.0828219e-01   1.2570795e-01   2.0672351e-01   7.1629651e-01  -1.7706645e-01  -2.0969075e-01  -5.4079392e-01   5.8405801e-01   3.4746631e-01  -2.2523297e-01  -4.5459432e-01  -1.2074327e-01   2.6906890e-01   2.0323630e-01  -6.8900455e-02   3.1290436e-01  -1.4325760e-01  -6.8681228e-02  -1.0185172e-01  -2.1476386e-01   1.1369179e-01  -1.0197572e-01   2.9866477e-01   2.7940622e-02  -2.3512528e-01   4.9002882e-01  -3.2723452e-01  -3.4138806e-01   3.3316170e-01   1.8197071e-01  -3.4856017e-01  -2.6718081e-01   3.8295680e-01   2.9708651e-01   1.0953937e-01  -1.0381771e-01   1.3646385e-02   2.7774556e-01  -1.4791198e-01  -1.0016041e-01   1.9953855e-01  -3.3205121e-01   2.8189907e-01  -2.9792924e-01  -2.1227856e-01  -1.4324010e-01  -8.9283649e-02   2.1436065e-02  -2.8755914e-01  -1.1373139e-01   1.1872440e-01   2.7412685e-01  -2.5877639e-02  -1.9678509e-01   2.2341630e-01   1.1497007e-01   4.3155638e-02  -1.5319280e-01   5.5095395e-02   2.9875112e-01   3.8654925e-02   3.5486987e-01   4.6566865e-01  -3.5606724e-01   5.3682027e-01   2.6071610e-01   3.9719823e-01  -2.4297524e-01   1.1295946e-01   1.6742415e-01  -1.7545897e-01  -2.8749014e-02  -3.0975790e-01   1.1822759e-01   2.4153114e-02  -2.7308824e-01   4.6511114e-02   2.0123840e-01  -5.9665914e-02  -4.6584776e-01  -2.0932405e-01   2.6371858e-01  -1.6667492e-02   2.4185503e-01  -2.9615956e-01   3.9615013e-01  -3.7199925e-01   1.5641269e-01   3.5951942e-01  -1.8122704e-01   2.1856012e-01  -2.5446810e-01   3.0397965e-01  -1.2938827e-02   3.4503201e-02   2.5143119e-01   1.1892917e-01   4.0727090e-02  -2.0010087e-01   5.7531530e-01  -2.9129704e-01   3.5100410e-01   8.7572480e-02  -1.0245459e-01   2.8161758e-01   3.9304241e-01   7.5597506e-02  -1.0042533e-01   1.6165505e-01  -1.6917084e-01   6.9675624e-02  -5.0295753e-01   4.7136116e-02   1.3108554e-01   5.4371397e-01  -1.4615300e-01   4.2762100e-01  -2.8308563e-01   5.5051783e-01   2.6108085e-01   4.9613342e-01   2.0082216e-01  -3.6257863e-01   1.8303934e-01  -1.1988907e-01  -1.5538447e-01  -1.7355503e-01   1.0147925e-01   5.9395358e-02   3.4283863e-01   1.5685205e-01  -2.1897377e-02  -2.1200674e-01  -3.2406558e-02
   4.8065401e-02   6.1627082e-01   5.2910495e-01  -3.8247470e-01   1.7004647e-01   3.1087217e-01   3.1592727e-01  -4.2224001e-01   2.0054747e-01   2.9674538e-01  -4.4672583e-01   0.0000000e+00   2.5506379e-01   6.2778460e-02   3.2503631e-01   1.0387528e-01   3.9075677e-01  -4.0096281e-01  -2.3031397e-01   3.0338278e-01  -2.1600815e-01  -3.3166061e-01  -1.9784410e-01  -6.5957388e-02   1.1318144e-01  -1.4380481e-01   2.7484780e-01  -1.1911103e-01   3.5524357e-01  -1.1242213e-01  -1.8339339e-01  -2.1406131e-01   3.8645797e-02   4.2796600e-01   1.6974416e-01  -2.1514572e-01  -1.0319870e-01  -4.2726137e-01  -1.0780852e-01   4.3763060e-01   6.2744320e-02  -4.4887438e-02   7.4744641e-01  -4.0885566e-01   1.7655860e-01  -2.7046926e-01  -4.2532993e-01   3.5843900e-01   1.5176441e-01   4.6804018e-01  -2.4796831e-01  -3.9809117e-01   3.8114339e-01   3.5233093e-01   1.9785808e-02  -3.1747404e-01   3.1649735e-02  -1.1722552e-02  -1.3608619e-01   2.7241035e-01  -2.3270224e-02   2.5082430e-01   3.4053207e-01  -2.4423799e-02   1.4049244e-01   3.0266354e-02   2.4668127e-01   6.5418187e-02  -2.7889809e-01   3.0627017e-01   5.0315393e-01  -2.3734034e-01   1.1612518e-02   3.3934656e-01   8.5667772e-02  -5.7042302e-01  -4.0559052e-01  -3.8103332e-01   3.3193897e-01   8.3772543e-02  -2.0396998e-01   1.6781979e-01   2.3459340e-01  -4.4291762e-01   2.5594420e-01  -3.4330667e-01   3.0951469e-01  -6.8000237e-02   6.3571259e-02  -1.0967786e-01   6.7840879e-02   1.4431689e-01   4.4677049e-01   5.4903037e-03  -4.2663541e-01   2.8419919e-01   1.2436172e-01  -2.5542009e-01   1.0224625e-01   2.0377223e-01  -3.0820313e-02   2.6620942e-01  -3.6101015e-01   1.2479368e-01  -2.8987529e-01  -5.1713278e-01   3.0967048e-01  -3.8040379e-01   7.9123032e-02  -2.6508650e-01   5.5333452e-01  -2.2864056e-01  -1.3242001e-01  -4.4995667e-03  -1.3074173e-01   2.9791138e-01  -2.1596278e-01   2.5205150e-01  -1.5449874e-02  -7.8820404e-02  -3.4466016e-01   3.3493610e-01   5.1738849e-01   1.9917092e-01  -3.1418415e-01   1.0178861e-02   8.3736927e-02   4.6670354e-02  -3.7895787e-01   4.6163980e-01   1.7620354e-01   1.1017167e-01   1.5512631e-01   6.0813028e-02   3.1791004e-01  -3.5454378e-01   2.1369444e-01  -4.1228241e-02  -2.9991675e-01  -3.0051251e-01  -4.8014708e-02   1.6990208e-01  -3.4693962e-01   3.8500041e-01   1.5168612e-01  -2.1069591e-01   4.3983041e-01  -1.9601957e-01  -5.9703696e-02   1.5875610e-01  -2.5857118e-03  -2.3435419e-01   5.8384179e-02   1.1218588e-01   6.6077095e-01  -1.7429740e-01  -2.6648813e-01  -3.9490603e-01   4.2639023e-02  -4.0194967e-01   1.3449508e-01  -3.3524713e-01  -8.9914488e-02  -4.3212614e-01  -2.0424730e-01   5.4995408e-01   1.7337143e-01  -1.9130065e-01  -1.2774108e-01   3.4478972e-01   1.8970705e-01  -3.8365964e-01  -7.3818332e-02  -8.1242091e-02   1.4445070e-01  -2.7634952e-02  -7.9145318e-03
  -1.7608216e-01  -1.1879596e-01   1.7523299e-01   1.8027094e-03   2.6726373e-01   2.7883338e-01   7.1420071e-02   6.6511489e-02   3.6840777e-02   3.0157983e-01   1.0060766e-01   2.5506379e-01   0.0000000e+00  -3.4325367e-01   2.5230051e-01  -1.0296988e-02   9.2795371e-02   5.0060672e-02  -1.9545812e-01   4.5322916e-01   2.2210725e-01   1.8011527e-01   2.9887394e-01  -2.6629547e-01  -2.9126672e-01   1.0875304e-01   2.9922362e-01  -3.4589931e-01   7.6974919e-02   3.6136398e-02  -4.4715603e-02  -2.8680305e-01   7.4448799e-02   2.5413138e-01   1.2679255e-01   2.1881249e-01  -4.7511216e-02  -1.7602822e-02   2.9804044e-01   2.5369477e-01   5.5828062e-01   1.5970170e-01   1.8370855e-01  -3.3192871e-02   6.3190987e-02  -1.1790078e-01   5.6722641e-02   3.9925628e-02  -6.0390146e-02   9.4541113e-02   2.1205910e-02   5.6387761e-02  -9.4915578e-02  -1.1496118e-01  -2.9922411e-01  -1.9556354e-01   2.4429314e-01  -2.2106163e-01  -1.1643020e-01   5.9943876e-02   6.3766649e-02   1.3203692e-01  -1.6990324e-02  -2.1893568e-01  -1.5605880e-01   3.5410125e-01   1.5875671e-01  -3.0830783e-01   2.8196413e-01  -2.0034542e-01   1.1697252e-01  -1.9831129e-02   3.4299460e-01  -2.5469917e-01  -1.1078019e-01  -4.9576217e-02  -4.6715207e-02  -9.9326569e-02   1.5228883e-01  -2.1350589e-02  -1.8608332e-01   2.0051450e-01  -3.1755609e-02   9.2776352e-02  -1.5213312e-01  -1.5559729e-01   4.1831760e-02  -2.7500100e-01  -2.9963356e-01  -2.0046143e-01   1.0457641e-01  -1.4729781e-01   3.7807574e-01   2.1318352e-01  -2.4236403e-02   3.0225672e-01   9.8356952e-02  -1.1036030e-02  -1.1996373e-01   2.9252754e-01  -1.6080153e-01  -7.1241175e-02  -5.0364243e-02   8.6301578e-02  -3.4807260e-01   6.4936756e-02  -1.5944852e-01   2.2278375e-01   3.1046987e-01   1.6897641e-01   1.2208573e-01  -1.8431119e-01  -7.3996295e-02  -1.5367409e-01  -2.7716727e-01   2.4085850e-02  -3.9092276e-02   5.7198447e-01  -4.0664215e-02  -1.1679920e-01  -1.9988167e-01   3.3088948e-01  -1.5736133e-01  -1.5387894e-01  -1.6807762e-01  -2.3202787e-01   1.8542720e-01  -5.8095896e-02   1.5078708e-01   6.9706483e-02   3.9131019e-01   3.3781581e-02  -1.4025305e-01   2.5183299e-01  -1.4054518e-01  -7.1603858e-02   2.2246647e-01  -1.3163425e-01  -5.7339541e-02  -8.5687907e-02  -1.9356608e-01   2.8034731e-01   1.8644099e-02   9.4955511e-02   4.0043349e-02  -2.2832584e-01   1.7949883e-01  -2.5323676e-03   4.4074843e-01   9.0958312e-02  -2.8148342e-01  -6.2715107e-03  -2.2119260e-01  -1.0100190e-01   8.8593199e-02  -7.6522996e-02  -1.1093438e-01   1.2584662e-01  -2.8244490e-02   1.7546023e-02  -8.2629861e-02  -1.6231041e-01   2.5265688e-01  -6.1410712e-02   3.7737680e-02   5.4725455e-02   3.5629857e-02  -2.2133179e-01  -3.9317664e-01   1.5168924e-01   8.1749845e-02  -1.4887594e-01  -2.1228871e-02   7.4247222e-02   1.2565035e-01   8.8968358e-02  -8.6977965e-02
   4.2217564e-01   1.5415023e-01  -1.0968381e-01  -8.8120505e-02  -2.0654276e-01  -3.9610653e-01  -2.9463094e-02  -2.2719930e-01  -1.8477634e-01  -2.9439656e-01  -2.8141254e-01   6.2778460e-02  -3.4325367e-01   0.0000000e+00  -7.9789616e-02  -6.5772122e-02   3.6899490e-02  -1.6832286e-01   1.0268492e-01  -3.9290153e-01  -1.6349375e-02  -2.1966394e-01  -4.0795182e-01   4.4244032e-01   8.8606739e-02  -1.8995758e-01  -4.7433187e-01   5.5223648e-01   1.1232331e-01  -1.9279209e-01   4.2926263e-02  -6.7349324e-02  -7.4149594e-03  -9.2037567e-02  -1.9106003e-01  -4.4521173e-01  -1.1886393e-01  -4.7168361e-02  -1.5352784e-01  -2.2652527e-01  -2.0301378e-01  -1.4833603e-01  -5.0948270e-02   1.5357796e-01   5.9341321e-02   1.4926307e-01  -3.5951265e-01   1.5631356e-02   1.3812419e-01   4.3704442e-02  -1.6690142e-01   1.7175910e-02  -2.0864792e-02   2.2046648e-01   6.1147669e-01   1.4164781e-01  -3.1203364e-01   2.2592171e-01   1.2701752e-01   9.3435845e-02   1.4031549e-02  -6.1949643e-02  -5.7755559e-02   4.5011187e-02   2.9465846e-01  -4.8926385e-01  -8.0630083e-02   1.1480961e-01  -4.1868791e-01   2.3085108e-01   8.1120363e-02  -2.8885946e-01  -1.5141362e-01   5.9716398e-01   2.0073465e-01   3.8085280e-04  -1.8979445e-01   1.2956877e-01  -1.3006355e-01   3.2450441e-01   2.9536995e-01   1.2645504e-01   2.7638676e-01  -8.2899225e-02   5.8777787e-01   1.8707652e-01   3.3113055e-01   5.6048651e-01   9.3636056e-03   4.1469647e-01  -1.5218725e-01   1.4968008e-01  -1.4199896e-01  -1.7762608e-01  -4.6123946e-02  -1.9396796e-01   8.9229948e-02  -1.3860257e-01  -8.6600198e-02  -1.2485816e-01   6.3558811e-01   1.6185766e-01   1.8436240e-01  -1.0845216e-01   1.1440421e-01  -2.2817081e-01   2.3839339e-01  -4.1435060e-01  -2.9958543e-01  -2.2681023e-01   5.4614200e-02   8.0298902e-02  -2.2677973e-02   3.5769028e-01   5.9947092e-01  -7.7486073e-03  -3.6229692e-03  -1.0260254e-01   2.5260578e-01   1.9624666e-03   2.4104871e-01  -1.3319419e-01   1.0211356e-01   1.9250961e-01   1.1905452e-01   3.6692181e-01   3.7063753e-02   1.2963931e-01  -2.6056525e-01  -8.5738099e-02   8.3690637e-02  -5.5926813e-02   4.0195040e-01   3.1560392e-02   1.6154498e-01   2.1177660e-01  -1.7511448e-02   2.8240554e-01   1.4700394e-01   2.4000158e-01   4.4427740e-01  -5.3602272e-02  -1.4238265e-01  -1.3150155e-01   5.5314058e-02   5.5937346e-01  -1.6405558e-02  -3.1396658e-01  -5.6376948e-01  -7.2412361e-02   5.9763321e-01   3.6299520e-01   4.0271060e-01   1.6337728e-01  -6.8041359e-03   2.0145942e-01   6.8093195e-02  -2.1112265e-01   9.5060499e-02  -6.2413717e-02   4.8233162e-02   9.1252748e-03  -3.6114175e-01  -4.1424401e-02  -3.3760797e-01   1.4683997e-01   6.7742618e-02   1.7566672e-01   3.8506913e-01  -7.5732466e-02  -2.6929880e-01  -2.3195521e-02  -6.9837771e-02   1.3731658e-03   2.2311686e-01  -4.9652895e-02   6.5510992e-02
