   0.0000000e+00   1.6344231e-02  -8.7855518e-02   8.5421033e-02   1.6602670e-01  -2.6227022e-01  -4.3073539e-01   1.2052988e-02   8.3946981e-02  -1.6191964e-01  -3.8409650e-03  -7.8981120e-02  -2.6678047e-01   5.0875642e-01  -3.0423836e-01  -1.0692426e-01  -2.2507382e-01  -2.0532578e-01   8.1876803e-02   1.6629355e-01  -4.6663642e-01  -1.2409719e-01  -4.7082916e-01   7.8302891e-01  -5.6461311e-02   8.9407136e-03   1.6630787e-02   2.9638254e-01   1.0138964e-01  -2.1005791e-01  -3.3033172e-01  -3.2711402e-02   2.6316035e-01  -3.2034555e-01   8.1307024e-02  -2.7482748e-02  -2.0755687e-01   2.2382137e-01  -1.4455708e-02   1.3646432e-01  -1.4894219e-01   1.7583847e-01   1.4825500e-01  -2.4857505e-01   7.1894091e-02   2.2657726e-01  -1.4244640e-01  -3.5063872e-01  -1.5270187e-01  -1.0698470e-01  -3.0782246e-01  -1.1717572e-01  -3.6468743e-01   6.0545750e-02   2.2204368e-01  -2.3003531e-01   1.4340335e-01   6.9624804e-03  -1.7522431e-02  -2.6645396e-02   1.4986246e-01   2.1612174e-02   1.8489500e-01   7.6380683e-02   1.9243531e-01  -2.3845359e-01  -1.3050874e-01  -7.9911946e-02  -1.0227858e-01   2.2349004e-01  -2.6441383e-01  -1.3254778e-02  -8.8966777e-02   1.9306962e-01   6.4413294e-02  -1.7439755e-01   3.2272934e-01  -1.5172277e-01   2.4958299e-01   1.1447702e-01  -1.9671155e-01  -1.8568364e-01  -3.9255817e-01   3.8119450e-02   2.4201488e-01   3.5373147e-02  -1.6663101e-01   6.0821359e-01   7.2954856e-02   7.0242588e-01   1.6305083e-01   2.6155838e-01  -2.2944884e-01   1.0981004e-01   2.3289853e-01   1.4012031e-01  -3.5454440e-02   9.0968986e-02  -1.0696030e-01  -1.9835968e-01  -1.3026317e-02  -1.9140625e-01  -3.4530574e-01   1.2037903e-02  -2.4443759e-02   6.4416569e-02  -1.3334752e-02   1.3173997e-01  -1.8342277e-01  -2.8628349e-01  -8.9871703e-02  -1.5328760e-01   7.1372199e-02   6.7273288e-01   2.1485948e-01  -1.3200102e-02  -5.3224388e-02  -1.5615516e-01  -1.5415851e-01   4.2126612e-02   4.7326454e-01   1.6469587e-01   1.3069376e-01  -2.4401396e-01   3.9552099e-01   2.2651239e-01  -6.3394818e-02   6.6411438e-02   5.3912152e-02   1.3129781e-01  -4.2133701e-02  -2.9755813e-01   3.1084828e-01  -4.0037282e-01   6.1392416e-02  -1.5075918e-01   2.5213205e-01  -3.5434669e-01  -9.5242300e-02   5.0579165e-01   6.1796527e-01  -2.2198309e-01   1.2540684e-01  -1.4212434e-01  -2.6818610e-01  -3.0179337e-01  -3.1987180e-01  -2.6464773e-01  -1.1648211e-01  -2.0152738e-01   5.0049980e-01  -2.7381404e-01   4.6003797e-01   2.1961778e-02   2.0082761e-01   4.8172830e-01   4.5680523e-01  -1.3997259e-02   3.1032214e-01  -1.6601200e-01  -1.2924433e-01  -3.1131282e-02  -3.4490164e-01  -1.6277897e-01   3.2517933e-02  -5.3027118e-02   2.2667370e-02   6.9598884e-02   3.7105757e-01   2.8659910e-02   1.7205571e-01   2.1073846e-01   3.4609220e-03  -1.2031714e-01  -2.7410951e-02   1.2709781e-01  -1.6532608e-01
   1.6344231e-02   0.0000000e+00   4.5130064e-01  -2.8416138e-01   2.4768359e-01   4.2440471e-02  -1.5767440e-01  -4.1063244e-01   1.0237268e-01   2.2615704e-03  -5.5453829e-01   5.6486028e-01  -3.8199607e-01  -4.0464714e-01   5.1360797e-01   3.1740081e-02   4.3974551e-01  -3.1450196e-01  -1.9884804e-01  -3.2155844e-02  -2.8290252e-01  -4.1697088e-01  -3.8705225e-01  -9.1264612e-02   2.2248215e-01  -2.6391521e-01  -1.8331678e-02  -2.7875807e-01   7.7011416e-02   1.7251601e-01   2.4680932e-01  -2.2706472e-01  -1.6417767e-01   2.8498264e-01   9.7577883e-03  -1.5894656e-01   3.1384413e-01   2.5721351e-02   3.4860950e-02   3.6922603e-01  -3.5498659e-01  -2.8471588e-02   2.2290260e-01  -2.3364878e-01  -3.6400786e-02  -4.9161907e-01  -2.9119616e-01   1.0171736e-01  -1.0821536e-01   4.2671976e-01  -5.8629383e-01  -2.4744856e-01   2.9335920e-01   2.5344858e-01  -1.8850698e-01  -2.4388619e-01  -1.8175149e-02  -4.0280653e-01  -4.0464051e-01  -1.0558693e-01  -4.0203880e-01  -3.5036952e-02   2.1781749e-01  -9.0620959e-02   4.4436963e-01  -4.8710886e-02   1.0622360e-02   1.3265037e-01  -5.2722788e-01  -2.0905696e-01   6.1018592e-01  -3.1462332e-01   1.9281246e-01   2.3529924e-01   2.7832185e-01  -5.7293333e-02  -4.1228603e-01  -1.9729428e-01   6.4871849e-01  -4.9608452e-02  -5.1813179e-01   1.0580232e-01   1.0909385e-01  -2.4824149e-01   1.9100859e-01  -9.5500604e-02   1.1476864e-01  -2.1235631e-02   3.1303187e-01  -1.7006694e-01   6.3620586e-01  -2.9233260e-01   3.8468517e-01  -1.9737091e-01  -3.5352088e-01  -2.2890607e-02  -3.5139285e-02  -1.0391696e-01  -1.2975173e-03   1.3062852e-01   6.5302127e-02  -3.6711348e-01  -5.5358588e-01   8.5536552e-02  -4.1586001e-01  -1.0555747e-01   1.7774385e-01  -3.4111034e-01  -1.2739544e-01  -1.5003970e-01   3.9502824e-01  -2.4763803e-01  -1.3555476e-01  -2.0513715e-01  -2.7732891e-02   7.0002400e-01   1.3671426e-01  -1.6154324e-02   6.3757306e-02  -2.3047606e-01  -4.2043166e-01   3.8070151e-01   1.4545365e-01  -9.2019898e-02  -3.4323670e-01  -2.0263573e-01  -6.6306847e-02   2.2498257e-01  -3.7087813e-01   1.7138464e-01  -4.0452685e-02  -1.8229773e-03   2.1691966e-01   3.8606551e-02  -2.5019676e-01  -2.6124451e-01   2.8655514e-01  -3.1493501e-01  -1.9043410e-01   1.1584814e-01  -9.9721616e-02  -2.4173894e-01  -2.9448472e-01   1.4065695e-01   2.0175717e-01   1.7365231e-01   3.4621502e-01  -3.4082761e-02  -3.4175932e-01   2.4393432e-01  -4.7143188e-02  -4.4849800e-01  -1.4499559e-01   1.5557151e-01   7.4009536e-01  -4.4176255e-02  -4.4095972e-01  -3.0652150e-01  -3.1872716e-01  -6.8349553e-01   2.6043553e-02  -2.6343799e-01  -1.1994778e-01  -4.1539574e-01  -1.2440115e-01   5.9255725e-01   4.8501443e-02  -3.8463263e-01  -3.0419448e-01   6.6198754e-01   4.3165422e-01  -2.0600236e-01  -2.0514883e-01   4.5316384e-01   2.5438418e-01   1.1887147e-01  -1.9588044e-01
  -8.7855518e-02   4.5130064e-01   0.0000000e+00  -2.8823274e-01   2.8864689e-01   4.0043437e-01  -1.4509699e-02  -1.5747250e-01   1.1719414e-01   2.2039038e-01  -2.6303330e-01   6.4367519e-01   3.1293397e-02  -4.0259096e-01   3.5318445e-01   5.4811146e-02   8.6647105e-01  -2.1682715e-01   1.2640339e-01   1.1792733e-01  -6.9058040e-02  -1.7959323e-01  -1.1763296e-01  -3.2847303e-01   5.8512165e-02  -1.3753448e-01   4.9631067e-03  -2.3610547e-01  -1.5234448e-01   4.2979634e-02   2.7935664e-02  -1.4593547e-03   1.4680460e-02   1.7354481e-01  -1.3385346e-01   1.7219738e-01   1.2030775e-01   2.3881529e-02  -9.6382941e-02   2.4022012e-01  -9.7196017e-02   9.2600135e-02  -1.1598224e-01  -1.9005830e-01  -2.7662290e-01  -1.8986517e-01   9.3804425e-02  -1.1407808e-01  -1.8209414e-01   6.1795386e-01  -7.3792729e-02  -7.8501401e-02   9.9456372e-02   3.2267912e-01  -2.1319232e-01  -1.8664189e-01   8.8884192e-02  -3.4339303e-01  -4.0500588e-01   4.7355733e-02  -8.5633608e-02  -1.6854141e-01  -4.0812249e-02  -1.2730808e-01   8.5855869e-02   2.2285715e-01   2.6093902e-01  -1.1987906e-01  -1.5004587e-01   2.4218823e-01   2.8648619e-01  -3.2130617e-01  -6.4436486e-02   4.0424735e-01   1.2938444e-03   6.0266098e-02  -1.6342938e-01  -1.3986774e-01   4.3225297e-01  -2.5765855e-01  -3.0683094e-01   7.0294574e-02   5.8013722e-02  -2.1014845e-01   8.3626056e-02  -4.9297123e-02  -7.9161959e-02  -2.4666476e-01   1.1704103e-01  -3.2685095e-01   3.1849718e-01   2.4224549e-01   3.9265605e-01  -7.5716659e-02  -1.3948758e-01   8.8872964e-02  -1.5779692e-01  -1.3463297e-01  -1.6509249e-01  -9.5918126e-02  -1.2025766e-01  -1.4432393e-01  -3.8724710e-01   1.7390184e-01  -2.9995367e-01   3.9658976e-02   2.7156796e-01  -1.7987215e-01  -1.1042440e-01   2.5174086e-01   3.4355936e-01  -1.0990715e-02  -2.4938948e-01  -2.1225035e-01  -7.9606018e-02   3.0762616e-01   3.2219004e-02  -1.9642895e-01   1.9478283e-01  -1.1744427e-01  -3.1832842e-01   2.6919485e-01  -1.2025296e-01  -1.0560744e-01  -1.8454401e-01  -1.7701728e-01  -2.4162600e-01   9.7793195e-02  -2.6462188e-01   4.8036769e-01  -2.4938644e-01  -1.1559102e-01   3.0114619e-01   3.4615602e-02  -4.2417722e-01  -4.9078756e-02   2.5487713e-02  -4.0734096e-01  -3.4757026e-02   6.4871025e-03  -2.1595140e-01  -7.3584821e-02  -7.8771388e-02   4.6539274e-01   1.7541151e-01  -1.4030284e-01   3.3716261e-01   1.3685805e-01   9.0400160e-02  -3.6530417e-02  -2.0433990e-01  -3.3359984e-01  -2.4339661e-01   8.5769473e-02   4.9097539e-01  -1.8498181e-01  -3.1981952e-01  -2.8483089e-01   2.1128814e-01  -3.2751691e-01  -1.9716835e-01  -1.1702032e-01   7.3054847e-02  -1.5968159e-01   4.5087239e-02   1.2368152e-01   9.5469267e-02  -3.8588348e-01  -2.6088027e-01   2.3729331e-01   2.8612249e-01  -1.3439046e-01  -2.9756246e-01   5.4100148e-01   1.4985972e-01   2.4564774e-01  -3.3246775e-02
   8.5421033e-02  -2.8416138e-01  -2.8823274e-01   0.0000000e+00   1.8354425e-01  -4.3416090e-02  -1.9652929e-01   1.8120580e-01   5.3632652e-02  -1.3626298e-01   9.4458801e-03  -2.5642607e-01   2.6180343e-01   3.2784867e-01  -4.6004719e-01  -1.9814970e-01  -2.5714162e-01   2.8311867e-01   6.8207304e-02   4.0291670e-01  -1.8249530e-01   4.6117553e-01  -1.7441088e-01   1.4452103e-01  -1.0095575e-01   2.7838279e-01  -7.9932000e-02   9.0359156e-02   3.4227669e-01  -3.0450110e-01  -3.7244983e-01   3.9583543e-01   1.8438595e-01  -3.8147408e-01   3.1157335e-01  -1.5427548e-01  -2.0189902e-02   9.6262434e-02   2.2853368e-02  -1.2172453e-01   6.2384844e-02   1.1187016e-01   1.7358172e-01  -7.5699440e-02   2.3837964e-01   2.0491618e-01  -2.5924721e-01  -2.3130789e-01  -3.6132647e-02  -1.7785966e-01   9.8159684e-02   2.6918363e-01  -3.8592469e-01   9.3644743e-02   3.1215512e-01  -1.1092787e-01   2.7244442e-02   6.2844250e-01   3.2356113e-01   6.8505052e-02   2.9780695e-01   8.1162575e-02   3.9060298e-01  -2.0445971e-01  -1.3386557e-01  -2.5940334e-01  -1.0032908e-01  -1.8903030e-01   1.9781788e-01  -3.1508425e-03  -1.6940998e-01   4.2499356e-01  -2.7076729e-01   3.9290994e-03  -7.0698728e-02  -1.4490415e-01   2.8027053e-01   2.1632171e-01  -1.5310498e-01   2.0319655e-01   5.0255734e-02  -3.7776803e-01  -3.2859734e-01   3.2030056e-01  -1.9233178e-01   1.2200657e-01  -1.7525918e-02   9.6794277e-02   6.5955135e-02   1.8630000e-01   7.4650247e-02   3.8224242e-01  -2.8144213e-01   5.2299436e-01   2.6113045e-01   1.9782750e-01   3.1913788e-01   2.0048878e-01   1.1646500e-01   1.0623266e-01  -1.9514944e-01   8.9439828e-02   2.0935461e-01  -3.2048416e-01   5.9768562e-01   2.5377265e-01   2.8484258e-01   2.3692658e-01   8.2840156e-03  -3.0787080e-01  -1.7636119e-01   1.5094186e-01   4.3059260e-01   1.8107826e-01  -1.6617912e-01  -1.6280450e-01  -1.3177715e-01   1.2958572e-01  -3.7048050e-01   6.9858051e-01   3.1283025e-01   2.2865535e-01   1.0799563e-01   6.8314195e-02   1.7101608e-01   2.2177192e-01   2.1917419e-01   4.2769682e-01   7.0866770e-01  -1.5403850e-01   3.6094589e-02  -9.5330114e-02  -1.6806107e-01  -5.1595919e-01   5.2164122e-01   7.1810393e-02   2.2318915e-01  -1.0463557e-01   1.2031870e-01   2.3020303e-03   3.2136486e-01   2.4947429e-01   5.1181789e-02  -4.2065720e-01  -2.9286260e-01   2.2935828e-03  -1.8703426e-01  -1.7148591e-01  -1.7032646e-01  -7.2752125e-02   4.2034056e-02  -1.2559903e-02   2.3403669e-01  -1.3280792e-01  -9.8591095e-02   3.2969566e-01   4.0976290e-01   2.5884951e-01   1.5120326e-01   3.1817473e-01  -2.4173602e-01   1.2788269e-01  -1.0335588e-01   4.6351220e-01   2.8191112e-01  -1.3456531e-01  -2.1646682e-01   1.9758869e-01   4.0699731e-01  -1.1718310e-01  -2.8688062e-02   2.6602972e-01   1.6902789e-01  -2.7286176e-01   2.4614369e-01   6.9370708e-02  -1.3573559e-01
   1.6602670e-01   2.4768359e-01   2.8864689e-01   1.8354425e-01   0.0000000e+00   1.0203804e-01  -2.4795757e-01  -3.3839304e-02   1.3008133e-01   5.8261224e-02  -4.8379776e-02   4.0337635e-01  -1.3374862e-02  -6.9732501e-03  -1.5783490e-01  -2.5731585e-01   2.2507918e-01  -3.6842932e-02  -4.9716690e-02   7.9946841e-01  -3.6278194e-01  -1.0939756e-03  -3.0600418e-01   6.1344901e-03  -6.3813209e-02  -1.2056377e-01   7.5292643e-02  -2.4757762e-02   2.5170468e-01  -1.4088566e-01  -3.5272312e-01   2.6044038e-01   7.8113023e-02  -6.9680103e-02   3.8399199e-01   4.9915247e-01  -6.5513460e-02   6.3182988e-02  -3.1399441e-01   2.4255431e-01  -1.5952126e-01   3.6003878e-02   8.0305725e-02  -2.2294167e-01  -2.0778223e-02  -1.8408849e-02   4.3735722e-02  -3.7838480e-01  -1.4409671e-01   1.8937861e-01  -3.7771244e-02  -4.5952527e-03  -7.0602891e-02   2.2396566e-01  -2.2615246e-01  -3.4332812e-01   6.7255647e-02   1.1686962e-01   6.4463203e-03   2.3074103e-01   9.9690530e-02   1.8145971e-01   2.8648385e-02  -1.0178395e-01   9.3096117e-02  -6.2074950e-03   3.9400522e-02  -5.9727153e-02   4.1068543e-02   1.2446980e-01  -1.0992776e-02  -1.7854574e-01  -2.8232419e-01   2.9218599e-01   1.6642459e-01  -1.9588629e-01   9.0388110e-02  -9.0510384e-02   5.0221421e-01  -1.6186553e-01  -3.4944051e-01  -1.5450249e-01  -2.7272888e-01   2.2875474e-02   1.6954029e-02   1.5899495e-03  -1.3983467e-01  -4.3920291e-02   7.9732514e-03   1.4585617e-01   7.0684524e-01   1.9628026e-01   1.6569794e-01   1.9916991e-01  -4.9647551e-03   6.5469538e-01   7.5982633e-02   2.5755888e-03   6.4798825e-02  -3.6077201e-01  -2.6122204e-01  -2.1815064e-01  -4.5736793e-01  -2.8593341e-02   1.5105425e-01   3.0754864e-01   1.3124307e-01   6.9389391e-02  -1.1676683e-01   1.1832068e-02   1.9328836e-01  -1.0947993e-01  -1.3976140e-01   1.2542650e-01  -1.6405224e-01   3.2801693e-01   4.4146413e-02  -7.3827226e-02  -2.5054130e-01   1.5140432e-01   3.1158911e-02   7.2813507e-01   3.1743509e-02  -1.0356455e-01   6.8675900e-02   2.7374990e-01   3.1189988e-02   1.3321198e-01   1.2286446e-01   2.6330077e-01  -1.2893875e-01  -1.8498945e-01   4.9314265e-02  -4.1482069e-01  -1.6067165e-01  -1.1115809e-01   1.3163312e-01  -5.2209518e-01  -6.6835922e-03  -1.0703240e-02   4.6774776e-03   1.9456513e-01   1.8493459e-02   2.2730790e-02  -2.0511345e-01  -1.0547421e-01  -4.5864987e-02   2.3578753e-01   4.6445429e-02  -3.3058911e-01   3.0138536e-02  -5.6604423e-01   3.0788592e-02   2.6647056e-01   4.7020035e-01  -8.9983050e-02   7.6131113e-02   6.2123834e-02   1.6942522e-01  -2.5731744e-01  -9.2566396e-02  -1.3544407e-01   2.5952496e-02   8.3333157e-02   2.6939191e-01   9.2127110e-02   3.2275076e-01  -2.5273469e-01   1.3538220e-01   2.5047938e-01   4.5235202e-01  -2.1349994e-01  -1.6820714e-01   1.3208472e-01   1.8995799e-02   5.0914803e-02  -3.0150187e-01
  -2.6227022e-01   4.2440471e-02   4.0043437e-01  -4.3416090e-02   1.0203804e-01   0.0000000e+00   4.3272517e-01  -1.7884161e-01  -3.6482314e-01   1.6501374e-01  -7.5391025e-02   3.8873470e-01  -9.3615229e-02  -2.1809413e-01   3.2290411e-01   1.6746700e-01   4.2711479e-01   1.5372283e-01  -1.0347851e-01   1.4948919e-01   3.7201976e-01  -5.8175456e-02   3.4138046e-01  -4.1105435e-01   6.5766873e-02  -3.1779648e-01   1.8564485e-01  -1.6044692e-01  -2.4220679e-01  -1.6700136e-01  -1.1267153e-01   1.1374228e-01  -3.4699455e-02   2.9410644e-01  -1.2170145e-01   2.5837611e-01   1.6521910e-01  -2.0752604e-01  -6.1865847e-02   2.7510195e-01  -1.1105972e-01   1.1321985e-01  -1.8339115e-01  -1.7106154e-01  -1.5216692e-01  -9.7621439e-02   1.9228102e-01   2.8081071e-01  -2.2987536e-02   4.8081534e-01   3.7720418e-01  -2.3559657e-01   1.9817237e-01   1.9729789e-01  -3.2194072e-01   2.3338377e-02  -7.9759152e-02  -1.5663275e-01  -1.4396305e-01   1.7642057e-01  -1.0364135e-01  -8.4647922e-02  -6.0527297e-02  -4.0361398e-01  -3.9857926e-01   3.9721424e-01   6.4090050e-01   3.6007533e-02   9.2507507e-02   2.2870673e-01   3.7480267e-01   6.1674433e-02  -2.9599892e-02   1.5111842e-01  -1.7644157e-01  -4.6795788e-02  -1.5520344e-01  -2.6270276e-01   1.2954407e-02  -2.1762893e-01   4.3641881e-02   7.6854982e-02   2.8387438e-01  -3.8218278e-01   1.5923214e-01  -1.1769451e-01   1.0440753e-01  -3.4250118e-01  -6.9027628e-02  -3.1741866e-01   2.9569604e-02   8.7886377e-02   4.6683149e-01  -1.8817267e-01  -2.5545926e-01   1.4751254e-01   5.6887846e-02  -2.9038637e-01   1.2587316e-02  -5.8559735e-02   1.3215866e-01   2.2278629e-01  -5.3468397e-02  -1.3989060e-01   2.1568569e-03   7.2985608e-03   3.1437180e-01  -5.8427198e-02   1.8459778e-01   3.7836353e-01   4.2676631e-01   1.5940674e-01  -7.6827653e-03  -3.4498295e-01   2.7830317e-02  -1.6386964e-01  -2.7862777e-01  -1.2714249e-01   3.6930406e-01   5.4336388e-04  -3.8843428e-01  -5.6745572e-02  -2.1875370e-01  -1.8271959e-01  -2.0420512e-01  -2.3136723e-01  -4.1712456e-02   4.9751902e-02  -4.0229810e-02   4.6294129e-01  -5.6295233e-02   2.3048271e-01  -1.1397320e-01   1.1941227e-01  -1.4376796e-01  -1.3613212e-01  -1.1118905e-01   4.1156665e-02  -1.0932770e-01  -1.9308435e-01  -3.7342563e-01   2.6643824e-02  -8.5739203e-02   5.6336761e-01   2.6048075e-01  -1.7010621e-01   5.5343947e-01   1.7464082e-01   2.3299627e-01   1.0998903e-01  -1.3933853e-01   3.9568282e-03  -1.3580139e-01  -2.7172134e-01   1.6582977e-01  -2.9591067e-01  -3.2122412e-01  -1.6114902e-01   1.0027561e-01   8.3540143e-02  -1.5460735e-01  -3.2892668e-01   1.7344444e-02  -1.1420545e-01  -1.3536891e-01  -7.6692342e-02   2.6489932e-01  -1.9517029e-01  -2.4174176e-01   7.1962426e-02  -1.5922036e-01  -2.1072292e-01  -1.0548170e-01   4.1468309e-01  -1.8856855e-01  -3.4276288e-02  -1.5147593e-01
  -4.3073539e-01  -1.5767440e-01  -1.4509699e-02  -1.9652929e-01  -2.4795757e-01   4.3272517e-01   0.0000000e+00  -2.8860466e-01  -3.2199319e-01   3.9362151e-01  -2.5123700e-02   2.6123248e-01   1.6848377e-01  -3.1908350e-01   5.5349070e-01   2.5594052e-01   1.2232867e-01   2.0757759e-01  -2.4492624e-01  -1.0572895e-01   6.1327512e-01  -1.5247338e-01   7.5630906e-01  -4.0753818e-01  -1.8794093e-01  -3.5061823e-01   2.9682899e-01  -6.6595882e-02  -1.9796103e-01   2.0776271e-01   3.1811092e-01  -1.1963031e-01  -1.4145329e-01   6.7300928e-01  -7.2491847e-02   1.7673052e-01   2.6030290e-01  -3.3746044e-01   4.2158614e-02   1.4158932e-01   1.2726542e-01  -2.4461188e-02  -5.6638039e-02   9.0491600e-02   3.6214306e-02  -2.8135669e-01   2.0229240e-01   6.7740318e-01   1.3039246e-01   2.2220918e-01   4.2008090e-01  -3.3030290e-01   4.1593078e-01   1.2037590e-02  -2.6493834e-01   2.9515632e-01  -2.4144871e-01  -2.7103134e-01  -1.4172538e-01   2.9753252e-02  -3.1844933e-01   6.9142755e-02  -9.4521791e-02  -2.6756437e-01  -2.8923592e-01   5.8840629e-01   2.1892269e-01   8.2919034e-02  -2.9406352e-02   6.9179377e-02   3.3116559e-01   2.0783355e-01   1.9369917e-01  -3.0956088e-01  -1.6120829e-01  -1.3080397e-02  -3.7731505e-01  -1.0616414e-01  -2.8828896e-01  -2.0832048e-01   3.7828251e-01   3.0072089e-01   4.4804808e-01  -4.3276518e-01   1.5043725e-02  -1.6833283e-01   2.1589700e-01  -3.1565992e-01  -1.1293244e-01  -3.6923514e-01  -3.4552803e-01  -2.7038096e-01   4.4355410e-01  -1.8513129e-01  -2.6667935e-01  -7.2268300e-02   3.5350630e-02  -3.4368751e-01   1.9874121e-02   4.3898334e-01   2.3556407e-01   4.3906979e-01   3.1287371e-01  -2.0964612e-01  -3.7833510e-03  -2.7087317e-01   1.3066950e-01  -2.3535125e-01   5.3420524e-01   2.6364299e-01   3.7548251e-01   5.2033604e-02   5.4626869e-02  -4.9898718e-01   2.6447416e-01  -2.3189729e-01  -1.5896904e-01   1.4261717e-01   4.0233889e-01  -1.4670916e-01  -4.0266750e-01  -3.0906917e-01  -9.6019530e-02   9.7503230e-03  -3.8410817e-01  -3.0095502e-01   3.0734200e-01  -3.4208071e-02  -2.0606534e-01   1.3262881e-01   1.3324413e-01   6.0916809e-01  -3.0686676e-01   5.8944119e-01  -7.7835825e-03  -2.4858040e-01  -1.4134073e-01   5.1643179e-01  -2.3824480e-01  -1.9891421e-01  -3.5269788e-01   6.3671609e-02  -2.5645485e-01   5.2157879e-01   6.2329152e-01   2.1055101e-01   6.1096047e-01   8.6715769e-02   2.0816044e-01   4.7419585e-01  -2.1098018e-01   4.3917974e-01  -1.5591510e-01  -3.1388317e-01  -2.2559468e-01  -3.8532417e-01  -3.7611273e-01  -1.1866577e-01  -3.3315133e-01   1.8894393e-01  -7.0112427e-02  -2.7482920e-01   3.5224337e-01  -1.0041053e-01  -3.3171059e-01   1.3818736e-01   2.6843156e-01  -1.1495919e-01  -2.3937036e-01  -9.8784903e-02  -2.1917299e-01  -2.7158837e-01   5.8369512e-02   1.6616378e-01  -3.4356599e-01  -2.3193221e-01  -1.3737988e-01
   1.2052988e-02  -4.1063244e-01  -1.5747250e-01   1.8120580e-01  -3.3839304e-02  -1.7884161e-01  -2.8860466e-01   0.0000000e+00   2.2058636e-01  -1.6872863e-01   3.1981320e-01  -3.8536158e-01   1.5701918e-01   2.7757202e-01  -5.7208382e-01  -1.3529381e-01  -3.1967211e-01  -7.9720571e-03   5.6919419e-01   5.1165085e-02  -3.6299905e-02   2.9575080e-01   1.2867655e-02   5.8961316e-02   6.1948140e-02   6.8447393e-01  -2.4594944e-02   2.4032656e-01   8.1357123e-02  -3.3209788e-02  -2.1092265e-01   1.7644050e-01   1.7624960e-01  -4.0986124e-01  -3.0350710e-03   3.4059702e-02  -3.9744945e-01  -1.0235395e-01  -1.9689587e-02  -2.1898814e-01   6.2467993e-02   7.5452462e-02  -1.2029034e-01   2.7679806e-01  -6.4038207e-02   1.7509961e-01   1.2324662e-01  -1.1209781e-01   5.3668713e-02  -3.6168355e-01   1.0966196e-01   7.9542694e-01  -2.3355331e-01  -7.3817789e-02   1.2506308e-01  -2.9319557e-02   3.0295809e-01   3.8179783e-01   2.5451699e-01   7.8358251e-02   1.5372499e-01  -1.9360992e-02  -1.0329557e-01   3.3891345e-01   5.5982619e-03  -1.0374913e-01  -1.4187233e-01  -6.5997155e-03   3.5031635e-01  -5.1904913e-02  -3.6200727e-01   3.5022057e-02  -3.0021479e-01  -5.4069094e-02   1.2624378e-02   1.3733233e-01   1.1953214e-01   3.7289823e-01  -3.1979115e-01  -6.1239482e-02   2.4685135e-01  -2.4601277e-01  -1.9151153e-01   7.4937984e-01  -4.5444004e-01   1.3857816e-01  -7.9815958e-02   5.2880758e-02  -1.6965762e-01  -1.4513367e-02  -2.6380892e-01   6.3048146e-02  -4.0677873e-01   1.7888596e-01   9.7553823e-02   7.1253990e-02  -3.2526876e-02   6.8840362e-01   2.4365994e-02  -3.1795943e-01  -2.9337467e-01   1.2265444e-01   2.0619986e-01   1.6675957e-01   9.4816784e-02   3.6462843e-01  -3.2548798e-01   7.3101790e-01   1.8619400e-02  -8.2804949e-02  -3.7049727e-01   4.2405695e-02   1.3144033e-02   1.0660469e-01  -1.1224012e-01  -2.9295874e-01   4.1903502e-01  -1.4669156e-01  -3.4761559e-01   2.6782245e-02   1.3922274e-01  -1.2365294e-01  -2.5547850e-02   2.1496734e-01   1.1082657e-01   4.1566966e-01  -2.2684992e-01  -4.5681194e-02   2.9666831e-01  -2.1283582e-01  -1.5544853e-01  -2.5424222e-01   1.7515116e-01  -2.6191986e-02   4.8101991e-02   6.1264698e-01  -7.6784831e-02   6.6498645e-02   4.3921797e-01  -1.6123458e-01   1.1068701e-02  -2.2537925e-03   2.9454386e-01  -2.8445933e-01  -3.2761455e-01  -3.8029575e-02  -3.9688070e-01   2.0014916e-01   4.3388711e-02  -3.6314983e-01  -7.3816744e-02   3.0228962e-01  -1.1434511e-01   2.6096673e-01  -3.5000566e-01  -8.7647460e-02   2.2821507e-01   8.7067738e-02   1.2730164e-01   2.7814083e-01   7.2572916e-02   4.6218809e-01   1.4136366e-01   3.1007251e-01   4.9488350e-01  -5.8602390e-01  -2.0729776e-01   2.6100452e-01   4.4336888e-02  -3.1282520e-01  -2.7860129e-01  -8.0652084e-02   6.9870185e-02  -5.1784314e-01   1.2361463e-01   4.8866634e-02   4.5020824e-01
   8.3946981e-02   1.0237268e-01   1.1719414e-01   5.3632652e-02   1.3008133e-01  -3.6482314e-01  -3.2199319e-01   2.2058636e-01   0.0000000e+00  -2.0091531e-01   1.7658158e-01  -7.9041681e-02   5.2641184e-02  -5.4782083e-02  -3.2961176e-01  -2.8594328e-01   9.1135907e-02  -1.3326789e-01   1.9036973e-01   1.5433354e-02  -1.5187809e-01   2.2006033e-01  -1.6607594e-01   3.2618718e-02   6.5779348e-02   3.8928808e-01  -1.9531042e-01  -5.7542761e-02   2.8283276e-01   2.6060760e-01   1.0359831e-01   2.4444969e-01   5.8365341e-02  -1.4972331e-01   1.8445074e-01  -2.9537234e-02  -8.7631107e-03  -8.3635970e-02  -2.2807263e-02  -2.3559943e-01   7.4974513e-02  -9.6311034e-02   5.6613078e-02   9.3559065e-02  -3.2401861e-01  -3.4474446e-02  -6.0851250e-02  -1.2102208e-01  -3.4435668e-01  -1.3384460e-01  -1.2454217e-01   1.9884139e-01   5.8352349e-02   1.0873937e-01   1.6078614e-01   2.7629895e-02   1.7773849e-01   1.5666881e-01   2.3539155e-01   8.5893386e-02   4.9841694e-02  -2.0814566e-01  -4.7720436e-02   5.2466503e-01   4.0511815e-01  -1.6077846e-01  -4.3567532e-01  -3.2214511e-01   2.7977868e-02  -1.3309607e-01  -1.0374783e-01  -3.4175614e-01  -1.7490251e-01   1.0514888e-01   3.9664440e-02   2.2470941e-01   9.8408387e-03   1.7057972e-01  -7.0500740e-02   7.2949438e-02  -1.1264141e-01  -2.8770517e-01   2.4861498e-03   3.6304367e-01  -3.1807055e-01   2.5801693e-01   1.3815585e-02   6.4289295e-02  -1.8998718e-02  -1.4867733e-01   4.1067970e-02   1.4609309e-01  -1.3415721e-01   5.0077973e-01  -1.0943228e-01  -1.5409888e-01  -2.3861940e-01   4.1257084e-01  -1.4614700e-01  -1.6043987e-01  -1.6291582e-01  -5.1926642e-02  -1.6294436e-01   6.3584360e-01   1.4959983e-01   3.2216721e-01  -1.2579142e-01   1.8705043e-01  -2.5696015e-01  -2.7646745e-01  -1.3132497e-01  -1.7181928e-01  -2.9540450e-01  -1.5455648e-01  -7.8997103e-02   1.5842838e-01   4.3962704e-01  -2.5310273e-01  -1.0151609e-01   8.1785976e-02   7.6183922e-02   1.1034764e-01  -1.6503421e-01   4.3176993e-01   6.5954970e-03   1.8172034e-01  -1.2011771e-01   2.3677937e-02   2.3484089e-01  -1.7978310e-01  -1.8649380e-01  -2.1563074e-01   1.7594951e-01  -1.4989380e-01  -1.7472004e-01   4.5481667e-01  -1.6158951e-02  -1.0424342e-01   3.2089580e-01  -1.4556366e-01  -1.5802811e-02  -5.9430927e-02   2.5713026e-01  -1.9344085e-01  -1.5899736e-01   3.1618736e-01  -2.5737882e-01   7.9985630e-02  -1.4451770e-01  -2.5266177e-01  -1.1949753e-01  -2.3437310e-02  -2.4998423e-01   4.7503144e-01  -9.4682217e-03  -5.8564482e-03  -4.5883389e-02   2.1867659e-01   1.4416665e-02  -3.1001889e-01  -1.8364268e-01   6.3458745e-01   2.4327774e-01   5.0876442e-01   2.3212606e-01  -3.6961252e-02  -6.5750569e-02  -2.7054601e-02  -1.4424758e-01  -2.5894175e-04   7.0163799e-02  -1.0040243e-01  -1.2637912e-01  -1.7626815e-01   2.5466966e-01   2.5168944e-02   1.7861117e-01
  -1.6191964e-01   2.2615704e-03   2.2039038e-01  -1.3626298e-01   5.8261224e-02   1.6501374e-01   3.9362151e-01  -1.6872863e-01  -2.0091531e-01   0.0000000e+00  -1.2806606e-01   3.1911206e-01   1.4816558e-01  -2.6073807e-01   4.0692969e-01   1.6143213e-01   1.5348322e-01   1.8637653e-01  -7.2973562e-02   6.6894560e-02   2.8472467e-01  -2.9248526e-01   4.1973198e-01  -1.3639241e-01  -1.7542695e-01  -1.8010590e-01   1.2251515e-01   1.4938806e-01  -1.1833824e-01  -8.7310522e-02   1.8251484e-02  -1.6788996e-01  -2.2900132e-02   4.9544089e-01  -6.7840686e-03   1.2643115e-01  -9.6135708e-02  -1.7215826e-01  -8.6001880e-02   3.3797312e-01   8.3074076e-02  -3.5259417e-02   6.7668363e-02   2.2968230e-02   8.7470122e-03  -2.9526315e-01  -1.0779092e-02   1.3621440e-01  -1.7879867e-01   3.4544466e-01   1.3831550e-01  -2.4011674e-01   3.0555987e-01  -1.6544371e-01  -3.2268835e-01   5.4441774e-03  -6.0980422e-02  -3.1929466e-01  -1.8542155e-01  -1.1994200e-03  -2.9040054e-01   1.0807756e-01  -8.4717877e-02  -6.1971586e-02  -8.0607943e-02   6.5408428e-01  -5.3695306e-02   1.6602449e-02  -1.9779493e-01  -4.2068074e-03   1.1146911e-01  -1.8093585e-02   2.4302697e-01  -1.1912604e-01  -1.1468209e-01  -3.9786493e-01  -3.3660721e-01   2.3682508e-04   1.9295288e-01  -3.9183823e-01   5.6022679e-02   4.2618824e-01   1.6776612e-01  -1.4687354e-01  -1.8060196e-01  -3.1689458e-01  -5.8416584e-02  -3.5819428e-01   1.0815391e-01  -2.2634714e-01   1.5072377e-02  -2.2908671e-01   4.5950426e-01  -1.4598901e-01  -1.5777402e-01   2.3345223e-01  -1.8096899e-01  -1.4818228e-01  -1.8609759e-02   2.6746579e-01  -1.5200842e-01   1.8125238e-01  -1.3824388e-01  -1.9510505e-01  -2.5470989e-01  -3.0509558e-01  -5.2502428e-02  -2.6677460e-01   2.1485037e-01   2.6554071e-01   3.9198301e-01  -1.5767087e-01  -1.2502193e-01  -1.6705009e-01  -2.7809577e-02   6.1919928e-02  -1.1077868e-02   2.2312800e-01   1.0523536e-01  -9.9513724e-02  -3.8303526e-01   2.1497841e-01   4.0035475e-02  -4.9148042e-02  -3.6837548e-01  -7.1669721e-02   2.0730481e-01  -8.5632520e-02  -3.6345637e-01   2.5306856e-01   2.2364037e-01   2.7273916e-01   2.9291841e-02   2.5809835e-01  -9.6746529e-02  -3.7771249e-01  -1.4151137e-01   9.0918998e-02  -3.9394771e-01  -1.1057480e-01  -8.6176755e-02   1.0562443e-01  -1.2088817e-01   3.7404634e-01   4.5166389e-01  -6.5623519e-02   3.2891702e-01   2.7909154e-01   1.9767461e-01   3.3760479e-01  -3.4555965e-01   7.3126389e-03  -2.1590189e-01   7.2422988e-02   2.2896799e-01  -9.7451629e-02  -3.0369187e-01   3.5313664e-03  -1.0929109e-01  -1.7278627e-01   2.3860062e-02  -2.5931604e-01   4.9459074e-01  -2.1389248e-01  -2.4380424e-01   2.5231423e-01   2.9343797e-01  -1.3007364e-01  -1.9049229e-01   2.7705149e-02   2.1189615e-01  -2.7810144e-01  -4.4111382e-02   2.6738671e-01  -8.8480897e-02  -2.3009555e-02  -2.6533163e-01
  -3.8409650e-03  -5.5453829e-01  -2.6303330e-01   9.4458801e-03  -4.8379776e-02  -7.5391025e-02  -2.5123700e-02   3.1981320e-01   1.7658158e-01  -1.2806606e-01   0.0000000e+00  -4.1629973e-01   2.5628897e-01   3.1095596e-01  -3.8751672e-01  -1.1515405e-01  -3.3671840e-01   1.6295854e-01   1.1160348e-01  -9.9628121e-02   1.0762657e-01   3.1645696e-01   1.6889098e-01   3.1251354e-02  -2.3289654e-02   7.9469054e-02   4.0599351e-02   1.6413391e-01   9.9867950e-02   2.1157144e-01  -7.0028766e-02   2.5876728e-01  -9.1223758e-02  -3.2120495e-01  -5.5163247e-02   2.9188655e-01  -3.8933696e-01  -1.2047500e-01  -9.8576889e-02  -3.0578177e-01   2.6947760e-01  -5.1363317e-02  -2.2465605e-01   2.1265451e-01  -9.9553586e-02   4.3673355e-01   5.9585407e-01  -7.5563994e-02   7.9902304e-03  -4.7082160e-01   4.4635301e-01   9.3985067e-02  -2.5847730e-01  -3.5957050e-01  -3.0789575e-03   2.3541962e-01   1.4150551e-01   1.8854495e-01   4.1959160e-01   1.9860998e-01   3.2236857e-01   4.4345957e-02  -1.9388475e-01   4.1970531e-01  -2.5227554e-01  -5.7876408e-02  -5.2819945e-02  -6.6205298e-02   6.4321545e-01   2.9154195e-01  -6.3560490e-01   1.2486655e-01  -3.4246748e-01  -5.7166359e-02  -2.5107824e-01   2.0141572e-01   3.1346343e-01  -2.2372245e-02  -3.5381774e-01   9.3468296e-02   2.9564148e-01  -1.7157870e-01  -1.0844159e-01   1.3646334e-01  -8.5887868e-02   2.7950292e-01  -1.3301123e-01   2.7678591e-02  -1.8581688e-01   1.6002550e-02  -2.4383419e-01   1.2110489e-01  -3.3919633e-01   2.0374981e-01   1.6210613e-01   3.5287310e-02  -2.0191873e-02   9.4355994e-02   1.3791375e-01  -3.9097778e-01  -6.3185297e-02   3.9724939e-01   3.9654996e-01   3.0674392e-01   3.0391534e-01   1.0619811e-01  -4.3427516e-01   3.0613091e-01  -1.9760274e-01   1.5758334e-01  -3.7751280e-01   2.8529488e-01   4.4184109e-02   6.6391070e-02  -2.4908739e-02  -2.9118826e-01  -1.1651895e-01  -1.7777644e-01  -2.0961143e-02   1.2321341e-01   3.2217207e-01  -1.6899868e-01  -1.0534468e-01   1.9283574e-01   3.9826760e-01   1.9966164e-01  -1.7789856e-01  -2.4347273e-01   1.6109076e-01   1.7111642e-02  -4.1395547e-02  -3.1876774e-02  -3.1697761e-04  -1.6304707e-02  -2.8064274e-02   4.2155346e-01  -2.5724078e-01   1.7483835e-01   3.1140321e-01  -9.6613652e-02   2.8121039e-02   2.9280636e-01   4.8868512e-01  -2.2420255e-02  -3.7890170e-01  -2.7191671e-01  -4.5408175e-01   3.1493982e-01   4.9716414e-01  -3.5369335e-01   5.9678569e-02   3.0213674e-01   2.3531811e-02   2.0153021e-01  -4.7758660e-01  -1.2754512e-01   2.9342329e-01   3.3299757e-01   1.9956641e-01   4.2503162e-01  -3.1559782e-02   4.5560628e-01   1.3888812e-01   4.4794363e-01   8.1302659e-02  -3.6350654e-01   7.6683527e-02   2.7130554e-01   7.6452398e-02  -4.4752118e-01  -2.1759213e-01   2.4815835e-02   1.9549949e-01  -2.1293471e-01  -2.8798137e-01  -2.2218772e-02   3.5459884e-01
  -7.8981120e-02   5.6486028e-01   6.4367519e-01  -2.5642607e-01   4.0337635e-01   3.8873470e-01   2.6123248e-01  -3.8536158e-01  -7.9041681e-02   3.1911206e-01  -4.1629973e-01   0.0000000e+00  -1.7450675e-01  -5.0807148e-01   5.0830821e-01   8.8632220e-02   6.0333271e-01  -2.1238006e-01  -1.5168704e-01   2.8122053e-01  -2.7709670e-02  -2.0536707e-01  -3.2749431e-02  -2.6839138e-01  -4.7394037e-02  -2.4563933e-01   1.1703037e-01  -3.6022791e-01  -1.3035240e-01   1.5427679e-01   9.2384446e-03   8.5230911e-02  -6.5520056e-02   4.7143038e-01   1.8527857e-01   2.5646362e-01   2.3388374e-01  -7.4408097e-03  -1.0105020e-01   3.9158090e-01  -1.6981723e-01   2.4685347e-02   1.0537659e-01  -2.7782861e-01  -1.4327798e-01  -4.1750022e-01   1.1838259e-02   1.0837839e-01  -1.8790005e-01   5.5549338e-01  -1.1248326e-01  -2.6282469e-01   3.4487177e-01   2.8753538e-01  -4.8749830e-01  -2.3370918e-01   1.7568765e-02  -2.4103682e-01  -4.2790870e-01   2.3369330e-01  -3.1109502e-01  -4.8187604e-02  -1.7270569e-02  -2.9038417e-01   3.5242992e-02   4.5002183e-01   1.7585734e-01   2.3897278e-02  -2.8513947e-01   2.7583735e-02   4.1440572e-01  -2.6743199e-01   1.7724827e-01   3.5317081e-01   8.2537132e-02  -4.0060262e-02  -3.7346376e-01  -1.9166994e-01   5.2024529e-01  -3.0554093e-01  -3.6914149e-01   2.0150159e-01   1.0877109e-01  -3.9461406e-01   1.4161363e-02  -7.5910462e-02   2.6418972e-02  -3.5693020e-01   1.2603630e-01  -2.0730334e-01   4.6578802e-01  -7.9956230e-02   6.2397428e-01   6.5567528e-03  -2.5269439e-01   1.9711869e-01  -5.5110658e-03  -2.0618238e-01  -4.8004407e-02   5.7411133e-02  -1.7056598e-01  -1.0001162e-01  -4.1370399e-01   3.9499170e-02  -1.5209608e-01   4.4625853e-02   1.9050859e-01  -2.6721963e-01   6.8542506e-03   2.3063728e-01   5.6425495e-01   4.7898839e-02  -2.1343768e-01  -2.6225018e-01  -2.1602705e-01   2.9899476e-01  -1.8511395e-02  -3.1577582e-02   9.8105747e-02  -3.7864121e-02  -4.8719929e-01   4.0931519e-01   9.1548598e-02  -1.9397143e-01  -3.9722531e-01   3.8565863e-02   4.7811109e-02   1.0359849e-01  -2.3004977e-01   3.7930340e-01  -9.9690386e-02   5.9800970e-02   2.3015055e-01   7.8749700e-02  -2.9180656e-01  -2.8919358e-01   1.0087949e-01  -3.7893200e-01  -1.3529269e-01   9.7054000e-02  -2.6445445e-01  -1.9903497e-01  -1.4643474e-01   4.6385319e-01   3.2456387e-01   3.6992659e-02   5.5871455e-01   2.1272653e-01   1.1928528e-01   1.0093486e-01  -2.6706471e-01  -4.1889536e-01  -3.3354298e-01  -3.7598262e-02   6.0760856e-01  -1.2650339e-01  -4.1826527e-01  -2.4215730e-01  -1.2669763e-01  -3.2406623e-01  -1.1023001e-01  -2.9505530e-01   2.2462787e-01  -2.2046859e-01   4.1832138e-02   4.1109734e-01   2.8286276e-01  -5.0343415e-01  -3.7931337e-01   3.6077136e-01   4.5279748e-01  -2.6062345e-01  -2.7665357e-01   5.4927228e-01   5.5033297e-02   3.0470203e-03  -2.5062207e-01
  -2.6678047e-01  -3.8199607e-01   3.1293397e-02   2.6180343e-01  -1.3374862e-02  -9.3615229e-02   1.6848377e-01   1.5701918e-01   5.2641184e-02   1.4816558e-01   2.5628897e-01  -1.7450675e-01   0.0000000e+00   1.0537059e-02  -1.0545009e-01  -1.5440682e-02   3.1121126e-02   4.0003013e-01   6.0022615e-02   1.3726687e-01   1.3996201e-01   1.9918729e-01   2.6180022e-01  -1.5242324e-01  -2.1090706e-01   5.0435392e-02   8.8431662e-02   7.4314138e-02   3.2007124e-02   1.7242428e-03   3.7011086e-02   4.8508693e-02  -1.1981939e-01  -6.2416149e-02  -1.1144577e-01   1.2065804e-01  -1.2492061e-01  -8.0361092e-02  -6.1117304e-02  -1.4833734e-01   6.3035322e-01  -9.1668734e-02  -1.3177598e-01   1.9210619e-01   5.9183130e-02   1.3844364e-01   1.7890100e-01  -2.8754342e-02   2.1714161e-01  -2.4519416e-02   3.9406635e-01   1.8236568e-01  -1.3862363e-01   6.3465484e-02   1.9650695e-01   1.3023148e-01   1.1032271e-02   1.0080900e-01   8.6387370e-02  -5.2540734e-02   1.4891055e-01   1.0317550e-01   4.7060169e-02   7.5361075e-02  -5.1694864e-02  -5.3161201e-03  -2.8758753e-02  -1.3770530e-01   2.7744649e-01   1.3510236e-01  -1.8549737e-01   2.6027548e-01  -5.5191213e-02  -1.6352509e-01  -7.5997624e-04  -5.8896939e-02   5.5520384e-02   2.5281113e-01  -3.4660091e-01   1.2027713e-01   1.7465898e-01   1.2067396e-01  -5.6223207e-02   1.2664719e-01  -2.1750788e-01   1.2267793e-02  -4.3840241e-02  -2.3921989e-01  -7.7171988e-02  -2.3059277e-01  -2.2258153e-01   2.0383710e-01  -8.3473594e-02   1.1296137e-01   1.6453810e-01   7.7110389e-02   1.6437315e-01  -1.1325536e-02   7.0030651e-02   1.2541713e-01  -2.0633301e-01   2.9929762e-01   3.4400434e-01  -1.2827607e-01   1.3216667e-01  -9.6326045e-02  -4.0295344e-02   5.4448471e-02   1.7777202e-01   9.0538608e-02  -1.3170565e-01   1.5629689e-01   1.4221941e-01  -9.9069005e-02  -6.6492910e-02  -1.7163743e-02  -1.3130118e-02   4.6252640e-01  -1.4021331e-01   2.5361027e-01   2.9856343e-02  -1.1146345e-02  -8.7850689e-02   1.2731128e-01  -4.4545368e-02  -1.6994951e-01   9.9386883e-03   2.0143935e-01   3.3842901e-02   9.5594025e-03   2.0577242e-01   1.6330314e-01  -1.0570606e-01   4.2946490e-02   1.3049108e-01   1.4819266e-01   1.1194087e-02   1.6663745e-01   7.5694664e-02  -1.7263139e-01  -1.2465750e-02   6.3296762e-01  -2.9377522e-02  -1.0064406e-01  -1.5733638e-02   6.4001462e-03  -1.2712935e-01   4.3526060e-02   1.8352260e-01   2.5987267e-02  -2.0955114e-01   1.8070834e-01  -2.4117136e-02  -8.1307259e-02  -3.2447073e-01  -8.4766293e-02   9.5569150e-02   9.6633582e-02   1.1019762e-01   2.8232491e-01  -1.2264841e-01   1.8062262e-01   2.0758513e-01   3.7767586e-01  -5.3884912e-03  -1.4909862e-01  -7.2260894e-02   7.7772561e-02   1.4809529e-01  -3.3642071e-01  -1.2877480e-01   1.7347703e-02   1.7853214e-01  -1.9889226e-01  -9.3652715e-02   1.8121835e-01   3.7177745e-02
   5.0875642e-01  -4.0464714e-01  -4.0259096e-01   3.2784867e-01  -6.9732501e-03  -2.1809413e-01  -3.1908350e-01   2.7757202e-01  -5.4782083e-02  -2.6073807e-01   3.1095596e-01  -5.0807148e-01   1.0537059e-02   0.0000000e+00  -4.9211727e-01   5.9037504e-02  -5.0331660e-01   4.9679992e-02   2.2989633e-01   5.3381234e-02  -2.8352037e-01   3.0008610e-01  -1.9555308e-01   5.6756099e-01  -5.2342510e-02   2.5642498e-01  -4.5508408e-03   5.5228363e-01   1.2120204e-01  -1.9706067e-01  -2.7274260e-01   1.4775630e-01   2.8940178e-01  -5.5783369e-01   4.0778292e-02  -1.2668904e-01  -3.7573028e-01   1.7609198e-03   1.2767015e-01  -1.6367896e-01   1.0233319e-01   2.6318998e-01  -4.1764085e-02  -1.9302921e-02   9.5395295e-02   6.0934104e-01   1.5884059e-01  -3.3719942e-01   2.4218560e-02  -5.1142597e-01   8.2334454e-02   2.1344249e-01  -5.6058215e-01  -1.6253685e-01   5.1884410e-01   9.0524845e-02   2.3071633e-01   2.9493741e-01   4.1374513e-01   7.5570361e-02   4.6930895e-01   5.1773296e-02   6.4930095e-02   1.7319917e-02  -1.3049445e-01  -3.1823688e-01  -3.4213609e-02  -1.2357567e-01   3.8564825e-01   4.2491383e-01  -5.3297259e-01   2.1958630e-01  -2.1794900e-01   7.6780727e-02  -1.2100560e-01  -2.1704710e-02   5.7434757e-01   7.5640008e-02  -1.5934457e-01   1.2995313e-01   2.4378042e-01  -3.0105374e-01  -5.1666822e-01   3.2507365e-01   1.9632291e-01   1.9844388e-01  -1.1042565e-01   6.1167876e-01  -2.1798579e-01   5.4303823e-01  -1.6874505e-01   2.8650383e-01  -5.6459001e-01   2.2209067e-01   2.5233267e-01   6.8878708e-02   6.8649203e-02   2.0217792e-01  -4.7818977e-02  -2.9883307e-01   1.9554948e-01   1.7923648e-01   2.9143037e-01  -4.6293338e-02   3.1558253e-01   8.6242726e-02  -1.5824492e-01   2.7429920e-01  -1.7595598e-01  -2.9353831e-01  -5.1128715e-01   2.2964247e-01   1.6754704e-01   4.5428055e-01   3.5058932e-01  -3.0437407e-01  -1.7094982e-01  -3.9568681e-02  -1.3583348e-01   2.3206482e-01   5.7775095e-01  -9.3945752e-02  -8.4427250e-02  -6.8059114e-02   6.3256982e-01   3.5369261e-01   1.6025288e-02  -3.0352408e-02   3.2942724e-01  -8.3272059e-02   8.7560538e-02  -3.3096857e-01   1.9352968e-01  -3.7701285e-01   2.1195935e-01   1.0849146e-01   7.2360121e-02   8.9759031e-02   2.0611663e-01   5.2774798e-02   4.5176571e-01   1.3088153e-01   2.6375542e-01  -2.5563945e-01  -4.5405787e-01  -3.2662474e-01  -5.7694147e-01  -1.8319412e-01   7.0477520e-02  -2.3971812e-01   6.0785907e-01   1.1562365e-01   5.6388535e-01  -2.0926454e-01  -3.2704909e-01   1.0522790e-01   6.6512269e-01   2.4224208e-01   2.8406731e-01   4.1389921e-01  -8.0219747e-02   1.4380638e-01  -3.3940749e-01   1.5371162e-01   2.1029122e-01  -3.5350018e-01  -2.8790137e-01   5.0321659e-01   5.6705824e-01  -3.3888620e-01  -2.0854484e-01   1.4748851e-01   1.2778544e-01  -4.1631320e-01  -5.3059513e-02  -8.2967587e-02   1.9684158e-01
