   0.0000000e+00   6.1034129e-02   6.3682378e-02  -1.6202327e-01  -1.8129613e-01  -5.7058685e-02  -1.5292538e-01   5.2033558e-01   1.0298268e-01  -1.0911406e-01  -1.0253917e-01  -9.0282733e-02  -7.0208157e-02   2.6543099e-01   2.0728625e-01  -3.7334063e-01   1.0167944e-01   1.5791850e-01   2.3371332e-01  -2.2256490e-01  -1.7697996e-01   3.1014022e-01  -3.4329781e-02   6.4311989e-01  -1.1385640e-01   3.2292754e-01  -1.7770667e-01   4.1890183e-01   6.0637416e-02   5.9965473e-03  -9.9628320e-02   5.0663365e-02  -1.5584241e-01  -8.9152818e-02  -1.7696661e-01  -2.5658449e-01   9.4015414e-03   5.2707216e-01  -4.2147634e-01  -3.7137185e-02  -2.2239965e-01  -1.3881293e-01   1.3584390e-01   2.4403405e-03  -3.4630208e-01   5.4868951e-01  -2.7760475e-01  -2.2186063e-01  -1.0828976e-01  -9.6319488e-02  -5.3214947e-02   5.5490558e-01  -1.7499325e-01  -2.7263034e-01  -9.2461241e-02  -4.6417625e-02   8.8208905e-02   3.6074580e-01  -2.7796050e-01   1.0971059e-01   4.3866148e-02   4.9870576e-02  -5.6741885e-02   5.2392288e-02  -3.6935273e-01  -1.3541254e-01   1.5764247e-01  -1.2431373e-01  -3.8358246e-02   5.4225436e-01  -7.0730528e-02  -6.2936527e-02  -1.4966412e-01   3.0077817e-01  -3.3958942e-01   4.4994900e-01  -1.2106248e-01  -3.9929661e-02  -1.7714983e-01  -4.6444731e-01   2.8785610e-01  -2.4894105e-01  -1.7824641e-01   2.8714719e-01   1.6945727e-01   4.3854435e-01   2.5774368e-01   9.2468027e-02  -2.4626677e-01   6.2257457e-01  -2.3797257e-01  -2.7029795e-02  -2.6550096e-01   1.4317395e-03   3.8203743e-01  -2.6541351e-01  -1.5308468e-01   2.3101004e-01  -6.8028932e-02  -2.1134322e-01   1.5832254e-01   1.0563701e-01   5.1248853e-01   3.4912326e-01   9.2801916e-03   1.3377253e-01  -1.3241205e-01   1.1354268e-01   8.0121279e-02  -2.0021533e-01  -2.7565169e-02   2.6085508e-01  -1.9102956e-01   6.3494410e-01   2.3981772e-01   5.0655625e-02   7.8379760e-02  -8.5480921e-02   2.0932344e-01  -1.6051441e-01   5.0055024e-01  -2.1726092e-01  -1.7085660e-01  -2.2755281e-01   6.2790599e-01   3.9008033e-01  -9.7019748e-02  -2.0504125e-01   1.3337058e-01   3.9314301e-01  -3.8934050e-02  -1.4925404e-01   4.9328961e-01  -1.1748213e-01  -1.6120830e-01   5.1803328e-01  -5.0970112e-01   2.7477291e-01   6.0885159e-01   5.6342469e-01   4.0179769e-01   2.5716836e-01  -4.6598686e-02   5.2288831e-02   4.1784483e-02   3.7741379e-02  -1.5266874e-01   8.3329667e-03  -1.9896357e-01  -1.1652269e-01   2.5719449e-01   2.9056350e-01   3.1003576e-01  -2.2332147e-01  -2.9962228e-02   6.6149455e-01   4.3052630e-01  -3.6587535e-01  -3.3113227e-01   4.8196942e-01  -1.3917476e-01  -8.4936743e-02  -1.8868145e-02  -1.9570976e-01   1.9303991e-01   1.0368768e-01  -1.7974413e-01   1.5788397e-01   3.0708667e-01  -1.0089369e-01  -2.6894978e-01   3.1527663e-01  -2.6257948e-01  -6.4520769e-02  -3.1020827e-01  -2.0066806e-01   2.9884860e-01
   6.1034129e-02   0.0000000e+00   9.6858132e-02  -1.4769167e-01   1.3783010e-01  -1.5211974e-01  -2.2117850e-02   9.9687896e-02   3.2597631e-03  -7.8517728e-02  -2.1812192e-01   4.3431337e-01  -1.5240902e-01  -9.5673192e-02   1.0859357e-01  -2.8735060e-01   2.4692607e-01  -1.2476008e-01   5.7584932e-02   7.7941113e-02  -3.2815290e-01  -6.3430045e-02  -1.2085294e-01   1.5514296e-01  -1.6785194e-01   1.7220914e-01   4.3710116e-02  -4.0279909e-02   1.2623534e-01   5.0502776e-02   2.8268388e-01   3.1041187e-03  -1.7872203e-01  -4.1138964e-02   1.5524146e-01   1.2558346e-01   1.2717531e-01  -1.3626586e-02  -1.8955215e-01   1.7443238e-01  -8.1919181e-02  -1.9731166e-01  -3.1720505e-04  -3.9261700e-01  -2.5553847e-02  -5.6359253e-02  -2.0546390e-01   8.3180714e-02   2.0754021e-01   2.9583210e-01  -2.2071727e-01   1.1613478e-01   3.8690764e-01  -1.7645926e-01   1.9536418e-02  -3.6123512e-01   4.8693255e-02   1.3531846e-01   1.7214031e-01   3.7767991e-01   9.7813976e-02  -1.2407011e-01  -3.7104127e-01   1.1427001e-01  -1.6344474e-02   7.0232900e-02   7.3914783e-02  -1.4037954e-01  -1.3343241e-01  -6.9778716e-02   6.0687754e-01  -2.6542025e-01   1.0954930e-01   1.6856785e-01  -1.3769717e-01   2.0471389e-01   4.9802232e-02  -7.6818267e-02   4.1649934e-01  -2.5634288e-01  -1.9170374e-01  -1.4636743e-02  -1.1169539e-01   2.4555379e-02   1.9171672e-01   8.4974048e-02   2.7582024e-01  -3.2809208e-02  -4.0362031e-01  -7.2072815e-02   1.0859234e-01   1.2095430e-01   3.7724425e-01  -4.9780747e-02   4.3098508e-02   1.2297356e-01  -1.0367992e-01   1.0044050e-01   1.5653063e-01  -2.8970232e-01  -7.4527513e-02   1.5698213e-01  -7.9982206e-02   2.0101105e-01  -1.8289698e-02  -7.0061235e-02  -6.9069423e-02   1.3144843e-01  -1.2566056e-01  -1.6024964e-01   1.8397228e-01   5.1065494e-02  -4.1046689e-01  -8.0264983e-02  -2.0542586e-01   5.1027333e-01  -7.4712093e-02  -1.1894876e-01  -5.7184242e-01  -1.8289182e-01   6.2788227e-02   3.9150428e-01  -2.1618553e-01  -1.3546643e-01   1.0263545e-02   1.8658446e-01  -7.6694759e-02  -2.1434634e-01  -1.0701717e-01  -8.0218107e-02   1.4226011e-01   3.1163280e-01   1.2877563e-01  -1.1613449e-01  -2.9827415e-01   1.2709423e-01  -1.4273457e-01  -2.7622461e-01   1.5946485e-01  -2.7689553e-02  -1.3355913e-01   2.5780478e-01   2.1607891e-01  -3.2976660e-01   5.7896411e-02   3.7842564e-02   4.3426638e-01   1.8260165e-01  -2.9017154e-01  -7.7469997e-02   3.2104690e-02  -2.5756896e-01   9.7771163e-03   1.6780539e-01   3.4022358e-01   2.0989281e-02   2.7917970e-02  -2.6206610e-02  -9.6162810e-02  -9.6127752e-02  -1.1892249e-01  -1.0141202e-01  -2.5231863e-02  -2.9487572e-01   6.0849720e-02   3.7496134e-01   1.1344301e-01  -1.9770720e-01   3.1774309e-02   5.1347823e-01   2.7532279e-01   1.3027796e-01  -1.8739046e-01  -1.1826968e-01  -2.5326392e-01  -1.9966799e-01  -1.0239694e-01
   6.3682378e-02   9.6858132e-02   0.0000000e+00  -1.8063624e-03  -1.5147695e-02   3.8068434e-01   3.2568838e-01   3.2981046e-02  -7.4615184e-03   4.9600414e-02   1.0808555e-01   2.8479987e-01  -6.5396459e-02  -2.6001736e-02  -1.1515627e-01  -9.7139118e-02   7.6402401e-01  -6.1454397e-03  -5.8944711e-02   2.8254131e-01   8.5478617e-03   4.5891727e-02  -1.9077128e-01  -3.0621426e-02   1.1469483e-01   8.1761001e-02   4.5893802e-01  -3.1763812e-01   1.3576739e-01   2.5086283e-01  -7.9906094e-02   2.9335593e-01   1.0675161e-01   5.5476024e-02   2.5928002e-01   2.9833698e-01  -1.0594733e-01  -1.4060670e-01   4.0159512e-02   5.4366136e-01  -2.4838784e-01   2.6944906e-01   1.0375890e-01  -2.7457127e-01   2.2983963e-02   4.3655816e-02   2.1525296e-01   2.8260636e-01  -4.9346945e-02   6.0988933e-01   2.8780223e-01   8.7517451e-02  -4.8838953e-02  -1.1963099e-01   1.7224850e-01  -2.6456603e-01   4.7803766e-02   1.9881278e-01  -8.9128880e-02   1.2106707e-01   2.4024236e-01   2.0530373e-01  -1.5396722e-01  -8.4589256e-02  -2.3204062e-01  -3.5037113e-02   3.5098431e-01  -1.5962323e-01   7.6469552e-02   1.5184420e-01   4.6477260e-02   2.4628211e-01  -3.6858832e-01   1.0942015e-01  -7.0277223e-02   1.2046102e-01   1.7813203e-01  -3.1495366e-02  -1.1036650e-01  -6.9422052e-02  -1.0083446e-01   1.9543065e-01  -1.6001666e-01   9.1983119e-03   1.8537006e-01  -1.2254620e-01   1.0776138e-01  -6.9801104e-02  -6.7148581e-02  -7.1950020e-02  -2.3790804e-01   4.9024570e-01   1.2968711e-01   1.5908755e-01  -1.6096314e-01   2.6880198e-01  -7.8565679e-03  -4.0346117e-02   2.3275691e-01   1.8574095e-02   1.9876468e-01   7.2929726e-02  -1.5346798e-01   1.3959671e-01   1.1445304e-02   3.1078957e-01   2.3484079e-02   1.9336856e-01   8.4264928e-02   1.1957347e-01   1.3913990e-01   2.2355371e-02  -3.6437815e-02  -6.0426351e-02  -1.0450500e-01  -1.9264538e-01  -1.7137870e-01  -2.0586317e-01  -1.0250368e-01  -4.5456340e-02   2.1938196e-01  -1.8982449e-01  -5.2155182e-03  -6.3161036e-02   9.6386070e-02  -8.1137589e-02   2.1596462e-01  -9.2037093e-02   1.6058761e-01   3.8913425e-01  -1.3045472e-01   1.8444268e-01   3.1135109e-02   4.3866591e-02   3.1713542e-02   1.9637595e-01  -3.8157763e-02   1.7007020e-02   5.9371998e-02   2.2344281e-02  -2.2160930e-01  -8.0021686e-02  -1.0564050e-02   3.4265480e-01   3.7373769e-02  -1.1419406e-02   2.8534011e-01   1.2043016e-01   1.0028358e-01  -3.7778966e-01   6.9055050e-02  -2.5934017e-01   2.7244130e-01   1.0243030e-01   6.6314446e-01   9.9731565e-04   9.6568487e-02  -9.3669475e-02   1.8292307e-01  -1.2584633e-01  -2.5030002e-02   3.5042626e-02  -6.4350571e-02   7.8081334e-02   2.3922811e-01  -1.4878980e-01   6.4213672e-02  -2.5488915e-01   2.4327029e-01   3.7589005e-02  -2.1439651e-01  -1.1940203e-01   9.0210882e-02   1.7718429e-01  -1.9365272e-01  -2.0607878e-01   9.5272838e-02
  -1.6202327e-01  -1.4769167e-01  -1.8063624e-03   0.0000000e+00   1.6426059e-01  -4.5432290e-02  -1.4888473e-01  -1.9312848e-01   5.9767002e-01  -4.2192020e-02   5.2870653e-02  -2.8185132e-01   1.4908065e-01  -1.1026108e-01   6.4915997e-02  -3.0063021e-02   1.1534827e-01   2.3354638e-02  -1.9893643e-01   2.4367349e-01   1.6170294e-01   1.5325532e-01  -7.3801928e-02   5.3097726e-02  -5.7330514e-02  -1.5648102e-01  -1.8407385e-01  -4.9672916e-01  -8.0384397e-02   8.0251001e-02   6.1432062e-02   1.6206300e-01  -1.6935482e-01  -1.2966934e-01   3.6234828e-01   4.4349768e-01  -2.0801072e-02  -2.8467744e-01  -9.1235714e-02  -1.2110117e-01   2.8398114e-01  -2.1320930e-01   4.2732495e-01  -3.5825085e-03   4.4717801e-01  -2.2230026e-01   3.4635884e-01  -6.0566614e-02   6.2215954e-02  -1.5203306e-01   3.2682359e-01  -1.8589633e-01  -2.6187685e-01   1.0823718e-01  -1.0924040e-01   8.3999258e-03  -1.5612771e-01   4.5264378e-01   1.5249686e-01   3.2521541e-01   1.9790925e-01   3.3707200e-01   6.5488682e-01  -3.0965964e-01   1.7402358e-01  -8.4774924e-02   2.2536311e-02  -7.6700900e-02   1.0960426e-01  -3.8133781e-01  -1.7089773e-01   6.0602320e-01   1.7607688e-01  -2.3506222e-01   3.1053819e-01   9.9409422e-02   2.2962500e-01  -1.4590348e-01   3.4705457e-01   2.6920419e-01  -4.1354362e-01  -2.8428258e-02  -1.4320476e-01  -1.6022390e-01  -9.9521972e-02   1.0606262e-01   1.2921473e-01   1.6382493e-01   2.5269125e-01  -4.1823360e-01   9.0588804e-02  -8.9914792e-03  -1.1426496e-01   7.1537684e-01  -1.4404078e-01   3.2482658e-02   5.0928590e-01  -2.8439825e-02   6.1032194e-02   1.4879783e-01  -3.8677122e-01  -1.2386532e-01  -1.5834584e-01   1.3609040e-01   4.7882828e-01   3.7558411e-01   1.1508113e-01   1.7551503e-02   1.8676332e-01   1.8138196e-02  -3.2774273e-01   3.0189135e-02   5.7049010e-01  -3.9455248e-01  -4.5712779e-01  -1.5543135e-01  -1.2719006e-01   1.3473543e-01  -2.2439293e-01   7.9847485e-01   3.1287021e-02   6.2418303e-02   4.5165475e-01   1.5246415e-01  -1.8887641e-01  -1.3699625e-01   3.6654688e-01   3.6263937e-01   3.7610103e-01  -3.5249250e-01  -8.6387054e-02   5.6985130e-03   3.1531285e-02  -1.0011026e-01   4.7491799e-01  -2.3542684e-02   3.9375377e-01  -1.9588819e-01  -1.2613467e-02  -5.7199584e-02  -2.0633581e-02  -8.9250375e-03  -1.7883513e-01  -1.6745053e-01   9.6442859e-02   2.4338955e-01  -3.1181989e-01   1.0912729e-01   6.0954451e-02   4.7353201e-02  -4.6577687e-01  -2.8992562e-01  -4.1393970e-01   5.7991211e-02  -3.5282845e-01  -1.4510276e-01   1.0260142e-01   3.3362180e-01  -3.5268866e-02  -2.9372507e-01   3.4490418e-01  -4.3709549e-02  -3.5668557e-02   3.0879705e-01   3.5424118e-01  -1.7953181e-01  -1.4493266e-01  -1.3283908e-01  -2.9303509e-01  -1.5739046e-01  -1.9087902e-02   4.1053678e-02   2.3560335e-01  -2.8721373e-01   2.6215244e-01   5.6724186e-01   4.9746871e-01
  -1.8129613e-01   1.3783010e-01  -1.5147695e-02   1.6426059e-01   0.0000000e+00  -5.0767461e-01  -2.9418143e-01  -9.3659336e-02   3.9136764e-02   9.7922211e-02  -1.2276478e-01  -1.6451482e-01   1.1259497e-01  -2.4110518e-01  -1.2395131e-01   1.0131806e-01   2.2715083e-01   7.8030138e-02  -1.6194830e-01   6.0994274e-01   8.9721340e-02  -2.3874716e-01  -1.3521849e-01  -1.1203976e-01   2.6725958e-01   7.6050883e-02  -1.1179046e-01  -1.6186423e-01  -1.7900892e-01  -2.3456534e-01   5.5523562e-02  -2.5669093e-01  -9.2106815e-02  -1.4033318e-01  -7.6658904e-02   3.1932234e-01  -1.1357050e-03  -1.5385985e-01   1.3838499e-01   1.1618367e-01   1.8386886e-02  -9.9148605e-02   1.3863295e-01  -2.4028553e-01   2.1675311e-01  -7.3885116e-02  -1.6503904e-01  -2.0641331e-01   2.6155141e-01   2.1657475e-01  -2.1620988e-01  -5.1798183e-02  -3.8323161e-04   2.3072890e-01  -3.8036499e-02  -2.4965003e-01  -2.7689315e-01  -1.7651977e-01  -7.1205996e-02  -9.0526538e-02  -7.5613921e-03   1.1822506e-01   1.7455095e-01  -1.6666983e-01   1.7425568e-01  -6.8640383e-02  -3.0194501e-01   1.4273872e-01  -3.5591125e-01  -2.4427109e-01   3.6334228e-01   3.1070718e-02   1.4735565e-01  -1.9893671e-01   2.1423654e-01  -1.7203602e-01   8.7678742e-02  -3.5540825e-01   5.5795858e-01   1.4875235e-01  -5.1128203e-01  -9.1040208e-02  -9.9128777e-02   1.2103589e-01  -1.7834853e-01  -1.9120539e-01  -1.1173753e-01  -1.1457518e-01   2.1883927e-01  -1.6188958e-01   7.9476004e-01   1.3817383e-01   1.6764136e-01   2.6350205e-02  -3.6476947e-02   3.9219646e-01   3.7256679e-01  -9.2630965e-02   2.6417714e-01  -1.6460505e-02  -1.8164673e-01  -1.6488393e-02  -5.5648250e-01  -1.4492467e-02  -1.6184713e-01  -7.5536972e-02   3.5225322e-02  -1.8092345e-01  -2.4334317e-01  -2.0704554e-01   2.3134271e-02  -3.1667044e-01   2.5013018e-01  -2.4797685e-01  -2.2916847e-01   5.1068796e-01  -1.0112830e-01   8.4552009e-02  -3.1038419e-01   9.7921379e-02  -1.7828811e-01   6.0798248e-01   3.0260743e-01  -1.2244593e-01  -3.1626607e-02  -2.8130886e-01  -9.7956707e-02  -5.8935034e-02  -4.7086781e-02  -1.7466394e-01   1.9016735e-01   2.3608056e-01  -1.6783175e-01  -2.3895522e-01   5.3281594e-02  -1.3283082e-01   2.2673500e-01  -2.6859181e-01  -1.7133631e-01  -3.3170403e-01  -2.4876341e-01  -2.3923822e-03  -1.3284507e-01  -4.7501931e-01  -3.5956981e-01  -1.1034157e-01   1.6339940e-01  -1.2307047e-01  -3.3588583e-01   2.6398325e-02  -1.0149719e-01  -4.7423275e-01  -1.0452998e-01   8.8523494e-02   9.5660431e-02  -2.2873472e-01  -1.1133313e-01  -1.6497195e-01  -4.6786712e-02  -3.7258050e-01   2.9939165e-01  -8.5292698e-02  -1.0152701e-02  -2.5472346e-02   4.7047104e-02   2.9358887e-01   1.8522588e-02  -2.0069551e-01  -1.3324741e-01   3.5248287e-01   4.9350012e-01  -7.2056307e-02   1.3567873e-01  -5.0406922e-01   2.7176814e-01   2.0251654e-01  -9.8276342e-02
  -5.7058685e-02  -1.5211974e-01   3.8068434e-01  -4.5432290e-02  -5.0767461e-01   0.0000000e+00   6.8407675e-01  -1.7231038e-01  -1.5628880e-01   1.8418770e-01   3.6855935e-01   3.8152398e-01   5.4833819e-03   5.1566692e-02  -1.6189910e-01   9.1580254e-02   1.3446194e-01  -2.2109781e-02   9.3755014e-02  -3.6408780e-01   3.8729994e-01   5.5235610e-02   2.8450254e-01  -1.1389977e-01  -2.5297151e-01  -1.2991786e-01   5.1140111e-01  -1.4994279e-01  -4.5801817e-02   4.0703980e-01  -2.0522665e-01   4.4425651e-02   2.2687117e-01   4.9218119e-01   1.5237915e-01   1.1999049e-01  -3.6704281e-02  -2.8365252e-01   1.9445494e-01   2.6927084e-01   4.4065071e-02   1.5799753e-01  -2.6001806e-01   1.4067840e-01  -7.7418220e-02  -1.6920379e-01   5.1341788e-01   6.0454417e-01  -1.3148571e-01   1.3921080e-01   2.5253164e-01  -1.9664974e-02   2.5024737e-01  -3.7930570e-01   1.1123798e-01   2.1256908e-01   3.7837483e-01  -4.5519134e-03   4.1902811e-02   3.4860370e-02   4.9002156e-02   4.6028818e-02  -1.5564302e-01   1.5458458e-01  -2.0759614e-01   2.6413306e-01   6.8025454e-01  -1.8685005e-01   5.1311513e-01  -6.4539963e-03  -2.8589824e-01   1.0715818e-01  -2.5448328e-01   1.1102334e-01  -3.1040830e-01  -9.7041259e-02  -1.2644112e-01   3.8383958e-01  -4.6085075e-01  -6.8318083e-02   2.0793511e-01   1.0032726e-01   2.0137004e-01  -1.1868567e-02   2.9907571e-01  -8.3397008e-02  -1.2432565e-01  -1.6478121e-01  -1.0934817e-01  -1.7964499e-01  -4.5131868e-01   5.4491940e-02   2.1043485e-01  -6.3582111e-02  -3.1619106e-01  -4.2038408e-02  -4.0258788e-01   9.7620720e-02  -1.1226712e-01   2.2148373e-01   1.2544027e-01   1.2639019e-01   1.2726511e-01  -5.5709768e-02   8.7600377e-02  -7.2696214e-03  -1.7788959e-02   2.4078594e-01   2.3049701e-01   6.1652643e-01   2.2565473e-01   1.3173675e-01  -1.1724692e-01   1.9260179e-03   3.2768922e-03  -6.0191231e-01   7.3430511e-02  -8.3620617e-02   2.0041160e-01  -1.3212358e-01  -1.3871803e-01  -5.2220982e-01  -2.2486224e-01  -4.3096920e-02  -2.3967071e-01   1.3869554e-01   1.9397466e-01  -3.6295698e-02   1.6516223e-02   2.1752565e-01  -2.1471797e-01   5.5017517e-02   1.7284755e-01   5.2001188e-01  -8.2367473e-02  -2.0988913e-02  -1.6424492e-01   1.8735932e-01  -2.2634644e-02  -6.5296320e-02  -1.8707622e-02  -6.3445738e-02   1.2485146e-01   5.3737259e-01   2.9171650e-01  -1.0848030e-01   8.0760117e-02   1.4123534e-01   6.5498444e-01  -2.2080140e-02   1.4116240e-01   1.6113196e-01  -2.1851352e-02   3.7901919e-02   2.4393302e-01  -1.9596631e-01  -1.2858666e-01   2.7879375e-01   1.2109939e-02   1.1456684e-01  -3.3321666e-01   6.7421500e-02   8.2264913e-03   2.5534407e-01  -9.1498916e-02  -3.1771947e-01   9.7151407e-02  -4.0574211e-02  -3.1882535e-02  -2.4443159e-01  -1.4117397e-01  -2.6438394e-01   1.1167476e-01   7.1271655e-01  -4.6864797e-01  -2.2088240e-01   2.7825647e-02
  -1.5292538e-01  -2.2117850e-02   3.2568838e-01  -1.4888473e-01  -2.9418143e-01   6.8407675e-01   0.0000000e+00  -2.0579240e-01  -3.8658355e-01   2.6052245e-01   3.3359821e-01   5.8424053e-01  -1.3260958e-01  -5.5559004e-02  -8.6969125e-02   1.5853813e-01   1.7536264e-02  -1.8227845e-01   3.7467495e-03  -2.0376099e-01   4.4049127e-01  -3.0914530e-03   4.6302057e-01  -2.0369853e-01  -1.2208879e-01  -2.4266032e-01   4.6291460e-01  -1.5604964e-01   7.7645099e-02   4.3285472e-01  -2.7391472e-01   7.5044726e-02   2.3609310e-01   6.0175819e-01   2.6965814e-01   4.4868345e-02   1.2207562e-01  -2.7514532e-01   2.4018803e-01   1.7390990e-01  -1.2133618e-02   1.8455241e-01  -2.9287138e-01   8.0704567e-02  -2.0655618e-02  -2.2569249e-01   3.9722218e-01   7.1446019e-01  -8.3988968e-02   9.9841464e-02   2.5084321e-01  -8.7890583e-02   2.4093318e-01  -4.0926178e-01   4.2959155e-02   1.9223423e-01   2.0476517e-01  -1.5840112e-01   1.6443162e-01   5.3490524e-02  -2.4273577e-02   1.4672996e-01  -4.3081850e-01   1.5937474e-01  -2.7263793e-02   3.4362676e-01   3.5059888e-01  -7.2611735e-03   3.9137825e-01  -7.2457187e-02  -1.6660858e-01   1.1956504e-01  -2.5092897e-01   2.2359192e-01  -4.1946316e-01  -6.0775270e-02  -1.0086844e-01   2.7344664e-01  -3.2193007e-01  -2.2571623e-02   2.2414772e-01   1.6111192e-01   1.5832669e-01  -9.6878311e-02   2.5898697e-01  -6.1866826e-02   9.9986240e-02  -2.1257296e-01  -1.2420956e-01  -2.1251551e-01  -1.9170103e-01   1.7800447e-01   2.5931193e-01  -3.0623870e-01  -2.9868184e-01   1.2420173e-01  -3.6237713e-01  -3.9869040e-02  -1.1213582e-01   4.2232321e-01   5.6677460e-02   4.0783639e-01  -4.1741411e-02   5.4996825e-03   1.1833373e-01  -3.0742390e-02  -2.3657624e-02   1.8805718e-01   1.3189656e-01   5.0480956e-01   4.4187682e-01   1.1126947e-01  -1.7824000e-01  -9.3242765e-02  -6.7346856e-02  -4.4772220e-01   3.2825545e-02  -2.3654907e-01   1.3226607e-01  -3.9860363e-01  -1.1533061e-01  -2.8048469e-01  -3.9203350e-01   4.9254887e-02  -2.5824691e-01   1.6651813e-02   3.6373447e-01  -1.7579875e-01   5.8117237e-02   5.8013728e-02  -1.5183117e-01   2.3008707e-01   1.5946388e-01   2.6416571e-01  -2.0966440e-01  -1.2063483e-01  -1.2595178e-01   1.7328018e-01  -7.4027616e-02  -1.8304134e-01  -8.8223638e-02  -1.1478646e-01   1.7530280e-01   4.8106821e-01   2.6098828e-01  -2.0925914e-01   2.6878388e-01  -1.2925150e-01   5.6048931e-01   1.3143775e-01   2.0259885e-01   9.5767040e-02   2.6487481e-03   1.0758835e-01   2.3540219e-01  -2.2617179e-01  -4.2484979e-02   2.8360921e-01   5.3377588e-02   1.0524552e-01  -5.0699247e-01   1.0680858e-01   2.8680168e-02   3.0381018e-01  -3.4241871e-01  -1.6143237e-01   2.9567516e-01  -4.1507959e-02   2.2704482e-02  -2.6448593e-01   2.1216550e-01  -2.7948527e-01   2.3649068e-01   6.2840298e-01  -3.4233049e-01  -3.7993760e-01  -2.2316094e-01
   5.2033558e-01   9.9687896e-02   3.2981046e-02  -1.9312848e-01  -9.3659336e-02  -1.7231038e-01  -2.0579240e-01   0.0000000e+00   1.9881503e-01  -3.8272452e-01  -8.4532466e-02  -1.5910650e-01  -2.1291299e-01   1.5634634e-01   3.7572429e-01  -3.5511583e-01   1.7442776e-01  -6.2539988e-02   3.5291776e-01  -3.9698392e-02  -3.1951819e-01   2.3089580e-01  -2.1548639e-01   4.3592128e-01  -3.4666617e-02   6.5751500e-01  -2.0553048e-01   3.5445184e-01   8.9029242e-02   1.6145044e-02   1.5771968e-01   2.3960638e-02  -8.0807209e-03  -2.4977662e-01  -1.2649096e-01  -4.0223863e-01  -2.8476733e-01   4.9483543e-01  -2.5373590e-01  -1.0771054e-01  -2.1110087e-01  -4.6482664e-03   1.5008221e-01   1.3846385e-01  -1.8799429e-01   5.3429210e-01  -4.7068520e-01  -2.2979929e-01  -7.8040107e-02  -1.1728895e-01  -1.0935173e-01   8.3193850e-01  -2.3128328e-01  -2.9100567e-01  -2.1944098e-01   1.1026847e-02   2.8908399e-01   3.1408286e-01  -2.7127496e-01   1.3070657e-01   2.6086059e-01  -6.4635609e-02  -8.8549830e-02   3.6703413e-01  -1.6261604e-01  -4.5039613e-01   3.4795919e-03  -1.7986448e-01  -2.6784583e-02   4.5752071e-01   9.0458593e-02  -4.1580272e-02  -1.8041229e-01   3.8003702e-01  -3.3332100e-01   5.4053057e-01   8.4266583e-02   1.1386261e-01  -1.0554499e-01  -3.9593464e-01   2.0718169e-01  -9.3464367e-02   2.1047106e-02   5.3841500e-01   1.5984312e-01   3.8541441e-01   2.6102163e-01  -5.5155060e-02  -1.0091200e-01   3.7550817e-01  -1.5744498e-01   1.8690525e-01  -1.3517137e-01  -8.8828328e-03   3.3460473e-01  -2.7447965e-01  -9.5721296e-02   4.4502762e-01   6.2028321e-02  -3.3243515e-01   1.6530062e-01   2.7083958e-01   5.0960468e-01   3.4986294e-01  -5.7761826e-02   1.1841287e-01  -2.1244008e-02   4.3676726e-01  -1.0466071e-01  -2.6703103e-01  -1.3441752e-01   2.5268285e-01  -1.4807312e-01   2.7605395e-01   1.2164285e-01   2.0219174e-01   7.7782255e-02  -2.4122646e-01   4.9540213e-02  -1.6952100e-01   4.3679585e-01  -5.5415455e-02  -1.4573570e-01   1.0174720e-01   5.3296544e-01   2.4072341e-01  -1.1254392e-01  -2.4303624e-01   2.2577379e-01   2.5320199e-01  -6.5506190e-02   3.2047656e-02   4.4304614e-01  -9.9649486e-02  -4.4874778e-02   6.7934930e-01  -3.2944993e-01   1.3606412e-01   6.8840459e-01   4.2259083e-01   1.6908202e-01   1.0624291e-02   6.5604336e-02  -1.3781479e-01   2.3735417e-02   2.0870993e-01  -9.8024115e-02  -8.7595950e-02  -3.6028622e-01  -3.5393448e-01   1.9050331e-01   4.1187916e-01   2.1967222e-01   8.0860519e-02   6.9703735e-03   3.4082168e-01   4.3012947e-01  -3.8446674e-01   3.1417931e-02   5.0457942e-01   8.0836064e-03   4.1380868e-02  -1.9564450e-01  -1.2102459e-01   1.1270432e-01   2.0237086e-01   4.8043097e-02   9.2662234e-02   2.6880421e-01   1.7351637e-01  -2.4167532e-01   3.0366770e-01  -1.6265274e-01  -1.1920312e-01  -1.2729527e-01  -3.1184527e-01   2.0966109e-02
   1.0298268e-01   3.2597631e-03  -7.4615184e-03   5.9767002e-01   3.9136764e-02  -1.5628880e-01  -3.8658355e-01   1.9881503e-01   0.0000000e+00  -2.3856864e-01  -4.7321596e-02  -3.3972833e-01  -3.3515178e-02  -6.1253934e-02   2.5700063e-01  -1.1372472e-01   2.0171602e-01   1.2482934e-01   1.0545517e-02   2.1657092e-01  -1.8476103e-01   1.6045048e-01  -2.5074953e-01   1.7616229e-01  -2.7567765e-01   9.2364402e-02  -1.3860350e-01  -4.2075785e-01   3.5300893e-03  -3.3931250e-02   2.6962954e-01   1.3921663e-01  -1.2283144e-01  -2.5946629e-01   1.5768067e-01   2.7957017e-01  -2.2919134e-01   1.1393469e-01  -1.1138786e-01  -1.1421245e-01   9.8896664e-02  -1.3549804e-01   4.6622845e-01  -4.1450511e-02   1.6175550e-01   5.9241060e-02   3.5714090e-02  -2.5336348e-01  -1.7122807e-01  -1.1995560e-01   1.7033229e-01   1.8959727e-01  -1.9257441e-01   9.5095588e-02  -1.6113643e-01  -9.3914763e-02  -1.6854266e-02   4.8797326e-01   9.3269751e-02   4.0794798e-01   4.0871331e-01   1.3793693e-01   5.4458733e-01  -3.4009832e-02  -6.4997908e-03  -1.7221850e-01   8.3594115e-02  -2.8153843e-01   1.0781541e-01  -2.0877364e-01   4.5685989e-02   2.6121504e-01   9.1192007e-02  -1.9412304e-01   2.7183680e-01   3.2135392e-01   4.3396672e-01  -4.4918307e-02   3.0486606e-01   2.0804695e-02  -2.4693972e-01   1.9369024e-01  -1.7042598e-01  -7.7467930e-02  -4.1187598e-02   2.0121105e-01   3.8208134e-01  -7.7911795e-03  -2.7347275e-02  -1.7936747e-01  -6.6286356e-02   1.9933684e-01  -7.9241402e-02   6.6736812e-01   2.3094292e-01  -5.4954078e-02   2.7092944e-01   1.4943280e-01   4.6740563e-02  -2.2437421e-01  -2.8759591e-01  -2.0434279e-02   1.7588224e-01   2.6021777e-01   2.5608123e-01   2.6388988e-01   3.4695336e-01   2.0697985e-01  -1.7662875e-02  -1.3153351e-01  -3.2965593e-01   2.6390667e-02   1.7270270e-01  -2.3570362e-01  -4.4422175e-01   1.5422158e-01  -8.7544132e-02   6.1262024e-02  -2.9069498e-01   6.0865492e-01   3.3817239e-01   1.0592279e-01   1.8690007e-01   5.8971893e-02   1.4840279e-01   4.3307821e-02   1.6819562e-01   4.1058613e-01   2.8862226e-01  -2.1654343e-01   1.5259165e-01   7.8616717e-02   1.3501582e-01  -7.7628022e-02   3.0052590e-01   3.4782723e-01   2.2044903e-01  -2.1622385e-01   3.2203399e-01   1.3760029e-01   6.0648279e-02   5.7675176e-02  -8.0781478e-02  -4.5714523e-01   1.6848986e-01   3.0150730e-01  -3.2522563e-01   2.2771845e-01  -1.6589962e-01  -2.2193369e-01  -4.8392049e-01  -8.1655508e-02  -1.0726620e-01   6.7078084e-02  -2.4968990e-01   1.3568213e-01   3.4556360e-01   4.0177214e-02   2.0824131e-02  -1.9879082e-02   2.1554100e-01  -2.4623218e-02  -1.7471892e-01   1.7545172e-01   4.5242184e-01   1.5909366e-02  -1.3233712e-01  -2.7105729e-01  -7.7887143e-02   5.4494254e-02  -2.7174560e-01   3.6569143e-01  -5.8119556e-02  -3.8291349e-01   2.3415726e-02   4.4624951e-01   4.4781664e-01
  -1.0911406e-01  -7.8517728e-02   4.9600414e-02  -4.2192020e-02   9.7922211e-02   1.8418770e-01   2.6052245e-01  -3.8272452e-01  -2.3856864e-01   0.0000000e+00  -1.6199259e-02   1.6909275e-01   3.9969208e-02   1.4931877e-02  -5.4816815e-02   1.6119286e-01  -3.5591532e-02   1.5689839e-01  -1.2691901e-01  -5.7884143e-02   4.1640801e-01  -1.6533687e-01   4.7649484e-01  -9.7496089e-03  -7.4437683e-02  -2.2680789e-01   1.3953534e-01  -6.0620268e-02  -2.8690934e-01  -7.7936440e-02  -6.2388371e-03  -1.2959705e-01  -7.3970913e-02   4.5343852e-01   3.9133468e-02   5.7698728e-02   6.8481246e-01  -4.2892963e-01   1.6502962e-01   1.8170244e-01  -5.6131090e-02   6.7106599e-02  -3.5982098e-01  -3.0076701e-01  -1.9282211e-01  -3.0627453e-01   3.0671886e-02   1.9170652e-01   2.0613667e-01   8.4864587e-02  -1.0176510e-01  -3.0114439e-01   1.7483105e-01   3.5725570e-02   3.9285756e-02  -1.2929451e-01  -2.7441413e-01  -2.9104723e-01  -3.9106668e-02  -1.3969266e-01  -2.5626040e-01   5.0988538e-02  -7.0965120e-02  -2.2316193e-01  -2.7989432e-02   8.0855916e-01   2.4119274e-02  -8.5522034e-02  -1.5802036e-01  -2.0026351e-01  -1.8760026e-02  -7.4535830e-02  -9.4268436e-02  -1.1069692e-01  -1.5002298e-01  -9.1127091e-02  -4.0186605e-01  -9.4304638e-02   8.0916735e-02  -4.9848631e-02  -1.0635816e-01   8.5182204e-02  -1.4171000e-01  -2.6451404e-01  -2.1055879e-01  -6.2002109e-02  -2.0945860e-02  -1.5984430e-01   3.4210065e-02  -7.2674768e-02   2.1030036e-01  -4.6572404e-02   2.1952850e-01  -2.3822010e-01  -3.7407223e-01   4.6042852e-01  -2.5988789e-02  -2.8819420e-01  -1.5754448e-01   5.3387250e-01  -3.8696755e-02   4.6065817e-02  -3.7064821e-01  -1.4282423e-01   2.9552774e-02  -2.1929947e-01  -1.3614107e-01  -2.3066341e-01   4.5036949e-02   1.9133948e-01   2.7290849e-01  -1.3835933e-01  -9.3776352e-02   4.7540260e-02  -9.8102571e-02  -5.1218987e-02   5.2475752e-02   4.5488478e-02  -9.4618708e-02  -6.0805152e-02  -1.6895328e-01   1.4461284e-01  -1.7459429e-01   1.3201291e-02  -2.1147960e-01  -3.3250598e-01   3.0184026e-01  -1.0865989e-01  -1.4322298e-01  -2.0602028e-01  -9.4973481e-03   1.4522028e-01  -1.7812282e-01   3.8035343e-02  -2.4992672e-01  -2.2164685e-01  -6.2012609e-02   4.0806955e-02  -2.3038101e-01  -1.0891797e-01   1.5985090e-02  -1.3143658e-02   2.7384018e-02   7.0924306e-02   2.2584102e-01   1.1380038e-02   1.7070801e-01   1.2602446e-01   2.9798924e-01   6.3748327e-01  -6.3408926e-02  -3.0861806e-01  -1.2697457e-01   8.5744326e-02   9.2467315e-02  -1.3538642e-01  -2.3589420e-01   4.0431023e-02  -2.3775886e-01  -2.9562748e-01  -1.2613151e-01   2.4712114e-02   5.9582921e-01   5.7714776e-02  -2.1409828e-01   1.7093379e-01   2.5259253e-01  -2.2555362e-01  -5.2114209e-02  -6.6438426e-02   4.0204525e-01  -3.3384995e-01  -1.0064399e-01   5.0056639e-02  -1.9416373e-02  -5.1669075e-02  -5.2681723e-02
  -1.0253917e-01  -2.1812192e-01   1.0808555e-01   5.2870653e-02  -1.2276478e-01   3.6855935e-01   3.3359821e-01  -8.4532466e-02  -4.7321596e-02  -1.6199259e-02   0.0000000e+00   2.4728704e-02   3.5789569e-01   1.2816861e-01   2.3482959e-01  -6.1938827e-03   9.3553118e-02   2.5018663e-01   4.5732972e-02  -2.7870786e-02   4.0964359e-01   2.3313500e-01   3.4839911e-01   1.3157480e-02  -1.2856686e-01   1.6190244e-02   1.2517123e-01  -2.1661416e-01  -2.2218103e-01   3.2590704e-01   8.5251120e-03   1.4560065e-01   1.7691139e-01   3.7820618e-01  -1.0395852e-02   2.1588044e-01  -1.4839224e-01  -6.3610868e-02  -2.8234658e-02  -2.0877664e-02   2.4717552e-01   1.3548935e-01   6.8591791e-02   5.0000136e-01   1.0274601e-03  -7.2875317e-02   5.0867326e-01   4.9637907e-01  -1.9431448e-01  -1.4180712e-01   5.1807160e-01   9.1165985e-02  -1.4491411e-01  -1.6478070e-01   6.9642376e-02   5.8487836e-01   2.0563102e-01  -9.2595800e-03   1.1621591e-01  -7.0787133e-02   3.3239014e-01   2.5930871e-01  -9.0527771e-02   3.1658753e-01   1.0235190e-01  -6.6549011e-04   2.7588686e-01  -9.1811553e-02   5.3613268e-01  -9.8613309e-02  -2.8153094e-01   3.5369772e-01  -9.6134528e-02  -1.8057520e-01  -1.8175597e-01   6.2368946e-02   2.6542019e-01   5.6336923e-01  -3.0216741e-01   5.5517552e-03   1.2389208e-01   4.0852152e-02   3.1748577e-01  -1.5978031e-01  -4.2710746e-02   3.1735069e-01  -7.6240591e-03  -1.9267661e-01  -1.3411613e-01  -4.0744646e-01  -1.6876257e-01   3.0705239e-01  -2.1026336e-02   6.8540570e-02   2.4650875e-02   6.5561856e-02   5.0974927e-02   2.6050024e-01   2.7966620e-01   3.3696895e-01   1.7389979e-02   3.5839664e-01   1.6354633e-01   9.0622437e-02   3.5806806e-01   1.3300248e-01   1.1422776e-01   4.1101822e-01   2.7582614e-01   4.5612531e-01   1.6921163e-01   1.3528080e-01   1.2334841e-01  -2.9475216e-01  -1.5682012e-01  -4.2818219e-01   3.6493632e-01   2.9268242e-01   3.6265593e-01  -1.6426498e-02   1.1419558e-01  -2.3053820e-01  -7.9923897e-02   1.6374699e-01  -6.4153945e-03  -3.9620902e-02   2.6257320e-01  -4.0138578e-02   2.5407335e-01  -3.7988902e-02  -6.6144034e-02   2.9976312e-01  -8.4573701e-04   3.5490803e-01   3.4870769e-02   1.1149614e-01  -4.2537265e-02   9.1390212e-02   2.2514443e-01  -2.2919175e-02   5.2795216e-02   1.0447443e-01   3.4388452e-01   3.0925869e-01   4.1857174e-01   2.1747326e-01  -2.5070503e-01  -1.6706218e-02   5.5797383e-01   5.2978759e-03  -9.5243930e-02   1.1882585e-01   1.2360200e-01   3.6251036e-01  -2.0209860e-01  -1.0014370e-01   2.5112459e-01   3.1366974e-01   1.9745343e-01   9.2968147e-02  -3.4472046e-01   6.6834696e-01  -2.0158567e-01   5.0305463e-01  -8.0812277e-02  -3.1118431e-01   2.9125552e-01  -3.3344510e-02   1.6506516e-01  -2.8316645e-01   2.5661588e-02   9.9949596e-02   4.9204893e-01   3.2366610e-01  -1.0493088e-01  -1.8067765e-01  -7.5819499e-02
  -9.0282733e-02   4.3431337e-01   2.8479987e-01  -2.8185132e-01  -1.6451482e-01   3.8152398e-01   5.8424053e-01  -1.5910650e-01  -3.3972833e-01   1.6909275e-01   2.4728704e-02   0.0000000e+00  -2.3235126e-01  -1.2423670e-01  -1.6852645e-01   1.2186953e-01   9.8224041e-02  -5.4007589e-02   5.5020685e-02  -1.0075785e-01   1.5454490e-01  -1.1573011e-01   1.7985931e-01  -1.0557453e-01  -7.3241589e-02  -2.0628482e-02   4.1538244e-01  -8.1175546e-02   1.1461922e-01   5.0070866e-01  -1.1309757e-01   1.4785279e-01   1.3436792e-01   3.2566754e-01   2.1973363e-01   1.2448688e-01   2.2510924e-01  -2.2854847e-01   2.5267548e-01   1.7022276e-01  -1.4766250e-01   1.1379537e-01  -2.7083437e-01  -2.3878135e-01  -9.4375826e-02  -2.3711456e-01   1.8072494e-01   5.0148580e-01  -1.4265668e-02   2.2469128e-01  -8.7951966e-02  -9.3230714e-02   3.5817113e-01  -2.7970970e-01   5.5229338e-02  -1.3383043e-01  -1.2257487e-03  -6.9399024e-02   1.2214224e-01   3.5693098e-01  -5.5756358e-02  -1.0071941e-01  -4.8395342e-01   1.0954147e-01   8.6229414e-02   3.9726900e-01   2.3189962e-01   2.5633645e-03   1.6747007e-01  -1.4489265e-01   1.1525971e-01  -4.2393131e-02  -1.0096336e-02   1.2986384e-01  -2.6535942e-01  -4.0855142e-02  -1.6273697e-01   9.7356885e-02   7.6848475e-02   1.3005380e-02  -1.9027377e-01   3.1230758e-01  -4.7469796e-02  -3.8455620e-02   2.7432411e-01  -9.1821679e-02   1.7450222e-01  -1.1178392e-01  -3.3113406e-01  -1.3435519e-01  -1.5149531e-01   2.2432626e-01   3.6085379e-01  -2.8169766e-01  -3.0901682e-01   2.4000540e-01  -3.1826720e-01  -1.9996708e-01   5.8061893e-02   1.5567323e-01  -1.6609555e-01   3.2422528e-01  -2.0604328e-01   2.1601912e-01  -2.2230835e-04  -1.2059791e-01  -2.0971942e-01   1.1421012e-01  -9.3791898e-02   3.4796972e-01   2.3045411e-01   2.6484879e-01  -3.3718061e-01  -5.1227467e-02  -2.2925139e-01   3.7057176e-02   3.1261877e-02  -1.9934270e-01  -3.8911968e-01  -3.0849680e-01  -1.4992625e-01   3.3653863e-03  -3.8047591e-01  -1.1964013e-01  -2.0593797e-01   1.2614986e-01   2.0340766e-01  -1.2818879e-01  -9.0303106e-02  -6.1949064e-02   1.0352238e-01   2.3595195e-01   2.5664061e-01   1.2128505e-02  -3.2127486e-01  -6.9483510e-02  -1.7995300e-01  -1.7708666e-01  -7.8675258e-02  -8.4922672e-02  -4.6604800e-02   3.0414228e-02   1.6943382e-01   6.0837993e-02   1.6787453e-01  -1.6745123e-01   3.1046659e-01   1.1632159e-01   3.1071608e-01   1.2418053e-01   1.3077379e-01  -2.0615736e-01   1.5692024e-01   1.9409606e-01   4.2091103e-01  -1.4923206e-01  -1.8681490e-01   2.0334927e-01   3.4286939e-02  -1.2039781e-01  -2.6274794e-01  -6.4874751e-02   3.9897511e-02   4.2773483e-02  -1.2012902e-01  -6.0138861e-03   3.2284358e-01  -1.0380408e-01   1.3816682e-01   9.5274408e-02   2.9719333e-01  -2.3483314e-01   4.1350075e-02   3.5236252e-01  -3.5222448e-01  -3.1900675e-01  -1.6468809e-01
  -7.0208157e-02  -1.5240902e-01  -6.5396459e-02   1.4908065e-01   1.1259497e-01   5.4833819e-03  -1.3260958e-01  -2.1291299e-01  -3.3515178e-02   3.9969208e-02   3.5789569e-01  -2.3235126e-01   0.0000000e+00  -5.5842128e-02   1.0421868e-01  -9.6593903e-02   5.6570171e-02   6.8423331e-02   1.1837036e-02   1.6596822e-02   1.7679256e-01   1.0235661e-01  -4.3214793e-02   9.7657391e-02  -2.1832949e-01  -9.2163703e-02   1.9350418e-02   8.7639889e-02  -3.4900277e-01  -1.2552784e-01  -9.8257656e-02  -6.7234525e-02  -1.0367598e-01   1.1117917e-01  -4.4297776e-02   2.4768589e-01   2.8266658e-03  -1.5089113e-01  -1.6177608e-01  -2.3178796e-03   6.2608478e-01  -1.3223265e-01   2.6636359e-02   2.5454610e-01  -8.2858363e-02  -5.2843202e-02   3.1267348e-01  -3.5019667e-02  -6.8954760e-02   3.6368370e-02   2.7000725e-01  -1.4104578e-01  -1.7690681e-01  -5.3720024e-02   4.0201643e-02   2.0084119e-01   1.1916666e-01  -4.6665224e-02   2.5065122e-01  -1.9216725e-01   1.3101084e-01   1.7136021e-01   1.2826972e-01  -1.1522025e-02   5.1436762e-02   5.3651442e-03   1.2509860e-01  -1.0776818e-01   5.7654287e-02   4.7873737e-03  -1.8264194e-01   6.4094491e-02   1.2978277e-01  -1.5017876e-01   3.8439944e-02  -8.2254688e-02   1.5438246e-01   2.3572109e-01  -7.9775423e-02   1.1046590e-01   2.9689035e-02  -1.4701602e-01   8.6094553e-02  -8.4575145e-02  -2.5486550e-01   1.8621864e-01  -3.8190054e-01  -1.1367480e-01  -6.0251696e-02  -1.7159454e-01   1.8416864e-01   9.9885087e-03   1.7093886e-01   1.2769952e-01   4.9161146e-02   1.0024830e-02   6.7116567e-02   1.9302092e-01   1.0004618e-01   1.1331830e-01  -9.0303738e-02  -8.4491476e-02  -9.5244111e-02  -1.0389969e-01   6.4963965e-02  -1.2610348e-01  -8.8443772e-02   3.0988601e-02   1.1708618e-01   2.6125962e-01   1.8190679e-02  -1.3755415e-01   7.9984884e-02  -1.7189807e-01   6.0044934e-02  -1.0237811e-01   3.1036940e-01   7.5004501e-01   1.5159099e-01   1.0805383e-01   6.7358092e-02   1.3745072e-01   9.0540908e-03  -1.1958560e-01  -1.2951484e-02   1.0362068e-01  -1.7921968e-01  -1.1320036e-03   6.8384844e-02   4.4225822e-02   1.1777714e-01  -4.8699795e-02  -1.7823164e-01   2.1145440e-01  -6.1621677e-02  -1.0449169e-01   9.1263504e-03   2.1271566e-02  -7.0465761e-02   8.9044650e-04  -9.6823323e-02   1.3955615e-01   9.0300038e-02   4.6426524e-02   2.6214471e-02   4.8420299e-02  -1.9951920e-01   1.4470617e-01   3.2348114e-01  -4.7405220e-02  -1.0820519e-01  -9.2196468e-02  -1.8536114e-01  -8.5666679e-02  -1.5458792e-01   1.4523535e-02   4.3138625e-02   4.0167655e-01   2.8835503e-02  -5.4359260e-02  -7.2067701e-02   3.4034640e-01  -1.3396848e-01   5.1608573e-02  -1.3843731e-01  -6.6728753e-02  -8.2690540e-02   1.2321232e-01  -3.6965790e-02  -4.4664933e-02   1.5242254e-01   8.8017471e-02   2.4632624e-01   3.0793479e-02  -7.5045893e-02  -4.0524613e-02   5.7262696e-02
   2.6543099e-01  -9.5673192e-02  -2.6001736e-02  -1.1026108e-01  -2.4110518e-01   5.1566692e-02  -5.5559004e-02   1.5634634e-01  -6.1253934e-02   1.4931877e-02   1.2816861e-01  -1.2423670e-01  -5.5842128e-02   0.0000000e+00   1.7969290e-01  -1.9775160e-02  -6.7800137e-02   2.0537494e-01  -5.9283076e-02  -2.5130779e-01  -1.0423317e-01   2.0846469e-01   1.2688277e-03   3.4808143e-01   7.5072669e-02   1.0593993e-01  -5.6434645e-02   1.8321744e-01  -2.7147765e-02   9.7679924e-02  -5.7469035e-02  -7.7201221e-03  -6.9982827e-02   1.6245858e-02  -2.0560684e-01  -1.2141238e-01   8.4966210e-02   1.9487962e-01  -1.4870573e-01  -1.7897348e-01  -9.3682143e-02   1.5940830e-01   8.8882342e-02   2.0515608e-01  -1.7960793e-01   6.0540123e-02   7.0996179e-02  -2.1654960e-02  -2.8518947e-01  -1.5128276e-01   1.7373647e-01   8.9204346e-02  -3.5905391e-01   3.9517230e-02  -6.3444903e-02   1.7697331e-01   1.3663424e-01   1.1759072e-01  -1.2585250e-01  -2.3464901e-01   1.7805663e-01   8.0152160e-02  -1.9104296e-02  -2.4421955e-02  -7.7150877e-02  -4.1763645e-02  -7.3756017e-02  -1.4488758e-01   1.1032689e-01   1.5875596e-01  -1.8806116e-01   1.4064181e-01  -2.3152066e-01  -1.3499705e-01   2.0561173e-02   1.0708223e-01   3.2017617e-02   1.9461257e-01  -1.4715870e-01  -1.4045021e-01   1.9734634e-01  -1.1523039e-01  -2.2761610e-01  -6.6684207e-02   1.0843148e-01   3.0192306e-01   1.0274871e-02   2.0492832e-01   9.7761074e-03   1.8974985e-01  -2.0918739e-01   3.7957332e-02  -4.5095763e-02  -3.9050148e-02   1.1129775e-01   4.9021274e-02   8.1259394e-02  -4.8981833e-03   9.2027843e-03   1.7389050e-01  -9.0289869e-04   5.5195604e-02   3.6172666e-01  -1.2614279e-01   8.4644280e-02  -1.0571993e-01  -8.9573888e-03  -7.7278977e-02   1.1333636e-02   8.1319386e-02  -3.0352308e-03   2.0952109e-01   5.0889132e-02   1.8950509e-01   7.7404769e-02  -1.9082537e-01  -6.8784404e-02  -3.0144252e-02   1.9648912e-01   4.9630757e-03   1.1603379e-01  -1.3983928e-01  -4.5271243e-02   5.4339472e-02   9.3418374e-02   1.2423948e-02   2.7160081e-02   1.1206324e-01   1.4281406e-01  -6.9828503e-02  -6.9302290e-02  -2.1445231e-01   1.0009335e-01  -1.4449171e-01   6.1717339e-02   8.6270951e-03   3.6808191e-02  -7.4991035e-02   2.6059216e-01   2.4453499e-01   5.0196492e-01  -6.6733346e-02   5.2190340e-02   1.2835202e-01   1.8487968e-01  -3.5698525e-03  -1.9543804e-01   1.8275293e-02   1.7313007e-01  -1.5075496e-02   1.6762427e-01   2.0413777e-01   8.4176854e-02  -5.0865042e-02  -6.0416392e-02   1.5585118e-01   2.5911142e-01  -3.3011665e-02   1.1867133e-01   2.4953357e-01   1.0266971e-02   6.5245213e-02  -2.0335949e-01   5.8327078e-02  -8.0759530e-02  -1.2408859e-01   1.2506293e-01   9.7569967e-02   2.4275153e-01  -2.5465092e-01  -2.1404158e-01   2.1521748e-01   6.9131663e-03   2.1123278e-02   1.3360417e-01   2.2303799e-02   1.8497302e-01
