   0.0000000e+00  -2.0636571e-01  -1.4521865e-01   8.1337622e-02  -1.7706854e-02  -1.3329497e-01  -3.2736754e-01  -2.7286595e-01   1.4525557e-01   1.2879866e-03  -2.8466108e-01  -1.3018511e-01   3.1013115e-02  -2.9811385e-02  -7.7518073e-02  -3.1356060e-01  -1.4244969e-01  -1.7921040e-01  -2.1692358e-02   1.8554437e-01  -6.4616595e-02  -2.0287227e-01  -9.0119401e-02   4.2519956e-01  -2.7551649e-01  -1.1504593e-01  -1.6153188e-01   4.0228561e-01  -1.0757431e-01  -3.3428510e-03  -7.3785522e-02   1.6329094e-01  -3.0274215e-01  -1.7152431e-01   1.1379038e-01   7.1589587e-03  -5.5622150e-03   5.3144493e-01  -3.1013742e-01  -3.3355911e-01  -1.1869923e-02  -1.8919030e-01   2.1386452e-01  -2.3821009e-01   1.0105919e-01   2.6656952e-01  -1.5513750e-01  -2.3864899e-01   3.1134218e-02  -1.6691541e-01   1.4576865e-01  -2.3444959e-01  -3.0007999e-01  -9.3726743e-02   2.3716548e-01   1.2312181e-01   1.9451194e-01   1.0197567e-01   1.9445519e-02  -6.3485633e-02   2.0323637e-01  -4.3022211e-02   1.8503103e-02   9.3389923e-02   1.1453637e-01  -5.3794277e-02  -2.5240092e-01   1.8038759e-01  -2.6565301e-01  -1.2705715e-01  -1.1869496e-01   7.1759171e-02   5.7531635e-02   5.1290334e-01  -1.3534078e-01   4.2498591e-02   2.5950798e-02  -1.9234748e-01  -4.8068302e-02  -9.6122332e-02   2.0643666e-02  -4.2723296e-02  -1.8034931e-01  -1.7554568e-01  -1.9581231e-01   2.9595769e-02  -2.4251254e-01   3.3889719e-01  -3.0780300e-02   6.5387223e-01   1.0595608e-01   2.9292666e-01  -7.6752414e-02   2.4177455e-02   4.5266192e-01  -2.8014514e-02  -3.7771783e-02  -6.5723790e-02   9.9761377e-02  -7.5648198e-02   7.0916433e-02   1.1218053e-02  -3.2326545e-01   6.7572223e-02   4.3588849e-02  -1.3346672e-01  -2.1700854e-01  -1.9586795e-01  -1.1929428e-01  -1.8361608e-01  -3.0091588e-01   6.2296569e-03   3.2325117e-02   5.2966944e-01  -9.9265026e-02  -1.4785197e-01  -2.6939006e-02   3.6859160e-01   1.6701240e-01   8.0949818e-02   4.0246103e-01   1.9244730e-01  -9.2142455e-03   1.2186305e-01   1.1595151e-01   3.5168810e-01   6.9242790e-02   7.1555612e-02  -3.6100231e-02  -2.6249820e-01  -1.5791689e-01  -2.5342705e-01  -8.4111167e-03  -5.8569408e-03  -8.1227005e-02  -2.5680709e-01  -8.3865609e-03   3.0007395e-02  -1.0335935e-01   2.0318122e-01   5.4104473e-01   1.2445367e-02  -1.1589657e-01  -4.9536133e-02   5.3535916e-02   3.6137325e-02  -1.4873261e-01   1.0221321e-01  -3.0601831e-02  -1.7934885e-02   1.8296112e-01  -2.9487978e-01   3.8481478e-01  -3.3894417e-02  -1.2983767e-01   2.5974191e-01   3.5848452e-01   9.0088622e-02   3.2650051e-01   1.3014590e-02  -1.6800279e-01  -3.9094655e-02  -1.1826082e-01   2.0552894e-01  -1.6655915e-01  -9.2698994e-02   6.5926967e-02   1.2185341e-01   4.0559697e-01  -4.2166716e-02  -1.0816164e-02  -5.6189752e-03   5.5034883e-03  -4.0807507e-01  -1.3586517e-01  -1.1584815e-01   5.7504047e-02
  -2.0636571e-01   0.0000000e+00   3.9139388e-01  -9.6765617e-02   9.9954037e-02  -1.9802014e-02   4.7705977e-02  -5.8104977e-02   1.4513507e-01   1.9585776e-02  -1.1000065e-01   2.4026609e-01  -1.2978016e-01  -2.1084070e-01  -1.0083886e-01   1.5127027e-01   3.3741635e-01  -1.4565008e-01   1.1928087e-03   2.1302867e-02  -2.4038384e-01  -4.4395611e-02  -3.3904314e-01  -2.2974376e-01  -1.5427360e-01  -1.5540395e-01   2.2954412e-01  -2.0678409e-02   3.1127893e-01   2.1245418e-01   3.8120304e-03  -1.0214195e-01  -7.6422936e-03   1.5789127e-01  -6.7783721e-02  -2.0819205e-01  -1.4274757e-01  -1.5694856e-01   1.9134572e-01   3.0113207e-01   2.9660349e-02   2.5937180e-02   2.5723888e-01   1.1121828e-01   2.1179191e-01  -2.8297591e-02  -1.7554425e-01   1.6145998e-01   2.8879297e-01   3.3138300e-01  -6.8532206e-03   3.2313678e-02   3.6805749e-01   1.6423456e-01  -3.3213620e-02  -3.3610380e-01  -1.7284806e-01  -1.9437766e-01   7.5382912e-02  -2.4739000e-01  -2.3714357e-01   1.9505576e-01   2.9761560e-01   4.9404485e-01   3.8639076e-01  -7.0334900e-02   2.4271986e-01   1.9056913e-02   4.3145938e-02   2.0213304e-02   5.3257944e-01  -1.2304577e-01   2.8912161e-02  -6.7085250e-02   9.6363059e-02  -1.5603382e-01  -5.1235662e-02  -1.0203754e-01   2.5144405e-01   2.2907981e-01  -2.7707695e-01  -2.8209951e-01  -1.2164840e-01  -3.9709449e-02   5.0234638e-01  -2.8730743e-01   5.3468327e-02  -1.0215435e-01   1.4267249e-02  -3.4095044e-01   2.2277411e-01  -1.1040018e-01  -1.6712985e-01   3.0601393e-02  -1.6182676e-01  -5.6731271e-02   1.8163416e-01  -2.2619897e-01  -4.4803724e-02   1.0768462e-01   1.3367535e-01   7.4995283e-02  -3.1729353e-02  -1.8836449e-01  -1.8330393e-02  -6.6382308e-02   9.8658053e-02  -8.9300688e-02  -2.2860886e-01   2.6733625e-01   3.2435225e-02  -2.2511618e-01   5.7401131e-02  -2.6288507e-01   6.3508536e-02   2.2395321e-01  -1.8107777e-01  -2.5426330e-01  -8.0205553e-02  -7.7169795e-02  -3.5880220e-01   1.5770752e-01   7.4976993e-02   1.9892174e-01  -6.6428102e-02  -1.8541598e-01   1.0238099e-01   2.2468469e-02  -2.0382049e-01   1.8439349e-01  -1.1740624e-01  -1.0975415e-01   1.5403924e-01   1.6572109e-02   1.3463934e-01  -4.7968046e-02   8.6058455e-02   1.7600518e-01  -2.0236906e-01  -1.5824287e-02  -3.0543040e-01  -1.7777281e-01  -8.5386716e-02   6.3260128e-02  -3.4782631e-01  -6.0689670e-02   2.7457345e-01  -1.8433404e-02  -2.5019088e-01  -1.0302755e-02  -3.2121939e-02  -5.6339803e-02  -1.0411664e-01   4.2886448e-02   3.8802308e-01   2.5929723e-02  -2.7865074e-01  -7.0758156e-02  -1.7877139e-01  -1.8729144e-01   1.5613001e-01  -6.2493697e-02   2.4211251e-01   2.4976177e-02  -6.0729492e-02   2.9079758e-01   1.2471992e-01  -3.0102811e-01  -2.0581965e-01  -1.0069843e-01   2.3111470e-02  -2.5060660e-01   7.6902119e-02   5.4892571e-02   1.4173562e-03  -1.0592152e-01  -1.1095238e-01
  -1.4521865e-01   3.9139388e-01   0.0000000e+00   2.3712754e-01   2.0021458e-01   1.4635089e-02  -8.4525500e-02  -2.6029753e-01  -7.2211227e-02   1.5891047e-01  -1.3030997e-01   3.7996819e-01   2.3154175e-01  -3.9596291e-03  -2.2099527e-01   2.8072049e-01   6.5264205e-01  -1.0226350e-02  -1.0850990e-02   3.9290114e-01  -1.0513799e-01   1.1487624e-01  -2.1976976e-01  -2.3160907e-01  -1.3349109e-01  -1.1024312e-01   2.4993581e-01  -1.2484393e-01   8.6621340e-02   9.0137104e-02  -2.8493411e-01   6.5911175e-03  -3.6305439e-02  -5.6011115e-02   6.8803649e-02   1.3020093e-01  -1.8182744e-01  -2.4957792e-01   6.0649864e-02   3.3446235e-01   1.0219987e-01  -1.6091830e-01   2.7687835e-01   1.4709557e-01   7.3589986e-02  -9.0850414e-02   2.6848308e-02   6.8191806e-03   2.1244294e-02   3.7245203e-01  -1.5830910e-01  -1.1153438e-01   1.9155966e-01   1.9707220e-01   9.5664806e-02  -9.4962738e-02   2.5002886e-02  -7.7308440e-02   1.1841909e-01   4.4763894e-02  -1.0320127e-01   2.0063684e-01   1.0757513e-01  -5.7570430e-02   2.8476679e-02   1.6701788e-04   3.1158649e-01   1.0129821e-01   1.8806796e-01   2.0013943e-01   3.3974172e-01   5.8135788e-02   5.2291359e-02   7.0320192e-02   6.7612825e-02   2.3960628e-02  -2.2702894e-01   2.8008387e-02   2.2165474e-01   6.1562695e-02  -1.4421877e-01  -2.4722801e-01  -1.0095798e-01  -3.4256778e-02   3.4096525e-01  -1.0862653e-01   4.2114648e-02  -1.7057371e-01   2.1378234e-01  -3.1377763e-01   1.4544679e-01   4.5671064e-02   3.0122972e-02   2.0895911e-01  -4.5572287e-01   1.4553822e-01   1.9896388e-01  -6.2214992e-02   1.6415684e-01  -2.3021163e-02  -6.3550322e-03  -1.6552344e-01   1.2071874e-01  -3.4800468e-02   2.5941563e-02   1.3975300e-01   1.0154368e-01   5.4421749e-03  -1.5054396e-01   2.6402932e-01   1.6447251e-01   4.2580768e-02   3.4174155e-01  -3.7441001e-01  -6.3308908e-02  -1.2078802e-01  -1.2099419e-01   4.8458654e-02   1.1081863e-01   1.1250771e-01  -4.1413399e-01   2.8453395e-01   2.5935704e-01  -1.5717085e-01  -1.2836079e-01  -1.6103451e-01   1.0869294e-01   4.1491840e-02  -1.8590058e-01   3.4200064e-01  -3.1857039e-02  -1.8623330e-01   3.3964102e-01  -1.1080496e-01  -3.0500846e-02  -2.5096856e-01   1.0711630e-01   5.3030698e-02  -2.8530909e-01  -8.4917134e-02  -1.5604128e-01  -3.4910849e-03  -1.8522239e-02   3.4257224e-01  -2.8167719e-01  -4.4033227e-02   1.4436942e-01  -4.4303238e-02   1.5183701e-01  -1.7223085e-01   1.1386695e-03   2.6751216e-02  -1.3683603e-01  -1.2782653e-01   6.5672229e-01  -2.4304396e-02  -4.8911435e-01   1.7665685e-01  -7.6699565e-02  -3.6823935e-02   6.3580176e-03  -2.2067963e-01   2.4807442e-01  -3.5701443e-02   9.6358740e-02   2.2789955e-01   4.9725569e-02  -4.5042331e-02  -2.1748421e-01  -9.3100402e-02   5.8640033e-02  -4.1264426e-01  -1.9585437e-01   2.1102272e-01  -3.3480080e-02   5.3454196e-02   1.3058964e-01
   8.1337622e-02  -9.6765617e-02   2.3712754e-01   0.0000000e+00  -4.7696761e-02   3.5320265e-01  -2.1050514e-01  -1.1033974e-01   2.4729011e-01  -2.4313999e-01   1.1452905e-01  -6.2193613e-02   1.1313079e-01   1.3262470e-01  -1.6321007e-01  -1.9511255e-01   2.2410282e-01   3.7887553e-01  -1.5411738e-01   4.7303966e-01   2.7458780e-01   5.0944768e-01   1.8886527e-02  -1.1616864e-01  -3.9570987e-01   3.4326029e-01   1.9676575e-01  -1.3421509e-01  -4.5118812e-01   4.5032513e-01  -1.3487599e-01   5.1449648e-01  -4.9367021e-01  -3.6054847e-01   2.6884568e-01   2.5908097e-01  -2.2513772e-01  -8.6769186e-02  -3.5139307e-01  -2.6122123e-01   6.9789853e-02  -4.5708335e-01   6.1672461e-02   1.9606514e-01   8.5880935e-03  -1.6518469e-01   1.1769817e-01  -6.3159446e-02   1.7069075e-01  -3.0681703e-01   2.7684900e-01  -5.1723072e-02  -3.1568169e-01   2.1967210e-01   4.7141017e-02   4.3662814e-02   3.0753973e-01   5.1204516e-01   2.1155827e-01   2.6898855e-01  -2.0240058e-01   2.2270920e-01   1.2269790e-01  -2.5045082e-01   2.1465275e-01  -2.2158091e-01   2.7022409e-01   3.7374682e-01   2.8592042e-01   1.0408556e-01  -2.5780514e-01   7.0225320e-01  -2.4621994e-02   4.4078520e-02   8.6820415e-02   2.1935810e-01  -4.1156962e-01   2.9632046e-01   1.9407396e-01   8.2148410e-03  -8.8772486e-02  -3.0876322e-01  -3.6585707e-01   6.2200739e-02  -1.1886376e-01   2.3563226e-01  -5.5219133e-02  -1.1962401e-01   2.1944496e-01  -2.5695313e-01   1.9388493e-01  -1.2969451e-01  -3.0731842e-01   6.3606646e-01  -2.8376654e-01  -2.8603385e-02   1.0669495e-01   2.2125279e-01   4.7514134e-01  -1.6443206e-01  -6.6536205e-02  -4.2358745e-01   2.5452786e-01   4.1330963e-01   3.8800754e-01   3.7741561e-01  -4.5127503e-01   2.4936728e-01  -5.4683018e-02  -2.4483738e-01  -2.4880962e-01   3.9198184e-01   6.7103120e-01  -1.7527000e-01  -3.7692256e-01  -2.1397281e-01   1.8777048e-01   2.0351201e-01   2.6228107e-01   6.8201832e-01  -2.6941397e-01   2.5406264e-01  -5.2673606e-02   1.0735067e-01  -5.1393347e-02   5.6073673e-02   9.9793694e-02   1.4253979e-01   2.7842632e-01   2.1771176e-01  -3.5294998e-01  -1.3171862e-01   3.2453662e-01  -1.3103997e-01   1.9286942e-01  -7.9944244e-02   2.4569398e-01   1.0672863e-01   2.6784889e-03  -7.6495441e-02  -1.9779957e-02  -4.5801448e-02   2.1441794e-01   3.2335618e-01   6.9008897e-02   5.4897292e-01  -4.1419209e-01  -5.4570345e-02   9.9410689e-03   1.0617722e-01  -3.0020361e-01   3.1492885e-01  -3.3427827e-01  -4.7382425e-02   1.0271578e-01   7.2252396e-02  -4.3150511e-01  -5.7715295e-02   9.3508137e-02   2.3127065e-01  -4.8735361e-02  -5.1919237e-02  -2.1628520e-03   4.1330311e-01   5.8294573e-01  -1.6733068e-01  -1.1664895e-01   1.8088930e-01  -2.2649933e-01  -2.0307727e-01  -2.2131939e-01  -5.2233942e-01   1.2827067e-01   9.3457624e-02   6.5560362e-02   2.9664179e-01   6.4880663e-01
  -1.7706854e-02   9.9954037e-02   2.0021458e-01  -4.7696761e-02   0.0000000e+00  -2.8097360e-01  -2.3331528e-02  -1.1937386e-01  -6.2793665e-02   1.4178816e-01  -1.9537975e-01   5.9479650e-02   1.7662129e-01  -2.5350053e-01  -1.1911627e-01   1.1769543e-02   2.3480636e-01  -2.3994409e-01  -8.5504106e-02   3.1874495e-01  -2.5840590e-01  -1.6949309e-01  -2.0341617e-01  -3.2240298e-01   2.3704012e-02  -9.7542789e-02   2.2893104e-01  -2.4116987e-02   1.9910941e-01  -2.6977525e-01  -1.3072210e-01  -2.3984427e-01  -4.3112515e-02   3.5287865e-02   1.0648764e-01   1.2791410e-01  -1.4258230e-01  -6.9300397e-02   7.8661720e-02   8.5674231e-02   1.5031097e-01  -1.1349850e-01   2.6839603e-01  -2.8677125e-02  -1.2940109e-02  -1.7382728e-01  -3.1369372e-02  -1.4405578e-01  -6.6681571e-02   2.4258251e-01  -2.0175583e-01  -3.8605831e-02   2.3303123e-01   9.8069077e-02  -2.1846038e-01  -5.3183791e-02  -8.6497793e-02  -1.3869463e-01  -7.5336106e-02  -1.4808820e-01  -5.1904624e-02   1.3257935e-01   9.2795246e-02   1.6957848e-01   4.2285470e-02   1.8409950e-01  -5.8336749e-02   1.1940528e-02  -1.2713146e-02  -1.9538301e-01   3.3788778e-01  -2.5248001e-01   2.4738792e-01  -1.1788622e-02   4.4589838e-02   7.9992259e-03  -1.4293957e-01  -8.2980579e-02   5.2494818e-01   1.5521462e-01   8.3652229e-02   5.3731625e-02   5.9369520e-02  -1.2535756e-01  -4.4224379e-02  -1.7085665e-01  -6.4489222e-02   1.3820997e-01   9.3317085e-02  -8.3757176e-02   3.6894796e-01  -2.7188167e-01   2.1562748e-01  -5.7164205e-02  -1.6088944e-01   4.3197774e-01  -5.9747768e-02  -1.9010668e-01   1.1660030e-01  -8.2329690e-02   4.9673312e-02   7.9036459e-03   7.5476729e-02  -2.1331708e-01  -2.0597673e-01   6.5657648e-02   2.1801597e-01  -8.9171531e-02  -6.5733770e-02   2.8857283e-01   2.9588624e-01  -1.8802846e-02  -1.6660975e-01   1.0365432e-01   3.7928886e-03   1.2886644e-01  -2.0808177e-02   5.3272569e-03  -1.0454353e-01  -2.1004727e-01  -1.8268503e-01   4.7067126e-01   3.3699125e-01  -9.4537797e-02  -2.9181509e-02  -2.5331949e-01   5.5622812e-02  -1.7462915e-02  -1.6672387e-01  -2.1572455e-01   2.8000294e-01  -2.0470312e-01  -1.7201043e-01  -2.7165979e-02  -1.2326016e-01  -5.5203522e-03  -1.3712874e-02  -1.6123798e-01   3.0746481e-02   1.8464872e-01   5.6018474e-02   1.2900229e-01  -7.7790490e-02  -1.9517809e-01  -1.2116751e-01  -2.5351308e-01   2.2212648e-01   4.0371097e-01  -5.5331174e-02  -4.6390907e-01   1.2891785e-02  -1.9628706e-01  -1.7966406e-01   1.0329535e-01   9.5993319e-02  -4.8827191e-02  -1.9271660e-01   2.5275356e-02  -6.5094179e-02   2.4969975e-01   1.9779501e-01  -2.6991822e-01   1.6569656e-01  -1.0887835e-01  -1.4802545e-01   6.4614995e-02   3.4926589e-01  -1.0954675e-01  -2.3334844e-01   3.3985862e-01   3.9447678e-01  -8.3746121e-02   9.9803719e-02  -1.4007472e-01   2.0189440e-03   1.3605439e-01  -1.4088028e-01
  -1.3329497e-01  -1.9802014e-02   1.4635089e-02   3.5320265e-01  -2.8097360e-01   0.0000000e+00   3.8988345e-02   2.4234887e-01   2.1818896e-01  -1.5299973e-01   2.6903750e-01   1.0388162e-02   6.1215985e-02   2.4313645e-01  -1.2835854e-01  -2.2184570e-02   6.4060929e-02   2.9475899e-01   4.3198648e-02  -1.4492846e-02   2.3467151e-01   4.8633633e-01   1.5153981e-01  -9.7669654e-02  -3.0886986e-01   4.0362324e-01   9.5647279e-02  -7.6416328e-02  -1.5019249e-01   2.5503561e-01  -8.6116260e-02   3.0676944e-01  -1.3715475e-01  -9.9667401e-02   8.9407905e-02   6.1257185e-02  -1.6767378e-01  -4.2891669e-01  -1.0415489e-01   8.9527170e-02  -4.0725170e-03  -2.7925695e-02  -5.4827091e-02   3.1983928e-01  -1.0856095e-01   2.6712820e-02   1.0374449e-01   1.3895067e-01  -1.4498490e-02  -1.0743671e-01   2.6730169e-02   2.6131713e-01  -1.7447859e-01  -9.1960000e-02   2.7265378e-02   6.6381189e-03   4.2052184e-01   4.0533246e-01   9.8646514e-02   3.7250128e-01  -1.5260832e-01   1.1418306e-01  -3.0039463e-02  -2.4827628e-01  -1.8648807e-01  -1.1779161e-01   5.1114836e-01   5.8945979e-02   3.0700877e-01   3.6529511e-01  -2.2593452e-01   3.9903343e-01  -1.4140399e-01  -1.1754675e-01   1.2345351e-03   2.4812055e-01  -4.8912821e-02   3.2444729e-01  -1.6337826e-01  -2.1679566e-03  -9.1034841e-02  -2.3572904e-01   1.1585855e-02   3.8109013e-01  -7.7741218e-02   3.2730039e-01   2.3606708e-02  -2.2002111e-01  -2.2015958e-01  -3.0951198e-01  -1.9604081e-01   1.1236984e-01  -1.0055421e-01   2.8854381e-01  -3.1461805e-01  -4.0800371e-02   2.5646554e-01   5.4592506e-01   8.7835263e-02  -1.3811080e-01  -1.2923768e-01  -1.0859247e-01   2.8129822e-01   2.6065631e-01   5.0407034e-01   1.8757520e-01  -6.0055484e-02   4.5543349e-01  -4.6138181e-02  -1.2132756e-01  -3.6282501e-02   1.9644927e-01   3.4504572e-01  -4.7543548e-01  -4.7480712e-02  -2.6685155e-01   1.7517321e-01  -1.3432994e-01   1.5225252e-02   2.7830731e-01  -1.3772908e-01  -1.0740085e-01  -4.1878867e-01  -5.2569927e-02  -5.3864270e-02   4.5119209e-02  -2.6481216e-02  -2.7854172e-02   3.4189721e-01   3.3934149e-01  -1.9906533e-01   1.1404380e-01   2.3509239e-01  -7.9561065e-02   3.9269069e-01   1.3519332e-01   9.5514568e-02   1.3557265e-01   8.8197683e-02  -3.7773631e-01  -6.1405355e-02  -6.5447302e-02   3.0027593e-01   3.8721190e-01  -4.5640922e-02   2.5410609e-01  -1.6059946e-01  -2.7067255e-01   2.6343177e-01   1.8683243e-01  -2.3176342e-01   5.0330913e-01  -1.6340579e-01   1.1418613e-01   1.6516162e-01  -2.4027110e-01  -1.9798938e-01  -9.3273499e-02   2.5915235e-02   3.9477220e-02   1.1506978e-01   2.3944514e-01  -9.5683966e-02   1.9577645e-01   4.1585357e-01  -1.5520853e-01  -1.9469073e-02   2.0226795e-01  -3.9304924e-02  -3.2748909e-01  -3.1879588e-01  -2.4001479e-01  -1.7622747e-01   3.6759560e-01   6.1392508e-03  -1.0692289e-01   4.2586721e-01
  -3.2736754e-01   4.7705977e-02  -8.4525500e-02  -2.1050514e-01  -2.3331528e-02   3.8988345e-02   0.0000000e+00  -6.0494241e-02  -3.7558078e-01   2.2256554e-01   1.1265003e-01   3.2532363e-01   2.7710785e-02  -1.7745109e-01   6.2220711e-01  -2.8373878e-02  -9.2980887e-02  -3.3782267e-02   1.8387253e-02  -2.3013555e-01   1.2442343e-01  -8.0325075e-02   4.3135568e-01  -2.9547317e-01   1.3334320e-01  -1.9792708e-01   8.0801167e-03   2.2163182e-02   5.5592598e-02  -2.2922242e-01   1.3468184e-01  -3.5260033e-01   7.0037097e-02   5.7977771e-01  -5.7873121e-02   2.1168510e-01   1.1510478e-01  -2.5335599e-01   4.6218019e-02   2.2392067e-01   1.7973419e-01   2.5226295e-03  -6.3370713e-02  -9.3663547e-02   2.5509649e-01  -1.4494823e-01  -4.4558056e-02   4.0444221e-01  -2.1250818e-02   1.9477615e-01   1.4257973e-01  -3.9292863e-02   1.5420158e-01  -1.1400025e-01  -3.4362562e-01  -1.3085409e-02  -5.2422327e-02  -2.3155728e-01  -7.8931285e-02  -1.3466551e-01  -7.4458373e-02   2.1392743e-01  -2.7635098e-01  -5.0230021e-02  -3.4343590e-01   3.6700802e-01  -2.4015852e-02  -2.6600515e-01  -1.6096749e-01   3.1445980e-01   2.3130087e-01  -7.4351343e-02   1.1271163e-01  -2.1878532e-01  -1.0291282e-01  -3.0601080e-01  -1.0134249e-01  -1.6469523e-01  -2.8737496e-02  -5.5398955e-02   3.5353244e-01   2.2312666e-01   3.7337008e-01  -1.0656134e-01  -9.7097377e-02  -1.5935385e-01  -6.9956157e-02  -8.8693831e-02  -2.0622793e-01  -1.4727220e-01  -3.2057301e-01  -9.5496182e-02   4.8862000e-01  -1.9955794e-01  -1.4925352e-01   1.3891512e-02  -1.5282617e-01  -3.2202078e-02  -6.3582897e-02   3.5322043e-01   1.2810725e-01   2.9710446e-01  -1.2403595e-01   7.5269148e-03   1.0521195e-01  -3.4052788e-01  -8.6017556e-02  -2.0924553e-01   3.1190236e-01   1.1644694e-01   4.0327943e-01  -2.3997872e-01  -2.1788755e-01  -1.3677876e-01   4.9106698e-01   3.4820389e-02  -2.6724257e-01  -8.4062752e-02  -7.7935612e-02  -3.5857095e-01  -1.1874097e-01  -3.1080069e-01  -7.4985238e-02  -3.0515368e-01  -2.4826760e-01  -3.5133926e-01   2.1892635e-01  -3.5419729e-01  -7.3671473e-02   1.7378664e-01   2.5413230e-01   5.6508254e-01  -9.7077422e-02   2.8993591e-01  -5.3864432e-02  -9.0434111e-04  -1.7887904e-01  -8.3722692e-02  -3.4300332e-02  -1.4007787e-01  -3.4508777e-01   1.2697710e-01  -1.5080295e-02   8.4822764e-03   2.7244103e-01  -1.3546912e-01   4.9249740e-01   1.3340972e-01   1.6759649e-01  -7.9579828e-02   1.3188269e-01   1.3733927e-02  -1.9280590e-01   6.9531156e-02  -4.5455303e-02  -1.0333431e-01  -5.1803460e-02  -7.0890959e-02  -2.2190882e-01  -9.5049137e-02   1.9753158e-01  -2.6947194e-01   2.7114568e-02  -2.9283946e-01  -1.0554342e-01   1.7766807e-01   1.4786730e-01  -1.1703281e-01  -1.7806953e-01   1.5186613e-01   1.0625361e-01   2.1002020e-01   9.7567253e-03   1.8490775e-01  -6.3623068e-02  -2.8341410e-02  -1.3148418e-01
  -2.7286595e-01  -5.8104977e-02  -2.6029753e-01  -1.1033974e-01  -1.1937386e-01   2.4234887e-01  -6.0494241e-02   0.0000000e+00   2.0442542e-01  -2.4206468e-01   3.4614565e-01  -2.2862002e-01  -4.3034506e-01   2.3626737e-01  -1.2787612e-01  -6.5500723e-02  -3.7111581e-01   1.5225823e-01   2.1754791e-01  -4.3857804e-01  -9.5546008e-02   3.2322214e-01  -1.5011793e-01  -1.0897730e-01   1.4686774e-01   6.3355490e-01  -9.8152292e-02  -2.4104532e-01   1.3092691e-01   1.7112137e-01   1.4523170e-01   1.6348411e-01   2.7652396e-01  -1.1118961e-01   4.0779253e-02  -3.2164703e-01  -1.0310116e-01  -2.1439271e-01   2.5895177e-01  -2.5342651e-01  -2.3809224e-01   2.2664591e-01  -4.0050765e-01   3.5960957e-01  -1.2875699e-01  -8.4206720e-02   2.2393916e-01  -9.4067078e-02  -1.6147024e-01  -3.1013888e-01  -3.3604819e-01   7.1875879e-01   1.9795629e-02  -1.5365544e-01  -4.2187007e-02  -4.8135961e-02   5.5028708e-03   2.9257891e-01  -4.7253344e-03   3.2192679e-01  -1.2546238e-01  -2.8273000e-01   2.8801600e-02   1.2978739e-01   9.3029384e-02  -1.6795917e-01   2.6024615e-01  -1.2100319e-01   2.6478936e-01  -2.7277298e-01  -2.8621179e-01  -7.4553886e-02  -7.1998778e-02  -1.6907630e-01   1.7131491e-01   4.9305370e-01   1.1704593e-01   3.1035175e-01  -3.0556185e-01  -2.1730939e-02  -1.5436712e-02  -1.3615083e-01   3.1530934e-02   6.2656923e-01  -1.8901281e-01   3.7870184e-01   1.4975573e-01  -2.2456747e-01  -6.6716681e-02  -5.9396853e-02  -5.6352447e-02  -7.6914544e-02  -1.5310647e-01   7.6348916e-02  -1.2266031e-02  -3.4108982e-01  -1.5035723e-01   4.4281256e-01  -2.4394776e-01  -3.7043139e-01  -3.6061939e-01   2.5088784e-02   3.0463848e-01  -1.6816869e-02   6.5074732e-03   3.1992029e-01   2.1162633e-01   6.7028223e-01  -1.1076781e-01  -1.6224888e-02  -2.1450554e-01   1.4839972e-01  -1.2416224e-01   9.1958020e-03  -2.9320404e-01   9.6983922e-02   7.4051617e-02  -4.7575744e-01  -2.1049648e-01   6.4818578e-02   1.0886998e-01  -3.2843092e-01  -1.8138555e-01   1.4269033e-01   1.9397746e-01   8.8528606e-02  -2.0378173e-01  -1.7065650e-01   4.1150361e-01  -1.9300153e-01  -1.4501915e-01  -9.0983344e-02  -6.0611565e-02  -1.2042486e-01   2.4511744e-01   7.0030996e-01  -1.9736094e-02  -4.7673476e-02   4.5008861e-01  -2.0593728e-02  -5.7217994e-03  -2.1895972e-01   1.5709584e-01  -1.1158556e-01  -3.4960215e-02   1.1695152e-01  -3.2060631e-01  -1.5729824e-01  -1.4375609e-01   4.4191670e-02  -3.5845291e-01   5.0129984e-01  -6.5375719e-02   2.3517588e-01  -3.3636099e-01  -1.2542837e-01   1.6998474e-01  -1.5599422e-01   1.3007902e-02   2.7535988e-01  -1.3047272e-01   4.5599337e-01  -2.4124532e-01   1.7645615e-01   2.3875086e-01  -2.4701650e-01   9.4701506e-02   1.5739100e-01   5.4527546e-03  -5.0722961e-02  -2.8009393e-01   1.9375511e-01   1.5776892e-01   1.8741922e-01   3.1802743e-01  -1.1960832e-01   1.2654188e-01
   1.4525557e-01   1.4513507e-01  -7.2211227e-02   2.4729011e-01  -6.2793665e-02   2.1818896e-01  -3.7558078e-01   2.0442542e-01   0.0000000e+00  -3.2867481e-01   1.2085700e-01  -2.8844334e-01  -1.3822837e-01   1.4563838e-01  -2.3455506e-01   3.4764176e-02  -1.6418770e-02   1.1979685e-01   4.7051376e-02   1.3134405e-01  -1.6835871e-02   2.2995526e-01  -2.9008196e-01  -9.6025156e-02  -1.5603947e-01   3.3370438e-01   5.9272002e-02  -6.4903890e-02   5.3002808e-02   3.6279910e-01   4.1669983e-02   2.7418886e-01  -4.0548359e-02  -3.3991097e-01   1.3650951e-01  -2.1259260e-01  -1.5963849e-01  -1.2047617e-02   4.7455783e-02  -1.0588891e-01  -1.7346870e-01   1.0214103e-01   1.4491516e-01   2.3145653e-01  -3.9025429e-02   8.8776734e-03   1.8988498e-01   1.5734950e-02   1.7729404e-01  -1.6284678e-01  -2.4967612e-02   1.9624897e-01  -1.4696102e-01   1.7842109e-01  -2.7573197e-02  -2.8404464e-02  -3.7175237e-02   3.1611891e-01   6.0933288e-02   7.1214876e-02  -1.5354281e-01  -1.0475595e-01   5.0070799e-01   2.6722300e-01   4.6215803e-01  -3.9782702e-01   1.0618168e-02   2.9877166e-01   1.1041888e-01  -8.5400236e-02  -1.9994239e-01   2.3917203e-01  -7.5184520e-02  -1.1467965e-01   5.3596877e-02   3.1232560e-01  -1.5088361e-01   1.3323078e-01  -7.3557003e-02   2.9536412e-01  -9.8110235e-02  -3.6708014e-01  -3.2645197e-01   1.7992804e-01   5.4021642e-02   1.1836518e-01   3.5995183e-02  -1.5662675e-01   1.8337319e-01  -1.3483218e-01   3.6731744e-01  -1.1714582e-01  -5.2754178e-01   2.7258957e-01  -9.9658208e-02  -6.4743767e-02   2.6810407e-01   3.0638862e-01   1.5947290e-01  -1.6848324e-01  -3.2112985e-02  -2.4204617e-01   2.4662793e-01   1.2350115e-01   5.4747534e-02   2.6545225e-01  -1.8848308e-01   2.7476820e-01  -1.6687412e-01  -3.0566599e-01  -4.3582816e-01   6.1952607e-02   3.2028006e-01  -1.1298283e-01  -3.4313034e-01   1.3933508e-01   2.2704990e-01  -1.5704925e-01   3.8046157e-03   2.3865069e-01  -8.6466345e-02   1.7647926e-01  -2.4010785e-01   4.0412114e-01  -5.2143348e-02  -7.6735757e-02  -8.9398970e-02   3.3533359e-01   1.3366045e-01  -4.0289006e-02  -3.3672412e-01  -3.1375382e-01   2.1960461e-02  -1.9518839e-01   1.9540124e-01   2.8036255e-01   3.2587195e-01   8.4905349e-02   2.1187110e-01  -6.9364469e-02   1.5247452e-01  -5.9462242e-02   1.4226634e-02   7.4484939e-02  -1.3873787e-01   2.5653189e-01  -4.1258532e-01  -2.9419211e-02  -3.4898667e-01   1.3435152e-01  -2.9566458e-01   3.0882266e-01  -1.3512411e-01   1.6393713e-01  -1.0905574e-01   8.8499303e-02  -1.5199006e-01  -9.5656355e-02  -1.5174546e-02   1.6760639e-01  -9.3076941e-03   2.8641155e-01  -1.2575775e-01   5.1230286e-01   2.8436791e-01  -1.6646051e-01  -1.1266180e-01  -1.2540886e-01  -8.6956799e-02  -3.3678600e-01  -2.7269818e-01  -2.9078613e-01   2.3269867e-01  -1.2843813e-01   1.6703916e-02  -7.5525875e-02   2.0715126e-01
   1.2879866e-03   1.9585776e-02   1.5891047e-01  -2.4313999e-01   1.4178816e-01  -1.5299973e-01   2.2256554e-01  -2.4206468e-01  -3.2867481e-01   0.0000000e+00  -3.1590959e-01   2.7348975e-01   1.8805053e-01  -2.5929932e-01   2.5617258e-01   3.3523460e-03   1.8464992e-01  -2.2924591e-01  -3.4357619e-02   1.5523367e-01  -5.4664013e-02  -3.8563153e-01   2.0478366e-01  -3.5891977e-02  -6.3360586e-02  -2.6316487e-01  -1.1982654e-01   1.1489149e-01   6.6116219e-02  -4.2491990e-01  -1.1957246e-01  -4.3369132e-01  -1.7168374e-01   3.3431613e-01   5.5986280e-02   3.3101310e-01   1.5091952e-01   1.0189782e-01  -3.4222021e-02   2.7231874e-01   4.4407868e-02  -2.8863013e-01   2.3205672e-01  -1.6867917e-01   1.0640205e-02   2.2327456e-01  -1.5734744e-01   1.9035376e-01  -1.9058075e-01   2.6601941e-01  -1.4404585e-01  -2.6813943e-01   2.7655424e-01  -7.2115069e-02  -4.5515394e-02   2.3707910e-01  -3.3318041e-02  -2.4301866e-01  -2.7659029e-01  -2.5839827e-01   1.9027711e-01  -3.9267700e-02  -1.4319995e-01  -2.9453391e-02  -2.9392177e-01   5.2324507e-01  -1.1992596e-01  -1.2084824e-01  -2.6511721e-01   2.1442420e-01   3.7618086e-01  -2.5666065e-01   1.1719403e-01   7.0779215e-02  -1.1193449e-02  -2.8034358e-01   6.9498507e-02  -1.8439025e-01   2.3006025e-01  -3.3858602e-01   1.7287121e-01   1.8380922e-01   2.4749855e-01  -2.3687197e-01   8.9937440e-02  -2.4878403e-01  -5.9831937e-02   7.2539638e-02  -1.2135728e-01   5.6888355e-02  -3.0212103e-02   4.6441832e-02   5.4780405e-01  -1.7887621e-01   9.7965168e-02   1.6752022e-01  -1.4217754e-01  -2.5365849e-01   8.9177762e-02   3.3239642e-01   1.4725075e-01   2.9179553e-01  -2.9804642e-01  -2.3840795e-01  -7.3514089e-02  -3.3724490e-01  -6.4177948e-03  -3.2232108e-01   2.4938129e-01   3.8519364e-01   5.3671474e-01  -2.3529227e-01  -1.1284198e-01   9.4591102e-02   3.3521533e-01  -8.1180284e-02  -3.2443883e-02   1.7961827e-01   2.9301986e-02  -3.1352546e-01   8.5018356e-02   3.6216110e-02   1.9647840e-01  -2.5170827e-01  -3.8708989e-02  -7.9355371e-02  -1.3495221e-01  -1.7402291e-01  -3.4095455e-01   1.2781582e-01   1.8831762e-01   9.5298200e-02  -1.7065056e-01   9.1051124e-02  -3.1327511e-01  -3.1372713e-01  -2.4486271e-01  -1.3847170e-01  -2.9109936e-01   1.5207103e-01  -1.1437742e-02   1.1351676e-01  -7.1564636e-02   4.8584311e-02   1.1947715e-01  -3.9279678e-01   3.9517781e-01   2.1145126e-01   3.4210531e-01  -1.9579038e-02   2.7111250e-01  -2.5515607e-01  -4.6581583e-03   5.8988728e-02   2.2350673e-01   6.4256276e-02   1.4015257e-01  -7.0433343e-03  -1.9810656e-03  -2.8866616e-01   1.1199409e-01  -2.0232105e-01   4.0347810e-01  -3.2926498e-01  -4.0499153e-01   1.5353836e-01   1.6081964e-01  -4.4413302e-02  -1.2303076e-02   2.6434248e-01   4.0065514e-01  -4.1810305e-02  -8.9262927e-02  -2.7281098e-02  -2.3756950e-01  -2.7150273e-01  -3.1646335e-01
  -2.8466108e-01  -1.1000065e-01  -1.3030997e-01   1.1452905e-01  -1.9537975e-01   2.6903750e-01   1.1265003e-01   3.4614565e-01   1.2085700e-01  -3.1590959e-01   0.0000000e+00  -7.4842997e-02  -3.2205103e-02   4.2037323e-01   1.6254337e-02   1.4146098e-01  -2.3292191e-01   3.2548899e-01   1.4335074e-01  -2.9475401e-01   7.0577724e-02   3.0827103e-01  -9.6157172e-02  -1.8492220e-01   1.9725891e-01   2.8023277e-01   2.0181661e-01  -1.6456617e-01  -1.1801526e-01   2.0711278e-01  -7.1643036e-02   3.2048494e-01   1.9678795e-01  -3.4410246e-01   6.7425723e-02  -8.7353518e-02  -3.0737152e-01  -3.2023870e-01   3.0074038e-02  -1.0700815e-01  -2.1857389e-01   1.8097149e-01  -3.2312119e-01   4.3049879e-01  -1.6319069e-01  -2.6233558e-02   3.1998385e-01  -1.4900699e-02  -1.2608974e-01  -3.1972493e-01  -5.1783267e-02   1.4888631e-01  -2.0724923e-01  -1.5253550e-01  -9.3991762e-02   5.7758136e-02  -5.0763908e-02   1.8249342e-01   1.3344560e-01   2.9664952e-01  -1.3621246e-01  -1.2401365e-01  -1.8553246e-02  -2.4162760e-02   2.1698671e-02  -1.7284826e-01   2.5416291e-01  -2.2109551e-01   5.0702469e-01  -2.9778971e-02  -3.5912597e-01   2.7729788e-01  -3.2489259e-01  -3.5276145e-01   6.7051322e-02   1.3783483e-01   8.9461702e-02   1.7414318e-01  -2.4618836e-01   8.8005239e-02   3.8900182e-02  -1.6419918e-01  -2.2882184e-04   1.7712236e-01  -1.2302771e-01   2.3951773e-01   1.1079965e-01  -1.7925461e-01   1.0947962e-01  -1.3955316e-01  -5.1814068e-02   3.7235399e-02  -2.7070795e-01   1.1358335e-01  -1.5843566e-01  -2.7628836e-01   9.6773587e-02   3.2705249e-01   1.1095937e-02  -3.1254904e-01  -3.6640064e-01  -6.3789456e-02   3.8760352e-01   1.8992103e-01   2.3979870e-01   2.3342711e-01  -1.6784787e-01   3.3112410e-01  -2.6552109e-01  -1.7365581e-01  -2.0214712e-01   1.7627555e-01   1.0626420e-01  -2.7449277e-01  -1.9147385e-01  -1.0159267e-01   9.2743172e-02  -8.7857474e-02  -6.9064314e-02   1.9618490e-01  -4.6616764e-02  -2.7340355e-01  -2.2315054e-01  -1.7423588e-02   1.8080887e-01   5.6668617e-02  -1.9717436e-01  -1.5619497e-01   4.8378247e-01   3.4498067e-02  -1.5454366e-01   1.0023648e-01   8.2499670e-02  -1.1454058e-01   2.5874804e-01   2.8469085e-01  -8.7533726e-02   1.6951739e-02   2.8763464e-01  -2.8219644e-01  -1.4135785e-01  -1.2491006e-01   3.5721188e-01   1.3461828e-01  -4.0879008e-02   2.5596994e-01  -2.4097417e-01  -2.9876980e-02  -2.2473474e-02  -5.1835518e-02  -3.9166625e-01   3.1525265e-01  -7.8860705e-02   4.0637574e-01  -1.4352548e-01  -7.2062675e-02  -1.0360645e-02  -4.9717516e-02  -1.0776124e-01   2.4572164e-01  -5.4968449e-02   3.3142118e-01  -2.6897699e-01   2.0675889e-01   3.1037911e-01  -1.7150062e-01   1.4381237e-01   2.2597720e-01   6.2491738e-02  -1.8501581e-01  -2.8508783e-01   3.5523605e-02   3.5159330e-02   2.4866653e-01   1.0315416e-01  -8.4721833e-02   1.7032672e-01
  -1.3018511e-01   2.4026609e-01   3.7996819e-01  -6.2193613e-02   5.9479650e-02   1.0388162e-02   3.2532363e-01  -2.2862002e-01  -2.8844334e-01   2.7348975e-01  -7.4842997e-02   0.0000000e+00   1.3090751e-01   1.6740292e-01   1.0465219e-01   1.6945082e-01   1.4729089e-01  -7.5303718e-04  -8.3469765e-02   8.7805510e-02  -2.7270739e-01   1.7598254e-01  -7.5179477e-02  -9.5159969e-02   1.1280930e-01  -2.6810585e-01   1.1763590e-01   1.2560536e-01   8.1025119e-02   9.6772627e-02  -4.0349573e-01  -2.0073570e-01   2.1805068e-02   2.1589338e-01   2.9203418e-01   2.7565985e-01  -2.0898734e-01  -1.1246302e-01   3.5392986e-02   5.9288291e-02   1.6375871e-01  -1.2078015e-01   1.7249701e-01   5.9779276e-02   1.4407634e-01   7.6134689e-02   1.3152723e-01  -1.3744925e-01  -1.0963698e-01   1.9020859e-01   7.5414207e-02  -1.4600813e-01  -4.7996071e-02  -2.5071881e-01   7.6352882e-02   1.2427131e-02   6.5100882e-02  -2.0304676e-01   1.0516019e-01  -5.4948161e-03  -1.1466921e-01   1.3567565e-01  -2.6746903e-01  -1.9874785e-01  -2.0000413e-01   2.4853577e-01   2.5600488e-01  -2.2744727e-01   1.6903847e-01   3.7892437e-01   2.4321053e-02  -8.8927261e-02  -1.2686094e-01   9.0497044e-02  -1.5464715e-01  -1.3179976e-01   6.7650322e-02  -1.7893272e-01   2.6275506e-01   5.7081355e-02   6.7089430e-03   9.8277031e-02   5.5891565e-02  -1.5753116e-01   6.5081399e-02  -1.2934952e-01   3.3265005e-01   4.3969312e-02  -6.4127966e-02  -4.4697762e-02  -2.6638631e-01   1.5609680e-02   3.3344197e-01  -5.2634189e-02  -1.2473357e-01  -5.1876163e-02   7.5807085e-03  -1.5372782e-01  -1.3426382e-01   1.6676606e-02  -2.6172286e-01   3.6797266e-01   1.1772191e-01   2.0960568e-01   3.2434721e-01  -1.5326235e-01  -5.7161204e-02  -2.0247193e-01   8.0929245e-02   1.9083461e-01   1.9718697e-01   2.4133466e-01  -8.4800140e-03  -1.8446481e-01   1.5077042e-01  -2.9711571e-01  -2.6031311e-01   5.2532533e-02   2.4635632e-01  -7.5783546e-02  -1.6322692e-01  -3.4621360e-02   2.8838284e-01  -2.6013183e-01  -1.0081983e-01  -1.2520919e-01   2.5319088e-01  -1.4647249e-01   8.0466106e-03   1.3968329e-01   3.7882911e-01  -6.4024182e-02   3.1974956e-01  -2.0166637e-01   1.1206127e-02  -1.3683040e-01  -1.9814584e-01  -1.1229974e-01  -1.0526951e-01  -2.1021359e-02  -1.9673744e-01   1.6770103e-01   2.6002596e-02   3.1589457e-01  -8.3331412e-02  -1.1138554e-01   3.3839929e-01  -1.4439118e-01   5.0135509e-01  -3.3803228e-01  -1.0675309e-01  -1.1055419e-01  -2.6668968e-02  -5.2332768e-02   2.9041311e-01  -4.7565235e-03  -4.4188113e-02   2.6292132e-01  -3.7736329e-01  -3.3379185e-02   2.8954827e-01  -6.3692005e-02   6.9883615e-02   8.1773296e-02  -5.6066078e-02   3.9314378e-01  -4.9311428e-02   1.8606008e-01  -1.1348241e-01  -3.3137667e-01   3.6543643e-02   1.0263408e-01  -2.2056908e-01   3.2244275e-01  -1.8960578e-01   1.1510059e-02   1.1366992e-02
   3.1013115e-02  -1.2978016e-01   2.3154175e-01   1.1313079e-01   1.7662129e-01   6.1215985e-02   2.7710785e-02  -4.3034506e-01  -1.3822837e-01   1.8805053e-01  -3.2205103e-02   1.3090751e-01   0.0000000e+00  -2.4398516e-02  -1.8412890e-02   1.7042010e-01   2.5454284e-01  -6.3048506e-03   3.7061349e-02   3.7979760e-01   7.0959475e-02  -5.1034029e-02   2.0708621e-01  -3.2147358e-02  -7.8356573e-02  -2.3220644e-01   9.3507278e-02   1.1868677e-01   5.9555851e-03  -2.1400266e-01  -2.1107759e-01  -8.9349368e-02  -1.6549974e-01   2.8064115e-02   1.4893809e-01   3.0746429e-01  -9.2844733e-02   7.8181502e-02  -1.6396684e-01   2.1919236e-01   4.0153412e-01  -1.2010352e-01   1.8220906e-01  -2.1036526e-02  -9.7089190e-02  -1.6018938e-01   2.7854659e-04   6.0300124e-02  -6.0004833e-02   1.8255826e-01   3.0491494e-02  -3.7872123e-01  -7.7498783e-02   4.9513577e-02   7.9638376e-02   1.0816938e-01   1.4776423e-01  -8.2730833e-02   3.0786076e-02   4.5981339e-03   6.4777268e-02   1.8773809e-01  -1.2388515e-01  -1.9341731e-01  -2.4037134e-01   1.5970623e-01   4.7765647e-02  -5.1223302e-02   1.0226632e-03   1.4294683e-01   9.5959190e-02   2.5242208e-02   1.3960802e-01   5.0136339e-02   1.1382791e-01  -1.9841476e-01  -8.4960173e-02   4.0241744e-02   2.6744767e-01  -3.4496490e-02   2.9745606e-02   1.8984260e-01  -4.2522207e-02  -1.5479168e-01   2.4438026e-02  -1.1279897e-01   9.8663795e-03   4.2860630e-02  -2.6269095e-02   9.1410670e-03   1.1214055e-02   9.3990359e-02   1.8610250e-01   8.5995892e-03  -5.9748065e-02   3.9745231e-01   1.6272220e-01  -3.2457919e-02   9.9708052e-02   2.7140291e-03   1.3022099e-01  -3.1035639e-02   2.2503040e-02   7.2607356e-02   2.9155633e-02  -7.8123297e-02  -1.3553975e-01  -2.0240974e-01   1.1561558e-01   1.1011710e-01   1.8838676e-01  -1.1329599e-01   2.4857134e-02  -5.6326187e-02   8.9143920e-02  -3.4297255e-01  -3.2101319e-02   4.9714240e-01   6.8690975e-03  -4.7120375e-03  -1.3959641e-01   2.1521672e-01   7.1122274e-02  -3.0783259e-01  -1.1954486e-01  -8.4117677e-02   1.7409191e-02   4.5825622e-02  -2.0274746e-01   9.7988298e-02   2.2886157e-01   3.8946048e-02   7.1964707e-02  -7.9574191e-02  -4.6441984e-02  -3.1258838e-01   7.6926069e-02   5.8578268e-03  -2.7600723e-01  -1.1360483e-02   7.7035814e-03   2.1041651e-01   1.1471223e-01   1.3987503e-01  -4.4462350e-03  -1.6357200e-01   1.0556888e-01   1.6725799e-01   2.7725180e-01  -1.1702380e-01   4.3558191e-02  -1.2388030e-01  -1.1388733e-01  -1.5759541e-01   2.1777474e-01   7.5024634e-02  -1.8080548e-01   3.1328493e-01  -1.4006312e-01  -9.6071111e-02   3.5184489e-02  -2.0558174e-01   1.3215857e-01  -1.3180118e-01  -1.2991509e-01   5.2329060e-02   7.5836831e-02   7.3577286e-02  -6.3650434e-02   1.0047628e-01   2.1492533e-01  -1.8365350e-01  -2.2620857e-01   4.0137501e-02  -1.4122431e-01  -7.6767084e-02   4.7497440e-02
  -2.9811385e-02  -2.1084070e-01  -3.9596291e-03   1.3262470e-01  -2.5350053e-01   2.4313645e-01  -1.7745109e-01   2.3626737e-01   1.4563838e-01  -2.5929932e-01   4.2037323e-01   1.6740292e-01  -2.4398516e-02   0.0000000e+00  -1.5363016e-01   5.9523632e-02  -1.4337918e-01   2.5230752e-01   1.0725403e-01  -2.2510188e-01   1.8618494e-02   4.1604341e-01  -1.9600140e-01   2.4398777e-02   1.0872902e-01   2.0635004e-01   1.1865846e-01  -1.3176559e-01  -8.1378977e-02   3.4254586e-01  -1.6409053e-01   1.7486799e-01   2.1545957e-01  -3.3991382e-01   1.4139028e-01  -7.3968625e-02  -3.7025748e-01  -2.0647461e-02   1.1346855e-01  -2.9803619e-01  -7.4856360e-02   1.3241805e-01  -1.5875960e-01   2.7598375e-01  -2.5866028e-01   2.1155394e-01   2.6965856e-01  -1.5817642e-01  -2.0896368e-01  -2.7190654e-01   1.6279068e-02   1.5461686e-01  -3.0189205e-01  -2.8323707e-01   2.2631804e-01  -8.7876115e-02   3.4391809e-02   2.2893809e-01   3.0011816e-01   2.9366409e-01  -1.0861997e-01  -2.7447205e-01  -3.3181821e-02  -2.2489975e-01  -4.5259876e-02  -2.6311909e-01   1.4680267e-01  -1.5655219e-01   3.0848757e-01   2.3497661e-01  -5.1337974e-01   1.9623929e-01  -6.0436192e-02  -1.0685377e-01  -9.8142198e-02   2.2403290e-01   1.5685768e-01   3.0768213e-02  -2.1842854e-01   1.0055753e-01   8.6772006e-02  -1.7466335e-01  -1.0853014e-01   2.7211064e-01   1.1575379e-02   2.0667048e-01   2.1708686e-01   6.0499273e-02  -1.8998671e-01  -3.2596186e-02  -1.6913023e-01   8.6776601e-02  -2.8653387e-01   1.0373865e-01   9.4969565e-03  -4.0322102e-01   1.9205867e-02   3.5727441e-01  -1.5796241e-01  -3.8757001e-01  -3.5595485e-01  -9.3897734e-02   4.3154297e-01   3.1159152e-01   2.6954135e-01   2.6360149e-01  -1.3185650e-01   2.9369182e-01  -2.1622638e-01  -3.0844186e-01  -2.9462570e-01   3.5014526e-01   6.5812070e-02  -2.0841272e-01  -2.1748360e-01  -2.5263241e-01   8.0887344e-02   1.4123914e-02   1.6725974e-01   2.9024660e-01   6.7196096e-02  -3.4687513e-01  -1.0604542e-01   1.1412152e-01   2.4547478e-01   9.9702401e-02  -8.2023548e-02  -7.8465358e-02   4.1826176e-01   1.6074956e-01   2.2700425e-02  -1.4497874e-01   3.1751181e-01  -2.6130357e-01   2.6126800e-01   2.3827548e-01  -7.6076246e-02   1.4523737e-01   2.3132583e-01  -1.3739621e-01   8.4397272e-02  -2.7118637e-02   4.5699973e-04   2.2498720e-01  -9.8806796e-02   2.6349274e-01  -4.4115141e-01  -2.1350361e-01   1.7320631e-01   3.0703191e-02  -3.5058870e-01   3.6853150e-01   6.3743221e-02   1.5195606e-01  -1.2771252e-01  -6.2833742e-03   1.5707595e-01   1.3082993e-01  -1.2111328e-01   1.6351287e-01  -1.1313698e-01   2.9319877e-01  -3.4442450e-01   4.2019718e-01   3.1718557e-01  -1.5256083e-01  -1.6260717e-01   2.6757724e-01   5.7460220e-02  -4.2980366e-01  -4.2352842e-01   1.1065722e-01  -1.1394613e-01   3.2267638e-01  -1.5204620e-02   5.5131209e-03   1.9477628e-01
