   0.0000000e+00  -1.7159476e-01   3.1593676e-01  -1.7968229e-01  -1.6333170e-01  -1.5061028e-01  -4.7770120e-01   1.2549563e-01  -2.6572886e-02  -5.3090973e-01  -1.3864340e-01  -2.0214177e-01  -2.5115391e-01   3.4796892e-01  -6.0734280e-02  -2.3097793e-02   2.2909869e-01  -3.8149585e-01  -1.1873031e-01  -2.6195061e-01  -1.2736720e-01   2.5996491e-03  -4.0529350e-01   2.4953262e-01   1.1847038e-01   3.3372608e-01  -2.4268549e-01  -9.2047726e-03   2.0953308e-01  -1.3159856e-01   8.4768744e-03  -4.3627989e-02   1.7560870e-01  -3.5509063e-01  -2.9253389e-02  -3.2712432e-01  -2.1694063e-01   3.9359372e-01  -1.5261947e-01  -9.3137469e-02  -2.1902005e-01   8.6843045e-02  -2.2305411e-01  -1.1838971e-01  -3.2764119e-01   6.4053976e-01  -2.2026658e-01  -4.5477675e-01  -1.5217331e-01  -6.9117841e-02  -2.8284568e-01   2.8020628e-01  -7.5147688e-02   1.2006977e-01   2.9743160e-01  -2.2447808e-01   2.1094389e-02  -3.1041806e-02  -2.5303351e-01   4.7465357e-02   3.4408198e-01  -1.3828339e-01   9.8675896e-02   3.0053618e-02  -6.0645569e-02  -3.3815478e-01   3.7723812e-02   3.9694353e-03  -9.3034232e-02   3.8763261e-01  -8.4996012e-03  -2.5140110e-01  -3.0292630e-01   4.2401172e-01   2.9614753e-03   5.5166309e-02   5.4612827e-01  -6.5475866e-03  -3.6965874e-01  -2.0458540e-01  -7.5807589e-02  -3.2064614e-01   8.5159613e-02   1.4788383e-01   1.3047359e-01  -7.5023685e-02   4.5984062e-02   3.7735584e-01   4.9985298e-02   6.4861100e-01  -1.6910611e-01   4.7137337e-01  -2.9227246e-01  -1.1825002e-01   5.7173464e-01  -1.9493486e-01  -1.4622954e-01   1.8596508e-01  -4.9895972e-02  -4.1199009e-01  -1.4438255e-02  -2.7304382e-01   1.1009190e-02   7.3311304e-02  -1.7516989e-01  -1.0894459e-01   2.7272224e-01   1.6931016e-01  -1.6741643e-01  -1.7266441e-02  -2.9842068e-01  -1.1951836e-01  -2.5333213e-01   4.7484738e-01   6.5373100e-02  -1.0391603e-01  -1.2719635e-05  -2.1578281e-01  -1.5336981e-01  -1.4781973e-01   5.6223602e-01  -1.0379749e-01  -3.2171007e-04   1.4404745e-02   6.2282810e-01   2.3960769e-01  -2.6525936e-01   1.0593393e-01  -1.3856455e-01   6.3158872e-02  -3.6301130e-01  -2.0690619e-01   2.7182810e-01  -1.6973975e-01   5.5268329e-02   2.3340718e-01  -2.0280244e-01  -2.5029966e-01   2.1146160e-01   6.4122442e-01   6.2400381e-01  -1.1217002e-01  -1.9468869e-01  -7.8846965e-03  -2.7582785e-01  -2.2626287e-01  -3.0943297e-01  -3.0919851e-03  -2.2483800e-01  -2.8776407e-01   2.7560442e-01   6.4806972e-02   5.2995807e-01  -8.4202579e-02  -1.3974505e-01   1.0663835e-01   6.7146914e-01  -3.2137531e-02   3.3961927e-01   1.6378794e-01   1.2807386e-01   5.4205137e-02  -9.5727992e-02  -1.0449162e-01   1.5183683e-01  -3.4584797e-02  -1.7647701e-01  -3.1060963e-02   5.9597789e-01  -5.3457637e-02  -2.4985360e-01   3.0063028e-01   2.7527605e-02  -1.2036491e-01   2.4609222e-01  -3.2542969e-01   4.0664039e-02
  -1.7159476e-01   0.0000000e+00  -1.4099037e-01  -6.6428050e-02  -2.8107543e-02  -2.3894064e-01   1.5173064e-03  -1.1956134e-01   4.0457634e-01   2.2978809e-01  -1.7850496e-01   3.4542940e-01   3.0311959e-02   1.8344707e-01   2.2519698e-01  -1.1109849e-01  -1.8882483e-03   5.4635398e-02  -1.2477733e-01  -1.1897384e-01   2.9005995e-02  -7.9675285e-02  -1.5778675e-01  -6.8404178e-02   3.6895122e-02  -9.3808680e-03  -1.2429186e-01  -2.0278134e-01  -1.2436427e-01  -2.4005211e-02   2.1069068e-01  -1.4998046e-01   7.2976729e-02   1.0369528e-02   3.3280843e-01  -1.0317402e-01  -1.2539044e-01  -5.1304444e-02  -6.7116606e-02  -1.0171777e-02  -8.6249083e-05  -1.7927701e-01   3.2280370e-01   1.2894063e-01   1.9543054e-01  -2.8674114e-01  -3.2256755e-01   1.2396705e-01   1.2837412e-01  -2.2438342e-02  -1.0952498e-01  -1.1219035e-01   2.0218130e-01  -1.4459421e-01   1.1440666e-01   1.3601305e-01  -8.2967042e-02  -2.0697996e-01   9.0828786e-02   2.3684537e-01  -3.1149777e-01  -1.5553702e-01   2.5912913e-01   3.3996302e-01   3.7036530e-01   2.7950455e-01  -2.2548035e-01   1.5497917e-01  -1.8333556e-01  -3.2304508e-01   2.3026582e-01  -6.6349008e-02  -7.1178148e-03   4.7752075e-02   3.5382585e-02  -1.8059027e-02  -1.8442842e-01   7.6564842e-02   2.8147279e-01   1.1067072e-01  -1.8021330e-01   1.0020213e-01   2.7049152e-01  -4.1194667e-02   1.7403847e-01  -6.7734666e-02   3.8421282e-01  -4.3389326e-05   2.9678685e-01  -9.9611195e-02   2.6064094e-01  -1.8468428e-01   7.6508711e-02   8.1606062e-02  -2.4261851e-01   6.5831448e-02  -1.4254457e-01  -1.2070831e-01  -7.5539713e-02  -5.0121464e-02   7.9856921e-02   1.2494093e-01  -3.4395814e-02   4.0018525e-01  -6.4758307e-02  -1.8949869e-01  -1.9273439e-01  -1.2685184e-01   6.6329538e-02   1.4747112e-01   2.2783276e-01  -1.8686049e-01   1.6841080e-01   1.4118556e-02  -5.3245075e-02   4.0770680e-01   7.1159618e-02   8.7825808e-02   2.9994020e-02  -1.1883166e-01  -4.2302255e-02   1.5313623e-01   3.4914768e-01   2.1638923e-01  -2.5762294e-01   1.6111328e-01   1.1323396e-01  -2.6523880e-01  -7.7872134e-02  -2.1662305e-01   6.5476952e-02   1.4157050e-01   3.3793135e-01  -3.3557361e-02   2.2287892e-01  -5.6811472e-02  -2.6372575e-02   3.4741154e-02  -1.7582943e-01  -2.6070094e-02  -1.0165921e-01  -7.7419952e-02  -1.1954672e-01  -7.3901790e-02  -1.3966713e-02   1.5969419e-01   7.6119858e-02   3.0638727e-01   3.8888777e-02   1.7607571e-01  -7.3802947e-02  -7.1957962e-02  -3.9799777e-02   1.8246528e-01   3.5717372e-01  -1.8045238e-02  -2.7344615e-01  -1.0983916e-01  -3.0735069e-01  -1.2992869e-01   1.4160130e-01  -3.9769716e-02   1.5211880e-01   5.9709914e-03  -2.8100076e-01   1.8517667e-01   7.8167467e-02  -9.6153378e-02  -6.5514339e-02   2.0684374e-01   2.0738859e-01  -3.6116645e-02   5.7176202e-02  -9.3957057e-02  -6.9185256e-02   9.9521624e-03  -2.8631475e-01
   3.1593676e-01  -1.4099037e-01   0.0000000e+00  -5.6710458e-02   3.1450278e-01   6.3357920e-02  -1.9638698e-01  -3.0066652e-02   7.6371139e-02  -9.6938228e-03   2.6434896e-01  -2.0129760e-01   1.2732635e-01   3.4478409e-02   8.2914532e-02  -2.1175874e-01   7.2940769e-01  -8.4607537e-02   1.5750171e-02   1.8947270e-01   1.8750734e-01  -3.7449044e-02  -1.0029627e-01  -1.6827024e-01  -7.0560714e-02   1.2345245e-02   1.6008227e-01   1.0507400e-02   1.6834784e-01  -2.8371127e-01   1.1818587e-01  -8.7753231e-02   1.1522304e-01  -2.3940009e-01   4.4371975e-02   1.2919800e-01  -8.7841136e-02   1.8140776e-01  -3.1744526e-01   3.0159511e-01   6.4458389e-02   1.5867585e-01  -2.8436276e-01  -9.5647511e-02  -3.4514279e-02   5.0632122e-01   5.0431420e-02  -3.3029588e-01   9.9389011e-02   4.4322149e-01   2.4040421e-02   1.0370888e-01   7.9212728e-03   4.4712289e-01   2.4261447e-02  -3.4175435e-02   8.4003406e-02  -4.3956887e-02  -4.9376407e-02   5.4091054e-02   7.5526605e-01  -9.9239017e-03   2.5527926e-01   1.3467810e-01  -1.5080646e-03  -1.9936422e-01  -2.2562779e-02   1.2059812e-01  -5.3763722e-02   6.6655165e-01   2.1948010e-01  -1.9538601e-02  -2.0078413e-01   3.0110794e-01  -1.5742266e-02  -1.4080589e-02   5.6302098e-01  -3.1949896e-02  -8.5777192e-02   1.5124835e-01   2.0978039e-02  -2.4765977e-01   9.0598180e-02   1.5611309e-02   9.7567820e-03  -4.2999987e-03   1.8503787e-01  -1.9348184e-02   1.1987798e-01   3.1987576e-01   2.4950137e-01   7.4487656e-01  -1.0490086e-01  -4.7267822e-02   5.6337408e-01   1.8296571e-01  -1.4381968e-01   1.2801217e-01   3.2696908e-01  -6.0423971e-02   2.7451560e-01  -2.0360295e-01  -1.4287558e-01   8.0348991e-02   4.2533546e-02  -8.3132357e-02   3.8535382e-01   5.5631695e-02  -5.2396518e-02   1.8865752e-01  -8.1899219e-02  -3.6713178e-01  -1.0459639e-01   2.2081940e-01   2.3702819e-01   6.9252887e-02  -2.0509257e-01  -1.6958790e-01   3.8218514e-02  -1.7742230e-02   1.9309083e-01   1.5440314e-01  -1.4319927e-02  -2.1201352e-02   2.6453677e-01  -1.1513955e-01  -1.3893657e-01   1.2511385e-01  -7.9209542e-02   5.9770420e-01  -3.2406722e-01  -2.9859648e-02  -1.0986088e-01  -3.1379234e-01  -1.5848305e-02   9.8478194e-02   8.2912361e-02   7.2515489e-02  -3.9231922e-02   2.2156574e-01   1.0854553e-01   5.7481336e-02  -9.3758913e-02   4.5582479e-01  -8.8028795e-02  -6.3850662e-02   7.5515228e-02   1.1433110e-01  -9.9748090e-02   9.9368416e-02   3.4349070e-01  -2.7189503e-02   3.2453417e-01   3.4276421e-02   2.1440089e-01  -5.1515629e-02   3.9280689e-01  -1.0842884e-01   6.3374521e-01  -6.4121321e-02   3.9088595e-02   2.3479101e-01   2.0140173e-01  -1.1882415e-02   1.1935584e-01  -2.1211048e-02   1.5956274e-01   5.8847425e-02   3.0431051e-01  -1.0517162e-03  -1.6111553e-01   9.8839459e-02   8.2568254e-02   3.2494231e-02  -9.7300379e-02  -2.6345485e-02  -1.2492874e-01
  -1.7968229e-01  -6.6428050e-02  -5.6710458e-02   0.0000000e+00  -2.5383642e-02   2.8402467e-01   2.7197750e-01   1.9807136e-01   7.6384585e-02   5.6296059e-02   1.8550900e-01  -2.5481227e-02   8.8050428e-02  -9.0041186e-02   1.7712353e-01   1.0641124e-01  -2.9597783e-02   3.1529025e-01   1.1822157e-01   8.8989468e-02  -2.0687698e-01   4.2082704e-01   3.8489289e-01  -2.3313490e-01   1.6311117e-01  -7.7939680e-02   9.4292038e-02  -5.5638397e-02   2.5688663e-02   4.5982838e-01  -1.2517682e-01   3.7065053e-01  -9.0044457e-02   3.0892217e-01   1.9994060e-02   4.9634197e-02  -1.2838481e-02  -1.4816095e-01   9.5629824e-02  -1.5378469e-02   2.6378663e-01   5.1624541e-02   1.4836559e-01   1.5468179e-01   1.7854908e-01  -3.1607463e-01   1.4853706e-01   2.1717029e-01   9.7925478e-02  -7.1379843e-02   3.1151594e-01  -1.2252173e-02  -1.6480893e-01   1.5838639e-01   8.2025776e-03   1.5437580e-01   2.8359534e-01   4.9121214e-01   3.9001234e-01   2.3754687e-01  -1.5847687e-02   3.5664895e-01  -1.3120667e-01  -7.4370665e-02  -1.0407718e-01  -1.2789688e-01   2.4628834e-01  -1.2314613e-01   4.0966244e-01  -2.2326908e-01  -2.0867182e-01   4.1846074e-01   1.0142139e-01   2.1725770e-02   1.9268925e-01   7.7410411e-02  -7.0038719e-02   7.2043301e-02  -8.9255773e-02   2.8380936e-01   9.7664720e-02   1.9464521e-01  -1.9048907e-01   1.4502991e-01  -3.3315568e-02   3.0433914e-01  -2.0843874e-01  -5.9082481e-02  -2.7790858e-01  -2.1324921e-01  -2.2628563e-01  -2.0648284e-01   1.6900646e-01   2.2512140e-01  -9.8697695e-02  -9.4143607e-03   3.0272205e-01   7.0571536e-02   2.1311067e-01   2.2542418e-01  -6.8306270e-02   1.4427291e-01   1.1002891e-01   1.9084459e-01   3.5006486e-01   5.4471309e-01  -4.1517145e-02   1.9876911e-01   6.0335969e-02  -9.4667383e-02   8.4984647e-02   4.8076966e-01   3.5514419e-01  -1.5671603e-01  -1.2656893e-01  -1.3321574e-01   1.1706455e-01  -7.0801213e-02   6.7439238e-02   4.8789668e-01  -1.2497522e-01  -3.2452791e-04   4.3676682e-02  -2.9095568e-02  -5.5915558e-02   2.6068855e-01   1.7527376e-01   1.3121646e-01   4.5789158e-01  -1.1664895e-01  -7.6042271e-03  -1.1309852e-01   5.0758514e-02   1.4150052e-01   1.0452348e-01   1.4656278e-01   9.8598235e-02   6.4070761e-03   2.3850272e-01  -1.3792950e-01  -1.2743428e-01   1.3477702e-01   2.7115793e-01   5.0100000e-02   1.1581911e-01  -6.6311762e-02   1.1968759e-01  -3.8851041e-01   3.3111634e-02  -1.9946831e-01  -1.7216383e-01  -1.3049475e-02  -8.4056826e-02  -2.6924020e-02   2.8904375e-02  -2.2393706e-01  -1.3529877e-01   2.0969672e-01  -1.1375535e-01   9.4046858e-02   1.8519062e-01   7.1324083e-02  -1.7437425e-01   3.4876507e-01   3.4517484e-01   6.1004445e-02   1.7293952e-01   6.7529145e-03  -1.6403902e-01  -1.5575851e-01   1.4716635e-01  -1.1142183e-01   7.5662440e-02   1.9565437e-01  -1.0856415e-02   1.6931352e-02   3.8642281e-01
  -1.6333170e-01  -2.8107543e-02   3.1450278e-01  -2.5383642e-02   0.0000000e+00   1.7684421e-01   1.8875164e-01  -1.9663174e-01   1.9874806e-01   1.8150717e-01   3.3541795e-01   8.4687803e-02   3.7838431e-01  -1.9092395e-01  -6.3347333e-02  -2.3280848e-01   3.0606616e-01   1.9585244e-01   9.3752688e-02   7.4647151e-01   2.9816407e-01   4.0534366e-02   2.4608202e-01  -2.7905724e-01  -2.0579516e-01  -1.9579997e-01   4.7961158e-01   7.0865711e-03   1.8580889e-01  -2.0803399e-01  -6.4743264e-02  -5.4555031e-02   5.7316279e-02   1.1996056e-01   1.3182561e-01   6.4329821e-01   2.9130240e-01   6.7913978e-02  -1.4362362e-01   4.2462118e-01   3.7067706e-01   6.2937521e-02   1.3356094e-02  -9.0789615e-02   1.9084285e-01  -8.9904573e-02   3.5428764e-01   3.6638995e-02   8.5452404e-02   4.6523453e-01   2.7110479e-01  -1.1281007e-01   2.0301455e-01   2.4438365e-01  -1.1450087e-01   8.6607620e-03   3.7660273e-02  -1.7070085e-01   9.7970167e-02  -9.6605097e-03   2.4131061e-01   9.1517722e-02   2.7050063e-01   8.4530739e-02   5.1033074e-02   1.6402329e-01   1.0306924e-01   3.4336948e-01   6.7930847e-02  -1.0458334e-03   1.2747577e-01   2.7004772e-01   2.1384724e-01  -6.0274274e-03   2.0972917e-01  -2.0466473e-01   1.4821138e-01  -1.5172319e-02   5.2489185e-01   3.2094156e-01  -1.2212037e-01  -1.0438037e-02   1.5605329e-01  -2.1955528e-01  -2.7140354e-01  -5.5922031e-02  -1.5053849e-01  -1.1879450e-01   1.6748805e-01  -1.4561088e-01   4.2479241e-01   1.6105964e-01   2.7764400e-01   1.2485814e-01   9.9425302e-02   6.3693717e-01   1.6596752e-01  -1.8824991e-02   5.9113418e-01   3.2307977e-01   3.9664635e-02  -8.2397906e-02  -2.7159390e-01  -1.3190466e-01   3.3457294e-01   3.9452587e-02   3.0316105e-01  -2.1705410e-02   1.8535891e-01   3.8056010e-01   1.5196830e-01  -1.2979771e-01   1.2496269e-03   5.4072072e-03  -6.8154188e-02   2.3516260e-01  -2.2594569e-01   1.7685627e-01   1.3762401e-01   9.3843484e-02  -1.2114830e-01   4.9268923e-01   1.2845462e-01  -1.8290880e-01  -1.6460264e-01  -1.8384238e-01   1.1049828e-02   2.9456694e-02   1.1003423e-02   2.5259826e-01   1.7167053e-02   3.1087249e-01  -2.9334954e-01  -1.8231382e-01  -1.6684247e-02  -9.5855298e-02   1.2733886e-01   2.1167147e-02  -3.8833407e-01  -1.3606567e-02  -1.0034535e-01   3.0693676e-01   3.2156633e-02   1.8444228e-01  -2.4403280e-02  -1.0589552e-01   8.7553949e-02   3.0184571e-01   3.8188944e-01   3.2621501e-01  -7.5819586e-02  -7.1706129e-02   6.0335800e-02   1.8630325e-02   2.7050898e-01  -2.5710900e-01  -2.2991805e-02   7.7936341e-02   1.9807117e-01  -2.4445847e-01  -7.6897844e-02  -1.3897779e-02   3.4149452e-01   2.5371697e-01  -1.4184738e-02   1.8372710e-01   2.0390931e-01   2.8163263e-01   7.0071054e-02   3.5320561e-01   1.2635163e-01   6.4708258e-02   3.6164576e-01   1.5672181e-01  -9.2253894e-02  -3.5246581e-03  -2.4779519e-01
  -1.5061028e-01  -2.3894064e-01   6.3357920e-02   2.8402467e-01   1.7684421e-01   0.0000000e+00   5.4915714e-01  -1.1299966e-01  -1.9328544e-01   1.2405939e-01   2.8700268e-01   7.2034617e-02   1.8023282e-01  -2.9332018e-01  -1.6501803e-01   3.2506299e-01  -6.0158219e-02   3.3268403e-01   2.3964851e-01   3.8219217e-01  -1.0787313e-01   1.1012947e-01   3.7099324e-01  -2.5599506e-01   2.7253196e-02  -2.3019299e-01   3.8849817e-01   7.2829847e-02  -3.1029072e-02   9.6873084e-02  -5.1346752e-01   1.7237070e-01  -2.3323916e-02   4.6808569e-01  -2.3261238e-01   3.9605980e-01   3.7117409e-01  -9.1425988e-02   3.0084358e-01   1.5100713e-01   1.0553483e-01   2.0278970e-01   9.3895050e-02  -1.6030428e-01   2.4719607e-02  -9.2074436e-02   5.1001833e-01   3.5390246e-01  -2.1640997e-01   4.1752279e-02   3.8199913e-01  -1.6495737e-01   6.5760490e-02   2.3315269e-03  -2.8090148e-01   1.1630393e-01   4.5461395e-01   6.3387897e-02   1.8683955e-01  -1.4771044e-01   1.4359139e-01  -1.7573106e-02  -1.6824646e-01  -4.0028149e-01  -4.7073230e-01   1.8218007e-01   5.7971516e-01  -6.4111422e-03   4.6128723e-01   8.1393231e-02  -2.1704590e-01   4.5680704e-01   3.9119039e-02  -1.5002754e-01   2.5805329e-02  -2.3497320e-01   4.0876388e-02   1.1469726e-01   6.5581150e-02   2.4925202e-01  -1.2990256e-01   1.5094496e-01  -4.2000012e-01  -1.5097684e-01  -5.7028582e-02  -1.8460269e-01  -5.5323995e-01  -1.4525178e-01  -3.7446524e-01  -2.3487815e-01  -2.7259284e-01  -9.3350965e-03   3.3789652e-01   8.0634836e-02  -2.5042694e-02   2.2062185e-01   5.0271400e-01   3.9001711e-02   3.5921233e-01   4.4384236e-01  -2.0688181e-01   9.2541166e-03  -3.6126181e-01  -2.7387050e-01   2.5779897e-01   2.6260556e-01   7.4042820e-02   2.1679441e-01   8.2495174e-03   3.3679374e-01   4.9932589e-02   1.3620596e-01   1.0736427e-01  -5.2308345e-03   9.9048242e-02  -3.0367929e-01   1.2847193e-01   5.7087821e-02   1.9703052e-01   3.3416681e-01  -3.2803416e-02  -7.7533293e-02  -1.7102739e-01  -5.0412575e-01  -1.6137923e-01  -8.0535404e-02  -1.5290753e-01  -1.1474963e-01   1.3389882e-01   2.1249236e-01   1.1280001e-01  -9.0134020e-02  -2.7489821e-01  -6.9390501e-02  -1.3956972e-01  -1.7656490e-01   1.0127546e-01  -1.7410832e-01  -1.2850238e-01  -1.4785515e-01  -8.5968166e-02   1.6753421e-01   3.0881736e-01   3.6789443e-01  -2.4774210e-01  -5.0339932e-01   1.2721300e-01  -2.4318322e-01   1.1327637e-01  -5.6733271e-02  -1.5830020e-01  -2.2064707e-01  -1.2561048e-01   2.1471270e-02   2.4338122e-01  -2.8601588e-01   4.1118035e-02   1.2905232e-01   1.1612545e-01  -1.8957986e-01  -2.0040879e-01  -7.3968733e-02  -6.6810520e-02   3.1860698e-01   2.7270431e-01  -3.3814102e-01   1.6581038e-01  -1.1407844e-01   6.7709299e-02  -1.0965428e-01   2.7242748e-03  -6.4240257e-02   1.1725672e-01   7.6072140e-01  -1.0561930e-01   7.2273311e-02   1.1321269e-02
  -4.7770120e-01   1.5173064e-03  -1.9638698e-01   2.7197750e-01   1.8875164e-01   5.4915714e-01   0.0000000e+00  -2.9475737e-01  -2.7056895e-01   4.6313838e-01   1.9922756e-01   4.0643748e-01   2.3666276e-01  -3.5048820e-01   1.3296393e-01   3.9718577e-01  -3.2978077e-01   5.3980854e-01  -3.3030272e-03   3.6877499e-01  -7.0449694e-02  -1.7143611e-01   7.3539168e-01  -2.5704299e-01  -3.5439575e-02  -5.2272269e-01   1.7544295e-01   1.3534101e-02  -1.9194808e-01   1.3105521e-01  -4.1824078e-01   4.3021179e-02  -1.5449337e-01   7.4471312e-01  -1.8495079e-01   4.0060268e-01   5.3986228e-01  -3.5438707e-01   4.0580908e-01   7.0783313e-02   2.4623051e-01   1.4497531e-01   3.7880195e-01  -1.6203864e-01   3.9280373e-01  -4.3348442e-01   4.2927193e-01   6.9794603e-01   5.3673059e-02  -1.7336219e-01   5.2189121e-01  -4.6314281e-01   2.3259777e-01  -2.0954220e-01  -3.8395965e-01   2.0821228e-01   1.1715546e-01   3.3552529e-02   2.3262725e-01  -3.0463640e-01  -2.3393331e-01   7.9020628e-02  -3.4156117e-01  -2.6081793e-01  -2.7167578e-01   5.3412020e-01   1.0399425e-01  -3.6410155e-02   1.9624970e-01  -2.3445438e-01  -2.3364483e-01   6.3215363e-01   2.2533620e-01  -2.4440112e-01   8.9658978e-02  -3.1479743e-01  -3.2600195e-01  -9.2963250e-02   2.7677854e-01   2.0773702e-01  -4.1012657e-02   2.8491463e-01  -4.3044382e-01  -4.5733137e-01   5.7369305e-02  -8.2301591e-02  -3.7147390e-01  -2.4842290e-01  -2.5414917e-01  -5.6601789e-01  -2.9080311e-01  -3.5617461e-01   5.8181967e-01   3.4191772e-02  -3.5552015e-01   3.4842800e-01   5.0988770e-01  -4.6623600e-01   2.3758474e-01   7.2397083e-01  -3.2241398e-01   4.3863308e-01  -2.5911893e-01  -3.6657674e-01   2.5542717e-01   1.8727072e-01  -1.1343853e-01  -2.7830005e-01   1.1248659e-01   2.2764357e-01   3.5678495e-01   2.2720697e-01   2.2772690e-01  -1.4752422e-01   4.9066601e-02  -1.5987660e-01   1.9553217e-02   1.6646214e-01   4.1276124e-02   2.0847562e-01  -2.2554836e-01  -4.0866572e-03  -2.6639498e-01  -2.9718505e-01  -4.2091340e-01  -1.9388452e-01   2.3507468e-01  -8.7154019e-02  -1.8115989e-02  -8.0160931e-03   4.7859501e-01   1.4079420e-01  -2.8431372e-01   1.9596033e-01  -2.5213821e-01  -3.7799227e-01   2.3989725e-01  -1.7415184e-01  -3.2682392e-01  -4.4150179e-01  -3.0050709e-01   4.6440205e-02   2.3967480e-01   2.4024859e-01   1.2977251e-01  -2.3073903e-01   3.3295730e-01  -2.4469178e-01   3.5156570e-01   7.8010839e-02  -1.7483984e-01  -2.9421243e-01  -3.0538389e-01   2.2622992e-02   2.0276184e-01  -2.3903015e-01  -3.0395938e-01   3.5962937e-02  -3.3504126e-01  -3.4452887e-01  -7.4678839e-02  -3.7172015e-01  -4.2650152e-02   3.7718770e-01  -1.7530162e-01  -1.3407746e-01   3.6334898e-01  -1.9730798e-01  -2.4672166e-01  -1.2472554e-01   2.6005447e-01  -3.4211865e-01   1.1711125e-01   3.9726585e-01  -2.9205062e-01   2.4973765e-01  -1.4651625e-01
   1.2549563e-01  -1.1956134e-01  -3.0066652e-02   1.9807136e-01  -1.9663174e-01  -1.1299966e-01  -2.9475737e-01   0.0000000e+00   1.3883714e-02  -1.8439073e-01  -3.2240455e-02  -2.4149282e-01  -2.8657172e-01   1.1367051e-01   9.3870139e-02  -1.9834083e-01  -7.7604344e-02  -2.0960439e-01   2.2820492e-01  -3.3330360e-01  -1.7221825e-01   5.1167786e-01  -1.9605901e-01  -9.7439864e-02  -5.2258172e-02   5.4569383e-01  -2.8979328e-01   2.2247965e-01  -2.0988304e-02   1.8516873e-01   1.6484464e-01   3.9711731e-02  -1.0575056e-01  -6.4567703e-02   4.8021767e-02  -3.5560724e-01  -3.6337370e-01  -2.2490696e-01  -1.9486682e-01  -3.3920978e-01  -2.0912834e-02  -6.9295827e-02  -1.6857231e-01   4.1985498e-01  -1.2753867e-01   1.9143349e-02  -2.7100196e-01  -2.5535818e-01  -2.7714992e-02  -2.7708655e-01  -1.3863511e-01   6.9732264e-01  -7.9451156e-03  -4.7816816e-02   1.9189621e-01   2.7737558e-01  -5.2147578e-02   4.6374892e-01   1.0660398e-01   2.7894970e-01   6.2425274e-02  -1.8228979e-01  -1.3338255e-02   2.4851084e-01   8.6141369e-02  -2.8486436e-01   2.6856882e-01  -1.7191160e-01   2.1880440e-01   8.5599018e-02  -5.4918365e-02  -1.9305856e-01  -1.2320165e-01   1.1999933e-01   1.3601920e-02   5.6366822e-01  -7.8370821e-02   3.5300716e-01  -1.7572641e-01  -1.3332905e-01   3.4355530e-01  -3.6275674e-02   8.4068309e-02   7.5903866e-01   1.4630420e-01   2.9603182e-01   1.5152125e-02   1.3889810e-01  -2.4628088e-02   5.8958146e-02   2.3611410e-02   6.2060152e-02  -8.5006041e-02   3.4815478e-02   1.3092709e-02  -2.2747419e-01  -1.9845068e-01   5.0538211e-01  -2.0352998e-01  -2.2226129e-01   2.6129276e-01   3.3659870e-02   5.2781035e-01   1.1863496e-01   3.4099985e-02   2.7617511e-01  -1.3911185e-01   6.0414197e-01  -1.4092379e-01   7.1321970e-02  -3.3720126e-03   2.6768814e-01  -1.2139347e-01  -1.9678837e-02   5.1827983e-02   4.8033470e-02   3.0041532e-01  -2.7438598e-01   2.8736395e-01  -1.1820020e-01  -2.6375241e-02  -1.8764251e-01   2.0448624e-02   1.0695184e-01   8.7428339e-02   2.6878630e-01  -8.2714507e-02  -1.9558880e-02   3.3766190e-01  -1.6422723e-01  -3.1939041e-01  -1.6315756e-01   1.9330944e-01   1.0322260e-01   1.7188004e-01   7.4706004e-01  -1.4951393e-01   2.4386831e-01   6.9112223e-01   5.8368775e-04  -3.4548270e-02  -7.7350217e-02   7.1944193e-02  -2.1945945e-02  -4.9152759e-02   1.1779714e-01  -8.4190663e-02   7.5611274e-03  -1.1905562e-01  -6.1771018e-02   2.1008719e-01   6.1014614e-01   1.2533897e-01   1.0268414e-02  -3.0849309e-01  -2.0640636e-01   9.1374587e-02  -2.3218623e-02  -5.5101186e-02   5.4538824e-01   2.6701917e-01   2.6493018e-01  -4.4127982e-02  -2.0075000e-01   4.4103274e-01   1.4049691e-01  -3.0537813e-02   5.3276183e-02   6.5790203e-03  -8.5174624e-02  -3.1429601e-02  -2.0573210e-01  -1.7782940e-01  -1.6972809e-01   2.0415843e-01  -2.5390943e-01   5.9934258e-01
  -2.6572886e-02   4.0457634e-01   7.6371139e-02   7.6384585e-02   1.9874806e-01  -1.9328544e-01  -2.7056895e-01   1.3883714e-02   0.0000000e+00   1.4499359e-01   5.9111133e-02   6.7854262e-02   1.2573328e-01   1.4207549e-01  -4.5285403e-02  -4.5137167e-01   1.0233368e-01  -1.3322936e-03   1.4291552e-01   4.9183232e-02   2.5352686e-01   4.0063948e-01  -1.4443999e-01  -2.0437313e-01   4.0006147e-02   1.3025992e-01   5.4818954e-02  -2.3648126e-02   2.0556892e-01   9.2041391e-02   3.1349840e-01  -1.1484133e-02   2.5834585e-01  -2.8334857e-01   7.1423752e-01  -6.4034089e-02  -1.7510936e-01   2.9523802e-01  -3.2776831e-01   1.4324145e-01   2.0364487e-02  -1.3997089e-01   1.3983574e-01   1.9965877e-02   2.4198280e-01  -9.9142596e-02  -2.9654052e-01  -2.8122148e-01   2.2502767e-01   3.0225121e-01  -8.8231222e-02   7.7000721e-02  -1.2166121e-01   1.9481377e-01   1.8194624e-01  -1.7046358e-01   7.1682438e-02   8.4705569e-02  -3.3005356e-02   5.3281523e-01   3.3005284e-02   1.2506756e-01   7.0660770e-01   3.1163673e-01   6.0332086e-01  -7.3497308e-02   1.7669563e-02   5.8372253e-01  -2.2274389e-01  -2.3411514e-01   2.0178738e-01  -8.8132371e-02   4.9135366e-02   1.2825422e-01   2.6085089e-01   4.2873154e-02   1.9497225e-01   1.5003157e-01   2.3879011e-01   4.7782275e-01   4.7240510e-02  -1.0727012e-01   2.7966719e-01   1.5090799e-01  -2.0618547e-01   1.3503627e-01   3.4487038e-01   2.5884061e-02   3.1592035e-01   9.2183632e-02   4.4314404e-01   1.8034503e-02  -2.1352560e-01   4.9108071e-01   1.3556528e-01   2.3061161e-01  -1.4408538e-01   1.5940732e-01   2.9146897e-01  -8.3506684e-02   2.2163375e-01  -1.7044624e-01   6.5686390e-02   6.9082263e-01   2.8820733e-01   6.8630843e-02   1.5445527e-01   6.8163262e-02   2.4684537e-01  -1.1950585e-01  -4.1390704e-02  -8.1927071e-02   4.0188249e-01  -5.3183912e-02  -1.7620897e-01   5.1276563e-01  -2.4227623e-01   5.5301621e-02  -1.7981281e-02   2.2513097e-01  -1.3745453e-01   5.2378340e-02   7.1763800e-01   1.6631871e-01   8.2697214e-02   2.6081335e-01   2.2572855e-01   7.8712847e-03   3.8362120e-01  -6.9389601e-02  -2.5114163e-01   2.8754475e-01   2.5597249e-01  -2.3267524e-01   5.6912979e-01   1.8600072e-02   6.0563819e-02   1.8626865e-01  -1.3397601e-01   2.5704174e-01  -2.1288370e-02   2.2661982e-01   8.1242231e-03  -1.3527579e-01   2.1373298e-01   1.1541101e-01  -1.4199835e-01   4.5083896e-01   9.1715306e-02   3.7063075e-01  -2.1524626e-01   1.9910662e-01  -1.3217916e-01   1.2604865e-01   2.6965785e-01  -1.5677775e-01  -1.2120929e-01   1.3580134e-01   1.1792367e-01   1.4441021e-01   3.0097162e-01   1.5715710e-01   4.8486056e-01   1.5916316e-01   2.0298454e-01   3.4461523e-01   1.3463328e-01   1.3205294e-01  -4.6127908e-02   1.8399248e-01   3.0130819e-02   3.4300264e-01   4.4522093e-01  -1.8987575e-01   3.0283938e-03  -6.9923256e-02   2.2206776e-02
  -5.3090973e-01   2.2978809e-01  -9.6938228e-03   5.6296059e-02   1.8150717e-01   1.2405939e-01   4.6313838e-01  -1.8439073e-01   1.4499359e-01   0.0000000e+00   9.2005878e-02   4.7972642e-01   1.1560148e-01  -1.7134505e-01   3.3425938e-01   9.8492823e-03  -6.6960675e-02   3.3707605e-01   1.6520030e-01   2.7279875e-01   1.4972123e-01  -6.0333790e-02   3.6904023e-01  -2.3191289e-01  -3.6345870e-02  -3.0800213e-01   6.8956131e-02  -2.5722938e-02  -1.7448868e-01  -8.3756169e-02   1.2855537e-01  -2.5138254e-01  -4.0491097e-02   1.9340933e-01   2.2764112e-01   2.1719839e-01   2.9729288e-01  -2.3026419e-01   4.3245723e-02   1.5440456e-01   1.6394785e-01   3.8608954e-02   3.4843870e-01   7.3130536e-02   3.8529612e-01  -3.7208419e-01   5.7240537e-02   2.0659654e-01   2.0665888e-01   1.1323211e-01   2.2070979e-01  -3.5389154e-01   1.2256415e-01  -2.5861601e-01  -1.6203007e-01   2.2939886e-01  -2.0259406e-01  -7.2804394e-02   1.8530060e-01   3.8191241e-02  -2.1668599e-01  -2.4004554e-03   1.5722466e-01   5.6674504e-02   1.9392875e-01   5.4713235e-01  -5.5126814e-02   2.7386810e-01  -9.9054760e-02  -1.6912301e-01   5.2485035e-02   2.0017588e-01   1.5452848e-01  -1.3685649e-01   6.7267959e-02  -1.2189302e-01  -2.5075565e-01   3.0738765e-02   4.0723476e-01   1.8686559e-01   1.6946869e-01   2.0033943e-01  -2.8443698e-02  -1.7829887e-01  -8.4403294e-02   1.6575560e-01   6.9603536e-02  -7.2198538e-02   1.8451498e-01  -2.8735671e-01   2.3358659e-01  -1.8117539e-01   4.1862490e-01   2.0581742e-01  -2.7086338e-01   4.8495414e-01  -6.2461736e-03  -1.7704983e-01   2.5391594e-01   4.4995798e-01   7.9719219e-02   3.4349584e-01  -5.6036715e-02   6.0794059e-02   2.3061352e-01   8.1110806e-03  -1.2770898e-01  -2.0377579e-01   1.1969614e-01   9.7069578e-02   3.3438034e-01  -1.1612660e-01   4.2128809e-01  -6.2313496e-02   8.5103725e-02   3.1621119e-01  -4.1681480e-02   1.7373078e-01   7.5968942e-02  -1.0275429e-02  -3.6220522e-01   2.3745440e-01   1.1530292e-01   2.0036587e-02  -3.7616144e-01  -1.3008997e-01   2.6577006e-01  -1.9343640e-01   3.4768129e-02   7.1838537e-02   3.3341465e-01   1.5637629e-01  -2.0352916e-01   1.7064313e-02   8.2388035e-02  -2.6716624e-01   9.5805907e-03   2.7450937e-01  -3.5226195e-01  -2.8362616e-01  -3.8662548e-01   2.5355183e-01   1.3702814e-01   2.2226228e-01   3.9231059e-01   1.2655050e-01   3.2021005e-01   9.1922582e-02   1.4219415e-01   4.7833944e-01  -7.1824459e-02  -6.8386258e-02  -2.9065904e-01  -5.3344337e-02   3.8743359e-01  -1.0128567e-01  -4.5571419e-01  -1.6143358e-01  -1.8490905e-01  -2.2471576e-01   1.5762090e-02  -4.8691226e-02   3.7067847e-01   7.6379309e-02  -2.5390908e-01   1.4830487e-01   2.6243334e-01   5.3124008e-03  -3.0996273e-01  -6.1941208e-02   1.9479895e-01  -2.3675068e-01   7.4142425e-02   1.0770931e-01  -2.1042141e-01   3.3170392e-01  -5.5211026e-02
  -1.3864340e-01  -1.7850496e-01   2.6434896e-01   1.8550900e-01   3.3541795e-01   2.8700268e-01   1.9922756e-01  -3.2240455e-02   5.9111133e-02   9.2005878e-02   0.0000000e+00  -2.4627714e-01   3.5248454e-01  -4.1539050e-01   6.3148073e-02   6.4164908e-02  -1.9577810e-02   4.6333122e-01   2.9177050e-01   1.7623896e-01   4.6526462e-01   1.4190483e-01   2.7491750e-01  -3.5784775e-01  -9.1847166e-02   9.1093933e-03   2.5385377e-01  -1.7509394e-01  -6.8375129e-02  -2.9962487e-02  -5.7323298e-02   7.3450607e-02  -7.4941484e-03   2.6729365e-01  -2.1398104e-02   4.2660791e-01   1.6554604e-01  -9.5722563e-02   1.2504147e-01   2.1226026e-01   3.8176188e-01   1.9998948e-01  -1.4090500e-01  -1.6589888e-01   6.1193896e-02   1.2213218e-01   4.9059822e-01   7.1630770e-02  -3.6349522e-02  -4.0859018e-03   4.4509401e-01   1.0162043e-01   1.7529127e-01   2.5010686e-01  -2.9611721e-01  -1.1690274e-01   3.5066719e-01   2.0665339e-01   1.9858821e-01  -8.6425939e-03   3.9662868e-01   1.0771770e-02   5.4108829e-02   2.0463114e-01  -2.5432555e-02   9.5524457e-03   4.1055497e-01   1.0259158e-01   4.7584367e-01   1.6633913e-01   2.6274290e-01   3.9264855e-01   2.7958884e-01  -1.6201651e-01   3.1441079e-02  -4.3272471e-02   1.5339391e-01   1.3619566e-02  -8.3657737e-02   1.8734198e-01  -3.8391741e-02   2.1052986e-01  -1.0468917e-01   3.5118921e-02  -4.0951440e-01   2.3855184e-01  -1.7293661e-01  -2.0058109e-01  -2.1262451e-01  -1.5609806e-01   1.8326010e-02   2.3169815e-01   2.0674908e-01   1.4245170e-01  -5.4838315e-04   8.9205179e-04   1.4501476e-01   1.9070014e-01   3.2295434e-01   2.0311879e-01  -7.1295759e-02   1.6441241e-01  -3.0438867e-01  -1.9299911e-01   4.0390341e-01   1.5849966e-01   2.1045358e-01   4.0338938e-01   4.2852897e-02   1.6660422e-01   2.4731898e-01  -7.0124618e-02   7.7721312e-04  -2.0961766e-01   4.7426197e-02  -1.2309846e-02  -1.2308937e-01   2.7332409e-01  -1.6697627e-01   3.8019261e-01  -7.7333650e-03  -1.5672978e-01  -1.4066333e-02   1.7113572e-03   4.9489264e-03  -2.3584282e-01   1.1934731e-01  -1.1378408e-01   2.9356893e-01   2.5497648e-01  -3.0360538e-02   4.9813943e-01  -4.1908964e-01  -1.7081511e-02   5.7226041e-02   1.1242414e-01   1.4034908e-01   3.8310597e-02  -4.1396026e-02  -4.9407404e-02  -4.3914342e-02   2.3799983e-01   6.1326503e-01   1.6907824e-01   1.4111737e-01   6.6066834e-02   1.9396459e-01  -9.1956439e-02   2.6238757e-01   2.0072163e-01  -1.3190426e-01  -1.5173834e-01   8.3665743e-02   1.9945875e-01  -1.7216429e-01  -4.0150988e-01   1.0516247e-01   3.3752922e-01   3.9279856e-01  -1.2200039e-01  -1.5919864e-01   5.2216359e-01   2.9901844e-01   3.1403710e-01   4.0180388e-01   7.3763116e-03   2.8589403e-01   3.5213565e-01  -1.5780421e-02   9.5235582e-02  -1.6617160e-01  -2.2062217e-02   3.5890262e-01   1.2052381e-01  -1.3680435e-01  -1.2064414e-01   5.3711742e-02
  -2.0214177e-01   3.4542940e-01  -2.0129760e-01  -2.5481227e-02   8.4687803e-02   7.2034617e-02   4.0643748e-01  -2.4149282e-01   6.7854262e-02   4.7972642e-01  -2.4627714e-01   0.0000000e+00  -4.8079377e-03   1.7593511e-01   2.5551938e-01   1.1674790e-01  -1.1952073e-02   9.1343133e-02  -1.4010371e-02   1.7702596e-01  -1.8461171e-01  -2.1631699e-01   2.4697383e-01  -3.3618323e-02   6.0481380e-02  -1.8504479e-01  -1.6328817e-01  -5.8438624e-02  -2.4142700e-02   1.1224985e-02  -1.2919476e-01  -1.0842943e-01  -1.7788694e-02   2.2944564e-01   4.0227720e-01   2.3614857e-02   3.8563081e-01  -1.7661105e-01  -1.6639569e-03   9.3594661e-02   1.2068760e-02  -5.5310188e-02   6.9737867e-01  -5.4567543e-02   2.9423442e-01  -4.6945198e-01  -1.4157973e-01   1.9683684e-01  -6.3658728e-02   5.7106718e-02   1.3091215e-03  -2.4167502e-01   1.9065047e-01  -2.3210221e-01   2.1126772e-02   1.6802039e-01  -3.0222007e-01  -3.4098055e-03   3.6829285e-02   2.8636036e-01  -4.0795805e-01  -4.2474296e-02  -7.6438215e-02  -1.3002531e-01   2.0095051e-02   5.6667278e-01  -1.3918209e-01   2.5577746e-01  -3.0085228e-01  -3.4876770e-01  -6.9758460e-02   2.8123282e-01   6.2429477e-02   1.9460827e-01   2.4717791e-01  -3.3395555e-01  -3.9310950e-01  -1.8709330e-01   4.2710176e-01   2.3259003e-01  -1.0292233e-01  -4.3927719e-02   7.7440893e-03  -2.5567185e-01   9.5407889e-02  -1.2255802e-01   1.7477003e-02   1.8951499e-01   2.7519429e-01  -1.8064508e-01   1.7031789e-02  -3.4572668e-01   4.8120764e-01   3.8941273e-01  -4.1590303e-01   4.0997796e-01   1.6637696e-01  -2.5709140e-01   1.3194704e-01   3.3134939e-01  -2.1585790e-01   4.7320679e-01  -1.8704091e-01   6.8583616e-02   1.2965509e-01   4.6228058e-03  -1.5244467e-01  -3.7161357e-01   1.3757887e-01   1.5334992e-01   4.3664614e-01  -4.9229701e-02   5.2173259e-01  -2.4089000e-02  -1.9939857e-01   1.7883990e-01   2.4701392e-02  -9.6309683e-02  -1.7123609e-02   3.7428960e-02  -2.6694048e-01   3.1100653e-01   2.9569281e-01  -4.6687467e-02  -4.4887560e-01   3.9054173e-01   2.0677601e-01   1.8044434e-03  -5.7407055e-02  -2.1326364e-01   2.2093323e-01   1.1793088e-02   2.7337958e-01   5.4223260e-02   3.1619572e-01  -3.5837772e-01   1.3035425e-01  -1.2521246e-01  -2.3474296e-01  -2.0225563e-01  -2.1163075e-01  -5.7384906e-02  -6.2452945e-02   9.7253359e-02   2.6765199e-01  -1.9564044e-01   3.3818456e-01   1.1305258e-01   2.9787911e-01   2.3632551e-01  -1.0931139e-01  -2.5164201e-01  -2.2776518e-01   9.6540779e-02   5.2275599e-01  -1.3138978e-02  -3.9307030e-01  -1.2567209e-01  -4.5265470e-01  -3.4683503e-01   1.5791364e-01  -5.0353989e-01   7.6679291e-02   1.9522667e-01  -3.9986792e-01   2.4436273e-01   2.0314544e-01  -2.4640350e-01  -1.9475883e-01   7.4901253e-03   3.4085848e-01  -1.7911302e-01   8.2590484e-02   1.9949876e-01  -2.8523565e-02   1.0243089e-01  -1.9828356e-01
  -2.5115391e-01   3.0311959e-02   1.2732635e-01   8.8050428e-02   3.7838431e-01   1.8023282e-01   2.3666276e-01  -2.8657172e-01   1.2573328e-01   1.1560148e-01   3.5248454e-01  -4.8079377e-03   0.0000000e+00  -2.1831920e-01   1.0481072e-01   1.8811817e-01  -9.7664665e-04   4.3208189e-01   1.9721007e-01   4.3684727e-01   2.3528555e-01  -1.4247705e-01   2.2542925e-01  -1.8713067e-01  -1.9487082e-01  -1.2598707e-01   2.3572305e-01  -1.6611925e-01   2.0429519e-02  -2.5759208e-01  -1.2200778e-01   1.6886170e-01   1.8314752e-01   2.0518432e-01   2.0722045e-02   4.0664115e-01   2.4089439e-01   8.7598205e-02   1.4318356e-01   1.1782248e-01   4.8745416e-01   1.6808956e-01  -6.0635056e-02  -1.7920070e-01   2.3242674e-01  -1.9909236e-02   4.6515983e-01   1.2260485e-01   1.6543716e-01   4.6508104e-02   4.0492851e-01  -1.4547635e-01  -2.1728368e-02   1.4481362e-01  -1.2254661e-01  -3.2994439e-02   2.0304908e-01  -9.2216587e-02   2.2992972e-01  -1.0678973e-01   2.0669031e-01   1.9458482e-01   3.7269572e-02  -1.1861176e-01   3.9509508e-02   1.0483856e-01   1.0912595e-03   1.7367530e-01   1.7067617e-01  -9.6842428e-02  -4.8564350e-02   3.1607361e-01   3.2821843e-01  -7.1276051e-02  -3.9298129e-02  -2.2412715e-01   1.0889207e-01  -8.3374043e-02   2.0074732e-01   2.9773412e-01  -9.0166765e-02   1.6996116e-01  -1.2046750e-01  -2.0342247e-01  -9.7201551e-02  -2.6012499e-02  -1.3387070e-01  -1.8851162e-01  -2.1205903e-01  -1.1622242e-01   1.0322249e-01   2.9924107e-02   1.9165984e-02   1.1796440e-01   1.2276050e-02   1.2067321e-01   2.0620620e-01  -1.2156923e-01   4.1954050e-01   3.1274456e-01  -4.9915768e-02  -1.3144134e-01  -3.2984015e-01  -4.0448146e-02   3.5170942e-01   8.6985860e-02   1.0201556e-01  -4.8525546e-02   2.3328260e-01   7.5585829e-02   3.1873517e-02  -1.5112423e-01   6.4675714e-02  -4.9174646e-02   6.8656154e-03  -7.3184935e-02  -3.2227280e-01   5.1570563e-01  -1.1765110e-01   1.0383242e-01  -3.6941031e-03   5.1194284e-02   7.7041981e-02  -2.1738693e-01  -2.4906204e-02  -2.5074008e-01   1.4444010e-01   3.8868753e-02  -2.0124867e-02   1.4496250e-01   3.1017349e-01   2.0237133e-01  -3.1629001e-01  -1.4828012e-02  -5.6058474e-02  -2.7892302e-01   1.5856476e-01  -5.5726307e-02  -3.6089111e-01  -9.7424300e-02  -1.2674658e-01   2.8114398e-01   1.5270440e-01   1.6883264e-02   6.8932458e-02  -6.8359978e-02  -5.4943055e-03   1.0767888e-02   2.3679712e-01   2.2997846e-01  -2.1547127e-01  -2.8160197e-01  -7.7999488e-02  -1.0266461e-02  -3.1060002e-02  -2.1761923e-01   6.9049633e-03   3.0731779e-01   1.4332855e-01  -1.6969603e-01  -1.7420111e-01  -5.5365036e-02   2.1541425e-01   2.6490511e-01  -7.7887714e-02  -3.2532109e-02   1.4940404e-01   1.5354784e-01  -8.4297057e-02   1.4238605e-01  -1.1495246e-01   1.4373136e-01   3.1503823e-01  -9.6475956e-02  -1.4268933e-01   2.2510815e-01  -1.8074435e-01
   3.4796892e-01   1.8344707e-01   3.4478409e-02  -9.0041186e-02  -1.9092395e-01  -2.9332018e-01  -3.5048820e-01   1.1367051e-01   1.4207549e-01  -1.7134505e-01  -4.1539050e-01   1.7593511e-01  -2.1831920e-01   0.0000000e+00   1.0254719e-01   6.7520625e-03   1.8655289e-01  -2.6393592e-01  -3.1730774e-01  -2.8684088e-01  -4.2220294e-01  -6.8087261e-02  -3.5087349e-01   6.3167108e-01   9.0303259e-02   1.3271881e-01  -2.3020890e-01   6.1629143e-02   1.6549424e-01  -4.1038290e-03   2.0923863e-01  -2.1613119e-01   1.9051654e-01  -3.2502423e-01   1.3210248e-01  -4.0912133e-01  -2.8210784e-01   2.4450815e-01  -1.0659522e-01  -1.7998760e-01  -1.9958992e-01  -5.2480264e-02   1.3382641e-01   8.8286403e-02  -4.2629741e-02   1.4584294e-02  -3.2781836e-01  -2.6505280e-01  -1.2625357e-01   2.9800966e-02  -1.3735763e-01  -2.2736736e-02  -1.8876240e-01   7.6223462e-02   4.8691784e-01   7.2552049e-03  -1.1649806e-01  -1.5452863e-01  -1.9267668e-01   1.7830300e-01  -4.9912767e-02  -6.3579897e-03   1.4264193e-01  -3.1776438e-02   9.1660409e-02  -3.0424807e-01  -2.3810987e-01   7.2203603e-02  -1.8386206e-01  -8.2346661e-02  -9.2796055e-02  -2.2569369e-01  -3.9485888e-01   2.4417716e-01  -3.7259977e-02  -1.5394669e-01   6.4034288e-02  -1.0699206e-01  -6.1538547e-02  -3.1342294e-02   7.1337636e-02  -3.6902519e-01   1.3068541e-01   1.4427349e-01   1.8246032e-01  -9.4175486e-02   3.6620567e-01   6.4458343e-01   3.4987435e-01   4.0544308e-01  -1.0470430e-03  -7.9009059e-02  -2.6906687e-01  -1.1107043e-01   8.7210686e-02  -1.9297640e-02  -2.0269355e-01  -8.6524434e-02  -1.1530876e-01  -2.6627542e-01   1.4656292e-01  -1.3645240e-01   7.2321069e-03   3.4641042e-01  -2.4283790e-01  -1.7915828e-01   8.6234774e-02  -1.5749455e-01  -3.0890727e-01  -1.3682180e-01  -1.3425097e-01  -1.4750971e-01   5.5384531e-02   3.5569553e-01   2.2962206e-02   1.0036185e-01  -1.2767721e-01  -3.3366768e-01   5.3707825e-02  -1.9972610e-01   1.4282350e-01  -9.2666853e-03   1.9739815e-01   1.9809911e-01   4.9467066e-02   3.4393269e-01  -7.8828048e-02   1.4443414e-01  -5.8266244e-02  -1.4386578e-01  -2.7529023e-01  -2.1754738e-01   4.6897577e-01  -1.9919150e-01   1.1366489e-01  -6.3062772e-02  -6.6140981e-02  -2.2586787e-02   4.3867589e-02   4.3854948e-01   5.2036919e-01  -4.1119179e-01  -1.8936853e-01  -6.3536501e-02  -8.2145652e-02  -1.6611963e-01  -1.8573840e-01   1.9611966e-01  -1.8813163e-01  -1.8089921e-01   2.2771579e-01   1.5482115e-02   3.0019272e-01  -6.6862909e-02   1.5467298e-01   4.6497155e-01   1.7374705e-02  -1.2609943e-01  -1.9434205e-01  -1.2543125e-02   3.3521235e-01  -1.5560243e-01  -1.6181014e-01  -1.0948180e-01  -2.2015303e-01   1.5363413e-01  -1.1044437e-01  -8.4887007e-02   1.1669611e-01  -1.2104194e-01  -1.0607725e-01   1.7946506e-01  -1.0308315e-01  -1.0575229e-01   1.4506371e-01  -1.5930006e-01   5.0571680e-02
