   0.0000000e+00   7.8456827e-02   1.2147507e-01   1.0915654e-01  -9.9061111e-02  -4.8333820e-02  -1.0250359e-01   2.5585636e-02   1.2440076e-01  -6.6148681e-02   2.2105934e-02  -2.2479080e-01  -2.2265030e-01   6.1713190e-01   1.2917073e-01  -5.4190440e-02   2.5142555e-01   2.0564145e-01  -2.1271806e-01  -2.1644956e-01  -3.0807121e-01  -2.3074407e-01  -1.2830588e-02   7.6416608e-01  -2.1818546e-01  -1.7634837e-01  -3.8021563e-01   3.7399684e-01   2.3881712e-01   1.7805387e-01   9.1257128e-02  -2.0387974e-01   1.9327484e-01   7.0113740e-03   2.2079616e-01  -2.9236007e-01  -1.3497685e-01   1.8263983e-01  -5.9865532e-02  -2.6486069e-01  -2.0505395e-01   1.0552821e-01   1.4260018e-01   3.1635707e-01   1.7546131e-01   5.1072167e-01  -2.1483220e-01   1.3487712e-01  -7.7177533e-02  -1.0017531e-01   1.8879312e-01   1.7749756e-02  -1.0052282e-01   4.2073536e-01   5.4997586e-01   1.9138913e-01  -2.1939102e-01  -4.6552720e-01   1.5508335e-01  -2.5615911e-01   5.4174241e-01   1.0738459e-01   1.6527804e-01   6.3024179e-02   1.8259145e-01  -1.5955021e-01  -1.0730056e-01  -8.0629226e-02  -7.9374243e-02   1.6836603e-01  -2.4941321e-01   2.1978786e-01  -2.0199678e-01   5.4056206e-01  -9.7703389e-03  -1.5587496e-01   5.4080220e-01   8.1364245e-02  -2.3293170e-01  -3.6094291e-01   6.1267413e-03  -2.2280959e-01  -1.4069582e-02  -7.9511142e-02   4.6751221e-01  -2.3007243e-01   2.5150849e-01   6.8243491e-01   1.3285977e-01   7.1074562e-01  -3.3548193e-01   4.4094532e-01  -1.7861204e-01  -4.7449238e-02   4.0010977e-01  -1.7342855e-01   1.7190294e-02  -2.2132506e-01   6.2711494e-02  -5.8674739e-03   1.6991967e-01   2.3895208e-01   4.3594888e-01   5.7960731e-02  -2.6846129e-02  -1.4438403e-01   3.6966114e-01  -2.3586855e-01  -8.2411396e-02  -1.0807594e-01   2.5108676e-02   2.2114035e-01   2.5135990e-01   7.5720329e-01   4.0833858e-01  -1.1837208e-01   4.3581919e-02  -3.0374379e-01   5.1560223e-01   1.5716291e-01   6.7338054e-01  -2.3262038e-01  -3.3432626e-02   2.8106098e-01   5.5654488e-01   2.0904541e-01   2.1658257e-01  -1.6984966e-01  -1.9931778e-01   2.8889856e-01  -4.1405402e-01  -2.1182595e-01   5.2882755e-01   3.0880989e-02   2.4385292e-01  -2.1319329e-01  -1.0204168e-01   3.0630091e-01  -1.0328652e-01   1.5008839e-01   6.3604585e-01  -1.0107326e-01   8.2994501e-02   1.8738883e-01   3.5059307e-01   3.1959223e-01  -1.9175120e-01  -2.4259388e-01  -1.8013566e-01  -9.6760421e-02   7.0156904e-01   1.6327285e-01   7.2297861e-01   2.6034508e-02  -1.1226615e-01   4.7178445e-01   5.7834513e-01   4.6453425e-03   4.4697230e-01   1.9595408e-01   1.5186346e-01   1.3490111e-01  -1.0317109e-01   3.4241249e-01  -4.2374279e-01  -9.2130891e-02   1.1340170e-01  -1.4638763e-01   7.1247340e-01  -1.0262941e-01  -2.5070785e-01   2.8815013e-01   1.9287882e-01   1.0444519e-01  -2.0624739e-02  -7.9423459e-02  -3.8361838e-01
   7.8456827e-02   0.0000000e+00   2.6069740e-02   3.3831829e-01   2.0864249e-01  -1.8392130e-01   4.9564280e-02  -4.6203211e-02   3.9268091e-01  -1.4185313e-02  -1.2699450e-01   9.3633002e-02  -1.5317331e-01   1.8528326e-02  -1.7446570e-01  -1.7162675e-01   1.9943216e-01  -1.5210662e-01  -4.3138464e-02   1.6163380e-01  -2.4806835e-03   1.8366420e-01  -1.9933448e-01   8.5824981e-02   2.3827526e-01   1.9051379e-01  -6.3028093e-02  -4.2300284e-01  -5.7835956e-02   4.4635684e-01   2.8087472e-01   2.4862871e-01   1.4460985e-01   7.4300841e-02   1.6751522e-01   1.3127706e-01   1.8527469e-01   1.0240179e-01   1.0484985e-01  -6.6086828e-02  -1.5540389e-01   1.1049630e-01   2.7013506e-01  -2.3431352e-01   2.8950734e-01  -1.2420200e-01  -7.3256135e-03   5.5946865e-01   1.0821551e-01   7.9635798e-02  -1.1332872e-01   3.4140138e-02   1.4195396e-01   9.0954144e-02   6.8586890e-02  -4.6167607e-02  -2.9577870e-01   1.0944261e-01  -1.2680251e-02   1.4048167e-01   8.9562334e-02   2.2641658e-01   3.6167984e-01   1.3958851e-01   4.7395079e-01   1.3237956e-01  -1.2089180e-02   2.6633281e-01  -3.4763883e-01  -4.2726785e-01   4.7804621e-01   1.1108156e-01  -6.4772908e-02  -2.0063292e-01   1.3214768e-01   2.5981736e-01  -6.6768198e-02  -3.0578880e-01   2.5225445e-01   2.2804869e-01  -2.4037014e-01   1.3221229e-02  -1.3680716e-01  -1.5616080e-02   2.5097051e-01   3.2571757e-01   3.7883184e-01  -1.6908292e-01   4.0394644e-01  -1.7023468e-01   1.1625321e-01  -2.2852476e-01  -4.0300908e-02   3.2291850e-01  -5.2337081e-02   1.0633501e-01   2.2832008e-01   1.8709742e-02   2.5241519e-01   6.5289464e-02  -1.8637915e-01  -7.9585168e-02  -1.3594866e-02   4.6558484e-01   9.8400001e-02   1.8935621e-01   1.9252763e-01  -1.6736131e-01   6.8320168e-02  -1.2024315e-01   5.6762080e-02  -6.2397736e-02   2.2700587e-01   2.7244122e-02  -5.1650299e-01   4.9087674e-01  -1.5905341e-01  -1.0700793e-01  -1.5983848e-01   2.1499132e-01  -1.0892235e-01   1.1159251e-02   3.4254484e-01   2.7240319e-01  -1.0961917e-01  -6.3850769e-02   2.1529234e-01   3.2967655e-01   3.1941103e-01  -3.0425364e-01   1.1316512e-01   2.0128327e-01   3.8134282e-01  -2.6172628e-01   2.5236292e-01   2.5059323e-01   1.5690856e-01  -3.4356953e-02   1.9276545e-01   4.9786519e-02  -5.1629268e-02   3.3384563e-02  -2.0600691e-01  -4.0112588e-01   2.1638234e-03   2.5898726e-01  -4.8394047e-02   1.4510551e-01   4.4474324e-02   2.3597239e-01  -3.0303464e-01  -4.7327192e-02   9.6499726e-03   3.0786528e-01   7.4769947e-02   6.2292187e-02  -1.0542713e-01  -3.8254332e-02   6.1898694e-02  -2.3418850e-01   2.5705412e-01  -6.4827730e-02  -1.1152357e-01   2.1241997e-01   1.7100729e-01   2.9386226e-01   2.0946294e-01  -1.0517058e-01  -6.7671612e-02   1.4267820e-01   1.9358451e-01  -8.5072103e-02   2.9134251e-01  -2.0168703e-01   1.0629159e-01  -1.0584100e-01   2.7685397e-01
   1.2147507e-01   2.6069740e-02   0.0000000e+00  -4.3266885e-02   1.7058141e-01  -9.4459581e-02   3.3523710e-01  -1.3677097e-01   2.1758064e-01   4.6223667e-01  -4.1269100e-01   4.6199236e-01   4.2438529e-02  -9.5576445e-02  -8.9410080e-02  -2.3531465e-02   8.5098650e-01  -1.8380815e-01  -6.1783326e-02   3.7198037e-01  -2.4517555e-01  -9.7427058e-02   1.0114380e-01   2.1014016e-01   8.1237014e-02  -4.4871012e-02   1.8300616e-01   9.1633257e-02   1.2674351e-01  -3.0672548e-01  -3.0345936e-01   1.9417549e-01   2.2510114e-01   3.0342935e-01   1.8295719e-01   1.3157292e-01   1.8036808e-01  -7.4295972e-02  -9.0287611e-02   4.5778024e-01   9.6731222e-03   3.6728210e-01   3.6637000e-01  -2.7508325e-01  -1.4427555e-02   2.5172234e-01  -1.0866997e-01  -1.4376657e-01  -1.6353939e-01   5.6719380e-01   5.3649319e-02  -9.1417837e-02  -2.5226496e-01   2.3569465e-01  -1.5614193e-01   9.3027558e-02  -1.8986979e-01   7.5559246e-02  -1.4344755e-01   3.0354413e-01   4.1779931e-01   1.1078786e-01   3.2094930e-01  -4.0964627e-01  -2.1733079e-01   2.3279158e-01   1.9635123e-01   1.3275238e-01  -1.9011367e-01   6.4368013e-01   5.4572875e-02  -8.1024318e-03  -3.0241414e-01   1.9216437e-01   9.5780545e-02  -1.5428604e-03   1.6747279e-01  -9.2589853e-02   2.2390200e-01   2.8012965e-02   9.3176174e-02  -9.9450395e-02  -4.4936940e-02   8.2087855e-02   3.3515549e-01   7.6241323e-02   3.6101439e-02   2.8229453e-02   5.9439530e-02   6.1792066e-02   1.9533904e-01   3.8443471e-01   4.1023973e-01   3.4965966e-01  -5.1186714e-02   5.3883049e-01   1.0986336e-01  -2.2458502e-01  -2.4877537e-02   1.9561728e-01   1.2444142e-01   2.3348933e-01  -1.4144577e-01  -2.0736808e-01  -1.4177869e-02   1.9696415e-01   2.4410327e-01  -2.2400034e-01   2.3192610e-01  -4.2120164e-01   4.4641903e-01  -2.7324076e-01   1.1758933e-01   1.1811462e-01   2.6185085e-01  -6.9084084e-02  -1.3967345e-01   3.0244732e-02   4.2219291e-02   1.0246942e-01   1.6371645e-01   3.0341200e-01   2.1298715e-01  -4.0376040e-01   1.0212005e-01   1.5480334e-01  -1.3683172e-01   2.3231233e-01   2.5769106e-02   4.4263572e-01  -8.2052130e-02  -3.0394124e-01   1.6406110e-01  -3.7881429e-01   3.0408568e-01  -2.2603215e-02   2.2362199e-01  -2.2394281e-01   1.0782081e-01   9.6482441e-03  -1.0064927e-02   2.4793792e-01  -2.9098797e-01   1.1230322e-01   2.0488147e-01  -3.9244617e-01   5.1368077e-01  -6.0076007e-02  -1.8316358e-02   1.5669169e-01   2.8692358e-01  -4.4818763e-04   2.0900351e-01  -4.1326612e-01   5.0947239e-01   6.1004147e-02   7.4134775e-02   7.8629676e-02   3.9712761e-01   8.4833630e-02   1.0964911e-01  -3.8923655e-01   1.2812065e-01  -2.4393560e-01   2.7521961e-02   1.0862610e-01  -3.5367243e-02  -8.1461601e-02   1.0263036e-01   1.6581956e-02  -9.4255795e-02  -1.4906544e-02  -1.1025103e-01  -1.3347458e-01  -1.1335946e-01  -9.8281066e-02   1.3058132e-01
   1.0915654e-01   3.3831829e-01  -4.3266885e-02   0.0000000e+00  -1.8597804e-01  -8.2538176e-02  -3.2695130e-03   9.6311964e-03   5.1137157e-01  -1.4694804e-01   4.4296350e-02  -8.9694670e-02  -7.1573469e-02   2.3904087e-01   3.6931808e-02  -9.1434874e-02  -1.5967725e-02   2.0867641e-01  -2.9258258e-01  -2.4907780e-01  -5.2821477e-02   4.7513643e-01  -1.4053488e-01  -1.8297929e-02   1.6644980e-01  -1.7110963e-01  -5.9967888e-02  -2.6213906e-01  -8.2008457e-02   3.8916561e-01   2.6968368e-01   2.9988544e-01   3.0293982e-01  -1.1886986e-01   3.8867560e-01  -5.3477996e-02   1.8261452e-01   1.0612965e-01  -1.6117537e-02  -7.7830738e-02  -1.5433812e-01   3.5421266e-01   2.5292781e-01  -8.7551370e-02   3.4658920e-01   1.6305809e-02   1.4311289e-01   1.1722141e-01   3.1831170e-02  -2.4907753e-01   1.4601809e-01  -1.7702726e-01   9.0524224e-02   2.9932647e-01   2.5927761e-01  -9.4291289e-02  -2.9271233e-01   1.3653159e-01   1.0834581e-01   2.2725867e-01   4.1258757e-01   2.5379292e-01   2.9512928e-01   1.8095949e-02   3.1768723e-01  -1.1969496e-01   5.0519978e-02   2.2281463e-01  -2.9355600e-02  -1.2255617e-01   1.7264986e-02   6.5078262e-01  -1.0951303e-01   6.6739279e-02   7.7876781e-02   3.8009456e-01   1.9505319e-01  -4.8987229e-02  -1.0741395e-01   1.5476647e-01  -1.5957320e-01   6.1847270e-03  -1.8111422e-01   4.4355822e-02   3.7900517e-02   1.9241725e-01   2.6923935e-01   6.3805760e-02   1.0533738e-01   7.5270077e-03  -2.1798438e-01   2.9610272e-01  -1.6309455e-01   3.4421891e-01   1.0942637e-01  -2.2413551e-01   3.1837028e-01  -9.5003791e-02   3.8507377e-01  -8.4087845e-03   5.2481252e-02  -1.3564928e-01   1.7289410e-01   5.3583519e-01   2.3946856e-01   3.5237726e-01   5.1657349e-01  -7.8386159e-02   1.8304187e-01   5.9824711e-02  -1.8615090e-01   1.9332148e-01   5.8085341e-01  -5.9623892e-02  -9.0790357e-02   3.7016521e-02  -1.7908916e-01  -3.8121390e-01  -5.2487247e-02   7.6698766e-01   5.1112525e-02  -2.9558933e-01   1.1133632e-01   1.8240615e-01   1.5162724e-03   3.2437507e-01   9.9136080e-02   1.8034770e-01   2.8555387e-01  -6.0873000e-02  -9.6806132e-02   1.3113365e-03   1.9735149e-01   1.0627521e-01   4.3899048e-01   3.2811150e-01   5.3101382e-02   3.1068862e-02   2.0219499e-01  -1.6356837e-02   5.2175641e-02   5.3656197e-02  -6.7898742e-02   1.9180592e-02  -4.0937859e-02   2.5738562e-01  -1.9485631e-01   7.5505944e-03   1.4656456e-02  -1.8862628e-02  -1.6022738e-01  -9.6045404e-02   1.5001677e-01  -4.0472969e-02   5.8867896e-02   1.3053598e-01   1.4819754e-01   2.0461054e-01   3.0192365e-01  -1.3462305e-01   1.9553501e-01   2.0195480e-03  -8.2405315e-02   3.0355021e-01   1.8256100e-02   3.3883267e-02  -9.4291175e-02  -7.8561247e-03   1.9132438e-01  -2.6806046e-01   4.5355276e-02   1.3246624e-01   3.9676279e-01  -6.9406735e-02  -2.4500439e-02  -1.9863697e-01   4.0211201e-01
  -9.9061111e-02   2.0864249e-01   1.7058141e-01  -1.8597804e-01   0.0000000e+00   9.8327168e-02   1.9926052e-01   8.9459804e-02   2.3614117e-01   4.1602975e-01   4.4969048e-02   3.1096126e-01   3.6077414e-01  -4.5983458e-01  -2.6371007e-01  -1.3216346e-01   1.8886122e-01  -1.2060362e-01   2.0928871e-01   8.4796283e-01   3.6933754e-01  -3.9512914e-01   7.0149034e-02  -5.3522790e-02   4.5844183e-03   5.0302580e-01   2.6955122e-01  -3.5252624e-02  -2.2472499e-02  -3.7031699e-01   1.4083308e-01  -4.3966171e-02  -5.9894592e-02   1.9761698e-01  -2.7455574e-01   6.3003601e-01   5.2921152e-01  -2.9618206e-01  -1.0821276e-02   2.2825042e-01   3.7169439e-01   1.6181674e-01   5.0801469e-01  -1.1898989e-01   2.0113145e-01  -3.9193025e-01   2.9248267e-01   7.5890100e-02   5.5750051e-01   4.3263611e-01  -1.4499319e-01   3.0624420e-01   1.1905450e-01  -5.0524614e-02  -2.0612036e-01  -1.3656471e-02   1.7794764e-01   6.8466186e-02  -6.5434416e-02  -2.4569263e-02  -2.4043540e-01   4.0891209e-01   4.9121363e-01   1.9498227e-01   4.2779782e-01   3.4886551e-01   2.2619187e-01   4.3689297e-01  -7.9614269e-02  -1.7985263e-01   4.4085679e-01  -2.4500239e-02   3.6924449e-01  -2.7455489e-01   4.1099707e-02   2.2427148e-02  -3.8103191e-01  -1.8087199e-01   7.3152878e-01   2.6757352e-01   1.4699250e-01   1.2485360e-01   2.9480592e-01   3.0204569e-01  -1.6877344e-01   9.6437435e-03   2.5010155e-01  -1.2847415e-01   2.1312032e-01  -3.1879793e-01   8.2883579e-01  -1.8134806e-01   3.9450851e-01   2.9786746e-01  -3.9798249e-01   7.7955868e-01   3.3783058e-01   2.8774620e-01   4.2731388e-01   1.1348542e-01  -2.3508689e-01  -7.6572719e-02  -4.6932855e-01  -3.3993217e-01  -1.0500988e-01  -7.2907661e-03   2.5374379e-02   2.0507322e-01   3.6033239e-01  -8.3375952e-02   3.1205059e-01  -4.5387584e-01   4.8957815e-02  -2.3276440e-01  -2.2009172e-01   6.5405557e-01   4.5343387e-02   4.3966228e-01  -4.4870568e-01  -9.8541069e-02  -2.1056633e-01   7.9124391e-01   7.4947559e-02   1.5877759e-01  -3.9922663e-01  -3.5582633e-01   8.8564563e-02   4.5742226e-01   2.0667408e-01  -3.8056071e-01   2.3197105e-01   1.8309692e-01  -1.0307320e-01  -1.8525797e-02   2.4629386e-01  -1.7293508e-01   4.2172957e-01  -4.2440858e-01   1.1870285e-02  -2.6149587e-01  -1.9709555e-01   5.3783795e-01  -1.4555398e-01  -4.6099513e-01  -6.9855681e-02  -1.2212801e-02   2.4965992e-01   5.6931262e-01   6.1148459e-02   4.3896287e-01  -1.8700668e-01   1.1362806e-02   6.2570348e-03   3.7964600e-01   1.5733421e-01  -4.0961947e-01  -2.3147366e-01  -1.6182021e-01   2.2224132e-02  -2.8715472e-02   1.7759931e-01  -2.0836856e-01   4.0469539e-01   7.0972742e-02   1.8464922e-01   4.6706520e-01   3.4111077e-01  -1.4863095e-01  -2.0005816e-01   6.2628734e-01   4.8972441e-01  -1.6369813e-01   4.4906027e-01  -2.9972005e-01   6.8551112e-02  -8.7319314e-02  -7.0667717e-02
  -4.8333820e-02  -1.8392130e-01  -9.4459581e-02  -8.2538176e-02   9.8327168e-02   0.0000000e+00  -2.6715425e-01   3.5973957e-01  -5.5884650e-03  -2.4017531e-01   3.0043821e-01  -7.5788844e-02   1.8570264e-01   3.7226490e-02  -2.5697782e-01   1.6566986e-01  -1.8152648e-01   7.0823452e-02   3.1287306e-01  -4.5045589e-02  -1.0162648e-01  -1.8078756e-01  -2.1577741e-01  -8.2343366e-02  -1.9170532e-01   3.2898462e-01   3.0448849e-01   2.0299048e-01  -2.1175197e-01   2.3375508e-02  -4.9784353e-02  -1.9390095e-01  -1.0853017e-02  -2.4682310e-01  -1.4235072e-01   1.5145320e-01   8.1092131e-02  -1.2247016e-01   3.9512740e-02   1.0668304e-01   2.4789073e-01  -5.4587964e-02   1.8081917e-02   2.5783486e-01  -3.4029050e-01  -1.1126410e-01   4.4712741e-01  -1.6284322e-01   6.0512227e-02  -6.7065532e-03  -6.8688917e-02   3.6221687e-01  -9.6299537e-02   5.2283530e-02   1.2044937e-01  -7.1550758e-02   4.5561511e-01  -2.6231535e-02   1.9629092e-01  -7.8827005e-02  -9.7291415e-02  -2.2351158e-02   9.8553712e-02   8.9264122e-02  -1.4894889e-01  -2.4140649e-01   5.5140481e-01  -1.8803118e-02   5.7436883e-01   8.0272579e-02  -1.5235991e-01   6.9863107e-02   1.0176253e-01   9.1669837e-03   2.1079611e-03  -1.2883396e-01  -1.2163130e-02   1.5796081e-01   1.8432897e-02  -1.0059608e-01   2.7995605e-01   2.3438153e-02  -1.6844759e-01   3.1389536e-01  -3.5418479e-01  -1.7903820e-01  -8.0127717e-03  -4.2202135e-02   1.3429686e-01  -8.5127056e-02   1.3408584e-01   2.0539646e-01  -8.0543641e-03  -4.4032800e-02  -7.3904365e-02  -4.2199703e-02  -2.4841900e-02   1.5241949e-01  -1.0220168e-02  -4.7262864e-01  -2.0564776e-01  -2.2519996e-01   7.2978597e-02  -1.2216486e-01  -1.9394327e-01  -1.5329174e-01   2.5294782e-02   5.6408676e-01  -1.3043321e-01   4.4792775e-01  -1.5520373e-01   9.0132192e-02   1.2533593e-01  -1.2326695e-01  -3.3995309e-02   4.2401249e-02   1.0175282e-01  -1.8353029e-02   1.1825247e-01   1.3501894e-01   2.8330272e-02   3.5228717e-02  -4.9800686e-02  -1.2985315e-02  -1.4658338e-01   3.9626628e-02  -2.7311688e-01  -9.7532052e-02  -1.3500619e-01   4.2774872e-02  -6.5482169e-02  -1.1120985e-01  -2.3379334e-01   6.3105971e-02   1.1522063e-01  -2.6404742e-02  -1.5909813e-01  -4.7439759e-02   1.1982641e-01  -1.9419001e-02   3.1650451e-03   2.8837411e-02   6.8890571e-02   1.4440163e-01  -3.4524624e-01   9.3173910e-02  -1.7397286e-01   1.7084477e-01   1.2080449e-01  -4.1535621e-01  -4.2613521e-02   2.4120724e-01   1.4334406e-01   8.9554427e-02  -5.9507082e-02  -8.5058616e-03   9.6707966e-02   2.4366996e-02   1.9281200e-01   2.6901111e-01   9.6918091e-02   2.3521932e-01  -9.4758785e-02   1.2935757e-01   2.1623999e-01   4.8328079e-02  -7.2168567e-02   3.1644545e-01   7.4487784e-02   2.4693632e-01   2.3459385e-01  -1.2024767e-01   9.0961034e-02   3.1934722e-01   1.3901009e-01   9.9391776e-02  -9.1818600e-02
  -1.0250359e-01   4.9564280e-02   3.3523710e-01  -3.2695130e-03   1.9926052e-01  -2.6715425e-01   0.0000000e+00  -3.7906231e-01   1.7927107e-01   5.7733032e-01  -1.4175031e-01   4.5416749e-01   8.4174954e-02  -2.7552170e-01   3.2853902e-01   8.1746208e-02   3.0115984e-01  -3.2144385e-01  -2.3706008e-01   3.4205711e-01   1.1553750e-01  -8.7674041e-02   6.4240599e-01  -2.0170236e-02   1.1514193e-01  -9.9713978e-02   4.1751647e-01   7.9998248e-03   1.8799411e-01  -2.2428927e-01   4.7755384e-02   1.9775785e-02   1.2374407e-01   7.2597808e-01   5.0436776e-01   4.0485563e-01   1.7092291e-01  -1.2821942e-01  -1.3901746e-01   5.0231239e-01  -5.9827522e-03   3.4124228e-01   2.3719184e-01  -5.5973943e-01   2.1615453e-01  -1.4032768e-01   5.2287641e-02   3.9970948e-01  -1.0334418e-01   2.5566525e-01   2.4474256e-02  -3.8797969e-02  -1.1818322e-01  -7.5632347e-02  -2.5501453e-01   3.1698205e-01  -2.8532641e-01   1.9004308e-01  -3.8487478e-01   4.1115623e-01   2.1253286e-02   1.7835439e-01   1.7471993e-01  -3.3592190e-01  -1.5755253e-01   5.8690317e-01  -1.2431253e-01   1.4594371e-01  -2.8863447e-01   2.9281416e-01   3.5338538e-01   1.0997668e-01  -2.6264965e-01  -2.6218962e-01   1.7904879e-01   1.4768262e-01  -1.0411608e-01  -2.2336543e-01   2.8319544e-01   2.9684181e-03   3.4701268e-01  -5.3162345e-02  -1.6803110e-03  -2.7759224e-01   3.3683616e-03   2.2016264e-01   1.2888260e-01  -1.4152672e-01  -8.0379044e-02  -1.9047410e-01   3.2545319e-01   5.2724922e-02   5.4355194e-01   4.0719245e-01  -1.8386104e-01   3.3319477e-01   2.5932241e-03  -2.6903048e-01   1.1767528e-01   4.5515643e-01   2.1458652e-01   3.8274012e-01  -1.3096021e-01  -2.5773444e-01   1.6331853e-01   6.5220298e-02  -2.1247195e-02  -3.2532238e-01   5.6319589e-01  -2.8181226e-01   5.0163446e-01  -1.3964296e-01   5.1298140e-02  -2.1280645e-01   2.8844572e-01  -1.2042325e-01  -6.4291393e-02   1.3592627e-01  -1.4738762e-01  -5.0823229e-04  -1.6039742e-01   4.7492422e-01   3.1950268e-01  -3.9501778e-01  -2.0872052e-01   6.6647243e-02   1.9137081e-02   2.8006250e-01   4.7129184e-02   2.1605086e-02  -7.5268359e-03   5.7622270e-02  -1.3403203e-02  -1.7893729e-01   2.0446188e-01   4.7824316e-02   2.1515294e-01   8.6423954e-02   1.7646200e-01  -1.2205671e-01  -2.0959696e-01   1.6117714e-01  -3.0629181e-01  -1.0470003e-01   3.3590607e-01  -3.0964091e-01   8.1453980e-01   8.6307230e-02   3.7161247e-01   2.7561744e-01  -4.7713056e-02   1.0435514e-01  -1.3899717e-02  -8.1947869e-02   4.2768212e-01  -1.6293672e-01  -1.7315020e-01  -1.1873750e-01   7.9797578e-02   2.2649247e-01  -1.0991521e-01  -3.8472782e-01   2.7052750e-01  -3.0580097e-01   4.6974219e-02   3.2186086e-01   1.9308163e-01  -3.7112857e-02  -1.0821379e-01  -4.0014715e-02   6.7879983e-02  -1.0251204e-01  -7.1056397e-02  -2.7082313e-01  -9.7962160e-02  -9.6286151e-02   8.9836514e-02
   2.5585636e-02  -4.6203211e-02  -1.3677097e-01   9.6311964e-03   8.9459804e-02   3.5973957e-01  -3.7906231e-01   0.0000000e+00   2.2740018e-02  -2.0103144e-01   2.7974826e-01  -2.1027544e-01  -9.4703365e-03  -1.7660192e-02  -2.4908344e-01  -2.2393145e-01  -1.2332640e-01   1.5517361e-02   3.7981301e-01  -5.0575361e-02  -9.0677710e-02   1.0972839e-01  -3.0961592e-01   1.6283464e-02  -2.3345966e-01   5.0617261e-01  -2.0482548e-01   3.2184188e-02  -1.4014371e-01  -1.5387777e-02  -8.4411497e-02   2.2794319e-01  -2.6617050e-01  -1.9051839e-01  -2.7587647e-01  -1.9902993e-01  -9.8496157e-02  -3.8564302e-01  -2.5499725e-01  -3.2411257e-01  -3.1920141e-02  -3.7819098e-01   8.2533228e-02   4.4447453e-01  -1.0934152e-01  -2.4100474e-02  -3.4561585e-02  -3.3798006e-01  -6.6692375e-02  -1.8747740e-01   2.8465302e-02   5.4765055e-01   1.6419676e-01   7.1288416e-02  -1.3316829e-01   9.9769335e-02   3.6595729e-01   2.9465014e-01   3.1198108e-01   1.2536076e-01  -1.4379891e-01  -1.7974912e-01  -4.4697036e-02   1.4765777e-01   8.1061760e-02  -1.6773873e-01   3.9164159e-02  -1.5498993e-01   4.3202006e-01  -1.6824885e-01  -2.0805855e-01  -1.5647615e-01   2.2712906e-01   1.6502945e-02   2.3514951e-02   2.9097249e-01  -1.5297365e-01   3.9876094e-01  -9.7595267e-02  -9.6458570e-02   1.3013535e-01  -2.3346936e-02   1.5814184e-01   7.0150312e-01  -2.3060661e-01   1.4863248e-01  -3.3389794e-03   7.4717196e-02   9.1302124e-02  -1.0190324e-01  -1.8698221e-03  -1.7620690e-01  -1.3854420e-01   7.9464252e-02  -1.5303226e-01  -6.4332447e-02  -2.3141770e-02   5.3382806e-01  -1.4978083e-01  -1.6577936e-01  -3.5004595e-01  -6.8258477e-03  -7.6427885e-02   7.7343039e-02   2.0604383e-01   3.2548609e-01  -2.0739927e-01   6.8369880e-01  -6.8545077e-02   1.4640397e-02  -3.0103062e-03  -9.9710344e-03   5.0900202e-02  -9.2753941e-02  -2.2763576e-01   1.0909116e-01   4.4808623e-01  -2.0553955e-02   1.4110681e-02   1.0373177e-01   7.1487585e-02  -1.0135554e-01  -2.5441979e-01   1.6716048e-01   9.1952907e-03   1.0058755e-01   1.3523465e-02  -1.0546950e-01   2.7977332e-01  -2.5247963e-01  -1.6688219e-01  -8.8616704e-02   1.8920657e-01   1.6426695e-02   7.9628984e-02   3.4725132e-01  -1.3152965e-01  -1.1430697e-01   2.9074754e-01  -1.5368903e-01   4.5659341e-02   2.1804244e-02   5.6084669e-01   9.0424943e-02  -1.2068881e-01   9.1767021e-02  -3.3246543e-01  -4.1031156e-02  -1.2070449e-01  -1.0670774e-01  -6.4525438e-02   1.3995059e-01  -3.9210756e-02   2.0199828e-01  -2.8674081e-01  -1.5344075e-01   2.0186513e-01   1.2060697e-01  -1.3334922e-01   6.8355745e-02   5.8264558e-02   3.9353345e-01  -1.5306945e-02   1.9574794e-01   3.8342358e-01   1.1358158e-01   2.4921058e-01   1.7029732e-01  -1.1722823e-01   8.8438244e-02   1.3513716e-01  -1.5464448e-01  -5.7223708e-02   8.1782040e-03   1.1498688e-01  -1.2947599e-01   1.2568644e-01
   1.2440076e-01   3.9268091e-01   2.1758064e-01   5.1137157e-01   2.3614117e-01  -5.5884650e-03   1.7927107e-01   2.2740018e-02   0.0000000e+00   2.7748087e-01   7.4097166e-02   1.2083188e-01   2.1273351e-01  -1.3949886e-01   1.3604520e-01  -3.5340929e-01   3.0955785e-01  -8.1749784e-03  -6.4490966e-02   2.6443259e-01  -3.2209436e-02  -1.5029683e-02  -1.6908384e-02   6.7915065e-02   1.9350808e-01   1.2537278e-01   1.2076727e-01  -2.2187739e-01   1.6476844e-01  -5.3956124e-02   2.2311915e-01   2.5887705e-01   2.3881403e-01   2.0437404e-01   3.6944221e-01   2.1672366e-01   4.3824286e-01  -3.4147681e-02  -3.2506372e-01   8.0058359e-02   5.9402876e-02   5.0412856e-01   7.7197169e-01  -1.5914890e-01   6.0682465e-01  -1.3234769e-01   1.1639464e-01   4.3493972e-02   1.1270567e-01   6.5053160e-02   4.1391861e-02   5.9773251e-02   1.9069555e-01   4.4950359e-01   9.9823723e-02   9.5567704e-02  -8.6611532e-02   1.2114747e-01  -3.3264535e-02   5.2245637e-01   3.0875181e-01   6.0110739e-01   6.8433706e-01   1.5118622e-01   4.8355603e-01   1.9706633e-01   2.4450633e-02   4.7404628e-01  -2.0234613e-01   1.1759229e-02   2.1433202e-01   5.4287195e-01   4.9438348e-02  -1.1515599e-02   2.9027209e-01   2.4595745e-01  -3.6793147e-02  -1.4385135e-01   3.5550420e-01   1.4597010e-01  -1.2113949e-01   5.3869096e-02  -8.9417829e-02   1.1067046e-01  -1.0322186e-01   2.7010636e-01   4.3786964e-01   4.8753120e-02   5.4087666e-01  -6.1522328e-02   1.8304794e-01   1.8125692e-01   2.0145125e-01   8.0887890e-01  -2.8102333e-02   2.2586359e-01   5.1472282e-01   1.6812642e-01   5.8746406e-01   1.8961351e-01  -8.8041164e-02   4.5993591e-02  -1.8494969e-01   1.5586640e-01   2.0937263e-01   2.2826606e-01   5.3550473e-01  -9.6039734e-03   4.4985702e-01  -4.8787609e-02   1.1738419e-01  -2.4772420e-01   7.5126944e-01  -2.8707100e-02  -8.5565204e-02   3.9390077e-01  -1.1077177e-01  -6.6553270e-03  -3.0364217e-01   5.3456496e-01  -1.2355834e-01   1.4310720e-01   4.6911659e-01   9.6639522e-02  -1.7827404e-01   1.8290202e-01   1.0537827e-01   4.8316612e-01   2.6154021e-01  -1.2438063e-01  -1.7104220e-01   1.5565684e-01   2.1653757e-01  -1.7441832e-02   7.9562675e-01   2.2036476e-01   3.5673198e-01  -1.9114747e-01   1.7748149e-01   1.3411757e-01   1.2936349e-02   3.8255475e-01  -1.4596201e-01  -3.4814519e-01   5.5261665e-02   5.8844637e-02   7.5309801e-02   2.3734054e-01   1.3890970e-01   2.4974298e-01  -2.4661503e-01  -5.2255563e-02   2.2877111e-01   6.7731034e-02   1.3166513e-01   2.0021292e-02   2.2992913e-02   5.5479242e-02   3.9912281e-01  -1.3305862e-01   4.6054762e-01  -6.8364593e-02   1.4415484e-01   2.5191395e-01   1.3661448e-02   4.2464878e-01   3.0473354e-01  -1.2166206e-01   1.5684087e-01   6.4907376e-02   4.0141005e-01  -1.5702766e-01   6.4915521e-01  -4.0166199e-01   1.6356373e-01  -3.7785008e-01   1.2443642e-01
  -6.6148681e-02  -1.4185313e-02   4.6223667e-01  -1.4694804e-01   4.1602975e-01  -2.4017531e-01   5.7733032e-01  -2.0103144e-01   2.7748087e-01   0.0000000e+00  -1.5330630e-01   4.5772854e-01   2.7187983e-01  -4.2166786e-01   1.5586720e-01  -4.3578820e-02   3.8699148e-01  -1.2699488e-01   9.8609117e-02   6.5284674e-01   1.3370658e-01  -2.3717981e-01   4.7717973e-01   5.5611719e-02   5.2721134e-02   2.4093223e-02   2.5357038e-01   4.5762061e-02   1.8094068e-01  -4.6052885e-01  -9.0393672e-02   5.8205450e-02  -1.1861627e-02   6.6506908e-01   1.9819688e-01   3.3613484e-01   3.8310805e-01  -1.5758260e-01  -1.5664017e-01   2.6579246e-01   2.1083408e-01   3.2247444e-01   4.6752748e-01  -2.8352726e-01   3.2915578e-01  -5.7433982e-02   7.8703806e-03   6.3662624e-02   6.4719896e-02   4.2205213e-01   1.6304498e-01  -5.6574837e-02   6.0603412e-02  -1.1382037e-01  -2.9024029e-01   2.9658860e-01  -9.8030450e-02   1.3687552e-01  -2.3994252e-01   3.2878402e-01   8.2076027e-02   2.3960012e-01   1.9067873e-01  -1.1773500e-01   3.5675555e-02   6.8137955e-01  -1.1386160e-01   2.6488429e-01  -3.4226651e-01   3.5148104e-01   2.5118562e-01   7.0006465e-02   2.4048174e-02  -2.1409271e-01   1.1034179e-01   9.1388135e-02  -8.2124353e-02  -4.5974050e-02   4.2549773e-01   1.7329783e-01   1.5711671e-01   7.9255854e-02   1.4547202e-01  -7.7214717e-02  -4.6773097e-03   4.2696269e-02  -1.0869391e-01  -5.9546737e-02  -7.1616111e-02  -1.4626712e-01   3.6395957e-01  -1.3046424e-02   6.3492670e-01   3.7530397e-01  -1.9072459e-01   6.0425037e-01   2.1866350e-01  -5.2834217e-02   1.6651570e-01   5.5775877e-01  -1.6536482e-02   4.9382862e-01  -3.3827936e-01  -3.6566859e-01   1.8491663e-01   5.5729107e-02  -1.2274590e-02  -2.1506669e-01   4.6570821e-01  -1.7323950e-01   5.6329489e-01  -3.7785880e-01   5.7266250e-02  -6.3227768e-02   1.6108808e-01   1.0894141e-01  -1.0693218e-01   4.4807470e-01  -1.4006817e-01  -8.2427766e-02  -4.3445938e-02   5.7185777e-01   2.2459973e-01  -2.4028216e-01  -6.7893091e-02  -1.7081539e-01   1.0869669e-01   3.5049907e-01   2.3496958e-01   7.2189041e-02   1.0448411e-01   9.3162014e-02   3.9462320e-02  -1.7404264e-01   2.2206044e-01  -7.2151416e-02   3.6898616e-01  -2.3937221e-01   1.2876595e-02  -2.6311210e-01  -2.1506573e-01   4.0382333e-01  -2.5518065e-01  -1.3610475e-01   2.7867412e-01  -2.9887941e-01   6.3330384e-01   2.5891205e-01   3.6727962e-01   5.6780746e-01   4.1747952e-02  -6.8796249e-02   7.7157256e-02  -1.7660934e-01   1.6350946e-01  -3.3080493e-01  -8.3255153e-02  -8.9188889e-02   9.2202447e-02   3.1068840e-03   1.0976828e-01  -3.6822031e-01   5.2846696e-01  -9.3238676e-02  -8.3503961e-02   2.4335040e-01   2.1233041e-01  -1.8614030e-01  -1.2467047e-01   2.1095762e-01   2.0125480e-01  -3.3068416e-02   1.6950610e-01  -4.0207984e-01  -6.7020706e-02  -7.4612542e-02  -5.0418606e-02
   2.2105934e-02  -1.2699450e-01  -4.1269100e-01   4.4296350e-02   4.4969048e-02   3.0043821e-01  -1.4175031e-01   2.7974826e-01   7.4097166e-02  -1.5330630e-01   0.0000000e+00  -1.5535365e-01   6.3224116e-02  -7.6741231e-02   4.6087266e-02   1.5718771e-01  -3.8162069e-01   4.2185108e-01  -9.2045757e-02  -7.6470384e-02   2.2837923e-01  -4.2982623e-02  -1.0888534e-01  -2.2915903e-02  -1.0461930e-01  -6.0951712e-02   7.6206132e-02  -2.8676300e-02  -4.8760308e-02   1.9047260e-01   1.9960943e-01  -7.4275347e-02  -2.0241357e-01  -1.3405303e-01  -2.0433007e-01   1.4076188e-01  -2.6201266e-02  -5.8589459e-02   1.0588019e-01  -1.5738726e-01   6.1866502e-02  -2.8671730e-01  -3.3707664e-02   4.3733509e-01  -2.1855865e-03  -2.3120763e-02   5.2949820e-01   5.3788189e-03   4.3691342e-03  -4.1216477e-01   2.2426803e-01   1.7990986e-01   4.4333133e-01  -3.8167765e-02  -1.1643236e-02   1.5050316e-01   3.1126272e-01  -1.0708515e-01   3.7803043e-01  -5.6651427e-02  -1.0174181e-01  -5.9968336e-02  -6.3157949e-02   4.9646748e-01   2.8468645e-01  -3.6120974e-02  -1.1215547e-01  -1.3186248e-01   3.2308887e-01  -1.2086929e-01  -1.2301699e-01   1.4396228e-01   4.1775517e-01  -3.7364912e-02  -1.2605124e-02   5.1957198e-02  -2.4136240e-02   1.8318381e-01  -7.5855891e-02  -2.9494699e-01  -9.9113535e-02   2.2850312e-01   1.5347255e-01  -1.0720801e-01  -4.3581547e-01  -3.9949692e-02   7.8984574e-02   1.1220023e-02  -2.6090781e-02  -5.6938509e-02  -1.9590815e-02  -8.6672452e-02   3.2139090e-02  -9.4217453e-02   9.4801859e-02  -2.0492492e-01  -2.0967355e-02   2.7957703e-01   9.7557588e-02  -2.6187829e-01  -1.5617809e-01  -8.2811615e-02   3.9701104e-02   3.6177064e-02   8.5284978e-02  -8.3622788e-02  -1.2246652e-01   3.4189533e-01  -3.2729591e-02   6.0274349e-01  -2.3402178e-01   1.5415152e-01   2.7132835e-01  -1.4805466e-01  -2.0284778e-01   1.8046163e-01   2.7121525e-01  -1.0739669e-02  -8.2319412e-02   1.0103192e-01  -5.0591616e-03  -7.1980429e-02  -2.0803250e-01   3.2950182e-01   4.3715525e-02  -2.1658166e-01   6.6797339e-02  -2.1846030e-01  -5.6661828e-03  -7.6943335e-02   6.8247647e-02   2.7654748e-01  -1.6857953e-01   2.2815856e-01   4.1126068e-03   6.7054556e-02  -1.9999315e-01  -1.4860012e-01  -2.9825866e-02  -4.1004975e-02   1.2928538e-01  -2.1714465e-02   5.1133356e-01  -7.2634076e-02  -1.0579606e-01   3.7243638e-01  -3.1529422e-01   4.0623277e-01   2.9285481e-01  -2.1854552e-01  -1.3263894e-01  -4.3439950e-02  -5.0564929e-03   4.7500507e-01  -3.0209880e-01   7.0600423e-02   1.5748364e-01   1.3710568e-01  -5.5201284e-02  -1.4006555e-02   2.3757306e-01   7.2469092e-01   2.8554778e-01   4.9781386e-01  -5.8119293e-02   7.0828887e-02   2.2381003e-01  -8.1622346e-02   8.1300693e-02   3.6501889e-01   3.1915489e-01   8.8957919e-02   3.4938227e-01  -1.8682983e-01   4.4546130e-02  -2.4356938e-01  -1.9204014e-01
  -2.2479080e-01   9.3633002e-02   4.6199236e-01  -8.9694670e-02   3.1096126e-01  -7.5788844e-02   4.5416749e-01  -2.1027544e-01   1.2083188e-01   4.5772854e-01  -1.5535365e-01   0.0000000e+00   3.2365439e-01  -3.3162615e-01  -1.3675887e-01   2.5714092e-01   2.8673048e-01  -2.9498048e-01  -9.5816438e-03   4.0271995e-01   2.9069076e-01  -1.6156757e-01  -1.5254624e-02  -1.5810329e-01   2.3189455e-01  -6.8884410e-02   4.3057537e-01  -2.5580227e-01   1.9935940e-01  -3.3110901e-01  -1.1628452e-01  -9.0232202e-02   6.3424025e-02   3.5787061e-01   1.5362522e-01   4.3152387e-01   2.6879040e-01  -7.6716765e-02   2.6169599e-01   5.8000534e-01   2.3777829e-01   1.8132529e-01   2.4144911e-01  -2.8019703e-01   1.3421060e-02  -1.2555075e-01   1.8172515e-01   4.7627001e-02   4.7433976e-02   4.8905891e-01  -2.2684409e-01  -2.7095658e-01   1.0173217e-01   6.6108387e-02  -1.5834658e-01   3.9208818e-02  -1.7407303e-01  -8.1419762e-02  -8.8433828e-02   3.5141544e-01  -1.5447324e-01   1.7402579e-01   2.7489824e-01  -6.1637034e-02  -9.7927463e-02   5.5510565e-01   8.5412565e-02   2.2882400e-01  -3.6429256e-01   4.6848961e-01   3.6201806e-01  -1.8622706e-01   2.3915110e-02  -1.8972667e-01   1.1563469e-01   3.9611092e-02  -1.4925320e-01  -2.0316681e-01   4.8193054e-01   1.6308183e-01  -1.4229628e-01   3.2772483e-01   2.1526463e-01  -5.5050015e-02  -1.2997425e-01   8.7819642e-02   1.7068958e-01  -3.2254229e-01   1.9994990e-01  -2.9908755e-01   3.7081895e-01  -7.4992007e-02   5.9283457e-01   2.5222444e-01  -1.6078299e-01   4.5416927e-01   1.7846855e-01  -4.4487766e-02   6.9462709e-02   6.1063873e-02   5.0057121e-02   1.4584547e-02  -4.1670596e-01  -2.1739046e-01  -3.1414600e-01  -5.4826637e-02   6.6414513e-02  -1.2882693e-01   1.6389213e-01  -6.7896344e-02   3.7311381e-01  -3.5626467e-01   2.1509765e-02  -2.6384422e-01  -7.8662525e-02   2.4003650e-01  -2.0110794e-01   3.4426542e-01  -4.0338580e-01  -1.0151019e-01  -2.9894089e-01   4.9910211e-01   3.2128228e-01  -2.6561543e-01  -1.7934564e-01  -1.3848719e-01  -2.8578188e-01   3.5286078e-01  -2.5295887e-02   2.2969127e-01   3.8058255e-01   7.3228930e-02  -2.7214511e-01  -1.7358624e-01  -1.6453942e-02  -5.1726148e-03   3.0975068e-01  -3.9744665e-01   1.8378108e-02   8.4720728e-03  -2.6914947e-01   2.9894130e-01  -3.7807150e-01  -2.2988136e-01  -3.2776116e-02  -3.4831164e-01   6.4342880e-01   3.8557426e-01   3.1321382e-01   1.6536612e-01  -1.0010128e-01  -3.0256405e-01  -1.4815003e-01   3.9775484e-02   5.2351896e-01  -1.6024169e-01  -2.8277514e-01   7.8529288e-02   3.5410750e-03  -3.3615807e-01   5.7306977e-02  -1.9265858e-01   3.9838826e-01  -3.4052909e-01   6.5584491e-03   3.9916845e-01   1.6855546e-01  -2.9913058e-01  -1.9797041e-01   2.5891394e-01   2.2442823e-01  -1.5441571e-01  -4.2931426e-02  -3.8991108e-01  -2.1383761e-02   4.8438507e-02  -6.9007694e-02
  -2.2265030e-01  -1.5317331e-01   4.2438529e-02  -7.1573469e-02   3.6077414e-01   1.8570264e-01   8.4174954e-02  -9.4703365e-03   2.1273351e-01   2.7187983e-01   6.3224116e-02   3.2365439e-01   0.0000000e+00  -1.6085189e-01  -2.0615237e-01   5.6443858e-02  -2.4277563e-02   3.5056176e-02   1.6412612e-01   3.3356200e-01   3.1890439e-01  -2.5539965e-01   5.6713777e-03  -1.8040340e-01  -1.0815889e-01   1.6917047e-01   4.1847751e-01  -2.0171634e-02  -3.5807588e-02  -3.2970324e-01  -9.3790464e-02  -2.5085270e-01   5.3899017e-02  -1.8862103e-03  -3.0972177e-02   3.2248380e-01   4.4519273e-01  -8.3920745e-02   1.4833803e-01   3.1263231e-01   7.7934202e-01   3.1543948e-01   1.6388692e-01   8.1145250e-02   1.4308938e-02  -2.2922439e-01   3.4772800e-01  -1.7456192e-01   3.8278573e-01   2.2656817e-01  -2.0811557e-01  -1.4407251e-02   1.6129615e-01   7.8861501e-02   2.8559215e-03  -2.0752596e-02   1.2280190e-01  -2.4145759e-02   1.7390561e-01   5.0601950e-02  -1.5634695e-01   3.2111606e-01   3.1810902e-01   1.6823388e-01   7.5839658e-02   1.1074339e-01   1.4324126e-01   3.2986639e-01   4.7784538e-02   1.6934995e-01   2.7336267e-01   7.4248813e-02   4.9451419e-01  -5.3869200e-02   4.8717783e-02  -1.7234143e-01  -1.5610412e-01  -5.7677730e-02   2.7962720e-01   2.7463846e-01   9.5787534e-02   4.4831175e-01   1.8735849e-01   8.0019763e-02  -4.3766897e-01  -2.5791209e-01  -1.3254731e-02  -1.3053390e-01   1.0135263e-01  -2.3108327e-01   4.2415412e-01  -1.1065499e-02   3.0592959e-01   2.5336644e-01  -1.4586290e-01   3.6907159e-01   3.1551659e-01   6.0320733e-02   3.1937457e-01  -1.8223074e-01  -7.5504556e-04  -2.7073281e-01  -3.1978132e-01  -2.6350188e-01  -1.2574586e-01  -1.0101014e-01   8.4392339e-02   1.6390293e-01   2.4224632e-01   3.0895338e-01  -5.4804381e-02  -1.4942892e-01   1.5177871e-01  -3.3747812e-01  -4.1720811e-02   2.0489582e-01   7.6696070e-02   6.3217708e-01  -3.1389581e-01   6.6619161e-02  -2.4610219e-01   3.5572980e-01   1.4648041e-01  -1.4434417e-01  -3.0658411e-01   3.5550033e-03  -2.2051270e-01   2.5504447e-01  -2.4414740e-02   3.9074981e-02   3.6483544e-01  -8.4034581e-02  -3.4585102e-01   1.9986216e-01   1.0720250e-01  -1.9846812e-01   3.1691824e-01  -2.8380805e-01  -2.0580589e-01  -1.6999806e-01  -2.2830771e-01   3.6875130e-01  -1.1937432e-01  -1.1991416e-01  -4.5228459e-01  -1.4684614e-01   1.5034227e-01   4.1906763e-01   2.5381868e-01   2.3986700e-02  -2.6256142e-01   5.6045085e-02  -1.2814791e-01   7.3254977e-03   7.8566768e-02  -1.8275339e-01  -2.1679447e-01   2.1104869e-01   1.3403558e-02  -3.2776613e-02   8.7168276e-02  -7.2536812e-02   3.6566061e-01  -2.4466167e-03  -1.0621229e-02   9.0605584e-02  -2.6741936e-02  -2.4178211e-01  -1.7611012e-01   4.6353282e-01   3.1861753e-01  -1.0307592e-02   3.2537826e-01  -3.0509147e-01   7.7239468e-02  -1.1392652e-01  -1.8062996e-01
   6.1713190e-01   1.8528326e-02  -9.5576445e-02   2.3904087e-01  -4.5983458e-01   3.7226490e-02  -2.7552170e-01  -1.7660192e-02  -1.3949886e-01  -4.2166786e-01  -7.6741231e-02  -3.3162615e-01  -1.6085189e-01   0.0000000e+00  -2.6690177e-02   3.5409913e-02  -5.6246218e-02   2.6276376e-01  -1.7136879e-01  -6.1834129e-01  -2.9478782e-01   3.7297265e-02  -1.7900429e-01   4.8639670e-01  -2.0947233e-01  -2.0100567e-01  -3.8686742e-01   3.8384047e-01   1.2963778e-01   4.5575676e-01   8.9582458e-02  -2.6042508e-01   1.7945760e-01  -3.5645810e-01   2.6733190e-01  -5.6823687e-01  -2.9329349e-01   1.9786704e-01   1.1474265e-01  -2.7235817e-01  -1.4384007e-01   2.5490484e-02  -2.9792577e-01   4.1324701e-01  -1.0375164e-01   4.5645979e-01  -2.0240634e-01   6.5500778e-02   3.6840030e-02  -2.7491268e-01   3.9460639e-02  -1.2426618e-01  -1.5717349e-01   3.4077985e-01   6.8928609e-01   5.6425570e-02  -1.7159837e-01  -4.1018442e-01   1.2559264e-01  -3.2511501e-01   4.7440566e-01  -9.4502771e-02  -5.3821710e-02  -1.1666546e-02  -6.1768865e-02  -5.2529781e-01   8.2675145e-02  -1.6280955e-01   1.4471402e-01   3.7616473e-02  -3.5223775e-01   1.1510551e-01  -1.9286764e-01   5.9416651e-01  -1.6515456e-01  -3.3310767e-01   5.3606159e-01   2.3013469e-01  -5.8685506e-01  -1.9602639e-01   3.8661184e-02  -2.9924295e-01  -1.5368434e-01  -1.0609306e-01   4.7758044e-01  -4.3376077e-01   1.6299756e-01   5.4147220e-01  -1.0918448e-02   5.6207958e-01  -5.6274782e-01   4.4041480e-01  -5.3015828e-01  -2.9380998e-01   4.3426482e-01  -4.8505982e-01  -4.5074326e-02  -2.5195796e-01   1.3086805e-02  -2.3851065e-01   3.7819598e-01  -4.3868819e-02   5.8348833e-01   3.0229492e-01  -1.2720182e-01  -2.0059277e-01   2.9526822e-01  -1.5717059e-01  -1.9453749e-01   5.5318237e-02  -3.1750839e-01   5.3592459e-01   1.1482902e-01   4.5106052e-01   4.4167471e-01  -3.9254371e-01   1.0850126e-01  -4.4100095e-01   6.4987968e-01   2.2371528e-01   5.1096247e-01  -5.7569086e-01  -1.7391322e-01   1.5737846e-01   3.9146806e-01   4.6062438e-01   5.1822468e-02  -3.1592948e-01  -3.4401256e-01   3.3616609e-01  -3.8863614e-01  -3.9513933e-01   3.8479049e-01   2.3169446e-01  -5.4498101e-02  -2.6162310e-01  -2.7331831e-01   5.6980810e-01  -2.9037408e-01   1.1610172e-01   6.2794212e-01  -3.0091347e-01   1.0480612e-01   4.7450927e-01   3.0700490e-02   3.0552146e-01  -3.7625059e-01  -4.7456221e-01  -3.0111330e-01  -4.0056825e-01   5.3527262e-01   2.9271314e-01   4.2216014e-01  -1.5014092e-01  -1.3247766e-01   4.6079625e-01   5.2350097e-01   1.0508378e-01   2.4648470e-01   2.3527585e-01  -1.8897304e-02   1.6997816e-01  -3.4856996e-01   1.6905287e-01  -2.4151690e-01  -4.1301976e-01  -2.2989182e-01   1.6487360e-01   5.8197537e-01  -3.4676066e-01  -4.6633564e-01   3.2574634e-01  -6.0757381e-02   4.0171497e-01  -2.1799613e-02  -1.1106079e-02  -2.0485978e-01
