   0.0000000e+00  -3.0151773e-01   9.7609449e-02  -1.4523909e-01  -3.0547490e-01   1.6446416e-01  -1.9153553e-01  -5.9106200e-02  -8.8120340e-02  -2.3748705e-01   7.4528569e-02  -2.0018034e-01  -1.8294585e-01   1.0659538e-01  -4.0035851e-02  -5.5857655e-03  -8.9860590e-03  -3.0673155e-02   1.5634277e-01  -2.3250413e-01  -2.8910754e-01  -7.3930088e-02  -2.8837219e-01   3.5807068e-01   3.0836973e-01   1.6756805e-02  -1.3577665e-01  -9.3853382e-02   2.3684652e-02  -6.4382622e-03  -3.4214697e-01  -1.8017091e-01   2.5606845e-01  -1.2718329e-01   2.4189831e-01  -1.5430793e-01  -2.6567113e-01   3.0572831e-01   4.0814768e-02  -2.2542713e-02  -1.1880859e-01   2.2803304e-01   4.0158407e-02  -1.7263576e-01  -8.3601939e-02   1.8205021e-01   2.0997297e-01  -2.3821600e-01  -3.5134240e-01   2.0356851e-02   4.4735396e-02  -4.9843071e-02  -3.3541501e-01   2.6940671e-01  -7.9080682e-02  -5.8825051e-03   1.2941731e-01  -2.8665917e-01  -4.8315254e-02   8.1248213e-02   2.3783776e-01  -1.2186025e-01   2.0551359e-01  -1.2659530e-01  -1.8876767e-01  -1.1569294e-01   1.9451858e-01   4.9198061e-02   2.1648810e-01   2.1141520e-02  -3.1725957e-01   8.8818840e-02  -3.7391684e-02   1.5581563e-01  -1.2324439e-01  -1.3759966e-01   3.1580269e-01  -7.1862428e-02  -8.9877127e-02   1.5554745e-01  -1.5863230e-01   4.6448432e-02  -2.2695895e-01   2.0360909e-02  -2.3779925e-01  -2.6421938e-02   2.4900915e-01   2.1601436e-01   1.3044597e-01   2.8133962e-01  -1.8131728e-01   3.2023991e-01  -2.9989594e-02   2.6232655e-02   4.2298902e-01  -1.5150220e-01   2.4501707e-01  -3.4600025e-02  -9.4934267e-02  -3.3661961e-01  -8.5794298e-02  -1.9667901e-01  -1.6292709e-01   2.6445372e-01   6.5287613e-02   1.1421876e-02   2.6728578e-01  -4.2262985e-02  -1.9952999e-01  -2.9968376e-02  -2.4084704e-01  -1.5056800e-01   1.5478232e-01   4.2227717e-01   1.4846360e-01  -2.6268588e-01  -1.9970498e-01  -7.6423327e-02   1.1626981e-02  -1.8009703e-01   4.5224592e-01  -3.3803107e-01   1.4649849e-01  -3.0851678e-01   1.0420183e-01   6.8019867e-02  -1.4530333e-01   3.2135646e-01  -1.1433062e-03  -4.1376741e-02  -1.6876313e-01  -2.5035837e-01   1.3674065e-03  -2.8286771e-01   3.7258497e-02   7.5952523e-02   1.8706201e-01  -7.8741394e-02  -7.7953317e-02   3.3415837e-01   2.5585291e-01   1.8884635e-01  -1.3147814e-01   1.8858024e-01  -1.5966448e-01  -2.3401390e-01  -2.4814311e-01  -1.5205268e-01  -1.7076774e-02  -2.5062579e-01   2.0408429e-01  -7.4383784e-02   4.7746657e-01  -1.2192321e-01  -6.5210226e-02   2.8377628e-01   3.9733799e-01  -1.2879120e-01   1.5961346e-01  -1.1856481e-01  -5.4250663e-02   1.4481786e-01  -4.1916814e-01  -4.8552963e-02  -1.9005558e-02  -1.0993209e-01  -6.4756526e-02  -1.8483912e-02   3.8011336e-01  -3.2941670e-01   2.2629706e-02   3.2268123e-01  -1.8134233e-01   4.8024645e-02   3.1030665e-01   1.1382730e-01   1.7976161e-01
  -3.0151773e-01   0.0000000e+00   2.3823297e-01  -1.6109024e-01   2.4230953e-01  -3.2076279e-01   1.3764898e-01  -1.5018267e-01   4.9677939e-02  -9.0385180e-02   1.1935059e-02   4.0169213e-01  -7.0487938e-02  -2.9215015e-01   1.6982853e-02  -3.7106921e-02   1.9746962e-01   3.5251587e-02  -9.4708778e-02   1.4544155e-01   1.1481310e-02  -1.9376455e-01  -1.8555557e-01  -2.2299953e-01  -1.2995331e-01  -1.0670525e-01  -1.5194764e-01   6.7610314e-02   8.5260055e-02  -5.8402525e-02   2.4204997e-01  -1.4513449e-01  -4.1253745e-02  -2.7867676e-02  -2.5245676e-02   4.1195325e-02   1.6749860e-01  -1.1146993e-01   9.4007199e-02   4.2933654e-02   4.9888336e-02  -4.8093207e-02  -1.8818648e-01  -6.1250722e-04   2.8764125e-01  -8.0054390e-02  -3.3908268e-01   4.7532109e-02   8.6523712e-02   1.9662682e-02  -2.6061844e-01  -1.0628457e-01   2.5699890e-01   2.6396656e-03   3.0270360e-01  -2.9798821e-01  -1.7716940e-01  -6.2047743e-02  -2.1566539e-02  -7.7323298e-02   3.1015597e-02   1.7589330e-01  -5.8408045e-02   5.1572633e-01   5.3839886e-01   3.8731630e-02  -3.2875623e-01   2.1150883e-01  -3.4755153e-01  -1.1531582e-01   5.2552807e-01  -2.5016525e-01   1.3867032e-01   5.5578749e-02   1.1494273e-01  -2.0028263e-01  -1.1588909e-01  -2.1792341e-01   1.8040410e-01   8.1714648e-02  -1.4960535e-01   2.6323651e-01   2.9962609e-01  -1.6830590e-01   4.1191303e-01  -2.2438321e-01   6.0197489e-02  -2.2056323e-01   1.5966778e-01  -2.8419491e-01   1.0150663e-01  -3.6152857e-01  -1.7959505e-02  -5.3887771e-02  -1.2194751e-01   3.2677851e-01  -9.9107970e-03  -1.6177295e-01   3.0356245e-01   1.4244891e-01   2.4748367e-03   2.9781740e-01  -3.0515362e-01   3.9238409e-02  -1.9620622e-01  -1.5282694e-02  -7.0509979e-02  -1.7662843e-01   3.7052052e-02  -1.0786267e-01   2.2791111e-01  -3.2912656e-01  -3.1343363e-01  -1.6207479e-01  -3.9705522e-01   2.9964500e-01  -7.7731213e-02  -1.1942454e-01  -3.2950954e-01   2.3156752e-02  -3.5979078e-01   2.6416882e-01   7.9166605e-02   5.0911606e-01  -1.9909245e-01  -2.1815165e-02   2.4480277e-01   2.3699978e-01  -2.4750042e-01  -1.0902901e-03   1.4674402e-01   4.6021921e-01   5.3505661e-01  -2.4844281e-02  -1.9429065e-01  -1.9649784e-01   2.1628998e-02  -3.0600566e-01  -1.9672776e-01  -4.1698290e-01  -1.5404897e-01  -1.2232451e-01   1.3405697e-01  -3.3963862e-01   1.5541730e-01   2.8709662e-01   2.6071210e-01  -1.3137711e-01  -3.4017944e-01   3.2159035e-01  -3.8471040e-01  -7.3966987e-02  -3.8082385e-01   3.5043549e-01   2.8879132e-01  -2.5694266e-01  -1.8820373e-01   1.1022223e-01  -3.4239773e-02  -1.2062966e-01   6.4563592e-02  -4.0858162e-02   4.3461099e-01   1.3877798e-01  -7.6178210e-02   4.2724165e-01   3.3551530e-01  -8.8950001e-02  -7.4097903e-02   1.2565439e-01  -1.3871456e-01  -2.0288090e-01   3.2928011e-01  -1.6989198e-01  -3.4922243e-01  -3.9310192e-02   7.5588292e-02
   9.7609449e-02   2.3823297e-01   0.0000000e+00  -3.7755964e-01   2.6278713e-01  -7.3863939e-02  -9.5778198e-02  -3.0094184e-01  -1.3751058e-01   2.0883922e-01  -2.8721478e-02   4.4503155e-01  -1.3301250e-01  -1.8444821e-01  -3.6727332e-02   1.7734059e-01   6.9031764e-01  -2.0974315e-01   1.3508681e-02   3.4412873e-01  -1.8049427e-01  -2.5348900e-01  -1.4549208e-01  -8.2137393e-02   6.7426810e-02  -9.1238746e-02   2.0276655e-01  -1.6919713e-01  -3.8912620e-02  -2.2010590e-01  -1.2842015e-01  -7.9788908e-03   1.6074260e-01  -3.9694258e-02  -1.2250402e-01   3.4961337e-02  -2.3885312e-01   5.5252919e-02   2.7037020e-01   3.8374565e-01  -1.0081427e-01   2.0751889e-01   1.2212889e-01  -3.6807254e-01  -9.7799074e-03   1.1335440e-01  -1.4742209e-02  -4.3203965e-01  -3.1360345e-01   4.3590456e-01  -7.2866268e-02  -3.3008501e-01  -3.1163488e-01   1.4018980e-01   2.1336143e-02  -6.7190535e-02  -1.9000002e-01  -1.8457042e-01  -2.1337584e-01   5.4700943e-02   5.5320248e-01  -1.1074956e-02  -4.2143974e-02   1.3019159e-01  -1.2138826e-02   2.3557376e-01  -2.8829274e-03  -3.9036874e-02  -1.6608276e-01   5.8981465e-01   7.2683977e-02  -2.3170905e-01   4.0029372e-03   7.7546873e-02  -1.2697178e-01  -1.4411131e-01   3.6410644e-01  -1.7202472e-01   2.5047877e-01   8.9403773e-02  -3.5037262e-01  -6.9889209e-02  -9.9220412e-02  -2.0815876e-01  -7.5880727e-03  -1.8181678e-01  -9.8670123e-02  -1.7437070e-01   4.1381874e-02  -1.4128520e-01   1.3537759e-01   3.9628738e-01   1.0840742e-01  -3.0008341e-02   4.2445547e-02   3.4049203e-01   1.6548720e-01  -2.2707952e-01   1.5573281e-01  -9.7040166e-02  -2.4419593e-01   2.1772463e-01  -1.7075178e-01  -1.6681180e-02  -2.7178798e-01  -1.1736933e-01   8.1958695e-02  -4.0713959e-01  -1.8290768e-01  -1.9107653e-01   1.8078502e-01  -3.2756068e-01  -3.2115590e-01  -7.9475965e-02  -1.8345397e-01   9.5212743e-02  -2.3793151e-01  -2.8821682e-01  -2.4687604e-01  -2.0213172e-01  -1.6136761e-01   2.8779895e-01   2.6169275e-01  -6.4467299e-02  -1.8775789e-01  -1.7813222e-01   1.5478740e-01  -2.5149932e-03  -1.2281190e-01   3.4747035e-01   3.8430599e-02   1.0583655e-01   1.8855318e-01  -4.9521868e-01  -3.1618789e-02   7.4656386e-02   1.0389596e-01  -3.9558929e-01  -1.6724536e-01   4.9519041e-02   9.1508192e-02   8.4634960e-02  -1.0242007e-01  -1.6197280e-01  -1.5661129e-01  -1.4344803e-01   1.9475184e-01   5.6843430e-02  -1.0212391e-01   3.4688215e-03  -1.4601563e-02  -7.7203297e-02  -3.5185220e-02   1.5409524e-01   5.3075025e-01   3.4822309e-02   2.0037774e-01  -2.9641782e-01   2.9371091e-01  -3.6634890e-01  -4.3157506e-03  -6.5164959e-02   1.8891149e-01  -2.7722336e-01   2.6717815e-02   3.3983593e-01   1.5747237e-01   9.6479235e-02  -1.2370971e-01   5.0343506e-02   4.4714415e-02   1.0635861e-01  -1.5092011e-01   1.1761340e-01   7.9988506e-02  -4.0844533e-03   6.3237179e-02
  -1.4523909e-01  -1.6109024e-01  -3.7755964e-01   0.0000000e+00  -4.5383248e-02  -2.5623008e-02  -1.0337458e-01   1.2945793e-01   1.3977814e-01  -1.4892844e-02   1.8774209e-01  -2.2664619e-01   3.2287821e-01   2.2331294e-01  -2.8456577e-01  -2.1521078e-02  -2.4057276e-01   3.5780926e-01  -6.6942877e-04  -4.0176068e-03   2.3301473e-01   3.6428862e-01  -6.8114855e-03  -7.1262077e-05  -8.2317776e-03   7.0929326e-02  -5.9695586e-02  -1.3404485e-01  -3.3024617e-02   3.5686071e-01  -2.6314965e-02   3.0395134e-01  -6.6488510e-02  -1.1869243e-01   9.1489903e-02   3.7642836e-02   8.9459902e-02  -6.5747258e-02  -5.9700196e-02  -1.8481231e-01   3.3043548e-01  -6.7241530e-02   1.9299679e-01   1.5570872e-01   1.0946872e-01   2.3387114e-02   8.9432167e-02   1.1005415e-01   1.8401834e-01  -3.0403637e-01   4.4138330e-01   1.3664648e-01   6.7914688e-02  -3.7476999e-02   2.8635597e-02   3.1315273e-01  -5.3152824e-02   3.7733324e-01   5.6666128e-01   4.0244424e-02  -2.1942625e-01   1.9997731e-01   1.0736226e-01  -2.4844762e-01   3.8036187e-03  -1.2441674e-01  -4.7149354e-02   3.9099224e-02   7.0201572e-02  -1.6027334e-01  -8.9165188e-02   5.5027247e-01   1.9301077e-01  -5.9914439e-02   1.3863063e-01   9.5112861e-02   1.1501702e-02   2.1140203e-01  -3.3870531e-01   8.4040759e-02  -1.3243301e-01   1.0355791e-01   3.9279139e-02   4.4073564e-03   6.4651741e-02   7.9662796e-02  -3.3104908e-02  -1.3480192e-01  -2.0086885e-01  -7.1160932e-02  -1.5366773e-01  -9.3238357e-02   9.6358876e-03   2.7599162e-01  -2.3250875e-02  -2.0974702e-01   1.7317998e-01   1.0852943e-01   1.7614026e-01   8.4657389e-02   2.2260300e-02  -2.4122300e-01   2.1242841e-01   1.6058980e-01   4.2620237e-01   6.7937278e-01  -1.7670240e-01   1.3654682e-01   2.6376047e-03  -6.5327375e-02  -7.4818037e-02   3.3296782e-01   4.0364545e-01  -8.4041175e-02  -1.5671830e-01  -2.3656385e-01   2.6553047e-01   4.0268264e-01  -5.3791090e-02   5.1864089e-01   1.3243308e-01   1.6271806e-02  -1.8529527e-01  -4.2816666e-02   1.4939643e-01   1.7496007e-01  -6.1463664e-02  -1.4123731e-01   4.5798823e-01  -1.7778885e-01   1.6527982e-02  -1.9496447e-01  -1.3689125e-01   1.6352535e-01   4.1809581e-01  -1.7030915e-02  -1.3755248e-01   2.2074180e-01  -1.0028752e-01  -3.9851694e-02  -1.0955666e-01   1.2643965e-01   1.6734693e-01   1.0267365e-02  -1.7693562e-01   4.8995513e-02  -2.7388357e-01   8.1429529e-02   9.6331175e-02   9.8130340e-03  -1.3173786e-01  -4.7590224e-02   2.3033296e-02   7.5504940e-02  -3.2778517e-01  -1.0439527e-01   1.3146558e-01   3.9901551e-01  -3.6089897e-02   1.0504087e-01   1.7846493e-01   1.5686382e-01  -1.4740353e-01   2.9704981e-01   3.0815083e-01  -2.6754825e-01  -1.5061795e-01  -1.0193275e-01  -2.2802609e-02  -1.9177570e-02   1.0444538e-02   3.9592610e-02   1.0368108e-01  -1.8865211e-01   6.6679295e-02   8.1042903e-02   4.3831573e-01
  -3.0547490e-01   2.4230953e-01   2.6278713e-01  -4.5383248e-02   0.0000000e+00  -6.7857517e-02  -1.3276046e-01   3.4611711e-02  -4.5483119e-03   2.0475100e-01  -1.1347169e-01   4.3974873e-01   2.2098936e-01  -2.5133981e-01  -3.0951950e-01  -7.0653476e-02   2.3050211e-01  -1.3074146e-01  -2.0970021e-02   7.3922595e-01  -5.4982155e-03  -1.1726688e-01  -4.1971895e-02  -3.1614155e-01  -2.7134742e-01  -1.9447540e-04   2.8965989e-01  -1.3113217e-01   5.3542548e-02  -1.5151532e-01  -1.3279291e-01  -1.5477160e-01  -5.9951920e-02  -1.7729224e-01  -4.1975470e-01   4.0356092e-01  -1.6448333e-01   7.7120887e-02  -7.9830417e-02   1.8454806e-01   1.6859128e-01  -6.7411780e-02   4.5557326e-02  -5.2234262e-02   1.1830027e-01  -2.9885702e-02  -1.0069184e-01  -3.6220934e-01   3.0855407e-01   1.4741296e-01  -2.2965281e-01  -4.2101705e-02  -4.7308203e-02  -2.3782331e-01  -1.8199190e-01   5.4895101e-02  -2.5886458e-01   2.7401426e-03  -3.6385237e-02   6.5267638e-02  -9.9131297e-03  -5.1540615e-02  -2.2405482e-01   1.2375977e-01   2.3462140e-01   3.0677827e-01  -5.5092310e-02   2.7839833e-01  -2.2909387e-01   7.5290712e-02  -3.6003700e-02  -2.6599038e-01   9.4652327e-02   1.7748068e-01  -8.2332446e-02  -1.9044616e-02  -1.9189030e-02   3.2300457e-02   4.5395825e-01   1.0027279e-01  -2.0343966e-01  -1.6190141e-01   3.1547697e-01  -1.5187009e-01  -9.7558501e-02  -1.8999012e-01  -3.8493264e-01  -2.0110088e-01  -4.0262548e-02   3.3732752e-02   5.5802358e-01  -1.1595586e-02   3.7960103e-01  -1.1831049e-04  -2.4009194e-01   5.9277893e-01   1.1835421e-02  -6.3636047e-02   3.6772260e-01  -1.8331947e-02  -3.3567765e-01   2.5341141e-01   1.7846404e-01  -1.8734948e-01  -3.2139623e-01  -1.0096529e-01  -7.8772537e-02  -1.1032245e-01  -2.4849544e-01  -2.6835458e-02   2.8577079e-01   5.8448837e-02  -2.9403864e-01  -2.9795187e-01  -2.0430497e-01   4.7971776e-01   2.4425481e-01  -2.1964226e-02  -2.4289917e-02   4.3084921e-02  -2.1632762e-01   7.0779832e-01   5.0169707e-02   3.7312350e-01   1.3304092e-01   7.0700855e-02   1.5238366e-01  -1.3025212e-01  -9.6009851e-02   2.1778433e-01   3.3891025e-02   3.7499068e-01   4.5525041e-01  -3.2871627e-01   3.9045461e-02  -1.0351246e-01  -1.7512413e-01  -4.0610470e-03  -1.9148697e-01  -3.1571228e-01  -2.8093165e-01   2.6226365e-01   2.2572439e-01  -1.1275577e-01  -7.9326163e-02  -4.1814854e-02  -2.9434236e-02   4.1405536e-01  -6.3029971e-02  -1.0397178e-01  -2.7693206e-01   7.2469287e-02  -1.1076156e-01   3.9066377e-01   4.8659528e-01  -1.2682289e-01  -2.7927556e-01  -1.1333608e-01   9.2804482e-02  -1.3028531e-01   1.1645699e-01   1.6391297e-02   3.5299725e-01  -2.2611189e-01   4.5826222e-02   4.4288219e-01   1.3103977e-01   4.4001641e-02  -2.2458991e-01   4.9077582e-01   1.9345544e-01  -1.3267814e-01   1.2061379e-01  -3.3014977e-02  -1.6052004e-01   1.8047493e-02  -5.3969342e-02
   1.6446416e-01  -3.2076279e-01  -7.3863939e-02  -2.5623008e-02  -6.7857517e-02   0.0000000e+00   5.8134047e-02   4.1997435e-01   2.0452719e-01   9.3067545e-02   1.0945277e-01  -4.2781371e-02   5.6829455e-02  -8.0726010e-02   1.0546006e-01  -4.3856913e-03   3.8637632e-03  -1.6698685e-01   2.8823099e-01   4.5884208e-02  -1.5389699e-02   2.3923066e-01   2.2338983e-01   3.8330155e-02  -1.0514554e-01   7.9997154e-02   4.6212582e-01   6.7733002e-02  -2.1761368e-02   1.1407204e-01  -2.4941155e-01  -4.7194935e-02   1.0224455e-01   4.0893350e-02  -2.4810654e-02   4.0677491e-01  -2.1840792e-01  -3.4655887e-02  -1.7402443e-02   1.1939967e-01  -3.0021160e-01   2.4760546e-01   2.2142126e-01  -1.0753690e-01  -1.0563329e-01  -4.9129174e-02   4.9608362e-01  -2.3995817e-02  -6.2299393e-02   7.3623636e-03   4.6165774e-02   1.8568370e-01  -6.0488457e-02  -1.4490118e-01  -3.6800040e-01   9.7384893e-02   2.7181966e-01   2.4247701e-01  -1.1642530e-01   3.6851627e-01  -8.5765024e-03  -3.6861003e-01   1.3246513e-01  -2.6304235e-01  -4.1987395e-01   2.4129859e-01   7.7033383e-01   1.7068743e-01   5.7381691e-01  -6.8272781e-03  -2.2744615e-01   2.6813805e-01  -1.8123769e-01   1.3189811e-01  -1.3284536e-01   1.0477938e-01  -2.2666171e-01   4.5578439e-01   1.5565188e-01   8.6125236e-02   2.5460002e-01  -2.2124731e-01  -1.8138079e-01   4.1561868e-01  -3.4320142e-01   1.3369340e-01  -1.9435682e-01  -1.4723265e-01  -2.2802038e-01   2.5183971e-01   2.7778576e-01   2.6152628e-01   3.5112191e-01   1.5010250e-01  -1.9841554e-01  -1.0873117e-01   1.5393858e-01   3.8411056e-01  -2.0236841e-01  -1.7632417e-01  -2.9408719e-01   8.3393707e-02   2.3197958e-01   1.5288011e-01   1.5986629e-01  -2.8387345e-02   8.0348573e-02   3.2724537e-01  -1.5516586e-01   3.4726957e-01  -5.9412600e-02   4.0804821e-01   2.4060150e-01  -4.6398973e-02   1.8164469e-01   9.8593522e-02   1.3641246e-01  -6.4747080e-02   4.1568534e-01   4.1451435e-02  -8.4958254e-02  -7.2590164e-02   2.4949591e-01  -1.8037471e-01   1.0456237e-01   3.1929596e-01   1.7711741e-01   9.3097090e-02   1.0418366e-01  -2.9573402e-02  -8.3627657e-02   3.1217136e-02  -1.3248571e-01  -9.2737804e-02   3.5795073e-01   1.1884735e-01  -2.7856637e-02   4.2653889e-01   2.5005573e-01   1.1603167e-02  -1.3704132e-01   3.1036533e-02   7.0617321e-02   3.6359271e-01   2.5237818e-02  -7.8419618e-02  -1.7651567e-01   2.8556532e-01   3.8766706e-01  -2.6962367e-01   3.4033243e-02   1.0943814e-01   1.4545556e-01   2.6959579e-02  -2.6429040e-02   1.5593157e-01  -1.0330670e-01  -1.5956687e-01   1.2447359e-01   2.5010737e-01   2.3411588e-01  -1.1932670e-01  -3.3590167e-01  -1.9887539e-01   1.7663260e-01   6.8211989e-02   1.5721846e-01   3.0423904e-01   1.1848009e-03   1.8538031e-01   3.9373120e-01  -1.4235378e-01  -3.2213151e-02   4.2659269e-01  -7.3140254e-02   3.1314725e-01   2.3357347e-01
  -1.9153553e-01   1.3764898e-01  -9.5778198e-02  -1.0337458e-01  -1.3276046e-01   5.8134047e-02   0.0000000e+00   6.7991591e-02   1.9737586e-01   9.4192531e-02   3.7466710e-01   3.0113222e-01  -8.7464368e-02  -9.8143572e-02   5.8956701e-01  -2.2109142e-01  -1.8982206e-01   1.1821808e-02   5.0554485e-02  -5.3286046e-02   3.1801940e-02   2.0109553e-01   4.8690252e-01  -2.3026354e-01  -1.1276242e-01   3.0217300e-02   3.5166616e-02   3.2709421e-01   2.4046675e-01   2.3715062e-01   2.3234013e-01  -1.1676149e-01  -4.8970483e-01   4.7551987e-01   2.7460072e-01   2.5418000e-01   6.7647635e-02  -3.0896309e-01  -3.3796571e-01  -2.3835140e-01  -1.2679739e-01  -2.3535541e-01  -6.5985121e-02   1.2819520e-01   1.8269777e-01  -5.4128148e-02  -1.4156559e-01   5.2757090e-01  -1.0466473e-01  -3.0681455e-01   5.0421709e-02   2.5364244e-01   3.7182866e-01  -3.7449104e-01   1.0253924e-01   8.0390985e-02  -1.2788741e-01   2.1667567e-01  -1.6705160e-01   2.0982725e-01  -2.5273896e-01   1.2853382e-01  -6.2800056e-02   1.7036733e-01  -1.3049052e-02   1.5657262e-01   9.6472600e-02   3.3037918e-02  -3.9259111e-02   1.4745522e-01   2.2924982e-01  -1.2319137e-02  -2.3784510e-01  -8.8661482e-02  -3.2330537e-02   1.4143827e-01  -3.9893655e-01   1.3110739e-01   1.3428211e-01  -1.1074353e-01   6.0022852e-01  -1.4098480e-02  -3.9043932e-02   2.4459167e-01   1.6858741e-01   2.8440809e-01   2.2040015e-01  -1.3759769e-01   6.6733297e-02   1.6395242e-02   2.1474004e-01  -3.0836930e-01   9.2905325e-02  -4.9086395e-02  -2.8610474e-01  -3.4824112e-02  -2.1048355e-01   2.1772434e-01  -5.6894320e-02   2.6496384e-01   3.8099163e-02   4.3894638e-01   1.1815937e-01   1.0336467e-01   1.0683655e-01  -1.4952337e-01  -3.8529159e-01   1.9875164e-01   2.5217600e-01   2.7084874e-01   1.2912490e-01   2.2508075e-01  -3.7922311e-02  -1.7186426e-01   1.9766727e-01   2.3888798e-01   3.7082184e-02  -1.1567820e-01   9.4068688e-02   8.0011842e-02  -3.9255152e-01   1.0144962e-01  -1.9149418e-01   2.3282170e-01  -1.6780285e-01   7.6732414e-02   2.6958996e-01  -1.0691191e-01  -1.7198433e-01  -5.7087991e-02  -1.5103846e-01   2.8718591e-01   4.2985662e-02   3.8488786e-01   1.6583663e-03   1.9705425e-01  -2.1151032e-01   1.3289694e-01   3.7921993e-01  -3.2586431e-01  -5.5952345e-02  -3.9891633e-01   1.4086688e-02   1.2087146e-01   4.8809807e-01   1.5059575e-01   5.2995147e-01   2.5620865e-02   3.6656520e-01  -5.0725254e-02   5.2138710e-02   1.3512633e-01  -4.2140471e-01  -1.1510486e-02  -1.4150472e-01  -4.3104499e-02  -3.2151268e-01  -1.1409585e-01  -1.8256923e-01   4.4519199e-01   2.2022502e-01  -1.5491982e-01  -1.1100751e-01   4.0767389e-02  -1.2923727e-01   8.5258643e-02   2.3991780e-01   1.2232514e-01  -1.3348721e-01   1.4263934e-01   2.3381522e-01  -3.1596256e-01   1.8196688e-01   9.9232994e-03  -2.2672918e-01  -1.6124354e-01  -2.2136098e-01
  -5.9106200e-02  -1.5018267e-01  -3.0094184e-01   1.2945793e-01   3.4611711e-02   4.1997435e-01   6.7991591e-02   0.0000000e+00   4.5476973e-01  -9.9608229e-02   1.7021305e-01  -9.9369551e-02   3.6594051e-02  -1.1000909e-01   1.1641447e-01   4.6273865e-02  -2.7193520e-01  -1.3741725e-01   2.0174692e-01   1.0232116e-01   3.6360788e-02   3.3157009e-01   1.6154489e-01   1.1607174e-01  -1.7351049e-01   3.4648379e-01   2.9760647e-01   3.3303369e-01   1.9956865e-02   8.4189002e-03   5.2346467e-02  -4.5755195e-02  -9.2756602e-02   8.3742584e-02   1.1378371e-02   3.4865288e-01  -9.2313205e-02  -1.0662553e-01  -1.0691904e-01  -1.7417742e-01  -1.5405255e-01  -1.1097807e-01  -4.7729892e-02   1.3698569e-01   4.0430342e-02  -1.5112549e-01   3.1583700e-01  -8.5043606e-02   1.1290501e-01  -1.5617349e-01  -3.6766559e-02   5.5677066e-01   3.1706299e-02  -1.4510493e-01  -3.1337124e-01   4.4387186e-02   1.5680724e-01   3.5356230e-01  -6.5159705e-02   1.4689253e-01  -2.0227173e-01  -3.4637330e-01   1.9188668e-01   7.1152454e-02  -1.8417118e-01   1.9524924e-01   3.7653572e-01   1.1117112e-01   4.0737809e-01  -2.7639016e-01  -2.4708970e-01   7.3621871e-02  -1.3738873e-01  -1.3607827e-01   1.0619758e-01   2.2647970e-01  -2.4738711e-01   4.5012844e-01   3.1262045e-01   1.5783301e-01   3.4394342e-01  -9.8164976e-02  -6.4192060e-03   5.7952254e-01  -3.5588024e-01   3.0118221e-01  -2.0796645e-01  -7.3075338e-02  -7.3393199e-02   2.0102204e-01   3.6644004e-01   7.6832289e-02   1.3695674e-01   3.5695259e-02  -1.7828288e-01  -9.0614564e-02  -1.0963877e-01   4.7797788e-01  -1.4182269e-01  -2.1380429e-01  -3.2646784e-01   1.2057032e-01   5.3222935e-01   4.2026166e-02   2.5186771e-03   5.7424041e-02  -1.4265735e-01   6.4050983e-01  -1.8718391e-01   4.2976946e-01  -1.1768434e-01   2.2714081e-01   2.8844949e-01  -2.0969687e-01  -8.5071258e-03   1.8746913e-01   2.0324020e-01  -5.6467416e-02   3.9548471e-01   4.6932489e-02  -6.6244129e-02  -3.5446061e-02   2.2581657e-01  -5.4565643e-03  -8.7239926e-02   3.3085418e-01   1.3632858e-01   9.5791862e-02   2.4683019e-01  -2.8259514e-01  -8.9234711e-02   1.3449551e-01   8.2246464e-03   4.9713745e-02   1.3441027e-01   3.5057546e-01  -2.4285445e-01   5.6627230e-01   4.3182038e-01  -2.9200417e-01  -1.6449120e-01   2.6894349e-02   2.2612863e-01   2.7593517e-02   9.8502157e-02  -3.3231939e-02  -1.6011509e-01   2.4193999e-01   3.7664873e-01  -9.4763649e-02  -4.1808040e-01   5.8595516e-01  -5.3557651e-02   1.4358851e-01  -2.9256655e-01  -4.5024351e-03  -1.9464775e-01  -2.6614243e-02  -1.4585359e-01   5.1918815e-01   2.0309330e-01   1.7492032e-02  -2.2350614e-01  -6.2685390e-02   1.3867943e-01   7.1066232e-02   2.4840578e-01   1.4365905e-01  -4.7017855e-02   1.2116460e-01   4.5360484e-01  -1.5534230e-01   1.2354773e-01   1.1068630e-01  -3.6693472e-02  -8.3276469e-02   1.5965790e-01
  -8.8120340e-02   4.9677939e-02  -1.3751058e-01   1.3977814e-01  -4.5483119e-03   2.0452719e-01   1.9737586e-01   4.5476973e-01   0.0000000e+00  -2.5456491e-01   2.2116971e-01  -5.0615926e-02   5.9147322e-02  -2.0748255e-01   2.1413542e-01  -9.6846968e-02  -1.9545327e-01   1.1311594e-01   1.2489097e-01   4.2980577e-02   9.4226580e-02   6.7909052e-02   8.5174303e-02   1.1814725e-01  -1.6889417e-02   1.1977048e-01   1.6408066e-01   2.2855418e-01   2.3995623e-01   5.9502730e-02   2.2736125e-01  -1.1570576e-01  -1.8765012e-01  -1.6330683e-02   1.3864311e-01   1.7458558e-01  -1.0611904e-01  -8.4375990e-02  -2.4081001e-01  -3.6315438e-01  -1.5059774e-02  -1.3168967e-01   1.5972323e-01   3.6571326e-02   2.4628752e-01   3.3687277e-02   4.8672383e-02   1.0168600e-01   2.2688836e-02  -4.3673405e-01   6.7019189e-02   2.5459454e-01   3.8922584e-02  -2.0279376e-01  -9.9074772e-02   4.2820981e-02   1.7051255e-01   3.2283847e-01   1.9185111e-01   2.7388068e-01  -1.0373192e-01  -1.0016774e-01   1.9924010e-01   2.7551136e-01   5.4698345e-02   1.0760418e-01   1.8075969e-01   1.1597395e-01   9.6605375e-02  -9.6479228e-02  -2.9352140e-03   8.8133889e-02   2.3082934e-03   1.4237621e-01   2.3710542e-02   1.1871698e-01  -2.2650387e-01   3.7273493e-01   1.5479926e-01   4.0268764e-02   1.9156837e-01  -5.6924819e-02   1.0451238e-01   4.5997339e-01  -1.5164902e-01   1.4178704e-01  -3.7358993e-02  -2.0416777e-01   1.4059465e-01   1.7038267e-01   1.7012765e-01  -1.8235638e-02  -6.4922374e-02   3.0794247e-01   1.5865019e-02  -1.0039502e-01   5.3096047e-03   4.8541150e-01   1.2269431e-01  -2.1383865e-01  -2.8780125e-01   8.3834010e-02   2.6678586e-01   2.6506770e-01   1.3513869e-01   8.7160854e-02  -2.5895643e-01   5.2392371e-01  -1.2321520e-01   3.9776465e-02  -2.7891002e-01   1.7258632e-01   1.2622536e-01  -1.2061591e-01   6.7829387e-02   1.5322839e-01  -6.9297280e-02   9.0931542e-02   2.1966365e-02   1.1467768e-01  -7.0411759e-02   1.1957191e-01   2.6950494e-01   8.8586867e-02   5.9343451e-02   1.8043912e-01   2.7362709e-01   6.2809270e-02   1.5997512e-01  -2.3112531e-01   6.6831570e-02   2.7979079e-01   9.4616276e-03   4.5759781e-02   3.2174172e-01   3.0803850e-01  -2.2409078e-01   2.4696202e-01   2.8475907e-01  -1.6314012e-01  -4.8992784e-02  -6.0323545e-02   1.5503532e-01   7.2550946e-02   2.4732957e-01   2.0049510e-01   8.3802059e-02   5.6690824e-03   1.1581746e-01   6.0771525e-03  -1.8713163e-01   3.5361769e-01  -1.1851525e-01  -4.0921832e-04  -2.2181518e-01  -6.1742636e-02  -1.0885582e-01   1.1329990e-02  -8.2049551e-02   1.9649707e-01   2.4331975e-01   4.4224370e-02  -1.2212883e-01   5.7651190e-02   1.6458941e-01   1.5973799e-03   2.2924216e-01   1.5238129e-01   9.6840405e-03   1.3711104e-01   3.5004744e-01  -1.0075253e-01   1.8327278e-01   3.7037588e-02  -9.6478741e-02  -1.0475307e-01   1.6595188e-01
  -2.3748705e-01  -9.0385180e-02   2.0883922e-01  -1.4892844e-02   2.0475100e-01   9.3067545e-02   9.4192531e-02  -9.9608229e-02  -2.5456491e-01   0.0000000e+00   4.2224573e-02   2.6017310e-01   7.8090400e-02   7.0859549e-02   1.1640745e-01  -1.8276138e-02   1.7010945e-01  -2.8540756e-01  -6.9565375e-02   3.5456692e-01   2.0348817e-01  -1.0563573e-02   4.1797207e-01  -3.3781232e-01  -2.2948979e-01  -2.7334500e-02   2.5728421e-01  -1.4558717e-01   5.6290794e-02  -9.0068958e-02  -8.6629689e-02   9.2640999e-02  -1.3194707e-01   2.9333270e-01  -1.4489574e-01   1.5316500e-01  -8.2539904e-03  -3.0802336e-01   1.0481298e-01   4.0790787e-01  -1.5088878e-01  -4.3784481e-02   7.0870178e-02   1.1466537e-01   1.7287417e-03  -3.2410670e-01   2.6266719e-02  -3.7611574e-02   7.7526932e-02   2.5213319e-01  -6.1632586e-02   1.1548277e-01   8.3401499e-02  -9.1610643e-02  -4.3367228e-02   2.9435006e-01  -1.2474547e-01  -1.3197232e-02  -2.2182256e-01  -1.4228376e-02  -9.0383235e-02   3.7670640e-02  -3.2773889e-01  -1.5162868e-01  -1.9422253e-01   5.2616991e-01   1.0712592e-01  -2.4082553e-02   9.6906694e-03   1.9954009e-01   1.1292790e-02  -8.8416957e-02   8.8744828e-02  -1.1835636e-01  -1.3302848e-01  -1.3678180e-02  -2.3253633e-01   5.9438537e-02   1.4863024e-01  -8.6987626e-02   6.6409532e-02  -1.3814061e-01   1.5726253e-01  -6.1884660e-02  -3.4384719e-02   1.1337291e-02  -1.9182522e-01  -6.0697305e-02  -1.6064040e-01   4.2541137e-02   2.7737559e-01   3.0135308e-03   3.8456143e-01  -1.5428620e-01  -4.5181180e-01   2.8754693e-01   1.1092323e-01  -2.8004547e-03  -9.6549876e-02   4.5777023e-01  -1.0144683e-01   3.1200301e-01   1.3765452e-01  -3.0855925e-01  -5.3832837e-02  -8.1606374e-02  -3.1815663e-02  -2.3674789e-01   1.9068009e-01   1.0665074e-01   4.4356408e-01   2.7514802e-01  -1.0688779e-01  -2.1004509e-01   7.0399689e-02   4.1965210e-02   2.1853184e-01   6.6992686e-02  -4.1968374e-03  -9.6778282e-02  -2.8035775e-01   3.0589438e-01  -1.9867183e-01  -1.0205042e-01  -4.1685342e-02  -3.3476766e-02   1.4285921e-01  -2.9806805e-01  -3.0525356e-01   2.0823601e-01   2.6194812e-02   1.5676588e-01  -1.1944218e-01  -5.3147746e-04   5.8297848e-02  -1.8146086e-01  -6.4305590e-02  -2.8038840e-02  -6.4150865e-02   2.3975152e-02  -6.3436216e-02  -3.8495231e-02   8.2122818e-02   1.8312803e-02  -4.1517382e-02  -2.1436926e-01   4.8381168e-02   3.4390170e-01   2.3300524e-01   1.0442802e-01  -6.9095104e-02  -1.4189453e-01  -1.4978034e-01   8.0687005e-02   2.4461976e-01  -4.5747048e-02  -1.8414882e-01  -1.3695736e-01  -1.0320577e-01   5.8284881e-02   1.5105849e-01  -1.8158725e-01   3.2080902e-01  -3.2682809e-01   2.1074011e-02   3.6250967e-01   1.2467394e-01  -1.1154969e-01  -3.6360387e-01   3.6792188e-01   1.5096231e-01  -2.9407828e-01  -1.7268821e-01   1.9158210e-03   7.5328603e-02   6.8859571e-02  -5.4147993e-02
   7.4528569e-02   1.1935059e-02  -2.8721478e-02   1.8774209e-01  -1.1347169e-01   1.0945277e-01   3.7466710e-01   1.7021305e-01   2.2116971e-01   4.2224573e-02   0.0000000e+00  -8.4645349e-03  -9.0775172e-02  -1.0212973e-01   2.1912840e-01  -1.1610767e-01  -8.2236895e-02   2.8496571e-01   1.6881511e-01   2.9396446e-03   6.9604756e-02   1.8818052e-01   1.5531607e-01  -4.6189185e-02  -8.7750685e-02   9.7163659e-02   1.4655113e-01  -8.7336328e-02   1.5391521e-01   2.0854290e-01   1.4203031e-01   2.5687840e-02  -2.6166035e-01   1.6705972e-01   3.0830134e-01   2.4998886e-01  -4.5155737e-02   6.6609725e-02  -6.3868194e-02  -3.0552660e-01   7.8959621e-03  -1.8667558e-01  -9.8342032e-02   2.3747154e-01   2.1622996e-01   3.4117149e-01   3.0765468e-01   2.7775467e-01  -8.0568869e-02  -4.1918929e-01   2.7358358e-01   2.8966460e-01   1.1718722e-01  -1.8411073e-01  -8.2277679e-02   2.8393915e-01  -7.4492040e-02   1.2600918e-01   5.2537032e-02   2.0178093e-01   6.7203853e-03  -1.4417264e-02   1.4005462e-01   1.4121956e-01  -8.1509638e-03   1.0150609e-01   5.0801508e-02   8.0063643e-02   3.4068727e-01   1.5179411e-01  -1.7716860e-02   2.9367224e-01  -1.2607533e-01  -8.4552162e-02   6.9372384e-02   1.8406036e-01  -4.7718463e-02   2.7974882e-01   1.0993515e-01  -1.0896642e-01   2.3800302e-01   4.3620347e-02   1.1044594e-01   3.6593936e-01  -2.7847462e-03   2.5378265e-01   9.8811271e-02  -1.9212462e-01  -1.9521301e-01   8.6159560e-02   7.4386520e-02  -7.4789509e-02   1.0179288e-01   2.2086415e-01   5.5262321e-02  -2.0728405e-01   1.0499408e-01   3.5516677e-01   1.5118509e-01   1.0429207e-01  -9.1488019e-02   2.9441228e-01   5.9470257e-02   1.3948996e-01   3.3923220e-01   1.1360187e-01  -2.0820794e-01   3.0839739e-01  -9.3636226e-02   2.9182863e-01   9.4726353e-03   8.5072214e-02   2.2799664e-01   7.5187157e-02   7.7375390e-03   1.4469965e-01   1.1451758e-01  -9.8849626e-02   8.1954190e-02   7.7279451e-02   1.2362437e-02   4.7581404e-02  -5.1883688e-02   6.3981279e-02   1.0452429e-01   8.9800067e-02   1.0129702e-01  -3.4803435e-02   2.2967187e-01   9.0262865e-02  -6.2592416e-02   2.8908063e-01   4.2954088e-02   5.2929965e-02   2.4206298e-01   2.0737392e-01  -1.1162284e-01   1.1139071e-01   2.6418865e-01  -8.4012955e-02  -6.6230797e-03  -1.7971321e-01   1.7132800e-01   1.8789560e-01   1.9145822e-01   9.8422823e-02  -4.8795271e-02   2.3104233e-01   3.1897730e-01  -1.1356284e-02  -1.6754361e-01   6.7266611e-02  -1.4089797e-01   1.0356012e-01  -2.0543493e-01   6.5028602e-02   6.2990131e-02  -1.0542572e-01  -8.7643865e-02   2.6539261e-01   3.3393217e-01   2.0070452e-01  -1.4301825e-01   2.7031516e-01  -3.6477194e-02   4.7739478e-02   2.1280592e-01   1.4238760e-01  -4.9850002e-02   2.5193370e-01   2.6367873e-01  -1.0832421e-01   3.3182578e-01  -9.1555502e-02   2.1318062e-01  -4.7908941e-02   1.1264894e-01
  -2.0018034e-01   4.0169213e-01   4.4503155e-01  -2.2664619e-01   4.3974873e-01  -4.2781371e-02   3.0113222e-01  -9.9369551e-02  -5.0615926e-02   2.6017310e-01  -8.4645349e-03   0.0000000e+00   6.5827450e-02  -2.7467633e-01   1.1460607e-02  -1.3312615e-01   3.0760881e-01  -2.5235741e-01   4.1337269e-02   5.3461329e-01  -1.2471172e-01  -2.0741331e-01  -4.5627685e-02  -3.4719527e-01  -1.4918240e-01  -9.2022962e-02   8.4422964e-02   2.4744578e-02   1.3864198e-01  -1.3217233e-01  -1.9557659e-01  -3.2530172e-01  -2.5003125e-01   1.2466344e-01  -1.6584482e-01   3.0222816e-01  -2.9446635e-02  -2.3775002e-02  -1.9588570e-01   1.8513700e-01  -1.1301080e-01  -1.7048604e-01  -3.1682918e-02  -1.6394569e-01   2.1193929e-01  -7.9791123e-02  -2.3923959e-01  -2.0529343e-01  -1.3832833e-02   7.7526469e-02  -2.5345591e-01  -1.9036626e-01   3.1189990e-02  -2.6260063e-01  -3.1822414e-02  -8.9152852e-02  -1.8415274e-01  -9.9343849e-02  -3.6441233e-01   3.2470745e-01  -1.2281692e-01  -2.3788839e-02  -2.5131697e-01   1.2738528e-01   2.1019687e-01   4.5153024e-01  -4.5002453e-02   1.6791310e-01  -3.8970188e-01   2.9420874e-01   1.3298608e-01  -2.8065113e-01  -7.8066992e-02   3.2260639e-01  -1.6553311e-01  -2.4432713e-01  -8.1387266e-02  -6.0593064e-03   5.0539395e-01  -6.5314862e-02  -9.3334333e-02   6.5490912e-02   1.8027534e-01  -1.0626969e-01   1.0861731e-01  -1.9413289e-01  -4.0131117e-02  -3.9249415e-01  -3.0303926e-02   1.4248058e-01   4.8573297e-01  -1.2583492e-01   3.7223431e-01  -1.8241226e-01  -2.5149397e-01   5.4006711e-01  -1.0600974e-01  -1.0118097e-01   1.7301872e-01   1.0343610e-01  -3.0786864e-01   5.0014425e-01  -1.3921235e-01  -2.4218537e-01  -2.5584673e-01  -2.6933564e-01  -2.4990429e-01  -1.7050766e-01  -7.6161009e-02   3.0896913e-02   5.0660836e-01  -4.0264808e-02  -4.9155897e-01  -1.4096766e-01  -1.6919684e-01   4.4316333e-01  -2.7786559e-02  -1.5952754e-01  -1.5628660e-01  -1.1164634e-01  -3.7920227e-01   6.0074666e-01   4.1957757e-02   4.0633754e-01   4.0743032e-02   9.1965310e-02   3.6217228e-01  -6.1773412e-02  -4.4814418e-01   2.2105859e-01   1.3684824e-02   4.2172676e-01   4.0873372e-01  -3.1086513e-01  -9.7699013e-02  -2.8455040e-01  -2.8333541e-01  -1.7614197e-01  -1.2285382e-01  -4.1225041e-01  -1.1644191e-02   4.7826498e-03   8.5070993e-02  -7.8704769e-03  -6.6680098e-02  -1.1714862e-01   3.4299765e-01   1.4986879e-01   1.2505745e-01  -1.2852575e-01  -1.6168119e-01  -9.5328747e-02  -2.9328857e-01   4.1471258e-01   4.6209041e-01  -9.6723514e-02  -4.1043238e-01  -2.0071768e-01  -8.0912482e-02  -1.7990830e-01   1.8017440e-01  -1.7007504e-01   3.0963535e-01  -3.1581474e-01  -2.3603748e-01   5.3093278e-01   3.9565082e-01   9.2777127e-02  -2.7445815e-01   3.4587074e-01   3.8681520e-01  -2.1151879e-01   1.0715076e-01   2.1643583e-01  -2.5740265e-01  -5.3189530e-02  -1.1205026e-01
  -1.8294585e-01  -7.0487938e-02  -1.3301250e-01   3.2287821e-01   2.2098936e-01   5.6829455e-02  -8.7464368e-02   3.6594051e-02   5.9147322e-02   7.8090400e-02  -9.0775172e-02   6.5827450e-02   0.0000000e+00  -1.4629067e-01  -2.7380939e-01  -1.4734150e-01   3.7960842e-02  -1.7274439e-03   1.5718963e-02   1.5227815e-01  -1.8662014e-02   2.7929272e-01  -4.9475119e-02   3.2140186e-02  -1.3419206e-01  -3.5775455e-02  -9.8794575e-02  -7.6855916e-02  -1.9169919e-02  -8.8099798e-02  -5.2358245e-02  -2.1189649e-01  -6.5184924e-02  -9.5779895e-02  -3.1679039e-01   2.5645426e-04  -2.1654936e-02  -7.4848867e-02  -3.2453172e-02   3.4118633e-02   4.6991016e-01   1.4970085e-01  -4.5998129e-02   2.2822804e-01  -2.0476359e-01   3.2586097e-02  -1.2638067e-01  -1.0063043e-01   2.9049745e-01  -9.4660575e-02  -7.7351391e-02   7.5801646e-02   2.9937835e-02  -9.7149694e-02  -3.2542177e-01   6.6928148e-02   5.1902023e-02   2.5465950e-01   2.7155397e-01   1.2426689e-01  -1.1199790e-01   5.9183084e-02  -1.4014714e-01   3.0599765e-02   7.2500354e-02   8.6500597e-03   1.7081528e-02   3.6248308e-01  -1.0778470e-01  -1.2758302e-01  -9.9545542e-02  -7.1958319e-02   2.9390325e-01   1.9766973e-01   1.5229276e-01  -8.6624454e-02   1.7393665e-02   2.3452608e-01  -3.2420981e-02   1.7455832e-01  -6.9810241e-02   3.1251446e-01   1.6615620e-01  -1.8784453e-02  -7.8482453e-03  -9.8322091e-02  -1.9330786e-01  -1.2858799e-01  -3.7792862e-02   9.2979607e-02   1.7141993e-01   2.0423730e-02   1.3640550e-01   1.4767190e-01  -2.2147084e-01   3.1040567e-01   4.1294696e-02   4.0236154e-02   8.7160530e-02   6.1897871e-02  -3.0788813e-01  -3.9572715e-02   2.0172975e-01   7.8181514e-02  -1.0623107e-01   1.8262565e-01   5.0965039e-02   6.2661965e-02   1.3244337e-01  -2.5383597e-02   4.6003352e-02   9.9787194e-02   4.6538956e-02  -3.0155681e-01  -8.6957687e-02   9.4193685e-02   1.8991371e-01   5.3064525e-01   1.6516611e-01   9.3339786e-02  -9.8047604e-02   3.3177631e-01  -1.1700952e-01   1.4383171e-01   2.4672301e-01   2.0319195e-01  -2.0555626e-01   2.1113529e-01   1.0484231e-01  -9.0011740e-02   5.8333204e-01   9.2710615e-02   1.9934338e-01  -5.4989527e-02   2.5285201e-01  -1.4518940e-01  -1.8788592e-01   1.4323398e-01  -1.9103053e-01  -1.3649551e-01  -2.0766180e-01   3.9222758e-01   1.7456345e-01   1.9031077e-01  -1.7035118e-01   2.0246935e-02  -4.8824091e-02   1.4215921e-01  -5.0909871e-02   1.5828717e-01  -1.4654315e-01  -1.0851025e-01  -5.0748868e-02   1.9826720e-01   1.6212793e-01  -2.4198925e-02  -2.6607276e-01   1.8543020e-01   1.8707790e-01   4.5737804e-02   4.8133103e-02   1.6237409e-03   2.6407932e-02  -3.1508590e-02  -2.8888572e-02   5.0473383e-02  -1.1679158e-01   1.1783742e-01  -2.9753109e-01   3.7955346e-01   1.4174458e-01  -1.9304195e-01   2.3891632e-01   2.1739891e-01  -1.0906129e-01   9.7238465e-02   7.7243931e-02
   1.0659538e-01  -2.9215015e-01  -1.8444821e-01   2.2331294e-01  -2.5133981e-01  -8.0726010e-02  -9.8143572e-02  -1.1000909e-01  -2.0748255e-01   7.0859549e-02  -1.0212973e-01  -2.7467633e-01  -1.4629067e-01   0.0000000e+00  -1.6442756e-01   1.2762376e-01  -2.7250447e-01   1.4084455e-01  -1.5961667e-01  -1.0912496e-01   5.1337444e-02   8.9203805e-02   1.8522775e-01   4.8337624e-02  -1.1714661e-02   1.8187921e-01  -1.0037818e-01   4.6811463e-02  -8.6985760e-02   3.1351914e-01  -2.7655801e-01   3.0638822e-01   1.4375048e-01  -1.1690301e-02   6.0678931e-02  -2.5678565e-01   4.9937971e-02   1.1681302e-01   3.7331176e-02  -1.1124569e-01   5.8654742e-02  -7.1938165e-02  -1.0125238e-01   6.7576678e-02   1.0398497e-01  -2.6295332e-02  -2.3437691e-02   1.7175029e-02  -1.2843029e-01  -2.1550232e-02   3.2963655e-01   9.4116269e-02  -5.3178816e-02   3.0609650e-02   1.7100957e-01   3.3692207e-01  -1.6679032e-01   4.4427629e-02   2.3675522e-01  -9.7212270e-02   2.7469216e-02  -6.8402308e-03  -1.6087119e-01  -3.9650374e-01  -2.1692681e-01  -1.6547469e-01  -2.3571555e-01  -3.6660122e-01  -4.7535024e-02   1.1206779e-01  -1.7078987e-01   2.5072439e-01  -5.4854503e-02  -1.5807528e-01   5.3529328e-02  -5.9673315e-02   2.0721686e-01  -1.4410390e-01  -3.7427981e-01  -2.7681778e-01   3.7961602e-02  -1.8429914e-01  -6.1189551e-02  -1.6985951e-01  -1.5191044e-02  -2.1344918e-01   3.1615627e-01   1.3771671e-01   9.8541337e-02  -4.5018093e-02  -3.5454206e-01  -3.2634833e-03  -6.6869960e-02   1.0651916e-01   9.2027344e-02  -4.0324145e-01  -1.1495905e-01   3.8147876e-02  -2.4229724e-01   1.1133682e-01   1.9914534e-01  -2.2295247e-01  -1.2957964e-03  -4.4748069e-02   3.7697148e-01   1.4810719e-01  -2.3021320e-02  -6.2783464e-02   2.1027159e-02   4.7356752e-03  -1.0474074e-01   2.5064454e-01   9.5750213e-02   1.8128438e-01   1.4597086e-01  -3.5922996e-01   2.4361534e-01   1.2594029e-02  -5.1780081e-02   2.6125012e-01   1.2517548e-01  -2.7956562e-01  -2.8518749e-01  -2.6982684e-01   5.1826619e-02  -6.6476188e-02  -8.8847694e-02  -4.3678871e-01   8.9884865e-02   1.6172519e-02  -2.2280334e-01  -5.1351854e-01  -3.1770767e-01   1.1637795e-01  -1.0634255e-01  -1.5371861e-01  -1.6673243e-04   1.6467383e-01  -1.8958693e-01   2.3729846e-01   5.6038135e-02   9.6488701e-02  -3.1600567e-02   7.5038814e-02  -1.8873991e-01  -2.3319792e-01  -2.1329335e-01  -1.7643068e-02   7.1505778e-02  -7.4421581e-02   2.5969485e-01  -1.2339281e-01   1.2600219e-01  -1.1535859e-01  -3.3982445e-01  -1.3303020e-01   2.6343837e-01   1.2028595e-01  -7.1405953e-02  -1.6371500e-01  -1.9779370e-01   1.3109712e-01  -1.8509838e-01   1.9450691e-01   1.9234479e-01  -2.9340177e-01  -7.6604510e-02  -2.1329332e-01   3.1823743e-02  -3.5534912e-01  -3.8372012e-01   2.3093552e-01  -3.9492934e-01  -1.5868123e-01   1.6962193e-01  -2.2817463e-02   1.3914617e-01
