   0.0000000e+00  -3.6835658e-01   7.4351696e-04  -4.2353559e-01  -1.5605731e-02   2.7024750e-02  -1.6778109e-01  -9.2682752e-02  -1.9330303e-01   3.3667579e-02  -1.8384597e-01  -1.7193255e-01  -2.5297144e-01   6.3203354e-01  -3.3798243e-03  -1.0168352e-01   3.2974842e-01  -1.2328165e-01  -1.3473663e-01  -3.4807888e-02  -3.0571464e-01  -3.5086970e-01  -2.3152185e-01   7.2188640e-01   1.0196392e-01  -5.5247893e-03  -5.3883870e-02   5.2689596e-01   6.2994673e-03  -4.7451401e-01  -1.1935034e-01  -1.5087152e-01   1.5070797e-01  -2.0077487e-01   2.4059166e-02  -2.9630571e-01   1.2186381e-01   4.2267982e-01  -1.0865575e-01  -5.0061847e-02  -1.3503470e-01   1.7194744e-01  -1.3197869e-01  -1.1085266e-01  -1.0869656e-01   2.6307769e-01   2.7500962e-02  -2.4081912e-01   2.2994182e-01   6.1929770e-02  -1.1417762e-01  -2.0725965e-01  -2.0470885e-01   1.1888432e-01   1.0354703e-01  -2.3430689e-01  -2.0336607e-01  -1.2070124e-01  -3.4051164e-01  -1.9579282e-03   5.0412256e-01  -3.9615546e-02  -1.9217001e-01   1.9187727e-01  -1.1728417e-01  -1.8130566e-01  -2.7745597e-01  -1.1827506e-01  -2.3967729e-01   8.8072396e-02  -3.1096160e-01  -2.2435555e-01   2.8274118e-02   4.0423770e-01  -5.3161405e-02   4.4582843e-02   3.5971223e-01  -1.7758615e-01  -3.0881822e-03  -2.9315205e-02  -2.9679769e-01   1.6508761e-01  -1.9924784e-01  -2.3612917e-01   5.5528351e-01   6.4715503e-02  -2.6721855e-02   3.0368849e-01  -3.9731093e-01   7.7757255e-01   5.5130500e-02   5.5801389e-01   3.4228413e-03  -1.6529812e-01   4.4849578e-01  -1.6062793e-01  -1.9809309e-01  -4.9245548e-01  -4.6257230e-02   6.2042990e-02   2.0004815e-01   4.4185865e-01  -2.6379912e-01   5.2159145e-03  -1.6282994e-01   1.3619090e-01  -1.1295003e-01  -4.7827619e-01   1.2263728e-01  -1.7278772e-01  -2.1218541e-01  -3.6256966e-01  -1.3924718e-01   8.0668258e-01   2.0050163e-01  -1.1997029e-01  -1.2224689e-01  -2.0302578e-01   4.7191728e-01  -4.7079664e-02   4.6183431e-01  -3.2550739e-03  -1.7905175e-01  -1.3186622e-01   4.0274564e-01   4.2106304e-01   5.6031955e-02  -1.1383779e-01  -4.9343549e-02   2.1223217e-01  -1.3328036e-01  -2.4892834e-01   2.3082111e-01  -1.4969976e-01  -1.3976198e-01   1.1214408e-01  -2.6665699e-01  -2.0939304e-01  -3.6448888e-02   7.1548216e-01   7.3675835e-01   8.2373047e-02  -2.3653389e-01  -1.2290723e-01   9.1496039e-02  -2.4302754e-01  -1.0590475e-01  -2.5867528e-01  -2.6717555e-01  -5.8547795e-02   3.4596809e-01  -2.4936864e-01   4.1889274e-01  -2.7206927e-01  -1.6263512e-01   5.8894557e-01   4.2427070e-01  -3.1785120e-01   5.9187253e-01  -2.9153973e-01   1.0808678e-02  -2.9735978e-01  -2.9438268e-01  -3.0950760e-01  -1.1816977e-01  -1.5438267e-01  -1.8272955e-01  -2.5777922e-01   5.6930253e-01   1.1675086e-01  -4.1534062e-02   2.3394515e-01  -2.9766071e-01  -2.0935099e-01  -9.0050677e-02  -8.5611431e-02  -1.5587016e-01
  -3.6835658e-01   0.0000000e+00   1.8171005e-01   1.2762413e-01   3.2239653e-02  -2.1459835e-01   2.7520053e-01  -3.1439004e-02   3.2813073e-01  -3.2869743e-02   1.6852957e-01   3.5511348e-01   7.0159972e-02  -3.6876651e-01  -2.9096493e-01   4.2949301e-02  -3.7020276e-02   8.3242239e-02  -1.8300954e-02   7.9112651e-02   8.7576146e-02   6.7157021e-02  -3.8025545e-01  -4.7832193e-01  -5.4065760e-02   2.5443389e-01   2.2129077e-01  -4.4980994e-01   1.3586035e-01   4.8004499e-01   5.1539347e-02   1.4023292e-01  -1.0881822e-01   1.8868647e-01  -2.4034070e-01   5.3654951e-02  -1.9501320e-01  -3.0995976e-01   2.4433752e-01   9.2606179e-02   1.4618657e-01  -2.1049048e-01   2.7245477e-01   5.0473403e-03   2.5712392e-01  -3.6289527e-01   1.2790893e-01  -6.6030933e-02  -3.2521938e-01   1.6138656e-01  -3.9192115e-02   1.2501204e-01   3.9945811e-01   1.5339264e-01  -4.3578391e-02  -6.9664665e-02   1.0944081e-01   1.2993470e-01   5.1180639e-02  -8.5788342e-02  -4.2663644e-01  -2.0673565e-01   2.8333817e-01   1.1840852e-01   4.8908428e-01   1.2373075e-01  -2.7476455e-02   2.5711966e-01   2.5034274e-01  -1.8237021e-01   4.2186240e-01   8.9729908e-02   1.1323084e-01  -3.0680714e-01   1.0884411e-01   2.3387845e-01  -4.7361565e-01  -7.9854553e-02   3.6066580e-01   1.9543131e-01  -3.2166258e-01   2.4048497e-02   1.8651366e-01   1.9126772e-02  -2.5945894e-01  -1.8899950e-01  -1.0388486e-02  -3.9198815e-01   6.5921273e-02  -3.0796381e-01   2.9517286e-01  -2.5577376e-01  -2.2155182e-01   1.8669671e-01  -3.5140808e-01   9.9838575e-02   3.8348281e-01   4.8103223e-02   1.1151503e-01  -4.5406427e-01  -2.2629962e-01  -1.2901672e-01   8.3653421e-02   7.1060466e-02   1.2436761e-01  -1.7320011e-01   5.1583671e-02   8.0857575e-02  -3.6540705e-01  -3.3281878e-02  -2.1417634e-01   2.1343662e-02   1.1871849e-01  -3.6949814e-01  -3.6783593e-01   5.1466216e-01   1.4219613e-01   3.7698056e-02  -1.4758477e-01  -8.2888961e-02  -4.2941698e-01   9.5003509e-02   3.1587993e-01   2.1472614e-01  -3.9119188e-01  -3.5456044e-01  -5.3915310e-02   2.7369434e-01  -6.7150470e-03  -3.9773663e-02   2.1394267e-01   1.8971775e-01  -6.9432697e-02  -9.2806378e-02   7.7092716e-02   1.8247110e-01   3.2481554e-01  -6.3911042e-02   4.0582284e-02  -4.0960671e-01  -5.7753597e-01  -1.9036062e-01   7.6267544e-02   3.6546871e-03  -3.9912710e-01  -3.2194700e-02  -1.5383584e-01   1.3013576e-01  -3.0099674e-02  -7.0816871e-02  -1.9355018e-01   5.1508110e-02  -1.0263857e-01   4.8664143e-01   3.7065693e-01  -1.7390989e-01  -4.9163356e-01   1.5896523e-01  -3.0166935e-01   2.1379561e-02   4.2923991e-03   1.5932142e-01   1.2278394e-01   2.4770202e-01  -6.6089715e-02  -6.3781021e-02   2.0050320e-01   1.0216240e-01  -4.0139182e-01   8.6279713e-02   4.0648291e-02  -2.7795353e-01   3.8005616e-01   2.9042418e-01   1.4858611e-01   3.0885721e-01  -1.8212661e-01
   7.4351696e-04   1.8171005e-01   0.0000000e+00  -1.2955167e-02   2.5153562e-01   4.0332827e-01   2.7221930e-02   4.9982109e-02  -3.0954806e-02  -7.7082028e-02  -2.1211096e-01   2.0640532e-01   9.1938334e-02   1.8013351e-02  -3.6357496e-01  -1.5755618e-02   7.4655899e-01  -1.8289005e-01   4.5184963e-04   5.1014951e-01  -4.3457472e-01   8.9795046e-02  -3.5940818e-01   7.1025531e-02  -1.8295788e-02  -8.9668232e-02   1.3565685e-01  -1.9175521e-02  -9.7862150e-02   3.8133351e-02  -3.1745985e-01   3.2127301e-03   2.6596747e-02  -4.0124318e-01  -1.2862472e-01   1.3176479e-01  -2.3525678e-01   5.6972368e-02  -2.0785626e-01   5.2348629e-01   8.5646943e-02   2.4209725e-01   4.1021101e-03   9.5446153e-02  -4.0904108e-01   6.5566169e-02  -3.0643637e-02  -4.8372845e-01  -8.1734688e-02   7.7632649e-01  -2.2737787e-01   7.7195014e-02  -1.0462656e-01   3.0572635e-01   7.6614631e-02   6.2285778e-02   3.7596260e-03   4.8424468e-02   4.8720137e-03  -1.9939677e-01   1.6740040e-01  -2.1044349e-01   4.9170125e-02  -2.1769208e-01  -2.6064951e-01  -2.5991000e-01   1.4481389e-01  -2.5065055e-01  -1.4794609e-01   3.9638187e-01   4.5922808e-02  -1.5670054e-01  -1.3438857e-01  -3.2451969e-02   5.8053196e-02   4.9558596e-02   4.0521732e-02  -2.1654403e-01   3.4817099e-01   2.2376636e-01  -2.2189171e-01  -2.8328313e-01  -4.0626489e-02   9.9461135e-02   5.4620741e-02  -8.7411645e-02  -2.0938890e-01  -1.4328941e-02  -2.0159978e-01   5.6111245e-02   3.8965632e-01   1.9643598e-01   3.1449799e-01   6.5111646e-02   3.7621970e-02   4.9977253e-01   1.0473021e-01  -7.5171237e-02   3.5409609e-02  -4.9939809e-01  -2.1660165e-02  -1.9333861e-01  -1.0214841e-01   1.9680619e-01  -1.4383791e-01   8.5515387e-02   2.5263236e-01  -4.0669352e-02  -4.6021815e-01  -6.6976457e-03  -4.7433642e-02  -4.1905645e-02  -3.2459360e-02   8.9429276e-02  -6.9583999e-02   8.0350087e-02   2.2419608e-01  -1.5605767e-01   1.4585356e-01  -3.3970041e-02  -6.3645109e-02   1.7527466e-01   8.2131396e-02  -3.1791171e-01   1.2716346e-01  -2.8880867e-02  -7.4752042e-02   2.8153802e-01  -4.7708004e-02   5.8648103e-01  -4.1111531e-02  -3.4151109e-01  -6.7816616e-02  -5.0974740e-01   2.5077082e-01  -4.6957333e-03   3.3570722e-03  -4.1104636e-01  -1.3369814e-01  -7.3012243e-02  -6.4039635e-02   4.5794304e-02  -1.2627521e-01   1.9340838e-01  -3.6341255e-01  -3.2919714e-01   3.7757750e-01  -3.5000870e-02  -1.7990219e-01  -4.5217599e-01   5.5232788e-04  -3.0774085e-01   1.8186534e-01  -1.1044321e-01   5.8585375e-01   3.0203835e-02  -4.7541289e-02  -3.8856429e-02   1.7176417e-01  -2.6242885e-01  -1.9797910e-01  -1.4713155e-02  -1.8308667e-01  -2.1990250e-01   1.3780875e-02  -1.6777878e-01  -1.0353556e-01  -2.3719350e-01   1.5525919e-01  -4.7771712e-02  -2.6996330e-01   4.3711775e-02  -2.2350085e-01   3.0386390e-01   8.2795035e-02   2.0865717e-01   3.1422422e-02
  -4.2353559e-01   1.2762413e-01  -1.2955167e-02   0.0000000e+00   1.0032964e-01  -6.2712555e-02  -2.4457759e-02  -3.7540271e-02   7.5482574e-02  -8.7228946e-02   1.5821457e-01   3.0055727e-01   2.4709496e-01  -2.5168360e-01  -7.8286929e-02  -1.1229521e-01  -1.8201255e-01   4.2347430e-01   2.0166152e-01   1.1961114e-01   2.4309747e-01   2.8574809e-01   3.1983174e-01  -3.0648624e-01  -1.1263711e-02   2.9929453e-02  -4.0240644e-02  -8.5688491e-02   5.1831229e-02   3.2143732e-01   2.7910303e-02   2.6670176e-01  -4.8497881e-02  -3.9198993e-02  -1.5899419e-01   1.6621687e-01  -1.5944535e-01  -3.8302511e-01  -1.6042715e-01  -1.8754426e-01   1.7787016e-01  -1.4596506e-01  -1.5261117e-01  -1.3811930e-01   3.9826552e-02  -1.1668111e-01  -1.1555354e-03   7.4664109e-02  -1.5144275e-01  -5.3330040e-02   3.1867960e-01   1.5949373e-01  -2.2399412e-01   1.5227403e-01   5.4131532e-02  -2.0991792e-02   4.9017449e-02   6.2899591e-03   3.2687547e-01   2.5492707e-01  -1.8520444e-01  -4.7220155e-02   2.2626895e-01  -1.4123647e-01  -1.1619104e-01   2.2359136e-01  -3.2167836e-02   1.5393231e-01   3.3799782e-02  -1.1505752e-01  -1.3894814e-01   3.2286498e-01  -1.9123121e-02   4.6455191e-03   1.8759824e-01   3.4012889e-02  -1.5413843e-01   1.0827625e-01  -1.4284979e-01   1.0524730e-01   2.5434917e-01  -3.4860024e-01   5.0283523e-02   1.2282287e-01  -2.9038612e-01   7.6357852e-02  -1.2698276e-01   6.4510216e-02   1.2516809e-01  -4.4499315e-01  -5.7560978e-02  -2.2028575e-01  -5.1329444e-02   2.2301326e-01  -3.4239868e-01   1.0158885e-01   1.1874262e-01   1.8703331e-01   4.1651468e-02   1.0480628e-02  -8.3292802e-02  -1.3645559e-01   1.9754300e-01   1.4571874e-01   4.3777980e-01  -1.7496991e-02   2.2889436e-01   1.7645440e-01  -6.1435233e-02   3.0909423e-01   2.0560759e-01   3.3504730e-01  -2.7294682e-02  -4.1525229e-01   1.4998190e-02  -5.5322576e-02  -6.2390996e-02   1.8299404e-01  -1.7585255e-01   5.8340231e-01  -1.4880610e-01   7.5094851e-03   9.5375763e-02  -6.0065285e-03  -1.6380629e-01  -1.6185118e-01   1.8091843e-01   6.2313240e-02   2.6631830e-01  -2.3175785e-01   1.4967995e-02   9.0529488e-02   2.4397518e-02  -7.3842404e-02   4.8110555e-01  -3.2092944e-02   1.7280211e-01   8.3887442e-02  -1.3618264e-02  -4.1333279e-01  -2.5560595e-01  -7.6478353e-02   9.5427181e-02   4.7925107e-02   5.6180484e-02   3.2783631e-01   1.4624853e-02   2.7717465e-01   3.5863199e-01   9.9050934e-02  -7.0032195e-02   8.9268923e-02  -9.7672342e-02   4.3291128e-02  -1.2379439e-01  -3.3782323e-01  -2.3732229e-01   3.5495387e-01  -3.8406719e-01   2.7358529e-01  -1.0416784e-01   3.3460529e-02   1.7128303e-01   5.1010752e-01   1.7317558e-01  -5.7043872e-02   8.6933272e-02   3.6752961e-01  -1.4073405e-01  -2.3782507e-01  -1.1462126e-02  -3.7230135e-01   1.6658532e-01   1.8058249e-01   7.0391999e-02   8.6100072e-04   2.5848369e-01
  -1.5605731e-02   3.2239653e-02   2.5153562e-01   1.0032964e-01   0.0000000e+00   1.4817343e-01  -2.8280153e-02   2.6267931e-02  -3.2304378e-02  -6.9107684e-02  -2.7323243e-01  -7.6235840e-02   1.5617701e-01  -2.1004276e-01  -2.2120463e-01   6.1599775e-02   1.9821508e-01  -1.9087365e-01  -8.1905257e-02   6.7916388e-01  -1.8470028e-01   2.5355810e-02  -1.4145892e-01   3.1948045e-02  -1.8990167e-01  -1.0219280e-01   4.7503631e-01  -2.9365618e-01   3.1733264e-01   3.0845814e-02  -9.0681683e-02  -4.8613296e-02   1.1692339e-01  -1.9343816e-01   3.7218934e-03   4.0115552e-01  -3.0375256e-01  -1.0404379e-01  -6.6011193e-02   5.5478693e-01   5.5155605e-02   1.4607380e-01   1.1182832e-01  -1.2918447e-01   1.5594574e-02  -1.7362717e-01  -8.7068716e-03  -1.0683635e-01   9.2264969e-03   4.5924769e-01  -9.2923053e-02  -1.1086734e-01   4.6746114e-02   2.9783303e-01   1.1245902e-01  -8.6224321e-02  -2.2666738e-02  -3.7260585e-02  -4.5352392e-02   7.3517463e-03  -8.9497295e-02   2.2445086e-01   9.2936642e-02  -4.1373925e-01  -6.9786230e-02  -1.4138164e-01   2.1563790e-01   1.2817845e-01  -1.4646104e-01  -1.8264578e-01   1.3773961e-01  -9.8699095e-03   4.5117304e-03  -7.0630300e-02   1.9419845e-01  -3.3689116e-02  -1.3360614e-01  -2.4861899e-01   4.8774549e-01   1.8989454e-01  -3.0563625e-01   1.1828723e-01  -1.9065089e-01  -8.5846233e-02  -2.0522328e-01   5.8705199e-03  -2.7685899e-01  -2.9067040e-02  -1.1502379e-01  -8.9616164e-02   5.6135712e-01  -1.0848470e-01   2.2528684e-01   1.7912887e-01  -1.4454812e-02   4.6631596e-01   2.6612950e-01   8.5583008e-03   1.2332663e-01  -2.0161171e-01  -3.4223206e-01  -4.0340700e-01  -1.5624000e-01   1.7119800e-01  -3.3374468e-01  -1.0045982e-02   1.8804873e-01  -5.8449866e-02  -6.1597046e-02  -2.1013554e-01  -1.7065023e-01  -6.5246701e-02  -2.4812483e-02  -6.7152265e-02  -3.0211622e-01   4.0978969e-01   9.5000144e-02   1.9327580e-01  -2.5783919e-01   2.1270387e-01  -2.0483577e-01   4.3768145e-01  -2.4188805e-02  -2.4368438e-02  -9.5025646e-02  -2.3076856e-01   1.4397560e-01   3.1499587e-01   4.4169600e-02  -4.0033847e-02  -1.2484836e-01   7.3582632e-02  -2.4181890e-01  -1.3228705e-01   3.6149304e-01   4.7409537e-03   1.8888665e-01  -2.9572375e-01  -1.5472250e-01  -3.4714481e-02   4.4234870e-02   1.4853889e-01  -2.1807161e-01  -9.9906326e-02  -2.9449631e-01  -1.6769372e-01   5.3666937e-02   1.5209219e-01  -2.5890487e-01  -1.3654461e-01  -2.6105011e-01  -1.5668087e-01  -4.9727545e-02  -1.0106753e-01   4.7800718e-01  -3.3247353e-02  -2.9027664e-01  -1.7794377e-01  -1.5469772e-01  -3.5888508e-01   7.0438164e-03  -2.3225058e-01  -2.2981426e-01  -2.6748291e-01   1.4379744e-01   3.0092870e-01  -8.2930845e-02   9.6995288e-02  -1.5020303e-01   2.5730548e-01   2.7952173e-02  -2.0687461e-02   1.4013617e-01   1.0459876e-01  -1.5810070e-01   2.7626739e-01   6.1756625e-02
   2.7024750e-02  -2.1459835e-01   4.0332827e-01  -6.2712555e-02   1.4817343e-01   0.0000000e+00   2.5967127e-01   1.5219440e-01  -1.8905928e-01   3.7589576e-02  -3.3753210e-02   1.2688993e-01  -1.9060252e-01   1.4964091e-01  -5.6842494e-02  -1.4147025e-01   2.8029264e-01  -2.5950893e-01   1.7048442e-01   1.6658199e-01  -1.7229276e-01   3.7875987e-01  -1.2898006e-03   6.1218084e-02   9.2901105e-02  -6.0783355e-02   9.5993817e-02   1.0262577e-01  -1.0662284e-01   1.5449886e-02  -3.9051373e-01  -6.4931283e-02   3.5332978e-02   5.9168057e-02  -1.0314102e-01   2.5218293e-01  -5.1128723e-02  -6.6527966e-03  -1.0098659e-01   2.9552014e-01  -4.3677819e-02   2.7984036e-02  -1.5560513e-02   2.2353007e-01  -1.0188597e-01  -2.2682361e-02   3.4371761e-02  -6.8947255e-02  -3.1376490e-02   2.5434225e-01  -9.4827836e-02  -1.4465132e-02  -2.4604289e-01  -9.2015858e-02  -5.4550072e-02   2.4289245e-01   1.1739962e-01   8.5187325e-02   9.3060767e-02   5.6871204e-02   1.9270101e-02  -1.7471302e-01  -3.1863172e-01  -3.4967172e-01  -1.9728925e-01  -2.6311728e-02   4.1421865e-01  -1.0332389e-01   8.5847526e-02   2.5481231e-01   1.0550513e-02  -4.4554146e-04   3.7442781e-02   1.9770113e-01  -3.1252177e-02  -1.7067331e-01  -5.6620887e-02   7.4117616e-02  -2.1747268e-02   4.2634627e-02  -1.0350151e-02  -1.4668437e-01  -8.0183458e-02   1.7133823e-01   7.3025086e-02  -7.8792271e-02  -2.4208782e-01  -1.5036285e-01   1.1005315e-01  -1.2554338e-02   7.5470171e-02  -3.1348693e-02   2.8685569e-01   1.1075791e-01   1.5258646e-03   3.3442577e-01   1.0934553e-02   1.2008503e-01   2.2397788e-02   2.5962370e-02   2.1324283e-01  -1.1388788e-01   1.2628630e-01   3.5238899e-01  -4.2351748e-02   1.7080126e-02   5.8210214e-02   2.0428607e-01  -1.0736478e-01   3.6327827e-01   7.7263603e-02   1.9142366e-01  -8.1141360e-03   1.0415741e-02   7.3790938e-03  -1.7832694e-01   1.3001777e-01   1.4265625e-02   1.9415038e-01   4.7993895e-02  -4.7688674e-02   7.8284974e-02  -1.1527430e-01  -3.1114871e-01   4.7850808e-02   1.5957461e-01  -3.9937763e-02  -9.5449403e-02   1.2494781e-01   3.2473347e-01   1.6259382e-02  -1.8233715e-01   1.1389409e-01  -3.1530024e-01  -7.5457672e-03  -1.0308306e-01  -2.1720011e-01  -2.5937351e-01  -2.9813701e-01  -1.0710476e-01  -1.4800153e-02  -1.3792642e-02   1.1340314e-01   2.5380505e-01  -6.5534968e-02  -2.9931403e-02   3.4149644e-01   1.9813945e-01   1.9309064e-01  -1.9850406e-01  -3.5927172e-02  -5.3026930e-02  -3.1740748e-02  -3.5953973e-01   2.1547739e-01  -2.3109313e-02  -2.8615312e-02  -4.9600430e-03   4.6676861e-02  -7.6731178e-02  -8.9354308e-02   2.0681829e-01  -1.3684906e-01  -1.3062887e-01   2.8183093e-01  -7.0912587e-02  -6.4611187e-02  -4.2150044e-02   7.4997638e-02  -4.9024495e-02   5.1137411e-03  -7.0756195e-02  -1.4297427e-01   4.4401761e-01   1.5167789e-01  -1.4452940e-01   2.4809557e-01
  -1.6778109e-01   2.7520053e-01   2.7221930e-02  -2.4457759e-02  -2.8280153e-02   2.5967127e-01   0.0000000e+00   4.1815333e-02   3.1278219e-01   2.9398299e-01  -8.9189917e-02   7.1799564e-02   1.5456302e-01  -1.8325381e-01  -1.6893423e-02  -1.2781494e-01  -1.0681893e-01  -1.9135507e-01  -2.5771158e-02   1.0812954e-01  -5.6238509e-02   6.0678511e-02  -7.2908758e-02  -1.5053362e-01   1.0554440e-01   1.5153171e-01   1.8827947e-01  -1.0065287e-01   1.5766605e-01   6.8027958e-02  -1.6449800e-01  -2.0631709e-01  -5.5912999e-02   5.0377011e-01   1.8965064e-01   1.6058526e-01  -5.2552668e-02  -1.9280005e-01  -6.3873844e-03   1.4705868e-01   2.2252937e-02  -1.5072407e-02   2.9100265e-01  -6.1958006e-03   3.6254817e-01  -1.7045871e-01  -1.4557167e-01   3.0618696e-01  -4.8296946e-02   2.9763670e-02   1.6133021e-01   1.4749582e-02   2.0822034e-01  -2.8580771e-01  -4.4882923e-02  -5.7305159e-02  -9.8310983e-02   7.6236860e-02  -5.1560139e-02   1.5414192e-01  -2.5003218e-01  -1.7458237e-01  -5.6648624e-03  -1.9271472e-01   1.8510195e-01   2.9554273e-01   1.6585268e-01   9.6651964e-02  -1.3934111e-02  -4.9052849e-02   4.1176096e-01   1.0744295e-01   4.9034664e-03  -2.4126850e-01   1.1819123e-01  -5.3511538e-02  -2.0676703e-01  -1.5079204e-01   5.0814675e-02  -5.3719764e-02  -5.9744960e-02  -1.3642224e-01  -2.0023308e-01  -1.3825836e-01  -3.3452487e-01  -7.9434812e-02  -3.9032336e-02  -2.7456675e-01   2.2228762e-01  -2.2420102e-01   2.2798806e-02  -2.7830322e-01   1.9008566e-01   1.7551700e-01  -1.8859331e-01   2.5088585e-01   3.0874675e-02  -7.5972319e-02   5.8342216e-02   3.4950366e-02  -2.2210066e-01  -1.9954772e-01  -6.7903397e-02   1.6583912e-01   9.7581947e-02  -3.2286636e-04  -9.3486118e-03  -9.4906466e-03  -3.4285155e-02   1.2013315e-01  -9.7972887e-02  -1.1141696e-01   3.2409492e-02  -2.2117292e-01  -2.4198331e-01   1.8980761e-01   6.8478903e-02  -7.4596693e-02  -1.7068584e-01  -1.6597956e-01  -2.3893648e-01   5.3020041e-02   2.3612178e-01   2.6799935e-02  -2.2775056e-01  -2.7398085e-01  -6.4663137e-02  -1.0817975e-01   1.8931218e-02  -9.7772860e-02   4.1689468e-02   9.3445351e-03  -3.2274896e-01   1.1504020e-02   2.7714680e-02  -2.8201843e-01  -7.6739939e-02   2.6708912e-02  -3.6188378e-01  -1.4902174e-01  -2.0809593e-01  -1.4784630e-01  -7.7231981e-02   3.5908046e-02   1.1059423e-02  -1.4486931e-01   3.1868706e-01   2.6463810e-01   1.8376759e-01   5.4202931e-03  -1.6447152e-01   1.0910139e-01  -1.4208007e-01   6.0399306e-02   2.4910797e-01  -3.0116994e-02  -2.4613179e-01   1.1403809e-01  -2.5286112e-01  -2.1540561e-01   1.6303603e-01   5.2450866e-02   9.3856062e-02   3.5951924e-02  -3.7388486e-02   6.7547917e-02   1.4879507e-01  -1.4893779e-02  -2.9999723e-01  -1.4837937e-02   2.2035962e-01  -1.5714933e-01   1.6282969e-01   4.2938643e-01   1.9097286e-01  -9.6042857e-02   5.8490175e-02
  -9.2682752e-02  -3.1439004e-02   4.9982109e-02  -3.7540271e-02   2.6267931e-02   1.5219440e-01   4.1815333e-02   0.0000000e+00   1.1146143e-01  -1.6338252e-01   8.0988167e-02  -4.1515786e-02  -1.3837827e-01  -1.8121219e-01   4.7815504e-02   1.9409634e-01   7.3608266e-02   1.7997973e-02   1.6566296e-02   3.6885478e-02  -3.2540570e-02   6.1009786e-02   5.2509120e-03  -6.8492489e-03  -4.3582262e-02   1.7151103e-02   2.2461091e-01   8.4975968e-02  -3.4259744e-02   1.1789115e-01   1.6275972e-01   3.6871217e-02   1.7686888e-01   1.6864161e-02  -1.5544354e-01   1.7199821e-01   2.7305446e-02  -1.1142499e-01   6.5264393e-02   1.8094168e-01   2.7331118e-02  -1.7808136e-01   8.8245976e-02   2.0901623e-01  -6.6843642e-02   5.8527277e-02   1.5038558e-01   1.4439875e-01   1.3900246e-01   8.5033763e-02  -1.1535518e-03   3.2308971e-01  -6.6577502e-02  -1.2621080e-01  -2.1806713e-01   2.4878539e-01   1.2525873e-01   2.2889166e-01   8.1652402e-02  -2.0582811e-02   8.3728053e-02   4.1303068e-02   4.0952199e-02   1.5517065e-01   5.5062359e-02  -2.3949020e-01   1.8266062e-01  -5.2178430e-02   2.5053973e-01  -7.7967127e-03   7.5266515e-02  -5.0570057e-02   7.0859585e-02  -2.0833267e-01  -3.8458597e-01   2.4832223e-01   1.1209094e-02   1.1031316e-01  -1.0967883e-01   1.3857700e-01   2.5230757e-01  -5.4038029e-02   1.2023790e-02   2.4475880e-01  -2.0203358e-01   9.9992817e-02  -6.9974195e-02  -1.6501780e-01   1.7867459e-01  -5.0371550e-02   1.6517419e-01   8.9296107e-02   8.9574827e-02   1.1818874e-03  -9.8208039e-02   1.6445480e-01  -3.5309099e-02   3.3704273e-01   4.2687176e-02   1.0763771e-01  -1.0671914e-01   3.2071593e-02  -1.0270261e-02   1.4613646e-01  -3.5454472e-02   3.7143284e-01   1.6942959e-01   3.9722460e-01  -1.3834348e-02  -5.2073962e-02  -1.2698788e-01  -2.4015053e-02   6.6129904e-02  -6.9193079e-02  -8.3856790e-03  -6.2313199e-03   2.9004254e-01   7.8487807e-02  -1.6899296e-01  -1.5856184e-01  -1.1343921e-01  -3.2665719e-02  -1.1693909e-01  -7.1759281e-02  -1.2895786e-01  -1.6035101e-01  -9.8226777e-02  -8.8690466e-03   1.2067376e-01  -1.1273290e-01  -5.6313368e-02  -1.8487990e-01  -2.2496157e-01   6.0878422e-02   8.3527885e-02   3.5729064e-01  -5.3307788e-02   9.0885216e-02   2.5491035e-01   1.2698322e-01  -3.3230630e-02  -1.1541753e-02   2.3226717e-01  -3.1512658e-01   3.4999365e-02  -6.4991817e-02   7.3553821e-02   1.6260957e-01   1.2121878e-02   1.0176407e-02  -1.2664998e-01   1.6812238e-01  -4.0094151e-02   1.5024306e-01   5.3903693e-02   1.0436180e-01   2.4620094e-02  -4.4310131e-02   1.1072588e-01  -1.5704275e-01   3.1084012e-02   2.1788944e-01  -8.4147575e-02  -1.2210576e-01   2.2621616e-01   1.2370508e-01   4.5780562e-02  -2.0354353e-01  -5.2335597e-03   2.5798482e-02   8.6129854e-02  -1.0296779e-01  -1.2663267e-01  -8.3504954e-02  -6.2342227e-02  -2.5911071e-01   2.5921538e-01
  -1.9330303e-01   3.2813073e-01  -3.0954806e-02   7.5482574e-02  -3.2304378e-02  -1.8905928e-01   3.1278219e-01   1.1146143e-01   0.0000000e+00   2.7484903e-01   7.0363339e-02   6.3485500e-02   1.1869447e-01  -3.4053244e-01  -1.8812046e-01   3.6601444e-02  -1.0241507e-01  -5.4488664e-02  -7.2067470e-02   9.1503753e-02  -9.2069167e-02   1.5082526e-02  -1.0098314e-01  -2.0465660e-01   2.8745002e-02   2.2939389e-01   3.2790674e-01  -1.0857156e-01   1.0452425e-01   3.9574225e-01   3.0970159e-02   1.0272427e-01  -3.4741967e-03   1.6412496e-01   2.3023771e-01   1.0460832e-01  -1.3046797e-01  -1.4763563e-01   3.0378259e-01   1.7595141e-01  -2.6309995e-02  -7.0873912e-02   4.8333138e-01   2.1670262e-02   3.6306248e-01  -1.2371014e-01  -1.5654069e-01   2.1475544e-01  -3.4634352e-02   3.7388635e-02  -4.4445280e-02  -1.4058944e-01   1.9296425e-01   1.9395542e-02  -9.1096684e-02  -1.4726733e-01   7.3981290e-03   1.7500449e-01  -1.0996311e-01   2.4513044e-01  -2.7782784e-01   2.8297824e-02   5.0649770e-01   2.8675184e-02   2.2800041e-01   2.7793281e-01   2.5495700e-02   2.7752500e-01   9.4994500e-02  -8.6780327e-02   3.1667232e-01  -6.0489751e-02  -6.3864000e-02  -3.8850528e-01   4.6810051e-01   1.1351117e-01  -2.7616867e-01  -2.4044154e-01   1.3603050e-01  -7.1373310e-02  -7.3926127e-02  -1.6468928e-01  -2.2458014e-01   9.0499617e-02  -3.0834607e-01  -7.2942005e-02   2.3466538e-01  -1.8669760e-01   1.6887839e-01  -2.2872885e-01   9.8194229e-02  -3.0785605e-01  -1.6747395e-01   3.5289009e-01  -1.6024271e-01   1.0506760e-01   1.4262602e-01  -6.3359898e-03   6.4041976e-02  -1.5404337e-01  -2.3957578e-01  -1.9470038e-01  -9.8389944e-02   2.3935461e-01   2.4804774e-01   1.7777303e-01   9.5540117e-02  -5.2232080e-02  -2.4854713e-02  -2.3282694e-01  -2.2566056e-01  -5.7119573e-02   1.9247854e-02  -2.8240723e-01  -1.2580737e-01   2.0526233e-01  -1.2269840e-01  -5.8790743e-02  -2.9611183e-01   4.5587350e-03  -2.6145494e-01   4.2334855e-02   4.1881300e-01   3.2951576e-01  -1.5101049e-01  -5.8675001e-01   1.4011294e-01   2.5451101e-01   3.1474749e-01  -2.6747607e-01   2.3610560e-01   1.0846722e-01  -3.6871068e-01   1.0776018e-01   1.0603940e-01   3.3889654e-02   1.5767066e-01   2.5298646e-01  -2.2321345e-01  -2.8011586e-01  -1.0761718e-01   8.3764323e-02  -1.8779711e-01  -1.5395802e-01   5.7196174e-02  -1.5150015e-04  -9.2409014e-02   5.3097473e-02   4.2941250e-02  -1.3584468e-01  -1.9695855e-01   1.1993827e-01   4.8803574e-03   3.2614602e-01   2.2523064e-01  -9.7799526e-02  -1.8680983e-01   1.5471156e-01  -2.7626024e-01  -2.2525052e-01   1.0517382e-01  -5.6122982e-04   1.7427176e-01   2.8364437e-01   2.2399749e-01   3.4610692e-02   2.0182316e-01   7.2572640e-02  -2.9404655e-01  -9.2708140e-02   2.4560110e-01  -1.2987634e-01   9.3693092e-02   1.8883193e-01   9.3274705e-02   8.4578387e-02   2.2126555e-01
   3.3667579e-02  -3.2869743e-02  -7.7082028e-02  -8.7228946e-02  -6.9107684e-02   3.7589576e-02   2.9398299e-01  -1.6338252e-01   2.7484903e-01   0.0000000e+00  -4.4227629e-01  -6.5659057e-02  -1.9987375e-01   8.0085491e-02   1.0427328e-01  -2.2462513e-01  -8.6547837e-02  -2.2822885e-01  -2.1460807e-01   8.1226427e-03   9.2617726e-02  -1.4642116e-01   1.6902017e-01  -1.0863520e-01   9.6079496e-02  -1.2756053e-01   9.8600684e-02   5.3580019e-02   2.4552903e-01  -5.3365894e-02   1.3333064e-02  -6.9135063e-02  -1.8152713e-01   3.9707362e-01   4.7890198e-01  -7.8917588e-02   3.8950864e-01  -1.9178783e-01   7.4433232e-02   1.5520339e-01  -2.3628629e-01  -7.2178533e-02   8.2397492e-02  -6.1868062e-02   2.2884297e-01  -7.2665607e-02  -4.9393012e-01   2.8720832e-01   2.6680322e-01  -9.1447813e-02  -1.4111430e-01  -1.5019979e-01   1.7993736e-01  -2.2525073e-01  -6.9342177e-02  -3.6767807e-01  -1.1495105e-01  -1.6048366e-01  -1.6061518e-02   5.8950803e-02  -1.6610468e-01   1.2904416e-01   1.0049531e-01  -8.1668379e-02   7.4718918e-02   3.5187102e-01   2.8520106e-01  -1.5000520e-03  -3.7152949e-01  -1.2636353e-01   2.9904767e-01  -2.1913892e-01   2.2271094e-02  -2.2197597e-01   2.0832914e-01  -8.1326914e-02  -1.5491280e-01  -1.2868385e-01   6.7383859e-02  -1.1741389e-02   5.5762656e-02   6.1539686e-03  -1.4842982e-02  -2.0263521e-01  -3.5409953e-02   1.0010354e-01   5.0802969e-01   1.5273302e-01   2.3692712e-02  -1.4165070e-01  -1.8917356e-01  -2.8664664e-01   4.2145547e-01   1.5709653e-01  -1.5000065e-01  -8.5401981e-02  -1.2536858e-01  -2.1887198e-01   8.1504094e-02   2.7657333e-01  -9.5459172e-02  -1.7828347e-01  -7.8608446e-03  -1.0534175e-01  -2.8851678e-01  -2.9158852e-02  -2.0949267e-01  -3.8481522e-01   3.2005426e-01  -1.1735626e-01   1.8483628e-01  -1.7656457e-01  -1.0676915e-01  -1.0930269e-01   7.0149689e-02   7.4602004e-02  -1.2907911e-01  -8.2479940e-02   1.7243193e-02   9.9386234e-03  -1.3816071e-01  -1.4651176e-01  -1.0044925e-02   2.1821865e-01  -5.8660191e-02  -1.7319273e-01   2.4024685e-01  -1.1232262e-02  -1.5534006e-01  -8.4454225e-02   6.5445745e-02   8.9836034e-02  -2.5765035e-01   3.6744047e-01  -2.6518967e-01  -1.4857255e-02  -4.5933285e-02   2.7164365e-01  -1.5480958e-02  -1.3134083e-01  -5.9952971e-02   1.4196160e-01  -4.8955045e-01   1.7014900e-01   2.4943503e-01  -1.3731161e-01   4.8695403e-01  -9.1947922e-02   1.2278171e-01   1.5331871e-01  -1.7686989e-01   1.1598080e-01  -3.3956466e-01  -2.7040298e-01   1.5702889e-01  -2.1807109e-01  -5.2297634e-02  -2.1943321e-01  -8.3397710e-02  -2.4321991e-01  -4.3294731e-02  -3.2471513e-01   3.6569595e-01  -2.3644957e-01  -1.2286845e-01   2.9607535e-01  -1.3627815e-01  -8.2642561e-03  -2.3522906e-01   1.0962288e-01   1.2904661e-01   3.3780822e-02  -9.3827517e-02   1.8259303e-01  -4.7396428e-02  -9.3016850e-02  -1.5355710e-01
  -1.8384597e-01   1.6852957e-01  -2.1211096e-01   1.5821457e-01  -2.7323243e-01  -3.3753210e-02  -8.9189917e-02   8.0988167e-02   7.0363339e-02  -4.4227629e-01   0.0000000e+00   3.0022462e-01   1.6466951e-01  -1.2153129e-01   3.9505285e-03   9.5155173e-02  -2.3503207e-01   2.9504867e-01   2.8956555e-01  -3.0583039e-01   1.6991884e-01   4.6437432e-01   4.1542327e-02  -2.1765326e-01   1.1728375e-01   8.5856361e-02  -6.8835981e-02  -6.4063779e-02  -9.8959345e-02   3.5048244e-01  -1.0439558e-01   4.8862454e-01   3.1005569e-02  -7.5144905e-02  -4.6074409e-01   1.4154269e-01  -2.1201984e-01  -1.0033178e-01   2.2375766e-01  -3.3735493e-01   2.1842728e-01  -3.1162438e-01   4.3268191e-02   1.3827341e-01   8.4826232e-02   3.7779495e-02   5.0294320e-01  -1.7554970e-01  -3.5760389e-01  -3.5056568e-01   3.8296481e-01  -3.5582004e-03  -2.4824501e-01   9.8841746e-02   7.1786067e-02   3.0032114e-01   3.7441700e-01   1.9890841e-01   9.9011845e-02   1.0257282e-01  -1.9030199e-01  -1.7898534e-01   5.0182853e-02   1.2327560e-01   1.0123300e-02   2.2634829e-01  -5.5572012e-02   2.2081507e-01   6.8975611e-01   1.3807826e-01  -2.8638039e-01   4.0783743e-01   2.0948093e-01   1.2266025e-01  -3.7920658e-02   4.8997201e-03  -4.5178154e-02   2.3492251e-01  -2.3114034e-01  -2.6997766e-01   2.3389163e-02   6.2483949e-02  -3.6520463e-02   1.8819946e-01  -8.6470713e-02   1.7933539e-02  -1.5093774e-01  -2.9708890e-01   9.0800225e-02  -1.6994921e-01  -1.6451243e-01  -8.5845457e-02  -5.9737667e-01   4.6937165e-02  -1.2776961e-01  -4.2036157e-02   1.7030245e-01   3.9956044e-01   5.0767591e-02  -7.2772611e-02   1.1851761e-01   2.0361251e-01   3.0880600e-01   1.8333767e-01   5.4996328e-01  -7.5740786e-02  -6.0714305e-02   4.6969472e-01  -1.9411157e-01   4.4879583e-01  -6.0266394e-02   4.6857507e-01   1.9779779e-01  -1.8329231e-01  -2.6565349e-02  -1.9159180e-01  -4.1158512e-02   1.0663262e-01  -8.6432808e-02   9.7740685e-02   3.8219077e-02   3.6883521e-03   4.0259703e-02  -1.1515786e-01  -3.1627132e-02  -4.7134721e-02  -1.3567578e-01  -1.6492049e-01   3.6170568e-01  -1.5078547e-01   2.8685862e-01   5.4597763e-02   2.5037782e-01  -2.5289333e-01  -1.8201595e-02   8.9055006e-03  -5.4445151e-02  -1.3685119e-01   8.4074485e-03  -2.1682420e-01  -1.6608399e-01  -1.4427691e-01   6.2439299e-01  -1.6887362e-01  -5.4681926e-02   4.6800611e-01  -5.2012970e-01   1.5200794e-01   3.2613007e-01  -5.4934771e-02   1.2317619e-01  -1.0084362e-01   1.1342753e-02   2.6518496e-01  -3.3553204e-01  -2.1831506e-01   5.4543113e-03   2.1258824e-01  -1.7859879e-01   4.7603761e-01   4.8071350e-02   6.5656885e-01  -6.2092027e-03   6.3152815e-01   3.8625707e-01  -2.9854653e-01   2.4603714e-01   1.9634515e-01  -6.5853008e-02  -3.9629099e-01  -1.9891849e-03  -3.0971543e-01   2.4494623e-01  -2.6188000e-02   3.0746032e-02  -1.5572906e-01   2.2349514e-01
  -1.7193255e-01   3.5511348e-01   2.0640532e-01   3.0055727e-01  -7.6235840e-02   1.2688993e-01   7.1799564e-02  -4.1515786e-02   6.3485500e-02  -6.5659057e-02   3.0022462e-01   0.0000000e+00   3.1697318e-02   1.4096148e-01  -1.3236596e-01   7.7550249e-02   1.2689175e-01   1.5546027e-01   3.7654264e-01   2.8437821e-02   8.2786255e-02   2.8698756e-01  -1.6780231e-02  -2.2464156e-01  -4.1787700e-02  -3.5142316e-02  -1.9109371e-01  -2.6635437e-02   9.9473952e-03   3.2267412e-01  -8.4075619e-02   2.8040230e-01  -1.0064807e-01  -5.6645130e-02  -1.7839369e-01   8.9018185e-02  -3.0697121e-03  -2.7233034e-01   1.2647162e-01  -1.5628627e-01   5.0399922e-02  -1.6438748e-01  -3.6754154e-01   3.1821889e-01  -9.1989309e-02  -1.7255015e-01   2.1023722e-01  -2.1383727e-01  -4.0666578e-01   1.1095679e-01   3.6776842e-02   1.6725253e-02   4.1568807e-02   8.1368393e-02   2.0699350e-01  -1.2329260e-02   1.5926781e-01   1.9414118e-01   2.6362656e-01   2.4746937e-01  -1.7420590e-01  -3.0657016e-01  -6.4786176e-02   3.5370208e-02  -3.1699015e-02   1.1775399e-01   1.1131836e-02   9.5370983e-02   1.9870891e-01   1.2376676e-01  -3.4953735e-02   1.1645588e-01   1.9781812e-02   1.7561082e-02   5.6222999e-02   1.5279973e-01  -2.0867921e-01  -1.3585878e-01   1.0563220e-01  -5.6165072e-02  -5.7973191e-02  -7.5829729e-02   8.6894677e-02  -1.3371406e-01  -5.0289932e-02  -2.9095818e-02  -1.0401841e-01  -1.5431070e-01  -4.1425114e-02  -1.8100646e-01  -1.5802663e-02  -1.1254967e-01  -1.8885243e-01   3.1390949e-01  -2.1255945e-01   5.3057785e-02   2.4228144e-01  -1.0949185e-01   9.2100760e-02  -2.2702693e-01   1.2709382e-01  -1.3680423e-02   2.5861479e-01   3.2889767e-01   2.0928235e-01  -9.6196144e-03   5.9937136e-02  -1.9778368e-02  -2.9734214e-01   2.8203472e-01  -7.2503701e-02   1.7196659e-01   1.6204883e-02  -1.6579981e-01   4.0669993e-02  -9.4870745e-02   1.4641659e-02   7.1876543e-02   1.3743197e-01   2.1774177e-01  -1.8403140e-01  -6.1140213e-02   4.1733641e-03  -5.9027576e-02  -1.2423396e-01   4.4218736e-02   4.6071046e-02   7.7987502e-02  -1.2317494e-02   1.3724767e-01   1.4589598e-01  -8.5263660e-02   2.2975561e-01  -3.8454458e-01   8.5757239e-02   8.3654012e-02  -3.9390259e-02  -4.6462903e-02  -1.4306587e-02  -2.2717407e-01  -1.9718486e-01  -2.9915689e-03   1.1534903e-01   1.2214383e-01  -3.9914125e-02   2.1171632e-01  -1.5041055e-02  -4.9934734e-02   9.6105287e-02  -1.2252668e-01   1.2980096e-01  -7.1063917e-02  -1.0243080e-02  -4.9625061e-02   3.0983103e-02  -1.1982838e-01  -2.2706570e-01  -1.4906566e-02  -1.5559727e-01   2.1023871e-01  -9.6958010e-02   1.3492409e-01   1.0719164e-01   2.9255894e-01   1.7773589e-01  -2.6038999e-01  -6.8012682e-02   6.6339367e-02  -7.3901264e-02  -2.1267991e-01  -1.7518831e-01  -3.9311117e-01  -3.2184396e-02   2.8638665e-01   8.7327487e-02   4.7270259e-03   2.8187716e-02
  -2.5297144e-01   7.0159972e-02   9.1938334e-02   2.4709496e-01   1.5617701e-01  -1.9060252e-01   1.5456302e-01  -1.3837827e-01   1.1869447e-01  -1.9987375e-01   1.6466951e-01   3.1697318e-02   0.0000000e+00  -1.8252755e-01   4.3242352e-02  -5.0134611e-02  -4.4656015e-04   2.9719392e-02  -8.4595102e-02   1.7342254e-01   1.2546999e-01   1.6017597e-01   1.8458799e-01  -1.2470395e-01  -2.0029316e-01   1.1376877e-01  -7.0970485e-03  -1.3035775e-01   1.5277277e-02   2.1614331e-01   8.6395174e-02  -1.0767582e-01   4.9446799e-02  -7.2610247e-02   1.4215453e-01   6.2498052e-02  -5.0966529e-01  -5.5807115e-02  -8.9407476e-02  -6.4116817e-02   6.4301241e-01  -7.1512112e-02   1.7761513e-01  -8.1311982e-02  -1.0423283e-01  -9.9732948e-02   2.0479489e-01  -1.3289352e-02  -9.3719422e-02   2.9339391e-02   2.9325745e-01  -5.9620432e-02  -5.2650430e-02   1.7308930e-01   1.1060470e-01   1.5734545e-01  -5.5658577e-02   1.4903896e-02  -1.0641594e-01   4.2383307e-02  -9.8508561e-02   5.5978248e-03   1.9500542e-01  -1.4278709e-01  -2.0304335e-01   1.4560360e-02  -1.9143758e-01  -1.1296825e-01   6.2876788e-02  -3.5436332e-02  -1.9366262e-01   1.0520242e-01   8.4976341e-02  -1.0624217e-01   2.0147771e-01  -4.7575258e-02   3.1831888e-02  -2.8227506e-01  -3.2233053e-02   9.9985391e-02   3.5155465e-02   8.4652726e-02   3.3833587e-02  -1.0752145e-01  -2.6719689e-01   6.5530339e-02  -2.1928443e-01   4.8085730e-02  -8.8316637e-02  -2.8460428e-01  -6.2876151e-03  -1.5562858e-01  -2.3665597e-02  -8.9694262e-03  -1.0565913e-01   7.8632848e-02   8.8926000e-02   2.4111606e-02  -1.4109529e-01   5.3639667e-03  -7.0827610e-02  -1.1207315e-01   9.9538660e-02   2.3676140e-01   2.6859638e-01  -1.6245818e-01   2.6960966e-01  -5.5385052e-02  -6.4366140e-03   6.5373811e-03   1.3449615e-01   1.4202901e-01   7.4972788e-02  -2.8013492e-01  -2.3599076e-02  -3.3132242e-02   1.8536095e-02   2.7571071e-01  -1.5699779e-01   1.4380988e-01  -8.3440483e-02   2.2551366e-03   9.7623187e-02   6.3481670e-02  -9.4324300e-02  -1.4214367e-01   1.0959172e-01   2.3152979e-01   1.6456294e-01  -1.0476167e-01  -5.9865475e-02   5.1235205e-02  -5.8326709e-02  -2.0888201e-03   4.0844034e-01  -2.4117687e-01   1.0817436e-02   1.0429175e-01  -1.4244238e-01  -1.9941382e-01  -6.7520025e-02  -1.3347237e-01   6.9527947e-02   1.8824234e-01   5.6623037e-02   1.1317646e-01   6.9571084e-02  -5.9913811e-02   7.7450462e-02   5.4205181e-03  -1.2228694e-01   1.0097321e-01   1.2476726e-02   1.4002937e-01  -1.2696851e-02  -1.4742406e-01  -1.2764618e-01   2.3574582e-01  -1.8962556e-01   1.5901521e-01  -8.4808283e-02   7.1628603e-02  -2.1408926e-01   2.5772576e-01   1.6266655e-01  -7.3406833e-02   5.8745965e-02   2.0545582e-01  -1.7591764e-01  -2.2075693e-01  -1.7057302e-01  -1.5630179e-01   1.3701138e-01   9.3676790e-03  -9.1907212e-02   4.3838106e-02   1.5420894e-01
   6.3203354e-01  -3.6876651e-01   1.8013351e-02  -2.5168360e-01  -2.1004276e-01   1.4964091e-01  -1.8325381e-01  -1.8121219e-01  -3.4053244e-01   8.0085491e-02  -1.2153129e-01   1.4096148e-01  -1.8252755e-01   0.0000000e+00   1.5408192e-01  -8.2996454e-02   3.3224431e-01  -8.9267789e-02   4.7538817e-02  -2.6167601e-01   6.6310729e-03  -3.6251599e-02   5.0853714e-02   4.6168834e-01   2.5694684e-02  -4.2889448e-02  -3.6395943e-01   5.6513152e-01  -1.4568889e-01  -2.3650099e-01  -4.3195443e-02  -1.5027731e-01  -2.5659039e-02  -1.3953445e-01   8.5739318e-02  -3.4315317e-01   1.1577951e-01   3.0946714e-01  -1.3271485e-01  -2.4839632e-01  -1.8531442e-01  -1.4021775e-02  -3.7441640e-01   9.8530181e-02  -2.2188065e-01   3.1030612e-01  -7.7988344e-03  -2.1350518e-01   1.3236792e-01  -4.7911677e-02  -4.2011555e-02  -5.9544100e-02  -1.6725534e-01  -1.2920973e-03   1.2699927e-01  -1.0807088e-01  -1.1300347e-01   2.3222301e-02  -1.9678023e-01   2.3003370e-02   4.7363676e-01  -6.8180487e-02  -2.6982057e-01   1.8696958e-01  -2.7911255e-01  -1.8222347e-01  -2.1086440e-01  -3.4071682e-01  -2.3123849e-01   2.5771783e-01  -3.3707824e-01  -1.1783665e-01  -3.9875186e-02   5.5131667e-01  -2.1539488e-01  -4.9269477e-02   4.0296125e-01  -2.0837252e-01  -1.8169271e-01  -1.3313378e-01  -4.4212209e-02   8.8079771e-02   5.6510470e-02  -3.5058629e-01   5.8321511e-01   8.2083751e-02   7.3293488e-02   3.6778647e-01  -3.0785086e-01   5.1580439e-01  -2.3629657e-01   5.1263247e-01   1.1107438e-02  -1.2014809e-01   3.2765720e-01  -3.4290093e-01  -2.7598298e-01  -4.9340804e-01  -4.1191980e-02   9.2596892e-02   4.1626374e-01   4.0221012e-01   1.3738832e-01   8.5093752e-02  -1.0999758e-01   8.6417477e-02  -1.2817072e-01  -4.4793264e-01   1.0661141e-01  -4.0697023e-02   4.2538607e-02  -3.7865969e-02  -6.7704806e-02   6.0560964e-01   3.2510530e-01  -3.9103695e-01  -1.0819298e-02  -1.4117128e-01   5.8186528e-01   9.3463598e-02   4.0686681e-01  -2.3045433e-01  -3.5590729e-01  -7.3080419e-02   3.9132165e-01   6.2297500e-01   1.4591026e-01  -7.3427577e-02  -1.2411077e-01   2.9680546e-01  -1.6044635e-01  -1.0443918e-01   4.6957084e-01  -1.1370415e-01  -3.3347337e-01   1.6867138e-02  -3.5521959e-01  -2.3538789e-02  -6.6499044e-03   4.0267326e-01   5.1152631e-01   9.8440809e-02  -2.1013871e-01   1.6405671e-01   2.6080260e-01   6.8376534e-02   1.3934843e-01  -3.1664341e-01  -1.5091113e-01   1.5261713e-02   5.2049639e-01   5.4875177e-02   2.7005211e-01  -3.7534220e-01  -3.1223226e-01   2.5307971e-01   4.1101874e-01  -3.1531011e-01   4.8251381e-01   1.6299950e-01  -1.5510383e-01  -2.5683754e-01  -1.7928821e-01  -1.3968155e-01  -1.1981127e-01  -2.7793090e-01  -2.4139788e-01  -1.9540009e-01   5.2484344e-01  -4.7729372e-02  -2.4132380e-01   1.9655112e-01  -3.4966253e-01  -1.5671607e-01  -1.1848657e-01  -2.1034041e-01  -1.1053653e-01
