   0.0000000e+00  -3.9510986e-01  -1.4260942e-01  -1.2248483e-02  -2.9326068e-01   3.1617852e-01  -2.1133196e-01   2.4762671e-01   1.2007145e-01  -8.4232589e-02  -3.9985417e-01  -3.9561600e-01  -3.5052415e-01   3.1188716e-01  -1.9871793e-02  -4.3400189e-01  -1.4484639e-01  -5.7332284e-02   1.8690829e-01  -3.4893962e-01  -1.7765951e-01   4.1214275e-01  -2.5613904e-01   3.7447654e-01   7.1746302e-02   6.5276185e-02  -6.4491524e-02   3.2776304e-01  -4.1735120e-02   3.4893801e-02  -2.2535273e-01   3.0118416e-01   2.8663156e-02  -5.0475919e-02   2.8070862e-01  -4.1427983e-01  -1.3608278e-01   4.1760564e-01  -4.0412068e-01  -3.4725416e-01  -4.8744914e-01   1.1701072e-01   2.3548865e-01  -1.4169481e-01  -1.8145831e-01   5.4275207e-01  -4.3760526e-01  -3.6946704e-01  -1.8043370e-01  -2.4669823e-01   3.8029752e-03   8.8617783e-02  -2.6808004e-01   3.3446458e-02  -1.8564986e-01  -1.5015557e-01   8.7782088e-02   2.2948513e-01  -2.4485583e-01   2.5164604e-01   4.3775224e-01  -2.5445926e-01   2.9657861e-01  -1.2131751e-01  -2.7740738e-01   4.9753366e-02   1.9888318e-01   9.6232659e-03   1.8254403e-02  -4.1149456e-02  -3.7042811e-01   1.2822884e-01  -3.7212485e-01   2.3113846e-01   7.9239666e-02   1.7747643e-01   5.5830722e-01   5.5169769e-02  -3.3919033e-01  -4.0924125e-02   3.6047947e-01  -2.8144559e-01  -3.5802426e-01   2.9751902e-01   1.7564188e-01   2.3669114e-01   1.3325494e-01   3.5549411e-01   5.6077139e-02   5.2141777e-01  -1.7886539e-01   4.2124232e-01  -1.9267310e-01   2.6589437e-01   3.7568617e-01  -3.7875325e-01  -1.8947121e-02   1.9358217e-01  -3.7174475e-01  -3.3307775e-01   3.7456208e-01  -2.8760628e-01   2.2513954e-01  -1.0205064e-01   2.1417721e-01   2.7421179e-01   7.3825991e-02   2.5868965e-01  -4.1520576e-01  -4.5143046e-02  -3.0866071e-01   1.9530922e-01   1.1896487e-01   4.3011988e-01   4.9692920e-01  -2.7345546e-01   3.8483339e-02  -3.8639107e-01   3.7081957e-01   8.4210517e-02   4.0389566e-01  -3.3031173e-01   1.8936508e-01  -2.4030937e-01   5.2678394e-01   2.1170666e-01   3.7148949e-02   1.1435212e-01   2.5380573e-01  -3.0748776e-01  -4.0374835e-01  -5.0515504e-01   2.6164911e-02  -3.0170888e-01   2.2914924e-01   1.6698734e-01  -4.9910486e-02   3.6361481e-01   1.2828272e-01  -9.1637280e-02   3.5889726e-01  -2.0771043e-01  -1.4956209e-01   3.4034298e-01  -9.8123679e-02  -1.6583952e-01  -2.8328557e-01  -1.7089153e-01  -1.1570315e-02  -4.5034339e-01   2.1264545e-01   3.6290730e-01   3.1155926e-01  -2.5537214e-01  -2.8866218e-01   5.3968962e-01   4.4724857e-01  -1.4003314e-01   4.5885298e-01   2.5483922e-01  -2.0097351e-01  -1.7496791e-01  -2.3162523e-01   1.7829059e-01   1.4884579e-01  -2.4520990e-01  -2.0853776e-01   2.9657055e-02   4.3570969e-01  -2.2681821e-01  -1.3858887e-01   2.1078837e-01  -7.4752943e-02   1.9048722e-01   1.3661479e-01  -2.6847880e-02   2.9844266e-01
  -3.9510986e-01   0.0000000e+00   3.6500527e-01  -1.3978217e-01   1.5256274e-01  -4.3143967e-01   1.0676327e-01  -1.8016606e-01  -1.8740845e-01  -9.9196148e-03   2.3607317e-01   5.1032258e-01   1.0788876e-01  -3.6348729e-01  -2.2483004e-01   1.7050967e-01   3.9702951e-01  -3.1812159e-01  -1.1790314e-01   2.3382825e-01   3.1053139e-01  -3.5521255e-01   1.8976915e-01  -2.6666163e-01  -2.5852356e-01  -5.4918624e-02  -1.9935415e-01  -2.9631359e-01   4.9710607e-02  -1.7567480e-01   1.8288732e-01  -3.2480652e-01  -1.7078389e-01  -1.6484436e-01  -1.7118787e-01   1.4359888e-01   5.0689421e-01  -2.8607958e-01   2.4599174e-01   2.7766236e-01   2.4372169e-01  -1.8368993e-01  -3.5479155e-01   1.6604230e-01   2.1782563e-02  -3.6013903e-01  -1.1765480e-01   4.1304392e-01  -1.6030944e-02   2.7990001e-01  -3.0672965e-01  -2.1566807e-01   5.6515374e-01  -1.5692357e-01   7.7070314e-02  -5.9353993e-02  -1.2513826e-01  -3.2978811e-01   7.2238686e-02  -5.2360143e-01  -3.4979345e-01   6.6720470e-02  -2.9797988e-01   4.5859991e-01   3.2548809e-01  -3.3741719e-01  -3.2740769e-01   5.2582054e-02  -3.6278107e-01   8.5359248e-02   3.2577531e-01  -3.3483503e-01   3.2318814e-01  -1.0397353e-01  -2.0116483e-01  -1.7756054e-01  -3.9152864e-01  -1.8031978e-01   4.8743064e-01  -2.1047397e-01  -4.3902776e-01   6.1855062e-02   5.4345383e-01  -2.2908846e-01  -3.9918594e-02  -3.6061207e-01  -2.2955678e-01  -4.1465448e-01  -2.8353040e-01  -3.1737199e-01   2.0931020e-01  -4.8241859e-01   2.4861106e-01  -2.4794143e-01  -3.7157612e-01   4.1982654e-01  -3.1535673e-02  -2.4874846e-01   1.4624942e-01   4.1770949e-01  -1.8060340e-01   5.0881689e-01  -1.2233287e-01   3.6790590e-01  -4.7264233e-01  -3.2279047e-01  -1.6049157e-01  -3.8005714e-01   3.4758234e-01  -1.3268103e-01   4.5138897e-01  -3.1158643e-01  -3.0161087e-01  -2.8678567e-01  -3.3036189e-01   5.3063514e-01   5.1156544e-03   3.8660405e-01  -2.1991643e-01  -3.2871417e-01  -2.3933065e-01   4.0413736e-01  -2.4734996e-01   2.7374122e-01  -3.7402205e-01  -3.0530121e-01  -3.8674209e-01  -3.2015731e-01  -2.7795856e-01   5.5210612e-01   1.8505572e-01   4.1020654e-01   3.8313935e-02   3.6501810e-01  -2.5814130e-01  -2.9347495e-01  -1.6902659e-01  -3.2591786e-01  -2.7222054e-01  -1.1626433e-01  -2.5792067e-01   1.7968731e-01  -1.3375815e-01  -3.6355394e-01  -2.0702066e-01  -1.2514520e-03   3.0064511e-01   1.3429207e-01  -1.0406080e-01   7.1265171e-01   7.0537328e-02  -3.3782103e-01  -2.1857479e-01   3.6168224e-01   3.7797257e-01  -1.7505228e-01  -3.2111488e-01  -4.3771064e-03  -4.3871670e-01  -3.1731295e-01   4.4063585e-02   2.1761254e-01   4.6874022e-01  -3.3066820e-01  -3.1380500e-01   4.9954265e-01   2.6554268e-01   5.5872233e-02  -1.8871753e-01   4.2005498e-01   1.7727179e-01  -1.2703331e-01  -1.1219048e-01  -2.9461458e-01  -1.6187265e-01   2.1865248e-02  -3.7062348e-01
  -1.4260942e-01   3.6500527e-01   0.0000000e+00  -2.9820276e-01   2.6299811e-01  -1.8436160e-01   6.7138859e-02  -1.7816405e-01  -3.3628796e-01   8.8670522e-02   4.4695235e-02   4.6651988e-01   3.3816073e-01  -1.4090993e-01  -1.4210875e-01   5.7170375e-02   5.7752686e-01  -3.4305243e-01  -1.5489755e-01   5.2307041e-01  -1.1851445e-01  -2.7399410e-01   1.6863125e-01  -9.6003833e-02   1.5032701e-02  -1.1557982e-01   2.0631445e-02   1.5313355e-04   8.4972938e-02  -2.1877379e-01  -6.6763471e-02  -3.2162724e-01  -2.6778481e-01   2.6475442e-02   8.6052834e-02   1.9971235e-01  -1.5202248e-01  -1.8429264e-01  -5.4973064e-02   3.5552364e-01   1.5831212e-01   1.7782496e-02  -1.3697269e-01  -8.9126366e-02   2.0652555e-01   1.9306719e-02  -1.0446012e-01   1.8123949e-02   1.4133544e-01   4.0028635e-01  -2.7106083e-01  -2.0043710e-01   1.9024553e-01   6.1183790e-02   1.4609374e-01   8.1161126e-02   4.9490429e-02  -2.9386023e-01   1.3374322e-01  -1.1156656e-01  -3.5644913e-02   1.9637113e-01  -1.0338115e-01   8.1749396e-02  -4.9710931e-02   8.7638231e-02   1.0084996e-01   1.7715793e-01  -2.3384039e-01   2.4002185e-01   2.0789628e-01  -3.4127255e-01   4.1932236e-03   5.1090940e-01   1.3062656e-01  -2.0863213e-01  -3.7262503e-02   3.1551635e-02   4.8935265e-01   8.2785722e-02  -2.3586947e-01   6.0563864e-02   3.4403392e-01  -1.9573702e-01   2.0537141e-01  -2.5342335e-01  -1.6975994e-01  -2.2515684e-03  -4.0317993e-02  -6.4337797e-02   2.7020705e-01  -7.3971955e-02   5.6836920e-01  -2.1655797e-01  -2.6608132e-01   5.6995406e-01  -9.8172855e-02  -2.4346968e-01   1.3608934e-01   3.0453044e-01  -4.8737538e-02   4.0970602e-01  -1.2776371e-01   1.4478551e-02  -2.6727038e-01  -2.9203883e-01   1.0700940e-01  -2.9033219e-01   2.9943439e-01  -1.0563940e-01   5.8116946e-01  -1.6458293e-01  -1.1163806e-01  -2.3831077e-03  -3.9209643e-02   2.8625449e-01  -9.8417381e-02   2.8149533e-01  -1.5972663e-01  -2.7100286e-01  -1.3420433e-01   5.9228318e-01   1.5104921e-01  -7.8455508e-02  -7.4937947e-02   1.3718233e-01  -1.1605925e-01  -1.9255245e-01  -3.8645534e-01   3.8330158e-01   9.2084384e-02   1.7715344e-01   4.0718602e-01  -8.5285948e-02  -2.2057420e-01  -3.1603787e-01   1.1311885e-02  -1.5954457e-01  -2.6136685e-01  -9.4949156e-02  -1.0779171e-01   3.9025322e-01  -7.1447373e-02  -9.4369223e-02   5.5973189e-02  -5.2886806e-02   2.0404321e-01  -9.2248180e-02  -9.5672292e-02   2.5947909e-01   9.6377867e-02  -2.2521961e-01  -1.0687797e-01   7.9364045e-02   6.1544524e-01  -1.5031029e-01  -2.1585677e-01  -1.7550617e-02  -2.1176407e-01  -2.7667672e-01  -2.4696103e-01   4.9857166e-03   3.3364132e-01  -4.2977835e-01  -2.8590067e-01   4.4003009e-01   1.8681335e-01  -1.2546532e-02  -7.3696066e-02   4.9913964e-01   1.8768923e-01  -4.2454778e-02  -3.0925872e-01  -2.2372670e-02  -3.3390741e-02   2.2273263e-01  -2.1609371e-01
  -1.2248483e-02  -1.3978217e-01  -2.9820276e-01   0.0000000e+00   7.5794027e-03   4.0679377e-01  -1.8186755e-01   2.5844816e-01   2.6075957e-01  -2.0373965e-02  -1.0543603e-01  -2.5757517e-01   7.1054406e-02   1.5254967e-01   1.3594210e-02  -3.0417998e-02  -1.5218204e-01   1.8354606e-01  -5.3865817e-02  -1.8803346e-01  -1.6168906e-01   3.2806396e-01  -2.4619430e-01  -1.3318041e-02   1.0657183e-01   2.6055999e-01   3.9462064e-02   1.3614889e-02  -1.2891797e-01   1.7789822e-01  -1.0925181e-01   5.4799285e-01   3.2541600e-01  -1.1874673e-01   1.2048563e-01  -8.3114368e-02  -1.3334817e-01  -1.7375494e-01   8.6559531e-02  -2.4357806e-01   1.4844692e-01   9.6866783e-02   1.0941598e-01   7.2916809e-03  -2.6340156e-02   2.0563754e-02   5.7934008e-02  -2.2057470e-01  -3.3624717e-02  -1.9207040e-01   4.1677106e-01   1.5850867e-01  -2.1808383e-02   3.2464831e-01   4.7216870e-03  -3.6309359e-02  -1.9240401e-02   4.6616575e-01   3.0961104e-01   3.6517428e-01   1.9664778e-01  -1.8346302e-02   3.2462377e-01  -1.0093923e-01  -4.9852958e-02   5.3934387e-02   2.6797077e-01   2.8453951e-02   2.3160081e-01  -2.5640214e-01  -2.8415443e-01   3.6616075e-01   5.1032054e-02  -1.7773475e-01   1.9527314e-01   3.3738577e-01   7.6433768e-02   1.3962042e-01  -2.1831764e-01   3.3652064e-01   1.8292498e-01   3.6760904e-02  -2.6612030e-01   2.9761441e-01  -4.5972710e-02   4.3716073e-01   1.2393896e-01   3.7702009e-02   1.2384198e-01  -3.2710556e-03  -2.8339853e-02   3.0789169e-01  -1.7506514e-01   4.1104631e-01  -1.4474520e-01  -3.0959226e-01   4.0800642e-01   2.4592039e-01   7.1844965e-02  -4.2053230e-01   3.2415165e-02  -3.3050331e-01   2.2115156e-01   9.7311436e-02   3.0251084e-01   4.1821790e-01   2.7731687e-01   3.9399812e-01  -2.5747613e-02   1.2903537e-01  -4.0747351e-01   1.4759379e-01   2.5572917e-01  -3.4875326e-02  -9.0552320e-02  -1.5543608e-01  -1.8642299e-03  -1.2917360e-02   2.2285205e-01   5.5452850e-01   1.5632887e-01  -2.4453589e-01   4.4849311e-02   1.8122957e-02   9.4068269e-02   7.8832565e-02   2.2733746e-01   1.8192220e-01   4.4894597e-01  -2.7730080e-01   1.4377713e-01  -3.0236336e-02   1.0308831e-01  -2.1807608e-01   4.0516441e-01   3.6335103e-01   3.7584081e-01   1.1655828e-01   3.4229509e-01   5.8663976e-02   2.0440335e-03  -2.7298963e-02  -9.0512454e-02   2.7488869e-01  -1.1762987e-01   6.2721846e-02  -3.7412671e-01   1.0667217e-01  -1.9942220e-02  -2.7921423e-01  -1.9147037e-01   2.5150757e-01   3.3576898e-01  -8.6409273e-02  -1.4292454e-01  -7.0470778e-02   4.2535827e-02   2.7602677e-01   1.9801090e-01   1.3381951e-01   1.8336470e-01  -1.0151004e-01  -1.1248917e-01   4.2976839e-01   4.6160059e-01  -2.4165195e-01  -2.8023414e-01   1.1345379e-02   1.7300982e-01  -1.8345591e-01  -1.1306470e-01  -2.4054363e-01   1.5286718e-01   9.1955115e-02   2.2969567e-01   5.5870804e-02   4.1726690e-01
  -2.9326068e-01   1.5256274e-01   2.6299811e-01   7.5794027e-03   0.0000000e+00  -3.1434614e-01  -1.1606535e-01  -3.9414722e-01  -3.0391678e-01   1.4400770e-01   1.5541261e-02   2.5177788e-01   4.7771202e-01  -2.7825158e-01   3.1577513e-01   1.8574484e-01   1.6793279e-01   1.0310755e-01  -1.4440754e-01   6.6730382e-01  -2.7897239e-01  -3.3833144e-01  -6.4329739e-02  -1.3749823e-01  -3.8404702e-02  -1.2026655e-01  -1.3721512e-01  -2.5749722e-01  -7.5494928e-02   1.9585640e-01  -6.4359312e-02  -1.2294704e-01  -1.6856015e-01  -5.2665297e-02  -1.2088121e-02   6.8181804e-01  -2.9697906e-03  -1.4269814e-01   1.7721115e-01   1.7560507e-01   4.4745109e-01  -2.5884990e-02  -5.7284078e-02  -3.6655462e-01   3.4542686e-01  -3.2976573e-01   2.7727645e-01  -1.7232047e-01   9.8312036e-02   1.0722409e-01  -1.1504734e-01  -3.8462912e-01   3.1646376e-01  -1.4144750e-01  -1.3996158e-01  -1.1341009e-01  -1.0312977e-01  -2.9689412e-01   2.0202841e-01  -2.3444301e-02  -3.6710313e-01   4.4199842e-01  -7.2288585e-02  -1.7468729e-02   2.9851295e-01   1.4364453e-01  -2.5380014e-01   8.1259732e-02  -1.0078566e-01  -1.7633359e-01  -1.8952382e-01   3.7889193e-04   3.8906045e-01   5.1933034e-02  -5.9518631e-02  -2.4364481e-01  -3.1809396e-01  -1.7173796e-01   6.7420734e-01   1.5256360e-02  -4.1094656e-01   3.1105979e-01   1.8965222e-01  -1.5586006e-01  -2.7538047e-01  -2.6280953e-01  -1.1778982e-01  -4.6151857e-02   1.1113344e-02  -6.7968110e-02   2.9925083e-01  -4.1665225e-01   2.2197991e-01  -2.6767792e-01  -3.2624300e-01   5.4414701e-01  -1.3199675e-02  -2.9690247e-01   5.6228678e-01   1.9180993e-01  -3.0928798e-01   3.2688540e-01  -2.1451271e-01   7.8209097e-02  -9.6522768e-02  -2.9410619e-01  -4.5662578e-02  -2.8935544e-01   2.1998096e-01   4.7996234e-03   1.0396172e-01  -2.6011820e-01  -1.0831823e-01  -1.6435881e-01  -2.2984000e-01   4.0900877e-01  -1.7135725e-01   5.1934576e-01  -2.9790936e-01  -1.0358375e-01  -2.2179545e-01   4.7254877e-01   3.1255346e-02   1.0036827e-01  -2.8416286e-01   3.4969767e-02   7.4289770e-02  -1.3451534e-01  -3.1691105e-01   1.9325736e-01   4.2587711e-01   5.5865658e-01   1.3929707e-01  -3.3090962e-01  -3.2046498e-01  -2.8102016e-01  -9.7121272e-02  -3.8523309e-01  -2.5906822e-01   2.5359663e-02  -1.7504540e-01   4.4189622e-01   1.5645321e-01  -2.0546735e-01  -1.5649439e-01  -2.5616326e-01  -8.4866071e-02   3.8228139e-01  -2.0753199e-02   3.5220353e-02  -3.1014657e-01  -3.8443304e-01  -2.4465038e-01   1.6602599e-01   2.8368112e-01  -2.0593801e-01  -3.9793451e-01   1.6317032e-01  -2.8054225e-01  -3.6287170e-01  -6.7401394e-03  -5.7834616e-03   4.7660498e-01  -8.8489445e-02  -2.7200815e-01   3.8140848e-01   1.3452665e-01  -3.9872773e-02  -1.9841462e-01   2.7350590e-01   5.1744558e-01  -8.8300786e-02   1.4641747e-01  -2.3793962e-01   3.3281905e-02   1.8896168e-01  -3.2400396e-01
   3.1617852e-01  -4.3143967e-01  -1.8436160e-01   4.0679377e-01  -3.1434614e-01   0.0000000e+00  -5.1643684e-02   6.3245979e-01   5.4675053e-01   1.4524830e-02  -4.1510552e-01  -3.6808641e-01  -3.0490032e-01   5.7277095e-01  -2.8842270e-01  -2.8447072e-01  -1.8821768e-01  -1.0271413e-01   3.9973797e-01  -3.3503150e-01  -2.6254655e-01   7.3734947e-01  -1.6650397e-01   3.7720704e-01   4.0023699e-01   6.1570213e-01   3.9645798e-01   6.1146818e-01   5.4193683e-02   9.9354607e-02  -4.0919214e-01   6.4131575e-01   3.6203279e-01   5.5321774e-02   1.8652824e-01  -2.9841583e-01  -3.4585695e-01  -7.5306615e-04  -2.1979533e-01   2.3902446e-03  -3.2956296e-01   1.9879584e-01   3.5602399e-01  -1.6848647e-02  -1.9382592e-01   4.3600162e-01  -2.5969495e-01  -3.1611185e-01  -3.7276151e-02  -6.7895863e-02   2.4361763e-01   6.1446908e-01  -2.3288345e-01   2.7249716e-01   2.6091838e-02   5.4855162e-02   5.2516088e-01   7.8438558e-01  -1.5136222e-01   6.0682660e-01   4.4689883e-01  -1.9091541e-01   1.9352099e-01  -2.8257583e-01  -4.6024086e-01   1.5718044e-01   8.0982244e-01  -3.5866339e-02   3.7508087e-01  -2.1320259e-03  -2.3374609e-01   2.3276564e-01  -4.6269884e-01   4.3486806e-02   1.3936927e-01   6.8038784e-01   3.1666216e-01   2.4628454e-01  -4.4589972e-01   1.4681045e-01   7.4348088e-01  -2.4817157e-01  -3.0463876e-01   5.1203748e-01   1.7447873e-01   7.0047362e-01   2.6883016e-02   2.2673894e-01   1.5888256e-01   2.7459547e-01  -1.3333947e-01   6.0241409e-01  -4.9622779e-02   6.4999685e-01  -6.7174831e-02  -3.8741132e-01   1.6155642e-01   7.1579238e-01  -4.1144775e-01  -4.9649182e-01   3.9045983e-01  -5.9705896e-01   6.3377868e-01  -2.1258204e-01   3.8738281e-01   5.6738081e-01   2.0481297e-01   8.2120118e-01  -4.1805684e-01   2.1854916e-01  -2.9455726e-01   3.6820538e-01   4.0698017e-01   2.5925458e-01   4.8297113e-01  -4.8270100e-01   2.8506817e-02  -4.6424691e-01   5.0127982e-01   4.4193452e-01   6.5324908e-02  -3.2443299e-01   1.7215555e-01  -4.4879754e-01   4.4099020e-01   3.6036081e-01   2.9968515e-01   9.5777138e-02   6.5530650e-01  -4.3751978e-01  -1.9293177e-01  -4.8476070e-01   1.6196329e-01  -3.5490810e-01   6.7256875e-01   6.1215088e-01   1.7637001e-01   4.8500266e-01   6.9371233e-01  -2.2396235e-01   3.1693309e-01  -9.4831286e-02  -1.3289183e-01   6.1398386e-01  -6.3295101e-02   3.0702885e-02  -2.4128779e-01  -2.0851330e-01   7.3580933e-02  -5.5938557e-01   2.0462936e-01   7.8234769e-01   4.9134576e-01  -3.3662547e-01  -1.2820252e-01   3.0602479e-01   9.8329979e-02  -2.8223550e-01   4.3003961e-01   6.8303231e-01   2.0918467e-02  -2.1150268e-01  -4.4301864e-01   3.2413468e-01   7.0482254e-01  -4.8493868e-01  -3.6090891e-01   1.2692866e-01   2.9567432e-01  -2.0728412e-01  -2.5627421e-01  -2.8229873e-01  -1.0517768e-01   7.4868724e-01   2.4814320e-01   7.1191338e-02   7.0670401e-01
  -2.1133196e-01   1.0676327e-01   6.7138859e-02  -1.8186755e-01  -1.1606535e-01  -5.1643684e-02   0.0000000e+00  -1.2006031e-01  -1.0339898e-01   5.9729019e-01   3.3167517e-01   4.9351825e-01   1.4024943e-01   2.2959429e-02   6.4860440e-02   2.9929091e-01  -1.2637161e-01   1.2829221e-01  -2.6944809e-01   1.3054047e-01   2.6193857e-01  -9.3487041e-02   7.2559679e-01  -1.6437372e-01  -9.3437422e-02  -9.7458673e-02   2.2775495e-01  -1.1091230e-01  -2.0301865e-02   3.2897381e-01  -5.7610511e-02  -2.8652114e-01  -7.3783375e-02   5.3054085e-01  -2.0074545e-01   3.3187737e-01   2.4568226e-02   5.2510875e-02   2.5638496e-02   2.3407245e-01   2.2272747e-01  -5.1917330e-02  -2.0026477e-01   2.0596109e-01   1.0519120e-01  -6.5211919e-02   1.5561874e-01   5.7121058e-01  -2.0521218e-01  -3.3216438e-03   2.4199323e-01   2.8206512e-01   1.3019506e-01  -2.5169506e-01  -9.2424004e-02   6.2383938e-01  -1.4640729e-01  -6.4440304e-02   1.6811959e-01  -5.7206479e-02  -1.9208581e-01   1.3942368e-01  -3.0007644e-01  -2.4180790e-01  -2.9943050e-01   4.2218296e-01   2.9406446e-02  -1.3321273e-01   2.9914076e-02   5.6375733e-01   3.9796817e-01  -1.8284929e-01   1.8719113e-01   1.6125539e-02  -7.7063883e-02  -1.0718194e-01  -1.9647176e-01  -1.9840949e-02  -1.1736166e-01  -1.4169067e-01   1.2503409e-01   1.5214581e-01   1.5538926e-01  -1.3664234e-01   2.1424195e-01   1.5357364e-04   4.9899767e-02  -1.2452172e-01  -2.1580421e-01  -1.6345586e-01  -1.9989136e-01  -2.3872211e-01   1.3502410e-01  -1.1940749e-01  -5.6659647e-04  -2.1258252e-01  -1.1850085e-01  -1.0081655e-02   8.6581492e-02   6.3350103e-01  -5.5204081e-02   8.6566448e-02  -1.2279868e-01  -3.3529312e-01   2.8094209e-01  -6.7040874e-02  -1.4865399e-01  -1.1665776e-01   3.2232759e-01   1.0078567e-01   2.9865523e-01   4.2981160e-01   3.0312365e-02   1.6072741e-02  -1.9640189e-01  -3.9455152e-01   2.0833134e-01   2.4449696e-01   4.5399524e-02  -5.9029256e-02  -2.1328663e-01  -1.0745594e-01  -4.7984422e-01  -1.6442668e-01  -2.5259125e-02  -5.9652186e-02   3.1644697e-01  -1.3219778e-01  -1.0961877e-01   1.6723064e-01   1.5333841e-01   2.1075759e-01  -1.4963258e-01   3.0940578e-01  -1.9869296e-01  -2.4732929e-01  -1.9208110e-01   1.9569401e-01  -1.4183324e-01   5.9171235e-02  -1.9499712e-01  -5.2479115e-02   1.0283013e-01  -1.4894232e-02   6.4729987e-01   3.9090709e-01   6.1244041e-01  -1.1549168e-01   4.5909372e-01   1.9085041e-01   2.4823959e-01  -1.3412647e-01  -3.3041625e-01  -1.4255639e-01  -2.3149788e-02  -5.9605062e-02  -1.3061164e-01   1.8230621e-01  -3.2447480e-01   1.5790284e-01  -4.7581297e-02   1.2630588e-02  -9.8391269e-02  -1.8290274e-01  -6.9931522e-02   7.2620200e-04   2.3881723e-01  -8.7547975e-02  -1.3397172e-01  -2.1814564e-01  -2.4804331e-01   6.3227932e-02  -1.1539617e-01  -1.1760594e-01  -6.4107127e-02  -1.7146930e-01  -1.1862247e-01
   2.4762671e-01  -1.8016606e-01  -1.7816405e-01   2.5844816e-01  -3.9414722e-01   6.3245979e-01  -1.2006031e-01   0.0000000e+00   5.5096483e-01  -6.3470636e-02   7.2684372e-02  -4.1538614e-01  -2.3123618e-01   4.0652693e-01  -1.6023217e-01  -6.4884033e-02   4.8813685e-02  -2.8591833e-02   5.2354838e-01  -3.9978784e-01  -1.4212911e-01   4.7803824e-01  -1.9036282e-01   2.0936116e-01   3.9570314e-01   4.9737771e-01   2.7750700e-01   4.1895507e-01   1.8848108e-01  -3.0298687e-03   1.3742472e-02   4.8786466e-01   3.3430556e-01   1.1077298e-01   1.0803152e-01  -3.2688961e-01  -4.3749744e-02   1.1499776e-01   1.1897876e-01  -1.0846694e-01  -1.6943528e-01   1.0970854e-01   2.1307284e-01   2.5318163e-01  -2.5497945e-01   3.6068119e-01  -7.4343935e-02  -1.1422450e-01  -9.1847333e-02   4.1688211e-03   1.7132976e-01   6.2335464e-01  -1.8578714e-01   1.6277094e-01   1.3231684e-01   1.2955432e-01   4.1939634e-01   4.8137872e-01   4.5866992e-02   2.6862586e-01   4.0847250e-01  -2.8188002e-01   3.8482599e-02   1.8888719e-01  -1.3334373e-01  -1.5246510e-01   4.7546797e-01  -4.5260856e-02   3.6890314e-01  -3.4683403e-02  -5.0877544e-02   1.2728832e-01  -3.0448040e-01  -6.6075701e-02   4.0514663e-02   6.7367593e-01   3.5432394e-01   2.5766493e-01  -3.1381408e-01   2.2294721e-01   5.2384364e-01  -2.5285010e-01  -1.4686165e-01   3.7552718e-01   4.6127140e-02   5.9846599e-01   1.4555057e-01   9.1887807e-02  -2.4823861e-02   2.1739313e-01   3.3740703e-02   4.4661169e-01   7.4597770e-03   5.3088573e-01   8.7664203e-02  -3.3879954e-01   1.1358640e-01   5.8928135e-01  -3.5788063e-01  -4.7197878e-01   3.2044787e-01  -2.5900819e-01   6.7376572e-01   1.6160138e-01   1.1505476e-01   4.7233828e-01   7.6886684e-02   6.7622269e-01  -3.3644136e-01   1.8321841e-01  -1.7447968e-01   3.6467993e-02   1.5246483e-01   1.5324248e-01   3.8171695e-01  -1.1085538e-01   1.5446705e-01  -3.1651279e-01   3.6141479e-01   3.5682714e-01   2.4384421e-01  -2.6973481e-01   1.5279009e-01  -9.6713841e-02   3.1142010e-01   1.4501393e-01  -1.7690742e-02  -5.8518702e-02   4.2227401e-01  -2.1995327e-01   6.7042964e-02  -2.1997770e-01   4.2463733e-03  -7.2338223e-02   3.9977737e-01   7.3524946e-01   2.6425875e-01   3.5430041e-01   6.3869691e-01  -1.4772297e-01   2.7300334e-01  -9.6550336e-02   1.2866842e-01   3.1238283e-01   4.3630655e-02   2.2818871e-01  -1.3096737e-01   4.1083098e-02   1.3463877e-01  -4.1921964e-01   1.8386078e-01   6.0341213e-01   4.0330060e-01   6.0184086e-02  -1.4859798e-01   2.5466564e-01   2.4525943e-01  -1.2144243e-01   3.9084123e-01   5.1367890e-01   7.3811837e-02   2.7937273e-01  -3.6918795e-01   3.4151369e-01   4.3680387e-01  -1.2322572e-01  -4.3068849e-02   8.7006990e-02   3.0488869e-01  -7.3495475e-02  -1.3316188e-01  -1.1965238e-01  -8.3764275e-03   5.5558733e-01   5.7651919e-02  -1.2245796e-01   5.6188438e-01
   1.2007145e-01  -1.8740845e-01  -3.3628796e-01   2.6075957e-01  -3.0391678e-01   5.4675053e-01  -1.0339898e-01   5.5096483e-01   0.0000000e+00  -8.2223225e-02  -1.4874113e-01  -2.4734268e-01  -3.2444963e-01   4.9921164e-01  -2.0469371e-01  -3.1436040e-01  -1.1854127e-01  -8.7372971e-02   3.1971840e-01  -3.3901220e-01  -1.0243085e-01   5.7359964e-01  -1.7597537e-01   2.9951458e-01   2.3913015e-01   4.0738561e-01   9.5355465e-02   2.2927252e-01   5.2043590e-03   1.3567504e-01   2.2932366e-02   3.0067413e-01   1.2551728e-01  -9.6161387e-02   2.6435340e-01  -4.1292325e-01  -3.5193910e-02  -3.7848301e-02  -2.6562959e-01  -1.1027781e-01  -2.5420290e-01  -2.4952233e-03   4.7678085e-01   4.4867805e-02  -4.9615233e-02   2.2506667e-01  -2.0602028e-01  -9.7309138e-02  -5.5090770e-02  -2.4385573e-01   9.6650522e-02   3.3716717e-01  -2.2480886e-01   2.4381318e-01   1.1426705e-01   7.9481163e-03   3.8282642e-01   4.7634176e-01  -1.1866076e-01   3.7196830e-01   2.3932059e-01  -2.2743625e-01   1.8617823e-01   9.1101053e-02  -4.9206506e-02  -1.1350668e-01   4.2801495e-01   8.1427625e-02   1.8608694e-01  -1.0075579e-01  -3.2911395e-02   3.3237543e-01  -3.2431778e-01  -9.3527133e-02   1.0544819e-01   4.5513042e-01   1.2494330e-01   1.9384736e-01  -3.7677348e-01   4.8055074e-02   3.8809262e-01  -1.7949285e-01  -2.0991880e-01   2.9127437e-01   1.5602234e-01   4.4693831e-01   2.3776863e-01  -3.2418210e-02   1.4387789e-01   1.4074693e-01  -1.0876383e-02   2.7598789e-01  -3.5226534e-01   6.1057387e-01  -8.6440550e-02  -3.7671538e-01   6.4351731e-02   3.7989510e-01  -3.4324954e-01  -4.3261835e-01   3.2372421e-01  -4.2142855e-01   4.4397088e-01   3.1844024e-01   2.1131195e-01   3.9466909e-01   1.0341358e-01   4.9024525e-01  -3.3710874e-01   1.3655141e-01  -2.3365342e-01   1.2583517e-01   4.0443432e-01   2.2174955e-02   2.2176455e-01  -2.1153505e-01  -3.4491494e-02  -3.0085677e-01   2.9617664e-01   4.2516141e-01   5.6040198e-02  -3.2817891e-01   1.5438135e-01  -8.0671320e-02   2.2077941e-01   2.8204225e-01   1.1463110e-01   8.2851077e-02   5.2518233e-01  -2.9155840e-01  -1.5105503e-01  -2.8711542e-01   7.1239266e-02  -5.9461720e-02   5.3747269e-01   4.2240822e-01   2.0846766e-01   1.5974382e-01   4.1225197e-01  -3.1496660e-02   2.2028607e-01  -1.0019440e-01  -7.0094954e-02   2.6630683e-01  -5.3793574e-02   2.2569087e-01  -1.5223066e-01  -6.0384077e-02  -1.2936442e-02  -2.0469271e-01   8.4305786e-02   5.3900695e-01   3.2646834e-01  -1.3340807e-01  -2.1394040e-01   2.4751625e-01   1.3705053e-01  -3.3823861e-01   2.4430998e-01   4.4679796e-01   1.8721817e-01  -2.0441711e-02  -3.4940156e-01   4.4371522e-01   3.5865508e-01  -3.6723399e-01  -1.5715531e-01   2.1049700e-01   2.8741776e-01  -1.9564630e-01  -1.3027266e-01  -2.5642544e-01   2.0374066e-01   3.1018718e-01   3.1732364e-01   1.1161112e-01   5.6038892e-01
  -8.4232589e-02  -9.9196148e-03   8.8670522e-02  -2.0373965e-02   1.4400770e-01   1.4524830e-02   5.9729019e-01  -6.3470636e-02  -8.2223225e-02   0.0000000e+00   6.8852768e-02   3.5805178e-01   2.3176331e-01   1.1651667e-01   1.1080197e-01   2.0163396e-01  -1.4133980e-01   7.5593630e-03  -2.9986899e-01   1.5299626e-01   1.0232417e-01   9.0758380e-02   4.9804082e-01   9.0824859e-02  -5.9828001e-03  -1.0272432e-01   1.6126583e-01  -1.0784280e-01   6.5057794e-02   3.3961801e-01  -3.4060256e-01  -5.8198466e-02   5.8054922e-02   4.1204578e-01  -6.6376658e-02   4.0152325e-01  -8.9761873e-02   1.4480089e-01  -7.7550228e-02   2.6760621e-01   3.2453501e-01   1.4987343e-01  -4.0756259e-02   2.2927376e-02   3.2691443e-02   1.7371424e-01   1.3220613e-01   2.0532729e-01  -2.9097364e-01   9.6798018e-02   2.5176579e-01   2.1272868e-01   1.6703393e-01  -1.9658623e-01  -1.9590642e-01   3.7918336e-01  -8.7979429e-03   8.6473827e-02   2.0769898e-01   1.7693201e-01  -2.1465496e-01  -8.5064234e-03  -7.1305246e-02  -3.0063893e-01  -4.9154255e-01   6.0205098e-01   1.1008130e-01  -7.6429955e-02  -2.3049194e-02   5.2122826e-01   2.2637318e-01  -1.6546200e-01   1.5780909e-01   8.4796323e-02  -2.8593188e-02  -6.0322772e-02  -5.7120079e-02  -9.6319201e-02  -7.7412675e-02  -2.5750346e-02   1.2966713e-01   1.0759802e-01  -3.3487083e-02  -1.3834801e-01   1.5183495e-01   4.8085392e-03  -5.5758631e-02  -9.8455275e-02  -7.7014737e-02   1.0509446e-01  -2.0689721e-01  -8.1379023e-03   2.3551283e-01   5.4687985e-02  -4.5324562e-02  -1.4088956e-01  -2.2484408e-01  -9.5320288e-02  -2.6465353e-02   4.0913910e-01  -3.5345329e-02   1.6713890e-02   3.6485066e-03  -2.9714457e-01   3.5297612e-01   4.4461903e-02  -7.3969541e-03   1.1425605e-03  -2.6971642e-02   3.3158881e-01   1.3298336e-01   3.6144865e-01   1.6094323e-01   2.1424296e-01  -4.1339900e-02  -3.4119005e-01   1.6499056e-01   2.1101535e-01  -6.1415710e-02   5.5860979e-02  -2.0114649e-01   1.9664801e-03  -2.1879467e-01  -2.9879829e-01   1.8278120e-01   4.0201256e-02   3.8997753e-01  -2.6100272e-01   3.6897420e-02   5.5149788e-02   1.5095446e-01   9.8636156e-02  -1.1526543e-01   8.2185946e-04  -1.4947674e-02  -1.6932460e-01  -2.1806705e-01   1.3638163e-01  -6.4311822e-02   3.3739277e-04  -7.7406892e-02   8.6581596e-02   7.8679656e-02   3.9967818e-02   3.4384989e-01   1.0934396e-02   3.3687693e-01   4.6082995e-02   5.4137576e-01  -8.1748015e-02   1.5878240e-01   3.5757738e-02  -3.1156472e-01  -2.4907293e-01  -3.4846205e-02   1.9862126e-03  -6.9637244e-02   3.2945167e-02  -1.7468866e-01   1.8043261e-01  -2.0450862e-01  -1.7978803e-01   8.0726280e-02  -1.2029603e-01   1.1312747e-01  -1.6333341e-01   3.3511788e-02  -1.2310994e-01  -1.8095887e-01  -1.5541005e-01  -4.9528667e-02  -1.2958240e-01  -2.2646499e-01  -6.1043867e-02   2.1292594e-01  -2.7867229e-02  -8.7862206e-03
  -3.9985417e-01   2.3607317e-01   4.4695235e-02  -1.0543603e-01   1.5541261e-02  -4.1510552e-01   3.3167517e-01   7.2684372e-02  -1.4874113e-01   6.8852768e-02   0.0000000e+00   1.1777975e-01   1.7768408e-01  -4.5606393e-01   1.4957188e-01   4.5185331e-01   2.6319462e-01   4.3712890e-01  -1.3643823e-01   1.3254443e-01   3.1180647e-01  -5.7668433e-01   3.0995844e-01  -5.0759544e-01  -2.0312223e-01  -7.7275056e-02   8.8503857e-02  -3.8136876e-01  -1.7246211e-02   4.6418466e-02   6.1859281e-01  -4.4069441e-01  -1.3996683e-01   2.1408310e-01  -3.3976883e-01   2.0739167e-01   3.2256746e-01   5.0539146e-02   4.8597041e-01   1.1345453e-01   4.4740807e-01  -2.6935890e-01  -3.9839906e-01   6.0620426e-01   5.7737021e-03  -3.2443532e-01   4.8768089e-01   5.9763722e-01  -3.9652198e-02   1.3410334e-01   1.9689548e-01   1.6348071e-01   2.5555734e-02  -2.8198706e-01   5.5924258e-02   4.4340426e-01  -1.8056279e-01  -5.0331329e-01   3.1848533e-01  -4.2171696e-01  -1.9257723e-01   9.3488727e-02  -2.8953653e-01   3.7395508e-01   4.0505267e-01  -2.4266876e-01  -3.6848003e-01  -1.6081644e-01   1.3067420e-01   2.0277922e-01   4.4540745e-01  -1.3467201e-01   3.9330168e-01  -1.9262628e-01  -2.1483963e-01  -2.0385028e-01  -1.3279021e-01   3.5072289e-02   1.4094115e-01   2.6428004e-02  -3.4316010e-01   9.0938375e-02   3.2309972e-01  -2.7553224e-01  -1.5473363e-01  -2.5949517e-01   9.1075559e-02  -2.8565060e-01  -3.4108903e-01  -3.2558069e-01   1.5070834e-01  -3.3411931e-01   3.2332220e-02  -3.1298483e-01   1.9615973e-01   5.5404279e-02  -3.5024182e-02  -1.8037350e-01   3.5794053e-01   2.9712095e-01  -2.4022509e-01   4.0675107e-01  -2.8694408e-01   2.1077798e-01  -2.2751184e-01  -3.4561998e-01  -1.6397209e-01  -2.7313529e-01   4.7830639e-01  -8.2753541e-02   2.4062623e-01  -2.7464746e-01  -3.4828321e-01  -3.2936209e-01  -4.9432739e-01   2.3711209e-01   8.5715143e-02   3.4146844e-01  -3.0615540e-01  -2.3291084e-01   2.3814255e-02   6.0394291e-02  -3.0554747e-01   5.1148543e-01  -2.3682560e-01  -3.6466516e-01  -1.4924226e-01  -5.3775026e-02  -4.8042649e-01   4.2969713e-01   3.5120707e-01   5.3721870e-01  -2.2846252e-01   5.4828435e-01  -4.7692539e-01  -2.8712420e-02   7.3251113e-02  -2.0293243e-01  -2.4023171e-01   1.7421689e-01  -3.7102140e-01  -4.2431817e-02   3.0552391e-01  -3.8561248e-01   3.8841258e-01   4.3485586e-01   3.3069201e-01   2.2647037e-01   1.6141425e-01   3.5379503e-01  -1.4224909e-01  -4.3930181e-01  -3.3459009e-01   4.9868055e-01   1.2669640e-01  -2.8098363e-01  -4.9178260e-02   3.2493671e-01  -2.5624125e-01  -2.5292055e-01   4.1003938e-02   6.1655696e-01   2.1858968e-02  -8.4196225e-02  -4.0225831e-01   2.9585197e-01   4.5059065e-01  -8.2825476e-02  -2.9938415e-01   6.8674196e-02  -1.1589459e-01   2.7904244e-01   1.9855451e-01  -3.8889933e-01  -2.9801118e-01  -2.3914147e-01  -3.7728561e-01
  -3.9561600e-01   5.1032258e-01   4.6651988e-01  -2.5757517e-01   2.5177788e-01  -3.6808641e-01   4.9351825e-01  -4.1538614e-01  -2.4734268e-01   3.5805178e-01   1.1777975e-01   0.0000000e+00   2.4788041e-01  -1.9261958e-01   2.7896769e-02   2.4544630e-01   2.5834908e-01  -1.6020199e-01  -4.3855390e-01   4.1293702e-01   1.6159580e-01  -3.3992584e-01   4.7175237e-01  -2.1927808e-01  -1.9559064e-01  -2.5107745e-01   4.6630580e-02  -2.4601669e-01  -3.2583123e-02   2.8713700e-02  -7.9975084e-02  -3.0381937e-01  -2.4354159e-01   1.6974762e-01  -1.9137642e-01   3.8987994e-01   1.3041506e-01  -3.2075058e-01   4.8564305e-02   3.8816062e-01   3.0756306e-01  -1.3120365e-01  -2.2626477e-01  -7.5665221e-02   1.5249260e-01  -3.0969393e-01   7.4772450e-02   3.5973725e-01  -1.1668023e-01   2.5710330e-01  -2.6038968e-01  -1.9953778e-01   3.8881328e-01  -2.6715007e-01  -1.4167325e-01   2.3633833e-01  -1.8516851e-01  -2.1438442e-01   1.0202824e-01  -2.7730774e-01  -3.9462433e-01   1.5980320e-01  -2.5286528e-01  -5.2396712e-02  -4.7863348e-02   1.6835061e-01  -1.6592644e-01   2.3922684e-02  -2.2129826e-01   3.7124641e-01   1.9451439e-01  -3.5143576e-01   3.7665482e-01   1.3549449e-01   2.7626783e-02  -2.1623885e-01  -3.6263198e-01  -4.4518784e-02   3.2540634e-01  -2.0622825e-01  -3.1784224e-01   3.9755671e-01   3.0291943e-01  -3.0919251e-01   1.0456207e-02  -2.8128690e-01  -3.0361746e-01  -4.0518259e-01  -1.9539255e-01  -3.6072686e-01  -9.1661409e-02  -4.3507756e-01   3.8701977e-01  -2.7939808e-01  -3.7594172e-01   3.2069017e-01  -1.6296412e-01  -2.8937109e-01   2.7805693e-01   7.0292827e-01  -2.8450914e-01   4.4612250e-01  -2.8555956e-01  -7.5810188e-02  -1.1931471e-01  -2.6358779e-01  -1.0706902e-01  -3.6216253e-01   4.8030516e-01  -1.6334643e-01   5.7121843e-01   6.5240154e-02  -1.6295578e-01  -2.3956636e-01  -3.8120067e-01   9.1247652e-02  -4.4197957e-02   4.8390083e-01  -1.7898383e-01  -2.6030810e-01  -3.7407375e-01   2.6485384e-01  -3.0111694e-01  -7.9046517e-02  -3.7477942e-01  -1.3535639e-01  -8.2129103e-02  -2.8822271e-01  -2.5834659e-01   4.0496804e-01   2.2183923e-01   3.7964312e-01  -1.7750011e-02   1.1072986e-01  -3.0088453e-01  -4.0066930e-01  -2.3858468e-01  -2.0953904e-01  -3.2448159e-01  -1.6801113e-02  -2.5740529e-01   2.0898755e-01  -6.1569129e-03  -2.9266282e-01   1.9555364e-01  -7.2431774e-02   5.5434893e-01  -1.5155972e-01   1.1128096e-01   4.9438957e-01  -1.1234238e-02  -3.1977502e-01  -3.2339634e-01   2.2029378e-02   3.6249579e-01  -3.4025623e-01  -3.2188515e-01   2.7967566e-02  -4.6469379e-01  -2.3390177e-01  -9.2537705e-02  -1.1919342e-01   3.4677148e-01  -4.6633659e-01  -2.5422944e-01   2.9823401e-01   2.4614898e-01  -1.9323407e-01  -2.8201301e-01   1.3406592e-01   4.1894157e-02  -9.0051023e-02  -2.6531159e-01  -2.9521245e-01  -9.1137115e-02  -6.0631034e-02  -2.5136797e-01
  -3.5052415e-01   1.0788876e-01   3.3816073e-01   7.1054406e-02   4.7771202e-01  -3.0490032e-01   1.4024943e-01  -2.3123618e-01  -3.2444963e-01   2.3176331e-01   1.7768408e-01   2.4788041e-01   0.0000000e+00  -1.5388262e-01   3.8688457e-01   3.2587204e-01   1.8410178e-01   8.1051968e-03  -2.2571830e-01   4.0487511e-01  -2.1266626e-01  -3.1976026e-01   4.9334037e-02  -1.5254823e-01   1.1843690e-01  -2.7198594e-01   1.2293165e-02  -1.3620326e-01  -2.5511602e-02   1.6073650e-01   1.1289851e-02  -1.9133219e-01   3.6850804e-02   1.6616870e-01   8.1146978e-02   5.4172165e-01  -1.5927356e-01  -1.6192307e-01   3.4489984e-01   1.7369111e-01   6.9011318e-01   2.2609705e-01  -1.5211651e-01  -1.4737145e-01   2.2147896e-01  -2.0019556e-01   3.9908842e-01  -4.9478252e-02   1.4751024e-01   2.7402211e-01   2.2645861e-02  -3.0350249e-01   2.3451134e-01   7.6044628e-02   1.8736793e-01   1.5443734e-01  -2.2620441e-01  -2.8130479e-01   4.6873463e-01  -1.4480124e-02  -1.7188848e-01   3.0597803e-01   1.4642898e-02  -2.5641932e-02   1.0438086e-01   3.0030965e-01  -1.7097330e-01  -5.1674568e-02   1.8139976e-02   2.8460165e-02  -7.6437734e-02  -1.3460299e-01   3.9904069e-01  -6.7511954e-03   1.9385973e-01  -2.7158116e-01  -2.6969806e-01   9.2539585e-02   3.7170241e-01   2.6792714e-01  -3.0486087e-01   4.8423825e-01   1.3080971e-01  -2.9557434e-01  -9.0027109e-02  -1.9328039e-01   6.0935869e-02   1.0835123e-01   3.7521163e-02  -1.6157029e-01   2.0752594e-01  -2.3245077e-01   2.2701836e-01  -3.0200111e-01  -2.3199344e-01   2.8083193e-01   1.7032222e-01  -2.4498235e-01   3.8611674e-01   1.8977981e-01  -2.2658784e-01   2.1004191e-01  -1.7578915e-01  -2.6924847e-02  -4.1699206e-02  -1.8630130e-01   1.0812301e-01  -2.3625590e-01   2.4289016e-01   2.3311311e-01   1.5876070e-01  -1.5392717e-01  -9.3769679e-02  -1.2253948e-01  -2.7571892e-01   2.0648584e-01   1.9914465e-02   6.0157362e-01  -1.4683060e-01   9.1165341e-03  -2.3792661e-01   4.1300183e-01  -2.1037488e-02   4.8365074e-02  -2.6597294e-01  -5.8194372e-03   4.0146734e-02   6.9793143e-02  -2.3754374e-01   1.3685520e-01   6.2675767e-01   4.1163153e-01   1.2901119e-01  -1.3544267e-01  -2.9411162e-01  -3.2118526e-01   3.0780873e-01  -1.1985572e-01  -2.2117021e-01   2.4087512e-01  -9.2954971e-02   5.3672306e-01   3.3548834e-01  -1.6385691e-01   1.3886046e-01  -1.0882803e-02  -1.3878803e-02   3.5695274e-01   1.8828357e-01  -9.5382862e-03  -1.0374511e-01  -3.0240252e-01  -2.2492671e-01  -5.3174187e-02   2.2466094e-01  -3.6037503e-01  -2.5619992e-01   4.7297721e-01  -1.9607444e-01  -2.6349737e-01   7.9473991e-02   2.8335242e-02   3.7662303e-01  -1.9577579e-01  -2.3170146e-01   3.3672616e-01   1.5563708e-01  -1.6597070e-01  -1.4035793e-01   2.0016805e-01   3.9298445e-01  -3.9776060e-02   2.0219635e-02  -2.9507164e-01  -4.0381608e-02   1.2250472e-01  -2.6210144e-01
   3.1188716e-01  -3.6348729e-01  -1.4090993e-01   1.5254967e-01  -2.7825158e-01   5.7277095e-01   2.2959429e-02   4.0652693e-01   4.9921164e-01   1.1651667e-01  -4.5606393e-01  -1.9261958e-01  -1.5388262e-01   0.0000000e+00  -1.3587622e-01  -4.0070833e-01  -3.4068864e-01  -2.2726352e-01   1.9108829e-01  -2.4088734e-01  -3.1049498e-01   7.2565477e-01  -8.6234964e-02   5.4521252e-01   3.5618011e-01   2.8788726e-01   5.9158930e-02   4.8153004e-01   1.0494309e-01   6.1535734e-02  -4.0238347e-01   4.3329998e-01   1.7665309e-01   1.5354363e-02   4.4041073e-01  -2.7741957e-01  -3.6748017e-01   9.5170138e-02  -4.2332792e-01  -1.5562292e-01  -2.1980419e-01   2.2666295e-01   4.9463181e-01  -1.6696143e-01   8.2592866e-02   4.8868564e-01  -3.1747653e-01  -3.5273978e-01  -1.5914814e-01  -2.4611828e-01   1.7638456e-01   4.0831627e-01  -2.6820036e-01   3.9700241e-01   1.2767572e-01   1.0174334e-02   1.4285385e-01   6.0668769e-01  -9.3677980e-02   6.6719042e-01   3.1350162e-01  -8.9387450e-02   2.0999051e-01  -3.1557645e-01  -4.7588621e-01   3.1430859e-01   5.6134742e-01   1.0449717e-01   2.2827486e-01  -4.7878437e-03  -1.2096387e-01   1.5787291e-01  -4.6225619e-01   1.2101096e-01   2.6051016e-01   4.1049508e-01   1.8948445e-01   1.1243015e-01  -3.8014331e-01   2.2698579e-01   6.3928268e-01  -1.2868570e-01  -4.6379468e-01   3.6885641e-01   2.8897223e-01   5.1223844e-01   1.6449257e-01   2.5090676e-01   1.5300338e-01   4.2265609e-01  -2.2983815e-01   3.6408232e-01  -1.3477102e-01   5.8481498e-01  -5.8045300e-02  -3.8736788e-01   1.7424777e-01   3.6573731e-01  -3.4136384e-01  -2.7839032e-01   3.6429024e-01  -5.0952038e-01   5.0119790e-01  -1.1631334e-01   3.9877885e-01   5.2723890e-01   1.3666156e-01   4.7049090e-01  -3.3848680e-01   1.4636905e-01  -2.9333350e-01   4.5087530e-01   5.4561874e-01   3.4084538e-01   4.8071221e-01  -3.8540072e-01   1.8131746e-01  -3.3630492e-01   2.1512821e-01   4.1595212e-01   1.4946065e-01  -2.6556276e-01   2.3914068e-01  -3.6128159e-01   4.1429171e-01   5.3357511e-01   3.5254612e-01   1.5633314e-01   6.4013729e-01  -4.8383843e-01  -1.9967768e-01  -4.3661164e-01   1.0033973e-01  -3.6413214e-01   5.9712324e-01   2.9988263e-01   2.7396601e-01   4.7878586e-01   4.8140324e-01   3.0559034e-02   4.5224827e-01  -2.0546154e-01  -2.2148090e-02   4.8951816e-01   7.1037547e-03   6.1707043e-02  -1.4330503e-01  -1.7297585e-01   1.3941028e-01  -4.8778201e-01   1.9849189e-01   6.4462318e-01   3.4051677e-01  -4.6122598e-01  -4.3474823e-01   4.4227832e-01   2.2872574e-01  -2.0264374e-01   2.4374753e-01   5.7585962e-01   4.9686972e-02  -2.8806641e-01  -4.4386129e-01   3.2544605e-01   5.1645361e-01  -3.8299889e-01  -2.1707863e-01   2.3079983e-01   4.3282360e-01  -3.8379918e-01  -1.3433281e-01  -2.5347149e-01  -3.0877981e-02   4.7404326e-01   4.6177430e-01   9.0862817e-02   6.8312040e-01
