   0.0000000e+00  -1.8825284e-01   5.1310441e-02  -2.3415847e-01  -1.2146816e-01   2.7310857e-02   5.7582608e-02  -1.2880029e-01  -1.1481107e-01  -1.3304059e-01   2.1995296e-01   1.3029795e-04   4.5646307e-02   1.7435045e-01   2.8687601e-01   2.9443585e-01   1.9702645e-02   3.0837863e-03  -1.0593013e-01  -9.7699561e-02  -3.2191184e-01  -7.0473957e-02   8.8426274e-03   6.7629847e-01  -9.6500439e-03  -2.2603287e-01  -9.8400275e-02   3.6917535e-01   2.4472931e-01  -2.0406179e-01  -1.6665271e-01  -7.6256954e-02  -2.6700527e-03  -1.5573996e-01  -1.9163354e-01  -1.9296897e-02   1.2536525e-02   1.0515159e-01   2.1286099e-02  -2.1763749e-01  -3.9483735e-02   8.5053270e-02  -1.0448656e-01   1.0302002e-01  -1.3282909e-01   2.5563249e-01   2.2718450e-03  -3.2227864e-01  -2.7082393e-01  -1.8082672e-01   2.0223854e-01  -1.7940030e-01  -6.6315277e-02  -1.3786755e-01  -1.7006239e-01   2.3614150e-01  -2.1509194e-01   4.5453504e-03  -2.1455982e-01   7.4611064e-02   2.1185805e-01  -6.5039887e-02  -1.2228251e-01  -2.0266635e-01  -2.8442969e-01  -8.5750496e-02  -3.8950816e-02  -6.3383797e-02   7.4702725e-02   1.6995863e-01  -3.6189812e-01   1.3010449e-01  -5.1482170e-02   4.0051488e-01  -1.2791888e-01  -3.0178184e-01   2.3464586e-01  -2.1911318e-01  -1.7530015e-01  -2.9347330e-01   1.1839006e-01   9.6925840e-02  -2.6712130e-01  -3.2882874e-01   2.6837469e-01  -2.1612223e-01  -2.6314254e-01   2.6454562e-01  -1.0932233e-01   7.3290016e-01  -2.0646651e-01   1.9152877e-01  -4.4690794e-03   2.7430098e-02   1.4141892e-01  -1.9988246e-01  -1.2305202e-01  -2.0360640e-01  -1.3679548e-01  -3.6246607e-01  -6.3795339e-02   2.7718572e-01  -1.5652958e-01  -1.1847500e-01   1.7715741e-01  -2.2247801e-01  -1.1626909e-01  -1.3609739e-01  -8.7109075e-02   5.3669694e-03  -1.7528183e-02   2.2480637e-01  -3.6335043e-02   5.1821870e-01   4.9627709e-02  -3.1487193e-01   9.6274775e-03   4.0151818e-02   2.6679868e-01  -6.4688135e-02   4.7099881e-01  -1.2974208e-01  -2.1300774e-02  -1.7521623e-01   3.3448520e-01   4.9646510e-01  -3.3539293e-02  -2.1835496e-01  -1.1602259e-01   5.6318591e-02   8.1229117e-02  -1.0626529e-01   5.5307866e-01  -2.7329694e-01   2.2372297e-02  -2.3265613e-01  -2.6260024e-01  -1.7952617e-01  -2.9886099e-01   1.7423396e-01   6.4294021e-01  -1.0626591e-01   5.9794868e-02   7.9265864e-02   7.0353961e-02  -1.6534532e-01  -2.0583248e-01  -5.5052858e-02   1.2959680e-01  -3.8685810e-01   3.8563464e-01  -1.5168981e-01   2.9170379e-01  -2.7848280e-01  -2.1640342e-01   5.9981494e-01   4.1005073e-01  -4.1690473e-02   1.5110628e-01  -7.7995449e-02  -4.0922856e-02   5.2649781e-02  -2.3537862e-01  -7.8180866e-02  -1.0666469e-01  -2.5824234e-01   4.7526510e-02   6.6590617e-02   4.0444068e-01  -1.6727327e-01  -1.9846361e-01   2.9651524e-01  -2.9206997e-01   8.6093953e-02  -1.7642964e-01  -2.9580762e-01   1.7023127e-02
  -1.8825284e-01   0.0000000e+00  -2.1723011e-01  -1.4611928e-01   2.4175215e-01  -2.8377671e-01  -1.2927881e-01  -1.9328072e-01   3.8623855e-01   1.1094343e-01  -2.8342475e-01   2.9921266e-01  -4.1142600e-01  -2.2036706e-01  -4.3024790e-01  -3.3767638e-01  -5.2932279e-02  -4.1815182e-02   2.7954724e-02   1.5590595e-02  -3.1084350e-03   1.7998364e-01  -3.3893052e-01  -2.8845590e-01   1.7876866e-01   1.7750812e-01   2.1437817e-01  -2.7794637e-01  -7.2830396e-02   2.2780489e-01   2.4225722e-01  -8.0483828e-02   1.0428369e-01  -6.4090305e-02   4.9670478e-01   2.2052370e-02   2.5111162e-03   5.8142654e-02  -7.8612580e-02   3.2743268e-01  -1.7982851e-01  -1.6851378e-01   2.4755973e-01  -2.0266180e-01   2.2457748e-02  -3.7199753e-01  -2.9200454e-01   1.5428286e-01  -5.3915096e-03   3.0770867e-01  -3.4229699e-01   2.5342424e-02   3.4123041e-01  -7.1075215e-02  -2.4373730e-01  -4.0329366e-01  -7.5231506e-02  -4.8387141e-03  -1.8559110e-01   2.3514724e-02  -3.7323749e-01  -2.6762098e-01   3.5682383e-01   1.2189156e-01   1.9402834e-01  -7.7358309e-02  -2.6011687e-01   2.5456208e-01  -2.1059004e-01  -2.3002935e-01   5.5866368e-01  -4.5615122e-01   1.0309329e-02  -3.8685222e-01  -2.2330063e-02   1.7914342e-01  -3.5816929e-01   4.7065321e-02   3.0031226e-01  -8.2937878e-02  -3.2277088e-01  -3.1444892e-01   2.5173872e-01   1.0019849e-01  -1.8281594e-01   7.1293003e-02   1.0920417e-01  -2.4877563e-01  -3.1746133e-02  -1.4105234e-01   4.4193060e-01  -4.2395072e-01  -1.5067489e-01   2.8700493e-01  -3.9529106e-02   1.9600827e-01  -2.4929704e-01   2.4132215e-01   1.9710412e-01   5.7823255e-02  -8.1693911e-02  -3.0688683e-01   8.9524931e-02   3.8627888e-01  -1.9715184e-01   8.4351715e-03  -6.1299620e-02   3.0849900e-02  -2.6412193e-01  -4.0501805e-02  -2.1345093e-02  -2.5320627e-01  -1.7370062e-01  -2.5648161e-01  -1.9578879e-01   5.0619957e-01  -2.4034533e-01  -2.6241628e-01  -1.7196151e-01  -1.9895629e-01  -4.9400578e-01   2.4247081e-01   2.7520484e-01   5.0010329e-01  -1.4639142e-01  -2.4574619e-01   2.2827615e-01  -7.1610363e-02   1.5584438e-01  -8.3033817e-02  -9.5651116e-02   3.6527117e-02  -2.5554225e-01   4.2308063e-01   2.8548247e-02   1.2544610e-01  -1.7173560e-01  -1.3104370e-01  -4.7515559e-02  -9.3270674e-02  -2.3022434e-01  -1.6396700e-01   2.5794153e-03  -5.1966937e-02  -1.4916078e-03   3.3420992e-01   2.3808571e-01   2.1988663e-01  -2.0386824e-01   2.1919182e-01  -3.9334400e-01  -6.0108917e-02  -4.3158613e-01   1.3616597e-01   5.2540503e-01  -1.1536910e-01  -3.7082506e-01  -3.4673596e-01  -4.3993129e-01  -1.6962570e-01   9.3733813e-02   7.6586193e-02   3.1955338e-01  -3.4086820e-02   2.0700789e-01   4.2672779e-01   1.1972177e-01   1.2978127e-01  -5.0332678e-01   1.9060039e-01   2.5215334e-01   2.6560650e-02   4.3792492e-01  -2.6082457e-01  -1.1416896e-01   9.3042290e-02   1.0343249e-01
   5.1310441e-02  -2.1723011e-01   0.0000000e+00  -1.3261048e-01   3.3907596e-04   3.0240590e-01   3.4932956e-02  -2.2819743e-02  -3.6532367e-01  -7.8219205e-02  -1.7035721e-01   2.5146079e-01  -1.0049642e-01  -4.3091795e-02   1.0444519e-01  -2.7875435e-03   8.5394768e-01  -4.2754647e-01  -4.0226840e-04   2.8252923e-05  -3.1234167e-01  -2.5614502e-01  -1.0124850e-01  -3.5438560e-02  -5.0583501e-02  -6.7649270e-02   5.4643858e-02   4.0520278e-01  -1.3161282e-02  -3.7549492e-01  -3.8452685e-01  -2.5034821e-01   4.7966350e-03   1.5485338e-01  -1.7931912e-01  -1.0064883e-01  -1.9083545e-01  -1.3889831e-02  -2.1329574e-01   3.6078009e-01  -1.3922442e-01   3.5665350e-01  -2.8854005e-01   2.8199661e-01  -2.1023742e-01   2.9233340e-01   1.9576369e-02  -3.2715748e-01  -9.9637944e-02   5.0132845e-01  -1.6924471e-01  -1.9287344e-01  -2.8334276e-01   4.0351292e-01   3.9321708e-02   3.1516232e-01   2.7325312e-01  -2.0116879e-01  -2.3083141e-01  -2.2469947e-01   5.5397634e-01   1.0314381e-01   3.0872309e-02  -2.3691583e-01  -2.2638558e-01  -2.9022991e-02   5.5523022e-02  -8.1931641e-02  -3.7752134e-02   5.4580601e-01  -1.5140560e-01  -2.2677479e-01  -3.9409197e-01   4.9641094e-01   8.6437445e-02  -1.8827677e-01   3.3310992e-01  -6.8475502e-02  -1.0556888e-01   9.8338083e-03   1.7722831e-01  -1.4406476e-01  -4.9820815e-02  -4.4966217e-02   6.2687810e-01  -3.4107401e-01  -2.7075694e-01   1.1420181e-02  -2.6324837e-01   1.1968761e-01  -2.2112645e-01   5.8148236e-01   4.5837597e-01  -2.3372965e-01   6.0789417e-02   2.3825914e-01  -2.1248248e-01  -1.8539930e-01  -1.3149814e-01  -5.6111002e-02   1.7012019e-01  -2.2469201e-01  -1.9784243e-01  -4.2195835e-01  -2.8585438e-01  -1.2483456e-01   5.0038053e-01  -1.6187083e-01   7.0647464e-02   1.9830409e-02   3.1028211e-01  -1.9598992e-01  -1.6129391e-01  -1.7939828e-02   4.4638897e-01  -1.7547484e-01   5.4144093e-02  -2.2102677e-01   3.9796573e-01  -2.8401109e-02   2.9394590e-01   1.1018057e-01   1.7262824e-01  -4.1077526e-01   1.7803097e-01  -6.1709454e-02  -1.9324942e-01   4.9595086e-02  -1.4210386e-01   4.4490327e-01  -2.8896882e-01  -1.3493296e-01   1.8231349e-01  -3.5961716e-01  -1.2763678e-01  -2.7080873e-01  -1.1959291e-01  -8.0227196e-03  -2.6335773e-01  -3.2279678e-02  -1.0464231e-01   4.6720995e-02  -2.4339817e-01   5.6738153e-01  -3.0910647e-02  -6.0734240e-01   4.7178291e-01  -2.9136166e-01   1.0466888e-02  -1.3314353e-01   5.5129336e-01  -5.6232897e-02   4.4114624e-01  -5.5603486e-01   2.8989320e-01  -1.5450428e-01   1.7110891e-01  -1.2369959e-01   6.7496514e-01  -1.5894795e-01  -1.8744803e-01  -2.7144421e-01  -2.4621961e-01  -5.6373642e-01  -1.8954057e-01  -6.2366254e-02  -1.8501236e-01   9.7620937e-02   4.1294590e-01   2.2561272e-02  -1.4911806e-01   4.5500749e-02  -4.6125257e-01   4.2792544e-01   1.2663139e-01   1.2353191e-01  -1.0891157e-01
  -2.3415847e-01  -1.4611928e-01  -1.3261048e-01   0.0000000e+00  -9.4470553e-02   2.0307030e-01  -7.0305661e-02   2.5286999e-01   1.6051385e-01   9.9378781e-02   1.3787409e-01  -1.2034817e-01   8.8481513e-02   2.1943035e-01   3.2490266e-02   5.7550585e-02  -1.0250226e-01   2.0476011e-01   4.3773826e-02  -6.3165718e-02   1.4911844e-01   2.5078569e-01   3.0638186e-01  -5.3819058e-03   1.6021769e-01   2.7416873e-01  -1.9792936e-01  -1.7069449e-01   5.1984552e-02   2.9657916e-01   9.8527843e-02   5.4937970e-01   1.8344232e-02  -2.2213117e-02  -1.6133212e-01  -7.5581349e-02  -6.6203659e-02  -2.0946685e-01   7.5546582e-02  -1.4136898e-01   9.0205658e-03   9.8610406e-02   1.7259038e-01  -1.7487244e-02   6.7049965e-02  -1.2116334e-02   2.0369733e-01   6.7429328e-02   2.6179438e-01  -1.6684238e-01   2.7356893e-01   1.6789009e-01  -1.4826017e-01   9.9534245e-02   1.6065427e-01  -1.4345408e-02   1.6204731e-01   4.6636843e-01   3.7834970e-01   1.8307821e-01  -1.7868999e-03   1.5663178e-01   6.2583389e-02   9.2505480e-02   8.8662845e-02   1.0377753e-01   4.4114986e-01  -2.0633462e-02   4.0974106e-01  -1.2743902e-01  -8.5681573e-02   3.8917203e-01   1.0903090e-01  -3.1096878e-02   1.0554170e-01   2.9375935e-01   3.2872938e-02   3.1103443e-01  -2.7589563e-02   2.5438176e-01  -2.3126063e-02   8.8101717e-02  -1.1324271e-01   4.9908187e-01  -1.9029368e-01   2.8504428e-01   9.4821553e-02   1.0159832e-01   5.6440660e-02  -1.1252725e-01  -1.1024345e-01   1.1216838e-01  -3.1500246e-02   3.2849359e-01  -2.0157855e-01   1.1291212e-03   3.7845042e-01   3.7386047e-01  -5.9484173e-02   1.7401684e-02  -6.7953339e-03  -5.6574872e-02   2.7520360e-01   1.8418961e-01   2.9585076e-01   4.2842267e-01  -1.3172997e-02   5.2101603e-01  -2.3517511e-02   2.2864266e-01  -1.6914588e-01   3.3578588e-01   4.9863278e-01  -5.0109534e-02  -1.6835348e-01  -1.6007072e-01   1.2059150e-01   8.6690753e-02  -1.6616955e-01   6.7982597e-01   1.3786831e-02  -1.4141366e-01  -1.3828782e-02  -8.8966422e-02   7.5705022e-02  -1.8010770e-02  -1.0511369e-01  -1.4604916e-02   3.8850072e-01  -6.0696389e-02   5.0481843e-02   9.6159033e-02  -2.2624151e-02   1.0521154e-01   5.5635136e-01   2.5976791e-01   3.4938585e-01   1.3739977e-01   3.0625080e-01  -1.0163459e-01  -7.3705072e-03   1.4619692e-03   2.7670090e-01  -1.9189134e-01  -1.0119672e-01   5.4647676e-02  -1.6793549e-01  -7.0353541e-02   1.0723336e-01  -5.5281889e-02  -1.7147897e-01   1.8997459e-01   8.1799707e-02   1.2389716e-01  -2.0711961e-01  -1.1726445e-01   5.8128698e-03   1.9796489e-01  -8.1774255e-03   1.6786903e-01   1.3691717e-01   3.5606140e-01  -3.2002645e-02   3.6337430e-01   3.4507558e-01  -3.6975603e-02  -9.6276691e-02   6.7054197e-02   1.5694176e-02  -7.4357193e-02  -3.6120303e-02  -4.2748215e-01   3.7756511e-02   1.7473415e-01   2.1613966e-01   5.2161473e-02   4.9171508e-01
  -1.2146816e-01   2.4175215e-01   3.3907596e-04  -9.4470553e-02   0.0000000e+00  -1.8884404e-01  -8.2234092e-02  -2.2010174e-01   3.1982434e-03   3.6408942e-01  -1.0347957e-01   2.8394786e-01   6.7917239e-02  -3.6851724e-01  -4.6891600e-01  -9.8759114e-02   1.8347657e-01  -8.1718706e-02  -1.1743467e-01   5.4398396e-01  -3.3196587e-01  -4.3691587e-02  -1.8273494e-01  -3.3581974e-01  -3.1796561e-02  -5.8144677e-02   4.5745571e-01  -3.2316356e-01  -2.1101192e-01   2.0234250e-01  -2.1328113e-01  -4.9408455e-02   1.5540555e-03  -9.2879134e-02   3.3060139e-01   6.2072970e-01   1.3874825e-01   2.2065612e-01   1.0873697e-01   4.0781789e-01   2.4988867e-01   4.6600194e-02   1.6217480e-01  -2.2685106e-01  -6.2173136e-02  -3.8014973e-01   1.5150668e-01  -2.6095871e-02   2.5993622e-02   5.2021033e-01  -3.3796639e-01  -2.9642422e-03   1.2091887e-01   5.4089824e-02  -6.7878770e-02  -4.6085421e-01  -2.5126856e-01  -4.1460146e-02  -1.4629980e-03   2.6229448e-02  -1.5215501e-01   1.2041943e-02   1.6129043e-01  -1.4448257e-01  -3.2174582e-01   1.1410986e-01  -1.2116237e-01   2.9485066e-01   5.4694532e-02  -2.5894892e-01   1.3354944e-01  -2.0378061e-01   2.2667976e-01  -2.9199755e-01   8.3096287e-02   1.4562350e-01  -1.9567418e-01   7.6882539e-02   5.9223307e-01   1.4327372e-01  -5.3959399e-01  -7.1592878e-02   2.2043512e-01   7.1169120e-03  -2.9680534e-01   6.2184713e-02  -3.1822830e-02  -1.3906028e-01  -1.9931822e-03  -6.3940479e-02   7.5098107e-01  -1.7812602e-01   1.4569245e-01   1.6224834e-01  -2.0315041e-02   7.2183055e-01   1.0776031e-01  -5.4348975e-02   5.6114677e-01  -1.3314142e-01  -2.8499504e-01  -2.2397680e-01  -2.2854820e-01   9.2852302e-02  -2.2946335e-01   6.6218323e-02   2.1353345e-01  -2.8380320e-02   1.1930145e-01   1.6476270e-01   1.0703483e-01  -1.6023531e-01  -1.1006661e-01   6.2358425e-02  -4.0856167e-01   6.2739997e-01  -2.9244315e-01   1.4480783e-02  -3.1768494e-01  -5.7579325e-02  -3.3844525e-01   8.0493887e-01   3.1737837e-01   3.2706604e-01  -1.7824615e-01  -4.1005146e-01   3.3338616e-01   3.7796244e-01   1.5373691e-01  -3.9518647e-01   8.8806525e-02  -9.5031360e-02  -4.3853004e-01  -4.6064380e-02  -1.6928764e-01   4.4616338e-02   2.6940992e-01  -5.2435562e-01  -2.2848267e-02   5.3221840e-02  -1.7715051e-01   3.2962365e-01  -1.1543195e-01  -2.0050181e-01   2.7567264e-02   3.4479274e-01   1.3832688e-01   4.8147270e-01   1.3424443e-01  -2.9548695e-01  -3.7499937e-01  -2.9587417e-01  -2.6692169e-01   5.9341314e-02   5.4956287e-01  -1.6193083e-02  -3.7408849e-01  -2.2847575e-01  -1.6118772e-01  -1.6603949e-01  -5.6110850e-02  -8.5276491e-02   4.4826797e-01  -1.0396693e-01  -2.6923217e-02   5.2818587e-01   1.2700021e-01  -2.0819340e-02  -3.7876030e-01   5.0136588e-01   5.3696394e-01  -1.4863241e-01   3.6985519e-01  -2.1938715e-01   1.1723260e-01   2.8564535e-01  -1.4505905e-01
   2.7310857e-02  -2.8377671e-01   3.0240590e-01   2.0307030e-01  -1.8884404e-01   0.0000000e+00   5.3774119e-01   1.4362649e-01  -2.9736851e-01   1.5927695e-01   2.0394472e-01   5.0326115e-02   1.1557554e-01   1.1803525e-01   7.0243204e-02   8.2727643e-02   2.4346121e-01  -1.1636511e-01   5.3490508e-02   2.3309409e-01  -7.1232942e-03  -1.8455591e-01   3.0176921e-01   1.5472342e-01  -1.3384807e-01  -1.0261629e-01   2.6182119e-01   1.5622372e-02   9.9515944e-02   2.4559404e-02  -4.5380354e-01   1.1307873e-01  -1.1719807e-01   3.1847534e-01  -2.6148686e-01   1.4469312e-01  -1.0806997e-01  -1.3012436e-01  -8.9071797e-02   1.1734058e-01   3.0717616e-02   1.7078373e-02  -2.1269042e-01  -7.3439449e-02  -3.3564345e-01   2.7191879e-01   3.7068232e-01   2.8294115e-01  -7.2191351e-03   2.1139294e-02   1.6292773e-01   7.0210222e-02  -1.9445898e-01   1.2835898e-01   9.4398191e-02   1.4783107e-01   3.3743057e-01   1.0695890e-01  -7.1539859e-04  -6.0370722e-03   1.3118923e-01   6.8764656e-02  -1.7951798e-01  -3.3330065e-01  -2.9463971e-01   2.2485008e-01   6.2674740e-01  -3.1377414e-01   3.9282859e-01   4.1866447e-01  -2.2781611e-01   2.8545663e-01  -2.3995963e-01   2.5378326e-01  -7.9856315e-02  -3.7505833e-02   7.3197478e-02  -8.4590560e-02  -7.3527085e-03  -1.8089135e-01   2.8764512e-01  -1.2712531e-01  -5.4332586e-02   1.9823942e-01   2.3676599e-01  -7.9532876e-03  -7.9850511e-02   1.4768756e-01  -2.7619044e-02   9.7086698e-02  -1.7713590e-01   2.0664574e-01   2.1975887e-01  -7.9482407e-02  -2.0359296e-01  -2.7942808e-02   1.8039080e-01  -1.8048183e-02  -2.2553338e-01  -1.9730237e-01   3.2651473e-02   1.2070296e-01  -8.3056822e-02  -3.2390123e-01   2.6145354e-01   2.2959900e-02  -2.4888714e-02   1.9657570e-01   6.6523449e-02   3.1391558e-01   3.7297927e-02   1.5454848e-01   2.0597875e-01  -1.3800166e-02   1.9417616e-01  -3.2239225e-01   6.1852592e-02  -1.0004884e-01   3.1875350e-01   2.3507829e-01   8.7497858e-02  -9.8775780e-02  -1.2310182e-01  -5.7743849e-01   7.6597449e-02   8.0789063e-02  -3.0912552e-01  -1.5537166e-01  -6.0415402e-02   3.8248425e-01  -1.7275150e-01  -6.9555582e-02   1.8196856e-01  -3.7002883e-01   1.7752819e-01  -9.4489066e-02  -2.0817803e-01   8.8063681e-02   1.4433042e-01  -1.0434133e-01   8.5846045e-02  -1.1260180e-02   3.9512406e-02   3.1256264e-01  -2.3455724e-01  -5.1088928e-01   1.1801137e-01  -7.7886638e-02   3.9710435e-01  -2.8220780e-01   2.6463825e-01   5.5816765e-02   1.5682514e-01  -1.2966882e-01  -3.3595600e-02  -1.5177135e-02   7.4813661e-02  -4.5186938e-02   1.5437425e-01   2.6512799e-01  -5.6637446e-02   2.6621029e-02  -2.5105192e-02   2.9116652e-02   1.6299147e-02  -3.0031293e-01   1.6326842e-01   1.1351136e-01   1.6359882e-01   4.7936286e-02  -5.1432019e-02  -3.0189537e-01  -4.5047909e-01   2.8815170e-01  -2.2665270e-02  -1.5075134e-01   6.5386059e-02
   5.7582608e-02  -1.2927881e-01   3.4932956e-02  -7.0305661e-02  -8.2234092e-02   5.3774119e-01   0.0000000e+00  -1.0688226e-01  -3.9113720e-01   3.0437662e-01   2.9464588e-01   7.1349701e-02   1.5587543e-02  -1.7741048e-01   3.0176839e-01   8.9492441e-02  -5.2417256e-02  -2.6594690e-02  -1.3870416e-01   4.1539646e-01   1.1438168e-01  -3.3288904e-01   4.1948124e-01  -1.1410065e-01  -3.1454897e-01  -3.5247277e-01   2.3967786e-01  -7.5272565e-02  -4.5273335e-02   7.3729745e-02  -2.4709475e-01  -4.1561444e-02  -1.6838767e-01   6.5518518e-01   4.6339094e-02   2.3565657e-01   1.6081107e-01   3.1721516e-02  -2.4158890e-02   9.9602384e-02  -6.3957982e-02  -1.4989522e-01  -2.5884542e-01  -2.8243330e-01   3.2393615e-02   7.3855708e-02   1.7825533e-01   4.2790024e-01  -2.9432111e-01  -3.1765431e-02   3.4971986e-01  -8.8694261e-02   8.5729187e-02   5.4180144e-03  -1.6069053e-01  -2.0606034e-02   3.0842885e-02  -1.5088715e-01  -1.5256486e-02   8.9948757e-02  -4.5922825e-03   5.9713345e-02  -2.5102937e-01  -1.1655734e-01  -8.7516198e-02   4.2322817e-01   1.1813214e-01  -4.0321407e-01   1.2842448e-01   1.1560897e-01   2.0673586e-02   3.2764334e-01   7.5865467e-02   1.2034906e-02  -2.0486642e-01  -5.3497405e-02   2.1187975e-02  -1.1126623e-01   9.7417312e-02  -8.9339896e-02   2.5220792e-01   1.2113170e-01  -4.4070345e-02  -1.6941272e-01   3.0851774e-02  -2.5735957e-02   1.6972312e-02  -7.7427556e-02   1.8332766e-01   1.1690024e-01  -6.5640017e-02  -4.7692232e-02   2.7564287e-01  -1.5757860e-01  -7.0893218e-02  -3.1341655e-02   1.7109993e-01  -2.6321498e-01  -1.5878240e-01   2.0482064e-01  -1.3609842e-01   3.2555114e-01  -2.2763170e-01  -2.8708998e-01   3.6430528e-01  -1.6552979e-01  -1.9081866e-01  -1.0274510e-01   3.0781610e-01   8.7617074e-02   4.0367057e-01   2.2526167e-02  -1.2465626e-02   1.6216345e-01   7.3663078e-02  -7.4806581e-04  -1.0133550e-01   1.5359724e-02  -1.9958595e-02  -1.5039155e-01   1.7785334e-02  -3.6090189e-02  -1.9343739e-01  -2.6327175e-01   1.0405247e-01  -1.4220834e-01   1.1520043e-01  -2.2643463e-01  -2.3659227e-01   6.0918507e-03  -1.6974173e-02   2.2963815e-01  -7.4128307e-02  -2.3761051e-01  -1.9664373e-01  -1.4825784e-01  -1.3180685e-01   9.4914608e-03  -7.5661650e-02  -3.1663604e-02   2.2555317e-02   5.8387802e-02  -7.4130476e-02   7.8511015e-02   1.0631010e-01  -1.3987625e-01   2.8280172e-01   1.1264470e-01   4.2638038e-01  -6.8667931e-02   9.6623035e-02  -1.0880857e-01  -9.2280566e-02   5.4496007e-02  -7.4896441e-02   5.6691686e-02  -4.1110197e-02  -5.9913259e-02  -1.0010903e-01   5.9963375e-02  -8.0942185e-02   7.8383749e-03   8.0721789e-02   2.1653653e-01  -2.3487244e-01   5.7664571e-02   4.5539038e-01   1.2384248e-02  -6.9114195e-02   3.2934624e-02   1.5942192e-01  -1.5004589e-01  -8.8913061e-02  -1.0494592e-01  -8.9902745e-02  -2.3585340e-01  -1.6223706e-01
  -1.2880029e-01  -1.9328072e-01  -2.2819743e-02   2.5286999e-01  -2.2010174e-01   1.4362649e-01  -1.0688226e-01   0.0000000e+00   2.4117586e-01  -1.0386988e-01   1.0310702e-01  -3.6319232e-01   1.3376311e-01   5.2161248e-04  -4.3736506e-03  -1.0169649e-01  -1.4064533e-01  -4.8443040e-02   2.5669547e-01  -2.1401890e-01   1.0204924e-01   3.2321706e-01   1.4420630e-01   2.1330052e-01   4.7436802e-02   4.8774484e-01  -1.6421795e-01   1.2279177e-01  -9.6014030e-02  -7.3727213e-02   1.1203871e-01   3.2215029e-01  -1.5876010e-01  -8.0392082e-02  -2.5685886e-01  -2.0529892e-01  -2.1072873e-01  -4.3591074e-01  -1.0319860e-01  -2.2447048e-01  -5.3694923e-02  -2.4614659e-01   1.8569324e-01   5.8158903e-02  -1.3386300e-01   2.8494403e-01   1.2008272e-02  -7.5435460e-02   1.2612601e-01  -2.6168732e-01  -3.0160330e-02   6.4345259e-01  -2.7074765e-01  -1.1382631e-01  -2.4490288e-02   1.7520031e-01   1.0258267e-01   4.7121675e-01   7.5339550e-02   2.9703088e-02  -4.8158540e-02   1.2959889e-01   2.9391790e-02   1.8485624e-01  -2.8121416e-02  -4.5649642e-02   3.1619871e-01  -1.0391445e-01   1.6560864e-01   2.2413758e-01  -1.1790259e-01   1.3544044e-01  -1.2283511e-01   1.1052873e-01   3.2887988e-02   3.4871279e-01  -3.7039887e-02  -1.1646102e-02  -3.2542501e-01  -1.3444618e-01   3.3420261e-01  -1.7007046e-01  -2.4946825e-01   5.2497533e-01  -1.1511719e-01   3.9107313e-01  -2.5127236e-02   2.2961152e-01   9.8946147e-02  -2.7458343e-01  -1.5153872e-01   2.0827252e-02  -1.5219514e-01   9.1758769e-02  -3.7204327e-01  -2.8212082e-01  -1.3101921e-01   4.2392683e-01  -2.2984553e-01  -2.3633066e-03  -2.7101098e-02   1.8409218e-01   2.8160857e-01   1.3587315e-01   1.2521200e-01   3.0670069e-01  -2.9960926e-01   4.5300564e-01  -1.1247110e-01  -1.6711685e-01  -2.4447586e-01   2.0368403e-01   1.2984649e-01  -1.8676569e-01  -1.4171715e-02  -3.4914744e-01   2.9028170e-01  -5.0715322e-02   9.7152003e-02   1.8214096e-01   1.3560676e-01  -2.3627786e-01  -1.6554518e-01  -2.1982677e-01  -8.4560975e-02   2.0788214e-01  -2.9272511e-01  -4.6673238e-02   3.9321420e-01   1.9759384e-01  -6.5544281e-02  -8.7734985e-02   2.8818012e-01  -1.0406920e-01   2.9750050e-01   4.3197104e-01   8.7837437e-02   2.4388029e-01   5.6062944e-01  -2.5591229e-01  -9.0376401e-02   7.0683007e-02   3.3737342e-01  -1.3372001e-01  -2.6764415e-01  -6.8056407e-02  -2.6514923e-01  -2.1633966e-01  -3.3776814e-03   3.8975618e-02  -4.1799816e-02   5.0616310e-01  -8.8846421e-02   1.8964582e-02  -3.1054930e-01  -3.3196165e-01   1.7940132e-01   1.0699328e-01  -6.9765918e-02   3.3720425e-01  -8.5606881e-02   3.8490146e-01  -2.4966403e-01   1.6623409e-01   2.5707764e-01  -2.2056639e-01  -1.0770912e-01   1.2476328e-02  -2.7579645e-02  -3.0993590e-01  -2.6414232e-01  -1.9983660e-01  -1.6722729e-01   1.7183579e-01  -5.3102259e-02  -2.4137891e-01   3.7355133e-01
  -1.1481107e-01   3.8623855e-01  -3.6532367e-01   1.6051385e-01   3.1982434e-03  -2.9736851e-01  -3.9113720e-01   2.4117586e-01   0.0000000e+00   2.3178410e-02  -7.9131786e-03   6.4164677e-02  -1.6199097e-01  -2.1744590e-01  -3.2663437e-01  -3.9337758e-01  -2.5064891e-01   9.4579274e-02   2.8776382e-01  -1.7541142e-01  -8.1629233e-02   4.0021051e-01  -2.7339224e-01   1.5239993e-02   1.5915746e-01   4.0807024e-01  -6.6472988e-02  -3.3807453e-01   2.6029438e-01   2.0336136e-01   2.9194623e-01   2.1533227e-01  -2.4160931e-02  -2.7007031e-01   2.6216559e-01  -4.6350623e-03   3.8309446e-02  -2.1253203e-01  -2.8263896e-01  -7.5285928e-02  -1.1216403e-01  -2.7728136e-01   6.2725003e-01  -2.1984364e-01  -6.2301372e-02  -8.0767335e-02  -9.0256913e-02  -1.2871670e-01  -4.4221472e-02  -9.3049288e-02  -1.6597742e-01   2.7141441e-01   8.0170077e-03  -2.1741971e-01  -6.8240763e-02  -2.4638334e-01  -1.6385701e-01   4.5393148e-01  -4.3905059e-03   2.6329198e-01  -2.8087360e-01  -2.3808290e-01   6.5064866e-01  -1.6162759e-02  -5.7259219e-02  -1.0209360e-01  -1.4024522e-01   4.7196787e-01  -8.4326042e-02  -1.2257111e-01   6.2815768e-02  -1.2726175e-02  -2.1384549e-01  -2.7446317e-01   2.8986691e-02   3.2013966e-01  -2.6587320e-01   1.5206453e-01   2.8473904e-02  -1.3166349e-01  -2.5565706e-01  -3.2611082e-01  -2.6400376e-01   3.1549297e-01  -4.3411607e-01   3.7416343e-01   8.0729981e-02  -2.0957502e-02   1.2281931e-01  -1.3718846e-01   2.0707690e-01  -2.4655353e-01  -3.3750906e-01   6.2488909e-01  -3.0482709e-01  -1.1771552e-01  -5.8941916e-02   3.2106209e-01   1.3883899e-01  -1.2624389e-01  -3.2667538e-01  -3.9861837e-02   1.7870164e-01   7.0057558e-01   1.3314662e-01   1.5172536e-01  -2.0758596e-01   2.8192507e-01  -5.5550520e-01  -7.6517127e-02  -4.6833032e-01   1.1406759e-01   2.3582674e-01  -1.8530897e-01  -3.7368102e-01  -3.9714255e-02  -4.8397736e-02  -2.3511985e-01  -1.7802201e-01   1.0388707e-01  -2.4449943e-01   5.2237256e-02   3.6504670e-01   3.3872263e-01  -1.5334014e-01  -9.1126389e-02  -4.5998250e-03  -3.8283754e-02   6.0032144e-01  -1.6503089e-01  -2.5013019e-01  -2.3359543e-01  -4.8140819e-02   1.6499564e-01   5.6872153e-01   4.4038723e-01   1.7132793e-02  -1.1981374e-01   3.8863339e-01  -1.3381588e-01   3.2994877e-03  -1.3105370e-01   3.5845648e-01  -3.3146556e-01  -1.7974244e-01   3.0177370e-01  -2.5558612e-01   1.7864152e-01  -7.0696380e-02   5.9486414e-02  -4.9565553e-01   2.4681932e-01  -4.0607019e-01   1.0119362e-01  -4.3472562e-02  -1.1617609e-01  -1.3540836e-01  -1.6121124e-01  -3.0829377e-01   1.1571808e-02   2.1421413e-01   3.0698488e-01   5.2598209e-02   2.3180008e-01   4.6697719e-01   4.4855352e-02   5.8991502e-02   1.9278366e-02  -3.2654067e-01  -2.0227472e-01   1.3707721e-01  -2.0922473e-01   3.8078231e-01  -1.6022795e-01  -5.6838025e-02   1.5519810e-01   4.6162030e-01
  -1.3304059e-01   1.1094343e-01  -7.8219205e-02   9.9378781e-02   3.6408942e-01   1.5927695e-01   3.0437662e-01  -1.0386988e-01   2.3178410e-02   0.0000000e+00   2.1610389e-01   3.9038043e-01   8.2166631e-02  -2.4373810e-01  -6.5311601e-02  -1.5905701e-02  -5.6052478e-02  -8.5971112e-04   1.4722112e-01   6.5695222e-01  -6.5110863e-02  -6.0533792e-02   2.8816299e-01  -2.9912496e-01  -2.6575928e-02  -1.7240902e-01   2.0983987e-01  -3.8160785e-01  -3.8422414e-01   3.0046409e-01  -1.0575588e-01   2.1897214e-01  -2.0875557e-01   4.8954444e-01   3.0278894e-01   5.4137194e-01   2.0032999e-01   5.4238287e-02   6.5159568e-02   1.2924623e-01   1.3839957e-01  -1.6317873e-01   1.2334752e-01  -3.2715442e-01  -7.8936228e-02  -2.4429525e-01   3.4625386e-01   1.8154918e-01  -2.3410722e-01   1.9950880e-01   2.7987210e-01  -3.8580637e-02   1.5197544e-01  -2.3196624e-01  -2.6129803e-01  -1.7017760e-01  -8.7978464e-02   9.0392201e-02   2.5371555e-02   3.9740235e-01  -2.3975462e-01  -2.5790576e-01   3.5598461e-02  -2.3146523e-01  -2.7121031e-01   8.3818493e-01  -3.5232509e-02   5.6804614e-02   1.4348465e-01  -1.9135113e-01  -1.2887410e-01   2.0317367e-01   2.3251278e-01  -1.6825328e-01  -1.6524456e-01   1.2644787e-01  -1.7863543e-01   3.1389168e-02   4.9172360e-01   1.0929140e-01  -2.8944160e-01   1.4617493e-01   7.3393461e-02   4.1549792e-02  -3.0618112e-01   2.3463388e-01   4.9427358e-02  -2.1857837e-01   9.6895451e-02   3.5737716e-02   4.8422938e-01  -1.2580955e-02   3.0406317e-01   2.5278217e-01  -1.5475546e-01   4.5457240e-01   8.4548883e-02   6.3092343e-02   1.8221713e-01  -1.1651122e-01  -4.1041449e-01   1.7582233e-01  -1.8983063e-01   6.9110739e-02   3.8303169e-01   7.8300843e-02  -7.7370536e-02   1.6529482e-01   3.5638495e-02   3.6336098e-01  -1.9054125e-02   2.2630980e-01   2.2655855e-01  -4.9918054e-02  -3.5155144e-01   2.7141452e-01  -2.6156733e-02   1.7989474e-02  -1.1135859e-01   5.9854937e-02  -2.0174855e-01   5.6059640e-01   1.9356145e-01   6.8982274e-02  -8.0021103e-02  -4.2419055e-01   5.0826764e-01  -5.3778495e-02   2.4920368e-02  -2.7014492e-01  -1.0810565e-01   1.4528629e-01  -3.9532601e-01  -1.1290624e-02   1.5544361e-01   1.3057289e-02   1.1834331e-01  -3.2957344e-01   1.0869875e-01  -1.3518980e-01  -1.5031467e-01   1.6697195e-01   4.1952380e-02  -4.0819091e-02   2.7288371e-01   1.8916058e-01   4.8072628e-02   5.1771235e-01   6.6959777e-01  -1.7779404e-01  -3.7051281e-01  -2.8492866e-01  -2.6471483e-01   7.6157991e-02   2.1508147e-01  -5.5996249e-02  -4.1006801e-01   1.6493180e-03  -2.7691827e-01   2.4361330e-02  -2.4622213e-01   1.5768776e-01   4.5926747e-01   2.7887419e-01   1.1556677e-01   2.3292905e-01   3.0662789e-01   1.5664135e-01  -3.2837183e-01   3.6965048e-01   7.6151679e-01  -4.8781748e-01   2.2452947e-01   7.5276974e-03  -8.1208198e-02   5.5966054e-02   5.0990281e-02
   2.1995296e-01  -2.8342475e-01  -1.7035721e-01   1.3787409e-01  -1.0347957e-01   2.0394472e-01   2.9464588e-01   1.0310702e-01  -7.9131786e-03   2.1610389e-01   0.0000000e+00  -2.2798330e-01   1.2902817e-01   6.3450696e-02   1.9571565e-01   2.5455534e-01  -2.3686908e-01   2.6032617e-01  -1.6209424e-01   9.9395684e-02   1.1322545e-01  -1.1497607e-01   3.2562106e-01   3.4551752e-01  -1.5055192e-01  -3.6372962e-01  -7.8840452e-02  -1.2973188e-01  -7.9137646e-02   2.0186214e-01  -1.9705965e-02   1.3316893e-01  -3.3246792e-01   2.1314144e-01  -4.0644980e-01   3.9294485e-01   3.2951019e-01  -1.0998969e-01   1.5263555e-01  -4.4030442e-01   1.8239717e-01  -1.8139165e-01  -1.8930224e-02   5.5774948e-02  -2.8100649e-01   2.3205684e-01   5.6617514e-01   2.9851273e-01  -2.9813869e-01  -4.0776372e-01   5.3935781e-01  -5.1244571e-02   2.0138804e-01  -2.7225392e-01  -1.5182015e-01   3.8796860e-01  -1.9576943e-01   9.4095049e-02   3.1267682e-01   2.4625032e-01   1.0746672e-01  -8.8552133e-02  -7.8552408e-02  -9.7143841e-03  -2.2864980e-01   3.2948576e-01   1.2708490e-01  -1.7795340e-01   4.2644628e-01  -5.5001033e-03  -3.3979225e-01   6.2787217e-01   1.9484541e-01   2.0705748e-01  -3.3622428e-01  -1.4915043e-01   1.8189428e-01  -9.5679158e-02   6.2412470e-03  -5.2919677e-03   2.4208208e-01   2.7664909e-01  -6.9782740e-02  -1.7965039e-01  -1.9865644e-01   1.3313748e-01  -1.6964184e-01   1.9818592e-01   1.1025292e-01   1.9909145e-01  -4.7228799e-02   1.8525699e-01   1.1900498e-02   5.1595587e-02  -8.2120033e-02  -2.2762843e-01   6.3882846e-02  -2.9428620e-01   5.0494338e-02  -2.7738224e-01  -1.2550574e-01   5.4272325e-01   4.3106030e-02  -8.0615787e-02   6.5106182e-01  -2.7910565e-01  -2.7227115e-01   2.7513620e-03  -1.1218141e-01   5.0093812e-01  -2.1131374e-01   5.2865491e-01   1.9497461e-01   1.8462886e-02  -1.1038537e-01  -2.2114257e-01   2.6882674e-01   2.5593054e-01   2.0395192e-01   1.7715184e-01   2.9112956e-01  -7.6601466e-02  -2.3458260e-01  -1.2055458e-01   1.4704760e-01   2.7933716e-01  -5.4542299e-02  -2.2207403e-01   7.9646261e-02  -4.1248594e-02   1.2365898e-01   4.6120185e-02   1.2271951e-01  -1.8760669e-01   1.2886945e-01  -1.0374626e-01  -5.1404312e-02  -9.1079019e-03   1.7825360e-01  -1.5465991e-01   2.8084654e-01   9.5149823e-02   4.7136740e-01  -7.2203532e-02  -1.8546464e-01   1.1320365e-01  -5.2050608e-01   4.4807310e-01   6.2532034e-01  -1.8585629e-01  -2.8568168e-02  -9.0414205e-02   4.1091198e-02   2.4361749e-01  -4.5427773e-01   1.1175049e-01   2.4582633e-01   3.6742137e-01  -2.9655832e-02   2.2155563e-01  -1.6405210e-01   4.9836021e-01   2.2613783e-01   5.0947751e-01   2.3669262e-02  -3.3329519e-01   4.0280443e-01   1.4000184e-01   5.5434250e-02   4.2505688e-03   1.5479102e-01  -1.3552788e-01   3.3556974e-02   1.3969353e-01  -1.3924631e-01  -1.9863669e-01   3.2764271e-02
   1.3029795e-04   2.9921266e-01   2.5146079e-01  -1.2034817e-01   2.8394786e-01   5.0326115e-02   7.1349701e-02  -3.6319232e-01   6.4164677e-02   3.9038043e-01  -2.2798330e-01   0.0000000e+00  -2.6267623e-01  -2.0888105e-01  -1.7219847e-01  -1.5151283e-01   3.5792369e-01  -2.6115257e-02   2.0022051e-01   3.9367727e-01  -2.6016798e-01  -1.4822902e-01  -2.7720463e-01  -2.7661715e-01   8.1779072e-02   1.1052926e-02   2.4551925e-01  -2.5483240e-01  -2.9873677e-02   1.0168873e-01  -1.9921389e-01  -1.6564854e-01   2.3723859e-01   1.4905732e-01   4.5724245e-01   2.2983361e-01   4.7848056e-02   1.2736841e-01  -7.9014549e-02   2.8812540e-01  -1.5018503e-02  -2.4014178e-02   1.3876938e-01  -1.0893598e-01   1.3170539e-01  -3.2306384e-01  -3.1493134e-02  -1.0975640e-01  -1.9278391e-01   3.9215592e-01  -9.7144846e-02  -2.1098526e-01   1.0824055e-01   1.9220382e-01  -1.5974719e-01  -2.8892355e-01   9.7449210e-02  -1.3948714e-01  -1.2906919e-01   3.8776094e-01  -2.3873182e-01  -2.1811658e-01   2.5135883e-01  -3.8483033e-01  -1.7121226e-01   2.1233708e-01  -1.8602240e-01   1.8434486e-01  -1.2517665e-01  -1.4876414e-01  -1.8910252e-02  -2.1645194e-01  -3.9191019e-02  -1.1909172e-01   7.5748472e-02   3.1459032e-02  -2.9581399e-01   1.1041793e-01   4.8182825e-01   5.5910452e-02  -4.4991263e-01  -1.4577670e-01   1.4721318e-01   9.6163011e-03   1.3302973e-01   1.2300166e-02  -5.3995774e-02  -2.3732108e-01  -1.4715386e-01   4.4782951e-02   2.9347107e-01  -2.0311626e-01   3.4940821e-01   2.9496490e-01  -4.7481383e-02   4.0524513e-01   1.4417450e-01   1.2650297e-02   3.5288085e-01  -2.3171186e-01  -2.3996920e-01  -9.3468403e-02  -3.9516696e-01   7.1681411e-02  -1.1333736e-01  -6.4987809e-02   3.2035808e-01   4.5611946e-04  -1.6777826e-01   9.6131214e-02   1.3224469e-01  -1.7144461e-01   1.2788846e-01   5.1055289e-02  -1.6675114e-01   2.6378285e-01  -2.1409507e-01  -2.6512127e-01   3.7698207e-02  -1.3383875e-01  -2.8763091e-01   5.0406961e-01   5.4011926e-01   1.7998094e-01  -1.2648279e-01  -4.4189370e-01   4.5541537e-01   3.3536976e-02   5.0141603e-02  -1.8546940e-01  -2.6721550e-01  -9.5662849e-02  -1.3827314e-01  -4.5932735e-02   5.6373090e-02   2.8937173e-02  -1.1101049e-02  -3.9103978e-01  -8.7060314e-02   6.5510443e-02  -1.7283891e-01   1.6752575e-02  -1.8017368e-01   2.2871960e-01   2.6466955e-01   1.6030631e-02   4.2662785e-01   2.8050521e-01   1.2353086e-01  -1.1966694e-01  -6.3712669e-02  -2.7695853e-01  -1.1004216e-01  -2.9736849e-01   5.6129606e-01  -2.4964965e-02  -3.8238371e-01  -2.6340440e-01  -1.2950359e-01  -2.6687246e-01   7.7894537e-02  -1.5828997e-01   2.0829375e-01  -1.9311001e-01   4.6233791e-02   3.2141380e-01   2.1325806e-01   7.7254557e-02  -1.3923819e-01   4.5509885e-01   4.1017881e-01  -1.6273875e-01   1.6580383e-01   1.9280069e-01  -1.6657803e-01   1.7723310e-01   3.0061242e-02
   4.5646307e-02  -4.1142600e-01  -1.0049642e-01   8.8481513e-02   6.7917239e-02   1.1557554e-01   1.5587543e-02   1.3376311e-01  -1.6199097e-01   8.2166631e-02   1.2902817e-01  -2.6267623e-01   0.0000000e+00  -1.1028574e-01   2.3320290e-02   4.3795350e-01  -1.4917158e-01   1.1106141e-01  -1.2895200e-01   2.4331955e-01  -4.9697535e-02  -1.7505799e-01   1.3021029e-01   1.2519692e-01  -7.0007915e-02  -2.3674553e-01   1.1681346e-01  -9.4656132e-02   7.2408930e-03  -1.5636140e-01  -2.3488870e-01   1.1134923e-02   9.6150391e-02   2.5095039e-02  -1.9590918e-01   2.5756386e-01  -5.6770989e-02   3.0218207e-02   4.4024350e-01  -1.5777309e-01   6.5371473e-01   8.4539108e-02  -3.2218185e-02  -1.0326708e-01  -5.0768656e-02   6.2934287e-02   3.6403335e-01  -8.7204423e-02  -9.5444000e-02  -1.5770769e-01   1.2623887e-01  -2.8465799e-02  -9.0077764e-02  -1.4318852e-01   8.4510510e-02  -1.9632418e-02   9.4932035e-02  -2.6128515e-02   1.8234304e-01   4.6503273e-02   5.3800097e-02   2.2457511e-02  -1.8987143e-01  -1.7134949e-01  -2.1796084e-01   1.3086162e-01   2.4420832e-01  -9.8559951e-02   1.2747827e-01   2.0085929e-01  -2.7339496e-01   1.7836523e-01   3.7532110e-01  -8.0346257e-02   5.8743443e-02  -8.5328523e-02   9.0171227e-02  -1.1130961e-01  -5.8982027e-02   9.4895926e-02  -7.9508089e-02   5.0484722e-01  -6.5986967e-02  -3.8985174e-02  -4.7950199e-02  -5.6945951e-02   3.1537642e-02   6.0570203e-02   1.4490876e-01   1.0057677e-02  -7.6219243e-02   7.8334974e-02  -2.9218589e-02  -1.2780805e-01  -8.0247321e-02  -1.4905849e-01   1.9298132e-01  -3.8663239e-02   4.9110223e-03  -1.0562668e-02  -1.5681860e-01   9.1967248e-02  -2.3932081e-01  -8.3577518e-03   1.5107885e-01  -1.0790627e-01  -1.5364183e-01   1.3504928e-02   1.6092847e-01  -6.5739327e-02  -1.0158558e-01   9.2850092e-02   1.0517644e-01   1.3507022e-01  -1.1792231e-01  -1.3941391e-01   7.3921211e-02   5.9630482e-01  -1.6196861e-02   1.0800658e-01   1.4521987e-01  -6.5666127e-02  -2.8711474e-01  -1.8578173e-01  -6.1857903e-02   5.4821461e-02  -1.7507858e-01   2.7679250e-01  -7.0006794e-02   1.0487973e-01   5.4206689e-01   5.8323850e-02   1.0853623e-01  -2.8792072e-01  -8.3371638e-03  -1.6824587e-01   1.3950671e-01  -1.1412904e-01  -5.3303806e-02   6.8494149e-02   5.2329388e-02   3.1293214e-01  -3.4028777e-02  -1.4714843e-01  -1.9153654e-01  -1.0796626e-01  -2.9142235e-01  -6.9523525e-02   1.5897292e-01  -2.4089075e-01  -5.9065045e-02  -9.9740522e-02   2.6514877e-03   7.0107261e-02  -1.9712427e-01   1.5541949e-01   4.3769597e-02   2.9148065e-01  -3.0302983e-03  -2.0950905e-01  -1.4685117e-01  -9.4707016e-02  -3.6643819e-02   1.5609208e-01  -1.6785907e-01  -2.0133221e-01  -1.3652256e-01  -2.9043288e-02   5.8756619e-02  -6.1498074e-02  -6.5334244e-02  -5.4219637e-02  -2.0810127e-01  -1.5507830e-02   7.8751532e-02  -3.2733809e-02  -1.8035407e-01
   1.7435045e-01  -2.2036706e-01  -4.3091795e-02   2.1943035e-01  -3.6851724e-01   1.1803525e-01  -1.7741048e-01   5.2161248e-04  -2.1744590e-01  -2.4373810e-01   6.3450696e-02  -2.0888105e-01  -1.1028574e-01   0.0000000e+00   2.7302458e-01   2.3438674e-01  -6.1902666e-02   1.3912921e-01   2.7266616e-02  -3.1642898e-01   2.7351969e-01  -1.2465947e-01   2.5098220e-01   3.7863089e-01   1.2341786e-01   5.0325926e-02  -3.4146585e-01   4.4062902e-01   2.0330532e-01  -3.1336952e-02   2.8013440e-01   1.1811005e-01   1.3249507e-01  -2.4827589e-01  -3.3053721e-01  -3.4556126e-01   9.3706176e-02  -2.0989861e-01   7.1470520e-02  -3.4476710e-01  -1.0886805e-01   1.7964536e-01  -2.7320140e-01   4.8773146e-01  -9.5012893e-02   8.9623417e-02  -2.2418098e-02   1.2094297e-01   4.3184195e-01  -3.0800958e-01   1.1816456e-01  -1.0210472e-01  -1.3986870e-01   1.4271122e-01   4.3100674e-01   4.6940419e-01   7.9542486e-02  -1.0007308e-01  -7.7275334e-02  -8.0228997e-02   5.2812109e-02   2.2272754e-01  -2.8714779e-01   8.2375708e-02   1.9263750e-01  -1.3799066e-01   3.3782415e-01  -2.5606572e-01   1.2469474e-01  -7.4928738e-02  -2.5392922e-01   1.0588100e-01  -5.5385847e-02   3.7286772e-01  -3.2096920e-02  -1.9188326e-01   1.0430145e-01   3.7945876e-03  -3.1651543e-01   6.3675961e-02   2.3269372e-01   1.2349105e-01   1.8599180e-01   5.7931131e-02   3.4409386e-01  -9.4831064e-02   8.6640383e-02   3.8699461e-01  -2.3464395e-01   2.5660503e-01  -3.3244944e-01   9.8081050e-02  -9.2433354e-02  -1.8861112e-01   4.6757599e-02  -1.4863684e-01   6.2082222e-03   2.7725652e-02  -2.4240227e-01  -2.0283285e-01   6.0847394e-01   8.4429120e-02   4.1518984e-01  -1.7576159e-01   6.8516632e-02   8.7832917e-02   1.4655019e-01   9.7994046e-02   7.0762918e-02   2.4279888e-01  -3.4030765e-02   8.3528195e-02   4.8602024e-02   5.2093634e-02   3.2417890e-01  -3.3750435e-01   2.0625495e-01   2.9292977e-02   2.8203323e-01   2.4048770e-01   1.6534210e-01  -3.3432617e-01  -1.7861672e-01  -1.2565263e-01  -1.0123420e-01   4.5644122e-01  -1.2436669e-01  -1.0615633e-01  -2.9547028e-01   1.9837914e-01   6.9579625e-05  -1.3669089e-01   1.9463092e-01   2.1261109e-01   4.4182385e-02  -8.4971069e-02  -5.2479083e-02   4.6406595e-01  -1.6240489e-02  -3.6904835e-02   2.1474892e-01  -2.3270308e-01   3.5701049e-02   1.4181291e-01   5.2880681e-02  -1.5932129e-01  -2.2946949e-01  -1.2932339e-01  -4.3258829e-02  -2.4982380e-03   4.3955628e-01   1.7035410e-01   5.3565431e-01  -2.8896868e-02  -3.5588821e-01   1.0012280e-01   2.6017955e-01   1.7157403e-01   1.4380705e-01   2.9060734e-01   7.8106487e-03  -2.6610847e-02  -1.4497527e-01  -8.2742711e-02  -8.3538130e-02  -3.6634211e-01  -1.6825112e-01   6.3541160e-02   4.3729989e-01   4.3618852e-02  -3.4535513e-01  -1.7291202e-02  -1.8698338e-01   2.1668081e-01   7.2686181e-02  -1.2745570e-01  -1.6261903e-02
