   0.0000000e+00   1.9079251e-02   5.4213737e-02   3.8014126e-02  -1.6949350e-01   7.7120625e-02  -1.6116693e-01   1.1155696e-01   4.3617948e-02  -2.2370918e-01  -1.7973110e-01  -8.8153239e-02  -1.7767332e-01   5.6744079e-02  -1.8163047e-02  -8.6833840e-02  -7.4327274e-02  -1.6119591e-01   1.5047396e-01  -1.4036549e-01  -7.1543595e-02  -2.1922310e-03  -9.3691654e-02   2.6758383e-01   6.5470761e-03   1.7211255e-01   6.6124553e-02  -2.2416123e-01  -9.2603912e-02  -1.5213934e-01  -1.5779886e-01   8.3014346e-02   1.7605986e-02   4.2429515e-02   9.4271723e-02  -1.8838249e-01  -1.0693181e-01   3.0468432e-01  -1.8910966e-01  -4.2334816e-02  -8.2442920e-02   4.3594367e-02   4.8532647e-02  -9.3889944e-02  -8.6681732e-02   4.3027859e-01  -1.6651020e-01  -7.2144764e-02  -1.4356666e-01  -6.1722323e-02  -3.9464424e-02  -1.5214316e-02   6.7981412e-02   2.2337807e-02   4.5789420e-02   4.8495143e-02   6.3082047e-03   6.0741204e-02  -5.6370496e-02   3.3074942e-02   2.2389209e-01   3.4468202e-02   1.2732780e-01  -1.5230735e-01  -4.8771823e-03  -2.2875493e-01   2.6448998e-02   1.6322729e-01  -6.6098980e-02   3.0522721e-02  -1.0248954e-01  -8.0097501e-02  -1.2629294e-01   4.1294858e-01  -7.3029905e-02  -1.5809173e-03   2.5482592e-01   2.8230160e-03  -8.9186098e-02   4.7270681e-03  -1.9189490e-01  -5.9450799e-02  -6.0383465e-02   9.8347004e-02   1.8908916e-01  -1.0264877e-01   3.9132968e-02   9.5677274e-02   1.4645108e-01   6.0570399e-01   4.9547864e-02   2.2891076e-01  -1.6361234e-01   8.6419560e-02   3.1378676e-01  -3.1858139e-02   2.0305080e-01   5.6063454e-02   1.0801524e-01  -1.1116549e-01   4.1146489e-02  -4.2286178e-03  -1.5303467e-01   1.5664440e-01   4.0804447e-02   4.0821832e-02   5.3796567e-02   2.2404894e-02   4.6434141e-02  -2.7306715e-02   4.0924664e-02  -7.5368517e-02  -4.5118990e-03   5.1486359e-01  -5.1116331e-02  -1.9004942e-01   1.9205804e-02  -1.1778680e-01  -1.5504114e-01   1.3042060e-01   2.6368825e-01  -7.0817255e-02   1.3778377e-01  -1.7964575e-01   3.8025406e-01   1.1772999e-01  -1.2340970e-01   1.2877650e-01  -1.3932996e-01  -8.5020017e-02  -8.0201530e-02  -9.4514016e-02   2.4888777e-01  -2.7067568e-01   1.2150097e-01  -1.2877120e-01   1.0303439e-01  -2.2379497e-02  -8.1252936e-02   4.6149900e-01   5.1533868e-01  -2.1013969e-01   1.8827276e-02  -6.3933775e-03  -1.8927838e-01  -2.0890611e-01  -1.1879193e-01  -1.7027062e-01  -1.0458896e-01  -4.5426991e-02   5.5381639e-02  -1.0198813e-01   1.5328638e-01  -2.6458384e-02  -8.3349829e-02   2.8697112e-01   2.5074480e-01  -1.6841325e-02   1.4051804e-01  -1.2312218e-01   1.2279857e-01  -7.8680885e-02  -5.5888132e-02  -1.2962276e-01  -1.2585329e-01  -1.5576672e-01   5.2729144e-02  -3.7897956e-07   1.6301225e-01  -4.9021856e-02  -2.1477224e-01   2.6991836e-01  -1.2245132e-01   5.4702779e-02   1.0923856e-01   6.3775331e-02  -6.3719707e-02
   1.9079251e-02   0.0000000e+00  -3.5331224e-02  -2.5786905e-01   2.9490425e-01   9.6309865e-02   1.1512993e-02  -5.8407150e-03   3.0061690e-01   3.1176368e-01  -1.9014084e-01   5.1342968e-01  -1.3164480e-01  -3.8267722e-02   2.2289963e-01  -8.1143348e-02   2.5156410e-01   2.4444945e-02  -3.5900654e-02   3.2678798e-01   3.2713224e-01   2.0227667e-01   2.1010387e-01  -1.5283028e-01   3.1516957e-01  -2.9287558e-02   2.0942416e-01  -1.4906902e-01   8.0662491e-02   4.6196415e-01   3.5851026e-01  -2.1837435e-01  -2.3834931e-01   1.1024011e-01   2.2298990e-01   9.1758674e-02   5.4243474e-01  -1.3002762e-01   4.3067120e-02   2.6033606e-01  -1.5053198e-01   2.8317195e-02   1.8986565e-01   4.2333453e-02  -1.3554713e-01  -2.3699087e-01  -2.2679455e-01   4.7136687e-01   2.1265082e-01   5.2827853e-02  -2.8505563e-01   1.4639759e-01   3.0543555e-01   5.7621586e-03   3.8484266e-02  -1.9341112e-02   3.9581366e-02   1.1991246e-01  -1.4042274e-01  -5.3434949e-02  -2.4298324e-01  -6.6126938e-02   1.2319399e-01   2.8070844e-01   4.8078737e-01   1.5291754e-01  -1.1533587e-01  -9.6115629e-02  -1.2258989e-01  -4.6379896e-02   5.8288877e-01  -1.5708937e-01  -4.7585629e-02   1.8878208e-02   1.9276402e-02   1.0518952e-01  -3.3146555e-01   1.8416371e-02   4.2893741e-01  -2.9759940e-01   3.4178206e-02  -6.2101688e-02   3.4161817e-01   7.0053449e-02   1.1967370e-01  -4.5192387e-02   4.2983915e-01  -8.3391534e-02   1.5908800e-01  -2.0308789e-01   4.5169594e-01  -9.0833717e-02  -1.0379583e-01   4.5169544e-02  -1.3613962e-01   3.2850355e-01  -2.0696158e-01   1.0087246e-01   1.7280268e-01   3.3544358e-01   8.5259959e-02  -1.4052797e-01   1.3613488e-01   3.1090960e-01  -2.4787013e-01   1.7411622e-01  -2.7646979e-01   9.3228049e-02   2.4424214e-01  -2.0930480e-01   1.9773732e-01  -1.2225653e-03  -1.0628489e-01  -1.6495729e-01  -5.3261203e-02   2.5237960e-01   8.6729223e-02  -7.4735423e-02  -5.5041875e-02  -2.4483913e-01  -4.3756288e-01   5.6702957e-01   8.4870960e-02   4.3155962e-01  -7.4393606e-02  -8.2058287e-02   3.3026392e-01  -2.2954136e-02  -1.5913183e-01   2.5535350e-01   8.9215658e-03   4.8900280e-02   2.3106072e-01   4.4757971e-01   4.4013557e-02  -2.0617053e-01  -3.1181880e-01   1.4485012e-01  -4.8348814e-02  -1.5117459e-01  -3.2438178e-02   7.7067106e-02  -1.1261846e-01  -1.6259484e-01   1.9475650e-01   1.0855080e-01   3.0403300e-01   2.5525754e-01  -1.9098587e-01   4.6860381e-01  -5.5089948e-02   1.4300177e-01  -1.4318506e-01   2.4988660e-01   3.0301378e-01  -2.2524956e-01  -2.8724582e-01  -2.3873198e-01  -1.7435155e-01   2.2034425e-02  -3.6278147e-02   9.2932989e-02   3.6463160e-01  -9.0419980e-03   1.1833221e-01  -1.7723068e-02   7.4701835e-02   1.5954107e-02  -2.9561323e-01   1.8667346e-01   2.9025693e-02  -1.5721702e-01   3.2883782e-02  -2.0496330e-01  -2.1443284e-01  -2.2024079e-01   2.4014425e-01
   5.4213737e-02  -3.5331224e-02   0.0000000e+00  -2.1319741e-01  -5.3502734e-02  -4.0038450e-02   1.3063983e-01  -3.4134937e-01  -4.2842519e-01   3.4919286e-01  -1.0177422e-01   1.1509348e-02   2.3854323e-01  -2.7764869e-01  -1.4401841e-01   3.6645825e-01   6.8894084e-01  -2.2585533e-01   1.1425303e-01   9.6729101e-02  -2.0731206e-01  -3.4210632e-01  -7.1259766e-03   3.9428108e-02  -1.5122925e-01  -5.5697762e-02   1.4847808e-01  -1.7544339e-01   1.4223989e-01  -3.3339510e-01  -3.5154246e-01  -2.2346859e-01   3.2064065e-01   2.6140619e-01  -3.0909333e-01   2.9860452e-01  -1.6557935e-01   4.3464573e-01   1.4834686e-01   5.6253800e-01   3.0229076e-01   3.0632689e-01  -2.6488116e-01  -6.6166557e-02  -1.8706127e-01   7.5665964e-02  -7.7737014e-02   2.6269923e-01  -1.3523748e-01   6.1366766e-01  -1.7273772e-01  -2.2403377e-01   1.4620036e-01   1.3481975e-01   4.0126953e-02  -1.8128151e-01  -1.1337864e-01  -4.3805040e-01   1.0723378e-01  -3.9840707e-01   4.4728609e-01  -1.5128789e-01  -1.9794004e-01  -3.7767852e-01  -2.8328379e-01   2.7431011e-01   2.1306421e-01  -7.9299410e-02  -3.2229949e-01   2.4909065e-01   1.2004203e-01  -2.3015738e-01   1.7764045e-01  -3.9378671e-02  -2.6888957e-01  -4.0220056e-01   4.6514482e-01  -1.5686168e-01   1.6318642e-01   2.7259101e-02  -2.4907383e-01   1.0541919e-01   4.9218553e-02  -1.6387468e-01  -1.0881812e-01  -4.0066715e-01  -3.3308616e-01   1.9193690e-02  -1.5283841e-01   1.6692342e-01  -1.3358454e-01   5.4321653e-01   6.4833588e-02  -2.1421369e-01   3.8285759e-01   9.1030166e-02   5.6954813e-02  -3.0616264e-01  -2.3536343e-01   2.6551603e-02   9.4333730e-02  -2.3685457e-02  -3.0418760e-01  -3.1956388e-01  -1.8624367e-01  -3.4496810e-01   3.5872209e-01  -3.1642281e-01  -1.8247708e-01   3.9824742e-02   3.0295813e-01  -3.2485396e-01  -3.3697960e-01   2.3727211e-01  -1.7959623e-02  -1.3311019e-01  -2.4656133e-01   2.6266982e-01  -8.4481044e-02  -1.5748220e-01   4.1242063e-01  -4.8177102e-02   1.6270800e-02  -1.1142704e-01   1.5305591e-01  -3.4449414e-01  -3.7153730e-01  -7.1598079e-03  -3.3444521e-01   4.4754161e-01   2.4449585e-01   6.7319865e-02  -1.8324631e-01  -3.5755842e-01  -3.3437461e-01  -2.7830584e-01   1.4170771e-01  -6.7776372e-02  -3.3233937e-01   2.4293472e-01   1.5268828e-02   6.6818049e-03  -3.4033385e-01   2.0140954e-01  -2.1461365e-01  -3.5365942e-01   1.5425892e-01  -5.8225627e-02   5.5847390e-02  -3.4688979e-02  -1.3092617e-02  -3.4001873e-01   3.5020268e-01  -9.3947084e-02   4.7895235e-01   2.1728055e-01   2.4421731e-01   2.2789063e-01   4.8091733e-01  -4.3222126e-01  -1.8543338e-02  -4.0084541e-01   1.0308030e-01  -3.1084498e-01  -2.0089309e-01  -1.3860154e-01   1.0408809e-01  -1.7338051e-02   4.0614861e-01   1.3647698e-01  -3.9249355e-02   2.9490590e-01  -2.5905993e-01   2.2953364e-01  -2.6169091e-01   4.8818812e-01  -2.3717323e-01
   3.8014126e-02  -2.5786905e-01  -2.1319741e-01   0.0000000e+00   1.3962152e-01  -9.8247059e-02   4.9031504e-02  -1.1285525e-01   1.9524604e-01  -1.6046588e-01   9.2605445e-02   8.4086377e-03  -4.5857723e-02   3.3830403e-01  -3.3921311e-02  -5.4404120e-02  -4.3959047e-01   3.5709130e-01   1.3794416e-02   1.0428067e-01  -1.5789688e-01   3.8296486e-01  -1.7955815e-01  -5.1698555e-02   1.5782989e-01   1.4720591e-02   1.5575915e-01  -1.1043508e-01  -1.5900159e-01   9.5744621e-02  -2.0135562e-01   5.4811756e-01  -2.5797629e-01  -1.7989464e-01   5.6061669e-02   2.3463250e-01  -8.8023154e-02  -1.0174877e-01   9.0694076e-02  -2.5113790e-01   9.3631727e-02  -1.1815479e-01   1.7191366e-01  -1.7500851e-01   3.5462490e-01  -1.0830314e-01   3.2745282e-01  -1.8595708e-01  -1.0933580e-01  -4.8728761e-01   3.7692208e-01  -9.4907166e-02  -3.0355064e-01   1.8518009e-01   5.2949508e-02   2.1597458e-01   5.9065344e-02   4.5662759e-01   3.5163413e-01   5.3035372e-01  -1.6253396e-01   2.6645290e-01   3.2167209e-01  -2.9690144e-01   2.8325289e-01  -2.3223228e-01   1.5290606e-01   2.4788799e-01   4.2253663e-01  -3.9730469e-01  -3.5851226e-01   5.5213295e-01   1.2642809e-02   2.5621731e-01   2.0424206e-01   1.2114821e-01  -1.5347431e-01   1.5793897e-01  -1.8014969e-01   3.8256734e-01  -1.9555353e-01  -9.0915500e-02  -3.0544532e-01  -3.6241393e-02  -1.6944090e-01   1.6242420e-01   8.7551314e-02   1.6779168e-01   1.6277230e-01   6.5250202e-02  -1.2887464e-01  -3.6537394e-01  -2.0895684e-01   2.4631354e-01  -9.3848601e-02   1.8058871e-02   3.3726402e-01  -4.4587166e-02   4.8242198e-01  -3.7053878e-02  -4.4252808e-01  -4.3001644e-02  -7.0343316e-02   3.6315483e-01   5.0161473e-01   4.3207667e-01   1.3012426e-02   1.4245392e-01  -4.4459572e-02  -6.3898102e-02  -1.5052673e-01   3.8436480e-01   7.1358657e-01  -2.4224559e-02  -2.0789560e-01  -1.2218062e-01   2.2772114e-01   8.2251590e-02  -3.1105360e-01   6.7982557e-01  -9.1569325e-02  -9.5710954e-02   1.9524127e-01   3.1761381e-02  -1.5914950e-01   2.4570668e-01   2.8759607e-01   7.3758060e-02   5.2750477e-01  -4.8404249e-01  -1.2456016e-01   7.7647119e-02   2.2181521e-01  -1.7070967e-01   3.5417270e-01  -1.1494858e-02   2.8376683e-01  -2.4314068e-01  -3.5910009e-03   1.4717579e-01   1.4888242e-01  -4.5807057e-02   3.5720142e-01  -1.1186382e-01   1.9243886e-02   1.7413587e-01  -2.7691826e-01  -4.1131224e-01  -1.2121264e-01  -1.1027810e-01  -4.1873678e-01   6.0561221e-03  -9.0185519e-02  -1.1276629e-02  -3.1639977e-01   2.8224996e-01  -2.7442223e-02   1.9494585e-01  -2.9692042e-01   3.6290011e-02   3.1256514e-01   5.5191186e-03  -2.1997559e-01   5.2308014e-01   2.3179311e-01   8.9405846e-03   2.0735115e-02   2.8333294e-02  -1.7939267e-01  -2.8579116e-01  -1.9654256e-01  -1.5583222e-01   4.2870051e-01   2.4691691e-02   2.5378633e-01  -1.0520849e-01   4.2929673e-01
  -1.6949350e-01   2.9490425e-01  -5.3502734e-02   1.3962152e-01   0.0000000e+00  -1.8278002e-01  -1.2094390e-01  -2.4116471e-01   1.6467764e-01   1.5277593e-01  -1.9729184e-01   3.7752269e-01   4.5427912e-02   1.3580767e-01   1.5300786e-01  -6.3869726e-02  -1.7207734e-01   4.4072040e-01  -2.7508704e-01   7.0346112e-01  -2.4844847e-02   2.9549462e-01  -1.5179796e-01  -4.4483454e-02   4.6172708e-01  -9.2720225e-02   3.6164614e-01  -7.6318585e-02   2.1660253e-01   4.4798735e-01  -3.4965050e-02   2.4950779e-01  -2.1733269e-01  -1.7345319e-01   2.0168577e-01   3.7536353e-01   1.9580942e-01  -6.9528542e-02   6.4289758e-02  -5.5026792e-02  -7.5130937e-03  -1.3155030e-03   2.6609731e-01  -7.6464188e-02   8.7051754e-02  -2.4935588e-01   1.2825640e-01   6.9301418e-02   3.3803948e-01  -1.7175553e-01  -5.9767724e-02  -1.0681024e-01  -1.3765599e-01   2.7782251e-01   1.3621401e-02  -1.7837982e-02  -9.3667177e-02   1.5646409e-01   3.3958271e-02   2.2252272e-01  -3.4633486e-01   2.9349733e-01   3.3827888e-01  -1.1847976e-01   5.3734413e-01  -1.8063951e-02   1.9924262e-02   1.9466443e-01   6.1470345e-02  -2.4729415e-01  -8.6354686e-02   3.0934289e-01   2.8319159e-03  -4.1321154e-02   1.4500838e-01   4.9608648e-02  -3.1599857e-01  -7.7857092e-02   5.6184605e-01   1.8600281e-01  -2.4179521e-01   2.3831083e-02  -1.1151349e-01  -8.8877376e-02  -1.5480662e-02   1.8314565e-01   1.2196998e-01   1.3364297e-01   3.9200952e-01  -8.8914286e-02   4.1800596e-01  -3.5898957e-01   2.2804831e-02   2.0489574e-01  -1.2948561e-01   5.4949467e-01   2.5798035e-01  -1.3024461e-01   4.3231656e-01   5.3385561e-02  -3.5215493e-01  -2.6019710e-01   2.3515622e-02   2.9185732e-01   2.9158772e-02   3.6603776e-01  -1.0129751e-01   6.2134997e-03   1.1674590e-01  -2.9361597e-01   1.4531138e-02   2.2495072e-01   3.2514913e-01  -1.7102098e-02  -3.2640465e-01   2.7215983e-01   3.6004779e-02   1.1053536e-01  -2.5774499e-01   2.8925305e-01  -3.1203389e-01   6.1266026e-01   3.1944712e-01   2.3219396e-01  -3.6849438e-02  -1.5700982e-01   4.7888121e-01   2.0797862e-01   1.0443245e-01  -2.2346321e-01   7.1320349e-02   1.6640678e-02   3.1077773e-02   7.3313515e-02   1.7427684e-01  -1.7246385e-01   2.5667687e-02  -3.1305587e-01  -1.2729590e-01  -4.3082557e-02  -2.4183905e-02   3.1817033e-01   2.1727524e-02  -4.0678198e-01   4.0913321e-01   2.7431319e-01  -1.0354258e-01  -1.8943133e-01  -5.8442613e-02  -9.0496375e-03  -1.8673068e-01  -1.6286108e-01  -2.4226108e-01   2.0943838e-01  -3.9601111e-03   5.1514066e-02  -2.0543545e-01  -6.2036759e-02  -3.7244377e-01   2.8015403e-02   2.4483619e-01   2.0023182e-02  -1.3284579e-01   3.1007113e-01   5.2635069e-02   1.9458721e-01  -6.2002349e-02   1.8648678e-02  -3.0628145e-01  -9.7130313e-02   1.4834025e-01  -7.1459122e-02   2.0099199e-01  -2.9902360e-01   9.7650948e-02  -1.7198861e-01   3.7341022e-01
   7.7120625e-02   9.6309865e-02  -4.0038450e-02  -9.8247059e-02  -1.8278002e-01   0.0000000e+00   2.4876869e-02   4.6567883e-01   3.0902426e-01  -2.0184374e-01   1.8360269e-01  -1.3842017e-01  -2.8807222e-01   6.7358210e-02   2.4017629e-02   5.2241085e-03   1.7426173e-01  -7.1507941e-02   4.2508824e-01  -1.8600891e-01   1.2146051e-01   2.9529289e-01  -1.0365682e-01   2.2945819e-01   1.7772322e-01   5.7398950e-01   2.7311700e-01   1.9941759e-01  -1.6697848e-02  -2.0635664e-01   1.5303324e-01  -5.7247660e-02   1.8591803e-01   2.4034075e-01  -2.4012267e-01  -8.9421795e-02   8.1028496e-03  -4.4133925e-02  -2.0132339e-01  -1.5624613e-03  -2.7658661e-01   8.7449509e-02   4.0652084e-01   3.9425502e-01  -2.5943600e-01   7.7867658e-02   2.2204734e-02   7.8563165e-02  -5.4152278e-02   1.1377967e-01  -5.5971105e-02   6.1299348e-01   6.6986646e-02  -6.8642807e-02   4.5406657e-02   4.4820044e-01   4.5502023e-01   1.8670654e-01  -2.8479087e-01   3.4758046e-02   1.7784336e-01  -1.4775604e-02   1.0088993e-01   8.9104814e-02  -1.2659230e-01  -3.1616814e-02   4.4153426e-01   8.5762890e-02   4.2348228e-01   3.7536225e-01   6.7408239e-02  -1.1817256e-02  -1.6338442e-01   1.4991752e-01  -4.3699465e-01   2.1259315e-01   6.9818174e-02   3.2210425e-01  -4.0566707e-02  -2.4286393e-01   2.4971280e-01  -7.4653919e-02   1.6715024e-01   4.1302332e-01  -3.2370403e-02   2.0991509e-01  -1.7783398e-02  -1.2229983e-02   2.7743265e-01   2.8745428e-02  -5.8932672e-05   2.7654302e-01   1.8958474e-01   1.0620465e-01  -1.6678714e-01  -2.2823364e-01   2.4251676e-03   6.0029876e-01   6.8398927e-02  -2.7732096e-01   4.0450599e-01   1.7156532e-01   2.8626207e-01   1.4037231e-01   4.2131235e-02  -4.9614291e-02  -1.5348681e-01   6.2092022e-01  -2.4089795e-01   1.9414093e-01   2.4750269e-01   2.4412378e-01  -4.0400256e-02  -8.3164909e-02   3.1399983e-01   3.2539647e-02   3.3754196e-01  -2.1375544e-01   4.5638924e-01  -1.9703883e-02  -3.9091123e-02  -4.8737650e-02   2.2987323e-01   1.1653947e-01   8.3433283e-02   6.9518545e-02  -2.9053737e-01  -3.0348803e-01   9.9746090e-02   1.2011826e-01  -4.7953418e-02  -7.5580685e-02   3.4519861e-01   4.9142716e-03   3.8772788e-01   2.2552271e-01  -1.3523081e-01   3.8482849e-01   3.7140053e-01  -2.0305583e-02   4.0915886e-02  -1.8960971e-01   1.1620665e-01   3.8981945e-01  -1.3857248e-01  -9.2530659e-03  -1.0200726e-01   1.4315055e-01   1.0920321e-01  -6.0543059e-02   1.7690395e-01   4.1348006e-01   2.6869519e-01   2.2108504e-02   2.3585350e-01   1.9876067e-02   4.1781440e-02  -1.6843237e-01   1.8832314e-01   3.7926137e-01   1.7135579e-01   4.1889332e-01   1.0220485e-01  -1.9335237e-01   5.5522900e-01  -1.6090913e-01   2.9630913e-01   2.8487694e-01  -2.5745990e-02   3.2659559e-01  -1.3255916e-01   3.0773110e-02  -6.2029960e-02   5.5344242e-01   6.8589591e-02  -1.7952835e-01   5.3392927e-02
  -1.6116693e-01   1.1512993e-02   1.3063983e-01   4.9031504e-02  -1.2094390e-01   2.4876869e-02   0.0000000e+00  -1.5634586e-01  -3.2145416e-01   2.2762165e-01   4.0103580e-01   2.6167462e-01   1.3667445e-01  -6.7600384e-02   2.5775331e-01   3.2698933e-01   7.6197026e-02  -8.0946151e-02  -4.8005337e-02   1.4541502e-01   2.9629696e-01  -1.2105891e-01   4.6053652e-01  -7.3870260e-02  -1.1116535e-01  -5.0113778e-02   1.7843020e-01  -3.1728189e-01  -1.6283683e-01  -2.1485050e-02   8.1541631e-02  -7.6796005e-02   1.5642665e-01   3.3340415e-01  -2.3824251e-01   2.9541536e-01  -3.2409997e-02   1.2596116e-01   2.3338204e-01   2.1429004e-01   4.1986946e-01   1.6010358e-01  -9.7784160e-02  -5.7304224e-02  -7.3574045e-02  -2.4185028e-01   2.9007999e-01   2.3341070e-01  -1.5869215e-01   8.8004212e-02   2.5614724e-01  -1.7334790e-01   2.1947143e-01   3.4414102e-04   1.7306156e-01   1.1622881e-01  -3.6761018e-01  -1.6446958e-01   4.9826436e-01  -4.3941654e-02   4.1666811e-02   7.7386759e-02  -2.4695784e-01   2.7041102e-02  -2.9456377e-01   5.1586333e-01   1.7469565e-01  -2.5290915e-01  -7.7957141e-02  -2.0111153e-01   2.7338665e-01   2.8007119e-02   5.0426119e-01  -2.8246687e-01  -2.0239678e-01  -2.7179052e-02   4.3614951e-02   3.0748742e-02  -1.6339050e-01   1.7459676e-01   5.4703292e-02   3.3069244e-01   1.0832343e-01  -2.1026919e-01  -1.9705593e-01   7.1195315e-02  -3.3693136e-02  -8.4897708e-02  -1.2126952e-01  -8.0968361e-02   2.9719355e-02  -4.2612066e-02   3.5600726e-01  -2.9862187e-01   1.4052184e-01  -1.4291389e-01   2.5076786e-02  -1.5475556e-01   2.4214757e-02   7.0777484e-02  -1.1126556e-01   1.5668122e-01   1.5008178e-02  -3.2244021e-01   1.4895784e-01  -3.7514151e-02   2.0103312e-01  -6.7196841e-02  -5.0644260e-02   4.0232088e-01   3.6928904e-01   4.0769244e-02  -1.6433940e-01  -1.4170449e-01   5.3837942e-02  -3.8416591e-01  -2.7975122e-01   3.2962015e-01   4.1271056e-02  -3.1432322e-02  -1.2139813e-01   2.7133084e-02  -1.1544925e-01   1.6741181e-01  -3.4962642e-01  -2.9139757e-01  -1.4326539e-01   4.5385385e-02  -6.8486620e-02   6.9439746e-02   2.6904808e-01   3.0887293e-01  -2.1973539e-01  -2.7085383e-02  -1.5533099e-01   1.5392299e-02   3.6847606e-02   1.5804699e-01   7.0182921e-02  -1.0772016e-01  -7.6853391e-02  -2.2519560e-01  -1.9435016e-02  -7.5064529e-03   1.6487542e-01   1.8585213e-01   3.5967316e-01   2.1737061e-01   4.0998799e-01   8.6912821e-02  -1.8657015e-01   1.2562219e-01   1.3584246e-01   7.2783046e-02   2.7456174e-01   3.5750372e-02  -1.5519898e-02   4.5242168e-01  -3.3058654e-02  -7.8771124e-02  -1.5494150e-01  -6.3292208e-02   3.4931717e-01   3.7393502e-02   1.3017983e-01  -1.0579891e-01   3.3015703e-01  -2.7452061e-01   2.8583029e-02   2.4021355e-01   7.9342305e-02  -1.1156478e-01  -1.3716523e-01   2.0728618e-01  -6.5190626e-02  -8.3270210e-02  -6.2503924e-02
   1.1155696e-01  -5.8407150e-03  -3.4134937e-01  -1.1285525e-01  -2.4116471e-01   4.6567883e-01  -1.5634586e-01   0.0000000e+00   3.3518116e-01  -2.6642632e-01   7.7363600e-02  -2.2969404e-01  -6.4698686e-03  -2.0546194e-01   6.8880058e-02  -3.1839251e-01  -4.3175954e-02  -2.2882888e-01   3.3801841e-01  -3.2088965e-01   1.9766434e-01   1.7752603e-01  -3.7861625e-02   1.2502854e-01  -1.0430928e-01   4.7308906e-01  -3.3428032e-02   4.1312980e-01  -7.4056190e-02  -7.8821418e-02   3.2012487e-01  -1.2083302e-01   1.7654553e-01   1.1966925e-01  -7.9540683e-02  -4.4767693e-01   6.7191802e-02  -2.7304863e-01  -3.9424863e-01  -2.4516757e-01  -2.3170867e-01   5.8701747e-02   2.4691460e-01   4.3621193e-01  -1.3079761e-01   2.3681048e-01  -2.0476327e-01  -1.2643070e-01   2.6488107e-01  -3.3224177e-02  -7.5380548e-02   7.5554622e-01  -6.0496802e-03  -1.9377458e-01  -2.1594886e-01   2.4854964e-01   3.0606698e-01   3.3068997e-01  -4.4457517e-01   1.1983256e-01  -2.1817624e-01  -1.1066515e-01  -7.6662866e-03   3.6701628e-01  -2.0980367e-01  -1.8671013e-01  -1.3381806e-02  -2.1595224e-01   2.8285317e-01   4.0441038e-01   1.3012781e-01  -2.9193857e-01  -2.3948471e-01   7.4930182e-02  -3.0053185e-02   4.9053217e-01  -2.3125129e-01   2.6921209e-01  -6.1062968e-02  -4.1836198e-01   4.8371860e-01  -2.2781444e-01   1.7739277e-01   6.6150225e-01   6.5678833e-02   3.4954045e-01  -9.2488278e-02  -1.5497517e-01  -4.7609364e-02  -5.7767313e-02   3.1249833e-02  -1.1152114e-01  -9.9317078e-02   2.5775959e-01  -3.3712829e-01  -1.8777707e-01  -3.8315383e-01   6.0922855e-01  -3.3411094e-02  -3.1716113e-02   3.6878775e-01   1.9099157e-01   5.0986791e-01   7.9636337e-02   4.6780634e-02   9.6521686e-03  -2.8564245e-01   5.2677937e-01  -3.8670413e-02  -6.6164537e-02   1.8841356e-02   1.6177845e-01  -1.8324631e-01  -8.3160503e-02   3.6801555e-01   1.1517343e-01   3.1768804e-01  -2.0812044e-01   3.8749048e-01  -2.2926455e-01  -5.3901114e-02  -1.5076842e-01  -2.0155934e-01   1.5699426e-03   1.9288678e-01   2.8460932e-01  -1.9607425e-01  -5.5986865e-02   1.4228722e-01   1.2278024e-01  -1.4287158e-01   3.6621059e-02   1.3313500e-01   1.2546012e-01   2.0141408e-01   4.5593568e-01  -3.4201857e-01   3.4256183e-01   6.0888842e-01  -1.6359104e-01  -1.7679035e-01   3.2862982e-02   6.7717004e-02   1.8911284e-01  -5.2652078e-02   3.4920550e-02   2.0563039e-01   2.0451100e-01  -1.4798191e-01  -1.4337558e-01   3.6633406e-01   5.1382129e-01   4.2004542e-02   1.2717799e-01  -1.1802444e-01  -1.3674643e-01  -2.0451742e-02  -3.6176152e-01  -3.6521155e-02   5.8417429e-01  -2.7234724e-01   2.4287539e-01  -4.4265561e-02  -2.2284626e-01   2.9275154e-01   1.0082055e-01   1.1308952e-01   2.4593817e-01  -1.2120970e-01   1.1466350e-01   9.3787513e-02  -8.5510734e-02  -9.2894455e-02   1.2197288e-01  -1.0328627e-02  -2.3587041e-01  -1.7730765e-02
   4.3617948e-02   3.0061690e-01  -4.2842519e-01   1.9524604e-01   1.6467764e-01   3.0902426e-01  -3.2145416e-01   3.3518116e-01   0.0000000e+00  -1.8302112e-01  -1.0425240e-01   2.2725424e-02  -3.7136461e-01   3.4148609e-01  -2.7784229e-02  -3.6819088e-01  -1.7579166e-01   1.9414296e-01   1.3584805e-01   4.7892173e-02   5.0762824e-02   6.4261248e-01  -9.5184411e-02   1.5089618e-01   4.2449238e-01   4.2093691e-01   1.6768786e-01   1.3901396e-01   5.4644858e-02   2.3501882e-01   2.0646371e-01   2.1652970e-01  -2.5233646e-01  -1.2551523e-01   2.4683651e-01  -1.3019010e-01   1.3885662e-01  -3.6864377e-01  -2.5228802e-01  -2.2819410e-01  -3.9556945e-01  -6.2051340e-02   5.9523960e-01   1.6812141e-01  -1.0626706e-02  -3.3973319e-03  -5.2988250e-02  -3.2194670e-02   1.4606647e-01  -3.3091560e-01   2.1900113e-02   4.1869696e-01  -1.7181753e-01   4.9147943e-02   1.3025570e-02   2.5045817e-01   3.3188353e-01   6.1569966e-01  -2.6271897e-01   4.8944923e-01  -2.3513993e-01   8.0423645e-02   6.4528960e-01   6.5859730e-02   3.6197544e-01  -3.0962710e-01   4.9556833e-02   2.2755654e-01   3.9966066e-01  -5.7944099e-02  -2.8604201e-02   3.2282062e-01  -3.5903708e-01   2.6838117e-01   3.7352150e-02   4.8870263e-01  -3.5845992e-01   2.8300659e-01   4.5411908e-02  -1.3969740e-01   1.0124256e-01  -3.8873930e-01   4.2712892e-02   4.3867310e-01   3.5443288e-02   3.0700690e-01   3.6881917e-01   5.5396601e-02   4.4238417e-01  -6.9580805e-02   2.2172214e-01  -2.2188018e-01  -2.2043480e-01   5.4529201e-01  -3.8972800e-01   1.2836732e-01   1.7048054e-01   5.4803565e-01   3.0399062e-01   6.1735835e-03   2.8687175e-02  -1.2868242e-01   4.2694478e-01   6.4130379e-01   2.0078291e-01   3.4080930e-01  -4.3327284e-01   5.4255710e-01   1.7570331e-02  -2.1637950e-01  -1.3449782e-01   4.3281344e-01   4.2052314e-01  -1.7011293e-01  -2.4894989e-02   1.4605682e-01   4.0415655e-01  -2.4331025e-01   9.6994498e-02   2.9709635e-01  -2.6567432e-01   1.5621424e-01   3.8345046e-01   1.4342229e-01  -3.6784982e-02   2.5344027e-01   1.5320696e-01  -1.4363933e-01   5.2304198e-01  -1.6922157e-01  -2.9268494e-01  -2.3365136e-01   5.4839383e-01   2.0680074e-01   6.9633400e-01   2.4171083e-01  -1.3972707e-01   1.3529595e-01   3.0228185e-01   2.1985036e-03   9.9875937e-02   4.2994573e-02   3.5831503e-01  -1.8317113e-01   1.4332464e-01   2.5507896e-01  -1.8412885e-01  -3.0125717e-02  -1.7422330e-01   9.2672987e-02  -8.3090321e-02   3.8897296e-01  -1.5688875e-01  -3.1862224e-02  -1.9532144e-01   2.1389636e-01  -2.1379878e-01  -4.9228549e-01  -2.5671128e-01   4.0954262e-01   3.7444673e-01   4.7503175e-01  -5.2030903e-02   2.9191983e-01   4.6717750e-01  -1.7999056e-02  -6.4282837e-02   2.5822964e-01  -3.4507031e-01  -1.1181091e-01  -1.4875571e-01  -2.3806467e-01   1.0558381e-01  -1.3204604e-02   1.0071517e-01  -4.1093362e-01   4.3811218e-01
  -2.2370918e-01   3.1176368e-01   3.4919286e-01  -1.6046588e-01   1.5277593e-01  -2.0184374e-01   2.2762165e-01  -2.6642632e-01  -1.8302112e-01   0.0000000e+00  -5.1310602e-02   3.2847266e-01   2.8052045e-01  -3.5799226e-01  -8.2534753e-02   3.8136025e-01   3.6282222e-01  -7.7514022e-02  -6.2177554e-02   4.0273131e-01   1.2337795e-01  -5.5287005e-02   2.4644561e-01  -3.7028838e-01   1.5813320e-01  -2.6067773e-01   5.0968473e-02  -3.0341770e-01  -8.7395228e-02   1.7175528e-01   4.0288508e-02  -3.2541767e-01  -5.6964402e-02   3.2598612e-01  -2.1606787e-02   3.4546935e-01   4.2649134e-01  -3.8627604e-02   4.2969575e-01   6.2232494e-01   1.9009911e-01  -5.3435927e-02  -2.8416288e-01  -1.7379048e-01  -6.8705901e-02  -2.2046544e-01  -2.2104817e-01   4.0379934e-01   2.3552158e-02   2.5407671e-01  -1.5506094e-01  -1.7379459e-01   3.7353580e-01  -1.4782240e-01  -1.0071090e-01  -2.6438486e-01  -1.7770337e-01  -2.2403294e-01  -1.1438796e-02  -1.4781749e-01  -1.6547661e-01  -5.5896862e-02  -1.3514773e-01   1.2763822e-01   1.1252259e-01   5.0663421e-01  -6.2950584e-02  -3.5063816e-02  -4.1286965e-01  -6.8522572e-02   4.3836422e-01  -2.1984800e-01   2.1890708e-01  -2.0287168e-01   3.7020482e-03  -2.1517986e-01  -1.4770301e-01  -2.7923436e-01   1.8940627e-01  -6.5573168e-02  -1.7312923e-01   1.6764210e-01   3.3877972e-01  -9.8411479e-02  -3.3852679e-02  -3.1624246e-01  -2.7606175e-02  -2.5692639e-01  -7.4300261e-02  -2.1221414e-01   1.5928826e-01   3.3371083e-03  -1.0642084e-02  -3.3324967e-01   8.2210572e-03   3.3491958e-01  -1.3571662e-01  -3.4107098e-01   1.5861250e-01   5.3436932e-01  -1.4335289e-01  -4.7748593e-02  -2.3201514e-01  -7.2246644e-02  -1.2638177e-01   6.5673400e-02   1.2006420e-01  -2.9086569e-01   3.0460450e-01  -1.7953046e-01   3.8341618e-01  -2.1287799e-01  -1.5425060e-01   4.4017286e-02  -2.3164122e-01   4.8972501e-02  -4.1222555e-01   2.9121459e-01  -2.5038591e-01  -9.6240558e-02  -3.3705245e-01   2.8370745e-01  -6.5677485e-02   2.8334173e-01  -2.5433261e-01  -3.4029636e-01  -5.3257523e-02   1.1631124e-01  -1.8391406e-01   3.9347596e-01   3.2640518e-01   2.9803081e-01  -3.1649278e-01  -4.7702821e-02  -2.9134745e-01  -1.3081730e-01  -1.2848407e-01   2.4624642e-02  -2.1475752e-01  -5.6192964e-02  -2.5645068e-01   1.9762198e-01  -3.7055465e-01  -7.9409384e-02  -8.4278025e-02  -1.0649656e-01   5.2367116e-01   1.6136801e-01  -9.2044542e-02   4.2868950e-01  -2.4215022e-01  -1.6184452e-01  -2.7342402e-01   1.8796079e-01   3.3123090e-01  -4.4220987e-02  -2.4746786e-01   1.3835725e-02  -4.6214113e-02  -3.2353856e-01  -1.5144999e-01  -2.1767860e-01   5.6117051e-01  -1.0662142e-02  -1.7273201e-01   1.3954166e-01   1.0219371e-01  -1.7339237e-01  -2.2245800e-01   3.1188835e-01  -3.2325743e-02  -1.6790401e-01  -2.5746660e-02  -5.6696002e-02  -4.0012313e-01  -3.4064605e-02   8.3403925e-02
  -1.7973110e-01  -1.9014084e-01  -1.0177422e-01   9.2605445e-02  -1.9729184e-01   1.8360269e-01   4.0103580e-01   7.7363600e-02  -1.0425240e-01  -5.1310602e-02   0.0000000e+00  -2.6758677e-01   1.0006773e-01  -1.1429437e-01   1.3225073e-01   2.4407341e-01  -7.9671387e-02   1.6767082e-01   1.0962717e-01  -1.2523138e-01   2.6798131e-01  -1.8580118e-01   3.4923160e-01   1.2344965e-02  -2.7064588e-01   6.7586771e-02  -1.3930032e-01   6.4075962e-02  -4.3946223e-02  -3.1025194e-01   1.1554767e-01  -1.4031487e-02   1.1958704e-01   3.4806025e-01  -2.2696736e-01   3.1696455e-01  -7.1509935e-02  -8.9664413e-02   1.1856564e-01  -2.6207465e-02   2.7429475e-01   7.7444167e-02   5.3253652e-02   3.7564564e-01   2.1817273e-01  -3.5111221e-01   4.3195612e-01   9.3940584e-03  -2.4701249e-02  -5.4574853e-03   5.3857504e-01   2.8950521e-02   3.6891696e-01  -1.2392952e-01   9.9132532e-02   4.8609212e-01  -7.0312032e-02  -1.9647463e-01   3.3171207e-01  -4.4180254e-02   9.1895630e-03   6.2558215e-02  -1.1525365e-01   2.8947628e-01  -2.3204091e-01   3.1765030e-01   3.6072279e-01  -2.0160836e-01   1.8014073e-01  -5.6897829e-02   7.1456510e-02   5.8648012e-02   2.4509651e-01  -3.2976694e-01  -1.9537450e-01  -2.5080473e-01  -3.7038635e-02   3.0564173e-01  -2.9456427e-01  -2.2667150e-02   1.8657385e-01   2.2908791e-01   3.7527817e-01   4.5998843e-02  -2.3043068e-01   1.6620975e-02  -1.6367074e-01  -9.5841276e-02  -6.6808661e-02  -1.3987722e-01  -2.5698786e-01   3.0283842e-02   5.1677367e-01  -2.2780888e-01  -1.5293789e-01  -3.2162611e-01  -1.5639156e-01   2.5837051e-02  -1.6512421e-01   4.0601743e-02   4.4884605e-02   6.1837406e-01  -1.2585337e-02  -2.8924748e-01   3.8624150e-01  -2.2871995e-01   1.4414118e-01   1.3601959e-01  -4.5705910e-02   4.1807731e-01   4.5966395e-01  -4.6878986e-02  -1.3061345e-01  -2.9267209e-01   2.8320383e-01   1.0763442e-01   8.8857844e-02   1.7016712e-01   3.4929526e-01  -6.7133213e-02  -1.4281334e-01  -3.1357198e-01  -4.5714491e-02   1.7033275e-01  -3.3534949e-01   7.8964357e-02  -8.1456739e-02  -3.0238335e-01   5.8198788e-02  -1.6419525e-02   1.8184849e-01   5.5234387e-01  -2.0900385e-01   2.5326520e-03  -2.7880263e-02   1.2276516e-01  -2.2310648e-01   4.1173695e-01   7.0592174e-02  -2.1198648e-01  -8.9316660e-02  -1.3467820e-01   3.3010309e-01   3.0462930e-01   6.1743509e-02   2.2001190e-01   1.5927094e-01   3.3152518e-01   4.3936080e-01   1.5693230e-01   4.1816137e-02   2.7335012e-01   1.6104611e-01   4.3978666e-01   7.5524765e-02  -1.6366093e-01  -2.1277443e-01   3.3773480e-01   8.8100236e-02   8.4335682e-03  -1.0141161e-01   2.1674011e-01   2.3405951e-01   1.6943588e-01   9.4801480e-02   2.1033295e-01   5.1451517e-01   1.0863746e-01   1.5052804e-01   5.1795974e-01  -2.2523617e-02  -1.8637611e-01   1.7301402e-01   4.2900422e-01  -4.7171689e-02  -4.5572403e-02  -2.1663427e-01
  -8.8153239e-02   5.1342968e-01   1.1509348e-02   8.4086377e-03   3.7752269e-01  -1.3842017e-01   2.6167462e-01  -2.2969404e-01   2.2725424e-02   3.2847266e-01  -2.6758677e-01   0.0000000e+00  -5.2051401e-02  -3.5736120e-02   2.3512772e-01  -5.6550800e-02   1.5767586e-02   1.3014534e-01  -1.2199330e-01   5.0829217e-01   4.0466570e-02   2.2340300e-01   1.0926100e-01  -2.6918970e-01   1.0802506e-01  -1.4379120e-01   2.4745700e-01  -2.4934165e-01  -8.9220027e-02   5.5568608e-01   2.1472451e-01  -1.2831875e-01  -3.7439717e-01  -1.5487824e-02   1.3017514e-01   1.9752227e-01   2.5388581e-01  -1.9003393e-01   7.4746610e-02   1.4452112e-01  -5.9952918e-02  -2.4492746e-01  -7.6622043e-02  -2.8884661e-01  -1.5029311e-01  -3.2069824e-01   5.7838669e-02   2.5559568e-01   2.9543449e-02  -1.6784237e-01  -1.9589959e-01  -8.5455052e-02   1.8026633e-02  -1.2274547e-01  -4.1581241e-02  -5.6222334e-02  -2.3621370e-01   1.4986477e-01   6.1836600e-02   1.2935670e-01  -3.3171487e-01   3.7090365e-02   1.7628356e-02   3.5388967e-02   3.8860097e-01   1.0097029e-01  -1.2699174e-01  -1.1613425e-01   4.5561424e-02  -2.0078895e-01   2.9575090e-01   8.0691088e-02  -1.6120249e-02  -2.8598382e-02  -5.1286383e-02   1.7753130e-01  -3.4983875e-01  -1.3000449e-01   2.5779131e-01  -2.3106617e-02  -8.8114575e-02   2.3690680e-02  -1.0996498e-01  -2.4227291e-01   4.9337523e-02   2.6520795e-02   4.7977143e-01  -2.9043873e-02   4.8975522e-02  -1.8494193e-01   3.7037116e-01  -3.9155650e-01  -9.4642080e-02   6.4357193e-02  -1.5199982e-01   2.9107300e-01  -1.3237173e-01  -1.5057015e-01   3.0082045e-01   2.1533091e-01  -2.7670354e-01  -2.3532466e-01   9.1849665e-02   2.1684497e-01  -1.1775633e-01   4.0495070e-01  -2.2452420e-01  -1.8983865e-02   2.5282887e-01  -1.7230477e-01   1.0598983e-01   9.2809314e-02   6.4858086e-02  -1.8144308e-01  -2.2897198e-01   5.5925419e-03  -5.9155252e-02   1.6260470e-02  -3.1852672e-01  -1.3472255e-02  -4.9220942e-01   4.7557861e-01  -8.4415779e-02   2.5770241e-01  -1.8127840e-01  -2.1491889e-01   4.3354021e-01   1.2457834e-01   1.2836973e-02   1.9992251e-02   6.4443746e-02  -1.4329002e-02   5.0863414e-02   1.8409291e-01  -1.1977842e-01  -1.3295766e-01  -1.1620203e-01  -2.1343819e-01  -2.5960628e-02  -2.1618829e-01  -2.0897350e-01   6.7330720e-02  -4.4199058e-02  -1.6305835e-01   2.3625988e-01   4.2469668e-02   2.1056676e-01  -6.9504277e-02  -1.0675794e-01   2.2097390e-01  -2.3130913e-01  -1.6778306e-01  -3.2036538e-01   2.4328177e-02   1.4068065e-01  -1.8588017e-01  -2.4697729e-01  -4.6597108e-02  -4.2812835e-01   4.3904187e-02  -1.5239926e-01   1.8970383e-02   3.8068508e-02   1.9335391e-01   1.0233463e-01   1.0984949e-03   1.6736790e-02  -1.6062998e-01  -3.9091850e-01  -1.5179252e-01   1.4624657e-01  -1.3137899e-01   1.4110482e-01  -2.9347621e-01  -1.6955753e-01  -3.4381285e-01   3.5492785e-01
  -1.7767332e-01  -1.3164480e-01   2.3854323e-01  -4.5857723e-02   4.5427912e-02  -2.8807222e-01   1.3667445e-01  -6.4698686e-03  -3.7136461e-01   2.8052045e-01   1.0006773e-01  -5.2051401e-02   0.0000000e+00  -5.3666502e-01  -1.5745842e-02   3.6826171e-01   2.1646931e-01  -2.0248606e-01  -1.2814535e-01   1.3411282e-01  -6.3092785e-02  -3.3368069e-01   1.3075424e-01  -3.7093634e-01  -1.7616082e-01  -1.8938133e-01  -2.4771339e-01  -9.0250839e-02   8.2547315e-02   8.8548696e-03  -1.3346617e-01  -1.9576249e-01   2.6497976e-01   2.0366091e-02  -7.7325793e-02   1.2525051e-01   8.8024565e-02   1.2546784e-01   2.8982496e-01   1.4245010e-01   6.3138597e-01   2.2248423e-01  -3.7297536e-01  -8.6413185e-02   7.5901406e-02   3.3247659e-03  -3.9103843e-02  -6.6534356e-02   2.4107204e-01   2.4292671e-01   7.3912554e-02  -2.0072617e-01   8.9793202e-04   1.9408385e-02  -1.0560436e-01  -2.3148495e-01  -2.6373306e-01  -2.3191106e-01   1.6337434e-01  -2.0120409e-01   5.4408769e-02  -8.5727943e-02  -3.4936362e-01   1.0764708e-01  -2.0697868e-01   1.5036561e-01  -1.5828036e-01  -2.8184417e-01  -3.2121635e-01  -1.9289722e-04   1.4054683e-01  -2.6917582e-01   5.0981109e-01  -3.0452680e-01   2.0720766e-01  -2.0083127e-01   7.4558389e-02  -2.0029694e-01   4.0043980e-02   2.6601588e-02  -1.8807134e-02   3.4375512e-01   2.2409471e-02  -1.4091511e-01  -2.7999298e-01  -2.8268405e-01  -2.5974189e-01  -3.1797935e-01  -3.5922120e-01  -1.1630684e-01  -9.7756168e-02   4.0025467e-03  -5.1762745e-02  -1.2763192e-01   1.2306583e-01   2.3569314e-01  -2.3481408e-01  -1.7680938e-01  -8.4554577e-02   2.3518953e-01  -1.7013481e-01  -1.1182068e-01  -2.0828606e-01  -2.4915059e-01  -1.8564970e-01  -9.6440833e-02   2.9183275e-01  -2.8502749e-01   2.1768996e-01  -1.6360044e-01   9.0940285e-02  -2.6758408e-01  -2.9673018e-01  -5.0983748e-03  -1.5159667e-01  -4.7625344e-03  -2.2619391e-01   5.6648006e-01  -2.2737644e-01  -1.0648417e-01   3.9267126e-02   8.5765756e-02  -2.9350267e-01   6.8686573e-02  -5.6678721e-02  -2.6577936e-01  -8.5733190e-02   3.1755377e-01  -3.6385500e-01   1.9228747e-01   5.8491666e-01   1.1555931e-01  -3.6705509e-01  -2.0382314e-01  -3.7359935e-01  -4.2179000e-02  -2.9496418e-02  -1.5416360e-01  -1.5076112e-01   1.1219634e-02  -3.4227189e-01   5.3919508e-01  -3.7358423e-01  -8.6581930e-02  -1.6837757e-01  -7.5602584e-02   2.8821442e-01   1.2994296e-01  -9.2940565e-02  -2.8255026e-02  -8.6444068e-02  -2.4252389e-01  -3.4829126e-02   9.8774837e-02   6.1263327e-02  -2.6912672e-01  -6.8024273e-02   3.3985880e-01   1.0424176e-01  -1.9688661e-01  -3.8089390e-01  -3.4147041e-01   5.7802764e-02  -1.2680833e-01  -3.2065295e-01   6.4805542e-02   4.6272801e-02  -1.3338575e-01   9.3302157e-03   4.9771960e-04   1.1734993e-01  -6.2139244e-02  -3.4423891e-03  -1.7561580e-01  -3.7345486e-01   3.4824171e-01  -1.7324080e-01
   5.6744079e-02  -3.8267722e-02  -2.7764869e-01   3.3830403e-01   1.3580767e-01   6.7358210e-02  -6.7600384e-02  -2.0546194e-01   3.4148609e-01  -3.5799226e-01  -1.1429437e-01  -3.5736120e-02  -5.3666502e-01   0.0000000e+00   8.2275650e-02  -2.3499833e-01  -4.2518731e-01   4.0383112e-01  -5.7306133e-02  -7.3676943e-02   3.7744115e-02   4.2000327e-01  -6.8822432e-02   3.4602856e-01   3.3831833e-01   6.8036218e-02   1.5875857e-01   2.8376358e-02   1.7628237e-01   1.9319488e-01   2.1738543e-02   4.4880140e-01  -3.0522303e-01  -3.1350204e-01   3.0136822e-01  -7.2954275e-02  -2.6065392e-01  -1.3311571e-01  -1.0656978e-01  -3.6453555e-01  -3.4399143e-01  -1.5215771e-01   3.2636556e-01  -1.5949369e-01   1.7118009e-01  -2.8996346e-02   2.9327636e-01  -3.3561476e-02  -1.2872186e-01  -4.1247509e-01   9.8013494e-02  -1.1088540e-01  -3.2964951e-01   1.2610074e-01   3.4252849e-01   9.1983899e-02   3.8111139e-02   2.7864121e-01   5.5109300e-02   4.3039050e-01  -8.3833840e-02   1.7737605e-01   4.1492380e-01  -2.5689984e-01   2.1905270e-01  -1.9788078e-01   5.6404629e-02   3.0976756e-01   3.1511640e-01  -1.3535963e-01  -2.7903356e-01   5.6900852e-01  -3.5567780e-01   2.6332338e-01  -9.6343342e-02   1.0566380e-01  -4.9125819e-02   1.7871453e-01  -1.4619813e-01   2.7861857e-01  -3.0250940e-02  -2.2072319e-01  -2.5282890e-01   7.2544817e-03   2.7428633e-01   3.2333111e-01   3.1693665e-01   4.1403011e-01   4.1704127e-01   5.0350619e-02  -6.9539195e-02  -1.8325867e-01  -1.6593646e-01   2.5814948e-01  -7.0181267e-02  -1.6520124e-01   3.9111632e-01   6.5316863e-02   2.2654930e-01  -2.3218260e-01   2.3004021e-02  -1.4584593e-01   1.3790362e-01   3.8082378e-01   3.1632601e-01   2.5898750e-01  -2.8871863e-01   1.0400824e-01  -1.4030201e-01   4.4106392e-02  -3.8121983e-01   5.2569711e-01   5.1778469e-01  -1.2779868e-01   6.3650000e-02  -2.3186052e-01   1.2701528e-01  -3.8563050e-01   4.5351247e-02   4.1648985e-01   7.2238360e-02   1.8281104e-02   4.0412475e-01  -3.3910421e-02  -8.0614216e-02   3.2396604e-01   2.3083693e-01  -1.8897864e-01   4.4483678e-01  -3.7972804e-01  -4.0112424e-01  -3.5876187e-01   3.8973573e-01   2.2881555e-01   4.7000059e-01   3.9588309e-02   1.3731829e-01   3.3005393e-02   9.9500334e-03   8.0051695e-02   4.5819625e-01  -2.3036229e-01   3.5795612e-01  -1.8546922e-01   3.1464443e-01   3.8849183e-01  -4.0092034e-01  -2.7226458e-01   1.0335770e-01  -1.5582405e-01  -2.2082930e-02   2.1131527e-01  -4.0068243e-02  -1.9560517e-01  -3.0580913e-01   3.4671410e-01   1.3210280e-01  -1.2868269e-01  -2.0644351e-01   2.0547646e-01   4.8818720e-01   3.1490981e-01  -1.9807374e-01   2.8705124e-01   2.0858837e-01  -3.2591920e-01  -1.7110100e-01   2.0045219e-02  -1.3065138e-02  -3.9606701e-01  -2.9432859e-01   1.0038494e-01   1.3583024e-01  -3.9773866e-03   3.7549887e-01  -3.5020156e-01   3.5860646e-01
