   0.0000000e+00  -4.0217952e-01  -3.5831421e-01   4.3461073e-02  -2.7015003e-01   1.2066113e-01  -7.8325495e-02   9.7239643e-02  -2.2090746e-01  -9.9240595e-02  -9.4627445e-02  -1.1211300e-01  -2.8493897e-02   2.1620687e-01  -8.0930606e-02   2.6102587e-02  -2.1347866e-01   1.1270728e-01   2.9956080e-01  -1.5550955e-01  -2.9166371e-01   7.4228034e-03  -2.7285590e-01   3.8605394e-01   1.3486016e-01   5.8651372e-02  -1.0064739e-01   2.5330384e-01   1.2133638e-01   2.4284719e-01  -4.2107150e-02  -4.7782863e-02   1.7333563e-01  -3.7095353e-01   2.3408460e-01  -9.2983941e-02  -2.9138772e-01   5.3981008e-01   6.4183913e-02  -2.2497047e-01  -3.9993345e-02   2.3785991e-01  -1.9624088e-01   1.7692319e-01   1.6617152e-01   1.7093187e-01   2.6802719e-01  -2.7666643e-01  -2.2520611e-01  -1.8731358e-01   6.0749247e-02  -6.8223466e-02  -2.6920233e-01   1.7496496e-01   3.0162877e-01   4.0538426e-02  -6.4139127e-02   6.0851584e-02   8.5600058e-02  -8.8716971e-03   2.2695969e-01  -7.8679984e-03  -2.7233724e-02  -1.8849360e-01   1.5561647e-01  -4.6950306e-02   6.4770291e-02   1.3763625e-01   2.7899980e-01  -2.5465682e-01  -4.2514791e-01   1.9585037e-01  -2.0367027e-01   2.0610411e-01  -7.1648173e-02  -8.7734131e-02   3.9434984e-01   2.4333008e-01  -1.4630205e-01  -3.9688916e-03  -8.8907586e-02   1.8211611e-01  -1.5494659e-01   2.8267150e-02   1.4447154e-01  -2.4719827e-01  -4.7531757e-02   3.3778037e-01  -1.2545298e-01   6.7147292e-01  -1.0027567e-01   1.0711152e-01  -2.8969514e-01  -1.8457491e-03   4.5082955e-01  -1.3351754e-01   7.7308773e-02   1.7335594e-01  -1.3314228e-01   7.1526347e-02   3.3008326e-01   6.6848877e-02  -1.0785453e-01  -1.3612608e-01   1.8821840e-01   1.3460253e-01  -6.9683662e-02   1.1387710e-01  -2.4782382e-01   1.8838242e-01  -3.0789965e-01   1.7409259e-01   1.2080159e-01   3.1360265e-01   1.4313059e-01  -6.9761642e-02   5.0304116e-02  -1.3399779e-01   1.0426333e-01   1.2141569e-01   4.3700648e-01  -8.9853487e-03  -1.1940090e-01   6.9881568e-02   5.8081812e-01   2.7979711e-01   2.4398707e-01   1.6232757e-01  -5.4704486e-02  -9.0727988e-04  -1.7954288e-02  -3.3190145e-01   3.9903763e-01  -2.1120328e-01   7.6170729e-02  -1.2272691e-01   1.0007409e-01   2.4910545e-01   7.8627439e-02   3.9479457e-01   5.1245945e-01  -8.0435401e-02   1.6495920e-01   1.7106003e-01  -8.1394497e-02   3.7351544e-02  -4.2969785e-01  -1.6093056e-01   7.9943398e-02   3.5652772e-02   2.7984304e-01  -3.9118413e-02   4.6591412e-01  -1.4121318e-01  -2.6242878e-01   7.2041273e-01   2.9392168e-01   1.5725793e-01   3.5723047e-02  -1.0943623e-01   1.3670527e-01  -4.6386715e-03  -2.4480526e-01   1.8202400e-01  -1.3053244e-01  -8.4849078e-02  -2.1771029e-01   6.3509700e-02   5.3126292e-01  -3.5571267e-01  -5.4625041e-03   4.2156844e-01   1.0555946e-01   2.1860520e-03   3.8976513e-02   3.0491326e-01  -1.1094649e-01
  -4.0217952e-01   0.0000000e+00   6.0461532e-01  -4.7238444e-01   5.6174488e-01  -9.2502359e-02   1.6016264e-01  -1.9988935e-01   3.1471828e-01   5.5051528e-01  -1.5971146e-01   6.2105459e-01  -1.7477516e-01  -2.2301424e-01  -1.0263818e-01  -1.1714134e-02   6.5268846e-01  -4.3318828e-01  -4.9083667e-03   4.4032629e-01   3.9959855e-02  -3.9404631e-01   1.4783823e-01  -3.7464104e-01  -2.0165895e-01  -1.4774793e-01   2.9606325e-01  -4.1612931e-01  -1.7845124e-01  -4.2928865e-01  -1.3826242e-01  -4.4974690e-01   4.1416350e-02   5.0482604e-01  -6.2994040e-02   3.4993237e-01   1.4057150e-01  -1.6500175e-01   1.1716450e-01   6.3938155e-01  -1.5298392e-01  -8.3184636e-02   5.9943799e-01  -3.9285392e-01  -2.4073593e-01   3.4838273e-03  -3.6937866e-01   1.4116292e-01   7.6086037e-02   6.7355713e-01  -5.3554244e-01  -3.6874057e-01   5.7071450e-01  -7.9688427e-03  -3.5543022e-01  -1.1325685e-01  -1.4458949e-01  -4.6512732e-01  -4.5813075e-01  -1.2560500e-01  -1.1706375e-01   1.0516292e-01   4.5832566e-01   1.8143158e-01  -8.1757800e-02   3.5204690e-01  -1.7128927e-01  -1.2978134e-01  -6.3488440e-01   3.4661311e-01   7.4820233e-01  -4.9256011e-01  -1.1881577e-02   1.8779844e-01   5.7912214e-02   4.6177670e-02  -2.7871649e-01  -1.7870850e-01   5.8034243e-01  -3.4863612e-01  -2.1337896e-01   3.6704887e-02   4.7754191e-01  -9.9057775e-02   1.2090789e-01  -2.4704194e-02   1.5656214e-01  -3.1145306e-01   4.2142895e-01  -3.2880638e-01   4.4384155e-01   1.0698672e-01   3.7109452e-01  -2.0758090e-01  -9.8130545e-02   5.3112299e-01  -1.7191453e-01  -3.4332718e-01   1.4669408e-01  -3.2993330e-01  -1.1236031e-01   3.2157218e-02  -1.7931932e-01   1.2246123e-01  -6.2971121e-01  -4.1563883e-01   1.2991658e-02  -6.8382535e-01   1.5943913e-01  -1.6870200e-01   5.5848135e-01  -6.0637127e-01  -3.3782895e-01  -4.3559624e-01  -1.8036055e-01   3.4733753e-01  -2.8220397e-01  -7.5245912e-02  -2.5352728e-01  -4.0609428e-01  -5.3076878e-01   5.1221613e-01   4.0582224e-01   1.8434666e-01  -5.0683289e-01  -2.7824118e-01  -2.1593599e-01  -2.8290735e-01  -3.7809112e-01   4.0799529e-01  -3.3592916e-01   6.2133707e-01  -1.1225824e-01   2.9045470e-01  -2.2992199e-01   6.7997022e-02  -2.1046316e-01  -2.9652056e-01  -6.9876094e-02  -2.8247284e-01  -3.2037816e-01   4.9585350e-02  -3.2154276e-01  -4.3889271e-02   1.5377052e-01  -2.8601092e-01   4.9837015e-01   2.1616086e-01  -1.2051951e-01  -3.5583175e-01  -1.1231673e-01  -6.9021960e-02  -4.0377542e-01   1.2285205e-01   8.2932999e-01  -4.7250823e-01  -4.9623188e-01  -4.7929828e-01   2.4509940e-01  -1.5774417e-01   1.8015531e-02  -2.9713119e-01   5.6219565e-01  -5.7503954e-01  -2.1327249e-01   5.4645256e-01   3.5279315e-01  -2.0680911e-01  -4.6749380e-01   5.5860644e-01   3.2477362e-01  -2.6263177e-01  -2.3505279e-01  -2.1302364e-01  -1.5649461e-01  -1.9682280e-01  -2.9586908e-01
  -3.5831421e-01   6.0461532e-01   0.0000000e+00  -3.5116022e-01   3.2024937e-01   1.8472842e-01  -3.8435502e-03  -1.2942226e-01   1.9708056e-01   4.3958527e-01  -1.7367742e-01   4.0611233e-01  -2.0671828e-01  -2.1420188e-01  -1.9097561e-01   2.5050884e-01   8.2374098e-01  -4.2758635e-01  -6.5838360e-02   4.7441892e-01   6.3363002e-03  -2.4907766e-01   5.1999753e-03  -2.1621568e-01  -1.9670496e-01   4.5961669e-02   2.6145779e-01  -1.5800444e-01  -6.4343100e-02  -4.1788013e-01  -8.2598031e-02  -3.3686029e-01   2.0909015e-02   3.0495725e-01  -2.7271514e-01   3.5049120e-01   2.5348831e-02  -1.4512946e-01   1.9807988e-01   6.3733716e-01  -5.2044175e-02  -4.8873455e-02   4.4748842e-01  -2.4501784e-01  -3.5989807e-01   3.3669630e-01  -1.4157302e-01   1.3070619e-01  -7.6291054e-02   6.6524435e-01  -3.3650176e-01  -2.4312744e-01   1.4997206e-01   2.1372986e-01  -3.9755169e-02   1.2154940e-03   1.1092475e-03  -1.8807921e-01  -3.0006688e-01  -5.5135678e-02   1.5364287e-01   2.7122963e-02   2.3252966e-01  -5.7170318e-02  -3.8057647e-01   1.5288234e-01   5.2981491e-03  -1.3431215e-01  -3.4993346e-01   6.7421987e-01   4.9358650e-01  -2.7889260e-01  -9.0217741e-02   3.0451605e-01   2.9092281e-01   4.7683231e-02  -4.6584815e-03  -2.3069508e-01   3.1676006e-01  -2.0697640e-01  -1.5329533e-01  -1.2280404e-01   3.3831046e-01  -1.3950215e-02   3.2723103e-01  -1.3675613e-01   8.7242694e-02  -2.0642128e-01   1.2347555e-01  -2.2321059e-01   9.2151727e-02   3.8822262e-01   5.4726998e-01  -2.6659618e-01   1.3980490e-02   4.6913015e-01  -1.1047737e-01  -3.1133948e-01   1.2908252e-01  -4.1143552e-01  -2.1908456e-02  -1.3720124e-01  -6.1507425e-02   7.9194992e-02  -5.7352020e-01  -1.9565863e-01   1.8013534e-01  -3.7541212e-01   8.5388252e-02  -2.0662733e-01   4.9171403e-01  -4.9418528e-01  -1.8893785e-01  -3.1662046e-01   4.2801113e-02  -2.6679738e-02  -1.5931757e-01  -8.8814634e-02  -1.8266517e-01  -2.7108156e-01  -1.9049690e-01   3.2351788e-01   4.4660268e-01  -2.3685992e-01  -2.3973037e-01  -7.5129910e-02  -4.3985319e-01  -3.9059072e-02  -2.5400673e-01   5.3377551e-01  -3.2395061e-01   2.2530718e-01   4.5384026e-02   1.2616386e-03  -1.2391142e-01   6.9617269e-02  -1.1588137e-01  -2.4367182e-01  -7.4194051e-02   6.0787564e-03  -1.7438096e-01   4.9504092e-04  -4.2919744e-01   2.7544197e-01  -1.2313229e-01  -3.5502397e-01   5.7309211e-01   1.3272380e-01  -2.3591838e-03  -1.8295420e-01   1.1824059e-01  -1.0359019e-02  -1.5012074e-01  -1.8301269e-01   6.7375083e-01  -3.8512785e-01  -2.7321451e-01  -3.5503432e-01   4.2190508e-01   2.4074976e-02   1.1154240e-01  -2.5496105e-01   1.3141035e-01  -4.2652750e-01  -1.5995043e-01   1.8060819e-01   1.7635627e-01  -1.1003973e-01  -1.8028307e-01   4.7425866e-01  -3.1493036e-02  -1.2789370e-01  -1.7587702e-01  -1.6654133e-02  -8.7368604e-02  -7.3138018e-02  -1.2668141e-01
   4.3461073e-02  -4.7238444e-01  -3.5116022e-01   0.0000000e+00  -2.4861779e-01   2.0155728e-02   1.1189071e-02   1.4321483e-01  -2.0462881e-01  -5.5999021e-01   7.0266752e-02  -4.5163300e-01   2.0540885e-01   2.3607009e-01   7.3878790e-02   3.7960788e-03  -4.4441256e-01   4.4042921e-01  -2.5676712e-02  -2.8328033e-01   7.6860204e-03   3.3056549e-01   1.0707220e-01   6.3037390e-02   2.2470396e-01  -5.8563446e-02  -1.6143960e-01   2.0320859e-01  -2.5756743e-02   2.6561020e-01   1.0742218e-01   4.7794086e-01  -2.5291033e-01  -3.7563577e-01   1.6411088e-02  -1.0804187e-01   2.5408757e-02   7.0054822e-02  -2.4435700e-02  -4.0906604e-01   3.1444648e-01  -1.2989567e-01  -3.2061196e-01   2.5766841e-01   9.1907772e-02   5.1123043e-02   1.7486112e-01  -1.0317719e-01   1.5738355e-01  -4.2189874e-01   5.3993942e-01   2.3190114e-01  -3.8556007e-01   4.6881444e-02   1.9343606e-01   1.3322445e-01   6.9737372e-02   4.9731250e-01   5.0095757e-01   6.2852357e-02   2.1752692e-01  -8.0261833e-03  -9.5348957e-02  -2.9086931e-01   1.0023180e-01  -2.7365605e-01   1.0627625e-01   1.3794043e-01   4.7576091e-01  -1.8764820e-01  -4.6988025e-01   4.2995034e-01   6.5597312e-02  -2.0605367e-01   3.1091500e-02   1.9692281e-01   7.9832768e-02   1.4413013e-02  -4.0444510e-01   3.7503871e-01   2.7391024e-01  -2.8463105e-01  -3.0560087e-01   7.4628184e-02  -1.3442398e-01   1.1892065e-01  -6.1536262e-02   1.5066671e-01  -2.3299951e-01   3.5341656e-02  -3.1406871e-01  -9.1377047e-02  -1.3822265e-01   5.8092104e-02   6.6308253e-03  -2.3497755e-01   2.0964439e-01   1.0020732e-01  -2.3655901e-02   2.3578182e-01  -1.1301247e-01  -1.4369423e-01   2.0522780e-01   1.5763279e-01   3.8384112e-01   4.1102464e-01  -4.8851104e-02   4.6669437e-01  -3.5727355e-02   1.2723784e-01  -3.9073012e-01   4.8689370e-01   5.0476176e-01   2.4638981e-01   8.8461092e-02  -3.6453626e-01   2.2645298e-01   7.2196207e-02   6.6310063e-02   5.5158269e-01   2.0733759e-01  -2.9072806e-01  -2.1151784e-01  -2.4095789e-01   1.7534033e-01   2.2812720e-01   1.0968186e-01   5.6588964e-02   4.5563392e-01  -2.7055701e-01   2.8599343e-01  -3.9386304e-01   6.0134371e-02  -2.0738460e-01   1.3928273e-01   4.3632539e-02   4.6943372e-02   2.0830156e-01   1.0602538e-02  -1.3124219e-01   7.8818349e-02  -8.0342141e-02   3.0948664e-01  -5.7468996e-03  -1.3845667e-01   1.3049721e-01  -3.0392278e-01  -4.6158741e-02  -3.9203163e-02   4.1733386e-01   2.7210525e-02   7.1990001e-02   1.6798677e-01  -1.3614489e-01  -5.6176280e-01   2.8614100e-02   2.5369448e-01   3.8847063e-01  -3.9865556e-02   1.0292920e-01   1.0800009e-01   1.2569574e-01  -2.8250905e-01   5.8756351e-01   3.5386678e-01  -4.0548715e-01  -2.5866773e-01   7.0163142e-02   1.4534839e-01  -4.7463303e-01  -2.9393114e-01  -1.8036031e-02   2.5358154e-01   4.6551008e-02   1.3713624e-01   1.1423772e-01   3.9985973e-01
  -2.7015003e-01   5.6174488e-01   3.2024937e-01  -2.4861779e-01   0.0000000e+00  -2.4064845e-01  -3.9887344e-02  -3.3067012e-01   3.9303236e-01   4.0753199e-01  -1.0534962e-01   3.8362424e-01   8.4825089e-02  -4.0883009e-01  -2.9340346e-01  -1.5478907e-02   4.5907234e-01  -2.4805268e-01  -1.8445676e-01   7.1944080e-01  -1.1799404e-01  -4.0051033e-01   8.6986888e-02  -3.7203890e-01  -1.8320034e-01  -2.9629846e-01  -5.7230118e-02  -4.4110019e-01  -2.5931284e-02  -5.3722063e-01  -1.7904019e-01  -3.9724929e-01  -1.3705364e-01   1.6585040e-01  -1.5458389e-01   5.2691136e-01   2.6447685e-01  -6.6942904e-02  -5.6918712e-02   3.2386329e-01   3.2535526e-02  -2.0758737e-01   3.9646672e-01  -2.7534436e-01  -2.0215925e-01  -2.0234665e-01  -1.9544987e-01  -9.8483037e-02  -1.0753880e-01   4.1707255e-01  -3.3318070e-01  -3.5372078e-01   4.4974358e-01  -4.3075612e-02  -2.2452819e-02  -3.5057178e-01  -2.9183835e-01  -5.8651406e-01  -2.9689049e-01  -2.7766574e-01  -2.1387928e-01   2.4303076e-01   4.4352009e-01   1.2791280e-01  -1.5389009e-01   3.4500070e-01  -3.8251769e-01   7.0702384e-02  -6.6547926e-01   8.9751705e-03   3.7704237e-01  -3.7940296e-01   1.2062518e-01  -1.4399626e-01   8.8509489e-02  -1.4714708e-01  -3.4515758e-01  -2.0732710e-01   6.7941394e-01  -1.9511877e-01  -3.8808800e-01  -1.8372161e-01   3.1906596e-01  -3.5421642e-01  -1.5406229e-01  -2.2102634e-01  -1.0404537e-01  -2.8472483e-01   3.6800938e-01  -1.6316346e-01   4.5154292e-01  -1.9839613e-01   3.2198836e-01  -4.0362409e-02  -1.7192311e-02   7.2845963e-01  -7.9226397e-02  -4.3387637e-01   3.8244646e-01  -2.8699264e-01  -2.0620414e-01  -3.3783608e-02  -2.2311355e-01  -1.1442160e-01  -5.0182987e-01  -4.2248244e-01   5.1939238e-02  -6.4034123e-01   3.1176633e-01  -2.4882135e-01   3.1071276e-01  -5.1451725e-01  -2.2582516e-01  -2.6310092e-01  -1.4828137e-01   2.8012586e-01  -3.1233474e-01   2.9670086e-01  -3.0127702e-01  -2.0952819e-01  -5.5507241e-01   4.9900783e-01   2.2256259e-01   1.1742923e-01  -4.6816903e-01  -3.0301582e-01  -1.9655694e-01  -5.9822985e-02  -4.4927423e-01   7.0319158e-02  -6.1484436e-02   5.7937959e-01  -2.7562120e-01  -1.3593252e-01  -3.2837318e-01  -7.9609026e-02  -6.1711044e-02  -3.3594941e-01  -2.1739227e-01  -1.5226649e-01  -3.0420120e-01   1.7780423e-01  -2.7948104e-01  -1.7258966e-01  -8.7462293e-02  -4.0071199e-01   3.2314526e-01   4.7168927e-01  -1.8823232e-01  -2.3296843e-01  -1.8219388e-01  -1.9932006e-01  -4.0789096e-01   3.6231264e-02   4.2776632e-01  -3.0336052e-01  -6.3844006e-01  -1.8104233e-01   1.9131289e-02  -3.3865580e-01   7.6529037e-03  -2.4178828e-01   4.6554131e-01  -5.7093906e-01  -1.4129947e-01   5.0085374e-01   1.6352334e-01  -4.0679839e-01  -4.2076772e-01   5.2562104e-01   3.7267552e-01  -3.3142433e-01   2.5944050e-02  -4.6740200e-01  -1.9565764e-01  -1.4925310e-01  -9.7109167e-02
   1.2066113e-01  -9.2502359e-02   1.8472842e-01   2.0155728e-02  -2.4064845e-01   0.0000000e+00  -3.2745415e-03   1.8764834e-01  -2.8546365e-01  -1.4405781e-02   8.5266755e-02   3.7302640e-03  -1.9028492e-01   2.1890979e-01  -2.6459201e-02   2.7519809e-01   8.4391566e-02   4.9633768e-02   7.3550018e-02  -1.1921668e-01  -1.6102664e-01   1.9918943e-01   2.2262767e-02   2.0243237e-02  -2.6264430e-02   1.5116156e-01   4.2475631e-01   2.9109507e-01  -7.0460756e-02   1.9444632e-01  -1.7113029e-01   2.9062813e-01   1.1083501e-01   8.2656203e-02   1.9353961e-01   7.4091872e-02  -2.5642318e-02   1.6525362e-01   2.5937137e-01   7.5512003e-02   5.8896061e-02   2.2702238e-01   6.0634761e-02  -2.4188855e-02   5.8421474e-02   2.1184557e-01   3.6212698e-01   1.5338654e-01  -9.7442838e-02   1.2493002e-01   1.2001974e-01   4.5362733e-02  -1.6687681e-01   2.2172687e-01   2.4996826e-01   1.0885419e-01   1.0606469e-01   2.1515812e-01   1.3121719e-01   1.2567902e-01   1.4664402e-01   1.7339415e-01  -2.2817780e-01  -1.5541067e-01  -9.0361332e-02  -7.4243922e-03   5.8159883e-01  -1.0367075e-02   3.7487076e-01   2.1835949e-03  -9.0960002e-02   2.1048099e-01  -1.2253140e-01   1.1843825e-01   8.6587461e-02   1.1447999e-01   2.7779742e-01   1.9812831e-01  -1.4299381e-01  -9.8144936e-02   1.2717517e-01   1.3175999e-01  -8.9107133e-02   1.2583486e-01  -8.8094987e-02   8.9897475e-02   1.5588488e-01   2.2909986e-01  -2.6796333e-01  -4.1790159e-02  -1.9235069e-01   1.9221401e-01   2.9955688e-01   1.2031414e-01   1.1320607e-01  -3.7265367e-02   2.0576315e-01   2.1491866e-01  -6.2096424e-03   2.4206054e-01   1.5661968e-01   4.8179805e-02   3.3318550e-01   1.3042730e-01   2.0870901e-01   1.9744853e-01  -1.6412919e-01   3.3385238e-01  -1.9188798e-01   3.5354524e-01  -1.9290132e-02   1.4481510e-01  -4.1268949e-02   3.6404617e-02  -1.6469298e-01  -1.3907929e-02   1.8989765e-01  -1.9366611e-01   1.7935529e-01   1.6719909e-01   2.8043912e-01  -3.1290118e-02   7.0623618e-02  -3.4086990e-01   8.1847313e-02   2.5863552e-01   6.0877439e-02  -1.0082321e-01   2.9429676e-02   1.4076642e-01  -2.5248787e-01  -5.2580680e-02   3.1954196e-02  -1.6230316e-01   3.6560859e-02   1.0877708e-01   1.5941512e-02   1.6246572e-01   1.6153077e-01   7.6104481e-02   2.8357684e-01  -3.4959628e-01   1.5582613e-02   4.4017829e-01  -2.4109795e-02  -5.7680280e-02  -7.9057116e-02   1.6848126e-01   1.8602227e-01   3.3769060e-01  -1.5103846e-01   1.3841997e-01   7.9220615e-02  -1.5162520e-01   8.0077568e-02   8.7188456e-02   1.8423931e-01  -6.4947434e-02   2.5081902e-01   2.4438379e-01   2.4132625e-01   9.7724770e-02  -2.4494215e-01   1.2050046e-01  -1.4659782e-01  -9.3726178e-02  -4.5097054e-02   1.8848384e-01   3.6871324e-02  -6.5628724e-02   3.4669256e-02   1.3451489e-01   1.5927321e-01   5.0062070e-01   4.6489687e-02   1.2813294e-01  -8.0345494e-02
  -7.8325495e-02   1.6016264e-01  -3.8435502e-03   1.1189071e-02  -3.9887344e-02  -3.2745415e-03   0.0000000e+00  -6.3653483e-02  -1.7906926e-01  -4.6884629e-02   4.2751539e-02   2.1004382e-01  -2.7508833e-01   5.4670538e-02   4.4960728e-01  -3.2307924e-02  -1.4332134e-01   7.7015668e-02   4.7895876e-02  -3.0502470e-01   1.7690106e-01  -9.6997399e-02   4.2629556e-01  -2.5100311e-01  -1.2713150e-01  -2.6403690e-03   2.4431597e-01   1.0653922e-01  -3.3476374e-01   3.8388779e-01  -4.1399890e-02   6.8342933e-02  -6.1253197e-02   1.9008950e-01   2.8126575e-01  -8.1144504e-02   1.0977989e-03  -5.0184665e-02   1.7325081e-01   2.5505004e-02  -1.3598163e-01   1.0237360e-01  -1.6093767e-01   2.9610772e-02   2.1459396e-02  -2.7269311e-02   3.4337693e-02   4.7930317e-01   7.6394703e-02  -3.3533624e-02   3.6062880e-02  -2.8868418e-01   1.7163552e-01  -1.3388704e-02  -1.4554092e-01   2.3233765e-01   1.7242672e-01   2.1782692e-02  -1.5062532e-01  -1.0389825e-01  -9.6604634e-03  -1.7439626e-01  -2.5905066e-01   7.1277194e-02  -3.2750799e-02   2.6028869e-01   2.3238621e-02  -2.5643716e-01   3.1776262e-02   2.0980225e-01   2.9250479e-01  -8.2873649e-02   2.4546738e-02   2.7980045e-01  -1.9408130e-01   9.4823919e-02   8.5791221e-02  -1.0227802e-01  -3.0618910e-01  -2.2819096e-01   1.2261217e-01   2.8571665e-02   1.6826131e-01   2.5531940e-02   3.5563430e-02  -1.1507859e-02   3.3152760e-01  -1.6429920e-01  -8.0693397e-02  -1.6778077e-01  -9.0775204e-02   9.1718541e-02  -1.3840090e-01  -1.7195893e-01   1.6740742e-01  -1.1600774e-01  -7.8878495e-02  -1.3737399e-01  -2.6626164e-01   2.6112321e-01   2.2779347e-01   1.0418584e-01  -1.0722427e-01   1.4420417e-01   7.6693546e-02  -2.1577183e-01  -9.7688542e-02  -6.5230036e-02  -4.8472655e-02   2.6220146e-01   2.6513812e-01   6.9242679e-02  -1.2673619e-01  -1.5533936e-01  -2.5852683e-02   8.5680553e-02  -8.8754373e-02  -1.8975857e-01   8.7709808e-02  -9.9572934e-02  -2.7754155e-01  -2.1764406e-01  -7.6424017e-03   1.5059608e-02  -2.0545247e-01   4.2592590e-02   1.9050237e-01  -2.8858033e-01  -1.2329169e-01   1.9664010e-01  -1.5857954e-01   1.8317653e-01   1.6510108e-01   3.2836813e-01  -2.1359222e-01  -7.2725567e-02  -1.3201835e-01   2.1742165e-01  -1.4835226e-01  -2.2386148e-01  -8.9193897e-02  -1.9447994e-01  -6.4679676e-03   2.4085829e-01   3.3538494e-01  -4.2542089e-02   2.7232431e-01  -5.2914224e-02   2.4004311e-01   1.2509203e-01  -1.9993218e-02  -2.2063078e-01  -2.6551407e-01   1.5726097e-01   2.4690945e-01  -1.7620984e-01  -8.6282620e-02  -1.0382392e-01  -4.9669481e-02   5.5267408e-02  -1.8093929e-01  -1.4576268e-01   9.6933315e-02  -1.4171934e-01  -1.3776445e-01   7.9461296e-02   3.5395530e-03  -1.7120751e-01  -2.7092784e-01  -1.5317682e-01   7.0097541e-02   7.4991334e-02  -3.1001928e-02   3.6762638e-02  -1.2684451e-01   6.3759244e-02  -3.7505923e-01
   9.7239643e-02  -1.9988935e-01  -1.2942226e-01   1.4321483e-01  -3.3067012e-01   1.8764834e-01  -6.3653483e-02   0.0000000e+00  -1.8370701e-01  -1.3459387e-01   3.1772648e-02  -2.0234852e-01  -7.7457353e-02   1.7593645e-01   4.3250705e-02  -5.9709347e-02  -2.8195928e-01  -5.8422209e-02   2.7533067e-01  -2.6415892e-01   7.6411759e-02   3.3508900e-01  -1.6900243e-01   3.4704732e-01   1.1177279e-01   3.9086891e-01   1.1239844e-01   6.4666428e-02  -1.6976012e-01   1.3716512e-01  -7.1277346e-02   2.2979479e-01   9.3514082e-02   6.3930102e-02  -3.1264012e-02  -1.8685919e-01  -1.5017695e-01  -1.1675948e-01   3.4951863e-02   3.2463515e-02   5.0983571e-02   6.2663830e-02  -7.6579181e-02   1.7804329e-01   2.7784654e-02  -9.6482796e-02   1.0679732e-02   1.2202687e-01  -9.9384619e-02  -7.4994382e-02  -4.8465911e-02   4.0806906e-01  -6.0332180e-02   6.1747299e-02   2.9154664e-02   1.7593473e-01   2.4361150e-01   3.7865203e-01   2.9147001e-01   3.0503113e-01  -3.6556154e-02  -7.1034069e-02  -6.8057075e-03   4.8756174e-02  -1.5992626e-01  -2.7136181e-01   3.1039710e-01   3.7135373e-03   2.9792984e-01  -2.7503595e-01  -1.3445472e-01   8.2797882e-02   7.3730343e-02  -1.1928876e-01   2.7674108e-01   2.8953553e-01   6.3765924e-02   3.6497264e-01  -1.3466781e-01   1.0960057e-01   3.6756690e-01   4.5085322e-03  -1.1938497e-01   4.9144441e-01  -6.2316215e-02   2.8437371e-01  -9.8414908e-02   1.9904197e-01  -8.5170979e-02   1.7477258e-01   3.9688450e-02  -7.0752991e-02  -8.7618594e-02   8.8089344e-02  -2.7208826e-01  -1.5836739e-01   1.2761129e-01   4.3567488e-01  -6.3875576e-02   2.9515693e-01   9.9162341e-02   1.2407328e-01   4.0889711e-01   1.9998786e-01   2.5070866e-01   4.1704331e-01  -1.1695651e-01   3.2875619e-01  -1.9339934e-01  -2.5712183e-02  -3.9030574e-02   2.0447676e-01   6.7491916e-02   2.0385797e-01  -1.0130816e-01  -8.8063943e-02   1.5744677e-01  -8.3500203e-02   1.2740972e-01   1.0576488e-01   2.5618618e-01   1.9186563e-02  -1.8713685e-01  -1.7393047e-02   1.1557882e-01   2.9332456e-02   3.8016989e-02   5.6801940e-02   3.5411043e-01  -2.6898373e-01  -9.6636692e-02  -3.9521823e-01  -1.7675418e-01   1.9733375e-03   3.4819744e-01   3.4760340e-01   2.9279633e-01   9.6502888e-02   5.0080268e-01   3.9452779e-02   2.1494391e-01  -1.6765092e-01   1.5346696e-01  -2.5748293e-01   2.6196177e-02   1.8418718e-01  -1.6789644e-01  -2.5192296e-01  -2.5571164e-01  -4.5563278e-02  -1.1998666e-01   5.6890434e-01   2.0267535e-01   7.8512406e-02  -1.6236792e-01   2.1128712e-01   3.7419646e-01  -3.7514984e-02   7.9574247e-03   4.2126161e-01   3.1098898e-01   1.4726481e-01   1.1106065e-02   2.3280089e-01   1.4023238e-01  -7.2768504e-02  -8.9755452e-02   2.4423513e-01  -1.0442827e-02  -5.6915029e-02   3.7959686e-02   1.7208142e-01  -4.9930391e-02   2.2653533e-01   2.9489187e-01  -4.6045407e-02   2.1754677e-01
  -2.2090746e-01   3.1471828e-01   1.9708056e-01  -2.0462881e-01   3.9303236e-01  -2.8546365e-01  -1.7906926e-01  -1.8370701e-01   0.0000000e+00   1.4787077e-01   8.9084148e-02   2.2757495e-01   1.4047833e-01  -1.6855977e-01  -2.7577981e-01  -1.0261756e-01   1.8132073e-01  -8.1440286e-02  -1.8409738e-01   3.6737868e-01   1.1697713e-01  -1.2066196e-01  -5.7868743e-02   8.2284277e-02   2.8881170e-02  -2.3125161e-01  -1.0835078e-01  -2.0722342e-01   5.4421506e-02  -4.1766588e-01   2.5752028e-01  -2.4887458e-01  -2.4498708e-01   3.2317439e-02  -5.5992648e-03   1.9358162e-01   3.6270728e-01  -2.0718204e-01  -2.5161159e-01  -4.4706309e-02   1.8947264e-01  -5.1015103e-01   1.1235423e-01  -2.9528202e-01   1.4528243e-04  -4.3870983e-02  -1.8948177e-01  -9.5912095e-02   4.7992780e-02  -1.3887815e-02  -1.1602289e-02   4.8572269e-02   1.9826950e-01  -4.1186750e-01  -9.6208597e-02  -4.4619463e-01  -2.6175204e-01  -3.2629367e-01  -2.5394872e-01  -2.7078129e-02  -2.6717201e-01   3.1292380e-01   4.9996598e-01   1.8052247e-01   2.2468929e-01   1.1042562e-02  -4.8967350e-01   1.8898240e-01  -4.7942671e-01   4.3918032e-02   2.7188427e-01  -7.1305030e-02   5.8381337e-02  -2.5833380e-01   2.7040359e-02  -2.8399951e-01  -2.9888825e-01  -2.1365534e-01   3.1265843e-01  -6.2061103e-02  -1.3351077e-01  -3.7051980e-01   2.2399783e-02  -3.1145008e-01   8.5342246e-02  -2.5319683e-02   8.2226319e-02  -1.8216943e-01   3.0649545e-01  -6.7503142e-02   6.2778612e-02  -1.6908944e-01  -4.1115466e-02   2.5298249e-01  -2.2645780e-01   8.9259623e-02  -2.4179454e-01  -2.5256124e-01   3.9745562e-01  -3.7569648e-01  -3.3194921e-01  -1.2626987e-01  -3.1099559e-01  -2.9026008e-02  -3.7400719e-01  -2.7286080e-01   6.6149941e-02  -3.0638586e-01   3.1863619e-01  -3.1302849e-01   3.4244041e-02  -3.2598095e-01  -6.4819922e-02  -2.5543924e-02  -8.1865905e-02   2.6412991e-01  -3.8573017e-01   2.2301361e-02  -1.6451147e-01  -1.6043359e-01  -8.7277853e-02  -8.4632392e-02   2.6143518e-01   4.0996205e-01  -2.4739112e-01  -1.2303479e-01  -3.1587337e-01   1.3665816e-01  -1.7246583e-01  -1.4736640e-01  -8.4415241e-02   3.0516028e-01  -1.9729987e-01  -2.7218931e-02  -1.1795840e-01  -2.8528609e-01  -3.2985558e-01  -2.2717570e-01  -4.1583265e-01   1.0923131e-01  -1.0986384e-01   1.8994138e-01  -1.8839337e-01  -2.8223940e-01  -2.9020832e-01   8.7617530e-02   2.9597629e-01   1.5045485e-01  -5.3626351e-02  -9.7315710e-02   1.5784259e-02  -1.6104475e-01   3.7462124e-02   1.0724154e-01   8.2885097e-02  -2.1791420e-01  -3.4766461e-01  -1.2074670e-01  -3.5303191e-01  -3.6281298e-01   1.3054592e-01   2.8326061e-02   2.3469244e-01  -1.7603092e-01   4.0825981e-02   6.8293077e-02   6.1117480e-02  -3.8288388e-01  -3.5479417e-02   5.7732317e-02  -1.0855802e-01  -3.2330037e-01   1.5094098e-01  -4.0194512e-01  -1.3572269e-01  -5.0987034e-01   4.2086087e-02
  -9.9240595e-02   5.5051528e-01   4.3958527e-01  -5.5999021e-01   4.0753199e-01  -1.4405781e-02  -4.6884629e-02  -1.3459387e-01   1.4787077e-01   0.0000000e+00  -1.3301504e-01   5.2992556e-01  -2.5790678e-01  -4.4813765e-01  -1.1782196e-01   2.1146401e-01   5.9551129e-01  -4.0475953e-01   1.7407790e-01   5.9158569e-01  -9.1692781e-02  -4.3762860e-01  -6.3699312e-02  -2.2634205e-01  -1.0828790e-01  -4.7415938e-03   2.2618081e-01  -1.7967268e-01   1.3369675e-02  -4.3040638e-01  -2.2518051e-01  -4.2659168e-01   1.6237231e-01   4.5792884e-01  -1.9206849e-01   3.3997434e-01   6.1114551e-02  -3.1773466e-02   9.1271958e-02   6.0031535e-01  -1.4930123e-01   1.1333626e-01   4.2756358e-01  -3.6828821e-01   2.9613695e-02  -1.9772629e-01  -1.9730081e-01  -1.1347016e-01  -1.2476644e-01   6.3592616e-01  -4.3599150e-01  -2.9770305e-01   5.1470593e-01   5.0724562e-02  -3.7840458e-01  -1.9675358e-01  -9.9865925e-03  -4.8796489e-01  -2.8864232e-01  -1.8716999e-02  -1.0621780e-01   1.2099541e-01   2.4455639e-01   4.5509467e-02  -1.2378313e-01   3.7630834e-01  -9.7300787e-02   1.7749919e-02  -5.1264735e-01   1.9489959e-01   5.7093461e-01  -5.0382491e-01  -2.4496446e-02   2.6006210e-01   2.7886382e-02   9.8023105e-02  -1.4164753e-01   4.4603674e-02   5.1671464e-01  -1.7809173e-01  -3.4253693e-01   2.7871640e-01   6.4856877e-02  -1.2684359e-01   5.7694209e-02  -1.6437950e-01  -2.9110861e-03  -6.3831241e-02   2.2674347e-01   3.9233868e-02   5.1304958e-01   5.1385773e-02   4.2959021e-01  -1.2139103e-01  -2.9838038e-02   5.1449550e-01  -4.8074726e-03  -1.1186982e-01   1.7714515e-01  -1.8297301e-01   1.3981486e-01   1.9350020e-01  -8.1547061e-02  -9.0708934e-02  -5.2991925e-01  -4.3927017e-01  -4.6732070e-03  -5.4538110e-01   1.7136064e-01  -1.1837307e-01   4.7310477e-01  -5.8274880e-01  -2.9626965e-01  -3.4699131e-01  -1.4945560e-01   3.6511178e-01  -3.5599096e-01   8.2300757e-02  -3.2400307e-01  -3.8484770e-01  -3.0113889e-01   5.2582570e-01   2.3032992e-01   1.4447696e-01  -2.0750091e-01  -2.9985915e-01  -5.8641835e-02  -1.2445547e-01  -3.9107061e-01   2.1032670e-01  -3.0448113e-01   4.4466956e-01  -1.9085937e-01   2.0219795e-01  -1.5087870e-01  -7.0611594e-02   1.6750504e-01  -2.2788564e-01   9.1749906e-02  -4.5762778e-02  -2.5207519e-02  -8.1844604e-02  -1.9151660e-01  -7.6149991e-02   1.6432612e-01  -3.2225011e-01   3.7775938e-01   3.2472833e-02  -2.7230493e-01  -2.0300391e-01  -1.0458189e-01  -1.0285923e-01  -2.1678563e-01   1.0449418e-01   6.0536323e-01  -8.0462820e-02  -4.0134582e-01  -3.0969751e-01   2.5285969e-01  -1.5947863e-01  -3.5271083e-02  -3.8159870e-01   4.2541994e-01  -6.0413321e-01  -3.4210627e-01   5.0629188e-01   3.9183525e-01  -2.0725568e-01  -3.1560607e-01   4.2704254e-01   3.9979049e-01  -1.7730488e-01  -1.4499652e-01  -1.8875220e-01  -1.6048282e-02  -1.7227134e-01  -2.3435580e-01
  -9.4627445e-02  -1.5971146e-01  -1.7367742e-01   7.0266752e-02  -1.0534962e-01   8.5266755e-02   4.2751539e-02   3.1772648e-02   8.9084148e-02  -1.3301504e-01   0.0000000e+00  -1.3081843e-01   9.2648461e-02  -5.7967892e-02   7.9557907e-02  -2.0553578e-01  -2.1496283e-01   3.4423985e-01  -3.6026570e-01  -5.5129546e-02  -1.6541793e-02   6.0557247e-04  -2.8592376e-02   3.5841656e-02   2.5493467e-02  -7.5178074e-02   1.2162776e-01   3.2928093e-02  -6.7228966e-02  -3.6750824e-02   1.0782100e-01   2.1720117e-01  -2.9424944e-01  -7.9722836e-04   4.9051836e-02   1.6996519e-01   7.1941875e-02   8.8172375e-02  -3.3250931e-01  -1.7395551e-01   3.7106113e-01  -1.6816636e-01  -2.3867321e-01  -7.4127069e-04   2.1829141e-01   1.9851464e-01   5.3564889e-01   1.7819433e-01  -4.7226629e-02  -4.1891803e-01   3.1198804e-01   3.1189615e-01   3.1056927e-02  -1.6615035e-01  -8.9123566e-02  -1.1163586e-01  -1.5949425e-01   3.4366689e-02   8.4518787e-02  -1.0689173e-01  -6.7731074e-02   1.8009835e-01  -1.3629536e-01   1.3526228e-01   1.6204926e-01   2.3337530e-01  -6.8607878e-03  -7.9168147e-02   1.8896706e-01   5.0855307e-02  -2.6952482e-02   1.8454690e-01   1.7896171e-01  -1.1385442e-01  -5.7522683e-02  -2.4713993e-01   1.3353597e-01  -1.2645894e-01  -2.7167330e-01   2.3660045e-02   1.4716100e-02  -1.9054283e-01  -1.1839218e-01  -1.9794336e-01  -5.0547261e-02   9.3545817e-03  -9.9572386e-02  -2.0473486e-01   3.0757690e-02  -1.1566381e-01  -2.7914645e-01  -5.9214239e-02   1.0349356e-01   1.9259715e-01   1.5805881e-03  -1.8382066e-01   7.7890144e-02   1.1138201e-01   4.9163703e-02   1.0486153e-01  -2.8538858e-01  -1.3443645e-01  -7.9845917e-02  -1.2463579e-01   1.5879346e-01  -6.4462459e-02  -7.7341910e-02   2.9444108e-01   4.9274398e-03   3.1937962e-01   2.1485242e-02   8.6673887e-02   7.5965408e-02   1.9269838e-01   4.8796663e-03   1.2477864e-01   5.5987435e-02   1.0497805e-02   6.3416043e-02   2.1650245e-01   1.3838159e-01  -4.9229533e-01   1.2533873e-01   7.4260448e-02   6.3456632e-02  -1.8981920e-01  -1.3057069e-01  -2.5737000e-02  -1.2312717e-01  -1.3807031e-01   8.4208808e-02   6.5148235e-02  -1.3264273e-01   1.0016943e-01   2.8858435e-02  -3.3782533e-02  -1.3047536e-01   1.4952749e-02  -1.6493451e-01   9.4512696e-02   9.1948618e-02   1.6415150e-03   2.8605586e-01   2.3128920e-02  -3.1573958e-01   2.5476609e-01   2.2629608e-02   2.7949847e-01   3.8230036e-01   1.5598295e-01  -6.5065241e-02  -1.8614649e-01   2.1511241e-02   3.6987512e-01  -1.5908426e-01   1.1912362e-01   9.4533018e-02   2.3834390e-01  -2.4873406e-01  -7.7402367e-02  -3.1885044e-02   3.0128645e-01  -1.2328049e-01   8.7338274e-02   6.6540215e-02  -2.3795696e-01   1.1250565e-01   5.8206523e-03  -3.3843673e-03  -2.4059061e-01  -1.4244652e-01  -1.5854594e-02   8.1636053e-02   1.1208568e-01   3.0677225e-03  -1.0777421e-01   1.4492499e-01
  -1.1211300e-01   6.2105459e-01   4.0611233e-01  -4.5163300e-01   3.8362424e-01   3.7302640e-03   2.1004382e-01  -2.0234852e-01   2.2757495e-01   5.2992556e-01  -1.3081843e-01   0.0000000e+00  -2.3290280e-01  -2.4350922e-01  -1.7483999e-02   6.5993103e-02   4.9758402e-01  -4.2410982e-01   4.5299657e-02   3.6486173e-01  -1.6102693e-02  -4.7328707e-01   1.2851816e-01  -1.0008299e-01  -2.2007850e-01  -1.5937276e-01   1.8745302e-01  -2.0234043e-01  -6.0953293e-02  -3.3785169e-01  -2.8284149e-01  -5.2615568e-01  -1.9945251e-02   4.7373527e-01   2.3276128e-01   2.0522807e-01   1.8644784e-01  -1.1781670e-01  -2.8503585e-02   4.4703794e-01  -1.1440074e-01   2.4729600e-03   4.0048789e-01  -3.8359108e-01  -7.3238739e-02   4.9820844e-02  -2.8638576e-01   8.8085501e-02   9.0618830e-02   4.6339515e-01  -3.5540009e-01  -3.9453601e-01   4.1545989e-01   5.8772497e-02  -2.2909499e-01  -2.6433791e-01  -1.5154669e-01  -5.3209047e-01  -4.2972912e-01   5.9150549e-02  -5.2450015e-02   7.1805914e-02   3.6065232e-01   2.1123335e-02   6.2403164e-02   3.7635553e-01  -1.3069416e-01   1.8605263e-02  -5.7125953e-01   2.8258430e-01   5.5881490e-01  -4.1752433e-01  -1.7445825e-01   3.1651434e-01   3.5660575e-02  -1.7037972e-01  -1.8337180e-01  -5.1917732e-02   3.8280790e-01  -3.3273799e-01  -2.3469872e-01   1.8610436e-01   2.4227899e-01  -1.8402885e-01   8.2530237e-02  -2.4170792e-01   1.7424243e-01  -1.4299917e-01   1.4386988e-01  -1.4599433e-01   3.1589805e-01   1.2943081e-01   2.7973112e-01  -6.5732115e-02   3.6679181e-02   3.4582606e-01  -1.4412798e-01  -2.6348277e-01   1.5397583e-01  -6.2966336e-02  -2.8500105e-02   1.0004946e-01  -4.1964913e-01  -4.5069908e-02  -5.0622541e-01  -4.5234472e-01  -2.7169429e-02  -5.8151496e-01   8.6331289e-02  -2.6894580e-02   5.4875895e-01  -5.2961022e-01  -2.6913710e-01  -2.4752997e-01  -2.7176986e-01   3.1497699e-01  -3.2944399e-01  -1.1815518e-01  -3.1312208e-01  -4.6229538e-01  -2.5648953e-01   3.8077560e-01   2.6426097e-01   1.8458986e-01  -2.0188377e-01  -1.3485559e-01  -3.0618440e-02  -2.2379475e-01  -3.1041546e-01   2.7726560e-01  -3.4325532e-01   3.9553259e-01  -4.8213716e-02   1.2112238e-01  -1.6336283e-01  -2.1489360e-01  -8.9684753e-02  -3.1981987e-01  -1.6649092e-01  -1.6023304e-01  -1.1861228e-01  -4.0826329e-02  -1.6650059e-01   3.3509345e-02   2.6159649e-01  -4.7684529e-01   5.0287699e-01  -1.7907540e-02  -3.6483372e-03  -2.0953473e-01  -3.7267204e-02  -1.6594479e-01  -1.7849003e-01   2.4095151e-01   6.0708284e-01  -1.2655377e-01  -4.1437293e-01  -3.5189620e-01   1.8171478e-01  -3.3156912e-01  -1.3295077e-02  -3.3077378e-01   4.7464581e-01  -5.6776037e-01  -4.0741742e-01   5.6134550e-01   3.5324473e-01  -3.4781950e-01  -1.5222732e-01   2.6066791e-01   3.3546036e-01  -1.9942036e-01  -1.2814494e-01  -3.0757875e-01  -1.4943560e-01  -1.8377446e-01  -3.1547843e-01
  -2.8493897e-02  -1.7477516e-01  -2.0671828e-01   2.0540885e-01   8.4825089e-02  -1.9028492e-01  -2.7508833e-01  -7.7457353e-02   1.4047833e-01  -2.5790678e-01   9.2648461e-02  -2.3290280e-01   0.0000000e+00  -8.0468069e-02  -2.7236937e-01  -9.9145653e-03  -1.5195693e-01   7.9274828e-02  -3.3458816e-01   6.6829150e-02  -1.0732021e-01  -7.6081490e-02  -2.2916046e-01   6.2684533e-02   1.9616959e-01  -1.5645857e-01  -3.7827946e-01  -7.5841952e-02  -1.0064269e-01  -1.1664658e-01   9.6696284e-03   6.4222700e-02  -1.4340335e-01  -3.0790923e-01  -1.1447461e-01   1.0807538e-01   1.1972219e-01   9.3037384e-02  -1.2929908e-02  -2.9056795e-01   6.5261591e-01  -2.9542669e-01  -8.9136357e-02   1.3555621e-01   7.8226496e-02  -1.0333445e-01   1.1032840e-01  -2.4473888e-01  -5.8196534e-02  -2.6488663e-01   2.9222517e-01   8.3526593e-02  -2.0563647e-01  -1.6362732e-01   9.7729981e-02  -5.8492361e-02  -2.9397277e-01   7.6752390e-02   2.0613309e-01  -1.6216277e-01   2.8289014e-02   2.2296140e-01  -9.6830134e-04  -5.9310060e-02   1.2419406e-01   8.8245415e-02  -1.6509686e-01   6.5627631e-02  -4.8247434e-02  -2.2248473e-01  -3.1606220e-01   1.9812835e-01   1.9653698e-01  -2.0858927e-01  -2.2933147e-02  -2.5285743e-02  -7.5933568e-03  -5.1324006e-02  -4.3788504e-02   3.9208261e-01   8.8453795e-02  -2.4437619e-01  -4.1838956e-02  -1.6462389e-01  -2.7033417e-01  -5.7437550e-02  -2.2265315e-01  -2.5921336e-02  -1.0152670e-01   3.4154523e-02  -1.7027930e-01  -4.6359116e-02  -1.0514484e-01   1.3300169e-01   6.1722976e-02  -2.5955416e-02   1.6059906e-01  -3.0061769e-02   1.9724290e-01  -3.0865876e-01  -2.4834400e-01  -1.8844360e-01  -1.0346001e-01  -3.0751748e-01   1.5324848e-01  -1.3100995e-02   2.0427082e-01   1.3788354e-01  -3.7055221e-02  -1.0277124e-01  -3.0107115e-01   9.6305912e-02   4.9277707e-02   9.4466156e-02   2.1583014e-01  -1.6387933e-01  -2.1081986e-01   5.3791340e-01   9.9200108e-02   1.8251661e-01   1.1856002e-01  -1.3563988e-01  -7.7823580e-02   8.9692655e-03  -6.5930057e-03  -7.6681841e-02  -1.0385152e-01   3.3283464e-01   1.7642723e-01  -2.5324699e-01   5.9570303e-01  -8.1537784e-02  -2.7593805e-01  -3.9434964e-01  -1.3024954e-01  -1.0218354e-02   5.0601451e-02  -1.4230295e-01  -6.5181106e-02   9.8939849e-02  -8.5758704e-02   5.3253379e-01   8.3881621e-02  -7.0988523e-02  -3.6134199e-01   6.2309210e-02  -1.7627533e-01   1.1331252e-01  -9.5231957e-02  -9.5597602e-02   4.8795793e-02  -6.4861634e-02  -1.4339713e-02  -1.5795336e-01  -2.6583074e-01   7.7151700e-02   9.3772667e-02   1.6032861e-01  -6.3530697e-02  -1.3993118e-01   4.8747213e-02   2.0680322e-01  -2.3615748e-01   1.2761737e-01   2.3149115e-01  -2.2661129e-01  -3.4594711e-02  -5.1781532e-02   1.3036558e-01  -1.5825232e-01  -1.2530005e-01  -4.4356253e-02   1.0794859e-01  -2.1501962e-01   4.7887448e-02   1.1873289e-01   2.9577622e-01
   2.1620687e-01  -2.2301424e-01  -2.1420188e-01   2.3607009e-01  -4.0883009e-01   2.1890979e-01   5.4670538e-02   1.7593645e-01  -1.6855977e-01  -4.4813765e-01  -5.7967892e-02  -2.4350922e-01  -8.0468069e-02   0.0000000e+00   1.2889320e-01   5.7712200e-02  -3.4085257e-01   2.7347481e-01  -3.1138696e-02  -4.5477799e-01   1.9700881e-01   4.1137407e-01  -3.0166519e-02   1.5207970e-01  -3.2883420e-02   1.4924201e-01   2.0594687e-01   2.5303117e-01  -3.3674392e-02   4.7034203e-01   2.1981904e-01   3.8530367e-01  -4.4542681e-02  -2.2806787e-01   4.7196536e-01  -3.2223850e-01  -2.1762964e-01   8.8407550e-02   2.4683249e-01  -4.2431650e-01   1.9034194e-02   7.0281845e-02  -2.2433524e-01   1.6159555e-01   1.9503703e-01   1.6832221e-01   1.8192779e-01   7.2481058e-02   8.6922607e-02  -2.9141914e-01   3.2921636e-01   2.1774807e-01  -2.8982675e-01  -1.7136398e-01   3.1510390e-01   1.4604443e-01   4.3765803e-03   3.0379106e-01   2.7248047e-01   2.4181460e-01   3.4158080e-01  -1.9350285e-01  -1.1481301e-01  -1.5802175e-01   1.9835329e-01  -1.7919315e-01   2.1820861e-01   1.6790406e-01   4.9464360e-01  -1.0783188e-01  -4.2770982e-01   3.2985913e-01   1.0459006e-01   2.5763096e-02  -1.7906334e-01  -6.1155443e-02   3.2085914e-01   1.5772825e-01  -3.0818107e-01  -1.0749148e-01   1.8722700e-01   1.0052001e-01  -6.4608515e-02   1.0513009e-01  -1.7403603e-02   2.5534976e-02   2.9617966e-01   2.9286189e-01  -1.8960986e-01   1.8205930e-01  -1.4142544e-01   9.7397238e-02  -1.3922009e-01   1.3108018e-01   6.0041795e-02  -4.8022488e-01  -6.6048573e-02   7.2148489e-02  -1.7251846e-01   1.5361939e-01  -1.6269848e-02   7.2721390e-02   1.8570426e-01   4.1175418e-01   4.5426417e-01   4.3943868e-01  -4.1823458e-01   3.9983457e-01  -1.9240449e-01   2.7766828e-01  -3.2132100e-01   5.4285617e-01   1.1588854e-01   1.4451142e-01  -7.4538842e-02  -1.3495702e-01   3.2879629e-01  -1.0083066e-01   1.2565630e-01   2.8152228e-01   3.2792336e-01  -2.0296938e-01   4.8958899e-02  -1.8573926e-02   2.0119536e-01   5.9801141e-01   1.9261518e-01  -3.1079491e-01   2.6409556e-01  -5.2675248e-02  -7.9194873e-02  -2.8446121e-01   4.3073779e-01  -3.1545723e-02   2.7238722e-01   3.1237607e-02  -7.2807412e-02   1.7637110e-01  -4.3633926e-03   9.5740857e-02   2.1476359e-01  -1.7720370e-01   2.6183873e-01   1.8248499e-01   1.1338863e-01   2.1653542e-01  -4.5392271e-01  -1.3166616e-01   2.6443617e-01   2.2423807e-01   5.6541203e-02   5.6344467e-02   3.2818975e-01  -1.2337470e-01  -3.2706005e-01   1.7184371e-01   4.9164524e-01   1.5534730e-01   1.5642305e-02   2.3896533e-01   1.6301197e-01   2.7426945e-01  -1.2147125e-01   4.6405263e-01   1.3491861e-01  -2.8909034e-01  -3.3997359e-01   1.0720094e-01   3.5563235e-01  -2.7482112e-01  -1.7433033e-01   2.9435647e-01   1.1311652e-01   2.2562885e-01   4.6110626e-02   4.1796793e-02   1.4629516e-01
