   0.0000000e+00  -1.9677793e-01  -1.6353961e-01   1.2224533e-01  -3.7962634e-01  -1.1544711e-01  -1.8543647e-01   1.4531254e-01   4.1709716e-01  -4.3915946e-01   1.2367509e-01  -2.8725226e-01   3.1140774e-02   4.3459605e-01   1.4583363e-01   6.2232705e-02  -2.3469046e-01  -3.1901901e-02  -3.3951895e-03  -3.6673512e-01  -3.4802268e-03   3.1741956e-01  -6.1336504e-02   6.7410415e-01  -1.4271422e-01  -2.8022008e-02  -4.9373941e-01   1.5067297e-01  -1.3605005e-01   2.9667803e-01  -2.3369505e-01   2.9229810e-01  -1.0728469e-01  -4.2711357e-01   2.8143178e-02  -4.0808838e-01   1.6788405e-02   5.0070625e-01  -6.7005244e-02  -5.1666604e-01   1.7981071e-01   4.8808094e-02   1.6610274e-01   3.1616223e-01  -3.8536774e-01   3.0682757e-01  -6.1887543e-02  -2.1191932e-01  -2.1211183e-01  -2.7525772e-01   2.4711530e-01   2.1369804e-01  -5.4032579e-01   6.1170961e-02   1.7656428e-01   1.4418954e-01   1.4920334e-01   6.3359999e-02   2.1765017e-01   3.1297492e-02   5.7157351e-02  -8.8758994e-02   1.9518611e-02  -1.6238949e-01  -2.1715490e-01  -2.3899979e-01  -1.7301387e-01  -1.0509895e-01   1.4490131e-01   3.4058687e-02  -4.6558382e-01   4.4972584e-02   4.3564309e-02   3.8580235e-01  -1.1371818e-01   2.6437201e-02   1.1069330e-01   2.9534399e-01  -4.4050348e-01   6.3037731e-02   2.7103564e-02  -4.4714619e-02  -2.2816457e-01   2.3483635e-01  -2.5532297e-01   2.9335787e-02   8.1589811e-03   3.7522148e-01  -8.3285006e-02   6.2154179e-01  -3.4108761e-01  -3.8552096e-02  -5.0245568e-01   1.0933754e-01   3.1494008e-01  -3.7196742e-01  -3.6274126e-04  -1.1590297e-01   1.5011915e-03  -4.6894582e-01  -3.6292322e-01   2.5754765e-01   2.3908181e-01   3.0798751e-01   2.3360106e-01   1.1728826e-01  -1.3969519e-01   7.5532107e-02  -1.6627107e-01  -1.2662246e-01  -4.9858122e-01   3.3687234e-01   5.9637761e-02   6.6350397e-01  -2.2962412e-01  -3.8157266e-01   1.5433603e-01   6.5531988e-02   1.2284441e-02   1.0588845e-01   2.8867548e-01  -3.6320087e-01  -8.5066927e-02  -2.0153781e-01   4.4830425e-01   3.4523675e-01   8.3705501e-02   1.3944440e-01  -1.5377093e-02  -2.3749674e-01  -2.2786503e-02  -4.4096545e-01   1.5481299e-01  -5.6551966e-02   7.2868404e-02   1.6792254e-01   1.5452368e-01  -5.1037174e-02   8.3878907e-02   6.3329801e-01   5.1646145e-01   3.8763792e-02   2.6510489e-01  -8.9419715e-02  -2.1240752e-02   1.4895976e-01  -4.6429614e-01  -1.2354687e-01   2.2744579e-02  -4.7869004e-01   5.6721366e-02   2.6417223e-01   5.8488664e-02  -2.6460025e-01  -3.7451712e-01   6.9877008e-01   2.6473457e-01   2.2712900e-01  -1.1298007e-01   2.8297976e-01  -1.1695798e-01   1.3395965e-01  -2.7803261e-01   9.3977071e-02   4.0223884e-01  -4.1186809e-01  -3.7691398e-01   1.9378383e-01  -1.1198981e-01  -3.9533960e-01  -2.0174265e-01   4.5391794e-01  -1.2293476e-01  -6.1056672e-02   2.1752046e-02  -3.7930820e-01   1.0302484e-01
  -1.9677793e-01   0.0000000e+00   1.1582221e-01  -2.8307988e-01   1.8967019e-01  -1.6614827e-01   3.6970217e-01   7.2076990e-02  -9.5405901e-02   3.9520429e-01  -2.1100769e-01   5.9938027e-01  -1.5954461e-01   5.4202333e-02  -1.3458973e-01   7.6157848e-02   8.7972042e-02  -4.3147613e-01  -5.3415181e-02  -6.8094341e-02  -9.3292868e-02  -1.6875837e-01  -8.1190398e-02  -1.8144799e-01  -1.3065809e-01   7.3694698e-02   2.8594696e-01   1.9217495e-02  -1.1068107e-01   3.6523874e-02   2.4648684e-01  -1.4210260e-01   5.7356768e-02   4.7494273e-01   1.0949530e-01   2.0421785e-01   1.4416123e-01  -2.2613647e-01  -3.5576315e-02   1.7149723e-01  -1.2042037e-01  -5.7698362e-02  -2.8372842e-01  -1.4493690e-01  -4.4289888e-02  -2.1650783e-02  -8.3268197e-02   5.1475258e-01   6.2868178e-02   1.4250425e-01  -5.1706895e-01   1.7896764e-02   4.8897157e-01  -2.5194206e-01  -1.4274032e-01  -1.3840055e-01  -3.2800279e-01  -7.6532941e-02  -1.4917954e-01  -2.3764956e-02  -1.1999393e-01  -2.9506571e-01   8.3594010e-02   4.2860621e-01   4.6417078e-01   1.2936151e-01   4.8611078e-02  -3.8959552e-01  -1.9975055e-01   1.8081366e-02   4.9813428e-01  -3.9014168e-01  -2.8360052e-01  -1.0999804e-01  -1.5392003e-01  -1.5422885e-02  -1.4305882e-01  -2.4757342e-01   5.6530027e-01  -1.8857917e-01   5.4211213e-04  -3.8440680e-02   8.6101671e-02   1.5306974e-02   5.1470527e-01   2.8977298e-02   2.0779982e-01  -1.6613539e-01  -5.3704648e-02  -1.9376285e-01   2.4743278e-01  -1.8053213e-01   4.9177420e-02  -3.1795430e-01  -2.3416717e-01  -1.2795581e-01  -4.1843448e-01   1.7892698e-01  -4.1839245e-01   1.5618988e-01   2.5351403e-01   1.0584413e-01   1.9246373e-02  -2.8574474e-02  -2.0902965e-01  -3.0427140e-02  -2.9561315e-01   3.3370648e-02  -1.2994957e-01   2.2050664e-01   2.9093658e-01  -1.2549473e-01  -3.6898396e-01  -1.3105140e-01   4.8722332e-02   6.4063078e-01  -1.3198719e-01  -2.2253438e-01  -2.1038516e-01  -2.2876566e-01  -2.7536561e-01   2.8541754e-01  -3.5723910e-01   3.0612689e-01  -1.0841288e-01   1.4339644e-01  -3.6781076e-02  -4.8467224e-01  -3.4791100e-01   2.6037090e-01  -5.3536759e-03   3.8170562e-01   5.8579503e-01  -9.4642206e-03  -4.4699829e-01   9.8090136e-02  -3.6379085e-01   1.6415730e-01   1.8358064e-01  -3.1463990e-02  -2.6428620e-01  -2.4497433e-01  -2.4486267e-01  -1.3087785e-01   2.4116473e-01   5.7732942e-02   4.1276206e-01   4.4021928e-01  -1.3534893e-01   2.8706191e-01  -8.0933683e-04   2.1754641e-01  -2.0144577e-01   4.6019772e-01   4.9296284e-01  -1.8813890e-01  -1.7484994e-01  -2.2471359e-01  -2.9661944e-01  -9.7718951e-02  -3.6200385e-01  -3.3372798e-01   1.1505144e-01  -2.1942836e-01  -2.4993199e-01   5.4144800e-01   1.0300525e-01   7.8227462e-02  -2.5889007e-01   4.6062741e-01   5.6669777e-01  -2.6726577e-01  -2.7944217e-01   4.2055489e-02  -2.0216523e-01  -2.8761906e-01   1.7437701e-01
  -1.6353961e-01   1.1582221e-01   0.0000000e+00  -2.6004607e-01   2.8379412e-01   1.3317414e-01  -2.2372703e-01   1.4574929e-01  -3.2160586e-01   3.8957828e-01  -3.1689667e-01   3.1690011e-01   1.1334731e-01  -2.6246173e-01   9.1374248e-02   2.6881580e-01   8.6692038e-01  -2.9441640e-01  -7.6482558e-02   3.0570099e-01  -5.5121240e-01  -1.6215556e-01  -2.8225404e-01  -1.2105674e-01   1.2356829e-02   2.2585183e-01   1.9869924e-01   2.1755901e-01  -3.6063898e-02  -4.1497767e-01   2.1466867e-01  -2.9790721e-01   5.8598706e-01   2.7861732e-01  -3.0587721e-01   1.1833621e-01  -1.5923884e-01   3.3449203e-02   2.6332015e-01   5.3159338e-01   1.3920735e-02   5.0816803e-01   8.2013315e-03   5.0526420e-02   1.2776084e-01   4.8376562e-02  -1.9137829e-01  -1.2519037e-02   2.0844228e-01   6.9809552e-01  -4.5363614e-01   4.5853502e-02   4.1448727e-01   1.2414288e-01  -2.3872884e-01  -1.9565108e-01   7.7801885e-02  -1.3964384e-01  -1.3982382e-01  -7.8037908e-02   3.1768437e-01  -2.2917839e-01  -6.4085219e-03   2.4968230e-01  -8.5762844e-02  -1.7337104e-01   3.6853808e-01  -3.4333820e-02  -6.9210177e-02   5.1078494e-01   5.2149836e-01  -4.5785996e-01   1.2244571e-01   2.3976984e-01   4.2301807e-03   7.9138188e-02   2.5421581e-01  -1.4263676e-01   3.2479529e-01  -1.4857154e-01   7.5910826e-02   1.4145960e-01   2.6821109e-01  -1.3153278e-02   5.6753139e-01  -1.0695510e-01  -1.5859142e-01  -1.3637062e-01  -1.3696734e-01  -6.9951545e-02   4.5592662e-01   5.1921891e-01   4.3015768e-01  -1.0031576e-01   4.4568494e-02   4.4868379e-01  -1.0430370e-01   1.5324755e-01   1.6086188e-02   4.8718739e-01   3.7777459e-01   1.8309517e-01  -4.5882520e-02  -3.9576302e-01  -5.0695985e-01  -4.3848082e-02   3.9330561e-01  -1.4866638e-01   1.1431888e-01  -2.3751712e-01   5.3677248e-01  -4.3831911e-01  -2.8041493e-01  -8.9107152e-02   4.0963676e-01   3.8318291e-01  -1.1387543e-01   2.7584615e-01   1.3542138e-01  -3.2801235e-01  -1.6630527e-02   5.3695274e-01  -3.9416757e-02   1.6730541e-01   5.0263672e-02  -1.4559056e-01  -4.4787027e-01   3.0703981e-02  -2.4336253e-01   5.1319444e-01   3.2465199e-01   3.3464291e-01   2.3252040e-01  -3.0138467e-02  -2.9087535e-01   1.4707963e-01   1.2064964e-01   2.8151423e-01   1.9186172e-01  -1.5101320e-01  -2.7145975e-01   1.5042105e-01  -1.7518430e-01   2.1009498e-01   1.4885297e-01  -2.5300626e-01   4.9277960e-01  -1.1260344e-01  -3.9357767e-01   1.7359071e-01   4.8892073e-01  -1.2842496e-01   1.9685972e-01   2.7269737e-01   6.7313198e-01  -3.1625342e-01  -6.6380279e-02  -1.5067680e-01   4.0369638e-01  -2.8216976e-01  -5.1153021e-02  -1.3279243e-01   3.8872167e-01  -5.3592018e-01  -1.3205359e-01   3.9209285e-01   3.2248803e-01   2.3637488e-01   2.8497693e-01   5.2780880e-01   1.1196709e-02  -1.8456081e-01  -3.8457053e-01   1.7335901e-01  -1.1844224e-01   1.6252972e-01  -4.0225809e-02
   1.2224533e-01  -2.8307988e-01  -2.6004607e-01   0.0000000e+00   1.0961411e-01  -1.5232734e-01  -2.7297240e-01  -8.2337525e-02   3.4025120e-01  -3.5567310e-01   1.5763635e-01  -2.2136575e-01   7.5426501e-02   1.7789751e-01  -1.2588441e-01  -4.0171334e-01  -2.6267915e-01   5.7220599e-01  -5.8664420e-02   2.0164492e-01   2.4990161e-01   2.3865026e-01  -2.5373099e-03   2.1325201e-01   6.1065358e-02  -2.9486691e-01  -6.6122286e-02  -1.9464697e-01   2.6761713e-01   1.4067169e-01  -3.2710601e-01   5.2520501e-01  -3.0753480e-01  -5.6087142e-01   9.8951681e-02  -5.2158461e-02  -2.1522521e-02   1.5163185e-01  -3.1968103e-01  -3.2136178e-01   1.4213783e-01  -2.5943070e-01   4.4382383e-01  -5.0426224e-02   2.0649540e-01   1.8629273e-01   1.3377565e-02  -3.7590060e-01  -2.1288537e-01  -4.8728963e-01   5.6342603e-01  -6.8244264e-02  -4.7626453e-01   3.2732732e-02   1.3761209e-01  -5.1961489e-02   1.1379322e-01   3.0938641e-01   3.5604306e-01   4.8425064e-01   3.8066241e-01   2.7855007e-01   4.5456124e-01  -4.4471372e-01  -1.7343506e-01   5.0704665e-03  -3.0952065e-01   3.8980060e-01   1.5750300e-02  -1.3816146e-01  -4.1691322e-01   7.0287950e-01   1.9349477e-01   2.6211977e-01   4.1331592e-01   1.9197699e-01   2.7764376e-01   2.1674595e-01  -2.1594805e-01   5.5282368e-01  -3.6864882e-01  -5.5710222e-03  -3.8124624e-01  -2.9713147e-01  -4.4258020e-01   3.0741160e-01   1.0322128e-01   2.3487551e-01   3.9940828e-01   1.5823802e-01   8.3361588e-03  -7.1424015e-02  -2.1212744e-01   5.0290989e-01   1.8561152e-01   9.4338821e-02   4.0287213e-01  -1.8061902e-01   3.9934604e-01  -3.5879658e-01  -5.0091903e-01  -1.2233205e-01   9.9523981e-02   5.0272698e-01   4.8012497e-01   4.0249798e-01   1.5739103e-01   8.6549960e-02   1.1228792e-02  -1.6103477e-01  -5.0515380e-01   4.1198671e-01   5.7015922e-01   2.3292562e-02  -3.2472697e-01  -4.0285978e-01   8.3329436e-02   1.2661917e-01  -1.3658471e-01   6.3893755e-01   4.4617341e-01  -5.1882869e-02   4.7354832e-01  -2.1757500e-01   2.4802407e-01   2.1239178e-01   3.2997725e-01   4.5825817e-01   7.7835530e-01  -3.7222465e-01  -2.1826054e-01  -5.7998889e-01  -2.9875924e-01  -3.0746119e-01   6.9500107e-01   5.2784665e-02   3.1895996e-01  -3.7769687e-01  -1.1442115e-02   1.9354719e-01   3.8097629e-01   1.2726829e-01   2.1829776e-01  -2.8993990e-01  -1.9535419e-01   1.5988208e-01  -3.1856737e-01  -1.7783623e-01   1.2244491e-01  -2.6085799e-01  -2.8804612e-01  -6.8093424e-02   2.8384594e-01  -3.9359700e-01  -4.8847211e-01   1.1689285e-01   2.9580242e-01   3.5796358e-01   1.4784789e-01   3.7134729e-02   2.8885710e-01   2.6174958e-01  -2.6488401e-01   7.4607363e-01   2.7079110e-01  -3.3299212e-01  -2.8886557e-01  -1.1957961e-01   2.3486400e-01  -3.7274613e-01  -1.0807456e-01   1.9857355e-01   5.3448935e-01  -6.9850548e-02   9.3948097e-02   2.0875750e-01   2.5162389e-01
  -3.7962634e-01   1.8967019e-01   2.8379412e-01   1.0961411e-01   0.0000000e+00  -6.8825493e-02  -1.0085613e-01   1.8563107e-01  -7.3503158e-02   4.5294534e-01  -2.8310118e-01   4.4107867e-01   2.1576725e-01  -3.1157281e-01  -3.6684499e-01  -1.9367238e-01   3.6530930e-01   1.9961885e-02   1.9282115e-01   7.8203099e-01  -2.6641448e-01  -3.4972863e-03  -1.8924723e-01  -3.1827190e-01  -4.5292456e-02  -2.2954368e-03   4.6288578e-01  -1.2267179e-01   1.6198483e-01  -3.1887452e-01  -1.5832695e-02  -2.7870981e-02   2.3491978e-02   1.8026077e-01  -1.3795180e-01   5.6998220e-01  -2.7034051e-01  -2.7457481e-01  -2.6110232e-01   5.2757747e-01   9.4856462e-02  -5.6920877e-02   3.2611908e-01  -2.0689657e-01   3.9380822e-01  -3.0645044e-01  -6.1966236e-02  -1.0688669e-01   3.3625352e-01   2.3249807e-01  -2.9953533e-01  -2.7408948e-02   2.8851906e-01   1.8568764e-01  -3.1088534e-01  -3.6609364e-01  -2.7360568e-03   1.6276306e-01  -1.3206403e-01   9.2793641e-02   1.1339008e-01   1.8192170e-01   2.7380083e-01  -8.3510887e-02   4.8339441e-02   2.0213518e-01   1.2355266e-01   1.2401383e-01  -2.2214187e-01  -1.3227768e-04   3.4554071e-01   1.4050903e-02   6.3370874e-04  -8.5022388e-02  -2.7330264e-02   2.3412619e-01  -2.4465201e-02  -2.1591561e-01   6.7794980e-01  -8.7291817e-02  -2.2059932e-01   8.8630727e-02  -9.1817835e-02  -1.7683528e-01   3.3901284e-01   9.9811027e-02  -5.0427161e-02  -1.8655232e-01   1.1988961e-01  -2.5119363e-01   6.7648566e-01  -6.6743684e-02   5.3998571e-01  -2.1917581e-02  -1.8695405e-01   7.5029015e-01   3.5326874e-02   2.0635670e-01  -1.2732527e-03   3.1049634e-01   1.4365580e-01  -1.9657223e-01   4.0759823e-02  -1.7139736e-01  -2.4677567e-01   3.0478102e-01   5.1130099e-01  -9.9309316e-02   3.8674127e-01  -1.0345259e-01   3.3078328e-01  -2.9588665e-01  -7.2350584e-02  -2.3736416e-01   8.0856903e-02   2.6996582e-01  -2.1071639e-01   1.6905100e-01  -2.0094338e-01  -2.4264298e-02  -2.2664136e-01   7.8114652e-01   1.7812695e-01   1.7891767e-02  -1.7648158e-01  -2.0123403e-01  -6.0469667e-02   1.2511586e-01   2.2892929e-01  -3.9796136e-03  -4.7625185e-02   1.1377204e-01   5.6925122e-02  -3.5328195e-01   6.6085005e-02   2.4038197e-01  -7.1505532e-02  -1.9428195e-01   3.2836070e-02  -2.7993753e-01  -1.5034002e-01   1.9352960e-01  -3.0518538e-01  -1.9778349e-01   5.0437860e-03  -2.3953992e-01   5.9958417e-01   2.3155042e-01  -1.4932783e-01   2.0194422e-01  -2.8777297e-02   5.5705638e-02  -4.7181562e-03   6.9663895e-02   2.9784992e-01  -3.7485816e-01  -3.1804746e-01  -8.8987991e-02   2.1904322e-01  -4.8229012e-01   4.4334066e-02  -1.4222918e-01   2.8756253e-01  -5.5144288e-02  -3.8485232e-01   3.6105203e-01   3.0581729e-01  -4.9492233e-02   1.7615920e-02   4.0158695e-01   2.9527616e-01  -3.6451469e-01   3.8605636e-02  -6.0502523e-02  -1.1929325e-02   3.0712208e-01   2.4044036e-01
  -1.1544711e-01  -1.6614827e-01   1.3317414e-01  -1.5232734e-01  -6.8825493e-02   0.0000000e+00   2.2444383e-01  -7.8934253e-02  -2.3517121e-01   1.1975864e-01   1.9579994e-01   9.0104052e-02   4.8705697e-02  -3.4399536e-01   9.2423111e-02   2.3254006e-01   1.5577340e-01   1.9815419e-01  -2.8796781e-01   3.4585778e-02   1.0707061e-01  -1.5145865e-01   2.4628606e-01  -1.8114318e-01   4.0995798e-02   4.5005565e-02   1.3205669e-01   4.1452132e-02   2.8631698e-01   5.8695099e-02  -8.7329247e-03  -1.7436075e-02   6.7270444e-02   8.5785014e-02  -1.4894106e-01   2.7886286e-01  -3.6165887e-01  -5.5337343e-02   2.5707658e-01   1.9375338e-01  -2.6801677e-02   2.3025144e-01  -1.8314077e-01   3.6249590e-02   1.1057202e-01   5.5535360e-02   4.2532168e-01  -5.0092450e-02   1.5761323e-01   3.7668213e-02   2.0866486e-01  -6.4268274e-02  -7.3764456e-02   8.7037400e-02  -4.7737237e-02   1.0879473e-01   3.3399575e-01  -1.8789779e-01   7.2493264e-02   9.1882132e-02   5.3889540e-03   1.0216185e-01  -3.9670916e-01  -1.8996910e-02  -3.1343697e-01   3.8296776e-01   2.2596244e-01  -6.6052074e-02   1.6591439e-02   2.9216340e-01   7.2424793e-03  -1.3236721e-01   1.9319167e-01   6.4688980e-02   9.4078855e-02  -1.2998167e-01   1.5119913e-01   1.2458560e-02  -6.3567361e-02  -3.0538516e-01   2.7935033e-02   1.0974180e-01  -9.4369419e-02  -1.2300725e-01  -1.3181870e-01  -9.1264223e-02  -4.7220431e-01  -2.5584364e-01  -2.3453337e-01  -1.9299105e-01  -6.7016169e-02   8.0579205e-02   2.5652377e-01   3.9599526e-02   6.6925353e-02   1.2447656e-01  -1.6316500e-02   9.5779407e-02   1.7222580e-01   2.3527932e-01   1.7013537e-02   1.8508335e-01  -1.3962156e-01  -2.3674643e-01   5.3845689e-02  -6.2682764e-02   5.8540920e-02   2.0007860e-01   7.2610121e-02   1.8771346e-01   1.0713224e-01   6.4263047e-02  -2.5694979e-01  -9.3964781e-02   1.2024101e-01  -1.9652215e-01  -3.3771823e-02   2.1680922e-01   9.3670857e-03   1.0245510e-01  -1.5549422e-01  -3.7024237e-02  -1.1241494e-01  -1.3338070e-01  -8.8651483e-02   8.2269342e-02   1.7980128e-01  -1.3767459e-01  -2.4444100e-01   2.5566598e-01   2.0847885e-01   9.8197771e-02  -3.2805733e-01   1.6719948e-01  -1.8076564e-01   4.8909439e-02  -1.2331903e-01  -1.6797694e-02   9.4727867e-02  -1.8156365e-01  -2.4210841e-01   1.9609172e-01   8.4436737e-02   3.3867432e-01   1.1143134e-01  -1.8150516e-01   3.6113021e-02   2.1479729e-03   4.2771489e-01   3.8546120e-02   1.0922797e-01  -2.0690066e-01  -1.8426929e-01  -1.2559656e-01   8.0368551e-02  -5.5890953e-02  -2.1128809e-01   7.4367921e-02  -3.4570892e-02   1.2110707e-01  -1.2910402e-01   9.8668250e-02   2.4924682e-01  -1.4780052e-01   2.9545314e-01  -3.6842423e-02   1.9623053e-01  -7.7327316e-02  -1.4042957e-01  -1.0382064e-01   6.8296694e-02  -1.7068409e-01   7.4446152e-02   3.8121072e-01   2.7361328e-01  -1.3209182e-01   3.6655670e-02
  -1.8543647e-01   3.6970217e-01  -2.2372703e-01  -2.7297240e-01  -1.0085613e-01   2.2444383e-01   0.0000000e+00  -7.0172959e-02  -7.4740300e-02   1.4452083e-01   3.1784082e-01   3.7336318e-01   1.6421227e-02  -2.3299480e-02   2.3812090e-01   2.7739478e-01  -2.4472578e-01   4.0197381e-02  -9.0270064e-02  -2.7020535e-01   4.6516357e-01   5.0550598e-02   6.7799500e-01  -2.8367546e-01  -1.2584610e-01   4.3860271e-03   3.4234697e-01  -8.5243989e-02  -4.8133663e-03   4.4507129e-01   2.1065509e-01   4.5009867e-02  -1.8569252e-01   6.3847729e-01   1.0200490e-01   3.5445066e-01   7.2644645e-03  -1.8213695e-01   1.4454374e-01   9.6969849e-02   1.3708187e-01  -1.2054478e-01  -3.7442716e-01  -5.4971452e-04   6.6610150e-02  -3.8652442e-02   4.7651837e-01   4.7984872e-01  -7.3690122e-02  -9.7332867e-02   8.7752524e-03  -7.2834376e-02   2.0006647e-01  -1.2898006e-01  -7.7278906e-02   1.0004927e-01  -2.3621009e-01   9.8491704e-02   6.8064389e-02   6.5187605e-02  -1.0008917e-01  -1.7697419e-01  -3.6933934e-01   1.8216749e-01   1.3538583e-01   5.3874857e-01  -7.0652554e-02  -4.5227120e-01   3.4304364e-02   1.0436149e-01   8.5291744e-02  -2.1844835e-01   2.4817266e-02  -2.9522004e-01  -1.9885345e-01   1.7930951e-02  -1.4844974e-01  -9.3366074e-02   1.5988931e-01  -2.4821215e-01   4.5258841e-01   1.2788307e-01  -5.0991695e-02   8.5906044e-03  -9.4305289e-02   1.6302893e-01  -1.0000041e-01  -9.1818697e-02   4.0757255e-03  -3.4566556e-01  -2.7543919e-01  -1.5493627e-01   8.1266724e-02  -1.8869244e-01  -2.1670853e-01  -3.2452855e-01  -4.2431448e-01   1.1326833e-02  -3.7850438e-01   3.2273198e-01   9.6168843e-02   1.2163314e-01   3.0092913e-03   1.3646977e-02   3.5921110e-01  -7.3972064e-02  -4.1754648e-01   1.6206479e-01  -1.1400184e-02   4.8664183e-01   2.3917717e-01   1.8100888e-01  -3.6836545e-01  -2.1781205e-01   2.4139322e-01   1.4587262e-01  -1.7245290e-03  -1.0837194e-01  -1.3509581e-01   1.3091818e-01  -3.9201753e-01  -1.5095584e-01  -4.8323709e-01   8.9273359e-02  -3.4783904e-01   1.5951534e-01   4.7862074e-01  -5.5281850e-01  -3.4091101e-01   1.8892688e-01   2.3263881e-01   4.6554215e-01  -4.3819736e-02   3.7502869e-01  -3.4230973e-01   1.6070620e-01  -3.8643219e-01   6.9168138e-02   1.9316889e-01  -2.3972678e-01  -2.7425916e-01  -3.2829396e-01  -5.4539382e-02   2.3000370e-01   4.8064411e-01   2.6617305e-01   1.9891933e-01   3.7212781e-01   4.5693641e-01   3.4683784e-01  -1.9520184e-02   1.5456278e-01  -3.5313042e-01   1.4131227e-01   3.2485783e-02  -6.2807733e-02  -2.4741477e-01   1.1811750e-01  -3.9967862e-01   4.6472313e-01  -4.9436529e-01   1.7374347e-02   6.7722770e-02   6.7210166e-03   1.0632357e-02   1.5274961e-01   2.1484559e-01  -5.3148247e-02  -4.1834872e-01  -6.7924352e-02   4.4451212e-01  -2.4774086e-01   2.5043313e-02   2.2227059e-01  -6.9266774e-02  -3.1002477e-01   2.8182217e-01
   1.4531254e-01   7.2076990e-02   1.4574929e-01  -8.2337525e-02   1.8563107e-01  -7.8934253e-02  -7.0172959e-02   0.0000000e+00   4.1909009e-01   4.0194425e-02   2.5982224e-01   2.5545203e-01   2.6048426e-01  -1.2548879e-01   4.9961145e-02   2.7212315e-01   1.7543940e-01  -2.9349261e-01   2.6162928e-01  -7.3879831e-02  -1.7226936e-01   2.6860181e-01  -1.6429243e-01   1.5985920e-03  -4.9230026e-02   3.2758220e-01   5.2577866e-02   1.7329379e-01  -1.6094346e-01   6.4799644e-02  -3.6886944e-03   2.1246923e-01   1.3831918e-01   1.5534096e-02  -6.2680260e-02   9.5013364e-02  -1.9055358e-01   1.0697062e-01   7.7094313e-02   5.4783806e-02   2.6265350e-01   4.6367596e-02  -3.4226912e-04   4.3835998e-01  -2.3173851e-01   2.7720693e-02   2.6506152e-01  -2.3061071e-02  -4.1662524e-02   3.6371240e-02  -1.8999939e-01   5.8087157e-01   5.8462774e-02   1.8888599e-01  -4.1055122e-01   5.8422152e-02   1.0143697e-01   1.7929186e-01   2.9209886e-01   2.1102305e-02   2.6054006e-02  -1.2115877e-01  -9.4643493e-02   1.5362273e-01  -3.3823670e-01  -3.8925052e-02   2.0711878e-01  -3.0964165e-01   2.3343728e-01  -1.0135498e-01  -2.4617930e-02  -3.5364897e-01   6.5984363e-02   7.0573467e-02  -1.8556334e-01   3.7812585e-01  -1.8128396e-02   1.1043705e-01   1.6983409e-01  -1.4296441e-02  -4.5437955e-03   2.2741657e-02   2.1876883e-01   5.6219459e-01   2.1695760e-01   2.6664254e-01  -3.2864137e-01  -1.6071871e-01  -6.2995046e-02   2.3642758e-02   1.0203417e-01   1.3703052e-02   1.2292185e-01   1.1988470e-01   8.7435732e-02   1.1951624e-01  -2.5974075e-01   3.4715755e-01  -2.2960067e-01  -8.9200515e-02   1.1743035e-01   3.7848589e-01   4.5194742e-01  -1.8256925e-01  -2.0787329e-02   3.1141107e-01  -2.4251768e-01   3.9154354e-01  -1.7225715e-02   2.2787272e-01   2.8968008e-02  -1.9776851e-02  -4.2709123e-01   1.2307737e-01  -8.0552028e-02   6.3125609e-02   7.0217748e-02   1.3321624e-01   4.6413126e-02   9.2186839e-03  -1.5663283e-01   2.5137999e-01  -2.8040356e-01  -2.1080115e-01   5.1527749e-02  -2.0442888e-02  -1.4182561e-01  -1.4697863e-01  -1.2634867e-01  -2.4374766e-03   2.3510484e-01   1.3548617e-01   1.0040636e-01  -1.0885196e-01  -2.6918801e-01   6.1609208e-01  -3.5286770e-02   7.7206565e-02   4.6226304e-01   1.0321281e-01   6.2127091e-02   1.3965415e-01  -5.4876110e-03  -9.9461550e-02   1.5973432e-01  -3.9152379e-02   1.2992457e-01   2.1150488e-01  -4.0129311e-02  -2.5568911e-01   2.7501145e-02   4.3913362e-01  -1.0247144e-01   2.0647539e-01   1.1624479e-01   8.7712266e-02  -6.9407583e-02   2.5270179e-01  -4.8831415e-02   2.9327857e-02  -3.8306734e-01   2.8498280e-01   1.2321541e-01  -2.2313497e-01   2.1047544e-01   1.5049955e-01   2.5580018e-01   2.3924500e-01  -1.8484137e-01   2.2529893e-01   1.1125067e-01  -1.2387098e-01  -3.0622859e-01   3.8365000e-01  -9.3789396e-02  -2.6616839e-01   4.1608200e-01
   4.1709716e-01  -9.5405901e-02  -3.2160586e-01   3.4025120e-01  -7.3503158e-02  -2.3517121e-01  -7.4740300e-02   4.1909009e-01   0.0000000e+00  -2.6694985e-01   3.2758181e-01  -1.2623143e-01   1.0134392e-01   2.3493632e-01  -5.2923670e-02   1.9389469e-02  -2.5058980e-01   5.3018900e-02   2.6440028e-01  -1.0119496e-01   1.2429878e-01   3.5394455e-01   6.8505650e-02   2.2676890e-01   1.3316246e-01   9.7213676e-02  -1.0595418e-01  -1.4300616e-02  -7.4825855e-02   2.6142188e-01  -2.9165764e-01   3.7833990e-01  -2.1207802e-01  -2.6616362e-01   1.4414643e-01  -3.5477426e-02   8.4550343e-02   2.5722156e-01  -9.4068933e-02  -3.0079445e-01   2.9124218e-01  -1.9873989e-01   3.1829763e-01   2.6046566e-01  -1.8618768e-01   1.5059041e-01   1.7820517e-01  -2.1063328e-01  -3.3992664e-01  -3.3462925e-01   2.2505645e-01   3.8526012e-01  -3.9740482e-01   1.4637237e-01  -3.4606937e-02   1.0951560e-01   7.8315221e-02   4.1306143e-01   3.6363552e-01   2.1381066e-01   9.8556167e-02   2.3240067e-01   2.2063715e-01  -2.2176884e-01  -1.3888235e-01  -6.9632400e-02  -5.5635458e-02  -7.0897645e-02   2.6043364e-01  -2.2678183e-01  -3.9340963e-01   2.1038180e-01   6.7966814e-02   3.2818758e-02   1.1836695e-02   2.8624326e-01   9.1488048e-02   3.6377888e-01  -2.5786014e-01   3.7280241e-01  -7.1263474e-02   1.0829900e-02  -3.4762192e-02   3.5216298e-01  -2.9591539e-01   4.1211627e-01  -2.6502955e-02   1.9263582e-01   2.8267595e-01   1.8619837e-01  -3.1288374e-01  -1.0335882e-01  -3.4370881e-01   2.6799036e-01   2.2434785e-01  -1.4239702e-01   7.3131720e-02   7.3592925e-02   7.1666587e-02  -3.3579739e-01  -2.8683519e-01   9.7060512e-02   2.9074987e-01   3.8888799e-01   3.7538697e-01   3.8924977e-01  -2.8139265e-01   3.8890809e-01  -1.2894583e-01   3.7586041e-03  -3.8989083e-01   2.3364825e-01   8.5826181e-02   3.3936978e-01  -2.6627255e-01  -4.1328484e-01   1.5041132e-01   3.3034918e-03  -5.3531599e-02   3.7404388e-01   1.2721884e-01  -2.2274241e-01   4.8560689e-02  -3.1593039e-01   1.6001172e-01   1.4025466e-01   1.7436994e-01   2.1464975e-01   2.8001068e-01  -3.0502250e-01   4.7272801e-02  -2.9661120e-01  -1.4973050e-02  -1.3916127e-01   2.7402091e-01   4.1704372e-01   1.6368600e-01  -2.1022189e-01   2.6870348e-01   4.3775490e-01   4.9153850e-01  -5.5687261e-02  -5.9336962e-04  -2.4865256e-01  -3.1557014e-02   1.2024025e-01  -3.3023505e-01  -3.2390554e-02   2.1151849e-02  -3.3713215e-01  -2.0971566e-01   4.0585863e-01   3.7882579e-02  -1.0188326e-01  -3.3628791e-01   2.8206661e-01   1.4725867e-01   3.7253660e-01  -7.7348357e-02   2.4440896e-01  -1.0718800e-01   2.8498506e-01  -1.7674327e-01   3.4665835e-01   3.3253074e-01  -2.9784136e-01  -1.2131267e-01   9.9974972e-02  -1.1966158e-01  -3.4122974e-01  -1.9118386e-01   1.4393070e-01   5.5334347e-02   9.9769949e-02   4.1965555e-02  -2.5137028e-01   4.2882030e-01
  -4.3915946e-01   3.9520429e-01   3.8957828e-01  -3.5567310e-01   4.5294534e-01   1.1975864e-01   1.4452083e-01   4.0194425e-02  -2.6694985e-01   0.0000000e+00  -4.8327724e-01   6.4626265e-01  -1.1163174e-02  -4.7930811e-01  -3.0341901e-01  -5.9006367e-02   3.5800708e-01  -3.0199666e-01  -4.2575167e-02   3.4425064e-01  -3.6467810e-01  -3.2260621e-01  -2.6723684e-01  -5.0225181e-01  -6.4696934e-02  -9.4599963e-02   3.1573971e-01   4.9699169e-02   5.3912332e-02  -5.1908161e-01   2.0413464e-01  -3.6336155e-01   8.1633017e-02   6.6213961e-01  -1.1606088e-01   4.4920034e-01  -1.7168295e-01  -3.8801813e-01  -4.6329310e-02   5.7600039e-01  -2.7521413e-02   1.1276594e-01  -1.3642547e-01  -4.0447554e-01   4.1833272e-01  -2.7012651e-01  -8.6677976e-02   2.2513232e-01   3.8298557e-01   2.5875715e-01  -5.9252878e-01  -1.8498794e-01   6.0488920e-01  -2.4329626e-01  -4.0725357e-01  -5.6054933e-01  -2.5593392e-01  -1.9445294e-01  -3.4552978e-01  -9.1927545e-02  -2.1097485e-01   6.3440260e-03  -1.1560159e-01   2.9160245e-01   2.7059441e-01   2.0403085e-01   1.5771879e-01  -1.1093813e-01  -3.8467200e-01   3.8093938e-02   6.5707109e-01  -3.9831899e-01  -4.6084810e-02  -2.0319178e-01  -1.9045419e-01  -3.4038625e-02  -1.0880681e-01  -4.4751320e-01   6.7743810e-01  -3.7020402e-01  -1.4693861e-01   3.9272323e-02   1.7364094e-02  -1.2333155e-01   5.5888053e-01  -2.3138924e-01   1.6084371e-02  -3.5656526e-01  -1.7375582e-01  -4.2608738e-01   3.9022854e-01  -1.0827514e-01   5.7527193e-01  -3.6689138e-01  -4.1362605e-01   3.9484752e-01  -1.4150902e-01   3.1233110e-01  -1.5158384e-01   6.7976174e-01   3.2497447e-01  -1.2353980e-01  -2.8797513e-01  -4.5160173e-01  -5.2767863e-01  -5.5977201e-02   1.4362204e-01  -2.3870567e-01   3.0974629e-01  -4.1295897e-02   5.8295753e-01  -5.3842003e-01  -3.6832313e-01  -3.2694743e-01   1.4151551e-01   6.0694177e-01  -4.5715127e-01   7.8840238e-02  -2.2231548e-01  -3.3118762e-01  -3.8847303e-01   5.0268794e-01  -7.9389771e-02   2.5657935e-01  -3.1694023e-01  -1.5822871e-01  -2.3699836e-01  -3.0417056e-01  -2.3523663e-01   1.9614362e-01   1.3691098e-01   5.6133464e-01   2.7545860e-01  -1.1014644e-01  -4.0528614e-01  -6.3400204e-02  -3.2196383e-01   7.3022570e-03  -3.9936765e-02  -3.0330144e-01  -4.0196820e-01   1.5232039e-02  -4.8308883e-01  -5.3821366e-02   1.8937855e-01  -2.7947696e-01   7.8497531e-01   1.3105786e-01  -2.6323538e-01   4.5446645e-01   1.5655481e-01  -8.5615257e-02  -2.3686068e-01   2.6913537e-01   6.9424791e-01  -4.3821438e-01  -4.7089960e-01  -3.2875290e-01  -1.2338282e-01  -5.2357575e-01  -7.9367207e-02  -3.9745745e-01   4.3507353e-01  -4.3787329e-01  -4.0893248e-01   7.6945066e-01   2.3762287e-01   7.3062242e-03  -1.5823138e-01   5.8608624e-01   3.2168714e-01  -4.3723972e-01  -2.1881609e-01  -3.4197569e-02  -8.0415331e-03   6.0581916e-02  -1.7573314e-02
   1.2367509e-01  -2.1100769e-01  -3.1689667e-01   1.5763635e-01  -2.8310118e-01   1.9579994e-01   3.1784082e-01   2.5982224e-01   3.2758181e-01  -4.8327724e-01   0.0000000e+00  -2.7218495e-01   2.1924024e-01   8.5767746e-02   3.3334731e-01   3.9011167e-01  -2.8018068e-01   3.3630460e-01   1.6865329e-01  -4.2360303e-01   5.1589031e-01   2.3299563e-01   4.2128445e-01   3.9586421e-02  -5.0227440e-02   1.3589318e-01   4.6014944e-03   8.3581873e-02   3.7831773e-02   5.3363050e-01  -5.7920772e-02   2.2592316e-01  -2.5328216e-02  -1.7723158e-01   1.4279433e-01  -4.1789553e-02  -9.8822991e-02   2.9096323e-01   3.7407590e-01  -3.5385495e-01   3.7519187e-01  -1.3799588e-01  -2.2650839e-01   5.5562039e-01  -2.7655039e-01   2.6513303e-01   6.4553829e-01   8.1700192e-02  -2.7831866e-01  -2.7804597e-01   5.4541782e-01   2.5775300e-01  -2.9338651e-01   2.4489689e-01   4.1460348e-02   5.0446928e-01   3.1610420e-01   1.3667332e-01   6.4607223e-01   5.3561238e-02   1.9509807e-01   1.0081512e-02  -2.8142237e-01  -4.8040221e-04  -3.9890787e-01   2.0853608e-01  -9.8454269e-02  -1.6122110e-01   5.9344231e-01   4.5624441e-02  -4.3288203e-01   1.0797770e-01   2.5941024e-01  -5.0132326e-02   1.5472894e-01  -2.6006516e-02   1.6743653e-01   3.8572844e-01  -4.4187483e-01   2.8160234e-01   2.8174828e-01   3.9431909e-02   1.0643893e-01   2.5788694e-01  -4.6439654e-01   2.5682883e-01  -4.5145272e-01  -5.5370873e-02   8.5940066e-02   3.2001795e-02  -4.6420834e-01   1.5108216e-01  -2.7092083e-01   1.7734621e-01   3.2660582e-01  -4.3580424e-01  -6.4605932e-02   6.3723347e-02   1.7812061e-02  -2.8489517e-01  -9.9237194e-02   4.8331723e-01   2.6633047e-01  -6.5039976e-02   6.6286829e-01   6.0408981e-02  -3.1697665e-01   5.6280553e-01  -1.8393456e-01   4.4097381e-01  -3.2443404e-01   3.8419131e-01  -8.1891650e-02   1.2071894e-01  -6.5728342e-02  -3.9207546e-01   4.6868313e-01   5.0819478e-03   2.0134277e-01   4.1811158e-01   3.6463401e-02  -3.8309735e-01  -1.9300423e-01  -3.1992403e-01   1.1017093e-01   9.6526750e-02   3.7750383e-01  -1.0458916e-01  -5.5435355e-02   9.6149116e-03   3.2482235e-01  -2.0187939e-02  -3.9951098e-01   3.6376832e-01  -1.9192302e-02   2.8732442e-01   1.5372055e-01   5.0142268e-02   2.4497420e-01   1.1594967e-01   3.1688867e-02  -8.6006150e-02   4.5952194e-01   2.0389833e-01   2.5650847e-01   2.4854062e-01  -5.0872840e-01   1.8924736e-01   5.6734195e-01  -8.8958070e-02  -1.0462536e-01   1.5886242e-01  -7.0364520e-02  -1.3397281e-02  -4.6604077e-01   3.2980345e-01   2.0972991e-01   6.0309546e-01  -6.9576750e-02   5.8974058e-01  -2.6944164e-01   6.6868614e-01  -1.2632882e-01   3.0077112e-01   4.9085766e-01  -3.9867785e-01   7.7351918e-02  -3.9851141e-03  -1.8072335e-01  -3.6693254e-01   2.8572224e-02   1.4469501e-01   2.2292574e-01   3.9944536e-01   2.2154965e-02  -1.9318782e-01   2.1866507e-01
  -2.8725226e-01   5.9938027e-01   3.1690011e-01  -2.2136575e-01   4.4107867e-01   9.0104052e-02   3.7336318e-01   2.5545203e-01  -1.2623143e-01   6.4626265e-01  -2.7218495e-01   0.0000000e+00   3.2259032e-02  -3.1167308e-01  -1.6750870e-01   6.9222877e-02   2.6715621e-01  -3.1101482e-01  -1.1347164e-01   2.6495926e-01  -1.0351140e-01  -5.8277070e-02  -5.4286045e-02  -2.7999686e-01  -9.8651069e-02  -4.0956556e-02   4.7384758e-01  -2.9252779e-02   2.7233622e-02  -6.4639331e-02   6.8076974e-02  -3.8989303e-02  -4.5512788e-02   5.7676165e-01   9.2806203e-02   5.5468075e-01  -2.4107296e-01  -3.3088687e-01  -2.1454989e-01   4.9443831e-01   9.3974705e-02   1.1234339e-02  -4.0334881e-02  -1.2285306e-01   2.5769807e-01  -1.8338613e-01   1.5914585e-01   2.3383721e-01   1.9097495e-01   1.5024780e-01  -4.7859791e-01   4.6096195e-02   3.9382811e-01  -7.5079518e-02  -3.4823309e-01  -3.5555639e-01  -3.7627805e-01   1.6120299e-01  -1.5190568e-01   2.8979232e-01  -1.0193297e-01  -2.0911619e-01  -1.6146873e-01   1.4775353e-01   1.5571302e-01   3.8717655e-01   9.2956771e-02  -3.7496739e-01  -2.9727517e-01   9.2710228e-02   4.5019169e-01  -3.5957449e-01  -1.1325272e-01   8.6732959e-02  -6.8150850e-02   1.7105483e-01  -1.9103722e-01  -3.0909529e-01   7.1877398e-01  -2.7827676e-01  -4.1386504e-02   8.4979131e-02  -6.8264467e-02  -5.1330630e-02   4.9466435e-01   1.3578048e-01  -6.5520092e-02  -2.2471083e-01   4.8604158e-02  -2.8154875e-01   3.7844158e-01  -2.6072037e-01   5.2337322e-01  -1.7531697e-01  -4.2099351e-01   2.4824590e-01  -3.9860907e-01   3.1298157e-01  -4.0670812e-01   3.5571987e-01   1.9632530e-01   8.9484233e-02   3.5592617e-02  -9.3269869e-02  -1.2631852e-01   1.2263106e-01  -6.8821581e-02   8.2351882e-03   1.8778461e-01   2.4680275e-01   4.7732865e-01  -1.0050597e-01  -4.9305401e-01  -2.3427290e-01   1.3530274e-01   4.7560670e-01  -3.1691215e-01  -1.1403266e-01  -2.4463659e-01  -9.5137259e-02  -4.2086049e-01   5.3464743e-01  -2.2673589e-01   5.6865359e-02  -2.9755246e-01   2.1850106e-01   1.0978448e-01  -3.7511712e-01  -1.9016896e-01   2.5063969e-01   7.0706433e-02   3.2722702e-01   3.1198011e-01  -2.1829091e-01  -3.3976197e-01   2.6404231e-01  -3.9144988e-01  -1.0653960e-01   2.0828597e-01  -2.7112271e-01  -3.4771524e-01  -2.9180147e-02  -3.4815877e-01  -1.3426805e-02   4.0271107e-01  -8.7638819e-02   6.9114453e-01   2.5147167e-01  -1.2525280e-02   1.6670545e-01   1.1260964e-01   1.5921977e-01  -2.8900957e-01   1.1882346e-01   5.4326910e-01  -2.1661591e-01  -4.9854800e-01  -1.1682714e-01  -2.3342884e-01  -1.8244498e-01  -4.3545561e-01  -2.5658443e-01   1.7295200e-01  -1.7799943e-01  -1.9779098e-01   6.1744050e-01   1.8596339e-01  -5.5834623e-02  -2.9985004e-01   4.5370354e-01   5.5783576e-01  -5.5973887e-01  -1.8544028e-01   1.8180359e-01  -4.5017435e-02  -1.7185834e-01   4.2636933e-01
   3.1140774e-02  -1.5954461e-01   1.1334731e-01   7.5426501e-02   2.1576725e-01   4.8705697e-02   1.6421227e-02   2.6048426e-01   1.0134392e-01  -1.1163174e-02   2.1924024e-01   3.2259032e-02   0.0000000e+00  -7.2347575e-02   4.8988365e-02   2.1609216e-01   1.4360664e-01  -4.4411535e-02   1.7385542e-01   3.3591708e-02  -3.6690069e-02   8.1382629e-02  -5.3228760e-02  -1.2003884e-01  -1.3242445e-02   7.6348670e-02   1.7578897e-01  -8.2644137e-04   1.4591856e-01   2.2608178e-02   2.6816390e-02   1.7249276e-02   1.3938708e-01  -7.8259524e-02  -7.9272525e-02   2.0834579e-01  -3.6178441e-01   1.3135068e-01   2.6602939e-01   1.7611826e-01   7.8091712e-01   9.1335217e-02   1.0913055e-01   1.8999312e-01  -1.0504939e-01   3.1251885e-02   3.0477133e-01  -1.7613111e-02   1.8312111e-01  -2.3038643e-02  -3.1675891e-02   3.8123090e-01  -2.7128072e-02   3.3992100e-01  -2.2202214e-01  -2.2553859e-01   2.0483128e-01   1.4135969e-01   2.5587843e-01  -1.2347486e-02   7.4071630e-02  -1.2266332e-01  -1.9967469e-01   6.1257685e-02  -2.7020002e-01   3.8635455e-02   1.5397355e-02  -2.7071849e-01   1.2185771e-01   2.4349859e-02   2.3706092e-02  -1.1208807e-01   4.6236421e-01  -6.6413083e-03  -4.2794638e-02   2.0417827e-01   1.1423304e-01   4.2976113e-02   3.4965545e-02   1.5044497e-01   2.9461114e-03   2.3488373e-01  -5.4339956e-02   2.0284147e-01   1.5667848e-01   1.3362380e-01  -1.7020354e-01  -1.2151979e-01  -1.2215605e-01   9.2438514e-02   7.5143000e-02   5.6737191e-02   1.2759818e-02  -1.6780311e-01   1.1131311e-01   1.9554331e-01  -1.6986402e-01   3.4046235e-01  -1.9398205e-01   8.5924190e-02   1.3379906e-01   1.4971116e-01   2.6041793e-01  -2.2487326e-01   8.2866299e-02   2.4875740e-01   1.0884808e-02   1.1116792e-01   2.5781518e-01  -2.6886601e-04  -2.7413560e-02  -6.1729879e-02  -3.6866822e-01   1.3626350e-01   3.5943893e-02  -1.0735020e-01  -6.4443179e-02   5.4967008e-01   3.6596115e-02   2.3922188e-01  -1.8192299e-01   1.3173136e-01  -1.4902730e-01  -5.1952998e-02   3.7641694e-02  -1.2782638e-01  -4.1890611e-02   3.1834517e-02  -7.0118490e-02  -2.7511207e-02   5.5726216e-01   6.2981155e-02  -1.6833295e-01  -8.0275205e-02  -1.2023303e-01   4.4267071e-01   1.0414168e-01  -9.6542157e-03   3.9048592e-01  -7.7290646e-02   5.0927213e-02   5.2319545e-01  -3.4410697e-02  -4.3659029e-02   1.3042753e-01   8.9556391e-03   1.0860040e-01   8.5149974e-02   4.5769777e-02  -6.8618836e-02   1.0521046e-01   2.0388555e-01  -1.0612815e-01   2.7742777e-02   1.3550968e-02  -1.1877830e-02  -1.5509188e-01   4.7048650e-01   7.3130872e-02   9.5172555e-02  -3.4406052e-01   1.7997555e-01   2.5748191e-01  -4.4717175e-02   8.1286468e-02  -3.4045032e-02   2.5867226e-01   1.7220037e-01  -8.2732276e-02   3.0108561e-02  -3.3582216e-02  -1.3169538e-01  -2.0281239e-01   2.0571539e-01  -7.0802519e-02  -8.1502666e-03   2.3827734e-01
   4.3459605e-01   5.4202333e-02  -2.6246173e-01   1.7789751e-01  -3.1157281e-01  -3.4399536e-01  -2.3299480e-02  -1.2548879e-01   2.3493632e-01  -4.7930811e-01   8.5767746e-02  -3.1167308e-01  -7.2347575e-02   0.0000000e+00   3.2621688e-01   5.3037204e-03  -2.7980901e-01  -1.2702550e-05  -1.5752327e-01  -3.5424800e-01   2.6772136e-01   3.4616152e-02   1.2156699e-01   5.0788306e-01   1.1959643e-01  -7.6228141e-02  -2.3308119e-01   1.6258920e-01  -2.2705871e-01   2.6274854e-01   1.7896911e-01   1.6102985e-01  -2.2031103e-03  -2.6982855e-01   4.2489004e-01  -4.4889737e-01   3.5557020e-01   1.9039275e-01   1.0485608e-02  -2.5970062e-01   8.5695044e-02  -6.3799365e-02   1.5883558e-01   4.2325845e-02  -2.6333635e-01   2.9485316e-01  -1.9426852e-01   1.3275865e-01  -3.2328457e-01  -6.8379597e-02   1.2710728e-01   2.7779458e-02  -2.5565586e-01   2.0504751e-01   4.9958423e-01   7.5588702e-02  -8.9793794e-02   9.7084161e-02   2.0929491e-02   5.6824015e-02   1.1552605e-01  -1.8675160e-01   2.6301190e-01   6.1740967e-02   2.7627785e-01  -2.5426581e-01  -2.4371663e-01  -1.7456406e-01   6.0082657e-02   2.0393200e-01  -1.3878041e-01   1.8382656e-01   1.4822825e-03   1.5168346e-01   6.6090719e-02  -1.6072718e-02   2.3534972e-02   2.2662541e-01  -4.2496309e-01   3.2910941e-01   1.8585310e-01   5.7570201e-02  -6.7806013e-02   1.0763180e-01  -1.8012180e-01   1.2708734e-01   4.2249323e-01   4.3510021e-01   2.3731934e-01   3.8848450e-01  -3.9918111e-01  -6.4862528e-02  -5.4109847e-01  -5.2038022e-02   1.4433403e-01  -4.4331910e-01  -5.4680595e-02  -3.5948998e-01  -2.0328947e-01  -2.8906148e-01   3.7680769e-02   1.1469200e-01   5.1791393e-03   5.5026051e-01   2.5977759e-01  -6.1334684e-02  -2.2070739e-01   3.3869067e-02  -2.6998320e-01  -2.5178879e-01  -2.5978791e-01   2.2307655e-01   2.1111873e-01   3.3345716e-01   7.2337938e-02  -2.6108423e-01   1.2987607e-01  -2.3484650e-01   1.8746852e-01   1.1974866e-01   3.0264912e-01  -4.4859810e-01   9.6371388e-03   2.9440984e-01   3.0343211e-01   3.7176265e-01   1.3939984e-01   1.5818613e-01   1.6373637e-02   1.0852784e-01  -6.7992682e-02  -3.1299995e-01   1.5043629e-01   2.2994758e-01   1.6414380e-01  -7.5695880e-02   2.1224531e-01   2.5607693e-01   3.4386063e-02   3.5943196e-01   4.8296187e-01  -2.3842623e-01   1.5076801e-01   4.5703003e-02   1.3164282e-01   3.5939548e-01  -3.6402057e-01  -1.3609020e-01  -2.6999007e-02   6.3797839e-02   5.2477134e-02  -5.3126301e-03   2.3306091e-01  -4.5258205e-02  -2.4936758e-01   3.7783059e-01   3.5808086e-01   1.2306689e-02  -1.8842315e-01   2.3040772e-01  -9.7034485e-02  -6.3194397e-02  -2.2718705e-01   2.5750218e-01   2.6337666e-03  -3.6338307e-01  -2.3356889e-01  -6.7809111e-02   9.9923673e-02  -3.4575214e-01  -2.7076958e-01   3.5218993e-01   7.9685480e-03  -1.0084247e-01  -2.7729714e-01  -1.6783060e-01   2.7516030e-02
