   0.0000000e+00   6.4183423e-02   1.0601509e-01  -1.2482426e-01  -9.1935588e-02  -3.4560713e-01  -6.0968308e-02  -3.0146535e-01  -2.6578626e-01  -3.3365832e-01  -3.5975546e-01  -3.6565215e-02  -5.9637622e-02   1.5281932e-01  -1.7089799e-01  -1.0699146e-01   4.0456116e-02  -1.9134662e-01  -1.9352786e-01  -1.1720966e-01  -1.4547384e-01  -5.3722171e-01  -1.4761343e-01   4.1639425e-01  -5.2077190e-02   6.7447565e-02  -3.7525878e-01   2.7943726e-02  -1.1589040e-01  -2.8172230e-01  -7.9116237e-02  -3.9494993e-01   2.3544726e-01   5.9031261e-03  -1.6710469e-01  -1.7627236e-01  -1.0745222e-01   5.7878588e-01  -1.6897721e-01  -2.5106085e-01  -1.4610809e-01   9.1853274e-02   1.4181567e-01  -2.6207846e-01  -5.4316806e-02  -6.6451276e-02  -5.9569837e-01  -8.8131499e-02   1.2538109e-01   2.2635820e-01  -4.9432908e-01  -6.3882009e-02   1.3821312e-01   1.2603440e-01   2.1481840e-01  -1.3542594e-01   4.1843758e-02  -3.3987767e-01  -2.5018482e-01  -2.5457028e-01   1.7337757e-01   2.1511240e-01   5.9968638e-02  -1.2460758e-01   3.2557979e-01  -2.5922461e-01  -3.9484905e-01   7.2351295e-03  -4.6557429e-01   8.1822093e-02   1.1033745e-01  -2.3714487e-01   7.4677353e-02  -1.9725286e-01   3.5818686e-03  -1.8779871e-01   4.9081947e-01  -1.1466302e-01   9.5847055e-02  -1.2789268e-01  -1.4969515e-01   1.5002058e-01   1.0376951e-01  -2.9596311e-01   2.0006596e-01  -1.4136391e-01   8.3189582e-02   2.5686700e-01   1.4518454e-01   4.5756665e-01   1.6686312e-01   2.4981601e-01  -1.1019165e-01  -2.7328342e-01   5.1341169e-01  -2.7238337e-02   1.0246955e-01  -1.4498883e-01  -1.3623659e-02  -2.3090228e-01   2.1293507e-01  -3.9733343e-02  -2.6043177e-01  -3.8846052e-01  -4.4100984e-01  -3.7481428e-01   9.2399897e-02  -2.6341120e-01   2.0435889e-01  -3.7685276e-01   1.9626536e-01  -3.2380897e-01   2.3227321e-01   5.8599220e-01   1.5382322e-01   1.2822062e-01  -1.2552841e-01  -2.4409623e-02   1.5165505e-02  -1.9898159e-01   5.1166134e-01  -1.6898698e-01  -1.7863977e-01  -1.0817830e-01   4.2685614e-01  -2.3703764e-01  -2.7731249e-01  -1.1509275e-02  -4.6962418e-01   1.6115010e-01  -2.1712102e-01  -2.3291905e-01   5.1325162e-01  -3.5282581e-01  -2.9461794e-01  -2.2308767e-01  -7.4709506e-03  -9.9108031e-02  -4.0561766e-02   7.3972842e-01   6.0276946e-01  -2.8235773e-01  -2.9186287e-01   1.3514091e-01  -1.4309658e-01  -2.7459514e-01   1.6416082e-01   8.4482270e-04  -3.5190775e-01   1.3955711e-01   3.3454158e-01  -1.2884597e-01   5.4202671e-01   1.3698715e-02   1.1565599e-01   6.3878822e-01   4.0695769e-01   5.0782393e-02   1.0889576e-01  -1.3935620e-01   2.1189338e-01  -2.8882493e-01  -1.7617235e-01  -3.2591904e-01  -4.6664066e-01  -1.0664801e-02   5.4755021e-02  -1.2514614e-01   3.7030247e-01   2.1726892e-01  -3.4255485e-03   1.6965406e-01   6.3185638e-03  -2.2222707e-01   1.0163457e-03  -1.3253222e-01  -3.2274494e-01
   6.4183423e-02   0.0000000e+00   2.0877250e-01   6.0812833e-02   5.0070690e-02  -7.6680894e-02  -1.6182930e-01   1.6092536e-01   2.0277596e-01  -1.2278095e-01   3.9079778e-02   2.4219202e-01   1.4041695e-01   2.4073268e-02   4.5059266e-02  -1.2469448e-01   3.1202655e-01  -3.1970250e-01   5.8436180e-02  -2.4844629e-01  -2.6252547e-02  -1.8973851e-01  -1.6965159e-01  -1.4266773e-02  -7.8631953e-02   8.0163521e-02  -1.9019588e-02   6.7233495e-03   1.8277389e-01   2.7923422e-01   2.2029865e-01  -1.9485827e-01   3.3142571e-01  -1.0174285e-01   9.1063389e-02  -1.3384547e-01  -9.3832084e-02   6.8930268e-02  -7.5253156e-02   9.1156765e-02   1.8729558e-01  -1.2851344e-01   1.1575211e-01   1.3832209e-01  -1.0412583e-02  -2.5924538e-02  -2.9067201e-01   1.5600873e-01   1.1237562e-01   3.4647042e-01  -3.1087521e-01   4.8117813e-02   3.1414293e-01  -2.2646977e-01   1.2313650e-01  -9.4705829e-02   4.9461791e-02  -2.0935924e-01   4.2211862e-01  -1.2073986e-01  -1.4343479e-01   1.1708315e-01   2.0293475e-01   2.9388591e-01   2.2258661e-01  -2.4146556e-01  -1.5840781e-01  -1.9397424e-01  -1.7098977e-01  -1.1921707e-01   3.5613007e-01  -2.9972942e-01   1.8417840e-01  -2.1542234e-01   1.7606874e-02  -2.2499990e-01   9.2475119e-02   1.4855674e-01   3.4326402e-01   7.9830128e-02  -7.0044595e-02  -7.7019815e-03   1.8109276e-01   1.3911346e-01   2.1821351e-01  -1.5235359e-01   4.2361241e-01  -2.1210996e-01   1.0121763e-01  -1.5240109e-02   2.8955323e-01  -3.4656932e-02  -1.6667504e-01  -6.7147909e-02  -4.8314259e-02  -3.1113789e-02  -7.4245767e-02   9.3349564e-02  -7.5133049e-02  -2.1900121e-01  -7.6294361e-02  -2.1344883e-02  -6.5828928e-02   1.5203525e-01  -3.3495665e-01  -7.9974974e-02  -2.1860991e-01  -2.6235757e-02   6.4222709e-02   2.4559213e-03   1.9719015e-01  -1.2844586e-01  -2.0902121e-01   2.0273088e-02  -9.1741538e-02   4.0810886e-01   2.3821704e-03   2.1726131e-01   2.5637491e-03  -1.5670654e-01  -5.8417071e-02   1.2905709e-01  -2.6392308e-03   3.3831952e-01  -3.5860725e-02  -4.0002327e-01  -2.2789880e-03  -1.7060784e-01  -1.1706652e-01   5.7097763e-02   2.0651637e-01  -2.6555542e-02   1.7583154e-01   3.0490686e-01  -2.9383328e-01   9.2519546e-03  -1.0452281e-01   1.1974026e-01  -9.2939368e-02  -4.4883974e-02   1.3838814e-01  -1.3816203e-01  -1.8023547e-01  -8.4547498e-02  -3.9701441e-02   2.7514048e-01   1.4282355e-01   1.3572287e-01  -1.3819732e-01   2.0133301e-01   6.1894533e-02   2.4211254e-03   3.4222559e-02   4.3761799e-01   4.0133321e-01  -1.2755893e-01  -3.3149749e-02   3.6383475e-02  -3.1452163e-02  -7.8318705e-02  -2.1957159e-02   2.5287458e-01   2.0008451e-01  -1.8895953e-01  -1.3149196e-01   7.5798071e-02   7.9496135e-04   7.8545144e-02   2.5103324e-02   4.3986772e-01   2.0737990e-01  -1.0433527e-01  -2.9201614e-01  -6.9049659e-02  -1.1385073e-02  -2.7808857e-01   1.8142528e-01
   1.0601509e-01   2.0877250e-01   0.0000000e+00   1.7246541e-01  -2.1494810e-01  -1.2564033e-01   8.6375002e-02  -1.3605882e-01  -1.1102946e-01  -1.7151688e-01  -4.1924139e-01   2.2832131e-01  -1.7451796e-01   2.2496011e-01  -1.4408716e-01   1.6573736e-02   5.9517609e-01  -2.6091657e-01   2.1950672e-01   4.8273788e-02  -2.5728664e-02  -4.2082710e-01  -2.2996322e-01   6.5607815e-02  -5.6147121e-02   9.9265113e-02  -3.7027424e-01   3.2434903e-02   9.1325095e-02  -2.9992494e-01  -7.0687696e-03  -4.7907157e-01   3.0369165e-01  -2.7030834e-02  -1.8280447e-02  -3.7620858e-01  -2.2224639e-01   1.9190144e-01  -6.6782382e-02   3.3292932e-01   8.8485955e-03  -6.8979644e-02   3.4468620e-01   1.0340932e-02   5.1917058e-02  -1.7620525e-01  -4.7419884e-01  -4.6904049e-02   3.0875338e-02   5.4732444e-01  -3.1785736e-01  -7.1547672e-02   1.6088027e-01   2.2172426e-01   1.5659733e-01  -1.2060713e-01   2.2714615e-01  -4.3453688e-01   6.1913397e-02  -8.1354860e-02   3.4322879e-01   1.4009916e-01   1.4575190e-01  -9.3694474e-02  -3.6492414e-02  -3.7432178e-01  -3.5488135e-01   1.6257529e-01  -5.4640658e-01   2.5497171e-01   2.7237571e-01  -2.8258138e-01  -1.3635008e-01  -8.0614631e-02  -1.0041180e-01  -3.4152810e-01   2.1538683e-01  -1.9637645e-01  -5.3809069e-02  -1.0250555e-01  -1.2504485e-01   4.3943496e-03   8.2422220e-02  -1.2541954e-02   1.4651416e-01  -2.4165355e-01   3.4869800e-01   7.1097481e-02  -1.4395862e-01   4.2464113e-02  -8.5833985e-02   5.2504444e-01   6.8428793e-02  -8.6681949e-02   1.4449164e-01   5.0136240e-02   3.1163581e-02  -1.9159520e-01  -7.1740240e-02  -1.2658218e-02   1.6306005e-01   1.4514265e-01  -4.2585030e-01  -2.6451618e-01  -3.3542572e-01  -2.2331858e-01   1.2480177e-01  -3.7788825e-01   1.9849192e-01  -3.7987169e-01   1.7850523e-01  -3.0423418e-01   2.2851220e-01   1.3171409e-01   2.0022089e-01  -4.0414783e-02  -6.8350728e-02  -9.5303318e-02   1.4497331e-02  -1.6140139e-01   3.5100716e-01  -7.0987908e-02  -2.7448907e-02   4.0668672e-02   7.9447995e-02  -2.5062857e-01  -4.1760336e-02   1.7761514e-01  -2.8908757e-01   3.7699686e-01  -5.0226110e-02  -2.5642661e-01   2.3179931e-01  -2.3397871e-01  -2.0507278e-01  -3.6415768e-01   1.7011458e-01  -4.4873032e-02  -4.3332399e-01   2.1602922e-01   2.1275006e-01  -2.8079008e-01  -3.1518831e-01   2.0971738e-01  -8.6241124e-02  -3.0639035e-01   3.0883834e-01  -2.4078715e-01  -2.9238835e-01  -7.2014299e-03   2.8274494e-01  -5.8821505e-02   3.5058156e-01   4.0123478e-02   6.3397921e-01   1.3829454e-01   3.5553964e-01   7.0211330e-02   4.0855662e-01  -2.6187485e-01   1.2150967e-01  -2.8567492e-01  -1.6303598e-01  -3.3274804e-01  -3.4587770e-01  -5.4860716e-02   1.2627214e-01  -1.1522528e-01   2.7031225e-01   1.4450372e-01   7.3072405e-02   1.9578620e-01  -3.3502035e-01  -7.8720498e-02  -2.0247629e-02  -4.9140903e-01  -1.0759491e-01
  -1.2482426e-01   6.0812833e-02   1.7246541e-01   0.0000000e+00  -5.2200735e-02   1.3868226e-01  -3.0103152e-02   3.0177272e-01  -4.0480257e-02  -6.8496757e-02   1.6579332e-01  -1.4826631e-01   3.0991245e-01  -1.6121238e-02  -6.2853159e-02  -1.2249659e-02   1.2705477e-01   1.6450619e-01  -1.4261633e-01  -4.6276687e-03   1.8000175e-01   2.1555378e-01   1.1033957e-01  -1.1549047e-01  -6.3427389e-02   5.6314279e-02  -1.2529386e-01   1.9667847e-01   1.3434816e-02  -2.1120610e-02   2.3217297e-01   2.0129480e-01   2.7649289e-01  -2.1445577e-01   3.9692621e-02  -1.0332993e-01   2.1755617e-01  -1.3568797e-01   1.4252442e-01   3.7254455e-02   3.1583767e-01   2.4408833e-02  -1.7389448e-02   2.7052730e-01   4.2748221e-03   7.0522000e-02   1.8495537e-01   8.7107809e-03   2.7613756e-01   8.1076366e-02   1.3920658e-01   1.7998723e-01   1.2602914e-01   7.0263329e-02   7.6684793e-02   7.7112994e-02  -7.6627632e-02   1.3686411e-01   3.1125058e-01  -6.0333383e-02   5.9032528e-02   2.5941688e-02   1.6448554e-01   2.5591266e-01  -9.6158646e-02  -3.2938661e-01   6.7055837e-02  -1.2423215e-01   9.8306391e-02   3.4713789e-02   2.0024734e-01   2.5000616e-02   4.2663714e-02   5.7831813e-02  -1.5250937e-01   1.5804208e-01  -4.9027136e-02   2.8476055e-01  -2.9523331e-01   6.3558302e-02   1.8153654e-01  -3.8566812e-01   1.1914667e-01   2.6053298e-01   1.3711699e-01   3.3539150e-01  -1.8577865e-04   3.1453753e-02   1.2922537e-01  -1.1050451e-01  -9.5779709e-02   1.3333630e-01  -9.3653411e-02   2.5964811e-01  -1.6410966e-01  -1.6684787e-02  -3.3766707e-02  -3.3417747e-02  -6.8210570e-02  -1.8926331e-01   1.9491181e-01   3.2452998e-02   2.3400633e-01   6.7409651e-02   1.9294108e-01   2.3121518e-01  -3.6256422e-02   3.1597948e-01   2.3339167e-02   5.5609719e-03  -1.7155195e-01   1.5642418e-01  -1.0716234e-01  -5.6217034e-02   2.6146027e-02  -7.5165730e-02   2.3486359e-01  -5.7060732e-02   1.8725041e-01   4.8077474e-01  -1.2481474e-01  -1.8185258e-01   2.1294544e-01   1.3950832e-01  -6.8594819e-02   1.7896841e-02   1.0030643e-01  -2.6780931e-03   2.5043679e-01   3.7318636e-02  -3.6879628e-02  -9.6782145e-02   1.6412684e-01  -1.6744511e-02   6.2883537e-02   5.3107345e-02  -1.6878490e-01   3.0465297e-01   5.8067873e-02  -9.3936890e-02  -2.3511187e-01   1.3069925e-01   7.2559127e-02   2.7040164e-02  -8.5232890e-02   1.9380369e-01  -1.1868291e-01  -4.8534833e-02  -1.2223443e-01   1.7616771e-01  -5.4755865e-02   3.6869347e-01  -3.4339874e-02  -1.1422921e-01   3.9274088e-04  -1.2339046e-01  -8.2112206e-02   5.0639603e-01   1.0964168e-01   2.9758156e-01  -1.2519375e-01   4.6063813e-02   5.8458026e-02   2.2805791e-01   3.0058262e-01  -7.5077921e-02  -1.4082933e-01   1.4523516e-01   4.9873783e-03   8.4288665e-02   8.3737741e-02  -1.9140960e-01  -1.4415214e-01   1.6757740e-01   1.7069902e-01  -6.8726238e-02   2.5067444e-01
  -9.1935588e-02   5.0070690e-02  -2.1494810e-01  -5.2200735e-02   0.0000000e+00  -3.8551731e-01  -2.1741035e-01   5.0333646e-02   2.2493402e-01   1.5715659e-01   2.6954500e-03   5.0744666e-02   1.6823665e-01  -1.8678194e-01  -1.4015045e-01   7.7434601e-02   4.3490095e-02   1.2695413e-01  -1.0563117e-01   6.2732825e-01  -2.2786384e-01  -3.3142842e-02  -1.3122654e-02  -6.4213580e-02   2.4862686e-01  -1.1064522e-01   3.9021433e-01  -3.6226983e-01   1.5814138e-01  -4.3641630e-02  -2.7648490e-01   2.4767042e-01  -8.8327862e-02   6.7793832e-02  -1.5139861e-01   5.6987021e-01   2.3626248e-01   1.0852059e-01   2.3796761e-01   2.4489651e-01   1.1550143e-01   3.7701505e-01   2.1663978e-01  -1.9328288e-01   1.8227037e-01  -7.7708278e-02   2.4378936e-01  -2.7858063e-01   1.5635015e-01   9.5902077e-02   2.1811881e-01  -4.1752410e-01  -2.9753358e-02   2.0920759e-01  -2.4290861e-01  -1.8102242e-01  -1.8843698e-01   1.6881016e-01   2.2164913e-02  -1.7652606e-01   1.1143651e-01   2.3970575e-01   8.1746448e-02  -1.7496134e-01   1.2876454e-02   2.2643541e-01   8.1698667e-02   7.9912767e-02  -3.9764206e-02  -4.6702851e-01   8.6401116e-03   3.6969284e-01   2.3631274e-01  -1.4400577e-01   3.2688099e-01  -1.6668075e-02  -5.5184115e-02   9.3033980e-02   5.6945148e-01   1.2741644e-01  -5.9784229e-01  -8.8919009e-02  -7.6146535e-02   1.8607571e-01  -1.3294696e-01  -1.9442365e-01  -3.4309863e-01  -2.2313195e-01   1.7464881e-01   2.1602757e-03   5.2169413e-01   4.3633566e-02   2.0557634e-01  -8.2964174e-02   4.6074614e-02   6.1626095e-01   2.6072549e-01  -2.5024248e-01   5.4724583e-01   1.1148308e-01  -5.0685243e-01  -1.2209381e-01  -1.3983229e-01   1.6492953e-01  -9.3656644e-02   2.1561718e-01   1.8966122e-01  -1.1535654e-01   3.3649422e-02   2.5106399e-01   1.5954527e-01  -1.2909700e-01  -6.4287365e-04   1.2590065e-01  -3.9758891e-01   3.0102283e-01  -3.8778832e-01   2.4947039e-01  -3.6962693e-01   2.1296026e-01  -2.3776190e-01   6.0929889e-01   1.0223984e-01  -2.4669263e-02   5.4560218e-02  -1.3931946e-01   2.1842645e-01   2.6829004e-01   2.6954153e-01  -3.2678865e-01  -5.0762388e-02   5.0182627e-02  -2.4845552e-01  -5.1459280e-02   6.9626715e-02   4.8888084e-02   1.8203820e-01  -2.8080020e-01  -1.6501997e-01   1.2656723e-03  -5.3630465e-02   2.0015667e-01  -1.6640838e-01  -3.6340033e-01  -7.6795730e-02  -3.8573715e-02  -2.6305403e-02   4.8295346e-01   1.8055346e-01  -3.7936126e-02  -2.8729373e-01  -1.8134152e-01   3.7148103e-02   5.4337429e-02  -1.6016841e-01   6.6414110e-02  -1.0257944e-01   9.7079252e-02   4.8785449e-02  -2.5250222e-01   1.2892000e-01  -8.0625501e-02   1.4701669e-01   2.0779000e-01   8.9747636e-02   1.3957177e-01  -3.1360035e-02  -5.1248406e-02  -1.9457363e-02   2.5527730e-01   2.5251867e-01   1.2697305e-01   4.8534544e-01  -2.2791578e-01  -1.0772905e-02   3.0272949e-01   3.2270790e-01
  -3.4560713e-01  -7.6680894e-02  -1.2564033e-01   1.3868226e-01  -3.8551731e-01   0.0000000e+00   2.6229526e-01   3.1710746e-01  -8.5632527e-02  -8.1857662e-02   4.3040979e-01   1.7246718e-01   9.1887114e-02  -2.3714930e-02  -1.1159623e-01  -1.1966862e-01  -3.6640233e-01   1.1721345e-02   1.9895804e-01  -3.1650753e-01   1.1337878e-01   4.8814929e-01   2.2836112e-01  -2.9922739e-01  -9.0422932e-02   5.7856154e-02   2.1713835e-01   2.0485264e-01  -1.0519043e-01   5.7455326e-01  -5.2310699e-02   2.4451145e-01  -2.2659045e-01   5.4166584e-02   3.2593611e-01  -8.8193646e-02   1.2778395e-01  -4.0449244e-01  -1.4492108e-01  -2.1232146e-01   2.6306270e-01  -4.3170299e-01  -1.9557860e-01   4.2570140e-01  -1.2758211e-01   1.2476131e-01   4.2122773e-01   5.4957690e-02  -2.4354559e-01  -4.7070316e-01   2.5918067e-01   1.7320176e-01  -1.2750304e-01  -2.9491448e-01  -1.3524441e-01   3.0952092e-01   2.4385535e-01   2.6074121e-01   2.4064647e-01   4.4317559e-01  -4.2121212e-01  -3.1930991e-01   7.3192988e-02   7.0278354e-02  -8.3651219e-02   1.8092986e-01   6.3426278e-01  -1.8050936e-01   5.1826804e-01   2.9445680e-01  -4.4541563e-01   1.0642143e-02  -2.3189064e-01   2.1815631e-01  -1.9309207e-01   1.9865100e-01  -3.8630071e-01   1.1102518e-01  -3.5714568e-01   3.6918265e-02   5.3700688e-01  -1.1052836e-01  -1.0238913e-02   1.8250469e-01  -1.0732283e-01   3.0358295e-01   4.5786510e-02  -1.9290377e-01  -7.3783727e-02  -2.7557314e-01  -4.5206299e-01  -3.9139051e-01  -1.4761718e-01   2.8899981e-01  -3.5687610e-01  -4.3964098e-01  -1.7136717e-01   4.8221849e-01  -2.8291145e-01   1.4285078e-01   1.1806998e-01  -2.7614774e-02   4.3785044e-01   2.1110820e-01   5.9002508e-01   5.6616428e-02  -4.0026061e-01   5.0165927e-01  -3.9854910e-01   3.4332583e-01  -2.6361273e-01   5.8701477e-01  -2.3245906e-01  -3.3891621e-01  -1.0115612e-01  -2.3829566e-01   2.7660798e-01  -1.6790752e-01   3.7403431e-01   5.8715843e-02  -2.0358383e-01  -3.4444791e-01   1.5183361e-01  -1.2124648e-01  -2.1295459e-01   2.6425979e-01  -1.0962245e-01  -2.5279631e-01   1.5749872e-01   1.4067578e-01   8.8147458e-02   3.8269162e-01  -1.2205278e-01   3.6673016e-01   7.6571286e-02   2.3138607e-01  -2.1777863e-01   3.1932742e-01   2.1565126e-01  -3.1045452e-01  -3.3111690e-01  -3.0782628e-02   4.0176759e-01   2.3313999e-01   1.9594113e-01   2.1834213e-01  -3.5843007e-01  -1.6435444e-01   4.2945172e-01  -2.7916668e-01  -3.1982108e-01   2.4942615e-01  -4.7478959e-01  -9.0764329e-04  -1.3182264e-01  -4.0159092e-01  -2.2416102e-01   1.9071200e-02  -3.1406341e-01   2.5081566e-01  -2.1935483e-01   2.5782513e-01  -1.8896288e-02   9.6066563e-02   3.7770923e-01  -1.1346016e-01   1.0171920e-01   2.1468078e-01  -3.0528307e-01  -4.2207279e-01  -3.2510075e-01  -2.4668083e-01  -2.1061421e-01   4.0857700e-01   5.8881484e-02  -2.4006425e-02   1.3753262e-01
  -6.0968308e-02  -1.6182930e-01   8.6375002e-02  -3.0103152e-02  -2.1741035e-01   2.6229526e-01   0.0000000e+00   1.0296632e-01  -2.0450979e-01   1.8184158e-01   1.7520310e-01   3.5102109e-01   1.9378475e-02   3.3826688e-03   2.0007600e-01  -8.4545034e-02  -2.2948006e-01   9.6107894e-02   6.4808982e-02   5.8758737e-03   1.9940795e-01  -6.9672594e-02   5.3051787e-01  -1.8774107e-01   3.1584912e-04  -1.2167649e-01  -3.3596143e-02   8.9709333e-02  -6.4447500e-02   2.0752265e-01  -2.6272446e-02  -7.0432376e-02  -2.3924993e-01   4.8250674e-01   1.7664940e-01   2.6097090e-01  -1.5899479e-01  -1.4680448e-01  -2.4265659e-01   2.8669040e-01   1.5809761e-01  -2.2505483e-01  -1.1512137e-01   9.4985866e-03  -2.9828302e-02  -8.8086015e-02   1.1202318e-01   3.8534580e-01  -3.0742044e-01  -1.1633001e-01   1.9789024e-01  -1.4454747e-02   2.4215800e-01  -1.9422114e-01  -1.0375578e-01   4.0069198e-01   7.2524632e-03  -3.2340024e-02   3.3181860e-04   7.4378065e-02  -2.5991317e-01  -3.2115437e-01  -1.5466506e-01   4.6829149e-02  -3.1405203e-01   3.5031465e-01   2.1626575e-01  -2.3000824e-01   3.7611538e-02   6.3035211e-01   6.7001121e-02  -1.0074379e-01  -3.1909598e-01   2.8818107e-02  -2.3381134e-01  -6.0196305e-02  -2.0165289e-01  -6.3104138e-02  -2.1654686e-01  -1.6950969e-01   4.2602239e-01   1.5942513e-01   1.7129012e-01   6.1944271e-02  -3.4927180e-01   1.3553758e-01   2.1714314e-02  -1.2185761e-01   9.8214601e-03  -1.7403946e-01  -3.2053525e-01  -1.4697657e-01   2.6374171e-01   1.4257747e-01  -1.3782353e-01  -3.0906031e-01  -1.3088110e-01  -5.3165850e-02  -1.8473887e-01   4.5283885e-01   1.1927882e-01   4.2279089e-01   1.0214962e-01  -1.3450494e-01   2.4050396e-01  -1.3856244e-01  -3.3885053e-01  -1.1429090e-02   1.6928256e-01   3.7165982e-01   2.4988298e-01   2.2609847e-01  -2.8524768e-01  -9.1243179e-02   4.4450952e-01  -2.3884114e-01   8.0762718e-02  -2.7061563e-01   6.0483907e-03  -1.9798675e-01   2.4566261e-02  -1.6384202e-01   6.4433700e-02  -2.7821204e-01  -5.7431507e-02   7.9521129e-02   1.1088252e-01  -2.4584012e-01  -1.0999627e-01   4.8070653e-01  -1.0151092e-01   3.2572638e-01  -2.7820322e-01   2.2897459e-02  -1.4780293e-01  -2.5623905e-02  -3.3646911e-01   1.0534478e-01  -3.3452109e-02  -3.5179347e-03  -9.2542301e-02  -4.3487608e-02   2.8631353e-01  -4.1185785e-02   4.6326991e-01  -9.5679529e-02   4.5589151e-01   3.7632367e-02   3.6733211e-01   1.4092657e-01   2.4438333e-01   2.5969351e-01  -2.4726720e-01   1.3241696e-02  -1.0876002e-01  -1.4713423e-01  -5.6902926e-02  -4.9017479e-02  -1.9020049e-01   3.8757415e-01  -2.1035673e-01  -2.2463351e-01   1.4923429e-01  -2.2793776e-01   6.0060749e-02   2.1653318e-01   2.7336257e-01  -1.0451075e-01  -2.7816003e-01  -3.0123243e-01   1.4473638e-01  -2.7140204e-02  -1.8762879e-01  -1.6340738e-01  -8.9142726e-02  -1.6589299e-01   1.0668917e-02
  -3.0146535e-01   1.6092536e-01  -1.3605882e-01   3.0177272e-01   5.0333646e-02   3.1710746e-01   1.0296632e-01   0.0000000e+00  -1.5587880e-01  -1.7569627e-01   3.1728037e-01   3.0022903e-02   2.6222865e-01  -1.5277146e-01  -1.8804579e-02   8.5352052e-03  -7.9473319e-02  -1.3702825e-01   1.2288763e-01  -1.3910530e-01   4.0562640e-02   2.4280783e-01   3.5475659e-02  -2.0789556e-01  -4.3288007e-02   1.3123673e-01   1.3416330e-01   3.0360959e-02   5.5472380e-04   3.3968532e-01   1.5117382e-01   2.9515690e-01   4.5736985e-03   4.2667760e-02   2.2500728e-01   1.9611875e-01   9.8320122e-02  -3.8577026e-01   4.4288659e-02   1.7230297e-02   3.5598651e-01  -1.8602677e-01  -1.6425717e-01   3.6218058e-01  -1.6483845e-01   8.1099445e-02   2.8745588e-01   1.2562941e-01   1.0888023e-02  -3.8110020e-02   1.6254678e-01   1.6527887e-01   4.0997138e-02  -2.1661848e-01  -1.8386131e-01   3.6863974e-02   8.2123213e-02   1.8980443e-01   3.9804735e-01   1.6210231e-01  -4.3185302e-01  -9.8290754e-02  -5.1979043e-02   1.5522899e-01  -2.7764456e-01  -1.3664057e-01   3.6079241e-01  -2.6741237e-01   3.3377649e-01  -8.7324947e-02   3.6972486e-02  -4.7462619e-02   1.4352141e-02  -1.5128275e-01   1.4606812e-01   1.3809196e-01  -2.2629432e-01   4.1009878e-01   8.2708001e-02   2.2144424e-01   1.9589835e-01   6.3276710e-02   6.4066823e-02   7.7481881e-01  -1.6100441e-01   2.6607549e-01  -9.0163165e-02  -2.7098412e-01   4.5462722e-02  -3.1435156e-01   6.3579589e-02  -2.3360214e-01   6.1773356e-02   1.5323712e-01  -4.9194740e-01  -7.5851788e-02  -3.7453727e-02   4.5706314e-01  -2.2142235e-01  -2.0517625e-02  -1.1686235e-01   7.1867916e-02   4.9425314e-01   1.2909194e-01   3.6212298e-01   1.5540380e-01  -2.9728902e-01   6.7555252e-01  -1.6070684e-01   3.9008771e-01  -4.1947764e-02   3.6314250e-01  -3.9307295e-01  -3.3131300e-01  -3.2777332e-01   1.5100266e-01   2.3461905e-01   2.1112988e-01   1.4876507e-01  -1.1061370e-02  -2.8575978e-01   8.8208277e-04   1.5757047e-01   1.1394725e-02  -2.8886816e-01  -1.5782646e-01   1.4554154e-02  -6.2127924e-02   1.7445890e-01  -1.5416490e-01   3.5946579e-01   2.3196329e-01  -1.7025892e-01   3.4633525e-01  -9.8257711e-02   3.3444464e-01  -1.6594517e-01   1.6488133e-01   2.3647287e-01  -3.1685044e-01  -3.3308857e-01   5.3044986e-02   2.9352904e-01  -4.1064234e-02   3.2611054e-02   2.5380502e-01  -7.2750658e-02   8.5108294e-03   3.4864720e-01  -6.7449327e-02  -3.2739344e-01   5.9020633e-01  -2.9015128e-01  -6.2675032e-03  -5.5031586e-02  -4.3198656e-01  -4.2004019e-01   1.2639465e-01  -2.2573259e-01   3.6562728e-01  -2.7051013e-01   3.1147318e-01   1.0722741e-01   9.4386048e-02   2.9653649e-01   1.0235679e-01   2.5346098e-02   2.7703315e-01  -3.5825532e-01   1.6988961e-01   1.3056130e-01  -3.6304506e-01  -2.5269153e-01   2.3145370e-01   2.3266723e-01   3.2254072e-02   4.0251993e-01
  -2.6578626e-01   2.0277596e-01  -1.1102946e-01  -4.0480257e-02   2.2493402e-01  -8.5632527e-02  -2.0450979e-01  -1.5587880e-01   0.0000000e+00   1.8990050e-01  -1.4697406e-01  -3.8457906e-02   1.4164714e-01  -1.5493886e-01   9.2652561e-02   5.3248762e-02  -5.7254497e-02   1.9871392e-01  -1.4120348e-01   2.4053889e-01  -9.7363939e-02   1.2210591e-01  -1.5092523e-01   2.8369724e-02   3.6135086e-01  -1.7475649e-02   1.8841690e-01  -1.3827239e-01   4.2244060e-01   3.9657554e-02  -6.5177419e-03   1.9877639e-01  -2.7270207e-01  -1.9616077e-01   3.2217162e-01  -7.7142722e-02   6.4765750e-02  -1.8568180e-01   2.1513223e-01  -5.5723741e-02  -4.2601325e-02   1.6035776e-01   2.0432229e-01  -5.0316508e-02   2.1312948e-02  -1.0739159e-01  -7.5580540e-04  -6.9436427e-02   1.7755971e-01  -1.1969854e-01   9.6059202e-02  -1.7380714e-01  -1.5992170e-01   1.3428699e-01   1.1520175e-01  -2.6382489e-01  -1.8533631e-01   1.4166106e-01   1.5036004e-01   2.4737367e-01   1.2138648e-02   2.4260412e-01   4.4283913e-01  -6.2254106e-03   1.1629345e-01   3.0148533e-02  -5.3808731e-02   2.4210735e-01   2.9951625e-02  -3.1595937e-01  -1.0234192e-01   2.6092803e-01  -1.1360306e-01  -2.9838940e-03   2.8048841e-01  -7.5163571e-03  -3.4632427e-01   9.3377245e-02   1.3504155e-01   3.6851021e-01  -1.9682438e-01  -2.0822624e-01  -2.0491299e-01  -1.2320399e-01  -1.2225723e-01  -1.2315756e-01   1.3367680e-01   6.5089957e-03  -1.8178656e-03  -6.7896342e-02  -4.0935144e-02  -1.6168575e-01  -3.7328556e-02   2.8283936e-01  -2.1117082e-01   2.1381060e-01   2.6238415e-01  -1.4847975e-01   1.8572214e-01  -2.6312574e-02  -2.7335968e-01  -2.4931734e-01  -1.8539295e-01   4.9292057e-01  -8.1921054e-03   2.7962160e-01   9.1716358e-02  -6.3844244e-02   8.4398830e-02  -1.2273593e-01  -1.3320796e-01  -1.6780271e-01   1.7117431e-01  -1.1394126e-01  -1.7985784e-01   5.5056840e-02  -1.7880784e-01  -8.7960953e-02  -2.8345760e-01   3.1006531e-01  -3.5861046e-01   2.3239929e-01   2.6475160e-01   4.4229617e-02  -3.0909450e-01   1.9286514e-02   1.4251597e-01   2.6371099e-02   4.2506680e-01  -3.1300885e-01  -2.6452351e-02  -8.5844459e-02  -2.2060580e-01   3.8605609e-02   4.1316739e-01  -3.1694043e-02   2.9533634e-01  -1.3372485e-01  -1.9201004e-01  -2.7873183e-01  -2.0199355e-01   2.3585448e-01  -1.6347170e-01  -2.3364638e-01  -7.1285796e-02   1.4626037e-01  -1.5212328e-01  -1.2128287e-01  -2.1533496e-01  -4.4217602e-02  -2.6830617e-01  -2.6052846e-01  -1.9941606e-01  -2.2098716e-02  -5.0300506e-02  -1.8987605e-01  -1.9918987e-01  -5.8146537e-02  -9.9574923e-02  -2.4728719e-01   1.6568678e-01  -7.2390819e-02  -1.0973750e-01   2.1430905e-01   9.4587134e-02  -5.9630213e-02  -2.7142787e-01   1.5848631e-01  -1.8082112e-01   1.1807516e-02   4.6956757e-02  -9.8939661e-02   2.5470392e-01  -1.7120511e-01   3.1324875e-01  -2.5404280e-02   1.9913710e-01
  -3.3365832e-01  -1.2278095e-01  -1.7151688e-01  -6.8496757e-02   1.5715659e-01  -8.1857662e-02   1.8184158e-01  -1.7569627e-01   1.8990050e-01   0.0000000e+00   3.3978391e-02   2.2067186e-01   1.0103441e-01  -2.6230212e-01   3.7028114e-01   6.3016620e-02   2.1002924e-02   3.2659149e-01   4.5113977e-03   1.9523669e-01   1.6963855e-01   1.4383371e-01   3.6742390e-01  -2.0775609e-01   1.1321530e-01  -3.2300755e-01   1.3915744e-01  -2.9919475e-02   9.9880041e-02  -2.6075228e-03   1.9410170e-01   1.3926121e-01  -1.9388248e-01   3.1800335e-01   2.0166132e-01   2.6958847e-01   1.5171085e-01  -2.0221047e-03  -9.2212446e-02   3.8276951e-01   9.5407183e-04   9.5302757e-02   1.7415513e-01  -8.7567736e-03   2.2643691e-02   1.2813946e-01   2.7926351e-01   1.3696225e-01   4.7418694e-02   2.5308519e-02   2.3227279e-01  -2.0938238e-01   1.1941925e-01  -2.8533951e-02  -2.1110312e-01   1.2236710e-01  -2.4001334e-01   1.6191566e-01   3.1979824e-02   4.4827142e-02   1.0664953e-03   9.9465914e-02   6.0796652e-02   1.3087492e-01  -3.8944402e-02   4.6454018e-01   1.1474140e-01  -8.1245919e-02   1.2242792e-01   4.5397031e-02   2.4906346e-01   1.8749099e-01  -1.0924225e-03   7.4919935e-02  -6.9819243e-02   9.9334234e-02  -2.7096956e-01  -1.1641421e-01   4.0793932e-02  -4.3473219e-02  -3.0787403e-02   5.2680457e-02   1.0465710e-01  -1.7848322e-01  -1.6433455e-01  -1.6857275e-04  -1.3464907e-01   6.3868748e-02  -1.0360626e-01  -2.0092947e-02   3.4086441e-02  -8.4856211e-02   4.3381930e-01   9.7561923e-02  -1.4470063e-02   3.1129577e-01  -9.1670511e-02  -2.3515564e-01   1.7831240e-01   3.1358326e-01  -1.4719982e-01   2.6890095e-01   1.0168132e-02   2.3567561e-02  -4.2174963e-02   1.8324690e-01   1.5761754e-01  -2.2818163e-01   9.2414195e-02   9.2564278e-02   2.8659862e-01  -2.9098495e-02  -1.1260873e-01  -5.6439315e-02   1.2090421e-01  -3.5223511e-02   1.1114946e-02   3.7163847e-02  -3.3109754e-01   1.1312092e-01  -3.5706912e-01   3.3803439e-01   1.1767519e-01  -2.1733794e-02  -8.5519966e-02   2.2060159e-01   4.3351140e-01  -3.7750249e-03   1.3496480e-01  -2.2361940e-02  -1.2411327e-01  -9.0504966e-03  -3.6174002e-01   1.3609446e-01   9.7053070e-02   1.1206104e-01  -8.7326186e-02  -2.8785467e-02   1.5499165e-01  -1.9636762e-01  -1.1964807e-01   2.4498620e-01   6.8266591e-02  -3.5204475e-01   3.1128816e-01   3.3180101e-02   3.0471787e-01   1.0371019e-01   1.9807214e-01   1.4940155e-01   1.3885664e-01  -1.8140859e-01  -2.6330048e-01  -1.2066936e-01  -1.9313795e-01  -7.2464949e-02  -2.3646384e-01  -6.7295919e-02  -3.6356367e-02  -3.7406318e-02  -1.8045935e-01   3.6137998e-02   9.6229412e-02  -7.9178288e-02   1.5036112e-01   3.2388690e-01   1.1778045e-01  -9.1405957e-02  -1.5537097e-01  -1.4558207e-03   3.2767583e-01   7.8090085e-02   1.6730530e-01  -3.0021137e-01   6.5967966e-03   2.4375601e-01   4.0316964e-02
  -3.5975546e-01   3.9079778e-02  -4.1924139e-01   1.6579332e-01   2.6954500e-03   4.3040979e-01   1.7520310e-01   3.1728037e-01  -1.4697406e-01   3.3978391e-02   0.0000000e+00  -7.8076580e-02   3.3954360e-02  -6.0385344e-02   9.9078000e-02  -2.1796675e-01  -2.5449884e-01   3.7106187e-02   1.2637959e-01  -1.5275618e-01   2.8822915e-01   3.4653375e-01   2.9852636e-01  -2.2578186e-01  -2.6570224e-01   1.3984884e-01   2.7260179e-01   1.6836949e-01  -2.7729913e-01   4.2843249e-01   2.1671000e-01   3.4895317e-01  -4.4564766e-02   1.5341558e-01   8.8409319e-02   4.3328088e-01   1.9756928e-01  -2.9900335e-01   9.1837661e-02  -1.4265847e-01   2.5143259e-01  -1.9918596e-01  -3.8177923e-01   2.7590717e-01   1.2201448e-01   1.4397526e-01   6.3456793e-01   3.4101130e-01  -2.2594139e-01  -3.7418046e-01   4.1276135e-01   1.7523064e-01   1.9608705e-01  -3.1969955e-01  -1.5854875e-01   4.4267209e-01  -9.5556970e-03   3.1698469e-01   1.7840344e-01   6.7175608e-02  -3.2976406e-01  -3.4989410e-01  -2.7720571e-01   4.8841195e-01  -9.2697151e-02   2.5948097e-01   5.1339218e-01  -2.9425125e-01   4.9588841e-01   7.2813526e-02  -7.9116255e-02   9.3659311e-02   5.2770305e-02  -3.0118438e-02  -2.4370785e-01   2.3497007e-01  -1.3791904e-01   1.8966721e-01  -2.4809373e-02  -1.6849347e-01   3.7481536e-01  -1.9470473e-02   2.4726991e-01   2.2789024e-01   3.5640835e-02   3.9769578e-01  -3.1331583e-01  -3.1921351e-01   1.2383984e-01  -2.7796893e-01  -4.7009846e-02  -3.6244080e-01  -1.7951696e-01   1.7971999e-01  -2.7564348e-01  -3.2496131e-01  -1.8699283e-01   2.1284380e-01  -1.4539401e-01   7.9187753e-02   1.0102997e-01   2.0790304e-01   5.3579509e-01   2.1234738e-01   4.4260859e-01  -1.0725093e-03  -3.2087833e-01   4.7684540e-01  -1.7344633e-01   5.8159775e-01  -1.5532614e-02   4.9127579e-01  -4.2328454e-01  -2.9649665e-01   4.1821950e-02   4.1120685e-02   9.5093248e-02   1.8758879e-01   2.4670870e-01   1.7954727e-02  -2.2733025e-01  -1.5113849e-01  -4.4482453e-02   1.6862990e-01  -3.5450653e-02   1.0892242e-01   4.7806743e-02  -3.4634708e-01   8.8691709e-02   3.0567296e-02   1.3077379e-01   5.3168072e-01  -1.2582853e-01   3.3799849e-01   3.5695266e-02   4.4667601e-01  -4.1679953e-01   4.6832092e-01   3.9154488e-01  -2.9004327e-01  -3.9787707e-01   7.6493872e-02   4.5383291e-01   1.0021250e-01   2.2911371e-01   4.2837314e-01  -2.7596844e-01   3.3906914e-01   5.6638675e-01   1.8412595e-01  -1.4545326e-01   4.0939219e-01  -3.9332310e-01   3.2747234e-01  -2.7039365e-01  -3.9824236e-01  -1.8893296e-01   9.3929978e-02  -2.7099531e-01   3.9603381e-01  -2.8525558e-01   5.1668611e-01   4.9235220e-01   2.7442601e-01   3.3355694e-01  -1.6960029e-01  -3.7450341e-03   1.6394805e-01  -2.9073556e-01  -6.4999523e-02  -1.9276937e-01  -2.0633267e-01  -3.4825247e-02   3.2594690e-01  -2.1295642e-01   2.4436064e-01   1.1452183e-01
  -3.6565215e-02   2.4219202e-01   2.2832131e-01  -1.4826631e-01   5.0744666e-02   1.7246718e-01   3.5102109e-01   3.0022903e-02  -3.8457906e-02   2.2067186e-01  -7.8076580e-02   0.0000000e+00  -4.4710359e-02  -4.4002723e-02   7.8272693e-02  -3.0950413e-01  -9.8961632e-03  -3.5957198e-01   1.6539968e-01   2.0225640e-02  -2.7774640e-02   1.6901327e-02   1.7005213e-01  -1.5952875e-01  -1.4444100e-01  -2.1645415e-01   1.9697514e-01  -1.1086023e-01  -4.6132772e-03   3.6488633e-01  -1.5680980e-01  -1.2494476e-01  -1.8676483e-01   2.9806974e-01   3.2787148e-01   1.6610323e-01  -9.0209197e-02  -6.0502383e-04  -3.5548644e-01   2.5059853e-01   1.6127781e-01  -4.3818994e-01   1.5461684e-01   2.4386035e-02   1.5429884e-02   5.3775833e-02   2.8064787e-03  -7.4948837e-03  -3.4410827e-01   7.7532722e-02  -1.1468068e-01  -1.5037653e-01   1.2112130e-01  -3.7414386e-01  -1.3462566e-01   2.1027717e-02   1.6895056e-02   9.9694920e-03   9.1047140e-02   2.4406684e-01  -3.2499415e-01  -1.4045755e-01   1.1828577e-01  -5.9638964e-02   1.5716288e-02   2.3114414e-01   1.3003366e-01  -3.2955774e-01  -1.0029141e-01   2.9716084e-01  -4.5758060e-02  -1.6894046e-01  -2.7204768e-01   4.3892955e-02  -7.0913457e-02  -8.2157409e-02  -7.0718057e-02  -6.4721392e-02   3.3437094e-01  -2.0862677e-01   5.1154714e-02  -2.2841573e-03   2.2253498e-01  -1.1107789e-02  -9.9454185e-02  -5.3098379e-02   1.9850145e-01  -2.3824973e-01   6.0932754e-02  -3.8474052e-02   1.1587842e-02  -2.1788589e-01   2.1913355e-01  -1.2203258e-01  -1.0468382e-01   6.3226330e-02  -9.8892285e-02   5.8123140e-02  -2.9556060e-02   2.0121887e-01  -5.4611047e-02   1.9976352e-01   4.6335172e-02   1.1265496e-01  -4.7933817e-02  -1.4617125e-01  -3.3073130e-01  -5.7709019e-02   1.7229046e-02   1.9967507e-01   4.3381645e-01   1.7436840e-01  -3.3272421e-01  -3.2354055e-02   6.2824218e-02   2.2655854e-01   1.6775290e-02   4.5960641e-02   5.8865772e-02  -3.7722230e-01  -1.0203283e-01   2.7291830e-01   2.2471415e-01  -3.1498398e-02   4.2816851e-02   3.9383625e-02   1.9371868e-01  -1.7518668e-01  -2.4463125e-01   3.8964069e-01  -8.8010892e-02   2.8253260e-02  -1.2827395e-01   3.1421842e-01  -3.8611010e-01  -2.9215534e-02  -3.6309069e-01   8.1316423e-02  -1.2652858e-01   1.5078302e-02   8.6554723e-02  -5.6044499e-02   8.0895292e-02  -5.1980212e-02   4.0375073e-01  -1.3251923e-02   3.3172308e-01   2.2647484e-01   3.4476214e-01  -1.6518497e-01   2.3709958e-01  -4.7063007e-02  -1.8314358e-01   8.8189230e-02   1.8134122e-01  -1.1914243e-01  -1.4848027e-01  -9.6200079e-02  -2.9926766e-01  -2.7347122e-04  -3.0523188e-01  -7.7898770e-02   3.5884119e-02  -4.0865859e-01  -8.1904991e-02   3.4120844e-01   3.9390850e-01   1.0087515e-01  -2.9291403e-01   4.5281873e-02   2.4721804e-01   5.1328331e-02  -2.5520201e-01  -3.1646310e-02  -7.9341355e-03  -3.7707688e-04   1.8996605e-01
  -5.9637622e-02   1.4041695e-01  -1.7451796e-01   3.0991245e-01   1.6823665e-01   9.1887114e-02   1.9378475e-02   2.6222865e-01   1.4164714e-01   1.0103441e-01   3.3954360e-02  -4.4710359e-02   0.0000000e+00  -6.1987601e-02   1.3257701e-01   1.6147703e-01  -7.9782235e-02   1.5886387e-01  -1.5059695e-01   2.6574747e-03  -7.6738706e-03   1.9353242e-01   2.5135986e-01  -1.4770300e-01   3.5969554e-01  -2.9246432e-02   8.7251191e-02  -1.4035235e-01   2.5821694e-01  -1.1334963e-02   1.5217326e-01   2.9972193e-01   3.1624785e-02   2.7769548e-02   2.2879450e-01   3.3360222e-03   2.6284652e-01  -1.1431588e-01   9.1034951e-02   4.6894122e-02   3.0367905e-01   1.2500839e-01  -1.7458720e-02   1.3939690e-01  -3.4141975e-01  -1.4985435e-01   1.0743688e-01   5.6671261e-03   2.0535741e-01  -1.4622648e-02   1.5961198e-01  -8.5445705e-02  -5.6883475e-02  -1.3749930e-02  -1.3363492e-01   8.0547295e-02  -3.0352001e-01   1.0422017e-01   9.4962534e-02   5.2454579e-02  -1.7949930e-01   6.2361155e-02   1.0790528e-01   2.8878212e-02  -6.7703846e-02  -2.6199646e-02   5.6430860e-02  -1.3083829e-01   3.0475294e-01  -1.2958499e-01   9.5041730e-02  -1.1334746e-01   1.4193509e-01   1.2434950e-01   1.9272626e-01   3.3009469e-02  -1.2845763e-01   1.7588807e-01  -3.7288321e-02   2.7669643e-01   1.6058145e-01  -1.7674460e-01   1.3218161e-01   2.8646173e-01  -1.2582712e-01   1.9009936e-02   4.2154555e-02  -3.1689360e-03   3.7653444e-02  -1.1999932e-01   5.6939524e-02  -9.7567878e-02   9.1135323e-02   1.9497535e-01  -2.8469866e-01   1.8115043e-01  -5.6984043e-02   1.1651669e-01  -4.8670685e-02  -2.5206410e-02  -1.7303180e-01   2.2439301e-02   9.5676202e-02   2.3215563e-01   1.5140033e-01   3.8506504e-01  -4.9937027e-02   2.3407290e-01   9.5185416e-02   1.4252488e-01   8.2624746e-03   7.4868802e-02  -1.8040810e-01  -7.0069542e-02  -6.4087876e-02  -3.6356487e-02   7.2990758e-02  -6.6213742e-02  -6.0101739e-02   2.6666173e-01  -3.2935681e-01   6.2069546e-02   3.1167382e-01  -1.0714109e-01  -3.0339734e-01   3.3956045e-02   2.3126344e-01  -1.2146609e-01   3.3614488e-01  -1.4567960e-01   2.7792955e-01  -9.9772246e-02  -3.3306891e-02   1.6952206e-01   1.2266736e-02   8.9884980e-02   6.3493289e-02  -2.3410864e-02   2.4497356e-02  -2.1817039e-01  -2.4823778e-01   4.3255533e-01   6.4460762e-02  -2.4086073e-01   7.2060139e-02   1.4506468e-01   3.9036681e-02   2.7828366e-02  -3.2695586e-02  -6.2327590e-03  -2.6293545e-01   1.9882353e-01  -2.8862285e-01  -2.3932150e-02  -2.8753302e-01  -2.7555020e-01  -2.9939908e-01   2.0649860e-01  -1.0769221e-01   1.6835730e-01  -1.1902873e-01   1.6179890e-02   9.3582833e-02   1.2758967e-01   3.2017838e-01   8.5195362e-02  -1.3314395e-01   2.0673280e-02  -1.9495171e-01   7.6830857e-02   3.4788512e-02  -2.2721587e-01  -1.0295407e-01  -1.3829542e-01   1.6283703e-02   1.2807125e-01   2.6514788e-01
   1.5281932e-01   2.4073268e-02   2.2496011e-01  -1.6121238e-02  -1.8678194e-01  -2.3714930e-02   3.3826688e-03  -1.5277146e-01  -1.5493886e-01  -2.6230212e-01  -6.0385344e-02  -4.4002723e-02  -6.1987601e-02   0.0000000e+00   1.2776172e-02   1.1475299e-02   1.5986533e-01  -4.3846416e-02   1.8614821e-02  -2.0336359e-01   1.1163995e-01  -9.7467541e-02  -1.4671033e-02   1.8011065e-01   7.8592112e-02  -2.0263796e-02   5.7268558e-03   7.4975244e-02   5.0302404e-02  -1.0962950e-01   4.6693283e-02  -7.5855225e-02   1.3849302e-01  -1.9693131e-01  -1.3426831e-01  -1.4581443e-01  -2.5542244e-02  -1.0108388e-02  -1.2183166e-01   7.7753946e-02  -8.2893532e-02   3.5609802e-02  -6.6690196e-02   1.4600565e-01  -3.3068141e-01  -1.1293391e-01  -2.6888258e-02  -2.3468901e-02  -1.2019266e-02   1.4053486e-01  -2.3163764e-01   3.1645230e-02   9.0397570e-03   1.9616920e-01   2.7666680e-01  -5.4111270e-02   3.6944986e-02   5.8933402e-02  -1.8804193e-01   1.0696962e-01   8.3060159e-02   9.1099751e-03  -2.0504020e-01  -7.8365214e-02  -7.4319022e-02  -4.7720337e-02  -1.1969036e-01  -1.4185583e-02   6.4249418e-02   8.9247747e-02   4.5982384e-02  -3.9260732e-01  -3.1329555e-01   2.7256100e-01  -1.0238505e-01   5.4820470e-02   2.8510276e-01  -6.1934907e-02  -1.8236805e-01   1.4463086e-01   9.1135832e-02  -1.3204836e-01  -1.3192517e-01  -8.2316361e-02   1.9790925e-02   1.4092781e-01   2.8074645e-01   1.5725520e-01  -2.2287158e-02  -1.0194387e-01  -1.5224044e-01   1.5289227e-01  -1.7875775e-01  -5.2999987e-02  -4.2366800e-02  -9.9526957e-02  -1.8448984e-01   8.7379846e-02  -3.2594699e-02  -2.5819837e-01   1.1057854e-01  -1.7233630e-01  -9.4286131e-03  -1.1034598e-01  -5.9817103e-02   1.3478038e-01   6.1882537e-02  -2.0340165e-02   1.4128743e-03  -8.3299670e-02  -1.1481275e-01   1.0351644e-01   9.8209343e-02  -5.3355469e-02   1.8926772e-02  -2.3613663e-02  -3.6991201e-02  -1.8387254e-01   5.5901625e-02  -1.2926349e-01   1.9261385e-01  -8.3831671e-02  -1.8353688e-01  -2.6329216e-01  -8.6586456e-03   9.9744730e-02  -1.5812723e-01   6.1200229e-02  -1.6004824e-01   2.2259981e-01  -2.0938568e-01   6.8062000e-02   3.4653517e-01  -1.1248881e-01   4.7207813e-02  -4.2303371e-02  -1.9953505e-02   2.5016022e-02   8.5888813e-02   1.1836279e-01   1.5239247e-01  -1.2303220e-02   1.1664627e-01   9.3444250e-02  -1.8913025e-02   2.3627159e-02   8.8258166e-02   5.0245159e-02  -2.0344028e-01  -3.0256180e-01   1.7927281e-02  -5.4888009e-03   2.4393434e-01  -2.0944426e-02   9.0239291e-02   5.4704384e-02   3.3040440e-01  -1.5018610e-01   1.4885760e-01  -3.9786402e-02  -1.5253677e-01  -5.6897191e-02   4.5831041e-02  -1.0116383e-01   8.8385889e-02  -2.3572970e-01  -7.2395507e-02  -2.3548104e-01   2.2611203e-01   1.2392038e-01  -1.5811535e-01   3.4018663e-03  -3.5104167e-01   7.4188281e-02  -8.8234173e-02  -1.0958897e-01  -2.3748454e-02
