   0.0000000e+00  -3.2296176e-01  -9.5950762e-03   2.2864192e-02  -3.7555893e-01   8.0033446e-02  -1.2219252e-01  -6.4945958e-02  -9.1426219e-02  -2.1205255e-01   2.4714226e-01  -2.6715553e-01  -5.6059688e-02   2.4860122e-01   2.1963828e-01   8.9817465e-02   5.3954020e-02  -4.1747041e-02   2.7260666e-01  -2.5472139e-01  -6.4250206e-02  -6.0190683e-03   4.4790268e-02   3.3029983e-01  -2.5263110e-02  -2.4908839e-02  -2.1893193e-01   3.6782726e-01   2.6468786e-02   1.1220154e-01   3.8459764e-02  -5.2964113e-02   1.8651195e-01  -1.0701079e-01  -5.0523194e-02  -1.6225527e-01  -2.1153232e-01   4.5670540e-01   4.2558996e-02  -1.4113116e-01   1.1485848e-02   1.9126820e-01  -2.8386609e-01   1.2179176e-01  -2.2532836e-01   5.9184481e-01   2.3763508e-02   5.5012424e-02   1.0274990e-01  -3.2651898e-01  -6.4361397e-02  -5.8919478e-02  -2.3179158e-01  -2.6319849e-02  -1.2278842e-01   1.2094955e-01   2.3127684e-01  -3.6808534e-02  -5.2439484e-02   4.5254202e-02   5.5006761e-01  -2.0255737e-01  -2.1279744e-01   1.5023807e-01  -2.0579867e-01  -4.0510693e-01  -9.3304084e-02  -5.4070309e-02   8.1851870e-02   2.1558942e-01  -1.1453922e-01  -9.6754887e-02  -9.2389996e-02   7.1317649e-02  -1.4519952e-01   4.4623650e-02   6.2520945e-01   8.6458151e-02  -4.2344502e-01  -2.4757301e-01   1.8081953e-01  -1.5921756e-01   1.4876115e-01  -1.8206297e-02   3.1258554e-02  -2.8729586e-02   9.9805601e-02   2.1262642e-01  -1.5054691e-02   4.6592491e-01  -1.8358531e-01   5.7624991e-01  -1.0804793e-01   1.5388382e-01   4.3066342e-01  -2.6949699e-01  -1.4431737e-01  -3.4884990e-02  -2.7636873e-01  -3.6358625e-02   2.4798516e-01   3.2577437e-03   4.8256237e-02   1.8275748e-01   4.6826504e-02   2.6872622e-03  -1.3091506e-01  -2.8220155e-02  -5.9587036e-02   2.8287634e-02  -1.0687827e-01   8.3280827e-02  -2.2261034e-01   5.5410857e-01   2.3963104e-01  -3.7915070e-01  -7.3971010e-02  -7.5259833e-02   9.2707295e-02  -1.8874420e-02   4.8770229e-01  -3.2105838e-01  -1.7128705e-01  -9.1517450e-02   4.7231529e-01   9.3522936e-02  -7.4802653e-02   8.2328633e-03   1.1517427e-01   2.0869251e-01  -5.0206261e-02  -4.5243951e-02  -4.5380621e-02  -6.8899442e-02  -3.5263183e-03   8.9004342e-02  -1.9355972e-01   1.6735978e-01   1.0041865e-01   2.7278638e-01   2.7283935e-01   5.7783776e-02   8.8799851e-02  -1.7357897e-01   1.8702468e-02   1.8836606e-01  -1.6771694e-01  -2.3825396e-01  -1.1168824e-01  -1.3169733e-01   3.8278749e-01   1.8865225e-01   4.8577812e-01  -1.7851689e-01  -3.7825919e-01   2.6597185e-01   6.0093654e-01   6.4337826e-02   3.4851064e-01   2.1630424e-01  -2.6173500e-01   1.4550176e-01  -3.4919758e-01   1.8667298e-01  -5.0236576e-02  -1.0808404e-01  -1.2710983e-01   1.8321479e-01   3.9950992e-01  -5.4660354e-02  -4.2974096e-01   5.3047679e-01  -9.3776716e-03  -1.4766744e-01  -4.0000312e-02  -8.1897491e-02  -2.7245005e-02
  -3.2296176e-01   0.0000000e+00  -1.9634963e-02   6.0917378e-02   5.4293278e-01   6.1532739e-02   1.3238750e-01  -1.7867986e-01   3.1460109e-01   2.6359386e-01   7.6041289e-02   4.0836902e-01  -6.0000777e-02  -2.3633646e-01  -6.6675201e-02   3.0458148e-01   1.7321506e-01   1.0077297e-02   9.1255633e-02   3.2416761e-01   3.1421511e-02   5.0154647e-03   4.3703954e-02  -1.6359417e-01   1.5674967e-01   9.0615275e-02   3.1468824e-01  -5.2330008e-01   1.8240037e-01   1.1806084e-01   8.3446781e-02   1.1553944e-01   3.3429307e-01   9.9581808e-02   1.9782007e-01   3.7497347e-01   7.9232536e-02  -1.2877821e-01   1.0956945e-01   2.3691599e-01   1.6633448e-01   2.5097130e-01   1.3139044e-01  -1.9202795e-01   2.7399966e-01  -2.4124611e-01   2.5448132e-01   1.4025964e-01   5.3798272e-02   8.0988138e-02   1.0859332e-01  -4.1528188e-02   3.1352709e-01   2.0291600e-01   2.1734227e-02  -3.4697366e-02  -1.8443829e-01   8.0689527e-02   1.1131647e-01   2.0910519e-01  -2.8461959e-01   2.0372233e-01   2.4706689e-01  -6.9232556e-03   3.4026469e-01   1.4719135e-01   1.2843507e-01   4.0017143e-01  -6.6303267e-02  -1.1605081e-01   2.3491699e-01   1.3206054e-01   3.1119217e-01  -1.6351561e-01   1.4516111e-01   3.3102581e-04  -2.6163496e-01  -1.0665841e-01   3.9591907e-01   1.2127591e-01  -4.3275242e-01   2.7056322e-01  -4.3944495e-02  -9.7710887e-02  -6.2704565e-02   1.4001718e-01   1.2540455e-01  -1.2635929e-01   1.9220128e-01  -1.9685910e-01   2.8650762e-01  -1.3574635e-01   1.8512603e-02   3.3331778e-01  -1.2423829e-01   2.6819932e-01   1.1250411e-01  -1.7181918e-02   4.2177074e-01  -1.0945299e-01  -2.8017050e-01  -3.4494266e-02  -1.7625191e-01   2.3963900e-01  -8.5232840e-02   1.0944105e-01   2.5704692e-01  -9.3016462e-03   2.4700476e-02   2.3632064e-01   2.2895870e-01  -1.1533243e-01   2.3620422e-01  -3.6821067e-01  -3.0286839e-01   4.0666437e-01   2.6911445e-02   2.8766925e-01  -2.2398816e-01   1.6100177e-01  -2.2220237e-01   4.0838541e-01   2.0316381e-01  -3.3142789e-02  -1.8155337e-01  -9.3858524e-02   1.6379069e-01   2.0006638e-01  -1.8100145e-02  -1.3704877e-01   3.4729730e-02   1.7708823e-01   1.5159678e-01   2.6997199e-02   3.8101799e-02   4.3479911e-02   2.7263173e-01  -3.1028988e-01  -1.4775033e-01  -6.9275129e-03  -2.3666555e-01  -1.1152862e-01   1.5885113e-02   1.2880521e-01  -4.5314499e-02  -1.1966484e-01   7.5634939e-02   4.3151141e-01   2.6788308e-01  -1.8832334e-02  -4.0395196e-01  -2.6233541e-01  -1.9701773e-01   2.7841929e-01   2.5463059e-01  -5.2752793e-02  -2.6841959e-01   1.0391806e-01  -1.6711168e-01  -2.6573613e-01   2.8109234e-01  -7.7536730e-02   3.6333518e-01   1.2082454e-02   1.2451092e-01   1.0300720e-01   1.2117934e-01  -2.6460826e-01  -1.2726686e-01   1.8743872e-01   4.8237365e-01  -2.2580794e-01   2.8500656e-01   2.3273316e-02   1.6732591e-03   1.9783942e-01   2.7718186e-02
  -9.5950762e-03  -1.9634963e-02   0.0000000e+00   4.2770525e-02  -1.4872095e-02   5.1584508e-01   2.1902189e-01  -1.7341616e-02  -7.2161492e-03   3.9879986e-01  -9.9912134e-02   4.7384963e-01  -1.0611010e-01   1.1948483e-01   3.0812561e-01   5.6328741e-02   6.2890281e-01  -5.5066983e-02   3.4131294e-03   2.5194734e-01  -3.1543428e-01   7.7176554e-02  -1.2082612e-01  -1.3862329e-01   6.2186588e-02   5.2491311e-02   2.6103504e-01  -1.1451491e-01  -1.2613059e-01  -3.2354427e-01  -8.2570047e-02  -1.5045037e-01  -2.5923450e-02   4.8704822e-01   2.3934639e-01   1.3840412e-01   1.2552137e-01  -2.1962036e-01  -1.0489473e-01   2.2201722e-01  -1.1503299e-01  -2.5982786e-01   3.0468345e-01   2.2308625e-01  -1.4482346e-02  -3.9576828e-02   1.4575231e-01  -1.5058669e-01  -2.0119236e-01   2.9444532e-01   1.1006689e-02  -1.3459254e-01   1.6777910e-01   3.5474029e-01   2.3608898e-01   2.6678599e-01   4.7101809e-01  -5.4730417e-02  -3.4955964e-02   1.6761484e-01   2.3347177e-01   1.3263052e-01   3.4554470e-01   4.7081794e-02  -7.0743547e-02   2.5552857e-01   3.9369942e-01   1.5174534e-01   1.0478176e-01   3.8879159e-01  -1.7720881e-01   1.6542416e-01  -5.7563606e-02   3.9537977e-01  -7.3298000e-02  -9.1653480e-03   1.1930797e-02   3.2647348e-02  -2.6082214e-02   2.1252482e-03   1.2016597e-01  -4.3654065e-02   5.5854737e-02   7.7939681e-02   3.0044497e-01   5.2273577e-02  -2.6430465e-01  -2.4069453e-02   1.2855403e-01  -1.4117306e-01  -6.9468224e-02   2.6623424e-01   5.4013697e-01   8.0350912e-02  -1.4381865e-01   7.6599771e-03   1.2286906e-01  -2.0171529e-01   1.9568206e-01  -5.6403139e-02  -1.2958369e-01   8.9452167e-02   6.9896886e-02   6.6350880e-02  -2.0314160e-01  -6.8307926e-02   3.7246588e-01   7.6320620e-02  -9.4320308e-02   1.1438343e-01   4.5769555e-01   1.9749583e-02   1.9753613e-01   7.3340455e-02   1.5368809e-02   3.8544651e-02  -9.1152378e-02   2.9593341e-02   3.1794691e-01   9.0249781e-02  -1.6535419e-01   2.6081711e-02   3.2288763e-01  -7.0300785e-02  -7.3434335e-02   2.6777743e-01  -8.1759184e-02  -2.2558067e-02  -1.3718650e-01   3.0208441e-01  -1.3524302e-01   2.4639795e-01   1.8489321e-01  -1.2712444e-01   1.1025966e-01   4.3639099e-02   8.4011200e-02  -1.2703009e-01  -1.0119577e-01  -6.6799455e-02   1.8925199e-02  -2.8247181e-01  -5.9570943e-02   4.6232849e-01  -3.4849567e-02  -1.4826423e-01   1.4085772e-01  -1.4710053e-01   1.6010211e-01  -1.6970641e-01   3.1185455e-01   4.4190448e-02  -4.1390302e-02  -1.0156398e-01   3.3806099e-01  -2.0745806e-01  -4.3978580e-02  -1.3225720e-01   2.0773204e-01  -1.1344043e-01   9.1906411e-02  -1.3423716e-01   1.9081633e-01   1.5167608e-03   1.2519139e-02   1.4768542e-01   4.0411031e-01   1.1607585e-01   4.7152761e-02   3.5470240e-01   7.8925429e-02  -9.3753419e-02  -6.2441826e-02   3.6448377e-01   5.6326347e-02   6.3040095e-02  -9.4566206e-03
   2.2864192e-02   6.0917378e-02   4.2770525e-02   0.0000000e+00  -7.9036339e-02   3.0616789e-01  -1.1290605e-01   2.4434679e-01  -1.1812623e-01  -2.0357383e-01  -1.1934434e-01  -6.8608563e-02  -1.1004228e-01   2.6339969e-01   4.5771784e-03   1.5162944e-01   3.8316010e-02   1.6113430e-01   2.0849856e-01   5.9337454e-02  -1.2160429e-01   5.5152506e-01  -1.6136575e-01  -2.6502444e-01   7.7670115e-02   2.6316424e-01  -7.3848350e-02  -7.0246766e-02  -7.1825430e-03   1.8003470e-01  -3.1067925e-01   1.9846010e-01   3.1681672e-01   9.9235952e-03   1.6866732e-01  -1.7304245e-01  -2.0977536e-01  -1.3729241e-01   1.5541273e-01  -4.4110769e-02  -9.8750961e-02   3.8882595e-02   5.9195414e-02   3.9026364e-01  -1.1084941e-01  -1.6785569e-01   7.7584026e-02  -3.4888013e-01   4.7732226e-03  -1.3900687e-01   1.8083373e-01   1.3407574e-01  -1.3721384e-01   1.8073349e-01   1.7225220e-01   1.9912710e-01   2.4402176e-01   4.2718483e-01   4.9762609e-01   1.5719049e-01  -2.9949389e-01  -1.3820159e-01  -2.5219131e-02  -2.3291002e-01  -2.0103370e-01   1.0153063e-03   4.4413125e-01  -5.9037412e-02   4.3911362e-01  -2.7504956e-01  -3.7348373e-01   4.4281109e-01  -1.9638216e-01   3.4249943e-02  -5.8795138e-02   1.4529508e-01  -2.3802539e-01   2.2103124e-01  -1.0559786e-01   3.0893992e-01   1.2076320e-01  -9.3252232e-02  -1.4031861e-01   2.8012822e-01  -1.6063394e-01   2.1893083e-01  -3.0451359e-01  -1.4205746e-01  -6.4881727e-02  -2.5785552e-01  -7.5596612e-02  -8.6806611e-02   1.3586691e-01   4.6331842e-01  -2.1036873e-01  -1.9983566e-01   1.5701390e-01   2.7192596e-01  -4.1865946e-02  -5.4042254e-02  -1.7998491e-01   1.3317147e-01   4.4469896e-01   1.7937891e-01   3.6422240e-01   4.5877456e-01   3.7984522e-02   3.6382213e-01  -1.6298246e-01   3.1131676e-01  -1.7495608e-01   5.2988048e-01   3.5217759e-01  -1.8128325e-01  -2.2836153e-01  -3.3928255e-01   2.4642724e-01  -6.6869242e-02  -1.6216739e-01   6.1179630e-01  -8.5824620e-02  -1.0956194e-01   3.8941183e-02   2.2522449e-03  -3.7272293e-02   3.3402568e-01   1.0290616e-01  -1.6132152e-03   4.4567023e-01  -3.1717576e-01  -1.5026752e-01  -2.6730366e-01   1.0562022e-01  -1.3769430e-01   4.9574127e-01   9.1268897e-02   1.0154484e-01  -2.4062993e-01   2.0314977e-01  -5.7544044e-02  -4.5570399e-02   1.0583366e-01   2.4247037e-01  -2.9971447e-01   7.6422617e-02   1.9305977e-01  -3.8789477e-01  -5.7105848e-02   1.7691727e-01  -2.8273377e-01  -1.6979480e-01   1.8399589e-01  -9.7309550e-02  -1.8427133e-01  -3.2721434e-01  -1.7703004e-01  -9.3439175e-02   2.0272522e-01  -1.6403735e-01   2.2070934e-01  -2.4161619e-02   1.2565178e-01   3.1123773e-02   3.1571815e-01   4.0870047e-01  -1.6479475e-01  -5.5439019e-02   1.0552146e-01  -2.5926555e-02  -8.7039570e-02  -1.2454069e-01  -2.4474913e-01  -5.8395466e-02   5.3463691e-02  -1.0540029e-01   2.5484426e-01   4.9765155e-01
  -3.7555893e-01   5.4293278e-01  -1.4872095e-02  -7.9036339e-02   0.0000000e+00   2.5165530e-01   1.9456296e-01  -1.8809721e-01   3.9270567e-01   3.4764281e-01   9.3827172e-02   4.0929594e-01   2.4037736e-01  -4.3834264e-01  -1.1797875e-01   1.4544589e-01   1.2196238e-01   1.0937324e-01  -3.1593640e-02   7.4489845e-01   1.5060513e-02  -2.5317671e-01  -6.6311799e-02  -6.5351939e-02  -2.4411565e-02  -1.6741355e-01   6.1655432e-01  -5.8482845e-01   2.6416765e-01  -2.1038300e-02  -3.7853865e-02  -1.6491922e-01   1.4186172e-01   1.3224005e-01   1.7474526e-01   6.1920595e-01   2.1072697e-01   2.3203893e-02   1.3789378e-01   4.1192374e-01   3.7529715e-01   1.8293665e-01   2.9586147e-01  -2.4476915e-01   2.9959998e-01  -1.6551098e-01   4.7146976e-01   1.1279828e-01  -1.7154804e-01   4.7125235e-02   1.6203676e-01  -1.0411470e-01   4.0112450e-01   7.2800556e-02  -8.8776503e-02   9.1137320e-04  -1.3180169e-01  -1.2140629e-01   5.1626412e-03   1.5468714e-01  -2.0632347e-01   2.7053820e-01   2.3136640e-01   1.2769606e-01   1.7023796e-01   2.2582886e-01   2.1545446e-01   3.0891481e-01  -4.1791669e-02   1.8636495e-01   1.6457365e-01   3.7196202e-02   2.9809310e-01  -1.5770583e-01  -2.7950507e-02   6.8040234e-03  -1.0965388e-01  -1.3180746e-01   6.7588451e-01   3.6407157e-02  -4.5092358e-01   9.1459870e-02  -1.5571702e-01  -2.2057046e-01  -1.4028116e-01   4.0882953e-02  -2.3201543e-02  -2.4176029e-01   5.7536735e-02  -1.6627500e-01   2.6646153e-01  -1.8787463e-01   1.7548724e-01   8.8752896e-02   1.0706466e-02   5.7334955e-01   2.2245831e-01   1.0519348e-01   4.6724321e-01  -2.0837173e-01  -3.0851322e-01   2.7318145e-04  -2.2407392e-01   1.1316377e-02  -2.0157819e-01  -4.6898492e-02   2.5752890e-01  -7.8599351e-02  -7.4787736e-02   2.0384216e-01   3.7156793e-01  -3.0885644e-01  -1.9745752e-02  -1.8662075e-01  -2.6640010e-01   5.0475991e-01  -7.2664516e-02   2.7191629e-01  -1.8703064e-01   5.3484837e-02  -2.0071482e-01   5.2324673e-01   2.4277803e-01  -9.9343398e-02  -2.3933052e-01  -2.0035815e-01   7.2988446e-02   5.4912288e-02  -1.6748049e-01   2.2479190e-01   1.2905391e-01   2.6435985e-01   1.2601118e-01  -2.4059743e-01   8.8554357e-03   7.9562759e-02   1.5212922e-01  -3.1441221e-01  -9.9339102e-02   7.0773096e-02  -1.7320974e-01   8.7801199e-03  -1.3086992e-01   3.9615030e-01  -2.4138263e-01  -3.5411279e-01   1.0223873e-01   3.9401279e-01   2.1837182e-01  -1.4161394e-02  -1.9905378e-01  -3.6903854e-01  -3.1720789e-01   3.2836782e-01   5.1360222e-01   1.4137127e-01  -2.5183053e-01  -1.1303696e-02  -1.5012091e-01  -4.5520532e-01   1.5751517e-01  -4.8558945e-02   4.4972566e-01  -7.4545822e-02  -9.4374030e-02   1.1712977e-01   2.2377918e-01  -9.9838539e-02  -2.5897323e-01   4.2499098e-01   4.6751014e-01  -9.9629530e-02   3.0786627e-01   2.1562391e-01  -8.0599279e-02  -4.3907909e-02  -6.6578948e-02
   8.0033446e-02   6.1532739e-02   5.1584508e-01   3.0616789e-01   2.5165530e-01   0.0000000e+00   5.5034913e-02   1.6300028e-01  -2.0266688e-01   2.8215173e-01   1.4356912e-01   3.4830741e-01  -4.4288188e-02   3.3836505e-02   9.5486547e-02   2.5957819e-01   2.8422005e-01   4.9811060e-02   2.9905785e-01   5.2498936e-01  -2.7700390e-01   3.5126140e-01  -2.7271255e-01   4.2975751e-02   3.8441601e-02   1.1679032e-01   3.5732753e-01  -2.5035516e-01   1.5440697e-01   9.6306762e-02  -3.4723897e-01  -1.1975182e-01   1.7341941e-01   2.8105666e-01   1.1902414e-01   2.2498704e-01  -1.5443811e-01   1.2107355e-02   1.7534658e-01   7.7961423e-02   1.0190585e-01  -1.8110815e-01   1.5201286e-01   3.9172227e-01  -4.1317712e-02   1.4646268e-01   5.2251533e-01  -3.7940642e-01  -3.5900273e-01  -1.1556207e-01   8.5988532e-02   9.4610971e-02   7.7062231e-02   1.5956350e-01   9.8070619e-02   4.7473924e-01   4.7200107e-01   1.6356205e-01   2.2645369e-01   4.0407084e-01   1.5916302e-01   8.5782555e-03   7.1486472e-02   1.5660610e-01  -4.2943455e-01   1.4833541e-01   8.0569581e-01   1.5798100e-01   5.6645272e-01   3.9751949e-01  -4.8389731e-01   2.5198875e-01  -1.5007538e-02   3.8773848e-01  -2.1213384e-01   2.4570154e-01   1.0917384e-01   3.8739815e-01  -3.8552020e-02  -2.9569227e-02   9.4819018e-02  -1.2478963e-01  -3.9151583e-01   2.7905026e-01   5.6655399e-02   1.2440027e-01  -5.4184269e-01  -9.9725253e-02  -1.7792815e-01  -2.1492319e-02  -2.3437962e-01   1.9877189e-01   5.4117101e-01   2.6121142e-01   3.3979340e-02  -8.9806647e-02   3.5105870e-01   1.1659427e-01   2.5016966e-01  -3.5554498e-01  -3.3757440e-01   4.0000832e-01   3.4881198e-01   7.5495573e-02   7.5183906e-02   1.8231476e-01   9.7023206e-02   2.6987818e-01  -3.1120079e-01   3.0153733e-01   2.7381357e-01   2.7291858e-01   1.2585072e-01   1.3153911e-01  -2.8312480e-01  -4.4155391e-02   8.2858620e-02  -3.2982784e-02   6.7299141e-02   2.9222505e-01   1.3195158e-03  -3.1817767e-02   4.1402311e-01  -1.4105192e-01   1.1589285e-01   4.5690953e-01   1.1505384e-01  -2.2245817e-01   5.7166078e-02   2.7624967e-01   5.5239793e-02   4.0858520e-02   3.2223781e-01  -5.2912815e-01   1.9134085e-01   2.1726836e-01  -1.3542588e-01  -3.9322194e-01   1.0137842e-01   1.1409496e-01   8.8336321e-02  -1.1884287e-01   9.9578778e-02   1.3590957e-01  -2.0571431e-01  -8.6769998e-02  -3.3922460e-01   2.5801951e-02   4.3552805e-01  -4.6808169e-01   2.1398056e-01   1.3702176e-01   3.5376746e-03  -2.0431925e-01   5.8125522e-02  -2.5022968e-02   4.3616744e-02   6.1743969e-02   8.7765511e-02   5.4464073e-02   5.7921357e-02   2.0900535e-01   2.2222877e-01   2.6040428e-01   1.7871213e-01  -1.1846032e-01   2.4433212e-01   3.5746806e-01   4.2816731e-03   1.5711114e-01   1.1005604e-01   8.5344385e-02   8.1534859e-02   4.7171850e-01  -5.4591348e-02  -1.1692603e-01   2.9477748e-01
  -1.2219252e-01   1.3238750e-01   2.1902189e-01  -1.1290605e-01   1.9456296e-01   5.5034913e-02   0.0000000e+00  -4.8886520e-01   2.8273142e-01   1.9706557e-01   1.2321723e-01   5.0712383e-01  -1.1615217e-01  -1.7768662e-01   4.6142334e-01  -7.9131573e-02   1.3266973e-01   2.6266562e-01  -1.9336207e-01   1.3993891e-01   2.0508316e-02  -3.6456849e-01   1.1913275e-01  -6.7617054e-02   1.9603180e-01  -1.9910991e-01   3.6239121e-01  -1.6351501e-02  -7.4825360e-02  -7.1417161e-03   3.6128205e-01  -2.3370785e-01  -1.8739614e-01   5.4991750e-01   3.4389330e-01   2.0542956e-01   1.1899550e-01  -3.2131662e-02  -2.6061447e-01   4.7377382e-01  -3.2940578e-02   2.9106924e-02   2.7943438e-01  -3.8294347e-01   3.7265137e-01  -1.2470309e-01   2.0862751e-02   4.0478177e-01   9.5952469e-02   4.7532212e-01   1.4889437e-01  -4.8412853e-01   2.2765383e-01   3.5760887e-01   1.3886884e-01  -3.6431539e-02  -7.3139875e-02  -3.1554585e-01  -1.3694183e-01   1.4215676e-01  -1.6687223e-02   3.1835344e-01   3.3194891e-01   6.3792347e-02   2.5587455e-01   3.0767876e-01   3.7395332e-02   2.4146650e-01  -2.7932083e-01   2.2222534e-01   2.9166116e-01   4.9745377e-02   2.8152540e-02   5.9980421e-02   1.8763197e-01  -1.7144314e-01  -3.2710155e-02  -3.5972172e-01   2.4869073e-01   8.1784747e-02   1.6041267e-01   2.4691237e-01   1.1265451e-01  -4.8152620e-01   1.4266520e-01  -1.4817831e-02   1.3361364e-01   6.9348265e-03   3.7112315e-02  -2.9285057e-02   5.8529271e-02  -1.1487614e-01   1.6849659e-01   5.7993655e-02  -6.0842947e-02   1.9801452e-01   1.4373619e-01  -1.1194315e-01   2.4311572e-01   3.9946165e-01   3.3415569e-02  -8.3845688e-02  -1.2492209e-01   8.2726563e-02  -6.6335537e-02  -3.4205802e-01   2.4040367e-01  -4.1950833e-01   3.1495378e-01  -6.1883561e-02   3.6768960e-01  -1.8681172e-01   2.2133530e-02  -8.4649594e-02   3.0304665e-01   3.7518634e-01  -2.5984247e-01  -5.5403863e-02   1.1111118e-01  -1.0526727e-01   2.0479719e-02   2.6452511e-01   3.3859619e-02   1.8784952e-02  -1.1339264e-01  -2.0701268e-01   2.0081130e-01   1.0187780e-01  -4.1490699e-01   5.9059833e-02  -7.7629720e-02   6.5373786e-01  -2.3425499e-01   1.5786057e-01  -7.9304613e-02  -1.1228441e-01   2.8482533e-01   2.3175387e-01  -4.1460915e-01  -8.2231287e-02  -2.0575543e-01  -2.0022044e-01  -1.5813549e-01   3.9283553e-01   2.1641934e-01  -1.3766798e-01   4.4235762e-01   3.6018160e-02   1.1381942e-01   3.0114293e-01  -1.3881860e-02  -1.1453532e-01  -4.7298970e-02   2.5841226e-01   3.2065468e-01   1.0824178e-01   5.0575923e-02   2.5765114e-02   5.3308310e-02  -1.7385338e-01   5.5555017e-02  -2.8095330e-01   8.3504329e-02   9.5134031e-02  -3.2438542e-01   4.2661281e-01   2.8046256e-01  -2.0941014e-01   2.1439472e-01   2.2942048e-01   3.2179873e-01  -2.3983098e-02   1.4043407e-02  -1.3655016e-01  -3.1675923e-02   5.1704317e-02  -4.4200936e-01
  -6.4945958e-02  -1.7867986e-01  -1.7341616e-02   2.4434679e-01  -1.8809721e-01   1.6300028e-01  -4.8886520e-01   0.0000000e+00  -3.0520407e-01  -2.1228909e-01  -1.5447105e-01  -2.0318524e-01   3.0126270e-02   7.4252247e-02  -3.5896999e-01   1.7561008e-01  -2.3720968e-01  -5.8730097e-02   1.8378748e-01  -9.8689574e-02  -1.9925350e-01   5.7778359e-01  -1.6752355e-01  -1.4813633e-01  -3.0333695e-01   4.7642422e-01  -1.4985570e-01   5.2363997e-02   7.4031049e-02  -6.1840797e-04  -4.2736328e-01   2.4193052e-01   5.4755112e-02  -3.5766770e-01  -2.6335567e-01  -2.2220353e-01  -2.1658675e-01  -9.9865426e-02   2.5417133e-01  -3.8045704e-01   1.8648550e-02  -1.4729096e-01  -1.7545908e-01   5.9058486e-01  -2.8474354e-01   5.7957617e-02  -3.7871383e-02  -5.1792515e-01  -3.5974510e-01  -3.7442985e-01  -2.6087219e-01   8.7878818e-01  -2.7748546e-01  -4.1266259e-01  -2.1655147e-01   2.8127897e-01   3.6250009e-01   6.1689643e-01   3.6993547e-01   9.8829675e-02  -9.7114490e-02  -3.3708967e-01  -2.3314960e-01  -7.1242199e-03  -3.3847771e-01  -1.6234176e-01   2.8289966e-01  -2.5290260e-01   5.2530734e-01  -1.0542845e-01  -4.3186035e-01  -8.9811381e-02  -2.5639341e-01   1.1083783e-01  -3.6110578e-01   3.0621020e-01  -7.9155528e-02   5.1087991e-01  -3.1713763e-01  -7.8241495e-02   2.0103750e-01  -4.8389517e-01  -2.6934894e-01   7.9003888e-01  -2.6989404e-01   2.6162240e-01  -4.3104579e-01  -1.2873850e-01  -3.0786650e-01  -2.6957247e-01  -3.6488284e-01  -9.1808424e-03   7.7566167e-02   4.5563653e-02  -9.8403340e-02  -3.4348186e-01  -8.9598626e-02   2.7431649e-01  -3.8084459e-01  -4.4314937e-01  -1.8235517e-01   4.2807520e-01   4.6528032e-01  -1.3518715e-01   1.5227330e-01   5.5585806e-01  -2.2785352e-01   6.4278560e-01  -4.2997950e-01   2.9435134e-01  -2.6964324e-01   4.7120674e-01  -2.0473397e-02  -3.5706271e-02  -3.3075310e-01  -3.6777228e-01   5.5417585e-01  -1.9029448e-01  -2.5554231e-02   2.2842291e-01  -1.2695684e-01  -4.1434154e-01   2.0006025e-03  -1.8551343e-01  -1.2092608e-01   3.8157043e-01  -8.0967220e-02  -3.6474907e-01   3.9516162e-01  -8.2348404e-02   6.4512724e-02  -5.4058233e-01   1.4587776e-01  -2.8211766e-01   1.8444825e-01   4.0592544e-01  -3.9423940e-01  -3.0483838e-01   6.1283356e-01  -2.1402352e-01   1.8097145e-03   1.6756439e-01   2.2242346e-01  -3.2050860e-01  -1.6942307e-01  -5.7870652e-02  -4.6085750e-01   8.6911448e-03   8.6262132e-02  -3.8880333e-01  -6.1835324e-02   4.6599313e-01  -8.5973144e-02  -3.1237070e-01  -3.3767360e-01  -2.6358334e-01  -1.2231097e-01   1.2687429e-01  -1.2310676e-01   5.0499222e-01  -2.1443069e-01   2.3500615e-01   5.5674575e-02   4.9796025e-02   6.1729058e-01  -3.6290053e-01  -1.9034018e-01   4.3768682e-01  -7.6558706e-02  -1.1188598e-01  -2.7734062e-01  -7.6989111e-02  -1.8390915e-01   1.8000603e-01  -1.0816539e-01  -1.9173961e-01   7.4061895e-01
  -9.1426219e-02   3.1460109e-01  -7.2161492e-03  -1.1812623e-01   3.9270567e-01  -2.0266688e-01   2.8273142e-01  -3.0520407e-01   0.0000000e+00   9.9504632e-02   3.8851747e-02   3.2311370e-01   1.4144009e-01  -5.3639463e-01   3.0339906e-02  -1.3717459e-01   1.9310178e-01  -7.5631971e-02   1.1090672e-02   8.8846980e-02  -1.2187177e-01  -4.0465259e-01  -7.2120725e-02  -1.9080695e-01  -6.7223623e-02  -1.2622230e-01   3.1102014e-01  -3.1878835e-01  -7.0150476e-02  -2.3650774e-01   1.8558808e-01  -2.0866048e-02  -5.8062541e-02   6.8186316e-02   2.3267271e-01   3.5854019e-01   2.9107334e-01  -8.5515972e-02  -1.3018304e-01   3.1461992e-01   2.4722286e-01   1.2236900e-01   3.4109432e-01  -4.1287184e-01   5.3870486e-02  -1.7849358e-01  -3.5739515e-02   3.3878756e-01  -1.2128409e-01   2.7911379e-01   7.5692358e-02  -2.1198028e-01   2.8394959e-01   1.1679817e-01  -1.0632720e-01  -2.7935806e-01  -1.9256844e-01  -1.6775016e-01  -1.8569107e-01  -1.2721651e-01  -1.0400121e-01   1.7233896e-01   4.4591180e-01   5.5563082e-02   5.3121874e-01  -5.4697484e-02  -2.3653342e-01   3.1208803e-01  -4.0543448e-01  -4.1636223e-02   4.8018970e-01  -8.2787523e-02   2.5616331e-01  -2.5528575e-01   2.2249498e-01  -1.5905303e-01  -4.8424051e-02  -3.4401680e-01   5.3564595e-01   1.4647354e-01  -4.6819788e-01   1.1644314e-01   3.1214482e-01  -4.4716913e-01  -8.4748551e-02   1.4022946e-01   4.8483125e-01  -2.5633655e-01   3.5009897e-01  -1.5139129e-01   3.5793390e-01  -5.0035009e-02  -1.0817934e-01   2.0965499e-01  -5.0956666e-02   5.2506683e-01   3.7772718e-02  -7.7848752e-03   1.1446251e-01  -4.7862740e-02  -8.8941666e-02  -3.3698020e-01  -6.0065016e-01   1.4922819e-01  -4.7322396e-01  -9.3118540e-02   1.5884727e-01  -1.7785969e-01   1.0644624e-01  -1.6686908e-01   2.8954922e-01  -4.9159836e-01   3.5859285e-02  -2.1899736e-01  -2.5888009e-02   4.9993537e-01  -1.7633082e-01   2.1334262e-01  -2.3915758e-01  -9.8641998e-02  -1.8837964e-01   3.7041727e-01   2.4590937e-02  -2.5740376e-01  -2.0752061e-01  -5.1537552e-01  -2.2918509e-01   1.8963837e-01  -1.4694612e-01   1.0479714e-01  -1.4458907e-02   3.3959227e-01   3.8120208e-04  -1.9769974e-02   1.8045451e-01   3.7322647e-02   3.1819610e-01  -6.3711267e-02  -5.4253764e-02  -1.4436937e-01  -1.6907043e-01   1.4981242e-02  -1.5322691e-01   4.2120092e-01  -2.2270702e-01  -3.8078036e-01   4.7352271e-01   1.5029326e-01  -2.5283259e-01   1.1493803e-01  -3.2282433e-01  -4.7967508e-01  -1.8619330e-01   4.6549617e-01   5.7080167e-01  -5.5899105e-02  -1.9571272e-01  -1.6095474e-01   6.4271041e-02  -4.5939818e-01   2.4923216e-01  -1.4596091e-01   2.1526199e-01  -1.1971137e-01  -1.3666742e-01   4.6461137e-01   1.1778621e-01  -3.4560526e-01  -1.0669139e-01   4.3690785e-01   1.5260496e-01  -6.3347687e-02   1.7016108e-02  -2.9924679e-02   5.3145803e-02   1.5475345e-01  -2.2574809e-01
  -2.1205255e-01   2.6359386e-01   3.9879986e-01  -2.0357383e-01   3.4764281e-01   2.8215173e-01   1.9706557e-01  -2.1228909e-01   9.9504632e-02   0.0000000e+00   1.6351685e-01   4.8360700e-01   3.8209886e-02  -1.7389873e-01   1.9921651e-01   1.0350295e-02   2.8740802e-01  -6.1246740e-02  -1.0774694e-01   4.7446455e-01  -9.2928154e-03  -2.1263198e-01   2.8458329e-01   4.7056308e-02   2.1669854e-02  -1.6162863e-01   4.9045260e-01  -4.4657419e-01   1.1644634e-01  -1.9331625e-01   9.2170650e-02  -1.0469498e-01   1.1005388e-01   5.2121041e-01   2.4678839e-01   4.7295648e-01   2.8574139e-01  -1.0417896e-01  -1.1419155e-01   3.7080742e-01   9.9014626e-02  -1.1925692e-01   2.3739581e-01  -1.7841979e-01   1.9877943e-01  -1.0462954e-01   3.4941663e-01   1.9254671e-01  -9.4388642e-02   1.5254643e-01   2.4495400e-01  -1.5994135e-01   3.3809987e-01   7.1999286e-02   1.0019544e-01   4.6515658e-02  -9.0425180e-02  -1.4304458e-01  -1.0537643e-01   1.2052280e-01  -7.7288215e-03   2.4133663e-01   3.1123369e-01   1.4660487e-01   8.6971246e-02   4.1882938e-01   1.5403334e-01   3.4673273e-01  -1.0197465e-01   5.0576371e-01   9.3620609e-02   4.4393620e-02   7.9732960e-02   3.5858116e-02  -5.8220463e-02   7.1690558e-02  -1.6523991e-01  -1.7939710e-01   2.2910061e-01  -1.8472152e-01  -2.3027780e-01   6.3155805e-02  -6.0112915e-02  -1.7960753e-01   8.8474225e-02   8.9199373e-02  -5.1617807e-02  -1.4471604e-01   9.0395995e-02  -1.3651256e-01   2.2891438e-02  -6.2746635e-03   5.1413393e-01   7.9238285e-02  -9.7610820e-02   2.5400495e-01   1.7177432e-01  -1.8095294e-01   3.1739533e-01   4.8167555e-02  -2.2358885e-01   2.4808630e-02  -1.6849416e-01  -1.1369338e-01  -1.8903616e-01  -1.5899170e-01   2.2645238e-01  -8.1455995e-02   1.7357082e-01   1.1522199e-01   4.9532737e-01  -2.6264448e-01   1.0276713e-01   1.0992553e-02  -1.7508595e-02   2.7116109e-01  -1.4940458e-01   1.5853076e-01  -4.3516253e-02  -1.2648122e-03  -2.7548434e-01   3.2178936e-01   3.6581080e-01  -5.4185832e-02  -4.7277378e-02   6.9044074e-02   1.8295229e-01  -5.2185816e-02  -1.8142447e-01   3.3722313e-01  -4.1486861e-02   3.5117128e-01  -1.6911129e-02   4.3976506e-03  -8.6703584e-02   6.1933609e-02   1.1555461e-01  -1.4126393e-01  -7.1470052e-02   3.3000977e-02  -1.7762849e-01  -1.8157397e-01  -3.0187336e-01   5.2832410e-01   3.3873159e-02  -2.1703273e-01   2.3973682e-01   2.4326505e-01   3.1628766e-01   1.2381218e-01   4.3992970e-02  -2.0808718e-01  -1.8912711e-01   2.1557274e-01   4.6695591e-01   3.6412613e-03  -2.0702619e-01  -8.1393142e-02  -8.0549427e-02  -2.5202042e-01   2.7052802e-01  -1.0282076e-01   5.8938604e-01  -1.1953446e-01  -1.4344373e-01   9.7091966e-02   2.4595931e-01  -1.3734547e-01  -1.8112417e-01   3.4554685e-01   4.0744394e-01  -1.9618860e-01   1.0422410e-01   1.3534756e-01   1.2562470e-01  -1.7936293e-02  -1.1132325e-01
   2.4714226e-01   7.6041289e-02  -9.9912134e-02  -1.1934434e-01   9.3827172e-02   1.4356912e-01   1.2321723e-01  -1.5447105e-01   3.8851747e-02   1.6351685e-01   0.0000000e+00   8.3186071e-02  -8.5837588e-03  -2.7591449e-01   3.1015260e-01   1.8445048e-01   7.1705699e-02   3.5160459e-01   2.9705999e-01   1.0276317e-01   2.8520523e-01  -8.6938147e-02   3.1821332e-01   5.8001445e-02   1.5122793e-02  -1.9731114e-01   1.3807367e-01   9.0616233e-02   1.6041384e-01   3.6609645e-01   2.6617108e-01   1.1396568e-01   1.4117929e-01  -4.1442916e-02   2.0340783e-01   6.7427958e-02  -2.5782562e-01   2.4683043e-01   3.0973302e-01   1.9057655e-01   2.6057258e-02   1.6423236e-01  -8.2667894e-02  -1.4242482e-01   5.0761271e-02   2.0052531e-01   4.1807843e-01   1.4731569e-01  -8.8495563e-02  -9.5095545e-02   9.8079076e-02  -9.7969815e-02  -1.3381447e-01   3.0303166e-02  -1.7697129e-01   6.1465971e-03  -1.9253328e-01   1.4227241e-01   2.5587270e-01   3.7811654e-01   1.9058595e-01  -2.0409067e-01  -1.2240834e-01   3.3144297e-01  -8.9244800e-02  -3.0825548e-01   4.3090839e-02   4.0291882e-02   1.6253708e-01   2.4664000e-01  -1.4787573e-03   5.5100519e-02   2.3528892e-01  -6.2538064e-02  -7.6742063e-03   2.2846701e-01   3.2676722e-01  -1.1097065e-03  -1.0244422e-01  -7.8609420e-02  -1.2335541e-01  -4.0157071e-02  -1.2338009e-01  -2.4553297e-01  -2.7678280e-01   2.0723402e-01   1.3337919e-01   1.2046414e-01   4.4945925e-02   1.6974613e-01  -1.7883342e-01   3.0492839e-01   2.9299164e-02   2.1335233e-01   1.7320544e-01   2.2823692e-01   6.0779948e-02   5.1851837e-02   5.0301248e-03  -2.3017207e-02  -1.9962489e-01   2.2337119e-01  -5.7595701e-02   2.8868220e-01   2.1571958e-01   7.6222294e-02  -1.1486257e-01   1.1028142e-01  -5.7242949e-02   1.6243756e-01  -6.7383352e-02   2.8775516e-02  -1.5296018e-01   9.1913241e-02   6.7466630e-03  -3.8448812e-02  -5.5694071e-02  -6.8300855e-02  -1.0354547e-01   1.3024793e-02   1.7103183e-01  -1.1385022e-01  -1.9899570e-02   6.0096920e-02   7.5425968e-02  -2.3699775e-02   3.2599039e-01   9.3450091e-03   2.2086515e-01   1.4922851e-01   3.2526087e-01   1.9508046e-01  -8.2263262e-02   9.5034846e-03  -3.4121865e-03   2.8319376e-01   1.1203184e-01   9.1636874e-02   1.6272708e-01   2.1780263e-01  -1.0246240e-01   1.5213898e-01   8.0795438e-02  -5.0942188e-02   1.4782249e-01   1.1838431e-01  -1.4232067e-01   4.6748847e-01   2.4882290e-01   7.8322214e-02  -7.9837170e-02  -1.7024120e-01   1.3633850e-01   1.3685299e-01  -8.6672086e-02   1.8105880e-01   1.4026640e-01   2.2260525e-01   1.3085004e-01   9.6492303e-03  -5.8653677e-02   5.1176297e-01   2.2414831e-01   2.5054668e-01   3.7365738e-02   1.1247515e-01  -1.5345462e-01  -1.7990875e-02   1.7201491e-01   1.2984211e-01   1.8199840e-02   1.7346928e-01   3.6364917e-01  -1.7900924e-01  -1.9444330e-01  -1.4674399e-01   1.9937450e-02
  -2.6715553e-01   4.0836902e-01   4.7384963e-01  -6.8608563e-02   4.0929594e-01   3.4830741e-01   5.0712383e-01  -2.0318524e-01   3.2311370e-01   4.8360700e-01   8.3186071e-02   0.0000000e+00  -4.3784813e-02  -4.2091482e-01   2.8053578e-01   1.4702084e-01   4.5624247e-01   1.3516899e-01  -2.4216431e-02   3.8764970e-01  -2.1620222e-01  -2.0584303e-01  -1.3534637e-02  -7.5629134e-02  -2.4786925e-02  -9.3167268e-02   4.4631634e-01  -4.9342324e-01   5.4971929e-02  -1.3023628e-01   1.5619915e-01  -1.2240583e-01  -4.8532811e-02   5.0209619e-01   3.8167471e-01   4.3733704e-01   1.3884848e-01   8.3511221e-03  -1.0762353e-01   3.2619610e-01   5.9326724e-02  -1.2131946e-01   5.7443693e-01  -1.4889361e-01   3.7257788e-01  -4.0357662e-02   1.8046574e-01   5.8485755e-02  -2.5429722e-01   2.8599679e-01   1.3576125e-01  -2.0678477e-01   2.9508279e-01   1.9009445e-01   2.0795310e-01   8.8012691e-03   8.6838793e-02  -7.7051476e-02  -3.8046758e-02   3.4769547e-01   1.9476161e-02   1.7224519e-01   6.2086113e-01   1.8225780e-01   2.2004934e-01   3.6282498e-01   2.6453580e-01   3.0951870e-01  -9.5180127e-02   3.3359896e-01  -1.0389568e-02   2.2290585e-01   1.7567312e-01   2.0584821e-01  -5.9225685e-03   1.4730288e-01  -1.0367231e-01  -1.2560448e-01   3.2650978e-01   1.8035642e-02  -2.1169145e-01   8.2677705e-02  -9.7309380e-02  -1.7880916e-01   1.5513703e-01   1.9632195e-01  -1.5078320e-01   4.1917131e-04   2.1404272e-01  -2.1109526e-01   8.1773205e-03  -5.9614336e-02   4.3720659e-01   1.8277548e-01  -3.8835454e-02   2.4830811e-01   3.9334785e-01  -7.4618827e-02   3.8650390e-01  -6.0090830e-02  -4.0479037e-01   2.4474264e-01  -1.7928392e-01   1.2137855e-01  -1.8199425e-01  -2.1988047e-01   3.5771969e-01  -1.0138268e-01   6.2912379e-02   6.3431978e-02   4.9085711e-01  -1.4475322e-01   1.6243353e-01  -1.2717093e-01  -2.1984563e-01   5.1056349e-01  -1.1638679e-01   3.8595409e-02   3.1722095e-02   6.7142897e-02  -1.4130708e-01   3.9364868e-01   4.5916267e-01  -1.8992209e-01  -3.4945279e-02   8.5657709e-02   2.7045741e-01   1.8605186e-01  -2.3347570e-01   2.6385316e-01   5.1519740e-04   5.3306803e-01   1.1489019e-01  -1.1584393e-01   1.7825548e-01   1.7363592e-01   1.5998761e-01  -3.0699634e-01  -1.2023362e-01  -2.3877813e-02  -3.0054568e-01  -1.8289487e-01  -2.8354778e-01   6.0499695e-01   1.2586538e-01  -3.3935976e-01   1.9446696e-01   2.1934690e-01   3.6636104e-01   7.1567228e-03  -1.2929349e-01  -2.7445798e-01  -1.5709250e-01   1.6993415e-01   5.3698899e-01  -6.6592720e-03  -3.8648951e-02  -6.2013080e-02   4.5525262e-02  -3.3194151e-01   2.1481588e-01  -1.4467027e-01   3.8800032e-01   1.5689174e-03  -1.3316834e-01   1.8024500e-01   3.7797757e-01  -2.8441471e-01   3.6911233e-02   3.4696936e-01   4.6784594e-01  -1.1175873e-01   2.1684608e-01   2.9715230e-01  -3.2737195e-02   1.8318939e-01  -1.2779437e-01
  -5.6059688e-02  -6.0000777e-02  -1.0611010e-01  -1.1004228e-01   2.4037736e-01  -4.4288188e-02  -1.1615217e-01   3.0126270e-02   1.4144009e-01   3.8209886e-02  -8.5837588e-03  -4.3784813e-02   0.0000000e+00  -1.6623509e-01  -5.0956134e-02  -1.7508958e-01  -5.3918278e-02   7.4569403e-03  -1.1982063e-01   2.9546596e-01   1.1108368e-02  -1.2557231e-01  -2.0321294e-01  -1.9827707e-01  -1.4569729e-01  -2.0518755e-01   9.3223154e-02  -2.8997511e-01  -2.7995111e-02  -1.4431787e-01  -1.3709213e-01  -1.8037552e-01  -1.6797154e-01   6.7455006e-02   2.4999177e-01   1.6978760e-01   4.3604876e-02   5.2913323e-02   1.7239480e-01   1.1843731e-01   6.8919664e-01  -3.0560586e-02   2.0951518e-01   8.3941657e-02   1.5153155e-01  -1.1124695e-01   1.5209473e-01  -4.7071856e-02  -9.5631863e-02  -2.1270632e-01  -9.4926074e-02  -9.7036188e-02   1.1794957e-01  -2.8213108e-01   4.8024946e-02  -1.2253183e-01  -4.1357359e-02  -1.6329535e-01  -7.4201076e-03  -1.3998606e-01  -4.5851633e-03   9.8373385e-02  -6.3608311e-03   1.7107601e-01   6.2368598e-02   8.9824249e-02  -2.1034079e-02  -2.2232482e-01  -5.2066884e-02   9.1072999e-02  -3.2174898e-02  -1.5782985e-01   2.8410708e-01  -2.0989496e-01  -3.1112576e-01   4.7247877e-02  -1.8252043e-02   6.3369152e-02   1.2465718e-01   9.5545235e-03  -1.4025979e-01   1.6986207e-01   1.1719386e-01   4.8432538e-02  -3.3110688e-02  -2.2285613e-01   3.8182711e-03  -2.4373661e-01  -2.5829157e-01  -1.8056684e-01   4.0635396e-02  -1.6113911e-01   1.5472175e-01   6.2064690e-02   4.8826493e-02   3.2924909e-01  -1.3010614e-01  -5.0420560e-02  -4.5415375e-02  -1.5782259e-03  -2.0129265e-02   1.0354953e-01  -1.2484303e-01  -4.0939617e-02  -1.0409720e-01  -2.5067469e-02  -2.3001852e-01  -6.5853069e-02  -1.0219598e-02  -1.8820379e-01   1.0785737e-01  -2.5375130e-01  -3.0781673e-01  -3.8490871e-03  -1.0550233e-01  -1.3190290e-02  -2.1423522e-01   4.6144585e-01  -2.3429118e-01  -9.5715787e-03  -2.3372660e-01   2.4890062e-02  -5.6492549e-02   1.8621428e-01  -2.4986381e-01  -1.3156999e-01   1.1066697e-01  -1.1065234e-01  -4.5221590e-02   2.8172748e-01   4.9535613e-01  -8.0810767e-04   7.8046201e-02  -1.4013794e-01  -2.0743152e-01  -1.0509652e-01  -3.0019626e-02   4.4462097e-03  -1.9504177e-01  -1.9829463e-02   6.6113701e-03   2.0255175e-01  -3.4446507e-01   1.9845984e-01  -1.8672824e-01   4.0487796e-02   1.7466881e-03  -3.3611815e-02  -2.0455693e-01   6.3394826e-02  -3.9560526e-02  -8.7414347e-02  -2.0549966e-01   1.1402412e-01   1.2648897e-01  -7.1905669e-02  -1.7092656e-01   6.2695255e-02  -3.3420986e-01  -2.3333812e-01  -1.7214410e-01  -1.2114293e-01   1.0121492e-02  -1.4588524e-01  -2.5616361e-01   6.0171167e-02  -4.9100904e-02  -2.0036923e-02  -4.2058198e-01   1.8082463e-01  -1.5352315e-01   2.8061733e-02  -1.7704944e-04   1.9582879e-01  -2.7388093e-01  -1.9417896e-01  -9.2571672e-02
   2.4860122e-01  -2.3633646e-01   1.1948483e-01   2.6339969e-01  -4.3834264e-01   3.3836505e-02  -1.7768662e-01   7.4252247e-02  -5.3639463e-01  -1.7389873e-01  -2.7591449e-01  -4.2091482e-01  -1.6623509e-01   0.0000000e+00   1.6635715e-01   6.8214377e-02  -1.2755962e-02   8.8755201e-03   2.1401172e-02  -1.6514595e-01   5.4906600e-02   3.8719323e-01  -1.2456480e-02   8.5664145e-02  -1.6962496e-02   1.7259204e-01  -4.1754746e-01   3.3775681e-01  -9.3483348e-02   2.3992212e-01  -7.0080185e-02   3.0440018e-03   1.6745719e-01   7.7323252e-02  -3.7038084e-02  -3.3112769e-01  -9.9450119e-03  -1.2761561e-01  -1.5216658e-02  -3.0288217e-01  -1.7875624e-01  -4.1286800e-04  -2.4502502e-01   4.7262309e-01  -1.9396407e-01  -2.2994812e-03  -6.8503436e-03  -2.0721002e-01   4.2334768e-01  -1.3263593e-01   5.7207372e-02  -8.6594978e-03  -1.5234570e-01   1.4526018e-01   1.8540541e-01   2.9636253e-01   3.4878594e-01   8.7388535e-02   1.6049784e-01  -1.0644804e-01   3.3184143e-02   3.5827479e-03  -1.5266669e-01  -1.6631267e-01  -4.0331264e-01   1.1868108e-01   1.7503233e-01  -1.5568898e-01   3.0083303e-01  -1.6753937e-01  -2.6954180e-01   1.0164969e-01  -1.1827513e-01   1.6854545e-01   5.6209034e-02  -1.1321935e-01  -7.6813033e-02   2.3493656e-01  -3.8334195e-01   1.2033569e-01   5.5243842e-01   1.4333501e-01  -4.4948374e-02   2.9727699e-01   3.8731123e-01  -2.5241481e-01  -1.7329951e-01   1.5490667e-01  -1.5653535e-01   1.7008312e-01  -1.9059835e-01   1.0985983e-01   1.5804481e-01   5.5096710e-02  -1.8211354e-01  -4.9060478e-01  -4.1452508e-02  -9.5881800e-02  -9.1371610e-02   1.7101673e-01   2.9152572e-01   5.2867118e-03   5.6165984e-01   5.3327957e-02   3.3897867e-01   2.6506692e-02   1.0493262e-01   4.1625049e-02   1.2866017e-01   1.7176376e-01  -2.6547558e-01   5.0692123e-01  -6.1892269e-03   2.6544066e-01   1.0711273e-01  -4.5277396e-01   7.7218725e-02   4.1404364e-02   1.7576059e-01   7.5137261e-02  -2.9243024e-02  -2.6633471e-01  -1.6103179e-01   4.2053416e-01   1.2197441e-01   4.6223421e-01   5.1362627e-02  -5.4525414e-03   1.1765519e-01  -2.9300559e-01  -3.9181791e-02  -1.4756910e-01   2.3864115e-01   1.9441182e-01  -1.0540003e-01  -2.2405176e-01  -8.7855768e-02   2.3617925e-01  -1.3690145e-01  -7.8278683e-02   2.6668963e-01  -1.7427115e-01   1.5188153e-01  -3.9256836e-01   2.5829128e-01   6.3094953e-01  -2.9382074e-01  -4.4290660e-01   1.2524397e-01  -3.1871165e-02   3.7098077e-01   5.9743267e-01   1.6692065e-01  -4.3337443e-01  -5.5905193e-01  -2.0139120e-01   2.9040449e-02   1.2752434e-01   4.6338489e-02   4.2801873e-01  -2.9332957e-01  -1.4812058e-02  -3.6330804e-01   1.8945274e-01   7.7967811e-02  -2.9023453e-01  -4.1179918e-02   3.6644878e-01   3.0973163e-02  -3.3501689e-01  -3.2804630e-01  -1.5306395e-01  -3.4835256e-01  -9.3953573e-02  -1.6788086e-02  -2.6035553e-02   1.3750556e-01
