   0.0000000e+00  -1.9857375e-01  -2.2560316e-01  -1.3388928e-01  -2.9785604e-01  -2.4647138e-01  -3.3424886e-01   5.2695503e-02  -9.0211277e-02  -3.0441156e-01  -1.5913424e-01  -2.1306745e-01  -1.6818424e-01   5.4965994e-01   5.1182000e-01  -9.8598428e-03  -1.5933196e-01   5.8961624e-03  -3.1602152e-02  -2.7654859e-01   7.4548264e-03  -8.4726854e-02   5.3216219e-02   6.7815869e-01   2.2055571e-01   7.4514475e-02  -4.0331826e-01   5.4373719e-01  -1.7171847e-01  -3.7959472e-01   3.9824262e-01  -1.1572732e-01   2.9780017e-01  -3.3069369e-01  -2.0238513e-01  -2.8575377e-01   2.6819793e-01   4.9972591e-01  -1.3012602e-01  -4.1398463e-01  -1.8242626e-01   2.2426908e-01  -3.6705959e-01   1.2399845e-02  -9.8438283e-02   3.3884984e-01  -1.6986246e-01  -2.1104872e-01  -1.2633465e-01  -2.7699337e-01   6.6500149e-02   1.4233107e-01  -1.9203275e-01   5.9173836e-02   4.4481233e-01   2.0280057e-01   9.6224741e-02  -2.6961539e-01   7.9692306e-03  -1.4550381e-01   5.4164650e-02  -1.9598429e-01  -1.0292233e-01   1.4680987e-01  -1.9594572e-01  -4.2871126e-02  -2.2780333e-01  -1.2860007e-01  -2.0114782e-01   4.1318869e-01  -3.4908475e-01  -6.6880238e-02  -4.2364107e-02   7.4193786e-01  -1.4001253e-01   9.3051978e-02   2.4671679e-01  -1.5780507e-01  -3.2672240e-01   7.1678820e-02   2.9292455e-01  -1.7681774e-01  -2.0962451e-01  -4.8184569e-02   5.8618251e-01   2.2896943e-01   2.0097318e-01   6.4221038e-01  -3.4992908e-01   8.0522641e-01  -2.3818390e-01  -4.6253768e-02  -3.0735526e-01  -3.5569720e-01   3.8311978e-01  -3.2542663e-01  -1.4649239e-01   6.1477271e-02  -1.2039619e-01   1.6778700e-02   2.2589763e-01   8.9307291e-02   6.5247512e-02  -1.5163101e-01  -1.6155689e-01  -1.6555598e-01   9.9910421e-02  -1.7396852e-01   8.1177214e-02  -3.0192768e-01  -1.0199746e-01  -5.8991243e-03  -1.6328975e-01   7.1485283e-01   4.2826912e-01  -3.3988531e-01  -7.3971594e-02  -1.5160947e-01   1.4981830e-01  -2.4567104e-01   3.1752454e-01  -2.5204371e-01  -3.1015706e-01  -1.1874507e-01   5.9331696e-01   4.4740162e-01   6.2342356e-02  -1.5077317e-01  -1.4647873e-01  -1.1936785e-01  -1.1250567e-01  -2.8226815e-01   3.9150349e-01  -6.5869047e-02  -3.6227026e-01   1.1293536e-01  -1.2199682e-01   1.1433396e-01   2.0273769e-01   5.9583405e-01   5.9876409e-01   1.0123096e-01  -5.2728892e-02  -9.0077217e-02   3.7419339e-01   1.9113194e-01  -4.4230129e-01  -1.3357386e-01  -1.5706219e-01  -1.7932024e-01   7.1097608e-01   1.0830339e-01   4.5275822e-01  -1.9348772e-01  -4.1329774e-01   6.0174507e-01   4.0564253e-01   4.8727845e-02   1.3726825e-01   1.1176581e-01  -3.2178639e-01  -1.2724922e-01  -2.8395034e-02  -8.6969377e-02  -2.6320395e-01  -3.1294559e-01  -1.3043883e-01   4.3700208e-01   5.3181735e-01  -2.8537424e-01  -1.9615542e-01   3.3661508e-01  -2.5466972e-01  -1.8644369e-02   2.4963681e-01  -2.8028592e-01  -1.3595637e-01
  -1.9857375e-01   0.0000000e+00  -1.5554336e-01   6.8854515e-02   5.7834154e-03  -3.9337580e-01   9.6011242e-02   3.4139757e-01   6.0836055e-01  -3.6931768e-02  -4.4213014e-02   2.7397688e-01  -2.3783660e-01   5.3943918e-02   1.6345614e-01  -3.1383835e-01  -1.2535510e-01   1.0323309e-03  -3.0126092e-01  -3.8240002e-01  -8.2106063e-03   3.2605255e-01   1.7226771e-01  -5.2494294e-02  -1.3268273e-01   2.4985899e-01  -7.3499350e-02  -1.6385431e-01  -1.2701261e-01   4.5075154e-01   2.1974558e-01  -4.8961179e-02  -1.5348843e-01   1.7439364e-01   3.3235572e-01  -4.4063359e-01   1.1852441e-01  -4.5447603e-01  -1.2586580e-01   1.0239553e-01  -1.1475256e-01  -1.1237371e-01   3.2545057e-01   7.6036896e-02   4.3703984e-02  -2.6888091e-01  -1.0577111e-01   3.7773025e-01  -1.8418815e-01  -5.5883312e-02  -3.3506111e-01   3.0565361e-01   4.4691849e-01   2.6715763e-01   9.1172973e-02  -2.5306931e-01  -1.8174157e-01   3.0383910e-01  -9.9490042e-02   4.6719481e-01  -2.3745373e-01  -3.0028432e-01   2.4404519e-01   5.2746579e-01   5.2321196e-01  -3.9531730e-01  -2.7069381e-01  -2.6465387e-01   4.3383291e-02  -2.1952762e-01   5.6081924e-01  -2.9521683e-01   1.3989528e-01  -9.5444022e-02   1.9941224e-01   1.5427851e-01  -3.9362007e-01   3.7663183e-01   9.7762920e-02  -2.4225449e-01   7.9319386e-02  -6.5462377e-02   2.8913134e-01   2.9488802e-01   7.0614224e-02   2.5456341e-01   2.6869759e-01   1.2385187e-01   2.5267312e-02  -1.3138253e-01   2.8109237e-01  -1.4320086e-01   4.8303719e-02   3.9170322e-01  -4.1814978e-01   7.9771388e-03  -3.5827043e-01   6.6195919e-02  -8.3769506e-02  -3.6080728e-01   1.9409493e-02   8.1805844e-02   5.9514361e-02   5.9612471e-01  -7.9020115e-02  -2.4936955e-02   3.0355413e-02   2.0938672e-01   2.1398075e-01  -2.5121943e-01   1.5413080e-02  -1.8203290e-02  -2.3911769e-01  -1.6915120e-01  -1.1856120e-01   1.4243376e-01   2.1493100e-01  -3.2335034e-02  -1.6347346e-01   7.5270071e-02  -2.6233419e-01   1.2412885e-01   8.1213343e-02   6.3637880e-01  -1.8504308e-01   4.5365855e-02  -8.6981747e-02   2.7582102e-01   3.5443644e-02  -1.2327344e-02  -3.8370968e-02  -2.5084026e-01   4.2752270e-01   3.9886644e-01   1.3189716e-01   2.7855885e-01  -1.0324020e-01   2.7614741e-01   2.1081652e-01  -3.2149411e-01  -3.0460146e-01  -6.3049800e-03   1.2981549e-01  -3.0477607e-01  -2.8454216e-02   2.0349403e-01   3.2841822e-01   2.1622349e-01  -4.4103747e-01   8.7485054e-02  -1.8852412e-01   1.5513180e-01  -1.6993458e-01   1.4701254e-01   1.1649102e-01  -3.3563498e-01  -3.3519695e-01  -3.5187282e-01  -3.2717977e-01   6.8501670e-02  -1.8812994e-01   9.4105778e-02  -8.1114938e-02  -1.0827835e-01   1.6322903e-01   1.3126592e-01  -1.4170135e-01  -1.7160422e-01  -3.5621896e-01   2.4422745e-01  -1.4272399e-01  -4.1699993e-01  -2.0774700e-01  -4.2552042e-01  -3.4591229e-02  -1.0103892e-01   3.0711970e-01
  -2.2560316e-01  -1.5554336e-01   0.0000000e+00  -3.1418069e-01   3.4126903e-01   4.8703571e-01   2.2147218e-01  -2.9596731e-01  -2.0915259e-01   3.0882242e-01   5.3234240e-02   2.9237676e-03  -1.0715023e-01  -6.9958659e-02  -3.0033023e-01   3.1900440e-01   8.3176691e-01  -2.8937704e-01   1.3058937e-01   3.0089319e-01  -1.4653462e-01  -2.9495459e-01  -2.4983389e-01  -3.4485372e-01  -1.4899964e-01  -1.3821402e-01   2.3000569e-01   7.7282172e-02   2.4609273e-01  -2.3320496e-02  -1.7886363e-01  -2.4523744e-01   8.1331682e-02   2.5899347e-01   5.6865928e-02   3.2568701e-01  -2.0734188e-01   1.4813638e-01   1.4413033e-01   5.6567645e-01  -1.0563033e-01   2.9460837e-01  -1.3317450e-01  -1.4010679e-02  -2.8549791e-01   3.1191709e-01   9.2122453e-02   8.9210811e-02  -1.9186509e-01   7.7781647e-01  -2.6202488e-01  -3.1693039e-01   8.1513017e-02   5.4886388e-02   1.7905255e-02   7.9266089e-02   3.2470135e-01  -1.3608887e-01  -1.5075519e-01  -5.2631883e-01   3.6722657e-01   7.2986695e-02  -8.2242908e-02  -2.0187281e-01  -3.1337158e-01   8.5775042e-02   4.2150701e-01   4.9639148e-02  -1.0538717e-02   3.5152200e-01   1.6547960e-01  -1.7600774e-01  -3.1618135e-02  -2.7831427e-01  -3.8255280e-01  -1.6852239e-01   4.5425008e-01   8.8690734e-03   7.8572343e-02  -1.4139562e-01  -4.0332318e-02  -5.3051521e-02   3.4001416e-01  -1.1503649e-01   1.0639058e-01  -2.8646624e-01   9.1556841e-02  -3.6552534e-01   7.7000144e-03  -3.5682437e-01  -1.4544438e-01   5.8481696e-01   4.9533125e-01   1.2453620e-02   3.7513704e-01   2.6846525e-01   6.4340486e-02  -3.1926141e-01  -1.1496564e-02  -1.0999402e-01   3.2939528e-01  -1.2069305e-01  -1.2894038e-01  -1.4539675e-01  -2.3781752e-01  -2.0095984e-01   2.8613800e-01  -2.8273664e-01  -3.5514784e-01   3.2881154e-01   3.0814479e-01  -1.2304605e-01  -4.8402006e-02  -1.8134467e-01   1.8208901e-01  -1.3950894e-02  -6.3842794e-02  -1.3287559e-01   5.0091031e-01  -1.5579925e-01   1.9879750e-01  -1.9220445e-02   7.5080477e-02  -3.4717067e-01   6.7887497e-04  -3.7612065e-01  -1.5761985e-01  -2.5449001e-01  -1.4836390e-01   8.0792016e-01  -2.1154394e-02   1.6692205e-01  -4.5629583e-01   9.7997380e-02  -3.7777739e-02  -3.0595007e-01  -3.1704776e-01   1.5376329e-01  -2.9984015e-01   2.8076375e-02  -1.2360330e-03   1.2743284e-01  -7.1148175e-02   7.4841214e-01  -2.9293483e-01  -2.0814022e-01   3.4803215e-01  -3.6573794e-01   1.4906745e-01   1.2662016e-01  -7.4322246e-02  -2.1275326e-01   2.0686872e-01  -1.0166606e-01   6.7495218e-01  -6.0292319e-02   2.1650946e-01  -2.0285957e-01   4.0318492e-01  -8.1201522e-02   2.3491384e-01  -4.1500259e-02   5.9501710e-02  -3.2685408e-01  -3.0829328e-02  -4.4981229e-02   1.2760703e-02   4.0641223e-02   2.4331574e-01   3.0769208e-01  -1.2986315e-01   2.9350660e-01  -5.1304266e-02   5.5508704e-01  -1.5787033e-01   4.4503320e-02  -1.8892740e-01
  -1.3388928e-01   6.8854515e-02  -3.1418069e-01   0.0000000e+00  -2.4143689e-01  -5.2017673e-02  -2.6916343e-01   1.2828410e-01   2.8752848e-01  -3.7659341e-01   4.2582981e-01   2.1170838e-01   1.1302448e-01  -5.6988185e-02  -1.4192194e-01   3.7298093e-04  -1.9349164e-01   3.6252556e-01  -7.7613240e-03  -2.1699362e-02  -5.5969367e-02   6.3311264e-01  -2.7689648e-01  -1.7080348e-01   1.4746439e-01   1.8774551e-01  -1.3683992e-01  -1.8086562e-01   8.2044211e-02   3.5889655e-01  -1.3661041e-01   5.0517926e-01  -9.5229546e-03  -3.8554906e-01  -6.9278210e-02  -7.2290739e-02  -1.8682594e-01  -2.0386105e-01  -1.2729979e-03  -3.8700155e-01   1.6142451e-01  -2.3669006e-01   1.5326087e-01   3.2655206e-01   2.3274467e-01  -7.4710334e-02   2.1414585e-01  -3.4523227e-01   1.9814339e-01  -4.6281143e-01   5.5512519e-01   2.3349725e-01  -4.6692597e-01  -8.1081033e-03   5.7394272e-02   2.3886856e-01   2.9296985e-01   5.4604318e-01   3.4995065e-01   4.0876003e-01   7.7725068e-02   1.2529151e-01   2.5244844e-01   1.3683532e-01  -2.0465579e-01  -6.9457480e-02  -1.1635403e-01  -7.8224940e-02   4.7469281e-01  -2.4396551e-02  -3.3963722e-01   5.5085576e-01  -3.6493802e-02   1.3201141e-02   1.3872250e-01   1.8736773e-01  -1.8523291e-01   1.7482019e-01  -2.7902950e-01   2.6124858e-01  -4.2885863e-02  -1.8332557e-01  -3.3352202e-01   1.0832586e-01  -1.9532142e-01   2.0767748e-01  -4.0165118e-01   6.7988703e-02   2.6813511e-01  -7.0400012e-02  -3.9260316e-01  -3.0167456e-03  -3.3392152e-01   2.9688026e-01  -2.4702106e-01  -2.6156076e-01   2.0976415e-01   1.1001048e-01   2.8358728e-02  -2.9015760e-02  -3.0776299e-01   4.2155407e-01   5.9160202e-01   1.1940606e-01   6.3654742e-01   6.7471721e-01  -1.1632003e-01   3.3113332e-01  -2.0574920e-01  -8.0652793e-02  -3.0379206e-01   6.6536938e-01   5.4824372e-01  -8.4870290e-02  -2.7006983e-01  -2.5951554e-01   3.1264777e-01  -1.4091773e-01  -1.8638953e-01   6.8982624e-01   3.5405572e-02  -3.1016434e-01   5.9569176e-02  -1.0463898e-01  -1.0235378e-02   2.8858077e-01   9.6260678e-02   5.0472654e-02   7.6939698e-01  -2.5468663e-01  -2.0339442e-01  -9.6720630e-02   2.6887425e-01  -3.7323242e-01   4.5876991e-01   2.8590167e-01   3.0693537e-01  -2.9048005e-01   3.4761337e-01  -1.3402977e-01  -1.5056181e-01  -2.0931097e-01   4.0140069e-01  -8.7724644e-02   6.8984037e-02   5.1060391e-01  -3.6266614e-01  -2.3795601e-01   1.2100385e-01  -4.8666452e-01  -1.6827333e-01   2.0989442e-01  -1.1125200e-01   6.8471884e-02  -2.6723724e-01  -2.5778669e-01  -8.5991814e-02   2.9832571e-01  -2.5388361e-02   2.8664941e-01   7.0756414e-02   3.8388332e-01  -1.2598203e-01   7.2061211e-01   5.1317098e-01  -2.5081002e-01   1.5445726e-01   1.1959704e-01  -1.6473015e-01  -4.4723520e-01  -1.5910859e-01  -2.8055754e-01   2.1396073e-01  -3.1465877e-02   1.7364538e-01   5.0264641e-02   5.2601442e-01
  -2.9785604e-01   5.7834154e-03   3.4126903e-01  -2.4143689e-01   0.0000000e+00   3.0525170e-01   3.1065643e-01  -1.9328548e-01  -1.5678264e-01   5.5020381e-01  -6.0627496e-02   1.9044646e-01   1.9545908e-01  -3.1862611e-01  -2.3809463e-01   1.6364442e-01   1.6498841e-01  -2.2165395e-01  -1.0182469e-01   6.3078767e-01   3.0476119e-02  -3.4960731e-01   1.6303272e-01  -3.5218253e-01  -3.5830962e-02  -1.3034783e-01   3.9455652e-01  -2.2669172e-01   2.7317677e-01   1.5610969e-01  -2.7617101e-01  -1.5846768e-01  -8.0857835e-02   3.6535412e-01   1.2289686e-01   6.3208177e-01  -1.4964828e-01  -2.8855379e-01   1.6792707e-01   5.2561053e-01   2.8175112e-01   1.6164485e-01   2.6106416e-01  -3.6096857e-01   2.0704738e-01  -3.0537018e-01   1.4422716e-01   2.8820633e-01   5.7383593e-03   4.4733040e-01  -1.7372327e-01  -2.3089544e-01   4.0504316e-01  -4.0595719e-02  -3.0532419e-01  -1.5047364e-01  -1.4049118e-01  -2.1563759e-01  -2.5349872e-02  -2.1828294e-01  -7.0035213e-02   6.7003876e-02  -1.1068072e-01  -3.1180076e-01   1.5490352e-01   1.8767998e-01   3.0727186e-01   1.3596304e-01  -6.5769623e-02  -4.0335964e-01   2.5749456e-01   5.9283232e-03   3.3637673e-01  -4.6076973e-01  -1.0739875e-02  -2.6648335e-01  -2.4646504e-02   1.1098016e-02   7.6360063e-01   1.1595067e-01  -2.5896107e-01   2.0065611e-01   2.6290610e-02  -1.2757820e-01  -3.4810285e-01  -3.9844255e-01   6.8589507e-02  -3.4602513e-01  -2.2179824e-02  -2.9302569e-01   5.6030559e-01   5.5317295e-02   3.4890599e-01   1.9379813e-01  -7.8322912e-02   6.8791072e-01  -7.8240909e-02  -2.0440516e-01   1.4997366e-01   2.5009353e-01  -1.2993663e-01  -1.7014369e-01  -2.8026772e-01  -2.0958380e-01  -1.2142934e-01  -3.5620816e-01   5.0064621e-02  -9.5426288e-02  -2.4998812e-02   2.3612366e-01   1.0808378e-01  -2.3246655e-01  -1.8596105e-01  -1.9910745e-01  -2.2835042e-01   6.3787366e-01  -1.9401396e-01   3.5007176e-01  -9.6132907e-02  -5.7793412e-03  -2.9648000e-01   6.1802118e-01   2.0258475e-01   1.5513379e-01  -4.7016762e-01  -4.5831659e-01   2.6507131e-02   1.2833767e-01  -3.0801826e-01   2.1453752e-01   2.2729625e-01   4.5666249e-01  -5.3346294e-01   1.0679478e-01   1.0174130e-01  -2.7413235e-01  -6.0808050e-02  -1.1859955e-01  -3.7312096e-01  -1.5815935e-01  -3.3747965e-01   8.5669426e-02  -5.8490765e-02   1.3770401e-01  -2.0777773e-01  -5.6118837e-01   5.1762569e-01   1.0491278e-01   1.9519041e-01   3.8680299e-01  -4.2849835e-01  -2.9961581e-01  -1.1614624e-01  -3.5782765e-02   4.6248578e-01  -4.2319571e-01  -2.9916770e-01  -1.0367559e-02  -3.8821711e-02  -6.3917829e-02   2.5304314e-01  -9.2147572e-02   1.9465977e-01  -2.8873051e-01  -6.6580446e-02   4.6454748e-01   1.9114792e-01  -4.9873008e-01  -2.3589233e-01   4.0419229e-01   4.1451725e-01  -2.1609147e-01   4.5629186e-02   7.6596426e-04  -7.8609660e-02   3.8687706e-01  -2.0858217e-01
  -2.4647138e-01  -3.9337580e-01   4.8703571e-01  -5.2017673e-02   3.0525170e-01   0.0000000e+00   2.3410973e-01  -4.4649758e-01  -2.4972226e-01   3.3177163e-01   3.6779075e-01   2.4261044e-01   2.7532390e-01  -4.4525571e-01  -5.0313435e-01   3.5927988e-01   3.0902293e-01  -4.2518541e-03   4.0053545e-01   4.9748542e-01  -2.4644782e-01  -1.8060147e-01  -2.6357997e-01  -5.2657351e-01  -1.3992025e-01  -3.4400592e-01   7.5788583e-01  -3.3511890e-01   3.3718496e-01   1.6881910e-01  -5.5063128e-01  -3.4335236e-03  -2.3427052e-03   1.5635060e-01  -7.1482199e-02   6.3723450e-01  -2.9981738e-01  -3.3006493e-02   3.0700968e-01   5.5183269e-01   3.0538212e-01  -1.0664205e-01   1.2716691e-01  -8.5743657e-02   1.7768961e-01  -1.3012238e-04   4.9373603e-01  -7.1933659e-02   4.4671373e-02   3.6362743e-01   2.5703095e-01  -4.2297040e-01   1.3367330e-03  -2.4054415e-01  -3.3454396e-01   1.2000329e-01   3.9899306e-01  -1.0201677e-01   1.9962793e-01  -2.5645709e-01   2.1274703e-01   3.6154204e-01  -1.3857110e-01  -3.5383677e-01  -2.8486083e-01   5.3927898e-01   8.6959396e-01   2.3158908e-01   3.1386287e-01  -7.0164167e-02  -1.0755622e-01   3.1407178e-01   3.0519861e-01  -3.6677358e-01  -3.3222405e-01  -2.1918953e-01   1.7619283e-01  -9.1409691e-02   2.6570522e-01   1.1596132e-01  -4.3934533e-01   2.3657045e-01   7.4024112e-02  -2.2850130e-01  -4.1887055e-01  -3.9974139e-01  -3.3558612e-01  -5.5779631e-01   4.0623927e-02  -2.1918666e-01  -5.4070077e-02   1.9832845e-01   3.0726052e-01   1.5663910e-01   1.3763912e-02   4.3859070e-01   2.6356352e-01  -1.9209016e-01   1.3230855e-01   1.3347775e-01  -2.6849143e-01  -4.7875180e-02  -8.6656833e-02  -2.4180862e-01   1.6626784e-01   6.7252545e-02  -1.7680144e-01   5.0587987e-03  -2.2764068e-01   6.8457217e-01   4.5745724e-02   1.3611418e-01   3.3415185e-01  -3.5502342e-02  -3.2352567e-01   2.6498442e-01  -1.4488959e-01   1.8869095e-01   7.7407214e-02  -4.2510046e-02  -1.3087599e-01   1.3008864e-01   2.7752326e-01  -3.4488789e-01  -1.8379536e-01  -5.2526482e-01   8.9314289e-02  -2.5427402e-01   1.0331643e-01   4.3930163e-01   8.2024689e-03   5.4279929e-01  -4.7129027e-01  -2.2932767e-01   2.7045100e-01  -2.3824390e-01  -1.1560138e-01  -3.9417022e-01  -3.5355523e-01  -4.7693527e-02  -3.4683910e-01  -2.1490623e-01  -4.8113193e-03   4.7239237e-01  -4.3358392e-01  -3.5803190e-01   2.2217637e-01   8.8182937e-03   6.6845508e-01   6.2710028e-02  -4.2660050e-01  -3.2987624e-01  -3.2029804e-01   1.7116596e-01   5.0740703e-01  -3.4496468e-01  -1.2261617e-01   1.8564755e-01   2.4559626e-01  -2.1551058e-01   4.1965591e-01   2.8792281e-02   1.8229707e-01   1.3475820e-01   2.6423053e-01   3.1689942e-01   4.5592136e-01  -1.6562473e-01  -8.8427619e-02   3.3968022e-01   3.5866194e-01  -1.2749963e-01   4.1946285e-01   6.4614845e-01   3.1962047e-02   2.5596504e-02  -4.7084821e-02
  -3.3424886e-01   9.6011242e-02   2.2147218e-01  -2.6916343e-01   3.1065643e-01   2.3410973e-01   0.0000000e+00   1.7409299e-02   4.1082507e-02   4.5971857e-01  -1.3446331e-01   1.4546110e-01  -1.4392797e-01  -2.1569012e-01   2.2529512e-02  -1.2531618e-01   2.7950904e-03  -8.5129148e-02  -1.4737221e-01   2.4300780e-01   2.2678666e-01  -1.8212875e-01   5.3013756e-01  -4.7870500e-01   6.6814635e-02  -1.8416677e-01   2.6902585e-01  -1.3327680e-01   1.1167684e-01   4.5517925e-02  -1.0822366e-02  -2.2968275e-01  -1.6747030e-01   6.9998036e-01   4.0214310e-01   3.2444641e-01   2.0728331e-01  -3.2580004e-01  -1.2858854e-01   4.3524030e-01   2.7826436e-02  -1.4115536e-01   2.1695733e-01  -2.3738819e-01   1.6388399e-01  -1.6977954e-01   2.0592714e-02   6.7264028e-01   7.1751221e-02   3.6858742e-01  -3.3685035e-01  -6.5671875e-02   4.8049021e-01  -4.4601051e-03  -1.8754807e-01  -2.9487040e-01  -2.5331225e-01  -2.0147093e-02  -1.0166405e-01   5.6930900e-02  -2.5851934e-01   1.5832448e-01   1.1439350e-01  -8.3376366e-02   4.0091622e-01   3.8994278e-02   2.3021221e-01  -6.0299777e-02  -2.5192119e-01  -2.0106584e-01   4.4999455e-01  -1.9504365e-01   2.2732368e-01  -5.3407857e-01   1.8688166e-02   2.5678279e-03  -1.8539184e-01   9.0028880e-02   3.8135374e-01  -1.9111232e-01   1.4954102e-01   7.2254720e-02   3.8023183e-01   4.0303281e-02  -4.0555002e-01  -6.7372651e-02   1.3516016e-01  -4.3708258e-01  -4.0493321e-02  -4.4513273e-01   3.4755639e-01  -2.3027570e-01   5.1791241e-01   1.7507396e-01  -2.5370653e-01   3.5477045e-01  -1.7858225e-01  -1.3833527e-01   1.2370871e-01   2.5070373e-01  -3.2949403e-02  -1.5783561e-01  -2.2762168e-01   1.5005495e-01  -3.1403349e-01  -1.3962201e-01   1.5178525e-01  -6.5929079e-02   7.7953971e-02   2.8335794e-01   4.9849597e-01  -2.9678084e-01  -1.4198025e-01  -4.5966673e-01   5.3480497e-02   4.7598905e-01  -1.7033769e-01   2.2107312e-01   8.9456391e-02  -1.4165030e-01  -3.3367300e-01   3.6408717e-01   6.6705011e-03   2.1698248e-01  -3.3740033e-01  -3.5622652e-01   4.1657585e-02   2.1319647e-01  -2.0847062e-01   1.2560592e-01  -5.6596191e-02   4.7241419e-01  -3.5981003e-01   3.9153163e-01   1.4839272e-02  -5.7427601e-02  -1.2297469e-01   2.0055178e-01  -1.1988765e-01  -4.2936297e-01  -3.5803223e-01  -2.2606024e-01  -2.1210435e-01   1.4497848e-01  -8.9022608e-02  -3.0808364e-01   7.0741420e-01   1.7241102e-01   1.1701892e-01   5.4696229e-01  -4.5050921e-01   2.0690434e-01  -3.6519046e-01   2.3117779e-01   3.0127172e-01  -3.4442630e-01  -3.3776740e-01  -3.8993657e-01  -3.1567877e-01   8.3217562e-02   1.1630861e-01  -2.0099731e-01   2.0528647e-01  -2.0536947e-01  -6.1594827e-02   3.5083875e-01   1.0148428e-01  -3.5931448e-01  -4.1687196e-01   4.5195357e-01   1.7992365e-01  -3.1792635e-01   8.4502402e-02  -3.5607601e-02  -2.6856064e-01   5.2446822e-02  -1.0510800e-02
   5.2695503e-02   3.4139757e-01  -2.9596731e-01   1.2828410e-01  -1.9328548e-01  -4.4649758e-01   1.7409299e-02   0.0000000e+00   5.8011396e-01  -3.4703465e-01   4.1715552e-02   4.2755262e-02  -1.5463663e-01  -1.4928204e-01   1.9910522e-01  -3.8023045e-01  -2.7623268e-01   1.2644915e-01   1.0137561e-01  -3.7261126e-01  -2.8396655e-02   6.0977059e-01  -2.8212234e-02   5.2957326e-02   4.7105332e-02   7.0384457e-01  -3.1153678e-01  -1.3717729e-01  -2.0369111e-01   3.3784228e-01   1.3856127e-01   8.0067334e-02  -7.3950482e-02  -1.1820413e-01   2.2354551e-01  -3.5759248e-01   1.9378892e-01  -1.8405740e-01  -3.6815441e-01  -3.1261031e-01   2.9061075e-03  -1.7592379e-02   2.8203574e-01   4.6028905e-01  -9.7084608e-02   1.3284706e-01  -1.4494958e-01  -2.7128512e-02   6.0856542e-02  -4.1053918e-01  -2.1559585e-01   7.9541990e-01  -3.0952241e-02   4.0013794e-02   3.0449625e-02  -1.5738340e-01  -6.5718948e-02   4.3801328e-01   1.0720899e-01   3.0657430e-01  -1.7630918e-01  -1.6260454e-01   4.5838480e-01   5.8277124e-01   8.9834090e-02  -3.5968761e-01  -4.1144071e-01  -2.2343045e-01  -1.7805583e-02   1.7804186e-01  -2.4100206e-02  -1.5567700e-01  -6.7984878e-02   1.7569535e-01   8.8424932e-02   6.6187965e-01  -1.3639480e-01   3.3677524e-01  -6.6583621e-02  -3.9182879e-02   1.2172566e-01  -2.3914000e-01  -1.8247754e-01   7.4308589e-01   6.7384991e-02   8.0518506e-01   2.8920578e-02   9.4473382e-02   2.7685117e-02   1.1072032e-02   2.1564741e-02  -9.2144712e-02  -2.9599580e-01   2.4997213e-01  -1.0015828e-01  -2.2825107e-01  -2.9451044e-01   7.2733058e-01  -4.8351167e-02  -3.2373907e-01  -2.7623505e-01   1.8940565e-01   2.0111295e-01   5.1396289e-01   1.2286772e-01   1.5219382e-01  -1.3709022e-01   5.8671357e-01  -4.1213994e-02  -3.6116681e-01  -2.0924358e-01   5.6923225e-04  -1.9895389e-01   4.8979333e-02  -1.5147692e-01   1.9485444e-02   3.4448056e-01  -1.2898373e-01  -3.7748959e-01   8.9454293e-02   1.6289166e-01  -7.8799097e-02  -8.6342529e-02   3.0800860e-01   1.6495535e-01   6.8734545e-02  -3.4691142e-01   2.8870633e-01   1.9013916e-01  -1.5305440e-01  -2.8461071e-01  -2.8414571e-01   4.4528116e-01  -8.4793673e-02   1.1481249e-01   7.2871855e-01   1.2821976e-01  -5.1507155e-02   7.0402436e-01  -2.0565758e-01   3.0854248e-02   1.2488773e-01   3.3038398e-01  -5.4031413e-01  -1.2518372e-02   3.3908374e-01  -6.4473334e-02   9.5676369e-02  -3.4873245e-01  -4.6089563e-02   1.0179165e-02   4.2091397e-01  -1.2728594e-01   1.4200971e-01  -3.0081161e-01  -1.5100809e-02   2.7829123e-02  -7.0333790e-02  -1.6017765e-01   2.0322265e-01  -2.1289479e-01   2.7764486e-01   3.8177324e-02   8.1615863e-02   1.1158426e-01  -1.8863370e-01  -1.8266443e-01   1.6203994e-01  -9.9811456e-02  -2.4040283e-01  -2.3008111e-01  -1.6485301e-01  -1.4098323e-01  -4.5862905e-01  -2.3300738e-01  -1.7721805e-01   4.9672078e-01
  -9.0211277e-02   6.0836055e-01  -2.0915259e-01   2.8752848e-01  -1.5678264e-01  -2.4972226e-01   4.1082507e-02   5.8011396e-01   0.0000000e+00  -2.1174847e-01   7.4237844e-02   2.0475430e-01  -3.6729383e-02  -9.0582446e-02   5.7214423e-02  -4.1782007e-01  -3.0451902e-01   7.0463924e-02   3.1887367e-03  -4.2412521e-01  -1.5828580e-01   5.7725271e-01  -8.1528809e-02  -8.9422446e-02  -2.6768349e-02   5.1335422e-01  -1.8560260e-01  -2.0201636e-01  -1.7161890e-01   4.6925443e-01   1.5356665e-02   1.3561915e-01  -7.9269557e-02  -6.5745027e-02   4.3566735e-01  -3.8254201e-01   4.6767498e-02  -4.4913441e-01  -3.5761486e-01  -9.5242432e-02   2.5046983e-02  -1.8067530e-01   4.4118018e-01   2.5345465e-01   8.8823688e-02  -1.3373921e-01  -1.0669420e-01  -5.5294856e-02  -1.1424775e-01  -3.2794219e-01  -2.1065357e-01   6.1440267e-01  -9.1456722e-03   2.6999904e-02   5.3425124e-02  -1.1009653e-01   6.6376069e-02   4.1305280e-01   1.2941700e-01   4.5248472e-01  -3.0771703e-01  -1.2918066e-01   6.5642987e-01   5.8095974e-01   1.8101856e-01  -2.5073929e-01  -2.6759636e-01  -1.1431536e-01   1.4928233e-01  -7.1555723e-02   1.1800953e-01  -1.0018047e-01   2.8439579e-03  -8.1273352e-02  -1.7917838e-02   3.6675860e-01  -4.3241621e-01   2.8341101e-01  -5.5940812e-02   5.9859184e-02   9.4372382e-02  -7.0121375e-02  -9.3287479e-04   5.1000153e-01  -1.0203546e-01   4.4981397e-01   5.3687158e-02   4.1990125e-02   2.6800317e-01  -2.1149461e-02   1.4650106e-02  -1.9020217e-01  -1.6836610e-01   6.6243703e-01  -3.9356372e-01  -1.2609516e-01  -1.7900567e-01   4.2775894e-01  -7.3923911e-02  -4.5684983e-01  -2.8945397e-01   5.1202967e-02   1.3231045e-01   7.0008095e-01   1.8760814e-01   1.1411860e-01  -2.1628677e-01   5.1123270e-01   1.0794181e-01  -2.0899456e-01  -1.2994727e-01   4.3872789e-02  -1.5152218e-02   2.1593989e-02  -2.1751047e-01  -6.2966287e-03   4.2138531e-01  -1.0777466e-01  -3.0534249e-01   9.8185490e-02  -1.7532597e-01   1.0570704e-02   1.3582149e-01   2.7561828e-01  -2.1136506e-02  -1.5185717e-02  -3.3985592e-01   4.2371630e-01   2.8494638e-01  -1.0987724e-01  -2.1604447e-01  -3.6814939e-01   4.5263169e-01  -8.5951276e-02   3.7496919e-01   4.5592300e-01   1.2774128e-01  -1.2735459e-02   4.1408162e-01  -1.7409687e-01  -2.3769046e-01   1.2826368e-02   2.9379309e-01  -2.8232328e-01  -1.6327243e-01   4.2855052e-01   1.1190730e-01   2.3147595e-01  -3.1469084e-01  -3.0117842e-01  -2.0441762e-01   2.4332373e-01  -2.9857939e-01   1.1217574e-01   3.4892544e-02  -2.9379649e-01  -2.3539936e-01  -1.1763661e-01  -2.7481310e-01   9.3595932e-02  -1.3879425e-01   3.0782983e-01  -5.4375491e-02   1.0727621e-01   1.4485688e-01  -1.2371476e-01  -1.4459540e-01  -4.7990211e-02  -3.6064546e-01  -1.1323966e-01  -1.4544650e-01  -4.0128000e-01   3.1270059e-02  -2.9296320e-01  -1.3245124e-02  -1.4400216e-01   3.8547405e-01
  -3.0441156e-01  -3.6931768e-02   3.0882242e-01  -3.7659341e-01   5.5020381e-01   3.3177163e-01   4.5971857e-01  -3.4703465e-01  -2.1174847e-01   0.0000000e+00  -2.4169969e-01   2.1204244e-01  -1.4400184e-03  -2.7251648e-01  -1.8235937e-01   9.3882581e-02   1.3545906e-01  -3.5961575e-01  -1.9202223e-01   5.1219569e-01   1.2593618e-01  -5.7838555e-01   3.6416808e-01  -2.6014199e-01  -8.4777745e-02  -3.0046092e-01   4.5516019e-01  -2.9114399e-01   2.1409218e-01  -2.3157527e-02  -3.0236479e-01  -2.9179007e-01  -1.8283535e-01   6.7070569e-01   2.9539414e-01   4.6269158e-01   1.0042109e-01  -2.2268851e-01   4.7388523e-02   6.1417972e-01   7.1277578e-02  -9.1264833e-02   2.6045093e-01  -5.8877035e-01   1.5674729e-01  -2.8058459e-01  -5.8496051e-02   4.7974526e-01   8.6100325e-02   5.3969075e-01  -2.7225031e-01  -2.8496833e-01   5.6200873e-01   3.1325778e-02  -3.5015056e-01  -2.5193487e-01  -2.7024459e-01  -2.3955988e-01  -9.7851295e-02  -1.7726445e-01  -1.6840004e-01   1.1213265e-01  -1.6079087e-01  -3.0031153e-01   2.8910053e-01   2.8014770e-01   3.4473792e-01  -6.3848644e-02  -2.6850875e-01  -4.3232054e-01   4.3129152e-01  -1.2112650e-01   2.9337474e-01  -4.2522443e-01   1.1108617e-01  -2.6063357e-01  -1.0380988e-01  -1.6778105e-01   6.4396844e-01  -5.5509262e-02  -3.5007761e-01   3.8117396e-01   2.1113202e-01  -2.2529855e-01  -3.0205142e-01  -3.7311850e-01   2.4956014e-02  -4.5091880e-01  -1.1621238e-01  -2.4746082e-01   5.2128996e-01  -8.5753033e-02   5.6682670e-01   1.0882066e-01  -1.4438058e-01   6.9024512e-01  -6.5520434e-02  -3.3074123e-01  -1.1505879e-01   3.8262936e-01  -5.2964968e-02  -3.6940140e-01  -5.0116186e-01  -2.1041022e-01  -3.0449967e-01  -3.1952879e-01   1.3822048e-01  -2.5404869e-01   2.7460943e-01   3.7743363e-01   2.3131826e-01  -3.7576899e-01  -1.6857964e-01  -1.5986010e-01  -2.0150835e-01   5.9012628e-01  -2.6018994e-01   3.8911258e-01  -9.4043813e-02  -2.2814624e-01  -3.3598397e-01   6.1872456e-01   1.5616263e-01   2.0261387e-01  -3.4496303e-01  -4.9574689e-01   1.5673849e-01   1.4375242e-01  -3.9048834e-01   1.6744404e-01   2.5353755e-01   4.8194126e-01  -6.1017469e-01   3.7181452e-01   7.1516639e-02  -3.3564271e-01   2.9887934e-02  -8.8244459e-02  -4.9662452e-01  -3.2199250e-02  -3.4536391e-01   6.9615115e-02  -3.5330278e-01   8.5846175e-02  -2.5253983e-01  -5.9698556e-01   6.3281883e-01   2.3271760e-01   2.8629887e-01   5.3389543e-01  -3.8672597e-01  -3.0100052e-01  -2.4322542e-01  -6.4114705e-02   4.5344028e-01  -2.2650823e-01  -3.2341416e-01  -1.7351690e-01  -1.9044099e-01  -3.0014969e-01   2.1534805e-01  -3.7466548e-01   3.5014062e-01  -3.9177228e-01  -9.6643009e-02   5.1586430e-01   1.5157495e-01  -5.7517107e-01  -1.9245999e-01   5.7043750e-01   4.1714493e-01  -1.6136502e-01  -1.7126388e-01  -8.4452676e-02   1.3676775e-01   3.1285604e-01  -3.0729465e-01
  -1.5913424e-01  -4.4213014e-02   5.3234240e-02   4.2582981e-01  -6.0627496e-02   3.6779075e-01  -1.3446331e-01   4.1715552e-02   7.4237844e-02  -2.4169969e-01   0.0000000e+00   4.0818249e-01   1.6286111e-01  -2.9261297e-01  -1.6464622e-01   1.8132091e-01   1.4731444e-01   5.0326367e-01   2.0456933e-01  -4.2995596e-03  -1.4014878e-01   4.5013851e-01  -3.6476628e-01  -2.4859850e-01  -1.6384390e-01   1.3607297e-01   1.8969690e-01  -2.5337091e-01  -2.3000545e-02   3.9593564e-01  -1.7046757e-01   2.4384633e-01   1.9907270e-02  -3.3552989e-01  -1.2316864e-01   2.2155638e-01  -3.1102223e-01  -1.1339926e-01   2.6097642e-01  -1.8689654e-01   3.9766003e-01  -9.7002077e-02   2.5458590e-01   3.6745987e-01   2.4613879e-01   6.3654104e-02   7.2871261e-01  -3.5749672e-01   2.1078070e-01  -2.4501153e-01   6.5654678e-01  -3.4588083e-02  -3.6730226e-01  -1.4139594e-01  -1.1041840e-01   2.8874836e-01   4.2277658e-01   2.4571036e-01   4.5337380e-01   2.2420975e-01   3.5690092e-01   3.1745829e-01   1.0364258e-01   2.7259661e-01  -3.1195786e-01   3.7961729e-01   2.8155210e-01   4.1057212e-02   6.8662309e-01   8.1578930e-02  -4.3563442e-01   5.6039177e-01   2.4049556e-01  -2.6648621e-02  -1.1324708e-01   1.2337927e-01   1.0146673e-01   4.5930421e-02  -1.7722645e-01   1.0328440e-01  -1.6101500e-01  -4.7864299e-02  -1.7116925e-01  -5.4119931e-02  -2.4059949e-01   1.0742081e-01  -3.8122734e-01  -1.7522762e-01   1.6894555e-01  -8.3910530e-02  -4.3330451e-01   2.7940203e-01  -1.9789172e-01   2.6069406e-01  -7.9822227e-03  -4.2665154e-02   2.0003178e-01   4.8055643e-02   4.0449811e-01   2.3697528e-02  -3.8780287e-01   6.0635876e-01   5.5305160e-01  -8.7512083e-02   6.1749479e-01   3.8966742e-01  -3.2961897e-01   2.5793264e-01  -3.8576273e-01   3.2274148e-01  -1.8826607e-01   6.5871536e-01   3.6175986e-01  -4.6122351e-03  -3.7170721e-01  -1.4965474e-01   3.7260608e-01   1.6382320e-02  -1.2158187e-01   3.2921551e-01   6.6536976e-02  -3.9211531e-01   1.3330381e-01  -3.2459787e-01  -1.6981563e-01   2.9687254e-02   1.1230260e-01  -2.9055354e-01   5.2745046e-01   7.1956554e-02  -1.3482554e-01   3.1401256e-01   1.0131177e-01  -4.1542465e-01   2.7054635e-01   3.4711231e-01  -1.9802370e-02  -3.5759282e-01   3.4798902e-01  -1.2442074e-01  -2.9130806e-01  -2.7867112e-01   5.4211525e-01   5.4388915e-02  -7.7357732e-02   3.0986682e-01  -3.3823621e-01  -1.0155162e-01   5.2720096e-01  -2.5304685e-01  -2.7023030e-01   5.5047448e-02  -1.3274267e-01   3.3496752e-01  -7.9201901e-02  -3.3270580e-01  -3.0560334e-02   4.2358044e-01   1.7611562e-01   2.1086074e-01   1.5864711e-01   5.8378003e-01   5.2049037e-02   6.9310304e-01   3.5960060e-01  -1.4321985e-01   4.6009736e-01   1.5351789e-01  -1.4582421e-01  -2.1886713e-01   5.7891964e-02  -2.1429210e-01   4.4239989e-01   3.1715694e-01  -1.4907149e-01  -7.8500485e-02   3.9479801e-01
  -2.1306745e-01   2.7397688e-01   2.9237676e-03   2.1170838e-01   1.9044646e-01   2.4261044e-01   1.4546110e-01   4.2755262e-02   2.0475430e-01   2.1204244e-01   4.0818249e-01   0.0000000e+00   5.1089360e-02  -2.8088800e-01  -2.8492507e-02   9.5425370e-02  -1.1383045e-01   3.2120318e-01   2.2970762e-02   7.5282192e-02   1.4013874e-02   1.5918300e-01   4.9715798e-02  -1.9824480e-01   6.8977161e-02  -8.2282014e-03   3.9254380e-01  -3.5850186e-01   5.9301952e-02   5.0106282e-01  -2.2516245e-01  -7.7703867e-02  -2.8709709e-01   1.9878007e-01   2.9754138e-01   2.1314312e-01  -2.1835978e-03  -4.1640065e-01   9.5381945e-02   2.8661436e-02   1.9755407e-01  -2.2478947e-01   5.9850188e-01   2.2630981e-02   5.9745535e-01  -2.3475174e-01   4.5014772e-01   6.8255512e-02   1.7133576e-01  -1.4366617e-01   2.6542226e-01  -4.6279521e-02   9.8326978e-02  -3.9241916e-02  -3.7995788e-02   1.1737773e-01  -4.0939349e-02   1.7900311e-02   2.4949029e-01   4.4191054e-01  -3.5001068e-02  -4.5104924e-03   1.5992972e-01   1.3992232e-01   2.1271838e-02   3.9259928e-01   2.6268160e-01   3.5096539e-03   3.9027524e-01  -2.2163879e-01  -5.7106171e-02   3.6300924e-01   3.4299516e-01  -1.7037670e-01   1.1120043e-01  -1.7491736e-01  -2.2417381e-01   8.2558265e-02   2.3332773e-01  -8.3986811e-02  -2.4015989e-01   2.2402737e-01  -1.1654011e-02  -7.8726679e-03  -2.0719166e-01  -8.1665547e-02  -3.4661605e-01  -1.6826626e-01  -4.3731634e-02  -9.9970413e-02   9.5468904e-02  -4.0521652e-02   1.2471683e-01   4.5911844e-01  -3.5515363e-01   3.9806673e-01  -2.2607697e-01  -1.0056261e-01   1.8519778e-01   1.4568581e-01  -3.6177983e-01   4.6015830e-01   2.1324376e-01   9.1846651e-02   2.5186952e-01   2.0269930e-02  -2.2658368e-01   1.8417234e-01  -1.3496569e-01   4.3025105e-01  -6.5865416e-02   3.7470492e-01   4.6878488e-02  -8.7363984e-02  -3.6456862e-01   2.4542810e-01   9.4950383e-02   3.1885767e-01  -3.1642319e-01   1.7739913e-01  -2.5636165e-01   1.1821908e-01   2.2434556e-01   2.4140546e-01  -3.7424533e-01   5.0897963e-02   3.8983516e-01  -7.2986323e-02   1.4385413e-01  -1.5236247e-02  -6.8588778e-03   3.5338772e-01   3.4933291e-02  -1.0531128e-01   2.3605523e-01   1.2661377e-01  -7.3756467e-02  -3.7473480e-01  -2.4943465e-04  -2.7101558e-01  -4.5111950e-01  -1.0991638e-01   2.2249156e-01  -1.4101677e-01  -4.3085164e-02  -2.0899845e-02   1.1249205e-01   2.7086643e-01   5.4246100e-01  -6.5878715e-02  -2.6757850e-01  -2.2990110e-03  -2.6013248e-01   1.4508316e-01   1.4817021e-01  -4.5574549e-01  -3.2774120e-01   1.7010172e-01  -2.0491612e-01   2.2171975e-01   1.0429124e-02   2.2747298e-01   2.7530772e-01   3.3455727e-01   2.9170588e-01   3.0313997e-01   6.3649552e-01  -1.5218706e-01  -2.2434066e-01   6.6745877e-02   3.9745544e-01  -5.4283578e-01   1.4056607e-01   6.2142231e-02   6.2775964e-02  -2.1947334e-02   2.3792014e-01
  -1.6818424e-01  -2.3783660e-01  -1.0715023e-01   1.1302448e-01   1.9545908e-01   2.7532390e-01  -1.4392797e-01  -1.5463663e-01  -3.6729383e-02  -1.4400184e-03   1.6286111e-01   5.1089360e-02   0.0000000e+00  -3.5998029e-01  -3.0033507e-01   2.5006418e-01  -2.1449238e-01   2.0518804e-01   8.0002535e-02   3.3185052e-01  -3.5656914e-02  -1.8150628e-02  -7.0710422e-02  -1.7308967e-01  -6.2266183e-03  -1.4059320e-01   2.2663470e-01  -2.2813624e-01   9.9568269e-02   3.2125198e-02  -3.3314820e-01   3.6061981e-01   9.1043772e-02  -2.1948941e-01  -1.1680782e-01   2.9897169e-01  -2.7298786e-01  -1.5275089e-02   2.9471913e-01  -1.5788987e-02   6.3960982e-01   3.5066406e-02   2.1718893e-01  -1.0551178e-01   3.3473433e-01  -1.8615820e-01   3.1059069e-01  -3.2886128e-01  -2.6378831e-03  -1.8449273e-01   3.2922169e-01  -1.4316983e-01  -2.0858754e-01  -1.2590509e-01  -2.6340238e-01   3.4285550e-02  -4.6013456e-02  -2.6839518e-02   2.0180012e-01   3.9669216e-02  -7.6000259e-03   2.7082808e-01   3.9817694e-02  -2.2180256e-01  -1.1039871e-01   2.3459423e-01   1.3842781e-01   2.3873009e-01   2.1666984e-01  -2.6747189e-01  -3.4398896e-01   3.9745678e-01   1.3095344e-01  -1.0938163e-01  -9.1002251e-02  -1.7267941e-01  -1.2478741e-01  -2.5519006e-01   1.1913235e-01   4.5753075e-01  -2.2339401e-01   3.2581473e-01  -2.7277231e-01  -1.4780116e-01  -3.5418819e-01  -3.0832319e-01  -2.1177677e-01  -2.4433409e-01   1.2473370e-01   3.4562544e-02  -5.8495899e-03  -1.3736368e-01  -1.5062995e-01   1.6833812e-01  -1.4391360e-01   1.6042149e-01   3.3273043e-01   3.3178075e-02   2.8657836e-01   1.3002818e-01  -4.4379979e-01  -1.8150524e-02  -1.9440423e-02  -1.1568599e-01   3.1795081e-01  -4.9144486e-03  -2.9463748e-01   1.3122321e-01  -1.5370100e-02   9.6525345e-02  -2.0165791e-01   1.2690083e-01   1.8848144e-01   7.4484051e-02  -3.4079346e-01   1.0073640e-01  -1.2260350e-01   5.4386512e-01  -3.0205128e-01   2.0867317e-01  -1.7264456e-01   1.3603259e-01   2.7645978e-01  -1.6214287e-01  -7.9975812e-02  -1.7803631e-01   1.5318181e-01  -3.3873586e-02   9.1700262e-02  -1.8519805e-01   2.1118346e-01   1.8860882e-01  -9.7007064e-02  -3.2766907e-01   2.9897403e-01  -1.4542274e-01   3.1806055e-01  -4.1452826e-01  -1.8193329e-01  -1.6653516e-03  -2.3440736e-01   8.2777917e-02  -1.3974651e-01  -8.6330834e-02  -7.4301681e-02  -1.1425749e-01  -1.0053813e-01   1.2734809e-01   2.7664479e-01  -1.4112096e-01  -1.7125711e-01  -2.7109313e-01  -1.5436958e-01  -3.1058135e-02  -9.1739747e-03  -1.5898018e-01  -1.8170155e-01   4.3248574e-01  -3.6917846e-02  -8.3569274e-02   1.7064091e-01   4.4692920e-02   1.0578179e-01   2.7246111e-01   1.4104907e-01   1.5905229e-01   1.8225265e-01  -2.0404281e-01  -2.2312217e-01  -1.8257162e-01   2.8885867e-01  -2.0651482e-01   3.4610613e-01   3.7453272e-02   7.3398625e-02   3.0157596e-01  -1.1255909e-01
   5.4965994e-01   5.3943918e-02  -6.9958659e-02  -5.6988185e-02  -3.1862611e-01  -4.4525571e-01  -2.1569012e-01  -1.4928204e-01  -9.0582446e-02  -2.7251648e-01  -2.9261297e-01  -2.8088800e-01  -3.5998029e-01   0.0000000e+00   5.3506251e-01  -4.0350448e-02   7.8089038e-02  -1.6862601e-01  -3.8935262e-01  -4.0389560e-01   2.8611337e-01  -1.3830618e-01   2.4331322e-01   5.6417849e-01   4.2586789e-02  -6.0306174e-02  -5.7874317e-01   7.1280942e-01  -2.5404250e-01  -4.1401951e-01   6.8499872e-01  -2.5129685e-01   3.0964916e-01  -1.4713130e-01  -9.4085344e-02  -4.6352281e-01   2.9848416e-01   2.2095897e-01  -1.3190622e-01  -3.1630537e-01  -4.1908849e-01   2.0460840e-01  -4.8152575e-01   6.1396015e-03  -2.4439435e-01   1.0079180e-01  -3.6632709e-01   1.4202465e-01  -5.5640314e-02  -4.0437182e-02  -1.0299188e-01  -7.9698220e-03  -7.6029799e-02   3.3629993e-01   7.6149096e-01   2.0096811e-01  -6.9754145e-02  -1.9060912e-01  -3.0766301e-01   7.4542632e-04  -1.2531451e-03  -3.8269779e-01  -5.3029520e-02   6.5463733e-02   2.9799301e-02  -3.0125970e-01  -4.1448577e-01  -2.7131655e-01  -3.6741590e-01   3.0399016e-01  -2.7015002e-02  -2.5312486e-01  -2.4638025e-01   3.6461341e-01   9.2609394e-02  -1.2033791e-01   2.0221917e-02  -7.2671711e-02  -3.8195088e-01  -1.7821850e-01   5.6239615e-01  -1.6011236e-01   1.9573635e-01  -1.9470113e-01   5.8937211e-01   1.6190607e-02   5.0426599e-01   6.9256612e-01  -1.7476473e-01   3.5062833e-01  -2.6481542e-01  -4.3478738e-02   1.6399302e-02  -3.7605498e-01   1.3114197e-01  -4.6681239e-01  -1.0832630e-01  -2.8520770e-01  -2.8558599e-01   2.9094735e-02   7.0680860e-01  -1.1553140e-02   8.3999039e-02  -1.5458132e-02  -3.1707142e-01  -8.8679023e-02   4.2801096e-01  -3.6907208e-01   1.3500601e-01  -4.3072377e-01   2.4090382e-01   1.6191580e-02  -1.9291773e-01   1.8542121e-01   7.4290784e-01  -4.5800496e-01  -1.1427618e-01  -1.9987258e-01   5.8426411e-01  -1.4132519e-01   8.2628699e-02  -3.2417755e-01  -3.0294037e-01   1.4808104e-02   2.2276635e-01   6.3233836e-01   1.0250015e-01  -4.3870370e-02  -1.6751791e-01  -4.2038107e-02  -3.2701739e-02  -3.6934663e-01   3.5703360e-01   2.7714929e-01  -4.7837865e-01  -1.6226921e-01  -1.5271912e-01   6.2457430e-01   1.0922462e-02   2.9280212e-01   4.5059938e-01   3.3296857e-02  -1.5670877e-01   1.7336542e-01   5.8244086e-01   3.4676495e-01  -2.9600839e-01  -3.2952676e-01  -3.9240248e-01  -4.4909982e-02   6.1834993e-01   2.5002462e-01   5.4860788e-01  -3.3429387e-01  -2.3921323e-01   3.8518259e-01   2.2014320e-01  -1.5946498e-01   4.9792540e-02   3.1149505e-01  -3.5885772e-01  -3.0404793e-01  -3.2406702e-01  -2.1787119e-01  -3.5994074e-01  -3.2330004e-01  -3.2913465e-01   3.8802724e-01   4.9221980e-01  -1.0438557e-01  -3.5215990e-01   2.7402554e-01  -3.8529411e-01  -2.5457096e-02   1.6478467e-01  -1.3115231e-01  -1.3727004e-01
