   0.0000000e+00  -2.2779684e-01  -3.3568198e-01   1.0433110e-01  -1.2900510e-01   2.5706215e-01  -2.5660255e-01   3.8912780e-02  -7.7945800e-02  -3.2829558e-01   8.8336426e-02  -2.4240760e-01   9.1108716e-02   4.1343526e-01  -1.1973207e-01   2.9036234e-01  -5.1432478e-01   7.7420040e-03   1.2806728e-01   6.7991208e-02   1.3827212e-01   8.7863749e-03  -1.5761382e-01   5.5841649e-01  -1.6153069e-01   5.4608970e-02   1.4873444e-01  -7.8570350e-02  -1.2389177e-01   1.4628610e-02  -3.0988233e-01   5.8288038e-02  -4.6437943e-02  -1.6713990e-01  -3.7269868e-02   2.9211544e-01   2.1873020e-02   1.8132877e-01   3.5775151e-01  -1.2235384e-01  -3.1210788e-02  -1.9136696e-02  -1.2526222e-01   2.8507132e-02   2.7252735e-01   1.3790608e-01   2.3868235e-01  -2.7065037e-01  -1.9391502e-01  -5.2199297e-01  -1.6337995e-01   1.5730159e-01  -4.7500176e-02  -3.2101665e-01   1.8652488e-01   2.4177341e-02  -1.2211287e-01   1.3992725e-01   1.0488867e-01   1.3718647e-01  -2.8185947e-01  -1.5744423e-01  -1.0417548e-01   9.6099817e-02   1.3116220e-01   4.3449252e-01   1.4398725e-01   1.1558064e-02   1.6256260e-01   1.5820367e-01  -3.3067537e-01   2.1938513e-01  -4.4766810e-02  -7.8203180e-02  -2.4463420e-01   5.2901829e-02  -7.5365699e-02   2.2969028e-01   2.2685698e-01   8.6870952e-02  -3.3581353e-01   3.2671005e-01  -1.0929185e-01   1.5509589e-01  -2.0489357e-01  -2.3566714e-01   2.4002720e-02   4.5496102e-01  -5.1837616e-02   4.3239512e-01   6.2951004e-02  -2.5825336e-01  -9.2820570e-02   1.2898485e-01   2.7420372e-01  -6.7571877e-02  -3.5216249e-02  -4.9901973e-02   1.3676613e-01   7.2233896e-02  -3.0601503e-01   4.9149863e-02  -1.7959839e-01   1.5826424e-01   4.0008206e-01  -3.1518354e-02  -2.0882833e-01   2.8221673e-02  -2.8918678e-01   1.0996366e-01  -5.3722858e-02   4.0783949e-01   1.0594468e-01   4.0408302e-01  -1.5109452e-01   1.4460735e-01   6.6326520e-02   1.4422237e-01  -2.0672185e-02   1.0798959e-01   3.1351079e-01   3.9000983e-02   4.8195590e-02   5.3119731e-03   2.6733303e-01   2.6413890e-02   1.6111695e-02  -2.3430290e-01  -1.1375393e-02  -2.0099910e-01   3.6479327e-01   2.9728589e-02  -2.6930461e-01  -2.1535198e-01   1.1016754e-01  -1.2684041e-02  -3.5504464e-03   1.3780852e-02  -3.2669029e-03   1.6925173e-01   6.4829624e-01   1.4219437e-01   5.3116956e-02  -1.8284716e-01  -1.8076752e-01  -2.4081236e-01  -4.5368717e-01   4.3747909e-01   2.4209824e-01   1.5783789e-01   4.9468780e-01  -1.3934541e-01   2.4878582e-01  -6.2467982e-02  -6.5924085e-02   1.3954709e-01   2.4294931e-01   9.7998180e-02  -2.2446443e-01  -2.8925434e-01  -1.0573964e-01   1.3286605e-01   1.9196524e-01   1.4326578e-01   1.3418572e-01   1.4552388e-01   3.8612402e-02  -1.0977660e-01   3.5537909e-01  -1.6146527e-01   4.1920229e-01   3.3768351e-01   2.0933836e-01   2.0679644e-01  -1.8650721e-01  -2.6835565e-02   1.7012647e-02
  -2.2779684e-01   0.0000000e+00  -3.7729664e-02  -5.3898712e-02  -1.7488457e-01  -5.3447715e-01  -2.0116770e-02  -5.0621291e-02   3.0829676e-03  -2.1836185e-01   2.9194925e-01   1.6830840e-01  -1.4068290e-01  -2.4845118e-01   1.5837069e-01  -2.2953599e-01   3.3548572e-01   2.1749561e-01   1.1955227e-01  -3.9500757e-01  -2.1033703e-01  -6.6614857e-03  -1.1659472e-01  -3.9000671e-01  -2.3200524e-01   6.7081349e-02  -4.1233582e-01   1.0518872e-01   2.3132120e-01   4.7958851e-01   5.2603949e-01  -3.1431189e-01  -2.0471417e-02   3.6053969e-02   1.6989384e-01  -4.6059580e-01   3.1677706e-01   5.4087808e-02  -8.4150432e-02  -4.4482872e-02  -5.9904067e-03  -1.7192818e-01  -1.0838021e-01  -1.7769427e-01   1.3440100e-01  -2.0352396e-01  -4.9610192e-01   3.3025248e-01   4.7625454e-01  -7.4114453e-02  -1.8329820e-01  -9.8261881e-02   7.3782646e-01   6.5755888e-02   1.9686045e-03  -1.4047928e-01   5.6690711e-02  -2.2260083e-01  -2.5900896e-02  -2.5760071e-02  -1.2429126e-01   5.1556253e-03  -4.4376842e-02   2.0837850e-01   4.1765973e-01  -5.7324179e-01  -3.6462925e-01   1.5906398e-01  -3.3363941e-01  -4.1818095e-01   6.9583604e-01  -4.5448888e-01   3.1227391e-01   2.1466238e-01  -2.5215467e-01   3.2036949e-01  -1.8843847e-01  -5.4370837e-02   3.3295080e-01   4.0165023e-02   1.8982216e-01  -1.1269097e-01  -2.0805112e-02  -4.2630088e-02   1.2106458e-01   1.1528279e-01   9.1494841e-02  -4.2229927e-01   5.0783938e-02  -2.6138133e-01   2.1037945e-01  -1.4857507e-01  -1.3868453e-01  -6.0777023e-02  -9.0128458e-02  -5.5937382e-01  -3.5419923e-01   1.4799783e-01   2.3385283e-01   2.1669395e-01   1.8900724e-01  -2.6029372e-02  -1.5459221e-01   3.7807387e-01  -2.6699111e-01  -1.9524855e-01  -1.5958790e-01   1.9283756e-02   2.4077080e-01   4.1015272e-01  -2.2501562e-01  -3.7510755e-01  -2.8374375e-01  -4.0578842e-01   2.1004723e-01   6.2985026e-01  -1.0024125e-01  -5.3865428e-02  -1.1075327e-01  -4.3991121e-01  -2.5101967e-01  -1.6365637e-01  -1.3321068e-01   2.5506488e-01  -3.6009828e-01  -3.8982605e-02  -2.2256863e-01  -1.4212806e-01  -6.5794823e-03   2.9056400e-01  -1.3715409e-01   2.0909460e-01   3.6069921e-01   4.4986097e-01  -3.8837871e-01   8.6473454e-02  -2.8593489e-01  -2.0578301e-01   9.6715353e-02  -1.7154832e-01  -2.8798865e-01  -2.0125000e-01   1.7514642e-01  -1.6595049e-01   7.5731001e-02   2.5060125e-01   2.0543830e-01   9.7705447e-02  -3.5879673e-01   4.6890373e-01  -2.4337511e-01  -7.1009018e-02  -1.5931483e-01   4.6185703e-01   2.5575875e-01  -2.4976333e-03  -1.7802791e-01   2.0232534e-01  -2.2034600e-01   3.7566409e-02   2.4563532e-01   7.6871350e-02  -4.3910572e-02   5.3410371e-02  -1.3524003e-01   1.5256215e-01   2.2470069e-01  -3.9019560e-01  -1.6205367e-01   3.0005008e-01  -3.2493187e-03   9.4401371e-02   7.4578967e-02  -3.3093605e-01  -2.1079528e-01  -9.4523566e-02  -6.8577854e-02
  -3.3568198e-01  -3.7729664e-02   0.0000000e+00   5.5303323e-02  -4.9978215e-02   1.5723310e-01  -1.1431674e-01  -4.9423571e-03   4.2365931e-02  -7.6701093e-03  -1.0449309e-01   2.8410994e-01  -3.6381342e-01  -1.0453932e-01  -1.1427692e-02  -9.7791734e-02   7.7772652e-01  -2.7248973e-01   2.4183951e-02   5.5819238e-02  -3.6348807e-02  -1.9090612e-01  -7.5285458e-02  -3.1363024e-01   3.0350349e-01   1.6135828e-01   1.0234196e-01   9.9702895e-02   1.4293254e-01  -3.2407364e-01  -2.0557752e-01   2.3367704e-02   1.1849686e-01   6.4792240e-02   5.9984455e-02   7.3257130e-03  -1.9230848e-01  -2.2179066e-01  -1.4106413e-01   3.9351626e-01   1.3597448e-01  -2.3892915e-02   8.4777047e-02   2.2864315e-01  -2.0786076e-01   8.4915790e-02   1.2428776e-01  -2.4589679e-01   1.5906581e-01   6.4031750e-01  -6.5631110e-03  -4.2486809e-03  -4.0106245e-01   1.8170743e-01  -1.1446508e-01   1.7663573e-01   1.1186222e-01   8.0606361e-02   6.0387543e-02   9.9846551e-02   3.9767365e-01   5.6087090e-02  -3.6789825e-02  -3.3993805e-01  -1.5928108e-01  -7.1584350e-02   1.4790878e-01   7.3331528e-02   1.6351870e-01   3.9127310e-01  -5.1520315e-02   5.3120955e-02  -1.1923317e-01   2.1665455e-01   1.5302375e-02  -7.4312149e-02   1.6000846e-02  -4.1065510e-04  -2.3370831e-02  -3.3677410e-02   6.7250325e-02  -2.2840816e-01  -1.4197890e-01   7.0708780e-02   3.3179122e-01   9.1108354e-03  -5.3026975e-02  -1.7345164e-01   1.1194435e-01  -3.4146609e-01  -3.6505840e-02   3.0535745e-01  -1.5769027e-02   1.4625645e-01  -2.6581997e-01   3.5069170e-01   2.7880128e-01   2.1928825e-01   1.2484944e-01  -3.3566448e-01   5.9440935e-02  -2.7419727e-02   6.2045141e-02  -2.1097086e-01  -1.1662080e-01   2.0231195e-01  -1.5378580e-02   7.8695307e-02  -8.9930093e-03  -2.4342632e-02  -1.2912980e-01   9.6845046e-02   1.6263715e-01  -2.4189017e-01   4.1591494e-02  -1.5794939e-01   8.5615180e-02  -2.1386879e-01   3.7077405e-01   8.6383326e-02  -1.6729981e-01   1.2258980e-01   2.9123680e-03  -2.1446819e-01  -1.3672716e-01   3.4349586e-01   6.3101344e-02  -5.5408222e-02  -8.7060236e-02   4.4791300e-01  -2.5491682e-01  -1.2153441e-01   3.8595434e-01  -3.4008817e-01   2.5891501e-01  -1.4212077e-01   9.2501376e-02  -7.5938390e-02  -1.6597678e-02  -2.3139375e-01  -2.9472253e-01  -3.4057785e-01   2.1465799e-01   3.6216676e-01  -1.9491284e-01  -1.1200978e-01   1.3066556e-01  -9.6453962e-02  -3.4193985e-02  -3.6555022e-01  -1.5588113e-01   8.7539688e-02  -1.6457787e-01  -3.1059788e-01   5.7211432e-01  -9.0609773e-02  -5.9196436e-02   7.5539002e-02   1.1847878e-01   4.6825786e-02   5.7453887e-02  -3.4511953e-02   3.2024029e-02   1.0585347e-01   8.1979877e-02  -3.4905172e-02   3.8691935e-02   2.5586986e-01  -2.0716176e-01  -2.0329096e-01  -1.7073981e-01  -2.1341750e-01  -2.7437334e-01   2.7131814e-01   1.8966842e-01  -5.1213471e-02   1.0959747e-01
   1.0433110e-01  -5.3898712e-02   5.5303323e-02   0.0000000e+00   9.6128459e-02   1.6855086e-01  -3.8932926e-01   2.9578004e-01   4.8081152e-01  -2.6443192e-01   3.5160379e-02  -2.4104349e-01  -2.0965707e-01   4.4330053e-01  -4.0615459e-01  -5.7317636e-02   2.2495375e-02  -3.5455309e-02  -2.2551338e-03   1.8307116e-01  -1.5725060e-01   1.7485066e-01  -4.3501118e-01   1.7306026e-01   3.2067583e-01   8.7521454e-02   8.6957930e-02   2.1114516e-01   2.8485904e-02  -2.8687251e-01  -3.0691838e-01   4.8551907e-01   2.3802203e-01  -4.9653042e-01   5.1236154e-01   5.9029994e-02  -2.9279262e-01  -1.1634952e-01  -1.9988919e-01  -8.6429519e-02   9.7764929e-02   1.5881918e-01   1.6619612e-01   4.0751115e-01   2.0021561e-01   3.8931247e-01   3.5138420e-01  -5.1454076e-01   1.3135189e-01  -1.0663222e-02   2.6496705e-02   1.8608921e-01  -1.9282651e-01   4.4471059e-02  -1.7029644e-01   1.4672497e-01  -2.0774052e-01   5.2131705e-01   5.0993476e-01   5.1560115e-01   1.6059558e-01  -1.2696206e-01   2.9379074e-01  -2.3233019e-01   4.5685964e-02   1.5194417e-02   1.8970509e-01   2.5308384e-01   5.2112736e-01   2.0128738e-01  -4.0889398e-01   5.8452666e-01   3.5005436e-03   1.5585991e-02   5.4790839e-04   7.7510771e-02   3.2079956e-01   3.2289450e-01  -5.0478453e-02   4.6904579e-01  -1.3496858e-02  -7.6950592e-02  -4.3055535e-01   3.7741697e-01  -5.9540050e-02   3.1734558e-01   3.3696868e-01   2.2033640e-02   6.1962798e-02   6.3291304e-02  -8.4999230e-02   3.2929957e-01  -4.0946058e-01   3.0781186e-01   1.3097237e-01  -1.3675549e-02   3.9527589e-01  -6.1615685e-02   3.2208212e-01  -3.8312942e-01  -4.1734365e-01   1.1215672e-01  -7.8667617e-02   3.2367874e-01   3.7498060e-01   4.4642000e-01   6.4583612e-03   5.0139082e-01  -1.3212186e-01  -1.6698990e-01  -3.9538300e-01   2.6216121e-01   5.8504805e-01   2.1421925e-01  -2.6388451e-01  -1.4455743e-01   7.4503631e-02   4.0014744e-02   1.9743843e-02   5.2860035e-01   3.7901380e-01   6.0953667e-03   3.0701391e-01  -3.0187310e-02   2.3662148e-01   2.2879672e-01  -1.0586876e-01   2.2470189e-02   6.0362575e-01  -2.2901541e-01  -2.4932241e-01  -3.6377349e-01   8.0725401e-02  -4.3919041e-01   3.2418684e-01   2.7829335e-01   3.2739790e-02   5.5549954e-03   2.7820004e-01  -2.3402627e-01   1.4616541e-01   1.3058949e-01   2.0659419e-01  -9.0917220e-02  -4.8432841e-01  -3.3911371e-01  -3.6223320e-01   3.7970384e-02  -3.2669223e-02  -1.1965895e-01   1.0860267e-01   3.9872941e-01   4.3135162e-01  -1.4638915e-01   4.3979651e-02  -2.6496310e-01   3.0821610e-01   2.0859944e-01   1.9967991e-01   6.9702873e-02   2.7791797e-01   4.0673185e-01   6.9873079e-03   2.8757237e-01   5.8855733e-01  -4.0920575e-01  -5.0262772e-02   2.3380452e-01   3.2322178e-01  -4.4007714e-01  -2.1559252e-01   1.3572633e-01   1.8207620e-01   1.8108252e-01   2.3323725e-01   1.5850503e-01   7.1980730e-01
  -1.2900510e-01  -1.7488457e-01  -4.9978215e-02   9.6128459e-02   0.0000000e+00   7.5922245e-02   4.2451527e-02  -2.6460802e-02  -1.4264782e-02   1.4863320e-01  -2.1220887e-01   5.3612500e-02  -1.0711887e-01  -1.5736062e-01  -2.8205632e-01   1.6524000e-01  -2.7779262e-02  -9.5218104e-02  -1.9646391e-01   6.2032378e-01   1.8443677e-01   6.9410405e-02   9.1006164e-02   1.2494735e-01   1.1519982e-01  -2.8768251e-01   5.7254885e-01  -1.4484109e-01  -4.5711175e-02  -1.8498973e-01  -1.5759693e-01  -1.5923654e-01   7.3989234e-02   1.6832364e-01  -8.4120071e-02   4.2141074e-01  -1.6671314e-01  -3.9307109e-02   1.1744678e-01   3.6862249e-01   1.0394333e-01   4.1139316e-02   1.4072651e-01   1.0730600e-01  -5.8769652e-02  -1.7024793e-01   2.0710499e-01  -4.5196494e-02  -1.9457076e-01   2.1188231e-01   7.5251826e-02  -1.6776220e-01  -2.1322299e-01   3.7219931e-02  -1.1882520e-01  -3.8430495e-02  -5.9454645e-02  -1.0652627e-01   5.0589588e-02   3.8649496e-02  -1.5723889e-01   4.0743464e-02   2.0572449e-01  -1.4545146e-01  -2.0996620e-01   1.1056686e-01   1.1440903e-01   8.3768813e-02   1.3871514e-01   1.3733925e-02  -1.7429425e-01   9.0944401e-02  -1.7869052e-02  -2.4280123e-01   2.2209993e-01  -2.2922297e-01  -1.2600711e-01  -1.0750424e-01   4.7203951e-03   1.6626416e-01  -2.2381785e-01  -1.2337263e-01   3.8214928e-02  -1.2860815e-01  -1.5524925e-01   2.3486762e-02  -3.8038167e-02   8.2087085e-02   1.0947265e-01   1.5596404e-02   3.0650953e-01  -1.5118503e-01   2.1588374e-01  -2.7251579e-01  -1.2243230e-01   4.5391163e-01   2.0234818e-01  -2.5570275e-01  -8.5343500e-02   1.5195046e-01  -1.3628202e-01  -3.5509326e-01   6.4587638e-02   1.4607264e-03  -3.5500588e-02   4.5379367e-02   3.0727786e-01  -9.0841537e-02  -1.5274177e-01   5.0560393e-02   3.2660223e-02  -9.6578436e-02   2.4941103e-01   1.5221080e-02  -1.3517940e-01  -1.9482247e-02  -1.4449293e-01  -1.5794197e-01  -1.0890634e-01   1.6058167e-01  -2.3763750e-02   2.2025875e-01   5.6622867e-02   6.3910281e-03  -1.7282467e-01  -1.6147566e-01   3.8757051e-02   2.4931631e-01  -1.5241237e-03  -1.2158675e-02   1.3026484e-01   1.1243936e-02  -7.2848392e-02  -8.6864780e-02   3.0850474e-03  -1.5492790e-01   1.3894133e-01  -1.9701040e-01  -2.3623078e-01   5.1637878e-02   5.2729860e-02   1.9620491e-01  -2.0133811e-01  -3.0744685e-02   1.5456225e-02  -1.4228157e-01  -5.8961113e-02  -7.7207635e-02   1.0863386e-01  -1.3089025e-01  -2.7227810e-01   2.9465746e-02  -2.4482118e-02  -9.2158325e-02   8.7191658e-02  -6.6312756e-03  -1.8940178e-01  -2.0275022e-01  -8.9608870e-02  -1.6112595e-01   4.1422036e-02  -2.3518241e-01  -9.8406859e-02  -1.0948846e-01  -8.2178132e-02  -3.9603808e-03  -2.1310467e-01   2.6070043e-02   1.0115280e-01  -3.6399975e-02   5.4989489e-02  -1.3049220e-01   3.8735266e-02  -3.4873766e-02  -6.1214298e-03   9.8800199e-02  -4.7310525e-02
   2.5706215e-01  -5.3447715e-01   1.5723310e-01   1.6855086e-01   7.5922245e-02   0.0000000e+00  -5.5178421e-03   2.2383855e-01  -1.5467723e-02   1.7359171e-01  -2.7373994e-01   1.3224212e-01  -4.5934115e-02   2.8302161e-01  -3.2368325e-01  -5.4905841e-02  -5.5327562e-02  -2.7150433e-01  -4.3490214e-04   4.3054909e-01   1.7352014e-01  -2.7833374e-01  -1.9228156e-01   1.3795640e-01   1.5548241e-01   1.6703004e-01   3.2905902e-01  -1.9132429e-01  -3.5422198e-02  -4.1246857e-01  -6.2282577e-01   2.3705031e-01   1.3948798e-01   3.8641384e-02   6.0573491e-02   2.4047399e-01  -2.7060457e-01  -2.2944506e-01  -1.7474539e-01  -9.0659991e-02  -2.6267818e-02  -1.1129601e-01   3.4925124e-01   2.5903443e-01  -7.1050976e-02   2.2920109e-01   4.6460811e-01  -4.1374767e-01  -1.2063621e-01   1.0973090e-01   1.3301508e-01   3.3058239e-01  -5.9166431e-01   1.5153661e-02  -3.3229744e-02   3.9701095e-01   1.5975371e-01   2.8337513e-01  -6.2098407e-02   2.1513742e-01   1.7640303e-01   5.6969641e-02   5.5168138e-02  -2.9135482e-01  -3.0979470e-01   6.2303319e-01   7.1990778e-01  -1.6695831e-03   5.0500682e-01   3.3015443e-01  -5.9132751e-01   3.6676536e-01  -3.4189677e-01   2.3775091e-01   2.3527956e-01  -1.3914422e-01   2.1414405e-01   7.5952759e-02   2.2753445e-02  -5.3842662e-02  -2.9877552e-01  -4.5268450e-03  -2.5673268e-02   1.3015163e-01   3.1948636e-01   8.9764287e-02  -1.8178402e-03   1.9069262e-01  -1.7271689e-01   3.0097208e-01  -2.7234747e-01   2.9103831e-01   2.1537397e-01   1.4446212e-01  -1.8860089e-02   3.8780441e-01   2.3346094e-01   1.2729065e-01  -5.4884492e-03  -1.3441644e-01  -3.4722086e-01   2.2258916e-01   1.3401384e-02  -2.4471224e-01   3.5496911e-01   2.2099500e-01   1.6329655e-01   3.5362368e-01  -2.1303610e-01  -1.9213114e-01   3.3777520e-01   4.5493716e-01   1.8442999e-01   2.1600642e-01  -3.8517831e-01  -4.2793440e-01   1.6994068e-01  -7.7466615e-02   4.4151041e-01   3.5921088e-01   1.3133116e-01   2.5489380e-01   7.6574776e-02  -1.3820492e-01   1.8168511e-01   1.4841560e-01   3.2371776e-01   7.5722725e-02   1.3508685e-01  -7.6455501e-02   1.1667564e-02  -1.5126385e-01   4.0697362e-02  -5.1147728e-01   4.9414913e-01   7.9791778e-02   5.5862902e-02   1.5437211e-01   1.2981566e-01  -2.1767214e-01   3.1680804e-01   2.0481555e-01  -1.8201989e-02   5.1119038e-01  -2.9538428e-01  -5.6535312e-01  -3.2954036e-01   5.0139886e-02   6.9475076e-01  -2.6054129e-01   4.3239924e-01   1.0289023e-01   1.8463315e-01  -5.6460490e-01   1.7046070e-01  -1.3237141e-01   1.0938080e-01  -2.2917817e-01   2.2275437e-01  -1.1353757e-01  -4.6921544e-02  -3.0963838e-02   8.9850403e-02   3.5008672e-02   2.2749749e-01  -2.7562930e-02  -4.6280150e-02   3.6781725e-01   2.4802218e-01  -4.2930293e-01  -3.0968584e-02  -7.3470339e-02  -1.3256950e-01   6.9127108e-01   1.3623411e-01  -1.4993186e-01   9.0950466e-02
  -2.5660255e-01  -2.0116770e-02  -1.1431674e-01  -3.8932926e-01   4.2451527e-02  -5.5178421e-03   0.0000000e+00  -1.8416363e-01  -1.0354893e-01   7.4991807e-01  -3.5744962e-01   5.0640896e-01   7.1366816e-02  -3.0464482e-01   4.1002429e-01   1.2792582e-01   1.1589147e-02   2.4633406e-01  -2.6722341e-01  -7.4132767e-03  -4.7630872e-02  -1.0065852e-01   6.5507227e-01   3.1162792e-02  -1.8585632e-01  -1.9926664e-01  -1.6479481e-01  -1.6938940e-01   6.2179788e-02   1.4308239e-01   1.6700340e-01  -5.5618247e-02   3.2313013e-02   6.8910343e-01  -2.1565661e-01   3.6058043e-02   1.1238342e-01   3.3319220e-02  -4.8838189e-02   8.4738167e-02  -3.7493622e-01   2.7057159e-01   1.0449891e-01  -3.3124825e-01  -3.4092919e-01  -3.7311191e-01  -4.6962539e-01   6.1972447e-01  -2.6023387e-01   1.2896898e-01   2.4756126e-01  -1.9926661e-01  -4.8855476e-03   3.5029456e-01   8.5717094e-02  -2.6360428e-01   5.0004121e-02  -4.9274465e-01  -3.0828670e-01  -3.3582951e-01  -5.2670271e-02   3.0228223e-01   5.6630528e-02  -1.9751862e-01  -2.7295895e-01   1.3403610e-01  -2.6953497e-02  -3.2173355e-01  -5.3523814e-01  -3.2516720e-02   3.3812812e-01  -4.1917686e-01  -5.7059445e-03  -2.9559367e-02   1.4136978e-01  -2.8829579e-02  -1.4429957e-01  -2.0603409e-01  -1.7672255e-01  -3.5862846e-01   3.4127469e-01   5.8290315e-02   7.3680186e-02  -2.8736144e-01   2.0506601e-01  -5.0494761e-02   8.7427858e-03  -2.4837613e-01   8.4156546e-02   1.8078120e-01  -4.1147307e-01  -1.6408138e-01   7.1513421e-01   7.4476909e-02  -1.9071794e-01   1.8598295e-01  -2.4124943e-01  -2.0802573e-01  -3.3726638e-01   4.8808713e-01   3.0213156e-01   8.2365331e-03   4.4631730e-02  -2.1413262e-01  -3.4890160e-01  -1.0229655e-01   1.8067766e-01  -2.9612850e-01   3.8856448e-01  -9.6121209e-02   7.2169984e-01  -2.5598571e-01  -3.0251510e-01  -1.2270777e-01   1.9850301e-01  -3.0418386e-01  -2.5805984e-01   5.3543938e-02  -1.6628375e-01  -2.5723867e-01  -3.1839049e-01   1.5443964e-01  -2.6099112e-01  -1.2448805e-03  -1.7675790e-01  -4.8893038e-01   2.6272130e-01   1.3943548e-02  -2.2577178e-01   1.7184663e-01  -6.7782559e-02   2.4678905e-01  -1.4425137e-01   4.9747421e-01  -3.7610618e-01  -4.7317167e-02   2.9776605e-02   3.9124528e-02  -1.4287580e-01   2.2089424e-01  -3.6609303e-02  -6.5740786e-02  -1.7798251e-01   2.3235841e-01   8.4275779e-01   2.5692866e-01   7.3744267e-01  -2.5074839e-01   2.9122422e-01   9.0744947e-03  -1.1616057e-01  -2.0376302e-01  -1.8489510e-01  -1.3445008e-01  -1.8559084e-01   2.7858204e-01  -1.8947465e-01  -1.8889411e-01  -1.1583159e-01   2.5282832e-01  -3.5838325e-01  -3.5073518e-01  -5.2720329e-02  -4.0889025e-01  -1.7813043e-01   2.2473309e-01  -1.6783827e-01  -1.0867994e-01  -1.6514711e-01   2.5141839e-01  -1.0961699e-01  -1.0006595e-01  -4.5936665e-01  -2.0402783e-01  -1.2359524e-01  -1.3148488e-01  -2.7091066e-01
   3.8912780e-02  -5.0621291e-02  -4.9423571e-03   2.9578004e-01  -2.6460802e-02   2.2383855e-01  -1.8416363e-01   0.0000000e+00   3.4727825e-01  -7.5019075e-02  -2.1859015e-02  -3.3750408e-02   8.2021212e-02   3.4646110e-01  -1.9250886e-01  -5.6320844e-01   4.6587761e-02  -2.5981168e-01   2.9514610e-01  -1.1952550e-01  -1.3252316e-01  -5.5877234e-02  -3.9281392e-01  -2.5793379e-02  -1.0649465e-01   7.1474515e-01  -1.4972838e-01   2.0677093e-01   4.7603392e-01  -2.0692800e-01  -1.5036225e-02   2.9942765e-01  -4.2072266e-02  -2.2442576e-01   4.0850532e-01  -1.2690609e-01  -3.1342648e-01  -5.8346411e-01  -5.6156112e-01  -3.2138703e-01  -5.7510352e-02  -3.7782490e-01   3.7831502e-01   4.7673276e-01   2.4513999e-01   5.6244539e-01   8.6415629e-02  -3.0867717e-01   2.5998091e-01  -5.0825651e-02  -1.6930195e-01   8.3045807e-01  -1.1581082e-01  -4.5985761e-02   1.2514066e-03   4.2711068e-01   1.5322441e-01   4.9718644e-01  -3.4454856e-02   4.1911988e-01   6.7565797e-02  -5.6628520e-03   3.1740337e-01  -1.3059959e-02   1.3060752e-01  -9.6687401e-02   2.4426548e-01   1.5146406e-01   2.9589099e-01   2.3596266e-01  -2.7402660e-01   9.8306506e-02  -2.5121890e-01   1.5756733e-02   1.4320540e-02   5.4177799e-01   4.8964027e-01   4.9036632e-01  -1.5534511e-01  -9.3952322e-02   4.1458575e-01  -2.3162175e-01  -3.9391073e-01   7.5684554e-01  -2.1990597e-02   4.6777103e-01   3.2594632e-01   3.5285088e-02  -2.6027525e-01   1.1080360e-01  -9.7648006e-02   3.5413654e-01  -1.8493796e-01   9.7262900e-02  -1.3168841e-01   5.3513360e-02  -3.1807084e-02   4.6842091e-01   3.8419340e-01  -4.5819265e-01  -8.4702171e-02   3.2177057e-01   3.0702040e-01   1.5902677e-01   1.2022824e-01   5.2330495e-01  -1.5517208e-01   6.6194036e-01  -1.0423808e-02  -1.5504152e-01  -4.4159151e-03  -7.7733262e-02   2.7395269e-01   3.5265831e-01   1.4287351e-02  -1.0045754e-01   5.9163184e-01  -2.0467513e-01   1.4520590e-01   1.8972246e-01   1.8520452e-01  -5.8236850e-02   1.5664790e-01  -3.0137391e-02   4.2413508e-01   3.3752495e-01   1.3639621e-01   2.1172872e-02   2.6994978e-01  -2.2662967e-01  -1.0098897e-01  -4.6109885e-01   1.0923922e-01  -3.0039496e-01   9.2393180e-02   7.5770711e-01  -4.0618692e-01   1.4763146e-01   7.8208505e-01  -3.3513700e-01  -5.5448482e-03   3.5701868e-01   2.5366697e-01   3.6145282e-02  -2.5597518e-01  -1.8675942e-01  -6.3392318e-02   4.0796701e-02  -8.9535426e-02  -1.0618761e-01   2.9153238e-01   8.2089408e-01   2.1644274e-01  -7.8843010e-02  -2.7875881e-02  -4.5186331e-01   1.6197793e-01  -2.5988716e-01   3.5029002e-01   5.9552978e-01   8.2949814e-02   2.0848039e-01  -1.4984063e-02  -1.5350746e-02   3.9302363e-01  -1.3346515e-01   5.3205725e-02   8.2002885e-02   2.7605052e-01  -2.6397340e-01  -5.9830575e-02  -2.5719976e-01   1.9089234e-01   1.1530363e-01   8.0861585e-02  -3.8781201e-01   3.6152383e-01
  -7.7945800e-02   3.0829676e-03   4.2365931e-02   4.8081152e-01  -1.4264782e-02  -1.5467723e-02  -1.0354893e-01   3.4727825e-01   0.0000000e+00  -1.3400702e-01  -1.5020433e-01  -2.0280636e-01  -1.6029374e-01   3.8186356e-01  -3.9631959e-02  -1.0445046e-01  -2.7452824e-02   2.3392128e-01   2.5585834e-01  -8.0113112e-02   3.3529654e-02   5.0312137e-01  -1.4407887e-04  -3.6894950e-02   1.1709719e-01   2.3369567e-01  -1.9511444e-01   2.5189454e-01   5.7946147e-02  -7.9080536e-02   7.2441462e-02   3.2332169e-01   2.6875473e-01  -3.5548878e-01   5.4137986e-01  -1.4167002e-01  -2.2414513e-01  -3.0782220e-01  -1.4146383e-01  -2.3184927e-01  -1.3461037e-01   8.7282941e-02   1.4849063e-01   3.0545855e-01  -3.7958906e-02   4.0821021e-01   1.8696046e-01  -8.9497484e-02   1.7265022e-01  -1.3942630e-01   1.8756013e-01   2.5655923e-01  -7.4377828e-02   1.1731113e-01  -1.5816185e-01   2.1352268e-01  -2.2236661e-01   3.7616648e-01   3.5929373e-01   3.7968257e-01   2.0889814e-01  -1.5970784e-01   4.0599790e-01   9.0618928e-02   1.1675428e-01   2.2982317e-02   2.6364423e-01   2.2408784e-01   2.2543318e-01   1.4921086e-01  -1.0217525e-01   3.1047857e-01  -1.0106538e-01  -8.1455274e-02  -5.1321767e-02   2.5535865e-01   4.1654615e-01   1.8985539e-01  -1.3056238e-01   6.8919699e-02   3.5274847e-01  -4.6313064e-02  -2.2853556e-01   3.6829680e-01   1.6060586e-01   3.1402052e-01   4.0064332e-01  -3.9572573e-02   7.5971675e-02   9.2112094e-02  -2.4387973e-01   3.6183494e-01  -4.2137566e-01   3.2646480e-01   2.7147775e-02  -6.7556106e-02   1.1229219e-01   2.1750129e-01   2.5014700e-01  -2.3879846e-01   1.0070363e-01   1.9372952e-01   3.6073325e-01   3.4149825e-01   2.8249475e-01   4.7402080e-01   2.4790274e-02   4.9559186e-01  -6.4150031e-02   1.1224352e-02  -3.4396139e-01   2.5392655e-01   3.3660133e-01   2.8986111e-01   1.6970755e-01  -1.4380179e-01   6.7861067e-02  -1.2530251e-02   2.1589170e-01   1.2697750e-01   2.8031988e-01  -2.0257878e-01   2.0290840e-01   1.9982048e-01   3.4096464e-01   1.7330519e-01  -5.1131936e-02  -7.1785750e-02   2.8751464e-01  -9.7135858e-03  -1.6121363e-01  -3.2460456e-01   6.9384522e-02  -8.2891252e-02   8.2638215e-02   4.3704671e-01  -2.0989637e-01   3.7783795e-01   3.3679385e-01  -1.1991595e-01  -1.2191513e-01   1.0504883e-01   3.3667336e-01   1.0870277e-01  -1.0493402e-01   5.8973101e-02   2.6122597e-02   2.1145909e-02  -2.0340372e-01  -1.3116957e-02   1.2328071e-01   4.5320432e-01   2.1705411e-01  -1.7132530e-01  -6.1724848e-02  -2.6840443e-01   2.7600514e-01   2.4375199e-02   3.8025781e-01   3.1051808e-01  -3.3765602e-02   2.5666578e-01  -7.3157457e-02   2.9254662e-01   4.8482026e-01  -4.4499027e-01  -9.8630349e-02   2.0750505e-01   2.6252852e-01  -1.8634182e-01  -2.7167060e-02  -1.1050685e-01   2.4730792e-01   2.3266128e-01   2.8592919e-01  -9.3936314e-02   6.0637861e-01
  -3.2829558e-01  -2.1836185e-01  -7.6701093e-03  -2.6443192e-01   1.4863320e-01   1.7359171e-01   7.4991807e-01  -7.5019075e-02  -1.3400702e-01   0.0000000e+00  -4.4483389e-01   4.7011547e-01   1.5121934e-01  -1.7002425e-01   9.5531891e-02   1.9318189e-01   4.9060892e-02   3.1094894e-02  -3.3215737e-01   7.3333816e-02   7.5400525e-02  -3.0028022e-01   5.3195526e-01   1.6169662e-01  -1.9264938e-01  -1.2270633e-01   4.3958832e-02  -6.6889859e-02  -7.3330161e-02  -6.7647899e-02  -9.1796848e-02  -8.4779756e-04   9.0741484e-03   6.7389398e-01  -1.9574888e-01   1.1737494e-01  -7.0405658e-02  -9.7466835e-02  -2.6849803e-02   1.4302708e-01  -2.7991433e-01   2.0594730e-01   1.5354740e-01  -1.0261987e-01  -2.7664504e-01  -2.3089699e-01  -2.8740755e-01   3.2393107e-01  -3.6524656e-01   2.9300556e-01   2.3471047e-01  -6.5834160e-02  -1.8160155e-01   3.6260158e-01   3.8012004e-03  -1.5266653e-01   5.7294062e-02  -3.3116058e-01  -3.2959016e-01  -2.8214772e-01   1.3346006e-01   3.7722722e-01  -4.0716205e-03  -3.0922641e-01  -3.5530443e-01   2.6464591e-01   6.3062894e-02  -3.4256729e-01  -2.7937503e-01   1.4522829e-01   2.7573524e-02  -2.0586322e-01   5.3005938e-03   1.1263115e-02   3.0810741e-01  -1.8659323e-01   1.2874474e-02  -1.9958164e-01  -3.8437187e-01  -3.7702814e-01   1.2828928e-01   6.6814070e-02   6.1296025e-03  -2.4911764e-01   1.8569325e-01   7.0655206e-02  -4.6373762e-02  -1.0784179e-01  -2.4998678e-03   7.3652483e-02  -3.0908801e-01   2.0946553e-02   6.8730841e-01   1.7408812e-03  -9.8504780e-02   4.2212559e-01  -1.6968008e-02  -2.0249138e-01  -4.4259193e-01   3.7150274e-01   3.4838483e-02  -5.4784124e-02   8.5411700e-02  -3.3974316e-01  -2.0793434e-01   4.2109175e-02   3.2725354e-01  -2.2120077e-01   3.2992801e-01  -3.6985094e-01   6.7249866e-01  -1.4768559e-01  -2.0957169e-01  -6.5667656e-02  -1.4780082e-01  -4.6055879e-01  -2.2383893e-01   1.5074903e-01  -2.1142763e-01  -1.0316744e-01  -2.0634637e-01   2.0541564e-01  -9.6157045e-02  -2.2126600e-01  -7.6083726e-02  -3.2909969e-01   2.7270116e-01   6.4447224e-02  -1.6371848e-01   4.8866229e-02   1.3771320e-02   2.0416801e-01  -5.3495441e-02   2.0025998e-01  -1.0898470e-01  -8.2967973e-03   1.5536785e-01   4.7022286e-03  -4.9723668e-02   1.4099867e-01  -1.3293311e-02   8.5839644e-02  -2.7523398e-01   1.7818023e-01   6.2882891e-01   1.9059972e-03   4.4070937e-01  -5.1255995e-01   3.4545826e-01  -2.1837547e-01  -1.5569511e-01  -8.7614104e-02  -7.8723700e-02  -2.4728568e-01  -2.3362552e-01   1.8433773e-01  -1.0723492e-01  -3.0128629e-01   4.4362385e-02   1.1705276e-01  -3.0171688e-01  -3.8208677e-01  -2.9255004e-01  -4.7053751e-01  -9.2653999e-02   2.1054162e-01  -1.5654297e-01   1.4598719e-02  -8.7281515e-02   9.8972179e-02  -1.9225893e-01  -1.3451961e-01  -5.2093942e-01  -7.6961631e-02   3.4694899e-02  -3.0071990e-02  -2.0923260e-01
   8.8336426e-02   2.9194925e-01  -1.0449309e-01   3.5160379e-02  -2.1220887e-01  -2.7373994e-01  -3.5744962e-01  -2.1859015e-02  -1.5020433e-01  -4.4483389e-01   0.0000000e+00  -1.9744619e-01   1.5604356e-01  -1.5040841e-01   1.0984037e-01  -2.8475586e-02   1.7056523e-02   4.4319569e-02  -1.0185913e-01  -1.2194441e-01  -5.3709800e-02   6.5512445e-02  -3.9798799e-01  -1.6875259e-01   1.0842455e-02  -1.9038065e-02  -7.4818649e-02  -5.0037172e-02  -8.4205874e-03   3.4564757e-01   3.8375977e-01  -1.0336221e-01  -1.0221432e-01  -3.1214503e-01  -8.2853461e-02  -2.5096486e-02   2.6220888e-01   1.6977613e-01   1.0035269e-01  -9.5387818e-02   3.7328570e-01  -1.0091571e-01  -2.0415265e-01  -8.9056344e-02   4.5332187e-01  -6.6659651e-02   4.2001820e-02  -5.4797632e-02   4.7003383e-01  -1.9843399e-01  -2.7439536e-01  -1.0979924e-02   4.5918156e-01  -2.8340728e-01   9.3179257e-03  -1.0770629e-01  -4.8315950e-02   9.1351772e-02   2.5855108e-01  -4.0241489e-02  -2.8550260e-01  -6.5049920e-02  -2.0693720e-01   4.8487218e-01   6.6254834e-01  -2.8515070e-01  -3.3271657e-01   1.7254234e-01  -1.1970346e-02  -2.1949065e-01   1.0241204e-01  -3.4715694e-02   2.6875120e-01   6.2196273e-02  -4.6341185e-01   3.4628067e-01  -2.5967011e-01  -2.5147225e-02   8.2277091e-02   3.2166265e-01  -7.6452771e-02  -3.7556350e-02   5.4859907e-02  -1.2017154e-02  -7.2052087e-02   1.0223140e-01  -2.0304353e-01   9.5756935e-02   1.1350665e-01  -1.8465352e-01   3.4517299e-01  -2.3034906e-01  -3.5371110e-01  -5.3192733e-02   8.0181342e-02  -3.1902198e-01  -9.0677510e-02  -1.7098671e-01   3.1996999e-01  -6.2281922e-02  -3.5115686e-02   2.1861275e-01  -3.0651032e-01   2.1290172e-01   6.8796095e-02  -1.4305151e-01  -1.4394805e-01  -1.0144808e-01  -9.1625946e-02   1.8789220e-01  -4.4411264e-01  -1.5058500e-01  -1.7550156e-01  -1.7258357e-01   1.1504486e-01   3.2847314e-01   6.4076464e-02   1.9709451e-01  -4.7845269e-02  -1.4651175e-01  -1.6662387e-01   2.2870597e-02   3.2320347e-02   2.2966290e-01  -1.5603532e-01   4.0160367e-02  -1.5847275e-01  -9.5262549e-02   1.4533714e-01  -7.4645039e-02   6.2720925e-02   1.8097242e-01   6.3810720e-02   8.7175353e-02  -2.1916547e-01   3.4656494e-02  -6.3749085e-02  -1.6838974e-01   4.6684690e-02  -1.5928506e-01  -8.0274957e-02  -9.1559590e-02   5.4500976e-02  -1.9241870e-01  -2.7073229e-01   3.1997290e-02  -1.6838364e-01   3.9394269e-01  -2.0101249e-01   5.0121635e-01   1.0245313e-01  -1.2612356e-01  -1.1678163e-01   7.2824302e-01   5.6009357e-02  -6.4052331e-02  -2.4911040e-01   2.9674284e-01  -2.5128629e-01  -1.7191247e-01   3.5156633e-01   5.6019145e-01   2.3270838e-01   3.6022872e-01  -1.9838217e-01   4.7534013e-02   4.4608586e-01  -3.3070608e-01  -6.2305616e-03   9.0284917e-02   1.0655444e-01   1.6256912e-01   4.7008841e-01  -2.8761983e-01   3.5117411e-02   1.4272007e-01   1.1743573e-01
  -2.4240760e-01   1.6830840e-01   2.8410994e-01  -2.4104349e-01   5.3612500e-02   1.3224212e-01   5.0640896e-01  -3.3750408e-02  -2.0280636e-01   4.7011547e-01  -1.9744619e-01   0.0000000e+00   2.7720644e-02  -2.4322621e-01   2.5909674e-01   3.1441794e-02   3.9059085e-01  -3.5372583e-02  -2.2671659e-01   6.3495020e-02  -4.6799772e-02  -3.7203165e-01   1.2592289e-01  -1.4124308e-01  -5.9718017e-02   6.1140646e-02  -3.4348722e-02  -9.9737890e-02   1.2233778e-01   7.4746296e-02  -2.3890433e-02  -1.0394650e-01  -8.1659370e-02   6.2127147e-01  -1.2409279e-01  -6.2880005e-02  -2.2353859e-02  -1.3898120e-01  -9.0264848e-02   2.1091153e-01  -2.5897352e-02  -3.6256353e-02   1.9746726e-01  -1.1927191e-01  -1.6274202e-01  -3.2106920e-01  -2.7925165e-01   1.7003435e-01   9.9265596e-02   3.1241134e-01   6.2609439e-02  -6.2570505e-02  -3.8672664e-02   1.8844701e-01   1.0821842e-01  -9.0612250e-02   1.4260229e-01  -3.0068295e-01  -1.1969154e-01  -1.4846584e-01  -1.0555130e-01   4.2664162e-01  -2.1256299e-02  -2.1902162e-01  -1.2508523e-01   4.9203848e-02   2.5159626e-01  -5.9025181e-02  -2.5976612e-01   1.0949581e-01   3.0255757e-01  -4.3814971e-01   8.3281670e-03   2.2288198e-01   2.6664946e-01   4.5440603e-02  -2.6827641e-01  -1.5991188e-01   1.9910894e-01  -1.2225528e-01   1.3918703e-01  -1.0948505e-01   7.5542763e-02  -1.3226363e-01   3.3262734e-01   4.1377327e-02  -1.0008877e-01  -1.9449603e-01  -1.7272072e-02   2.8911434e-02  -6.5664417e-02  -1.9775860e-01   6.2199418e-01   1.5977252e-01  -3.9956867e-01   2.0995240e-01  -3.6677559e-02  -4.6025531e-03  -3.5288889e-02   2.0406774e-01   1.8802152e-01   6.4896537e-02  -1.9395034e-01  -2.9509650e-01  -1.6008163e-01  -8.7015728e-02   5.2016108e-03  -1.4979721e-01   3.0031991e-01   1.4867476e-01   3.8703676e-01  -8.0002131e-02  -1.4096925e-01  -3.1127501e-01   1.9510427e-02  -3.1798534e-02  -7.6239398e-02  -3.3992199e-02   9.9465252e-02  -1.4225216e-01  -3.7310278e-01   3.1543430e-01   2.2797376e-03  -5.3080520e-02  -3.3998102e-01  -1.0412379e-01   2.4551034e-01  -1.2726199e-01  -2.7030304e-01   3.7606098e-01  -7.1134173e-02   1.9001353e-01   3.2317861e-01   1.7776820e-01  -1.4343878e-01  -2.5158681e-02  -5.3706550e-02  -2.8527088e-02  -2.7137460e-02  -1.6073007e-01  -5.2175450e-02  -1.9767270e-01   6.0317396e-02   2.4668122e-01   3.6200600e-01  -1.2706820e-01   4.0964780e-01  -9.9100704e-02   2.7682788e-01  -8.3204718e-02  -1.4652857e-01  -1.4528596e-01  -2.0025507e-01  -1.6582963e-01   3.5586907e-01   2.0795843e-01  -3.2085206e-01  -5.0112353e-03  -2.2328059e-01  -2.7645583e-02  -1.0742687e-01  -1.7162225e-01  -1.9152766e-02  -1.8712646e-01   1.4107566e-02   4.3299503e-01   3.3195744e-02   1.5353475e-02  -2.0091228e-01   1.5945335e-01  -6.3009406e-02  -1.4556854e-01  -4.6851481e-01  -2.9275239e-02  -2.0368247e-02  -3.0263075e-01  -2.3189112e-01
   9.1108716e-02  -1.4068290e-01  -3.6381342e-01  -2.0965707e-01  -1.0711887e-01  -4.5934115e-02   7.1366816e-02   8.2021212e-02  -1.6029374e-01   1.5121934e-01   1.5604356e-01   2.7720644e-02   0.0000000e+00   8.5348664e-02   1.6472441e-01   1.3902457e-01  -3.4819131e-01   6.4097137e-02  -1.8749721e-01  -2.3759783e-03   9.5347286e-02  -5.8957134e-02  -3.0436209e-02   1.6533072e-01  -2.8010266e-01   1.6985865e-02  -7.3953217e-02   1.4337173e-01   7.1842489e-02   1.4816781e-01   1.3796166e-01   6.7302347e-02  -1.6687805e-01   1.0728889e-01  -2.0106744e-01   4.8659410e-02   1.2761945e-02  -6.3722030e-02   1.4014301e-01  -3.2375357e-01   2.3547398e-01  -1.2656421e-02  -2.1300194e-02  -1.2718197e-01   7.3563356e-02  -8.6274213e-02  -9.1171795e-03  -1.4788992e-03  -4.9370908e-02  -2.4464891e-01  -1.1374258e-01   1.3422574e-01   1.8055627e-01  -6.0175956e-02  -3.7599270e-02  -6.6939590e-02  -3.7240321e-02   3.3010545e-02   1.2435901e-01  -1.7444549e-01  -3.4893507e-01   1.7632682e-01  -1.4179074e-02   2.6787830e-01   1.3268112e-01   8.0587681e-02  -1.4539498e-02  -6.2155278e-02  -1.2520862e-02  -6.9904532e-02  -9.2175705e-02  -8.1559258e-02  -7.1156701e-02  -2.5440065e-02   6.0924607e-02   4.3054923e-02  -1.3423857e-01   1.1543489e-02  -3.8745009e-02  -5.9395808e-02   1.1435939e-01   1.7301056e-01   1.7626605e-01  -6.9608838e-02  -1.8931616e-01   6.3130313e-02  -7.6106274e-02   2.8314268e-01  -2.9157281e-01   3.5084865e-02   6.1017299e-02  -2.6836788e-01   1.3285298e-01  -6.8045518e-02   2.0900583e-02  -7.7440923e-02  -2.8067089e-02  -5.4790460e-02  -1.2135304e-01   1.1745791e-01  -3.7772307e-02   1.0501430e-01  -1.2758932e-02  -1.8290093e-01   2.2718037e-02  -8.7914703e-02  -1.0382843e-01  -1.5565717e-01  -7.5311175e-03  -1.3009511e-01   1.1445745e-01  -8.8736726e-02  -1.3009323e-01   4.1487255e-02   1.7685271e-02   1.5609357e-02   2.1743134e-01   3.7411759e-01  -1.0158317e-01  -2.5833600e-02  -5.4029226e-02   1.4904862e-01   1.2736634e-02  -3.0798975e-02   3.1503784e-03  -5.7671913e-02   8.8886944e-02  -1.1795839e-01  -8.3408708e-02  -1.6975774e-01   3.6688310e-01   1.4616246e-01  -2.1495880e-01   1.7485061e-01  -1.2041998e-01   1.4764157e-01  -2.0484277e-02   4.6181909e-02   4.5963160e-02   8.7459734e-02   1.6924643e-01   3.7080991e-01   4.1513781e-02  -1.3862590e-01   1.8935717e-01   4.1713789e-02  -4.1028584e-02   6.4420901e-03   6.7766601e-02   8.7944200e-02   1.9654438e-01   2.6915320e-02  -8.8359080e-02   2.7307852e-01  -3.0753781e-01   9.2940252e-03  -1.9167177e-01   8.2704980e-02  -2.0140196e-01   2.2011668e-03  -2.0302429e-01   1.5209128e-01  -9.5725162e-02  -3.7839984e-02  -1.0451829e-01   2.1121776e-01   4.1206283e-02   5.1647798e-02  -1.5052884e-01   5.7831036e-02   1.9084419e-01  -6.8957070e-02   1.5440983e-01  -1.9196044e-01   1.5212125e-01  -6.0797983e-02  -1.9731545e-01
   4.1343526e-01  -2.4845118e-01  -1.0453932e-01   4.4330053e-01  -1.5736062e-01   2.8302161e-01  -3.0464482e-01   3.4646110e-01   3.8186356e-01  -1.7002425e-01  -1.5040841e-01  -2.4322621e-01   8.5348664e-02   0.0000000e+00  -3.3397925e-01  -5.8710821e-03  -2.5411191e-01  -6.4289553e-02   2.4939453e-01  -1.4144474e-01   1.3235613e-01   1.6610169e-01  -2.7730416e-01   4.1980977e-01  -1.2153424e-02   3.3014076e-01  -1.1330299e-01   3.4729514e-01   9.7334430e-02  -1.0275879e-01  -3.4478375e-01   3.3623192e-01   1.2135643e-01  -4.1161859e-01   3.8402983e-01   3.3434414e-02  -2.3403505e-01  -2.1826741e-01  -1.9632324e-02  -3.4427009e-01  -1.3349751e-02  -1.0347753e-01   1.6242184e-01   5.2933510e-01   8.3624988e-02   4.1954457e-01   2.0274481e-01  -4.3013306e-01  -1.1930263e-01  -3.8985390e-01   5.3622830e-03   4.2452927e-01  -1.3724824e-01  -1.5073848e-01   1.4567172e-01   3.0274505e-01  -1.5856137e-01   4.3853588e-01   3.9108764e-01   5.5761769e-01  -1.2920031e-02  -2.5134725e-01   2.2873784e-01   8.1012513e-02   4.3537767e-02   3.0665544e-01   3.5046314e-01  -8.0262028e-02   3.5948415e-01   2.7740607e-01  -4.8583430e-01   4.7070141e-01  -6.0617836e-02  -7.8492180e-02  -8.2896501e-02   1.8906535e-01   2.9604714e-01   2.8188335e-01  -2.0670930e-02   3.6529812e-02   7.3533593e-02   1.6567849e-01  -1.4816013e-01   4.0917847e-01  -1.8814340e-01   2.0858500e-01   1.9941892e-01   1.7605782e-01  -2.3194295e-01   2.6442511e-01  -8.0356143e-02   1.8909084e-01  -2.8076377e-01   2.9742571e-01   1.1089852e-01  -7.2272200e-02   1.9783346e-03   2.7261129e-01   1.4253470e-01  -2.1958116e-01  -3.9280655e-01   7.9366503e-02   2.0669796e-01   2.2213477e-01   4.9011525e-01   3.5251617e-01  -3.2869840e-02   5.2343583e-01  -3.4361596e-01  -1.7338288e-01  -5.3185028e-02   4.7457044e-01   4.1903093e-01   4.3433526e-01  -2.0621778e-01  -1.3912286e-01   3.9738710e-01  -4.4539905e-02   4.3335005e-02   2.5576803e-01   3.4744229e-01  -8.2059242e-02   6.9743461e-02  -1.1342848e-01   3.4936880e-01   4.5808536e-01  -1.0264666e-01  -1.5733704e-01   4.0056747e-01  -2.3306687e-01   9.7307494e-02  -2.2277703e-01  -7.5104877e-02  -4.1481793e-01   2.6088793e-01   2.9349554e-01  -9.0042339e-02   1.3454394e-01   2.8515171e-01   1.4222284e-02   4.7220255e-01   3.2351789e-01   2.4446628e-01  -3.0954984e-02  -3.2814593e-01  -2.0085602e-01  -4.3183623e-01   1.4495846e-01   7.2401661e-02  -8.2984246e-02   2.7417337e-01   3.1877928e-01   3.6459911e-01  -2.3310291e-01  -1.8829456e-01  -8.2131919e-02   2.6372329e-01   7.1891460e-02   1.2150801e-01   8.8919278e-02  -5.1977681e-02   2.4762698e-01   1.3207762e-01   2.9873891e-01   5.3947541e-01  -1.3858585e-01  -2.9113990e-02   2.0716207e-01   3.1990286e-01  -4.0995018e-01   9.4676407e-02  -1.3473795e-02   2.4856919e-01   2.7934818e-01   1.2661447e-01  -5.0818411e-02   4.4179695e-01
