   0.0000000e+00  -3.5946645e-01  -1.1634047e-01   1.9812864e-01  -2.8086133e-01  -2.2778230e-01  -1.6488272e-01  -3.2746119e-02   6.2725141e-02  -3.0769149e-01   1.1812804e-01  -1.9962694e-01  -1.8863008e-01   4.0195572e-01   2.4521648e-01   2.8711863e-01  -9.3809515e-02   2.0710099e-01  -1.0758614e-01  -2.1587569e-01   2.6396053e-02   1.2733548e-01   2.6666014e-03   2.8025576e-01  -3.2466312e-02  -2.1393883e-01  -2.6210212e-01   3.7214082e-01  -1.6012536e-01   5.4920489e-02   7.9116391e-02   1.2276871e-01   1.1906495e-01  -9.1822564e-02   9.0947291e-02  -1.5439036e-01  -1.3412144e-01   2.6803379e-01   1.4105436e-01  -4.9952003e-01   1.2188134e-02   2.4756877e-02  -1.6643003e-02   2.2933544e-01   1.3138222e-01   9.5719391e-02   6.0545034e-02  -1.6931193e-01   2.1731665e-01  -1.7405108e-01   1.6023793e-01  -8.2445007e-03  -3.9115052e-01   1.9391780e-01   1.1288560e-01   1.5117812e-01  -1.6555056e-01   2.2178262e-01   2.8017423e-01   8.1135670e-02   4.2949781e-01  -2.2931207e-01  -2.7580336e-01   5.4185172e-02   5.9175481e-02  -7.5687842e-02  -1.9963717e-01  -1.0367091e-01   1.7045359e-01  -1.8864509e-01  -4.1612308e-01   2.3411251e-01  -2.0465192e-02   6.9587101e-01  -2.4870910e-01  -2.2905002e-02   2.2108283e-01   2.0676283e-01  -4.3423981e-01  -5.8625722e-02   1.9951951e-01   3.2858945e-03  -4.0885375e-01  -1.3254244e-01   2.1449507e-01   3.1646252e-01  -3.4515225e-02   3.2530726e-01   2.4246493e-01   6.2364421e-01  -2.9309215e-01   4.2834998e-01  -3.8441136e-02  -1.0567286e-02   4.4188321e-01  -3.3952054e-01   5.6815791e-02  -8.4459290e-02  -3.0685217e-02  -1.2039867e-01   2.2085575e-01   3.5850988e-02   2.2271736e-02   2.1604602e-01   9.7382743e-02   2.5272786e-01  -1.1265467e-01  -9.1304546e-02  -9.5953250e-02   1.3094531e-01  -2.0156947e-01   2.0909796e-01  -5.2753767e-02   5.8597842e-01   5.2412000e-01  -3.3341930e-01   2.4195639e-01   2.6652905e-02   1.0467150e-01   4.7510346e-02   2.9309521e-01  -2.3285778e-01  -3.4650322e-02   1.4619255e-01   2.4267167e-01   2.1781649e-01   3.7569096e-02  -3.2591600e-02   1.2209815e-01   1.2059476e-02  -6.3196755e-02  -4.2196783e-01   7.1700091e-02  -1.0348811e-01   4.3468737e-02   1.1276399e-01  -2.9148202e-01   2.4193920e-01   1.1241093e-02   9.2693361e-02   2.2899112e-01   1.0083000e-01   2.9808247e-01   1.3108079e-01   3.0847941e-01   3.1486081e-01  -3.2293156e-02   2.7828378e-01   3.2704776e-01  -9.7364192e-02   3.3633890e-01  -1.3919407e-01   4.6916339e-01  -2.3497549e-01  -3.7605564e-01   2.5034990e-01   3.8039734e-01   8.8817896e-02   5.5416000e-01   1.8698085e-02  -1.9265512e-01   4.1452595e-01  -1.6977104e-01   2.4691696e-01   4.8531785e-02  -3.6817032e-01  -2.8255511e-01   2.1296892e-02   4.1741776e-01  -4.3350527e-01   9.0925696e-02   2.3844117e-01   1.9790095e-01  -5.1854554e-02  -1.1933758e-01  -3.6464958e-02   1.2761371e-01
  -3.5946645e-01   0.0000000e+00   3.8672642e-01  -2.1019844e-01   3.9778388e-01   1.6332109e-01  -4.0571587e-02  -4.6251047e-02   3.5192414e-01   9.3500295e-02  -4.8188617e-01   6.0532861e-01  -5.2587828e-02  -3.9248770e-01  -5.6800818e-01  -2.9844116e-01   2.9825183e-01  -2.0414941e-01   1.4952371e-01   5.1031039e-01  -4.7957836e-01  -2.2112681e-01  -3.3645067e-01  -1.1625145e-01   9.5799015e-02  -1.3269786e-01   2.6437598e-01  -4.1115028e-01   3.4810580e-01  -6.3119049e-02  -4.0609796e-01  -1.4547037e-01  -1.7444287e-01   2.4753800e-01   2.4053418e-01   1.6489011e-01  -2.2749996e-01  -3.2349149e-01  -2.0324748e-01   6.2926209e-01  -2.3488598e-01   7.2226864e-02   3.5725302e-01  -5.7903762e-01   1.5106608e-01   7.4137789e-02  -1.5260454e-02  -3.4168593e-01  -4.0380625e-01   4.7132285e-01  -1.5120493e-01  -2.2268818e-01   2.1722542e-01  -1.8753198e-01  -4.4806626e-02  -5.4380327e-01  -1.1951488e-03  -2.6368370e-01  -1.2952595e-01   4.6056562e-01  -3.0792412e-01   1.4314554e-01   5.4800473e-01   4.7202145e-02   1.3068408e-01   1.9337597e-01   3.9254595e-01   2.4620664e-01  -5.8502208e-02   3.3614668e-01   4.0493860e-01  -3.7530244e-01  -8.2546248e-02  -3.0344462e-01   1.7227290e-01   1.9014188e-01  -2.4377294e-01  -5.2503211e-01   1.4691920e-01   2.3463728e-02  -4.2669076e-01  -1.0587113e-01  -4.0086617e-02  -7.1170750e-03  -1.3579070e-01  -1.7641099e-01   2.9477441e-02  -2.4508747e-01   1.5635005e-01  -2.3951995e-01   1.4981257e-01  -2.0313782e-01   2.3166526e-01   3.4643876e-01  -3.3816294e-01   2.1105175e-01  -8.5678611e-02  -7.4210094e-02   7.2660735e-02  -7.3888390e-02  -4.5577407e-01   3.3245989e-01  -4.3143153e-01   1.9869596e-01  -2.7416768e-02  -2.8952036e-01   4.0745193e-02  -4.8581582e-02  -2.5746714e-01  -1.4933078e-01   1.7940517e-01  -1.9426070e-01  -8.0627692e-02  -2.2824966e-01  -3.1700624e-01   3.8500298e-01  -3.7873320e-01  -1.6105840e-01  -2.9773747e-01  -1.8744128e-01  -1.5277426e-01   4.3457785e-01   3.7408380e-01  -1.2854157e-01  -1.3944469e-01   1.5094535e-01   8.1819185e-02  -4.2963681e-02  -1.5025833e-01   1.3637793e-01  -1.1571404e-01   2.3624623e-01   5.0551344e-01  -2.2097484e-01  -8.5655095e-02   1.4502504e-02  -7.7245794e-03  -1.9673738e-01   1.5380267e-01  -1.6842710e-02  -7.4269395e-02  -1.5547749e-01  -1.3068708e-03  -1.1503938e-01  -3.5452235e-01  -4.1704590e-01   7.0692160e-02   1.5170382e-01  -1.1115437e-01   1.8400880e-02  -9.4275448e-02  -1.9786278e-01  -2.6042156e-01   9.6373657e-02   6.2064576e-01  -1.1397205e-01  -2.5450199e-01  -1.9596675e-01  -2.6700726e-01  -3.4133773e-01   1.9475818e-01  -2.4036310e-01   9.3211239e-02   3.5869892e-02  -8.1363446e-02   5.4481480e-01   3.4642237e-01   8.6717038e-02  -1.9753527e-01   2.2858710e-01   4.2936256e-01  -2.8741437e-01  -4.0554340e-02   1.3700221e-01   7.8325951e-03  -4.0417908e-02  -7.4449765e-03
  -1.1634047e-01   3.8672642e-01   0.0000000e+00  -1.0742248e-01   3.4807883e-01   2.8906091e-01  -2.2467455e-01   1.4075282e-01   1.3250377e-01   3.0861411e-02  -1.8923138e-01   3.9775228e-01   7.4796867e-03  -2.2270860e-01  -2.9137237e-01  -5.0413417e-02   8.2378065e-01  -9.3609632e-02   1.1627647e-01   3.9176122e-01  -3.9879364e-01  -1.0190795e-01  -3.6489953e-01  -1.5255476e-01  -3.2559565e-02   7.4096968e-02   1.2182705e-01  -1.2834408e-01   1.4046925e-01  -1.1909702e-01  -1.4404390e-01   7.3754931e-02  -1.1675884e-01   6.5342985e-02  -2.0013500e-01   1.4168774e-01  -3.6769350e-01  -1.9149161e-02  -1.3862287e-01   2.8836983e-01   3.3300375e-02   1.3979592e-01   2.8414082e-01  -1.1119469e-01  -2.4663117e-03   3.6556218e-01   8.6211430e-02  -3.9831303e-01  -2.7346671e-01   5.0433060e-01  -5.9634744e-02  -5.8367939e-02   1.8912293e-01   1.7244347e-01  -7.4622649e-02  -9.5979779e-02   9.6097530e-02  -1.9171923e-02  -4.2415814e-02   3.2958286e-01   1.8461157e-01   1.8610882e-02   4.2025651e-01  -1.0694405e-01  -3.3550482e-01   1.0427304e-01   2.3378061e-01   9.7450608e-02   6.5536602e-02   4.5875703e-01  -4.3112924e-02  -2.1023862e-01   6.6866323e-02   2.1467202e-02   1.4801982e-01   1.6684849e-01   3.4739179e-02  -1.4271666e-01  -3.7274154e-02  -1.7140520e-02  -2.0255478e-01  -5.0260999e-02   2.2154789e-01   1.5357074e-01   2.3483635e-01   1.0201811e-01  -3.3787445e-01  -1.4195365e-01   8.1992835e-02  -2.1284510e-01  -2.3062970e-01   3.8510018e-01   4.7234827e-01  -1.0574538e-02  -1.1875538e-02   3.1448059e-01  -1.0286153e-01   1.1782932e-01   4.3398854e-02  -2.0307790e-01  -2.1811617e-01   1.0374440e-01  -3.3879526e-01  -5.1683320e-02  -1.4549417e-01  -9.9596374e-02   2.8416063e-01   1.8592380e-02  -1.6971221e-01  -5.1412993e-02   4.3254188e-01  -1.4185995e-01  -2.1257852e-01  -1.3300008e-01  -1.8982020e-01   1.3010807e-01  -1.7579926e-01  -3.7697592e-03  -5.0199871e-03  -1.2227698e-01  -8.9877017e-02   4.1770137e-01   3.6145689e-01  -3.7863737e-01   1.1432647e-02   2.7421330e-01  -2.3818503e-01   9.4775689e-02   1.3597180e-01   3.6971005e-01   1.9676524e-02  -1.6596166e-01   4.3999863e-01  -3.9548107e-01  -8.1511977e-02   1.5390264e-01   1.0364108e-01  -1.2751643e-01   5.6061345e-02   4.9440405e-02   1.1765813e-01  -6.4883875e-02   1.0009627e-01   9.6261599e-02  -8.7226466e-02  -3.6622910e-01   8.7640536e-03  -3.2552987e-02  -8.5231672e-02  -1.0300527e-01   6.7880814e-02   1.6555824e-01  -2.4799751e-02   7.2755743e-02   6.3446548e-01  -8.1501201e-02  -3.8325777e-02  -2.0639570e-01   1.8855883e-01  -2.7192792e-01  -3.2256575e-02  -9.4273427e-02  -3.7891391e-02  -7.3497894e-02   8.9900116e-02   3.3958630e-01   2.5508888e-01   2.3622184e-01   2.5544478e-02   2.4870714e-01   2.6945846e-02  -2.2162047e-01  -3.0142049e-01   4.0039034e-01   2.6359801e-02   1.3956265e-01   1.8297117e-01
   1.9812864e-01  -2.1019844e-01  -1.0742248e-01   0.0000000e+00  -1.3472878e-01   1.7656590e-01  -5.3257983e-02   2.4114562e-01   1.5902323e-01  -4.2687902e-01   1.2147835e-01  -3.5636797e-01  -3.1157447e-01   4.5600909e-01   1.5111878e-01   2.6203493e-01  -1.1400926e-01   4.3328506e-01  -7.1906916e-02  -1.5386075e-01   1.6651021e-01   6.4430522e-01   7.6919391e-02  -1.6928854e-01   6.4714917e-02   7.8870208e-02  -5.8560846e-03  -6.1952323e-02   2.2709343e-02   6.4153323e-01   1.8099316e-01   5.8701549e-01   5.1990289e-01  -2.4518604e-01   5.8863733e-04  -2.4749446e-01  -1.2490412e-01   1.6567886e-01   1.3034299e-01  -2.8782190e-01  -4.7647391e-02   3.3565728e-01  -4.4274072e-02   2.6094123e-01  -6.3775148e-02  -1.0151829e-01   9.6383049e-02   8.5524201e-02   1.7229512e-01  -2.4797077e-01   4.3999649e-01   2.2233696e-01  -4.0411255e-01  -1.0954744e-01   4.9661524e-02   1.2199433e-01  -1.6574403e-01   6.3537975e-01   4.3440300e-01   1.2472794e-01   9.5894719e-02  -1.8907445e-01  -1.2636728e-01   2.0686703e-01   9.1697114e-02  -1.1423938e-01  -1.4968569e-02  -9.7341337e-02   4.4199265e-01  -2.4953931e-01  -3.0882211e-01   5.7996346e-01  -1.0608987e-01   1.4194550e-01  -4.2657815e-01   1.1138726e-01  -1.5376106e-01   2.0013759e-01  -3.0795129e-01   2.3553639e-01   4.6174623e-02  -9.0041801e-02  -2.6428610e-01   2.3490421e-02  -5.5640203e-02   4.0954430e-01   2.2475546e-01  -1.1693848e-01  -2.0073595e-02   3.3080939e-02  -1.3876386e-01   1.5867899e-01  -3.3492505e-01   2.4334077e-01   7.1182255e-02  -3.8334092e-01   6.0463501e-02  -3.7442672e-03   5.3830197e-02  -2.3197700e-01  -6.7327640e-02   1.3878205e-01   4.7013828e-01   3.1067258e-01   5.1398398e-01   5.5821599e-01   2.0369562e-02   3.6543253e-01  -1.7784837e-01   1.7154949e-01  -2.8779988e-01   6.0437976e-01   4.0121190e-01   1.4129691e-01  -7.9014682e-02  -2.2297993e-01   7.3045128e-02   1.7498246e-01   9.3336105e-02   6.8531229e-01  -2.2054326e-02  -2.6761944e-01  -1.5925299e-01   3.1341093e-01  -3.2689310e-02   1.9304582e-01   3.8737005e-02  -2.9421613e-01   5.7342066e-01  -7.2414197e-02  -1.9209021e-01  -7.7443211e-02   9.1531623e-03   3.9584592e-02   2.2450651e-01   2.4536860e-01  -2.2385928e-03   9.8707417e-02   3.3519378e-01   7.6504092e-02   9.0942624e-02  -2.5250290e-01   2.2922231e-01   4.4453334e-02   2.9559528e-01   5.4743470e-01  -3.3433854e-01   4.2632537e-02   1.8129837e-01   8.1162875e-02   1.0848268e-01   8.1120237e-02   4.3335352e-02  -1.6760130e-01  -2.7454671e-01  -3.6211648e-03   1.6736409e-01   3.1486895e-01   1.7382000e-01   2.9102516e-01   1.3967470e-01   2.9280450e-01  -2.9771839e-01   6.1359018e-01   4.4537352e-01  -2.2356008e-01  -8.9827241e-02  -1.7168110e-01   1.6381519e-01  -3.9318202e-01  -8.7631144e-02   3.4667255e-02   3.2176564e-01  -1.3690135e-02  -6.3864367e-02  -1.5560536e-01   4.2870820e-01
  -2.8086133e-01   3.9778388e-01   3.4807883e-01  -1.3472878e-01   0.0000000e+00   4.5469022e-02  -4.4795823e-01   5.7294009e-02   3.1227770e-01   1.8099133e-01  -4.8138007e-01   3.7617985e-01   1.1606796e-01  -3.8724823e-01  -5.1307308e-01  -5.0783960e-03   1.8671468e-01  -9.2429804e-02   2.3971962e-01   7.2023318e-01  -1.5898014e-01  -1.3117620e-01  -2.8544514e-01  -1.1324870e-01   2.6222488e-01  -1.9321477e-02   6.1020437e-02  -2.9561078e-01   3.4719806e-01  -3.3063687e-01  -3.4369721e-01   8.0372832e-02   2.6568563e-02  -3.9026884e-02  -1.3759516e-01   3.9816219e-01  -8.3369295e-02  -4.9314902e-02   9.6843289e-02   2.4033519e-01   1.5636392e-01   1.3517439e-01   3.3630661e-01  -3.3597261e-01   9.1592859e-02  -6.2257656e-02  -6.3894815e-02  -4.1583828e-01   8.4745796e-02   4.8169646e-01  -1.1571463e-01  -1.3350593e-01   1.5253662e-01   4.2085581e-03   9.6340489e-02  -4.3913651e-01   7.3305427e-03  -5.1335833e-02   8.1442282e-03   1.1838668e-01  -1.2268819e-01   1.2770109e-01   5.4113702e-01  -2.7706260e-01   7.0758089e-03   4.0185905e-03   1.7509525e-01   1.9780951e-01  -1.5442563e-01   1.1590133e-01   8.2117021e-02  -3.4155705e-01   2.4433204e-01  -3.5590525e-01   2.9019493e-01   5.3931213e-02   2.1696888e-02  -4.0056631e-01   4.8489750e-01   1.4619079e-01  -5.6473007e-01  -2.1159260e-04   2.9126598e-01   1.1622303e-01  -2.1780846e-01   3.7169651e-03  -1.6446401e-01  -1.2343182e-01   2.3578399e-01  -2.0710433e-01   4.4705696e-01  -8.7631169e-02   3.8269569e-01   1.5229110e-01  -8.3520540e-02   6.9555834e-01   2.9881625e-01  -4.7742752e-02   2.4743375e-01   5.3043136e-02  -3.1828324e-01  -2.1479655e-01  -3.1853419e-01  -1.2842444e-01  -1.8898820e-01  -2.0004031e-02   2.7730146e-01   7.2506108e-03   3.0104391e-02  -1.9886608e-01   1.4165232e-01  -2.4722698e-01  -9.6692028e-02  -2.0913665e-01  -3.6066805e-01   5.0906198e-01  -4.0823779e-01   1.4143082e-01  -3.1858916e-01  -1.6631296e-02  -1.8388116e-01   7.7020618e-01   2.2006813e-01  -1.1299381e-01  -2.1265042e-01   2.3899031e-01  -1.2060083e-01   3.2741179e-01   1.1476157e-01   2.7543851e-02   2.4441714e-01   9.2816597e-02   1.7732823e-01  -2.5897741e-01   1.5868473e-01  -3.4599330e-02   2.8846795e-01  -3.4676970e-01  -1.3084569e-01   2.1668060e-01   1.4196413e-02  -9.8766187e-02  -1.0871387e-01  -2.5841147e-01  -3.3804614e-01  -3.1720018e-01  -2.6419764e-01   6.8814647e-04  -2.9826353e-01   1.3363580e-01  -2.5680869e-01  -2.0992757e-01  -2.3974707e-01   1.9927875e-02   4.9539766e-01  -3.2054584e-02  -1.7684927e-01  -1.2834089e-01  -2.5810461e-01  -4.9226271e-01  -3.7986159e-02  -3.1434607e-01   2.8430018e-01  -6.9587605e-02   1.8627209e-01   5.7791905e-01   1.9975046e-01  -2.1575249e-01  -1.5877664e-01   4.9082332e-01   2.3360654e-01  -2.1810589e-01  -1.9241295e-01   9.9339303e-02   1.4121743e-01   1.4775986e-01   2.1753999e-02
  -2.2778230e-01   1.6332109e-01   2.8906091e-01   1.7656590e-01   4.5469022e-02   0.0000000e+00   2.9313206e-02   2.3999484e-01  -2.2506560e-01  -1.6396898e-01   2.4124421e-02  -4.9959687e-02  -2.9765267e-02  -2.1452360e-02  -2.1541648e-01  -1.1175666e-01   2.0892922e-01   8.9922336e-02  -5.8896245e-02   6.5018400e-02  -2.7881082e-01   3.3996842e-01  -1.9201959e-01  -1.9273055e-01  -5.5590392e-03   1.2934636e-01   2.9600335e-01  -2.3652654e-01   7.2555260e-02   3.8284173e-01   1.7082917e-02   2.1289282e-01   2.5765635e-02  -1.6265878e-02  -2.8889695e-01   2.1409885e-01  -1.6103476e-01  -1.0845330e-01   1.1863074e-01   2.2902308e-01  -4.3849062e-02   2.1008790e-01  -6.2102174e-03   9.1563503e-02  -8.0793208e-02   2.0970609e-01   3.5688294e-01   5.7069389e-02  -3.3678263e-01   7.5869517e-03   1.8645232e-02   2.9849447e-01  -1.1749058e-02  -1.0833600e-01  -1.4409337e-01  -7.3618215e-02   2.5892643e-01   1.8581253e-01   1.4061900e-01   3.6372725e-01   1.0261154e-01  -5.1504456e-02   1.6294332e-01   1.7687873e-01  -3.3445583e-01  -5.1308082e-02   6.9046589e-01   6.6698319e-02   3.9770121e-01   2.6723931e-01  -1.8286325e-01   3.2846051e-01  -1.0395720e-01  -1.1722027e-01  -4.2923368e-02   3.1262928e-01  -7.5497619e-02   2.7614246e-02  -1.2626332e-01   1.7024860e-01  -1.5773588e-02  -2.2201502e-01   1.2311447e-01   1.8489269e-01   4.6476048e-02   9.8547805e-02  -1.7707716e-01  -2.0757670e-01  -1.2795988e-01  -3.3841134e-01  -2.4726376e-01   7.5611192e-02   1.2991869e-01   2.0728150e-03  -8.3554122e-02  -3.7662030e-02   7.4857717e-02   2.3994021e-01   4.8603520e-02  -3.0174128e-01  -2.6057177e-01   2.4306047e-01   5.7520548e-02   1.5512739e-01   2.8622520e-01   2.3013586e-01  -3.5326194e-02   4.6662631e-01  -1.4234530e-01   2.0970693e-01   1.6830030e-01   2.9578659e-01   8.9716493e-02  -2.5582241e-01  -2.9232542e-01  -1.1385300e-01  -6.0664035e-02  -8.4226542e-02   3.8994808e-02   4.0146989e-01  -1.6044626e-01  -1.4008398e-02  -3.7866347e-02  -2.9133869e-01  -4.4863791e-02   4.1730076e-02  -6.5683326e-02  -1.9794119e-01   3.5778510e-01   2.9274899e-01  -1.4476923e-01  -1.3944682e-01   1.3793448e-01  -2.1029673e-01  -1.7817191e-03   3.4078070e-01   1.7775480e-01   4.4678202e-02   3.0749520e-01  -1.5105621e-01  -3.3349503e-01  -2.3623233e-01   1.8403253e-01   1.8350091e-01  -7.7122988e-02   3.2454045e-02  -2.5815556e-01   8.7858093e-02   1.9110713e-01  -2.5818567e-01   8.3052806e-02   4.6705568e-01  -1.6265599e-01   2.3554264e-01   3.8423143e-01  -2.0564222e-01  -1.6968074e-01   1.2463213e-01  -2.0830327e-02   2.4827211e-02   3.1166639e-01   8.8206888e-02  -9.1866292e-02   2.0296066e-01   2.5406601e-01   7.5243712e-02   3.5436183e-01   1.3520054e-01  -1.7096822e-01  -4.6389314e-03  -1.4966654e-01  -2.0353235e-01   2.4205584e-02   5.7254658e-01  -9.4616749e-02   1.2672161e-01   3.2646024e-01
  -1.6488272e-01  -4.0571587e-02  -2.2467455e-01  -5.3257983e-02  -4.4795823e-01   2.9313206e-02   0.0000000e+00  -2.6126288e-01  -2.7954866e-01   1.5704736e-01   4.2470588e-01  -1.3392228e-01  -1.1078509e-01   2.4454104e-01   2.2525650e-01  -9.7532538e-02  -1.9701463e-01  -3.5856244e-03  -9.1933203e-02  -3.4211442e-01   2.7282947e-01  -4.4049662e-02   4.9915649e-01  -7.5284391e-02  -1.0477822e-01  -1.3137281e-01   1.8350874e-02   2.5129451e-02  -3.2291566e-01   1.2904347e-01   3.6606630e-01  -2.0914915e-01  -1.7976159e-01   3.8362343e-01   1.9716294e-01  -4.8383355e-02   2.5634605e-01  -2.0794344e-01  -1.0804313e-01   1.1144544e-01  -2.3115410e-01  -1.5746375e-01  -3.9613590e-01   1.6848398e-01   7.2821527e-03  -3.9018006e-02   2.1598812e-02   5.9787048e-01  -2.0394954e-01  -4.4150393e-01   1.2520522e-01  -7.2943030e-02   3.2253476e-01  -2.4775703e-01  -6.9761390e-02   4.5795039e-01   1.2197694e-01  -1.3729325e-01  -3.2453994e-01  -5.5719952e-02  -7.4609420e-02   8.5311048e-02  -1.7195351e-01   2.6655143e-01  -3.5340604e-02   3.5869144e-01  -1.0218547e-01  -1.3090381e-02  -1.0998335e-01   1.7839220e-01   1.5562372e-01   4.0858635e-02  -2.8998386e-01   7.3658546e-02  -1.7753515e-01  -1.1105929e-01  -1.5103215e-01   1.1716238e-01  -1.0032310e-01  -3.1517599e-01   3.4347379e-01   5.9781625e-02   4.2827032e-03  -7.5986684e-02   2.0193378e-01  -3.8050967e-01   2.3677946e-01  -1.8105405e-01  -3.6351243e-01  -1.5247206e-01  -1.0040589e-01   2.6014478e-02  -2.3194085e-01  -7.5817161e-02  -1.5271721e-01  -5.0086659e-01  -2.9401469e-01  -2.3464709e-01  -2.2777464e-01   1.4921513e-01   2.0843594e-01   2.3120462e-01   2.9562335e-01  -8.4101041e-02   2.8768994e-02  -2.5508876e-01  -2.0995727e-01  -1.9620254e-01   4.6128047e-02   1.3946454e-01   2.4376139e-01   3.5693519e-02  -1.5134192e-03  -1.9955940e-01   1.0246506e-01  -2.5075147e-01   2.3147043e-01  -5.9988936e-02   3.2249701e-01  -1.4916815e-01   5.9749758e-02  -4.3661570e-01  -1.9799767e-01   4.6219694e-02   5.0925566e-02  -3.4871685e-01   2.7376729e-01  -3.4502965e-01  -3.0070628e-01   1.6793589e-01  -2.1292228e-01   3.5589292e-01  -1.6484025e-01   3.7140235e-01  -4.0937101e-01   9.6412581e-03  -3.6909107e-01   2.4096999e-01   5.1277547e-02  -3.1532309e-01  -4.1806175e-02  -5.5796534e-02  -1.6081307e-01   3.8952424e-01   2.0271744e-01   5.0611610e-02   2.8414094e-01  -3.3291388e-02   2.1840418e-01   6.3853127e-02   2.0536249e-01   7.5435361e-02  -7.3192083e-02   3.6032210e-01  -2.5092252e-01  -2.3578501e-01  -8.3504001e-02  -2.3043859e-01  -9.8871613e-03   4.6993348e-01   8.7245338e-02  -1.4245285e-01  -1.1412259e-02  -8.3972406e-02  -2.9285922e-01  -3.4665531e-01   1.1768126e-01   2.3301426e-01  -4.0567123e-02  -8.0464315e-02  -1.9585492e-01  -8.6048314e-02  -3.7846278e-02  -1.2280217e-01  -1.8570518e-01  -3.4435339e-01  -3.5252665e-01
  -3.2746119e-02  -4.6251047e-02   1.4075282e-01   2.4114562e-01   5.7294009e-02   2.3999484e-01  -2.6126288e-01   0.0000000e+00   9.3499012e-02  -2.8961457e-01  -1.3102924e-01  -6.5256162e-02  -1.3920084e-01  -1.8610405e-01   9.4552503e-02   2.7793043e-01   7.6864934e-02   1.4917025e-01   1.7405366e-01  -4.5260922e-02  -1.2206797e-01   2.9851204e-01  -1.7274580e-01  -9.1840047e-02   1.9372496e-01   3.4947294e-01   6.5717740e-03   1.9611540e-01   3.3346182e-01   1.6687356e-01  -1.2796670e-01   2.7803527e-01   9.4138682e-02  -2.6720923e-01  -1.0641755e-01  -8.9900144e-02  -2.9924098e-01   6.1106824e-02   2.9701945e-01  -3.1973252e-02   2.7032320e-03   8.1606316e-02   2.0774009e-01   1.7595848e-01  -4.8709961e-02  -9.1599823e-02  -2.0494616e-02  -2.7109472e-01  -1.6245003e-02   9.4456714e-02   5.9843662e-02   4.3603632e-01  -3.7167713e-01   9.3295371e-02  -7.3184194e-02  -7.2273578e-02   1.0500606e-01   3.3866213e-01   4.0178553e-01   1.6358204e-01   1.7600981e-01  -1.4959496e-01  -3.2643541e-02   2.1887250e-01  -7.3065920e-02  -3.4532755e-01   2.6561829e-01  -9.2297100e-03   3.4195485e-01  -8.8492664e-02  -1.1719334e-01   3.8608720e-01   4.8551991e-02  -8.5747945e-02  -5.1128234e-03   6.0835129e-02   4.3449905e-02   4.8399437e-02  -9.3784518e-02   2.5944356e-01   7.7379720e-02   7.3628392e-02  -1.6203344e-01   4.7084630e-01  -2.1769810e-01   3.4718756e-01  -1.8732489e-01   8.9501409e-02   8.4022475e-02  -1.1987543e-01  -1.7135601e-01   3.9477055e-02  -1.3213821e-01   8.9231930e-02   1.3145166e-01   1.2251878e-01   2.4446984e-01   4.3875781e-01   2.4121440e-01  -5.4877419e-02  -1.3508766e-01   1.5886342e-01  -1.0339597e-01   1.9907501e-01   2.2118166e-01   3.3609533e-01  -8.9447338e-03   6.6365774e-01  -1.4353362e-02  -2.4831089e-01  -1.8780182e-01   2.9228562e-01   2.6615110e-01  -1.0916976e-02   8.2843662e-03   1.7719400e-01   1.5378148e-01   7.7822772e-03  -3.5237574e-02   3.1939483e-01  -1.1321613e-01  -6.6221602e-02   1.5433409e-01  -5.5513622e-02  -4.6552231e-02   6.8528667e-02  -2.0088703e-01   2.6325299e-01   3.5552088e-01  -1.0734487e-01   9.6344472e-02  -2.2616252e-01   9.2922308e-02  -2.0300903e-01   3.3207804e-01   3.3950730e-01   3.9230395e-01   9.8368193e-02   1.6595199e-01   2.6980258e-01  -3.9283120e-02  -1.9351649e-01   4.3808731e-01  -5.6661438e-02   2.1173050e-01   1.0100619e-01  -1.5583361e-02  -1.9904630e-01  -2.0338753e-01  -4.2940879e-02   1.4384018e-02   4.5820905e-01   5.6574274e-02   4.0156160e-02   4.4281692e-02   1.6397974e-02   3.8045090e-02   2.6893351e-01  -2.5619576e-02  -1.1473576e-02  -3.0766504e-02   4.8859989e-01  -2.2090155e-01   2.8047252e-01   3.4517343e-01   4.4073428e-02  -4.8353055e-02   3.3082380e-02  -4.0439913e-02  -1.6332924e-01  -1.6917157e-01  -1.5612250e-01   1.8177598e-01   2.1091478e-01   2.5385511e-01   1.1632388e-01   5.4147832e-01
   6.2725141e-02   3.5192414e-01   1.3250377e-01   1.5902323e-01   3.1227770e-01  -2.2506560e-01  -2.7954866e-01   9.3499012e-02   0.0000000e+00  -9.8318365e-02  -2.5999931e-01   2.1960005e-01  -1.1219458e-01  -9.0634765e-02  -2.5220863e-01   3.0339469e-01   7.6216602e-02   1.6875589e-01   5.4539738e-02   2.2370099e-01  -1.1182647e-01   9.4977994e-02  -1.6955333e-01  -7.9586038e-02   7.8431066e-02  -4.2937880e-02   3.5455793e-02  -2.1377092e-01   2.4448375e-01  -3.1014879e-02  -2.3855830e-01   3.2934134e-01   1.7890815e-01  -2.2497271e-01   2.2893083e-01   9.6248999e-03  -2.2977246e-02  -6.1780674e-02  -3.7484432e-02   1.6200895e-01  -1.7549961e-02   9.7236206e-02   5.1460652e-01  -2.5245976e-01   1.1680050e-01  -8.9100202e-02  -1.7027565e-01  -4.1047410e-01   1.3883403e-01   3.7415515e-01   1.0536948e-01  -3.4142326e-02  -1.7220967e-01  -2.0215248e-01   1.6855787e-01  -4.3863819e-01  -1.8864757e-01   2.6246342e-01   1.7655697e-01   3.2904796e-01  -1.5036240e-01   5.1657558e-02   2.9455990e-01   2.3166963e-02   3.0900011e-01  -8.0481958e-02   5.0455489e-02   2.7565214e-01   4.3108779e-02   1.2154687e-01   1.2589216e-01  -1.5170486e-01   8.6993505e-02  -1.3048478e-01  -9.7396962e-02   1.6017531e-01  -1.6637659e-01  -2.9355348e-01   6.3458547e-02   9.1458909e-02  -2.9623710e-01  -2.2478501e-01  -2.9369568e-01  -2.6133822e-02  -3.1023579e-01   1.0246522e-01   1.9303390e-01  -2.1187314e-01   3.4540827e-01   9.4907975e-03   1.1529461e-01  -1.9961650e-02  -2.3714643e-02   5.7231611e-01  -5.7781710e-02   9.2830824e-02   4.6245061e-03  -1.1161388e-01   2.1044870e-01   1.0303533e-01  -2.1150480e-01   1.1556234e-01  -1.8301461e-01   2.0694734e-01   6.2956758e-02   1.6795356e-01   5.1280030e-02  -2.8933342e-02  -1.1302726e-01  -2.4285311e-01  -9.3610485e-02  -6.7160900e-02   1.0896427e-02  -1.0691463e-02  -1.9599328e-01   2.8140876e-01  -3.0868686e-01   2.1662119e-01  -4.4897487e-01  -1.9263006e-02  -1.3628622e-01   2.6550005e-01   2.4320871e-01   3.1399903e-01  -1.7180249e-01   3.4335328e-01   7.5813718e-03  -1.2898431e-02   2.2809336e-01  -5.2404786e-02  -3.9217878e-03   3.1244748e-01   2.2790724e-01  -9.8366101e-02   3.3495174e-01  -1.3027171e-02  -7.3819898e-03  -2.7676358e-01   1.0253018e-01   3.4339000e-01   1.9536398e-01  -1.2548835e-01   2.4209960e-02  -4.2306331e-01   1.1225361e-01   2.1059947e-02   5.2002766e-02   1.1355257e-01  -2.5035839e-01   3.3926924e-01  -1.3729382e-01  -3.4319317e-01  -1.4136475e-01  -1.8814837e-01   1.0667167e-01   1.0232820e-01   1.7915007e-02   6.3655796e-02   3.9064791e-02  -2.0264784e-01  -1.0882534e-01  -1.1601756e-02   1.4898366e-02   3.0464382e-01   2.5726117e-01   3.7618923e-01  -3.7937720e-02  -2.4344341e-01  -4.4829015e-02  -1.0116893e-01   3.2257995e-01  -1.2079455e-01   2.8896975e-01  -1.8842198e-01   1.2517513e-01  -4.5855936e-02   1.3487371e-01
  -3.0769149e-01   9.3500295e-02   3.0861411e-02  -4.2687902e-01   1.8099133e-01  -1.6396898e-01   1.5704736e-01  -2.8961457e-01  -9.8318365e-02   0.0000000e+00  -5.2975783e-02   3.4321740e-01   3.7180459e-01  -3.0377191e-01  -1.2768850e-01  -1.6945725e-02  -7.0190651e-03  -2.3129290e-01  -1.9905568e-01   2.5063037e-01   1.3296527e-01  -3.4368332e-01   2.8635678e-01  -3.3826221e-02  -3.4049647e-02  -2.3952250e-03   1.4436810e-02  -9.3132000e-02  -7.3877517e-02  -4.8574000e-01  -1.1843686e-01  -3.6205002e-01  -3.2339149e-01   4.5134783e-01  -7.7629951e-02   4.7555720e-01   3.1857528e-01  -1.4504034e-01   4.8429331e-03   2.7710807e-01   2.2981406e-01  -3.3329190e-01   1.1245314e-01  -1.8827709e-01  -7.8730771e-02  -1.7407842e-02  -1.7772366e-02   2.2029203e-02  -2.5498314e-02   1.7460945e-01  -2.3392588e-01  -2.9348611e-01   5.2067095e-01  -3.2190632e-02  -1.9655709e-01  -2.8792765e-02   1.4159239e-01  -3.2297240e-01  -3.4121197e-01  -1.7047776e-01  -3.0755317e-01   1.5000698e-01   8.4522301e-02  -3.3653695e-01  -1.5862522e-01   4.3599722e-01  -1.4924005e-01  -1.3164601e-01  -4.7816312e-01   2.7717771e-01   2.9203896e-01  -5.0593302e-01   2.0605090e-01  -2.5366261e-01   1.8705954e-01  -1.8430321e-01  -7.4664346e-02  -2.2504329e-01   3.8989324e-01  -1.2993918e-01  -2.4203249e-01   1.9848620e-01   3.6276553e-01  -2.2798249e-01  -3.8911472e-02  -1.7430654e-01  -1.6147867e-01  -1.4098866e-01   6.3257963e-02  -2.4006563e-01   3.2787820e-01  -2.2731496e-01   3.6785861e-01  -8.8292699e-02  -1.7080087e-01   3.9893342e-01  -2.1556608e-01   2.1709413e-03  -6.6710961e-02   3.9944728e-01  -4.8989423e-02  -2.1511420e-01  -2.3168005e-01  -3.3866138e-01  -4.5371479e-01  -3.8559469e-01  -1.5518104e-01  -3.4548267e-01   2.8129295e-01   2.6694993e-02   4.1338668e-01  -4.8219227e-01  -3.6147289e-01  -3.0056344e-01  -2.5408407e-01   8.4769382e-03  -2.0573891e-01   1.3435075e-01   4.8893152e-03  -4.3264864e-01  -1.9780204e-01   2.2752643e-01   2.2854885e-02  -1.7221360e-01  -1.5028418e-01  -1.6418789e-01  -7.7857217e-02   6.7906226e-02  -2.6064885e-01   1.2562148e-01   2.6198307e-01   1.6590546e-01  -6.5850618e-02   6.3636697e-02  -1.0994223e-01  -2.2115054e-01  -9.7899967e-02  -2.7424971e-01  -1.9807981e-01  -7.3528064e-02  -2.5569885e-02   1.1891303e-01  -4.3861049e-01  -9.9350714e-03  -1.2124854e-01  -4.1403022e-01   1.8325357e-01   8.8363801e-02  -2.9997592e-02   3.2856843e-01  -2.7192495e-01  -1.9808669e-01  -3.2190779e-01  -5.9678092e-02   1.7238800e-01  -8.5676245e-02  -3.8283216e-01  -2.7596063e-01  -3.3089466e-01  -2.8828533e-01  -1.0588450e-01  -5.1063471e-01   4.6812315e-01  -5.0152966e-01  -3.0354424e-01   1.1711096e-01   8.6094341e-02  -2.1443723e-01  -2.8637343e-01   3.3486413e-01   1.0456189e-01  -1.8068536e-01  -2.9685526e-01  -9.1502607e-02   1.1838519e-01  -8.0171431e-02  -4.4322551e-01
   1.1812804e-01  -4.8188617e-01  -1.8923138e-01   1.2147835e-01  -4.8138007e-01   2.4124421e-02   4.2470588e-01  -1.3102924e-01  -2.5999931e-01  -5.2975783e-02   0.0000000e+00  -5.2280608e-01   9.8931008e-02   4.4310686e-01   4.1559500e-01   5.1429476e-02   1.1507429e-02   2.9446986e-01  -2.0736778e-01  -5.9891021e-01   5.0165417e-01   5.9777725e-02   4.5538285e-01   9.9275197e-02  -3.4616598e-01   5.4660275e-02  -1.2575085e-01   2.0992584e-01  -4.0905971e-01   2.6408800e-02   5.7136168e-01   1.5618186e-02   4.3045849e-02  -1.1758630e-01  -1.8562662e-02  -1.5339927e-01   3.0058845e-01   2.8426485e-03  -9.8887915e-02  -3.3033577e-01   1.2180524e-01  -5.3508026e-02  -3.5284247e-01   4.8680979e-01   1.1055566e-05   8.6607072e-02   1.6329872e-01   5.7445521e-01   7.1969471e-02  -5.3691235e-01   3.7341372e-01   2.6154654e-01   1.3575815e-01   6.7995379e-02   7.2915096e-02   6.7796380e-01   7.9018031e-02   1.0581052e-01  -1.8593571e-02  -2.0773656e-01   1.4749166e-01  -3.6566576e-02  -4.4598209e-01   3.0883918e-01   3.0011658e-03   7.5118351e-02  -1.2911963e-01  -2.2486490e-01   1.7074166e-01  -1.0316533e-01  -7.4141179e-02   2.5156307e-01  -6.6613601e-02   1.7816972e-01  -3.3415825e-01  -3.6666647e-02  -3.5300787e-03   3.1317341e-01  -3.0466479e-01  -1.6421333e-01   4.7756591e-01  -5.1168879e-02   3.7508624e-02  -1.4008916e-01   3.9255063e-01  -1.5142923e-01   3.1384049e-01   5.4646371e-02  -2.7229578e-01  -4.1286294e-02  -2.8984462e-01   2.3356734e-01  -2.5773633e-01  -5.7777339e-02   8.2906356e-02  -4.8212037e-01  -2.9437546e-01  -1.2775092e-01  -1.3990661e-01   5.0741437e-02   5.3041355e-01   1.3173413e-01   4.1811646e-01  -1.5772012e-01   9.6647122e-02   5.3460901e-02   1.0883486e-01   4.6509051e-02   2.2810160e-02   2.7091936e-01   1.1270455e-01  -3.4298798e-02   2.1325880e-02   6.1117055e-02   2.6344306e-01  -3.8650531e-01   3.1395505e-01   8.0436844e-02   3.2120931e-01   1.0282108e-01   9.1869285e-02  -5.7934269e-01  -3.9371381e-01   1.9804312e-01   5.1575888e-02  -1.2175742e-01   1.8821542e-01  -1.8313511e-01  -4.1078099e-02   1.5577566e-01  -1.4949157e-01   2.1024095e-01  -4.0369447e-01   2.8338250e-01  -7.7304369e-02   2.0778650e-01  -3.0082572e-01   2.3888467e-01  -4.8036432e-02  -3.1653645e-01  -2.8835703e-02   4.9483864e-02   4.5327286e-02   2.7700156e-01   3.9243269e-01   2.5233472e-01   1.6481598e-01  -5.7032464e-02   1.3817515e-01  -5.9871275e-02   2.7555231e-01   2.0773501e-01   2.2981493e-01   1.5215415e-01  -3.4749263e-01  -4.9632584e-02   1.6283383e-01   8.9566253e-02   3.5345488e-01   4.4172940e-01  -5.8496770e-02   2.1073493e-01  -4.9999195e-02  -5.6034879e-03  -8.6212014e-02  -4.1484620e-01   8.2122506e-02   9.6921112e-02   2.4589089e-01  -1.7491157e-01  -2.9211001e-01   1.3227390e-01   1.4698222e-01  -1.2347458e-01  -1.8126188e-01  -4.6607113e-02  -2.2082242e-01
  -1.9962694e-01   6.0532861e-01   3.9775228e-01  -3.5636797e-01   3.7617985e-01  -4.9959687e-02  -1.3392228e-01  -6.5256162e-02   2.1960005e-01   3.4321740e-01  -5.2280608e-01   0.0000000e+00   5.3633826e-02  -3.9646414e-01  -3.4363065e-01  -1.6931287e-01   1.9201602e-01  -3.9314410e-01   6.0529272e-02   4.8909768e-01  -3.0774910e-01  -2.5688990e-01  -5.1780121e-02  -2.1377405e-02  -6.8750548e-02  -8.6863504e-02   2.2266296e-02  -3.3739414e-01   2.7387285e-01  -3.8119268e-01  -4.1574072e-01  -2.7148418e-01  -1.6821142e-01   4.2430448e-01   9.8618939e-02   3.1022265e-01  -1.3755234e-01  -1.8306143e-01  -2.8409488e-01   4.4794565e-01  -9.5303545e-02  -9.4791320e-02   3.6426970e-01  -5.4390458e-01   6.0735213e-02  -4.5956547e-02  -1.1204337e-01  -4.9554319e-01  -1.7671146e-01   6.1176330e-01  -3.4254725e-01  -3.7165642e-01   2.6148046e-01  -2.5730977e-02  -3.5745658e-02  -5.4643245e-01   1.2187671e-02  -3.1367938e-01  -8.2091915e-02   3.8484971e-01  -9.7400255e-02   6.8304356e-03   4.8581328e-01  -3.2078371e-01  -1.0786568e-01   2.4845550e-01   9.6650470e-02   2.0638234e-01  -2.3734592e-01   2.1641578e-01   3.2755655e-01  -5.1881440e-01   5.6693622e-02  -1.6667445e-01   2.6800198e-01   4.5314825e-02  -8.3867292e-02  -3.8286021e-01   4.2576836e-01  -1.3068969e-01  -5.4185305e-01   1.4361005e-01   1.0829113e-01  -5.3533129e-02  -2.5709875e-01   5.6014671e-02  -1.2540589e-01  -1.1781201e-01   2.7894763e-01  -2.0513543e-01   3.2312948e-01   2.1320742e-02   5.0909302e-01   1.8263978e-02  -2.7360230e-01   4.9138148e-01  -9.8654616e-02   2.8670123e-02  -2.5161081e-02   1.1693620e-01  -4.4990507e-01  -4.5753666e-02  -6.1460368e-01   1.6795953e-01  -2.6348421e-01  -3.3378812e-01  -1.8194845e-03  -1.8670140e-01  -1.1388931e-01  -1.7121794e-01   3.6815202e-01  -3.0649272e-01  -2.9007357e-01  -2.6608842e-01  -3.9887069e-01   2.8742473e-01  -3.0269429e-01  -3.0032424e-02  -2.7791340e-01  -3.4892224e-01  -2.3295604e-01   4.7313711e-01   4.6239974e-01  -2.1800124e-01  -2.2137710e-01   3.7242230e-01  -1.4911729e-01   1.1367361e-01  -1.0924931e-01   5.4548195e-02   8.3947418e-02   9.1952038e-02   4.4139904e-01  -1.1398598e-01   6.6577924e-02  -1.2574766e-01   1.4359459e-01  -3.6849370e-01  -5.9391363e-02   9.3489061e-02  -1.2386173e-02  -1.4506493e-01  -9.8889257e-02  -9.7949503e-02  -9.3231993e-02  -4.0773132e-01   1.9959814e-01   8.0325932e-02  -1.6722052e-03   2.7841169e-01  -3.2891670e-01  -3.1159459e-01  -2.5403214e-01  -2.0664543e-01   4.6624820e-01  -9.5655913e-02  -2.7890444e-01  -7.4753011e-02  -1.2023466e-01  -5.3849243e-01  -1.2191214e-01  -2.0309503e-01   2.1110879e-01  -1.7251529e-01  -8.4678405e-02   4.4652834e-01  -6.2942844e-02  -2.1973060e-02  -1.9656876e-01   3.1219827e-01   4.7676083e-01  -3.9033483e-01  -3.3010078e-01   1.4015636e-01   6.4794519e-02   1.2779602e-01   2.9647480e-02
  -1.8863008e-01  -5.2587828e-02   7.4796867e-03  -3.1157447e-01   1.1606796e-01  -2.9765267e-02  -1.1078509e-01  -1.3920084e-01  -1.1219458e-01   3.7180459e-01   9.8931008e-02   5.3633826e-02   0.0000000e+00  -1.3496573e-01   4.4109628e-02   2.3503850e-02   1.7013138e-01  -1.3137148e-01  -6.9868808e-02   1.0489713e-01  -2.0657554e-02  -7.5524587e-02  -4.2155109e-02  -1.0367884e-01   1.5658227e-02  -4.5733483e-02   3.1144292e-01  -2.1729231e-01  -2.7828616e-01  -2.7755719e-01   6.6789144e-02  -2.2713523e-01  -1.2154267e-01   2.3818373e-01  -2.4843813e-01   4.6967269e-01   1.8712453e-01  -1.5804666e-01   1.2255322e-01   1.6352364e-01   6.5909881e-01  -2.6668874e-01   7.4080205e-02  -3.4082179e-02  -1.6090626e-01  -8.8159608e-04   2.7107594e-01   1.3679035e-01   1.2770009e-01   1.8037745e-01  -1.2460510e-01  -2.9550128e-01   3.9842266e-01   2.7653916e-01  -5.6907979e-02  -1.6628766e-02   6.7839517e-02  -2.1782752e-01  -1.5431680e-01  -3.0811474e-01  -2.1047427e-01   1.3321763e-01   2.0353083e-02  -2.5031136e-01  -6.8937667e-02   1.3492102e-01   1.6303393e-02  -5.3321585e-02  -1.0451815e-01  -2.7299505e-02   1.4056599e-01  -1.3415577e-01   4.2885391e-01  -3.5062453e-01   1.9840557e-01   1.3270034e-01  -2.2395576e-01  -9.9931784e-02   2.8622289e-01   2.4005779e-01  -2.1309246e-01   1.9732807e-01   4.7357117e-01  -4.0111056e-02  -1.1624667e-01  -7.3084426e-03  -2.6487195e-01  -1.0534623e-01   1.8544105e-02  -3.1610646e-01   1.2607944e-01  -3.3228950e-01   4.3441780e-01  -7.7108698e-02  -2.0668892e-01   3.7623549e-01  -2.0751156e-02   1.0996620e-01   2.6129736e-01   3.3053238e-02  -2.5829088e-02  -2.7973165e-01  -4.9205861e-02  -2.4560932e-01  -2.8314489e-01  -1.1678450e-01   1.5919151e-01  -1.9331984e-01   1.1653402e-02   2.5027196e-01   3.1053823e-01  -3.7433736e-01  -1.0555847e-01  -2.8935570e-01  -3.6873654e-01   1.1691804e-01  -2.5518503e-01   4.6431434e-01  -1.1188800e-01  -1.6876458e-01  -3.3759721e-01   9.0756334e-02  -5.4032757e-02  -2.8277913e-01  -1.8996248e-01  -2.3446690e-01  -5.6718896e-02   3.8004108e-01  -1.9081370e-02   6.8483428e-02   5.5223575e-01   7.4494689e-02  -1.4869532e-02   1.4381326e-01   4.1793587e-02  -2.2528701e-01   1.1990560e-01  -2.6427736e-01   2.2978212e-03  -1.4454102e-01  -2.5840756e-01   4.5301647e-01  -3.1629607e-01  -9.8661463e-02  -2.4932731e-01  -1.7975475e-01  -1.5424576e-02   1.2116272e-02  -3.8070471e-02   8.0896334e-02  -3.7685337e-01  -4.7696452e-02  -2.2641976e-01  -2.3311610e-01   2.7385944e-01  -5.6073253e-02  -2.5947578e-01  -3.4420998e-02  -1.6083536e-01  -2.2321313e-01  -2.1434823e-01  -2.4439934e-01   3.7935320e-01  -4.0641339e-01  -1.3758955e-01   1.6949855e-01  -7.7205183e-02  -2.2647111e-01  -2.1731298e-01   3.2693350e-01   9.9975134e-02  -1.2377623e-01  -5.9009187e-02   6.3681080e-02   1.6841820e-01   3.4241582e-01  -3.0488982e-02
   4.0195572e-01  -3.9248770e-01  -2.2270860e-01   4.5600909e-01  -3.8724823e-01  -2.1452360e-02   2.4454104e-01  -1.8610405e-01  -9.0634765e-02  -3.0377191e-01   4.4310686e-01  -3.9646414e-01  -1.3496573e-01   0.0000000e+00   3.8128316e-01  -3.3696508e-02  -1.4669615e-01   1.2183161e-01  -1.5826794e-01  -4.8509857e-01   4.5403946e-01   4.1713941e-01   2.7601834e-01  -5.4342384e-02  -2.1838640e-01   4.8478059e-02  -2.0014543e-01   1.8311341e-01  -2.2323960e-01   4.6261875e-01   4.4392710e-01   1.3655272e-01   2.9228560e-01  -8.6570007e-02   8.0910729e-02  -3.7269437e-01   1.8629727e-01   7.3436511e-02  -1.2768011e-01  -4.4133002e-01  -9.3952086e-02  -7.6413028e-03  -2.6224886e-01   3.3677427e-01   1.4056832e-02  -2.7458355e-01  -1.3225657e-02   4.9501238e-01   2.3957658e-01  -3.6153224e-01   2.1689599e-01   2.2894003e-02  -2.0616746e-01   4.6989213e-02   2.0599397e-01   3.5580730e-01  -1.8565237e-01   3.3689767e-01   1.4703481e-01   5.4352660e-02   1.4079786e-01  -1.1771971e-01  -3.8766675e-01   2.0206228e-01   1.5432302e-01  -5.4290091e-02  -2.6169819e-01  -2.0952075e-01   1.5671508e-01  -2.8717827e-01  -2.0098715e-01   3.7278369e-01  -1.2980472e-01   3.8665882e-01  -4.2627464e-01  -3.7907040e-02  -1.9004851e-01   2.2511030e-01  -3.3410561e-01  -8.1493408e-02   3.7168587e-01   3.7080631e-02  -1.3809749e-01  -9.9316481e-02   7.8444843e-02   1.5641987e-01   3.9812330e-01   2.7045168e-02  -5.4064855e-02   8.9981127e-02  -2.1238149e-01   1.9495476e-01  -2.8160149e-01  -7.8807891e-03  -8.0529894e-03  -6.0406036e-01  -2.7730029e-02  -1.1854653e-01  -1.9851214e-01  -1.2836699e-01   3.3874090e-01  -2.2823912e-02   5.4921767e-01   3.1391465e-01   2.0912220e-01   3.3884185e-01  -1.0188634e-01  -7.8987950e-02  -1.3803666e-01   2.4610711e-01  -8.9795765e-02   4.3698054e-01   5.2520428e-02   1.1130910e-01   2.4660435e-01  -4.7747669e-01   3.2414967e-01   7.7357011e-02   3.2005970e-01   2.8098651e-01  -2.4940895e-02  -3.8616676e-01  -3.1536502e-01   4.7976922e-01  -1.5373560e-01   3.1894985e-01   2.0695846e-01  -2.7298002e-01   1.3999854e-01   4.4774430e-02  -1.5177137e-01  -9.2703353e-02  -4.2647382e-02   3.6007810e-01   7.7175214e-02  -1.0729805e-01  -2.9205209e-01   3.3295990e-01   2.6139990e-02  -8.5446547e-02  -4.6166680e-02  -7.2046111e-02  -1.7224817e-02   2.5698769e-01   5.0936734e-01   6.1725519e-01  -5.8209952e-02   1.5466443e-01   3.2977422e-01   9.5265542e-02   2.8940346e-02   1.0130221e-01   3.6568639e-02  -1.7144574e-02  -4.5721261e-01  -3.9909871e-02   4.5599920e-02   2.2067111e-02   2.4677532e-01   3.7962099e-01   1.0361376e-01   7.4256874e-02  -2.1201262e-01   2.1076479e-01   1.5050252e-01  -4.9970650e-01  -2.3540009e-01  -5.1326002e-03   1.4970855e-01  -3.9043541e-01  -2.1242483e-02   3.0479544e-02   1.5248549e-01  -1.5658048e-01  -1.7473882e-01  -2.0074442e-01   1.1540380e-01
