   0.0000000e+00  -1.6235301e-01   3.4341032e-03  -3.9745774e-01  -1.0601316e-01  -2.9504860e-01  -2.8489024e-02  -2.4160412e-02   6.1411905e-02   3.7707583e-02  -1.3044385e-01   4.6489490e-02  -3.2535425e-02   2.6388734e-01   1.0620042e-01  -2.4549184e-01   8.1088881e-02  -1.1796518e-01  -2.0871610e-01   2.4443446e-02  -2.2031320e-01  -2.8346878e-01  -1.0416281e-01   3.3925425e-01  -5.4230398e-02  -1.5495776e-01   1.6281752e-01   1.9188158e-01   2.4716804e-02  -2.2509997e-01  -3.5232424e-02  -3.8473141e-01  -1.6879616e-01   3.6323078e-02  -1.0055759e-01  -8.2072096e-03   1.7925954e-01   3.5321541e-01  -2.2889677e-01   2.4330768e-01   2.1778928e-02  -3.4097055e-02   3.3760294e-02  -9.8547800e-02  -2.0448893e-01   2.6692035e-01   2.2997517e-02   1.0796791e-01  -7.4222271e-02   1.2954553e-01  -1.0013494e-01   5.1141127e-02   5.0334821e-02   1.5582382e-01   8.2030338e-02  -2.0848996e-01   2.3295012e-02  -3.2755769e-01  -1.6512686e-01  -1.6825899e-01   1.0363597e-01  -2.1621606e-02  -1.1553441e-01   8.2773523e-03   1.6994047e-01  -3.6611373e-03  -5.0805524e-02  -7.8908784e-02  -3.0885953e-01   1.1607808e-01   1.3650082e-01  -1.7213267e-01  -3.1741848e-02   2.9160959e-01  -1.0036255e-02  -2.3479405e-02   2.3118081e-01   1.3054779e-03   5.2519850e-02  -1.1521582e-01  -1.6789668e-01  -9.7284561e-02  -1.4874130e-01  -1.6663725e-01   1.2859761e-01  -8.0631724e-02   2.6275241e-02   1.8947048e-01  -2.5785850e-01   4.0880386e-01   5.5952157e-02   2.0062366e-01  -1.8918797e-01  -9.4931097e-02   2.4762640e-01  -1.7325185e-02  -1.9217164e-01  -1.3408593e-01  -1.9253559e-01  -1.6281603e-01   3.9887503e-01  -3.1673986e-03  -1.0728028e-01  -1.5829039e-01  -1.8838467e-01  -2.8704373e-01  -7.2560056e-02  -2.3124028e-01   4.6841426e-02  -1.6702963e-01   2.2830117e-02  -2.5658084e-01  -2.0301787e-01   4.4044160e-01   2.4317277e-01   1.1030278e-02  -1.6273625e-01   2.0433209e-01   8.9558825e-02  -3.1199375e-01   3.1913700e-01   2.7476948e-02   4.3277195e-02   1.2157979e-02   3.8041078e-01  -3.4883419e-02   1.6933601e-02   4.8283132e-02  -1.0682146e-01   2.4778100e-01   7.8451548e-02   1.2705398e-01   1.6768939e-01  -5.0291579e-02  -1.5833375e-01  -2.2528676e-01  -1.8380839e-01  -1.4364679e-01  -1.0307625e-01   1.8150130e-01   1.5694781e-01  -7.7712572e-02  -2.4212812e-01   2.2991452e-02   2.1770687e-02   1.4157078e-01   5.4279046e-02   6.1182063e-02  -9.1280706e-02  -4.4954210e-02   2.2548169e-01  -2.8579538e-01   3.5305583e-01   1.3159819e-02   1.3332483e-01   3.0627577e-01   3.2564746e-01  -2.2585662e-01   8.3424509e-02  -1.3999358e-01   3.4070058e-02  -5.7961451e-02   8.4537752e-02  -2.2610600e-01   1.7622677e-02  -2.9021791e-02  -7.6000122e-02   7.7397925e-02   4.4523052e-01  -1.0576016e-01  -2.3318802e-02   1.0636098e-01   3.3999158e-02   5.6744133e-02   1.2462024e-01  -5.8564225e-02  -2.5118030e-01
  -1.6235301e-01   0.0000000e+00   1.0278545e-01  -1.6133959e-01   4.0108741e-01  -3.5730133e-01  -4.1115175e-01  -6.4579681e-02   6.3780841e-01   2.1520016e-01  -4.1697597e-01   8.3491627e-04  -2.0218204e-01  -2.7209591e-01  -3.7346694e-01  -7.7854485e-02   4.2029766e-01  -3.5696510e-01   4.3772338e-02   1.6804802e-01  -2.7853126e-01  -1.1593283e-01  -3.5956487e-01   1.0533140e-01  -3.0888081e-02  -3.5653264e-02   1.5788794e-01  -2.2910460e-01  -3.9726272e-03  -1.6871288e-01  -1.9128283e-02  -1.7984653e-01  -1.4613827e-02   2.1713969e-01  -4.7982551e-01   1.5528021e-01   2.0497013e-01  -1.3371360e-01   8.5564196e-02   1.7244131e-01  -3.0238573e-01  -1.2825370e-01   3.5687047e-01  -2.7346400e-01   5.7761853e-02  -3.4403424e-01  -5.0381969e-01   6.2401471e-01  -7.3416312e-03   3.6400104e-01  -5.0724636e-01   7.5440172e-02   5.4948518e-01   1.3604136e-01  -1.0335471e-01  -3.0670783e-01  -3.7300448e-01  -3.0279717e-01  -3.2147395e-01  -2.0568220e-01  -2.5491009e-01  -6.3502862e-02   5.0556997e-01   3.7711150e-01   3.7127596e-01  -2.5904310e-01  -1.7690181e-01   4.3692403e-01  -3.3962297e-01  -3.4332966e-01   5.0281040e-01  -4.1339986e-01   4.6277726e-02  -2.1485401e-01  -1.1476089e-01   3.6996302e-02  -2.6202770e-01  -1.2565745e-02   4.4562340e-01  -3.6754302e-01  -2.5334471e-02  -2.9357212e-02   2.7346470e-01  -1.2344257e-01  -1.0125660e-01   9.0923571e-02   2.4916330e-01  -2.2090220e-01   3.6316257e-01   1.4739572e-02   5.8534025e-01  -2.3527668e-01  -1.3642430e-01   4.5785520e-01  -1.8933816e-01   3.3897120e-01  -2.9930645e-01  -2.7826713e-03   2.7330695e-01  -4.5541893e-01   2.9858071e-02  -1.1933948e-01  -3.0695764e-01   7.2752623e-02  -4.5251673e-01   7.5127445e-02   1.6377602e-01  -2.7005999e-01   1.5551482e-02  -5.4161731e-03   1.1808887e-02  -4.4656406e-01   7.6644271e-02  -1.8586477e-01  -2.9622248e-01   6.3904962e-01   6.9533465e-02  -3.6676593e-02  -2.2974309e-01  -2.4329385e-01  -2.5301324e-01   3.7071223e-01   4.1175058e-01   3.1904688e-01  -3.1058568e-01  -1.3098527e-01   1.7309566e-01  -3.4795901e-02  -1.2243740e-01   2.6388237e-01  -1.1953459e-01   4.1014150e-01  -1.1015575e-01  -2.7472575e-02   2.0595590e-01   4.1362318e-02  -1.0082967e-01  -1.8586046e-01  -5.4252331e-02  -6.8060362e-02  -2.2030945e-01   2.7540780e-02  -2.5890059e-01  -1.9559778e-01  -2.7793601e-01   5.2925187e-04   1.5651080e-01   1.1721709e-01  -4.9126212e-01   1.5520528e-01  -2.1872041e-01  -5.0073219e-02  -5.8343096e-03   1.6245195e-01   5.6342074e-01  -2.6130734e-02  -2.5569051e-01  -2.5003985e-01  -1.8063109e-01   7.1393392e-02   3.1989283e-01  -3.9040013e-01   7.8825923e-02  -3.7955066e-01  -4.0752335e-02   4.3510813e-01   3.5302920e-04  -2.4566391e-01  -1.2774689e-01   5.4291936e-01   2.2802863e-01  -9.2507825e-02   6.7767056e-02  -2.3752267e-01  -4.4692254e-02   2.2986544e-01  -5.7459925e-02
   3.4341032e-03   1.0278545e-01   0.0000000e+00  -3.3996272e-03   1.1991285e-01   1.0004319e-01   7.0414614e-02  -1.3640644e-01   9.4005138e-02   5.7410522e-02  -3.0058309e-01   3.9551847e-01  -3.1933104e-02   7.1941287e-03  -2.9415994e-01   1.3243824e-03   6.3068489e-01  -2.2857693e-01   3.5258566e-02   2.6953132e-01  -2.5413314e-01  -1.6401545e-01  -1.4935304e-01   2.0234226e-01   3.5489466e-02  -2.7745766e-01   3.2011196e-01  -1.4580093e-01  -1.4953114e-03  -2.3295684e-01  -2.1246375e-01  -2.3463513e-01   1.8193095e-01   2.3397568e-01  -6.1831108e-02   1.7084339e-01   2.2794243e-01   8.4622231e-02  -1.2868117e-01   4.1469158e-01  -1.2358607e-02   4.2646630e-01   3.4612412e-01  -1.5152258e-01  -1.5508644e-01   6.5210676e-02  -1.3666812e-02  -1.0283648e-01  -2.8761608e-01   6.0179534e-01  -1.6014457e-01  -3.1003560e-01   9.2606265e-02   6.0645669e-02  -2.5742050e-02  -2.3123300e-01   1.1658880e-01  -2.5366141e-01  -1.5461750e-01  -1.5140272e-01   3.4126595e-01  -8.7076604e-02   2.5376038e-01  -1.8346362e-02  -3.2384562e-01  -4.8143357e-02   1.0279681e-02   1.0945067e-01  -1.2227619e-01   4.8367046e-01   1.9935129e-01  -1.0841896e-01  -2.3729380e-01   1.6049439e-01  -1.5798504e-02  -2.9985611e-02   1.1558510e-01   6.3025945e-02   1.3030768e-01  -5.3387489e-02  -1.6130064e-01  -1.8176020e-01   1.5225554e-01   9.6220762e-02   3.0474369e-01  -1.9857971e-01   1.0292121e-01   2.6815470e-02   3.9629444e-02   2.2941243e-01   7.3165659e-02   3.8011067e-01   4.8383144e-01   1.1412044e-01   3.6330370e-01   1.9246150e-01   1.2836409e-01  -7.1045097e-02  -3.8241454e-03  -2.2505714e-01   3.5035937e-01   3.9567419e-02  -2.8504058e-01  -1.4756442e-01  -2.6550451e-01  -1.9845439e-01   4.7996277e-01  -1.6462767e-01  -1.0855860e-01   3.2780359e-01   2.9866537e-01  -2.6119098e-01   8.5390967e-02   1.3155535e-01   1.3884512e-01  -1.1780158e-01   4.3228981e-02  -1.3353298e-01   1.5156783e-01  -1.9998604e-01   1.3132951e-01   4.3454443e-02   1.6674806e-01  -2.7340435e-01   1.3440965e-01   7.3530557e-02  -3.0472556e-02   4.1519106e-02  -8.0025654e-03   4.7670011e-01  -3.9863754e-02  -1.3517143e-01  -2.1206110e-01  -1.4029664e-01   2.3540741e-01  -1.0849447e-01  -5.6331643e-02   1.4304120e-02  -2.1427064e-01  -1.7625291e-01   1.2710663e-01   1.8403974e-01  -1.1195859e-01   4.5121348e-01  -9.2536361e-02  -3.9505100e-01   3.7598524e-01   2.8127368e-02   6.4511338e-03  -3.0938357e-01   2.8225867e-01  -1.7707823e-01   2.2040618e-01  -2.1601809e-01   5.1456244e-01  -1.5863730e-01   2.8834838e-01  -2.5852476e-01   3.9209724e-01  -2.7507051e-01   2.3343792e-01  -3.2279378e-01   4.1367652e-03  -1.7355789e-01  -8.4568775e-02   1.8505840e-01   1.7214518e-01  -1.6040574e-01   1.6085492e-01   1.3717616e-01  -5.0745286e-02  -2.1251801e-01  -2.2545918e-01   2.9949646e-01   1.5192833e-01   1.6540557e-01  -1.6708189e-01
  -3.9745774e-01  -1.6133959e-01  -3.3996272e-03   0.0000000e+00   6.8326046e-02   2.3591213e-01   8.3146346e-02   1.6356149e-01  -2.1826998e-01  -1.4903090e-01   2.5720346e-01  -6.1565239e-02   1.6690419e-01   1.6610210e-02  -5.7199581e-02   9.4854852e-02  -7.8109977e-02   2.0011649e-01   1.7764945e-01  -6.1301772e-03   2.5925067e-01   4.8204186e-01   7.3048543e-02  -7.8388735e-02   1.3273216e-01   6.3003046e-02  -2.6616891e-01  -2.3956832e-01  -3.4329526e-02   3.5021598e-01   4.6412981e-02   2.8825062e-01   1.1282017e-01  -2.0121137e-01   3.2726096e-02   1.1090217e-01  -3.3948789e-01  -7.8395339e-02   1.1349805e-01  -3.7060642e-01   8.3141222e-02   2.0331937e-01  -1.9955075e-01   2.1993735e-01   7.4479395e-02  -1.4146434e-01   1.6566805e-01  -3.6408072e-01   2.1140555e-01  -1.0396077e-01   3.7200946e-01   4.6835909e-02  -2.8296873e-01  -1.1770455e-01   5.5126659e-02   1.4815358e-01  -7.8598446e-02   5.0721626e-01   3.4834236e-01   1.0055873e-01   1.6600368e-01   9.9128899e-03   9.6229434e-02  -8.1216753e-02  -2.9260681e-01  -3.0566589e-02   2.8052568e-01  -4.4356251e-02   5.0088924e-01  -6.4406951e-02  -3.6291167e-01   4.3403285e-01  -1.4918257e-02  -2.1082390e-01   1.4725087e-02  -2.5250371e-02  -8.0843677e-02   3.7461842e-02   8.3962025e-03   2.4622453e-01   4.9650532e-02  -1.9977024e-02  -1.0697996e-01   2.5687844e-02   8.1976976e-02   7.7025856e-02  -1.0824325e-01  -1.0196632e-01   1.5500947e-01  -4.5781837e-01  -7.4337666e-02   2.3241708e-01   1.3904033e-01  -6.3454663e-02   3.9212181e-02   1.8624577e-02   2.1173993e-01   1.3783018e-01   9.9746156e-02   1.2737035e-01  -2.7343368e-01  -2.6919748e-02   3.3626103e-01  -4.5353748e-02   4.1378355e-01   3.9727515e-01   8.7036879e-02   2.4722997e-01  -1.3431369e-01   2.5430120e-02  -7.4505686e-02   3.5987296e-01   3.0340645e-01  -2.1416726e-01  -3.4617755e-01  -1.9385356e-01   6.5172039e-02  -2.0288315e-01  -5.0431199e-02   4.2738771e-01  -2.6629163e-02  -6.4027572e-02   6.4772653e-02  -2.2606914e-01  -6.2969376e-02   1.8669503e-01  -1.0193951e-01   4.6529656e-03   3.6839542e-01  -4.1998983e-01  -1.5855681e-02  -2.6358276e-01   1.1495729e-01  -1.4399666e-03   7.4714532e-02   1.7326941e-01   1.4605224e-01   1.6048396e-01   1.6652739e-01   1.6139245e-02   7.0278970e-02   7.8986415e-02   7.3603788e-02  -5.4565967e-02   6.9832841e-02   3.1859036e-03  -1.7988132e-01  -2.0647368e-01   1.0895530e-01  -1.3890779e-01   3.0755068e-02   3.7320964e-01  -1.0108057e-01  -8.6346858e-02  -3.0282050e-01  -7.7759991e-05   6.4177708e-02   4.5425713e-01   1.9622980e-01   1.7279989e-02  -5.1382770e-02   4.3145463e-02  -4.4407480e-01   3.8146728e-01   1.3365582e-01  -6.3812514e-02   1.2357635e-01  -8.3591647e-02  -7.7681984e-02   6.1850498e-02  -1.5560566e-01   5.6422310e-02   1.9729229e-01  -5.7226044e-02  -3.8675818e-02  -9.6252545e-02   3.4649149e-01
  -1.0601316e-01   4.0108741e-01   1.1991285e-01   6.8326046e-02   0.0000000e+00  -3.8738880e-01  -3.2707260e-01   4.0434886e-02   4.0464784e-01  -8.0040534e-02  -3.2255560e-01   7.2835556e-02  -8.0349837e-03  -3.4502368e-01  -4.4182005e-01   7.6217934e-02   3.2040296e-01  -3.0266267e-01   9.7792370e-02   7.6638375e-01  -2.9620128e-01  -2.8576708e-02  -2.9819447e-01  -1.6066054e-02  -1.5342702e-01   4.8939080e-02   1.4114674e-01  -1.7294692e-01   1.0011379e-01  -1.6752378e-01  -4.0502401e-01  -1.7386584e-01  -3.7855543e-02   1.2744435e-02  -3.7570396e-01   5.9106526e-01   3.1511125e-01  -1.5895556e-01  -4.0641707e-02  -2.0924312e-02   1.6156737e-02   1.0819508e-01   3.9565851e-01  -1.6323956e-01   2.7112020e-01  -3.4753049e-01  -1.6784797e-01   1.1971473e-01  -5.5899550e-02   3.8708035e-01  -3.4370127e-01   1.9395697e-01   3.6760259e-01  -1.3621896e-02  -7.1951275e-02  -1.9086454e-01  -2.5752499e-01  -1.3338882e-02  -2.6424711e-01   3.2502405e-02  -7.9691486e-02   3.5605167e-01   3.5975198e-01  -1.0910128e-02  -4.5576339e-03   8.0160738e-02  -2.9628654e-01   4.6325121e-01  -2.9204360e-01  -3.2341387e-01   2.5205216e-02  -1.5611387e-01  -5.3834701e-02  -2.2440000e-01  -9.6427259e-02  -6.0167329e-02  -3.2262904e-01  -1.4031972e-01   6.9673964e-01  -1.2190742e-01  -2.0102748e-02  -1.2460668e-01   2.8936726e-02   2.5643655e-02  -2.0650824e-01   8.9506102e-02  -6.5162130e-02   4.7597348e-02   1.4653902e-01  -1.6642806e-01   6.5718008e-01  -1.9183139e-01   3.5170161e-02   4.0744086e-01  -1.8506428e-01   7.3196280e-01   4.7803638e-02  -1.3540723e-01   5.3816173e-01  -3.5562690e-01  -2.9983787e-01  -1.3189077e-01  -2.3691540e-01   8.6969119e-03  -3.1476227e-01   5.0852731e-02   1.5670842e-01  -1.6897257e-01   3.4932650e-01   4.4942282e-02   8.1656107e-02  -3.6436017e-01   1.8920509e-01  -2.0719997e-01  -2.9779343e-01   5.2496215e-01   5.0194113e-03   1.5891022e-02  -2.8072957e-01  -1.8390445e-01  -2.4344812e-01   6.5760809e-01   4.2054474e-01   3.3601608e-02  -2.1495625e-01   3.9796696e-02   2.1396152e-02   1.6659895e-02   1.2258184e-01  -1.0088001e-01  -2.2859321e-02  -2.5623910e-02  -1.3386463e-01  -4.1086552e-01   1.3291361e-01   2.4072406e-02   1.0773910e-01  -3.8738139e-01  -1.1368865e-02  -1.8338112e-01  -1.9174026e-03   1.2240076e-02  -1.6564717e-01  -1.6569629e-01  -4.8941067e-01  -1.2482447e-01   3.3228515e-02   4.1598108e-01  -1.4632416e-01  -3.4911877e-01  -3.7987747e-01  -9.7760943e-02  -8.5301193e-02   2.1398779e-01   2.9031362e-01  -1.0596648e-01  -1.2593604e-01  -7.4237274e-02  -1.0216685e-01   6.2371359e-02   4.4394780e-01  -1.0387768e-01  -2.2441358e-01  -1.8734888e-01  -2.3566699e-02   5.4073169e-01   4.1217128e-01  -1.6560672e-01  -8.9877228e-02   3.3807618e-01   4.8700573e-01  -3.2260746e-01   3.3900599e-01  -8.5463733e-02  -4.4904961e-02   2.7559594e-01   5.8648985e-02
  -2.9504860e-01  -3.5730133e-01   1.0004319e-01   2.3591213e-01  -3.8738880e-01   0.0000000e+00   5.2855902e-01   1.5575348e-01  -5.7040186e-01  -3.2160460e-01   5.5266086e-01  -5.5352110e-02   6.9339191e-03   1.4241148e-01   2.0234772e-01   2.7964578e-01  -2.5923581e-01   5.0609026e-01   1.1596771e-01  -3.4685483e-01   4.8592520e-01   2.7811957e-01   4.5013281e-01  -9.0852882e-02   1.5382225e-01   2.1678625e-01  -7.9511691e-02   1.2407173e-02  -3.2855277e-04   4.1438976e-01   4.6639066e-02   4.3472346e-01   1.0832905e-01  -1.9717852e-01   4.3978390e-01  -2.1440370e-01  -3.4565327e-01  -1.9367449e-01   1.4896511e-01  -1.1284298e-01   3.1992608e-02   2.6403740e-02  -4.4151368e-01   3.2790479e-01  -1.0488991e-01   2.1937384e-01   5.5744296e-01  -3.8657525e-01   2.2515679e-01  -3.7139868e-01   6.2616657e-01  -2.3806557e-01  -4.8788166e-01  -4.6791522e-02  -3.7491175e-02   4.3003859e-01   5.4415183e-01   3.6068272e-01   5.0137069e-01   1.6122468e-02   1.4163477e-01  -5.8508586e-02  -3.1483994e-01  -2.8750272e-01  -3.3054379e-01   1.7296328e-01   5.7141057e-01  -3.5962840e-01   6.2786715e-01   4.0026758e-01  -3.2728261e-01   5.6041064e-01  -4.5005083e-02   6.4419141e-02   1.7060669e-01  -1.8931678e-01   5.7428916e-02   2.4825449e-01  -5.3564053e-01   2.8147267e-01  -3.4528684e-02   6.5658240e-02   2.5826364e-02   1.7026844e-01   1.7487593e-01  -1.7622860e-01  -1.7553751e-01  -1.9027944e-01  -2.9515831e-01  -2.8510405e-01  -5.7058411e-01   1.8960991e-01   3.0544031e-01  -4.0286236e-01  -1.3103535e-01  -3.9401924e-01   3.0124483e-01   3.0219511e-01  -1.4996638e-01   3.9742457e-01  -2.1984720e-01   2.4062657e-01   3.1691963e-01  -2.0624073e-01   6.1837284e-01   3.0037063e-02   1.1119881e-01   5.6093662e-01  -1.4354219e-01   2.5780043e-01   9.8916700e-02   6.2800232e-01  -1.0577543e-02  -8.1621230e-02  -5.1882161e-02  -5.9478993e-01   4.7026362e-02  -4.0955162e-02   3.3081325e-01   3.8772841e-01  -7.6397816e-02  -4.8423084e-01  -4.5354336e-01  -2.9453162e-01   2.5829666e-02   3.0039303e-01  -4.5519420e-02  -3.5157144e-02   2.2808297e-01  -2.0286686e-01  -5.3432036e-02  -3.9165988e-01  -3.8387178e-02   1.4016435e-02  -6.6083751e-02   7.5845881e-02  -3.3082815e-02   2.7501425e-01  -6.5055848e-02  -1.4286200e-01  -3.2069583e-02   1.4440621e-01   3.5683258e-01   3.3430190e-01   2.4977700e-01  -3.0083754e-02  -4.2244980e-02  -2.1888386e-01   5.6876093e-01  -1.6430463e-01   1.2085830e-01   1.3716884e-01  -2.8640467e-01  -2.6292939e-01  -3.7641430e-01  -1.4494006e-01   3.0314818e-02   4.3804321e-01   5.1026490e-02  -1.7529296e-01  -4.4377647e-01   2.1481021e-01  -7.5845883e-02   5.2107907e-01   1.1682135e-01  -5.2480065e-01   1.7277627e-03   1.1058423e-02  -1.6415938e-01  -3.7029154e-01  -4.6343013e-01  -6.7917465e-02  -8.3154774e-02   5.6931905e-01  -3.7513823e-02  -2.2418104e-02   3.0071792e-01
  -2.8489024e-02  -4.1115175e-01   7.0414614e-02   8.3146346e-02  -3.2707260e-01   5.2855902e-01   0.0000000e+00  -6.0769637e-02  -4.8908760e-01  -2.8393370e-01   3.1422323e-01   1.8857683e-01  -1.0965099e-02   2.1088173e-01   4.0459695e-01   1.3975725e-01  -2.0002478e-01   3.3788066e-01  -2.5613827e-02  -2.0636835e-01   3.7432481e-01  -8.1332327e-04   4.9627716e-01   6.2315854e-02   5.5801794e-02  -9.9973916e-02  -1.8760562e-01   7.3349944e-02   2.9319726e-02   1.6945868e-01   7.1189744e-02   1.4321463e-01  -1.3571465e-02   2.2890717e-02   4.5193985e-01  -1.2281232e-01  -2.5904137e-01   7.3076687e-02   7.2393920e-02  -1.7206855e-01   1.3613815e-01   2.1252672e-01  -3.3992467e-01   2.2048635e-01  -1.6190444e-01   3.0813969e-01   2.3678557e-01  -3.2830720e-01   2.3627292e-02  -3.2883711e-01   4.8201141e-01  -1.6271001e-01  -2.0450753e-01  -3.9256514e-02   3.5176630e-02   3.4594803e-01   2.6883036e-01   5.5808259e-02   2.1751966e-01  -1.8043120e-01   1.8566669e-01  -2.8153317e-02  -3.8728105e-01  -1.9094080e-01  -3.5131676e-01   2.7401838e-01   3.3454360e-01  -3.0180485e-01   1.7066411e-01   3.4401748e-01  -1.6313513e-01   2.2259435e-01  -1.5408965e-01   2.9197829e-01   2.8364743e-01  -2.2985504e-01   1.3252815e-01   1.9718677e-01  -4.6790649e-01   1.6492907e-01   1.5180731e-01   7.7495554e-02  -4.8464022e-03   5.6592767e-02   2.1257083e-01  -1.4474595e-01  -2.1875517e-01   1.2964736e-01  -1.7450968e-01  -1.6649722e-01  -5.3064458e-01   1.6184755e-01   4.1460045e-01  -3.9496018e-01   3.5735991e-02  -2.6416510e-01   2.3400755e-01   8.1541108e-03  -1.6041125e-01   4.2223102e-01   1.6050727e-02   1.9849459e-01   1.0468752e-01  -1.7571295e-01   3.5495513e-01  -1.0958323e-01   1.1946236e-01   1.5254708e-01  -1.6283372e-02   1.4928534e-01   2.7242420e-01   3.7140948e-01  -2.0582748e-01   7.9600048e-02   1.5279411e-01  -6.2495370e-01  -1.0432934e-01   2.4699076e-03   2.4608500e-01   5.5883535e-02  -8.7911141e-02  -3.8206046e-01  -2.9823366e-01  -1.9305137e-01   1.3312093e-02   1.4992678e-02   1.3372739e-01  -6.5961450e-02  -3.4446769e-02  -1.0771934e-01   1.0261620e-01  -1.5504708e-01   9.6645340e-03   1.2070995e-01  -1.1929325e-01  -1.6171600e-01  -1.6801445e-01   3.0733596e-01  -1.8115283e-01   9.7919596e-02   5.3135851e-02   1.8848196e-01   1.5715234e-01   3.3301005e-01   3.6480148e-01   5.7148746e-02   5.1680554e-02  -2.7796075e-01   4.3805681e-01  -9.8686482e-03   2.1207321e-01  -9.7981267e-03   2.6371127e-02  -2.1068500e-01  -2.9071329e-01   6.7363361e-02   2.4056291e-02   1.5741036e-01   1.1547532e-01   8.7863744e-02  -1.8303741e-01   1.0055706e-01  -2.7467350e-02   2.3444955e-01  -1.4831924e-02  -2.6716041e-01  -3.8982432e-02   7.6647378e-02   1.2223630e-01  -2.7914733e-01  -3.0844287e-01  -1.4060001e-01  -1.7750897e-01   5.6391008e-01  -7.3192297e-02  -7.2559184e-02   8.7754162e-02
  -2.4160412e-02  -6.4579681e-02  -1.3640644e-01   1.6356149e-01   4.0434886e-02   1.5575348e-01  -6.0769637e-02   0.0000000e+00  -7.6430882e-02  -2.5700790e-01   3.6418216e-01  -1.3056648e-01  -2.4904004e-02   2.5614353e-02  -9.6340288e-02   2.8164172e-01  -1.7937148e-01   1.3620136e-01   1.5218229e-01  -3.7525727e-02   6.9716937e-02   2.6531877e-01   4.0012469e-02   1.6375596e-02   5.4374636e-02   1.2432552e-01  -1.1954882e-01  -4.3626966e-02   1.0317348e-01   3.1381854e-01  -1.5439483e-01   1.2111337e-01   3.3467125e-01  -2.3779307e-01   7.9743444e-02  -1.5434309e-01   5.1995110e-02  -1.9391439e-01   2.5803916e-01  -2.0413182e-01   2.0881130e-01  -1.1888498e-01  -2.6075519e-01   4.0723057e-01  -1.0750550e-01   4.7891022e-02   3.7175298e-01  -1.0267728e-01   4.4421570e-02  -1.1605258e-01   1.6242945e-01   3.0028640e-01  -1.5674058e-01   3.0419699e-02   2.9409135e-02   1.3854041e-01   2.3846984e-01   2.4187968e-01   3.3528055e-01   3.0119778e-02   4.8237282e-02  -8.8202936e-02  -2.0414116e-02   9.2162986e-02  -1.9906419e-02   9.2509943e-02   1.5390044e-01  -1.4650801e-01   5.1276650e-01  -1.1676132e-01  -2.5393974e-01   1.4543885e-01   1.3934298e-01  -2.2424168e-01  -2.6994629e-03  -3.6550800e-01   5.8318131e-02   2.1942436e-01  -1.2247972e-02   1.6945729e-01   3.9630615e-02   1.5943093e-01   5.6042748e-02   2.6076857e-01   9.6341276e-03  -1.0509714e-02  -2.9766359e-01  -3.3780604e-01  -9.7356852e-02  -3.6481867e-01  -6.5138827e-02   8.9199263e-02   2.7528258e-02  -9.2649578e-02  -3.0410583e-01  -1.7204341e-02   8.9221594e-02   2.2037707e-01  -4.2297577e-02  -1.4905264e-01  -2.6765125e-01   1.8927763e-01   4.2042780e-01  -2.3933190e-01   2.5150464e-01   8.1530889e-02  -1.8837877e-01   5.8622031e-01   5.1824570e-02   1.2500265e-01   7.0672888e-02   4.2064946e-01   1.4984941e-02  -2.9230287e-01  -4.0180969e-01  -2.1304712e-02   1.7236480e-01   1.1714575e-01   6.9411815e-02   2.0034135e-01  -2.3718943e-01  -2.4857479e-02  -3.2346225e-02  -1.2508956e-01  -5.1051387e-02   2.6859439e-01  -7.0770466e-02   1.3213249e-01   8.3593076e-02  -2.7698706e-01   4.1966785e-02  -2.9824746e-01   2.1071328e-01  -1.4044592e-01  -1.9005905e-01   1.5633060e-01   4.6017212e-02  -1.2258064e-01   1.4474573e-01  -5.2082528e-02  -1.2929856e-01  -5.3200333e-02   2.1828784e-01   6.9735420e-02  -7.7762300e-02   4.9827721e-02  -1.9300446e-01   2.4865509e-01   2.4863226e-01  -2.3737480e-01  -2.2600918e-01   2.3960494e-01  -1.7546650e-01   7.7101741e-02  -2.0455819e-01  -2.1483902e-02  -5.2639362e-02   4.6561761e-01   1.7934680e-02   1.1859713e-02  -2.5633306e-01   1.9987671e-01  -2.1111826e-01   2.6953411e-01   2.4538664e-01  -1.6044164e-01   2.5555729e-01   2.2384402e-02  -2.4450833e-02  -5.6192164e-02  -4.6674807e-02  -7.4801514e-02   2.0475138e-01   2.1026620e-01   3.7877326e-02   8.7713039e-02   3.8261243e-01
   6.1411905e-02   6.3780841e-01   9.4005138e-02  -2.1826998e-01   4.0464784e-01  -5.7040186e-01  -4.8908760e-01  -7.6430882e-02   0.0000000e+00   2.1463594e-01  -4.5356979e-01   1.7745448e-01  -2.1322162e-01  -3.4432502e-01  -3.6359839e-01  -1.4687887e-01   2.7559524e-01  -4.7512346e-01  -1.6526802e-02   1.9896513e-01  -5.5340880e-01  -2.8717247e-01  -4.9596915e-01   3.5507800e-02  -9.8246308e-02  -7.3226615e-02   3.2336911e-01  -1.8582426e-01  -4.4572019e-02  -2.5124607e-01  -2.6098742e-01  -2.7493107e-01  -9.5301642e-02   2.6642610e-01  -5.5217285e-01   2.2104402e-01   3.4466864e-01   5.5166951e-03  -1.2368245e-01   3.1130651e-01  -1.1875736e-01  -4.9267049e-02   5.2071877e-01  -3.4412119e-01   2.1387749e-01  -2.1272386e-01  -4.7080410e-01   5.9499412e-01  -3.7093087e-01   4.0037471e-01  -5.4068190e-01   9.5900926e-02   5.3799261e-01   1.3377209e-01  -1.3119006e-01  -4.3435449e-01  -2.8233439e-01  -3.8250790e-01  -4.1665526e-01  -1.1041645e-01  -2.7259642e-01  -7.8767284e-02   4.8783188e-01   4.6069613e-01   3.8384746e-01  -1.5626726e-01  -4.3491189e-01   4.5979326e-01  -3.8500478e-01  -1.4353845e-01   3.5282983e-01  -4.6183633e-01   7.0468160e-02  -1.5915425e-01  -2.8445934e-01  -3.3077343e-02  -2.1188953e-01  -5.8191041e-02   4.4726288e-01  -2.7755407e-01  -1.2067840e-01  -1.1077610e-01   2.3250760e-02  -2.2297444e-01  -1.4502054e-01   7.3393113e-02   1.4812765e-01  -9.1248781e-02   3.8307650e-01   5.6450499e-02   5.6059437e-01  -2.8817110e-01  -2.6902850e-01   6.8447821e-01  -1.0966536e-01   2.2980051e-01  -3.7106999e-01  -1.1920879e-01   1.9229058e-01  -5.5820812e-01   3.9195824e-02  -5.4939685e-02  -4.2496189e-01   1.9456340e-01  -5.9177218e-01  -3.7772932e-02   8.6470476e-02  -2.4132224e-01   1.7475629e-01  -2.5522427e-01  -5.9780398e-02  -5.5246421e-01  -1.9115123e-03  -1.3896288e-01  -1.1631477e-01   6.9212528e-01  -2.0401988e-02  -1.6645398e-02  -3.1197347e-01  -4.3972110e-01  -1.0147420e-01   3.1723160e-01   5.7753574e-01   2.7140349e-01  -1.9943571e-01  -1.0591057e-01   1.7497342e-01   2.2278520e-02  -1.4697754e-01   4.3405369e-01  -6.4836366e-02   3.7309792e-01  -2.3766275e-01  -2.0687534e-01   1.6642024e-01  -9.9088921e-02  -7.5115681e-02  -3.9108778e-01  -1.1921916e-02  -2.4545701e-01  -9.7155103e-02  -8.1027575e-02  -6.5196969e-02  -2.1969846e-01  -2.5228268e-01  -1.0535804e-01   2.7723163e-01   4.3424222e-01  -4.9486861e-01   1.4954390e-02  -1.3096313e-01  -2.6082206e-01   1.5359415e-01   2.3523860e-01   5.4517455e-01  -8.9340772e-02  -1.0128456e-01  -2.9455552e-01  -2.1052989e-01  -5.0370885e-02   4.5216985e-01  -1.8629841e-01   6.9048465e-02  -4.0850115e-01  -6.1648683e-02   4.8110672e-01   2.5678193e-02  -1.3013871e-01   5.2690074e-02   2.9849627e-01   4.0733641e-01   4.4727588e-02   2.4058567e-01  -3.4192186e-01   8.5449375e-02   7.6750115e-02  -2.1036316e-01
   3.7707583e-02   2.1520016e-01   5.7410522e-02  -1.4903090e-01  -8.0040534e-02  -3.2160460e-01  -2.8393370e-01  -2.5700790e-01   2.1463594e-01   0.0000000e+00  -3.8311208e-01  -1.1720768e-01   4.5017903e-02  -3.7561512e-02  -6.2081997e-02  -3.6753252e-01   1.9232537e-01  -1.7766590e-01  -1.3934685e-01   2.2508190e-02  -1.6829847e-01  -2.0328843e-01  -1.2123578e-01   2.0169660e-01   1.3784947e-01  -2.4589307e-01  -3.3516746e-02  -3.1499637e-02  -1.9658664e-01  -2.9342145e-01   1.9678507e-01  -7.2144006e-02  -8.1736157e-02   3.3446382e-01  -2.7662358e-01  -7.8013057e-02   1.7200811e-01   7.2347278e-02  -3.7109776e-01   2.5222957e-01  -1.6778861e-01  -1.7514562e-01   2.6910160e-01  -1.7885059e-01  -6.8408520e-02  -1.6471098e-01  -5.0232231e-01   2.2602716e-01  -9.4005015e-03   2.1467230e-01  -3.4307669e-01  -1.6412628e-01   4.2474746e-01  -1.6955540e-01   3.0719155e-02  -1.8854559e-01  -3.0544814e-01  -1.8291755e-01  -2.2859859e-01   5.3710985e-02  -1.3655268e-01  -4.3460077e-02   1.0978749e-01   1.4616991e-01   6.2855370e-02  -9.0386526e-02  -1.7561264e-01   1.8703619e-01  -3.2268798e-01  -9.3385327e-02   4.1397901e-01  -3.2335193e-01   7.3916910e-02  -8.3500903e-03  -2.2016937e-01   2.0368441e-01  -1.1487012e-01   4.4289925e-02   1.2195287e-01  -1.4835689e-01   1.1633427e-01  -2.3733496e-01   6.4566054e-03  -6.6909489e-02  -2.3448581e-01   1.3748384e-01   2.6688742e-01   1.7080496e-01   8.4528986e-02   2.9289904e-01   1.5376330e-01  -2.8089574e-01  -2.7572712e-01   2.7644265e-01  -1.0445148e-02  -1.6294760e-02  -1.4615315e-01   1.0773214e-01  -1.6069021e-01   6.2079448e-02   2.0656191e-01  -9.3855272e-02  -2.6532990e-01   1.0814063e-01  -2.3253965e-01  -6.6142240e-02   3.4256503e-02  -3.1053682e-01  -3.4722079e-02  -7.8308999e-02  -4.3156283e-02  -3.1988721e-01  -2.7240835e-02   5.5208901e-02   2.5293553e-01   2.1280956e-01   1.6486014e-01  -3.9141054e-02  -2.5291850e-01  -2.6585767e-01   1.1253049e-01   2.8387533e-02   2.0713000e-01   1.9978111e-01   2.8647253e-02  -2.6820455e-02   1.8433509e-01   4.9346233e-02  -5.9570259e-02   2.9126690e-01   4.9772708e-02   3.5600264e-01  -1.2281437e-01   1.5791209e-01   1.4370370e-01   6.7748418e-02   1.2539295e-02   1.1908555e-01   9.6891442e-02   8.8730444e-02  -1.7743351e-02   3.6106120e-02  -2.3583876e-01  -1.9891443e-01  -7.8932019e-02  -2.1377801e-01   1.7386600e-01  -1.1561953e-01  -3.4175692e-01   4.1858277e-01   5.0335561e-03  -7.4207663e-03   9.1365726e-02  -2.4416289e-02   2.8559130e-01   9.5501480e-02  -1.5993122e-01  -3.2010505e-01  -2.2803304e-01   2.3033984e-01   1.1283364e-01  -4.0971625e-01   3.3678667e-01  -2.4603913e-01  -7.9482115e-02   3.0496641e-01  -1.4623142e-01  -4.0445586e-02  -1.3715836e-01   3.3476179e-01   3.8534119e-02   4.2702121e-02  -2.1931687e-01  -4.3763899e-01  -5.8836653e-04  -9.3221415e-02  -2.0548082e-01
  -1.3044385e-01  -4.1697597e-01  -3.0058309e-01   2.5720346e-01  -3.2255560e-01   5.5266086e-01   3.1422323e-01   3.6418216e-01  -4.5356979e-01  -3.8311208e-01   0.0000000e+00  -1.8430371e-01   7.9795212e-03   1.1614472e-01   3.2180773e-01   3.0473907e-01  -4.9831274e-01   5.1299467e-01   5.6661542e-02  -3.0681335e-01   4.8649536e-01   3.3919635e-01   3.0864712e-01  -1.9716911e-01  -2.4643321e-02   1.7691603e-01  -1.7097909e-01   7.9737116e-02   2.6776369e-02   5.1025989e-01   1.7785660e-01   3.5696864e-01   1.5813651e-01  -2.2701464e-01   2.8474292e-01  -1.5062761e-01  -4.4152953e-01  -1.2822909e-01   2.3638811e-01  -2.9877151e-01   1.2339068e-01  -1.5897413e-01  -4.3807163e-01   3.7499803e-01   1.0841860e-01   2.6668965e-01   5.6736698e-01  -2.3591157e-01   2.0047496e-01  -4.6016839e-01   5.9100670e-01   5.5774467e-02  -5.2299052e-01  -2.3690222e-01   4.0617508e-02   3.6234189e-01   3.3798677e-01   4.3446663e-01   4.5486032e-01   1.2835887e-01   2.4246562e-01  -3.9965839e-02  -2.8043275e-01  -8.6403709e-02   4.8151226e-02   2.3599725e-01   3.3844691e-01  -2.2690389e-01   5.8010575e-01   1.1342029e-01  -4.4555201e-01   5.0849904e-01   1.6449671e-01  -1.4997738e-01  -7.4601101e-02  -2.6138345e-01   9.6964691e-02   4.1135114e-02  -4.1819730e-01   1.8256941e-01  -5.6963535e-02   2.0035526e-01  -1.8448198e-01   7.0474620e-02  -2.6315952e-02  -9.6749469e-02  -2.2950664e-01  -2.5870494e-01  -2.7506515e-01  -4.0132218e-01  -4.0700866e-01   1.5224421e-01  -5.9501895e-02  -3.4698948e-01  -1.5454704e-01  -3.4847553e-01   2.0078334e-01   3.0130144e-01  -1.2849438e-02   2.8901884e-01  -2.7052437e-01   3.2996678e-01   3.8018021e-01  -1.0356154e-01   6.3256025e-01   1.4642761e-01  -1.6644119e-01   5.3392365e-01  -1.2120709e-01   1.1193924e-01  -1.3351195e-01   5.5629111e-01  -9.1865738e-03  -2.2318599e-01  -2.0288878e-01  -4.0355201e-01   7.5497812e-02   9.0275312e-02   1.5357014e-01   4.3782951e-01  -7.6513631e-02  -3.4309566e-01  -4.7842666e-01   7.1140142e-02  -1.2346887e-02   1.0750219e-01  -3.6587732e-02  -1.0178163e-01   6.7094154e-02  -4.0063982e-01   6.7474086e-02  -1.7904326e-01   2.2854797e-01   1.0206077e-01  -3.0185670e-01   3.1575045e-02  -5.9116769e-02   1.2352047e-01  -4.6437901e-03   1.3002088e-01  -1.4829004e-01   1.8588153e-02   4.1005893e-01   2.5001978e-02   2.9138455e-01   1.6573992e-01  -3.5402394e-01   2.2377251e-03   3.9740391e-01  -7.8509661e-02  -1.4529231e-01   1.0086546e-01  -2.2476673e-01   1.1829097e-01  -5.7050319e-01   1.1082685e-01  -2.6978759e-02   4.7776945e-01   1.5296638e-01  -1.4071036e-01  -3.2111149e-01   5.1512350e-01  -7.0125277e-02   5.9193440e-01   4.4277597e-02  -5.3272461e-01   2.9982296e-02   1.9891541e-01  -6.0160883e-02  -4.4337277e-01  -1.7942442e-01   1.0963327e-01   2.1895423e-01   2.4573672e-01  -1.0775041e-01  -2.7760020e-02   3.0993129e-01
   4.6489490e-02   8.3491627e-04   3.9551847e-01  -6.1565239e-02   7.2835556e-02  -5.5352110e-02   1.8857683e-01  -1.3056648e-01   1.7745448e-01  -1.1720768e-01  -1.8430371e-01   0.0000000e+00   9.2666651e-03   6.0522321e-02  -1.3099428e-01  -1.8669999e-02   2.2883391e-01   7.5626411e-02   1.4751712e-02   1.7714350e-01  -3.0995228e-01  -1.6241916e-01  -2.1501629e-01  -4.1380516e-02   3.6461256e-02  -1.7447203e-01   1.9648007e-01  -1.1086889e-01   9.8321828e-03  -1.7162683e-02  -3.2930719e-01  -1.7187365e-01   1.5699952e-03   1.7914668e-01   1.5191626e-01   1.2038972e-01   4.5148419e-02   4.9913686e-02   2.2513818e-02   1.8155566e-01   7.7356151e-02   2.7953225e-01   3.8474927e-01  -2.2233939e-01   2.8430488e-01   3.5642595e-02   4.6213321e-02   1.3070920e-01  -3.4218258e-01   1.7107785e-01   2.0425124e-02  -3.0833791e-01   7.3326840e-02   1.4181428e-01  -1.7448517e-01  -2.1177756e-01   9.1671542e-02  -2.4163210e-01  -1.5707051e-01  -8.7773181e-02   8.6704763e-02  -5.5499611e-02   1.7162954e-01  -6.9212638e-02   7.9593055e-02   1.3029494e-01   4.3276232e-03   2.7876799e-02  -5.6480810e-02   3.3362923e-01   4.0410791e-02  -4.8038255e-02  -1.8111096e-01   1.4462544e-01  -1.0653763e-01  -1.3168398e-01  -1.9341412e-02   1.3774186e-01  -2.5218592e-02  -2.3578714e-01  -1.7328733e-01  -3.5697455e-02  -2.2769324e-01   8.2495434e-02   2.6957639e-01  -2.4374683e-01   7.8492406e-02  -8.2009763e-03   6.1483735e-02   1.4143115e-01   1.0059642e-02   2.3086113e-02   1.3713128e-01   2.4529033e-01   1.9140632e-01  -5.9516854e-02  -2.9751136e-02  -1.5000022e-01   1.3645511e-01  -1.3851167e-01   6.0057814e-02   1.7793821e-01  -2.6150875e-01   1.3321072e-02  -1.3576330e-01  -1.2641082e-01   1.0256756e-01  -8.9145845e-02   1.1528867e-01  -1.4731202e-02   1.3947740e-01  -2.0420595e-01  -1.2883806e-01   1.0484769e-01   9.0672784e-02   2.3510618e-02  -7.0675247e-02  -1.7526494e-02   3.7999189e-02  -2.5617920e-01  -1.2800457e-02  -1.5470837e-01   1.4720695e-01  -1.8261226e-02   5.0199977e-02  -1.8206922e-01   1.7985149e-01  -9.8923815e-02  -3.7369567e-01   3.7844511e-01  -7.0326452e-02   3.6950218e-02  -1.8588894e-01  -2.1502658e-01   1.6050621e-01  -2.2522882e-01  -6.4967167e-02  -3.5895674e-01  -1.1957751e-01  -1.5080016e-01  -6.9681200e-02   9.4331764e-02   3.1771621e-02   3.8230613e-01   2.0833497e-01  -1.9831037e-01   3.1593213e-01   1.3764646e-01   8.3452347e-03  -1.7808405e-01   1.6341313e-01  -3.2601508e-01   3.0053902e-01   9.9485989e-03   2.9382770e-01  -2.2979245e-01   2.0816453e-01  -1.3741015e-01   1.0758695e-01  -1.1921633e-01   3.5733684e-01   7.4076828e-02  -1.0122867e-02  -1.8205395e-01   4.1794303e-02   1.4087759e-01  -7.4248454e-02  -8.7450088e-02   1.8867229e-01  -1.6794388e-01   1.1303536e-01  -1.2467028e-01   1.4121878e-01   2.2425844e-01  -8.7485869e-03  -2.0361056e-02  -1.1161057e-02
  -3.2535425e-02  -2.0218204e-01  -3.1933104e-02   1.6690419e-01  -8.0349837e-03   6.9339191e-03  -1.0965099e-02  -2.4904004e-02  -2.1322162e-01   4.5017903e-02   7.9795212e-03   9.2666651e-03   0.0000000e+00   7.2217935e-02   1.1477008e-02   1.5624182e-01  -6.0412941e-02   2.8753040e-02  -5.8226855e-02   7.0026109e-02  -5.1722416e-02  -4.1293886e-02   1.8611327e-01   9.7911850e-02  -1.6265885e-03  -1.3946628e-01  -1.2524358e-01  -1.4786317e-01  -8.3442309e-02   2.0494745e-01  -9.9689169e-02  -1.2853085e-01   1.6575352e-01  -1.4274099e-01   8.8942003e-02   1.5578825e-01  -5.0468638e-02   1.5058262e-04   1.0351669e-01  -1.4039225e-01   3.7152126e-01  -1.1333005e-02  -5.2560079e-02  -1.7383266e-02  -1.3299465e-01  -5.5935555e-02   2.0820213e-01  -1.6493033e-01   1.1352859e-02  -6.5789039e-02   6.3045113e-02   3.5759088e-02  -1.5977352e-01  -1.3579779e-01   1.1329847e-01  -2.0600779e-01  -1.7455922e-02   4.0631887e-02  -3.7464595e-02  -2.5000607e-02   3.7135222e-02   1.9218658e-01   5.0101376e-02  -1.5227156e-01  -1.8910804e-01   1.7925415e-01  -8.7031737e-02  -2.5201978e-01   5.1978758e-03   8.3198871e-02  -2.3284776e-01  -6.7215428e-02   2.8815639e-01  -2.6782460e-02   1.6176082e-01   4.7312460e-02  -8.6140792e-02  -1.5983542e-01  -9.3745911e-02   9.7022785e-02  -8.1212929e-02   1.6108986e-01  -7.3150322e-03  -6.9649633e-03   1.3347683e-01  -2.2632120e-02  -1.1294528e-01  -2.0924461e-01  -1.7579323e-01  -1.4471844e-02  -2.6772068e-01  -9.3627247e-02   9.1859037e-02  -2.9367182e-01   2.0346574e-02  -3.0772019e-02   3.0153279e-02  -1.3371963e-02   3.9697794e-02   8.9768680e-02   3.0836224e-02  -1.1465731e-01   1.1773072e-01   8.8119066e-02  -3.5121273e-05   2.3165738e-03  -1.9151460e-03  -1.3541826e-01  -8.1901938e-02   1.8743990e-01   1.1105207e-01  -9.2234237e-02   6.2101792e-02   5.2100384e-03  -8.6847873e-02  -1.9755921e-01  -2.8399013e-01   3.0839469e-01   1.3100331e-01  -9.9939885e-02  -8.5653365e-02  -9.5569262e-02  -2.0704227e-02  -2.0894577e-01   8.7927368e-02  -7.2276447e-02  -8.5987673e-02   1.0510609e-01   5.4708263e-02  -6.1535722e-02   3.0302462e-01  -3.1327634e-01  -1.5858004e-01  -4.6290146e-02   1.7662584e-01   7.2739302e-02   2.1153892e-01   3.4259087e-02   6.1139461e-02   9.9328860e-02  -4.2443169e-02   1.8323649e-01  -9.3569789e-02   8.1535475e-02  -5.0167410e-02   1.5100644e-01  -5.9643051e-02  -1.2370847e-01   1.6889109e-01  -1.9290147e-01   1.5421794e-01   5.5286339e-02  -1.0855618e-01  -4.5240442e-02  -2.8017041e-02   6.8063257e-02   1.9255014e-01   1.4313426e-01  -6.4212973e-02  -5.1817397e-02  -7.4228681e-02   2.7825020e-02  -6.4332557e-02  -5.6866743e-02  -1.7291924e-01  -9.3309483e-02  -3.1364330e-02  -1.4022339e-01  -3.9952453e-03  -9.2508297e-02  -2.0051658e-02   5.6870546e-02  -3.1078982e-01   1.8857908e-01  -6.4826491e-02   1.1008407e-01   2.9576384e-02
   2.6388734e-01  -2.7209591e-01   7.1941287e-03   1.6610210e-02  -3.4502368e-01   1.4241148e-01   2.1088173e-01   2.5614353e-02  -3.4432502e-01  -3.7561512e-02   1.1614472e-01   6.0522321e-02   7.2217935e-02   0.0000000e+00   1.6873661e-01  -7.8751598e-02  -1.1639400e-01   1.5431042e-01  -1.1713969e-01  -2.1707627e-01   2.2399401e-01  -1.1582291e-01   2.2004788e-01   1.0669001e-01  -1.8629455e-02   3.2772690e-02  -9.4988664e-02  -2.7204774e-02   1.0307512e-02   3.5032161e-02   1.4133472e-01  -1.6200684e-01   1.6288571e-02  -6.0430492e-02   2.6300357e-01  -3.2235667e-01  -4.5947613e-02   1.1876040e-01  -1.1969403e-01   4.0073144e-02   4.9786892e-02   1.1203074e-01  -2.7689303e-01   2.5790610e-01  -2.8977622e-01   3.2586460e-01   6.2299434e-02  -8.7971228e-02   2.0618445e-01  -2.1356257e-01   1.8376439e-01   1.1271923e-01  -2.1999538e-01   1.7246464e-01   2.5818600e-01  -3.2374850e-02   2.2278795e-01  -1.6165173e-02   1.4046997e-01  -7.6448342e-02   1.5125317e-01  -2.2934171e-01  -2.4538525e-01   8.4507748e-02  -1.2680266e-01  -1.3876491e-01   1.7263123e-01  -1.6984858e-01   6.6254946e-02   2.8959463e-01  -6.7297076e-02   2.4378105e-02  -3.5270153e-02   1.5948719e-01   2.4988634e-01  -6.5931277e-02   2.3346503e-01   1.0754892e-01  -3.1954600e-01   1.1321319e-01  -7.0255593e-02  -9.2895443e-03   9.6828318e-02   2.6169914e-01   1.8357460e-01  -2.6692451e-01   1.9160582e-01   7.2927467e-02  -4.4170499e-02   1.3763502e-01  -3.1914149e-01   3.6158554e-01   9.9867794e-03  -2.8554426e-01   1.9260257e-01  -3.5183486e-01  -2.6940381e-02  -1.8372810e-02  -2.8002456e-01   9.3521260e-02   3.5555464e-01  -1.4519186e-02   4.9715618e-02  -1.1654737e-02   1.5537462e-01  -8.2361924e-02  -8.0372405e-02   8.6001331e-02  -1.1854615e-01   3.5639010e-02   6.2273460e-02   6.7000176e-02  -6.1147601e-02   1.6797587e-01   1.5152901e-01  -3.4292367e-01   3.8751652e-02   4.4872034e-02   3.3566293e-01   4.8474896e-02   2.7143583e-01  -3.0164826e-01  -1.4918221e-01  -1.4119207e-01   3.0413385e-01   3.1106948e-02  -1.1793795e-01  -1.4603013e-01  -1.0611840e-01   2.8978495e-02  -8.1717787e-02  -1.7167708e-01   3.3932616e-01   3.3148996e-01  -1.9950199e-01  -9.5471999e-02   1.0371522e-01   1.5710546e-01  -1.9985095e-01   2.6903876e-01   2.1080856e-01   8.8092288e-02  -1.3748045e-02   2.6924824e-01   2.6751001e-01  -3.9667221e-02  -1.4104444e-01  -1.1437989e-01   1.6690062e-01   3.7179367e-02   2.9453101e-01   6.9269307e-02   1.5251422e-01  -1.3038908e-01  -1.3201984e-01   2.3518372e-01   2.7311934e-01   8.1063722e-02   1.6967409e-01  -1.3157072e-01  -9.7450753e-02  -5.1092936e-02   5.5614759e-02   5.3491948e-02   2.1895475e-02  -2.1848530e-01  -1.9678870e-01   3.2667424e-01   2.0591533e-01  -1.3852684e-01  -2.2693636e-01   5.9577332e-02  -6.7568485e-02   1.2506686e-01  -4.4501695e-02  -9.9208309e-02   4.7647244e-03
