   0.0000000e+00  -1.0543551e-01   2.7013068e-01   3.2128608e-01  -7.2892046e-03   1.7615275e-01  -2.7021895e-01  -1.9762020e-01   1.5288027e-01  -8.6144214e-02  -1.1958123e-01  -2.6427362e-01  -2.3834458e-01   6.4505381e-01  -1.8863862e-01   5.9328616e-02   3.2039145e-01   5.2566611e-01  -1.2944807e-02   3.3318048e-02   1.2865177e-01  -1.7209775e-01   8.5290434e-02   4.1271696e-01  -9.2366408e-02  -2.2515849e-01   1.8871641e-01   1.6830386e-01  -2.2283628e-02   2.0540773e-02  -1.4254791e-01   1.8659975e-01  -2.2092727e-01  -2.6433219e-01   1.0532084e-01  -6.0953231e-02   2.2761223e-01   5.1201320e-01  -9.7653020e-02   1.9883148e-03  -1.7921615e-01  -9.2657421e-02  -6.4642067e-03  -1.0803766e-01  -8.5086146e-02   3.6944298e-01   1.6809164e-01  -2.6012404e-01   9.2673964e-02   6.3104903e-02   4.5068658e-01  -2.3039081e-01  -3.0149226e-01   3.9161118e-01   3.2962699e-01   1.0136698e-01  -1.0833880e-01   1.7858510e-01  -7.3982748e-02  -7.4268937e-02   5.6482048e-01  -3.4025739e-02   1.9651847e-01  -1.0871986e-01   2.4594451e-02  -2.4222343e-01  -1.1783753e-01   1.2563942e-01   8.3097890e-02   1.1615757e-01  -1.8103697e-01   3.6034590e-01  -2.3158307e-01   3.9582573e-01  -1.6432118e-01  -7.2623353e-02   3.8765241e-01  -2.0655326e-01  -1.1020491e-01  -1.3411748e-01   2.1967397e-03  -2.9585324e-01  -2.6905729e-01  -1.6515115e-01   3.0234208e-01  -1.6662275e-01   2.8199769e-01   3.5731022e-01   3.1247334e-02   5.2547430e-01  -3.0338060e-01   5.8756407e-01  -6.9570857e-02   6.8123209e-02   5.5968510e-01  -1.0046707e-01   9.8632406e-02  -2.4802073e-01   6.3228733e-02  -3.4870326e-02   3.1612559e-01  -1.3601043e-01   5.3042436e-02  -4.1632797e-02   4.0662688e-01   3.2565524e-01   3.7421814e-01  -3.3064857e-01   2.0191125e-01  -5.5407314e-02  -3.4054922e-01   1.4500305e-01   3.7802704e-01   4.0710572e-01   8.7449461e-02  -3.3947382e-01  -3.0567097e-02  -2.3200295e-01   2.2341987e-01   3.4723010e-01   2.8277506e-01  -1.0319266e-01  -1.8579311e-01  -2.2597198e-01   3.3299998e-01   3.2730558e-01   2.9823014e-03   1.7050801e-01   2.3632128e-01   9.7053334e-02  -5.6720210e-01  -4.0273567e-01   5.6195932e-01  -6.2288345e-02   1.1214348e-01  -2.1298147e-01   7.3432214e-02  -4.7904323e-03  -1.5728448e-01   4.2302205e-01   3.7917019e-01  -1.0592583e-01  -8.6124041e-02   3.2913332e-02  -4.9303468e-02  -1.6037804e-01  -9.6122425e-03  -4.1205231e-01  -1.1588704e-01  -1.1418912e-01   3.0373927e-01  -1.0916923e-01   4.6783700e-01  -2.7010670e-01   1.2585183e-01   9.0715128e-02   3.7444251e-01   1.5059825e-01   4.4057178e-01  -3.3308440e-02   5.1230675e-02  -1.2527094e-01  -2.1872469e-01   2.9909860e-01   1.8993410e-01  -3.0038448e-01  -1.3716021e-01   2.0580944e-01   5.0074433e-01  -1.1419928e-01  -4.3317288e-01   3.0949916e-01   2.6972147e-01   2.8395834e-03  -1.4590144e-01  -3.1982826e-01   2.1464315e-01
  -1.0543551e-01   0.0000000e+00   4.4195956e-01   7.8442101e-02   5.1203287e-01  -2.6138158e-01   3.5472507e-02  -1.9135006e-01  -7.6797283e-03   4.9217208e-01  -4.4771173e-01   7.3832356e-01  -1.9065293e-01  -2.1500105e-01  -1.3372758e-01  -1.2752409e-01   4.9217752e-01  -1.0823232e-01  -6.0185985e-02   5.2644254e-01   1.1155692e-01   2.3182963e-01  -1.2107618e-01  -1.7468849e-01   3.6080649e-01  -1.0283035e-01   2.5288927e-01  -6.6671844e-01   1.7783700e-01   4.7444896e-01  -4.2688397e-01   1.0546192e-01  -1.5017774e-01  -2.0099556e-01  -2.5152942e-01   5.5693418e-01  -6.8273504e-02  -2.4474316e-01  -2.3937626e-01   7.2304161e-01   3.0721106e-02  -1.3021409e-01   3.8254340e-01  -5.6514610e-01   3.1638505e-01   9.5284610e-02  -2.7679019e-01  -4.6457330e-02   1.8592665e-01   5.4837707e-01  -1.5748122e-01  -2.2276287e-01  -2.0562411e-01   9.4257784e-02   9.9387796e-02  -5.0195168e-01  -3.8105824e-01  -4.8992756e-02  -1.2109556e-01  -1.1202916e-01  -2.1230227e-01   3.3655007e-01   1.6641790e-01  -5.2515757e-01   3.8704483e-01   3.9842999e-01  -1.8994568e-01   1.6953465e-01  -6.8443745e-01   1.6217528e-01   1.1147278e-01  -3.8523059e-01   1.0132474e-01  -2.7442015e-01   2.1593141e-01   8.4365199e-02  -1.8064553e-01  -1.0041783e-01   3.8754794e-01   2.8065173e-02  -5.8917191e-01   2.8950052e-03   2.2666988e-02  -1.3986097e-01  -3.2081640e-01  -3.8144409e-02  -1.9422062e-01  -1.6435720e-01   7.3317966e-02  -3.3009758e-01   6.4795985e-01  -1.8845283e-01  -1.7546450e-01  -1.5769913e-01  -2.2438349e-01   2.6847909e-01   2.1947678e-02  -1.7612515e-01   1.0388868e-01   2.5279225e-01  -3.7516906e-01  -2.8418181e-01  -3.5442374e-01   5.4980012e-02  -8.6939742e-02   2.0638865e-01   1.6457467e-01  -2.7054202e-01   1.0900802e-01  -2.5641930e-01  -9.6250093e-02   2.1951690e-01  -1.7199340e-01  -2.8799190e-01  -4.8758994e-01   3.2596332e-01  -1.1504782e-01   2.3204843e-01  -4.9969987e-01  -7.1785850e-02  -2.2046703e-01   5.6971252e-01   3.6426535e-02   5.8032813e-02  -1.3721289e-01  -2.8419989e-01   1.6350150e-01   9.4484679e-02   6.9098224e-02   3.0416229e-01   3.6420714e-02   3.1059413e-01   1.9831092e-01  -2.5944562e-01  -1.8579787e-02  -2.2448921e-01   8.3264962e-02  -5.8643924e-01  -2.0267771e-01   4.8544049e-02  -1.5198822e-01  -1.3333453e-01  -4.4235326e-01  -5.9575784e-01   6.7052663e-02  -2.6481728e-01   1.5817121e-01   3.2588399e-01   2.6207721e-01   1.2191318e-01  -4.0049279e-01  -5.6731681e-01  -1.6875384e-01   1.0908083e-01   6.1846271e-01  -1.3852646e-01  -3.0262643e-01  -4.9851925e-02  -1.7569765e-01  -6.0190093e-01  -1.4053016e-01  -5.3334586e-01   7.2471360e-01  -1.5069675e-01   3.0258438e-01   1.3622559e-01  -5.8430545e-02  -1.5052102e-01  -2.3692094e-01   2.1787429e-01   3.0156159e-01  -2.1892795e-01  -2.4264216e-01  -3.9884082e-01   1.6648278e-01   2.0121540e-02   3.0009961e-01
   2.7013068e-01   4.4195956e-01   0.0000000e+00   4.4751792e-01   3.0492171e-01   2.9903192e-01  -1.5868168e-01  -1.9674569e-01   1.0391541e-01   1.1102862e-01  -6.4376725e-01   2.7964115e-01  -2.6151848e-01   2.4655561e-01  -4.3703687e-01  -1.0120780e-02   8.5502777e-01   1.7142877e-01  -2.2470277e-01   3.5693430e-01   8.7499101e-02   3.8054996e-01   8.0228619e-03   1.3067460e-01   2.8566281e-01  -3.7100832e-02   5.2032885e-01  -4.0634157e-01   3.0912341e-01   3.9285588e-01  -5.0864387e-01   4.6535842e-01  -2.2872427e-01  -4.6093785e-01   6.8128498e-02   1.4948847e-01  -2.0316732e-02   7.5575908e-02  -2.2746352e-01   6.1224560e-01  -2.1596373e-01  -1.4502551e-01   2.5831318e-01  -5.0461491e-01  -1.4309435e-01   5.5893494e-01   2.0427463e-02  -2.9592561e-01  -4.9544441e-02   6.8837841e-01   2.0941258e-01  -2.7782844e-01  -3.7984085e-01   2.5516687e-01   3.2602241e-01  -4.1836639e-01  -1.6070721e-01   2.4531674e-01  -9.0679869e-02   2.2698494e-01   4.1460768e-01   4.7675134e-02   2.7260397e-01  -5.9292036e-01  -1.8430015e-01  -7.8933499e-03   2.7847959e-02   2.4260061e-01  -2.8438126e-01   6.3459712e-01   2.3954396e-02   5.7435355e-02  -4.0094945e-01   1.2849785e-01   1.1014998e-01   1.1176891e-01   3.0531400e-01  -8.7322044e-02   7.7846610e-02   6.5408723e-02  -3.2046430e-01  -2.2426518e-01  -4.4969445e-01  -1.1890725e-01  -8.6511138e-02  -4.1505884e-02  -4.4809177e-02   4.2127865e-02   2.0507183e-01   3.0602325e-02   5.4693578e-02   4.1281353e-01  -1.1632637e-01   9.6214031e-02   1.2053016e-01   2.1658200e-01   1.2409382e-01  -3.2930324e-01  -7.9655642e-04  -9.9981481e-02   1.8055277e-01  -4.4190630e-01  -1.2117260e-01  -5.3444790e-02   3.7658335e-01   5.1502828e-01   3.0641258e-01  -2.5736776e-01   2.7230480e-01  -1.5226480e-01  -3.6310965e-01   4.7786261e-01   2.0410638e-01   1.7411034e-01  -2.1863709e-01  -3.0609987e-01  -2.9246105e-01  -1.5202072e-01  -1.6499664e-01   3.0484746e-01   1.1446393e-01   3.6344886e-01   1.1395602e-01  -4.2109881e-01   3.6879966e-01   1.1765465e-01  -1.2552411e-01   2.1613949e-01   4.0555062e-01   6.0822468e-01  -2.8589496e-01  -3.6491352e-01   5.2024729e-01  -3.6482328e-01   2.5645716e-01  -1.8270866e-01   8.7571848e-02  -3.7487685e-01  -1.1369010e-01   3.5632664e-01   8.4664718e-02  -2.1326864e-02  -3.2663726e-01  -2.8262224e-01  -1.8000799e-01  -4.0362353e-01   6.5471694e-02  -2.7682640e-01   9.8151745e-02  -4.1373674e-01  -1.7918151e-01  -3.8316748e-01   3.9542413e-02  -2.3408670e-01   6.7594938e-01   1.1930323e-01   7.3049450e-02  -9.2867321e-03   4.2018930e-01  -3.3666796e-01  -8.2534730e-03  -4.1138968e-01   1.1320809e-01   2.5674693e-01   4.9363138e-01  -1.5127860e-01  -3.6373155e-01   1.0782976e-01   1.3436076e-01  -1.6774096e-01  -1.3865243e-01   2.8432499e-03  -3.6773917e-02  -7.7681119e-02  -3.9000535e-02  -1.4403931e-01   5.6340918e-01
   3.2128608e-01   7.8442101e-02   4.4751792e-01   0.0000000e+00   1.4032974e-01   1.2297067e-01  -3.4118491e-01  -1.3259461e-02   4.9645551e-01  -1.2153365e-01  -4.1009621e-01  -1.6950450e-01  -2.4126157e-01   4.8730827e-01  -5.2256661e-01  -1.7549866e-01   4.6423935e-01   5.2593869e-01   2.9125589e-02   3.1101726e-01  -1.3774587e-01   3.1883952e-01  -2.4111328e-01   9.8727572e-02   1.0349245e-01   3.9759489e-02   1.4625068e-01  -1.5944021e-01   6.4028037e-02   1.0240584e-01  -2.2401428e-01   7.4796501e-01  -4.0943272e-01  -4.0441716e-01   2.7346363e-01   8.1690958e-02   9.0585884e-02   1.4130545e-01  -2.0297144e-01   1.8124827e-01  -1.9006526e-01  -5.1623876e-02   3.2194959e-01  -1.2891564e-01   1.7540526e-01   2.2481325e-01  -1.2160934e-02  -2.7253132e-01   8.0889467e-02   2.1195484e-01   5.4199454e-01  -7.9155209e-02  -3.9616751e-01   4.2017900e-01   1.5337149e-01  -5.8347698e-02  -1.3860608e-01   5.0464451e-01   6.1335072e-03   3.4307436e-01   5.1477939e-01   3.0666590e-01   6.1057011e-01  -2.5917775e-01   2.0192993e-01  -3.6880532e-01  -1.5542642e-01   3.2647188e-01  -7.2697480e-02  -2.5143447e-03  -2.6407320e-01   5.4292050e-01  -2.8787229e-01   2.7152133e-01   2.9236875e-01   1.5468765e-01   4.3769106e-01  -5.7064583e-02   8.0899099e-03   3.4105426e-01  -1.0348568e-01  -3.5359274e-01  -2.2507676e-01   7.4092005e-03  -1.7388919e-01  -9.5574155e-02   4.8016454e-01   7.8070750e-02   2.2199431e-01   1.5238424e-02  -1.5204336e-01   6.8971824e-01  -4.0283700e-01   4.7024155e-01   1.0296193e-01   2.6540449e-01   2.7750327e-01  -1.5869658e-01   3.1301246e-01   4.0249909e-02   2.4352910e-02  -4.0758839e-01   1.7137532e-02   2.7557627e-01   7.2500463e-01   6.4393696e-01   7.3770759e-02  -1.3696105e-01   2.8263544e-01  -1.5614624e-01  -3.5369113e-01   2.0408267e-01   6.6528003e-01  -3.3032283e-02  -1.7312343e-01  -3.3357265e-01   1.0723812e-03  -1.7305822e-01  -1.1670734e-01   8.3918334e-01  -2.0834993e-02   3.6274044e-02   1.8770907e-01  -1.9630137e-01   1.3864877e-01   6.0536902e-01   8.6536345e-02   2.0297202e-01   7.3754526e-01   1.7043900e-01  -6.4430304e-01  -2.3946885e-01   4.4006582e-01  -2.6748068e-01   6.4426149e-01  -4.2296517e-02   2.7679608e-01  -2.1402615e-01   8.8521231e-03   1.6600718e-01  -2.0340912e-01  -1.3029367e-01  -1.5686488e-01  -2.6397685e-01  -3.0179171e-01  -1.7057499e-01  -1.3582055e-01  -4.3706133e-01  -1.3721878e-01  -8.5891485e-02  -3.1405912e-01  -2.8041603e-01   3.1589441e-02  -1.8636841e-01   1.6216861e-01  -7.4799712e-02   4.3854069e-02   4.6669587e-02   4.3150847e-01  -1.8735822e-01   1.8337808e-01  -1.4430809e-01   2.9283573e-02   6.8106906e-01   6.0370565e-01  -8.5350289e-02  -2.5285444e-01   2.3507924e-01   3.3835480e-02  -9.4716265e-02  -2.6660827e-01  -1.1712947e-01   5.4696290e-01  -1.7486851e-01   1.8084294e-01  -3.0076549e-01   6.6593614e-01
  -7.2892046e-03   5.1203287e-01   3.0492171e-01   1.4032974e-01   0.0000000e+00  -2.5015369e-01  -5.5979429e-02  -2.5811918e-01   1.3349333e-01   2.1788746e-01  -2.9725993e-01   4.8402214e-01   1.8193294e-01  -1.6464995e-02  -1.9428364e-01   4.0523284e-02   2.9382666e-01  -2.5751108e-02  -2.9136931e-02   8.3583239e-01   2.8487780e-01   5.6375413e-02  -7.2351801e-02  -1.7611057e-01   1.2806455e-01  -1.9613519e-01   3.2027387e-01  -2.8952277e-01   1.8291633e-01   2.0283759e-01  -3.0601948e-01   1.7384401e-01  -2.5165765e-01  -2.3964338e-01  -3.7384398e-01   4.7677958e-01  -4.3236884e-02  -1.3213912e-01  -2.6839186e-02   3.6669397e-01   1.4935588e-01   8.9855299e-02   4.1235064e-01  -4.0494939e-01   3.9078082e-01  -1.3982294e-01   7.9190180e-02  -2.6811905e-01   1.7646641e-01   2.6351009e-01  -7.3314996e-02  -2.8388324e-01  -9.9653897e-02   8.7729663e-02   2.8056500e-01  -3.6884074e-01  -3.7324753e-01  -1.6411802e-01  -1.2404737e-01  -1.2847374e-01  -2.0312891e-01   3.7699544e-01   2.0650329e-01  -4.4117554e-01   2.2080423e-01   3.0987493e-02   6.4067882e-03   2.3552230e-01  -4.2324709e-01   3.1507598e-02  -7.8545447e-02   4.8387851e-02   2.9504641e-02  -1.4982281e-01   4.0177415e-01  -1.6197594e-01  -3.1583243e-01  -2.3130984e-01   6.7830482e-01   1.4548767e-01  -4.2998796e-01   8.2636156e-03  -2.6097546e-01  -2.5308444e-01  -3.6533988e-01  -2.1751706e-01  -1.9776657e-01  -3.2317715e-02   3.2286028e-01  -1.3413203e-01   6.0963253e-01  -2.8885281e-02   8.5116740e-02  -7.2915063e-02  -2.3250550e-01   5.9799618e-01   2.3301249e-01  -2.1729295e-01   5.1790237e-01   2.2477644e-02  -1.7031930e-01  -2.8678432e-01  -3.6427253e-01  -5.0007809e-03   6.2988294e-02   2.4332359e-01   1.4719105e-01  -2.6814444e-01   3.7303505e-01  -5.1972683e-02  -2.1899125e-01   1.0830604e-01   3.6101199e-02  -2.3333162e-01  -1.7671586e-01   2.6836644e-01  -2.2976360e-01   3.1186712e-01  -3.4157962e-01   4.4119703e-02  -3.1231736e-01   7.6662697e-01   5.2839093e-02   1.2910399e-01  -2.3217306e-01  -1.5313224e-01   2.4347349e-01   2.1201333e-01   1.5596380e-01   1.5765361e-03   1.1389475e-01   2.0282127e-01   1.0116682e-02  -2.5049735e-01   3.8937347e-02  -2.9512590e-01   3.1779251e-01  -2.3349915e-01  -3.9549393e-01  -4.2832013e-02   6.9307514e-02   7.1018671e-02  -2.8920436e-01  -3.0018501e-01  -6.9428044e-02  -1.4928486e-01  -3.6470853e-02   7.9903543e-02   2.0895363e-01  -1.1489753e-01  -2.9056967e-01  -4.7854405e-01  -4.3438837e-02   1.7733695e-01   4.3124862e-01   2.0526297e-02  -2.1285032e-01   7.7023134e-03  -1.9317057e-01  -5.5999974e-01   4.0698430e-02  -3.6260020e-01   3.7971263e-01   1.5118304e-01   2.6388722e-01   7.7172619e-02  -1.2868878e-01   4.4502576e-03  -3.9580144e-02   2.2984900e-01   2.7611045e-01  -5.0969439e-02   1.3575761e-01  -2.3563258e-01   1.7687006e-01   2.4941035e-01   2.9181977e-01
   1.7615275e-01  -2.6138158e-01   2.9903192e-01   1.2297067e-01  -2.5015369e-01   0.0000000e+00  -2.0282942e-02   3.4803772e-01  -2.1775698e-02  -2.2896889e-01  -1.2975823e-01  -2.5665321e-01  -2.5780291e-01   2.8157547e-01   5.8233485e-03  -3.0754052e-01   2.2949151e-01  -1.0464055e-01  -1.1840557e-02  -2.6061060e-01  -5.0730366e-02   1.9417889e-01  -1.8753082e-02   3.4570453e-01  -1.0698708e-01   3.6702661e-01   3.3442527e-01   2.4809911e-01   1.5940202e-01   8.0045206e-02  -2.7655946e-01   2.2108845e-01   1.4784713e-01  -3.0202773e-02   3.2021545e-01  -2.3392256e-01   1.6584439e-02   2.5758071e-01  -4.3998880e-01   5.7054934e-02  -2.5783190e-01   1.4363840e-02   1.3063401e-01  -6.7366071e-02  -1.8193364e-01   4.3190800e-01   1.2739755e-01  -2.7625494e-01  -2.0938281e-01   1.2674967e-01   6.9059616e-02   3.4706150e-01   6.0797931e-02  -1.7414146e-01  -1.7642830e-01  -4.4292072e-02   4.2859957e-01   3.0503193e-01   1.1691729e-01   3.5126337e-01   3.8701182e-01  -4.2259733e-01  -6.4122815e-02  -3.6073920e-02  -4.4021068e-01  -2.6070648e-01   6.5134329e-01  -2.7475873e-01   3.0321414e-01   3.9967302e-01  -2.0241646e-01   1.4089541e-01  -5.1261650e-01   7.0623257e-02  -2.0920470e-01   3.1464609e-01   3.6067005e-01   1.8401594e-01  -2.1277891e-01  -1.8060966e-01   3.1446995e-01  -3.8567148e-01  -2.9088352e-01   2.8894664e-01   1.8171764e-01   3.1328112e-01  -1.5889899e-01   1.4909749e-01  -1.4126820e-01   3.8049998e-01  -1.9806038e-01   2.0563335e-01   3.4919069e-01   2.9275326e-02   3.2647541e-01  -1.1444011e-01  -2.5598174e-01   2.1919648e-01  -3.0052928e-01  -2.4348697e-01   2.4059494e-01   2.4135473e-01   2.2097682e-01  -1.0545415e-01   1.3172504e-01   9.4912772e-02   5.2876896e-02   3.8440116e-01  -1.0025270e-01   3.5394294e-01  -1.1317555e-01   3.5715959e-01   2.6963798e-02   4.4880024e-01  -8.9942562e-02  -2.7504244e-01   2.7198459e-02  -3.2377523e-01   3.3905546e-01   1.4733429e-01   4.6530364e-01  -2.1325848e-01  -4.1942912e-02  -3.1640150e-01   5.2147535e-01   2.1970577e-01  -3.6845425e-01  -1.7941819e-02   9.7577945e-02   2.7593709e-01  -2.9257240e-01  -3.4318321e-01   1.7599202e-01  -2.1531873e-01   4.5030818e-02   3.7415110e-01  -2.6954472e-01  -7.6186038e-02   4.6824983e-01   1.9087608e-01  -5.0424335e-02   8.5867490e-02   3.5027947e-01   1.1144050e-01  -2.9054190e-01  -1.7196150e-01  -1.3047125e-01  -2.0370111e-01   2.1332055e-01  -5.0401480e-01   1.2418679e-01   2.7217213e-01   1.5244059e-01  -2.3023809e-01   1.3871859e-01   2.5243772e-01   2.1496403e-01   3.0728536e-02   4.9805431e-01   3.7574022e-01   6.0611246e-02   9.7194258e-02  -4.2767989e-01  -2.0449086e-02   1.0295749e-01   1.1973387e-02  -9.4238956e-02   2.5320496e-01   1.7036584e-01   3.6819606e-02  -1.6904379e-01   1.5410181e-01  -7.1170595e-02   5.9733473e-01  -1.0476622e-01  -2.0191647e-01   7.6273668e-02
  -2.7021895e-01   3.5472507e-02  -1.5868168e-01  -3.4118491e-01  -5.5979429e-02  -2.0282942e-02   0.0000000e+00  -1.4759591e-01  -2.4522512e-01   1.0104777e-01   2.9727427e-01   1.5537609e-01  -2.6059318e-02  -2.4117121e-01   5.0282599e-01   1.3094663e-01  -2.2570825e-01  -6.8762374e-02   3.4833339e-02  -4.4111232e-02   9.4299004e-02  -1.0982436e-01   3.2624057e-01  -2.1822755e-01  -1.6248262e-01  -1.7645392e-01   1.4845943e-01  -2.3987945e-02  -2.4557395e-01   6.7237628e-02   3.0603917e-01  -2.4864368e-01   1.1818982e-01   4.9943817e-01  -1.7641851e-01   3.9581198e-01   1.4033405e-01  -2.4798940e-01  -4.5115496e-02   1.0561813e-01   3.0433838e-01  -1.9065150e-01  -2.5764364e-01   6.4746273e-02  -4.6606388e-02  -7.5539712e-02   3.6506122e-01   6.0690953e-01  -7.0163863e-02  -2.0346666e-02  -9.2969280e-02  -6.5146230e-02   3.1604187e-01  -3.1347775e-01  -1.7017591e-01   1.4565772e-01  -1.2353350e-01  -2.2631865e-01   4.7963072e-02  -1.0478428e-01  -1.5548527e-01  -2.0793819e-01  -3.4430825e-01   7.2698409e-02  -1.1575965e-01   3.7487407e-01   1.9206627e-01  -1.8657568e-01  -2.7580956e-02   1.6156465e-01   3.6176687e-01  -3.3491392e-01   1.9123432e-01  -6.1690543e-02  -2.3429813e-01  -1.7131068e-01  -6.5139449e-02   2.7789229e-02   1.9793893e-01  -1.0741902e-01   3.2258215e-01   1.3418827e-02   2.3085225e-01  -2.2346073e-01   1.4832866e-01  -8.5574448e-02  -1.2972598e-01  -1.5185868e-01  -1.4812232e-01  -2.6417216e-01   5.1363428e-03  -2.4092434e-01   1.6913968e-01  -2.1639664e-01  -1.3353230e-01  -2.0181105e-01  -1.5917795e-01  -1.3494837e-01  -1.7358962e-01   3.8036435e-01   1.4324400e-01   6.6563273e-02   2.1231766e-01  -1.6902910e-01  -2.8085237e-01  -1.7656118e-01  -1.7173587e-01  -5.6591227e-02  -2.2648266e-01  -1.0086736e-02   3.1830955e-01   2.6401806e-02  -3.9806510e-01  -2.9397069e-01   1.5917071e-01   1.3312885e-01  -4.0163418e-02   2.9127474e-01   1.5006545e-01  -4.0588902e-01  -7.8240483e-02   1.2925268e-01  -3.7673617e-02   2.4961087e-01  -6.8206923e-02  -2.5269353e-01  -5.1923435e-02  -3.1691345e-01  -2.6756447e-01   1.9706188e-01   2.1673769e-01   1.9799732e-01  -2.4051574e-01   3.3689643e-01  -3.7710342e-01  -9.6162429e-03  -1.9472310e-01   2.1383712e-01  -1.0392229e-01  -7.2257978e-02  -8.6717357e-02  -7.8853146e-02  -2.7490305e-01   2.5089766e-01   3.8845392e-01   2.2344219e-01   4.4577771e-01   4.5926882e-01   2.6750722e-01   2.2180597e-01   6.9568414e-02   8.1516893e-02  -1.8177191e-01   7.6853241e-02   6.8570177e-02  -9.3364802e-02  -3.1366799e-01  -2.3359531e-02  -2.4688430e-01   2.6406134e-01  -6.0555098e-02  -5.9835347e-02   6.8074368e-02  -2.3155845e-01  -2.2619008e-01   3.3900105e-02   1.8915684e-02   6.4615810e-02  -1.5587388e-01  -8.4133604e-02   2.1447996e-01  -2.4406417e-01  -2.1471408e-01   5.9663250e-02  -6.7341018e-02  -1.1360509e-01  -3.2358570e-01
  -1.9762020e-01  -1.9135006e-01  -1.9674569e-01  -1.3259461e-02  -2.5811918e-01   3.4803772e-01  -1.4759591e-01   0.0000000e+00   2.8813349e-01  -9.0269516e-02   2.2213596e-01  -1.4300297e-01  -1.7834973e-01   7.5826792e-02   9.6173023e-02  -5.8157033e-01  -1.7122935e-01  -3.2822042e-01   3.4572057e-01  -3.4869006e-01  -4.3131800e-01   2.0406831e-01  -2.9804846e-01   3.0772050e-01   5.0148519e-02   7.2338091e-01  -3.7583584e-01   2.0895078e-01   5.8581199e-02  -2.2122344e-01   3.2773410e-02   6.6522199e-02   1.0809692e-01   2.0702352e-01   3.3267379e-01  -2.6311187e-01  -8.8619404e-02  -2.0647359e-01  -4.5349634e-01  -2.7386641e-01  -2.0849429e-01  -2.8168944e-02   3.1766597e-01   2.7160411e-01   3.3549709e-02  -6.5329486e-02  -2.8346696e-01  -1.2321070e-01  -4.5823735e-02  -2.5780655e-01  -2.6223329e-01   8.4837345e-01   3.3666863e-01  -2.2483838e-01  -4.4189189e-01   2.5109664e-02   5.0908649e-01   4.3936288e-01   2.4681218e-01   4.2623471e-01  -6.2192879e-02  -7.6714730e-02   1.6106316e-01   4.1058232e-01  -1.7847954e-01  -9.6831561e-02   4.1705281e-01  -2.5326126e-01   2.3201397e-01  -1.7854357e-01  -2.0504949e-01   1.4652307e-02  -1.4859553e-01  -2.3698924e-01  -4.6470514e-03   5.9470847e-01  -3.1009984e-03   2.9649616e-01  -2.6335477e-01   1.5364994e-02   2.2862355e-01  -1.8343969e-01   2.3393405e-02   6.9265327e-01  -1.3023918e-03   5.8541188e-01  -1.5222527e-01  -1.0657187e-01   1.3163451e-02   4.5317803e-02   1.2160685e-01  -7.7356539e-02   2.0729760e-01   3.0704164e-01  -2.5966536e-01  -1.9765146e-03  -2.3627094e-01   7.2681600e-01  -9.7538613e-02  -1.0423989e-01  -3.1787024e-01   5.2834642e-01   8.3615366e-02   1.7392057e-01  -7.1524198e-02  -2.1572498e-02  -3.3719176e-01   7.5348545e-01  -1.7648252e-01   2.6621227e-01   2.7398106e-01  -1.0334688e-01   8.0818809e-02   7.3961569e-02  -2.2803452e-01   1.5679812e-01   3.2479139e-01  -1.4246580e-01  -1.1996803e-01   7.5892086e-02   1.7373686e-01  -2.5249354e-01   5.8539749e-02  -1.9005436e-02   1.2528233e-01   7.5410513e-02  -1.3227336e-01   7.4174558e-03   1.1111492e-01  -1.8340370e-01  -1.3763308e-01   1.2859482e-01  -3.9954679e-01  -1.1406789e-01   3.2388816e-01   8.4755352e-01  -1.3600588e-01  -2.8478799e-02   7.9281655e-01  -4.9117621e-02  -2.3702211e-01  -1.1919732e-01   5.2332397e-01  -2.2231173e-01  -1.7888370e-01   8.7769880e-02  -1.7528965e-01   6.8313522e-02   1.2353981e-01  -1.2187387e-01  -6.9455679e-02   5.3066655e-01  -1.9462922e-01   1.6253891e-01  -4.1216220e-01  -1.0934352e-01  -1.0369610e-02  -1.4799936e-01   1.3442861e-01   3.8926632e-01   2.7459853e-01   3.4239379e-01  -7.5473008e-02  -1.5063602e-01   5.5686880e-02   1.7644263e-01   4.0928410e-01  -2.3071811e-03  -1.9538790e-01   3.6112984e-01   2.8603677e-01  -9.4750325e-02  -3.9046079e-02   2.6062529e-01  -3.6959448e-02  -1.1889647e-02   2.5639679e-03
   1.5288027e-01  -7.6797283e-03   1.0391541e-01   4.9645551e-01   1.3349333e-01  -2.1775698e-02  -2.4522512e-01   2.8813349e-01   0.0000000e+00  -2.0630640e-01   5.5889590e-02  -4.9040474e-02  -2.1036556e-01   4.4685183e-01  -1.7382394e-01  -2.9368754e-01   8.6139239e-02   3.7818804e-01   1.6366960e-01   1.0916322e-01  -2.3160420e-01   1.5757224e-01  -2.2406188e-01   2.4517420e-01   9.2562710e-02   2.2822515e-01  -1.7237536e-01   4.4386900e-02   3.5765212e-02  -2.3661236e-01   1.7833011e-01   4.1481960e-01  -3.6520440e-01  -9.0647921e-02   4.1701960e-01   8.3273006e-02   1.0726124e-01  -3.8704459e-02  -2.5259890e-01  -1.0032231e-01  -1.6301483e-01  -1.2142906e-01   3.5278243e-01   1.8294579e-01   1.9377164e-01  -1.2118611e-01   7.6399482e-02  -9.6545618e-02   2.2613930e-02   2.4263449e-03   2.6871679e-01   1.8332281e-01  -6.8386152e-02   1.4890120e-01   9.2710226e-02   7.4922321e-02   1.2253350e-01   4.3943431e-01   7.5844797e-02   5.2775183e-01   2.1803568e-01   2.1173157e-01   6.4072982e-01   2.2086765e-01   2.5201665e-01  -2.4642418e-01  -5.2441307e-02   1.1431403e-01   9.8080625e-02  -3.1587545e-01  -2.1533799e-02   3.3975756e-01  -3.9090645e-02   2.9523922e-02   2.0079299e-01   3.3091062e-01   1.4646565e-01  -6.8595829e-03  -4.4857701e-02   5.0171966e-02   8.9386888e-02  -2.3783192e-01   3.9578058e-02   2.8009042e-01  -7.2495486e-02   1.2347121e-01   3.7249915e-01   1.4157462e-01   1.8540249e-01  -5.5196896e-03  -1.8904066e-02   4.9742575e-01  -2.2584933e-01   6.4193505e-01  -1.6742653e-01   2.0545176e-01  -1.3625345e-03   2.7176216e-01   2.7328261e-01  -9.8409918e-04  -2.2123962e-02   6.0149702e-02   5.4190316e-02   5.6675980e-01   3.5790353e-01   4.4359338e-01  -1.1717810e-01   2.5352397e-01   8.0532240e-02   9.4469622e-02  -4.2419431e-02  -2.1279046e-01   4.1830108e-01  -1.7960776e-02   4.4293529e-02   4.3002551e-02   1.4354495e-02  -9.7853852e-02  -5.5294194e-02   4.9785913e-01  -3.4186870e-02  -4.3406515e-03   1.1477222e-01   2.4210743e-02   1.6775647e-02   4.8441071e-01   1.4099777e-01   2.2439153e-02   6.1394386e-01  -1.6992772e-01  -4.3959536e-01   1.3551398e-01   9.4502614e-02   3.6829106e-02   6.4573007e-01   2.7106552e-01   2.4503175e-03   1.4286328e-01   2.1063933e-01   1.1460982e-01  -1.2632588e-01  -2.4435964e-01   3.3983261e-02  -3.0143693e-01  -1.1046909e-01   4.9104778e-02  -7.0487576e-02  -1.3881233e-01  -6.9990461e-02   1.9296214e-02  -1.2530742e-01   6.3662995e-02  -5.8520788e-02   1.6358478e-01  -1.8075429e-01  -1.4922087e-01  -4.0423878e-02  -1.6996373e-02   2.1503097e-01  -1.1950751e-01   1.9316444e-01   2.3462930e-01   1.1100813e-01   4.2306247e-01   3.1051065e-01   8.8037395e-02   7.1417636e-02   1.6697434e-01  -1.2228250e-01   2.7531459e-01   8.4156881e-04  -1.1754852e-01   4.8260452e-01  -1.5454655e-01  -7.0320327e-03  -2.1946217e-01   4.1126445e-01
  -8.6144214e-02   4.9217208e-01   1.1102862e-01  -1.2153365e-01   2.1788746e-01  -2.2896889e-01   1.0104777e-01  -9.0269516e-02  -2.0630640e-01   0.0000000e+00  -1.0671199e-01   4.1922688e-01  -4.4265091e-02  -2.7079085e-01   7.4390892e-02   9.5332163e-02   1.2440653e-01  -1.3596579e-01   1.1951593e-01   3.3835719e-01   8.9759335e-02   2.7974829e-02  -2.8844429e-03   2.8040942e-02   1.0513006e-01  -6.6632769e-02   9.7190073e-02  -3.5666102e-01   3.7053324e-02   4.2738226e-01  -3.0824591e-01  -6.4569195e-03  -1.3908697e-01  -1.0254671e-01  -3.8010647e-01   3.7382096e-01  -1.2577292e-01  -2.5083373e-01  -1.5196512e-01   3.3320951e-01   2.3099135e-03  -6.7316187e-02   1.7256082e-01  -4.6549215e-01   3.3608468e-01   3.5180451e-02  -1.7382703e-01  -4.7445257e-02  -6.0481331e-02   9.6008655e-02  -1.3646013e-01  -5.0687161e-02  -5.4505557e-03  -1.2918865e-01   1.8376369e-02  -4.3317491e-01  -2.1475501e-01  -9.2928003e-02  -1.8078667e-01  -1.6851248e-01  -1.8290939e-01   3.4321896e-01  -1.8751174e-01  -2.9007822e-01   2.0107508e-01   2.7365907e-01  -3.5814256e-02   2.0274350e-02  -3.9122339e-01   1.1045930e-01  -2.2367618e-01  -2.6592753e-01   2.8403169e-01  -1.4184473e-01   9.0122883e-02  -1.1481056e-01  -1.4563537e-01  -2.1973221e-01   3.9129307e-01  -1.9719096e-01  -3.9458519e-01   1.8580383e-01  -3.3317920e-02  -6.8189623e-02  -3.0745812e-01  -9.3100541e-02  -3.1321681e-01  -1.8017945e-01  -3.6455023e-02  -1.4969912e-01   3.4805243e-01  -2.5868766e-01   5.1830157e-02  -3.6619959e-01  -1.4357907e-01   6.8877457e-02   2.8002793e-02  -1.4282931e-01   6.7732449e-02   4.2949074e-01  -3.7212491e-01  -3.0002097e-02  -2.2635239e-01  -2.0604560e-01  -7.3649925e-02   2.9394423e-02  -1.0760069e-01  -2.3613276e-01   3.0065469e-03  -3.1585433e-02  -2.3186828e-02   2.3996927e-01  -2.5518270e-01  -2.0771560e-01  -4.4146049e-01   2.2391817e-01  -9.1463406e-02   2.1797466e-01  -2.8185591e-01  -1.8892832e-01  -2.8586969e-02   4.3058861e-01  -1.6669034e-01   2.2394287e-02  -7.5089958e-02  -2.2648366e-01   1.4671702e-01  -3.8729818e-03  -1.0416914e-01   4.8202773e-02   1.2067467e-01   2.9727928e-01   3.3007719e-03  -2.7111124e-01  -2.2955968e-01  -2.1531681e-01  -2.9250175e-02  -4.6725661e-01  -1.4563270e-01   2.9513391e-02  -7.5441227e-02  -6.0139780e-02  -1.1220649e-01  -2.9386829e-01   1.2000647e-01  -1.1976124e-01  -7.8997322e-02   2.4996782e-01   3.6073243e-01   1.4243195e-01  -3.3750064e-01  -2.4688407e-01  -9.3173898e-02   1.2555556e-01   3.1547862e-01  -1.1423275e-01  -9.8344169e-02   8.9706988e-03  -1.5935656e-01  -2.3657080e-01   1.2922171e-01  -4.2461555e-01   4.8193746e-01  -1.9420129e-01   8.8854833e-02  -1.5044510e-03   5.3664903e-02  -1.3290419e-01  -1.3156293e-01  -2.0936673e-02   2.6776166e-01  -1.4921032e-01  -2.1651116e-01  -2.5338929e-01   1.7943934e-01   5.6123924e-02  -1.1670798e-02
  -1.1958123e-01  -4.4771173e-01  -6.4376725e-01  -4.1009621e-01  -2.9725993e-01  -1.2975823e-01   2.9727427e-01   2.2213596e-01   5.5889590e-02  -1.0671199e-01   0.0000000e+00  -2.3548121e-01   8.0613242e-02  -1.3158791e-01   4.9100054e-01   5.2190891e-02  -7.2536910e-01  -2.2482152e-02   2.0496182e-01  -4.5155939e-01  -1.1531352e-01  -3.0078647e-01   2.2225720e-01   4.1225655e-03  -3.0932776e-01   1.8558095e-01  -4.2727086e-01   3.6604993e-01  -2.4157623e-01  -3.6304206e-01   6.6029582e-01  -3.5571717e-01   2.1318159e-02   4.8295308e-01  -1.0138672e-02  -3.9129794e-02   8.0954312e-02  -2.8915874e-02   1.4374801e-01  -5.4410775e-01   1.3827981e-01  -1.4024495e-01  -3.9492632e-01   5.7370268e-01   6.5845824e-02  -3.2687766e-01   3.0473700e-01   3.7616358e-01  -1.6005693e-01  -5.6759848e-01  -8.3909219e-02   2.9752461e-01   4.1789811e-01  -3.0815371e-01  -2.0083798e-01   5.1865993e-01   2.3384740e-01  -1.1800545e-01   1.2672972e-01  -5.7688907e-02  -1.4316079e-01  -2.2762773e-01  -2.6879614e-01   7.3313653e-01   5.0601626e-02   1.4587588e-01   7.5293458e-02  -3.8539148e-01   4.5831186e-01  -4.6547111e-01   2.0760176e-01  -1.0268930e-01   2.6886993e-01   3.3157570e-03  -3.7119944e-01   8.6788783e-03  -1.2070154e-01   2.4691703e-02  -1.9090133e-01  -2.9534556e-01   4.3181270e-01   4.0840877e-02   4.5359189e-01   2.2926950e-01   3.6782446e-01   7.5737909e-02  -3.5860247e-02  -1.6703989e-02  -6.1517268e-02   1.5905864e-01  -2.3096029e-01  -1.8241238e-01   2.1712908e-01   1.4834661e-02  -7.2702495e-02  -3.9470582e-01  -3.5862999e-01   3.3218640e-01  -1.4444813e-01   2.1833148e-01  -3.0414422e-02   6.1704379e-01   3.4139961e-01   3.8726304e-02  -2.4847213e-01  -2.3087507e-01  -3.8886759e-01   3.5741410e-01  -2.9459255e-01   2.4347383e-01   5.1279728e-01  -2.8125354e-01  -2.6549908e-01  -1.4054880e-02   3.0346135e-01   3.2341138e-01   2.0787490e-01   1.2298754e-01   1.8415574e-01  -3.3606207e-01   4.4273876e-02  -3.0131143e-01  -1.5562820e-01   4.1873877e-01  -1.1278223e-01  -5.5703011e-02   1.5509343e-01  -3.8111111e-01  -2.4145171e-01  -5.3304549e-01   1.0807972e-01   3.3712973e-01  -3.9449498e-01   5.5768838e-01  -1.5068050e-01   2.5284108e-01  -2.7682504e-01   5.4147031e-01   1.4243657e-01  -2.5133576e-01  -2.1906642e-02  -1.2856278e-01   3.2617499e-01   3.0494789e-01   4.0246887e-01   5.0595636e-01   1.3651989e-01   2.1828004e-01  -7.3056227e-02   4.3948170e-01   3.6443200e-01   5.7059007e-01  -5.7508105e-02   3.2810230e-01  -7.0514691e-01  -2.2578318e-01   7.8646565e-02  -8.4984295e-02  -3.1756480e-01   4.6380816e-01   1.7135126e-01   6.1199068e-01  -1.0768034e-01  -7.9062126e-02  -3.4680553e-01   1.8914292e-01   3.5800491e-01  -4.5555027e-02  -1.1520365e-01   1.4075822e-01   1.6675833e-01   3.5465082e-02   9.2804837e-02   1.8269016e-01  -2.2347104e-01  -1.4959582e-01  -5.0544853e-01
  -2.6427362e-01   7.3832356e-01   2.7964115e-01  -1.6950450e-01   4.8402214e-01  -2.5665321e-01   1.5537609e-01  -1.4300297e-01  -4.9040474e-02   4.1922688e-01  -2.3548121e-01   0.0000000e+00  -8.3332069e-02  -3.0289825e-01   7.8517619e-02  -9.0961979e-02   2.8706887e-01  -2.4645990e-01  -1.2632830e-01   4.9360151e-01   3.4312465e-02   1.4568884e-01   2.7417075e-02  -2.1908336e-01   1.8285973e-01   1.2122891e-02   1.0162018e-01  -4.8706783e-01   2.7216532e-01   3.6122434e-01  -2.7665238e-01  -5.3305718e-02  -5.7324051e-02   5.9879018e-02  -3.2109628e-01   5.3113789e-01  -1.2346492e-01  -2.5056026e-01  -2.3533276e-01   5.8259952e-01  -1.0980400e-02  -1.0639178e-01   3.1696429e-01  -4.4809735e-01   3.4844436e-01  -7.6863647e-02  -2.6216200e-01  -3.2004353e-03  -2.2389716e-02   4.2869623e-01  -2.4942366e-01  -2.0018665e-01  -2.8002040e-02  -1.8904939e-01   4.3702470e-02  -4.1094786e-01  -2.7655096e-01  -2.3166679e-01  -2.5378515e-01  -1.4000264e-01  -3.0279133e-01   2.9891375e-01  -6.4661215e-02  -3.7644984e-01   2.8466733e-01   5.6185572e-01  -1.4544000e-01   5.0769818e-02  -6.3439662e-01   1.3697560e-01   1.8934250e-01  -5.0554988e-01   4.9120497e-02  -3.5589671e-01   1.6768309e-01  -4.6012990e-02  -2.9401144e-01  -8.9617662e-02   4.4302906e-01  -7.1990292e-02  -4.8174820e-01   1.1055829e-01  -1.8955779e-02  -4.6392466e-02  -2.9475526e-01  -1.0824298e-01  -3.8804116e-01  -1.7419728e-01   1.0217019e-01  -2.8907274e-01   6.0826446e-01  -3.4574612e-01   1.9343961e-03  -2.4230400e-01  -2.7974203e-01   2.6610526e-01  -1.1460629e-01  -7.9985706e-02   2.9017216e-02   2.3004466e-01  -3.3815439e-01  -4.3770217e-02  -2.7348537e-01  -5.0796784e-02  -2.5532867e-01   3.7065733e-02   6.3471089e-02  -2.2051723e-01  -2.9599593e-02  -2.0552983e-01   1.6569834e-01   1.3935479e-01  -3.4904906e-01  -1.6251744e-01  -3.6235329e-01   3.4582778e-01  -1.3566705e-01   2.6417361e-01  -3.3240758e-01  -3.2467361e-01  -1.8123780e-01   6.4283961e-01   6.5766507e-05   1.8022856e-01  -1.9081978e-01  -3.3471013e-01   2.1538812e-01  -7.6821029e-02  -8.1667988e-02   2.1260337e-01   2.2398807e-01   4.3327564e-01   7.8509932e-03  -1.1037131e-01  -1.3820573e-01  -1.8944587e-01   1.3913697e-02  -4.0397269e-01  -2.4516498e-01  -9.0354124e-02  -3.2865976e-02  -2.8529357e-01  -3.7037394e-01  -4.4972999e-01   1.9923162e-01  -1.4365897e-01   2.0116562e-01   3.6681761e-01   4.3138664e-01   8.0401567e-02  -3.1217992e-01  -3.6811628e-01  -1.6934362e-01   8.7227437e-02   4.4699845e-01  -1.1819116e-01  -1.4473992e-01  -2.1312022e-01  -2.4677122e-01  -5.5635759e-01  -2.3207812e-01  -4.0110486e-01   5.6614771e-01  -2.4213682e-01   1.2652823e-01   1.2626951e-01   6.7194578e-03  -1.4947037e-01  -1.6288510e-01   1.8297198e-01   4.3634689e-01  -1.1790206e-01  -3.2296825e-01  -3.2485473e-01   7.6096946e-02   1.4174743e-01   1.3136415e-01
  -2.3834458e-01  -1.9065293e-01  -2.6151848e-01  -2.4126157e-01   1.8193294e-01  -2.5780291e-01  -2.6059318e-02  -1.7834973e-01  -2.1036556e-01  -4.4265091e-02   8.0613242e-02  -8.3332069e-02   0.0000000e+00  -3.2390684e-01   1.1434014e-02   2.3390973e-01  -2.4254859e-01  -9.6917101e-02   1.7531594e-01   1.5676335e-01  -3.4335663e-02  -2.4632358e-01   5.3076452e-02  -3.7841810e-01  -8.5777564e-02  -2.7812385e-01  -1.4406683e-01   2.1411149e-01  -5.5213816e-02  -2.2152368e-01   1.0538071e-01  -2.8202506e-01   3.3696236e-02   9.9071014e-02  -1.8035872e-01  -1.6056589e-01  -8.9850137e-02  -1.7027841e-01   4.2547748e-01  -1.7717956e-01   4.1623262e-01   1.8529206e-01  -9.1983039e-02   4.2890425e-02  -5.7788525e-04  -4.3220221e-01   1.6420616e-02   6.0162174e-02   1.4909027e-01  -2.2944867e-01  -6.8234588e-02  -1.5743507e-01   1.6258508e-01  -9.9448579e-02   3.0520486e-03  -2.4614841e-03  -9.8624816e-02  -4.6327674e-01  -7.8166545e-02  -1.6657116e-01  -4.3062007e-01   9.3468622e-02  -1.8593497e-01  -1.6519757e-02  -1.0309774e-01  -6.1338792e-02  -2.1917598e-02   4.2249323e-02  -5.6620843e-02  -8.5966294e-02   1.3925197e-01   9.1540518e-02   2.5165197e-01  -1.3567318e-01   8.6752538e-02  -3.8809656e-01  -4.7307612e-01   2.8227662e-03   6.6345647e-02   1.9827507e-01   4.5081671e-02   3.5521596e-01   3.4789096e-02  -1.5437182e-01  -1.7895211e-01  -2.6090687e-01  -9.4660676e-02  -1.2366879e-01   5.6880417e-02  -1.4031009e-01   3.5411650e-02  -2.9444353e-01   9.8408441e-02  -1.8732544e-01  -2.5716781e-01   2.5297244e-01   1.4197440e-01  -6.6034563e-02   1.8514113e-01  -5.7475303e-02  -1.2464804e-02   2.3671228e-02  -2.6297884e-01   4.7070544e-02  -2.1399437e-01  -3.9584414e-01  -1.2902398e-01  -1.2455837e-01   1.4346657e-01   6.1015159e-02   4.9413266e-02  -3.1402415e-01  -8.1244325e-02  -1.3108759e-01   2.2719913e-01   8.1621778e-03  -1.1520917e-01   2.6966350e-01   6.3869692e-02  -1.4922070e-01  -3.8203702e-01   8.9040785e-02  -4.0114495e-02  -1.9788962e-02  -3.6626184e-01  -1.2526344e-01   6.9300009e-02   1.1356920e-01  -3.2896945e-01  -9.9637397e-02   5.1873077e-01  -6.2315799e-02  -2.7225398e-01   1.0970503e-01  -1.7938839e-01  -2.8608472e-01   1.3150146e-01   2.0454522e-01  -2.7567142e-01  -1.7290575e-01   1.5771226e-01   3.0967167e-01   6.3832904e-02   3.2628277e-01  -4.6223554e-02  -2.2718003e-02  -2.6035192e-02   1.0635598e-02  -1.9961173e-01   1.2299812e-02   6.5045544e-02   3.2405436e-02  -1.7012041e-01   5.9572392e-02  -3.7176287e-02   1.4016632e-01  -1.9467862e-01   8.5861259e-02  -3.2609185e-01   2.2829340e-02  -8.9322406e-02  -3.6307339e-02   1.2958791e-02  -8.0065870e-02  -4.2635243e-01   7.1292195e-02  -1.1065720e-01   9.1912782e-02  -1.7897857e-01   9.6079377e-02   6.8268690e-02  -9.4161679e-02   2.1575905e-02   9.5593634e-02   1.3481021e-01   3.6537807e-01  -3.5769772e-01
   6.4505381e-01  -2.1500105e-01   2.4655561e-01   4.8730827e-01  -1.6464995e-02   2.8157547e-01  -2.4117121e-01   7.5826792e-02   4.4685183e-01  -2.7079085e-01  -1.3158791e-01  -3.0289825e-01  -3.2390684e-01   0.0000000e+00  -2.3072302e-01  -1.4789864e-01   3.6025431e-01   4.6222198e-01   8.8434416e-02  -6.7217252e-03   1.5392461e-02   1.4849522e-01   2.9092924e-02   4.5674740e-01  -6.6238582e-02   1.0219202e-01   5.4151414e-02   2.6082741e-01   1.6970570e-02  -1.3888826e-01  -3.6407892e-02   3.2532843e-01  -2.4280109e-01  -1.7395854e-01   3.6751470e-01  -6.5703404e-02   1.9578294e-01   3.5366841e-01  -2.9252835e-01  -7.5317841e-02  -3.2123973e-01  -9.3116192e-02   1.4184900e-01   1.3071310e-01  -1.1479520e-01   2.5599702e-01   1.5439884e-01  -3.1479655e-01   1.8048272e-02   6.7935043e-02   3.0438056e-01  -5.0368114e-02  -2.9832086e-01   3.3114958e-01   2.8096431e-01   3.3987908e-01   6.3284875e-02   4.0200724e-01   5.2409431e-02   2.7939720e-01   5.5687201e-01   1.7797798e-03   4.7156248e-01   2.2133912e-02  -1.0470563e-01  -3.5277769e-01  -2.5679541e-02   1.2685687e-01   1.5568876e-01   4.0163488e-02  -2.4102958e-01   4.7815636e-01  -2.9793448e-01   4.2549018e-01   2.6557928e-02   2.5384005e-01   4.2459107e-01  -2.5636365e-02  -1.2839218e-01   9.5446054e-03   2.3790411e-01  -4.1312921e-01  -3.4527986e-01   7.5122223e-02   2.0868302e-01   2.2306987e-02   4.0399723e-01   3.6617662e-01  -1.4245014e-02   4.1521721e-01  -3.1225769e-01   7.0114916e-01  -1.4193697e-01   4.2178146e-01   3.2452657e-01   1.0567732e-01   8.0112015e-02  -1.7020495e-02   2.1704801e-01  -2.0468960e-01   3.8988616e-01  -1.1557920e-01   2.5640208e-01   9.2989453e-02   4.9676611e-01   4.9554911e-01   2.3740262e-01  -4.2567392e-02   8.6190328e-02   1.2750820e-02  -3.0327261e-01   1.8857966e-01   5.3780429e-01   2.6320739e-01   1.6733067e-01  -4.9820178e-01   1.9969230e-01  -2.6024356e-01   2.1716589e-01   4.7897225e-01   2.0347358e-01  -1.6583509e-01  -9.0843056e-03  -2.1103487e-01   2.8537638e-01   5.8173212e-01  -6.5859618e-02   1.3288582e-01   4.9907575e-01   1.2630342e-01  -7.3176008e-01  -3.7986685e-01   4.1761223e-01  -2.7247406e-02   4.5197428e-01   1.0977551e-01   5.9088736e-02   1.1331240e-01   1.0280936e-01   3.1325317e-01   1.3567641e-01  -1.5960639e-01   1.5573182e-02   4.0361843e-02  -1.3230350e-01   1.3916601e-02  -6.1227442e-02  -3.4520761e-01  -1.4984010e-01  -2.1120414e-01   2.2001452e-01   2.6348212e-02   3.1481558e-01  -1.9168805e-01  -3.4725773e-03   9.2717884e-02   2.5558795e-01   7.5286128e-02   4.8537229e-01   1.3724494e-01   1.0501520e-01   8.9733729e-02  -3.1002181e-01   4.8921227e-01   3.7856936e-01  -3.1374557e-01  -1.8647251e-01   2.1042674e-01   3.9745103e-01  -1.0277304e-01  -4.0012734e-01   1.7335450e-01   4.3296155e-01   2.4251897e-02  -8.0468343e-02  -4.1106988e-01   4.8702900e-01
