   0.0000000e+00  -2.6502585e-01  -2.5577247e-01  -1.0686391e-01  -1.4306447e-01  -4.7466468e-02   4.6554513e-03  -1.8010681e-01  -2.0293029e-01  -1.1229785e-01  -2.8739907e-02  -4.9262835e-02   1.9992099e-01   1.5327126e-01   3.4748209e-02   2.2656466e-01   5.7399945e-02   3.6214855e-02  -9.7306804e-02  -2.3912113e-01  -1.3009495e-01  -2.7583342e-01  -9.6331895e-02   6.2642458e-01   1.2251406e-01  -2.5744431e-01  -1.4942301e-01   3.2000602e-01  -1.0289512e-01   1.3099693e-02  -1.4353575e-01  -1.7894743e-01   7.9843658e-02  -2.0394732e-01  -8.1891935e-02  -2.1894543e-01   2.0938104e-01   4.0514421e-01   1.9379900e-01  -1.9190533e-01   1.5297389e-01   1.3173446e-01  -1.8626650e-01  -1.1103447e-01   7.1109979e-02   4.9869357e-01  -2.3561384e-01  -1.3201151e-01   2.1345560e-02  -1.8768760e-01  -2.4340215e-02  -1.0703684e-01  -2.7166217e-01   2.3927975e-01   1.1267345e-01  -1.2876959e-01  -1.9679354e-01  -3.0618716e-01   5.4884327e-02  -1.7969804e-01   1.0996977e-01   6.5670420e-02  -1.5869104e-01  -2.2458706e-01  -1.1293919e-01  -2.9436141e-02  -1.7813594e-01  -2.2936798e-01  -1.3589311e-01   1.9947270e-01  -2.0973919e-01   4.4057944e-02  -3.6110913e-02   5.6469001e-01   1.2018631e-01  -2.4546199e-01   3.1610919e-01  -1.9059267e-01  -1.6196041e-01  -7.1252819e-04  -2.4763814e-01   1.9832516e-01  -2.3987603e-01  -2.1745048e-01   1.6911144e-01   5.5527991e-02  -3.6644007e-01   4.8699780e-01  -7.4267624e-02   5.5912348e-01  -2.0532446e-01   1.7618409e-01  -7.0274400e-02  -3.1641378e-01   3.2014051e-01  -7.1847183e-02  -2.0699487e-02  -2.3065986e-01  -4.1095916e-02   1.5306405e-03   7.8099709e-02   1.0871785e-01  -2.9279591e-01  -1.6028380e-01   7.3833186e-03  -1.6932845e-01   1.0540343e-01  -2.4118948e-01  -8.6592502e-03  -7.8250987e-02  -1.4057369e-01   2.3938592e-02  -1.0545524e-01   6.3411473e-01   3.2735246e-01  -2.4733204e-01  -1.0893806e-01   1.2356119e-01   2.2525210e-01  -4.0836060e-02   6.0635929e-01  -2.1341371e-01  -8.1697400e-03  -6.3228226e-02   6.8669598e-01   3.3302526e-01   3.5566239e-02   2.4603471e-01  -3.7571605e-01   2.0952139e-01   2.8918789e-01  -1.0728303e-01   3.2549933e-01  -3.3269505e-01  -2.6133298e-01  -2.3122129e-01   9.8599670e-02  -2.5264967e-01  -3.1032642e-01   2.4644140e-01   4.4255215e-01   6.7012814e-02  -2.5364519e-01   9.1378193e-02   2.7472661e-03   4.9092553e-02  -2.6446872e-01  -1.9802710e-02   2.8745004e-02  -8.4310385e-02   5.9731264e-01  -2.1493133e-01   3.9442503e-01  -4.0099330e-01  -2.0748833e-01   3.0445008e-01   4.9074978e-01   2.8688979e-01   1.2904703e-01  -1.7435457e-01  -2.3537726e-01  -1.4365686e-01  -1.5583626e-01  -5.5495620e-02  -2.6673105e-01  -1.6560620e-02   9.8251636e-02  -1.3582896e-01   3.0622136e-01  -3.2831553e-01  -1.4626861e-01   4.2359506e-01  -1.7312461e-01   3.6991168e-02   1.5063250e-01  -5.1546056e-03  -1.8088364e-01
  -2.6502585e-01   0.0000000e+00   3.7435209e-01   3.0544462e-02   1.3200497e-01  -3.7605937e-01  -2.4774954e-01   1.5292637e-01   3.1334243e-01   2.5536756e-01  -1.1398027e-01   3.6077548e-01  -1.0140400e-01  -1.8031096e-01   1.8130816e-02  -1.2431858e-01   1.0200765e-01  -7.3651037e-02   1.7403100e-01   1.1781652e-01  -3.6014651e-01   1.6843278e-01  -2.9987890e-01  -3.0302357e-01   1.2995437e-01   2.8238441e-01   7.2718206e-02  -8.7830788e-02   2.6503553e-01  -6.3197942e-02   2.7676932e-01   3.1119353e-02  -5.9968065e-02  -1.0942511e-01   1.4052930e-01   1.7417819e-01  -7.6758612e-02  -2.0283740e-01  -1.5169871e-01   1.7042832e-01  -6.4520351e-02  -9.6522152e-02   4.5982902e-01  -2.0772277e-02   1.8271116e-01  -3.1567280e-01  -1.0682401e-01  -1.8649491e-01  -4.0656599e-01   3.0862493e-01  -8.4845111e-02   2.9411591e-01  -5.0852906e-02   4.9455227e-02  -8.5484730e-02   1.6581557e-02  -3.5738564e-02   3.2761339e-01  -2.3700664e-01   9.5694257e-02  -2.7712899e-01  -3.6192943e-02   3.6764462e-01   4.1191943e-01   2.6036491e-01  -4.6381499e-02  -2.3202757e-01   1.5295037e-01  -1.5979199e-01  -1.8023494e-01   5.0377446e-01  -1.6032849e-01   9.3331875e-02  -3.9936656e-01   5.2048314e-02   2.7864374e-01  -4.0187427e-01  -6.3939524e-02   3.1288707e-01   8.1687606e-02   4.0579145e-01  -5.8638931e-02   3.1995405e-01   2.7023473e-01  -3.5420805e-01   6.3789097e-02   4.4148260e-01  -2.2099329e-01   9.3315569e-02  -2.5437669e-01   1.7000205e-01  -3.4612076e-02  -4.5661577e-02   3.3882587e-01  -3.0592281e-01   2.2306607e-01   2.4681494e-01   3.2312824e-01   3.2210803e-02   2.4970894e-01   2.5819836e-01  -8.3912346e-02   2.2697225e-01   2.4819628e-01  -1.4959769e-01   4.8711603e-02  -4.7624615e-02   1.5529450e-01  -2.2983275e-01  -2.3013166e-01   2.4861959e-02  -2.6699794e-01   9.0918254e-02  -2.8040334e-01  -2.2072351e-01   2.9338341e-01   2.0198702e-01  -4.7236643e-02  -3.7841634e-01  -8.7259908e-02  -7.9575952e-02   2.3118331e-01   3.0355870e-01   1.7188510e-01  -3.5928858e-01  -1.7346960e-01  -2.0958557e-01   1.8472414e-01   2.7735591e-01  -1.0438729e-01  -1.4276683e-01   2.1120290e-01  -4.3725543e-02   2.0731254e-01   3.0674724e-01   1.6363400e-01   2.8442284e-01   4.0574041e-01   2.1787291e-01  -2.3329042e-01  -2.5564041e-01  -8.5459357e-02  -4.1766852e-02  -4.2170981e-01   7.9288873e-03  -3.3241048e-02   2.7232998e-01   6.3423408e-02  -3.6060464e-01   1.9182104e-01  -4.8487579e-01  -2.7940191e-04  -3.4979870e-01   8.3341635e-02   3.4299285e-01  -2.2405630e-01  -1.7502178e-01  -4.2153528e-02  -2.8481004e-01   1.4288569e-01   3.0332913e-01  -2.2018430e-03   9.2902492e-02  -3.5175324e-02   2.6789883e-01   2.8891839e-01   2.7226172e-01   8.5619436e-02  -2.2480608e-01   7.3967721e-02   2.6405580e-01  -8.9787903e-02   1.6575067e-01  -3.1819898e-01   2.9403634e-01  -1.8571063e-01   7.0490621e-02
  -2.5577247e-01   3.7435209e-01   0.0000000e+00  -2.8256082e-02   3.3778246e-01  -3.8908731e-01  -4.7554083e-01   3.2132070e-01   2.2639803e-01   1.7627738e-01  -4.7918207e-01   9.5979666e-02  -1.9445611e-01  -4.4743922e-01  -1.1746934e-01  -2.0704231e-01   6.5861094e-01  -4.9590846e-01   2.0119731e-01   2.5699825e-01  -5.4940760e-01   1.2857577e-01  -3.8265765e-01  -1.5790070e-01  -1.2521521e-01   3.7827259e-01   6.2253223e-02  -1.6074273e-01   2.6188365e-01  -5.3909567e-01  -5.7011996e-03   7.8352843e-02  -1.7417207e-01  -1.7155759e-01  -1.1346858e-01   2.3609193e-01  -3.9174253e-02  -2.9150696e-01  -3.1610264e-01   2.0845677e-01   1.8507655e-02  -2.7210342e-02   4.6577965e-01  -1.4869367e-01  -2.6721058e-01  -4.3643485e-02  -1.4411336e-01  -5.3736434e-01  -3.7252813e-01   5.8068193e-01  -3.5027199e-01   3.0677107e-01  -2.9438824e-01  -3.7168070e-02  -2.3697678e-01  -1.1626895e-01  -4.2678332e-02   3.2203977e-01  -1.6505155e-01   7.1040544e-02   3.0940088e-02  -2.3904462e-01   3.5264913e-01   2.9155945e-01  -1.5068999e-01  -5.4512843e-02  -2.3044729e-01  -9.2444996e-02  -1.5148260e-01   2.0095154e-01   3.0358393e-01  -2.9942152e-01  -1.7122995e-01  -3.3607123e-01   1.2666697e-01   3.4353498e-01  -1.3855598e-01  -2.3330731e-02   4.2981546e-01  -5.9192697e-02   2.6575574e-01  -1.2340789e-01   1.5497938e-01   3.2363506e-01  -3.9533568e-01   2.2791180e-01  -1.3807749e-02  -1.6709756e-01   2.6597557e-01  -1.5374887e-01   3.1927639e-01   3.1092232e-01   2.8319523e-01   3.3167870e-01  -2.2269576e-01   5.6699438e-01   1.7141142e-01   3.1534088e-01  -4.0185188e-02   2.9188649e-02   1.3572051e-01  -2.6786546e-01   1.9693478e-01   2.1212601e-01  -4.5059363e-01   2.3967288e-01  -1.3660352e-01   1.9596790e-01  -4.2200703e-01  -4.4453331e-02   1.0940932e-01  -2.9281177e-01  -1.1328905e-01  -1.0930253e-01  -1.6873482e-01   3.0920573e-01   1.5252686e-01  -1.6518034e-01  -2.1352326e-01  -8.3363951e-02  -8.6478972e-03   2.5862318e-01   4.4256421e-01  -2.1556451e-01  -1.2373330e-01  -1.5959960e-01  -4.2381854e-01  -3.2068201e-02   3.2514331e-01   1.2637490e-01  -2.1338353e-01  -1.1407835e-01  -2.7911901e-01   8.5410111e-03   4.0359167e-01   2.9083097e-01  -1.3946160e-02   1.1379639e-01   2.7350412e-01  -1.7076590e-01  -1.7318156e-01   2.4380910e-02  -1.0835835e-01  -4.0322302e-01  -2.1709305e-01  -4.9767872e-01   2.8567944e-01   1.6457667e-01  -2.8086791e-01  -7.7091176e-02  -1.1256985e-01  -3.9310493e-02  -1.6672080e-01   9.1821314e-02   6.2758271e-01  -2.3820236e-01  -9.2420636e-02  -1.1351756e-01   3.4284184e-02   1.3527112e-01   2.3260764e-01  -9.3196541e-02   1.8148607e-01  -2.8804573e-01   3.4861313e-01   5.7631080e-02   1.0025190e-02   5.9222758e-02  -2.3910223e-01   1.1559721e-01   1.7214086e-01  -1.2994191e-01  -1.1865000e-01  -3.3414245e-01   2.0311090e-01  -6.0147858e-02   1.5355604e-01
  -1.0686391e-01   3.0544462e-02  -2.8256082e-02   0.0000000e+00   1.8061660e-01   3.2473619e-01  -2.0661497e-01  -1.6193974e-02   3.2484827e-01  -1.3412247e-01   2.5072134e-01  -1.5765661e-01   6.5157858e-02   1.3156332e-02  -1.3827610e-01   1.4247063e-01  -1.3123658e-02   2.7027705e-01   5.1086532e-02   1.4058533e-01  -1.0719204e-01   5.1776825e-01  -5.0643194e-02  -1.3681618e-01   2.5691443e-01   6.4898521e-02   4.0144260e-01  -2.0008047e-01   1.2932201e-01   2.4900745e-01  -5.8062495e-02   5.1909984e-01   1.7903098e-01  -1.1938819e-01  -1.4511584e-01   1.8022691e-01  -4.1496145e-02   5.1333475e-02   1.4815864e-01   1.5754852e-01  -7.9667634e-02   1.7625257e-01   2.4251692e-01  -1.3082502e-01   6.6334090e-02  -1.8478677e-01   4.2672558e-01   1.4222620e-02  -9.8359020e-03   1.6832454e-02   2.3785656e-01  -3.0087361e-02  -2.3245917e-01  -1.3368681e-01  -1.0361886e-01  -4.2885045e-03   3.4592253e-01   3.9658003e-01   1.4411096e-01   7.2394598e-02   1.3994018e-01   8.1049626e-02   4.3067115e-01  -1.2892623e-01   4.4351844e-02  -2.0252865e-01   3.8586334e-01   5.6939571e-01   5.5427568e-01  -1.6936982e-01  -2.8006586e-01   2.9358977e-01   3.0310659e-01  -2.6529177e-01   1.2189528e-02   1.0303511e-01   4.2433387e-02   9.4873237e-02   1.4262609e-01   4.0659841e-01  -1.5941289e-01   5.9638274e-03  -2.6803246e-01   1.5743227e-02  -3.1713387e-01  -5.5907746e-02   6.4126999e-02   3.7716427e-02   2.3947346e-01  -2.2731853e-01   6.5359960e-02   2.8276741e-01  -1.3373106e-01   2.5131583e-01   5.8726198e-02   4.5443963e-02   3.5487974e-01   2.4547341e-01   2.7073509e-01  -2.4134463e-01  -2.9940581e-01  -4.2571307e-01   1.5648081e-01   1.7345655e-01   1.0619649e-01   3.4163320e-01  -4.7249129e-02   1.5378383e-01  -1.0687967e-02   2.0103137e-01  -2.1612564e-01   1.8578169e-01   6.0310044e-01  -2.0583442e-01  -3.5880714e-01  -2.5909176e-02   1.8069435e-01  -9.3263536e-02  -2.1142796e-01   5.0998158e-01  -3.7465731e-02  -1.1587514e-02   2.0135208e-01   5.4784955e-02  -2.0387936e-01  -1.9197669e-01  -8.0832365e-02   1.2594895e-01   3.9827466e-01  -2.3587655e-01  -2.8676681e-02  -5.3089485e-02  -4.8849053e-02  -1.6271480e-01   2.9541243e-01   4.4744222e-03   3.5003242e-01  -2.5432884e-01   3.8998419e-02  -1.2894383e-01  -2.3283052e-02   8.8107853e-02   1.8621533e-01   7.0139327e-02  -2.1558984e-01  -2.8963809e-02  -4.3077243e-01  -2.9848114e-03  -7.9852656e-02  -1.1312740e-01  -1.6071159e-01   4.6350892e-02   5.2465793e-02   2.0656646e-01  -1.1034693e-02   1.4900790e-02  -3.9653204e-02   1.3681484e-01   1.2279443e-01   1.2716287e-01   3.0810784e-01   2.6516672e-01  -4.7629706e-02   3.0547143e-01   4.6179560e-01  -6.9050298e-02  -9.3601186e-03  -5.9609503e-02  -1.1182084e-01  -1.6575137e-01  -1.5257451e-01  -8.4408378e-03   3.1387728e-01   2.0003590e-01   1.4473420e-01   4.1449000e-02   5.7452796e-01
  -1.4306447e-01   1.3200497e-01   3.3778246e-01   1.8061660e-01   0.0000000e+00  -1.3927318e-01  -4.1241256e-01   2.4992068e-01  -1.2963851e-01   2.6685928e-01   9.9962225e-02  -1.2264474e-01  -2.1309127e-01  -5.0592001e-01   4.7983233e-02   1.6295127e-03   4.6122674e-01  -8.8961996e-02   7.1850232e-02   7.4389545e-01  -2.2793393e-01  -3.2993812e-02  -9.4017151e-02  -1.6881098e-01   1.1781820e-01   2.5054429e-01   4.5080328e-01  -5.0543315e-02  -7.0476536e-03  -2.5660885e-01   2.6134215e-01   1.6897364e-01   1.4071687e-01   2.2345330e-01  -4.1925325e-01   7.5090313e-01   1.5192258e-01  -2.3686337e-01   5.5360068e-02   2.6902489e-01   1.0342363e-01   1.8155122e-02   6.7915945e-02   3.7769683e-02  -3.0300413e-01  -1.6976794e-01   2.8611579e-01  -2.9567106e-01  -9.0458683e-02   2.0613446e-01  -9.3137288e-02   2.0866726e-01   3.1718150e-02  -2.4081564e-01  -9.0094512e-02   1.5802836e-01   2.3221888e-02   1.8489571e-01   2.2428807e-02  -1.8936814e-01  -5.4931842e-02   3.8175214e-02   1.2013479e-02   1.7625947e-01   7.2904160e-02   3.0088712e-02   6.7854153e-02   1.6831187e-01   1.0065056e-01   1.1901322e-01   3.1606027e-01  -9.5646645e-02   2.1608077e-01  -4.2780119e-01  -1.9641509e-01   1.7209648e-01  -1.8191101e-01   1.2081136e-01   6.9638530e-01  -5.5281471e-02   1.3719058e-01   4.1690555e-02   3.6752054e-01   1.2034418e-01  -3.2983721e-01   2.9243794e-01  -2.4271469e-01  -3.7478866e-01   9.8969576e-02  -2.0621060e-01   6.2755100e-01  -1.3739740e-02   5.6321574e-01  -7.8353794e-02  -2.1248112e-01   6.6131976e-01   1.2068362e-01   1.4920730e-01   3.1519746e-01   1.0190114e-02  -1.2423934e-01  -2.2599713e-02   7.5043884e-02  -1.8995809e-01  -1.1024727e-01   2.2329730e-01  -2.7865760e-01   2.0940079e-01  -2.3865010e-01   4.2140659e-01   1.9961057e-01   3.6833248e-02  -1.1878854e-01  -2.1385067e-01  -3.6156161e-01   6.4823968e-01   7.1087369e-02   1.4848570e-01  -2.4671626e-01   2.4772250e-01  -5.1296348e-02   5.5003044e-01   1.1359538e-01  -9.1465452e-02  -1.5222316e-01  -1.7742148e-01  -2.7178690e-01  -1.6604340e-01   7.3730587e-02   1.0535218e-01  -1.4355225e-01   4.1061181e-01  -3.0784996e-01   1.2214998e-01  -7.0496244e-03   1.7519263e-01  -5.6622607e-02  -1.2375165e-01   2.5418397e-01  -6.4878469e-02  -1.2772122e-01   3.5045129e-02   2.8801756e-02  -2.2971301e-01  -6.0816582e-02  -2.1151919e-01  -7.7833279e-02   6.4879679e-01  -4.6312397e-02   1.4578144e-01  -1.2845586e-01  -8.9967546e-02  -1.3462548e-01   5.9107766e-01   3.3234343e-01  -2.1250694e-01   1.6992317e-01  -3.3881866e-02   9.9770254e-03   1.8033771e-01  -1.2229353e-01   7.8520511e-02   5.2003356e-01  -7.0282620e-02   1.4836486e-01   4.3699433e-01   3.9911851e-01  -2.7756018e-02  -1.3313511e-01   5.2210430e-01   3.8410072e-01  -1.1885204e-01   4.8653464e-02  -2.2031095e-01   8.9558137e-02  -1.4829357e-02  -7.3761379e-02
  -4.7466468e-02  -3.7605937e-01  -3.8908731e-01   3.2473619e-01  -1.3927318e-01   0.0000000e+00   3.2563335e-01  -3.4103133e-01   3.9926945e-02  -3.4040512e-01   2.8725009e-01  -1.1688518e-01  -3.8720218e-03   3.1861431e-01  -6.7378304e-02   2.1408036e-01  -2.6337962e-01   4.8122297e-01  -1.4486677e-01  -1.5221528e-01   4.9604818e-01   2.0869711e-01   3.7909481e-01   3.8269240e-02   2.9324139e-01  -2.4603887e-01   2.9460940e-01  -2.9207898e-02  -2.3658184e-01   5.0165305e-01  -1.1427666e-01   1.8998494e-01   1.9271180e-01   2.0529100e-01   1.6747296e-01  -1.5657129e-01  -1.1844295e-01   1.3786951e-01   1.9524815e-01   2.6052182e-01  -2.0691339e-01   2.0629241e-01  -2.0128692e-01   1.0440929e-02   8.8698195e-02   1.6441066e-01   2.9354421e-01   4.4980653e-01   3.7334814e-01  -1.3676971e-01   3.5332947e-01  -2.9760427e-01   3.2259354e-02   4.0882948e-02   9.8029583e-02   1.0186238e-01   2.9018509e-01  -3.1787743e-02   2.0530387e-01   5.9301202e-02   2.9791953e-01   7.3354172e-02  -7.0623472e-02  -4.8014445e-01  -3.5629214e-03  -4.8647542e-02   6.7351406e-01   2.1300591e-01   2.6257219e-01   1.8068506e-02  -3.6140003e-01   4.9599982e-01   1.3142068e-01   1.5411582e-01  -1.7800622e-01  -1.7721315e-01   3.1344871e-01  -1.3171525e-03  -4.0133126e-01   1.5815319e-01  -3.2151054e-01  -5.1333412e-02  -1.6580097e-01  -1.2713169e-01   3.8333653e-01  -2.4926760e-01  -8.3781809e-02   1.6125105e-01  -4.6441516e-02   3.6848788e-02  -3.4668357e-01   2.1915960e-01  -1.5205380e-01  -1.1484716e-01   2.0680801e-01  -5.3041804e-01  -3.9782765e-02  -5.5533494e-02  -5.6861302e-02  -2.4806174e-01  -2.7271493e-01  -6.9258573e-04  -1.4300930e-01   1.2170526e-02   3.2399923e-01  -1.3200500e-01   9.7560271e-02  -1.4090116e-01   2.1764186e-01   2.7255793e-01   1.8936199e-02   3.2929528e-01   4.7600112e-01   5.3476856e-02   1.6409541e-02  -3.4418976e-01  -1.5103823e-01  -4.3025902e-02   2.4170166e-01   3.5405475e-01  -1.0883977e-01  -3.3995597e-01  -1.4478170e-01   1.0953728e-01   2.7722761e-02   1.4768887e-01   2.2493752e-01  -1.4936946e-02  -1.0727476e-02  -6.6815589e-02   5.8278610e-02  -1.9720718e-01   1.1751063e-01  -1.4666392e-01   7.0992935e-02  -2.0493049e-01   1.1963480e-01  -3.8607919e-01  -2.5694094e-01   2.8577012e-02   1.2685752e-01  -4.0244856e-02   2.0978273e-01   6.7510965e-01  -1.0845019e-01   1.8936650e-01  -2.8141861e-01  -1.3535718e-01   3.4369492e-01  -1.6275334e-01   1.2734772e-01   4.0484954e-02   3.4900253e-01   4.8055457e-02  -5.7074092e-02   1.8833286e-01   2.5746187e-02  -1.7044567e-03   3.3175143e-01  -1.0450155e-01  -1.1103535e-02   4.4107294e-02  -1.1200443e-01   3.3889020e-01   4.6206836e-03  -2.7505739e-01  -1.0490234e-01   7.5970615e-02   2.9043971e-01  -6.3426498e-02  -3.4068795e-01  -1.1420759e-01   2.0720207e-01   6.5628558e-01  -1.2434446e-01   1.1693725e-01   2.3502107e-01
   4.6554513e-03  -2.4774954e-01  -4.7554083e-01  -2.0661497e-01  -4.1241256e-01   3.2563335e-01   0.0000000e+00  -4.2665171e-01  -1.9380243e-01  -1.3069875e-01   3.9171903e-01   3.2890368e-01   7.4646212e-02   6.6077144e-01   1.3433074e-01   1.8041577e-01  -4.2613113e-01   4.7407934e-01  -4.1905827e-01  -2.9591076e-01   7.2878071e-01  -3.3612920e-01   5.9667086e-01   9.8266504e-02  -1.3292207e-03  -5.6770516e-01  -1.9398756e-02   1.5591932e-01  -3.0164878e-01   5.1919970e-01   4.4892903e-03  -3.6303706e-01  -6.6496883e-02   2.1128210e-01   3.3349073e-01  -2.7680483e-01   6.7578064e-02   2.4220082e-01   1.8881241e-01  -9.2159754e-02  -2.6980866e-02  -7.2930062e-02  -4.0494887e-01   7.2805467e-02   3.2169475e-01   1.4529992e-01   8.0305877e-02   7.3201500e-01   3.1925297e-01  -3.2583723e-01   3.2868157e-01  -5.0510074e-01   2.7227106e-01   2.0619849e-01   2.9250052e-01   5.3129894e-02   2.2954540e-03  -6.0150633e-01   1.3831675e-01   2.5116889e-01   1.8428160e-02   2.0078301e-01  -4.2836064e-01  -3.4098529e-01   2.3301693e-01   2.7233959e-01   1.5302989e-01   2.9429382e-04  -1.7758535e-01   1.1150749e-01  -2.0774314e-01   4.9544706e-01  -4.0864467e-02   3.6333102e-01   6.0485476e-02  -5.6125500e-01   3.1359779e-01  -1.9262164e-01  -6.5583327e-01   1.6015251e-01  -1.9379699e-01   8.3043147e-02  -1.8822468e-01  -3.4651075e-01   5.6911205e-01  -5.1456129e-01   8.0958820e-02   1.0785569e-01  -4.1714104e-01   2.1714167e-01  -4.6978242e-01  -2.3061785e-01  -3.7104376e-01  -2.1426979e-01   2.4827037e-01  -6.1717696e-01  -2.7815923e-02  -4.7732048e-01   3.5867100e-02  -1.5170596e-02   9.7113862e-02   3.5422266e-01  -3.6765733e-01  -1.5930853e-01   4.1902375e-01  -4.3057334e-01   2.3319330e-01  -3.9678933e-01   5.6082613e-01  -1.1390576e-01   1.5073810e-02   7.3336543e-02   7.6856771e-02   1.8644835e-01   3.7344842e-01  -5.0688085e-01  -3.6743341e-01   1.8462918e-02   4.8050161e-01  -8.3015496e-02  -1.1933448e-01  -4.6741072e-01  -4.5654865e-01   2.2685329e-01   1.3693826e-01   1.7709084e-01   4.7812159e-01   5.1045979e-02  -4.8482567e-01   1.2024898e-01   2.7167489e-01   2.4860755e-03   3.0573178e-01   1.0025091e-02  -4.2156734e-01  -4.3394323e-01   1.5611999e-02   1.0973011e-01  -5.0840718e-01   8.9605856e-02  -4.2505511e-02  -1.1266030e-01   9.4912594e-02   4.4020761e-01   3.4410394e-01   4.2108409e-01   1.2669824e-01  -2.5940442e-01   4.6695161e-01   1.5097183e-01   3.3724817e-01  -1.3510051e-02   2.7045073e-01  -1.5478416e-01  -2.9118466e-01   2.5170598e-01  -1.8474488e-01   1.6556918e-01  -2.2334999e-02  -3.5593785e-01  -1.0798701e-01  -1.1735079e-01  -1.2790561e-01   2.6777951e-01  -5.0492618e-01  -2.4806072e-01  -1.3322148e-01  -1.4106600e-01   3.5844113e-01  -2.1110312e-01  -3.6819659e-01  -1.3671282e-01   9.7205324e-02   2.4331001e-01  -2.3061339e-01   1.6757153e-01  -2.5573435e-01
  -1.8010681e-01   1.5292637e-01   3.2132070e-01  -1.6193974e-02   2.4992068e-01  -3.4103133e-01  -4.2665171e-01   0.0000000e+00   1.1696791e-01   1.0511840e-01  -2.7890788e-01   1.4697164e-02  -1.4916369e-01  -4.6402036e-01   2.6595820e-01  -4.7234463e-01   7.8874515e-02  -2.2417205e-01   4.1658938e-01   1.5028806e-02  -4.4246107e-01   9.6738051e-02  -3.4076723e-01  -2.6964020e-01  -1.8532685e-01   7.0137823e-01  -7.5419972e-02   1.0553808e-01   2.2246628e-01  -5.4139339e-01   2.6585321e-01   2.0221773e-01  -2.0220744e-02   9.0474348e-03  -9.8287156e-02   5.6860871e-02  -4.0953968e-01  -4.2697485e-01  -4.7787026e-01  -2.6671481e-01  -5.3964984e-02   5.2032204e-02   2.9661840e-01   3.1598005e-01  -3.1195681e-01  -9.5701049e-02  -2.2589830e-01  -3.6936239e-01  -3.8537724e-01  -5.6154725e-02  -2.7699942e-01   7.9482902e-01   7.4317746e-02  -1.9344297e-01  -9.4883033e-02   3.3137738e-01   1.0727896e-01   5.0176176e-01  -7.6037561e-02  -9.2314168e-02  -2.7746935e-01  -2.4894250e-01   2.5538206e-01   5.9048606e-01  -1.5840235e-01  -2.2671148e-01   6.6374448e-02  -8.9646734e-02   8.8138811e-02  -2.6449554e-01   1.0723181e-01  -5.0861746e-01  -1.4248070e-01  -3.7728447e-01   1.1002736e-03   7.1373294e-01  -3.9560074e-01   3.3547767e-01   5.4135447e-01  -3.8957936e-01   6.2728534e-01  -3.0587098e-01   3.1429007e-01   7.7751132e-01  -2.9188189e-01   6.1349830e-01  -7.0134962e-02  -2.4330060e-01   2.0724432e-01  -3.3772725e-01   4.8736293e-01  -1.4010719e-01   2.9291660e-01   1.5855624e-01  -2.4403377e-01   2.7133807e-01  -1.8307666e-01   6.8340374e-01  -9.7438074e-02  -7.2449795e-02  -4.2452322e-03  -7.7503558e-03   6.4391274e-01   1.1553914e-01  -2.1875880e-01   4.1280790e-01  -3.6792461e-01   7.2243852e-01  -3.4058154e-01  -1.2782460e-01   2.1126072e-01  -5.6589395e-02  -3.9104185e-01  -3.9412923e-01  -2.0693657e-01   4.5489282e-01   5.1081366e-01  -2.4274207e-01  -2.1206628e-01  -1.2384402e-01  -1.9358617e-01   4.3341178e-01   1.5040761e-01   6.6843350e-03  -2.1005042e-01  -2.5718987e-01  -1.7893425e-01  -8.7243185e-02   4.4134436e-01  -3.5959076e-01  -2.6769519e-01   1.7431252e-01  -1.1193161e-01   2.8803949e-01   1.5751006e-01   7.7380706e-01  -4.1949461e-01   2.9964594e-01   8.1313270e-01  -2.1464815e-01  -2.9275658e-01   1.1419351e-01   1.3092859e-01  -2.9049093e-01   3.1776815e-02  -1.1050271e-01   5.3649970e-02   4.1272088e-02  -4.3937328e-01  -1.6848619e-01  -3.4176798e-01   4.8404547e-01  -5.2195683e-01   2.1817462e-01  -8.6213079e-04  -4.0455061e-01  -8.6183334e-02  -1.8415544e-01  -2.4731797e-01   5.6450685e-01   1.3398189e-01   2.0745083e-01  -8.6713676e-02  -1.6033912e-01   2.8497586e-01   3.1281906e-01   2.4406795e-01   8.3697005e-02  -5.0354139e-01   3.2507839e-01   2.9020348e-01  -2.3760273e-01  -2.5550472e-01  -3.4705130e-01   1.0101273e-01  -8.8340366e-02   7.6263919e-02
  -2.0293029e-01   3.1334243e-01   2.2639803e-01   3.2484827e-01  -1.2963851e-01   3.9926945e-02  -1.9380243e-01   1.1696791e-01   0.0000000e+00  -2.0498968e-02  -1.2615851e-01   5.6042067e-02  -4.6560853e-02  -6.8883652e-02  -1.2411958e-01  -1.7661490e-01  -1.1781197e-01  -8.9806179e-02   3.1997435e-01  -6.6418424e-02  -2.0567601e-01   5.4640092e-01  -1.7805838e-01  -1.0360057e-01   2.1994934e-01   2.4837922e-01   9.6316794e-03  -7.8895649e-02   9.3056956e-02   2.4825311e-02  -1.5562457e-01   9.9662778e-02  -2.4615073e-01  -1.6851551e-01   2.9416440e-01  -1.0794592e-01   3.0458274e-02  -3.5855834e-02  -3.9385436e-01   1.9396944e-02  -3.1934463e-01  -1.8426727e-01   5.8764107e-01  -1.6375676e-01   3.5245659e-01  -1.2052738e-01  -1.2308137e-01  -2.7085737e-01  -2.0179854e-01   1.9438556e-01   7.8907092e-02   2.8480850e-01  -1.4121961e-01   1.2583588e-01   4.3574579e-02   2.8632386e-02   1.4476065e-01   4.5252808e-01  -2.2667937e-01   3.3932189e-01  -5.0547092e-02   2.6983017e-02   6.2627047e-01   4.4573637e-02   1.3975060e-01  -2.9301818e-02   6.9015767e-02   2.3287484e-01   2.7339949e-02  -2.0400676e-01  -3.7983863e-02   8.9600957e-02  -1.6376600e-01  -2.7925555e-01   2.6597060e-01   3.5288838e-01  -1.7845389e-01   1.7582381e-01   6.9637295e-02   1.5971294e-01   2.7257905e-01  -2.2426154e-01  -2.1026479e-02   3.0826497e-01  -3.4848335e-01   1.8779919e-01   3.9536979e-01   3.8899218e-02   3.2618694e-01  -2.6175387e-01  -7.2409488e-02   2.5049344e-01  -1.6027282e-01   5.1224520e-01  -6.4788115e-02   3.2641379e-03   2.0667277e-01   3.4936486e-01  -9.3563499e-02   2.0232356e-02  -7.0099279e-02  -1.6561061e-01   2.7894717e-01   5.8025943e-01  -1.6810767e-03   2.3830841e-01  -1.1759511e-01   2.1882325e-01  -1.4423864e-01  -1.2664149e-01  -1.2767482e-01  -1.9207078e-01   4.7050738e-01  -1.9870959e-01  -1.4232922e-01   2.6071384e-02   2.8502413e-01  -2.7000918e-01  -1.6274389e-01   7.8967921e-02  -9.8355703e-02  -4.7718330e-02   4.3416529e-01   1.6809064e-02  -1.9115220e-01  -1.6205112e-01  -1.5030442e-01   6.9641319e-02   6.2798894e-01  -3.2323439e-01  -2.9629829e-01  -1.7894874e-01   3.4553419e-02  -7.0602332e-02   6.4395568e-01   2.8212725e-01   2.6532376e-01   1.3721046e-01   1.7416057e-01  -2.0823598e-01  -1.0134699e-01   1.6822025e-01   1.6089134e-01  -2.2835963e-01  -1.3264589e-01  -9.6551305e-02   3.5515447e-03  -1.0743452e-01  -1.4729906e-01  -7.3608148e-02  -2.9951338e-01   8.8940148e-02  -2.5994702e-01  -6.0593456e-02   5.4176851e-02  -1.1657546e-01  -7.7673016e-02  -1.4147888e-01  -2.4452391e-01   1.9373958e-01   4.4184006e-01   3.7482276e-02  -8.6115833e-02   1.3059096e-01   3.2946076e-01   5.8064001e-02   6.0744755e-02   2.7460700e-02  -2.4742727e-01  -2.1023424e-01   8.0591822e-03  -9.8958137e-03   1.3619009e-01  -8.0314559e-02   2.7688703e-01  -3.2795636e-01   5.2101270e-01
  -1.1229785e-01   2.5536756e-01   1.7627738e-01  -1.3412247e-01   2.6685928e-01  -3.4040512e-01  -1.3069875e-01   1.0511840e-01  -2.0498968e-02   0.0000000e+00  -3.3418670e-02   2.6983534e-01  -2.7576373e-01  -3.1550789e-01   2.4286773e-01   1.7385045e-02   1.3909692e-01  -2.7826647e-01   1.3058961e-01   4.5966151e-01  -1.7019896e-01  -1.0368678e-01   1.4340735e-01  -1.7538274e-01  -2.2221076e-01  -3.2479958e-02   2.2746695e-01  -6.1331156e-02   7.0339440e-02  -2.9680713e-01   2.6773784e-01  -1.0973496e-01   3.0048285e-02   4.8855546e-01  -1.1946858e-01   5.2526713e-01   3.8729915e-01  -2.3861726e-01  -8.4736971e-02   1.8744211e-01  -1.4185662e-01  -3.9561399e-02   1.8899409e-01   4.6920286e-02   2.3268742e-01  -2.5143356e-01   4.3606457e-03  -1.5407294e-01  -2.2279315e-01   9.6703397e-02  -1.2426914e-01   7.3698834e-02   2.9625720e-01  -1.2281619e-01  -2.7114621e-01   1.6628635e-01  -2.4771931e-01   7.5438094e-03  -6.0136037e-02  -1.3181666e-01  -2.1465567e-01   2.6201815e-01  -2.1167004e-01   2.3332209e-01   1.5646095e-01   5.8749056e-01  -3.2955672e-01  -2.3513976e-01  -1.0299182e-01   8.0046559e-02   4.7976219e-01  -1.1229068e-01  -1.8932241e-01  -3.0992540e-01  -3.9115746e-02   3.7480548e-02  -2.7533169e-01  -1.5451661e-01   2.7328614e-01  -1.1593375e-01   1.8050040e-01   7.0167777e-02   4.6681447e-01  -1.1801826e-02  -1.0387295e-01   7.9920750e-02   1.0394754e-01  -4.8973584e-01   1.1706353e-01  -2.5680869e-01   2.7915646e-01  -1.9775956e-01   5.1062209e-01  -3.3725537e-02  -1.9464634e-01   3.5847619e-01   1.9545039e-01  -2.1638012e-02   1.2845503e-01   7.1372170e-01   2.2864393e-01   2.9443512e-01   1.3286260e-01  -1.7904079e-02  -3.1510392e-03   8.7614203e-04  -1.7485325e-01   3.8883205e-02   1.0536079e-01   7.5368884e-02   4.3019508e-01  -2.3183686e-01  -2.2912723e-01  -4.6384357e-02  -1.6682998e-01   4.7402558e-01   1.2748645e-02   1.3771345e-01  -3.0476979e-01  -1.1365437e-01  -2.1099673e-02   5.9765199e-01   1.1190095e-01  -6.2689379e-02  -1.1626968e-01  -1.8807276e-01   8.6085474e-02  -1.1124292e-01  -1.1184634e-01   6.2762506e-02  -1.4727654e-01   5.6509454e-01  -2.2450927e-01   3.1979853e-01  -3.5926242e-02   6.4093712e-02  -9.9696473e-02   1.1330948e-01   1.3316923e-01  -1.0917436e-01  -1.8532991e-01  -1.0087456e-01  -1.8274857e-01  -4.7903611e-01   3.9753419e-01  -4.1394544e-02   5.0630465e-01   2.5341303e-01  -9.4246834e-02   5.2823913e-01  -1.4946423e-01  -2.8128616e-01  -1.9355986e-01   1.5054292e-01   1.3406059e-01  -2.4328120e-01   1.7007177e-02  -1.1469879e-02  -2.3027691e-01  -1.0065355e-02   9.0349287e-02  -3.2228026e-01   5.6047399e-01  -2.2829297e-01   4.7034303e-02   5.2333360e-01   3.5924440e-01   4.6412269e-02  -1.3585048e-02   3.9621841e-01   6.6070385e-01  -1.1014286e-01  -3.0540765e-01  -4.4494715e-01   3.2425489e-02  -2.2053313e-01  -1.8865948e-02
  -2.8739907e-02  -1.1398027e-01  -4.7918207e-01   2.5072134e-01   9.9962225e-02   2.8725009e-01   3.9171903e-01  -2.7890788e-01  -1.2615851e-01  -3.3418670e-02   0.0000000e+00   6.9157100e-02  -2.2697584e-02   1.8755270e-01   2.0980719e-01   2.1600651e-01  -2.4122206e-01   6.5888695e-01  -1.7341640e-01   1.6298263e-01   3.8510629e-01  -5.3037722e-02   5.2484135e-01  -9.9780260e-02   6.4679594e-02  -1.7225558e-01   3.1514136e-01   1.1256085e-01  -1.0085946e-01   5.7364265e-01   2.6900148e-01   1.7502232e-01   7.7268255e-02   3.1529509e-01   1.3986773e-01   2.8132651e-01   8.5597739e-02   7.3314883e-02   3.0398446e-01  -6.6124026e-02  -1.2126901e-01  -4.1612605e-03  -2.2372326e-01   1.2519551e-01   3.0816707e-01  -1.2094202e-01   6.0768637e-01   4.1317340e-01   9.9260556e-02  -3.6984470e-01   5.2849608e-01  -3.3340881e-01   1.5171893e-01  -1.8896071e-01   6.7868130e-02   2.7892201e-01   2.6558818e-01  -1.4679402e-01   2.7535024e-01   1.5092264e-01  -7.7410299e-02   3.3582750e-01  -1.5968035e-01  -8.2684456e-02   2.4932118e-01   2.4170306e-01   3.4059854e-01   2.6526606e-01   4.6820862e-01   6.3817007e-02  -1.4119589e-01   5.2458422e-01   2.4933517e-01  -5.1477158e-02  -2.8409743e-01  -2.0363068e-01   1.0888943e-01   1.3374887e-01  -3.6518792e-02   1.3742544e-01  -9.3627182e-02   2.3239026e-01  -7.0852075e-02  -2.8576319e-01   5.1652210e-02  -1.5667937e-01   1.9994839e-02  -7.4118066e-02  -1.2494680e-01  -3.7718402e-02  -1.1287656e-01  -2.3295860e-01  -7.0802318e-02  -2.0838886e-01   5.2892390e-02  -3.1263412e-01   1.0623339e-01  -1.5438732e-01   2.5533636e-01  -6.8395730e-02  -7.3636689e-02   3.1888832e-01  -1.8813880e-01  -1.8734060e-01   6.1289169e-01  -3.9448331e-02  -3.0587062e-02  -2.4209777e-02   1.4764532e-01   2.7983584e-01  -4.3442592e-02   3.4918387e-01   2.5239386e-01  -1.0807036e-01   8.2394238e-03  -4.3788049e-02  -1.9737110e-01   1.0872808e-01   6.4157734e-02   2.2536679e-01  -1.1370921e-01  -2.8546081e-02  -3.1193839e-01   3.1747522e-01  -1.3292864e-01   6.1874928e-02   3.2320466e-01  -1.3347596e-01  -1.1741681e-01   2.2643448e-02   2.1513769e-01   3.2991851e-01   9.4984777e-02   3.5125538e-01  -1.5195582e-01  -1.7168200e-01   9.6426408e-03  -2.7668666e-02  -1.4282632e-01   8.6859067e-02  -1.7151378e-01  -1.1036507e-01   2.7318243e-01   2.0792994e-01   3.6986712e-01   3.8328843e-01  -1.9736444e-01   1.8321752e-01   3.6229836e-01   1.7376679e-01   3.9173519e-03  -1.0334229e-01   1.5091108e-01   2.3411539e-01  -3.6939114e-01   1.1780282e-01  -5.1007232e-03   2.2216527e-01  -5.4097526e-02  -4.9612014e-02  -1.3050665e-01   3.3812547e-01   8.0005924e-02   4.3603321e-01  -1.0257645e-01   1.0311162e-01   1.7054589e-01  -5.0689652e-02   1.9270876e-01  -1.0837528e-01  -5.1016612e-02  -1.7062904e-01   4.8919702e-01   5.1815090e-02  -1.8774596e-01   6.1654524e-02   1.8207598e-02
  -4.9262835e-02   3.6077548e-01   9.5979666e-02  -1.5765661e-01  -1.2264474e-01  -1.1688518e-01   3.2890368e-01   1.4697164e-02   5.6042067e-02   2.6983534e-01   6.9157100e-02   0.0000000e+00  -6.8206221e-02   2.0990199e-01   1.8823417e-01  -9.1232369e-02  -7.8062297e-02   7.1050008e-02   1.0649343e-01  -4.5304930e-02   1.5388602e-02  -8.4174077e-02   9.4773411e-02  -4.0333138e-02   1.2306361e-01  -1.1586639e-01   1.9939190e-01   1.6246067e-01   4.4699908e-02  -1.8489693e-02   1.1163379e-01  -2.9222816e-01  -2.1224268e-01   2.1501645e-01   3.6083320e-01   8.1083538e-03   1.0117613e-02  -3.6588843e-02  -1.2687134e-01   5.9298168e-02  -2.2823137e-01  -8.6034018e-02   2.9373267e-01   1.7815652e-01   2.0863085e-01  -6.7926534e-02  -1.7746787e-01   2.7352110e-01  -1.9949901e-01   5.2212871e-02  -1.2024974e-02   3.7573529e-03   1.9725303e-01   1.4402534e-01   1.5948482e-01   1.9732451e-01  -1.1695924e-01  -1.2944605e-01  -2.5348299e-01   1.2057141e-01  -1.3029016e-01   1.0800309e-01   4.9956718e-03   1.2677000e-01   1.9899586e-01   2.1116839e-01  -1.2992375e-01   8.4190517e-03  -2.8825978e-01   1.0023668e-01   3.1104230e-01   1.2116401e-01  -1.2158113e-01   1.0004534e-01   7.1203615e-02   2.5759613e-02  -4.1088199e-02  -2.5562163e-01  -1.8749107e-01   4.2321074e-02   1.9475659e-01   5.6202836e-02   2.7653575e-01   1.1885292e-01   9.0978805e-02  -2.7700803e-01   1.9829690e-01  -3.4475235e-02  -1.4297348e-01  -8.9971530e-02  -2.2346124e-01  -1.0467444e-01  -3.5266844e-02   1.0840588e-01  -6.6121493e-02  -1.1021928e-01   2.3780554e-01  -4.9794331e-02   1.2027961e-01   2.6262990e-01   3.5953491e-01   3.2651819e-01   9.4429721e-03   7.5134854e-02   1.2304565e-01  -1.2833227e-01   6.6188119e-02  -1.2740408e-01   8.9374502e-02  -2.4323831e-01   3.5631121e-01  -3.1165683e-01   3.2558283e-02  -3.7329812e-02   1.6041647e-01  -9.6221958e-02  -3.0838851e-02   3.8887687e-02   2.8554417e-02  -2.5113914e-01  -4.7041873e-02   1.2972156e-02   1.9838410e-01   1.5584631e-01  -7.8355724e-02   8.0062472e-02   1.3335988e-01   8.2439002e-02  -7.8625484e-02   1.1602487e-01   1.3602725e-01   2.7928342e-01   1.3297742e-01   1.8523788e-01  -4.8009312e-02  -1.2003248e-03   6.4575902e-02   3.0158559e-01  -8.7879251e-02  -1.6311891e-01  -2.3273681e-01  -8.6831519e-02  -1.0349000e-01  -2.6069076e-02   2.8890944e-01   6.5756159e-02   6.0105525e-01  -2.6344410e-01  -6.9735692e-02   2.5999566e-01  -3.1673662e-02  -2.1304638e-02  -6.8392285e-02  -1.1077341e-01   1.4721277e-01  -5.2148349e-02  -5.6390386e-02  -9.1012986e-03  -1.9253692e-01  -1.4716281e-01   1.1886243e-01  -2.2903565e-01   1.0210605e-01  -5.4575975e-02  -1.4369571e-01   1.6538205e-01   2.8825534e-01   1.5492087e-01   5.9814263e-02   5.0526403e-02   1.6795182e-02  -2.9710883e-01  -9.4868241e-02  -1.0463280e-01   6.3538056e-02  -1.2594097e-01  -1.1385687e-01
   1.9992099e-01  -1.0140400e-01  -1.9445611e-01   6.5157858e-02  -2.1309127e-01  -3.8720218e-03   7.4646212e-02  -1.4916369e-01  -4.6560853e-02  -2.7576373e-01  -2.2697584e-02  -6.8206221e-02   0.0000000e+00   2.3303566e-01   1.2642060e-01   1.2143216e-01  -9.7695371e-02   1.2447459e-01  -1.3484873e-01  -1.8098897e-01   2.9581134e-02   1.5606227e-01   5.5978214e-02   2.6710489e-01   3.8037930e-02  -2.2197912e-01  -6.9447303e-02   1.2071179e-01  -6.0056547e-02   1.5743604e-01  -8.7223420e-02   8.0367140e-02  -1.4328915e-01  -1.9924927e-01   5.4678073e-02  -1.9085383e-01  -3.1186522e-02   2.2337459e-01   2.9475954e-01  -1.0180903e-01   4.2543702e-01  -1.5285746e-01  -6.5625161e-02  -6.8589065e-02  -8.0855349e-03   1.0060193e-01  -4.6000899e-02   1.0918349e-01   6.6828867e-02  -1.1091915e-01   6.8702473e-02  -1.9214526e-01  -1.8353823e-01   1.9630969e-01   7.0171499e-02  -1.2248510e-01  -9.4176862e-02  -5.6863814e-02   6.7405697e-03   2.3858505e-02   1.6314909e-01   7.4655273e-02   1.0049824e-02  -1.6032250e-01  -1.5409659e-01  -1.0624917e-01   7.7841218e-03  -1.5483091e-01  -3.0292391e-02   3.5422135e-02  -3.1322381e-01   1.5067200e-01   2.3364246e-01   1.9380927e-01   1.2978589e-01  -9.2934473e-02   1.7699586e-01  -1.7355211e-01  -2.6829196e-01   2.2930853e-01  -1.1511676e-01   3.4942357e-01  -3.4163970e-01  -9.1870143e-02   5.4771756e-02  -1.8086275e-02  -2.0611074e-01   3.7785434e-01  -1.8916881e-01   2.4056441e-01  -2.1409809e-01  -5.1594982e-02  -3.0084109e-01  -2.3311588e-02   9.6212287e-02  -1.1834359e-01  -4.9867096e-03  -1.5805679e-01  -6.5041282e-02  -1.0612806e-01   1.2396746e-02  -2.1311041e-01  -6.9316150e-02   8.1183137e-02  -2.0722801e-02   1.8515851e-01   1.3656429e-01  -1.4817020e-01   1.2724063e-01  -5.4198359e-03  -2.7828403e-01   1.0441645e-01   1.1680731e-01   1.5209222e-01   1.5926090e-01  -3.4524079e-01   5.6598320e-02   3.6156886e-01  -1.5493779e-02  -2.1601357e-03   3.7810076e-02  -2.7519262e-01   9.1892582e-03  -5.5493887e-02   2.3861386e-01   3.3154585e-01   7.7029350e-02   8.6333955e-02   9.6316536e-03  -1.8442476e-02   2.8094618e-01  -1.8007146e-01   1.2622365e-01  -1.3657192e-01  -8.2557152e-02  -4.5679322e-02   2.8130446e-01  -1.1615577e-01  -1.5186036e-01   1.9351604e-01   2.6940507e-01   1.3365123e-01  -1.1257228e-01   1.9263183e-02   1.5497449e-01   9.5673398e-02  -2.3199698e-01  -1.7045517e-01  -2.9010232e-02  -4.4182313e-02   1.9292335e-01   1.0387372e-01   1.6221040e-01  -2.9330933e-01  -2.8344641e-01   3.4676030e-01  -1.8135246e-03   2.4994907e-01   1.5073262e-01  -7.2844246e-02  -1.6144506e-01  -6.5717491e-02  -1.0805648e-01  -8.2151954e-02  -1.3365656e-01  -1.6806581e-01  -2.4539915e-01  -4.5263335e-02   2.3560267e-01  -3.5835158e-01  -2.7163386e-01  -1.8367215e-02  -9.5687592e-02   1.9301894e-01   1.6001797e-01  -2.4426544e-02   9.0118165e-02
   1.5327126e-01  -1.8031096e-01  -4.4743922e-01   1.3156332e-02  -5.0592001e-01   3.1861431e-01   6.6077144e-01  -4.6402036e-01  -6.8883652e-02  -3.1550789e-01   1.8755270e-01   2.0990199e-01   2.3303566e-01   0.0000000e+00   1.6875590e-01   1.3747148e-01  -3.9062388e-01   4.5000810e-01  -2.9771402e-01  -4.3300906e-01   6.1011345e-01  -2.0641558e-01   3.7729920e-01   1.9943069e-01   2.9007631e-01  -6.0017181e-01  -3.5676774e-02   1.8584355e-01  -1.6049921e-01   4.3441457e-01   5.3750556e-02  -3.0055974e-01   4.1601725e-03  -8.3832195e-02   3.8411218e-01  -4.7063149e-01   3.0996726e-03   3.2266974e-01   1.6394698e-01   8.3780913e-03   4.4079184e-02   1.0879178e-01  -2.8416175e-01   1.3864754e-01   3.7323379e-01   5.7534327e-02  -1.2789556e-01   6.5958082e-01   5.1722561e-01  -2.8878599e-01   2.5902247e-01  -5.1769188e-01   1.2628006e-01   3.7919033e-01   1.9879781e-01  -9.9734372e-03  -9.9943563e-02  -4.5378896e-01   1.0486430e-01   8.6771912e-02   1.5963475e-01   3.3492247e-01  -1.3590238e-01  -2.7053674e-01   3.8300700e-01  -7.9342910e-02   1.3607832e-01   9.5336220e-02  -2.1096548e-01  -3.4950540e-04  -3.2406006e-01   3.4925443e-01   1.8156166e-01   4.7677126e-01   1.8852491e-01  -4.3079570e-01   3.6842524e-01  -2.1241525e-01  -6.4691556e-01   3.1281571e-01  -1.9964771e-01   1.8458490e-01  -3.0352028e-01  -3.2302320e-01   5.6965803e-01  -4.6765280e-01   2.4041197e-01   3.2741504e-01  -2.8701229e-01   1.8507239e-01  -4.7251435e-01   1.8795739e-02  -5.8096656e-01  -2.1175873e-01   4.2348654e-01  -5.9634687e-01   2.1099335e-01  -4.1445775e-01   9.7891648e-02   5.0666697e-02   2.2824106e-01   8.8200086e-02  -2.8881105e-01  -1.7668766e-01   2.3950515e-01  -3.5062310e-01   3.2884927e-01  -4.7474375e-01   5.4308400e-01  -3.3624934e-01  -5.5086701e-03  -1.9435740e-02   2.9035700e-01   2.3742813e-01   4.7814239e-01  -5.6848326e-01  -2.4567703e-01   3.4115819e-02   3.9542453e-01  -7.9672489e-02   4.8453862e-02  -5.1375142e-01  -2.6466327e-01   4.8442284e-01   2.2192451e-01   2.3958163e-01   6.0152918e-01   3.0952072e-01  -3.7735573e-01   1.1908255e-01   2.5455516e-01  -1.1448686e-01   5.0812608e-01  -6.8961666e-02  -3.5816960e-01  -4.2925777e-01   2.3602118e-01   2.1380875e-01  -5.6488818e-01  -9.0772305e-03   2.2705040e-01  -1.0678062e-01  -6.4950602e-02   4.5078107e-01   2.6819946e-01   5.6370544e-01  -6.2862327e-02  -5.0157039e-01   1.1396241e-01   1.1618664e-01   3.4082028e-01   7.9250272e-02   3.5562202e-01  -3.4735504e-01  -2.0831428e-01   2.3684983e-01  -1.2025773e-02   2.2816252e-01   5.9700286e-02  -3.6797323e-01   4.8682715e-02  -2.4695415e-01  -2.9181641e-01   2.4199695e-01  -3.9716045e-01  -3.8703699e-01  -3.3858223e-01  -7.5479096e-02   3.1666199e-01  -3.1387972e-01  -4.9386767e-01   4.1841565e-03   1.1734811e-01   3.4700610e-01   8.5078591e-02   1.7392143e-01  -7.9189605e-02
