   0.0000000e+00   7.4387966e-02  -1.1799475e-01   3.8133499e-02   8.8872442e-02   3.9157994e-02   8.7439219e-02   2.8504856e-01   2.0770519e-01  -5.2328843e-02   1.0977714e-01   9.0470108e-02   2.2189382e-01   1.1004163e-01   2.8256083e-01   2.2417454e-01  -1.7840932e-01   9.8713462e-02   6.0539065e-02  -2.8952835e-02  -7.3988293e-02   9.6753512e-03   5.4315823e-02   5.2140646e-01   1.4417013e-02   1.7461603e-01  -2.3764406e-02   3.1273558e-01   1.3185508e-02   5.5604220e-02  -4.9152501e-02   4.1622980e-02  -9.0972428e-02   1.8337689e-02   1.6294308e-01   9.1755435e-02   8.8293668e-02   3.8817513e-01   3.0878987e-02  -1.5660790e-01   4.9456408e-02   7.0301119e-02   3.8464581e-02  -2.0496169e-01   6.2195437e-02   2.6575601e-01  -4.3195072e-02   2.6841888e-01   2.4134717e-01  -2.6659303e-01   2.3487658e-02   1.8590030e-01   8.1360672e-02  -6.5808357e-02  -3.5695092e-01  -9.4926524e-02  -1.1651772e-01  -1.4716800e-01   2.1174972e-01   2.5975450e-01   2.8815376e-01   7.0592185e-02  -1.0240022e-01  -2.5214711e-02   3.8936795e-02   1.9213032e-01   4.4143080e-03  -2.4942019e-01  -6.6713160e-02   7.0128122e-02  -8.5535100e-02  -2.1535420e-01   1.1831835e-01   1.7289174e-01  -2.8295256e-01  -1.2329553e-01   1.9210083e-01   1.3726461e-01   2.5560076e-01  -2.3653695e-02   1.4374934e-01  -6.1047569e-02  -2.7284401e-01  -1.2576264e-01   1.0338512e-01   2.5578034e-01   2.0293875e-01   4.4671272e-01  -1.0691395e-01   5.9519139e-01   1.3451064e-01  -1.1997010e-01   6.6898758e-02   8.2423648e-02   3.2489316e-01   2.8519064e-03  -1.2348929e-01   1.8608385e-01   2.5673093e-01  -3.0322063e-02  -6.9768367e-03   7.4193424e-02  -8.1665328e-02   1.3997908e-01  -1.8685828e-02   7.6303669e-02  -1.4970521e-01   1.3563000e-01   1.0925013e-01   2.9075744e-02  -1.8323896e-03   2.7486571e-02  -2.3240582e-01   5.0320821e-01   1.8428986e-01   1.9106240e-01   4.3683335e-02   3.6559537e-01  -1.4526660e-01  -1.4888369e-01   2.4489605e-01   1.5901499e-01  -1.3777097e-01  -5.4077290e-02   3.6038667e-01   3.8405635e-01   7.2173276e-02  -2.2401967e-01  -7.6498737e-02  -1.7923832e-01   1.1443778e-01   7.7149433e-02   3.9641776e-01  -2.2867297e-01  -1.7816371e-01   8.5424568e-03  -9.1201798e-02  -1.9726750e-01   9.2281057e-02   4.9922329e-01   2.0524247e-01   1.7672381e-01   7.1788237e-02  -6.1382395e-02   1.0981749e-01   1.8115670e-01   7.0822645e-02   1.6149820e-01   1.8456083e-01  -1.9307659e-01   2.2228942e-01  -2.5752918e-01   8.6846675e-02   2.0138072e-01  -1.0665475e-01   5.6315042e-01   3.4177713e-01   2.1480096e-01  -1.9381366e-01   2.3733206e-01  -2.7685542e-01   7.5866770e-02  -1.3177358e-01  -2.2613935e-02   5.2631292e-02   4.6296207e-02   7.8404876e-02   1.6566494e-01  -1.1535758e-01  -8.2722511e-02   4.4090966e-01   9.2694726e-02  -6.1850742e-02  -1.1608264e-01  -1.7682252e-02  -2.9921178e-01   1.3661835e-01
   7.4387966e-02   0.0000000e+00   3.1745717e-01  -8.9832370e-02   3.7812658e-01   1.0199505e-02  -4.4144442e-01   6.2108030e-02   4.8892666e-01   4.2540066e-01  -3.9909489e-01   4.3100004e-01  -9.7448644e-02  -4.3331592e-02   2.2571627e-01  -1.8241046e-02   5.1407848e-01  -1.5932227e-01   1.3754043e-01   3.4373684e-01  -3.7554583e-01   1.2347671e-02  -4.5851627e-01  -1.5188632e-01   3.7373305e-02  -6.8983303e-02   1.7624405e-01  -6.2363000e-02   9.1632342e-02   3.9681166e-02   3.5637265e-01  -1.1806774e-01   2.3207800e-01  -4.6594071e-02   5.5229275e-01   2.2704260e-01  -3.8088639e-01  -2.1547750e-01   1.2634738e-01   3.8772351e-01  -6.0483531e-02   1.9223895e-01   6.4944503e-01  -3.0319645e-01   1.1953679e-01  -2.8832067e-01  -1.9123607e-01   3.1609123e-01  -2.3703764e-01   3.8803254e-01  -2.3297365e-01  -1.2144804e-02   4.6889911e-01   4.1765818e-01   6.6992293e-02  -4.9840510e-01  -3.3667860e-01  -1.3128421e-01   4.5752335e-02   4.0560859e-01   1.6638703e-01   2.5072020e-01   3.7585662e-01   2.6875098e-01   3.7112347e-01   9.7470699e-02   2.0168928e-01   1.8312733e-01  -2.1277644e-01  -4.3275261e-01   6.0773045e-01  -1.1407536e-01   1.7477154e-01   6.4195866e-03   2.0627296e-01  -1.9462186e-01  -2.0140617e-01   1.8395194e-01   6.3019170e-01   3.0451233e-01  -4.9926959e-01   5.4093242e-02   1.1388034e-01  -9.2697399e-03  -1.8581662e-03  -3.2588333e-01   4.0822899e-01  -1.2867740e-01   3.3657321e-01   1.0668799e-01   7.3953784e-01   2.1003294e-01   5.0438359e-01   2.8315950e-01  -3.4772364e-01   3.0438831e-01   1.1816611e-01   3.3919717e-01  -1.1468629e-01  -2.8364041e-01  -7.2080696e-02  -3.3658552e-01  -2.6001316e-01   5.2882967e-01  -4.3584586e-01  -1.8129376e-02   5.5225739e-01  -5.2133177e-02  -3.6957576e-01   9.5665496e-02   1.7232396e-01  -1.9882153e-01   3.3743894e-04  -7.6622623e-02  -1.1040220e-01   7.9854340e-01   2.1529979e-02   1.6299861e-01   1.0774240e-02   3.4285564e-02  -2.8402265e-01   6.9126981e-01   3.7473899e-01   1.9789593e-01  -2.8636926e-01  -7.4261343e-02   2.1891327e-01   1.9902639e-01  -2.4416403e-01  -1.8599466e-01  -1.7867801e-01   2.2019104e-01   3.5097495e-02   2.2963908e-01   2.4134931e-01  -2.4379529e-01   3.4861803e-01   2.4733953e-02  -7.1458250e-02  -1.9737177e-01   2.2061186e-01  -2.9129445e-02  -3.0670114e-01  -1.9621524e-01   1.9193411e-01   1.1599557e-01   4.4136079e-01   2.6219476e-01  -1.6656430e-01   1.1640655e-01  -1.8112016e-01  -3.1794771e-01   3.5973198e-01   6.9419124e-02   7.8880417e-01  -1.8049094e-01  -3.0390842e-01  -3.4502541e-02   2.4980893e-01  -1.5524124e-01   1.1414975e-01  -3.7773867e-01   2.6005350e-01  -2.3329325e-01   1.8377257e-01   3.2658228e-01  -1.2601808e-01  -1.0534877e-01   2.6166039e-01   6.3484738e-01   3.7446663e-01  -4.8605330e-01  -1.6818459e-02  -3.6649576e-01   1.0454613e-01   2.7764858e-01   8.0477639e-02
  -1.1799475e-01   3.1745717e-01   0.0000000e+00   1.1686478e-01   2.0505548e-01   2.0904326e-01  -1.8125583e-01   2.7731050e-02   1.1193150e-01   2.9512670e-01  -6.0577993e-02   1.8962508e-01   7.1710500e-02   4.1595426e-02  -1.0523690e-01  -1.9216724e-01   7.8866683e-01   1.0325323e-01   1.4095701e-01   2.5261602e-01  -1.3185897e-02   1.6845813e-01  -2.2090658e-01  -1.4071524e-01   1.3642412e-01  -2.9447008e-02   1.7169912e-01   2.6975546e-01  -7.7457673e-02  -5.4394623e-02   2.2533889e-01   3.9915684e-02   7.4203688e-02  -3.4260393e-02   1.1393037e-01   1.1555354e-01  -1.7652014e-01   1.0633363e-01  -3.8040028e-02   3.4217744e-01  -3.3163618e-02   1.0031122e-01   4.1059044e-01   2.5625559e-01   3.1365019e-02   4.3241353e-02   1.0891615e-01  -1.8874643e-01  -2.3095878e-01   6.6069436e-01   1.2093270e-02   8.1088332e-02   1.3960890e-01   4.1579367e-01   1.3283749e-01   5.6063720e-02   4.4786744e-02   4.4861187e-02   7.8716195e-03   8.0783974e-02   3.7508487e-01   4.2468605e-02   3.9374442e-01   9.0324897e-02   2.6734786e-02  -8.7439763e-02   2.5600827e-01   3.0052695e-02   4.8816074e-02   3.1635833e-01   4.5215891e-01   1.0833153e-01   1.2614702e-02   3.0018510e-01   9.8592382e-02  -7.9312976e-02   2.5650478e-01   2.4289678e-02   2.9191786e-02   3.0622459e-01  -5.8935584e-03  -2.9868911e-01   4.3963393e-01   2.2763273e-01   4.1074639e-01  -2.0529465e-01   3.2535580e-02  -2.0460824e-02   2.2075254e-01   7.0639898e-02   1.2484101e-01   4.0435955e-01   2.2527555e-01   1.7644220e-01  -3.3959127e-02   2.6421881e-02   1.0166267e-01   5.6373729e-02  -3.5485297e-02  -8.5689517e-02   4.5616415e-01   2.2400129e-02   1.0775371e-01   1.5468980e-01  -9.0724628e-02  -6.2384476e-02   4.5998625e-01  -1.1171063e-01  -2.2996278e-01   1.8146687e-02   4.3045550e-01  -6.5172662e-02   2.1190589e-01  -2.8418082e-02   3.0600839e-01   7.7576409e-02  -1.0229257e-01   2.9034663e-02   5.1450632e-01   2.2849225e-01   3.3958532e-02   7.3901476e-02   1.4261894e-01   2.9682279e-01   5.8835280e-02  -7.3640923e-02   6.5739034e-02   2.7948643e-01  -2.9831599e-02   5.8367952e-01  -1.1033488e-01   1.5067777e-01   1.9755514e-01   3.1000885e-01   2.9945898e-01  -1.6707848e-01   2.4264791e-01   4.6650129e-01  -1.7403582e-01  -1.9597043e-01   3.7818904e-01   1.2858429e-01  -1.0983895e-01   4.0996844e-01   1.0136723e-01  -5.6329161e-02   2.1824249e-01  -1.8450005e-01  -2.1013184e-01   7.6287029e-02   2.8806003e-01   1.3353134e-01   5.9188523e-01  -1.4588478e-01   6.0019410e-01   5.1354206e-02   4.7588357e-02   3.5979198e-03   4.3402173e-01   7.6272060e-02   8.3404054e-02  -2.7102814e-01   1.9051122e-01  -5.5402583e-03   2.0099732e-01  -1.8433327e-02  -1.1504952e-01   1.1673315e-01   4.8047122e-01   4.5769642e-01  -1.2021414e-01   5.1177349e-02   4.3108187e-02   1.7803731e-01   1.1356792e-01   3.5910590e-01   1.3320939e-01
   3.8133499e-02  -8.9832370e-02   1.1686478e-01   0.0000000e+00   4.0544847e-01   1.5341630e-01   2.1452573e-01   3.6816969e-01   4.6734014e-01  -1.2526240e-01   3.8156208e-01   9.6683715e-02   4.0928965e-01   1.3346728e-01   2.7240417e-03  -3.2575544e-03   1.9481682e-01   5.9659556e-01   1.9588151e-01   5.8419738e-01   2.9365910e-01   6.0141919e-01   3.8937516e-01  -4.1738733e-01  -2.7503502e-01   2.3983107e-01   4.5364514e-01  -1.6876710e-01  -7.7848487e-02   5.2494714e-01  -8.9029460e-02   6.8670342e-01  -1.6451739e-01  -1.3555113e-01   1.7641095e-01   5.5564076e-01   3.2429421e-01   8.6699322e-02   1.8391096e-01  -1.3280014e-01   2.3046961e-01  -1.6112219e-01   2.3759540e-01   1.0433047e-01   3.1496138e-01   1.0604491e-01   4.9903535e-01   4.9355488e-02   1.7215500e-01  -8.0549935e-02   5.5329029e-01   1.4579441e-01  -1.3568614e-02   2.0315035e-01   1.2791977e-01   4.0577853e-02   3.1096633e-01   5.4476614e-01   4.8771118e-01   4.3765434e-01   1.7572059e-01   2.0171834e-01   2.7630995e-01  -1.2593286e-01   1.0500592e-01   2.2235464e-01   3.4153585e-01  -2.4282244e-01   4.5824700e-01   5.2651672e-02  -7.5007802e-02   1.9211013e-01   2.6078447e-01  -9.2061603e-02  -6.5990479e-02   2.4901009e-01   4.3682408e-02   1.9206412e-01   2.0061208e-01   3.0397187e-01  -5.2058850e-02   2.7994263e-02  -7.8002041e-02  -2.3469123e-03  -4.5991547e-02   1.7034418e-01  -6.7467922e-02  -1.6831686e-01  -3.0312487e-01  -3.4544503e-01   2.3483833e-01   2.1235182e-02  -2.1816238e-01   6.2905734e-01   1.3441445e-01   9.6851817e-02   1.7212992e-01   3.6853513e-02   2.7899151e-01  -6.9968520e-02  -1.0922212e-01   3.0966075e-02   4.2031734e-01   1.6359411e-01   5.7060281e-01   5.3298627e-01   1.5848651e-01   4.2813058e-01   3.5653622e-01   2.2811762e-01  -1.8052370e-01   5.6440339e-01   1.7658214e-01  -7.4840342e-03  -2.9906578e-01   3.3532306e-02   1.9098119e-01   3.0924452e-01  -1.5095546e-01   7.6879605e-01   1.1707396e-01   1.4413433e-01  -1.9489958e-01   3.1183581e-01  -5.0363144e-02  -1.2035806e-01   3.6331654e-01   1.4553118e-01   6.5954251e-01  -1.8029830e-02   2.9733043e-01   3.3882584e-01   3.3639369e-02  -7.9505103e-02   4.9903081e-01   2.9815626e-01   1.2990856e-01  -8.3942135e-02   1.5581889e-01   6.4611132e-02   6.6947027e-02   4.8150259e-01   3.2899335e-01  -1.4153828e-01   7.3317816e-02   3.0423544e-01  -2.6257766e-01   2.8280111e-01   2.6838121e-01  -1.8856403e-01  -1.6497832e-01   2.0072033e-02   6.7666605e-02   2.1663732e-01  -1.1995787e-01   6.8137964e-02   2.1138716e-01   5.5029022e-01   2.0700609e-01  -5.0422151e-02  -2.3906552e-01   1.4872206e-01   2.7156328e-01   7.3760507e-01   5.6714756e-01  -1.7294658e-01   1.5883131e-01   5.8496017e-02   1.1456453e-01   1.7778428e-01  -1.1850982e-01   1.1483688e-01   3.3568717e-01  -1.4521617e-02   4.7267807e-02   9.7865936e-02   6.3428109e-01
   8.8872442e-02   3.7812658e-01   2.0505548e-01   4.0544847e-01   0.0000000e+00   2.0660876e-01  -2.2230599e-01   1.3498945e-01   5.9225090e-01   3.4072463e-02  -7.3846138e-02   1.7166983e-01   1.0573395e-01  -6.7858318e-02  -2.9122850e-02  -3.9751837e-02   3.6894278e-01   3.9301408e-01   4.7227895e-01   7.8392738e-01   2.0677212e-01   3.3280268e-01   2.2020346e-02  -4.0100375e-01   1.1519908e-01  -1.3068584e-02   5.7724574e-01  -1.6334477e-01   1.9348344e-01   3.7396692e-01  -9.0450182e-02   2.5378784e-01  -8.8830839e-02  -3.5417178e-01   2.2532271e-01   7.6416514e-01   2.1601738e-01   6.1144177e-02   2.4000832e-01   2.5746171e-01   1.8820950e-01  -8.6517497e-02   4.7776607e-01  -2.3203775e-01   3.9936343e-01  -1.0614713e-01   3.5959427e-01   9.5472583e-02  -1.0126833e-01   1.4547608e-01   3.3773884e-01  -6.4870794e-02   2.5201965e-01   2.5902287e-01   1.6780210e-01  -3.1513830e-01  -1.2181608e-01   3.1871659e-01   9.9531353e-02   5.0891597e-01   2.4416379e-01   2.4559247e-01   5.2416590e-01  -1.2659223e-01   3.0684134e-01   4.0917556e-01   5.0170453e-01   3.9711497e-01   2.8618930e-01  -2.3596389e-01   1.4252630e-01   4.3309711e-01   1.8864587e-01  -2.4917887e-01  -1.0989973e-02  -1.2325433e-01  -6.4694063e-02   1.3697558e-01   6.9010921e-01   3.3873875e-01  -4.2679501e-01  -9.7945511e-02  -1.4554191e-01  -4.2485309e-02  -9.2061661e-02  -3.8367852e-01   6.1283240e-02  -3.6649940e-01   2.6613809e-01  -2.7140782e-01   6.5858923e-01   6.5916379e-02  -1.8498456e-02   6.6098972e-01  -1.1953773e-01   4.8385382e-01   5.0961754e-01   3.1133400e-01   2.3883078e-01  -3.1031042e-01  -1.9378180e-01  -4.0589600e-01  -1.1272292e-01   4.2375937e-01   6.7350177e-02   1.2679398e-01   2.0109162e-01   3.0219723e-01   2.1707483e-01   3.6470933e-01  -1.8315947e-01   2.5584325e-01   3.4904521e-01  -1.3030324e-01  -3.3800917e-01   5.0974373e-01   7.6787329e-02   2.7845132e-01  -1.1368033e-01   5.4442114e-01  -1.2058204e-01   5.2814054e-01   3.7701756e-01   1.2966555e-01  -2.6587637e-01  -2.4445416e-01   9.0176535e-02   1.5118706e-01   2.3206958e-01  -1.6993988e-01   3.5861297e-02   4.1222195e-01  -3.2832181e-02  -7.6937844e-02   6.5875866e-01  -2.8296432e-02   1.6955553e-01  -1.1399772e-01  -1.0867506e-01   2.9350598e-02   1.4298904e-02   1.6696714e-01  -1.1985588e-01  -2.5386357e-01  -5.1281732e-02   1.5611432e-01  -2.2029281e-01   6.2574293e-01   2.5905180e-01   2.6103885e-02  -2.6993642e-01  -2.6195814e-01   1.2337944e-01  -8.5979777e-02   3.1442437e-01  -7.1698954e-02  -1.2732851e-01   1.6292149e-01   2.3054127e-01  -3.3243803e-01   3.5281181e-01  -1.2951368e-01   5.2028803e-01   2.8737263e-01   5.8851998e-01  -1.1972470e-01  -2.1590582e-01   5.6987219e-03   6.1378913e-02   5.2893084e-01   3.1265805e-01  -8.3650022e-02   3.9303172e-01  -2.3274577e-01  -6.5322608e-02   1.1625383e-01   4.9628447e-01
   3.9157994e-02   1.0199505e-02   2.0904326e-01   1.5341630e-01   2.0660876e-01   0.0000000e+00   3.9729011e-01  -1.0124928e-02  -4.1282497e-02  -5.0559041e-02   2.6355283e-01   2.4464786e-01   1.0992159e-01   2.4082511e-01   9.9851131e-02   1.0984142e-01   1.7624559e-01   1.5439947e-01   4.2856708e-01   1.4784492e-01   4.0135391e-01   1.8241311e-01   4.5479093e-01  -1.7994699e-01  -4.7593999e-02   1.9025165e-01   3.9103290e-01   9.5332329e-02  -1.3401103e-01   3.5196234e-01  -8.3583111e-02   3.6683842e-02   4.8586371e-03   3.2619409e-01  -7.8365472e-02   3.0137540e-01   3.3299742e-01   4.6813704e-02   2.2943428e-01   3.0734081e-01   1.8572286e-01   2.0326564e-02  -9.5077535e-02   1.0131544e-01   7.7265432e-02   1.1079647e-01   4.1480987e-01   4.3809595e-01   1.1431768e-01  -7.2008790e-02   2.4234039e-01   8.5404047e-02   3.5709053e-01  -8.3706502e-02   9.6290459e-02   1.8238180e-01   4.7854772e-01  -1.6801014e-01   1.9196771e-01   7.1203734e-02  -1.4244107e-01   2.2694530e-01   1.6513814e-01   4.0528107e-02  -6.7621268e-02   2.4437323e-01   6.9977894e-01  -1.6541154e-01   4.7292778e-01   4.2868159e-01   1.9347947e-01  -2.7418623e-02   1.6324696e-01   1.9931827e-01  -1.9970126e-01  -2.4734256e-02  -8.7561982e-02  -5.5905475e-02  -1.8787916e-03   5.1582173e-02   2.0290997e-01  -4.7694114e-02   7.5671341e-02  -8.1253229e-02   1.0167151e-01   3.9795039e-02   9.7256219e-03  -8.5180254e-03  -1.0739570e-01  -1.2277484e-01  -6.3301619e-02   6.7434410e-03   2.7315412e-01   2.1424860e-01  -1.0915875e-02  -1.0580275e-01   9.4038749e-02   6.4980342e-02   1.8965281e-01   1.7960099e-01   9.4876507e-02   8.4935849e-02   3.3258452e-01  -8.9708692e-02   2.3743653e-01   6.0772230e-02  -7.4349811e-02   2.0161275e-01   4.2381727e-01   3.7514216e-01   2.3482028e-01   4.8222606e-02  -4.4477087e-02  -2.6195501e-02   9.6938724e-02  -6.5892310e-02   5.6197032e-02   4.7447153e-02   1.2512497e-01  -7.1856018e-02  -8.0518439e-02  -1.0198920e-01  -2.1218378e-01   1.0942582e-01   5.9313968e-02   1.6228066e-01   6.8199967e-03   9.0325323e-02   4.2717099e-02   3.1119044e-01   2.0293448e-01   1.7333212e-01   2.7027814e-01   6.8515967e-02  -6.4884057e-03  -6.7659212e-03  -7.7078111e-02   6.6697438e-02   2.2012485e-02   1.7680911e-02  -1.5184907e-01   5.1869018e-02   2.8162798e-01   2.2812766e-01  -2.8137850e-02   8.6549971e-02   9.9260008e-02   1.2855074e-01   4.3074035e-01  -2.6329492e-02   1.5898157e-01   1.5679452e-01   1.1995231e-01   9.7705384e-02   9.4541768e-02  -1.1398521e-01  -8.6226946e-04   2.1886140e-01  -1.6122666e-01   7.0867668e-02  -1.5290511e-01   8.5619446e-02   2.0878621e-01   2.0238432e-01   1.4203513e-01  -2.8879006e-02   6.1025463e-02  -3.9852086e-02   3.1442281e-03   2.5659167e-01  -1.2310608e-01  -1.1359624e-01   1.0219696e-01   3.2157905e-01  -3.0242162e-01  -1.6036558e-01   2.3515201e-01
   8.7439219e-02  -4.4144442e-01  -1.8125583e-01   2.1452573e-01  -2.2230599e-01   3.9729011e-01   0.0000000e+00   3.0561850e-03  -2.7210721e-01  -2.5647899e-01   4.3495734e-01   1.7130989e-01   8.7589492e-02   3.2513927e-01   3.0427083e-01   2.3146389e-01  -2.6370653e-01   2.8814248e-01   1.5571540e-01  -1.6196219e-01   4.4411099e-01   1.3889587e-01   6.8556241e-01  -1.4027499e-01  -1.6314125e-01   1.9424848e-01   4.4076116e-02   1.9642931e-01  -2.2026413e-01   2.6519932e-01   2.8993709e-02   1.7539258e-01   1.1565696e-01   5.7055217e-01  -1.6215562e-01   9.9898103e-02   3.4101580e-01   1.7024257e-01   6.8946930e-02  -2.4845794e-01   1.5926880e-01   4.3492480e-02  -4.4590456e-01   3.6979957e-01   2.1099217e-01   3.0926422e-01   3.8655355e-01   3.0784853e-01   1.7117418e-01  -5.1627251e-01   3.8330158e-01   2.6374435e-02   8.0852061e-02  -1.9016106e-01  -8.4250965e-02   5.1393124e-01   5.4592498e-01  -1.8840672e-01   4.2256347e-01  -2.3826220e-01  -1.8544630e-01   1.8136545e-01  -2.4891131e-01   1.2254878e-01  -5.3897411e-02   1.1915848e-01   2.8858919e-01  -4.1517491e-01   2.9984783e-01   4.6217449e-01  -2.1405408e-01  -9.5006417e-02   9.5465533e-02   1.7727661e-01  -1.7910357e-01   1.0345603e-01   4.3629880e-04  -7.5179672e-02  -3.3086559e-01  -1.2511157e-01   6.3327973e-01   1.1717763e-01   1.5206029e-01   6.9636562e-02   2.5094803e-01   4.9670948e-01  -1.1501711e-01   2.2664064e-01  -4.3302818e-01  -9.9295792e-02  -3.8468837e-01  -1.0515769e-01  -6.1326359e-02  -1.5106228e-01   1.9962541e-01  -2.9108079e-01  -8.2023577e-02  -2.0547495e-01   2.9114836e-01   6.0500181e-01   2.7312650e-01   4.5108669e-01   5.6143438e-01  -4.4598400e-01   6.1257611e-01   1.1744356e-01  -1.6415686e-01   2.9282864e-02   4.5782812e-01   2.4127492e-01   1.0426947e-01   5.3730040e-02  -2.1938609e-01   1.2298798e-01   2.8686486e-01  -3.4654715e-01   5.3452501e-02  -3.3395903e-02   5.9175974e-02  -7.8160926e-02   8.7529755e-02  -3.8235439e-01  -5.0026813e-01   8.9429508e-02   3.3944070e-01   3.4320060e-01   2.2909516e-01  -1.1417816e-01   1.2473311e-01   2.9852773e-01   1.7079299e-01   2.0486304e-01   2.8197943e-01   6.6062247e-02  -3.4922759e-01   9.1742898e-02  -1.4981741e-01   1.3528850e-01   6.2332605e-02  -4.6323827e-02  -1.7094218e-01  -5.6189077e-02   3.6986639e-01   3.3041063e-01   1.9944582e-01   2.5389077e-01   3.7687249e-02  -6.8865437e-02   3.7609065e-01  -4.5569931e-02   4.0385479e-01   4.6925155e-01  -3.2511446e-02   2.2593098e-01  -4.1818267e-01  -8.6165360e-02   2.4132669e-01   3.4760365e-01   8.1043028e-03   2.0543654e-01  -3.5305978e-01   2.2441531e-01  -1.1861652e-01   3.7438035e-01  -1.8765012e-01   6.3009237e-02   3.7743835e-01   1.7411040e-01   7.7671325e-02  -1.5067026e-01  -1.6475853e-01   8.7171795e-03   1.8381168e-01   3.7493051e-01  -9.9479723e-02  -1.7986702e-01  -5.4142045e-02
   2.8504856e-01   6.2108030e-02   2.7731050e-02   3.6816969e-01   1.3498945e-01  -1.0124928e-02   3.0561850e-03   0.0000000e+00   2.8649062e-01  -7.5280248e-03   3.1854661e-01  -3.4810982e-02   2.9361187e-01  -1.4074262e-01   3.4541390e-02   3.8204859e-01   6.3418156e-02   4.0512036e-01   1.5235782e-01   1.5567119e-01   4.1989216e-02   5.5288339e-01   7.4742662e-02  -1.3069274e-01  -1.4297517e-02   5.1595016e-01   1.8260426e-01   1.4186953e-01   4.9868080e-02   3.4536208e-01   6.4921357e-02   5.0002602e-01   1.6988433e-01  -1.0648126e-01   1.0298751e-01   2.5325228e-01   8.0582093e-02   1.6623898e-01   4.0754754e-01  -3.5693086e-02   1.2791865e-01   9.2946598e-02   2.3861430e-01   1.0324147e-01   1.1010935e-02   6.7684245e-02   2.6666029e-01   9.9876346e-02   2.7116216e-02  -1.0777356e-01   4.0657899e-01   6.4747499e-01   2.0923974e-01   3.1217324e-01  -1.2366649e-01   3.0911885e-02   2.1162143e-01   3.3430540e-01   4.7360955e-01   4.1540682e-01   2.9234189e-01   1.5856832e-01   2.0732036e-01  -3.9126354e-03  -6.4614264e-02   6.6450692e-02   8.3854224e-02  -6.8468226e-02   3.4472023e-01  -5.6219780e-02   7.7448949e-02   2.5028617e-02   4.1353732e-01   1.2745208e-02   1.4586299e-01   4.8691712e-01   8.1727745e-02   5.0363199e-01   2.0336404e-01   2.8862038e-01  -1.3844507e-02   1.0307175e-01  -1.7229937e-01   1.2493388e-01  -1.7514288e-01   4.2036691e-01  -2.0950408e-02  -6.5395344e-02  -9.5576735e-02   1.5639372e-01   2.1155815e-01  -1.6051581e-01   4.7448351e-02   3.5416912e-01   1.1587422e-01   7.9142303e-02   2.3973519e-01   4.5991896e-01   1.1004837e-01  -1.5075400e-01  -1.7359139e-01   2.6156691e-01   2.9489030e-01   2.6358901e-01   1.6860179e-01   5.8162602e-01   1.7218146e-01   6.1155247e-01   7.7482035e-02   2.5008029e-01  -2.9515517e-02   4.7707357e-01   4.5380407e-02   3.2792355e-01  -1.8511951e-01   1.8575167e-01   3.5713650e-01   3.6168434e-01  -1.9127529e-01   1.2052938e-01  -1.6717479e-01   2.7188050e-01   1.1633552e-02   2.1120408e-03  -5.4238216e-02  -9.2522662e-03  -4.0946908e-02   9.1806351e-02   5.2151105e-01  -2.5635775e-01   7.6159307e-02   2.1599041e-01   4.8800254e-02  -6.6960130e-02   1.5340006e-01   5.6306144e-01   2.6921311e-01  -2.2367374e-01   4.8942082e-01   2.9089398e-01  -5.4336433e-02   1.8237844e-02   5.5237795e-01  -1.5527801e-01  -3.2030111e-02   3.2590003e-01   2.8785961e-02   1.5801716e-01   1.6171661e-01  -2.9015205e-01  -5.5191310e-02  -6.7297198e-02   9.1500762e-02   1.5387630e-01   5.0700028e-03   1.2865563e-01   1.4370712e-01   4.0781014e-01   1.1482107e-01   3.4869671e-01  -8.4202362e-02   3.8717866e-01  -9.2309795e-02   1.6100106e-01   4.7838674e-01   1.1366478e-01   2.0375946e-01  -8.1768490e-02  -5.5771099e-02   2.3179288e-01   1.3458797e-01  -8.2610876e-02   1.9866833e-02  -1.4410244e-01   1.7424204e-01  -5.6602789e-02   6.0694054e-01
   2.0770519e-01   4.8892666e-01   1.1193150e-01   4.6734014e-01   5.9225090e-01  -4.1282497e-02  -2.7210721e-01   2.8649062e-01   0.0000000e+00   1.2523964e-01  -8.1350083e-02   2.3614508e-01   1.6278008e-01  -2.5046058e-02   1.8304091e-01   2.9786673e-02   2.6032509e-01   4.2676055e-01   2.6057755e-01   6.7238055e-01  -4.5867259e-02   3.9585899e-01  -1.8895493e-02  -2.9797477e-01  -7.2809755e-02   2.4378876e-01   4.3332651e-01  -1.1072081e-01   2.9946149e-01   3.0753678e-01   5.6477778e-02   3.9622406e-01  -7.5063615e-02  -3.1796344e-01   6.2617720e-01   5.2546877e-01  -1.3889045e-01   1.1474942e-02   2.8373066e-01   2.2444866e-01   7.7630857e-02   1.3078331e-02   6.5058195e-01  -3.1210632e-01   4.2495319e-01  -8.5887766e-02   1.3517374e-01   2.1336704e-01  -1.5677386e-01   1.3651334e-01   2.3859601e-01   1.0687012e-01   1.6045951e-01   3.8108508e-01   1.0224640e-01  -4.0034169e-01  -1.8317653e-01   3.4783898e-01   3.0900242e-01   7.2236565e-01   3.0545644e-01   2.3325744e-01   5.8535834e-01   9.7901721e-02   4.6218713e-01   3.3477558e-01   2.5976933e-01   1.8689938e-01   5.9019404e-02  -3.4320410e-01   1.4334924e-01   2.4486246e-01   8.0100830e-02  -2.6619775e-01   1.6960202e-01   9.8919658e-02  -4.8372926e-02   2.0967370e-01   7.4365337e-01   5.0193524e-01  -4.5965207e-01   3.3443714e-02  -2.2777631e-01  -6.7196492e-03  -2.5137000e-01  -1.3846219e-01   3.2227146e-01  -3.2427026e-01   2.0186897e-01  -8.8632453e-02   6.8492294e-01   7.8667082e-02   3.2183071e-03   7.5961879e-01  -3.9651306e-02   5.2416371e-01   2.7628805e-01   3.7596066e-01   4.0692725e-02  -3.2377930e-01  -3.2749057e-01  -3.3740209e-01  -1.1989197e-01   6.2282692e-01   7.3175348e-02   3.8634653e-01   3.0912325e-01   3.7824203e-01  -1.3714632e-01   1.8925185e-01  -1.3955684e-01   2.4728643e-01   2.2607096e-01   4.5145841e-02  -3.2147824e-01   6.2019786e-01   2.9080232e-01   2.8225626e-01  -3.2488718e-01   5.8746655e-01   1.2079931e-02   6.5064278e-01   3.5624743e-01   2.5022142e-01  -1.6453884e-01  -1.1399998e-01   3.6741618e-01   3.2526255e-01   3.6556593e-01  -3.3237312e-01   4.3704160e-02   3.5936477e-01  -9.3636375e-02  -5.4798455e-02   6.3527565e-01   1.3808764e-01   3.8857486e-01  -1.7449409e-01   6.4154833e-03  -4.9145915e-02   2.2089414e-01   2.0727560e-01   7.5687708e-03  -4.1712275e-01   1.7186239e-01   3.9252817e-01   5.5609667e-03   4.9718732e-01   9.8008685e-02   5.5944530e-02  -3.1928746e-01  -3.2220334e-01   2.2149161e-01   2.4684632e-01   3.2199844e-01   1.3356278e-01  -1.3011260e-02   3.8494214e-01   2.6012885e-01  -2.5853337e-01   1.5882470e-01  -5.5573713e-02   2.5797848e-01   3.6714322e-01   5.9835333e-01   2.4990672e-02   5.0452583e-02  -6.4079334e-02   3.4043390e-02   3.5906019e-01   3.9872462e-01  -1.8709483e-01   3.5148393e-01  -4.2278173e-01   5.6905252e-02   1.3527414e-01   4.8865192e-01
  -5.2328843e-02   4.2540066e-01   2.9512670e-01  -1.2526240e-01   3.4072463e-02  -5.0559041e-02  -2.5647899e-01  -7.5280248e-03   1.2523964e-01   0.0000000e+00  -3.2382909e-01   5.6715035e-02   2.0109196e-01  -2.9656691e-01   1.6826106e-01  -1.9183229e-01   3.3326129e-01  -3.2044785e-01  -3.5164141e-02   1.8069496e-01  -1.0362553e-01  -1.4511941e-01  -1.6379183e-01  -1.3474958e-02  -1.0085560e-01   7.4673849e-02  -3.1318588e-02   8.6991781e-02  -6.1155987e-02  -2.7538879e-01   5.0751330e-01  -1.9875447e-01  -1.1553612e-01   2.8295109e-01   4.0704862e-01  -1.5966712e-02  -2.9285007e-01  -1.3209119e-01   3.1488255e-02   4.1389523e-01   2.8418896e-02  -5.1135937e-02   3.3208930e-01  -1.2473193e-01  -1.1061081e-03  -3.4315827e-01  -3.4764496e-01   1.5480043e-01  -1.1660004e-01   3.0964124e-01  -3.4692106e-01   6.2389265e-02   3.4519916e-01   1.1261632e-01   2.0340215e-01  -1.9531457e-01  -3.1687232e-01  -3.4902815e-01  -1.1997130e-01   8.1536352e-03  -4.7870399e-02  -4.2118629e-02   1.3737665e-01   4.2520840e-01   2.1291240e-01   2.3294152e-01  -1.0526038e-01  -3.2161381e-02  -3.2989249e-01  -2.8932348e-01   5.6056316e-01  -2.1542511e-01  -2.5723513e-02  -7.5287649e-02  -3.8133550e-02  -3.5582884e-01  -2.3256154e-01   1.0360396e-01   1.7116399e-01   9.7976511e-02  -1.6282198e-01  -1.1316151e-01   1.4120655e-01  -6.5635085e-02   2.8178145e-02  -3.7089621e-01   3.7247476e-01  -6.0208398e-02   8.3244707e-02   5.0320953e-02   2.5078596e-01   2.9175138e-02   5.2845795e-01   3.3547412e-02  -2.9057533e-01   3.0641166e-01  -1.7499852e-01   1.2274543e-01  -8.2668285e-02   2.4277224e-01   1.5613811e-02   1.4484729e-02  -2.1688104e-01   1.5606537e-01  -3.5046108e-01  -1.6121957e-01   3.6241122e-01  -1.8354016e-01  -3.9181277e-01  -2.0406953e-01   5.0797746e-01  -3.4280622e-01  -1.0393377e-01  -5.8933908e-02   1.2147182e-01   3.2373090e-01   1.0559863e-01   5.2117212e-02   4.0997804e-02  -1.2779121e-01  -2.9589123e-01   3.8909500e-01  -6.4802226e-03   1.8715623e-01  -2.2919222e-01  -3.8617162e-02   1.7939477e-01   6.8834348e-02  -3.5139860e-01  -3.5127823e-02  -4.2467059e-02   1.3802236e-01  -2.6100182e-01   4.7340380e-01   8.7744403e-03  -3.8811058e-01   1.8520698e-01   2.3750997e-01  -2.2955100e-01  -2.7140688e-01   2.5529493e-01   8.0053949e-02  -2.3136653e-01  -3.2170800e-02   2.7666319e-01   2.1216405e-02   6.3935692e-01  -7.7111120e-02  -2.5070606e-01   4.6973814e-01  -5.9995608e-02  -1.4144083e-01   1.9108311e-01  -1.0732225e-01   4.4115408e-01  -1.3371673e-01  -3.0352777e-01  -2.0448402e-02   1.5046114e-01  -6.1859623e-02  -5.8834699e-02  -3.1421113e-01   2.7613323e-01  -2.5308162e-01  -7.5077792e-03   6.4963066e-01  -8.7162756e-02   4.2301413e-03   1.4713472e-01   3.4582039e-01   2.4442288e-01  -3.6491625e-01  -1.1599888e-01  -3.0669688e-01  -3.6172942e-02   1.1280320e-01  -1.1889097e-01
   1.0977714e-01  -3.9909489e-01  -6.0577993e-02   3.8156208e-01  -7.3846138e-02   2.6355283e-01   4.3495734e-01   3.1854661e-01  -8.1350083e-02  -3.2382909e-01   0.0000000e+00  -4.6941080e-02   2.5199981e-01   1.8233748e-02  -1.3905590e-01   1.0433532e-01  -1.0603499e-01   4.3131972e-01   1.8323074e-01  -4.1703148e-02   4.7469392e-01   3.2426100e-01   4.5898162e-01  -1.5015776e-01  -2.1991513e-01   1.7932036e-01   1.5958870e-01  -4.3717099e-02  -2.0889880e-01   4.3958453e-01  -3.6397735e-01   4.2066380e-01  -1.8664081e-01   8.5124605e-02  -2.7137143e-01   1.0483911e-01   3.3175392e-01   1.4011509e-01   8.7004182e-02  -2.5353627e-01   2.2304878e-01  -2.4293137e-01  -3.1436455e-01   4.7949423e-01   4.6089468e-02   3.5268858e-01   5.7107228e-01   1.0817636e-01   2.6276599e-01  -2.3955089e-01   5.8300039e-01   1.9869981e-01  -1.7474681e-02  -2.7127641e-01  -2.3767254e-01   5.5325833e-01   5.2205870e-01   2.6470240e-01   2.2349751e-01  -1.1096328e-01  -1.3408625e-02  -4.1897538e-02  -1.1053788e-01  -2.0975907e-01  -1.5268578e-01   1.3971645e-01   2.3840782e-01  -3.2116320e-01   5.9041184e-01   3.7141616e-01  -2.8900036e-01   9.3932163e-02   1.1278662e-01   1.5596522e-02  -3.0108275e-01   4.3835496e-01   2.3797272e-01   6.1178183e-02  -1.5217015e-01  -1.2320481e-01   3.8325227e-01   1.3536034e-03  -1.6072780e-01  -4.0127954e-02   8.7499483e-02   5.4610925e-01  -3.6289802e-01  -1.8972087e-02  -3.1952210e-01  -7.1775884e-02  -2.1515949e-01  -1.5987708e-01  -1.9044910e-01   6.2399099e-02   2.4506071e-01  -1.6867049e-01  -1.0765828e-01  -5.9133670e-02   1.9167843e-01  -2.9294739e-02   4.8741962e-02   4.3023108e-01   5.2373885e-01  -3.1087611e-01   4.2894497e-01   3.6854406e-01  -2.8410919e-01   4.0090977e-01   4.0067895e-01   4.5402405e-01  -9.9951395e-02   3.4788196e-01   3.6633462e-02   1.3812208e-01  -1.2369114e-01  -2.9489385e-01   1.4700846e-01   1.5111401e-01   1.4731646e-02   1.1883737e-01   1.4790372e-01  -2.6282062e-01  -3.3957491e-01  -1.5574712e-01   1.5171414e-01  -2.1340410e-02  -1.8915839e-01  -1.6516208e-01   5.1206330e-01   1.7474445e-01   3.8410015e-01   3.8216708e-02   1.5945670e-01  -2.5453251e-01  -4.8621949e-02   4.8091075e-01  -3.6882474e-01  -1.7856946e-01   3.9368929e-01   1.5328645e-01  -1.0245813e-01   2.7451561e-01   6.9012085e-01   2.0891447e-01  -2.3031246e-01   8.3581916e-02  -3.6260614e-01   1.5674426e-01   5.4660279e-01  -4.0631104e-01   1.8706609e-02   2.2005188e-01  -2.2422006e-01   2.9156504e-01  -3.0593186e-01   1.2206915e-01   2.9724233e-01   2.9639460e-01  -1.5458704e-01   2.7938460e-01  -2.6819720e-01   6.5677689e-01  -1.1676468e-01   4.1135109e-01   1.4019264e-01  -2.3636622e-01   2.9556523e-01   1.6831557e-01  -6.0403250e-02  -1.2985234e-01  -2.4031514e-01   1.7356974e-01   7.5877474e-02   3.8534308e-01  -9.6912488e-02  -2.2338633e-01   1.6177732e-01
   9.0470108e-02   4.3100004e-01   1.8962508e-01   9.6683715e-02   1.7166983e-01   2.4464786e-01   1.7130989e-01  -3.4810982e-02   2.3614508e-01   5.6715035e-02  -4.6941080e-02   0.0000000e+00  -1.4770378e-01   2.6769396e-01   5.5898506e-01   3.5428533e-03   1.5588913e-01   1.7700171e-01   1.1991322e-01   2.1845095e-01  -6.6531741e-02   1.5862426e-01   2.8109721e-02  -4.0834434e-02  -8.7838758e-02  -1.5735224e-01   6.4027140e-02  -2.5005866e-02  -1.9764318e-01   2.9390081e-01   1.8572394e-01  -2.9098223e-03   4.3214100e-02   1.8861346e-01   4.3167621e-01   2.2317271e-01  -3.9769694e-02   5.8716420e-02  -3.0995766e-02  -1.3064647e-01  -7.7158275e-02   5.2891681e-02   2.8477772e-01  -1.1368066e-01   3.4616216e-01   2.0018068e-01   1.8364709e-01   3.3426542e-01  -1.4310881e-01   2.8818353e-02   2.6408125e-01  -1.2695071e-01   1.4117847e-01   2.4447358e-01   1.5442805e-01  -1.2797715e-01   1.4794992e-01  -1.5059826e-01   2.1384101e-01   3.9219949e-01   1.7006217e-01   3.5370006e-01   1.0360163e-01  -1.6230652e-03   2.5896325e-01   1.2847634e-01   3.5902177e-01  -1.5225844e-01  -5.8581703e-02   5.0119123e-02   1.4070022e-01   2.6877022e-02   9.4057161e-02   2.9591672e-01   6.7590617e-03  -1.2805405e-01   6.9439175e-02  -1.4404059e-01   3.0562936e-01   1.5046132e-01  -1.3500038e-01   3.0057521e-01   8.0444092e-02   1.8546222e-02   2.1223651e-01   1.3111983e-01   5.9246584e-02   7.8032534e-02   7.3451421e-02   1.2588853e-01   2.2660257e-01   6.7929613e-03   2.4207303e-01   2.3248146e-01   7.6279883e-03   7.5625668e-03  -1.6872250e-04   3.5863974e-02   7.3119353e-02  -9.6269903e-03   1.8973893e-01   6.9350458e-02   1.8101453e-01   1.0658588e-01   1.4150163e-02   6.7743852e-02   2.3009480e-01  -1.2338410e-01  -8.4478782e-02   1.8791084e-01   1.0140511e-01   3.7284087e-02   2.1222184e-02   1.3763347e-01   6.6567538e-02   3.1913921e-01  -1.9279007e-01   1.4892782e-01   1.4327534e-02   1.3228218e-01   7.6365038e-02   2.1616636e-01  -2.7304094e-02   1.3550812e-01   9.8901554e-02   3.8020359e-01   4.2240636e-01  -2.5695244e-02  -1.0693481e-01   2.6459670e-02  -8.9426408e-02   2.1573960e-01   2.2827127e-01   1.1902270e-01   8.5312997e-02  -3.2051340e-02   6.8684842e-02  -1.9415167e-02   1.0591739e-01  -4.6453189e-02   3.0951894e-01   1.1804611e-01  -8.4055161e-02   1.4971478e-01   4.0908748e-01   2.2136740e-01   1.7612262e-01   1.6365749e-01   2.3008890e-01  -4.7795282e-03   1.4583155e-01  -1.7052983e-02   2.4739149e-01  -2.1450409e-02   1.8971874e-01   8.5873120e-02   1.0237355e-02   1.7483423e-01   7.8434248e-02  -1.0444990e-01  -1.4109577e-01  -2.5564637e-01   3.4083648e-02   2.0367615e-01   1.0498770e-01   1.2294039e-01   8.7447379e-03  -1.8819905e-01   2.6768120e-01   2.0511580e-01   1.1978315e-01  -1.7508141e-01   2.1528458e-01   1.3049196e-01   1.5582151e-02  -1.7166222e-02   6.2996528e-02
   2.2189382e-01  -9.7448644e-02   7.1710500e-02   4.0928965e-01   1.0573395e-01   1.0992159e-01   8.7589492e-02   2.9361187e-01   1.6278008e-01   2.0109196e-01   2.5199981e-01  -1.4770378e-01   0.0000000e+00  -2.5324042e-01  -3.3197470e-02   9.7892946e-02   9.9388488e-02   1.6395350e-01   1.2687034e-03   1.9206165e-01   2.7150364e-01   2.9142178e-01   3.3935714e-01  -3.1297834e-02  -2.7682105e-01   1.6997106e-01   2.3550865e-01   2.2074843e-02   2.7552083e-02   5.4551250e-02   1.6541893e-03   3.7248138e-01  -2.4214534e-01   1.4437320e-01  -3.5563626e-02   2.1531680e-01   1.4627779e-01   2.8071069e-01   2.3160319e-01   8.7916643e-02   6.5343552e-01  -8.8620114e-02   2.7955552e-02   3.2057467e-02  -7.5655772e-02   1.5632894e-01   7.9519793e-02   6.0619557e-02   3.2929684e-01  -3.0438289e-02   1.8013803e-01   1.3640439e-01   4.1710146e-02  -1.8267760e-01  -8.5448489e-02  -6.0792191e-02   1.2351883e-02   1.6737856e-01   2.5564580e-01   8.9990931e-02   1.5821692e-01  -1.5314020e-01   5.5488011e-02  -2.4565606e-02  -7.4187285e-02   2.1847896e-01   1.9486672e-01  -2.8517414e-01   1.7375295e-01   1.8296789e-02   1.0503062e-01  -1.5642451e-01   2.0662864e-01  -1.5842256e-01  -3.3348085e-01   1.3265482e-01   1.2845397e-01   2.9076157e-01  -1.4392239e-02   3.3940272e-02   9.7351176e-02  -7.8367165e-02  -1.3961161e-01  -7.9450125e-02  -1.4487908e-01   1.4205231e-01  -1.7001804e-02   1.7871493e-02  -3.3326679e-01   4.1657905e-03  -1.8223015e-02  -6.2385708e-02   7.2615203e-02   1.2781959e-01   2.3923021e-01   8.8070671e-03  -4.3979390e-02   6.0355932e-02   3.1737995e-01   1.0557309e-01  -2.0542177e-01   1.2402684e-01   2.0521111e-01   8.6275973e-02   2.5581951e-01   3.0057587e-01   1.0540221e-02   2.8198897e-01   1.2465246e-01   2.4527650e-02   9.3076667e-02   2.2592385e-01  -1.4449167e-01   1.4974488e-01  -7.4869990e-02  -7.4240198e-02   2.5448100e-01   6.2011154e-01  -1.8567200e-01   1.3993269e-01   1.4078397e-01   3.8529965e-02  -3.9844901e-01   9.8744984e-02   1.0207771e-01  -2.5660810e-02  -1.2240927e-02  -7.0823432e-02   3.0546742e-01   2.4296591e-02   4.0726818e-01   1.8895600e-01  -2.8844003e-02  -1.3675973e-02   8.9769157e-02   2.0003947e-01  -7.2067571e-02  -8.5331731e-02   1.9921421e-01   2.0594897e-01   1.6049429e-02   3.1134392e-01   2.6227225e-01  -1.9621320e-01  -8.3811985e-02   1.1674287e-01  -6.4657633e-02   1.1866029e-01   2.1754625e-01   3.8635298e-02  -1.3856004e-01  -1.0965657e-02  -8.7432364e-02  -1.3242893e-02  -7.5926264e-02   1.7702543e-01   2.0894222e-01   4.1533439e-01  -8.0944602e-02   1.7831189e-01  -2.6398934e-01   2.2087752e-01   2.8396701e-01   3.2547917e-01   1.7281179e-01   1.3403769e-01  -1.2225669e-03   9.5349294e-03  -1.2188470e-01   1.4775593e-01   1.4031471e-02   1.1837397e-01   4.1769849e-02  -2.7804414e-01  -8.4952265e-02  -1.0335567e-01   2.5926527e-01
   1.1004163e-01  -4.3331592e-02   4.1595426e-02   1.3346728e-01  -6.7858318e-02   2.4082511e-01   3.2513927e-01  -1.4074262e-01  -2.5046058e-02  -2.9656691e-01   1.8233748e-02   2.6769396e-01  -2.5324042e-01   0.0000000e+00   7.0721785e-02   1.2795345e-01   6.8538275e-03   3.1018521e-02  -1.6436874e-02  -1.2278541e-01  -2.4612642e-02   1.6001734e-01   8.5729632e-02  -4.7058051e-02   5.3761377e-02   3.9212385e-02  -3.9994842e-02   1.5440646e-01  -2.0512072e-01   2.2304595e-01   1.2801203e-01   7.2460771e-02   2.7509647e-01  -2.6681096e-04   5.8582681e-02   6.5636602e-02  -2.8487211e-02  -2.2223927e-02  -1.6888914e-01  -2.0039049e-01  -2.2660455e-01   8.0815902e-02  -3.1744004e-02   1.6977427e-01   1.4072664e-01   1.8457349e-01   2.6616464e-02   6.3685559e-02   8.2339937e-02  -1.9288169e-01   7.8235248e-05   3.0557847e-02  -7.3372136e-02   7.2163534e-02   1.7742217e-01   2.6859799e-01   3.2056021e-01  -3.6655907e-02   1.8197608e-01   8.7421005e-02  -4.8274601e-02   2.0285730e-01  -8.0418842e-02   9.3925299e-02   1.3496611e-01  -1.1264761e-01   1.5281515e-01  -2.6921387e-01   9.8707637e-02   2.8403551e-01  -3.1637987e-02  -1.5134350e-01  -7.5921726e-02   4.7317859e-01   8.5846725e-02  -4.2093174e-02  -5.2769960e-02  -6.3813417e-02  -1.1489352e-01   9.6115740e-02   2.8287302e-01   2.1761789e-02   3.6179915e-01   3.0986676e-01   4.0628381e-01   7.5263367e-02   2.7913401e-01   3.6897179e-01  -2.1895537e-01   7.4463328e-02  -4.3192975e-02   1.7105711e-01  -7.2711138e-02   4.6278310e-02  -3.1480103e-02  -3.6421140e-01  -9.3566550e-02  -5.5994944e-02  -2.9505665e-02   3.7994350e-02   4.6817237e-01   5.8834328e-02   4.3872001e-01   1.2163955e-01   1.5627472e-01   7.9145231e-02   4.0816324e-02  -3.3734669e-02   2.0871165e-01  -6.6863992e-02   8.4787611e-02   4.7410418e-02  -1.3919410e-01  -1.8805484e-02   2.9138885e-01  -1.4592565e-01   8.9803074e-03  -1.0217996e-01   2.6815558e-01   1.2592488e-01   6.6128277e-02  -1.6005611e-01  -6.4787236e-02   3.2974404e-01   1.6595725e-01   5.1777561e-01   2.9353953e-01  -9.6905042e-02  -1.2029246e-01   2.7878745e-01  -1.7188914e-02   1.0192648e-02   4.7302756e-01   6.6895702e-03  -1.4609570e-01  -1.0092528e-01  -2.7579412e-02   3.1437638e-01  -1.4408834e-01   7.2612441e-02   1.2094014e-01   6.5507129e-02  -9.1948778e-02   3.7668434e-01   2.7607030e-01   2.4439815e-01  -8.1428824e-02  -1.6525777e-01  -1.1977384e-01  -5.5238063e-02   3.8210045e-01   4.3168652e-01   1.2916964e-01   1.8547658e-01   2.6221471e-03  -5.1380015e-02   1.1088006e-01   6.0038672e-02   4.5478224e-02   8.6223144e-02  -2.8143261e-01  -8.0315647e-02  -1.5797297e-01   2.1833340e-01   9.8529545e-03  -1.7498660e-01   6.6249510e-02   1.2259520e-01   2.1115289e-01  -1.1759246e-01  -1.7260945e-01  -1.2566411e-02  -1.0690699e-01   4.2052514e-01  -1.1322929e-02   2.6442719e-02   2.7085885e-02
