   0.0000000e+00  -1.4683242e-01  -2.3567069e-01   4.8644636e-02  -2.0465007e-01  -2.2917666e-01  -1.7455325e-02  -1.1657155e-01   3.3289746e-02  -1.7895342e-01  -3.9382131e-02  -9.2359648e-02  -1.3748042e-01   3.0167398e-01  -1.4164138e-01  -1.6852767e-01  -1.8630293e-01  -1.1176300e-01   1.7566227e-02  -1.1270801e-01  -2.2375122e-02   2.0732538e-01  -8.1569229e-02   4.1178886e-01   4.9390011e-02  -5.8222906e-02  -8.7978596e-02   9.0552078e-03  -3.8195302e-02   3.0604706e-01  -6.9713370e-02  -4.7641429e-02  -4.9126096e-03  -1.6832768e-01   2.1744749e-01  -2.4737955e-01  -1.4155020e-01   3.5003598e-01  -5.5818241e-02  -2.9642286e-01  -1.3002094e-01  -4.0321051e-02  -3.1072739e-02  -6.1732799e-02   1.3397001e-01   1.8938405e-01   5.4604175e-03  -2.7386100e-01   2.5411640e-02  -1.8499597e-01   1.1709108e-01  -1.3162974e-02  -5.5554673e-02   7.2723731e-02   2.8051249e-01   1.0899038e-01  -4.2732157e-02   1.9765583e-01  -6.8216711e-02   2.2545042e-01   6.3891153e-02  -1.7903542e-01   1.3379257e-01  -1.1127113e-01  -2.5166859e-02  -2.2848143e-03  -1.6726765e-01  -3.9446360e-02  -1.0816645e-01  -2.6819654e-01  -8.0190960e-02   1.3010553e-01  -1.4356290e-01   2.6770593e-01   3.3956013e-03   1.6786075e-02   6.6834153e-02   1.9072298e-02  -2.0267187e-01   2.0836513e-01  -7.6390695e-02  -6.3205276e-02  -1.8737498e-01  -1.2299559e-03  -1.3242437e-01   2.2091290e-02   5.6216774e-03   1.3377606e-01  -3.1563835e-02   4.0332746e-01  -2.3622295e-02   1.2416168e-01  -2.8735844e-01   2.4653557e-01   3.0808427e-01  -6.9356334e-02   2.1947341e-01  -1.2779295e-01   7.5100943e-02   9.1701166e-02  -1.2413872e-01   2.3089474e-01   4.8966640e-03   2.4141043e-01   1.6555759e-01   1.3941251e-01  -2.8103224e-02  -1.8442865e-01  -7.6963670e-02  -3.1358488e-01  -2.7078743e-01   8.9764052e-02   1.3453191e-01   4.4989337e-01  -7.9378457e-02  -1.2758514e-01  -1.8143411e-01  -3.7231614e-02  -8.9822892e-02   1.0657453e-01   2.1992727e-01  -1.2433704e-01   4.1484933e-02   1.0055886e-01   4.3553059e-01  -9.0942369e-03   5.8172172e-02   1.2435956e-01   1.2732733e-01  -1.9589685e-01  -9.3023969e-02  -1.4423972e-01   8.4938365e-02  -2.8712060e-01   1.9673944e-01  -5.8727066e-02   1.4107751e-02  -3.0390680e-02  -2.8923024e-01   2.9266438e-01   3.5335084e-01  -1.4866949e-01   1.2961087e-01  -2.2306420e-01   1.2468880e-01  -1.4697978e-01  -2.6182609e-01  -1.9791415e-01  -1.8740062e-01  -4.0692249e-02  -9.8405740e-03  -6.3889381e-02   1.2358692e-01  -2.5070798e-01  -2.8182574e-01   3.7843102e-01   3.2798770e-01   8.1135988e-02   8.6328202e-02  -2.3740593e-01   1.1845237e-01   1.2358680e-02  -2.5865324e-01   8.3493694e-02   2.7701344e-02  -1.7260615e-01  -4.7839841e-02   1.6102386e-03   3.2112744e-01  -5.1004977e-01  -1.1744887e-01   1.9374570e-01   6.8521172e-02  -1.5525550e-01   1.1399037e-01   1.4597025e-01   1.3537005e-01
  -1.4683242e-01   0.0000000e+00   1.4455999e-01  -2.2490603e-02   2.5336241e-01  -5.2421109e-02  -1.3756542e-01  -1.5968890e-03   4.3829685e-01  -8.5574325e-02  -3.6710266e-01   5.3784281e-01  -4.5999339e-02  -2.2971050e-01  -3.6868333e-01   1.8592476e-01   2.3048147e-01  -1.1403287e-01   1.7761020e-01   5.7635022e-02  -4.2272900e-01   1.8117221e-01  -4.8937472e-01  -4.8681749e-02  -2.6332289e-01  -1.4208382e-01   1.9005003e-01  -2.6170571e-01   6.8376642e-02   2.1712973e-02  -2.5041967e-01   9.9197264e-03   9.7190920e-03  -7.2957737e-03   4.1496216e-01  -2.5644382e-01  -7.3242855e-02  -1.0761791e-01   1.5774022e-01   2.4190540e-01  -9.1761328e-02  -1.4036691e-01   5.1094934e-01  -1.3850598e-01   2.4158404e-01  -1.2061008e-01  -3.7291550e-01  -2.3794203e-01  -2.2032215e-01   1.6771392e-01  -2.8734333e-01  -1.6489217e-02   5.8646175e-01   7.5296548e-02   1.2384181e-01  -3.4446902e-01   9.5143905e-02   6.9463042e-02   7.4776611e-02   2.8917183e-01   4.1223512e-02  -9.1936676e-04   3.2576037e-01   1.5709321e-01   4.8565893e-01   4.4084516e-02   1.7884993e-01   3.1385357e-01  -2.3421308e-01  -7.9476187e-02   3.3020391e-01  -4.1883848e-01   1.8868059e-01  -1.4162715e-01   2.2024752e-01   1.5159875e-01  -1.4494789e-02  -1.3720504e-01   5.3558251e-01   1.7079957e-01  -5.1296473e-01   6.5439105e-02  -3.3100518e-01  -3.9389449e-02  -1.2181434e-01   8.8325012e-02   5.6846576e-01  -2.5959613e-01   3.3825257e-01  -4.6437803e-02   4.7674143e-01  -3.2799737e-02   8.1799856e-02   1.5593922e-01   1.8636778e-02   6.5101015e-02  -1.8552616e-02  -4.7551318e-02   1.1270692e-01  -3.7763191e-01  -3.8512437e-01  -1.3089950e-01  -2.9746062e-01   5.0015510e-01  -1.9216870e-01   6.2105795e-02   9.3246589e-02   9.5400367e-02   7.6953900e-02  -2.0859923e-01  -5.0786814e-02  -4.6480052e-02  -3.7776848e-02  -3.3510247e-02  -3.4921865e-01   4.6274337e-01  -1.6251493e-01  -9.7206381e-02  -3.1978642e-01  -1.1794995e-01  -5.0179051e-02   3.1551651e-01   3.2585832e-01   4.6250248e-01  -2.9684808e-02  -2.7923285e-01   1.6893400e-01   1.1318686e-01   1.3976232e-01   2.1907588e-01   5.8711053e-02  -2.6428265e-02   2.9076597e-02  -7.8883950e-02   2.9556384e-01   1.2225981e-01   2.0505318e-01  -3.0536667e-01   1.6565412e-01   1.3219779e-01  -7.9765945e-02   1.2974700e-01  -3.3988390e-02  -2.2368408e-01  -9.8909397e-02  -3.4321357e-01   3.7625467e-01   3.1904205e-02  -2.2721536e-01   1.1325508e-01  -3.7683982e-01  -2.5053735e-01  -2.7056628e-01   2.2228667e-02   5.5219882e-01   1.9477043e-01  -1.1245573e-01  -4.6422433e-02   2.2819670e-02  -3.4269364e-01   2.6124196e-01  -1.9525303e-01   8.0063401e-03  -1.3534326e-01   1.5337705e-01   3.4519066e-01   5.6891824e-03  -6.2001599e-02  -1.5105345e-01   3.5505950e-01   3.9858438e-01   1.9873918e-02   4.3188636e-02  -1.2945901e-01  -2.2863322e-02   1.7539581e-01   2.0952672e-01
  -2.3567069e-01   1.4455999e-01   0.0000000e+00   1.9318269e-01   3.6749274e-01   1.5932790e-01  -3.2869982e-01  -1.0826909e-02  -3.3954785e-02  -2.4347655e-01  -2.8269430e-01   3.8543994e-01   1.2136951e-01  -1.4476113e-01  -3.7112139e-02   3.7244477e-01   8.0340686e-01  -1.1761617e-01   1.4745445e-01   4.7471941e-01  -2.9520121e-01   1.6275698e-01  -3.6983005e-01  -2.3186607e-01   1.1468693e-01   2.8078966e-02   2.0459298e-01  -2.7052032e-03  -1.0375968e-01  -1.4546871e-01  -2.3054998e-01  -6.6056114e-03   2.9257170e-01  -8.9248012e-02   1.2976945e-03   1.1349048e-01  -3.2616546e-01  -2.3050797e-01   3.4776337e-01   5.1647619e-01   7.0680635e-02   4.0893803e-01   4.8315688e-01   1.2186007e-01  -1.7355917e-01  -9.6495402e-02   2.0193721e-02  -2.9635444e-01  -3.5844964e-01   6.6000993e-01  -4.4649081e-02  -8.9911041e-02  -1.0942292e-01   6.2976747e-01  -9.5229712e-02  -7.4645004e-02   1.1518134e-01  -1.0770052e-02   1.0134233e-01  -2.1755056e-01   4.7869308e-01  -3.5231174e-02   3.1152948e-01  -7.9596794e-02  -1.8504274e-01  -1.6142252e-01   1.0288789e-01   1.3011535e-01  -1.9564819e-02   2.9017418e-01  -3.2556813e-01  -2.5332561e-01   1.5308289e-01  -7.2157498e-02   5.7126413e-01   4.8889022e-02   1.4090894e-01   3.6874785e-03   4.5748595e-01   3.4968879e-01  -2.2427437e-01   3.2673711e-02   1.8710212e-01   2.1362292e-01   2.8639065e-01   3.0665208e-01  -1.6303691e-01  -1.5073165e-03   1.6556843e-01  -1.6599839e-01   2.3614067e-01   5.8372491e-01   5.4745597e-01  -7.3147019e-02   4.5317023e-02   4.5464548e-01   2.8346809e-01   1.0669040e-01   2.8174811e-01  -3.2046462e-01  -3.0212190e-02  -2.9628691e-01   6.9132423e-02  -1.8737522e-01  -3.7098690e-01   1.7921957e-01   5.5566923e-01   3.6017670e-02  -3.5440880e-01   2.0410010e-01   2.3505354e-01  -9.3679926e-02   3.3393573e-01  -1.7947217e-01  -2.2221228e-01   2.6945158e-01   1.3363344e-01  -1.6678825e-01   5.4169783e-02   8.7677606e-03  -1.9236510e-01   5.4781966e-01   4.5150012e-01  -2.6201426e-01  -1.9483985e-01   1.6694461e-02   1.2183683e-02   2.2716147e-01  -3.0988751e-02   1.9442932e-01   1.7204511e-01  -1.7318671e-01   1.7674316e-01  -2.0349897e-01   1.9511649e-01   2.5862758e-01   5.9507592e-01   9.5846424e-03   3.1780279e-01   9.6823124e-02  -9.5257169e-02   2.5910836e-01  -5.7912747e-02   3.7730891e-01  -8.1982177e-02  -1.1005585e-01   3.9605762e-01   1.6666011e-01  -6.5786931e-02  -3.2088680e-01   3.7997763e-02   9.5619293e-02   2.0059046e-01   7.9674019e-03   5.5740872e-01   6.9202432e-02  -5.7571691e-02   5.6547112e-02   5.6105460e-01  -1.8022704e-02   2.3621977e-01  -2.3951459e-02  -2.0734576e-01  -7.8360282e-02   3.9725239e-02   3.2009213e-01   1.7096730e-01   7.2157439e-02   1.0191479e-01   5.0183266e-01   2.1060450e-01   1.3328437e-01  -1.9618912e-01   4.6411954e-01   1.2637941e-01   5.0588204e-01   1.4299121e-01
   4.8644636e-02  -2.2490603e-02   1.9318269e-01   0.0000000e+00   1.0933995e-01   2.0672695e-01  -1.2336656e-01   1.5304248e-01   5.4506421e-02  -2.2478925e-01   1.6446304e-01  -1.0820398e-01  -2.7130873e-03   4.9188784e-02  -1.1216338e-01   3.8850112e-01   8.7755568e-02   3.1327031e-01   4.3977255e-02   1.1212326e-01   2.1524709e-01   5.5838347e-01  -1.1392698e-01   1.5429014e-01   2.1237990e-01   2.6394595e-02   1.0093901e-01   4.9334764e-02  -1.6462106e-01   4.4435312e-01  -9.4506064e-02   3.2260189e-01   2.3044777e-01  -3.0144452e-01  -7.9038734e-02   1.0663005e-01  -5.8204864e-02  -1.0480631e-01   2.7595348e-01   4.1665332e-02   1.1592340e-01   3.3578230e-01  -6.8378611e-03   2.3567434e-01  -1.3598803e-02   1.1232383e-01   3.6270798e-01  -6.8586670e-02  -8.2119248e-02   1.7661455e-01   1.0230536e-01   1.6900361e-01  -1.6240332e-01   4.1071585e-01  -5.7367547e-03   4.7315779e-02   7.7481121e-02   5.0713712e-01   5.2010776e-01  -9.5495900e-02   3.5900809e-01   7.3568029e-02   1.7966967e-01  -9.9743647e-02  -3.1307735e-02  -9.6588067e-02   1.3144143e-01   2.0966631e-01   5.8335934e-01   9.4718952e-02  -2.6646570e-01   3.5643419e-01   3.9576930e-03   1.3930771e-01   2.8736657e-01   3.5051430e-01   3.0317472e-01  -1.7711867e-02   1.0288999e-01   4.1819366e-01  -3.0389895e-02  -8.9699056e-02   2.3273965e-02   2.2761016e-01   1.2784771e-01   3.7929618e-01  -2.5115641e-01  -8.5327810e-02  -6.8169517e-02  -7.2176207e-02   1.5705707e-01   3.7147334e-01  -1.4434037e-01   1.8924890e-01  -2.3797275e-01   2.3235577e-01   5.0247786e-01  -6.3369672e-02   2.6924347e-01   1.0751470e-02  -2.9150936e-02  -7.5041960e-02   1.7743696e-01  -8.9830386e-02   3.5537978e-01   4.9429597e-01   1.8336252e-01   2.3704504e-01  -2.1042967e-01  -9.3199732e-02  -2.4255131e-01   5.5078589e-01   4.7311673e-01  -1.0412560e-01  -1.1108385e-01  -3.5336919e-02   2.7431114e-01   5.1067532e-02  -1.4374249e-01   4.5701292e-01   2.7997976e-01   1.1267218e-01   1.1241812e-01  -1.0575703e-01  -6.1634014e-03  -1.2316170e-01   3.4103213e-02   6.1094533e-02   6.3257156e-01  -1.1259936e-01   8.1658919e-03  -3.0754616e-01   2.4512323e-01  -1.4563517e-01   3.4317118e-01   1.7502455e-01   2.5123123e-01   1.0300710e-01   2.3350914e-01  -2.5322449e-01   2.4036558e-02   4.1384125e-02  -6.9342142e-02  -1.1730488e-01  -7.6458816e-02   1.2282908e-01  -4.4682737e-02   1.7384300e-01  -2.8837981e-01  -7.9739510e-02   9.5741777e-02   5.1055808e-02   3.4848889e-01   1.9098817e-02  -2.1913815e-01  -1.0427950e-01   8.5406900e-02   3.3280342e-01   2.9501977e-01   5.9885591e-03   1.3435253e-01   2.6846023e-01   9.7374347e-02   6.1342705e-01   3.3305099e-01  -1.3529692e-01  -2.6131419e-01   3.3285240e-01   2.1725435e-01  -6.3503250e-02  -6.8329292e-02  -2.0176665e-02   4.1382818e-01  -3.1009471e-02   1.6758622e-01   8.0649541e-02   4.9411975e-01
  -2.0465007e-01   2.5336241e-01   3.6749274e-01   1.0933995e-01   0.0000000e+00   2.2890965e-01  -1.6465271e-01   2.5767236e-01   1.8577327e-01  -7.8041052e-03  -6.0121410e-02   1.3192367e-01   3.2489891e-01  -4.2634165e-01  -1.3190765e-01   1.8626840e-01   4.4106744e-01   3.4380230e-01   1.8509936e-01   7.8339426e-01  -1.6969755e-01   6.6972393e-02  -2.5659762e-01  -1.4053860e-01   8.6361114e-02   2.1388957e-01   4.1795595e-01   7.9960315e-03   5.3972937e-02  -9.1591595e-02  -2.3369228e-01   1.2707897e-02   1.2547916e-01  -8.3656746e-02  -5.5174246e-02   5.8473785e-01  -5.9550191e-02  -1.9343173e-01   2.6148862e-01   5.2776862e-01   1.4473565e-01   2.5082794e-01   2.6605354e-01   1.5204582e-01   6.2765173e-02  -2.4856350e-01   1.0282359e-01  -2.5507608e-01  -1.2560267e-01   4.7720475e-01   1.7962377e-02   2.6324220e-01   5.1799709e-02   1.9409439e-01  -3.8534196e-01   7.2156915e-02  -2.7036393e-02   1.3335284e-02   1.3405514e-01  -9.9284074e-02   1.8899686e-01   1.4869559e-01   1.3027502e-01   1.2349850e-01   1.6826950e-01   9.4960630e-02   3.9521721e-01   3.7492075e-01   3.0685268e-02   3.1931165e-02  -3.3552007e-01   1.2497235e-01   3.0117321e-01  -2.6486817e-01   8.2902739e-02   2.3270418e-01  -5.6027862e-02   6.6162158e-02   6.8050827e-01   3.0248976e-01  -1.7782065e-01   1.4806020e-01   1.9908048e-01   2.1709694e-01  -6.0451222e-02   1.8523547e-01  -1.2060072e-01  -2.4624957e-01   1.2489105e-01   1.0331704e-01   6.9308056e-01   2.3122495e-01   3.4416002e-01  -1.2158577e-01   7.2771209e-03   7.7186521e-01   1.6218893e-01   2.6124315e-01   5.3762907e-01  -1.0280676e-01  -2.5783638e-01  -1.0082476e-01  -3.1622226e-02  -1.2168304e-01  -1.4202275e-01  -6.0241780e-02   3.1183724e-01   1.7182767e-01  -1.4665930e-01   3.7881562e-01   3.7070773e-02  -1.2024229e-01   2.6407651e-01  -1.9334228e-01  -1.6343880e-01   4.0596133e-01   4.7946982e-02   1.1575261e-03  -4.6048219e-02  -5.0741260e-02  -2.6706532e-01   7.1512997e-01   3.6750142e-01  -1.3467540e-01  -2.0771243e-01  -2.9342886e-01   1.9049960e-01   2.5710768e-01  -6.5014120e-03   1.6311003e-01   3.3709891e-01  -4.1402685e-02  -2.1002508e-01  -1.0754683e-01   1.9450109e-01   9.1762658e-02   2.0461591e-01  -6.5456245e-02   2.9435247e-01   3.9286707e-02  -1.3599045e-01   5.0010404e-01  -5.9445673e-02  -4.1862928e-02   3.9365571e-03  -4.4750615e-02   1.3910600e-01   3.8323196e-01   1.6987440e-01  -1.7440742e-01  -9.6954742e-02   5.7075822e-02   1.3093330e-02   2.7575595e-01   4.1488218e-01   1.1596419e-01  -1.9577049e-01  -4.6404423e-02   3.8467359e-01  -1.4699328e-02   2.4491305e-01   1.0730475e-01   2.3720888e-01  -1.0859280e-01   7.5035131e-02   2.9080744e-01   1.7598926e-01  -2.9606876e-03  -1.3552925e-01   5.2807386e-01   3.8238005e-01   2.3382027e-01   1.3879957e-01   3.9120674e-01  -1.7570556e-02   3.0893326e-01   1.1292696e-01
  -2.2917666e-01  -5.2421109e-02   1.5932790e-01   2.0672695e-01   2.2890965e-01   0.0000000e+00   1.2687491e-01   2.8317679e-01  -1.0673583e-01  -1.5010222e-01   1.0920187e-01   4.1253290e-03   1.4709643e-01  -8.3251932e-02  -4.3231551e-02   1.7083575e-01   9.5927589e-02   1.0389569e-01   2.0381826e-01   2.3274700e-01   2.1327049e-01   3.2048158e-01  -9.1876500e-02   6.3003788e-02   8.6368226e-02   2.6384541e-01   3.6205228e-01   8.8622379e-02  -2.9653988e-01   2.6230503e-01  -2.0508657e-01   2.8951877e-01   1.8258004e-01  -1.9559528e-01  -1.6373944e-01   2.6632395e-01  -8.4834470e-02  -3.9738191e-01   2.3764648e-01   2.2096373e-01   1.1089548e-01   2.6663271e-01   8.9117631e-02   1.4424862e-01  -2.3375264e-01   3.2575725e-02   3.4462011e-01   1.5419556e-01   5.1524865e-02   2.7143546e-01  -2.6382982e-02   1.8573359e-01  -2.2267591e-01   7.2578929e-02  -2.4945465e-01   4.3125489e-02   3.4881135e-01   3.6581978e-01   2.1503538e-01   3.5293567e-02   1.6233318e-01  -1.1588915e-01   3.4148650e-02  -3.2633121e-01  -1.1182497e-02  -5.9330651e-02   5.2525478e-01   2.2879555e-02   4.4053699e-01   9.9061394e-02  -1.0085986e-01   1.8918410e-01   1.7842532e-01   1.5538362e-01   1.4189326e-01   2.2235055e-01   2.3294469e-01   1.7172008e-01   9.0146134e-02   1.2190946e-01   4.2612368e-02  -1.2177119e-02   1.2429422e-01   1.8205677e-01   8.0788565e-02   1.7087551e-01  -1.0528808e-01  -4.5142628e-02  -5.9078240e-02   2.7609978e-02   1.1499101e-01   2.4583763e-01   1.8452230e-01   1.0900973e-01  -9.2606724e-02   2.8081590e-01   9.3992392e-02   2.7541386e-01   2.1597512e-01   6.4880121e-02  -6.3656573e-03  -2.0940516e-03   7.1744304e-02  -1.6393732e-01   1.8725573e-01   9.0508420e-02   1.0582766e-01   4.1576097e-01  -2.6278991e-01   3.0064750e-01  -1.7277859e-02   3.8807793e-01   2.3659630e-01   5.4459691e-02  -4.3232616e-02  -8.1486749e-02   2.1189730e-01   3.1228546e-02  -4.8080286e-02   2.1349116e-02   3.2146770e-02   9.5398791e-02   1.6137612e-01  -2.6319077e-01  -2.1637406e-02   4.3730339e-02   3.1583210e-03  -5.4955174e-02   2.3766844e-01  -1.1848661e-01   4.2816058e-02  -2.3668497e-01   2.0389733e-01   2.0174350e-02   8.1250233e-02   2.5545073e-01   6.6028846e-02   1.3557933e-01   2.6914779e-01  -3.7520455e-01  -1.1732892e-01   8.8530733e-02   2.3354194e-01   1.6842421e-01  -1.4777294e-01   9.1837249e-02   1.8080106e-01   3.0880815e-01  -4.9019520e-03  -1.9637418e-01   9.8284646e-02   4.8389911e-02   2.8449126e-01  -5.7010399e-02   1.4622322e-01  -4.0185358e-02  -7.4232218e-02   8.0316051e-02   2.4612664e-02   1.1426118e-02  -1.1748394e-01   3.3228551e-01  -5.6103158e-02   1.8528606e-01   3.6841094e-01  -4.6292313e-02  -9.7478142e-02   3.2539438e-01   1.6501465e-01   1.7927275e-01  -9.9053787e-02   7.4503662e-02   2.4875036e-01   3.6265490e-01  -1.6944544e-02   7.8854214e-02   2.6028374e-01
  -1.7455325e-02  -1.3756542e-01  -3.2869982e-01  -1.2336656e-01  -1.6465271e-01   1.2687491e-01   0.0000000e+00  -3.0069000e-02  -1.9483540e-01   3.5663638e-01   1.0048411e-01  -2.5594780e-01  -8.1141013e-02   2.7745712e-01   3.2959645e-01  -2.3680816e-02  -3.9349337e-01   3.2236480e-02  -1.4454100e-01  -1.4857375e-01   3.3802374e-01  -3.9666107e-02   5.0756694e-01  -1.8544796e-01  -1.2842395e-01   2.3631242e-03   4.5873498e-03   1.3305412e-01   2.7159621e-03  -4.5312194e-02   1.8841294e-01   1.6283564e-01  -1.2510073e-01   5.1347843e-01   1.2536187e-01   3.9515872e-02   1.9648754e-01  -9.9314640e-02  -1.2062669e-01  -7.0323010e-02  -7.2837624e-02   1.0536730e-01  -2.7785367e-01   1.0400632e-01   1.8099684e-02  -7.7560141e-02  -1.2971358e-01   5.6176466e-01   2.3135665e-01  -2.3289047e-01   9.4666504e-02   2.5690178e-02   2.0669757e-02  -3.1107184e-01   4.4077378e-02   1.4283244e-01   7.0202645e-03   4.4723635e-03   6.9653201e-02  -1.3808010e-01  -1.5647007e-01   1.5170986e-01  -3.0711092e-01   4.3239865e-02  -6.4792408e-02   1.4289400e-01   2.2576243e-03  -1.2982361e-01   4.7303933e-02   1.5980697e-01   3.7967592e-01   1.8343859e-01  -6.6804903e-02   9.4144803e-03  -2.8391067e-01   6.0005068e-02  -1.0303866e-01   1.3640336e-01  -1.9630460e-01  -2.8830983e-01   4.9974262e-01  -5.8042072e-02   2.4265941e-02  -2.8552625e-01   3.5661085e-02  -1.7899719e-01   2.0762296e-01   3.9021342e-02  -3.6372044e-01  -5.9017040e-02  -1.5910047e-01  -1.8565715e-01  -2.0513132e-01  -1.4204547e-01  -1.0205222e-01  -1.9567836e-01   5.8516488e-03   3.0495190e-02  -2.1075135e-01   5.0933595e-01   2.4515845e-01   1.3366554e-01   1.6513559e-01  -6.3932221e-02   4.5911113e-01   2.0298458e-02  -2.7288867e-01  -5.7638525e-02   1.3837242e-01  -1.1040581e-01   1.6740727e-01   5.7961693e-02  -1.0094192e-01   2.0620864e-03   3.1421016e-01  -2.4780668e-01  -2.6653025e-04   1.6062745e-01   1.7256025e-01   7.1449942e-02  -2.9279637e-02  -3.4620428e-01  -4.8489562e-01   1.6844859e-01  -1.4312974e-01   1.4840280e-01   6.4737904e-02  -3.4554490e-01  -9.5392565e-02  -1.3407698e-02  -1.8301503e-01   3.3716274e-01  -1.8849276e-03   3.9109065e-01  -2.6090296e-01   3.1780442e-02  -4.9895438e-01   2.8160379e-01   7.7845784e-03  -1.2289169e-01  -6.3303600e-02  -1.6480835e-01  -9.2752559e-03   1.0688137e-01   2.2763510e-02   3.6760833e-01   1.3789088e-01   1.3542978e-02   1.3202389e-01   2.8341271e-01   2.2117353e-01   3.0327754e-01  -8.3460238e-03  -1.9958727e-01  -2.3271430e-01   8.6704608e-02  -1.3356327e-01   1.6178728e-01  -2.8586273e-01   2.9014536e-01  -3.7566314e-01  -1.2474921e-01   2.7021594e-01   8.9898459e-02  -2.8927358e-02  -6.9963476e-02  -4.0714430e-02  -1.5724652e-02  -9.4459920e-02  -1.7777424e-01  -1.3672337e-01  -1.1294294e-01   1.9590494e-02  -1.9590943e-01   1.0411453e-01  -3.1596034e-01  -1.0658956e-01
  -1.1657155e-01  -1.5968890e-03  -1.0826909e-02   1.5304248e-01   2.5767236e-01   2.8317679e-01  -3.0069000e-02   0.0000000e+00  -2.0501684e-02  -3.7230125e-02   2.7195069e-01  -2.4437114e-02   1.7673235e-01  -2.3152056e-01   8.5992604e-02   1.0888369e-01   1.4391801e-02   2.0020189e-01   3.2392626e-02   2.0330912e-01   1.3364629e-01   7.9066641e-02   5.7367417e-02  -5.0547655e-02   9.5164743e-02   3.1118161e-01   1.9607001e-01   1.1990152e-01   2.7128022e-01   1.2871448e-01  -2.2833395e-02  -2.2840959e-02   9.9852952e-02  -7.3686997e-02  -9.4039626e-02   2.2644477e-01   9.4867064e-02  -8.7891598e-02   3.9065368e-02   1.7717702e-01   8.0008744e-02   1.0617412e-01  -5.5295602e-02   2.9694886e-01   9.6267948e-02   2.8904892e-02   1.7764183e-01   2.9795087e-02   1.6607566e-01   4.1855724e-02   1.9701405e-02   1.9904121e-01   1.5623951e-01  -8.8473781e-02  -9.4717418e-02   1.1839101e-01   1.5806639e-01   1.2020766e-01   6.3800866e-02   4.9449775e-02  -3.0088393e-02   1.4453461e-01   9.7209977e-02   1.9732121e-01   1.6870941e-01   3.2437958e-02   4.1025638e-01   2.0029139e-01   2.6802636e-01  -8.5096781e-02  -1.2437535e-01   1.7099449e-01   3.1791993e-02   3.5360811e-02   9.9999658e-02   1.5284542e-01   7.0436336e-02  -9.5847491e-02   1.3552296e-01   1.7673782e-01   2.4272799e-02  -5.3408853e-03   1.9486186e-01   2.2527166e-01   4.2429609e-02   3.1777477e-03  -1.2159247e-01  -9.8239188e-02   9.8289703e-02   1.7963226e-02   1.9886329e-01   1.3013063e-01   2.3407448e-01  -6.8424046e-02   3.4019198e-02   1.8179305e-01   2.3028422e-01   1.1170174e-01   2.6952257e-01   1.5218775e-01  -4.3346372e-02   2.2355130e-01  -6.0200986e-02   1.7690047e-02   4.6535435e-02  -8.2793560e-02   1.0244505e-01   4.3699542e-01   2.2779362e-02   3.0737131e-01  -2.1599762e-02   1.0981267e-01   2.4432098e-01   1.2418188e-01   4.3501529e-02   2.2725800e-01   1.8339342e-01   1.1546531e-01   2.1999407e-02   2.6996926e-02   2.0156879e-02   1.1908300e-01   1.5165334e-01  -1.1458860e-02   8.0367177e-02  -1.6334260e-01   1.4849010e-01   1.2853030e-01   4.8485254e-02  -1.2455544e-01   1.2290375e-01   1.0644113e-01  -1.1405673e-01   8.8809099e-02   7.4022288e-02   2.9130997e-01  -4.9517872e-02   1.1395902e-01   3.6619511e-01  -2.8575221e-02  -2.4135729e-01   5.4220433e-02   1.0981740e-01  -6.5237264e-02   1.2007013e-01   2.2062763e-02  -2.3818561e-02   2.4123728e-01   1.3188816e-01   7.8972100e-02   1.5746411e-02   1.5970916e-01   9.3251436e-02   2.3450225e-01   1.5014954e-01  -1.3625778e-01   3.4870934e-03  -3.2968457e-02  -7.9475799e-02   5.4111458e-02   1.5196478e-01   3.0590612e-01   5.4634372e-02   1.1975509e-01   3.4387784e-02   1.2179347e-01   2.3756655e-02   8.3746557e-02   9.5181037e-02   2.5701966e-01   7.8189109e-02   2.0345181e-02   2.5132805e-01   2.2977905e-01   1.1877422e-01   1.8954779e-02   1.1066470e-01
   3.3289746e-02   4.3829685e-01  -3.3954785e-02   5.4506421e-02   1.8577327e-01  -1.0673583e-01  -1.9483540e-01  -2.0501684e-02   0.0000000e+00  -8.1479810e-02   6.6016799e-02   3.4648451e-01   1.3554163e-01  -2.8090587e-01  -4.6248314e-01   7.7142271e-03  -2.8212677e-02   4.3927285e-02   1.2117865e-01   8.2787333e-02  -2.6458723e-01   6.8305866e-02  -4.1527871e-01   4.5801610e-02  -2.7422204e-01  -1.4944739e-01   9.5787606e-02  -3.8409657e-01  -5.4256189e-02   2.0132556e-01  -2.3129639e-01  -1.9809730e-01   3.9533108e-02  -2.5375763e-01   3.1458437e-01  -4.4277758e-03  -1.2369109e-01  -9.4182275e-02   5.2398282e-02   2.6330297e-02   2.2711753e-01  -2.7531865e-01   1.9117923e-01  -2.5522636e-01   2.7570814e-01  -5.8580519e-02  -1.0839202e-01  -2.3923112e-01  -2.8467930e-01   5.1532851e-02  -1.6003585e-01   8.5139626e-02   3.6009050e-01  -9.5984867e-02   7.6655695e-02  -3.3803230e-01  -1.3553883e-01   4.0673364e-02   2.8983882e-02   5.2700372e-01  -4.1595238e-02   8.0746003e-02   8.6976599e-02   2.3908911e-01   5.2741216e-01   2.2831924e-01   7.1286271e-03   2.4249114e-01  -1.8071703e-01  -1.8007260e-01   5.1221919e-02  -2.7083393e-02   1.9564131e-01  -2.5863680e-01   1.4029009e-02  -3.9694919e-02  -1.7315255e-01   1.2104714e-01   2.4363116e-01   1.9811270e-01  -4.9675941e-01   1.0618170e-01  -2.7318578e-01   7.0973483e-02  -3.9860035e-01  -6.4990834e-03   4.9767344e-01  -3.9909451e-01   1.3446765e-01   7.0197898e-03   4.0985811e-01  -8.0908088e-03  -1.3323118e-01   2.4663317e-01   1.1588008e-01   7.2649403e-02  -4.1484760e-02   8.4017623e-02   2.3742124e-01  -1.5631783e-01  -3.4558963e-01   1.1156140e-01  -3.8636906e-01   7.0272796e-01  -1.6597295e-02  -1.7531272e-01   2.2934095e-02  -4.9840740e-02  -6.4209958e-02  -2.3246820e-01  -2.1961426e-01  -3.5262753e-02  -1.0559682e-02   5.4322908e-02  -3.5791064e-01   2.6581626e-01  -2.0803145e-01   2.0682646e-01  -2.7989650e-01  -2.4460188e-02  -1.7606795e-01   2.5433406e-01   1.8391282e-01   4.7920746e-01   9.3161686e-02  -3.4153952e-01   3.1948903e-01   4.6932670e-03   1.2355831e-01   1.1564075e-01   1.6144100e-01  -4.4032230e-02  -6.9772788e-02  -1.5490628e-01   2.2119323e-01  -9.5289842e-03   6.9366727e-02  -3.1421269e-01   1.1561892e-01   1.9787772e-01   1.7597068e-01   5.8562417e-02   4.0742351e-02  -3.2220422e-01  -4.8370446e-02  -1.2300970e-01  -5.1521056e-02   5.3994707e-03  -1.6253278e-01  -1.5116066e-02  -4.2358546e-01  -3.6525464e-01  -3.7644698e-01   3.1691746e-01   1.5654070e-01   1.0174916e-01   1.2533221e-01   2.4167374e-02  -3.9767659e-03  -2.6507093e-01   2.5966850e-01   2.0029313e-01   2.0272804e-01   3.2886658e-02   3.7569888e-02   1.7302137e-01  -6.2194304e-02  -3.4811446e-02  -1.9696032e-02  -1.0650807e-02   2.4517981e-01   5.3272795e-02   3.9119733e-01  -1.0248567e-01  -3.0037234e-02  -7.9945569e-02   9.9654315e-02
  -1.7895342e-01  -8.5574325e-02  -2.4347655e-01  -2.2478925e-01  -7.8041052e-03  -1.5010222e-01   3.5663638e-01  -3.7230125e-02  -8.1479810e-02   0.0000000e+00  -1.2193837e-01  -2.5961429e-02   1.1641117e-01  -1.4895074e-01   1.5710701e-01  -1.9002173e-01  -1.6154536e-01   6.0765218e-02  -1.1193835e-01  -3.5829698e-02   1.3054602e-01  -2.2725632e-01   3.5502650e-01  -2.1418977e-01  -1.4731582e-01   1.7193700e-04  -1.6021741e-01  -7.5867115e-02   1.7741167e-01  -2.0735565e-01   1.4061532e-01  -1.9795618e-01  -2.7897991e-01   5.1406317e-01   1.8076034e-01   3.6557978e-02   2.9003404e-01  -5.4460226e-02  -2.9440868e-01   1.4697793e-01  -2.5501100e-01  -2.4989422e-01   4.1584361e-02  -1.7850125e-01  -1.3787331e-02  -1.4752370e-01  -3.1747709e-01   1.8880732e-01   5.0888895e-02  -1.5807562e-01  -1.4361178e-01  -6.6763236e-02   8.5520404e-02  -3.3940782e-01  -1.5096775e-01  -9.5607439e-02  -1.3122097e-01  -1.5159805e-01  -7.9129678e-02  -1.8228657e-01  -1.9898929e-01   3.6583847e-01  -1.5391176e-01   1.2103435e-01  -1.3000362e-01   3.2601488e-01  -2.4442074e-01  -9.6211556e-02  -1.9015561e-01   6.5766830e-02   2.3608567e-01  -7.7623890e-02  -1.5972066e-01  -3.0127276e-01  -3.3516364e-01  -2.1841119e-02  -1.6901449e-01  -6.5169554e-02   7.2291706e-03  -3.2500409e-01   2.0725412e-01   1.1006821e-01  -9.9885086e-02  -1.1002366e-01   3.2771425e-02  -4.4473994e-02   1.0676836e-01  -2.6281698e-01  -1.4334311e-01  -6.2052277e-02  -1.1338938e-01  -2.6773313e-01   1.4417392e-01  -1.7880779e-01  -2.3888785e-02   9.8534609e-02  -2.2514340e-02   7.9425855e-02  -1.4525542e-01   3.6489188e-01  -1.2372734e-01   3.8539459e-02  -9.0812208e-02  -1.1225915e-01   5.6913889e-02  -2.6831770e-01  -2.7443299e-01  -7.8620597e-02   4.1840093e-01  -4.5522202e-02   2.7523908e-01  -1.8927061e-01  -2.0548473e-01  -1.0495053e-01   3.2014591e-02  -1.4424358e-01  -3.4083207e-03   1.9248558e-02  -4.7347107e-02  -2.3848095e-01  -3.3634100e-01   3.4214786e-02  -3.6932110e-01  -7.8487219e-02  -3.2255800e-01   7.2492399e-03  -7.4822880e-02  -3.8497441e-01  -1.1338276e-01   2.3265835e-02  -1.6512837e-01   1.3412326e-01  -3.0888903e-01   2.2814033e-01  -4.4844399e-03  -5.4957117e-02  -3.5505473e-01  -1.0092223e-01  -6.3091200e-02   9.2760752e-02  -1.5229374e-01   1.3262660e-01  -3.0340592e-01   1.6621641e-01   1.9878329e-02   9.3432740e-02   2.5474620e-01  -3.1801555e-02   3.2681460e-01   2.2048977e-01  -2.1846980e-02  -1.2345350e-01  -4.3187179e-01  -1.0929242e-01   1.6284746e-02   4.0866484e-02  -3.7784106e-01  -2.6511977e-01  -1.8386901e-01  -3.8235224e-03  -1.8277642e-01  -4.1425430e-02   2.5886484e-01  -7.3461084e-02  -2.4430347e-01   4.4021937e-02  -8.3910748e-04  -2.0136276e-01  -4.8045806e-01  -3.4839456e-04   3.8794803e-02   8.9071744e-02  -1.7024829e-01  -2.3186770e-01  -1.2355390e-01  -2.6584714e-01  -1.2673959e-01
  -3.9382131e-02  -3.6710266e-01  -2.8269430e-01   1.6446304e-01  -6.0121410e-02   1.0920187e-01   1.0048411e-01   2.7195069e-01   6.6016799e-02  -1.2193837e-01   0.0000000e+00  -4.2579256e-01   3.8428867e-01  -1.1078383e-01   7.7641946e-02   6.5960687e-02  -3.8303093e-01   3.7270249e-01  -2.0925804e-01   9.9866067e-02   4.3925231e-01  -1.4271486e-02   3.3868843e-01   1.1469939e-01   2.1980949e-03   1.5238717e-01   1.7374214e-01   1.7277576e-01  -8.6266445e-02   2.8763277e-01   7.8656338e-02   1.6541280e-01   1.2369811e-01  -1.9350995e-01  -3.2504275e-01   4.8001627e-01   1.0624775e-01  -3.7818380e-02   1.0457757e-01  -3.1497444e-01   4.8567512e-01   6.0480174e-02  -6.0589675e-01   3.0731460e-01  -3.1816793e-02   2.5027645e-01   6.2753731e-01   1.4894389e-01   1.5195690e-01  -2.7624227e-01   4.2939011e-01   2.3925708e-01  -1.9162567e-01  -2.9958090e-01   5.0537990e-02   3.4375861e-01   1.2921082e-01   4.5901441e-02   2.0451086e-01   2.9914538e-02   5.9970127e-02   4.3840478e-02  -3.4410330e-01   1.9331700e-01   8.2836362e-02   2.2400779e-01   2.7748897e-01  -6.0922887e-03   4.5694268e-01   1.2689822e-02  -3.0469975e-01   6.6096221e-01   2.2882250e-01   1.6815693e-01  -1.0671860e-01   1.6742138e-02   2.1767727e-01   1.3664528e-01  -2.3086220e-01   1.2667753e-02   2.8246635e-01   1.3173934e-01   1.5854115e-01   1.0531113e-01  -1.2913492e-01  -4.5516625e-02  -2.5720571e-01  -3.9005252e-02  -1.0150570e-01   1.4919382e-01  -1.0297515e-01   6.5234809e-02  -2.3251650e-01   1.1049347e-01   1.6063561e-02  -1.1755732e-01   1.5066991e-01   3.8066685e-02   1.0818845e-01   2.3508975e-01   1.0901628e-01   4.0502362e-01   6.2661105e-02  -9.3180379e-03   3.7656685e-01  -7.7132670e-02  -3.8884545e-01   1.3757014e-01  -3.0918231e-02   2.6286997e-01  -1.8138570e-01   2.6867599e-01   8.6392495e-02   1.8834692e-01   1.6660125e-01  -3.2907967e-02   1.6794339e-01   4.7401609e-01   1.4156390e-01   3.8066250e-01   2.3529467e-01  -2.6514545e-01  -1.4233573e-01  -1.0225511e-01   2.8495776e-01  -4.8762188e-02   3.0036631e-02  -9.0836104e-02  -5.4643595e-02  -3.3435942e-01   2.8715228e-01   2.5913079e-01  -1.3967007e-01   6.7661018e-02  -2.9298176e-01  -1.3337313e-01  -1.7188213e-01   2.2022059e-01   4.5733478e-02  -1.4842342e-01   1.5357026e-01  -8.5280403e-02   2.2523614e-01  -3.2739788e-01   1.1422837e-01   2.4361902e-01  -5.6287640e-01   2.5206888e-01   3.9070392e-01   3.9904952e-02   1.4554401e-01   1.9439016e-01   2.3048944e-01   4.2718946e-01  -5.9571900e-01  -9.2576966e-02   2.4581461e-01   3.5354279e-01  -1.0472267e-01   2.6717033e-01  -5.5574801e-02   4.2227317e-01   3.3409074e-01   3.0605526e-01   5.4830102e-02  -1.3554077e-01   8.8685944e-02   1.6062284e-01   2.1543089e-01  -2.1977222e-01  -9.1997208e-02  -1.8197121e-01   3.9524072e-01   1.0934259e-01   2.0319625e-01  -2.1440984e-01  -3.9436306e-02
  -9.2359648e-02   5.3784281e-01   3.8543994e-01  -1.0820398e-01   1.3192367e-01   4.1253290e-03  -2.5594780e-01  -2.4437114e-02   3.4648451e-01  -2.5961429e-02  -4.2579256e-01   0.0000000e+00  -5.1999694e-02  -1.8818079e-01  -2.6228966e-01   7.5543633e-02   3.5350376e-01  -1.5236366e-01   8.2137922e-02   9.9026076e-02  -3.1059016e-01   1.8315591e-01  -5.7205096e-01  -1.2937032e-01  -1.3248652e-01  -1.3072619e-01   1.2699386e-01  -2.7958953e-01   5.1400985e-02   6.1775770e-02  -1.2496730e-01  -6.9501080e-02   4.5554753e-02   1.2043158e-01   3.7176089e-01  -3.0447330e-01  -1.7643459e-01  -5.4155836e-03   1.4072410e-02   2.7516158e-01  -2.2942953e-01  -1.1062900e-01   7.0951022e-01  -1.0221911e-01   2.6433709e-01  -1.8823922e-02  -2.7119759e-01  -2.5921770e-01  -2.3036440e-01   1.7828556e-01  -4.1761547e-01  -9.2000383e-02   3.8962090e-01   1.4678271e-01   9.6640892e-02  -5.0393772e-01   3.3776181e-03  -1.0048238e-02   6.7334356e-02   4.6360344e-01   2.4177019e-01  -7.1066140e-02   4.2833555e-01   1.0540137e-01   2.6130138e-01   1.9689161e-01  -7.6641941e-03   2.0474081e-01  -2.4190893e-01  -2.2437447e-01   2.4496321e-01  -4.9052598e-01   3.0077337e-02  -2.5464000e-01   3.9696368e-01   3.9380058e-02   8.4071569e-02  -2.6401080e-01   4.2868661e-01   3.0221296e-01  -5.5965423e-01   6.7591262e-02  -1.6885936e-01   3.3790732e-02  -1.1538590e-01   9.5582597e-02   3.1284717e-01  -3.3231145e-01   2.9824086e-01  -1.2280960e-01   2.1323641e-01   1.2399994e-01   4.8089510e-01   1.2464127e-01   1.9955038e-01   7.9962668e-02   1.3570139e-01  -1.4651499e-01   9.3478928e-02  -4.2406468e-01  -5.0097678e-01   1.0744947e-01  -1.8191841e-01   4.1087186e-01  -2.8241016e-01   6.4773557e-02   3.2279404e-01  -3.6210288e-02   5.9419324e-03  -9.7952075e-02   2.2561005e-01  -5.2045091e-02   1.2432943e-01   7.8865448e-02  -4.7664175e-01   3.1753325e-01  -1.4779315e-01  -1.4494069e-01  -2.9616012e-01  -2.2548999e-01  -1.9215886e-01   4.3351696e-01   5.2223229e-01   3.2937737e-01  -1.1009961e-01  -8.5979385e-03   3.4182613e-01   1.0335427e-01  -5.6030700e-02   5.6424025e-02   9.5230943e-02  -3.6055487e-03   9.9488578e-02  -9.6453375e-04   3.4104958e-01   1.1731231e-01   3.1461599e-01  -2.6392837e-01   1.9344354e-01   2.7332124e-01   6.7955833e-02   2.1584327e-01   2.9430769e-02  -2.7180438e-02   1.5795051e-01  -1.6897243e-01   4.5961576e-01  -1.4335664e-02  -2.8582197e-02   8.0045631e-02  -4.6453495e-01  -2.1722063e-01  -2.7861761e-01  -1.5652546e-01   6.1404544e-01   2.3913396e-01   4.8166208e-03  -5.9981124e-02   1.7387137e-01  -3.6705187e-01   4.0550474e-01  -4.9202788e-02  -1.8369355e-01  -1.4419677e-01   1.2625441e-01   3.9321067e-01   1.8126499e-01  -4.5969816e-02  -1.0602369e-01   3.3333658e-01   4.1050817e-01   9.2944022e-02  -6.6720425e-02  -1.0609515e-01   1.7149901e-01   3.4616021e-01   2.0462422e-01
  -1.3748042e-01  -4.5999339e-02   1.2136951e-01  -2.7130873e-03   3.2489891e-01   1.4709643e-01  -8.1141013e-02   1.7673235e-01   1.3554163e-01   1.1641117e-01   3.8428867e-01  -5.1999694e-02   0.0000000e+00  -2.5372192e-01  -6.7454069e-02   3.1069614e-02   1.3513954e-01   1.6210507e-01  -9.1159322e-02   4.8296964e-01  -2.2408317e-02   1.9107295e-02   7.4048925e-02  -1.7250840e-01  -3.2635732e-02   7.1993423e-02   2.2156863e-01  -1.2569399e-01  -7.4828728e-02   3.0482168e-02  -1.2407457e-01   6.9768761e-02   2.4792765e-01  -8.9528401e-02  -1.3320541e-01   4.4249850e-01   4.5922089e-02  -2.8188929e-01   3.0180906e-01   7.7164724e-02   4.2810549e-01   2.5098270e-01  -6.6553960e-02   9.5011348e-02   2.4886852e-02  -1.1827951e-01   2.4896425e-01  -2.5665037e-01  -1.0951464e-01   1.1720234e-02   3.0193980e-01   1.9880160e-01  -1.2059282e-01   4.6546903e-03  -4.7139767e-02   1.5615987e-01   3.7789881e-02  -8.6659120e-02   1.1273697e-01   1.4414902e-02   1.4082081e-01   2.5089395e-01  -1.0150848e-01   5.5604013e-02   6.8157735e-02   1.2538236e-01   1.9539693e-01   1.3123827e-01   5.0467083e-02   9.2150520e-02  -4.0251596e-01   2.7453201e-01   4.3452379e-01  -2.3140862e-01   1.6384745e-02  -7.1075906e-02  -9.7876572e-03   1.3182094e-01   1.5571182e-01   1.1693116e-01  -4.1597947e-02   3.3590947e-01   9.8728305e-02   1.6769337e-01  -1.3878892e-01  -5.2974427e-02  -7.8128436e-02  -1.6453188e-01  -4.4805875e-03  -2.9278859e-02   2.4383913e-01   1.6873067e-01   1.3001660e-01   4.9525311e-02   1.6274416e-01   3.2135110e-01   2.0451948e-01   2.5644153e-01   3.2687258e-01  -9.5452397e-03  -9.5113684e-02   1.2757693e-01  -8.3658220e-02  -1.0093503e-01  -4.3660885e-02  -8.5248663e-02  -6.1493679e-02   1.4911368e-01  -9.8092183e-03   1.8333043e-01   6.5473743e-02  -4.0806775e-02   1.8541864e-01  -6.7977280e-02  -1.6840791e-01   1.4692800e-01   2.0984367e-01   5.0936053e-01   8.6720056e-02   1.8566355e-01  -2.3887079e-01   3.4772593e-01   1.1815972e-01  -1.2952096e-01  -7.3608854e-02  -2.4128781e-01  -9.1065827e-03   2.4667872e-02  -5.0052253e-02  -6.1750986e-02   3.8041401e-01   1.2324090e-01  -1.9642786e-01  -1.3719126e-01   1.5011580e-02  -1.2339909e-01   7.6025393e-02  -1.3860003e-01   2.0394350e-02   8.0027228e-02  -1.6166017e-02   4.0473595e-01  -3.8275733e-03  -5.8085178e-02   5.4384735e-02  -6.8328926e-02  -1.9013618e-01   1.3617136e-01   3.0099532e-01  -1.8096521e-01  -3.1763734e-02  -5.0403325e-02   1.3931265e-02   1.7337465e-01  -5.9337931e-02  -2.0716075e-02   1.2023027e-02   2.5592835e-01   2.3224392e-01   1.1240682e-01   1.3713670e-01   2.4346337e-01   1.4049957e-01  -6.2746110e-02   9.5519640e-02   9.1348811e-02   1.4120939e-01  -2.7049690e-02  -8.9167305e-02   1.0361710e-01   7.4038695e-02   1.4464715e-01   4.5421230e-02   2.4044264e-01   1.0959042e-01   1.2912618e-01   6.9957404e-02
   3.0167398e-01  -2.2971050e-01  -1.4476113e-01   4.9188784e-02  -4.2634165e-01  -8.3251932e-02   2.7745712e-01  -2.3152056e-01  -2.8090587e-01  -1.4895074e-01  -1.1078383e-01  -1.8818079e-01  -2.5372192e-01   0.0000000e+00   1.8652386e-01  -6.4625186e-02  -2.2965967e-01  -1.5464916e-01  -6.9585820e-02  -3.4232767e-01   1.3958043e-01   4.1680581e-02   1.9482074e-01   1.2418938e-01   7.1917207e-02  -8.4917378e-02  -2.8692053e-01   1.4626212e-01  -1.8677060e-01  -9.3187633e-03   1.9669913e-01   1.2786718e-01   2.4102197e-02  -4.2173228e-02  -1.0163194e-01  -3.1120489e-01  -1.7578233e-01   1.1957734e-02  -2.3371489e-01  -3.5308027e-01  -8.0756260e-02   1.6354229e-01  -1.6481944e-01   9.1634938e-02  -2.0775681e-01  -3.3201861e-02  -1.0624198e-01   2.9744964e-01   1.5287664e-01  -2.8517519e-01   1.2336843e-01  -5.2020500e-02  -2.1090487e-01   1.0959087e-01   4.2911168e-01   2.7646603e-01  -1.9381482e-01  -5.1047708e-02   2.4153635e-02  -1.3360836e-01  -1.0726761e-01  -2.9142403e-01  -1.8493847e-01  -2.1505524e-01  -2.4783543e-01  -2.7935204e-01  -2.7841115e-01  -4.4186043e-01   5.9256562e-02  -5.0472943e-02   1.8895057e-01   1.6921351e-02  -2.1737529e-01   3.4777748e-01  -5.4552170e-02  -8.6615448e-02  -1.0661665e-01  -6.3807853e-02  -5.3082183e-01  -2.7346265e-01   1.8636309e-01  -4.2227079e-01   1.0489596e-01  -1.9104347e-01   2.8480081e-01  -1.0894012e-01   1.4002381e-01   4.7597408e-01  -1.5570215e-01   1.3377081e-01  -3.5482418e-01   6.7699198e-02  -2.6134672e-01  -1.6977499e-02  -4.4134061e-02  -3.4439916e-01  -6.7255173e-02  -1.8852377e-01  -2.7272335e-01   3.4380751e-02   3.6623482e-01  -8.5710235e-02   3.8896739e-01  -1.9755662e-03   1.6897318e-01   2.2876894e-01   1.1651543e-01  -1.7114532e-01  -2.0716894e-01  -1.3815418e-01  -4.6282889e-02   3.5514390e-02  -2.8289868e-02   3.8040366e-03   3.5733406e-01  -4.2761763e-01  -7.7194088e-02  -4.6497066e-02   1.8249749e-01   5.6614903e-02   2.6077242e-01  -4.4532469e-01  -2.1716722e-01  -3.0201861e-02  -8.7374307e-04   3.5957924e-01  -2.3603581e-01  -3.9593963e-02   1.0175520e-02  -1.1413216e-01  -3.8598606e-01  -1.2957979e-01   4.0793945e-01   1.4134852e-02  -1.4976229e-01  -3.0474546e-02  -5.7085729e-02   3.6408728e-01  -1.5592029e-01  -4.2372777e-04   3.7029760e-01  -3.5478197e-01   3.0588786e-02   1.2771614e-01  -4.9963208e-02   3.0132555e-01  -5.6826275e-02  -2.8146851e-01  -2.7623227e-01   6.5325894e-02   3.8485658e-01   3.1021251e-01   3.5312136e-01  -3.4740940e-01  -3.7171595e-01   4.2882580e-02   1.8375495e-01   1.4100786e-01  -7.3128885e-02   1.7859717e-01  -3.1802176e-01  -2.9225080e-01  -1.4812656e-01   8.3755785e-02  -7.0672338e-02  -3.4675687e-01  -1.9658128e-01   1.1307150e-02   3.2101220e-01  -2.9109422e-01  -4.0134196e-01   1.2700665e-02  -1.9058213e-01  -1.0582737e-01   1.7737193e-02  -1.5231126e-04  -7.2830153e-02
