   0.0000000e+00   1.0376668e-01   1.6962959e-01  -2.7298617e-01   6.3371695e-02  -3.8104117e-02  -2.6523916e-02   6.5946055e-02  -5.6212525e-02   2.2245070e-02  -2.1169532e-01   1.6195121e-01  -4.2405165e-02   1.5502525e-01   4.3955195e-02  -1.8548711e-01   2.0490855e-01   1.7872776e-02  -1.6426489e-02   1.2364318e-01  -4.7405521e-02  -1.9280939e-01  -7.0372997e-02   3.6865078e-01  -2.4745907e-01   5.8996619e-02   1.2669821e-01   1.9911648e-01  -2.9517783e-03   5.6491725e-03  -5.7356676e-02  -2.3263226e-01  -1.4263945e-01   8.3196315e-02  -1.2670024e-04   6.5668513e-02   9.1943554e-03   3.8021346e-02  -3.2856111e-01   1.2119278e-01  -5.5936917e-02   4.8031999e-02  -4.5863430e-02  -8.6449373e-02  -3.5951139e-02   2.9654803e-01  -1.3505894e-01  -7.1705385e-02  -1.0440321e-01   6.2659516e-02  -2.4238097e-01  -2.7956442e-02   3.1873515e-03   2.6651655e-01  -9.0049240e-04   5.2009921e-02  -7.0696530e-02  -1.6829379e-01  -9.9091034e-02   2.4626850e-02  -4.1031464e-03  -2.3398032e-01  -8.9703907e-02   6.9291026e-02  -1.0442029e-01  -9.7238726e-02   1.5804970e-02  -3.4974384e-01  -2.4278216e-01   2.8739338e-01   2.7099649e-02   1.5999935e-02  -9.5290109e-02   3.9698878e-01   1.6054936e-01  -2.2872476e-02   9.5611443e-02   8.1438010e-02   7.4364103e-02  -1.7438558e-01   1.0241750e-02  -5.7666044e-02   6.5045607e-02  -3.6333641e-01   3.6113844e-01  -2.0533545e-01   9.5692359e-02   1.9212122e-01  -2.8629562e-02   4.5491842e-01   1.2961762e-01   6.1077788e-02   3.7938406e-01  -1.0923594e-01   1.5080166e-01   9.1701970e-02   3.7340885e-02  -2.2525168e-01  -4.4169227e-03   3.8402689e-02   1.2149428e-01   1.4738820e-01  -3.9844805e-01   2.3599777e-02  -2.0902437e-01  -3.3862080e-01   1.7895967e-01  -6.1390299e-02   3.8475184e-02   1.5150554e-01   1.2498015e-01   8.9023442e-03  -8.4662191e-03   5.7296181e-01   1.4247718e-01  -1.6203117e-01  -1.0412212e-02  -1.1340824e-01   2.1384794e-01  -1.3740560e-01   2.5953626e-01   1.5876345e-01   1.4460175e-01  -2.7207596e-01   1.6985031e-01   2.4355624e-01  -9.9249628e-03   2.8075525e-02  -1.6275656e-01   2.4363238e-01  -1.8481091e-01   8.6962773e-02   2.3755343e-01  -7.5956804e-02   8.4913762e-02  -2.0004245e-02   8.3618508e-02  -3.2389797e-02   8.9399983e-03   9.4100167e-02   5.6317897e-02   2.1041439e-01  -1.1098228e-01   1.0266040e-01   6.1518404e-02  -1.6326957e-01   1.9727649e-02  -5.2930536e-02  -1.5649303e-01  -8.9183102e-02   3.5503376e-01  -2.3657256e-01   4.4830366e-01  -6.7149259e-02   1.4408827e-01   4.6745981e-02   2.9207454e-01  -2.1830121e-01  -4.1490373e-02  -2.1470478e-01  -1.2403838e-02   6.5970091e-03  -1.0593543e-01  -1.3319528e-01  -2.7670103e-01  -8.0319921e-02   1.9008151e-01   3.4190815e-02   4.9549921e-01   1.0448487e-01  -6.0790431e-02  -2.1490409e-01  -7.2211247e-02   9.9269283e-02  -3.2507087e-02  -1.7968315e-02  -1.9577364e-01
   1.0376668e-01   0.0000000e+00  -1.8348191e-02  -1.4542767e-01   3.0026217e-01  -4.4635234e-02   9.8973339e-02   3.8063694e-02   3.4714464e-01  -2.3351363e-01  -2.1912049e-01   4.0104881e-01  -1.4462690e-01   7.2899267e-03   1.3427605e-02  -3.2863319e-01   9.7897993e-02  -6.9486521e-02   7.0655620e-02   3.1290852e-02  -9.7052869e-02  -1.7452383e-01  -2.1653554e-01   1.7097842e-01  -2.2141573e-01   9.6927605e-04   1.7674460e-01  -2.5731925e-01   1.2554977e-01   9.1403221e-02  -1.0589315e-01  -7.1445970e-02  -6.3876049e-02   1.1569126e-01   2.2653184e-02  -5.9485116e-02  -2.0333587e-01  -8.0877577e-02  -2.2521975e-01   2.5937980e-01  -3.9410489e-02  -1.8759554e-01   4.6715577e-01   7.4210875e-02   4.4852594e-02  -1.2438539e-02  -6.7570094e-02   2.2825848e-01  -8.9604794e-02   7.4939864e-02  -2.5096694e-01   1.0523844e-01   4.7555800e-01  -4.3525067e-02   9.9254669e-02  -1.4291176e-01   7.3551334e-02  -4.6709315e-02  -1.0215212e-02  -1.6659981e-01  -3.1441896e-01   1.7557567e-01   4.0223322e-01   1.3890983e-01   2.1287145e-01  -8.8127101e-03   9.1389482e-02   1.9267243e-01   7.5315316e-03  -1.8244397e-01   3.9216187e-01  -1.5424459e-01  -9.7261313e-02   4.6744250e-02   2.6339369e-02  -7.1390094e-02  -7.4861455e-02   2.7673963e-01   4.7389832e-01   1.9895172e-01  -3.0380882e-01  -1.1915916e-01  -2.9816229e-02  -2.5656271e-02   3.0203371e-01   7.8919040e-03   1.6665576e-01   6.8373934e-02   1.1424998e-01   1.5851133e-01   3.4318208e-01  -1.8339986e-01  -1.2365942e-01   2.2837284e-01  -2.8037734e-02   2.8723842e-01   9.2928295e-02   8.4457603e-02   4.0457023e-01  -1.0372063e-01  -1.1506077e-01  -2.1350654e-01  -1.7303047e-01   3.6984953e-01  -1.5656964e-01  -6.7329588e-02   2.3225973e-01   2.0539695e-01   8.3612763e-02   1.4151521e-01   3.0090856e-02  -2.3218741e-01  -7.3317053e-02  -5.5858829e-02  -3.2185774e-01   4.9973728e-01   2.9419720e-02  -2.4216464e-01  -8.2503440e-02  -2.0665914e-01   3.7800067e-02   1.5309401e-01   2.0132528e-02   2.0311061e-01   5.9301458e-02   5.6117281e-02  -6.3646879e-02  -4.0124740e-02  -9.8734579e-02  -2.7435843e-01  -2.0762161e-01  -2.4638735e-01   4.0841067e-01  -8.7838957e-02   7.2684636e-02  -3.3175469e-02   6.2942525e-02  -3.0487200e-01   3.4803136e-02  -6.1901374e-03   1.7154488e-01   9.1089036e-02  -1.8942548e-01   4.0042487e-02  -2.8709299e-01  -4.8331608e-02   1.8290291e-01   3.5925729e-01   5.1212318e-02   9.1115870e-02  -1.3669588e-01   1.4315419e-01   3.7678638e-02   6.9932669e-02   1.1361546e-01   1.2465694e-02  -2.9721817e-02  -2.1028199e-01  -2.4147760e-01  -1.3044102e-01   1.5974846e-01  -9.3266260e-02  -2.4770622e-02   9.1980232e-02  -4.4054997e-02   3.9863010e-01  -1.2010567e-01   1.2007259e-01   6.9816410e-02   1.4523375e-01   3.0592477e-01  -3.4838422e-02   2.0972980e-01  -5.9591406e-02  -2.4385623e-02  -1.1688813e-01   3.5597452e-02
   1.6962959e-01  -1.8348191e-02   0.0000000e+00  -1.4729059e-01  -3.1753772e-01   2.0739158e-01  -2.6707549e-01   1.7575167e-01  -4.4366631e-01   6.0866114e-02  -2.0396786e-01   3.6516841e-01  -5.4696601e-03  -1.0600589e-01  -1.7025777e-01   3.1978834e-01   5.8926927e-01  -2.9915804e-01  -9.0237949e-02  -1.0268056e-01  -1.8371761e-01   8.8038643e-02  -1.4459179e-01   1.0943098e-01   1.8257450e-02   2.4189220e-01   1.0831511e-01   1.4350836e-01   1.0914352e-01  -2.6475623e-01  -2.4830491e-01  -2.2882524e-01   1.3943228e-01  -1.1812117e-01  -1.8435564e-01   1.2248159e-02   1.5338954e-02  -9.5202634e-02   5.6682028e-02   2.8929653e-01  -1.2699203e-01   2.3107742e-01  -1.3703663e-01  -1.3586543e-01  -4.1613884e-01   6.4514769e-01  -1.1086061e-01  -3.0970917e-01  -2.9371006e-01   4.2825617e-01  -2.5356761e-01   7.1510216e-02  -2.4115322e-01   2.0427258e-01  -2.4167382e-01   3.4125163e-02   6.0754102e-02   1.3475193e-01  -3.5946564e-01  -5.5027544e-02   4.1135346e-01  -2.1660290e-01  -1.1153081e-02  -2.3843134e-01  -2.3431877e-01  -2.5332768e-01   1.5092394e-01  -1.6519427e-01  -3.8220545e-02   7.4290627e-01   9.7225888e-02  -1.7886691e-01  -2.6478071e-01   2.4842413e-01  -3.4296570e-02  -3.7240914e-02   3.5508585e-01   5.7007598e-02  -2.2231277e-01  -1.9963912e-01   8.2013303e-02  -3.4910883e-01  -1.5108206e-01   6.8594070e-02   3.3171814e-01  -1.9214082e-01  -7.6004464e-02   4.1448759e-02   1.3280799e-01   1.1488677e-01  -1.6124632e-01   5.8831284e-01   1.5005412e-01  -3.2454209e-01   5.3976403e-02  -5.5502322e-02  -1.6592923e-01   4.1614139e-02  -3.1438562e-01  -6.7653303e-02   2.3522201e-01  -2.1123605e-02  -1.0576263e-01  -3.4478777e-01  -2.1464912e-01  -3.8626109e-02   6.1608605e-02  -3.2316742e-02  -1.9397615e-01  -4.7295225e-02   4.0700559e-02   9.7378292e-02  -4.8658399e-02   1.1385559e-01   3.0859056e-01  -1.1787923e-01   8.2590072e-02  -3.4928918e-01   6.7825008e-02  -3.5845006e-02   2.3631325e-01  -7.5022615e-02   2.4155939e-01  -4.9330894e-01   4.2525640e-01  -1.7761626e-01  -2.3447615e-01   4.2506272e-02  -1.0780093e-01   2.7233835e-01   7.0214129e-03  -2.3832473e-01  -1.0308283e-01  -1.4211466e-01  -6.8445589e-02  -1.8234933e-01   1.1490264e-01  -3.4870509e-02  -2.3567345e-01  -4.5083943e-01  -1.8121006e-01   1.7889466e-01  -1.9018479e-01   3.1874560e-01  -1.2272073e-01  -3.9691753e-01   1.5128514e-01  -1.2436597e-01  -1.4010946e-01  -8.6547915e-02   4.1462195e-01   7.0516040e-02   3.4464709e-01  -2.6709634e-01   3.6738636e-01  -3.7836671e-01   3.4387249e-01  -3.0752883e-01   6.0821229e-01  -1.6563758e-01   3.8107187e-02  -1.8403406e-01  -1.6715664e-01  -3.6504787e-01   7.0023686e-04  -7.7883860e-02  -6.2195536e-02  -1.3713203e-02   2.0095759e-01  -9.3305600e-02  -1.8490870e-01   1.9006345e-01  -3.4788365e-01   2.7719232e-01   1.0207189e-01  -4.6935168e-02  -5.5876894e-02
  -2.7298617e-01  -1.4542767e-01  -1.4729059e-01   0.0000000e+00   1.1979996e-01   2.7920567e-01   4.8250178e-02   4.7790683e-04   6.6314993e-02  -2.0778873e-01   1.7563380e-01  -2.7774810e-01   1.8060107e-01   4.5031025e-02   1.0544614e-01   1.7749298e-02  -2.5637411e-01   1.2859113e-02   2.6453231e-02   2.7467243e-02   2.3521538e-01   3.2585589e-01   7.0542957e-02  -1.7854695e-01   2.5792773e-01  -1.7353592e-01  -2.2822415e-01  -2.5275300e-02   8.1576572e-02   1.9705778e-01   2.1804057e-02   3.1815109e-01   1.7230831e-01  -4.8703609e-02  -1.7083587e-01  -3.6989651e-02  -6.5238844e-02  -3.1791885e-02   2.0599766e-01  -3.5009112e-01   1.0057730e-01  -1.7587826e-01  -3.6860601e-02  -3.6236298e-02  -1.5129310e-02  -1.9867967e-01   2.0091949e-01   3.4262594e-02   9.5406442e-02  -2.4390974e-01   6.6548158e-02   4.1923225e-02  -1.0025474e-01  -2.6406379e-01  -2.2242525e-02   1.4839828e-01   2.1855789e-01   1.3571354e-01   2.7276071e-01   9.5889765e-02   1.1822138e-01   1.9628772e-01  -1.6811389e-01  -1.1159352e-01   3.8687495e-02   9.5918985e-02   1.3841288e-01   2.0549941e-01   3.6049266e-01  -1.9927265e-01  -3.6143951e-01   3.3654209e-01   2.6188303e-01  -1.1171223e-01  -7.2981750e-02   4.8492233e-02  -1.0451455e-01  -1.2429019e-01   7.0514954e-02   2.5700094e-01  -9.4835958e-02   2.2094237e-01  -1.0813855e-01   1.5754151e-01  -3.2113709e-01   2.0980994e-01   1.5292784e-01   3.6073295e-03  -3.8624407e-03  -1.5452391e-01  -1.5895371e-01  -1.3162628e-01  -1.5610213e-01   9.7474284e-02  -8.5446403e-02  -1.6984484e-02   1.6979857e-01   1.6715449e-01   3.0463465e-02  -1.8549510e-01  -3.8305749e-01   1.3214004e-01   4.2430880e-01   1.8616665e-01   2.7958437e-01   2.9586096e-01  -1.0146490e-01   1.5479834e-01   1.1018759e-01  -8.5888873e-05   4.1827515e-02   3.6948145e-01   3.2820488e-01  -3.6496596e-02  -1.3066938e-01  -1.3400340e-01  -8.5509574e-02   2.7579650e-01  -2.4374639e-02   3.2235215e-01  -1.7129116e-01  -4.5771266e-02  -1.7264225e-01  -8.8828991e-02  -1.7902646e-01   1.0450490e-01   3.0070846e-01   2.5094461e-02   1.8201025e-01  -1.5872338e-01   1.1010448e-01   7.3620081e-02   9.3868311e-03  -3.1922343e-02   1.6342089e-01   9.8539546e-02  -1.3379182e-01  -1.8144613e-01   1.9284827e-01   9.3096735e-02  -4.8892511e-02  -2.1429684e-01   2.8148626e-01   1.7793008e-01  -3.9198635e-03   2.3561327e-01  -3.7538066e-01   1.8734434e-01   2.2860444e-01  -1.1390984e-01  -1.4421090e-01   1.2727068e-01  -7.8270447e-02  -5.9671740e-02  -1.0790121e-01   1.7240719e-04  -4.4382956e-02   3.5787493e-01  -1.1406937e-01   4.5451577e-01   1.4636627e-01   1.6404366e-01  -1.2694318e-01   2.1135064e-01   1.8072008e-01  -2.3720569e-01  -1.1268380e-01  -3.6099896e-03  -3.0336333e-03  -3.3342429e-02   1.3227193e-01  -6.1287570e-02   3.9421475e-02   1.0173513e-01   1.5105465e-01   1.9230695e-01   2.3508094e-01
   6.3371695e-02   3.0026217e-01  -3.1753772e-01   1.1979996e-01   0.0000000e+00  -1.2901059e-02   2.9156338e-01  -1.1067444e-01   3.6199780e-01  -2.2088623e-01   1.7013918e-01  -9.1000269e-02   2.7404812e-02  -2.2886868e-01  -7.6513384e-02  -3.4742093e-01  -2.2897906e-01   1.6389707e-01   9.3391654e-02   4.2371868e-01  -2.1001214e-01   5.9990951e-03  -1.9475814e-01   2.4756502e-03  -2.2817824e-01   1.6503660e-01   1.0425318e-01  -6.8944885e-02  -4.5302473e-02  -3.0027541e-03  -1.5617912e-01  -1.0699882e-01   7.1610669e-02   2.6475510e-01   1.1642859e-01   3.6707775e-01  -2.9963788e-01  -7.0690429e-04  -6.1759628e-02   6.2718941e-02   2.2016284e-01  -1.6875861e-01   3.6256800e-01   5.6620865e-02   2.7425308e-01  -2.3130609e-01   2.4068098e-01   6.6275225e-02  -1.8265616e-02   5.0756401e-02  -3.1172437e-02   7.0895889e-02   3.7172924e-01  -2.1125715e-01   1.5778010e-02  -4.2925531e-02   1.4581295e-01  -6.7683051e-03   2.1217210e-02  -1.9206345e-01  -1.1055990e-01   2.7465218e-01   1.5361345e-01   2.1267155e-02   3.4354618e-01   1.2523008e-01  -3.8603052e-02   2.5046986e-01   1.3002674e-01  -4.3901894e-01   2.1870168e-01   8.8166243e-02   4.4482691e-01  -2.9145659e-01  -2.4326105e-01   1.4331653e-03  -5.1485589e-02  -1.4671168e-02   6.9600949e-01   1.7100233e-01  -2.0403853e-01   2.2946651e-01   2.6913543e-02   1.1356164e-01  -6.8942311e-02   5.1784291e-02  -2.0155257e-02  -4.9116136e-02   6.0467347e-02  -5.7993802e-02   4.7571589e-01  -2.0949026e-01   1.7127529e-01   3.8536676e-01   5.6027426e-02   5.6486254e-01   8.7609667e-02  -4.5052120e-02   4.4881240e-01  -2.4548891e-01  -3.9400527e-01  -1.1395072e-01  -1.3760270e-01   2.0078284e-01  -3.5270434e-02  -1.5289400e-01  -1.8847764e-01   1.8711506e-01   2.8137595e-01   2.5515304e-01  -4.0053670e-02  -8.9469172e-02  -3.8466596e-02  -7.1518825e-02  -4.5718697e-01   4.0493884e-01   7.1155836e-03   1.9680801e-01  -3.1767181e-01   8.1041184e-02  -1.1384965e-01   5.2495551e-01  -7.8879708e-02   1.6449576e-01  -2.0777484e-01   5.3884241e-02   8.2764232e-02  -1.8767361e-01   3.2359582e-02  -3.4274293e-01   9.4648578e-02   1.4744086e-01   3.6738731e-02  -1.5780186e-01   2.2672584e-01  -2.6789683e-03  -1.2278768e-01  -4.7443419e-01   1.3851570e-01   2.0775019e-01   2.2312241e-01   6.3104817e-02   5.9501489e-02  -2.2226922e-01  -2.7012640e-01  -5.7826502e-02  -1.0396267e-01   3.4585658e-01   1.0559299e-01  -1.7758611e-01  -3.9106146e-01  -1.2018473e-01  -1.3237626e-01   6.7077777e-02  -2.0503516e-01   6.3256810e-02  -8.8892638e-02   6.2516007e-02  -1.9050700e-01   1.7292491e-02   1.2078043e-01   1.3619359e-01   1.0268250e-01   1.2923641e-01   9.6630834e-02   6.3428928e-02   1.3479752e-01   9.0280974e-03  -1.3676952e-01   2.7279700e-01   5.1908455e-01  -1.5787945e-01   4.7413535e-01  -1.5480515e-01  -1.4774904e-01   3.5675524e-02   1.8220133e-01
  -3.8104117e-02  -4.4635234e-02   2.0739158e-01   2.7920567e-01  -1.2901059e-02   0.0000000e+00   4.8100973e-03   1.0886055e-01  -2.5018611e-01  -2.4515412e-01   1.4071346e-01   9.8135210e-03   2.7276394e-02   1.6087594e-01   5.3007346e-02   2.5284469e-01   2.8498834e-02  -9.7401331e-02   1.2609477e-02  -3.3901532e-02   1.5971116e-01   1.9552377e-01   2.7140359e-02  -1.1689911e-01   1.7433319e-01   1.0111841e-01   4.9053121e-02   7.6626411e-02  -1.1266794e-01  -2.5312990e-02   1.8215708e-03   9.0899983e-02   2.7401655e-01  -8.3279378e-02  -2.4210930e-01   1.6371099e-01   1.4163195e-02  -2.7215915e-03   1.2430647e-01  -2.1747717e-01  -2.1750646e-02  -1.8573239e-01  -1.3614586e-01   7.8565437e-02  -2.6201317e-01   1.5709762e-01   3.2382782e-01   1.8015913e-01   1.2406055e-01  -1.8619404e-01   1.0200668e-01   1.0212500e-01  -8.4021805e-02  -3.3522509e-01  -2.3655432e-01   4.2358072e-02   2.7033985e-02   2.0531522e-01  -1.0221734e-01   9.0779568e-02   1.1070046e-01   6.6823455e-02  -2.8170984e-01  -2.2120261e-01   2.6315994e-02   1.8659829e-01   5.7989385e-01   7.8442472e-02   3.0230278e-01   1.9011697e-01  -3.0707255e-01   2.5213517e-01   1.0114823e-02  -7.8645446e-02  -2.4895283e-02   1.2242128e-01  -5.4740288e-02   1.3662885e-01   3.7467950e-02  -8.3076014e-02   1.2134911e-02  -8.7222691e-02  -1.4109582e-01   3.3699981e-01   3.2554156e-02  -1.4416940e-02   1.5491304e-01   1.0908935e-02   1.1592810e-02   1.1670456e-02  -2.7146767e-01   3.4863187e-02   1.4330499e-01  -1.8598945e-01  -1.7021286e-01  -1.6672482e-01   1.9619003e-01   4.0667280e-02  -5.7264797e-02  -2.1006855e-01  -2.0921593e-01  -5.6550560e-02   3.2627363e-01  -1.0945893e-01   1.6611997e-02   2.6317787e-01  -1.8531272e-02   2.6262231e-01   6.1767014e-02   2.0771119e-01   1.1463977e-01   3.5317710e-01   1.1674093e-01  -4.2888235e-02  -1.4162536e-01   5.2261289e-02   8.3134219e-02  -9.1951762e-02   2.8971430e-02   2.3749846e-01  -6.1096713e-02   9.3946486e-02  -1.1410921e-01  -3.4905095e-01   8.8501189e-02   4.6579532e-02   8.5410919e-02  -1.0980471e-01   6.6138993e-02   1.6601339e-01  -8.1006078e-03   5.4660454e-02   1.2836967e-01  -4.6774701e-02   6.6693672e-02   5.7216735e-02  -9.2755568e-02  -9.4608346e-02   2.2851604e-01  -1.9472135e-01  -2.3284642e-01   9.4880494e-02   1.7713431e-01   4.5645727e-01  -2.0852470e-01   1.1957035e-01  -3.7677263e-01   8.1275206e-02   2.5380738e-01  -2.4853303e-01   1.9591471e-01   3.6013127e-01   9.2369630e-02  -2.5462312e-01  -4.5581349e-03  -6.5656126e-02   6.6892868e-02   1.0027260e-02   1.3854028e-01   3.7101654e-01   1.8430794e-01  -2.9726349e-02  -2.5647281e-01   1.9127301e-01   1.8917012e-01  -1.8203548e-01   1.8250101e-01   8.8620776e-02   1.6283024e-01  -1.2173760e-01   1.9339142e-01  -5.2675605e-02  -1.6209069e-01   4.6163223e-01   9.0337826e-02   1.7628704e-01   7.2695702e-02
  -2.6523916e-02   9.8973339e-02  -2.6707549e-01   4.8250178e-02   2.9156338e-01   4.8100973e-03   0.0000000e+00  -2.6658181e-01   5.3149023e-02   2.0538127e-02  -4.4110721e-02   1.8236394e-01   2.1000765e-02   9.6798390e-02  -1.3070671e-01  -2.0695759e-01  -2.5565564e-02   1.8049870e-01  -8.0738911e-02   3.2102857e-01  -6.9965104e-02  -3.5480847e-02  -7.8251941e-02  -1.7579142e-01  -2.0245845e-01  -1.8931250e-01   2.9272463e-01  -1.9193547e-01  -7.1563657e-02   5.8474515e-02   7.6333415e-03  -5.0580332e-02  -5.2857096e-02   2.9244159e-01   2.5041244e-01   5.4277566e-02   1.5805592e-01  -9.0312857e-03  -2.3521789e-01   4.6578534e-02   4.2912740e-02  -2.2105399e-02   3.5764966e-01  -3.6838253e-02   3.3260782e-01  -2.1712101e-01   7.3921738e-02   3.4562122e-01   8.2719326e-02  -5.3670735e-02   1.1555376e-01  -2.1007267e-01   2.1761003e-01   4.1672573e-03  -1.2290881e-01  -2.1464336e-01   2.0122421e-01  -2.5174882e-01   5.6670659e-02   3.7274652e-02  -2.3549057e-01   1.8796866e-01  -1.6125257e-01   3.1639085e-02   1.3034062e-01   1.9653786e-01   1.1037379e-01  -5.9105341e-02  -1.1959906e-01  -2.5520782e-01   1.3776694e-02   4.9612049e-02   8.1494953e-02  -3.5372498e-02   7.9494938e-02  -3.9001731e-02  -2.2894700e-01  -1.0620433e-01   2.3966992e-01  -2.7512735e-02  -7.2504427e-02   1.2136807e-01   7.4147446e-02  -1.1337359e-01   6.3339254e-02   1.7328518e-02   2.5681557e-01  -1.1309819e-01  -1.9645947e-01  -1.1766404e-01   1.7984727e-02  -2.5301725e-01   2.3148748e-01   1.9593387e-01  -6.3942452e-02   7.9371629e-02   4.5259491e-02  -1.7056529e-01   1.6737380e-01   1.3987527e-01  -1.0021659e-01   7.6841265e-02  -9.9425541e-02  -2.1972000e-03   1.0224698e-01   9.2536715e-02   3.5272229e-02  -3.6730974e-02   4.8058208e-01   4.9675907e-02  -8.8803891e-02  -1.5017185e-01  -3.1360799e-02   8.5603124e-03  -2.0512906e-01   1.4760716e-01  -2.7164531e-01   9.5306557e-02   4.1751775e-02  -6.4335359e-02  -1.9570370e-01   1.7846753e-01   1.3629801e-01   5.8586850e-02  -2.8676828e-01   7.4451801e-02   2.4510089e-01  -3.7735406e-02  -1.3558059e-01   8.2715181e-02   1.7446771e-02   2.1046322e-01  -8.7280015e-02  -1.6017411e-01  -3.9681236e-02  -1.4899136e-01  -1.0395008e-01   2.1209059e-02  -6.0506058e-02   1.2078542e-01   2.5836501e-02   1.0414647e-01   4.6510670e-03   3.7170174e-02   4.1035103e-02   4.6988045e-02   2.5774150e-01  -6.4026478e-02   8.8470720e-02   1.2688916e-01  -4.4048409e-02  -7.4072667e-02  -9.9957143e-02  -1.5461974e-01   4.3612482e-02  -2.0921282e-02  -1.3919987e-01   1.3550391e-01  -1.3299890e-01   7.6979579e-02   2.2181763e-01  -1.1500153e-01   6.3145440e-02   7.6425065e-02  -1.1206463e-01   2.2845003e-01   2.0310602e-01   4.5253014e-02  -5.4732645e-02   1.1132543e-01   1.4085117e-01  -2.9752241e-01   8.7016635e-02  -6.5227618e-02   5.4794445e-02  -8.3239068e-02  -5.1674960e-02
   6.5946055e-02   3.8063694e-02   1.7575167e-01   4.7790683e-04  -1.1067444e-01   1.0886055e-01  -2.6658181e-01   0.0000000e+00  -8.6334078e-02  -4.9419165e-02  -1.7048249e-01   1.5105755e-01  -1.2138658e-02  -2.6429807e-02  -2.2896205e-02   2.1820198e-02   5.3129053e-02  -1.9756723e-01   3.5656888e-01  -3.4908661e-01  -3.5527569e-02   2.6785106e-01   8.7198667e-03  -1.7590455e-01   3.8054326e-02   2.3485087e-01  -2.4715837e-01   1.0024838e-01   5.4954057e-02   5.5316962e-02  -9.8045653e-03  -1.0727321e-01  -2.5356927e-02  -1.9732920e-01   5.3676923e-02  -1.8094780e-01  -2.3523414e-02  -4.8721950e-01  -1.6430640e-01  -1.1447598e-01  -2.5311716e-02  -8.1628237e-02  -4.1598867e-02   2.6215853e-01  -1.8372538e-01   1.6271998e-01  -8.7382600e-02  -1.7252821e-01   2.1147850e-03  -1.4529076e-01  -1.1617816e-01   3.8833823e-01  -1.1401430e-01  -8.9717729e-02  -7.9851641e-02   6.1220434e-02   1.8920165e-01   3.7543398e-01  -1.8189002e-01   1.6699178e-01   8.6822871e-02  -2.2132456e-02   6.0896851e-02   5.6682996e-02   2.3501724e-02  -2.3871241e-01   9.4278433e-02  -2.0738188e-01   1.4460014e-01   2.3606565e-02  -3.9704768e-02   3.2941189e-02   6.7925307e-03   8.6927447e-02   1.3646059e-01   3.3917671e-01  -2.4034740e-02   2.2191501e-01  -6.5016402e-03   1.0109023e-02   4.5318647e-02  -2.0551902e-01  -1.3448349e-01   3.4473873e-01   6.2270277e-02   1.3111951e-01  -8.7235727e-04  -6.8522179e-02  -4.5925172e-02  -3.1689196e-02  -3.1595817e-03   4.2303453e-02   1.9495508e-02  -5.2236442e-02  -3.0846066e-01   1.4167573e-01  -4.8199390e-02   3.7212095e-01   4.3717031e-02  -1.4274823e-02  -3.0730407e-02   1.1405515e-01   8.8805603e-02   1.3954031e-01   3.3329915e-02   2.0861095e-01  -8.3034752e-03   3.9637593e-01  -1.9545698e-03  -2.3721320e-01   1.0379262e-01   1.3270156e-01   6.8029008e-02  -1.6837559e-01   3.5720724e-02   9.7087203e-02   2.7228080e-01  -1.2671927e-02  -2.4753427e-03   6.2718928e-02  -4.4311956e-02  -1.0647082e-01   1.8296672e-01  -1.5353259e-01   1.3261549e-01   1.3209727e-01  -6.3996019e-02  -2.2993099e-02   2.4106447e-01  -1.7463821e-01  -2.0944303e-02  -1.6403097e-01   2.4738550e-01  -1.3623503e-01   1.2974568e-01   3.6080608e-01  -1.4247751e-01  -2.9308067e-02   3.3445303e-01  -3.0744909e-01  -2.8855666e-01   1.0135959e-01   2.8988828e-01  -1.4319618e-02  -5.6070887e-02   2.1193389e-01   7.4645864e-02  -6.8298398e-02  -4.6834294e-02   8.0003903e-02   1.3906247e-01   3.7457998e-01  -3.3504158e-02  -3.0510769e-01  -1.5633180e-01  -3.1470258e-01   1.1085443e-01  -2.2939316e-01   4.1580971e-02   3.5255816e-02  -8.7278510e-02   1.7385308e-01  -6.9794566e-02  -1.4261957e-01   1.8358687e-01  -2.2451762e-01   8.3228205e-02   9.1655111e-02  -4.0348991e-02   2.0592379e-02  -9.2305695e-02  -7.6123517e-02  -1.3227944e-01   6.9886800e-02   5.8523110e-02  -3.6843290e-02   3.3767068e-01
  -5.6212525e-02   3.4714464e-01  -4.4366631e-01   6.6314993e-02   3.6199780e-01  -2.5018611e-01   5.3149023e-02  -8.6334078e-02   0.0000000e+00  -1.6410976e-01   1.0931917e-01  -8.1796281e-02   7.8839717e-02  -1.7482059e-01  -1.6200308e-01  -2.3146339e-01  -1.2830263e-01   1.3431803e-01   9.0454699e-02  -5.7195395e-02  -1.1663074e-01  -2.4904427e-02  -2.0629886e-01   1.4079068e-01  -9.2058890e-02  -4.3205765e-02  -7.6325933e-02  -3.2790873e-01   1.0618270e-01   2.4054564e-01  -5.6994060e-02   3.5758139e-02   1.8186183e-02   1.3416740e-01   2.3787767e-01  -1.6203547e-02   5.1047360e-02   9.8949748e-02  -9.2279830e-02  -3.6727675e-02   1.5016940e-01  -3.1453054e-01   2.5236610e-01  -7.4077341e-02   1.7937362e-01  -1.0951811e-01  -8.2326926e-02   7.9990939e-02   9.9688544e-02  -7.8241978e-02  -1.2321962e-01  -3.9267079e-02   3.3709636e-01  -1.5059164e-01   2.6042033e-01  -1.6303786e-01  -1.5829707e-02   2.8227618e-02   3.2129792e-01   5.9840214e-02  -6.1611226e-03   1.7046068e-01   3.7717752e-01   2.6061740e-01   4.5182451e-01   1.5973935e-01  -1.4301977e-01   3.2964008e-01   9.6613061e-02  -4.9847109e-01   3.3970327e-01  -5.7469356e-02   1.2886656e-01  -1.8243654e-01   1.1004159e-01  -1.0624672e-01   1.9722354e-01   1.0132072e-01   2.5923319e-01   1.7473830e-01  -4.4028928e-01   2.9696781e-02  -7.2875437e-02   2.7476141e-02  -2.8116556e-03   9.9982760e-02   8.0960737e-02  -1.0568449e-01   1.4997981e-01   1.5150111e-01   2.7625869e-01  -1.0538035e-01  -3.1092147e-01   5.8304700e-01   1.6592462e-01   3.1786647e-01   7.7619867e-03   4.8883973e-02   3.4836172e-01  -2.3803426e-01  -1.3223527e-01  -3.3116396e-01  -2.5802327e-01   5.1957462e-01  -1.2858576e-01  -1.0831338e-01  -3.2134778e-02   9.4963953e-02   1.1748530e-02   9.1777788e-02  -2.5720533e-01  -2.7206572e-01   1.1586243e-02  -1.6922362e-02  -3.9621985e-01   3.7176932e-01  -5.7587061e-02   1.0481114e-01  -3.3314136e-01  -1.4691501e-01   1.6554586e-01   1.6547529e-01   3.7762184e-03   4.0438067e-01   1.0356374e-01  -1.1682809e-01  -1.2144930e-01  -1.1899346e-02   4.2768854e-02  -3.8232394e-01  -1.1180141e-01  -1.0428770e-01   2.4831944e-01   1.4369136e-01   1.6837830e-01   1.1823963e-01  -1.0041014e-01  -1.1316469e-01   5.6549763e-02   2.5468690e-01   1.9370845e-01   4.9394034e-02  -9.2750553e-02  -3.8794029e-01  -3.1337009e-01   4.8762908e-02  -9.2116747e-02   2.6081912e-01  -3.3437202e-02   2.6314539e-01  -5.2953368e-01  -9.6148620e-02  -3.5018134e-02   4.3006335e-01  -1.6353225e-01   1.7901956e-01   2.4328233e-02   1.2122484e-01  -2.0980765e-01  -2.3287739e-01   2.0158395e-01   1.5796008e-02   2.8941231e-01   1.8675270e-01  -1.4057440e-02   3.9641182e-02  -2.3667456e-01  -9.9123306e-02  -8.8669885e-02   2.6720638e-01   2.2020709e-01   1.6133598e-01   4.2030885e-01  -2.3973987e-01  -5.0724365e-02  -1.7985350e-01   9.6949643e-02
   2.2245070e-02  -2.3351363e-01   6.0866114e-02  -2.0778873e-01  -2.2088623e-01  -2.4515412e-01   2.0538127e-02  -4.9419165e-02  -1.6410976e-01   0.0000000e+00  -1.1248023e-01  -6.7402402e-02   1.4448197e-02  -2.5149913e-01   8.0634690e-03   1.5935702e-01   2.4095361e-01   1.8701972e-02  -1.0411797e-01   1.7447964e-01  -8.3337602e-03   9.4820087e-02   2.0271663e-01  -1.7550005e-01  -2.1527558e-01  -2.0335001e-01   2.6867217e-01   4.9835129e-02   5.0579015e-02  -1.6871225e-01  -8.5331301e-02  -9.3899479e-02  -3.0408475e-01   1.4661555e-01   3.8500896e-02   4.7391554e-02   7.6509103e-02  -5.1132157e-02   4.7668881e-02   2.6697148e-01   6.5566465e-02   2.1251718e-01  -5.0268772e-02  -1.2342064e-01   2.4638138e-01   8.5494537e-03  -2.8783592e-01  -1.9628017e-01  -1.2128628e-01   1.0959717e-01   2.1947206e-02  -6.1628724e-02  -1.0555105e-01   8.3886817e-02  -8.1294047e-02   4.5760330e-02  -5.3165487e-03   2.8059912e-02   7.7645603e-02  -2.7826062e-02  -5.7982125e-03  -8.7542975e-02  -5.6857655e-02  -3.6309380e-02  -1.5996496e-01   3.2796696e-02  -2.4935725e-01  -2.0665574e-01  -2.8183489e-01   2.4943926e-01   6.9869795e-02  -1.8344033e-01  -9.5797260e-04  -7.5456591e-02  -7.2992912e-02  -7.3807390e-03  -1.0430992e-01  -7.6999633e-02  -2.3827257e-01  -6.0268802e-02   4.0998454e-01   1.1938711e-01   1.0388275e-01  -2.3157103e-01  -2.6301420e-01   4.7202689e-02  -2.1673479e-01  -2.3903969e-01  -1.8865074e-02  -5.5624056e-02  -7.9185336e-02  -8.0585478e-02   2.0191549e-01  -1.7883737e-01  -1.6098354e-01  -1.2140717e-01  -1.5286355e-01  -1.0589897e-01   1.5719264e-02   4.9234614e-01   4.1389318e-01   1.1843352e-01  -8.5148755e-03  -2.0983258e-01   1.9927178e-02  -1.1162834e-02  -1.9529033e-01  -1.8593089e-01  -5.3869684e-02  -2.1444076e-01   1.0453082e-01  -1.3303908e-01  -5.7172226e-02  -3.2815707e-02   4.9437812e-01  -3.0422309e-01  -5.1759938e-02   1.4103544e-01   2.2934431e-01  -9.6746879e-02  -2.2074584e-01   3.7603800e-02  -1.5785974e-01   1.2067210e-02  -1.7237783e-01   1.0625928e-01   2.4540739e-02  -3.6379240e-02   4.9569349e-02   2.9132334e-01  -6.1935610e-02   1.6788344e-01  -3.2842548e-01   2.2842396e-01  -2.1852589e-01  -1.4594891e-02   2.7782276e-02   3.0454814e-01  -1.4318354e-01  -2.5726621e-02  -7.4554217e-02  -5.6861561e-02  -2.2724304e-02   8.4691459e-03   3.5904036e-01  -1.0638504e-01   3.7387053e-01  -2.9381112e-01  -8.5586073e-03   2.0908590e-01   7.1403491e-02  -5.6913271e-02  -1.7784755e-01   9.5713930e-03   2.9612685e-01   7.0746530e-02  -1.7240929e-01   7.6998978e-02   2.8822371e-02  -1.0962143e-01  -2.9715650e-01   9.7283634e-02   3.8596107e-01  -1.5646623e-01  -7.8970360e-03   3.4692905e-01   2.6827804e-01   1.2462562e-02  -9.4696220e-02  -4.1312467e-01  -2.7175937e-01  -2.4194869e-01  -1.6687081e-01   5.2283476e-02  -3.9024293e-02  -7.0908162e-03  -4.9693631e-02
  -2.1169532e-01  -2.1912049e-01  -2.0396786e-01   1.7563380e-01   1.7013918e-01   1.4071346e-01  -4.4110721e-02  -1.7048249e-01   1.0931917e-01  -1.1248023e-01   0.0000000e+00  -4.4983489e-01  -2.6208325e-02   5.8343279e-02   3.5934284e-02   4.0365704e-02  -3.0189460e-01   4.5584549e-01   9.7874686e-02  -2.5360236e-01   1.5666865e-01  -4.7965908e-03   2.6143138e-01  -2.4231173e-02   4.4711068e-02  -5.3505669e-02  -2.7429340e-01   9.1184720e-02   4.1420782e-02   1.3493275e-02   2.6451820e-01   1.9595217e-01   8.7244773e-02  -1.3482421e-01  -2.1565417e-02   3.5925555e-01  -2.0955856e-01   1.2978736e-01   8.7995955e-02  -3.3507719e-01  -1.0337534e-02  -2.0785403e-02  -2.2613661e-01   1.0660149e-01  -1.7299977e-04  -1.6494235e-01   5.9716952e-01   8.2081915e-03   3.5167015e-03  -1.3676746e-01   3.7625169e-01  -1.5278137e-01  -1.3486782e-01  -2.6477923e-01   3.1958118e-02   1.1980178e-01  -6.1305107e-02  -3.0755560e-02   2.4125971e-01   9.3586105e-02   1.3142950e-01   9.4232804e-02   1.1936758e-01   1.0285123e-01   6.6071092e-02   1.2576717e-01  -1.7340822e-01   1.8094934e-01   1.8697636e-01  -1.9120560e-01  -1.9869157e-01   2.8162236e-01   2.6473682e-01  -1.0256319e-01   3.8978367e-03  -2.9393028e-02   1.2011114e-01  -1.1545800e-01  -1.2956766e-01  -7.9133407e-02   4.9418077e-02   1.8613070e-01  -1.6578306e-01   1.0315149e-01  -3.3665013e-01  -2.9622671e-03   2.1643236e-02   6.6199566e-02  -8.2419577e-02  -7.6372905e-02  -1.2158978e-01   4.1066346e-02  -3.8189881e-02   2.8709815e-01   2.0817808e-01  -1.8099168e-01  -1.7256639e-02   9.3490404e-03  -7.7355664e-02  -1.1634592e-01  -2.3311093e-01   8.0497204e-02   1.1457927e-01   1.7213391e-01   7.2198796e-02   1.5688961e-01  -2.5613209e-01   2.1901800e-02  -3.8021333e-02   2.2169172e-01   9.9922979e-02   1.7877335e-01   1.2979038e-01  -8.2825240e-02  -9.8453483e-02  -2.5401338e-02  -1.1327266e-01   8.9826999e-02  -2.3397333e-01   3.3228905e-01   8.6155745e-02  -3.1315041e-02  -1.8126954e-01   1.6127121e-01  -1.6301101e-02   2.6356797e-01   1.0682718e-01  -1.8568037e-01   6.8640039e-02  -1.3320089e-01   7.3195483e-02   2.6367898e-01  -3.1193443e-02   1.7853462e-02   6.6177243e-02   1.2740931e-01  -1.5335383e-01   3.4956473e-02  -3.4709990e-02   8.3342688e-02   2.2896558e-01  -1.0818565e-01   1.3898565e-01  -1.8698929e-01   1.2289059e-01   2.1036557e-01  -4.3184615e-01   1.8360950e-01   2.9568945e-01  -2.8731061e-01  -2.3964717e-01  -3.6948947e-02  -3.0273530e-02   2.6038987e-01  -3.4708753e-01   1.1069754e-01  -5.8966108e-02   2.8399302e-01   1.6999398e-02   1.8727665e-01  -1.2066414e-02   3.5977660e-01   8.0644406e-02   3.2115886e-01   2.0386073e-01  -2.2478697e-01   6.5316384e-02   4.7954648e-02  -1.3255780e-01  -1.1675016e-02   9.8719990e-02   1.7567592e-01   3.8462155e-01  -1.1840186e-01  -1.4157511e-01   9.4689832e-02   9.7045905e-02
   1.6195121e-01   4.0104881e-01   3.6516841e-01  -2.7774810e-01  -9.1000269e-02   9.8135210e-03   1.8236394e-01   1.5105755e-01  -8.1796281e-02  -6.7402402e-02  -4.4983489e-01   0.0000000e+00  -1.3421741e-01   2.3428017e-02  -4.9826918e-02   9.9148685e-03   2.8070225e-01  -2.7421228e-01   6.0705983e-02  -1.2239687e-01  -1.7727305e-01   7.2489256e-04  -3.6797929e-01   1.9115649e-01  -3.8435522e-02   4.5823706e-02   1.9371555e-01   1.8559314e-02   1.4090925e-01   8.3964861e-02  -1.7748213e-01  -8.8715031e-02   4.0115929e-02   6.1981444e-03   1.4145770e-01  -2.6532031e-01   5.2852487e-02  -8.5376476e-02  -2.5387125e-01   1.0719404e-01  -2.5028746e-01   3.5875687e-02   3.5679358e-01  -1.5047145e-02  -2.8282626e-02   3.1425229e-01  -2.5802081e-01   1.7538237e-01  -2.5216904e-01   1.2567487e-02  -2.0067716e-01  -9.5003417e-02   2.0072041e-01   2.3495943e-01  -1.4849903e-01  -1.5421281e-01   9.8960407e-02  -6.6346686e-02  -2.7785851e-01   2.0864153e-01  -4.1030214e-02  -7.0683223e-02   1.1617081e-01   5.9605406e-02   2.2798098e-02  -4.2533430e-02   2.0696492e-01  -1.0082154e-01  -6.0033132e-02   3.2598155e-01   1.5756402e-01  -1.4453107e-01  -2.1137221e-01   3.4304226e-01  -1.0897515e-02  -2.2893164e-01   5.6574162e-02   2.3073149e-01   1.5409040e-01  -6.4371431e-02  -1.9234933e-01  -3.0161646e-01  -1.3543440e-01  -7.6188554e-02   4.0363642e-01  -3.4931108e-01   1.1398161e-01   1.2768424e-01   1.2548522e-01   1.4857141e-01  -1.1091877e-01   2.2462867e-02   1.7912454e-02  -1.3278545e-02  -2.4396827e-02   9.2729188e-02  -6.2173148e-02   6.4897263e-02   4.3320693e-02  -2.1614369e-01   1.2718349e-01   1.0202659e-01  -8.4318420e-02   7.1224946e-03  -1.7209636e-02   1.8072053e-02   4.6119179e-02   1.8785806e-02  -3.8591397e-03   3.7846633e-02  -9.3763098e-02   3.9526558e-02  -7.2622880e-02   1.0146595e-01  -8.6725600e-02   1.9110534e-01  -1.6644632e-02  -2.5317505e-01   1.4373016e-01  -1.6954879e-01   7.8229869e-02  -4.9773756e-02   2.3655598e-01  -1.5539033e-01   1.6265637e-01  -3.7741448e-02   9.5896869e-03  -6.7772437e-02  -1.1384121e-01   1.4426066e-01  -9.0765563e-02  -2.8950419e-01   2.6480909e-01  -2.4009296e-01  -7.1575196e-02  -1.9463483e-01   5.9090066e-02  -1.8262369e-01  -2.7279520e-01  -1.4734123e-01  -6.6742383e-02   1.7755223e-01  -1.2908442e-01   2.8359191e-01  -2.8111296e-01  -1.1380847e-01   2.5137405e-01   3.3282581e-02  -2.3035957e-01   1.7966202e-01   3.1511821e-01   1.5615568e-01   1.4731298e-01  -2.8134101e-01   2.3873991e-01  -2.1870812e-01   1.9010160e-01  -2.4240167e-01  -2.0260621e-02  -1.5948286e-01   1.8320187e-01  -2.4938297e-01  -1.5520980e-01  -7.7357091e-02  -1.8246296e-01   2.0154399e-01   6.8346266e-02   4.7549471e-02   3.0461956e-01  -1.6727085e-01  -2.1498070e-02  -5.0766288e-02  -8.0485424e-02   2.7947541e-01  -1.0947362e-01  -1.1330667e-02  -6.6385758e-02
  -4.2405165e-02  -1.4462690e-01  -5.4696601e-03   1.8060107e-01   2.7404812e-02   2.7276394e-02   2.1000765e-02  -1.2138658e-02   7.8839717e-02   1.4448197e-02  -2.6208325e-02  -1.3421741e-01   0.0000000e+00  -7.6253280e-02  -1.3990871e-01  -3.8649229e-02   2.9867768e-02   1.0236400e-01  -2.6951801e-01   2.2450500e-01   1.2872452e-02   1.0491830e-01   1.1525848e-01  -1.4871922e-01   9.4315386e-02  -2.2431733e-01  -1.7156758e-01  -1.4989779e-01   1.5512759e-02  -1.6941672e-02  -3.3248171e-02   1.1296386e-02   1.1961034e-01  -2.8500097e-01   7.6255456e-02   2.3972731e-01   9.4034755e-02  -7.7537585e-03   2.3810415e-01   6.2009214e-03   5.3988999e-01  -9.2997313e-02  -1.0799776e-01  -1.8307594e-01   4.9014993e-02  -7.2874056e-02   7.3788113e-02  -9.3651876e-02   1.9036204e-01   1.0561147e-01   2.0151047e-01  -2.1297523e-01  -3.8462664e-02   3.1973463e-02   1.7720108e-01  -2.3995301e-01  -1.2467905e-01   6.6188197e-03   1.4284009e-01  -6.3797141e-02   7.0313386e-02  -4.7693034e-02  -2.7586418e-01   8.1989042e-03   2.1546214e-01   1.5549268e-01  -2.7450292e-02   8.7393566e-02  -2.3781721e-01  -3.6133829e-02  -1.3875703e-01   2.2675530e-01   2.7062005e-01  -2.2733278e-01   1.4598100e-01  -8.3679320e-03   8.7389302e-02  -8.8091688e-02  -1.6062995e-01   4.6712911e-02  -1.7017634e-02   7.4737224e-02  -4.0565640e-02   2.7282247e-02   1.2603827e-01  -3.4501858e-02  -8.1177027e-02   1.1931796e-02   1.0319696e-01  -3.0821997e-02   2.8919721e-02   7.5672574e-02  -9.7670317e-03  -5.5006989e-02  -1.4353937e-02  -2.4473427e-02  -3.3284514e-02  -1.8615351e-01  -1.8465996e-01  -2.6693864e-01  -6.7182232e-03  -6.2734830e-02   4.2510087e-02   1.2481600e-01   2.8737071e-02  -9.7921881e-02   2.6389041e-02  -1.8839974e-01   7.7963686e-02   2.2048520e-01  -6.0697914e-02  -1.1627844e-01   3.1273029e-02  -1.2085248e-01  -2.0309667e-01  -1.1797061e-01  -1.4688844e-01   5.7529635e-01  -1.2305436e-01   9.8432963e-02  -9.6507706e-02  -2.2918685e-02   1.5318944e-01  -2.8877620e-02  -1.1110176e-01  -2.4916911e-01   2.5336318e-02   2.1578327e-01   4.3565901e-02   1.3180474e-02   3.0572673e-01   8.8215155e-02  -2.8282435e-01   1.5316872e-01   1.6497865e-02  -1.2063267e-01   1.1523782e-03  -1.4288952e-02  -1.2092960e-01   1.5403827e-01   6.0389599e-02   2.2547450e-01  -7.4679741e-02  -2.2536656e-01   1.5588081e-02   1.1017932e-01  -2.1651481e-01  -1.7767351e-01   1.6306545e-01   5.7522088e-02  -8.5849616e-02  -4.6047784e-02  -1.1597158e-01   4.0863370e-02  -2.9819081e-02   1.4412324e-01  -2.0724595e-01   2.5742774e-01   6.3044693e-02  -9.5181138e-02  -8.8569507e-02   1.7061614e-03  -4.4817666e-03   1.2348052e-01  -2.6137337e-02  -2.2953572e-01   1.1683549e-03  -9.8535827e-02  -9.7368180e-02   1.7593071e-01  -7.9726365e-02   1.2064961e-01   8.9234067e-02  -1.4494051e-01  -5.5372504e-02  -2.4489070e-03  -1.9502349e-01
   1.5502525e-01   7.2899267e-03  -1.0600589e-01   4.5031025e-02  -2.2886868e-01   1.6087594e-01   9.6798390e-02  -2.6429807e-02  -1.7482059e-01  -2.5149913e-01   5.8343279e-02   2.3428017e-02  -7.6253280e-02   0.0000000e+00   3.5785344e-01   3.2968591e-03  -2.1198147e-01   2.8138683e-01  -1.0393368e-01  -1.8321743e-01   4.1302727e-01  -2.4481481e-01   2.5688879e-01   9.2511505e-02   2.9750209e-01  -4.7709831e-02  -2.0500242e-01   5.7722648e-02  -1.3252744e-01   3.3941786e-01   4.6631084e-01   1.7102987e-01   6.6648183e-02  -1.1414173e-01  -9.2174789e-02  -1.9824773e-01   1.1164343e-01  -1.1029374e-01   5.6981952e-02  -2.9588163e-01  -2.8475302e-01  -9.6921888e-02  -1.8144908e-01   1.3507373e-01  -4.0115908e-02  -2.3300699e-01   1.5388023e-01   5.4951806e-01   4.0930649e-01  -3.5059340e-01   1.4090202e-01  -2.5682328e-01   3.3960554e-02   1.3727067e-01   2.8552105e-01  -5.2888113e-02  -8.6142903e-02  -1.6071062e-01   9.9931875e-02   2.3607516e-01  -2.0945803e-01  -4.4027263e-04  -1.6169799e-01   3.5235329e-01  -1.3265415e-01   5.0764251e-03   3.0626491e-01  -5.7785576e-02  -5.6743514e-03  -5.9190196e-02  -3.8938529e-01   4.9901910e-02  -1.1790184e-01   2.0825515e-01   2.5139143e-01  -5.8596814e-02  -2.4166457e-01   4.1479483e-02  -2.0926330e-01   3.9822032e-02   9.7635429e-02  -2.5302000e-03   4.8437244e-02  -4.6484154e-02   3.5915739e-01  -6.6787237e-02   4.5627630e-01   2.3853758e-01  -1.0483875e-01  -2.4796291e-02  -4.1925307e-01  -2.6343810e-01  -1.2785456e-01  -1.9169802e-01  -2.1134235e-01  -3.4269872e-01  -5.2763519e-02   3.4800431e-02  -7.6034794e-02   1.5626728e-01   1.6111837e-01   2.4673765e-01   1.7100467e-01   1.1704481e-01   1.1659217e-01   1.4739304e-01   2.0988802e-01  -1.4039299e-02  -5.1288491e-02   1.1543918e-01   1.9659728e-01   2.0447166e-01   1.0522825e-01   8.6609390e-02   3.6887839e-02  -1.5592283e-01  -1.4013389e-01  -1.6117998e-01   5.0817333e-01   5.9413782e-02  -9.0251957e-02  -4.7767853e-01  -1.2308445e-01  -7.9429270e-02  -2.5916063e-01   2.5362153e-01   3.7773976e-01  -2.2045152e-02  -1.8189326e-01   3.3753380e-01  -4.9351218e-02   2.2994459e-01   3.9634355e-01   1.9827354e-01  -9.7418868e-02  -1.1024706e-01   6.0612862e-02   3.4736255e-01  -8.9941720e-02   1.4904920e-01   3.8944097e-02  -1.1205333e-01   1.1652590e-01   1.5610658e-01   3.9016507e-01   4.5096530e-01  -1.6510214e-01  -1.5762920e-01   6.1922758e-02  -6.8781872e-03   2.3215270e-01   1.3093412e-01  -3.1652220e-02  -8.8033525e-02   5.0067083e-02   1.9540689e-01  -1.6476686e-01   6.5998321e-02  -2.8321210e-01   2.7031373e-01   6.6974611e-03  -6.3958566e-02  -8.1321945e-02   1.8371912e-01  -9.2043676e-02  -1.3704724e-02   5.2232074e-03   1.0886242e-01   1.7550700e-01   3.2083489e-02  -3.7549063e-01  -1.2287806e-01  -4.9864827e-02   1.3542199e-02  -6.5614292e-03   2.4785080e-02  -1.7853377e-01
