   0.0000000e+00  -2.3246260e-02  -5.2779598e-02   2.3320725e-01   2.0293198e-01   9.4042800e-02  -6.3940477e-02   1.1545999e-01   2.4193710e-01   2.5198208e-01  -5.1448749e-02  -1.9105432e-01   2.4718759e-01   1.1213262e-01   3.2370771e-01   2.3582861e-01  -1.3966704e-01   6.8590832e-02   2.4484448e-01   1.8806355e-01  -8.9428109e-02   1.5457593e-01   9.6097716e-02   1.5031284e-01  -1.8758027e-01  -7.8265879e-02  -1.7698349e-01  -1.1679894e-02  -7.2429873e-02  -2.9145139e-02   2.3611391e-01   1.7427575e-01  -4.7053983e-02   4.4474415e-02  -9.7200565e-02   1.3241083e-01  -3.8780267e-02   3.2680198e-01   1.3809884e-01  -4.8563745e-02   3.2804243e-01  -2.0021605e-02  -1.0123969e-02   1.7537741e-01   3.0719308e-02   1.8233396e-01   6.0792224e-02  -5.7476474e-03   1.3773553e-02  -2.9860375e-01   1.3615895e-01   1.6467004e-01   1.2889783e-02  -8.2829734e-02   2.8052578e-01   1.4872682e-01   1.1289035e-01   2.1994384e-01   1.2789852e-01   7.2785300e-02   1.0612511e-02   2.6830115e-01   2.0284703e-01   1.7965297e-01   2.1676024e-01   2.0700490e-01   1.3817012e-01  -1.8265365e-02   2.9066502e-02   2.9282100e-02  -2.5582437e-01   6.1443549e-02   3.0755644e-01   9.5401290e-02   1.6015321e-01   1.0105529e-01   2.8860166e-01  -1.1375834e-01   9.7557309e-02   1.2572188e-01   2.8460664e-02   2.4160602e-01   2.3083013e-02  -2.2291600e-02   7.4768825e-02   1.8821950e-01  -4.8327912e-02  -8.1963601e-02   2.0230806e-01   3.6378544e-01   2.3876280e-01  -3.1841729e-02   1.1457967e-01   1.2821922e-01   4.1253955e-01   1.3925300e-01  -8.0263770e-02  -3.7560699e-02   1.6163457e-01   1.1862940e-01  -7.0884938e-02   1.2052097e-01   2.3991187e-01   2.1896170e-01   1.5879647e-01   2.6576084e-01   1.0053734e-02   1.2250190e-01   3.7020283e-02   1.4813369e-01   1.4384679e-01   9.7805372e-02   1.4103809e-01   4.5521625e-01  -7.1734441e-02   3.4867680e-02   1.9504909e-01   3.4311193e-01   1.4701559e-01   8.6121897e-02   1.9536307e-01   1.7149756e-01  -5.7086419e-02   2.5730978e-01   1.9129365e-01   1.4412348e-01   2.3624975e-01  -3.0704630e-02   2.5276895e-01  -1.9135851e-01  -5.3367065e-02   3.3806985e-04   2.1148644e-02   1.8488680e-01   1.6298798e-01   2.9264680e-01  -3.6872793e-03   6.6259035e-02   2.8070870e-01   2.3945076e-01   1.7543286e-01  -1.4199723e-02   1.7352504e-01  -2.1012475e-01   2.4827173e-01   3.7611153e-01  -8.7723858e-02   1.9382183e-01   1.7791185e-01  -3.6918166e-02   9.7503921e-02   2.4827272e-01   1.2860353e-01   4.8557859e-03   4.8870449e-02   3.8045478e-01   1.0445685e-01   1.2863563e-01   8.4454790e-02   3.1249961e-01  -2.9419131e-01  -4.1326534e-02   7.2659129e-02   1.1167759e-01   1.9952891e-01  -8.1892450e-02   2.3795862e-01   2.0825590e-01   1.1298895e-01  -6.9753206e-02   3.8095776e-02   2.2959845e-01   1.2717848e-01   5.7085240e-02  -5.7951755e-02  -9.3488115e-02   1.5922888e-01
  -2.3246260e-02   0.0000000e+00   4.4036630e-01   4.2845757e-02   3.9803009e-01  -7.2281346e-02   1.4625659e-02   6.6852235e-02   3.2848190e-01   3.3486168e-01  -3.3564422e-02   4.7429211e-01   1.6716276e-01  -8.9851955e-02   6.1472944e-02   2.6232464e-01   4.3947714e-01  -2.5431667e-02   1.0301936e-01   4.0875548e-01  -2.7959151e-02   4.1573980e-02  -8.9531825e-02  -2.2311506e-01  -1.2275868e-01   1.2797891e-01   1.4085830e-01   6.0794840e-02  -3.3498927e-02  -8.9819079e-02   1.2453582e-01  -2.2921162e-03   1.2703747e-01   6.1255388e-02   2.8397803e-01   3.0846296e-01  -5.9834416e-02   5.4552953e-02   1.5184170e-01   4.4955343e-01   2.3537683e-01   9.4927559e-02   2.3524096e-01  -1.7442123e-02  -1.3071845e-01  -1.4128651e-02   1.7554247e-01  -4.1342013e-02  -7.4771338e-02   3.0620786e-01   7.2062137e-03   4.7365838e-02   5.0564148e-01  -5.8033574e-02   9.6766155e-02  -2.4732014e-02  -2.4212148e-02   1.4042102e-01   1.3913676e-01   1.8158811e-01   3.9025775e-02   5.0837138e-02   2.0562434e-01   3.7591521e-01   2.4530545e-01   3.0478448e-01   1.0076730e-01  -5.1746546e-02  -1.6990721e-01   2.6863738e-02   5.9420509e-01  -5.0577457e-02   2.2354210e-01  -9.2725404e-02   3.0267534e-02  -4.5423584e-02   1.9650480e-01   3.4075630e-01   3.8906061e-01   5.2864312e-02  -2.1475926e-01   2.3497778e-01   8.4385703e-02   3.6231300e-02   2.4839378e-01  -4.8343965e-02   2.7774552e-01  -3.5443769e-01   1.1850173e-01   6.7607458e-02   3.7012854e-01  -2.6095610e-01   2.6284446e-01  -1.8047599e-02   2.2705144e-01   3.4470629e-01  -1.0273455e-01   1.6819774e-02   1.8681491e-01   6.5340049e-02   6.1101856e-02   1.0434450e-01  -2.7656115e-01   4.1780045e-01  -2.3316835e-01  -1.5317219e-02  -4.1242407e-02  -1.1884309e-01   3.4703193e-02  -1.8134278e-01   3.5793650e-01  -1.4592331e-01  -1.3295113e-02   8.9282231e-02  -1.2109107e-01   3.2677332e-01   7.5746164e-02   3.5831696e-01  -9.6513938e-02  -8.1247488e-02  -1.4962699e-01   3.8418007e-01   7.6885907e-02   2.4792723e-01  -8.6343583e-02  -1.8871287e-01  -1.6198284e-01   8.0734499e-02   3.6114118e-02   1.3613712e-01   2.0004344e-01   3.1381341e-01   4.7228947e-01   1.5946519e-01   1.6281563e-01   1.7660750e-01  -5.9081509e-02  -5.4919371e-02   2.7220966e-01   6.5691633e-03  -3.0122545e-02  -1.3883608e-01  -2.7021170e-01  -2.0022983e-01   1.4301472e-01   1.8082892e-01   4.0472160e-01   1.7620923e-01   6.2855663e-02   1.6791564e-01  -3.9991542e-02  -1.9678715e-01  -3.6504668e-01   1.5877331e-01   6.7324200e-01  -1.2805886e-01  -1.9246950e-01   1.9302591e-01   2.0241058e-02  -1.5774664e-01  -1.0853558e-02  -3.7023541e-02   3.1256743e-01   3.4129040e-02   1.0278294e-01   2.9228841e-01   2.2681958e-01   8.2342054e-02  -1.5262210e-01   2.2982419e-01   3.4967950e-01  -2.0089348e-03   1.9151333e-01  -1.9018701e-01  -2.8378447e-01  -2.0478981e-01   1.2957130e-01
  -5.2779598e-02   4.4036630e-01   0.0000000e+00   1.9137307e-01   2.4886353e-01   7.2387824e-02  -1.8506081e-01   1.2573569e-01  -7.4394223e-02   3.3894708e-01   3.8858540e-02   6.5064396e-02   1.6537770e-01  -2.2276305e-01   1.7016331e-01   1.3245006e-01   7.0693580e-01   1.9924682e-01   1.1164836e-01   3.3968956e-01  -2.2478789e-02   2.4184406e-02  -1.6803894e-01  -1.2566702e-01   1.3867226e-02  -8.5239785e-02  -1.8923860e-03   4.6339801e-02  -4.0207379e-02  -1.3064811e-01   1.3854547e-01   2.5808434e-01   3.6085563e-01  -4.6121845e-02  -8.9641720e-02   2.7456701e-01  -9.6100833e-02   2.2139026e-01   7.8783976e-02   3.8948011e-01   1.3686957e-01   1.1837025e-01   1.0999067e-01   4.7656421e-02  -1.0602553e-01   1.3684598e-01   2.2385321e-01  -1.2830351e-01  -4.5287527e-02   4.5097812e-01   4.6923674e-02   1.3081308e-01   2.8732408e-01   2.9599725e-01   6.1172354e-02   2.0167043e-01   2.4347858e-02   2.0904072e-01   1.3259877e-01   7.3644145e-04   4.4625325e-01   6.4648414e-02   2.9158656e-01   2.1040741e-01   5.2576984e-02   1.1601487e-01   8.2356402e-02   1.0506580e-01  -9.3523787e-02   1.9181955e-01   2.2157882e-01   1.0174668e-01   6.9673835e-02   2.1177506e-01  -7.5005203e-02   9.6849420e-02   3.8081107e-01   1.3417051e-01   2.1408163e-01   8.5461027e-02  -1.7015156e-01  -5.7819018e-02   2.3230880e-02  -4.7498644e-02   3.9703942e-01  -1.7916233e-02   1.7707543e-01  -5.7427472e-02   1.1401648e-01   7.4215688e-02   2.2357203e-01   1.6521658e-01  -3.7691401e-02  -1.0400923e-01   1.6629706e-01   2.0857069e-01  -2.1931019e-02   2.2058996e-02   2.8932496e-01  -1.6734468e-03   6.3280810e-02   7.3326106e-02  -1.3480210e-01   7.7511336e-02   3.2533949e-02   2.5285435e-01   1.1998492e-01   1.4255192e-02  -4.0924701e-02  -8.4800779e-02   3.2389170e-01   5.5267714e-03   1.5725964e-01  -1.2100992e-01  -1.0556723e-01   2.1952044e-01   1.5025398e-02   2.2361543e-01   2.4853899e-01   5.2098443e-02   8.1023958e-02   2.6033741e-01   3.5069688e-02   2.0602677e-01   1.5413421e-01  -9.0796217e-02  -6.4875402e-02   2.0843101e-01   2.9283882e-01   1.9832463e-01  -5.0478576e-03   2.3876884e-01   4.1781322e-01   1.5798697e-01   2.9856254e-01   1.4677194e-01   1.5913137e-01  -7.3250285e-02   1.7858763e-01  -5.4923381e-02   8.8683606e-02  -2.0680361e-01  -2.8413945e-01  -1.9835695e-03   2.3064233e-01   1.7508134e-01   1.5098993e-01   1.9361013e-01  -6.4991798e-02  -8.8700501e-02   6.7056054e-02  -5.4246157e-02   7.7722359e-02   1.1902179e-01   3.7757203e-01  -2.5962530e-02   1.2585583e-01   7.9392026e-02   2.3708934e-01  -3.8599382e-02   7.0651057e-02   1.5309787e-02   1.3171036e-01   1.7306406e-01   1.7612750e-01   1.7963846e-01   1.2924712e-01  -2.3013181e-04   2.1363452e-01   3.9448863e-01   2.6569591e-01   6.4102170e-02   3.7366138e-01   1.1686190e-02  -1.5593772e-01   5.8476455e-02   1.9404609e-01
   2.3320725e-01   4.2845757e-02   1.9137307e-01   0.0000000e+00   6.9209996e-01   2.6824314e-02  -1.0868762e-01   5.2396435e-01   5.3507423e-02   2.4939619e-01   2.3236054e-01  -1.7017685e-01   5.2289620e-01  -1.7577282e-01   3.2351791e-01   5.3227503e-01   1.6738215e-01   4.9556208e-01   1.4796841e-01   5.6281297e-01   1.2462752e-01   5.1274184e-01  -7.8221972e-02  -6.1480120e-02   9.2121700e-02   2.6946605e-02  -1.8325789e-01  -2.4962963e-01   1.6966011e-01  -8.4697463e-03   2.1948809e-01   7.2280369e-01   4.2002820e-01  -3.0932232e-03  -2.4319773e-01   4.9330022e-01   7.2069523e-02   1.1333399e-02   3.8219670e-01  -1.7127683e-01   4.9409936e-01   3.2105714e-01   2.8133095e-01   1.4723909e-01   2.8905963e-01  -3.8627117e-01   4.0640109e-01  -1.0004033e-01   4.1970100e-01  -2.1411628e-01   5.0626868e-01   4.2626944e-01   1.5910854e-01   3.6914835e-01   1.0008680e-01   1.4422219e-01   6.9973163e-02   5.9938056e-01   6.0651247e-01   8.4549997e-02   3.7285681e-01   5.2994623e-01   3.8759226e-01   2.2897775e-01   2.7139850e-01   4.4106591e-01   1.7644669e-01   4.4268390e-01   2.9278922e-01  -2.1110230e-01  -2.7946929e-01   6.8954300e-01   5.4251256e-01  -1.7464925e-01   2.4210718e-01   5.0005948e-01   7.7112937e-02   3.0340901e-03   4.2997570e-01   3.9826817e-01  -9.4028842e-02   2.2687295e-01   2.5855483e-01   1.9734272e-01  -7.5321204e-02   4.2668536e-01  -1.3225793e-01   8.7652340e-03   1.1980318e-01  -1.7271553e-01   5.0905867e-01  -1.1617031e-01   1.9876640e-01   2.0743345e-01   1.6232324e-01   4.3491540e-01   5.3468817e-01   1.0133289e-01   6.5133001e-01   6.8121597e-02  -3.7988762e-01   1.7842100e-01   2.0375619e-01   1.8010324e-01   4.8341285e-01   6.7733147e-01   3.4715955e-01   3.4616827e-01   2.0271736e-01   4.3394574e-02   3.0819314e-01   4.4412144e-01   6.3477840e-01  -2.8974578e-02  -4.9133296e-01   3.9588420e-01  -4.0276082e-03   4.0530318e-01  -2.2755494e-01   7.1152054e-01   5.6903232e-02   4.0237226e-01   2.5942152e-01   3.8435927e-01  -2.8310824e-01  -1.7806120e-01   3.7872741e-01   5.4467346e-01   7.1307627e-01  -3.6074669e-01   2.7553867e-01   4.1372806e-01   1.6775346e-01   2.1276345e-01   6.4684806e-01   3.6267814e-01   2.1242898e-01  -1.9975963e-01   3.3195632e-01   1.9240497e-01   1.8342016e-01   1.0478855e-01   2.3125214e-01  -4.5754347e-01   3.7177310e-01   4.9367363e-01  -2.9646909e-01   2.5006601e-01   1.8666034e-01  -1.3192217e-01  -3.8091677e-01   2.1360666e-01  -4.1018271e-02   3.2996690e-01  -1.0254837e-01  -1.3200859e-01   1.2402056e-01   5.4621688e-01   1.7568795e-01   4.1548184e-01   2.7025172e-01   1.9600089e-01   2.6132698e-01   5.5642319e-01   6.5484358e-01   3.5734673e-01   1.6444245e-01  -2.2946949e-01   1.7224996e-02   4.3169094e-01   2.2333349e-01  -1.4161381e-01   5.9138008e-01  -3.1691071e-01  -1.2058389e-01   1.2286694e-01   5.1954515e-01
   2.0293198e-01   3.9803009e-01   2.4886353e-01   6.9209996e-01   0.0000000e+00  -6.1750743e-02  -1.8738615e-01   3.9656717e-01   1.6789527e-01   4.1633325e-01   2.3357133e-01  -1.2930891e-02   6.3656143e-01  -2.9974018e-01   1.9324192e-01   4.6871010e-01   2.3098636e-01   4.4076516e-01   5.8413562e-02   8.4076266e-01   7.3718951e-02   4.5674625e-01  -1.6495965e-01  -1.7524618e-01  -7.8544406e-02   7.5822765e-02   1.0241571e-01  -3.5626262e-01   3.1406332e-02  -5.7040864e-02   2.5495170e-01   5.2881906e-01   4.1362489e-01   1.2205947e-02  -2.5711392e-01   7.2863864e-01   1.3233384e-01  -7.3865727e-02   4.1548769e-01  -5.8311184e-02   6.5971724e-01   3.1159578e-01   4.5817627e-01   2.7871380e-01   3.1677695e-01  -4.0573517e-01   6.1594396e-01  -2.8856460e-01   3.2323636e-01  -2.3233581e-02   4.2045880e-01   4.0162279e-01   4.0365329e-01   1.5988067e-01  -6.1784755e-02   1.1883128e-01  -5.2119786e-02   5.2639752e-01   5.2958197e-01   2.8073021e-03   1.9558158e-01   4.6624356e-01   3.8675963e-01   4.2274869e-01   4.1725486e-01   5.3014296e-01   7.4289902e-02   3.2069615e-01   2.5051475e-01  -2.4314705e-01  -3.2688342e-02   5.1897242e-01   5.7120277e-01  -3.5429723e-01   3.1118143e-01   2.8956855e-01   6.7115748e-02   1.9708722e-01   7.2335403e-01   4.3408638e-01  -2.9402876e-01   4.6551904e-01   4.2198782e-01   9.7941970e-02   8.0100170e-02   2.3804713e-01  -8.0095649e-02  -2.5653390e-01   1.9853726e-01  -1.6156699e-01   7.7421367e-01  -3.6989157e-01   3.5371036e-01   1.1978101e-01   1.5251462e-01   6.8649182e-01   5.5195312e-01   6.3173864e-02   7.3758446e-01   3.0769263e-02  -4.2904989e-01   1.6694144e-01   1.4954657e-01   2.6333377e-01   2.6018503e-01   5.2068501e-01   1.7190304e-01   2.6929100e-01   3.0147632e-01  -5.2632861e-02   4.1485950e-01   1.9827817e-01   4.6474948e-01  -1.5820644e-02  -5.9529236e-01   6.5450371e-01  -2.9916413e-02   6.0944611e-01  -2.2737176e-01   4.6052940e-01  -1.1153720e-01   7.1942778e-01   2.0427635e-01   4.7502144e-01  -3.6434118e-01  -4.2621276e-01   2.5206288e-01   4.4007127e-01   6.1079894e-01  -3.2777101e-01   3.2839075e-01   5.9007844e-01   2.8530742e-01   1.8114717e-01   5.4397760e-01   4.1010279e-01   1.6593171e-01  -3.0549451e-01   3.9301541e-01   4.0928234e-02   4.4622813e-02   2.0772331e-01   8.1703601e-02  -5.5398759e-01   3.0646265e-01   5.1675446e-01  -1.6479515e-01   4.8745472e-01   1.8144525e-01  -4.3542547e-02  -3.7890518e-01  -2.3638091e-02  -2.8864193e-01   2.9745491e-01   1.6590289e-01  -2.0039679e-01  -1.3312260e-01   4.8800738e-01   2.2592582e-02   1.6077208e-01   1.7997804e-01   9.5056691e-02   4.7496433e-01   4.0845025e-01   4.9463447e-01   5.0537494e-01   2.9481272e-01  -1.6416197e-01  -2.4929578e-01   5.0169730e-01   3.9686984e-01  -1.6221875e-01   6.0590010e-01  -4.5346412e-01  -2.2913226e-01   8.3130353e-02   4.2841570e-01
   9.4042800e-02  -7.2281346e-02   7.2387824e-02   2.6824314e-02  -6.1750743e-02   0.0000000e+00   3.2469417e-01  -1.0626523e-02   4.2180637e-03  -3.9718846e-02   1.4865618e-01   6.9976517e-02  -1.4574427e-01   1.0439485e-01   1.7586915e-01   2.6528654e-01   4.2988471e-02  -9.3724757e-02   1.6758435e-01  -5.8142316e-02   3.6100618e-01   1.4909863e-01   3.4104609e-01   7.6516481e-02   1.1102224e-01   7.5890446e-02   5.0882627e-03  -7.3880293e-02  -5.5594682e-02   4.7243089e-01   7.9921706e-02   9.9259984e-02   4.9507751e-02   3.4229883e-01   2.4643182e-01   1.1519355e-01   2.1425113e-01   1.2720632e-02  -2.4831241e-01   4.5079062e-01  -1.0496429e-01  -9.6961590e-02  -6.7062945e-02  -1.4320244e-01   1.2055582e-02   3.9714578e-02   7.5407549e-02   4.7960142e-01  -9.3852750e-02  -1.4726487e-01   1.8789975e-01  -4.0397742e-02   6.7058574e-02  -1.5025553e-01  -1.2940703e-01   1.4161774e-01   4.3176113e-01   1.2444555e-02   7.5482760e-02   2.3716512e-01   1.3815665e-01  -8.8343751e-02  -2.4391439e-01  -1.7440577e-01  -1.7690035e-01   1.6701834e-02   6.0959196e-01  -2.9991834e-01   1.2554136e-01   1.1420003e-01   6.6840215e-02   2.0594516e-01   2.7627049e-02   3.3585549e-01  -4.1079967e-01   8.6828614e-02   1.1892100e-01  -2.3029782e-01  -2.1725093e-01  -1.6057895e-01   3.5318457e-01  -8.5053572e-02  -4.1812065e-02  -4.4276212e-02   1.1944565e-01   9.6294278e-02   6.5163889e-02   1.6181749e-01  -3.3131772e-03   1.4566222e-01  -1.1909596e-01   2.4370466e-01  -5.6647706e-03   2.4023637e-01  -8.5002282e-03  -3.0621308e-02  -1.9157258e-01   8.3508258e-02   7.1213435e-02   1.4774265e-01   6.0868876e-02   2.0351088e-01   1.8905419e-01   1.8464854e-01   2.9811571e-01   1.5806172e-01   3.8045959e-02   2.7806854e-01   1.4159686e-01   2.3652965e-01   2.8459208e-03   2.4717308e-01   4.7117403e-02  -7.2381957e-02   2.5628493e-02  -3.2436850e-02   1.7883925e-01  -3.2765044e-02   1.5710926e-01   1.6105404e-01   1.2365698e-01  -4.8568999e-02  -2.1873199e-01  -6.4328302e-02  -4.2700776e-02   4.5256558e-01   4.4859978e-01  -1.6152366e-02   2.8611373e-02  -7.1254216e-02  -5.1066294e-02   6.4947249e-02   1.4963875e-01   5.3857585e-02   1.0911395e-01   3.8917665e-02  -1.0123743e-01   3.4233469e-01   1.2911347e-01   7.6850767e-02   1.9549317e-01  -2.6475156e-01  -7.8450287e-02   9.0114884e-02   7.8144910e-02   2.9663216e-02   1.9292892e-01   1.7670089e-01   2.9195653e-01  -9.3725073e-02   1.5114231e-01   1.2735426e-01   1.7980272e-01  -5.6133126e-03   1.7443651e-01  -1.5725606e-02   9.2761324e-02   9.3196917e-02   3.5162607e-02   2.2944983e-01  -1.6633367e-01   5.7452599e-02   1.4133652e-02   1.3983425e-01   1.0996804e-01  -5.5383424e-02   7.8441337e-02   2.1363292e-01   8.6184649e-02   8.5416944e-02   2.3370997e-01  -2.1527752e-01   2.1779120e-01   1.8283265e-01  -1.5956887e-01  -2.0076116e-01   1.7042348e-01
  -6.3940477e-02   1.4625659e-02  -1.8506081e-01  -1.0868762e-01  -1.8738615e-01   3.2469417e-01   0.0000000e+00  -2.0205164e-01   2.7318429e-01  -2.6622927e-01   1.6099338e-01   2.4895223e-01  -2.2974492e-01   1.0265733e-01   5.2666606e-03   1.5199764e-02  -9.0203062e-02   6.9567797e-02  -2.2083573e-01  -2.4995157e-01   3.7946825e-01  -3.4028193e-01   4.9852043e-01  -3.9290471e-02  -1.6581635e-02  -1.7960878e-01   1.9924145e-01   2.8593715e-01   1.1009457e-01   2.3500369e-01  -1.7601711e-01  -1.4529418e-02  -2.9287386e-01   4.7486970e-01   3.5138652e-01  -1.0124362e-01   1.4858397e-01  -1.3050545e-04  -7.4769950e-02   1.9463983e-01  -1.9140868e-01  -2.0253454e-01  -2.7194281e-01  -1.8865726e-01  -1.7911493e-01   2.9661409e-01  -8.6939300e-03   5.9503020e-01  -1.2149705e-01  -2.8796986e-01   2.6163151e-01  -2.0462289e-01   2.0925301e-01  -2.1077145e-01  -3.7329951e-02  -2.1715968e-02   1.4619279e-01  -3.4814061e-01  -5.5706848e-02   3.5165766e-01  -2.1388777e-01  -1.2736711e-01  -2.5313210e-01  -2.4597013e-01  -1.9655277e-01   9.5165687e-02   8.3623771e-02  -1.7069552e-01   1.3432684e-01   4.7889827e-01   1.2922583e-01   1.7301489e-01  -4.1464692e-02   3.6645431e-02  -3.7651270e-01  -3.7195282e-02   7.1687455e-03  -6.5337963e-02  -2.9960035e-01  -4.7409854e-01   3.3148668e-01  -7.9252427e-03  -9.7267469e-02  -1.6168502e-01  -1.0793951e-01   2.1772144e-01  -1.1866165e-01   2.0327300e-01  -1.7676131e-01   7.5663400e-02  -1.1407114e-01  -1.3119604e-01   1.7409495e-02   3.3462569e-01  -2.1637515e-01  -2.5038735e-02  -1.9508627e-01  -3.1598022e-01  -1.5280866e-01   2.4695745e-01   6.9074438e-02   1.3354699e-01  -1.5145630e-01   2.1317756e-01   3.4391598e-01  -1.4878719e-01  -2.9353746e-01  -1.2136208e-01   1.1671106e-01   3.0545138e-01  -1.4611390e-01   1.9560638e-01  -4.7926068e-02  -5.1923839e-03   2.1611096e-01  -1.7250375e-01   5.4374605e-02   5.5413770e-02   5.4100067e-02   4.6089497e-02   2.3699306e-01  -1.4940310e-02   8.9375031e-02   4.6470300e-02   2.2458192e-01   4.0218178e-01   4.0455081e-01  -3.2906708e-01  -2.3086803e-01   2.7346838e-01  -1.6996376e-01   3.1101294e-02  -1.8418850e-01  -1.5462706e-01  -7.2595376e-02  -2.2784734e-01  -5.2441863e-01   4.0836374e-01   9.6300628e-02  -2.7187332e-02   3.1506003e-03  -2.8208081e-01   4.1598280e-02   1.8505123e-01   9.8729109e-02  -1.9401422e-01   6.1567049e-02   1.2795446e-01   5.7263697e-01   2.2126306e-03   1.6916042e-01  -1.4980903e-01   7.3744500e-03  -1.1818351e-01   1.2473718e-01   1.5800628e-01   2.4615525e-02   6.1795326e-02  -1.6003804e-01   7.0562088e-02   1.4033408e-01   8.1881144e-02   6.6163859e-02   1.2871951e-01  -2.0658279e-01  -1.7291668e-02  -9.1435759e-03   1.1372072e-01   1.3965380e-01  -2.5235957e-01   3.3613283e-01  -1.1321418e-01   2.1215149e-02   5.2898684e-02   6.0348622e-02  -4.6463774e-01  -2.7703528e-01
   1.1545999e-01   6.6852235e-02   1.2573569e-01   5.2396435e-01   3.9656717e-01  -1.0626523e-02  -2.0205164e-01   0.0000000e+00  -7.1517905e-02   3.2699642e-01   2.4356006e-01   1.0898239e-01   3.0186681e-01  -2.6252182e-01   2.0550708e-01   3.6514005e-01   1.6845335e-01  -1.6519020e-03   2.9242542e-01   3.9233975e-01  -2.7242383e-01   4.9393794e-01  -2.9052120e-01   1.2027431e-02   8.3784958e-02   4.8071069e-01  -2.9634665e-01  -1.2710649e-01   2.5914332e-01  -3.3834155e-02   2.7739702e-01   4.8354000e-01   4.6012859e-01  -5.4622279e-02  -2.2190461e-01   3.7799910e-01  -9.1369211e-02   2.0881175e-01   2.6865485e-01  -7.9094880e-02   2.4202464e-01   2.3062018e-01   2.2827872e-01   3.0184026e-01   1.5326934e-01  -3.2236028e-01   3.0335417e-01  -1.7363594e-01   1.0929324e-01  -3.5376283e-03   1.5267749e-01   6.3908875e-01  -9.1273608e-03   2.5480761e-01   5.9186159e-02   4.8961893e-02   3.8692900e-02   5.5307988e-01   3.5893260e-01  -1.5270552e-01   2.1574446e-01   2.5778576e-01   2.4383313e-01   3.0738913e-01   1.8950035e-01   1.9066418e-01   2.3752534e-01   1.0740663e-01   2.3779074e-01  -4.4265049e-01  -1.2062732e-01   3.8820629e-01   2.7656039e-01  -1.5822304e-01   2.4980943e-01   5.0903424e-01   1.6274712e-01  -4.8655360e-02   3.2068188e-01   3.0493592e-01   4.2000212e-02   2.0645595e-01   1.5802912e-01   3.9164126e-01  -1.2332257e-01   3.4522605e-01  -8.7793987e-02  -5.9598440e-02   2.2483764e-01  -1.6945711e-01   2.5093299e-01  -9.4752145e-02   2.3425363e-01   1.4415245e-01   2.8813952e-01   2.3413009e-01   1.7924319e-01   4.8390601e-01   2.8512777e-01  -6.3288068e-02  -1.6666139e-01   2.0689935e-01   1.4274115e-01   3.2048540e-02   1.7620827e-01   5.2357584e-01   2.0126810e-01   3.3544762e-01  -4.5960838e-02  -9.9990721e-02   4.1597261e-01   2.8799137e-01   1.8250103e-01   2.7891438e-02  -4.3046381e-01   2.3381442e-01   2.4997907e-02   1.0521675e-01  -2.7017431e-01   4.4947756e-01   1.0775521e-02   2.9855275e-01  -9.2040430e-02   1.7513151e-01  -2.1903500e-01  -4.1550079e-01  -1.5253474e-02   3.0455301e-01   5.0280327e-01  -5.5605852e-01   3.7511885e-01   1.9390748e-01   5.8435440e-02   5.7622662e-02   5.2863912e-01   4.2897936e-01   2.5281937e-01  -2.5459761e-01   3.6214751e-01   1.4993008e-01   8.2280626e-02   8.1458853e-02   1.7978661e-01  -5.8083162e-01   1.3572656e-01   2.3965010e-01  -9.2120010e-02  -2.1165549e-02  -9.5942275e-02  -1.4024833e-01  -4.8909264e-01   3.1956475e-01  -5.5977011e-02   4.4113454e-01  -1.3535978e-01  -2.8285016e-02   2.2859473e-02   3.3223339e-01   1.5092622e-01   3.4421737e-01   1.0375631e-01   2.4567960e-01   8.6683159e-02   1.9175465e-01   6.3216809e-01   1.4855110e-01   7.3638539e-03  -1.4570375e-01   1.4755921e-02   2.5203868e-01   1.7948036e-01  -5.0041946e-02   3.7605700e-01  -3.1725231e-01  -1.2445712e-01   5.8835100e-02   6.2603711e-01
   2.4193710e-01   3.2848190e-01  -7.4394223e-02   5.3507423e-02   1.6789527e-01   4.2180637e-03   2.7318429e-01  -7.1517905e-02   0.0000000e+00   1.0803806e-01   1.9382216e-01  -1.1477701e-02   2.3590489e-01   9.3483082e-02   3.0115568e-01   2.7846844e-01  -7.5273790e-02   2.3551202e-01  -2.3686924e-02   1.2541566e-01  -1.7338275e-02  -6.4000085e-02   1.9006492e-01  -3.7071550e-02  -2.0744412e-01  -8.9444196e-02   1.5258620e-01   1.4603422e-01  -6.4611433e-02   6.6952353e-02   1.3816979e-01   6.6951239e-02  -2.6297178e-02   2.1317520e-01   1.0777649e-01   1.0806894e-01   3.8609722e-02   3.4933336e-02   2.1350198e-01   1.7068741e-02   2.7871358e-01   2.4645458e-02  -5.8131215e-02  -3.2164001e-03  -6.7228960e-02   9.1925165e-02   1.2469205e-01   7.7392723e-02  -9.6915932e-02  -1.5558547e-01   2.0340072e-01  -7.0276964e-02   2.6074907e-01  -4.3226221e-02   1.9271842e-01   7.0687519e-02   9.6887521e-02  -8.6983579e-04   1.8326996e-02   4.0385486e-01   5.0235343e-02   1.7280106e-01   9.5765855e-02   3.0425370e-01   3.4683307e-01   2.9036380e-01   8.1925568e-02  -6.1080772e-02   7.0750765e-02   1.9221171e-01   1.1098791e-01   1.1541028e-01   2.1616152e-01   7.1882284e-02   1.4867451e-02   2.8421925e-03   1.8402194e-01   4.8145758e-04   5.7657079e-02  -1.4440120e-01  -1.4093418e-01   1.4825837e-01   1.0006305e-01  -1.2970730e-01   9.9858336e-02   1.7697725e-01  -2.7346228e-02  -1.5112469e-01   1.1518134e-01   2.8560813e-01   1.9730945e-01  -7.7390622e-02   2.7795429e-01   2.7480734e-01   2.2187796e-01   2.3957570e-01  -4.2935510e-02  -2.8904413e-01   5.7123929e-02  -1.2519089e-02  -5.1984917e-02   3.8864967e-02  -2.7203123e-01   5.6844808e-01   1.0862365e-01  -1.4554958e-02   1.0515060e-01  -1.1054594e-01   2.6201935e-01   7.5158357e-02   6.6496929e-02  -5.6499302e-02  -1.5913714e-02   1.3056408e-01   1.7164057e-01   6.7436106e-02   3.4298956e-02   3.1248854e-01  -2.4654479e-02   7.1197747e-02   1.2786901e-01   1.8281268e-01   1.3080783e-01   3.4945646e-01   1.3031626e-01   2.1281500e-02   1.5250315e-01  -6.9261903e-02  -1.1901199e-01   3.5202329e-02   3.2618272e-02   1.2994159e-01   8.7591892e-02   1.5047618e-01   1.4717523e-01   2.3392035e-01  -2.5424044e-01   9.8586418e-02   2.2946754e-01  -5.0140563e-02   2.5087339e-01  -7.9205918e-02   2.9594519e-02  -1.0743138e-01   3.0801484e-01   1.6518281e-01   2.0772725e-02   4.9118972e-02   2.5430625e-01   1.2422768e-01   2.2870819e-01  -2.6259086e-01  -1.7664441e-02  -7.0686238e-02   1.7237787e-01   2.1116573e-01  -4.7823936e-02   2.3084696e-01   1.7746039e-01   8.4954440e-02   8.4580458e-03   5.2639008e-02   2.8678384e-02   9.5495502e-02  -5.3139395e-02  -1.2645985e-02   2.1780975e-01   7.1322919e-02  -7.5899726e-03  -1.0498570e-01   8.4219479e-02   6.2908395e-02   8.0636664e-02  -2.0604587e-01  -1.7851255e-01  -3.6216877e-01  -5.3467462e-02
   2.5198208e-01   3.3486168e-01   3.3894708e-01   2.4939619e-01   4.1633325e-01  -3.9718846e-02  -2.6622927e-01   3.2699642e-01   1.0803806e-01   0.0000000e+00   3.4532453e-02   8.6061352e-02   3.4172010e-01  -1.2098530e-01   3.0195373e-01   2.4031800e-01   2.5439757e-01   1.8215704e-01   2.0383065e-01   5.5944425e-01   6.7381931e-02   1.9943926e-01  -6.3500853e-02  -1.8852760e-01  -6.6672268e-02   1.3148635e-01  -9.4578849e-02  -1.6432435e-01   1.1051224e-01  -2.2153457e-01   5.5153150e-01   1.6789413e-01   1.1233396e-01   4.3330935e-02  -5.3752851e-02   3.8761246e-01   1.9868563e-01   2.2667762e-01   3.3952333e-02   1.4013044e-01   3.6309983e-01   1.5635773e-01   2.0662273e-01   1.7737765e-01   3.8221029e-01  -1.6158958e-01   2.0173331e-01  -2.5182709e-01   2.4336075e-01   1.0697788e-01   1.7104657e-01   2.2175031e-01   3.7909726e-01   1.4909486e-01   7.1948059e-02   5.7367378e-02  -1.3151293e-01   3.4356581e-01   2.8673156e-01  -8.4386449e-02   9.5862700e-02   3.8113267e-01   2.1792995e-01   4.7907498e-01   3.8452239e-01   5.0724175e-01   1.1069284e-01   1.2764283e-01   1.0498921e-01  -2.2401332e-01   1.1861184e-01   2.2510200e-01   4.0969796e-01  -1.1704062e-01   1.4161806e-01   1.5515844e-01   2.2691919e-01  -2.9227793e-02   5.0545104e-01   2.5121968e-01  -3.2493972e-01   3.9358663e-01   2.7703782e-01  -2.2276039e-02   2.8832496e-01   7.9220624e-02   2.4522036e-01  -5.1585340e-01   2.0570483e-02   1.0711354e-01   4.0761351e-01  -1.2018554e-01   3.9547268e-01  -2.0388051e-01   2.3256260e-01   4.7385360e-01   7.7280420e-02  -3.0161263e-02   4.1077308e-01   3.3845918e-01  -1.1708428e-01   3.7761181e-01   7.0150962e-03   3.1467332e-01  -4.0600836e-02   2.5808936e-01   1.0666763e-01   4.1512562e-02   2.8577980e-01  -2.2083866e-01   5.5857504e-01  -7.4459832e-02   1.3011806e-01   9.5051865e-02  -2.1049006e-01   4.3273884e-01  -2.1217707e-03   4.3801945e-01  -8.3238522e-02   2.6037979e-02  -1.8930511e-01   5.1966382e-01  -8.0279085e-02   3.3988607e-01  -4.9560812e-02  -3.1119152e-01   1.1598679e-01   3.2109940e-01   3.6905657e-01  -2.7783401e-01   1.8098676e-03   4.2775172e-01   3.3612602e-01   3.7707990e-01   4.0845797e-01   3.9036114e-01   2.5808835e-01  -1.6925087e-01   3.0128110e-01   4.4167060e-02   1.0279267e-01   5.2038063e-02  -8.4631709e-02  -3.4345974e-01   3.2172964e-01   4.2919673e-01   2.9821621e-01   1.9079478e-01   5.1616326e-02   2.8060433e-01  -1.0736009e-01  -5.1001493e-02  -7.1863402e-02   2.9352131e-01   1.5141827e-01  -3.6774234e-02  -1.7550664e-01   2.2902933e-01   1.1591123e-01   6.7878612e-03  -3.8670843e-02   4.1871001e-02   4.4773328e-01   9.3165817e-02   2.7564389e-01   3.7652322e-01   2.8803455e-01   2.0533299e-02  -1.0753670e-01   4.4181436e-01   3.0472548e-01   5.3089070e-02   3.7106436e-01  -4.3727853e-01   3.8932398e-02   1.0477282e-01   2.1112849e-01
  -5.1448749e-02  -3.3564422e-02   3.8858540e-02   2.3236054e-01   2.3357133e-01   1.4865618e-01   1.6099338e-01   2.4356006e-01   1.9382216e-01   3.4532453e-02   0.0000000e+00  -2.5666248e-01   2.6339601e-01  -2.4217925e-01   4.2060279e-01   2.5514146e-01   1.0703547e-02   3.9070946e-01  -1.5766054e-01   1.5815397e-01   2.0254171e-02   4.2818139e-02   7.7108438e-02  -2.5391970e-01   2.1906666e-02   9.2914570e-02   9.7545194e-02  -1.5631064e-01   1.7689695e-01   1.4944199e-01   2.6421149e-01   2.1921038e-01   2.1410907e-01   3.2791786e-01  -1.7079311e-01   3.0794685e-01  -1.9126453e-02  -9.9282145e-03   2.6095863e-01  -1.0809268e-01   1.8505440e-01   1.1422854e-01  -5.2555755e-02   2.3822744e-01   1.7730821e-01  -1.4164961e-02   5.2146076e-01   7.1724344e-02   1.9747838e-01  -1.5346422e-01   2.7152369e-01   2.4246553e-01   1.0258722e-01   3.5195292e-02  -1.7858713e-02   3.0918883e-01   1.7159720e-01   1.6968997e-01   4.8157232e-02  -1.4885205e-01   1.6625356e-01   2.6965810e-01  -3.9891570e-02   4.5818146e-01   3.2140348e-01   2.5684599e-01   1.1783733e-01   9.5377626e-02   3.8837322e-01  -6.4398812e-02  -2.0067693e-01   3.9322036e-01   1.4863580e-01   1.6746280e-02   1.0385342e-02   3.7017219e-01   1.3027677e-01   1.4391139e-02   1.6606543e-01   1.2828932e-01  -2.8253935e-02   2.2224620e-01   2.9961795e-01   1.8164107e-02  -7.0177720e-02   2.3461326e-01  -2.2319917e-01  -9.6530096e-02   1.5761926e-02   3.3279738e-03   3.1562714e-01  -7.7250130e-02   1.9073224e-01   1.8872528e-01   3.1610261e-02   5.8631814e-02   9.1704458e-02   2.9475933e-02   1.7558514e-01  -1.3101521e-01  -1.9168418e-01   2.0230014e-01   6.2905612e-02   4.6902290e-02   2.6467239e-01   2.2797887e-01   1.3957169e-01   3.4543701e-01   2.0842871e-01   5.6733951e-02   2.0536934e-01   1.9283075e-01   1.1764088e-01  -6.7512084e-02  -1.1546072e-01   1.8384105e-01  -1.7795782e-02   2.4400252e-02  -6.9402702e-02   2.3431844e-01  -1.9855395e-02   2.0071696e-01   2.1969076e-03   3.1469479e-01  -4.9780638e-02  -2.4318341e-01   2.7039516e-01   1.9516629e-01   2.6724789e-01  -2.4624653e-01   1.1959590e-01   2.6074023e-01  -6.6944960e-02   3.1378379e-01   1.6472595e-01   2.6325048e-01  -3.6142676e-02   1.4081007e-01   3.4685456e-01  -3.6645224e-02   6.2119442e-02  -1.4278583e-01   2.1227668e-01  -1.8771491e-01   3.0643449e-01   2.4995845e-01  -2.2258094e-01   2.5917106e-01   2.0606312e-01  -1.8219966e-02  -4.1937717e-02  -4.8288169e-02  -1.9883374e-01   1.9223876e-01  -1.6906791e-01  -6.9560327e-02  -1.7128217e-01   3.1841658e-02   1.1439647e-03   7.0049289e-02   1.8429161e-01   4.0382788e-01   1.1639411e-01   3.6822209e-01   1.1357623e-01   8.5740710e-03   2.4939390e-02  -1.4930482e-01  -2.0863093e-01   2.1278077e-01   1.8723743e-01  -1.1015751e-01   4.3966072e-01  -1.2154404e-01  -3.1046352e-02   3.4114933e-02   1.5535323e-01
  -1.9105432e-01   4.7429211e-01   6.5064396e-02  -1.7017685e-01  -1.2930891e-02   6.9976517e-02   2.4895223e-01   1.0898239e-01  -1.1477701e-02   8.6061352e-02  -2.5666248e-01   0.0000000e+00  -2.5100482e-01  -7.4874932e-02  -2.3134324e-01   1.5523040e-02   2.8531529e-01  -3.3856272e-01   1.7049727e-01   2.1922034e-02  -1.0881180e-01  -6.0976607e-02  -7.3275365e-02   1.0088993e-02  -5.2941351e-02   2.1544279e-01   1.1362432e-01   1.9689555e-01   1.2705559e-01   1.1268344e-01  -2.2421775e-01  -2.4597451e-01  -3.7799109e-02   6.5740104e-02   5.2251092e-01  -5.9868364e-03   3.5503376e-02  -1.6934748e-01  -8.7269028e-03   4.0404361e-01  -2.3639491e-01  -6.0027230e-02   1.6443812e-01  -2.1160000e-01  -7.3869868e-02  -2.3369292e-02  -1.8205423e-01   1.0636864e-01  -1.9413013e-01   3.1562842e-01  -2.1083557e-01  -3.9754836e-02   2.3341834e-01  -3.8168025e-02  -1.3661737e-01  -2.5918685e-01  -5.1433228e-02  -1.1688913e-01  -5.5401250e-04   1.0607235e-01  -2.1353781e-01  -1.5147590e-01   1.2935707e-02   6.3291736e-03  -1.8230582e-01  -1.4593672e-01   9.3917971e-02  -5.4207037e-02  -1.4461520e-01  -6.2888696e-02   5.2002436e-01  -1.2213444e-01  -1.8437715e-01  -1.8694436e-01  -1.3398912e-01   5.0345357e-03  -5.3496894e-02   1.3953822e-01   1.4961516e-01  -1.8213539e-01  -7.0356129e-02  -2.3976034e-02  -7.9313161e-02   2.0164446e-01  -9.2008569e-03  -9.2572677e-02   2.0037974e-01  -5.2763391e-02   5.4405460e-02  -4.0274074e-02  -1.5041317e-01  -1.4806119e-01   1.7928853e-01   2.7901766e-03  -5.9408283e-02   7.1675373e-02  -1.8492742e-01   1.0495723e-01  -9.9395220e-02   4.6195414e-02   8.1753141e-02   3.4652542e-02  -2.6388280e-01   5.4960761e-02  -2.4028822e-01  -1.6774710e-01  -1.3723572e-01  -1.5259201e-01  -1.8530411e-01  -1.3300973e-01   1.5754393e-01  -4.8454070e-02  -1.3536562e-01  -4.9637105e-02  -1.4406823e-02   4.2726661e-02  -1.0903932e-01   5.2201195e-03  -2.6293237e-01  -1.1722607e-01  -1.1637143e-01   1.0918965e-01   5.4562027e-02  -1.8519378e-01  -7.1216928e-02  -2.3594349e-03  -1.9128151e-01  -1.7270014e-01  -2.3049264e-01   3.4866778e-02   1.0894750e-01   1.2385796e-01   8.4671103e-02  -1.7286087e-01  -1.2365959e-01  -6.1390774e-02  -1.6520913e-02  -1.5023581e-01  -5.7126846e-02   5.1231919e-03  -8.8477619e-02  -1.4315108e-01  -2.3784541e-01  -9.3653007e-02  -5.7967531e-02  -1.7615930e-01   5.2236071e-01  -1.2448900e-01  -1.3903569e-02   9.9646138e-02  -1.9505003e-01  -2.0278403e-01  -1.6186837e-01  -2.9870533e-02   3.8780700e-01  -6.0174730e-02  -1.5528591e-01   1.7330904e-02  -1.0780259e-01  -1.4164774e-01   5.2568999e-02   1.4023801e-01   1.7426807e-02  -1.5466315e-01  -2.1097615e-03   2.6867245e-01   9.8145302e-02   2.3432614e-01   1.8168394e-02  -1.3873649e-01   2.4476889e-01  -1.2204597e-01  -5.0594865e-02  -7.1858716e-02  -1.3512027e-01  -1.7021080e-01  -3.0112278e-03
   2.4718759e-01   1.6716276e-01   1.6537770e-01   5.2289620e-01   6.3656143e-01  -1.4574427e-01  -2.2974492e-01   3.0186681e-01   2.3590489e-01   3.4172010e-01   2.6339601e-01  -2.5100482e-01   0.0000000e+00  -2.5534803e-01   2.5360136e-01   4.9145045e-01   1.2162847e-01   4.3179589e-01   7.1481145e-02   5.8782865e-01  -3.5586274e-02   3.1449391e-01  -1.6074071e-01  -1.4341396e-01   1.1904723e-01   1.1452947e-01   2.5612658e-03  -4.3233572e-01   1.8315488e-01  -1.3698023e-01   3.2902693e-01   4.8328367e-01   3.8518054e-01  -9.8847865e-02  -3.0795764e-01   5.2784368e-01   9.3088293e-02   2.7348919e-02   4.8861794e-01  -1.9404057e-01   7.6151207e-01   3.5509798e-01   3.6046534e-01   2.0748730e-01   3.1114231e-01  -4.2740751e-01   5.1518031e-01  -2.4017573e-01   2.2900075e-01  -5.4754694e-02   3.4175253e-01   3.9521448e-01   2.8166677e-01   2.9339424e-01   4.2868657e-02   1.1500579e-01   4.8326146e-02   3.6929170e-01   5.5622696e-01   4.1554599e-02   3.1554218e-01   3.8467055e-01   2.8539608e-01   3.7622311e-01   4.8101926e-01   4.4068765e-01  -2.7463705e-02   2.7034864e-01   1.7505314e-01  -2.6577618e-01  -1.4534675e-01   2.9109328e-01   6.0292857e-01  -1.9580173e-01   2.9750955e-01   3.3406973e-01  -3.3848604e-02   9.3473026e-02   5.0315000e-01   5.4081925e-01  -3.3616478e-01   4.7542617e-01   3.4898219e-01   3.1003117e-02   1.1266901e-01   2.3618078e-01  -4.9474147e-02  -9.7192591e-02   2.3407712e-01  -5.4740259e-02   5.6714976e-01  -7.7033900e-02   2.5779013e-01   7.5975670e-02   2.2023117e-01   5.5288158e-01   4.6371843e-01   1.2605831e-01   5.4788445e-01   8.6414674e-02  -3.6947114e-01   8.1829689e-02  -1.0162606e-02   1.7749971e-01   1.5710336e-01   4.1033620e-01   2.0770846e-01   1.6302888e-01   1.0116647e-01  -1.2143984e-01   3.0717911e-01   5.6102758e-02   3.1958349e-01  -2.8276512e-02  -4.0294503e-01   3.7617451e-01  -7.6500414e-02   4.0182918e-01  -1.9154530e-01   3.4153298e-01  -1.4792815e-01   4.6137458e-01   2.0152773e-01   4.6458611e-01  -4.0794722e-01  -3.2947888e-01   2.2548673e-01   4.3566918e-01   4.6674764e-01  -3.2098776e-01   4.6310461e-01   3.6718678e-01   1.8280605e-01   1.8712531e-01   4.1918687e-01   4.0543731e-01   2.5779659e-01  -2.6720180e-01   2.6950464e-01   1.9648904e-01   1.7619029e-01   2.5872332e-01   1.7197572e-01  -4.1557017e-01   3.3909138e-01   4.4469016e-01  -1.7381505e-01   2.7661442e-01  -3.7678163e-03  -5.4461840e-02  -2.0087447e-01  -9.3136422e-03  -1.9282131e-01   3.3016197e-01   3.8487556e-02  -1.3923051e-01   2.1746940e-03   5.3492994e-01   1.5862278e-01   1.9831435e-02   1.4969420e-01  -6.5819862e-02   2.6632817e-01   2.2173782e-01   3.8248799e-01   2.9938389e-01   1.6390404e-01  -2.3150522e-01  -1.8655584e-01   3.8635171e-01   2.0486299e-01  -5.4769161e-02   3.9583752e-01  -3.8380682e-01  -5.5836198e-02   2.3339173e-01   3.5056177e-01
   1.1213262e-01  -8.9851955e-02  -2.2276305e-01  -1.7577282e-01  -2.9974018e-01   1.0439485e-01   1.0265733e-01  -2.6252182e-01   9.3483082e-02  -1.2098530e-01  -2.4217925e-01  -7.4874932e-02  -2.5534803e-01   0.0000000e+00   1.6435687e-01  -1.1237526e-01  -2.5429944e-01  -1.6673595e-01   9.8413351e-04  -2.7651559e-01   4.0812445e-01  -2.6448985e-03   2.8828384e-01   7.1273965e-02  -1.6367024e-01   4.4536478e-02   4.5721900e-02   1.4483275e-01  -2.0965188e-01   2.5264868e-01   7.9172260e-02  -2.0003467e-01  -7.8462755e-02   1.5086353e-01   2.8158725e-01  -2.7754391e-01   1.0578103e-01   1.7267618e-01  -2.0046649e-01   2.6570100e-01  -4.8859347e-02   4.0420742e-03  -2.3979709e-01   1.0573153e-02  -1.8917413e-01   1.1863345e-01  -3.4891004e-01   4.4869704e-01   6.9307794e-02  -2.3329272e-01  -9.3976025e-02  -2.9852496e-01   1.9003808e-02  -8.6147680e-02   2.7249518e-01   9.2255388e-02   1.1143367e-01  -1.4210710e-01  -9.9108389e-03   1.8420456e-01  -1.2258266e-02  -9.3877809e-02  -1.2513964e-01  -1.3691722e-01  -5.0942349e-02  -4.4359625e-03   2.3236647e-01  -1.8839298e-01  -1.9806374e-01   1.1984378e-01   2.4569193e-01  -2.0826872e-01   2.9419059e-02   3.5516160e-01  -5.3171127e-02  -1.7328451e-01   3.4626927e-02  -2.7877497e-01  -2.6233833e-01  -1.3525597e-01   2.7645271e-01  -1.8396856e-02   6.0497605e-02  -2.8306142e-02   2.0273688e-01  -5.2053917e-02   2.6528644e-01   9.2735377e-02  -6.4560952e-02   3.4184905e-01  -2.1228989e-01   8.4990035e-02   4.3034093e-03   3.1465715e-02   2.3701415e-02  -1.4133635e-01  -2.0022890e-01  -1.2301024e-01  -2.4781983e-01   8.1458356e-02   5.4696166e-01   2.3495231e-01   1.6640644e-01   9.0518762e-02  -1.3513654e-02  -1.9307080e-01   1.0069045e-01  -1.9704733e-01   8.5765696e-02   1.9636860e-01  -1.8857432e-02   3.6997022e-04  -1.1001952e-01   1.0045174e-01   2.5877238e-01  -1.4336465e-01   1.0724457e-01  -3.3024339e-02   2.0442884e-01  -8.1145384e-02  -9.7925639e-03  -2.3289663e-01   1.3615145e-03  -1.2260533e-01   1.3317422e-01   4.0110029e-01   8.1564592e-02  -2.2530949e-01  -2.3572550e-01   2.5997900e-01  -1.7647378e-01  -1.2192941e-01   1.9383423e-01   1.3893865e-01  -1.1413977e-01  -2.4095029e-01  -1.6291253e-01   4.3561866e-01  -1.7067709e-01   9.1703919e-02   1.7640154e-01  -1.5988461e-01  -2.2949121e-01   2.8263238e-01   4.3314581e-02   8.6343483e-02   1.8817928e-01  -7.1848008e-02   4.8078209e-03   3.5269398e-01   3.8522611e-01   1.8642866e-01   1.2438075e-01  -5.3516468e-02   1.1912277e-01   1.7439519e-02  -6.3670482e-02  -2.9812324e-02   1.9579135e-02   1.3344243e-01  -1.0853641e-01   9.8742097e-02  -8.6316144e-02  -9.5090857e-02  -1.2990994e-01  -5.5821585e-03   3.7550283e-02   2.3877164e-03  -2.1673722e-02  -5.3897425e-02  -1.3970828e-01   2.0212764e-02  -3.8282520e-01   1.7277166e-01  -2.8170277e-01  -1.6415334e-01  -8.9283595e-02
